[name]
unknown

[dist]
# distance from previous block
# <min> <max>
0	46

[block]
# block no. 0 follows, 26 sequences, length 14
# corresponding to MSA columns:
# 52-65
name=unknown_A
#
# <colnr> <probs for GDERKNQSTAVLIFYWHMCP>
#	G	D	E	R	K	N	Q	S	T	A	V	L	I	F	Y	W	H	M	C	P
0	0.01725	0.01872	0.08969	0.11953	0.29281	0.04517	0.08100	0.04977	0.01826	0.02487	0.06551	0.02953	0.01960	0.00939	0.00807	0.00248	0.00925	0.08430	0.00456	0.01024
1	0.07790	0.25622	0.13231	0.01528	0.02199	0.02218	0.01492	0.19276	0.04910	0.09841	0.01817	0.01854	0.03485	0.00823	0.00649	0.00212	0.00810	0.00600	0.00544	0.01100
2	0.01521	0.00922	0.01166	0.01043	0.01319	0.00856	0.00803	0.01968	0.06405	0.14662	0.45848	0.05107	0.12468	0.01448	0.00863	0.00241	0.00428	0.01254	0.00835	0.00842
3	0.01658	0.06545	0.58759	0.02014	0.03035	0.01721	0.02525	0.02447	0.01664	0.07207	0.04420	0.01835	0.01301	0.00770	0.00721	0.00236	0.01040	0.00604	0.00388	0.01109
4	0.01788	0.09660	0.15752	0.19813	0.24709	0.04394	0.05922	0.04952	0.01729	0.02331	0.01370	0.01780	0.01078	0.00713	0.00726	0.00229	0.00997	0.00632	0.00367	0.01056
5	0.01750	0.01133	0.01342	0.04351	0.01622	0.01242	0.00987	0.06570	0.15513	0.07780	0.02484	0.03104	0.02032	0.01231	0.01035	0.08294	0.04625	0.06408	0.27632	0.00867
6	0.09430	0.00786	0.00749	0.00737	0.00944	0.00810	0.00560	0.01815	0.01560	0.02888	0.02327	0.02662	0.01828	0.00865	0.00524	0.00183	0.00378	0.00676	0.69559	0.00719
7	0.01414	0.00707	0.00707	0.00707	0.00884	0.00707	0.00530	0.01767	0.01591	0.02828	0.02474	0.02828	0.01944	0.00884	0.00530	0.00177	0.00353	0.00707	0.77554	0.00707
8	0.01265	0.00892	0.01093	0.01011	0.01250	0.00849	0.00768	0.01780	0.08839	0.06670	0.48911	0.05435	0.15281	0.01516	0.00875	0.00243	0.00403	0.01317	0.00815	0.00788
9	0.01048	0.00774	0.00979	0.00928	0.01118	0.00705	0.00696	0.01383	0.02088	0.02901	0.59639	0.05897	0.15817	0.01603	0.00895	0.00241	0.00362	0.01404	0.00816	0.00705
10	0.02150	0.01922	0.02360	0.02556	0.20894	0.06124	0.04303	0.16633	0.28558	0.03208	0.02169	0.02225	0.01654	0.00873	0.00763	0.00238	0.00810	0.00748	0.00618	0.01193
11	0.01298	0.00814	0.01054	0.01001	0.01210	0.00737	0.00747	0.01595	0.01992	0.10310	0.44311	0.17081	0.11615	0.01657	0.00892	0.00252	0.00407	0.01458	0.00813	0.00757
12	0.02289	0.01784	0.01866	0.01518	0.01897	0.05746	0.01184	0.39466	0.02615	0.03465	0.01882	0.02665	0.01662	0.21266	0.01755	0.00376	0.06154	0.00788	0.00622	0.00999
13	0.14108	0.03410	0.50423	0.02068	0.05799	0.06877	0.02361	0.02418	0.01598	0.02526	0.01301	0.01536	0.00950	0.00721	0.00679	0.00235	0.01043	0.00536	0.00352	0.01058

[dist]
# distance from previous block
# <min> <max>
0	28

[block]
# block no. 1 follows, 26 sequences, length 13
# corresponding to MSA columns:
# 94-106
name=unknown_B
#
# <colnr> <probs for GDERKNQSTAVLIFYWHMCP>
#	G	D	E	R	K	N	Q	S	T	A	V	L	I	F	Y	W	H	M	C	P
0	0.06265	0.07920	0.05067	0.01411	0.01927	0.01474	0.03158	0.04805	0.14173	0.27227	0.05772	0.09734	0.02288	0.01059	0.00746	0.00236	0.00657	0.00883	0.00726	0.04472
1	0.06470	0.01883	0.04639	0.06318	0.18895	0.07944	0.09414	0.04032	0.01728	0.07363	0.03632	0.01920	0.01343	0.00824	0.00980	0.00232	0.11176	0.00667	0.00449	0.10090
2	0.02116	0.02071	0.07754	0.03616	0.43626	0.08115	0.05023	0.02644	0.04882	0.10297	0.01665	0.01945	0.01292	0.00735	0.00751	0.00228	0.00934	0.00679	0.00458	0.01168
3	0.01745	0.01499	0.04748	0.05473	0.02125	0.01295	0.04245	0.07466	0.01772	0.05781	0.03685	0.01949	0.01423	0.00745	0.00759	0.00174	0.05413	0.00592	0.07923	0.41190
4	0.01099	0.00855	0.01148	0.01117	0.01292	0.00818	0.03774	0.01490	0.06739	0.02447	0.27673	0.30014	0.11407	0.05262	0.01055	0.00292	0.00470	0.01607	0.00730	0.00711
5	0.02883	0.02125	0.02276	0.01745	0.02352	0.02352	0.01442	0.66082	0.03566	0.04780	0.01821	0.01821	0.01290	0.00911	0.00759	0.00228	0.00835	0.00683	0.00759	0.01290
6	0.01377	0.00710	0.00721	0.00721	0.00877	0.00710	0.00522	0.01689	0.01533	0.02668	0.02464	0.03079	0.02040	0.09419	0.00923	0.00243	0.00398	0.00754	0.68472	0.00678
7	0.02787	0.02077	0.02222	0.01726	0.02316	0.02307	0.01418	0.60099	0.09706	0.04625	0.01943	0.01918	0.01389	0.00922	0.00760	0.00230	0.00812	0.00700	0.00760	0.01281
8	0.69831	0.01446	0.01191	0.01039	0.01522	0.01632	0.00856	0.02402	0.01395	0.11146	0.01284	0.01391	0.00946	0.00732	0.00504	0.00235	0.00594	0.00452	0.00525	0.00877
9	0.01181	0.00889	0.01107	0.01032	0.01245	0.00871	0.00780	0.01776	0.10789	0.03059	0.59566	0.05289	0.06514	0.01481	0.00878	0.00241	0.00390	0.01303	0.00827	0.00780
10	0.00993	0.00764	0.00890	0.00914	0.01095	0.00687	0.00677	0.01215	0.01741	0.02243	0.21019	0.14702	0.33819	0.08401	0.01189	0.00311	0.00447	0.07536	0.00713	0.00645
11	0.00969	0.00730	0.00897	0.00942	0.01091	0.00658	0.00673	0.01197	0.01772	0.02355	0.27606	0.31387	0.23037	0.01962	0.00923	0.00269	0.00396	0.01729	0.00750	0.00658
12	0.01992	0.07260	0.02191	0.01743	0.01971	0.13416	0.01419	0.12707	0.01798	0.02360	0.01547	0.08540	0.01481	0.01322	0.03376	0.00296	0.32134	0.00768	0.02780	0.00897

[dist]
# distance from previous block
# <min> <max>
0	4

[block]
# block no. 2 follows, 26 sequences, length 12
# corresponding to MSA columns:
# 111-122
name=unknown_C
#
# <colnr> <probs for GDERKNQSTAVLIFYWHMCP>
#	G	D	E	R	K	N	Q	S	T	A	V	L	I	F	Y	W	H	M	C	P
0	0.05809	0.01849	0.05147	0.16124	0.06402	0.01886	0.30010	0.06245	0.04989	0.02512	0.01501	0.01951	0.01154	0.00769	0.00960	0.00253	0.07772	0.00756	0.00416	0.03497
1	0.02377	0.01830	0.01998	0.01650	0.02137	0.02079	0.01330	0.30832	0.32454	0.06888	0.02404	0.02308	0.01768	0.00992	0.00872	0.00248	0.05100	0.00765	0.00747	0.01221
2	0.72778	0.01518	0.01206	0.01056	0.01536	0.01752	0.00870	0.07218	0.01469	0.03511	0.01116	0.01278	0.00858	0.00720	0.00492	0.00234	0.00606	0.00432	0.00492	0.00858
3	0.01206	0.00967	0.01085	0.01073	0.01307	0.00966	0.00793	0.04042	0.15543	0.02482	0.13572	0.24726	0.25784	0.01779	0.00886	0.00268	0.00458	0.01541	0.00738	0.00784
4	0.01022	0.00763	0.00949	0.00925	0.01107	0.00690	0.00685	0.01324	0.01993	0.02728	0.49395	0.12367	0.19842	0.01707	0.00902	0.00249	0.00371	0.01494	0.00795	0.00690
5	0.00932	0.00706	0.00860	0.00956	0.01080	0.00635	0.00666	0.01108	0.01615	0.02094	0.12379	0.45108	0.24830	0.02144	0.00938	0.00284	0.00414	0.01897	0.00719	0.00635
6	0.01554	0.00842	0.00856	0.00806	0.01023	0.00864	0.00617	0.07887	0.01779	0.03014	0.02412	0.02732	0.01882	0.00886	0.00552	0.00182	0.00399	0.00705	0.70246	0.00762
7	0.02379	0.02139	0.02037	0.01721	0.02171	0.13524	0.01368	0.25672	0.28313	0.03411	0.02145	0.02131	0.01619	0.00970	0.00895	0.00243	0.06729	0.00718	0.00667	0.01148
8	0.72413	0.01521	0.01211	0.01059	0.01540	0.01756	0.00873	0.07525	0.01480	0.03517	0.01120	0.01281	0.00860	0.00721	0.00493	0.00234	0.00607	0.00433	0.00493	0.00860
9	0.01057	0.00828	0.01032	0.01077	0.01212	0.00812	0.00768	0.01312	0.04374	0.02098	0.09061	0.44020	0.14857	0.04108	0.01100	0.00296	0.04853	0.01739	0.00673	0.04725
10	0.01266	0.00995	0.01197	0.01045	0.01410	0.00821	0.00797	0.01550	0.01657	0.02415	0.13152	0.19377	0.08421	0.01336	0.00757	0.00204	0.00484	0.04400	0.04959	0.33756
11	0.01092	0.00731	0.00831	0.00842	0.00844	0.00728	0.00475	0.01100	0.01125	0.01500	0.02503	0.09238	0.02900	0.68875	0.03679	0.00708	0.00717	0.01169	0.00475	0.00469

[dist]
# distance from previous block
# <min> <max>
0	1

[block]
# block no. 3 follows, 26 sequences, length 6
# corresponding to MSA columns:
# 124-129
name=unknown_D
#
# <colnr> <probs for GDERKNQSTAVLIFYWHMCP>
#	G	D	E	R	K	N	Q	S	T	A	V	L	I	F	Y	W	H	M	C	P
0	0.01914	0.01559	0.02336	0.52019	0.04479	0.01771	0.01964	0.02259	0.01718	0.08013	0.01745	0.02385	0.01367	0.00994	0.00997	0.00298	0.06558	0.00752	0.00497	0.06373
1	0.01100	0.00747	0.00884	0.00884	0.00904	0.00766	0.00530	0.01139	0.01120	0.01513	0.02338	0.04677	0.02633	0.63561	0.13472	0.00805	0.00923	0.01061	0.00452	0.00491
2	0.01106	0.00800	0.00967	0.01018	0.01195	0.00742	0.00748	0.01414	0.05143	0.04861	0.13345	0.32935	0.24320	0.01982	0.00924	0.00281	0.00448	0.06337	0.00733	0.00700
3	0.02100	0.01896	0.04854	0.01761	0.08738	0.16045	0.01280	0.02765	0.15230	0.14510	0.03439	0.05777	0.16082	0.01149	0.00781	0.00237	0.00775	0.00935	0.00642	0.01003
4	0.02056	0.43321	0.03291	0.04537	0.10924	0.08183	0.01479	0.07245	0.01785	0.02183	0.04374	0.01626	0.01325	0.00762	0.00680	0.00193	0.04104	0.00538	0.00396	0.00997
5	0.09252	0.01789	0.02680	0.13124	0.35034	0.04101	0.07048	0.07827	0.04113	0.02687	0.01469	0.01849	0.01170	0.00719	0.00728	0.00228	0.00903	0.00659	0.00430	0.04189

[dist]
# distance from previous block
# <min> <max>
4	7

[block]
# block no. 4 follows, 26 sequences, length 23
# corresponding to MSA columns:
# 138-160
name=unknown_E
#
# <colnr> <probs for GDERKNQSTAVLIFYWHMCP>
#	G	D	E	R	K	N	Q	S	T	A	V	L	I	F	Y	W	H	M	C	P
0	0.05160	0.40315	0.11192	0.01599	0.02216	0.24156	0.01515	0.02526	0.01732	0.01944	0.01129	0.01312	0.00967	0.00702	0.00577	0.00185	0.01017	0.00451	0.00351	0.00956
1	0.04542	0.01323	0.01793	0.10696	0.06987	0.01463	0.01312	0.02315	0.09489	0.12709	0.05962	0.08290	0.02124	0.04640	0.04150	0.00317	0.13010	0.00869	0.00567	0.07442
2	0.09931	0.03956	0.05045	0.22923	0.11575	0.11133	0.07218	0.08855	0.07474	0.02594	0.01509	0.01846	0.01160	0.00769	0.00721	0.00235	0.00970	0.00646	0.00445	0.00996
3	0.01195	0.00784	0.00917	0.00883	0.01014	0.00732	0.00589	0.01336	0.01542	0.06270	0.18069	0.07451	0.17380	0.35965	0.02308	0.00482	0.00565	0.01275	0.00631	0.00611
4	0.00942	0.00682	0.00895	0.01058	0.01126	0.00635	0.00730	0.01093	0.01492	0.01967	0.04423	0.63781	0.09559	0.02324	0.00968	0.00307	0.00453	0.06235	0.00704	0.00623
5	0.01435	0.01126	0.01400	0.01276	0.01489	0.01199	0.00959	0.10627	0.01661	0.02324	0.02540	0.26258	0.02746	0.11388	0.09569	0.00434	0.10106	0.01214	0.00560	0.11689
6	0.02122	0.01433	0.01802	0.11208	0.02383	0.01298	0.01186	0.10377	0.01948	0.17406	0.01771	0.01890	0.01295	0.00717	0.00659	0.00174	0.00678	0.00580	0.00580	0.40495
7	0.10556	0.10546	0.10491	0.16397	0.02747	0.06355	0.01640	0.08544	0.01686	0.02466	0.01330	0.01710	0.01069	0.00872	0.01007	0.00242	0.14838	0.00588	0.05989	0.00925
8	0.02636	0.02212	0.02329	0.07040	0.02604	0.11814	0.05508	0.45606	0.03016	0.03923	0.01704	0.01829	0.01244	0.00863	0.00747	0.00225	0.00931	0.00669	0.03943	0.01157
9	0.01152	0.00797	0.00894	0.00889	0.00922	0.00814	0.00524	0.01313	0.05911	0.01614	0.02516	0.07663	0.02821	0.65119	0.03515	0.00683	0.00713	0.01130	0.00493	0.00520
10	0.02575	0.01997	0.02366	0.06106	0.13023	0.02196	0.01604	0.48183	0.07434	0.04147	0.01817	0.01909	0.01329	0.00873	0.00758	0.00231	0.00839	0.00693	0.00675	0.01245
11	0.05097	0.17744	0.06718	0.02189	0.14327	0.17438	0.01604	0.10303	0.01980	0.04301	0.05075	0.01789	0.01421	0.00830	0.00802	0.00215	0.06092	0.00600	0.00453	0.01020
12	0.02016	0.02285	0.09704	0.06254	0.36118	0.12475	0.02060	0.06250	0.06806	0.02501	0.01502	0.01832	0.01211	0.00777	0.00837	0.00232	0.04957	0.00648	0.00420	0.01112
13	0.01015	0.00750	0.00964	0.01108	0.01204	0.00723	0.00788	0.01295	0.05360	0.02057	0.04317	0.56766	0.08760	0.02234	0.00962	0.00307	0.00478	0.09543	0.00707	0.00662
14	0.01808	0.07089	0.05812	0.10091	0.38012	0.01923	0.13318	0.02365	0.04707	0.02370	0.01467	0.01897	0.01192	0.00721	0.00831	0.00235	0.03978	0.00698	0.00384	0.01101
15	0.00959	0.00771	0.00855	0.00834	0.01063	0.00667	0.00626	0.01210	0.01877	0.02400	0.29065	0.06723	0.46704	0.01790	0.00896	0.00250	0.00375	0.01520	0.00750	0.00667
16	0.01751	0.05482	0.02131	0.28958	0.07334	0.01725	0.01595	0.17057	0.01936	0.02577	0.01643	0.02279	0.01362	0.05996	0.14487	0.00457	0.01134	0.00713	0.00460	0.00924
17	0.01029	0.00765	0.00958	0.00928	0.01111	0.00694	0.00689	0.01339	0.02015	0.02771	0.51994	0.11371	0.18162	0.01685	0.00901	0.00247	0.00369	0.01477	0.00801	0.00694
18	0.06495	0.15480	0.07409	0.01788	0.05069	0.04541	0.09586	0.17461	0.04413	0.02909	0.01885	0.02103	0.04081	0.01135	0.05129	0.00280	0.00921	0.00680	0.07621	0.01014
19	0.01300	0.01054	0.01429	0.08335	0.01709	0.01260	0.01040	0.03875	0.01311	0.01826	0.02084	0.10550	0.02217	0.27149	0.16011	0.00633	0.16100	0.01003	0.00447	0.00668
20	0.02023	0.04815	0.01859	0.04023	0.01980	0.01584	0.01168	0.14551	0.08439	0.11019	0.06414	0.02549	0.06248	0.00981	0.00913	0.00216	0.08861	0.00745	0.02472	0.19138
21	0.11428	0.14447	0.12554	0.01622	0.02163	0.01974	0.04228	0.08937	0.08296	0.08790	0.01752	0.04811	0.01426	0.01149	0.04123	0.00286	0.09803	0.00682	0.00511	0.01017
22	0.11078	0.03491	0.06081	0.07239	0.04852	0.01460	0.08529	0.04639	0.04738	0.02631	0.11504	0.02944	0.02319	0.05192	0.00982	0.00258	0.03423	0.04763	0.00518	0.13357

[dist]
# distance from previous block
# <min> <max>
5	25

[block]
# block no. 5 follows, 26 sequences, length 39
# corresponding to MSA columns:
# 186-224
name=unknown_F
#
# <colnr> <probs for GDERKNQSTAVLIFYWHMCP>
#	G	D	E	R	K	N	Q	S	T	A	V	L	I	F	Y	W	H	M	C	P
0	0.04535	0.01486	0.02105	0.16516	0.02742	0.01665	0.07620	0.10561	0.08656	0.10378	0.02064	0.08683	0.01713	0.01042	0.01000	0.00256	0.10410	0.00849	0.04685	0.03034
1	0.06574	0.01805	0.03992	0.13969	0.18378	0.07870	0.09587	0.02304	0.05704	0.02376	0.01567	0.03839	0.01300	0.00817	0.00862	0.00232	0.06455	0.00699	0.04017	0.07654
2	0.01612	0.01628	0.02672	0.12327	0.03020	0.04742	0.25434	0.02311	0.10954	0.02412	0.06382	0.09072	0.05363	0.00992	0.00826	0.00244	0.00907	0.00980	0.00511	0.07612
3	0.01976	0.03885	0.03988	0.19720	0.02972	0.01712	0.07637	0.13415	0.05998	0.10148	0.01960	0.06988	0.01580	0.00962	0.00893	0.00244	0.06377	0.00802	0.04671	0.04072
4	0.01689	0.02504	0.27327	0.08097	0.02975	0.01809	0.09316	0.06316	0.07577	0.02505	0.01508	0.01818	0.01155	0.00824	0.00993	0.00241	0.11499	0.00644	0.00415	0.10788
5	0.01612	0.01312	0.02181	0.05149	0.05792	0.01321	0.16123	0.02145	0.07264	0.09101	0.20945	0.13189	0.03548	0.01255	0.00967	0.00259	0.05136	0.01156	0.00637	0.00909
6	0.04714	0.02171	0.10480	0.02233	0.15415	0.08731	0.01641	0.14819	0.11109	0.10355	0.01848	0.01936	0.01373	0.00803	0.00717	0.00218	0.00847	0.00646	0.00571	0.09374
7	0.06538	0.01332	0.01754	0.01351	0.01933	0.01189	0.01116	0.06137	0.02190	0.63801	0.02864	0.02495	0.01810	0.00928	0.00750	0.00234	0.00651	0.00745	0.00912	0.01271
8	0.01629	0.03222	0.45465	0.07323	0.06060	0.04304	0.13264	0.02367	0.01632	0.02330	0.01368	0.01711	0.01008	0.00738	0.00836	0.00246	0.04462	0.00632	0.00337	0.01066
9	0.00935	0.00665	0.00877	0.01042	0.01083	0.00623	0.00689	0.01059	0.01431	0.01908	0.04070	0.68667	0.04878	0.06748	0.01146	0.00334	0.00458	0.02091	0.00689	0.00606
10	0.00952	0.00706	0.00927	0.03403	0.01235	0.00664	0.00738	0.01125	0.01550	0.02052	0.10473	0.56845	0.12138	0.02193	0.00946	0.00294	0.00445	0.01971	0.00704	0.00636
11	0.01293	0.00871	0.01210	0.01342	0.01527	0.00856	0.01148	0.01624	0.01769	0.05421	0.07935	0.12817	0.04469	0.02028	0.01019	0.00334	0.00656	0.52241	0.00719	0.00721
12	0.00985	0.00704	0.00947	0.01106	0.01181	0.00666	0.00791	0.01169	0.01551	0.02071	0.08749	0.57292	0.05062	0.02270	0.00976	0.00310	0.00477	0.12343	0.00713	0.00637
13	0.01106	0.00783	0.00973	0.00927	0.01121	0.00710	0.00688	0.01402	0.01985	0.04790	0.48154	0.08683	0.19074	0.05000	0.01033	0.00268	0.00393	0.01419	0.00789	0.00702
14	0.02838	0.03486	0.02160	0.01936	0.02346	0.64406	0.01463	0.08496	0.02272	0.02110	0.01229	0.01407	0.01004	0.00793	0.00690	0.00198	0.01322	0.00505	0.00423	0.00915
15	0.01537	0.00959	0.00832	0.00815	0.01010	0.06741	0.00611	0.01877	0.01639	0.02744	0.02361	0.02701	0.01860	0.00875	0.00544	0.00178	0.00441	0.00688	0.70863	0.00722
16	0.01098	0.00827	0.01054	0.01035	0.01245	0.00732	0.00766	0.01367	0.01778	0.02481	0.29296	0.28315	0.08199	0.01739	0.00880	0.00252	0.00440	0.05606	0.00718	0.12173
17	0.01545	0.03761	0.63782	0.02252	0.03342	0.01775	0.08270	0.02405	0.01618	0.02405	0.01376	0.01640	0.00977	0.00714	0.00736	0.00242	0.01135	0.00590	0.00326	0.01112
18	0.01103	0.00735	0.00827	0.00827	0.00827	0.00735	0.00460	0.01103	0.01103	0.01471	0.02390	0.04964	0.02758	0.73343	0.03861	0.00735	0.00735	0.01103	0.00460	0.00460
19	0.01751	0.01933	0.06473	0.19661	0.25416	0.03696	0.25283	0.02296	0.01706	0.02313	0.01437	0.01946	0.01121	0.00687	0.00802	0.00243	0.01087	0.00744	0.00367	0.01040
20	0.01844	0.08311	0.10927	0.07451	0.15552	0.01964	0.15030	0.08394	0.09134	0.02598	0.01734	0.02275	0.01417	0.00859	0.00891	0.00247	0.05780	0.04067	0.00458	0.01066
21	0.03231	0.01329	0.01755	0.01372	0.01940	0.01203	0.01125	0.03735	0.09571	0.61635	0.03003	0.02610	0.01927	0.00949	0.00764	0.00237	0.00640	0.00774	0.00920	0.01281
22	0.01103	0.00735	0.00827	0.00827	0.00827	0.00735	0.00460	0.01103	0.01103	0.01471	0.02390	0.04964	0.02758	0.73343	0.03861	0.00735	0.00735	0.01103	0.00460	0.00460
23	0.01544	0.01730	0.07803	0.11528	0.04324	0.04304	0.21768	0.02145	0.07335	0.02282	0.04023	0.17159	0.02306	0.01182	0.00937	0.00269	0.04258	0.03704	0.00496	0.00904
24	0.09173	0.04445	0.11153	0.08442	0.19202	0.05178	0.01780	0.05209	0.06940	0.14106	0.01743	0.01928	0.01295	0.00819	0.00821	0.00238	0.05271	0.00647	0.00514	0.01097
25	0.00985	0.00731	0.00921	0.00981	0.01119	0.00667	0.00708	0.01217	0.01761	0.02358	0.27105	0.33929	0.17858	0.01989	0.00933	0.00276	0.00413	0.04642	0.00749	0.00659
26	0.01103	0.00735	0.00827	0.00827	0.00827	0.00735	0.00460	0.01103	0.01103	0.01471	0.02390	0.04964	0.02758	0.73343	0.03861	0.00735	0.00735	0.01103	0.00460	0.00460
27	0.01814	0.01860	0.02878	0.09098	0.22724	0.07655	0.18154	0.02424	0.07850	0.02386	0.01856	0.02354	0.03577	0.00818	0.00841	0.00236	0.03240	0.02875	0.00439	0.06921
28	0.08448	0.10990	0.34787	0.02296	0.13181	0.01818	0.05321	0.02362	0.01657	0.05588	0.05512	0.01887	0.01422	0.00761	0.00698	0.00229	0.00942	0.00624	0.00406	0.01069
29	0.02788	0.01582	0.01881	0.01440	0.02040	0.01527	0.01179	0.22689	0.06610	0.31980	0.02314	0.02164	0.01576	0.00862	0.00723	0.00210	0.00685	0.00683	0.00777	0.16291
30	0.01911	0.56939	0.17246	0.01499	0.02221	0.02724	0.01618	0.02282	0.01540	0.01912	0.01115	0.01311	0.00972	0.00688	0.00607	0.00184	0.03463	0.00447	0.00324	0.00998
31	0.01939	0.02360	0.09292	0.03249	0.20575	0.12075	0.31089	0.02461	0.01781	0.02326	0.01412	0.01844	0.01115	0.00709	0.00885	0.00241	0.04485	0.00737	0.00375	0.01048
32	0.01318	0.00659	0.00988	0.00988	0.00988	0.00659	0.00659	0.00988	0.00988	0.01318	0.01318	0.02306	0.01318	0.02635	0.02964	0.77931	0.00659	0.00659	0.00329	0.00329
33	0.04898	0.08412	0.02388	0.43239	0.07269	0.06900	0.01831	0.08348	0.05282	0.02343	0.01438	0.01884	0.01104	0.00773	0.00716	0.00236	0.00957	0.00636	0.00411	0.00937
34	0.01092	0.00731	0.00831	0.00841	0.00844	0.00728	0.00475	0.01100	0.01125	0.01500	0.02501	0.09178	0.02898	0.68938	0.03681	0.00709	0.00717	0.01168	0.00475	0.00469
35	0.01495	0.01285	0.01758	0.01551	0.01709	0.01598	0.03169	0.05716	0.04957	0.02178	0.02055	0.02624	0.05642	0.02679	0.23999	0.00589	0.28264	0.00793	0.07127	0.00812
36	0.38369	0.05596	0.05816	0.01296	0.01814	0.01848	0.01131	0.21106	0.02025	0.03542	0.01570	0.05926	0.01296	0.00876	0.00606	0.00230	0.00684	0.00624	0.04674	0.00969
37	0.29889	0.31948	0.02550	0.05047	0.02015	0.10301	0.01195	0.05512	0.01621	0.02537	0.01123	0.01313	0.00937	0.00703	0.00532	0.00200	0.00807	0.00445	0.00407	0.00916
38	0.07885	0.20428	0.36686	0.01879	0.05264	0.02077	0.02053	0.02560	0.09911	0.02432	0.01484	0.01645	0.01135	0.00739	0.00651	0.00222	0.00927	0.00553	0.00393	0.01074

[dist]
# distance from previous block
# <min> <max>
1	8

[block]
# block no. 6 follows, 26 sequences, length 18
# corresponding to MSA columns:
# 233-250
name=unknown_G
#
# <colnr> <probs for GDERKNQSTAVLIFYWHMCP>
#	G	D	E	R	K	N	Q	S	T	A	V	L	I	F	Y	W	H	M	C	P
0	0.04661	0.20714	0.41207	0.01809	0.02703	0.02081	0.02132	0.08842	0.01781	0.02518	0.01566	0.01736	0.03600	0.00768	0.00664	0.00220	0.00967	0.00570	0.00387	0.01072
1	0.01036	0.01075	0.08029	0.01201	0.01428	0.00799	0.02883	0.01301	0.01594	0.02125	0.09511	0.44114	0.14406	0.02001	0.00928	0.00288	0.00535	0.05384	0.00665	0.00697
2	0.01087	0.00851	0.01070	0.01156	0.03564	0.00830	0.00803	0.01415	0.05438	0.02298	0.19706	0.27860	0.18750	0.05559	0.01117	0.00299	0.02741	0.04054	0.00703	0.00701
3	0.01448	0.01688	0.11470	0.45110	0.12147	0.01597	0.02052	0.01956	0.01535	0.02047	0.01704	0.02328	0.04063	0.03756	0.03796	0.00307	0.01018	0.00721	0.00363	0.00894
4	0.02116	0.66450	0.03801	0.01344	0.01988	0.02935	0.01313	0.08814	0.01749	0.02092	0.01133	0.01279	0.01006	0.00676	0.00515	0.00169	0.00814	0.00434	0.00369	0.01006
5	0.02713	0.01439	0.01727	0.01394	0.01879	0.01437	0.01119	0.21277	0.06763	0.33383	0.02734	0.09671	0.02090	0.03317	0.00866	0.00254	0.00662	0.00896	0.05224	0.01156
6	0.01925	0.17348	0.09356	0.12666	0.03102	0.07507	0.18285	0.04038	0.01743	0.06032	0.04314	0.01924	0.01356	0.00795	0.00865	0.00232	0.06435	0.00684	0.00416	0.00977
7	0.01250	0.00842	0.00949	0.00903	0.00976	0.00853	0.00563	0.06055	0.01420	0.01951	0.09101	0.04689	0.03056	0.56801	0.03152	0.00617	0.00684	0.01079	0.04495	0.00561
8	0.00924	0.00660	0.00880	0.01056	0.01100	0.00616	0.00704	0.01056	0.01452	0.01936	0.04181	0.72848	0.05017	0.02376	0.00968	0.00308	0.00440	0.02156	0.00704	0.00616
9	0.02767	0.02035	0.02176	0.01687	0.02266	0.02253	0.01388	0.60063	0.06609	0.04611	0.01914	0.01917	0.01371	0.00915	0.00749	0.00227	0.00801	0.00693	0.04300	0.01259
10	0.01304	0.00668	0.01002	0.01002	0.01009	0.00676	0.00676	0.01009	0.01002	0.01343	0.01359	0.02345	0.01351	0.02813	0.06887	0.73466	0.00739	0.00668	0.00334	0.00350
11	0.01103	0.00735	0.00827	0.00827	0.00827	0.00735	0.00460	0.01103	0.01103	0.01471	0.02390	0.04964	0.02758	0.73343	0.03861	0.00735	0.00735	0.01103	0.00460	0.00460
12	0.03403	0.01291	0.01760	0.01350	0.01936	0.01115	0.01115	0.03697	0.02171	0.69137	0.02992	0.02582	0.01878	0.00939	0.00763	0.00235	0.00645	0.00763	0.00939	0.01291
13	0.01032	0.00755	0.00969	0.00955	0.01118	0.00692	0.00701	0.01336	0.01991	0.02763	0.51803	0.17239	0.12370	0.01725	0.00907	0.00252	0.00374	0.01526	0.00801	0.00692
14	0.00924	0.00660	0.00880	0.01056	0.01100	0.00616	0.00704	0.01056	0.01452	0.01936	0.04181	0.72848	0.05017	0.02376	0.00968	0.00308	0.00440	0.02156	0.00704	0.00616
15	0.06177	0.01663	0.02646	0.19138	0.43704	0.01779	0.02076	0.02409	0.08373	0.02481	0.01558	0.01971	0.01251	0.00732	0.00739	0.00235	0.00877	0.00679	0.00413	0.01099
16	0.01894	0.01052	0.01353	0.01203	0.01536	0.01006	0.00960	0.02462	0.10514	0.22736	0.32360	0.04734	0.04607	0.01368	0.00858	0.00253	0.00517	0.08796	0.00841	0.00948
17	0.10465	0.10868	0.01968	0.05794	0.03894	0.01550	0.01115	0.07333	0.04494	0.04543	0.04026	0.01785	0.01383	0.00702	0.00603	0.00168	0.00653	0.00540	0.00493	0.37623

[dist]
# distance from previous block
# <min> <max>
3	10

[block]
# block no. 7 follows, 26 sequences, length 73
# corresponding to MSA columns:
# 261-333
name=unknown_H
#
# <colnr> <probs for GDERKNQSTAVLIFYWHMCP>
#	G	D	E	R	K	N	Q	S	T	A	V	L	I	F	Y	W	H	M	C	P
0	0.06624	0.03966	0.05659	0.07168	0.11382	0.01774	0.06674	0.20857	0.04211	0.07304	0.07562	0.02190	0.01762	0.00843	0.00734	0.00221	0.00803	0.00715	0.00581	0.08971
1	0.43462	0.10927	0.11466	0.06953	0.02166	0.05934	0.01349	0.02262	0.01428	0.02768	0.01127	0.01377	0.00894	0.00741	0.00649	0.00231	0.04501	0.00470	0.00408	0.00889
2	0.02019	0.01510	0.01688	0.01465	0.01879	0.01662	0.01153	0.11273	0.36334	0.10541	0.03107	0.08910	0.06135	0.01170	0.00871	0.00253	0.04164	0.00955	0.00744	0.04167
3	0.01038	0.00830	0.00937	0.00917	0.01143	0.00762	0.00684	0.01436	0.06985	0.02474	0.28157	0.11574	0.36792	0.01758	0.00892	0.00254	0.00396	0.01507	0.00755	0.00709
4	0.01623	0.01408	0.01776	0.04792	0.02069	0.01206	0.03607	0.05110	0.01652	0.02506	0.01456	0.04042	0.01252	0.00695	0.00713	0.00149	0.04500	0.00559	0.00459	0.60425
5	0.01338	0.00718	0.01067	0.01047	0.01047	0.00757	0.00718	0.01037	0.00998	0.01347	0.01299	0.02268	0.01299	0.02558	0.02937	0.73371	0.04849	0.00659	0.00330	0.00359
6	0.01511	0.01503	0.05852	0.11851	0.04834	0.01361	0.23199	0.01989	0.01829	0.05703	0.17259	0.03783	0.11259	0.01102	0.00863	0.00253	0.00848	0.03556	0.00555	0.00890
7	0.02358	0.05602	0.02440	0.13650	0.14929	0.02077	0.01670	0.32308	0.08036	0.06729	0.01794	0.01954	0.01326	0.00840	0.00744	0.00231	0.00846	0.00684	0.00606	0.01176
8	0.05419	0.02035	0.02162	0.01677	0.02258	0.02257	0.01381	0.59329	0.05887	0.04605	0.01865	0.01873	0.01335	0.00907	0.00742	0.00227	0.00801	0.00681	0.03307	0.01251
9	0.08418	0.05938	0.01942	0.03919	0.02065	0.01961	0.01226	0.33504	0.14077	0.03772	0.04039	0.04243	0.01758	0.00954	0.00708	0.00228	0.00702	0.00742	0.08698	0.01105
10	0.02439	0.01660	0.01861	0.01496	0.01991	0.01781	0.01212	0.35092	0.11455	0.12375	0.08052	0.02505	0.02086	0.01256	0.04845	0.00286	0.00775	0.00779	0.04604	0.03450
11	0.00924	0.00660	0.00880	0.01056	0.01100	0.00616	0.00704	0.01056	0.01452	0.01936	0.04181	0.72848	0.05017	0.02376	0.00968	0.00308	0.00440	0.02156	0.00704	0.00616
12	0.01607	0.02037	0.14509	0.09919	0.12686	0.01726	0.21555	0.02205	0.04234	0.02305	0.01946	0.06130	0.03771	0.00958	0.00990	0.00263	0.07862	0.03892	0.00420	0.00985
13	0.01855	0.01780	0.03039	0.07989	0.65451	0.01796	0.02317	0.02308	0.01717	0.02451	0.01423	0.01885	0.01192	0.00680	0.00751	0.00227	0.00907	0.00676	0.00374	0.01184
14	0.78701	0.01467	0.01115	0.00997	0.01467	0.01702	0.00821	0.02230	0.01291	0.03403	0.01056	0.01232	0.00821	0.00704	0.00469	0.00235	0.00587	0.00411	0.00469	0.00821
15	0.01549	0.06643	0.01243	0.00976	0.01189	0.01148	0.00774	0.05031	0.03537	0.02651	0.02219	0.05227	0.01846	0.01057	0.00865	0.04076	0.07063	0.00736	0.51410	0.00761
16	0.01883	0.01888	0.12111	0.01487	0.02122	0.01505	0.01364	0.13220	0.05802	0.06134	0.04623	0.01936	0.01498	0.00798	0.00812	0.00190	0.06413	0.00605	0.00534	0.35076
17	0.01074	0.00775	0.01014	0.00954	0.01133	0.00716	0.00716	0.01431	0.02147	0.03042	0.68211	0.05666	0.07157	0.01551	0.00895	0.00239	0.00358	0.01372	0.00835	0.00716
18	0.01002	0.00735	0.00901	0.00929	0.01057	0.00676	0.00648	0.01210	0.01713	0.02302	0.28567	0.25134	0.17439	0.12597	0.01360	0.00336	0.00443	0.01600	0.00717	0.00635
19	0.03403	0.01291	0.01760	0.01350	0.01936	0.01115	0.01115	0.03697	0.02171	0.69137	0.02992	0.02582	0.01878	0.00939	0.00763	0.00235	0.00645	0.00763	0.00939	0.01291
20	0.01414	0.00707	0.00707	0.00707	0.00884	0.00707	0.00530	0.01767	0.01591	0.02828	0.02474	0.02828	0.01944	0.00884	0.00530	0.00177	0.00353	0.00707	0.77554	0.00707
21	0.78701	0.01467	0.01115	0.00997	0.01467	0.01702	0.00821	0.02230	0.01291	0.03403	0.01056	0.01232	0.00821	0.00704	0.00469	0.00235	0.00587	0.00411	0.00469	0.00821
22	0.02831	0.02099	0.02247	0.01735	0.02332	0.02328	0.01429	0.62840	0.06894	0.04696	0.01887	0.01874	0.01344	0.00917	0.00759	0.00229	0.00822	0.00692	0.00759	0.01285
23	0.01638	0.01346	0.01580	0.01132	0.01803	0.01015	0.00907	0.01974	0.01594	0.04861	0.01407	0.01609	0.01151	0.00575	0.00569	0.00117	0.00565	0.00461	0.00467	0.75231
24	0.01103	0.00735	0.00827	0.00827	0.00827	0.00735	0.00460	0.01103	0.01103	0.01471	0.02390	0.04964	0.02758	0.73343	0.03861	0.00735	0.00735	0.01103	0.00460	0.00460
25	0.78701	0.01467	0.01115	0.00997	0.01467	0.01702	0.00821	0.02230	0.01291	0.03403	0.01056	0.01232	0.00821	0.00704	0.00469	0.00235	0.00587	0.00411	0.00469	0.00821
26	0.08898	0.01988	0.02109	0.01648	0.02228	0.02199	0.01355	0.52496	0.08876	0.07677	0.01928	0.01899	0.01371	0.00906	0.00737	0.00231	0.00785	0.00680	0.00746	0.01245
27	0.00984	0.00696	0.00878	0.00977	0.01034	0.00658	0.00640	0.01111	0.01455	0.01951	0.11116	0.45973	0.07151	0.19766	0.01670	0.00404	0.00501	0.01786	0.00659	0.00590
28	0.01398	0.00712	0.00732	0.00732	0.00907	0.00719	0.00551	0.01747	0.01572	0.02776	0.02453	0.02835	0.01942	0.01119	0.03944	0.00228	0.00436	0.00712	0.73781	0.00706
29	0.01343	0.01080	0.01288	0.01105	0.01501	0.00901	0.00830	0.04742	0.01654	0.02382	0.04919	0.28804	0.06300	0.01364	0.00753	0.00203	0.00514	0.01192	0.00586	0.38538
30	0.02028	0.73799	0.03975	0.01298	0.01947	0.03001	0.01298	0.02271	0.01541	0.01785	0.01055	0.01217	0.00973	0.00649	0.00487	0.00162	0.00811	0.00406	0.00324	0.00973
31	0.00924	0.00660	0.00880	0.01056	0.01100	0.00616	0.00704	0.01056	0.01452	0.01936	0.04181	0.72848	0.05017	0.02376	0.00968	0.00308	0.00440	0.02156	0.00704	0.00616
32	0.01103	0.00735	0.00827	0.00827	0.00827	0.00735	0.00460	0.01103	0.01103	0.01471	0.02390	0.04964	0.02758	0.73343	0.03861	0.00735	0.00735	0.01103	0.00460	0.00460
33	0.01206	0.01003	0.01113	0.01186	0.01411	0.04305	0.00974	0.01575	0.05172	0.02202	0.05199	0.09683	0.27957	0.01919	0.00956	0.00301	0.00601	0.31840	0.00689	0.00709
34	0.15290	0.02285	0.02063	0.01660	0.02206	0.14468	0.01344	0.44284	0.02939	0.04029	0.01579	0.01643	0.01157	0.00854	0.00698	0.00223	0.00890	0.00603	0.00645	0.01139
35	0.01985	0.01607	0.01718	0.01531	0.01970	0.01837	0.01195	0.04009	0.63034	0.07438	0.03081	0.02814	0.02287	0.01023	0.00771	0.00256	0.00603	0.00851	0.00783	0.01206
36	0.00929	0.00675	0.00878	0.01028	0.01096	0.00623	0.00694	0.01078	0.01509	0.02001	0.07666	0.64233	0.10196	0.02299	0.00959	0.00300	0.00431	0.02073	0.00711	0.00623
37	0.02883	0.02125	0.02276	0.01745	0.02352	0.02352	0.01442	0.66082	0.03566	0.04780	0.01821	0.01821	0.01290	0.00911	0.00759	0.00228	0.00835	0.00683	0.00759	0.01290
38	0.04448	0.01623	0.02770	0.31103	0.37128	0.01759	0.05919	0.02175	0.01631	0.02293	0.01388	0.01922	0.01109	0.00708	0.00752	0.00238	0.00956	0.00679	0.00364	0.01034
39	0.78701	0.01467	0.01115	0.00997	0.01467	0.01702	0.00821	0.02230	0.01291	0.03403	0.01056	0.01232	0.00821	0.00704	0.00469	0.00235	0.00587	0.00411	0.00469	0.00821
40	0.00896	0.00768	0.00768	0.00768	0.01025	0.00640	0.00576	0.01089	0.01729	0.02049	0.07684	0.07300	0.68304	0.01921	0.00896	0.00256	0.00384	0.01601	0.00704	0.00640
41	0.00983	0.00772	0.00889	0.00859	0.01078	0.00677	0.00645	0.01256	0.01934	0.02535	0.37332	0.06499	0.38353	0.01740	0.00896	0.00248	0.00371	0.01489	0.00768	0.00677
42	0.02883	0.02125	0.02276	0.01745	0.02352	0.02352	0.01442	0.66082	0.03566	0.04780	0.01821	0.01821	0.01290	0.00911	0.00759	0.00228	0.00835	0.00683	0.00759	0.01290
43	0.02833	0.03615	0.02149	0.01954	0.02345	0.70298	0.01466	0.03029	0.02149	0.01856	0.01172	0.01368	0.00977	0.00782	0.00684	0.00195	0.01368	0.00489	0.00391	0.00879
44	0.00944	0.00675	0.00898	0.01043	0.01105	0.00629	0.00706	0.01106	0.01544	0.02082	0.12627	0.63986	0.05299	0.02267	0.00958	0.00299	0.00429	0.02053	0.00721	0.00629
45	0.02970	0.01328	0.01724	0.01368	0.01894	0.01245	0.01116	0.08294	0.07790	0.50960	0.06396	0.02735	0.02157	0.01257	0.04859	0.00294	0.00722	0.00801	0.00874	0.01216
46	0.78701	0.01467	0.01115	0.00997	0.01467	0.01702	0.00821	0.02230	0.01291	0.03403	0.01056	0.01232	0.00821	0.00704	0.00469	0.00235	0.00587	0.00411	0.00469	0.00821
47	0.01668	0.08842	0.54819	0.02254	0.06714	0.01839	0.05892	0.02441	0.01636	0.05018	0.01416	0.01650	0.01021	0.00717	0.00716	0.00234	0.01075	0.00581	0.00352	0.01116
48	0.05682	0.48444	0.21142	0.01533	0.02297	0.02579	0.01681	0.05202	0.01637	0.02164	0.01171	0.01347	0.00977	0.00683	0.00560	0.00189	0.00884	0.00460	0.00350	0.01020
49	0.02711	0.03415	0.02164	0.05115	0.02458	0.63793	0.01504	0.02919	0.02071	0.01859	0.01172	0.01412	0.00980	0.00808	0.00777	0.00205	0.04871	0.00506	0.00385	0.00875
50	0.03266	0.01261	0.01716	0.01326	0.01889	0.01091	0.01091	0.03563	0.02170	0.65253	0.06825	0.02763	0.02188	0.00975	0.00771	0.00235	0.00629	0.00799	0.00933	0.01257
51	0.00993	0.00731	0.00931	0.00968	0.01106	0.00668	0.00693	0.01244	0.01829	0.02492	0.35958	0.31186	0.14574	0.01911	0.00923	0.00267	0.00392	0.01698	0.00768	0.00668
52	0.00898	0.00763	0.00774	0.00782	0.01028	0.00639	0.00583	0.01087	0.01715	0.02044	0.07514	0.10486	0.65228	0.01943	0.00900	0.00259	0.00387	0.01628	0.00704	0.00639
53	0.00933	0.00664	0.00878	0.01045	0.01087	0.00622	0.00692	0.01058	0.01435	0.01914	0.04094	0.69548	0.04907	0.05826	0.01109	0.00329	0.00454	0.02105	0.00692	0.00608
54	0.01887	0.01629	0.01715	0.01544	0.01972	0.01887	0.01201	0.04031	0.67241	0.03173	0.03087	0.02830	0.02315	0.01029	0.00772	0.00257	0.00600	0.00858	0.00772	0.01201
55	0.02028	0.73799	0.03975	0.01298	0.01947	0.03001	0.01298	0.02271	0.01541	0.01785	0.01055	0.01217	0.00973	0.00649	0.00487	0.00162	0.00811	0.00406	0.00324	0.00973
56	0.03375	0.01336	0.01788	0.01371	0.01959	0.01182	0.01133	0.07085	0.02247	0.65641	0.02929	0.02540	0.01846	0.00937	0.00763	0.00234	0.00656	0.00758	0.00929	0.01291
57	0.01445	0.01365	0.02278	0.67743	0.05049	0.01720	0.02082	0.01932	0.01497	0.01932	0.01329	0.02003	0.01010	0.00789	0.00852	0.00257	0.04865	0.00674	0.00337	0.00842
58	0.01414	0.00707	0.00707	0.00707	0.00884	0.00707	0.00530	0.01767	0.01591	0.02828	0.02474	0.02828	0.01944	0.00884	0.00530	0.00177	0.00353	0.00707	0.77554	0.00707
59	0.00924	0.00660	0.00880	0.01056	0.01100	0.00616	0.00704	0.01056	0.01452	0.01936	0.04181	0.72848	0.05017	0.02376	0.00968	0.00308	0.00440	0.02156	0.00704	0.00616
60	0.01573	0.01348	0.01573	0.01123	0.01798	0.01011	0.00899	0.01910	0.01573	0.02472	0.01348	0.01573	0.01123	0.00562	0.00562	0.00112	0.00562	0.00449	0.00449	0.77980
61	0.78701	0.01467	0.01115	0.00997	0.01467	0.01702	0.00821	0.02230	0.01291	0.03403	0.01056	0.01232	0.00821	0.00704	0.00469	0.00235	0.00587	0.00411	0.00469	0.00821
62	0.01887	0.01629	0.01715	0.01544	0.01972	0.01887	0.01201	0.04031	0.67241	0.03173	0.03087	0.02830	0.02315	0.01029	0.00772	0.00257	0.00600	0.00858	0.00772	0.01201
63	0.01532	0.03849	0.66836	0.02203	0.03310	0.01768	0.05305	0.02403	0.01609	0.02403	0.01368	0.01619	0.00968	0.00717	0.00728	0.00241	0.01127	0.00574	0.00323	0.01117
64	0.78701	0.01467	0.01115	0.00997	0.01467	0.01702	0.00821	0.02230	0.01291	0.03403	0.01056	0.01232	0.00821	0.00704	0.00469	0.00235	0.00587	0.00411	0.00469	0.00821
65	0.78701	0.01467	0.01115	0.00997	0.01467	0.01702	0.00821	0.02230	0.01291	0.03403	0.01056	0.01232	0.00821	0.00704	0.00469	0.00235	0.00587	0.00411	0.00469	0.00821
66	0.78701	0.01467	0.01115	0.00997	0.01467	0.01702	0.00821	0.02230	0.01291	0.03403	0.01056	0.01232	0.00821	0.00704	0.00469	0.00235	0.00587	0.00411	0.00469	0.00821
67	0.00946	0.00677	0.00900	0.01041	0.01105	0.00631	0.00706	0.01112	0.01555	0.02100	0.13661	0.62902	0.05334	0.02254	0.00957	0.00298	0.00428	0.02040	0.00723	0.00631
68	0.01103	0.00735	0.00827	0.00827	0.00827	0.00735	0.00460	0.01103	0.01103	0.01471	0.02390	0.04964	0.02758	0.73343	0.03861	0.00735	0.00735	0.01103	0.00460	0.00460
69	0.01448	0.00882	0.01137	0.01051	0.01291	0.00820	0.00795	0.01848	0.05299	0.13097	0.43831	0.14113	0.08277	0.01555	0.00878	0.00249	0.00427	0.01366	0.00825	0.00813
70	0.01455	0.04435	0.01619	0.05028	0.09215	0.01193	0.01106	0.08722	0.02027	0.02790	0.26945	0.10407	0.08821	0.01334	0.00820	0.00234	0.00571	0.04246	0.00661	0.08370
71	0.01821	0.10579	0.28170	0.02885	0.22997	0.07598	0.07241	0.02391	0.01672	0.02287	0.01328	0.01662	0.01054	0.00728	0.00802	0.00229	0.04517	0.00604	0.00349	0.01088
72	0.50796	0.03923	0.08711	0.01257	0.01809	0.05167	0.01144	0.07835	0.01635	0.07533	0.01327	0.01463	0.00990	0.00746	0.00553	0.00229	0.00708	0.00485	0.02762	0.00928

[dist]
# distance from previous block
# <min> <max>
0	1

[block]
# block no. 8 follows, 26 sequences, length 37
# corresponding to MSA columns:
# 335-371
name=unknown_I
#
# <colnr> <probs for GDERKNQSTAVLIFYWHMCP>
#	G	D	E	R	K	N	Q	S	T	A	V	L	I	F	Y	W	H	M	C	P
0	0.17995	0.45630	0.08697	0.05914	0.02174	0.02502	0.01374	0.02310	0.03677	0.02232	0.01167	0.01359	0.00988	0.00686	0.00530	0.00193	0.00796	0.00452	0.00370	0.00953
1	0.09070	0.06147	0.03977	0.13142	0.05771	0.06078	0.03584	0.12534	0.09865	0.06689	0.04162	0.02108	0.01544	0.00881	0.00817	0.00235	0.05463	0.00682	0.06243	0.01006
2	0.01798	0.03873	0.01568	0.01241	0.01599	0.01176	0.03263	0.08794	0.06568	0.14234	0.31208	0.05971	0.04209	0.06017	0.01017	0.00264	0.00561	0.01066	0.00757	0.04816
3	0.01452	0.01222	0.01742	0.19696	0.02481	0.01520	0.01367	0.05266	0.01446	0.02073	0.01724	0.04919	0.01593	0.08880	0.15345	0.00505	0.19453	0.00795	0.07747	0.00774
4	0.00924	0.00660	0.00880	0.01056	0.01100	0.00616	0.00704	0.01056	0.01452	0.01936	0.04181	0.72848	0.05017	0.02376	0.00968	0.00308	0.00440	0.02156	0.00704	0.00616
5	0.01218	0.00852	0.01027	0.00962	0.01201	0.00783	0.00728	0.01616	0.05673	0.07112	0.40540	0.07767	0.24433	0.01614	0.00882	0.00247	0.00401	0.01393	0.00796	0.00756
6	0.78701	0.01467	0.01115	0.00997	0.01467	0.01702	0.00821	0.02230	0.01291	0.03403	0.01056	0.01232	0.00821	0.00704	0.00469	0.00235	0.00587	0.00411	0.00469	0.00821
7	0.00966	0.00693	0.00918	0.01027	0.01109	0.00644	0.00707	0.01162	0.01648	0.02248	0.22255	0.53884	0.05621	0.02143	0.00947	0.00288	0.00417	0.01935	0.00741	0.00644
8	0.00905	0.00769	0.00780	0.00777	0.01030	0.00644	0.00583	0.01105	0.01749	0.02097	0.10628	0.07220	0.65330	0.01903	0.00896	0.00255	0.00383	0.01590	0.00711	0.00644
9	0.01308	0.00886	0.01127	0.01033	0.01262	0.00845	0.00786	0.01816	0.07797	0.07694	0.57981	0.05203	0.06366	0.01462	0.00875	0.00240	0.00399	0.01284	0.00837	0.00798
10	0.02917	0.02070	0.02243	0.01719	0.02325	0.02271	0.01420	0.61997	0.03475	0.08995	0.01898	0.01871	0.01328	0.00912	0.00759	0.00228	0.00822	0.00688	0.00771	0.01290
11	0.01573	0.01348	0.01573	0.01123	0.01798	0.01011	0.00899	0.01910	0.01573	0.02472	0.01348	0.01573	0.01123	0.00562	0.00562	0.00112	0.00562	0.00449	0.00449	0.77980
12	0.01026	0.00703	0.00850	0.00925	0.00944	0.00684	0.00564	0.01083	0.01253	0.01670	0.03157	0.34046	0.03725	0.42941	0.02621	0.00552	0.00609	0.01554	0.00564	0.00527
13	0.38559	0.01072	0.00903	0.00847	0.01164	0.01185	0.00670	0.01990	0.01447	0.03104	0.01793	0.02061	0.01405	0.00797	0.00501	0.00205	0.00466	0.00565	0.40507	0.00762
14	0.01318	0.00659	0.00988	0.00988	0.00988	0.00659	0.00659	0.00988	0.00988	0.01318	0.01318	0.02306	0.01318	0.02635	0.02964	0.77931	0.00659	0.00659	0.00329	0.00329
15	0.01823	0.01747	0.02980	0.12846	0.60848	0.01788	0.02301	0.02280	0.01701	0.02412	0.01417	0.01895	0.01178	0.00686	0.00752	0.00229	0.00915	0.00676	0.00371	0.01158
16	0.03084	0.01780	0.05768	0.01557	0.02182	0.01659	0.01344	0.29205	0.02711	0.39003	0.02421	0.02215	0.01585	0.00915	0.00759	0.00232	0.00750	0.00719	0.00830	0.01281
17	0.07738	0.05458	0.04731	0.05842	0.02461	0.45200	0.01489	0.11301	0.02204	0.04899	0.01333	0.01506	0.01044	0.00791	0.00682	0.00208	0.01169	0.00530	0.00458	0.00956
18	0.01555	0.08499	0.65128	0.02105	0.03195	0.01843	0.02704	0.02394	0.01597	0.02362	0.01341	0.01576	0.00962	0.00716	0.00705	0.00235	0.01101	0.00550	0.00321	0.01111
19	0.01318	0.00659	0.00988	0.00988	0.00988	0.00659	0.00659	0.00988	0.00988	0.01318	0.01318	0.02306	0.01318	0.02635	0.02964	0.77931	0.00659	0.00659	0.00329	0.00329
20	0.00907	0.00769	0.00783	0.00779	0.01031	0.00645	0.00584	0.01108	0.01753	0.02106	0.11179	0.07205	0.64773	0.01900	0.00896	0.00255	0.00383	0.01588	0.00712	0.00645
21	0.78701	0.01467	0.01115	0.00997	0.01467	0.01702	0.00821	0.02230	0.01291	0.03403	0.01056	0.01232	0.00821	0.00704	0.00469	0.00235	0.00587	0.00411	0.00469	0.00821
22	0.00924	0.00660	0.00880	0.01056	0.01100	0.00616	0.00704	0.01056	0.01452	0.01936	0.04181	0.72848	0.05017	0.02376	0.00968	0.00308	0.00440	0.02156	0.00704	0.00616
23	0.02146	0.01703	0.01820	0.01571	0.02040	0.01933	0.01240	0.15362	0.52304	0.06804	0.02851	0.02633	0.02106	0.01003	0.00769	0.00251	0.00645	0.00821	0.00778	0.01221
24	0.00924	0.00660	0.00880	0.01056	0.01100	0.00616	0.00704	0.01056	0.01452	0.01936	0.04181	0.72848	0.05017	0.02376	0.00968	0.00308	0.00440	0.02156	0.00704	0.00616
25	0.01074	0.00775	0.01014	0.00954	0.01133	0.00716	0.00716	0.01431	0.02147	0.03042	0.68211	0.05666	0.07157	0.01551	0.00895	0.00239	0.00358	0.01372	0.00835	0.00716
26	0.01414	0.00707	0.00707	0.00707	0.00884	0.00707	0.00530	0.01767	0.01591	0.02828	0.02474	0.02828	0.01944	0.00884	0.00530	0.00177	0.00353	0.00707	0.77554	0.00707
27	0.02883	0.02125	0.02276	0.01745	0.02352	0.02352	0.01442	0.66082	0.03566	0.04780	0.01821	0.01821	0.01290	0.00911	0.00759	0.00228	0.00835	0.00683	0.00759	0.01290
28	0.01212	0.00782	0.00988	0.00966	0.01114	0.00725	0.00680	0.01434	0.01763	0.07306	0.33124	0.18707	0.08826	0.17151	0.01538	0.00360	0.00478	0.01437	0.00729	0.00679
29	0.01735	0.06447	0.07237	0.02151	0.02414	0.02262	0.12372	0.04086	0.01398	0.02058	0.01140	0.01697	0.01027	0.01116	0.01924	0.00299	0.48698	0.00680	0.00353	0.00905
30	0.01465	0.01088	0.01412	0.01327	0.01567	0.01104	0.04093	0.15377	0.02058	0.02792	0.11628	0.34863	0.04102	0.01780	0.00904	0.00280	0.00585	0.09318	0.03446	0.00808
31	0.00915	0.00769	0.00794	0.00788	0.01036	0.00648	0.00591	0.01124	0.01772	0.02152	0.13960	0.07130	0.61964	0.01883	0.00896	0.00254	0.00381	0.01577	0.00718	0.00648
32	0.01009	0.00706	0.00860	0.00935	0.00981	0.00675	0.00593	0.01103	0.01364	0.01817	0.07860	0.35633	0.07742	0.32695	0.02198	0.00484	0.00558	0.01622	0.00608	0.00557
