[name]
unknown

[dist]
# distance from previous block
# <min> <max>
0	12

[block]
# block no. 0 follows, 21 sequences, length 14
# corresponding to MSA columns:
# 12-25
name=unknown_A
#
# <colnr> <probs for GDERKNQSTAVLIFYWHMCP>
#	G	D	E	R	K	N	Q	S	T	A	V	L	I	F	Y	W	H	M	C	P
0	0.05197	0.21877	0.02643	0.01608	0.02099	0.09723	0.01377	0.13434	0.02258	0.04952	0.04628	0.03224	0.07406	0.01531	0.05193	0.00325	0.04944	0.05938	0.00594	0.01050
1	0.02254	0.15511	0.22644	0.01827	0.02615	0.05845	0.01900	0.12915	0.02287	0.07153	0.06077	0.02407	0.01857	0.00956	0.00770	0.00240	0.00968	0.02223	0.04818	0.04732
2	0.02140	0.40317	0.22772	0.01984	0.02865	0.06966	0.07319	0.02663	0.01819	0.02280	0.01343	0.01588	0.01106	0.00761	0.00680	0.00220	0.01102	0.00562	0.00373	0.01140
3	0.16682	0.02159	0.04912	0.01684	0.02232	0.06345	0.01393	0.30373	0.07535	0.04075	0.02193	0.08168	0.01870	0.05419	0.01021	0.00301	0.00871	0.00878	0.00714	0.01175
4	0.17862	0.01147	0.01227	0.01132	0.01403	0.01170	0.00808	0.01946	0.03953	0.06636	0.05097	0.10649	0.02776	0.27159	0.06377	0.00541	0.00800	0.01080	0.00609	0.07628
5	0.53733	0.02010	0.07152	0.01363	0.01970	0.05849	0.01215	0.02830	0.01693	0.13169	0.01561	0.01664	0.01130	0.00838	0.00618	0.00261	0.00776	0.00542	0.00588	0.01037
6	0.01054	0.00864	0.00929	0.00913	0.01179	0.00739	0.00685	0.01315	0.02054	0.02571	0.22216	0.07743	0.50674	0.02054	0.01005	0.00283	0.00424	0.01733	0.00826	0.00739
7	0.01761	0.11319	0.55326	0.02226	0.03366	0.02057	0.02815	0.02638	0.01789	0.02648	0.01563	0.01830	0.01144	0.00810	0.00768	0.00256	0.01170	0.00620	0.04681	0.01213
8	0.01221	0.00888	0.01104	0.01050	0.01266	0.00804	0.00771	0.01555	0.02156	0.03036	0.43208	0.11902	0.12562	0.05736	0.01164	0.00298	0.00450	0.01535	0.04259	0.05035
9	0.01078	0.00865	0.00962	0.00938	0.01194	0.00749	0.00703	0.01361	0.02110	0.02704	0.28889	0.07523	0.43918	0.02004	0.01005	0.00280	0.00420	0.01703	0.00844	0.00749
10	0.01168	0.00859	0.01055	0.01092	0.01270	0.00769	0.00766	0.01394	0.01806	0.02480	0.15297	0.36428	0.13485	0.06366	0.01197	0.00326	0.00497	0.01849	0.04318	0.07576
11	0.06903	0.06413	0.04971	0.02299	0.05346	0.05560	0.20783	0.04201	0.05983	0.04624	0.01986	0.02255	0.03663	0.00812	0.00802	0.00229	0.01001	0.00770	0.00520	0.20879
12	0.08527	0.11897	0.30701	0.08514	0.10082	0.06518	0.04519	0.02631	0.01812	0.02630	0.01452	0.01781	0.01116	0.00790	0.00755	0.00249	0.01124	0.00621	0.00397	0.03884
13	0.31583	0.07108	0.22762	0.01992	0.06184	0.01988	0.05647	0.02739	0.01734	0.08872	0.01553	0.01754	0.01140	0.00810	0.00698	0.00261	0.00944	0.00603	0.00498	0.01129

[dist]
# distance from previous block
# <min> <max>
0	1

[block]
# block no. 1 follows, 21 sequences, length 18
# corresponding to MSA columns:
# 27-44
name=unknown_B
#
# <colnr> <probs for GDERKNQSTAVLIFYWHMCP>
#	G	D	E	R	K	N	Q	S	T	A	V	L	I	F	Y	W	H	M	C	P
0	0.30103	0.21491	0.10433	0.01391	0.01997	0.02174	0.01334	0.04581	0.01708	0.02960	0.05470	0.02218	0.01696	0.08189	0.01014	0.00301	0.00818	0.00644	0.00496	0.00982
1	0.09802	0.01975	0.06884	0.20235	0.29674	0.01950	0.05022	0.05773	0.01921	0.02843	0.01710	0.05335	0.01442	0.00894	0.00829	0.00269	0.01012	0.00811	0.00460	0.01158
2	0.02452	0.02343	0.04901	0.02898	0.22184	0.14025	0.01839	0.03436	0.19539	0.09439	0.02254	0.02352	0.01721	0.00918	0.00821	0.00250	0.00966	0.00765	0.00621	0.06276
3	0.08046	0.01703	0.01901	0.01510	0.02114	0.08187	0.01222	0.03630	0.02314	0.45515	0.06982	0.02799	0.02257	0.01030	0.00817	0.00248	0.00776	0.00816	0.00903	0.07230
4	0.01765	0.01513	0.01765	0.01260	0.02017	0.01134	0.01008	0.02143	0.01765	0.02773	0.01513	0.01765	0.01260	0.00630	0.00630	0.00126	0.00630	0.00504	0.00504	0.75295
5	0.01897	0.01394	0.01777	0.14932	0.02472	0.01627	0.01331	0.13154	0.02018	0.02960	0.02057	0.02807	0.01733	0.08475	0.01565	0.04547	0.10633	0.00818	0.22890	0.00914
6	0.01586	0.00793	0.00793	0.00793	0.00991	0.00793	0.00595	0.01983	0.01785	0.03173	0.02776	0.03173	0.02181	0.00991	0.00595	0.00198	0.00397	0.00793	0.74817	0.00793
7	0.01748	0.01455	0.01706	0.01264	0.01932	0.01154	0.01005	0.04857	0.01968	0.02992	0.11143	0.02480	0.02304	0.00818	0.00698	0.00154	0.00610	0.00675	0.00587	0.60451
8	0.01862	0.01862	0.02607	0.02234	0.02234	0.02607	0.01862	0.02048	0.01303	0.02048	0.01117	0.01862	0.01117	0.01489	0.02793	0.00372	0.68535	0.00745	0.00372	0.00931
9	0.76103	0.01646	0.01251	0.01119	0.01646	0.01909	0.00922	0.02502	0.01448	0.03818	0.01185	0.01382	0.00922	0.00790	0.00527	0.00263	0.00658	0.00461	0.00527	0.00922
10	0.01765	0.01513	0.01765	0.01260	0.02017	0.01134	0.01008	0.02143	0.01765	0.02773	0.01513	0.01765	0.01260	0.00630	0.00630	0.00126	0.00630	0.00504	0.00504	0.75295
11	0.02560	0.01729	0.01937	0.01675	0.02202	0.01891	0.01322	0.04425	0.47417	0.19651	0.03436	0.03103	0.02470	0.01128	0.00863	0.00282	0.00687	0.00934	0.00915	0.01373
12	0.01084	0.00784	0.01032	0.01195	0.01288	0.00733	0.00843	0.01283	0.01748	0.02321	0.09787	0.54017	0.09601	0.02524	0.01084	0.00340	0.00513	0.08309	0.00801	0.00712
13	0.01037	0.00741	0.00987	0.01185	0.01234	0.00691	0.00790	0.01185	0.01629	0.02172	0.04690	0.69537	0.05629	0.02666	0.01086	0.00346	0.00494	0.02419	0.00790	0.00691
14	0.01238	0.00825	0.00928	0.00928	0.00928	0.00825	0.00516	0.01238	0.01238	0.01650	0.02681	0.05569	0.03094	0.70092	0.04331	0.00825	0.00825	0.01238	0.00516	0.00516
15	0.01695	0.03737	0.50483	0.02442	0.03533	0.01876	0.10965	0.02584	0.01891	0.02775	0.08210	0.02349	0.01844	0.00895	0.00856	0.00272	0.01191	0.00777	0.00430	0.01194
16	0.01927	0.01818	0.03035	0.08852	0.51450	0.01828	0.02319	0.02409	0.01960	0.02759	0.07165	0.02862	0.06013	0.00936	0.00867	0.00258	0.00932	0.00890	0.00485	0.01235
17	0.05053	0.01134	0.01431	0.01508	0.05648	0.01151	0.01071	0.02154	0.11636	0.03238	0.37364	0.09965	0.05912	0.01666	0.00972	0.00288	0.00543	0.07501	0.00846	0.00919

[dist]
# distance from previous block
# <min> <max>
1	6

[block]
# block no. 2 follows, 21 sequences, length 40
# corresponding to MSA columns:
# 51-90
name=unknown_C
#
# <colnr> <probs for GDERKNQSTAVLIFYWHMCP>
#	G	D	E	R	K	N	Q	S	T	A	V	L	I	F	Y	W	H	M	C	P
0	0.06171	0.02578	0.08378	0.03342	0.27064	0.12411	0.05722	0.12819	0.04982	0.05814	0.01764	0.02033	0.01362	0.00854	0.00825	0.00254	0.01085	0.00728	0.00542	0.01270
1	0.72719	0.01680	0.01311	0.01158	0.01692	0.01943	0.00954	0.05263	0.01567	0.03890	0.01225	0.01413	0.00946	0.00801	0.00542	0.00263	0.00671	0.00475	0.00542	0.00946
2	0.01638	0.01544	0.02609	0.64116	0.09548	0.01899	0.02379	0.02202	0.01716	0.02212	0.01518	0.02259	0.01148	0.00845	0.00850	0.00282	0.01127	0.00756	0.00381	0.00971
3	0.01741	0.01509	0.02517	0.64015	0.05638	0.01852	0.02296	0.02294	0.01746	0.06005	0.01624	0.02307	0.01193	0.00863	0.00851	0.00282	0.01110	0.00762	0.00419	0.00976
4	0.01238	0.00825	0.00928	0.00928	0.00928	0.00825	0.00516	0.01238	0.01238	0.01650	0.02681	0.05569	0.03094	0.70092	0.04331	0.00825	0.00825	0.01238	0.00516	0.00516
5	0.01217	0.00906	0.01338	0.01338	0.01480	0.01048	0.01027	0.01501	0.01359	0.01954	0.02306	0.03492	0.02192	0.10634	0.62557	0.01331	0.02182	0.00934	0.00460	0.00744
6	0.03818	0.01448	0.01975	0.01514	0.02172	0.01251	0.01251	0.04147	0.02436	0.65373	0.03357	0.02897	0.02107	0.01053	0.00856	0.00263	0.00724	0.00856	0.01053	0.01448
7	0.01586	0.00793	0.00793	0.00793	0.00991	0.00793	0.00595	0.01983	0.01785	0.03173	0.02776	0.03173	0.02181	0.00991	0.00595	0.00198	0.00397	0.00793	0.74817	0.00793
8	0.03235	0.02384	0.02554	0.01958	0.02639	0.02639	0.01618	0.61946	0.04001	0.05363	0.02043	0.02043	0.01447	0.01022	0.00851	0.00255	0.00936	0.00766	0.00851	0.01447
9	0.03818	0.01448	0.01975	0.01514	0.02172	0.01251	0.01251	0.04147	0.02436	0.65373	0.03357	0.02897	0.02107	0.01053	0.00856	0.00263	0.00724	0.00856	0.01053	0.01448
10	0.01586	0.00793	0.00793	0.00793	0.00991	0.00793	0.00595	0.01983	0.01785	0.03173	0.02776	0.03173	0.02181	0.00991	0.00595	0.00198	0.00397	0.00793	0.74817	0.00793
11	0.01607	0.01513	0.02552	0.68047	0.05861	0.01891	0.02363	0.02174	0.01702	0.02174	0.01513	0.02269	0.01134	0.00851	0.00851	0.00284	0.01134	0.00756	0.00378	0.00945
12	0.02275	0.70604	0.04459	0.01456	0.02184	0.03367	0.01456	0.02548	0.01729	0.02002	0.01183	0.01365	0.01092	0.00728	0.00546	0.00182	0.00910	0.00455	0.00364	0.01092
13	0.01607	0.01513	0.02552	0.68047	0.05861	0.01891	0.02363	0.02174	0.01702	0.02174	0.01513	0.02269	0.01134	0.00851	0.00851	0.00284	0.01134	0.00756	0.00378	0.00945
14	0.02106	0.02022	0.03454	0.05223	0.64784	0.02022	0.02612	0.02612	0.01938	0.02780	0.01601	0.02106	0.01348	0.00758	0.00842	0.00253	0.01011	0.00758	0.00421	0.01348
15	0.02194	0.61175	0.13180	0.01594	0.02398	0.03169	0.01697	0.02569	0.01739	0.02101	0.01232	0.01427	0.01090	0.00740	0.00583	0.00194	0.00960	0.00480	0.00363	0.01116
16	0.01586	0.00793	0.00793	0.00793	0.00991	0.00793	0.00595	0.01983	0.01785	0.03173	0.02776	0.03173	0.02181	0.00991	0.00595	0.00198	0.00397	0.00793	0.74817	0.00793
17	0.03131	0.02894	0.02476	0.02122	0.05085	0.25745	0.01623	0.32896	0.03167	0.06773	0.01799	0.01889	0.01338	0.00942	0.00811	0.00237	0.01133	0.00679	0.00678	0.04583
18	0.01238	0.00825	0.00928	0.00928	0.00928	0.00825	0.00516	0.01238	0.01238	0.01650	0.02681	0.05569	0.03094	0.70092	0.04331	0.00825	0.00825	0.01238	0.00516	0.00516
19	0.01238	0.00825	0.00928	0.00928	0.00928	0.00825	0.00516	0.01238	0.01238	0.01650	0.02681	0.05569	0.03094	0.70092	0.04331	0.00825	0.00825	0.01238	0.00516	0.00516
20	0.02009	0.02296	0.05022	0.03587	0.04448	0.02152	0.61693	0.02726	0.02009	0.02726	0.01722	0.02296	0.01291	0.00717	0.01004	0.00287	0.01435	0.01004	0.00430	0.01148
21	0.01478	0.00739	0.01109	0.01109	0.01109	0.00739	0.00739	0.01109	0.01109	0.01478	0.01478	0.02587	0.01478	0.02956	0.03326	0.75240	0.00739	0.00739	0.00370	0.00370
22	0.01909	0.04119	0.59572	0.02338	0.03538	0.01907	0.02963	0.02834	0.01858	0.08707	0.01703	0.01902	0.01177	0.00832	0.00813	0.00269	0.01207	0.00651	0.00426	0.01276
23	0.02268	0.55708	0.08432	0.01790	0.05487	0.07135	0.01659	0.02595	0.01770	0.02096	0.01234	0.01462	0.01105	0.00774	0.00681	0.00201	0.03626	0.00500	0.00372	0.01104
24	0.01849	0.20943	0.50386	0.02183	0.03309	0.02324	0.02722	0.02658	0.01780	0.02522	0.01441	0.01689	0.01082	0.00788	0.00743	0.00248	0.01171	0.00585	0.00361	0.01216
25	0.02100	0.02040	0.03559	0.05114	0.60757	0.02031	0.06554	0.02619	0.01942	0.02777	0.01609	0.02119	0.01344	0.00756	0.00853	0.00255	0.01039	0.00775	0.00422	0.01335
26	0.01173	0.00869	0.01094	0.01038	0.01252	0.00790	0.00778	0.01546	0.02335	0.03238	0.55614	0.06644	0.16859	0.01805	0.01004	0.00271	0.00406	0.01579	0.00914	0.00790
27	0.03235	0.02384	0.02554	0.01958	0.02639	0.02639	0.01618	0.61946	0.04001	0.05363	0.02043	0.02043	0.01447	0.01022	0.00851	0.00255	0.00936	0.00766	0.00851	0.01447
28	0.01749	0.04148	0.59044	0.02724	0.10202	0.01981	0.03087	0.02686	0.01812	0.02704	0.01535	0.01830	0.01107	0.00803	0.00812	0.00268	0.01231	0.00643	0.00366	0.01267
29	0.03301	0.08742	0.06178	0.01562	0.02233	0.01555	0.01378	0.03812	0.06517	0.48089	0.05571	0.02834	0.02219	0.01040	0.00828	0.00257	0.00760	0.00836	0.00921	0.01366
30	0.01607	0.01513	0.02552	0.68047	0.05861	0.01891	0.02363	0.02174	0.01702	0.02174	0.01513	0.02269	0.01134	0.00851	0.00851	0.00284	0.01134	0.00756	0.00378	0.00945
31	0.01203	0.00937	0.01402	0.09114	0.01998	0.00942	0.03543	0.01467	0.01713	0.02263	0.04168	0.48101	0.04798	0.02319	0.01072	0.00344	0.00659	0.12473	0.00726	0.00756
32	0.01200	0.00968	0.01463	0.04753	0.01773	0.00985	0.05164	0.01422	0.01654	0.02221	0.04096	0.54506	0.04790	0.02353	0.01180	0.00342	0.04861	0.04797	0.00718	0.00755
33	0.03818	0.01448	0.01975	0.01514	0.02172	0.01251	0.01251	0.04147	0.02436	0.65373	0.03357	0.02897	0.02107	0.01053	0.00856	0.00263	0.00724	0.00856	0.01053	0.01448
34	0.01635	0.01567	0.02723	0.63600	0.05764	0.01909	0.06457	0.02212	0.01723	0.02212	0.01527	0.02271	0.01145	0.00842	0.00861	0.00284	0.01155	0.00773	0.00382	0.00959
35	0.01707	0.04402	0.65683	0.02426	0.03683	0.01976	0.03144	0.02695	0.01797	0.02695	0.01527	0.01797	0.01078	0.00809	0.00809	0.00270	0.01258	0.00629	0.00359	0.01258
36	0.02659	0.02696	0.27712	0.06434	0.03141	0.01667	0.05149	0.03377	0.04723	0.30193	0.02422	0.02395	0.01609	0.00929	0.00844	0.00269	0.00999	0.00770	0.00690	0.01319
37	0.01745	0.03786	0.49793	0.02601	0.03723	0.01955	0.15272	0.02647	0.01871	0.02737	0.04685	0.02127	0.01468	0.00836	0.00859	0.00273	0.01252	0.00753	0.00403	0.01212
38	0.02915	0.03616	0.02332	0.06682	0.02779	0.56555	0.01670	0.03173	0.02324	0.02129	0.01603	0.02279	0.01426	0.01002	0.00808	0.00239	0.01442	0.05595	0.00464	0.00966
39	0.01763	0.01893	0.07312	0.24660	0.17713	0.01817	0.16322	0.02332	0.01830	0.02523	0.01953	0.08759	0.01702	0.00978	0.00893	0.00278	0.01088	0.00970	0.04142	0.01071

[dist]
# distance from previous block
# <min> <max>
1	6

[block]
# block no. 3 follows, 21 sequences, length 18
# corresponding to MSA columns:
# 97-114
name=unknown_D
#
# <colnr> <probs for GDERKNQSTAVLIFYWHMCP>
#	G	D	E	R	K	N	Q	S	T	A	V	L	I	F	Y	W	H	M	C	P
0	0.02431	0.01996	0.02281	0.02167	0.09542	0.02189	0.01549	0.21739	0.33157	0.03962	0.02659	0.02593	0.01995	0.01027	0.00840	0.00262	0.00790	0.00842	0.00782	0.07196
1	0.01902	0.02004	0.03511	0.06668	0.03282	0.02393	0.24378	0.02310	0.01592	0.02310	0.01368	0.02049	0.01184	0.01161	0.02005	0.00335	0.39296	0.00843	0.00395	0.01013
2	0.02313	0.02098	0.04031	0.03311	0.12313	0.02011	0.37868	0.08499	0.02224	0.10391	0.02057	0.05206	0.01597	0.00876	0.00953	0.00279	0.01203	0.00990	0.00559	0.01221
3	0.01831	0.12349	0.47293	0.02509	0.03630	0.02182	0.13257	0.02682	0.01826	0.02613	0.01518	0.01830	0.01117	0.00782	0.00810	0.00262	0.01245	0.00673	0.00372	0.01218
4	0.01283	0.00883	0.01275	0.01275	0.01420	0.01004	0.00979	0.01546	0.01400	0.02088	0.02279	0.03262	0.02083	0.05431	0.53366	0.07032	0.01920	0.00883	0.09858	0.00733
5	0.01657	0.01072	0.01361	0.14015	0.02110	0.01213	0.01088	0.04312	0.01785	0.02889	0.02327	0.02849	0.01851	0.01254	0.03236	0.02660	0.05420	0.00784	0.47276	0.00843
6	0.02820	0.07196	0.02313	0.01805	0.02328	0.17824	0.01435	0.20779	0.12010	0.11383	0.02477	0.09489	0.02051	0.01169	0.00838	0.00257	0.00965	0.00912	0.00738	0.01213
7	0.01607	0.01513	0.02552	0.68047	0.05861	0.01891	0.02363	0.02174	0.01702	0.02174	0.01513	0.02269	0.01134	0.00851	0.00851	0.00284	0.01134	0.00756	0.00378	0.00945
8	0.01194	0.00813	0.00970	0.01012	0.01032	0.00812	0.00610	0.01245	0.01329	0.01782	0.03080	0.18955	0.03566	0.51623	0.07763	0.00759	0.00851	0.01466	0.00570	0.00569
9	0.07442	0.01804	0.09685	0.26225	0.10303	0.01656	0.07566	0.02142	0.01773	0.02550	0.05649	0.14895	0.02375	0.01207	0.00886	0.00288	0.00966	0.01096	0.00505	0.00986
10	0.02005	0.02537	0.18612	0.11161	0.25953	0.01992	0.09746	0.02871	0.08841	0.05203	0.01866	0.02224	0.01421	0.00833	0.00858	0.00269	0.01089	0.00783	0.00477	0.01258
11	0.01212	0.00824	0.00979	0.01002	0.01022	0.00833	0.00602	0.01260	0.01296	0.01743	0.02873	0.12722	0.03290	0.55977	0.10168	0.00824	0.00932	0.01341	0.00541	0.00560
12	0.02535	0.01330	0.01665	0.01383	0.01835	0.01259	0.01099	0.12207	0.02583	0.28005	0.22040	0.09283	0.08178	0.01453	0.00927	0.00271	0.00623	0.01230	0.00948	0.01147
13	0.03220	0.06589	0.02629	0.01892	0.02575	0.02578	0.01579	0.53776	0.03738	0.09769	0.02090	0.02066	0.01476	0.01006	0.00833	0.00251	0.00918	0.00754	0.00836	0.01425
14	0.01056	0.00756	0.01005	0.01172	0.01239	0.00704	0.00791	0.01233	0.01719	0.02315	0.11567	0.62253	0.05905	0.02559	0.01077	0.00337	0.00483	0.02318	0.00807	0.00704
15	0.01801	0.01499	0.01780	0.04384	0.02157	0.01249	0.01098	0.07227	0.01940	0.02901	0.01925	0.09625	0.01774	0.00909	0.00712	0.00170	0.00664	0.00759	0.00561	0.56861
16	0.01240	0.00947	0.01257	0.08887	0.01834	0.00944	0.00990	0.04020	0.01782	0.02369	0.07008	0.45739	0.08876	0.06037	0.01207	0.00347	0.00602	0.01940	0.00727	0.03247
17	0.12857	0.26414	0.16265	0.01845	0.02510	0.02504	0.05532	0.02421	0.01657	0.02484	0.01696	0.01987	0.04650	0.00967	0.01046	0.00258	0.12781	0.00653	0.00417	0.01056

[dist]
# distance from previous block
# <min> <max>
0	1

[block]
# block no. 4 follows, 21 sequences, length 24
# corresponding to MSA columns:
# 116-139
name=unknown_E
#
# <colnr> <probs for GDERKNQSTAVLIFYWHMCP>
#	G	D	E	R	K	N	Q	S	T	A	V	L	I	F	Y	W	H	M	C	P
0	0.01943	0.01878	0.03263	0.24926	0.42641	0.01988	0.06032	0.02481	0.01868	0.02586	0.01580	0.02169	0.01277	0.00785	0.00855	0.00264	0.01075	0.00772	0.00408	0.01209
1	0.01753	0.01658	0.02762	0.37010	0.28942	0.01839	0.02310	0.02264	0.01817	0.02427	0.02180	0.02731	0.06854	0.00930	0.00861	0.00272	0.01023	0.00850	0.00432	0.01086
2	0.01238	0.00825	0.00928	0.00928	0.00928	0.00825	0.00516	0.01238	0.01238	0.01650	0.02681	0.05569	0.03094	0.70092	0.04331	0.00825	0.00825	0.01238	0.00516	0.00516
3	0.01586	0.00793	0.00793	0.00793	0.00991	0.00793	0.00595	0.01983	0.01785	0.03173	0.02776	0.03173	0.02181	0.00991	0.00595	0.00198	0.00397	0.00793	0.74817	0.00793
4	0.02130	0.05060	0.07490	0.02847	0.12011	0.01864	0.20498	0.02553	0.02193	0.06385	0.17101	0.06846	0.03404	0.01315	0.01124	0.00327	0.03772	0.01171	0.00690	0.01218
5	0.02239	0.57914	0.13078	0.01630	0.02420	0.06272	0.01706	0.02611	0.01772	0.02105	0.01239	0.01435	0.01090	0.00747	0.00594	0.00196	0.00990	0.00484	0.00367	0.01111
6	0.01586	0.00793	0.00793	0.00793	0.00991	0.00793	0.00595	0.01983	0.01785	0.03173	0.02776	0.03173	0.02181	0.00991	0.00595	0.00198	0.00397	0.00793	0.74817	0.00793
7	0.01986	0.02376	0.07864	0.03459	0.04294	0.02167	0.55673	0.02689	0.01961	0.02689	0.01680	0.02248	0.01272	0.00763	0.01089	0.00291	0.04962	0.00972	0.00424	0.01142
8	0.01195	0.00936	0.01102	0.01178	0.01365	0.00906	0.00850	0.01686	0.09906	0.02480	0.09134	0.37534	0.21521	0.02257	0.01034	0.00319	0.00507	0.04483	0.00808	0.00796
9	0.01037	0.00741	0.00987	0.01185	0.01234	0.00691	0.00790	0.01185	0.01629	0.02172	0.04690	0.69537	0.05629	0.02666	0.01086	0.00346	0.00494	0.02419	0.00790	0.00691
10	0.01034	0.00753	0.00975	0.01152	0.01226	0.00694	0.00775	0.01189	0.01661	0.02185	0.05092	0.63273	0.11633	0.02614	0.01078	0.00340	0.00487	0.02356	0.00790	0.00694
11	0.01037	0.00741	0.00987	0.01185	0.01234	0.00691	0.00790	0.01185	0.01629	0.02172	0.04690	0.69537	0.05629	0.02666	0.01086	0.00346	0.00494	0.02419	0.00790	0.00691
12	0.01765	0.01513	0.01765	0.01260	0.02017	0.01134	0.01008	0.02143	0.01765	0.02773	0.01513	0.01765	0.01260	0.00630	0.00630	0.00126	0.00630	0.00504	0.00504	0.75295
13	0.32542	0.01930	0.08243	0.01425	0.02018	0.05260	0.01270	0.02863	0.04537	0.16160	0.09959	0.02487	0.02201	0.00981	0.00719	0.00256	0.00750	0.00728	0.00679	0.04991
14	0.01769	0.08290	0.56514	0.02469	0.03659	0.02078	0.08252	0.02689	0.01811	0.02655	0.01523	0.01815	0.01098	0.00795	0.00810	0.00266	0.01252	0.00652	0.00366	0.01238
15	0.01693	0.01438	0.02210	0.13370	0.02596	0.01815	0.04758	0.01783	0.01343	0.01910	0.01343	0.02206	0.01254	0.01842	0.02543	0.26140	0.29872	0.00759	0.00376	0.00752
16	0.12493	0.08378	0.15223	0.05665	0.02683	0.01959	0.01746	0.12170	0.05487	0.19105	0.02253	0.02532	0.01661	0.00996	0.00791	0.00265	0.00899	0.03773	0.00684	0.01237
17	0.03009	0.09006	0.02260	0.01768	0.05964	0.08225	0.01347	0.05857	0.04849	0.34538	0.06628	0.05793	0.04705	0.01137	0.00838	0.00255	0.00811	0.00920	0.00835	0.01255
18	0.01862	0.01862	0.02607	0.02234	0.02234	0.02607	0.01862	0.02048	0.01303	0.02048	0.01117	0.01862	0.01117	0.01489	0.02793	0.00372	0.68535	0.00745	0.00372	0.00931
19	0.02993	0.01964	0.02203	0.01765	0.02356	0.02105	0.01429	0.36231	0.12227	0.17083	0.02758	0.08393	0.02124	0.01194	0.00875	0.00270	0.00815	0.00961	0.00889	0.01365
20	0.07229	0.02066	0.02395	0.02135	0.08794	0.02211	0.01581	0.35388	0.09435	0.16497	0.02351	0.02295	0.01654	0.01001	0.00834	0.00261	0.00860	0.00786	0.00830	0.01397
21	0.01862	0.01862	0.02607	0.02234	0.02234	0.02607	0.01862	0.02048	0.01303	0.02048	0.01117	0.01862	0.01117	0.01489	0.02793	0.00372	0.68535	0.00745	0.00372	0.00931
22	0.05168	0.01822	0.02612	0.30461	0.21634	0.05879	0.02122	0.02572	0.05304	0.05586	0.02001	0.02458	0.04035	0.00933	0.00919	0.00273	0.03852	0.00792	0.00479	0.01099
23	0.02205	0.01426	0.01720	0.07368	0.02223	0.01494	0.01255	0.10319	0.15346	0.15103	0.07146	0.07650	0.09242	0.01389	0.00895	0.00281	0.00691	0.05679	0.07450	0.01118

[dist]
# distance from previous block
# <min> <max>
1	4

[block]
# block no. 5 follows, 21 sequences, length 54
# corresponding to MSA columns:
# 144-197
name=unknown_F
#
# <colnr> <probs for GDERKNQSTAVLIFYWHMCP>
#	G	D	E	R	K	N	Q	S	T	A	V	L	I	F	Y	W	H	M	C	P
0	0.02280	0.32296	0.13604	0.01599	0.02337	0.02299	0.01608	0.02799	0.04799	0.12890	0.05515	0.02194	0.01800	0.01131	0.03762	0.00271	0.00939	0.00664	0.00550	0.06663
1	0.01178	0.00918	0.01077	0.01040	0.01281	0.00845	0.00778	0.01619	0.05816	0.02956	0.37542	0.09937	0.28086	0.01901	0.01000	0.00280	0.00433	0.01641	0.00872	0.00799
2	0.07640	0.01809	0.01883	0.01691	0.02174	0.02083	0.01329	0.06949	0.53608	0.03626	0.03267	0.03228	0.02505	0.01166	0.00852	0.00289	0.00689	0.03077	0.00837	0.01299
3	0.02355	0.07136	0.14809	0.01635	0.02281	0.01631	0.01567	0.05611	0.11355	0.20996	0.17850	0.03421	0.03332	0.01163	0.00861	0.00263	0.00767	0.00961	0.00797	0.01209
4	0.03342	0.01636	0.02328	0.01771	0.02420	0.01521	0.07796	0.12388	0.02620	0.45094	0.07517	0.02962	0.02361	0.01063	0.00882	0.00265	0.00808	0.00909	0.00947	0.01368
5	0.01840	0.02253	0.10635	0.25457	0.04849	0.02044	0.35218	0.02534	0.01881	0.02534	0.01630	0.02233	0.01215	0.00773	0.00931	0.00284	0.01313	0.00880	0.00405	0.01090
6	0.01037	0.00741	0.00987	0.01185	0.01234	0.00691	0.00790	0.01185	0.01629	0.02172	0.04690	0.69537	0.05629	0.02666	0.01086	0.00346	0.00494	0.02419	0.00790	0.00691
7	0.01783	0.01605	0.02558	0.50985	0.11640	0.01906	0.02226	0.07890	0.01943	0.02545	0.01761	0.06202	0.01453	0.00964	0.00864	0.00281	0.01064	0.00856	0.00452	0.01022
8	0.01657	0.01563	0.02643	0.61773	0.11745	0.01904	0.02388	0.02218	0.01725	0.02235	0.01521	0.02253	0.01156	0.00842	0.00850	0.00281	0.01122	0.00756	0.00382	0.00986
9	0.01765	0.01513	0.01765	0.01260	0.02017	0.01134	0.01008	0.02143	0.01765	0.02773	0.01513	0.01765	0.01260	0.00630	0.00630	0.00126	0.00630	0.00504	0.00504	0.75295
10	0.03235	0.02384	0.02554	0.01958	0.02639	0.02639	0.01618	0.61946	0.04001	0.05363	0.02043	0.02043	0.01447	0.01022	0.00851	0.00255	0.00936	0.00766	0.00851	0.01447
11	0.01421	0.00950	0.01361	0.01339	0.01551	0.00881	0.03943	0.01714	0.01980	0.08297	0.20451	0.33794	0.07762	0.02119	0.01047	0.00318	0.00570	0.08843	0.00834	0.00825
12	0.01052	0.00752	0.01005	0.01203	0.01259	0.00705	0.00817	0.01212	0.01645	0.02190	0.04682	0.66738	0.05594	0.02651	0.01090	0.00348	0.00507	0.05064	0.00790	0.00696
13	0.01037	0.00741	0.00987	0.01185	0.01234	0.00691	0.00790	0.01185	0.01629	0.02172	0.04690	0.69537	0.05629	0.02666	0.01086	0.00346	0.00494	0.02419	0.00790	0.00691
14	0.01747	0.01460	0.02265	0.43827	0.10281	0.01714	0.01967	0.05705	0.01878	0.02633	0.01821	0.02432	0.01396	0.00882	0.00796	0.00261	0.00954	0.00765	0.16236	0.00981
15	0.01868	0.01509	0.01775	0.01273	0.02025	0.01140	0.01021	0.02244	0.01799	0.05932	0.01606	0.01822	0.01303	0.00652	0.00642	0.00133	0.00635	0.00522	0.00532	0.71568
16	0.01057	0.00755	0.01010	0.01208	0.01266	0.00708	0.00824	0.01219	0.01649	0.02195	0.04680	0.65998	0.05585	0.02648	0.01091	0.00348	0.00511	0.05763	0.00790	0.00697
17	0.02058	0.36054	0.27251	0.01899	0.02755	0.06464	0.02109	0.02595	0.01763	0.02270	0.01356	0.01630	0.01125	0.01001	0.03083	0.00268	0.04266	0.00556	0.00370	0.01129
18	0.03179	0.04056	0.02412	0.02192	0.02631	0.66676	0.01644	0.03398	0.02412	0.02083	0.01315	0.01535	0.01096	0.00877	0.00767	0.00219	0.01535	0.00548	0.00438	0.00987
19	0.02162	0.02128	0.03400	0.05066	0.61559	0.05376	0.02562	0.02653	0.01962	0.02744	0.01586	0.02077	0.01335	0.00764	0.00839	0.00251	0.01038	0.00747	0.00422	0.01329
20	0.02106	0.02022	0.03454	0.05223	0.64784	0.02022	0.02612	0.02612	0.01938	0.02780	0.01601	0.02106	0.01348	0.00758	0.00842	0.00253	0.01011	0.00758	0.00421	0.01348
21	0.03121	0.02337	0.02569	0.02114	0.05809	0.02581	0.01655	0.56031	0.06854	0.05141	0.02091	0.02103	0.01500	0.01015	0.00852	0.00257	0.00927	0.00776	0.00830	0.01437
22	0.03081	0.03893	0.02426	0.02195	0.02601	0.61914	0.01660	0.03298	0.02329	0.02080	0.01301	0.01559	0.01098	0.00922	0.00918	0.00231	0.06514	0.00563	0.00434	0.00982
23	0.03818	0.01448	0.01975	0.01514	0.02172	0.01251	0.01251	0.04147	0.02436	0.65373	0.03357	0.02897	0.02107	0.01053	0.00856	0.00263	0.00724	0.00856	0.01053	0.01448
24	0.02009	0.02296	0.05022	0.03587	0.04448	0.02152	0.61693	0.02726	0.02009	0.02726	0.01722	0.02296	0.01291	0.00717	0.01004	0.00287	0.01435	0.01004	0.00430	0.01148
25	0.01218	0.00904	0.01331	0.01331	0.01470	0.01044	0.01018	0.01496	0.01357	0.01948	0.02313	0.03530	0.02209	0.11741	0.61472	0.01322	0.02157	0.00939	0.00461	0.00739
26	0.01062	0.00758	0.01016	0.01213	0.01274	0.00713	0.00833	0.01228	0.01654	0.02200	0.04677	0.65082	0.05574	0.02643	0.01093	0.00349	0.00515	0.06628	0.00789	0.00698
27	0.01238	0.00825	0.00928	0.00928	0.00928	0.00825	0.00516	0.01238	0.01238	0.01650	0.02681	0.05569	0.03094	0.70092	0.04331	0.00825	0.00825	0.01238	0.00516	0.00516
28	0.02943	0.01644	0.01949	0.01626	0.02193	0.01696	0.01300	0.04340	0.33731	0.33562	0.03412	0.03040	0.02359	0.01105	0.00861	0.00276	0.00698	0.00911	0.00957	0.01396
29	0.02190	0.60667	0.13650	0.01602	0.02409	0.03159	0.01710	0.02570	0.01739	0.02106	0.01235	0.01430	0.01090	0.00740	0.00585	0.00195	0.00962	0.00481	0.00363	0.01117
30	0.01607	0.01513	0.02552	0.68047	0.05861	0.01891	0.02363	0.02174	0.01702	0.02174	0.01513	0.02269	0.01134	0.00851	0.00851	0.00284	0.01134	0.00756	0.00378	0.00945
31	0.03235	0.02384	0.02554	0.01958	0.02639	0.02639	0.01618	0.61946	0.04001	0.05363	0.02043	0.02043	0.01447	0.01022	0.00851	0.00255	0.00936	0.00766	0.00851	0.01447
32	0.02618	0.01322	0.01532	0.01275	0.01720	0.01314	0.01021	0.11620	0.06894	0.24497	0.02917	0.02916	0.02080	0.01029	0.00740	0.00235	0.00606	0.00823	0.33689	0.01150
33	0.02091	0.04780	0.02651	0.07935	0.02620	0.09054	0.01850	0.06667	0.01667	0.02307	0.01243	0.01858	0.01140	0.01307	0.02186	0.00333	0.48198	0.00716	0.00415	0.00982
34	0.01238	0.00825	0.00928	0.00928	0.00928	0.00825	0.00516	0.01238	0.01238	0.01650	0.02681	0.05569	0.03094	0.70092	0.04331	0.00825	0.00825	0.01238	0.00516	0.00516
35	0.01052	0.00752	0.01005	0.01203	0.01259	0.00705	0.00817	0.01212	0.01645	0.02190	0.04682	0.66740	0.05594	0.02651	0.01090	0.00348	0.00507	0.05063	0.00790	0.00696
36	0.01035	0.00746	0.00982	0.01170	0.01230	0.00692	0.00783	0.01187	0.01644	0.02178	0.04873	0.66689	0.08359	0.02642	0.01082	0.00343	0.00491	0.02390	0.00790	0.00692
37	0.02254	0.57925	0.10358	0.01678	0.02449	0.06342	0.04180	0.02613	0.01782	0.02104	0.01246	0.01455	0.01099	0.00743	0.00602	0.00197	0.00997	0.00500	0.00370	0.01105
38	0.02005	0.01526	0.01713	0.01573	0.01971	0.01677	0.01221	0.05990	0.37929	0.07964	0.09856	0.12901	0.03620	0.01479	0.00927	0.00297	0.00642	0.04657	0.00871	0.01180
39	0.01064	0.00762	0.00983	0.01138	0.01201	0.00712	0.00756	0.01213	0.01644	0.02188	0.07679	0.56926	0.08384	0.09365	0.01404	0.00387	0.00519	0.02226	0.00770	0.00681
40	0.03019	0.01453	0.01879	0.04833	0.02216	0.01394	0.01250	0.09271	0.06961	0.39748	0.07963	0.07171	0.02753	0.04779	0.01061	0.00300	0.00728	0.01016	0.00933	0.01271
41	0.35425	0.01701	0.02052	0.05074	0.05277	0.01794	0.06772	0.05566	0.04915	0.20713	0.02019	0.02079	0.01418	0.00885	0.00723	0.00267	0.00800	0.00686	0.00682	0.01152
42	0.01134	0.00897	0.01393	0.01426	0.01557	0.00838	0.06909	0.01340	0.01667	0.02228	0.04392	0.62781	0.05193	0.02470	0.01078	0.00340	0.00588	0.02277	0.00754	0.00737
43	0.76103	0.01646	0.01251	0.01119	0.01646	0.01909	0.00922	0.02502	0.01448	0.03818	0.01185	0.01382	0.00922	0.00790	0.00527	0.00263	0.00658	0.00461	0.00527	0.00922
44	0.01224	0.00877	0.01193	0.01193	0.01284	0.00969	0.00846	0.01407	0.01316	0.01846	0.02439	0.04229	0.02512	0.31747	0.41881	0.01152	0.01700	0.01041	0.00480	0.00663
45	0.01735	0.01675	0.02909	0.50350	0.12904	0.01945	0.08859	0.02388	0.04353	0.02369	0.01629	0.02290	0.01240	0.00837	0.00867	0.00280	0.01133	0.00792	0.00410	0.01035
46	0.02170	0.02143	0.03392	0.05043	0.61090	0.05864	0.02554	0.02658	0.01966	0.02739	0.01584	0.02072	0.01333	0.00765	0.00838	0.00251	0.01042	0.00746	0.00422	0.01327
47	0.01169	0.00857	0.01096	0.01061	0.01256	0.00784	0.00786	0.01528	0.02288	0.03184	0.53125	0.12596	0.13358	0.01870	0.01012	0.00277	0.00413	0.01649	0.00908	0.00784
48	0.01037	0.00741	0.00987	0.01185	0.01234	0.00691	0.00790	0.01185	0.01629	0.02172	0.04690	0.69537	0.05629	0.02666	0.01086	0.00346	0.00494	0.02419	0.00790	0.00691
49	0.01586	0.00793	0.00793	0.00793	0.00991	0.00793	0.00595	0.01983	0.01785	0.03173	0.02776	0.03173	0.02181	0.00991	0.00595	0.00198	0.00397	0.00793	0.74817	0.00793
50	0.01186	0.00863	0.01116	0.01066	0.01263	0.00793	0.00794	0.01565	0.02345	0.03292	0.58429	0.09727	0.10752	0.01809	0.01008	0.00273	0.00408	0.01598	0.00922	0.00793
51	0.76103	0.01646	0.01251	0.01119	0.01646	0.01909	0.00922	0.02502	0.01448	0.03818	0.01185	0.01382	0.00922	0.00790	0.00527	0.00263	0.00658	0.00461	0.00527	0.00922
52	0.02117	0.01828	0.01924	0.01732	0.02213	0.02117	0.01347	0.04522	0.63246	0.03560	0.03464	0.03175	0.02598	0.01155	0.00866	0.00289	0.00673	0.00962	0.00866	0.01347
53	0.01765	0.01513	0.01765	0.01260	0.02017	0.01134	0.01008	0.02143	0.01765	0.02773	0.01513	0.01765	0.01260	0.00630	0.00630	0.00126	0.00630	0.00504	0.00504	0.75295

[dist]
# distance from previous block
# <min> <max>
0	9

[block]
# block no. 6 follows, 21 sequences, length 11
# corresponding to MSA columns:
# 207-217
name=unknown_G
#
# <colnr> <probs for GDERKNQSTAVLIFYWHMCP>
#	G	D	E	R	K	N	Q	S	T	A	V	L	I	F	Y	W	H	M	C	P
0	0.01607	0.01513	0.02552	0.68047	0.05861	0.01891	0.02363	0.02174	0.01702	0.02174	0.01513	0.02269	0.01134	0.00851	0.00851	0.00284	0.01134	0.00756	0.00378	0.00945
1	0.01065	0.00753	0.00979	0.01149	0.01191	0.00710	0.00751	0.01192	0.01574	0.02098	0.04406	0.60479	0.05270	0.12213	0.01546	0.00413	0.00541	0.02252	0.00751	0.00666
2	0.01912	0.02009	0.03425	0.02693	0.02985	0.02452	0.22146	0.02278	0.01542	0.02278	0.01322	0.02009	0.01176	0.01228	0.02186	0.00343	0.45786	0.00833	0.00392	0.01004
3	0.01707	0.04402	0.65683	0.02426	0.03683	0.01976	0.03144	0.02695	0.01797	0.02695	0.01527	0.01797	0.01078	0.00809	0.00809	0.00270	0.01258	0.00629	0.00359	0.01258
4	0.01295	0.00819	0.01098	0.01227	0.01343	0.00759	0.00861	0.01485	0.01757	0.07492	0.07832	0.57271	0.05428	0.02465	0.01068	0.00337	0.00524	0.05355	0.00819	0.00765
5	0.01006	0.00862	0.00862	0.00862	0.01149	0.00718	0.00647	0.01221	0.01940	0.02299	0.08621	0.08190	0.64438	0.02155	0.01006	0.00287	0.00431	0.01796	0.00790	0.00718
6	0.02218	0.02234	0.03346	0.04908	0.58306	0.08760	0.02511	0.02694	0.01987	0.02708	0.01571	0.02047	0.01322	0.00771	0.00835	0.00249	0.01066	0.00736	0.00423	0.01310
7	0.01126	0.00881	0.01217	0.01286	0.01452	0.00812	0.03923	0.01353	0.01767	0.02283	0.05419	0.43522	0.18845	0.02405	0.01076	0.00336	0.00568	0.10224	0.00771	0.00734
8	0.01702	0.01697	0.03133	0.52885	0.05529	0.01952	0.16319	0.02304	0.01774	0.02304	0.01562	0.02275	0.01171	0.00819	0.00887	0.00284	0.01205	0.00815	0.00390	0.00993
9	0.03092	0.03454	0.02544	0.02419	0.08451	0.44882	0.01728	0.17716	0.02758	0.02954	0.01521	0.01713	0.01206	0.00901	0.00795	0.00231	0.01339	0.00621	0.00538	0.01134
10	0.01466	0.01169	0.01555	0.01492	0.01758	0.01170	0.05348	0.07415	0.08389	0.02724	0.04634	0.34678	0.12839	0.02100	0.01036	0.00325	0.00652	0.09596	0.00777	0.00879

[dist]
# distance from previous block
# <min> <max>
0	4

[block]
# block no. 7 follows, 21 sequences, length 49
# corresponding to MSA columns:
# 223-242,248-276
name=unknown_H
#
# <colnr> <probs for GDERKNQSTAVLIFYWHMCP>
#	G	D	E	R	K	N	Q	S	T	A	V	L	I	F	Y	W	H	M	C	P
0	0.05687	0.13319	0.26598	0.02273	0.08373	0.05363	0.05215	0.02644	0.01862	0.05718	0.01727	0.02260	0.01406	0.00871	0.00768	0.00242	0.01047	0.04054	0.00458	0.10113
1	0.01802	0.01529	0.01827	0.01522	0.05690	0.01271	0.01120	0.05168	0.05127	0.02957	0.05861	0.02485	0.05016	0.00831	0.00708	0.00165	0.00646	0.00686	0.00576	0.55011
2	0.01301	0.00985	0.01249	0.01360	0.01595	0.00957	0.01145	0.01748	0.05074	0.02573	0.08525	0.08732	0.21109	0.02207	0.01105	0.00352	0.00663	0.37726	0.00797	0.00795
3	0.01958	0.01906	0.03351	0.22569	0.42681	0.01998	0.08113	0.02501	0.01879	0.02606	0.01588	0.02169	0.01283	0.00780	0.00860	0.00265	0.01085	0.00781	0.00410	0.01217
4	0.03130	0.02417	0.02489	0.01949	0.02600	0.05810	0.01594	0.53744	0.09347	0.05033	0.02137	0.02121	0.01535	0.01026	0.00848	0.00257	0.00942	0.00773	0.00832	0.01415
5	0.01037	0.00741	0.00987	0.01185	0.01234	0.00691	0.00790	0.01185	0.01629	0.02172	0.04690	0.69537	0.05629	0.02666	0.01086	0.00346	0.00494	0.02419	0.00790	0.00691
6	0.01037	0.00741	0.00987	0.01185	0.01234	0.00691	0.00790	0.01185	0.01629	0.02172	0.04690	0.69537	0.05629	0.02666	0.01086	0.00346	0.00494	0.02419	0.00790	0.00691
7	0.01037	0.00741	0.00987	0.01185	0.01234	0.00691	0.00790	0.01185	0.01629	0.02172	0.04690	0.69537	0.05629	0.02666	0.01086	0.00346	0.00494	0.02419	0.00790	0.00691
8	0.02275	0.70604	0.04459	0.01456	0.02184	0.03367	0.01456	0.02548	0.01729	0.02002	0.01183	0.01365	0.01092	0.00728	0.00546	0.00182	0.00910	0.00455	0.00364	0.01092
9	0.01031	0.00870	0.00897	0.00911	0.01192	0.00736	0.00697	0.01259	0.01941	0.02316	0.08336	0.08288	0.60317	0.02169	0.01018	0.00295	0.00455	0.05760	0.00790	0.00723
10	0.02275	0.70604	0.04459	0.01456	0.02184	0.03367	0.01456	0.02548	0.01729	0.02002	0.01183	0.01365	0.01092	0.00728	0.00546	0.00182	0.00910	0.00455	0.00364	0.01092
11	0.01225	0.00831	0.00984	0.00994	0.01015	0.00847	0.00595	0.01269	0.01273	0.01715	0.02732	0.08460	0.03103	0.59079	0.11694	0.00867	0.00984	0.01257	0.00522	0.00554
12	0.01607	0.01513	0.02552	0.68047	0.05861	0.01891	0.02363	0.02174	0.01702	0.02174	0.01513	0.02269	0.01134	0.00851	0.00851	0.00284	0.01134	0.00756	0.00378	0.00945
13	0.01217	0.00907	0.01342	0.01342	0.01485	0.01050	0.01032	0.01503	0.01360	0.01956	0.02303	0.03474	0.02184	0.10131	0.63049	0.01336	0.02194	0.00931	0.00459	0.00745
14	0.03461	0.01510	0.01920	0.01494	0.02100	0.01405	0.01227	0.12587	0.02593	0.48840	0.03089	0.02801	0.02016	0.01041	0.00824	0.00254	0.00717	0.00835	0.09917	0.01369
15	0.02009	0.02296	0.05022	0.03587	0.04448	0.02152	0.61693	0.02726	0.02009	0.02726	0.01722	0.02296	0.01291	0.00717	0.01004	0.00287	0.01435	0.01004	0.00430	0.01148
16	0.01238	0.00825	0.00928	0.00928	0.00928	0.00825	0.00516	0.01238	0.01238	0.01650	0.02681	0.05569	0.03094	0.70092	0.04331	0.00825	0.00825	0.01238	0.00516	0.00516
17	0.01328	0.01091	0.01427	0.01415	0.01583	0.04806	0.01097	0.01627	0.01427	0.01982	0.02224	0.03240	0.02069	0.06068	0.62958	0.01302	0.02237	0.00891	0.00455	0.00773
18	0.22148	0.02090	0.02122	0.01695	0.02314	0.02330	0.01391	0.37800	0.09394	0.07579	0.02028	0.02028	0.01460	0.00976	0.00768	0.00261	0.00827	0.00711	0.00778	0.01300
19	0.01926	0.02367	0.10608	0.12759	0.04449	0.02094	0.43694	0.02745	0.05435	0.02690	0.01771	0.02291	0.01321	0.00771	0.00954	0.00285	0.01330	0.00928	0.00440	0.01141
20	0.06563	0.51555	0.14994	0.01644	0.02440	0.06163	0.01732	0.02613	0.01758	0.02236	0.01251	0.01451	0.01080	0.00753	0.00602	0.00204	0.00988	0.00491	0.00376	0.01106
21	0.01707	0.04402	0.65683	0.02426	0.03683	0.01976	0.03144	0.02695	0.01797	0.02695	0.01527	0.01797	0.01078	0.00809	0.00809	0.00270	0.01258	0.00629	0.00359	0.01258
22	0.01238	0.00825	0.00928	0.00928	0.00928	0.00825	0.00516	0.01238	0.01238	0.01650	0.02681	0.05569	0.03094	0.70092	0.04331	0.00825	0.00825	0.01238	0.00516	0.00516
23	0.01700	0.00903	0.00915	0.00874	0.01106	0.00921	0.00666	0.06134	0.01938	0.03324	0.02725	0.03095	0.02130	0.00994	0.00613	0.00202	0.00434	0.00791	0.69697	0.00838
24	0.01831	0.01820	0.02600	0.10170	0.02672	0.02520	0.01922	0.02063	0.01351	0.02063	0.01165	0.01911	0.01119	0.01412	0.02559	0.00362	0.60407	0.00746	0.00373	0.00933
25	0.01216	0.00912	0.01368	0.01368	0.01520	0.01064	0.01064	0.01520	0.01368	0.01976	0.02279	0.03343	0.02127	0.06382	0.66720	0.01368	0.02279	0.00912	0.00456	0.00760
26	0.03179	0.04056	0.02412	0.02192	0.02631	0.66676	0.01644	0.03398	0.02412	0.02083	0.01315	0.01535	0.01096	0.00877	0.00767	0.00219	0.01535	0.00548	0.00438	0.00987
27	0.01371	0.00980	0.01371	0.01567	0.01763	0.00980	0.01371	0.01763	0.01959	0.02547	0.04506	0.09599	0.04898	0.02351	0.01175	0.00392	0.00784	0.59056	0.00784	0.00784
28	0.01665	0.01139	0.01240	0.01222	0.01265	0.01076	0.00716	0.01549	0.01503	0.02049	0.03001	0.05868	0.03350	0.65568	0.04254	0.00859	0.00950	0.01324	0.00650	0.00748
29	0.03179	0.04056	0.02412	0.02192	0.02631	0.66676	0.01644	0.03398	0.02412	0.02083	0.01315	0.01535	0.01096	0.00877	0.00767	0.00219	0.01535	0.00548	0.00438	0.00987
30	0.01928	0.01972	0.02597	0.02232	0.02254	0.05827	0.01851	0.02116	0.01359	0.02050	0.01127	0.01845	0.01116	0.01459	0.02691	0.00365	0.65167	0.00735	0.00376	0.00934
31	0.01862	0.01862	0.02607	0.02234	0.02234	0.02607	0.01862	0.02048	0.01303	0.02048	0.01117	0.01862	0.01117	0.01489	0.02793	0.00372	0.68535	0.00745	0.00372	0.00931
32	0.01238	0.00825	0.00928	0.00928	0.00928	0.00825	0.00516	0.01238	0.01238	0.01650	0.02681	0.05569	0.03094	0.70092	0.04331	0.00825	0.00825	0.01238	0.00516	0.00516
33	0.01238	0.00825	0.00928	0.00928	0.00928	0.00825	0.00516	0.01238	0.01238	0.01650	0.02681	0.05569	0.03094	0.70092	0.04331	0.00825	0.00825	0.01238	0.00516	0.00516
34	0.43734	0.22158	0.02360	0.01376	0.01949	0.11918	0.01185	0.02648	0.01673	0.03031	0.01204	0.01400	0.00997	0.00785	0.00568	0.00233	0.00862	0.00472	0.00466	0.00981
35	0.67201	0.09961	0.01638	0.01160	0.01711	0.02085	0.00986	0.02507	0.01482	0.03599	0.01185	0.01380	0.00942	0.00783	0.00529	0.00254	0.00689	0.00460	0.00507	0.00942
36	0.01804	0.03801	0.49593	0.03041	0.15411	0.01997	0.07095	0.02681	0.01838	0.02713	0.01555	0.01890	0.01144	0.00793	0.00829	0.00268	0.01223	0.00680	0.00376	0.01267
37	0.03092	0.02121	0.15935	0.01718	0.02473	0.01486	0.01661	0.06157	0.05363	0.42361	0.06493	0.02836	0.02225	0.01044	0.00854	0.00266	0.00829	0.00848	0.00876	0.01363
38	0.03431	0.01845	0.02203	0.01683	0.02358	0.01826	0.01388	0.28275	0.03047	0.35845	0.02678	0.02460	0.01771	0.01011	0.00838	0.00250	0.00807	0.00794	0.00930	0.06560
39	0.02372	0.02007	0.05538	0.15870	0.05994	0.04179	0.01727	0.25143	0.06284	0.06705	0.12749	0.02913	0.02578	0.01090	0.00873	0.00265	0.00901	0.00898	0.00717	0.01195
40	0.15689	0.08809	0.05616	0.02110	0.12476	0.01819	0.01530	0.05422	0.05694	0.24800	0.02403	0.06191	0.01827	0.01012	0.00776	0.00260	0.00798	0.00812	0.00715	0.01242
41	0.01259	0.04169	0.01258	0.01093	0.01297	0.00961	0.00806	0.01644	0.04689	0.02888	0.39016	0.13397	0.12073	0.10057	0.01387	0.00343	0.00502	0.01554	0.00825	0.00784
42	0.01101	0.00767	0.00969	0.01103	0.01137	0.00734	0.00703	0.01202	0.01505	0.02006	0.04052	0.49204	0.04823	0.24098	0.02118	0.00498	0.00599	0.02044	0.00703	0.00635
43	0.02067	0.07074	0.06564	0.08834	0.12352	0.11807	0.25765	0.02589	0.01964	0.02479	0.01887	0.09061	0.01684	0.00967	0.00900	0.00270	0.01221	0.00970	0.00455	0.01088
44	0.11908	0.08760	0.02311	0.01654	0.02271	0.04867	0.01370	0.20557	0.12613	0.21530	0.02430	0.02303	0.01709	0.00989	0.00782	0.00255	0.00822	0.00747	0.00806	0.01313
45	0.01238	0.00825	0.00928	0.00928	0.00928	0.00825	0.00516	0.01238	0.01238	0.01650	0.02681	0.05569	0.03094	0.70092	0.04331	0.00825	0.00825	0.01238	0.00516	0.00516
46	0.01035	0.00747	0.00981	0.01169	0.01230	0.00693	0.00783	0.01187	0.01645	0.02179	0.04889	0.66436	0.08601	0.02640	0.01082	0.00343	0.00491	0.02388	0.00790	0.00693
47	0.04854	0.01870	0.02527	0.20185	0.08852	0.02119	0.05469	0.17939	0.13596	0.03393	0.02402	0.02651	0.05113	0.01036	0.00950	0.00278	0.04101	0.00860	0.00624	0.01181
48	0.01732	0.07285	0.63017	0.02383	0.03618	0.02037	0.03071	0.02689	0.01794	0.02665	0.01512	0.01778	0.01079	0.00805	0.00797	0.00266	0.01243	0.00621	0.00360	0.01250

[dist]
# distance from previous block
# <min> <max>
0	1

[block]
# block no. 8 follows, 21 sequences, length 37
# corresponding to MSA columns:
# 278-314
name=unknown_I
#
# <colnr> <probs for GDERKNQSTAVLIFYWHMCP>
#	G	D	E	R	K	N	Q	S	T	A	V	L	I	F	Y	W	H	M	C	P
0	0.22439	0.51770	0.03583	0.01364	0.02037	0.02969	0.01310	0.02535	0.01652	0.02498	0.01184	0.01370	0.01046	0.00745	0.00541	0.00204	0.00841	0.00457	0.00408	0.01046
1	0.72290	0.01787	0.04553	0.01186	0.01750	0.01913	0.01036	0.02511	0.01466	0.03761	0.01202	0.01404	0.00930	0.00791	0.00541	0.00264	0.00689	0.00469	0.00518	0.00939
2	0.10624	0.07648	0.28825	0.02129	0.05218	0.06105	0.04324	0.06414	0.02067	0.16050	0.01876	0.01980	0.01318	0.00864	0.00778	0.00258	0.01052	0.00667	0.00562	0.01242
