[name]
unknown

[dist]
# distance from previous block
# <min> <max>
0	13

[block]
# block no. 0 follows, 22 sequences, length 36
# corresponding to MSA columns:
# 13-48
name=unknown_A
#
# <colnr> <probs for GDERKNQSTAVLIFYWHMCP>
#	G	D	E	R	K	N	Q	S	T	A	V	L	I	F	Y	W	H	M	C	P
0	0.01508	0.01180	0.05178	0.01576	0.01856	0.01030	0.01432	0.01921	0.01933	0.06514	0.04158	0.08514	0.04392	0.02127	0.01107	0.00368	0.00788	0.52829	0.00757	0.00833
1	0.05162	0.05639	0.21034	0.05886	0.02857	0.01699	0.05688	0.05746	0.04233	0.25941	0.02395	0.06225	0.01758	0.00996	0.00818	0.00263	0.00927	0.00831	0.00673	0.01230
2	0.05315	0.36612	0.19645	0.01720	0.02517	0.07220	0.01811	0.02820	0.04762	0.08332	0.01556	0.01678	0.01219	0.00793	0.00657	0.00218	0.00981	0.00555	0.00452	0.01138
3	0.01437	0.01179	0.01288	0.01234	0.01465	0.03258	0.00911	0.06228	0.09614	0.02676	0.14232	0.20190	0.19397	0.08521	0.01353	0.00341	0.03546	0.01544	0.00753	0.00834
4	0.01156	0.00866	0.01224	0.04665	0.01525	0.00851	0.03569	0.01321	0.01526	0.02028	0.03747	0.42465	0.04366	0.20977	0.01913	0.00462	0.00660	0.05355	0.00662	0.00666
5	0.02671	0.02486	0.13695	0.01906	0.02612	0.02237	0.01753	0.39814	0.09728	0.06886	0.02260	0.06211	0.01740	0.01072	0.00839	0.00261	0.00908	0.00845	0.00752	0.01325
6	0.01061	0.00754	0.01004	0.01186	0.01248	0.00714	0.00821	0.01224	0.01606	0.02134	0.04449	0.59673	0.05275	0.06357	0.01246	0.00369	0.00532	0.08915	0.00756	0.00676
7	0.02028	0.01945	0.03321	0.08817	0.62127	0.01966	0.02535	0.02525	0.01878	0.02680	0.01558	0.02065	0.01304	0.00745	0.00823	0.00248	0.00994	0.00740	0.00409	0.01293
8	0.01667	0.03942	0.58395	0.02491	0.07903	0.01870	0.02907	0.02567	0.01797	0.02675	0.04993	0.02020	0.01444	0.00836	0.00802	0.00262	0.01165	0.00672	0.00386	0.01210
9	0.03316	0.02073	0.02336	0.01791	0.02450	0.02199	0.01479	0.46500	0.03481	0.22188	0.02351	0.02226	0.01592	0.01006	0.00832	0.00251	0.00857	0.00772	0.00886	0.01413
10	0.01586	0.00954	0.01160	0.01047	0.01362	0.00835	0.00807	0.01893	0.02176	0.14892	0.31012	0.06266	0.29369	0.01730	0.00953	0.00268	0.00463	0.01474	0.00880	0.00871
11	0.01047	0.00778	0.00976	0.01067	0.01197	0.00707	0.00746	0.01265	0.01839	0.02445	0.20324	0.42053	0.17955	0.02280	0.01025	0.00307	0.00448	0.02028	0.00807	0.00707
12	0.01997	0.01486	0.01657	0.01389	0.01785	0.01558	0.01091	0.26508	0.05521	0.03856	0.25339	0.04539	0.12068	0.06082	0.01132	0.00296	0.00647	0.01184	0.00832	0.01033
13	0.01188	0.00885	0.01309	0.01309	0.01449	0.01024	0.01006	0.01467	0.01327	0.01909	0.02249	0.03394	0.02134	0.10116	0.63704	0.01303	0.02140	0.00909	0.00449	0.00727
14	0.01047	0.00748	0.01004	0.01196	0.01260	0.00705	0.00832	0.01217	0.01625	0.02160	0.04560	0.63785	0.05419	0.02570	0.01070	0.00342	0.00512	0.08496	0.00770	0.00684
15	0.02284	0.66487	0.04210	0.01473	0.02163	0.07878	0.01435	0.02547	0.01736	0.01960	0.01164	0.01344	0.01066	0.00721	0.00549	0.00180	0.00932	0.00451	0.00361	0.01059
16	0.01604	0.01499	0.02448	0.64007	0.05467	0.01861	0.02236	0.02286	0.06129	0.02219	0.01613	0.02278	0.01210	0.00852	0.00832	0.00277	0.01075	0.00753	0.00403	0.00951
17	0.03035	0.02266	0.02424	0.01887	0.02530	0.02519	0.01549	0.56287	0.10670	0.05038	0.02150	0.02119	0.01539	0.01012	0.00833	0.00253	0.00885	0.00769	0.00833	0.01402
18	0.76672	0.01607	0.01221	0.01092	0.01607	0.01864	0.00900	0.02442	0.01414	0.03727	0.01157	0.01350	0.00900	0.00771	0.00514	0.00257	0.00643	0.00450	0.00514	0.00900
19	0.68830	0.01586	0.01297	0.01134	0.01662	0.01795	0.00934	0.02615	0.01517	0.10443	0.01385	0.01508	0.01024	0.00799	0.00549	0.00257	0.00650	0.00491	0.00569	0.00955
20	0.01023	0.00728	0.00961	0.01143	0.01188	0.00682	0.00756	0.01160	0.01569	0.02092	0.04470	0.66660	0.05357	0.06392	0.01236	0.00363	0.00500	0.02298	0.00756	0.00665
21	0.01918	0.02094	0.09668	0.17698	0.16217	0.04712	0.18181	0.02467	0.01862	0.06266	0.01982	0.09463	0.01711	0.00977	0.00886	0.00273	0.01100	0.00961	0.00474	0.01089
22	0.01941	0.01913	0.03430	0.17994	0.43656	0.01967	0.11914	0.02479	0.01855	0.02584	0.01563	0.02118	0.01264	0.00753	0.00849	0.00258	0.01077	0.00777	0.00404	0.01204
23	0.01033	0.00732	0.00958	0.01130	0.01173	0.00689	0.00743	0.01162	0.01550	0.02067	0.04371	0.63398	0.05233	0.09824	0.01396	0.00387	0.00516	0.02240	0.00743	0.00657
24	0.02107	0.01366	0.05043	0.01294	0.01755	0.01161	0.01095	0.06064	0.06968	0.21833	0.13249	0.05029	0.22251	0.01486	0.00901	0.00269	0.00605	0.03298	0.03176	0.01048
25	0.01931	0.13907	0.36490	0.06731	0.16532	0.02110	0.02567	0.02631	0.01798	0.05644	0.01541	0.01833	0.01163	0.00781	0.00761	0.00247	0.01091	0.00633	0.00399	0.01212
26	0.02347	0.62153	0.04033	0.01438	0.02132	0.03053	0.01399	0.02708	0.04449	0.07668	0.01438	0.01540	0.01217	0.00757	0.00573	0.00189	0.00862	0.00500	0.00436	0.01107
27	0.01549	0.00774	0.00774	0.00774	0.00968	0.00774	0.00581	0.01936	0.01742	0.03097	0.02710	0.03097	0.02129	0.00968	0.00581	0.00194	0.00387	0.00774	0.75416	0.00774
28	0.02102	0.07300	0.09058	0.13125	0.32766	0.08256	0.07605	0.05264	0.01971	0.02611	0.01518	0.01960	0.01221	0.00774	0.00807	0.00248	0.01100	0.00709	0.00417	0.01188
29	0.02210	0.05328	0.02646	0.03805	0.02639	0.01803	0.13398	0.17632	0.04018	0.07090	0.05418	0.04673	0.01892	0.01081	0.02880	0.00258	0.00914	0.00823	0.00626	0.20865
30	0.01146	0.00795	0.00994	0.01052	0.01090	0.00805	0.00671	0.01238	0.01343	0.01815	0.03135	0.24319	0.03598	0.39863	0.13771	0.00754	0.00945	0.01498	0.00573	0.00594
31	0.11241	0.02997	0.02438	0.02663	0.17024	0.36853	0.01723	0.06600	0.06127	0.02664	0.01508	0.01740	0.01220	0.00845	0.00750	0.00233	0.01194	0.00611	0.00484	0.01086
32	0.12736	0.46655	0.14542	0.01572	0.02331	0.05889	0.01641	0.02545	0.01692	0.02327	0.01219	0.01416	0.01040	0.00740	0.00585	0.00205	0.00941	0.00479	0.00381	0.01066
33	0.02245	0.01733	0.02092	0.01577	0.02236	0.01620	0.04761	0.22455	0.02505	0.06736	0.02298	0.05075	0.05363	0.00940	0.00760	0.00200	0.00749	0.00776	0.00657	0.35222
34	0.02089	0.02181	0.04539	0.03253	0.04072	0.02050	0.54698	0.05667	0.02067	0.05599	0.01759	0.02236	0.01302	0.00726	0.00954	0.00272	0.01318	0.00945	0.00470	0.03801
35	0.01888	0.02072	0.04178	0.10810	0.04093	0.02155	0.44147	0.02474	0.01796	0.02474	0.01546	0.02158	0.01211	0.00858	0.01293	0.00295	0.14187	0.00905	0.00404	0.01058

[dist]
# distance from previous block
# <min> <max>
0	3

[block]
# block no. 1 follows, 22 sequences, length 122
# corresponding to MSA columns:
# 52-173
name=unknown_B
#
# <colnr> <probs for GDERKNQSTAVLIFYWHMCP>
#	G	D	E	R	K	N	Q	S	T	A	V	L	I	F	Y	W	H	M	C	P
0	0.01163	0.00849	0.01093	0.01032	0.01233	0.00778	0.00774	0.01543	0.02321	0.03259	0.61425	0.06324	0.11642	0.01725	0.00980	0.00263	0.00394	0.01519	0.00905	0.00778
1	0.01211	0.00882	0.01298	0.01298	0.01449	0.01021	0.01008	0.01513	0.01362	0.02006	0.02257	0.03253	0.02080	0.05882	0.63081	0.01260	0.02103	0.00882	0.05409	0.00744
2	0.01590	0.01498	0.02530	0.66062	0.08303	0.01851	0.02318	0.02141	0.01671	0.02148	0.01480	0.02208	0.01116	0.00827	0.00830	0.00276	0.01102	0.00738	0.00371	0.00940
3	0.01208	0.00805	0.00906	0.00906	0.00906	0.00805	0.00503	0.01208	0.01208	0.01611	0.02618	0.05436	0.03020	0.70804	0.04228	0.00805	0.00805	0.01208	0.00503	0.00503
4	0.01950	0.01312	0.01379	0.04456	0.03953	0.04024	0.00992	0.13293	0.04929	0.03401	0.02450	0.02749	0.01894	0.00961	0.00666	0.00214	0.00598	0.00764	0.49065	0.00950
5	0.01093	0.00833	0.00953	0.00938	0.01128	0.00748	0.00668	0.01326	0.01917	0.02506	0.27179	0.09553	0.31155	0.14514	0.01577	0.00372	0.00483	0.01591	0.00773	0.00693
6	0.04791	0.13412	0.02494	0.13911	0.02797	0.02260	0.01538	0.20244	0.12361	0.03326	0.02065	0.05363	0.01678	0.01033	0.00878	0.00255	0.04785	0.00793	0.04884	0.01131
7	0.01176	0.00849	0.01110	0.01045	0.01241	0.00784	0.00784	0.01568	0.02352	0.03331	0.65184	0.06206	0.07839	0.01698	0.00980	0.00261	0.00392	0.01502	0.00914	0.00784
8	0.03005	0.03701	0.02371	0.06541	0.02777	0.59383	0.01650	0.06670	0.02398	0.02224	0.01338	0.01574	0.01092	0.00863	0.00759	0.00220	0.01439	0.00561	0.00447	0.00986
9	0.01723	0.01477	0.01723	0.01230	0.01969	0.01107	0.00984	0.02092	0.01723	0.02707	0.01477	0.01723	0.01230	0.00615	0.00615	0.00123	0.00615	0.00492	0.00492	0.75883
10	0.02915	0.02137	0.02295	0.01813	0.02423	0.02368	0.01480	0.47703	0.14959	0.06925	0.02323	0.02270	0.01670	0.01021	0.00825	0.00254	0.00840	0.00787	0.03621	0.01371
11	0.02184	0.66868	0.08468	0.01484	0.02229	0.03197	0.01531	0.02497	0.01692	0.01999	0.01177	0.01361	0.01065	0.00716	0.00550	0.00183	0.00911	0.00455	0.00355	0.01077
12	0.01140	0.00821	0.01082	0.01095	0.01252	0.00763	0.00805	0.01467	0.02134	0.02979	0.46720	0.23070	0.07094	0.01960	0.01008	0.00286	0.00432	0.04267	0.00871	0.00755
13	0.01195	0.00958	0.01092	0.01111	0.01361	0.00910	0.00855	0.01704	0.09334	0.02570	0.15064	0.14733	0.33471	0.02016	0.00999	0.00300	0.00502	0.10234	0.00800	0.00793
14	0.01716	0.08646	0.59759	0.02353	0.03530	0.02027	0.05499	0.02623	0.01758	0.02587	0.01477	0.01747	0.01062	0.00780	0.00780	0.00258	0.01213	0.00618	0.00354	0.01212
15	0.01198	0.00910	0.01121	0.01176	0.01347	0.00890	0.00853	0.01697	0.09450	0.02650	0.21557	0.35026	0.11994	0.02107	0.01008	0.00306	0.00485	0.04617	0.00819	0.00790
16	0.02259	0.68405	0.04267	0.01452	0.02151	0.06050	0.01429	0.02523	0.01717	0.01958	0.01160	0.01340	0.01066	0.00717	0.00542	0.00179	0.00915	0.00448	0.00358	0.01062
17	0.02615	0.01449	0.01814	0.01341	0.02036	0.01158	0.01090	0.02963	0.02014	0.30978	0.02278	0.02215	0.01598	0.00799	0.00713	0.00183	0.00656	0.00645	0.00731	0.42724
18	0.01497	0.01550	0.09579	0.31510	0.03558	0.01399	0.01755	0.01993	0.01867	0.05246	0.18046	0.12600	0.03445	0.01298	0.00895	0.00279	0.00838	0.01145	0.00588	0.00911
19	0.01012	0.00723	0.00964	0.01157	0.01205	0.00675	0.00771	0.01157	0.01591	0.02121	0.04579	0.70262	0.05495	0.02603	0.01060	0.00337	0.00482	0.02362	0.00771	0.00675
20	0.76672	0.01607	0.01221	0.01092	0.01607	0.01864	0.00900	0.02442	0.01414	0.03727	0.01157	0.01350	0.00900	0.00771	0.00514	0.00257	0.00643	0.00450	0.00514	0.00900
21	0.02240	0.62152	0.06482	0.01528	0.02215	0.07148	0.01509	0.02526	0.01716	0.01986	0.01173	0.01376	0.01067	0.00750	0.00635	0.00190	0.03420	0.00466	0.00360	0.01060
22	0.01447	0.00781	0.00884	0.00888	0.01040	0.00786	0.00645	0.01714	0.01639	0.02720	0.06215	0.06255	0.02576	0.05657	0.06024	0.08483	0.00586	0.00912	0.50041	0.00708
23	0.01117	0.00847	0.01029	0.00984	0.01205	0.00759	0.00738	0.01454	0.02213	0.03002	0.48007	0.06747	0.25221	0.01821	0.00980	0.00267	0.00401	0.01578	0.00871	0.00759
24	0.01012	0.00723	0.00964	0.01157	0.01205	0.00675	0.00771	0.01157	0.01591	0.02121	0.04579	0.70262	0.05495	0.02603	0.01060	0.00337	0.00482	0.02362	0.00771	0.00675
25	0.01852	0.01878	0.02536	0.04664	0.02326	0.04731	0.01829	0.02049	0.01324	0.02005	0.01112	0.01821	0.01090	0.01410	0.02588	0.00355	0.64432	0.00721	0.00366	0.00911
26	0.02184	0.59916	0.07727	0.05968	0.02473	0.05879	0.01583	0.02507	0.01719	0.02008	0.01201	0.01422	0.01068	0.00729	0.00577	0.00191	0.00949	0.00477	0.00359	0.01061
27	0.01806	0.01538	0.01801	0.01309	0.02012	0.01251	0.01053	0.05452	0.01824	0.02817	0.01489	0.01742	0.01235	0.00672	0.00718	0.00140	0.03587	0.00516	0.00505	0.68533
28	0.01081	0.00828	0.01203	0.01277	0.01382	0.00773	0.04634	0.01256	0.01606	0.02132	0.04452	0.59746	0.07641	0.06238	0.01227	0.00357	0.00555	0.02185	0.00734	0.00694
29	0.01896	0.01835	0.03196	0.25053	0.42704	0.01942	0.06449	0.02422	0.01824	0.02524	0.01543	0.02118	0.01247	0.00766	0.00835	0.00258	0.01052	0.00755	0.00399	0.01179
30	0.03727	0.01414	0.01928	0.01478	0.02121	0.01221	0.01221	0.04049	0.02378	0.66198	0.03277	0.02828	0.02056	0.01028	0.00835	0.00257	0.00707	0.00835	0.01028	0.01414
31	0.02187	0.01761	0.01967	0.01858	0.05799	0.01981	0.01372	0.07232	0.50949	0.07367	0.05832	0.03097	0.02603	0.01116	0.00848	0.00276	0.00682	0.00935	0.00834	0.01304
32	0.11084	0.01566	0.01935	0.01683	0.05667	0.01551	0.01282	0.13336	0.04881	0.35281	0.07682	0.02785	0.02266	0.01261	0.03684	0.00303	0.00789	0.00834	0.00863	0.01269
33	0.01018	0.00733	0.00965	0.01140	0.01203	0.00681	0.00766	0.01176	0.01635	0.02178	0.07338	0.65058	0.07945	0.02544	0.01054	0.00332	0.00476	0.02301	0.00777	0.00681
34	0.01208	0.00805	0.00906	0.00906	0.00906	0.00805	0.00503	0.01208	0.01208	0.01611	0.02618	0.05436	0.03020	0.70804	0.04228	0.00805	0.00805	0.01208	0.00503	0.00503
35	0.01918	0.02157	0.04636	0.10696	0.04494	0.02073	0.55962	0.02602	0.01928	0.02602	0.01658	0.02238	0.01244	0.00715	0.00964	0.00280	0.01368	0.00954	0.00415	0.01099
36	0.03062	0.05926	0.02564	0.01876	0.02535	0.02592	0.01559	0.57164	0.06384	0.04987	0.02010	0.02007	0.01443	0.00988	0.00816	0.00247	0.00902	0.00740	0.00807	0.01390
37	0.01176	0.00849	0.01110	0.01045	0.01241	0.00784	0.00784	0.01568	0.02352	0.03331	0.65184	0.06206	0.07839	0.01698	0.00980	0.00261	0.00392	0.01502	0.00914	0.00784
38	0.01526	0.00777	0.00777	0.00777	0.00974	0.00771	0.00583	0.01907	0.01748	0.03064	0.02934	0.03290	0.04611	0.01013	0.00596	0.00197	0.00388	0.00813	0.72483	0.00771
39	0.01206	0.00814	0.00948	0.00948	0.00963	0.00828	0.00556	0.01235	0.01221	0.01642	0.02579	0.05222	0.02927	0.64440	0.10465	0.00858	0.00945	0.01177	0.00498	0.00527
40	0.01039	0.00752	0.00988	0.01155	0.01234	0.00700	0.00799	0.01216	0.01669	0.02215	0.07986	0.59253	0.09242	0.02505	0.01057	0.00333	0.00491	0.05901	0.00778	0.00688
41	0.03491	0.01793	0.02163	0.01658	0.02310	0.01784	0.01370	0.28461	0.03012	0.40889	0.02745	0.02482	0.01789	0.01015	0.00834	0.00254	0.00793	0.00799	0.00946	0.01413
42	0.00988	0.00842	0.00850	0.00848	0.01126	0.00704	0.00636	0.01204	0.01908	0.02279	0.10210	0.07938	0.63469	0.02091	0.00982	0.00280	0.00420	0.01745	0.00776	0.00704
43	0.02038	0.01955	0.03339	0.07474	0.63389	0.01969	0.02541	0.02534	0.01883	0.02692	0.01559	0.02062	0.01308	0.00744	0.00823	0.00248	0.00991	0.00740	0.00410	0.01301
44	0.02201	0.01766	0.01976	0.01887	0.06142	0.01992	0.01385	0.04268	0.55190	0.08531	0.03259	0.03012	0.02420	0.01095	0.00843	0.00278	0.00682	0.00918	0.00833	0.01323
45	0.01033	0.00738	0.00987	0.01180	0.01237	0.00692	0.00807	0.01192	0.01611	0.02144	0.04567	0.66438	0.05450	0.02583	0.01066	0.00340	0.00500	0.05983	0.00771	0.00680
46	0.03032	0.02235	0.02391	0.01854	0.02489	0.02476	0.01525	0.57124	0.07256	0.05051	0.02102	0.02101	0.01505	0.01004	0.00822	0.00249	0.00879	0.00760	0.03763	0.01382
47	0.01012	0.00723	0.00964	0.01157	0.01205	0.00675	0.00771	0.01157	0.01591	0.02121	0.04579	0.70262	0.05495	0.02603	0.01060	0.00337	0.00482	0.02362	0.00771	0.00675
48	0.01285	0.01027	0.01136	0.01096	0.01371	0.00991	0.00833	0.04434	0.09910	0.02724	0.17782	0.10288	0.33912	0.04744	0.01106	0.00306	0.00506	0.04929	0.00800	0.00820
49	0.01806	0.17856	0.49602	0.02355	0.07403	0.02210	0.02698	0.02596	0.01750	0.02498	0.01427	0.01688	0.01073	0.00770	0.00739	0.00245	0.01142	0.00588	0.00356	0.01201
50	0.02011	0.01963	0.03322	0.04519	0.51470	0.02077	0.05889	0.02464	0.01792	0.02591	0.01490	0.02027	0.01275	0.00857	0.01150	0.00268	0.12443	0.00752	0.00404	0.01236
51	0.01070	0.00918	0.00926	0.00911	0.01207	0.00812	0.00687	0.01454	0.06957	0.02344	0.08006	0.07597	0.60180	0.02024	0.00971	0.00281	0.00440	0.01687	0.00777	0.00751
52	0.01772	0.05660	0.05490	0.02141	0.02425	0.02147	0.12734	0.02117	0.01560	0.02324	0.04340	0.02427	0.04066	0.01232	0.01837	0.00308	0.37393	0.00831	0.08252	0.00942
53	0.02066	0.01742	0.01867	0.01689	0.02145	0.01995	0.01333	0.07753	0.54701	0.03492	0.03390	0.03609	0.02674	0.01227	0.00872	0.00289	0.00683	0.06366	0.00837	0.01270
54	0.01926	0.03607	0.50401	0.02294	0.03365	0.01799	0.07585	0.02751	0.01844	0.10741	0.01868	0.04880	0.01389	0.00891	0.00822	0.00267	0.01143	0.00747	0.00461	0.01219
55	0.03037	0.02815	0.02335	0.01922	0.02472	0.25736	0.01526	0.37675	0.03214	0.03953	0.01785	0.01886	0.01335	0.00945	0.00786	0.00233	0.01090	0.00673	0.05371	0.01211
56	0.01961	0.02241	0.04902	0.03501	0.04342	0.02101	0.62605	0.02661	0.01961	0.02661	0.01681	0.02241	0.01261	0.00700	0.00980	0.00280	0.01401	0.00980	0.00420	0.01120
57	0.01165	0.00849	0.01095	0.01034	0.01234	0.00779	0.00775	0.01546	0.02325	0.03269	0.61945	0.06308	0.11116	0.01721	0.00980	0.00262	0.00394	0.01517	0.00906	0.00779
58	0.02897	0.03538	0.02228	0.02013	0.02435	0.56539	0.01520	0.06850	0.02381	0.02243	0.01805	0.02001	0.05074	0.01165	0.03539	0.00267	0.01426	0.00638	0.00475	0.00966
59	0.01218	0.00902	0.01142	0.01073	0.01288	0.00853	0.00807	0.01713	0.05855	0.03291	0.59143	0.06108	0.10081	0.01684	0.00972	0.00263	0.00408	0.01481	0.00904	0.00810
60	0.01408	0.01146	0.01229	0.01128	0.01428	0.02949	0.00863	0.07312	0.07217	0.03053	0.30382	0.06138	0.29155	0.01723	0.00950	0.00268	0.00504	0.01459	0.00831	0.00856
61	0.01012	0.00723	0.00964	0.01157	0.01205	0.00675	0.00771	0.01157	0.01591	0.02121	0.04579	0.70262	0.05495	0.02603	0.01060	0.00337	0.00482	0.02362	0.00771	0.00675
62	0.02041	0.02085	0.02915	0.18360	0.38928	0.10747	0.02268	0.02486	0.01877	0.02445	0.01734	0.02221	0.03548	0.00856	0.00903	0.00255	0.04025	0.00748	0.00415	0.01142
63	0.01212	0.00886	0.01078	0.01071	0.01226	0.00801	0.00710	0.01356	0.01517	0.02103	0.06838	0.31451	0.04013	0.27095	0.02137	0.00468	0.00617	0.01578	0.00635	0.13208
64	0.01967	0.01677	0.01798	0.01639	0.02075	0.01920	0.01281	0.04077	0.56587	0.03411	0.07529	0.03652	0.03011	0.01230	0.00871	0.00286	0.00646	0.04248	0.00845	0.01249
65	0.01957	0.02060	0.02656	0.02250	0.02340	0.09174	0.05161	0.02171	0.01421	0.02039	0.01143	0.01808	0.01098	0.01351	0.02427	0.00344	0.58578	0.00721	0.00373	0.00926
66	0.01063	0.00760	0.01020	0.01196	0.01272	0.00717	0.00843	0.01252	0.01677	0.02241	0.08276	0.58734	0.05549	0.02509	0.01066	0.00338	0.00512	0.09504	0.00779	0.00693
67	0.01723	0.01477	0.01723	0.01230	0.01969	0.01107	0.00984	0.02092	0.01723	0.02707	0.01477	0.01723	0.01230	0.00615	0.00615	0.00123	0.00615	0.00492	0.00492	0.75883
68	0.01683	0.01435	0.01681	0.01226	0.01926	0.01083	0.00973	0.02040	0.01715	0.02675	0.01648	0.05518	0.01467	0.00725	0.00640	0.00135	0.00608	0.00596	0.00508	0.71719
69	0.01184	0.00795	0.00913	0.00937	0.00942	0.00790	0.00536	0.01202	0.01255	0.01673	0.02856	0.13318	0.03321	0.62513	0.03843	0.00748	0.00766	0.01348	0.00536	0.00524
70	0.01723	0.01477	0.01723	0.01230	0.01969	0.01107	0.00984	0.02092	0.01723	0.02707	0.01477	0.01723	0.01230	0.00615	0.00615	0.00123	0.00615	0.00492	0.00492	0.75883
71	0.11037	0.07742	0.40433	0.04804	0.03232	0.07684	0.04933	0.06111	0.01889	0.02802	0.01448	0.01709	0.01068	0.00798	0.00749	0.00253	0.01143	0.00605	0.00409	0.01149
72	0.01187	0.00890	0.01335	0.01335	0.01483	0.01038	0.01038	0.01483	0.01335	0.01928	0.02225	0.03264	0.02077	0.06231	0.67512	0.01335	0.02225	0.00890	0.00445	0.00742
73	0.01745	0.01427	0.01793	0.01705	0.04654	0.01523	0.04721	0.06777	0.25331	0.03140	0.12473	0.08602	0.05926	0.04325	0.01058	0.00309	0.00682	0.08810	0.03959	0.01042
74	0.01029	0.00735	0.00984	0.01176	0.01232	0.00690	0.00801	0.01186	0.01607	0.02140	0.04569	0.67064	0.05457	0.02586	0.01065	0.00340	0.00497	0.05391	0.00771	0.00680
75	0.02247	0.64454	0.06991	0.01505	0.02222	0.06927	0.01505	0.02542	0.01729	0.01989	0.01177	0.01361	0.01066	0.00723	0.00557	0.00184	0.00939	0.00457	0.00359	0.01067
76	0.01012	0.00723	0.00964	0.01157	0.01205	0.00675	0.00771	0.01157	0.01591	0.02121	0.04579	0.70262	0.05495	0.02603	0.01060	0.00337	0.00482	0.02362	0.00771	0.00675
77	0.02304	0.01457	0.01612	0.01343	0.01723	0.01580	0.01075	0.25098	0.02541	0.07722	0.02318	0.02562	0.01760	0.01110	0.00950	0.04201	0.04439	0.00763	0.34400	0.01042
78	0.05656	0.02816	0.25826	0.10072	0.09424	0.02132	0.02269	0.18026	0.05820	0.03308	0.01693	0.01960	0.01257	0.00902	0.00917	0.00266	0.05226	0.00693	0.00518	0.01218
79	0.01206	0.00808	0.00919	0.00915	0.00927	0.00804	0.00521	0.01230	0.01278	0.01716	0.06457	0.05484	0.03316	0.66563	0.04029	0.00772	0.00780	0.01226	0.00529	0.00521
80	0.01727	0.01493	0.01762	0.01275	0.01979	0.01175	0.01024	0.02087	0.01701	0.02674	0.01458	0.01727	0.01224	0.00655	0.00715	0.00134	0.03864	0.00503	0.00486	0.72335
81	0.01628	0.01535	0.02601	0.56227	0.08762	0.01865	0.05090	0.02160	0.01671	0.02209	0.01513	0.02216	0.01161	0.00857	0.00928	0.00277	0.04671	0.00750	0.02931	0.00949
82	0.47694	0.01427	0.03255	0.01150	0.01570	0.01492	0.00962	0.02135	0.01701	0.03458	0.17836	0.05475	0.03078	0.01167	0.00700	0.00269	0.00599	0.04531	0.00636	0.00864
83	0.01432	0.05434	0.01604	0.01389	0.01583	0.05037	0.01102	0.01723	0.01447	0.02045	0.02078	0.02939	0.01900	0.04813	0.49517	0.01037	0.06148	0.00822	0.07162	0.00788
84	0.53225	0.01625	0.01495	0.03592	0.01871	0.01892	0.01084	0.09364	0.01754	0.03639	0.04960	0.01844	0.01426	0.01132	0.03635	0.00311	0.05055	0.00591	0.00557	0.00947
85	0.01725	0.01435	0.01670	0.01279	0.01907	0.01172	0.01003	0.05856	0.03968	0.02810	0.02008	0.11365	0.01882	0.00934	0.00699	0.00166	0.00617	0.00785	0.00564	0.58155
86	0.01286	0.00919	0.01276	0.01454	0.01627	0.00909	0.01233	0.01637	0.01892	0.02481	0.07615	0.17393	0.05038	0.02305	0.01127	0.00370	0.00707	0.49202	0.00774	0.00754
87	0.01627	0.01536	0.02597	0.61172	0.12901	0.01861	0.02336	0.02174	0.01689	0.02193	0.01487	0.02196	0.01132	0.00820	0.00830	0.00273	0.01093	0.00739	0.00374	0.00970
88	0.01678	0.01429	0.01675	0.01226	0.01921	0.01080	0.00971	0.02033	0.01714	0.02670	0.01671	0.06027	0.01498	0.00740	0.00643	0.00137	0.00607	0.00610	0.00510	0.71160
89	0.01187	0.00901	0.01297	0.01237	0.01431	0.00839	0.04236	0.01534	0.02113	0.02941	0.42917	0.22284	0.06708	0.01905	0.01010	0.00288	0.00492	0.05064	0.00842	0.00774
90	0.02652	0.01630	0.04388	0.01537	0.02032	0.01550	0.01272	0.22354	0.02594	0.23295	0.02943	0.11850	0.02503	0.07288	0.01161	0.00317	0.00765	0.04657	0.04048	0.01165
91	0.01252	0.00896	0.01235	0.01395	0.01557	0.00878	0.01155	0.01588	0.01901	0.02516	0.11927	0.21328	0.05303	0.02284	0.01109	0.00358	0.00662	0.41123	0.00785	0.00749
92	0.01680	0.03950	0.57952	0.02507	0.06791	0.01893	0.05489	0.02586	0.01794	0.02664	0.04041	0.01968	0.01346	0.00819	0.00807	0.00263	0.01189	0.00672	0.00379	0.01210
93	0.76672	0.01607	0.01221	0.01092	0.01607	0.01864	0.00900	0.02442	0.01414	0.03727	0.01157	0.01350	0.00900	0.00771	0.00514	0.00257	0.00643	0.00450	0.00514	0.00900
94	0.01162	0.00769	0.01019	0.01152	0.01238	0.00715	0.00782	0.01329	0.01673	0.05228	0.09316	0.59116	0.05414	0.05394	0.01180	0.00348	0.00499	0.02171	0.00783	0.00711
95	0.01561	0.00934	0.01234	0.01110	0.01374	0.00850	0.00850	0.01942	0.02356	0.12812	0.55848	0.05696	0.06967	0.01597	0.00958	0.00261	0.00439	0.01402	0.00932	0.00879
96	0.01017	0.00849	0.00890	0.00897	0.01167	0.00722	0.00685	0.01250	0.01925	0.02331	0.11928	0.07961	0.57769	0.02089	0.00992	0.00286	0.00440	0.05313	0.00781	0.00711
97	0.03697	0.01462	0.01958	0.01501	0.02145	0.01292	0.01240	0.07137	0.02458	0.62996	0.03210	0.02784	0.02023	0.01027	0.00835	0.00257	0.00718	0.00831	0.01018	0.01414
98	0.01349	0.00989	0.01328	0.01486	0.01691	0.00998	0.01271	0.01833	0.05800	0.02516	0.04535	0.12386	0.07544	0.02230	0.01116	0.00369	0.00726	0.50272	0.00771	0.00791
99	0.02066	0.01785	0.01878	0.01691	0.02160	0.02066	0.01315	0.04414	0.64121	0.03475	0.03381	0.03099	0.02536	0.01127	0.00845	0.00282	0.00657	0.00939	0.00845	0.01315
100	0.01534	0.01400	0.02323	0.61704	0.05238	0.01727	0.02138	0.02055	0.01660	0.02165	0.01720	0.06429	0.01421	0.00945	0.00834	0.00277	0.01038	0.00839	0.03651	0.00901
101	0.01156	0.00848	0.01083	0.01024	0.01229	0.00775	0.00768	0.01529	0.02305	0.03220	0.59366	0.06389	0.13726	0.01740	0.00980	0.00263	0.00395	0.01528	0.00900	0.00775
102	0.02113	0.01785	0.01898	0.01699	0.02170	0.02051	0.01336	0.08607	0.56726	0.03559	0.03327	0.03315	0.02559	0.01173	0.00859	0.00284	0.00682	0.03721	0.00840	0.01296
103	0.02056	0.01974	0.03372	0.05099	0.65622	0.01974	0.02550	0.02550	0.01892	0.02714	0.01563	0.02056	0.01316	0.00740	0.00822	0.00247	0.00987	0.00740	0.00411	0.01316
104	0.01187	0.00890	0.01335	0.01335	0.01483	0.01038	0.01038	0.01483	0.01335	0.01928	0.02225	0.03264	0.02077	0.06231	0.67512	0.01335	0.02225	0.00890	0.00445	0.00742
105	0.02172	0.01837	0.01938	0.01712	0.02201	0.02116	0.01341	0.10080	0.58284	0.03646	0.03247	0.02992	0.02427	0.01114	0.00844	0.00279	0.00682	0.00921	0.00844	0.01324
106	0.01879	0.02096	0.04481	0.10065	0.04344	0.02012	0.53709	0.02539	0.01914	0.02582	0.01788	0.05251	0.01432	0.00798	0.00969	0.00282	0.01330	0.01017	0.00431	0.01081
107	0.76672	0.01607	0.01221	0.01092	0.01607	0.01864	0.00900	0.02442	0.01414	0.03727	0.01157	0.01350	0.00900	0.00771	0.00514	0.00257	0.00643	0.00450	0.00514	0.00900
108	0.03727	0.01414	0.01928	0.01478	0.02121	0.01221	0.01221	0.04049	0.02378	0.66198	0.03277	0.02828	0.02056	0.01028	0.00835	0.00257	0.00707	0.00835	0.01028	0.01414
109	0.01569	0.01477	0.02492	0.68808	0.05722	0.01846	0.02307	0.02123	0.01661	0.02123	0.01477	0.02215	0.01107	0.00831	0.00831	0.00277	0.01107	0.00738	0.00369	0.00923
110	0.01208	0.00805	0.00906	0.00906	0.00906	0.00805	0.00503	0.01208	0.01208	0.01611	0.02618	0.05436	0.03020	0.70804	0.04228	0.00805	0.00805	0.01208	0.00503	0.00503
111	0.01011	0.00728	0.00959	0.01143	0.01201	0.00676	0.00765	0.01158	0.01604	0.02126	0.04745	0.67560	0.08089	0.02581	0.01057	0.00335	0.00479	0.02335	0.00771	0.00676
112	0.01549	0.00774	0.00774	0.00774	0.00968	0.00774	0.00581	0.01936	0.01742	0.03097	0.02710	0.03097	0.02129	0.00968	0.00581	0.00194	0.00387	0.00774	0.75416	0.00774
113	0.02014	0.01794	0.04753	0.01707	0.02206	0.01846	0.04546	0.13980	0.32424	0.03521	0.08836	0.03903	0.08929	0.01278	0.00890	0.00279	0.00727	0.04392	0.00793	0.01181
114	0.02439	0.09490	0.26287	0.02241	0.03009	0.34465	0.05507	0.02960	0.02057	0.02282	0.01372	0.01620	0.01074	0.00811	0.00759	0.00233	0.01343	0.00581	0.00393	0.01078
115	0.06253	0.39826	0.25343	0.01732	0.02604	0.02606	0.01945	0.02638	0.01741	0.06538	0.01411	0.01577	0.01118	0.00762	0.00640	0.00217	0.00979	0.00529	0.00407	0.01135
116	0.02388	0.35807	0.06233	0.02060	0.10201	0.06438	0.01644	0.10346	0.09650	0.05415	0.01694	0.01812	0.01361	0.00826	0.00681	0.00217	0.00918	0.00608	0.00514	0.01187
117	0.01549	0.00774	0.00774	0.00774	0.00968	0.00774	0.00581	0.01936	0.01742	0.03097	0.02710	0.03097	0.02129	0.00968	0.00581	0.00194	0.00387	0.00774	0.75416	0.00774
118	0.01806	0.01532	0.01766	0.01287	0.02007	0.01227	0.01030	0.04916	0.05379	0.02863	0.01608	0.01813	0.01313	0.00661	0.00638	0.00138	0.00631	0.00529	0.00527	0.68330
119	0.05362	0.01189	0.01097	0.01012	0.01277	0.05127	0.00768	0.08974	0.01978	0.03213	0.02461	0.02937	0.01980	0.05341	0.00846	0.00243	0.00554	0.00768	0.54025	0.00848
120	0.03215	0.02235	0.02436	0.01868	0.02530	0.02440	0.01543	0.56931	0.03752	0.11374	0.02124	0.02078	0.01478	0.01000	0.00831	0.00250	0.00893	0.00757	0.00851	0.01413
121	0.02023	0.01854	0.05872	0.13046	0.02935	0.01928	0.05320	0.06933	0.36158	0.05944	0.02841	0.06964	0.02233	0.01113	0.00860	0.00280	0.00817	0.00963	0.00714	0.01202

[dist]
# distance from previous block
# <min> <max>
0	7

[block]
# block no. 2 follows, 22 sequences, length 41
# corresponding to MSA columns:
# 181-221
name=unknown_C
#
# <colnr> <probs for GDERKNQSTAVLIFYWHMCP>
#	G	D	E	R	K	N	Q	S	T	A	V	L	I	F	Y	W	H	M	C	P
0	0.76672	0.01607	0.01221	0.01092	0.01607	0.01864	0.00900	0.02442	0.01414	0.03727	0.01157	0.01350	0.00900	0.00771	0.00514	0.00257	0.00643	0.00450	0.00514	0.00900
1	0.01207	0.00811	0.00932	0.00932	0.00942	0.00820	0.00536	0.01225	0.01216	0.01630	0.02593	0.05303	0.02962	0.66828	0.08126	0.00838	0.00893	0.01189	0.00500	0.00518
2	0.01804	0.01828	0.02841	0.10932	0.02915	0.02397	0.09708	0.02100	0.01411	0.02100	0.01216	0.01923	0.01115	0.01277	0.02257	0.00342	0.51763	0.00761	0.00372	0.00938
3	0.01820	0.01789	0.02518	0.02316	0.06357	0.02422	0.01810	0.02133	0.04381	0.02116	0.01280	0.01955	0.01216	0.01585	0.05138	0.00391	0.58687	0.00745	0.00393	0.00949
4	0.00995	0.00842	0.00860	0.00855	0.01130	0.00707	0.00641	0.01217	0.01924	0.02317	0.12231	0.07875	0.61425	0.02077	0.00982	0.00279	0.00419	0.01736	0.00781	0.00707
5	0.01569	0.01477	0.02492	0.68808	0.05722	0.01846	0.02307	0.02123	0.01661	0.02123	0.01477	0.02215	0.01107	0.00831	0.00831	0.00277	0.01107	0.00738	0.00369	0.00923
6	0.01176	0.00849	0.01110	0.01045	0.01241	0.00784	0.00784	0.01568	0.02352	0.03331	0.65184	0.06206	0.07839	0.01698	0.00980	0.00261	0.00392	0.01502	0.00914	0.00784
7	0.01818	0.01818	0.02545	0.02181	0.02181	0.02545	0.01818	0.01999	0.01272	0.01999	0.01091	0.01818	0.01091	0.01454	0.02726	0.00364	0.69284	0.00727	0.00364	0.00909
8	0.03132	0.01471	0.01861	0.01504	0.02073	0.01409	0.01216	0.03978	0.18217	0.45938	0.07408	0.03121	0.02563	0.01098	0.00848	0.00264	0.00673	0.00906	0.00974	0.01347
9	0.01723	0.01477	0.01723	0.01230	0.01969	0.01107	0.00984	0.02092	0.01723	0.02707	0.01477	0.01723	0.01230	0.00615	0.00615	0.00123	0.00615	0.00492	0.00492	0.75883
10	0.76672	0.01607	0.01221	0.01092	0.01607	0.01864	0.00900	0.02442	0.01414	0.03727	0.01157	0.01350	0.00900	0.00771	0.00514	0.00257	0.00643	0.00450	0.00514	0.00900
11	0.03727	0.01414	0.01928	0.01478	0.02121	0.01221	0.01221	0.04049	0.02378	0.66198	0.03277	0.02828	0.02056	0.01028	0.00835	0.00257	0.00707	0.00835	0.01028	0.01414
12	0.02066	0.01785	0.01878	0.01691	0.02160	0.02066	0.01315	0.04414	0.64121	0.03475	0.03381	0.03099	0.02536	0.01127	0.00845	0.00282	0.00657	0.00939	0.00845	0.01315
13	0.01666	0.04297	0.66500	0.02368	0.03596	0.01929	0.03069	0.02631	0.01754	0.02631	0.01491	0.01754	0.01052	0.00789	0.00789	0.00263	0.01228	0.00614	0.00351	0.01228
14	0.02976	0.02187	0.02361	0.01843	0.02451	0.02421	0.01506	0.55106	0.07481	0.04874	0.02045	0.02099	0.01485	0.01131	0.00992	0.05262	0.00885	0.00758	0.00801	0.01337
15	0.03556	0.01376	0.01873	0.01449	0.02062	0.01192	0.01192	0.03882	0.02376	0.61973	0.07438	0.03055	0.02445	0.01073	0.00845	0.00257	0.00686	0.00880	0.01021	0.01371
16	0.02066	0.01785	0.01878	0.01691	0.02160	0.02066	0.01315	0.04414	0.64121	0.03475	0.03381	0.03099	0.02536	0.01127	0.00845	0.00282	0.00657	0.00939	0.00845	0.01315
17	0.01166	0.00849	0.01097	0.01035	0.01235	0.00780	0.00776	0.01550	0.02329	0.03279	0.62433	0.06292	0.10622	0.01718	0.00980	0.00262	0.00393	0.01515	0.00908	0.00780
18	0.06791	0.01486	0.02403	0.64100	0.05436	0.01847	0.02209	0.02145	0.01644	0.02234	0.01454	0.02155	0.01093	0.00826	0.00809	0.00275	0.01075	0.00718	0.00379	0.00921
19	0.03060	0.03203	0.02471	0.02234	0.06455	0.38217	0.01653	0.26406	0.02929	0.03320	0.01577	0.01725	0.01218	0.00904	0.00785	0.00230	0.01240	0.00630	0.00584	0.01160
20	0.05417	0.57910	0.03921	0.01509	0.02179	0.10203	0.01427	0.05360	0.01852	0.02187	0.01208	0.01382	0.01076	0.00742	0.00570	0.00188	0.00946	0.00468	0.00392	0.01064
21	0.01194	0.00800	0.00910	0.00923	0.00927	0.00796	0.00522	0.01205	0.01235	0.01646	0.02754	0.09944	0.03192	0.66062	0.04008	0.00773	0.00783	0.01288	0.00522	0.00515
22	0.02280	0.01803	0.01970	0.06120	0.02364	0.01989	0.01354	0.28838	0.20998	0.03889	0.03699	0.03578	0.14974	0.01254	0.00866	0.00267	0.00749	0.01012	0.00792	0.01204
23	0.01549	0.00774	0.00774	0.00774	0.00968	0.00774	0.00581	0.01936	0.01742	0.03097	0.02710	0.03097	0.02129	0.00968	0.00581	0.00194	0.00387	0.00774	0.75416	0.00774
24	0.01552	0.01214	0.01625	0.01922	0.11153	0.01251	0.01270	0.05984	0.08705	0.02587	0.03452	0.20111	0.03664	0.13105	0.01528	0.00401	0.00739	0.18166	0.00684	0.00888
25	0.01263	0.00940	0.01083	0.01153	0.01325	0.03310	0.00836	0.01483	0.01848	0.05456	0.13276	0.38074	0.18375	0.02209	0.01016	0.00309	0.00526	0.05980	0.00789	0.00748
26	0.01549	0.00774	0.00774	0.00774	0.00968	0.00774	0.00581	0.01936	0.01742	0.03097	0.02710	0.03097	0.02129	0.00968	0.00581	0.00194	0.00387	0.00774	0.75416	0.00774
27	0.07839	0.02436	0.04841	0.01849	0.02467	0.08902	0.01541	0.45280	0.06333	0.04487	0.01940	0.02079	0.01447	0.03654	0.00932	0.00270	0.00950	0.00729	0.00739	0.01287
28	0.03194	0.02270	0.02458	0.01884	0.02548	0.02492	0.01557	0.59178	0.03810	0.09044	0.02075	0.02047	0.01453	0.00999	0.00831	0.00250	0.00901	0.00753	0.00843	0.01413
29	0.01842	0.01734	0.02757	0.02026	0.02710	0.01548	0.20445	0.05998	0.01904	0.02777	0.01771	0.06673	0.01541	0.00843	0.00871	0.00206	0.04021	0.00803	0.00504	0.39025
30	0.01012	0.00723	0.00964	0.01157	0.01205	0.00675	0.00771	0.01157	0.01591	0.02121	0.04579	0.70262	0.05495	0.02603	0.01060	0.00337	0.00482	0.02362	0.00771	0.00675
31	0.01932	0.01837	0.03119	0.16352	0.52167	0.01901	0.02432	0.02432	0.01870	0.02634	0.04229	0.02259	0.01553	0.00797	0.00831	0.00253	0.00983	0.00772	0.00425	0.01223
32	0.01666	0.04297	0.66500	0.02368	0.03596	0.01929	0.03069	0.02631	0.01754	0.02631	0.01491	0.01754	0.01052	0.00789	0.00789	0.00263	0.01228	0.00614	0.00351	0.01228
33	0.02221	0.71304	0.04353	0.01421	0.02132	0.03287	0.01421	0.02488	0.01688	0.01955	0.01155	0.01333	0.01066	0.00711	0.00533	0.00178	0.00888	0.00444	0.00355	0.01066
34	0.01191	0.00864	0.01131	0.01106	0.01305	0.00805	0.00858	0.01573	0.02267	0.03159	0.53739	0.06748	0.10029	0.01804	0.01004	0.00280	0.00448	0.10027	0.00886	0.00777
35	0.02056	0.01974	0.03372	0.05099	0.65622	0.01974	0.02550	0.02550	0.01892	0.02714	0.01563	0.02056	0.01316	0.00740	0.00822	0.00247	0.00987	0.00740	0.00411	0.01316
36	0.01868	0.01320	0.01443	0.01246	0.01471	0.01404	0.00867	0.22056	0.02120	0.02837	0.02407	0.04272	0.02477	0.47196	0.03079	0.00617	0.00842	0.01052	0.00614	0.00811
37	0.01569	0.01477	0.02492	0.68808	0.05722	0.01846	0.02307	0.02123	0.01661	0.02123	0.01477	0.02215	0.01107	0.00831	0.00831	0.00277	0.01107	0.00738	0.00369	0.00923
38	0.01176	0.00849	0.01110	0.01045	0.01241	0.00784	0.00784	0.01568	0.02352	0.03331	0.65184	0.06206	0.07839	0.01698	0.00980	0.00261	0.00392	0.01502	0.00914	0.00784
39	0.01012	0.00723	0.00964	0.01157	0.01205	0.00675	0.00771	0.01157	0.01591	0.02121	0.04579	0.70262	0.05495	0.02603	0.01060	0.00337	0.00482	0.02362	0.00771	0.00675
40	0.76672	0.01607	0.01221	0.01092	0.01607	0.01864	0.00900	0.02442	0.01414	0.03727	0.01157	0.01350	0.00900	0.00771	0.00514	0.00257	0.00643	0.00450	0.00514	0.00900

[dist]
# distance from previous block
# <min> <max>
0	9

[block]
# block no. 3 follows, 22 sequences, length 78
# corresponding to MSA columns:
# 231-308
name=unknown_D
#
# <colnr> <probs for GDERKNQSTAVLIFYWHMCP>
#	G	D	E	R	K	N	Q	S	T	A	V	L	I	F	Y	W	H	M	C	P
0	0.02251	0.64992	0.06520	0.01497	0.02211	0.06909	0.01492	0.02540	0.01729	0.01984	0.01175	0.01358	0.01066	0.00722	0.00555	0.00183	0.00936	0.00456	0.00359	0.01066
1	0.02056	0.01974	0.03372	0.05099	0.65622	0.01974	0.02550	0.02550	0.01892	0.02714	0.01563	0.02056	0.01316	0.00740	0.00822	0.00247	0.00987	0.00740	0.00411	0.01316
2	0.01961	0.02241	0.04902	0.03501	0.04342	0.02101	0.62605	0.02661	0.01961	0.02661	0.01681	0.02241	0.01261	0.00700	0.00980	0.00280	0.01401	0.00980	0.00420	0.01120
3	0.01030	0.00736	0.00984	0.01177	0.01233	0.00690	0.00802	0.01188	0.01608	0.02141	0.04569	0.66942	0.05456	0.02586	0.01065	0.00340	0.00497	0.05506	0.00771	0.00680
4	0.01167	0.00849	0.01098	0.01036	0.01236	0.00780	0.00777	0.01551	0.02331	0.03283	0.62646	0.06286	0.10407	0.01716	0.00980	0.00262	0.00393	0.01514	0.00908	0.00780
5	0.01685	0.04188	0.63523	0.02497	0.06521	0.01931	0.03045	0.02627	0.01760	0.02635	0.01494	0.01768	0.01065	0.00787	0.00791	0.00262	0.01216	0.00620	0.00354	0.01232
6	0.01048	0.00750	0.01001	0.01165	0.01237	0.00702	0.00804	0.01234	0.01694	0.02277	0.11380	0.59742	0.05719	0.02484	0.01056	0.00331	0.00487	0.05410	0.00787	0.00692
7	0.01078	0.00885	0.00954	0.00930	0.01197	0.00782	0.00699	0.01427	0.04733	0.02570	0.22419	0.07332	0.48144	0.01960	0.00975	0.00276	0.00424	0.01655	0.00811	0.00749
8	0.01856	0.09274	0.02700	0.02055	0.02166	0.02557	0.01736	0.02056	0.01338	0.02028	0.01116	0.01761	0.01094	0.01335	0.02391	0.00332	0.58691	0.00686	0.00369	0.04462
9	0.01657	0.01017	0.01307	0.01171	0.01476	0.00941	0.00898	0.02109	0.05368	0.13617	0.39505	0.08863	0.08437	0.01786	0.04073	0.00311	0.00562	0.01343	0.00872	0.04686
10	0.05359	0.07879	0.05855	0.19889	0.36758	0.02078	0.02293	0.05505	0.01893	0.02675	0.01507	0.01985	0.01218	0.00776	0.00785	0.00250	0.00999	0.00696	0.00420	0.01181
11	0.03727	0.01414	0.01928	0.01478	0.02121	0.01221	0.01221	0.04049	0.02378	0.66198	0.03277	0.02828	0.02056	0.01028	0.00835	0.00257	0.00707	0.00835	0.01028	0.01414
12	0.01035	0.00741	0.00985	0.01141	0.01210	0.00690	0.00773	0.01215	0.01699	0.02293	0.13190	0.61161	0.05828	0.02474	0.01049	0.00327	0.00469	0.02240	0.00792	0.00690
13	0.02195	0.60435	0.07274	0.05651	0.02448	0.06177	0.01568	0.02512	0.01721	0.02003	0.01198	0.01416	0.01068	0.00729	0.00575	0.00190	0.00948	0.00475	0.00359	0.01061
14	0.01624	0.00946	0.01238	0.01119	0.01394	0.00854	0.00855	0.01982	0.02295	0.14719	0.47902	0.08706	0.09803	0.01640	0.00957	0.00265	0.00455	0.01435	0.00921	0.00889
15	0.01012	0.00723	0.00964	0.01157	0.01205	0.00675	0.00771	0.01157	0.01591	0.02121	0.04579	0.70262	0.05495	0.02603	0.01060	0.00337	0.00482	0.02362	0.00771	0.00675
16	0.22978	0.01973	0.02258	0.19763	0.14253	0.08082	0.01744	0.11805	0.04344	0.03193	0.01535	0.01878	0.01182	0.00837	0.00734	0.00256	0.00947	0.00648	0.00511	0.01079
17	0.32355	0.01336	0.01360	0.01180	0.01631	0.01384	0.00946	0.02614	0.05303	0.17918	0.16157	0.03462	0.08908	0.01176	0.00751	0.00262	0.00583	0.00916	0.00761	0.00997
18	0.01832	0.01870	0.02718	0.05233	0.02613	0.05456	0.11060	0.02133	0.01507	0.02178	0.01415	0.04488	0.01329	0.01408	0.04240	0.00349	0.40939	0.00802	0.00406	0.08025
19	0.01936	0.11281	0.07294	0.05504	0.06509	0.02054	0.28163	0.02694	0.08465	0.02639	0.01731	0.02083	0.01349	0.00745	0.00818	0.00237	0.01073	0.00776	0.00463	0.14186
20	0.01850	0.02023	0.05983	0.04816	0.03136	0.05405	0.26033	0.02355	0.01826	0.02558	0.01723	0.06161	0.01477	0.00838	0.00906	0.00227	0.04019	0.00832	0.00460	0.27372
21	0.08880	0.02242	0.02214	0.01789	0.02338	0.08848	0.01451	0.38023	0.08775	0.06582	0.02017	0.02071	0.01483	0.01001	0.00889	0.00253	0.04621	0.00723	0.04540	0.01257
22	0.03135	0.02121	0.02397	0.01933	0.04978	0.02256	0.01529	0.47764	0.03466	0.14992	0.02161	0.02120	0.01505	0.00973	0.00821	0.00244	0.00868	0.00749	0.00830	0.05160
23	0.01231	0.00894	0.01131	0.01206	0.01294	0.00905	0.00835	0.05037	0.01702	0.02290	0.07005	0.46366	0.04719	0.14626	0.01679	0.00415	0.03308	0.03932	0.00718	0.00707
24	0.01609	0.01531	0.02627	0.63025	0.08846	0.01862	0.04542	0.02165	0.01684	0.02174	0.01489	0.02207	0.01124	0.00821	0.00836	0.00275	0.01112	0.00747	0.00373	0.00951
25	0.01228	0.00939	0.01366	0.01343	0.01468	0.01107	0.01032	0.01487	0.01318	0.01900	0.02195	0.03396	0.02112	0.12519	0.57074	0.01221	0.06208	0.00912	0.00446	0.00728
26	0.01961	0.02241	0.04902	0.03501	0.04342	0.02101	0.62605	0.02661	0.01961	0.02661	0.01681	0.02241	0.01261	0.00700	0.00980	0.00280	0.01401	0.00980	0.00420	0.01120
27	0.03158	0.02327	0.02493	0.01911	0.02576	0.02576	0.01579	0.62852	0.03906	0.05236	0.01995	0.01995	0.01413	0.00997	0.00831	0.00249	0.00914	0.00748	0.00831	0.01413
28	0.01157	0.00841	0.01090	0.01043	0.01234	0.00774	0.00776	0.01526	0.02285	0.03209	0.58969	0.10226	0.10209	0.01772	0.00985	0.00267	0.00399	0.01566	0.00899	0.00774
29	0.02051	0.01771	0.01871	0.01670	0.02152	0.02023	0.01300	0.04310	0.61326	0.03441	0.03296	0.03038	0.02477	0.01104	0.00835	0.00275	0.00656	0.00919	0.00829	0.04655
30	0.01045	0.00748	0.00997	0.01161	0.01232	0.00700	0.00798	0.01228	0.01690	0.02273	0.11353	0.60366	0.05725	0.02488	0.01055	0.00331	0.00485	0.04849	0.00787	0.00691
31	0.01208	0.00805	0.00906	0.00906	0.00906	0.00805	0.00503	0.01208	0.01208	0.01611	0.02618	0.05436	0.03020	0.70804	0.04228	0.00805	0.00805	0.01208	0.00503	0.00503
32	0.01012	0.00723	0.00964	0.01157	0.01205	0.00675	0.00771	0.01157	0.01591	0.02121	0.04579	0.70262	0.05495	0.02603	0.01060	0.00337	0.00482	0.02362	0.00771	0.00675
33	0.01569	0.01477	0.02492	0.68808	0.05722	0.01846	0.02307	0.02123	0.01661	0.02123	0.01477	0.02215	0.01107	0.00831	0.00831	0.00277	0.01107	0.00738	0.00369	0.00923
34	0.02221	0.71304	0.04353	0.01421	0.02132	0.03287	0.01421	0.02488	0.01688	0.01955	0.01155	0.01333	0.01066	0.00711	0.00533	0.00178	0.00888	0.00444	0.00355	0.01066
35	0.01696	0.07849	0.63206	0.02318	0.03518	0.02001	0.02982	0.02623	0.01750	0.02595	0.01473	0.01732	0.01053	0.00785	0.00776	0.00259	0.01210	0.00605	0.00351	0.01219
36	0.01012	0.00723	0.00964	0.01157	0.01205	0.00675	0.00771	0.01157	0.01591	0.02121	0.04579	0.70262	0.05495	0.02603	0.01060	0.00337	0.00482	0.02362	0.00771	0.00675
37	0.01549	0.00774	0.00774	0.00774	0.00968	0.00774	0.00581	0.01936	0.01742	0.03097	0.02710	0.03097	0.02129	0.00968	0.00581	0.00194	0.00387	0.00774	0.75416	0.00774
38	0.06179	0.07358	0.02460	0.02168	0.04845	0.55714	0.01609	0.03145	0.02211	0.02127	0.01273	0.01518	0.01073	0.00867	0.00819	0.00222	0.04469	0.00543	0.00424	0.00977
39	0.03001	0.02226	0.02392	0.01858	0.02489	0.02462	0.01526	0.56600	0.07277	0.05044	0.05073	0.02258	0.01782	0.01038	0.00839	0.00252	0.00875	0.00795	0.00836	0.01377
