[name]
unknown

[dist]
# distance from previous block
# <min> <max>
0	77

[block]
# block no. 0 follows, 20 sequences, length 13
# corresponding to MSA columns:
# 77-89
name=unknown_A
#
# <colnr> <probs for GDERKNQSTAVLIFYWHMCP>
#	G	D	E	R	K	N	Q	S	T	A	V	L	I	F	Y	W	H	M	C	P
0	0.01406	0.01004	0.01406	0.01606	0.01807	0.01004	0.01406	0.01807	0.02008	0.02610	0.04618	0.09839	0.05020	0.02410	0.01205	0.00402	0.00803	0.58032	0.00803	0.00803
1	0.03127	0.02523	0.02435	0.01969	0.02590	0.11713	0.01585	0.38218	0.14868	0.08444	0.02350	0.02296	0.01699	0.01054	0.00863	0.00263	0.00984	0.00797	0.00827	0.01395
2	0.03250	0.02321	0.02515	0.01953	0.02630	0.02553	0.01605	0.51628	0.09481	0.09534	0.02328	0.02266	0.01643	0.01062	0.00874	0.00266	0.00919	0.00811	0.00889	0.01474
3	0.01063	0.00759	0.01012	0.01215	0.01265	0.00709	0.00810	0.01215	0.01670	0.02227	0.04808	0.68775	0.05769	0.02733	0.01113	0.00354	0.00506	0.02480	0.00810	0.00709
4	0.01235	0.00892	0.01166	0.01097	0.01303	0.00823	0.00823	0.01646	0.02469	0.03498	0.63443	0.06516	0.08230	0.01783	0.01029	0.00274	0.00412	0.01578	0.00960	0.00823
5	0.03291	0.22701	0.02841	0.01572	0.02259	0.02082	0.01374	0.06890	0.05810	0.38443	0.02684	0.02452	0.01830	0.00981	0.00779	0.00245	0.00810	0.00751	0.00839	0.01366
6	0.01246	0.00935	0.01402	0.01402	0.01558	0.01090	0.01090	0.01558	0.01402	0.02025	0.02336	0.03427	0.02181	0.06542	0.65888	0.01402	0.02336	0.00935	0.00467	0.00779
7	0.02017	0.34538	0.37143	0.02030	0.03069	0.02681	0.02428	0.02693	0.01810	0.02436	0.01403	0.01638	0.01112	0.00791	0.00705	0.00235	0.01125	0.00563	0.00371	0.01211
8	0.02238	0.52538	0.03804	0.05183	0.02299	0.06181	0.01427	0.02550	0.01815	0.02241	0.01477	0.01731	0.01285	0.00801	0.00596	0.00197	0.00902	0.00539	0.11135	0.01061
9	0.03173	0.12270	0.02902	0.01932	0.02637	0.02814	0.01634	0.52486	0.03762	0.04995	0.01966	0.01993	0.01430	0.01003	0.00827	0.00251	0.00956	0.00739	0.00800	0.01430
10	0.05939	0.30597	0.28092	0.01945	0.02890	0.02700	0.02177	0.11178	0.02125	0.02931	0.01482	0.01677	0.01158	0.00826	0.00711	0.00237	0.01065	0.00584	0.00452	0.01231
11	0.02777	0.11398	0.12115	0.02141	0.02935	0.02624	0.07010	0.36272	0.07032	0.04299	0.01968	0.02065	0.01443	0.00958	0.00841	0.00259	0.01032	0.00758	0.00698	0.01375
12	0.01958	0.27869	0.43292	0.02131	0.03226	0.02535	0.02604	0.02709	0.01817	0.02509	0.01439	0.01684	0.01110	0.00799	0.00733	0.00244	0.01162	0.00581	0.00370	0.01228

[dist]
# distance from previous block
# <min> <max>
75	131

[block]
# block no. 1 follows, 20 sequences, length 14
# corresponding to MSA columns:
# 233-246
name=unknown_B
#
# <colnr> <probs for GDERKNQSTAVLIFYWHMCP>
#	G	D	E	R	K	N	Q	S	T	A	V	L	I	F	Y	W	H	M	C	P
0	0.14667	0.02005	0.02128	0.01650	0.02328	0.02080	0.01350	0.30147	0.06216	0.08916	0.02003	0.02045	0.01466	0.00923	0.00766	0.00234	0.00808	0.00688	0.00750	0.18830
1	0.50608	0.05837	0.01628	0.01267	0.01810	0.01965	0.01050	0.05858	0.06291	0.08597	0.01733	0.01848	0.01304	0.00883	0.00616	0.00261	0.00692	0.00584	0.06119	0.01049
2	0.01198	0.00880	0.01122	0.01084	0.01286	0.00804	0.00804	0.01567	0.02350	0.03266	0.52546	0.11922	0.14103	0.01909	0.01036	0.00283	0.00423	0.01682	0.00931	0.00804
3	0.01776	0.01639	0.02689	0.58889	0.10403	0.01989	0.02402	0.05392	0.01889	0.02452	0.01586	0.02300	0.01197	0.00874	0.00871	0.00287	0.01142	0.00776	0.00417	0.01029
4	0.01809	0.01550	0.01809	0.01292	0.02067	0.01163	0.01034	0.02196	0.01809	0.02842	0.01550	0.01809	0.01292	0.00646	0.00646	0.00129	0.00646	0.00517	0.00517	0.74677
5	0.01246	0.00935	0.01402	0.01402	0.01558	0.01090	0.01090	0.01558	0.01402	0.02025	0.02336	0.03427	0.02181	0.06542	0.65888	0.01402	0.02336	0.00935	0.00467	0.00779
6	0.01149	0.00894	0.01047	0.01026	0.01273	0.00793	0.00781	0.01471	0.02218	0.02914	0.34619	0.07580	0.33923	0.02017	0.01040	0.00291	0.00448	0.04853	0.00881	0.00781
7	0.02140	0.01746	0.01986	0.01449	0.02207	0.01501	0.01171	0.15105	0.02312	0.03425	0.01670	0.01871	0.01334	0.00734	0.00696	0.00158	0.00715	0.00576	0.00595	0.58608
8	0.02159	0.02073	0.03541	0.05354	0.63903	0.02073	0.02677	0.02677	0.01986	0.02850	0.01641	0.02159	0.01382	0.00777	0.00864	0.00259	0.01036	0.00777	0.00432	0.01382
9	0.01647	0.01550	0.02616	0.67248	0.06008	0.01938	0.02422	0.02229	0.01744	0.02229	0.01550	0.02326	0.01163	0.00872	0.00872	0.00291	0.01163	0.00775	0.00388	0.00969
10	0.02065	0.02335	0.05045	0.03783	0.08334	0.02197	0.57042	0.02787	0.02054	0.02798	0.01757	0.02341	0.01327	0.00738	0.01019	0.00292	0.01443	0.01013	0.00441	0.01190
11	0.01686	0.01589	0.02685	0.62623	0.10334	0.01948	0.02442	0.02262	0.01762	0.02275	0.01557	0.02313	0.01179	0.00865	0.00871	0.00288	0.01153	0.00775	0.00391	0.01000
12	0.01526	0.01121	0.01718	0.05029	0.02070	0.01099	0.07294	0.01942	0.05155	0.07081	0.04120	0.40318	0.04505	0.02167	0.01077	0.00343	0.00717	0.11064	0.00773	0.00881
13	0.12759	0.01495	0.01740	0.01410	0.01951	0.01461	0.01145	0.12044	0.02520	0.30759	0.10780	0.03535	0.07776	0.01216	0.00846	0.00267	0.00680	0.00972	0.05418	0.01226

[dist]
# distance from previous block
# <min> <max>
0	2

[block]
# block no. 2 follows, 20 sequences, length 10
# corresponding to MSA columns:
# 249-258
name=unknown_C
#
# <colnr> <probs for GDERKNQSTAVLIFYWHMCP>
#	G	D	E	R	K	N	Q	S	T	A	V	L	I	F	Y	W	H	M	C	P
0	0.02255	0.02054	0.14952	0.01620	0.02296	0.01439	0.01553	0.09230	0.02430	0.16978	0.21139	0.03558	0.03608	0.01177	0.00879	0.00251	0.00765	0.00981	0.00787	0.12048
1	0.02408	0.06905	0.36520	0.02424	0.07023	0.02044	0.04795	0.09537	0.02234	0.14906	0.01979	0.02103	0.01376	0.00890	0.00839	0.00268	0.01120	0.00719	0.00568	0.01341
2	0.09850	0.01777	0.02048	0.05749	0.02458	0.01959	0.01440	0.11364	0.22835	0.14919	0.02765	0.03000	0.02100	0.01152	0.00989	0.00287	0.05377	0.03992	0.00797	0.05143
3	0.02332	0.10797	0.18651	0.02191	0.10017	0.01855	0.01915	0.07019	0.02260	0.15528	0.13238	0.02924	0.02689	0.01046	0.00842	0.00255	0.00895	0.00861	0.00671	0.04016
4	0.02427	0.18386	0.18373	0.01933	0.02745	0.05411	0.04523	0.12572	0.06446	0.07990	0.01927	0.02056	0.01447	0.00890	0.00766	0.00240	0.01003	0.00684	0.04802	0.05379
5	0.01932	0.02230	0.14959	0.02046	0.08642	0.01569	0.01737	0.08839	0.02098	0.03075	0.02022	0.05741	0.01794	0.00981	0.00797	0.00220	0.00858	0.05234	0.00554	0.34670
6	0.07466	0.09327	0.15211	0.02743	0.18498	0.06200	0.02040	0.03070	0.12978	0.05472	0.06833	0.02503	0.02057	0.00960	0.00816	0.00262	0.00961	0.00789	0.00573	0.01241
7	0.02297	0.09759	0.02286	0.06808	0.02340	0.08130	0.01406	0.08925	0.02118	0.10444	0.05553	0.06929	0.02228	0.05202	0.04141	0.00348	0.10290	0.00908	0.05043	0.04844
8	0.01837	0.01581	0.01930	0.01577	0.02113	0.01529	0.04045	0.05636	0.16306	0.03011	0.02993	0.11416	0.06705	0.01235	0.00950	0.00240	0.04535	0.01033	0.00671	0.30656
9	0.15116	0.02422	0.14935	0.02120	0.02946	0.01907	0.13314	0.10862	0.02258	0.15808	0.01993	0.02128	0.01403	0.00869	0.00816	0.00261	0.01001	0.00744	0.00638	0.08457

[dist]
# distance from previous block
# <min> <max>
0	6

[block]
# block no. 3 follows, 20 sequences, length 27
# corresponding to MSA columns:
# 265-291
name=unknown_D
#
# <colnr> <probs for GDERKNQSTAVLIFYWHMCP>
#	G	D	E	R	K	N	Q	S	T	A	V	L	I	F	Y	W	H	M	C	P
0	0.28360	0.06360	0.07629	0.01566	0.02136	0.04237	0.01392	0.11315	0.02119	0.07557	0.06576	0.05993	0.02008	0.01092	0.00877	0.00270	0.05246	0.00787	0.00633	0.03849
1	0.02456	0.13544	0.02349	0.01638	0.02134	0.20137	0.01316	0.10931	0.02437	0.06886	0.08065	0.07390	0.11129	0.01274	0.00837	0.00244	0.00952	0.00987	0.00659	0.04634
2	0.07013	0.02115	0.03680	0.02886	0.05577	0.02074	0.31366	0.07097	0.02150	0.03112	0.02221	0.10244	0.02000	0.01192	0.01183	0.00324	0.06756	0.01119	0.00592	0.07298
3	0.14226	0.01889	0.01978	0.08362	0.02565	0.05144	0.01420	0.09755	0.27942	0.09568	0.06151	0.02818	0.02304	0.01087	0.00831	0.00280	0.00797	0.00863	0.00780	0.01239
4	0.01978	0.02061	0.08837	0.29004	0.09130	0.02083	0.02121	0.06545	0.22898	0.03016	0.02284	0.02571	0.01713	0.00978	0.00872	0.00287	0.00990	0.00836	0.00591	0.01209
5	0.11201	0.12962	0.22195	0.02450	0.11281	0.06228	0.04972	0.06083	0.02058	0.05205	0.06077	0.02170	0.01716	0.00898	0.00784	0.00256	0.01050	0.00713	0.00505	0.01195
6	0.06036	0.02135	0.02258	0.06158	0.02622	0.05348	0.01524	0.36861	0.09686	0.04472	0.07435	0.06787	0.02383	0.01201	0.00883	0.00273	0.00887	0.00955	0.00810	0.01286
7	0.01946	0.01885	0.03177	0.23451	0.08086	0.02013	0.16763	0.05900	0.01941	0.02701	0.01593	0.02164	0.01258	0.00883	0.01117	0.00270	0.09377	0.00792	0.00455	0.14229
8	0.01063	0.00842	0.00957	0.01018	0.01221	0.00736	0.00729	0.01281	0.01931	0.02433	0.13225	0.28569	0.38232	0.02341	0.01059	0.00313	0.00460	0.02029	0.00826	0.00736
9	0.01072	0.00763	0.01009	0.01203	0.01251	0.00715	0.00797	0.01217	0.01652	0.02202	0.04714	0.65919	0.05652	0.05749	0.01264	0.00377	0.00521	0.02425	0.00797	0.00700
10	0.03152	0.02362	0.02525	0.01974	0.02642	0.02628	0.01618	0.52916	0.12447	0.05232	0.02303	0.02261	0.01652	0.01067	0.00875	0.00267	0.00921	0.00814	0.00875	0.01469
11	0.07195	0.27327	0.28278	0.01943	0.02862	0.08189	0.02154	0.02885	0.01904	0.07688	0.01554	0.01726	0.01189	0.00825	0.00714	0.00239	0.01101	0.00582	0.00448	0.01197
12	0.05676	0.00933	0.01165	0.01106	0.01324	0.00885	0.00830	0.01680	0.02371	0.03461	0.56864	0.09236	0.07674	0.01771	0.01004	0.00278	0.00432	0.01555	0.00928	0.00825
13	0.03192	0.02370	0.02551	0.01948	0.02653	0.02578	0.01606	0.56150	0.03912	0.05279	0.02049	0.02071	0.01468	0.01014	0.00854	0.00251	0.00934	0.00763	0.00843	0.07515
14	0.02305	0.07266	0.26071	0.02160	0.03072	0.01892	0.09656	0.07662	0.02153	0.13854	0.02136	0.06106	0.01652	0.00967	0.00846	0.00259	0.01046	0.00831	0.00589	0.09477
15	0.01887	0.01677	0.02504	0.39630	0.12287	0.01934	0.02100	0.09591	0.06113	0.02820	0.02557	0.03000	0.08141	0.01048	0.00889	0.00284	0.01011	0.00907	0.00532	0.01088
16	0.01170	0.00864	0.01094	0.01090	0.01277	0.00787	0.00797	0.01502	0.02238	0.03075	0.43671	0.19410	0.15717	0.02037	0.01046	0.00293	0.00435	0.01798	0.00908	0.00787
17	0.02108	0.01972	0.03251	0.21083	0.37119	0.02100	0.06159	0.07191	0.05066	0.02928	0.01754	0.02264	0.01391	0.00840	0.00878	0.00272	0.01074	0.00804	0.00477	0.01268
18	0.01931	0.01617	0.02207	0.01673	0.02324	0.01417	0.07974	0.02455	0.05684	0.06482	0.02061	0.07634	0.01799	0.00950	0.00906	0.00203	0.05215	0.00808	0.00581	0.46082
19	0.01353	0.00988	0.01370	0.01338	0.01465	0.01153	0.01019	0.01622	0.01431	0.02139	0.02359	0.03600	0.02241	0.14294	0.43702	0.01087	0.07347	0.00952	0.09778	0.00762
20	0.01061	0.00767	0.01004	0.01192	0.01259	0.00710	0.00800	0.01217	0.01691	0.02235	0.05077	0.64746	0.09625	0.02698	0.01108	0.00350	0.00502	0.02437	0.00810	0.00710
21	0.35368	0.12009	0.02155	0.06495	0.02310	0.02090	0.01274	0.06821	0.04379	0.15188	0.01828	0.01911	0.01335	0.00883	0.00672	0.00256	0.00783	0.00615	0.00642	0.02985
22	0.01848	0.02675	0.21158	0.16033	0.07833	0.04848	0.10446	0.02481	0.01849	0.02577	0.03867	0.04305	0.01588	0.00981	0.01090	0.00281	0.08405	0.00825	0.00438	0.06470
23	0.02156	0.02084	0.03229	0.10710	0.48837	0.04644	0.02464	0.02892	0.08918	0.02854	0.01840	0.02277	0.01498	0.00838	0.00864	0.00265	0.01030	0.00792	0.00481	0.01327
24	0.01843	0.01546	0.01888	0.09544	0.02517	0.01393	0.01249	0.06825	0.05988	0.03026	0.05877	0.06758	0.02121	0.00952	0.00763	0.00195	0.00713	0.00799	0.00600	0.45403
25	0.26010	0.03953	0.04336	0.11060	0.09098	0.01905	0.01545	0.06949	0.06676	0.08523	0.05728	0.02308	0.01792	0.00933	0.00749	0.00262	0.00820	0.00722	0.00617	0.06015
26	0.12481	0.01520	0.01905	0.12250	0.02658	0.01526	0.01356	0.05692	0.05987	0.23969	0.10531	0.02963	0.02535	0.01055	0.00823	0.00258	0.00753	0.00858	0.00787	0.10092

[dist]
# distance from previous block
# <min> <max>
0	2

[block]
# block no. 4 follows, 20 sequences, length 313
# corresponding to MSA columns:
# 294-301,306-327,333-615
name=unknown_E
#
# <colnr> <probs for GDERKNQSTAVLIFYWHMCP>
#	G	D	E	R	K	N	Q	S	T	A	V	L	I	F	Y	W	H	M	C	P
0	0.08245	0.01683	0.02035	0.01620	0.02255	0.01659	0.01322	0.10885	0.13714	0.42281	0.03156	0.02817	0.02093	0.01077	0.00856	0.00274	0.00754	0.00860	0.00984	0.01429
1	0.42036	0.02522	0.20910	0.04890	0.05423	0.01922	0.01787	0.02566	0.01682	0.03409	0.04656	0.01895	0.01411	0.00869	0.00685	0.00273	0.00889	0.00612	0.00497	0.01065
2	0.01133	0.00891	0.01030	0.01081	0.01284	0.00813	0.00777	0.01473	0.04988	0.02561	0.16012	0.29247	0.31008	0.02274	0.01053	0.00313	0.00472	0.01982	0.00838	0.00773
3	0.01824	0.01564	0.01816	0.01312	0.02076	0.01205	0.01048	0.02299	0.04357	0.02876	0.01635	0.01870	0.01350	0.00669	0.00656	0.00136	0.00648	0.00537	0.00532	0.71590
4	0.01705	0.01610	0.02721	0.60224	0.12578	0.01953	0.02451	0.02280	0.01772	0.02299	0.01561	0.02307	0.01188	0.00861	0.00871	0.00287	0.01148	0.00775	0.00393	0.01016
5	0.01820	0.01701	0.02782	0.38307	0.21144	0.02011	0.02329	0.02324	0.01762	0.02436	0.01591	0.02275	0.01277	0.00939	0.01114	0.00289	0.09739	0.00776	0.04310	0.01072
6	0.01368	0.00918	0.01203	0.01235	0.01433	0.00827	0.00894	0.01628	0.01946	0.06589	0.18647	0.40658	0.05715	0.02202	0.01043	0.00313	0.00526	0.04936	0.00838	0.07082
7	0.01364	0.01206	0.02064	0.17481	0.02936	0.01245	0.10852	0.01713	0.01750	0.02319	0.03535	0.42104	0.03946	0.01964	0.01042	0.00329	0.00819	0.01836	0.00649	0.00846
8	0.01343	0.01034	0.01418	0.01538	0.01667	0.01109	0.01246	0.01629	0.01811	0.02410	0.04398	0.28101	0.06985	0.02396	0.01379	0.00379	0.09211	0.30405	0.00752	0.00789
9	0.02773	0.02360	0.02664	0.09614	0.03057	0.09288	0.05612	0.33946	0.03069	0.04060	0.01869	0.02132	0.01405	0.01042	0.01081	0.00273	0.08549	0.00775	0.05178	0.01252
10	0.01069	0.00783	0.01005	0.01166	0.01257	0.00719	0.00792	0.01245	0.01758	0.02320	0.08847	0.57464	0.13150	0.02610	0.01098	0.00342	0.00492	0.02345	0.00819	0.00719
11	0.28908	0.02425	0.14074	0.05519	0.03286	0.02100	0.21862	0.02631	0.01747	0.03126	0.01476	0.01888	0.01126	0.00838	0.00928	0.00288	0.05506	0.00727	0.00458	0.01087
12	0.50248	0.01615	0.01544	0.01290	0.01877	0.01719	0.01064	0.03159	0.01842	0.25292	0.02000	0.01965	0.01373	0.00905	0.00659	0.00270	0.00699	0.00615	0.00730	0.01135
13	0.01908	0.01908	0.02672	0.02290	0.02290	0.02672	0.01908	0.02099	0.01336	0.02099	0.01145	0.01908	0.01145	0.01527	0.02863	0.00382	0.67748	0.00763	0.00382	0.00954
14	0.02037	0.02435	0.07861	0.03557	0.04418	0.02219	0.55328	0.02761	0.02016	0.02761	0.01727	0.02308	0.01305	0.00776	0.01104	0.00297	0.04484	0.00999	0.00435	0.01172
15	0.66837	0.01667	0.01409	0.05531	0.02001	0.01920	0.01060	0.02631	0.01555	0.07014	0.01355	0.01559	0.01023	0.00828	0.00580	0.00271	0.00711	0.00514	0.00558	0.00975
16	0.01915	0.01547	0.01820	0.01305	0.02075	0.01169	0.01046	0.02300	0.01843	0.05944	0.01645	0.01867	0.01336	0.00668	0.00658	0.00136	0.00651	0.00535	0.00545	0.70996
17	0.01224	0.00891	0.01151	0.01086	0.01297	0.00818	0.00815	0.01625	0.02444	0.03437	0.60549	0.06615	0.11162	0.01806	0.01029	0.00275	0.00413	0.01591	0.00952	0.00818
18	0.03146	0.03993	0.02392	0.02179	0.02620	0.62568	0.01634	0.03371	0.02448	0.02146	0.01725	0.01916	0.04263	0.00965	0.00799	0.00228	0.01516	0.00626	0.00468	0.00997
19	0.02141	0.01914	0.01925	0.01755	0.02212	0.06096	0.01367	0.04229	0.51638	0.03488	0.07134	0.03696	0.03030	0.01267	0.00907	0.00296	0.00736	0.04018	0.00860	0.01292
20	0.01340	0.00906	0.01177	0.01122	0.01339	0.00829	0.00836	0.01709	0.02357	0.06366	0.51083	0.13284	0.10586	0.01875	0.01031	0.00284	0.00440	0.01655	0.00942	0.00839
21	0.02046	0.02295	0.04917	0.06863	0.08625	0.02184	0.54006	0.02759	0.02039	0.02771	0.01746	0.02339	0.01320	0.00745	0.01011	0.00292	0.01426	0.01000	0.00438	0.01180
22	0.01515	0.00758	0.01136	0.01136	0.01136	0.00758	0.00758	0.01136	0.01136	0.01515	0.01515	0.02652	0.01515	0.03030	0.03409	0.74621	0.00758	0.00758	0.00379	0.00379
23	0.01708	0.00892	0.00901	0.00871	0.01099	0.00905	0.00661	0.04906	0.01940	0.03361	0.02809	0.03196	0.02199	0.01018	0.00623	0.00206	0.00433	0.00812	0.70614	0.00846
24	0.01879	0.01592	0.01847	0.01325	0.02097	0.01235	0.01063	0.04948	0.01916	0.02967	0.01576	0.01822	0.01301	0.00665	0.00657	0.00135	0.00661	0.00529	0.00533	0.71251
25	0.01217	0.00885	0.01145	0.01093	0.01295	0.00813	0.00815	0.01606	0.02408	0.03382	0.58004	0.09557	0.10810	0.01849	0.01033	0.00279	0.00417	0.01633	0.00946	0.00813
26	0.01875	0.01511	0.01783	0.01301	0.02038	0.01148	0.01035	0.02249	0.01835	0.05742	0.01789	0.04918	0.01537	0.00762	0.00678	0.00146	0.00644	0.00623	0.00557	0.67828
27	0.01989	0.02019	0.03323	0.08434	0.03244	0.02484	0.17596	0.04981	0.01691	0.02451	0.01389	0.02072	0.01210	0.01236	0.02107	0.00345	0.41134	0.00836	0.00420	0.01039
28	0.01166	0.00838	0.01070	0.04244	0.01418	0.00809	0.00814	0.01352	0.01708	0.02302	0.09690	0.40314	0.10396	0.14362	0.01659	0.00420	0.00579	0.01967	0.04187	0.00706
29	0.03316	0.02443	0.02618	0.02007	0.02705	0.02705	0.01658	0.60995	0.04101	0.05497	0.02094	0.02094	0.01483	0.01047	0.00873	0.00262	0.00960	0.00785	0.00873	0.01483
30	0.01908	0.01908	0.02672	0.02290	0.02290	0.02672	0.01908	0.02099	0.01336	0.02099	0.01145	0.01908	0.01145	0.01527	0.02863	0.00382	0.67748	0.00763	0.00382	0.00954
31	0.01063	0.00759	0.01012	0.01215	0.01265	0.00709	0.00810	0.01215	0.01670	0.02227	0.04808	0.68775	0.05769	0.02733	0.01113	0.00354	0.00506	0.02480	0.00810	0.00709
32	0.01063	0.00759	0.01012	0.01215	0.01265	0.00709	0.00810	0.01215	0.01670	0.02227	0.04808	0.68775	0.05769	0.02733	0.01113	0.00354	0.00506	0.02480	0.00810	0.00709
33	0.01063	0.00759	0.01012	0.01215	0.01265	0.00709	0.00810	0.01215	0.01670	0.02227	0.04808	0.68775	0.05769	0.02733	0.01113	0.00354	0.00506	0.02480	0.00810	0.00709
34	0.03316	0.02443	0.02618	0.02007	0.02705	0.02705	0.01658	0.60995	0.04101	0.05497	0.02094	0.02094	0.01483	0.01047	0.00873	0.00262	0.00960	0.00785	0.00873	0.01483
35	0.03914	0.01484	0.02024	0.01552	0.02227	0.01282	0.01282	0.04251	0.02497	0.64507	0.03441	0.02969	0.02159	0.01080	0.00877	0.00270	0.00742	0.00877	0.01080	0.01484
36	0.03316	0.02443	0.02618	0.02007	0.02705	0.02705	0.01658	0.60995	0.04101	0.05497	0.02094	0.02094	0.01483	0.01047	0.00873	0.00262	0.00960	0.00785	0.00873	0.01483
37	0.01388	0.00998	0.01381	0.01572	0.01777	0.00991	0.01370	0.01781	0.02007	0.02598	0.04818	0.09771	0.07793	0.02400	0.01197	0.00397	0.00786	0.55370	0.00804	0.00800
38	0.02332	0.69869	0.04571	0.01493	0.02239	0.03451	0.01493	0.02612	0.01772	0.02052	0.01213	0.01399	0.01119	0.00746	0.00560	0.00187	0.00933	0.00466	0.00373	0.01119
39	0.02093	0.01993	0.03388	0.05105	0.60127	0.01990	0.02564	0.02589	0.01967	0.02812	0.01832	0.06175	0.01646	0.00895	0.00879	0.00265	0.01004	0.00880	0.00455	0.01341
40	0.02170	0.01874	0.01972	0.01775	0.02268	0.02170	0.01381	0.04635	0.62327	0.03649	0.03550	0.03254	0.02663	0.01183	0.00888	0.00296	0.00690	0.00986	0.00888	0.01381
41	0.01583	0.00935	0.01137	0.01068	0.01192	0.00905	0.00694	0.01708	0.01629	0.09649	0.13243	0.05421	0.03877	0.46883	0.05925	0.00700	0.00819	0.01260	0.00667	0.00706
42	0.02118	0.02014	0.03423	0.05148	0.60496	0.02014	0.02607	0.02629	0.01987	0.02837	0.01804	0.02580	0.01581	0.00867	0.00882	0.00267	0.01023	0.03919	0.00452	0.01350
43	0.01200	0.00890	0.01118	0.01061	0.01282	0.00808	0.00796	0.01579	0.02388	0.03305	0.54208	0.06834	0.17586	0.01855	0.01029	0.00278	0.00417	0.01622	0.00935	0.00808
44	0.01515	0.00758	0.01136	0.01136	0.01136	0.00758	0.00758	0.01136	0.01136	0.01515	0.01515	0.02652	0.01515	0.03030	0.03409	0.74621	0.00758	0.00758	0.00379	0.00379
45	0.02332	0.69869	0.04571	0.01493	0.02239	0.03451	0.01493	0.02612	0.01772	0.02052	0.01213	0.01399	0.01119	0.00746	0.00560	0.00187	0.00933	0.00466	0.00373	0.01119
46	0.64812	0.01657	0.01393	0.01208	0.01768	0.01856	0.00995	0.02816	0.01636	0.12965	0.01547	0.01649	0.01126	0.00850	0.00590	0.00270	0.00685	0.00533	0.00620	0.01025
47	0.03634	0.01637	0.05823	0.01584	0.02271	0.01302	0.01376	0.04017	0.02455	0.57378	0.06619	0.03095	0.02428	0.01103	0.00883	0.00271	0.00758	0.00901	0.01030	0.01436
48	0.20296	0.03802	0.48847	0.02149	0.03250	0.02008	0.02650	0.02713	0.01752	0.03052	0.01477	0.01735	0.01065	0.00824	0.00756	0.00275	0.01135	0.00601	0.00411	0.01203
49	0.03316	0.02443	0.02618	0.02007	0.02705	0.02705	0.01658	0.60995	0.04101	0.05497	0.02094	0.02094	0.01483	0.01047	0.00873	0.00262	0.00960	0.00785	0.00873	0.01483
50	0.75506	0.01687	0.01282	0.01147	0.01687	0.01957	0.00945	0.02564	0.01484	0.03914	0.01215	0.01417	0.00945	0.00810	0.00540	0.00270	0.00675	0.00472	0.00540	0.00945
51	0.01694	0.01600	0.02761	0.53118	0.05332	0.01941	0.07582	0.02205	0.01709	0.02228	0.01540	0.02320	0.01197	0.01034	0.01173	0.04778	0.05650	0.00796	0.00392	0.00951
52	0.01590	0.00810	0.00826	0.00839	0.01032	0.00806	0.00623	0.01980	0.01819	0.03186	0.02971	0.07441	0.02462	0.01126	0.00642	0.00213	0.00413	0.00920	0.69496	0.00806
53	0.01063	0.00759	0.01012	0.01215	0.01265	0.00709	0.00810	0.01215	0.01670	0.02227	0.04808	0.68775	0.05769	0.02733	0.01113	0.00354	0.00506	0.02480	0.00810	0.00709
54	0.01678	0.01589	0.02766	0.48230	0.08398	0.01845	0.09145	0.02204	0.01737	0.02265	0.01726	0.02731	0.01438	0.09172	0.01324	0.00357	0.01154	0.00866	0.00414	0.00963
55	0.01655	0.01147	0.01460	0.05520	0.01864	0.01167	0.01071	0.02403	0.13491	0.08946	0.30876	0.17745	0.05670	0.01736	0.00995	0.00295	0.00562	0.01530	0.00891	0.00976
56	0.01439	0.01004	0.01369	0.01332	0.01529	0.01138	0.01038	0.05226	0.01642	0.02455	0.02414	0.03315	0.02149	0.05216	0.50216	0.01117	0.01906	0.00904	0.13765	0.00827
57	0.02684	0.02129	0.02262	0.01879	0.02464	0.02410	0.01505	0.29909	0.36217	0.04478	0.02897	0.02734	0.02134	0.01122	0.00881	0.00281	0.00811	0.00896	0.00881	0.01427
58	0.02194	0.01303	0.01383	0.01199	0.01565	0.01372	0.00945	0.16079	0.06392	0.07494	0.02753	0.02965	0.02084	0.01038	0.00705	0.00227	0.00574	0.00822	0.47857	0.01047
59	0.01908	0.01908	0.02672	0.02290	0.02290	0.02672	0.01908	0.02099	0.01336	0.02099	0.01145	0.01908	0.01145	0.01527	0.02863	0.00382	0.67748	0.00763	0.00382	0.00954
60	0.02972	0.02172	0.02315	0.01829	0.02441	0.02404	0.01493	0.47142	0.10372	0.05003	0.02354	0.02372	0.01712	0.01059	0.00841	0.00258	0.00859	0.00811	0.10204	0.01387
61	0.65825	0.02058	0.09623	0.01323	0.01961	0.01966	0.01244	0.02590	0.01531	0.03763	0.01261	0.01473	0.00966	0.00812	0.00578	0.00271	0.00755	0.00495	0.00517	0.00990
62	0.03877	0.01543	0.02061	0.01580	0.02256	0.01369	0.01305	0.07726	0.02595	0.60893	0.03359	0.02915	0.02118	0.01078	0.00877	0.00269	0.00756	0.00872	0.01067	0.01484
63	0.01235	0.00892	0.01166	0.01097	0.01303	0.00823	0.00823	0.01646	0.02469	0.03498	0.63443	0.06516	0.08230	0.01783	0.01029	0.00274	0.00412	0.01578	0.00960	0.00823
64	0.01647	0.01550	0.02616	0.67248	0.06008	0.01938	0.02422	0.02229	0.01744	0.02229	0.01550	0.02326	0.01163	0.00872	0.00872	0.00291	0.01163	0.00775	0.00388	0.00969
65	0.02439	0.65265	0.04399	0.01497	0.02238	0.03305	0.01478	0.02722	0.01821	0.06257	0.01363	0.01505	0.01189	0.00769	0.00581	0.00192	0.00920	0.00494	0.00421	0.01144
66	0.03914	0.01484	0.02024	0.01552	0.02227	0.01282	0.01282	0.04251	0.02497	0.64507	0.03441	0.02969	0.02159	0.01080	0.00877	0.00270	0.00742	0.00877	0.01080	0.01484
67	0.01797	0.01012	0.01080	0.04087	0.01423	0.01056	0.00801	0.07962	0.02053	0.03429	0.02709	0.03092	0.02109	0.01013	0.00649	0.00213	0.00498	0.00808	0.63322	0.00888
68	0.01515	0.00758	0.01136	0.01136	0.01136	0.00758	0.00758	0.01136	0.01136	0.01515	0.01515	0.02652	0.01515	0.03030	0.03409	0.74621	0.00758	0.00758	0.00379	0.00379
69	0.02294	0.01757	0.01934	0.01722	0.02190	0.01956	0.01353	0.13484	0.37764	0.07615	0.03515	0.11358	0.02950	0.01415	0.00931	0.00302	0.00723	0.04565	0.00883	0.01288
70	0.01833	0.01572	0.01820	0.01325	0.02081	0.01231	0.01057	0.02361	0.05884	0.02897	0.01685	0.01906	0.01384	0.00682	0.00662	0.00140	0.00649	0.00548	0.00542	0.69742
71	0.06368	0.00943	0.00968	0.00934	0.01145	0.01011	0.00719	0.02071	0.01774	0.03217	0.02627	0.03044	0.02080	0.01037	0.00757	0.00220	0.04958	0.00788	0.64510	0.00831
72	0.75506	0.01687	0.01282	0.01147	0.01687	0.01957	0.00945	0.02564	0.01484	0.03914	0.01215	0.01417	0.00945	0.00810	0.00540	0.00270	0.00675	0.00472	0.00540	0.00945
73	0.01683	0.01620	0.02836	0.61722	0.05882	0.01961	0.07491	0.02278	0.01772	0.02278	0.01569	0.02328	0.01177	0.00860	0.00886	0.00291	0.01190	0.00797	0.00392	0.00987
74	0.01850	0.01893	0.03325	0.27506	0.04330	0.02264	0.18130	0.02338	0.01689	0.02338	0.01469	0.02189	0.01200	0.01061	0.01602	0.00323	0.24232	0.00840	0.00400	0.01020
75	0.01106	0.00791	0.01003	0.01140	0.01209	0.00741	0.00753	0.01254	0.01675	0.02226	0.08480	0.50078	0.09378	0.13888	0.01664	0.00428	0.00553	0.02174	0.00772	0.00687
76	0.01077	0.00765	0.01008	0.01197	0.01244	0.00718	0.00791	0.01218	0.01643	0.02191	0.04669	0.64529	0.05594	0.07218	0.01337	0.00387	0.00529	0.02398	0.00791	0.00696
77	0.02448	0.02012	0.02129	0.01831	0.02374	0.02300	0.01448	0.18323	0.48186	0.04098	0.03197	0.02973	0.02376	0.01150	0.00884	0.00288	0.00756	0.00937	0.00884	0.01406
78	0.72155	0.01677	0.01317	0.01166	0.01712	0.01925	0.00960	0.02643	0.01532	0.06750	0.01319	0.01490	0.01002	0.00822	0.00556	0.00270	0.00678	0.00491	0.00565	0.00970
79	0.03316	0.02443	0.02618	0.02007	0.02705	0.02705	0.01658	0.60995	0.04101	0.05497	0.02094	0.02094	0.01483	0.01047	0.00873	0.00262	0.00960	0.00785	0.00873	0.01483
80	0.01268	0.00846	0.00951	0.00951	0.00951	0.00846	0.00529	0.01268	0.01268	0.01691	0.02748	0.05708	0.03171	0.69345	0.04440	0.00846	0.00846	0.01268	0.00529	0.00529
81	0.02332	0.69869	0.04571	0.01493	0.02239	0.03451	0.01493	0.02612	0.01772	0.02052	0.01213	0.01399	0.01119	0.00746	0.00560	0.00187	0.00933	0.00466	0.00373	0.01119
82	0.03205	0.08072	0.02610	0.02186	0.02669	0.57985	0.01672	0.07106	0.02533	0.02345	0.01388	0.01596	0.01146	0.00899	0.00778	0.00225	0.01495	0.00570	0.00472	0.01048
83	0.02430	0.01936	0.02180	0.02069	0.07124	0.02172	0.01511	0.11649	0.46246	0.07839	0.03209	0.03002	0.02379	0.01128	0.00883	0.00287	0.00755	0.00937	0.00863	0.01401
84	0.03799	0.01510	0.02021	0.01567	0.02229	0.01341	0.01289	0.04276	0.06446	0.60491	0.03448	0.02988	0.02192	0.01086	0.00878	0.00272	0.00739	0.00884	0.01067	0.01478
85	0.02272	0.01338	0.01874	0.01573	0.01987	0.01300	0.04965	0.06436	0.02411	0.21546	0.24088	0.05089	0.08086	0.01535	0.01105	0.00295	0.04782	0.07337	0.00895	0.01087
86	0.01095	0.00855	0.00993	0.01024	0.01234	0.00753	0.00743	0.01351	0.02042	0.02638	0.22863	0.22814	0.34037	0.02222	0.01051	0.00304	0.00449	0.01926	0.00851	0.00753
87	0.02170	0.01874	0.01972	0.01775	0.02268	0.02170	0.01381	0.04635	0.62327	0.03649	0.03550	0.03254	0.02663	0.01183	0.00888	0.00296	0.00690	0.00986	0.00888	0.01381
88	0.02332	0.69869	0.04571	0.01493	0.02239	0.03451	0.01493	0.02612	0.01772	0.02052	0.01213	0.01399	0.01119	0.00746	0.00560	0.00187	0.00933	0.00466	0.00373	0.01119
89	0.01223	0.00883	0.01156	0.01105	0.01301	0.00815	0.00822	0.01618	0.02416	0.03414	0.59573	0.10625	0.08068	0.01846	0.01034	0.00280	0.00418	0.01637	0.00950	0.00815
90	0.01750	0.04512	0.64825	0.02486	0.03775	0.02026	0.03223	0.02762	0.01842	0.02762	0.01565	0.01842	0.01105	0.00829	0.00829	0.00276	0.01289	0.00645	0.00368	0.01289
91	0.02170	0.01874	0.01972	0.01775	0.02268	0.02170	0.01381	0.04635	0.62327	0.03649	0.03550	0.03254	0.02663	0.01183	0.00888	0.00296	0.00690	0.00986	0.00888	0.01381
92	0.70741	0.01737	0.01370	0.01204	0.01754	0.02006	0.00992	0.06421	0.01657	0.04018	0.01273	0.01462	0.00980	0.00825	0.00562	0.00269	0.00694	0.00493	0.00562	0.00980
93	0.02036	0.02409	0.07348	0.03536	0.04375	0.02230	0.54493	0.02746	0.02002	0.02746	0.01715	0.02303	0.01303	0.00792	0.01145	0.00299	0.05926	0.00996	0.00434	0.01166
94	0.01817	0.01851	0.03518	0.08147	0.03582	0.01714	0.32626	0.02396	0.02012	0.02816	0.09643	0.06102	0.02399	0.00961	0.00939	0.00260	0.01089	0.01042	0.00537	0.16550
95	0.01551	0.01111	0.01280	0.01195	0.01513	0.01073	0.00909	0.02252	0.13302	0.08165	0.24710	0.10452	0.25470	0.01823	0.00996	0.00290	0.00507	0.01561	0.00895	0.00944
96	0.05349	0.01040	0.01330	0.01184	0.01493	0.00963	0.00914	0.02172	0.02426	0.14793	0.49322	0.05612	0.06753	0.01606	0.00977	0.00273	0.00485	0.01394	0.00962	0.00951
97	0.02170	0.02146	0.03366	0.12257	0.53348	0.06134	0.02584	0.02677	0.01989	0.02733	0.01612	0.02141	0.01340	0.00796	0.00860	0.00261	0.01085	0.00763	0.00428	0.01311
98	0.01301	0.00868	0.01146	0.01193	0.01345	0.00808	0.00861	0.01578	0.02044	0.05712	0.29114	0.32972	0.06453	0.05484	0.01235	0.00344	0.00513	0.05370	0.00871	0.00790
99	0.14550	0.49853	0.03773	0.09665	0.02618	0.03011	0.01517	0.02556	0.01720	0.02387	0.01255	0.01518	0.01095	0.00773	0.00595	0.00214	0.00918	0.00506	0.00403	0.01071
100	0.03306	0.03868	0.02451	0.02185	0.02666	0.57460	0.01656	0.07211	0.02578	0.06549	0.01537	0.01700	0.01216	0.00921	0.00798	0.00230	0.01478	0.00597	0.00519	0.01073
101	0.02044	0.02455	0.07974	0.03620	0.04522	0.02197	0.58011	0.02793	0.02049	0.02793	0.01755	0.02329	0.01313	0.00740	0.01020	0.00293	0.01462	0.01011	0.00438	0.01182
102	0.01368	0.00923	0.01032	0.01002	0.01036	0.00936	0.00583	0.04157	0.01405	0.01875	0.02717	0.05533	0.03090	0.66042	0.04267	0.00817	0.00851	0.01245	0.00545	0.00575
103	0.02124	0.02037	0.03478	0.09521	0.60005	0.02063	0.02660	0.02647	0.01970	0.02808	0.01635	0.02170	0.01367	0.00784	0.00864	0.00261	0.01045	0.00777	0.00429	0.01354
104	0.01235	0.00892	0.01166	0.01097	0.01303	0.00823	0.00823	0.01646	0.02469	0.03498	0.63443	0.06516	0.08230	0.01783	0.01029	0.00274	0.00412	0.01578	0.00960	0.00823
105	0.01598	0.01223	0.01548	0.01649	0.01923	0.01297	0.01399	0.02518	0.17176	0.02872	0.04350	0.08184	0.04427	0.02101	0.01125	0.00375	0.00775	0.43688	0.00824	0.00948
106	0.01693	0.00878	0.00885	0.00860	0.01083	0.00888	0.00651	0.04371	0.01919	0.03341	0.02816	0.03206	0.02206	0.01017	0.00620	0.00206	0.00428	0.00812	0.71279	0.00840
107	0.01545	0.00959	0.01250	0.01235	0.01450	0.00899	0.00902	0.01941	0.05041	0.10631	0.29103	0.31319	0.06196	0.02054	0.01037	0.00307	0.00505	0.01829	0.00910	0.00886
108	0.06567	0.01356	0.01751	0.01422	0.01951	0.01243	0.01146	0.03482	0.06046	0.41254	0.19696	0.03877	0.03785	0.01265	0.00903	0.00273	0.00646	0.01055	0.01009	0.01272
109	0.01274	0.00927	0.01150	0.01169	0.01331	0.00874	0.00818	0.04226	0.01987	0.02712	0.21460	0.33408	0.08931	0.10921	0.01486	0.00378	0.00546	0.01867	0.00808	0.03724
110	0.01945	0.02015	0.03267	0.02624	0.02836	0.02560	0.16058	0.02266	0.01510	0.02266	0.01294	0.02015	0.01188	0.01336	0.02422	0.00361	0.51807	0.00827	0.00396	0.01008
111	0.01809	0.01550	0.01809	0.01292	0.02067	0.01163	0.01034	0.02196	0.01809	0.02842	0.01550	0.01809	0.01292	0.00646	0.00646	0.00129	0.00646	0.00517	0.00517	0.74677
112	0.06588	0.12691	0.02775	0.06022	0.02727	0.05177	0.01607	0.40214	0.03319	0.04450	0.04763	0.02157	0.01686	0.01007	0.00812	0.00252	0.00953	0.00749	0.00735	0.01317
113	0.02849	0.20029	0.03134	0.02035	0.02635	0.29035	0.05557	0.15553	0.02597	0.02897	0.01869	0.02027	0.04256	0.00945	0.00776	0.00231	0.01217	0.00680	0.00539	0.01138
114	0.01880	0.01593	0.01847	0.01326	0.02097	0.01236	0.01063	0.04988	0.01918	0.02968	0.01576	0.01822	0.01301	0.00665	0.00657	0.00135	0.00661	0.00530	0.00534	0.71202
115	0.02289	0.21465	0.30173	0.02093	0.03017	0.10415	0.02281	0.09227	0.06138	0.02849	0.01633	0.01811	0.01255	0.00863	0.00761	0.00246	0.01154	0.00625	0.00468	0.01236
116	0.01247	0.00930	0.01164	0.01115	0.01334	0.00872	0.00832	0.01720	0.05281	0.03297	0.50722	0.10670	0.13806	0.01863	0.01028	0.00283	0.00435	0.01637	0.00930	0.00833
117	0.01265	0.00851	0.00976	0.00968	0.00992	0.00843	0.00562	0.01312	0.01406	0.01898	0.09676	0.05800	0.03749	0.61634	0.04050	0.00780	0.00796	0.01304	0.00578	0.00562
118	0.01071	0.00765	0.01019	0.01209	0.01267	0.00714	0.00810	0.01235	0.01707	0.02286	0.07552	0.65861	0.05884	0.02688	0.01109	0.00351	0.00502	0.02438	0.00817	0.00714
119	0.01626	0.00813	0.00813	0.00813	0.01016	0.00813	0.00610	0.02033	0.01829	0.03252	0.02846	0.03252	0.02236	0.01016	0.00610	0.00203	0.00407	0.00813	0.74187	0.00813
120	0.75506	0.01687	0.01282	0.01147	0.01687	0.01957	0.00945	0.02564	0.01484	0.03914	0.01215	0.01417	0.00945	0.00810	0.00540	0.00270	0.00675	0.00472	0.00540	0.00945
121	0.75506	0.01687	0.01282	0.01147	0.01687	0.01957	0.00945	0.02564	0.01484	0.03914	0.01215	0.01417	0.00945	0.00810	0.00540	0.00270	0.00675	0.00472	0.00540	0.00945
122	0.01285	0.00961	0.01352	0.01333	0.01442	0.01108	0.00990	0.01512	0.01365	0.01945	0.02380	0.03924	0.02378	0.22082	0.47267	0.01211	0.05251	0.01010	0.00478	0.00725
123	0.03316	0.02443	0.02618	0.02007	0.02705	0.02705	0.01658	0.60995	0.04101	0.05497	0.02094	0.02094	0.01483	0.01047	0.00873	0.00262	0.00960	0.00785	0.00873	0.01483
124	0.02863	0.02033	0.02276	0.01712	0.02435	0.02022	0.01403	0.34691	0.03141	0.10951	0.02053	0.02091	0.01491	0.00913	0.00795	0.00217	0.00829	0.00703	0.00773	0.26607
125	0.01976	0.02463	0.26892	0.01746	0.02480	0.01398	0.01878	0.02615	0.02223	0.15390	0.26617	0.03931	0.04157	0.01260	0.00918	0.00274	0.00830	0.01063	0.00746	0.01142
126	0.01235	0.00892	0.01166	0.01097	0.01303	0.00823	0.00823	0.01646	0.02469	0.03498	0.63443	0.06516	0.08230	0.01783	0.01029	0.00274	0.00412	0.01578	0.00960	0.00823
127	0.02211	0.02172	0.03490	0.05207	0.60997	0.05101	0.02630	0.02715	0.02009	0.02816	0.01627	0.02131	0.01369	0.00783	0.00860	0.00257	0.01062	0.00767	0.00433	0.01364
128	0.03914	0.01484	0.02024	0.01552	0.02227	0.01282	0.01282	0.04251	0.02497	0.64507	0.03441	0.02969	0.02159	0.01080	0.00877	0.00270	0.00742	0.00877	0.01080	0.01484
129	0.01515	0.00758	0.01136	0.01136	0.01136	0.00758	0.00758	0.01136	0.01136	0.01515	0.01515	0.02652	0.01515	0.03030	0.03409	0.74621	0.00758	0.00758	0.00379	0.00379
130	0.02332	0.69869	0.04571	0.01493	0.02239	0.03451	0.01493	0.02612	0.01772	0.02052	0.01213	0.01399	0.01119	0.00746	0.00560	0.00187	0.00933	0.00466	0.00373	0.01119
131	0.02929	0.02126	0.02306	0.01827	0.02442	0.02322	0.01489	0.43346	0.11271	0.08070	0.06681	0.02952	0.05844	0.01183	0.00894	0.00269	0.00847	0.00930	0.00887	0.01383
132	0.01647	0.01550	0.02616	0.67248	0.06008	0.01938	0.02422	0.02229	0.01744	0.02229	0.01550	0.02326	0.01163	0.00872	0.00872	0.00291	0.01163	0.00775	0.00388	0.00969
133	0.02552	0.01738	0.01862	0.01549	0.02041	0.01896	0.01240	0.25744	0.16921	0.07971	0.02754	0.02784	0.02038	0.01071	0.00794	0.00252	0.00709	0.00847	0.23990	0.01248
134	0.01874	0.01011	0.01130	0.03687	0.01434	0.01056	0.00831	0.05066	0.01962	0.07398	0.02729	0.03085	0.02107	0.01036	0.00741	0.00221	0.03158	0.00812	0.59757	0.00903
135	0.02159	0.02073	0.03541	0.05354	0.63903	0.02073	0.02677	0.02677	0.01986	0.02850	0.01641	0.02159	0.01382	0.00777	0.00864	0.00259	0.01036	0.00777	0.00432	0.01382
136	0.01244	0.00903	0.01180	0.01142	0.01351	0.00838	0.00877	0.01647	0.02402	0.03361	0.55171	0.06935	0.10092	0.01865	0.01047	0.00288	0.00453	0.07448	0.00938	0.00818
137	0.01454	0.01318	0.08085	0.01275	0.01626	0.00981	0.01110	0.01926	0.02403	0.07155	0.53094	0.05794	0.07090	0.01637	0.00998	0.00274	0.00526	0.01434	0.00904	0.00914
138	0.01985	0.01935	0.03103	0.31635	0.36708	0.04614	0.02528	0.02519	0.01903	0.02556	0.01590	0.02206	0.01278	0.00823	0.00864	0.00271	0.01112	0.00768	0.00414	0.01191
139	0.06391	0.01454	0.05703	0.01381	0.01768	0.01318	0.01150	0.05919	0.11995	0.06006	0.36759	0.07979	0.05624	0.01535	0.00950	0.00281	0.00583	0.01318	0.00874	0.01012
140	0.01247	0.00930	0.01377	0.01377	0.01524	0.01077	0.01060	0.01542	0.01395	0.02007	0.02359	0.03552	0.02235	0.09988	0.62516	0.01371	0.02255	0.00953	0.00471	0.00765
141	0.02051	0.02033	0.03677	0.15887	0.42755	0.02074	0.13399	0.02620	0.01957	0.02731	0.01648	0.02224	0.01333	0.00786	0.00896	0.00271	0.01139	0.00824	0.00426	0.01271
142	0.03914	0.01484	0.02024	0.01552	0.02227	0.01282	0.01282	0.04251	0.02497	0.64507	0.03441	0.02969	0.02159	0.01080	0.00877	0.00270	0.00742	0.00877	0.01080	0.01484
143	0.49850	0.01776	0.01675	0.04847	0.02158	0.01986	0.01187	0.12386	0.02068	0.12441	0.01684	0.01791	0.01212	0.00889	0.00659	0.00270	0.00757	0.00596	0.00661	0.01109
144	0.01077	0.00885	0.00948	0.00932	0.01207	0.00756	0.00699	0.01342	0.02098	0.02617	0.21306	0.07966	0.50917	0.02112	0.01030	0.00290	0.00435	0.01781	0.00844	0.00756
145	0.02059	0.02353	0.05147	0.03676	0.04559	0.02206	0.60735	0.02794	0.02059	0.02794	0.01765	0.02353	0.01324	0.00735	0.01029	0.00294	0.01471	0.01029	0.00441	0.01176
146	0.02059	0.02353	0.05147	0.03676	0.04559	0.02206	0.60735	0.02794	0.02059	0.02794	0.01765	0.02353	0.01324	0.00735	0.01029	0.00294	0.01471	0.01029	0.00441	0.01176
147	0.02170	0.01874	0.01972	0.01775	0.02268	0.02170	0.01381	0.04635	0.62327	0.03649	0.03550	0.03254	0.02663	0.01183	0.00888	0.00296	0.00690	0.00986	0.00888	0.01381
148	0.01063	0.00759	0.01012	0.01215	0.01265	0.00709	0.00810	0.01215	0.01670	0.02227	0.04808	0.68775	0.05769	0.02733	0.01113	0.00354	0.00506	0.02480	0.00810	0.00709
149	0.02495	0.59401	0.04249	0.01675	0.05049	0.03155	0.01524	0.02792	0.01860	0.08825	0.01473	0.01603	0.01244	0.00784	0.00608	0.00199	0.00917	0.00525	0.00452	0.01171
150	0.01045	0.00884	0.00903	0.00898	0.01187	0.00742	0.00674	0.01278	0.02021	0.02433	0.12513	0.08268	0.59825	0.02180	0.01031	0.00293	0.00440	0.01823	0.00820	0.00742
151	0.01126	0.00861	0.01276	0.01372	0.01476	0.00804	0.04641	0.01316	0.01695	0.02263	0.04613	0.64529	0.05485	0.02605	0.01108	0.00350	0.00568	0.02387	0.00786	0.00738
152	0.01268	0.00846	0.00951	0.00951	0.00951	0.00846	0.00529	0.01268	0.01268	0.01691	0.02748	0.05708	0.03171	0.69345	0.04440	0.00846	0.00846	0.01268	0.00529	0.00529
153	0.01063	0.00759	0.01012	0.01215	0.01265	0.00709	0.00810	0.01215	0.01670	0.02227	0.04808	0.68775	0.05769	0.02733	0.01113	0.00354	0.00506	0.02480	0.00810	0.00709
154	0.07174	0.01806	0.02560	0.33945	0.11207	0.01957	0.02056	0.02961	0.08528	0.10615	0.02233	0.02715	0.01705	0.01066	0.00936	0.00317	0.01043	0.00848	0.00638	0.05689
155	0.70638	0.01873	0.05476	0.01235	0.01825	0.01961	0.01095	0.02577	0.01508	0.03838	0.01238	0.01445	0.00955	0.00811	0.00559	0.00270	0.00715	0.00484	0.00528	0.00967
156	0.72800	0.01679	0.01310	0.01162	0.01707	0.01931	0.00957	0.02628	0.01523	0.06204	0.01299	0.01476	0.00991	0.00820	0.00553	0.00270	0.00677	0.00488	0.00560	0.00965
157	0.05428	0.02095	0.12378	0.06385	0.20102	0.01716	0.08443	0.02549	0.05059	0.05321	0.12845	0.06418	0.02942	0.01153	0.00917	0.00283	0.00940	0.03275	0.00598	0.01153
158	0.02085	0.39756	0.29240	0.01915	0.02872	0.02804	0.02199	0.02770	0.04670	0.02420	0.01469	0.01669	0.01187	0.00801	0.00686	0.00229	0.01068	0.00564	0.00396	0.01202
159	0.01245	0.00839	0.00968	0.00986	0.01001	0.00830	0.00572	0.01281	0.01368	0.01834	0.05848	0.12405	0.03686	0.59104	0.03927	0.00767	0.00789	0.01411	0.00579	0.00562
160	0.01118	0.00887	0.01004	0.00975	0.01232	0.00773	0.00731	0.01420	0.02193	0.02843	0.32135	0.07593	0.39947	0.02027	0.01030	0.00286	0.00429	0.01729	0.00874	0.00773
161	0.02317	0.01947	0.02055	0.01805	0.02324	0.02238	0.01416	0.11882	0.54841	0.03887	0.03363	0.03105	0.02511	0.01166	0.00886	0.00291	0.00725	0.00960	0.00886	0.01394
162	0.03268	0.02419	0.02591	0.01997	0.02687	0.02683	0.01646	0.58621	0.06553	0.05420	0.02156	0.02143	0.01533	0.01053	0.00873	0.00263	0.00949	0.00794	0.00873	0.01479
163	0.03065	0.02319	0.02476	0.01956	0.02609	0.02588	0.01597	0.48654	0.16851	0.05093	0.02413	0.02348	0.01742	0.01077	0.00876	0.00269	0.00901	0.00829	0.00876	0.01461
164	0.02332	0.69869	0.04571	0.01493	0.02239	0.03451	0.01493	0.02612	0.01772	0.02052	0.01213	0.01399	0.01119	0.00746	0.00560	0.00187	0.00933	0.00466	0.00373	0.01119
165	0.02178	0.01375	0.01453	0.01240	0.01612	0.01460	0.00982	0.22153	0.02648	0.04035	0.06589	0.03072	0.02374	0.01077	0.00727	0.00228	0.00596	0.00854	0.44304	0.01043
166	0.01235	0.00892	0.01166	0.01097	0.01303	0.00823	0.00823	0.01646	0.02469	0.03498	0.63443	0.06516	0.08230	0.01783	0.01029	0.00274	0.00412	0.01578	0.00960	0.00823
167	0.03316	0.02443	0.02618	0.02007	0.02705	0.02705	0.01658	0.60995	0.04101	0.05497	0.02094	0.02094	0.01483	0.01047	0.00873	0.00262	0.00960	0.00785	0.00873	0.01483
168	0.01647	0.01550	0.02616	0.67248	0.06008	0.01938	0.02422	0.02229	0.01744	0.02229	0.01550	0.02326	0.01163	0.00872	0.00872	0.00291	0.01163	0.00775	0.00388	0.00969
169	0.02332	0.69869	0.04571	0.01493	0.02239	0.03451	0.01493	0.02612	0.01772	0.02052	0.01213	0.01399	0.01119	0.00746	0.00560	0.00187	0.00933	0.00466	0.00373	0.01119
170	0.03316	0.02443	0.02618	0.02007	0.02705	0.02705	0.01658	0.60995	0.04101	0.05497	0.02094	0.02094	0.01483	0.01047	0.00873	0.00262	0.00960	0.00785	0.00873	0.01483
171	0.03914	0.01484	0.02024	0.01552	0.02227	0.01282	0.01282	0.04251	0.02497	0.64507	0.03441	0.02969	0.02159	0.01080	0.00877	0.00270	0.00742	0.00877	0.01080	0.01484
172	0.02234	0.58817	0.14761	0.01661	0.02499	0.03210	0.01785	0.02637	0.01784	0.02172	0.01272	0.01474	0.01117	0.00760	0.00605	0.00202	0.00993	0.00497	0.00372	0.01148
