[name]
unknown

[dist]
# distance from previous block
# <min> <max>
0	72

[block]
# block no. 0 follows, 25 sequences, length 40
# corresponding to MSA columns:
# 85-124
name=unknown_A
#
# <colnr> <probs for GDERKNQSTAVLIFYWHMCP>
#	G	D	E	R	K	N	Q	S	T	A	V	L	I	F	Y	W	H	M	C	P
0	0.13170	0.07601	0.19478	0.01719	0.05175	0.01766	0.01630	0.08319	0.11221	0.10910	0.02041	0.02347	0.01566	0.00902	0.00704	0.00241	0.00798	0.03959	0.05363	0.01092
1	0.04338	0.02068	0.05778	0.08684	0.13741	0.10782	0.01656	0.14921	0.07124	0.05650	0.01811	0.06142	0.01505	0.00954	0.00897	0.00240	0.06556	0.00747	0.00537	0.05868
2	0.19060	0.01808	0.08331	0.05513	0.08427	0.01702	0.01434	0.09424	0.15126	0.11116	0.05658	0.02237	0.01772	0.00883	0.00707	0.00239	0.00729	0.00698	0.00621	0.04515
3	0.01626	0.04519	0.01732	0.04025	0.04123	0.01453	0.03813	0.05790	0.23770	0.04699	0.14543	0.07840	0.13687	0.01342	0.00843	0.00258	0.00610	0.03634	0.00719	0.00974
4	0.02008	0.22757	0.07260	0.05597	0.02434	0.13704	0.07236	0.07617	0.01930	0.02387	0.07937	0.05222	0.01862	0.00908	0.00761	0.00214	0.03227	0.00716	0.00464	0.05758
5	0.09114	0.01846	0.11070	0.01549	0.02080	0.05254	0.05297	0.09136	0.06374	0.14760	0.21732	0.03152	0.03182	0.01070	0.00791	0.00242	0.00733	0.00896	0.00698	0.01027
6	0.02495	0.01333	0.01642	0.01358	0.01806	0.01322	0.01081	0.09431	0.15681	0.31267	0.15796	0.03229	0.03001	0.01206	0.00944	0.04915	0.00611	0.00910	0.00847	0.01123
7	0.01733	0.23709	0.13109	0.01460	0.02021	0.01775	0.04757	0.04455	0.01951	0.06886	0.26353	0.03180	0.03458	0.01051	0.00744	0.00220	0.00721	0.00873	0.00588	0.00956
8	0.01824	0.01745	0.02975	0.18618	0.54800	0.01817	0.02332	0.02296	0.01720	0.02417	0.01442	0.01950	0.01187	0.00709	0.00769	0.00236	0.00945	0.00690	0.00376	0.01151
9	0.78228	0.01499	0.01140	0.01020	0.01499	0.01739	0.00840	0.02279	0.01320	0.03479	0.01080	0.01260	0.00840	0.00720	0.00480	0.00240	0.00600	0.00420	0.00480	0.00840
10	0.01891	0.05017	0.38815	0.07425	0.02978	0.01658	0.03725	0.06299	0.01845	0.12066	0.02077	0.02221	0.04947	0.00857	0.00745	0.00241	0.00960	0.00691	0.04440	0.01102
11	0.03451	0.01364	0.01827	0.01400	0.02001	0.01205	0.01157	0.06963	0.02293	0.65163	0.02997	0.02599	0.01888	0.00958	0.00780	0.00240	0.00670	0.00776	0.00950	0.01319
12	0.03303	0.01308	0.01770	0.01380	0.01951	0.01160	0.01134	0.03671	0.04522	0.62714	0.03013	0.02669	0.01937	0.01207	0.04245	0.00291	0.00729	0.00786	0.00926	0.01285
13	0.00923	0.00760	0.00812	0.00853	0.01065	0.00649	0.00619	0.01105	0.01703	0.02068	0.07035	0.22295	0.53296	0.02070	0.00933	0.00274	0.00406	0.01766	0.00720	0.00649
14	0.01873	0.01795	0.03064	0.11462	0.61571	0.01830	0.02357	0.02339	0.01744	0.02477	0.01450	0.01934	0.01208	0.00699	0.00768	0.00233	0.00933	0.00691	0.00380	0.01191
15	0.02158	0.01792	0.05888	0.01792	0.02449	0.01605	0.12933	0.10108	0.15530	0.13186	0.02102	0.02156	0.01538	0.00798	0.00745	0.00213	0.00793	0.00713	0.00623	0.22878
16	0.01682	0.02600	0.24684	0.04833	0.03705	0.01828	0.39820	0.02381	0.01741	0.02431	0.01659	0.05893	0.01333	0.00784	0.00858	0.00259	0.01200	0.00872	0.00389	0.01049
17	0.01121	0.00779	0.00982	0.00982	0.01030	0.00826	0.00640	0.01215	0.01168	0.01605	0.02318	0.04382	0.02518	0.49914	0.26373	0.00920	0.01204	0.01026	0.00451	0.00546
18	0.01094	0.00837	0.01029	0.01090	0.01222	0.00819	0.00777	0.04760	0.01699	0.02232	0.08621	0.46585	0.18871	0.02141	0.01026	0.00295	0.03622	0.01875	0.00714	0.00690
19	0.01929	0.01666	0.01753	0.01578	0.02016	0.01929	0.01227	0.04120	0.66513	0.03243	0.03156	0.02893	0.02367	0.01052	0.00789	0.00263	0.00614	0.00877	0.00789	0.01227
20	0.02120	0.01862	0.01854	0.01631	0.02090	0.06413	0.01276	0.11744	0.54410	0.03362	0.02865	0.02666	0.02146	0.01020	0.00781	0.00255	0.00695	0.00830	0.00762	0.01217
21	0.01891	0.01813	0.03096	0.08902	0.63994	0.01835	0.02365	0.02355	0.01752	0.02499	0.01453	0.01928	0.01216	0.00696	0.00768	0.00232	0.00928	0.00691	0.00381	0.01205
22	0.01655	0.17391	0.56230	0.02039	0.03092	0.02046	0.02567	0.02430	0.01625	0.02333	0.01331	0.01561	0.00985	0.00722	0.00690	0.00230	0.01085	0.00542	0.00328	0.01117
23	0.02129	0.02005	0.03053	0.04119	0.51764	0.08540	0.06728	0.02565	0.01848	0.07487	0.01562	0.01935	0.01254	0.00719	0.00772	0.00230	0.00977	0.00695	0.00430	0.01189
24	0.01128	0.00752	0.00846	0.00846	0.00846	0.00752	0.00470	0.01128	0.01128	0.01503	0.02443	0.05074	0.02819	0.72751	0.03946	0.00752	0.00752	0.01128	0.00470	0.00470
25	0.01658	0.01640	0.02301	0.01984	0.01993	0.02283	0.01649	0.01835	0.01191	0.01862	0.01087	0.01785	0.01078	0.01648	0.06932	0.00399	0.66806	0.00688	0.00344	0.00838
26	0.17855	0.09767	0.41553	0.03594	0.02783	0.01901	0.02162	0.02424	0.01568	0.05191	0.01348	0.01573	0.00993	0.00759	0.00729	0.00240	0.03577	0.00541	0.00386	0.01056
27	0.01215	0.00827	0.00948	0.00946	0.01017	0.00832	0.00599	0.05049	0.01399	0.01902	0.02937	0.16372	0.05691	0.47167	0.05075	0.00609	0.00712	0.01276	0.04848	0.00578
28	0.00969	0.00740	0.00890	0.00952	0.01105	0.00661	0.00676	0.01177	0.01743	0.02271	0.19598	0.34473	0.27796	0.02076	0.00947	0.00280	0.00411	0.01824	0.00750	0.00661
29	0.02368	0.56898	0.03572	0.01357	0.02007	0.02687	0.01299	0.05484	0.01788	0.14061	0.01474	0.01525	0.01178	0.00729	0.00562	0.00182	0.00800	0.00494	0.00466	0.01069
30	0.02838	0.02047	0.02213	0.01730	0.02323	0.02258	0.01418	0.52878	0.12384	0.08638	0.02118	0.02055	0.01503	0.00950	0.00778	0.00237	0.00807	0.00728	0.00789	0.01306
31	0.39396	0.02599	0.28139	0.01564	0.02313	0.05143	0.01697	0.02481	0.01544	0.06923	0.01329	0.01500	0.00970	0.00745	0.00611	0.00240	0.00861	0.00507	0.00444	0.00994
32	0.04559	0.01021	0.03900	0.08064	0.01653	0.00989	0.00962	0.05785	0.01343	0.01865	0.01741	0.09363	0.01752	0.06772	0.02308	0.45390	0.00721	0.00845	0.00421	0.00549
33	0.01943	0.01973	0.03491	0.05973	0.26494	0.04636	0.28774	0.07935	0.01954	0.02644	0.01678	0.05737	0.01407	0.00797	0.00840	0.00248	0.01077	0.00860	0.00439	0.01100
34	0.28090	0.08679	0.02029	0.08562	0.11346	0.01863	0.01331	0.12952	0.01920	0.06489	0.03757	0.01867	0.01363	0.00805	0.00635	0.00228	0.00732	0.00603	0.05743	0.01005
35	0.05892	0.04972	0.17558	0.04415	0.05504	0.05211	0.11996	0.14972	0.02089	0.02940	0.03594	0.06793	0.01593	0.00896	0.00758	0.00234	0.00942	0.00778	0.02353	0.06512
36	0.10602	0.02098	0.02645	0.03437	0.39427	0.11908	0.01938	0.08618	0.01920	0.02724	0.01384	0.01747	0.01144	0.00785	0.00863	0.00235	0.06344	0.00632	0.00432	0.01116
37	0.32217	0.07578	0.03741	0.09902	0.05622	0.04830	0.01270	0.02584	0.05129	0.13391	0.05597	0.01991	0.01554	0.00833	0.00640	0.00235	0.00737	0.00616	0.00554	0.00978
38	0.14292	0.23096	0.26157	0.01902	0.05833	0.02148	0.05701	0.02443	0.01605	0.06140	0.01347	0.01562	0.01041	0.00737	0.00696	0.00224	0.03084	0.00544	0.00396	0.01051
39	0.10521	0.09903	0.12682	0.06852	0.24605	0.08369	0.01874	0.02480	0.06585	0.02454	0.01519	0.01939	0.01264	0.04795	0.00876	0.00257	0.00929	0.00633	0.00415	0.01050

[dist]
# distance from previous block
# <min> <max>
0	15

[block]
# block no. 1 follows, 25 sequences, length 16
# corresponding to MSA columns:
# 140-155
name=unknown_B
#
# <colnr> <probs for GDERKNQSTAVLIFYWHMCP>
#	G	D	E	R	K	N	Q	S	T	A	V	L	I	F	Y	W	H	M	C	P
0	0.04886	0.13633	0.40525	0.01935	0.05562	0.01794	0.02140	0.02283	0.01648	0.04850	0.04453	0.09458	0.01737	0.00950	0.00728	0.00240	0.00939	0.00767	0.00425	0.01047
1	0.01945	0.13330	0.19988	0.01719	0.02391	0.01961	0.01687	0.02922	0.21272	0.05598	0.02258	0.02358	0.03773	0.00968	0.00859	0.00250	0.04938	0.00715	0.00568	0.10500
2	0.02206	0.09784	0.06384	0.01841	0.04713	0.05531	0.09791	0.21265	0.02283	0.05812	0.01724	0.02057	0.01365	0.05308	0.00913	0.00241	0.00874	0.00677	0.05670	0.11561
3	0.06347	0.04412	0.01520	0.01235	0.01583	0.01317	0.00969	0.10473	0.10782	0.11456	0.27770	0.09606	0.04189	0.03750	0.00928	0.00264	0.00554	0.01118	0.00779	0.00949
4	0.15747	0.08013	0.38127	0.04455	0.02669	0.01726	0.02012	0.02282	0.01596	0.02639	0.04690	0.01826	0.01338	0.00771	0.00663	0.00228	0.00905	0.00580	0.04260	0.05471
5	0.01555	0.04011	0.68733	0.02210	0.03356	0.01801	0.02865	0.02455	0.01637	0.02455	0.01391	0.01637	0.00982	0.00737	0.00737	0.00246	0.01146	0.00573	0.00327	0.01146
6	0.01608	0.01378	0.01608	0.01148	0.01837	0.01034	0.00919	0.01952	0.01608	0.02527	0.01378	0.01608	0.01148	0.00574	0.00574	0.00115	0.00574	0.00459	0.00459	0.77491
7	0.01618	0.07273	0.51651	0.02168	0.03204	0.01809	0.09216	0.02401	0.01651	0.02432	0.01392	0.01661	0.01020	0.00707	0.00726	0.00230	0.01088	0.00589	0.00348	0.08815
8	0.05897	0.01891	0.11995	0.01743	0.06091	0.01513	0.04650	0.09669	0.09227	0.12855	0.04652	0.02395	0.04285	0.00872	0.00726	0.00216	0.00746	0.00723	0.03013	0.16841
9	0.01919	0.01842	0.03147	0.04759	0.67914	0.01842	0.02380	0.02380	0.01765	0.02533	0.01458	0.01919	0.01228	0.00691	0.00768	0.00230	0.00921	0.00691	0.00384	0.01228
10	0.01824	0.01745	0.02975	0.18613	0.54805	0.01817	0.02332	0.02296	0.01720	0.02417	0.01442	0.01950	0.01187	0.00709	0.00769	0.00236	0.00945	0.00690	0.00376	0.01151
11	0.01267	0.00932	0.01193	0.07050	0.01635	0.00847	0.00870	0.01534	0.01741	0.05899	0.17482	0.23012	0.15786	0.03731	0.00951	0.00262	0.00512	0.01407	0.00679	0.13212
12	0.01869	0.01791	0.03057	0.12029	0.61035	0.01829	0.02355	0.02336	0.01742	0.02472	0.01450	0.01935	0.01207	0.00700	0.00768	0.00233	0.00933	0.00691	0.00379	0.01188
13	0.01188	0.00867	0.01257	0.01245	0.01384	0.00850	0.04292	0.01412	0.01677	0.05347	0.17881	0.46373	0.05009	0.02015	0.01050	0.00294	0.04616	0.01801	0.00721	0.00720
14	0.02010	0.48940	0.20843	0.01617	0.02384	0.08619	0.01745	0.02425	0.01647	0.01996	0.01171	0.01360	0.00992	0.00695	0.00578	0.00190	0.00962	0.00464	0.00337	0.01026
15	0.08888	0.05294	0.08057	0.01470	0.02049	0.08096	0.01280	0.09658	0.06677	0.05369	0.01615	0.01901	0.01308	0.04678	0.00926	0.00225	0.04583	0.00587	0.00512	0.26825

[dist]
# distance from previous block
# <min> <max>
3	9

[block]
# block no. 2 follows, 25 sequences, length 21
# corresponding to MSA columns:
# 165-185
name=unknown_C
#
# <colnr> <probs for GDERKNQSTAVLIFYWHMCP>
#	G	D	E	R	K	N	Q	S	T	A	V	L	I	F	Y	W	H	M	C	P
0	0.05642	0.55348	0.05887	0.01714	0.08355	0.05512	0.01469	0.04630	0.01684	0.02104	0.01158	0.01351	0.01022	0.00686	0.00549	0.00182	0.00862	0.00460	0.00362	0.01023
1	0.26498	0.01720	0.02260	0.05223	0.32348	0.01842	0.01674	0.11411	0.01881	0.03172	0.01435	0.01743	0.01140	0.00746	0.00668	0.00233	0.00790	0.00606	0.03526	0.01084
2	0.01862	0.01783	0.03014	0.04535	0.64141	0.01775	0.02279	0.02308	0.01766	0.02508	0.01819	0.02232	0.04973	0.00763	0.00776	0.00232	0.00891	0.00744	0.00403	0.01196
3	0.01622	0.01555	0.02684	0.47258	0.24717	0.01771	0.05099	0.02128	0.01630	0.02175	0.01412	0.02022	0.01101	0.00743	0.00779	0.00250	0.01011	0.00700	0.00359	0.00984
4	0.01586	0.01026	0.01398	0.04109	0.04175	0.01068	0.01051	0.01778	0.01576	0.12473	0.03363	0.16763	0.09111	0.13462	0.01704	0.03897	0.08706	0.11356	0.00627	0.00773
5	0.01488	0.01403	0.02369	0.67392	0.08648	0.01729	0.02165	0.02002	0.01562	0.02010	0.01382	0.02059	0.01044	0.00771	0.00775	0.00257	0.01028	0.00689	0.00347	0.00881
6	0.78228	0.01499	0.01140	0.01020	0.01499	0.01739	0.00840	0.02279	0.01320	0.03479	0.01080	0.01260	0.00840	0.00720	0.00480	0.00240	0.00600	0.00420	0.00480	0.00840
7	0.01811	0.02055	0.04460	0.06718	0.04118	0.01949	0.61887	0.02458	0.01816	0.02458	0.01559	0.02090	0.01169	0.00660	0.00908	0.00261	0.01293	0.00904	0.00390	0.01036
8	0.02616	0.03229	0.01983	0.01815	0.02151	0.58731	0.01335	0.02784	0.02028	0.01835	0.01396	0.01980	0.01287	0.12192	0.01213	0.00287	0.01296	0.00599	0.00411	0.00831
9	0.01919	0.01842	0.03147	0.04759	0.67914	0.01842	0.02380	0.02380	0.01765	0.02533	0.01458	0.01919	0.01228	0.00691	0.00768	0.00230	0.00921	0.00691	0.00384	0.01228
10	0.02833	0.02061	0.02204	0.01703	0.02290	0.02276	0.01403	0.60480	0.03491	0.04734	0.01913	0.01940	0.01370	0.00929	0.00758	0.00229	0.00816	0.00700	0.06598	0.01273
11	0.01464	0.01378	0.02326	0.70887	0.05340	0.01723	0.02153	0.01981	0.01550	0.01981	0.01378	0.02067	0.01034	0.00775	0.00775	0.00258	0.01034	0.00689	0.00345	0.00861
12	0.01608	0.01378	0.01608	0.01148	0.01837	0.01034	0.00919	0.01952	0.01608	0.02527	0.01378	0.01608	0.01148	0.00574	0.00574	0.00115	0.00574	0.00459	0.00459	0.77491
13	0.01679	0.01673	0.02371	0.07142	0.02281	0.02327	0.01730	0.01875	0.01214	0.01875	0.01045	0.01724	0.01019	0.01314	0.02413	0.00333	0.66117	0.00679	0.00340	0.00849
14	0.01524	0.01278	0.01590	0.06897	0.06978	0.01386	0.01228	0.02618	0.27851	0.02794	0.15160	0.07214	0.08703	0.01384	0.00868	0.00272	0.00614	0.09958	0.00717	0.00966
15	0.01919	0.01842	0.03147	0.04759	0.67914	0.01842	0.02380	0.02380	0.01765	0.02533	0.01458	0.01919	0.01228	0.00691	0.00768	0.00230	0.00921	0.00691	0.00384	0.01228
16	0.01557	0.01334	0.01547	0.01122	0.01779	0.01005	0.00894	0.01890	0.01620	0.02495	0.01859	0.02042	0.06077	0.00677	0.00600	0.00126	0.00561	0.00547	0.00479	0.71792
17	0.01975	0.01977	0.02326	0.01962	0.02325	0.10379	0.09439	0.03201	0.33428	0.02623	0.02158	0.02296	0.01697	0.01050	0.01251	0.00275	0.19216	0.00783	0.00574	0.01065
18	0.02708	0.01916	0.01996	0.01636	0.02171	0.07081	0.01313	0.25106	0.25228	0.18577	0.02537	0.02365	0.01798	0.00970	0.00775	0.00242	0.00767	0.00764	0.00794	0.01255
19	0.01109	0.00826	0.01224	0.01224	0.01355	0.00957	0.00942	0.01371	0.01240	0.01784	0.02097	0.03157	0.01986	0.09472	0.66087	0.01219	0.02004	0.00847	0.00418	0.00680
20	0.01838	0.41762	0.33456	0.01728	0.02611	0.02492	0.02026	0.02383	0.01603	0.02111	0.01220	0.01423	0.00989	0.00697	0.00606	0.00202	0.00973	0.00487	0.00330	0.01064

[dist]
# distance from previous block
# <min> <max>
0	1

[block]
# block no. 3 follows, 25 sequences, length 10
# corresponding to MSA columns:
# 187-196
name=unknown_D
#
# <colnr> <probs for GDERKNQSTAVLIFYWHMCP>
#	G	D	E	R	K	N	Q	S	T	A	V	L	I	F	Y	W	H	M	C	P
0	0.01740	0.01664	0.02853	0.18559	0.44959	0.01725	0.05580	0.02206	0.01724	0.02382	0.01863	0.02521	0.04432	0.00831	0.00798	0.00245	0.00932	0.03488	0.00406	0.01090
1	0.01499	0.01414	0.02389	0.65802	0.10152	0.01732	0.02171	0.02012	0.01567	0.02024	0.01384	0.02056	0.01049	0.00769	0.00775	0.00256	0.01025	0.00689	0.00348	0.00890
2	0.00945	0.00675	0.00900	0.01080	0.01125	0.00630	0.00720	0.01080	0.01484	0.01979	0.04274	0.72245	0.05128	0.02429	0.00990	0.00315	0.00450	0.02204	0.00720	0.00630
3	0.01445	0.00723	0.00723	0.00723	0.00903	0.00723	0.00542	0.01807	0.01626	0.02891	0.02529	0.02891	0.01987	0.00903	0.00542	0.00181	0.00361	0.00723	0.77055	0.00723
4	0.01434	0.01084	0.01340	0.01190	0.01540	0.00958	0.00891	0.01754	0.04394	0.06093	0.02845	0.33665	0.03039	0.01492	0.00874	0.00229	0.03793	0.01295	0.00615	0.31472
5	0.02947	0.02172	0.02327	0.01784	0.02404	0.02404	0.01474	0.65329	0.03646	0.04887	0.01862	0.01862	0.01319	0.00931	0.00776	0.00233	0.00853	0.00698	0.00776	0.01319
6	0.01138	0.00806	0.00970	0.00936	0.01156	0.00714	0.00699	0.01416	0.01971	0.05990	0.36118	0.12506	0.29183	0.01773	0.00915	0.00257	0.00399	0.01533	0.00797	0.00724
7	0.00976	0.00772	0.00863	0.00869	0.01070	0.00676	0.00631	0.01194	0.01797	0.02287	0.21374	0.14457	0.41873	0.06329	0.01113	0.00294	0.00415	0.01615	0.00736	0.00659
8	0.01844	0.02053	0.04354	0.03499	0.13965	0.01942	0.55363	0.02468	0.01820	0.02491	0.01552	0.02065	0.01184	0.00659	0.00892	0.00257	0.01247	0.00880	0.00391	0.01074
9	0.06395	0.14654	0.34429	0.02209	0.09816	0.12383	0.02169	0.02566	0.01732	0.04943	0.01366	0.01585	0.01042	0.00737	0.00682	0.00223	0.01058	0.00548	0.00379	0.01082

[dist]
# distance from previous block
# <min> <max>
0	2

[block]
# block no. 4 follows, 25 sequences, length 69
# corresponding to MSA columns:
# 199-267
name=unknown_E
#
# <colnr> <probs for GDERKNQSTAVLIFYWHMCP>
#	G	D	E	R	K	N	Q	S	T	A	V	L	I	F	Y	W	H	M	C	P
0	0.04512	0.05172	0.02357	0.21595	0.15966	0.04320	0.01737	0.11360	0.14487	0.05144	0.01861	0.02137	0.01426	0.01026	0.03379	0.00280	0.00920	0.00707	0.00529	0.01085
1	0.01763	0.05271	0.28670	0.02964	0.25327	0.01837	0.04938	0.06170	0.01840	0.02642	0.07029	0.02107	0.01635	0.00822	0.00832	0.00241	0.03656	0.00704	0.00422	0.01129
2	0.01445	0.00723	0.00723	0.00723	0.00903	0.00723	0.00542	0.01807	0.01626	0.02891	0.02529	0.02891	0.01987	0.00903	0.00542	0.00181	0.00361	0.00723	0.77055	0.00723
3	0.01556	0.01238	0.01469	0.03916	0.03839	0.01177	0.00938	0.06913	0.08900	0.02528	0.09026	0.03284	0.02457	0.22375	0.01674	0.00354	0.00660	0.00842	0.00559	0.26295
4	0.01118	0.00790	0.01041	0.01041	0.01109	0.00858	0.00713	0.01253	0.01185	0.01648	0.02264	0.04085	0.02389	0.40100	0.36010	0.00993	0.01398	0.00983	0.00443	0.00578
5	0.78228	0.01499	0.01140	0.01020	0.01499	0.01739	0.00840	0.02279	0.01320	0.03479	0.01080	0.01260	0.00840	0.00720	0.00480	0.00240	0.00600	0.00420	0.00480	0.00840
6	0.01981	0.41252	0.28679	0.01669	0.02513	0.02436	0.01902	0.02483	0.01648	0.07108	0.01348	0.01500	0.01060	0.00714	0.00611	0.00202	0.00938	0.00503	0.00378	0.01077
7	0.01891	0.01814	0.03097	0.08810	0.64081	0.01835	0.02366	0.02355	0.01752	0.02499	0.01454	0.01928	0.01216	0.00696	0.00768	0.00232	0.00928	0.00691	0.00381	0.01206
8	0.01445	0.00723	0.00723	0.00723	0.00903	0.00723	0.00542	0.01807	0.01626	0.02891	0.02529	0.02891	0.01987	0.00903	0.00542	0.00181	0.00361	0.00723	0.77055	0.00723
9	0.01656	0.01580	0.02300	0.18780	0.21409	0.03840	0.01791	0.02152	0.06776	0.02193	0.02010	0.02559	0.06185	0.04418	0.03856	0.00325	0.15998	0.00791	0.00428	0.00954
10	0.01128	0.00752	0.00846	0.00846	0.00846	0.00752	0.00470	0.01128	0.01128	0.01503	0.02443	0.05074	0.02819	0.72751	0.03946	0.00752	0.00752	0.01128	0.00470	0.00470
11	0.03574	0.04164	0.01275	0.01145	0.01261	0.01094	0.00843	0.01349	0.01345	0.01863	0.03180	0.18737	0.11124	0.20537	0.15777	0.00601	0.09698	0.01255	0.00523	0.00655
12	0.01696	0.01696	0.02375	0.02036	0.02036	0.02375	0.01696	0.01866	0.01187	0.01866	0.01018	0.01696	0.01018	0.01357	0.02545	0.00339	0.71332	0.00679	0.00339	0.00848
13	0.02222	0.60675	0.03726	0.01448	0.02063	0.15078	0.01358	0.02461	0.01688	0.01837	0.01100	0.01272	0.00996	0.00688	0.00534	0.00172	0.00932	0.00430	0.00344	0.00978
14	0.01150	0.00812	0.01007	0.00946	0.01165	0.00730	0.00714	0.01473	0.02093	0.05507	0.50615	0.06064	0.21535	0.01651	0.00910	0.00248	0.00384	0.01433	0.00826	0.00737
15	0.06126	0.01458	0.01836	0.01421	0.02001	0.01374	0.01171	0.14824	0.02444	0.51453	0.05671	0.02587	0.02012	0.00973	0.00774	0.00239	0.00679	0.00779	0.00903	0.01275
16	0.01777	0.16321	0.45881	0.02177	0.07907	0.02014	0.02395	0.02559	0.04702	0.05185	0.01493	0.01688	0.01108	0.00744	0.00699	0.00230	0.01025	0.00576	0.00381	0.01136
17	0.01108	0.00831	0.01246	0.01246	0.01385	0.00969	0.00969	0.01385	0.01246	0.01800	0.02077	0.03046	0.01938	0.05815	0.69678	0.01246	0.02077	0.00831	0.00415	0.00692
18	0.01219	0.00883	0.01204	0.01368	0.01532	0.00885	0.01149	0.01609	0.04344	0.02293	0.04099	0.20499	0.04503	0.02152	0.01044	0.00345	0.00660	0.48776	0.00718	0.00719
19	0.03094	0.04877	0.02158	0.04231	0.05013	0.01710	0.01352	0.24618	0.02634	0.38504	0.02431	0.02259	0.01611	0.00918	0.00765	0.00234	0.00758	0.00728	0.00822	0.01284
20	0.02263	0.01863	0.01879	0.01600	0.02046	0.07293	0.01259	0.29625	0.22304	0.03654	0.05715	0.12199	0.02437	0.01199	0.00810	0.00251	0.00744	0.00982	0.00746	0.01132
21	0.01919	0.01842	0.03147	0.04759	0.67914	0.01842	0.02380	0.02380	0.01765	0.02533	0.01458	0.01919	0.01228	0.00691	0.00768	0.00230	0.00921	0.00691	0.00384	0.01228
22	0.01787	0.01343	0.01600	0.01171	0.01824	0.01029	0.00935	0.02118	0.01670	0.09749	0.01680	0.04576	0.01394	0.00692	0.00614	0.00137	0.00579	0.00565	0.00525	0.66014
23	0.03138	0.01561	0.07650	0.01431	0.02087	0.01188	0.01271	0.03495	0.02112	0.56601	0.02758	0.02456	0.01766	0.00905	0.00757	0.00229	0.00695	0.00732	0.00858	0.08310
24	0.02073	0.73217	0.04063	0.01327	0.01990	0.03068	0.01327	0.02322	0.01575	0.01824	0.01078	0.01244	0.00995	0.00663	0.00498	0.00166	0.00829	0.00415	0.00332	0.00995
25	0.00947	0.00764	0.00842	0.00870	0.01078	0.00660	0.00635	0.01154	0.01769	0.02210	0.15286	0.20146	0.46917	0.02005	0.00931	0.00270	0.00400	0.01718	0.00738	0.00660
26	0.73650	0.01540	0.01212	0.01066	0.01555	0.01780	0.00878	0.06113	0.01461	0.03564	0.01127	0.01296	0.00869	0.00733	0.00498	0.00239	0.00615	0.00437	0.00498	0.00869
27	0.01667	0.17743	0.53802	0.02068	0.03106	0.02058	0.04539	0.02430	0.01631	0.02331	0.01335	0.01573	0.00991	0.00719	0.00695	0.00230	0.01088	0.00552	0.00330	0.01113
28	0.01895	0.01684	0.02538	0.29718	0.08477	0.01944	0.08775	0.14839	0.07464	0.02780	0.01653	0.02077	0.01263	0.00873	0.00962	0.00258	0.08048	0.00732	0.02998	0.01025
29	0.01445	0.00723	0.00723	0.00723	0.00903	0.00723	0.00542	0.01807	0.01626	0.02891	0.02529	0.02891	0.01987	0.00903	0.00542	0.00181	0.00361	0.00723	0.77055	0.00723
30	0.01276	0.01079	0.01569	0.01472	0.01571	0.01372	0.01177	0.01522	0.01229	0.01819	0.01774	0.02660	0.01675	0.04539	0.50455	0.00986	0.21907	0.00787	0.00394	0.00737
31	0.00947	0.00694	0.00890	0.01037	0.01116	0.00637	0.00703	0.01099	0.01549	0.02038	0.07156	0.61198	0.13421	0.02336	0.00977	0.00305	0.00439	0.02099	0.00725	0.00637
32	0.01113	0.00810	0.01142	0.01142	0.01245	0.00913	0.00840	0.01318	0.01215	0.01723	0.02172	0.03571	0.02166	0.23146	0.52659	0.01118	0.01734	0.00908	0.00429	0.00635
33	0.04589	0.46415	0.13282	0.01572	0.02262	0.12186	0.01575	0.06309	0.01791	0.02169	0.01190	0.01363	0.01009	0.00712	0.00578	0.00189	0.00951	0.00468	0.00373	0.01019
34	0.02041	0.01685	0.01790	0.01584	0.02039	0.01932	0.01239	0.07831	0.60584	0.05480	0.03074	0.02822	0.02288	0.01042	0.00788	0.00260	0.00630	0.00863	0.00794	0.01236
35	0.01119	0.00748	0.00848	0.00857	0.00859	0.00746	0.00482	0.01125	0.01145	0.01527	0.02533	0.08371	0.02932	0.69299	0.03801	0.00730	0.00737	0.01180	0.00482	0.00478
36	0.78228	0.01499	0.01140	0.01020	0.01499	0.01739	0.00840	0.02279	0.01320	0.03479	0.01080	0.01260	0.00840	0.00720	0.00480	0.00240	0.00600	0.00420	0.00480	0.00840
37	0.01844	0.01730	0.02945	0.10329	0.58359	0.01761	0.02256	0.02261	0.01701	0.02413	0.01445	0.01959	0.01218	0.00820	0.00906	0.04928	0.00916	0.00690	0.00377	0.01142
38	0.01445	0.00723	0.00723	0.00723	0.00903	0.00723	0.00542	0.01807	0.01626	0.02891	0.02529	0.02891	0.01987	0.00903	0.00542	0.00181	0.00361	0.00723	0.77055	0.00723
39	0.07882	0.03817	0.09701	0.04406	0.02380	0.01612	0.08336	0.04750	0.06704	0.11940	0.05067	0.02155	0.01628	0.00871	0.00908	0.00228	0.08342	0.00691	0.02886	0.15694
40	0.01109	0.00827	0.01226	0.01226	0.01358	0.00958	0.00944	0.01372	0.01240	0.01785	0.02095	0.03148	0.01982	0.09167	0.66386	0.01221	0.02010	0.00846	0.00418	0.00681
41	0.71390	0.01539	0.01223	0.01080	0.01565	0.01779	0.00887	0.05404	0.04165	0.03537	0.01204	0.01357	0.00927	0.00744	0.00507	0.00241	0.00613	0.00452	0.00507	0.00879
42	0.00986	0.00713	0.00932	0.01036	0.01130	0.00659	0.00716	0.01188	0.01696	0.02299	0.21992	0.50568	0.08864	0.02172	0.00965	0.00293	0.00424	0.01953	0.00757	0.00659
43	0.02460	0.01762	0.01938	0.01618	0.02129	0.01944	0.01304	0.25630	0.32699	0.12322	0.02731	0.02777	0.02038	0.01050	0.00797	0.00254	0.00709	0.03789	0.00803	0.01247
44	0.01445	0.00723	0.00723	0.00723	0.00903	0.00723	0.00542	0.01807	0.01626	0.02891	0.02529	0.02891	0.01987	0.00903	0.00542	0.00181	0.00361	0.00723	0.77055	0.00723
45	0.01464	0.01378	0.02326	0.70887	0.05340	0.01723	0.02153	0.01981	0.01550	0.01981	0.01378	0.02067	0.01034	0.00775	0.00775	0.00258	0.01034	0.00689	0.00345	0.00861
46	0.01124	0.00766	0.00918	0.00918	0.00943	0.00791	0.00560	0.01174	0.01149	0.01557	0.02377	0.04709	0.02660	0.60693	0.15787	0.00841	0.00990	0.01074	0.00460	0.00510
47	0.03424	0.01408	0.01854	0.01421	0.02023	0.01271	0.01174	0.10163	0.02367	0.61858	0.02935	0.02558	0.01857	0.00957	0.00779	0.00239	0.00680	0.00771	0.00941	0.01319
48	0.02016	0.01826	0.02868	0.09192	0.51714	0.04207	0.02180	0.05561	0.01881	0.05669	0.01649	0.02229	0.01378	0.00787	0.00779	0.00237	0.00922	0.03288	0.00442	0.01176
49	0.03397	0.01434	0.04642	0.01415	0.02038	0.01168	0.01213	0.03722	0.02194	0.65649	0.02988	0.02597	0.01880	0.00950	0.00778	0.00240	0.00680	0.00771	0.00933	0.01312
50	0.01696	0.01696	0.02375	0.02036	0.02036	0.02375	0.01696	0.01866	0.01187	0.01866	0.01018	0.01696	0.01018	0.01357	0.02545	0.00339	0.71332	0.00679	0.00339	0.00848
51	0.01755	0.01530	0.01586	0.01454	0.01843	0.03567	0.01132	0.03458	0.50091	0.03019	0.07629	0.03846	0.10219	0.01237	0.00823	0.00265	0.00600	0.04081	0.00770	0.01096
52	0.18083	0.06108	0.01873	0.01484	0.01978	0.02047	0.01198	0.14959	0.37259	0.03510	0.02355	0.02259	0.01769	0.00936	0.00704	0.00247	0.00668	0.00720	0.00694	0.01149
53	0.06828	0.01600	0.07525	0.01299	0.01990	0.01174	0.01147	0.02536	0.01766	0.21314	0.01839	0.01882	0.01334	0.00707	0.00641	0.00170	0.00650	0.00558	0.00591	0.44447
54	0.05771	0.52554	0.10644	0.01488	0.02157	0.05426	0.01498	0.06207	0.01707	0.02164	0.01162	0.01348	0.01007	0.00721	0.00623	0.00190	0.03487	0.00462	0.00369	0.01014
55	0.01084	0.00740	0.00889	0.00931	0.00952	0.00740	0.00566	0.01136	0.01219	0.01636	0.02840	0.20507	0.03288	0.51320	0.08280	0.00688	0.00783	0.01355	0.00524	0.00524
56	0.01905	0.01849	0.03171	0.04407	0.57694	0.01872	0.07290	0.02453	0.04789	0.02542	0.01533	0.01971	0.01271	0.00726	0.00836	0.00238	0.03132	0.00717	0.00402	0.01202
57	0.02494	0.02652	0.02026	0.01794	0.02237	0.32833	0.01381	0.11155	0.29508	0.02832	0.02106	0.02086	0.01615	0.00922	0.00746	0.00230	0.01000	0.00683	0.00610	0.01089
58	0.01212	0.00829	0.01097	0.01226	0.01370	0.00803	0.00943	0.01523	0.04399	0.05275	0.04260	0.40823	0.07243	0.02180	0.00997	0.00322	0.00558	0.23489	0.00732	0.00718
59	0.01463	0.02601	0.38001	0.05915	0.02642	0.01390	0.01996	0.02126	0.01853	0.05269	0.24941	0.03179	0.03272	0.01049	0.00804	0.00246	0.00843	0.00883	0.00540	0.00988
60	0.02559	0.03056	0.02525	0.02951	0.25013	0.46236	0.01802	0.02849	0.02048	0.02117	0.01288	0.01578	0.01078	0.00762	0.00723	0.00210	0.01234	0.00565	0.00394	0.01013
61	0.02348	0.02407	0.25459	0.02010	0.05025	0.01599	0.08210	0.03190	0.11862	0.26431	0.02286	0.02248	0.01562	0.00856	0.00779	0.00247	0.00896	0.00733	0.00635	0.01214
62	0.01795	0.36105	0.38743	0.01800	0.02722	0.02388	0.02151	0.02393	0.01608	0.02163	0.01246	0.01455	0.00988	0.00703	0.00626	0.00209	0.00999	0.00500	0.00329	0.01076
63	0.01013	0.00750	0.01033	0.06315	0.01448	0.00732	0.00830	0.01221	0.01625	0.02195	0.16137	0.54264	0.05238	0.02143	0.00959	0.00297	0.00478	0.01937	0.00717	0.00667
64	0.01192	0.00805	0.01027	0.03717	0.01307	0.00768	0.00765	0.01477	0.01831	0.05153	0.29530	0.18283	0.13454	0.04150	0.04349	0.00319	0.00520	0.01426	0.09210	0.00718
65	0.01906	0.04725	0.07460	0.11400	0.47620	0.01855	0.02232	0.02495	0.05708	0.04835	0.01591	0.01975	0.01275	0.00734	0.00757	0.00234	0.00917	0.00686	0.00419	0.01176
66	0.02667	0.06895	0.06486	0.06186	0.12100	0.01593	0.01525	0.08489	0.05368	0.33803	0.05274	0.02419	0.01849	0.00903	0.00760	0.00235	0.00766	0.00747	0.00721	0.01212
67	0.01679	0.01393	0.01571	0.03643	0.01763	0.06665	0.01154	0.10827	0.05752	0.02460	0.02355	0.09517	0.02291	0.08185	0.12865	0.03232	0.09856	0.07996	0.05973	0.00822
68	0.05504	0.06017	0.48249	0.02029	0.04956	0.01740	0.02342	0.02517	0.05613	0.05780	0.04272	0.04425	0.01512	0.00856	0.00737	0.00245	0.00987	0.00683	0.00431	0.01106

[dist]
# distance from previous block
# <min> <max>
0	2

[block]
# block no. 5 follows, 25 sequences, length 42
# corresponding to MSA columns:
# 270-311
name=unknown_F
#
# <colnr> <probs for GDERKNQSTAVLIFYWHMCP>
#	G	D	E	R	K	N	Q	S	T	A	V	L	I	F	Y	W	H	M	C	P
0	0.01910	0.05729	0.15602	0.01860	0.07131	0.05891	0.01595	0.06680	0.23023	0.05690	0.06526	0.05378	0.04007	0.01007	0.00765	0.00239	0.00790	0.00829	0.00608	0.04737
1	0.01917	0.01467	0.01569	0.01367	0.01800	0.06497	0.01084	0.05043	0.16572	0.11238	0.08661	0.07567	0.05319	0.01213	0.00798	0.00235	0.00653	0.08776	0.00699	0.17524
2	0.01180	0.00887	0.01104	0.01033	0.01247	0.00858	0.00780	0.01737	0.09125	0.03085	0.58252	0.05543	0.09108	0.01542	0.00901	0.00247	0.00394	0.01354	0.00841	0.00782
3	0.01754	0.01660	0.02741	0.28613	0.40042	0.01805	0.02208	0.02368	0.06668	0.02387	0.01560	0.02048	0.01245	0.00749	0.00772	0.00243	0.00938	0.00704	0.00401	0.01094
4	0.02896	0.03695	0.02197	0.01998	0.02397	0.69638	0.01498	0.03096	0.02197	0.01898	0.01199	0.01398	0.00999	0.00799	0.00699	0.00200	0.01398	0.00499	0.00400	0.00899
5	0.02658	0.02136	0.02109	0.01717	0.02209	0.11293	0.01377	0.43677	0.03018	0.06564	0.02092	0.10745	0.01770	0.01121	0.00863	0.00243	0.03680	0.00864	0.00707	0.01155
6	0.00958	0.00685	0.00915	0.01095	0.01146	0.00642	0.00744	0.01103	0.01498	0.01995	0.04266	0.69378	0.05098	0.02416	0.00993	0.00317	0.00462	0.04936	0.00719	0.00634
7	0.04946	0.32877	0.03056	0.01705	0.04848	0.09616	0.01429	0.27178	0.02453	0.03118	0.01414	0.01531	0.01127	0.00785	0.00638	0.00201	0.00894	0.00546	0.00520	0.01117
8	0.01919	0.01842	0.03147	0.04759	0.67914	0.01842	0.02380	0.02380	0.01765	0.02533	0.01458	0.01919	0.01228	0.00691	0.00768	0.00230	0.00921	0.00691	0.00384	0.01228
9	0.05473	0.41078	0.30775	0.01679	0.02534	0.02479	0.01942	0.02375	0.01589	0.02165	0.01208	0.01408	0.00982	0.00696	0.00596	0.00202	0.00950	0.00481	0.00337	0.01050
10	0.00945	0.00675	0.00900	0.01080	0.01125	0.00630	0.00720	0.01080	0.01484	0.01979	0.04274	0.72245	0.05128	0.02429	0.00990	0.00315	0.00450	0.02204	0.00720	0.00630
11	0.01830	0.02092	0.04575	0.03268	0.04052	0.01961	0.65098	0.02484	0.01830	0.02484	0.01569	0.02092	0.01176	0.00654	0.00915	0.00261	0.01307	0.00915	0.00392	0.01046
12	0.05258	0.01807	0.01892	0.14160	0.10563	0.17205	0.01431	0.02116	0.04429	0.02033	0.01950	0.02529	0.06030	0.05747	0.05345	0.10282	0.05242	0.00741	0.00425	0.00814
13	0.01640	0.01493	0.02417	0.60658	0.04970	0.01806	0.04627	0.08870	0.01789	0.02316	0.01438	0.02046	0.01070	0.00787	0.00781	0.00256	0.01025	0.00699	0.00393	0.00918
14	0.00945	0.00675	0.00900	0.01080	0.01125	0.00630	0.00720	0.01080	0.01484	0.01979	0.04274	0.72245	0.05128	0.02429	0.00990	0.00315	0.00450	0.02204	0.00720	0.00630
15	0.01464	0.01378	0.02326	0.70887	0.05340	0.01723	0.02153	0.01981	0.01550	0.01981	0.01378	0.02067	0.01034	0.00775	0.00775	0.00258	0.01034	0.00689	0.00345	0.00861
16	0.01919	0.01842	0.03147	0.04759	0.67914	0.01842	0.02380	0.02380	0.01765	0.02533	0.01458	0.01919	0.01228	0.00691	0.00768	0.00230	0.00921	0.00691	0.00384	0.01228
17	0.01653	0.01579	0.02627	0.39871	0.27603	0.01833	0.02188	0.02113	0.01591	0.02169	0.01370	0.01975	0.01102	0.00805	0.00956	0.00257	0.08270	0.00689	0.00358	0.00992
18	0.02296	0.02004	0.03145	0.02419	0.05400	0.02056	0.26990	0.32059	0.02717	0.03676	0.07572	0.02306	0.01792	0.00869	0.00844	0.00245	0.00995	0.00848	0.00614	0.01153
19	0.01197	0.01193	0.07633	0.01267	0.01586	0.00926	0.05882	0.01634	0.02115	0.03000	0.56256	0.05119	0.06252	0.01434	0.00898	0.00245	0.00511	0.01287	0.00769	0.00794
20	0.02209	0.04284	0.01982	0.10325	0.04961	0.01574	0.01306	0.14582	0.08830	0.15435	0.06573	0.02473	0.03573	0.00902	0.00735	0.00213	0.00711	0.00739	0.00659	0.17934
21	0.01128	0.00752	0.00846	0.00846	0.00846	0.00752	0.00470	0.01128	0.01128	0.01503	0.02443	0.05074	0.02819	0.72751	0.03946	0.00752	0.00752	0.01128	0.00470	0.00470
22	0.05623	0.04432	0.05431	0.05371	0.28133	0.06407	0.01749	0.05255	0.10406	0.04798	0.01683	0.01919	0.01331	0.00751	0.00710	0.00214	0.00840	0.00639	0.00485	0.13820
23	0.12051	0.01649	0.02448	0.05988	0.35669	0.01655	0.01791	0.05565	0.01910	0.20992	0.01868	0.02038	0.01366	0.00783	0.00735	0.00235	0.00810	0.00681	0.00571	0.01193
24	0.02974	0.02044	0.02237	0.01724	0.02335	0.02225	0.01422	0.55085	0.05973	0.12878	0.02065	0.02001	0.01437	0.00939	0.00777	0.00235	0.00819	0.00716	0.00800	0.01315
25	0.01895	0.17708	0.43708	0.01866	0.02799	0.01927	0.02229	0.02559	0.01725	0.11044	0.04428	0.01869	0.01384	0.00788	0.00701	0.00228	0.00983	0.00604	0.00434	0.01120
26	0.02326	0.04637	0.31096	0.01910	0.05538	0.04604	0.01954	0.02971	0.04620	0.25991	0.05183	0.02235	0.01687	0.00868	0.00756	0.00239	0.00906	0.00696	0.00603	0.01180
27	0.01110	0.00821	0.01197	0.01197	0.01319	0.00943	0.00908	0.01353	0.01232	0.01764	0.02121	0.03293	0.02046	0.13970	0.61670	0.01186	0.01915	0.00867	0.00422	0.00665
28	0.00972	0.00694	0.00931	0.01111	0.01167	0.00653	0.00767	0.01127	0.01511	0.02010	0.04259	0.66593	0.05069	0.02404	0.00997	0.00319	0.00473	0.07588	0.00719	0.00637
29	0.01903	0.01803	0.03033	0.11777	0.59090	0.01847	0.02326	0.04348	0.01802	0.02549	0.01463	0.01933	0.01210	0.00708	0.00769	0.00233	0.00931	0.00691	0.00392	0.01192
30	0.02150	0.01865	0.05878	0.01645	0.02158	0.01944	0.01375	0.16667	0.44161	0.06051	0.02817	0.02847	0.02139	0.01052	0.00795	0.00259	0.00702	0.03512	0.00762	0.01223
31	0.00968	0.00736	0.00895	0.00992	0.01131	0.00664	0.00709	0.01159	0.01665	0.02146	0.11454	0.40384	0.26271	0.02176	0.00963	0.00293	0.00439	0.05573	0.00732	0.00653
32	0.09566	0.02100	0.02014	0.01618	0.02138	0.11180	0.01295	0.38904	0.02863	0.10904	0.01883	0.02115	0.01431	0.07290	0.01021	0.00276	0.00875	0.00693	0.00691	0.01143
33	0.02314	0.05525	0.02595	0.15710	0.24966	0.23145	0.01878	0.04529	0.01948	0.07993	0.01496	0.01813	0.01172	0.00770	0.00737	0.00224	0.01063	0.00626	0.00441	0.01056
34	0.26233	0.04363	0.01953	0.01769	0.05986	0.26808	0.03753	0.02722	0.04402	0.07618	0.01473	0.01683	0.01163	0.01141	0.05596	0.00296	0.01060	0.00560	0.00481	0.00939
35	0.08841	0.01925	0.05900	0.06999	0.40710	0.05775	0.01981	0.02487	0.01762	0.08344	0.01536	0.01862	0.01212	0.00721	0.00723	0.00223	0.00889	0.00639	0.00445	0.07025
36	0.02052	0.29104	0.13297	0.07318	0.08849	0.04008	0.05551	0.04985	0.01753	0.07651	0.01422	0.01662	0.01126	0.00750	0.00740	0.00212	0.04034	0.00573	0.00418	0.04496
37	0.01910	0.01832	0.03291	0.03780	0.39973	0.01747	0.19096	0.02403	0.01779	0.04829	0.01534	0.01951	0.01228	0.00675	0.00783	0.00224	0.00972	0.00725	0.00416	0.10849
38	0.18378	0.01910	0.10317	0.13331	0.16941	0.01786	0.03818	0.04981	0.06749	0.08949	0.01638	0.01903	0.01230	0.00807	0.00791	0.00248	0.04021	0.00648	0.00490	0.01065
39	0.15745	0.02323	0.19010	0.04152	0.06972	0.04493	0.06540	0.09447	0.01885	0.11459	0.01629	0.01834	0.01190	0.00832	0.00848	0.00246	0.06326	0.00635	0.03363	0.01073
40	0.04931	0.02215	0.05940	0.05328	0.08876	0.13110	0.24978	0.05176	0.05786	0.05317	0.01655	0.01980	0.01266	0.00771	0.00839	0.00239	0.03264	0.00735	0.04094	0.03499
41	0.05500	0.02020	0.03129	0.02877	0.16583	0.07703	0.23627	0.10126	0.01997	0.06667	0.01676	0.04767	0.01365	0.00865	0.00974	0.00253	0.07503	0.00806	0.00484	0.01077

[dist]
# distance from previous block
# <min> <max>
15	84

[block]
# block no. 6 follows, 25 sequences, length 222
# corresponding to MSA columns:
# 398-619
name=unknown_G
#
# <colnr> <probs for GDERKNQSTAVLIFYWHMCP>
#	G	D	E	R	K	N	Q	S	T	A	V	L	I	F	Y	W	H	M	C	P
0	0.02108	0.01371	0.01635	0.01245	0.01842	0.01173	0.00999	0.05179	0.08001	0.18388	0.05066	0.02230	0.01772	0.00786	0.00666	0.00172	0.00592	0.00639	0.03727	0.42409
1	0.01633	0.01408	0.04133	0.03721	0.01939	0.01093	0.01036	0.04838	0.01718	0.05189	0.02065	0.10148	0.04299	0.00892	0.00667	0.00165	0.00607	0.00746	0.00526	0.53176
2	0.01128	0.04137	0.01157	0.00977	0.01188	0.00833	0.00748	0.01475	0.02133	0.02970	0.59765	0.05713	0.11745	0.01572	0.00895	0.00242	0.00389	0.01375	0.00819	0.00738
3	0.01883	0.01806	0.03083	0.09945	0.63007	0.01833	0.02362	0.02348	0.01749	0.02490	0.01452	0.01931	0.01213	0.00697	0.00768	0.00232	0.00930	0.00691	0.00381	0.01199
4	0.01907	0.01652	0.01780	0.04779	0.02170	0.01919	0.01270	0.04021	0.63512	0.03185	0.03074	0.02855	0.02305	0.01039	0.00788	0.00263	0.00633	0.00868	0.00768	0.01210
5	0.01066	0.00814	0.00983	0.00965	0.01162	0.00750	0.00714	0.01437	0.04802	0.02700	0.40696	0.14684	0.22821	0.01771	0.00919	0.00259	0.00395	0.01545	0.00798	0.00720
6	0.78228	0.01499	0.01140	0.01020	0.01499	0.01739	0.00840	0.02279	0.01320	0.03479	0.01080	0.01260	0.00840	0.00720	0.00480	0.00240	0.00600	0.00420	0.00480	0.00840
7	0.01747	0.01344	0.01597	0.01160	0.01817	0.01028	0.00929	0.02088	0.01690	0.08322	0.04744	0.01902	0.01516	0.00657	0.00609	0.00132	0.00572	0.00533	0.00522	0.67091
8	0.00957	0.00694	0.00904	0.01048	0.01122	0.00641	0.00711	0.01118	0.01572	0.02093	0.10425	0.61161	0.10060	0.02315	0.00977	0.00304	0.00438	0.02087	0.00732	0.00641
9	0.01929	0.01666	0.01753	0.01578	0.02016	0.01929	0.01227	0.04120	0.66513	0.03243	0.03156	0.02893	0.02367	0.01052	0.00789	0.00263	0.00614	0.00877	0.00789	0.01227
10	0.02073	0.73217	0.04063	0.01327	0.01990	0.03068	0.01327	0.02322	0.01575	0.01824	0.01078	0.01244	0.00995	0.00663	0.00498	0.00166	0.00829	0.00415	0.00332	0.00995
11	0.02655	0.04311	0.04449	0.01405	0.01939	0.01249	0.03569	0.03146	0.07191	0.41751	0.14092	0.03267	0.05295	0.01080	0.00801	0.00241	0.00646	0.00909	0.00847	0.01155
12	0.02073	0.73217	0.04063	0.01327	0.01990	0.03068	0.01327	0.02322	0.01575	0.01824	0.01078	0.01244	0.00995	0.00663	0.00498	0.00166	0.00829	0.00415	0.00332	0.00995
13	0.01026	0.00780	0.00944	0.00924	0.01120	0.00698	0.00685	0.01317	0.01996	0.02686	0.42884	0.12139	0.26417	0.01780	0.00922	0.00256	0.00382	0.01547	0.00799	0.00698
14	0.00978	0.00819	0.00855	0.00840	0.01098	0.00712	0.00632	0.01272	0.04246	0.02273	0.15612	0.07069	0.57142	0.01879	0.00911	0.00259	0.00397	0.01577	0.00740	0.00686
15	0.01897	0.01820	0.03107	0.07978	0.64868	0.01836	0.02369	0.02360	0.01755	0.02506	0.01455	0.01926	0.01219	0.00695	0.00768	0.00232	0.00927	0.00691	0.00382	0.01210
16	0.00945	0.00675	0.00900	0.01080	0.01125	0.00630	0.00720	0.01080	0.01484	0.01979	0.04274	0.72245	0.05128	0.02429	0.00990	0.00315	0.00450	0.02204	0.00720	0.00630
17	0.01464	0.01353	0.02263	0.68148	0.05167	0.01684	0.02090	0.01974	0.01553	0.02017	0.01423	0.02099	0.01071	0.00780	0.00766	0.00255	0.01007	0.00690	0.03339	0.00856
18	0.01667	0.01477	0.01949	0.01418	0.02090	0.01210	0.08337	0.04280	0.04326	0.02616	0.01736	0.01947	0.03740	0.00668	0.00642	0.00147	0.00663	0.00582	0.00486	0.60017
19	0.04638	0.00870	0.00868	0.00820	0.01048	0.00898	0.00629	0.06927	0.01776	0.03075	0.02418	0.02743	0.01888	0.00898	0.00558	0.00187	0.00410	0.00709	0.67865	0.00775
20	0.01555	0.04011	0.68733	0.02210	0.03356	0.01801	0.02865	0.02455	0.01637	0.02455	0.01391	0.01637	0.00982	0.00737	0.00737	0.00246	0.01146	0.00573	0.00327	0.01146
21	0.01898	0.01821	0.03110	0.07792	0.65044	0.01837	0.02369	0.02361	0.01756	0.02508	0.01455	0.01926	0.01219	0.00695	0.00768	0.00232	0.00926	0.00691	0.00382	0.01211
22	0.01919	0.01842	0.03147	0.04759	0.67914	0.01842	0.02380	0.02380	0.01765	0.02533	0.01458	0.01919	0.01228	0.00691	0.00768	0.00230	0.00921	0.00691	0.00384	0.01228
23	0.01842	0.02054	0.04343	0.03332	0.09499	0.01949	0.57208	0.02538	0.04320	0.02517	0.01620	0.02107	0.01227	0.00672	0.00897	0.00259	0.01247	0.00894	0.00407	0.01069
24	0.01097	0.00793	0.01036	0.00975	0.01158	0.00732	0.00732	0.01463	0.02195	0.03109	0.67505	0.05792	0.07316	0.01585	0.00914	0.00244	0.00366	0.01402	0.00854	0.00732
25	0.02073	0.73217	0.04063	0.01327	0.01990	0.03068	0.01327	0.02322	0.01575	0.01824	0.01078	0.01244	0.00995	0.00663	0.00498	0.00166	0.00829	0.00415	0.00332	0.00995
26	0.01128	0.00752	0.00846	0.00846	0.00846	0.00752	0.00470	0.01128	0.01128	0.01503	0.02443	0.05074	0.02819	0.72751	0.03946	0.00752	0.00752	0.01128	0.00470	0.00470
27	0.01797	0.01817	0.02827	0.36106	0.11620	0.07333	0.14222	0.05210	0.04029	0.02308	0.01479	0.02004	0.01140	0.00786	0.00872	0.00253	0.04101	0.00724	0.00398	0.00975
28	0.02109	0.70178	0.03981	0.01356	0.02008	0.05979	0.01334	0.02356	0.01603	0.01827	0.01083	0.01251	0.00995	0.00669	0.00506	0.00167	0.00854	0.00418	0.00335	0.00991
29	0.01919	0.01842	0.03147	0.04759	0.67914	0.01842	0.02380	0.02380	0.01765	0.02533	0.01458	0.01919	0.01228	0.00691	0.00768	0.00230	0.00921	0.00691	0.00384	0.01228
30	0.00956	0.00689	0.00909	0.01081	0.01141	0.00642	0.00736	0.01103	0.01509	0.01998	0.04420	0.66840	0.07785	0.02397	0.00990	0.00314	0.00458	0.04677	0.00720	0.00634
31	0.01108	0.00831	0.01246	0.01246	0.01385	0.00969	0.00969	0.01385	0.01246	0.01800	0.02077	0.03046	0.01938	0.05815	0.69678	0.01246	0.02077	0.00831	0.00415	0.00692
32	0.00945	0.00675	0.00900	0.01080	0.01125	0.00630	0.00720	0.01080	0.01484	0.01979	0.04274	0.72245	0.05128	0.02429	0.00990	0.00315	0.00450	0.02204	0.00720	0.00630
33	0.03479	0.01320	0.01799	0.01380	0.01979	0.01140	0.01140	0.03779	0.02219	0.68451	0.03059	0.02639	0.01919	0.00960	0.00780	0.00240	0.00660	0.00780	0.00960	0.01320
34	0.01608	0.01378	0.01608	0.01148	0.01837	0.01034	0.00919	0.01952	0.01608	0.02527	0.01378	0.01608	0.01148	0.00574	0.00574	0.00115	0.00574	0.00459	0.00459	0.77491
35	0.00945	0.00675	0.00900	0.01080	0.01125	0.00630	0.00720	0.01080	0.01484	0.01979	0.04274	0.72245	0.05128	0.02429	0.00990	0.00315	0.00450	0.02204	0.00720	0.00630
