[name]
unknown

[dist]
# distance from previous block
# <min> <max>
0	58

[block]
# block no. 0 follows, 23 sequences, length 15
# corresponding to MSA columns:
# 58-72
name=unknown_A
#
# <colnr> <probs for GDERKNQSTAVLIFYWHMCP>
#	G	D	E	R	K	N	Q	S	T	A	V	L	I	F	Y	W	H	M	C	P
0	0.02115	0.01307	0.01676	0.01653	0.04129	0.01331	0.01328	0.05811	0.15161	0.17978	0.03622	0.05779	0.03311	0.01599	0.00962	0.00313	0.00727	0.29325	0.00815	0.01057
1	0.01538	0.06270	0.49017	0.01969	0.02910	0.01677	0.02404	0.02319	0.01848	0.02703	0.16648	0.02720	0.02590	0.00977	0.00804	0.00253	0.00993	0.00797	0.00473	0.01090
2	0.01530	0.02555	0.30162	0.05936	0.08532	0.01564	0.07544	0.02248	0.04966	0.02555	0.07729	0.14057	0.04742	0.01195	0.00862	0.00271	0.00940	0.01063	0.00509	0.01040
3	0.01611	0.00875	0.01153	0.01178	0.01381	0.00787	0.00845	0.01798	0.01760	0.17376	0.04487	0.49591	0.09668	0.02139	0.00977	0.00306	0.00518	0.01906	0.00812	0.00831
4	0.01234	0.00767	0.00926	0.00926	0.00926	0.00767	0.00542	0.01151	0.01151	0.01535	0.02286	0.04640	0.02587	0.55305	0.03904	0.18601	0.00767	0.01068	0.00459	0.00459
5	0.02744	0.06061	0.03006	0.02316	0.02900	0.33075	0.16140	0.18423	0.02565	0.02922	0.01516	0.01750	0.01174	0.00829	0.00796	0.00231	0.01270	0.00674	0.00513	0.01093
6	0.02223	0.02219	0.08571	0.03904	0.41348	0.02072	0.06960	0.16931	0.02305	0.03220	0.01629	0.01983	0.01282	0.00783	0.00814	0.00245	0.00998	0.00732	0.00494	0.01286
7	0.01452	0.01122	0.01514	0.07600	0.09494	0.01108	0.01136	0.01978	0.07439	0.06329	0.30148	0.05203	0.19328	0.01482	0.00907	0.00261	0.00560	0.01287	0.00755	0.00899
8	0.01482	0.01075	0.01293	0.01304	0.01493	0.01097	0.00939	0.15876	0.02086	0.02788	0.03878	0.54695	0.04427	0.02173	0.00983	0.00309	0.00570	0.01935	0.00767	0.00829
9	0.19664	0.04804	0.06337	0.06553	0.08492	0.02004	0.26379	0.05768	0.01809	0.02881	0.01563	0.04323	0.01275	0.00828	0.00868	0.00264	0.03902	0.00789	0.00454	0.01043
10	0.01321	0.01149	0.01946	0.01578	0.01921	0.01065	0.15535	0.01768	0.02189	0.03056	0.48458	0.05221	0.08543	0.01445	0.00957	0.00260	0.00616	0.01357	0.00774	0.00840
11	0.01904	0.01826	0.02473	0.02034	0.02316	0.05982	0.10380	0.10009	0.04510	0.02638	0.07371	0.05259	0.05599	0.01424	0.03318	0.00327	0.30205	0.00931	0.00530	0.00966
12	0.01116	0.00828	0.01039	0.00987	0.01192	0.00752	0.00740	0.01468	0.02220	0.03071	0.56022	0.06363	0.17742	0.01727	0.00957	0.00258	0.00388	0.01510	0.00869	0.00752
13	0.01678	0.01538	0.02542	0.21422	0.34684	0.01620	0.02020	0.02152	0.01893	0.02637	0.16693	0.03005	0.02732	0.00967	0.00842	0.00252	0.00859	0.00898	0.00506	0.01060
14	0.01518	0.01032	0.00990	0.00948	0.01180	0.04559	0.00722	0.04130	0.01821	0.02775	0.03794	0.03998	0.17049	0.01428	0.03542	0.00263	0.02449	0.00971	0.46055	0.00776

[dist]
# distance from previous block
# <min> <max>
0	6

[block]
# block no. 1 follows, 23 sequences, length 9
# corresponding to MSA columns:
# 79-87
name=unknown_B
#
# <colnr> <probs for GDERKNQSTAVLIFYWHMCP>
#	G	D	E	R	K	N	Q	S	T	A	V	L	I	F	Y	W	H	M	C	P
0	0.01720	0.01620	0.02741	0.35521	0.32743	0.01803	0.02272	0.02217	0.01701	0.02320	0.01532	0.02167	0.01241	0.01149	0.05636	0.00331	0.01107	0.00733	0.00384	0.01062
1	0.07966	0.01925	0.05761	0.01652	0.02268	0.01895	0.01407	0.22420	0.18520	0.23657	0.02596	0.02417	0.01798	0.00989	0.00793	0.00255	0.00766	0.00777	0.00827	0.01311
2	0.02411	0.02572	0.02082	0.01977	0.06051	0.30316	0.01424	0.09144	0.14268	0.02649	0.05834	0.02523	0.01963	0.07892	0.01220	0.00295	0.05032	0.00765	0.00568	0.01014
3	0.00983	0.00816	0.00861	0.00864	0.01115	0.00693	0.00642	0.01207	0.01886	0.02312	0.14939	0.11285	0.55530	0.02036	0.00963	0.00275	0.00411	0.01718	0.00770	0.00693
4	0.01532	0.01442	0.02434	0.69533	0.05589	0.01803	0.02253	0.02073	0.01622	0.02073	0.01442	0.02163	0.01082	0.00811	0.00811	0.00270	0.01082	0.00721	0.00361	0.00901
5	0.01104	0.00828	0.01022	0.00974	0.01185	0.00747	0.00730	0.01444	0.02191	0.03002	0.52298	0.06476	0.21509	0.01753	0.00957	0.00260	0.00389	0.01526	0.00860	0.00747
6	0.07543	0.01895	0.01979	0.01644	0.02176	0.02124	0.01320	0.30083	0.28972	0.04077	0.02928	0.02795	0.06663	0.01093	0.00807	0.00260	0.00734	0.00862	0.00792	0.01254
7	0.01069	0.00885	0.00944	0.00918	0.01188	0.00790	0.00692	0.01450	0.06137	0.02492	0.19873	0.07129	0.49746	0.01909	0.00950	0.00270	0.00421	0.01609	0.00787	0.00742
8	0.01710	0.11058	0.54940	0.02319	0.03431	0.02038	0.08429	0.02558	0.01725	0.02504	0.01439	0.01714	0.01048	0.00755	0.00762	0.00250	0.01180	0.00616	0.00349	0.01173

[dist]
# distance from previous block
# <min> <max>
2	4

[block]
# block no. 2 follows, 23 sequences, length 77
# corresponding to MSA columns:
# 92-168
name=unknown_C
#
# <colnr> <probs for GDERKNQSTAVLIFYWHMCP>
#	G	D	E	R	K	N	Q	S	T	A	V	L	I	F	Y	W	H	M	C	P
0	0.02592	0.01722	0.01935	0.01623	0.02143	0.01862	0.01293	0.17733	0.32538	0.18795	0.03031	0.06451	0.02272	0.01128	0.00832	0.00265	0.00702	0.00927	0.00861	0.01295
1	0.10574	0.02733	0.02203	0.01847	0.02379	0.26327	0.01460	0.29979	0.08594	0.03667	0.01735	0.01805	0.01307	0.00913	0.00752	0.00235	0.01051	0.00642	0.00638	0.01160
2	0.02030	0.01532	0.01779	0.01324	0.02004	0.01300	0.01063	0.07478	0.07991	0.09519	0.01842	0.01944	0.01421	0.00721	0.00662	0.00159	0.00638	0.00577	0.00594	0.55421
3	0.01226	0.00852	0.01079	0.01009	0.01231	0.00772	0.00761	0.01579	0.02230	0.05821	0.54486	0.06187	0.16334	0.01691	0.00951	0.00258	0.00400	0.01477	0.00877	0.00780
4	0.01750	0.01741	0.02480	0.09046	0.02485	0.02415	0.01824	0.01965	0.01282	0.01965	0.01104	0.01815	0.01067	0.01358	0.02473	0.00346	0.62927	0.00711	0.00356	0.00889
5	0.01898	0.01816	0.03095	0.19913	0.52350	0.01899	0.02435	0.02394	0.01796	0.02517	0.01507	0.02044	0.01238	0.00743	0.00805	0.00248	0.00991	0.00723	0.00392	0.01196
6	0.01611	0.01522	0.02575	0.58916	0.15594	0.01823	0.02292	0.02142	0.01660	0.02168	0.01456	0.02138	0.01115	0.00797	0.00810	0.00266	0.01062	0.00721	0.00367	0.00965
7	0.02218	0.68271	0.04156	0.01414	0.02106	0.03174	0.01397	0.05683	0.01764	0.02079	0.01172	0.01336	0.01059	0.00709	0.00536	0.00177	0.00869	0.00450	0.00372	0.01059
8	0.00989	0.00706	0.00942	0.01130	0.01177	0.00659	0.00753	0.01130	0.01554	0.02071	0.04472	0.70954	0.05367	0.02542	0.01036	0.00330	0.00471	0.02307	0.00753	0.00659
9	0.01201	0.00840	0.01151	0.04161	0.01464	0.00836	0.00889	0.01430	0.01729	0.05232	0.17415	0.44889	0.05206	0.02356	0.04622	0.00360	0.02877	0.01859	0.00748	0.00736
10	0.01148	0.00829	0.01085	0.01021	0.01212	0.00766	0.00766	0.01531	0.02297	0.03254	0.65994	0.06061	0.07656	0.01659	0.00957	0.00255	0.00383	0.01467	0.00893	0.00766
11	0.01615	0.01527	0.02584	0.58268	0.16205	0.01825	0.02295	0.02146	0.01662	0.02174	0.01457	0.02136	0.01117	0.00796	0.00810	0.00265	0.01061	0.00721	0.00368	0.00968
12	0.00987	0.00710	0.00937	0.01118	0.01174	0.00660	0.00748	0.01131	0.01565	0.02076	0.04612	0.68591	0.07639	0.02524	0.01033	0.00327	0.00469	0.02285	0.00753	0.00660
13	0.01973	0.01704	0.01791	0.01616	0.02067	0.01961	0.01256	0.04177	0.62253	0.03343	0.03513	0.03232	0.05201	0.01142	0.00831	0.00275	0.00632	0.00951	0.00823	0.01259
14	0.02258	0.64984	0.04052	0.01460	0.02126	0.09882	0.01407	0.02513	0.01716	0.01917	0.01141	0.01318	0.01042	0.00709	0.00542	0.00177	0.00929	0.00443	0.00354	0.01031
15	0.02217	0.68227	0.04145	0.01427	0.02106	0.06785	0.01398	0.02474	0.01685	0.01913	0.01135	0.01311	0.01042	0.00702	0.00532	0.00176	0.00900	0.00439	0.00351	0.01036
16	0.02557	0.01490	0.02014	0.01951	0.10770	0.01447	0.03367	0.08082	0.11130	0.29040	0.06895	0.05700	0.09542	0.01174	0.00851	0.00259	0.00704	0.01003	0.00819	0.01208
17	0.02169	0.71972	0.04252	0.01388	0.02083	0.03211	0.01388	0.02430	0.01649	0.01909	0.01128	0.01302	0.01041	0.00694	0.00521	0.00174	0.00868	0.00434	0.00347	0.01041
18	0.01642	0.01303	0.01554	0.01199	0.01791	0.01008	0.00933	0.01960	0.01687	0.05429	0.02083	0.14571	0.02010	0.00979	0.00691	0.00165	0.00581	0.00834	0.00555	0.59023
19	0.01274	0.00976	0.01385	0.01336	0.01453	0.01174	0.01037	0.01531	0.01318	0.01960	0.02094	0.03162	0.01980	0.10566	0.48405	0.01040	0.11135	0.00865	0.06580	0.00730
20	0.01180	0.00787	0.00885	0.00885	0.00885	0.00787	0.00492	0.01180	0.01180	0.01573	0.02557	0.05310	0.02950	0.71483	0.04130	0.00787	0.00787	0.01180	0.00492	0.00492
21	0.00989	0.00706	0.00942	0.01130	0.01177	0.00659	0.00753	0.01130	0.01554	0.02071	0.04472	0.70954	0.05367	0.02542	0.01036	0.00330	0.00471	0.02307	0.00753	0.00659
22	0.01171	0.00821	0.01058	0.01058	0.01118	0.00881	0.00708	0.01291	0.01231	0.01702	0.02398	0.04432	0.02569	0.44426	0.30666	0.01001	0.01360	0.01051	0.00468	0.00588
23	0.02906	0.03230	0.02331	0.02127	0.05276	0.44505	0.01577	0.16900	0.08339	0.02847	0.01609	0.01739	0.01262	0.00886	0.00761	0.00224	0.01238	0.00614	0.00543	0.01086
24	0.00989	0.00706	0.00942	0.01130	0.01177	0.00659	0.00753	0.01130	0.01554	0.02071	0.04472	0.70954	0.05367	0.02542	0.01036	0.00330	0.00471	0.02307	0.00753	0.00659
25	0.02404	0.01535	0.01776	0.01449	0.01925	0.01573	0.01156	0.21891	0.10635	0.17117	0.17622	0.03562	0.05616	0.03962	0.00977	0.00270	0.00666	0.00990	0.00846	0.04029
26	0.00966	0.00822	0.00832	0.00830	0.01101	0.00688	0.00622	0.01179	0.01867	0.02234	0.10497	0.07740	0.63790	0.02039	0.00959	0.00273	0.00410	0.01703	0.00759	0.00688
27	0.03085	0.02273	0.02435	0.01867	0.02516	0.02516	0.01542	0.63716	0.03815	0.05114	0.01948	0.01948	0.01380	0.00974	0.00812	0.00244	0.00893	0.00731	0.00812	0.01380
28	0.01627	0.04197	0.67279	0.02313	0.03512	0.01884	0.02998	0.02570	0.01713	0.02570	0.01456	0.01713	0.01028	0.00771	0.00771	0.00257	0.01199	0.00600	0.00343	0.01199
29	0.01627	0.04197	0.67279	0.02313	0.03512	0.01884	0.02998	0.02570	0.01713	0.02570	0.01456	0.01713	0.01028	0.00771	0.00771	0.00257	0.01199	0.00600	0.00343	0.01199
30	0.02169	0.71972	0.04252	0.01388	0.02083	0.03211	0.01388	0.02430	0.01649	0.01909	0.01128	0.01302	0.01041	0.00694	0.00521	0.00174	0.00868	0.00434	0.00347	0.01041
31	0.01180	0.00787	0.00885	0.00885	0.00885	0.00787	0.00492	0.01180	0.01180	0.01573	0.02557	0.05310	0.02950	0.71483	0.04130	0.00787	0.00787	0.01180	0.00492	0.00492
32	0.01915	0.02189	0.04788	0.03420	0.04241	0.02052	0.63475	0.02599	0.01915	0.02599	0.01642	0.02189	0.01231	0.00684	0.00958	0.00274	0.01368	0.00958	0.00410	0.01094
33	0.03085	0.02273	0.02435	0.01867	0.02516	0.02516	0.01542	0.63716	0.03815	0.05114	0.01948	0.01948	0.01380	0.00974	0.00812	0.00244	0.00893	0.00731	0.00812	0.01380
34	0.00989	0.00706	0.00942	0.01130	0.01177	0.00659	0.00753	0.01130	0.01554	0.02071	0.04472	0.70954	0.05367	0.02542	0.01036	0.00330	0.00471	0.02307	0.00753	0.00659
35	0.02008	0.01928	0.03294	0.04981	0.66422	0.01928	0.02490	0.02490	0.01848	0.02651	0.01526	0.02008	0.01285	0.00723	0.00803	0.00241	0.00964	0.00723	0.00402	0.01285
36	0.01285	0.00860	0.01129	0.01044	0.01259	0.00789	0.00789	0.01664	0.02298	0.06758	0.62541	0.05880	0.07346	0.01623	0.00949	0.00255	0.00400	0.01432	0.00899	0.00799
37	0.01915	0.02189	0.04788	0.03420	0.04241	0.02052	0.63475	0.02599	0.01915	0.02599	0.01642	0.02189	0.01231	0.00684	0.00958	0.00274	0.01368	0.00958	0.00410	0.01094
38	0.01915	0.02189	0.04788	0.03420	0.04241	0.02052	0.63475	0.02599	0.01915	0.02599	0.01642	0.02189	0.01231	0.00684	0.00958	0.00274	0.01368	0.00958	0.00410	0.01094
39	0.63573	0.01699	0.01421	0.01214	0.01744	0.01948	0.01001	0.13671	0.01829	0.03912	0.01280	0.01434	0.00971	0.00794	0.00559	0.00250	0.00676	0.00493	0.00559	0.00971
40	0.00989	0.00706	0.00942	0.01130	0.01177	0.00659	0.00753	0.01130	0.01554	0.02071	0.04472	0.70954	0.05367	0.02542	0.01036	0.00330	0.00471	0.02307	0.00753	0.00659
41	0.01015	0.00725	0.00971	0.01160	0.01218	0.00681	0.00798	0.01175	0.01579	0.02100	0.04458	0.65922	0.05310	0.02518	0.01043	0.00333	0.00493	0.07082	0.00753	0.00666
42	0.01045	0.00822	0.00921	0.00898	0.01120	0.00722	0.00660	0.01297	0.01955	0.02521	0.28416	0.06981	0.40057	0.07566	0.01216	0.00309	0.00432	0.01582	0.00782	0.00698
43	0.02089	0.61971	0.13552	0.01525	0.02294	0.03015	0.01626	0.02450	0.01658	0.02007	0.01176	0.01362	0.01039	0.00706	0.00558	0.00186	0.00917	0.00458	0.00346	0.01065
44	0.01180	0.00787	0.00885	0.00885	0.00885	0.00787	0.00492	0.01180	0.01180	0.01573	0.02557	0.05310	0.02950	0.71483	0.04130	0.00787	0.00787	0.01180	0.00492	0.00492
45	0.09373	0.01642	0.01898	0.01538	0.02110	0.01694	0.01248	0.13382	0.20515	0.33466	0.02855	0.02586	0.01947	0.01006	0.00791	0.00257	0.00703	0.00799	0.00879	0.01310
46	0.03134	0.02070	0.02295	0.01773	0.02408	0.02232	0.01460	0.48838	0.06887	0.17041	0.02266	0.02166	0.01562	0.00987	0.00813	0.00247	0.00840	0.00757	0.00850	0.01375
47	0.01180	0.00787	0.00885	0.00885	0.00885	0.00787	0.00492	0.01180	0.01180	0.01573	0.02557	0.05310	0.02950	0.71483	0.04130	0.00787	0.00787	0.01180	0.00492	0.00492
48	0.01683	0.01442	0.01683	0.01202	0.01923	0.01082	0.00961	0.02043	0.01683	0.02644	0.01442	0.01683	0.01202	0.00601	0.00601	0.00120	0.00601	0.00481	0.00481	0.76444
49	0.01886	0.02395	0.11200	0.03306	0.04166	0.02035	0.57269	0.02596	0.01894	0.02596	0.01623	0.02140	0.01210	0.00693	0.00938	0.00272	0.01351	0.00921	0.00403	0.01105
50	0.01917	0.01807	0.03056	0.07194	0.57356	0.01821	0.02359	0.02391	0.01841	0.02605	0.01807	0.02748	0.01624	0.00882	0.00836	0.00256	0.00946	0.06904	0.00435	0.01215
51	0.01142	0.00781	0.00886	0.00905	0.00932	0.00765	0.00529	0.01174	0.01273	0.01675	0.03214	0.12249	0.08339	0.58757	0.03554	0.00698	0.00724	0.01339	0.00540	0.00525
52	0.01068	0.00917	0.00926	0.00907	0.01200	0.00822	0.00685	0.01487	0.08325	0.02315	0.07715	0.07318	0.59565	0.01957	0.00945	0.00274	0.00435	0.01631	0.00761	0.00746
53	0.02041	0.51969	0.16250	0.01772	0.02575	0.02840	0.08064	0.02474	0.01688	0.02105	0.01243	0.01471	0.01058	0.00708	0.00613	0.00200	0.00982	0.00519	0.00353	0.01077
54	0.00989	0.00706	0.00942	0.01130	0.01177	0.00659	0.00753	0.01130	0.01554	0.02071	0.04472	0.70954	0.05367	0.02542	0.01036	0.00330	0.00471	0.02307	0.00753	0.00659
55	0.00989	0.00706	0.00942	0.01130	0.01177	0.00659	0.00753	0.01130	0.01554	0.02071	0.04472	0.70954	0.05367	0.02542	0.01036	0.00330	0.00471	0.02307	0.00753	0.00659
56	0.02555	0.08377	0.10006	0.09174	0.05606	0.42992	0.05112	0.02921	0.02078	0.02115	0.01319	0.01613	0.01066	0.00803	0.00744	0.00223	0.01326	0.00577	0.00397	0.00995
57	0.01325	0.01245	0.02338	0.01962	0.02290	0.01165	0.23533	0.01663	0.01685	0.02263	0.03444	0.45979	0.03865	0.01867	0.01007	0.00309	0.00797	0.01817	0.00629	0.00817
58	0.01513	0.00756	0.00756	0.00756	0.00945	0.00756	0.00567	0.01891	0.01702	0.03025	0.02647	0.03025	0.02080	0.00945	0.00567	0.00189	0.00378	0.00756	0.75988	0.00756
59	0.01497	0.01368	0.01630	0.01412	0.01739	0.06585	0.07335	0.06177	0.01902	0.02427	0.04732	0.04853	0.30675	0.02292	0.12177	0.00436	0.04614	0.01204	0.06125	0.00821
60	0.02924	0.02082	0.05119	0.01742	0.02365	0.02124	0.01476	0.44522	0.05756	0.14425	0.02299	0.04783	0.01685	0.01034	0.00810	0.00248	0.00829	0.00807	0.03654	0.01317
61	0.01627	0.04197	0.67279	0.02313	0.03512	0.01884	0.02998	0.02570	0.01713	0.02570	0.01456	0.01713	0.01028	0.00771	0.00771	0.00257	0.01199	0.00600	0.00343	0.01199
62	0.01911	0.02247	0.07145	0.03503	0.09274	0.02035	0.56111	0.02589	0.01902	0.02602	0.01625	0.02155	0.01228	0.00691	0.00938	0.00270	0.01328	0.00924	0.00407	0.01114
63	0.02067	0.30013	0.21259	0.07498	0.05120	0.09238	0.04496	0.04811	0.04196	0.02339	0.01403	0.01651	0.01123	0.00765	0.00685	0.00221	0.01055	0.00572	0.00393	0.01095
64	0.02365	0.01811	0.02449	0.07856	0.24097	0.01916	0.01755	0.25418	0.02604	0.07019	0.05427	0.02365	0.01776	0.00913	0.00792	0.00240	0.00840	0.00775	0.08367	0.01214
65	0.02100	0.44349	0.23103	0.01717	0.02559	0.02739	0.01890	0.08760	0.01890	0.02437	0.01311	0.01492	0.01072	0.00746	0.00626	0.00206	0.00970	0.00514	0.00393	0.01124
66	0.02543	0.02549	0.02150	0.01847	0.02197	0.27183	0.01454	0.18528	0.02365	0.02899	0.01599	0.01965	0.01320	0.03431	0.01259	0.00266	0.15661	0.00666	0.09109	0.01008
67	0.01683	0.01442	0.01683	0.01202	0.01923	0.01082	0.00961	0.02043	0.01683	0.02644	0.01442	0.01683	0.01202	0.00601	0.00601	0.00120	0.00601	0.00481	0.00481	0.76444
68	0.01550	0.01406	0.02331	0.61374	0.07623	0.01723	0.02126	0.02075	0.01638	0.02174	0.01544	0.02227	0.01171	0.00819	0.00791	0.00263	0.01020	0.00724	0.06519	0.00905
69	0.01178	0.00793	0.00919	0.00919	0.00931	0.00805	0.00534	0.01202	0.01190	0.01599	0.02525	0.05137	0.02875	0.66159	0.09352	0.00829	0.00900	0.01155	0.00487	0.00511
70	0.01261	0.00991	0.01464	0.01420	0.01602	0.00958	0.07254	0.06392	0.01805	0.02421	0.06485	0.55634	0.04711	0.02188	0.01006	0.00314	0.00594	0.02006	0.00729	0.00767
71	0.00989	0.00706	0.00942	0.01130	0.01177	0.00659	0.00753	0.01130	0.01554	0.02071	0.04472	0.70954	0.05367	0.02542	0.01036	0.00330	0.00471	0.02307	0.00753	0.00659
72	0.01775	0.01902	0.03644	0.02765	0.03240	0.02050	0.36963	0.02238	0.01659	0.02335	0.01744	0.09110	0.01602	0.01114	0.01520	0.00306	0.23607	0.01015	0.00428	0.00982
73	0.00987	0.00711	0.00936	0.01116	0.01173	0.00660	0.00747	0.01131	0.01567	0.02077	0.04637	0.68185	0.08029	0.02521	0.01032	0.00327	0.00468	0.02281	0.00753	0.00660
74	0.02406	0.01796	0.01923	0.01575	0.02074	0.01968	0.01266	0.36695	0.14943	0.04170	0.05744	0.05221	0.07337	0.01167	0.00818	0.00250	0.00721	0.00934	0.07797	0.01196
75	0.02184	0.01404	0.01473	0.01231	0.01616	0.01508	0.00984	0.28290	0.02604	0.03917	0.02349	0.02565	0.01781	0.00958	0.00672	0.00212	0.00598	0.00745	0.43888	0.01023
76	0.02078	0.09165	0.03473	0.02355	0.03089	0.02026	0.29286	0.12018	0.06655	0.02984	0.01711	0.02009	0.01318	0.00741	0.00802	0.00225	0.01022	0.00761	0.00511	0.17770

[dist]
# distance from previous block
# <min> <max>
2	4

[block]
# block no. 3 follows, 23 sequences, length 377
# corresponding to MSA columns:
# 173-549
name=unknown_D
#
# <colnr> <probs for GDERKNQSTAVLIFYWHMCP>
#	G	D	E	R	K	N	Q	S	T	A	V	L	I	F	Y	W	H	M	C	P
0	0.01473	0.01016	0.01256	0.01228	0.01438	0.01008	0.00907	0.08952	0.04669	0.05914	0.22146	0.32441	0.05172	0.04536	0.01087	0.00311	0.00536	0.04272	0.00806	0.00833
1	0.01587	0.23426	0.04612	0.01321	0.01704	0.06084	0.01109	0.01830	0.01683	0.02135	0.05527	0.33000	0.03297	0.01575	0.00803	0.00248	0.00696	0.01341	0.00571	0.07451
2	0.01847	0.14147	0.30136	0.02086	0.02728	0.06066	0.02218	0.02363	0.01566	0.02208	0.01251	0.01656	0.01044	0.00997	0.01411	0.00276	0.25991	0.00609	0.00352	0.01047
3	0.52274	0.01806	0.01611	0.01336	0.01888	0.02054	0.01102	0.23020	0.02200	0.04136	0.01405	0.01530	0.01047	0.00828	0.00606	0.00249	0.00717	0.00537	0.00606	0.01047
4	0.01759	0.01394	0.01655	0.01270	0.01807	0.01241	0.01014	0.04490	0.01730	0.05009	0.01884	0.02233	0.03620	0.03622	0.00996	0.00195	0.08309	0.00626	0.08088	0.49058
5	0.03516	0.01391	0.01871	0.01442	0.02052	0.01225	0.01188	0.06095	0.02377	0.62017	0.05762	0.02868	0.02220	0.01030	0.00822	0.00251	0.00685	0.00840	0.00992	0.01355
6	0.02847	0.02910	0.02574	0.02116	0.02661	0.32569	0.08852	0.20770	0.08413	0.05791	0.01769	0.01886	0.01335	0.00889	0.00794	0.00234	0.01180	0.00682	0.00592	0.01135
7	0.01046	0.00730	0.00925	0.01056	0.01089	0.00697	0.00675	0.01145	0.01441	0.01922	0.03896	0.51206	0.04640	0.23282	0.01967	0.00467	0.00566	0.01968	0.00675	0.00609
8	0.02805	0.02828	0.02171	0.01846	0.02337	0.32658	0.01441	0.26625	0.05341	0.03311	0.02170	0.02238	0.06076	0.00994	0.00778	0.00229	0.01093	0.00715	0.03243	0.01100
9	0.01106	0.00824	0.01007	0.00963	0.01160	0.00748	0.00710	0.01418	0.02108	0.02876	0.47527	0.06423	0.21245	0.06913	0.01192	0.00299	0.00419	0.01505	0.00830	0.00726
10	0.01153	0.00841	0.01091	0.01061	0.01259	0.00779	0.00818	0.01520	0.02211	0.03073	0.54179	0.06564	0.11860	0.01759	0.00977	0.00271	0.00428	0.08533	0.00865	0.00757
11	0.01649	0.04049	0.62661	0.02395	0.03566	0.01897	0.07467	0.02572	0.01728	0.02572	0.01470	0.01748	0.01043	0.00764	0.00785	0.00258	0.01212	0.00626	0.00348	0.01191
12	0.02066	0.01738	0.01831	0.01616	0.02083	0.01979	0.01266	0.11115	0.53050	0.03509	0.03506	0.03253	0.07048	0.01156	0.00834	0.00271	0.00655	0.00954	0.00819	0.01251
13	0.03037	0.03678	0.02316	0.02064	0.02509	0.60443	0.01565	0.10403	0.02479	0.02356	0.01336	0.01521	0.01085	0.00852	0.00741	0.00213	0.01396	0.00547	0.00465	0.00993
14	0.03335	0.01698	0.06772	0.01547	0.02224	0.01395	0.01357	0.10842	0.02424	0.51903	0.02842	0.02538	0.01824	0.00965	0.00802	0.00245	0.00748	0.00774	0.00908	0.04858
15	0.01178	0.00793	0.00916	0.00916	0.00927	0.00803	0.00530	0.01200	0.01189	0.01596	0.02528	0.05153	0.02882	0.66650	0.08870	0.00825	0.00889	0.01157	0.00487	0.00509
16	0.01973	0.01892	0.03230	0.09751	0.61926	0.01919	0.02473	0.02459	0.01831	0.02608	0.01520	0.02020	0.01270	0.00730	0.00804	0.00243	0.00973	0.00723	0.00399	0.01257
17	0.01786	0.01806	0.02656	0.02226	0.02286	0.02453	0.06335	0.02001	0.01292	0.02001	0.01108	0.01806	0.01077	0.01366	0.02537	0.00349	0.64926	0.00728	0.00359	0.00903
18	0.01001	0.00718	0.00968	0.01143	0.01197	0.00685	0.00773	0.01153	0.01535	0.02057	0.04302	0.65946	0.05120	0.02804	0.06004	0.00402	0.00597	0.02201	0.00730	0.00664
19	0.02583	0.02958	0.02094	0.01874	0.02328	0.40517	0.01426	0.03520	0.23780	0.02518	0.01972	0.02017	0.01549	0.00910	0.00754	0.00225	0.01117	0.00655	0.00563	0.06639
20	0.01734	0.01745	0.02644	0.02209	0.02310	0.02299	0.09008	0.01969	0.01345	0.02038	0.01385	0.06937	0.01403	0.01416	0.02341	0.00344	0.56731	0.00857	0.00391	0.00895
21	0.00989	0.00706	0.00942	0.01130	0.01177	0.00659	0.00753	0.01130	0.01554	0.02071	0.04472	0.70954	0.05367	0.02542	0.01036	0.00330	0.00471	0.02307	0.00753	0.00659
22	0.02737	0.01949	0.02080	0.01634	0.02178	0.02141	0.01331	0.50458	0.03345	0.04617	0.02095	0.02258	0.01560	0.03404	0.00882	0.00252	0.00797	0.00751	0.14296	0.01237
23	0.00989	0.00706	0.00942	0.01130	0.01177	0.00659	0.00753	0.01130	0.01554	0.02071	0.04472	0.70954	0.05367	0.02542	0.01036	0.00330	0.00471	0.02307	0.00753	0.00659
24	0.01776	0.01733	0.03072	0.34754	0.30825	0.01885	0.09604	0.02310	0.01751	0.02377	0.01501	0.02102	0.01184	0.00759	0.00825	0.00259	0.01066	0.00750	0.00384	0.01085
25	0.00989	0.00706	0.00942	0.01130	0.01177	0.00659	0.00753	0.01130	0.01554	0.02071	0.04472	0.70954	0.05367	0.02542	0.01036	0.00330	0.00471	0.02307	0.00753	0.00659
26	0.01945	0.01092	0.01356	0.01229	0.01537	0.01035	0.00925	0.07410	0.04238	0.19812	0.13513	0.23471	0.10300	0.06860	0.01160	0.00316	0.00575	0.01456	0.00830	0.00941
27	0.01828	0.01919	0.03478	0.02598	0.03137	0.02013	0.32171	0.02289	0.01656	0.02400	0.01420	0.01963	0.01172	0.00905	0.01440	0.00272	0.23287	0.00791	0.00406	0.14855
28	0.65704	0.01540	0.01301	0.01126	0.01648	0.01722	0.00928	0.02631	0.01528	0.13551	0.01454	0.01544	0.01056	0.00793	0.00551	0.00251	0.00638	0.00498	0.00581	0.00957
29	0.02784	0.02124	0.02266	0.01806	0.02402	0.02376	0.01470	0.46997	0.21023	0.04630	0.02329	0.02252	0.01689	0.01010	0.00816	0.00252	0.00822	0.00783	0.00816	0.01353
30	0.02207	0.68988	0.04166	0.01419	0.02101	0.06059	0.01396	0.02465	0.01677	0.01912	0.01134	0.01309	0.01041	0.00700	0.00530	0.00175	0.00894	0.00438	0.00350	0.01037
31	0.01587	0.01411	0.02244	0.13879	0.29319	0.01458	0.01750	0.02083	0.04267	0.02686	0.19405	0.10646	0.03469	0.01203	0.00872	0.00261	0.00760	0.01104	0.00582	0.01014
32	0.01766	0.19048	0.45527	0.02085	0.03029	0.02252	0.02494	0.02465	0.01643	0.02349	0.01337	0.01629	0.01035	0.00831	0.00939	0.00250	0.09274	0.00576	0.00345	0.01127
33	0.01049	0.00812	0.00956	0.00948	0.01158	0.00719	0.00700	0.01328	0.02020	0.02664	0.34206	0.14279	0.32382	0.01930	0.00967	0.00272	0.00405	0.01669	0.00817	0.00719
34	0.02008	0.01928	0.03294	0.04981	0.66422	0.01928	0.02490	0.02490	0.01848	0.02651	0.01526	0.02008	0.01285	0.00723	0.00803	0.00241	0.00964	0.00723	0.00402	0.01285
35	0.02016	0.31915	0.13910	0.03035	0.29170	0.02464	0.02105	0.02477	0.01742	0.02324	0.01347	0.01662	0.01141	0.00718	0.00679	0.00215	0.00961	0.00581	0.00369	0.01168
36	0.01160	0.00866	0.01285	0.01285	0.01423	0.01004	0.00990	0.01436	0.01298	0.01869	0.02191	0.03286	0.02071	0.09127	0.65285	0.01280	0.02109	0.00884	0.00437	0.00714
37	0.00989	0.00706	0.00942	0.01130	0.01177	0.00659	0.00753	0.01130	0.01554	0.02071	0.04472	0.70954	0.05367	0.02542	0.01036	0.00330	0.00471	0.02307	0.00753	0.00659
38	0.03641	0.01381	0.01883	0.01444	0.02071	0.01193	0.01193	0.03954	0.02322	0.66984	0.03201	0.02762	0.02009	0.01004	0.00816	0.00251	0.00690	0.00816	0.01004	0.01381
39	0.02426	0.06610	0.01882	0.01405	0.01873	0.01525	0.01139	0.13172	0.10236	0.23252	0.20555	0.06310	0.03616	0.01236	0.00843	0.00251	0.00636	0.01031	0.00859	0.01141
40	0.01513	0.00780	0.00814	0.03112	0.01104	0.00792	0.00625	0.01897	0.01699	0.02993	0.02606	0.02996	0.02046	0.00941	0.00576	0.00192	0.00402	0.00755	0.73398	0.00761
41	0.01012	0.00723	0.00969	0.01157	0.01214	0.00679	0.00794	0.01171	0.01577	0.02098	0.04459	0.66387	0.05315	0.02520	0.01042	0.00333	0.00491	0.06641	0.00753	0.00666
42	0.03278	0.01962	0.02243	0.01720	0.02361	0.02055	0.01421	0.42908	0.03295	0.26655	0.02384	0.02231	0.01599	0.00985	0.00813	0.00246	0.00822	0.00760	0.00879	0.01380
43	0.02737	0.02130	0.02285	0.05019	0.02530	0.07069	0.03761	0.40609	0.09312	0.06424	0.02100	0.02162	0.01528	0.00956	0.00791	0.00242	0.00884	0.00747	0.07465	0.01249
44	0.01054	0.00755	0.01010	0.01156	0.01244	0.00711	0.00823	0.01265	0.01717	0.02314	0.14831	0.52471	0.05668	0.02356	0.01033	0.00322	0.00490	0.09315	0.00776	0.00688
45	0.02008	0.01928	0.03294	0.04981	0.66422	0.01928	0.02490	0.02490	0.01848	0.02651	0.01526	0.02008	0.01285	0.00723	0.00803	0.00241	0.00964	0.00723	0.00402	0.01285
46	0.02558	0.02653	0.30322	0.01891	0.02753	0.01580	0.03929	0.05326	0.04260	0.30625	0.04386	0.02377	0.01736	0.00917	0.00806	0.00255	0.00928	0.00748	0.00682	0.01270
47	0.01692	0.12225	0.59814	0.02203	0.03343	0.02042	0.02807	0.02553	0.01706	0.02491	0.01417	0.01664	0.01029	0.00762	0.00741	0.00247	0.01160	0.00580	0.00343	0.01180
48	0.02008	0.01928	0.03294	0.04981	0.66422	0.01928	0.02490	0.02490	0.01848	0.02651	0.01526	0.02008	0.01285	0.00723	0.00803	0.00241	0.00964	0.00723	0.00402	0.01285
49	0.01834	0.02704	0.21227	0.03078	0.03968	0.02024	0.45136	0.02567	0.01836	0.02567	0.01571	0.02047	0.01171	0.00735	0.00973	0.00272	0.03932	0.00854	0.00390	0.01114
50	0.02456	0.01541	0.05451	0.01876	0.02433	0.01299	0.16145	0.02853	0.02027	0.31835	0.05408	0.17600	0.02724	0.01277	0.00901	0.00274	0.00818	0.01190	0.00771	0.01122
51	0.00993	0.00715	0.00942	0.01114	0.01175	0.00664	0.00748	0.01146	0.01593	0.02120	0.06880	0.66063	0.07863	0.02490	0.01030	0.00325	0.00465	0.02252	0.00758	0.00664
52	0.01769	0.18260	0.45347	0.04427	0.03352	0.02180	0.08883	0.02527	0.01717	0.02417	0.01405	0.01690	0.01053	0.00747	0.00738	0.00241	0.01143	0.00605	0.00351	0.01145
53	0.01681	0.01543	0.02884	0.05307	0.05082	0.01487	0.27632	0.04380	0.01988	0.04918	0.12150	0.12607	0.03262	0.01326	0.00969	0.00290	0.00946	0.09983	0.00609	0.00957
54	0.01966	0.01913	0.03031	0.16242	0.49905	0.04664	0.02354	0.02532	0.04761	0.02555	0.01583	0.02061	0.01294	0.00761	0.00803	0.00247	0.00991	0.00723	0.00415	0.01202
55	0.00995	0.00709	0.00940	0.01121	0.01167	0.00663	0.00744	0.01132	0.01541	0.02054	0.04406	0.68687	0.05283	0.04923	0.01143	0.00345	0.00482	0.02268	0.00744	0.00653
56	0.04418	0.01918	0.03354	0.08932	0.47948	0.01939	0.12136	0.02538	0.04005	0.02661	0.01587	0.02060	0.01290	0.00737	0.00819	0.00250	0.01015	0.00758	0.00418	0.01215
57	0.01891	0.01888	0.05638	0.18131	0.38496	0.01916	0.02235	0.02746	0.13645	0.02663	0.01839	0.02220	0.01454	0.00815	0.00808	0.00254	0.00939	0.00754	0.00470	0.01199
58	0.02018	0.01743	0.01835	0.01651	0.02110	0.02018	0.01284	0.04312	0.64956	0.03394	0.03303	0.03027	0.02477	0.01101	0.00826	0.00275	0.00642	0.00917	0.00826	0.01284
59	0.01627	0.04197	0.67279	0.02313	0.03512	0.01884	0.02998	0.02570	0.01713	0.02570	0.01456	0.01713	0.01028	0.00771	0.00771	0.00257	0.01199	0.00600	0.00343	0.01199
60	0.05428	0.39762	0.31018	0.01768	0.02669	0.02580	0.02052	0.02487	0.01664	0.02272	0.01268	0.01478	0.01028	0.00730	0.00627	0.00213	0.00998	0.00505	0.00352	0.01101
61	0.02205	0.69143	0.04171	0.01418	0.02100	0.05911	0.01396	0.02463	0.01676	0.01912	0.01133	0.01308	0.01041	0.00700	0.00529	0.00175	0.00892	0.00438	0.00350	0.01037
62	0.00989	0.00706	0.00942	0.01130	0.01177	0.00659	0.00753	0.01130	0.01554	0.02071	0.04472	0.70954	0.05367	0.02542	0.01036	0.00330	0.00471	0.02307	0.00753	0.00659
63	0.02721	0.02148	0.02227	0.01801	0.02378	0.04635	0.01456	0.41435	0.24527	0.04421	0.02384	0.02298	0.01741	0.01012	0.00814	0.00253	0.00828	0.00787	0.00803	0.01332
64	0.01605	0.01516	0.02565	0.59676	0.14877	0.01822	0.02290	0.02137	0.01657	0.02161	0.01455	0.02140	0.01113	0.00798	0.00810	0.00266	0.01064	0.00721	0.00367	0.00960
65	0.01870	0.02100	0.04509	0.11251	0.04400	0.02022	0.56223	0.02537	0.01881	0.02537	0.01618	0.02186	0.01213	0.00699	0.00940	0.00273	0.01334	0.00930	0.00404	0.01072
66	0.00989	0.00706	0.00942	0.01130	0.01177	0.00659	0.00753	0.01130	0.01554	0.02071	0.04472	0.70954	0.05367	0.02542	0.01036	0.00330	0.00471	0.02307	0.00753	0.00659
67	0.02855	0.02446	0.02364	0.01904	0.02413	0.14117	0.01538	0.43524	0.03151	0.04063	0.01741	0.01957	0.01337	0.03417	0.01130	0.00269	0.09176	0.00707	0.00677	0.01213
68	0.01399	0.01215	0.01376	0.01352	0.01524	0.08952	0.01034	0.01670	0.01435	0.01936	0.02105	0.03074	0.01957	0.08261	0.54071	0.01097	0.01940	0.00837	0.04023	0.00741
69	0.03035	0.01516	0.01865	0.01521	0.02086	0.01501	0.01227	0.04088	0.25688	0.43262	0.03239	0.02861	0.02183	0.01040	0.00820	0.00260	0.00672	0.00854	0.00938	0.01345
70	0.01881	0.02427	0.12190	0.03289	0.04154	0.02032	0.56311	0.02596	0.01891	0.02596	0.01620	0.02132	0.01207	0.00694	0.00935	0.00272	0.01348	0.00915	0.00402	0.01107
71	0.01915	0.02189	0.04788	0.03420	0.04241	0.02052	0.63475	0.02599	0.01915	0.02599	0.01642	0.02189	0.01231	0.00684	0.00958	0.00274	0.01368	0.00958	0.00410	0.01094
72	0.02210	0.01700	0.01840	0.01627	0.02105	0.01920	0.01273	0.04269	0.57537	0.10926	0.03291	0.02996	0.02421	0.01089	0.00825	0.00272	0.00648	0.00905	0.00847	0.01296
73	0.00989	0.00706	0.00942	0.01130	0.01177	0.00659	0.00753	0.01130	0.01554	0.02071	0.04472	0.70954	0.05367	0.02542	0.01036	0.00330	0.00471	0.02307	0.00753	0.00659
74	0.02933	0.01992	0.02176	0.01702	0.02294	0.02165	0.01395	0.46593	0.08102	0.12250	0.02263	0.02222	0.01600	0.00985	0.00792	0.00242	0.00804	0.00757	0.07412	0.01318
75	0.01650	0.06968	0.64702	0.02275	0.03453	0.01939	0.02932	0.02564	0.01711	0.02543	0.01443	0.01696	0.01028	0.00768	0.00761	0.00254	0.01186	0.00593	0.00343	0.01193
76	0.02008	0.01928	0.03294	0.04981	0.66422	0.01928	0.02490	0.02490	0.01848	0.02651	0.01526	0.02008	0.01285	0.00723	0.00803	0.00241	0.00964	0.00723	0.00402	0.01285
77	0.02640	0.02052	0.02185	0.01777	0.02347	0.02309	0.01435	0.38968	0.29287	0.04397	0.02512	0.02398	0.01837	0.01027	0.00818	0.00257	0.00788	0.00808	0.00818	0.01340
78	0.01791	0.01683	0.02727	0.34174	0.30921	0.01881	0.02239	0.02515	0.09219	0.02474	0.01698	0.02200	0.01333	0.00808	0.00810	0.00259	0.00980	0.00745	0.00433	0.01109
79	0.01627	0.04197	0.67279	0.02313	0.03512	0.01884	0.02998	0.02570	0.01713	0.02570	0.01456	0.01713	0.01028	0.00771	0.00771	0.00257	0.01199	0.00600	0.00343	0.01199
80	0.01026	0.00733	0.00985	0.01173	0.01237	0.00692	0.00819	0.01195	0.01591	0.02114	0.04451	0.63634	0.05284	0.02507	0.01046	0.00335	0.00504	0.09254	0.00753	0.00670
81	0.01993	0.49929	0.24751	0.01689	0.02547	0.02779	0.01912	0.02475	0.01670	0.02124	0.01235	0.01435	0.01037	0.00719	0.00602	0.00201	0.00976	0.00488	0.00346	0.01093
82	0.01925	0.01834	0.03075	0.16123	0.52784	0.01910	0.02393	0.02502	0.04743	0.02584	0.01594	0.02083	0.01305	0.00756	0.00806	0.00248	0.00970	0.00732	0.00414	0.01218
83	0.00987	0.00713	0.00935	0.01112	0.01172	0.00661	0.00745	0.01132	0.01570	0.02078	0.04684	0.67382	0.08802	0.02515	0.01031	0.00326	0.00467	0.02273	0.00753	0.00661
84	0.01532	0.01442	0.02434	0.69533	0.05589	0.01803	0.02253	0.02073	0.01622	0.02073	0.01442	0.02163	0.01082	0.00811	0.00811	0.00270	0.01082	0.00721	0.00361	0.00901
85	0.05763	0.02184	0.02329	0.01808	0.02427	0.02416	0.01486	0.58928	0.03634	0.04937	0.02019	0.04684	0.01521	0.01029	0.00809	0.00247	0.00866	0.00783	0.00798	0.01332
86	0.01627	0.04197	0.67279	0.02313	0.03512	0.01884	0.02998	0.02570	0.01713	0.02570	0.01456	0.01713	0.01028	0.00771	0.00771	0.00257	0.01199	0.00600	0.00343	0.01199
87	0.01409	0.00705	0.01057	0.01057	0.01057	0.00705	0.00705	0.01057	0.01057	0.01409	0.01409	0.02467	0.01409	0.02819	0.03171	0.76392	0.00705	0.00705	0.00352	0.00352
88	0.02018	0.01743	0.01835	0.01651	0.02110	0.02018	0.01284	0.04312	0.64956	0.03394	0.03303	0.03027	0.02477	0.01101	0.00826	0.00275	0.00642	0.00917	0.00826	0.01284
89	0.02682	0.02188	0.02163	0.01770	0.02271	0.10193	0.01417	0.42080	0.05511	0.04109	0.02203	0.10134	0.01865	0.01165	0.00895	0.00253	0.03648	0.00899	0.03357	0.01196
90	0.01914	0.02162	0.04637	0.03440	0.06886	0.02063	0.58504	0.02570	0.01887	0.02577	0.01615	0.02165	0.01227	0.00713	0.01014	0.00275	0.03908	0.00938	0.00408	0.01095
91	0.02395	0.01930	0.02047	0.01728	0.02254	0.02194	0.01376	0.25308	0.43346	0.04002	0.02824	0.02646	0.02089	0.01056	0.00821	0.00264	0.00731	0.00851	0.00821	0.01318
92	0.02882	0.02106	0.02272	0.01796	0.02402	0.02332	0.01466	0.47279	0.17169	0.08236	0.02317	0.02231	0.01657	0.01004	0.00815	0.00251	0.00826	0.00776	0.00826	0.01359
93	0.05599	0.01971	0.02196	0.01714	0.02301	0.02140	0.01411	0.42641	0.05353	0.17017	0.02206	0.02161	0.01540	0.00994	0.00869	0.00249	0.03684	0.00744	0.03894	0.01314
94	0.01001	0.00715	0.00956	0.01144	0.01197	0.00670	0.00775	0.01152	0.01566	0.02086	0.04465	0.68482	0.05339	0.02530	0.01039	0.00331	0.00482	0.04652	0.00753	0.00663
95	0.03024	0.02243	0.02401	0.01855	0.02493	0.02488	0.01528	0.60356	0.07273	0.05017	0.02025	0.02009	0.01442	0.00981	0.00813	0.00245	0.00879	0.00741	0.00813	0.01375
96	0.03079	0.02427	0.02422	0.01889	0.02516	0.08861	0.01545	0.57877	0.03669	0.04812	0.01881	0.01901	0.01348	0.00961	0.00804	0.00240	0.00948	0.00710	0.00774	0.01338
97	0.01637	0.01563	0.02724	0.52971	0.07968	0.01822	0.10170	0.04252	0.01744	0.02274	0.01605	0.04767	0.01284	0.00862	0.00839	0.00271	0.01084	0.00813	0.00399	0.00952
98	0.01726	0.01703	0.02391	0.02064	0.02076	0.02368	0.01715	0.01913	0.01248	0.01947	0.01154	0.01888	0.01142	0.01793	0.07899	0.00431	0.64585	0.00723	0.00361	0.00875
99	0.02798	0.01908	0.02120	0.01712	0.02277	0.02070	0.01393	0.36689	0.16678	0.14387	0.02622	0.05116	0.01988	0.01111	0.00835	0.00260	0.00785	0.03101	0.00841	0.01309
100	0.01876	0.10569	0.10251	0.02972	0.03776	0.02109	0.47683	0.02508	0.01848	0.02490	0.01695	0.05238	0.01382	0.00780	0.00892	0.00263	0.01252	0.00926	0.00413	0.01077
101	0.01823	0.28657	0.44533	0.01979	0.02996	0.02363	0.02417	0.02519	0.01690	0.02331	0.01338	0.01565	0.01033	0.00743	0.00681	0.00227	0.01080	0.00540	0.00344	0.01142
102	0.00994	0.00711	0.00947	0.01126	0.01178	0.00663	0.00754	0.01145	0.01581	0.02115	0.06732	0.68571	0.05451	0.02510	0.01033	0.00327	0.00468	0.02276	0.00758	0.00663
103	0.01942	0.01915	0.03204	0.10468	0.03440	0.02042	0.27802	0.05167	0.26173	0.02899	0.02244	0.02484	0.01691	0.00898	0.00953	0.00276	0.03784	0.00897	0.00575	0.01146
104	0.02628	0.01566	0.01948	0.01601	0.02093	0.01589	0.03753	0.21715	0.08464	0.24164	0.03057	0.18406	0.02609	0.01349	0.00873	0.00270	0.00725	0.01152	0.00845	0.01192
105	0.01627	0.04197	0.67279	0.02313	0.03512	0.01884	0.02998	0.02570	0.01713	0.02570	0.01456	0.01713	0.01028	0.00771	0.00771	0.00257	0.01199	0.00600	0.00343	0.01199
106	0.01532	0.01442	0.02434	0.69533	0.05589	0.01803	0.02253	0.02073	0.01622	0.02073	0.01442	0.02163	0.01082	0.00811	0.00811	0.00270	0.01082	0.00721	0.00361	0.00901
107	0.01648	0.06773	0.64884	0.02278	0.03458	0.01935	0.02937	0.02564	0.01711	0.02545	0.01444	0.01697	0.01028	0.00768	0.00761	0.00254	0.01187	0.00593	0.00343	0.01193
108	0.01985	0.01934	0.03159	0.12532	0.57126	0.04081	0.02432	0.02465	0.01836	0.02561	0.01507	0.02009	0.01253	0.00737	0.00802	0.00243	0.00994	0.00716	0.00397	0.01229
109	0.03152	0.01385	0.01797	0.01438	0.02000	0.01273	0.01177	0.05623	0.08848	0.50624	0.05741	0.03359	0.05158	0.01133	0.00840	0.00259	0.00671	0.03276	0.00954	0.01293
110	0.01729	0.01031	0.01402	0.01327	0.01582	0.00975	0.03086	0.06577	0.01983	0.15193	0.10820	0.40553	0.04494	0.01947	0.00967	0.00299	0.00577	0.03762	0.00811	0.00886
111	0.01627	0.04197	0.67279	0.02313	0.03512	0.01884	0.02998	0.02570	0.01713	0.02570	0.01456	0.01713	0.01028	0.00771	0.00771	0.00257	0.01199	0.00600	0.00343	0.01199
112	0.01341	0.00967	0.01146	0.01180	0.01381	0.00959	0.00846	0.01913	0.13615	0.06043	0.07221	0.38563	0.15112	0.04425	0.01073	0.00318	0.00512	0.01786	0.00778	0.00821
113	0.01915	0.02189	0.04788	0.03420	0.04241	0.02052	0.63475	0.02599	0.01915	0.02599	0.01642	0.02189	0.01231	0.00684	0.00958	0.00274	0.01368	0.00958	0.00410	0.01094
114	0.04817	0.02393	0.09779	0.01820	0.02409	0.09675	0.01590	0.22586	0.25301	0.03633	0.02406	0.02642	0.01866	0.01045	0.00810	0.00260	0.00887	0.04156	0.00702	0.01222
115	0.01627	0.01539	0.02605	0.56683	0.17699	0.01828	0.02301	0.02156	0.01667	0.02188	0.01459	0.02132	0.01122	0.00794	0.00810	0.00265	0.01058	0.00721	0.00369	0.00978
116	0.01029	0.00728	0.00953	0.01100	0.01145	0.00700	0.00726	0.01156	0.01479	0.01980	0.04034	0.56543	0.04788	0.13852	0.05337	0.00458	0.00618	0.02044	0.00693	0.00636
117	0.01916	0.02104	0.04416	0.11189	0.04332	0.02041	0.53763	0.04964	0.01956	0.02637	0.01630	0.02176	0.01219	0.00711	0.00934	0.00272	0.01315	0.00921	0.00420	0.01083
118	0.01860	0.02202	0.07438	0.03186	0.03931	0.02035	0.53421	0.02496	0.01838	0.02527	0.01676	0.04355	0.01341	0.00810	0.01094	0.00281	0.07064	0.00964	0.00414	0.01068
119	0.01835	0.02750	0.22260	0.03110	0.04037	0.02005	0.46566	0.02591	0.01859	0.02591	0.01590	0.02056	0.01174	0.00708	0.00905	0.00269	0.01321	0.00858	0.00391	0.01124
120	0.02565	0.02588	0.02049	0.01812	0.02269	0.28457	0.01396	0.09326	0.28621	0.06006	0.04915	0.02412	0.01991	0.01001	0.00792	0.00244	0.00986	0.00760	0.00673	0.01139
121	0.01801	0.21373	0.43683	0.02206	0.03231	0.02245	0.09748	0.02537	0.01721	0.02403	0.01394	0.01664	0.01055	0.00741	0.00729	0.00238	0.01134	0.00599	0.00352	0.01146
122	0.01888	0.02124	0.04499	0.05937	0.04115	0.02079	0.55814	0.02524	0.01847	0.02524	0.01585	0.02153	0.01211	0.00751	0.01096	0.00280	0.07173	0.00927	0.00404	0.01069
123	0.01060	0.00805	0.01176	0.01246	0.01354	0.00750	0.04302	0.01260	0.01662	0.02241	0.11599	0.59378	0.05404	0.02332	0.01022	0.00318	0.00511	0.02131	0.00750	0.00696
124	0.01532	0.01442	0.02434	0.69533	0.05589	0.01803	0.02253	0.02073	0.01622	0.02073	0.01442	0.02163	0.01082	0.00811	0.00811	0.00270	0.01082	0.00721	0.00361	0.00901
125	0.01749	0.01821	0.03503	0.31503	0.09248	0.01970	0.28285	0.02319	0.01735	0.02331	0.01505	0.02133	0.01159	0.00797	0.01014	0.00276	0.06437	0.00821	0.00384	0.01011
126	0.01750	0.19486	0.53061	0.02104	0.03189	0.02184	0.02635	0.02538	0.01699	0.02421	0.01382	0.01620	0.01031	0.00754	0.00714	0.00238	0.01124	0.00562	0.00344	0.01164
127	0.00989	0.00706	0.00942	0.01130	0.01177	0.00659	0.00753	0.01130	0.01554	0.02071	0.04472	0.70954	0.05367	0.02542	0.01036	0.00330	0.00471	0.02307	0.00753	0.00659
128	0.01627	0.04197	0.67279	0.02313	0.03512	0.01884	0.02998	0.02570	0.01713	0.02570	0.01456	0.01713	0.01028	0.00771	0.00771	0.00257	0.01199	0.00600	0.00343	0.01199
129	0.11477	0.02185	0.02235	0.01867	0.04957	0.07272	0.01460	0.40856	0.05867	0.10911	0.01973	0.01973	0.01406	0.00937	0.00771	0.00244	0.00877	0.00698	0.00750	0.01281
130	0.02887	0.01691	0.04575	0.01582	0.02158	0.01614	0.01319	0.12926	0.19323	0.34167	0.03038	0.06524	0.02189	0.01103	0.00829	0.00261	0.00717	0.00906	0.00886	0.01307
131	0.01787	0.01809	0.02671	0.02234	0.02300	0.02450	0.06749	0.02005	0.01297	0.02005	0.01112	0.01809	0.01079	0.01361	0.02525	0.00348	0.64466	0.00730	0.00360	0.00904
132	0.01768	0.01784	0.03278	0.14695	0.15101	0.01844	0.25829	0.02484	0.08545	0.02520	0.02057	0.09870	0.01802	0.00992	0.00963	0.00277	0.03641	0.01010	0.00481	0.01060
133	0.01775	0.01811	0.05339	0.26641	0.35749	0.01833	0.06717	0.02295	0.01771	0.02425	0.01821	0.02339	0.04279	0.00815	0.00823	0.00256	0.01016	0.00782	0.00403	0.01109
134	0.03038	0.02369	0.02401	0.01875	0.02500	0.07352	0.01534	0.56871	0.06148	0.04814	0.01951	0.01955	0.01399	0.00969	0.00806	0.00242	0.00925	0.00723	0.00783	0.01344
135	0.02379	0.01829	0.01989	0.01677	0.02175	0.02022	0.01360	0.33782	0.20947	0.04038	0.03051	0.05942	0.05875	0.01273	0.00867	0.00272	0.00762	0.07741	0.00803	0.01215
136	0.01922	0.05418	0.04676	0.03276	0.04060	0.02122	0.58242	0.02567	0.01877	0.02543	0.01596	0.02132	0.01216	0.00712	0.01002	0.00272	0.03953	0.00924	0.00405	0.01084
137	0.01890	0.02208	0.06553	0.03241	0.03983	0.02095	0.54660	0.02526	0.01834	0.02526	0.01572	0.02127	0.01206	0.00769	0.01141	0.00282	0.08992	0.00919	0.00402	0.01075
