[name]
unknown

[dist]
# distance from previous block
# <min> <max>
0	1

[block]
# block no. 0 follows, 25 sequences, length 6
# corresponding to MSA columns:
# 1-6
name=unknown_A
#
# <colnr> <probs for GDERKNQSTAVLIFYWHMCP>
#	G	D	E	R	K	N	Q	S	T	A	V	L	I	F	Y	W	H	M	C	P
0	0.01444	0.01065	0.01374	0.07316	0.01840	0.01004	0.01026	0.05546	0.01710	0.05226	0.02977	0.27190	0.03183	0.06323	0.01059	0.00290	0.00627	0.11113	0.00621	0.19065
1	0.01503	0.01005	0.01629	0.12552	0.02072	0.01062	0.06930	0.05009	0.01325	0.01759	0.01402	0.02257	0.01279	0.02093	0.02340	0.53371	0.00801	0.00700	0.00368	0.00544
2	0.08081	0.00803	0.00850	0.00853	0.01035	0.00840	0.00636	0.01702	0.01512	0.02656	0.02466	0.08062	0.02156	0.05239	0.10210	0.00370	0.00643	0.00842	0.50333	0.00709
3	0.18125	0.01496	0.02298	0.45055	0.10260	0.01753	0.06135	0.02117	0.01539	0.02390	0.01334	0.01880	0.01019	0.00747	0.00720	0.00252	0.00948	0.00646	0.00381	0.00903
4	0.01842	0.01615	0.02485	0.01837	0.02470	0.01472	0.18150	0.02424	0.07697	0.07402	0.01691	0.01939	0.01316	0.00727	0.00848	0.00194	0.06070	0.00660	0.00500	0.38664
5	0.08903	0.11719	0.32801	0.02310	0.08202	0.01925	0.13459	0.02433	0.01685	0.04838	0.03755	0.01839	0.01282	0.00745	0.00725	0.00236	0.01021	0.00646	0.00399	0.01079

[dist]
# distance from previous block
# <min> <max>
0	1

[block]
# block no. 1 follows, 25 sequences, length 16
# corresponding to MSA columns:
# 8-23
name=unknown_B
#
# <colnr> <probs for GDERKNQSTAVLIFYWHMCP>
#	G	D	E	R	K	N	Q	S	T	A	V	L	I	F	Y	W	H	M	C	P
0	0.02779	0.08672	0.02233	0.01602	0.02175	0.04214	0.01324	0.28805	0.16420	0.20143	0.02342	0.02203	0.01652	0.00934	0.00751	0.00234	0.00769	0.00723	0.00770	0.01255
1	0.02592	0.01803	0.01974	0.01594	0.02117	0.01975	0.01288	0.35924	0.20180	0.11490	0.02367	0.02304	0.01709	0.01027	0.00845	0.02934	0.00732	0.00756	0.05164	0.01226
2	0.01968	0.59252	0.17113	0.01505	0.02266	0.02812	0.01637	0.02349	0.01588	0.01952	0.01141	0.01323	0.00992	0.00678	0.00546	0.00182	0.00893	0.00447	0.00331	0.01025
3	0.01834	0.02103	0.12026	0.04189	0.53146	0.01798	0.05242	0.02358	0.01752	0.02510	0.01578	0.02208	0.01344	0.00763	0.00784	0.00240	0.00959	0.03588	0.00392	0.01185
4	0.00956	0.00680	0.00896	0.01065	0.01107	0.00638	0.00704	0.01083	0.01462	0.01949	0.04157	0.67974	0.04981	0.06900	0.01178	0.00343	0.00469	0.02136	0.00704	0.00620
5	0.01031	0.00779	0.00952	0.00931	0.01123	0.00700	0.00690	0.01327	0.02005	0.02712	0.44445	0.12554	0.24371	0.01773	0.00922	0.00256	0.00381	0.01545	0.00803	0.00700
6	0.25867	0.01436	0.01967	0.42788	0.06932	0.01710	0.01706	0.02168	0.01515	0.05226	0.01357	0.01828	0.01018	0.00761	0.00682	0.00250	0.00876	0.00608	0.00415	0.00891
7	0.06086	0.06569	0.55440	0.06091	0.03333	0.01853	0.05321	0.02413	0.01619	0.02463	0.01367	0.01642	0.00986	0.00731	0.00721	0.00243	0.01101	0.00579	0.00340	0.01101
8	0.01126	0.00757	0.00875	0.00875	0.00885	0.00768	0.00506	0.01146	0.01136	0.01525	0.02416	0.04926	0.02755	0.67857	0.08752	0.00788	0.00849	0.01106	0.00466	0.00486
9	0.00945	0.00675	0.00900	0.01080	0.01125	0.00630	0.00720	0.01080	0.01484	0.01979	0.04274	0.72245	0.05128	0.02429	0.00990	0.00315	0.00450	0.02204	0.00720	0.00630
10	0.40519	0.01381	0.01606	0.27838	0.02960	0.01650	0.01357	0.02069	0.01400	0.02724	0.01301	0.01761	0.01032	0.01287	0.08013	0.00355	0.00925	0.00567	0.00421	0.00832
11	0.02235	0.01818	0.01926	0.01640	0.02133	0.02072	0.01301	0.22505	0.47630	0.03737	0.02767	0.02583	0.02052	0.01016	0.00785	0.00254	0.00686	0.00823	0.00785	0.01255
12	0.70968	0.01488	0.01252	0.07627	0.01863	0.01738	0.00964	0.02251	0.01341	0.03337	0.01108	0.01336	0.00858	0.00725	0.00508	0.00242	0.00641	0.00445	0.00467	0.00842
13	0.02230	0.01745	0.02072	0.01602	0.02179	0.01784	0.04241	0.26925	0.10365	0.05876	0.01868	0.01991	0.01422	0.01052	0.03772	0.00250	0.04103	0.00663	0.00630	0.25230
14	0.06374	0.01320	0.01472	0.01245	0.01657	0.01341	0.00990	0.15974	0.09854	0.14121	0.16805	0.04223	0.18786	0.01319	0.00823	0.00247	0.00569	0.01085	0.00793	0.01002
15	0.01676	0.00928	0.01178	0.01037	0.01347	0.00820	0.00805	0.01986	0.02104	0.19878	0.37113	0.05353	0.19680	0.01509	0.00880	0.00247	0.00448	0.01294	0.00851	0.00867

[dist]
# distance from previous block
# <min> <max>
0	13

[block]
# block no. 2 follows, 25 sequences, length 76
# corresponding to MSA columns:
# 37-112
name=unknown_C
#
# <colnr> <probs for GDERKNQSTAVLIFYWHMCP>
#	G	D	E	R	K	N	Q	S	T	A	V	L	I	F	Y	W	H	M	C	P
0	0.05841	0.01385	0.02258	0.66904	0.05121	0.01724	0.02078	0.01998	0.01537	0.02066	0.01361	0.02021	0.01023	0.00772	0.00758	0.00257	0.01009	0.00674	0.00352	0.00860
1	0.02765	0.03485	0.02128	0.01942	0.02323	0.64602	0.01459	0.02971	0.02128	0.01890	0.01263	0.01519	0.01068	0.01167	0.05758	0.00276	0.01448	0.00524	0.00401	0.00884
2	0.01865	0.01787	0.03050	0.12571	0.60522	0.01828	0.02353	0.02333	0.01740	0.02468	0.01449	0.01937	0.01205	0.00701	0.00769	0.00234	0.00934	0.00691	0.00379	0.01185
3	0.01224	0.00881	0.01214	0.01367	0.01550	0.00871	0.01183	0.01575	0.01814	0.02369	0.08915	0.08475	0.07366	0.02093	0.01053	0.00345	0.00675	0.55594	0.00724	0.00713
4	0.01172	0.00900	0.01073	0.01130	0.01361	0.00851	0.00922	0.04975	0.01860	0.02338	0.05693	0.12608	0.33013	0.02014	0.00978	0.00303	0.00556	0.26817	0.00721	0.00715
5	0.06269	0.01823	0.03033	0.04546	0.64128	0.01836	0.02292	0.02374	0.01740	0.02587	0.01437	0.01881	0.01206	0.00692	0.00751	0.00231	0.00903	0.00675	0.00389	0.01206
6	0.02835	0.03594	0.02206	0.01999	0.02379	0.66213	0.01508	0.03033	0.02146	0.01896	0.01189	0.01413	0.01000	0.00827	0.00793	0.00207	0.04959	0.00508	0.00396	0.00896
7	0.01352	0.00676	0.00995	0.00995	0.01005	0.00676	0.00667	0.01051	0.01041	0.01425	0.01407	0.02384	0.01379	0.02602	0.02904	0.73507	0.00658	0.00676	0.04243	0.00356
8	0.68329	0.01588	0.01296	0.01120	0.01618	0.01827	0.00923	0.10570	0.01625	0.03664	0.01182	0.01339	0.00903	0.00747	0.00519	0.00239	0.00633	0.00456	0.00519	0.00903
9	0.01077	0.00783	0.01015	0.00976	0.01151	0.00720	0.00725	0.01418	0.02119	0.02975	0.59898	0.11255	0.09639	0.01669	0.00921	0.00250	0.00374	0.01477	0.00837	0.00720
10	0.00924	0.00786	0.00796	0.00794	0.01052	0.00658	0.00595	0.01128	0.01785	0.02138	0.10382	0.07391	0.65045	0.01948	0.00916	0.00261	0.00392	0.01626	0.00726	0.00658
11	0.78228	0.01499	0.01140	0.01020	0.01499	0.01739	0.00840	0.02279	0.01320	0.03479	0.01080	0.01260	0.00840	0.00720	0.00480	0.00240	0.00600	0.00420	0.00480	0.00840
12	0.78228	0.01499	0.01140	0.01020	0.01499	0.01739	0.00840	0.02279	0.01320	0.03479	0.01080	0.01260	0.00840	0.00720	0.00480	0.00240	0.00600	0.00420	0.00480	0.00840
13	0.00931	0.00786	0.00806	0.00801	0.01056	0.00661	0.00601	0.01141	0.01802	0.02176	0.12636	0.07328	0.62768	0.01933	0.00916	0.00260	0.00391	0.01618	0.00731	0.00661
14	0.03479	0.01320	0.01799	0.01380	0.01979	0.01140	0.01140	0.03779	0.02219	0.68451	0.03059	0.02639	0.01919	0.00960	0.00780	0.00240	0.00660	0.00780	0.00960	0.01320
15	0.03479	0.01320	0.01799	0.01380	0.01979	0.01140	0.01140	0.03779	0.02219	0.68451	0.03059	0.02639	0.01919	0.00960	0.00780	0.00240	0.00660	0.00780	0.00960	0.01320
16	0.03479	0.01320	0.01799	0.01380	0.01979	0.01140	0.01140	0.03779	0.02219	0.68451	0.03059	0.02639	0.01919	0.00960	0.00780	0.00240	0.00660	0.00780	0.00960	0.01320
17	0.01053	0.00814	0.00979	0.01027	0.01239	0.00740	0.00819	0.01328	0.01847	0.02361	0.18618	0.10273	0.34054	0.01960	0.00965	0.00289	0.00485	0.19719	0.00745	0.00687
18	0.03479	0.01320	0.01799	0.01380	0.01979	0.01140	0.01140	0.03779	0.02219	0.68451	0.03059	0.02639	0.01919	0.00960	0.00780	0.00240	0.00660	0.00780	0.00960	0.01320
19	0.03197	0.01257	0.01709	0.01332	0.01882	0.01091	0.01091	0.03505	0.02216	0.60732	0.10672	0.03012	0.02557	0.01034	0.00796	0.00240	0.00625	0.00853	0.00947	0.01250
20	0.78228	0.01499	0.01140	0.01020	0.01499	0.01739	0.00840	0.02279	0.01320	0.03479	0.01080	0.01260	0.00840	0.00720	0.00480	0.00240	0.00600	0.00420	0.00480	0.00840
21	0.01287	0.00834	0.01097	0.01008	0.01224	0.00764	0.00764	0.01647	0.02197	0.08306	0.62379	0.05541	0.06887	0.01535	0.00904	0.00244	0.00389	0.01353	0.00862	0.00778
22	0.01108	0.00831	0.01246	0.01246	0.01385	0.00969	0.00969	0.01385	0.01246	0.01800	0.02077	0.03046	0.01938	0.05815	0.69678	0.01246	0.02077	0.00831	0.00415	0.00692
23	0.01090	0.00792	0.01026	0.00967	0.01154	0.00728	0.00726	0.01448	0.02177	0.03066	0.64957	0.05863	0.09891	0.01601	0.00915	0.00245	0.00367	0.01412	0.00848	0.00728
24	0.00967	0.00691	0.00925	0.01105	0.01160	0.00649	0.00759	0.01118	0.01507	0.02004	0.04261	0.67587	0.05079	0.02408	0.00996	0.00318	0.00469	0.06641	0.00719	0.00636
25	0.01347	0.00673	0.01010	0.01010	0.01010	0.00673	0.00673	0.01010	0.01010	0.01347	0.01347	0.02357	0.01347	0.02694	0.03030	0.77441	0.00673	0.00673	0.00337	0.00337
26	0.78228	0.01499	0.01140	0.01020	0.01499	0.01739	0.00840	0.02279	0.01320	0.03479	0.01080	0.01260	0.00840	0.00720	0.00480	0.00240	0.00600	0.00420	0.00480	0.00840
27	0.01608	0.01378	0.01608	0.01148	0.01837	0.01034	0.00919	0.01952	0.01608	0.02527	0.01378	0.01608	0.01148	0.00574	0.00574	0.00115	0.00574	0.00459	0.00459	0.77491
28	0.01121	0.00927	0.00956	0.00905	0.01197	0.00844	0.00691	0.05977	0.04830	0.02409	0.10605	0.06751	0.56379	0.01825	0.00900	0.00259	0.00435	0.01520	0.00735	0.00733
29	0.02253	0.01670	0.01820	0.01572	0.02052	0.01868	0.01241	0.10520	0.50895	0.12540	0.03006	0.02749	0.02194	0.01026	0.00786	0.00257	0.00645	0.00844	0.00811	0.01250
30	0.01733	0.30192	0.41364	0.01823	0.02746	0.02239	0.02192	0.02364	0.01637	0.02242	0.03988	0.01658	0.01247	0.00744	0.00653	0.00215	0.00993	0.00547	0.00351	0.01072
31	0.01571	0.01456	0.02404	0.61608	0.11204	0.01763	0.02146	0.04723	0.01660	0.02158	0.01406	0.02044	0.01064	0.00774	0.00774	0.00255	0.01015	0.00690	0.00367	0.00916
32	0.01858	0.01780	0.03038	0.13582	0.59565	0.01826	0.02349	0.02326	0.01737	0.02459	0.01448	0.01939	0.01202	0.00702	0.00769	0.00234	0.00936	0.00691	0.00379	0.01179
33	0.01900	0.01823	0.03113	0.07478	0.65341	0.01837	0.02370	0.02363	0.01757	0.02510	0.01455	0.01925	0.01220	0.00694	0.00768	0.00231	0.00926	0.00691	0.00382	0.01213
34	0.01636	0.01589	0.02524	0.51656	0.20712	0.04569	0.02182	0.02126	0.01630	0.02114	0.01391	0.02003	0.01080	0.00755	0.00770	0.00249	0.01021	0.00682	0.00357	0.00954
35	0.01819	0.01741	0.02967	0.19250	0.54202	0.01816	0.02330	0.02292	0.01718	0.02412	0.01441	0.01951	0.01186	0.00709	0.00769	0.00236	0.00946	0.00690	0.00375	0.01148
36	0.01635	0.01553	0.02635	0.45996	0.28894	0.01768	0.02238	0.02131	0.01631	0.02189	0.01408	0.02011	0.01107	0.00743	0.00772	0.00248	0.00991	0.00690	0.00359	0.00999
37	0.78228	0.01499	0.01140	0.01020	0.01499	0.01739	0.00840	0.02279	0.01320	0.03479	0.01080	0.01260	0.00840	0.00720	0.00480	0.00240	0.00600	0.00420	0.00480	0.00840
38	0.01287	0.00941	0.01273	0.01425	0.01618	0.00958	0.01227	0.01770	0.06514	0.02375	0.04042	0.10766	0.04335	0.02073	0.01047	0.00348	0.00696	0.55835	0.00720	0.00748
39	0.01270	0.00831	0.01092	0.01005	0.01218	0.00761	0.00761	0.01631	0.02197	0.07841	0.62838	0.05563	0.06925	0.01540	0.00905	0.00244	0.00387	0.01357	0.00861	0.00774
40	0.01608	0.01378	0.01608	0.01148	0.01837	0.01034	0.00919	0.01952	0.01608	0.02527	0.01378	0.01608	0.01148	0.00574	0.00574	0.00115	0.00574	0.00459	0.00459	0.77491
41	0.78228	0.01499	0.01140	0.01020	0.01499	0.01739	0.00840	0.02279	0.01320	0.03479	0.01080	0.01260	0.00840	0.00720	0.00480	0.00240	0.00600	0.00420	0.00480	0.00840
42	0.00952	0.00680	0.00906	0.01075	0.01126	0.00634	0.00720	0.01097	0.01517	0.02032	0.07203	0.69166	0.05230	0.02390	0.00986	0.00312	0.00446	0.02167	0.00726	0.00634
43	0.00951	0.00680	0.00905	0.01075	0.01126	0.00634	0.00720	0.01095	0.01514	0.02026	0.06873	0.69513	0.05218	0.02394	0.00987	0.00312	0.00446	0.02171	0.00725	0.00634
44	0.02896	0.03695	0.02197	0.01998	0.02397	0.69638	0.01498	0.03096	0.02197	0.01898	0.01199	0.01398	0.00999	0.00799	0.00699	0.00200	0.01398	0.00499	0.00400	0.00899
45	0.00945	0.00675	0.00900	0.01080	0.01125	0.00630	0.00720	0.01080	0.01484	0.01979	0.04274	0.72245	0.05128	0.02429	0.00990	0.00315	0.00450	0.02204	0.00720	0.00630
46	0.78228	0.01499	0.01140	0.01020	0.01499	0.01739	0.00840	0.02279	0.01320	0.03479	0.01080	0.01260	0.00840	0.00720	0.00480	0.00240	0.00600	0.00420	0.00480	0.00840
47	0.02896	0.03695	0.02197	0.01998	0.02397	0.69638	0.01498	0.03096	0.02197	0.01898	0.01199	0.01398	0.00999	0.00799	0.00699	0.00200	0.01398	0.00499	0.00400	0.00899
48	0.01929	0.01666	0.01753	0.01578	0.02016	0.01929	0.01227	0.04120	0.66513	0.03243	0.03156	0.02893	0.02367	0.01052	0.00789	0.00263	0.00614	0.00877	0.00789	0.01227
49	0.01445	0.00723	0.00723	0.00723	0.00903	0.00723	0.00542	0.01807	0.01626	0.02891	0.02529	0.02891	0.01987	0.00903	0.00542	0.00181	0.00361	0.00723	0.77055	0.00723
50	0.01128	0.00752	0.00846	0.00846	0.00846	0.00752	0.00470	0.01128	0.01128	0.01503	0.02443	0.05074	0.02819	0.72751	0.03946	0.00752	0.00752	0.01128	0.00470	0.00470
51	0.01048	0.00749	0.01018	0.01198	0.01288	0.00719	0.00899	0.01258	0.01586	0.02095	0.04216	0.50704	0.04902	0.02332	0.01017	0.00329	0.00539	0.22725	0.00718	0.00658
52	0.02896	0.03695	0.02197	0.01998	0.02397	0.69638	0.01498	0.03096	0.02197	0.01898	0.01199	0.01398	0.00999	0.00799	0.00699	0.00200	0.01398	0.00499	0.00400	0.00899
53	0.03028	0.02043	0.02247	0.01723	0.02340	0.02213	0.01423	0.55999	0.03429	0.14522	0.02043	0.01979	0.01410	0.00935	0.00776	0.00234	0.00824	0.00710	0.00804	0.01319
54	0.00945	0.00675	0.00900	0.01080	0.01125	0.00630	0.00720	0.01080	0.01484	0.01979	0.04274	0.72245	0.05128	0.02429	0.00990	0.00315	0.00450	0.02204	0.00720	0.00630
55	0.00945	0.00675	0.00900	0.01080	0.01125	0.00630	0.00720	0.01080	0.01484	0.01979	0.04274	0.72245	0.05128	0.02429	0.00990	0.00315	0.00450	0.02204	0.00720	0.00630
56	0.01830	0.02092	0.04575	0.03268	0.04052	0.01961	0.65098	0.02484	0.01830	0.02484	0.01569	0.02092	0.01176	0.00654	0.00915	0.00261	0.01307	0.00915	0.00392	0.01046
57	0.78228	0.01499	0.01140	0.01020	0.01499	0.01739	0.00840	0.02279	0.01320	0.03479	0.01080	0.01260	0.00840	0.00720	0.00480	0.00240	0.00600	0.00420	0.00480	0.00840
58	0.00945	0.00675	0.00900	0.01080	0.01125	0.00630	0.00720	0.01080	0.01484	0.01979	0.04274	0.72245	0.05128	0.02429	0.00990	0.00315	0.00450	0.02204	0.00720	0.00630
59	0.03479	0.01320	0.01799	0.01380	0.01979	0.01140	0.01140	0.03779	0.02219	0.68451	0.03059	0.02639	0.01919	0.00960	0.00780	0.00240	0.00660	0.00780	0.00960	0.01320
60	0.03365	0.01345	0.01796	0.01394	0.01982	0.01197	0.01146	0.03804	0.06934	0.63669	0.03066	0.02658	0.01952	0.00966	0.00780	0.00242	0.00656	0.00787	0.00947	0.01313
61	0.01445	0.00723	0.00723	0.00723	0.00903	0.00723	0.00542	0.01807	0.01626	0.02891	0.02529	0.02891	0.01987	0.00903	0.00542	0.00181	0.00361	0.00723	0.77055	0.00723
62	0.01608	0.01378	0.01608	0.01148	0.01837	0.01034	0.00919	0.01952	0.01608	0.02527	0.01378	0.01608	0.01148	0.00574	0.00574	0.00115	0.00574	0.00459	0.00459	0.77491
63	0.02849	0.02114	0.02274	0.01737	0.02363	0.02304	0.01433	0.60681	0.03496	0.04713	0.01826	0.01843	0.01306	0.00905	0.00761	0.00224	0.00833	0.00681	0.00752	0.06905
64	0.01128	0.00752	0.00846	0.00846	0.00846	0.00752	0.00470	0.01128	0.01128	0.01503	0.02443	0.05074	0.02819	0.72751	0.03946	0.00752	0.00752	0.01128	0.00470	0.00470
65	0.00966	0.00787	0.00854	0.00837	0.01078	0.00676	0.00628	0.01208	0.01884	0.02372	0.24152	0.07006	0.51129	0.01860	0.00916	0.00257	0.00385	0.01572	0.00756	0.00676
66	0.04225	0.01491	0.02326	0.39046	0.20488	0.01692	0.01946	0.06684	0.01767	0.02443	0.01819	0.02309	0.04541	0.00831	0.00757	0.00244	0.00906	0.00731	0.04783	0.00969
67	0.01347	0.00673	0.01010	0.01010	0.01010	0.00673	0.00673	0.01010	0.01010	0.01347	0.01347	0.02357	0.01347	0.02694	0.03030	0.77441	0.00673	0.00673	0.00337	0.00337
68	0.00945	0.00675	0.00900	0.01080	0.01125	0.00630	0.00720	0.01080	0.01484	0.01979	0.04274	0.72245	0.05128	0.02429	0.00990	0.00315	0.00450	0.02204	0.00720	0.00630
69	0.01592	0.06139	0.61908	0.02259	0.03362	0.01854	0.07378	0.02453	0.01649	0.02437	0.01394	0.01657	0.00997	0.00728	0.00742	0.00244	0.01147	0.00593	0.00332	0.01134
70	0.01810	0.17819	0.15839	0.13981	0.27883	0.02088	0.02153	0.02398	0.04664	0.02307	0.01428	0.01785	0.01151	0.00724	0.00705	0.00225	0.00948	0.00616	0.00374	0.01102
71	0.01107	0.00754	0.00865	0.00867	0.00899	0.00740	0.00513	0.01159	0.01281	0.01716	0.09480	0.08260	0.06154	0.59222	0.03371	0.00659	0.00683	0.01226	0.00531	0.00512
72	0.02356	0.01891	0.04537	0.01629	0.02158	0.01992	0.01348	0.33177	0.24778	0.06176	0.02743	0.06504	0.04973	0.01099	0.00798	0.00250	0.00732	0.00886	0.00764	0.01211
73	0.33433	0.05966	0.01972	0.01497	0.02017	0.09337	0.06416	0.16879	0.02062	0.05696	0.01494	0.01656	0.01130	0.00791	0.00624	0.00227	0.00801	0.00569	0.06442	0.00990
74	0.01687	0.01470	0.04462	0.09192	0.02310	0.01531	0.06092	0.16730	0.02021	0.02766	0.02615	0.26217	0.02687	0.01494	0.01063	0.00281	0.08846	0.03768	0.03866	0.00902
75	0.02068	0.01777	0.01938	0.04440	0.04998	0.06186	0.01232	0.18644	0.05487	0.03112	0.01586	0.01757	0.01243	0.00720	0.00663	0.00170	0.00739	0.00565	0.00546	0.42130

[dist]
# distance from previous block
# <min> <max>
4	23

[block]
# block no. 3 follows, 25 sequences, length 14
# corresponding to MSA columns:
# 136-149
name=unknown_D
#
# <colnr> <probs for GDERKNQSTAVLIFYWHMCP>
#	G	D	E	R	K	N	Q	S	T	A	V	L	I	F	Y	W	H	M	C	P
0	0.05232	0.45029	0.27330	0.01633	0.02463	0.02551	0.01862	0.02368	0.01586	0.02125	0.01191	0.01387	0.00984	0.00692	0.00583	0.00198	0.00934	0.00472	0.00337	0.01043
1	0.02255	0.02494	0.01921	0.01802	0.04571	0.33044	0.01318	0.03082	0.21662	0.02406	0.02094	0.08121	0.01803	0.00991	0.00741	0.00221	0.00970	0.00767	0.00552	0.09184
2	0.01723	0.01919	0.05995	0.17873	0.08033	0.01862	0.37018	0.02293	0.01703	0.02340	0.01467	0.02003	0.01130	0.00725	0.00950	0.00254	0.05596	0.00795	0.00380	0.05944
3	0.00956	0.00683	0.00910	0.01072	0.01127	0.00637	0.00721	0.01108	0.01537	0.02062	0.08918	0.67364	0.05289	0.02367	0.00984	0.00310	0.00444	0.02145	0.00730	0.00637
4	0.02947	0.02172	0.02327	0.01784	0.02404	0.02404	0.01474	0.65329	0.03646	0.04887	0.01862	0.01862	0.01319	0.00931	0.00776	0.00233	0.00853	0.00698	0.00776	0.01319
5	0.01745	0.01657	0.06315	0.16646	0.13312	0.01673	0.01642	0.04550	0.24914	0.04595	0.02695	0.04903	0.06119	0.03042	0.00889	0.00272	0.00782	0.02602	0.00587	0.01061
6	0.01993	0.01663	0.01780	0.01590	0.02029	0.01902	0.01257	0.10983	0.54176	0.03360	0.03081	0.03234	0.02411	0.01124	0.00810	0.00267	0.00649	0.05713	0.00782	0.01197
7	0.00945	0.00675	0.00900	0.01080	0.01125	0.00630	0.00720	0.01080	0.01484	0.01979	0.04274	0.72245	0.05128	0.02429	0.00990	0.00315	0.00450	0.02204	0.00720	0.00630
8	0.00980	0.00700	0.00940	0.01120	0.01180	0.00660	0.00781	0.01140	0.01519	0.02019	0.04254	0.64920	0.05051	0.02396	0.00999	0.00320	0.00480	0.09182	0.00719	0.00639
9	0.01829	0.02054	0.04365	0.03298	0.08068	0.01975	0.57656	0.02444	0.01792	0.02454	0.01532	0.02059	0.01171	0.00694	0.00993	0.00264	0.05029	0.00888	0.00389	0.01047
10	0.00959	0.00681	0.00895	0.01061	0.01103	0.00639	0.00700	0.01083	0.01456	0.01942	0.04130	0.66967	0.04947	0.07954	0.01222	0.00349	0.00474	0.02120	0.00700	0.00617
11	0.00945	0.00675	0.00900	0.01080	0.01125	0.00630	0.00720	0.01080	0.01484	0.01979	0.04274	0.72245	0.05128	0.02429	0.00990	0.00315	0.00450	0.02204	0.00720	0.00630
12	0.01968	0.01952	0.03010	0.06600	0.53628	0.06558	0.04869	0.02548	0.06546	0.02520	0.01567	0.01967	0.01287	0.00726	0.00771	0.00233	0.00952	0.00701	0.00414	0.01185
13	0.08670	0.01332	0.01754	0.01355	0.01946	0.01181	0.01119	0.03675	0.02157	0.63939	0.02921	0.02543	0.01844	0.00943	0.00759	0.00240	0.00656	0.00755	0.00926	0.01286

[dist]
# distance from previous block
# <min> <max>
0	6

[block]
# block no. 4 follows, 25 sequences, length 72
# corresponding to MSA columns:
# 156-227
name=unknown_E
#
# <colnr> <probs for GDERKNQSTAVLIFYWHMCP>
#	G	D	E	R	K	N	Q	S	T	A	V	L	I	F	Y	W	H	M	C	P
0	0.00945	0.00675	0.00900	0.01080	0.01125	0.00630	0.00720	0.01080	0.01484	0.01979	0.04274	0.72245	0.05128	0.02429	0.00990	0.00315	0.00450	0.02204	0.00720	0.00630
1	0.02947	0.02172	0.02327	0.01784	0.02404	0.02404	0.01474	0.65329	0.03646	0.04887	0.01862	0.01862	0.01319	0.00931	0.00776	0.00233	0.00853	0.00698	0.00776	0.01319
2	0.10084	0.02235	0.02170	0.05666	0.02466	0.10915	0.01443	0.44922	0.05902	0.04128	0.01731	0.01801	0.01261	0.00890	0.00738	0.00232	0.00898	0.00653	0.00675	0.01188
3	0.02041	0.33977	0.11641	0.01694	0.02211	0.05100	0.01635	0.04914	0.01615	0.05706	0.01247	0.01534	0.01064	0.00907	0.01158	0.00235	0.21387	0.00547	0.00389	0.00999
4	0.01693	0.15049	0.55663	0.02060	0.03098	0.04801	0.02563	0.02461	0.01650	0.02332	0.01333	0.01564	0.00985	0.00728	0.00697	0.00231	0.01106	0.00545	0.00331	0.01112
5	0.01731	0.01386	0.01619	0.01198	0.01841	0.01110	0.00954	0.04498	0.04385	0.05730	0.01678	0.04860	0.01418	0.00708	0.00619	0.00140	0.00585	0.00578	0.00520	0.64441
6	0.64470	0.01485	0.01222	0.01082	0.01543	0.01701	0.00882	0.05562	0.04585	0.03511	0.06614	0.01736	0.01463	0.00817	0.00545	0.00241	0.00595	0.00536	0.00540	0.00874
7	0.01733	0.13259	0.54690	0.02074	0.03095	0.07453	0.02548	0.02489	0.01674	0.02326	0.01334	0.01565	0.00985	0.00732	0.00702	0.00231	0.01124	0.00546	0.00334	0.01106
8	0.05178	0.28308	0.42891	0.01845	0.02791	0.02245	0.02231	0.02400	0.01601	0.02279	0.01267	0.01481	0.00980	0.00710	0.00641	0.00217	0.01010	0.00510	0.00336	0.01079
9	0.02091	0.67899	0.06172	0.01385	0.02054	0.05874	0.01386	0.02359	0.01604	0.01849	0.01094	0.01264	0.00995	0.00672	0.00514	0.00170	0.00864	0.00424	0.00334	0.00996
10	0.01080	0.00786	0.01016	0.00971	0.01151	0.00722	0.00724	0.01424	0.02134	0.02995	0.60946	0.09527	0.10315	0.01651	0.00919	0.00249	0.00372	0.01458	0.00839	0.00722
11	0.00945	0.00675	0.00900	0.01080	0.01125	0.00630	0.00720	0.01080	0.01484	0.01979	0.04274	0.72245	0.05128	0.02429	0.00990	0.00315	0.00450	0.02204	0.00720	0.00630
12	0.02073	0.73217	0.04063	0.01327	0.01990	0.03068	0.01327	0.02322	0.01575	0.01824	0.01078	0.01244	0.00995	0.00663	0.00498	0.00166	0.00829	0.00415	0.00332	0.00995
13	0.03479	0.01320	0.01799	0.01380	0.01979	0.01140	0.01140	0.03779	0.02219	0.68451	0.03059	0.02639	0.01919	0.00960	0.00780	0.00240	0.00660	0.00780	0.00960	0.01320
14	0.74881	0.01529	0.01192	0.01054	0.01540	0.01769	0.00868	0.05082	0.01423	0.03541	0.01114	0.01286	0.00861	0.00729	0.00493	0.00240	0.00611	0.00432	0.00493	0.00861
15	0.10585	0.00842	0.00838	0.03652	0.01157	0.00885	0.00644	0.01870	0.01586	0.02923	0.02309	0.02663	0.01811	0.00876	0.00544	0.00191	0.00417	0.00685	0.64777	0.00742
16	0.00953	0.00681	0.00907	0.01074	0.01126	0.00635	0.00720	0.01099	0.01521	0.02038	0.07545	0.68806	0.05241	0.02385	0.00986	0.00311	0.00445	0.02163	0.00727	0.00635
17	0.00945	0.00675	0.00900	0.01080	0.01125	0.00630	0.00720	0.01080	0.01484	0.01979	0.04274	0.72245	0.05128	0.02429	0.00990	0.00315	0.00450	0.02204	0.00720	0.00630
18	0.01887	0.48413	0.27242	0.01643	0.02480	0.02614	0.01878	0.02370	0.01598	0.02050	0.01190	0.01385	0.00990	0.00690	0.00583	0.00194	0.00943	0.00471	0.00330	0.01049
19	0.01578	0.00902	0.01172	0.01042	0.01319	0.00810	0.00804	0.01914	0.02160	0.16649	0.48553	0.05288	0.11754	0.01490	0.00887	0.00245	0.00430	0.01294	0.00863	0.00847
20	0.00945	0.00675	0.00900	0.01080	0.01125	0.00630	0.00720	0.01080	0.01484	0.01979	0.04274	0.72245	0.05128	0.02429	0.00990	0.00315	0.00450	0.02204	0.00720	0.00630
21	0.01478	0.01405	0.02410	0.68345	0.05292	0.01732	0.04520	0.02000	0.01561	0.02000	0.01385	0.02068	0.01039	0.00771	0.00780	0.00259	0.01044	0.00698	0.00346	0.00868
22	0.01039	0.00745	0.00967	0.01113	0.01185	0.00713	0.00755	0.04109	0.01586	0.02116	0.04160	0.68926	0.04949	0.02358	0.00980	0.00311	0.00469	0.02133	0.00722	0.00662
23	0.01155	0.00901	0.01338	0.01310	0.01437	0.01083	0.01028	0.01424	0.01241	0.01805	0.01991	0.02936	0.01864	0.05453	0.64225	0.01172	0.07702	0.00818	0.00409	0.00705
24	0.01475	0.01392	0.02328	0.67835	0.05194	0.01752	0.02133	0.01976	0.01534	0.01976	0.01362	0.02051	0.01033	0.00801	0.00854	0.00262	0.04149	0.00689	0.00344	0.00861
25	0.01347	0.00673	0.01010	0.01010	0.01010	0.00673	0.00673	0.01010	0.01010	0.01347	0.01347	0.02357	0.01347	0.02694	0.03030	0.77441	0.00673	0.00673	0.00337	0.00337
26	0.01708	0.01730	0.02564	0.02141	0.02209	0.02339	0.07137	0.01919	0.01243	0.01919	0.01065	0.01730	0.01031	0.01297	0.02405	0.00333	0.65323	0.00699	0.00344	0.00865
27	0.00916	0.00785	0.00785	0.00785	0.01047	0.00655	0.00589	0.01113	0.01767	0.02095	0.07855	0.07462	0.67599	0.01964	0.00916	0.00262	0.00393	0.01636	0.00720	0.00655
28	0.02943	0.02296	0.02316	0.01801	0.02404	0.07898	0.01476	0.60243	0.03527	0.04642	0.01807	0.01824	0.01292	0.00920	0.00769	0.00230	0.00898	0.00682	0.00745	0.01284
29	0.02947	0.02172	0.02327	0.01784	0.02404	0.02404	0.01474	0.65329	0.03646	0.04887	0.01862	0.01862	0.01319	0.00931	0.00776	0.00233	0.00853	0.00698	0.00776	0.01319
30	0.01227	0.00830	0.00927	0.00897	0.00931	0.00842	0.00525	0.04653	0.01266	0.01689	0.02411	0.04898	0.02736	0.68807	0.03772	0.00723	0.00757	0.01104	0.00487	0.00516
31	0.01555	0.04011	0.68733	0.02210	0.03356	0.01801	0.02865	0.02455	0.01637	0.02455	0.01391	0.01637	0.00982	0.00737	0.00737	0.00246	0.01146	0.00573	0.00327	0.01146
32	0.01555	0.04011	0.68733	0.02210	0.03356	0.01801	0.02865	0.02455	0.01637	0.02455	0.01391	0.01637	0.00982	0.00737	0.00737	0.00246	0.01146	0.00573	0.00327	0.01146
33	0.01830	0.02092	0.04575	0.03268	0.04052	0.01961	0.65098	0.02484	0.01830	0.02484	0.01569	0.02092	0.01176	0.00654	0.00915	0.00261	0.01307	0.00915	0.00392	0.01046
34	0.02073	0.73217	0.04063	0.01327	0.01990	0.03068	0.01327	0.02322	0.01575	0.01824	0.01078	0.01244	0.00995	0.00663	0.00498	0.00166	0.00829	0.00415	0.00332	0.00995
35	0.03479	0.01320	0.01799	0.01380	0.01979	0.01140	0.01140	0.03779	0.02219	0.68451	0.03059	0.02639	0.01919	0.00960	0.00780	0.00240	0.00660	0.00780	0.00960	0.01320
36	0.01696	0.01696	0.02375	0.02036	0.02036	0.02375	0.01696	0.01866	0.01187	0.01866	0.01018	0.01696	0.01018	0.01357	0.02545	0.00339	0.71332	0.00679	0.00339	0.00848
37	0.01555	0.04011	0.68733	0.02210	0.03356	0.01801	0.02865	0.02455	0.01637	0.02455	0.01391	0.01637	0.00982	0.00737	0.00737	0.00246	0.01146	0.00573	0.00327	0.01146
38	0.00945	0.00675	0.00900	0.01080	0.01125	0.00630	0.00720	0.01080	0.01484	0.01979	0.04274	0.72245	0.05128	0.02429	0.00990	0.00315	0.00450	0.02204	0.00720	0.00630
39	0.01128	0.00752	0.00846	0.00846	0.00846	0.00752	0.00470	0.01128	0.01128	0.01503	0.02443	0.05074	0.02819	0.72751	0.03946	0.00752	0.00752	0.01128	0.00470	0.00470
40	0.01696	0.01696	0.02375	0.02036	0.02036	0.02375	0.01696	0.01866	0.01187	0.01866	0.01018	0.01696	0.01018	0.01357	0.02545	0.00339	0.71332	0.00679	0.00339	0.00848
41	0.01097	0.00793	0.01036	0.00975	0.01158	0.00732	0.00732	0.01463	0.02195	0.03109	0.67505	0.05792	0.07316	0.01585	0.00914	0.00244	0.00366	0.01402	0.00854	0.00732
42	0.00942	0.00683	0.00891	0.01057	0.01119	0.00632	0.00710	0.01082	0.01506	0.01988	0.04552	0.67204	0.09989	0.02393	0.00984	0.00311	0.00445	0.02160	0.00720	0.00632
43	0.01929	0.01666	0.01753	0.01578	0.02016	0.01929	0.01227	0.04120	0.66513	0.03243	0.03156	0.02893	0.02367	0.01052	0.00789	0.00263	0.00614	0.00877	0.00789	0.01227
44	0.02947	0.02172	0.02327	0.01784	0.02404	0.02404	0.01474	0.65329	0.03646	0.04887	0.01862	0.01862	0.01319	0.00931	0.00776	0.00233	0.00853	0.00698	0.00776	0.01319
45	0.02947	0.02172	0.02327	0.01784	0.02404	0.02404	0.01474	0.65329	0.03646	0.04887	0.01862	0.01862	0.01319	0.00931	0.00776	0.00233	0.00853	0.00698	0.00776	0.01319
46	0.00945	0.00675	0.00900	0.01080	0.01125	0.00630	0.00720	0.01080	0.01484	0.01979	0.04274	0.72245	0.05128	0.02429	0.00990	0.00315	0.00450	0.02204	0.00720	0.00630
47	0.01585	0.07954	0.65048	0.02160	0.03278	0.01873	0.02777	0.02448	0.01633	0.02420	0.01374	0.01615	0.00983	0.00732	0.00723	0.00241	0.01128	0.00564	0.00328	0.01137
48	0.01555	0.04011	0.68733	0.02210	0.03356	0.01801	0.02865	0.02455	0.01637	0.02455	0.01391	0.01637	0.00982	0.00737	0.00737	0.00246	0.01146	0.00573	0.00327	0.01146
49	0.01555	0.04011	0.68733	0.02210	0.03356	0.01801	0.02865	0.02455	0.01637	0.02455	0.01391	0.01637	0.00982	0.00737	0.00737	0.00246	0.01146	0.00573	0.00327	0.01146
50	0.01479	0.01408	0.02419	0.68093	0.05287	0.01732	0.04754	0.02002	0.01562	0.02002	0.01386	0.02068	0.01039	0.00770	0.00781	0.00259	0.01045	0.00698	0.00346	0.00869
51	0.05382	0.47392	0.15457	0.01572	0.02277	0.12465	0.01611	0.02457	0.01666	0.02021	0.01153	0.01339	0.00987	0.00699	0.00570	0.00188	0.00960	0.00456	0.00347	0.01002
52	0.01514	0.01442	0.02504	0.57421	0.04862	0.01735	0.08928	0.02023	0.01568	0.02070	0.01432	0.02088	0.01089	0.00794	0.00860	0.00259	0.04189	0.00715	0.03633	0.00875
53	0.01718	0.02029	0.07458	0.05926	0.03801	0.01819	0.53208	0.02331	0.01776	0.02414	0.01801	0.08557	0.01526	0.00827	0.00907	0.00265	0.01208	0.01007	0.00417	0.01004
54	0.01658	0.01395	0.01621	0.01182	0.01841	0.01096	0.00942	0.05529	0.01719	0.02639	0.01521	0.04434	0.01317	0.00668	0.00602	0.00130	0.00585	0.00542	0.00488	0.70091
55	0.01883	0.01844	0.02962	0.16180	0.54078	0.04836	0.02301	0.02342	0.01747	0.02408	0.01433	0.01922	0.01184	0.00710	0.00766	0.00234	0.00962	0.00682	0.00378	0.01149
56	0.01087	0.00792	0.01022	0.00965	0.01152	0.00727	0.00723	0.01443	0.02170	0.03051	0.64106	0.05887	0.10751	0.01607	0.00915	0.00245	0.00367	0.01416	0.00846	0.00727
57	0.01986	0.01558	0.01702	0.01485	0.01947	0.01705	0.01162	0.03730	0.50971	0.08884	0.06643	0.02912	0.02493	0.01028	0.00775	0.00246	0.00600	0.00858	0.00776	0.08539
58	0.01731	0.01745	0.02325	0.01984	0.02036	0.04535	0.01645	0.01912	0.01245	0.01905	0.01044	0.01681	0.01025	0.01294	0.02371	0.00322	0.64974	0.00660	0.00348	0.05217
59	0.00961	0.00682	0.00895	0.01059	0.01100	0.00640	0.00698	0.01084	0.01453	0.01938	0.04113	0.66350	0.04926	0.08600	0.01249	0.00353	0.00476	0.02110	0.00698	0.00616
60	0.01128	0.00752	0.00846	0.00846	0.00846	0.00752	0.00470	0.01128	0.01128	0.01503	0.02443	0.05074	0.02819	0.72751	0.03946	0.00752	0.00752	0.01128	0.00470	0.00470
61	0.02073	0.73217	0.04063	0.01327	0.01990	0.03068	0.01327	0.02322	0.01575	0.01824	0.01078	0.01244	0.00995	0.00663	0.00498	0.00166	0.00829	0.00415	0.00332	0.00995
62	0.01176	0.00863	0.01147	0.01267	0.01460	0.00834	0.01077	0.01508	0.01832	0.02379	0.12428	0.08175	0.15234	0.02045	0.01026	0.00328	0.00619	0.45165	0.00732	0.00706
63	0.01772	0.02267	0.12168	0.05653	0.03855	0.01965	0.49946	0.02411	0.01744	0.02411	0.01495	0.02003	0.01134	0.00725	0.01019	0.00266	0.06907	0.00845	0.00378	0.01035
64	0.02632	0.01985	0.02117	0.01688	0.02244	0.02215	0.01373	0.47512	0.19066	0.04396	0.02209	0.02160	0.01606	0.00959	0.00769	0.00238	0.00773	0.00743	0.04044	0.01271
65	0.00945	0.00675	0.00900	0.01080	0.01125	0.00630	0.00720	0.01080	0.01484	0.01979	0.04274	0.72245	0.05128	0.02429	0.00990	0.00315	0.00450	0.02204	0.00720	0.00630
66	0.01555	0.04011	0.68733	0.02210	0.03356	0.01801	0.02865	0.02455	0.01637	0.02455	0.01391	0.01637	0.00982	0.00737	0.00737	0.00246	0.01146	0.00573	0.00327	0.01146
67	0.02455	0.02035	0.02317	0.05394	0.16043	0.07574	0.01593	0.35154	0.06286	0.03680	0.01829	0.02107	0.01422	0.04585	0.00923	0.00257	0.00883	0.00713	0.03578	0.01173
68	0.01425	0.01085	0.01327	0.01324	0.04174	0.01044	0.00924	0.12038	0.01930	0.02635	0.08325	0.36805	0.07439	0.04570	0.00998	0.00280	0.00556	0.01523	0.00681	0.10918
69	0.01869	0.01404	0.01645	0.01229	0.01837	0.01186	0.00986	0.10500	0.02004	0.08148	0.10126	0.02265	0.02030	0.00783	0.00661	0.00157	0.00591	0.00639	0.00592	0.51346
70	0.01966	0.31489	0.25100	0.01808	0.02570	0.13081	0.05132	0.02451	0.01742	0.02150	0.04874	0.01693	0.01348	0.00759	0.00654	0.00207	0.01024	0.00561	0.00373	0.01018
71	0.02033	0.02108	0.10788	0.02362	0.03056	0.01838	0.29640	0.13019	0.04766	0.07890	0.02206	0.02433	0.06158	0.00874	0.00914	0.00251	0.04142	0.00852	0.00533	0.04137

[dist]
# distance from previous block
# <min> <max>
0	1

[block]
# block no. 5 follows, 25 sequences, length 95
# corresponding to MSA columns:
# 229-323
name=unknown_F
#
# <colnr> <probs for GDERKNQSTAVLIFYWHMCP>
#	G	D	E	R	K	N	Q	S	T	A	V	L	I	F	Y	W	H	M	C	P
0	0.01719	0.23605	0.43276	0.01940	0.02904	0.02125	0.05085	0.02388	0.01626	0.02280	0.01309	0.01543	0.01005	0.00702	0.00666	0.00216	0.01028	0.00536	0.00339	0.05709
1	0.01807	0.06164	0.07958	0.09086	0.47297	0.01784	0.02161	0.02211	0.01650	0.02320	0.01413	0.01913	0.01192	0.00904	0.00981	0.08122	0.00916	0.00663	0.00368	0.01088
2	0.02223	0.01886	0.01900	0.01740	0.04972	0.09765	0.01310	0.09918	0.37936	0.08368	0.02643	0.02713	0.02026	0.01003	0.00774	0.00244	0.00749	0.03325	0.00715	0.05790
3	0.01154	0.00870	0.01134	0.03486	0.01486	0.00851	0.00977	0.01539	0.04461	0.02463	0.20357	0.15502	0.15044	0.01922	0.00976	0.00301	0.00549	0.25462	0.00741	0.00724
4	0.02630	0.01805	0.01994	0.01624	0.02166	0.01973	0.01310	0.28771	0.29096	0.16110	0.02615	0.02429	0.01860	0.00986	0.00782	0.00246	0.00719	0.00786	0.00816	0.01281
5	0.01445	0.00723	0.00723	0.00723	0.00903	0.00723	0.00542	0.01807	0.01626	0.02891	0.02529	0.02891	0.01987	0.00903	0.00542	0.00181	0.00361	0.00723	0.77055	0.00723
6	0.01416	0.01254	0.01926	0.44695	0.06572	0.01449	0.01683	0.04562	0.01670	0.02121	0.02892	0.03311	0.16392	0.01168	0.00944	0.04918	0.00852	0.00907	0.00451	0.00818
7	0.02947	0.02172	0.02327	0.01784	0.02404	0.02404	0.01474	0.65329	0.03646	0.04887	0.01862	0.01862	0.01319	0.00931	0.00776	0.00233	0.00853	0.00698	0.00776	0.01319
8	0.07742	0.01388	0.02229	0.65173	0.05026	0.01724	0.02046	0.02005	0.01532	0.02104	0.01354	0.02001	0.01018	0.00771	0.00751	0.00257	0.00998	0.00667	0.00356	0.00860
9	0.36954	0.01400	0.01504	0.01218	0.01764	0.01408	0.01005	0.03107	0.01816	0.39354	0.02173	0.02021	0.01436	0.00852	0.00645	0.00240	0.00633	0.00619	0.00745	0.01105
10	0.01608	0.01378	0.01608	0.01148	0.01837	0.01034	0.00919	0.01952	0.01608	0.02527	0.01378	0.01608	0.01148	0.00574	0.00574	0.00115	0.00574	0.00459	0.00459	0.77491
11	0.00945	0.00675	0.00900	0.01080	0.01125	0.00630	0.00720	0.01080	0.01484	0.01979	0.04274	0.72245	0.05128	0.02429	0.00990	0.00315	0.00450	0.02204	0.00720	0.00630
12	0.01696	0.01696	0.02375	0.02036	0.02036	0.02375	0.01696	0.01866	0.01187	0.01866	0.01018	0.01696	0.01018	0.01357	0.02545	0.00339	0.71332	0.00679	0.00339	0.00848
13	0.01608	0.01378	0.01608	0.01148	0.01837	0.01034	0.00919	0.01952	0.01608	0.02527	0.01378	0.01608	0.01148	0.00574	0.00574	0.00115	0.00574	0.00459	0.00459	0.77491
14	0.00933	0.00765	0.00822	0.00852	0.01069	0.00655	0.00622	0.01128	0.01740	0.02134	0.10784	0.19541	0.52214	0.02028	0.00930	0.00271	0.00402	0.01729	0.00728	0.00655
15	0.01596	0.01378	0.01667	0.06938	0.02128	0.01091	0.01021	0.01955	0.01603	0.02481	0.01378	0.01646	0.01139	0.00591	0.00591	0.00127	0.00612	0.00478	0.00450	0.71129
16	0.11296	0.08145	0.02302	0.01713	0.02268	0.18460	0.01397	0.38345	0.02873	0.03769	0.01553	0.01634	0.01163	0.00854	0.00702	0.00220	0.00953	0.00597	0.00617	0.01139
17	0.01451	0.01210	0.01433	0.01146	0.01663	0.00963	0.00879	0.01808	0.03891	0.02413	0.02175	0.19560	0.02201	0.01061	0.00687	0.00171	0.00544	0.00917	0.00537	0.55287
18	0.01347	0.00673	0.01010	0.01010	0.01010	0.00673	0.00673	0.01010	0.01010	0.01347	0.01347	0.02357	0.01347	0.02694	0.03030	0.77441	0.00673	0.00673	0.00337	0.00337
19	0.01820	0.01741	0.02968	0.19211	0.54239	0.01816	0.02330	0.02292	0.01718	0.02412	0.01441	0.01951	0.01186	0.00709	0.00769	0.00236	0.00946	0.00690	0.00375	0.01148
20	0.06311	0.01254	0.01333	0.01178	0.01413	0.01361	0.00833	0.15790	0.12034	0.02642	0.02346	0.03792	0.02298	0.41266	0.02540	0.00529	0.00743	0.00951	0.00588	0.00799
21	0.01762	0.01915	0.03857	0.08442	0.03731	0.01857	0.47202	0.02330	0.01731	0.02402	0.01488	0.02000	0.01149	0.00706	0.00983	0.00249	0.06446	0.00822	0.00393	0.10536
22	0.01747	0.01780	0.02367	0.02034	0.02051	0.05195	0.01688	0.01918	0.01230	0.01867	0.01025	0.01684	0.01017	0.01334	0.02467	0.00333	0.68399	0.00671	0.00342	0.00850
23	0.01608	0.01378	0.01608	0.01148	0.01837	0.01034	0.00919	0.01952	0.01608	0.02527	0.01378	0.01608	0.01148	0.00574	0.00574	0.00115	0.00574	0.00459	0.00459	0.77491
24	0.01128	0.00752	0.00846	0.00846	0.00846	0.00752	0.00470	0.01128	0.01128	0.01503	0.02443	0.05074	0.02819	0.72751	0.03946	0.00752	0.00752	0.01128	0.00470	0.00470
25	0.01696	0.01696	0.02375	0.02036	0.02036	0.02375	0.01696	0.01866	0.01187	0.01866	0.01018	0.01696	0.01018	0.01357	0.02545	0.00339	0.71332	0.00679	0.00339	0.00848
26	0.78228	0.01499	0.01140	0.01020	0.01499	0.01739	0.00840	0.02279	0.01320	0.03479	0.01080	0.01260	0.00840	0.00720	0.00480	0.00240	0.00600	0.00420	0.00480	0.00840
27	0.01463	0.01351	0.02258	0.67945	0.05154	0.01681	0.02086	0.01974	0.01554	0.02019	0.01426	0.02102	0.01074	0.00781	0.00765	0.00255	0.01005	0.00690	0.03561	0.00856
28	0.00962	0.00687	0.00920	0.01100	0.01152	0.00645	0.00750	0.01110	0.01502	0.01999	0.04264	0.68589	0.05090	0.02413	0.00994	0.00317	0.00465	0.05687	0.00719	0.00635
29	0.01929	0.01666	0.01753	0.01578	0.02016	0.01929	0.01227	0.04120	0.66513	0.03243	0.03156	0.02893	0.02367	0.01052	0.00789	0.00263	0.00614	0.00877	0.00789	0.01227
30	0.02947	0.02172	0.02327	0.01784	0.02404	0.02404	0.01474	0.65329	0.03646	0.04887	0.01862	0.01862	0.01319	0.00931	0.00776	0.00233	0.00853	0.00698	0.00776	0.01319
31	0.02432	0.02951	0.01950	0.01802	0.02134	0.51796	0.01361	0.02651	0.01950	0.01872	0.01427	0.01826	0.01243	0.02102	0.18622	0.00472	0.01575	0.00585	0.00404	0.00845
32	0.01249	0.00892	0.01249	0.01428	0.01606	0.00892	0.01249	0.01606	0.01785	0.02320	0.04105	0.08746	0.04462	0.02142	0.01071	0.00357	0.00714	0.62695	0.00714	0.00714
33	0.02880	0.01574	0.01879	0.01485	0.02012	0.01585	0.01203	0.28491	0.02706	0.32184	0.05484	0.08016	0.02194	0.03477	0.00906	0.00260	0.00712	0.00897	0.00845	0.01211
34	0.01445	0.00723	0.00723	0.00723	0.00903	0.00723	0.00542	0.01807	0.01626	0.02891	0.02529	0.02891	0.01987	0.00903	0.00542	0.00181	0.00361	0.00723	0.77055	0.00723
35	0.01919	0.01842	0.03147	0.04759	0.67914	0.01842	0.02380	0.02380	0.01765	0.02533	0.01458	0.01919	0.01228	0.00691	0.00768	0.00230	0.00921	0.00691	0.00384	0.01228
36	0.01498	0.01424	0.02333	0.60944	0.04863	0.01817	0.02087	0.01964	0.01498	0.01964	0.01326	0.02014	0.01031	0.00859	0.01031	0.00270	0.11186	0.00688	0.00344	0.00859
37	0.01445	0.00723	0.00723	0.00723	0.00903	0.00723	0.00542	0.01807	0.01626	0.02891	0.02529	0.02891	0.01987	0.00903	0.00542	0.00181	0.00361	0.00723	0.77055	0.00723
38	0.05136	0.03873	0.60607	0.02140	0.03199	0.06956	0.02669	0.02496	0.01665	0.02460	0.01363	0.01602	0.00977	0.00741	0.00722	0.00242	0.01140	0.00560	0.00340	0.01113
39	0.01585	0.01675	0.03266	0.11888	0.03432	0.01660	0.37743	0.02165	0.04423	0.02334	0.02708	0.07412	0.11449	0.01023	0.00954	0.00267	0.03545	0.01065	0.00471	0.00935
40	0.01830	0.02092	0.04575	0.03268	0.04052	0.01961	0.65098	0.02484	0.01830	0.02484	0.01569	0.02092	0.01176	0.00654	0.00915	0.00261	0.01307	0.00915	0.00392	0.01046
41	0.02947	0.02172	0.02327	0.01784	0.02404	0.02404	0.01474	0.65329	0.03646	0.04887	0.01862	0.01862	0.01319	0.00931	0.00776	0.00233	0.00853	0.00698	0.00776	0.01319
42	0.01608	0.01378	0.01608	0.01148	0.01837	0.01034	0.00919	0.01952	0.01608	0.02527	0.01378	0.01608	0.01148	0.00574	0.00574	0.00115	0.00574	0.00459	0.00459	0.77491
43	0.01091	0.00788	0.01031	0.00980	0.01157	0.00728	0.00731	0.01448	0.02167	0.03065	0.65008	0.08416	0.07230	0.01618	0.00917	0.00247	0.00369	0.01434	0.00848	0.00728
44	0.01507	0.01437	0.02335	0.58218	0.04732	0.01843	0.02069	0.01960	0.01484	0.01960	0.01312	0.01999	0.01031	0.00882	0.01101	0.00273	0.13969	0.00687	0.00344	0.00859
45	0.01108	0.00831	0.01246	0.01246	0.01385	0.00969	0.00969	0.01385	0.01246	0.01800	0.02077	0.03046	0.01938	0.05815	0.69678	0.01246	0.02077	0.00831	0.00415	0.00692
46	0.02073	0.73217	0.04063	0.01327	0.01990	0.03068	0.01327	0.02322	0.01575	0.01824	0.01078	0.01244	0.00995	0.00663	0.00498	0.00166	0.00829	0.00415	0.00332	0.00995
47	0.02947	0.02172	0.02327	0.01784	0.02404	0.02404	0.01474	0.65329	0.03646	0.04887	0.01862	0.01862	0.01319	0.00931	0.00776	0.00233	0.00853	0.00698	0.00776	0.01319
48	0.01128	0.00752	0.00846	0.00846	0.00846	0.00752	0.00470	0.01128	0.01128	0.01503	0.02443	0.05074	0.02819	0.72751	0.03946	0.00752	0.00752	0.01128	0.00470	0.00470
49	0.01823	0.39772	0.35316	0.01754	0.02650	0.02456	0.02070	0.02386	0.01605	0.02129	0.01229	0.01434	0.00989	0.00699	0.00613	0.00204	0.00982	0.00491	0.00330	0.01068
50	0.02906	0.02151	0.02304	0.01776	0.02389	0.02385	0.01464	0.62848	0.06193	0.04820	0.01914	0.01903	0.01361	0.00936	0.00776	0.00234	0.00844	0.00705	0.00776	0.01315
51	0.00945	0.00675	0.00900	0.01080	0.01125	0.00630	0.00720	0.01080	0.01484	0.01979	0.04274	0.72245	0.05128	0.02429	0.00990	0.00315	0.00450	0.02204	0.00720	0.00630
