[name]
unknown

[dist]
# distance from previous block
# <min> <max>
0	39

[block]
# block no. 0 follows, 23 sequences, length 6
# corresponding to MSA columns:
# 39-44
name=unknown_A
#
# <colnr> <probs for GDERKNQSTAVLIFYWHMCP>
#	G	D	E	R	K	N	Q	S	T	A	V	L	I	F	Y	W	H	M	C	P
0	0.01892	0.01423	0.01636	0.01501	0.01861	0.01515	0.01216	0.22025	0.10331	0.03404	0.07528	0.13874	0.08830	0.01676	0.00949	0.00298	0.00694	0.17555	0.00788	0.01004
1	0.01159	0.00869	0.01304	0.01304	0.01449	0.01014	0.01014	0.01449	0.01304	0.01884	0.02173	0.03188	0.02029	0.06086	0.68268	0.01304	0.02173	0.00869	0.00435	0.00724
2	0.01591	0.01478	0.02362	0.61410	0.05172	0.01829	0.02137	0.02341	0.09202	0.02231	0.01665	0.02267	0.01249	0.00846	0.00813	0.00271	0.01029	0.00745	0.00416	0.00947
3	0.02169	0.71972	0.04252	0.01388	0.02083	0.03211	0.01388	0.02430	0.01649	0.01909	0.01128	0.01302	0.01041	0.00694	0.00521	0.00174	0.00868	0.00434	0.00347	0.01041
4	0.06324	0.01666	0.02261	0.39698	0.04110	0.01941	0.01843	0.16330	0.07898	0.03013	0.01709	0.02114	0.01273	0.00858	0.00782	0.00254	0.00942	0.00710	0.00521	0.05754
5	0.67328	0.01592	0.01277	0.01144	0.01640	0.01846	0.00932	0.02639	0.09739	0.03608	0.01416	0.01543	0.01089	0.00799	0.00545	0.00254	0.00630	0.00502	0.00545	0.00932

[dist]
# distance from previous block
# <min> <max>
22	51

[block]
# block no. 1 follows, 23 sequences, length 7
# corresponding to MSA columns:
# 106-112
name=unknown_B
#
# <colnr> <probs for GDERKNQSTAVLIFYWHMCP>
#	G	D	E	R	K	N	Q	S	T	A	V	L	I	F	Y	W	H	M	C	P
0	0.06440	0.01537	0.01815	0.01453	0.02028	0.01486	0.01182	0.11603	0.12350	0.27107	0.05594	0.02862	0.02174	0.01014	0.00781	0.00235	0.00679	0.03510	0.00809	0.15340
1	0.01952	0.01312	0.01448	0.01317	0.01684	0.04130	0.01047	0.07220	0.11180	0.14639	0.10068	0.08253	0.17572	0.01551	0.00901	0.00276	0.00626	0.09655	0.04188	0.00982
2	0.01638	0.01628	0.02925	0.02212	0.02782	0.01503	0.28185	0.02080	0.01727	0.02454	0.02167	0.17060	0.02117	0.01115	0.00985	0.00248	0.05414	0.01103	0.00502	0.22154
3	0.02281	0.01675	0.01906	0.01455	0.02094	0.01575	0.01173	0.21473	0.06396	0.09276	0.02034	0.05544	0.01627	0.00886	0.00723	0.00191	0.00696	0.00711	0.00667	0.37618
4	0.01532	0.01442	0.02434	0.69533	0.05589	0.01803	0.02253	0.02073	0.01622	0.02073	0.01442	0.02163	0.01082	0.00811	0.00811	0.00270	0.01082	0.00721	0.00361	0.00901
5	0.01114	0.00838	0.01023	0.01015	0.01219	0.00765	0.00775	0.01419	0.02037	0.02723	0.36605	0.06948	0.24577	0.06121	0.01173	0.00309	0.00464	0.09345	0.00807	0.00722
6	0.03085	0.02273	0.02435	0.01867	0.02516	0.02516	0.01542	0.63716	0.03815	0.05114	0.01948	0.01948	0.01380	0.00974	0.00812	0.00244	0.00893	0.00731	0.00812	0.01380

[dist]
# distance from previous block
# <min> <max>
0	1

[block]
# block no. 2 follows, 23 sequences, length 31
# corresponding to MSA columns:
# 114-144
name=unknown_C
#
# <colnr> <probs for GDERKNQSTAVLIFYWHMCP>
#	G	D	E	R	K	N	Q	S	T	A	V	L	I	F	Y	W	H	M	C	P
0	0.01178	0.00865	0.01161	0.04031	0.01441	0.00824	0.00875	0.01567	0.02232	0.03135	0.58123	0.06146	0.07126	0.01670	0.00964	0.00266	0.00443	0.06325	0.00858	0.00770
1	0.01683	0.01442	0.01683	0.01202	0.01923	0.01082	0.00961	0.02043	0.01683	0.02644	0.01442	0.01683	0.01202	0.00601	0.00601	0.00120	0.00601	0.00481	0.00481	0.76444
2	0.02008	0.01928	0.03294	0.04981	0.66422	0.01928	0.02490	0.02490	0.01848	0.02651	0.01526	0.02008	0.01285	0.00723	0.00803	0.00241	0.00964	0.00723	0.00402	0.01285
3	0.01308	0.00934	0.01308	0.01494	0.01681	0.00934	0.01308	0.01681	0.01868	0.02428	0.04296	0.09153	0.04670	0.02242	0.01121	0.00374	0.00747	0.60960	0.00747	0.00747
4	0.77215	0.01569	0.01193	0.01067	0.01569	0.01820	0.00879	0.02385	0.01381	0.03641	0.01130	0.01318	0.00879	0.00753	0.00502	0.00251	0.00628	0.00439	0.00502	0.00879
5	0.01148	0.00829	0.01085	0.01021	0.01212	0.00766	0.00766	0.01531	0.02297	0.03254	0.65994	0.06061	0.07656	0.01659	0.00957	0.00255	0.00383	0.01467	0.00893	0.00766
6	0.01532	0.01442	0.02434	0.69533	0.05589	0.01803	0.02253	0.02073	0.01622	0.02073	0.01442	0.02163	0.01082	0.00811	0.00811	0.00270	0.01082	0.00721	0.00361	0.00901
7	0.03641	0.01381	0.01883	0.01444	0.02071	0.01193	0.01193	0.03954	0.02322	0.66984	0.03201	0.02762	0.02009	0.01004	0.00816	0.00251	0.00690	0.00816	0.01004	0.01381
8	0.01521	0.01432	0.02449	0.60354	0.05157	0.01731	0.05416	0.02057	0.01694	0.02198	0.06759	0.02485	0.01630	0.00874	0.00831	0.00269	0.01040	0.00795	0.00407	0.00901
9	0.00975	0.00823	0.00844	0.00838	0.01106	0.00692	0.00629	0.01195	0.01886	0.02279	0.12969	0.07665	0.61289	0.02022	0.00959	0.00272	0.00409	0.01692	0.00765	0.00692
10	0.03459	0.01488	0.01927	0.01498	0.02113	0.01376	0.01231	0.09189	0.07601	0.56367	0.03100	0.02713	0.01992	0.01010	0.00816	0.00252	0.00704	0.00817	0.00973	0.01373
11	0.01771	0.20136	0.49004	0.02153	0.03213	0.02207	0.05862	0.02538	0.01709	0.02415	0.01388	0.01641	0.01042	0.00748	0.00722	0.00238	0.01130	0.00580	0.00347	0.01156
12	0.01409	0.00705	0.01057	0.01057	0.01057	0.00705	0.00705	0.01057	0.01057	0.01409	0.01409	0.02467	0.01409	0.02819	0.03171	0.76392	0.00705	0.00705	0.00352	0.00352
13	0.01683	0.01442	0.01683	0.01202	0.01923	0.01082	0.00961	0.02043	0.01683	0.02644	0.01442	0.01683	0.01202	0.00601	0.00601	0.00120	0.00601	0.00481	0.00481	0.76444
14	0.01683	0.01442	0.01683	0.01202	0.01923	0.01082	0.00961	0.02043	0.01683	0.02644	0.01442	0.01683	0.01202	0.00601	0.00601	0.00120	0.00601	0.00481	0.00481	0.76444
15	0.01532	0.01442	0.02434	0.69533	0.05589	0.01803	0.02253	0.02073	0.01622	0.02073	0.01442	0.02163	0.01082	0.00811	0.00811	0.00270	0.01082	0.00721	0.00361	0.00901
16	0.01544	0.01458	0.02436	0.66240	0.05420	0.01836	0.02230	0.02067	0.01604	0.02067	0.01424	0.02144	0.01081	0.00841	0.00902	0.00275	0.04449	0.00721	0.00360	0.00901
17	0.03037	0.02065	0.17358	0.01651	0.02397	0.01398	0.01618	0.06196	0.02244	0.46367	0.05297	0.02612	0.01979	0.00974	0.00811	0.00252	0.00807	0.00788	0.00835	0.01313
18	0.01778	0.01914	0.03830	0.09630	0.03777	0.01924	0.42110	0.02329	0.01767	0.02431	0.01761	0.07390	0.01512	0.00923	0.01134	0.00280	0.09381	0.00985	0.00429	0.04717
19	0.03085	0.02273	0.02435	0.01867	0.02516	0.02516	0.01542	0.63716	0.03815	0.05114	0.01948	0.01948	0.01380	0.00974	0.00812	0.00244	0.00893	0.00731	0.00812	0.01380
20	0.01554	0.01471	0.02438	0.63662	0.05287	0.01862	0.02212	0.02063	0.01589	0.02063	0.01409	0.02130	0.01080	0.00864	0.00973	0.00278	0.07085	0.00720	0.00360	0.00900
21	0.01627	0.04197	0.67279	0.02313	0.03512	0.01884	0.02998	0.02570	0.01713	0.02570	0.01456	0.01713	0.01028	0.00771	0.00771	0.00257	0.01199	0.00600	0.00343	0.01199
22	0.03085	0.02273	0.02435	0.01867	0.02516	0.02516	0.01542	0.63716	0.03815	0.05114	0.01948	0.01948	0.01380	0.00974	0.00812	0.00244	0.00893	0.00731	0.00812	0.01380
23	0.00989	0.00706	0.00942	0.01130	0.01177	0.00659	0.00753	0.01130	0.01554	0.02071	0.04472	0.70954	0.05367	0.02542	0.01036	0.00330	0.00471	0.02307	0.00753	0.00659
24	0.01069	0.00835	0.01277	0.01329	0.01444	0.00780	0.06217	0.01258	0.01585	0.02117	0.04226	0.64964	0.05006	0.02380	0.01029	0.00325	0.00549	0.02189	0.00723	0.00697
25	0.01627	0.04197	0.67279	0.02313	0.03512	0.01884	0.02998	0.02570	0.01713	0.02570	0.01456	0.01713	0.01028	0.00771	0.00771	0.00257	0.01199	0.00600	0.00343	0.01199
26	0.03031	0.03867	0.02299	0.02090	0.02508	0.68226	0.01568	0.03240	0.02299	0.01986	0.01254	0.01463	0.01045	0.00836	0.00732	0.00209	0.01463	0.00523	0.00418	0.00941
27	0.77215	0.01569	0.01193	0.01067	0.01569	0.01820	0.00879	0.02385	0.01381	0.03641	0.01130	0.01318	0.00879	0.00753	0.00502	0.00251	0.00628	0.00439	0.00502	0.00879
28	0.02027	0.02358	0.04538	0.03286	0.04067	0.08706	0.57250	0.02664	0.01954	0.02538	0.01603	0.02116	0.01212	0.00699	0.00935	0.00267	0.01378	0.00914	0.00411	0.01079
29	0.14796	0.04774	0.01667	0.01400	0.01810	0.17748	0.01095	0.10609	0.06460	0.02918	0.03211	0.06196	0.15297	0.01199	0.00749	0.00241	0.00802	0.00914	0.07179	0.00934
30	0.42741	0.01940	0.08173	0.01403	0.02005	0.01877	0.01263	0.16339	0.02091	0.09364	0.04712	0.01859	0.01438	0.00871	0.00649	0.00250	0.00738	0.00604	0.00619	0.01062

[dist]
# distance from previous block
# <min> <max>
3	22

[block]
# block no. 3 follows, 23 sequences, length 8
# corresponding to MSA columns:
# 167-174
name=unknown_D
#
# <colnr> <probs for GDERKNQSTAVLIFYWHMCP>
#	G	D	E	R	K	N	Q	S	T	A	V	L	I	F	Y	W	H	M	C	P
0	0.03977	0.12481	0.21462	0.01577	0.02228	0.01694	0.01633	0.06443	0.04741	0.07975	0.16614	0.03420	0.06490	0.03138	0.00893	0.00263	0.00797	0.02519	0.00615	0.01039
1	0.41833	0.01592	0.01823	0.25058	0.06652	0.01867	0.01490	0.06384	0.01653	0.03141	0.01315	0.01692	0.01005	0.00786	0.00647	0.00257	0.00822	0.00572	0.00468	0.00943
2	0.01130	0.00853	0.01053	0.01087	0.01263	0.00750	0.00746	0.01297	0.01553	0.02118	0.04008	0.45687	0.09214	0.10767	0.01340	0.00346	0.00528	0.01802	0.00673	0.13782
3	0.02145	0.01556	0.01550	0.01361	0.01738	0.11277	0.01054	0.02751	0.11467	0.18310	0.27249	0.04266	0.09223	0.01327	0.00870	0.00252	0.00661	0.01107	0.00827	0.01010
4	0.01555	0.01473	0.02438	0.63370	0.05272	0.01865	0.02210	0.02062	0.01588	0.02062	0.01408	0.02128	0.01080	0.00867	0.00981	0.00278	0.07383	0.00720	0.00360	0.00900
5	0.64024	0.01441	0.01174	0.01059	0.01507	0.01637	0.00859	0.02237	0.01540	0.03574	0.12378	0.02141	0.02054	0.00910	0.00581	0.00252	0.00585	0.00618	0.00570	0.00859
6	0.54705	0.01520	0.01318	0.01222	0.01677	0.01744	0.01003	0.02631	0.12466	0.03447	0.01902	0.02592	0.01629	0.00999	0.00635	0.00271	0.00645	0.08072	0.00589	0.00933
7	0.01456	0.01061	0.04827	0.01190	0.01458	0.00863	0.00962	0.01805	0.02080	0.10861	0.37941	0.20419	0.05937	0.01755	0.00954	0.00277	0.00502	0.03975	0.00838	0.00841

[dist]
# distance from previous block
# <min> <max>
3	7

[block]
# block no. 4 follows, 23 sequences, length 6
# corresponding to MSA columns:
# 182-187
name=unknown_E
#
# <colnr> <probs for GDERKNQSTAVLIFYWHMCP>
#	G	D	E	R	K	N	Q	S	T	A	V	L	I	F	Y	W	H	M	C	P
0	0.13970	0.01559	0.02534	0.49799	0.04757	0.01838	0.09924	0.02192	0.01621	0.02398	0.01417	0.02028	0.01068	0.00785	0.00780	0.00268	0.01044	0.00705	0.00390	0.00923
1	0.13825	0.01204	0.01696	0.32537	0.03245	0.01401	0.01449	0.01847	0.01586	0.02429	0.09918	0.05973	0.02203	0.01303	0.01132	0.11667	0.00797	0.00848	0.04162	0.00779
2	0.02775	0.01971	0.02151	0.01737	0.02315	0.02171	0.01406	0.34992	0.25400	0.12338	0.02589	0.02436	0.01850	0.01023	0.00817	0.00256	0.00778	0.00808	0.00841	0.01346
3	0.01792	0.01707	0.02903	0.34327	0.38766	0.01871	0.02383	0.02301	0.01745	0.02388	0.01488	0.02079	0.01193	0.00763	0.00807	0.00254	0.01017	0.00722	0.00383	0.01111
4	0.02106	0.64065	0.11605	0.01496	0.02249	0.03056	0.01576	0.02446	0.01656	0.01986	0.01166	0.01350	0.01040	0.00703	0.00550	0.00183	0.00906	0.00453	0.00347	0.01060
5	0.02324	0.12827	0.02019	0.01318	0.01783	0.01518	0.01097	0.10297	0.02391	0.22798	0.28023	0.03750	0.04048	0.01214	0.00824	0.00239	0.00621	0.01005	0.00828	0.01077

[dist]
# distance from previous block
# <min> <max>
9	17

[block]
# block no. 5 follows, 23 sequences, length 32
# corresponding to MSA columns:
# 205-236
name=unknown_F
#
# <colnr> <probs for GDERKNQSTAVLIFYWHMCP>
#	G	D	E	R	K	N	Q	S	T	A	V	L	I	F	Y	W	H	M	C	P
0	0.06973	0.02012	0.02281	0.01764	0.02380	0.02145	0.04116	0.45083	0.03188	0.07910	0.02069	0.06210	0.01611	0.01015	0.00797	0.00240	0.00836	0.00805	0.00755	0.07809
1	0.01609	0.01414	0.01865	0.18662	0.02824	0.01299	0.01312	0.01996	0.01642	0.02438	0.01597	0.05697	0.01399	0.00797	0.00763	0.00180	0.03537	0.00654	0.00460	0.49853
2	0.01370	0.00902	0.01126	0.01120	0.01252	0.00895	0.00773	0.05443	0.01708	0.05905	0.11957	0.27295	0.04191	0.23925	0.07930	0.00538	0.00747	0.01528	0.00681	0.00715
3	0.07784	0.02069	0.02210	0.19002	0.03130	0.09381	0.01600	0.30145	0.02689	0.03597	0.01931	0.02149	0.04105	0.00926	0.00774	0.00240	0.00945	0.00712	0.00607	0.06006
4	0.01500	0.01035	0.01253	0.01252	0.01460	0.01039	0.00914	0.08214	0.07607	0.06580	0.07549	0.39033	0.07748	0.06528	0.01176	0.00335	0.00570	0.04598	0.00772	0.00837
5	0.01809	0.01558	0.02301	0.48396	0.04517	0.01831	0.01952	0.14005	0.02048	0.02696	0.01728	0.06347	0.01411	0.00938	0.00814	0.00261	0.00981	0.00808	0.00479	0.05121
6	0.17703	0.01219	0.01388	0.01204	0.01585	0.01224	0.00960	0.07419	0.02222	0.16142	0.32217	0.04186	0.04476	0.01304	0.00828	0.00257	0.00552	0.03331	0.00821	0.00963
7	0.01163	0.00779	0.00890	0.00907	0.00911	0.00775	0.00515	0.01176	0.01213	0.01618	0.02728	0.11184	0.03166	0.65314	0.03853	0.00746	0.00758	0.01281	0.00515	0.00507
8	0.02247	0.01383	0.01757	0.05853	0.02169	0.01144	0.01107	0.02607	0.01917	0.22666	0.06172	0.02334	0.01863	0.00809	0.00705	0.00180	0.00647	0.00665	0.00662	0.43112
9	0.01683	0.01442	0.01683	0.01202	0.01923	0.01082	0.00961	0.02043	0.01683	0.02644	0.01442	0.01683	0.01202	0.00601	0.00601	0.00120	0.00601	0.00481	0.00481	0.76444
10	0.00989	0.00706	0.00942	0.01130	0.01177	0.00659	0.00753	0.01130	0.01554	0.02071	0.04472	0.70954	0.05367	0.02542	0.01036	0.00330	0.00471	0.02307	0.00753	0.00659
11	0.01532	0.01442	0.02434	0.69533	0.05589	0.01803	0.02253	0.02073	0.01622	0.02073	0.01442	0.02163	0.01082	0.00811	0.00811	0.00270	0.01082	0.00721	0.00361	0.00901
12	0.01919	0.02177	0.04720	0.03491	0.07063	0.02046	0.60707	0.02594	0.01912	0.02602	0.01636	0.02181	0.01234	0.00686	0.00951	0.00272	0.01350	0.00947	0.00410	0.01103
13	0.01532	0.01442	0.02434	0.69533	0.05589	0.01803	0.02253	0.02073	0.01622	0.02073	0.01442	0.02163	0.01082	0.00811	0.00811	0.00270	0.01082	0.00721	0.00361	0.00901
14	0.03085	0.02273	0.02435	0.01867	0.02516	0.02516	0.01542	0.63716	0.03815	0.05114	0.01948	0.01948	0.01380	0.00974	0.00812	0.00244	0.00893	0.00731	0.00812	0.01380
15	0.02956	0.03210	0.02278	0.01961	0.02448	0.43738	0.01517	0.22914	0.02775	0.03017	0.01792	0.01905	0.04055	0.00936	0.00768	0.00223	0.01230	0.00644	0.00562	0.01073
16	0.03085	0.02273	0.02435	0.01867	0.02516	0.02516	0.01542	0.63716	0.03815	0.05114	0.01948	0.01948	0.01380	0.00974	0.00812	0.00244	0.00893	0.00731	0.00812	0.01380
17	0.01627	0.04197	0.67279	0.02313	0.03512	0.01884	0.02998	0.02570	0.01713	0.02570	0.01456	0.01713	0.01028	0.00771	0.00771	0.00257	0.01199	0.00600	0.00343	0.01199
18	0.01087	0.00822	0.01003	0.00969	0.01177	0.00738	0.00723	0.01408	0.02135	0.02897	0.46686	0.09543	0.24220	0.01812	0.00961	0.00264	0.00395	0.01576	0.00847	0.00738
19	0.02018	0.01743	0.01835	0.01651	0.02110	0.02018	0.01284	0.04312	0.64956	0.03394	0.03303	0.03027	0.02477	0.01101	0.00826	0.00275	0.00642	0.00917	0.00826	0.01284
20	0.00989	0.00706	0.00942	0.01130	0.01177	0.00659	0.00753	0.01130	0.01554	0.02071	0.04472	0.70954	0.05367	0.02542	0.01036	0.00330	0.00471	0.02307	0.00753	0.00659
21	0.03085	0.02273	0.02435	0.01867	0.02516	0.02516	0.01542	0.63716	0.03815	0.05114	0.01948	0.01948	0.01380	0.00974	0.00812	0.00244	0.00893	0.00731	0.00812	0.01380
22	0.01627	0.04197	0.67279	0.02313	0.03512	0.01884	0.02998	0.02570	0.01713	0.02570	0.01456	0.01713	0.01028	0.00771	0.00771	0.00257	0.01199	0.00600	0.00343	0.01199
23	0.01915	0.02189	0.04788	0.03420	0.04241	0.02052	0.63475	0.02599	0.01915	0.02599	0.01642	0.02189	0.01231	0.00684	0.00958	0.00274	0.01368	0.00958	0.00410	0.01094
24	0.02169	0.71972	0.04252	0.01388	0.02083	0.03211	0.01388	0.02430	0.01649	0.01909	0.01128	0.01302	0.01041	0.00694	0.00521	0.00174	0.00868	0.00434	0.00347	0.01041
25	0.01664	0.08747	0.63048	0.02251	0.03416	0.01973	0.02890	0.02560	0.01709	0.02525	0.01434	0.01686	0.01029	0.00766	0.00754	0.00251	0.01177	0.00588	0.00343	0.01189
26	0.06571	0.02994	0.02103	0.01859	0.02326	0.43174	0.01425	0.03485	0.11347	0.14147	0.01901	0.01920	0.01421	0.00901	0.00750	0.00228	0.01163	0.00629	0.00588	0.01068
27	0.01627	0.04197	0.67279	0.02313	0.03512	0.01884	0.02998	0.02570	0.01713	0.02570	0.01456	0.01713	0.01028	0.00771	0.00771	0.00257	0.01199	0.00600	0.00343	0.01199
28	0.01320	0.00872	0.01150	0.01077	0.01297	0.00804	0.00827	0.01698	0.02272	0.07332	0.58112	0.06039	0.07106	0.01652	0.00958	0.00262	0.00425	0.05102	0.00891	0.00804
29	0.01692	0.16087	0.51568	0.02061	0.03102	0.02046	0.02560	0.02475	0.01741	0.02498	0.05730	0.01931	0.01475	0.00817	0.00739	0.00242	0.01085	0.00628	0.00380	0.01142
30	0.17246	0.01485	0.01585	0.01321	0.01779	0.01559	0.01060	0.18212	0.06253	0.10766	0.18583	0.03311	0.05849	0.01148	0.00778	0.00246	0.00622	0.00916	0.03647	0.03637
31	0.01543	0.01457	0.02436	0.66562	0.05436	0.01833	0.02232	0.02068	0.01606	0.02068	0.01426	0.02146	0.01081	0.00838	0.00893	0.00274	0.04120	0.00721	0.00360	0.00901

[dist]
# distance from previous block
# <min> <max>
0	7

[block]
# block no. 6 follows, 23 sequences, length 31
# corresponding to MSA columns:
# 244-274
name=unknown_G
#
# <colnr> <probs for GDERKNQSTAVLIFYWHMCP>
#	G	D	E	R	K	N	Q	S	T	A	V	L	I	F	Y	W	H	M	C	P
0	0.01273	0.01069	0.01662	0.24142	0.08579	0.01163	0.01427	0.01585	0.01614	0.02137	0.03195	0.39714	0.03553	0.01793	0.00943	0.00303	0.00728	0.03728	0.00591	0.00799
1	0.01161	0.00793	0.00895	0.00895	0.00923	0.00787	0.00521	0.01189	0.01240	0.01636	0.03014	0.05439	0.08171	0.63280	0.06244	0.00763	0.00807	0.01213	0.00511	0.00516
2	0.01532	0.01442	0.02434	0.69533	0.05589	0.01803	0.02253	0.02073	0.01622	0.02073	0.01442	0.02163	0.01082	0.00811	0.00811	0.00270	0.01082	0.00721	0.00361	0.00901
3	0.01585	0.03896	0.61363	0.02197	0.03306	0.01784	0.02798	0.02477	0.01765	0.02631	0.07224	0.02102	0.01620	0.00850	0.00788	0.00257	0.01126	0.00677	0.00392	0.01160
4	0.01159	0.00869	0.01304	0.01304	0.01449	0.01014	0.01014	0.01449	0.01304	0.01884	0.02173	0.03188	0.02029	0.06086	0.68268	0.01304	0.02173	0.00869	0.00435	0.00724
5	0.77215	0.01569	0.01193	0.01067	0.01569	0.01820	0.00879	0.02385	0.01381	0.03641	0.01130	0.01318	0.00879	0.00753	0.00502	0.00251	0.00628	0.00439	0.00502	0.00879
6	0.03085	0.02273	0.02435	0.01867	0.02516	0.02516	0.01542	0.63716	0.03815	0.05114	0.01948	0.01948	0.01380	0.00974	0.00812	0.00244	0.00893	0.00731	0.00812	0.01380
7	0.02018	0.01743	0.01835	0.01651	0.02110	0.02018	0.01284	0.04312	0.64956	0.03394	0.03303	0.03027	0.02477	0.01101	0.00826	0.00275	0.00642	0.00917	0.00826	0.01284
8	0.03085	0.02273	0.02435	0.01867	0.02516	0.02516	0.01542	0.63716	0.03815	0.05114	0.01948	0.01948	0.01380	0.00974	0.00812	0.00244	0.00893	0.00731	0.00812	0.01380
9	0.03085	0.02273	0.02435	0.01867	0.02516	0.02516	0.01542	0.63716	0.03815	0.05114	0.01948	0.01948	0.01380	0.00974	0.00812	0.00244	0.00893	0.00731	0.00812	0.01380
10	0.00959	0.00822	0.00822	0.00822	0.01096	0.00685	0.00617	0.01165	0.01850	0.02192	0.08220	0.07809	0.66092	0.02055	0.00959	0.00274	0.00411	0.01713	0.00754	0.00685
11	0.02348	0.57833	0.03847	0.01534	0.02171	0.16708	0.01426	0.02598	0.01784	0.01925	0.01154	0.01335	0.01042	0.00724	0.00564	0.00181	0.00991	0.00452	0.00362	0.01020
12	0.01335	0.07413	0.01389	0.01115	0.01399	0.01063	0.00871	0.01574	0.02078	0.02705	0.27993	0.06756	0.32514	0.01875	0.00991	0.00294	0.00528	0.06460	0.00811	0.00835
13	0.02066	0.02254	0.04698	0.03577	0.08719	0.02106	0.57548	0.02674	0.01993	0.02729	0.01782	0.02378	0.01381	0.00793	0.01006	0.00299	0.01372	0.00981	0.00464	0.01181
14	0.58941	0.01604	0.01416	0.01233	0.01750	0.01734	0.00992	0.02746	0.01664	0.15478	0.01732	0.01874	0.01288	0.00911	0.00634	0.00277	0.00682	0.00575	0.03421	0.01046
15	0.01164	0.00943	0.00992	0.00973	0.01241	0.00799	0.00717	0.01353	0.02017	0.02526	0.18923	0.07539	0.53687	0.02052	0.01018	0.00298	0.00464	0.01687	0.00824	0.00784
16	0.02021	0.01676	0.01936	0.01458	0.02116	0.01456	0.01159	0.10120	0.02016	0.03040	0.01634	0.01939	0.01362	0.00816	0.00844	0.00184	0.05644	0.00582	0.00567	0.59428
17	0.01981	0.13518	0.51091	0.02240	0.03284	0.08157	0.02657	0.02694	0.01846	0.02553	0.01546	0.01848	0.01183	0.00870	0.00797	0.00269	0.01215	0.00619	0.00406	0.01224
18	0.01943	0.02365	0.11521	0.03133	0.03921	0.01970	0.49368	0.02545	0.01942	0.02674	0.02026	0.08580	0.01730	0.00969	0.01003	0.00304	0.01300	0.01080	0.00488	0.01140
19	0.10222	0.02287	0.02396	0.01878	0.02513	0.02501	0.01528	0.56384	0.03618	0.05035	0.02011	0.02097	0.01475	0.01052	0.00845	0.00273	0.00913	0.00749	0.00826	0.01398
20	0.01304	0.00913	0.00993	0.00986	0.01051	0.00865	0.00590	0.01297	0.01401	0.01837	0.03688	0.05874	0.14276	0.57390	0.03542	0.00710	0.00768	0.01309	0.00590	0.00615
21	0.01141	0.00770	0.00897	0.00935	0.00945	0.00761	0.00545	0.01170	0.01256	0.01675	0.02947	0.18701	0.03443	0.57419	0.03499	0.00693	0.00722	0.01410	0.00545	0.00526
22	0.02034	0.53299	0.16036	0.01625	0.02357	0.02899	0.01725	0.02417	0.01627	0.02038	0.01185	0.01419	0.01041	0.00769	0.00746	0.00204	0.06684	0.00488	0.00347	0.01058
23	0.01275	0.00923	0.01262	0.01431	0.01626	0.00910	0.01242	0.01632	0.01866	0.02406	0.04667	0.09026	0.10477	0.02224	0.01105	0.00364	0.00715	0.55358	0.00748	0.00741
24	0.01016	0.00735	0.00916	0.01048	0.01118	0.00684	0.00692	0.01143	0.01531	0.02005	0.04656	0.51617	0.13088	0.13915	0.01539	0.00398	0.00515	0.02040	0.00710	0.00635
25	0.02757	0.02426	0.02292	0.06698	0.02655	0.15349	0.01548	0.35879	0.15188	0.03946	0.02037	0.02077	0.01505	0.00960	0.00799	0.00245	0.00971	0.00725	0.00704	0.01241
26	0.01904	0.02154	0.04596	0.03313	0.04065	0.02088	0.58340	0.02545	0.01859	0.02545	0.01594	0.02154	0.01217	0.00745	0.01100	0.00280	0.07080	0.00937	0.00406	0.01077
27	0.01162	0.00779	0.00890	0.00908	0.00913	0.00775	0.00516	0.01175	0.01215	0.01620	0.02738	0.11517	0.03179	0.64965	0.03837	0.00743	0.00757	0.01287	0.00516	0.00507
28	0.01971	0.07149	0.03647	0.05561	0.03277	0.08277	0.30021	0.02405	0.01692	0.02254	0.01367	0.01919	0.01138	0.00952	0.01474	0.00288	0.24435	0.00787	0.00386	0.00999
29	0.01889	0.02117	0.04558	0.03385	0.06509	0.01992	0.58044	0.02549	0.01910	0.02593	0.01769	0.02527	0.01404	0.00763	0.00960	0.00277	0.01322	0.03923	0.00427	0.01085
30	0.01635	0.10300	0.55310	0.02108	0.03168	0.01908	0.02643	0.02462	0.01760	0.02569	0.07284	0.02069	0.01631	0.00844	0.00764	0.00249	0.01094	0.00663	0.00393	0.01145

[dist]
# distance from previous block
# <min> <max>
0	1

[block]
# block no. 7 follows, 23 sequences, length 10
# corresponding to MSA columns:
# 276-285
name=unknown_H
#
# <colnr> <probs for GDERKNQSTAVLIFYWHMCP>
#	G	D	E	R	K	N	Q	S	T	A	V	L	I	F	Y	W	H	M	C	P
0	0.01559	0.01453	0.02439	0.60181	0.10409	0.01762	0.02218	0.02085	0.01656	0.02142	0.01617	0.02561	0.01309	0.00888	0.00829	0.00274	0.01052	0.04257	0.00387	0.00924
1	0.01715	0.01442	0.01678	0.01232	0.01910	0.01132	0.00980	0.05219	0.01787	0.02740	0.01647	0.05768	0.01456	0.00735	0.00638	0.00139	0.00609	0.00601	0.00514	0.68059
2	0.19134	0.56057	0.03560	0.01316	0.01967	0.02896	0.01273	0.02420	0.01588	0.02300	0.01128	0.01305	0.01005	0.00708	0.00516	0.00191	0.00813	0.00435	0.00382	0.01005
3	0.01884	0.02095	0.04267	0.03128	0.03764	0.02150	0.49527	0.02453	0.01763	0.02453	0.01511	0.02095	0.01194	0.00850	0.01343	0.00292	0.16882	0.00902	0.00398	0.01048
4	0.01532	0.01442	0.02434	0.69533	0.05589	0.01803	0.02253	0.02073	0.01622	0.02073	0.01442	0.02163	0.01082	0.00811	0.00811	0.00270	0.01082	0.00721	0.00361	0.00901
5	0.19711	0.02044	0.02154	0.07378	0.02561	0.02299	0.01452	0.44667	0.03080	0.04525	0.01721	0.01824	0.01242	0.00910	0.00742	0.00247	0.00849	0.00664	0.00704	0.01226
6	0.02705	0.01875	0.02070	0.01691	0.02243	0.02048	0.01361	0.30488	0.25052	0.14242	0.02736	0.05474	0.02041	0.01092	0.00827	0.00260	0.00754	0.00879	0.00845	0.01315
7	0.03384	0.01554	0.01966	0.01517	0.02127	0.01469	0.01249	0.17337	0.02659	0.49661	0.06206	0.02751	0.02162	0.01032	0.00822	0.00250	0.00720	0.00831	0.00955	0.01348
8	0.08353	0.01641	0.01812	0.01341	0.02027	0.01468	0.01086	0.16013	0.02139	0.03286	0.01530	0.01712	0.01215	0.00698	0.00640	0.00159	0.00669	0.00534	0.00557	0.53119
9	0.02273	0.03939	0.02372	0.01772	0.02301	0.01418	0.15153	0.04811	0.06418	0.23589	0.19621	0.03707	0.06633	0.01154	0.00883	0.00257	0.00757	0.01057	0.00786	0.01099

[dist]
# distance from previous block
# <min> <max>
11	40

[block]
# block no. 8 follows, 23 sequences, length 35
# corresponding to MSA columns:
# 326-360
name=unknown_I
#
# <colnr> <probs for GDERKNQSTAVLIFYWHMCP>
#	G	D	E	R	K	N	Q	S	T	A	V	L	I	F	Y	W	H	M	C	P
0	0.08620	0.02825	0.31999	0.01879	0.02742	0.01791	0.02044	0.09211	0.09315	0.18510	0.02110	0.02107	0.01453	0.00884	0.00770	0.00256	0.00934	0.00688	0.00618	0.01244
1	0.02179	0.03508	0.37326	0.02120	0.03010	0.12529	0.02305	0.14976	0.08805	0.03067	0.01714	0.01857	0.01251	0.00856	0.00778	0.00249	0.01122	0.00646	0.00498	0.01203
2	0.01531	0.01396	0.02321	0.64901	0.05276	0.01732	0.02140	0.02061	0.01628	0.02137	0.01523	0.02221	0.01149	0.00820	0.00795	0.00265	0.01034	0.00723	0.05454	0.00892
3	0.01418	0.00889	0.01171	0.01067	0.01305	0.00812	0.00812	0.01794	0.02300	0.10156	0.59193	0.05704	0.07045	0.01588	0.00942	0.00255	0.00416	0.01397	0.00905	0.00832
4	0.01532	0.01442	0.02434	0.69533	0.05589	0.01803	0.02253	0.02073	0.01622	0.02073	0.01442	0.02163	0.01082	0.00811	0.00811	0.00270	0.01082	0.00721	0.00361	0.00901
5	0.02008	0.01928	0.03294	0.04981	0.66422	0.01928	0.02490	0.02490	0.01848	0.02651	0.01526	0.02008	0.01285	0.00723	0.00803	0.00241	0.00964	0.00723	0.00402	0.01285
6	0.02008	0.01928	0.03294	0.04981	0.66422	0.01928	0.02490	0.02490	0.01848	0.02651	0.01526	0.02008	0.01285	0.00723	0.00803	0.00241	0.00964	0.00723	0.00402	0.01285
7	0.03085	0.02273	0.02435	0.01867	0.02516	0.02516	0.01542	0.63716	0.03815	0.05114	0.01948	0.01948	0.01380	0.00974	0.00812	0.00244	0.00893	0.00731	0.00812	0.01380
8	0.77215	0.01569	0.01193	0.01067	0.01569	0.01820	0.00879	0.02385	0.01381	0.03641	0.01130	0.01318	0.00879	0.00753	0.00502	0.00251	0.00628	0.00439	0.00502	0.00879
9	0.77215	0.01569	0.01193	0.01067	0.01569	0.01820	0.00879	0.02385	0.01381	0.03641	0.01130	0.01318	0.00879	0.00753	0.00502	0.00251	0.00628	0.00439	0.00502	0.00879
10	0.02111	0.01722	0.01838	0.01639	0.02108	0.01971	0.01279	0.04291	0.61370	0.07035	0.03297	0.03012	0.02450	0.01095	0.00825	0.00274	0.00645	0.00912	0.00836	0.01290
11	0.01654	0.07559	0.64153	0.02267	0.03441	0.01950	0.02918	0.02563	0.01710	0.02537	0.01440	0.01693	0.01029	0.00767	0.00758	0.00253	0.01183	0.00591	0.00343	0.01191
12	0.03085	0.02273	0.02435	0.01867	0.02516	0.02516	0.01542	0.63716	0.03815	0.05114	0.01948	0.01948	0.01380	0.00974	0.00812	0.00244	0.00893	0.00731	0.00812	0.01380
13	0.03113	0.02227	0.02407	0.01845	0.02494	0.02449	0.01524	0.60666	0.03739	0.08272	0.02012	0.01990	0.01412	0.00976	0.00812	0.00244	0.00883	0.00735	0.00822	0.01380
14	0.00989	0.00706	0.00942	0.01130	0.01177	0.00659	0.00753	0.01130	0.01554	0.02071	0.04472	0.70954	0.05367	0.02542	0.01036	0.00330	0.00471	0.02307	0.00753	0.00659
15	0.77215	0.01569	0.01193	0.01067	0.01569	0.01820	0.00879	0.02385	0.01381	0.03641	0.01130	0.01318	0.00879	0.00753	0.00502	0.00251	0.00628	0.00439	0.00502	0.00879
16	0.02018	0.01743	0.01835	0.01651	0.02110	0.02018	0.01284	0.04312	0.64956	0.03394	0.03303	0.03027	0.02477	0.01101	0.00826	0.00275	0.00642	0.00917	0.00826	0.01284
17	0.03109	0.02234	0.02411	0.01849	0.02497	0.02459	0.01527	0.61117	0.03750	0.07805	0.02003	0.01984	0.01407	0.00975	0.00812	0.00244	0.00884	0.00734	0.00820	0.01380
18	0.08143	0.02225	0.02350	0.01812	0.02452	0.02469	0.01497	0.59531	0.03649	0.05013	0.01892	0.01905	0.01346	0.00959	0.00791	0.00244	0.00875	0.00711	0.00791	0.01346
19	0.00989	0.00706	0.00942	0.01130	0.01177	0.00659	0.00753	0.01130	0.01554	0.02071	0.04472	0.70954	0.05367	0.02542	0.01036	0.00330	0.00471	0.02307	0.00753	0.00659
20	0.01167	0.00781	0.00889	0.00902	0.00905	0.00778	0.00510	0.01177	0.01205	0.01607	0.02687	0.09789	0.03115	0.66779	0.03919	0.00755	0.00765	0.01257	0.00510	0.00503
21	0.01532	0.01442	0.02434	0.69533	0.05589	0.01803	0.02253	0.02073	0.01622	0.02073	0.01442	0.02163	0.01082	0.00811	0.00811	0.00270	0.01082	0.00721	0.00361	0.00901
22	0.02008	0.01928	0.03294	0.04981	0.66422	0.01928	0.02490	0.02490	0.01848	0.02651	0.01526	0.02008	0.01285	0.00723	0.00803	0.00241	0.00964	0.00723	0.00402	0.01285
23	0.00994	0.00717	0.00931	0.01099	0.01160	0.00666	0.00734	0.01134	0.01559	0.02060	0.04653	0.64090	0.09417	0.05192	0.01151	0.00344	0.00479	0.02222	0.00743	0.00654
24	0.01532	0.01442	0.02434	0.69533	0.05589	0.01803	0.02253	0.02073	0.01622	0.02073	0.01442	0.02163	0.01082	0.00811	0.00811	0.00270	0.01082	0.00721	0.00361	0.00901
25	0.10868	0.02285	0.02297	0.01795	0.02416	0.05971	0.01474	0.54028	0.03478	0.04791	0.01825	0.01856	0.01309	0.00943	0.00775	0.00242	0.00896	0.00689	0.00758	0.01304
26	0.03133	0.02080	0.02302	0.01777	0.02413	0.02245	0.01464	0.49565	0.06698	0.16497	0.02250	0.02155	0.01553	0.00986	0.00813	0.00247	0.00842	0.00756	0.00848	0.01375
27	0.03072	0.02661	0.02402	0.01921	0.02514	0.18510	0.01548	0.48996	0.03446	0.04352	0.01779	0.01830	0.01298	0.00940	0.00792	0.00235	0.01032	0.00680	0.00716	0.01273
28	0.01558	0.01493	0.02592	0.65080	0.05498	0.01820	0.06377	0.02109	0.01642	0.02109	0.01456	0.02165	0.01092	0.00803	0.00821	0.00271	0.01101	0.00737	0.00364	0.00914
29	0.66493	0.01574	0.01288	0.01139	0.01645	0.01802	0.00932	0.02642	0.07008	0.07173	0.01437	0.01549	0.01082	0.00798	0.00548	0.00253	0.00632	0.00502	0.00559	0.00943
30	0.01731	0.17168	0.55217	0.02136	0.03238	0.02138	0.02690	0.02543	0.01701	0.02443	0.01393	0.01634	0.01030	0.00756	0.00723	0.00241	0.01136	0.00568	0.00343	0.01169
31	0.01330	0.01013	0.01345	0.01295	0.01546	0.00947	0.04080	0.01766	0.08420	0.05002	0.04175	0.43668	0.10062	0.01969	0.00945	0.00289	0.00553	0.01769	0.00724	0.09101
32	0.01955	0.47837	0.23450	0.01655	0.02481	0.02689	0.01853	0.02431	0.01699	0.02175	0.04266	0.01651	0.01347	0.00763	0.00618	0.00203	0.00947	0.00533	0.00371	0.01077
33	0.42773	0.01550	0.01578	0.04835	0.05630	0.01713	0.01147	0.02885	0.11376	0.13506	0.04516	0.02088	0.01618	0.00885	0.00653	0.00255	0.00672	0.00645	0.00635	0.01040
34	0.57380	0.01667	0.01442	0.01208	0.01757	0.01852	0.00993	0.12083	0.01799	0.03768	0.01293	0.01457	0.00993	0.00772	0.00562	0.00236	0.00667	0.00490	0.00549	0.09032

[dist]
# distance from previous block
# <min> <max>
7	14

[block]
# block no. 9 follows, 23 sequences, length 49
# corresponding to MSA columns:
# 375-423
name=unknown_J
#
# <colnr> <probs for GDERKNQSTAVLIFYWHMCP>
#	G	D	E	R	K	N	Q	S	T	A	V	L	I	F	Y	W	H	M	C	P
0	0.07843	0.36239	0.13576	0.01562	0.02220	0.04817	0.01561	0.02607	0.09867	0.02380	0.01818	0.06332	0.01645	0.00954	0.00666	0.00226	0.00865	0.03311	0.00466	0.01045
1	0.02624	0.04884	0.06124	0.01596	0.02147	0.01668	0.01380	0.12895	0.09932	0.26627	0.04901	0.05765	0.02228	0.01138	0.00939	0.00259	0.05271	0.03754	0.00784	0.05083
2	0.07637	0.01999	0.02154	0.01655	0.02299	0.02106	0.01357	0.42221	0.05860	0.07241	0.01911	0.01939	0.01389	0.00893	0.00751	0.00221	0.00798	0.00674	0.00735	0.16160
3	0.11079	0.01060	0.01323	0.01281	0.01498	0.01194	0.00984	0.07196	0.01573	0.02417	0.02362	0.12544	0.02337	0.07377	0.40981	0.00910	0.01554	0.01019	0.00526	0.00784
4	0.02026	0.01799	0.03012	0.09810	0.54094	0.01810	0.02295	0.02488	0.01860	0.06792	0.01953	0.02351	0.04449	0.00813	0.00812	0.00246	0.00929	0.00777	0.00455	0.01231
5	0.01917	0.01479	0.01729	0.01282	0.01949	0.01210	0.01024	0.08381	0.01935	0.07240	0.01794	0.05908	0.01523	0.00782	0.00663	0.00154	0.00629	0.00638	0.00566	0.59199
6	0.01409	0.00705	0.01057	0.01057	0.01057	0.00705	0.00705	0.01057	0.01057	0.01409	0.01409	0.02467	0.01409	0.02819	0.03171	0.76392	0.00705	0.00705	0.00352	0.00352
7	0.01168	0.00905	0.01287	0.01194	0.01415	0.00835	0.04731	0.01521	0.02110	0.02911	0.44869	0.14301	0.12544	0.01782	0.00977	0.00275	0.00480	0.05108	0.00823	0.00764
8	0.01513	0.00756	0.00756	0.00756	0.00945	0.00756	0.00567	0.01891	0.01702	0.03025	0.02647	0.03025	0.02080	0.00945	0.00567	0.00189	0.00378	0.00756	0.75988	0.00756
9	0.01698	0.01389	0.01617	0.01245	0.01820	0.01190	0.00986	0.07274	0.06146	0.03044	0.16656	0.02814	0.02805	0.00912	0.00716	0.00172	0.00577	0.00760	0.00627	0.47550
10	0.01866	0.01783	0.03037	0.24255	0.48258	0.01891	0.02420	0.02366	0.01780	0.02478	0.01501	0.02055	0.01224	0.00749	0.00806	0.00250	0.00999	0.00722	0.00389	0.01171
11	0.03030	0.02246	0.02404	0.01856	0.02495	0.02491	0.01529	0.60664	0.06956	0.05026	0.02018	0.02004	0.01436	0.00981	0.00812	0.00245	0.00880	0.00740	0.00812	0.01375
12	0.01159	0.00778	0.00891	0.00911	0.00916	0.00773	0.00520	0.01175	0.01220	0.01627	0.02763	0.12377	0.03210	0.64061	0.03797	0.00737	0.00753	0.01301	0.00520	0.00510
13	0.01884	0.00994	0.01311	0.01138	0.01463	0.00889	0.00886	0.02238	0.02283	0.22233	0.44530	0.05158	0.08715	0.01482	0.00915	0.00255	0.00476	0.01284	0.00920	0.00946
14	0.01775	0.01775	0.02485	0.02130	0.02130	0.02485	0.01775	0.01953	0.01243	0.01953	0.01065	0.01775	0.01065	0.01420	0.02663	0.00355	0.69998	0.00710	0.00355	0.00888
15	0.01170	0.00828	0.01092	0.01092	0.01164	0.00899	0.00750	0.01313	0.01241	0.01727	0.02367	0.04260	0.02494	0.39136	0.35854	0.01043	0.01473	0.01026	0.00463	0.00607
16	0.02169	0.71972	0.04252	0.01388	0.02083	0.03211	0.01388	0.02430	0.01649	0.01909	0.01128	0.01302	0.01041	0.00694	0.00521	0.00174	0.00868	0.00434	0.00347	0.01041
17	0.03462	0.01380	0.01854	0.01433	0.02034	0.01216	0.01179	0.06084	0.02378	0.60607	0.07108	0.02939	0.02340	0.01044	0.00825	0.00251	0.00679	0.00854	0.00990	0.01342
18	0.01915	0.02189	0.04788	0.03420	0.04241	0.02052	0.63475	0.02599	0.01915	0.02599	0.01642	0.02189	0.01231	0.00684	0.00958	0.00274	0.01368	0.00958	0.00410	0.01094
19	0.03085	0.02273	0.02435	0.01867	0.02516	0.02516	0.01542	0.63716	0.03815	0.05114	0.01948	0.01948	0.01380	0.00974	0.00812	0.00244	0.00893	0.00731	0.00812	0.01380
20	0.01015	0.00819	0.00850	0.00842	0.01101	0.00699	0.00632	0.01253	0.01895	0.02371	0.14946	0.07311	0.55142	0.01941	0.00935	0.00267	0.00406	0.01626	0.05251	0.00699
21	0.00989	0.00706	0.00942	0.01130	0.01177	0.00659	0.00753	0.01130	0.01554	0.02071	0.04472	0.70954	0.05367	0.02542	0.01036	0.00330	0.00471	0.02307	0.00753	0.00659
22	0.01180	0.00787	0.00885	0.00885	0.00885	0.00787	0.00492	0.01180	0.01180	0.01573	0.02557	0.05310	0.02950	0.71483	0.04130	0.00787	0.00787	0.01180	0.00492	0.00492
23	0.02169	0.71972	0.04252	0.01388	0.02083	0.03211	0.01388	0.02430	0.01649	0.01909	0.01128	0.01302	0.01041	0.00694	0.00521	0.00174	0.00868	0.00434	0.00347	0.01041
24	0.00998	0.00710	0.00939	0.01117	0.01162	0.00666	0.00740	0.01132	0.01534	0.02046	0.04374	0.67581	0.05243	0.06084	0.01195	0.00353	0.00487	0.02249	0.00740	0.00650
25	0.01775	0.01775	0.02485	0.02130	0.02130	0.02485	0.01775	0.01953	0.01243	0.01953	0.01065	0.01775	0.01065	0.01420	0.02663	0.00355	0.69998	0.00710	0.00355	0.00888
26	0.01754	0.04020	0.63160	0.02258	0.03421	0.01841	0.02884	0.02657	0.01752	0.06627	0.01566	0.01779	0.01090	0.00786	0.00774	0.00257	0.01167	0.00613	0.00384	0.01211
27	0.03437	0.01336	0.01818	0.01409	0.02001	0.01158	0.01158	0.03757	0.02320	0.61789	0.08320	0.03031	0.02469	0.01058	0.00827	0.00251	0.00665	0.00869	0.00995	0.01331
28	0.03609	0.01431	0.01914	0.01468	0.02096	0.01267	0.01212	0.07325	0.02407	0.63495	0.03131	0.02716	0.01973	0.01003	0.00816	0.00251	0.00702	0.00811	0.00993	0.01381
29	0.03410	0.01463	0.01899	0.01487	0.02094	0.01352	0.01219	0.06413	0.10426	0.56319	0.03164	0.02763	0.02043	0.01015	0.00817	0.00254	0.00692	0.00826	0.00974	0.01368
30	0.01880	0.02121	0.04573	0.09455	0.04364	0.02029	0.57886	0.02551	0.01888	0.02551	0.01623	0.02186	0.01218	0.00696	0.00944	0.00273	0.01342	0.00936	0.00406	0.01077
31	0.01554	0.01484	0.02567	0.65805	0.05513	0.01817	0.05706	0.02103	0.01639	0.02103	0.01453	0.02165	0.01090	0.00804	0.00820	0.00271	0.01098	0.00734	0.00363	0.00912
32	0.36042	0.01802	0.01765	0.01429	0.01991	0.01989	0.01176	0.27317	0.02506	0.11062	0.04457	0.01932	0.01493	0.00908	0.00681	0.00248	0.00731	0.00642	0.00698	0.01131
33	0.01313	0.00954	0.01268	0.01232	0.01375	0.01059	0.00907	0.06486	0.01493	0.02079	0.02384	0.07459	0.02403	0.22482	0.42235	0.01027	0.01611	0.01020	0.00499	0.00714
34	0.02788	0.03840	0.02029	0.01522	0.02059	0.01385	0.05215	0.10995	0.02461	0.36698	0.18411	0.03385	0.03241	0.01131	0.00849	0.00250	0.00691	0.00962	0.00890	0.01198
35	0.02916	0.01575	0.01886	0.01551	0.02107	0.01606	0.01247	0.06663	0.29432	0.36881	0.03191	0.02842	0.02184	0.01045	0.00820	0.00261	0.00678	0.00856	0.00919	0.01339
36	0.01909	0.02169	0.04680	0.03359	0.04142	0.02072	0.60576	0.02569	0.01884	0.02569	0.01615	0.02169	0.01223	0.00719	0.01038	0.00277	0.04593	0.00946	0.00408	0.01085
37	0.01532	0.01442	0.02434	0.69533	0.05589	0.01803	0.02253	0.02073	0.01622	0.02073	0.01442	0.02163	0.01082	0.00811	0.00811	0.00270	0.01082	0.00721	0.00361	0.00901
38	0.01532	0.01442	0.02434	0.69533	0.05589	0.01803	0.02253	0.02073	0.01622	0.02073	0.01442	0.02163	0.01082	0.00811	0.00811	0.00270	0.01082	0.00721	0.00361	0.00901
39	0.03031	0.03867	0.02299	0.02090	0.02508	0.68226	0.01568	0.03240	0.02299	0.01986	0.01254	0.01463	0.01045	0.00836	0.00732	0.00209	0.01463	0.00523	0.00418	0.00941
40	0.02018	0.01743	0.01835	0.01651	0.02110	0.02018	0.01284	0.04312	0.64956	0.03394	0.03303	0.03027	0.02477	0.01101	0.00826	0.00275	0.00642	0.00917	0.00826	0.01284
41	0.03641	0.01381	0.01883	0.01444	0.02071	0.01193	0.01193	0.03954	0.02322	0.66984	0.03201	0.02762	0.02009	0.01004	0.00816	0.00251	0.00690	0.00816	0.01004	0.01381
42	0.02018	0.01743	0.01835	0.01651	0.02110	0.02018	0.01284	0.04312	0.64956	0.03394	0.03303	0.03027	0.02477	0.01101	0.00826	0.00275	0.00642	0.00917	0.00826	0.01284
43	0.77215	0.01569	0.01193	0.01067	0.01569	0.01820	0.00879	0.02385	0.01381	0.03641	0.01130	0.01318	0.00879	0.00753	0.00502	0.00251	0.00628	0.00439	0.00502	0.00879
44	0.03641	0.01381	0.01883	0.01444	0.02071	0.01193	0.01193	0.03954	0.02322	0.66984	0.03201	0.02762	0.02009	0.01004	0.00816	0.00251	0.00690	0.00816	0.01004	0.01381
45	0.03085	0.02273	0.02435	0.01867	0.02516	0.02516	0.01542	0.63716	0.03815	0.05114	0.01948	0.01948	0.01380	0.00974	0.00812	0.00244	0.00893	0.00731	0.00812	0.01380
46	0.03607	0.01434	0.01916	0.01469	0.02098	0.01271	0.01213	0.07513	0.02411	0.63299	0.03127	0.02713	0.01971	0.01002	0.00816	0.00251	0.00703	0.00811	0.00993	0.01381
47	0.03641	0.01381	0.01883	0.01444	0.02071	0.01193	0.01193	0.03954	0.02322	0.66984	0.03201	0.02762	0.02009	0.01004	0.00816	0.00251	0.00690	0.00816	0.01004	0.01381
48	0.03085	0.02273	0.02435	0.01867	0.02516	0.02516	0.01542	0.63716	0.03815	0.05114	0.01948	0.01948	0.01380	0.00974	0.00812	0.00244	0.00893	0.00731	0.00812	0.01380

[dist]
# distance from previous block
# <min> <max>
6	16

[block]
# block no. 10 follows, 23 sequences, length 22
# corresponding to MSA columns:
# 441-462
name=unknown_K
#
# <colnr> <probs for GDERKNQSTAVLIFYWHMCP>
#	G	D	E	R	K	N	Q	S	T	A	V	L	I	F	Y	W	H	M	C	P
0	0.01575	0.01079	0.01404	0.01306	0.01599	0.00989	0.02754	0.07231	0.01863	0.08682	0.03532	0.44576	0.03866	0.01874	0.00919	0.00278	0.00578	0.01676	0.00727	0.13491
1	0.34617	0.01904	0.01734	0.01433	0.01964	0.06655	0.01166	0.24126	0.02421	0.08207	0.04616	0.01928	0.01499	0.00903	0.00672	0.00243	0.00764	0.00632	0.03431	0.01084
2	0.44440	0.01372	0.01181	0.01112	0.01470	0.04465	0.00865	0.02037	0.01669	0.03244	0.17240	0.12543	0.03168	0.01234	0.00699	0.00261	0.00585	0.00961	0.00629	0.00823
3	0.02338	0.02266	0.01732	0.01603	0.01924	0.30690	0.01204	0.02628	0.04111	0.10716	0.08708	0.10038	0.02810	0.09431	0.01224	0.00313	0.00994	0.05748	0.00624	0.00897
4	0.01831	0.29683	0.43578	0.01965	0.02974	0.02383	0.02393	0.02517	0.01689	0.02321	0.01333	0.01558	0.01033	0.00742	0.00677	0.00226	0.01075	0.00537	0.00344	0.01140
5	0.01884	0.01467	0.01776	0.01311	0.01957	0.01222	0.01059	0.02223	0.01705	0.08909	0.01581	0.01797	0.01269	0.00716	0.00812	0.00155	0.07001	0.00535	0.00521	0.62102
6	0.07753	0.01382	0.01564	0.09182	0.02107	0.01477	0.01137	0.16353	0.08370	0.03301	0.16351	0.04463	0.20581	0.01385	0.00858	0.00261	0.00635	0.01142	0.00736	0.00961
7	0.01169	0.00830	0.01104	0.01104	0.01179	0.00905	0.00764	0.01320	0.01245	0.01735	0.02357	0.04203	0.02470	0.37383	0.37573	0.01056	0.01510	0.01018	0.00462	0.00613
8	0.02800	0.01937	0.02082	0.01631	0.02189	0.02114	0.01336	0.49026	0.03337	0.07367	0.02139	0.02194	0.01544	0.00970	0.00764	0.00233	0.00783	0.00739	0.15555	0.01258
9	0.03085	0.02273	0.02435	0.01867	0.02516	0.02516	0.01542	0.63716	0.03815	0.05114	0.01948	0.01948	0.01380	0.00974	0.00812	0.00244	0.00893	0.00731	0.00812	0.01380
10	0.01747	0.01202	0.01327	0.01193	0.01580	0.01188	0.00928	0.02628	0.21563	0.13486	0.08547	0.05394	0.32841	0.01564	0.00893	0.00270	0.00528	0.01304	0.00825	0.00992
11	0.01816	0.27715	0.45408	0.01992	0.03016	0.02345	0.02439	0.02521	0.01691	0.02340	0.01342	0.01570	0.01033	0.00744	0.00684	0.00228	0.01084	0.00542	0.00344	0.01144
12	0.02149	0.60775	0.11475	0.01530	0.02269	0.06233	0.01584	0.02486	0.01688	0.01990	0.01172	0.01357	0.01040	0.00710	0.00560	0.00185	0.00935	0.00457	0.00350	0.01055
