[name]
unknown

[dist]
# distance from previous block
# <min> <max>
5	29

[block]
# block no. 0 follows, 24 sequences, length 18
# corresponding to MSA columns:
# 30-47
name=unknown_A
#
# <colnr> <probs for GDERKNQSTAVLIFYWHMCP>
#	G	D	E	R	K	N	Q	S	T	A	V	L	I	F	Y	W	H	M	C	P
0	0.09395	0.01085	0.01176	0.01112	0.01369	0.01158	0.00842	0.01906	0.12966	0.02436	0.08034	0.04859	0.25502	0.10752	0.10450	0.00464	0.03893	0.01171	0.00640	0.00789
1	0.01079	0.01110	0.08095	0.01177	0.01416	0.00813	0.00982	0.01375	0.01754	0.02363	0.18026	0.36337	0.14986	0.02023	0.00961	0.00293	0.00524	0.05233	0.00722	0.00732
2	0.01846	0.01709	0.02666	0.06353	0.09304	0.04507	0.20278	0.08451	0.05213	0.02766	0.02502	0.02813	0.08395	0.00967	0.00916	0.00249	0.05170	0.00886	0.14015	0.00995
3	0.01835	0.26688	0.43606	0.01951	0.02921	0.05682	0.02340	0.02499	0.01683	0.02269	0.01307	0.01529	0.01010	0.00732	0.00671	0.00222	0.01078	0.00529	0.00340	0.01108
4	0.02535	0.02970	0.02662	0.03250	0.30106	0.40297	0.01917	0.02853	0.02059	0.02218	0.01339	0.01658	0.01122	0.00770	0.00745	0.00218	0.01222	0.00594	0.00402	0.01063
5	0.31527	0.25858	0.04340	0.03767	0.01960	0.02172	0.01208	0.02460	0.01561	0.09607	0.01399	0.01569	0.01102	0.00789	0.00669	0.00223	0.04626	0.00509	0.03684	0.00971
6	0.06381	0.01954	0.06439	0.04564	0.15251	0.01759	0.30496	0.02703	0.01874	0.14177	0.01803	0.02111	0.01315	0.00738	0.00829	0.00248	0.01053	0.00795	0.00507	0.05003
7	0.02009	0.46858	0.09036	0.01498	0.02121	0.06479	0.01459	0.02530	0.08714	0.02107	0.01837	0.01952	0.05617	0.00858	0.00698	0.00204	0.03990	0.00592	0.00421	0.01021
8	0.01566	0.01300	0.01295	0.01265	0.03131	0.10220	0.00882	0.01891	0.04671	0.06338	0.28651	0.09236	0.07493	0.16774	0.01564	0.00362	0.00656	0.01233	0.00699	0.00774
9	0.07735	0.26008	0.42166	0.01873	0.02832	0.02255	0.02260	0.02453	0.01628	0.02385	0.01295	0.01514	0.00997	0.00728	0.00654	0.00224	0.01024	0.00521	0.00348	0.01098
10	0.10204	0.02207	0.14269	0.08988	0.41089	0.01861	0.05262	0.02409	0.01719	0.02637	0.01436	0.01858	0.01151	0.00723	0.00755	0.00243	0.00973	0.00666	0.00391	0.01160
11	0.02151	0.01993	0.09511	0.02943	0.27000	0.01803	0.04839	0.07880	0.15913	0.10126	0.02145	0.02292	0.01612	0.00853	0.00782	0.00244	0.00848	0.00758	0.05080	0.01225
12	0.01181	0.00939	0.01307	0.01265	0.01503	0.00825	0.04353	0.01408	0.01583	0.02194	0.03565	0.48987	0.04099	0.01955	0.00921	0.00277	0.00552	0.05218	0.00659	0.17207
13	0.12531	0.48030	0.06453	0.01473	0.02104	0.14035	0.01393	0.02509	0.01686	0.02139	0.01139	0.01320	0.00996	0.00713	0.00553	0.00190	0.00930	0.00447	0.00371	0.00987
14	0.14942	0.00839	0.01057	0.01035	0.01122	0.00882	0.00719	0.01264	0.01089	0.01765	0.01329	0.02211	0.01285	0.02396	0.02636	0.63306	0.00675	0.00643	0.00370	0.00436
15	0.02678	0.06145	0.02636	0.01946	0.02561	0.06204	0.08380	0.41582	0.12707	0.04122	0.01987	0.02027	0.01458	0.00916	0.00791	0.00240	0.00917	0.00738	0.00705	0.01261
16	0.01169	0.00811	0.01130	0.01150	0.01280	0.00902	0.00867	0.01433	0.01353	0.02013	0.02456	0.10505	0.02391	0.08725	0.47415	0.00976	0.01598	0.01000	0.12132	0.00693
17	0.01398	0.00956	0.01020	0.00953	0.01270	0.00876	0.00732	0.01854	0.08920	0.09584	0.06381	0.06073	0.45680	0.01677	0.00867	0.00257	0.00453	0.01392	0.08840	0.00817

[dist]
# distance from previous block
# <min> <max>
0	1

[block]
# block no. 1 follows, 24 sequences, length 8
# corresponding to MSA columns:
# 49-56
name=unknown_B
#
# <colnr> <probs for GDERKNQSTAVLIFYWHMCP>
#	G	D	E	R	K	N	Q	S	T	A	V	L	I	F	Y	W	H	M	C	P
0	0.19940	0.10183	0.31510	0.01957	0.08035	0.01825	0.01958	0.02278	0.01582	0.02643	0.01671	0.09939	0.01500	0.00944	0.00698	0.00248	0.00898	0.00741	0.00426	0.01024
1	0.01358	0.00761	0.01126	0.06961	0.01391	0.00792	0.00791	0.01135	0.01097	0.01455	0.01531	0.02759	0.01552	0.11919	0.03027	0.60090	0.00731	0.00753	0.00363	0.00409
2	0.02073	0.01554	0.02297	0.09123	0.02549	0.01753	0.08953	0.10625	0.01952	0.13914	0.05130	0.10957	0.03727	0.01270	0.01342	0.00287	0.19891	0.00994	0.00605	0.01004
3	0.11994	0.21418	0.28424	0.09195	0.03098	0.02186	0.08651	0.02402	0.01625	0.02432	0.01313	0.01612	0.01015	0.00726	0.00677	0.00232	0.01016	0.00572	0.00366	0.01047
4	0.02253	0.15968	0.05900	0.01941	0.09055	0.24247	0.01469	0.02580	0.01977	0.06264	0.10195	0.02176	0.01989	0.00866	0.00704	0.00202	0.00964	0.00656	0.00494	0.10099
5	0.10019	0.20595	0.30249	0.02158	0.09558	0.10198	0.02098	0.02528	0.01707	0.02402	0.01293	0.01535	0.01021	0.00736	0.00663	0.00223	0.01038	0.00533	0.00367	0.01079
6	0.11919	0.11574	0.09818	0.08722	0.02279	0.06197	0.01409	0.02242	0.05261	0.04692	0.13915	0.03607	0.06195	0.01160	0.00771	0.00252	0.00777	0.07720	0.00573	0.00917
7	0.10482	0.01067	0.03271	0.01268	0.03843	0.00976	0.00968	0.01764	0.01959	0.06847	0.34708	0.13417	0.06863	0.01593	0.00889	0.00270	0.00516	0.07722	0.00764	0.00813

[dist]
# distance from previous block
# <min> <max>
2	10

[block]
# block no. 2 follows, 24 sequences, length 9
# corresponding to MSA columns:
# 67-75
name=unknown_C
#
# <colnr> <probs for GDERKNQSTAVLIFYWHMCP>
#	G	D	E	R	K	N	Q	S	T	A	V	L	I	F	Y	W	H	M	C	P
0	0.02291	0.01393	0.01641	0.01365	0.01797	0.01424	0.01088	0.16470	0.12733	0.19313	0.22989	0.03601	0.03652	0.01189	0.00827	0.00245	0.00598	0.00993	0.05283	0.01108
1	0.02362	0.34996	0.05838	0.01610	0.02211	0.14613	0.01446	0.14637	0.06829	0.02683	0.04695	0.01792	0.01503	0.00835	0.00654	0.00204	0.00932	0.00587	0.00500	0.01074
2	0.02806	0.01242	0.01630	0.01338	0.01835	0.01122	0.01092	0.03256	0.06807	0.46115	0.10150	0.03926	0.08001	0.01230	0.00846	0.00258	0.00623	0.05625	0.00919	0.01178
3	0.07590	0.02574	0.21818	0.02644	0.03388	0.02015	0.31392	0.02407	0.01663	0.02501	0.01418	0.01873	0.01093	0.00822	0.01138	0.00275	0.13206	0.00757	0.00380	0.01047
4	0.01972	0.01703	0.01793	0.01614	0.02062	0.01972	0.01255	0.04214	0.65752	0.03317	0.03228	0.02959	0.02421	0.01076	0.00807	0.00269	0.00628	0.00897	0.00807	0.01255
5	0.01872	0.02139	0.04679	0.03342	0.04144	0.02005	0.64305	0.02540	0.01872	0.02540	0.01604	0.02139	0.01203	0.00668	0.00936	0.00267	0.01337	0.00936	0.00401	0.01070
6	0.01972	0.01703	0.01793	0.01614	0.02062	0.01972	0.01255	0.04214	0.65752	0.03317	0.03228	0.02959	0.02421	0.01076	0.00807	0.00269	0.00628	0.00897	0.00807	0.01255
7	0.02063	0.39846	0.03188	0.01485	0.02058	0.02327	0.06163	0.05812	0.05218	0.07736	0.14274	0.02484	0.02460	0.00921	0.00680	0.00208	0.00770	0.00731	0.00549	0.01026
8	0.01948	0.01476	0.01760	0.04251	0.01956	0.01640	0.01202	0.20278	0.08631	0.03045	0.02161	0.11196	0.01952	0.01427	0.01339	0.10810	0.09786	0.00906	0.06300	0.07938

[dist]
# distance from previous block
# <min> <max>
0	4

[block]
# block no. 3 follows, 24 sequences, length 29
# corresponding to MSA columns:
# 80-108
name=unknown_D
#
# <colnr> <probs for GDERKNQSTAVLIFYWHMCP>
#	G	D	E	R	K	N	Q	S	T	A	V	L	I	F	Y	W	H	M	C	P
0	0.26337	0.01471	0.06354	0.04039	0.05361	0.01343	0.04192	0.02005	0.01716	0.04421	0.17942	0.11074	0.03132	0.01159	0.00745	0.00248	0.00645	0.00970	0.00599	0.06250
1	0.01832	0.05096	0.02010	0.01520	0.02004	0.01604	0.04055	0.12447	0.07865	0.02845	0.02111	0.13590	0.01982	0.01108	0.00947	0.00221	0.08385	0.00894	0.00576	0.28907
2	0.01660	0.01297	0.01538	0.04922	0.04637	0.01405	0.01079	0.11932	0.17942	0.02803	0.06914	0.18225	0.03162	0.17023	0.01567	0.00383	0.00680	0.01234	0.00681	0.00916
3	0.01840	0.09380	0.42031	0.02334	0.10062	0.01825	0.04513	0.02546	0.01787	0.08650	0.06239	0.02086	0.01593	0.00822	0.00759	0.00242	0.01020	0.00677	0.00443	0.01150
4	0.01968	0.44662	0.03475	0.01643	0.02054	0.02858	0.01506	0.02191	0.01455	0.01883	0.01078	0.01455	0.01027	0.00958	0.01334	0.00240	0.28384	0.00530	0.00342	0.00958
5	0.01826	0.01741	0.02910	0.07703	0.56802	0.01744	0.02220	0.02270	0.01795	0.02513	0.02208	0.02595	0.08473	0.00854	0.00802	0.00241	0.00888	0.00813	0.00428	0.01173
6	0.01769	0.14669	0.54836	0.02078	0.03146	0.02011	0.02599	0.02556	0.01693	0.05574	0.01456	0.01661	0.01053	0.00753	0.00717	0.00238	0.01097	0.00571	0.00367	0.01156
7	0.02129	0.01696	0.01789	0.01548	0.02006	0.01918	0.01221	0.17616	0.43153	0.03629	0.02997	0.02852	0.03979	0.01059	0.00781	0.00253	0.00650	0.00861	0.08657	0.01206
8	0.01872	0.02139	0.04679	0.03342	0.04144	0.02005	0.64305	0.02540	0.01872	0.02540	0.01604	0.02139	0.01203	0.00668	0.00936	0.00267	0.01337	0.00936	0.00401	0.01070
9	0.01972	0.01703	0.01793	0.01614	0.02062	0.01972	0.01255	0.04214	0.65752	0.03317	0.03228	0.02959	0.02421	0.01076	0.00807	0.00269	0.00628	0.00897	0.00807	0.01255
10	0.02528	0.01793	0.01938	0.01573	0.02077	0.01965	0.01268	0.39313	0.13071	0.07144	0.02422	0.06642	0.01889	0.01065	0.00776	0.00241	0.00727	0.00847	0.11519	0.01203
11	0.07728	0.02936	0.02192	0.01859	0.02364	0.37488	0.01454	0.23543	0.02684	0.08067	0.01588	0.01675	0.01192	0.00869	0.00733	0.00221	0.01136	0.00595	0.00585	0.01091
12	0.01633	0.01429	0.01808	0.01308	0.01995	0.01101	0.04918	0.01998	0.01654	0.02560	0.01532	0.04283	0.01328	0.00663	0.00625	0.00135	0.00630	0.00566	0.00475	0.69360
13	0.01145	0.00790	0.00942	0.00914	0.01083	0.00735	0.00659	0.01431	0.01916	0.02718	0.37403	0.07472	0.15276	0.11718	0.01328	0.00319	0.00437	0.01354	0.11669	0.00693
14	0.01091	0.00896	0.00974	0.00954	0.01209	0.00827	0.00714	0.01548	0.08920	0.02476	0.19302	0.11426	0.43078	0.01861	0.00928	0.00268	0.00425	0.01581	0.00772	0.00748
15	0.01303	0.00950	0.01288	0.01440	0.01634	0.00963	0.01237	0.01777	0.05846	0.02442	0.06036	0.11228	0.04547	0.02116	0.01069	0.00354	0.00701	0.53572	0.00740	0.00760
16	0.01605	0.01514	0.02301	0.31608	0.03470	0.02007	0.01858	0.01893	0.01362	0.01919	0.01227	0.01951	0.01074	0.01233	0.01854	0.06142	0.35102	0.00698	0.00349	0.00833
17	0.01004	0.00808	0.00907	0.00966	0.01187	0.00711	0.00745	0.01227	0.01771	0.02169	0.06827	0.16603	0.46970	0.02107	0.00977	0.00293	0.00470	0.12847	0.00735	0.00677
18	0.02403	0.50340	0.06306	0.01508	0.02158	0.13013	0.01428	0.02685	0.01793	0.09950	0.01383	0.01488	0.01133	0.00740	0.00586	0.00188	0.00931	0.00490	0.00428	0.01050
19	0.01287	0.06348	0.01359	0.04233	0.01498	0.01064	0.00891	0.07085	0.01691	0.02232	0.03557	0.49440	0.04118	0.09802	0.01277	0.00349	0.00588	0.01783	0.00666	0.00730
20	0.05732	0.09779	0.07414	0.01927	0.08562	0.02064	0.01518	0.16404	0.22828	0.06862	0.02158	0.02158	0.01620	0.00886	0.00733	0.00233	0.00776	0.00703	0.00645	0.06996
21	0.01724	0.01575	0.02558	0.53706	0.10752	0.01861	0.04905	0.08972	0.01855	0.02428	0.01480	0.02078	0.01114	0.00797	0.00799	0.00259	0.01039	0.00716	0.00407	0.00975
22	0.01961	0.01638	0.01824	0.01746	0.05273	0.01848	0.01296	0.10371	0.46684	0.03301	0.03147	0.09400	0.02608	0.01227	0.00837	0.00273	0.00660	0.03948	0.00774	0.01184
23	0.01917	0.01810	0.02448	0.02193	0.08184	0.03776	0.04649	0.08935	0.01688	0.02475	0.01281	0.01769	0.01128	0.01072	0.01714	0.00272	0.37789	0.00661	0.00428	0.15811
24	0.02749	0.02045	0.02213	0.01714	0.02312	0.02224	0.01405	0.53778	0.05569	0.04651	0.06856	0.02229	0.01841	0.00984	0.00792	0.00232	0.00808	0.00760	0.00779	0.06057
25	0.10187	0.01703	0.02639	0.21419	0.37649	0.01848	0.02091	0.02478	0.07582	0.02615	0.01587	0.02020	0.01267	0.00767	0.00757	0.00247	0.00907	0.00693	0.00431	0.01113
26	0.06903	0.00853	0.01031	0.01117	0.01291	0.00799	0.00811	0.01339	0.01577	0.02240	0.04179	0.47290	0.10147	0.02108	0.00937	0.00298	0.00507	0.08468	0.00693	0.07413
27	0.01643	0.01544	0.02549	0.45330	0.22642	0.01732	0.02152	0.02139	0.01653	0.02238	0.01433	0.02028	0.01124	0.00749	0.00772	0.00243	0.00981	0.00684	0.00375	0.07990
28	0.01543	0.01440	0.02055	0.01800	0.01868	0.01883	0.03568	0.01764	0.01389	0.02099	0.07622	0.09987	0.02215	0.01827	0.07095	0.00395	0.45972	0.00956	0.03700	0.00821

[dist]
# distance from previous block
# <min> <max>
8	65

[block]
# block no. 4 follows, 24 sequences, length 26
# corresponding to MSA columns:
# 174-199
name=unknown_E
#
# <colnr> <probs for GDERKNQSTAVLIFYWHMCP>
#	G	D	E	R	K	N	Q	S	T	A	V	L	I	F	Y	W	H	M	C	P
0	0.01603	0.01293	0.01578	0.01225	0.01777	0.01072	0.00969	0.01921	0.01596	0.04885	0.01783	0.07372	0.01620	0.01452	0.09262	0.00292	0.03423	0.00678	0.00500	0.55700
1	0.01398	0.00940	0.01139	0.01141	0.01274	0.00945	0.00782	0.09187	0.01706	0.05090	0.03350	0.36970	0.03768	0.23707	0.04456	0.00481	0.00678	0.01608	0.00664	0.00715
2	0.01295	0.00907	0.01041	0.01007	0.01099	0.00923	0.00647	0.05831	0.04176	0.02116	0.10729	0.12153	0.03586	0.47764	0.02956	0.00597	0.00688	0.01266	0.00593	0.00625
3	0.01894	0.10929	0.04467	0.03012	0.03747	0.02175	0.52364	0.02478	0.01796	0.02415	0.01505	0.02004	0.01169	0.00716	0.00991	0.00260	0.05781	0.00856	0.00390	0.01050
4	0.01153	0.00769	0.00865	0.00865	0.00865	0.00769	0.00480	0.01153	0.01153	0.01538	0.02499	0.05189	0.02883	0.72131	0.04036	0.00769	0.00769	0.01153	0.00480	0.00480
5	0.02171	0.55628	0.03714	0.01528	0.02090	0.10807	0.01425	0.02410	0.01637	0.01880	0.01109	0.01349	0.01021	0.00784	0.00795	0.00196	0.09653	0.00468	0.00348	0.00987
6	0.01498	0.01409	0.02378	0.70226	0.05462	0.01762	0.02202	0.02026	0.01586	0.02026	0.01409	0.02114	0.01057	0.00793	0.00793	0.00264	0.01057	0.00705	0.00352	0.00881
7	0.01855	0.02088	0.04398	0.03185	0.03886	0.02058	0.56477	0.02461	0.01789	0.02461	0.01534	0.02088	0.01183	0.00758	0.01144	0.00277	0.10012	0.00906	0.00394	0.01044
8	0.03490	0.01459	0.01908	0.01463	0.02079	0.01327	0.01208	0.11456	0.02452	0.59885	0.02975	0.02600	0.01886	0.00978	0.00797	0.00244	0.00700	0.00787	0.00958	0.01349
9	0.01787	0.01405	0.01659	0.01192	0.01890	0.01065	0.00956	0.02136	0.01691	0.07439	0.01538	0.01723	0.01233	0.00617	0.00603	0.00127	0.00594	0.00494	0.00508	0.71343
10	0.33542	0.01469	0.01560	0.01286	0.01829	0.01516	0.01052	0.03284	0.09837	0.33561	0.02317	0.02157	0.01571	0.00893	0.00674	0.00248	0.00644	0.00660	0.00760	0.01138
11	0.01498	0.01409	0.02378	0.70226	0.05462	0.01762	0.02202	0.02026	0.01586	0.02026	0.01409	0.02114	0.01057	0.00793	0.00793	0.00264	0.01057	0.00705	0.00352	0.00881
12	0.00937	0.00803	0.00803	0.00803	0.01071	0.00669	0.00602	0.01138	0.01807	0.02142	0.08033	0.07632	0.66863	0.02008	0.00937	0.00268	0.00402	0.01674	0.00736	0.00669
13	0.03014	0.02221	0.02380	0.01825	0.02459	0.02459	0.01507	0.64541	0.03728	0.04998	0.01904	0.01904	0.01349	0.00952	0.00793	0.00238	0.00873	0.00714	0.00793	0.01349
14	0.01972	0.01703	0.01793	0.01614	0.02062	0.01972	0.01255	0.04214	0.65752	0.03317	0.03228	0.02959	0.02421	0.01076	0.00807	0.00269	0.00628	0.00897	0.00807	0.01255
15	0.03014	0.02221	0.02380	0.01825	0.02459	0.02459	0.01507	0.64541	0.03728	0.04998	0.01904	0.01904	0.01349	0.00952	0.00793	0.00238	0.00873	0.00714	0.00793	0.01349
16	0.01644	0.01409	0.01644	0.01175	0.01879	0.01057	0.00940	0.01997	0.01644	0.02584	0.01409	0.01644	0.01175	0.00587	0.00587	0.00117	0.00587	0.00470	0.00470	0.76979
17	0.01972	0.01703	0.01793	0.01614	0.02062	0.01972	0.01255	0.04214	0.65752	0.03317	0.03228	0.02959	0.02421	0.01076	0.00807	0.00269	0.00628	0.00897	0.00807	0.01255
18	0.00966	0.00690	0.00920	0.01104	0.01150	0.00644	0.00736	0.01104	0.01518	0.02024	0.04371	0.71614	0.05245	0.02484	0.01012	0.00322	0.00460	0.02254	0.00736	0.00644
19	0.01498	0.01409	0.02378	0.70226	0.05462	0.01762	0.02202	0.02026	0.01586	0.02026	0.01409	0.02114	0.01057	0.00793	0.00793	0.00264	0.01057	0.00705	0.00352	0.00881
20	0.01498	0.01409	0.02378	0.70226	0.05462	0.01762	0.02202	0.02026	0.01586	0.02026	0.01409	0.02114	0.01057	0.00793	0.00793	0.00264	0.01057	0.00705	0.00352	0.00881
21	0.01278	0.00913	0.01278	0.01460	0.01643	0.00913	0.01278	0.01643	0.01825	0.02373	0.04199	0.08945	0.04564	0.02191	0.01095	0.00365	0.00730	0.61847	0.00730	0.00730
22	0.01498	0.01409	0.02378	0.70226	0.05462	0.01762	0.02202	0.02026	0.01586	0.02026	0.01409	0.02114	0.01057	0.00793	0.00793	0.00264	0.01057	0.00705	0.00352	0.00881
23	0.02868	0.02145	0.02342	0.05381	0.02590	0.02391	0.01527	0.57358	0.07647	0.04733	0.01964	0.01983	0.01403	0.00952	0.00794	0.00241	0.00866	0.00725	0.00771	0.01318
24	0.02142	0.01769	0.01883	0.01648	0.02120	0.02020	0.01304	0.15667	0.51104	0.03599	0.03016	0.03015	0.02308	0.01100	0.00817	0.00267	0.00679	0.03492	0.00801	0.01250
25	0.01404	0.01294	0.02096	0.56933	0.04628	0.01558	0.01906	0.01883	0.01661	0.02126	0.07056	0.03044	0.09246	0.00997	0.00820	0.00264	0.00929	0.00873	0.00436	0.00846

[dist]
# distance from previous block
# <min> <max>
45	73

[block]
# block no. 5 follows, 24 sequences, length 8
# corresponding to MSA columns:
# 278-285
name=unknown_F
#
# <colnr> <probs for GDERKNQSTAVLIFYWHMCP>
#	G	D	E	R	K	N	Q	S	T	A	V	L	I	F	Y	W	H	M	C	P
0	0.02365	0.01792	0.02087	0.06683	0.02376	0.01968	0.03549	0.39958	0.06353	0.03850	0.02222	0.08269	0.01928	0.11410	0.01289	0.00327	0.00840	0.00923	0.00698	0.01114
1	0.01807	0.01357	0.01603	0.01349	0.01732	0.01384	0.01061	0.14125	0.06831	0.05463	0.14482	0.12579	0.03135	0.01262	0.00951	0.00235	0.06734	0.01031	0.05651	0.17228
2	0.32337	0.01437	0.01402	0.01227	0.01673	0.01546	0.00991	0.09232	0.09962	0.03387	0.11446	0.03112	0.05489	0.01079	0.00702	0.00245	0.00605	0.05095	0.00646	0.08386
3	0.01972	0.02088	0.10831	0.10408	0.10991	0.01901	0.12190	0.14625	0.02070	0.02930	0.01565	0.01941	0.01212	0.00829	0.00960	0.00241	0.08108	0.00701	0.03745	0.10692
4	0.29649	0.08171	0.02796	0.01981	0.02543	0.02028	0.22132	0.06748	0.01751	0.03004	0.04780	0.01897	0.01387	0.00828	0.00871	0.00254	0.07036	0.00694	0.00476	0.00973
5	0.01963	0.01860	0.02508	0.29022	0.21642	0.07488	0.01995	0.08224	0.12268	0.02653	0.01756	0.02132	0.01356	0.00831	0.00786	0.00250	0.00970	0.00721	0.00481	0.01092
6	0.12911	0.01691	0.01529	0.01345	0.01757	0.09835	0.01051	0.11412	0.15460	0.03125	0.11498	0.03728	0.16564	0.01233	0.00785	0.00245	0.00677	0.00978	0.00691	0.03484
7	0.07184	0.07819	0.02305	0.44595	0.06351	0.01801	0.01820	0.05581	0.01702	0.02318	0.01846	0.08229	0.03374	0.00969	0.00768	0.00257	0.00919	0.00825	0.00433	0.00905

[dist]
# distance from previous block
# <min> <max>
0	3

[block]
# block no. 6 follows, 24 sequences, length 13
# corresponding to MSA columns:
# 289-301
name=unknown_G
#
# <colnr> <probs for GDERKNQSTAVLIFYWHMCP>
#	G	D	E	R	K	N	Q	S	T	A	V	L	I	F	Y	W	H	M	C	P
0	0.02829	0.01965	0.02135	0.01677	0.02254	0.02148	0.01372	0.47073	0.10491	0.10601	0.02223	0.02181	0.01582	0.00967	0.00777	0.00238	0.00787	0.00745	0.06664	0.01291
1	0.10629	0.01990	0.02826	0.08810	0.41234	0.08383	0.04594	0.02426	0.01737	0.02541	0.01385	0.01835	0.01154	0.00778	0.00892	0.00246	0.06364	0.00664	0.00399	0.01113
2	0.10597	0.01684	0.01722	0.01549	0.02002	0.01950	0.01210	0.03999	0.58420	0.03345	0.02986	0.02768	0.02243	0.01037	0.00771	0.00266	0.00626	0.00843	0.00771	0.01210
3	0.01207	0.00876	0.01003	0.01017	0.01143	0.00853	0.00682	0.06653	0.01636	0.02128	0.04218	0.27956	0.16684	0.27893	0.02091	0.00468	0.00598	0.01596	0.00647	0.00650
4	0.14879	0.42670	0.10757	0.01488	0.02173	0.06304	0.01478	0.08020	0.01800	0.02510	0.01219	0.01387	0.01019	0.00729	0.00571	0.00200	0.00880	0.00474	0.00409	0.01033
5	0.02688	0.03058	0.02267	0.01965	0.02374	0.45426	0.04657	0.11188	0.02297	0.02472	0.01445	0.01690	0.01167	0.00880	0.00865	0.00221	0.06476	0.00594	0.07305	0.00965
6	0.45423	0.05341	0.01693	0.01300	0.01835	0.02010	0.01081	0.22505	0.02161	0.03863	0.01739	0.01830	0.04592	0.00872	0.00614	0.00240	0.00698	0.00589	0.00595	0.01016
7	0.06350	0.01305	0.05429	0.01329	0.01717	0.01124	0.05740	0.07482	0.01998	0.08568	0.13199	0.17483	0.21939	0.01600	0.00886	0.00268	0.00606	0.01386	0.00718	0.00871
8	0.01638	0.01306	0.01377	0.01255	0.01599	0.03863	0.00961	0.05967	0.21147	0.06366	0.15071	0.10711	0.20525	0.01507	0.00871	0.00261	0.00556	0.01274	0.00777	0.02969
9	0.02294	0.01789	0.01972	0.05668	0.02232	0.07764	0.06070	0.28591	0.02602	0.03642	0.02029	0.02260	0.01529	0.00899	0.00714	0.00220	0.00794	0.00721	0.27163	0.01048
10	0.01707	0.01530	0.02142	0.13904	0.09954	0.01642	0.06327	0.02829	0.26115	0.02728	0.04777	0.08962	0.02329	0.01083	0.00821	0.00256	0.00767	0.02739	0.00610	0.08778
11	0.01897	0.01946	0.04799	0.25277	0.24193	0.09383	0.01992	0.06401	0.01894	0.02461	0.01831	0.02241	0.04941	0.00832	0.00773	0.00235	0.00981	0.00718	0.00431	0.06773
12	0.01779	0.01774	0.03210	0.07992	0.15932	0.01683	0.26274	0.02258	0.01722	0.02454	0.01488	0.01970	0.01196	0.00772	0.00951	0.03204	0.03570	0.00734	0.00409	0.20627

[dist]
# distance from previous block
# <min> <max>
22	69

[block]
# block no. 7 follows, 24 sequences, length 26
# corresponding to MSA columns:
# 377-402
name=unknown_H
#
# <colnr> <probs for GDERKNQSTAVLIFYWHMCP>
#	G	D	E	R	K	N	Q	S	T	A	V	L	I	F	Y	W	H	M	C	P
0	0.01497	0.01546	0.06587	0.61997	0.05086	0.01708	0.02167	0.02003	0.01561	0.02022	0.01409	0.02102	0.01071	0.00898	0.00917	0.04468	0.01044	0.00696	0.00351	0.00870
1	0.01079	0.00775	0.01002	0.01136	0.01219	0.00743	0.00776	0.04396	0.01666	0.02232	0.07166	0.64940	0.05149	0.02365	0.00997	0.00314	0.00477	0.02136	0.00745	0.00685
2	0.01773	0.02111	0.09102	0.02869	0.05980	0.02035	0.36873	0.02305	0.01649	0.02336	0.01471	0.02048	0.01194	0.01175	0.05384	0.00345	0.19124	0.00830	0.00383	0.01012
3	0.01607	0.03985	0.64260	0.02324	0.03474	0.01851	0.06576	0.02513	0.01686	0.02513	0.01434	0.01702	0.01016	0.00748	0.00764	0.00252	0.01182	0.00607	0.00339	0.01166
4	0.01498	0.01409	0.02378	0.70226	0.05462	0.01762	0.02202	0.02026	0.01586	0.02026	0.01409	0.02114	0.01057	0.00793	0.00793	0.00264	0.01057	0.00705	0.00352	0.00881
5	0.01498	0.01409	0.02378	0.70226	0.05462	0.01762	0.02202	0.02026	0.01586	0.02026	0.01409	0.02114	0.01057	0.00793	0.00793	0.00264	0.01057	0.00705	0.00352	0.00881
6	0.01498	0.01409	0.02378	0.70226	0.05462	0.01762	0.02202	0.02026	0.01586	0.02026	0.01409	0.02114	0.01057	0.00793	0.00793	0.00264	0.01057	0.00705	0.00352	0.00881
7	0.03014	0.02221	0.02380	0.01825	0.02459	0.02459	0.01507	0.64541	0.03728	0.04998	0.01904	0.01904	0.01349	0.00952	0.00793	0.00238	0.00873	0.00714	0.00793	0.01349
8	0.03014	0.02221	0.02380	0.01825	0.02459	0.02459	0.01507	0.64541	0.03728	0.04998	0.01904	0.01904	0.01349	0.00952	0.00793	0.00238	0.00873	0.00714	0.00793	0.01349
9	0.01122	0.00811	0.01060	0.00998	0.01185	0.00748	0.00748	0.01496	0.02245	0.03180	0.66766	0.05923	0.07482	0.01621	0.00935	0.00249	0.00374	0.01434	0.00873	0.00748
10	0.01122	0.00811	0.01060	0.00998	0.01185	0.00748	0.00748	0.01496	0.02245	0.03180	0.66766	0.05923	0.07482	0.01621	0.00935	0.00249	0.00374	0.01434	0.00873	0.00748
11	0.01104	0.00810	0.01034	0.00978	0.01173	0.00740	0.00734	0.01460	0.02201	0.03075	0.60849	0.06096	0.13465	0.01660	0.00935	0.00251	0.00377	0.01458	0.00859	0.00740
12	0.02879	0.02154	0.02303	0.01797	0.02407	0.02396	0.01474	0.56679	0.11812	0.04779	0.02076	0.02041	0.01488	0.00968	0.00795	0.00242	0.00841	0.00738	0.00795	0.01336
13	0.00966	0.00690	0.00920	0.01104	0.01150	0.00644	0.00736	0.01104	0.01518	0.02024	0.04371	0.71614	0.05245	0.02484	0.01012	0.00322	0.00460	0.02254	0.00736	0.00644
14	0.01644	0.01409	0.01644	0.01175	0.01879	0.01057	0.00940	0.01997	0.01644	0.02584	0.01409	0.01644	0.01175	0.00587	0.00587	0.00117	0.00587	0.00470	0.00470	0.76979
15	0.77733	0.01534	0.01166	0.01043	0.01534	0.01779	0.00859	0.02331	0.01350	0.03558	0.01104	0.01288	0.00859	0.00736	0.00491	0.00245	0.00613	0.00429	0.00491	0.00859
16	0.01145	0.00823	0.01053	0.01178	0.01278	0.00802	0.00823	0.06208	0.01709	0.02278	0.04165	0.63145	0.04901	0.02348	0.00998	0.00317	0.00506	0.04877	0.00740	0.00704
17	0.02120	0.72609	0.04155	0.01357	0.02035	0.03138	0.01357	0.02374	0.01611	0.01866	0.01102	0.01272	0.01018	0.00678	0.00509	0.00170	0.00848	0.00424	0.00339	0.01018
18	0.01130	0.00816	0.01071	0.01022	0.01209	0.00757	0.00776	0.01504	0.02223	0.03138	0.63497	0.06081	0.07330	0.01651	0.00944	0.00255	0.00393	0.04591	0.00865	0.00747
19	0.03014	0.02221	0.02380	0.01825	0.02459	0.02459	0.01507	0.64541	0.03728	0.04998	0.01904	0.01904	0.01349	0.00952	0.00793	0.00238	0.00873	0.00714	0.00793	0.01349
20	0.01644	0.01409	0.01644	0.01175	0.01879	0.01057	0.00940	0.01997	0.01644	0.02584	0.01409	0.01644	0.01175	0.00587	0.00587	0.00117	0.00587	0.00470	0.00470	0.76979
21	0.77733	0.01534	0.01166	0.01043	0.01534	0.01779	0.00859	0.02331	0.01350	0.03558	0.01104	0.01288	0.00859	0.00736	0.00491	0.00245	0.00613	0.00429	0.00491	0.00859
22	0.02120	0.72609	0.04155	0.01357	0.02035	0.03138	0.01357	0.02374	0.01611	0.01866	0.01102	0.01272	0.01018	0.00678	0.00509	0.00170	0.00848	0.00424	0.00339	0.01018
23	0.00966	0.00690	0.00920	0.01104	0.01150	0.00644	0.00736	0.01104	0.01518	0.02024	0.04371	0.71614	0.05245	0.02484	0.01012	0.00322	0.00460	0.02254	0.00736	0.00644
24	0.01153	0.00769	0.00865	0.00865	0.00865	0.00769	0.00480	0.01153	0.01153	0.01538	0.02499	0.05189	0.02883	0.72131	0.04036	0.00769	0.00769	0.01153	0.00480	0.00480
25	0.01178	0.00869	0.01108	0.01038	0.01242	0.00828	0.00781	0.01674	0.06387	0.03189	0.62622	0.05730	0.07152	0.01586	0.00927	0.00251	0.00391	0.01399	0.00869	0.00781

[dist]
# distance from previous block
# <min> <max>
0	63

[block]
# block no. 8 follows, 24 sequences, length 6
# corresponding to MSA columns:
# 466-471
name=unknown_I
#
# <colnr> <probs for GDERKNQSTAVLIFYWHMCP>
#	G	D	E	R	K	N	Q	S	T	A	V	L	I	F	Y	W	H	M	C	P
0	0.02171	0.01782	0.02780	0.03827	0.46876	0.01807	0.02055	0.02943	0.13529	0.11152	0.02020	0.02240	0.01560	0.00809	0.00791	0.00243	0.00850	0.00753	0.00544	0.01268
1	0.38807	0.07446	0.02090	0.02283	0.22056	0.01827	0.01405	0.02421	0.01623	0.07293	0.04977	0.01845	0.01433	0.00787	0.00629	0.00236	0.00726	0.00595	0.00501	0.01022
2	0.17772	0.01671	0.02515	0.07803	0.42778	0.01739	0.01917	0.02291	0.01740	0.02818	0.08038	0.02233	0.01793	0.00811	0.00739	0.00241	0.00823	0.00722	0.00459	0.01097
3	0.01789	0.01696	0.06356	0.02570	0.22300	0.01591	0.01669	0.08314	0.13572	0.02840	0.02603	0.12004	0.02452	0.01237	0.00848	0.00264	0.00775	0.09949	0.00601	0.06570
4	0.06867	0.01841	0.02861	0.15031	0.10463	0.01983	0.18328	0.10854	0.17735	0.03026	0.01962	0.02231	0.01478	0.00837	0.00814	0.00258	0.00961	0.00797	0.00548	0.01124
5	0.01987	0.01540	0.01862	0.15791	0.02657	0.01725	0.01395	0.18691	0.18795	0.05400	0.04817	0.08714	0.05829	0.01199	0.00829	0.00263	0.00742	0.03115	0.03582	0.01069

[dist]
# distance from previous block
# <min> <max>
0	3

[block]
# block no. 9 follows, 24 sequences, length 40
# corresponding to MSA columns:
# 475-514
name=unknown_J
#
# <colnr> <probs for GDERKNQSTAVLIFYWHMCP>
#	G	D	E	R	K	N	Q	S	T	A	V	L	I	F	Y	W	H	M	C	P
0	0.06142	0.01102	0.01352	0.01173	0.01512	0.01056	0.00916	0.08101	0.02277	0.18094	0.35660	0.08820	0.07710	0.01432	0.00870	0.00253	0.00511	0.01225	0.00854	0.00940
1	0.03062	0.01826	0.02110	0.01609	0.02243	0.01851	0.01326	0.36378	0.02990	0.27018	0.02286	0.02159	0.01548	0.00924	0.00773	0.00228	0.00772	0.00718	0.00826	0.09352
2	0.02160	0.69329	0.04064	0.01390	0.02055	0.06273	0.01365	0.02412	0.01642	0.01869	0.01108	0.01280	0.01018	0.00685	0.00519	0.00171	0.00876	0.00428	0.00343	0.01013
3	0.01068	0.00864	0.00963	0.00965	0.01216	0.00781	0.00749	0.01425	0.05110	0.02428	0.18450	0.07240	0.44383	0.01911	0.00950	0.00277	0.00450	0.09283	0.00765	0.00722
4	0.01688	0.17260	0.49099	0.02083	0.03087	0.02050	0.05093	0.02437	0.01679	0.02378	0.01524	0.02025	0.01216	0.00816	0.00732	0.00242	0.01090	0.04025	0.00361	0.01113
5	0.04559	0.01967	0.03101	0.04598	0.61760	0.05214	0.02336	0.02467	0.01812	0.02591	0.01465	0.01913	0.01231	0.00713	0.00772	0.00234	0.00955	0.00687	0.00397	0.01226
6	0.01366	0.00937	0.01227	0.01175	0.01313	0.01103	0.00923	0.01668	0.01426	0.02311	0.02152	0.02842	0.01862	0.03191	0.30793	0.00686	0.11703	0.00781	0.31797	0.00745
7	0.00966	0.00690	0.00920	0.01104	0.01150	0.00644	0.00736	0.01104	0.01518	0.02024	0.04371	0.71614	0.05245	0.02484	0.01012	0.00322	0.00460	0.02254	0.00736	0.00644
8	0.02778	0.01955	0.02141	0.01704	0.02269	0.02136	0.01384	0.45367	0.12510	0.10816	0.02387	0.06848	0.01830	0.01077	0.00810	0.00249	0.00789	0.00853	0.00810	0.01287
9	0.05763	0.01850	0.02071	0.02046	0.11053	0.06149	0.01428	0.12870	0.28209	0.14457	0.04072	0.02517	0.01982	0.00972	0.00784	0.00250	0.00761	0.00793	0.00740	0.01235
10	0.01830	0.01281	0.05853	0.01282	0.01669	0.01070	0.01097	0.07780	0.02189	0.16758	0.23108	0.09374	0.13114	0.01543	0.00905	0.00269	0.00590	0.08540	0.00807	0.00940
11	0.01872	0.02139	0.04679	0.03342	0.04144	0.02005	0.64305	0.02540	0.01872	0.02540	0.01604	0.02139	0.01203	0.00668	0.00936	0.00267	0.01337	0.00936	0.00401	0.01070
12	0.00970	0.00805	0.00849	0.00838	0.01091	0.00683	0.00628	0.01201	0.01885	0.02325	0.18403	0.07330	0.56379	0.01940	0.00937	0.00265	0.00397	0.01631	0.00760	0.00683
13	0.01774	0.02225	0.11524	0.02898	0.03697	0.01829	0.47974	0.02415	0.01810	0.02516	0.01696	0.05355	0.01370	0.00757	0.00884	0.00253	0.01203	0.00913	0.00416	0.08489
14	0.04468	0.56743	0.16700	0.01525	0.02295	0.02837	0.01652	0.02400	0.01615	0.02048	0.01166	0.01352	0.01010	0.00695	0.00557	0.00188	0.00905	0.00456	0.00343	0.01043
15	0.01389	0.00726	0.01081	0.04355	0.01240	0.00743	0.00754	0.01129	0.01097	0.01502	0.01451	0.02428	0.01401	0.02552	0.02837	0.68688	0.00688	0.00692	0.04852	0.00394
16	0.06126	0.01482	0.02281	0.58748	0.04888	0.01817	0.02037	0.06129	0.04533	0.02363	0.01503	0.02089	0.01124	0.00812	0.00776	0.00262	0.01000	0.00697	0.00409	0.00926
17	0.02481	0.31519	0.07248	0.01772	0.02330	0.32275	0.01559	0.05328	0.01970	0.02074	0.01209	0.01415	0.01033	0.00788	0.00720	0.00201	0.04203	0.00497	0.00389	0.00991
18	0.02483	0.01884	0.02003	0.01672	0.02175	0.05178	0.01337	0.19852	0.32626	0.12168	0.02602	0.02469	0.01901	0.01018	0.00880	0.00254	0.04218	0.00793	0.00774	0.03715
19	0.01946	0.49079	0.22681	0.01657	0.02445	0.02724	0.01834	0.02391	0.01610	0.02056	0.01193	0.01413	0.01015	0.00736	0.00685	0.00202	0.04456	0.00485	0.00338	0.01055
20	0.01107	0.00754	0.00901	0.00961	0.00983	0.00741	0.00592	0.01164	0.01289	0.01715	0.03106	0.23937	0.03626	0.49194	0.03045	0.00624	0.00681	0.04478	0.00564	0.00539
21	0.01872	0.02139	0.04679	0.03342	0.04144	0.02005	0.64305	0.02540	0.01872	0.02540	0.01604	0.02139	0.01203	0.00668	0.00936	0.00267	0.01337	0.00936	0.00401	0.01070
22	0.01869	0.01793	0.02984	0.16298	0.39408	0.01887	0.08275	0.02647	0.11765	0.02595	0.01759	0.02164	0.01396	0.00776	0.00805	0.00249	0.00953	0.00758	0.00451	0.01168
23	0.01125	0.00832	0.01212	0.01223	0.01345	0.00948	0.00925	0.01371	0.01277	0.01821	0.02294	0.07376	0.02266	0.12367	0.58465	0.01167	0.01890	0.00963	0.00449	0.00681
24	0.01963	0.01884	0.03219	0.04867	0.67185	0.01884	0.02434	0.02434	0.01806	0.02591	0.01492	0.01963	0.01256	0.00707	0.00785	0.00236	0.00942	0.00707	0.00393	0.01256
25	0.02069	0.65939	0.10373	0.01445	0.02171	0.03012	0.01510	0.02388	0.01617	0.01929	0.01134	0.01311	0.01016	0.00686	0.00533	0.00178	0.00880	0.00440	0.00339	0.01033
26	0.01222	0.00781	0.01003	0.01048	0.01153	0.00811	0.00761	0.01416	0.01415	0.02087	0.02793	0.14052	0.02870	0.16876	0.19405	0.05520	0.00977	0.07172	0.17999	0.00640
27	0.02627	0.02020	0.02164	0.01722	0.02308	0.02229	0.01398	0.43188	0.21429	0.04360	0.02253	0.02190	0.01646	0.00964	0.00784	0.00239	0.00784	0.00751	0.00776	0.06167
28	0.00989	0.00708	0.00941	0.01089	0.01155	0.00659	0.00738	0.01161	0.01624	0.02193	0.13490	0.62013	0.05572	0.02358	0.01001	0.00311	0.00448	0.02134	0.00756	0.00659
29	0.02259	0.04417	0.26788	0.01653	0.02403	0.01398	0.01756	0.02801	0.01964	0.27065	0.10839	0.05531	0.02408	0.01017	0.00791	0.00244	0.00815	0.00838	0.00672	0.04342
30	0.05933	0.12911	0.47543	0.02040	0.03027	0.01948	0.06082	0.02396	0.01668	0.02461	0.01796	0.02007	0.05229	0.00818	0.00728	0.00242	0.01057	0.00646	0.00374	0.01095
31	0.01153	0.00769	0.00865	0.00865	0.00865	0.00769	0.00480	0.01153	0.01153	0.01538	0.02499	0.05189	0.02883	0.72131	0.04036	0.00769	0.00769	0.01153	0.00480	0.00480
32	0.00966	0.00690	0.00920	0.01104	0.01150	0.00644	0.00736	0.01104	0.01518	0.02024	0.04371	0.71614	0.05245	0.02484	0.01012	0.00322	0.00460	0.02254	0.00736	0.00644
33	0.01922	0.01985	0.03527	0.20343	0.17686	0.05145	0.28518	0.06373	0.01922	0.02550	0.01532	0.02046	0.01178	0.00733	0.00848	0.00255	0.01157	0.00794	0.00412	0.01072
34	0.13086	0.42028	0.06097	0.01295	0.01877	0.02384	0.01236	0.05272	0.01700	0.02348	0.02202	0.06579	0.09213	0.00980	0.00616	0.00210	0.00752	0.00715	0.00457	0.00952
35	0.01730	0.01805	0.03454	0.06444	0.03269	0.01930	0.36051	0.02207	0.01647	0.02341	0.01688	0.06519	0.01466	0.00997	0.01344	0.00286	0.19385	0.00930	0.05550	0.00956
36	0.11453	0.06588	0.02169	0.01566	0.02148	0.01966	0.03875	0.32401	0.02647	0.03814	0.04667	0.06375	0.01749	0.00959	0.00728	0.00220	0.00761	0.00756	0.00653	0.14505
37	0.02000	0.02125	0.15236	0.01985	0.06258	0.01717	0.08627	0.21364	0.02335	0.03304	0.04727	0.04843	0.01905	0.04360	0.00941	0.00265	0.00870	0.02984	0.09731	0.04422
38	0.01710	0.01899	0.10847	0.02321	0.06391	0.01573	0.24003	0.08905	0.01937	0.02710	0.02344	0.19182	0.02244	0.01172	0.00869	0.00262	0.00935	0.01148	0.05378	0.04169
39	0.06012	0.10348	0.02087	0.08313	0.05779	0.01477	0.05456	0.05044	0.01971	0.08292	0.23098	0.07641	0.03650	0.01280	0.00899	0.02826	0.00693	0.03575	0.00647	0.00912

[dist]
# distance from previous block
# <min> <max>
0	4

[block]
# block no. 10 follows, 24 sequences, length 84
# corresponding to MSA columns:
# 519-602
name=unknown_K
#
# <colnr> <probs for GDERKNQSTAVLIFYWHMCP>
#	G	D	E	R	K	N	Q	S	T	A	V	L	I	F	Y	W	H	M	C	P
0	0.02390	0.04778	0.16023	0.01704	0.02387	0.01849	0.01618	0.17324	0.17836	0.15927	0.05302	0.02417	0.01919	0.00952	0.00777	0.00243	0.00803	0.00760	0.00710	0.04280
1	0.06512	0.09164	0.12526	0.04345	0.02514	0.02155	0.04215	0.27320	0.07425	0.03558	0.01799	0.01958	0.01349	0.00891	0.00810	0.00239	0.04035	0.00674	0.07363	0.01149
2	0.06480	0.46941	0.06065	0.01471	0.02115	0.05105	0.01402	0.08548	0.01845	0.05324	0.01303	0.01458	0.01092	0.00756	0.00657	0.00194	0.03751	0.00493	0.00430	0.04570
3	0.01846	0.05466	0.01878	0.01295	0.01942	0.01362	0.01057	0.05297	0.04707	0.05621	0.01559	0.01750	0.01261	0.00693	0.00718	0.00151	0.04281	0.00526	0.00511	0.58080
4	0.01733	0.02015	0.08526	0.05334	0.11347	0.01788	0.36103	0.02301	0.01780	0.02457	0.02015	0.05053	0.04261	0.00898	0.00965	0.00264	0.04280	0.03445	0.00434	0.05001
5	0.32205	0.17655	0.02048	0.04306	0.01911	0.01877	0.01100	0.02621	0.04328	0.15834	0.04993	0.04741	0.01694	0.00903	0.00626	0.00233	0.00682	0.00657	0.00590	0.00996
6	0.01304	0.01029	0.01433	0.09534	0.01819	0.01231	0.01083	0.01526	0.01326	0.01915	0.02157	0.08577	0.02184	0.19888	0.22034	0.00697	0.13326	0.00978	0.07258	0.00699
7	0.01874	0.01794	0.03059	0.17317	0.55428	0.01861	0.02390	0.02356	0.01764	0.02483	0.01476	0.01991	0.01218	0.00723	0.00787	0.00241	0.00964	0.00706	0.00385	0.01185
8	0.01629	0.01501	0.02428	0.58436	0.10635	0.01814	0.02151	0.05047	0.04368	0.02267	0.01515	0.02126	0.01145	0.00804	0.00793	0.00261	0.01021	0.00713	0.00395	0.00951
9	0.01815	0.02402	0.14232	0.03050	0.03830	0.02022	0.48623	0.02473	0.01776	0.02473	0.01520	0.02027	0.01156	0.00753	0.01073	0.00273	0.08193	0.00858	0.00385	0.01065
10	0.01590	0.04102	0.68023	0.02260	0.03432	0.01842	0.02930	0.02511	0.01674	0.02511	0.01423	0.01674	0.01005	0.00753	0.00753	0.00251	0.01172	0.00586	0.00335	0.01172
11	0.03486	0.01366	0.01838	0.01420	0.02026	0.01202	0.01170	0.03880	0.05136	0.64826	0.03133	0.02711	0.01984	0.00986	0.00798	0.00246	0.00673	0.00802	0.00974	0.01345
12	0.00982	0.00800	0.00869	0.00862	0.01101	0.00687	0.00643	0.01222	0.01899	0.02384	0.21832	0.09844	0.50239	0.01936	0.00940	0.00266	0.00398	0.01640	0.00769	0.00687
13	0.01359	0.00689	0.01028	0.01036	0.01038	0.00687	0.00691	0.01036	0.01055	0.01406	0.01511	0.05505	0.01550	0.02743	0.03006	0.73503	0.00678	0.00759	0.00362	0.00358
14	0.01590	0.04102	0.68023	0.02260	0.03432	0.01842	0.02930	0.02511	0.01674	0.02511	0.01423	0.01674	0.01005	0.00753	0.00753	0.00251	0.01172	0.00586	0.00335	0.01172
15	0.00966	0.00690	0.00920	0.01104	0.01150	0.00644	0.00736	0.01104	0.01518	0.02024	0.04371	0.71614	0.05245	0.02484	0.01012	0.00322	0.00460	0.02254	0.00736	0.00644
16	0.01146	0.00766	0.00867	0.00874	0.00876	0.00764	0.00491	0.01151	0.01168	0.01557	0.02574	0.07851	0.02978	0.69341	0.03915	0.00751	0.00756	0.01197	0.00491	0.00487
17	0.01972	0.01703	0.01793	0.01614	0.02062	0.01972	0.01255	0.04214	0.65752	0.03317	0.03228	0.02959	0.02421	0.01076	0.00807	0.00269	0.00628	0.00897	0.00807	0.01255
18	0.03014	0.02221	0.02380	0.01825	0.02459	0.02459	0.01507	0.64541	0.03728	0.04998	0.01904	0.01904	0.01349	0.00952	0.00793	0.00238	0.00873	0.00714	0.00793	0.01349
19	0.01590	0.04102	0.68023	0.02260	0.03432	0.01842	0.02930	0.02511	0.01674	0.02511	0.01423	0.01674	0.01005	0.00753	0.00753	0.00251	0.01172	0.00586	0.00335	0.01172
20	0.01478	0.00739	0.00739	0.00739	0.00924	0.00739	0.00554	0.01848	0.01663	0.02956	0.02587	0.02956	0.02033	0.00924	0.00554	0.00185	0.00370	0.00739	0.76534	0.00739
21	0.01124	0.00808	0.01046	0.00988	0.01162	0.00750	0.00730	0.01472	0.02168	0.03065	0.62280	0.05872	0.07161	0.06544	0.01152	0.00286	0.00402	0.01414	0.00846	0.00730
22	0.01133	0.00850	0.01274	0.01274	0.01416	0.00991	0.00991	0.01416	0.01274	0.01841	0.02124	0.03115	0.01982	0.05947	0.68989	0.01274	0.02124	0.00850	0.00425	0.00708
23	0.01153	0.00769	0.00865	0.00865	0.00865	0.00769	0.00480	0.01153	0.01153	0.01538	0.02499	0.05189	0.02883	0.72131	0.04036	0.00769	0.00769	0.01153	0.00480	0.00480
24	0.00973	0.00696	0.00926	0.01099	0.01152	0.00649	0.00737	0.01122	0.01551	0.02076	0.07188	0.68648	0.05346	0.02445	0.01009	0.00319	0.00456	0.02217	0.00742	0.00649
25	0.02120	0.72609	0.04155	0.01357	0.02035	0.03138	0.01357	0.02374	0.01611	0.01866	0.01102	0.01272	0.01018	0.00678	0.00509	0.00170	0.00848	0.00424	0.00339	0.01018
26	0.01852	0.02100	0.04557	0.06883	0.04214	0.01992	0.61017	0.02513	0.01857	0.02513	0.01594	0.02138	0.01195	0.00675	0.00928	0.00267	0.01322	0.00924	0.00398	0.01060
27	0.00966	0.00690	0.00920	0.01104	0.01150	0.00644	0.00736	0.01104	0.01518	0.02024	0.04371	0.71614	0.05245	0.02484	0.01012	0.00322	0.00460	0.02254	0.00736	0.00644
28	0.01260	0.00907	0.01253	0.01426	0.01613	0.00900	0.01242	0.01616	0.01825	0.02361	0.04402	0.08875	0.07862	0.02181	0.01087	0.00360	0.00713	0.58662	0.00731	0.00727
29	0.01122	0.00811	0.01060	0.00998	0.01185	0.00748	0.00748	0.01496	0.02245	0.03180	0.66766	0.05923	0.07482	0.01621	0.00935	0.00249	0.00374	0.01434	0.00873	0.00748
30	0.00966	0.00690	0.00920	0.01104	0.01150	0.00644	0.00736	0.01104	0.01518	0.02024	0.04371	0.71614	0.05245	0.02484	0.01012	0.00322	0.00460	0.02254	0.00736	0.00644
31	0.01959	0.01895	0.03281	0.04802	0.64501	0.01889	0.05068	0.02438	0.01808	0.02589	0.01496	0.01970	0.01254	0.00705	0.00791	0.00237	0.00959	0.00716	0.00393	0.01248
32	0.01606	0.03992	0.64474	0.02321	0.03472	0.01851	0.06368	0.02513	0.01685	0.02513	0.01433	0.01700	0.01016	0.00749	0.00764	0.00252	0.01181	0.00606	0.00339	0.01166
33	0.01122	0.00811	0.01060	0.00998	0.01185	0.00748	0.00748	0.01496	0.02245	0.03180	0.66766	0.05923	0.07482	0.01621	0.00935	0.00249	0.00374	0.01434	0.00873	0.00748
34	0.01153	0.00769	0.00865	0.00865	0.00865	0.00769	0.00480	0.01153	0.01153	0.01538	0.02499	0.05189	0.02883	0.72131	0.04036	0.00769	0.00769	0.01153	0.00480	0.00480
35	0.01326	0.00956	0.01168	0.01217	0.01361	0.00961	0.00857	0.11988	0.01880	0.02512	0.03861	0.56582	0.04467	0.05446	0.01115	0.00328	0.00545	0.01939	0.00734	0.00757
36	0.05722	0.01548	0.01788	0.01445	0.01966	0.04519	0.01166	0.11702	0.09563	0.37107	0.12094	0.02979	0.02651	0.01065	0.00803	0.00246	0.00685	0.00863	0.00876	0.01213
37	0.02003	0.01701	0.01805	0.01619	0.02067	0.01957	0.01270	0.07490	0.59697	0.03373	0.03193	0.03141	0.02447	0.01114	0.00818	0.00271	0.00645	0.03346	0.00803	0.01239
38	0.00966	0.00690	0.00920	0.01104	0.01150	0.00644	0.00736	0.01104	0.01518	0.02024	0.04371	0.71614	0.05245	0.02484	0.01012	0.00322	0.00460	0.02254	0.00736	0.00644
39	0.02153	0.01683	0.01877	0.01728	0.04998	0.01867	0.01303	0.15652	0.39220	0.07084	0.03185	0.05892	0.05293	0.01169	0.00827	0.00266	0.00679	0.03127	0.00786	0.01208
40	0.06646	0.21794	0.02709	0.01789	0.02294	0.41884	0.01448	0.08530	0.02167	0.02285	0.01249	0.01424	0.01042	0.00788	0.00656	0.00200	0.01182	0.00502	0.00430	0.00982
41	0.00966	0.00690	0.00920	0.01104	0.01150	0.00644	0.00736	0.01104	0.01518	0.02024	0.04371	0.71614	0.05245	0.02484	0.01012	0.00322	0.00460	0.02254	0.00736	0.00644
42	0.01872	0.02139	0.04679	0.03342	0.04144	0.02005	0.64305	0.02540	0.01872	0.02540	0.01604	0.02139	0.01203	0.00668	0.00936	0.00267	0.01337	0.00936	0.00401	0.01070
43	0.01488	0.01458	0.05502	0.01725	0.02062	0.04743	0.09413	0.02117	0.10298	0.02433	0.03459	0.19535	0.03602	0.01754	0.00980	0.00316	0.00800	0.26795	0.00660	0.00861
44	0.02031	0.01963	0.02438	0.34720	0.13900	0.11630	0.01961	0.10956	0.07774	0.02622	0.01626	0.02039	0.01245	0.00830	0.00782	0.00248	0.01030	0.00695	0.00468	0.01042
