[name]
unknown

[dist]
# distance from previous block
# <min> <max>
0	14

[block]
# block no. 0 follows, 22 sequences, length 62
# corresponding to MSA columns:
# 14-75
name=unknown_A
#
# <colnr> <probs for GDERKNQSTAVLIFYWHMCP>
#	G	D	E	R	K	N	Q	S	T	A	V	L	I	F	Y	W	H	M	C	P
0	0.01339	0.00956	0.01339	0.01530	0.01721	0.00956	0.01339	0.01721	0.01912	0.02486	0.04399	0.09371	0.04781	0.02295	0.01147	0.00382	0.00765	0.60031	0.00765	0.00765
1	0.03727	0.01414	0.01928	0.01478	0.02121	0.01221	0.01221	0.04049	0.02378	0.66198	0.03277	0.02828	0.02056	0.01028	0.00835	0.00257	0.00707	0.00835	0.01028	0.01414
2	0.03031	0.02264	0.02422	0.01886	0.02528	0.02517	0.01548	0.56044	0.10921	0.05031	0.02156	0.02123	0.01544	0.01012	0.00833	0.00253	0.00884	0.00770	0.00833	0.01401
3	0.62506	0.01600	0.01353	0.01184	0.01709	0.01810	0.00969	0.02781	0.06699	0.10561	0.01573	0.01656	0.01162	0.00829	0.00577	0.00259	0.00651	0.00533	0.00598	0.00990
4	0.03727	0.01414	0.01928	0.01478	0.02121	0.01221	0.01221	0.04049	0.02378	0.66198	0.03277	0.02828	0.02056	0.01028	0.00835	0.00257	0.00707	0.00835	0.01028	0.01414
5	0.00993	0.00842	0.00857	0.00854	0.01129	0.00706	0.00640	0.01214	0.01921	0.02308	0.11758	0.07890	0.61903	0.02080	0.00982	0.00279	0.00419	0.01739	0.00780	0.00706
6	0.03074	0.02215	0.02394	0.01862	0.02505	0.02442	0.01530	0.53124	0.10272	0.08636	0.02219	0.02162	0.01571	0.01013	0.00833	0.00253	0.00874	0.00774	0.00844	0.01402
7	0.02276	0.01623	0.01797	0.01576	0.02056	0.01779	0.01237	0.04046	0.46571	0.15031	0.06264	0.03455	0.06183	0.01188	0.00857	0.00276	0.00642	0.00989	0.00878	0.01276
8	0.01749	0.14309	0.57214	0.02226	0.03377	0.02132	0.02823	0.02609	0.01744	0.02530	0.01441	0.01691	0.01054	0.00778	0.00751	0.00250	0.01177	0.00589	0.00351	0.01204
9	0.07162	0.01666	0.01759	0.01486	0.01927	0.01826	0.01167	0.26771	0.15249	0.03856	0.05826	0.06593	0.06079	0.07259	0.01115	0.00307	0.00714	0.00986	0.07134	0.01116
10	0.02024	0.01941	0.03314	0.09314	0.61660	0.01965	0.02534	0.02521	0.01876	0.02675	0.01557	0.02067	0.01302	0.00746	0.00823	0.00249	0.00995	0.00740	0.00408	0.01290
11	0.02062	0.02032	0.03221	0.11764	0.55672	0.05625	0.02471	0.02547	0.01893	0.02613	0.01538	0.02042	0.01280	0.00756	0.00819	0.00248	0.01028	0.00729	0.00408	0.01254
12	0.00985	0.00830	0.00853	0.00872	0.01130	0.00699	0.00645	0.01189	0.01864	0.02232	0.08042	0.14062	0.59460	0.02153	0.00989	0.00286	0.00427	0.01813	0.00771	0.00699
13	0.07512	0.02005	0.02120	0.01746	0.02302	0.02263	0.01408	0.33674	0.26624	0.04309	0.02480	0.02433	0.01839	0.01276	0.03921	0.00313	0.00859	0.00808	0.00798	0.01310
14	0.01846	0.25949	0.46418	0.02062	0.03123	0.02368	0.02537	0.02585	0.01733	0.02412	0.01382	0.01618	0.01057	0.00764	0.00706	0.00235	0.01118	0.00559	0.00352	0.01176
15	0.01012	0.00723	0.00964	0.01157	0.01205	0.00675	0.00771	0.01157	0.01591	0.02121	0.04579	0.70262	0.05495	0.02603	0.01060	0.00337	0.00482	0.02362	0.00771	0.00675
16	0.01569	0.01477	0.02492	0.68808	0.05722	0.01846	0.02307	0.02123	0.01661	0.02123	0.01477	0.02215	0.01107	0.00831	0.00831	0.00277	0.01107	0.00738	0.00369	0.00923
17	0.01176	0.00849	0.01110	0.01045	0.01241	0.00784	0.00784	0.01568	0.02352	0.03331	0.65184	0.06206	0.07839	0.01698	0.00980	0.00261	0.00392	0.01502	0.00914	0.00784
18	0.01133	0.00847	0.01051	0.01000	0.01215	0.00766	0.00750	0.01485	0.02251	0.03092	0.52676	0.06600	0.20496	0.01788	0.00980	0.00266	0.00398	0.01558	0.00883	0.00766
19	0.02221	0.71304	0.04353	0.01421	0.02132	0.03287	0.01421	0.02488	0.01688	0.01955	0.01155	0.01333	0.01066	0.00711	0.00533	0.00178	0.00888	0.00444	0.00355	0.01066
20	0.01012	0.00723	0.00964	0.01157	0.01205	0.00675	0.00771	0.01157	0.01591	0.02121	0.04579	0.70262	0.05495	0.02603	0.01060	0.00337	0.00482	0.02362	0.00771	0.00675
21	0.02056	0.01974	0.03372	0.05099	0.65622	0.01974	0.02550	0.02550	0.01892	0.02714	0.01563	0.02056	0.01316	0.00740	0.00822	0.00247	0.00987	0.00740	0.00411	0.01316
22	0.02846	0.02172	0.02318	0.01848	0.02458	0.02431	0.01504	0.46174	0.21091	0.04733	0.02390	0.02310	0.01733	0.01034	0.00835	0.00259	0.00841	0.00803	0.00835	0.01385
23	0.01666	0.04297	0.66500	0.02368	0.03596	0.01929	0.03069	0.02631	0.01754	0.02631	0.01491	0.01754	0.01052	0.00789	0.00789	0.00263	0.01228	0.00614	0.00351	0.01228
24	0.01012	0.00723	0.00964	0.01157	0.01205	0.00675	0.00771	0.01157	0.01591	0.02121	0.04579	0.70262	0.05495	0.02603	0.01060	0.00337	0.00482	0.02362	0.00771	0.00675
25	0.02056	0.01974	0.03372	0.05099	0.65622	0.01974	0.02550	0.02550	0.01892	0.02714	0.01563	0.02056	0.01316	0.00740	0.00822	0.00247	0.00987	0.00740	0.00411	0.01316
26	0.01569	0.01477	0.02492	0.68808	0.05722	0.01846	0.02307	0.02123	0.01661	0.02123	0.01477	0.02215	0.01107	0.00831	0.00831	0.00277	0.01107	0.00738	0.00369	0.00923
27	0.01569	0.01477	0.02492	0.68808	0.05722	0.01846	0.02307	0.02123	0.01661	0.02123	0.01477	0.02215	0.01107	0.00831	0.00831	0.00277	0.01107	0.00738	0.00369	0.00923
28	0.06957	0.03456	0.02327	0.02032	0.02520	0.48922	0.01562	0.17145	0.02667	0.02868	0.01443	0.01606	0.01141	0.00885	0.00756	0.00224	0.01317	0.00580	0.00526	0.01065
29	0.01034	0.00738	0.00989	0.01181	0.01239	0.00693	0.00809	0.01194	0.01612	0.02145	0.04567	0.66234	0.05447	0.02582	0.01066	0.00340	0.00501	0.06177	0.00771	0.00681
30	0.02221	0.71304	0.04353	0.01421	0.02132	0.03287	0.01421	0.02488	0.01688	0.01955	0.01155	0.01333	0.01066	0.00711	0.00533	0.00178	0.00888	0.00444	0.00355	0.01066
31	0.01635	0.01364	0.01490	0.01368	0.01729	0.01478	0.01052	0.03076	0.36363	0.03230	0.21650	0.04789	0.14454	0.01450	0.00906	0.00276	0.00543	0.01233	0.00853	0.01063
32	0.02133	0.01634	0.01754	0.01536	0.01948	0.01828	0.01175	0.12749	0.38228	0.06127	0.02998	0.03326	0.02407	0.13284	0.01422	0.00363	0.00713	0.00945	0.04264	0.01167
33	0.76672	0.01607	0.01221	0.01092	0.01607	0.01864	0.00900	0.02442	0.01414	0.03727	0.01157	0.01350	0.00900	0.00771	0.00514	0.00257	0.00643	0.00450	0.00514	0.00900
34	0.01164	0.00849	0.01094	0.01033	0.01234	0.00779	0.00775	0.01545	0.02324	0.03266	0.61747	0.06314	0.11316	0.01723	0.00980	0.00262	0.00394	0.01518	0.00906	0.00779
35	0.02056	0.01974	0.03372	0.05099	0.65622	0.01974	0.02550	0.02550	0.01892	0.02714	0.01563	0.02056	0.01316	0.00740	0.00822	0.00247	0.00987	0.00740	0.00411	0.01316
36	0.03065	0.02915	0.02399	0.01984	0.02546	0.27332	0.01572	0.36244	0.07297	0.03896	0.01815	0.01878	0.01356	0.00952	0.00801	0.00238	0.01120	0.00679	0.00678	0.01235
37	0.01241	0.00927	0.01161	0.01089	0.01312	0.00887	0.00821	0.01788	0.07512	0.03289	0.57157	0.06034	0.10268	0.01671	0.00969	0.00264	0.00416	0.01468	0.00902	0.00824
38	0.01012	0.00723	0.00964	0.01157	0.01205	0.00675	0.00771	0.01157	0.01591	0.02121	0.04579	0.70262	0.05495	0.02603	0.01060	0.00337	0.00482	0.02362	0.00771	0.00675
39	0.01026	0.00799	0.00933	0.00994	0.01173	0.00705	0.00709	0.01243	0.01858	0.02382	0.16590	0.30928	0.33252	0.02221	0.01011	0.00298	0.00439	0.01938	0.00796	0.00705
40	0.06265	0.01569	0.01948	0.01528	0.02135	0.01506	0.01252	0.13249	0.07309	0.46311	0.05881	0.02815	0.02215	0.01052	0.00830	0.00258	0.00719	0.00845	0.00957	0.01356
41	0.01569	0.01477	0.02492	0.68808	0.05722	0.01846	0.02307	0.02123	0.01661	0.02123	0.01477	0.02215	0.01107	0.00831	0.00831	0.00277	0.01107	0.00738	0.00369	0.00923
42	0.01012	0.00723	0.00964	0.01157	0.01205	0.00675	0.00771	0.01157	0.01591	0.02121	0.04579	0.70262	0.05495	0.02603	0.01060	0.00337	0.00482	0.02362	0.00771	0.00675
43	0.01928	0.01843	0.03141	0.21850	0.49872	0.01940	0.02486	0.02437	0.01831	0.02559	0.01540	0.02098	0.01261	0.00764	0.00825	0.00255	0.01019	0.00740	0.00400	0.01213
44	0.01961	0.02241	0.04902	0.03501	0.04342	0.02101	0.62605	0.02661	0.01961	0.02661	0.01681	0.02241	0.01261	0.00700	0.00980	0.00280	0.01401	0.00980	0.00420	0.01120
45	0.03727	0.01414	0.01928	0.01478	0.02121	0.01221	0.01221	0.04049	0.02378	0.66198	0.03277	0.02828	0.02056	0.01028	0.00835	0.00257	0.00707	0.00835	0.01028	0.01414
46	0.01003	0.00826	0.00881	0.00902	0.01144	0.00705	0.00663	0.01220	0.01893	0.02323	0.12873	0.16158	0.52267	0.02135	0.00992	0.00286	0.00426	0.01813	0.00784	0.00705
47	0.01681	0.04194	0.63418	0.02425	0.03633	0.01938	0.06048	0.02632	0.01764	0.02632	0.01500	0.01778	0.01063	0.00785	0.00799	0.00264	0.01236	0.00632	0.00354	0.01222
48	0.02056	0.51410	0.22804	0.01702	0.02567	0.02884	0.01911	0.02530	0.01708	0.02155	0.01255	0.01458	0.01062	0.00734	0.00609	0.00203	0.00989	0.00495	0.00354	0.01114
49	0.01666	0.04297	0.66500	0.02368	0.03596	0.01929	0.03069	0.02631	0.01754	0.02631	0.01491	0.01754	0.01052	0.00789	0.00789	0.00263	0.01228	0.00614	0.00351	0.01228
50	0.64274	0.13214	0.01743	0.01147	0.01694	0.02101	0.00987	0.02450	0.01459	0.03432	0.01156	0.01347	0.00927	0.00761	0.00517	0.00244	0.00684	0.00449	0.00488	0.00927
51	0.68338	0.05101	0.01353	0.01090	0.01595	0.01870	0.00907	0.02414	0.01448	0.03599	0.01251	0.01454	0.00983	0.00780	0.00519	0.00249	0.00640	0.00469	0.05041	0.00901
52	0.02221	0.71304	0.04353	0.01421	0.02132	0.03287	0.01421	0.02488	0.01688	0.01955	0.01155	0.01333	0.01066	0.00711	0.00533	0.00178	0.00888	0.00444	0.00355	0.01066
53	0.01881	0.01577	0.01806	0.01324	0.02039	0.01306	0.01061	0.08056	0.05710	0.02996	0.01642	0.01832	0.01327	0.00683	0.00650	0.00145	0.00646	0.00544	0.00546	0.64231
54	0.05305	0.16364	0.52112	0.02135	0.03235	0.02173	0.02667	0.02596	0.01726	0.02560	0.01414	0.01658	0.01048	0.00774	0.00730	0.00247	0.01138	0.00575	0.00359	0.01183
55	0.02845	0.03505	0.02223	0.02031	0.02436	0.56195	0.01530	0.03235	0.07131	0.02137	0.01536	0.01787	0.01278	0.01372	0.06904	0.00323	0.01499	0.00600	0.00463	0.00970
56	0.01021	0.00835	0.00853	0.00853	0.01085	0.00719	0.00609	0.01195	0.01776	0.02136	0.07422	0.07557	0.54616	0.13876	0.01538	0.00370	0.00487	0.01660	0.00726	0.00667
57	0.01788	0.03323	0.38348	0.02764	0.03811	0.01955	0.26901	0.02615	0.01835	0.02647	0.01566	0.01948	0.01145	0.00744	0.00857	0.00263	0.01265	0.00755	0.00386	0.05083
58	0.01236	0.00956	0.01003	0.00968	0.01277	0.00855	0.00733	0.01647	0.07639	0.05931	0.07517	0.09658	0.53662	0.01973	0.00964	0.00282	0.00461	0.01650	0.00793	0.00797
59	0.01863	0.01937	0.06053	0.01849	0.02599	0.04571	0.14009	0.02493	0.07040	0.02726	0.01671	0.01937	0.01329	0.00697	0.00727	0.00181	0.00858	0.00640	0.00496	0.46323
60	0.01349	0.01136	0.04613	0.01309	0.01525	0.01002	0.01015	0.08859	0.02022	0.02745	0.14199	0.45141	0.05125	0.02148	0.01008	0.00312	0.00570	0.04325	0.00780	0.00816
61	0.02947	0.02291	0.02348	0.01841	0.02454	0.06231	0.01494	0.50736	0.07257	0.04683	0.02043	0.02171	0.01523	0.04013	0.00966	0.00268	0.00916	0.00757	0.00781	0.04278

[dist]
# distance from previous block
# <min> <max>
11	14

[block]
# block no. 1 follows, 22 sequences, length 19
# corresponding to MSA columns:
# 90-108
name=unknown_B
#
# <colnr> <probs for GDERKNQSTAVLIFYWHMCP>
#	G	D	E	R	K	N	Q	S	T	A	V	L	I	F	Y	W	H	M	C	P
0	0.01923	0.01838	0.03131	0.22555	0.49210	0.01939	0.02483	0.02433	0.01828	0.02552	0.01539	0.02100	0.01259	0.00765	0.00825	0.00255	0.01020	0.00740	0.00400	0.01208
1	0.01950	0.01866	0.03181	0.18943	0.52606	0.01946	0.02497	0.02457	0.01842	0.02586	0.01544	0.02091	0.01271	0.00760	0.00824	0.00253	0.01013	0.00740	0.00402	0.01230
2	0.01736	0.01327	0.01489	0.01382	0.01687	0.03729	0.01062	0.08872	0.15202	0.05915	0.26014	0.16233	0.04941	0.01641	0.00946	0.00283	0.00597	0.05124	0.00843	0.00975
3	0.02189	0.67447	0.07930	0.01476	0.02216	0.03209	0.01516	0.02496	0.01692	0.01993	0.01174	0.01357	0.01065	0.00715	0.00548	0.00183	0.00908	0.00454	0.00355	0.01075
4	0.02910	0.02033	0.02243	0.01756	0.02362	0.02175	0.01430	0.47714	0.03405	0.10305	0.02337	0.08852	0.01867	0.01137	0.00841	0.00251	0.00834	0.00901	0.00823	0.05824
5	0.02221	0.71304	0.04353	0.01421	0.02132	0.03287	0.01421	0.02488	0.01688	0.01955	0.01155	0.01333	0.01066	0.00711	0.00533	0.00178	0.00888	0.00444	0.00355	0.01066
6	0.02099	0.01272	0.01556	0.01425	0.01785	0.01286	0.01109	0.06438	0.16595	0.18446	0.11441	0.20480	0.03952	0.01637	0.00939	0.00294	0.00618	0.06686	0.00872	0.01070
7	0.02135	0.60905	0.13998	0.01568	0.02359	0.03076	0.01677	0.02510	0.01698	0.02059	0.01207	0.01398	0.01064	0.00723	0.00573	0.00191	0.00941	0.00471	0.00355	0.01091
8	0.02567	0.02391	0.02002	0.01778	0.02244	0.22819	0.01372	0.03887	0.33757	0.10916	0.05522	0.02695	0.02249	0.01054	0.00819	0.00256	0.00920	0.00823	0.00738	0.01191
9	0.02206	0.01870	0.01861	0.01616	0.02124	0.07743	0.01260	0.03833	0.42302	0.08380	0.03135	0.02950	0.04823	0.01066	0.00810	0.00252	0.00722	0.00867	0.00771	0.11409
10	0.08044	0.01186	0.01447	0.01383	0.01726	0.01190	0.01124	0.02565	0.11066	0.16024	0.11939	0.11498	0.06298	0.01679	0.00951	0.00308	0.00639	0.19119	0.00831	0.00983
11	0.01666	0.04297	0.66500	0.02368	0.03596	0.01929	0.03069	0.02631	0.01754	0.02631	0.01491	0.01754	0.01052	0.00789	0.00789	0.00263	0.01228	0.00614	0.00351	0.01228
12	0.01756	0.15086	0.56494	0.02215	0.03360	0.02148	0.02804	0.02608	0.01743	0.02522	0.01437	0.01686	0.01055	0.00777	0.00748	0.00249	0.01173	0.00587	0.00352	0.01202
13	0.02063	0.43958	0.23694	0.01716	0.02566	0.02721	0.01913	0.05391	0.01817	0.02372	0.01366	0.01571	0.01123	0.00760	0.00630	0.00209	0.00976	0.00526	0.03509	0.01121
14	0.04803	0.01789	0.01919	0.01557	0.02078	0.04206	0.01260	0.29299	0.05515	0.08256	0.13167	0.03172	0.02771	0.01135	0.00825	0.00243	0.00746	0.03680	0.04675	0.08905
15	0.01275	0.00892	0.01094	0.01077	0.01164	0.00922	0.00716	0.04228	0.01520	0.02079	0.09445	0.10921	0.03505	0.40882	0.16001	0.00782	0.01018	0.01261	0.00577	0.00640
16	0.02909	0.02109	0.02265	0.01763	0.02361	0.02320	0.01447	0.54138	0.03629	0.04943	0.05345	0.02314	0.01812	0.01031	0.00816	0.00245	0.00839	0.00790	0.07603	0.01322
17	0.02056	0.01974	0.03372	0.05099	0.65622	0.01974	0.02550	0.02550	0.01892	0.02714	0.01563	0.02056	0.01316	0.00740	0.00822	0.00247	0.00987	0.00740	0.00411	0.01316
18	0.05898	0.07922	0.59343	0.02243	0.03402	0.02002	0.02855	0.02612	0.01731	0.02654	0.01453	0.01708	0.01045	0.00784	0.00759	0.00258	0.01176	0.00595	0.00360	0.01200

[dist]
# distance from previous block
# <min> <max>
0	109

[block]
# block no. 2 follows, 22 sequences, length 28
# corresponding to MSA columns:
# 218-245
name=unknown_C
#
# <colnr> <probs for GDERKNQSTAVLIFYWHMCP>
#	G	D	E	R	K	N	Q	S	T	A	V	L	I	F	Y	W	H	M	C	P
0	0.06594	0.01510	0.01751	0.01490	0.01949	0.01601	0.01189	0.06252	0.23547	0.21945	0.09650	0.03564	0.08642	0.01241	0.00964	0.00274	0.04805	0.00992	0.00851	0.01190
1	0.01749	0.14310	0.57213	0.02226	0.03377	0.02132	0.02823	0.02609	0.01744	0.02530	0.01441	0.01691	0.01054	0.00778	0.00751	0.00250	0.01177	0.00589	0.00351	0.01204
2	0.01720	0.10831	0.60440	0.02276	0.03453	0.02062	0.02909	0.02617	0.01747	0.02565	0.01458	0.01713	0.01054	0.00782	0.00764	0.00255	0.01195	0.00597	0.00351	0.01212
3	0.05532	0.13587	0.23882	0.01807	0.02509	0.08275	0.01873	0.09065	0.01931	0.02669	0.01659	0.02046	0.01349	0.02010	0.15423	0.00477	0.01330	0.00653	0.02863	0.01060
4	0.01817	0.22482	0.49634	0.02111	0.03198	0.02298	0.02622	0.02592	0.01736	0.02447	0.01400	0.01640	0.01056	0.00768	0.00720	0.00240	0.01136	0.00568	0.00352	0.01184
5	0.02718	0.02105	0.02173	0.01739	0.02286	0.06065	0.01405	0.46287	0.03424	0.04529	0.09606	0.06345	0.05149	0.01203	0.00862	0.00255	0.00845	0.00952	0.00811	0.01243
6	0.01666	0.04297	0.66500	0.02368	0.03596	0.01929	0.03069	0.02631	0.01754	0.02631	0.01491	0.01754	0.01052	0.00789	0.00789	0.00263	0.01228	0.00614	0.00351	0.01228
7	0.02010	0.02080	0.06874	0.08044	0.59226	0.01965	0.02567	0.02533	0.01873	0.02681	0.01554	0.02047	0.01291	0.00747	0.00821	0.00249	0.01006	0.00733	0.00406	0.01292
8	0.02221	0.71304	0.04353	0.01421	0.02132	0.03287	0.01421	0.02488	0.01688	0.01955	0.01155	0.01333	0.01066	0.00711	0.00533	0.00178	0.00888	0.00444	0.00355	0.01066
9	0.01159	0.00849	0.01087	0.01027	0.01231	0.00777	0.00770	0.01535	0.02311	0.03235	0.60164	0.06364	0.12919	0.01734	0.00980	0.00263	0.00394	0.01525	0.00902	0.00777
10	0.02066	0.01785	0.01878	0.01691	0.02160	0.02066	0.01315	0.04414	0.64121	0.03475	0.03381	0.03099	0.02536	0.01127	0.00845	0.00282	0.00657	0.00939	0.00845	0.01315
11	0.02221	0.71304	0.04353	0.01421	0.02132	0.03287	0.01421	0.02488	0.01688	0.01955	0.01155	0.01333	0.01066	0.00711	0.00533	0.00178	0.00888	0.00444	0.00355	0.01066
12	0.02066	0.01785	0.01878	0.01691	0.02160	0.02066	0.01315	0.04414	0.64121	0.03475	0.03381	0.03099	0.02536	0.01127	0.00845	0.00282	0.00657	0.00939	0.00845	0.01315
13	0.02221	0.71304	0.04353	0.01421	0.02132	0.03287	0.01421	0.02488	0.01688	0.01955	0.01155	0.01333	0.01066	0.00711	0.00533	0.00178	0.00888	0.00444	0.00355	0.01066
14	0.06678	0.67132	0.04166	0.01402	0.02101	0.03202	0.01390	0.02485	0.01672	0.02061	0.01155	0.01334	0.01056	0.00714	0.00532	0.00182	0.00874	0.00445	0.00365	0.01056
15	0.59203	0.01560	0.01390	0.01185	0.01730	0.01710	0.00977	0.02827	0.01645	0.18688	0.01665	0.01704	0.01177	0.00833	0.00591	0.00257	0.00658	0.00542	0.00637	0.01023
16	0.02204	0.01837	0.01939	0.01694	0.02188	0.02097	0.01332	0.13905	0.51794	0.03717	0.03349	0.03108	0.04790	0.01144	0.00848	0.00276	0.00691	0.00939	0.00840	0.01307
17	0.01569	0.01477	0.02492	0.68808	0.05722	0.01846	0.02307	0.02123	0.01661	0.02123	0.01477	0.02215	0.01107	0.00831	0.00831	0.00277	0.01107	0.00738	0.00369	0.00923
18	0.01720	0.10838	0.60434	0.02275	0.03453	0.02062	0.02909	0.02617	0.01747	0.02565	0.01458	0.01713	0.01054	0.00782	0.00764	0.00255	0.01195	0.00597	0.00351	0.01212
19	0.02991	0.03706	0.02279	0.02058	0.02490	0.60525	0.01551	0.06236	0.02408	0.02208	0.01709	0.01877	0.04585	0.00931	0.00766	0.00219	0.01410	0.00612	0.00467	0.00972
20	0.03126	0.02239	0.02422	0.01872	0.02524	0.02464	0.01542	0.55780	0.07474	0.08778	0.02156	0.02112	0.01520	0.01007	0.00832	0.00252	0.00886	0.00765	0.00844	0.01407
21	0.01993	0.01908	0.03224	0.04851	0.61860	0.01900	0.02438	0.02470	0.01892	0.02687	0.01962	0.02403	0.05047	0.00820	0.00832	0.00249	0.00954	0.00799	0.00432	0.01280
22	0.01927	0.01615	0.01882	0.01460	0.02049	0.01523	0.01169	0.10874	0.08072	0.03037	0.01884	0.06001	0.01625	0.00920	0.00900	0.00193	0.07324	0.00707	0.00579	0.46262
23	0.01960	0.01405	0.04210	0.01335	0.01785	0.01204	0.01068	0.02224	0.01679	0.14887	0.02254	0.06937	0.02056	0.17713	0.01763	0.00355	0.07366	0.00871	0.00599	0.28328
24	0.02173	0.01677	0.01918	0.01407	0.02122	0.01465	0.01139	0.16747	0.02280	0.06693	0.01696	0.01847	0.01318	0.00729	0.00679	0.00160	0.00692	0.00572	0.00602	0.54084
25	0.08041	0.05503	0.01480	0.03832	0.01640	0.01460	0.00950	0.15595	0.02191	0.03516	0.02280	0.02567	0.01764	0.00937	0.00638	0.00214	0.00585	0.00721	0.45134	0.00950
26	0.15893	0.03787	0.54119	0.02126	0.03218	0.01917	0.02658	0.02595	0.01689	0.02839	0.01427	0.01677	0.01023	0.00786	0.00737	0.00262	0.01117	0.00583	0.00382	0.01166
27	0.02166	0.64686	0.10492	0.01515	0.02277	0.03153	0.01584	0.02502	0.01695	0.02021	0.01188	0.01374	0.01065	0.00718	0.00558	0.00186	0.00922	0.00461	0.00355	0.01082

[dist]
# distance from previous block
# <min> <max>
0	1

[block]
# block no. 3 follows, 22 sequences, length 9
# corresponding to MSA columns:
# 247-255
name=unknown_D
#
# <colnr> <probs for GDERKNQSTAVLIFYWHMCP>
#	G	D	E	R	K	N	Q	S	T	A	V	L	I	F	Y	W	H	M	C	P
0	0.32325	0.01899	0.01830	0.01482	0.02043	0.02128	0.01217	0.33228	0.02716	0.04440	0.01725	0.01838	0.01273	0.00904	0.00682	0.00247	0.00758	0.00631	0.07483	0.01150
1	0.01012	0.00723	0.00964	0.01157	0.01205	0.00675	0.00771	0.01157	0.01591	0.02121	0.04579	0.70262	0.05495	0.02603	0.01060	0.00337	0.00482	0.02362	0.00771	0.00675
2	0.03250	0.01408	0.01853	0.01434	0.02053	0.01226	0.01172	0.03688	0.05548	0.51575	0.06648	0.02904	0.02316	0.01022	0.00818	0.00242	0.00675	0.00838	0.00947	0.10381
3	0.01799	0.07012	0.33784	0.02515	0.03325	0.02195	0.15605	0.02473	0.01676	0.02443	0.01414	0.01852	0.01108	0.00930	0.01296	0.00287	0.18089	0.00712	0.00369	0.01116
4	0.02571	0.01694	0.01972	0.01490	0.02168	0.01565	0.01210	0.17751	0.06841	0.18236	0.02161	0.02146	0.01561	0.00843	0.00736	0.00197	0.00714	0.00667	0.00726	0.34748
5	0.01710	0.09586	0.61595	0.02293	0.03480	0.02036	0.02939	0.02620	0.01749	0.02578	0.01464	0.01721	0.01053	0.00783	0.00769	0.00256	0.01201	0.00600	0.00351	0.01215
6	0.02854	0.01483	0.02332	0.01764	0.02381	0.01306	0.12418	0.03260	0.02247	0.39928	0.12413	0.03157	0.02740	0.01040	0.00867	0.00252	0.00779	0.00939	0.00858	0.06982
7	0.01882	0.06575	0.42641	0.02286	0.03284	0.01848	0.11297	0.02664	0.01893	0.08574	0.07457	0.02309	0.01793	0.00877	0.00827	0.00261	0.01113	0.00761	0.00475	0.01181
8	0.02576	0.01433	0.01788	0.01351	0.02007	0.01189	0.01093	0.03028	0.05261	0.30129	0.05598	0.02498	0.01991	0.00875	0.00741	0.00196	0.00646	0.00715	0.00763	0.36123

[dist]
# distance from previous block
# <min> <max>
2	110

[block]
# block no. 4 follows, 22 sequences, length 54
# corresponding to MSA columns:
# 400-453
name=unknown_E
#
# <colnr> <probs for GDERKNQSTAVLIFYWHMCP>
#	G	D	E	R	K	N	Q	S	T	A	V	L	I	F	Y	W	H	M	C	P
0	0.02345	0.32551	0.17394	0.01835	0.02587	0.08083	0.01855	0.15226	0.02199	0.02801	0.01412	0.01606	0.01138	0.00843	0.00795	0.00225	0.04918	0.00569	0.00461	0.01157
1	0.02852	0.05392	0.10391	0.01823	0.05227	0.01690	0.01574	0.09281	0.07475	0.32761	0.02537	0.02445	0.01745	0.01160	0.03320	0.00292	0.03448	0.00764	0.00772	0.05051
2	0.01698	0.03385	0.47497	0.02028	0.03033	0.01649	0.02445	0.02478	0.01821	0.05576	0.06954	0.05200	0.01875	0.00935	0.00798	0.00249	0.01029	0.00760	0.00464	0.10127
3	0.03404	0.01438	0.01887	0.01487	0.02088	0.01312	0.01215	0.03991	0.10378	0.55400	0.05920	0.03006	0.02364	0.01069	0.00843	0.00260	0.00687	0.00877	0.01000	0.01374
4	0.02051	0.01378	0.02068	0.01928	0.07350	0.01265	0.07952	0.02531	0.04820	0.16660	0.06160	0.10226	0.03042	0.01382	0.00916	0.00275	0.00767	0.15163	0.00723	0.13344
5	0.02357	0.08564	0.13306	0.01727	0.02341	0.14497	0.01593	0.18108	0.02517	0.06147	0.08356	0.02847	0.07760	0.01076	0.00796	0.00240	0.00944	0.00826	0.04893	0.01103
6	0.02546	0.01896	0.02066	0.01586	0.02197	0.01948	0.01284	0.38603	0.03012	0.04207	0.01949	0.02188	0.01506	0.04395	0.00923	0.00239	0.00785	0.00706	0.07009	0.20955
7	0.02782	0.01803	0.02020	0.01620	0.02165	0.01903	0.01303	0.33816	0.08657	0.17080	0.03105	0.06209	0.07538	0.04816	0.01034	0.00290	0.00778	0.00972	0.00848	0.01259
8	0.01959	0.01894	0.03286	0.17019	0.51147	0.01956	0.05629	0.02475	0.01852	0.02600	0.01553	0.02096	0.01274	0.00755	0.00832	0.00254	0.01031	0.00752	0.00404	0.01232
9	0.01747	0.14103	0.57405	0.02229	0.03381	0.02128	0.02828	0.02610	0.01744	0.02532	0.01442	0.01692	0.01054	0.00778	0.00752	0.00251	0.01178	0.00589	0.00351	0.01204
10	0.02456	0.07120	0.01826	0.01312	0.01802	0.01274	0.01070	0.02903	0.05353	0.30345	0.24691	0.03810	0.03959	0.01208	0.00843	0.00242	0.00602	0.01014	0.00878	0.07293
11	0.01666	0.04297	0.66500	0.02368	0.03596	0.01929	0.03069	0.02631	0.01754	0.02631	0.01491	0.01754	0.01052	0.00789	0.00789	0.00263	0.01228	0.00614	0.00351	0.01228
12	0.02199	0.68611	0.06851	0.01460	0.02191	0.03233	0.01488	0.02493	0.01691	0.01982	0.01168	0.01350	0.01066	0.00714	0.00543	0.00181	0.00902	0.00451	0.00355	0.01073
13	0.02221	0.71304	0.04353	0.01421	0.02132	0.03287	0.01421	0.02488	0.01688	0.01955	0.01155	0.01333	0.01066	0.00711	0.00533	0.00178	0.00888	0.00444	0.00355	0.01066
14	0.02371	0.02739	0.02463	0.02163	0.02348	0.30479	0.01726	0.02566	0.01738	0.02014	0.01174	0.01680	0.01082	0.01197	0.01876	0.00299	0.40118	0.00644	0.00391	0.00932
15	0.01026	0.00793	0.00942	0.01052	0.01212	0.00709	0.00758	0.01219	0.01747	0.02204	0.06215	0.38455	0.31161	0.02363	0.01034	0.00317	0.00479	0.06850	0.00771	0.00694
16	0.03053	0.02245	0.02408	0.01857	0.02486	0.02481	0.01521	0.59528	0.03760	0.05040	0.02028	0.02180	0.01499	0.04761	0.01014	0.00279	0.00908	0.00773	0.00813	0.01364
17	0.01176	0.00849	0.01110	0.01045	0.01241	0.00784	0.00784	0.01568	0.02352	0.03331	0.65184	0.06206	0.07839	0.01698	0.00980	0.00261	0.00392	0.01502	0.00914	0.00784
18	0.02525	0.01984	0.02122	0.01725	0.02304	0.02179	0.01388	0.32569	0.27041	0.04219	0.02758	0.02652	0.04496	0.01062	0.00825	0.00253	0.00769	0.00843	0.00806	0.07480
19	0.01178	0.01095	0.01003	0.01012	0.01280	0.06213	0.00761	0.01393	0.01907	0.02229	0.07289	0.12773	0.51702	0.02053	0.00978	0.00285	0.00533	0.04847	0.00743	0.00724
20	0.01890	0.02012	0.03952	0.02823	0.03633	0.01804	0.44190	0.02491	0.01890	0.02675	0.01620	0.02086	0.01252	0.00675	0.00871	0.00233	0.01166	0.00834	0.00442	0.23463
21	0.03319	0.03078	0.02207	0.01911	0.02413	0.44539	0.01472	0.03570	0.02362	0.24242	0.01974	0.01958	0.01411	0.00916	0.00779	0.00229	0.01224	0.00639	0.00636	0.01119
22	0.01739	0.13138	0.58300	0.02243	0.03402	0.02108	0.02852	0.02612	0.01745	0.02542	0.01447	0.01698	0.01054	0.00779	0.00755	0.00252	0.01183	0.00591	0.00351	0.01206
23	0.02221	0.71304	0.04353	0.01421	0.02132	0.03287	0.01421	0.02488	0.01688	0.01955	0.01155	0.01333	0.01066	0.00711	0.00533	0.00178	0.00888	0.00444	0.00355	0.01066
24	0.03573	0.01448	0.01923	0.01498	0.02124	0.01299	0.01230	0.04082	0.08099	0.60386	0.03287	0.02853	0.02101	0.01037	0.00836	0.00259	0.00702	0.00845	0.01011	0.01405
25	0.00986	0.00825	0.00859	0.00886	0.01134	0.00698	0.00651	0.01187	0.01850	0.02227	0.07870	0.16850	0.56782	0.02175	0.00993	0.00289	0.00429	0.01840	0.00771	0.00698
26	0.02066	0.01785	0.01878	0.01691	0.02160	0.02066	0.01315	0.04414	0.64121	0.03475	0.03381	0.03099	0.02536	0.01127	0.00845	0.00282	0.00657	0.00939	0.00845	0.01315
27	0.01010	0.00733	0.00954	0.01130	0.01198	0.00677	0.00759	0.01160	0.01616	0.02131	0.04905	0.64963	0.10583	0.02560	0.01054	0.00333	0.00477	0.02310	0.00771	0.00677
28	0.02161	0.64002	0.11126	0.01525	0.02292	0.03139	0.01601	0.02503	0.01695	0.02028	0.01192	0.01379	0.01065	0.00719	0.00561	0.00187	0.00925	0.00463	0.00355	0.01084
29	0.01176	0.00849	0.01110	0.01045	0.01241	0.00784	0.00784	0.01568	0.02352	0.03331	0.65184	0.06206	0.07839	0.01698	0.00980	0.00261	0.00392	0.01502	0.00914	0.00784
30	0.02221	0.71304	0.04353	0.01421	0.02132	0.03287	0.01421	0.02488	0.01688	0.01955	0.01155	0.01333	0.01066	0.00711	0.00533	0.00178	0.00888	0.00444	0.00355	0.01066
31	0.76672	0.01607	0.01221	0.01092	0.01607	0.01864	0.00900	0.02442	0.01414	0.03727	0.01157	0.01350	0.00900	0.00771	0.00514	0.00257	0.00643	0.00450	0.00514	0.00900
32	0.02221	0.71304	0.04353	0.01421	0.02132	0.03287	0.01421	0.02488	0.01688	0.01955	0.01155	0.01333	0.01066	0.00711	0.00533	0.00178	0.00888	0.00444	0.00355	0.01066
33	0.02221	0.71304	0.04353	0.01421	0.02132	0.03287	0.01421	0.02488	0.01688	0.01955	0.01155	0.01333	0.01066	0.00711	0.00533	0.00178	0.00888	0.00444	0.00355	0.01066
34	0.01012	0.00723	0.00964	0.01157	0.01205	0.00675	0.00771	0.01157	0.01591	0.02121	0.04579	0.70262	0.05495	0.02603	0.01060	0.00337	0.00482	0.02362	0.00771	0.00675
35	0.01012	0.00723	0.00964	0.01157	0.01205	0.00675	0.00771	0.01157	0.01591	0.02121	0.04579	0.70262	0.05495	0.02603	0.01060	0.00337	0.00482	0.02362	0.00771	0.00675
36	0.01772	0.17043	0.54679	0.02188	0.03317	0.02188	0.02756	0.02604	0.01741	0.02502	0.01427	0.01674	0.01055	0.00774	0.00741	0.00247	0.01163	0.00582	0.00352	0.01197
37	0.02066	0.01785	0.01878	0.01691	0.02160	0.02066	0.01315	0.04414	0.64121	0.03475	0.03381	0.03099	0.02536	0.01127	0.00845	0.00282	0.00657	0.00939	0.00845	0.01315
38	0.76672	0.01607	0.01221	0.01092	0.01607	0.01864	0.00900	0.02442	0.01414	0.03727	0.01157	0.01350	0.00900	0.00771	0.00514	0.00257	0.00643	0.00450	0.00514	0.00900
39	0.02056	0.01974	0.03372	0.05099	0.65622	0.01974	0.02550	0.02550	0.01892	0.02714	0.01563	0.02056	0.01316	0.00740	0.00822	0.00247	0.00987	0.00740	0.00411	0.01316
40	0.01893	0.01953	0.02669	0.02254	0.02324	0.05898	0.05272	0.02106	0.01368	0.02039	0.01134	0.01825	0.01099	0.01380	0.02524	0.00351	0.61886	0.00731	0.00370	0.00924
41	0.01189	0.00858	0.01129	0.01085	0.01281	0.00798	0.00830	0.01580	0.02315	0.03262	0.60177	0.06466	0.07587	0.01747	0.00994	0.00271	0.00423	0.06324	0.00902	0.00782
42	0.02056	0.01974	0.03372	0.05099	0.65622	0.01974	0.02550	0.02550	0.01892	0.02714	0.01563	0.02056	0.01316	0.00740	0.00822	0.00247	0.00987	0.00740	0.00411	0.01316
43	0.01009	0.00734	0.00953	0.01128	0.01197	0.00677	0.00758	0.01160	0.01618	0.02132	0.04931	0.64553	0.10977	0.02557	0.01053	0.00332	0.00476	0.02306	0.00771	0.00677
44	0.01723	0.01477	0.01723	0.01230	0.01969	0.01107	0.00984	0.02092	0.01723	0.02707	0.01477	0.01723	0.01230	0.00615	0.00615	0.00123	0.00615	0.00492	0.00492	0.75883
45	0.02221	0.71304	0.04353	0.01421	0.02132	0.03287	0.01421	0.02488	0.01688	0.01955	0.01155	0.01333	0.01066	0.00711	0.00533	0.00178	0.00888	0.00444	0.00355	0.01066
46	0.02413	0.01874	0.02075	0.01582	0.02241	0.01851	0.01282	0.32206	0.05215	0.03961	0.01951	0.05102	0.01570	0.00917	0.00752	0.00202	0.00759	0.00723	0.00687	0.32640
47	0.01732	0.12281	0.59095	0.02255	0.03421	0.02091	0.02873	0.02614	0.01746	0.02550	0.01451	0.01704	0.01054	0.00780	0.00759	0.00253	0.01187	0.00594	0.00351	0.01208
48	0.07253	0.01394	0.01850	0.01436	0.02049	0.01231	0.01182	0.03839	0.02328	0.59798	0.06388	0.02929	0.02299	0.01050	0.00827	0.00257	0.00687	0.00851	0.00997	0.01355
49	0.05431	0.27656	0.38254	0.01952	0.02935	0.02438	0.02311	0.05706	0.01827	0.02579	0.01383	0.01599	0.01069	0.00772	0.00688	0.00232	0.01065	0.00553	0.00385	0.01165
50	0.02057	0.01958	0.03249	0.04818	0.60394	0.01981	0.02448	0.02703	0.07018	0.02777	0.01712	0.02142	0.01416	0.00772	0.00824	0.00250	0.00960	0.00757	0.00447	0.01316
51	0.64957	0.01647	0.01341	0.01168	0.01684	0.01891	0.00960	0.09119	0.01706	0.03865	0.01323	0.01504	0.01015	0.00806	0.00552	0.00253	0.00661	0.00498	0.04099	0.00951
52	0.01922	0.01529	0.01454	0.01312	0.01685	0.06850	0.01011	0.05649	0.25377	0.03178	0.03051	0.03103	0.05518	0.01061	0.00729	0.00232	0.00619	0.00852	0.29568	0.05300
53	0.05483	0.51799	0.19351	0.01637	0.02465	0.02891	0.01799	0.02520	0.01692	0.02200	0.01237	0.01436	0.01055	0.00733	0.00595	0.00202	0.00960	0.00486	0.00361	0.01098

[dist]
# distance from previous block
# <min> <max>
0	3

[block]
# block no. 5 follows, 22 sequences, length 10
# corresponding to MSA columns:
# 457-466
name=unknown_F
#
# <colnr> <probs for GDERKNQSTAVLIFYWHMCP>
#	G	D	E	R	K	N	Q	S	T	A	V	L	I	F	Y	W	H	M	C	P
0	0.03234	0.01445	0.01867	0.01476	0.02073	0.01325	0.01201	0.03879	0.12007	0.49950	0.06485	0.02995	0.02397	0.01059	0.00834	0.00255	0.00678	0.00870	0.00967	0.05002
1	0.06417	0.02150	0.02273	0.01787	0.02398	0.02390	0.01464	0.50397	0.10153	0.04859	0.02143	0.02143	0.01549	0.00999	0.00804	0.00250	0.00845	0.00756	0.04880	0.01343
2	0.13672	0.01440	0.01832	0.01425	0.02051	0.01309	0.01177	0.03830	0.02246	0.57681	0.02988	0.02626	0.01899	0.00993	0.00792	0.00257	0.00698	0.00783	0.00958	0.01344
3	0.01783	0.15617	0.51305	0.02290	0.03400	0.02174	0.07189	0.02609	0.01758	0.02517	0.01447	0.01718	0.01070	0.00769	0.00760	0.00250	0.01182	0.00612	0.00357	0.01192
4	0.01788	0.01503	0.01806	0.10794	0.02519	0.01715	0.01457	0.03323	0.37612	0.03005	0.03416	0.04793	0.02991	0.01424	0.00931	0.00310	0.00750	0.18005	0.00757	0.01102
5	0.38186	0.05291	0.01961	0.08122	0.02401	0.06994	0.01320	0.20633	0.02270	0.03813	0.01449	0.01639	0.01095	0.00848	0.00659	0.00250	0.00845	0.00574	0.00581	0.01069
6	0.01793	0.01701	0.02655	0.01897	0.02665	0.01399	0.19062	0.02259	0.01793	0.02694	0.01536	0.01875	0.01239	0.00640	0.00722	0.00169	0.00846	0.00635	0.00471	0.53950
7	0.01815	0.26102	0.32023	0.02076	0.07444	0.02231	0.02167	0.02432	0.01824	0.02506	0.10067	0.02242	0.02002	0.00883	0.00732	0.00233	0.00982	0.00688	0.00434	0.01120
8	0.02180	0.41543	0.13311	0.01611	0.02309	0.02615	0.01637	0.02663	0.05108	0.08507	0.01923	0.02034	0.04699	0.00904	0.00799	0.00223	0.05728	0.00626	0.00470	0.01108
9	0.17755	0.51618	0.03522	0.01358	0.02022	0.02837	0.01298	0.02595	0.01683	0.07148	0.01315	0.01448	0.01106	0.00747	0.00552	0.00200	0.00824	0.00475	0.00439	0.01058

[dist]
# distance from previous block
# <min> <max>
8	14

[block]
# block no. 6 follows, 22 sequences, length 8
# corresponding to MSA columns:
# 486-493
name=unknown_G
#
# <colnr> <probs for GDERKNQSTAVLIFYWHMCP>
#	G	D	E	R	K	N	Q	S	T	A	V	L	I	F	Y	W	H	M	C	P
0	0.14722	0.59601	0.03827	0.01366	0.02044	0.03048	0.01334	0.02480	0.01642	0.02252	0.01155	0.01335	0.01038	0.00721	0.00530	0.00191	0.00847	0.00445	0.00382	0.01038
1	0.70028	0.01533	0.01181	0.01064	0.01550	0.01767	0.00871	0.02397	0.01443	0.03672	0.01294	0.01504	0.01008	0.00789	0.00520	0.00251	0.00620	0.00479	0.07139	0.00889
2	0.02057	0.01952	0.03202	0.04711	0.58401	0.01984	0.02409	0.02762	0.08973	0.02801	0.01770	0.02175	0.01455	0.00784	0.00825	0.00251	0.00949	0.00763	0.00461	0.01316
3	0.02068	0.02094	0.03049	0.19397	0.44400	0.09683	0.02382	0.02542	0.01893	0.02498	0.01510	0.02027	0.01239	0.00775	0.00816	0.00250	0.01075	0.00716	0.00404	0.01184
4	0.02345	0.61830	0.04072	0.01523	0.02194	0.12316	0.01447	0.02604	0.01782	0.01966	0.01173	0.01356	0.01067	0.00731	0.00563	0.00183	0.00974	0.00457	0.00366	0.01052
5	0.02143	0.61878	0.13096	0.01555	0.02338	0.03096	0.01653	0.02508	0.01697	0.02050	0.01202	0.01392	0.01064	0.00722	0.00569	0.00190	0.00936	0.00468	0.00355	0.01089
6	0.51437	0.13599	0.09455	0.01296	0.01911	0.02055	0.01238	0.02427	0.01548	0.03280	0.04470	0.01643	0.01301	0.00811	0.00574	0.00245	0.00740	0.00522	0.00489	0.00960
7	0.06436	0.02162	0.09375	0.01708	0.02364	0.01978	0.01507	0.32205	0.06512	0.03985	0.02164	0.09280	0.01818	0.01076	0.00798	0.00241	0.00822	0.00857	0.00696	0.14016

[dist]
# distance from previous block
# <min> <max>
5	11

[block]
# block no. 7 follows, 22 sequences, length 7
# corresponding to MSA columns:
# 506-512
name=unknown_H
#
# <colnr> <probs for GDERKNQSTAVLIFYWHMCP>
#	G	D	E	R	K	N	Q	S	T	A	V	L	I	F	Y	W	H	M	C	P
0	0.02919	0.23859	0.02682	0.01480	0.02106	0.02045	0.01290	0.07158	0.09413	0.31715	0.02505	0.02341	0.01758	0.00933	0.00728	0.00231	0.00758	0.00714	0.04101	0.01262
1	0.02657	0.01705	0.02205	0.01783	0.02316	0.01747	0.06871	0.24078	0.07937	0.19840	0.02960	0.13854	0.02502	0.01319	0.00901	0.00278	0.00805	0.04184	0.00832	0.01224
2	0.01823	0.01672	0.02785	0.13717	0.42401	0.01726	0.02242	0.02300	0.01862	0.02575	0.02187	0.03724	0.02064	0.01103	0.00897	0.00282	0.00955	0.14067	0.00485	0.01134
3	0.01998	0.02317	0.12707	0.04695	0.56450	0.01967	0.02626	0.02562	0.01871	0.02702	0.01552	0.02011	0.01277	0.00747	0.00818	0.00249	0.01023	0.00722	0.00402	0.01303
4	0.09264	0.01381	0.01803	0.01411	0.02006	0.01235	0.01159	0.03712	0.02300	0.55965	0.08335	0.02996	0.02453	0.01065	0.00822	0.00257	0.00675	0.00861	0.00978	0.01320
5	0.01887	0.12063	0.52292	0.02233	0.03313	0.09211	0.02718	0.02689	0.01811	0.02487	0.01429	0.01677	0.01056	0.00787	0.00755	0.00248	0.01218	0.00586	0.00360	0.01180
6	0.02079	0.01685	0.01847	0.01674	0.02110	0.01898	0.01336	0.13865	0.40170	0.03544	0.03373	0.07410	0.02869	0.01375	0.00904	0.00296	0.00711	0.10821	0.00826	0.01207

[dist]
# distance from previous block
# <min> <max>
0	2

[block]
# block no. 8 follows, 22 sequences, length 35
# corresponding to MSA columns:
# 515-549
name=unknown_I
#
# <colnr> <probs for GDERKNQSTAVLIFYWHMCP>
#	G	D	E	R	K	N	Q	S	T	A	V	L	I	F	Y	W	H	M	C	P
0	0.60359	0.02025	0.10895	0.01567	0.06509	0.01881	0.01335	0.02477	0.01498	0.03494	0.01235	0.01459	0.00952	0.00772	0.00576	0.00257	0.00753	0.00495	0.00483	0.00978
1	0.02221	0.71304	0.04353	0.01421	0.02132	0.03287	0.01421	0.02488	0.01688	0.01955	0.01155	0.01333	0.01066	0.00711	0.00533	0.00178	0.00888	0.00444	0.00355	0.01066
2	0.02056	0.01974	0.03372	0.05099	0.65622	0.01974	0.02550	0.02550	0.01892	0.02714	0.01563	0.02056	0.01316	0.00740	0.00822	0.00247	0.00987	0.00740	0.00411	0.01316
3	0.01810	0.21662	0.50395	0.02123	0.03216	0.02281	0.02642	0.02594	0.01737	0.02456	0.01404	0.01645	0.01056	0.00769	0.00723	0.00241	0.01140	0.00570	0.00352	0.01186
4	0.02056	0.01974	0.03372	0.05099	0.65622	0.01974	0.02550	0.02550	0.01892	0.02714	0.01563	0.02056	0.01316	0.00740	0.00822	0.00247	0.00987	0.00740	0.00411	0.01316
5	0.02221	0.71304	0.04353	0.01421	0.02132	0.03287	0.01421	0.02488	0.01688	0.01955	0.01155	0.01333	0.01066	0.00711	0.00533	0.00178	0.00888	0.00444	0.00355	0.01066
6	0.03024	0.02230	0.02415	0.01872	0.02502	0.02472	0.01542	0.58695	0.03732	0.05012	0.02010	0.02080	0.01458	0.01352	0.05348	0.00323	0.01003	0.00758	0.00805	0.01367
7	0.71558	0.01555	0.01214	0.01089	0.01582	0.01790	0.00892	0.02383	0.01477	0.03700	0.05494	0.01678	0.01370	0.00834	0.00546	0.00257	0.00626	0.00521	0.00541	0.00892
8	0.02119	0.02093	0.03311	0.04921	0.61836	0.05907	0.02493	0.02596	0.01919	0.02673	0.01546	0.02023	0.01301	0.00747	0.00818	0.00245	0.01018	0.00728	0.00412	0.01295
9	0.02056	0.01974	0.03372	0.05099	0.65622	0.01974	0.02550	0.02550	0.01892	0.02714	0.01563	0.02056	0.01316	0.00740	0.00822	0.00247	0.00987	0.00740	0.00411	0.01316
10	0.76672	0.01607	0.01221	0.01092	0.01607	0.01864	0.00900	0.02442	0.01414	0.03727	0.01157	0.01350	0.00900	0.00771	0.00514	0.00257	0.00643	0.00450	0.00514	0.00900
11	0.01627	0.01375	0.01621	0.01221	0.01866	0.01049	0.00956	0.01966	0.01705	0.02628	0.01893	0.10931	0.01803	0.00882	0.00675	0.00152	0.00597	0.00743	0.00530	0.65779
12	0.03079	0.02251	0.02409	0.01856	0.02497	0.02488	0.01530	0.59859	0.03800	0.05131	0.02030	0.02049	0.01448	0.00996	0.00819	0.00247	0.00888	0.00749	0.04496	0.01381
13	0.02862	0.01950	0.02156	0.01746	0.02334	0.02127	0.01412	0.29863	0.25967	0.16292	0.02756	0.02565	0.01953	0.01051	0.00837	0.00263	0.00779	0.00836	0.00874	0.01377
14	0.02278	0.01737	0.01885	0.01664	0.02155	0.01959	0.01303	0.04368	0.56257	0.11464	0.03368	0.03065	0.02475	0.01114	0.00844	0.00279	0.00664	0.00926	0.00869	0.01328
15	0.76672	0.01607	0.01221	0.01092	0.01607	0.01864	0.00900	0.02442	0.01414	0.03727	0.01157	0.01350	0.00900	0.00771	0.00514	0.00257	0.00643	0.00450	0.00514	0.00900
16	0.03727	0.01414	0.01928	0.01478	0.02121	0.01221	0.01221	0.04049	0.02378	0.66198	0.03277	0.02828	0.02056	0.01028	0.00835	0.00257	0.00707	0.00835	0.01028	0.01414
17	0.03026	0.02109	0.02306	0.01815	0.02440	0.02308	0.01484	0.44418	0.14989	0.12670	0.02418	0.02308	0.01705	0.01026	0.00834	0.00256	0.00840	0.00795	0.00859	0.01395
18	0.76672	0.01607	0.01221	0.01092	0.01607	0.01864	0.00900	0.02442	0.01414	0.03727	0.01157	0.01350	0.00900	0.00771	0.00514	0.00257	0.00643	0.00450	0.00514	0.00900
19	0.01936	0.02193	0.04752	0.07570	0.04428	0.02085	0.58849	0.02628	0.01942	0.02628	0.01668	0.02239	0.01251	0.00708	0.00971	0.00280	0.01382	0.00965	0.00417	0.01108
20	0.06970	0.01596	0.05773	0.01514	0.02186	0.01293	0.01317	0.03889	0.02296	0.59497	0.03072	0.02695	0.01943	0.01002	0.00818	0.00257	0.00735	0.00804	0.00964	0.01379
21	0.02056	0.01974	0.03372	0.05099	0.65622	0.01974	0.02550	0.02550	0.01892	0.02714	0.01563	0.02056	0.01316	0.00740	0.00822	0.00247	0.00987	0.00740	0.00411	0.01316
22	0.03158	0.02327	0.02493	0.01911	0.02576	0.02576	0.01579	0.62852	0.03906	0.05236	0.01995	0.01995	0.01413	0.00997	0.00831	0.00249	0.00914	0.00748	0.00831	0.01413
23	0.03158	0.02327	0.02493	0.01911	0.02576	0.02576	0.01579	0.62852	0.03906	0.05236	0.01995	0.01995	0.01413	0.00997	0.00831	0.00249	0.00914	0.00748	0.00831	0.01413
24	0.03158	0.02327	0.02493	0.01911	0.02576	0.02576	0.01579	0.62852	0.03906	0.05236	0.01995	0.01995	0.01413	0.00997	0.00831	0.00249	0.00914	0.00748	0.00831	0.01413
25	0.01803	0.01716	0.02915	0.38165	0.34533	0.01907	0.02424	0.02328	0.01772	0.02407	0.01518	0.02138	0.01208	0.00787	0.00827	0.00262	0.01049	0.00739	0.00389	0.01112
26	0.02221	0.71304	0.04353	0.01421	0.02132	0.03287	0.01421	0.02488	0.01688	0.01955	0.01155	0.01333	0.01066	0.00711	0.00533	0.00178	0.00888	0.00444	0.00355	0.01066
27	0.01671	0.01607	0.02799	0.54405	0.14739	0.01884	0.06689	0.02226	0.01718	0.02251	0.01504	0.02193	0.01150	0.00807	0.00840	0.00273	0.01110	0.00756	0.00379	0.00997
28	0.02221	0.71304	0.04353	0.01421	0.02132	0.03287	0.01421	0.02488	0.01688	0.01955	0.01155	0.01333	0.01066	0.00711	0.00533	0.00178	0.00888	0.00444	0.00355	0.01066
29	0.76672	0.01607	0.01221	0.01092	0.01607	0.01864	0.00900	0.02442	0.01414	0.03727	0.01157	0.01350	0.00900	0.00771	0.00514	0.00257	0.00643	0.00450	0.00514	0.00900
30	0.02056	0.01974	0.03372	0.05099	0.65622	0.01974	0.02550	0.02550	0.01892	0.02714	0.01563	0.02056	0.01316	0.00740	0.00822	0.00247	0.00987	0.00740	0.00411	0.01316
31	0.02695	0.05265	0.01982	0.01561	0.02094	0.01612	0.01289	0.07300	0.19904	0.28891	0.03212	0.03725	0.02481	0.01214	0.00860	0.00273	0.00721	0.09834	0.00866	0.04218
32	0.06114	0.01777	0.05372	0.01619	0.02215	0.01710	0.01362	0.06743	0.28680	0.30504	0.03073	0.02782	0.02126	0.01045	0.00823	0.00268	0.00720	0.00847	0.00882	0.01339
33	0.02056	0.01974	0.03372	0.05099	0.65622	0.01974	0.02550	0.02550	0.01892	0.02714	0.01563	0.02056	0.01316	0.00740	0.00822	0.00247	0.00987	0.00740	0.00411	0.01316
