[name]
unknown

[dist]
# distance from previous block
# <min> <max>
0	7

[block]
# block no. 0 follows, 25 sequences, length 35
# corresponding to MSA columns:
# 7-41
name=unknown_A
#
# <colnr> <probs for GDERKNQSTAVLIFYWHMCP>
#	G	D	E	R	K	N	Q	S	T	A	V	L	I	F	Y	W	H	M	C	P
0	0.01249	0.00892	0.01249	0.01428	0.01606	0.00892	0.01249	0.01606	0.01785	0.02320	0.04105	0.08746	0.04462	0.02142	0.01071	0.00357	0.00714	0.62695	0.00714	0.00714
1	0.02947	0.02172	0.02327	0.01784	0.02404	0.02404	0.01474	0.65329	0.03646	0.04887	0.01862	0.01862	0.01319	0.00931	0.00776	0.00233	0.00853	0.00698	0.00776	0.01319
2	0.08212	0.02380	0.02197	0.01760	0.02324	0.14505	0.01424	0.47177	0.05724	0.04181	0.01738	0.01776	0.01269	0.00897	0.00741	0.00228	0.00924	0.00650	0.00687	0.01205
3	0.01520	0.01435	0.02427	0.62738	0.13051	0.01737	0.02181	0.02030	0.01577	0.02049	0.01388	0.02049	0.01058	0.00765	0.00774	0.00255	0.01020	0.00689	0.00349	0.00907
4	0.01464	0.01378	0.02326	0.70887	0.05340	0.01723	0.02153	0.01981	0.01550	0.01981	0.01378	0.02067	0.01034	0.00775	0.00775	0.00258	0.01034	0.00689	0.00345	0.00861
5	0.01897	0.01820	0.03107	0.07997	0.64850	0.01836	0.02369	0.02360	0.01755	0.02506	0.01455	0.01926	0.01219	0.00695	0.00768	0.00232	0.00927	0.00691	0.00382	0.01210
6	0.01546	0.01461	0.02473	0.59009	0.16580	0.01744	0.02194	0.02053	0.01589	0.02080	0.01393	0.02041	0.01069	0.00760	0.00774	0.00253	0.01013	0.00689	0.00352	0.00927
7	0.03334	0.01288	0.01753	0.01355	0.01929	0.01115	0.01115	0.03638	0.02218	0.64484	0.06971	0.02830	0.02247	0.00998	0.00788	0.00240	0.00642	0.00818	0.00953	0.01284
8	0.01793	0.01372	0.01627	0.01171	0.01852	0.01044	0.00941	0.02133	0.01668	0.09038	0.01544	0.01710	0.01225	0.00612	0.00595	0.00127	0.00583	0.00491	0.00509	0.69967
9	0.01608	0.01378	0.01608	0.01148	0.01837	0.01034	0.00919	0.01952	0.01608	0.02527	0.01378	0.01608	0.01148	0.00574	0.00574	0.00115	0.00574	0.00459	0.00459	0.77491
10	0.01415	0.00863	0.01138	0.01029	0.01268	0.00786	0.00786	0.01772	0.02198	0.11822	0.58912	0.05371	0.06596	0.01502	0.00897	0.00243	0.00405	0.01319	0.00868	0.00810
11	0.01493	0.01407	0.02377	0.66753	0.09252	0.01730	0.02167	0.02006	0.01564	0.02016	0.01383	0.02058	0.01046	0.00770	0.00775	0.00257	0.01027	0.00689	0.00347	0.00884
12	0.01124	0.00810	0.01073	0.01054	0.01236	0.00759	0.00821	0.01488	0.02124	0.02973	0.56519	0.06304	0.06821	0.01682	0.00942	0.00263	0.00426	0.12023	0.00829	0.00729
13	0.05495	0.64879	0.03795	0.01363	0.01999	0.07963	0.01318	0.02377	0.01610	0.01903	0.01087	0.01256	0.00988	0.00676	0.00512	0.00172	0.00861	0.00421	0.00343	0.00981
14	0.01610	0.11307	0.61915	0.02117	0.03212	0.01934	0.02703	0.02441	0.01631	0.02389	0.01358	0.01596	0.00984	0.00729	0.00711	0.00237	0.01113	0.00556	0.00328	0.01130
15	0.01618	0.12472	0.60827	0.02102	0.03189	0.01956	0.02677	0.02439	0.01629	0.02378	0.01353	0.01589	0.00984	0.00728	0.00707	0.00236	0.01107	0.00554	0.00328	0.01127
16	0.05510	0.01459	0.01928	0.01496	0.02085	0.01371	0.03715	0.08723	0.08564	0.52297	0.02851	0.02536	0.01851	0.00947	0.00776	0.00242	0.00695	0.00777	0.00891	0.01285
17	0.01919	0.01842	0.03147	0.04759	0.67914	0.01842	0.02380	0.02380	0.01765	0.02533	0.01458	0.01919	0.01228	0.00691	0.00768	0.00230	0.00921	0.00691	0.00384	0.01228
18	0.01729	0.01880	0.08601	0.27091	0.38621	0.01802	0.04611	0.02254	0.01683	0.02336	0.01429	0.01951	0.01138	0.00722	0.00773	0.00242	0.00993	0.00688	0.00366	0.01089
19	0.01671	0.01606	0.02778	0.40082	0.31283	0.01784	0.05340	0.02171	0.01654	0.02235	0.01421	0.02007	0.01121	0.00734	0.00779	0.00247	0.01000	0.00701	0.00363	0.01023
20	0.00945	0.00675	0.00900	0.01080	0.01125	0.00630	0.00720	0.01080	0.01484	0.01979	0.04274	0.72245	0.05128	0.02429	0.00990	0.00315	0.00450	0.02204	0.00720	0.00630
21	0.02430	0.14244	0.20902	0.01910	0.02580	0.33186	0.01831	0.06578	0.02035	0.05523	0.01366	0.01530	0.01059	0.00777	0.00687	0.00211	0.01172	0.00533	0.00420	0.01028
22	0.01347	0.00673	0.01010	0.01010	0.01010	0.00673	0.00673	0.01010	0.01010	0.01347	0.01347	0.02357	0.01347	0.02694	0.03030	0.77441	0.00673	0.00673	0.00337	0.00337
23	0.02859	0.07053	0.02298	0.01951	0.02377	0.62290	0.01488	0.06802	0.02254	0.02074	0.01232	0.01418	0.01018	0.00800	0.00694	0.00200	0.01337	0.00507	0.00419	0.00929
24	0.01249	0.00892	0.01249	0.01428	0.01606	0.00892	0.01249	0.01606	0.01785	0.02320	0.04105	0.08746	0.04462	0.02142	0.01071	0.00357	0.00714	0.62695	0.00714	0.00714
25	0.01334	0.01183	0.01628	0.01549	0.01578	0.01491	0.01209	0.01492	0.01342	0.01922	0.02608	0.31166	0.02998	0.05352	0.01888	0.00351	0.34564	0.05090	0.00524	0.00732
26	0.01658	0.14538	0.53353	0.02162	0.03203	0.02010	0.07858	0.02437	0.01644	0.02360	0.01358	0.01614	0.01001	0.00718	0.00715	0.00235	0.01111	0.00577	0.00334	0.01114
27	0.02102	0.65088	0.03857	0.01406	0.02017	0.07072	0.01357	0.02344	0.01592	0.01831	0.01082	0.01278	0.00996	0.00709	0.00622	0.00177	0.04716	0.00434	0.00336	0.00981
28	0.01433	0.01336	0.02240	0.66687	0.05087	0.01657	0.02067	0.01927	0.01546	0.01981	0.01552	0.06290	0.01280	0.00875	0.00788	0.00262	0.00998	0.00780	0.00367	0.00847
29	0.01677	0.01595	0.02710	0.39918	0.34645	0.01779	0.02259	0.02168	0.01651	0.02240	0.01416	0.01998	0.01125	0.00736	0.00772	0.00245	0.00981	0.00690	0.00363	0.01033
30	0.02732	0.03079	0.02403	0.02231	0.06434	0.43804	0.04676	0.08238	0.08146	0.02508	0.01854	0.02100	0.03441	0.00998	0.00883	0.00255	0.03926	0.00686	0.00536	0.01072
31	0.01580	0.07329	0.65633	0.02168	0.03290	0.01861	0.02791	0.02449	0.01634	0.02425	0.01376	0.01618	0.00983	0.00733	0.00725	0.00242	0.01131	0.00565	0.00328	0.01139
32	0.15100	0.08457	0.09039	0.01321	0.01818	0.01484	0.01190	0.02595	0.10469	0.16144	0.16818	0.07246	0.03006	0.01109	0.00741	0.00242	0.00634	0.00901	0.00686	0.01000
33	0.01310	0.10409	0.11417	0.01260	0.01705	0.01211	0.04265	0.01651	0.01747	0.04531	0.10655	0.13304	0.30537	0.01544	0.00842	0.00252	0.00617	0.01311	0.00618	0.00816
34	0.01504	0.04906	0.02397	0.01792	0.02227	0.01352	0.22551	0.05755	0.01832	0.02488	0.08239	0.15089	0.11722	0.05181	0.01025	0.00278	0.00785	0.01214	0.05887	0.03776

[dist]
# distance from previous block
# <min> <max>
20	71

[block]
# block no. 1 follows, 25 sequences, length 14
# corresponding to MSA columns:
# 123-136
name=unknown_B
#
# <colnr> <probs for GDERKNQSTAVLIFYWHMCP>
#	G	D	E	R	K	N	Q	S	T	A	V	L	I	F	Y	W	H	M	C	P
0	0.01401	0.01384	0.10239	0.01375	0.01783	0.00996	0.05504	0.01785	0.01827	0.07235	0.23732	0.22567	0.04280	0.01468	0.00858	0.00248	0.00604	0.01315	0.00673	0.10726
1	0.12081	0.01482	0.04366	0.11289	0.09690	0.01435	0.15728	0.02060	0.01705	0.05577	0.08006	0.10678	0.06749	0.01085	0.00799	0.00254	0.00809	0.01005	0.04290	0.00911
2	0.01584	0.09498	0.23380	0.01483	0.02065	0.01483	0.01514	0.02063	0.03792	0.05426	0.04757	0.04552	0.01952	0.19059	0.01588	0.00354	0.03411	0.00785	0.00462	0.10791
3	0.01916	0.05446	0.10934	0.01817	0.07809	0.01711	0.01475	0.16770	0.12836	0.03064	0.02183	0.11786	0.01924	0.01031	0.00749	0.00224	0.00746	0.00860	0.00592	0.16127
4	0.14204	0.09156	0.41447	0.01875	0.02801	0.01823	0.05318	0.02361	0.01586	0.02578	0.01321	0.01561	0.00988	0.00705	0.00665	0.00224	0.00974	0.00539	0.00371	0.09501
5	0.01717	0.08456	0.49348	0.02154	0.03167	0.01901	0.08471	0.06758	0.01788	0.02585	0.01418	0.01666	0.01035	0.00727	0.00729	0.00233	0.01084	0.00596	0.00373	0.05793
6	0.01297	0.01941	0.22722	0.12212	0.02598	0.01316	0.03482	0.01742	0.01517	0.02114	0.02556	0.29637	0.02718	0.04993	0.01115	0.00306	0.05121	0.01275	0.00494	0.00845
7	0.01744	0.01374	0.01622	0.01165	0.01848	0.01041	0.00935	0.02085	0.01652	0.07329	0.01501	0.01683	0.01205	0.00602	0.00589	0.00124	0.00580	0.00483	0.00496	0.71942
8	0.24174	0.01994	0.07594	0.01524	0.02125	0.01977	0.01342	0.31623	0.05714	0.09593	0.01787	0.01822	0.01278	0.00862	0.00682	0.00236	0.00762	0.00625	0.03143	0.01144
9	0.02126	0.01494	0.01603	0.01358	0.01790	0.01622	0.01077	0.18789	0.25694	0.07350	0.02568	0.02560	0.01915	0.00953	0.00706	0.00224	0.00604	0.00764	0.22310	0.04493
10	0.02831	0.02023	0.02200	0.01714	0.02293	0.02216	0.01404	0.57731	0.03422	0.07813	0.02092	0.06900	0.01619	0.01039	0.00791	0.00239	0.00815	0.00809	0.00781	0.01270
11	0.02557	0.01823	0.01950	0.01595	0.02080	0.04773	0.01283	0.37468	0.08837	0.11226	0.02391	0.05378	0.01968	0.07280	0.01077	0.00292	0.00799	0.05324	0.00749	0.01150
12	0.02124	0.27840	0.08018	0.01917	0.02563	0.06976	0.15273	0.08604	0.09038	0.04714	0.01598	0.01802	0.01262	0.00841	0.00796	0.03517	0.00961	0.00642	0.00463	0.01049
13	0.13600	0.31829	0.05786	0.01411	0.02012	0.02400	0.01302	0.19219	0.04380	0.03046	0.03209	0.01800	0.02845	0.00821	0.00612	0.00207	0.00771	0.00578	0.03124	0.01050

[dist]
# distance from previous block
# <min> <max>
1	3

[block]
# block no. 2 follows, 25 sequences, length 30
# corresponding to MSA columns:
# 140-169
name=unknown_C
#
# <colnr> <probs for GDERKNQSTAVLIFYWHMCP>
#	G	D	E	R	K	N	Q	S	T	A	V	L	I	F	Y	W	H	M	C	P
0	0.02352	0.01818	0.02054	0.01703	0.05511	0.01863	0.01307	0.37653	0.05764	0.03886	0.03969	0.04465	0.01644	0.00901	0.00733	0.00205	0.00740	0.00717	0.00670	0.22045
1	0.02249	0.21424	0.02353	0.01347	0.01933	0.01820	0.01150	0.02978	0.16569	0.18546	0.04259	0.02186	0.01772	0.00835	0.00663	0.00197	0.00668	0.00651	0.00633	0.17766
2	0.02529	0.01866	0.02033	0.01602	0.02169	0.02000	0.01296	0.39101	0.15771	0.07577	0.02147	0.02205	0.01599	0.03761	0.00879	0.00245	0.00755	0.00725	0.00736	0.11005
3	0.01089	0.00819	0.01001	0.01078	0.01201	0.00803	0.00747	0.01483	0.08962	0.02244	0.12722	0.44442	0.10304	0.07871	0.01192	0.00331	0.00477	0.01810	0.00725	0.00700
4	0.02418	0.04084	0.15433	0.07364	0.02632	0.01647	0.04546	0.13069	0.07294	0.24324	0.07351	0.02469	0.01962	0.00929	0.00780	0.00242	0.00827	0.00770	0.00687	0.01172
5	0.00962	0.00685	0.00905	0.01063	0.01113	0.00641	0.00708	0.01103	0.01506	0.02018	0.07622	0.65379	0.05135	0.05789	0.01129	0.00332	0.00460	0.02108	0.00715	0.00628
6	0.02518	0.02207	0.02031	0.01810	0.05202	0.18502	0.01360	0.15375	0.22975	0.10761	0.02196	0.02151	0.01628	0.00901	0.00745	0.00226	0.00869	0.00697	0.00666	0.07180
7	0.01147	0.00790	0.01038	0.01005	0.01178	0.00728	0.00742	0.01473	0.02082	0.04950	0.55361	0.16361	0.06798	0.01701	0.00922	0.00255	0.00388	0.01512	0.00835	0.00733
8	0.01149	0.00919	0.03399	0.01082	0.01297	0.00768	0.00841	0.01422	0.01792	0.04315	0.24228	0.27075	0.13557	0.04104	0.01021	0.00288	0.00485	0.06872	0.00733	0.04653
9	0.01866	0.01439	0.01683	0.01219	0.01896	0.01156	0.00982	0.07355	0.01825	0.07913	0.01551	0.01710	0.01223	0.00634	0.00607	0.00134	0.00604	0.00504	0.00525	0.65173
10	0.01802	0.00979	0.01260	0.01130	0.01429	0.00896	0.00865	0.04946	0.02090	0.21144	0.28703	0.18135	0.10293	0.01581	0.00886	0.00258	0.00490	0.01376	0.00841	0.00896
11	0.02329	0.01532	0.01746	0.01450	0.01870	0.01621	0.01145	0.34007	0.02676	0.12076	0.04857	0.16067	0.02480	0.05131	0.03709	0.00315	0.00754	0.01055	0.04109	0.01069
12	0.02188	0.25819	0.03255	0.05802	0.21181	0.04384	0.07954	0.02676	0.05805	0.11358	0.01655	0.01859	0.01294	0.00745	0.00693	0.00215	0.00894	0.00638	0.00470	0.01116
13	0.07278	0.00752	0.00935	0.01091	0.01177	0.00733	0.00754	0.01202	0.01485	0.02118	0.04005	0.63517	0.04747	0.02276	0.00952	0.00311	0.00474	0.04843	0.00700	0.00651
14	0.26105	0.27060	0.05459	0.01281	0.01869	0.02116	0.01184	0.07317	0.01759	0.12968	0.01539	0.01621	0.01168	0.00764	0.00570	0.00210	0.00722	0.00519	0.04756	0.01013
15	0.01742	0.05035	0.07755	0.01976	0.02378	0.04906	0.12182	0.05271	0.01612	0.02276	0.01624	0.09947	0.01553	0.01129	0.01410	0.00265	0.26106	0.00839	0.00433	0.11562
16	0.14352	0.01040	0.01129	0.01024	0.01329	0.01030	0.00781	0.01986	0.06910	0.10999	0.22955	0.04720	0.18573	0.08553	0.01120	0.00299	0.00506	0.01144	0.00730	0.00819
17	0.01347	0.00673	0.01010	0.01010	0.01010	0.00673	0.00673	0.01010	0.01010	0.01347	0.01347	0.02357	0.01347	0.02694	0.03030	0.77441	0.00673	0.00673	0.00337	0.00337
18	0.01916	0.01912	0.02907	0.17286	0.50185	0.07666	0.02260	0.02364	0.01761	0.02372	0.01421	0.01903	0.01171	0.00716	0.00763	0.00233	0.00984	0.00674	0.00378	0.01129
19	0.03235	0.01369	0.01796	0.01391	0.01960	0.01242	0.01143	0.10157	0.02369	0.56530	0.08006	0.02804	0.02280	0.01006	0.00790	0.00239	0.00657	0.00820	0.00932	0.01273
20	0.00952	0.00680	0.00906	0.01075	0.01126	0.00635	0.00720	0.01098	0.01518	0.02032	0.07236	0.69132	0.05231	0.02390	0.00986	0.00312	0.00446	0.02167	0.00726	0.00635
21	0.00927	0.00774	0.00809	0.00825	0.01061	0.00655	0.00609	0.01125	0.01756	0.02128	0.10136	0.14305	0.58236	0.01996	0.00924	0.00267	0.00398	0.01687	0.00726	0.00655
22	0.78228	0.01499	0.01140	0.01020	0.01499	0.01739	0.00840	0.02279	0.01320	0.03479	0.01080	0.01260	0.00840	0.00720	0.00480	0.00240	0.00600	0.00420	0.00480	0.00840
23	0.01555	0.04011	0.68733	0.02210	0.03356	0.01801	0.02865	0.02455	0.01637	0.02455	0.01391	0.01637	0.00982	0.00737	0.00737	0.00246	0.01146	0.00573	0.00327	0.01146
24	0.01128	0.00752	0.00846	0.00846	0.00846	0.00752	0.00470	0.01128	0.01128	0.01503	0.02443	0.05074	0.02819	0.72751	0.03946	0.00752	0.00752	0.01128	0.00470	0.00470
25	0.02459	0.02417	0.05532	0.05019	0.02420	0.19609	0.01507	0.29291	0.06113	0.03273	0.01905	0.02083	0.03650	0.01341	0.06473	0.00316	0.04236	0.00693	0.00584	0.01078
26	0.00979	0.00724	0.00915	0.01002	0.01120	0.00660	0.00700	0.01184	0.01717	0.02291	0.21199	0.43874	0.16527	0.02131	0.00958	0.00287	0.00418	0.01899	0.00754	0.00660
27	0.01608	0.01455	0.02386	0.30021	0.03527	0.01710	0.10920	0.07084	0.01649	0.02258	0.01549	0.02201	0.01266	0.01733	0.12266	0.02947	0.10711	0.00745	0.03089	0.00874
28	0.01882	0.01406	0.01649	0.01231	0.01864	0.01168	0.00986	0.05231	0.07103	0.10064	0.04636	0.02023	0.01613	0.00717	0.00639	0.00152	0.00591	0.00582	0.00574	0.55889
29	0.02495	0.01586	0.02454	0.02695	0.24939	0.01510	0.06591	0.07952	0.02091	0.27380	0.04561	0.05409	0.01874	0.00911	0.00792	0.00236	0.00794	0.00825	0.00666	0.04238

[dist]
# distance from previous block
# <min> <max>
2	7

[block]
# block no. 3 follows, 25 sequences, length 21
# corresponding to MSA columns:
# 177-197
name=unknown_D
#
# <colnr> <probs for GDERKNQSTAVLIFYWHMCP>
#	G	D	E	R	K	N	Q	S	T	A	V	L	I	F	Y	W	H	M	C	P
0	0.08686	0.40414	0.15540	0.01460	0.02112	0.05793	0.01503	0.02243	0.01633	0.02195	0.05983	0.06221	0.01686	0.00867	0.00612	0.00204	0.00841	0.00634	0.00409	0.00963
1	0.04194	0.05934	0.01263	0.01060	0.01249	0.01066	0.00786	0.06487	0.01606	0.02305	0.06076	0.18169	0.06184	0.12666	0.10191	0.06603	0.00764	0.01156	0.11542	0.00699
2	0.08434	0.06255	0.29224	0.07378	0.04228	0.06406	0.05183	0.02535	0.01714	0.11262	0.01667	0.01899	0.01217	0.00965	0.03290	0.00272	0.01015	0.00623	0.05385	0.01048
3	0.02033	0.17765	0.05209	0.02406	0.03045	0.05277	0.31903	0.09972	0.01926	0.02514	0.01424	0.01814	0.01135	0.00824	0.00995	0.02895	0.06696	0.00725	0.00418	0.01023
4	0.11677	0.01622	0.02261	0.26371	0.14486	0.04803	0.06107	0.08002	0.01852	0.02635	0.04978	0.02564	0.07629	0.00909	0.00761	0.00246	0.00887	0.00783	0.00473	0.00954
5	0.05252	0.01536	0.01967	0.04755	0.02231	0.01591	0.05659	0.13282	0.18162	0.23517	0.11087	0.02874	0.02508	0.01021	0.00797	0.00247	0.00701	0.00864	0.00788	0.01162
6	0.01164	0.00788	0.00957	0.05375	0.01155	0.00808	0.00599	0.01183	0.01173	0.01564	0.03929	0.04709	0.02714	0.61441	0.03602	0.06057	0.00755	0.01074	0.00462	0.00492
7	0.01508	0.01128	0.01242	0.01173	0.01438	0.01221	0.00879	0.02590	0.28807	0.02906	0.16193	0.10236	0.03585	0.05881	0.00983	0.00278	0.00501	0.01093	0.17446	0.00910
8	0.01053	0.00715	0.00929	0.01058	0.01146	0.00659	0.00719	0.01204	0.01550	0.04651	0.06634	0.60151	0.09980	0.04288	0.01056	0.00318	0.00459	0.02045	0.00727	0.00658
9	0.01689	0.01789	0.03399	0.12225	0.03470	0.01973	0.33764	0.02160	0.01567	0.02190	0.01423	0.02045	0.01166	0.01241	0.06304	0.00354	0.21119	0.00811	0.00372	0.00939
10	0.01593	0.01588	0.02885	0.47102	0.09856	0.01820	0.15906	0.02116	0.01609	0.02129	0.01407	0.02041	0.01079	0.00774	0.00901	0.00261	0.04907	0.00738	0.00358	0.00930
11	0.01914	0.01517	0.01827	0.01890	0.09968	0.01639	0.01348	0.12477	0.27786	0.05546	0.04635	0.04150	0.07511	0.01278	0.00851	0.00271	0.00687	0.12889	0.00725	0.01091
12	0.57030	0.05763	0.03940	0.01181	0.01664	0.08899	0.01004	0.02309	0.01508	0.03152	0.06387	0.01648	0.01386	0.00794	0.00548	0.00232	0.00699	0.00512	0.00487	0.00857
13	0.14060	0.37356	0.14806	0.01716	0.04905	0.06189	0.05118	0.02428	0.01618	0.03851	0.01230	0.01431	0.01010	0.00700	0.00589	0.00203	0.00907	0.00496	0.00378	0.01011
14	0.04619	0.01757	0.03440	0.18044	0.03850	0.01774	0.38807	0.02343	0.05043	0.02510	0.08217	0.02466	0.01809	0.00797	0.00860	0.00258	0.01089	0.00892	0.00451	0.00974
15	0.00991	0.00717	0.00935	0.01070	0.01148	0.00659	0.00717	0.01130	0.01471	0.01983	0.04014	0.64663	0.04783	0.06244	0.01132	0.00328	0.00473	0.02049	0.00692	0.04800
16	0.05730	0.01222	0.01356	0.03732	0.01604	0.01344	0.00960	0.19119	0.02100	0.03242	0.02234	0.06337	0.01850	0.01477	0.07467	0.00318	0.02997	0.00791	0.35228	0.00893
17	0.01001	0.00730	0.00948	0.01062	0.01169	0.00678	0.00759	0.01209	0.01682	0.02245	0.16973	0.46337	0.12070	0.02188	0.00975	0.00299	0.00453	0.07816	0.00745	0.00660
18	0.02527	0.02000	0.02070	0.01788	0.05778	0.07649	0.01355	0.42054	0.06237	0.04014	0.06154	0.02351	0.01842	0.04255	0.00908	0.00252	0.00820	0.00757	0.06035	0.01156
19	0.01293	0.00870	0.01164	0.01125	0.01324	0.00848	0.00831	0.01489	0.01453	0.06589	0.05352	0.19714	0.06503	0.08877	0.25718	0.04842	0.01087	0.01193	0.00564	0.09165
20	0.08180	0.01699	0.01724	0.05294	0.02058	0.07047	0.01179	0.24974	0.06733	0.03372	0.02218	0.13309	0.01977	0.01109	0.00739	0.00231	0.00729	0.00895	0.08315	0.08219

[dist]
# distance from previous block
# <min> <max>
3	15

[block]
# block no. 4 follows, 25 sequences, length 14
# corresponding to MSA columns:
# 213-226
name=unknown_E
#
# <colnr> <probs for GDERKNQSTAVLIFYWHMCP>
#	G	D	E	R	K	N	Q	S	T	A	V	L	I	F	Y	W	H	M	C	P
0	0.06225	0.07658	0.02324	0.17462	0.06370	0.01852	0.05639	0.18525	0.04791	0.03011	0.01831	0.07350	0.01541	0.00918	0.00732	0.00230	0.00822	0.00774	0.04222	0.07723
1	0.01971	0.14411	0.04974	0.01351	0.01944	0.01656	0.01170	0.13308	0.04106	0.07144	0.05524	0.08150	0.01928	0.00920	0.00679	0.00188	0.00678	0.00739	0.00575	0.28583
2	0.05816	0.23082	0.16871	0.01489	0.02107	0.01891	0.01493	0.05225	0.05933	0.02416	0.02035	0.13373	0.01965	0.01079	0.00700	0.00226	0.00779	0.04264	0.00487	0.08768
3	0.07799	0.11484	0.28493	0.01556	0.02235	0.01603	0.01696	0.04460	0.01761	0.02597	0.12795	0.09722	0.05606	0.01097	0.00744	0.00237	0.00792	0.00893	0.00508	0.03923
4	0.02028	0.30202	0.02829	0.09708	0.02400	0.02223	0.04383	0.14077	0.04765	0.02705	0.01603	0.01831	0.01282	0.00773	0.00626	0.00197	0.00789	0.00592	0.11702	0.05283
5	0.13065	0.06443	0.01850	0.01450	0.01931	0.07058	0.01177	0.15469	0.20118	0.06370	0.02695	0.02890	0.07499	0.01051	0.00733	0.00240	0.00721	0.04239	0.00666	0.04334
6	0.01606	0.00982	0.01072	0.00974	0.01192	0.01045	0.00747	0.10300	0.01899	0.03034	0.08967	0.03123	0.02440	0.05713	0.00947	0.00240	0.04448	0.00813	0.49664	0.00794
7	0.01822	0.01400	0.01683	0.01463	0.05547	0.01251	0.01073	0.02556	0.15922	0.09124	0.02192	0.08197	0.01845	0.00886	0.00689	0.00184	0.00600	0.00748	0.00600	0.42219
8	0.02123	0.01020	0.01365	0.01150	0.01512	0.00907	0.00907	0.02461	0.02205	0.31256	0.39745	0.04434	0.04991	0.01316	0.00856	0.00242	0.00492	0.01134	0.00899	0.00985
9	0.08384	0.03632	0.58856	0.02057	0.03112	0.01756	0.02585	0.02518	0.01644	0.06447	0.01463	0.01663	0.01025	0.00748	0.00717	0.00245	0.01069	0.00572	0.00378	0.01129
10	0.08267	0.00827	0.00836	0.00803	0.01031	0.00843	0.00616	0.01939	0.01617	0.06431	0.02415	0.02740	0.01881	0.01068	0.03044	0.00227	0.00460	0.00703	0.63489	0.00764
11	0.10020	0.02103	0.02147	0.01680	0.02253	0.04660	0.01372	0.54439	0.03268	0.04505	0.01788	0.01923	0.01325	0.03915	0.00878	0.00254	0.00844	0.00683	0.00721	0.01223
12	0.00996	0.00697	0.00884	0.01014	0.01046	0.00664	0.00649	0.01093	0.01384	0.01845	0.03756	0.53268	0.04476	0.22296	0.01825	0.00438	0.00535	0.01900	0.00649	0.00585
13	0.30251	0.01745	0.01742	0.06709	0.02171	0.04627	0.01207	0.23587	0.02289	0.12558	0.01706	0.01793	0.01222	0.00839	0.00654	0.00234	0.00748	0.00600	0.04254	0.01064

[dist]
# distance from previous block
# <min> <max>
0	1

[block]
# block no. 5 follows, 25 sequences, length 24
# corresponding to MSA columns:
# 228-251
name=unknown_F
#
# <colnr> <probs for GDERKNQSTAVLIFYWHMCP>
#	G	D	E	R	K	N	Q	S	T	A	V	L	I	F	Y	W	H	M	C	P
0	0.28333	0.01294	0.01625	0.32189	0.03125	0.01522	0.01389	0.01967	0.01518	0.02628	0.07385	0.02348	0.03909	0.00942	0.00758	0.02978	0.00758	0.00692	0.03829	0.00810
1	0.01275	0.00931	0.01054	0.00984	0.01270	0.00834	0.00743	0.05826	0.01937	0.06205	0.15403	0.16060	0.36588	0.01766	0.00890	0.00255	0.00455	0.01504	0.00743	0.05277
2	0.01662	0.01326	0.01708	0.01399	0.01829	0.01248	0.05738	0.15563	0.02138	0.02999	0.13430	0.20470	0.03249	0.01304	0.00808	0.00225	0.00623	0.01151	0.00657	0.22473
3	0.00988	0.00714	0.00931	0.01068	0.01142	0.00657	0.00714	0.01125	0.01468	0.01976	0.04018	0.64610	0.04790	0.06719	0.01154	0.00332	0.00475	0.02052	0.00691	0.04374
4	0.07785	0.03674	0.58798	0.02187	0.03254	0.01807	0.07027	0.02443	0.01625	0.02540	0.01379	0.01638	0.00984	0.00730	0.00728	0.00246	0.01113	0.00584	0.00344	0.01114
5	0.01915	0.52136	0.23762	0.01596	0.02406	0.02682	0.01795	0.02362	0.01594	0.02017	0.01173	0.01364	0.00991	0.00686	0.00570	0.00190	0.00926	0.00463	0.00330	0.01041
6	0.00945	0.00675	0.00900	0.01080	0.01125	0.00630	0.00720	0.01080	0.01484	0.01979	0.04274	0.72245	0.05128	0.02429	0.00990	0.00315	0.00450	0.02204	0.00720	0.00630
7	0.02116	0.57749	0.12177	0.01467	0.02180	0.05200	0.01520	0.02449	0.01642	0.05676	0.01235	0.01379	0.01046	0.00694	0.00551	0.00181	0.00881	0.00459	0.00369	0.01029
8	0.01347	0.00673	0.01010	0.01010	0.01010	0.00673	0.00673	0.01010	0.01010	0.01347	0.01347	0.02357	0.01347	0.02694	0.03030	0.77441	0.00673	0.00673	0.00337	0.00337
9	0.00973	0.00695	0.00932	0.01112	0.01170	0.00654	0.00769	0.01129	0.01513	0.02011	0.04258	0.66322	0.05066	0.02402	0.00997	0.00319	0.00474	0.07846	0.00719	0.00638
10	0.01758	0.01977	0.04277	0.03091	0.03815	0.01853	0.59884	0.02370	0.01802	0.02443	0.01788	0.07774	0.01497	0.00797	0.00921	0.00266	0.01238	0.01019	0.00419	0.01012
11	0.01862	0.01811	0.03172	0.11925	0.55846	0.01839	0.07435	0.02344	0.01747	0.02468	0.01459	0.01949	0.01203	0.00697	0.00780	0.00236	0.00965	0.00709	0.00380	0.01173
12	0.01464	0.01378	0.02326	0.70887	0.05340	0.01723	0.02153	0.01981	0.01550	0.01981	0.01378	0.02067	0.01034	0.00775	0.00775	0.00258	0.01034	0.00689	0.00345	0.00861
13	0.01541	0.01447	0.02441	0.56431	0.16725	0.01717	0.02165	0.02042	0.01598	0.02094	0.01483	0.02261	0.01183	0.00805	0.00784	0.00256	0.01002	0.02738	0.00364	0.00924
14	0.01158	0.00813	0.01017	0.00953	0.01169	0.00733	0.00719	0.01486	0.02109	0.05567	0.52771	0.06002	0.19331	0.01636	0.00909	0.00247	0.00383	0.01424	0.00831	0.00740
15	0.01013	0.00787	0.00923	0.00908	0.01120	0.00697	0.00682	0.01291	0.01956	0.02573	0.35596	0.09571	0.34554	0.01812	0.00924	0.00259	0.00393	0.03467	0.00783	0.00692
16	0.01805	0.02185	0.09075	0.03195	0.08345	0.01974	0.50901	0.02424	0.01759	0.02435	0.01503	0.02013	0.01153	0.00719	0.01023	0.00264	0.06940	0.00855	0.00382	0.01050
17	0.00945	0.00675	0.00900	0.01080	0.01125	0.00630	0.00720	0.01080	0.01484	0.01979	0.04274	0.72245	0.05128	0.02429	0.00990	0.00315	0.00450	0.02204	0.00720	0.00630
18	0.01532	0.00828	0.00851	0.00820	0.01026	0.00843	0.00621	0.06500	0.01769	0.02993	0.02569	0.06367	0.02098	0.00984	0.00582	0.00191	0.00403	0.00797	0.67463	0.00762
19	0.01646	0.01646	0.02510	0.02082	0.02200	0.02147	0.09591	0.01896	0.01346	0.02034	0.06079	0.02102	0.01542	0.01454	0.04762	0.00357	0.54593	0.00768	0.00387	0.00858
20	0.01820	0.01763	0.03513	0.02931	0.11570	0.01691	0.39375	0.02331	0.01785	0.07058	0.02090	0.10421	0.01864	0.00990	0.00961	0.00270	0.03559	0.04509	0.00485	0.01016
21	0.08360	0.06811	0.06983	0.01847	0.05187	0.01835	0.08726	0.16458	0.11824	0.10213	0.04038	0.07366	0.01884	0.00976	0.00760	0.00240	0.00795	0.00830	0.00635	0.04233
22	0.18098	0.14818	0.10517	0.02705	0.27440	0.02006	0.01797	0.02524	0.05306	0.05856	0.01476	0.01715	0.01173	0.00731	0.00656	0.00225	0.00833	0.00585	0.00439	0.01099
23	0.04789	0.21000	0.37709	0.05903	0.02891	0.02090	0.02152	0.02570	0.06144	0.05743	0.01507	0.01687	0.01127	0.00753	0.00674	0.00227	0.00976	0.00565	0.00400	0.01094

[dist]
# distance from previous block
# <min> <max>
0	2

[block]
# block no. 6 follows, 25 sequences, length 53
# corresponding to MSA columns:
# 254-306
name=unknown_G
#
# <colnr> <probs for GDERKNQSTAVLIFYWHMCP>
#	G	D	E	R	K	N	Q	S	T	A	V	L	I	F	Y	W	H	M	C	P
0	0.15423	0.21303	0.15191	0.01673	0.02314	0.07145	0.07483	0.02363	0.01670	0.04888	0.06743	0.01871	0.01543	0.00813	0.00738	0.00221	0.04219	0.00608	0.00438	0.03352
1	0.02409	0.02102	0.14028	0.01767	0.04753	0.01767	0.01575	0.29108	0.02549	0.14010	0.02062	0.04493	0.01551	0.01294	0.05948	0.00308	0.00922	0.00741	0.04135	0.04477
2	0.01048	0.00782	0.00967	0.00944	0.01120	0.00721	0.00692	0.01328	0.01921	0.02613	0.41272	0.10558	0.20431	0.07023	0.04829	0.00343	0.00497	0.01461	0.00763	0.00686
3	0.01897	0.01819	0.03107	0.08031	0.64818	0.01836	0.02368	0.02360	0.01755	0.02506	0.01454	0.01926	0.01219	0.00695	0.00768	0.00232	0.00927	0.00691	0.00382	0.01210
4	0.01047	0.00754	0.00991	0.01010	0.01147	0.00698	0.00728	0.01337	0.01960	0.02736	0.46631	0.27729	0.06594	0.01864	0.00939	0.00267	0.00394	0.01667	0.00809	0.00698
5	0.56483	0.01562	0.01595	0.01812	0.15426	0.01708	0.01168	0.02276	0.01435	0.03209	0.01181	0.01424	0.00944	0.00703	0.00547	0.00228	0.00665	0.00480	0.00458	0.06696
6	0.00968	0.00788	0.00858	0.00840	0.01079	0.00677	0.00630	0.01214	0.01890	0.02387	0.25018	0.06981	0.50253	0.01855	0.00916	0.00257	0.00385	0.01569	0.00758	0.00677
7	0.01112	0.00810	0.01139	0.01137	0.01243	0.00906	0.00837	0.01325	0.01255	0.01779	0.04782	0.03654	0.02370	0.22102	0.50769	0.01084	0.01683	0.00927	0.00446	0.00639
8	0.00962	0.00699	0.00908	0.01042	0.01123	0.00645	0.00710	0.01131	0.01597	0.02132	0.12556	0.58518	0.10547	0.02284	0.00974	0.00302	0.00435	0.02056	0.00737	0.00645
9	0.00943	0.00680	0.00895	0.01067	0.01121	0.00631	0.00714	0.01081	0.01497	0.01984	0.04428	0.69446	0.07827	0.02409	0.00986	0.00313	0.00447	0.02180	0.00720	0.00631
10	0.01555	0.04011	0.68733	0.02210	0.03356	0.01801	0.02865	0.02455	0.01637	0.02455	0.01391	0.01637	0.00982	0.00737	0.00737	0.00246	0.01146	0.00573	0.00327	0.01146
11	0.02713	0.01769	0.01990	0.01590	0.02155	0.01879	0.01290	0.28694	0.21756	0.20209	0.02520	0.02348	0.01770	0.00956	0.00771	0.00238	0.00720	0.00759	0.00810	0.05061
12	0.78228	0.01499	0.01140	0.01020	0.01499	0.01739	0.00840	0.02279	0.01320	0.03479	0.01080	0.01260	0.00840	0.00720	0.00480	0.00240	0.00600	0.00420	0.00480	0.00840
13	0.00953	0.00678	0.00897	0.01069	0.01112	0.00635	0.00708	0.01082	0.01468	0.01957	0.04189	0.69158	0.05022	0.05661	0.01126	0.00335	0.00464	0.02155	0.00708	0.00622
14	0.74768	0.01530	0.01194	0.01055	0.01541	0.01770	0.00869	0.05176	0.01426	0.03543	0.01116	0.01287	0.00862	0.00729	0.00493	0.00240	0.00611	0.00433	0.00493	0.00862
15	0.01789	0.01716	0.02885	0.20985	0.47403	0.01853	0.02272	0.02242	0.01668	0.02346	0.01405	0.01939	0.01164	0.00762	0.00903	0.00245	0.06254	0.00689	0.00371	0.01108
16	0.01608	0.01378	0.01608	0.01148	0.01837	0.01034	0.00919	0.01952	0.01608	0.02527	0.01378	0.01608	0.01148	0.00574	0.00574	0.00115	0.00574	0.00459	0.00459	0.77491
17	0.01774	0.13629	0.54513	0.02022	0.03058	0.01931	0.02516	0.02536	0.01672	0.07338	0.01473	0.01657	0.01055	0.00743	0.00706	0.00234	0.01064	0.00566	0.00376	0.01138
18	0.01265	0.00859	0.00957	0.00916	0.00963	0.00876	0.00545	0.05964	0.01317	0.01758	0.02399	0.04832	0.02706	0.67340	0.03708	0.00713	0.00759	0.01095	0.00493	0.00534
19	0.00945	0.00675	0.00900	0.01080	0.01125	0.00630	0.00720	0.01080	0.01484	0.01979	0.04274	0.72245	0.05128	0.02429	0.00990	0.00315	0.00450	0.02204	0.00720	0.00630
20	0.05863	0.02146	0.02281	0.01754	0.02369	0.02379	0.01449	0.62887	0.03555	0.04832	0.01831	0.01838	0.01300	0.00923	0.00764	0.00233	0.00843	0.00687	0.00764	0.01300
21	0.05166	0.03781	0.63208	0.02111	0.03192	0.01761	0.02696	0.02413	0.01641	0.02526	0.03651	0.01762	0.01193	0.00765	0.00731	0.00245	0.01093	0.00594	0.00353	0.01117
22	0.78228	0.01499	0.01140	0.01020	0.01499	0.01739	0.00840	0.02279	0.01320	0.03479	0.01080	0.01260	0.00840	0.00720	0.00480	0.00240	0.00600	0.00420	0.00480	0.00840
23	0.02934	0.03378	0.02192	0.01938	0.02376	0.57567	0.01476	0.10901	0.02379	0.05845	0.01381	0.01523	0.01088	0.00824	0.00713	0.00206	0.01291	0.00539	0.00477	0.00974
24	0.36430	0.01425	0.01487	0.01226	0.01744	0.01478	0.01004	0.05427	0.05328	0.30392	0.05328	0.02166	0.01708	0.00888	0.00654	0.00241	0.00624	0.00653	0.00725	0.01073
25	0.01464	0.01378	0.02326	0.70887	0.05340	0.01723	0.02153	0.01981	0.01550	0.01981	0.01378	0.02067	0.01034	0.00775	0.00775	0.00258	0.01034	0.00689	0.00345	0.00861
26	0.01009	0.00776	0.00941	0.01025	0.01196	0.00696	0.00760	0.01213	0.01656	0.02125	0.07272	0.34932	0.27426	0.02127	0.00958	0.00293	0.00471	0.10988	0.00713	0.03424
27	0.01788	0.01708	0.02910	0.23859	0.49840	0.01808	0.02314	0.02264	0.01703	0.02374	0.01435	0.01962	0.01172	0.00715	0.00770	0.00238	0.00954	0.00690	0.00372	0.01122
28	0.01861	0.01783	0.03043	0.13183	0.59943	0.01827	0.02351	0.02329	0.01738	0.02463	0.01448	0.01938	0.01203	0.00702	0.00769	0.00234	0.00935	0.00691	0.00379	0.01181
29	0.03252	0.01354	0.01787	0.01384	0.01954	0.01218	0.01138	0.08951	0.02341	0.57962	0.07853	0.02811	0.02277	0.01005	0.00790	0.00240	0.00654	0.00820	0.00936	0.01275
30	0.02780	0.03201	0.02218	0.01947	0.02357	0.50170	0.01499	0.14112	0.04696	0.02475	0.01373	0.01557	0.01106	0.00874	0.00855	0.00218	0.06542	0.00562	0.00476	0.00982
31	0.01824	0.02073	0.04471	0.03210	0.03957	0.01980	0.62099	0.02454	0.01800	0.02454	0.01543	0.02073	0.01169	0.00687	0.00992	0.00265	0.04619	0.00904	0.00390	0.01036
32	0.00947	0.00689	0.00894	0.01050	0.01119	0.00636	0.00708	0.01096	0.01534	0.02029	0.06778	0.64137	0.10810	0.02358	0.00980	0.00308	0.00442	0.02126	0.00724	0.00636
33	0.01078	0.00802	0.01033	0.01169	0.01328	0.00757	0.00932	0.01331	0.01692	0.02165	0.05071	0.27105	0.20080	0.02183	0.01009	0.00321	0.00558	0.29992	0.00717	0.00675
34	0.01830	0.02092	0.04575	0.03268	0.04052	0.01961	0.65098	0.02484	0.01830	0.02484	0.01569	0.02092	0.01176	0.00654	0.00915	0.00261	0.01307	0.00915	0.00392	0.01046
35	0.01919	0.01842	0.03147	0.04759	0.67914	0.01842	0.02380	0.02380	0.01765	0.02533	0.01458	0.01919	0.01228	0.00691	0.00768	0.00230	0.00921	0.00691	0.00384	0.01228
36	0.00972	0.00699	0.00929	0.01103	0.01167	0.00655	0.00765	0.01130	0.01522	0.02015	0.04373	0.64192	0.07084	0.02387	0.00995	0.00317	0.00473	0.07863	0.00719	0.00638
37	0.01249	0.00892	0.01249	0.01428	0.01606	0.00892	0.01249	0.01606	0.01785	0.02320	0.04105	0.08746	0.04462	0.02142	0.01071	0.00357	0.00714	0.62695	0.00714	0.00714
38	0.01555	0.04011	0.68733	0.02210	0.03356	0.01801	0.02865	0.02455	0.01637	0.02455	0.01391	0.01637	0.00982	0.00737	0.00737	0.00246	0.01146	0.00573	0.00327	0.01146
39	0.01132	0.00871	0.01210	0.01216	0.01296	0.00991	0.00898	0.01323	0.01320	0.01859	0.05201	0.20825	0.02998	0.14666	0.32150	0.00796	0.08847	0.01231	0.00510	0.00660
40	0.01126	0.00758	0.00876	0.00876	0.00887	0.00768	0.00508	0.01147	0.01137	0.01526	0.02415	0.04918	0.02751	0.67608	0.08997	0.00790	0.00854	0.01105	0.00466	0.00487
41	0.01136	0.00872	0.01300	0.01284	0.01416	0.01036	0.01004	0.01408	0.01243	0.01803	0.02026	0.02981	0.01894	0.05602	0.66468	0.01203	0.05389	0.00823	0.00412	0.00700
42	0.02073	0.73217	0.04063	0.01327	0.01990	0.03068	0.01327	0.02322	0.01575	0.01824	0.01078	0.01244	0.00995	0.00663	0.00498	0.00166	0.00829	0.00415	0.00332	0.00995
43	0.01128	0.00752	0.00846	0.00846	0.00846	0.00752	0.00470	0.01128	0.01128	0.01503	0.02443	0.05074	0.02819	0.72751	0.03946	0.00752	0.00752	0.01128	0.00470	0.00470
44	0.00916	0.00785	0.00785	0.00785	0.01047	0.00655	0.00589	0.01113	0.01767	0.02095	0.07855	0.07462	0.67599	0.01964	0.00916	0.00262	0.00393	0.01636	0.00720	0.00655
45	0.00926	0.00786	0.00799	0.00796	0.01053	0.00659	0.00597	0.01132	0.01790	0.02149	0.11058	0.07372	0.64362	0.01943	0.00916	0.00261	0.00391	0.01624	0.00727	0.00659
46	0.01608	0.01378	0.01608	0.01148	0.01837	0.01034	0.00919	0.01952	0.01608	0.02527	0.01378	0.01608	0.01148	0.00574	0.00574	0.00115	0.00574	0.00459	0.00459	0.77491
47	0.01555	0.04011	0.68733	0.02210	0.03356	0.01801	0.02865	0.02455	0.01637	0.02455	0.01391	0.01637	0.00982	0.00737	0.00737	0.00246	0.01146	0.00573	0.00327	0.01146
48	0.01112	0.00814	0.01026	0.00972	0.01164	0.00757	0.00726	0.01481	0.04104	0.02904	0.54880	0.05757	0.14568	0.01667	0.01007	0.03757	0.00391	0.01382	0.00811	0.00719
49	0.08192	0.00886	0.01106	0.01108	0.01317	0.00870	0.00889	0.01579	0.01998	0.02919	0.43386	0.06218	0.05912	0.01665	0.00919	0.00276	0.00486	0.18760	0.00780	0.00736
50	0.05193	0.19112	0.45926	0.01893	0.02842	0.02061	0.02290	0.04849	0.01710	0.02483	0.03979	0.01708	0.01246	0.00761	0.00680	0.00227	0.01008	0.00569	0.00374	0.01089
51	0.05677	0.11482	0.02337	0.01850	0.02286	0.54090	0.01432	0.03053	0.07033	0.02054	0.01330	0.01490	0.01097	0.00800	0.00674	0.00202	0.01241	0.00515	0.00425	0.00933
52	0.01847	0.09681	0.48444	0.02152	0.03128	0.08693	0.07201	0.02574	0.01730	0.05503	0.01438	0.01661	0.01044	0.00741	0.00728	0.00235	0.01133	0.00588	0.00370	0.01109

[dist]
# distance from previous block
# <min> <max>
0	2

[block]
# block no. 7 follows, 25 sequences, length 21
# corresponding to MSA columns:
# 309-329
name=unknown_H
#
# <colnr> <probs for GDERKNQSTAVLIFYWHMCP>
#	G	D	E	R	K	N	Q	S	T	A	V	L	I	F	Y	W	H	M	C	P
0	0.10024	0.03733	0.61267	0.02078	0.03151	0.01794	0.02641	0.02436	0.01602	0.02569	0.01357	0.01595	0.00966	0.00735	0.00708	0.00245	0.01086	0.00556	0.00344	0.01112
1	0.01734	0.11960	0.51078	0.02353	0.10268	0.01931	0.02558	0.02484	0.01667	0.05010	0.01427	0.01661	0.01048	0.00732	0.00713	0.00234	0.01064	0.00575	0.00359	0.01144
2	0.01612	0.00911	0.00941	0.00858	0.01113	0.00917	0.00661	0.08488	0.01837	0.03080	0.02395	0.02711	0.01870	0.00888	0.00568	0.00182	0.00425	0.00705	0.64770	0.05067
3	0.02073	0.73217	0.04063	0.01327	0.01990	0.03068	0.01327	0.02322	0.01575	0.01824	0.01078	0.01244	0.00995	0.00663	0.00498	0.00166	0.00829	0.00415	0.00332	0.00995
4	0.01789	0.01524	0.01636	0.01511	0.01909	0.01732	0.01189	0.03650	0.55213	0.03068	0.03562	0.03832	0.06780	0.01231	0.00828	0.00273	0.00611	0.07753	0.00776	0.01134
5	0.01987	0.61792	0.14740	0.01473	0.02216	0.02859	0.01581	0.02344	0.01586	0.01928	0.01130	0.01309	0.00993	0.00675	0.00537	0.00179	0.00881	0.00441	0.00331	0.01020
6	0.00969	0.00692	0.00927	0.01107	0.01163	0.00651	0.00762	0.01121	0.01508	0.02006	0.04260	0.67205	0.05075	0.02406	0.00996	0.00318	0.00471	0.07006	0.00719	0.00636
7	0.01555	0.04011	0.68733	0.02210	0.03356	0.01801	0.02865	0.02455	0.01637	0.02455	0.01391	0.01637	0.00982	0.00737	0.00737	0.00246	0.01146	0.00573	0.00327	0.01146
8	0.01464	0.01378	0.02326	0.70887	0.05340	0.01723	0.02153	0.01981	0.01550	0.01981	0.01378	0.02067	0.01034	0.00775	0.00775	0.00258	0.01034	0.00689	0.00345	0.00861
9	0.01819	0.02060	0.04401	0.03170	0.03892	0.01994	0.60066	0.02435	0.01779	0.02435	0.01525	0.02060	0.01164	0.00709	0.01044	0.00268	0.06865	0.00896	0.00388	0.01030
10	0.02896	0.03695	0.02197	0.01998	0.02397	0.69638	0.01498	0.03096	0.02197	0.01898	0.01199	0.01398	0.00999	0.00799	0.00699	0.00200	0.01398	0.00499	0.00400	0.00899
11	0.01071	0.00792	0.01000	0.00948	0.01142	0.00720	0.00711	0.01412	0.02133	0.02962	0.58874	0.06033	0.16039	0.01640	0.00915	0.00246	0.00370	0.01436	0.00834	0.00720
12	0.10024	0.03733	0.61267	0.02078	0.03151	0.01794	0.02641	0.02436	0.01602	0.02569	0.01357	0.01595	0.00966	0.00735	0.00708	0.00245	0.01086	0.00556	0.00344	0.01112
13	0.01555	0.04011	0.68733	0.02210	0.03356	0.01801	0.02865	0.02455	0.01637	0.02455	0.01391	0.01637	0.00982	0.00737	0.00737	0.00246	0.01146	0.00573	0.00327	0.01146
14	0.00945	0.00675	0.00900	0.01080	0.01125	0.00630	0.00720	0.01080	0.01484	0.01979	0.04274	0.72245	0.05128	0.02429	0.00990	0.00315	0.00450	0.02204	0.00720	0.00630
15	0.01108	0.00831	0.01246	0.01246	0.01385	0.00969	0.00969	0.01385	0.01246	0.01800	0.02077	0.03046	0.01938	0.05815	0.69678	0.01246	0.02077	0.00831	0.00415	0.00692
16	0.02073	0.73217	0.04063	0.01327	0.01990	0.03068	0.01327	0.02322	0.01575	0.01824	0.01078	0.01244	0.00995	0.00663	0.00498	0.00166	0.00829	0.00415	0.00332	0.00995
17	0.01403	0.01137	0.01556	0.01429	0.01549	0.01410	0.01131	0.05305	0.01386	0.02045	0.01830	0.02766	0.01725	0.09742	0.36847	0.00823	0.21029	0.00799	0.05333	0.00755
18	0.01087	0.00792	0.01022	0.00964	0.01152	0.00727	0.00723	0.01442	0.02170	0.03049	0.63977	0.05891	0.10881	0.01608	0.00915	0.00245	0.00367	0.01416	0.00846	0.00727
19	0.01464	0.01378	0.02326	0.70887	0.05340	0.01723	0.02153	0.01981	0.01550	0.01981	0.01378	0.02067	0.01034	0.00775	0.00775	0.00258	0.01034	0.00689	0.00345	0.00861
20	0.01599	0.01540	0.02194	0.11140	0.02367	0.02093	0.01640	0.01820	0.01275	0.01930	0.01368	0.07062	0.01365	0.01342	0.02114	0.00320	0.53867	0.00796	0.03340	0.00829

[dist]
# distance from previous block
# <min> <max>
5	8

[block]
# block no. 8 follows, 25 sequences, length 36
# corresponding to MSA columns:
# 338-373
name=unknown_I
#
# <colnr> <probs for GDERKNQSTAVLIFYWHMCP>
#	G	D	E	R	K	N	Q	S	T	A	V	L	I	F	Y	W	H	M	C	P
0	0.01873	0.01716	0.03415	0.07940	0.03373	0.01668	0.39797	0.02374	0.01776	0.10588	0.02103	0.12258	0.01820	0.00992	0.00978	0.00270	0.04506	0.01055	0.00504	0.00996
1	0.10635	0.25510	0.30395	0.01914	0.06096	0.02157	0.04870	0.02341	0.01623	0.02410	0.04500	0.01707	0.01302	0.00746	0.00649	0.00219	0.00938	0.00567	0.00378	0.01042
2	0.08623	0.01272	0.05018	0.01552	0.01917	0.01123	0.12808	0.01857	0.01826	0.07025	0.21998	0.19421	0.04174	0.01486	0.00887	0.00272	0.00668	0.06567	0.00673	0.00835
3	0.05871	0.07982	0.02078	0.07829	0.02342	0.01998	0.01346	0.19641	0.26745	0.06367	0.02545	0.02763	0.03649	0.01026	0.00762	0.00249	0.00735	0.04240	0.00692	0.01139
4	0.01237	0.04387	0.01246	0.01093	0.01239	0.00996	0.00799	0.04375	0.01508	0.02063	0.11877	0.10090	0.04983	0.21693	0.24740	0.04266	0.01106	0.01102	0.00538	0.00661
5	0.01997	0.56726	0.07413	0.01679	0.02360	0.02817	0.10619	0.02335	0.01601	0.01953	0.01163	0.01403	0.01021	0.00692	0.00646	0.00190	0.03534	0.00505	0.00340	0.01005
6	0.01078	0.00816	0.01006	0.00949	0.01168	0.00726	0.00711	0.01396	0.02040	0.02810	0.48428	0.09148	0.19625	0.01654	0.00901	0.00244	0.00386	0.01442	0.00798	0.04674
7	0.01834	0.02080	0.04507	0.03339	0.07110	0.01955	0.62095	0.02479	0.01827	0.02486	0.01563	0.02083	0.01179	0.00655	0.00908	0.00260	0.01289	0.00904	0.00392	0.01054
8	0.01719	0.04705	0.02564	0.02072	0.02142	0.02382	0.05088	0.01918	0.01238	0.01897	0.01050	0.01699	0.01025	0.01290	0.02371	0.00328	0.64624	0.00680	0.00342	0.00865
9	0.01765	0.02184	0.15612	0.03230	0.31718	0.01661	0.10297	0.02308	0.01712	0.02510	0.01441	0.01814	0.01155	0.00668	0.00736	0.00210	0.00934	0.00643	0.00392	0.19011
10	0.06011	0.01287	0.01720	0.01337	0.01902	0.01131	0.01099	0.03555	0.02185	0.61308	0.07712	0.02820	0.02276	0.00997	0.00779	0.00240	0.00636	0.00812	0.00935	0.01259
11	0.00958	0.00685	0.00912	0.01070	0.01128	0.00639	0.00721	0.01113	0.01547	0.02079	0.09840	0.66394	0.05321	0.02355	0.00983	0.00309	0.00442	0.02134	0.00732	0.00639
12	0.00954	0.00778	0.00821	0.00824	0.01044	0.00670	0.00599	0.01148	0.01740	0.02139	0.13177	0.10177	0.52881	0.08180	0.01186	0.00306	0.00424	0.01595	0.00711	0.00645
13	0.01608	0.01378	0.01608	0.01148	0.01837	0.01034	0.00919	0.01952	0.01608	0.02527	0.01378	0.01608	0.01148	0.00574	0.00574	0.00115	0.00574	0.00459	0.00459	0.77491
14	0.01078	0.00790	0.01000	0.00949	0.01134	0.00724	0.00705	0.01410	0.02105	0.02932	0.58180	0.05956	0.14051	0.04352	0.01031	0.00265	0.00384	0.01419	0.00824	0.00713
15	0.00945	0.00675	0.00900	0.01080	0.01125	0.00630	0.00720	0.01080	0.01484	0.01979	0.04274	0.72245	0.05128	0.02429	0.00990	0.00315	0.00450	0.02204	0.00720	0.00630
16	0.01464	0.01378	0.02326	0.70887	0.05340	0.01723	0.02153	0.01981	0.01550	0.01981	0.01378	0.02067	0.01034	0.00775	0.00775	0.00258	0.01034	0.00689	0.00345	0.00861
17	0.01562	0.01344	0.01644	0.07907	0.02143	0.01081	0.01029	0.01913	0.01596	0.02447	0.01517	0.05034	0.01328	0.00683	0.00614	0.00138	0.00613	0.00565	0.00461	0.66381
18	0.01108	0.00831	0.01246	0.01246	0.01385	0.00969	0.00969	0.01385	0.01246	0.01800	0.02077	0.03046	0.01938	0.05815	0.69678	0.01246	0.02077	0.00831	0.00415	0.00692
