[name]
unknown

[dist]
# distance from previous block
# <min> <max>
31	68

[block]
# block no. 0 follows, 23 sequences, length 31
# corresponding to MSA columns:
# 86-116
name=unknown_A
#
# <colnr> <probs for GDERKNQSTAVLIFYWHMCP>
#	G	D	E	R	K	N	Q	S	T	A	V	L	I	F	Y	W	H	M	C	P
0	0.02095	0.01614	0.02111	0.13994	0.10008	0.01660	0.01512	0.18939	0.02338	0.07239	0.06061	0.02650	0.05415	0.01251	0.04778	0.00290	0.00883	0.00794	0.00611	0.15759
1	0.09511	0.02083	0.09217	0.05195	0.13794	0.03994	0.01678	0.18175	0.08388	0.05359	0.06748	0.02557	0.04889	0.00973	0.00784	0.00246	0.00838	0.00790	0.00622	0.04159
2	0.01795	0.01708	0.06035	0.18386	0.06754	0.01607	0.01599	0.10769	0.01955	0.02756	0.01966	0.06066	0.04265	0.00948	0.00873	0.00223	0.05090	0.00769	0.00505	0.25934
3	0.02166	0.08883	0.03089	0.06290	0.02964	0.06071	0.21222	0.08240	0.09553	0.07649	0.01929	0.02336	0.01521	0.05560	0.01096	0.00281	0.03327	0.00801	0.00542	0.06480
4	0.15522	0.05971	0.02263	0.05922	0.06666	0.01709	0.07518	0.09171	0.04063	0.08602	0.02018	0.05453	0.03436	0.00896	0.00722	0.00225	0.00782	0.00748	0.00572	0.17743
5	0.13955	0.06198	0.01892	0.01589	0.05653	0.01635	0.03089	0.14526	0.05242	0.05336	0.06497	0.13717	0.09154	0.01277	0.00791	0.00251	0.00679	0.01060	0.00665	0.06793
6	0.15277	0.04921	0.01754	0.01368	0.01890	0.01558	0.01102	0.03126	0.18194	0.19669	0.02528	0.06401	0.01965	0.01242	0.03928	0.00288	0.00720	0.00798	0.00718	0.12553
7	0.56007	0.06190	0.01436	0.01123	0.01590	0.01785	0.00931	0.05166	0.01577	0.03435	0.04988	0.01814	0.01427	0.01145	0.04675	0.00307	0.00724	0.00553	0.04233	0.00892
8	0.01354	0.01063	0.01281	0.01115	0.01456	0.00901	0.00800	0.01569	0.01504	0.02193	0.02513	0.19884	0.02713	0.18492	0.06087	0.00412	0.00718	0.01129	0.00548	0.34267
9	0.01843	0.14114	0.53504	0.02117	0.03202	0.02036	0.02637	0.02642	0.01744	0.06783	0.01524	0.01722	0.01096	0.00775	0.00737	0.00244	0.01116	0.00589	0.00388	0.01188
10	0.01683	0.01442	0.01683	0.01202	0.01923	0.01082	0.00961	0.02043	0.01683	0.02644	0.01442	0.01683	0.01202	0.00601	0.00601	0.00120	0.00601	0.00481	0.00481	0.76444
11	0.77215	0.01569	0.01193	0.01067	0.01569	0.01820	0.00879	0.02385	0.01381	0.03641	0.01130	0.01318	0.00879	0.00753	0.00502	0.00251	0.00628	0.00439	0.00502	0.00879
12	0.02185	0.63977	0.07981	0.01485	0.02194	0.06820	0.01497	0.02484	0.01690	0.01954	0.01155	0.01336	0.01041	0.00707	0.00548	0.00181	0.00922	0.00449	0.00351	0.01045
13	0.01920	0.01494	0.01658	0.03955	0.01997	0.05349	0.01088	0.02574	0.12438	0.10367	0.08321	0.10392	0.02577	0.01077	0.00763	0.00210	0.00655	0.00907	0.00662	0.31597
14	0.03484	0.01346	0.01833	0.01417	0.02017	0.01166	0.01166	0.03802	0.02321	0.62967	0.07159	0.02970	0.02365	0.01046	0.00825	0.00251	0.00671	0.00857	0.00997	0.01342
15	0.02298	0.14428	0.02320	0.01424	0.02057	0.01756	0.01205	0.08330	0.04394	0.15085	0.01816	0.01903	0.01384	0.00804	0.00794	0.00188	0.05341	0.00592	0.00593	0.33288
16	0.10550	0.01501	0.01881	0.01462	0.02055	0.01426	0.01206	0.08882	0.02272	0.48266	0.02678	0.02436	0.01748	0.00972	0.00860	0.00247	0.03991	0.00746	0.00875	0.05946
17	0.01180	0.00787	0.00885	0.00885	0.00885	0.00787	0.00492	0.01180	0.01180	0.01573	0.02557	0.05310	0.02950	0.71483	0.04130	0.00787	0.00787	0.01180	0.00492	0.00492
18	0.02110	0.01969	0.03113	0.07884	0.12629	0.02096	0.20445	0.12781	0.19442	0.03163	0.02092	0.02336	0.01587	0.00888	0.00929	0.00267	0.03642	0.00848	0.00581	0.01198
19	0.01126	0.00829	0.01053	0.00997	0.01198	0.00756	0.00748	0.01487	0.02243	0.03125	0.59006	0.06273	0.14724	0.01707	0.00957	0.00257	0.00386	0.01497	0.00876	0.00756
20	0.01845	0.01624	0.02267	0.08139	0.14497	0.01521	0.04409	0.07831	0.01934	0.02829	0.05163	0.02087	0.01586	0.00774	0.00796	0.00192	0.03523	0.00658	0.00501	0.37823
21	0.01928	0.01659	0.01752	0.01593	0.02026	0.01902	0.01233	0.04039	0.59500	0.03286	0.03568	0.06118	0.05389	0.01204	0.00840	0.00277	0.00625	0.01011	0.00819	0.01232
22	0.00989	0.00706	0.00942	0.01130	0.01177	0.00659	0.00753	0.01130	0.01554	0.02071	0.04472	0.70954	0.05367	0.02542	0.01036	0.00330	0.00471	0.02307	0.00753	0.00659
23	0.07039	0.59209	0.03800	0.01414	0.02076	0.06964	0.01356	0.02566	0.01711	0.05873	0.01259	0.01399	0.01089	0.00725	0.00550	0.00185	0.00878	0.00462	0.00400	0.01045
24	0.77215	0.01569	0.01193	0.01067	0.01569	0.01820	0.00879	0.02385	0.01381	0.03641	0.01130	0.01318	0.00879	0.00753	0.00502	0.00251	0.00628	0.00439	0.00502	0.00879
25	0.01699	0.07876	0.41833	0.04412	0.06884	0.01878	0.05472	0.02557	0.05720	0.02561	0.01785	0.02403	0.01440	0.00888	0.00789	0.00255	0.01069	0.05346	0.00419	0.04716
26	0.01180	0.00787	0.00885	0.00885	0.00885	0.00787	0.00492	0.01180	0.01180	0.01573	0.02557	0.05310	0.02950	0.71483	0.04130	0.00787	0.00787	0.01180	0.00492	0.00492
27	0.02059	0.01524	0.01816	0.01480	0.01924	0.01575	0.04060	0.26719	0.04828	0.06301	0.23413	0.04278	0.13845	0.01357	0.00889	0.00255	0.00660	0.01143	0.00817	0.01056
28	0.01170	0.00857	0.01266	0.01266	0.01395	0.00986	0.00966	0.01415	0.01286	0.01844	0.02170	0.03305	0.02067	0.10435	0.61308	0.04231	0.02021	0.00884	0.00435	0.00694
29	0.01804	0.03879	0.08484	0.02386	0.12140	0.01586	0.15414	0.04687	0.01838	0.02670	0.01703	0.06213	0.01471	0.00793	0.00760	0.00204	0.00891	0.00758	0.00468	0.31853
30	0.01607	0.01362	0.01602	0.01194	0.01841	0.01035	0.00939	0.01943	0.01668	0.02581	0.01773	0.09255	0.01657	0.00813	0.00648	0.00143	0.00587	0.00680	0.00511	0.68160

[dist]
# distance from previous block
# <min> <max>
2	12

[block]
# block no. 1 follows, 23 sequences, length 63
# corresponding to MSA columns:
# 129-191
name=unknown_B
#
# <colnr> <probs for GDERKNQSTAVLIFYWHMCP>
#	G	D	E	R	K	N	Q	S	T	A	V	L	I	F	Y	W	H	M	C	P
0	0.10794	0.01978	0.02566	0.27599	0.22207	0.11666	0.03861	0.02507	0.01802	0.05438	0.01490	0.01945	0.01160	0.00788	0.00766	0.00250	0.01042	0.00671	0.00429	0.01045
1	0.33838	0.03481	0.01535	0.05178	0.01877	0.01619	0.01031	0.10630	0.01866	0.06954	0.05733	0.02571	0.06056	0.05178	0.01000	0.04355	0.00684	0.00724	0.00591	0.05097
2	0.02814	0.01924	0.02158	0.01632	0.02297	0.01947	0.01340	0.38780	0.03042	0.14051	0.02013	0.02006	0.01432	0.00884	0.00759	0.00213	0.00787	0.00680	0.00757	0.20484
3	0.01027	0.00745	0.00969	0.01082	0.01180	0.00687	0.00747	0.01232	0.01759	0.02375	0.20098	0.50418	0.10098	0.02288	0.01011	0.00307	0.00445	0.02056	0.00788	0.00687
4	0.01031	0.00813	0.00917	0.00913	0.01129	0.00713	0.00669	0.01277	0.01934	0.02485	0.25722	0.12439	0.39787	0.05193	0.01112	0.00297	0.00425	0.01661	0.00785	0.00699
5	0.00996	0.00816	0.00863	0.00863	0.01103	0.00700	0.00634	0.01210	0.01858	0.02289	0.15092	0.09989	0.52860	0.05745	0.01132	0.00301	0.00430	0.01677	0.00757	0.00684
6	0.01775	0.01775	0.02485	0.02130	0.02130	0.02485	0.01775	0.01953	0.01243	0.01953	0.01065	0.01775	0.01065	0.01420	0.02663	0.00355	0.69998	0.00710	0.00355	0.00888
7	0.03563	0.01398	0.01881	0.01454	0.02073	0.01232	0.01197	0.03972	0.05317	0.63944	0.03206	0.02775	0.02031	0.01009	0.00816	0.00252	0.00688	0.00821	0.00996	0.01376
8	0.01179	0.00792	0.00909	0.00909	0.00918	0.00800	0.00522	0.01196	0.01187	0.01591	0.02534	0.05186	0.02896	0.67661	0.07879	0.00817	0.00868	0.01162	0.00488	0.00505
9	0.02080	0.01774	0.01870	0.01664	0.02133	0.02047	0.01299	0.07747	0.61420	0.03494	0.03224	0.02965	0.02414	0.01094	0.00825	0.00273	0.00657	0.00907	0.00825	0.01290
10	0.03031	0.03867	0.02299	0.02090	0.02508	0.68226	0.01568	0.03240	0.02299	0.01986	0.01254	0.01463	0.01045	0.00836	0.00732	0.00209	0.01463	0.00523	0.00418	0.00941
11	0.02101	0.02104	0.03204	0.04719	0.60632	0.07934	0.02407	0.02558	0.01889	0.02591	0.01502	0.01959	0.01264	0.00733	0.00797	0.00238	0.01009	0.00705	0.00403	0.01254
12	0.03085	0.02273	0.02435	0.01867	0.02516	0.02516	0.01542	0.63716	0.03815	0.05114	0.01948	0.01948	0.01380	0.00974	0.00812	0.00244	0.00893	0.00731	0.00812	0.01380
13	0.29344	0.01447	0.01642	0.01312	0.01896	0.01412	0.01083	0.03406	0.01994	0.44854	0.02478	0.02257	0.01614	0.00917	0.00706	0.00251	0.00669	0.00684	0.00829	0.01205
14	0.01180	0.00787	0.00885	0.00885	0.00885	0.00787	0.00492	0.01180	0.01180	0.01573	0.02557	0.05310	0.02950	0.71483	0.04130	0.00787	0.00787	0.01180	0.00492	0.00492
15	0.00998	0.00713	0.00950	0.01124	0.01179	0.00665	0.00754	0.01153	0.01597	0.02140	0.08030	0.67201	0.05499	0.02491	0.01031	0.00325	0.00466	0.02258	0.00761	0.00665
16	0.01627	0.04197	0.67279	0.02313	0.03512	0.01884	0.02998	0.02570	0.01713	0.02570	0.01456	0.01713	0.01028	0.00771	0.00771	0.00257	0.01199	0.00600	0.00343	0.01199
17	0.01765	0.00965	0.01018	0.00930	0.01191	0.00982	0.00719	0.09237	0.02009	0.05901	0.06095	0.03056	0.02303	0.00991	0.00628	0.00202	0.00452	0.00795	0.59907	0.00856
18	0.01020	0.00728	0.00977	0.01166	0.01226	0.00686	0.00808	0.01184	0.01584	0.02106	0.04455	0.64890	0.05298	0.02513	0.01044	0.00334	0.00498	0.08061	0.00753	0.00668
19	0.01409	0.00705	0.01057	0.01057	0.01057	0.00705	0.00705	0.01057	0.01057	0.01409	0.01409	0.02467	0.01409	0.02819	0.03171	0.76392	0.00705	0.00705	0.00352	0.00352
20	0.02726	0.02222	0.02225	0.01813	0.02381	0.07527	0.01459	0.39215	0.24010	0.04296	0.02344	0.02269	0.01718	0.01005	0.00810	0.00251	0.00855	0.00776	0.00785	0.01314
21	0.02987	0.02181	0.02355	0.01820	0.02431	0.02411	0.01493	0.60062	0.03654	0.04898	0.01917	0.01978	0.01382	0.01082	0.00949	0.04685	0.00882	0.00729	0.00785	0.01320
22	0.02138	0.08407	0.38606	0.02115	0.03016	0.15364	0.02333	0.09898	0.05733	0.02751	0.01557	0.01738	0.01157	0.00821	0.00754	0.00241	0.01162	0.00606	0.00441	0.01162
23	0.02743	0.02505	0.15447	0.01897	0.02630	0.02177	0.01791	0.42301	0.03142	0.10250	0.02096	0.02376	0.01550	0.01006	0.00821	0.00254	0.00928	0.04047	0.00731	0.01308
24	0.03117	0.02221	0.02403	0.01842	0.02491	0.02440	0.01522	0.60255	0.03729	0.08697	0.02021	0.01995	0.01416	0.00976	0.00812	0.00244	0.00881	0.00735	0.00823	0.01380
25	0.00997	0.00713	0.00949	0.01124	0.01179	0.00665	0.00754	0.01151	0.01592	0.02133	0.07661	0.67591	0.05485	0.02496	0.01032	0.00326	0.00466	0.02263	0.00760	0.00665
26	0.02295	0.01988	0.06032	0.08231	0.11862	0.02047	0.01698	0.17636	0.28643	0.07202	0.02452	0.02460	0.01814	0.00966	0.00814	0.00260	0.00821	0.00804	0.00702	0.01274
27	0.02628	0.34570	0.03247	0.04389	0.02415	0.02733	0.01480	0.29258	0.02632	0.07084	0.01619	0.01704	0.01247	0.00839	0.00677	0.00213	0.00877	0.00597	0.00589	0.01203
28	0.00989	0.00706	0.00942	0.01130	0.01177	0.00659	0.00753	0.01130	0.01554	0.02071	0.04472	0.70954	0.05367	0.02542	0.01036	0.00330	0.00471	0.02307	0.00753	0.00659
29	0.01267	0.00852	0.01107	0.01040	0.01252	0.00779	0.00781	0.01623	0.02232	0.06659	0.55934	0.09754	0.10238	0.01695	0.00954	0.00260	0.00406	0.01493	0.00884	0.00789
30	0.01784	0.18772	0.35769	0.02222	0.03127	0.02193	0.12665	0.02459	0.01733	0.02422	0.04385	0.01906	0.01375	0.00818	0.00864	0.00247	0.05100	0.00669	0.00381	0.01108
31	0.23461	0.17895	0.08258	0.01375	0.01868	0.08762	0.01235	0.02265	0.01558	0.04296	0.01559	0.02204	0.01413	0.11751	0.08682	0.00426	0.01021	0.00630	0.00448	0.00893
32	0.01000	0.00711	0.00938	0.01116	0.01160	0.00667	0.00738	0.01133	0.01532	0.02042	0.04360	0.67117	0.05225	0.06572	0.01217	0.00356	0.00489	0.02241	0.00738	0.00649
33	0.01683	0.01442	0.01683	0.01202	0.01923	0.01082	0.00961	0.02043	0.01683	0.02644	0.01442	0.01683	0.01202	0.00601	0.00601	0.00120	0.00601	0.00481	0.00481	0.76444
34	0.02265	0.27071	0.11494	0.04454	0.02496	0.12562	0.01618	0.13143	0.02171	0.02713	0.04738	0.01812	0.01459	0.00821	0.00679	0.00205	0.00966	0.00591	0.00480	0.08262
35	0.06666	0.02354	0.02297	0.08720	0.02743	0.12595	0.01561	0.39621	0.08617	0.04090	0.01866	0.01957	0.01368	0.00936	0.00784	0.00244	0.00965	0.00699	0.00690	0.01228
36	0.02912	0.01619	0.01917	0.01572	0.02131	0.01666	0.01265	0.09996	0.28477	0.34479	0.03120	0.02792	0.02141	0.01041	0.00820	0.00260	0.00690	0.00850	0.00911	0.01341
37	0.01839	0.02412	0.14061	0.02962	0.03660	0.02121	0.40377	0.02452	0.01735	0.02452	0.01485	0.02023	0.01163	0.00860	0.01305	0.00289	0.16503	0.00847	0.00388	0.01065
38	0.01269	0.00850	0.01104	0.01046	0.01253	0.00776	0.00782	0.01616	0.02205	0.06812	0.53534	0.12072	0.10139	0.01724	0.00956	0.00263	0.00411	0.01521	0.00879	0.00787
39	0.01000	0.00715	0.00951	0.01122	0.01179	0.00666	0.00754	0.01157	0.01604	0.02152	0.08686	0.66509	0.05524	0.02482	0.01030	0.00324	0.00465	0.02249	0.00763	0.00666
40	0.01163	0.00792	0.00941	0.00964	0.01004	0.00779	0.00602	0.01248	0.01401	0.01888	0.10876	0.12569	0.03900	0.51334	0.03226	0.00647	0.00700	0.04822	0.00585	0.00559
41	0.01024	0.00741	0.00968	0.01087	0.01181	0.00685	0.00749	0.01226	0.01744	0.02355	0.19106	0.52241	0.09266	0.02308	0.01013	0.00309	0.00447	0.02077	0.00786	0.00685
42	0.03085	0.02273	0.02435	0.01867	0.02516	0.02516	0.01542	0.63716	0.03815	0.05114	0.01948	0.01948	0.01380	0.00974	0.00812	0.00244	0.00893	0.00731	0.00812	0.01380
43	0.01093	0.00814	0.01171	0.01277	0.01380	0.00784	0.03361	0.01294	0.01585	0.02115	0.04114	0.51879	0.04793	0.05639	0.05110	0.00411	0.00663	0.11123	0.00708	0.00687
44	0.02169	0.71972	0.04252	0.01388	0.02083	0.03211	0.01388	0.02430	0.01649	0.01909	0.01128	0.01302	0.01041	0.00694	0.00521	0.00174	0.00868	0.00434	0.00347	0.01041
45	0.02083	0.61147	0.14318	0.01536	0.02311	0.02999	0.01645	0.02452	0.01659	0.02015	0.01180	0.01367	0.01039	0.00706	0.00561	0.00187	0.00921	0.00460	0.00346	0.01067
46	0.02830	0.02146	0.02292	0.01815	0.02419	0.02397	0.01481	0.49527	0.18418	0.04703	0.02272	0.02206	0.01642	0.01004	0.00815	0.00251	0.00833	0.00775	0.00815	0.01357
47	0.03505	0.01431	0.01897	0.01461	0.02075	0.01281	0.01204	0.08572	0.02439	0.59752	0.05426	0.02820	0.02168	0.01026	0.00821	0.00251	0.00695	0.00833	0.00985	0.01358
48	0.04944	0.01463	0.09726	0.01324	0.01794	0.01077	0.01182	0.02363	0.02093	0.20701	0.28680	0.09861	0.04406	0.01345	0.00863	0.00253	0.00602	0.01153	0.00802	0.05369
49	0.05706	0.02269	0.08618	0.02108	0.05997	0.06796	0.08407	0.22677	0.13614	0.07360	0.06456	0.02412	0.01938	0.00961	0.00817	0.00253	0.00917	0.00803	0.00678	0.01214
50	0.02145	0.65330	0.04303	0.01582	0.02288	0.03100	0.07298	0.02446	0.01674	0.01975	0.01177	0.01386	0.01059	0.00693	0.00562	0.00183	0.00915	0.00484	0.00353	0.01046
51	0.02960	0.01230	0.01665	0.01328	0.01837	0.01076	0.01076	0.03292	0.02315	0.49574	0.20355	0.03663	0.03551	0.01183	0.00855	0.00252	0.00606	0.00994	0.00974	0.01213
52	0.01092	0.00829	0.01090	0.01223	0.01287	0.00849	0.00849	0.01338	0.04563	0.02126	0.04183	0.62969	0.04934	0.02396	0.01137	0.00329	0.05241	0.02131	0.00729	0.00705
53	0.01409	0.00705	0.01057	0.01057	0.01057	0.00705	0.00705	0.01057	0.01057	0.01409	0.01409	0.02467	0.01409	0.02819	0.03171	0.76392	0.00705	0.00705	0.00352	0.00352
54	0.01308	0.00934	0.01308	0.01494	0.01681	0.00934	0.01308	0.01681	0.01868	0.02428	0.04296	0.09153	0.04670	0.02242	0.01121	0.00374	0.00747	0.60960	0.00747	0.00747
55	0.01562	0.01499	0.02614	0.64475	0.05485	0.01822	0.06938	0.02113	0.01645	0.02113	0.01457	0.02165	0.01093	0.00802	0.00822	0.00271	0.01104	0.00739	0.00364	0.00916
56	0.01686	0.15269	0.52253	0.02090	0.03132	0.02046	0.02594	0.02470	0.01674	0.02413	0.01451	0.01746	0.01099	0.01122	0.05352	0.00315	0.01211	0.00590	0.00350	0.01140
57	0.01860	0.02078	0.04465	0.07140	0.04182	0.01978	0.56602	0.02520	0.01896	0.02560	0.01772	0.02561	0.01407	0.00775	0.00958	0.00279	0.01318	0.04160	0.00426	0.01065
58	0.01065	0.00782	0.00998	0.01036	0.01184	0.00716	0.00742	0.01335	0.01962	0.02677	0.35647	0.30557	0.14217	0.02040	0.00987	0.00285	0.00419	0.01813	0.00823	0.00716
59	0.01651	0.01560	0.02917	0.07216	0.02950	0.01653	0.25993	0.02090	0.01623	0.04797	0.01996	0.08134	0.01793	0.02452	0.19817	0.00573	0.10410	0.00990	0.00458	0.00926
60	0.05810	0.01493	0.02320	0.55739	0.04847	0.01848	0.02061	0.05618	0.01712	0.02329	0.01529	0.04280	0.01224	0.00908	0.00909	0.00275	0.05017	0.00756	0.00407	0.00919
61	0.02192	0.01141	0.01463	0.01234	0.01625	0.01056	0.00975	0.05418	0.05089	0.26963	0.33863	0.04606	0.08173	0.01381	0.00892	0.00255	0.00534	0.01180	0.00920	0.01041
62	0.03641	0.01381	0.01883	0.01444	0.02071	0.01193	0.01193	0.03954	0.02322	0.66984	0.03201	0.02762	0.02009	0.01004	0.00816	0.00251	0.00690	0.00816	0.01004	0.01381

[dist]
# distance from previous block
# <min> <max>
1	6

[block]
# block no. 2 follows, 23 sequences, length 33
# corresponding to MSA columns:
# 198-230
name=unknown_C
#
# <colnr> <probs for GDERKNQSTAVLIFYWHMCP>
#	G	D	E	R	K	N	Q	S	T	A	V	L	I	F	Y	W	H	M	C	P
0	0.05124	0.01785	0.02300	0.42419	0.04266	0.07114	0.01928	0.15479	0.02155	0.02812	0.01706	0.02473	0.01364	0.00937	0.00812	0.00266	0.01031	0.04540	0.00493	0.00997
1	0.13258	0.01614	0.02473	0.19463	0.30635	0.01785	0.01950	0.02184	0.01598	0.02483	0.01404	0.01975	0.01173	0.01019	0.01133	0.08455	0.05319	0.00677	0.00399	0.01004
2	0.01997	0.02153	0.08099	0.04304	0.52153	0.05583	0.02372	0.02555	0.03984	0.02620	0.01719	0.02386	0.01480	0.00830	0.00815	0.00249	0.00988	0.04053	0.00431	0.01229
3	0.04705	0.14364	0.55109	0.02123	0.03218	0.02083	0.02670	0.02541	0.01690	0.02512	0.01394	0.01635	0.01024	0.00759	0.00722	0.00244	0.01126	0.00568	0.00350	0.01163
4	0.01145	0.00885	0.01051	0.00999	0.01233	0.00820	0.00752	0.01594	0.06156	0.02932	0.43990	0.06412	0.25535	0.01747	0.00949	0.00262	0.00408	0.01509	0.00845	0.00774
5	0.01026	0.00756	0.01043	0.05783	0.01477	0.00737	0.00855	0.01194	0.01558	0.02071	0.04266	0.66274	0.05075	0.02424	0.01020	0.00326	0.00512	0.02199	0.00727	0.00676
6	0.02899	0.06655	0.02394	0.01754	0.02372	0.02338	0.01451	0.43267	0.14031	0.11046	0.02258	0.02176	0.01612	0.00981	0.00795	0.00245	0.00827	0.00752	0.00804	0.01341
7	0.01551	0.01478	0.02547	0.66353	0.05524	0.01815	0.05198	0.02098	0.01637	0.02098	0.01452	0.02165	0.01089	0.00805	0.00818	0.00271	0.01095	0.00732	0.00363	0.00911
8	0.01014	0.00733	0.00959	0.01094	0.01178	0.00678	0.00748	0.01200	0.01695	0.02278	0.15065	0.56494	0.09125	0.02366	0.01018	0.00314	0.00453	0.02132	0.00777	0.00678
9	0.01775	0.01775	0.02485	0.02130	0.02130	0.02485	0.01775	0.01953	0.01243	0.01953	0.01065	0.01775	0.01065	0.01420	0.02663	0.00355	0.69998	0.00710	0.00355	0.00888
10	0.01178	0.00790	0.00901	0.00896	0.00911	0.00785	0.00513	0.01208	0.01268	0.01705	0.07534	0.05369	0.03319	0.66005	0.03881	0.00745	0.00755	0.01203	0.00523	0.00513
11	0.02840	0.02037	0.02174	0.01694	0.02272	0.02243	0.01391	0.54103	0.03486	0.04789	0.02057	0.02116	0.01489	0.00970	0.00774	0.00235	0.00813	0.00735	0.12501	0.01283
12	0.01832	0.01531	0.01763	0.01273	0.01986	0.01234	0.01023	0.08608	0.01910	0.02907	0.01496	0.01711	0.01221	0.00641	0.00623	0.00133	0.00632	0.00507	0.00516	0.68454
13	0.01130	0.00845	0.01055	0.01053	0.01234	0.00793	0.00770	0.01528	0.05193	0.02845	0.40892	0.21526	0.14316	0.01891	0.00969	0.00276	0.00420	0.01670	0.00839	0.00756
14	0.01777	0.01512	0.01771	0.01291	0.01971	0.01243	0.01039	0.05975	0.01797	0.02767	0.01456	0.01704	0.01206	0.00666	0.00717	0.00140	0.04086	0.00508	0.00496	0.67879
15	0.01138	0.00821	0.01075	0.01028	0.01210	0.00758	0.00765	0.01504	0.02246	0.03173	0.61809	0.10475	0.07500	0.01719	0.00962	0.00260	0.00389	0.01525	0.00884	0.00758
16	0.01275	0.00962	0.01210	0.01152	0.01173	0.01100	0.00780	0.01347	0.01209	0.01681	0.02254	0.04416	0.02504	0.50335	0.13297	0.00791	0.12404	0.01057	0.00461	0.00591
17	0.03127	0.01742	0.05556	0.01569	0.02169	0.04753	0.01348	0.11394	0.05038	0.42907	0.02904	0.02987	0.02027	0.01065	0.00821	0.00256	0.00775	0.04872	0.03407	0.01281
18	0.01001	0.00716	0.00953	0.01121	0.01180	0.00667	0.00754	0.01161	0.01612	0.02164	0.09300	0.65862	0.05546	0.02473	0.01030	0.00324	0.00464	0.02241	0.00764	0.00667
19	0.77215	0.01569	0.01193	0.01067	0.01569	0.01820	0.00879	0.02385	0.01381	0.03641	0.01130	0.01318	0.00879	0.00753	0.00502	0.00251	0.00628	0.00439	0.00502	0.00879
20	0.03035	0.03753	0.02309	0.02074	0.02509	0.63500	0.01566	0.07589	0.02408	0.02211	0.01304	0.01498	0.01069	0.00846	0.00737	0.00212	0.01422	0.00538	0.00446	0.00972
21	0.01409	0.00705	0.01057	0.01057	0.01057	0.00705	0.00705	0.01057	0.01057	0.01409	0.01409	0.02467	0.01409	0.02819	0.03171	0.76392	0.00705	0.00705	0.00352	0.00352
22	0.00959	0.00822	0.00822	0.00822	0.01096	0.00685	0.00617	0.01165	0.01850	0.02192	0.08220	0.07809	0.66092	0.02055	0.00959	0.00274	0.00411	0.01713	0.00754	0.00685
23	0.01937	0.01497	0.01752	0.01269	0.01977	0.01194	0.01021	0.06628	0.01886	0.07870	0.01617	0.01786	0.01278	0.00659	0.00633	0.00139	0.00629	0.00525	0.00546	0.65156
24	0.02434	0.02028	0.02365	0.21547	0.08756	0.09680	0.01762	0.25541	0.02578	0.07395	0.01865	0.04548	0.01454	0.01122	0.03102	0.00287	0.01035	0.00770	0.00599	0.01135
25	0.01160	0.00837	0.01101	0.01055	0.01246	0.00778	0.00805	0.01542	0.02266	0.03195	0.61556	0.06284	0.07441	0.01701	0.00969	0.00264	0.00409	0.05746	0.00883	0.00764
26	0.01025	0.00721	0.00931	0.01084	0.01122	0.00683	0.00704	0.01139	0.01483	0.01978	0.04112	0.58610	0.04912	0.15506	0.01618	0.00415	0.00530	0.02095	0.00704	0.00628
27	0.01159	0.00869	0.01304	0.01304	0.01449	0.01014	0.01014	0.01449	0.01304	0.01884	0.02173	0.03188	0.02029	0.06086	0.68268	0.01304	0.02173	0.00869	0.00435	0.00724
28	0.02220	0.06252	0.02081	0.01600	0.02042	0.01934	0.01311	0.33669	0.02623	0.03553	0.01989	0.02424	0.01629	0.03093	0.28994	0.00682	0.01427	0.00769	0.00624	0.01084
29	0.01409	0.00705	0.01057	0.01057	0.01057	0.00705	0.00705	0.01057	0.01057	0.01409	0.01409	0.02467	0.01409	0.02819	0.03171	0.76392	0.00705	0.00705	0.00352	0.00352
30	0.45760	0.01718	0.01660	0.05794	0.02124	0.01927	0.01169	0.17959	0.02109	0.10666	0.01577	0.01686	0.01139	0.00839	0.00634	0.00250	0.00731	0.00571	0.00624	0.01060
31	0.04734	0.00881	0.00898	0.00862	0.01087	0.00913	0.00659	0.05319	0.01783	0.03103	0.02518	0.02903	0.01988	0.01227	0.04367	0.00257	0.00518	0.00748	0.64441	0.00794
32	0.16407	0.01807	0.06016	0.01557	0.02055	0.01820	0.01340	0.21251	0.13769	0.03719	0.07816	0.05711	0.02586	0.01231	0.00816	0.00274	0.00740	0.09276	0.00720	0.01090

[dist]
# distance from previous block
# <min> <max>
1	5

[block]
# block no. 3 follows, 23 sequences, length 33
# corresponding to MSA columns:
# 236-268
name=unknown_D
#
# <colnr> <probs for GDERKNQSTAVLIFYWHMCP>
#	G	D	E	R	K	N	Q	S	T	A	V	L	I	F	Y	W	H	M	C	P
0	0.00989	0.00706	0.00942	0.01130	0.01177	0.00659	0.00753	0.01130	0.01554	0.02071	0.04472	0.70954	0.05367	0.02542	0.01036	0.00330	0.00471	0.02307	0.00753	0.00659
1	0.07548	0.05377	0.02233	0.01664	0.02280	0.05388	0.01368	0.34160	0.08823	0.13433	0.02090	0.02052	0.01496	0.00924	0.00758	0.00232	0.00824	0.00696	0.00751	0.07903
2	0.01915	0.02189	0.04788	0.03420	0.04241	0.02052	0.63475	0.02599	0.01915	0.02599	0.01642	0.02189	0.01231	0.00684	0.00958	0.00274	0.01368	0.00958	0.00410	0.01094
3	0.03071	0.01283	0.01719	0.01366	0.01898	0.01138	0.01109	0.03476	0.04752	0.51555	0.15972	0.03443	0.03175	0.01141	0.00845	0.00253	0.00626	0.00952	0.00975	0.01252
4	0.01268	0.00856	0.01123	0.01041	0.01253	0.00786	0.00786	0.01648	0.02298	0.06312	0.62981	0.05903	0.07385	0.01627	0.00950	0.00255	0.00398	0.01436	0.00899	0.00795
5	0.01180	0.00787	0.00885	0.00885	0.00885	0.00787	0.00492	0.01180	0.01180	0.01573	0.02557	0.05310	0.02950	0.71483	0.04130	0.00787	0.00787	0.01180	0.00492	0.00492
6	0.02000	0.01712	0.01870	0.01779	0.05539	0.01938	0.01312	0.07688	0.52631	0.03365	0.03516	0.03288	0.07453	0.01149	0.00834	0.00271	0.00657	0.00959	0.00796	0.01242
7	0.06436	0.02098	0.02220	0.01725	0.02325	0.02319	0.01420	0.55044	0.03503	0.04849	0.01975	0.02019	0.01422	0.00961	0.00774	0.00239	0.00832	0.00719	0.07822	0.01298
8	0.01907	0.16529	0.17718	0.04542	0.05974	0.02048	0.09368	0.05387	0.08539	0.02645	0.01631	0.01863	0.01277	0.00753	0.00719	0.00215	0.00939	0.00636	0.00457	0.16853
9	0.38417	0.16829	0.19174	0.01643	0.05246	0.02130	0.01613	0.02448	0.01545	0.02956	0.01233	0.01450	0.00970	0.00744	0.00590	0.00236	0.00842	0.00493	0.00424	0.01015
10	0.01415	0.00708	0.01041	0.01041	0.01051	0.00708	0.00697	0.01103	0.01092	0.01498	0.01477	0.02497	0.01446	0.02717	0.03029	0.72232	0.00687	0.00708	0.04481	0.00374
11	0.02306	0.14088	0.03074	0.06495	0.33289	0.12621	0.01967	0.05439	0.01986	0.06222	0.01524	0.01837	0.01239	0.00763	0.00737	0.00222	0.00999	0.00638	0.00450	0.04101
12	0.06025	0.00965	0.01221	0.01313	0.01525	0.00970	0.01084	0.01743	0.05005	0.02657	0.15803	0.13998	0.08281	0.02003	0.01019	0.00329	0.00620	0.33899	0.00764	0.00773
13	0.01683	0.01442	0.01683	0.01202	0.01923	0.01082	0.00961	0.02043	0.01683	0.02644	0.01442	0.01683	0.01202	0.00601	0.00601	0.00120	0.00601	0.00481	0.00481	0.76444
14	0.01073	0.00817	0.00986	0.00965	0.01171	0.00730	0.00716	0.01377	0.02087	0.02805	0.41807	0.12112	0.26676	0.01864	0.00964	0.00268	0.00400	0.01619	0.00835	0.00730
15	0.01009	0.00824	0.00891	0.00874	0.01126	0.00706	0.00656	0.01260	0.01967	0.02470	0.23334	0.07352	0.50805	0.01951	0.00958	0.00269	0.00404	0.01648	0.00790	0.00706
16	0.06518	0.01199	0.01353	0.01189	0.01561	0.01189	0.00931	0.07294	0.10898	0.12597	0.23252	0.04990	0.20852	0.01479	0.00878	0.00261	0.00529	0.01236	0.00832	0.00964
17	0.02008	0.01928	0.03294	0.04981	0.66422	0.01928	0.02490	0.02490	0.01848	0.02651	0.01526	0.02008	0.01285	0.00723	0.00803	0.00241	0.00964	0.00723	0.00402	0.01285
18	0.01532	0.01442	0.02434	0.69533	0.05589	0.01803	0.02253	0.02073	0.01622	0.02073	0.01442	0.02163	0.01082	0.00811	0.00811	0.00270	0.01082	0.00721	0.00361	0.00901
19	0.00989	0.00706	0.00942	0.01130	0.01177	0.00659	0.00753	0.01130	0.01554	0.02071	0.04472	0.70954	0.05367	0.02542	0.01036	0.00330	0.00471	0.02307	0.00753	0.00659
20	0.02391	0.54469	0.03750	0.01569	0.02192	0.19920	0.01435	0.02638	0.01816	0.01929	0.01161	0.01343	0.01042	0.00731	0.00575	0.00183	0.01021	0.00457	0.00365	0.01015
21	0.07919	0.01392	0.01843	0.01422	0.02042	0.01229	0.01174	0.03863	0.02268	0.63301	0.03081	0.02678	0.01943	0.00990	0.00798	0.00251	0.00687	0.00794	0.00975	0.01352
22	0.01560	0.01470	0.02483	0.65802	0.09105	0.01810	0.02267	0.02097	0.01636	0.02107	0.01447	0.02154	0.01093	0.00806	0.00811	0.00269	0.01075	0.00721	0.00363	0.00924
23	0.01159	0.00869	0.01304	0.01304	0.01449	0.01014	0.01014	0.01449	0.01304	0.01884	0.02173	0.03188	0.02029	0.06086	0.68268	0.01304	0.02173	0.00869	0.00435	0.00724
24	0.02169	0.71972	0.04252	0.01388	0.02083	0.03211	0.01388	0.02430	0.01649	0.01909	0.01128	0.01302	0.01041	0.00694	0.00521	0.00174	0.00868	0.00434	0.00347	0.01041
25	0.01409	0.00705	0.01057	0.01057	0.01057	0.00705	0.00705	0.01057	0.01057	0.01409	0.01409	0.02467	0.01409	0.02819	0.03171	0.76392	0.00705	0.00705	0.00352	0.00352
26	0.00989	0.00706	0.00942	0.01130	0.01177	0.00659	0.00753	0.01130	0.01554	0.02071	0.04472	0.70954	0.05367	0.02542	0.01036	0.00330	0.00471	0.02307	0.00753	0.00659
27	0.01816	0.01689	0.01609	0.01585	0.01887	0.14246	0.01286	0.05715	0.12019	0.02640	0.06843	0.05693	0.06367	0.01920	0.05179	0.00366	0.00931	0.26620	0.00688	0.00901
28	0.42345	0.01492	0.01504	0.04933	0.01958	0.01617	0.01072	0.02938	0.07669	0.20827	0.04981	0.02143	0.01669	0.00900	0.00657	0.00255	0.00659	0.00651	0.00681	0.01050
29	0.01721	0.01602	0.02495	0.46119	0.08144	0.02011	0.02112	0.06316	0.01702	0.02289	0.01398	0.02053	0.01110	0.00953	0.01223	0.00286	0.16399	0.00719	0.00393	0.00954
30	0.01409	0.00705	0.01057	0.01057	0.01057	0.00705	0.00705	0.01057	0.01057	0.01409	0.01409	0.02467	0.01409	0.02819	0.03171	0.76392	0.00705	0.00705	0.00352	0.00352
31	0.21417	0.11289	0.15011	0.04928	0.02562	0.05373	0.01674	0.22691	0.02338	0.03546	0.01484	0.01648	0.01111	0.00829	0.00685	0.00239	0.00918	0.00583	0.00543	0.01131
32	0.02131	0.01995	0.02742	0.05653	0.08598	0.07091	0.15269	0.14592	0.06165	0.03045	0.01738	0.02055	0.01360	0.01082	0.04686	0.00282	0.01048	0.00723	0.00531	0.19213

[dist]
# distance from previous block
# <min> <max>
0	1

[block]
# block no. 4 follows, 23 sequences, length 88
# corresponding to MSA columns:
# 270-357
name=unknown_E
#
# <colnr> <probs for GDERKNQSTAVLIFYWHMCP>
#	G	D	E	R	K	N	Q	S	T	A	V	L	I	F	Y	W	H	M	C	P
0	0.02036	0.05071	0.02955	0.15493	0.33208	0.04138	0.05481	0.08246	0.07816	0.02779	0.01783	0.02316	0.01455	0.00846	0.00811	0.00252	0.00976	0.02682	0.00481	0.01175
1	0.02492	0.01967	0.02376	0.05396	0.07070	0.02056	0.04174	0.37020	0.05523	0.04022	0.01917	0.04191	0.01491	0.00918	0.00784	0.00226	0.00846	0.00749	0.00676	0.16108
2	0.01247	0.00974	0.01393	0.01358	0.01499	0.01159	0.01054	0.01608	0.04327	0.01943	0.02167	0.03196	0.02031	0.09250	0.56481	0.01155	0.07080	0.00878	0.00451	0.00750
3	0.01777	0.02069	0.09767	0.16070	0.03575	0.05539	0.22970	0.05312	0.04298	0.02621	0.07459	0.05765	0.04663	0.00978	0.00875	0.00262	0.01059	0.00954	0.00501	0.03486
4	0.01001	0.00716	0.00953	0.01121	0.01180	0.00668	0.00754	0.01162	0.01613	0.02167	0.09422	0.65733	0.05551	0.02471	0.01029	0.00324	0.00464	0.02239	0.00764	0.00668
5	0.01662	0.01075	0.01428	0.01488	0.07732	0.01001	0.01009	0.04715	0.02178	0.12962	0.31283	0.11539	0.15513	0.01587	0.00921	0.00263	0.00524	0.01382	0.00822	0.00916
6	0.09750	0.55635	0.09046	0.01436	0.02149	0.02857	0.01460	0.02515	0.01662	0.05490	0.01262	0.01413	0.01074	0.00722	0.00555	0.00192	0.00862	0.00468	0.00396	0.01056
7	0.06714	0.01341	0.01751	0.01385	0.01945	0.01211	0.01130	0.03602	0.05428	0.53010	0.10787	0.03111	0.02670	0.01077	0.00819	0.00253	0.00647	0.00883	0.00958	0.01277
8	0.66392	0.04529	0.01419	0.04366	0.01810	0.01844	0.00983	0.02458	0.01455	0.06972	0.01258	0.01437	0.00957	0.00767	0.00535	0.00249	0.00663	0.00473	0.00516	0.00914
9	0.02233	0.66930	0.04107	0.01440	0.02114	0.08023	0.01402	0.02490	0.01697	0.01915	0.01137	0.01314	0.01042	0.00705	0.00536	0.00176	0.00912	0.00440	0.00352	0.01034
10	0.69717	0.01550	0.01263	0.01105	0.01620	0.01756	0.00911	0.02545	0.01477	0.10096	0.01341	0.01465	0.00994	0.00779	0.00534	0.00251	0.00634	0.00478	0.00553	0.00930
11	0.01513	0.00756	0.00756	0.00756	0.00945	0.00756	0.00567	0.01891	0.01702	0.03025	0.02647	0.03025	0.02080	0.00945	0.00567	0.00189	0.00378	0.00756	0.75988	0.00756
12	0.02126	0.13230	0.22942	0.09867	0.11988	0.05706	0.02132	0.05946	0.07294	0.08627	0.01750	0.01951	0.01306	0.00821	0.00751	0.00241	0.01007	0.00655	0.00485	0.01174
13	0.01639	0.01404	0.01664	0.01253	0.01868	0.01153	0.00995	0.02054	0.04041	0.02644	0.05174	0.05080	0.01783	0.00807	0.00755	0.00155	0.04159	0.00645	0.00522	0.62206
14	0.02607	0.01939	0.02003	0.01619	0.02104	0.07532	0.01291	0.37077	0.03049	0.08789	0.13488	0.02878	0.02595	0.04231	0.01094	0.04100	0.00821	0.00870	0.00770	0.01142
15	0.02250	0.01562	0.01881	0.05724	0.02268	0.01399	0.01185	0.13774	0.02181	0.14214	0.01939	0.04194	0.01502	0.00816	0.00705	0.00182	0.00697	0.00660	0.00634	0.42232
16	0.02877	0.05654	0.08673	0.01929	0.05176	0.02216	0.01640	0.41227	0.03125	0.13349	0.02002	0.02002	0.01408	0.00919	0.00785	0.00237	0.00883	0.00705	0.00741	0.04451
17	0.01402	0.00873	0.01137	0.01076	0.01300	0.00793	0.00804	0.01724	0.02146	0.10469	0.44522	0.16769	0.10333	0.01757	0.00954	0.00269	0.00436	0.01549	0.00874	0.00815
18	0.12829	0.01581	0.04144	0.04768	0.11760	0.01431	0.01447	0.03410	0.02081	0.44398	0.02553	0.02403	0.01684	0.00914	0.00772	0.00251	0.00756	0.00742	0.00801	0.01276
19	0.74355	0.04252	0.01309	0.01079	0.01589	0.01873	0.00898	0.02387	0.01391	0.03575	0.01130	0.01318	0.00885	0.00751	0.00503	0.00248	0.00637	0.00439	0.00496	0.00885
20	0.03513	0.01398	0.01875	0.01445	0.02056	0.01234	0.01191	0.06531	0.02388	0.61596	0.05723	0.02861	0.02212	0.01030	0.00822	0.00251	0.00687	0.00839	0.00991	0.01356
21	0.01156	0.00834	0.01095	0.01043	0.01235	0.00774	0.00791	0.01538	0.02276	0.03215	0.63052	0.06209	0.07514	0.01687	0.00965	0.00261	0.00400	0.04304	0.00886	0.00765
22	0.03641	0.01381	0.01883	0.01444	0.02071	0.01193	0.01193	0.03954	0.02322	0.66984	0.03201	0.02762	0.02009	0.01004	0.00816	0.00251	0.00690	0.00816	0.01004	0.01381
23	0.01409	0.00705	0.01057	0.01057	0.01057	0.00705	0.00705	0.01057	0.01057	0.01409	0.01409	0.02467	0.01409	0.02819	0.03171	0.76392	0.00705	0.00705	0.00352	0.00352
24	0.01123	0.00810	0.01062	0.01038	0.01207	0.00749	0.00764	0.01467	0.02179	0.03066	0.56200	0.16392	0.07292	0.01799	0.00970	0.00267	0.00397	0.01601	0.00871	0.00749
25	0.03085	0.02273	0.02435	0.01867	0.02516	0.02516	0.01542	0.63716	0.03815	0.05114	0.01948	0.01948	0.01380	0.00974	0.00812	0.00244	0.00893	0.00731	0.00812	0.01380
26	0.01646	0.04069	0.63293	0.02383	0.03558	0.01895	0.06856	0.02572	0.01726	0.02572	0.01468	0.01743	0.01041	0.00765	0.00783	0.00258	0.01210	0.00622	0.00347	0.01193
27	0.66970	0.04973	0.01390	0.01115	0.01619	0.01870	0.00927	0.05003	0.01540	0.03603	0.04070	0.01557	0.01212	0.00800	0.00537	0.00247	0.00640	0.00498	0.00526	0.00903
28	0.26139	0.06681	0.02079	0.01703	0.02193	0.35250	0.01340	0.10920	0.02177	0.02911	0.01300	0.01473	0.01037	0.00821	0.00659	0.00225	0.01094	0.00519	0.00492	0.00985
29	0.01513	0.00756	0.00756	0.00756	0.00945	0.00756	0.00567	0.01891	0.01702	0.03025	0.02647	0.03025	0.02080	0.00945	0.00567	0.00189	0.00378	0.00756	0.75988	0.00756
30	0.03085	0.02273	0.02435	0.01867	0.02516	0.02516	0.01542	0.63716	0.03815	0.05114	0.01948	0.01948	0.01380	0.00974	0.00812	0.00244	0.00893	0.00731	0.00812	0.01380
31	0.01179	0.00792	0.00912	0.00912	0.00921	0.00801	0.00525	0.01197	0.01188	0.01593	0.02532	0.05175	0.02891	0.67311	0.08222	0.00820	0.00875	0.01160	0.00488	0.00507
32	0.01180	0.00787	0.00885	0.00885	0.00885	0.00787	0.00492	0.01180	0.01180	0.01573	0.02557	0.05310	0.02950	0.71483	0.04130	0.00787	0.00787	0.01180	0.00492	0.00492
33	0.02018	0.01787	0.01822	0.01661	0.02100	0.04914	0.01299	0.04096	0.58125	0.03270	0.03274	0.03348	0.02553	0.01162	0.00840	0.00279	0.00686	0.04730	0.00802	0.01235
34	0.02008	0.01928	0.03294	0.04981	0.66422	0.01928	0.02490	0.02490	0.01848	0.02651	0.01526	0.02008	0.01285	0.00723	0.00803	0.00241	0.00964	0.00723	0.00402	0.01285
35	0.01124	0.00828	0.01054	0.01019	0.01215	0.00758	0.00768	0.01473	0.02190	0.03032	0.53326	0.09160	0.15007	0.01772	0.00967	0.00266	0.00405	0.04023	0.00863	0.00750
36	0.01878	0.02073	0.06565	0.13767	0.25790	0.01965	0.30823	0.02482	0.01840	0.02537	0.01564	0.02103	0.01219	0.00720	0.00875	0.00261	0.01179	0.00827	0.00397	0.01136
37	0.03078	0.03233	0.02243	0.01956	0.02435	0.47712	0.01503	0.11522	0.05079	0.11141	0.01692	0.01766	0.01278	0.00888	0.00758	0.00222	0.01250	0.00606	0.00566	0.01073
38	0.01299	0.00929	0.01296	0.01470	0.01657	0.00925	0.01280	0.01673	0.01890	0.02471	0.07474	0.08994	0.04824	0.02212	0.01112	0.00367	0.00728	0.57896	0.00755	0.00748
39	0.03408	0.01519	0.04828	0.01480	0.02114	0.01258	0.01268	0.06230	0.02355	0.58489	0.06065	0.02838	0.02208	0.01024	0.00821	0.00251	0.00707	0.00834	0.00961	0.01343
40	0.02077	0.05308	0.11963	0.06784	0.33937	0.05338	0.07315	0.06044	0.01960	0.05682	0.01727	0.05080	0.01437	0.00845	0.00808	0.00247	0.01018	0.00779	0.00458	0.01192
41	0.03172	0.02133	0.02349	0.01801	0.02447	0.02309	0.01487	0.54350	0.03581	0.14810	0.02145	0.02076	0.01478	0.00979	0.00812	0.00245	0.00861	0.00744	0.00842	0.01380
42	0.07419	0.03283	0.06225	0.05698	0.10955	0.44870	0.05158	0.02960	0.02096	0.02248	0.01323	0.01612	0.01076	0.00803	0.00745	0.00225	0.01307	0.00581	0.00414	0.01002
43	0.03641	0.01381	0.01883	0.01444	0.02071	0.01193	0.01193	0.03954	0.02322	0.66984	0.03201	0.02762	0.02009	0.01004	0.00816	0.00251	0.00690	0.00816	0.01004	0.01381
44	0.02604	0.01814	0.02021	0.01624	0.02153	0.01957	0.01314	0.35919	0.12944	0.11203	0.14651	0.02999	0.02831	0.01129	0.00842	0.00252	0.00733	0.00911	0.00851	0.01247
45	0.77215	0.01569	0.01193	0.01067	0.01569	0.01820	0.00879	0.02385	0.01381	0.03641	0.01130	0.01318	0.00879	0.00753	0.00502	0.00251	0.00628	0.00439	0.00502	0.00879
46	0.01138	0.00829	0.01070	0.01009	0.01206	0.00761	0.00757	0.01510	0.02271	0.03193	0.62681	0.06161	0.11007	0.01682	0.00957	0.00256	0.00384	0.01481	0.00885	0.00761
47	0.01005	0.00719	0.00956	0.01119	0.01181	0.00670	0.00754	0.01171	0.01629	0.02192	0.10745	0.64337	0.05600	0.02452	0.01028	0.00322	0.00462	0.02221	0.00767	0.00670
48	0.01139	0.00829	0.01071	0.01011	0.01206	0.00761	0.00758	0.01512	0.02274	0.03199	0.63018	0.06151	0.10666	0.01679	0.00957	0.00256	0.00384	0.01480	0.00886	0.00761
49	0.01289	0.01060	0.01553	0.01478	0.01592	0.01324	0.01174	0.01555	0.01291	0.01898	0.01940	0.02890	0.01826	0.05104	0.54463	0.01104	0.16445	0.00836	0.00418	0.00759
50	0.03250	0.01608	0.01975	0.01558	0.02160	0.01582	0.01273	0.14943	0.13750	0.44349	0.02990	0.02660	0.01977	0.01016	0.00817	0.00254	0.00719	0.00818	0.00937	0.01364
51	0.09388	0.01069	0.01254	0.03442	0.01577	0.01098	0.00935	0.10274	0.01865	0.02691	0.03562	0.49254	0.04049	0.02010	0.00926	0.00300	0.00572	0.01773	0.00714	0.03249
52	0.01986	0.01336	0.01636	0.01260	0.01873	0.01058	0.01009	0.02319	0.01808	0.15274	0.02219	0.08402	0.01925	0.00945	0.00711	0.00179	0.00616	0.04175	0.00623	0.50646
53	0.69995	0.06083	0.01429	0.01114	0.01633	0.01932	0.00933	0.04400	0.01478	0.03578	0.01157	0.01338	0.00906	0.00757	0.00513	0.00246	0.00652	0.00449	0.00502	0.00906
54	0.02634	0.09211	0.05657	0.05875	0.02831	0.46012	0.07574	0.02942	0.02084	0.02067	0.01289	0.01587	0.01065	0.00839	0.00852	0.00226	0.05301	0.00582	0.00401	0.00970
55	0.01842	0.01549	0.01721	0.01254	0.01957	0.04126	0.01001	0.02194	0.01743	0.05853	0.01522	0.01727	0.01235	0.00632	0.00618	0.00131	0.00644	0.00500	0.00504	0.69247
56	0.00963	0.00808	0.00837	0.00860	0.01106	0.00682	0.00634	0.01160	0.01813	0.02177	0.07753	0.15681	0.58522	0.02116	0.00969	0.00281	0.00418	0.01787	0.00753	0.00682
57	0.01901	0.02140	0.04604	0.06692	0.07230	0.02034	0.57644	0.02569	0.01898	0.02576	0.01627	0.02179	0.01226	0.00692	0.00943	0.00272	0.01335	0.00935	0.00408	0.01094
58	0.02205	0.69123	0.04170	0.01418	0.02100	0.05930	0.01396	0.02464	0.01676	0.01912	0.01133	0.01308	0.01041	0.00700	0.00529	0.00175	0.00893	0.00438	0.00350	0.01037
59	0.01308	0.00934	0.01308	0.01494	0.01681	0.00934	0.01308	0.01681	0.01868	0.02428	0.04296	0.09153	0.04670	0.02242	0.01121	0.00374	0.00747	0.60960	0.00747	0.00747
60	0.02926	0.03648	0.02251	0.02045	0.02467	0.61385	0.01539	0.03351	0.08773	0.02131	0.01466	0.01625	0.01193	0.00864	0.00741	0.00216	0.01378	0.00563	0.00460	0.00976
61	0.01513	0.00756	0.00756	0.00756	0.00945	0.00756	0.00567	0.01891	0.01702	0.03025	0.02647	0.03025	0.02080	0.00945	0.00567	0.00189	0.00378	0.00756	0.75988	0.00756
62	0.01434	0.01395	0.10568	0.01405	0.04547	0.01004	0.01184	0.01887	0.02175	0.07892	0.46516	0.05098	0.08755	0.01460	0.00913	0.00255	0.00549	0.01274	0.00795	0.00893
63	0.63966	0.05341	0.06750	0.01360	0.04683	0.01900	0.01147	0.02407	0.01442	0.03423	0.01174	0.01380	0.00917	0.00750	0.00538	0.00247	0.00701	0.00465	0.00477	0.00931
64	0.05675	0.43018	0.11426	0.01510	0.02211	0.02604	0.01515	0.06119	0.07040	0.05544	0.01886	0.01962	0.04790	0.00846	0.00631	0.00209	0.00847	0.00601	0.00474	0.01090
65	0.01650	0.07062	0.64615	0.02274	0.03452	0.01941	0.02930	0.02564	0.01710	0.02542	0.01442	0.01696	0.01028	0.00768	0.00760	0.00253	0.01185	0.00593	0.00343	0.01193
66	0.01513	0.00756	0.00756	0.00756	0.00945	0.00756	0.00567	0.01891	0.01702	0.03025	0.02647	0.03025	0.02080	0.00945	0.00567	0.00189	0.00378	0.00756	0.75988	0.00756
67	0.01934	0.05240	0.04879	0.01514	0.01807	0.22125	0.01176	0.06071	0.01791	0.02084	0.02012	0.06413	0.02010	0.21568	0.15325	0.00599	0.01292	0.00878	0.00477	0.00804
68	0.02025	0.01712	0.02120	0.01771	0.02242	0.01887	0.08011	0.13310	0.36579	0.03432	0.08841	0.03153	0.02659	0.04226	0.04007	0.00335	0.00812	0.00953	0.00753	0.01172
69	0.02042	0.01730	0.06065	0.04791	0.02322	0.01546	0.03098	0.10066	0.16122	0.09158	0.02379	0.08705	0.01963	0.01002	0.00769	0.00222	0.00724	0.00845	0.00656	0.25791
70	0.00996	0.00717	0.00931	0.01099	0.01158	0.00667	0.00732	0.01134	0.01555	0.02055	0.04620	0.63796	0.09125	0.05798	0.01178	0.00348	0.00482	0.02215	0.00741	0.00653
71	0.20834	0.05545	0.02223	0.01818	0.04934	0.13543	0.04534	0.13905	0.05788	0.09099	0.01675	0.01806	0.01266	0.00864	0.00787	0.00237	0.04030	0.00622	0.00584	0.05907
72	0.00970	0.00811	0.00845	0.00861	0.01109	0.00686	0.00636	0.01176	0.01839	0.02224	0.10243	0.13971	0.57677	0.02087	0.00966	0.00279	0.00416	0.01761	0.00759	0.00686
73	0.01746	0.01480	0.01717	0.01232	0.01950	0.01147	0.00988	0.04831	0.01779	0.02756	0.01465	0.01695	0.01210	0.00618	0.00610	0.00126	0.00614	0.00492	0.00496	0.73050
74	0.03641	0.01381	0.01883	0.01444	0.02071	0.01193	0.01193	0.03954	0.02322	0.66984	0.03201	0.02762	0.02009	0.01004	0.00816	0.00251	0.00690	0.00816	0.01004	0.01381
75	0.03470	0.01655	0.02052	0.01574	0.02208	0.01599	0.01300	0.22293	0.02780	0.47998	0.02817	0.02512	0.01816	0.00995	0.00815	0.00249	0.00753	0.00790	0.00945	0.01381
76	0.01308	0.00934	0.01308	0.01494	0.01681	0.00934	0.01308	0.01681	0.01868	0.02428	0.04296	0.09153	0.04670	0.02242	0.01121	0.00374	0.00747	0.60960	0.00747	0.00747
