[name]
unknown

[dist]
# distance from previous block
# <min> <max>
0	19

[block]
# block no. 0 follows, 26 sequences, length 6
# corresponding to MSA columns:
# 19-24
name=unknown_A
#
# <colnr> <probs for GDERKNQSTAVLIFYWHMCP>
#	G	D	E	R	K	N	Q	S	T	A	V	L	I	F	Y	W	H	M	C	P
0	0.01222	0.00873	0.01222	0.01397	0.01572	0.00873	0.01222	0.01572	0.01746	0.02270	0.04016	0.08556	0.04365	0.02095	0.01048	0.00349	0.00698	0.63506	0.00698	0.00698
1	0.01608	0.02120	0.14200	0.02687	0.03394	0.01683	0.45336	0.02204	0.01706	0.02346	0.01934	0.13402	0.01745	0.00933	0.00879	0.00262	0.01118	0.01046	0.00425	0.00973
2	0.01103	0.00735	0.00827	0.00827	0.00827	0.00735	0.00460	0.01103	0.01103	0.01471	0.02390	0.04964	0.02758	0.73343	0.03861	0.00735	0.00735	0.01103	0.00460	0.00460
3	0.14239	0.08548	0.02010	0.01438	0.01965	0.01969	0.01192	0.33455	0.05208	0.06432	0.02057	0.04925	0.04230	0.01144	0.03607	0.00264	0.00777	0.00717	0.00645	0.05177
4	0.29322	0.01837	0.01858	0.15205	0.02604	0.06410	0.01355	0.26870	0.02269	0.03546	0.01416	0.01624	0.01050	0.00799	0.00652	0.00233	0.00817	0.00573	0.00550	0.01010
5	0.01651	0.01505	0.02422	0.52711	0.16513	0.01770	0.02084	0.08089	0.01749	0.02306	0.01407	0.01977	0.01072	0.00758	0.00757	0.00245	0.00974	0.00675	0.00384	0.00950

[dist]
# distance from previous block
# <min> <max>
0	3

[block]
# block no. 1 follows, 26 sequences, length 8
# corresponding to MSA columns:
# 28-35
name=unknown_B
#
# <colnr> <probs for GDERKNQSTAVLIFYWHMCP>
#	G	D	E	R	K	N	Q	S	T	A	V	L	I	F	Y	W	H	M	C	P
0	0.01690	0.01606	0.02614	0.24551	0.36233	0.01742	0.02058	0.02119	0.01592	0.02247	0.01353	0.01871	0.01115	0.00755	0.00907	0.00233	0.07925	0.00653	0.00366	0.08369
1	0.01801	0.01735	0.02660	0.07260	0.50197	0.05087	0.02020	0.02326	0.06307	0.02411	0.01823	0.09563	0.01670	0.00893	0.00773	0.00236	0.00859	0.00838	0.00437	0.01104
2	0.04256	0.01329	0.01544	0.09105	0.08443	0.08550	0.01144	0.01856	0.01620	0.08442	0.07494	0.18873	0.06204	0.12649	0.01377	0.00333	0.04271	0.01153	0.00565	0.00793
3	0.05579	0.03261	0.01366	0.01136	0.01483	0.03541	0.00890	0.04409	0.07397	0.09030	0.26082	0.05591	0.11182	0.01573	0.05666	0.00294	0.00629	0.01042	0.00698	0.09152
4	0.06600	0.01704	0.03964	0.01431	0.01896	0.07887	0.01161	0.10180	0.20591	0.14917	0.06890	0.07802	0.04771	0.01083	0.00755	0.00236	0.00686	0.00881	0.00708	0.05858
5	0.11780	0.09570	0.09457	0.01745	0.02263	0.27574	0.01515	0.15008	0.04377	0.02709	0.01347	0.01522	0.01064	0.00827	0.00793	0.00220	0.06226	0.00542	0.00467	0.00995
6	0.01894	0.08485	0.01889	0.03824	0.01940	0.01367	0.03472	0.10314	0.01926	0.11896	0.02732	0.09299	0.10566	0.01032	0.00711	0.00198	0.00641	0.00860	0.00597	0.26355
7	0.01598	0.01930	0.10541	0.02808	0.11057	0.01635	0.37189	0.02143	0.01665	0.02307	0.01870	0.10582	0.01675	0.01360	0.07731	0.00352	0.01190	0.00976	0.00417	0.00972

[dist]
# distance from previous block
# <min> <max>
0	2

[block]
# block no. 2 follows, 26 sequences, length 62
# corresponding to MSA columns:
# 38-99
name=unknown_C
#
# <colnr> <probs for GDERKNQSTAVLIFYWHMCP>
#	G	D	E	R	K	N	Q	S	T	A	V	L	I	F	Y	W	H	M	C	P
0	0.06995	0.10255	0.51877	0.02031	0.03019	0.01862	0.06300	0.02428	0.01607	0.04944	0.01383	0.01603	0.00999	0.00716	0.00693	0.00233	0.01046	0.00563	0.00358	0.01087
1	0.00946	0.00788	0.03474	0.01086	0.01180	0.00661	0.00778	0.01109	0.01470	0.01959	0.04222	0.67372	0.07542	0.02294	0.00956	0.00303	0.00464	0.02072	0.00690	0.00636
2	0.01084	0.00813	0.01219	0.01219	0.01354	0.00948	0.00948	0.01354	0.01219	0.01761	0.02032	0.02980	0.01896	0.05689	0.70337	0.01219	0.02032	0.00813	0.00406	0.00677
3	0.46652	0.09086	0.06820	0.01223	0.01751	0.01841	0.01101	0.08898	0.05394	0.03262	0.06491	0.01755	0.01473	0.00805	0.00571	0.00229	0.00660	0.00550	0.00519	0.00922
4	0.01666	0.01866	0.06692	0.02307	0.02584	0.02129	0.19434	0.02003	0.01369	0.02028	0.01259	0.03849	0.01154	0.01134	0.01904	0.00305	0.46303	0.00766	0.00356	0.00893
5	0.01696	0.01050	0.01218	0.01019	0.01397	0.00958	0.00797	0.02116	0.05104	0.10499	0.04742	0.05452	0.02004	0.00903	0.00676	0.00181	0.02795	0.00728	0.32413	0.24250
6	0.00936	0.00669	0.00891	0.01048	0.01103	0.00624	0.00705	0.01087	0.01509	0.02026	0.09401	0.67371	0.05191	0.02309	0.00962	0.00302	0.00433	0.02092	0.00715	0.00624
7	0.01790	0.02046	0.04476	0.03197	0.03964	0.01918	0.65857	0.02430	0.01790	0.02430	0.01535	0.02046	0.01151	0.00639	0.00895	0.00256	0.01279	0.00895	0.00384	0.01023
8	0.01084	0.00727	0.00833	0.00852	0.00857	0.00723	0.00486	0.01098	0.01140	0.01521	0.02582	0.12242	0.03000	0.65734	0.03551	0.00690	0.00704	0.01216	0.00486	0.00476
9	0.01312	0.00977	0.01371	0.01361	0.01515	0.01074	0.01037	0.01512	0.01358	0.01965	0.02221	0.03229	0.02073	0.05654	0.67919	0.01223	0.02053	0.00873	0.00480	0.00792
10	0.56059	0.01451	0.01248	0.01092	0.01535	0.01648	0.00888	0.09284	0.04792	0.03488	0.08259	0.01886	0.01639	0.00836	0.00562	0.00234	0.00583	0.00572	0.03066	0.00877
11	0.01780	0.02131	0.07730	0.03208	0.06765	0.01905	0.59850	0.02424	0.01778	0.02430	0.01521	0.02016	0.01143	0.00645	0.00880	0.00254	0.01254	0.00868	0.00380	0.01036
12	0.01664	0.01402	0.01622	0.01167	0.01836	0.01105	0.00937	0.06381	0.01712	0.02632	0.01381	0.01590	0.01135	0.00586	0.00575	0.00120	0.00581	0.00466	0.00471	0.72637
13	0.01573	0.01348	0.01573	0.01123	0.01798	0.01011	0.00899	0.01910	0.01573	0.02472	0.01348	0.01573	0.01123	0.00562	0.00562	0.00112	0.00562	0.00449	0.00449	0.77980
14	0.00989	0.00743	0.00925	0.01055	0.01153	0.00710	0.00723	0.01272	0.06172	0.02039	0.04545	0.59587	0.12814	0.02223	0.00945	0.00298	0.00444	0.01994	0.00709	0.00661
15	0.01558	0.06263	0.62610	0.02203	0.03283	0.01816	0.07110	0.02399	0.01612	0.02382	0.01362	0.01619	0.00974	0.00712	0.00724	0.00239	0.01121	0.00578	0.00325	0.01109
16	0.02833	0.03615	0.02149	0.01954	0.02345	0.70298	0.01466	0.03029	0.02149	0.01856	0.01172	0.01368	0.00977	0.00782	0.00684	0.00195	0.01368	0.00489	0.00391	0.00879
17	0.00918	0.00773	0.00798	0.00802	0.01051	0.00653	0.00608	0.01125	0.01752	0.02109	0.10726	0.07261	0.62690	0.01908	0.00902	0.00259	0.00395	0.03914	0.00711	0.00646
18	0.02850	0.02064	0.02230	0.01706	0.02315	0.02255	0.01408	0.61302	0.03437	0.07008	0.01845	0.01839	0.01305	0.00898	0.00751	0.00223	0.00817	0.00677	0.00753	0.04316
19	0.00924	0.00660	0.00880	0.01056	0.01100	0.00616	0.00704	0.01056	0.01452	0.01936	0.04181	0.72848	0.05017	0.02376	0.00968	0.00308	0.00440	0.02156	0.00704	0.00616
20	0.02485	0.01769	0.01881	0.01528	0.02034	0.04502	0.01232	0.32223	0.16681	0.13622	0.05928	0.02798	0.07753	0.01054	0.00778	0.00237	0.00715	0.00838	0.00773	0.01170
21	0.01540	0.03794	0.64922	0.02233	0.03330	0.01772	0.07163	0.02404	0.01614	0.02404	0.01373	0.01632	0.00974	0.00715	0.00733	0.00241	0.01132	0.00584	0.00325	0.01114
22	0.01103	0.00735	0.00827	0.00827	0.00827	0.00735	0.00460	0.01103	0.01103	0.01471	0.02390	0.04964	0.02758	0.73343	0.03861	0.00735	0.00735	0.01103	0.00460	0.00460
23	0.01521	0.03923	0.69413	0.02162	0.03283	0.01762	0.02802	0.02402	0.01601	0.02402	0.01361	0.01601	0.00961	0.00721	0.00721	0.00240	0.01121	0.00560	0.00320	0.01121
24	0.02046	0.01665	0.02062	0.01727	0.02215	0.01838	0.08762	0.05999	0.51524	0.09045	0.02853	0.02681	0.02104	0.00971	0.00785	0.00254	0.00692	0.00847	0.00741	0.01191
25	0.01091	0.00730	0.00831	0.00843	0.00846	0.00727	0.00477	0.01100	0.01127	0.01503	0.02514	0.09658	0.02914	0.68435	0.03661	0.00706	0.00715	0.01176	0.00477	0.00470
26	0.03403	0.01291	0.01760	0.01350	0.01936	0.01115	0.01115	0.03697	0.02171	0.69137	0.02992	0.02582	0.01878	0.00939	0.00763	0.00235	0.00645	0.00763	0.00939	0.01291
27	0.01067	0.00775	0.01004	0.00947	0.01129	0.00713	0.00710	0.01418	0.02131	0.03003	0.65823	0.05730	0.09570	0.01565	0.00895	0.00239	0.00359	0.01381	0.00830	0.00713
28	0.01711	0.30081	0.44917	0.01838	0.02783	0.02226	0.02239	0.02353	0.01579	0.02171	0.01246	0.01457	0.00966	0.00694	0.00633	0.00211	0.01005	0.00503	0.00322	0.01066
29	0.01432	0.01348	0.02275	0.71520	0.05224	0.01685	0.02107	0.01938	0.01517	0.01938	0.01348	0.02022	0.01011	0.00758	0.00758	0.00253	0.01011	0.00674	0.00337	0.00843
30	0.00944	0.00674	0.00901	0.01069	0.01124	0.00632	0.00729	0.01094	0.01491	0.01991	0.06409	0.67430	0.05060	0.02334	0.00969	0.00308	0.00450	0.05060	0.00708	0.00624
31	0.01852	0.01776	0.03033	0.08459	0.65006	0.01796	0.02315	0.02306	0.01715	0.02447	0.01422	0.01886	0.01191	0.00681	0.00751	0.00227	0.00907	0.00676	0.00373	0.01181
32	0.00924	0.00660	0.00880	0.01056	0.01100	0.00616	0.00704	0.01056	0.01452	0.01936	0.04181	0.72848	0.05017	0.02376	0.00968	0.00308	0.00440	0.02156	0.00704	0.00616
33	0.00924	0.00660	0.00880	0.01056	0.01100	0.00616	0.00704	0.01056	0.01452	0.01936	0.04181	0.72848	0.05017	0.02376	0.00968	0.00308	0.00440	0.02156	0.00704	0.00616
34	0.01877	0.01802	0.03079	0.04656	0.68612	0.01802	0.02328	0.02328	0.01727	0.02478	0.01427	0.01877	0.01201	0.00676	0.00751	0.00225	0.00901	0.00676	0.00375	0.01201
35	0.02014	0.01584	0.01701	0.01502	0.01944	0.01786	0.01176	0.06500	0.56133	0.08807	0.03227	0.02962	0.05129	0.01055	0.00776	0.00254	0.00605	0.00875	0.00783	0.01187
36	0.01048	0.00774	0.00979	0.00928	0.01118	0.00705	0.00696	0.01383	0.02088	0.02900	0.59590	0.05899	0.15867	0.01603	0.00895	0.00241	0.00362	0.01404	0.00816	0.00705
37	0.01541	0.06617	0.66891	0.02129	0.03231	0.01809	0.02744	0.02397	0.01599	0.02378	0.01349	0.01587	0.00961	0.00718	0.00712	0.00237	0.01109	0.00555	0.00320	0.01115
38	0.02802	0.03369	0.02147	0.01914	0.02331	0.59938	0.01452	0.10194	0.04861	0.02238	0.01321	0.01476	0.01065	0.00806	0.00696	0.00201	0.01278	0.00525	0.00447	0.00938
39	0.01036	0.00743	0.00960	0.01095	0.01171	0.00715	0.00746	0.04755	0.01572	0.02098	0.04046	0.68808	0.04805	0.02293	0.00956	0.00303	0.00463	0.02072	0.00707	0.00654
40	0.78701	0.01467	0.01115	0.00997	0.01467	0.01702	0.00821	0.02230	0.01291	0.03403	0.01056	0.01232	0.00821	0.00704	0.00469	0.00235	0.00587	0.00411	0.00469	0.00821
41	0.01074	0.00775	0.01014	0.00954	0.01133	0.00716	0.00716	0.01431	0.02147	0.03042	0.68211	0.05666	0.07157	0.01551	0.00895	0.00239	0.00358	0.01372	0.00835	0.00716
42	0.02691	0.02026	0.02211	0.05387	0.02459	0.02263	0.01448	0.55457	0.10904	0.04443	0.01944	0.01950	0.01395	0.00916	0.00760	0.00232	0.00817	0.00703	0.00738	0.01256
43	0.01216	0.00989	0.01415	0.01355	0.01450	0.01215	0.01067	0.01442	0.01225	0.01775	0.01960	0.03212	0.01930	0.11244	0.45393	0.00933	0.16700	0.04376	0.00412	0.00689
44	0.01051	0.00765	0.00990	0.00955	0.01125	0.00703	0.00708	0.01381	0.02064	0.02894	0.59488	0.11863	0.09883	0.01644	0.00901	0.00246	0.00367	0.01454	0.00817	0.00703
45	0.01877	0.01802	0.03079	0.04656	0.68612	0.01802	0.02328	0.02328	0.01727	0.02478	0.01427	0.01877	0.01201	0.00676	0.00751	0.00225	0.00901	0.00676	0.00375	0.01201
46	0.01457	0.01275	0.01612	0.05472	0.01938	0.03460	0.05156	0.02343	0.23616	0.02408	0.03214	0.28652	0.03244	0.01592	0.00962	0.00286	0.04285	0.07493	0.00657	0.00878
47	0.10938	0.01989	0.02078	0.01638	0.02207	0.02221	0.01343	0.51112	0.11610	0.04422	0.01903	0.01889	0.01373	0.00904	0.00729	0.00232	0.00777	0.00676	0.00729	0.01228
48	0.01696	0.28039	0.46829	0.01864	0.02822	0.02189	0.02283	0.02357	0.01581	0.02189	0.01255	0.01469	0.00965	0.00696	0.00640	0.00213	0.01014	0.00507	0.00322	0.01070
49	0.01765	0.18168	0.03659	0.02320	0.02960	0.02008	0.35909	0.02315	0.05014	0.02270	0.01663	0.06942	0.01441	0.00801	0.00824	0.00229	0.03212	0.00829	0.00417	0.07252
50	0.01084	0.00813	0.01219	0.01219	0.01354	0.00948	0.00948	0.01354	0.01219	0.01761	0.02032	0.02980	0.01896	0.05689	0.70337	0.01219	0.02032	0.00813	0.00406	0.00677
51	0.01952	0.01849	0.05854	0.02545	0.21680	0.04624	0.06056	0.13763	0.10544	0.04863	0.04662	0.02837	0.10699	0.00997	0.00851	0.00240	0.03482	0.00852	0.00568	0.01084
52	0.02055	0.01945	0.02778	0.03844	0.50193	0.09412	0.02059	0.04489	0.01813	0.05831	0.01495	0.01887	0.01231	0.00927	0.03459	0.00265	0.04098	0.00664	0.00418	0.01137
53	0.01877	0.01802	0.03079	0.04656	0.68612	0.01802	0.02328	0.02328	0.01727	0.02478	0.01427	0.01877	0.01201	0.00676	0.00751	0.00225	0.00901	0.00676	0.00375	0.01201
54	0.00939	0.00671	0.00898	0.01074	0.01124	0.00629	0.00731	0.01082	0.01467	0.01953	0.04172	0.69565	0.04983	0.02362	0.00972	0.00310	0.00453	0.05289	0.00704	0.00620
55	0.01691	0.16178	0.26570	0.06661	0.02689	0.01972	0.05280	0.02247	0.04031	0.04518	0.01427	0.01793	0.01145	0.01231	0.05918	0.03023	0.11667	0.00612	0.00373	0.00975
56	0.02668	0.01841	0.02082	0.01834	0.06788	0.12328	0.04693	0.13221	0.04403	0.27920	0.02328	0.02387	0.03537	0.03254	0.03976	0.00291	0.03914	0.00744	0.00679	0.01112
57	0.01521	0.03923	0.69413	0.02162	0.03283	0.01762	0.02802	0.02402	0.01601	0.02402	0.01361	0.01601	0.00961	0.00721	0.00721	0.00240	0.01121	0.00560	0.00320	0.01121
58	0.01286	0.00940	0.01090	0.01085	0.01255	0.00936	0.00779	0.11286	0.01777	0.02323	0.04045	0.30496	0.15406	0.17585	0.01561	0.00382	0.00574	0.05837	0.00659	0.00697
59	0.02121	0.01732	0.02561	0.12770	0.34974	0.01827	0.01908	0.17165	0.04606	0.07554	0.01775	0.04477	0.01419	0.00833	0.00763	0.00234	0.00856	0.00742	0.00524	0.01158
60	0.10148	0.02307	0.01922	0.01642	0.02085	0.25033	0.01293	0.15770	0.11241	0.11438	0.04719	0.02005	0.01596	0.00916	0.00801	0.00228	0.04545	0.00654	0.00612	0.01044
61	0.01058	0.00786	0.01080	0.01168	0.01267	0.00753	0.03037	0.04520	0.01575	0.02103	0.03963	0.66624	0.04685	0.02238	0.00955	0.00302	0.00490	0.02034	0.00696	0.00666

[dist]
# distance from previous block
# <min> <max>
0	1

[block]
# block no. 3 follows, 26 sequences, length 7
# corresponding to MSA columns:
# 101-107
name=unknown_D
#
# <colnr> <probs for GDERKNQSTAVLIFYWHMCP>
#	G	D	E	R	K	N	Q	S	T	A	V	L	I	F	Y	W	H	M	C	P
0	0.01074	0.00729	0.00854	0.00873	0.00898	0.00716	0.00521	0.01130	0.01259	0.01697	0.09313	0.14832	0.03529	0.55832	0.03143	0.00623	0.00655	0.01282	0.00533	0.00508
1	0.01723	0.01418	0.01632	0.01209	0.01835	0.01181	0.00965	0.11119	0.01853	0.02772	0.01589	0.05940	0.01384	0.00722	0.00615	0.00141	0.00594	0.00587	0.00510	0.62212
2	0.01360	0.08466	0.01805	0.01433	0.01563	0.01564	0.01159	0.01570	0.01278	0.01830	0.04540	0.06966	0.01981	0.07989	0.29135	0.00689	0.24669	0.00850	0.00414	0.00740
3	0.08838	0.01448	0.02323	0.51727	0.17300	0.01710	0.02028	0.02042	0.01537	0.02183	0.01336	0.01919	0.01030	0.00737	0.00730	0.00246	0.00949	0.00649	0.00357	0.00911
4	0.01903	0.01375	0.04806	0.01302	0.01745	0.01228	0.01068	0.09686	0.11646	0.15228	0.12163	0.14890	0.05311	0.01245	0.00789	0.00232	0.00586	0.01062	0.00724	0.13012
5	0.16933	0.13353	0.33818	0.01720	0.02540	0.02023	0.01928	0.11609	0.04632	0.02884	0.01397	0.01557	0.01041	0.00747	0.00645	0.00227	0.00907	0.00539	0.00433	0.01068
6	0.02177	0.01517	0.07974	0.01404	0.01896	0.01301	0.01215	0.03061	0.20776	0.25940	0.11697	0.07515	0.02879	0.01141	0.00794	0.00246	0.00625	0.03051	0.00777	0.04013

[dist]
# distance from previous block
# <min> <max>
0	13

[block]
# block no. 4 follows, 26 sequences, length 87
# corresponding to MSA columns:
# 121-207
name=unknown_E
#
# <colnr> <probs for GDERKNQSTAVLIFYWHMCP>
#	G	D	E	R	K	N	Q	S	T	A	V	L	I	F	Y	W	H	M	C	P
0	0.01561	0.07337	0.62624	0.02174	0.03252	0.01832	0.06123	0.02397	0.01609	0.02373	0.01355	0.01606	0.00972	0.00713	0.00718	0.00237	0.01114	0.00571	0.00324	0.01108
1	0.01321	0.01045	0.01424	0.01307	0.01517	0.01177	0.03109	0.03745	0.08014	0.02117	0.02303	0.03049	0.04629	0.08388	0.39249	0.00810	0.06552	0.00836	0.05647	0.03762
2	0.01547	0.07438	0.66122	0.02118	0.03216	0.01824	0.02727	0.02396	0.01598	0.02371	0.01346	0.01582	0.00961	0.00717	0.00709	0.00236	0.01105	0.00553	0.00320	0.01114
3	0.01877	0.01802	0.03079	0.04656	0.68612	0.01802	0.02328	0.02328	0.01727	0.02478	0.01427	0.01877	0.01201	0.00676	0.00751	0.00225	0.00901	0.00676	0.00375	0.01201
4	0.01450	0.01383	0.02386	0.68083	0.05161	0.01697	0.05313	0.01963	0.01530	0.01963	0.01358	0.02023	0.01018	0.00752	0.00765	0.00253	0.01025	0.00685	0.00339	0.00852
5	0.01450	0.01383	0.02385	0.68101	0.05161	0.01697	0.05296	0.01963	0.01530	0.01963	0.01357	0.02023	0.01018	0.00752	0.00765	0.00253	0.01025	0.00685	0.00339	0.00852
6	0.01877	0.01802	0.03079	0.04656	0.68612	0.01802	0.02328	0.02328	0.01727	0.02478	0.01427	0.01877	0.01201	0.00676	0.00751	0.00225	0.00901	0.00676	0.00375	0.01201
7	0.02004	0.70520	0.07046	0.01338	0.02009	0.02943	0.01368	0.02277	0.01544	0.01814	0.01069	0.01235	0.00973	0.00652	0.00498	0.00166	0.00826	0.00413	0.00324	0.00980
8	0.01659	0.01659	0.02323	0.01991	0.01991	0.02323	0.01659	0.01825	0.01162	0.01825	0.00996	0.01659	0.00996	0.01328	0.02489	0.00332	0.71955	0.00664	0.00332	0.00830
9	0.00896	0.00768	0.00768	0.00768	0.01025	0.00640	0.00576	0.01089	0.01729	0.02049	0.07684	0.07300	0.68304	0.01921	0.00896	0.00256	0.00384	0.01601	0.00704	0.00640
10	0.02883	0.02125	0.02276	0.01745	0.02352	0.02352	0.01442	0.66082	0.03566	0.04780	0.01821	0.01821	0.01290	0.00911	0.00759	0.00228	0.00835	0.00683	0.00759	0.01290
11	0.01659	0.01659	0.02323	0.01991	0.01991	0.02323	0.01659	0.01825	0.01162	0.01825	0.00996	0.01659	0.00996	0.01328	0.02489	0.00332	0.71955	0.00664	0.00332	0.00830
12	0.01103	0.00735	0.00827	0.00827	0.00827	0.00735	0.00460	0.01103	0.01103	0.01471	0.02390	0.04964	0.02758	0.73343	0.03861	0.00735	0.00735	0.01103	0.00460	0.00460
13	0.00896	0.00768	0.00768	0.00768	0.01025	0.00640	0.00576	0.01089	0.01729	0.02049	0.07684	0.07300	0.68304	0.01921	0.00896	0.00256	0.00384	0.01601	0.00704	0.00640
14	0.00924	0.00660	0.00880	0.01056	0.01100	0.00616	0.00704	0.01056	0.01452	0.01936	0.04181	0.72848	0.05017	0.02376	0.00968	0.00308	0.00440	0.02156	0.00704	0.00616
15	0.01432	0.01348	0.02275	0.71520	0.05224	0.01685	0.02107	0.01938	0.01517	0.01938	0.01348	0.02022	0.01011	0.00758	0.00758	0.00253	0.01011	0.00674	0.00337	0.00843
16	0.00924	0.00660	0.00880	0.01056	0.01100	0.00616	0.00704	0.01056	0.01452	0.01936	0.04181	0.72848	0.05017	0.02376	0.00968	0.00308	0.00440	0.02156	0.00704	0.00616
17	0.03403	0.01291	0.01760	0.01350	0.01936	0.01115	0.01115	0.03697	0.02171	0.69137	0.02992	0.02582	0.01878	0.00939	0.00763	0.00235	0.00645	0.00763	0.00939	0.01291
18	0.01084	0.00813	0.01219	0.01219	0.01354	0.00948	0.00948	0.01354	0.01219	0.01761	0.02032	0.02980	0.01896	0.05689	0.70337	0.01219	0.02032	0.00813	0.00406	0.00677
19	0.01475	0.00766	0.00772	0.00750	0.00945	0.00776	0.00568	0.04449	0.01673	0.02909	0.02447	0.02786	0.01917	0.00885	0.00540	0.00179	0.00374	0.00706	0.74352	0.00731
20	0.01790	0.02046	0.04476	0.03197	0.03964	0.01918	0.65857	0.02430	0.01790	0.02430	0.01535	0.02046	0.01151	0.00639	0.00895	0.00256	0.01279	0.00895	0.00384	0.01023
21	0.01887	0.01629	0.01715	0.01544	0.01972	0.01887	0.01201	0.04031	0.67241	0.03173	0.03087	0.02830	0.02315	0.01029	0.00772	0.00257	0.00600	0.00858	0.00772	0.01201
22	0.01521	0.03923	0.69413	0.02162	0.03283	0.01762	0.02802	0.02402	0.01601	0.02402	0.01361	0.01601	0.00961	0.00721	0.00721	0.00240	0.01121	0.00560	0.00320	0.01121
23	0.02049	0.64412	0.09476	0.01374	0.02061	0.02807	0.01418	0.02349	0.01576	0.04998	0.01172	0.01314	0.01015	0.00669	0.00520	0.00172	0.00830	0.00436	0.00353	0.01001
24	0.00924	0.00660	0.00880	0.01056	0.01100	0.00616	0.00704	0.01056	0.01452	0.01936	0.04181	0.72848	0.05017	0.02376	0.00968	0.00308	0.00440	0.02156	0.00704	0.00616
25	0.01432	0.01348	0.02275	0.71520	0.05224	0.01685	0.02107	0.01938	0.01517	0.01938	0.01348	0.02022	0.01011	0.00758	0.00758	0.00253	0.01011	0.00674	0.00337	0.00843
26	0.01432	0.01348	0.02275	0.71520	0.05224	0.01685	0.02107	0.01938	0.01517	0.01938	0.01348	0.02022	0.01011	0.00758	0.00758	0.00253	0.01011	0.00674	0.00337	0.00843
27	0.01318	0.00659	0.00988	0.00988	0.00988	0.00659	0.00659	0.00988	0.00988	0.01318	0.01318	0.02306	0.01318	0.02635	0.02964	0.77931	0.00659	0.00659	0.00329	0.00329
28	0.01103	0.00735	0.00827	0.00827	0.00827	0.00735	0.00460	0.01103	0.01103	0.01471	0.02390	0.04964	0.02758	0.73343	0.03861	0.00735	0.00735	0.01103	0.00460	0.00460
29	0.00896	0.00768	0.00768	0.00768	0.01025	0.00640	0.00576	0.01089	0.01729	0.02049	0.07684	0.07300	0.68304	0.01921	0.00896	0.00256	0.00384	0.01601	0.00704	0.00640
30	0.01790	0.02046	0.04476	0.03197	0.03964	0.01918	0.65857	0.02430	0.01790	0.02430	0.01535	0.02046	0.01151	0.00639	0.00895	0.00256	0.01279	0.00895	0.00384	0.01023
31	0.01790	0.02046	0.04476	0.03197	0.03964	0.01918	0.65857	0.02430	0.01790	0.02430	0.01535	0.02046	0.01151	0.00639	0.00895	0.00256	0.01279	0.00895	0.00384	0.01023
32	0.01521	0.03923	0.69413	0.02162	0.03283	0.01762	0.02802	0.02402	0.01601	0.02402	0.01361	0.01601	0.00961	0.00721	0.00721	0.00240	0.01121	0.00560	0.00320	0.01121
33	0.01109	0.00807	0.01064	0.01087	0.01270	0.00762	0.00873	0.01451	0.01981	0.02708	0.42173	0.06753	0.11005	0.01760	0.00946	0.00277	0.00473	0.22018	0.00779	0.00704
34	0.02028	0.73799	0.03975	0.01298	0.01947	0.03001	0.01298	0.02271	0.01541	0.01785	0.01055	0.01217	0.00973	0.00649	0.00487	0.00162	0.00811	0.00406	0.00324	0.00973
35	0.00924	0.00660	0.00880	0.01056	0.01100	0.00616	0.00704	0.01056	0.01452	0.01936	0.04181	0.72848	0.05017	0.02376	0.00968	0.00308	0.00440	0.02156	0.00704	0.00616
36	0.01096	0.00732	0.00829	0.00836	0.00838	0.00731	0.00469	0.01101	0.01116	0.01488	0.02458	0.07546	0.02844	0.70644	0.03751	0.00719	0.00724	0.01143	0.00469	0.00466
37	0.01456	0.01373	0.02318	0.67919	0.08638	0.01692	0.02118	0.01959	0.01528	0.01967	0.01352	0.02014	0.01021	0.00754	0.00758	0.00251	0.01005	0.00674	0.00339	0.00862
38	0.01200	0.00959	0.01343	0.01278	0.01356	0.01166	0.00973	0.01388	0.01181	0.01706	0.01913	0.03181	0.01920	0.20441	0.41855	0.00935	0.15292	0.00851	0.00404	0.00657
39	0.01432	0.01348	0.02275	0.71520	0.05224	0.01685	0.02107	0.01938	0.01517	0.01938	0.01348	0.02022	0.01011	0.00758	0.00758	0.00253	0.01011	0.00674	0.00337	0.00843
40	0.01103	0.00735	0.00827	0.00827	0.00827	0.00735	0.00460	0.01103	0.01103	0.01471	0.02390	0.04964	0.02758	0.73343	0.03861	0.00735	0.00735	0.01103	0.00460	0.00460
41	0.07345	0.05778	0.02200	0.02054	0.08373	0.43976	0.01465	0.07320	0.10063	0.02368	0.01462	0.01610	0.01173	0.00801	0.00685	0.00209	0.01123	0.00556	0.00463	0.00977
42	0.10199	0.35340	0.16278	0.01463	0.02105	0.02145	0.04663	0.02136	0.01576	0.02246	0.05389	0.05443	0.03639	0.00856	0.00614	0.00206	0.00797	0.00653	0.03317	0.00936
43	0.00936	0.00669	0.00894	0.01070	0.01119	0.00626	0.00725	0.01077	0.01464	0.01950	0.04174	0.70275	0.04991	0.02365	0.00971	0.00310	0.00450	0.04612	0.00704	0.00619
44	0.08049	0.09838	0.05574	0.01477	0.01846	0.04331	0.01256	0.10583	0.03795	0.02513	0.01941	0.16198	0.01929	0.01390	0.03881	0.00286	0.14672	0.00898	0.00507	0.09035
45	0.02274	0.01659	0.01855	0.01396	0.02007	0.01605	0.01137	0.30883	0.02510	0.07907	0.01730	0.01818	0.01292	0.00761	0.00662	0.00176	0.00679	0.00589	0.04773	0.34288
46	0.06014	0.04850	0.08344	0.06101	0.47979	0.01868	0.06409	0.04979	0.01760	0.02569	0.01408	0.01808	0.01147	0.00690	0.00733	0.00227	0.00924	0.00656	0.00389	0.01146
47	0.01728	0.01932	0.09226	0.02264	0.02807	0.04455	0.28417	0.09630	0.01824	0.02480	0.01807	0.07745	0.01579	0.01805	0.13866	0.00436	0.05708	0.00893	0.00449	0.00949
48	0.01803	0.01735	0.02957	0.04322	0.61467	0.01721	0.04359	0.02241	0.01729	0.02445	0.01888	0.02280	0.06112	0.00766	0.00766	0.00229	0.00876	0.00751	0.00400	0.01154
49	0.01712	0.01414	0.01584	0.09752	0.02126	0.05268	0.01182	0.07473	0.14414	0.02635	0.03398	0.38444	0.03559	0.01812	0.00966	0.00321	0.00715	0.01528	0.00734	0.00962
50	0.01602	0.12351	0.57842	0.02191	0.06638	0.01915	0.02593	0.02382	0.01601	0.02331	0.01327	0.01569	0.00975	0.00709	0.00694	0.00230	0.01071	0.00548	0.00324	0.01107
51	0.01096	0.00732	0.00829	0.00836	0.00838	0.00731	0.00469	0.01101	0.01117	0.01489	0.02460	0.07637	0.02847	0.70548	0.03747	0.00719	0.00724	0.01145	0.00469	0.00466
52	0.00924	0.00660	0.00880	0.01056	0.01100	0.00616	0.00704	0.01056	0.01452	0.01936	0.04181	0.72848	0.05017	0.02376	0.00968	0.00308	0.00440	0.02156	0.00704	0.00616
53	0.01672	0.01697	0.02625	0.06223	0.05204	0.02214	0.09845	0.01929	0.01285	0.01936	0.01102	0.01738	0.01025	0.01181	0.02116	0.00313	0.55991	0.00694	0.00341	0.00870
54	0.01587	0.01495	0.02477	0.29643	0.32566	0.01661	0.02017	0.02013	0.01584	0.02167	0.01754	0.04863	0.04010	0.01062	0.03675	0.00286	0.05006	0.00773	0.00385	0.00977
55	0.02833	0.03615	0.02149	0.01954	0.02345	0.70298	0.01466	0.03029	0.02149	0.01856	0.01172	0.01368	0.00977	0.00782	0.00684	0.00195	0.01368	0.00489	0.00391	0.00879
56	0.02838	0.03490	0.02160	0.01937	0.02346	0.64618	0.01464	0.08300	0.02268	0.02101	0.01227	0.01406	0.01003	0.00792	0.00690	0.00198	0.01323	0.00505	0.00422	0.00914
57	0.00924	0.00660	0.00880	0.01056	0.01100	0.00616	0.00704	0.01056	0.01452	0.01936	0.04181	0.72848	0.05017	0.02376	0.00968	0.00308	0.00440	0.02156	0.00704	0.00616
58	0.01775	0.01979	0.06283	0.08446	0.23297	0.01877	0.37283	0.02339	0.01719	0.02383	0.01461	0.01961	0.01143	0.00690	0.00900	0.00249	0.03992	0.00792	0.00373	0.01059
59	0.01084	0.00813	0.01219	0.01219	0.01354	0.00948	0.00948	0.01354	0.01219	0.01761	0.02032	0.02980	0.01896	0.05689	0.70337	0.01219	0.02032	0.00813	0.00406	0.00677
60	0.02009	0.44418	0.13542	0.01607	0.02210	0.11657	0.01598	0.02334	0.01582	0.01894	0.01110	0.01353	0.00975	0.00766	0.00809	0.00201	0.10165	0.00474	0.00334	0.00965
61	0.02086	0.01586	0.01879	0.04660	0.08681	0.01759	0.01336	0.03729	0.48710	0.12578	0.02839	0.02667	0.02089	0.00970	0.00768	0.00251	0.00653	0.00818	0.00739	0.01199
62	0.00981	0.00800	0.00874	0.00885	0.01111	0.00713	0.00661	0.01284	0.04826	0.02228	0.15013	0.14899	0.47246	0.01891	0.00904	0.00263	0.00408	0.03612	0.00725	0.00676
63	0.06292	0.02143	0.05535	0.01714	0.02326	0.02254	0.01461	0.54828	0.08565	0.04465	0.01866	0.01865	0.01335	0.00901	0.00744	0.00231	0.00818	0.00678	0.00724	0.01252
64	0.05120	0.11305	0.01736	0.01171	0.01602	0.01272	0.00965	0.04560	0.01990	0.26641	0.19416	0.07910	0.08402	0.01199	0.00763	0.00228	0.00564	0.00994	0.00753	0.03409
65	0.01721	0.13970	0.45992	0.02248	0.10430	0.01887	0.02377	0.02407	0.01641	0.05652	0.01504	0.01886	0.01165	0.00767	0.00703	0.00231	0.01009	0.02936	0.00372	0.01101
66	0.01588	0.11320	0.59356	0.02118	0.03172	0.01902	0.05601	0.02389	0.01604	0.02337	0.01336	0.01581	0.00971	0.00709	0.00704	0.00233	0.01095	0.00560	0.00324	0.01101
67	0.01863	0.01787	0.03052	0.06867	0.66515	0.01798	0.02321	0.02315	0.01720	0.02460	0.01424	0.01882	0.01195	0.00679	0.00751	0.00226	0.00905	0.00676	0.00374	0.01190
68	0.01741	0.10413	0.10859	0.11998	0.29418	0.01834	0.04431	0.04513	0.04195	0.02387	0.01752	0.04787	0.01554	0.00884	0.00755	0.00239	0.00900	0.05864	0.00424	0.01053
69	0.02346	0.09223	0.06853	0.05968	0.08994	0.17886	0.04029	0.09444	0.06894	0.12919	0.04480	0.02186	0.03725	0.00870	0.00728	0.00221	0.00931	0.00691	0.00554	0.01057
70	0.00924	0.00660	0.00880	0.01056	0.01100	0.00616	0.00704	0.01056	0.01452	0.01936	0.04181	0.72848	0.05017	0.02376	0.00968	0.00308	0.00440	0.02156	0.00704	0.00616
71	0.06285	0.01546	0.02365	0.16449	0.21806	0.01634	0.06450	0.11009	0.01939	0.07388	0.02022	0.06321	0.01782	0.01004	0.00797	0.00254	0.00857	0.08546	0.00523	0.01022
72	0.04901	0.30446	0.24044	0.04101	0.02455	0.04873	0.01757	0.08488	0.01821	0.02449	0.06823	0.01803	0.01510	0.00783	0.00638	0.00207	0.00894	0.00575	0.00417	0.01015
73	0.01822	0.02088	0.10946	0.04121	0.50108	0.01817	0.13181	0.02354	0.01723	0.02461	0.01438	0.01874	0.01165	0.00675	0.00772	0.00232	0.00991	0.00700	0.00371	0.01162
74	0.00924	0.00660	0.00880	0.01056	0.01100	0.00616	0.00704	0.01056	0.01452	0.01936	0.04181	0.72848	0.05017	0.02376	0.00968	0.00308	0.00440	0.02156	0.00704	0.00616
75	0.01132	0.00834	0.00945	0.00911	0.01157	0.00748	0.00684	0.01469	0.05143	0.05985	0.23659	0.11107	0.39950	0.01754	0.00888	0.00254	0.00406	0.01495	0.00756	0.00723
76	0.02401	0.08042	0.02193	0.01797	0.02156	0.40617	0.01412	0.06730	0.07588	0.02165	0.01699	0.02028	0.03921	0.00967	0.00955	0.00227	0.11028	0.02700	0.00456	0.00917
77	0.02883	0.02125	0.02276	0.01745	0.02352	0.02352	0.01442	0.66082	0.03566	0.04780	0.01821	0.01821	0.01290	0.00911	0.00759	0.00228	0.00835	0.00683	0.00759	0.01290
78	0.02782	0.02161	0.02214	0.01737	0.02314	0.06184	0.01419	0.56345	0.09784	0.04454	0.01909	0.01895	0.01374	0.00915	0.00756	0.00229	0.00842	0.00689	0.00739	0.01258
79	0.01306	0.00926	0.01275	0.01216	0.01367	0.01051	0.00925	0.05118	0.01369	0.04617	0.02081	0.03195	0.01977	0.16933	0.49236	0.01003	0.04397	0.00848	0.00455	0.00705
80	0.38825	0.01471	0.01416	0.01194	0.01677	0.04885	0.00968	0.02818	0.05255	0.26143	0.06811	0.02122	0.01746	0.00870	0.00630	0.00234	0.00630	0.00632	0.00672	0.01000
81	0.04304	0.00882	0.01047	0.00981	0.01199	0.00837	0.00727	0.04692	0.01945	0.06270	0.35613	0.11734	0.16455	0.08565	0.01159	0.00296	0.00455	0.01355	0.00751	0.00732
82	0.02883	0.02125	0.02276	0.01745	0.02352	0.02352	0.01442	0.66082	0.03566	0.04780	0.01821	0.01821	0.01290	0.00911	0.00759	0.00228	0.00835	0.00683	0.00759	0.01290
83	0.74374	0.01504	0.01181	0.01040	0.01517	0.01739	0.00857	0.05874	0.01421	0.03482	0.01100	0.01266	0.00848	0.00716	0.00486	0.00234	0.00601	0.00426	0.00486	0.00848
84	0.01565	0.00981	0.01138	0.01018	0.01329	0.00924	0.00789	0.04549	0.07787	0.13505	0.22878	0.05082	0.26199	0.01451	0.00827	0.00240	0.00454	0.01223	0.07212	0.00849
85	0.01974	0.01687	0.02005	0.02114	0.14191	0.01881	0.01417	0.11202	0.44814	0.03237	0.05269	0.02647	0.02182	0.00971	0.00771	0.00247	0.00674	0.00824	0.00700	0.01192
86	0.01030	0.00758	0.00965	0.00946	0.01115	0.00692	0.00697	0.01335	0.01996	0.02761	0.51580	0.15599	0.14275	0.01715	0.00905	0.00251	0.00373	0.01513	0.00800	0.00692

[dist]
# distance from previous block
# <min> <max>
0	1

[block]
# block no. 5 follows, 26 sequences, length 17
# corresponding to MSA columns:
# 209-225
name=unknown_F
#
# <colnr> <probs for GDERKNQSTAVLIFYWHMCP>
#	G	D	E	R	K	N	Q	S	T	A	V	L	I	F	Y	W	H	M	C	P
0	0.01692	0.12835	0.47626	0.02192	0.07170	0.01936	0.05652	0.05613	0.01711	0.02460	0.01391	0.01639	0.01034	0.00719	0.00696	0.00227	0.01036	0.00575	0.02700	0.01097
1	0.01678	0.01804	0.03618	0.02690	0.03266	0.01808	0.46311	0.02307	0.05820	0.02333	0.01762	0.05987	0.01480	0.01240	0.06704	0.00345	0.08529	0.00931	0.00422	0.00964
2	0.01952	0.63310	0.13798	0.01428	0.02147	0.02815	0.01524	0.02291	0.01550	0.01877	0.01101	0.01274	0.00972	0.00660	0.00522	0.00174	0.00858	0.00429	0.00324	0.00996
3	0.01079	0.00739	0.00820	0.00820	0.00851	0.00724	0.00473	0.01101	0.01177	0.01539	0.03015	0.05239	0.10491	0.64916	0.03511	0.00679	0.00694	0.01162	0.00488	0.00481
4	0.01084	0.00813	0.01219	0.01219	0.01354	0.00948	0.00948	0.01354	0.01219	0.01761	0.02032	0.02980	0.01896	0.05689	0.70337	0.01219	0.02032	0.00813	0.00406	0.00677
5	0.01853	0.01777	0.03035	0.08319	0.65139	0.01796	0.02316	0.02306	0.01716	0.02448	0.01422	0.01885	0.01191	0.00680	0.00751	0.00227	0.00907	0.00676	0.00373	0.01182
6	0.01074	0.00775	0.01014	0.00954	0.01133	0.00716	0.00716	0.01431	0.02147	0.03042	0.68211	0.05666	0.07157	0.01551	0.00895	0.00239	0.00358	0.01372	0.00835	0.00716
7	0.01530	0.01348	0.01786	0.22501	0.02838	0.01216	0.01266	0.01918	0.01556	0.02310	0.01348	0.01709	0.01089	0.00621	0.00621	0.00155	0.00698	0.00518	0.00415	0.54555
8	0.01246	0.00921	0.01054	0.00917	0.01122	0.00819	0.00593	0.01348	0.01246	0.01775	0.02074	0.03934	0.02261	0.51241	0.02859	0.00546	0.00683	0.00905	0.00456	0.24001
9	0.01817	0.01972	0.04051	0.03640	0.23596	0.01883	0.46564	0.02399	0.01771	0.02444	0.01502	0.01995	0.01166	0.00650	0.00851	0.00246	0.01164	0.00829	0.00381	0.01077
10	0.01747	0.51612	0.03019	0.01155	0.01607	0.02313	0.01043	0.01916	0.01408	0.01689	0.01460	0.02355	0.01515	0.22724	0.01511	0.00336	0.00788	0.00617	0.00366	0.00817
11	0.02805	0.01308	0.01917	0.22659	0.02935	0.01288	0.01416	0.03163	0.01972	0.48730	0.02493	0.02412	0.01614	0.00884	0.00761	0.00240	0.00756	0.00736	0.00756	0.01155
12	0.00978	0.00683	0.00864	0.00987	0.01017	0.00652	0.00630	0.01070	0.01346	0.01795	0.03637	0.52233	0.04331	0.23927	0.01847	0.00438	0.00530	0.01836	0.00630	0.00569
13	0.01747	0.51612	0.03019	0.01155	0.01607	0.02313	0.01043	0.01916	0.01408	0.01689	0.01460	0.02355	0.01515	0.22724	0.01511	0.00336	0.00788	0.00617	0.00366	0.00817
14	0.01121	0.00869	0.01090	0.01077	0.01312	0.00736	0.00763	0.01315	0.01489	0.02099	0.03320	0.51203	0.03834	0.01825	0.00845	0.00249	0.00477	0.01638	0.00627	0.24110
15	0.01623	0.01185	0.01397	0.01194	0.01503	0.01213	0.00936	0.21064	0.02578	0.03570	0.48050	0.04498	0.05375	0.01356	0.00853	0.00235	0.00503	0.01163	0.00812	0.00890
16	0.01326	0.01186	0.01954	0.50171	0.04049	0.01461	0.01755	0.01761	0.01426	0.01884	0.01556	0.02313	0.01280	0.02256	0.21888	0.00546	0.01321	0.00716	0.00358	0.00792

[dist]
# distance from previous block
# <min> <max>
0	14

[block]
# block no. 6 follows, 26 sequences, length 21
# corresponding to MSA columns:
# 240-260
name=unknown_G
#
# <colnr> <probs for GDERKNQSTAVLIFYWHMCP>
#	G	D	E	R	K	N	Q	S	T	A	V	L	I	F	Y	W	H	M	C	P
0	0.04790	0.01450	0.01611	0.01371	0.01856	0.01475	0.01091	0.05648	0.31579	0.06825	0.02555	0.04890	0.02095	0.01000	0.00727	0.00221	0.00605	0.06062	0.00667	0.23483
1	0.02006	0.01331	0.02125	0.51096	0.04267	0.01519	0.01818	0.02450	0.01707	0.21497	0.01827	0.02185	0.01263	0.00811	0.00760	0.00248	0.00905	0.00700	0.00512	0.00973
2	0.01600	0.01470	0.02439	0.03608	0.48961	0.01457	0.01855	0.01958	0.01647	0.02320	0.02228	0.22534	0.02312	0.01171	0.00814	0.00249	0.00767	0.01107	0.00471	0.01031
3	0.01030	0.00742	0.00975	0.00984	0.01124	0.00687	0.00712	0.01322	0.01945	0.02720	0.49574	0.25220	0.06534	0.01791	0.00916	0.00259	0.00382	0.01600	0.00797	0.00687
4	0.01041	0.00753	0.01044	0.01095	0.01178	0.00810	0.00782	0.01219	0.01264	0.01755	0.02727	0.23702	0.02972	0.17875	0.37225	0.00860	0.01316	0.01260	0.00503	0.00617
5	0.00933	0.00667	0.00888	0.01050	0.01102	0.00622	0.00705	0.01078	0.01493	0.02001	0.07904	0.68941	0.05141	0.02328	0.00964	0.00304	0.00435	0.02111	0.00712	0.00622
6	0.02208	0.01640	0.04686	0.07855	0.31047	0.01529	0.09116	0.02630	0.01827	0.21800	0.02066	0.06712	0.01620	0.00866	0.00785	0.00239	0.00854	0.00819	0.00557	0.01142
7	0.12902	0.06257	0.12072	0.01608	0.02267	0.03890	0.03345	0.21326	0.02326	0.23793	0.01940	0.01902	0.01328	0.00836	0.00702	0.00229	0.00813	0.00637	0.00663	0.01164
8	0.56315	0.01635	0.02093	0.01638	0.02194	0.01765	0.19751	0.02288	0.01436	0.03120	0.01195	0.01469	0.00917	0.00685	0.00593	0.00241	0.00788	0.00552	0.00444	0.00880
9	0.01198	0.00971	0.01154	0.01124	0.01266	0.05349	0.00832	0.01444	0.01530	0.02091	0.21298	0.03988	0.03512	0.15471	0.34492	0.00786	0.01285	0.01003	0.00539	0.00665
10	0.02205	0.01169	0.01710	0.21668	0.02678	0.01174	0.01297	0.02578	0.01974	0.31871	0.19986	0.03245	0.03040	0.01050	0.00797	0.00241	0.00675	0.00900	0.00736	0.01006
11	0.01153	0.00762	0.01123	0.01123	0.01209	0.00848	0.00828	0.01229	0.01143	0.01610	0.01850	0.02931	0.01792	0.09814	0.45801	0.23512	0.01536	0.00789	0.00388	0.00560
12	0.00980	0.00760	0.00818	0.00810	0.00981	0.00678	0.00561	0.01138	0.01602	0.02011	0.14095	0.06405	0.41192	0.22661	0.01759	0.00393	0.00483	0.01426	0.00650	0.00598
13	0.01636	0.01551	0.02418	0.01727	0.02428	0.01275	0.19806	0.02061	0.01636	0.02459	0.01402	0.01711	0.01131	0.00584	0.00659	0.00154	0.00770	0.00579	0.00430	0.55580
14	0.01740	0.01695	0.02391	0.01998	0.02210	0.02150	0.08813	0.02536	0.20467	0.02286	0.01666	0.02044	0.01397	0.01163	0.01808	0.00302	0.43163	0.00746	0.00466	0.00960
15	0.02180	0.02108	0.03375	0.02515	0.03138	0.06469	0.34854	0.22805	0.02343	0.03103	0.01656	0.02133	0.01287	0.00828	0.00941	0.00251	0.05456	0.02969	0.00512	0.01076
16	0.01850	0.34365	0.21019	0.02504	0.21704	0.02324	0.01996	0.02322	0.01611	0.02150	0.01244	0.01511	0.01036	0.00676	0.00625	0.00201	0.00919	0.00525	0.00338	0.01079
17	0.00904	0.00769	0.00778	0.00776	0.01029	0.00643	0.00582	0.01102	0.01746	0.02089	0.10100	0.07235	0.65863	0.01906	0.00896	0.00255	0.00383	0.01592	0.00710	0.00643
18	0.01064	0.00775	0.01000	0.00944	0.01127	0.00711	0.00708	0.01412	0.02124	0.02986	0.64805	0.05758	0.10598	0.01572	0.00895	0.00240	0.00359	0.01385	0.00828	0.00711
19	0.24417	0.01584	0.01575	0.01381	0.01844	0.01800	0.01097	0.06973	0.39476	0.08385	0.02418	0.02289	0.01789	0.00921	0.00682	0.00247	0.00613	0.00710	0.00696	0.01102
20	0.01093	0.00937	0.01003	0.00872	0.01250	0.00748	0.00670	0.01328	0.01683	0.02172	0.05840	0.05633	0.48750	0.01525	0.00799	0.00214	0.00436	0.01266	0.00630	0.23151

[dist]
# distance from previous block
# <min> <max>
0	9

[block]
# block no. 7 follows, 26 sequences, length 241
# corresponding to MSA columns:
# 270-510
name=unknown_H
#
# <colnr> <probs for GDERKNQSTAVLIFYWHMCP>
#	G	D	E	R	K	N	Q	S	T	A	V	L	I	F	Y	W	H	M	C	P
0	0.01199	0.00804	0.01047	0.00970	0.01175	0.00735	0.00733	0.01547	0.02132	0.06755	0.62202	0.05553	0.09189	0.01530	0.00887	0.00239	0.00375	0.01346	0.00836	0.00745
1	0.00973	0.00739	0.01084	0.01178	0.01263	0.00690	0.04402	0.01134	0.01471	0.01964	0.04030	0.68829	0.04797	0.02278	0.00964	0.00305	0.00488	0.02085	0.00686	0.00639
2	0.02754	0.03486	0.02157	0.05903	0.02508	0.66403	0.01502	0.02967	0.02114	0.01861	0.01182	0.01405	0.00979	0.00780	0.00688	0.00199	0.01348	0.00499	0.00388	0.00877
3	0.02020	0.69703	0.03846	0.01312	0.01948	0.02938	0.01292	0.02371	0.05270	0.01863	0.01170	0.01308	0.01050	0.00671	0.00503	0.00168	0.00799	0.00431	0.00350	0.00986
4	0.01101	0.00741	0.00853	0.00850	0.00865	0.00742	0.00493	0.01131	0.01167	0.01571	0.06112	0.04927	0.02974	0.66654	0.06261	0.00726	0.00764	0.01107	0.00479	0.00483
5	0.01432	0.01348	0.02275	0.71520	0.05224	0.01685	0.02107	0.01938	0.01517	0.01938	0.01348	0.02022	0.01011	0.00758	0.00758	0.00253	0.01011	0.00674	0.00337	0.00843
6	0.01866	0.01760	0.05558	0.01579	0.02047	0.01880	0.01292	0.03938	0.63515	0.03129	0.02989	0.02760	0.02239	0.01012	0.00769	0.00256	0.00630	0.00841	0.00746	0.01196
7	0.01456	0.01379	0.02332	0.64522	0.04974	0.01657	0.04839	0.01958	0.01532	0.01990	0.01356	0.01998	0.01024	0.00742	0.00753	0.00245	0.00997	0.00671	0.00345	0.05229
8	0.05339	0.00706	0.00893	0.01053	0.01121	0.00678	0.00711	0.01123	0.01443	0.02020	0.04003	0.68783	0.04779	0.02281	0.00940	0.00304	0.00448	0.02057	0.00691	0.00628
9	0.02913	0.02077	0.02247	0.01723	0.02329	0.02282	0.01423	0.62541	0.03487	0.08433	0.01888	0.01864	0.01323	0.00912	0.00759	0.00228	0.00824	0.00687	0.00769	0.01290
10	0.06238	0.01783	0.02967	0.04448	0.64800	0.01796	0.02242	0.02322	0.01702	0.02531	0.01406	0.01841	0.01180	0.00677	0.00735	0.00226	0.00883	0.00661	0.00381	0.01180
11	0.03317	0.01310	0.01758	0.01361	0.01938	0.01159	0.01120	0.03715	0.05864	0.65393	0.02998	0.02596	0.01902	0.00944	0.00763	0.00236	0.00643	0.00768	0.00929	0.01286
12	0.00941	0.00672	0.00900	0.01075	0.01127	0.00631	0.00734	0.01085	0.01469	0.01955	0.04171	0.69199	0.04980	0.02360	0.00973	0.00310	0.00455	0.05639	0.00704	0.00621
13	0.03262	0.01255	0.01710	0.01333	0.01889	0.01087	0.01092	0.03547	0.02130	0.65323	0.03060	0.06570	0.02056	0.01020	0.00774	0.00239	0.00634	0.00842	0.00925	0.01253
14	0.00941	0.00672	0.00898	0.01065	0.01119	0.00629	0.00724	0.01089	0.01489	0.01989	0.06534	0.67981	0.05071	0.02335	0.00968	0.00307	0.00447	0.04409	0.00709	0.00623
15	0.01944	0.01616	0.01717	0.01536	0.01971	0.01857	0.01197	0.04018	0.64760	0.05688	0.03084	0.02820	0.02299	0.01026	0.00771	0.00256	0.00602	0.00854	0.00778	0.01204
16	0.03403	0.01291	0.01760	0.01350	0.01936	0.01115	0.01115	0.03697	0.02171	0.69137	0.02992	0.02582	0.01878	0.00939	0.00763	0.00235	0.00645	0.00763	0.00939	0.01291
17	0.01432	0.01348	0.02275	0.71520	0.05224	0.01685	0.02107	0.01938	0.01517	0.01938	0.01348	0.02022	0.01011	0.00758	0.00758	0.00253	0.01011	0.00674	0.00337	0.00843
18	0.02798	0.02061	0.02216	0.01715	0.02298	0.02277	0.01410	0.63263	0.03475	0.04657	0.01923	0.04900	0.01451	0.00974	0.00768	0.00231	0.00818	0.00747	0.00756	0.01261
19	0.00924	0.00660	0.00880	0.01056	0.01100	0.00616	0.00704	0.01056	0.01452	0.01936	0.04181	0.72848	0.05017	0.02376	0.00968	0.00308	0.00440	0.02156	0.00704	0.00616
20	0.01573	0.01348	0.01573	0.01123	0.01798	0.01011	0.00899	0.01910	0.01573	0.02472	0.01348	0.01573	0.01123	0.00562	0.00562	0.00112	0.00562	0.00449	0.00449	0.77980
21	0.02937	0.01245	0.01643	0.01298	0.01814	0.01116	0.01058	0.05393	0.04618	0.53545	0.11564	0.03137	0.04985	0.01056	0.00785	0.00237	0.00603	0.00873	0.00905	0.01189
22	0.01066	0.00770	0.01008	0.00959	0.01132	0.00711	0.00715	0.01414	0.02114	0.02989	0.65180	0.08847	0.07056	0.01590	0.00898	0.00242	0.00362	0.01409	0.00829	0.00711
23	0.01728	0.01862	0.03449	0.02622	0.03023	0.02111	0.35232	0.02141	0.01490	0.02141	0.01277	0.01862	0.01077	0.00968	0.01656	0.00292	0.34994	0.00785	0.00359	0.00931
24	0.02883	0.02125	0.02276	0.01745	0.02352	0.02352	0.01442	0.66082	0.03566	0.04780	0.01821	0.01821	0.01290	0.00911	0.00759	0.00228	0.00835	0.00683	0.00759	0.01290
