[name]
unknown

[dist]
# distance from previous block
# <min> <max>
0	0

[block]
# block no. 0 follows, 25 sequences, length 52
# corresponding to MSA columns:
# 0-51
name=unknown_A
#
# <colnr> <probs for GDERKNQSTAVLIFYWHMCP>
#	G	D	E	R	K	N	Q	S	T	A	V	L	I	F	Y	W	H	M	C	P
0	0.01249	0.00892	0.01249	0.01428	0.01606	0.00892	0.01249	0.01606	0.01785	0.02320	0.04105	0.08746	0.04462	0.02142	0.01071	0.00357	0.00714	0.62695	0.00714	0.00714
1	0.01608	0.01378	0.01608	0.01148	0.01837	0.01034	0.00919	0.01952	0.01608	0.02527	0.01378	0.01608	0.01148	0.00574	0.00574	0.00115	0.00574	0.00459	0.00459	0.77491
2	0.78228	0.01499	0.01140	0.01020	0.01499	0.01739	0.00840	0.02279	0.01320	0.03479	0.01080	0.01260	0.00840	0.00720	0.00480	0.00240	0.00600	0.00420	0.00480	0.00840
3	0.01195	0.00854	0.01187	0.01366	0.01521	0.00846	0.01155	0.01513	0.01731	0.02260	0.04135	0.20060	0.04581	0.02193	0.01056	0.00349	0.00667	0.51917	0.00715	0.00699
4	0.01082	0.00786	0.01018	0.00972	0.01152	0.00723	0.00724	0.01428	0.02140	0.03007	0.61656	0.09116	0.09997	0.01644	0.00918	0.00248	0.00371	0.01452	0.00841	0.00723
5	0.01776	0.00943	0.01254	0.01091	0.01392	0.00848	0.00848	0.02123	0.02202	0.21719	0.49150	0.04894	0.05779	0.01407	0.00876	0.00243	0.00450	0.01225	0.00884	0.00899
6	0.01134	0.00747	0.00842	0.00850	0.00859	0.00746	0.00483	0.01155	0.01163	0.01583	0.02520	0.07654	0.02875	0.66820	0.03680	0.00709	0.00723	0.01153	0.03816	0.00487
7	0.74529	0.01607	0.01192	0.01068	0.01544	0.05073	0.00872	0.02319	0.01363	0.03401	0.01085	0.01266	0.00848	0.00724	0.00491	0.00238	0.00639	0.00424	0.00476	0.00843
8	0.01464	0.01378	0.02326	0.70887	0.05340	0.01723	0.02153	0.01981	0.01550	0.01981	0.01378	0.02067	0.01034	0.00775	0.00775	0.00258	0.01034	0.00689	0.00345	0.00861
9	0.01464	0.01378	0.02326	0.70887	0.05340	0.01723	0.02153	0.01981	0.01550	0.01981	0.01378	0.02067	0.01034	0.00775	0.00775	0.00258	0.01034	0.00689	0.00345	0.00861
10	0.01347	0.00673	0.01010	0.01010	0.01010	0.00673	0.00673	0.01010	0.01010	0.01347	0.01347	0.02357	0.01347	0.02694	0.03030	0.77441	0.00673	0.00673	0.00337	0.00337
11	0.62296	0.01472	0.01296	0.07250	0.01861	0.01700	0.00980	0.05313	0.01516	0.03390	0.05797	0.01678	0.01334	0.00796	0.00551	0.00241	0.00634	0.00526	0.00509	0.00858
12	0.00916	0.00785	0.00785	0.00785	0.01047	0.00655	0.00589	0.01113	0.01767	0.02095	0.07855	0.07462	0.67599	0.01964	0.00916	0.00262	0.00393	0.01636	0.00720	0.00655
13	0.03479	0.01320	0.01799	0.01380	0.01979	0.01140	0.01140	0.03779	0.02219	0.68451	0.03059	0.02639	0.01919	0.00960	0.00780	0.00240	0.00660	0.00780	0.00960	0.01320
14	0.02947	0.02172	0.02327	0.01784	0.02404	0.02404	0.01474	0.65329	0.03646	0.04887	0.01862	0.01862	0.01319	0.00931	0.00776	0.00233	0.00853	0.00698	0.00776	0.01319
15	0.02073	0.73217	0.04063	0.01327	0.01990	0.03068	0.01327	0.02322	0.01575	0.01824	0.01078	0.01244	0.00995	0.00663	0.00498	0.00166	0.00829	0.00415	0.00332	0.00995
16	0.02073	0.73217	0.04063	0.01327	0.01990	0.03068	0.01327	0.02322	0.01575	0.01824	0.01078	0.01244	0.00995	0.00663	0.00498	0.00166	0.00829	0.00415	0.00332	0.00995
17	0.00974	0.00687	0.00891	0.01042	0.01079	0.00650	0.00679	0.01087	0.01426	0.01902	0.03975	0.61304	0.04752	0.13883	0.01471	0.00386	0.00499	0.02029	0.00679	0.00604
18	0.01097	0.00793	0.01036	0.00975	0.01158	0.00732	0.00732	0.01463	0.02195	0.03109	0.67505	0.05792	0.07316	0.01585	0.00914	0.00244	0.00366	0.01402	0.00854	0.00732
19	0.01107	0.00743	0.00852	0.00872	0.00877	0.00738	0.00498	0.01122	0.01168	0.01557	0.02648	0.12604	0.03078	0.64868	0.03615	0.00703	0.00718	0.01248	0.00498	0.00488
20	0.01670	0.01415	0.01641	0.01178	0.01864	0.01097	0.00944	0.04884	0.01702	0.02636	0.01400	0.01620	0.01156	0.00591	0.00584	0.00120	0.00587	0.00470	0.00474	0.73967
21	0.74753	0.01491	0.01170	0.01036	0.01522	0.01712	0.00854	0.02349	0.01361	0.06499	0.01172	0.01324	0.00890	0.00731	0.00494	0.00240	0.00603	0.00437	0.00502	0.00862
22	0.02910	0.01544	0.01844	0.01457	0.01998	0.01537	0.01187	0.24464	0.05089	0.35273	0.02947	0.06063	0.05341	0.01076	0.00788	0.00241	0.00690	0.00869	0.03457	0.01227
23	0.01114	0.00754	0.00842	0.00842	0.00859	0.00745	0.00477	0.01127	0.01169	0.01541	0.02791	0.05228	0.06987	0.68197	0.03751	0.00720	0.00729	0.01160	0.00486	0.00482
24	0.01555	0.04011	0.68733	0.02210	0.03356	0.01801	0.02865	0.02455	0.01637	0.02455	0.01391	0.01637	0.00982	0.00737	0.00737	0.00246	0.01146	0.00573	0.00327	0.01146
25	0.00954	0.00699	0.00900	0.01056	0.01136	0.00645	0.00726	0.01107	0.01536	0.02010	0.04747	0.60721	0.13489	0.02354	0.00983	0.00310	0.00454	0.04817	0.00720	0.00637
26	0.01105	0.00746	0.00864	0.00880	0.00896	0.00737	0.00514	0.01144	0.01236	0.01659	0.06830	0.12516	0.03362	0.60429	0.03426	0.00671	0.00694	0.01264	0.00522	0.00504
27	0.00948	0.00752	0.00845	0.00893	0.01074	0.00657	0.00637	0.01135	0.01699	0.02132	0.12005	0.26693	0.41157	0.04479	0.01041	0.00293	0.00420	0.01768	0.00724	0.00648
28	0.01464	0.01378	0.02326	0.70887	0.05340	0.01723	0.02153	0.01981	0.01550	0.01981	0.01378	0.02067	0.01034	0.00775	0.00775	0.00258	0.01034	0.00689	0.00345	0.00861
29	0.01379	0.00849	0.01093	0.01019	0.01252	0.00765	0.00768	0.01688	0.02062	0.11684	0.44025	0.13397	0.13728	0.01646	0.00905	0.00254	0.00419	0.01441	0.00836	0.00790
30	0.00968	0.00720	0.00903	0.01001	0.01116	0.00654	0.00696	0.01160	0.01678	0.02220	0.17175	0.46436	0.18090	0.02173	0.00960	0.00291	0.00422	0.01936	0.00746	0.00654
31	0.01347	0.00673	0.01010	0.01010	0.01010	0.00673	0.00673	0.01010	0.01010	0.01347	0.01347	0.02357	0.01347	0.02694	0.03030	0.77441	0.00673	0.00673	0.00337	0.00337
32	0.01347	0.00673	0.01010	0.01010	0.01010	0.00673	0.00673	0.01010	0.01010	0.01347	0.01347	0.02357	0.01347	0.02694	0.03030	0.77441	0.00673	0.00673	0.00337	0.00337
33	0.00962	0.00819	0.00833	0.00834	0.01093	0.00709	0.00623	0.01242	0.04575	0.02139	0.07483	0.10274	0.61853	0.01946	0.00914	0.00264	0.00405	0.01630	0.00723	0.00678
34	0.65415	0.01460	0.01206	0.01062	0.01526	0.01659	0.00869	0.05062	0.01532	0.05792	0.07075	0.01737	0.01473	0.00814	0.00542	0.00240	0.00592	0.00532	0.00543	0.00868
35	0.02046	0.01570	0.01695	0.01495	0.01942	0.01750	0.01171	0.06034	0.51642	0.10297	0.03505	0.03224	0.07928	0.01116	0.00799	0.00259	0.00608	0.00925	0.00801	0.01191
36	0.01153	0.00770	0.01015	0.01119	0.01245	0.00720	0.00821	0.01362	0.01662	0.05648	0.11367	0.43503	0.09026	0.04507	0.01078	0.00322	0.00505	0.12750	0.00738	0.00689
37	0.01412	0.00956	0.01118	0.01032	0.01320	0.00896	0.00789	0.01924	0.09969	0.10498	0.27484	0.08223	0.28161	0.01616	0.00886	0.00255	0.00445	0.01380	0.00804	0.00831
38	0.00972	0.00695	0.00929	0.01097	0.01157	0.00652	0.00754	0.01132	0.01539	0.02056	0.07352	0.64913	0.05192	0.02369	0.00991	0.00314	0.00463	0.06057	0.00726	0.00640
39	0.01108	0.00798	0.01095	0.01102	0.01189	0.00881	0.00788	0.01284	0.01214	0.01705	0.02287	0.06395	0.02364	0.28727	0.44420	0.01040	0.01558	0.00986	0.00446	0.00613
40	0.02072	0.01536	0.01684	0.01464	0.01891	0.01692	0.01143	0.10826	0.41008	0.10446	0.08169	0.03265	0.05191	0.04871	0.00967	0.00281	0.00626	0.00929	0.00792	0.01147
41	0.01544	0.01484	0.01532	0.01453	0.01653	0.12739	0.01122	0.02001	0.08795	0.02067	0.05169	0.08378	0.04589	0.03364	0.32169	0.00709	0.09005	0.00927	0.00501	0.00799
42	0.01678	0.01672	0.02371	0.07334	0.02290	0.02325	0.01732	0.01875	0.01215	0.01875	0.01046	0.01725	0.01019	0.01312	0.02408	0.00333	0.65922	0.00679	0.00340	0.00849
43	0.01896	0.01837	0.03190	0.07303	0.62079	0.01844	0.05665	0.02369	0.01760	0.02509	0.01461	0.01934	0.01218	0.00692	0.00776	0.00233	0.00946	0.00703	0.00383	0.01204
44	0.73328	0.06114	0.01328	0.01039	0.01531	0.01825	0.00871	0.02282	0.01336	0.03372	0.01080	0.01259	0.00850	0.00716	0.00481	0.00235	0.00615	0.00420	0.00470	0.00850
45	0.01884	0.04084	0.02582	0.17773	0.13331	0.08766	0.04282	0.05307	0.03780	0.02216	0.01321	0.01834	0.01118	0.00988	0.01418	0.00274	0.27014	0.00674	0.00391	0.00964
46	0.01118	0.00748	0.00849	0.00858	0.00860	0.00745	0.00483	0.01125	0.01146	0.01528	0.02539	0.08602	0.02940	0.69058	0.03791	0.00729	0.00736	0.01184	0.00483	0.00478
47	0.04890	0.65706	0.08462	0.01377	0.02067	0.02930	0.01416	0.02329	0.01570	0.01930	0.01100	0.01272	0.00988	0.00671	0.00514	0.00174	0.00843	0.00426	0.00337	0.01000
48	0.01445	0.00723	0.00723	0.00723	0.00903	0.00723	0.00542	0.01807	0.01626	0.02891	0.02529	0.02891	0.01987	0.00903	0.00542	0.00181	0.00361	0.00723	0.77055	0.00723
49	0.05847	0.05070	0.02393	0.05349	0.08495	0.28532	0.04088	0.07934	0.02003	0.07811	0.01423	0.01686	0.01132	0.00876	0.00990	0.00233	0.11758	0.00602	0.00467	0.03310
50	0.74505	0.01533	0.01198	0.01057	0.01544	0.01772	0.00871	0.05397	0.01435	0.03548	0.01118	0.01289	0.00863	0.00730	0.00494	0.00240	0.00612	0.00434	0.00494	0.00863
51	0.47314	0.01507	0.01650	0.23307	0.05308	0.01771	0.01346	0.05285	0.01524	0.03038	0.01227	0.01570	0.00939	0.00747	0.00599	0.00245	0.00762	0.00529	0.00448	0.00885

[dist]
# distance from previous block
# <min> <max>
0	1

[block]
# block no. 1 follows, 25 sequences, length 111
# corresponding to MSA columns:
# 53-163
name=unknown_B
#
# <colnr> <probs for GDERKNQSTAVLIFYWHMCP>
#	G	D	E	R	K	N	Q	S	T	A	V	L	I	F	Y	W	H	M	C	P
0	0.01144	0.00852	0.01090	0.01047	0.01237	0.00832	0.00784	0.01617	0.06951	0.02886	0.50086	0.10906	0.08095	0.01981	0.06682	0.00336	0.00536	0.01388	0.00797	0.00755
1	0.00945	0.00675	0.00900	0.01080	0.01125	0.00630	0.00720	0.01080	0.01484	0.01979	0.04274	0.72245	0.05128	0.02429	0.00990	0.00315	0.00450	0.02204	0.00720	0.00630
2	0.01735	0.01772	0.02476	0.04753	0.02275	0.04636	0.04843	0.01943	0.01268	0.01902	0.01065	0.01720	0.01026	0.01281	0.02332	0.00328	0.62756	0.00684	0.00344	0.00860
3	0.06974	0.01921	0.01999	0.01619	0.02149	0.04384	0.01312	0.38796	0.15390	0.07236	0.02362	0.02340	0.04294	0.01223	0.04172	0.00290	0.00843	0.00759	0.00737	0.01200
4	0.01108	0.00831	0.01246	0.01246	0.01385	0.00969	0.00969	0.01385	0.01246	0.01800	0.02077	0.03046	0.01938	0.05815	0.69678	0.01246	0.02077	0.00831	0.00415	0.00692
5	0.00957	0.00688	0.00898	0.01052	0.01111	0.00640	0.00704	0.01098	0.01510	0.02009	0.06869	0.63848	0.07913	0.05365	0.01109	0.00328	0.00457	0.02101	0.00714	0.00628
6	0.01048	0.00785	0.00972	0.00937	0.01131	0.00709	0.00698	0.01364	0.02061	0.02820	0.50670	0.09462	0.21060	0.01714	0.00919	0.00252	0.00376	0.01496	0.00816	0.00709
7	0.39963	0.01149	0.01088	0.00998	0.01330	0.01239	0.00786	0.01874	0.01754	0.03295	0.34033	0.03508	0.04053	0.01149	0.00695	0.00242	0.00484	0.00907	0.00665	0.00786
8	0.00945	0.00675	0.00900	0.01080	0.01125	0.00630	0.00720	0.01080	0.01484	0.01979	0.04274	0.72245	0.05128	0.02429	0.00990	0.00315	0.00450	0.02204	0.00720	0.00630
9	0.00945	0.00675	0.00900	0.01080	0.01125	0.00630	0.00720	0.01080	0.01484	0.01979	0.04274	0.72245	0.05128	0.02429	0.00990	0.00315	0.00450	0.02204	0.00720	0.00630
10	0.01178	0.00811	0.01037	0.00970	0.01166	0.00742	0.00723	0.01510	0.02109	0.05510	0.57035	0.05765	0.11659	0.05111	0.01059	0.00270	0.00399	0.01383	0.00828	0.00736
11	0.01013	0.00738	0.00955	0.01009	0.01135	0.00679	0.00716	0.01260	0.01835	0.02512	0.33889	0.36592	0.10781	0.02003	0.00949	0.00278	0.00407	0.01790	0.00782	0.00679
12	0.00945	0.00675	0.00900	0.01080	0.01125	0.00630	0.00720	0.01080	0.01484	0.01979	0.04274	0.72245	0.05128	0.02429	0.00990	0.00315	0.00450	0.02204	0.00720	0.00630
13	0.27239	0.01356	0.01562	0.01267	0.01808	0.01319	0.01049	0.03193	0.01911	0.44456	0.02478	0.02498	0.01699	0.00941	0.00698	0.00246	0.00643	0.03705	0.00794	0.01137
14	0.01403	0.00815	0.01063	0.01066	0.01223	0.00752	0.00750	0.01597	0.01710	0.12528	0.18546	0.35580	0.04783	0.12811	0.01394	0.00354	0.00509	0.01630	0.00750	0.00736
15	0.00916	0.00785	0.00785	0.00785	0.01047	0.00655	0.00589	0.01113	0.01767	0.02095	0.07855	0.07462	0.67599	0.01964	0.00916	0.00262	0.00393	0.01636	0.00720	0.00655
16	0.00923	0.00786	0.00795	0.00793	0.01052	0.00658	0.00595	0.01126	0.01784	0.02134	0.10157	0.07397	0.65273	0.01949	0.00916	0.00261	0.00392	0.01627	0.00725	0.00658
17	0.00969	0.00688	0.00903	0.01053	0.01103	0.00646	0.00699	0.01106	0.01495	0.02004	0.07791	0.62599	0.05057	0.08435	0.01240	0.00348	0.00471	0.02065	0.00706	0.00622
18	0.02614	0.01972	0.02102	0.01679	0.02232	0.02201	0.01365	0.46636	0.19542	0.04370	0.02224	0.02174	0.01618	0.00960	0.00768	0.00238	0.00768	0.00745	0.04525	0.01266
19	0.00945	0.00675	0.00900	0.01080	0.01125	0.00630	0.00720	0.01080	0.01484	0.01979	0.04274	0.72245	0.05128	0.02429	0.00990	0.00315	0.00450	0.02204	0.00720	0.00630
20	0.01539	0.00788	0.00839	0.00806	0.01006	0.00782	0.00606	0.03674	0.01666	0.05394	0.02675	0.03013	0.04869	0.01099	0.00777	0.06455	0.00415	0.00761	0.62105	0.00730
21	0.03479	0.01320	0.01799	0.01380	0.01979	0.01140	0.01140	0.03779	0.02219	0.68451	0.03059	0.02639	0.01919	0.00960	0.00780	0.00240	0.00660	0.00780	0.00960	0.01320
22	0.00968	0.00804	0.00849	0.00852	0.01094	0.00699	0.00633	0.01238	0.03757	0.02225	0.13576	0.12094	0.54648	0.01933	0.00918	0.00264	0.00401	0.01633	0.00736	0.00678
23	0.01097	0.00793	0.01036	0.00975	0.01158	0.00732	0.00732	0.01463	0.02195	0.03109	0.67505	0.05792	0.07316	0.01585	0.00914	0.00244	0.00366	0.01402	0.00854	0.00732
24	0.01109	0.00823	0.01209	0.01209	0.01335	0.00949	0.00923	0.01361	0.01235	0.01773	0.02110	0.03232	0.02019	0.11948	0.63655	0.01201	0.01955	0.00858	0.00420	0.00672
25	0.01252	0.00832	0.01057	0.00978	0.01204	0.00751	0.00741	0.01588	0.02133	0.07943	0.53690	0.05800	0.15897	0.01594	0.00904	0.00246	0.00392	0.01390	0.00842	0.00765
26	0.02947	0.02172	0.02327	0.01784	0.02404	0.02404	0.01474	0.65329	0.03646	0.04887	0.01862	0.01862	0.01319	0.00931	0.00776	0.00233	0.00853	0.00698	0.00776	0.01319
27	0.03309	0.01287	0.01757	0.01383	0.01951	0.01121	0.01148	0.03613	0.02186	0.63406	0.03139	0.03105	0.02113	0.01050	0.00802	0.00249	0.00664	0.05504	0.00941	0.01273
28	0.01830	0.02092	0.04575	0.03268	0.04052	0.01961	0.65098	0.02484	0.01830	0.02484	0.01569	0.02092	0.01176	0.00654	0.00915	0.00261	0.01307	0.00915	0.00392	0.01046
29	0.78228	0.01499	0.01140	0.01020	0.01499	0.01739	0.00840	0.02279	0.01320	0.03479	0.01080	0.01260	0.00840	0.00720	0.00480	0.00240	0.00600	0.00420	0.00480	0.00840
30	0.01929	0.01666	0.01753	0.01578	0.02016	0.01929	0.01227	0.04120	0.66513	0.03243	0.03156	0.02893	0.02367	0.01052	0.00789	0.00263	0.00614	0.00877	0.00789	0.01227
31	0.00916	0.00785	0.00785	0.00785	0.01047	0.00655	0.00589	0.01113	0.01767	0.02095	0.07855	0.07462	0.67599	0.01964	0.00916	0.00262	0.00393	0.01636	0.00720	0.00655
32	0.01660	0.01363	0.01550	0.01502	0.01840	0.01522	0.01216	0.03143	0.41506	0.02918	0.06007	0.05040	0.03289	0.01451	0.00892	0.00295	0.00639	0.22374	0.00765	0.01030
33	0.02896	0.03695	0.02197	0.01998	0.02397	0.69638	0.01498	0.03096	0.02197	0.01898	0.01199	0.01398	0.00999	0.00799	0.00699	0.00200	0.01398	0.00499	0.00400	0.00899
34	0.01889	0.01488	0.01837	0.01341	0.02013	0.01237	0.04169	0.07739	0.03979	0.07784	0.01617	0.01775	0.01264	0.00654	0.00631	0.00147	0.00643	0.00541	0.00533	0.58719
35	0.70127	0.01487	0.01265	0.08393	0.01905	0.01738	0.00978	0.02248	0.01344	0.03321	0.01111	0.01345	0.00860	0.00726	0.00511	0.00242	0.00646	0.00448	0.00466	0.00842
36	0.01862	0.01426	0.01775	0.03995	0.02080	0.01156	0.02934	0.04792	0.01761	0.09576	0.01582	0.01760	0.01233	0.00640	0.00622	0.00143	0.00635	0.00526	0.00519	0.60981
37	0.01464	0.01378	0.02326	0.70887	0.05340	0.01723	0.02153	0.01981	0.01550	0.01981	0.01378	0.02067	0.01034	0.00775	0.00775	0.00258	0.01034	0.00689	0.00345	0.00861
38	0.01464	0.01378	0.02326	0.70887	0.05340	0.01723	0.02153	0.01981	0.01550	0.01981	0.01378	0.02067	0.01034	0.00775	0.00775	0.00258	0.01034	0.00689	0.00345	0.00861
39	0.02930	0.02040	0.02216	0.01706	0.02306	0.02228	0.01407	0.57508	0.03442	0.10158	0.01990	0.01970	0.01397	0.00932	0.00766	0.00231	0.00817	0.00706	0.03956	0.01294
40	0.01135	0.00843	0.01092	0.01189	0.01384	0.00801	0.00990	0.01447	0.01836	0.02380	0.15114	0.10144	0.20149	0.02020	0.01006	0.00315	0.00572	0.36148	0.00738	0.00700
41	0.01635	0.01403	0.01620	0.01185	0.01853	0.01111	0.00945	0.02139	0.07196	0.02588	0.01531	0.01718	0.01253	0.00615	0.00593	0.00128	0.00578	0.00495	0.00488	0.70924
42	0.02806	0.01197	0.01604	0.01305	0.01785	0.01069	0.01056	0.03190	0.04832	0.49041	0.14245	0.06836	0.03109	0.01183	0.00823	0.00249	0.00599	0.02998	0.00914	0.01161
43	0.00945	0.00675	0.00900	0.01080	0.01125	0.00630	0.00720	0.01080	0.01484	0.01979	0.04274	0.72245	0.05128	0.02429	0.00990	0.00315	0.00450	0.02204	0.00720	0.00630
44	0.01079	0.00778	0.01020	0.00988	0.01154	0.00719	0.00730	0.01417	0.02109	0.02972	0.59832	0.13856	0.07050	0.01688	0.00924	0.00252	0.00376	0.01500	0.00837	0.00719
45	0.01149	0.00818	0.01183	0.01183	0.01326	0.00939	0.00917	0.01436	0.01292	0.01932	0.02132	0.03027	0.01944	0.05219	0.61289	0.01117	0.01869	0.00818	0.09715	0.00696
46	0.00990	0.00706	0.00930	0.01044	0.01120	0.00660	0.00711	0.01173	0.01637	0.02226	0.19241	0.53312	0.05542	0.05488	0.01109	0.00318	0.00444	0.01963	0.00740	0.00647
47	0.01464	0.01378	0.02326	0.70887	0.05340	0.01723	0.02153	0.01981	0.01550	0.01981	0.01378	0.02067	0.01034	0.00775	0.00775	0.00258	0.01034	0.00689	0.00345	0.00861
48	0.07823	0.01330	0.01761	0.01359	0.01951	0.01174	0.01122	0.03692	0.02167	0.64675	0.02944	0.02559	0.01857	0.00946	0.00762	0.00240	0.00656	0.00759	0.00932	0.01292
49	0.01042	0.00757	0.00976	0.01075	0.01177	0.00722	0.00758	0.01306	0.03826	0.02269	0.18113	0.45042	0.07205	0.06251	0.01142	0.00324	0.00471	0.06137	0.00737	0.00669
50	0.00945	0.00675	0.00900	0.01080	0.01125	0.00630	0.00720	0.01080	0.01484	0.01979	0.04274	0.72245	0.05128	0.02429	0.00990	0.00315	0.00450	0.02204	0.00720	0.00630
51	0.01135	0.00818	0.01183	0.01183	0.01317	0.00938	0.00908	0.01402	0.01268	0.01866	0.02133	0.03152	0.01993	0.09331	0.60583	0.01136	0.01869	0.00840	0.06266	0.00682
52	0.01170	0.00798	0.00931	0.00930	0.01125	0.00709	0.00665	0.01359	0.01715	0.07196	0.14240	0.20998	0.31971	0.11068	0.01313	0.00333	0.00468	0.01600	0.00724	0.00687
53	0.01608	0.01378	0.01608	0.01148	0.01837	0.01034	0.00919	0.01952	0.01608	0.02527	0.01378	0.01608	0.01148	0.00574	0.00574	0.00115	0.00574	0.00459	0.00459	0.77491
54	0.01555	0.04011	0.68733	0.02210	0.03356	0.01801	0.02865	0.02455	0.01637	0.02455	0.01391	0.01637	0.00982	0.00737	0.00737	0.00246	0.01146	0.00573	0.00327	0.01146
55	0.01000	0.00698	0.00883	0.01009	0.01041	0.00666	0.00645	0.01094	0.01377	0.01836	0.03723	0.52027	0.04433	0.23595	0.01880	0.00446	0.00541	0.01880	0.00645	0.00582
56	0.01279	0.00867	0.01097	0.01031	0.01258	0.00808	0.00787	0.01695	0.05003	0.07433	0.48457	0.08128	0.13414	0.01614	0.00909	0.00254	0.00418	0.03934	0.00832	0.00781
57	0.01347	0.00673	0.01010	0.01010	0.01010	0.00673	0.00673	0.01010	0.01010	0.01347	0.01347	0.02357	0.01347	0.02694	0.03030	0.77441	0.00673	0.00673	0.00337	0.00337
58	0.03479	0.01320	0.01799	0.01380	0.01979	0.01140	0.01140	0.03779	0.02219	0.68451	0.03059	0.02639	0.01919	0.00960	0.00780	0.00240	0.00660	0.00780	0.00960	0.01320
59	0.01467	0.00783	0.00789	0.00768	0.00971	0.00783	0.00581	0.04211	0.01714	0.02913	0.02872	0.03167	0.06499	0.00978	0.00577	0.00188	0.00382	0.00785	0.68832	0.00741
60	0.00960	0.00685	0.00917	0.01097	0.01148	0.00643	0.00746	0.01105	0.01499	0.01996	0.04265	0.69126	0.05096	0.02415	0.00994	0.00317	0.00463	0.05175	0.00719	0.00634
61	0.78228	0.01499	0.01140	0.01020	0.01499	0.01739	0.00840	0.02279	0.01320	0.03479	0.01080	0.01260	0.00840	0.00720	0.00480	0.00240	0.00600	0.00420	0.00480	0.00840
62	0.03479	0.01320	0.01799	0.01380	0.01979	0.01140	0.01140	0.03779	0.02219	0.68451	0.03059	0.02639	0.01919	0.00960	0.00780	0.00240	0.00660	0.00780	0.00960	0.01320
63	0.01051	0.00785	0.00967	0.00932	0.01121	0.00711	0.00690	0.01357	0.02034	0.02780	0.49243	0.08716	0.20909	0.04045	0.01018	0.00267	0.00388	0.01478	0.00805	0.00701
64	0.01347	0.00673	0.01010	0.01010	0.01010	0.00673	0.00673	0.01010	0.01010	0.01347	0.01347	0.02357	0.01347	0.02694	0.03030	0.77441	0.00673	0.00673	0.00337	0.00337
65	0.01097	0.00793	0.01036	0.00975	0.01158	0.00732	0.00732	0.01463	0.02195	0.03109	0.67505	0.05792	0.07316	0.01585	0.00914	0.00244	0.00366	0.01402	0.00854	0.00732
66	0.02945	0.02242	0.02321	0.01794	0.02404	0.05521	0.01475	0.62444	0.03578	0.04748	0.01831	0.01840	0.01304	0.00925	0.00772	0.00231	0.00878	0.00689	0.00758	0.01299
67	0.05073	0.60682	0.06523	0.01409	0.02069	0.06806	0.01389	0.04839	0.01685	0.02039	0.01129	0.01294	0.01001	0.00687	0.00530	0.00177	0.00868	0.00438	0.00359	0.01003
68	0.02157	0.48829	0.08450	0.01512	0.02146	0.10669	0.01457	0.08284	0.01829	0.02167	0.01248	0.01455	0.01080	0.01010	0.04586	0.00245	0.00995	0.00488	0.00386	0.01008
69	0.14365	0.02070	0.02147	0.01668	0.02267	0.02304	0.01378	0.55766	0.03293	0.04673	0.01743	0.01770	0.01246	0.00899	0.00731	0.00234	0.00815	0.00656	0.00731	0.01246
70	0.15345	0.01556	0.02252	0.24275	0.18922	0.01735	0.04581	0.05415	0.07686	0.02664	0.01762	0.07309	0.01502	0.00899	0.00745	0.00252	0.00849	0.00785	0.00471	0.00993
71	0.78228	0.01499	0.01140	0.01020	0.01499	0.01739	0.00840	0.02279	0.01320	0.03479	0.01080	0.01260	0.00840	0.00720	0.00480	0.00240	0.00600	0.00420	0.00480	0.00840
72	0.01445	0.00723	0.00723	0.00723	0.00903	0.00723	0.00542	0.01807	0.01626	0.02891	0.02529	0.02891	0.01987	0.00903	0.00542	0.00181	0.00361	0.00723	0.77055	0.00723
73	0.01958	0.36279	0.22351	0.05022	0.04992	0.05005	0.07193	0.02446	0.01669	0.04666	0.01317	0.01548	0.01052	0.00706	0.00642	0.00207	0.00988	0.00541	0.00365	0.01053
74	0.01611	0.01444	0.04642	0.06520	0.02127	0.01095	0.01094	0.01978	0.01617	0.04716	0.01644	0.06748	0.01444	0.00743	0.00634	0.00150	0.00629	0.00618	0.00481	0.60064
75	0.03306	0.01455	0.05102	0.01411	0.02042	0.01168	0.01216	0.03637	0.02165	0.62451	0.02907	0.02547	0.01841	0.00933	0.00769	0.00235	0.00680	0.00756	0.00908	0.04472
76	0.04533	0.02369	0.24302	0.01716	0.02383	0.01751	0.01725	0.03274	0.34386	0.05998	0.07391	0.02620	0.02202	0.00970	0.00769	0.00254	0.00776	0.00793	0.00635	0.01152
77	0.01089	0.00792	0.01025	0.00967	0.01153	0.00728	0.00725	0.01448	0.02176	0.03064	0.64835	0.05867	0.10015	0.01602	0.00915	0.00245	0.00367	0.01413	0.00848	0.00728
78	0.65645	0.01449	0.01257	0.06368	0.01797	0.01666	0.00948	0.02280	0.01369	0.06470	0.01210	0.01433	0.00928	0.00814	0.00618	0.03309	0.00639	0.00468	0.00487	0.00845
79	0.06386	0.01291	0.01640	0.01328	0.01830	0.01198	0.01071	0.07384	0.04913	0.46327	0.05872	0.10009	0.04895	0.01166	0.00798	0.00249	0.00624	0.00967	0.00880	0.01173
80	0.01097	0.00793	0.01036	0.00975	0.01158	0.00732	0.00732	0.01463	0.02195	0.03109	0.67505	0.05792	0.07316	0.01585	0.00914	0.00244	0.00366	0.01402	0.00854	0.00732
81	0.01013	0.00849	0.00889	0.00876	0.01135	0.00758	0.00657	0.01376	0.06739	0.02279	0.13302	0.09406	0.54246	0.01874	0.00909	0.00262	0.00409	0.01577	0.00739	0.00705
82	0.22435	0.01656	0.01779	0.01428	0.01985	0.01756	0.01171	0.21561	0.09702	0.25563	0.02206	0.02083	0.01515	0.00900	0.00702	0.00240	0.00696	0.00674	0.00762	0.01185
83	0.03330	0.01353	0.01795	0.01399	0.01983	0.01215	0.01148	0.03811	0.08396	0.62186	0.03068	0.02663	0.01962	0.00969	0.00781	0.00242	0.00655	0.00789	0.00943	0.01311
84	0.01097	0.00793	0.01036	0.00975	0.01158	0.00732	0.00732	0.01463	0.02195	0.03109	0.67505	0.05792	0.07316	0.01585	0.00914	0.00244	0.00366	0.01402	0.00854	0.00732
85	0.01162	0.00816	0.01001	0.00940	0.01166	0.00729	0.00710	0.01475	0.02071	0.06022	0.46936	0.06124	0.24640	0.01665	0.00908	0.00249	0.00388	0.01440	0.00820	0.00738
86	0.03097	0.01439	0.01819	0.01431	0.01991	0.01369	0.01169	0.11701	0.09609	0.49064	0.06659	0.02749	0.02205	0.01003	0.00788	0.00242	0.00663	0.00816	0.00910	0.01275
87	0.02947	0.02172	0.02327	0.01784	0.02404	0.02404	0.01474	0.65329	0.03646	0.04887	0.01862	0.01862	0.01319	0.00931	0.00776	0.00233	0.00853	0.00698	0.00776	0.01319
88	0.01347	0.00673	0.01010	0.01010	0.01010	0.00673	0.00673	0.01010	0.01010	0.01347	0.01347	0.02357	0.01347	0.02694	0.03030	0.77441	0.00673	0.00673	0.00337	0.00337
89	0.00956	0.00787	0.00841	0.00828	0.01072	0.00672	0.00621	0.01190	0.01862	0.02319	0.21061	0.07092	0.54253	0.01880	0.00916	0.00258	0.00387	0.01585	0.00750	0.00672
90	0.00922	0.00764	0.00807	0.00842	0.01062	0.00650	0.00614	0.01106	0.01713	0.02072	0.07168	0.19888	0.55617	0.02053	0.00930	0.00272	0.00404	0.01745	0.00720	0.00650
91	0.00954	0.00684	0.00891	0.01052	0.01105	0.00638	0.00699	0.01084	0.01477	0.01957	0.04333	0.65338	0.07890	0.06495	0.01158	0.00338	0.00465	0.02115	0.00705	0.00622
92	0.01009	0.00716	0.00902	0.01012	0.01073	0.00678	0.00673	0.01138	0.01471	0.01955	0.08069	0.45307	0.08308	0.19545	0.01707	0.00416	0.00525	0.04227	0.00667	0.00602
93	0.01674	0.01126	0.01254	0.01107	0.01300	0.01167	0.00762	0.16951	0.01834	0.05681	0.02603	0.06564	0.04988	0.46499	0.02796	0.00566	0.00748	0.01062	0.00587	0.00732
94	0.01776	0.01492	0.01640	0.01544	0.01924	0.01696	0.01232	0.03555	0.51965	0.03036	0.03369	0.04208	0.02838	0.01297	0.00852	0.00284	0.00636	0.14771	0.00772	0.01112
95	0.29586	0.01266	0.01352	0.01145	0.01587	0.01285	0.00918	0.02650	0.04728	0.25802	0.13319	0.02992	0.05429	0.03752	0.00822	0.00262	0.00579	0.00811	0.00733	0.00983
96	0.01022	0.00753	0.00957	0.00983	0.01132	0.00687	0.00708	0.01289	0.01902	0.02598	0.38477	0.27868	0.14926	0.01915	0.00939	0.00270	0.00397	0.01698	0.00791	0.00687
97	0.72525	0.01486	0.01190	0.01047	0.01536	0.01694	0.00863	0.02394	0.01388	0.08436	0.01231	0.01365	0.00922	0.00738	0.00503	0.00240	0.00604	0.00447	0.00516	0.00876
98	0.01091	0.00787	0.01030	0.00980	0.01157	0.00727	0.00731	0.01446	0.02163	0.03059	0.64674	0.08767	0.07218	0.01623	0.00918	0.00247	0.00370	0.01438	0.00848	0.00727
99	0.01009	0.00734	0.00951	0.01014	0.01134	0.00676	0.00716	0.01249	0.01814	0.02481	0.32136	0.38707	0.10440	0.02028	0.00952	0.00280	0.00409	0.01814	0.00778	0.00676
100	0.01070	0.00763	0.00892	0.00889	0.00987	0.00721	0.00581	0.01214	0.01556	0.02081	0.21437	0.10794	0.15010	0.35974	0.02380	0.00497	0.00562	0.01370	0.00636	0.00585
101	0.01097	0.00793	0.01036	0.00975	0.01158	0.00732	0.00732	0.01463	0.02195	0.03109	0.67505	0.05792	0.07316	0.01585	0.00914	0.00244	0.00366	0.01402	0.00854	0.00732
102	0.01114	0.00746	0.00850	0.00864	0.00867	0.00742	0.00489	0.01124	0.01155	0.01540	0.02583	0.10199	0.02995	0.67385	0.03721	0.00718	0.00729	0.01210	0.00489	0.00482
103	0.02032	0.70140	0.03943	0.01323	0.01964	0.02979	0.01311	0.02282	0.01561	0.01823	0.01120	0.01320	0.01035	0.00882	0.03439	0.00212	0.00882	0.00432	0.00335	0.00982
104	0.01608	0.01378	0.01608	0.01148	0.01837	0.01034	0.00919	0.01952	0.01608	0.02527	0.01378	0.01608	0.01148	0.00574	0.00574	0.00115	0.00574	0.00459	0.00459	0.77491
105	0.00992	0.00712	0.00951	0.01125	0.01198	0.00672	0.00799	0.01163	0.01540	0.02036	0.04356	0.60335	0.06922	0.02370	0.01000	0.00320	0.00489	0.11658	0.00719	0.00644
106	0.78228	0.01499	0.01140	0.01020	0.01499	0.01739	0.00840	0.02279	0.01320	0.03479	0.01080	0.01260	0.00840	0.00720	0.00480	0.00240	0.00600	0.00420	0.00480	0.00840
107	0.08527	0.10135	0.02395	0.04392	0.02402	0.17792	0.01441	0.37000	0.02831	0.03651	0.01547	0.01651	0.01163	0.00850	0.00705	0.00219	0.00963	0.00600	0.00602	0.01133
108	0.01699	0.01412	0.01858	0.06435	0.02185	0.01338	0.06249	0.10135	0.04433	0.02744	0.02009	0.11813	0.01833	0.00974	0.00777	0.00199	0.03195	0.00834	0.06376	0.33500
109	0.09032	0.01488	0.04546	0.56420	0.04697	0.01701	0.04677	0.02018	0.01540	0.02166	0.01454	0.04323	0.01156	0.00819	0.00758	0.00258	0.00987	0.00719	0.00372	0.00869
110	0.04636	0.01483	0.01854	0.13855	0.02516	0.01466	0.01273	0.09651	0.01789	0.02667	0.01503	0.04443	0.01278	0.00807	0.00838	0.00189	0.07531	0.00617	0.00476	0.41128

[dist]
# distance from previous block
# <min> <max>
0	6

[block]
# block no. 2 follows, 25 sequences, length 6
# corresponding to MSA columns:
# 170-175
name=unknown_C
#
# <colnr> <probs for GDERKNQSTAVLIFYWHMCP>
#	G	D	E	R	K	N	Q	S	T	A	V	L	I	F	Y	W	H	M	C	P
0	0.01901	0.08469	0.10645	0.01555	0.02265	0.01564	0.06060	0.10207	0.01897	0.06099	0.01550	0.01773	0.01217	0.00943	0.04199	0.00227	0.00842	0.00569	0.00489	0.37529
1	0.10563	0.01272	0.01707	0.05124	0.02001	0.01236	0.07961	0.08216	0.01755	0.02630	0.02564	0.29734	0.02707	0.01384	0.00797	0.00245	0.00661	0.01234	0.00584	0.17622
2	0.59609	0.01389	0.01205	0.01057	0.01513	0.01541	0.00861	0.02353	0.01537	0.11119	0.09732	0.01997	0.01788	0.00858	0.00570	0.00240	0.00577	0.00587	0.00584	0.00883
3	0.01504	0.01300	0.09188	0.01268	0.01612	0.01005	0.01099	0.02045	0.07908	0.11059	0.29921	0.18598	0.04858	0.01554	0.00887	0.00265	0.00549	0.03736	0.00765	0.00879
4	0.01510	0.01467	0.02606	0.62454	0.05180	0.01752	0.10004	0.02044	0.01585	0.02044	0.01402	0.02070	0.01051	0.00760	0.00793	0.00259	0.01068	0.00717	0.00350	0.00884
5	0.02124	0.56415	0.07124	0.01501	0.02115	0.11217	0.01452	0.02396	0.01631	0.01869	0.01106	0.01312	0.00996	0.00728	0.00665	0.00185	0.05391	0.00450	0.00340	0.00982

[dist]
# distance from previous block
# <min> <max>
0	4

[block]
# block no. 3 follows, 25 sequences, length 81
# corresponding to MSA columns:
# 180-260
name=unknown_D
#
# <colnr> <probs for GDERKNQSTAVLIFYWHMCP>
#	G	D	E	R	K	N	Q	S	T	A	V	L	I	F	Y	W	H	M	C	P
0	0.29629	0.05396	0.38649	0.04928	0.02721	0.01819	0.02037	0.02364	0.01515	0.02786	0.01266	0.01505	0.00933	0.00730	0.00636	0.00241	0.00930	0.00517	0.00384	0.01015
1	0.39973	0.01729	0.01803	0.01447	0.01987	0.01908	0.05314	0.24144	0.02242	0.06895	0.04649	0.01803	0.01387	0.00841	0.00646	0.00239	0.00726	0.00613	0.00617	0.01036
2	0.02583	0.01860	0.02064	0.04462	0.02326	0.02055	0.01371	0.36726	0.21471	0.10628	0.04608	0.02381	0.01877	0.00985	0.00785	0.00244	0.00755	0.00782	0.00783	0.01253
3	0.01830	0.02092	0.04575	0.03268	0.04052	0.01961	0.65098	0.02484	0.01830	0.02484	0.01569	0.02092	0.01176	0.00654	0.00915	0.00261	0.01307	0.00915	0.00392	0.01046
4	0.01045	0.00717	0.00870	0.00951	0.00972	0.00697	0.00583	0.01106	0.01289	0.01718	0.03269	0.35397	0.03861	0.41005	0.02612	0.00555	0.00615	0.01614	0.00583	0.00542
5	0.01023	0.00708	0.00877	0.00979	0.01005	0.00682	0.00613	0.01100	0.01332	0.01775	0.03489	0.43459	0.04139	0.32566	0.02257	0.00502	0.00579	0.01743	0.00613	0.00561
6	0.02424	0.01788	0.02010	0.01618	0.02104	0.01985	0.01319	0.47139	0.03007	0.04070	0.04990	0.02327	0.01747	0.02122	0.17157	0.00474	0.01121	0.00763	0.00694	0.01142
7	0.06925	0.01695	0.01760	0.01558	0.02014	0.01954	0.01222	0.08899	0.57284	0.03390	0.02919	0.02705	0.02185	0.01021	0.00768	0.00259	0.00632	0.00833	0.00768	0.01210
8	0.03479	0.01320	0.01799	0.01380	0.01979	0.01140	0.01140	0.03779	0.02219	0.68451	0.03059	0.02639	0.01919	0.00960	0.00780	0.00240	0.00660	0.00780	0.00960	0.01320
9	0.01490	0.01423	0.02427	0.64980	0.05143	0.01761	0.04905	0.01998	0.01547	0.01998	0.01371	0.02052	0.01039	0.00795	0.00857	0.00262	0.04037	0.00699	0.00346	0.00869
10	0.02856	0.02127	0.02276	0.01766	0.02370	0.02362	0.01452	0.59855	0.09268	0.04740	0.01977	0.01954	0.01412	0.00942	0.00777	0.00235	0.00832	0.00714	0.00777	0.01310
11	0.01082	0.00778	0.01005	0.01085	0.01195	0.00742	0.00759	0.04255	0.01781	0.02426	0.21384	0.50777	0.05542	0.02128	0.00959	0.00292	0.00446	0.01914	0.00759	0.00690
12	0.03405	0.01336	0.01797	0.01389	0.01981	0.01177	0.01144	0.03795	0.05292	0.65335	0.03064	0.02651	0.01941	0.00964	0.00780	0.00241	0.00658	0.00784	0.00952	0.01315
13	0.01619	0.01071	0.01315	0.01159	0.01456	0.01059	0.00898	0.07555	0.09649	0.10610	0.47261	0.04768	0.05627	0.01398	0.00873	0.00245	0.00469	0.01212	0.00851	0.00905
14	0.01707	0.06332	0.02806	0.36885	0.32944	0.01865	0.02199	0.02181	0.01648	0.02216	0.01394	0.01947	0.01118	0.00730	0.00753	0.00240	0.00970	0.00672	0.00361	0.01033
15	0.01191	0.00813	0.01066	0.00991	0.01191	0.00748	0.00748	0.01554	0.02196	0.05675	0.64974	0.05668	0.07104	0.01561	0.00909	0.00244	0.00377	0.01378	0.00858	0.00755
16	0.01347	0.00673	0.01010	0.01010	0.01010	0.00673	0.00673	0.01010	0.01010	0.01347	0.01347	0.02357	0.01347	0.02694	0.03030	0.77441	0.00673	0.00673	0.00337	0.00337
17	0.01555	0.04011	0.68733	0.02210	0.03356	0.01801	0.02865	0.02455	0.01637	0.02455	0.01391	0.01637	0.00982	0.00737	0.00737	0.00246	0.01146	0.00573	0.00327	0.01146
18	0.02538	0.01846	0.01886	0.01505	0.01997	0.04908	0.01222	0.45354	0.03034	0.04213	0.02014	0.02120	0.01486	0.00918	0.00709	0.00217	0.00744	0.00696	0.21455	0.01138
19	0.01464	0.01378	0.02326	0.70887	0.05340	0.01723	0.02153	0.01981	0.01550	0.01981	0.01378	0.02067	0.01034	0.00775	0.00775	0.00258	0.01034	0.00689	0.00345	0.00861
20	0.00945	0.00675	0.00900	0.01080	0.01125	0.00630	0.00720	0.01080	0.01484	0.01979	0.04274	0.72245	0.05128	0.02429	0.00990	0.00315	0.00450	0.02204	0.00720	0.00630
21	0.01495	0.01410	0.02381	0.66410	0.09577	0.01731	0.02169	0.02008	0.01565	0.02018	0.01384	0.02057	0.01047	0.00769	0.00775	0.00256	0.01026	0.00689	0.00347	0.00886
22	0.00943	0.00682	0.00892	0.01060	0.01119	0.00631	0.00711	0.01082	0.01503	0.01987	0.04510	0.67964	0.09257	0.02398	0.00985	0.00311	0.00446	0.02167	0.00720	0.00631
23	0.00975	0.00696	0.00934	0.01114	0.01172	0.00656	0.00772	0.01131	0.01514	0.02013	0.04257	0.66025	0.05063	0.02401	0.00998	0.00319	0.00476	0.08130	0.00719	0.00638
24	0.01542	0.00816	0.00826	0.00791	0.01000	0.00831	0.00602	0.05898	0.01756	0.03019	0.02486	0.02824	0.01944	0.00905	0.00557	0.00184	0.00393	0.00721	0.72142	0.00761
25	0.01445	0.00723	0.00723	0.00723	0.00903	0.00723	0.00542	0.01807	0.01626	0.02891	0.02529	0.02891	0.01987	0.00903	0.00542	0.00181	0.00361	0.00723	0.77055	0.00723
26	0.01457	0.00769	0.00802	0.00786	0.00958	0.00802	0.00597	0.01810	0.01605	0.02842	0.02457	0.02833	0.01941	0.00925	0.00638	0.00188	0.03768	0.00721	0.73373	0.00729
27	0.00945	0.00675	0.00900	0.01080	0.01125	0.00630	0.00720	0.01080	0.01484	0.01979	0.04274	0.72245	0.05128	0.02429	0.00990	0.00315	0.00450	0.02204	0.00720	0.00630
28	0.01608	0.01378	0.01608	0.01148	0.01837	0.01034	0.00919	0.01952	0.01608	0.02527	0.01378	0.01608	0.01148	0.00574	0.00574	0.00115	0.00574	0.00459	0.00459	0.77491
29	0.01807	0.02046	0.04430	0.07624	0.04135	0.01945	0.61043	0.02451	0.01812	0.02451	0.01556	0.02090	0.01167	0.00661	0.00906	0.00261	0.01290	0.00900	0.00389	0.01034
30	0.02112	0.69958	0.03976	0.01358	0.02009	0.06188	0.01335	0.02358	0.01605	0.01828	0.01084	0.01251	0.00995	0.00670	0.00507	0.00167	0.00856	0.00419	0.00335	0.00991
31	0.01770	0.32726	0.41900	0.01843	0.02789	0.02327	0.02227	0.02400	0.01611	0.02194	0.01261	0.01474	0.00988	0.00706	0.00637	0.00212	0.01014	0.00507	0.00329	0.01083
32	0.06756	0.02445	0.02241	0.01788	0.02357	0.15938	0.01446	0.49572	0.03235	0.04212	0.01688	0.01738	0.01230	0.00893	0.00745	0.00226	0.00950	0.00644	0.00685	0.01210
33	0.01889	0.02029	0.02411	0.02061	0.02170	0.13823	0.04579	0.02090	0.01392	0.01898	0.01108	0.01707	0.01051	0.01371	0.04286	0.00341	0.53915	0.00664	0.00354	0.00861
34	0.01496	0.01432	0.02434	0.63283	0.05067	0.01776	0.05074	0.01997	0.01540	0.01997	0.01364	0.02044	0.01039	0.00807	0.00896	0.00264	0.05575	0.00699	0.00346	0.00869
35	0.03479	0.01320	0.01799	0.01380	0.01979	0.01140	0.01140	0.03779	0.02219	0.68451	0.03059	0.02639	0.01919	0.00960	0.00780	0.00240	0.00660	0.00780	0.00960	0.01320
36	0.03321	0.01285	0.01749	0.01353	0.01925	0.01113	0.01113	0.03626	0.02218	0.64133	0.07318	0.02847	0.02276	0.01001	0.00789	0.00240	0.00640	0.00821	0.00953	0.01281
37	0.01128	0.00752	0.00846	0.00846	0.00846	0.00752	0.00470	0.01128	0.01128	0.01503	0.02443	0.05074	0.02819	0.72751	0.03946	0.00752	0.00752	0.01128	0.00470	0.00470
38	0.02974	0.02129	0.02300	0.01763	0.02383	0.02340	0.01457	0.62206	0.03573	0.08111	0.01922	0.01901	0.01349	0.00932	0.00776	0.00233	0.00843	0.00702	0.00785	0.01319
39	0.05666	0.02308	0.02270	0.01779	0.02371	0.09463	0.01453	0.56491	0.03409	0.04521	0.01763	0.01791	0.01268	0.00909	0.00757	0.00229	0.00901	0.00667	0.00725	0.01257
40	0.00916	0.00785	0.00785	0.00785	0.01047	0.00655	0.00589	0.01113	0.01767	0.02095	0.07855	0.07462	0.67599	0.01964	0.00916	0.00262	0.00393	0.01636	0.00720	0.00655
41	0.03300	0.01606	0.01976	0.01515	0.02122	0.01564	0.01252	0.24442	0.02698	0.47112	0.02657	0.02378	0.01718	0.00950	0.00778	0.00237	0.00725	0.00752	0.00898	0.01319
42	0.01822	0.02027	0.04298	0.06868	0.11390	0.01935	0.54763	0.02446	0.01809	0.02464	0.01546	0.02071	0.01175	0.00664	0.00891	0.00258	0.01249	0.00878	0.00389	0.01057
43	0.00945	0.00675	0.00900	0.01080	0.01125	0.00630	0.00720	0.01080	0.01484	0.01979	0.04274	0.72245	0.05128	0.02429	0.00990	0.00315	0.00450	0.02204	0.00720	0.00630
44	0.01067	0.00753	0.00928	0.00943	0.01036	0.00713	0.00630	0.01247	0.01649	0.02258	0.28415	0.19708	0.08169	0.26745	0.01994	0.00438	0.00520	0.01487	0.00684	0.00614
45	0.11612	0.02195	0.02182	0.01710	0.02300	0.06771	0.01402	0.53956	0.03282	0.04527	0.01728	0.01762	0.01242	0.00898	0.00737	0.00231	0.00860	0.00653	0.00717	0.01236
46	0.35432	0.23666	0.02380	0.06014	0.05113	0.02247	0.01238	0.11286	0.01767	0.03028	0.01228	0.01425	0.00987	0.00735	0.00560	0.00217	0.00750	0.00488	0.00463	0.00975
47	0.01128	0.00752	0.00846	0.00846	0.00846	0.00752	0.00470	0.01128	0.01128	0.01503	0.02443	0.05074	0.02819	0.72751	0.03946	0.00752	0.00752	0.01128	0.00470	0.00470
48	0.01128	0.00752	0.00846	0.00846	0.00846	0.00752	0.00470	0.01128	0.01128	0.01503	0.02443	0.05074	0.02819	0.72751	0.03946	0.00752	0.00752	0.01128	0.00470	0.00470
49	0.02684	0.01955	0.02134	0.01688	0.02225	0.02151	0.01380	0.55646	0.03302	0.04422	0.02030	0.05192	0.01621	0.01161	0.00943	0.05215	0.00818	0.03490	0.00742	0.01199
50	0.02073	0.73217	0.04063	0.01327	0.01990	0.03068	0.01327	0.02322	0.01575	0.01824	0.01078	0.01244	0.00995	0.00663	0.00498	0.00166	0.00829	0.00415	0.00332	0.00995
51	0.01929	0.01666	0.01753	0.01578	0.02016	0.01929	0.01227	0.04120	0.66513	0.03243	0.03156	0.02893	0.02367	0.01052	0.00789	0.00263	0.00614	0.00877	0.00789	0.01227
52	0.02073	0.73217	0.04063	0.01327	0.01990	0.03068	0.01327	0.02322	0.01575	0.01824	0.01078	0.01244	0.00995	0.00663	0.00498	0.00166	0.00829	0.00415	0.00332	0.00995
53	0.00945	0.00675	0.00900	0.01080	0.01125	0.00630	0.00720	0.01080	0.01484	0.01979	0.04274	0.72245	0.05128	0.02429	0.00990	0.00315	0.00450	0.02204	0.00720	0.00630
54	0.01097	0.00793	0.01036	0.00975	0.01158	0.00732	0.00732	0.01463	0.02195	0.03109	0.67505	0.05792	0.07316	0.01585	0.00914	0.00244	0.00366	0.01402	0.00854	0.00732
55	0.01796	0.01372	0.01627	0.01172	0.01852	0.01044	0.00941	0.02136	0.01669	0.09159	0.01547	0.01712	0.01226	0.00613	0.00595	0.00127	0.00583	0.00492	0.00510	0.69828
56	0.02947	0.02172	0.02327	0.01784	0.02404	0.02404	0.01474	0.65329	0.03646	0.04887	0.01862	0.01862	0.01319	0.00931	0.00776	0.00233	0.00853	0.00698	0.00776	0.01319
57	0.02073	0.73217	0.04063	0.01327	0.01990	0.03068	0.01327	0.02322	0.01575	0.01824	0.01078	0.01244	0.00995	0.00663	0.00498	0.00166	0.00829	0.00415	0.00332	0.00995
58	0.00923	0.00786	0.00795	0.00792	0.01051	0.00657	0.00594	0.01125	0.01783	0.02131	0.10017	0.07401	0.65414	0.01950	0.00916	0.00261	0.00392	0.01628	0.00725	0.00657
59	0.03479	0.01320	0.01799	0.01380	0.01979	0.01140	0.01140	0.03779	0.02219	0.68451	0.03059	0.02639	0.01919	0.00960	0.00780	0.00240	0.00660	0.00780	0.00960	0.01320
60	0.03394	0.01301	0.01772	0.01365	0.01950	0.01125	0.01125	0.03696	0.02218	0.66122	0.05356	0.02751	0.02112	0.00982	0.00785	0.00240	0.00649	0.00802	0.00956	0.01299
61	0.78228	0.01499	0.01140	0.01020	0.01499	0.01739	0.00840	0.02279	0.01320	0.03479	0.01080	0.01260	0.00840	0.00720	0.00480	0.00240	0.00600	0.00420	0.00480	0.00840
62	0.00945	0.00675	0.00900	0.01080	0.01125	0.00630	0.00720	0.01080	0.01484	0.01979	0.04274	0.72245	0.05128	0.02429	0.00990	0.00315	0.00450	0.02204	0.00720	0.00630
63	0.03402	0.01443	0.01875	0.01438	0.02041	0.01322	0.01188	0.12660	0.02425	0.59279	0.02886	0.02527	0.01833	0.00955	0.00779	0.00239	0.00688	0.00768	0.00933	0.01319
64	0.00945	0.00675	0.00900	0.01080	0.01125	0.00630	0.00720	0.01080	0.01484	0.01979	0.04274	0.72245	0.05128	0.02429	0.00990	0.00315	0.00450	0.02204	0.00720	0.00630
65	0.00945	0.00675	0.00900	0.01080	0.01125	0.00630	0.00720	0.01080	0.01484	0.01979	0.04274	0.72245	0.05128	0.02429	0.00990	0.00315	0.00450	0.02204	0.00720	0.00630
66	0.01749	0.01739	0.02519	0.02108	0.02182	0.02349	0.05879	0.04105	0.01315	0.02011	0.01083	0.01728	0.01039	0.01296	0.02376	0.00330	0.64263	0.00695	0.00358	0.00878
67	0.01830	0.02092	0.04575	0.03268	0.04052	0.01961	0.65098	0.02484	0.01830	0.02484	0.01569	0.02092	0.01176	0.00654	0.00915	0.00261	0.01307	0.00915	0.00392	0.01046
68	0.01579	0.07220	0.65735	0.02169	0.03293	0.01859	0.02793	0.02449	0.01634	0.02426	0.01377	0.01619	0.00983	0.00733	0.00726	0.00242	0.01131	0.00566	0.00328	0.01139
69	0.01830	0.02092	0.04575	0.03268	0.04052	0.01961	0.65098	0.02484	0.01830	0.02484	0.01569	0.02092	0.01176	0.00654	0.00915	0.00261	0.01307	0.00915	0.00392	0.01046
