[name]
unknown

[dist]
# distance from previous block
# <min> <max>
1	76

[block]
# block no. 0 follows, 25 sequences, length 37
# corresponding to MSA columns:
# 76-112
name=unknown_A
#
# <colnr> <probs for GDERKNQSTAVLIFYWHMCP>
#	G	D	E	R	K	N	Q	S	T	A	V	L	I	F	Y	W	H	M	C	P
0	0.14894	0.05083	0.21549	0.07766	0.03021	0.01819	0.14955	0.07741	0.01782	0.02792	0.01401	0.01703	0.01053	0.00713	0.00707	0.00228	0.00966	0.00618	0.00424	0.10785
1	0.13624	0.01927	0.15068	0.01592	0.04767	0.01539	0.01435	0.15887	0.02248	0.07850	0.22596	0.03030	0.03123	0.01060	0.00767	0.00240	0.00708	0.00860	0.00661	0.01020
2	0.11043	0.34878	0.19596	0.01544	0.02263	0.05982	0.01627	0.02459	0.01642	0.07492	0.01450	0.04321	0.01214	0.00791	0.00609	0.00208	0.00884	0.00561	0.00417	0.01021
3	0.08436	0.05012	0.07438	0.01619	0.02247	0.02035	0.01415	0.32440	0.13053	0.09114	0.01993	0.01978	0.01443	0.00879	0.00723	0.00227	0.00778	0.00669	0.00688	0.07814
4	0.02050	0.01560	0.01829	0.01503	0.01944	0.01616	0.03543	0.31694	0.04431	0.03502	0.05198	0.19768	0.02592	0.04481	0.00957	0.00264	0.00703	0.01107	0.00698	0.10561
5	0.00945	0.00675	0.00900	0.01080	0.01125	0.00630	0.00720	0.01080	0.01484	0.01979	0.04274	0.72245	0.05128	0.02429	0.00990	0.00315	0.00450	0.02204	0.00720	0.00630
6	0.02073	0.73217	0.04063	0.01327	0.01990	0.03068	0.01327	0.02322	0.01575	0.01824	0.01078	0.01244	0.00995	0.00663	0.00498	0.00166	0.00829	0.00415	0.00332	0.00995
7	0.00945	0.00675	0.00900	0.01080	0.01125	0.00630	0.00720	0.01080	0.01484	0.01979	0.04274	0.72245	0.05128	0.02429	0.00990	0.00315	0.00450	0.02204	0.00720	0.00630
8	0.08962	0.01929	0.02039	0.01602	0.02162	0.02127	0.01314	0.48865	0.06550	0.07163	0.01974	0.01988	0.01418	0.00919	0.00732	0.00231	0.00769	0.00690	0.07344	0.01223
9	0.01644	0.01622	0.02328	0.01984	0.02021	0.02208	0.04075	0.01829	0.01212	0.01868	0.01163	0.01953	0.01162	0.05315	0.05640	0.00400	0.61677	0.00719	0.00352	0.00829
10	0.00945	0.00675	0.00900	0.01080	0.01125	0.00630	0.00720	0.01080	0.01484	0.01979	0.04274	0.72245	0.05128	0.02429	0.00990	0.00315	0.00450	0.02204	0.00720	0.00630
11	0.02054	0.01728	0.01824	0.01603	0.02064	0.01987	0.01258	0.11651	0.58778	0.03446	0.02997	0.02766	0.02238	0.01037	0.00787	0.00259	0.00643	0.00855	0.00787	0.01239
12	0.01578	0.07059	0.65884	0.02171	0.03296	0.01857	0.02797	0.02450	0.01634	0.02428	0.01378	0.01620	0.00983	0.00733	0.00726	0.00242	0.01132	0.00566	0.00328	0.01139
13	0.01824	0.05592	0.38929	0.01933	0.02783	0.01583	0.07585	0.02495	0.01835	0.12869	0.12625	0.02507	0.02197	0.00902	0.00779	0.00243	0.00942	0.00766	0.00519	0.01090
14	0.01555	0.04011	0.68733	0.02210	0.03356	0.01801	0.02865	0.02455	0.01637	0.02455	0.01391	0.01637	0.00982	0.00737	0.00737	0.00246	0.01146	0.00573	0.00327	0.01146
15	0.01835	0.02078	0.04497	0.03350	0.07545	0.01954	0.61668	0.02478	0.01827	0.02486	0.01563	0.02082	0.01179	0.00656	0.00907	0.00260	0.01286	0.00903	0.00392	0.01056
16	0.05656	0.02004	0.07196	0.01663	0.02254	0.02002	0.01429	0.29015	0.24439	0.12496	0.02388	0.02271	0.01706	0.00952	0.00765	0.00245	0.00759	0.00748	0.00757	0.01255
17	0.02268	0.01659	0.01877	0.01626	0.04307	0.01779	0.01270	0.33879	0.10579	0.07120	0.11227	0.03558	0.08132	0.01207	0.00831	0.00250	0.00704	0.05829	0.00773	0.01124
18	0.00916	0.00785	0.00785	0.00785	0.01047	0.00655	0.00589	0.01113	0.01767	0.02095	0.07855	0.07462	0.67599	0.01964	0.00916	0.00262	0.00393	0.01636	0.00720	0.00655
19	0.00945	0.00675	0.00900	0.01080	0.01125	0.00630	0.00720	0.01080	0.01484	0.01979	0.04274	0.72245	0.05128	0.02429	0.00990	0.00315	0.00450	0.02204	0.00720	0.00630
20	0.02087	0.02620	0.10509	0.05595	0.05840	0.18731	0.27940	0.05342	0.01899	0.02358	0.01401	0.01811	0.01097	0.00791	0.00995	0.00250	0.08604	0.00722	0.00396	0.01011
21	0.01097	0.00793	0.01036	0.00975	0.01158	0.00732	0.00732	0.01463	0.02195	0.03109	0.67505	0.05792	0.07316	0.01585	0.00914	0.00244	0.00366	0.01402	0.00854	0.00732
22	0.00948	0.00685	0.00898	0.01061	0.01122	0.00634	0.00713	0.01094	0.01523	0.02023	0.06574	0.66596	0.08509	0.02376	0.00983	0.00310	0.00444	0.02147	0.00724	0.00634
23	0.01454	0.01585	0.05784	0.02299	0.02795	0.01400	0.35401	0.01912	0.01712	0.02327	0.05866	0.28201	0.02937	0.01360	0.00935	0.00280	0.00936	0.01402	0.00534	0.00880
24	0.01464	0.01378	0.02326	0.70887	0.05340	0.01723	0.02153	0.01981	0.01550	0.01981	0.01378	0.02067	0.01034	0.00775	0.00775	0.00258	0.01034	0.00689	0.00345	0.00861
25	0.02104	0.70609	0.03993	0.01352	0.02005	0.05566	0.01333	0.02351	0.01599	0.01827	0.01082	0.01250	0.00995	0.00668	0.00505	0.00167	0.00851	0.00418	0.00334	0.00991
26	0.01880	0.01231	0.01412	0.01320	0.01597	0.03928	0.00985	0.15575	0.02105	0.13636	0.03422	0.42494	0.03599	0.01793	0.00896	0.00280	0.00611	0.01571	0.00759	0.00905
27	0.01657	0.17607	0.56029	0.02036	0.03088	0.02050	0.02563	0.02429	0.01625	0.02331	0.01330	0.01560	0.00985	0.00722	0.00690	0.00230	0.01084	0.00542	0.00328	0.01116
28	0.00945	0.00675	0.00900	0.01080	0.01125	0.00630	0.00720	0.01080	0.01484	0.01979	0.04274	0.72245	0.05128	0.02429	0.00990	0.00315	0.00450	0.02204	0.00720	0.00630
29	0.01489	0.01421	0.02416	0.65073	0.05138	0.01762	0.04600	0.01995	0.01545	0.01995	0.01369	0.02051	0.01038	0.00797	0.00862	0.00262	0.04274	0.00697	0.00346	0.00868
30	0.01924	0.05794	0.02424	0.21305	0.03125	0.13477	0.09098	0.07614	0.01836	0.02364	0.01592	0.04421	0.01327	0.00921	0.00971	0.00244	0.10064	0.00725	0.09865	0.00909
31	0.01467	0.01217	0.01937	0.31350	0.06146	0.01403	0.04105	0.01823	0.01554	0.05386	0.02349	0.22909	0.02348	0.01328	0.01003	0.00277	0.07544	0.01153	0.03869	0.00832
32	0.01916	0.52251	0.23655	0.01594	0.02404	0.02684	0.01793	0.02362	0.01594	0.02015	0.01173	0.01363	0.00991	0.00686	0.00570	0.00190	0.00925	0.00463	0.00330	0.01041
33	0.01701	0.07449	0.59273	0.02210	0.05546	0.01833	0.02671	0.02518	0.01670	0.06035	0.01468	0.01681	0.01043	0.00743	0.00727	0.00240	0.01094	0.00580	0.00364	0.01150
34	0.65593	0.04199	0.03941	0.04731	0.04507	0.01793	0.01063	0.02277	0.01371	0.03266	0.01122	0.01341	0.00876	0.00720	0.00517	0.00238	0.00664	0.00450	0.00458	0.00874
35	0.01464	0.01378	0.02326	0.70887	0.05340	0.01723	0.02153	0.01981	0.01550	0.01981	0.01378	0.02067	0.01034	0.00775	0.00775	0.00258	0.01034	0.00689	0.00345	0.00861
36	0.01035	0.00785	0.00953	0.00921	0.01123	0.00703	0.00687	0.01338	0.02031	0.02746	0.46263	0.09231	0.25878	0.01739	0.00918	0.00253	0.00378	0.01510	0.00806	0.00703

[dist]
# distance from previous block
# <min> <max>
0	1

[block]
# block no. 1 follows, 25 sequences, length 30
# corresponding to MSA columns:
# 114-143
name=unknown_B
#
# <colnr> <probs for GDERKNQSTAVLIFYWHMCP>
#	G	D	E	R	K	N	Q	S	T	A	V	L	I	F	Y	W	H	M	C	P
0	0.01782	0.01548	0.02326	0.56087	0.04711	0.01869	0.02008	0.15548	0.01999	0.02603	0.01482	0.02023	0.01095	0.00809	0.00775	0.00253	0.00995	0.00691	0.00437	0.00959
1	0.01727	0.01638	0.01932	0.02409	0.23193	0.11117	0.01439	0.02197	0.06654	0.04282	0.13154	0.04161	0.15611	0.01243	0.00835	0.00247	0.00754	0.05856	0.00596	0.00953
2	0.00945	0.00675	0.00900	0.01080	0.01125	0.00630	0.00720	0.01080	0.01484	0.01979	0.04274	0.72245	0.05128	0.02429	0.00990	0.00315	0.00450	0.02204	0.00720	0.00630
3	0.06858	0.02566	0.25024	0.06219	0.09097	0.01806	0.26696	0.02528	0.01744	0.07711	0.01576	0.01914	0.01146	0.00719	0.00797	0.00250	0.01109	0.00728	0.00418	0.01093
4	0.01835	0.02400	0.13044	0.02933	0.03669	0.05548	0.46902	0.02451	0.01759	0.02388	0.01470	0.01953	0.01125	0.00743	0.01041	0.00264	0.08242	0.00823	0.00378	0.01032
5	0.01996	0.01593	0.01841	0.04214	0.06564	0.01776	0.01299	0.09120	0.43062	0.06986	0.10248	0.03023	0.02690	0.01063	0.00800	0.00254	0.00645	0.00896	0.00761	0.01171
6	0.05221	0.02923	0.43554	0.02048	0.07805	0.01537	0.02201	0.02196	0.01769	0.02673	0.17700	0.02666	0.02558	0.00942	0.00770	0.00244	0.00909	0.00779	0.00469	0.01035
7	0.02377	0.01725	0.01954	0.01704	0.04978	0.01861	0.01300	0.26983	0.23762	0.10655	0.05620	0.06172	0.02201	0.01059	0.00790	0.00243	0.00702	0.00868	0.00770	0.04275
8	0.02252	0.58133	0.03658	0.01472	0.02078	0.17511	0.01364	0.02490	0.01710	0.01840	0.01104	0.01277	0.00996	0.00693	0.00541	0.00173	0.00953	0.00433	0.00346	0.00974
9	0.01689	0.01449	0.01796	0.01322	0.01959	0.01205	0.04024	0.06537	0.01747	0.02649	0.01538	0.04774	0.01334	0.00712	0.00690	0.00147	0.03013	0.00583	0.00487	0.62345
10	0.02047	0.01430	0.01995	0.04995	0.05520	0.01451	0.07621	0.13395	0.09466	0.14362	0.24924	0.03508	0.03586	0.01129	0.00840	0.00245	0.00683	0.00997	0.00756	0.01051
11	0.01485	0.01545	0.05831	0.50951	0.07692	0.01683	0.07024	0.01987	0.01570	0.02068	0.01622	0.07739	0.01384	0.00913	0.00859	0.00264	0.03292	0.00824	0.00380	0.00889
12	0.00962	0.00687	0.00920	0.01099	0.01152	0.00645	0.00750	0.01110	0.01502	0.01999	0.04264	0.68639	0.05090	0.02413	0.00994	0.00317	0.00465	0.05639	0.00719	0.00635
13	0.04658	0.01523	0.02509	0.46937	0.14252	0.01829	0.04884	0.02062	0.01544	0.02134	0.01345	0.01970	0.01060	0.00823	0.00976	0.00263	0.09266	0.00687	0.00357	0.00923
14	0.02069	0.01513	0.01674	0.01427	0.01780	0.01640	0.01090	0.33312	0.07682	0.03419	0.02544	0.17098	0.02452	0.13757	0.01465	0.03581	0.00725	0.01098	0.00694	0.00981
15	0.01052	0.00811	0.01220	0.01275	0.01389	0.00765	0.05828	0.01243	0.01525	0.02031	0.03963	0.57610	0.04650	0.05393	0.01123	0.00334	0.00556	0.07886	0.00682	0.00664
16	0.02768	0.02083	0.02226	0.01748	0.02336	0.02321	0.01430	0.54571	0.14695	0.04598	0.02089	0.02043	0.01503	0.00952	0.00778	0.00238	0.00811	0.00729	0.00778	0.01303
17	0.78228	0.01499	0.01140	0.01020	0.01499	0.01739	0.00840	0.02279	0.01320	0.03479	0.01080	0.01260	0.00840	0.00720	0.00480	0.00240	0.00600	0.00420	0.00480	0.00840
18	0.06548	0.05542	0.19715	0.04995	0.02479	0.01558	0.01648	0.05873	0.05808	0.32166	0.04418	0.02289	0.01703	0.00889	0.00743	0.00240	0.00809	0.00706	0.00684	0.01185
19	0.01347	0.00673	0.01010	0.01010	0.01010	0.00673	0.00673	0.01010	0.01010	0.01347	0.01347	0.02357	0.01347	0.02694	0.03030	0.77441	0.00673	0.00673	0.00337	0.00337
20	0.01128	0.00752	0.00846	0.00846	0.00846	0.00752	0.00470	0.01128	0.01128	0.01503	0.02443	0.05074	0.02819	0.72751	0.03946	0.00752	0.00752	0.01128	0.00470	0.00470
21	0.02440	0.04649	0.02418	0.07720	0.12927	0.17480	0.01666	0.25424	0.04543	0.03152	0.01681	0.02111	0.01363	0.00928	0.00867	0.00238	0.05148	0.03590	0.00551	0.01103
22	0.01654	0.07221	0.57983	0.02304	0.05873	0.04299	0.05217	0.02470	0.01667	0.02409	0.01379	0.01639	0.01001	0.00730	0.00732	0.00240	0.01137	0.00581	0.00335	0.01129
23	0.01707	0.02727	0.38423	0.01934	0.02737	0.01473	0.08094	0.02354	0.01768	0.11041	0.08633	0.11269	0.02289	0.01060	0.00810	0.00255	0.00931	0.00925	0.00519	0.01051
24	0.01669	0.01254	0.01765	0.33098	0.03208	0.01455	0.01461	0.11917	0.01835	0.02588	0.01756	0.02302	0.01377	0.01246	0.03993	0.08056	0.00855	0.00703	0.18621	0.00841
25	0.05945	0.02103	0.02075	0.01648	0.02210	0.10797	0.01338	0.39384	0.02987	0.16326	0.02311	0.02242	0.05135	0.00969	0.00763	0.00232	0.00851	0.00730	0.00746	0.01207
26	0.01883	0.01806	0.03083	0.09965	0.62988	0.01833	0.02362	0.02348	0.01749	0.02490	0.01452	0.01931	0.01213	0.00697	0.00768	0.00232	0.00930	0.00691	0.00381	0.01199
27	0.01479	0.01407	0.02417	0.68126	0.05288	0.01732	0.04724	0.02002	0.01562	0.02002	0.01386	0.02068	0.01039	0.00770	0.00781	0.00259	0.01045	0.00698	0.00346	0.00869
28	0.01603	0.01560	0.02212	0.04811	0.02082	0.02148	0.01612	0.01802	0.01211	0.01861	0.01184	0.01904	0.01149	0.01967	0.12020	0.00465	0.58531	0.00701	0.00350	0.00827
29	0.01643	0.01644	0.04854	0.36504	0.10647	0.01785	0.13052	0.04744	0.01677	0.02287	0.01489	0.02078	0.01162	0.00980	0.03386	0.00293	0.06331	0.00731	0.03767	0.00946

[dist]
# distance from previous block
# <min> <max>
3	5

[block]
# block no. 2 follows, 25 sequences, length 15
# corresponding to MSA columns:
# 149-163
name=unknown_C
#
# <colnr> <probs for GDERKNQSTAVLIFYWHMCP>
#	G	D	E	R	K	N	Q	S	T	A	V	L	I	F	Y	W	H	M	C	P
0	0.02301	0.01419	0.01575	0.01294	0.01717	0.01492	0.01040	0.25966	0.06760	0.13189	0.08447	0.02740	0.02248	0.00995	0.00715	0.00220	0.00605	0.00795	0.25415	0.01066
1	0.02122	0.52541	0.13761	0.01479	0.02202	0.02638	0.01543	0.02559	0.04401	0.08400	0.01405	0.01509	0.01140	0.00720	0.00574	0.00189	0.00853	0.00494	0.00411	0.01059
2	0.00959	0.00722	0.00889	0.00986	0.01109	0.00651	0.00687	0.01145	0.01664	0.02176	0.14485	0.45188	0.22162	0.02181	0.00959	0.00290	0.00422	0.01935	0.00739	0.00651
3	0.01060	0.00791	0.00985	0.00936	0.01136	0.00716	0.00702	0.01391	0.02107	0.02901	0.55255	0.06135	0.19696	0.01663	0.00915	0.00248	0.00371	0.01450	0.00826	0.00716
4	0.01663	0.01684	0.02888	0.19920	0.03376	0.02036	0.18688	0.02058	0.01468	0.02098	0.01313	0.01941	0.01100	0.01004	0.01583	0.00292	0.32023	0.00746	0.03218	0.00900
5	0.03290	0.01407	0.01828	0.01425	0.02009	0.01298	0.01169	0.07638	0.08773	0.57944	0.02994	0.02616	0.01927	0.00967	0.00780	0.00242	0.00667	0.00784	0.00931	0.01310
6	0.02603	0.02001	0.02133	0.01714	0.02273	0.02244	0.01390	0.44648	0.24887	0.04331	0.02299	0.02210	0.01673	0.00972	0.00780	0.00243	0.00772	0.00758	0.00780	0.01288
7	0.00947	0.00775	0.00840	0.00884	0.01103	0.00669	0.00661	0.01145	0.01722	0.02093	0.06973	0.18292	0.52400	0.02054	0.00940	0.00278	0.00427	0.06421	0.00720	0.00655
8	0.01463	0.01338	0.02226	0.66548	0.05066	0.01661	0.02054	0.01970	0.01555	0.02037	0.01449	0.02118	0.01093	0.00783	0.00761	0.00254	0.00992	0.00691	0.05088	0.00853
9	0.01524	0.01461	0.02237	0.35972	0.03598	0.01919	0.01847	0.01862	0.01390	0.01932	0.01446	0.07299	0.01341	0.01152	0.01551	0.00297	0.31162	0.00801	0.00371	0.00838
10	0.01626	0.01543	0.02617	0.47414	0.27551	0.01765	0.02234	0.02123	0.01627	0.02177	0.01407	0.02015	0.01103	0.00745	0.00773	0.00248	0.00994	0.00690	0.00358	0.00992
11	0.01803	0.01716	0.02882	0.18820	0.50657	0.01770	0.02248	0.02269	0.01710	0.02414	0.01437	0.01933	0.01182	0.00702	0.00758	0.00230	0.00926	0.00677	0.00380	0.05485
12	0.01871	0.01595	0.02031	0.16462	0.09960	0.01761	0.01517	0.11881	0.25582	0.02973	0.02328	0.07671	0.01908	0.00998	0.00777	0.00244	0.00754	0.00854	0.00613	0.08218
13	0.09893	0.06570	0.09351	0.09631	0.36886	0.01794	0.02006	0.02268	0.01680	0.02552	0.04141	0.01931	0.01378	0.00734	0.00710	0.00224	0.00867	0.00646	0.00406	0.06331
14	0.02274	0.02007	0.02288	0.02506	0.20810	0.09572	0.01595	0.25183	0.09259	0.03381	0.06024	0.02609	0.07067	0.00981	0.00785	0.00234	0.00844	0.00808	0.00623	0.01149

[dist]
# distance from previous block
# <min> <max>
0	5

[block]
# block no. 3 follows, 25 sequences, length 14
# corresponding to MSA columns:
# 169-182
name=unknown_D
#
# <colnr> <probs for GDERKNQSTAVLIFYWHMCP>
#	G	D	E	R	K	N	Q	S	T	A	V	L	I	F	Y	W	H	M	C	P
0	0.05972	0.58039	0.14588	0.01456	0.02190	0.02789	0.01555	0.02342	0.01572	0.02015	0.01130	0.01310	0.00985	0.00678	0.00536	0.00183	0.00869	0.00441	0.00339	0.01012
1	0.01274	0.00946	0.01160	0.01113	0.01326	0.00932	0.00840	0.07021	0.06098	0.02954	0.39115	0.18383	0.09493	0.01708	0.00917	0.00264	0.00457	0.04406	0.00802	0.00787
2	0.01823	0.01531	0.01650	0.01327	0.01832	0.06111	0.01037	0.11104	0.01924	0.04646	0.02037	0.15452	0.01957	0.01044	0.00771	0.00189	0.03231	0.00855	0.00562	0.40916
3	0.01186	0.00749	0.00999	0.01089	0.01203	0.00690	0.00758	0.01372	0.01660	0.07864	0.14153	0.55777	0.05198	0.02170	0.00960	0.00297	0.00455	0.01955	0.00761	0.00705
4	0.02105	0.01818	0.01776	0.01648	0.04062	0.12303	0.01269	0.15147	0.18716	0.06104	0.08530	0.03898	0.07130	0.01253	0.00835	0.00258	0.00776	0.10630	0.00709	0.01035
5	0.14443	0.03700	0.14528	0.01606	0.04120	0.01671	0.01473	0.17851	0.02247	0.16950	0.06729	0.02572	0.06869	0.00977	0.00735	0.00239	0.00761	0.00760	0.00660	0.01108
6	0.01013	0.00768	0.01025	0.06554	0.01455	0.00740	0.00819	0.01232	0.01668	0.02219	0.17096	0.45102	0.13290	0.02070	0.00948	0.00289	0.00472	0.01851	0.00717	0.00672
7	0.01487	0.00951	0.01089	0.00982	0.01124	0.00932	0.00632	0.06478	0.01445	0.07066	0.02374	0.04397	0.02518	0.56622	0.03222	0.00628	0.00741	0.01022	0.00532	0.05760
8	0.02257	0.09864	0.09529	0.07364	0.05687	0.27017	0.01597	0.05038	0.08222	0.06166	0.01963	0.06647	0.03484	0.00954	0.00734	0.00227	0.01027	0.00732	0.00495	0.00995
9	0.39470	0.09656	0.08995	0.01525	0.06457	0.01893	0.01270	0.10425	0.01714	0.03139	0.01497	0.01829	0.02714	0.05594	0.00811	0.00266	0.00744	0.00568	0.00484	0.00950
10	0.07170	0.08956	0.32325	0.02263	0.06967	0.01993	0.11535	0.07522	0.08934	0.02758	0.01604	0.01817	0.01196	0.00764	0.00735	0.00241	0.01009	0.00650	0.00437	0.01124
11	0.07524	0.01951	0.08773	0.16367	0.22082	0.06473	0.01862	0.02601	0.13751	0.02618	0.06860	0.02318	0.01806	0.00859	0.00755	0.00243	0.00874	0.00735	0.00491	0.01056
12	0.06211	0.08789	0.30513	0.03958	0.02574	0.06427	0.03285	0.05254	0.01697	0.02421	0.01668	0.07461	0.01487	0.06482	0.00960	0.00268	0.00948	0.00724	0.00421	0.08453
13	0.01905	0.11717	0.25184	0.02289	0.07767	0.06010	0.11988	0.06946	0.06891	0.02571	0.01532	0.01780	0.01178	0.00761	0.00786	0.00229	0.03181	0.00640	0.00423	0.06223

[dist]
# distance from previous block
# <min> <max>
52	104

[block]
# block no. 4 follows, 25 sequences, length 8
# corresponding to MSA columns:
# 323-330
name=unknown_E
#
# <colnr> <probs for GDERKNQSTAVLIFYWHMCP>
#	G	D	E	R	K	N	Q	S	T	A	V	L	I	F	Y	W	H	M	C	P
0	0.01746	0.01724	0.02886	0.08674	0.02912	0.01980	0.20870	0.06505	0.01623	0.02315	0.01394	0.01975	0.01178	0.01397	0.07490	0.00365	0.27845	0.00752	0.00401	0.05970
1	0.07279	0.02120	0.02066	0.12363	0.02638	0.15303	0.01462	0.24805	0.05035	0.03175	0.01971	0.02151	0.05577	0.00953	0.00866	0.00235	0.05889	0.00695	0.00566	0.04851
2	0.01919	0.10088	0.22652	0.08263	0.06058	0.01746	0.01823	0.02723	0.11614	0.10426	0.01828	0.01956	0.01353	0.00778	0.00702	0.00217	0.00854	0.00625	0.00501	0.13872
3	0.01910	0.07935	0.33169	0.01835	0.02664	0.01910	0.01997	0.16110	0.08967	0.03004	0.01792	0.05092	0.01413	0.00871	0.00730	0.00230	0.00917	0.00687	0.00504	0.08263
4	0.01632	0.01533	0.06332	0.05823	0.02083	0.01266	0.01159	0.07745	0.07244	0.02697	0.06218	0.07331	0.02041	0.05207	0.00890	0.00218	0.00661	0.00767	0.00544	0.38609
5	0.06700	0.02750	0.29180	0.02175	0.08760	0.02002	0.02064	0.18281	0.10598	0.03199	0.01704	0.01864	0.01264	0.00858	0.00849	0.00248	0.05165	0.00652	0.00515	0.01171
6	0.01362	0.07347	0.31725	0.01702	0.02339	0.01406	0.05006	0.01904	0.01667	0.02351	0.10669	0.23586	0.03057	0.01349	0.00828	0.00262	0.00821	0.01180	0.00517	0.00921
7	0.06536	0.31101	0.03513	0.01944	0.02539	0.02298	0.21633	0.02351	0.05854	0.02251	0.01820	0.05457	0.04219	0.00868	0.00794	0.00228	0.04431	0.00760	0.00426	0.00977

[dist]
# distance from previous block
# <min> <max>
9	29

[block]
# block no. 5 follows, 25 sequences, length 54
# corresponding to MSA columns:
# 360-413
name=unknown_F
#
# <colnr> <probs for GDERKNQSTAVLIFYWHMCP>
#	G	D	E	R	K	N	Q	S	T	A	V	L	I	F	Y	W	H	M	C	P
0	0.02773	0.02073	0.02381	0.01819	0.02423	0.02266	0.05850	0.56867	0.03389	0.04591	0.01884	0.01944	0.01352	0.00910	0.00770	0.00231	0.00853	0.00715	0.05648	0.01261
1	0.05465	0.01414	0.01456	0.01489	0.06167	0.09057	0.01056	0.02270	0.13565	0.05173	0.24774	0.07073	0.11790	0.01379	0.00842	0.00252	0.00617	0.04561	0.00713	0.00887
2	0.23697	0.02249	0.01830	0.01546	0.02033	0.19063	0.01230	0.24652	0.05960	0.03522	0.01591	0.01700	0.01205	0.00844	0.00660	0.00225	0.00876	0.00582	0.05499	0.01036
3	0.02823	0.02256	0.02229	0.01756	0.02324	0.09910	0.01429	0.54180	0.03388	0.04434	0.06003	0.02062	0.01668	0.00958	0.00776	0.00230	0.00884	0.00721	0.00738	0.01233
4	0.00989	0.00686	0.00881	0.01032	0.01089	0.00645	0.00687	0.01131	0.01477	0.02008	0.04134	0.61300	0.06508	0.07221	0.01165	0.00335	0.00464	0.02018	0.05605	0.00625
5	0.01679	0.01670	0.02692	0.06713	0.05180	0.02009	0.15661	0.02210	0.08012	0.02252	0.05712	0.02259	0.01642	0.01316	0.04640	0.00338	0.33845	0.00805	0.00435	0.00931
6	0.02851	0.02079	0.02224	0.01716	0.02308	0.02296	0.01414	0.61249	0.03516	0.04758	0.01904	0.01928	0.01362	0.00929	0.00761	0.00229	0.00822	0.00700	0.05675	0.01280
7	0.19735	0.02257	0.01948	0.01637	0.02081	0.18642	0.01311	0.25298	0.02423	0.03416	0.05653	0.01847	0.01487	0.00936	0.00877	0.00238	0.07985	0.00630	0.00577	0.01022
8	0.01510	0.01350	0.01725	0.01579	0.01722	0.04239	0.01259	0.04310	0.07515	0.02092	0.01925	0.06918	0.01818	0.03286	0.31156	0.00713	0.24748	0.00855	0.00458	0.00823
9	0.01869	0.01422	0.01787	0.01613	0.02009	0.01531	0.05323	0.05493	0.32799	0.08768	0.05226	0.04630	0.02991	0.01358	0.00884	0.00287	0.00694	0.19499	0.00757	0.01058
10	0.01013	0.00724	0.00978	0.01158	0.01233	0.00689	0.00839	0.01198	0.01552	0.02056	0.04236	0.57979	0.04979	0.02365	0.01008	0.00324	0.00509	0.15795	0.00718	0.00649
11	0.19801	0.02157	0.02028	0.01627	0.02188	0.09000	0.01326	0.42860	0.05097	0.04215	0.01663	0.01715	0.01214	0.00874	0.00702	0.00232	0.00843	0.00622	0.00672	0.01166
12	0.78228	0.01499	0.01140	0.01020	0.01499	0.01739	0.00840	0.02279	0.01320	0.03479	0.01080	0.01260	0.00840	0.00720	0.00480	0.00240	0.00600	0.00420	0.00480	0.00840
13	0.08196	0.02125	0.02244	0.01731	0.02341	0.02358	0.01430	0.60933	0.03483	0.04788	0.01807	0.01820	0.01285	0.00916	0.00755	0.00233	0.00836	0.00679	0.00755	0.01285
14	0.01184	0.00846	0.01174	0.01353	0.01503	0.00836	0.01135	0.01493	0.01720	0.02247	0.04142	0.22411	0.04606	0.02204	0.01053	0.00348	0.00657	0.49677	0.00715	0.00696
15	0.01249	0.00892	0.01249	0.01428	0.01606	0.00892	0.01249	0.01606	0.01785	0.02320	0.04105	0.08746	0.04462	0.02142	0.01071	0.00357	0.00714	0.62695	0.00714	0.00714
16	0.02947	0.02172	0.02327	0.01784	0.02404	0.02404	0.01474	0.65329	0.03646	0.04887	0.01862	0.01862	0.01319	0.00931	0.00776	0.00233	0.00853	0.00698	0.00776	0.01319
17	0.00945	0.00675	0.00900	0.01080	0.01125	0.00630	0.00720	0.01080	0.01484	0.01979	0.04274	0.72245	0.05128	0.02429	0.00990	0.00315	0.00450	0.02204	0.00720	0.00630
18	0.01123	0.00769	0.00936	0.00936	0.00967	0.00801	0.00582	0.01185	0.01154	0.01570	0.02361	0.04618	0.02621	0.57713	0.18714	0.00863	0.01049	0.01061	0.00458	0.00520
19	0.02947	0.02172	0.02327	0.01784	0.02404	0.02404	0.01474	0.65329	0.03646	0.04887	0.01862	0.01862	0.01319	0.00931	0.00776	0.00233	0.00853	0.00698	0.00776	0.01319
20	0.02532	0.01862	0.02037	0.01602	0.02125	0.02029	0.01307	0.50980	0.03320	0.04487	0.16609	0.02745	0.02666	0.01078	0.00807	0.00235	0.00744	0.00856	0.00793	0.01187
21	0.78228	0.01499	0.01140	0.01020	0.01499	0.01739	0.00840	0.02279	0.01320	0.03479	0.01080	0.01260	0.00840	0.00720	0.00480	0.00240	0.00600	0.00420	0.00480	0.00840
22	0.01865	0.49415	0.21376	0.01542	0.02302	0.02562	0.01702	0.02298	0.01635	0.02085	0.05794	0.01667	0.01432	0.00747	0.00591	0.00193	0.00883	0.00526	0.00367	0.01018
23	0.01128	0.00752	0.00846	0.00846	0.00846	0.00752	0.00470	0.01128	0.01128	0.01503	0.02443	0.05074	0.02819	0.72751	0.03946	0.00752	0.00752	0.01128	0.00470	0.00470
24	0.78228	0.01499	0.01140	0.01020	0.01499	0.01739	0.00840	0.02279	0.01320	0.03479	0.01080	0.01260	0.00840	0.00720	0.00480	0.00240	0.00600	0.00420	0.00480	0.00840
25	0.08245	0.08418	0.01683	0.01228	0.01638	0.01344	0.00995	0.05284	0.08143	0.21762	0.24212	0.07691	0.03751	0.01216	0.00786	0.00240	0.00565	0.01014	0.00784	0.01001
26	0.01089	0.00786	0.01029	0.00981	0.01156	0.00726	0.00731	0.01442	0.02155	0.03046	0.63976	0.09500	0.07194	0.01632	0.00919	0.00248	0.00370	0.01447	0.00846	0.00726
27	0.01643	0.09506	0.48005	0.01949	0.02866	0.04765	0.02325	0.02506	0.06941	0.02506	0.08146	0.02111	0.01733	0.00844	0.00736	0.00238	0.01008	0.00664	0.00421	0.01087
28	0.01097	0.00793	0.01036	0.00975	0.01158	0.00732	0.00732	0.01463	0.02195	0.03109	0.67505	0.05792	0.07316	0.01585	0.00914	0.00244	0.00366	0.01402	0.00854	0.00732
29	0.01831	0.01618	0.02373	0.38398	0.15065	0.01875	0.01944	0.11522	0.12424	0.02699	0.01750	0.02146	0.01324	0.00828	0.00776	0.00251	0.00920	0.00721	0.00485	0.01049
30	0.78228	0.01499	0.01140	0.01020	0.01499	0.01739	0.00840	0.02279	0.01320	0.03479	0.01080	0.01260	0.00840	0.00720	0.00480	0.00240	0.00600	0.00420	0.00480	0.00840
31	0.01669	0.01611	0.02564	0.52902	0.04748	0.04413	0.09617	0.05723	0.04860	0.02261	0.01507	0.02073	0.01130	0.00784	0.00790	0.00255	0.01050	0.00718	0.00398	0.00928
32	0.00944	0.00769	0.00836	0.00856	0.01074	0.00661	0.00628	0.01153	0.01778	0.02207	0.14984	0.17382	0.50055	0.01988	0.00928	0.00268	0.00398	0.01695	0.00737	0.00661
33	0.01731	0.01933	0.04164	0.03023	0.03725	0.01812	0.57901	0.02327	0.01791	0.02427	0.01871	0.09934	0.01618	0.00852	0.00923	0.00267	0.01211	0.01059	0.00429	0.00999
34	0.01115	0.00767	0.00944	0.00952	0.00987	0.00798	0.00600	0.01187	0.01171	0.01595	0.02435	0.07513	0.02709	0.53687	0.19533	0.00851	0.01055	0.01103	0.00468	0.00530
35	0.02928	0.02100	0.02270	0.01751	0.02362	0.02311	0.01443	0.58941	0.06599	0.08355	0.01991	0.01955	0.01403	0.00938	0.00777	0.00235	0.00831	0.00711	0.00787	0.01314
36	0.00945	0.00675	0.00900	0.01080	0.01125	0.00630	0.00720	0.01080	0.01484	0.01979	0.04274	0.72245	0.05128	0.02429	0.00990	0.00315	0.00450	0.02204	0.00720	0.00630
37	0.04610	0.06931	0.02098	0.05415	0.02097	0.03927	0.10294	0.02059	0.01899	0.09190	0.29076	0.03576	0.03790	0.01394	0.04288	0.00295	0.06554	0.00995	0.00634	0.00881
38	0.01108	0.00831	0.01246	0.01246	0.01385	0.00969	0.00969	0.01385	0.01246	0.01800	0.02077	0.03046	0.01938	0.05815	0.69678	0.01246	0.02077	0.00831	0.00415	0.00692
39	0.02119	0.62712	0.07689	0.01441	0.02108	0.09160	0.01433	0.02401	0.01637	0.01868	0.01108	0.01281	0.00995	0.00680	0.00530	0.00174	0.00901	0.00432	0.00338	0.00995
40	0.07318	0.03703	0.01742	0.01445	0.01903	0.05562	0.01142	0.09736	0.33513	0.05421	0.09209	0.02894	0.04918	0.01038	0.00753	0.00237	0.00653	0.00837	0.00714	0.07263
41	0.01763	0.03998	0.03375	0.14998	0.17361	0.02020	0.24754	0.02232	0.01617	0.02249	0.01375	0.01937	0.01122	0.00840	0.01209	0.00269	0.16746	0.00760	0.00368	0.01007
42	0.01774	0.01674	0.02781	0.21798	0.45290	0.01779	0.02213	0.02341	0.05270	0.02419	0.01634	0.02278	0.01366	0.00789	0.00783	0.00244	0.00926	0.03122	0.00409	0.01112
43	0.06901	0.03836	0.64021	0.02127	0.03226	0.01796	0.02724	0.02443	0.01615	0.02527	0.01370	0.01611	0.00972	0.00735	0.00719	0.00245	0.01108	0.00562	0.00338	0.01125
44	0.01555	0.04011	0.68733	0.02210	0.03356	0.01801	0.02865	0.02455	0.01637	0.02455	0.01391	0.01637	0.00982	0.00737	0.00737	0.00246	0.01146	0.00573	0.00327	0.01146
45	0.00953	0.00678	0.00897	0.01068	0.01111	0.00636	0.00708	0.01082	0.01467	0.01956	0.04185	0.69004	0.05017	0.05822	0.01132	0.00336	0.00464	0.02152	0.00708	0.00622
46	0.01661	0.01760	0.03331	0.07346	0.03199	0.01914	0.34250	0.02110	0.01579	0.02201	0.01758	0.04623	0.03843	0.01259	0.05158	0.00340	0.21445	0.00898	0.00399	0.00927
47	0.01084	0.00792	0.01017	0.00961	0.01150	0.00726	0.00721	0.01437	0.02162	0.03032	0.62974	0.05919	0.11895	0.01614	0.00915	0.00245	0.00368	0.01420	0.00843	0.00726
48	0.01706	0.01643	0.02809	0.18893	0.35363	0.01774	0.07563	0.02145	0.01650	0.02298	0.01666	0.06136	0.01503	0.00927	0.00985	0.00260	0.08025	0.03213	0.00403	0.01038
49	0.01073	0.00792	0.01002	0.00949	0.01143	0.00721	0.00712	0.01415	0.02136	0.02970	0.59306	0.06021	0.15602	0.01637	0.00915	0.00246	0.00370	0.01434	0.00835	0.00721
50	0.01468	0.01137	0.01427	0.01279	0.01477	0.03490	0.04149	0.04178	0.01571	0.02363	0.02594	0.03146	0.08349	0.04876	0.17351	0.00493	0.12224	0.00849	0.26815	0.00765
51	0.01435	0.01276	0.02071	0.59616	0.04635	0.01559	0.01897	0.01918	0.01570	0.02087	0.01831	0.02430	0.04491	0.00849	0.00757	0.00250	0.00927	0.00740	0.08827	0.00836
52	0.01435	0.00731	0.00749	0.00758	0.00939	0.00731	0.00578	0.01797	0.01634	0.02862	0.02609	0.03186	0.02112	0.00966	0.00569	0.00190	0.00379	0.03843	0.73211	0.00722
53	0.01651	0.03140	0.41750	0.02524	0.03488	0.01805	0.25600	0.02433	0.01707	0.02488	0.01514	0.01867	0.01104	0.00715	0.00792	0.00248	0.01166	0.00706	0.04215	0.01088

[dist]
# distance from previous block
# <min> <max>
0	7

[block]
# block no. 6 follows, 25 sequences, length 120
# corresponding to MSA columns:
# 421-540
name=unknown_G
#
# <colnr> <probs for GDERKNQSTAVLIFYWHMCP>
#	G	D	E	R	K	N	Q	S	T	A	V	L	I	F	Y	W	H	M	C	P
0	0.01926	0.02042	0.06408	0.06403	0.54401	0.07135	0.02257	0.02387	0.01804	0.02486	0.04302	0.02036	0.01455	0.00743	0.00767	0.00230	0.00950	0.00700	0.00401	0.01164
1	0.02696	0.03231	0.02377	0.02151	0.04935	0.51859	0.04648	0.07954	0.02183	0.02189	0.01263	0.01518	0.01044	0.00852	0.00896	0.00220	0.08054	0.00560	0.00423	0.00948
2	0.01470	0.01382	0.02274	0.61499	0.04854	0.01740	0.02049	0.01948	0.01545	0.02019	0.04219	0.02195	0.01305	0.00864	0.00944	0.00265	0.07488	0.00719	0.00366	0.00854
3	0.02868	0.02110	0.02263	0.01743	0.02337	0.02333	0.01430	0.62539	0.03536	0.04740	0.01887	0.02001	0.01384	0.04052	0.00913	0.00255	0.00849	0.00717	0.00762	0.01282
4	0.01982	0.66424	0.03799	0.01319	0.01933	0.02871	0.01293	0.02234	0.01545	0.01822	0.01172	0.01413	0.01084	0.01147	0.06989	0.00267	0.00946	0.00454	0.00340	0.00967
5	0.01602	0.01378	0.01639	0.04179	0.01990	0.01064	0.00972	0.01954	0.01605	0.02503	0.01378	0.01628	0.01143	0.00583	0.00583	0.00121	0.00594	0.00469	0.00454	0.74160
6	0.01108	0.00831	0.01246	0.01246	0.01385	0.00969	0.00969	0.01385	0.01246	0.01800	0.02077	0.03046	0.01938	0.05815	0.69678	0.01246	0.02077	0.00831	0.00415	0.00692
7	0.01097	0.00793	0.01036	0.00975	0.01158	0.00732	0.00732	0.01463	0.02195	0.03109	0.67505	0.05792	0.07316	0.01585	0.00914	0.00244	0.00366	0.01402	0.00854	0.00732
8	0.01919	0.01842	0.03147	0.04759	0.67914	0.01842	0.02380	0.02380	0.01765	0.02533	0.01458	0.01919	0.01228	0.00691	0.00768	0.00230	0.00921	0.00691	0.00384	0.01228
9	0.02078	0.01412	0.01601	0.01393	0.01800	0.01512	0.01092	0.09855	0.31319	0.14194	0.13944	0.06894	0.03146	0.01179	0.00805	0.00251	0.00583	0.00993	0.04840	0.01110
10	0.01108	0.00831	0.01246	0.01246	0.01385	0.00969	0.00969	0.01385	0.01246	0.01800	0.02077	0.03046	0.01938	0.05815	0.69678	0.01246	0.02077	0.00831	0.00415	0.00692
11	0.00945	0.00675	0.00900	0.01080	0.01125	0.00630	0.00720	0.01080	0.01484	0.01979	0.04274	0.72245	0.05128	0.02429	0.00990	0.00315	0.00450	0.02204	0.00720	0.00630
12	0.00945	0.00675	0.00900	0.01080	0.01125	0.00630	0.00720	0.01080	0.01484	0.01979	0.04274	0.72245	0.05128	0.02429	0.00990	0.00315	0.00450	0.02204	0.00720	0.00630
13	0.01608	0.01378	0.01608	0.01148	0.01837	0.01034	0.00919	0.01952	0.01608	0.02527	0.01378	0.01608	0.01148	0.00574	0.00574	0.00115	0.00574	0.00459	0.00459	0.77491
14	0.02073	0.73217	0.04063	0.01327	0.01990	0.03068	0.01327	0.02322	0.01575	0.01824	0.01078	0.01244	0.00995	0.00663	0.00498	0.00166	0.00829	0.00415	0.00332	0.00995
15	0.02076	0.02169	0.02766	0.03846	0.47393	0.16837	0.02082	0.02470	0.01863	0.02373	0.01638	0.02416	0.01467	0.00845	0.00780	0.00235	0.01009	0.06210	0.00417	0.01109
16	0.02669	0.02033	0.02170	0.01728	0.02298	0.02274	0.01406	0.48575	0.20853	0.04437	0.02216	0.02144	0.01606	0.00964	0.00779	0.00241	0.00788	0.00747	0.00779	0.01294
17	0.02756	0.02359	0.02249	0.01817	0.02340	0.14198	0.01467	0.44134	0.09626	0.04002	0.01823	0.01874	0.01350	0.00947	0.00875	0.00237	0.05378	0.00680	0.00683	0.01206
18	0.01671	0.01704	0.02801	0.17587	0.03170	0.02148	0.14378	0.02014	0.01396	0.02014	0.01207	0.01857	0.01053	0.01088	0.01828	0.00306	0.41809	0.00728	0.00351	0.00890
19	0.02947	0.02172	0.02327	0.01784	0.02404	0.02404	0.01474	0.65329	0.03646	0.04887	0.01862	0.01862	0.01319	0.00931	0.00776	0.00233	0.00853	0.00698	0.00776	0.01319
20	0.01919	0.01842	0.03147	0.04759	0.67914	0.01842	0.02380	0.02380	0.01765	0.02533	0.01458	0.01919	0.01228	0.00691	0.00768	0.00230	0.00921	0.00691	0.00384	0.01228
21	0.01806	0.01727	0.02944	0.21143	0.52411	0.01813	0.02324	0.02281	0.01712	0.02396	0.01439	0.01956	0.01180	0.00712	0.00769	0.00237	0.00949	0.00690	0.00374	0.01137
22	0.01919	0.01842	0.03147	0.04759	0.67914	0.01842	0.02380	0.02380	0.01765	0.02533	0.01458	0.01919	0.01228	0.00691	0.00768	0.00230	0.00921	0.00691	0.00384	0.01228
23	0.01929	0.01666	0.01753	0.01578	0.02016	0.01929	0.01227	0.04120	0.66513	0.03243	0.03156	0.02893	0.02367	0.01052	0.00789	0.00263	0.00614	0.00877	0.00789	0.01227
24	0.02897	0.01928	0.02081	0.01632	0.02211	0.05393	0.01329	0.38773	0.06220	0.20175	0.02245	0.04370	0.01620	0.00970	0.00771	0.00232	0.00795	0.00755	0.00786	0.04817
25	0.01097	0.00793	0.01036	0.00975	0.01158	0.00732	0.00732	0.01463	0.02195	0.03109	0.67505	0.05792	0.07316	0.01585	0.00914	0.00244	0.00366	0.01402	0.00854	0.00732
26	0.01880	0.01803	0.03077	0.10424	0.62554	0.01832	0.02360	0.02345	0.01747	0.02486	0.01452	0.01932	0.01212	0.00698	0.00768	0.00233	0.00931	0.00691	0.00380	0.01197
27	0.01794	0.01715	0.02921	0.22951	0.50700	0.01809	0.02317	0.02270	0.01706	0.02381	0.01436	0.01960	0.01175	0.00714	0.00770	0.00238	0.00952	0.00690	0.00373	0.01127
28	0.01895	0.01818	0.03104	0.08242	0.64618	0.01836	0.02368	0.02359	0.01754	0.02504	0.01454	0.01927	0.01218	0.00695	0.00768	0.00232	0.00927	0.00691	0.00382	0.01209
29	0.01929	0.01666	0.01753	0.01578	0.02016	0.01929	0.01227	0.04120	0.66513	0.03243	0.03156	0.02893	0.02367	0.01052	0.00789	0.00263	0.00614	0.00877	0.00789	0.01227
30	0.01051	0.00822	0.01253	0.01258	0.01393	0.00767	0.06496	0.01272	0.01639	0.02221	0.15022	0.54401	0.05154	0.02123	0.00970	0.00298	0.00512	0.01949	0.00714	0.00685
31	0.02869	0.06240	0.02278	0.01956	0.02382	0.62172	0.01490	0.07624	0.02280	0.02114	0.01242	0.01426	0.01022	0.00803	0.00697	0.00201	0.01337	0.00511	0.00424	0.00933
32	0.01608	0.01378	0.01608	0.01148	0.01837	0.01034	0.00919	0.01952	0.01608	0.02527	0.01378	0.01608	0.01148	0.00574	0.00574	0.00115	0.00574	0.00459	0.00459	0.77491
33	0.01081	0.00792	0.01013	0.00958	0.01148	0.00724	0.00718	0.01431	0.02155	0.03015	0.61956	0.05947	0.12924	0.01620	0.00915	0.00246	0.00368	0.01424	0.00841	0.00724
34	0.01114	0.00805	0.01117	0.01117	0.01211	0.00899	0.00809	0.01302	0.01208	0.01705	0.02195	0.03698	0.02222	0.27341	0.48540	0.01087	0.01651	0.00926	0.00433	0.00621
35	0.02000	0.63461	0.13180	0.01451	0.02183	0.02889	0.01544	0.02341	0.01584	0.01913	0.01122	0.01299	0.00993	0.00674	0.00531	0.00177	0.00874	0.00437	0.00331	0.01016
36	0.01715	0.02892	0.31337	0.02827	0.03762	0.01894	0.39139	0.02472	0.01750	0.02472	0.01495	0.01902	0.01095	0.00688	0.00841	0.00255	0.01240	0.00772	0.00365	0.01088
37	0.01897	0.01630	0.01730	0.01571	0.01997	0.01880	0.01228	0.04003	0.63499	0.03200	0.03200	0.03165	0.02464	0.01103	0.00802	0.00267	0.00618	0.03755	0.00785	0.01203
38	0.00990	0.00705	0.00936	0.01094	0.01156	0.00665	0.00756	0.01150	0.01531	0.02046	0.07504	0.59589	0.05067	0.05901	0.01142	0.00337	0.00485	0.07598	0.00714	0.00635
39	0.01712	0.01622	0.02706	0.34773	0.36243	0.01792	0.02222	0.02280	0.04740	0.02315	0.01502	0.02033	0.01193	0.00746	0.00772	0.00245	0.00958	0.00699	0.00385	0.01061
40	0.01108	0.00831	0.01246	0.01246	0.01385	0.00969	0.00969	0.01385	0.01246	0.01800	0.02077	0.03046	0.01938	0.05815	0.69678	0.01246	0.02077	0.00831	0.00415	0.00692
41	0.01895	0.01835	0.03184	0.07548	0.61986	0.01843	0.05530	0.02368	0.01759	0.02507	0.01461	0.01934	0.01217	0.00693	0.00775	0.00233	0.00945	0.00702	0.00383	0.01203
42	0.01055	0.00791	0.00984	0.00973	0.01165	0.00719	0.00738	0.01364	0.02011	0.02725	0.43753	0.10930	0.21501	0.01778	0.00933	0.00262	0.00406	0.06408	0.00801	0.00705
43	0.05278	0.01561	0.02411	0.41964	0.17958	0.01793	0.02005	0.07549	0.01758	0.02443	0.01412	0.01946	0.01096	0.00776	0.00804	0.00245	0.03095	0.00666	0.00402	0.04838
44	0.01272	0.01099	0.01640	0.08073	0.12495	0.01070	0.04563	0.01628	0.01843	0.02427	0.17663	0.05675	0.23668	0.01534	0.00906	0.00269	0.00635	0.12086	0.00641	0.00813
45	0.33388	0.01699	0.01694	0.04771	0.05463	0.04389	0.01214	0.21773	0.02150	0.03542	0.01806	0.08352	0.01599	0.01018	0.00686	0.00249	0.00738	0.03891	0.00591	0.00987
46	0.01741	0.17314	0.53226	0.02002	0.03030	0.02017	0.02490	0.02488	0.01651	0.05257	0.01405	0.01605	0.01026	0.00732	0.00692	0.00230	0.01063	0.00551	0.00356	0.01124
47	0.00972	0.00695	0.00928	0.01086	0.01149	0.00651	0.00744	0.01138	0.01562	0.02097	0.09992	0.63396	0.05297	0.02340	0.00986	0.00310	0.00454	0.04828	0.00732	0.00643
48	0.01663	0.01668	0.02697	0.33788	0.13346	0.05278	0.12822	0.02129	0.01648	0.02180	0.01549	0.05667	0.01309	0.00842	0.00872	0.00247	0.04291	0.00780	0.00390	0.06834
49	0.19060	0.01883	0.01954	0.01538	0.02117	0.03908	0.01265	0.36457	0.02793	0.18641	0.01943	0.01893	0.01341	0.00889	0.00712	0.00235	0.00772	0.00651	0.00743	0.01205
50	0.01464	0.01378	0.02326	0.70887	0.05340	0.01723	0.02153	0.01981	0.01550	0.01981	0.01378	0.02067	0.01034	0.00775	0.00775	0.00258	0.01034	0.00689	0.00345	0.00861
51	0.01744	0.01471	0.01594	0.01444	0.01825	0.01662	0.01117	0.03529	0.52207	0.03214	0.17469	0.03538	0.03468	0.01171	0.00817	0.00259	0.00559	0.00994	0.00803	0.01117
52	0.00945	0.00675	0.00900	0.01080	0.01125	0.00630	0.00720	0.01080	0.01484	0.01979	0.04274	0.72245	0.05128	0.02429	0.00990	0.00315	0.00450	0.02204	0.00720	0.00630
53	0.02908	0.03356	0.02226	0.01950	0.02399	0.54683	0.01493	0.16939	0.02519	0.02562	0.01346	0.01501	0.01070	0.00828	0.00716	0.00207	0.01277	0.00544	0.00483	0.00992
54	0.00992	0.00710	0.00949	0.01098	0.01173	0.00667	0.00769	0.01178	0.01605	0.02159	0.12584	0.57731	0.05356	0.02292	0.00987	0.00309	0.00463	0.07589	0.00737	0.00651
55	0.02947	0.02172	0.02327	0.01784	0.02404	0.02404	0.01474	0.65329	0.03646	0.04887	0.01862	0.01862	0.01319	0.00931	0.00776	0.00233	0.00853	0.00698	0.00776	0.01319
56	0.01097	0.00793	0.01036	0.00975	0.01158	0.00732	0.00732	0.01463	0.02195	0.03109	0.67505	0.05792	0.07316	0.01585	0.00914	0.00244	0.00366	0.01402	0.00854	0.00732
57	0.01347	0.00673	0.01010	0.01010	0.01010	0.00673	0.00673	0.01010	0.01010	0.01347	0.01347	0.02357	0.01347	0.02694	0.03030	0.77441	0.00673	0.00673	0.00337	0.00337
58	0.01696	0.01696	0.02375	0.02036	0.02036	0.02375	0.01696	0.01866	0.01187	0.01866	0.01018	0.01696	0.01018	0.01357	0.02545	0.00339	0.71332	0.00679	0.00339	0.00848
59	0.02771	0.04190	0.01815	0.01465	0.01919	0.07583	0.01212	0.03057	0.02031	0.41589	0.02945	0.06361	0.02345	0.01228	0.00913	0.00263	0.04360	0.12048	0.00797	0.01106
60	0.01796	0.13765	0.53617	0.02011	0.03040	0.01926	0.02494	0.02551	0.01678	0.08067	0.01490	0.01667	0.01065	0.00745	0.00706	0.00234	0.01058	0.00568	0.00383	0.01139
61	0.01801	0.01525	0.01842	0.16745	0.02680	0.04459	0.01261	0.05442	0.01761	0.05822	0.01480	0.01766	0.01164	0.00668	0.00646	0.00163	0.00734	0.00541	0.00473	0.49030
62	0.01008	0.00721	0.00967	0.01115	0.01197	0.00680	0.00796	0.01204	0.01620	0.02176	0.12575	0.54532	0.05322	0.02277	0.00991	0.00311	0.00476	0.10637	0.00737	0.00655
63	0.42271	0.01439	0.01669	0.30182	0.03127	0.01701	0.01403	0.02234	0.01463	0.06276	0.01308	0.01669	0.00977	0.00756	0.00619	0.00248	0.00784	0.00551	0.00449	0.00874
64	0.01485	0.01400	0.02364	0.67808	0.08254	0.01728	0.02164	0.02000	0.01560	0.02007	0.01382	0.02060	0.01043	0.00771	0.00775	0.00257	0.01028	0.00689	0.00346	0.00878
65	0.02896	0.03695	0.02197	0.01998	0.02397	0.69638	0.01498	0.03096	0.02197	0.01898	0.01199	0.01398	0.00999	0.00799	0.00699	0.00200	0.01398	0.00499	0.00400	0.00899
66	0.01025	0.00759	0.00960	0.00994	0.01148	0.00694	0.00726	0.01290	0.01883	0.02548	0.34784	0.26736	0.17064	0.01936	0.00945	0.00274	0.00412	0.04355	0.00783	0.00686
67	0.01128	0.00752	0.00846	0.00846	0.00846	0.00752	0.00470	0.01128	0.01128	0.01503	0.02443	0.05074	0.02819	0.72751	0.03946	0.00752	0.00752	0.01128	0.00470	0.00470
68	0.00945	0.00675	0.00900	0.01080	0.01125	0.00630	0.00720	0.01080	0.01484	0.01979	0.04274	0.72245	0.05128	0.02429	0.00990	0.00315	0.00450	0.02204	0.00720	0.00630
69	0.78228	0.01499	0.01140	0.01020	0.01499	0.01739	0.00840	0.02279	0.01320	0.03479	0.01080	0.01260	0.00840	0.00720	0.00480	0.00240	0.00600	0.00420	0.00480	0.00840
70	0.01555	0.04011	0.68733	0.02210	0.03356	0.01801	0.02865	0.02455	0.01637	0.02455	0.01391	0.01637	0.00982	0.00737	0.00737	0.00246	0.01146	0.00573	0.00327	0.01146
71	0.01090	0.00787	0.01030	0.00980	0.01157	0.00727	0.00731	0.01445	0.02161	0.03056	0.64504	0.08946	0.07212	0.01625	0.00918	0.00247	0.00370	0.01440	0.00847	0.00727
72	0.01555	0.04011	0.68733	0.02210	0.03356	0.01801	0.02865	0.02455	0.01637	0.02455	0.01391	0.01637	0.00982	0.00737	0.00737	0.00246	0.01146	0.00573	0.00327	0.01146
73	0.01155	0.00797	0.01050	0.01018	0.01196	0.00737	0.00762	0.01490	0.02092	0.04869	0.55375	0.14015	0.06778	0.01692	0.00926	0.00257	0.00398	0.03824	0.00835	0.00736
74	0.11873	0.01728	0.07706	0.07836	0.02461	0.01542	0.04728	0.10270	0.06001	0.26219	0.02147	0.02147	0.01480	0.00846	0.00721	0.00231	0.00766	0.00684	0.03007	0.07609
75	0.00960	0.00685	0.00917	0.01097	0.01148	0.00643	0.00746	0.01105	0.01499	0.01996	0.04265	0.69151	0.05096	0.02415	0.00994	0.00317	0.00463	0.05152	0.00719	0.00634
