[name]
unknown

[dist]
# distance from previous block
# <min> <max>
28	68

[block]
# block no. 0 follows, 23 sequences, length 63
# corresponding to MSA columns:
# 81-143
name=unknown_A
#
# <colnr> <probs for GDERKNQSTAVLIFYWHMCP>
#	G	D	E	R	K	N	Q	S	T	A	V	L	I	F	Y	W	H	M	C	P
0	0.01904	0.02137	0.07928	0.05663	0.07993	0.02018	0.36777	0.05493	0.01874	0.02637	0.01582	0.02089	0.01232	0.00817	0.01121	0.00270	0.10397	0.00838	0.03227	0.04003
1	0.06573	0.01408	0.01484	0.06991	0.01923	0.07040	0.01072	0.04278	0.10903	0.05543	0.19088	0.05826	0.06867	0.05626	0.04871	0.00340	0.00756	0.01039	0.04455	0.03916
2	0.02015	0.01896	0.03160	0.11472	0.56832	0.01946	0.02417	0.05628	0.01927	0.02719	0.01540	0.02021	0.01269	0.00745	0.00805	0.00244	0.00972	0.00723	0.00419	0.01251
3	0.01645	0.01403	0.01643	0.01198	0.01883	0.01059	0.00950	0.01994	0.01676	0.02613	0.01606	0.05420	0.01427	0.00706	0.00624	0.00131	0.00594	0.00579	0.00495	0.72355
4	0.01093	0.00750	0.00911	0.00996	0.01018	0.00729	0.00611	0.01157	0.01350	0.01800	0.03427	0.35148	0.04049	0.40146	0.02723	0.00579	0.00643	0.01692	0.00611	0.00568
5	0.02580	0.01506	0.01848	0.01767	0.07520	0.03747	0.01276	0.06771	0.13994	0.29588	0.03403	0.11484	0.05936	0.01284	0.00860	0.00268	0.00705	0.03445	0.00832	0.01188
6	0.74077	0.01599	0.01245	0.01101	0.01609	0.01850	0.00907	0.04981	0.01484	0.03703	0.01164	0.01345	0.00900	0.00763	0.00515	0.00251	0.00639	0.00452	0.00515	0.00900
7	0.01892	0.01809	0.03083	0.20817	0.51497	0.01897	0.02432	0.02388	0.01792	0.02509	0.01506	0.02046	0.01235	0.00745	0.00805	0.00248	0.00993	0.00723	0.00392	0.01191
8	0.01132	0.00810	0.00966	0.00945	0.01147	0.00736	0.00702	0.01452	0.02057	0.02868	0.38997	0.10660	0.21993	0.01736	0.00916	0.00257	0.00396	0.01503	0.09990	0.00736
9	0.01180	0.00787	0.00885	0.00885	0.00885	0.00787	0.00492	0.01180	0.01180	0.01573	0.02557	0.05310	0.02950	0.71483	0.04130	0.00787	0.00787	0.01180	0.00492	0.00492
10	0.01159	0.00869	0.01304	0.01304	0.01449	0.01014	0.01014	0.01449	0.01304	0.01884	0.02173	0.03188	0.02029	0.06086	0.68268	0.01304	0.02173	0.00869	0.00435	0.00724
11	0.00989	0.00706	0.00942	0.01130	0.01177	0.00659	0.00753	0.01130	0.01554	0.02071	0.04472	0.70954	0.05367	0.02542	0.01036	0.00330	0.00471	0.02307	0.00753	0.00659
12	0.02144	0.67440	0.04138	0.01436	0.02086	0.03164	0.01413	0.02399	0.01623	0.01912	0.01124	0.01332	0.01043	0.00741	0.00659	0.00185	0.05330	0.00452	0.00348	0.01031
13	0.00989	0.00706	0.00942	0.01130	0.01177	0.00659	0.00753	0.01130	0.01554	0.02071	0.04472	0.70954	0.05367	0.02542	0.01036	0.00330	0.00471	0.02307	0.00753	0.00659
14	0.01698	0.01531	0.02136	0.01555	0.02247	0.01250	0.10736	0.02188	0.04287	0.02706	0.05715	0.02098	0.01674	0.00702	0.00689	0.00159	0.00708	0.00636	0.00510	0.56775
15	0.02500	0.01757	0.01907	0.01532	0.01985	0.01918	0.01213	0.42556	0.02975	0.04080	0.02067	0.02555	0.01670	0.10069	0.01406	0.06905	0.00798	0.00789	0.10217	0.01100
16	0.03038	0.03665	0.02317	0.02062	0.02509	0.59895	0.01565	0.10907	0.02492	0.02382	0.01342	0.01525	0.01088	0.00854	0.00742	0.00213	0.01391	0.00549	0.00468	0.00996
17	0.01842	0.01615	0.02696	0.30723	0.32615	0.01751	0.02222	0.02330	0.01784	0.05868	0.01823	0.02731	0.01535	0.00906	0.00835	0.00265	0.00978	0.05948	0.00447	0.01088
18	0.01924	0.01647	0.02257	0.15882	0.18618	0.01816	0.01724	0.06296	0.24771	0.04913	0.07026	0.02933	0.04610	0.01016	0.00831	0.00262	0.00797	0.00886	0.00635	0.01157
19	0.03087	0.01712	0.02020	0.01610	0.02201	0.01756	0.01310	0.20214	0.18304	0.34427	0.02887	0.02608	0.01955	0.01020	0.00817	0.00255	0.00733	0.00818	0.00908	0.01357
20	0.01689	0.03770	0.53978	0.02548	0.03667	0.01920	0.15870	0.02576	0.01756	0.02576	0.01496	0.01814	0.01071	0.00752	0.00811	0.00261	0.01235	0.00676	0.00357	0.01177
21	0.02354	0.01658	0.01934	0.04292	0.04692	0.01800	0.01336	0.16014	0.28869	0.13852	0.05883	0.08717	0.02566	0.01184	0.00844	0.00267	0.00704	0.00993	0.00814	0.01227
22	0.00989	0.00706	0.00942	0.01130	0.01177	0.00659	0.00753	0.01130	0.01554	0.02071	0.04472	0.70954	0.05367	0.02542	0.01036	0.00330	0.00471	0.02307	0.00753	0.00659
23	0.01627	0.04197	0.67279	0.02313	0.03512	0.01884	0.02998	0.02570	0.01713	0.02570	0.01456	0.01713	0.01028	0.00771	0.00771	0.00257	0.01199	0.00600	0.00343	0.01199
24	0.07728	0.02217	0.02443	0.13530	0.15145	0.12616	0.01773	0.22976	0.05456	0.05810	0.01728	0.01955	0.01300	0.00869	0.00777	0.00244	0.00990	0.00686	0.00583	0.01174
25	0.02141	0.68451	0.07526	0.01436	0.02157	0.03142	0.01472	0.02437	0.01652	0.01943	0.01145	0.01323	0.01041	0.00698	0.00534	0.00178	0.00885	0.00442	0.00347	0.01050
26	0.00960	0.00817	0.00828	0.00836	0.01100	0.00684	0.00623	0.01163	0.01836	0.02186	0.08046	0.10746	0.63268	0.02078	0.00963	0.00277	0.00414	0.01740	0.00753	0.00684
27	0.01957	0.01900	0.03260	0.04433	0.53024	0.01897	0.08846	0.02566	0.05929	0.02675	0.01921	0.02325	0.03946	0.00796	0.00827	0.00248	0.00964	0.00800	0.00444	0.01241
28	0.01972	0.07813	0.16110	0.04768	0.10860	0.08263	0.08720	0.08053	0.09797	0.02720	0.02118	0.11255	0.01882	0.01054	0.00820	0.00257	0.00990	0.00920	0.00523	0.01105
29	0.00989	0.00706	0.00942	0.01130	0.01177	0.00659	0.00753	0.01130	0.01554	0.02071	0.04472	0.70954	0.05367	0.02542	0.01036	0.00330	0.00471	0.02307	0.00753	0.00659
30	0.77215	0.01569	0.01193	0.01067	0.01569	0.01820	0.00879	0.02385	0.01381	0.03641	0.01130	0.01318	0.00879	0.00753	0.00502	0.00251	0.00628	0.00439	0.00502	0.00879
31	0.77215	0.01569	0.01193	0.01067	0.01569	0.01820	0.00879	0.02385	0.01381	0.03641	0.01130	0.01318	0.00879	0.00753	0.00502	0.00251	0.00628	0.00439	0.00502	0.00879
32	0.01975	0.01683	0.01769	0.01582	0.02033	0.01915	0.01233	0.07465	0.55129	0.03375	0.03711	0.03439	0.08724	0.01188	0.00838	0.00273	0.00634	0.00985	0.00818	0.01230
33	0.01124	0.00828	0.01051	0.00996	0.01198	0.00755	0.00747	0.01485	0.02240	0.03119	0.58669	0.06283	0.15065	0.01709	0.00957	0.00258	0.00386	0.01499	0.00876	0.00755
34	0.01659	0.08151	0.63602	0.02259	0.03429	0.01962	0.02904	0.02562	0.01709	0.02531	0.01437	0.01689	0.01029	0.00766	0.00756	0.00252	0.01180	0.00590	0.00343	0.01190
35	0.01975	0.01894	0.03234	0.09472	0.62189	0.01919	0.02474	0.02461	0.01832	0.02611	0.01520	0.02019	0.01271	0.00729	0.00804	0.00243	0.00972	0.00723	0.00399	0.01259
36	0.01180	0.00787	0.00885	0.00885	0.00885	0.00787	0.00492	0.01180	0.01180	0.01573	0.02557	0.05310	0.02950	0.71483	0.04130	0.00787	0.00787	0.01180	0.00492	0.00492
37	0.01173	0.00784	0.00887	0.00894	0.00896	0.00782	0.00502	0.01178	0.01194	0.01593	0.02630	0.07839	0.03043	0.68828	0.04011	0.00769	0.00774	0.01223	0.00502	0.00498
38	0.03085	0.02273	0.02435	0.01867	0.02516	0.02516	0.01542	0.63716	0.03815	0.05114	0.01948	0.01948	0.01380	0.00974	0.00812	0.00244	0.00893	0.00731	0.00812	0.01380
39	0.02008	0.01928	0.03294	0.04981	0.66422	0.01928	0.02490	0.02490	0.01848	0.02651	0.01526	0.02008	0.01285	0.00723	0.00803	0.00241	0.00964	0.00723	0.00402	0.01285
40	0.01798	0.25470	0.47496	0.02023	0.03063	0.02301	0.02493	0.02526	0.01693	0.02362	0.01353	0.01584	0.01032	0.00747	0.00692	0.00231	0.01095	0.00548	0.00344	0.01150
41	0.00959	0.00822	0.00822	0.00822	0.01096	0.00685	0.00617	0.01165	0.01850	0.02192	0.08220	0.07809	0.66092	0.02055	0.00959	0.00274	0.00411	0.01713	0.00754	0.00685
42	0.01852	0.01768	0.03011	0.26212	0.46414	0.01887	0.02412	0.02353	0.01774	0.02461	0.01499	0.02059	0.01218	0.00752	0.00806	0.00251	0.01003	0.00722	0.00388	0.01159
43	0.01159	0.00869	0.01304	0.01304	0.01449	0.01014	0.01014	0.01449	0.01304	0.01884	0.02173	0.03188	0.02029	0.06086	0.68268	0.01304	0.02173	0.00869	0.00435	0.00724
44	0.00989	0.00706	0.00942	0.01130	0.01177	0.00659	0.00753	0.01130	0.01554	0.02071	0.04472	0.70954	0.05367	0.02542	0.01036	0.00330	0.00471	0.02307	0.00753	0.00659
45	0.01148	0.00829	0.01085	0.01021	0.01212	0.00766	0.00766	0.01531	0.02297	0.03254	0.65994	0.06061	0.07656	0.01659	0.00957	0.00255	0.00383	0.01467	0.00893	0.00766
46	0.03085	0.02273	0.02435	0.01867	0.02516	0.02516	0.01542	0.63716	0.03815	0.05114	0.01948	0.01948	0.01380	0.00974	0.00812	0.00244	0.00893	0.00731	0.00812	0.01380
47	0.02866	0.11759	0.02489	0.01908	0.02387	0.46583	0.01496	0.12895	0.02439	0.02531	0.01415	0.01593	0.01146	0.00846	0.00711	0.00209	0.01249	0.00556	0.03904	0.01016
48	0.02008	0.01928	0.03294	0.04981	0.66422	0.01928	0.02490	0.02490	0.01848	0.02651	0.01526	0.02008	0.01285	0.00723	0.00803	0.00241	0.00964	0.00723	0.00402	0.01285
49	0.01651	0.01545	0.02487	0.40694	0.12109	0.01652	0.05462	0.02147	0.01682	0.02317	0.01464	0.02025	0.01145	0.00740	0.00766	0.00229	0.00963	0.00675	0.00399	0.19846
50	0.01677	0.08472	0.60084	0.02308	0.03456	0.01978	0.05920	0.02562	0.01719	0.02529	0.01444	0.01710	0.01039	0.00762	0.00764	0.00252	0.01186	0.00607	0.00346	0.01184
51	0.03465	0.01420	0.01878	0.01466	0.02076	0.01282	0.01203	0.03993	0.09111	0.60092	0.03212	0.02791	0.02059	0.01015	0.00817	0.00254	0.00685	0.00827	0.00985	0.01370
52	0.01722	0.01628	0.02725	0.41454	0.28644	0.01815	0.02279	0.02231	0.01712	0.02322	0.01474	0.02080	0.01165	0.00767	0.00798	0.00252	0.01013	0.00710	0.00382	0.04828
53	0.01295	0.01022	0.01441	0.01375	0.01475	0.01246	0.01064	0.01529	0.01296	0.01912	0.02042	0.03200	0.01975	0.13728	0.44023	0.01002	0.14567	0.00876	0.04208	0.00725
54	0.01374	0.00883	0.01167	0.01085	0.01314	0.00812	0.00834	0.01750	0.02274	0.08729	0.56952	0.05956	0.06993	0.01636	0.00954	0.00262	0.00431	0.04882	0.00894	0.00818
55	0.02011	0.02253	0.03716	0.09905	0.08113	0.11104	0.34130	0.02516	0.01820	0.02356	0.01463	0.02005	0.01166	0.00845	0.01188	0.00276	0.12887	0.00816	0.00396	0.01032
56	0.13019	0.01344	0.01677	0.24193	0.02854	0.01568	0.01361	0.09542	0.01861	0.02996	0.01850	0.02286	0.01428	0.00899	0.00774	0.00241	0.04199	0.00692	0.26308	0.00906
57	0.01010	0.00719	0.00949	0.01110	0.01164	0.00673	0.00740	0.01160	0.01586	0.02128	0.08653	0.63029	0.05400	0.06062	0.01191	0.00348	0.00481	0.02190	0.00749	0.00658
58	0.18599	0.01336	0.01856	0.33567	0.06759	0.01551	0.01602	0.02001	0.01668	0.02620	0.09878	0.08678	0.02380	0.01104	0.00790	0.00272	0.00819	0.03138	0.00510	0.00872
59	0.01910	0.01916	0.03602	0.18198	0.06498	0.01960	0.33954	0.08098	0.01979	0.02708	0.01625	0.02144	0.01235	0.00775	0.00939	0.00262	0.03776	0.00835	0.03099	0.04485
60	0.02290	0.50156	0.08317	0.01591	0.02269	0.11731	0.01532	0.06156	0.05280	0.02231	0.01333	0.01483	0.01138	0.00757	0.00600	0.00194	0.00961	0.00501	0.00409	0.01072
61	0.02829	0.02063	0.02209	0.01717	0.02314	0.02258	0.01408	0.52847	0.05494	0.04741	0.02047	0.02087	0.01483	0.00961	0.00778	0.00234	0.00819	0.00730	0.08761	0.04222
62	0.01643	0.01407	0.01692	0.05178	0.02096	0.01106	0.01026	0.02016	0.01714	0.02646	0.05135	0.01961	0.01564	0.00674	0.00634	0.00137	0.00616	0.00551	0.00497	0.67707

[dist]
# distance from previous block
# <min> <max>
0	1

[block]
# block no. 1 follows, 23 sequences, length 9
# corresponding to MSA columns:
# 145-153
name=unknown_B
#
# <colnr> <probs for GDERKNQSTAVLIFYWHMCP>
#	G	D	E	R	K	N	Q	S	T	A	V	L	I	F	Y	W	H	M	C	P
0	0.02031	0.01567	0.01813	0.01321	0.02025	0.01311	0.01067	0.11726	0.02056	0.07329	0.01638	0.01796	0.01283	0.00686	0.00648	0.00148	0.00652	0.00542	0.00567	0.59795
1	0.16439	0.02146	0.02211	0.01723	0.02346	0.02391	0.01423	0.52667	0.03377	0.04848	0.01801	0.01835	0.01290	0.00934	0.00756	0.00245	0.00845	0.00678	0.00756	0.01290
2	0.01558	0.01310	0.01549	0.01189	0.01789	0.01006	0.00924	0.01879	0.01659	0.02541	0.01988	0.14162	0.01952	0.00951	0.00679	0.00158	0.00577	0.00810	0.00530	0.62791
3	0.15854	0.30290	0.12219	0.01870	0.02616	0.02497	0.12716	0.08613	0.01874	0.02761	0.01348	0.01585	0.01078	0.00742	0.00659	0.00224	0.00962	0.00582	0.00433	0.01077
4	0.03145	0.02176	0.02375	0.01821	0.02468	0.02372	0.01504	0.57211	0.03653	0.11848	0.02085	0.02037	0.01448	0.00977	0.00812	0.00244	0.00871	0.00740	0.00833	0.01380
5	0.47717	0.01544	0.01429	0.01201	0.01748	0.01645	0.00977	0.02747	0.08470	0.11734	0.01685	0.01749	0.01250	0.00800	0.00594	0.00233	0.00633	0.00547	0.00600	0.12696
6	0.01970	0.02008	0.02740	0.02151	0.02663	0.11944	0.20953	0.08402	0.02044	0.02662	0.05065	0.13681	0.02200	0.01132	0.00983	0.00252	0.05616	0.01032	0.00539	0.11964
7	0.02499	0.01911	0.02031	0.01638	0.02183	0.02092	0.01327	0.41185	0.15053	0.04261	0.03335	0.03209	0.13246	0.01193	0.00841	0.00255	0.00759	0.00943	0.00804	0.01237
8	0.02709	0.02034	0.02192	0.01760	0.02319	0.02253	0.01423	0.48241	0.13061	0.04543	0.02411	0.09031	0.01949	0.01151	0.00836	0.00257	0.00812	0.00917	0.00808	0.01293

[dist]
# distance from previous block
# <min> <max>
14	27

[block]
# block no. 2 follows, 23 sequences, length 17
# corresponding to MSA columns:
# 188-204
name=unknown_C
#
# <colnr> <probs for GDERKNQSTAVLIFYWHMCP>
#	G	D	E	R	K	N	Q	S	T	A	V	L	I	F	Y	W	H	M	C	P
0	0.01852	0.05793	0.08027	0.02528	0.03286	0.01773	0.36278	0.02430	0.01889	0.04713	0.07302	0.02371	0.01795	0.00771	0.00847	0.00235	0.01071	0.00853	0.00478	0.15709
1	0.02580	0.01404	0.01770	0.01598	0.05289	0.01392	0.01184	0.03475	0.20735	0.31950	0.11315	0.03407	0.02913	0.05944	0.01064	0.00295	0.00657	0.00951	0.00870	0.01206
2	0.06626	0.39841	0.17048	0.01633	0.02387	0.02525	0.03522	0.02638	0.06064	0.05833	0.03983	0.01798	0.01441	0.00796	0.00640	0.00213	0.00895	0.00579	0.00447	0.01091
3	0.02253	0.05450	0.02002	0.01705	0.04657	0.01912	0.01288	0.07475	0.42404	0.11883	0.02966	0.02948	0.02254	0.05877	0.01033	0.00298	0.00699	0.00876	0.00783	0.01236
4	0.01462	0.00944	0.01135	0.01074	0.01245	0.00920	0.00755	0.04164	0.03807	0.07693	0.19464	0.08930	0.08057	0.30853	0.02275	0.00489	0.00633	0.04663	0.00705	0.00732
5	0.01719	0.01124	0.01565	0.18273	0.02497	0.01112	0.01206	0.02095	0.02015	0.14909	0.23464	0.04502	0.15068	0.01328	0.00872	0.00253	0.00635	0.01140	0.00731	0.05491
6	0.02026	0.01329	0.01758	0.01875	0.12924	0.01260	0.01227	0.02651	0.11308	0.18338	0.13641	0.04181	0.16381	0.01267	0.00853	0.00249	0.00618	0.01083	0.00767	0.06262
7	0.02755	0.02096	0.02435	0.16234	0.03169	0.02365	0.01693	0.50628	0.03350	0.04468	0.01841	0.01994	0.01317	0.00939	0.00812	0.00249	0.00933	0.00729	0.00716	0.01278
8	0.01584	0.01513	0.02445	0.55222	0.04854	0.01948	0.02152	0.02048	0.01542	0.02048	0.01362	0.02081	0.01078	0.00941	0.01204	0.00288	0.15714	0.00719	0.00359	0.00898
9	0.61146	0.01542	0.01456	0.15604	0.02423	0.01817	0.01171	0.02319	0.01432	0.03308	0.01196	0.01498	0.00922	0.00766	0.00568	0.00255	0.00724	0.00499	0.00472	0.00884
10	0.01907	0.01825	0.03111	0.18686	0.53506	0.01901	0.02440	0.02402	0.01800	0.02528	0.01508	0.02041	0.01242	0.00742	0.00805	0.00247	0.00989	0.00723	0.00393	0.01204
11	0.03085	0.02273	0.02435	0.01867	0.02516	0.02516	0.01542	0.63716	0.03815	0.05114	0.01948	0.01948	0.01380	0.00974	0.00812	0.00244	0.00893	0.00731	0.00812	0.01380
12	0.01029	0.00723	0.00930	0.01078	0.01115	0.00686	0.00698	0.01140	0.01474	0.01966	0.04066	0.57016	0.04854	0.17180	0.01693	0.00427	0.00538	0.02068	0.00698	0.00624
13	0.01140	0.00823	0.01077	0.01026	0.01210	0.00760	0.00765	0.01511	0.02259	0.03194	0.62868	0.09358	0.07540	0.01704	0.00961	0.00259	0.00387	0.01510	0.00886	0.00760
14	0.01671	0.07041	0.61142	0.02413	0.06774	0.01945	0.02901	0.02559	0.01717	0.02545	0.01446	0.01711	0.01042	0.00765	0.00762	0.00252	0.01172	0.00599	0.00346	0.01197
15	0.01795	0.01710	0.02908	0.33914	0.39155	0.01872	0.02384	0.02303	0.01747	0.02392	0.01489	0.02078	0.01194	0.00763	0.00807	0.00254	0.01017	0.00722	0.00383	0.01113
16	0.01678	0.00947	0.01254	0.01111	0.01395	0.00856	0.00856	0.02046	0.02302	0.16785	0.52661	0.05361	0.06457	0.01520	0.00927	0.00254	0.00448	0.01329	0.00917	0.00896

[dist]
# distance from previous block
# <min> <max>
3	6

[block]
# block no. 3 follows, 23 sequences, length 37
# corresponding to MSA columns:
# 211-247
name=unknown_D
#
# <colnr> <probs for GDERKNQSTAVLIFYWHMCP>
#	G	D	E	R	K	N	Q	S	T	A	V	L	I	F	Y	W	H	M	C	P
0	0.19207	0.09460	0.46490	0.01944	0.02937	0.01984	0.02367	0.02515	0.01630	0.02761	0.01352	0.01586	0.00994	0.00760	0.00687	0.00248	0.01038	0.00548	0.00380	0.01111
1	0.01480	0.01379	0.02269	0.58206	0.07491	0.01665	0.02061	0.01973	0.01649	0.02107	0.02155	0.05415	0.06895	0.00985	0.00833	0.00272	0.00994	0.00871	0.00412	0.00888
2	0.01069	0.00802	0.00967	0.00970	0.01145	0.00726	0.00697	0.01326	0.01944	0.02599	0.33261	0.17675	0.23754	0.07911	0.01243	0.00319	0.00441	0.01658	0.00794	0.00700
3	0.01903	0.02101	0.04375	0.06516	0.12312	0.02046	0.49755	0.02530	0.01860	0.02551	0.01589	0.02144	0.01223	0.00731	0.01015	0.00273	0.04667	0.00904	0.00404	0.01101
4	0.01366	0.01051	0.01308	0.01381	0.01630	0.01073	0.01155	0.02052	0.12995	0.02622	0.09297	0.07636	0.14147	0.01969	0.01031	0.00332	0.00649	0.36700	0.00773	0.00833
5	0.02895	0.15013	0.02644	0.01943	0.02439	0.48464	0.01534	0.11309	0.02397	0.02397	0.01327	0.01502	0.01090	0.00831	0.00707	0.00208	0.01287	0.00536	0.00460	0.01017
6	0.09248	0.01682	0.02713	0.32572	0.33633	0.01863	0.02228	0.02299	0.01704	0.02499	0.01451	0.02007	0.01157	0.00764	0.00777	0.00255	0.00982	0.00694	0.00394	0.01079
7	0.00982	0.00829	0.00854	0.00866	0.01134	0.00701	0.00661	0.01198	0.01851	0.02207	0.07965	0.07897	0.62093	0.02067	0.00970	0.00280	0.00433	0.05570	0.00753	0.00689
8	0.00987	0.00712	0.00936	0.01115	0.01173	0.00660	0.00747	0.01132	0.01568	0.02077	0.04653	0.67916	0.08288	0.02519	0.01032	0.00327	0.00468	0.02278	0.00753	0.00660
9	0.03194	0.02097	0.02326	0.01783	0.02428	0.02255	0.01473	0.51910	0.03520	0.17337	0.02196	0.02109	0.01504	0.00980	0.00813	0.00245	0.00853	0.00747	0.00850	0.01380
10	0.02942	0.03699	0.02386	0.02341	0.08046	0.62482	0.01648	0.03175	0.02260	0.02044	0.01278	0.01511	0.01066	0.00826	0.00738	0.00212	0.01420	0.00540	0.00417	0.00971
11	0.03641	0.01381	0.01883	0.01444	0.02071	0.01193	0.01193	0.03954	0.02322	0.66984	0.03201	0.02762	0.02009	0.01004	0.00816	0.00251	0.00690	0.00816	0.01004	0.01381
12	0.01004	0.00718	0.00956	0.01119	0.01180	0.00670	0.00754	0.01170	0.01627	0.02188	0.10564	0.64529	0.05593	0.02455	0.01028	0.00322	0.00462	0.02224	0.00767	0.00670
13	0.01711	0.14598	0.57607	0.02171	0.03293	0.02088	0.02751	0.02548	0.01703	0.02468	0.01406	0.01650	0.01030	0.00759	0.00733	0.00244	0.01148	0.00574	0.00343	0.01175
14	0.01398	0.00712	0.01068	0.01068	0.01075	0.00719	0.00719	0.01075	0.01068	0.01431	0.01444	0.02499	0.01437	0.02966	0.06097	0.73018	0.00771	0.00712	0.00356	0.00369
15	0.77215	0.01569	0.01193	0.01067	0.01569	0.01820	0.00879	0.02385	0.01381	0.03641	0.01130	0.01318	0.00879	0.00753	0.00502	0.00251	0.00628	0.00439	0.00502	0.00879
16	0.01148	0.00829	0.01085	0.01021	0.01212	0.00766	0.00766	0.01531	0.02297	0.03254	0.65994	0.06061	0.07656	0.01659	0.00957	0.00255	0.00383	0.01467	0.00893	0.00766
17	0.02008	0.01928	0.03294	0.04981	0.66422	0.01928	0.02490	0.02490	0.01848	0.02651	0.01526	0.02008	0.01285	0.00723	0.00803	0.00241	0.00964	0.00723	0.00402	0.01285
18	0.00998	0.00824	0.00876	0.00863	0.01120	0.00702	0.00647	0.01240	0.01942	0.02410	0.20102	0.07450	0.54075	0.01974	0.00959	0.00270	0.00405	0.01662	0.00782	0.00702
19	0.01023	0.00731	0.00938	0.01075	0.01137	0.00684	0.00713	0.01164	0.01567	0.02089	0.08426	0.54957	0.08175	0.11553	0.01435	0.00382	0.00504	0.02074	0.00728	0.00645
20	0.01261	0.01014	0.01479	0.01421	0.01535	0.01245	0.01116	0.01519	0.01288	0.01881	0.02009	0.03052	0.01912	0.08279	0.54598	0.01125	0.13242	0.00857	0.00424	0.00741
21	0.01022	0.00803	0.00924	0.00940	0.01147	0.00705	0.00688	0.01270	0.01930	0.02493	0.25113	0.19117	0.36908	0.02026	0.00973	0.00279	0.00414	0.01749	0.00796	0.00705
22	0.02154	0.62143	0.10474	0.01512	0.02245	0.05984	0.01558	0.02480	0.01684	0.01979	0.01167	0.01350	0.01040	0.00708	0.00555	0.00183	0.00928	0.00454	0.00350	0.01053
23	0.02266	0.67356	0.04097	0.01392	0.02082	0.03079	0.01376	0.02529	0.01693	0.06164	0.01264	0.01397	0.01105	0.00714	0.00540	0.00179	0.00856	0.00459	0.00390	0.01064
24	0.01097	0.00819	0.01023	0.01021	0.01212	0.00745	0.00766	0.01409	0.02077	0.02816	0.41429	0.14658	0.20288	0.01895	0.00978	0.00276	0.00424	0.05499	0.00835	0.00733
25	0.01098	0.00877	0.01170	0.11487	0.01850	0.00866	0.00964	0.01363	0.01771	0.02299	0.14526	0.30884	0.21943	0.01996	0.00971	0.00295	0.00543	0.03659	0.00715	0.00723
26	0.03228	0.01648	0.02009	0.01557	0.02154	0.01623	0.01279	0.24848	0.02847	0.39614	0.08199	0.02760	0.02276	0.01050	0.00827	0.00249	0.00735	0.00842	0.00927	0.01327
27	0.01159	0.00869	0.01304	0.01304	0.01449	0.01014	0.01014	0.01449	0.01304	0.01884	0.02173	0.03188	0.02029	0.06086	0.68268	0.01304	0.02173	0.00869	0.00435	0.00724
28	0.01039	0.00825	0.00933	0.00906	0.01145	0.00719	0.00679	0.01319	0.02038	0.02640	0.32570	0.07072	0.41464	0.01888	0.00958	0.00266	0.00399	0.01609	0.00812	0.00719
29	0.01842	0.16525	0.23811	0.07661	0.03609	0.02227	0.25392	0.02492	0.01752	0.02389	0.01445	0.01848	0.01113	0.00751	0.00868	0.00252	0.03845	0.00715	0.00371	0.01094
30	0.01948	0.01842	0.03121	0.04678	0.60812	0.01842	0.02388	0.02420	0.01849	0.02632	0.01766	0.02627	0.01579	0.00855	0.00831	0.00252	0.00945	0.05942	0.00432	0.01239
31	0.01952	0.01870	0.03191	0.12658	0.59186	0.01913	0.02462	0.02441	0.01821	0.02582	0.01516	0.02027	0.01261	0.00733	0.00804	0.00244	0.00978	0.00723	0.00397	0.01240
32	0.02002	0.01945	0.03391	0.04878	0.62356	0.01936	0.06478	0.02497	0.01852	0.02648	0.01534	0.02020	0.01282	0.00720	0.00813	0.00243	0.00990	0.00738	0.00402	0.01273
33	0.02156	0.02034	0.05804	0.10835	0.34997	0.04287	0.04867	0.09581	0.04175	0.06081	0.01695	0.02044	0.01322	0.00785	0.00796	0.00239	0.00967	0.00717	0.00492	0.06128
34	0.05681	0.08002	0.02131	0.04108	0.08440	0.10641	0.03525	0.07255	0.11648	0.05073	0.10019	0.05827	0.11955	0.01193	0.00813	0.00249	0.00796	0.00985	0.00640	0.01019
35	0.01179	0.00868	0.00990	0.00967	0.01164	0.00799	0.00688	0.03470	0.01838	0.02470	0.18630	0.15354	0.24410	0.14296	0.01494	0.00358	0.00502	0.01509	0.05649	0.03367
36	0.09105	0.01637	0.01878	0.04068	0.04599	0.01722	0.01273	0.23707	0.07735	0.11025	0.04813	0.09073	0.05258	0.01330	0.03183	0.00287	0.00776	0.00938	0.00731	0.06862

[dist]
# distance from previous block
# <min> <max>
12	20

[block]
# block no. 4 follows, 23 sequences, length 12
# corresponding to MSA columns:
# 269-280
name=unknown_E
#
# <colnr> <probs for GDERKNQSTAVLIFYWHMCP>
#	G	D	E	R	K	N	Q	S	T	A	V	L	I	F	Y	W	H	M	C	P
0	0.14128	0.09716	0.15839	0.04631	0.05285	0.01962	0.13511	0.02922	0.09460	0.12096	0.01884	0.02037	0.01374	0.00817	0.00753	0.00252	0.00950	0.00704	0.00539	0.01140
1	0.06866	0.01738	0.04325	0.01559	0.02026	0.01788	0.01287	0.20047	0.11606	0.03399	0.02277	0.11246	0.02005	0.01166	0.00974	0.00249	0.08181	0.00903	0.04990	0.13367
2	0.02447	0.01811	0.01880	0.01584	0.02090	0.07111	0.01256	0.13869	0.25983	0.15181	0.03015	0.02895	0.06045	0.01356	0.04688	0.00309	0.00831	0.00855	0.00774	0.06021
3	0.06870	0.06313	0.09384	0.05979	0.05150	0.01750	0.06874	0.03408	0.15701	0.26440	0.02479	0.02416	0.01727	0.00916	0.00788	0.00255	0.00835	0.00772	0.00710	0.01233
4	0.06607	0.02106	0.11181	0.16211	0.43162	0.01893	0.02410	0.02417	0.01760	0.02597	0.01477	0.01956	0.01190	0.00747	0.00782	0.00249	0.00994	0.00689	0.00393	0.01178
5	0.05798	0.01903	0.02415	0.02270	0.10159	0.08951	0.10775	0.02754	0.16953	0.02622	0.02113	0.06601	0.01845	0.05520	0.01213	0.00292	0.08192	0.00872	0.00542	0.08210
6	0.15530	0.01917	0.05696	0.01547	0.02151	0.03931	0.01321	0.23575	0.02536	0.18439	0.03790	0.05902	0.01775	0.00999	0.00753	0.00241	0.00776	0.00771	0.00733	0.07618
7	0.01292	0.00886	0.01067	0.01049	0.01148	0.00914	0.00704	0.05229	0.01536	0.02138	0.07834	0.12699	0.03319	0.37553	0.13731	0.00701	0.00927	0.01234	0.05393	0.00646
8	0.01840	0.02068	0.06036	0.05335	0.08820	0.01981	0.41756	0.02415	0.01789	0.02492	0.01638	0.04456	0.01346	0.00842	0.01122	0.00274	0.09432	0.00911	0.00415	0.05034
9	0.01843	0.01740	0.02917	0.12945	0.50764	0.01779	0.02279	0.02310	0.01820	0.02535	0.02074	0.02799	0.05248	0.00904	0.00833	0.00255	0.00934	0.04418	0.00438	0.01168
10	0.06513	0.01614	0.01742	0.04043	0.01914	0.07069	0.01239	0.14324	0.02006	0.02963	0.01996	0.06855	0.01742	0.01590	0.07101	0.00352	0.15875	0.00816	0.19320	0.00928
11	0.02369	0.06210	0.08179	0.03488	0.34539	0.17637	0.02132	0.10788	0.02193	0.02777	0.01492	0.01812	0.01208	0.00785	0.00770	0.00232	0.01086	0.00652	0.00452	0.01197

[dist]
# distance from previous block
# <min> <max>
0	1

[block]
# block no. 5 follows, 23 sequences, length 44
# corresponding to MSA columns:
# 282-325
name=unknown_F
#
# <colnr> <probs for GDERKNQSTAVLIFYWHMCP>
#	G	D	E	R	K	N	Q	S	T	A	V	L	I	F	Y	W	H	M	C	P
0	0.70835	0.01630	0.01300	0.01136	0.01651	0.01880	0.00936	0.07663	0.01590	0.03767	0.01200	0.01372	0.00922	0.00772	0.00529	0.00250	0.00651	0.00464	0.00529	0.00922
1	0.01656	0.01642	0.02423	0.63987	0.05335	0.07265	0.02197	0.02169	0.01678	0.02066	0.01427	0.02106	0.01079	0.00813	0.00805	0.00265	0.01113	0.00705	0.00365	0.00905
2	0.00961	0.00812	0.00832	0.00847	0.01103	0.00683	0.00628	0.01162	0.01825	0.02182	0.07912	0.13002	0.61099	0.02095	0.00965	0.00279	0.00416	0.01761	0.00753	0.00683
3	0.07172	0.02008	0.02335	0.19156	0.08429	0.06594	0.01720	0.26696	0.08876	0.06282	0.01875	0.02077	0.01379	0.00903	0.00788	0.00252	0.00935	0.00717	0.00627	0.01180
4	0.01856	0.01772	0.03018	0.25700	0.46896	0.01888	0.02414	0.02356	0.01775	0.02465	0.01499	0.02058	0.01220	0.00751	0.00806	0.00250	0.01002	0.00722	0.00388	0.01162
5	0.01683	0.01442	0.01683	0.01202	0.01923	0.01082	0.00961	0.02043	0.01683	0.02644	0.01442	0.01683	0.01202	0.00601	0.00601	0.00120	0.00601	0.00481	0.00481	0.76444
6	0.01180	0.00787	0.00885	0.00885	0.00885	0.00787	0.00492	0.01180	0.01180	0.01573	0.02557	0.05310	0.02950	0.71483	0.04130	0.00787	0.00787	0.01180	0.00492	0.00492
7	0.01075	0.00820	0.00990	0.00976	0.01183	0.00734	0.00730	0.01377	0.02071	0.02770	0.39424	0.12084	0.27321	0.01884	0.00969	0.00271	0.00410	0.03353	0.00830	0.00729
8	0.02008	0.01928	0.03294	0.04981	0.66422	0.01928	0.02490	0.02490	0.01848	0.02651	0.01526	0.02008	0.01285	0.00723	0.00803	0.00241	0.00964	0.00723	0.00402	0.01285
9	0.01138	0.00829	0.01071	0.01010	0.01206	0.00761	0.00758	0.01512	0.02273	0.03198	0.62955	0.06153	0.10730	0.01680	0.00957	0.00256	0.00384	0.01480	0.00886	0.00761
10	0.01627	0.04197	0.67279	0.02313	0.03512	0.01884	0.02998	0.02570	0.01713	0.02570	0.01456	0.01713	0.01028	0.00771	0.00771	0.00257	0.01199	0.00600	0.00343	0.01199
11	0.02169	0.71972	0.04252	0.01388	0.02083	0.03211	0.01388	0.02430	0.01649	0.01909	0.01128	0.01302	0.01041	0.00694	0.00521	0.00174	0.00868	0.00434	0.00347	0.01041
12	0.02526	0.01974	0.02415	0.08749	0.02776	0.02172	0.06587	0.40662	0.08437	0.04100	0.02154	0.05894	0.01726	0.04827	0.01015	0.00285	0.00902	0.00871	0.00714	0.01214
13	0.03012	0.02237	0.02394	0.01852	0.02489	0.02483	0.01525	0.59688	0.07961	0.04997	0.02040	0.02021	0.01454	0.00983	0.00813	0.00246	0.00876	0.00743	0.00813	0.01373
14	0.01554	0.01465	0.02474	0.66546	0.08404	0.01809	0.02264	0.02092	0.01633	0.02100	0.01446	0.02156	0.01091	0.00807	0.00811	0.00269	0.01076	0.00721	0.00362	0.00919
15	0.01764	0.01775	0.02637	0.08018	0.02571	0.02397	0.06000	0.02007	0.01321	0.02007	0.01137	0.01837	0.01078	0.01318	0.02388	0.00342	0.59414	0.00728	0.00359	0.00903
16	0.01161	0.00862	0.01268	0.01268	0.01400	0.00995	0.00969	0.01426	0.01293	0.01857	0.02206	0.03370	0.02108	0.11714	0.62748	0.01260	0.02054	0.00896	0.00440	0.00704
17	0.01622	0.01506	0.02526	0.54352	0.16959	0.01782	0.02227	0.02145	0.01669	0.02223	0.01509	0.02170	0.01163	0.00800	0.00799	0.00261	0.01030	0.00723	0.03565	0.00968
18	0.01683	0.01442	0.01683	0.01202	0.01923	0.01082	0.00961	0.02043	0.01683	0.02644	0.01442	0.01683	0.01202	0.00601	0.00601	0.00120	0.00601	0.00481	0.00481	0.76444
19	0.01182	0.01104	0.01073	0.01037	0.01274	0.05423	0.00781	0.01372	0.01783	0.02123	0.06703	0.09409	0.50507	0.05250	0.01245	0.00303	0.06492	0.01545	0.00684	0.00709
20	0.01241	0.00929	0.01352	0.01328	0.01494	0.01078	0.01037	0.04102	0.01411	0.02021	0.02164	0.03135	0.02001	0.05868	0.65393	0.01259	0.02119	0.00863	0.00451	0.00752
21	0.01031	0.00767	0.01043	0.05749	0.01474	0.00742	0.00849	0.01212	0.01603	0.02127	0.07017	0.60601	0.08032	0.02365	0.01014	0.00320	0.00506	0.02136	0.00732	0.00681
22	0.02233	0.01799	0.02042	0.04902	0.02345	0.01987	0.01379	0.18111	0.28989	0.05614	0.02380	0.02384	0.01795	0.00998	0.00942	0.00248	0.06688	0.00769	0.00708	0.13687
23	0.01211	0.00865	0.01197	0.01384	0.01529	0.00851	0.01140	0.01515	0.01773	0.02321	0.04349	0.27796	0.04880	0.02332	0.01095	0.00360	0.00664	0.43267	0.00749	0.00721
24	0.02178	0.01607	0.01839	0.01412	0.02058	0.01478	0.01133	0.10974	0.14929	0.11003	0.02104	0.02124	0.01584	0.00802	0.00701	0.00184	0.00659	0.00644	0.00659	0.41929
25	0.02729	0.07292	0.02582	0.02166	0.04689	0.46030	0.06859	0.08081	0.02281	0.02350	0.01431	0.01696	0.01171	0.01037	0.03450	0.00260	0.01348	0.00601	0.02955	0.00994
26	0.01235	0.00914	0.01284	0.01534	0.04985	0.00893	0.01165	0.01544	0.01797	0.02370	0.07268	0.26190	0.06837	0.02211	0.01066	0.00345	0.00652	0.36222	0.00737	0.00750
27	0.01758	0.01487	0.01723	0.01238	0.01955	0.01159	0.00993	0.05367	0.01798	0.02777	0.01469	0.01697	0.01211	0.00621	0.00612	0.00127	0.00617	0.00494	0.00499	0.72398
28	0.01541	0.03402	0.50568	0.02096	0.03068	0.01660	0.05382	0.02355	0.01844	0.02713	0.14887	0.02640	0.02416	0.00951	0.00818	0.00257	0.01037	0.00797	0.00460	0.01104
29	0.01199	0.00767	0.00864	0.00900	0.00970	0.00748	0.00567	0.01322	0.01413	0.02027	0.03361	0.17598	0.07882	0.37966	0.02536	0.00533	0.00610	0.01344	0.16798	0.00595
30	0.03034	0.03783	0.02307	0.02079	0.02509	0.64769	0.01566	0.06421	0.02379	0.02150	0.01291	0.01489	0.01063	0.00843	0.00736	0.00211	0.01433	0.00534	0.00439	0.00964
31	0.01044	0.00731	0.00933	0.01063	0.01104	0.00696	0.00687	0.01158	0.01486	0.01989	0.06329	0.51690	0.04836	0.20140	0.01824	0.00444	0.00548	0.01987	0.00692	0.00620
32	0.01939	0.01719	0.02481	0.12914	0.28263	0.01896	0.01889	0.05762	0.18867	0.02877	0.02080	0.02374	0.01634	0.00906	0.00892	0.00257	0.04563	0.00777	0.06743	0.01168
33	0.05832	0.01789	0.01904	0.01635	0.02122	0.02012	0.01292	0.20855	0.37298	0.05865	0.02908	0.08217	0.02312	0.01164	0.00823	0.00269	0.00700	0.00953	0.00806	0.01244
34	0.02102	0.01371	0.04262	0.01544	0.04784	0.01232	0.01179	0.02639	0.09204	0.21588	0.10063	0.16560	0.03189	0.03645	0.01046	0.00278	0.03939	0.01154	0.00761	0.09461
35	0.02405	0.01397	0.01737	0.01287	0.01953	0.01112	0.01042	0.02749	0.01947	0.27050	0.04456	0.02251	0.01742	0.00792	0.00695	0.00175	0.00627	0.00644	0.00694	0.45245
36	0.01683	0.01442	0.01683	0.01202	0.01923	0.01082	0.00961	0.02043	0.01683	0.02644	0.01442	0.01683	0.01202	0.00601	0.00601	0.00120	0.00601	0.00481	0.00481	0.76444
37	0.01643	0.00869	0.01003	0.00950	0.01153	0.00901	0.00725	0.01976	0.01657	0.08260	0.02563	0.03094	0.02072	0.05432	0.09568	0.00377	0.03570	0.00797	0.52594	0.00797
38	0.02724	0.02002	0.02133	0.01696	0.02258	0.02220	0.01381	0.46802	0.13067	0.04587	0.02246	0.02250	0.01637	0.00990	0.00784	0.00242	0.00790	0.00763	0.10140	0.01288
39	0.01683	0.01442	0.01683	0.01202	0.01923	0.01082	0.00961	0.02043	0.01683	0.02644	0.01442	0.01683	0.01202	0.00601	0.00601	0.00120	0.00601	0.00481	0.00481	0.76444
40	0.01180	0.00787	0.00885	0.00885	0.00885	0.00787	0.00492	0.01180	0.01180	0.01573	0.02557	0.05310	0.02950	0.71483	0.04130	0.00787	0.00787	0.01180	0.00492	0.00492
41	0.01401	0.01231	0.06784	0.01359	0.01647	0.01043	0.06338	0.04535	0.01700	0.02534	0.02967	0.25165	0.02995	0.05064	0.09173	0.00412	0.00821	0.01299	0.22726	0.00804
42	0.01468	0.01037	0.01285	0.01173	0.01471	0.00965	0.00916	0.06764	0.02214	0.06068	0.34385	0.10893	0.10729	0.01635	0.00927	0.00261	0.00511	0.07959	0.00810	0.08530
43	0.01772	0.20712	0.40317	0.02109	0.03052	0.02204	0.07645	0.02463	0.01721	0.02412	0.04360	0.01855	0.01357	0.00813	0.00814	0.00242	0.04025	0.00634	0.00376	0.01117

[dist]
# distance from previous block
# <min> <max>
3	6

[block]
# block no. 6 follows, 23 sequences, length 8
# corresponding to MSA columns:
# 332-339
name=unknown_G
#
# <colnr> <probs for GDERKNQSTAVLIFYWHMCP>
#	G	D	E	R	K	N	Q	S	T	A	V	L	I	F	Y	W	H	M	C	P
0	0.06946	0.04547	0.02059	0.01729	0.08287	0.01555	0.01264	0.09663	0.02016	0.11906	0.03912	0.02012	0.01529	0.00809	0.00795	0.00193	0.04633	0.00623	0.00588	0.34935
1	0.44621	0.01657	0.04894	0.04050	0.05970	0.01689	0.01185	0.02517	0.07724	0.05427	0.04222	0.01902	0.01442	0.00914	0.00728	0.03496	0.00691	0.00593	0.00540	0.05739
2	0.02045	0.09223	0.11319	0.03116	0.30569	0.06528	0.02001	0.02668	0.07310	0.06675	0.04346	0.02556	0.06329	0.00914	0.00785	0.00241	0.00915	0.00784	0.00507	0.01170
3	0.02043	0.02051	0.03078	0.13573	0.51814	0.08388	0.02368	0.02506	0.01861	0.02507	0.01488	0.01976	0.01234	0.00746	0.00797	0.00242	0.01029	0.00703	0.00398	0.01199
4	0.01690	0.01670	0.02799	0.06486	0.02844	0.01760	0.21730	0.02318	0.08399	0.02527	0.07019	0.05933	0.05679	0.01111	0.01236	0.00272	0.14754	0.00974	0.00520	0.10278
5	0.01973	0.01696	0.02938	0.19566	0.26134	0.01768	0.11393	0.02453	0.01787	0.09245	0.01725	0.02214	0.01344	0.01161	0.05550	0.00328	0.03769	0.00769	0.00460	0.03728
6	0.34844	0.02254	0.21140	0.01456	0.02138	0.01652	0.01514	0.02426	0.04869	0.03166	0.05557	0.01978	0.01545	0.00837	0.00640	0.00241	0.00765	0.00604	0.06182	0.06194
7	0.01989	0.01922	0.02635	0.06227	0.09342	0.06358	0.07724	0.08200	0.01767	0.02509	0.01392	0.01910	0.01192	0.01075	0.01638	0.00285	0.32500	0.00711	0.03934	0.06690

[dist]
# distance from previous block
# <min> <max>
3	40

[block]
# block no. 7 follows, 23 sequences, length 7
# corresponding to MSA columns:
# 380-386
name=unknown_H
#
# <colnr> <probs for GDERKNQSTAVLIFYWHMCP>
#	G	D	E	R	K	N	Q	S	T	A	V	L	I	F	Y	W	H	M	C	P
0	0.01306	0.00858	0.01047	0.01013	0.01196	0.00791	0.00730	0.01538	0.01859	0.07267	0.26621	0.09614	0.17293	0.19646	0.01773	0.00406	0.00541	0.05026	0.00755	0.00719
1	0.01824	0.01693	0.02820	0.04132	0.52448	0.01679	0.02121	0.02285	0.01944	0.02780	0.15341	0.02877	0.02650	0.00924	0.00836	0.00244	0.00839	0.00883	0.00507	0.01174
2	0.01158	0.00855	0.01226	0.01212	0.01356	0.00944	0.00922	0.01447	0.01508	0.02154	0.15878	0.03961	0.03303	0.09977	0.49097	0.01041	0.01687	0.01021	0.00537	0.00716
3	0.07506	0.21470	0.21205	0.01670	0.02327	0.08394	0.01704	0.05663	0.01810	0.02449	0.01997	0.16398	0.01971	0.01146	0.00738	0.00244	0.00919	0.00908	0.00477	0.01002
4	0.02445	0.02738	0.02305	0.02048	0.04921	0.36585	0.08696	0.06139	0.02226	0.05227	0.02930	0.03016	0.15078	0.01090	0.00818	0.00236	0.01140	0.00862	0.00537	0.00962
5	0.01050	0.00747	0.00927	0.01030	0.01094	0.00704	0.00672	0.01176	0.01533	0.02035	0.08858	0.43067	0.10026	0.21030	0.01858	0.00443	0.00544	0.01890	0.00693	0.00624
6	0.01810	0.01564	0.02275	0.07192	0.22066	0.01632	0.04211	0.08668	0.12015	0.03073	0.16100	0.03783	0.05325	0.01172	0.00877	0.00264	0.00771	0.05463	0.00651	0.01088

[dist]
# distance from previous block
# <min> <max>
0	27

[block]
# block no. 8 follows, 23 sequences, length 34
# corresponding to MSA columns:
# 414-447
name=unknown_I
#
# <colnr> <probs for GDERKNQSTAVLIFYWHMCP>
#	G	D	E	R	K	N	Q	S	T	A	V	L	I	F	Y	W	H	M	C	P
0	0.02475	0.01524	0.02111	0.06439	0.02469	0.01548	0.07213	0.08564	0.15529	0.24921	0.06207	0.03742	0.02587	0.01190	0.00882	0.00277	0.00782	0.09558	0.00806	0.01177
1	0.01775	0.01775	0.02485	0.02130	0.02130	0.02485	0.01775	0.01953	0.01243	0.01953	0.01065	0.01775	0.01065	0.01420	0.02663	0.00355	0.69998	0.00710	0.00355	0.00888
2	0.00998	0.00713	0.00950	0.01123	0.01179	0.00665	0.00754	0.01153	0.01597	0.02140	0.08053	0.67177	0.05500	0.02491	0.01031	0.00325	0.00466	0.02258	0.00761	0.00665
3	0.02019	0.04934	0.06959	0.07663	0.11604	0.02035	0.31603	0.12232	0.02144	0.02906	0.01829	0.06854	0.01521	0.00879	0.00883	0.00263	0.01129	0.00930	0.00488	0.01124
4	0.19593	0.02085	0.02123	0.01676	0.02281	0.02332	0.01379	0.46556	0.06823	0.04685	0.01844	0.01870	0.01332	0.00932	0.00743	0.00247	0.00819	0.00676	0.00743	0.01262
5	0.01772	0.19786	0.49407	0.02235	0.06393	0.02194	0.02599	0.02533	0.01705	0.02421	0.01384	0.01633	0.01044	0.00751	0.00715	0.00237	0.01110	0.00567	0.00347	0.01167
6	0.01695	0.01610	0.02914	0.28618	0.03987	0.01760	0.22411	0.02318	0.04734	0.02466	0.01779	0.02336	0.01366	0.00840	0.00927	0.00263	0.05041	0.00815	0.13160	0.00959
7	0.01775	0.01775	0.02485	0.02130	0.02130	0.02485	0.01775	0.01953	0.01243	0.01953	0.01065	0.01775	0.01065	0.01420	0.02663	0.00355	0.69998	0.00710	0.00355	0.00888
8	0.01891	0.01947	0.03706	0.14983	0.28592	0.01961	0.27258	0.02532	0.04144	0.02561	0.01624	0.02145	0.01273	0.00736	0.00868	0.00260	0.01136	0.00825	0.00414	0.01143
9	0.03502	0.03800	0.01961	0.01453	0.02074	0.01306	0.01204	0.03922	0.05709	0.61311	0.03136	0.02727	0.02001	0.00999	0.00806	0.00250	0.00694	0.00809	0.00972	0.01364
10	0.01180	0.00787	0.00885	0.00885	0.00885	0.00787	0.00492	0.01180	0.01180	0.01573	0.02557	0.05310	0.02950	0.71483	0.04130	0.00787	0.00787	0.01180	0.00492	0.00492
11	0.02704	0.01894	0.02076	0.01645	0.02184	0.02051	0.01337	0.46745	0.03314	0.07986	0.08155	0.06465	0.02277	0.01129	0.00821	0.00246	0.00774	0.00897	0.06062	0.01238
12	0.02116	0.01824	0.03018	0.10556	0.51922	0.01852	0.02295	0.02667	0.04644	0.08599	0.01752	0.02138	0.01386	0.00774	0.00806	0.00246	0.00935	0.00740	0.00472	0.01258
13	0.14897	0.02045	0.02104	0.01691	0.02275	0.02296	0.01379	0.40980	0.16567	0.04505	0.02106	0.02078	0.01534	0.00965	0.00764	0.00252	0.00796	0.00723	0.00764	0.01278
14	0.02217	0.54471	0.11832	0.01597	0.02317	0.11704	0.01613	0.02555	0.01743	0.02001	0.01186	0.01374	0.01040	0.00723	0.00580	0.00189	0.00988	0.00466	0.00356	0.01048
15	0.02037	0.03096	0.39355	0.02359	0.05452	0.01728	0.12355	0.02776	0.01894	0.14578	0.05108	0.02218	0.01591	0.00844	0.00820	0.00258	0.01082	0.00747	0.00507	0.01197
16	0.01159	0.00869	0.01304	0.01304	0.01449	0.01014	0.01014	0.01449	0.01304	0.01884	0.02173	0.03188	0.02029	0.06086	0.68268	0.01304	0.02173	0.00869	0.00435	0.00724
17	0.05059	0.05600	0.02193	0.05318	0.06686	0.01657	0.07038	0.18047	0.02236	0.07506	0.02690	0.23793	0.02669	0.04489	0.01012	0.00295	0.00788	0.01242	0.00664	0.01017
18	0.01199	0.00925	0.01253	0.01371	0.07249	0.00859	0.00908	0.01560	0.02169	0.03022	0.50568	0.08979	0.13537	0.01659	0.00947	0.00260	0.00444	0.01466	0.00825	0.00800
19	0.01111	0.00801	0.01051	0.01046	0.01204	0.00741	0.00763	0.01438	0.02124	0.02980	0.51727	0.21110	0.07125	0.01864	0.00975	0.00272	0.00403	0.01662	0.00861	0.00741
20	0.02229	0.67241	0.04116	0.01437	0.02112	0.07727	0.01401	0.02486	0.01694	0.01914	0.01137	0.01313	0.01042	0.00704	0.00535	0.00176	0.00909	0.00440	0.00352	0.01034
21	0.04603	0.01700	0.02929	0.34508	0.14953	0.01846	0.13699	0.05116	0.01868	0.08481	0.01668	0.02159	0.01236	0.00795	0.00827	0.00262	0.01056	0.00765	0.00461	0.01067
22	0.01127	0.00878	0.01323	0.01285	0.01452	0.00818	0.06122	0.01404	0.01859	0.02553	0.26954	0.41104	0.05859	0.02057	0.01000	0.00297	0.00515	0.01881	0.00776	0.00736
23	0.01235	0.00927	0.01051	0.00993	0.01267	0.00849	0.00753	0.01687	0.07357	0.05511	0.28983	0.06538	0.36292	0.01782	0.00941	0.00266	0.00432	0.01516	0.00822	0.00796
24	0.03168	0.02062	0.02295	0.01768	0.02406	0.02213	0.01458	0.48777	0.05585	0.18416	0.02265	0.02161	0.01553	0.00985	0.00813	0.00246	0.00841	0.00755	0.00854	0.01377
25	0.24996	0.01798	0.04850	0.06347	0.02443	0.03649	0.07057	0.05188	0.12456	0.13338	0.02054	0.02269	0.01535	0.00892	0.00725	0.00252	0.00801	0.02397	0.00626	0.06328
26	0.01047	0.00748	0.01008	0.01196	0.01269	0.00709	0.00854	0.01230	0.01611	0.02136	0.04440	0.59696	0.05240	0.02487	0.01051	0.00338	0.00521	0.12991	0.00752	0.00675
27	0.01907	0.06906	0.09750	0.01729	0.02187	0.05122	0.01546	0.06678	0.09375	0.02658	0.04463	0.02122	0.01620	0.01032	0.01286	0.00250	0.21238	0.00689	0.04608	0.14834
28	0.01393	0.00811	0.00914	0.00897	0.00990	0.00845	0.00610	0.01554	0.01427	0.02288	0.02423	0.03757	0.02290	0.27181	0.02224	0.07489	0.03882	0.00906	0.37491	0.00627
29	0.02329	0.31533	0.05078	0.01834	0.05695	0.24742	0.01495	0.02758	0.06339	0.02224	0.07373	0.01969	0.01769	0.00864	0.00677	0.00206	0.01024	0.00614	0.00458	0.01017
30	0.01168	0.00820	0.01014	0.05706	0.01284	0.00833	0.00677	0.01253	0.01343	0.01796	0.06511	0.17020	0.03531	0.50035	0.03155	0.00637	0.00727	0.01369	0.00553	0.00566
31	0.01662	0.05249	0.01508	0.03249	0.01657	0.01259	0.00987	0.06398	0.11050	0.08617	0.11490	0.16421	0.13945	0.08510	0.01219	0.00327	0.00610	0.04193	0.00747	0.00901
32	0.02141	0.02525	0.09274	0.02159	0.02693	0.16500	0.11883	0.06791	0.03758	0.02513	0.01435	0.01802	0.01172	0.00921	0.01222	0.00249	0.17671	0.00666	0.00444	0.14182
33	0.01150	0.01213	0.07121	0.01087	0.01426	0.00935	0.00921	0.01626	0.07995	0.02380	0.10532	0.12527	0.41244	0.04888	0.01074	0.00299	0.00527	0.01547	0.00721	0.00786

[dist]
# distance from previous block
# <min> <max>
134	270

[block]
