[name]
unknown

[dist]
# distance from previous block
# <min> <max>
0	7

[block]
# block no. 0 follows, 25 sequences, length 6
# corresponding to MSA columns:
# 7-12
name=unknown_A
#
# <colnr> <probs for GDERKNQSTAVLIFYWHMCP>
#	G	D	E	R	K	N	Q	S	T	A	V	L	I	F	Y	W	H	M	C	P
0	0.07221	0.04449	0.17625	0.01934	0.05466	0.05373	0.06752	0.02981	0.09202	0.21669	0.02187	0.02457	0.01620	0.00926	0.00824	0.00250	0.03272	0.04055	0.00606	0.01130
1	0.12016	0.05648	0.01933	0.01561	0.04411	0.05496	0.01212	0.18983	0.15814	0.07418	0.02438	0.02412	0.06757	0.00942	0.00709	0.00224	0.00720	0.00726	0.00652	0.09927
2	0.12193	0.16572	0.13547	0.01945	0.04840	0.06851	0.08995	0.06244	0.01698	0.02509	0.01321	0.01641	0.01076	0.00837	0.00968	0.00238	0.12694	0.00593	0.04250	0.00989
3	0.05485	0.01560	0.02051	0.09886	0.10195	0.01625	0.04305	0.14520	0.11306	0.09761	0.06118	0.04669	0.07049	0.01011	0.00778	0.00238	0.00742	0.00861	0.00642	0.07196
4	0.12246	0.01344	0.05020	0.27684	0.02981	0.01375	0.01425	0.02016	0.03945	0.05847	0.06118	0.02319	0.01644	0.01152	0.01088	0.12870	0.00778	0.00694	0.04604	0.04850
5	0.06300	0.08089	0.06001	0.05675	0.02558	0.20181	0.09330	0.17170	0.02195	0.02745	0.01551	0.02014	0.01288	0.07224	0.04113	0.00315	0.01113	0.00670	0.00486	0.00985

[dist]
# distance from previous block
# <min> <max>
11	23

[block]
# block no. 1 follows, 25 sequences, length 6
# corresponding to MSA columns:
# 36-41
name=unknown_B
#
# <colnr> <probs for GDERKNQSTAVLIFYWHMCP>
#	G	D	E	R	K	N	Q	S	T	A	V	L	I	F	Y	W	H	M	C	P
0	0.06922	0.17244	0.25996	0.01853	0.02502	0.02277	0.01947	0.10149	0.01742	0.02550	0.01272	0.01574	0.01027	0.00901	0.01130	0.00251	0.18652	0.00573	0.00397	0.01042
1	0.07332	0.06206	0.02744	0.06681	0.02789	0.01998	0.17365	0.24617	0.05901	0.08766	0.02218	0.02344	0.05684	0.00897	0.00784	0.00242	0.00902	0.00794	0.00615	0.01119
2	0.15034	0.01881	0.01932	0.01526	0.02069	0.02085	0.01254	0.47086	0.03013	0.04407	0.01818	0.01892	0.01324	0.00893	0.00698	0.00227	0.00750	0.00656	0.10289	0.01166
3	0.02202	0.01349	0.01547	0.01316	0.01739	0.01397	0.01043	0.10193	0.22587	0.19691	0.11696	0.03373	0.06728	0.01122	0.00779	0.00241	0.00575	0.00928	0.10394	0.01097
4	0.02111	0.02112	0.04010	0.02895	0.03638	0.02072	0.49104	0.18282	0.02286	0.03088	0.01642	0.02034	0.01212	0.00723	0.00880	0.00254	0.01193	0.00860	0.00489	0.01114
5	0.01681	0.01416	0.01539	0.01453	0.01792	0.01602	0.01100	0.03356	0.50166	0.02926	0.03437	0.20327	0.03061	0.01398	0.00839	0.00276	0.00572	0.01210	0.00772	0.01077

[dist]
# distance from previous block
# <min> <max>
0	1

[block]
# block no. 2 follows, 25 sequences, length 34
# corresponding to MSA columns:
# 43-76
name=unknown_C
#
# <colnr> <probs for GDERKNQSTAVLIFYWHMCP>
#	G	D	E	R	K	N	Q	S	T	A	V	L	I	F	Y	W	H	M	C	P
0	0.01892	0.53098	0.07815	0.01342	0.01953	0.02549	0.01326	0.05205	0.01691	0.02052	0.01986	0.07234	0.07282	0.00931	0.00602	0.00194	0.00784	0.00684	0.00417	0.00963
1	0.09102	0.01636	0.01776	0.01423	0.01939	0.01735	0.01157	0.29160	0.09555	0.15471	0.02234	0.02216	0.01599	0.00910	0.00705	0.00224	0.00679	0.00701	0.13192	0.04586
2	0.01630	0.01480	0.02450	0.30241	0.32146	0.01611	0.02004	0.02097	0.01708	0.02394	0.07416	0.02398	0.01753	0.00820	0.00767	0.00239	0.00873	0.00756	0.06217	0.01001
3	0.04876	0.00889	0.01069	0.01022	0.01257	0.00840	0.00775	0.01672	0.04915	0.07016	0.37584	0.12637	0.17233	0.01656	0.00893	0.00259	0.00432	0.03406	0.00797	0.00772
4	0.01900	0.02059	0.07642	0.09402	0.03907	0.01882	0.48620	0.02511	0.01800	0.07409	0.01634	0.02091	0.01203	0.00718	0.00939	0.00261	0.03693	0.00856	0.00425	0.01048
5	0.78228	0.01499	0.01140	0.01020	0.01499	0.01739	0.00840	0.02279	0.01320	0.03479	0.01080	0.01260	0.00840	0.00720	0.00480	0.00240	0.00600	0.00420	0.00480	0.00840
6	0.01690	0.01635	0.02365	0.01972	0.02125	0.02079	0.06885	0.04743	0.01414	0.02118	0.01423	0.08042	0.01423	0.01312	0.02031	0.00308	0.50251	0.00818	0.00407	0.06960
7	0.61384	0.03947	0.01273	0.01053	0.01520	0.01627	0.00865	0.02300	0.01439	0.09085	0.01748	0.04930	0.04552	0.00881	0.00553	0.00242	0.00596	0.00595	0.00541	0.00869
8	0.01608	0.01378	0.01608	0.01148	0.01837	0.01034	0.00919	0.01952	0.01608	0.02527	0.01378	0.01608	0.01148	0.00574	0.00574	0.00115	0.00574	0.00459	0.00459	0.77491
9	0.01464	0.01378	0.02326	0.70887	0.05340	0.01723	0.02153	0.01981	0.01550	0.01981	0.01378	0.02067	0.01034	0.00775	0.00775	0.00258	0.01034	0.00689	0.00345	0.00861
10	0.00961	0.00682	0.00895	0.01059	0.01100	0.00641	0.00697	0.01084	0.01453	0.01937	0.04110	0.66236	0.04922	0.08720	0.01254	0.00354	0.00477	0.02108	0.00697	0.00615
11	0.02947	0.02172	0.02327	0.01784	0.02404	0.02404	0.01474	0.65329	0.03646	0.04887	0.01862	0.01862	0.01319	0.00931	0.00776	0.00233	0.00853	0.00698	0.00776	0.01319
12	0.01895	0.01973	0.06854	0.04554	0.61627	0.01845	0.05055	0.02388	0.01761	0.02527	0.01459	0.01911	0.01212	0.00692	0.00772	0.00232	0.00950	0.00694	0.00381	0.01216
13	0.05073	0.00906	0.01127	0.01016	0.01287	0.00832	0.00782	0.01814	0.02103	0.13066	0.46893	0.05304	0.13813	0.01496	0.00874	0.00245	0.00426	0.01290	0.00835	0.00818
14	0.02896	0.03695	0.02197	0.01998	0.02397	0.69638	0.01498	0.03096	0.02197	0.01898	0.01199	0.01398	0.00999	0.00799	0.00699	0.00200	0.01398	0.00499	0.00400	0.00899
15	0.00968	0.00691	0.00926	0.01106	0.01161	0.00650	0.00760	0.01120	0.01507	0.02005	0.04261	0.67436	0.05078	0.02407	0.00996	0.00318	0.00470	0.06785	0.00719	0.00636
16	0.01144	0.00804	0.00965	0.00960	0.00974	0.00849	0.00595	0.01184	0.01167	0.01582	0.02475	0.09820	0.02827	0.58393	0.08616	0.00733	0.04753	0.01162	0.00477	0.00520
17	0.02020	0.01711	0.01805	0.01596	0.02051	0.01971	0.01249	0.09596	0.60889	0.03390	0.03040	0.02801	0.02273	0.01041	0.00788	0.00260	0.00635	0.00861	0.00788	0.01235
18	0.00945	0.00675	0.00900	0.01080	0.01125	0.00630	0.00720	0.01080	0.01484	0.01979	0.04274	0.72245	0.05128	0.02429	0.00990	0.00315	0.00450	0.02204	0.00720	0.00630
19	0.00945	0.00675	0.00900	0.01080	0.01125	0.00630	0.00720	0.01080	0.01484	0.01979	0.04274	0.72245	0.05128	0.02429	0.00990	0.00315	0.00450	0.02204	0.00720	0.00630
20	0.02947	0.02172	0.02327	0.01784	0.02404	0.02404	0.01474	0.65329	0.03646	0.04887	0.01862	0.01862	0.01319	0.00931	0.00776	0.00233	0.00853	0.00698	0.00776	0.01319
21	0.00945	0.00675	0.00900	0.01080	0.01125	0.00630	0.00720	0.01080	0.01484	0.01979	0.04274	0.72245	0.05128	0.02429	0.00990	0.00315	0.00450	0.02204	0.00720	0.00630
22	0.01347	0.00673	0.01010	0.01010	0.01010	0.00673	0.00673	0.01010	0.01010	0.01347	0.01347	0.02357	0.01347	0.02694	0.03030	0.77441	0.00673	0.00673	0.00337	0.00337
23	0.01222	0.00873	0.01218	0.01397	0.01563	0.00869	0.01202	0.01559	0.01758	0.02290	0.04120	0.14427	0.04522	0.02168	0.01064	0.00353	0.00690	0.57284	0.00714	0.00706
24	0.01555	0.04011	0.68733	0.02210	0.03356	0.01801	0.02865	0.02455	0.01637	0.02455	0.01391	0.01637	0.00982	0.00737	0.00737	0.00246	0.01146	0.00573	0.00327	0.01146
25	0.00964	0.00703	0.00911	0.01054	0.01136	0.00650	0.00726	0.01132	0.01579	0.02091	0.09543	0.58177	0.11690	0.02306	0.00979	0.00305	0.00447	0.04234	0.00730	0.00643
26	0.01126	0.00758	0.00880	0.00880	0.00891	0.00770	0.00512	0.01149	0.01138	0.01529	0.02412	0.04902	0.02744	0.67070	0.09525	0.00794	0.00864	0.01102	0.00465	0.00489
27	0.01608	0.01378	0.01608	0.01148	0.01837	0.01034	0.00919	0.01952	0.01608	0.02527	0.01378	0.01608	0.01148	0.00574	0.00574	0.00115	0.00574	0.00459	0.00459	0.77491
28	0.01772	0.01879	0.03426	0.26782	0.15957	0.05162	0.28962	0.02322	0.01740	0.02291	0.01465	0.02018	0.01128	0.00709	0.00830	0.00252	0.01148	0.00776	0.00375	0.01008
29	0.01755	0.08778	0.33903	0.11108	0.17325	0.05382	0.02384	0.02495	0.05285	0.02377	0.01467	0.01776	0.01121	0.00746	0.00729	0.00236	0.01041	0.00613	0.00371	0.01108
30	0.01715	0.02437	0.21417	0.14615	0.19631	0.01848	0.22290	0.02367	0.01715	0.02404	0.01462	0.01921	0.01112	0.00706	0.00807	0.00249	0.01123	0.00729	0.00364	0.01087
31	0.02099	0.03765	0.04486	0.01858	0.09405	0.01566	0.03411	0.09839	0.06696	0.12479	0.04756	0.02117	0.01637	0.00834	0.00839	0.00204	0.05870	0.00666	0.00584	0.26888
32	0.01603	0.06793	0.45023	0.02134	0.03087	0.01744	0.11913	0.02346	0.01686	0.02478	0.04408	0.01917	0.01346	0.00752	0.00740	0.00231	0.01047	0.00651	0.03230	0.06870
33	0.05210	0.27308	0.19109	0.07709	0.02729	0.02132	0.09551	0.02278	0.03565	0.02273	0.06394	0.02081	0.01612	0.04006	0.00825	0.00243	0.00927	0.00659	0.00405	0.00983

[dist]
# distance from previous block
# <min> <max>
1	7

[block]
# block no. 3 follows, 25 sequences, length 25
# corresponding to MSA columns:
# 84-108
name=unknown_D
#
# <colnr> <probs for GDERKNQSTAVLIFYWHMCP>
#	G	D	E	R	K	N	Q	S	T	A	V	L	I	F	Y	W	H	M	C	P
0	0.05302	0.10244	0.02655	0.05660	0.02596	0.25270	0.12393	0.06971	0.06147	0.02440	0.03647	0.01898	0.01393	0.00846	0.00835	0.00227	0.05460	0.00659	0.04394	0.00963
1	0.12717	0.09826	0.05079	0.03898	0.02464	0.07924	0.12238	0.15353	0.05566	0.07710	0.04400	0.02009	0.01494	0.00932	0.00848	0.04373	0.00902	0.00687	0.00551	0.01031
2	0.02034	0.01921	0.03698	0.02672	0.03383	0.01813	0.44860	0.09290	0.02009	0.07961	0.01739	0.02193	0.01317	0.03717	0.00986	0.00264	0.01120	0.00850	0.00488	0.07683
3	0.01495	0.01006	0.01142	0.01048	0.01367	0.00948	0.00805	0.02061	0.12525	0.12324	0.16192	0.08316	0.34533	0.01620	0.00878	0.00258	0.00467	0.01368	0.00789	0.00859
4	0.10351	0.01608	0.02364	0.46923	0.04308	0.05579	0.06841	0.02105	0.01546	0.02175	0.01313	0.01903	0.01019	0.00819	0.00925	0.00261	0.08057	0.00664	0.00366	0.00874
5	0.28851	0.07036	0.01831	0.09452	0.02224	0.04191	0.01195	0.14017	0.06124	0.03253	0.06594	0.01960	0.01600	0.00839	0.00641	0.00224	0.00723	0.00615	0.00552	0.08078
6	0.01679	0.01345	0.01511	0.01386	0.01727	0.01469	0.01088	0.09474	0.31842	0.03188	0.19152	0.07939	0.05809	0.01384	0.00862	0.00268	0.00573	0.07503	0.00790	0.01013
7	0.78228	0.01499	0.01140	0.01020	0.01499	0.01739	0.00840	0.02279	0.01320	0.03479	0.01080	0.01260	0.00840	0.00720	0.00480	0.00240	0.00600	0.00420	0.00480	0.00840
8	0.00945	0.00675	0.00900	0.01080	0.01125	0.00630	0.00720	0.01080	0.01484	0.01979	0.04274	0.72245	0.05128	0.02429	0.00990	0.00315	0.00450	0.02204	0.00720	0.00630
9	0.01224	0.00821	0.01077	0.00997	0.01202	0.00753	0.00753	0.01587	0.02196	0.06592	0.64070	0.05624	0.07028	0.01552	0.00907	0.00244	0.00381	0.01369	0.00859	0.00763
10	0.01097	0.00793	0.01036	0.00975	0.01158	0.00732	0.00732	0.01463	0.02195	0.03109	0.67505	0.05792	0.07316	0.01585	0.00914	0.00244	0.00366	0.01402	0.00854	0.00732
11	0.01097	0.00793	0.01036	0.00975	0.01158	0.00732	0.00732	0.01463	0.02195	0.03109	0.67505	0.05792	0.07316	0.01585	0.00914	0.00244	0.00366	0.01402	0.00854	0.00732
12	0.02030	0.01996	0.03071	0.30044	0.07710	0.06432	0.16996	0.02372	0.01788	0.02393	0.01662	0.02367	0.01380	0.01066	0.01273	0.00326	0.14708	0.00825	0.00473	0.01086
13	0.08359	0.34495	0.27488	0.01744	0.02556	0.06736	0.04323	0.02423	0.01626	0.02226	0.01220	0.01432	0.00984	0.00703	0.00613	0.00207	0.00981	0.00498	0.00349	0.01033
14	0.25093	0.01739	0.02066	0.12455	0.02609	0.06946	0.10244	0.11749	0.01880	0.03051	0.01510	0.01836	0.01160	0.00808	0.00743	0.00238	0.03794	0.00630	0.10515	0.00934
15	0.01901	0.01851	0.02934	0.21483	0.40717	0.05334	0.06268	0.05696	0.01837	0.02481	0.01453	0.01939	0.01168	0.00729	0.00776	0.00238	0.00996	0.00695	0.00396	0.01109
16	0.01055	0.00791	0.00978	0.00931	0.01133	0.00714	0.00699	0.01382	0.02096	0.02874	0.53674	0.06179	0.21294	0.01673	0.00915	0.00248	0.00372	0.01457	0.00823	0.00714
17	0.01186	0.00914	0.01182	0.01283	0.04691	0.00899	0.00883	0.01690	0.09503	0.02660	0.31406	0.27231	0.07854	0.01786	0.00922	0.00273	0.00464	0.03624	0.00768	0.00779
18	0.78228	0.01499	0.01140	0.01020	0.01499	0.01739	0.00840	0.02279	0.01320	0.03479	0.01080	0.01260	0.00840	0.00720	0.00480	0.00240	0.00600	0.00420	0.00480	0.00840
19	0.00945	0.00675	0.00900	0.01080	0.01125	0.00630	0.00720	0.01080	0.01484	0.01979	0.04274	0.72245	0.05128	0.02429	0.00990	0.00315	0.00450	0.02204	0.00720	0.00630
20	0.01696	0.01696	0.02375	0.02036	0.02036	0.02375	0.01696	0.01866	0.01187	0.01866	0.01018	0.01696	0.01018	0.01357	0.02545	0.00339	0.71332	0.00679	0.00339	0.00848
21	0.01512	0.00808	0.00837	0.00807	0.01010	0.00828	0.00614	0.05313	0.01720	0.02949	0.02470	0.02841	0.01948	0.01141	0.03884	0.00235	0.00471	0.00727	0.69129	0.00754
22	0.02947	0.02172	0.02327	0.01784	0.02404	0.02404	0.01474	0.65329	0.03646	0.04887	0.01862	0.01862	0.01319	0.00931	0.00776	0.00233	0.00853	0.00698	0.00776	0.01319
23	0.50830	0.01784	0.04144	0.01299	0.01850	0.01911	0.01112	0.20464	0.02034	0.06249	0.01390	0.01498	0.01023	0.00790	0.00586	0.00238	0.00696	0.00519	0.00577	0.01007
24	0.02461	0.01488	0.01836	0.05149	0.02142	0.01472	0.01209	0.12987	0.09688	0.25698	0.07485	0.02515	0.02061	0.00949	0.00835	0.00223	0.04069	0.00754	0.00740	0.16239

[dist]
# distance from previous block
# <min> <max>
0	1

[block]
# block no. 4 follows, 25 sequences, length 36
# corresponding to MSA columns:
# 110-145
name=unknown_E
#
# <colnr> <probs for GDERKNQSTAVLIFYWHMCP>
#	G	D	E	R	K	N	Q	S	T	A	V	L	I	F	Y	W	H	M	C	P
0	0.00952	0.00681	0.00907	0.01074	0.01126	0.00635	0.00720	0.01099	0.01520	0.02036	0.07468	0.68888	0.05239	0.02387	0.00986	0.00311	0.00446	0.02164	0.00727	0.00635
1	0.01696	0.01696	0.02375	0.02036	0.02036	0.02375	0.01696	0.01866	0.01187	0.01866	0.01018	0.01696	0.01018	0.01357	0.02545	0.00339	0.71332	0.00679	0.00339	0.00848
2	0.03360	0.01293	0.01761	0.01359	0.01938	0.01119	0.01119	0.03663	0.02218	0.65190	0.06275	0.02796	0.02189	0.00991	0.00786	0.00240	0.00645	0.00811	0.00954	0.01290
3	0.74362	0.01490	0.01174	0.01038	0.01524	0.01708	0.00855	0.02357	0.01366	0.06839	0.01182	0.01331	0.00896	0.00732	0.00495	0.00240	0.00603	0.00438	0.00505	0.00865
4	0.01830	0.02092	0.04575	0.03268	0.04052	0.01961	0.65098	0.02484	0.01830	0.02484	0.01569	0.02092	0.01176	0.00654	0.00915	0.00261	0.01307	0.00915	0.00392	0.01046
5	0.06218	0.01147	0.01426	0.01182	0.01600	0.01060	0.00945	0.06640	0.02201	0.31504	0.24187	0.04143	0.11919	0.01274	0.00825	0.00244	0.00541	0.01065	0.00858	0.01021
6	0.03479	0.01320	0.01799	0.01380	0.01979	0.01140	0.01140	0.03779	0.02219	0.68451	0.03059	0.02639	0.01919	0.00960	0.00780	0.00240	0.00660	0.00780	0.00960	0.01320
7	0.01014	0.00789	0.00921	0.00888	0.01107	0.00696	0.00666	0.01302	0.01999	0.02644	0.40142	0.06558	0.34969	0.01759	0.00915	0.00252	0.00378	0.01510	0.00792	0.00696
8	0.00944	0.00757	0.00844	0.00885	0.01080	0.00657	0.00640	0.01144	0.01741	0.02179	0.13644	0.24364	0.44314	0.02044	0.00935	0.00274	0.00405	0.01760	0.00735	0.00657
9	0.01773	0.05810	0.03706	0.19933	0.17340	0.01940	0.33380	0.02331	0.01735	0.02335	0.01472	0.02003	0.01142	0.00691	0.00828	0.00249	0.01135	0.00786	0.00375	0.01035
10	0.01696	0.01696	0.02375	0.02036	0.02036	0.02375	0.01696	0.01866	0.01187	0.01866	0.01018	0.01696	0.01018	0.01357	0.02545	0.00339	0.71332	0.00679	0.00339	0.00848
11	0.75018	0.01492	0.01168	0.01035	0.01520	0.01714	0.00853	0.02344	0.01358	0.06269	0.01165	0.01319	0.00886	0.00730	0.00493	0.00240	0.00602	0.00435	0.00500	0.00860
12	0.02398	0.01600	0.01745	0.01342	0.01945	0.07472	0.01076	0.05911	0.04173	0.24210	0.04467	0.02138	0.01667	0.00793	0.00683	0.00179	0.00686	0.00629	0.00659	0.36226
13	0.04703	0.01644	0.02370	0.43128	0.13630	0.05305	0.01978	0.07299	0.01794	0.05698	0.01478	0.01978	0.01120	0.00808	0.00833	0.00251	0.03909	0.00674	0.00424	0.00975
14	0.00945	0.00675	0.00900	0.01080	0.01125	0.00630	0.00720	0.01080	0.01484	0.01979	0.04274	0.72245	0.05128	0.02429	0.00990	0.00315	0.00450	0.02204	0.00720	0.00630
15	0.02827	0.01607	0.04975	0.08202	0.17953	0.01454	0.01610	0.06650	0.02109	0.40879	0.02400	0.02335	0.01607	0.00869	0.00774	0.00239	0.00785	0.00738	0.00734	0.01251
16	0.28261	0.21547	0.02468	0.03892	0.02123	0.08148	0.04748	0.07281	0.01758	0.08717	0.01364	0.01529	0.01063	0.00771	0.00665	0.00221	0.03455	0.00526	0.00483	0.00980
17	0.01721	0.00989	0.01017	0.00917	0.01179	0.01031	0.00713	0.13465	0.01997	0.03257	0.02407	0.02702	0.01865	0.00908	0.00585	0.00190	0.00452	0.00718	0.63055	0.00832
18	0.01959	0.28343	0.09501	0.02387	0.03148	0.02378	0.33097	0.05906	0.01822	0.02373	0.01390	0.01731	0.01102	0.00679	0.00740	0.00223	0.01094	0.00692	0.00386	0.01050
19	0.00945	0.00675	0.00900	0.01080	0.01125	0.00630	0.00720	0.01080	0.01484	0.01979	0.04274	0.72245	0.05128	0.02429	0.00990	0.00315	0.00450	0.02204	0.00720	0.00630
20	0.01109	0.00827	0.01227	0.01227	0.01359	0.00959	0.00946	0.01372	0.01241	0.01786	0.02094	0.03141	0.01980	0.08957	0.66592	0.01223	0.02015	0.00845	0.00418	0.00682
21	0.01128	0.00752	0.00846	0.00846	0.00846	0.00752	0.00470	0.01128	0.01128	0.01503	0.02443	0.05074	0.02819	0.72751	0.03946	0.00752	0.00752	0.01128	0.00470	0.00470
22	0.02947	0.02172	0.02327	0.01784	0.02404	0.02404	0.01474	0.65329	0.03646	0.04887	0.01862	0.01862	0.01319	0.00931	0.00776	0.00233	0.00853	0.00698	0.00776	0.01319
23	0.01464	0.01378	0.02326	0.70887	0.05340	0.01723	0.02153	0.01981	0.01550	0.01981	0.01378	0.02067	0.01034	0.00775	0.00775	0.00258	0.01034	0.00689	0.00345	0.00861
24	0.01646	0.01563	0.02653	0.44531	0.30280	0.01770	0.02243	0.02140	0.01636	0.02201	0.01410	0.02008	0.01111	0.00742	0.00772	0.00247	0.00989	0.00690	0.00360	0.01008
25	0.01608	0.01378	0.01608	0.01148	0.01837	0.01034	0.00919	0.01952	0.01608	0.02527	0.01378	0.01608	0.01148	0.00574	0.00574	0.00115	0.00574	0.00459	0.00459	0.77491
26	0.01445	0.00723	0.00723	0.00723	0.00903	0.00723	0.00542	0.01807	0.01626	0.02891	0.02529	0.02891	0.01987	0.00903	0.00542	0.00181	0.00361	0.00723	0.77055	0.00723
27	0.03226	0.01564	0.01922	0.01480	0.02069	0.01522	0.01220	0.23162	0.02646	0.45629	0.02658	0.02404	0.01732	0.00948	0.00769	0.00235	0.00709	0.00752	0.04058	0.01294
28	0.01929	0.01666	0.01753	0.01578	0.02016	0.01929	0.01227	0.04120	0.66513	0.03243	0.03156	0.02893	0.02367	0.01052	0.00789	0.00263	0.00614	0.00877	0.00789	0.01227
29	0.01445	0.00723	0.00723	0.00723	0.00903	0.00723	0.00542	0.01807	0.01626	0.02891	0.02529	0.02891	0.01987	0.00903	0.00542	0.00181	0.00361	0.00723	0.77055	0.00723
30	0.00954	0.00679	0.00897	0.01068	0.01111	0.00636	0.00707	0.01082	0.01466	0.01955	0.04181	0.68854	0.05012	0.05979	0.01139	0.00337	0.00465	0.02150	0.00707	0.00622
31	0.01919	0.01842	0.03147	0.04759	0.67914	0.01842	0.02380	0.02380	0.01765	0.02533	0.01458	0.01919	0.01228	0.00691	0.00768	0.00230	0.00921	0.00691	0.00384	0.01228
32	0.01249	0.00892	0.01249	0.01428	0.01606	0.00892	0.01249	0.01606	0.01785	0.02320	0.04105	0.08746	0.04462	0.02142	0.01071	0.00357	0.00714	0.62695	0.00714	0.00714
33	0.00923	0.00761	0.00810	0.00850	0.01064	0.00649	0.00618	0.01105	0.01705	0.02069	0.07071	0.21640	0.53927	0.02066	0.00932	0.00273	0.00405	0.01761	0.00720	0.00649
34	0.00925	0.00786	0.00798	0.00795	0.01053	0.00658	0.00596	0.01130	0.01789	0.02145	0.10815	0.07379	0.64608	0.01945	0.00916	0.00261	0.00391	0.01625	0.00727	0.00658
35	0.02896	0.03695	0.02197	0.01998	0.02397	0.69638	0.01498	0.03096	0.02197	0.01898	0.01199	0.01398	0.00999	0.00799	0.00699	0.00200	0.01398	0.00499	0.00400	0.00899

[dist]
# distance from previous block
# <min> <max>
0	6

[block]
# block no. 5 follows, 25 sequences, length 21
# corresponding to MSA columns:
# 152-172
name=unknown_F
#
# <colnr> <probs for GDERKNQSTAVLIFYWHMCP>
#	G	D	E	R	K	N	Q	S	T	A	V	L	I	F	Y	W	H	M	C	P
0	0.03173	0.01280	0.01720	0.01347	0.01898	0.01131	0.01102	0.03558	0.04878	0.59121	0.09602	0.02969	0.02485	0.01027	0.00794	0.00241	0.00628	0.00847	0.00942	0.01256
1	0.78228	0.01499	0.01140	0.01020	0.01499	0.01739	0.00840	0.02279	0.01320	0.03479	0.01080	0.01260	0.00840	0.00720	0.00480	0.00240	0.00600	0.00420	0.00480	0.00840
2	0.01097	0.00793	0.01036	0.00975	0.01158	0.00732	0.00732	0.01463	0.02195	0.03109	0.67505	0.05792	0.07316	0.01585	0.00914	0.00244	0.00366	0.01402	0.00854	0.00732
3	0.02811	0.02412	0.02304	0.04991	0.02520	0.15538	0.01520	0.47290	0.03152	0.04028	0.01670	0.01772	0.01229	0.00918	0.00843	0.00232	0.04257	0.00658	0.00662	0.01194
4	0.01595	0.01813	0.07918	0.34862	0.06747	0.01764	0.25438	0.02169	0.01664	0.02221	0.01604	0.05709	0.01304	0.00811	0.00835	0.00261	0.01108	0.00844	0.00382	0.00951
5	0.00929	0.00786	0.00804	0.00799	0.01055	0.00660	0.00599	0.01138	0.01798	0.02168	0.12171	0.07341	0.63237	0.01936	0.00916	0.00261	0.00391	0.01619	0.00730	0.00660
6	0.02661	0.01885	0.02043	0.01605	0.02141	0.02060	0.01307	0.49605	0.06141	0.07441	0.05349	0.02329	0.01797	0.03468	0.00877	0.00249	0.00770	0.00762	0.06298	0.01212
7	0.01120	0.00783	0.01005	0.01005	0.01060	0.00838	0.00668	0.01230	0.01175	0.01621	0.02298	0.04269	0.02469	0.46173	0.30046	0.00948	0.01278	0.01010	0.00448	0.00558
8	0.01347	0.00673	0.01010	0.01010	0.01010	0.00673	0.00673	0.01010	0.01010	0.01347	0.01347	0.02357	0.01347	0.02694	0.03030	0.77441	0.00673	0.00673	0.00337	0.00337
9	0.01608	0.01378	0.01608	0.01148	0.01837	0.01034	0.00919	0.01952	0.01608	0.02527	0.01378	0.01608	0.01148	0.00574	0.00574	0.00115	0.00574	0.00459	0.00459	0.77491
10	0.63590	0.01464	0.01269	0.01090	0.01593	0.01622	0.00898	0.02573	0.01496	0.16202	0.01467	0.01530	0.01051	0.00767	0.00539	0.00240	0.00612	0.00490	0.00574	0.00934
11	0.02073	0.73217	0.04063	0.01327	0.01990	0.03068	0.01327	0.02322	0.01575	0.01824	0.01078	0.01244	0.00995	0.00663	0.00498	0.00166	0.00829	0.00415	0.00332	0.00995
12	0.02017	0.01365	0.01650	0.01199	0.01868	0.01057	0.00967	0.02352	0.01741	0.16936	0.01746	0.01833	0.01317	0.00658	0.00619	0.00142	0.00593	0.00529	0.00569	0.60841
13	0.01555	0.04011	0.68733	0.02210	0.03356	0.01801	0.02865	0.02455	0.01637	0.02455	0.01391	0.01637	0.00982	0.00737	0.00737	0.00246	0.01146	0.00573	0.00327	0.01146
14	0.01003	0.00785	0.00901	0.00916	0.01118	0.00696	0.00685	0.01241	0.01822	0.02334	0.22242	0.12759	0.38293	0.05404	0.01084	0.00294	0.00435	0.06581	0.00741	0.00668
15	0.02881	0.02139	0.02289	0.01770	0.02379	0.02373	0.01458	0.61314	0.07769	0.04779	0.01946	0.01929	0.01387	0.00939	0.00777	0.00235	0.00837	0.00710	0.00777	0.01313
16	0.01073	0.00778	0.01040	0.01203	0.01325	0.00745	0.00936	0.01309	0.01639	0.02136	0.04519	0.39184	0.10389	0.02264	0.01018	0.00328	0.00558	0.28169	0.00717	0.00668
17	0.00945	0.00675	0.00900	0.01080	0.01125	0.00630	0.00720	0.01080	0.01484	0.01979	0.04274	0.72245	0.05128	0.02429	0.00990	0.00315	0.00450	0.02204	0.00720	0.00630
18	0.05890	0.01666	0.04150	0.21019	0.10008	0.01780	0.01635	0.16278	0.11914	0.07602	0.05115	0.02314	0.01693	0.00981	0.00873	0.03867	0.00824	0.00743	0.00584	0.01065
19	0.09751	0.12274	0.05013	0.01511	0.02099	0.02079	0.01316	0.33549	0.02685	0.08486	0.07300	0.02268	0.04034	0.00943	0.00715	0.00223	0.00759	0.00713	0.00672	0.03611
20	0.13634	0.05795	0.06731	0.09292	0.05997	0.10090	0.09092	0.08231	0.08094	0.08347	0.01757	0.02074	0.01352	0.00831	0.00724	0.00236	0.00923	0.02440	0.00525	0.03837

[dist]
# distance from previous block
# <min> <max>
1	16

[block]
# block no. 6 follows, 25 sequences, length 52
# corresponding to MSA columns:
# 189-240
name=unknown_G
#
# <colnr> <probs for GDERKNQSTAVLIFYWHMCP>
#	G	D	E	R	K	N	Q	S	T	A	V	L	I	F	Y	W	H	M	C	P
0	0.01830	0.01272	0.01518	0.06812	0.01910	0.01314	0.01083	0.15210	0.04901	0.11589	0.10987	0.06397	0.24448	0.01432	0.00930	0.00258	0.03752	0.02685	0.00733	0.00940
1	0.02191	0.01685	0.02029	0.04073	0.02255	0.01830	0.05478	0.28493	0.18113	0.06080	0.02824	0.11615	0.04857	0.01220	0.00833	0.00260	0.00749	0.03559	0.00734	0.01123
2	0.06027	0.02936	0.36819	0.04657	0.03378	0.01801	0.22164	0.02442	0.04260	0.02490	0.01498	0.01855	0.01109	0.00809	0.00882	0.03630	0.01120	0.00692	0.00376	0.01055
3	0.01602	0.10314	0.62843	0.02130	0.03231	0.01916	0.02725	0.02443	0.01631	0.02398	0.01363	0.01601	0.00983	0.00730	0.00715	0.00238	0.01117	0.00559	0.00328	0.01132
4	0.03366	0.01295	0.01763	0.01360	0.01940	0.01120	0.01120	0.03669	0.02218	0.65360	0.06108	0.02788	0.02175	0.00989	0.00786	0.00240	0.00646	0.00809	0.00955	0.01292
5	0.02040	0.01408	0.05960	0.04009	0.01939	0.01239	0.01181	0.05214	0.12834	0.21117	0.18534	0.06042	0.05633	0.01218	0.00824	0.00247	0.00617	0.03754	0.00777	0.05414
6	0.00945	0.00675	0.00900	0.01080	0.01125	0.00630	0.00720	0.01080	0.01484	0.01979	0.04274	0.72245	0.05128	0.02429	0.00990	0.00315	0.00450	0.02204	0.00720	0.00630
7	0.02073	0.73217	0.04063	0.01327	0.01990	0.03068	0.01327	0.02322	0.01575	0.01824	0.01078	0.01244	0.00995	0.00663	0.00498	0.00166	0.00829	0.00415	0.00332	0.00995
8	0.03479	0.01320	0.01799	0.01380	0.01979	0.01140	0.01140	0.03779	0.02219	0.68451	0.03059	0.02639	0.01919	0.00960	0.00780	0.00240	0.00660	0.00780	0.00960	0.01320
9	0.01449	0.01062	0.01379	0.03728	0.01650	0.01053	0.03390	0.04715	0.09861	0.07120	0.27345	0.10777	0.14988	0.01564	0.00899	0.00265	0.00538	0.06597	0.00769	0.00850
10	0.03380	0.01298	0.01768	0.01363	0.01945	0.01123	0.01123	0.03683	0.02218	0.65740	0.05733	0.02770	0.02143	0.00986	0.00785	0.00240	0.00648	0.00806	0.00955	0.01295
11	0.05130	0.01472	0.01710	0.01414	0.01897	0.01519	0.01134	0.13474	0.20703	0.25895	0.12363	0.03128	0.04491	0.01092	0.00795	0.00246	0.00626	0.00896	0.00842	0.01172
12	0.01599	0.09913	0.63218	0.02135	0.03239	0.01909	0.02734	0.02444	0.01632	0.02402	0.01365	0.01603	0.00983	0.00730	0.00716	0.00239	0.01119	0.00559	0.00328	0.01133
13	0.01661	0.01566	0.02621	0.29461	0.37599	0.01689	0.02144	0.02124	0.01685	0.02290	0.01904	0.02577	0.05083	0.00856	0.00792	0.00248	0.00925	0.03336	0.00402	0.01035
14	0.00945	0.00675	0.00900	0.01080	0.01125	0.00630	0.00720	0.01080	0.01484	0.01979	0.04274	0.72245	0.05128	0.02429	0.00990	0.00315	0.00450	0.02204	0.00720	0.00630
15	0.01919	0.01842	0.03147	0.04759	0.67914	0.01842	0.02380	0.02380	0.01765	0.02533	0.01458	0.01919	0.01228	0.00691	0.00768	0.00230	0.00921	0.00691	0.00384	0.01228
16	0.02982	0.02116	0.02292	0.01757	0.02376	0.02321	0.01452	0.61272	0.03552	0.09076	0.01940	0.01913	0.01358	0.00933	0.00776	0.00233	0.00840	0.00703	0.00788	0.01319
17	0.02902	0.03540	0.02210	0.01976	0.02398	0.62773	0.01496	0.09451	0.02345	0.02203	0.01266	0.01446	0.01031	0.00812	0.00707	0.00203	0.01343	0.00520	0.00438	0.00942
18	0.02947	0.02172	0.02327	0.01784	0.02404	0.02404	0.01474	0.65329	0.03646	0.04887	0.01862	0.01862	0.01319	0.00931	0.00776	0.00233	0.00853	0.00698	0.00776	0.01319
19	0.01463	0.01351	0.02259	0.67954	0.05155	0.01681	0.02086	0.01974	0.01554	0.02019	0.01426	0.02102	0.01073	0.00781	0.00765	0.00255	0.01005	0.00690	0.03551	0.00856
20	0.01866	0.01442	0.01684	0.01221	0.01897	0.01160	0.00983	0.07563	0.01830	0.07745	0.01548	0.01708	0.01222	0.00634	0.00607	0.00135	0.00605	0.00504	0.00525	0.65120
21	0.01671	0.01678	0.02515	0.02104	0.02189	0.02242	0.07824	0.01894	0.01254	0.01922	0.01141	0.01824	0.01094	0.01582	0.06811	0.00391	0.59946	0.00712	0.00349	0.00857
22	0.00952	0.00793	0.00835	0.00843	0.01093	0.00676	0.00644	0.01172	0.01802	0.02188	0.12226	0.07417	0.58770	0.01946	0.00926	0.00267	0.00412	0.05643	0.00730	0.00664
23	0.10568	0.00946	0.00918	0.00854	0.01110	0.00995	0.00662	0.07644	0.01774	0.03141	0.02299	0.02606	0.01792	0.00884	0.00556	0.00192	0.00434	0.00685	0.61149	0.00791
24	0.01096	0.00791	0.01037	0.00995	0.01172	0.00732	0.00748	0.01451	0.02149	0.03032	0.62558	0.08851	0.07123	0.01641	0.00923	0.00251	0.00381	0.03498	0.00843	0.00726
25	0.01118	0.00748	0.00992	0.01106	0.01215	0.00686	0.00770	0.01288	0.01570	0.05462	0.06924	0.60615	0.04886	0.02235	0.00963	0.00302	0.00472	0.04349	0.00728	0.03573
26	0.00979	0.00700	0.00938	0.01107	0.01170	0.00658	0.00769	0.01145	0.01544	0.02061	0.07086	0.63471	0.05165	0.02365	0.00994	0.00316	0.00470	0.07695	0.00725	0.00642
27	0.01814	0.02201	0.08242	0.03207	0.04012	0.01952	0.61541	0.02482	0.01819	0.02482	0.01558	0.02066	0.01165	0.00658	0.00905	0.00261	0.01298	0.00895	0.00388	0.01051
28	0.01689	0.01389	0.01621	0.01176	0.01851	0.01077	0.00940	0.02115	0.04521	0.04928	0.01518	0.01702	0.01230	0.00609	0.00591	0.00126	0.00579	0.00489	0.00492	0.71355
29	0.00983	0.00713	0.00939	0.01078	0.01160	0.00654	0.00730	0.01138	0.01522	0.02056	0.06964	0.65914	0.05037	0.02303	0.00967	0.00302	0.00452	0.02085	0.00713	0.04289
30	0.02905	0.10353	0.02012	0.01350	0.01913	0.01416	0.01130	0.03374	0.07859	0.46624	0.07938	0.02703	0.02249	0.00967	0.00749	0.00228	0.00650	0.00781	0.00839	0.03961
31	0.01840	0.01523	0.01571	0.01261	0.01769	0.06316	0.00988	0.11988	0.04853	0.02882	0.01974	0.08831	0.01733	0.00899	0.00661	0.00176	0.00638	0.00729	0.11801	0.37567
32	0.44814	0.09933	0.01804	0.01305	0.01820	0.07225	0.01085	0.13227	0.07095	0.03390	0.01390	0.01503	0.01075	0.00782	0.00574	0.00229	0.00731	0.00510	0.00532	0.00975
33	0.01124	0.00838	0.01214	0.01293	0.01433	0.00807	0.03953	0.01380	0.01657	0.02205	0.09461	0.35809	0.04762	0.05759	0.01161	0.00344	0.00598	0.24817	0.00701	0.00682
34	0.04418	0.01261	0.02085	0.01710	0.02100	0.01202	0.15858	0.02238	0.01801	0.19839	0.07612	0.25473	0.03177	0.01455	0.00965	0.00277	0.03814	0.03088	0.00692	0.00935
35	0.01830	0.02092	0.04575	0.03268	0.04052	0.01961	0.65098	0.02484	0.01830	0.02484	0.01569	0.02092	0.01176	0.00654	0.00915	0.00261	0.01307	0.00915	0.00392	0.01046
36	0.01201	0.00818	0.00942	0.00920	0.00958	0.00839	0.00556	0.03814	0.01242	0.01670	0.02387	0.04762	0.02679	0.63859	0.09620	0.00774	0.00873	0.01084	0.00478	0.00525
37	0.01075	0.00786	0.01008	0.00964	0.01147	0.00720	0.00719	0.01415	0.02125	0.02969	0.59385	0.09014	0.12462	0.01657	0.00918	0.00249	0.00372	0.01460	0.00836	0.00720
38	0.05345	0.13661	0.31866	0.01908	0.02722	0.05276	0.04670	0.12009	0.06586	0.02796	0.01664	0.02055	0.01314	0.00848	0.00721	0.00237	0.00988	0.03769	0.00461	0.01103
39	0.01555	0.04011	0.68733	0.02210	0.03356	0.01801	0.02865	0.02455	0.01637	0.02455	0.01391	0.01637	0.00982	0.00737	0.00737	0.00246	0.01146	0.00573	0.00327	0.01146
40	0.01904	0.01645	0.01797	0.01714	0.04937	0.01887	0.01279	0.03952	0.61286	0.03178	0.03115	0.03061	0.02392	0.01075	0.00798	0.00265	0.00631	0.03106	0.00768	0.01209
41	0.02947	0.02172	0.02327	0.01784	0.02404	0.02404	0.01474	0.65329	0.03646	0.04887	0.01862	0.01862	0.01319	0.00931	0.00776	0.00233	0.00853	0.00698	0.00776	0.01319
42	0.01786	0.01641	0.02705	0.44267	0.12087	0.01869	0.09983	0.11590	0.01925	0.02545	0.01484	0.02022	0.01117	0.00773	0.00792	0.00252	0.01028	0.00719	0.00420	0.00996
43	0.08030	0.10937	0.19388	0.07879	0.06510	0.23336	0.01871	0.06772	0.01934	0.04583	0.01360	0.01589	0.01049	0.00768	0.00687	0.00221	0.01091	0.00552	0.00417	0.01025
44	0.07797	0.01212	0.01250	0.01070	0.01415	0.01286	0.00851	0.19567	0.02191	0.06525	0.02258	0.02469	0.01711	0.00900	0.00613	0.00202	0.00530	0.00695	0.46532	0.00925
45	0.02046	0.69679	0.07369	0.01372	0.02060	0.03003	0.01405	0.02329	0.01579	0.01856	0.01094	0.01264	0.00994	0.00667	0.00510	0.00170	0.00845	0.00423	0.00331	0.01003
46	0.01128	0.00752	0.00846	0.00846	0.00846	0.00752	0.00470	0.01128	0.01128	0.01503	0.02443	0.05074	0.02819	0.72751	0.03946	0.00752	0.00752	0.01128	0.00470	0.00470
47	0.01225	0.00952	0.01427	0.04748	0.01808	0.00955	0.05335	0.01602	0.03858	0.02239	0.03829	0.27652	0.04221	0.02032	0.01012	0.00330	0.00682	0.34679	0.00680	0.00734
48	0.27041	0.02902	0.38429	0.01930	0.05754	0.01758	0.03889	0.02453	0.01570	0.05738	0.01371	0.01583	0.00994	0.00736	0.00660	0.00243	0.00938	0.00547	0.00411	0.01053
49	0.01588	0.01586	0.05287	0.43321	0.18334	0.01714	0.02070	0.02250	0.07425	0.02299	0.05334	0.02303	0.01552	0.00826	0.00781	0.00251	0.00938	0.00742	0.00421	0.00979
50	0.01107	0.00873	0.01071	0.04349	0.01441	0.00833	0.00869	0.01490	0.04930	0.02467	0.23129	0.09659	0.29331	0.01814	0.00937	0.00278	0.00492	0.13468	0.00742	0.00724
51	0.02705	0.01510	0.01835	0.03541	0.02105	0.01513	0.01222	0.14893	0.15202	0.32263	0.05736	0.02861	0.02179	0.01022	0.00787	0.00241	0.00681	0.03283	0.00830	0.05590

[dist]
# distance from previous block
# <min> <max>
3	9

[block]
# block no. 7 follows, 25 sequences, length 67
# corresponding to MSA columns:
# 250-316
name=unknown_H
#
# <colnr> <probs for GDERKNQSTAVLIFYWHMCP>
#	G	D	E	R	K	N	Q	S	T	A	V	L	I	F	Y	W	H	M	C	P
0	0.05847	0.21914	0.40007	0.02098	0.05278	0.02148	0.07813	0.02410	0.01625	0.02349	0.01310	0.01563	0.01004	0.00707	0.00676	0.00225	0.01039	0.00557	0.00344	0.01084
1	0.00993	0.02753	0.00981	0.01024	0.01129	0.00716	0.00708	0.01155	0.01578	0.02072	0.10138	0.52015	0.14632	0.04951	0.01072	0.00313	0.00456	0.01956	0.00711	0.00647
2	0.01123	0.00769	0.00931	0.00931	0.00961	0.00798	0.00577	0.01183	0.01153	0.01567	0.02365	0.04640	0.02631	0.58430	0.18010	0.00857	0.01035	0.01064	0.00458	0.00517
3	0.02201	0.02292	0.02068	0.25356	0.03205	0.30405	0.01621	0.02508	0.01848	0.06415	0.01573	0.02157	0.01286	0.00962	0.00904	0.03218	0.03910	0.03425	0.03773	0.00874
4	0.03816	0.02127	0.17384	0.35109	0.16763	0.01818	0.02267	0.07216	0.01772	0.02468	0.01427	0.01903	0.01077	0.00761	0.00757	0.00247	0.01011	0.00657	0.00386	0.01033
5	0.01674	0.07726	0.42326	0.02437	0.03374	0.01964	0.20009	0.02415	0.01657	0.02384	0.01396	0.01742	0.01039	0.00750	0.00892	0.00251	0.05862	0.00665	0.00346	0.01089
6	0.01459	0.01341	0.02373	0.44383	0.04173	0.01530	0.11670	0.01871	0.01532	0.01995	0.01717	0.06264	0.01520	0.04269	0.01165	0.07254	0.00987	0.03297	0.00392	0.00807
7	0.01362	0.01185	0.04530	0.19759	0.08616	0.01179	0.01376	0.01690	0.05358	0.02028	0.04262	0.18772	0.04115	0.01694	0.01355	0.17924	0.00742	0.02817	0.00493	0.00744
8	0.01776	0.01834	0.06079	0.36598	0.11612	0.07933	0.08709	0.02348	0.04479	0.04368	0.01590	0.02070	0.01207	0.00778	0.00767	0.00244	0.01020	0.00703	0.04920	0.00965
9	0.02158	0.02349	0.02200	0.02066	0.06488	0.26433	0.01546	0.06046	0.01810	0.02202	0.05261	0.01933	0.01477	0.01213	0.03396	0.00291	0.28993	0.00665	0.02566	0.00905
10	0.01191	0.00859	0.01192	0.11206	0.01769	0.00895	0.00951	0.04080	0.01506	0.01994	0.03184	0.40815	0.03626	0.09076	0.01506	0.10262	0.00621	0.04028	0.00594	0.00644
11	0.08562	0.23996	0.08633	0.10072	0.16952	0.02141	0.01730	0.06303	0.01805	0.10759	0.01520	0.01734	0.01172	0.00747	0.00660	0.00217	0.00861	0.00584	0.00463	0.01091
12	0.04301	0.35286	0.12049	0.01697	0.05668	0.08391	0.01531	0.05135	0.06820	0.02265	0.01680	0.08847	0.01550	0.00913	0.00648	0.00211	0.00867	0.00692	0.00440	0.01009
13	0.01104	0.00748	0.00879	0.00900	0.00915	0.00752	0.00533	0.01139	0.01178	0.01580	0.02637	0.12967	0.03036	0.59871	0.07987	0.00733	0.00804	0.01236	0.00496	0.00504
14	0.02427	0.01844	0.01923	0.01592	0.02054	0.05533	0.01280	0.43818	0.02981	0.03981	0.02385	0.13478	0.02136	0.01231	0.00807	0.00248	0.00778	0.04583	0.05807	0.01112
15	0.05037	0.02174	0.17114	0.26958	0.15738	0.01849	0.05562	0.08106	0.05294	0.02612	0.01533	0.01938	0.01155	0.00771	0.00761	0.00248	0.00995	0.00675	0.00420	0.01062
16	0.01718	0.01740	0.07790	0.17653	0.13180	0.01674	0.13091	0.02383	0.08169	0.06016	0.09717	0.04482	0.02133	0.00958	0.00941	0.00258	0.05710	0.00871	0.00506	0.01011
17	0.01128	0.00752	0.00846	0.00846	0.00846	0.00752	0.00470	0.01128	0.01128	0.01503	0.02443	0.05074	0.02819	0.72751	0.03946	0.00752	0.00752	0.01128	0.00470	0.00470
18	0.01024	0.00703	0.00883	0.00995	0.01040	0.00671	0.00644	0.01142	0.01425	0.01940	0.06418	0.48018	0.04453	0.21404	0.01768	0.00424	0.00524	0.01810	0.04117	0.00595
19	0.01020	0.00783	0.00933	0.00910	0.01114	0.00696	0.00677	0.01308	0.01991	0.02659	0.41201	0.10342	0.30003	0.01778	0.00920	0.00255	0.00381	0.01538	0.00795	0.00696
20	0.17541	0.05178	0.14689	0.03796	0.05281	0.04877	0.10949	0.05078	0.01752	0.04432	0.05092	0.04730	0.01585	0.00835	0.00700	0.00227	0.00866	0.00703	0.02635	0.09054
21	0.02164	0.33225	0.03040	0.01683	0.03997	0.06477	0.03910	0.11208	0.17284	0.02640	0.01718	0.01806	0.01382	0.00824	0.00721	0.00211	0.03553	0.00606	0.00511	0.03040
22	0.02268	0.05217	0.28231	0.01880	0.02697	0.01851	0.05314	0.20631	0.02305	0.12855	0.01819	0.01912	0.01278	0.00818	0.00740	0.00231	0.00929	0.00654	0.03906	0.04463
23	0.01896	0.02391	0.19194	0.02498	0.03225	0.01883	0.29904	0.05922	0.05328	0.07018	0.04321	0.02158	0.01481	0.00840	0.01016	0.00262	0.08310	0.00805	0.00470	0.01080
24	0.01692	0.02070	0.11168	0.14760	0.06009	0.01797	0.39753	0.02320	0.01765	0.02437	0.04385	0.02220	0.01427	0.00735	0.00851	0.00254	0.01152	0.00843	0.03357	0.01005
25	0.01696	0.01696	0.02375	0.02036	0.02036	0.02375	0.01696	0.01866	0.01187	0.01866	0.01018	0.01696	0.01018	0.01357	0.02545	0.00339	0.71332	0.00679	0.00339	0.00848
26	0.01663	0.01603	0.02861	0.35673	0.24182	0.01745	0.12433	0.02177	0.01667	0.02282	0.01496	0.02070	0.01168	0.00736	0.00783	0.00246	0.01008	0.00728	0.04482	0.00997
27	0.05821	0.13318	0.39833	0.02129	0.08513	0.01944	0.02234	0.06029	0.01705	0.02509	0.01426	0.01727	0.01106	0.01199	0.07023	0.00323	0.01119	0.00583	0.00376	0.01083
28	0.00940	0.00759	0.00836	0.00874	0.01076	0.00656	0.00634	0.01137	0.01738	0.02160	0.12462	0.23037	0.46897	0.02042	0.00934	0.00273	0.00404	0.01753	0.00732	0.00656
29	0.00945	0.00675	0.00900	0.01080	0.01125	0.00630	0.00720	0.01080	0.01484	0.01979	0.04274	0.72245	0.05128	0.02429	0.00990	0.00315	0.00450	0.02204	0.00720	0.00630
30	0.02233	0.02161	0.05008	0.01933	0.08357	0.14989	0.01435	0.14336	0.23718	0.05669	0.04267	0.02737	0.07689	0.01023	0.00779	0.00240	0.00839	0.00817	0.00654	0.01117
31	0.01831	0.01696	0.02915	0.03195	0.28615	0.01760	0.15792	0.02312	0.04283	0.06271	0.02175	0.06634	0.05943	0.01006	0.01099	0.00263	0.11771	0.00906	0.00472	0.01060
32	0.01204	0.00878	0.01186	0.01340	0.01530	0.00860	0.01159	0.01539	0.01782	0.02289	0.04621	0.08570	0.13142	0.02117	0.01050	0.00344	0.00670	0.54301	0.00715	0.00706
33	0.62841	0.01669	0.01379	0.01202	0.01658	0.04765	0.00985	0.08028	0.01560	0.03428	0.01152	0.01351	0.00902	0.00786	0.00659	0.00244	0.05546	0.00466	0.00494	0.00886
34	0.00945	0.00675	0.00900	0.01080	0.01125	0.00630	0.00720	0.01080	0.01484	0.01979	0.04274	0.72245	0.05128	0.02429	0.00990	0.00315	0.00450	0.02204	0.00720	0.00630
35	0.01604	0.07646	0.52643	0.02332	0.07490	0.01831	0.06787	0.02391	0.01685	0.02460	0.04938	0.01886	0.01352	0.00769	0.00746	0.00241	0.01081	0.00639	0.00364	0.01114
36	0.02847	0.03514	0.02180	0.01965	0.02377	0.62816	0.01482	0.06101	0.05718	0.02112	0.01335	0.01500	0.01087	0.00819	0.00708	0.00205	0.01330	0.00529	0.00438	0.00936
37	0.01110	0.00744	0.00851	0.00869	0.00873	0.00740	0.00494	0.01123	0.01162	0.01550	0.02622	0.11637	0.03045	0.65880	0.03658	0.00709	0.00722	0.01233	0.00494	0.00485
38	0.04804	0.00861	0.00910	0.05033	0.01266	0.00903	0.00695	0.04716	0.01700	0.02951	0.02367	0.02724	0.01850	0.00889	0.00564	0.00190	0.00435	0.00707	0.65671	0.00763
39	0.01638	0.01038	0.01267	0.01193	0.01484	0.01028	0.00939	0.02303	0.14070	0.12853	0.21888	0.10029	0.09794	0.01522	0.00875	0.00266	0.00518	0.10488	0.05909	0.00897
40	0.01632	0.14304	0.59115	0.02079	0.03153	0.01989	0.02636	0.02436	0.01628	0.02362	0.01345	0.01579	0.00984	0.00726	0.00701	0.00234	0.01099	0.00549	0.00328	0.01123
41	0.01608	0.01378	0.01608	0.01148	0.01837	0.01034	0.00919	0.01952	0.01608	0.02527	0.01378	0.01608	0.01148	0.00574	0.00574	0.00115	0.00574	0.00459	0.00459	0.77491
42	0.01310	0.01124	0.01356	0.01324	0.01483	0.07320	0.01029	0.01579	0.01347	0.01858	0.01973	0.02834	0.01817	0.04965	0.57684	0.01068	0.04725	0.00790	0.03694	0.00719
43	0.01125	0.00759	0.00880	0.00878	0.00894	0.00765	0.00514	0.01158	0.01178	0.01588	0.05034	0.04967	0.02941	0.65416	0.08218	0.00764	0.00825	0.01119	0.00482	0.00495
44	0.02708	0.01980	0.02127	0.01658	0.02221	0.02180	0.01362	0.56625	0.03365	0.04545	0.02180	0.02214	0.04382	0.01125	0.02864	0.00262	0.00840	0.00746	0.05382	0.01233
45	0.07297	0.03056	0.04967	0.01859	0.02340	0.42246	0.01481	0.14606	0.09961	0.02727	0.01552	0.01661	0.01208	0.00846	0.00712	0.00218	0.01146	0.00579	0.00516	0.01022
46	0.00945	0.00675	0.00900	0.01080	0.01125	0.00630	0.00720	0.01080	0.01484	0.01979	0.04274	0.72245	0.05128	0.02429	0.00990	0.00315	0.00450	0.02204	0.00720	0.00630
47	0.01464	0.01378	0.02326	0.70887	0.05340	0.01723	0.02153	0.01981	0.01550	0.01981	0.01378	0.02067	0.01034	0.00775	0.00775	0.00258	0.01034	0.00689	0.00345	0.00861
48	0.02068	0.02300	0.03510	0.02668	0.03198	0.14323	0.35379	0.06636	0.01875	0.02401	0.01400	0.01864	0.01119	0.00854	0.01226	0.00266	0.16740	0.00773	0.00407	0.00994
49	0.02487	0.03014	0.02258	0.02010	0.02274	0.46709	0.01566	0.02677	0.01853	0.01887	0.01137	0.01500	0.01005	0.00989	0.01328	0.00247	0.25237	0.00560	0.00379	0.00882
50	0.01249	0.00892	0.01249	0.01428	0.01606	0.00892	0.01249	0.01606	0.01785	0.02320	0.04105	0.08746	0.04462	0.02142	0.01071	0.00357	0.00714	0.62695	0.00714	0.00714
51	0.01585	0.01562	0.06300	0.50409	0.10034	0.01680	0.02072	0.02204	0.05508	0.04206	0.01716	0.02515	0.01370	0.00874	0.00792	0.00261	0.00974	0.04587	0.00416	0.00937
52	0.02053	0.26932	0.26609	0.01961	0.02781	0.08424	0.10280	0.02585	0.01742	0.07774	0.01432	0.01627	0.01093	0.00725	0.00679	0.00216	0.01042	0.00575	0.00397	0.01074
