[name]
unknown

[dist]
# distance from previous block
# <min> <max>
0	6

[block]
# block no. 0 follows, 23 sequences, length 11
# corresponding to MSA columns:
# 6-16
name=unknown_A
#
# <colnr> <probs for GDERKNQSTAVLIFYWHMCP>
#	G	D	E	R	K	N	Q	S	T	A	V	L	I	F	Y	W	H	M	C	P
0	0.01308	0.00934	0.01308	0.01494	0.01681	0.00934	0.01308	0.01681	0.01868	0.02428	0.04296	0.09153	0.04670	0.02242	0.01121	0.00374	0.00747	0.60960	0.00747	0.00747
1	0.77215	0.01569	0.01193	0.01067	0.01569	0.01820	0.00879	0.02385	0.01381	0.03641	0.01130	0.01318	0.00879	0.00753	0.00502	0.00251	0.00628	0.00439	0.00502	0.00879
2	0.01915	0.02189	0.04788	0.03420	0.04241	0.02052	0.63475	0.02599	0.01915	0.02599	0.01642	0.02189	0.01231	0.00684	0.00958	0.00274	0.01368	0.00958	0.00410	0.01094
3	0.02257	0.01988	0.05966	0.01689	0.02241	0.02057	0.01416	0.23911	0.34761	0.03813	0.03180	0.03018	0.07797	0.01125	0.00830	0.00263	0.00740	0.00907	0.00785	0.01257
4	0.01728	0.01446	0.01955	0.24691	0.03107	0.01661	0.01539	0.11425	0.07318	0.02712	0.02330	0.16874	0.02204	0.01279	0.01017	0.00273	0.07536	0.01060	0.03078	0.06765
5	0.02751	0.02054	0.02334	0.12207	0.02894	0.02301	0.01593	0.50518	0.03351	0.04521	0.01912	0.02046	0.01376	0.00947	0.00797	0.00244	0.00891	0.00731	0.05262	0.01269
6	0.12030	0.19048	0.07362	0.01434	0.02050	0.01965	0.01319	0.12073	0.02164	0.19934	0.05203	0.02203	0.01746	0.00901	0.00685	0.00226	0.00754	0.00672	0.07094	0.01136
7	0.01491	0.01183	0.01279	0.01287	0.01458	0.06291	0.00922	0.09834	0.01958	0.02550	0.10458	0.42607	0.04378	0.02120	0.01166	0.07209	0.00618	0.01712	0.00714	0.00763
8	0.08604	0.02024	0.02015	0.01634	0.02137	0.06885	0.01294	0.37392	0.08267	0.06522	0.02091	0.02504	0.01676	0.11803	0.01293	0.00328	0.00868	0.00781	0.00718	0.01163
9	0.07674	0.01599	0.02400	0.04016	0.02400	0.01833	0.13255	0.04363	0.06211	0.02477	0.02197	0.02667	0.06911	0.01938	0.12302	0.00454	0.21253	0.00852	0.00481	0.04716
10	0.02434	0.01649	0.01817	0.01454	0.01968	0.01716	0.01169	0.28585	0.09250	0.09294	0.02252	0.02340	0.01671	0.01008	0.00830	0.03317	0.00695	0.00728	0.16432	0.11391

[dist]
# distance from previous block
# <min> <max>
10	31

[block]
# block no. 1 follows, 23 sequences, length 13
# corresponding to MSA columns:
# 55-67
name=unknown_B
#
# <colnr> <probs for GDERKNQSTAVLIFYWHMCP>
#	G	D	E	R	K	N	Q	S	T	A	V	L	I	F	Y	W	H	M	C	P
0	0.16318	0.07976	0.12268	0.10025	0.02802	0.06553	0.01699	0.21877	0.07209	0.03481	0.01651	0.01820	0.01231	0.00860	0.00720	0.00245	0.00930	0.00632	0.00565	0.01137
1	0.08062	0.25261	0.21229	0.02136	0.09777	0.02219	0.05118	0.02331	0.01649	0.02372	0.01586	0.06996	0.01431	0.01081	0.03169	0.00274	0.03140	0.00710	0.00403	0.01057
2	0.01736	0.10004	0.03240	0.35139	0.04356	0.02057	0.18250	0.02243	0.01674	0.02210	0.01427	0.02013	0.01121	0.00804	0.00959	0.00260	0.06817	0.00737	0.00377	0.04573
3	0.05056	0.01111	0.01293	0.04746	0.01617	0.01134	0.00911	0.11765	0.01887	0.02592	0.03584	0.29078	0.09895	0.16187	0.01571	0.00387	0.00646	0.01490	0.00664	0.04387
4	0.02398	0.20743	0.06566	0.02151	0.07960	0.22210	0.05706	0.11040	0.02148	0.02517	0.01465	0.01761	0.01216	0.01295	0.07148	0.00319	0.01234	0.00611	0.00449	0.01061
5	0.15849	0.04923	0.04879	0.39050	0.12470	0.01902	0.01968	0.02333	0.04725	0.02520	0.01472	0.01969	0.01135	0.00796	0.00738	0.00258	0.00954	0.00660	0.00414	0.00985
6	0.02741	0.03223	0.02329	0.02323	0.09587	0.48109	0.01617	0.07323	0.05749	0.02350	0.01507	0.01758	0.01239	0.01194	0.05204	0.00291	0.01369	0.00604	0.00467	0.01015
7	0.01528	0.01293	0.01562	0.01244	0.01764	0.01073	0.00965	0.01827	0.01625	0.02469	0.02117	0.17657	0.02153	0.01100	0.00831	0.00183	0.04937	0.00916	0.00536	0.54221
8	0.01265	0.00914	0.01249	0.01392	0.01584	0.00897	0.01195	0.01629	0.01921	0.02519	0.12408	0.08674	0.08922	0.02155	0.01090	0.00352	0.00680	0.49642	0.00766	0.00746
9	0.01975	0.01894	0.03233	0.09491	0.62171	0.01919	0.02474	0.02461	0.01832	0.02611	0.01520	0.02019	0.01271	0.00729	0.00804	0.00243	0.00972	0.00723	0.00399	0.01258
10	0.02665	0.02986	0.02324	0.07420	0.07791	0.39261	0.01643	0.09825	0.13188	0.02628	0.01719	0.01883	0.01351	0.00886	0.00768	0.00231	0.01190	0.00645	0.00525	0.01072
11	0.02031	0.02270	0.08386	0.08454	0.47148	0.07757	0.07135	0.02545	0.01868	0.02546	0.01500	0.01960	0.01227	0.00739	0.00807	0.00244	0.01065	0.00713	0.00396	0.01209
12	0.01797	0.04940	0.10108	0.01838	0.02389	0.01387	0.16451	0.02304	0.02108	0.12065	0.30612	0.03906	0.04184	0.01177	0.00895	0.00256	0.00787	0.01099	0.00700	0.00998

[dist]
# distance from previous block
# <min> <max>
0	1

[block]
# block no. 2 follows, 23 sequences, length 7
# corresponding to MSA columns:
# 69-75
name=unknown_C
#
# <colnr> <probs for GDERKNQSTAVLIFYWHMCP>
#	G	D	E	R	K	N	Q	S	T	A	V	L	I	F	Y	W	H	M	C	P
0	0.01295	0.00928	0.01138	0.01201	0.01324	0.00926	0.00830	0.09629	0.01817	0.02426	0.03905	0.53898	0.04543	0.10408	0.01368	0.00371	0.00565	0.01961	0.00731	0.00737
1	0.02145	0.01726	0.02260	0.01709	0.02345	0.01650	0.09960	0.18622	0.07811	0.05403	0.01991	0.04257	0.01575	0.00850	0.00745	0.00203	0.00775	0.00738	0.05207	0.30028
2	0.02170	0.01754	0.01916	0.19105	0.02839	0.08707	0.01441	0.21974	0.02409	0.03297	0.01944	0.02297	0.01485	0.01111	0.03397	0.00274	0.00911	0.00719	0.21237	0.01013
3	0.01080	0.00795	0.01034	0.01119	0.01252	0.00716	0.00775	0.01281	0.01688	0.02319	0.14286	0.53828	0.05353	0.02216	0.00982	0.00298	0.00468	0.01998	0.00751	0.07761
4	0.30965	0.14714	0.09497	0.12774	0.02959	0.02115	0.11691	0.02397	0.01591	0.02788	0.01299	0.01637	0.01015	0.00742	0.00659	0.00244	0.00927	0.00586	0.00419	0.00981
5	0.12517	0.01974	0.09907	0.23480	0.13884	0.01890	0.01951	0.09068	0.07835	0.07249	0.01759	0.02066	0.01305	0.00841	0.00764	0.00258	0.00926	0.00694	0.00519	0.01115
6	0.13246	0.01339	0.01798	0.18890	0.10090	0.01549	0.01435	0.02144	0.05615	0.02559	0.01857	0.02529	0.01566	0.06720	0.08198	0.00404	0.05576	0.00746	0.12846	0.00894

[dist]
# distance from previous block
# <min> <max>
18	32

[block]
# block no. 3 follows, 23 sequences, length 12
# corresponding to MSA columns:
# 109-120
name=unknown_D
#
# <colnr> <probs for GDERKNQSTAVLIFYWHMCP>
#	G	D	E	R	K	N	Q	S	T	A	V	L	I	F	Y	W	H	M	C	P
0	0.12842	0.02129	0.16268	0.09435	0.02660	0.01698	0.01652	0.13471	0.04289	0.08300	0.11819	0.02557	0.02254	0.00966	0.00767	0.00245	0.00819	0.00769	0.00616	0.06447
1	0.29894	0.15129	0.02297	0.09025	0.11527	0.01958	0.01388	0.02513	0.01700	0.10724	0.05637	0.01986	0.01564	0.00832	0.00650	0.00237	0.00763	0.00621	0.00529	0.01026
2	0.02057	0.10699	0.05632	0.10702	0.37186	0.08188	0.02144	0.02695	0.08204	0.02509	0.01620	0.01979	0.01322	0.00779	0.00764	0.00237	0.00988	0.00684	0.00433	0.01179
3	0.01584	0.15786	0.02027	0.01628	0.07540	0.01532	0.01142	0.09184	0.01877	0.02463	0.03199	0.41715	0.03606	0.01799	0.00880	0.00279	0.00650	0.01580	0.00644	0.00884
4	0.09624	0.01429	0.01589	0.01280	0.01811	0.01334	0.01017	0.13695	0.02141	0.10952	0.03052	0.10705	0.11180	0.01170	0.00759	0.00219	0.00627	0.00954	0.00680	0.25780
5	0.10801	0.01637	0.08812	0.30919	0.03487	0.01580	0.01716	0.06370	0.01883	0.02762	0.14127	0.07825	0.02658	0.01103	0.00814	0.00266	0.00845	0.00935	0.00540	0.00920
6	0.11005	0.32892	0.02957	0.08363	0.02441	0.12012	0.01414	0.02847	0.08508	0.08291	0.01601	0.01732	0.01269	0.00805	0.00638	0.00215	0.00908	0.00563	0.00488	0.01051
7	0.19030	0.09853	0.21956	0.01725	0.02476	0.01868	0.04872	0.07176	0.01864	0.14305	0.01701	0.01858	0.01231	0.00942	0.00859	0.05132	0.00900	0.00619	0.00535	0.01097
8	0.09421	0.01386	0.01710	0.16905	0.02570	0.01528	0.01295	0.11169	0.09434	0.06611	0.19834	0.03606	0.05791	0.04127	0.00968	0.00282	0.00706	0.00986	0.00696	0.00975
9	0.11211	0.01702	0.09123	0.01431	0.01930	0.01490	0.01268	0.11415	0.10345	0.11351	0.25600	0.03590	0.03797	0.01195	0.00825	0.00255	0.00652	0.00984	0.00775	0.01060
10	0.03006	0.01917	0.02244	0.07968	0.02638	0.02058	0.01491	0.39817	0.04827	0.20116	0.02236	0.02214	0.01540	0.01020	0.00877	0.02317	0.00848	0.00755	0.00806	0.01306
11	0.13492	0.05367	0.22117	0.01714	0.02499	0.01771	0.01758	0.10562	0.04250	0.25506	0.02126	0.02077	0.01441	0.00882	0.00744	0.00250	0.00869	0.00672	0.00670	0.01235

[dist]
# distance from previous block
# <min> <max>
79	200

[block]
# block no. 4 follows, 23 sequences, length 29
# corresponding to MSA columns:
# 366-394
name=unknown_E
#
# <colnr> <probs for GDERKNQSTAVLIFYWHMCP>
#	G	D	E	R	K	N	Q	S	T	A	V	L	I	F	Y	W	H	M	C	P
0	0.08344	0.03862	0.18457	0.03969	0.06460	0.01930	0.03222	0.07982	0.06452	0.05845	0.05752	0.04414	0.03586	0.01091	0.01164	0.00276	0.14785	0.00803	0.00530	0.01074
1	0.06139	0.06492	0.06124	0.02382	0.06583	0.01765	0.25305	0.04812	0.01955	0.06725	0.12355	0.05832	0.02513	0.01215	0.03688	0.00305	0.03249	0.00977	0.00554	0.01029
2	0.15541	0.02293	0.12726	0.06854	0.06865	0.05485	0.01689	0.19581	0.08448	0.03457	0.01894	0.06151	0.01536	0.00964	0.00754	0.00252	0.00886	0.00754	0.00587	0.03282
3	0.01920	0.01664	0.02420	0.01860	0.02427	0.01595	0.15185	0.16709	0.02217	0.03083	0.02436	0.14054	0.05011	0.01136	0.00886	0.00235	0.02938	0.01027	0.00600	0.22597
4	0.05287	0.01727	0.03896	0.03755	0.02296	0.05631	0.07234	0.02640	0.13595	0.06540	0.04847	0.06617	0.02151	0.01063	0.00914	0.00240	0.05472	0.04267	0.00598	0.21231
5	0.34925	0.07752	0.05669	0.01411	0.02031	0.01732	0.05292	0.02666	0.03452	0.13590	0.01668	0.01779	0.01232	0.00780	0.00625	0.00228	0.00731	0.00572	0.02686	0.11179
6	0.28962	0.01742	0.01657	0.04145	0.02015	0.06207	0.01151	0.13110	0.09963	0.05405	0.01825	0.02146	0.01461	0.05355	0.06678	0.00364	0.00892	0.00661	0.00594	0.05669
7	0.06463	0.01721	0.02805	0.02176	0.02653	0.01811	0.21943	0.08019	0.01820	0.02676	0.01858	0.09858	0.01712	0.01427	0.05776	0.00341	0.14589	0.00940	0.00494	0.10918
8	0.07027	0.01910	0.02157	0.12321	0.02745	0.04118	0.01489	0.31247	0.02654	0.03734	0.01686	0.01922	0.01273	0.00898	0.00868	0.00232	0.05470	0.00663	0.04077	0.13508
9	0.01211	0.00789	0.00901	0.00901	0.00928	0.00799	0.00534	0.01266	0.01238	0.01734	0.02540	0.04948	0.02805	0.60329	0.08073	0.00764	0.00840	0.01118	0.07749	0.00533
10	0.01664	0.01462	0.01894	0.05913	0.02282	0.01195	0.04907	0.02096	0.03322	0.02596	0.01642	0.04962	0.01420	0.00722	0.00663	0.00153	0.00676	0.00621	0.00490	0.61319
11	0.69936	0.01557	0.01312	0.07652	0.01956	0.01819	0.01011	0.02355	0.01404	0.03490	0.01160	0.01399	0.00898	0.00759	0.00532	0.00253	0.00671	0.00466	0.00489	0.00881
12	0.01676	0.01430	0.01527	0.01376	0.01785	0.01538	0.01064	0.03192	0.40632	0.03064	0.10400	0.04293	0.16977	0.01333	0.00853	0.00263	0.00563	0.01118	0.00793	0.06123
13	0.00959	0.00822	0.00822	0.00822	0.01096	0.00685	0.00617	0.01165	0.01850	0.02192	0.08220	0.07809	0.66092	0.02055	0.00959	0.00274	0.00411	0.01713	0.00754	0.00685
14	0.01683	0.01442	0.01683	0.01202	0.01923	0.01082	0.00961	0.02043	0.01683	0.02644	0.01442	0.01683	0.01202	0.00601	0.00601	0.00120	0.00601	0.00481	0.00481	0.76444
15	0.01969	0.01923	0.03353	0.08268	0.50692	0.01943	0.10514	0.02593	0.05741	0.02657	0.01646	0.02104	0.01340	0.00746	0.00826	0.00249	0.01005	0.00766	0.00427	0.01238
16	0.00989	0.00706	0.00942	0.01130	0.01177	0.00659	0.00753	0.01130	0.01554	0.02071	0.04472	0.70954	0.05367	0.02542	0.01036	0.00330	0.00471	0.02307	0.00753	0.00659
17	0.00978	0.00823	0.00848	0.00841	0.01107	0.00693	0.00631	0.01200	0.01893	0.02296	0.13872	0.07638	0.60376	0.02016	0.00959	0.00272	0.00408	0.01689	0.00767	0.00693
18	0.01018	0.00824	0.00903	0.00883	0.01132	0.00710	0.00663	0.01278	0.01988	0.02520	0.26089	0.07268	0.48019	0.01932	0.00958	0.00268	0.00402	0.01637	0.00797	0.00710
19	0.02018	0.01743	0.01835	0.01651	0.02110	0.02018	0.01284	0.04312	0.64956	0.03394	0.03303	0.03027	0.02477	0.01101	0.00826	0.00275	0.00642	0.00917	0.00826	0.01284
20	0.01745	0.01597	0.02410	0.44786	0.04350	0.01990	0.02017	0.08076	0.01756	0.02371	0.01408	0.02034	0.01113	0.00952	0.01211	0.00279	0.16293	0.00708	0.00409	0.04494
21	0.02045	0.61959	0.06781	0.01394	0.02062	0.02912	0.01400	0.02348	0.01715	0.02070	0.07489	0.01786	0.01688	0.00792	0.00575	0.00185	0.00835	0.00542	0.00400	0.01021
22	0.01892	0.13035	0.02090	0.01279	0.01919	0.01591	0.01067	0.07616	0.06419	0.02830	0.01686	0.01871	0.01369	0.00718	0.00619	0.00158	0.00651	0.00553	0.07899	0.44739
23	0.02687	0.02148	0.02149	0.01758	0.02277	0.08617	0.01404	0.44808	0.06104	0.04230	0.02356	0.13267	0.02051	0.01224	0.00841	0.00256	0.00868	0.00977	0.00764	0.01214
24	0.06926	0.01466	0.01634	0.01215	0.01863	0.01241	0.00975	0.08085	0.01873	0.02990	0.01586	0.01813	0.01282	0.00681	0.00612	0.00148	0.00610	0.00529	0.07777	0.56697
25	0.09625	0.01911	0.01959	0.01611	0.02155	0.03610	0.01294	0.28469	0.23085	0.03997	0.04533	0.02575	0.04481	0.01031	0.00781	0.00247	0.00744	0.00804	0.00755	0.06333
26	0.13947	0.01381	0.02058	0.37938	0.03813	0.01581	0.05175	0.02017	0.01550	0.02379	0.01543	0.04070	0.01268	0.01033	0.00981	0.07702	0.00903	0.00718	0.03879	0.06064
27	0.06959	0.01889	0.02437	0.01857	0.02496	0.01930	0.11462	0.25643	0.10208	0.07417	0.02021	0.02122	0.01490	0.00861	0.00771	0.00229	0.00839	0.00733	0.03718	0.14920
28	0.01915	0.13941	0.17701	0.02488	0.03351	0.02049	0.29895	0.02531	0.01809	0.04431	0.01537	0.01889	0.01176	0.00703	0.00793	0.00232	0.01125	0.00726	0.00413	0.11294

[dist]
# distance from previous block
# <min> <max>
0	15

[block]
# block no. 5 follows, 23 sequences, length 25
# corresponding to MSA columns:
# 410-431,433-435
name=unknown_F
#
# <colnr> <probs for GDERKNQSTAVLIFYWHMCP>
#	G	D	E	R	K	N	Q	S	T	A	V	L	I	F	Y	W	H	M	C	P
0	0.04763	0.01522	0.01723	0.01451	0.01859	0.01586	0.01123	0.28491	0.02538	0.08937	0.02637	0.19136	0.02520	0.07746	0.01266	0.04371	0.00726	0.01136	0.00730	0.05739
1	0.05927	0.01257	0.01333	0.01186	0.01500	0.01336	0.00913	0.20698	0.02285	0.03467	0.02680	0.15039	0.02433	0.04027	0.00865	0.00258	0.00582	0.01030	0.32258	0.00926
2	0.01285	0.01216	0.05648	0.01510	0.01778	0.01022	0.08417	0.04774	0.01718	0.02331	0.03620	0.49541	0.04135	0.04676	0.01099	0.00323	0.00663	0.01841	0.00669	0.03733
3	0.06426	0.35407	0.25087	0.01718	0.02511	0.07260	0.01877	0.02452	0.01696	0.02251	0.01457	0.05802	0.01297	0.00849	0.00652	0.00219	0.00985	0.00614	0.00385	0.01054
4	0.06154	0.01339	0.01536	0.01286	0.01766	0.01210	0.01000	0.10888	0.01952	0.02895	0.02497	0.21745	0.02559	0.01296	0.00775	0.00218	0.00616	0.03946	0.00621	0.35704
5	0.01826	0.01920	0.03114	0.12545	0.03250	0.04756	0.19075	0.02200	0.01527	0.02153	0.01290	0.01937	0.01113	0.01102	0.01837	0.00314	0.37943	0.00774	0.00374	0.00949
6	0.04876	0.01429	0.01843	0.09639	0.02383	0.01312	0.01228	0.02553	0.01833	0.20121	0.04491	0.02206	0.01647	0.00842	0.00841	0.00201	0.05539	0.00656	0.00617	0.35746
7	0.21676	0.44049	0.12335	0.01435	0.02150	0.02661	0.01482	0.02438	0.01588	0.02454	0.01175	0.01364	0.00997	0.00720	0.00551	0.00206	0.00852	0.00459	0.00387	0.01021
8	0.01966	0.44704	0.18002	0.01759	0.02500	0.02703	0.05436	0.02401	0.01670	0.02148	0.03546	0.01653	0.01288	0.00803	0.00787	0.00215	0.06430	0.00561	0.00370	0.01057
9	0.01697	0.10125	0.57074	0.02311	0.03437	0.02016	0.07263	0.02559	0.01722	0.02513	0.01440	0.01711	0.01044	0.00758	0.00762	0.00251	0.01182	0.00611	0.00348	0.01177
10	0.02972	0.02185	0.02343	0.01809	0.02420	0.02414	0.01480	0.60018	0.03659	0.04904	0.01984	0.02147	0.01473	0.05144	0.01008	0.00276	0.00887	0.00757	0.00793	0.01327
11	0.01683	0.01442	0.01683	0.01202	0.01923	0.01082	0.00961	0.02043	0.01683	0.02644	0.01442	0.01683	0.01202	0.00601	0.00601	0.00120	0.00601	0.00481	0.00481	0.76444
12	0.01485	0.00765	0.00800	0.00800	0.00985	0.00777	0.00603	0.01856	0.01670	0.02935	0.02609	0.03038	0.02076	0.01353	0.05930	0.00277	0.00520	0.00765	0.70003	0.00754
13	0.03085	0.02273	0.02435	0.01867	0.02516	0.02516	0.01542	0.63716	0.03815	0.05114	0.01948	0.01948	0.01380	0.00974	0.00812	0.00244	0.00893	0.00731	0.00812	0.01380
14	0.02169	0.71972	0.04252	0.01388	0.02083	0.03211	0.01388	0.02430	0.01649	0.01909	0.01128	0.01302	0.01041	0.00694	0.00521	0.00174	0.00868	0.00434	0.00347	0.01041
15	0.03085	0.02273	0.02435	0.01867	0.02516	0.02516	0.01542	0.63716	0.03815	0.05114	0.01948	0.01948	0.01380	0.00974	0.00812	0.00244	0.00893	0.00731	0.00812	0.01380
16	0.77215	0.01569	0.01193	0.01067	0.01569	0.01820	0.00879	0.02385	0.01381	0.03641	0.01130	0.01318	0.00879	0.00753	0.00502	0.00251	0.00628	0.00439	0.00502	0.00879
17	0.01513	0.00756	0.00756	0.00756	0.00945	0.00756	0.00567	0.01891	0.01702	0.03025	0.02647	0.03025	0.02080	0.00945	0.00567	0.00189	0.00378	0.00756	0.75988	0.00756
18	0.77215	0.01569	0.01193	0.01067	0.01569	0.01820	0.00879	0.02385	0.01381	0.03641	0.01130	0.01318	0.00879	0.00753	0.00502	0.00251	0.00628	0.00439	0.00502	0.00879
19	0.77215	0.01569	0.01193	0.01067	0.01569	0.01820	0.00879	0.02385	0.01381	0.03641	0.01130	0.01318	0.00879	0.00753	0.00502	0.00251	0.00628	0.00439	0.00502	0.00879
20	0.03085	0.02273	0.02435	0.01867	0.02516	0.02516	0.01542	0.63716	0.03815	0.05114	0.01948	0.01948	0.01380	0.00974	0.00812	0.00244	0.00893	0.00731	0.00812	0.01380
21	0.01683	0.01442	0.01683	0.01202	0.01923	0.01082	0.00961	0.02043	0.01683	0.02644	0.01442	0.01683	0.01202	0.00601	0.00601	0.00120	0.00601	0.00481	0.00481	0.76444
22	0.02827	0.01204	0.01607	0.01293	0.01787	0.01049	0.01044	0.03149	0.02279	0.46490	0.18734	0.03957	0.08446	0.01245	0.00861	0.00254	0.00594	0.01044	0.00958	0.01177
23	0.01447	0.01102	0.01527	0.01340	0.01705	0.00935	0.05423	0.01712	0.01669	0.06142	0.03170	0.38565	0.03463	0.01662	0.00870	0.00250	0.00593	0.01505	0.00651	0.26270
24	0.01708	0.01326	0.01657	0.06933	0.02154	0.01462	0.01351	0.11454	0.15437	0.02927	0.03288	0.08877	0.03180	0.02132	0.08290	0.00424	0.00914	0.24817	0.00709	0.00960

[dist]
# distance from previous block
# <min> <max>
6	14

[block]
# block no. 6 follows, 23 sequences, length 14
# corresponding to MSA columns:
# 453-466
name=unknown_G
#
# <colnr> <probs for GDERKNQSTAVLIFYWHMCP>
#	G	D	E	R	K	N	Q	S	T	A	V	L	I	F	Y	W	H	M	C	P
0	0.00999	0.00715	0.00951	0.01122	0.01179	0.00666	0.00754	0.01157	0.01604	0.02152	0.08657	0.66540	0.05522	0.02482	0.01030	0.00324	0.00465	0.02250	0.00763	0.00666
1	0.03085	0.02273	0.02435	0.01867	0.02516	0.02516	0.01542	0.63716	0.03815	0.05114	0.01948	0.01948	0.01380	0.00974	0.00812	0.00244	0.00893	0.00731	0.00812	0.01380
2	0.02852	0.02135	0.02310	0.01757	0.02418	0.02279	0.01446	0.53494	0.03462	0.04704	0.01864	0.01904	0.01350	0.00912	0.00777	0.00223	0.00844	0.00689	0.00757	0.13822
3	0.03201	0.01269	0.01727	0.01392	0.01923	0.01104	0.01120	0.03486	0.02195	0.56224	0.03412	0.14065	0.02565	0.01259	0.00852	0.00264	0.00654	0.01063	0.00963	0.01261
4	0.03085	0.02273	0.02435	0.01867	0.02516	0.02516	0.01542	0.63716	0.03815	0.05114	0.01948	0.01948	0.01380	0.00974	0.00812	0.00244	0.00893	0.00731	0.00812	0.01380
5	0.03085	0.02273	0.02435	0.01867	0.02516	0.02516	0.01542	0.63716	0.03815	0.05114	0.01948	0.01948	0.01380	0.00974	0.00812	0.00244	0.00893	0.00731	0.00812	0.01380
6	0.01180	0.00787	0.00885	0.00885	0.00885	0.00787	0.00492	0.01180	0.01180	0.01573	0.02557	0.05310	0.02950	0.71483	0.04130	0.00787	0.00787	0.01180	0.00492	0.00492
7	0.01744	0.18826	0.53675	0.02113	0.03203	0.02171	0.02651	0.02539	0.01699	0.02427	0.01385	0.01624	0.01031	0.00754	0.00717	0.00239	0.01128	0.00564	0.00344	0.01165
8	0.01627	0.04197	0.67279	0.02313	0.03512	0.01884	0.02998	0.02570	0.01713	0.02570	0.01456	0.01713	0.01028	0.00771	0.00771	0.00257	0.01199	0.00600	0.00343	0.01199
9	0.03085	0.02273	0.02435	0.01867	0.02516	0.02516	0.01542	0.63716	0.03815	0.05114	0.01948	0.01948	0.01380	0.00974	0.00812	0.00244	0.00893	0.00731	0.00812	0.01380
10	0.01627	0.04197	0.67279	0.02313	0.03512	0.01884	0.02998	0.02570	0.01713	0.02570	0.01456	0.01713	0.01028	0.00771	0.00771	0.00257	0.01199	0.00600	0.00343	0.01199
11	0.02169	0.71972	0.04252	0.01388	0.02083	0.03211	0.01388	0.02430	0.01649	0.01909	0.01128	0.01302	0.01041	0.00694	0.00521	0.00174	0.00868	0.00434	0.00347	0.01041
12	0.02089	0.60281	0.03826	0.01357	0.02056	0.02858	0.01318	0.02366	0.01654	0.02031	0.01180	0.01365	0.01068	0.00679	0.00534	0.00165	0.00824	0.00442	0.00369	0.13540
13	0.01474	0.01046	0.01187	0.01087	0.01244	0.01082	0.00740	0.11594	0.01770	0.02370	0.07978	0.04843	0.08068	0.43350	0.08224	0.00654	0.00853	0.01146	0.00593	0.00695

[dist]
# distance from previous block
# <min> <max>
3	22

[block]
# block no. 7 follows, 23 sequences, length 21
# corresponding to MSA columns:
# 489-509
name=unknown_H
#
# <colnr> <probs for GDERKNQSTAVLIFYWHMCP>
#	G	D	E	R	K	N	Q	S	T	A	V	L	I	F	Y	W	H	M	C	P
0	0.02141	0.33669	0.23728	0.01904	0.02758	0.02592	0.06282	0.13175	0.02065	0.02724	0.01410	0.01606	0.01109	0.00766	0.00681	0.00219	0.01011	0.00574	0.00431	0.01154
1	0.38125	0.01328	0.01269	0.01114	0.01569	0.01340	0.00871	0.02002	0.01540	0.03041	0.04934	0.15548	0.02181	0.01112	0.00657	0.00232	0.00578	0.00872	0.00565	0.21124
2	0.02220	0.01743	0.01915	0.01581	0.02139	0.01831	0.01266	0.17260	0.30799	0.06208	0.02602	0.02736	0.02010	0.01004	0.00783	0.00235	0.00697	0.03502	0.00746	0.18723
3	0.46698	0.01519	0.01421	0.05999	0.01938	0.01730	0.01048	0.02636	0.14193	0.03304	0.03808	0.01958	0.01486	0.00959	0.00749	0.04245	0.00657	0.00606	0.00562	0.04486
4	0.02309	0.02266	0.01800	0.01585	0.01991	0.27395	0.01213	0.05396	0.08915	0.08381	0.19296	0.03230	0.05306	0.01131	0.00811	0.00230	0.00898	0.00890	0.00673	0.06284
5	0.02085	0.02162	0.02936	0.18278	0.42268	0.13464	0.02279	0.02532	0.01878	0.02411	0.01461	0.01946	0.01200	0.00762	0.00793	0.00242	0.01076	0.00688	0.00396	0.01143
6	0.02663	0.02100	0.02476	0.01917	0.02468	0.02347	0.04344	0.44025	0.03068	0.04202	0.01730	0.01903	0.01301	0.01002	0.01120	0.00252	0.12938	0.00712	0.00681	0.08750
7	0.01409	0.00705	0.01057	0.01057	0.01057	0.00705	0.00705	0.01057	0.01057	0.01409	0.01409	0.02467	0.01409	0.02819	0.03171	0.76392	0.00705	0.00705	0.00352	0.00352
8	0.01931	0.01797	0.02858	0.15857	0.07122	0.04562	0.19071	0.09100	0.01953	0.02741	0.01712	0.02208	0.01340	0.00893	0.01051	0.00261	0.10132	0.00786	0.13619	0.01007
9	0.02010	0.01896	0.03039	0.04400	0.55205	0.01944	0.02280	0.02808	0.12854	0.02781	0.01836	0.02186	0.01493	0.00789	0.00807	0.00247	0.00908	0.00757	0.00476	0.01285
10	0.01000	0.00715	0.00951	0.01122	0.01179	0.00666	0.00754	0.01157	0.01604	0.02152	0.08673	0.66523	0.05523	0.02482	0.01030	0.00324	0.00465	0.02249	0.00763	0.00666
11	0.02008	0.01928	0.03294	0.04981	0.66422	0.01928	0.02490	0.02490	0.01848	0.02651	0.01526	0.02008	0.01285	0.00723	0.00803	0.00241	0.00964	0.00723	0.00402	0.01285
12	0.02574	0.02425	0.02121	0.01822	0.02325	0.18762	0.01428	0.20830	0.31965	0.03527	0.02406	0.02330	0.01808	0.00999	0.00798	0.00250	0.00919	0.00766	0.00720	0.01225
13	0.01280	0.00916	0.01269	0.01412	0.01599	0.00905	0.01213	0.01655	0.01943	0.02572	0.15057	0.08614	0.05191	0.02140	0.01092	0.00353	0.00684	0.50584	0.00773	0.00750
14	0.01148	0.00829	0.01085	0.01021	0.01212	0.00766	0.00766	0.01531	0.02297	0.03254	0.65994	0.06061	0.07656	0.01659	0.00957	0.00255	0.00383	0.01467	0.00893	0.00766
15	0.01740	0.01739	0.02597	0.13954	0.02844	0.02344	0.05095	0.02008	0.01344	0.02008	0.01161	0.01865	0.01077	0.01275	0.02250	0.00336	0.54379	0.00725	0.00359	0.00901
16	0.01316	0.00754	0.00975	0.00964	0.01046	0.00733	0.00658	0.01292	0.01444	0.02055	0.13502	0.03953	0.07362	0.11910	0.02367	0.35552	0.00590	0.00983	0.12015	0.00529
17	0.02599	0.01948	0.02116	0.01690	0.02233	0.02142	0.01371	0.44640	0.12021	0.04551	0.13306	0.02815	0.02627	0.01111	0.00839	0.00250	0.00769	0.00885	0.00828	0.01260
18	0.01683	0.01442	0.01683	0.01202	0.01923	0.01082	0.00961	0.02043	0.01683	0.02644	0.01442	0.01683	0.01202	0.00601	0.00601	0.00120	0.00601	0.00481	0.00481	0.76444
19	0.01112	0.00766	0.00897	0.00951	0.00981	0.00744	0.00574	0.01165	0.01327	0.01753	0.03443	0.24207	0.07425	0.47632	0.03056	0.00625	0.00674	0.01534	0.00582	0.00551
20	0.01614	0.01132	0.01588	0.01792	0.12729	0.01084	0.01138	0.02105	0.05933	0.10157	0.39465	0.07199	0.07896	0.01437	0.00910	0.00257	0.00538	0.01272	0.00805	0.00949

[dist]
# distance from previous block
# <min> <max>
0	1

[block]
# block no. 8 follows, 23 sequences, length 281
# corresponding to MSA columns:
# 511-791
name=unknown_I
#
# <colnr> <probs for GDERKNQSTAVLIFYWHMCP>
#	G	D	E	R	K	N	Q	S	T	A	V	L	I	F	Y	W	H	M	C	P
0	0.02903	0.02119	0.02300	0.01767	0.02413	0.02282	0.01452	0.51448	0.06895	0.07391	0.02023	0.02014	0.01448	0.00943	0.00791	0.00233	0.00840	0.00718	0.00786	0.09233
1	0.01242	0.00860	0.01031	0.01030	0.01090	0.00886	0.00658	0.04251	0.01380	0.01863	0.02744	0.14209	0.03082	0.48478	0.13070	0.00772	0.00953	0.01273	0.00536	0.00593
2	0.02043	0.02012	0.03320	0.04805	0.61368	0.04433	0.05048	0.02523	0.01868	0.02624	0.01521	0.01995	0.01274	0.00726	0.00807	0.00241	0.01000	0.00725	0.00403	0.01264
3	0.01902	0.01846	0.02865	0.07138	0.50559	0.04564	0.02160	0.02340	0.01848	0.02548	0.02207	0.02581	0.08046	0.00865	0.00806	0.00238	0.00913	0.00805	0.00442	0.05329
4	0.01477	0.01271	0.02025	0.44057	0.04005	0.01554	0.01772	0.01843	0.01558	0.02092	0.04644	0.08213	0.01824	0.01268	0.01239	0.08248	0.07123	0.00888	0.04091	0.00809
5	0.01325	0.01095	0.01679	0.04896	0.08507	0.01290	0.01300	0.01636	0.01370	0.01979	0.01964	0.02879	0.01813	0.04827	0.51713	0.01053	0.08615	0.00832	0.00420	0.00807
6	0.01893	0.01596	0.01875	0.01394	0.02030	0.01434	0.01130	0.10877	0.01942	0.02926	0.01475	0.01730	0.01213	0.00740	0.00847	0.00162	0.07908	0.00541	0.00515	0.57770
7	0.01409	0.00705	0.01057	0.01057	0.01057	0.00705	0.00705	0.01057	0.01057	0.01409	0.01409	0.02467	0.01409	0.02819	0.03171	0.76392	0.00705	0.00705	0.00352	0.00352
8	0.01148	0.00829	0.01085	0.01021	0.01212	0.00766	0.00766	0.01531	0.02297	0.03254	0.65994	0.06061	0.07656	0.01659	0.00957	0.00255	0.00383	0.01467	0.00893	0.00766
9	0.01915	0.02189	0.04788	0.03420	0.04241	0.02052	0.63475	0.02599	0.01915	0.02599	0.01642	0.02189	0.01231	0.00684	0.00958	0.00274	0.01368	0.00958	0.00410	0.01094
10	0.00989	0.00706	0.00942	0.01130	0.01177	0.00659	0.00753	0.01130	0.01554	0.02071	0.04472	0.70954	0.05367	0.02542	0.01036	0.00330	0.00471	0.02307	0.00753	0.00659
11	0.03641	0.01381	0.01883	0.01444	0.02071	0.01193	0.01193	0.03954	0.02322	0.66984	0.03201	0.02762	0.02009	0.01004	0.00816	0.00251	0.00690	0.00816	0.01004	0.01381
12	0.77215	0.01569	0.01193	0.01067	0.01569	0.01820	0.00879	0.02385	0.01381	0.03641	0.01130	0.01318	0.00879	0.00753	0.00502	0.00251	0.00628	0.00439	0.00502	0.00879
13	0.01775	0.01775	0.02485	0.02130	0.02130	0.02485	0.01775	0.01953	0.01243	0.01953	0.01065	0.01775	0.01065	0.01420	0.02663	0.00355	0.69998	0.00710	0.00355	0.00888
14	0.03266	0.01712	0.08725	0.01556	0.02226	0.01348	0.01391	0.03846	0.08577	0.53825	0.03029	0.02679	0.01953	0.00990	0.00812	0.00254	0.00739	0.00804	0.00917	0.01352
15	0.70850	0.07540	0.01452	0.01094	0.01613	0.01938	0.00922	0.02389	0.01404	0.03494	0.01130	0.01317	0.00893	0.00748	0.00504	0.00245	0.00648	0.00439	0.00489	0.00893
16	0.02719	0.03025	0.02190	0.01912	0.02330	0.41311	0.01480	0.16046	0.02492	0.02684	0.02118	0.02259	0.07929	0.01043	0.00937	0.00236	0.07042	0.00708	0.00533	0.01005
17	0.01180	0.00787	0.00885	0.00885	0.00885	0.00787	0.00492	0.01180	0.01180	0.01573	0.02557	0.05310	0.02950	0.71483	0.04130	0.00787	0.00787	0.01180	0.00492	0.00492
18	0.01901	0.02105	0.04297	0.03139	0.03823	0.02112	0.51265	0.02601	0.05290	0.02551	0.01651	0.02176	0.01276	0.00812	0.01193	0.00285	0.11101	0.00920	0.00425	0.01075
19	0.03348	0.01407	0.01988	0.01800	0.08767	0.01245	0.01308	0.03672	0.02237	0.57274	0.03084	0.05808	0.02087	0.01045	0.00825	0.00254	0.00709	0.00875	0.00930	0.01338
20	0.62661	0.01722	0.04494	0.04444	0.08619	0.01834	0.01203	0.02391	0.01455	0.03421	0.01200	0.01444	0.00937	0.00753	0.00559	0.00251	0.00708	0.00488	0.00478	0.00937
21	0.01771	0.16768	0.48498	0.02069	0.03095	0.02149	0.02514	0.02726	0.08322	0.02531	0.01587	0.01773	0.01182	0.00791	0.00729	0.00243	0.01078	0.00602	0.00394	0.01178
22	0.09054	0.16986	0.02008	0.01339	0.01676	0.09352	0.01106	0.02007	0.01541	0.02180	0.01779	0.02373	0.01589	0.03280	0.32459	0.00719	0.01482	0.00680	0.07553	0.00838
23	0.77215	0.01569	0.01193	0.01067	0.01569	0.01820	0.00879	0.02385	0.01381	0.03641	0.01130	0.01318	0.00879	0.00753	0.00502	0.00251	0.00628	0.00439	0.00502	0.00879
24	0.01807	0.01816	0.02632	0.46535	0.20285	0.08788	0.02240	0.02298	0.01749	0.02207	0.01443	0.02052	0.01128	0.00792	0.00801	0.00257	0.01093	0.00701	0.00377	0.01000
25	0.01012	0.00724	0.00963	0.01114	0.01182	0.00675	0.00755	0.01189	0.01663	0.02246	0.13566	0.61362	0.05705	0.02412	0.01024	0.00319	0.00458	0.02183	0.00774	0.00675
26	0.01002	0.00716	0.00957	0.01145	0.01198	0.00671	0.00777	0.01153	0.01567	0.02087	0.04465	0.68327	0.05337	0.02529	0.01039	0.00331	0.00483	0.04800	0.00753	0.00663
27	0.02008	0.01928	0.03294	0.04981	0.66422	0.01928	0.02490	0.02490	0.01848	0.02651	0.01526	0.02008	0.01285	0.00723	0.00803	0.00241	0.00964	0.00723	0.00402	0.01285
28	0.01595	0.01487	0.02493	0.46175	0.20391	0.01714	0.02156	0.02079	0.01672	0.02218	0.01781	0.09326	0.01581	0.00970	0.00833	0.00269	0.00988	0.00888	0.00412	0.00972
29	0.01160	0.00866	0.01289	0.01289	0.01429	0.01006	0.00996	0.01439	0.01300	0.01873	0.02187	0.03263	0.02061	0.08402	0.65996	0.01286	0.02124	0.00880	0.00437	0.00716
30	0.01736	0.00972	0.00995	0.00914	0.01169	0.01007	0.00706	0.10694	0.02003	0.03323	0.02547	0.02872	0.01980	0.00949	0.00602	0.00197	0.00451	0.00753	0.65283	0.00845
31	0.01696	0.03930	0.61580	0.02219	0.03351	0.01806	0.02823	0.02587	0.01765	0.05440	0.04277	0.01944	0.01353	0.00819	0.00781	0.00257	0.01142	0.00646	0.00395	0.01189
32	0.01756	0.01013	0.01040	0.00952	0.01218	0.01060	0.00736	0.10656	0.04862	0.03334	0.02579	0.02874	0.02000	0.00956	0.00613	0.00201	0.00462	0.00760	0.62059	0.00868
33	0.01627	0.04197	0.67279	0.02313	0.03512	0.01884	0.02998	0.02570	0.01713	0.02570	0.01456	0.01713	0.01028	0.00771	0.00771	0.00257	0.01199	0.00600	0.00343	0.01199
34	0.01888	0.02231	0.07203	0.03238	0.03989	0.02090	0.54444	0.02530	0.01836	0.02530	0.01573	0.02125	0.01205	0.00765	0.01128	0.00281	0.08546	0.00916	0.00402	0.01077
35	0.01719	0.01853	0.03851	0.13647	0.04009	0.01809	0.44545	0.02301	0.01816	0.02438	0.02023	0.12216	0.01811	0.00975	0.00946	0.00281	0.01191	0.01117	0.00452	0.01000
36	0.01513	0.00756	0.00756	0.00756	0.00945	0.00756	0.00567	0.01891	0.01702	0.03025	0.02647	0.03025	0.02080	0.00945	0.00567	0.00189	0.00378	0.00756	0.75988	0.00756
37	0.00989	0.00706	0.00942	0.01130	0.01177	0.00659	0.00753	0.01130	0.01554	0.02071	0.04472	0.70954	0.05367	0.02542	0.01036	0.00330	0.00471	0.02307	0.00753	0.00659
38	0.01754	0.02364	0.15654	0.03006	0.06378	0.01847	0.42218	0.02410	0.01831	0.02532	0.01947	0.10464	0.01700	0.00928	0.00926	0.00276	0.01211	0.01047	0.00439	0.01069
39	0.01965	0.02174	0.10040	0.04651	0.57844	0.01927	0.04497	0.02502	0.01836	0.02641	0.01523	0.01983	0.01257	0.00727	0.00805	0.00244	0.01002	0.00718	0.00396	0.01270
40	0.00989	0.00706	0.00942	0.01130	0.01177	0.00659	0.00753	0.01130	0.01554	0.02071	0.04472	0.70954	0.05367	0.02542	0.01036	0.00330	0.00471	0.02307	0.00753	0.00659
41	0.01338	0.00977	0.01393	0.01645	0.04473	0.00977	0.01359	0.01716	0.01867	0.02438	0.04177	0.08845	0.04524	0.02176	0.01107	0.00368	0.00757	0.58363	0.00732	0.00770
42	0.19176	0.02342	0.08114	0.02757	0.22738	0.13360	0.03960	0.04884	0.06835	0.02923	0.04385	0.01994	0.01505	0.00832	0.00734	0.00244	0.00956	0.00670	0.00492	0.01100
43	0.02169	0.71972	0.04252	0.01388	0.02083	0.03211	0.01388	0.02430	0.01649	0.01909	0.01128	0.01302	0.01041	0.00694	0.00521	0.00174	0.00868	0.00434	0.00347	0.01041
44	0.01970	0.04659	0.01782	0.01466	0.01874	0.07287	0.01163	0.15258	0.19427	0.03362	0.18936	0.04107	0.10590	0.01321	0.00860	0.00257	0.00686	0.03171	0.00774	0.01049
45	0.00989	0.00706	0.00942	0.01130	0.01177	0.00659	0.00753	0.01130	0.01554	0.02071	0.04472	0.70954	0.05367	0.02542	0.01036	0.00330	0.00471	0.02307	0.00753	0.00659
46	0.01640	0.01601	0.02901	0.50121	0.09509	0.01829	0.14075	0.02199	0.01697	0.02244	0.01522	0.02183	0.01155	0.00784	0.00832	0.00267	0.01108	0.00768	0.02604	0.00962
47	0.01683	0.01442	0.01683	0.01202	0.01923	0.01082	0.00961	0.02043	0.01683	0.02644	0.01442	0.01683	0.01202	0.00601	0.00601	0.00120	0.00601	0.00481	0.00481	0.76444
48	0.01190	0.00865	0.01161	0.01148	0.01224	0.00966	0.00810	0.01348	0.01247	0.01749	0.02304	0.04077	0.02402	0.34871	0.37533	0.01041	0.03979	0.01001	0.00457	0.00627
49	0.01148	0.00829	0.01085	0.01021	0.01212	0.00766	0.00766	0.01531	0.02297	0.03254	0.65994	0.06061	0.07656	0.01659	0.00957	0.00255	0.00383	0.01467	0.00893	0.00766
50	0.01683	0.01442	0.01683	0.01202	0.01923	0.01082	0.00961	0.02043	0.01683	0.02644	0.01442	0.01683	0.01202	0.00601	0.00601	0.00120	0.00601	0.00481	0.00481	0.76444
51	0.69332	0.01634	0.01569	0.01313	0.01849	0.01845	0.07432	0.02408	0.01437	0.03532	0.01183	0.01409	0.00916	0.00746	0.00550	0.00253	0.00705	0.00494	0.00493	0.00901
52	0.01159	0.00869	0.01304	0.01304	0.01449	0.01014	0.01014	0.01449	0.01304	0.01884	0.02173	0.03188	0.02029	0.06086	0.68268	0.01304	0.02173	0.00869	0.00435	0.00724
53	0.01169	0.00893	0.01320	0.01323	0.01451	0.01044	0.01021	0.01438	0.01327	0.01906	0.02364	0.10218	0.02334	0.05503	0.58258	0.01159	0.05067	0.01013	0.00464	0.00725
54	0.77215	0.01569	0.01193	0.01067	0.01569	0.01820	0.00879	0.02385	0.01381	0.03641	0.01130	0.01318	0.00879	0.00753	0.00502	0.00251	0.00628	0.00439	0.00502	0.00879
55	0.01132	0.00829	0.01062	0.01004	0.01202	0.00759	0.00753	0.01500	0.02259	0.03164	0.61094	0.06209	0.12612	0.01692	0.00957	0.00257	0.00385	0.01488	0.00881	0.00759
56	0.01184	0.01175	0.07998	0.01156	0.01447	0.00874	0.00994	0.01606	0.02180	0.03082	0.53942	0.09237	0.08766	0.01628	0.00942	0.00260	0.00474	0.01431	0.00823	0.00802
57	0.01847	0.02298	0.10928	0.09211	0.06850	0.02031	0.45643	0.02509	0.01828	0.02516	0.01568	0.02106	0.01190	0.00747	0.01012	0.00275	0.05086	0.00875	0.00395	0.01085
58	0.01697	0.01670	0.03044	0.29155	0.22425	0.01774	0.15635	0.02211	0.01745	0.02356	0.01828	0.09326	0.01622	0.00939	0.00865	0.00269	0.01047	0.00940	0.00425	0.01030
59	0.05925	0.59880	0.03855	0.01462	0.02112	0.11421	0.01386	0.02531	0.01719	0.02003	0.01144	0.01323	0.01034	0.00715	0.00547	0.00182	0.00932	0.00445	0.00364	0.01021
60	0.09673	0.20410	0.45027	0.01957	0.02961	0.02200	0.02385	0.02516	0.01663	0.02521	0.01342	0.01572	0.01016	0.00750	0.00682	0.00236	0.01059	0.00543	0.00360	0.01127
61	0.01920	0.02147	0.04549	0.03537	0.10675	0.02054	0.54889	0.02565	0.01884	0.02582	0.01609	0.02155	0.01231	0.00714	0.01002	0.00273	0.03774	0.00924	0.00408	0.01107
62	0.02084	0.56014	0.12172	0.01882	0.09000	0.02908	0.01709	0.02454	0.01678	0.02071	0.01212	0.01428	0.01065	0.00707	0.00582	0.00191	0.00920	0.00485	0.00352	0.01087
63	0.01162	0.00857	0.01242	0.01242	0.01365	0.00980	0.00936	0.01409	0.01286	0.01837	0.02231	0.03504	0.02166	0.15826	0.58716	0.01227	0.01967	0.00916	0.00443	0.00690
64	0.03031	0.03867	0.02299	0.02090	0.02508	0.68226	0.01568	0.03240	0.02299	0.01986	0.01254	0.01463	0.01045	0.00836	0.00732	0.00209	0.01463	0.00523	0.00418	0.00941
65	0.00997	0.00732	0.00936	0.01077	0.01168	0.00671	0.00735	0.01166	0.01654	0.02182	0.09853	0.56790	0.14255	0.02403	0.01018	0.00316	0.00455	0.02155	0.00764	0.00671
66	0.01271	0.00922	0.01257	0.01424	0.01620	0.00908	0.01235	0.01627	0.01866	0.02404	0.04707	0.09012	0.11100	0.02222	0.01104	0.00363	0.00712	0.54757	0.00748	0.00741
67	0.02143	0.64666	0.04308	0.01601	0.02309	0.03089	0.07888	0.02447	0.01677	0.01981	0.01182	0.01395	0.01061	0.00693	0.00566	0.00184	0.00920	0.00489	0.00354	0.01047
68	0.02169	0.71972	0.04252	0.01388	0.02083	0.03211	0.01388	0.02430	0.01649	0.01909	0.01128	0.01302	0.01041	0.00694	0.00521	0.00174	0.00868	0.00434	0.00347	0.01041
69	0.00989	0.00706	0.00942	0.01130	0.01177	0.00659	0.00753	0.01130	0.01554	0.02071	0.04472	0.70954	0.05367	0.02542	0.01036	0.00330	0.00471	0.02307	0.00753	0.00659
70	0.00989	0.00706	0.00942	0.01130	0.01177	0.00659	0.00753	0.01130	0.01554	0.02071	0.04472	0.70954	0.05367	0.02542	0.01036	0.00330	0.00471	0.02307	0.00753	0.00659
71	0.03010	0.01613	0.01937	0.01672	0.04816	0.04314	0.01282	0.06474	0.17684	0.40284	0.05894	0.02855	0.02282	0.01037	0.00821	0.00255	0.00718	0.00850	0.00896	0.01306
72	0.10030	0.56709	0.08217	0.01441	0.02148	0.02941	0.01454	0.05243	0.01724	0.02283	0.01189	0.01362	0.01039	0.00719	0.00549	0.00191	0.00867	0.00460	0.00384	0.01051
73	0.01180	0.00787	0.00885	0.00885	0.00885	0.00787	0.00492	0.01180	0.01180	0.01573	0.02557	0.05310	0.02950	0.71483	0.04130	0.00787	0.00787	0.01180	0.00492	0.00492
74	0.02129	0.57360	0.11833	0.01630	0.02380	0.05861	0.04608	0.02491	0.01698	0.02026	0.01198	0.01402	0.01049	0.00709	0.00582	0.00190	0.00959	0.00483	0.00353	0.01059
75	0.02981	0.02366	0.02359	0.01870	0.02470	0.09308	0.01532	0.53969	0.03549	0.04639	0.02005	0.02294	0.01526	0.01029	0.00820	0.00247	0.00945	0.04025	0.00767	0.01299
76	0.01683	0.01442	0.01683	0.01202	0.01923	0.01082	0.00961	0.02043	0.01683	0.02644	0.01442	0.01683	0.01202	0.00601	0.00601	0.00120	0.00601	0.00481	0.00481	0.76444
77	0.03036	0.02249	0.02408	0.01857	0.02498	0.02494	0.01530	0.60994	0.06617	0.05035	0.02010	0.01998	0.01430	0.00980	0.00812	0.00245	0.00881	0.00739	0.00812	0.01376
78	0.00959	0.00822	0.00822	0.00822	0.01096	0.00685	0.00617	0.01165	0.01850	0.02192	0.08220	0.07809	0.66092	0.02055	0.00959	0.00274	0.00411	0.01713	0.00754	0.00685
79	0.01308	0.00934	0.01308	0.01494	0.01681	0.00934	0.01308	0.01681	0.01868	0.02428	0.04296	0.09153	0.04670	0.02242	0.01121	0.00374	0.00747	0.60960	0.00747	0.00747
80	0.02169	0.71972	0.04252	0.01388	0.02083	0.03211	0.01388	0.02430	0.01649	0.01909	0.01128	0.01302	0.01041	0.00694	0.00521	0.00174	0.00868	0.00434	0.00347	0.01041
81	0.01513	0.00756	0.00756	0.00756	0.00945	0.00756	0.00567	0.01891	0.01702	0.03025	0.02647	0.03025	0.02080	0.00945	0.00567	0.00189	0.00378	0.00756	0.75988	0.00756
82	0.02008	0.01928	0.03294	0.04981	0.66422	0.01928	0.02490	0.02490	0.01848	0.02651	0.01526	0.02008	0.01285	0.00723	0.00803	0.00241	0.00964	0.00723	0.00402	0.01285
83	0.01308	0.00934	0.01308	0.01494	0.01681	0.00934	0.01308	0.01681	0.01868	0.02428	0.04296	0.09153	0.04670	0.02242	0.01121	0.00374	0.00747	0.60960	0.00747	0.00747
84	0.77215	0.01569	0.01193	0.01067	0.01569	0.01820	0.00879	0.02385	0.01381	0.03641	0.01130	0.01318	0.00879	0.00753	0.00502	0.00251	0.00628	0.00439	0.00502	0.00879
85	0.03036	0.02249	0.02408	0.01857	0.02498	0.02494	0.01531	0.61025	0.06584	0.05036	0.02009	0.01997	0.01430	0.00980	0.00812	0.00245	0.00882	0.00739	0.00812	0.01376
86	0.01532	0.01442	0.02434	0.69533	0.05589	0.01803	0.02253	0.02073	0.01622	0.02073	0.01442	0.02163	0.01082	0.00811	0.00811	0.00270	0.01082	0.00721	0.00361	0.00901
87	0.02018	0.01743	0.01835	0.01651	0.02110	0.02018	0.01284	0.04312	0.64956	0.03394	0.03303	0.03027	0.02477	0.01101	0.00826	0.00275	0.00642	0.00917	0.00826	0.01284
88	0.01179	0.00863	0.01274	0.01274	0.01421	0.01000	0.00990	0.01473	0.01326	0.01946	0.02200	0.03179	0.02031	0.05803	0.64540	0.01243	0.02075	0.00863	0.04595	0.00726
89	0.00989	0.00706	0.00942	0.01130	0.01177	0.00659	0.00753	0.01130	0.01554	0.02071	0.04472	0.70954	0.05367	0.02542	0.01036	0.00330	0.00471	0.02307	0.00753	0.00659
90	0.01627	0.04197	0.67279	0.02313	0.03512	0.01884	0.02998	0.02570	0.01713	0.02570	0.01456	0.01713	0.01028	0.00771	0.00771	0.00257	0.01199	0.00600	0.00343	0.01199
91	0.01654	0.07490	0.64217	0.02268	0.03442	0.01949	0.02920	0.02563	0.01710	0.02538	0.01440	0.01693	0.01029	0.00767	0.00759	0.00253	0.01183	0.00592	0.00343	0.01192
92	0.01627	0.04197	0.67279	0.02313	0.03512	0.01884	0.02998	0.02570	0.01713	0.02570	0.01456	0.01713	0.01028	0.00771	0.00771	0.00257	0.01199	0.00600	0.00343	0.01199
93	0.00989	0.00706	0.00942	0.01130	0.01177	0.00659	0.00753	0.01130	0.01554	0.02071	0.04472	0.70954	0.05367	0.02542	0.01036	0.00330	0.00471	0.02307	0.00753	0.00659
94	0.01471	0.01177	0.01495	0.04615	0.06939	0.01204	0.01121	0.06671	0.10961	0.02965	0.24369	0.12579	0.13713	0.01613	0.00929	0.00276	0.00577	0.05648	0.00767	0.00908
95	0.02008	0.01928	0.03294	0.04981	0.66422	0.01928	0.02490	0.02490	0.01848	0.02651	0.01526	0.02008	0.01285	0.00723	0.00803	0.00241	0.00964	0.00723	0.00402	0.01285
96	0.03641	0.01381	0.01883	0.01444	0.02071	0.01193	0.01193	0.03954	0.02322	0.66984	0.03201	0.02762	0.02009	0.01004	0.00816	0.00251	0.00690	0.00816	0.01004	0.01381
97	0.01559	0.01469	0.02481	0.65979	0.08938	0.01810	0.02267	0.02096	0.01635	0.02105	0.01447	0.02155	0.01093	0.00806	0.00811	0.00269	0.01075	0.00721	0.00363	0.00923
98	0.01780	0.03996	0.60491	0.02266	0.03408	0.01951	0.02846	0.08971	0.01933	0.02836	0.01508	0.01738	0.01065	0.00792	0.00775	0.00256	0.01167	0.00613	0.00392	0.01218
