[name]
unknown

[dist]
# distance from previous block
# <min> <max>
0	43

[block]
# block no. 0 follows, 26 sequences, length 41
# corresponding to MSA columns:
# 43-83
name=unknown_A
#
# <colnr> <probs for GDERKNQSTAVLIFYWHMCP>
#	G	D	E	R	K	N	Q	S	T	A	V	L	I	F	Y	W	H	M	C	P
0	0.00948	0.00678	0.00904	0.01063	0.01122	0.00634	0.00726	0.01105	0.01516	0.02033	0.08961	0.65171	0.05150	0.02303	0.00966	0.00305	0.00445	0.04631	0.00714	0.00627
1	0.01608	0.01559	0.02705	0.31123	0.22058	0.01717	0.11467	0.02151	0.04410	0.02247	0.03949	0.04845	0.01512	0.00848	0.00877	0.00251	0.04502	0.00796	0.00405	0.00971
2	0.01040	0.00786	0.01129	0.01119	0.01264	0.00731	0.04079	0.01305	0.01798	0.02485	0.34323	0.37417	0.05829	0.01896	0.00930	0.00272	0.00445	0.01720	0.00749	0.00684
3	0.00930	0.00665	0.00886	0.01052	0.01102	0.00620	0.00705	0.01072	0.01481	0.01982	0.06825	0.70074	0.05105	0.02342	0.00965	0.00305	0.00437	0.02124	0.00710	0.00620
4	0.02001	0.01561	0.01812	0.05533	0.02151	0.01457	0.01139	0.21951	0.02204	0.05119	0.01660	0.04609	0.01350	0.00767	0.00657	0.00168	0.00671	0.00614	0.00564	0.44011
5	0.01250	0.00897	0.01169	0.05234	0.01505	0.00822	0.00847	0.01574	0.01859	0.04756	0.34854	0.15429	0.04904	0.01442	0.00826	0.00231	0.00464	0.03690	0.05378	0.12869
6	0.02015	0.63707	0.11208	0.01396	0.02096	0.02803	0.01460	0.02331	0.01568	0.03984	0.01150	0.01303	0.01001	0.00666	0.00522	0.00173	0.00840	0.00434	0.00343	0.01000
7	0.01845	0.01398	0.01697	0.05270	0.02037	0.01219	0.01061	0.08044	0.01794	0.09233	0.01663	0.04753	0.01368	0.00749	0.00702	0.00160	0.03351	0.00596	0.00527	0.52532
8	0.09011	0.01497	0.01783	0.01452	0.01886	0.01581	0.05017	0.28451	0.02585	0.06391	0.20819	0.03359	0.03148	0.01128	0.00786	0.00238	0.00664	0.04630	0.04572	0.01004
9	0.02028	0.73799	0.03975	0.01298	0.01947	0.03001	0.01298	0.02271	0.01541	0.01785	0.01055	0.01217	0.00973	0.00649	0.00487	0.00162	0.00811	0.00406	0.00324	0.00973
10	0.01538	0.01263	0.02132	0.35370	0.07533	0.01384	0.08254	0.01918	0.01605	0.07287	0.04825	0.11426	0.05319	0.01162	0.00943	0.04904	0.00853	0.00965	0.00476	0.00843
11	0.66477	0.08785	0.01462	0.01085	0.01568	0.05994	0.00908	0.02282	0.01368	0.03148	0.01063	0.01239	0.00846	0.00703	0.00484	0.00225	0.00656	0.00415	0.00450	0.00840
12	0.02411	0.01890	0.02010	0.01650	0.02172	0.02132	0.01327	0.36685	0.33733	0.04019	0.02421	0.02299	0.01776	0.00967	0.00765	0.00242	0.00724	0.00766	0.00765	0.01248
13	0.01790	0.02046	0.04476	0.03197	0.03964	0.01918	0.65857	0.02430	0.01790	0.02430	0.01535	0.02046	0.01151	0.00639	0.00895	0.00256	0.01279	0.00895	0.00384	0.01023
14	0.01432	0.01348	0.02275	0.71520	0.05224	0.01685	0.02107	0.01938	0.01517	0.01938	0.01348	0.02022	0.01011	0.00758	0.00758	0.00253	0.01011	0.00674	0.00337	0.00843
15	0.01371	0.00713	0.00723	0.00720	0.00902	0.00703	0.00540	0.01715	0.01620	0.02792	0.05353	0.03196	0.05953	0.00969	0.00566	0.00184	0.00355	0.00784	0.70137	0.00703
16	0.01432	0.01348	0.02275	0.71520	0.05224	0.01685	0.02107	0.01938	0.01517	0.01938	0.01348	0.02022	0.01011	0.00758	0.00758	0.00253	0.01011	0.00674	0.00337	0.00843
17	0.00986	0.00712	0.00947	0.01112	0.01197	0.00673	0.00807	0.01169	0.01532	0.02015	0.04358	0.55088	0.08719	0.02288	0.00981	0.00314	0.00492	0.15273	0.00703	0.00635
18	0.78701	0.01467	0.01115	0.00997	0.01467	0.01702	0.00821	0.02230	0.01291	0.03403	0.01056	0.01232	0.00821	0.00704	0.00469	0.00235	0.00587	0.00411	0.00469	0.00821
19	0.01591	0.01364	0.01581	0.01148	0.01808	0.01061	0.00916	0.02031	0.05338	0.02512	0.01448	0.01645	0.01192	0.00589	0.00574	0.00121	0.00564	0.00473	0.00468	0.73578
20	0.45722	0.01533	0.05521	0.04584	0.01892	0.01502	0.01105	0.02593	0.01584	0.21174	0.01770	0.02037	0.01309	0.00843	0.00608	0.00242	0.00662	0.03761	0.00594	0.00963
21	0.01104	0.00720	0.00962	0.01075	0.01173	0.00668	0.00750	0.01280	0.01588	0.06179	0.11560	0.58342	0.05050	0.02182	0.00950	0.00297	0.00453	0.04262	0.00733	0.00672
22	0.01222	0.00873	0.01222	0.01397	0.01572	0.00873	0.01222	0.01572	0.01746	0.02270	0.04016	0.08556	0.04365	0.02095	0.01048	0.00349	0.00698	0.63506	0.00698	0.00698
23	0.02593	0.02193	0.13156	0.01698	0.02354	0.01949	0.01563	0.39886	0.05205	0.14086	0.06022	0.02172	0.01720	0.00927	0.00762	0.00233	0.00815	0.00723	0.00719	0.01224
24	0.07245	0.06583	0.08993	0.01552	0.02167	0.01808	0.01395	0.25403	0.05715	0.24370	0.02122	0.02074	0.01475	0.01121	0.04286	0.00280	0.00838	0.00677	0.00707	0.01188
25	0.00924	0.00660	0.00880	0.01056	0.01100	0.00616	0.00704	0.01056	0.01452	0.01936	0.04181	0.72848	0.05017	0.02376	0.00968	0.00308	0.00440	0.02156	0.00704	0.00616
26	0.63213	0.01475	0.01348	0.12347	0.02106	0.01725	0.01053	0.04782	0.01420	0.03224	0.01134	0.01383	0.00871	0.00721	0.00528	0.00237	0.00665	0.00464	0.00460	0.00844
27	0.00928	0.00670	0.00880	0.01038	0.01098	0.00621	0.00698	0.01072	0.01492	0.01983	0.06738	0.67074	0.08258	0.02323	0.00962	0.00303	0.00434	0.02099	0.00709	0.00621
28	0.11130	0.01919	0.02244	0.20739	0.15590	0.10455	0.01710	0.15368	0.06003	0.02853	0.01496	0.01814	0.01156	0.00808	0.00779	0.00236	0.03563	0.00633	0.00479	0.01025
29	0.00922	0.00693	0.00855	0.00977	0.01081	0.00626	0.00671	0.01078	0.01550	0.02005	0.07379	0.53180	0.21778	0.02227	0.00947	0.00292	0.00422	0.01982	0.00709	0.00626
30	0.78701	0.01467	0.01115	0.00997	0.01467	0.01702	0.00821	0.02230	0.01291	0.03403	0.01056	0.01232	0.00821	0.00704	0.00469	0.00235	0.00587	0.00411	0.00469	0.00821
31	0.02697	0.01936	0.02096	0.01644	0.02193	0.02129	0.01336	0.51627	0.10267	0.08253	0.02064	0.02168	0.01526	0.05346	0.00950	0.00262	0.00792	0.00732	0.00753	0.01230
32	0.01573	0.01348	0.01573	0.01123	0.01798	0.01011	0.00899	0.01910	0.01573	0.02472	0.01348	0.01573	0.01123	0.00562	0.00562	0.00112	0.00562	0.00449	0.00449	0.77980
33	0.01016	0.00731	0.00962	0.00993	0.01120	0.00677	0.00711	0.01287	0.01880	0.02616	0.43569	0.31521	0.06333	0.01868	0.00923	0.00265	0.00389	0.01674	0.00785	0.00677
34	0.01013	0.00787	0.01130	0.05459	0.01470	0.00798	0.02555	0.01183	0.01451	0.01944	0.03784	0.63225	0.04476	0.02181	0.01027	0.00304	0.03944	0.01961	0.00655	0.00651
35	0.01006	0.00766	0.00925	0.00899	0.01095	0.00685	0.00669	0.01296	0.01967	0.02647	0.44375	0.10304	0.27158	0.01723	0.00900	0.00249	0.00372	0.01495	0.00784	0.00685
36	0.02377	0.01765	0.02026	0.08553	0.02409	0.01965	0.01381	0.41005	0.08691	0.06470	0.05899	0.07729	0.01996	0.01071	0.00836	0.00243	0.02879	0.00855	0.00713	0.01138
37	0.01116	0.00831	0.01042	0.01050	0.01206	0.00814	0.00757	0.01587	0.09167	0.02636	0.37435	0.27616	0.05755	0.04211	0.01006	0.00281	0.00425	0.01565	0.00772	0.00728
38	0.01801	0.01491	0.01832	0.01371	0.01981	0.01309	0.04881	0.15186	0.01989	0.02901	0.01706	0.07906	0.01501	0.00798	0.00658	0.00162	0.00651	0.00674	0.00532	0.50670
39	0.51516	0.05122	0.05635	0.12902	0.02419	0.01783	0.06504	0.02210	0.01399	0.02946	0.01161	0.01450	0.00895	0.00706	0.00567	0.00236	0.00755	0.00502	0.00425	0.00866
40	0.70938	0.01462	0.01158	0.01026	0.01478	0.01685	0.00834	0.05362	0.01395	0.03373	0.01163	0.01453	0.00944	0.04436	0.00658	0.00260	0.00607	0.00460	0.00483	0.00826

[dist]
# distance from previous block
# <min> <max>
0	1

[block]
# block no. 1 follows, 26 sequences, length 32
# corresponding to MSA columns:
# 85-116
name=unknown_B
#
# <colnr> <probs for GDERKNQSTAVLIFYWHMCP>
#	G	D	E	R	K	N	Q	S	T	A	V	L	I	F	Y	W	H	M	C	P
0	0.02714	0.09524	0.02320	0.01613	0.02195	0.02202	0.01350	0.47114	0.06418	0.10702	0.04845	0.02054	0.01626	0.00920	0.00737	0.00223	0.00780	0.00701	0.00735	0.01227
1	0.01391	0.00709	0.00716	0.00716	0.00880	0.00709	0.00525	0.01719	0.01555	0.02729	0.02468	0.02983	0.02003	0.06153	0.00772	0.00217	0.00381	0.00736	0.71948	0.00689
2	0.00924	0.00660	0.00880	0.01056	0.01100	0.00616	0.00704	0.01056	0.01452	0.01936	0.04181	0.72848	0.05017	0.02376	0.00968	0.00308	0.00440	0.02156	0.00704	0.00616
3	0.01414	0.00707	0.00707	0.00707	0.00884	0.00707	0.00530	0.01767	0.01591	0.02828	0.02474	0.02828	0.01944	0.00884	0.00530	0.00177	0.00353	0.00707	0.77554	0.00707
4	0.01941	0.01603	0.01702	0.01514	0.01949	0.01828	0.01182	0.06444	0.59699	0.05525	0.03217	0.02959	0.04909	0.01057	0.00776	0.00255	0.00603	0.00877	0.00774	0.01185
5	0.03403	0.01291	0.01760	0.01350	0.01936	0.01115	0.01115	0.03697	0.02171	0.69137	0.02992	0.02582	0.01878	0.00939	0.00763	0.00235	0.00645	0.00763	0.00939	0.01291
6	0.01318	0.00659	0.00988	0.00988	0.00988	0.00659	0.00659	0.00988	0.00988	0.01318	0.01318	0.02306	0.01318	0.02635	0.02964	0.77931	0.00659	0.00659	0.00329	0.00329
7	0.01573	0.01348	0.01573	0.01123	0.01798	0.01011	0.00899	0.01910	0.01573	0.02472	0.01348	0.01573	0.01123	0.00562	0.00562	0.00112	0.00562	0.00449	0.00449	0.77980
8	0.01432	0.01348	0.02275	0.71520	0.05224	0.01685	0.02107	0.01938	0.01517	0.01938	0.01348	0.02022	0.01011	0.00758	0.00758	0.00253	0.01011	0.00674	0.00337	0.00843
9	0.02320	0.01677	0.01959	0.08137	0.02378	0.01682	0.01276	0.28885	0.05270	0.10777	0.01801	0.01884	0.01316	0.00787	0.00694	0.00193	0.00729	0.00620	0.00635	0.26978
10	0.02028	0.73799	0.03975	0.01298	0.01947	0.03001	0.01298	0.02271	0.01541	0.01785	0.01055	0.01217	0.00973	0.00649	0.00487	0.00162	0.00811	0.00406	0.00324	0.00973
11	0.00960	0.00664	0.00868	0.01031	0.01084	0.00623	0.00691	0.01108	0.01462	0.02001	0.04057	0.67756	0.04793	0.02268	0.00936	0.00298	0.00434	0.02051	0.06293	0.00623
12	0.03222	0.01283	0.01723	0.01340	0.01900	0.01133	0.01100	0.03606	0.05273	0.62895	0.06052	0.02738	0.02146	0.00972	0.00769	0.00236	0.00630	0.00796	0.00926	0.01260
13	0.01717	0.20321	0.50090	0.01947	0.02914	0.06077	0.02370	0.02408	0.01619	0.02225	0.01278	0.01497	0.00965	0.00707	0.00664	0.00219	0.01063	0.00520	0.00325	0.01072
14	0.71154	0.04907	0.01285	0.01030	0.01514	0.01733	0.00859	0.02307	0.01348	0.06722	0.01156	0.01301	0.00883	0.00714	0.00485	0.00231	0.00600	0.00429	0.00487	0.00853
15	0.01098	0.00756	0.00930	0.00930	0.00965	0.00791	0.00587	0.01169	0.01133	0.01546	0.02296	0.04446	0.02533	0.55679	0.21217	0.00862	0.01074	0.01027	0.00446	0.00516
16	0.00937	0.00681	0.00871	0.01008	0.01080	0.00629	0.00678	0.01080	0.01497	0.01977	0.07473	0.59062	0.11928	0.05909	0.01104	0.00321	0.00445	0.02005	0.00698	0.00615
17	0.01790	0.02046	0.04476	0.03197	0.03964	0.01918	0.65857	0.02430	0.01790	0.02430	0.01535	0.02046	0.01151	0.00639	0.00895	0.00256	0.01279	0.00895	0.00384	0.01023
18	0.01117	0.00830	0.01008	0.01067	0.01226	0.00803	0.00823	0.01414	0.04410	0.02112	0.09359	0.10282	0.19832	0.18330	0.01629	0.00401	0.00587	0.23465	0.00659	0.00648
19	0.02084	0.59282	0.03866	0.01544	0.02201	0.02823	0.08225	0.08372	0.01761	0.02139	0.01179	0.01363	0.01023	0.00673	0.00556	0.00178	0.00863	0.00484	0.00372	0.01009
20	0.01521	0.01227	0.01493	0.01370	0.01703	0.01247	0.03087	0.07875	0.19480	0.02661	0.03141	0.26584	0.03161	0.01516	0.00842	0.00261	0.00596	0.08967	0.00678	0.12589
21	0.01848	0.01775	0.02954	0.07434	0.48634	0.01821	0.08195	0.02588	0.12123	0.02556	0.01697	0.02052	0.01364	0.00733	0.00768	0.00235	0.00895	0.00726	0.00437	0.01166
22	0.01506	0.00813	0.00834	0.00793	0.01001	0.00827	0.00604	0.06430	0.01758	0.02979	0.05238	0.02876	0.02119	0.00914	0.00562	0.00183	0.00389	0.00734	0.68689	0.00750
23	0.02110	0.01213	0.01389	0.01164	0.01524	0.01222	0.00908	0.16477	0.05332	0.18031	0.08500	0.03359	0.06682	0.10297	0.01126	0.00287	0.00590	0.00888	0.17946	0.00957
24	0.07012	0.01891	0.02001	0.01620	0.02158	0.02116	0.01313	0.39225	0.25093	0.06171	0.02244	0.02154	0.01630	0.00940	0.00746	0.00238	0.00734	0.00729	0.00752	0.01232
25	0.01641	0.01425	0.03949	0.06418	0.04351	0.01138	0.01112	0.04316	0.01701	0.05038	0.05434	0.03847	0.01607	0.00720	0.00633	0.00152	0.00623	0.00598	0.00494	0.54803
26	0.06123	0.16847	0.02482	0.01789	0.05365	0.23078	0.01397	0.21058	0.06772	0.02878	0.01508	0.01651	0.01198	0.00997	0.03463	0.00247	0.01016	0.00572	0.00514	0.01044
27	0.00959	0.00677	0.00877	0.01015	0.01057	0.00640	0.00665	0.01079	0.01424	0.01906	0.06514	0.59030	0.04736	0.13909	0.01437	0.00375	0.00485	0.01952	0.00670	0.00595
28	0.01378	0.01117	0.01284	0.01185	0.01445	0.01173	0.00935	0.10769	0.06655	0.02604	0.11098	0.11166	0.30315	0.01669	0.01050	0.00270	0.07863	0.06529	0.00691	0.00803
29	0.04662	0.01621	0.01806	0.07947	0.05550	0.05609	0.01238	0.25241	0.02332	0.06064	0.05429	0.08076	0.05093	0.08059	0.01057	0.00276	0.00761	0.00876	0.00618	0.07686
30	0.08973	0.05490	0.02538	0.01956	0.02304	0.07614	0.15657	0.05308	0.01577	0.02282	0.01507	0.06883	0.01394	0.01427	0.07064	0.00345	0.23131	0.00777	0.00419	0.03354
31	0.01602	0.05482	0.01665	0.01471	0.07211	0.01224	0.01057	0.04430	0.07977	0.05913	0.05899	0.11012	0.08017	0.03478	0.00846	0.00229	0.00602	0.06089	0.00593	0.25203

[dist]
# distance from previous block
# <min> <max>
5	33

[block]
# block no. 2 follows, 26 sequences, length 28
# corresponding to MSA columns:
# 150-177
name=unknown_C
#
# <colnr> <probs for GDERKNQSTAVLIFYWHMCP>
#	G	D	E	R	K	N	Q	S	T	A	V	L	I	F	Y	W	H	M	C	P
0	0.01017	0.00724	0.00932	0.01015	0.01124	0.00678	0.00726	0.01236	0.01676	0.02287	0.22119	0.37939	0.09512	0.05909	0.01093	0.00308	0.00450	0.07263	0.03346	0.00647
1	0.07506	0.22203	0.10859	0.01881	0.05586	0.08442	0.07509	0.13644	0.01957	0.02637	0.01415	0.03971	0.01190	0.00812	0.00755	0.00215	0.04654	0.00615	0.00443	0.03706
2	0.04428	0.01319	0.01671	0.13215	0.02320	0.01272	0.01162	0.04318	0.04462	0.09172	0.04202	0.04813	0.01637	0.00836	0.00759	0.00191	0.04513	0.00669	0.04726	0.34314
3	0.10881	0.02103	0.13119	0.03468	0.02327	0.04245	0.01504	0.24171	0.02373	0.17085	0.01934	0.02156	0.01415	0.00883	0.00718	0.00229	0.00815	0.03491	0.00642	0.06441
4	0.01844	0.05837	0.03708	0.07801	0.10023	0.02034	0.38297	0.06680	0.01788	0.02444	0.01431	0.01914	0.01125	0.00764	0.01057	0.00256	0.10799	0.00785	0.00395	0.01017
5	0.00948	0.00728	0.00873	0.00962	0.01110	0.00653	0.00695	0.01137	0.01636	0.02090	0.10348	0.37071	0.29962	0.02114	0.00941	0.00286	0.00432	0.06662	0.00714	0.00639
6	0.02015	0.01735	0.02211	0.08122	0.19695	0.01927	0.01610	0.13868	0.34032	0.03161	0.02298	0.02345	0.01745	0.00895	0.00763	0.00244	0.00752	0.00766	0.00631	0.01187
7	0.01950	0.01361	0.01694	0.01398	0.05874	0.01105	0.01036	0.04297	0.01754	0.15039	0.01794	0.04736	0.01436	0.00726	0.00634	0.00154	0.00602	0.00600	0.00557	0.53253
8	0.01227	0.00776	0.01015	0.01025	0.01191	0.00708	0.00741	0.01473	0.01828	0.08988	0.30826	0.34121	0.09444	0.01865	0.00913	0.00269	0.00423	0.01661	0.00781	0.00725
9	0.01868	0.01644	0.01841	0.06428	0.02217	0.05330	0.03559	0.10862	0.25904	0.02969	0.06319	0.02544	0.04196	0.00912	0.00728	0.00212	0.00694	0.00757	0.00625	0.20393
10	0.01414	0.00707	0.00707	0.00707	0.00884	0.00707	0.00530	0.01767	0.01591	0.02828	0.02474	0.02828	0.01944	0.00884	0.00530	0.00177	0.00353	0.00707	0.77554	0.00707
11	0.01734	0.01426	0.01634	0.01229	0.01837	0.01219	0.00978	0.11451	0.04645	0.02805	0.01695	0.06758	0.01477	0.00763	0.00629	0.00150	0.00595	0.00623	0.00527	0.57825
12	0.01740	0.01664	0.02785	0.15350	0.51341	0.01744	0.02165	0.02173	0.01666	0.02335	0.01733	0.02185	0.04805	0.00788	0.00842	0.00237	0.04242	0.00725	0.00385	0.01094
13	0.00941	0.00673	0.00895	0.01045	0.01104	0.00627	0.00705	0.01097	0.01528	0.02058	0.11209	0.65474	0.05252	0.02286	0.00960	0.00300	0.00431	0.02070	0.00718	0.00627
14	0.01867	0.01748	0.02860	0.13305	0.53389	0.01818	0.02196	0.05472	0.05233	0.02554	0.01523	0.01944	0.01239	0.00717	0.00753	0.00231	0.00897	0.00685	0.00410	0.01158
15	0.26760	0.01601	0.01617	0.16549	0.02427	0.07005	0.01233	0.13985	0.01879	0.03086	0.01518	0.01813	0.01162	0.00804	0.00655	0.00226	0.02196	0.00582	0.14006	0.00898
16	0.01032	0.00760	0.00968	0.00965	0.01132	0.00696	0.00716	0.01331	0.01962	0.02699	0.47129	0.16978	0.14739	0.01757	0.00913	0.00257	0.00389	0.04099	0.00791	0.00689
17	0.01732	0.01580	0.02490	0.28610	0.31928	0.01723	0.01995	0.08149	0.03618	0.02482	0.01968	0.02374	0.06402	0.00835	0.00766	0.00239	0.00887	0.00753	0.00434	0.01034
18	0.01148	0.00835	0.00993	0.00945	0.01174	0.00765	0.00711	0.01532	0.05504	0.05455	0.37824	0.09472	0.27486	0.01667	0.00887	0.00249	0.00397	0.01438	0.00784	0.00735
19	0.02023	0.06270	0.02287	0.02422	0.20150	0.08358	0.01548	0.05932	0.36695	0.02843	0.02280	0.02294	0.01763	0.00882	0.00740	0.00236	0.00777	0.00739	0.00601	0.01161
20	0.01376	0.00895	0.01145	0.01041	0.01281	0.00848	0.00795	0.01867	0.07225	0.09844	0.56432	0.05128	0.06237	0.01447	0.00871	0.00240	0.00406	0.01269	0.00841	0.00813
21	0.01026	0.00751	0.00937	0.00930	0.01081	0.00690	0.00667	0.01286	0.01866	0.02554	0.42073	0.16816	0.15461	0.09014	0.01207	0.00303	0.00413	0.01507	0.00756	0.00662
22	0.01062	0.00766	0.01003	0.00962	0.01131	0.00708	0.00715	0.01402	0.02093	0.02956	0.63219	0.10904	0.06990	0.01615	0.00900	0.00244	0.00364	0.01433	0.00825	0.00708
23	0.05943	0.01910	0.03881	0.10322	0.12523	0.01867	0.47328	0.02355	0.01727	0.02438	0.01475	0.01977	0.01125	0.00660	0.00839	0.00250	0.01164	0.00817	0.00382	0.01017
24	0.07908	0.01970	0.02132	0.08762	0.02518	0.04553	0.01453	0.42311	0.09837	0.03941	0.01782	0.01883	0.01310	0.00914	0.00842	0.00239	0.05152	0.00674	0.00658	0.01160
25	0.06898	0.01167	0.03923	0.01221	0.01531	0.01078	0.01011	0.09947	0.02031	0.04671	0.23718	0.14668	0.06207	0.01544	0.00860	0.00262	0.00562	0.13248	0.00713	0.04739
26	0.18290	0.17199	0.32657	0.01916	0.06187	0.04316	0.04978	0.02357	0.01557	0.02480	0.01239	0.01473	0.00956	0.00698	0.00628	0.00222	0.00948	0.00517	0.00362	0.01019
27	0.01226	0.00937	0.01219	0.01117	0.01183	0.01020	0.03734	0.01390	0.04166	0.01650	0.02215	0.04254	0.02422	0.54541	0.08136	0.00684	0.08062	0.01017	0.00454	0.00573

[dist]
# distance from previous block
# <min> <max>
0	3

[block]
# block no. 3 follows, 26 sequences, length 7
# corresponding to MSA columns:
# 181-187
name=unknown_D
#
# <colnr> <probs for GDERKNQSTAVLIFYWHMCP>
#	G	D	E	R	K	N	Q	S	T	A	V	L	I	F	Y	W	H	M	C	P
0	0.01826	0.01731	0.06701	0.01524	0.01958	0.04186	0.01278	0.10977	0.36265	0.03125	0.10641	0.06890	0.02897	0.01188	0.00807	0.00257	0.00666	0.05289	0.00721	0.01071
1	0.02152	0.07002	0.02035	0.01407	0.02040	0.05325	0.01156	0.25441	0.02330	0.03233	0.01490	0.01627	0.01166	0.00707	0.00635	0.00162	0.00722	0.00534	0.00550	0.40286
2	0.04316	0.01726	0.09798	0.06475	0.02239	0.01426	0.01323	0.12655	0.04422	0.10509	0.05560	0.02441	0.06573	0.00889	0.00747	0.00203	0.02551	0.00706	0.00581	0.24861
3	0.08263	0.01711	0.02525	0.21486	0.03261	0.05330	0.15606	0.11455	0.01822	0.02541	0.01537	0.05765	0.01297	0.00991	0.01077	0.03655	0.09551	0.00772	0.00442	0.00911
4	0.01384	0.00922	0.01125	0.01099	0.01279	0.00913	0.00788	0.09082	0.01754	0.07064	0.07921	0.32152	0.10025	0.13926	0.06579	0.00422	0.00659	0.01501	0.00674	0.00733
5	0.00982	0.00757	0.00897	0.00894	0.01085	0.00672	0.00658	0.01243	0.01884	0.02492	0.35176	0.15598	0.31300	0.01813	0.00906	0.00255	0.00380	0.01572	0.00765	0.00672
6	0.07264	0.01743	0.02669	0.02114	0.02414	0.02092	0.16141	0.06471	0.01512	0.02329	0.01206	0.01722	0.01048	0.01041	0.01720	0.00284	0.40577	0.00684	0.00392	0.06578

[dist]
# distance from previous block
# <min> <max>
0	4

[block]
# block no. 4 follows, 26 sequences, length 62
# corresponding to MSA columns:
# 192-253
name=unknown_E
#
# <colnr> <probs for GDERKNQSTAVLIFYWHMCP>
#	G	D	E	R	K	N	Q	S	T	A	V	L	I	F	Y	W	H	M	C	P
0	0.01889	0.51847	0.20865	0.01702	0.05872	0.02616	0.01743	0.02308	0.01567	0.01982	0.01154	0.01352	0.00982	0.00669	0.00561	0.00186	0.00896	0.00460	0.00326	0.01024
1	0.01079	0.00786	0.01047	0.01195	0.01335	0.00754	0.00956	0.01336	0.01657	0.02155	0.06489	0.30197	0.12014	0.02154	0.00998	0.00321	0.00564	0.33594	0.00705	0.00664
2	0.00924	0.00660	0.00880	0.01056	0.01100	0.00616	0.00704	0.01056	0.01452	0.01936	0.04181	0.72848	0.05017	0.02376	0.00968	0.00308	0.00440	0.02156	0.00704	0.00616
3	0.01887	0.05242	0.06292	0.14297	0.32620	0.01823	0.04597	0.06909	0.08096	0.04969	0.01757	0.02277	0.01426	0.00813	0.00760	0.00238	0.00890	0.03536	0.00464	0.01108
4	0.78701	0.01467	0.01115	0.00997	0.01467	0.01702	0.00821	0.02230	0.01291	0.03403	0.01056	0.01232	0.00821	0.00704	0.00469	0.00235	0.00587	0.00411	0.00469	0.00821
5	0.01210	0.00873	0.01075	0.01088	0.01280	0.00851	0.00809	0.01700	0.10196	0.05145	0.24434	0.27713	0.12739	0.01814	0.00909	0.00274	0.00454	0.05915	0.00763	0.00758
6	0.01217	0.00929	0.01307	0.01270	0.01427	0.01088	0.00992	0.04118	0.03800	0.01975	0.02109	0.05633	0.01969	0.04851	0.57029	0.01036	0.05210	0.00852	0.02461	0.00728
7	0.01074	0.00775	0.01014	0.00954	0.01133	0.00716	0.00716	0.01431	0.02147	0.03042	0.68211	0.05666	0.07157	0.01551	0.00895	0.00239	0.00358	0.01372	0.00835	0.00716
8	0.01862	0.01767	0.02511	0.02062	0.02227	0.02291	0.07453	0.11888	0.01593	0.02340	0.01173	0.01720	0.01056	0.01200	0.02075	0.00309	0.54463	0.00688	0.00403	0.00919
9	0.01733	0.04780	0.34332	0.02727	0.17013	0.05292	0.11652	0.02451	0.04115	0.02411	0.01446	0.01747	0.01100	0.00703	0.00737	0.00228	0.01051	0.00631	0.00369	0.05481
10	0.15507	0.14655	0.07825	0.06606	0.30645	0.01996	0.03657	0.02389	0.05504	0.02525	0.01388	0.01694	0.01130	0.00704	0.00657	0.00221	0.00845	0.00589	0.00401	0.01063
11	0.01488	0.01386	0.01909	0.01678	0.01692	0.01862	0.01345	0.01632	0.01156	0.01748	0.01383	0.02458	0.01442	0.16172	0.09880	0.00506	0.50392	0.00767	0.00365	0.00740
12	0.01017	0.00747	0.00953	0.00958	0.01113	0.00683	0.00697	0.01301	0.01931	0.02660	0.45730	0.22150	0.13658	0.01793	0.00913	0.00257	0.00381	0.01588	0.00788	0.00683
13	0.00997	0.00772	0.00908	0.00874	0.01086	0.00683	0.00655	0.01283	0.01966	0.02612	0.42004	0.06373	0.33633	0.01711	0.00895	0.00246	0.00369	0.01471	0.00778	0.00683
14	0.02534	0.17695	0.02473	0.01726	0.02206	0.42074	0.01378	0.08097	0.06663	0.02211	0.01346	0.01488	0.01104	0.00770	0.00649	0.00191	0.01109	0.00511	0.00438	0.05340
15	0.00988	0.00723	0.00932	0.01013	0.01134	0.00668	0.00728	0.01212	0.01722	0.02316	0.24508	0.39716	0.13203	0.02046	0.00942	0.00283	0.00425	0.06042	0.00744	0.00656
16	0.07693	0.02505	0.27232	0.05560	0.02711	0.01760	0.03532	0.19435	0.02209	0.13001	0.04072	0.02128	0.01481	0.00865	0.00740	0.00239	0.00897	0.02243	0.00569	0.01127
17	0.13341	0.37305	0.02912	0.04595	0.02060	0.02490	0.01323	0.10243	0.01692	0.02416	0.01193	0.01464	0.01031	0.00984	0.03441	0.00250	0.11396	0.00507	0.00406	0.00953
18	0.01542	0.00882	0.01140	0.01071	0.01219	0.00883	0.00752	0.01680	0.01433	0.14850	0.05829	0.14703	0.02960	0.32685	0.11583	0.00596	0.03735	0.01157	0.00597	0.00703
19	0.23403	0.29769	0.13059	0.01630	0.07072	0.04646	0.01470	0.02411	0.01561	0.07098	0.01271	0.01432	0.01010	0.00703	0.00565	0.00206	0.00812	0.00479	0.00413	0.00990
20	0.01896	0.01551	0.01662	0.01500	0.01919	0.01763	0.01174	0.03807	0.59079	0.06250	0.03291	0.03213	0.04844	0.01100	0.00787	0.00260	0.00598	0.03368	0.00774	0.01164
21	0.01666	0.23436	0.27522	0.01650	0.02458	0.01893	0.04658	0.02182	0.01579	0.02219	0.01406	0.04790	0.01200	0.00733	0.00633	0.00190	0.00869	0.00577	0.00374	0.19966
22	0.00954	0.00777	0.00849	0.00849	0.01084	0.00672	0.00649	0.01190	0.01813	0.02261	0.19402	0.07064	0.51733	0.01860	0.00907	0.00259	0.00401	0.05887	0.00730	0.00659
23	0.01652	0.01768	0.06662	0.30658	0.19246	0.01807	0.14248	0.02290	0.06203	0.02265	0.01507	0.02008	0.01170	0.00761	0.00867	0.00250	0.04530	0.00722	0.00384	0.01001
24	0.01109	0.00746	0.00978	0.01017	0.01112	0.00791	0.00725	0.01309	0.01311	0.01924	0.02651	0.18695	0.02763	0.17725	0.29782	0.00743	0.01134	0.01148	0.13712	0.00625
25	0.01167	0.00826	0.01000	0.00956	0.01177	0.00755	0.00716	0.01528	0.04723	0.06202	0.38261	0.12284	0.24200	0.01682	0.00890	0.00251	0.00399	0.01459	0.00787	0.00736
26	0.01344	0.01388	0.11451	0.01347	0.01697	0.01056	0.04340	0.01748	0.01897	0.06901	0.37748	0.11278	0.06856	0.01423	0.00980	0.00254	0.05553	0.01226	0.00690	0.00823
27	0.00963	0.00771	0.00861	0.00838	0.01065	0.00669	0.00629	0.01218	0.01886	0.02423	0.30456	0.06685	0.45298	0.01782	0.00896	0.00250	0.00374	0.01515	0.00754	0.00669
28	0.01633	0.16497	0.48571	0.06083	0.05765	0.01993	0.04736	0.02350	0.01597	0.02266	0.01313	0.01581	0.00982	0.00705	0.00687	0.00227	0.01055	0.00555	0.00326	0.01078
29	0.10091	0.06814	0.05149	0.05865	0.12059	0.12696	0.01577	0.20912	0.02194	0.03021	0.01438	0.01690	0.01131	0.00841	0.00856	0.00229	0.07847	0.00599	0.03948	0.01042
30	0.01129	0.00782	0.00934	0.00929	0.01137	0.00689	0.00683	0.01361	0.01815	0.07000	0.23796	0.21660	0.31596	0.01852	0.00903	0.00262	0.00408	0.01605	0.00758	0.00702
31	0.04544	0.07737	0.02278	0.03923	0.04732	0.37649	0.01486	0.09168	0.03623	0.02245	0.01298	0.01581	0.01086	0.01061	0.03711	0.00263	0.11700	0.00561	0.00425	0.00930
32	0.02008	0.01619	0.01932	0.01463	0.02066	0.01531	0.04595	0.24387	0.04531	0.03263	0.01782	0.06722	0.01497	0.00831	0.00684	0.00179	0.00689	0.00689	0.00583	0.38950
33	0.25964	0.27495	0.11932	0.01457	0.04364	0.02182	0.01369	0.08559	0.01681	0.02758	0.01268	0.01451	0.01019	0.00716	0.00553	0.00205	0.00764	0.00483	0.04806	0.00971
34	0.07095	0.02016	0.02131	0.01660	0.02236	0.02239	0.01365	0.57100	0.06816	0.04554	0.01866	0.01873	0.01339	0.00904	0.00736	0.00228	0.00793	0.00678	0.03130	0.01240
35	0.09495	0.07368	0.05207	0.01744	0.02265	0.04550	0.10767	0.10790	0.10516	0.14425	0.04556	0.02304	0.03904	0.00937	0.00904	0.00243	0.07618	0.00746	0.00603	0.01059
36	0.08616	0.01996	0.09621	0.05729	0.19882	0.04685	0.01696	0.15167	0.10228	0.05464	0.06141	0.02292	0.03423	0.00880	0.00738	0.00234	0.00816	0.00728	0.00560	0.01104
37	0.09150	0.01361	0.01654	0.01330	0.01856	0.01318	0.01082	0.06039	0.13282	0.45499	0.02885	0.02599	0.03329	0.00954	0.00733	0.00236	0.00622	0.00763	0.04110	0.01198
38	0.78701	0.01467	0.01115	0.00997	0.01467	0.01702	0.00821	0.02230	0.01291	0.03403	0.01056	0.01232	0.00821	0.00704	0.00469	0.00235	0.00587	0.00411	0.00469	0.00821
39	0.01059	0.00779	0.01037	0.04575	0.01375	0.00773	0.00822	0.03808	0.01580	0.02114	0.07948	0.53688	0.06001	0.04182	0.04368	0.00353	0.00570	0.03628	0.00676	0.00663
40	0.00965	0.00771	0.00863	0.00840	0.01066	0.00669	0.00630	0.01221	0.01890	0.02432	0.31030	0.06670	0.44719	0.01778	0.00896	0.00249	0.00374	0.01512	0.00755	0.00669
41	0.01887	0.01629	0.01715	0.01544	0.01972	0.01887	0.01201	0.04031	0.67241	0.03173	0.03087	0.02830	0.02315	0.01029	0.00772	0.00257	0.00600	0.00858	0.00772	0.01201
42	0.06992	0.01952	0.06760	0.01627	0.02233	0.01910	0.01415	0.37388	0.02805	0.23396	0.02062	0.01992	0.01404	0.00910	0.00806	0.00235	0.03445	0.00682	0.00750	0.01236
43	0.01821	0.02129	0.12316	0.10982	0.50258	0.04580	0.02337	0.02327	0.01705	0.02387	0.01399	0.01832	0.01139	0.00695	0.00745	0.00229	0.00962	0.00652	0.00364	0.01141
44	0.01887	0.01629	0.01715	0.01544	0.01972	0.01887	0.01201	0.04031	0.67241	0.03173	0.03087	0.02830	0.02315	0.01029	0.00772	0.00257	0.00600	0.00858	0.00772	0.01201
45	0.27731	0.01564	0.01648	0.11198	0.02215	0.04395	0.01189	0.14608	0.01898	0.11145	0.01643	0.01987	0.01272	0.05907	0.00959	0.00272	0.04563	0.00623	0.04239	0.00944
46	0.00994	0.00738	0.00926	0.00950	0.01102	0.00671	0.00686	0.01250	0.01853	0.02511	0.36898	0.26757	0.18120	0.01876	0.00918	0.00263	0.00388	0.01658	0.00770	0.00671
47	0.01752	0.16944	0.50415	0.01957	0.02939	0.02054	0.02384	0.08674	0.01784	0.02521	0.01349	0.01550	0.00996	0.00726	0.00680	0.00224	0.01034	0.00543	0.00364	0.01110
48	0.00944	0.00760	0.00841	0.00842	0.01059	0.00657	0.00624	0.01173	0.01810	0.02292	0.22795	0.12880	0.46924	0.01868	0.00903	0.00256	0.00383	0.01593	0.00738	0.00657
49	0.14349	0.01506	0.01749	0.01433	0.01904	0.01587	0.03995	0.20185	0.09706	0.16336	0.09640	0.05673	0.02363	0.01052	0.00747	0.00241	0.00663	0.02677	0.03124	0.01066
50	0.26892	0.06788	0.16602	0.04460	0.02251	0.04364	0.01485	0.11420	0.04962	0.07663	0.01648	0.05450	0.01312	0.00860	0.00649	0.00235	0.00798	0.00635	0.00520	0.01006
51	0.01154	0.00854	0.00964	0.00911	0.01170	0.00771	0.00692	0.01531	0.06076	0.06055	0.27391	0.06214	0.40064	0.01687	0.00881	0.00249	0.00403	0.01432	0.00765	0.00736
52	0.01656	0.01786	0.03658	0.08432	0.10089	0.01715	0.45304	0.02206	0.01744	0.02345	0.02123	0.05244	0.06097	0.00857	0.00878	0.00258	0.01106	0.03104	0.00424	0.00973
53	0.01887	0.01629	0.01715	0.01544	0.01972	0.01887	0.01201	0.04031	0.67241	0.03173	0.03087	0.02830	0.02315	0.01029	0.00772	0.00257	0.00600	0.00858	0.00772	0.01201
54	0.01198	0.02656	0.01206	0.01109	0.01258	0.00917	0.00835	0.01467	0.01835	0.05023	0.39045	0.24393	0.05583	0.01721	0.01058	0.00266	0.07482	0.01481	0.00739	0.00726
55	0.03826	0.01845	0.06045	0.30389	0.10545	0.04858	0.14457	0.09389	0.01892	0.07162	0.01546	0.01959	0.01141	0.00754	0.00772	0.00243	0.01018	0.00704	0.00444	0.01010
56	0.01651	0.01811	0.07001	0.08417	0.06011	0.05077	0.05337	0.02039	0.04612	0.01994	0.01347	0.01995	0.01214	0.04466	0.06431	0.00374	0.38272	0.00702	0.00372	0.00877
57	0.01172	0.00935	0.01320	0.01280	0.01362	0.01125	0.00975	0.01369	0.01215	0.01746	0.02121	0.10139	0.02184	0.14773	0.41315	0.00897	0.14009	0.00967	0.00431	0.00665
58	0.01639	0.05150	0.06167	0.28841	0.24941	0.04234	0.04944	0.02086	0.01633	0.02153	0.01800	0.02418	0.04838	0.00878	0.00818	0.02200	0.00943	0.02970	0.00385	0.00961
59	0.12568	0.01829	0.02290	0.17190	0.02994	0.02051	0.07385	0.33993	0.06267	0.03661	0.01660	0.01865	0.01211	0.00831	0.00733	0.00238	0.00868	0.00674	0.00593	0.01099
60	0.04991	0.01681	0.03188	0.15317	0.03484	0.01728	0.34133	0.02196	0.01616	0.05280	0.01548	0.03949	0.01243	0.00887	0.01088	0.04105	0.07869	0.00808	0.00408	0.04480
61	0.01441	0.01123	0.01883	0.01623	0.01924	0.01067	0.16271	0.01859	0.06234	0.08619	0.06078	0.41538	0.03699	0.01696	0.00914	0.00282	0.00667	0.01599	0.00661	0.00823

[dist]
# distance from previous block
# <min> <max>
2	4

[block]
# block no. 5 follows, 26 sequences, length 73
# corresponding to MSA columns:
# 258-330
name=unknown_F
#
# <colnr> <probs for GDERKNQSTAVLIFYWHMCP>
#	G	D	E	R	K	N	Q	S	T	A	V	L	I	F	Y	W	H	M	C	P
0	0.02109	0.04364	0.05130	0.01671	0.02182	0.09807	0.03707	0.20043	0.02149	0.02920	0.03192	0.01751	0.01281	0.00860	0.00999	0.00209	0.13472	0.00602	0.00507	0.23043
1	0.02233	0.01558	0.02055	0.08168	0.05534	0.01652	0.06138	0.11292	0.24605	0.17906	0.02787	0.02928	0.04684	0.01011	0.00793	0.00251	0.00738	0.03813	0.00714	0.01139
2	0.01356	0.00888	0.01096	0.00973	0.01264	0.00772	0.00747	0.01664	0.01998	0.10656	0.39894	0.05312	0.20530	0.01475	0.00849	0.00231	0.00417	0.01269	0.00781	0.07828
3	0.01974	0.01518	0.01806	0.01350	0.01973	0.01353	0.03024	0.16062	0.04374	0.07470	0.01740	0.04539	0.01406	0.00753	0.00652	0.00163	0.00645	0.00616	0.00569	0.48015
4	0.00977	0.00708	0.00937	0.01077	0.01162	0.00653	0.00745	0.01138	0.01497	0.02015	0.06001	0.63632	0.04864	0.02251	0.00952	0.00299	0.00459	0.05762	0.00696	0.04177
5	0.78701	0.01467	0.01115	0.00997	0.01467	0.01702	0.00821	0.02230	0.01291	0.03403	0.01056	0.01232	0.00821	0.00704	0.00469	0.00235	0.00587	0.00411	0.00469	0.00821
6	0.78701	0.01467	0.01115	0.00997	0.01467	0.01702	0.00821	0.02230	0.01291	0.03403	0.01056	0.01232	0.00821	0.00704	0.00469	0.00235	0.00587	0.00411	0.00469	0.00821
7	0.01007	0.00720	0.00972	0.01127	0.01214	0.00685	0.00827	0.01210	0.01582	0.02111	0.09738	0.51856	0.05051	0.02238	0.00980	0.00312	0.00494	0.16517	0.00714	0.00644
8	0.01609	0.16037	0.58069	0.02012	0.03051	0.01976	0.02542	0.02379	0.01591	0.02295	0.01308	0.01535	0.00963	0.00708	0.00680	0.00227	0.01067	0.00534	0.00321	0.01095
9	0.01693	0.14053	0.54462	0.02030	0.03044	0.01919	0.04551	0.02445	0.01625	0.05450	0.01398	0.01605	0.01012	0.00718	0.00694	0.00229	0.01058	0.00558	0.00352	0.01104
10	0.01063	0.00775	0.00999	0.00943	0.01127	0.00711	0.00707	0.01411	0.02122	0.02982	0.64553	0.05765	0.10853	0.01573	0.00895	0.00240	0.00359	0.01386	0.00827	0.00711
11	0.01931	0.01433	0.01688	0.10733	0.02177	0.01601	0.01193	0.26922	0.07525	0.03168	0.02131	0.05562	0.01825	0.11073	0.08554	0.00404	0.00882	0.00830	0.09414	0.00953
12	0.03124	0.04755	0.01866	0.01375	0.01936	0.01315	0.01136	0.08420	0.05208	0.55091	0.02864	0.05407	0.01940	0.00987	0.00758	0.00235	0.00657	0.00802	0.00878	0.01243
13	0.02701	0.01966	0.02109	0.01644	0.02198	0.02166	0.01348	0.58926	0.03342	0.04528	0.01963	0.04773	0.01487	0.00968	0.00751	0.00227	0.00785	0.00744	0.06152	0.01222
14	0.00935	0.00668	0.00892	0.01068	0.01117	0.00625	0.00722	0.01074	0.01463	0.01948	0.04175	0.70572	0.04994	0.02366	0.00971	0.00310	0.00449	0.04328	0.00704	0.00619
15	0.01711	0.01624	0.02713	0.29599	0.41693	0.01762	0.02192	0.02262	0.04729	0.02308	0.01475	0.01976	0.01182	0.00723	0.00755	0.00237	0.00928	0.00684	0.00380	0.01067
16	0.01521	0.03923	0.69413	0.02162	0.03283	0.01762	0.02802	0.02402	0.01601	0.02402	0.01361	0.01601	0.00961	0.00721	0.00721	0.00240	0.01121	0.00560	0.00320	0.01121
17	0.01172	0.00870	0.01141	0.01273	0.01463	0.00854	0.01078	0.01546	0.04108	0.02244	0.04627	0.12016	0.15397	0.02043	0.01007	0.00327	0.00625	0.46804	0.00702	0.00702
18	0.00920	0.00676	0.00864	0.01014	0.01089	0.00620	0.00685	0.01061	0.01493	0.01953	0.04698	0.63173	0.14358	0.02309	0.00958	0.00300	0.00432	0.02074	0.00704	0.00620
19	0.01921	0.02286	0.08756	0.07530	0.08402	0.11920	0.29542	0.02775	0.14146	0.02453	0.01738	0.02042	0.01323	0.00752	0.00806	0.00243	0.01103	0.00768	0.00449	0.01045
20	0.00953	0.00677	0.00887	0.01027	0.01079	0.00635	0.00684	0.01093	0.01483	0.01992	0.09620	0.61060	0.05007	0.08490	0.01214	0.00339	0.00459	0.01996	0.00694	0.00611
21	0.01573	0.01348	0.01573	0.01123	0.01798	0.01011	0.00899	0.01910	0.01573	0.02472	0.01348	0.01573	0.01123	0.00562	0.00562	0.00112	0.00562	0.00449	0.00449	0.77980
22	0.00924	0.00660	0.00880	0.01056	0.01100	0.00616	0.00704	0.01056	0.01452	0.01936	0.04181	0.72848	0.05017	0.02376	0.00968	0.00308	0.00440	0.02156	0.00704	0.00616
23	0.01213	0.01056	0.01459	0.14775	0.02119	0.03844	0.03621	0.01449	0.01500	0.01971	0.05738	0.39624	0.03568	0.06102	0.01201	0.00317	0.05965	0.03208	0.00571	0.00699
24	0.01084	0.00813	0.01219	0.01219	0.01354	0.00948	0.00948	0.01354	0.01219	0.01761	0.02032	0.02980	0.01896	0.05689	0.70337	0.01219	0.02032	0.00813	0.00406	0.00677
25	0.01573	0.01348	0.01573	0.01123	0.01798	0.01011	0.00899	0.01910	0.01573	0.02472	0.01348	0.01573	0.01123	0.00562	0.00562	0.00112	0.00562	0.00449	0.00449	0.77980
26	0.27454	0.01944	0.04921	0.13744	0.02537	0.13858	0.04053	0.04299	0.01666	0.07220	0.01710	0.01948	0.05017	0.00863	0.00781	0.00240	0.05762	0.00619	0.00468	0.00894
27	0.02121	0.01746	0.01847	0.01591	0.02062	0.01996	0.01257	0.18622	0.52268	0.03551	0.02789	0.02593	0.02074	0.01001	0.00769	0.00250	0.00655	0.00816	0.00769	0.01222
28	0.00981	0.00718	0.00930	0.01085	0.01152	0.00692	0.00734	0.01233	0.05366	0.02010	0.04116	0.68682	0.04856	0.02296	0.00956	0.00305	0.00450	0.02079	0.00708	0.00651
29	0.07106	0.04943	0.02556	0.14978	0.08741	0.09488	0.10969	0.13848	0.09075	0.02768	0.01608	0.01919	0.01248	0.00965	0.02992	0.00269	0.04336	0.00683	0.00486	0.01021
30	0.02326	0.01845	0.02490	0.12604	0.12565	0.02005	0.07231	0.34417	0.05345	0.05318	0.01729	0.01963	0.01283	0.00914	0.00870	0.03768	0.00886	0.00707	0.00593	0.01140
31	0.00939	0.00676	0.00890	0.01035	0.01101	0.00627	0.00700	0.01096	0.01535	0.02055	0.10946	0.63412	0.07630	0.02274	0.00958	0.00299	0.00429	0.02054	0.00718	0.00627
32	0.72547	0.01452	0.01133	0.01008	0.01468	0.01675	0.00828	0.04283	0.01379	0.03420	0.01149	0.01327	0.00890	0.00719	0.00482	0.00232	0.00584	0.00434	0.04159	0.00831
33	0.01025	0.00737	0.00974	0.01014	0.01142	0.00686	0.00736	0.01298	0.01868	0.02591	0.41186	0.30944	0.06223	0.01886	0.00929	0.00270	0.00405	0.04632	0.00779	0.00678
34	0.02634	0.01906	0.02080	0.01623	0.02197	0.02053	0.01325	0.48607	0.09076	0.08153	0.02055	0.04621	0.01545	0.00948	0.00751	0.00224	0.00763	0.00739	0.00742	0.07958
35	0.01405	0.00755	0.00799	0.00781	0.00949	0.00782	0.00593	0.01750	0.01604	0.02795	0.06318	0.02943	0.02211	0.00944	0.00642	0.00188	0.03642	0.00745	0.69443	0.00713
36	0.06162	0.01355	0.01546	0.01116	0.01778	0.01052	0.00894	0.01929	0.01556	0.02527	0.01331	0.01553	0.01105	0.00570	0.00556	0.00120	0.00563	0.00447	0.00451	0.73389
37	0.01483	0.01400	0.02366	0.63941	0.12409	0.01698	0.02132	0.01982	0.01541	0.01999	0.01357	0.02006	0.01033	0.00749	0.00758	0.00250	0.00999	0.00674	0.00341	0.00883
38	0.75217	0.01566	0.01162	0.01041	0.01507	0.04851	0.00851	0.02266	0.01330	0.03332	0.01061	0.01238	0.00829	0.00708	0.00479	0.00233	0.00623	0.00414	0.00466	0.00824
39	0.01408	0.00845	0.01120	0.01038	0.01265	0.00772	0.00792	0.01737	0.02075	0.12625	0.50625	0.11178	0.06089	0.01553	0.00887	0.00248	0.00420	0.03698	0.00834	0.00791
40	0.00924	0.00660	0.00880	0.01056	0.01100	0.00616	0.00704	0.01056	0.01452	0.01936	0.04181	0.72848	0.05017	0.02376	0.00968	0.00308	0.00440	0.02156	0.00704	0.00616
41	0.00924	0.00660	0.00880	0.01056	0.01100	0.00616	0.00704	0.01056	0.01452	0.01936	0.04181	0.72848	0.05017	0.02376	0.00968	0.00308	0.00440	0.02156	0.00704	0.00616
42	0.01209	0.00848	0.01103	0.00998	0.01245	0.00759	0.02699	0.01524	0.02019	0.07385	0.44390	0.05803	0.23975	0.01585	0.00886	0.00244	0.00414	0.01379	0.00791	0.00744
43	0.78701	0.01467	0.01115	0.00997	0.01467	0.01702	0.00821	0.02230	0.01291	0.03403	0.01056	0.01232	0.00821	0.00704	0.00469	0.00235	0.00587	0.00411	0.00469	0.00821
44	0.01573	0.01348	0.01573	0.01123	0.01798	0.01011	0.00899	0.01910	0.01573	0.02472	0.01348	0.01573	0.01123	0.00562	0.00562	0.00112	0.00562	0.00449	0.00449	0.77980
45	0.01573	0.01348	0.01573	0.01123	0.01798	0.01011	0.00899	0.01910	0.01573	0.02472	0.01348	0.01573	0.01123	0.00562	0.00562	0.00112	0.00562	0.00449	0.00449	0.77980
46	0.78701	0.01467	0.01115	0.00997	0.01467	0.01702	0.00821	0.02230	0.01291	0.03403	0.01056	0.01232	0.00821	0.00704	0.00469	0.00235	0.00587	0.00411	0.00469	0.00821
47	0.01074	0.00775	0.01014	0.00954	0.01133	0.00716	0.00716	0.01431	0.02147	0.03042	0.68211	0.05666	0.07157	0.01551	0.00895	0.00239	0.00358	0.01372	0.00835	0.00716
48	0.78701	0.01467	0.01115	0.00997	0.01467	0.01702	0.00821	0.02230	0.01291	0.03403	0.01056	0.01232	0.00821	0.00704	0.00469	0.00235	0.00587	0.00411	0.00469	0.00821
49	0.01877	0.01802	0.03079	0.04656	0.68612	0.01802	0.02328	0.02328	0.01727	0.02478	0.01427	0.01877	0.01201	0.00676	0.00751	0.00225	0.00901	0.00676	0.00375	0.01201
50	0.01947	0.01659	0.01749	0.01556	0.01995	0.01915	0.01215	0.07781	0.63392	0.03270	0.03011	0.02769	0.02253	0.01022	0.00771	0.00255	0.00614	0.00847	0.00771	0.01206
51	0.01265	0.01151	0.02059	0.01767	0.02067	0.01098	0.20807	0.01664	0.04275	0.02204	0.05095	0.39528	0.03709	0.01735	0.00944	0.00292	0.00730	0.08219	0.00611	0.00776
52	0.00923	0.00665	0.00875	0.01043	0.01097	0.00617	0.00698	0.01058	0.01464	0.01941	0.04335	0.69958	0.07807	0.02356	0.00965	0.00306	0.00438	0.02132	0.00704	0.00617
53	0.01058	0.00775	0.00992	0.00938	0.01123	0.00709	0.00703	0.01401	0.02110	0.02953	0.62791	0.05812	0.12633	0.01584	0.00895	0.00240	0.00360	0.01392	0.00823	0.00709
54	0.01480	0.01413	0.02285	0.57056	0.04552	0.01818	0.02014	0.01915	0.01443	0.01915	0.01275	0.01947	0.01008	0.00877	0.01118	0.00269	0.15769	0.00672	0.00336	0.00840
55	0.02133	0.01834	0.02289	0.10195	0.21064	0.07772	0.03586	0.21149	0.04739	0.03123	0.01743	0.02023	0.01344	0.00808	0.00719	0.00221	0.00848	0.00680	0.12651	0.01076
56	0.01054	0.00760	0.00996	0.00968	0.01129	0.00703	0.00714	0.01382	0.02056	0.02897	0.59842	0.14447	0.06877	0.01659	0.00904	0.00248	0.00369	0.01474	0.00818	0.00703
57	0.01564	0.00916	0.01192	0.01059	0.01329	0.00849	0.00816	0.01994	0.05259	0.15849	0.52471	0.04933	0.05903	0.01407	0.00863	0.00239	0.00425	0.01229	0.00852	0.00850
58	0.32341	0.01767	0.04714	0.12194	0.08098	0.05823	0.12318	0.02382	0.01591	0.08005	0.01466	0.01873	0.01134	0.00762	0.00669	0.00241	0.00868	0.02355	0.00461	0.00939
59	0.01785	0.13839	0.50778	0.02065	0.05701	0.01885	0.02406	0.02500	0.01651	0.08487	0.01470	0.01647	0.01058	0.00728	0.00691	0.00228	0.01022	0.00561	0.00380	0.01118
60	0.01058	0.00775	0.00992	0.00938	0.01124	0.00709	0.00704	0.01402	0.02111	0.02955	0.62936	0.05808	0.12487	0.01583	0.00895	0.00240	0.00360	0.01392	0.00824	0.00709
61	0.71624	0.01581	0.03528	0.01166	0.01674	0.01716	0.04755	0.02247	0.01331	0.03313	0.01094	0.01293	0.00846	0.00701	0.00503	0.00236	0.00645	0.00444	0.00459	0.00843
62	0.03403	0.01291	0.01760	0.01350	0.01936	0.01115	0.01115	0.03697	0.02171	0.69137	0.02992	0.02582	0.01878	0.00939	0.00763	0.00235	0.00645	0.00763	0.00939	0.01291
63	0.05223	0.01923	0.02027	0.01609	0.02161	0.04685	0.01311	0.41257	0.12571	0.13778	0.02150	0.02076	0.01520	0.00920	0.00742	0.00230	0.00770	0.00705	0.03115	0.01228
64	0.00932	0.00664	0.00878	0.01046	0.01088	0.00622	0.00693	0.01058	0.01436	0.01915	0.04099	0.69762	0.04914	0.05603	0.01100	0.00327	0.00453	0.02108	0.00693	0.00609
65	0.01050	0.00770	0.00985	0.00939	0.01121	0.00705	0.00701	0.01384	0.02080	0.02903	0.59858	0.08273	0.13164	0.01618	0.00897	0.00243	0.00363	0.01423	0.00817	0.00705
