[name]
unknown

[dist]
# distance from previous block
# <min> <max>
0	0

[block]
# block no. 0 follows, 24 sequences, length 64
# corresponding to MSA columns:
# 0-63
name=unknown_A
#
# <colnr> <probs for GDERKNQSTAVLIFYWHMCP>
#	G	D	E	R	K	N	Q	S	T	A	V	L	I	F	Y	W	H	M	C	P
0	0.01278	0.00913	0.01278	0.01460	0.01643	0.00913	0.01278	0.01643	0.01825	0.02373	0.04199	0.08945	0.04564	0.02191	0.01095	0.00365	0.00730	0.61847	0.00730	0.00730
1	0.01972	0.01703	0.01793	0.01614	0.02062	0.01972	0.01255	0.04214	0.65752	0.03317	0.03228	0.02959	0.02421	0.01076	0.00807	0.00269	0.00628	0.00897	0.00807	0.01255
2	0.06146	0.01255	0.01625	0.01312	0.01809	0.01149	0.01061	0.03267	0.06462	0.45538	0.17905	0.03407	0.03234	0.01126	0.00817	0.00248	0.00599	0.00937	0.00923	0.01181
3	0.02269	0.02589	0.03633	0.02751	0.03405	0.21341	0.37820	0.06971	0.06346	0.02583	0.01623	0.01973	0.01241	0.00757	0.00854	0.00247	0.01286	0.00796	0.00456	0.01057
4	0.01236	0.00940	0.01174	0.01037	0.01323	0.00815	0.00774	0.01564	0.01984	0.02855	0.43072	0.09261	0.05555	0.06120	0.01065	0.00258	0.00456	0.01245	0.00744	0.18523
5	0.02062	0.65140	0.11118	0.01455	0.02188	0.02996	0.01528	0.02389	0.01618	0.01936	0.01137	0.01316	0.01016	0.00687	0.00535	0.00178	0.00883	0.00442	0.00339	0.01034
6	0.01346	0.01191	0.01388	0.01364	0.01537	0.08909	0.01054	0.01620	0.01388	0.01852	0.02019	0.02919	0.01870	0.05350	0.61034	0.01150	0.02043	0.00810	0.00423	0.00733
7	0.00966	0.00690	0.00920	0.01104	0.01150	0.00644	0.00736	0.01104	0.01518	0.02024	0.04371	0.71614	0.05245	0.02484	0.01012	0.00322	0.00460	0.02254	0.00736	0.00644
8	0.01621	0.00921	0.01220	0.01082	0.01356	0.00834	0.00834	0.01981	0.02250	0.16386	0.53747	0.05264	0.06353	0.01490	0.00907	0.00249	0.00436	0.01304	0.00895	0.00871
9	0.01207	0.00812	0.01053	0.01032	0.01215	0.00742	0.00759	0.01511	0.02047	0.06387	0.44801	0.21198	0.10600	0.01813	0.00946	0.00267	0.00413	0.01607	0.00838	0.00752
10	0.01069	0.00752	0.00933	0.00984	0.01059	0.00714	0.00647	0.01224	0.01593	0.02162	0.20022	0.29621	0.07355	0.25907	0.02017	0.00453	0.00541	0.01646	0.00685	0.00616
11	0.01171	0.00767	0.00858	0.00858	0.00868	0.00767	0.00485	0.01192	0.01182	0.01617	0.02503	0.05065	0.02836	0.68165	0.03842	0.00736	0.00747	0.01130	0.04717	0.00495
12	0.02164	0.01652	0.01779	0.01561	0.02022	0.01861	0.01225	0.08079	0.52117	0.09471	0.03095	0.02864	0.02285	0.01050	0.00791	0.00260	0.00634	0.00866	0.04982	0.01242
13	0.02753	0.01529	0.01816	0.01514	0.02043	0.01575	0.01211	0.04042	0.34509	0.35020	0.03179	0.02831	0.02195	0.01029	0.00802	0.00257	0.00651	0.00848	0.00893	0.01302
14	0.01972	0.01703	0.01793	0.01614	0.02062	0.01972	0.01255	0.04214	0.65752	0.03317	0.03228	0.02959	0.02421	0.01076	0.00807	0.00269	0.00628	0.00897	0.00807	0.01255
15	0.02859	0.02010	0.02165	0.01680	0.02261	0.02202	0.01381	0.54568	0.03424	0.07519	0.02037	0.02061	0.01455	0.00950	0.00766	0.00232	0.00805	0.00721	0.09626	0.01278
16	0.77733	0.01534	0.01166	0.01043	0.01534	0.01779	0.00859	0.02331	0.01350	0.03558	0.01104	0.01288	0.00859	0.00736	0.00491	0.00245	0.00613	0.00429	0.00491	0.00859
17	0.03395	0.01386	0.01835	0.01432	0.02028	0.01248	0.01175	0.03900	0.08795	0.61113	0.03139	0.02726	0.02010	0.00991	0.00798	0.00248	0.00670	0.00808	0.00964	0.01340
18	0.15417	0.02124	0.02091	0.01655	0.02234	0.06650	0.01354	0.45501	0.03104	0.07034	0.01799	0.01838	0.01294	0.00907	0.00730	0.00235	0.00841	0.00657	0.03315	0.01218
19	0.77733	0.01534	0.01166	0.01043	0.01534	0.01779	0.00859	0.02331	0.01350	0.03558	0.01104	0.01288	0.00859	0.00736	0.00491	0.00245	0.00613	0.00429	0.00491	0.00859
20	0.01817	0.23690	0.46132	0.01990	0.02978	0.05899	0.02403	0.02508	0.01688	0.02295	0.01320	0.01546	0.01009	0.00735	0.00681	0.00225	0.01093	0.00535	0.00340	0.01114
21	0.01229	0.01038	0.01748	0.01834	0.08334	0.00985	0.10854	0.01461	0.01580	0.02132	0.03501	0.50341	0.04021	0.02032	0.01077	0.03971	0.00657	0.01816	0.00630	0.00759
22	0.00966	0.00690	0.00920	0.01104	0.01150	0.00644	0.00736	0.01104	0.01518	0.02024	0.04371	0.71614	0.05245	0.02484	0.01012	0.00322	0.00460	0.02254	0.00736	0.00644
23	0.77733	0.01534	0.01166	0.01043	0.01534	0.01779	0.00859	0.02331	0.01350	0.03558	0.01104	0.01288	0.00859	0.00736	0.00491	0.00245	0.00613	0.00429	0.00491	0.00859
24	0.03014	0.02221	0.02380	0.01825	0.02459	0.02459	0.01507	0.64541	0.03728	0.04998	0.01904	0.01904	0.01349	0.00952	0.00793	0.00238	0.00873	0.00714	0.00793	0.01349
25	0.02120	0.72609	0.04155	0.01357	0.02035	0.03138	0.01357	0.02374	0.01611	0.01866	0.01102	0.01272	0.01018	0.00678	0.00509	0.00170	0.00848	0.00424	0.00339	0.01018
26	0.01590	0.04102	0.68023	0.02260	0.03432	0.01842	0.02930	0.02511	0.01674	0.02511	0.01423	0.01674	0.01005	0.00753	0.00753	0.00251	0.01172	0.00586	0.00335	0.01172
27	0.01963	0.01873	0.03130	0.04665	0.63136	0.01890	0.02360	0.02544	0.05782	0.02636	0.01600	0.02025	0.01328	0.00730	0.00786	0.00238	0.00923	0.00718	0.00418	0.01256
28	0.01630	0.09200	0.63269	0.02193	0.03328	0.01938	0.02813	0.02501	0.01670	0.02463	0.01399	0.01644	0.01005	0.00748	0.00735	0.00245	0.01148	0.00574	0.00335	0.01160
29	0.01230	0.00865	0.01037	0.01094	0.01268	0.00823	0.00774	0.01604	0.08184	0.06252	0.04980	0.42526	0.19370	0.04770	0.01074	0.00316	0.00488	0.01845	0.00749	0.00750
30	0.01208	0.00834	0.01037	0.00979	0.01203	0.00749	0.00737	0.01528	0.02114	0.06485	0.46888	0.08814	0.21035	0.01712	0.00931	0.00256	0.00401	0.01488	0.00841	0.00759
31	0.01812	0.02014	0.04220	0.12269	0.04185	0.02001	0.51783	0.02429	0.01789	0.02429	0.01541	0.02109	0.01173	0.00733	0.01027	0.00272	0.05904	0.00889	0.00391	0.01031
32	0.00972	0.00695	0.00925	0.01100	0.01151	0.00648	0.00737	0.01119	0.01546	0.02068	0.06733	0.69127	0.05329	0.02452	0.01009	0.00319	0.00457	0.02223	0.00741	0.00648
33	0.01292	0.00851	0.01123	0.01047	0.01263	0.00784	0.00801	0.01662	0.02226	0.07451	0.59523	0.05853	0.06974	0.01606	0.00934	0.00255	0.00411	0.04283	0.00873	0.00788
34	0.01377	0.00689	0.01033	0.01033	0.01033	0.00689	0.00689	0.01033	0.01033	0.01377	0.01377	0.02410	0.01377	0.02755	0.03099	0.76928	0.00689	0.00689	0.00344	0.00344
35	0.01872	0.02139	0.04679	0.03342	0.04144	0.02005	0.64305	0.02540	0.01872	0.02540	0.01604	0.02139	0.01203	0.00668	0.00936	0.00267	0.01337	0.00936	0.00401	0.01070
36	0.01139	0.00881	0.01237	0.01225	0.01390	0.00845	0.04316	0.01530	0.06062	0.02549	0.26303	0.39852	0.05627	0.01983	0.00967	0.00290	0.00490	0.01799	0.00771	0.00745
37	0.01097	0.00791	0.01037	0.01015	0.01179	0.00731	0.00746	0.01432	0.02126	0.02991	0.56574	0.16654	0.07117	0.01762	0.00948	0.00261	0.00388	0.01568	0.00851	0.00731
38	0.02310	0.57057	0.03724	0.01512	0.02129	0.18007	0.01396	0.02553	0.01755	0.01883	0.01130	0.01308	0.01019	0.00710	0.00555	0.00177	0.00980	0.00444	0.00355	0.00995
39	0.01044	0.00750	0.00990	0.01051	0.01167	0.00696	0.00742	0.01300	0.01881	0.02602	0.35564	0.38774	0.06363	0.02053	0.00974	0.00286	0.00417	0.01844	0.00805	0.00696
40	0.05805	0.01858	0.02301	0.02875	0.29639	0.11776	0.01663	0.02624	0.01997	0.15063	0.10519	0.02809	0.05704	0.00966	0.00791	0.00237	0.00847	0.00827	0.00593	0.01107
41	0.02688	0.07917	0.02274	0.01902	0.02338	0.49788	0.01459	0.03344	0.16205	0.02239	0.01659	0.01756	0.01330	0.00865	0.00722	0.00216	0.01214	0.00590	0.00492	0.01000
42	0.01950	0.01961	0.05454	0.04777	0.64986	0.01883	0.02451	0.02436	0.01801	0.02588	0.01489	0.01953	0.01247	0.00708	0.00784	0.00236	0.00950	0.00702	0.00391	0.01253
43	0.01962	0.01846	0.02898	0.03982	0.48445	0.01911	0.04076	0.02895	0.18263	0.02776	0.01942	0.02224	0.01554	0.00800	0.00795	0.00245	0.00874	0.00763	0.00499	0.01250
44	0.01569	0.01035	0.01277	0.01240	0.01508	0.00987	0.00906	0.02109	0.12438	0.11304	0.03663	0.42480	0.03846	0.01821	0.00899	0.00279	0.00532	0.01619	0.00751	0.09737
45	0.74864	0.01560	0.01212	0.01073	0.01569	0.01805	0.00884	0.04719	0.01441	0.03613	0.01135	0.01312	0.00878	0.00744	0.00502	0.00245	0.00623	0.00440	0.00502	0.00878
46	0.01990	0.01674	0.02789	0.19823	0.33248	0.01691	0.06410	0.02457	0.01792	0.09850	0.01657	0.02061	0.01275	0.00743	0.00777	0.00233	0.00929	0.00707	0.00459	0.09436
47	0.01093	0.00797	0.01028	0.00996	0.01173	0.00732	0.00737	0.01429	0.02136	0.02984	0.55985	0.13280	0.11179	0.01742	0.00944	0.00259	0.00385	0.01540	0.00849	0.00732
48	0.02846	0.03587	0.02264	0.02047	0.02417	0.62676	0.01551	0.03048	0.02150	0.01938	0.01208	0.01459	0.01023	0.00871	0.00893	0.00218	0.07959	0.00528	0.00403	0.00914
49	0.01590	0.04102	0.68023	0.02260	0.03432	0.01842	0.02930	0.02511	0.01674	0.02511	0.01423	0.01674	0.01005	0.00753	0.00753	0.00251	0.01172	0.00586	0.00335	0.01172
50	0.01014	0.00745	0.00951	0.01030	0.01151	0.00682	0.00722	0.01238	0.01795	0.02419	0.25353	0.41608	0.14092	0.02138	0.00977	0.00291	0.00424	0.01908	0.00781	0.00682
51	0.01026	0.00773	0.01030	0.04410	0.01367	0.00767	0.00816	0.01181	0.01513	0.02003	0.04287	0.57443	0.09399	0.06156	0.01217	0.00341	0.02903	0.02023	0.00690	0.00656
52	0.01015	0.00806	0.00912	0.00885	0.01119	0.00703	0.00664	0.01289	0.01992	0.02580	0.32795	0.06911	0.41828	0.01845	0.00936	0.00260	0.00390	0.01573	0.00794	0.00703
53	0.05209	0.01818	0.03040	0.11667	0.57751	0.01867	0.02340	0.02386	0.01762	0.02573	0.01466	0.01949	0.01218	0.00717	0.00773	0.00239	0.00940	0.00694	0.00393	0.01199
54	0.01834	0.01403	0.01664	0.01198	0.01894	0.01068	0.00962	0.02182	0.01706	0.09047	0.01580	0.01749	0.01253	0.00626	0.00608	0.00130	0.00596	0.00502	0.00521	0.69476
55	0.01896	0.41434	0.24996	0.06445	0.06302	0.02551	0.01990	0.02399	0.01641	0.02129	0.01250	0.01499	0.01029	0.00712	0.00623	0.00206	0.00974	0.00512	0.00342	0.01072
56	0.05721	0.01430	0.01816	0.01607	0.01874	0.05833	0.08022	0.08535	0.01844	0.02552	0.06368	0.33079	0.03315	0.01661	0.01112	0.00287	0.09457	0.01424	0.00620	0.03442
57	0.06293	0.01577	0.01728	0.01455	0.01885	0.01689	0.01152	0.31780	0.06741	0.06270	0.10242	0.15619	0.07421	0.01381	0.00844	0.00259	0.00670	0.01145	0.00779	0.01071
58	0.01826	0.35837	0.30233	0.01659	0.02485	0.02321	0.01915	0.02370	0.01643	0.02260	0.01408	0.01635	0.01130	0.00738	0.00616	0.00205	0.00927	0.00528	0.09215	0.01049
59	0.01411	0.01019	0.01238	0.01250	0.01428	0.01034	0.00909	0.13842	0.02006	0.02688	0.07666	0.47267	0.04464	0.05171	0.01101	0.00323	0.00565	0.05085	0.00744	0.00789
60	0.02311	0.01960	0.05215	0.01747	0.02299	0.02067	0.03305	0.20857	0.40703	0.06556	0.02719	0.02567	0.01998	0.01009	0.00804	0.00258	0.00745	0.00828	0.00776	0.01276
61	0.01712	0.19825	0.53365	0.02053	0.03112	0.02139	0.02569	0.02480	0.01660	0.02363	0.01349	0.01582	0.01008	0.00736	0.00697	0.00232	0.01098	0.00549	0.00336	0.01137
62	0.01627	0.06736	0.51268	0.02359	0.10095	0.01799	0.02562	0.02392	0.01656	0.02455	0.01526	0.01939	0.01182	0.04728	0.00920	0.00272	0.01074	0.00630	0.03664	0.01117
63	0.01774	0.04506	0.04049	0.02447	0.24913	0.01368	0.04406	0.02182	0.01720	0.05483	0.02067	0.02563	0.01684	0.04787	0.00864	0.00243	0.00701	0.00744	0.32521	0.00977

[dist]
# distance from previous block
# <min> <max>
3	24

[block]
# block no. 1 follows, 24 sequences, length 26
# corresponding to MSA columns:
# 88-113
name=unknown_B
#
# <colnr> <probs for GDERKNQSTAVLIFYWHMCP>
#	G	D	E	R	K	N	Q	S	T	A	V	L	I	F	Y	W	H	M	C	P
0	0.02441	0.07261	0.21736	0.01595	0.02293	0.01481	0.01624	0.02975	0.04322	0.31113	0.05932	0.02713	0.02017	0.07687	0.01079	0.00292	0.00827	0.00780	0.00681	0.01153
1	0.01789	0.34881	0.32655	0.01718	0.02554	0.02328	0.01983	0.02320	0.01596	0.02126	0.01380	0.01825	0.01189	0.07498	0.00954	0.00263	0.00987	0.00566	0.00351	0.01036
2	0.02235	0.01257	0.01371	0.01181	0.01533	0.03691	0.00913	0.10510	0.05864	0.19561	0.02705	0.06317	0.02152	0.07787	0.01022	0.00275	0.00610	0.00866	0.29169	0.00981
3	0.01133	0.00837	0.01050	0.01085	0.01258	0.00787	0.00813	0.03669	0.01953	0.02620	0.27731	0.26466	0.16240	0.01995	0.00973	0.00288	0.00467	0.09123	0.00788	0.00723
4	0.02006	0.01530	0.01712	0.01434	0.01841	0.01645	0.01117	0.25223	0.12376	0.03274	0.02454	0.03036	0.04552	0.13779	0.12806	0.00496	0.00981	0.00856	0.00648	0.08235
5	0.02315	0.08537	0.05974	0.01685	0.04363	0.01895	0.01383	0.08396	0.32488	0.15106	0.02608	0.02464	0.01906	0.00944	0.00756	0.00240	0.00716	0.00764	0.00728	0.06732
6	0.02843	0.01227	0.01615	0.01315	0.01796	0.01108	0.01055	0.05037	0.04230	0.46378	0.10680	0.09622	0.02925	0.01198	0.00821	0.00250	0.00606	0.01008	0.05111	0.01175
7	0.02186	0.07248	0.14908	0.01687	0.02339	0.03755	0.04120	0.06702	0.20258	0.15156	0.02896	0.02796	0.07881	0.01007	0.00780	0.00245	0.00803	0.00822	0.00667	0.03745
8	0.05837	0.01863	0.01971	0.01505	0.02127	0.03619	0.01225	0.34410	0.02727	0.03880	0.01710	0.01828	0.01293	0.00807	0.00691	0.00192	0.00747	0.00610	0.04746	0.28212
9	0.01000	0.00722	0.00923	0.01043	0.01122	0.00671	0.00703	0.01161	0.01604	0.02138	0.12447	0.51672	0.10819	0.08516	0.01264	0.00348	0.00471	0.02001	0.00731	0.00645
10	0.01717	0.18188	0.44646	0.01948	0.02868	0.05626	0.02315	0.02384	0.01677	0.02298	0.01625	0.08218	0.01411	0.00905	0.00724	0.00238	0.01050	0.00706	0.00378	0.01076
11	0.03854	0.02269	0.13980	0.02410	0.10968	0.05498	0.10633	0.09337	0.09650	0.06278	0.06556	0.02484	0.01882	0.00973	0.00996	0.00262	0.07977	0.02331	0.00549	0.01113
12	0.07434	0.01339	0.01745	0.01347	0.01941	0.01169	0.01106	0.03483	0.02157	0.54729	0.06008	0.02679	0.02100	0.00962	0.00767	0.00233	0.00648	0.00777	0.00900	0.08474
13	0.01166	0.00858	0.01037	0.01112	0.01246	0.00827	0.00774	0.07137	0.01754	0.02299	0.04618	0.51225	0.14551	0.06026	0.01143	0.00330	0.00507	0.01956	0.00728	0.00706
14	0.03252	0.08708	0.06545	0.02272	0.02797	0.44683	0.01775	0.12050	0.02647	0.02924	0.01902	0.02304	0.01615	0.01195	0.00951	0.00315	0.01407	0.00726	0.00649	0.01283
15	0.01627	0.01677	0.03352	0.02558	0.03119	0.01597	0.40351	0.02244	0.05178	0.02516	0.05942	0.13927	0.02625	0.01200	0.00960	0.00286	0.01041	0.08304	0.00538	0.00956
16	0.01127	0.00760	0.00880	0.00902	0.00915	0.00752	0.00525	0.01161	0.01246	0.01669	0.05393	0.13902	0.03381	0.60121	0.03513	0.00689	0.00712	0.01309	0.00530	0.00513
17	0.02301	0.06503	0.02347	0.01936	0.02197	0.31029	0.01548	0.05538	0.01841	0.02087	0.01583	0.01937	0.04964	0.01118	0.01484	0.00266	0.29332	0.00659	0.00418	0.00910
18	0.01306	0.01528	0.10345	0.01872	0.02278	0.01181	0.18877	0.01701	0.01670	0.02282	0.06061	0.40386	0.03682	0.01719	0.00955	0.00295	0.00791	0.01639	0.00598	0.00834
19	0.05184	0.01933	0.06022	0.23501	0.04250	0.01946	0.35615	0.02327	0.01705	0.02382	0.01474	0.02046	0.01124	0.00765	0.00987	0.00271	0.06282	0.00812	0.00384	0.00991
20	0.00966	0.00690	0.00920	0.01104	0.01150	0.00644	0.00736	0.01104	0.01518	0.02024	0.04371	0.71614	0.05245	0.02484	0.01012	0.00322	0.00460	0.02254	0.00736	0.00644
21	0.01920	0.01494	0.01745	0.01631	0.05455	0.01646	0.04036	0.09175	0.34030	0.03296	0.02736	0.02763	0.02080	0.00979	0.00734	0.00239	0.00624	0.00823	0.23493	0.01101
22	0.03047	0.03268	0.02211	0.01933	0.02397	0.51802	0.01481	0.10906	0.02435	0.10922	0.01559	0.01655	0.01185	0.00855	0.00736	0.00214	0.01262	0.00574	0.00531	0.01029
23	0.06142	0.06486	0.61678	0.02154	0.03267	0.01886	0.02748	0.02496	0.01653	0.02550	0.01392	0.01636	0.00996	0.00750	0.00729	0.00248	0.01127	0.00571	0.00344	0.01148
24	0.01100	0.00817	0.01029	0.00997	0.01198	0.00746	0.00761	0.01441	0.02133	0.02928	0.51260	0.06465	0.18198	0.01735	0.00948	0.00261	0.00406	0.06008	0.00837	0.00732
25	0.02858	0.12612	0.02511	0.01930	0.02398	0.53328	0.01507	0.09541	0.02320	0.02254	0.01281	0.01459	0.01055	0.00813	0.00696	0.00203	0.01295	0.00521	0.00440	0.00977

[dist]
# distance from previous block
# <min> <max>
2	4

[block]
# block no. 2 follows, 24 sequences, length 48
# corresponding to MSA columns:
# 118-165
name=unknown_C
#
# <colnr> <probs for GDERKNQSTAVLIFYWHMCP>
#	G	D	E	R	K	N	Q	S	T	A	V	L	I	F	Y	W	H	M	C	P
0	0.70200	0.01487	0.01191	0.01058	0.01538	0.01696	0.00867	0.02359	0.01440	0.06542	0.04679	0.01600	0.01262	0.00795	0.00529	0.00246	0.00604	0.00500	0.00534	0.00876
1	0.02261	0.02169	0.01974	0.01875	0.05601	0.17119	0.01377	0.03868	0.45380	0.05590	0.02678	0.02549	0.02023	0.00994	0.00785	0.00252	0.00828	0.00795	0.00702	0.01183
2	0.02869	0.02149	0.02298	0.01795	0.02404	0.02391	0.01472	0.56102	0.12404	0.04763	0.02089	0.02051	0.01499	0.00969	0.00795	0.00242	0.00838	0.00739	0.00795	0.01335
3	0.01117	0.00771	0.00967	0.00988	0.01071	0.00739	0.00664	0.01281	0.01639	0.02250	0.26016	0.18646	0.05016	0.27962	0.02180	0.03122	0.00561	0.03718	0.00677	0.00614
4	0.01448	0.00749	0.00786	0.00786	0.00967	0.00761	0.00592	0.01810	0.01629	0.02859	0.02547	0.02970	0.02028	0.01360	0.06500	0.00279	0.00522	0.00749	0.69922	0.00736
5	0.00977	0.00699	0.00930	0.01097	0.01153	0.00652	0.00737	0.01132	0.01570	0.02107	0.08849	0.66899	0.05405	0.02422	0.01007	0.00317	0.00454	0.02195	0.00746	0.00652
6	0.01478	0.00739	0.00739	0.00739	0.00924	0.00739	0.00554	0.01848	0.01663	0.02956	0.02587	0.02956	0.02033	0.00924	0.00554	0.00185	0.00370	0.00739	0.76534	0.00739
7	0.02113	0.01672	0.01797	0.01596	0.02059	0.01901	0.01247	0.04183	0.60116	0.09036	0.03219	0.02936	0.02380	0.01067	0.00806	0.00267	0.00632	0.00888	0.00822	0.01264
8	0.02120	0.72609	0.04155	0.01357	0.02035	0.03138	0.01357	0.02374	0.01611	0.01866	0.01102	0.01272	0.01018	0.00678	0.00509	0.00170	0.00848	0.00424	0.00339	0.01018
9	0.77733	0.01534	0.01166	0.01043	0.01534	0.01779	0.00859	0.02331	0.01350	0.03558	0.01104	0.01288	0.00859	0.00736	0.00491	0.00245	0.00613	0.00429	0.00491	0.00859
10	0.01872	0.02139	0.04679	0.03342	0.04144	0.02005	0.64305	0.02540	0.01872	0.02540	0.01604	0.02139	0.01203	0.00668	0.00936	0.00267	0.01337	0.00936	0.00401	0.01070
11	0.00966	0.00690	0.00920	0.01104	0.01150	0.00644	0.00736	0.01104	0.01518	0.02024	0.04371	0.71614	0.05245	0.02484	0.01012	0.00322	0.00460	0.02254	0.00736	0.00644
12	0.01735	0.01735	0.02429	0.02082	0.02082	0.02429	0.01735	0.01908	0.01214	0.01908	0.01041	0.01735	0.01041	0.01388	0.02602	0.00347	0.70680	0.00694	0.00347	0.00867
13	0.00959	0.00788	0.00844	0.00864	0.01093	0.00673	0.00635	0.01168	0.01809	0.02225	0.13151	0.16415	0.52555	0.02038	0.00948	0.00274	0.00407	0.01732	0.00749	0.00673
14	0.01498	0.01409	0.02378	0.70226	0.05462	0.01762	0.02202	0.02026	0.01586	0.02026	0.01409	0.02114	0.01057	0.00793	0.00793	0.00264	0.01057	0.00705	0.00352	0.00881
15	0.01872	0.02139	0.04679	0.03342	0.04144	0.02005	0.64305	0.02540	0.01872	0.02540	0.01604	0.02139	0.01203	0.00668	0.00936	0.00267	0.01337	0.00936	0.00401	0.01070
16	0.01122	0.00811	0.01060	0.00998	0.01185	0.00748	0.00748	0.01496	0.02245	0.03180	0.66766	0.05923	0.07482	0.01621	0.00935	0.00249	0.00374	0.01434	0.00873	0.00748
17	0.00946	0.00770	0.00838	0.00893	0.01095	0.00662	0.00642	0.01128	0.01721	0.02107	0.06940	0.26729	0.48471	0.02150	0.00960	0.00284	0.00419	0.01847	0.00736	0.00662
18	0.01735	0.01735	0.02429	0.02082	0.02082	0.02429	0.01735	0.01908	0.01214	0.01908	0.01041	0.01735	0.01041	0.01388	0.02602	0.00347	0.70680	0.00694	0.00347	0.00867
19	0.01644	0.01409	0.01644	0.01175	0.01879	0.01057	0.00940	0.01997	0.01644	0.02584	0.01409	0.01644	0.01175	0.00587	0.00587	0.00117	0.00587	0.00470	0.00470	0.76979
20	0.01590	0.04102	0.68023	0.02260	0.03432	0.01842	0.02930	0.02511	0.01674	0.02511	0.01423	0.01674	0.01005	0.00753	0.00753	0.00251	0.01172	0.00586	0.00335	0.01172
21	0.03558	0.01350	0.01840	0.01411	0.02024	0.01166	0.01166	0.03865	0.02270	0.67734	0.03128	0.02699	0.01963	0.00981	0.00797	0.00245	0.00675	0.00797	0.00981	0.01350
22	0.03357	0.01672	0.02040	0.01564	0.02185	0.01645	0.01292	0.26332	0.02810	0.44504	0.02675	0.02405	0.01735	0.00971	0.00796	0.00243	0.00748	0.00767	0.00912	0.01349
23	0.06429	0.02467	0.02301	0.01828	0.02415	0.14250	0.01482	0.50777	0.03356	0.04388	0.01747	0.01791	0.01268	0.00918	0.00765	0.00232	0.00960	0.00665	0.00711	0.01250
24	0.01963	0.01884	0.03219	0.04867	0.67185	0.01884	0.02434	0.02434	0.01806	0.02591	0.01492	0.01963	0.01256	0.00707	0.00785	0.00236	0.00942	0.00707	0.00393	0.01256
25	0.02897	0.03539	0.02221	0.01996	0.02413	0.60847	0.01510	0.08191	0.02333	0.02191	0.01316	0.01533	0.01085	0.01024	0.03319	0.00248	0.01410	0.00540	0.00441	0.00947
26	0.00959	0.00791	0.00842	0.00857	0.01091	0.00674	0.00632	0.01169	0.01816	0.02229	0.13317	0.14872	0.53960	0.02026	0.00946	0.00272	0.00406	0.01718	0.00750	0.00674
27	0.01228	0.00810	0.01067	0.01145	0.01296	0.00732	0.00811	0.01416	0.01627	0.06849	0.06580	0.55338	0.04745	0.02177	0.00964	0.00300	0.00495	0.04946	0.00738	0.06737
28	0.01046	0.00757	0.00988	0.01037	0.01165	0.00699	0.00737	0.01309	0.01906	0.02629	0.36895	0.35029	0.08807	0.02018	0.00969	0.00282	0.00413	0.01806	0.00807	0.00699
29	0.01644	0.01409	0.01644	0.01175	0.01879	0.01057	0.00940	0.01997	0.01644	0.02584	0.01409	0.01644	0.01175	0.00587	0.00587	0.00117	0.00587	0.00470	0.00470	0.76979
30	0.01974	0.40913	0.28962	0.01759	0.02611	0.07355	0.01984	0.02485	0.01681	0.02123	0.01237	0.01440	0.01013	0.00718	0.00619	0.00204	0.01016	0.00493	0.00342	0.01071
31	0.01561	0.00843	0.00876	0.00839	0.01051	0.00866	0.00640	0.05967	0.01779	0.03032	0.02517	0.02895	0.01985	0.01192	0.04197	0.00246	0.00496	0.00743	0.67496	0.00778
32	0.01140	0.00763	0.00869	0.00882	0.00885	0.00760	0.00499	0.01150	0.01179	0.01573	0.02633	0.09957	0.03052	0.67133	0.03819	0.00737	0.00747	0.01232	0.00499	0.00492
33	0.01270	0.01038	0.01236	0.01221	0.01344	0.05810	0.00895	0.01472	0.01312	0.01768	0.02159	0.03543	0.02152	0.23102	0.46892	0.01064	0.01715	0.00906	0.00438	0.00663
34	0.02967	0.02197	0.02353	0.01815	0.02441	0.02437	0.01496	0.61767	0.06580	0.04920	0.01965	0.01952	0.01398	0.00958	0.00794	0.00239	0.00861	0.00722	0.00794	0.01344
35	0.01153	0.00769	0.00865	0.00865	0.00865	0.00769	0.00480	0.01153	0.01153	0.01538	0.02499	0.05189	0.02883	0.72131	0.04036	0.00769	0.00769	0.01153	0.00480	0.00480
36	0.01187	0.00808	0.00916	0.00918	0.00942	0.00817	0.00544	0.01282	0.03438	0.01638	0.02602	0.05284	0.02944	0.66437	0.03788	0.00733	0.00762	0.03935	0.00503	0.00519
37	0.02120	0.72609	0.04155	0.01357	0.02035	0.03138	0.01357	0.02374	0.01611	0.01866	0.01102	0.01272	0.01018	0.00678	0.00509	0.00170	0.00848	0.00424	0.00339	0.01018
38	0.00965	0.00695	0.00915	0.01091	0.01147	0.00645	0.00730	0.01106	0.01531	0.02029	0.04528	0.68865	0.07892	0.02464	0.01009	0.00320	0.00458	0.02229	0.00736	0.00645
39	0.01498	0.01409	0.02378	0.70226	0.05462	0.01762	0.02202	0.02026	0.01586	0.02026	0.01409	0.02114	0.01057	0.00793	0.00793	0.00264	0.01057	0.00705	0.00352	0.00881
40	0.01963	0.01884	0.03219	0.04867	0.67185	0.01884	0.02434	0.02434	0.01806	0.02591	0.01492	0.01963	0.01256	0.00707	0.00785	0.00236	0.00942	0.00707	0.00393	0.01256
41	0.01617	0.07516	0.64839	0.02215	0.03362	0.01906	0.02851	0.02504	0.01671	0.02479	0.01407	0.01654	0.01005	0.00750	0.00741	0.00247	0.01156	0.00578	0.00335	0.01164
42	0.01153	0.00769	0.00865	0.00865	0.00865	0.00769	0.00480	0.01153	0.01153	0.01538	0.02499	0.05189	0.02883	0.72131	0.04036	0.00769	0.00769	0.01153	0.00480	0.00480
43	0.01910	0.01862	0.02952	0.14570	0.51476	0.05199	0.02300	0.02372	0.01795	0.02462	0.01590	0.02279	0.01365	0.00793	0.00797	0.00244	0.00975	0.03498	0.00403	0.01158
44	0.02065	0.02154	0.05384	0.03781	0.42392	0.09539	0.04457	0.04783	0.07327	0.02620	0.01688	0.02184	0.01412	0.00835	0.00873	0.00246	0.04053	0.02580	0.00450	0.01178
45	0.01840	0.01862	0.05380	0.02320	0.10826	0.04472	0.01751	0.05166	0.01520	0.02285	0.01319	0.01879	0.01179	0.01180	0.01918	0.00301	0.45383	0.00690	0.07780	0.00947
46	0.01151	0.00775	0.00894	0.00891	0.00906	0.00779	0.00518	0.01181	0.01206	0.01623	0.05221	0.05116	0.03034	0.65790	0.07176	0.00772	0.00820	0.01150	0.00494	0.00503
47	0.01705	0.01394	0.01629	0.01207	0.01864	0.01100	0.00959	0.02163	0.05648	0.04975	0.01715	0.04842	0.01460	0.00715	0.00627	0.00141	0.00587	0.00587	0.00521	0.66162

[dist]
# distance from previous block
# <min> <max>
0	2

[block]
# block no. 3 follows, 24 sequences, length 23
# corresponding to MSA columns:
# 168-190
name=unknown_D
#
# <colnr> <probs for GDERKNQSTAVLIFYWHMCP>
#	G	D	E	R	K	N	Q	S	T	A	V	L	I	F	Y	W	H	M	C	P
0	0.07270	0.01732	0.01980	0.01529	0.02128	0.01756	0.01255	0.31169	0.02816	0.24611	0.06137	0.02339	0.01871	0.00951	0.00764	0.00229	0.00734	0.00742	0.00807	0.09179
1	0.02080	0.64333	0.07808	0.01623	0.06074	0.02986	0.01514	0.02386	0.01627	0.01947	0.01145	0.01337	0.01031	0.00684	0.00540	0.00178	0.00873	0.00451	0.00342	0.01041
2	0.01123	0.00873	0.01152	0.04074	0.01466	0.00918	0.00906	0.01455	0.06869	0.02125	0.03935	0.58427	0.04560	0.02225	0.01090	0.00317	0.05092	0.01975	0.00701	0.00720
3	0.06007	0.01865	0.03109	0.04663	0.63680	0.01879	0.02350	0.02428	0.01781	0.02642	0.01471	0.01927	0.01235	0.00708	0.00769	0.00236	0.00925	0.00692	0.00398	0.01235
4	0.02770	0.25569	0.06988	0.01500	0.02160	0.02047	0.01381	0.08374	0.07350	0.30804	0.02242	0.02108	0.01569	0.00870	0.00698	0.00222	0.00778	0.00659	0.00693	0.01219
5	0.00966	0.00690	0.00920	0.01104	0.01150	0.00644	0.00736	0.01104	0.01518	0.02024	0.04371	0.71614	0.05245	0.02484	0.01012	0.00322	0.00460	0.02254	0.00736	0.00644
6	0.02723	0.23579	0.02811	0.01826	0.02332	0.44336	0.01479	0.08066	0.02187	0.02174	0.01247	0.01424	0.01048	0.00788	0.00662	0.00197	0.01215	0.00503	0.00421	0.00984
7	0.01329	0.00873	0.01112	0.01075	0.01281	0.00811	0.00795	0.03941	0.02066	0.07977	0.37180	0.23804	0.11069	0.01815	0.00940	0.00270	0.00443	0.01602	0.00830	0.00784
8	0.01759	0.01833	0.03337	0.02846	0.10422	0.02051	0.27566	0.02182	0.01560	0.02242	0.01431	0.02063	0.01225	0.01457	0.08183	0.00392	0.27279	0.00810	0.00382	0.00980
9	0.01890	0.03959	0.01555	0.01290	0.01616	0.07214	0.00989	0.12070	0.05936	0.09287	0.22048	0.09255	0.08301	0.09590	0.01223	0.00309	0.00662	0.01154	0.00742	0.00913
10	0.01278	0.00913	0.01278	0.01460	0.01643	0.00913	0.01278	0.01643	0.01825	0.02373	0.04199	0.08945	0.04564	0.02191	0.01095	0.00365	0.00730	0.61847	0.00730	0.00730
11	0.03350	0.01429	0.01859	0.01453	0.02048	0.01316	0.01191	0.06588	0.09701	0.57485	0.03086	0.02694	0.01989	0.00991	0.00798	0.00248	0.00678	0.00805	0.00953	0.01339
12	0.01864	0.31793	0.39333	0.01885	0.02825	0.05284	0.02233	0.02484	0.01674	0.02225	0.01285	0.01501	0.01011	0.00726	0.00653	0.00216	0.01052	0.00517	0.00340	0.01099
13	0.02233	0.01629	0.01920	0.01595	0.01995	0.01836	0.01287	0.34248	0.02573	0.05827	0.01997	0.02481	0.01636	0.05844	0.24274	0.00621	0.05527	0.00781	0.00634	0.01063
14	0.00966	0.00690	0.00920	0.01104	0.01150	0.00644	0.00736	0.01104	0.01518	0.02024	0.04371	0.71614	0.05245	0.02484	0.01012	0.00322	0.00460	0.02254	0.00736	0.00644
15	0.13383	0.02803	0.02150	0.04370	0.02438	0.32571	0.01454	0.25598	0.02642	0.03295	0.01465	0.01610	0.01120	0.00855	0.00715	0.00225	0.01097	0.00581	0.00560	0.01067
16	0.01131	0.00808	0.00970	0.00980	0.01186	0.00718	0.00725	0.01379	0.01893	0.05470	0.24309	0.21665	0.29994	0.01961	0.00953	0.00277	0.00430	0.03642	0.00788	0.00721
17	0.01987	0.01695	0.05016	0.01834	0.10462	0.01461	0.01333	0.11050	0.07386	0.06971	0.05542	0.02145	0.01720	0.00786	0.00701	0.00184	0.00696	0.00651	0.00581	0.37799
18	0.01553	0.01291	0.05639	0.01214	0.01554	0.03936	0.01015	0.04659	0.02225	0.08875	0.44503	0.04991	0.07909	0.01438	0.00888	0.00246	0.00542	0.03177	0.00800	0.03545
19	0.02098	0.48587	0.12512	0.01985	0.10598	0.08259	0.01722	0.02466	0.01697	0.02052	0.01206	0.01428	0.01047	0.00704	0.00594	0.00192	0.00952	0.00489	0.00351	0.01061
20	0.04556	0.01398	0.01625	0.01339	0.01767	0.01404	0.01063	0.22171	0.02598	0.11635	0.26144	0.08174	0.03927	0.01270	0.00834	0.00239	0.00604	0.01065	0.00805	0.07383
21	0.02309	0.01964	0.07498	0.01557	0.02239	0.01737	0.01359	0.30004	0.02635	0.06541	0.05015	0.02026	0.01592	0.00833	0.00720	0.00195	0.00756	0.00652	0.00646	0.29723
22	0.08546	0.09146	0.01866	0.01369	0.01837	0.07121	0.01098	0.07026	0.09451	0.16321	0.04982	0.12939	0.05158	0.01179	0.00757	0.00236	0.00696	0.00957	0.00688	0.08627

[dist]
# distance from previous block
# <min> <max>
0	58

[block]
# block no. 4 follows, 24 sequences, length 41
# corresponding to MSA columns:
# 249-289
name=unknown_E
#
# <colnr> <probs for GDERKNQSTAVLIFYWHMCP>
#	G	D	E	R	K	N	Q	S	T	A	V	L	I	F	Y	W	H	M	C	P
0	0.10317	0.02734	0.31280	0.01814	0.02602	0.04884	0.04012	0.06615	0.03848	0.11682	0.08123	0.02460	0.04361	0.00936	0.00763	0.00248	0.00921	0.00745	0.00555	0.01100
1	0.01288	0.00927	0.01148	0.01075	0.01235	0.00948	0.00780	0.01614	0.04994	0.04964	0.28570	0.05187	0.11615	0.21109	0.06263	0.00466	0.05162	0.01247	0.00689	0.00721
2	0.07800	0.01467	0.01775	0.01437	0.01998	0.01437	0.01163	0.03795	0.20731	0.42248	0.02960	0.02643	0.01995	0.00978	0.00772	0.00247	0.00654	0.00790	0.00879	0.04230
3	0.02119	0.01205	0.01500	0.01266	0.01650	0.01170	0.01000	0.09352	0.08256	0.22250	0.35219	0.04268	0.04732	0.01311	0.00868	0.00249	0.00540	0.01120	0.00890	0.01036
4	0.01636	0.01928	0.09545	0.02746	0.09822	0.01725	0.30054	0.02136	0.01678	0.02344	0.02050	0.15013	0.01959	0.01340	0.04201	0.00327	0.08972	0.01092	0.00451	0.00981
5	0.01844	0.01937	0.03818	0.08019	0.24367	0.01912	0.35157	0.02408	0.01807	0.02493	0.01661	0.02395	0.01367	0.00787	0.00943	0.00264	0.03542	0.03775	0.00409	0.01094
6	0.01099	0.00805	0.01031	0.00984	0.01173	0.00737	0.00734	0.01447	0.02175	0.03037	0.58799	0.08788	0.12846	0.01692	0.00939	0.00254	0.00380	0.01490	0.00855	0.00737
7	0.01750	0.01883	0.03873	0.12016	0.03894	0.01889	0.45555	0.02294	0.01729	0.02348	0.01640	0.05033	0.01348	0.00912	0.01148	0.03742	0.06636	0.00930	0.00402	0.00978
8	0.01594	0.01480	0.02097	0.01764	0.02150	0.04436	0.15376	0.05455	0.15928	0.02657	0.07459	0.22842	0.10332	0.01503	0.00912	0.00278	0.00749	0.01384	0.00672	0.00933
9	0.01278	0.00913	0.01278	0.01460	0.01643	0.00913	0.01278	0.01643	0.01825	0.02373	0.04199	0.08945	0.04564	0.02191	0.01095	0.00365	0.00730	0.61847	0.00730	0.00730
10	0.06292	0.01667	0.01939	0.01540	0.02109	0.01715	0.01256	0.23004	0.12970	0.31621	0.05562	0.02573	0.02044	0.01006	0.00790	0.00247	0.00714	0.00800	0.00867	0.01285
11	0.02706	0.10294	0.05791	0.06082	0.02699	0.15095	0.03708	0.37130	0.02921	0.03687	0.01623	0.01754	0.01211	0.00867	0.00750	0.00227	0.01017	0.00644	0.00608	0.01184
12	0.00957	0.00804	0.00830	0.00824	0.01083	0.00678	0.00618	0.01176	0.01854	0.02252	0.14247	0.07451	0.60581	0.01967	0.00937	0.00266	0.00399	0.01648	0.00751	0.00678
13	0.01415	0.00881	0.01119	0.01018	0.01277	0.00790	0.00778	0.01750	0.02170	0.11636	0.47823	0.05795	0.17284	0.01604	0.00917	0.00252	0.00419	0.01391	0.00863	0.00815
14	0.01044	0.00814	0.01242	0.01296	0.01406	0.00761	0.06175	0.01227	0.01548	0.02068	0.04134	0.65669	0.04899	0.02329	0.01006	0.00317	0.00535	0.02142	0.00707	0.00680
15	0.03415	0.01434	0.01875	0.01453	0.02057	0.01310	0.01195	0.08136	0.06579	0.59072	0.03049	0.02661	0.01950	0.00986	0.00798	0.00246	0.00685	0.00798	0.00957	0.01343
16	0.00966	0.00690	0.00920	0.01104	0.01150	0.00644	0.00736	0.01104	0.01518	0.02024	0.04371	0.71614	0.05245	0.02484	0.01012	0.00322	0.00460	0.02254	0.00736	0.00644
17	0.00972	0.00736	0.00898	0.01002	0.01129	0.00662	0.00696	0.01152	0.01677	0.02172	0.11509	0.45742	0.24273	0.02256	0.00982	0.00298	0.00434	0.01998	0.00749	0.00662
18	0.03048	0.02168	0.02347	0.01799	0.02432	0.02380	0.01486	0.60819	0.03639	0.08846	0.01979	0.01953	0.01386	0.00954	0.00794	0.00238	0.00860	0.00719	0.00805	0.01349
19	0.01695	0.15300	0.53585	0.02177	0.03245	0.02066	0.06435	0.02490	0.01676	0.02406	0.01381	0.01636	0.01019	0.00736	0.00724	0.00239	0.01129	0.00581	0.00340	0.01140
20	0.01644	0.01409	0.01644	0.01175	0.01879	0.01057	0.00940	0.01997	0.01644	0.02584	0.01409	0.01644	0.01175	0.00587	0.00587	0.00117	0.00587	0.00470	0.00470	0.76979
21	0.01336	0.01062	0.01251	0.01331	0.05482	0.03050	0.00854	0.01761	0.09712	0.02165	0.11716	0.08843	0.06244	0.31454	0.09822	0.00587	0.00842	0.01172	0.00591	0.00725
22	0.01698	0.03660	0.01110	0.00948	0.01201	0.05368	0.00734	0.06918	0.01899	0.03027	0.06328	0.02895	0.02210	0.00953	0.00605	0.00194	0.00496	0.00754	0.58193	0.00810
23	0.01795	0.01852	0.02449	0.02088	0.02166	0.07333	0.04693	0.02002	0.01328	0.01937	0.01152	0.01820	0.01108	0.01604	0.06658	0.00392	0.57691	0.00702	0.00359	0.00871
24	0.01867	0.01717	0.05086	0.02191	0.13427	0.01725	0.04502	0.10246	0.26502	0.03168	0.10334	0.06576	0.04766	0.01162	0.00844	0.00262	0.00729	0.03075	0.00692	0.01128
25	0.01153	0.00769	0.00865	0.00865	0.00865	0.00769	0.00480	0.01153	0.01153	0.01538	0.02499	0.05189	0.02883	0.72131	0.04036	0.00769	0.00769	0.01153	0.00480	0.00480
26	0.02817	0.02097	0.02253	0.01769	0.02357	0.02323	0.01445	0.55913	0.09176	0.04696	0.02148	0.05537	0.01642	0.01041	0.00806	0.00245	0.00830	0.00808	0.00792	0.01304
27	0.02285	0.06995	0.01911	0.01590	0.01914	0.33656	0.01210	0.06317	0.03891	0.02297	0.01855	0.06633	0.01696	0.07657	0.01099	0.00270	0.04168	0.00747	0.12938	0.00871
28	0.01721	0.01535	0.02080	0.01490	0.02205	0.01232	0.09544	0.04145	0.01744	0.02658	0.01452	0.01720	0.01184	0.00610	0.00641	0.00142	0.00698	0.00541	0.00471	0.64186
29	0.01590	0.04102	0.68023	0.02260	0.03432	0.01842	0.02930	0.02511	0.01674	0.02511	0.01423	0.01674	0.01005	0.00753	0.00753	0.00251	0.01172	0.00586	0.00335	0.01172
30	0.06545	0.01555	0.02544	0.46831	0.23092	0.01798	0.02183	0.02164	0.01634	0.02288	0.01414	0.02017	0.01102	0.00764	0.00771	0.00255	0.00995	0.00688	0.00373	0.00988
31	0.01122	0.00811	0.01060	0.00998	0.01185	0.00748	0.00748	0.01496	0.02245	0.03180	0.66766	0.05923	0.07482	0.01621	0.00935	0.00249	0.00374	0.01434	0.00873	0.00748
32	0.02911	0.03186	0.02257	0.01933	0.02425	0.45317	0.01495	0.21739	0.02666	0.02901	0.01441	0.01585	0.01129	0.00846	0.00732	0.00210	0.01218	0.00570	0.00528	0.04910
33	0.01651	0.09395	0.58880	0.02259	0.03368	0.01955	0.06769	0.02502	0.01682	0.02462	0.01409	0.01672	0.01018	0.00742	0.00746	0.00246	0.01157	0.00596	0.00339	0.01153
34	0.01900	0.01820	0.03106	0.13633	0.58907	0.01868	0.02403	0.02379	0.01776	0.02515	0.01481	0.01983	0.01229	0.00718	0.00786	0.00239	0.00957	0.00706	0.00387	0.01206
35	0.01153	0.00769	0.00865	0.00865	0.00865	0.00769	0.00480	0.01153	0.01153	0.01538	0.02499	0.05189	0.02883	0.72131	0.04036	0.00769	0.00769	0.01153	0.00480	0.00480
36	0.01590	0.04102	0.68023	0.02260	0.03432	0.01842	0.02930	0.02511	0.01674	0.02511	0.01423	0.01674	0.01005	0.00753	0.00753	0.00251	0.01172	0.00586	0.00335	0.01172
37	0.05102	0.01959	0.01983	0.01681	0.02191	0.05082	0.01336	0.23949	0.40209	0.03818	0.02627	0.02484	0.01950	0.01011	0.00787	0.00255	0.00743	0.00803	0.00773	0.01257
38	0.77733	0.01534	0.01166	0.01043	0.01534	0.01779	0.00859	0.02331	0.01350	0.03558	0.01104	0.01288	0.00859	0.00736	0.00491	0.00245	0.00613	0.00429	0.00491	0.00859
39	0.01972	0.01703	0.01793	0.01614	0.02062	0.01972	0.01255	0.04214	0.65752	0.03317	0.03228	0.02959	0.02421	0.01076	0.00807	0.00269	0.00628	0.00897	0.00807	0.01255
40	0.01478	0.00739	0.00739	0.00739	0.00924	0.00739	0.00554	0.01848	0.01663	0.02956	0.02587	0.02956	0.02033	0.00924	0.00554	0.00185	0.00370	0.00739	0.76534	0.00739

[dist]
# distance from previous block
# <min> <max>
0	1

[block]
# block no. 5 follows, 24 sequences, length 132
# corresponding to MSA columns:
# 291-422
name=unknown_F
#
# <colnr> <probs for GDERKNQSTAVLIFYWHMCP>
#	G	D	E	R	K	N	Q	S	T	A	V	L	I	F	Y	W	H	M	C	P
0	0.01963	0.01884	0.03219	0.04867	0.67185	0.01884	0.02434	0.02434	0.01806	0.02591	0.01492	0.01963	0.01256	0.00707	0.00785	0.00236	0.00942	0.00707	0.00393	0.01256
1	0.01362	0.01020	0.01396	0.01597	0.04440	0.01042	0.01299	0.01901	0.07607	0.02506	0.06993	0.07964	0.04370	0.02000	0.01048	0.00345	0.00713	0.50865	0.00730	0.00801
2	0.01590	0.04102	0.68023	0.02260	0.03432	0.01842	0.02930	0.02511	0.01674	0.02511	0.01423	0.01674	0.01005	0.00753	0.00753	0.00251	0.01172	0.00586	0.00335	0.01172
3	0.01799	0.01734	0.03002	0.27135	0.43044	0.01848	0.05340	0.02299	0.01734	0.02395	0.01469	0.02023	0.01186	0.00734	0.00795	0.00247	0.01000	0.00717	0.00379	0.01119
4	0.01100	0.00810	0.01029	0.00974	0.01171	0.00739	0.00731	0.01453	0.02192	0.03055	0.59703	0.06129	0.14623	0.01668	0.00936	0.00252	0.00377	0.01463	0.00857	0.00739
5	0.01829	0.25433	0.02047	0.01043	0.01435	0.01706	0.00910	0.07388	0.01822	0.02758	0.02021	0.02291	0.01627	0.00842	0.00559	0.00184	0.00576	0.00629	0.44012	0.00886
6	0.02120	0.72609	0.04155	0.01357	0.02035	0.03138	0.01357	0.02374	0.01611	0.01866	0.01102	0.01272	0.01018	0.00678	0.00509	0.00170	0.00848	0.00424	0.00339	0.01018
7	0.05982	0.03563	0.02214	0.01985	0.02415	0.60857	0.01503	0.08101	0.02331	0.02253	0.01276	0.01463	0.01041	0.00825	0.00712	0.00209	0.01352	0.00524	0.00443	0.00952
8	0.02020	0.01727	0.01820	0.01623	0.02080	0.01995	0.01267	0.06982	0.62906	0.03394	0.03167	0.02910	0.02371	0.01070	0.00806	0.00268	0.00639	0.00888	0.00806	0.01259
9	0.01122	0.00811	0.01060	0.00998	0.01185	0.00748	0.00748	0.01496	0.02245	0.03180	0.66766	0.05923	0.07482	0.01621	0.00935	0.00249	0.00374	0.01434	0.00873	0.00748
10	0.00937	0.00803	0.00803	0.00803	0.01071	0.00669	0.00602	0.01138	0.01807	0.02142	0.08033	0.07632	0.66863	0.02008	0.00937	0.00268	0.00402	0.01674	0.00736	0.00669
11	0.01498	0.01409	0.02378	0.70226	0.05462	0.01762	0.02202	0.02026	0.01586	0.02026	0.01409	0.02114	0.01057	0.00793	0.00793	0.00264	0.01057	0.00705	0.00352	0.00881
12	0.03558	0.01350	0.01840	0.01411	0.02024	0.01166	0.01166	0.03865	0.02270	0.67734	0.03128	0.02699	0.01963	0.00981	0.00797	0.00245	0.00675	0.00797	0.00981	0.01350
13	0.01498	0.01409	0.02378	0.70226	0.05462	0.01762	0.02202	0.02026	0.01586	0.02026	0.01409	0.02114	0.01057	0.00793	0.00793	0.00264	0.01057	0.00705	0.00352	0.00881
14	0.77733	0.01534	0.01166	0.01043	0.01534	0.01779	0.00859	0.02331	0.01350	0.03558	0.01104	0.01288	0.00859	0.00736	0.00491	0.00245	0.00613	0.00429	0.00491	0.00859
15	0.00966	0.00690	0.00920	0.01104	0.01150	0.00644	0.00736	0.01104	0.01518	0.02024	0.04371	0.71614	0.05245	0.02484	0.01012	0.00322	0.00460	0.02254	0.00736	0.00644
16	0.01644	0.01409	0.01644	0.01175	0.01879	0.01057	0.00940	0.01997	0.01644	0.02584	0.01409	0.01644	0.01175	0.00587	0.00587	0.00117	0.00587	0.00470	0.00470	0.76979
17	0.01377	0.00689	0.01033	0.01033	0.01033	0.00689	0.00689	0.01033	0.01033	0.01377	0.01377	0.02410	0.01377	0.02755	0.03099	0.76928	0.00689	0.00689	0.00344	0.00344
18	0.01872	0.02139	0.04679	0.03342	0.04144	0.02005	0.64305	0.02540	0.01872	0.02540	0.01604	0.02139	0.01203	0.00668	0.00936	0.00267	0.01337	0.00936	0.00401	0.01070
19	0.03014	0.02221	0.02380	0.01825	0.02459	0.02459	0.01507	0.64541	0.03728	0.04998	0.01904	0.01904	0.01349	0.00952	0.00793	0.00238	0.00873	0.00714	0.00793	0.01349
20	0.03014	0.02221	0.02380	0.01825	0.02459	0.02459	0.01507	0.64541	0.03728	0.04998	0.01904	0.01904	0.01349	0.00952	0.00793	0.00238	0.00873	0.00714	0.00793	0.01349
21	0.02120	0.72609	0.04155	0.01357	0.02035	0.03138	0.01357	0.02374	0.01611	0.01866	0.01102	0.01272	0.01018	0.00678	0.00509	0.00170	0.00848	0.00424	0.00339	0.01018
22	0.01872	0.02139	0.04679	0.03342	0.04144	0.02005	0.64305	0.02540	0.01872	0.02540	0.01604	0.02139	0.01203	0.00668	0.00936	0.00267	0.01337	0.00936	0.00401	0.01070
23	0.02120	0.72609	0.04155	0.01357	0.02035	0.03138	0.01357	0.02374	0.01611	0.01866	0.01102	0.01272	0.01018	0.00678	0.00509	0.00170	0.00848	0.00424	0.00339	0.01018
24	0.00959	0.00804	0.00834	0.00827	0.01085	0.00679	0.00620	0.01181	0.01860	0.02267	0.15097	0.07426	0.59722	0.01962	0.00937	0.00266	0.00398	0.01645	0.00753	0.00679
25	0.03558	0.01350	0.01840	0.01411	0.02024	0.01166	0.01166	0.03865	0.02270	0.67734	0.03128	0.02699	0.01963	0.00981	0.00797	0.00245	0.00675	0.00797	0.00981	0.01350
26	0.01498	0.01409	0.02378	0.70226	0.05462	0.01762	0.02202	0.02026	0.01586	0.02026	0.01409	0.02114	0.01057	0.00793	0.00793	0.00264	0.01057	0.00705	0.00352	0.00881
27	0.01153	0.00769	0.00865	0.00865	0.00865	0.00769	0.00480	0.01153	0.01153	0.01538	0.02499	0.05189	0.02883	0.72131	0.04036	0.00769	0.00769	0.01153	0.00480	0.00480
28	0.01153	0.00769	0.00865	0.00865	0.00865	0.00769	0.00480	0.01153	0.01153	0.01538	0.02499	0.05189	0.02883	0.72131	0.04036	0.00769	0.00769	0.01153	0.00480	0.00480
29	0.01597	0.01480	0.02443	0.62358	0.10060	0.01800	0.02191	0.04676	0.01692	0.02194	0.01436	0.02094	0.01085	0.00793	0.00792	0.00261	0.01041	0.00705	0.00374	0.00929
30	0.77733	0.01534	0.01166	0.01043	0.01534	0.01779	0.00859	0.02331	0.01350	0.03558	0.01104	0.01288	0.00859	0.00736	0.00491	0.00245	0.00613	0.00429	0.00491	0.00859
31	0.00966	0.00690	0.00920	0.01104	0.01150	0.00644	0.00736	0.01104	0.01518	0.02024	0.04371	0.71614	0.05245	0.02484	0.01012	0.00322	0.00460	0.02254	0.00736	0.00644
32	0.02965	0.03703	0.02254	0.02032	0.02452	0.65688	0.01531	0.06175	0.02320	0.02091	0.01259	0.01453	0.01037	0.00824	0.00719	0.00206	0.01403	0.00521	0.00427	0.00940
33	0.00937	0.00803	0.00803	0.00803	0.01071	0.00669	0.00602	0.01138	0.01807	0.02142	0.08033	0.07632	0.66863	0.02008	0.00937	0.00268	0.00402	0.01674	0.00736	0.00669
