[name]
unknown

[dist]
# distance from previous block
# <min> <max>
29	82

[block]
# block no. 0 follows, 21 sequences, length 10
# corresponding to MSA columns:
# 100-109
name=unknown_A
#
# <colnr> <probs for GDERKNQSTAVLIFYWHMCP>
#	G	D	E	R	K	N	Q	S	T	A	V	L	I	F	Y	W	H	M	C	P
0	0.10855	0.01786	0.02145	0.11640	0.02708	0.07059	0.06001	0.11600	0.02184	0.12300	0.04599	0.05360	0.01984	0.06509	0.01204	0.00313	0.04740	0.00879	0.05080	0.01053
1	0.01904	0.10294	0.01801	0.01246	0.01652	0.04017	0.01007	0.02256	0.02246	0.13613	0.34751	0.04670	0.08780	0.01394	0.00880	0.00244	0.00590	0.01175	0.00818	0.06662
2	0.01706	0.01424	0.02506	0.06323	0.02603	0.01444	0.19094	0.02049	0.01697	0.07453	0.02687	0.18205	0.02715	0.15113	0.05511	0.00471	0.06215	0.01316	0.00574	0.00894
3	0.01548	0.01467	0.01950	0.04394	0.02156	0.05401	0.09489	0.02128	0.09854	0.02541	0.09179	0.21487	0.15449	0.01735	0.01144	0.00304	0.06673	0.01509	0.00687	0.00904
4	0.01897	0.01843	0.03549	0.08878	0.03616	0.01819	0.34560	0.07512	0.02052	0.02748	0.02239	0.06961	0.02018	0.01264	0.01196	0.06514	0.01168	0.08626	0.00523	0.01018
5	0.01967	0.01849	0.03347	0.29911	0.12601	0.01975	0.20668	0.02732	0.07631	0.06040	0.01874	0.02375	0.01402	0.00837	0.00899	0.00280	0.01146	0.00858	0.00483	0.01126
6	0.01836	0.01759	0.03099	0.22541	0.03954	0.01839	0.22880	0.06433	0.05991	0.02750	0.06666	0.02902	0.02012	0.06954	0.01213	0.00322	0.01092	0.00949	0.00521	0.04285
7	0.05965	0.01563	0.02027	0.32453	0.03628	0.07004	0.01693	0.02164	0.01683	0.04644	0.01943	0.06797	0.01724	0.06192	0.06974	0.00413	0.06283	0.00879	0.05073	0.00894
8	0.07613	0.01628	0.01962	0.22346	0.05605	0.05870	0.01560	0.02593	0.14478	0.02655	0.02659	0.08620	0.05914	0.01473	0.04918	0.00337	0.00950	0.00962	0.00574	0.07282
9	0.01909	0.04445	0.01864	0.10705	0.02280	0.01665	0.01260	0.17417	0.02207	0.03039	0.06130	0.07633	0.02510	0.16078	0.05903	0.00456	0.04885	0.01017	0.07658	0.00939

[dist]
# distance from previous block
# <min> <max>
2	6

[block]
# block no. 1 follows, 21 sequences, length 13
# corresponding to MSA columns:
# 116-128
name=unknown_B
#
# <colnr> <probs for GDERKNQSTAVLIFYWHMCP>
#	G	D	E	R	K	N	Q	S	T	A	V	L	I	F	Y	W	H	M	C	P
0	0.05757	0.03119	0.01463	0.05376	0.01745	0.01180	0.00975	0.06420	0.02001	0.09062	0.16749	0.11744	0.09612	0.12347	0.01591	0.05031	0.00657	0.01266	0.00723	0.03184
1	0.05444	0.01554	0.01789	0.05752	0.02117	0.03918	0.01212	0.11397	0.07920	0.15014	0.02697	0.06376	0.04380	0.12785	0.01692	0.05036	0.04775	0.00962	0.00697	0.04484
2	0.08998	0.01878	0.02237	0.08921	0.06507	0.05914	0.05373	0.21148	0.02414	0.03407	0.01916	0.02533	0.01593	0.08716	0.07440	0.00416	0.01082	0.00792	0.04184	0.04530
3	0.07850	0.10537	0.06372	0.10797	0.26905	0.06391	0.02041	0.09819	0.02086	0.02899	0.01599	0.02109	0.01337	0.04641	0.00970	0.00279	0.01014	0.00705	0.00473	0.01175
4	0.07081	0.04204	0.01967	0.01759	0.05382	0.11670	0.01291	0.09405	0.02028	0.11369	0.02103	0.02801	0.01801	0.12120	0.12833	0.00531	0.06109	0.00808	0.03736	0.01003
5	0.13222	0.01743	0.02150	0.14123	0.05461	0.05588	0.05727	0.10142	0.06033	0.03038	0.05709	0.02620	0.01895	0.05260	0.06496	0.02731	0.01034	0.00803	0.00560	0.05664
6	0.07292	0.01699	0.02177	0.15141	0.06834	0.01775	0.01569	0.16160	0.05365	0.17348	0.02333	0.06695	0.01802	0.01035	0.00823	0.00257	0.00840	0.00854	0.00713	0.09289
7	0.01882	0.01723	0.02725	0.20450	0.29412	0.01922	0.02127	0.05491	0.01901	0.02648	0.06397	0.02666	0.01893	0.05488	0.01323	0.00314	0.09214	0.00847	0.00473	0.01102
8	0.02756	0.01973	0.02296	0.06198	0.06225	0.02118	0.01540	0.37472	0.05386	0.09050	0.02296	0.05951	0.01780	0.01068	0.00836	0.00253	0.00851	0.00857	0.05398	0.05696
9	0.06433	0.01450	0.02164	0.34331	0.09968	0.01625	0.01805	0.04933	0.01837	0.02589	0.05652	0.11011	0.02162	0.01188	0.00938	0.02905	0.00904	0.00977	0.00510	0.06616
10	0.01166	0.00888	0.01041	0.01081	0.01247	0.00842	0.00756	0.01523	0.06299	0.02464	0.16363	0.27599	0.21486	0.11522	0.01480	0.00377	0.00518	0.01819	0.00785	0.00743
11	0.01478	0.00739	0.01109	0.01109	0.01109	0.00739	0.00739	0.01109	0.01109	0.01478	0.01478	0.02587	0.01478	0.02956	0.03326	0.75240	0.00739	0.00739	0.00370	0.00370
12	0.01169	0.00896	0.01085	0.01134	0.01330	0.00840	0.00843	0.01559	0.05571	0.02655	0.21529	0.25955	0.22384	0.02159	0.01038	0.00310	0.00491	0.07446	0.00833	0.00776

[dist]
# distance from previous block
# <min> <max>
2	7

[block]
# block no. 2 follows, 21 sequences, length 14
# corresponding to MSA columns:
# 136-149
name=unknown_C
#
# <colnr> <probs for GDERKNQSTAVLIFYWHMCP>
#	G	D	E	R	K	N	Q	S	T	A	V	L	I	F	Y	W	H	M	C	P
0	0.01313	0.00868	0.01098	0.01098	0.01286	0.00789	0.00791	0.01579	0.02030	0.07211	0.29546	0.25836	0.14915	0.06189	0.01221	0.00328	0.00483	0.01781	0.00853	0.00785
1	0.76103	0.01646	0.01251	0.01119	0.01646	0.01909	0.00922	0.02502	0.01448	0.03818	0.01185	0.01382	0.00922	0.00790	0.00527	0.00263	0.00658	0.00461	0.00527	0.00922
2	0.13516	0.01285	0.01537	0.01301	0.01747	0.01247	0.01036	0.02945	0.07258	0.27039	0.26689	0.04034	0.04266	0.01288	0.00865	0.00267	0.00585	0.01070	0.00914	0.01111
3	0.65252	0.01616	0.01359	0.01178	0.01725	0.01810	0.00971	0.02749	0.01597	0.13059	0.01511	0.01610	0.01100	0.00829	0.00576	0.00263	0.00668	0.00520	0.00606	0.01001
4	0.01502	0.01121	0.01273	0.01186	0.01446	0.01105	0.00876	0.12705	0.02283	0.03015	0.18078	0.18528	0.21206	0.10104	0.01391	0.00353	0.00579	0.01603	0.00801	0.00844
5	0.02157	0.01176	0.01498	0.01337	0.01698	0.01123	0.01027	0.02786	0.11396	0.23311	0.23562	0.17288	0.04814	0.01613	0.00951	0.00285	0.00565	0.01405	0.00935	0.01072
6	0.01095	0.00775	0.01003	0.01127	0.01195	0.00730	0.00751	0.01263	0.01700	0.02300	0.14276	0.49461	0.05646	0.12634	0.01560	0.00405	0.00528	0.02096	0.00773	0.00683
7	0.03300	0.01323	0.01798	0.01442	0.01996	0.01153	0.01164	0.03615	0.02344	0.53389	0.08386	0.10581	0.02972	0.01288	0.00893	0.00273	0.00673	0.01084	0.01015	0.01312
8	0.01143	0.00817	0.01064	0.01103	0.01230	0.00762	0.00775	0.01417	0.02019	0.02801	0.36752	0.30284	0.06723	0.07562	0.01301	0.00342	0.00470	0.01849	0.00847	0.00738
9	0.56958	0.01515	0.01344	0.01177	0.01665	0.01680	0.00951	0.02594	0.01559	0.12799	0.01544	0.01744	0.01161	0.01070	0.00887	0.08597	0.00677	0.00551	0.00588	0.00939
10	0.01034	0.00750	0.00978	0.01160	0.01228	0.00693	0.00779	0.01188	0.01653	0.02182	0.04992	0.64834	0.10136	0.02627	0.01080	0.00341	0.00489	0.02372	0.00790	0.00693
11	0.02123	0.02256	0.05987	0.11756	0.47754	0.07661	0.04908	0.02640	0.01950	0.02646	0.01568	0.02069	0.01288	0.00779	0.00842	0.00255	0.01098	0.00744	0.00416	0.01260
12	0.01947	0.07007	0.02094	0.01671	0.02026	0.11309	0.04224	0.11028	0.01995	0.02589	0.02009	0.02668	0.01753	0.03821	0.35947	0.00837	0.01742	0.00800	0.03587	0.00943
13	0.02068	0.09512	0.03010	0.24956	0.03757	0.02407	0.07538	0.12433	0.02015	0.02716	0.01476	0.02019	0.01193	0.01032	0.01374	0.00293	0.19936	0.00744	0.00461	0.01062

[dist]
# distance from previous block
# <min> <max>
9	19

[block]
# block no. 3 follows, 21 sequences, length 19
# corresponding to MSA columns:
# 171-189
name=unknown_D
#
# <colnr> <probs for GDERKNQSTAVLIFYWHMCP>
#	G	D	E	R	K	N	Q	S	T	A	V	L	I	F	Y	W	H	M	C	P
0	0.02665	0.02002	0.05117	0.01645	0.02195	0.09494	0.01361	0.08419	0.19432	0.22142	0.06630	0.03448	0.09257	0.01203	0.00869	0.00268	0.00804	0.00969	0.00839	0.01240
1	0.12909	0.18734	0.02573	0.06661	0.02369	0.05523	0.01408	0.13645	0.02176	0.09001	0.01919	0.06904	0.01628	0.01056	0.00882	0.00252	0.06126	0.00765	0.04373	0.01094
2	0.14716	0.01680	0.02449	0.29153	0.11968	0.01882	0.05005	0.02409	0.04383	0.02699	0.01539	0.02044	0.01213	0.00845	0.00894	0.00262	0.05136	0.00694	0.00450	0.10579
3	0.01218	0.00901	0.01312	0.01312	0.01445	0.01034	0.00994	0.01484	0.01351	0.01934	0.02330	0.03625	0.02250	0.14446	0.58824	0.01299	0.02095	0.00953	0.00463	0.00729
4	0.12635	0.05059	0.07294	0.24582	0.08752	0.02111	0.01927	0.13771	0.07565	0.05702	0.01804	0.02116	0.01341	0.00892	0.00789	0.00267	0.00963	0.00715	0.00559	0.01155
5	0.14205	0.16610	0.07287	0.01566	0.02260	0.02040	0.01431	0.09555	0.04662	0.28910	0.02288	0.02176	0.01581	0.00926	0.00736	0.00247	0.00815	0.00687	0.00744	0.01273
6	0.03818	0.01448	0.01975	0.01514	0.02172	0.01251	0.01251	0.04147	0.02436	0.65373	0.03357	0.02897	0.02107	0.01053	0.00856	0.00263	0.00724	0.00856	0.01053	0.01448
7	0.01087	0.00899	0.01021	0.04478	0.01430	0.00802	0.00777	0.01368	0.02044	0.02571	0.22171	0.07418	0.46980	0.01982	0.00997	0.00282	0.00461	0.01677	0.00805	0.00752
8	0.02136	0.05899	0.24010	0.03472	0.28148	0.04869	0.04853	0.02754	0.01903	0.07281	0.01650	0.01997	0.01276	0.00844	0.00943	0.00263	0.05284	0.00709	0.00443	0.01265
9	0.01764	0.01318	0.01836	0.04999	0.05227	0.01310	0.05622	0.06836	0.08011	0.08398	0.31997	0.04918	0.11339	0.01448	0.00951	0.00272	0.00642	0.01279	0.00826	0.01007
10	0.03235	0.02384	0.02554	0.01958	0.02639	0.02639	0.01618	0.61946	0.04001	0.05363	0.02043	0.02043	0.01447	0.01022	0.00851	0.00255	0.00936	0.00766	0.00851	0.01447
11	0.01607	0.01513	0.02552	0.68047	0.05861	0.01891	0.02363	0.02174	0.01702	0.02174	0.01513	0.02269	0.01134	0.00851	0.00851	0.00284	0.01134	0.00756	0.00378	0.00945
12	0.02062	0.51711	0.16707	0.01609	0.02411	0.02880	0.01739	0.02476	0.01759	0.02167	0.01824	0.01977	0.05950	0.00854	0.00635	0.00208	0.00944	0.00593	0.00396	0.01097
13	0.01037	0.00741	0.00987	0.01185	0.01234	0.00691	0.00790	0.01185	0.01629	0.02172	0.04690	0.69537	0.05629	0.02666	0.01086	0.00346	0.00494	0.02419	0.00790	0.00691
14	0.01106	0.00794	0.01050	0.01137	0.01250	0.00738	0.00795	0.01360	0.01953	0.02687	0.29459	0.43300	0.06626	0.02281	0.01052	0.00313	0.00455	0.02054	0.00851	0.00738
15	0.01809	0.03338	0.37123	0.07667	0.04015	0.02065	0.22509	0.02629	0.01831	0.02629	0.01567	0.02002	0.01155	0.00821	0.00993	0.00282	0.05231	0.00770	0.00385	0.01179
16	0.01607	0.01513	0.02552	0.68047	0.05861	0.01891	0.02363	0.02174	0.01702	0.02174	0.01513	0.02269	0.01134	0.00851	0.00851	0.00284	0.01134	0.00756	0.00378	0.00945
17	0.01030	0.00863	0.00895	0.00887	0.01164	0.00729	0.00665	0.01268	0.01996	0.02433	0.15317	0.07970	0.57659	0.02105	0.01006	0.00285	0.00427	0.01765	0.00808	0.00729
18	0.02093	0.02058	0.03661	0.05007	0.56816	0.02039	0.10414	0.02627	0.01947	0.02773	0.01617	0.02131	0.01340	0.00753	0.00864	0.00257	0.01067	0.00791	0.00422	0.01322

[dist]
# distance from previous block
# <min> <max>
0	4

[block]
# block no. 4 follows, 21 sequences, length 129
# corresponding to MSA columns:
# 194-322
name=unknown_E
#
# <colnr> <probs for GDERKNQSTAVLIFYWHMCP>
#	G	D	E	R	K	N	Q	S	T	A	V	L	I	F	Y	W	H	M	C	P
0	0.02601	0.32782	0.03044	0.01516	0.02149	0.02398	0.01344	0.03405	0.16871	0.19324	0.02599	0.02472	0.04123	0.00973	0.00724	0.00234	0.00785	0.00736	0.00686	0.01235
1	0.01707	0.04402	0.65683	0.02426	0.03683	0.01976	0.03144	0.02695	0.01797	0.02695	0.01527	0.01797	0.01078	0.00809	0.00809	0.00270	0.01258	0.00629	0.00359	0.01258
2	0.01347	0.00894	0.01152	0.01074	0.01270	0.00830	0.00785	0.01687	0.02243	0.06420	0.52302	0.06062	0.07012	0.11487	0.01472	0.00347	0.00479	0.01460	0.00883	0.00796
3	0.72965	0.01637	0.01282	0.01136	0.01669	0.01881	0.00936	0.02573	0.01491	0.06491	0.01279	0.01448	0.00973	0.00801	0.00541	0.00263	0.00661	0.00478	0.00550	0.00944
4	0.03818	0.01448	0.01975	0.01514	0.02172	0.01251	0.01251	0.04147	0.02436	0.65373	0.03357	0.02897	0.02107	0.01053	0.00856	0.00263	0.00724	0.00856	0.01053	0.01448
5	0.01765	0.01513	0.01765	0.01260	0.02017	0.01134	0.01008	0.02143	0.01765	0.02773	0.01513	0.01765	0.01260	0.00630	0.00630	0.00126	0.00630	0.00504	0.00504	0.75295
6	0.76103	0.01646	0.01251	0.01119	0.01646	0.01909	0.00922	0.02502	0.01448	0.03818	0.01185	0.01382	0.00922	0.00790	0.00527	0.00263	0.00658	0.00461	0.00527	0.00922
7	0.01096	0.00811	0.01032	0.01146	0.01281	0.00746	0.00827	0.01328	0.01860	0.02458	0.16147	0.40904	0.16511	0.02375	0.01066	0.00326	0.00496	0.08047	0.00816	0.00726
8	0.01195	0.00870	0.01125	0.01061	0.01266	0.00799	0.00796	0.01588	0.02387	0.03362	0.61779	0.06441	0.10617	0.01759	0.01004	0.00269	0.00403	0.01551	0.00930	0.00799
9	0.01177	0.00869	0.01099	0.01041	0.01254	0.00791	0.00781	0.01552	0.02343	0.03256	0.56520	0.06614	0.15942	0.01798	0.01004	0.00270	0.00406	0.01575	0.00916	0.00791
10	0.76103	0.01646	0.01251	0.01119	0.01646	0.01909	0.00922	0.02502	0.01448	0.03818	0.01185	0.01382	0.00922	0.00790	0.00527	0.00263	0.00658	0.00461	0.00527	0.00922
11	0.01204	0.00870	0.01138	0.01071	0.01271	0.00803	0.00803	0.01606	0.02409	0.03413	0.64335	0.06357	0.08030	0.01740	0.01004	0.00268	0.00401	0.01539	0.00937	0.00803
12	0.03284	0.02306	0.02506	0.01921	0.02600	0.02523	0.01587	0.57118	0.03870	0.10376	0.02153	0.02114	0.01502	0.01024	0.00852	0.00256	0.00919	0.00774	0.00868	0.01447
13	0.01204	0.00870	0.01138	0.01071	0.01271	0.00803	0.00803	0.01606	0.02409	0.03413	0.64335	0.06357	0.08030	0.01740	0.01004	0.00268	0.00401	0.01539	0.00937	0.00803
14	0.02322	0.67174	0.04354	0.01494	0.02207	0.06631	0.01466	0.02592	0.01764	0.02006	0.01190	0.01374	0.01092	0.00736	0.00557	0.00184	0.00942	0.00460	0.00368	0.01087
15	0.76103	0.01646	0.01251	0.01119	0.01646	0.01909	0.00922	0.02502	0.01448	0.03818	0.01185	0.01382	0.00922	0.00790	0.00527	0.00263	0.00658	0.00461	0.00527	0.00922
16	0.02086	0.01462	0.01792	0.04918	0.02071	0.01571	0.01241	0.14019	0.10708	0.10718	0.29385	0.04166	0.04499	0.01381	0.01061	0.00276	0.05566	0.01137	0.00854	0.01090
17	0.02006	0.02005	0.03557	0.05896	0.05798	0.02039	0.30439	0.06974	0.08243	0.02885	0.01960	0.05403	0.01611	0.00956	0.01121	0.00278	0.08336	0.00947	0.00521	0.09026
18	0.01181	0.00869	0.01105	0.01046	0.01257	0.00793	0.00784	0.01560	0.02353	0.03280	0.57679	0.06576	0.14769	0.01789	0.01004	0.00270	0.00405	0.01570	0.00919	0.00793
19	0.01478	0.00739	0.01109	0.01109	0.01109	0.00739	0.00739	0.01109	0.01109	0.01478	0.01478	0.02587	0.01478	0.02956	0.03326	0.75240	0.00739	0.00739	0.00370	0.00370
20	0.02207	0.01310	0.01391	0.01185	0.01555	0.01377	0.00940	0.20244	0.02491	0.07236	0.02586	0.02816	0.01955	0.01004	0.00687	0.00219	0.00578	0.00788	0.48404	0.01027
21	0.01707	0.04402	0.65683	0.02426	0.03683	0.01976	0.03144	0.02695	0.01797	0.02695	0.01527	0.01797	0.01078	0.00809	0.00809	0.00270	0.01258	0.00629	0.00359	0.01258
22	0.76103	0.01646	0.01251	0.01119	0.01646	0.01909	0.00922	0.02502	0.01448	0.03818	0.01185	0.01382	0.00922	0.00790	0.00527	0.00263	0.00658	0.00461	0.00527	0.00922
23	0.01096	0.00824	0.01000	0.01104	0.01252	0.00754	0.00797	0.01298	0.01778	0.02282	0.08882	0.33615	0.24117	0.08111	0.01342	0.00369	0.00534	0.09368	0.00774	0.00703
24	0.76103	0.01646	0.01251	0.01119	0.01646	0.01909	0.00922	0.02502	0.01448	0.03818	0.01185	0.01382	0.00922	0.00790	0.00527	0.00263	0.00658	0.00461	0.00527	0.00922
25	0.01218	0.00904	0.01326	0.01326	0.01464	0.01041	0.01012	0.01493	0.01355	0.01945	0.02317	0.03552	0.02218	0.12364	0.60863	0.01317	0.02143	0.00942	0.00462	0.00737
26	0.09039	0.01512	0.01953	0.01509	0.02159	0.01372	0.01246	0.07068	0.02446	0.57744	0.03130	0.02742	0.01986	0.01032	0.00832	0.00263	0.00731	0.00822	0.01004	0.01410
27	0.02275	0.70604	0.04459	0.01456	0.02184	0.03367	0.01456	0.02548	0.01729	0.02002	0.01183	0.01365	0.01092	0.00728	0.00546	0.00182	0.00910	0.00455	0.00364	0.01092
28	0.01051	0.00751	0.01004	0.01202	0.01257	0.00704	0.00815	0.01210	0.01644	0.02189	0.04682	0.66934	0.05597	0.02652	0.01090	0.00348	0.00506	0.04878	0.00790	0.00695
29	0.01707	0.04402	0.65683	0.02426	0.03683	0.01976	0.03144	0.02695	0.01797	0.02695	0.01527	0.01797	0.01078	0.00809	0.00809	0.00270	0.01258	0.00629	0.00359	0.01258
30	0.03179	0.04056	0.02412	0.02192	0.02631	0.66676	0.01644	0.03398	0.02412	0.02083	0.01315	0.01535	0.01096	0.00877	0.00767	0.00219	0.01535	0.00548	0.00438	0.00987
31	0.01607	0.01513	0.02552	0.68047	0.05861	0.01891	0.02363	0.02174	0.01702	0.02174	0.01513	0.02269	0.01134	0.00851	0.00851	0.00284	0.01134	0.00756	0.00378	0.00945
32	0.01184	0.00869	0.01110	0.01049	0.01259	0.00794	0.00787	0.01567	0.02361	0.03299	0.58665	0.06543	0.13770	0.01782	0.01004	0.00270	0.00404	0.01565	0.00922	0.00794
33	0.01945	0.01507	0.01783	0.01283	0.02030	0.01145	0.01030	0.02319	0.01823	0.08260	0.01674	0.01864	0.01335	0.00667	0.00650	0.00138	0.00638	0.00535	0.00552	0.68821
34	0.01586	0.00793	0.00793	0.00793	0.00991	0.00793	0.00595	0.01983	0.01785	0.03173	0.02776	0.03173	0.02181	0.00991	0.00595	0.00198	0.00397	0.00793	0.74817	0.00793
35	0.29364	0.01763	0.01838	0.10665	0.02554	0.02028	0.01357	0.09951	0.22515	0.06601	0.02194	0.02252	0.01628	0.00959	0.00737	0.00274	0.00764	0.00723	0.00682	0.01152
36	0.01976	0.01554	0.01820	0.01314	0.02060	0.01221	0.01056	0.05424	0.01926	0.06992	0.01661	0.01853	0.01325	0.00678	0.00657	0.00142	0.00652	0.00541	0.00558	0.66588
37	0.01873	0.23755	0.47785	0.02142	0.03245	0.02383	0.02651	0.02652	0.01777	0.02493	0.01427	0.01671	0.01082	0.00785	0.00732	0.00244	0.01156	0.00578	0.00361	0.01209
38	0.02190	0.01864	0.01965	0.01747	0.02241	0.02151	0.01365	0.08267	0.59383	0.03678	0.03371	0.03101	0.02523	0.01146	0.00865	0.00286	0.00691	0.00949	0.00865	0.01354
39	0.01194	0.00869	0.01123	0.01060	0.01265	0.00799	0.00795	0.01586	0.02384	0.03354	0.61399	0.06453	0.11002	0.01762	0.01004	0.00269	0.00403	0.01553	0.00929	0.00799
40	0.01343	0.00959	0.01339	0.01535	0.01718	0.00955	0.01322	0.01714	0.01931	0.02515	0.04522	0.14711	0.04960	0.02378	0.01168	0.00388	0.00759	0.54226	0.00784	0.00776
41	0.01607	0.01513	0.02552	0.68047	0.05861	0.01891	0.02363	0.02174	0.01702	0.02174	0.01513	0.02269	0.01134	0.00851	0.00851	0.00284	0.01134	0.00756	0.00378	0.00945
42	0.01006	0.00862	0.00862	0.00862	0.01149	0.00718	0.00647	0.01221	0.01940	0.02299	0.08621	0.08190	0.64438	0.02155	0.01006	0.00287	0.00431	0.01796	0.00790	0.00718
43	0.03818	0.01448	0.01975	0.01514	0.02172	0.01251	0.01251	0.04147	0.02436	0.65373	0.03357	0.02897	0.02107	0.01053	0.00856	0.00263	0.00724	0.00856	0.01053	0.01448
44	0.03235	0.02384	0.02554	0.01958	0.02639	0.02639	0.01618	0.61946	0.04001	0.05363	0.02043	0.02043	0.01447	0.01022	0.00851	0.00255	0.00936	0.00766	0.00851	0.01447
45	0.01023	0.00863	0.00885	0.00880	0.01160	0.00726	0.00660	0.01254	0.01979	0.02393	0.13332	0.08035	0.59668	0.02120	0.01006	0.00286	0.00429	0.01774	0.00803	0.00726
46	0.03235	0.02384	0.02554	0.01958	0.02639	0.02639	0.01618	0.61946	0.04001	0.05363	0.02043	0.02043	0.01447	0.01022	0.00851	0.00255	0.00936	0.00766	0.00851	0.01447
47	0.02106	0.02022	0.03454	0.05223	0.64784	0.02022	0.02612	0.02612	0.01938	0.02780	0.01601	0.02106	0.01348	0.00758	0.00842	0.00253	0.01011	0.00758	0.00421	0.01348
48	0.02099	0.01650	0.01902	0.01385	0.02124	0.01383	0.01118	0.11879	0.02157	0.06161	0.01686	0.01863	0.01331	0.00713	0.00677	0.00153	0.00684	0.00563	0.00586	0.59886
49	0.01046	0.00744	0.00985	0.01173	0.01220	0.00697	0.00777	0.01187	0.01611	0.02148	0.04598	0.66603	0.05512	0.05759	0.01235	0.00368	0.00509	0.02365	0.00777	0.00683
50	0.02117	0.01828	0.01924	0.01732	0.02213	0.02117	0.01347	0.04522	0.63246	0.03560	0.03464	0.03175	0.02598	0.01155	0.00866	0.00289	0.00673	0.00962	0.00866	0.01347
51	0.03068	0.01896	0.02160	0.01739	0.02348	0.02012	0.01409	0.24364	0.22543	0.24623	0.02935	0.02689	0.02035	0.01075	0.00857	0.00269	0.00782	0.00859	0.00923	0.01415
52	0.03482	0.01419	0.01895	0.01497	0.02098	0.01265	0.01219	0.03941	0.06364	0.56120	0.05730	0.06082	0.02523	0.01159	0.00873	0.00269	0.00698	0.00960	0.01025	0.01383
53	0.03687	0.01419	0.01933	0.01492	0.02127	0.01228	0.01228	0.04020	0.02434	0.62267	0.06414	0.03070	0.02403	0.01088	0.00863	0.00264	0.00708	0.00890	0.01047	0.01416
54	0.02955	0.01311	0.01737	0.01395	0.01908	0.01177	0.01126	0.06234	0.02506	0.42592	0.22751	0.03958	0.03964	0.01271	0.00903	0.00264	0.00632	0.01069	0.01006	0.01242
55	0.03818	0.01448	0.01975	0.01514	0.02172	0.01251	0.01251	0.04147	0.02436	0.65373	0.03357	0.02897	0.02107	0.01053	0.00856	0.00263	0.00724	0.00856	0.01053	0.01448
56	0.01576	0.01471	0.02467	0.64415	0.05610	0.01826	0.02278	0.02121	0.01698	0.02174	0.01685	0.05923	0.01379	0.00949	0.00864	0.00287	0.01100	0.00847	0.00401	0.00932
57	0.01052	0.00752	0.01001	0.01175	0.01238	0.00701	0.00791	0.01222	0.01698	0.02281	0.09919	0.63999	0.05839	0.02585	0.01079	0.00339	0.00486	0.02342	0.00803	0.00701
58	0.01519	0.00865	0.01122	0.04391	0.01382	0.00929	0.00833	0.01644	0.01484	0.02366	0.02150	0.02896	0.01842	0.02279	0.09023	0.26027	0.03344	0.00784	0.34462	0.00657
59	0.01722	0.04293	0.62556	0.02485	0.03723	0.01985	0.06162	0.02697	0.01808	0.02697	0.01537	0.01822	0.01089	0.00804	0.00819	0.00270	0.01267	0.00648	0.00363	0.01252
60	0.01908	0.10866	0.47921	0.02441	0.03561	0.02111	0.10951	0.02753	0.01849	0.05601	0.01605	0.01873	0.01158	0.00799	0.00810	0.00263	0.01221	0.00673	0.00403	0.01234
61	0.72666	0.04857	0.01400	0.01135	0.01671	0.01977	0.00947	0.02504	0.01461	0.03734	0.01185	0.01382	0.00930	0.00787	0.00528	0.00260	0.00670	0.00461	0.00519	0.00930
62	0.02019	0.01927	0.03232	0.04743	0.56095	0.01978	0.02438	0.02478	0.01872	0.02687	0.01767	0.06486	0.01610	0.00936	0.01000	0.00267	0.05883	0.00866	0.00442	0.01275
63	0.01034	0.00753	0.00974	0.01151	0.01225	0.00694	0.00775	0.01189	0.01662	0.02186	0.05100	0.63148	0.11753	0.02613	0.01078	0.00340	0.00487	0.02354	0.00790	0.00694
64	0.02257	0.63130	0.04350	0.01867	0.09007	0.03221	0.01582	0.02555	0.01752	0.02087	0.01229	0.01446	0.01120	0.00731	0.00578	0.00190	0.00921	0.00488	0.00370	0.01120
65	0.01037	0.00741	0.00987	0.01185	0.01234	0.00691	0.00790	0.01185	0.01629	0.02172	0.04690	0.69537	0.05629	0.02666	0.01086	0.00346	0.00494	0.02419	0.00790	0.00691
66	0.02275	0.70604	0.04459	0.01456	0.02184	0.03367	0.01456	0.02548	0.01729	0.02002	0.01183	0.01365	0.01092	0.00728	0.00546	0.00182	0.00910	0.00455	0.00364	0.01092
67	0.02458	0.01341	0.05045	0.01357	0.01841	0.01079	0.01154	0.02838	0.02319	0.32585	0.23470	0.04808	0.10513	0.01435	0.00931	0.00274	0.00622	0.03870	0.00938	0.01124
68	0.01829	0.01628	0.01794	0.01303	0.02045	0.04121	0.01037	0.02200	0.01794	0.02742	0.01504	0.01754	0.01253	0.00641	0.00636	0.00130	0.00671	0.00506	0.00501	0.71909
69	0.01194	0.00869	0.01123	0.01060	0.01265	0.00799	0.00795	0.01586	0.02384	0.03354	0.61399	0.06453	0.11002	0.01762	0.01004	0.00269	0.00403	0.01553	0.00929	0.00799
70	0.01990	0.02260	0.04909	0.06524	0.04512	0.02140	0.58989	0.02701	0.01995	0.02701	0.01712	0.02294	0.01284	0.00723	0.00997	0.00287	0.01421	0.00993	0.00428	0.01139
71	0.02081	0.02151	0.06810	0.04819	0.55757	0.02030	0.04811	0.02725	0.05284	0.02816	0.01703	0.02155	0.01399	0.00781	0.00848	0.00257	0.01022	0.00772	0.00443	0.01335
72	0.01216	0.00912	0.01368	0.01368	0.01520	0.01064	0.01064	0.01520	0.01368	0.01976	0.02279	0.03343	0.02127	0.06382	0.66720	0.01368	0.02279	0.00912	0.00456	0.00760
73	0.01204	0.00870	0.01138	0.01071	0.01271	0.00803	0.00803	0.01606	0.02409	0.03413	0.64335	0.06357	0.08030	0.01740	0.01004	0.00268	0.00401	0.01539	0.00937	0.00803
74	0.01765	0.01513	0.01765	0.01260	0.02017	0.01134	0.01008	0.02143	0.01765	0.02773	0.01513	0.01765	0.01260	0.00630	0.00630	0.00126	0.00630	0.00504	0.00504	0.75295
75	0.01729	0.06998	0.63282	0.02388	0.03624	0.02031	0.03078	0.02689	0.01794	0.02668	0.01514	0.01780	0.01079	0.00805	0.00798	0.00266	0.01244	0.00622	0.00360	0.01251
76	0.01238	0.00825	0.00928	0.00928	0.00928	0.00825	0.00516	0.01238	0.01238	0.01650	0.02681	0.05569	0.03094	0.70092	0.04331	0.00825	0.00825	0.01238	0.00516	0.00516
77	0.01765	0.01513	0.01765	0.01260	0.02017	0.01134	0.01008	0.02143	0.01765	0.02773	0.01513	0.01765	0.01260	0.00630	0.00630	0.00126	0.00630	0.00504	0.00504	0.75295
78	0.02088	0.02639	0.17053	0.03353	0.09821	0.02038	0.39757	0.02812	0.01990	0.07276	0.01789	0.02219	0.01312	0.00764	0.00938	0.00278	0.01307	0.00894	0.00460	0.01211
79	0.02106	0.02022	0.03454	0.05223	0.64784	0.02022	0.02612	0.02612	0.01938	0.02780	0.01601	0.02106	0.01348	0.00758	0.00842	0.00253	0.01011	0.00758	0.00421	0.01348
80	0.01960	0.02368	0.08717	0.06828	0.04352	0.02152	0.51504	0.02658	0.01940	0.02658	0.01665	0.02238	0.01260	0.00772	0.01081	0.00290	0.05052	0.00953	0.00420	0.01133
81	0.01236	0.00830	0.00951	0.00951	0.00959	0.00838	0.00544	0.01252	0.01244	0.01667	0.02660	0.05452	0.03043	0.66741	0.07613	0.00854	0.00902	0.01220	0.00513	0.00528
82	0.02046	0.34844	0.34180	0.01967	0.02938	0.06025	0.02288	0.02665	0.01798	0.02344	0.01358	0.01584	0.01085	0.00775	0.00686	0.00227	0.01112	0.00545	0.00366	0.01167
83	0.76103	0.01646	0.01251	0.01119	0.01646	0.01909	0.00922	0.02502	0.01448	0.03818	0.01185	0.01382	0.00922	0.00790	0.00527	0.00263	0.00658	0.00461	0.00527	0.00922
84	0.01914	0.03055	0.28479	0.03539	0.19224	0.02050	0.23911	0.02685	0.01908	0.02727	0.01615	0.02052	0.01222	0.00763	0.00887	0.00272	0.01259	0.00795	0.00400	0.01241
85	0.02340	0.51982	0.07293	0.01596	0.02292	0.09541	0.01543	0.06465	0.01987	0.02344	0.04702	0.01721	0.01492	0.00822	0.00628	0.00200	0.00967	0.00553	0.00434	0.01098
86	0.01204	0.00870	0.01138	0.01071	0.01271	0.00803	0.00803	0.01606	0.02409	0.03413	0.64335	0.06357	0.08030	0.01740	0.01004	0.00268	0.00401	0.01539	0.00937	0.00803
87	0.02065	0.01783	0.01875	0.01691	0.02163	0.02051	0.01314	0.04368	0.60376	0.03501	0.03705	0.03410	0.05493	0.01201	0.00872	0.00289	0.00662	0.01001	0.00862	0.01318
88	0.01006	0.00862	0.00862	0.00862	0.01149	0.00718	0.00647	0.01221	0.01940	0.02299	0.08621	0.08190	0.64438	0.02155	0.01006	0.00287	0.00431	0.01796	0.00790	0.00718
89	0.02117	0.01828	0.01924	0.01732	0.02213	0.02117	0.01347	0.04522	0.63246	0.03560	0.03464	0.03175	0.02598	0.01155	0.00866	0.00289	0.00673	0.00962	0.00866	0.01347
90	0.02315	0.01804	0.02016	0.01548	0.02228	0.01730	0.01247	0.18730	0.14110	0.06336	0.02107	0.02157	0.01602	0.00854	0.00744	0.00198	0.00725	0.00677	0.00690	0.38181
91	0.01607	0.01513	0.02552	0.68047	0.05861	0.01891	0.02363	0.02174	0.01702	0.02174	0.01513	0.02269	0.01134	0.00851	0.00851	0.00284	0.01134	0.00756	0.00378	0.00945
92	0.01358	0.00970	0.01356	0.01552	0.01742	0.00968	0.01348	0.01740	0.01946	0.02532	0.04513	0.11980	0.04927	0.02363	0.01172	0.00390	0.00772	0.56807	0.00784	0.00780
93	0.01026	0.00783	0.00944	0.01072	0.01205	0.00701	0.00740	0.01198	0.01738	0.02217	0.06063	0.48118	0.26162	0.02488	0.01058	0.00325	0.00472	0.02202	0.00790	0.00701
94	0.01037	0.00741	0.00987	0.01185	0.01234	0.00691	0.00790	0.01185	0.01629	0.02172	0.04690	0.69537	0.05629	0.02666	0.01086	0.00346	0.00494	0.02419	0.00790	0.00691
95	0.03235	0.02384	0.02554	0.01958	0.02639	0.02639	0.01618	0.61946	0.04001	0.05363	0.02043	0.02043	0.01447	0.01022	0.00851	0.00255	0.00936	0.00766	0.00851	0.01447
96	0.01862	0.01862	0.02607	0.02234	0.02234	0.02607	0.01862	0.02048	0.01303	0.02048	0.01117	0.01862	0.01117	0.01489	0.02793	0.00372	0.68535	0.00745	0.00372	0.00931
97	0.01037	0.00741	0.00987	0.01185	0.01234	0.00691	0.00790	0.01185	0.01629	0.02172	0.04690	0.69537	0.05629	0.02666	0.01086	0.00346	0.00494	0.02419	0.00790	0.00691
98	0.03235	0.02384	0.02554	0.01958	0.02639	0.02639	0.01618	0.61946	0.04001	0.05363	0.02043	0.02043	0.01447	0.01022	0.00851	0.00255	0.00936	0.00766	0.00851	0.01447
99	0.76103	0.01646	0.01251	0.01119	0.01646	0.01909	0.00922	0.02502	0.01448	0.03818	0.01185	0.01382	0.00922	0.00790	0.00527	0.00263	0.00658	0.00461	0.00527	0.00922
100	0.01016	0.00863	0.00877	0.00873	0.01156	0.00723	0.00655	0.01242	0.01964	0.02358	0.11556	0.08093	0.61466	0.02133	0.01006	0.00286	0.00429	0.01782	0.00798	0.00723
101	0.01607	0.01513	0.02552	0.68047	0.05861	0.01891	0.02363	0.02174	0.01702	0.02174	0.01513	0.02269	0.01134	0.00851	0.00851	0.00284	0.01134	0.00756	0.00378	0.00945
102	0.01862	0.01862	0.02607	0.02234	0.02234	0.02607	0.01862	0.02048	0.01303	0.02048	0.01117	0.01862	0.01117	0.01489	0.02793	0.00372	0.68535	0.00745	0.00372	0.00931
103	0.01216	0.00912	0.01368	0.01368	0.01520	0.01064	0.01064	0.01520	0.01368	0.01976	0.02279	0.03343	0.02127	0.06382	0.66720	0.01368	0.02279	0.00912	0.00456	0.00760
104	0.01707	0.04402	0.65683	0.02426	0.03683	0.01976	0.03144	0.02695	0.01797	0.02695	0.01527	0.01797	0.01078	0.00809	0.00809	0.00270	0.01258	0.00629	0.00359	0.01258
105	0.02070	0.01985	0.03389	0.09788	0.60503	0.02012	0.02594	0.02580	0.01921	0.02736	0.01594	0.02118	0.01332	0.00765	0.00843	0.00255	0.01020	0.00758	0.00418	0.01319
106	0.02275	0.70604	0.04459	0.01456	0.02184	0.03367	0.01456	0.02548	0.01729	0.02002	0.01183	0.01365	0.01092	0.00728	0.00546	0.00182	0.00910	0.00455	0.00364	0.01092
107	0.06840	0.01395	0.01766	0.01381	0.01994	0.01195	0.01118	0.03273	0.02158	0.40989	0.03215	0.07205	0.05476	0.01113	0.00813	0.00240	0.00669	0.00912	0.00875	0.17373
108	0.02240	0.06224	0.07880	0.04110	0.41540	0.11630	0.05427	0.02832	0.05063	0.02665	0.01630	0.02023	0.01337	0.00796	0.00822	0.00249	0.01106	0.00724	0.00439	0.01264
109	0.02070	0.01985	0.03389	0.09788	0.60503	0.02012	0.02594	0.02580	0.01921	0.02736	0.01594	0.02118	0.01332	0.00765	0.00843	0.00255	0.01020	0.00758	0.00418	0.01319
110	0.01183	0.00869	0.01108	0.01048	0.01258	0.00794	0.00786	0.01565	0.02359	0.03293	0.58373	0.06553	0.14066	0.01784	0.01004	0.00270	0.00405	0.01567	0.00921	0.00794
111	0.01769	0.01667	0.02817	0.44094	0.25861	0.01902	0.02412	0.02309	0.01792	0.02395	0.01654	0.02485	0.01347	0.00875	0.00860	0.00277	0.01079	0.02921	0.00408	0.01077
112	0.01755	0.07703	0.59614	0.02507	0.06466	0.02050	0.03032	0.02684	0.01800	0.02663	0.01513	0.01789	0.01091	0.00802	0.00797	0.00264	0.01228	0.00626	0.00362	0.01253
113	0.02152	0.51381	0.15120	0.01970	0.06634	0.02980	0.04631	0.02586	0.01768	0.02208	0.01296	0.01532	0.01116	0.00744	0.00633	0.00207	0.01002	0.00531	0.00370	0.01140
114	0.01903	0.01790	0.02975	0.25901	0.38935	0.01930	0.02406	0.02513	0.04768	0.02603	0.01805	0.02587	0.01514	0.00888	0.00863	0.00272	0.01025	0.03689	0.00446	0.01185
115	0.01771	0.03984	0.57513	0.02262	0.03417	0.01846	0.02860	0.02667	0.01842	0.06071	0.02142	0.02321	0.05737	0.00920	0.00825	0.00270	0.01169	0.00726	0.00428	0.01229
116	0.02106	0.02022	0.03454	0.05223	0.64784	0.02022	0.02612	0.02612	0.01938	0.02780	0.01601	0.02106	0.01348	0.00758	0.00842	0.00253	0.01011	0.00758	0.00421	0.01348
117	0.03576	0.01535	0.02193	0.01679	0.02340	0.01373	0.05648	0.04068	0.06370	0.56790	0.03245	0.02871	0.02079	0.01035	0.00867	0.00267	0.00772	0.00874	0.00996	0.01420
118	0.02107	0.02008	0.03343	0.04970	0.60238	0.02029	0.02520	0.02751	0.06392	0.02837	0.01736	0.02184	0.01439	0.00787	0.00844	0.00255	0.00986	0.00773	0.00454	0.01348
119	0.01707	0.01703	0.02771	0.50703	0.05154	0.05381	0.10389	0.02245	0.01778	0.02245	0.01762	0.07120	0.01480	0.00966	0.00885	0.00285	0.01151	0.00900	0.00419	0.00957
120	0.04845	0.01128	0.01531	0.11542	0.05589	0.01093	0.01179	0.01671	0.01676	0.02406	0.03225	0.38594	0.03599	0.01782	0.00918	0.00282	0.00655	0.01593	0.00637	0.16056
121	0.01083	0.00798	0.01031	0.01172	0.01281	0.00722	0.00796	0.01249	0.01655	0.02218	0.04698	0.61763	0.08559	0.02505	0.01052	0.00328	0.00499	0.02260	0.00771	0.05558
122	0.06907	0.01960	0.03188	0.04668	0.56106	0.01950	0.02385	0.02570	0.01893	0.02847	0.01567	0.02034	0.01314	0.00751	0.00806	0.00244	0.00960	0.00720	0.00434	0.06693
123	0.02013	0.01701	0.01911	0.05157	0.02242	0.06190	0.01259	0.09058	0.02029	0.05747	0.02135	0.13154	0.02016	0.01150	0.00981	0.00224	0.07544	0.00911	0.00593	0.33985
124	0.01774	0.01714	0.06462	0.01577	0.05517	0.01266	0.01255	0.04590	0.01894	0.02875	0.04853	0.05521	0.01824	0.00827	0.00706	0.00167	0.00691	0.00688	0.00540	0.55259
125	0.22574	0.02119	0.17282	0.06356	0.02411	0.01628	0.01589	0.04934	0.05055	0.03352	0.20759	0.03189	0.03256	0.01118	0.00797	0.00269	0.00775	0.00892	0.00631	0.01014
126	0.01991	0.05909	0.09574	0.08273	0.41989	0.02031	0.02368	0.02715	0.08039	0.02745	0.02080	0.02436	0.04371	0.00873	0.00833	0.00258	0.00978	0.00797	0.00471	0.01269
127	0.02104	0.09109	0.24462	0.02727	0.17460	0.02038	0.02247	0.08586	0.06527	0.06248	0.02006	0.06429	0.01648	0.00963	0.00814	0.00257	0.00991	0.00805	0.00530	0.04051
128	0.05540	0.02472	0.15753	0.03597	0.33448	0.04413	0.02357	0.05648	0.01994	0.02892	0.04613	0.02541	0.01742	0.00962	0.00970	0.00271	0.05425	0.03668	0.00476	0.01220

[dist]
# distance from previous block
# <min> <max>
7	24

[block]
# block no. 5 follows, 21 sequences, length 11
# corresponding to MSA columns:
# 356-366
name=unknown_F
#
# <colnr> <probs for GDERKNQSTAVLIFYWHMCP>
#	G	D	E	R	K	N	Q	S	T	A	V	L	I	F	Y	W	H	M	C	P
0	0.08752	0.01923	0.03044	0.04232	0.47347	0.02005	0.02267	0.02677	0.01873	0.08230	0.01667	0.02086	0.01353	0.00862	0.01016	0.00267	0.07902	0.00739	0.00480	0.01276
1	0.12692	0.14314	0.29684	0.02313	0.06402	0.02233	0.09743	0.02801	0.07104	0.02827	0.01617	0.01865	0.01231	0.00808	0.00756	0.00257	0.01072	0.00659	0.00441	0.01180
2	0.03077	0.15242	0.02732	0.01986	0.07831	0.10540	0.01516	0.13999	0.02503	0.25341	0.02186	0.02143	0.01550	0.00915	0.00771	0.00233	0.00925	0.00696	0.00720	0.05095
3	0.06077	0.02005	0.02989	0.03527	0.32437	0.02037	0.07185	0.12890	0.07818	0.05980	0.01901	0.02178	0.01476	0.00839	0.00828	0.00250	0.00944	0.00768	0.00574	0.07298
4	0.05035	0.02295	0.09526	0.02313	0.03071	0.07351	0.23425	0.02735	0.05242	0.05299	0.01812	0.02129	0.01384	0.00774	0.00813	0.00232	0.01061	0.00757	0.04772	0.19974
5	0.25742	0.01556	0.01639	0.01393	0.01919	0.01642	0.01118	0.03390	0.18581	0.20380	0.08903	0.02807	0.02443	0.01052	0.00761	0.00265	0.00653	0.00817	0.00803	0.04137
6	0.02041	0.02068	0.03751	0.09009	0.17416	0.05256	0.30231	0.02587	0.01946	0.05260	0.01968	0.08215	0.01696	0.00962	0.01010	0.00283	0.03675	0.01015	0.00481	0.01131
7	0.02088	0.02122	0.03216	0.20236	0.40459	0.08649	0.05848	0.02592	0.01933	0.02557	0.01557	0.02098	0.01266	0.00791	0.00846	0.00259	0.01120	0.00750	0.00413	0.01200
8	0.02106	0.02022	0.03454	0.05223	0.64784	0.02022	0.02612	0.02612	0.01938	0.02780	0.01601	0.02106	0.01348	0.00758	0.00842	0.00253	0.01011	0.00758	0.00421	0.01348
9	0.02211	0.02105	0.03237	0.10793	0.50619	0.05240	0.02453	0.07839	0.02120	0.02916	0.01617	0.02088	0.01324	0.00796	0.00840	0.00254	0.01042	0.00748	0.00456	0.01300
10	0.01707	0.04402	0.65683	0.02426	0.03683	0.01976	0.03144	0.02695	0.01797	0.02695	0.01527	0.01797	0.01078	0.00809	0.00809	0.00270	0.01258	0.00629	0.00359	0.01258

[dist]
# distance from previous block
# <min> <max>
0	2

[block]
# block no. 6 follows, 21 sequences, length 135
# corresponding to MSA columns:
# 369-503
name=unknown_G
#
# <colnr> <probs for GDERKNQSTAVLIFYWHMCP>
#	G	D	E	R	K	N	Q	S	T	A	V	L	I	F	Y	W	H	M	C	P
0	0.01236	0.00830	0.00954	0.00954	0.00962	0.00839	0.00547	0.01254	0.01245	0.01669	0.02658	0.05440	0.03038	0.66402	0.07945	0.00856	0.00909	0.01219	0.00512	0.00530
1	0.01834	0.11787	0.56098	0.02307	0.03470	0.04935	0.02891	0.02709	0.01816	0.02591	0.01480	0.01737	0.01080	0.00802	0.00777	0.00258	0.01231	0.00606	0.00363	0.01227
2	0.01768	0.01797	0.03028	0.02443	0.02703	0.02160	0.18691	0.02107	0.01546	0.02251	0.01782	0.10132	0.01762	0.01694	0.05784	0.00403	0.37524	0.01028	0.00443	0.00954
3	0.05327	0.08000	0.56338	0.02428	0.06157	0.02056	0.02917	0.02674	0.01782	0.02713	0.01494	0.01765	0.01083	0.00801	0.00781	0.00263	0.01198	0.00616	0.00370	0.01236
4	0.01707	0.04402	0.65683	0.02426	0.03683	0.01976	0.03144	0.02695	0.01797	0.02695	0.01527	0.01797	0.01078	0.00809	0.00809	0.00270	0.01258	0.00629	0.00359	0.01258
5	0.01216	0.00912	0.01368	0.01368	0.01520	0.01064	0.01064	0.01520	0.01368	0.01976	0.02279	0.03343	0.02127	0.06382	0.66720	0.01368	0.02279	0.00912	0.00456	0.00760
6	0.01216	0.00912	0.01368	0.01368	0.01520	0.01064	0.01064	0.01520	0.01368	0.01976	0.02279	0.03343	0.02127	0.06382	0.66720	0.01368	0.02279	0.00912	0.00456	0.00760
7	0.01035	0.00747	0.00981	0.01168	0.01230	0.00693	0.00783	0.01187	0.01645	0.02179	0.04891	0.66405	0.08631	0.02640	0.01082	0.00343	0.00491	0.02387	0.00790	0.00693
8	0.02107	0.02010	0.03359	0.05006	0.60888	0.02028	0.02533	0.02731	0.05755	0.02829	0.01717	0.02173	0.01426	0.00783	0.00844	0.00255	0.00990	0.00771	0.00449	0.01348
9	0.02191	0.56622	0.11049	0.01844	0.05170	0.03090	0.05119	0.02577	0.01761	0.02152	0.01269	0.01497	0.01113	0.00737	0.00613	0.00200	0.00982	0.00518	0.00370	0.01124
10	0.02879	0.03339	0.02593	0.02588	0.11089	0.43452	0.01800	0.09217	0.02379	0.02515	0.01406	0.01705	0.01170	0.00950	0.01030	0.00246	0.09471	0.00623	0.00471	0.01077
11	0.01235	0.00835	0.00978	0.00978	0.00995	0.00852	0.00578	0.01269	0.01252	0.01687	0.02636	0.05317	0.02985	0.62880	0.11394	0.00886	0.00990	0.01201	0.00509	0.00543
12	0.01962	0.13532	0.49604	0.02263	0.03349	0.09937	0.02730	0.02759	0.01861	0.02526	0.01454	0.01705	0.01082	0.00806	0.00767	0.00251	0.01243	0.00595	0.00369	0.01202
13	0.03168	0.02832	0.02485	0.02014	0.02617	0.20768	0.01613	0.42710	0.06274	0.04350	0.01902	0.01951	0.01401	0.00987	0.00828	0.00247	0.01094	0.00713	0.00735	0.01312
14	0.01193	0.00869	0.01121	0.01058	0.01264	0.00798	0.00794	0.01584	0.02382	0.03348	0.61087	0.06464	0.11318	0.01764	0.01004	0.00269	0.00403	0.01554	0.00928	0.00798
15	0.05764	0.01378	0.01323	0.01238	0.01605	0.04415	0.00949	0.02504	0.22084	0.02854	0.09402	0.05730	0.34195	0.01663	0.00921	0.00282	0.00575	0.01371	0.00792	0.00954
16	0.01929	0.02279	0.08185	0.03297	0.07021	0.02129	0.43827	0.02551	0.01876	0.02606	0.01759	0.05357	0.01461	0.00924	0.01237	0.00299	0.10718	0.00999	0.00434	0.01113
17	0.03738	0.01577	0.02055	0.01575	0.02237	0.01442	0.01301	0.12112	0.02651	0.57104	0.03176	0.02779	0.02016	0.01049	0.00855	0.00262	0.00753	0.00843	0.01025	0.01448
18	0.01045	0.00747	0.00995	0.01179	0.01236	0.00697	0.00791	0.01206	0.01669	0.02236	0.07736	0.66311	0.05751	0.02619	0.01082	0.00342	0.00489	0.02374	0.00797	0.00697
19	0.02325	0.60794	0.07761	0.01578	0.02310	0.09033	0.01569	0.02634	0.01795	0.02049	0.01215	0.01405	0.01092	0.00746	0.00581	0.00190	0.00987	0.00473	0.00371	0.01092
20	0.01035	0.00748	0.00980	0.01166	0.01229	0.00693	0.00782	0.01187	0.01647	0.02180	0.04920	0.65960	0.09057	0.02636	0.01082	0.00342	0.00490	0.02383	0.00790	0.00693
21	0.01238	0.00825	0.00928	0.00928	0.00928	0.00825	0.00516	0.01238	0.01238	0.01650	0.02681	0.05569	0.03094	0.70092	0.04331	0.00825	0.00825	0.01238	0.00516	0.00516
22	0.02106	0.02022	0.03454	0.05223	0.64784	0.02022	0.02612	0.02612	0.01938	0.02780	0.01601	0.02106	0.01348	0.00758	0.00842	0.00253	0.01011	0.00758	0.00421	0.01348
23	0.02443	0.58257	0.04079	0.01593	0.02267	0.15114	0.01491	0.02706	0.01856	0.02017	0.01208	0.01397	0.01093	0.00756	0.00587	0.00189	0.01026	0.00472	0.00378	0.01073
24	0.02318	0.67474	0.04363	0.01491	0.02205	0.06345	0.01465	0.02588	0.01761	0.02006	0.01189	0.01373	0.01092	0.00735	0.00556	0.00184	0.00939	0.00459	0.00368	0.01087
25	0.01845	0.01565	0.01806	0.01313	0.02053	0.01246	0.01051	0.04846	0.04753	0.02922	0.01627	0.01843	0.01331	0.00672	0.00651	0.00139	0.00646	0.00537	0.00536	0.68617
26	0.01037	0.00741	0.00987	0.01185	0.01234	0.00691	0.00790	0.01185	0.01629	0.02172	0.04690	0.69537	0.05629	0.02666	0.01086	0.00346	0.00494	0.02419	0.00790	0.00691
27	0.01036	0.00863	0.00904	0.00894	0.01168	0.00731	0.00671	0.01280	0.02012	0.02470	0.17174	0.07909	0.55779	0.02091	0.01005	0.00284	0.00427	0.01757	0.00813	0.00731
28	0.01238	0.00825	0.00928	0.00928	0.00928	0.00825	0.00516	0.01238	0.01238	0.01650	0.02681	0.05569	0.03094	0.70092	0.04331	0.00825	0.00825	0.01238	0.00516	0.00516
29	0.02059	0.02144	0.06637	0.07346	0.54281	0.02026	0.07743	0.02609	0.01928	0.02748	0.01604	0.02114	0.01322	0.00761	0.00855	0.00258	0.01065	0.00773	0.00417	0.01311
30	0.01765	0.01513	0.01765	0.01260	0.02017	0.01134	0.01008	0.02143	0.01765	0.02773	0.01513	0.01765	0.01260	0.00630	0.00630	0.00126	0.00630	0.00504	0.00504	0.75295
31	0.76103	0.01646	0.01251	0.01119	0.01646	0.01909	0.00922	0.02502	0.01448	0.03818	0.01185	0.01382	0.00922	0.00790	0.00527	0.00263	0.00658	0.00461	0.00527	0.00922
32	0.02426	0.01912	0.02047	0.01762	0.02292	0.02167	0.01393	0.15403	0.48534	0.07423	0.03188	0.02944	0.02351	0.01124	0.00863	0.00281	0.00726	0.00919	0.00874	0.01372
33	0.02117	0.01828	0.01924	0.01732	0.02213	0.02117	0.01347	0.04522	0.63246	0.03560	0.03464	0.03175	0.02598	0.01155	0.00866	0.00289	0.00673	0.00962	0.00866	0.01347
34	0.01238	0.00825	0.00928	0.00928	0.00928	0.00825	0.00516	0.01238	0.01238	0.01650	0.02681	0.05569	0.03094	0.70092	0.04331	0.00825	0.00825	0.01238	0.00516	0.00516
35	0.01037	0.00741	0.00987	0.01185	0.01234	0.00691	0.00790	0.01185	0.01629	0.02172	0.04690	0.69537	0.05629	0.02666	0.01086	0.00346	0.00494	0.02419	0.00790	0.00691
36	0.01216	0.00912	0.01368	0.01368	0.01520	0.01064	0.01064	0.01520	0.01368	0.01976	0.02279	0.03343	0.02127	0.06382	0.66720	0.01368	0.02279	0.00912	0.00456	0.00760
37	0.03235	0.02384	0.02554	0.01958	0.02639	0.02639	0.01618	0.61946	0.04001	0.05363	0.02043	0.02043	0.01447	0.01022	0.00851	0.00255	0.00936	0.00766	0.00851	0.01447
