[name]
unknown

[dist]
# distance from previous block
# <min> <max>
0	35

[block]
# block no. 0 follows, 23 sequences, length 59
# corresponding to MSA columns:
# 35-93
name=unknown_A
#
# <colnr> <probs for GDERKNQSTAVLIFYWHMCP>
#	G	D	E	R	K	N	Q	S	T	A	V	L	I	F	Y	W	H	M	C	P
0	0.02268	0.01710	0.05810	0.02051	0.12518	0.05280	0.01450	0.09106	0.05200	0.18994	0.05215	0.12591	0.08995	0.01326	0.00869	0.00266	0.00765	0.03748	0.00729	0.01108
1	0.05196	0.05715	0.01866	0.01368	0.01869	0.01587	0.01087	0.20177	0.02329	0.11267	0.06246	0.05783	0.02207	0.12047	0.01277	0.00304	0.00724	0.00846	0.00677	0.17429
2	0.02489	0.06431	0.02140	0.01634	0.02137	0.06345	0.01312	0.34442	0.05352	0.06609	0.02474	0.16683	0.02251	0.01270	0.00826	0.00251	0.00806	0.01034	0.00737	0.04777
3	0.02296	0.11426	0.10008	0.03631	0.02383	0.11202	0.01536	0.16268	0.08832	0.05540	0.02001	0.02490	0.01642	0.04254	0.00907	0.00256	0.00923	0.04024	0.02961	0.07419
4	0.01371	0.01033	0.01306	0.04614	0.05346	0.01063	0.00976	0.05131	0.05977	0.02546	0.09419	0.16721	0.13901	0.07470	0.09758	0.00439	0.00777	0.01320	0.10021	0.00811
5	0.02824	0.02137	0.02345	0.01802	0.02417	0.02336	0.01486	0.51998	0.03381	0.04599	0.01827	0.01904	0.01337	0.00957	0.00908	0.00236	0.05409	0.00698	0.00741	0.10659
6	0.01442	0.00966	0.01169	0.01237	0.01413	0.00879	0.00865	0.01653	0.04571	0.07910	0.05109	0.48251	0.16596	0.02316	0.01055	0.00338	0.00548	0.02009	0.00827	0.00846
7	0.04900	0.17189	0.12740	0.01580	0.02245	0.01971	0.01504	0.05294	0.17044	0.14956	0.06413	0.02416	0.02017	0.00932	0.00733	0.00233	0.00778	0.00730	0.00651	0.05674
8	0.02158	0.13233	0.27798	0.01853	0.02644	0.02044	0.01978	0.09597	0.09527	0.11250	0.05483	0.02214	0.01739	0.00930	0.00844	0.00249	0.03990	0.00708	0.00570	0.01191
9	0.01002	0.00803	0.00895	0.00915	0.01133	0.00697	0.00670	0.01231	0.01887	0.02382	0.19041	0.18395	0.43977	0.02061	0.00972	0.00280	0.00416	0.01767	0.00781	0.00697
10	0.01855	0.01892	0.03661	0.12818	0.24137	0.01907	0.29201	0.02369	0.01774	0.02444	0.01542	0.02130	0.01234	0.00878	0.01091	0.05167	0.03607	0.00825	0.00395	0.01074
11	0.01775	0.01720	0.03027	0.41460	0.11656	0.01942	0.15119	0.06195	0.01835	0.02439	0.01511	0.02122	0.01154	0.00809	0.00915	0.00269	0.03861	0.00771	0.00404	0.01015
12	0.02051	0.01728	0.02980	0.25132	0.33014	0.01807	0.07944	0.02550	0.01841	0.10518	0.01720	0.02169	0.01305	0.00783	0.00822	0.00255	0.01005	0.00756	0.00465	0.01156
13	0.00985	0.00820	0.00863	0.00880	0.01132	0.00698	0.00662	0.01202	0.01853	0.02245	0.10586	0.11849	0.56749	0.02075	0.00971	0.00281	0.00428	0.04272	0.00760	0.00690
14	0.02169	0.71972	0.04252	0.01388	0.02083	0.03211	0.01388	0.02430	0.01649	0.01909	0.01128	0.01302	0.01041	0.00694	0.00521	0.00174	0.00868	0.00434	0.00347	0.01041
15	0.06474	0.07515	0.45956	0.02143	0.05572	0.01844	0.02450	0.02783	0.01799	0.13550	0.01717	0.01855	0.01197	0.00803	0.00749	0.00250	0.01050	0.00622	0.00467	0.01205
16	0.01125	0.00828	0.01052	0.00996	0.01198	0.00756	0.00747	0.01485	0.02241	0.03121	0.58758	0.06280	0.14975	0.01708	0.00957	0.00258	0.00386	0.01498	0.00876	0.00756
17	0.01981	0.01850	0.03026	0.11818	0.39942	0.03769	0.08695	0.02572	0.05598	0.05359	0.04157	0.02432	0.03445	0.00838	0.00830	0.00251	0.00969	0.00812	0.00476	0.01177
18	0.01783	0.10656	0.07277	0.35823	0.06165	0.02108	0.12851	0.04962	0.01761	0.02319	0.01439	0.01991	0.01117	0.00816	0.00920	0.00262	0.05640	0.00718	0.00387	0.01003
19	0.01171	0.00783	0.00888	0.00896	0.00899	0.00781	0.00504	0.01178	0.01198	0.01597	0.02647	0.08393	0.03064	0.68245	0.03985	0.00765	0.00772	0.01233	0.00504	0.00500
20	0.00989	0.00706	0.00942	0.01130	0.01177	0.00659	0.00753	0.01130	0.01554	0.02071	0.04472	0.70954	0.05367	0.02542	0.01036	0.00330	0.00471	0.02307	0.00753	0.00659
21	0.03002	0.02101	0.02282	0.01772	0.02389	0.02299	0.01456	0.52229	0.07538	0.10310	0.02172	0.02131	0.01533	0.00984	0.00803	0.00244	0.00839	0.00751	0.03815	0.01349
22	0.03674	0.01023	0.01083	0.01030	0.01294	0.04032	0.00787	0.01601	0.02071	0.05467	0.32308	0.06380	0.30429	0.01746	0.00933	0.00265	0.00481	0.03824	0.00800	0.00771
23	0.02709	0.01841	0.02042	0.01678	0.02235	0.02008	0.01350	0.23739	0.31723	0.17319	0.02837	0.02617	0.02018	0.01039	0.00819	0.00260	0.00735	0.00835	0.00859	0.01336
24	0.01012	0.00723	0.00966	0.01140	0.01201	0.00677	0.00779	0.01177	0.01609	0.02153	0.07889	0.64600	0.05463	0.02480	0.01035	0.00327	0.00478	0.04862	0.00761	0.00669
25	0.06893	0.01925	0.02211	0.14585	0.06956	0.06538	0.01594	0.24091	0.05442	0.07313	0.01845	0.02073	0.01376	0.00924	0.00875	0.00247	0.05010	0.00702	0.05612	0.03789
26	0.00959	0.00822	0.00822	0.00822	0.01096	0.00685	0.00617	0.01165	0.01850	0.02192	0.08220	0.07809	0.66092	0.02055	0.00959	0.00274	0.00411	0.01713	0.00754	0.00685
27	0.03604	0.01440	0.01919	0.01472	0.02101	0.01280	0.01216	0.07891	0.02421	0.62908	0.03119	0.02708	0.01967	0.01002	0.00816	0.00251	0.00704	0.00810	0.00992	0.01381
28	0.03031	0.03867	0.02299	0.02090	0.02508	0.68226	0.01568	0.03240	0.02299	0.01986	0.01254	0.01463	0.01045	0.00836	0.00732	0.00209	0.01463	0.00523	0.00418	0.00941
29	0.03641	0.01381	0.01883	0.01444	0.02071	0.01193	0.01193	0.03954	0.02322	0.66984	0.03201	0.02762	0.02009	0.01004	0.00816	0.00251	0.00690	0.00816	0.01004	0.01381
30	0.01775	0.01775	0.02485	0.02130	0.02130	0.02485	0.01775	0.01953	0.01243	0.01953	0.01065	0.01775	0.01065	0.01420	0.02663	0.00355	0.69998	0.00710	0.00355	0.00888
31	0.02018	0.01743	0.01835	0.01651	0.02110	0.02018	0.01284	0.04312	0.64956	0.03394	0.03303	0.03027	0.02477	0.01101	0.00826	0.00275	0.00642	0.00917	0.00826	0.01284
32	0.01148	0.00829	0.01085	0.01021	0.01212	0.00766	0.00766	0.01531	0.02297	0.03254	0.65994	0.06061	0.07656	0.01659	0.00957	0.00255	0.00383	0.01467	0.00893	0.00766
33	0.01899	0.38166	0.35690	0.01849	0.02796	0.02549	0.02191	0.02500	0.01681	0.02239	0.01292	0.01507	0.01035	0.00732	0.00645	0.00215	0.01033	0.00517	0.00345	0.01120
34	0.01180	0.00787	0.00885	0.00885	0.00885	0.00787	0.00492	0.01180	0.01180	0.01573	0.02557	0.05310	0.02950	0.71483	0.04130	0.00787	0.00787	0.01180	0.00492	0.00492
35	0.01159	0.00869	0.01304	0.01304	0.01449	0.01014	0.01014	0.01449	0.01304	0.01884	0.02173	0.03188	0.02029	0.06086	0.68268	0.01304	0.02173	0.00869	0.00435	0.00724
36	0.02018	0.01743	0.01835	0.01651	0.02110	0.02018	0.01284	0.04312	0.64956	0.03394	0.03303	0.03027	0.02477	0.01101	0.00826	0.00275	0.00642	0.00917	0.00826	0.01284
37	0.01634	0.01598	0.02549	0.32202	0.03776	0.02047	0.06552	0.02009	0.01480	0.02061	0.01466	0.05830	0.01324	0.01156	0.01620	0.00310	0.30284	0.00822	0.00384	0.00897
38	0.15009	0.45326	0.03326	0.01487	0.02064	0.13017	0.01353	0.02520	0.01680	0.02217	0.01144	0.01357	0.01016	0.00769	0.00677	0.00203	0.04995	0.00465	0.00385	0.00989
39	0.01116	0.00820	0.01045	0.01005	0.01196	0.00749	0.00748	0.01462	0.02196	0.03053	0.55254	0.10564	0.14243	0.01763	0.00962	0.00262	0.00392	0.01551	0.00868	0.00749
40	0.01409	0.00705	0.01057	0.01057	0.01057	0.00705	0.00705	0.01057	0.01057	0.01409	0.01409	0.02467	0.01409	0.02819	0.03171	0.76392	0.00705	0.00705	0.00352	0.00352
41	0.05301	0.06162	0.06759	0.05999	0.24901	0.06586	0.04942	0.20426	0.02381	0.03260	0.01570	0.01875	0.01230	0.00841	0.00867	0.00245	0.04239	0.00688	0.00517	0.01211
42	0.01786	0.02236	0.18689	0.31207	0.07661	0.01823	0.06541	0.05345	0.05981	0.05355	0.01807	0.04825	0.01405	0.00891	0.00821	0.00266	0.01045	0.00787	0.00458	0.01070
43	0.01150	0.00774	0.00894	0.00923	0.00930	0.00767	0.00532	0.01172	0.01238	0.01651	0.02855	0.15519	0.03326	0.60761	0.03649	0.00716	0.00738	0.01355	0.00532	0.00518
44	0.01149	0.00859	0.01086	0.01114	0.01324	0.00796	0.00892	0.01485	0.02056	0.02740	0.33006	0.07428	0.21337	0.01933	0.01007	0.00296	0.00500	0.19438	0.00814	0.00740
45	0.03604	0.01440	0.01919	0.01472	0.02101	0.01280	0.01216	0.07891	0.02421	0.62908	0.03119	0.02708	0.01967	0.01002	0.00816	0.00251	0.00704	0.00810	0.00992	0.01381
46	0.01124	0.00810	0.01062	0.01038	0.01207	0.00749	0.00764	0.01469	0.02182	0.03070	0.56450	0.16127	0.07301	0.01796	0.00969	0.00267	0.00396	0.01598	0.00872	0.00749
47	0.02420	0.04952	0.04433	0.01536	0.02223	0.01778	0.01301	0.24158	0.06315	0.10217	0.01902	0.01954	0.01412	0.00815	0.00714	0.00194	0.00749	0.00632	0.00662	0.31633
48	0.01812	0.01438	0.01696	0.01218	0.01933	0.01089	0.00977	0.02170	0.01725	0.06909	0.01559	0.01754	0.01255	0.00628	0.00615	0.00129	0.00607	0.00503	0.00515	0.71468
49	0.01741	0.12297	0.47798	0.02338	0.03365	0.02102	0.10939	0.02527	0.01710	0.02461	0.01421	0.01729	0.01059	0.00781	0.00856	0.00253	0.04485	0.00633	0.00353	0.01150
50	0.01939	0.20713	0.39234	0.06355	0.03164	0.02290	0.02366	0.10161	0.01954	0.02691	0.01435	0.01669	0.01079	0.00780	0.00716	0.00235	0.01070	0.00582	0.00404	0.01163
51	0.01142	0.00829	0.01075	0.01014	0.01208	0.00763	0.00760	0.01518	0.02281	0.03216	0.63925	0.06124	0.09748	0.01673	0.00957	0.00256	0.00384	0.01476	0.00888	0.00763
52	0.00989	0.00706	0.00942	0.01130	0.01177	0.00659	0.00753	0.01130	0.01554	0.02071	0.04472	0.70954	0.05367	0.02542	0.01036	0.00330	0.00471	0.02307	0.00753	0.00659
53	0.02622	0.01933	0.02092	0.06773	0.02471	0.04866	0.01419	0.32970	0.15127	0.09758	0.02404	0.05039	0.01818	0.01044	0.00804	0.00251	0.00814	0.00829	0.05731	0.01237
54	0.02852	0.01484	0.05572	0.04800	0.02287	0.01231	0.04978	0.03247	0.02226	0.44354	0.14834	0.03266	0.02934	0.01087	0.00848	0.00254	0.00720	0.00931	0.00880	0.01214
55	0.01075	0.00820	0.00991	0.00993	0.01198	0.00737	0.00746	0.01368	0.02032	0.02699	0.35042	0.13796	0.27874	0.01931	0.00977	0.00277	0.00426	0.05475	0.00820	0.00725
56	0.07826	0.01981	0.01964	0.04876	0.02269	0.08816	0.01341	0.32508	0.06340	0.03894	0.06522	0.05432	0.03987	0.01126	0.00801	0.00250	0.00828	0.02958	0.05159	0.01121
57	0.07220	0.06783	0.02285	0.07073	0.02516	0.10306	0.01445	0.33224	0.02867	0.09703	0.02128	0.02189	0.04112	0.00960	0.00762	0.00237	0.00903	0.00718	0.03385	0.01183
58	0.14925	0.10230	0.02180	0.01558	0.02083	0.08137	0.01287	0.21284	0.10267	0.09060	0.01954	0.02007	0.01462	0.00924	0.00768	0.00238	0.03276	0.00661	0.06560	0.01139

[dist]
# distance from previous block
# <min> <max>
9	19

[block]
# block no. 1 follows, 23 sequences, length 32
# corresponding to MSA columns:
# 114-145
name=unknown_B
#
# <colnr> <probs for GDERKNQSTAVLIFYWHMCP>
#	G	D	E	R	K	N	Q	S	T	A	V	L	I	F	Y	W	H	M	C	P
0	0.12331	0.05094	0.06220	0.21076	0.07190	0.07349	0.10203	0.13380	0.02118	0.05286	0.01558	0.01910	0.01165	0.00812	0.00768	0.00251	0.01033	0.00686	0.00495	0.01075
1	0.02130	0.01966	0.04721	0.01674	0.02169	0.05568	0.01376	0.15246	0.32007	0.03354	0.02991	0.02915	0.07626	0.01120	0.00944	0.00259	0.05764	0.00870	0.00715	0.06583
2	0.02170	0.06896	0.02141	0.01845	0.06221	0.05656	0.01388	0.14343	0.34678	0.03345	0.03053	0.03179	0.06344	0.01130	0.00818	0.00261	0.00759	0.03842	0.00731	0.01199
3	0.01177	0.00798	0.00943	0.00943	0.00963	0.00818	0.00564	0.01217	0.01197	0.01616	0.02504	0.05016	0.02822	0.62433	0.13006	0.00858	0.00979	0.01137	0.00484	0.00524
4	0.77215	0.01569	0.01193	0.01067	0.01569	0.01820	0.00879	0.02385	0.01381	0.03641	0.01130	0.01318	0.00879	0.00753	0.00502	0.00251	0.00628	0.00439	0.00502	0.00879
5	0.01180	0.00787	0.00885	0.00885	0.00885	0.00787	0.00492	0.01180	0.01180	0.01573	0.02557	0.05310	0.02950	0.71483	0.04130	0.00787	0.00787	0.01180	0.00492	0.00492
6	0.01729	0.00965	0.00987	0.00909	0.01161	0.00998	0.00701	0.10394	0.01992	0.03312	0.02551	0.02877	0.01984	0.00949	0.00601	0.00197	0.00449	0.00753	0.65649	0.00842
7	0.02047	0.07371	0.11700	0.07760	0.02690	0.13163	0.04219	0.09657	0.03795	0.02647	0.03597	0.02372	0.06657	0.00970	0.00929	0.00234	0.07144	0.00730	0.00497	0.11820
8	0.02159	0.38445	0.07403	0.01567	0.02179	0.06621	0.04327	0.04289	0.01898	0.08053	0.08819	0.02346	0.04654	0.00932	0.00742	0.00214	0.03114	0.00695	0.00504	0.01037
9	0.02482	0.01921	0.02123	0.06593	0.02522	0.02170	0.01454	0.28172	0.33076	0.06640	0.02617	0.02518	0.01914	0.01025	0.00819	0.00261	0.00777	0.00824	0.00794	0.01300
10	0.06399	0.02485	0.02737	0.10529	0.27814	0.23190	0.03921	0.04469	0.01964	0.02456	0.01395	0.01802	0.01151	0.00822	0.00890	0.00243	0.05585	0.00650	0.00417	0.01082
11	0.01710	0.01653	0.02785	0.39991	0.21154	0.01941	0.05284	0.02193	0.01645	0.02236	0.01423	0.02071	0.01141	0.00865	0.01069	0.00274	0.10450	0.00732	0.00373	0.01011
12	0.00996	0.00712	0.00948	0.01125	0.01179	0.00664	0.00754	0.01149	0.01589	0.02127	0.07371	0.67897	0.05475	0.02501	0.01032	0.00326	0.00467	0.02267	0.00760	0.00664
13	0.01172	0.01045	0.05440	0.01111	0.01362	0.00834	0.00912	0.01580	0.02222	0.03151	0.58714	0.08967	0.07107	0.01644	0.00949	0.00259	0.00441	0.01452	0.00850	0.00789
14	0.02159	0.67450	0.04190	0.01620	0.06236	0.03128	0.01460	0.02434	0.01662	0.01957	0.01154	0.01347	0.01057	0.00696	0.00539	0.00178	0.00874	0.00453	0.00351	0.01057
15	0.01444	0.01064	0.01223	0.01114	0.01434	0.01020	0.00854	0.02129	0.14057	0.07217	0.28775	0.05635	0.24597	0.01590	0.00908	0.00259	0.00471	0.01356	0.00826	0.04027
16	0.11770	0.08569	0.05275	0.01847	0.02268	0.02169	0.06344	0.11283	0.01913	0.10032	0.03807	0.02016	0.01455	0.01067	0.01385	0.00279	0.24417	0.00706	0.02349	0.01050
17	0.11251	0.02775	0.33020	0.06865	0.06136	0.01677	0.02154	0.02901	0.01846	0.20928	0.01914	0.02010	0.01305	0.00835	0.00756	0.00255	0.00967	0.00657	0.00553	0.01195
18	0.01056	0.00741	0.00951	0.01093	0.01138	0.00708	0.00725	0.01178	0.01482	0.01972	0.03990	0.50831	0.04728	0.19467	0.01802	0.00445	0.00566	0.05816	0.00689	0.00624
19	0.00995	0.00711	0.00948	0.01125	0.01178	0.00664	0.00754	0.01147	0.01585	0.02121	0.07068	0.68216	0.05463	0.02505	0.01032	0.00326	0.00467	0.02271	0.00759	0.00664
20	0.01677	0.06906	0.18467	0.24770	0.04022	0.01977	0.15662	0.02272	0.01671	0.02285	0.01583	0.05376	0.01310	0.00909	0.01001	0.00272	0.07643	0.00802	0.00385	0.01011
21	0.03403	0.01481	0.03998	0.01493	0.02112	0.01254	0.01273	0.06249	0.02336	0.58191	0.03162	0.03102	0.02120	0.01074	0.00834	0.00259	0.00719	0.04646	0.00958	0.01334
22	0.03409	0.01433	0.01876	0.01473	0.02077	0.01311	0.01206	0.04006	0.11281	0.57888	0.03216	0.02800	0.02076	0.01018	0.00817	0.00255	0.00684	0.00830	0.00979	0.01367
23	0.02006	0.02075	0.04947	0.15594	0.43879	0.07836	0.02301	0.02610	0.06103	0.02539	0.01605	0.02046	0.01301	0.00775	0.00799	0.00246	0.01015	0.00714	0.00423	0.01185
24	0.02719	0.01461	0.04476	0.01477	0.01995	0.01309	0.01236	0.03463	0.15116	0.38220	0.07321	0.08339	0.02840	0.01247	0.00861	0.00270	0.00670	0.04860	0.00898	0.01221
25	0.01738	0.01751	0.02727	0.07143	0.02631	0.02282	0.10346	0.02019	0.01368	0.02047	0.01243	0.01951	0.01151	0.01572	0.06481	0.00398	0.51122	0.00756	0.00368	0.00907
26	0.03007	0.02198	0.02353	0.01812	0.02439	0.02430	0.01494	0.60675	0.03711	0.05011	0.01983	0.02001	0.01414	0.00973	0.00800	0.00241	0.00868	0.00732	0.04510	0.01349
27	0.00999	0.00714	0.00951	0.01123	0.01179	0.00666	0.00754	0.01155	0.01601	0.02147	0.08401	0.66810	0.05513	0.02486	0.01031	0.00325	0.00465	0.02253	0.00762	0.00666
28	0.01879	0.01510	0.01754	0.01268	0.01979	0.01207	0.01020	0.07323	0.01888	0.05429	0.01555	0.01748	0.01249	0.00649	0.00627	0.00136	0.00629	0.00515	0.00530	0.67105
29	0.57612	0.01742	0.01564	0.01321	0.01852	0.06503	0.04385	0.02675	0.01606	0.12231	0.01453	0.01576	0.01066	0.00790	0.00587	0.00249	0.00737	0.00526	0.00561	0.00964
30	0.01141	0.00820	0.01050	0.01183	0.01274	0.00794	0.00810	0.05667	0.01717	0.02292	0.04289	0.65951	0.05078	0.02428	0.01019	0.00323	0.00501	0.02192	0.00757	0.00711
31	0.57564	0.01805	0.07146	0.01318	0.01869	0.01797	0.03357	0.06361	0.01602	0.03494	0.01470	0.06414	0.01259	0.00895	0.00601	0.00258	0.00710	0.00625	0.00523	0.00932

[dist]
# distance from previous block
# <min> <max>
0	1

[block]
# block no. 2 follows, 23 sequences, length 15
# corresponding to MSA columns:
# 147-161
name=unknown_C
#
# <colnr> <probs for GDERKNQSTAVLIFYWHMCP>
#	G	D	E	R	K	N	Q	S	T	A	V	L	I	F	Y	W	H	M	C	P
0	0.01217	0.00843	0.01086	0.01026	0.01233	0.00769	0.00769	0.01570	0.02223	0.05454	0.55810	0.09546	0.11962	0.01713	0.00956	0.00261	0.00401	0.01508	0.00879	0.00776
1	0.01691	0.00950	0.00976	0.00904	0.01140	0.00980	0.00686	0.09656	0.01937	0.03201	0.02553	0.03027	0.02044	0.05208	0.00813	0.00232	0.00468	0.00779	0.61936	0.00819
2	0.01287	0.00935	0.01199	0.01218	0.01403	0.00933	0.00949	0.01782	0.08286	0.02747	0.30476	0.10169	0.05493	0.07413	0.01345	0.03708	0.00565	0.18546	0.00780	0.00766
3	0.02413	0.01979	0.02668	0.02003	0.02662	0.02001	0.14215	0.34204	0.02832	0.03881	0.01954	0.06665	0.01586	0.00945	0.00814	0.00231	0.00903	0.00835	0.00657	0.16552
4	0.01337	0.01178	0.01899	0.45018	0.04007	0.01393	0.01716	0.01735	0.01598	0.02073	0.02528	0.26817	0.02617	0.01432	0.00892	0.00292	0.00863	0.01289	0.00501	0.00815
5	0.02103	0.19113	0.28962	0.02086	0.02964	0.08979	0.09249	0.06115	0.01927	0.05336	0.01485	0.01706	0.01128	0.00763	0.00727	0.00227	0.01099	0.00606	0.00422	0.05002
6	0.01998	0.08251	0.44950	0.02173	0.03169	0.05462	0.06158	0.02846	0.05368	0.09546	0.01727	0.01888	0.01230	0.00808	0.00771	0.00250	0.01114	0.00647	0.00450	0.01193
7	0.01017	0.00724	0.00954	0.01104	0.01164	0.00678	0.00740	0.01176	0.01613	0.02172	0.11054	0.60170	0.05479	0.06360	0.01203	0.00347	0.00479	0.02152	0.00754	0.00661
8	0.01072	0.00774	0.01028	0.01183	0.01286	0.00731	0.00868	0.01290	0.01708	0.02265	0.10311	0.47868	0.08833	0.02367	0.01043	0.00329	0.00520	0.15070	0.00765	0.00690
9	0.12905	0.09534	0.09001	0.06420	0.07561	0.01895	0.20883	0.02240	0.01678	0.02534	0.01909	0.13097	0.01802	0.01048	0.00891	0.00268	0.03914	0.00969	0.00461	0.00989
10	0.06526	0.04821	0.05710	0.07844	0.02457	0.04557	0.01442	0.11317	0.14078	0.20838	0.02556	0.02942	0.01952	0.04131	0.00948	0.00284	0.00819	0.04884	0.00728	0.01166
11	0.01050	0.00721	0.00936	0.01087	0.01158	0.00676	0.00737	0.01232	0.01626	0.02253	0.09185	0.59549	0.05246	0.02325	0.00986	0.00311	0.00455	0.02097	0.07694	0.00676
12	0.03917	0.01887	0.02549	0.34067	0.08977	0.09336	0.06810	0.04258	0.07610	0.02424	0.01598	0.02077	0.01242	0.00853	0.00907	0.00258	0.05202	0.00716	0.00440	0.04873
13	0.19261	0.12194	0.15536	0.03929	0.07272	0.01778	0.01578	0.02260	0.04466	0.02770	0.09047	0.09332	0.02424	0.01112	0.00742	0.00256	0.00786	0.03751	0.00528	0.00979
14	0.02187	0.04365	0.08292	0.02110	0.06199	0.15182	0.04837	0.12222	0.11381	0.02889	0.02331	0.03468	0.02081	0.01198	0.00968	0.00276	0.05155	0.13198	0.00593	0.01071

[dist]
# distance from previous block
# <min> <max>
4	20

[block]
# block no. 3 follows, 23 sequences, length 98
# corresponding to MSA columns:
# 182-279
name=unknown_D
#
# <colnr> <probs for GDERKNQSTAVLIFYWHMCP>
#	G	D	E	R	K	N	Q	S	T	A	V	L	I	F	Y	W	H	M	C	P
0	0.26197	0.17572	0.02093	0.01313	0.01801	0.09108	0.01103	0.04988	0.04289	0.07416	0.12266	0.02366	0.02261	0.00946	0.00656	0.00228	0.00739	0.00685	0.03004	0.00970
1	0.14702	0.04390	0.05891	0.01750	0.07780	0.04124	0.01355	0.03190	0.06847	0.30990	0.08671	0.02639	0.02223	0.00978	0.00762	0.00248	0.00739	0.00780	0.00757	0.01183
2	0.01898	0.04894	0.23691	0.05546	0.05025	0.01565	0.01813	0.02680	0.09382	0.11934	0.10212	0.02939	0.06128	0.01012	0.00797	0.00244	0.00830	0.00836	0.00603	0.07972
3	0.01053	0.00764	0.00989	0.01134	0.01208	0.00731	0.00767	0.01301	0.04326	0.02204	0.09308	0.60225	0.05332	0.05111	0.01142	0.00339	0.00483	0.02135	0.00757	0.00688
4	0.05009	0.06220	0.41005	0.01981	0.02851	0.05741	0.04403	0.02452	0.01780	0.05704	0.06548	0.05719	0.01882	0.04137	0.00934	0.00278	0.01040	0.00782	0.00458	0.01076
5	0.02051	0.01466	0.01734	0.01294	0.01970	0.01208	0.01038	0.02626	0.09071	0.13579	0.01953	0.02019	0.01485	0.00726	0.00663	0.00160	0.00621	0.00588	0.00609	0.55139
6	0.02169	0.71972	0.04252	0.01388	0.02083	0.03211	0.01388	0.02430	0.01649	0.01909	0.01128	0.01302	0.01041	0.00694	0.00521	0.00174	0.00868	0.00434	0.00347	0.01041
7	0.01627	0.04197	0.67279	0.02313	0.03512	0.01884	0.02998	0.02570	0.01713	0.02570	0.01456	0.01713	0.01028	0.00771	0.00771	0.00257	0.01199	0.00600	0.00343	0.01199
8	0.01180	0.00787	0.00885	0.00885	0.00885	0.00787	0.00492	0.01180	0.01180	0.01573	0.02557	0.05310	0.02950	0.71483	0.04130	0.00787	0.00787	0.01180	0.00492	0.00492
9	0.01308	0.00934	0.01308	0.01494	0.01681	0.00934	0.01308	0.01681	0.01868	0.02428	0.04296	0.09153	0.04670	0.02242	0.01121	0.00374	0.00747	0.60960	0.00747	0.00747
10	0.02991	0.03784	0.02281	0.02073	0.02493	0.65631	0.01557	0.03282	0.04755	0.02041	0.01335	0.01525	0.01101	0.00847	0.00735	0.00212	0.01431	0.00538	0.00434	0.00954
11	0.02784	0.01909	0.02089	0.01641	0.02186	0.02064	0.01331	0.46781	0.03238	0.09620	0.02364	0.02497	0.04354	0.04005	0.01056	0.04012	0.00811	0.00799	0.05231	0.01226
12	0.02008	0.01928	0.03294	0.04981	0.66422	0.01928	0.02490	0.02490	0.01848	0.02651	0.01526	0.02008	0.01285	0.00723	0.00803	0.00241	0.00964	0.00723	0.00402	0.01285
13	0.02008	0.01928	0.03294	0.04981	0.66422	0.01928	0.02490	0.02490	0.01848	0.02651	0.01526	0.02008	0.01285	0.00723	0.00803	0.00241	0.00964	0.00723	0.00402	0.01285
14	0.03220	0.02055	0.02300	0.01763	0.02408	0.02193	0.01457	0.49105	0.03450	0.20240	0.02254	0.02147	0.01534	0.00981	0.00813	0.00245	0.00843	0.00751	0.00859	0.01380
15	0.01775	0.01775	0.02485	0.02130	0.02130	0.02485	0.01775	0.01953	0.01243	0.01953	0.01065	0.01775	0.01065	0.01420	0.02663	0.00355	0.69998	0.00710	0.00355	0.00888
16	0.01627	0.04197	0.67279	0.02313	0.03512	0.01884	0.02998	0.02570	0.01713	0.02570	0.01456	0.01713	0.01028	0.00771	0.00771	0.00257	0.01199	0.00600	0.00343	0.01199
17	0.01148	0.00829	0.01085	0.01021	0.01212	0.00766	0.00766	0.01531	0.02297	0.03254	0.65994	0.06061	0.07656	0.01659	0.00957	0.00255	0.00383	0.01467	0.00893	0.00766
18	0.02097	0.02304	0.07080	0.03142	0.03958	0.02011	0.49891	0.02651	0.02005	0.02802	0.01839	0.02416	0.01447	0.00843	0.00994	0.00295	0.01308	0.00940	0.00501	0.11475
19	0.02565	0.01590	0.01778	0.01427	0.01924	0.01645	0.01157	0.30700	0.02851	0.16392	0.06943	0.03233	0.09738	0.01146	0.00799	0.00240	0.00681	0.00914	0.13117	0.01158
20	0.01287	0.00919	0.01284	0.01471	0.01649	0.00916	0.01272	0.01646	0.01848	0.02405	0.04308	0.13127	0.04715	0.02261	0.01115	0.00371	0.00729	0.57188	0.00748	0.00742
21	0.03168	0.02140	0.02353	0.01804	0.02450	0.02319	0.01490	0.54791	0.03592	0.14353	0.02135	0.02070	0.01474	0.00979	0.00812	0.00245	0.00863	0.00743	0.00840	0.01380
22	0.05837	0.03877	0.58681	0.02450	0.08264	0.01884	0.02842	0.02553	0.01705	0.02635	0.01444	0.01714	0.01040	0.00766	0.00759	0.00255	0.01149	0.00600	0.00356	0.01188
23	0.01148	0.00829	0.01085	0.01021	0.01212	0.00766	0.00766	0.01531	0.02297	0.03254	0.65994	0.06061	0.07656	0.01659	0.00957	0.00255	0.00383	0.01467	0.00893	0.00766
24	0.01137	0.00829	0.01069	0.01009	0.01205	0.00761	0.00757	0.01509	0.02270	0.03189	0.62488	0.06167	0.11202	0.01683	0.00957	0.00256	0.00385	0.01482	0.00885	0.00761
25	0.06128	0.04423	0.01909	0.01400	0.01998	0.01276	0.01162	0.03674	0.02257	0.57720	0.07073	0.02857	0.02288	0.01024	0.00801	0.00248	0.00676	0.00827	0.00950	0.01308
26	0.13490	0.01395	0.01636	0.04119	0.01892	0.01496	0.04415	0.14555	0.02133	0.10440	0.02174	0.02395	0.01625	0.00927	0.00747	0.00230	0.03362	0.00718	0.31254	0.00997
27	0.00989	0.00706	0.00942	0.01130	0.01177	0.00659	0.00753	0.01130	0.01554	0.02071	0.04472	0.70954	0.05367	0.02542	0.01036	0.00330	0.00471	0.02307	0.00753	0.00659
28	0.03551	0.01440	0.01909	0.01473	0.02095	0.01291	0.01214	0.06987	0.04783	0.61436	0.03142	0.02731	0.01995	0.01006	0.00816	0.00252	0.00699	0.00816	0.00988	0.01377
29	0.01859	0.05781	0.03721	0.20667	0.22602	0.02016	0.26600	0.02424	0.01806	0.02442	0.01529	0.02081	0.01198	0.00728	0.00851	0.00258	0.01149	0.00800	0.00392	0.01098
30	0.01666	0.01361	0.01911	0.06914	0.02071	0.01684	0.04681	0.04578	0.01576	0.02474	0.01802	0.02399	0.01526	0.01678	0.08960	0.00391	0.27730	0.00758	0.24981	0.00860
31	0.01577	0.00818	0.00825	0.00802	0.01010	0.00828	0.00607	0.04427	0.01788	0.03111	0.02618	0.02981	0.02051	0.00947	0.00577	0.00191	0.00399	0.00755	0.72904	0.00782
32	0.32491	0.01618	0.02059	0.28879	0.03448	0.04224	0.07538	0.02285	0.01582	0.02813	0.01394	0.01843	0.01067	0.00784	0.00683	0.00256	0.00900	0.00624	0.04608	0.00904
33	0.01251	0.00846	0.01112	0.01047	0.01249	0.00778	0.00784	0.01615	0.02250	0.06064	0.59194	0.10085	0.07253	0.01686	0.00956	0.00260	0.00402	0.01492	0.00889	0.00787
34	0.01995	0.02209	0.08408	0.09738	0.36002	0.08374	0.07988	0.02606	0.05290	0.02585	0.01662	0.02078	0.01330	0.00777	0.00796	0.00244	0.01029	0.00727	0.05005	0.01159
35	0.01915	0.02189	0.04788	0.03420	0.04241	0.02052	0.63475	0.02599	0.01915	0.02599	0.01642	0.02189	0.01231	0.00684	0.00958	0.00274	0.01368	0.00958	0.00410	0.01094
36	0.01138	0.00829	0.01070	0.01010	0.01206	0.00761	0.00758	0.01511	0.02273	0.03196	0.62851	0.06156	0.10834	0.01680	0.00957	0.00256	0.00384	0.01481	0.00886	0.00761
37	0.00979	0.00823	0.00850	0.00843	0.01108	0.00694	0.00632	0.01203	0.01897	0.02304	0.14310	0.07625	0.59933	0.02013	0.00959	0.00272	0.00408	0.01687	0.00768	0.00694
38	0.02169	0.71972	0.04252	0.01388	0.02083	0.03211	0.01388	0.02430	0.01649	0.01909	0.01128	0.01302	0.01041	0.00694	0.00521	0.00174	0.00868	0.00434	0.00347	0.01041
39	0.01137	0.00829	0.01069	0.01009	0.01205	0.00761	0.00757	0.01509	0.02270	0.03189	0.62488	0.06167	0.11202	0.01683	0.00957	0.00256	0.00385	0.01482	0.00885	0.00761
40	0.77215	0.01569	0.01193	0.01067	0.01569	0.01820	0.00879	0.02385	0.01381	0.03641	0.01130	0.01318	0.00879	0.00753	0.00502	0.00251	0.00628	0.00439	0.00502	0.00879
41	0.03085	0.02273	0.02435	0.01867	0.02516	0.02516	0.01542	0.63716	0.03815	0.05114	0.01948	0.01948	0.01380	0.00974	0.00812	0.00244	0.00893	0.00731	0.00812	0.01380
42	0.77215	0.01569	0.01193	0.01067	0.01569	0.01820	0.00879	0.02385	0.01381	0.03641	0.01130	0.01318	0.00879	0.00753	0.00502	0.00251	0.00628	0.00439	0.00502	0.00879
43	0.02008	0.01928	0.03294	0.04981	0.66422	0.01928	0.02490	0.02490	0.01848	0.02651	0.01526	0.02008	0.01285	0.00723	0.00803	0.00241	0.00964	0.00723	0.00402	0.01285
44	0.77215	0.01569	0.01193	0.01067	0.01569	0.01820	0.00879	0.02385	0.01381	0.03641	0.01130	0.01318	0.00879	0.00753	0.00502	0.00251	0.00628	0.00439	0.00502	0.00879
45	0.01159	0.00869	0.01304	0.01304	0.01449	0.01014	0.01014	0.01449	0.01304	0.01884	0.02173	0.03188	0.02029	0.06086	0.68268	0.01304	0.02173	0.00869	0.00435	0.00724
46	0.00989	0.00706	0.00942	0.01130	0.01177	0.00659	0.00753	0.01130	0.01554	0.02071	0.04472	0.70954	0.05367	0.02542	0.01036	0.00330	0.00471	0.02307	0.00753	0.00659
47	0.02442	0.01653	0.01749	0.01413	0.01874	0.01797	0.01144	0.38447	0.02951	0.04260	0.02234	0.02388	0.01666	0.00962	0.00712	0.00221	0.00683	0.00741	0.31538	0.01125
48	0.03085	0.02273	0.02435	0.01867	0.02516	0.02516	0.01542	0.63716	0.03815	0.05114	0.01948	0.01948	0.01380	0.00974	0.00812	0.00244	0.00893	0.00731	0.00812	0.01380
49	0.01214	0.00849	0.01000	0.00979	0.00986	0.00898	0.00593	0.01239	0.01190	0.01611	0.02450	0.04997	0.02793	0.64125	0.07200	0.00787	0.04944	0.01137	0.00481	0.00527
50	0.00989	0.00706	0.00942	0.01130	0.01177	0.00659	0.00753	0.01130	0.01554	0.02071	0.04472	0.70954	0.05367	0.02542	0.01036	0.00330	0.00471	0.02307	0.00753	0.00659
51	0.03085	0.02273	0.02435	0.01867	0.02516	0.02516	0.01542	0.63716	0.03815	0.05114	0.01948	0.01948	0.01380	0.00974	0.00812	0.00244	0.00893	0.00731	0.00812	0.01380
52	0.01134	0.00810	0.01108	0.01296	0.01407	0.00784	0.01006	0.01381	0.01697	0.02234	0.04392	0.42766	0.05049	0.02405	0.01074	0.00350	0.00597	0.29059	0.00750	0.00699
53	0.01872	0.02104	0.04521	0.10925	0.04394	0.02024	0.56525	0.02539	0.01882	0.02539	0.01619	0.02186	0.01214	0.00698	0.00941	0.00273	0.01335	0.00931	0.00405	0.01072
54	0.01187	0.00905	0.01338	0.01323	0.01455	0.01069	0.01026	0.01460	0.01296	0.01874	0.02141	0.03213	0.02025	0.08571	0.62777	0.01242	0.05067	0.00875	0.00434	0.00722
55	0.58123	0.04667	0.01552	0.01256	0.01777	0.07631	0.01032	0.08142	0.01731	0.06046	0.01297	0.01444	0.00990	0.00788	0.00563	0.00244	0.00736	0.00488	0.00537	0.00956
56	0.00989	0.00706	0.00942	0.01130	0.01177	0.00659	0.00753	0.01130	0.01554	0.02071	0.04472	0.70954	0.05367	0.02542	0.01036	0.00330	0.00471	0.02307	0.00753	0.00659
57	0.01789	0.01892	0.03774	0.27201	0.11934	0.01949	0.34548	0.02399	0.01803	0.02417	0.01557	0.02159	0.01184	0.00734	0.00887	0.00269	0.01219	0.00846	0.00392	0.01048
58	0.01148	0.00829	0.01085	0.01021	0.01212	0.00766	0.00766	0.01531	0.02297	0.03254	0.65994	0.06061	0.07656	0.01659	0.00957	0.00255	0.00383	0.01467	0.00893	0.00766
59	0.01169	0.00832	0.01115	0.01115	0.01194	0.00911	0.00778	0.01327	0.01248	0.01743	0.02347	0.04147	0.02445	0.35654	0.39269	0.01070	0.01546	0.01010	0.00460	0.00619
60	0.77215	0.01569	0.01193	0.01067	0.01569	0.01820	0.00879	0.02385	0.01381	0.03641	0.01130	0.01318	0.00879	0.00753	0.00502	0.00251	0.00628	0.00439	0.00502	0.00879
61	0.00971	0.00822	0.00839	0.00835	0.01103	0.00690	0.00626	0.01188	0.01878	0.02260	0.11935	0.07697	0.62334	0.02030	0.00959	0.00273	0.00409	0.01697	0.00762	0.00690
62	0.02169	0.71972	0.04252	0.01388	0.02083	0.03211	0.01388	0.02430	0.01649	0.01909	0.01128	0.01302	0.01041	0.00694	0.00521	0.00174	0.00868	0.00434	0.00347	0.01041
63	0.02901	0.02017	0.02176	0.01692	0.02278	0.02203	0.01390	0.51991	0.03445	0.08251	0.02113	0.02140	0.01510	0.00972	0.00779	0.00237	0.00812	0.00739	0.11060	0.01295
64	0.03085	0.02273	0.02435	0.01867	0.02516	0.02516	0.01542	0.63716	0.03815	0.05114	0.01948	0.01948	0.01380	0.00974	0.00812	0.00244	0.00893	0.00731	0.00812	0.01380
65	0.02953	0.02306	0.02354	0.01854	0.02467	0.06443	0.01513	0.52879	0.11100	0.04717	0.02069	0.02049	0.01492	0.00981	0.00809	0.00245	0.00897	0.00740	0.00790	0.01342
66	0.01884	0.01587	0.01686	0.01511	0.01936	0.01781	0.01176	0.07511	0.47969	0.03349	0.09337	0.03796	0.10447	0.01256	0.00852	0.00271	0.00608	0.01049	0.00822	0.01173
67	0.03031	0.03867	0.02299	0.02090	0.02508	0.68226	0.01568	0.03240	0.02299	0.01986	0.01254	0.01463	0.01045	0.00836	0.00732	0.00209	0.01463	0.00523	0.00418	0.00941
68	0.02018	0.01743	0.01835	0.01651	0.02110	0.02018	0.01284	0.04312	0.64956	0.03394	0.03303	0.03027	0.02477	0.01101	0.00826	0.00275	0.00642	0.00917	0.00826	0.01284
69	0.01763	0.01758	0.02483	0.05536	0.02305	0.02451	0.01799	0.01959	0.01262	0.01959	0.01084	0.01795	0.01066	0.01389	0.02569	0.00351	0.66516	0.00711	0.00355	0.00888
70	0.77215	0.01569	0.01193	0.01067	0.01569	0.01820	0.00879	0.02385	0.01381	0.03641	0.01130	0.01318	0.00879	0.00753	0.00502	0.00251	0.00628	0.00439	0.00502	0.00879
71	0.03641	0.01381	0.01883	0.01444	0.02071	0.01193	0.01193	0.03954	0.02322	0.66984	0.03201	0.02762	0.02009	0.01004	0.00816	0.00251	0.00690	0.00816	0.01004	0.01381
72	0.01842	0.02018	0.04302	0.11137	0.04225	0.01948	0.52736	0.02451	0.01833	0.02471	0.01605	0.02201	0.01223	0.00817	0.01063	0.04483	0.01297	0.00916	0.00401	0.01030
73	0.01627	0.04197	0.67279	0.02313	0.03512	0.01884	0.02998	0.02570	0.01713	0.02570	0.01456	0.01713	0.01028	0.00771	0.00771	0.00257	0.01199	0.00600	0.00343	0.01199
74	0.01532	0.01442	0.02434	0.69533	0.05589	0.01803	0.02253	0.02073	0.01622	0.02073	0.01442	0.02163	0.01082	0.00811	0.00811	0.00270	0.01082	0.00721	0.00361	0.00901
75	0.02984	0.07571	0.02406	0.02052	0.02485	0.64690	0.01558	0.03196	0.02264	0.01982	0.01247	0.01454	0.01045	0.00828	0.00720	0.00207	0.01431	0.00518	0.00414	0.00946
76	0.01532	0.01442	0.02434	0.69533	0.05589	0.01803	0.02253	0.02073	0.01622	0.02073	0.01442	0.02163	0.01082	0.00811	0.00811	0.00270	0.01082	0.00721	0.00361	0.00901
77	0.02008	0.01928	0.03294	0.04981	0.66422	0.01928	0.02490	0.02490	0.01848	0.02651	0.01526	0.02008	0.01285	0.00723	0.00803	0.00241	0.00964	0.00723	0.00402	0.01285
78	0.01006	0.00724	0.00959	0.01140	0.01204	0.00676	0.00781	0.01164	0.01583	0.02097	0.04594	0.65069	0.07473	0.02507	0.01038	0.00330	0.00485	0.05751	0.00753	0.00665
79	0.01993	0.02021	0.05924	0.04871	0.63836	0.01926	0.02511	0.02494	0.01842	0.02648	0.01523	0.01996	0.01275	0.00725	0.00802	0.00242	0.00974	0.00718	0.00399	0.01282
80	0.01942	0.01860	0.03174	0.13950	0.57969	0.01911	0.02457	0.02432	0.01816	0.02571	0.01515	0.02030	0.01257	0.00735	0.00804	0.00245	0.00980	0.00723	0.00396	0.01232
81	0.01175	0.00805	0.00979	0.00979	0.01011	0.00837	0.00608	0.01240	0.01208	0.01643	0.02471	0.04836	0.02744	0.56879	0.18453	0.00902	0.01096	0.01111	0.00479	0.00544
82	0.03085	0.02273	0.02435	0.01867	0.02516	0.02516	0.01542	0.63716	0.03815	0.05114	0.01948	0.01948	0.01380	0.00974	0.00812	0.00244	0.00893	0.00731	0.00812	0.01380
83	0.01707	0.01620	0.02749	0.45868	0.27890	0.01849	0.02340	0.02226	0.01705	0.02285	0.01473	0.02106	0.01156	0.00779	0.00808	0.00260	0.01039	0.00722	0.00376	0.01042
84	0.07416	0.01345	0.01714	0.01372	0.01903	0.01249	0.01114	0.05553	0.06115	0.45603	0.14464	0.03264	0.02976	0.01113	0.00824	0.00253	0.00635	0.00915	0.00937	0.01233
85	0.01148	0.00862	0.01253	0.01253	0.01397	0.00982	0.00962	0.01418	0.01330	0.01885	0.02552	0.03576	0.05864	0.09404	0.60802	0.01215	0.01994	0.00936	0.00457	0.00709
86	0.01882	0.02116	0.04501	0.07595	0.04203	0.02062	0.55892	0.02527	0.01857	0.02527	0.01595	0.02163	0.01212	0.00736	0.01049	0.00278	0.05405	0.00928	0.00404	0.01070
87	0.01912	0.01919	0.03124	0.24593	0.37407	0.05820	0.08681	0.02417	0.01812	0.02428	0.01496	0.02043	0.01203	0.00753	0.00818	0.00252	0.01072	0.00735	0.00391	0.01127
88	0.01664	0.01631	0.02440	0.16095	0.02857	0.02171	0.04320	0.01940	0.01369	0.02009	0.01404	0.06006	0.01360	0.01479	0.04216	0.00363	0.46588	0.00822	0.00385	0.00880
89	0.10624	0.01909	0.02144	0.08122	0.06314	0.04289	0.01480	0.28032	0.09168	0.13926	0.02325	0.02335	0.03780	0.00972	0.00783	0.00251	0.00831	0.00759	0.00729	0.01228
90	0.01832	0.01727	0.02969	0.19108	0.43772	0.01802	0.05350	0.02281	0.01736	0.02416	0.01559	0.02233	0.01323	0.04306	0.01069	0.03258	0.00992	0.00756	0.00395	0.01113
91	0.02770	0.01528	0.05631	0.05217	0.02211	0.01338	0.01290	0.03440	0.12447	0.39770	0.06075	0.03237	0.05434	0.04638	0.00996	0.00285	0.00711	0.00907	0.00857	0.01221
92	0.02394	0.01815	0.07447	0.13608	0.11682	0.04398	0.01701	0.06549	0.04097	0.22301	0.06750	0.02801	0.02065	0.00980	0.00816	0.00249	0.00856	0.03210	0.00666	0.05615
93	0.02073	0.02122	0.10022	0.25970	0.14722	0.08362	0.04395	0.02664	0.04706	0.10101	0.01742	0.02097	0.01294	0.00812	0.00791	0.00247	0.01028	0.00702	0.00479	0.05672
94	0.02401	0.05332	0.08670	0.09862	0.02797	0.11070	0.05344	0.05156	0.16415	0.16938	0.02414	0.06111	0.01849	0.01008	0.00809	0.00256	0.00928	0.00837	0.00654	0.01150
95	0.06827	0.02032	0.08138	0.14607	0.03592	0.05344	0.26498	0.02541	0.01839	0.08622	0.01826	0.04558	0.01416	0.00832	0.00830	0.00256	0.01085	0.00835	0.04193	0.04131
96	0.21950	0.04705	0.08283	0.04121	0.05095	0.01794	0.05160	0.08259	0.10104	0.10469	0.07678	0.02350	0.01949	0.00918	0.00730	0.00248	0.00777	0.00733	0.00626	0.04051
97	0.01690	0.07647	0.20649	0.05900	0.05254	0.01593	0.07061	0.04603	0.01971	0.05347	0.18146	0.06684	0.03050	0.01087	0.00825	0.00246	0.00853	0.00950	0.00569	0.05877

[dist]
# distance from previous block
# <min> <max>
14	77

[block]
# block no. 4 follows, 23 sequences, length 26
# corresponding to MSA columns:
# 372-397
name=unknown_E
#
# <colnr> <probs for GDERKNQSTAVLIFYWHMCP>
#	G	D	E	R	K	N	Q	S	T	A	V	L	I	F	Y	W	H	M	C	P
0	0.09774	0.05841	0.06344	0.04535	0.02125	0.01530	0.01296	0.04943	0.06537	0.22572	0.10417	0.07269	0.02575	0.01122	0.00879	0.00252	0.04302	0.00895	0.00721	0.06072
1	0.07785	0.18541	0.09670	0.01447	0.01998	0.01864	0.01346	0.08279	0.05853	0.10929	0.12984	0.03190	0.02715	0.05771	0.00978	0.00277	0.00759	0.03938	0.00638	0.01037
2	0.03992	0.07031	0.24292	0.04984	0.02431	0.04531	0.01721	0.05222	0.01974	0.02859	0.18422	0.02954	0.02887	0.01019	0.00768	0.00234	0.00825	0.00827	0.07600	0.05427
3	0.10589	0.01975	0.13337	0.10824	0.02654	0.01700	0.01607	0.04866	0.15704	0.05826	0.06479	0.05801	0.02084	0.01030	0.00868	0.00256	0.04377	0.00820	0.00589	0.08615
4	0.01855	0.01695	0.02336	0.03246	0.02399	0.05001	0.13254	0.10031	0.01960	0.02693	0.02239	0.08755	0.05944	0.01165	0.01105	0.04846	0.06734	0.00899	0.00530	0.23313
5	0.02456	0.19791	0.12213	0.01739	0.02413	0.06708	0.01639	0.18462	0.10855	0.09303	0.02050	0.02319	0.01601	0.00951	0.00746	0.00238	0.00909	0.03794	0.00618	0.01194
6	0.10984	0.02202	0.18416	0.04000	0.02459	0.01575	0.01609	0.08177	0.05278	0.13046	0.05738	0.02192	0.01715	0.00856	0.00726	0.00224	0.00803	0.00672	0.00598	0.18730
7	0.02189	0.06725	0.10446	0.01664	0.02264	0.04972	0.06489	0.05550	0.05071	0.16343	0.02329	0.10235	0.01984	0.04581	0.01025	0.02609	0.00836	0.00893	0.00618	0.13177
8	0.09646	0.16024	0.02374	0.01631	0.02056	0.20524	0.06690	0.02311	0.01846	0.02316	0.06325	0.11061	0.04861	0.01462	0.05255	0.00306	0.01028	0.00904	0.02487	0.00891
9	0.02391	0.02101	0.09306	0.01621	0.02282	0.06208	0.01425	0.18970	0.06095	0.12277	0.02124	0.06598	0.01685	0.00951	0.00758	0.00216	0.00812	0.00758	0.00661	0.22761
10	0.04132	0.18104	0.28483	0.01809	0.02641	0.02170	0.01972	0.12509	0.06409	0.07197	0.01769	0.01889	0.01311	0.00835	0.00710	0.00233	0.00941	0.00626	0.05084	0.01176
11	0.02231	0.01854	0.05751	0.04813	0.02320	0.01809	0.01380	0.24505	0.15545	0.06963	0.02999	0.06243	0.08929	0.01135	0.00815	0.00246	0.00749	0.00923	0.00727	0.10063
12	0.10639	0.07510	0.43598	0.01975	0.02936	0.01927	0.02329	0.02840	0.09259	0.07054	0.01735	0.01869	0.01250	0.00819	0.00734	0.00253	0.01012	0.00623	0.00463	0.01175
13	0.02126	0.29339	0.30153	0.01911	0.02769	0.13126	0.02097	0.05562	0.01885	0.02351	0.01325	0.01531	0.01053	0.00763	0.00673	0.00217	0.01103	0.00532	0.00379	0.01107
14	0.01636	0.01280	0.01509	0.01318	0.01700	0.01216	0.01003	0.11612	0.04842	0.02813	0.04255	0.26199	0.03072	0.04824	0.01040	0.00269	0.02326	0.03373	0.00659	0.25053
15	0.01179	0.00792	0.00910	0.00910	0.00918	0.00800	0.00522	0.01196	0.01187	0.01592	0.02534	0.05185	0.02896	0.67641	0.07898	0.00817	0.00868	0.01162	0.00488	0.00505
16	0.01024	0.00721	0.00931	0.01085	0.01124	0.00682	0.00706	0.01139	0.01485	0.01981	0.04123	0.58986	0.04926	0.15111	0.01600	0.00413	0.00528	0.02101	0.00706	0.00629
17	0.20303	0.02077	0.02057	0.01664	0.02217	0.05668	0.01359	0.34920	0.08806	0.07069	0.01864	0.01907	0.01363	0.00950	0.00825	0.00252	0.04113	0.00672	0.00707	0.01207
18	0.02896	0.01203	0.01631	0.01338	0.01818	0.01053	0.01067	0.03194	0.02204	0.48382	0.12163	0.13411	0.03299	0.01326	0.00869	0.00263	0.00615	0.01130	0.00951	0.01187
19	0.01011	0.00722	0.00967	0.01155	0.01212	0.00678	0.00791	0.01168	0.01575	0.02096	0.04460	0.66710	0.05319	0.02521	0.01042	0.00333	0.00490	0.06334	0.00753	0.00665
20	0.02962	0.02042	0.02231	0.01718	0.02338	0.02196	0.01414	0.50587	0.03419	0.10904	0.02091	0.02085	0.01478	0.00956	0.00785	0.00234	0.00824	0.00728	0.05776	0.05233
21	0.01798	0.01201	0.04490	0.01257	0.01656	0.00945	0.01007	0.02100	0.01877	0.17278	0.12696	0.27557	0.03855	0.01561	0.00869	0.00253	0.00570	0.01370	0.00755	0.16905
22	0.07047	0.47146	0.18859	0.01629	0.02413	0.06745	0.01747	0.02509	0.01686	0.02184	0.01214	0.01410	0.01028	0.00725	0.00591	0.00201	0.00966	0.00479	0.00361	0.01062
23	0.01519	0.00914	0.01174	0.01098	0.01361	0.00824	0.00845	0.01841	0.02138	0.13252	0.37243	0.11470	0.15791	0.01730	0.00952	0.00272	0.00469	0.05399	0.00867	0.00842
24	0.01265	0.01099	0.05609	0.01120	0.01431	0.00857	0.00955	0.01622	0.02056	0.06055	0.31397	0.06551	0.26383	0.01767	0.00957	0.00276	0.00508	0.08501	0.00796	0.00798
25	0.01739	0.06306	0.42260	0.05085	0.03761	0.01991	0.22255	0.02555	0.01772	0.02533	0.01501	0.01864	0.01095	0.00741	0.00822	0.00259	0.01235	0.00712	0.00365	0.01148

[dist]
# distance from previous block
# <min> <max>
1	6

[block]
# block no. 5 follows, 23 sequences, length 26
# corresponding to MSA columns:
# 404-429
name=unknown_F
#
# <colnr> <probs for GDERKNQSTAVLIFYWHMCP>
#	G	D	E	R	K	N	Q	S	T	A	V	L	I	F	Y	W	H	M	C	P
0	0.09790	0.01534	0.01725	0.01281	0.01940	0.01333	0.01034	0.06785	0.01794	0.02907	0.01431	0.01668	0.01175	0.00683	0.00700	0.00154	0.03776	0.00506	0.00503	0.59282
1	0.01835	0.01564	0.01917	0.01658	0.08801	0.01292	0.01172	0.07288	0.01880	0.02853	0.01494	0.01739	0.01226	0.00645	0.00640	0.00143	0.00664	0.00527	0.00500	0.62161
2	0.05363	0.01928	0.01954	0.01587	0.02094	0.06644	0.01278	0.34951	0.07583	0.08176	0.08912	0.02587	0.02207	0.01036	0.00782	0.00239	0.00776	0.00805	0.09912	0.01183
3	0.01928	0.02632	0.20246	0.02942	0.06558	0.01991	0.35915	0.08991	0.02046	0.02837	0.01748	0.05106	0.01382	0.00822	0.00891	0.00267	0.01216	0.00892	0.00451	0.01141
4	0.00989	0.00706	0.00942	0.01130	0.01177	0.00659	0.00753	0.01130	0.01554	0.02071	0.04472	0.70954	0.05367	0.02542	0.01036	0.00330	0.00471	0.02307	0.00753	0.00659
5	0.06087	0.02122	0.02244	0.01783	0.02383	0.02373	0.01455	0.47537	0.17597	0.04659	0.02220	0.02166	0.01607	0.00993	0.00801	0.00251	0.00824	0.00760	0.00801	0.01336
