[name]
unknown

[dist]
# distance from previous block
# <min> <max>
0	32

[block]
# block no. 0 follows, 22 sequences, length 247
# corresponding to MSA columns:
# 32-278
name=unknown_A
#
# <colnr> <probs for GDERKNQSTAVLIFYWHMCP>
#	G	D	E	R	K	N	Q	S	T	A	V	L	I	F	Y	W	H	M	C	P
0	0.01339	0.00956	0.01339	0.01530	0.01721	0.00956	0.01339	0.01721	0.01912	0.02486	0.04399	0.09371	0.04781	0.02295	0.01147	0.00382	0.00765	0.60031	0.00765	0.00765
1	0.01760	0.01754	0.03238	0.32257	0.12036	0.01942	0.19916	0.02267	0.01711	0.02306	0.01510	0.02183	0.01194	0.00945	0.01173	0.04193	0.07421	0.00808	0.00388	0.00998
2	0.01188	0.00886	0.01314	0.01314	0.01455	0.01027	0.01012	0.01470	0.01329	0.01913	0.02244	0.03369	0.02123	0.09367	0.64438	0.01309	0.02156	0.00906	0.00448	0.00730
3	0.01549	0.00774	0.00774	0.00774	0.00968	0.00774	0.00581	0.01936	0.01742	0.03097	0.02710	0.03097	0.02129	0.00968	0.00581	0.00194	0.00387	0.00774	0.75416	0.00774
4	0.03158	0.02327	0.02493	0.01911	0.02576	0.02576	0.01579	0.62852	0.03906	0.05236	0.01995	0.01995	0.01413	0.00997	0.00831	0.00249	0.00914	0.00748	0.00831	0.01413
5	0.02066	0.01785	0.01878	0.01691	0.02160	0.02066	0.01315	0.04414	0.64121	0.03475	0.03381	0.03099	0.02536	0.01127	0.00845	0.00282	0.00657	0.00939	0.00845	0.01315
6	0.01569	0.01477	0.02492	0.68808	0.05722	0.01846	0.02307	0.02123	0.01661	0.02123	0.01477	0.02215	0.01107	0.00831	0.00831	0.00277	0.01107	0.00738	0.00369	0.00923
7	0.68510	0.01585	0.01300	0.01136	0.01664	0.01792	0.00936	0.02622	0.01522	0.10718	0.01394	0.01515	0.01029	0.00800	0.00550	0.00257	0.00650	0.00493	0.00572	0.00957
8	0.66416	0.01859	0.07574	0.01232	0.01820	0.01844	0.01123	0.02526	0.01486	0.06182	0.01276	0.01449	0.00962	0.00783	0.00554	0.00258	0.00702	0.00482	0.00519	0.00953
9	0.01219	0.00895	0.01148	0.01077	0.01286	0.00846	0.00810	0.01706	0.05357	0.03338	0.62177	0.06054	0.07581	0.01671	0.00973	0.00262	0.00405	0.01475	0.00911	0.00810
10	0.04803	0.01737	0.03020	0.23130	0.03795	0.02011	0.19935	0.02247	0.01646	0.02402	0.01532	0.02161	0.01231	0.00965	0.01337	0.00292	0.18966	0.00799	0.07027	0.00964
11	0.73292	0.04771	0.01363	0.01107	0.01630	0.01928	0.00923	0.02444	0.01426	0.03647	0.01157	0.01349	0.00907	0.00768	0.00515	0.00253	0.00654	0.00450	0.00507	0.00907
12	0.01415	0.00830	0.01272	0.10800	0.01760	0.00878	0.00954	0.01239	0.01219	0.01612	0.01780	0.09665	0.01825	0.02561	0.02668	0.56992	0.00751	0.00898	0.00405	0.00475
13	0.09980	0.44477	0.03468	0.01530	0.02188	0.05901	0.01404	0.14551	0.04842	0.02853	0.01424	0.01550	0.01182	0.00798	0.00614	0.00206	0.00887	0.00531	0.00490	0.01124
14	0.01208	0.00805	0.00906	0.00906	0.00906	0.00805	0.00503	0.01208	0.01208	0.01611	0.02618	0.05436	0.03020	0.70804	0.04228	0.00805	0.00805	0.01208	0.00503	0.00503
15	0.04633	0.01649	0.02933	0.50785	0.08366	0.01900	0.13428	0.02257	0.01719	0.02316	0.01506	0.02177	0.01138	0.00799	0.00845	0.00275	0.01137	0.00772	0.00386	0.00979
16	0.02143	0.48685	0.13283	0.01890	0.02681	0.05808	0.10481	0.02571	0.01767	0.02157	0.01285	0.01532	0.01092	0.00727	0.00644	0.00206	0.01038	0.00550	0.00367	0.01093
17	0.01176	0.00849	0.01110	0.01045	0.01241	0.00784	0.00784	0.01568	0.02352	0.03331	0.65184	0.06206	0.07839	0.01698	0.00980	0.00261	0.00392	0.01502	0.00914	0.00784
18	0.01012	0.00723	0.00964	0.01157	0.01205	0.00675	0.00771	0.01157	0.01591	0.02121	0.04579	0.70262	0.05495	0.02603	0.01060	0.00337	0.00482	0.02362	0.00771	0.00675
19	0.01193	0.00799	0.00910	0.00925	0.00929	0.00795	0.00524	0.01204	0.01237	0.01649	0.02766	0.10350	0.03208	0.65635	0.03988	0.00770	0.00781	0.01296	0.00524	0.00516
20	0.03158	0.02327	0.02493	0.01911	0.02576	0.02576	0.01579	0.62852	0.03906	0.05236	0.01995	0.01995	0.01413	0.00997	0.00831	0.00249	0.00914	0.00748	0.00831	0.01413
21	0.76672	0.01607	0.01221	0.01092	0.01607	0.01864	0.00900	0.02442	0.01414	0.03727	0.01157	0.01350	0.00900	0.00771	0.00514	0.00257	0.00643	0.00450	0.00514	0.00900
22	0.01192	0.00871	0.01238	0.01238	0.01353	0.00986	0.00918	0.01421	0.01306	0.01857	0.02314	0.03755	0.02290	0.20822	0.53212	0.01215	0.01904	0.00962	0.00458	0.00688
23	0.03727	0.01414	0.01928	0.01478	0.02121	0.01221	0.01221	0.04049	0.02378	0.66198	0.03277	0.02828	0.02056	0.01028	0.00835	0.00257	0.00707	0.00835	0.01028	0.01414
24	0.02013	0.01509	0.01781	0.01289	0.02014	0.01188	0.01038	0.05099	0.01896	0.09928	0.01702	0.01859	0.01331	0.00679	0.00650	0.00144	0.00639	0.00542	0.00568	0.64132
25	0.02221	0.71304	0.04353	0.01421	0.02132	0.03287	0.01421	0.02488	0.01688	0.01955	0.01155	0.01333	0.01066	0.00711	0.00533	0.00178	0.00888	0.00444	0.00355	0.01066
26	0.76672	0.01607	0.01221	0.01092	0.01607	0.01864	0.00900	0.02442	0.01414	0.03727	0.01157	0.01350	0.00900	0.00771	0.00514	0.00257	0.00643	0.00450	0.00514	0.00900
27	0.76672	0.01607	0.01221	0.01092	0.01607	0.01864	0.00900	0.02442	0.01414	0.03727	0.01157	0.01350	0.00900	0.00771	0.00514	0.00257	0.00643	0.00450	0.00514	0.00900
28	0.01339	0.00956	0.01339	0.01530	0.01721	0.00956	0.01339	0.01721	0.01912	0.02486	0.04399	0.09371	0.04781	0.02295	0.01147	0.00382	0.00765	0.60031	0.00765	0.00765
29	0.01208	0.00805	0.00906	0.00906	0.00906	0.00805	0.00503	0.01208	0.01208	0.01611	0.02618	0.05436	0.03020	0.70804	0.04228	0.00805	0.00805	0.01208	0.00503	0.00503
30	0.01339	0.00956	0.01339	0.01530	0.01721	0.00956	0.01339	0.01721	0.01912	0.02486	0.04399	0.09371	0.04781	0.02295	0.01147	0.00382	0.00765	0.60031	0.00765	0.00765
31	0.01723	0.01477	0.01723	0.01230	0.01969	0.01107	0.00984	0.02092	0.01723	0.02707	0.01477	0.01723	0.01230	0.00615	0.00615	0.00123	0.00615	0.00492	0.00492	0.75883
32	0.01666	0.04297	0.66500	0.02368	0.03596	0.01929	0.03069	0.02631	0.01754	0.02631	0.01491	0.01754	0.01052	0.00789	0.00789	0.00263	0.01228	0.00614	0.00351	0.01228
33	0.02485	0.02216	0.04993	0.01808	0.02353	0.09195	0.01488	0.18713	0.33753	0.06784	0.02760	0.02847	0.02102	0.01096	0.00841	0.00269	0.00846	0.03395	0.00780	0.01278
34	0.01042	0.00782	0.00953	0.01038	0.01173	0.00708	0.00721	0.01240	0.01786	0.02338	0.16046	0.38734	0.22166	0.05824	0.01188	0.00333	0.00466	0.01986	0.00782	0.00692
35	0.01723	0.01477	0.01723	0.01230	0.01969	0.01107	0.00984	0.02092	0.01723	0.02707	0.01477	0.01723	0.01230	0.00615	0.00615	0.00123	0.00615	0.00492	0.00492	0.75883
36	0.05654	0.01452	0.01759	0.01500	0.01912	0.01509	0.04078	0.14608	0.13361	0.09488	0.19243	0.12336	0.06716	0.01434	0.00900	0.00273	0.00647	0.01233	0.00828	0.01067
37	0.01018	0.00734	0.00965	0.01137	0.01203	0.00681	0.00765	0.01177	0.01639	0.02181	0.07503	0.64552	0.08291	0.02539	0.01053	0.00331	0.00475	0.02295	0.00778	0.00681
38	0.02768	0.04899	0.02368	0.01782	0.02394	0.02321	0.01466	0.39599	0.14056	0.07082	0.02177	0.02167	0.01595	0.00993	0.00877	0.00245	0.03532	0.00749	0.00773	0.08155
39	0.01995	0.01506	0.01777	0.01286	0.02011	0.01182	0.01035	0.04884	0.01885	0.09521	0.01689	0.01851	0.01325	0.00675	0.00648	0.00143	0.00638	0.00539	0.00563	0.64849
40	0.02218	0.37213	0.26976	0.01778	0.02671	0.02509	0.02003	0.02749	0.01805	0.10798	0.01563	0.01688	0.01193	0.00782	0.00668	0.00220	0.00989	0.00559	0.00444	0.01172
41	0.02056	0.01709	0.01852	0.04368	0.02250	0.01954	0.01316	0.04141	0.55931	0.05839	0.03559	0.03305	0.05693	0.01161	0.00851	0.00281	0.00666	0.00969	0.00829	0.01271
42	0.01012	0.00723	0.00964	0.01157	0.01205	0.00675	0.00771	0.01157	0.01591	0.02121	0.04579	0.70262	0.05495	0.02603	0.01060	0.00337	0.00482	0.02362	0.00771	0.00675
43	0.01607	0.01523	0.02614	0.55481	0.11460	0.01807	0.05176	0.02139	0.01695	0.02208	0.01666	0.05938	0.01377	0.00912	0.00850	0.00277	0.01075	0.00839	0.00398	0.00959
44	0.05507	0.02000	0.02125	0.01692	0.02252	0.02206	0.01377	0.46858	0.06741	0.04666	0.02256	0.05547	0.01746	0.01072	0.00801	0.00249	0.00804	0.00831	0.09999	0.01273
45	0.01443	0.00722	0.01082	0.01082	0.01082	0.00722	0.00722	0.01082	0.01082	0.01443	0.01443	0.02525	0.01443	0.02886	0.03247	0.75830	0.00722	0.00722	0.00361	0.00361
46	0.02210	0.01705	0.02441	0.33247	0.11765	0.01928	0.01946	0.15955	0.05353	0.09057	0.01922	0.02288	0.01408	0.00896	0.00820	0.00262	0.00957	0.00761	0.03939	0.01140
47	0.33679	0.02070	0.05026	0.09056	0.02543	0.05442	0.01422	0.21932	0.02325	0.03847	0.01500	0.01699	0.01120	0.00849	0.00682	0.00249	0.00853	0.00593	0.00587	0.04528
48	0.01083	0.00812	0.01175	0.01295	0.01392	0.00764	0.03628	0.01274	0.01635	0.02177	0.04432	0.61918	0.05241	0.02490	0.01064	0.00339	0.00548	0.07276	0.00755	0.00703
49	0.02765	0.04674	0.02406	0.04821	0.02586	0.02329	0.01504	0.44692	0.08669	0.04483	0.01992	0.02040	0.01460	0.00940	0.00793	0.00234	0.00860	0.00719	0.00749	0.11287
50	0.01187	0.00890	0.01335	0.01335	0.01483	0.01038	0.01038	0.01483	0.01335	0.01928	0.02225	0.03264	0.02077	0.06231	0.67512	0.01335	0.02225	0.00890	0.00445	0.00742
51	0.01981	0.01803	0.02618	0.05775	0.02837	0.01727	0.15613	0.08611	0.15142	0.03070	0.01976	0.02189	0.01523	0.00792	0.00782	0.00214	0.00865	0.00740	0.00576	0.31164
52	0.01891	0.02227	0.10059	0.15435	0.23082	0.02000	0.27889	0.02529	0.01866	0.02579	0.01590	0.02132	0.01230	0.00744	0.00887	0.00268	0.01206	0.00829	0.00402	0.01155
53	0.01025	0.00733	0.00975	0.01148	0.01208	0.00683	0.00772	0.01189	0.01649	0.02214	0.09273	0.65300	0.05676	0.02533	0.01054	0.00331	0.00475	0.02295	0.00782	0.00683
54	0.01157	0.00835	0.01094	0.01058	0.01237	0.00772	0.00782	0.01522	0.02266	0.03196	0.58402	0.13374	0.07576	0.01800	0.00989	0.00270	0.00402	0.01599	0.00898	0.00772
55	0.01254	0.00839	0.01020	0.01033	0.01206	0.00813	0.00755	0.01649	0.04354	0.02873	0.27321	0.20376	0.08386	0.01939	0.03949	0.00314	0.00508	0.01489	0.19152	0.00770
56	0.01743	0.04195	0.63187	0.02344	0.03543	0.01963	0.02992	0.05748	0.01865	0.02766	0.01517	0.01766	0.01071	0.00800	0.00791	0.00262	0.01212	0.00621	0.00376	0.01237
57	0.01157	0.00843	0.01088	0.01039	0.01233	0.00774	0.00775	0.01527	0.02289	0.03212	0.59065	0.09475	0.10878	0.01765	0.00984	0.00266	0.00398	0.01559	0.00900	0.00774
58	0.02496	0.01192	0.01388	0.01160	0.01567	0.01158	0.00927	0.10515	0.02237	0.24792	0.02810	0.02863	0.02012	0.00992	0.00699	0.00222	0.00564	0.00792	0.40540	0.01074
59	0.03128	0.02350	0.06084	0.01895	0.02590	0.02408	0.01629	0.53704	0.03635	0.11015	0.02091	0.02062	0.01455	0.00988	0.00829	0.00251	0.00912	0.00749	0.00823	0.01402
60	0.01019	0.00734	0.00967	0.01138	0.01204	0.00681	0.00766	0.01179	0.01642	0.02188	0.07867	0.64483	0.07982	0.02536	0.01053	0.00331	0.00475	0.02293	0.00779	0.00681
61	0.01207	0.00810	0.00930	0.00930	0.00938	0.00818	0.00533	0.01223	0.01215	0.01628	0.02596	0.05317	0.02968	0.67257	0.07705	0.00834	0.00883	0.01191	0.00500	0.00516
62	0.00991	0.00842	0.00855	0.00851	0.01128	0.00705	0.00639	0.01210	0.01916	0.02297	0.11173	0.07908	0.62495	0.02084	0.00982	0.00280	0.00419	0.01741	0.00778	0.00705
63	0.01723	0.01477	0.01723	0.01230	0.01969	0.01107	0.00984	0.02092	0.01723	0.02707	0.01477	0.01723	0.01230	0.00615	0.00615	0.00123	0.00615	0.00492	0.00492	0.75883
64	0.02276	0.09394	0.24007	0.01884	0.02679	0.02047	0.01940	0.11291	0.12707	0.11407	0.02063	0.02117	0.01503	0.00918	0.00868	0.00249	0.04308	0.00696	0.00602	0.07044
65	0.01921	0.13000	0.19072	0.02833	0.03740	0.02197	0.37044	0.02605	0.01862	0.02550	0.01549	0.01970	0.01182	0.00719	0.00854	0.00254	0.01252	0.00795	0.00397	0.04202
66	0.01146	0.01206	0.08494	0.01389	0.01620	0.00892	0.03874	0.01433	0.01703	0.02325	0.10237	0.52980	0.05040	0.02221	0.01018	0.00319	0.00599	0.02016	0.00722	0.00768
67	0.00992	0.00842	0.00855	0.00852	0.01128	0.00706	0.00639	0.01211	0.01917	0.02300	0.11318	0.07903	0.62348	0.02083	0.00982	0.00280	0.00419	0.01740	0.00779	0.00706
68	0.01723	0.01477	0.01723	0.01230	0.01969	0.01107	0.00984	0.02092	0.01723	0.02707	0.01477	0.01723	0.01230	0.00615	0.00615	0.00123	0.00615	0.00492	0.00492	0.75883
69	0.01595	0.01498	0.02493	0.56374	0.10610	0.01831	0.02225	0.02104	0.01659	0.02169	0.01626	0.05703	0.01352	0.00945	0.00936	0.00282	0.04440	0.00822	0.00393	0.00944
70	0.02117	0.29626	0.12681	0.08257	0.02881	0.02525	0.07032	0.02538	0.01702	0.07960	0.01459	0.01782	0.01179	0.00902	0.01078	0.00250	0.13892	0.00631	0.00424	0.01082
71	0.02169	0.60970	0.04218	0.01610	0.02263	0.03151	0.04943	0.02452	0.01665	0.01999	0.01179	0.01429	0.01079	0.00779	0.00761	0.00201	0.07217	0.00501	0.00360	0.01055
72	0.01012	0.00723	0.00964	0.01157	0.01205	0.00675	0.00771	0.01157	0.01591	0.02121	0.04579	0.70262	0.05495	0.02603	0.01060	0.00337	0.00482	0.02362	0.00771	0.00675
73	0.05024	0.03595	0.46446	0.02450	0.06461	0.04466	0.07802	0.02791	0.01851	0.09028	0.01668	0.01892	0.01178	0.00805	0.00799	0.00261	0.01165	0.00664	0.00437	0.01218
74	0.23942	0.11739	0.01781	0.01196	0.01645	0.01557	0.00994	0.02422	0.01982	0.14891	0.25339	0.03425	0.03717	0.01154	0.00750	0.00247	0.00598	0.00912	0.00734	0.00977
75	0.01012	0.00723	0.00964	0.01157	0.01205	0.00675	0.00771	0.01157	0.01591	0.02121	0.04579	0.70262	0.05495	0.02603	0.01060	0.00337	0.00482	0.02362	0.00771	0.00675
76	0.01123	0.00835	0.01045	0.01017	0.01215	0.00757	0.00754	0.01456	0.02190	0.03006	0.48470	0.12833	0.18501	0.01864	0.00988	0.00272	0.00406	0.01634	0.00873	0.00757
77	0.17838	0.02062	0.02125	0.01695	0.02257	0.05544	0.01391	0.31611	0.02783	0.12118	0.01845	0.01916	0.01336	0.00971	0.00926	0.00254	0.07078	0.00674	0.00712	0.04864
78	0.02237	0.13070	0.27398	0.02228	0.03130	0.02282	0.11438	0.16631	0.05524	0.05652	0.01754	0.01934	0.01285	0.00839	0.00795	0.00251	0.01083	0.00702	0.00525	0.01242
79	0.03703	0.01453	0.01952	0.01497	0.02140	0.01280	0.01237	0.06603	0.02444	0.63549	0.03222	0.02791	0.02028	0.01027	0.00835	0.00257	0.00716	0.00832	0.01020	0.01414
80	0.01012	0.00723	0.00964	0.01157	0.01205	0.00675	0.00771	0.01157	0.01591	0.02121	0.04579	0.70262	0.05495	0.02603	0.01060	0.00337	0.00482	0.02362	0.00771	0.00675
81	0.03088	0.02211	0.02408	0.01862	0.02500	0.02434	0.01535	0.56957	0.03704	0.08033	0.02068	0.02098	0.01477	0.01258	0.04133	0.00303	0.00969	0.00759	0.00822	0.01380
82	0.41155	0.01928	0.04997	0.04704	0.07912	0.02062	0.01416	0.14624	0.04855	0.03718	0.01490	0.01703	0.01141	0.00867	0.00757	0.00262	0.04176	0.00593	0.00562	0.01077
83	0.01208	0.00805	0.00906	0.00906	0.00906	0.00805	0.00503	0.01208	0.01208	0.01611	0.02618	0.05436	0.03020	0.70804	0.04228	0.00805	0.00805	0.01208	0.00503	0.00503
84	0.03120	0.02132	0.02332	0.01806	0.02442	0.02318	0.01486	0.50649	0.06366	0.12658	0.02243	0.02189	0.01570	0.01006	0.00823	0.00250	0.00857	0.00768	0.03601	0.01385
85	0.01165	0.00849	0.01096	0.01034	0.01235	0.00779	0.00775	0.01547	0.02326	0.03272	0.62065	0.06304	0.10994	0.01721	0.00980	0.00262	0.00394	0.01516	0.00907	0.00779
86	0.01784	0.01513	0.01755	0.01259	0.01995	0.01170	0.01010	0.04677	0.01816	0.02815	0.01499	0.01734	0.01238	0.00631	0.00624	0.00128	0.00628	0.00503	0.00507	0.72714
87	0.19446	0.24887	0.31497	0.01769	0.02665	0.02344	0.02038	0.02541	0.01653	0.02674	0.01306	0.01526	0.01021	0.00760	0.00644	0.00235	0.00983	0.00522	0.00391	0.01100
88	0.02380	0.01163	0.01530	0.01273	0.01686	0.01056	0.01011	0.05434	0.02434	0.30864	0.35287	0.04540	0.05022	0.01374	0.00910	0.00259	0.00553	0.01177	0.00960	0.01087
89	0.01160	0.00849	0.01089	0.01029	0.01232	0.00777	0.00772	0.01538	0.02315	0.03245	0.60695	0.06347	0.12381	0.01730	0.00980	0.00263	0.00394	0.01522	0.00903	0.00777
90	0.01847	0.01669	0.02666	0.51114	0.11023	0.01967	0.04457	0.10475	0.02001	0.02625	0.01563	0.02170	0.01175	0.00840	0.00835	0.00270	0.01080	0.00749	0.00438	0.01035
91	0.01073	0.00828	0.00992	0.01080	0.01268	0.00747	0.00817	0.01310	0.01843	0.02339	0.11068	0.26831	0.31488	0.02257	0.01036	0.00315	0.00501	0.12716	0.00782	0.00712
92	0.02447	0.01188	0.01602	0.04742	0.01927	0.01099	0.01092	0.02894	0.04861	0.33211	0.29915	0.04266	0.04524	0.01311	0.00898	0.00261	0.00589	0.01123	0.00938	0.01113
93	0.05556	0.01707	0.03035	0.43167	0.13800	0.01916	0.14337	0.02308	0.01741	0.02397	0.01513	0.02153	0.01157	0.00789	0.00843	0.00272	0.01125	0.00772	0.00393	0.01017
94	0.01012	0.00723	0.00964	0.01157	0.01205	0.00675	0.00771	0.01157	0.01591	0.02121	0.04579	0.70262	0.05495	0.02603	0.01060	0.00337	0.00482	0.02362	0.00771	0.00675
95	0.02036	0.02131	0.06363	0.11185	0.53674	0.04971	0.02508	0.02546	0.01883	0.02620	0.01538	0.02031	0.01271	0.00757	0.00818	0.00249	0.01034	0.00724	0.00405	0.01256
96	0.20807	0.41581	0.08651	0.01693	0.05155	0.02697	0.04645	0.02500	0.01648	0.02526	0.01229	0.01452	0.01045	0.00733	0.00586	0.00213	0.00886	0.00501	0.00401	0.01052
97	0.55188	0.04989	0.01678	0.01309	0.01869	0.02104	0.01091	0.17285	0.02039	0.04016	0.01362	0.01507	0.01033	0.00824	0.00593	0.00252	0.00721	0.00523	0.00585	0.01033
98	0.01020	0.00729	0.00971	0.01152	0.01207	0.00680	0.00772	0.01175	0.01625	0.02176	0.07326	0.67358	0.05601	0.02562	0.01057	0.00334	0.00478	0.02323	0.00778	0.00680
99	0.02803	0.02094	0.02153	0.01716	0.02262	0.05572	0.01389	0.45888	0.05833	0.04511	0.02084	0.02192	0.01540	0.01088	0.00917	0.04105	0.00852	0.00747	0.11009	0.01244
100	0.01072	0.00828	0.00978	0.00976	0.01186	0.00734	0.00718	0.01354	0.02054	0.02708	0.33015	0.15955	0.31442	0.01994	0.00992	0.00280	0.00417	0.01728	0.00835	0.00734
101	0.01012	0.00723	0.00964	0.01157	0.01205	0.00675	0.00771	0.01157	0.01591	0.02121	0.04579	0.70262	0.05495	0.02603	0.01060	0.00337	0.00482	0.02362	0.00771	0.00675
102	0.01666	0.04297	0.66500	0.02368	0.03596	0.01929	0.03069	0.02631	0.01754	0.02631	0.01491	0.01754	0.01052	0.00789	0.00789	0.00263	0.01228	0.00614	0.00351	0.01228
103	0.01012	0.00723	0.00964	0.01157	0.01205	0.00675	0.00771	0.01157	0.01591	0.02121	0.04579	0.70262	0.05495	0.02603	0.01060	0.00337	0.00482	0.02362	0.00771	0.00675
104	0.01208	0.00805	0.00906	0.00906	0.00906	0.00805	0.00503	0.01208	0.01208	0.01611	0.02618	0.05436	0.03020	0.70804	0.04228	0.00805	0.00805	0.01208	0.00503	0.00503
105	0.01818	0.01818	0.02545	0.02181	0.02181	0.02545	0.01818	0.01999	0.01272	0.01999	0.01091	0.01818	0.01091	0.01454	0.02726	0.00364	0.69284	0.00727	0.00364	0.00909
106	0.76672	0.01607	0.01221	0.01092	0.01607	0.01864	0.00900	0.02442	0.01414	0.03727	0.01157	0.01350	0.00900	0.00771	0.00514	0.00257	0.00643	0.00450	0.00514	0.00900
107	0.01892	0.15698	0.43155	0.02497	0.09322	0.02215	0.05549	0.05678	0.01876	0.02654	0.01473	0.01745	0.01109	0.00777	0.00759	0.00247	0.01137	0.00621	0.00385	0.01212
108	0.02066	0.01785	0.01878	0.01691	0.02160	0.02066	0.01315	0.04414	0.64121	0.03475	0.03381	0.03099	0.02536	0.01127	0.00845	0.00282	0.00657	0.00939	0.00845	0.01315
109	0.01054	0.00750	0.00999	0.01183	0.01243	0.00709	0.00816	0.01216	0.01605	0.02134	0.04471	0.61173	0.05309	0.05702	0.01214	0.00363	0.00525	0.08100	0.00758	0.00676
110	0.03727	0.01414	0.01928	0.01478	0.02121	0.01221	0.01221	0.04049	0.02378	0.66198	0.03277	0.02828	0.02056	0.01028	0.00835	0.00257	0.00707	0.00835	0.01028	0.01414
111	0.01208	0.00805	0.00906	0.00906	0.00906	0.00805	0.00503	0.01208	0.01208	0.01611	0.02618	0.05436	0.03020	0.70804	0.04228	0.00805	0.00805	0.01208	0.00503	0.00503
112	0.02056	0.01974	0.03372	0.05099	0.65622	0.01974	0.02550	0.02550	0.01892	0.02714	0.01563	0.02056	0.01316	0.00740	0.00822	0.00247	0.00987	0.00740	0.00411	0.01316
113	0.02221	0.71304	0.04353	0.01421	0.02132	0.03287	0.01421	0.02488	0.01688	0.01955	0.01155	0.01333	0.01066	0.00711	0.00533	0.00178	0.00888	0.00444	0.00355	0.01066
114	0.01012	0.00723	0.00964	0.01157	0.01205	0.00675	0.00771	0.01157	0.01591	0.02121	0.04579	0.70262	0.05495	0.02603	0.01060	0.00337	0.00482	0.02362	0.00771	0.00675
115	0.03727	0.01414	0.01928	0.01478	0.02121	0.01221	0.01221	0.04049	0.02378	0.66198	0.03277	0.02828	0.02056	0.01028	0.00835	0.00257	0.00707	0.00835	0.01028	0.01414
116	0.01339	0.00956	0.01339	0.01530	0.01721	0.00956	0.01339	0.01721	0.01912	0.02486	0.04399	0.09371	0.04781	0.02295	0.01147	0.00382	0.00765	0.60031	0.00765	0.00765
117	0.02238	0.01825	0.02008	0.05052	0.02397	0.02079	0.01429	0.18026	0.41116	0.03741	0.03046	0.03348	0.02396	0.01185	0.00868	0.00283	0.00751	0.06130	0.00811	0.01270
118	0.01549	0.00774	0.00774	0.00774	0.00968	0.00774	0.00581	0.01936	0.01742	0.03097	0.02710	0.03097	0.02129	0.00968	0.00581	0.00194	0.00387	0.00774	0.75416	0.00774
119	0.02023	0.01739	0.01841	0.01659	0.02116	0.02004	0.01289	0.04276	0.61116	0.03468	0.06388	0.03251	0.02794	0.01155	0.00852	0.00281	0.00645	0.00967	0.00849	0.01289
120	0.01791	0.01145	0.01416	0.01247	0.01574	0.01126	0.00967	0.05702	0.11026	0.12881	0.43842	0.05036	0.05882	0.01480	0.00931	0.00263	0.00505	0.01283	0.00917	0.00987
121	0.01705	0.01687	0.02767	0.36572	0.04230	0.02138	0.08516	0.02133	0.01545	0.02133	0.01352	0.02067	0.01117	0.01054	0.01567	0.00310	0.27037	0.00760	0.00372	0.00938
122	0.01178	0.00799	0.00909	0.00928	0.00945	0.00788	0.00536	0.01202	0.01277	0.01690	0.03077	0.11918	0.06127	0.60949	0.03768	0.00735	0.00756	0.01346	0.00542	0.00529
123	0.01063	0.00789	0.00998	0.01152	0.01245	0.00749	0.00785	0.01327	0.04817	0.02202	0.04902	0.60595	0.11329	0.02477	0.01041	0.00329	0.00485	0.02228	0.00775	0.00710
124	0.02404	0.18517	0.17694	0.02234	0.02991	0.22637	0.11739	0.07734	0.02135	0.02513	0.01424	0.01680	0.01124	0.00795	0.00754	0.00231	0.01239	0.00622	0.00426	0.01108
125	0.01187	0.00890	0.01335	0.01335	0.01483	0.01038	0.01038	0.01483	0.01335	0.01928	0.02225	0.03264	0.02077	0.06231	0.67512	0.01335	0.02225	0.00890	0.00445	0.00742
126	0.01200	0.00802	0.00908	0.00916	0.00918	0.00800	0.00514	0.01206	0.01223	0.01631	0.02695	0.07997	0.03118	0.68110	0.04103	0.00787	0.00793	0.01254	0.00514	0.00510
127	0.01020	0.00729	0.00971	0.01152	0.01207	0.00680	0.00772	0.01176	0.01626	0.02176	0.07366	0.67316	0.05602	0.02561	0.01057	0.00334	0.00478	0.02322	0.00778	0.00680
128	0.01818	0.01805	0.03202	0.33883	0.09337	0.02058	0.18083	0.05032	0.01803	0.02433	0.01504	0.02141	0.01175	0.00888	0.01148	0.00287	0.11171	0.00801	0.00406	0.01025
129	0.01938	0.02013	0.06550	0.17019	0.47862	0.01954	0.05600	0.02478	0.01844	0.02594	0.01549	0.02080	0.01260	0.00758	0.00830	0.00255	0.01044	0.00746	0.00401	0.01226
130	0.01891	0.20490	0.45567	0.02234	0.05637	0.05654	0.02572	0.02628	0.01774	0.02439	0.01401	0.01650	0.01067	0.00772	0.00726	0.00239	0.01150	0.00574	0.00358	0.01178
131	0.10163	0.02782	0.02412	0.08860	0.10077	0.29261	0.01717	0.16208	0.02431	0.03002	0.01471	0.01744	0.01162	0.00892	0.00856	0.00243	0.04483	0.00627	0.00515	0.01091
132	0.01913	0.01699	0.02576	0.38153	0.07714	0.02000	0.05466	0.13044	0.04771	0.02790	0.01799	0.05698	0.01470	0.01000	0.00996	0.00280	0.06241	0.00846	0.00498	0.01046
133	0.01580	0.01492	0.02494	0.65787	0.05561	0.01877	0.02285	0.02117	0.01644	0.02117	0.01459	0.02197	0.01107	0.00859	0.00917	0.00281	0.04198	0.00738	0.00369	0.00922
134	0.03727	0.01414	0.01928	0.01478	0.02121	0.01221	0.01221	0.04049	0.02378	0.66198	0.03277	0.02828	0.02056	0.01028	0.00835	0.00257	0.00707	0.00835	0.01028	0.01414
135	0.01578	0.01321	0.01434	0.01335	0.01691	0.01413	0.01033	0.02903	0.33225	0.03076	0.16334	0.05261	0.20460	0.01546	0.00920	0.00282	0.00549	0.03777	0.00835	0.01028
136	0.01101	0.00846	0.01007	0.00967	0.01195	0.00752	0.00725	0.01423	0.02175	0.02911	0.43259	0.06897	0.30025	0.01855	0.00981	0.00269	0.00403	0.01599	0.00859	0.00752
137	0.01033	0.00739	0.00983	0.01142	0.01210	0.00689	0.00773	0.01210	0.01689	0.02277	0.12417	0.61978	0.05798	0.02486	0.01050	0.00328	0.00470	0.02251	0.00790	0.00689
138	0.01176	0.00849	0.01110	0.01045	0.01241	0.00784	0.00784	0.01568	0.02352	0.03331	0.65184	0.06206	0.07839	0.01698	0.00980	0.00261	0.00392	0.01502	0.00914	0.00784
139	0.76672	0.01607	0.01221	0.01092	0.01607	0.01864	0.00900	0.02442	0.01414	0.03727	0.01157	0.01350	0.00900	0.00771	0.00514	0.00257	0.00643	0.00450	0.00514	0.00900
140	0.02066	0.01785	0.01878	0.01691	0.02160	0.02066	0.01315	0.04414	0.64121	0.03475	0.03381	0.03099	0.02536	0.01127	0.00845	0.00282	0.00657	0.00939	0.00845	0.01315
141	0.03158	0.02327	0.02493	0.01911	0.02576	0.02576	0.01579	0.62852	0.03906	0.05236	0.01995	0.01995	0.01413	0.00997	0.00831	0.00249	0.00914	0.00748	0.00831	0.01413
142	0.76672	0.01607	0.01221	0.01092	0.01607	0.01864	0.00900	0.02442	0.01414	0.03727	0.01157	0.01350	0.00900	0.00771	0.00514	0.00257	0.00643	0.00450	0.00514	0.00900
143	0.02221	0.71304	0.04353	0.01421	0.02132	0.03287	0.01421	0.02488	0.01688	0.01955	0.01155	0.01333	0.01066	0.00711	0.00533	0.00178	0.00888	0.00444	0.00355	0.01066
144	0.02066	0.01785	0.01878	0.01691	0.02160	0.02066	0.01315	0.04414	0.64121	0.03475	0.03381	0.03099	0.02536	0.01127	0.00845	0.00282	0.00657	0.00939	0.00845	0.01315
145	0.76672	0.01607	0.01221	0.01092	0.01607	0.01864	0.00900	0.02442	0.01414	0.03727	0.01157	0.01350	0.00900	0.00771	0.00514	0.00257	0.00643	0.00450	0.00514	0.00900
146	0.69291	0.01679	0.01349	0.01175	0.01704	0.01935	0.00968	0.08508	0.01664	0.03879	0.01241	0.01414	0.00951	0.00794	0.00546	0.00256	0.00670	0.00480	0.00546	0.00951
147	0.03184	0.02285	0.02467	0.01892	0.02555	0.02514	0.01563	0.60153	0.03836	0.08033	0.02053	0.02033	0.01442	0.00999	0.00831	0.00250	0.00905	0.00752	0.00840	0.01413
148	0.03727	0.01414	0.01928	0.01478	0.02121	0.01221	0.01221	0.04049	0.02378	0.66198	0.03277	0.02828	0.02056	0.01028	0.00835	0.00257	0.00707	0.00835	0.01028	0.01414
149	0.01019	0.00843	0.00892	0.00880	0.01145	0.00717	0.00660	0.01263	0.01980	0.02450	0.19148	0.07657	0.54424	0.02027	0.00981	0.00277	0.00415	0.01706	0.00798	0.00717
150	0.01975	0.01879	0.03266	0.16300	0.03683	0.02066	0.25153	0.10413	0.02014	0.02816	0.01671	0.02207	0.01301	0.00928	0.01206	0.00282	0.13411	0.00834	0.07545	0.01048
151	0.03080	0.02252	0.02410	0.01856	0.02498	0.02489	0.01530	0.59893	0.03801	0.05132	0.02029	0.02048	0.01448	0.00996	0.00819	0.00247	0.00889	0.00749	0.04454	0.01382
152	0.02919	0.01332	0.01739	0.01391	0.01903	0.01219	0.01125	0.08823	0.02513	0.41889	0.21472	0.03749	0.03707	0.01224	0.00878	0.00258	0.00633	0.01025	0.00976	0.01227
153	0.01778	0.01544	0.02503	0.12782	0.38180	0.01591	0.01956	0.02221	0.01798	0.02635	0.02098	0.09902	0.01903	0.01003	0.00806	0.00251	0.00837	0.00928	0.14193	0.01090
154	0.69985	0.04775	0.01420	0.01144	0.01674	0.01960	0.00954	0.05187	0.01539	0.03716	0.01195	0.01378	0.00930	0.00779	0.00529	0.00253	0.00666	0.00463	0.00521	0.00930
155	0.01019	0.00728	0.00970	0.01152	0.01206	0.00679	0.00772	0.01173	0.01621	0.02170	0.07043	0.67657	0.05590	0.02566	0.01057	0.00334	0.00478	0.02327	0.00777	0.00679
156	0.02330	0.05366	0.02360	0.11206	0.02808	0.07729	0.04469	0.22735	0.02518	0.03408	0.01723	0.01976	0.01323	0.00832	0.00742	0.00211	0.00899	0.00661	0.06303	0.20402
157	0.61354	0.02030	0.11729	0.01314	0.01949	0.01845	0.01262	0.02545	0.01512	0.06362	0.01306	0.01481	0.00976	0.00786	0.00573	0.00258	0.00739	0.00494	0.00511	0.00975
158	0.01074	0.00770	0.01019	0.01115	0.01219	0.00716	0.00776	0.01311	0.01876	0.02575	0.27320	0.46226	0.06374	0.02263	0.01030	0.00309	0.00448	0.02039	0.00825	0.00716
159	0.02221	0.71304	0.04353	0.01421	0.02132	0.03287	0.01421	0.02488	0.01688	0.01955	0.01155	0.01333	0.01066	0.00711	0.00533	0.00178	0.00888	0.00444	0.00355	0.01066
160	0.01146	0.00842	0.01073	0.01028	0.01226	0.00769	0.00766	0.01504	0.02261	0.03147	0.55695	0.09721	0.14146	0.01791	0.00984	0.00267	0.00400	0.01575	0.00891	0.00769
161	0.01146	0.00825	0.01088	0.01096	0.01257	0.00767	0.00809	0.01479	0.02150	0.03004	0.47824	0.21406	0.07131	0.01941	0.01007	0.00285	0.00432	0.04721	0.00873	0.00757
162	0.01176	0.00849	0.01110	0.01045	0.01241	0.00784	0.00784	0.01568	0.02352	0.03331	0.65184	0.06206	0.07839	0.01698	0.00980	0.00261	0.00392	0.01502	0.00914	0.00784
163	0.01166	0.00849	0.01097	0.01035	0.01235	0.00780	0.00776	0.01548	0.02328	0.03275	0.62258	0.06298	0.10799	0.01719	0.00980	0.00262	0.00393	0.01515	0.00907	0.00780
164	0.01198	0.00845	0.01106	0.01106	0.01175	0.00914	0.00752	0.01336	0.01267	0.01759	0.02435	0.04426	0.02581	0.40767	0.33665	0.01052	0.01466	0.01060	0.00476	0.00614
165	0.01723	0.01477	0.01723	0.01230	0.01969	0.01107	0.00984	0.02092	0.01723	0.02707	0.01477	0.01723	0.01230	0.00615	0.00615	0.00123	0.00615	0.00492	0.00492	0.75883
166	0.01627	0.01508	0.02516	0.59933	0.05309	0.01831	0.04672	0.04736	0.01768	0.02280	0.01658	0.05517	0.01340	0.00919	0.00848	0.00279	0.01081	0.00828	0.00411	0.00940
167	0.69122	0.04805	0.01435	0.04828	0.01857	0.01928	0.01001	0.02427	0.01440	0.03558	0.01174	0.01396	0.00919	0.00772	0.00532	0.00254	0.00679	0.00465	0.00499	0.00909
168	0.01568	0.01447	0.02419	0.65913	0.05519	0.01800	0.02234	0.02115	0.01665	0.02164	0.01529	0.02252	0.01151	0.00836	0.00820	0.00273	0.01077	0.00740	0.03562	0.00917
169	0.01008	0.00843	0.00878	0.00869	0.01138	0.00712	0.00652	0.01243	0.01955	0.02391	0.16093	0.07753	0.57516	0.02049	0.00982	0.00278	0.00417	0.01719	0.00791	0.00712
170	0.02115	0.01809	0.01906	0.01701	0.02179	0.02089	0.01327	0.07043	0.61412	0.03554	0.03319	0.03050	0.02485	0.01121	0.00845	0.00280	0.00669	0.00931	0.00845	0.01319
171	0.02077	0.01548	0.02036	0.05386	0.05935	0.01395	0.04018	0.05583	0.07688	0.11567	0.02192	0.05096	0.01800	0.00914	0.00759	0.00205	0.00732	0.03415	0.00624	0.37028
172	0.01155	0.00848	0.01082	0.01023	0.01228	0.00775	0.00768	0.01528	0.02303	0.03216	0.59139	0.06396	0.13955	0.01742	0.00980	0.00263	0.00395	0.01529	0.00899	0.00775
173	0.01961	0.02241	0.04902	0.03501	0.04342	0.02101	0.62605	0.02661	0.01961	0.02661	0.01681	0.02241	0.01261	0.00700	0.00980	0.00280	0.01401	0.00980	0.00420	0.01120
174	0.01666	0.04297	0.66500	0.02368	0.03596	0.01929	0.03069	0.02631	0.01754	0.02631	0.01491	0.01754	0.01052	0.00789	0.00789	0.00263	0.01228	0.00614	0.00351	0.01228
175	0.01833	0.01736	0.02940	0.26230	0.41873	0.01857	0.02367	0.02327	0.01797	0.02482	0.01706	0.05995	0.01484	0.00877	0.00839	0.00262	0.00999	0.00832	0.00418	0.01148
176	0.01891	0.02034	0.03749	0.02855	0.03285	0.02318	0.32867	0.02337	0.01624	0.02337	0.01392	0.02034	0.01177	0.01069	0.01834	0.00321	0.34610	0.00856	0.00392	0.01017
177	0.01339	0.00956	0.01339	0.01530	0.01721	0.00956	0.01339	0.01721	0.01912	0.02486	0.04399	0.09371	0.04781	0.02295	0.01147	0.00382	0.00765	0.60031	0.00765	0.00765
178	0.01762	0.01499	0.01566	0.01420	0.01837	0.01640	0.01102	0.06333	0.40399	0.03157	0.04981	0.04667	0.23295	0.01445	0.00890	0.00280	0.00592	0.01200	0.00820	0.01116
179	0.02153	0.01828	0.01927	0.01708	0.02193	0.02107	0.01336	0.09051	0.59343	0.03615	0.03271	0.03012	0.02447	0.01117	0.00844	0.00279	0.00678	0.00924	0.00844	0.01323
180	0.02106	0.01419	0.01504	0.01300	0.01601	0.04474	0.01036	0.14913	0.02195	0.06603	0.02307	0.02607	0.01787	0.01037	0.00941	0.00232	0.09781	0.00755	0.42433	0.00968
181	0.01047	0.00763	0.00993	0.01152	0.01245	0.00709	0.00808	0.01234	0.01693	0.02234	0.08399	0.54985	0.11539	0.02474	0.01056	0.00331	0.00496	0.07372	0.00779	0.00692
182	0.01949	0.06877	0.51478	0.02374	0.05678	0.01921	0.05301	0.02781	0.01835	0.09717	0.01686	0.01887	0.01184	0.00807	0.00792	0.00259	0.01152	0.00651	0.00432	0.01240
183	0.02189	0.67487	0.07893	0.01475	0.02216	0.03210	0.01515	0.02496	0.01692	0.01993	0.01174	0.01357	0.01065	0.00715	0.00548	0.00183	0.00908	0.00454	0.00355	0.01075
184	0.03103	0.03959	0.02354	0.02140	0.02568	0.67469	0.01605	0.03317	0.02354	0.02033	0.01284	0.01498	0.01070	0.00856	0.00749	0.00214	0.01498	0.00535	0.00428	0.00963
185	0.01122	0.00847	0.01036	0.00989	0.01208	0.00761	0.00742	0.01464	0.02225	0.03031	0.49503	0.06700	0.23707	0.01810	0.00980	0.00267	0.00400	0.01572	0.00875	0.00761
186	0.01818	0.01818	0.02545	0.02181	0.02181	0.02545	0.01818	0.01999	0.01272	0.01999	0.01091	0.01818	0.01091	0.01454	0.02726	0.00364	0.69284	0.00727	0.00364	0.00909
187	0.01176	0.00849	0.01110	0.01045	0.01241	0.00784	0.00784	0.01568	0.02352	0.03331	0.65184	0.06206	0.07839	0.01698	0.00980	0.00261	0.00392	0.01502	0.00914	0.00784
188	0.01208	0.00805	0.00906	0.00906	0.00906	0.00805	0.00503	0.01208	0.01208	0.01611	0.02618	0.05436	0.03020	0.70804	0.04228	0.00805	0.00805	0.01208	0.00503	0.00503
189	0.03698	0.01460	0.01957	0.01500	0.02144	0.01290	0.01239	0.07055	0.02456	0.63081	0.03212	0.02785	0.02024	0.01027	0.00835	0.00257	0.00717	0.00831	0.01018	0.01414
190	0.03727	0.01414	0.01928	0.01478	0.02121	0.01221	0.01221	0.04049	0.02378	0.66198	0.03277	0.02828	0.02056	0.01028	0.00835	0.00257	0.00707	0.00835	0.01028	0.01414
191	0.02487	0.67933	0.04409	0.01613	0.02320	0.03347	0.01523	0.02654	0.01861	0.02234	0.01469	0.01770	0.01359	0.00917	0.00670	0.00236	0.00977	0.00549	0.00463	0.01210
192	0.76672	0.01607	0.01221	0.01092	0.01607	0.01864	0.00900	0.02442	0.01414	0.03727	0.01157	0.01350	0.00900	0.00771	0.00514	0.00257	0.00643	0.00450	0.00514	0.00900
193	0.02853	0.02136	0.02279	0.01808	0.02409	0.02379	0.01474	0.47803	0.16066	0.04767	0.02314	0.02277	0.01679	0.01022	0.00821	0.00253	0.00835	0.00788	0.04678	0.01360
194	0.03158	0.02327	0.02493	0.01911	0.02576	0.02576	0.01579	0.62852	0.03906	0.05236	0.01995	0.01995	0.01413	0.00997	0.00831	0.00249	0.00914	0.00748	0.00831	0.01413
195	0.02221	0.71304	0.04353	0.01421	0.02132	0.03287	0.01421	0.02488	0.01688	0.01955	0.01155	0.01333	0.01066	0.00711	0.00533	0.00178	0.00888	0.00444	0.00355	0.01066
196	0.02246	0.59502	0.09796	0.01568	0.02302	0.08644	0.01586	0.02571	0.01751	0.02022	0.01196	0.01385	0.01065	0.00730	0.00575	0.00188	0.00971	0.00467	0.00361	0.01072
197	0.00992	0.00842	0.00855	0.00852	0.01128	0.00706	0.00639	0.01212	0.01917	0.02300	0.11354	0.07902	0.62312	0.02083	0.00982	0.00280	0.00419	0.01740	0.00779	0.00706
198	0.02221	0.71304	0.04353	0.01421	0.02132	0.03287	0.01421	0.02488	0.01688	0.01955	0.01155	0.01333	0.01066	0.00711	0.00533	0.00178	0.00888	0.00444	0.00355	0.01066
199	0.01550	0.01506	0.02872	0.07964	0.02971	0.01446	0.27698	0.02089	0.02123	0.02937	0.32168	0.04143	0.04407	0.01191	0.00967	0.00271	0.00891	0.01210	0.00653	0.00942
200	0.01789	0.01520	0.01797	0.04373	0.02172	0.01216	0.01076	0.05199	0.01831	0.02809	0.01503	0.01759	0.01234	0.00645	0.00636	0.00137	0.00653	0.00517	0.00504	0.68628
201	0.01017	0.00745	0.00955	0.01110	0.01196	0.00684	0.00753	0.01183	0.01670	0.02199	0.08208	0.58764	0.13486	0.02490	0.01046	0.00326	0.00469	0.02237	0.00779	0.00684
202	0.01569	0.01477	0.02492	0.68808	0.05722	0.01846	0.02307	0.02123	0.01661	0.02123	0.01477	0.02215	0.01107	0.00831	0.00831	0.00277	0.01107	0.00738	0.00369	0.00923
203	0.01698	0.01612	0.02710	0.50520	0.20297	0.01905	0.02347	0.02223	0.01702	0.02263	0.01482	0.02160	0.01158	0.00833	0.00904	0.00273	0.03776	0.00738	0.00379	0.01019
204	0.01011	0.00728	0.00958	0.01142	0.01201	0.00676	0.00765	0.01158	0.01604	0.02126	0.04755	0.67398	0.08244	0.02580	0.01057	0.00335	0.00479	0.02334	0.00771	0.00676
205	0.01208	0.00805	0.00906	0.00906	0.00906	0.00805	0.00503	0.01208	0.01208	0.01611	0.02618	0.05436	0.03020	0.70804	0.04228	0.00805	0.00805	0.01208	0.00503	0.00503
206	0.03600	0.01513	0.01977	0.01527	0.02164	0.01382	0.01258	0.09395	0.05315	0.57828	0.03166	0.02764	0.02020	0.01030	0.00835	0.00257	0.00723	0.00832	0.01002	0.01409
207	0.02221	0.71304	0.04353	0.01421	0.02132	0.03287	0.01421	0.02488	0.01688	0.01955	0.01155	0.01333	0.01066	0.00711	0.00533	0.00178	0.00888	0.00444	0.00355	0.01066
208	0.01964	0.02017	0.04208	0.03053	0.03806	0.01870	0.50233	0.02575	0.01939	0.06235	0.02018	0.08285	0.01680	0.00883	0.00959	0.00275	0.01236	0.01068	0.00490	0.05205
209	0.02102	0.45150	0.19929	0.01956	0.05695	0.05747	0.04389	0.02571	0.01756	0.02194	0.01287	0.01519	0.01083	0.00738	0.00640	0.00208	0.01027	0.00527	0.00363	0.01117
210	0.01012	0.00723	0.00964	0.01157	0.01205	0.00675	0.00771	0.01157	0.01591	0.02121	0.04579	0.70262	0.05495	0.02603	0.01060	0.00337	0.00482	0.02362	0.00771	0.00675
211	0.01176	0.00849	0.01110	0.01045	0.01241	0.00784	0.00784	0.01568	0.02352	0.03331	0.65184	0.06206	0.07839	0.01698	0.00980	0.00261	0.00392	0.01502	0.00914	0.00784
212	0.02032	0.01980	0.02909	0.12481	0.36411	0.07413	0.05579	0.05604	0.05001	0.02684	0.01933	0.08609	0.01728	0.00970	0.00851	0.00260	0.01002	0.00901	0.00485	0.01167
213	0.02539	0.02137	0.02665	0.18563	0.03461	0.05488	0.06935	0.33876	0.05701	0.03836	0.01819	0.02086	0.01341	0.00955	0.00944	0.00265	0.04776	0.00762	0.00638	0.01213
214	0.01753	0.01755	0.02495	0.02120	0.02250	0.05157	0.07333	0.02010	0.01400	0.02047	0.01400	0.02156	0.01319	0.02390	0.16495	0.00559	0.45299	0.00777	0.00389	0.00895
215	0.59116	0.01736	0.01513	0.11039	0.02293	0.05243	0.01167	0.04789	0.01595	0.03466	0.01242	0.01508	0.00959	0.00793	0.00585	0.00257	0.00765	0.00508	0.00501	0.00926
216	0.01012	0.00723	0.00964	0.01157	0.01205	0.00675	0.00771	0.01157	0.01591	0.02121	0.04579	0.70262	0.05495	0.02603	0.01060	0.00337	0.00482	0.02362	0.00771	0.00675
217	0.01339	0.00956	0.01339	0.01530	0.01721	0.00956	0.01339	0.01721	0.01912	0.02486	0.04399	0.09371	0.04781	0.02295	0.01147	0.00382	0.00765	0.60031	0.00765	0.00765
218	0.03158	0.02327	0.02493	0.01911	0.02576	0.02576	0.01579	0.62852	0.03906	0.05236	0.01995	0.01995	0.01413	0.00997	0.00831	0.00249	0.00914	0.00748	0.00831	0.01413
219	0.01012	0.00723	0.00964	0.01157	0.01205	0.00675	0.00771	0.01157	0.01591	0.02121	0.04579	0.70262	0.05495	0.02603	0.01060	0.00337	0.00482	0.02362	0.00771	0.00675
220	0.03103	0.03959	0.02354	0.02140	0.02568	0.67469	0.01605	0.03317	0.02354	0.02033	0.01284	0.01498	0.01070	0.00856	0.00749	0.00214	0.01498	0.00535	0.00428	0.00963
221	0.03158	0.02327	0.02493	0.01911	0.02576	0.02576	0.01579	0.62852	0.03906	0.05236	0.01995	0.01995	0.01413	0.00997	0.00831	0.00249	0.00914	0.00748	0.00831	0.01413
222	0.01176	0.00849	0.01110	0.01045	0.01241	0.00784	0.00784	0.01568	0.02352	0.03331	0.65184	0.06206	0.07839	0.01698	0.00980	0.00261	0.00392	0.01502	0.00914	0.00784
223	0.03103	0.03959	0.02354	0.02140	0.02568	0.67469	0.01605	0.03317	0.02354	0.02033	0.01284	0.01498	0.01070	0.00856	0.00749	0.00214	0.01498	0.00535	0.00428	0.00963
224	0.01428	0.00736	0.01087	0.01095	0.01104	0.00736	0.00741	0.01117	0.01126	0.01498	0.01629	0.02963	0.01663	0.05749	0.03192	0.69175	0.00727	0.03464	0.00385	0.00385
225	0.03114	0.02167	0.02371	0.01828	0.02467	0.02359	0.01506	0.54258	0.03684	0.10905	0.05244	0.02282	0.01792	0.01035	0.00839	0.00251	0.00869	0.00794	0.00854	0.01382
226	0.01569	0.01477	0.02492	0.68808	0.05722	0.01846	0.02307	0.02123	0.01661	0.02123	0.01477	0.02215	0.01107	0.00831	0.00831	0.00277	0.01107	0.00738	0.00369	0.00923
227	0.01060	0.00845	0.00949	0.00923	0.01170	0.00734	0.00692	0.01343	0.02077	0.02680	0.31156	0.07278	0.42273	0.01941	0.00981	0.00273	0.00409	0.01653	0.00829	0.00734
228	0.01191	0.00851	0.01169	0.01361	0.01488	0.00829	0.01082	0.01466	0.01767	0.02321	0.04480	0.36925	0.05104	0.02434	0.01108	0.00362	0.00637	0.33935	0.00768	0.00724
229	0.01127	0.00847	0.01043	0.00994	0.01211	0.00763	0.00746	0.01474	0.02237	0.03060	0.51002	0.06653	0.22190	0.01800	0.00980	0.00266	0.00399	0.01565	0.00879	0.00763
230	0.01961	0.02241	0.04902	0.03501	0.04342	0.02101	0.62605	0.02661	0.01961	0.02661	0.01681	0.02241	0.01261	0.00700	0.00980	0.00280	0.01401	0.00980	0.00420	0.01120
231	0.01093	0.00807	0.01030	0.01156	0.01260	0.00770	0.00797	0.01401	0.05272	0.02370	0.13031	0.54603	0.08553	0.02370	0.01033	0.00321	0.00477	0.02133	0.00795	0.00728
232	0.03596	0.01385	0.01886	0.01456	0.02075	0.01198	0.01198	0.03921	0.02376	0.62957	0.06468	0.03002	0.02354	0.01063	0.00843	0.00257	0.00691	0.00870	0.01022	0.01381
233	0.01818	0.01818	0.02545	0.02181	0.02181	0.02545	0.01818	0.01999	0.01272	0.01999	0.01091	0.01818	0.01091	0.01454	0.02726	0.00364	0.69284	0.00727	0.00364	0.00909
234	0.01207	0.00810	0.00928	0.00928	0.00936	0.00817	0.00531	0.01222	0.01215	0.01627	0.02597	0.05324	0.02972	0.67476	0.07490	0.00833	0.00879	0.01192	0.00500	0.00516
235	0.01023	0.00793	0.00908	0.00980	0.01141	0.00704	0.00682	0.01198	0.01739	0.02194	0.09178	0.31935	0.33832	0.08214	0.01293	0.00347	0.00476	0.01931	0.00755	0.00678
236	0.01189	0.00881	0.01287	0.01287	0.01419	0.01012	0.00979	0.01453	0.01321	0.01893	0.02269	0.03507	0.02182	0.13457	0.60431	0.01276	0.02066	0.00926	0.00452	0.00715
237	0.03727	0.01414	0.01928	0.01478	0.02121	0.01221	0.01221	0.04049	0.02378	0.66198	0.03277	0.02828	0.02056	0.01028	0.00835	0.00257	0.00707	0.00835	0.01028	0.01414
238	0.01187	0.00890	0.01335	0.01335	0.01483	0.01038	0.01038	0.01483	0.01335	0.01928	0.02225	0.03264	0.02077	0.06231	0.67512	0.01335	0.02225	0.00890	0.00445	0.00742
239	0.01036	0.00741	0.00990	0.01169	0.01232	0.00694	0.00799	0.01205	0.01645	0.02201	0.07694	0.64003	0.05581	0.02541	0.01060	0.00336	0.00491	0.05119	0.00778	0.00685
240	0.01863	0.02722	0.20745	0.03020	0.03845	0.02118	0.38507	0.02561	0.01811	0.02561	0.01549	0.02054	0.01182	0.00829	0.01173	0.00287	0.10811	0.00849	0.00394	0.01119
241	0.01027	0.00734	0.00977	0.01147	0.01208	0.00685	0.00772	0.01194	0.01659	0.02230	0.10072	0.64456	0.05707	0.02521	0.01053	0.00330	0.00474	0.02284	0.00784	0.00685
