[name]
unknown

[dist]
# distance from previous block
# <min> <max>
0	20

[block]
# block no. 0 follows, 24 sequences, length 32
# corresponding to MSA columns:
# 20-51
name=unknown_A
#
# <colnr> <probs for GDERKNQSTAVLIFYWHMCP>
#	G	D	E	R	K	N	Q	S	T	A	V	L	I	F	Y	W	H	M	C	P
0	0.04207	0.00996	0.01358	0.08567	0.01968	0.01038	0.01259	0.01755	0.03949	0.02517	0.12629	0.07269	0.06692	0.01866	0.01003	0.00327	0.00695	0.40432	0.00704	0.00768
1	0.35436	0.01468	0.01501	0.01300	0.01793	0.01572	0.01070	0.05390	0.10888	0.21282	0.02323	0.02744	0.01795	0.01013	0.00696	0.00261	0.00655	0.07046	0.00709	0.01057
2	0.01950	0.01321	0.01611	0.01414	0.01754	0.01454	0.01117	0.16666	0.10324	0.09709	0.02362	0.02864	0.01937	0.06620	0.30697	0.00718	0.01337	0.00828	0.04332	0.00985
3	0.01939	0.01860	0.03176	0.08226	0.64013	0.01878	0.02422	0.02413	0.01794	0.02562	0.01487	0.01970	0.01246	0.00711	0.00785	0.00237	0.00948	0.00706	0.00390	0.01237
4	0.01419	0.00884	0.01010	0.00995	0.01186	0.00882	0.00734	0.07689	0.01934	0.02939	0.15149	0.22439	0.03886	0.01491	0.00777	0.00240	0.00445	0.01288	0.33839	0.00774
5	0.12562	0.01331	0.01860	0.29115	0.03236	0.01439	0.01486	0.02635	0.01846	0.24560	0.07835	0.02567	0.01942	0.00927	0.00758	0.00251	0.00784	0.00765	0.03079	0.01020
6	0.01628	0.01131	0.01271	0.01149	0.01501	0.01114	0.00889	0.02440	0.19632	0.11927	0.16822	0.05328	0.28946	0.01534	0.00881	0.00262	0.00498	0.01291	0.00816	0.00942
7	0.05914	0.01317	0.01718	0.01356	0.01899	0.01202	0.01110	0.06577	0.02231	0.52182	0.06451	0.02818	0.02202	0.01246	0.04107	0.00292	0.00722	0.00815	0.04604	0.01237
8	0.23766	0.01022	0.01070	0.01100	0.01336	0.01066	0.00807	0.01737	0.04432	0.05122	0.07487	0.38047	0.06628	0.01771	0.00833	0.00287	0.00513	0.01521	0.00685	0.00770
9	0.02495	0.01114	0.01500	0.01231	0.01658	0.00983	0.00983	0.02831	0.02259	0.39568	0.30895	0.04106	0.04371	0.01261	0.00858	0.00247	0.00544	0.01075	0.00934	0.01087
10	0.01839	0.01041	0.01325	0.01236	0.01511	0.00993	0.00948	0.07565	0.02019	0.17880	0.13367	0.22005	0.06542	0.08598	0.01233	0.00332	0.00597	0.09289	0.00794	0.00885
11	0.01328	0.00797	0.00990	0.01020	0.01103	0.00759	0.00657	0.01417	0.01420	0.08675	0.03333	0.32195	0.03756	0.36085	0.02455	0.00531	0.00632	0.01568	0.00638	0.00639
12	0.01055	0.00727	0.00894	0.00991	0.01015	0.00703	0.00615	0.01127	0.01345	0.01793	0.03483	0.40116	0.04125	0.35510	0.02446	0.00534	0.00606	0.01732	0.00615	0.00567
13	0.00999	0.00713	0.00958	0.01141	0.01202	0.00672	0.00793	0.01161	0.01550	0.02061	0.04353	0.65046	0.05173	0.02454	0.01021	0.00327	0.00488	0.08500	0.00735	0.00653
14	0.00971	0.00698	0.00913	0.01083	0.01137	0.00650	0.00722	0.01107	0.01518	0.02012	0.04460	0.66585	0.07766	0.04902	0.01115	0.00335	0.00468	0.02191	0.00727	0.00639
15	0.17085	0.01500	0.01758	0.01402	0.01976	0.01483	0.01149	0.09048	0.09130	0.43223	0.02654	0.02395	0.01753	0.00944	0.00741	0.00247	0.00676	0.00733	0.00855	0.01248
16	0.08375	0.02172	0.02293	0.01768	0.02393	0.02410	0.01461	0.60078	0.03558	0.04894	0.01846	0.01860	0.01313	0.00936	0.00772	0.00239	0.00854	0.00694	0.00772	0.01313
17	0.00959	0.00782	0.00849	0.00879	0.01097	0.00672	0.00642	0.01164	0.01790	0.02212	0.12576	0.19935	0.49553	0.02066	0.00952	0.00277	0.00411	0.01765	0.00749	0.00672
18	0.10114	0.01384	0.01777	0.01388	0.01982	0.01262	0.01143	0.03745	0.05477	0.58653	0.02952	0.02586	0.01888	0.00964	0.00770	0.00247	0.00667	0.00770	0.00929	0.01301
19	0.05505	0.01054	0.01370	0.01161	0.01529	0.00958	0.00917	0.02461	0.02214	0.28473	0.38910	0.04453	0.05025	0.01331	0.00861	0.00248	0.00503	0.01140	0.00898	0.00989
20	0.00968	0.00750	0.00882	0.00964	0.01119	0.00664	0.00679	0.01154	0.01709	0.02179	0.11549	0.37887	0.32264	0.02200	0.00973	0.00292	0.00427	0.01928	0.00748	0.00664
21	0.01003	0.00806	0.00894	0.00872	0.01111	0.00697	0.00654	0.01265	0.01962	0.02509	0.28796	0.07028	0.45872	0.01871	0.00937	0.00261	0.00392	0.01589	0.00785	0.00697
22	0.02948	0.01548	0.01872	0.01508	0.02062	0.01552	0.01221	0.12580	0.19656	0.38558	0.05669	0.02791	0.02232	0.01030	0.00805	0.00251	0.00678	0.00839	0.00903	0.01298
23	0.01044	0.00808	0.00952	0.00916	0.01137	0.00715	0.00687	0.01345	0.02060	0.02742	0.42008	0.06643	0.32513	0.01784	0.00936	0.00257	0.00386	0.01535	0.00815	0.00715
24	0.03441	0.01537	0.01956	0.01500	0.02118	0.01443	0.01239	0.16897	0.02583	0.54259	0.02865	0.02528	0.01831	0.00975	0.00797	0.00244	0.00717	0.00780	0.00941	0.01349
25	0.01206	0.00925	0.01119	0.01050	0.01282	0.00896	0.00793	0.01798	0.10421	0.03051	0.50224	0.05780	0.15217	0.01605	0.00919	0.00255	0.00411	0.01398	0.00845	0.00803
26	0.00994	0.00806	0.00882	0.00863	0.01106	0.00694	0.00647	0.01248	0.01941	0.02460	0.26028	0.07108	0.48670	0.01890	0.00937	0.00262	0.00393	0.01600	0.00778	0.00694
27	0.01872	0.02139	0.04679	0.03342	0.04144	0.02005	0.64305	0.02540	0.01872	0.02540	0.01604	0.02139	0.01203	0.00668	0.00936	0.00267	0.01337	0.00936	0.00401	0.01070
28	0.09199	0.21645	0.02276	0.01465	0.04300	0.06633	0.01171	0.02462	0.13877	0.02558	0.11404	0.03181	0.11459	0.01118	0.00801	0.00233	0.03826	0.00857	0.00578	0.00957
29	0.01887	0.01837	0.02627	0.02569	0.14005	0.05017	0.10434	0.04410	0.16319	0.02525	0.01831	0.02227	0.01510	0.01464	0.07437	0.00371	0.21199	0.00783	0.00490	0.01056
30	0.01621	0.01353	0.02276	0.06099	0.32692	0.01356	0.04465	0.01819	0.01534	0.02130	0.01889	0.12485	0.01874	0.01562	0.01491	0.22286	0.00821	0.00942	0.00428	0.00878
31	0.04856	0.01631	0.02357	0.18819	0.24822	0.01759	0.01821	0.08185	0.10903	0.07161	0.02434	0.02664	0.07285	0.00937	0.00794	0.00251	0.00840	0.00816	0.00552	0.01114

[dist]
# distance from previous block
# <min> <max>
2	3

[block]
# block no. 1 follows, 24 sequences, length 52
# corresponding to MSA columns:
# 55-106
name=unknown_B
#
# <colnr> <probs for GDERKNQSTAVLIFYWHMCP>
#	G	D	E	R	K	N	Q	S	T	A	V	L	I	F	Y	W	H	M	C	P
0	0.02222	0.03048	0.32210	0.02281	0.05384	0.02115	0.08423	0.28209	0.02550	0.03547	0.01643	0.01826	0.01176	0.00826	0.00789	0.00247	0.01056	0.00678	0.00533	0.01238
1	0.01468	0.01170	0.01556	0.06298	0.01933	0.01191	0.01108	0.06989	0.01613	0.02339	0.01845	0.02510	0.01626	0.03585	0.38284	0.00775	0.01492	0.00717	0.00464	0.23036
2	0.38173	0.01881	0.01696	0.07246	0.02210	0.07939	0.01220	0.14429	0.12356	0.03516	0.01637	0.01758	0.01236	0.00844	0.00645	0.00246	0.00775	0.00590	0.00580	0.01023
3	0.01157	0.04920	0.01462	0.01452	0.04396	0.00945	0.04698	0.01367	0.01583	0.02101	0.03876	0.55092	0.04527	0.02169	0.00976	0.00310	0.00579	0.06988	0.00678	0.00725
4	0.01758	0.03105	0.38902	0.03432	0.32080	0.01861	0.02707	0.02476	0.01733	0.02547	0.01454	0.01804	0.01118	0.00732	0.00768	0.00244	0.01069	0.00640	0.00361	0.01210
5	0.01135	0.00843	0.01239	0.01239	0.01369	0.00972	0.00947	0.01394	0.01264	0.01815	0.02156	0.03293	0.02060	0.11616	0.63425	0.01231	0.02008	0.00876	0.00430	0.00689
6	0.77733	0.01534	0.01166	0.01043	0.01534	0.01779	0.00859	0.02331	0.01350	0.03558	0.01104	0.01288	0.00859	0.00736	0.00491	0.00245	0.00613	0.00429	0.00491	0.00859
7	0.00937	0.00803	0.00803	0.00803	0.01071	0.00669	0.00602	0.01138	0.01807	0.02142	0.08033	0.07632	0.66863	0.02008	0.00937	0.00268	0.00402	0.01674	0.00736	0.00669
8	0.01122	0.00811	0.01060	0.00998	0.01185	0.00748	0.00748	0.01496	0.02245	0.03180	0.66766	0.05923	0.07482	0.01621	0.00935	0.00249	0.00374	0.01434	0.00873	0.00748
9	0.00948	0.00762	0.00846	0.00913	0.01100	0.00660	0.00651	0.01126	0.01702	0.02099	0.06698	0.30951	0.44406	0.02182	0.00965	0.00288	0.00423	0.01885	0.00736	0.00660
10	0.02120	0.72609	0.04155	0.01357	0.02035	0.03138	0.01357	0.02374	0.01611	0.01866	0.01102	0.01272	0.01018	0.00678	0.00509	0.00170	0.00848	0.00424	0.00339	0.01018
11	0.03165	0.01762	0.02056	0.01586	0.02186	0.01805	0.01307	0.34831	0.02983	0.32019	0.02471	0.02306	0.01652	0.00963	0.00782	0.00238	0.00759	0.00751	0.05063	0.01315
12	0.77733	0.01534	0.01166	0.01043	0.01534	0.01779	0.00859	0.02331	0.01350	0.03558	0.01104	0.01288	0.00859	0.00736	0.00491	0.00245	0.00613	0.00429	0.00491	0.00859
13	0.03014	0.02221	0.02380	0.01825	0.02459	0.02459	0.01507	0.64541	0.03728	0.04998	0.01904	0.01904	0.01349	0.00952	0.00793	0.00238	0.00873	0.00714	0.00793	0.01349
14	0.03014	0.02221	0.02380	0.01825	0.02459	0.02459	0.01507	0.64541	0.03728	0.04998	0.01904	0.01904	0.01349	0.00952	0.00793	0.00238	0.00873	0.00714	0.00793	0.01349
15	0.01498	0.01409	0.02378	0.70226	0.05462	0.01762	0.02202	0.02026	0.01586	0.02026	0.01409	0.02114	0.01057	0.00793	0.00793	0.00264	0.01057	0.00705	0.00352	0.00881
16	0.02635	0.02032	0.02166	0.01748	0.02314	0.02282	0.01415	0.42554	0.26334	0.04385	0.02386	0.02288	0.01739	0.00997	0.00798	0.00249	0.00783	0.00780	0.00798	0.01315
17	0.02458	0.02722	0.02016	0.01824	0.02253	0.34843	0.01391	0.03700	0.34585	0.02642	0.02245	0.02208	0.01734	0.00949	0.00762	0.00237	0.01021	0.00707	0.00611	0.01090
18	0.01084	0.00804	0.01010	0.00970	0.01164	0.00730	0.00723	0.01418	0.02138	0.02953	0.54042	0.09150	0.17426	0.01725	0.00939	0.00256	0.00383	0.01511	0.00844	0.00730
19	0.01163	0.00883	0.01290	0.01274	0.01395	0.01037	0.00978	0.01414	0.01260	0.01816	0.02109	0.03245	0.02023	0.11920	0.59847	0.01184	0.05171	0.00871	0.00426	0.00694
20	0.00988	0.00707	0.00940	0.01089	0.01155	0.00659	0.00738	0.01159	0.01621	0.02187	0.13159	0.62362	0.05560	0.02363	0.01001	0.00312	0.00448	0.02139	0.00755	0.00659
21	0.01133	0.00850	0.01274	0.01274	0.01416	0.00991	0.00991	0.01416	0.01274	0.01841	0.02124	0.03115	0.01982	0.05947	0.68989	0.01274	0.02124	0.00850	0.00425	0.00708
22	0.01785	0.07147	0.41696	0.02614	0.07102	0.01935	0.19008	0.02555	0.01752	0.04803	0.01518	0.01828	0.01106	0.00732	0.00792	0.00250	0.01167	0.00684	0.00379	0.01147
23	0.01377	0.00689	0.01033	0.01033	0.01033	0.00689	0.00689	0.01033	0.01033	0.01377	0.01377	0.02410	0.01377	0.02755	0.03099	0.76928	0.00689	0.00689	0.00344	0.00344
24	0.01613	0.01376	0.01611	0.01171	0.01845	0.01038	0.00930	0.01955	0.01639	0.02558	0.01547	0.04886	0.01363	0.00675	0.00607	0.00127	0.00581	0.00553	0.00482	0.73442
25	0.44402	0.01451	0.01469	0.01208	0.01754	0.01503	0.00997	0.03020	0.01763	0.32396	0.02014	0.01922	0.01355	0.00846	0.00629	0.00245	0.00641	0.00595	0.00711	0.01079
26	0.01706	0.07391	0.61859	0.02177	0.03299	0.01876	0.02772	0.02565	0.01698	0.05418	0.01484	0.01700	0.01048	0.00760	0.00743	0.00247	0.01133	0.00587	0.00364	0.01172
27	0.01963	0.01884	0.03219	0.04867	0.67185	0.01884	0.02434	0.02434	0.01806	0.02591	0.01492	0.01963	0.01256	0.00707	0.00785	0.00236	0.00942	0.00707	0.00393	0.01256
28	0.01693	0.03719	0.55456	0.02411	0.03503	0.01892	0.12445	0.05054	0.01789	0.02618	0.01471	0.01756	0.01050	0.00748	0.00783	0.00253	0.01185	0.00646	0.00364	0.01163
29	0.02962	0.03779	0.02247	0.02043	0.02451	0.68948	0.01532	0.03166	0.02247	0.01941	0.01226	0.01430	0.01021	0.00817	0.00715	0.00204	0.01430	0.00511	0.00409	0.00919
30	0.02194	0.11804	0.34753	0.02062	0.02885	0.25875	0.02197	0.05117	0.01950	0.02330	0.01334	0.01550	0.01025	0.00775	0.00713	0.00225	0.01215	0.00545	0.00379	0.01071
31	0.01972	0.01703	0.01793	0.01614	0.02062	0.01972	0.01255	0.04214	0.65752	0.03317	0.03228	0.02959	0.02421	0.01076	0.00807	0.00269	0.00628	0.00897	0.00807	0.01255
32	0.77733	0.01534	0.01166	0.01043	0.01534	0.01779	0.00859	0.02331	0.01350	0.03558	0.01104	0.01288	0.00859	0.00736	0.00491	0.00245	0.00613	0.00429	0.00491	0.00859
33	0.01106	0.00815	0.01038	0.00996	0.01193	0.00746	0.00756	0.01458	0.02167	0.03006	0.56078	0.06294	0.14992	0.01699	0.00943	0.00258	0.00395	0.04475	0.00848	0.00737
34	0.01112	0.00810	0.01046	0.00987	0.01178	0.00744	0.00740	0.01477	0.02220	0.03123	0.63519	0.06018	0.10766	0.01643	0.00935	0.00250	0.00376	0.01447	0.00865	0.00744
35	0.02172	0.01878	0.02184	0.02317	0.15238	0.04486	0.01551	0.15106	0.35832	0.03394	0.02598	0.02779	0.02031	0.01020	0.00810	0.00258	0.00772	0.03634	0.00703	0.01236
36	0.01691	0.03399	0.45349	0.02647	0.03687	0.01900	0.24899	0.02522	0.01745	0.02522	0.01488	0.01841	0.01076	0.00723	0.00819	0.00257	0.01231	0.00711	0.00359	0.01135
37	0.01744	0.01538	0.02073	0.10848	0.19532	0.01662	0.01564	0.05517	0.23896	0.02872	0.08882	0.03427	0.10837	0.01110	0.00828	0.00256	0.00722	0.00965	0.00637	0.01090
38	0.01473	0.01131	0.01556	0.01701	0.06789	0.01157	0.03507	0.02151	0.14513	0.05047	0.03715	0.28665	0.03888	0.01850	0.00967	0.00312	0.00652	0.19326	0.00719	0.00883
39	0.02337	0.02718	0.02567	0.08549	0.19050	0.34758	0.05247	0.02660	0.01972	0.02155	0.01704	0.02031	0.04822	0.00881	0.00877	0.00233	0.05357	0.00677	0.00414	0.00992
40	0.01478	0.00739	0.00739	0.00739	0.00924	0.00739	0.00554	0.01848	0.01663	0.02956	0.02587	0.02956	0.02033	0.00924	0.00554	0.00185	0.00370	0.00739	0.76534	0.00739
41	0.01879	0.01907	0.02564	0.21251	0.19295	0.12294	0.07996	0.04657	0.01862	0.02353	0.01877	0.09513	0.01730	0.01003	0.00823	0.00253	0.01014	0.03682	0.00455	0.03593
42	0.01112	0.00810	0.01045	0.00987	0.01178	0.00744	0.00740	0.01476	0.02220	0.03121	0.63442	0.06020	0.10843	0.01643	0.00935	0.00250	0.00376	0.01448	0.00865	0.00744
43	0.02352	0.12018	0.14647	0.02650	0.21678	0.04822	0.01936	0.10325	0.02084	0.14096	0.01746	0.01900	0.01299	0.00789	0.00733	0.00225	0.00921	0.00644	0.00531	0.04607
44	0.73260	0.01575	0.01238	0.01090	0.01589	0.01820	0.00898	0.06055	0.01492	0.03644	0.01152	0.01325	0.00888	0.00749	0.00509	0.00245	0.00629	0.00446	0.00509	0.00888
45	0.01601	0.13140	0.01881	0.01176	0.01709	0.04356	0.00963	0.01909	0.01771	0.02461	0.12385	0.05836	0.08924	0.00999	0.00688	0.00175	0.00611	0.00813	0.00547	0.38057
46	0.51816	0.01516	0.01392	0.01152	0.01700	0.01607	0.00946	0.05187	0.01637	0.13319	0.01494	0.01584	0.01096	0.00761	0.00565	0.00226	0.00630	0.00504	0.00576	0.12291
47	0.00937	0.00803	0.00803	0.00803	0.01071	0.00669	0.00602	0.01138	0.01807	0.02142	0.08033	0.07632	0.66863	0.02008	0.00937	0.00268	0.00402	0.01674	0.00736	0.00669
48	0.03014	0.02221	0.02380	0.01825	0.02459	0.02459	0.01507	0.64541	0.03728	0.04998	0.01904	0.01904	0.01349	0.00952	0.00793	0.00238	0.00873	0.00714	0.00793	0.01349
49	0.07834	0.30785	0.28929	0.01751	0.02605	0.02432	0.01960	0.10636	0.01896	0.02664	0.01335	0.01516	0.01044	0.00749	0.00642	0.00217	0.00961	0.00527	0.00409	0.01110
50	0.01166	0.00831	0.01139	0.01315	0.01443	0.00815	0.01061	0.01439	0.01694	0.02221	0.04193	0.30377	0.04734	0.04972	0.01179	0.00366	0.00639	0.39005	0.00723	0.00691
51	0.21617	0.04625	0.08040	0.02810	0.28259	0.06321	0.01752	0.02455	0.05502	0.02760	0.01701	0.07674	0.01514	0.00898	0.00711	0.00244	0.00846	0.00743	0.00466	0.01062

[dist]
# distance from previous block
# <min> <max>
0	6

[block]
# block no. 2 follows, 24 sequences, length 16
# corresponding to MSA columns:
# 115-130
name=unknown_C
#
# <colnr> <probs for GDERKNQSTAVLIFYWHMCP>
#	G	D	E	R	K	N	Q	S	T	A	V	L	I	F	Y	W	H	M	C	P
0	0.02502	0.07734	0.12003	0.05950	0.13903	0.07259	0.06246	0.02941	0.01923	0.24535	0.01962	0.02080	0.01395	0.00856	0.00878	0.00244	0.05141	0.00697	0.00577	0.01173
1	0.02026	0.08198	0.13411	0.06787	0.19622	0.01796	0.09575	0.02683	0.07041	0.11232	0.01988	0.04883	0.01565	0.00861	0.00775	0.00243	0.00916	0.00781	0.04479	0.01137
2	0.02337	0.01745	0.01906	0.01606	0.02088	0.01931	0.01275	0.26481	0.29783	0.07901	0.06197	0.08325	0.02489	0.01168	0.00825	0.00259	0.00696	0.00961	0.00811	0.01219
3	0.01307	0.00715	0.01029	0.01065	0.01086	0.00710	0.00729	0.01104	0.01164	0.01547	0.02035	0.10624	0.02191	0.08217	0.02775	0.55926	0.00674	0.06252	0.00431	0.00421
4	0.02114	0.02588	0.20629	0.06001	0.16716	0.08344	0.02069	0.09154	0.07602	0.07738	0.01992	0.02183	0.03844	0.00899	0.00874	0.00249	0.04624	0.00715	0.00510	0.01155
5	0.22935	0.01831	0.01911	0.07139	0.02324	0.05125	0.01317	0.24842	0.02391	0.12354	0.01741	0.01873	0.01268	0.01080	0.03436	0.00283	0.03557	0.00635	0.00642	0.03319
6	0.01121	0.00779	0.00935	0.00998	0.01055	0.00760	0.00662	0.01219	0.01376	0.01805	0.03537	0.18332	0.08489	0.42861	0.02776	0.00584	0.00677	0.10881	0.00587	0.00564
7	0.02001	0.02305	0.10352	0.11132	0.36187	0.08259	0.10334	0.05276	0.01904	0.02560	0.01483	0.01917	0.01182	0.00738	0.00796	0.00242	0.01074	0.00704	0.00402	0.01154
8	0.02008	0.14487	0.18842	0.04657	0.16833	0.08951	0.04040	0.04586	0.04335	0.04799	0.01672	0.02155	0.01376	0.01072	0.03975	0.00284	0.01072	0.03320	0.00437	0.01100
9	0.01478	0.00739	0.00739	0.00739	0.00924	0.00739	0.00554	0.01848	0.01663	0.02956	0.02587	0.02956	0.02033	0.00924	0.00554	0.00185	0.00370	0.00739	0.76534	0.00739
10	0.01273	0.00937	0.01247	0.01374	0.01579	0.00935	0.01175	0.01724	0.05259	0.02470	0.09598	0.08267	0.10022	0.02069	0.01053	0.00342	0.00667	0.48508	0.00746	0.00754
11	0.05924	0.34660	0.03029	0.01701	0.06573	0.11472	0.01380	0.05890	0.01962	0.15396	0.03986	0.01829	0.01469	0.00811	0.00643	0.00204	0.00873	0.00582	0.00530	0.01087
12	0.02086	0.09927	0.17252	0.02884	0.19430	0.18197	0.11056	0.02586	0.01874	0.02318	0.01650	0.01953	0.03723	0.00787	0.00761	0.00231	0.01136	0.00676	0.00393	0.01082
13	0.01345	0.00960	0.01106	0.01049	0.01337	0.00897	0.00816	0.01843	0.09144	0.07937	0.22273	0.06360	0.33554	0.01732	0.00924	0.00269	0.00469	0.06370	0.00800	0.00817
14	0.01574	0.01358	0.01829	0.01972	0.10760	0.01425	0.05066	0.02591	0.24573	0.02675	0.03766	0.14130	0.09979	0.01521	0.00912	0.00291	0.00685	0.13210	0.00693	0.00991
15	0.01978	0.05567	0.16586	0.03587	0.31901	0.05110	0.16305	0.02556	0.01823	0.04806	0.01531	0.01914	0.01197	0.00721	0.00798	0.00242	0.01087	0.00715	0.00402	0.01174

[dist]
# distance from previous block
# <min> <max>
0	13

[block]
# block no. 3 follows, 24 sequences, length 99
# corresponding to MSA columns:
# 144-242
name=unknown_D
#
# <colnr> <probs for GDERKNQSTAVLIFYWHMCP>
#	G	D	E	R	K	N	Q	S	T	A	V	L	I	F	Y	W	H	M	C	P
0	0.01182	0.00847	0.01071	0.01240	0.01306	0.00772	0.00825	0.01259	0.01637	0.02205	0.04469	0.69549	0.05297	0.02560	0.01086	0.00355	0.00532	0.02262	0.00794	0.00752
1	0.77733	0.01534	0.01166	0.01043	0.01534	0.01779	0.00859	0.02331	0.01350	0.03558	0.01104	0.01288	0.00859	0.00736	0.00491	0.00245	0.00613	0.00429	0.00491	0.00859
2	0.03558	0.01350	0.01840	0.01411	0.02024	0.01166	0.01166	0.03865	0.02270	0.67734	0.03128	0.02699	0.01963	0.00981	0.00797	0.00245	0.00675	0.00797	0.00981	0.01350
3	0.01972	0.01703	0.01793	0.01614	0.02062	0.01972	0.01255	0.04214	0.65752	0.03317	0.03228	0.02959	0.02421	0.01076	0.00807	0.00269	0.00628	0.00897	0.00807	0.01255
4	0.03558	0.01350	0.01840	0.01411	0.02024	0.01166	0.01166	0.03865	0.02270	0.67734	0.03128	0.02699	0.01963	0.00981	0.00797	0.00245	0.00675	0.00797	0.00981	0.01350
5	0.77733	0.01534	0.01166	0.01043	0.01534	0.01779	0.00859	0.02331	0.01350	0.03558	0.01104	0.01288	0.00859	0.00736	0.00491	0.00245	0.00613	0.00429	0.00491	0.00859
6	0.01278	0.00913	0.01278	0.01460	0.01643	0.00913	0.01278	0.01643	0.01825	0.02373	0.04199	0.08945	0.04564	0.02191	0.01095	0.00365	0.00730	0.61847	0.00730	0.00730
7	0.01498	0.01409	0.02378	0.70226	0.05462	0.01762	0.02202	0.02026	0.01586	0.02026	0.01409	0.02114	0.01057	0.00793	0.00793	0.00264	0.01057	0.00705	0.00352	0.00881
8	0.00966	0.00690	0.00920	0.01104	0.01150	0.00644	0.00736	0.01104	0.01518	0.02024	0.04371	0.71614	0.05245	0.02484	0.01012	0.00322	0.00460	0.02254	0.00736	0.00644
9	0.00966	0.00690	0.00920	0.01104	0.01150	0.00644	0.00736	0.01104	0.01518	0.02024	0.04371	0.71614	0.05245	0.02484	0.01012	0.00322	0.00460	0.02254	0.00736	0.00644
10	0.01727	0.04659	0.09602	0.14404	0.03324	0.02174	0.17495	0.02164	0.01504	0.02145	0.01287	0.01879	0.01080	0.01014	0.01606	0.00296	0.31590	0.00735	0.00360	0.00956
11	0.01845	0.04552	0.19107	0.01947	0.02561	0.01691	0.09916	0.13165	0.02087	0.05384	0.02604	0.08869	0.04522	0.01287	0.00959	0.00282	0.04120	0.13498	0.00577	0.01028
12	0.01972	0.01986	0.05686	0.06650	0.45429	0.01930	0.10571	0.05690	0.07105	0.02739	0.01663	0.02059	0.01331	0.00749	0.00806	0.00244	0.00979	0.00748	0.00444	0.01218
13	0.02587	0.34525	0.03107	0.01726	0.02265	0.36660	0.01453	0.05422	0.02026	0.02037	0.01199	0.01379	0.01034	0.00761	0.00626	0.00190	0.01146	0.00481	0.00394	0.00982
14	0.01786	0.03334	0.44702	0.05880	0.08331	0.05085	0.08306	0.02541	0.01760	0.05490	0.01633	0.02110	0.01243	0.00819	0.00790	0.00254	0.01134	0.03273	0.00397	0.01131
15	0.04886	0.02407	0.16275	0.02375	0.03124	0.02015	0.24402	0.11138	0.19085	0.03104	0.02021	0.02200	0.01494	0.00834	0.00829	0.00260	0.01026	0.00806	0.00551	0.01168
16	0.02017	0.01544	0.04744	0.38988	0.12001	0.01618	0.01956	0.02557	0.04028	0.16581	0.01986	0.02544	0.01484	0.00895	0.00806	0.00261	0.00933	0.03481	0.00528	0.01047
17	0.03139	0.02021	0.02256	0.01729	0.02359	0.02162	0.01429	0.50599	0.03393	0.19413	0.02185	0.02087	0.01490	0.00959	0.00794	0.00240	0.00827	0.00733	0.00837	0.01349
18	0.02700	0.09824	0.07462	0.01947	0.02449	0.48155	0.01609	0.08668	0.02261	0.02284	0.01441	0.01855	0.01228	0.00881	0.00725	0.00216	0.01270	0.03598	0.00448	0.00978
19	0.02041	0.05604	0.32486	0.02690	0.17191	0.04737	0.05169	0.02809	0.06325	0.10773	0.01768	0.01953	0.01291	0.00791	0.00767	0.00244	0.01026	0.00668	0.00469	0.01197
20	0.00974	0.00805	0.00854	0.00842	0.01094	0.00685	0.00631	0.01209	0.01894	0.02348	0.19676	0.07293	0.55091	0.01932	0.00937	0.00264	0.00396	0.01626	0.00763	0.00685
21	0.01074	0.00767	0.01043	0.01227	0.01320	0.00737	0.00923	0.01290	0.01624	0.02145	0.04311	0.50005	0.05010	0.02383	0.01041	0.00337	0.00553	0.22802	0.00734	0.00674
22	0.09410	0.04561	0.08035	0.10469	0.07747	0.04501	0.06848	0.05543	0.04343	0.18095	0.02257	0.10813	0.01865	0.01039	0.00787	0.00255	0.00857	0.00893	0.00609	0.01074
23	0.02489	0.14559	0.05928	0.04450	0.08465	0.10834	0.06377	0.28528	0.02607	0.03340	0.01588	0.01796	0.01227	0.01005	0.03135	0.00262	0.01044	0.00653	0.00551	0.01161
24	0.01017	0.00752	0.00962	0.01110	0.01223	0.00697	0.00808	0.01207	0.01629	0.02110	0.05046	0.48029	0.17001	0.02340	0.01013	0.00319	0.00497	0.12841	0.00735	0.00664
25	0.01705	0.01914	0.08862	0.33165	0.17867	0.01855	0.14879	0.02375	0.05064	0.02361	0.01563	0.02092	0.01196	0.00761	0.00817	0.00258	0.01077	0.00751	0.00393	0.01044
26	0.04860	0.09283	0.24800	0.08203	0.05310	0.18387	0.07246	0.02529	0.01856	0.02369	0.06597	0.01993	0.01555	0.00826	0.00747	0.00234	0.01117	0.00659	0.00412	0.01019
27	0.01135	0.00842	0.01236	0.01236	0.01365	0.00970	0.00944	0.01392	0.01263	0.01813	0.02159	0.03309	0.02066	0.12115	0.62936	0.01227	0.01998	0.00878	0.00430	0.00687
28	0.00966	0.00690	0.00920	0.01104	0.01150	0.00644	0.00736	0.01104	0.01518	0.02024	0.04371	0.71614	0.05245	0.02484	0.01012	0.00322	0.00460	0.02254	0.00736	0.00644
29	0.02294	0.02071	0.03052	0.07262	0.03157	0.04969	0.23914	0.28013	0.05054	0.03488	0.02254	0.02464	0.06348	0.00919	0.00852	0.00252	0.01030	0.00865	0.00601	0.01140
30	0.05792	0.02027	0.02329	0.08450	0.05903	0.02229	0.01566	0.47934	0.03212	0.09802	0.01907	0.01969	0.01348	0.00918	0.00781	0.00241	0.00867	0.00709	0.00735	0.01280
31	0.01133	0.00882	0.01310	0.01322	0.01457	0.00840	0.06420	0.03691	0.01621	0.02167	0.03957	0.60180	0.04643	0.04930	0.01113	0.00331	0.00566	0.02035	0.00699	0.00703
32	0.01763	0.01559	0.01703	0.01243	0.01930	0.04499	0.00991	0.04478	0.01755	0.02645	0.01419	0.01644	0.01174	0.00613	0.00602	0.00126	0.00640	0.00481	0.00479	0.70254
33	0.01144	0.00765	0.00868	0.00877	0.00879	0.00763	0.00493	0.01151	0.01171	0.01562	0.02591	0.08456	0.02999	0.68706	0.03887	0.00747	0.00754	0.01207	0.00493	0.00489
34	0.02460	0.16844	0.02901	0.05201	0.05086	0.21230	0.09951	0.10450	0.02174	0.08412	0.01878	0.02233	0.03555	0.00891	0.00749	0.00226	0.01061	0.03135	0.00514	0.01047
35	0.01152	0.00772	0.00883	0.00883	0.00890	0.00779	0.00503	0.01165	0.01159	0.01551	0.02482	0.05096	0.02842	0.69151	0.06962	0.00792	0.00830	0.01140	0.00478	0.00491
36	0.05074	0.02034	0.04087	0.03098	0.06414	0.02062	0.48361	0.02420	0.01736	0.02479	0.01483	0.02027	0.01163	0.00795	0.01192	0.00279	0.13004	0.00864	0.00395	0.01035
37	0.02962	0.03779	0.02247	0.02043	0.02451	0.68948	0.01532	0.03166	0.02247	0.01941	0.01226	0.01430	0.01021	0.00817	0.00715	0.00204	0.01430	0.00511	0.00409	0.00919
38	0.03558	0.01350	0.01840	0.01411	0.02024	0.01166	0.01166	0.03865	0.02270	0.67734	0.03128	0.02699	0.01963	0.00981	0.00797	0.00245	0.00675	0.00797	0.00981	0.01350
39	0.03014	0.02221	0.02380	0.01825	0.02459	0.02459	0.01507	0.64541	0.03728	0.04998	0.01904	0.01904	0.01349	0.00952	0.00793	0.00238	0.00873	0.00714	0.00793	0.01349
40	0.00953	0.00804	0.00826	0.00820	0.01081	0.00676	0.00615	0.01169	0.01845	0.02232	0.13132	0.07483	0.61708	0.01975	0.00937	0.00266	0.00399	0.01653	0.00748	0.00676
41	0.00980	0.00817	0.00863	0.00886	0.01143	0.00700	0.00687	0.01202	0.01810	0.02171	0.07551	0.07797	0.59021	0.02031	0.00957	0.00280	0.00443	0.09248	0.00736	0.00677
42	0.02604	0.02017	0.02149	0.01741	0.02303	0.02267	0.01408	0.40771	0.28166	0.04336	0.02425	0.02319	0.01771	0.01001	0.00799	0.00250	0.00776	0.00786	0.00799	0.01312
43	0.77733	0.01534	0.01166	0.01043	0.01534	0.01779	0.00859	0.02331	0.01350	0.03558	0.01104	0.01288	0.00859	0.00736	0.00491	0.00245	0.00613	0.00429	0.00491	0.00859
44	0.01824	0.05740	0.18721	0.03077	0.06591	0.02015	0.45131	0.02522	0.01813	0.02505	0.01536	0.01989	0.01153	0.00689	0.00869	0.00258	0.01261	0.00825	0.00383	0.01098
45	0.01590	0.04102	0.68023	0.02260	0.03432	0.01842	0.02930	0.02511	0.01674	0.02511	0.01423	0.01674	0.01005	0.00753	0.00753	0.00251	0.01172	0.00586	0.00335	0.01172
46	0.01590	0.04102	0.68023	0.02260	0.03432	0.01842	0.02930	0.02511	0.01674	0.02511	0.01423	0.01674	0.01005	0.00753	0.00753	0.00251	0.01172	0.00586	0.00335	0.01172
47	0.77733	0.01534	0.01166	0.01043	0.01534	0.01779	0.00859	0.02331	0.01350	0.03558	0.01104	0.01288	0.00859	0.00736	0.00491	0.00245	0.00613	0.00429	0.00491	0.00859
48	0.00966	0.00690	0.00920	0.01104	0.01150	0.00644	0.00736	0.01104	0.01518	0.02024	0.04371	0.71614	0.05245	0.02484	0.01012	0.00322	0.00460	0.02254	0.00736	0.00644
49	0.01133	0.00850	0.01274	0.01274	0.01416	0.00991	0.00991	0.01416	0.01274	0.01841	0.02124	0.03115	0.01982	0.05947	0.68989	0.01274	0.02124	0.00850	0.00425	0.00708
50	0.77733	0.01534	0.01166	0.01043	0.01534	0.01779	0.00859	0.02331	0.01350	0.03558	0.01104	0.01288	0.00859	0.00736	0.00491	0.00245	0.00613	0.00429	0.00491	0.00859
51	0.01377	0.00689	0.01033	0.01033	0.01033	0.00689	0.00689	0.01033	0.01033	0.01377	0.01377	0.02410	0.01377	0.02755	0.03099	0.76928	0.00689	0.00689	0.00344	0.00344
52	0.00955	0.00804	0.00828	0.00822	0.01082	0.00677	0.00616	0.01172	0.01849	0.02242	0.13657	0.07468	0.61177	0.01971	0.00937	0.00266	0.00399	0.01651	0.00749	0.00677
53	0.01972	0.01703	0.01793	0.01614	0.02062	0.01972	0.01255	0.04214	0.65752	0.03317	0.03228	0.02959	0.02421	0.01076	0.00807	0.00269	0.00628	0.00897	0.00807	0.01255
54	0.01459	0.00885	0.01168	0.01055	0.01301	0.00806	0.00806	0.01823	0.02248	0.12093	0.57980	0.05478	0.06720	0.01533	0.00916	0.00249	0.00416	0.01346	0.00888	0.00831
55	0.02962	0.03779	0.02247	0.02043	0.02451	0.68948	0.01532	0.03166	0.02247	0.01941	0.01226	0.01430	0.01021	0.00817	0.00715	0.00204	0.01430	0.00511	0.00409	0.00919
56	0.01133	0.00850	0.01274	0.01274	0.01416	0.00991	0.00991	0.01416	0.01274	0.01841	0.02124	0.03115	0.01982	0.05947	0.68989	0.01274	0.02124	0.00850	0.00425	0.00708
57	0.00965	0.00696	0.00914	0.01089	0.01146	0.00645	0.00729	0.01106	0.01533	0.02030	0.04554	0.68411	0.08330	0.02461	0.01008	0.00319	0.00457	0.02225	0.00736	0.00645
58	0.01426	0.01143	0.01746	0.02307	0.18521	0.01139	0.01526	0.01797	0.01792	0.02397	0.03516	0.12964	0.03773	0.01835	0.01007	0.00328	0.00760	0.40524	0.00644	0.00858
59	0.60186	0.11129	0.08242	0.01206	0.01789	0.01964	0.01131	0.02355	0.01416	0.03231	0.01136	0.01325	0.00894	0.00730	0.00519	0.00236	0.00700	0.00444	0.00455	0.00911
60	0.02885	0.03655	0.02254	0.05619	0.02609	0.65424	0.01567	0.03107	0.02212	0.01945	0.01235	0.01466	0.01023	0.00816	0.00719	0.00207	0.01410	0.00521	0.00406	0.00917
61	0.01136	0.00762	0.00870	0.00886	0.00890	0.00758	0.00503	0.01149	0.01186	0.01581	0.02666	0.11139	0.03094	0.65893	0.03765	0.00729	0.00741	0.01252	0.00503	0.00495
62	0.00993	0.00716	0.00917	0.01049	0.01121	0.00666	0.00703	0.01144	0.01570	0.02087	0.09678	0.55015	0.10313	0.08527	0.01267	0.00351	0.00475	0.02041	0.00725	0.00640
63	0.01617	0.03914	0.61962	0.02364	0.03500	0.01857	0.08803	0.02514	0.01693	0.02514	0.01440	0.01719	0.01024	0.00745	0.00771	0.00253	0.01188	0.00619	0.00341	0.01162
64	0.01849	0.01759	0.02988	0.13244	0.55624	0.01803	0.02314	0.02310	0.01762	0.02487	0.01632	0.05636	0.01439	0.00811	0.00798	0.00244	0.00932	0.00787	0.00405	0.01175
65	0.02862	0.06757	0.02350	0.02004	0.02413	0.59587	0.01534	0.05703	0.02228	0.02067	0.01240	0.01459	0.01036	0.00847	0.00808	0.00212	0.05012	0.00525	0.00419	0.00940
66	0.01006	0.00759	0.00940	0.01059	0.01195	0.00692	0.00770	0.01203	0.01675	0.02153	0.07953	0.41519	0.23502	0.02269	0.00998	0.00309	0.00476	0.10115	0.00741	0.00667
67	0.01340	0.00689	0.01023	0.01040	0.01044	0.00685	0.00693	0.01040	0.01078	0.01437	0.01652	0.08752	0.01732	0.02730	0.02908	0.69909	0.00668	0.00832	0.00380	0.00372
68	0.02962	0.03779	0.02247	0.02043	0.02451	0.68948	0.01532	0.03166	0.02247	0.01941	0.01226	0.01430	0.01021	0.00817	0.00715	0.00204	0.01430	0.00511	0.00409	0.00919
69	0.02684	0.01543	0.01985	0.04183	0.08837	0.01571	0.01380	0.06453	0.22993	0.32107	0.02925	0.02920	0.02093	0.01028	0.00812	0.00257	0.00711	0.03429	0.00823	0.01267
70	0.01246	0.00771	0.01142	0.01142	0.01211	0.00840	0.00825	0.01226	0.01157	0.01612	0.01800	0.02900	0.01751	0.07950	0.35261	0.36062	0.01392	0.00791	0.00391	0.00529
71	0.01263	0.00848	0.01069	0.00991	0.01224	0.00764	0.00751	0.01600	0.02166	0.07620	0.51345	0.06008	0.18061	0.01647	0.00926	0.00253	0.00401	0.01433	0.00855	0.00777
72	0.01542	0.01471	0.02388	0.57384	0.04825	0.01888	0.02114	0.02004	0.01516	0.02004	0.01340	0.02043	0.01054	0.00905	0.01134	0.00280	0.14177	0.00703	0.00351	0.00878
73	0.01644	0.01409	0.01644	0.01175	0.01879	0.01057	0.00940	0.01997	0.01644	0.02584	0.01409	0.01644	0.01175	0.00587	0.00587	0.00117	0.00587	0.00470	0.00470	0.76979
74	0.05708	0.02417	0.16899	0.02171	0.02670	0.07963	0.11543	0.02423	0.01610	0.08003	0.01457	0.01874	0.01165	0.01198	0.04112	0.00323	0.26339	0.00694	0.00424	0.01005
75	0.74476	0.01541	0.01192	0.01067	0.01556	0.01787	0.00876	0.02412	0.04118	0.03548	0.01195	0.01360	0.00926	0.00751	0.00504	0.00246	0.00614	0.00449	0.00504	0.00876
76	0.16562	0.01491	0.01789	0.01398	0.01992	0.01435	0.01154	0.11180	0.02290	0.48581	0.02619	0.02351	0.01692	0.00935	0.00743	0.00244	0.00689	0.00722	0.00871	0.01263
77	0.01856	0.02371	0.17729	0.06995	0.47429	0.01875	0.05368	0.02439	0.01770	0.02547	0.01478	0.01913	0.01189	0.00719	0.00785	0.00242	0.01016	0.00690	0.00378	0.01213
78	0.01911	0.01634	0.01748	0.01600	0.02025	0.01879	0.01257	0.03988	0.60135	0.03234	0.03313	0.03485	0.02609	0.01174	0.00832	0.00277	0.00637	0.06252	0.00800	0.01209
79	0.01318	0.00907	0.01134	0.01037	0.01267	0.00851	0.00784	0.04866	0.02242	0.06074	0.52710	0.05688	0.12006	0.04356	0.01043	0.00271	0.00432	0.01377	0.00846	0.00790
80	0.77733	0.01534	0.01166	0.01043	0.01534	0.01779	0.00859	0.02331	0.01350	0.03558	0.01104	0.01288	0.00859	0.00736	0.00491	0.00245	0.00613	0.00429	0.00491	0.00859
81	0.03014	0.02221	0.02380	0.01825	0.02459	0.02459	0.01507	0.64541	0.03728	0.04998	0.01904	0.01904	0.01349	0.00952	0.00793	0.00238	0.00873	0.00714	0.00793	0.01349
82	0.01162	0.00830	0.01145	0.01328	0.01459	0.00813	0.01076	0.01442	0.01711	0.02243	0.04263	0.32277	0.04817	0.02300	0.01064	0.00349	0.00630	0.39660	0.00732	0.00698
83	0.02120	0.72609	0.04155	0.01357	0.02035	0.03138	0.01357	0.02374	0.01611	0.01866	0.01102	0.01272	0.01018	0.00678	0.00509	0.00170	0.00848	0.00424	0.00339	0.01018
84	0.00966	0.00690	0.00920	0.01104	0.01150	0.00644	0.00736	0.01104	0.01518	0.02024	0.04371	0.71614	0.05245	0.02484	0.01012	0.00322	0.00460	0.02254	0.00736	0.00644
85	0.77733	0.01534	0.01166	0.01043	0.01534	0.01779	0.00859	0.02331	0.01350	0.03558	0.01104	0.01288	0.00859	0.00736	0.00491	0.00245	0.00613	0.00429	0.00491	0.00859
86	0.77733	0.01534	0.01166	0.01043	0.01534	0.01779	0.00859	0.02331	0.01350	0.03558	0.01104	0.01288	0.00859	0.00736	0.00491	0.00245	0.00613	0.00429	0.00491	0.00859
87	0.03558	0.01350	0.01840	0.01411	0.02024	0.01166	0.01166	0.03865	0.02270	0.67734	0.03128	0.02699	0.01963	0.00981	0.00797	0.00245	0.00675	0.00797	0.00981	0.01350
88	0.03014	0.02221	0.02380	0.01825	0.02459	0.02459	0.01507	0.64541	0.03728	0.04998	0.01904	0.01904	0.01349	0.00952	0.00793	0.00238	0.00873	0.00714	0.00793	0.01349
89	0.01972	0.01703	0.01793	0.01614	0.02062	0.01972	0.01255	0.04214	0.65752	0.03317	0.03228	0.02959	0.02421	0.01076	0.00807	0.00269	0.00628	0.00897	0.00807	0.01255
90	0.01872	0.02139	0.04679	0.03342	0.04144	0.02005	0.64305	0.02540	0.01872	0.02540	0.01604	0.02139	0.01203	0.00668	0.00936	0.00267	0.01337	0.00936	0.00401	0.01070
91	0.00937	0.00803	0.00803	0.00803	0.01071	0.00669	0.00602	0.01138	0.01807	0.02142	0.08033	0.07632	0.66863	0.02008	0.00937	0.00268	0.00402	0.01674	0.00736	0.00669
92	0.03558	0.01350	0.01840	0.01411	0.02024	0.01166	0.01166	0.03865	0.02270	0.67734	0.03128	0.02699	0.01963	0.00981	0.00797	0.00245	0.00675	0.00797	0.00981	0.01350
93	0.01153	0.00769	0.00865	0.00865	0.00865	0.00769	0.00480	0.01153	0.01153	0.01538	0.02499	0.05189	0.02883	0.72131	0.04036	0.00769	0.00769	0.01153	0.00480	0.00480
94	0.02582	0.04712	0.02412	0.01803	0.02376	0.01699	0.11691	0.13791	0.12598	0.25160	0.07569	0.02965	0.02302	0.01027	0.00832	0.00254	0.00798	0.03451	0.00778	0.01200
95	0.01544	0.01034	0.01274	0.01156	0.01448	0.00997	0.00881	0.02185	0.12396	0.10476	0.38668	0.10705	0.07550	0.01500	0.00889	0.00253	0.00468	0.01309	0.00839	0.04427
96	0.05701	0.07787	0.08667	0.02163	0.02903	0.01863	0.24637	0.07064	0.07524	0.02793	0.01639	0.01917	0.01265	0.00716	0.00754	0.00217	0.00961	0.00702	0.00477	0.20250
97	0.01877	0.34853	0.30126	0.01733	0.02587	0.02376	0.01968	0.05418	0.01739	0.02323	0.01426	0.04476	0.01215	0.00796	0.00648	0.00211	0.00955	0.00585	0.00382	0.04307
98	0.02052	0.29333	0.17828	0.07673	0.02686	0.08177	0.01746	0.04895	0.01795	0.05050	0.01372	0.01587	0.01093	0.00729	0.00642	0.00198	0.00950	0.00527	0.00408	0.11261

[dist]
# distance from previous block
# <min> <max>
0	5

[block]
# block no. 4 follows, 24 sequences, length 44
# corresponding to MSA columns:
# 248-291
name=unknown_E
#
# <colnr> <probs for GDERKNQSTAVLIFYWHMCP>
#	G	D	E	R	K	N	Q	S	T	A	V	L	I	F	Y	W	H	M	C	P
0	0.16057	0.07282	0.01795	0.01337	0.01779	0.01342	0.04725	0.02462	0.01745	0.23496	0.02666	0.18939	0.02433	0.05195	0.00946	0.00281	0.00666	0.01059	0.00688	0.05109
1	0.02031	0.01961	0.04701	0.19431	0.13065	0.08538	0.09341	0.05133	0.15326	0.06481	0.02044	0.02497	0.01595	0.00900	0.00815	0.00257	0.00981	0.03276	0.00534	0.01091
2	0.62741	0.01578	0.01323	0.01124	0.01651	0.01754	0.00923	0.07565	0.01585	0.03569	0.01207	0.01381	0.00936	0.00737	0.00527	0.00230	0.00632	0.00458	0.00514	0.09563
3	0.01894	0.13943	0.16719	0.01752	0.05072	0.01770	0.04278	0.04650	0.06493	0.05563	0.01603	0.01777	0.01250	0.00714	0.00666	0.00188	0.00821	0.00572	0.00472	0.29801
4	0.14651	0.54746	0.03507	0.07141	0.02242	0.02795	0.01346	0.02338	0.01566	0.02161	0.01129	0.01346	0.00995	0.00698	0.00530	0.00190	0.00827	0.00449	0.00366	0.00980
5	0.01089	0.00813	0.01099	0.01129	0.01260	0.00862	0.00838	0.01304	0.01392	0.01889	0.03459	0.13252	0.12652	0.13955	0.38043	0.00890	0.01400	0.03477	0.00533	0.00663
6	0.01227	0.00965	0.01238	0.07048	0.01746	0.00982	0.01047	0.01740	0.08959	0.02439	0.12656	0.19333	0.16731	0.01896	0.00970	0.00303	0.00584	0.18633	0.00727	0.00775
7	0.01805	0.01987	0.06488	0.20588	0.17935	0.05743	0.11492	0.02255	0.01625	0.02221	0.01353	0.01925	0.01115	0.00906	0.01269	0.00275	0.18920	0.00720	0.00369	0.01008
8	0.01086	0.00809	0.01009	0.00959	0.01162	0.00733	0.00719	0.01426	0.02158	0.02975	0.55166	0.06261	0.19211	0.01698	0.00936	0.00253	0.00380	0.01481	0.00846	0.00733
9	0.02133	0.01777	0.02563	0.03075	0.30896	0.01855	0.04074	0.19122	0.07681	0.03192	0.05176	0.02297	0.01719	0.01084	0.01066	0.08969	0.00853	0.00769	0.00556	0.01144
10	0.00966	0.00690	0.00920	0.01104	0.01150	0.00644	0.00736	0.01104	0.01518	0.02024	0.04371	0.71614	0.05245	0.02484	0.01012	0.00322	0.00460	0.02254	0.00736	0.00644
11	0.01133	0.00850	0.01274	0.01274	0.01416	0.00991	0.00991	0.01416	0.01274	0.01841	0.02124	0.03115	0.01982	0.05947	0.68989	0.01274	0.02124	0.00850	0.00425	0.00708
12	0.77733	0.01534	0.01166	0.01043	0.01534	0.01779	0.00859	0.02331	0.01350	0.03558	0.01104	0.01288	0.00859	0.00736	0.00491	0.00245	0.00613	0.00429	0.00491	0.00859
13	0.01133	0.00850	0.01274	0.01274	0.01416	0.00991	0.00991	0.01416	0.01274	0.01841	0.02124	0.03115	0.01982	0.05947	0.68989	0.01274	0.02124	0.00850	0.00425	0.00708
14	0.01699	0.05677	0.33609	0.01747	0.02659	0.01614	0.01946	0.04334	0.05293	0.02636	0.01520	0.01725	0.01161	0.00709	0.00682	0.00196	0.00890	0.00555	0.00429	0.30920
15	0.01133	0.00850	0.01274	0.01274	0.01416	0.00991	0.00991	0.01416	0.01274	0.01841	0.02124	0.03115	0.01982	0.05947	0.68989	0.01274	0.02124	0.00850	0.00425	0.00708
16	0.02681	0.03018	0.02107	0.01867	0.02308	0.43504	0.01429	0.12099	0.14036	0.02644	0.02051	0.02107	0.04820	0.00947	0.00755	0.00224	0.01149	0.00672	0.00554	0.01029
17	0.01094	0.00809	0.01021	0.00968	0.01168	0.00736	0.00726	0.01442	0.02179	0.03024	0.57924	0.06181	0.16422	0.01679	0.00936	0.00252	0.00378	0.01470	0.00852	0.00736
18	0.01133	0.00850	0.01274	0.01274	0.01416	0.00991	0.00991	0.01416	0.01274	0.01841	0.02124	0.03115	0.01982	0.05947	0.68989	0.01274	0.02124	0.00850	0.00425	0.00708
19	0.01972	0.01703	0.01793	0.01614	0.02062	0.01972	0.01255	0.04214	0.65752	0.03317	0.03228	0.02959	0.02421	0.01076	0.00807	0.00269	0.00628	0.00897	0.00807	0.01255
20	0.01735	0.01735	0.02429	0.02082	0.02082	0.02429	0.01735	0.01908	0.01214	0.01908	0.01041	0.01735	0.01041	0.01388	0.02602	0.00347	0.70680	0.00694	0.00347	0.00867
21	0.03014	0.02221	0.02380	0.01825	0.02459	0.02459	0.01507	0.64541	0.03728	0.04998	0.01904	0.01904	0.01349	0.00952	0.00793	0.00238	0.00873	0.00714	0.00793	0.01349
22	0.01151	0.00779	0.00915	0.00915	0.00932	0.00796	0.00543	0.01185	0.01168	0.01574	0.02453	0.04937	0.02773	0.64086	0.11932	0.00830	0.00934	0.01116	0.00474	0.00508
23	0.01166	0.00891	0.01093	0.01205	0.01331	0.00908	0.00839	0.01722	0.14272	0.02281	0.04144	0.57982	0.04684	0.02205	0.00971	0.00312	0.00493	0.01985	0.00750	0.00765
24	0.01478	0.00739	0.00739	0.00739	0.00924	0.00739	0.00554	0.01848	0.01663	0.02956	0.02587	0.02956	0.02033	0.00924	0.00554	0.00185	0.00370	0.00739	0.76534	0.00739
25	0.01134	0.00845	0.01253	0.01253	0.01387	0.00980	0.00964	0.01402	0.01268	0.01825	0.02144	0.03224	0.02030	0.09430	0.65571	0.01248	0.02053	0.00866	0.00428	0.00696
26	0.77733	0.01534	0.01166	0.01043	0.01534	0.01779	0.00859	0.02331	0.01350	0.03558	0.01104	0.01288	0.00859	0.00736	0.00491	0.00245	0.00613	0.00429	0.00491	0.00859
27	0.01923	0.01844	0.03148	0.10406	0.61954	0.01874	0.02414	0.02399	0.01787	0.02543	0.01485	0.01975	0.01239	0.00714	0.00786	0.00238	0.00952	0.00706	0.00389	0.01224
28	0.02866	0.11613	0.02464	0.01965	0.02404	0.61458	0.01512	0.03076	0.02175	0.01932	0.01212	0.01412	0.01021	0.00801	0.00692	0.00200	0.01364	0.00501	0.00401	0.00930
29	0.01590	0.04102	0.68023	0.02260	0.03432	0.01842	0.02930	0.02511	0.01674	0.02511	0.01423	0.01674	0.01005	0.00753	0.00753	0.00251	0.01172	0.00586	0.00335	0.01172
30	0.03422	0.01320	0.01797	0.01388	0.01978	0.01142	0.01142	0.03733	0.02268	0.64139	0.06673	0.02879	0.02270	0.01017	0.00805	0.00246	0.00658	0.00833	0.00975	0.01316
31	0.09170	0.12756	0.53124	0.02023	0.03063	0.02004	0.02521	0.02476	0.01634	0.02531	0.01350	0.01584	0.00992	0.00742	0.00696	0.00240	0.01075	0.00549	0.00351	0.01121
32	0.01896	0.01816	0.03098	0.14291	0.58285	0.01866	0.02400	0.02375	0.01774	0.02509	0.01480	0.01984	0.01227	0.00719	0.00786	0.00240	0.00959	0.00706	0.00387	0.01202
33	0.01693	0.01610	0.02745	0.31578	0.27343	0.01758	0.07402	0.02279	0.05073	0.02356	0.01783	0.05346	0.01525	0.00891	0.00824	0.00261	0.00978	0.03092	0.00426	0.01038
34	0.01089	0.00807	0.01001	0.00954	0.01146	0.00734	0.00706	0.01410	0.02104	0.02896	0.52193	0.06209	0.18523	0.05438	0.01100	0.00280	0.00400	0.01465	0.00826	0.00719
35	0.00966	0.00690	0.00920	0.01104	0.01150	0.00644	0.00736	0.01104	0.01518	0.02024	0.04371	0.71614	0.05245	0.02484	0.01012	0.00322	0.00460	0.02254	0.00736	0.00644
36	0.02934	0.28692	0.02849	0.01473	0.02120	0.01957	0.03950	0.03237	0.02000	0.39692	0.02287	0.02128	0.01568	0.00852	0.00693	0.00217	0.00770	0.00660	0.00710	0.01210
37	0.02282	0.01954	0.07803	0.03490	0.39364	0.01787	0.02050	0.09744	0.04482	0.13131	0.01853	0.02106	0.01408	0.00880	0.00882	0.03401	0.00887	0.00719	0.00540	0.01237
