[name]
unknown

[dist]
# distance from previous block
# <min> <max>
9	95

[block]
# block no. 0 follows, 24 sequences, length 11
# corresponding to MSA columns:
# 107-117
name=unknown_A
#
# <colnr> <probs for GDERKNQSTAVLIFYWHMCP>
#	G	D	E	R	K	N	Q	S	T	A	V	L	I	F	Y	W	H	M	C	P
0	0.01634	0.01581	0.02557	0.01954	0.02461	0.01534	0.19029	0.02012	0.01609	0.02365	0.01797	0.11326	0.01711	0.01023	0.01132	0.00232	0.14272	0.00888	0.00463	0.30421
1	0.16412	0.01309	0.01405	0.01230	0.01626	0.01373	0.00967	0.05482	0.17546	0.08322	0.24778	0.03686	0.06056	0.01192	0.00781	0.00246	0.00542	0.00980	0.00760	0.05307
2	0.62821	0.01496	0.01273	0.04105	0.01728	0.01719	0.00947	0.06134	0.01525	0.03445	0.01461	0.07668	0.01292	0.00909	0.00570	0.00253	0.00635	0.00623	0.00526	0.00871
3	0.01600	0.12289	0.54089	0.02045	0.03054	0.01895	0.02538	0.02368	0.01652	0.02388	0.01648	0.07895	0.01386	0.00899	0.00746	0.00247	0.01068	0.00715	0.00371	0.01105
4	0.01963	0.01884	0.03219	0.04867	0.67185	0.01884	0.02434	0.02434	0.01806	0.02591	0.01492	0.01963	0.01256	0.00707	0.00785	0.00236	0.00942	0.00707	0.00393	0.01256
5	0.01498	0.01409	0.02378	0.70226	0.05462	0.01762	0.02202	0.02026	0.01586	0.02026	0.01409	0.02114	0.01057	0.00793	0.00793	0.00264	0.01057	0.00705	0.00352	0.00881
6	0.31002	0.01481	0.01497	0.01268	0.01750	0.01596	0.01024	0.09149	0.12084	0.17679	0.06650	0.02370	0.01945	0.00941	0.00674	0.00244	0.00621	0.00706	0.06257	0.01062
7	0.01606	0.00790	0.00839	0.00806	0.01004	0.00776	0.00594	0.01930	0.01655	0.07888	0.02620	0.03181	0.02120	0.08724	0.00955	0.00253	0.00437	0.00789	0.62274	0.00759
8	0.01679	0.01384	0.01610	0.01228	0.01829	0.01134	0.00965	0.07994	0.01830	0.02738	0.01892	0.11929	0.01788	0.00901	0.00670	0.00159	0.00597	0.00755	0.00541	0.58376
9	0.01953	0.12295	0.39332	0.06752	0.03250	0.02021	0.07233	0.08127	0.01905	0.07602	0.01568	0.01787	0.01129	0.00775	0.00746	0.00241	0.01070	0.00628	0.00432	0.01153
10	0.01837	0.28157	0.31057	0.01822	0.02599	0.06877	0.02022	0.02359	0.01648	0.02163	0.01494	0.06860	0.01337	0.00906	0.00809	0.00231	0.05753	0.00658	0.00373	0.01038

[dist]
# distance from previous block
# <min> <max>
1	4

[block]
# block no. 1 follows, 24 sequences, length 13
# corresponding to MSA columns:
# 122-134
name=unknown_B
#
# <colnr> <probs for GDERKNQSTAVLIFYWHMCP>
#	G	D	E	R	K	N	Q	S	T	A	V	L	I	F	Y	W	H	M	C	P
0	0.07613	0.22692	0.22729	0.01704	0.02470	0.02026	0.05558	0.04410	0.01822	0.11590	0.04720	0.02251	0.05452	0.00876	0.00701	0.00228	0.00889	0.00685	0.00503	0.01080
1	0.01897	0.01486	0.01894	0.01630	0.01864	0.01787	0.01310	0.02556	0.15730	0.10868	0.06948	0.02957	0.05339	0.06148	0.01786	0.00325	0.29947	0.00876	0.00602	0.04051
2	0.02001	0.01557	0.01803	0.04593	0.02148	0.01462	0.01164	0.15237	0.09115	0.06228	0.02209	0.02530	0.04300	0.00884	0.00714	0.00191	0.00676	0.03712	0.00617	0.38860
3	0.02867	0.01682	0.01950	0.01553	0.02104	0.01731	0.01261	0.29783	0.08250	0.27042	0.02958	0.07385	0.05474	0.01136	0.00819	0.00251	0.00727	0.00917	0.00855	0.01256
4	0.01963	0.01884	0.03219	0.04867	0.67185	0.01884	0.02434	0.02434	0.01806	0.02591	0.01492	0.01963	0.01256	0.00707	0.00785	0.00236	0.00942	0.00707	0.00393	0.01256
5	0.01726	0.01643	0.02792	0.38065	0.35833	0.01822	0.02316	0.02227	0.01694	0.02304	0.01450	0.02040	0.01155	0.00750	0.00789	0.00250	0.01000	0.00706	0.00372	0.01066
6	0.01960	0.01289	0.01566	0.01197	0.01791	0.01017	0.00949	0.02272	0.01781	0.16987	0.02486	0.09083	0.05767	0.00947	0.00697	0.00175	0.00583	0.00791	0.00626	0.48035
7	0.01634	0.01549	0.02625	0.51077	0.23545	0.01798	0.02270	0.02145	0.01650	0.02191	0.01434	0.02070	0.01115	0.00768	0.00791	0.00256	0.01023	0.00705	0.00364	0.00991
8	0.01151	0.00864	0.01062	0.01014	0.01215	0.00818	0.00753	0.01604	0.06477	0.02932	0.49132	0.09064	0.14555	0.04569	0.01058	0.00278	0.00415	0.01456	0.00828	0.00757
9	0.01801	0.09402	0.40205	0.02482	0.03458	0.06103	0.20448	0.02548	0.01761	0.02429	0.01436	0.01759	0.01064	0.00726	0.00783	0.00246	0.01208	0.00669	0.00359	0.01114
10	0.09347	0.23792	0.13235	0.01959	0.09586	0.05143	0.01672	0.13721	0.02075	0.07349	0.01544	0.01699	0.01192	0.00785	0.00659	0.00217	0.00887	0.00576	0.03441	0.01122
11	0.01867	0.32014	0.31486	0.02298	0.12881	0.02383	0.02203	0.02443	0.01669	0.02257	0.01302	0.01554	0.01049	0.00715	0.00657	0.00215	0.01002	0.00538	0.00346	0.01122
12	0.02229	0.08574	0.16141	0.01991	0.02568	0.12089	0.06530	0.05693	0.01838	0.10857	0.01533	0.01796	0.01184	0.00932	0.01183	0.00252	0.17790	0.00640	0.00470	0.05711

[dist]
# distance from previous block
# <min> <max>
5	26

[block]
# block no. 2 follows, 24 sequences, length 79
# corresponding to MSA columns:
# 161-197,199-240
name=unknown_C
#
# <colnr> <probs for GDERKNQSTAVLIFYWHMCP>
#	G	D	E	R	K	N	Q	S	T	A	V	L	I	F	Y	W	H	M	C	P
0	0.04990	0.06648	0.50789	0.02245	0.06722	0.01810	0.04718	0.02381	0.01670	0.02499	0.01787	0.04824	0.03786	0.00865	0.00757	0.00250	0.01065	0.00703	0.00380	0.01110
1	0.01677	0.02435	0.28978	0.01645	0.02431	0.01378	0.01763	0.04642	0.01785	0.06287	0.04801	0.10530	0.01937	0.00972	0.00744	0.00216	0.00820	0.00808	0.00506	0.25646
2	0.01690	0.09119	0.45576	0.01990	0.02954	0.01764	0.04479	0.02419	0.01729	0.04981	0.04779	0.02175	0.01518	0.00833	0.00746	0.00236	0.01018	0.02932	0.00417	0.08647
3	0.26495	0.08568	0.24761	0.01679	0.02443	0.01800	0.05521	0.02585	0.01685	0.11891	0.04531	0.01880	0.01400	0.00808	0.00673	0.00242	0.00868	0.00611	0.00504	0.01056
4	0.20043	0.02992	0.35464	0.01874	0.02747	0.04365	0.04250	0.08069	0.01838	0.06389	0.01478	0.01662	0.01065	0.00772	0.00695	0.00242	0.00979	0.00576	0.00457	0.04043
5	0.06478	0.02164	0.24457	0.01607	0.02283	0.01319	0.01659	0.02693	0.01874	0.26487	0.05775	0.14929	0.02436	0.01193	0.00811	0.00261	0.00789	0.00999	0.00681	0.01103
6	0.14465	0.02424	0.23150	0.01710	0.02413	0.01789	0.04478	0.19148	0.02231	0.03465	0.06900	0.02185	0.01724	0.00890	0.00720	0.00239	0.00848	0.00697	0.09442	0.01079
7	0.04962	0.35819	0.29606	0.01714	0.02579	0.02385	0.01955	0.02562	0.01686	0.08101	0.01414	0.01563	0.01091	0.00738	0.00633	0.00212	0.00954	0.00523	0.00401	0.01104
8	0.21581	0.02610	0.32760	0.01620	0.02401	0.01571	0.01826	0.02342	0.01675	0.05609	0.08686	0.02150	0.01786	0.00853	0.00686	0.00238	0.00839	0.00648	0.04471	0.05649
9	0.01676	0.21042	0.46138	0.01928	0.02884	0.02068	0.02344	0.02371	0.01675	0.02355	0.04202	0.04905	0.01469	0.00849	0.00711	0.00234	0.01025	0.00656	0.00376	0.01092
10	0.35440	0.05561	0.33013	0.01676	0.02493	0.04846	0.01889	0.02455	0.01553	0.02925	0.01261	0.01477	0.00941	0.00746	0.00626	0.00243	0.00923	0.00507	0.00407	0.01016
11	0.05000	0.35691	0.22855	0.01752	0.02567	0.02552	0.03746	0.12640	0.01976	0.02659	0.01345	0.01523	0.01068	0.00748	0.00641	0.00211	0.00955	0.00536	0.00420	0.01114
12	0.65344	0.05822	0.08462	0.01190	0.01764	0.01862	0.01108	0.02353	0.01399	0.03351	0.01138	0.01328	0.00883	0.00735	0.00520	0.00242	0.00686	0.00446	0.00466	0.00901
13	0.08835	0.11283	0.54791	0.02047	0.03102	0.01976	0.02564	0.02479	0.01637	0.02540	0.01358	0.01594	0.00992	0.00744	0.00702	0.00242	0.01084	0.00554	0.00350	0.01126
14	0.06713	0.01824	0.01944	0.01629	0.02152	0.02043	0.01303	0.22822	0.37330	0.09446	0.02688	0.02514	0.01960	0.01010	0.00784	0.00256	0.00707	0.00805	0.00800	0.01270
15	0.01153	0.00769	0.00865	0.00865	0.00865	0.00769	0.00480	0.01153	0.01153	0.01538	0.02499	0.05189	0.02883	0.72131	0.04036	0.00769	0.00769	0.01153	0.00480	0.00480
16	0.03558	0.01350	0.01840	0.01411	0.02024	0.01166	0.01166	0.03865	0.02270	0.67734	0.03128	0.02699	0.01963	0.00981	0.00797	0.00245	0.00675	0.00797	0.00981	0.01350
17	0.02095	0.60205	0.09580	0.01658	0.05852	0.05306	0.01561	0.02418	0.01650	0.01965	0.01157	0.01352	0.01030	0.00691	0.00553	0.00182	0.00902	0.00457	0.00344	0.01041
18	0.01278	0.00913	0.01278	0.01460	0.01643	0.00913	0.01278	0.01643	0.01825	0.02373	0.04199	0.08945	0.04564	0.02191	0.01095	0.00365	0.00730	0.61847	0.00730	0.00730
19	0.01278	0.00913	0.01278	0.01460	0.01643	0.00913	0.01278	0.01643	0.01825	0.02373	0.04199	0.08945	0.04564	0.02191	0.01095	0.00365	0.00730	0.61847	0.00730	0.00730
20	0.01963	0.01884	0.03219	0.04867	0.67185	0.01884	0.02434	0.02434	0.01806	0.02591	0.01492	0.01963	0.01256	0.00707	0.00785	0.00236	0.00942	0.00707	0.00393	0.01256
21	0.01703	0.01688	0.02368	0.02039	0.02047	0.02353	0.01696	0.01883	0.01218	0.01905	0.01098	0.01807	0.01090	0.01627	0.06087	0.00396	0.67081	0.00702	0.00351	0.00859
22	0.74743	0.01502	0.01149	0.01031	0.01510	0.01738	0.00847	0.02312	0.01362	0.03534	0.01162	0.01354	0.00905	0.00743	0.00493	0.00243	0.00604	0.00442	0.03472	0.00854
23	0.01008	0.00756	0.01092	0.01207	0.01287	0.00706	0.03646	0.01170	0.01534	0.02048	0.04244	0.68434	0.05060	0.02401	0.01009	0.00320	0.00500	0.02194	0.00721	0.00664
24	0.02062	0.01711	0.01805	0.01574	0.02039	0.01936	0.01238	0.14866	0.48371	0.03510	0.03448	0.03215	0.08400	0.01143	0.00817	0.00263	0.00650	0.00938	0.00798	0.01216
25	0.01590	0.04102	0.68023	0.02260	0.03432	0.01842	0.02930	0.02511	0.01674	0.02511	0.01423	0.01674	0.01005	0.00753	0.00753	0.00251	0.01172	0.00586	0.00335	0.01172
26	0.01544	0.01070	0.01411	0.01309	0.01576	0.01054	0.04004	0.04215	0.11489	0.09630	0.18786	0.29700	0.07490	0.01745	0.00926	0.00281	0.00542	0.01557	0.00791	0.00882
27	0.02120	0.72609	0.04155	0.01357	0.02035	0.03138	0.01357	0.02374	0.01611	0.01866	0.01102	0.01272	0.01018	0.00678	0.00509	0.00170	0.00848	0.00424	0.00339	0.01018
28	0.01122	0.00811	0.01060	0.00998	0.01185	0.00748	0.00748	0.01496	0.02245	0.03180	0.66766	0.05923	0.07482	0.01621	0.00935	0.00249	0.00374	0.01434	0.00873	0.00748
29	0.77733	0.01534	0.01166	0.01043	0.01534	0.01779	0.00859	0.02331	0.01350	0.03558	0.01104	0.01288	0.00859	0.00736	0.00491	0.00245	0.00613	0.00429	0.00491	0.00859
30	0.00937	0.00803	0.00803	0.00803	0.01071	0.00669	0.00602	0.01138	0.01807	0.02142	0.08033	0.07632	0.66863	0.02008	0.00937	0.00268	0.00402	0.01674	0.00736	0.00669
31	0.01154	0.00863	0.01119	0.01204	0.01286	0.00921	0.00860	0.01442	0.05119	0.02163	0.03710	0.51412	0.04226	0.02307	0.04149	0.00351	0.07534	0.01820	0.07647	0.00712
32	0.01934	0.01855	0.03167	0.08852	0.63422	0.01877	0.02420	0.02409	0.01792	0.02556	0.01487	0.01972	0.01244	0.00712	0.00786	0.00237	0.00949	0.00706	0.00390	0.01233
33	0.01143	0.00810	0.01073	0.01073	0.01145	0.00882	0.00740	0.01287	0.01215	0.01692	0.02308	0.04136	0.02426	0.38523	0.37019	0.01026	0.01457	0.00999	0.00452	0.00596
34	0.01092	0.00809	0.01018	0.00966	0.01166	0.00735	0.00724	0.01438	0.02173	0.03011	0.57187	0.06202	0.17167	0.01684	0.00936	0.00252	0.00379	0.01473	0.00851	0.00735
35	0.02944	0.02153	0.02305	0.01775	0.02389	0.02380	0.01464	0.61671	0.03634	0.04904	0.01935	0.01952	0.01380	0.00951	0.00782	0.00236	0.00850	0.00715	0.04260	0.01321
36	0.01990	0.55760	0.19863	0.01579	0.02379	0.02819	0.01744	0.02408	0.01627	0.02024	0.01181	0.01371	0.01014	0.00697	0.00569	0.00190	0.00928	0.00464	0.00338	0.01056
37	0.01735	0.01735	0.02429	0.02082	0.02082	0.02429	0.01735	0.01908	0.01214	0.01908	0.01041	0.01735	0.01041	0.01388	0.02602	0.00347	0.70680	0.00694	0.00347	0.00867
38	0.01790	0.03168	0.38621	0.06073	0.21997	0.05381	0.02576	0.02605	0.05645	0.02531	0.01542	0.01844	0.01168	0.00765	0.00766	0.00246	0.01080	0.00642	0.00385	0.01175
39	0.77733	0.01534	0.01166	0.01043	0.01534	0.01779	0.00859	0.02331	0.01350	0.03558	0.01104	0.01288	0.00859	0.00736	0.00491	0.00245	0.00613	0.00429	0.00491	0.00859
40	0.01153	0.00769	0.00865	0.00865	0.00865	0.00769	0.00480	0.01153	0.01153	0.01538	0.02499	0.05189	0.02883	0.72131	0.04036	0.00769	0.00769	0.01153	0.00480	0.00480
41	0.03014	0.02221	0.02380	0.01825	0.02459	0.02459	0.01507	0.64541	0.03728	0.04998	0.01904	0.01904	0.01349	0.00952	0.00793	0.00238	0.00873	0.00714	0.00793	0.01349
42	0.77733	0.01534	0.01166	0.01043	0.01534	0.01779	0.00859	0.02331	0.01350	0.03558	0.01104	0.01288	0.00859	0.00736	0.00491	0.00245	0.00613	0.00429	0.00491	0.00859
43	0.00944	0.00804	0.00813	0.00811	0.01075	0.00672	0.00608	0.01152	0.01824	0.02182	0.10273	0.07566	0.64598	0.01994	0.00937	0.00267	0.00401	0.01664	0.00742	0.00672
44	0.00966	0.00690	0.00920	0.01104	0.01150	0.00644	0.00736	0.01104	0.01518	0.02024	0.04371	0.71614	0.05245	0.02484	0.01012	0.00322	0.00460	0.02254	0.00736	0.00644
45	0.01963	0.01884	0.03219	0.04867	0.67185	0.01884	0.02434	0.02434	0.01806	0.02591	0.01492	0.01963	0.01256	0.00707	0.00785	0.00236	0.00942	0.00707	0.00393	0.01256
46	0.01590	0.04102	0.68023	0.02260	0.03432	0.01842	0.02930	0.02511	0.01674	0.02511	0.01423	0.01674	0.01005	0.00753	0.00753	0.00251	0.01172	0.00586	0.00335	0.01172
47	0.01498	0.01409	0.02378	0.70226	0.05462	0.01762	0.02202	0.02026	0.01586	0.02026	0.01409	0.02114	0.01057	0.00793	0.00793	0.00264	0.01057	0.00705	0.00352	0.00881
48	0.01133	0.00850	0.01274	0.01274	0.01416	0.00991	0.00991	0.01416	0.01274	0.01841	0.02124	0.03115	0.01982	0.05947	0.68989	0.01274	0.02124	0.00850	0.00425	0.00708
49	0.03014	0.02221	0.02380	0.01825	0.02459	0.02459	0.01507	0.64541	0.03728	0.04998	0.01904	0.01904	0.01349	0.00952	0.00793	0.00238	0.00873	0.00714	0.00793	0.01349
50	0.02120	0.72609	0.04155	0.01357	0.02035	0.03138	0.01357	0.02374	0.01611	0.01866	0.01102	0.01272	0.01018	0.00678	0.00509	0.00170	0.00848	0.00424	0.00339	0.01018
51	0.01153	0.00769	0.00865	0.00865	0.00865	0.00769	0.00480	0.01153	0.01153	0.01538	0.02499	0.05189	0.02883	0.72131	0.04036	0.00769	0.00769	0.01153	0.00480	0.00480
52	0.01122	0.00811	0.01060	0.00998	0.01185	0.00748	0.00748	0.01496	0.02245	0.03180	0.66766	0.05923	0.07482	0.01621	0.00935	0.00249	0.00374	0.01434	0.00873	0.00748
53	0.01122	0.00811	0.01060	0.00998	0.01185	0.00748	0.00748	0.01496	0.02245	0.03180	0.66766	0.05923	0.07482	0.01621	0.00935	0.00249	0.00374	0.01434	0.00873	0.00748
54	0.01799	0.01842	0.02419	0.02080	0.02101	0.05921	0.01724	0.01974	0.01269	0.01910	0.01051	0.01719	0.01040	0.01358	0.02503	0.00339	0.67045	0.00684	0.00350	0.00870
55	0.01590	0.04102	0.68023	0.02260	0.03432	0.01842	0.02930	0.02511	0.01674	0.02511	0.01423	0.01674	0.01005	0.00753	0.00753	0.00251	0.01172	0.00586	0.00335	0.01172
56	0.00946	0.00804	0.00815	0.00812	0.01076	0.00673	0.00609	0.01154	0.01827	0.02189	0.10682	0.07555	0.64185	0.01991	0.00937	0.00267	0.00400	0.01663	0.00743	0.00673
57	0.02971	0.03506	0.02270	0.02005	0.02453	0.57304	0.01528	0.13914	0.02507	0.02476	0.01344	0.01513	0.01079	0.00841	0.00729	0.00210	0.01332	0.00546	0.00476	0.00994
58	0.01963	0.01884	0.03219	0.04867	0.67185	0.01884	0.02434	0.02434	0.01806	0.02591	0.01492	0.01963	0.01256	0.00707	0.00785	0.00236	0.00942	0.00707	0.00393	0.01256
59	0.01744	0.06580	0.36129	0.02554	0.03486	0.04472	0.25245	0.02478	0.01759	0.02447	0.01597	0.04925	0.01267	0.00798	0.00818	0.00254	0.01195	0.00778	0.00380	0.01094
60	0.77733	0.01534	0.01166	0.01043	0.01534	0.01779	0.00859	0.02331	0.01350	0.03558	0.01104	0.01288	0.00859	0.00736	0.00491	0.00245	0.00613	0.00429	0.00491	0.00859
61	0.01913	0.01834	0.03129	0.11836	0.60604	0.01871	0.02409	0.02390	0.01782	0.02530	0.01483	0.01979	0.01235	0.00716	0.00786	0.00239	0.00954	0.00706	0.00388	0.01216
62	0.01281	0.01065	0.01156	0.01116	0.01416	0.01065	0.00867	0.02086	0.19671	0.02617	0.13397	0.06251	0.35773	0.01720	0.00916	0.00275	0.00493	0.07218	0.00772	0.00848
63	0.01129	0.00815	0.01070	0.01018	0.01205	0.00756	0.00772	0.01503	0.02226	0.03144	0.63976	0.06058	0.07352	0.01647	0.00942	0.00255	0.00390	0.04129	0.00867	0.00747
64	0.01640	0.01594	0.02506	0.27126	0.03421	0.02068	0.06406	0.01955	0.01390	0.01971	0.01234	0.01937	0.01075	0.01184	0.01842	0.04071	0.36653	0.00715	0.00353	0.00861
65	0.00966	0.00690	0.00920	0.01104	0.01150	0.00644	0.00736	0.01104	0.01518	0.02024	0.04371	0.71614	0.05245	0.02484	0.01012	0.00322	0.00460	0.02254	0.00736	0.00644
66	0.02161	0.69229	0.04062	0.01391	0.02056	0.06369	0.01365	0.02413	0.01642	0.01869	0.01108	0.01280	0.01018	0.00685	0.00519	0.00171	0.00877	0.00428	0.00343	0.01013
67	0.02120	0.72609	0.04155	0.01357	0.02035	0.03138	0.01357	0.02374	0.01611	0.01866	0.01102	0.01272	0.01018	0.00678	0.00509	0.00170	0.00848	0.00424	0.00339	0.01018
68	0.00972	0.00697	0.00914	0.01083	0.01136	0.00650	0.00721	0.01107	0.01515	0.02010	0.04436	0.66585	0.07488	0.05197	0.01128	0.00338	0.00470	0.02189	0.00726	0.00639
69	0.02760	0.02018	0.02154	0.01691	0.02261	0.02234	0.01384	0.52621	0.08891	0.04634	0.02092	0.02108	0.01515	0.00960	0.00769	0.00235	0.00798	0.00732	0.08870	0.01275
70	0.01018	0.00802	0.00918	0.00898	0.01123	0.00702	0.00670	0.01291	0.01985	0.02584	0.33175	0.09345	0.38944	0.01860	0.00939	0.00262	0.00392	0.01593	0.00795	0.00702
71	0.01644	0.01409	0.01644	0.01175	0.01879	0.01057	0.00940	0.01997	0.01644	0.02584	0.01409	0.01644	0.01175	0.00587	0.00587	0.00117	0.00587	0.00470	0.00470	0.76979
72	0.02454	0.01562	0.09956	0.01396	0.01958	0.01158	0.01261	0.02934	0.04586	0.35153	0.20766	0.03429	0.03371	0.01114	0.00819	0.00241	0.00646	0.00936	0.00834	0.05426
73	0.01773	0.29775	0.41586	0.01875	0.02826	0.02290	0.02260	0.02424	0.01671	0.02292	0.03638	0.01675	0.01241	0.00756	0.00668	0.00220	0.01021	0.00555	0.00356	0.01099
74	0.02197	0.01893	0.11575	0.01570	0.02162	0.04019	0.03540	0.09306	0.09933	0.18162	0.14360	0.03148	0.05660	0.01067	0.00806	0.00238	0.00740	0.00890	0.00725	0.08009
75	0.01715	0.03470	0.50152	0.02385	0.03422	0.01802	0.14745	0.02538	0.01761	0.05442	0.04040	0.01973	0.01334	0.00780	0.00798	0.00254	0.01151	0.00696	0.00397	0.01144
76	0.01636	0.08102	0.59212	0.02205	0.03316	0.01897	0.05100	0.02485	0.01677	0.02476	0.01410	0.01666	0.01019	0.00739	0.00739	0.00242	0.01136	0.00585	0.00343	0.04016
77	0.04889	0.04589	0.07236	0.05536	0.02049	0.01267	0.01236	0.02713	0.05666	0.27292	0.22145	0.06058	0.03576	0.01185	0.00820	0.00249	0.00643	0.00999	0.00791	0.01059
78	0.02191	0.01624	0.02053	0.01572	0.02160	0.01553	0.05950	0.18810	0.04743	0.10574	0.04893	0.06379	0.01884	0.00940	0.00806	0.00207	0.02963	0.00782	0.00651	0.29266

[dist]
# distance from previous block
# <min> <max>
6	13

[block]
# block no. 3 follows, 24 sequences, length 28
# corresponding to MSA columns:
# 254-281
name=unknown_D
#
# <colnr> <probs for GDERKNQSTAVLIFYWHMCP>
#	G	D	E	R	K	N	Q	S	T	A	V	L	I	F	Y	W	H	M	C	P
0	0.02006	0.29623	0.13890	0.02362	0.05333	0.02444	0.24227	0.06698	0.01866	0.02445	0.01400	0.01712	0.01113	0.00706	0.00728	0.00224	0.01078	0.00662	0.00394	0.01091
1	0.01397	0.03658	0.01319	0.01119	0.01377	0.01028	0.00862	0.04309	0.08047	0.05597	0.51443	0.07462	0.06255	0.01516	0.00900	0.00250	0.00449	0.01323	0.00843	0.00847
2	0.00978	0.00695	0.00917	0.01089	0.01132	0.00652	0.00720	0.01107	0.01496	0.01994	0.04254	0.67481	0.05098	0.06818	0.01200	0.00350	0.00479	0.02186	0.00720	0.00634
3	0.02074	0.01754	0.01850	0.01634	0.02101	0.02020	0.01280	0.10096	0.59704	0.03481	0.03098	0.02856	0.02316	0.01064	0.00806	0.00266	0.00651	0.00879	0.00806	0.01264
4	0.01627	0.08775	0.63666	0.02199	0.03337	0.01930	0.02823	0.02502	0.01670	0.02467	0.01401	0.01647	0.01005	0.00748	0.00737	0.00246	0.01150	0.00575	0.00335	0.01161
5	0.01590	0.04102	0.68023	0.02260	0.03432	0.01842	0.02930	0.02511	0.01674	0.02511	0.01423	0.01674	0.01005	0.00753	0.00753	0.00251	0.01172	0.00586	0.00335	0.01172
6	0.01872	0.02139	0.04679	0.03342	0.04144	0.02005	0.64305	0.02540	0.01872	0.02540	0.01604	0.02139	0.01203	0.00668	0.00936	0.00267	0.01337	0.00936	0.00401	0.01070
7	0.01942	0.01863	0.03181	0.07826	0.64390	0.01879	0.02423	0.02415	0.01796	0.02565	0.01488	0.01969	0.01247	0.00710	0.00785	0.00237	0.00947	0.00706	0.00391	0.01239
8	0.01954	0.02033	0.03604	0.03902	0.35179	0.04554	0.24726	0.02539	0.04377	0.02534	0.01564	0.02032	0.01261	0.00754	0.00951	0.00254	0.05431	0.00789	0.00410	0.01151
9	0.01779	0.02392	0.15012	0.03049	0.03874	0.01909	0.50883	0.02462	0.01821	0.02509	0.01715	0.05587	0.01375	0.00775	0.00909	0.00267	0.01265	0.00945	0.00407	0.01065
10	0.00988	0.00705	0.00945	0.01129	0.01184	0.00663	0.00773	0.01141	0.01539	0.02048	0.04359	0.67315	0.05198	0.02464	0.01018	0.00325	0.00479	0.06342	0.00736	0.00650
11	0.27521	0.02893	0.35774	0.01754	0.02616	0.01814	0.01996	0.07025	0.01758	0.07939	0.01478	0.01638	0.01052	0.00779	0.00671	0.00248	0.00925	0.00558	0.00469	0.01092
12	0.01716	0.18578	0.45796	0.06795	0.03314	0.02126	0.06360	0.02450	0.01667	0.02340	0.01364	0.01647	0.01023	0.00735	0.00715	0.00235	0.01104	0.00581	0.00341	0.01112
13	0.00966	0.00690	0.00920	0.01104	0.01150	0.00644	0.00736	0.01104	0.01518	0.02024	0.04371	0.71614	0.05245	0.02484	0.01012	0.00322	0.00460	0.02254	0.00736	0.00644
14	0.01872	0.02139	0.04679	0.03342	0.04144	0.02005	0.64305	0.02540	0.01872	0.02540	0.01604	0.02139	0.01203	0.00668	0.00936	0.00267	0.01337	0.00936	0.00401	0.01070
15	0.01065	0.00848	0.01329	0.01348	0.01476	0.00792	0.07649	0.01260	0.01557	0.02080	0.04070	0.64059	0.04805	0.02287	0.01004	0.00316	0.00555	0.02111	0.00700	0.00690
16	0.01152	0.00773	0.00885	0.00885	0.00892	0.00780	0.00506	0.01166	0.01159	0.01552	0.02480	0.05088	0.02839	0.68888	0.07220	0.00794	0.00835	0.01138	0.00478	0.00492
17	0.01880	0.01800	0.03069	0.16489	0.56210	0.01862	0.02393	0.02361	0.01767	0.02490	0.01477	0.01990	0.01221	0.00722	0.00786	0.00241	0.00963	0.00706	0.00385	0.01189
18	0.02962	0.03779	0.02247	0.02043	0.02451	0.68948	0.01532	0.03166	0.02247	0.01941	0.01226	0.01430	0.01021	0.00817	0.00715	0.00204	0.01430	0.00511	0.00409	0.00919
19	0.01963	0.01884	0.03219	0.04867	0.67185	0.01884	0.02434	0.02434	0.01806	0.02591	0.01492	0.01963	0.01256	0.00707	0.00785	0.00236	0.00942	0.00707	0.00393	0.01256
20	0.01590	0.04102	0.68023	0.02260	0.03432	0.01842	0.02930	0.02511	0.01674	0.02511	0.01423	0.01674	0.01005	0.00753	0.00753	0.00251	0.01172	0.00586	0.00335	0.01172
21	0.52428	0.06437	0.01629	0.06597	0.02000	0.01872	0.01083	0.06752	0.03966	0.08851	0.01431	0.01574	0.01069	0.00784	0.00574	0.00242	0.00688	0.00518	0.00543	0.00961
22	0.02716	0.05115	0.04785	0.01957	0.02468	0.35063	0.05173	0.22195	0.02575	0.02926	0.01551	0.01881	0.01261	0.05709	0.00974	0.00258	0.01177	0.00643	0.00529	0.01045
23	0.01130	0.00816	0.01071	0.01022	0.01209	0.00757	0.00776	0.01504	0.02223	0.03138	0.63506	0.06081	0.07330	0.01651	0.00944	0.00255	0.00393	0.04582	0.00865	0.00747
24	0.02831	0.01919	0.02120	0.01667	0.02224	0.02073	0.01351	0.47045	0.05661	0.13002	0.02283	0.05876	0.01765	0.05208	0.00996	0.00276	0.00809	0.00838	0.00798	0.01258
25	0.00937	0.00803	0.00803	0.00803	0.01071	0.00669	0.00602	0.01138	0.01807	0.02142	0.08033	0.07632	0.66863	0.02008	0.00937	0.00268	0.00402	0.01674	0.00736	0.00669
26	0.01630	0.03824	0.59049	0.02413	0.03533	0.01865	0.11625	0.02515	0.01702	0.02515	0.01449	0.01740	0.01033	0.00741	0.00779	0.00253	0.01195	0.00636	0.00344	0.01157
27	0.06345	0.00864	0.01063	0.01009	0.01221	0.00821	0.00769	0.01541	0.02145	0.03122	0.56871	0.05812	0.09929	0.01603	0.00911	0.00255	0.00406	0.03730	0.00834	0.00751

[dist]
# distance from previous block
# <min> <max>
0	1

[block]
# block no. 4 follows, 24 sequences, length 45
# corresponding to MSA columns:
# 283-327
name=unknown_E
#
# <colnr> <probs for GDERKNQSTAVLIFYWHMCP>
#	G	D	E	R	K	N	Q	S	T	A	V	L	I	F	Y	W	H	M	C	P
0	0.06091	0.44782	0.20878	0.01695	0.02489	0.05215	0.04572	0.02446	0.01650	0.02161	0.01215	0.01424	0.01014	0.00706	0.00600	0.00201	0.00966	0.00494	0.00352	0.01048
1	0.02055	0.66424	0.07206	0.01398	0.02080	0.02990	0.01421	0.02344	0.01601	0.01897	0.01158	0.01364	0.01055	0.00887	0.03185	0.00217	0.00914	0.00449	0.00342	0.01013
2	0.02387	0.01909	0.02026	0.01698	0.02220	0.02166	0.01355	0.28201	0.41090	0.03985	0.02701	0.02539	0.01994	0.01027	0.00801	0.00257	0.00725	0.00824	0.00801	0.01292
3	0.01963	0.01884	0.03219	0.04867	0.67185	0.01884	0.02434	0.02434	0.01806	0.02591	0.01492	0.01963	0.01256	0.00707	0.00785	0.00236	0.00942	0.00707	0.00393	0.01256
4	0.01617	0.07494	0.64860	0.02215	0.03363	0.01906	0.02852	0.02505	0.01671	0.02479	0.01407	0.01654	0.01005	0.00750	0.00741	0.00247	0.01156	0.00578	0.00335	0.01164
5	0.01889	0.01829	0.03180	0.14427	0.54373	0.01873	0.06030	0.02380	0.01777	0.02504	0.01486	0.01995	0.01224	0.00717	0.00795	0.00242	0.00982	0.00720	0.00387	0.01190
6	0.01498	0.01409	0.02378	0.70226	0.05462	0.01762	0.02202	0.02026	0.01586	0.02026	0.01409	0.02114	0.01057	0.00793	0.00793	0.00264	0.01057	0.00705	0.00352	0.00881
7	0.01948	0.01689	0.01823	0.05072	0.02233	0.01962	0.01303	0.04103	0.62518	0.03252	0.03136	0.02916	0.02352	0.01062	0.00806	0.00269	0.00649	0.00887	0.00784	0.01236
8	0.01132	0.00956	0.01609	0.01514	0.01699	0.00894	0.12383	0.01367	0.01583	0.02119	0.03864	0.58885	0.04504	0.02152	0.00998	0.00312	0.00621	0.02013	0.00675	0.00722
9	0.01062	0.00777	0.00997	0.01009	0.01165	0.00712	0.00731	0.01355	0.02004	0.02765	0.44105	0.24144	0.12435	0.01895	0.00957	0.00271	0.00400	0.01682	0.00823	0.00712
10	0.01735	0.01735	0.02429	0.02082	0.02082	0.02429	0.01735	0.01908	0.01214	0.01908	0.01041	0.01735	0.01041	0.01388	0.02602	0.00347	0.70680	0.00694	0.00347	0.00867
11	0.01825	0.01742	0.02942	0.16706	0.52479	0.01800	0.02299	0.02293	0.01765	0.02464	0.01806	0.02276	0.04526	0.00788	0.00794	0.00242	0.00936	0.00755	0.00402	0.01157
12	0.03558	0.01350	0.01840	0.01411	0.02024	0.01166	0.01166	0.03865	0.02270	0.67734	0.03128	0.02699	0.01963	0.00981	0.00797	0.00245	0.00675	0.00797	0.00981	0.01350
13	0.01012	0.00806	0.00907	0.00882	0.01117	0.00701	0.00661	0.01282	0.01984	0.02560	0.31684	0.06944	0.42951	0.01852	0.00936	0.00260	0.00391	0.01577	0.00791	0.00701
14	0.01963	0.01884	0.03219	0.04867	0.67185	0.01884	0.02434	0.02434	0.01806	0.02591	0.01492	0.01963	0.01256	0.00707	0.00785	0.00236	0.00942	0.00707	0.00393	0.01256
15	0.02144	0.01831	0.01827	0.01621	0.02073	0.07017	0.01263	0.06569	0.52478	0.06694	0.05445	0.02897	0.02438	0.01067	0.00804	0.00261	0.00692	0.00875	0.00788	0.01219
16	0.01547	0.01517	0.02938	0.02305	0.02773	0.01443	0.33468	0.04317	0.01797	0.02415	0.02759	0.24567	0.02855	0.04428	0.01101	0.00314	0.00965	0.07046	0.00555	0.00891
17	0.01147	0.00794	0.00994	0.00994	0.01039	0.00839	0.00641	0.01236	0.01191	0.01633	0.02381	0.04536	0.02599	0.51272	0.24507	0.00928	0.01196	0.01058	0.00463	0.00552
18	0.01644	0.01409	0.01644	0.01175	0.01879	0.01057	0.00940	0.01997	0.01644	0.02584	0.01409	0.01644	0.01175	0.00587	0.00587	0.00117	0.00587	0.00470	0.00470	0.76979
19	0.77733	0.01534	0.01166	0.01043	0.01534	0.01779	0.00859	0.02331	0.01350	0.03558	0.01104	0.01288	0.00859	0.00736	0.00491	0.00245	0.00613	0.00429	0.00491	0.00859
20	0.00966	0.00690	0.00920	0.01104	0.01150	0.00644	0.00736	0.01104	0.01518	0.02024	0.04371	0.71614	0.05245	0.02484	0.01012	0.00322	0.00460	0.02254	0.00736	0.00644
21	0.01590	0.04102	0.68023	0.02260	0.03432	0.01842	0.02930	0.02511	0.01674	0.02511	0.01423	0.01674	0.01005	0.00753	0.00753	0.00251	0.01172	0.00586	0.00335	0.01172
22	0.02033	0.01733	0.01827	0.01626	0.02085	0.02001	0.01270	0.07699	0.62169	0.03414	0.03151	0.02898	0.02359	0.01069	0.00806	0.00267	0.00642	0.00886	0.00806	0.01261
23	0.01963	0.01884	0.03219	0.04867	0.67185	0.01884	0.02434	0.02434	0.01806	0.02591	0.01492	0.01963	0.01256	0.00707	0.00785	0.00236	0.00942	0.00707	0.00393	0.01256
24	0.01972	0.01703	0.01793	0.01614	0.02062	0.01972	0.01255	0.04214	0.65752	0.03317	0.03228	0.02959	0.02421	0.01076	0.00807	0.00269	0.00628	0.00897	0.00807	0.01255
25	0.01590	0.04102	0.68023	0.02260	0.03432	0.01842	0.02930	0.02511	0.01674	0.02511	0.01423	0.01674	0.01005	0.00753	0.00753	0.00251	0.01172	0.00586	0.00335	0.01172
26	0.01610	0.09883	0.58587	0.02108	0.03181	0.01891	0.02667	0.02441	0.01702	0.02494	0.05170	0.01885	0.01380	0.00797	0.00743	0.00244	0.01098	0.00621	0.00366	0.01134
27	0.01699	0.01615	0.02742	0.41924	0.32189	0.01815	0.02302	0.02203	0.01681	0.02271	0.01445	0.02049	0.01143	0.00755	0.00789	0.00252	0.01007	0.00706	0.00370	0.01043
28	0.01877	0.41156	0.33478	0.01772	0.02677	0.02543	0.02079	0.02437	0.01640	0.02162	0.01250	0.01457	0.01012	0.00713	0.00621	0.00207	0.00997	0.00498	0.00337	0.01088
29	0.73692	0.01571	0.01231	0.01085	0.01584	0.01816	0.00894	0.05696	0.01478	0.03636	0.01147	0.01321	0.00885	0.00748	0.00507	0.00245	0.00627	0.00445	0.00507	0.00885
30	0.06199	0.01671	0.02673	0.29603	0.20384	0.01883	0.07712	0.07397	0.01809	0.02585	0.01493	0.02018	0.01173	0.00819	0.00911	0.00257	0.06160	0.00712	0.03515	0.01026
31	0.01886	0.01805	0.03079	0.15703	0.56952	0.01864	0.02395	0.02366	0.01769	0.02497	0.01478	0.01988	0.01223	0.00721	0.00786	0.00240	0.00961	0.00706	0.00386	0.01194
32	0.01151	0.00771	0.00876	0.00873	0.00884	0.00768	0.00496	0.01173	0.01217	0.01634	0.06270	0.05232	0.03153	0.67994	0.03854	0.00738	0.00746	0.01170	0.00504	0.00496
33	0.00937	0.00803	0.00803	0.00803	0.01071	0.00669	0.00602	0.01138	0.01807	0.02142	0.08033	0.07632	0.66863	0.02008	0.00937	0.00268	0.00402	0.01674	0.00736	0.00669
34	0.01122	0.00811	0.01060	0.00998	0.01185	0.00748	0.00748	0.01496	0.02245	0.03180	0.66766	0.05923	0.07482	0.01621	0.00935	0.00249	0.00374	0.01434	0.00873	0.00748
35	0.03558	0.01350	0.01840	0.01411	0.02024	0.01166	0.01166	0.03865	0.02270	0.67734	0.03128	0.02699	0.01963	0.00981	0.00797	0.00245	0.00675	0.00797	0.00981	0.01350
36	0.01133	0.00850	0.01274	0.01274	0.01416	0.00991	0.00991	0.01416	0.01274	0.01841	0.02124	0.03115	0.01982	0.05947	0.68989	0.01274	0.02124	0.00850	0.00425	0.00708
37	0.01735	0.01735	0.02429	0.02082	0.02082	0.02429	0.01735	0.01908	0.01214	0.01908	0.01041	0.01735	0.01041	0.01388	0.02602	0.00347	0.70680	0.00694	0.00347	0.00867
38	0.03136	0.01361	0.01773	0.01409	0.01965	0.01253	0.01147	0.03734	0.11681	0.53224	0.08031	0.02985	0.02455	0.01045	0.00809	0.00249	0.00645	0.00861	0.00947	0.01289
39	0.03558	0.01350	0.01840	0.01411	0.02024	0.01166	0.01166	0.03865	0.02270	0.67734	0.03128	0.02699	0.01963	0.00981	0.00797	0.00245	0.00675	0.00797	0.00981	0.01350
40	0.77733	0.01534	0.01166	0.01043	0.01534	0.01779	0.00859	0.02331	0.01350	0.03558	0.01104	0.01288	0.00859	0.00736	0.00491	0.00245	0.00613	0.00429	0.00491	0.00859
41	0.01959	0.01895	0.03283	0.04800	0.64418	0.01889	0.05149	0.02438	0.01809	0.02588	0.01497	0.01970	0.01254	0.00705	0.00792	0.00237	0.00959	0.00717	0.00393	0.01248
42	0.01923	0.01805	0.02855	0.10126	0.48459	0.01891	0.02175	0.02756	0.14687	0.02686	0.01834	0.02177	0.01473	0.00789	0.00790	0.00245	0.00889	0.00745	0.00472	0.01222
43	0.03558	0.01350	0.01840	0.01411	0.02024	0.01166	0.01166	0.03865	0.02270	0.67734	0.03128	0.02699	0.01963	0.00981	0.00797	0.00245	0.00675	0.00797	0.00981	0.01350
44	0.00966	0.00690	0.00920	0.01104	0.01150	0.00644	0.00736	0.01104	0.01518	0.02024	0.04371	0.71614	0.05245	0.02484	0.01012	0.00322	0.00460	0.02254	0.00736	0.00644

[dist]
# distance from previous block
# <min> <max>
1	15

[block]
# block no. 5 follows, 24 sequences, length 273
# corresponding to MSA columns:
# 343-615
name=unknown_F
#
# <colnr> <probs for GDERKNQSTAVLIFYWHMCP>
#	G	D	E	R	K	N	Q	S	T	A	V	L	I	F	Y	W	H	M	C	P
0	0.03558	0.01350	0.01840	0.01411	0.02024	0.01166	0.01166	0.03865	0.02270	0.67734	0.03128	0.02699	0.01963	0.00981	0.00797	0.00245	0.00675	0.00797	0.00981	0.01350
1	0.01644	0.01409	0.01644	0.01175	0.01879	0.01057	0.00940	0.01997	0.01644	0.02584	0.01409	0.01644	0.01175	0.00587	0.00587	0.00117	0.00587	0.00470	0.00470	0.76979
2	0.01498	0.01409	0.02378	0.70226	0.05462	0.01762	0.02202	0.02026	0.01586	0.02026	0.01409	0.02114	0.01057	0.00793	0.00793	0.00264	0.01057	0.00705	0.00352	0.00881
3	0.01963	0.01884	0.03219	0.04867	0.67185	0.01884	0.02434	0.02434	0.01806	0.02591	0.01492	0.01963	0.01256	0.00707	0.00785	0.00236	0.00942	0.00707	0.00393	0.01256
4	0.01735	0.01735	0.02429	0.02082	0.02082	0.02429	0.01735	0.01908	0.01214	0.01908	0.01041	0.01735	0.01041	0.01388	0.02602	0.00347	0.70680	0.00694	0.00347	0.00867
5	0.01970	0.01406	0.01530	0.01286	0.01565	0.01511	0.00931	0.28978	0.02284	0.03056	0.02238	0.03747	0.02209	0.40886	0.02613	0.00536	0.00814	0.00960	0.00618	0.00862
6	0.01377	0.00689	0.01033	0.01033	0.01033	0.00689	0.00689	0.01033	0.01033	0.01377	0.01377	0.02410	0.01377	0.02755	0.03099	0.76928	0.00689	0.00689	0.00344	0.00344
7	0.01644	0.01409	0.01644	0.01175	0.01879	0.01057	0.00940	0.01997	0.01644	0.02584	0.01409	0.01644	0.01175	0.00587	0.00587	0.00117	0.00587	0.00470	0.00470	0.76979
8	0.01963	0.01884	0.03219	0.04867	0.67185	0.01884	0.02434	0.02434	0.01806	0.02591	0.01492	0.01963	0.01256	0.00707	0.00785	0.00236	0.00942	0.00707	0.00393	0.01256
9	0.02892	0.03345	0.02289	0.02095	0.04931	0.51813	0.01551	0.14071	0.05104	0.02565	0.01439	0.01597	0.01146	0.00847	0.00735	0.00214	0.01279	0.00570	0.00493	0.01022
10	0.01498	0.01409	0.02378	0.70226	0.05462	0.01762	0.02202	0.02026	0.01586	0.02026	0.01409	0.02114	0.01057	0.00793	0.00793	0.00264	0.01057	0.00705	0.00352	0.00881
11	0.74610	0.04469	0.01289	0.01056	0.01554	0.01835	0.00879	0.02333	0.01360	0.03488	0.01104	0.01288	0.00865	0.00734	0.00491	0.00242	0.00623	0.00429	0.00484	0.00865
12	0.02933	0.02067	0.02186	0.01710	0.02304	0.05113	0.01400	0.47180	0.05910	0.13593	0.02439	0.02354	0.05058	0.01013	0.00799	0.00240	0.00833	0.00777	0.00800	0.01289
13	0.01150	0.00781	0.00928	0.00928	0.00949	0.00803	0.00559	0.01194	0.01172	0.01584	0.02441	0.04871	0.02745	0.61977	0.14002	0.00846	0.00977	0.01107	0.00472	0.00515
14	0.01478	0.00739	0.00739	0.00739	0.00924	0.00739	0.00554	0.01848	0.01663	0.02956	0.02587	0.02956	0.02033	0.00924	0.00554	0.00185	0.00370	0.00739	0.76534	0.00739
15	0.01735	0.01735	0.02429	0.02082	0.02082	0.02429	0.01735	0.01908	0.01214	0.01908	0.01041	0.01735	0.01041	0.01388	0.02602	0.00347	0.70680	0.00694	0.00347	0.00867
16	0.01181	0.00766	0.00854	0.00854	0.00870	0.00766	0.00487	0.01212	0.01196	0.01658	0.02506	0.05000	0.02811	0.66103	0.03741	0.00719	0.00735	0.01118	0.06919	0.00502
17	0.01338	0.00886	0.01147	0.01052	0.01282	0.00827	0.00799	0.01779	0.04705	0.08030	0.59531	0.05567	0.06872	0.01552	0.00920	0.00250	0.00406	0.01366	0.00879	0.00813
18	0.00966	0.00690	0.00920	0.01104	0.01150	0.00644	0.00736	0.01104	0.01518	0.02024	0.04371	0.71614	0.05245	0.02484	0.01012	0.00322	0.00460	0.02254	0.00736	0.00644
19	0.01133	0.00850	0.01274	0.01274	0.01416	0.00991	0.00991	0.01416	0.01274	0.01841	0.02124	0.03115	0.01982	0.05947	0.68989	0.01274	0.02124	0.00850	0.00425	0.00708
20	0.01963	0.01884	0.03219	0.04867	0.67185	0.01884	0.02434	0.02434	0.01806	0.02591	0.01492	0.01963	0.01256	0.00707	0.00785	0.00236	0.00942	0.00707	0.00393	0.01256
21	0.01590	0.04102	0.68023	0.02260	0.03432	0.01842	0.02930	0.02511	0.01674	0.02511	0.01423	0.01674	0.01005	0.00753	0.00753	0.00251	0.01172	0.00586	0.00335	0.01172
22	0.02962	0.03779	0.02247	0.02043	0.02451	0.68948	0.01532	0.03166	0.02247	0.01941	0.01226	0.01430	0.01021	0.00817	0.00715	0.00204	0.01430	0.00511	0.00409	0.00919
23	0.01937	0.01858	0.03173	0.08451	0.63800	0.01877	0.02421	0.02411	0.01794	0.02560	0.01487	0.01971	0.01245	0.00711	0.00785	0.00237	0.00948	0.00706	0.00390	0.01236
24	0.02120	0.72609	0.04155	0.01357	0.02035	0.03138	0.01357	0.02374	0.01611	0.01866	0.01102	0.01272	0.01018	0.00678	0.00509	0.00170	0.00848	0.00424	0.00339	0.01018
25	0.01972	0.01703	0.01793	0.01614	0.02062	0.01972	0.01255	0.04214	0.65752	0.03317	0.03228	0.02959	0.02421	0.01076	0.00807	0.00269	0.00628	0.00897	0.00807	0.01255
26	0.01278	0.00913	0.01278	0.01460	0.01643	0.00913	0.01278	0.01643	0.01825	0.02373	0.04199	0.08945	0.04564	0.02191	0.01095	0.00365	0.00730	0.61847	0.00730	0.00730
27	0.02044	0.62830	0.13271	0.01486	0.02235	0.02953	0.01581	0.02394	0.01620	0.01958	0.01148	0.01329	0.01016	0.00689	0.00544	0.00181	0.00894	0.00447	0.00339	0.01040
28	0.03558	0.01350	0.01840	0.01411	0.02024	0.01166	0.01166	0.03865	0.02270	0.67734	0.03128	0.02699	0.01963	0.00981	0.00797	0.00245	0.00675	0.00797	0.00981	0.01350
29	0.00937	0.00803	0.00803	0.00803	0.01071	0.00669	0.00602	0.01138	0.01807	0.02142	0.08033	0.07632	0.66863	0.02008	0.00937	0.00268	0.00402	0.01674	0.00736	0.00669
30	0.02962	0.03779	0.02247	0.02043	0.02451	0.68948	0.01532	0.03166	0.02247	0.01941	0.01226	0.01430	0.01021	0.00817	0.00715	0.00204	0.01430	0.00511	0.00409	0.00919
31	0.01092	0.00794	0.01028	0.01002	0.01174	0.00730	0.00739	0.01425	0.02123	0.02970	0.55300	0.14992	0.10143	0.01759	0.00946	0.00260	0.00387	0.01558	0.00847	0.00730
32	0.00966	0.00690	0.00920	0.01104	0.01150	0.00644	0.00736	0.01104	0.01518	0.02024	0.04371	0.71614	0.05245	0.02484	0.01012	0.00322	0.00460	0.02254	0.00736	0.00644
33	0.03014	0.02221	0.02380	0.01825	0.02459	0.02459	0.01507	0.64541	0.03728	0.04998	0.01904	0.01904	0.01349	0.00952	0.00793	0.00238	0.00873	0.00714	0.00793	0.01349
34	0.01921	0.01841	0.03143	0.10786	0.61595	0.01873	0.02413	0.02397	0.01786	0.02540	0.01484	0.01976	0.01238	0.00714	0.00786	0.00238	0.00952	0.00706	0.00389	0.01222
35	0.01153	0.00769	0.00865	0.00865	0.00865	0.00769	0.00480	0.01153	0.01153	0.01538	0.02499	0.05189	0.02883	0.72131	0.04036	0.00769	0.00769	0.01153	0.00480	0.00480
36	0.01021	0.00746	0.00968	0.01132	0.01200	0.00717	0.00765	0.01275	0.05040	0.02095	0.04308	0.67849	0.05090	0.02407	0.01001	0.00319	0.00469	0.02180	0.00740	0.00678
37	0.01498	0.01409	0.02378	0.70226	0.05462	0.01762	0.02202	0.02026	0.01586	0.02026	0.01409	0.02114	0.01057	0.00793	0.00793	0.00264	0.01057	0.00705	0.00352	0.00881
38	0.01056	0.00757	0.01007	0.01096	0.01209	0.00709	0.00791	0.01306	0.01828	0.02504	0.28534	0.40357	0.06049	0.02123	0.00990	0.00298	0.00452	0.07453	0.00789	0.00692
39	0.01523	0.01435	0.02425	0.66642	0.08846	0.01769	0.02215	0.02048	0.01598	0.02057	0.01414	0.02106	0.01068	0.00788	0.00792	0.00263	0.01051	0.00705	0.00355	0.00901
40	0.01649	0.01425	0.01681	0.01217	0.01889	0.01121	0.00977	0.01993	0.01624	0.02553	0.01392	0.01649	0.01168	0.00625	0.00681	0.00128	0.03852	0.00480	0.00464	0.73434
41	0.02914	0.03706	0.02355	0.02101	0.02527	0.65971	0.04324	0.03139	0.02230	0.01967	0.01243	0.01462	0.01030	0.00811	0.00725	0.00207	0.01426	0.00530	0.00408	0.00926
42	0.01329	0.00892	0.01222	0.01302	0.01500	0.00862	0.01086	0.01682	0.01955	0.05875	0.22645	0.11175	0.05333	0.01978	0.01028	0.00323	0.00607	0.37660	0.00785	0.00762
43	0.01153	0.00769	0.00865	0.00865	0.00865	0.00769	0.00480	0.01153	0.01153	0.01538	0.02499	0.05189	0.02883	0.72131	0.04036	0.00769	0.00769	0.01153	0.00480	0.00480
44	0.03014	0.02221	0.02380	0.01825	0.02459	0.02459	0.01507	0.64541	0.03728	0.04998	0.01904	0.01904	0.01349	0.00952	0.00793	0.00238	0.00873	0.00714	0.00793	0.01349
45	0.01133	0.00850	0.01274	0.01274	0.01416	0.00991	0.00991	0.01416	0.01274	0.01841	0.02124	0.03115	0.01982	0.05947	0.68989	0.01274	0.02124	0.00850	0.00425	0.00708
46	0.01278	0.00913	0.01278	0.01460	0.01643	0.00913	0.01278	0.01643	0.01825	0.02373	0.04199	0.08945	0.04564	0.02191	0.01095	0.00365	0.00730	0.61847	0.00730	0.00730
47	0.77733	0.01534	0.01166	0.01043	0.01534	0.01779	0.00859	0.02331	0.01350	0.03558	0.01104	0.01288	0.00859	0.00736	0.00491	0.00245	0.00613	0.00429	0.00491	0.00859
48	0.01972	0.01703	0.01793	0.01614	0.02062	0.01972	0.01255	0.04214	0.65752	0.03317	0.03228	0.02959	0.02421	0.01076	0.00807	0.00269	0.00628	0.00897	0.00807	0.01255
49	0.01963	0.01884	0.03219	0.04867	0.67185	0.01884	0.02434	0.02434	0.01806	0.02591	0.01492	0.01963	0.01256	0.00707	0.00785	0.00236	0.00942	0.00707	0.00393	0.01256
50	0.02120	0.72609	0.04155	0.01357	0.02035	0.03138	0.01357	0.02374	0.01611	0.01866	0.01102	0.01272	0.01018	0.00678	0.00509	0.00170	0.00848	0.00424	0.00339	0.01018
51	0.01963	0.01884	0.03219	0.04867	0.67185	0.01884	0.02434	0.02434	0.01806	0.02591	0.01492	0.01963	0.01256	0.00707	0.00785	0.00236	0.00942	0.00707	0.00393	0.01256
52	0.01498	0.01409	0.02378	0.70226	0.05462	0.01762	0.02202	0.02026	0.01586	0.02026	0.01409	0.02114	0.01057	0.00793	0.00793	0.00264	0.01057	0.00705	0.00352	0.00881
53	0.03558	0.01350	0.01840	0.01411	0.02024	0.01166	0.01166	0.03865	0.02270	0.67734	0.03128	0.02699	0.01963	0.00981	0.00797	0.00245	0.00675	0.00797	0.00981	0.01350
54	0.00945	0.00804	0.00814	0.00812	0.01076	0.00673	0.00609	0.01154	0.01826	0.02187	0.10574	0.07558	0.64294	0.01992	0.00937	0.00267	0.00400	0.01663	0.00742	0.00673
55	0.02024	0.01729	0.01822	0.01624	0.02082	0.01997	0.01268	0.07227	0.62654	0.03401	0.03161	0.02906	0.02367	0.01070	0.00806	0.00267	0.00640	0.00887	0.00806	0.01260
56	0.01122	0.00811	0.01060	0.00998	0.01185	0.00748	0.00748	0.01496	0.02245	0.03180	0.66766	0.05923	0.07482	0.01621	0.00935	0.00249	0.00374	0.01434	0.00873	0.00748
57	0.01872	0.02139	0.04679	0.03342	0.04144	0.02005	0.64305	0.02540	0.01872	0.02540	0.01604	0.02139	0.01203	0.00668	0.00936	0.00267	0.01337	0.00936	0.00401	0.01070
58	0.01590	0.04102	0.68023	0.02260	0.03432	0.01842	0.02930	0.02511	0.01674	0.02511	0.01423	0.01674	0.01005	0.00753	0.00753	0.00251	0.01172	0.00586	0.00335	0.01172
59	0.00937	0.00803	0.00803	0.00803	0.01071	0.00669	0.00602	0.01138	0.01807	0.02142	0.08033	0.07632	0.66863	0.02008	0.00937	0.00268	0.00402	0.01674	0.00736	0.00669
