[name]
unknown

[dist]
# distance from previous block
# <min> <max>
0	1

[block]
# block no. 0 follows, 25 sequences, length 8
# corresponding to MSA columns:
# 1-8
name=unknown_A
#
# <colnr> <probs for GDERKNQSTAVLIFYWHMCP>
#	G	D	E	R	K	N	Q	S	T	A	V	L	I	F	Y	W	H	M	C	P
0	0.01249	0.00892	0.01249	0.01428	0.01606	0.00892	0.01249	0.01606	0.01785	0.02320	0.04105	0.08746	0.04462	0.02142	0.01071	0.00357	0.00714	0.62695	0.00714	0.00714
1	0.08866	0.39129	0.12709	0.01501	0.02184	0.08800	0.01496	0.02638	0.01722	0.12443	0.01444	0.01534	0.01124	0.00738	0.00594	0.00199	0.00883	0.00503	0.00448	0.01045
2	0.08938	0.12795	0.43312	0.01851	0.02786	0.01865	0.02201	0.02627	0.01690	0.12742	0.01580	0.01705	0.01117	0.00760	0.00687	0.00233	0.00977	0.00570	0.00440	0.01124
3	0.39622	0.19121	0.01847	0.01117	0.01561	0.01859	0.00948	0.04538	0.01519	0.02854	0.01697	0.12436	0.01636	0.00992	0.00579	0.00229	0.00628	0.00726	0.05234	0.00857
4	0.02039	0.01379	0.01613	0.03618	0.01877	0.01486	0.01109	0.09545	0.28870	0.12816	0.09852	0.03100	0.04626	0.01360	0.01153	0.12275	0.00634	0.00888	0.00733	0.01028
5	0.10158	0.20034	0.37579	0.01803	0.02659	0.07907	0.02076	0.02421	0.01658	0.02395	0.03855	0.01644	0.01219	0.00756	0.00655	0.00222	0.01002	0.00545	0.00372	0.01039
6	0.00992	0.00712	0.00920	0.01025	0.01106	0.00663	0.00697	0.01170	0.01626	0.02196	0.18279	0.49255	0.08244	0.07840	0.01206	0.00332	0.00453	0.01915	0.00729	0.00641
7	0.02658	0.02117	0.02082	0.01661	0.02161	0.09497	0.01320	0.48526	0.03095	0.04033	0.01880	0.02311	0.01517	0.12102	0.01261	0.00310	0.00897	0.00743	0.00687	0.01141

[dist]
# distance from previous block
# <min> <max>
0	2

[block]
# block no. 1 follows, 25 sequences, length 13
# corresponding to MSA columns:
# 11-23
name=unknown_B
#
# <colnr> <probs for GDERKNQSTAVLIFYWHMCP>
#	G	D	E	R	K	N	Q	S	T	A	V	L	I	F	Y	W	H	M	C	P
0	0.01278	0.01053	0.01461	0.01365	0.01603	0.01057	0.07089	0.01919	0.14467	0.02475	0.14636	0.28700	0.08468	0.05366	0.01081	0.00309	0.00580	0.05577	0.00711	0.00804
1	0.01991	0.01677	0.01901	0.15216	0.02675	0.03908	0.01410	0.12332	0.36681	0.04911	0.02861	0.02825	0.06136	0.01029	0.00790	0.00255	0.00742	0.00849	0.00688	0.01124
2	0.01447	0.00896	0.01021	0.00943	0.01263	0.00766	0.00736	0.01681	0.01881	0.15233	0.10091	0.06478	0.48333	0.01753	0.00897	0.00261	0.00459	0.04296	0.00774	0.00793
3	0.02991	0.01207	0.01642	0.01315	0.01790	0.01082	0.01052	0.03248	0.04796	0.52379	0.02726	0.02595	0.01826	0.01305	0.01223	0.15448	0.00660	0.00763	0.00829	0.01122
4	0.16862	0.01927	0.03634	0.02677	0.03307	0.01967	0.44826	0.02369	0.01652	0.02605	0.01406	0.01880	0.01091	0.00751	0.01025	0.00267	0.09578	0.00789	0.00403	0.00981
5	0.01364	0.01055	0.01159	0.01046	0.01347	0.01018	0.00807	0.13850	0.02233	0.02899	0.21810	0.09208	0.35903	0.01687	0.00892	0.00254	0.00479	0.01420	0.00765	0.00804
6	0.01110	0.00788	0.01002	0.00948	0.01135	0.00727	0.00711	0.01465	0.02133	0.03037	0.59876	0.05699	0.10414	0.01562	0.00890	0.00241	0.00367	0.01371	0.05796	0.00727
7	0.01784	0.01995	0.04220	0.10429	0.04085	0.01957	0.55061	0.02398	0.01767	0.02398	0.01520	0.02068	0.01153	0.00703	0.00985	0.00265	0.04935	0.00879	0.00384	0.01016
8	0.01494	0.01409	0.02380	0.66528	0.09465	0.01731	0.02168	0.02007	0.01565	0.02017	0.01383	0.02057	0.01046	0.00770	0.00775	0.00257	0.01026	0.00689	0.00347	0.00886
9	0.01053	0.00688	0.00862	0.00997	0.01067	0.00654	0.00672	0.01225	0.01494	0.02135	0.03837	0.55171	0.04392	0.05701	0.01052	0.00311	0.00448	0.01858	0.15743	0.00640
10	0.01781	0.01718	0.02826	0.17868	0.42026	0.01922	0.02198	0.02196	0.01607	0.02288	0.01355	0.01906	0.01147	0.00839	0.01119	0.00258	0.14813	0.00688	0.00367	0.01078
11	0.60164	0.01525	0.01287	0.01144	0.01621	0.01752	0.00928	0.02703	0.14198	0.06071	0.01569	0.01637	0.01184	0.00795	0.00553	0.00244	0.00605	0.00524	0.00560	0.00936
12	0.02422	0.01822	0.01965	0.01637	0.02154	0.02038	0.01310	0.26311	0.38551	0.09054	0.02678	0.02498	0.01951	0.01001	0.00783	0.00250	0.00704	0.00804	0.00798	0.01268

[dist]
# distance from previous block
# <min> <max>
0	1

[block]
# block no. 2 follows, 25 sequences, length 51
# corresponding to MSA columns:
# 25-75
name=unknown_C
#
# <colnr> <probs for GDERKNQSTAVLIFYWHMCP>
#	G	D	E	R	K	N	Q	S	T	A	V	L	I	F	Y	W	H	M	C	P
0	0.09699	0.00768	0.00927	0.01073	0.01167	0.00755	0.00733	0.01216	0.01466	0.02149	0.03912	0.64204	0.04642	0.02236	0.00932	0.00306	0.00467	0.02002	0.00693	0.00654
1	0.01632	0.01589	0.02202	0.01901	0.01901	0.02191	0.01557	0.01782	0.01181	0.01825	0.01179	0.02079	0.01222	0.09445	0.02703	0.00386	0.63336	0.00729	0.00354	0.00805
2	0.11509	0.02041	0.02158	0.01671	0.02275	0.02248	0.01380	0.54219	0.03290	0.08824	0.01850	0.01843	0.01303	0.00909	0.00742	0.00234	0.00812	0.00672	0.00754	0.01264
3	0.01808	0.02026	0.04209	0.03063	0.03717	0.02030	0.54542	0.02381	0.01723	0.02381	0.01477	0.02026	0.01150	0.00771	0.01186	0.00274	0.12966	0.00876	0.00383	0.01013
4	0.00972	0.00748	0.00864	0.00942	0.01089	0.00672	0.00666	0.01134	0.01592	0.02000	0.05682	0.31122	0.33194	0.10165	0.01297	0.00343	0.00475	0.05724	0.00691	0.00628
5	0.01571	0.03748	0.61216	0.02190	0.03206	0.01866	0.02732	0.02389	0.01586	0.02389	0.01349	0.01644	0.00986	0.00807	0.00941	0.00256	0.09096	0.00585	0.00329	0.01112
6	0.01602	0.01494	0.02484	0.55794	0.17338	0.01769	0.02174	0.04176	0.01662	0.02185	0.01410	0.02032	0.01081	0.00764	0.00774	0.00252	0.01006	0.00690	0.00367	0.00948
7	0.01929	0.02196	0.08301	0.02945	0.03679	0.02030	0.49408	0.09557	0.01978	0.02710	0.01552	0.02008	0.01169	0.00740	0.01003	0.00263	0.06184	0.00852	0.00428	0.01069
8	0.03302	0.01379	0.01952	0.01762	0.09448	0.01219	0.01280	0.03620	0.02168	0.60984	0.02878	0.02558	0.01841	0.00929	0.00778	0.00239	0.00689	0.00770	0.00894	0.01309
9	0.01962	0.01805	0.02922	0.15072	0.50415	0.01887	0.02241	0.09446	0.01944	0.02711	0.01491	0.01936	0.01207	0.00732	0.00770	0.00235	0.00932	0.00691	0.00422	0.01179
10	0.01680	0.20702	0.53136	0.01997	0.03026	0.02106	0.02494	0.02423	0.01622	0.02303	0.01316	0.01542	0.00985	0.00719	0.00679	0.00226	0.01070	0.00535	0.00328	0.01110
11	0.01445	0.00723	0.00723	0.00723	0.00903	0.00723	0.00542	0.01807	0.01626	0.02891	0.02529	0.02891	0.01987	0.00903	0.00542	0.00181	0.00361	0.00723	0.77055	0.00723
12	0.00945	0.00675	0.00900	0.01080	0.01125	0.00630	0.00720	0.01080	0.01484	0.01979	0.04274	0.72245	0.05128	0.02429	0.00990	0.00315	0.00450	0.02204	0.00720	0.00630
13	0.01696	0.01696	0.02375	0.02036	0.02036	0.02375	0.01696	0.01866	0.01187	0.01866	0.01018	0.01696	0.01018	0.01357	0.02545	0.00339	0.71332	0.00679	0.00339	0.00848
14	0.01636	0.01679	0.03221	0.40563	0.10024	0.01820	0.25326	0.02199	0.01671	0.02211	0.01455	0.02064	0.01102	0.00724	0.00826	0.00257	0.01125	0.00772	0.00365	0.00959
15	0.01608	0.01378	0.01608	0.01148	0.01837	0.01034	0.00919	0.01952	0.01608	0.02527	0.01378	0.01608	0.01148	0.00574	0.00574	0.00115	0.00574	0.00459	0.00459	0.77491
16	0.01616	0.12110	0.61165	0.02107	0.03196	0.01949	0.02685	0.02440	0.01630	0.02382	0.01355	0.01591	0.00984	0.00728	0.00709	0.00236	0.01109	0.00554	0.00328	0.01128
17	0.00923	0.00786	0.00795	0.00793	0.01052	0.00658	0.00595	0.01126	0.01784	0.02134	0.10174	0.07397	0.65256	0.01949	0.00916	0.00261	0.00392	0.01627	0.00725	0.00658
18	0.01859	0.01813	0.03189	0.12109	0.54804	0.01840	0.08268	0.02344	0.01747	0.02466	0.01460	0.01952	0.01201	0.00697	0.00782	0.00236	0.00970	0.00712	0.00380	0.01169
19	0.00941	0.00687	0.00887	0.01046	0.01116	0.00633	0.00705	0.01083	0.01517	0.01992	0.04679	0.64906	0.12205	0.02376	0.00981	0.00309	0.00443	0.02140	0.00720	0.00633
20	0.04343	0.08381	0.62137	0.02110	0.03201	0.01880	0.02693	0.02441	0.01622	0.02452	0.01360	0.01598	0.00978	0.00731	0.00712	0.00240	0.01106	0.00557	0.00333	0.01125
21	0.02558	0.01834	0.01952	0.01550	0.02065	0.02021	0.01263	0.47437	0.08205	0.04347	0.02101	0.02155	0.01539	0.00935	0.00729	0.00224	0.00733	0.00717	0.16446	0.01189
22	0.00943	0.00681	0.00894	0.01064	0.01120	0.00631	0.00713	0.01081	0.01500	0.01985	0.04464	0.68797	0.08453	0.02404	0.00986	0.00312	0.00447	0.02174	0.00720	0.00631
23	0.01903	0.01826	0.03118	0.07144	0.65658	0.01838	0.02371	0.02365	0.01758	0.02513	0.01456	0.01924	0.01221	0.00694	0.00768	0.00231	0.00925	0.00691	0.00382	0.01215
24	0.01714	0.25188	0.48944	0.01940	0.02938	0.02188	0.02394	0.02415	0.01618	0.02262	0.01296	0.01517	0.00986	0.00714	0.00663	0.00221	0.01049	0.00524	0.00329	0.01100
25	0.02073	0.73217	0.04063	0.01327	0.01990	0.03068	0.01327	0.02322	0.01575	0.01824	0.01078	0.01244	0.00995	0.00663	0.00498	0.00166	0.00829	0.00415	0.00332	0.00995
26	0.01097	0.00793	0.01036	0.00975	0.01158	0.00732	0.00732	0.01463	0.02195	0.03109	0.67505	0.05792	0.07316	0.01585	0.00914	0.00244	0.00366	0.01402	0.00854	0.00732
27	0.01474	0.01392	0.02328	0.67864	0.05195	0.01751	0.02133	0.01976	0.01534	0.01976	0.01362	0.02051	0.01033	0.00801	0.00853	0.00262	0.04121	0.00689	0.00344	0.00861
28	0.02690	0.05339	0.02326	0.04942	0.05315	0.25323	0.01516	0.31651	0.02742	0.03345	0.01565	0.01725	0.01197	0.00870	0.00784	0.00221	0.03203	0.00619	0.03528	0.01101
29	0.01125	0.00760	0.00885	0.00883	0.00901	0.00768	0.00520	0.01162	0.01183	0.01596	0.05244	0.04947	0.02946	0.64436	0.08940	0.00768	0.00838	0.01116	0.00482	0.00499
30	0.00945	0.00675	0.00900	0.01080	0.01125	0.00630	0.00720	0.01080	0.01484	0.01979	0.04274	0.72245	0.05128	0.02429	0.00990	0.00315	0.00450	0.02204	0.00720	0.00630
31	0.01811	0.01732	0.02952	0.20449	0.53068	0.01814	0.02326	0.02285	0.01714	0.02402	0.01439	0.01954	0.01182	0.00711	0.00769	0.00237	0.00948	0.00690	0.00374	0.01141
32	0.04824	0.01730	0.05391	0.01863	0.09445	0.04276	0.01368	0.03369	0.33156	0.13858	0.07709	0.02932	0.04595	0.01029	0.00782	0.00250	0.00688	0.00858	0.00723	0.01155
33	0.02813	0.02031	0.02197	0.01723	0.02312	0.02242	0.01411	0.51079	0.14019	0.08805	0.02156	0.02085	0.01533	0.00953	0.00778	0.00238	0.00801	0.00733	0.00790	0.01303
34	0.78228	0.01499	0.01140	0.01020	0.01499	0.01739	0.00840	0.02279	0.01320	0.03479	0.01080	0.01260	0.00840	0.00720	0.00480	0.00240	0.00600	0.00420	0.00480	0.00840
35	0.01347	0.00673	0.01010	0.01010	0.01010	0.00673	0.00673	0.01010	0.01010	0.01347	0.01347	0.02357	0.01347	0.02694	0.03030	0.77441	0.00673	0.00673	0.00337	0.00337
36	0.01555	0.04011	0.68733	0.02210	0.03356	0.01801	0.02865	0.02455	0.01637	0.02455	0.01391	0.01637	0.00982	0.00737	0.00737	0.00246	0.01146	0.00573	0.00327	0.01146
37	0.01594	0.01511	0.02560	0.52017	0.23196	0.01757	0.02218	0.02095	0.01612	0.02139	0.01401	0.02025	0.01089	0.00751	0.00773	0.00250	0.01002	0.00690	0.00356	0.00966
38	0.01883	0.01826	0.03178	0.09189	0.59752	0.01841	0.06179	0.02359	0.01755	0.02492	0.01460	0.01940	0.01212	0.00694	0.00777	0.00234	0.00952	0.00704	0.00382	0.01192
39	0.00945	0.00675	0.00900	0.01080	0.01125	0.00630	0.00720	0.01080	0.01484	0.01979	0.04274	0.72245	0.05128	0.02429	0.00990	0.00315	0.00450	0.02204	0.00720	0.00630
40	0.01830	0.02092	0.04575	0.03268	0.04052	0.01961	0.65098	0.02484	0.01830	0.02484	0.01569	0.02092	0.01176	0.00654	0.00915	0.00261	0.01307	0.00915	0.00392	0.01046
41	0.02896	0.03695	0.02197	0.01998	0.02397	0.69638	0.01498	0.03096	0.02197	0.01898	0.01199	0.01398	0.00999	0.00799	0.00699	0.00200	0.01398	0.00499	0.00400	0.00899
42	0.03479	0.01320	0.01799	0.01380	0.01979	0.01140	0.01140	0.03779	0.02219	0.68451	0.03059	0.02639	0.01919	0.00960	0.00780	0.00240	0.00660	0.00780	0.00960	0.01320
43	0.01091	0.00792	0.01027	0.00968	0.01154	0.00729	0.00726	0.01450	0.02179	0.03071	0.65273	0.05854	0.09571	0.01599	0.00915	0.00245	0.00367	0.01411	0.00849	0.00729
44	0.01160	0.00882	0.01296	0.01274	0.01405	0.01049	0.00997	0.01434	0.01259	0.01852	0.02028	0.02952	0.01881	0.05313	0.62321	0.01141	0.06466	0.00816	0.03769	0.00704
45	0.01464	0.01378	0.02326	0.70887	0.05340	0.01723	0.02153	0.01981	0.01550	0.01981	0.01378	0.02067	0.01034	0.00775	0.00775	0.00258	0.01034	0.00689	0.00345	0.00861
46	0.01555	0.04011	0.68733	0.02210	0.03356	0.01801	0.02865	0.02455	0.01637	0.02455	0.01391	0.01637	0.00982	0.00737	0.00737	0.00246	0.01146	0.00573	0.00327	0.01146
47	0.00945	0.00675	0.00900	0.01080	0.01125	0.00630	0.00720	0.01080	0.01484	0.01979	0.04274	0.72245	0.05128	0.02429	0.00990	0.00315	0.00450	0.02204	0.00720	0.00630
48	0.01696	0.01696	0.02375	0.02036	0.02036	0.02375	0.01696	0.01866	0.01187	0.01866	0.01018	0.01696	0.01018	0.01357	0.02545	0.00339	0.71332	0.00679	0.00339	0.00848
49	0.01143	0.00885	0.01031	0.00977	0.01212	0.00829	0.00736	0.03933	0.05493	0.02781	0.37955	0.08987	0.27758	0.01701	0.00906	0.00254	0.00411	0.01464	0.00795	0.00749
50	0.06427	0.01517	0.02900	0.05282	0.02855	0.01492	0.33505	0.01939	0.01641	0.02328	0.02442	0.26260	0.02508	0.01304	0.00970	0.00281	0.03659	0.01310	0.00507	0.00873

[dist]
# distance from previous block
# <min> <max>
0	1

[block]
# block no. 3 follows, 25 sequences, length 51
# corresponding to MSA columns:
# 77-127
name=unknown_D
#
# <colnr> <probs for GDERKNQSTAVLIFYWHMCP>
#	G	D	E	R	K	N	Q	S	T	A	V	L	I	F	Y	W	H	M	C	P
0	0.01249	0.01013	0.01324	0.01183	0.01519	0.00845	0.03168	0.01497	0.01579	0.02268	0.05881	0.38448	0.03493	0.01585	0.00818	0.00230	0.00527	0.01424	0.00610	0.31342
1	0.01710	0.01371	0.01709	0.01247	0.01904	0.01060	0.03539	0.02055	0.01652	0.06865	0.01631	0.04957	0.01384	0.00689	0.00621	0.00138	0.00604	0.00580	0.00502	0.65784
2	0.01562	0.01347	0.01662	0.01223	0.01863	0.01035	0.03340	0.01901	0.01606	0.02480	0.01624	0.07455	0.01478	0.00730	0.00621	0.00137	0.00592	0.00621	0.00478	0.68245
3	0.17015	0.01842	0.01869	0.04172	0.02142	0.04258	0.01250	0.36153	0.05554	0.07095	0.01859	0.01935	0.01354	0.00884	0.00692	0.00230	0.00756	0.00653	0.09161	0.01126
4	0.01647	0.01629	0.02277	0.01972	0.01975	0.02259	0.01632	0.01814	0.01207	0.01873	0.01233	0.06368	0.01290	0.01428	0.02442	0.00338	0.66638	0.00780	0.00364	0.00834
5	0.01698	0.01388	0.01622	0.01176	0.01851	0.01076	0.00941	0.02119	0.04398	0.05243	0.01522	0.01705	0.01232	0.00610	0.00592	0.00126	0.00579	0.00490	0.00494	0.71138
6	0.02657	0.01320	0.01762	0.09423	0.02287	0.01278	0.01233	0.03275	0.11718	0.40453	0.08139	0.03073	0.02398	0.01036	0.00795	0.00246	0.00671	0.03289	0.00825	0.04126
7	0.03177	0.01278	0.01719	0.01345	0.01896	0.01126	0.01101	0.03553	0.04541	0.59363	0.09701	0.02973	0.02491	0.01027	0.00794	0.00241	0.00628	0.00847	0.00943	0.01256
8	0.01623	0.01392	0.01615	0.01169	0.01846	0.01076	0.00933	0.02054	0.04654	0.02560	0.01462	0.01668	0.01206	0.00597	0.00584	0.00122	0.00576	0.00479	0.00475	0.73911
9	0.01841	0.01345	0.01609	0.01178	0.01832	0.01034	0.00942	0.02172	0.01687	0.11543	0.01710	0.04231	0.01394	0.00692	0.00617	0.00139	0.00582	0.00565	0.00537	0.64350
10	0.01555	0.04011	0.68733	0.02210	0.03356	0.01801	0.02865	0.02455	0.01637	0.02455	0.01391	0.01637	0.00982	0.00737	0.00737	0.00246	0.01146	0.00573	0.00327	0.01146
11	0.01696	0.01696	0.02375	0.02036	0.02036	0.02375	0.01696	0.01866	0.01187	0.01866	0.01018	0.01696	0.01018	0.01357	0.02545	0.00339	0.71332	0.00679	0.00339	0.00848
12	0.01375	0.01025	0.01210	0.01243	0.01446	0.01069	0.00897	0.02177	0.22316	0.05456	0.03980	0.44692	0.06189	0.01905	0.00913	0.00293	0.00510	0.01695	0.00753	0.00853
13	0.01919	0.01842	0.03147	0.04759	0.67914	0.01842	0.02380	0.02380	0.01765	0.02533	0.01458	0.01919	0.01228	0.00691	0.00768	0.00230	0.00921	0.00691	0.00384	0.01228
14	0.01555	0.04011	0.68733	0.02210	0.03356	0.01801	0.02865	0.02455	0.01637	0.02455	0.01391	0.01637	0.00982	0.00737	0.00737	0.00246	0.01146	0.00573	0.00327	0.01146
15	0.01608	0.01378	0.01608	0.01148	0.01837	0.01034	0.00919	0.01952	0.01608	0.02527	0.01378	0.01608	0.01148	0.00574	0.00574	0.00115	0.00574	0.00459	0.00459	0.77491
16	0.00945	0.00675	0.00900	0.01080	0.01125	0.00630	0.00720	0.01080	0.01484	0.01979	0.04274	0.72245	0.05128	0.02429	0.00990	0.00315	0.00450	0.02204	0.00720	0.00630
17	0.03414	0.01597	0.05057	0.01546	0.02159	0.01320	0.01295	0.06324	0.02346	0.58404	0.05274	0.02905	0.02195	0.01093	0.00862	0.00276	0.00745	0.00844	0.00968	0.01375
18	0.01108	0.00831	0.01246	0.01246	0.01385	0.00969	0.00969	0.01385	0.01246	0.01800	0.02077	0.03046	0.01938	0.05815	0.69678	0.01246	0.02077	0.00831	0.00415	0.00692
19	0.01249	0.00892	0.01249	0.01428	0.01606	0.00892	0.01249	0.01606	0.01785	0.02320	0.04105	0.08746	0.04462	0.02142	0.01071	0.00357	0.00714	0.62695	0.00714	0.00714
20	0.01439	0.01344	0.02255	0.67453	0.05133	0.01669	0.02083	0.01937	0.01547	0.01981	0.01521	0.05519	0.01235	0.00857	0.00786	0.00261	0.01005	0.00764	0.00363	0.00850
21	0.01919	0.01834	0.03084	0.04615	0.64930	0.01846	0.02327	0.02458	0.04697	0.02565	0.01535	0.01963	0.01280	0.00707	0.00769	0.00232	0.00907	0.00699	0.00402	0.01228
22	0.03418	0.01333	0.01798	0.01387	0.01981	0.01171	0.01143	0.03792	0.04750	0.65884	0.03063	0.02649	0.01937	0.00963	0.00780	0.00241	0.00658	0.00784	0.00953	0.01316
23	0.01830	0.02092	0.04575	0.03268	0.04052	0.01961	0.65098	0.02484	0.01830	0.02484	0.01569	0.02092	0.01176	0.00654	0.00915	0.00261	0.01307	0.00915	0.00392	0.01046
24	0.06128	0.01302	0.01740	0.01348	0.01924	0.01143	0.01110	0.03616	0.02185	0.63036	0.05961	0.02734	0.02129	0.00980	0.00775	0.00240	0.00644	0.00795	0.00937	0.01275
25	0.05505	0.02062	0.02038	0.01626	0.02157	0.07725	0.01320	0.46836	0.05947	0.04253	0.01921	0.01980	0.01408	0.00914	0.00728	0.00225	0.00814	0.00682	0.10673	0.01184
26	0.01347	0.00673	0.01010	0.01010	0.01010	0.00673	0.00673	0.01010	0.01010	0.01347	0.01347	0.02357	0.01347	0.02694	0.03030	0.77441	0.00673	0.00673	0.00337	0.00337
27	0.01555	0.04011	0.68733	0.02210	0.03356	0.01801	0.02865	0.02455	0.01637	0.02455	0.01391	0.01637	0.00982	0.00737	0.00737	0.00246	0.01146	0.00573	0.00327	0.01146
28	0.01889	0.01812	0.03093	0.09138	0.63771	0.01834	0.02365	0.02353	0.01751	0.02497	0.01453	0.01929	0.01215	0.00696	0.00768	0.00232	0.00929	0.00691	0.00381	0.01204
29	0.01464	0.01378	0.02326	0.70887	0.05340	0.01723	0.02153	0.01981	0.01550	0.01981	0.01378	0.02067	0.01034	0.00775	0.00775	0.00258	0.01034	0.00689	0.00345	0.00861
30	0.00998	0.00789	0.00899	0.00871	0.01097	0.00689	0.00654	0.01271	0.01961	0.02553	0.34816	0.06707	0.40352	0.01793	0.00916	0.00254	0.00381	0.01531	0.00780	0.00689
31	0.00955	0.00683	0.00909	0.01073	0.01127	0.00637	0.00721	0.01105	0.01532	0.02054	0.08460	0.67845	0.05273	0.02373	0.00985	0.00310	0.00444	0.02151	0.00729	0.00637
32	0.01919	0.01842	0.03147	0.04759	0.67914	0.01842	0.02380	0.02380	0.01765	0.02533	0.01458	0.01919	0.01228	0.00691	0.00768	0.00230	0.00921	0.00691	0.00384	0.01228
33	0.02947	0.02172	0.02327	0.01784	0.02404	0.02404	0.01474	0.65329	0.03646	0.04887	0.01862	0.01862	0.01319	0.00931	0.00776	0.00233	0.00853	0.00698	0.00776	0.01319
34	0.00945	0.00675	0.00900	0.01080	0.01125	0.00630	0.00720	0.01080	0.01484	0.01979	0.04274	0.72245	0.05128	0.02429	0.00990	0.00315	0.00450	0.02204	0.00720	0.00630
35	0.02896	0.03695	0.02197	0.01998	0.02397	0.69638	0.01498	0.03096	0.02197	0.01898	0.01199	0.01398	0.00999	0.00799	0.00699	0.00200	0.01398	0.00499	0.00400	0.00899
36	0.02947	0.02172	0.02327	0.01784	0.02404	0.02404	0.01474	0.65329	0.03646	0.04887	0.01862	0.01862	0.01319	0.00931	0.00776	0.00233	0.00853	0.00698	0.00776	0.01319
37	0.01249	0.00892	0.01249	0.01428	0.01606	0.00892	0.01249	0.01606	0.01785	0.02320	0.04105	0.08746	0.04462	0.02142	0.01071	0.00357	0.00714	0.62695	0.00714	0.00714
38	0.02409	0.01652	0.01752	0.01403	0.01866	0.01801	0.01140	0.42551	0.02921	0.04171	0.02101	0.02231	0.01558	0.00921	0.00692	0.00214	0.00677	0.00707	0.28128	0.01105
39	0.02036	0.01674	0.01780	0.01579	0.02032	0.01918	0.01235	0.06805	0.61152	0.05942	0.03095	0.02837	0.02303	0.01043	0.00788	0.00261	0.00626	0.00865	0.00795	0.01235
40	0.01555	0.04011	0.68733	0.02210	0.03356	0.01801	0.02865	0.02455	0.01637	0.02455	0.01391	0.01637	0.00982	0.00737	0.00737	0.00246	0.01146	0.00573	0.00327	0.01146
41	0.00945	0.00675	0.00900	0.01080	0.01125	0.00630	0.00720	0.01080	0.01484	0.01979	0.04274	0.72245	0.05128	0.02429	0.00990	0.00315	0.00450	0.02204	0.00720	0.00630
42	0.67207	0.01860	0.10855	0.01191	0.01766	0.01748	0.01131	0.02305	0.01365	0.03332	0.01124	0.01314	0.00860	0.00722	0.00517	0.00241	0.00678	0.00442	0.00458	0.00884
43	0.01088	0.00792	0.01024	0.00966	0.01153	0.00728	0.00725	0.01446	0.02174	0.03059	0.64571	0.05874	0.10281	0.01604	0.00915	0.00245	0.00367	0.01414	0.00847	0.00728
44	0.01608	0.01378	0.01608	0.01148	0.01837	0.01034	0.00919	0.01952	0.01608	0.02527	0.01378	0.01608	0.01148	0.00574	0.00574	0.00115	0.00574	0.00459	0.00459	0.77491
45	0.00945	0.00675	0.00900	0.01080	0.01125	0.00630	0.00720	0.01080	0.01484	0.01979	0.04274	0.72245	0.05128	0.02429	0.00990	0.00315	0.00450	0.02204	0.00720	0.00630
46	0.03479	0.01320	0.01799	0.01380	0.01979	0.01140	0.01140	0.03779	0.02219	0.68451	0.03059	0.02639	0.01919	0.00960	0.00780	0.00240	0.00660	0.00780	0.00960	0.01320
47	0.01483	0.01403	0.02329	0.65452	0.05079	0.01774	0.02117	0.01972	0.01522	0.01972	0.01350	0.02038	0.01032	0.00821	0.00915	0.00265	0.06583	0.00688	0.00344	0.00860
48	0.01643	0.01468	0.02444	0.03335	0.37953	0.01462	0.04890	0.02070	0.01776	0.02444	0.02539	0.04701	0.02540	0.01279	0.00898	0.00283	0.00855	0.25891	0.00518	0.01011
49	0.01447	0.01350	0.02265	0.67577	0.05142	0.01676	0.02086	0.01957	0.01581	0.02034	0.04509	0.02244	0.01331	0.00814	0.00782	0.00258	0.01002	0.00723	0.00369	0.00855
50	0.08666	0.01421	0.01594	0.01162	0.01829	0.01153	0.00934	0.04507	0.01663	0.02708	0.01370	0.01586	0.01127	0.00602	0.00574	0.00131	0.00588	0.00465	0.00474	0.67448

[dist]
# distance from previous block
# <min> <max>
0	18

[block]
# block no. 4 follows, 25 sequences, length 63
# corresponding to MSA columns:
# 146-208
name=unknown_E
#
# <colnr> <probs for GDERKNQSTAVLIFYWHMCP>
#	G	D	E	R	K	N	Q	S	T	A	V	L	I	F	Y	W	H	M	C	P
0	0.01630	0.01367	0.01595	0.01165	0.01808	0.01075	0.00930	0.04981	0.01756	0.02690	0.06965	0.01972	0.01676	0.00677	0.00613	0.00131	0.00570	0.00550	0.00508	0.67344
1	0.02142	0.67368	0.03906	0.01383	0.02024	0.08668	0.01341	0.02387	0.01628	0.01830	0.01088	0.01257	0.00995	0.00675	0.00514	0.00169	0.00877	0.00422	0.00337	0.00987
2	0.00945	0.00675	0.00900	0.01080	0.01125	0.00630	0.00720	0.01080	0.01484	0.01979	0.04274	0.72245	0.05128	0.02429	0.00990	0.00315	0.00450	0.02204	0.00720	0.00630
3	0.02905	0.02151	0.02303	0.01775	0.02388	0.02385	0.01464	0.62793	0.06250	0.04818	0.01915	0.01904	0.01362	0.00936	0.00776	0.00234	0.00843	0.00705	0.00776	0.01315
4	0.01820	0.01779	0.02456	0.40674	0.15010	0.08602	0.02028	0.07010	0.01775	0.02277	0.01375	0.01923	0.01083	0.00834	0.00945	0.00254	0.08136	0.00670	0.00389	0.00961
5	0.01126	0.00753	0.00854	0.00851	0.00859	0.00751	0.00481	0.01141	0.01172	0.01570	0.05139	0.05104	0.03005	0.69802	0.03821	0.00731	0.00736	0.01139	0.00486	0.00481
6	0.01464	0.01378	0.02326	0.70887	0.05340	0.01723	0.02153	0.01981	0.01550	0.01981	0.01378	0.02067	0.01034	0.00775	0.00775	0.00258	0.01034	0.00689	0.00345	0.00861
7	0.01608	0.01378	0.01608	0.01148	0.01837	0.01034	0.00919	0.01952	0.01608	0.02527	0.01378	0.01608	0.01148	0.00574	0.00574	0.00115	0.00574	0.00459	0.00459	0.77491
8	0.01097	0.00793	0.01036	0.00975	0.01158	0.00732	0.00732	0.01463	0.02195	0.03109	0.67505	0.05792	0.07316	0.01585	0.00914	0.00244	0.00366	0.01402	0.00854	0.00732
9	0.01108	0.00831	0.01246	0.01246	0.01385	0.00969	0.00969	0.01385	0.01246	0.01800	0.02077	0.03046	0.01938	0.05815	0.69678	0.01246	0.02077	0.00831	0.00415	0.00692
10	0.03479	0.01320	0.01799	0.01380	0.01979	0.01140	0.01140	0.03779	0.02219	0.68451	0.03059	0.02639	0.01919	0.00960	0.00780	0.00240	0.00660	0.00780	0.00960	0.01320
11	0.01608	0.01378	0.01608	0.01148	0.01837	0.01034	0.00919	0.01952	0.01608	0.02527	0.01378	0.01608	0.01148	0.00574	0.00574	0.00115	0.00574	0.00459	0.00459	0.77491
12	0.01919	0.01842	0.03147	0.04759	0.67914	0.01842	0.02380	0.02380	0.01765	0.02533	0.01458	0.01919	0.01228	0.00691	0.00768	0.00230	0.00921	0.00691	0.00384	0.01228
13	0.02073	0.73217	0.04063	0.01327	0.01990	0.03068	0.01327	0.02322	0.01575	0.01824	0.01078	0.01244	0.00995	0.00663	0.00498	0.00166	0.00829	0.00415	0.00332	0.00995
14	0.01128	0.00752	0.00846	0.00846	0.00846	0.00752	0.00470	0.01128	0.01128	0.01503	0.02443	0.05074	0.02819	0.72751	0.03946	0.00752	0.00752	0.01128	0.00470	0.00470
15	0.00945	0.00675	0.00900	0.01080	0.01125	0.00630	0.00720	0.01080	0.01484	0.01979	0.04274	0.72245	0.05128	0.02429	0.00990	0.00315	0.00450	0.02204	0.00720	0.00630
16	0.01555	0.04011	0.68733	0.02210	0.03356	0.01801	0.02865	0.02455	0.01637	0.02455	0.01391	0.01637	0.00982	0.00737	0.00737	0.00246	0.01146	0.00573	0.00327	0.01146
17	0.01113	0.00803	0.01058	0.01021	0.01204	0.00748	0.00784	0.01478	0.02153	0.03030	0.61106	0.06090	0.07028	0.01641	0.00930	0.00255	0.00401	0.07589	0.00839	0.00730
18	0.00959	0.00686	0.00912	0.01070	0.01128	0.00639	0.00721	0.01115	0.01549	0.02083	0.10053	0.66171	0.05328	0.02352	0.00983	0.00308	0.00442	0.02131	0.00732	0.00639
19	0.00997	0.00831	0.00874	0.00856	0.01114	0.00732	0.00644	0.01321	0.05134	0.02313	0.17031	0.06966	0.54760	0.01857	0.00910	0.00259	0.00400	0.01561	0.00745	0.00696
20	0.19900	0.02028	0.02024	0.01596	0.02176	0.04723	0.01312	0.45150	0.02983	0.08228	0.01732	0.01755	0.01234	0.00880	0.00706	0.00233	0.00805	0.00633	0.00706	0.01195
21	0.00945	0.00675	0.00900	0.01080	0.01125	0.00630	0.00720	0.01080	0.01484	0.01979	0.04274	0.72245	0.05128	0.02429	0.00990	0.00315	0.00450	0.02204	0.00720	0.00630
22	0.01521	0.01436	0.02427	0.62697	0.13090	0.01737	0.02181	0.02030	0.01577	0.02049	0.01388	0.02049	0.01058	0.00765	0.00774	0.00255	0.01020	0.00689	0.00349	0.00907
23	0.02899	0.03605	0.02205	0.01985	0.02397	0.65650	0.01497	0.06788	0.02283	0.02075	0.01238	0.01426	0.01018	0.00807	0.00704	0.00202	0.01366	0.00511	0.00422	0.00924
24	0.01706	0.01375	0.01618	0.01161	0.01845	0.01039	0.00930	0.02048	0.01640	0.05988	0.01466	0.01662	0.01189	0.00594	0.00585	0.00121	0.00579	0.00476	0.00486	0.73492
25	0.02896	0.03695	0.02197	0.01998	0.02397	0.69638	0.01498	0.03096	0.02197	0.01898	0.01199	0.01398	0.00999	0.00799	0.00699	0.00200	0.01398	0.00499	0.00400	0.00899
26	0.01503	0.01378	0.01905	0.04315	0.01888	0.01817	0.01400	0.01796	0.04330	0.01996	0.01831	0.12884	0.01870	0.01971	0.09698	0.00424	0.42976	0.00944	0.04266	0.00809
27	0.02132	0.62973	0.06898	0.01436	0.02095	0.09720	0.01416	0.02406	0.01641	0.01861	0.01105	0.01278	0.00995	0.00680	0.00529	0.00173	0.00901	0.00431	0.00338	0.00992
28	0.02608	0.01972	0.02074	0.04870	0.02310	0.05465	0.01369	0.48554	0.03119	0.04217	0.01898	0.02028	0.01400	0.01130	0.03794	0.00271	0.00882	0.00697	0.10168	0.01175
29	0.06987	0.01841	0.02100	0.14688	0.02759	0.02073	0.01474	0.43450	0.02916	0.04060	0.01789	0.01965	0.01301	0.00886	0.00735	0.00233	0.00824	0.00682	0.08089	0.01146
30	0.01659	0.17869	0.55784	0.02033	0.03082	0.02054	0.02557	0.02429	0.01625	0.02329	0.01329	0.01558	0.00985	0.00722	0.00689	0.00230	0.01082	0.00541	0.00328	0.01116
31	0.09953	0.35329	0.25293	0.01670	0.02458	0.02333	0.04952	0.02329	0.01612	0.02307	0.04425	0.01640	0.01289	0.00738	0.00617	0.00209	0.00912	0.00541	0.00374	0.01019
32	0.01731	0.00924	0.01208	0.01100	0.01386	0.00826	0.00845	0.02019	0.02020	0.21322	0.29758	0.16512	0.12160	0.01611	0.00894	0.00260	0.00477	0.03232	0.00841	0.00872
33	0.16613	0.02067	0.01933	0.01594	0.02116	0.09305	0.01283	0.32962	0.15620	0.03922	0.01925	0.01937	0.01425	0.00901	0.00709	0.00235	0.00802	0.00662	0.02838	0.01150
34	0.02630	0.01321	0.01628	0.01314	0.01785	0.01279	0.01061	0.13568	0.06183	0.34533	0.15170	0.03153	0.02886	0.01074	0.00781	0.00235	0.00603	0.00885	0.08771	0.01139
35	0.01643	0.01585	0.02576	0.46144	0.20676	0.04238	0.04917	0.02108	0.01620	0.02114	0.01399	0.02017	0.01099	0.00822	0.00862	0.03168	0.01017	0.00692	0.00358	0.00943
36	0.02947	0.02172	0.02327	0.01784	0.02404	0.02404	0.01474	0.65329	0.03646	0.04887	0.01862	0.01862	0.01319	0.00931	0.00776	0.00233	0.00853	0.00698	0.00776	0.01319
37	0.01673	0.01662	0.02330	0.02004	0.02010	0.02319	0.01668	0.01847	0.01190	0.01863	0.01060	0.01750	0.01054	0.01534	0.05204	0.00375	0.68588	0.00685	0.00342	0.00842
38	0.01326	0.00673	0.01004	0.01014	0.01016	0.00671	0.00676	0.01014	0.01034	0.01379	0.01496	0.05918	0.01539	0.02680	0.02926	0.73511	0.00662	0.00751	0.00356	0.00352
39	0.74461	0.01533	0.01199	0.01058	0.01545	0.01773	0.00871	0.05434	0.01436	0.03549	0.01119	0.01290	0.00864	0.00730	0.00495	0.00240	0.00612	0.00434	0.00495	0.00864
40	0.00945	0.00675	0.00900	0.01080	0.01125	0.00630	0.00720	0.01080	0.01484	0.01979	0.04274	0.72245	0.05128	0.02429	0.00990	0.00315	0.00450	0.02204	0.00720	0.00630
41	0.00947	0.00787	0.00828	0.00817	0.01066	0.00667	0.00613	0.01172	0.01839	0.02265	0.17868	0.07182	0.57480	0.01900	0.00916	0.00259	0.00388	0.01597	0.00742	0.00667
42	0.01830	0.02092	0.04575	0.03268	0.04052	0.01961	0.65098	0.02484	0.01830	0.02484	0.01569	0.02092	0.01176	0.00654	0.00915	0.00261	0.01307	0.00915	0.00392	0.01046
43	0.01159	0.00810	0.01032	0.00966	0.01174	0.00736	0.00728	0.01502	0.02143	0.05292	0.57840	0.05887	0.14592	0.01610	0.00910	0.00246	0.00380	0.01409	0.00841	0.00743
44	0.01905	0.01554	0.01767	0.01289	0.01963	0.01337	0.01042	0.15994	0.02059	0.03049	0.01485	0.01664	0.01186	0.00653	0.00619	0.00141	0.00636	0.00512	0.00529	0.60614
45	0.00948	0.00683	0.00899	0.01064	0.01122	0.00634	0.00715	0.01092	0.01517	0.02017	0.06238	0.67648	0.07784	0.02386	0.00984	0.00311	0.00445	0.02158	0.00724	0.00634
46	0.07236	0.03229	0.02252	0.01976	0.02383	0.52506	0.03991	0.07867	0.02169	0.02249	0.01245	0.01477	0.01023	0.00841	0.00840	0.00218	0.06596	0.00540	0.00429	0.00931
47	0.01115	0.03065	0.01113	0.00972	0.01176	0.00799	0.00740	0.01464	0.02144	0.02993	0.60985	0.05773	0.11600	0.01584	0.00902	0.00243	0.00382	0.01389	0.00827	0.00734
48	0.01583	0.01513	0.02569	0.51611	0.18464	0.01786	0.04027	0.02075	0.01587	0.02108	0.01384	0.02019	0.01078	0.00781	0.00860	0.00256	0.04304	0.00696	0.00354	0.00944
49	0.02170	0.66807	0.03878	0.01364	0.02011	0.06489	0.01329	0.02418	0.01633	0.04386	0.01160	0.01305	0.01031	0.00682	0.00519	0.00170	0.00853	0.00433	0.00359	0.01002
50	0.00924	0.00786	0.00796	0.00793	0.01052	0.00658	0.00595	0.01127	0.01785	0.02137	0.10330	0.07393	0.65098	0.01948	0.00916	0.00261	0.00392	0.01627	0.00726	0.00658
51	0.01687	0.01341	0.01585	0.01159	0.01811	0.01020	0.00922	0.02018	0.01638	0.06411	0.01618	0.05090	0.01387	0.00687	0.00607	0.00132	0.00573	0.00563	0.00502	0.69250
52	0.01791	0.02355	0.14249	0.03183	0.08763	0.01939	0.48902	0.02453	0.01777	0.02465	0.01517	0.01997	0.01146	0.00690	0.00924	0.00259	0.03301	0.00838	0.00380	0.01069
53	0.01063	0.00760	0.01036	0.01215	0.01312	0.00732	0.00926	0.01285	0.01601	0.02112	0.04208	0.47521	0.04869	0.02317	0.01021	0.00331	0.00553	0.25756	0.00717	0.00663
54	0.01433	0.01329	0.02217	0.65006	0.04988	0.01639	0.02034	0.01937	0.01605	0.02076	0.06941	0.02381	0.01562	0.00843	0.00787	0.00257	0.00977	0.00749	0.00387	0.00850
55	0.01689	0.02921	0.34658	0.04722	0.11342	0.01898	0.20809	0.02392	0.01669	0.02410	0.01419	0.01821	0.01073	0.00760	0.00946	0.00257	0.07067	0.00699	0.00355	0.01094
56	0.02752	0.01362	0.01696	0.01374	0.01866	0.01319	0.01101	0.08608	0.13834	0.40202	0.10610	0.03118	0.02637	0.04707	0.00958	0.00270	0.00637	0.00882	0.00876	0.01190
57	0.01282	0.00921	0.01225	0.01180	0.01330	0.01031	0.00882	0.06726	0.01439	0.02042	0.02160	0.03387	0.02083	0.19973	0.46299	0.01004	0.01605	0.00880	0.03852	0.00697
58	0.02324	0.01582	0.01782	0.01403	0.01922	0.01594	0.01121	0.26560	0.08002	0.12310	0.05561	0.02530	0.01928	0.06945	0.00997	0.00253	0.00689	0.00749	0.04601	0.17147
59	0.01599	0.09833	0.63293	0.02136	0.03241	0.01907	0.02735	0.02444	0.01632	0.02402	0.01365	0.01604	0.00983	0.00730	0.00717	0.00239	0.01119	0.00560	0.00328	0.01133
60	0.00988	0.00734	0.01020	0.06952	0.01479	0.00722	0.00840	0.01155	0.01490	0.01979	0.04030	0.66341	0.04784	0.02290	0.00972	0.00310	0.00499	0.02077	0.00688	0.00649
61	0.10134	0.06312	0.07745	0.01751	0.02294	0.27738	0.01482	0.21794	0.05297	0.03103	0.01537	0.01663	0.01178	0.00834	0.00691	0.00218	0.01028	0.00579	0.03566	0.01053
62	0.01000	0.00734	0.00959	0.01085	0.01185	0.00664	0.00736	0.01153	0.01495	0.02025	0.04030	0.66302	0.04793	0.02273	0.00955	0.00298	0.00460	0.02057	0.00698	0.07096

[dist]
# distance from previous block
# <min> <max>
0	6

[block]
# block no. 5 follows, 25 sequences, length 23
# corresponding to MSA columns:
# 215-237
name=unknown_F
#
# <colnr> <probs for GDERKNQSTAVLIFYWHMCP>
#	G	D	E	R	K	N	Q	S	T	A	V	L	I	F	Y	W	H	M	C	P
0	0.06116	0.02171	0.05102	0.01684	0.02231	0.09743	0.01397	0.29488	0.22260	0.06227	0.02342	0.02277	0.03531	0.00965	0.00759	0.00240	0.00823	0.00741	0.00707	0.01193
1	0.02347	0.01789	0.01949	0.01724	0.05114	0.03666	0.01317	0.31110	0.20542	0.05829	0.02428	0.04864	0.01905	0.01156	0.02497	0.00268	0.00771	0.02575	0.06975	0.01173
2	0.48324	0.01573	0.01391	0.01228	0.01697	0.01812	0.00989	0.07323	0.20500	0.03494	0.01784	0.01827	0.01353	0.00837	0.00593	0.00244	0.00615	0.00582	0.02849	0.00984
3	0.01564	0.01711	0.03470	0.02544	0.03176	0.01580	0.46293	0.02084	0.01812	0.02370	0.03401	0.03657	0.20540	0.01036	0.00915	0.00262	0.01041	0.01125	0.00488	0.00932
4	0.00958	0.00684	0.00915	0.01095	0.01146	0.00642	0.00743	0.01103	0.01498	0.01995	0.04266	0.69411	0.05098	0.02416	0.00993	0.00317	0.00462	0.04904	0.00719	0.00634
5	0.55985	0.01548	0.01318	0.01182	0.01650	0.01795	0.00953	0.02816	0.20324	0.03410	0.01685	0.01736	0.01285	0.00817	0.00570	0.00247	0.00604	0.00553	0.00570	0.00953
6	0.00969	0.00788	0.00859	0.00841	0.01080	0.00677	0.00631	0.01215	0.01892	0.02390	0.25244	0.06975	0.50026	0.01853	0.00916	0.00257	0.00385	0.01568	0.00759	0.00677
7	0.02483	0.52258	0.03403	0.01342	0.01987	0.02506	0.01272	0.02746	0.01763	0.21247	0.01655	0.01651	0.01264	0.00750	0.00580	0.00187	0.00780	0.00521	0.00515	0.01090
8	0.02031	0.52359	0.03390	0.01400	0.01998	0.02736	0.01298	0.02846	0.20506	0.02238	0.01684	0.01725	0.01395	0.00777	0.00582	0.00194	0.00766	0.00549	0.00465	0.01063
9	0.01672	0.01697	0.02155	0.21968	0.02922	0.09457	0.01680	0.01960	0.01485	0.01984	0.05488	0.05378	0.01634	0.01321	0.03619	0.00320	0.33241	0.00783	0.00400	0.00836
10	0.02506	0.01366	0.01681	0.01306	0.01894	0.01203	0.01054	0.03106	0.11870	0.33682	0.02752	0.02570	0.04866	0.00895	0.00720	0.00204	0.00612	0.00731	0.00758	0.26224
11	0.02365	0.01776	0.02184	0.01822	0.02090	0.08703	0.03281	0.05480	0.01736	0.21443	0.01831	0.05109	0.01481	0.01193	0.01646	0.00288	0.35234	0.00766	0.00565	0.01008
12	0.01707	0.00938	0.01133	0.01004	0.01332	0.00814	0.00774	0.01954	0.01941	0.21595	0.17106	0.07304	0.32725	0.04903	0.01019	0.00276	0.00484	0.01334	0.00803	0.00853
13	0.01617	0.02256	0.21455	0.01821	0.02339	0.01807	0.01796	0.02135	0.04541	0.02262	0.01437	0.04408	0.01259	0.01020	0.01415	0.00255	0.28302	0.00664	0.00400	0.18810
14	0.01721	0.01615	0.02499	0.01789	0.02504	0.01353	0.19648	0.04391	0.01746	0.02599	0.01451	0.01758	0.01163	0.00610	0.00681	0.00162	0.00798	0.00601	0.00451	0.52461
15	0.02028	0.52410	0.03796	0.02327	0.21208	0.02711	0.01634	0.02339	0.01631	0.02031	0.01189	0.01441	0.01063	0.00671	0.00576	0.00185	0.00856	0.00495	0.00347	0.01063
16	0.01149	0.01666	0.20703	0.01428	0.01809	0.00993	0.01381	0.01531	0.01576	0.02184	0.05851	0.44863	0.03959	0.01884	0.00918	0.00295	0.00667	0.05743	0.00610	0.00790
17	0.01074	0.00729	0.00861	0.00914	0.00927	0.00716	0.00543	0.01114	0.01232	0.01642	0.02977	0.24655	0.03492	0.52251	0.03084	0.00624	0.00664	0.01441	0.00543	0.00516
18	0.01664	0.03327	0.49208	0.02026	0.02965	0.01838	0.02387	0.02941	0.20549	0.02685	0.01906	0.02003	0.01386	0.00829	0.00752	0.00251	0.00991	0.00661	0.00462	0.01170
19	0.02641	0.23431	0.02811	0.01822	0.04339	0.27254	0.01468	0.22145	0.02452	0.02823	0.01377	0.01513	0.01104	0.00797	0.00666	0.00201	0.01048	0.00542	0.00496	0.01067
20	0.01853	0.10053	0.35094	0.02865	0.21965	0.06319	0.04018	0.04598	0.01778	0.02463	0.01388	0.01684	0.01073	0.00725	0.00726	0.00230	0.01060	0.00600	0.00366	0.01142
21	0.01382	0.01086	0.01570	0.01452	0.01502	0.01373	0.01136	0.01443	0.01157	0.01691	0.01495	0.02375	0.01445	0.03353	0.26868	0.23142	0.25788	0.00732	0.00366	0.00643
22	0.01582	0.01632	0.01308	0.01229	0.01477	0.20801	0.00910	0.01836	0.02024	0.02419	0.30186	0.06686	0.17645	0.05662	0.01033	0.00267	0.00698	0.01194	0.00667	0.00746

[dist]
# distance from previous block
# <min> <max>
0	2

[block]
# block no. 6 follows, 25 sequences, length 117
# corresponding to MSA columns:
# 240-356
name=unknown_G
#
# <colnr> <probs for GDERKNQSTAVLIFYWHMCP>
#	G	D	E	R	K	N	Q	S	T	A	V	L	I	F	Y	W	H	M	C	P
0	0.05026	0.04870	0.03014	0.18612	0.03432	0.01903	0.24425	0.05109	0.01682	0.02387	0.01584	0.05314	0.01332	0.00914	0.01091	0.00265	0.12695	0.00819	0.04593	0.00933
1	0.00973	0.00807	0.00856	0.00873	0.01106	0.00710	0.00643	0.01255	0.04546	0.02175	0.09953	0.16836	0.52606	0.01976	0.00922	0.00269	0.00410	0.01677	0.00729	0.00679
2	0.74934	0.04601	0.01266	0.01033	0.01521	0.01797	0.00861	0.02281	0.01331	0.03407	0.01080	0.01259	0.00846	0.00717	0.00481	0.00237	0.00610	0.00420	0.00473	0.00846
3	0.01920	0.02087	0.08361	0.04401	0.57888	0.04147	0.05035	0.02414	0.01773	0.02503	0.01449	0.01886	0.01199	0.00697	0.00769	0.00232	0.00971	0.00684	0.00380	0.01203
4	0.01863	0.01778	0.03003	0.10844	0.59151	0.01796	0.02295	0.02323	0.01738	0.02481	0.01447	0.01920	0.01206	0.00694	0.00760	0.00228	0.00917	0.00681	0.00383	0.04492
5	0.01097	0.00793	0.01036	0.00975	0.01158	0.00732	0.00732	0.01463	0.02195	0.03109	0.67505	0.05792	0.07316	0.01585	0.00914	0.00244	0.00366	0.01402	0.00854	0.00732
6	0.01030	0.00749	0.00970	0.01001	0.01139	0.00690	0.00718	0.01301	0.01909	0.02633	0.40662	0.29947	0.10531	0.01916	0.00942	0.00271	0.00398	0.01708	0.00796	0.00690
7	0.02174	0.01783	0.07087	0.01515	0.02002	0.03737	0.01309	0.29541	0.02711	0.08624	0.17279	0.05867	0.06164	0.01246	0.00837	0.00249	0.00724	0.05341	0.00751	0.01062
8	0.04851	0.09541	0.57592	0.02200	0.06049	0.01905	0.02630	0.02434	0.01624	0.02450	0.01355	0.01601	0.00988	0.00728	0.00707	0.00238	0.01087	0.00559	0.00337	0.01124
9	0.01820	0.02159	0.06829	0.03231	0.04028	0.01955	0.62912	0.02483	0.01823	0.02483	0.01562	0.02076	0.01170	0.00657	0.00909	0.00261	0.01302	0.00903	0.00390	0.01049
10	0.02073	0.73217	0.04063	0.01327	0.01990	0.03068	0.01327	0.02322	0.01575	0.01824	0.01078	0.01244	0.00995	0.00663	0.00498	0.00166	0.00829	0.00415	0.00332	0.00995
11	0.02947	0.02172	0.02327	0.01784	0.02404	0.02404	0.01474	0.65329	0.03646	0.04887	0.01862	0.01862	0.01319	0.00931	0.00776	0.00233	0.00853	0.00698	0.00776	0.01319
12	0.03366	0.01295	0.01763	0.01360	0.01941	0.01120	0.01120	0.03669	0.02218	0.65367	0.06101	0.02788	0.02174	0.00989	0.00786	0.00240	0.00646	0.00809	0.00955	0.01292
13	0.03454	0.01360	0.01824	0.01399	0.01999	0.01199	0.01155	0.06684	0.02287	0.65450	0.03002	0.02602	0.01891	0.00958	0.00780	0.00240	0.00669	0.00776	0.00951	0.01319
14	0.03479	0.01320	0.01799	0.01380	0.01979	0.01140	0.01140	0.03779	0.02219	0.68451	0.03059	0.02639	0.01919	0.00960	0.00780	0.00240	0.00660	0.00780	0.00960	0.01320
15	0.01817	0.02182	0.07604	0.03218	0.04019	0.01953	0.62160	0.02482	0.01821	0.02482	0.01560	0.02070	0.01167	0.00658	0.00907	0.00261	0.01300	0.00899	0.00389	0.01050
16	0.01824	0.02073	0.04471	0.03210	0.03957	0.01980	0.62105	0.02455	0.01800	0.02455	0.01543	0.02073	0.01169	0.00687	0.00992	0.00265	0.04613	0.00904	0.00390	0.01036
17	0.01108	0.00831	0.01246	0.01246	0.01385	0.00969	0.00969	0.01385	0.01246	0.01800	0.02077	0.03046	0.01938	0.05815	0.69678	0.01246	0.02077	0.00831	0.00415	0.00692
18	0.02947	0.02172	0.02327	0.01784	0.02404	0.02404	0.01474	0.65329	0.03646	0.04887	0.01862	0.01862	0.01319	0.00931	0.00776	0.00233	0.00853	0.00698	0.00776	0.01319
19	0.01464	0.01378	0.02326	0.70887	0.05340	0.01723	0.02153	0.01981	0.01550	0.01981	0.01378	0.02067	0.01034	0.00775	0.00775	0.00258	0.01034	0.00689	0.00345	0.00861
20	0.01709	0.01855	0.03828	0.25729	0.04480	0.01882	0.44189	0.02317	0.01737	0.02317	0.01505	0.02083	0.01129	0.00694	0.00869	0.00260	0.01216	0.00840	0.00376	0.00984
21	0.78228	0.01499	0.01140	0.01020	0.01499	0.01739	0.00840	0.02279	0.01320	0.03479	0.01080	0.01260	0.00840	0.00720	0.00480	0.00240	0.00600	0.00420	0.00480	0.00840
22	0.01445	0.00723	0.00723	0.00723	0.00903	0.00723	0.00542	0.01807	0.01626	0.02891	0.02529	0.02891	0.01987	0.00903	0.00542	0.00181	0.00361	0.00723	0.77055	0.00723
23	0.01761	0.01469	0.01690	0.01221	0.01902	0.01190	0.00982	0.09194	0.01841	0.02796	0.01433	0.01637	0.01168	0.00615	0.00597	0.00128	0.00606	0.00487	0.00496	0.68787
24	0.01975	0.01762	0.01774	0.01598	0.02034	0.05147	0.01240	0.04071	0.63456	0.03180	0.03063	0.02822	0.02302	0.01040	0.00785	0.00260	0.00651	0.00859	0.00770	0.01212
