[name]
unknown

[dist]
# distance from previous block
# <min> <max>
1	36

[block]
# block no. 0 follows, 25 sequences, length 19
# corresponding to MSA columns:
# 63-81
name=unknown_A
#
# <colnr> <probs for GDERKNQSTAVLIFYWHMCP>
#	G	D	E	R	K	N	Q	S	T	A	V	L	I	F	Y	W	H	M	C	P
0	0.13291	0.01594	0.01873	0.16112	0.02638	0.03552	0.03614	0.18733	0.05186	0.07179	0.02176	0.02359	0.05459	0.00908	0.00711	0.00233	0.00770	0.00723	0.08923	0.03967
1	0.01105	0.00830	0.01050	0.01125	0.01207	0.00852	0.00776	0.01412	0.06783	0.02120	0.10022	0.46762	0.04579	0.12276	0.01470	0.00368	0.04118	0.01784	0.00683	0.00677
2	0.03960	0.06424	0.01359	0.01134	0.01361	0.01051	0.00848	0.05924	0.01847	0.08663	0.18418	0.33543	0.04490	0.06052	0.01062	0.00298	0.00529	0.01521	0.00725	0.00790
3	0.02073	0.02205	0.02774	0.15774	0.41149	0.18083	0.02128	0.02481	0.01831	0.02283	0.01382	0.01820	0.01139	0.00732	0.00753	0.00228	0.01055	0.00645	0.00381	0.01084
4	0.01613	0.01154	0.01308	0.05444	0.04036	0.04321	0.00956	0.08016	0.01733	0.02611	0.02279	0.09284	0.02053	0.06751	0.03049	0.03666	0.05634	0.00876	0.34436	0.00780
5	0.01227	0.00851	0.01018	0.04159	0.01305	0.00835	0.00733	0.04572	0.01566	0.02204	0.03446	0.29222	0.08569	0.18569	0.01569	0.00375	0.00555	0.01425	0.13560	0.04241
6	0.01659	0.01893	0.08058	0.10111	0.06115	0.06945	0.20408	0.02104	0.01643	0.02213	0.01750	0.07523	0.01586	0.06246	0.05253	0.00335	0.03741	0.00856	0.00420	0.11141
7	0.13099	0.01791	0.02440	0.24318	0.28660	0.06805	0.01937	0.04935	0.04247	0.02577	0.01441	0.01865	0.01142	0.00753	0.00724	0.00240	0.00929	0.00644	0.00419	0.01037
8	0.01345	0.00916	0.01097	0.01070	0.01270	0.00886	0.00779	0.07158	0.03493	0.05944	0.18848	0.27985	0.13645	0.06820	0.01114	0.00303	0.00490	0.01549	0.04526	0.00761
9	0.01900	0.31038	0.21084	0.02005	0.07109	0.07855	0.04454	0.02341	0.01624	0.02088	0.01329	0.04057	0.01167	0.00830	0.00839	0.00222	0.08088	0.00596	0.00357	0.01019
10	0.01769	0.01319	0.01592	0.07444	0.02026	0.01426	0.01136	0.08560	0.22122	0.07656	0.02689	0.12421	0.02387	0.07626	0.10087	0.00423	0.00854	0.01003	0.00652	0.06808
11	0.01401	0.01130	0.01659	0.04543	0.01833	0.01127	0.11651	0.01920	0.09476	0.02322	0.02998	0.11187	0.08238	0.17526	0.01507	0.00358	0.00692	0.01100	0.15785	0.03545
12	0.01908	0.01235	0.01427	0.01268	0.01564	0.01269	0.00943	0.17675	0.07015	0.11918	0.03200	0.21735	0.06200	0.17186	0.01538	0.00373	0.00655	0.01265	0.00717	0.00908
13	0.01872	0.01657	0.02699	0.12165	0.02959	0.01837	0.19948	0.13548	0.01911	0.02688	0.01584	0.02086	0.01259	0.01047	0.01301	0.06545	0.13997	0.00757	0.09205	0.00937
14	0.01543	0.01440	0.02326	0.59249	0.09428	0.01752	0.02076	0.02224	0.08094	0.02147	0.01562	0.02140	0.01181	0.00797	0.00776	0.00257	0.00983	0.00708	0.00392	0.00924
15	0.11970	0.01674	0.02258	0.28819	0.07888	0.04430	0.06817	0.12860	0.04978	0.02835	0.01847	0.02201	0.04203	0.00850	0.00744	0.00246	0.00906	0.00719	0.02774	0.00980
16	0.01675	0.00951	0.01174	0.01082	0.01353	0.00893	0.00813	0.02090	0.07149	0.17254	0.20249	0.16702	0.12182	0.05816	0.01041	0.00285	0.00493	0.01325	0.06615	0.00859
17	0.35627	0.01846	0.05155	0.04774	0.04621	0.01938	0.01300	0.21873	0.07086	0.06575	0.01609	0.01711	0.01182	0.00823	0.00645	0.00240	0.00742	0.00587	0.00598	0.01069
18	0.02035	0.01604	0.01850	0.11148	0.02453	0.01815	0.01338	0.13193	0.37804	0.07216	0.06176	0.02933	0.04882	0.01053	0.00796	0.00255	0.00691	0.00874	0.00736	0.01148

[dist]
# distance from previous block
# <min> <max>
0	3

[block]
# block no. 1 follows, 25 sequences, length 7
# corresponding to MSA columns:
# 85-91
name=unknown_B
#
# <colnr> <probs for GDERKNQSTAVLIFYWHMCP>
#	G	D	E	R	K	N	Q	S	T	A	V	L	I	F	Y	W	H	M	C	P
0	0.02156	0.11172	0.08964	0.02148	0.10683	0.11961	0.04997	0.14047	0.14021	0.02945	0.07587	0.02250	0.01901	0.00894	0.00747	0.00229	0.00905	0.00727	0.00561	0.01105
1	0.02308	0.04625	0.01810	0.05068	0.02021	0.06497	0.01176	0.05780	0.11066	0.23949	0.13014	0.03167	0.06796	0.01104	0.00878	0.00239	0.04452	0.00882	0.00738	0.04429
2	0.05829	0.01359	0.05159	0.01256	0.01654	0.01239	0.01034	0.07884	0.11346	0.11588	0.26612	0.03811	0.03865	0.07783	0.01092	0.00284	0.00588	0.00999	0.00741	0.05876
3	0.02718	0.01204	0.01640	0.05549	0.01978	0.01078	0.01086	0.03033	0.02095	0.46052	0.14742	0.03241	0.02862	0.04188	0.00933	0.00258	0.00628	0.00888	0.00856	0.04972
4	0.02434	0.01241	0.01650	0.01566	0.07545	0.01167	0.01132	0.02976	0.09534	0.34628	0.13082	0.03646	0.07063	0.01149	0.00807	0.00245	0.00601	0.03323	0.05099	0.01112
5	0.02047	0.02061	0.09670	0.07735	0.20139	0.01897	0.20595	0.08036	0.01913	0.09011	0.01628	0.01996	0.01231	0.00800	0.00978	0.00254	0.07670	0.00753	0.00464	0.01122
6	0.08909	0.01874	0.09417	0.04896	0.04786	0.04263	0.01433	0.05098	0.18212	0.23697	0.02345	0.02264	0.01651	0.00881	0.00731	0.00235	0.00754	0.00704	0.00686	0.07164

[dist]
# distance from previous block
# <min> <max>
0	13

[block]
# block no. 2 follows, 25 sequences, length 100
# corresponding to MSA columns:
# 105-204
name=unknown_C
#
# <colnr> <probs for GDERKNQSTAVLIFYWHMCP>
#	G	D	E	R	K	N	Q	S	T	A	V	L	I	F	Y	W	H	M	C	P
0	0.01799	0.02645	0.34282	0.01970	0.06252	0.01595	0.02025	0.04363	0.01760	0.10220	0.07925	0.02337	0.01821	0.04240	0.01074	0.00267	0.07710	0.00715	0.00486	0.06513
1	0.02181	0.01798	0.02675	0.03389	0.38960	0.04613	0.04648	0.05686	0.07188	0.12022	0.04408	0.02219	0.01644	0.00802	0.00772	0.00230	0.00856	0.00738	0.00539	0.04630
2	0.15618	0.34209	0.05740	0.01590	0.05066	0.15623	0.01355	0.02504	0.04590	0.02267	0.01518	0.01667	0.03900	0.00778	0.00588	0.00201	0.00890	0.00525	0.00411	0.00962
3	0.47817	0.04872	0.09550	0.01447	0.04940	0.01794	0.01251	0.05381	0.05261	0.09223	0.01467	0.01580	0.01088	0.00768	0.00583	0.00238	0.00707	0.00522	0.00526	0.00988
4	0.08443	0.01522	0.02030	0.24672	0.11913	0.03775	0.01583	0.07991	0.01804	0.02627	0.06572	0.02288	0.01668	0.03221	0.00921	0.00248	0.04539	0.00705	0.03953	0.09525
5	0.01764	0.02034	0.11843	0.11893	0.45523	0.01768	0.05343	0.02284	0.01712	0.02428	0.01585	0.05400	0.01364	0.00791	0.00782	0.00241	0.00960	0.00761	0.00389	0.01136
6	0.02771	0.01987	0.02158	0.01664	0.02265	0.02143	0.01367	0.51744	0.06252	0.08146	0.01974	0.01969	0.01411	0.00909	0.00752	0.00223	0.00792	0.00693	0.03393	0.07389
7	0.01035	0.00713	0.00873	0.00964	0.00987	0.00690	0.00596	0.01103	0.01308	0.01744	0.03368	0.39016	0.03986	0.37216	0.02452	0.00531	0.00599	0.01672	0.00596	0.00551
8	0.01684	0.04015	0.01948	0.01612	0.01868	0.01671	0.04203	0.15332	0.01808	0.02525	0.01910	0.07483	0.01777	0.03152	0.30006	0.00684	0.16084	0.00860	0.00495	0.00883
9	0.02408	0.08103	0.08148	0.01605	0.04843	0.01536	0.01352	0.05891	0.13527	0.28040	0.07912	0.06195	0.02458	0.01082	0.00783	0.00246	0.00700	0.03270	0.00751	0.01150
10	0.00998	0.00734	0.00935	0.01000	0.01126	0.00671	0.00706	0.01227	0.01788	0.02415	0.28281	0.38543	0.14615	0.02051	0.00952	0.00281	0.00411	0.01827	0.00770	0.00671
11	0.01637	0.01757	0.03638	0.05278	0.03422	0.01693	0.46622	0.02169	0.01739	0.02353	0.02118	0.13720	0.01984	0.01051	0.00988	0.00278	0.03600	0.04548	0.00459	0.00947
12	0.01882	0.07679	0.30215	0.01614	0.02333	0.01449	0.01772	0.02452	0.01917	0.16926	0.20439	0.03001	0.02979	0.01020	0.00778	0.00238	0.00796	0.00841	0.00614	0.01055
13	0.01644	0.07483	0.52972	0.02501	0.09503	0.01890	0.08457	0.02443	0.01664	0.02430	0.01397	0.01684	0.01024	0.00721	0.00743	0.00241	0.01122	0.00607	0.00339	0.01136
14	0.01544	0.01428	0.02352	0.65750	0.07208	0.01756	0.02131	0.04769	0.01649	0.02126	0.01402	0.02053	0.01052	0.00779	0.00775	0.00256	0.01022	0.00690	0.00365	0.00893
15	0.05168	0.01665	0.03170	0.17676	0.06391	0.01715	0.32229	0.02125	0.01656	0.02301	0.01920	0.05638	0.03609	0.04688	0.01103	0.00293	0.04406	0.02902	0.00422	0.00922
16	0.01715	0.06958	0.55672	0.02223	0.03281	0.01839	0.08716	0.02527	0.01686	0.06159	0.01488	0.01719	0.01055	0.00738	0.00745	0.00243	0.01119	0.00610	0.00370	0.01139
17	0.01782	0.02137	0.08002	0.09209	0.04127	0.01931	0.55994	0.02437	0.01794	0.02437	0.01542	0.02064	0.01153	0.00669	0.00893	0.00260	0.01274	0.00876	0.00384	0.01035
18	0.03479	0.01320	0.01799	0.01380	0.01979	0.01140	0.01140	0.03779	0.02219	0.68451	0.03059	0.02639	0.01919	0.00960	0.00780	0.00240	0.00660	0.00780	0.00960	0.01320
19	0.01732	0.03763	0.62580	0.02134	0.03229	0.01740	0.02706	0.02577	0.01691	0.08522	0.01545	0.01729	0.01068	0.00757	0.00741	0.00245	0.01101	0.00592	0.00386	0.01162
20	0.01535	0.01450	0.02453	0.60626	0.15050	0.01741	0.02188	0.02043	0.01584	0.02067	0.01391	0.02044	0.01064	0.00762	0.00774	0.00254	0.01016	0.00689	0.00351	0.00918
21	0.02947	0.02172	0.02327	0.01784	0.02404	0.02404	0.01474	0.65329	0.03646	0.04887	0.01862	0.01862	0.01319	0.00931	0.00776	0.00233	0.00853	0.00698	0.00776	0.01319
22	0.01090	0.00787	0.01030	0.00980	0.01157	0.00727	0.00731	0.01445	0.02162	0.03057	0.64571	0.08875	0.07214	0.01624	0.00918	0.00247	0.00370	0.01439	0.00847	0.00727
23	0.00945	0.00675	0.00900	0.01080	0.01125	0.00630	0.00720	0.01080	0.01484	0.01979	0.04274	0.72245	0.05128	0.02429	0.00990	0.00315	0.00450	0.02204	0.00720	0.00630
24	0.00924	0.00786	0.00796	0.00794	0.01052	0.00658	0.00595	0.01128	0.01786	0.02138	0.10416	0.07390	0.65011	0.01947	0.00916	0.00261	0.00392	0.01626	0.00726	0.00658
25	0.06908	0.02418	0.02240	0.01783	0.02355	0.14805	0.01445	0.50493	0.03255	0.04259	0.01698	0.01744	0.01234	0.00895	0.00746	0.00227	0.00941	0.00647	0.00690	0.01216
26	0.01428	0.00728	0.00750	0.00750	0.00929	0.00736	0.00565	0.01784	0.01606	0.02833	0.02505	0.02899	0.01985	0.01162	0.04188	0.00237	0.00452	0.00728	0.73013	0.00721
27	0.01679	0.01580	0.02292	0.01739	0.02287	0.03054	0.14474	0.04462	0.01684	0.02456	0.01691	0.09105	0.01557	0.00900	0.00942	0.00201	0.09431	0.00774	0.00469	0.39224
28	0.02586	0.01893	0.02132	0.01646	0.02216	0.02024	0.01352	0.40596	0.05147	0.09090	0.01834	0.01896	0.01343	0.00907	0.00895	0.00221	0.07026	0.00663	0.00691	0.15840
29	0.07463	0.02029	0.02570	0.22717	0.31297	0.13963	0.02015	0.04611	0.01816	0.02413	0.01376	0.01819	0.01107	0.00745	0.00737	0.00234	0.01013	0.00637	0.00396	0.01040
30	0.01708	0.01502	0.01525	0.01384	0.01768	0.04073	0.01062	0.03249	0.45372	0.02882	0.06059	0.03819	0.14148	0.04540	0.00953	0.00278	0.00600	0.01016	0.00740	0.03324
31	0.02676	0.02742	0.02171	0.04988	0.02429	0.34072	0.01476	0.24091	0.05085	0.03013	0.01560	0.01730	0.01209	0.00889	0.00829	0.00223	0.05071	0.00611	0.04093	0.01041
32	0.01608	0.03600	0.56267	0.02478	0.09217	0.01844	0.05387	0.02416	0.01632	0.02430	0.01384	0.01685	0.01015	0.00764	0.00849	0.00250	0.05100	0.00604	0.00336	0.01132
33	0.01930	0.02043	0.06066	0.07334	0.53086	0.05678	0.07714	0.02414	0.01780	0.02465	0.01447	0.01899	0.01191	0.00700	0.00775	0.00233	0.00996	0.00694	0.00381	0.01174
34	0.01828	0.01731	0.02844	0.17856	0.48750	0.01826	0.02220	0.02470	0.08084	0.02491	0.01609	0.02045	0.01301	0.00743	0.00771	0.00239	0.00914	0.00709	0.00416	0.01154
35	0.01090	0.00753	0.00840	0.00848	0.00886	0.00733	0.00498	0.01123	0.01232	0.01607	0.03275	0.08463	0.11890	0.59751	0.03392	0.00664	0.00688	0.01247	0.00516	0.00503
36	0.00962	0.00687	0.00918	0.01086	0.01142	0.00643	0.00737	0.01115	0.01528	0.02044	0.07300	0.67014	0.05212	0.02379	0.00989	0.00313	0.00454	0.04114	0.00726	0.00637
37	0.02165	0.11647	0.03058	0.03712	0.45813	0.12484	0.02043	0.02549	0.01829	0.05468	0.01443	0.01782	0.01194	0.00717	0.00721	0.00217	0.00970	0.00628	0.00407	0.01150
38	0.01300	0.01097	0.01367	0.01303	0.01397	0.04754	0.00978	0.01482	0.01255	0.01736	0.01962	0.03288	0.01979	0.22720	0.37922	0.00916	0.12589	0.00869	0.00417	0.00668
39	0.00977	0.00711	0.00914	0.01064	0.01145	0.00662	0.00739	0.01133	0.01529	0.02002	0.04613	0.55503	0.12627	0.05612	0.01125	0.00332	0.00480	0.07489	0.00708	0.00633
40	0.02841	0.02060	0.02226	0.01732	0.02320	0.02268	0.01421	0.58311	0.05725	0.06794	0.02053	0.05022	0.01543	0.01002	0.00786	0.00238	0.00821	0.00773	0.00780	0.01285
41	0.01928	0.01834	0.02654	0.27026	0.32389	0.06589	0.02100	0.08365	0.04904	0.02555	0.01530	0.01974	0.01206	0.00767	0.00767	0.00240	0.00973	0.00686	0.00427	0.01087
42	0.01597	0.01550	0.02184	0.01902	0.01926	0.02138	0.01574	0.01785	0.01197	0.01855	0.01196	0.01924	0.01173	0.02109	0.13871	0.00492	0.59648	0.00704	0.00352	0.00822
43	0.78228	0.01499	0.01140	0.01020	0.01499	0.01739	0.00840	0.02279	0.01320	0.03479	0.01080	0.01260	0.00840	0.00720	0.00480	0.00240	0.00600	0.00420	0.00480	0.00840
44	0.01968	0.54559	0.05860	0.01438	0.02014	0.02765	0.01387	0.02412	0.07423	0.02026	0.03734	0.01620	0.01355	0.00804	0.00750	0.00197	0.07772	0.00525	0.00393	0.00997
45	0.00947	0.00787	0.00828	0.00818	0.01066	0.00668	0.00613	0.01172	0.01840	0.02267	0.17966	0.07179	0.57381	0.01900	0.00916	0.00259	0.00388	0.01597	0.00743	0.00668
46	0.02337	0.02723	0.02789	0.09354	0.22684	0.34526	0.09660	0.02701	0.01962	0.02170	0.01339	0.01703	0.01093	0.00746	0.00753	0.00222	0.01209	0.00626	0.00389	0.01013
47	0.02181	0.02322	0.02778	0.03758	0.44951	0.19949	0.02049	0.02715	0.07257	0.02422	0.01530	0.01861	0.01261	0.00750	0.00751	0.00225	0.01023	0.00655	0.00422	0.01140
48	0.01348	0.01025	0.01389	0.01301	0.01409	0.01263	0.01029	0.01608	0.01324	0.02086	0.01932	0.02734	0.01746	0.06004	0.31886	0.00717	0.19591	0.00775	0.20099	0.00732
49	0.01128	0.00752	0.00846	0.00846	0.00846	0.00752	0.00470	0.01128	0.01128	0.01503	0.02443	0.05074	0.02819	0.72751	0.03946	0.00752	0.00752	0.01128	0.00470	0.00470
50	0.01167	0.00797	0.00891	0.00882	0.00904	0.00810	0.00507	0.01276	0.04375	0.01590	0.02478	0.04966	0.02796	0.69190	0.03790	0.00727	0.00745	0.01115	0.00486	0.00507
51	0.01108	0.00831	0.01246	0.01246	0.01385	0.00969	0.00969	0.01385	0.01246	0.01800	0.02077	0.03046	0.01938	0.05815	0.69678	0.01246	0.02077	0.00831	0.00415	0.00692
52	0.01664	0.06861	0.57212	0.02254	0.03312	0.05021	0.08163	0.02482	0.01677	0.02404	0.01384	0.01648	0.01000	0.00729	0.00740	0.00241	0.01158	0.00592	0.00337	0.01119
53	0.02853	0.02125	0.02274	0.01765	0.02369	0.02361	0.01451	0.59673	0.09454	0.04735	0.01981	0.01957	0.01415	0.00942	0.00777	0.00235	0.00831	0.00715	0.00777	0.01310
54	0.01380	0.04273	0.01416	0.01281	0.01435	0.01129	0.00943	0.01516	0.01398	0.01952	0.02563	0.03880	0.05169	0.20855	0.45847	0.01042	0.01660	0.00977	0.00513	0.00770
55	0.74761	0.04764	0.01273	0.01034	0.01522	0.01800	0.00862	0.02281	0.01331	0.03403	0.01080	0.01259	0.00847	0.00717	0.00481	0.00237	0.00610	0.00420	0.00473	0.00847
56	0.01479	0.01074	0.01297	0.01238	0.01503	0.01100	0.00974	0.04910	0.15594	0.05938	0.27519	0.08534	0.07800	0.04038	0.01015	0.00291	0.00541	0.13500	0.00788	0.00868
57	0.01199	0.00973	0.01335	0.01311	0.01452	0.03408	0.01024	0.01468	0.01276	0.01807	0.01994	0.02922	0.01860	0.05421	0.63964	0.01165	0.05493	0.00812	0.00411	0.00707
58	0.03479	0.01320	0.01799	0.01380	0.01979	0.01140	0.01140	0.03779	0.02219	0.68451	0.03059	0.02639	0.01919	0.00960	0.00780	0.00240	0.00660	0.00780	0.00960	0.01320
59	0.01089	0.00786	0.01029	0.00981	0.01157	0.00726	0.00731	0.01443	0.02157	0.03050	0.64170	0.09297	0.07201	0.01630	0.00918	0.00248	0.00370	0.01445	0.00846	0.00726
60	0.01089	0.00792	0.01024	0.00966	0.01153	0.00728	0.00725	0.01446	0.02174	0.03061	0.64645	0.05872	0.10206	0.01603	0.00915	0.00245	0.00367	0.01413	0.00847	0.00728
61	0.01555	0.04011	0.68733	0.02210	0.03356	0.01801	0.02865	0.02455	0.01637	0.02455	0.01391	0.01637	0.00982	0.00737	0.00737	0.00246	0.01146	0.00573	0.00327	0.01146
62	0.01127	0.00755	0.00865	0.00865	0.00872	0.00762	0.00494	0.01140	0.01133	0.01518	0.02425	0.04977	0.02777	0.69542	0.07098	0.00775	0.00815	0.01113	0.00467	0.00480
63	0.03113	0.01691	0.02003	0.01559	0.02151	0.01719	0.01281	0.28159	0.09257	0.36742	0.02595	0.02357	0.01727	0.00958	0.00779	0.00239	0.00732	0.00757	0.00870	0.01310
64	0.02537	0.06502	0.02461	0.04254	0.13782	0.22995	0.01621	0.23459	0.05221	0.03079	0.01575	0.01766	0.01231	0.00847	0.00786	0.00222	0.03283	0.00627	0.02646	0.01107
65	0.01764	0.01796	0.03014	0.32511	0.25405	0.05646	0.14146	0.02270	0.01710	0.02252	0.01430	0.01986	0.01122	0.00726	0.00795	0.00246	0.01069	0.00722	0.00370	0.01019
66	0.01783	0.34424	0.40313	0.01822	0.02756	0.02358	0.02189	0.02397	0.01610	0.02178	0.01254	0.01464	0.00988	0.00704	0.00632	0.00211	0.01007	0.00503	0.00329	0.01080
67	0.25367	0.02139	0.01959	0.01580	0.02134	0.09600	0.01288	0.39703	0.02793	0.04138	0.01556	0.01631	0.01141	0.00853	0.00679	0.00231	0.00838	0.00593	0.00646	0.01130
68	0.01047	0.00783	0.00971	0.00939	0.01131	0.00708	0.00699	0.01360	0.02053	0.02809	0.50032	0.10428	0.20737	0.01724	0.00920	0.00252	0.00377	0.01506	0.00815	0.00708
69	0.02791	0.01496	0.01944	0.01531	0.02057	0.01466	0.04764	0.17248	0.07226	0.35665	0.06570	0.05741	0.02276	0.04374	0.00951	0.00268	0.00714	0.00891	0.00834	0.01193
70	0.02994	0.02097	0.02281	0.01749	0.02367	0.02294	0.01445	0.59959	0.03521	0.10432	0.01966	0.01929	0.01371	0.00933	0.00776	0.00233	0.00836	0.00705	0.00792	0.01319
71	0.00957	0.00690	0.00907	0.01057	0.01124	0.00640	0.00715	0.01115	0.01560	0.02085	0.10080	0.63456	0.08074	0.02333	0.00980	0.00306	0.00440	0.02108	0.00732	0.00640
72	0.01251	0.01061	0.01602	0.01907	0.13411	0.01100	0.03613	0.01460	0.01497	0.02052	0.03266	0.41857	0.05493	0.07543	0.01349	0.00333	0.08241	0.01612	0.00585	0.00766
73	0.08552	0.17311	0.45035	0.01928	0.02885	0.02023	0.04312	0.02470	0.01627	0.05214	0.01378	0.01583	0.01018	0.00727	0.00674	0.00230	0.01019	0.00548	0.00371	0.01093
74	0.22680	0.05593	0.09586	0.07838	0.02472	0.08055	0.01487	0.20390	0.04442	0.08171	0.01591	0.01716	0.01163	0.00820	0.00673	0.00234	0.00861	0.00590	0.00566	0.01074
75	0.02824	0.01287	0.01619	0.01315	0.01812	0.01220	0.01061	0.03497	0.14446	0.44828	0.05283	0.02833	0.02205	0.00992	0.00754	0.00236	0.00600	0.00813	0.11174	0.01201
76	0.09833	0.01602	0.01770	0.01457	0.01966	0.01704	0.01174	0.19065	0.21277	0.20583	0.06211	0.02770	0.05069	0.01035	0.00766	0.00246	0.00662	0.00825	0.00801	0.01185
77	0.00929	0.00774	0.00799	0.00815	0.01045	0.00657	0.00595	0.01110	0.01711	0.02056	0.07272	0.13192	0.58858	0.05399	0.01068	0.00290	0.00415	0.01663	0.00708	0.00643
78	0.01608	0.01378	0.01608	0.01148	0.01837	0.01034	0.00919	0.01952	0.01608	0.02527	0.01378	0.01608	0.01148	0.00574	0.00574	0.00115	0.00574	0.00459	0.00459	0.77491
79	0.05534	0.02162	0.02203	0.01744	0.02300	0.08085	0.01424	0.46547	0.06524	0.09496	0.01902	0.01910	0.01364	0.00940	0.00842	0.00237	0.04134	0.00686	0.00728	0.01239
80	0.07393	0.00974	0.01004	0.00976	0.01180	0.04212	0.00714	0.01490	0.01843	0.02608	0.31386	0.11567	0.17893	0.08064	0.01132	0.00295	0.00484	0.01340	0.04745	0.00699
81	0.02532	0.05840	0.05443	0.02135	0.02767	0.17659	0.15813	0.28834	0.02643	0.03323	0.01568	0.01759	0.01178	0.00803	0.00766	0.00224	0.01079	0.00673	0.00552	0.04410
82	0.01741	0.01770	0.02368	0.02034	0.02049	0.04869	0.01689	0.01912	0.01225	0.01867	0.01025	0.01685	0.01017	0.01336	0.02476	0.00334	0.68738	0.00672	0.00342	0.00850
83	0.01584	0.06506	0.63971	0.02216	0.03331	0.01854	0.05101	0.02452	0.01642	0.02433	0.01386	0.01639	0.00990	0.00731	0.00734	0.00243	0.01140	0.00580	0.00330	0.01137
84	0.03016	0.01609	0.01902	0.01479	0.02033	0.01621	0.01209	0.29193	0.02729	0.34496	0.02497	0.02424	0.01707	0.03589	0.00877	0.00251	0.00721	0.00754	0.06653	0.01242
85	0.02167	0.01259	0.01558	0.01391	0.01779	0.01257	0.01137	0.11162	0.10186	0.22081	0.09448	0.09265	0.05687	0.01459	0.00885	0.00277	0.00643	0.16513	0.00817	0.01030
86	0.01097	0.00793	0.01036	0.00975	0.01158	0.00732	0.00732	0.01463	0.02195	0.03109	0.67505	0.05792	0.07316	0.01585	0.00914	0.00244	0.00366	0.01402	0.00854	0.00732
87	0.01608	0.01378	0.01608	0.01148	0.01837	0.01034	0.00919	0.01952	0.01608	0.02527	0.01378	0.01608	0.01148	0.00574	0.00574	0.00115	0.00574	0.00459	0.00459	0.77491
88	0.01116	0.00751	0.00869	0.00879	0.00888	0.00756	0.00509	0.01138	0.01154	0.01545	0.02528	0.08770	0.02906	0.65451	0.07044	0.00752	0.00800	0.01174	0.00481	0.00490
89	0.01893	0.01816	0.03101	0.08497	0.64377	0.01835	0.02367	0.02357	0.01753	0.02502	0.01454	0.01927	0.01217	0.00696	0.00768	0.00232	0.00927	0.00691	0.00382	0.01207
90	0.02947	0.02172	0.02327	0.01784	0.02404	0.02404	0.01474	0.65329	0.03646	0.04887	0.01862	0.01862	0.01319	0.00931	0.00776	0.00233	0.00853	0.00698	0.00776	0.01319
91	0.01464	0.01378	0.02326	0.70887	0.05340	0.01723	0.02153	0.01981	0.01550	0.01981	0.01378	0.02067	0.01034	0.00775	0.00775	0.00258	0.01034	0.00689	0.00345	0.00861
92	0.00951	0.00680	0.00906	0.01075	0.01126	0.00634	0.00720	0.01097	0.01516	0.02029	0.07057	0.69319	0.05225	0.02392	0.00986	0.00312	0.00446	0.02169	0.00726	0.00634
93	0.00960	0.00686	0.00917	0.01097	0.01149	0.00643	0.00746	0.01106	0.01499	0.01996	0.04265	0.69091	0.05095	0.02415	0.00994	0.00317	0.00463	0.05209	0.00719	0.00634
94	0.02757	0.02077	0.02220	0.01746	0.02332	0.02316	0.01428	0.53915	0.15368	0.04580	0.02103	0.02054	0.01514	0.00953	0.00778	0.00238	0.00809	0.00731	0.00778	0.01302
95	0.00969	0.00691	0.00916	0.01077	0.01132	0.00648	0.00729	0.01119	0.01519	0.02033	0.07535	0.64174	0.05137	0.04966	0.01097	0.00329	0.00465	0.04114	0.00717	0.00632
96	0.01754	0.01619	0.02647	0.39822	0.29572	0.01821	0.02190	0.06924	0.01793	0.02416	0.01446	0.01994	0.01131	0.00754	0.00772	0.00245	0.00976	0.00690	0.00392	0.01039
97	0.06277	0.02613	0.01919	0.01706	0.02085	0.36372	0.01296	0.13835	0.07970	0.02556	0.01625	0.04499	0.01377	0.01158	0.01033	0.10544	0.01058	0.00654	0.00509	0.00914
98	0.01544	0.04763	0.01544	0.01361	0.01613	0.09868	0.01033	0.02133	0.14553	0.02301	0.06853	0.26102	0.09947	0.01589	0.01003	0.00267	0.07176	0.01318	0.00635	0.04397
99	0.28940	0.13369	0.02158	0.01594	0.05005	0.11477	0.01257	0.12897	0.05159	0.06182	0.01436	0.01572	0.01118	0.00812	0.00699	0.00227	0.04027	0.00540	0.00521	0.01012

[dist]
# distance from previous block
# <min> <max>
5	9

[block]
# block no. 3 follows, 25 sequences, length 98
# corresponding to MSA columns:
# 214-311
name=unknown_D
#
# <colnr> <probs for GDERKNQSTAVLIFYWHMCP>
#	G	D	E	R	K	N	Q	S	T	A	V	L	I	F	Y	W	H	M	C	P
0	0.19582	0.04088	0.01819	0.04050	0.02063	0.05822	0.01198	0.20415	0.11716	0.11469	0.02348	0.05297	0.04924	0.01000	0.00714	0.00242	0.00734	0.00764	0.00675	0.01081
1	0.01386	0.01189	0.01767	0.01609	0.05823	0.01104	0.09282	0.04401	0.01763	0.02441	0.11489	0.19039	0.11554	0.01599	0.03210	0.02802	0.02442	0.01238	0.00595	0.15267
2	0.01773	0.01840	0.03144	0.03100	0.22610	0.06126	0.25983	0.02230	0.01761	0.02388	0.01898	0.12478	0.01771	0.00933	0.00834	0.00242	0.00996	0.00969	0.00446	0.08476
3	0.01356	0.00788	0.00879	0.03278	0.01121	0.00799	0.00635	0.03269	0.01590	0.02552	0.05738	0.10257	0.02669	0.15582	0.01305	0.00316	0.00486	0.00981	0.45715	0.00684
4	0.01696	0.01826	0.03684	0.05316	0.07734	0.01825	0.43296	0.02211	0.01698	0.02334	0.01832	0.10868	0.01654	0.00965	0.01098	0.00275	0.09259	0.01027	0.00425	0.00976
5	0.01838	0.01888	0.08759	0.01516	0.04810	0.07092	0.01261	0.05204	0.01807	0.04905	0.03664	0.01794	0.01363	0.00680	0.00638	0.00155	0.00728	0.00539	0.00483	0.50877
6	0.01748	0.01960	0.04234	0.03065	0.03781	0.01837	0.59128	0.02353	0.01798	0.02437	0.01819	0.08597	0.01543	0.00818	0.00922	0.00266	0.01228	0.01035	0.00423	0.01007
7	0.02116	0.01677	0.01848	0.05092	0.02202	0.01897	0.01287	0.17881	0.41270	0.05740	0.02853	0.08142	0.02262	0.01117	0.00801	0.00259	0.00679	0.00929	0.00764	0.01185
8	0.02242	0.01700	0.01871	0.01512	0.02071	0.01773	0.01210	0.19438	0.29376	0.08804	0.02385	0.02296	0.01766	0.00898	0.00733	0.00218	0.00670	0.00722	0.00720	0.19598
9	0.01207	0.00884	0.01055	0.00990	0.01265	0.00768	0.00761	0.01482	0.01864	0.05409	0.24288	0.09594	0.27081	0.04053	0.00989	0.00266	0.00463	0.07125	0.00732	0.09724
10	0.02105	0.01784	0.01889	0.01425	0.02054	0.06045	0.01150	0.21377	0.02257	0.03186	0.01503	0.01674	0.01187	0.00721	0.00702	0.00163	0.02794	0.00541	0.00548	0.46896
11	0.01012	0.00827	0.00876	0.00871	0.01105	0.00737	0.00647	0.01300	0.04633	0.02189	0.12273	0.06938	0.50528	0.08606	0.01204	0.00311	0.00448	0.04112	0.00711	0.00672
12	0.07743	0.10154	0.02287	0.01818	0.02268	0.48267	0.01415	0.07719	0.07156	0.02324	0.01380	0.01524	0.01118	0.00810	0.00677	0.00206	0.01187	0.00530	0.00456	0.00961
13	0.01693	0.15655	0.47912	0.02226	0.06403	0.02036	0.06181	0.02493	0.04087	0.02382	0.01418	0.01658	0.01061	0.00729	0.00709	0.00233	0.01069	0.00583	0.00352	0.01121
14	0.00943	0.00682	0.00892	0.01060	0.01119	0.00631	0.00711	0.01082	0.01503	0.01987	0.04511	0.67945	0.09274	0.02398	0.00985	0.00311	0.00446	0.02167	0.00720	0.00631
15	0.01040	0.00881	0.00910	0.00886	0.01161	0.00798	0.00669	0.01466	0.08800	0.02300	0.12103	0.06835	0.55742	0.01835	0.00902	0.00261	0.00414	0.01536	0.00738	0.00723
16	0.01900	0.02206	0.06150	0.06424	0.13921	0.09825	0.37505	0.02435	0.01807	0.02357	0.01588	0.04914	0.01312	0.00783	0.00908	0.00253	0.03431	0.00854	0.00399	0.01029
17	0.01589	0.01573	0.02634	0.44297	0.11573	0.03998	0.10844	0.02068	0.01615	0.02105	0.01585	0.06674	0.01345	0.00884	0.00879	0.00261	0.03966	0.00815	0.00382	0.00913
18	0.00945	0.00675	0.00900	0.01080	0.01125	0.00630	0.00720	0.01080	0.01484	0.01979	0.04274	0.72245	0.05128	0.02429	0.00990	0.00315	0.00450	0.02204	0.00720	0.00630
19	0.02875	0.01976	0.02173	0.01692	0.02272	0.02144	0.01386	0.54110	0.03341	0.11876	0.02157	0.06620	0.01639	0.01033	0.00790	0.00239	0.00805	0.00807	0.00793	0.01273
20	0.01968	0.01905	0.05390	0.21980	0.31462	0.04698	0.07993	0.07572	0.01901	0.05429	0.01537	0.01969	0.01189	0.00748	0.00780	0.00241	0.00999	0.00703	0.00430	0.01106
21	0.01710	0.03229	0.46501	0.02528	0.10639	0.01743	0.10760	0.02475	0.01702	0.05345	0.01552	0.01836	0.01127	0.00739	0.00756	0.00242	0.01081	0.00648	0.04260	0.01128
22	0.01844	0.22714	0.34867	0.02193	0.09506	0.04214	0.02212	0.05045	0.01705	0.02336	0.01301	0.01564	0.01028	0.00763	0.00794	0.00226	0.05688	0.00551	0.00356	0.01093
23	0.02833	0.02193	0.02257	0.01772	0.02361	0.05761	0.01448	0.55444	0.10484	0.04554	0.01970	0.01951	0.01418	0.00937	0.00773	0.00234	0.00855	0.00708	0.00758	0.01287
24	0.00994	0.00786	0.00886	0.00890	0.01104	0.00692	0.00666	0.01231	0.01836	0.02338	0.22634	0.10284	0.42234	0.05057	0.01064	0.00287	0.00424	0.05181	0.00743	0.00668
25	0.01972	0.58058	0.16014	0.01603	0.04402	0.02793	0.01646	0.02348	0.01593	0.01964	0.01148	0.01339	0.01000	0.00678	0.00551	0.00183	0.00891	0.00453	0.00333	0.01031
26	0.01810	0.04746	0.10657	0.03106	0.05938	0.01994	0.52707	0.02452	0.01779	0.02439	0.01513	0.01999	0.01148	0.00686	0.00932	0.00258	0.03551	0.00849	0.00382	0.01053
27	0.01830	0.02092	0.04575	0.03268	0.04052	0.01961	0.65098	0.02484	0.01830	0.02484	0.01569	0.02092	0.01176	0.00654	0.00915	0.00261	0.01307	0.00915	0.00392	0.01046
28	0.00974	0.00760	0.00891	0.00973	0.01146	0.00678	0.00720	0.01175	0.01687	0.02120	0.08401	0.30036	0.35960	0.02133	0.00961	0.00291	0.00451	0.09263	0.00724	0.00656
29	0.04404	0.01520	0.02148	0.01767	0.02188	0.01624	0.13729	0.10912	0.17505	0.02887	0.05870	0.06771	0.09994	0.01586	0.06316	0.00345	0.04679	0.04140	0.00632	0.00984
30	0.02550	0.01730	0.01879	0.01503	0.01999	0.01875	0.01219	0.42604	0.05760	0.08901	0.02252	0.05536	0.01722	0.01004	0.00741	0.00228	0.00712	0.00789	0.15831	0.01164
31	0.00945	0.00675	0.00900	0.01080	0.01125	0.00630	0.00720	0.01080	0.01484	0.01979	0.04274	0.72245	0.05128	0.02429	0.00990	0.00315	0.00450	0.02204	0.00720	0.00630
32	0.02040	0.01671	0.01779	0.01578	0.02031	0.01913	0.01234	0.06659	0.61023	0.06221	0.03097	0.02838	0.02303	0.01043	0.00788	0.00261	0.00626	0.00865	0.00796	0.01235
33	0.01755	0.09682	0.53590	0.02213	0.05969	0.05192	0.02572	0.05870	0.01773	0.02510	0.01384	0.01617	0.01013	0.00742	0.00718	0.00235	0.01105	0.00568	0.00358	0.01134
34	0.02678	0.01562	0.04070	0.01547	0.02098	0.01480	0.03895	0.08991	0.19087	0.34893	0.03136	0.03070	0.05175	0.01059	0.00805	0.00252	0.00697	0.03452	0.00833	0.01221
35	0.01153	0.00877	0.01253	0.01252	0.01360	0.01023	0.00957	0.01391	0.01296	0.01882	0.02383	0.14624	0.02420	0.06712	0.46259	0.00935	0.08109	0.01052	0.04370	0.00691
36	0.01860	0.02282	0.10705	0.03090	0.03901	0.01968	0.55816	0.05667	0.01903	0.02603	0.01566	0.02036	0.01165	0.00676	0.00891	0.00258	0.01268	0.00871	0.00405	0.01069
37	0.00944	0.00678	0.00896	0.01070	0.01122	0.00631	0.00715	0.01081	0.01494	0.01983	0.04391	0.70124	0.07174	0.02414	0.00987	0.00313	0.00448	0.02186	0.00720	0.00631
38	0.01914	0.01657	0.01771	0.03696	0.02118	0.01922	0.01256	0.04055	0.64528	0.03205	0.03101	0.02868	0.02326	0.01043	0.00789	0.00263	0.00626	0.00871	0.00775	0.01216
39	0.01669	0.09574	0.59922	0.02127	0.03194	0.05570	0.02667	0.02479	0.01662	0.02374	0.01356	0.01592	0.00984	0.00734	0.00715	0.00237	0.01134	0.00556	0.00332	0.01120
40	0.01555	0.04011	0.68733	0.02210	0.03356	0.01801	0.02865	0.02455	0.01637	0.02455	0.01391	0.01637	0.00982	0.00737	0.00737	0.00246	0.01146	0.00573	0.00327	0.01146
41	0.02899	0.03629	0.02203	0.01988	0.02397	0.66730	0.01497	0.05788	0.02260	0.02027	0.01227	0.01418	0.01013	0.00805	0.00702	0.00201	0.01375	0.00508	0.00416	0.00917
42	0.01751	0.01347	0.01427	0.01215	0.01610	0.01386	0.00963	0.24300	0.07519	0.03281	0.09436	0.04828	0.32252	0.01460	0.00843	0.00247	0.00571	0.01194	0.03426	0.00944
43	0.01864	0.01485	0.02183	0.48476	0.04262	0.01754	0.01849	0.14559	0.02005	0.06212	0.01647	0.02117	0.01206	0.00825	0.00759	0.00247	0.00930	0.00698	0.05957	0.00966
44	0.00945	0.00675	0.00900	0.01080	0.01125	0.00630	0.00720	0.01080	0.01484	0.01979	0.04274	0.72245	0.05128	0.02429	0.00990	0.00315	0.00450	0.02204	0.00720	0.00630
45	0.01464	0.01378	0.02326	0.70887	0.05340	0.01723	0.02153	0.01981	0.01550	0.01981	0.01378	0.02067	0.01034	0.00775	0.00775	0.00258	0.01034	0.00689	0.00345	0.00861
46	0.01127	0.00755	0.00863	0.00863	0.00868	0.00761	0.00491	0.01138	0.01133	0.01516	0.02428	0.04988	0.02782	0.69924	0.06722	0.00773	0.00808	0.01115	0.00468	0.00479
47	0.00945	0.00675	0.00900	0.01080	0.01125	0.00630	0.00720	0.01080	0.01484	0.01979	0.04274	0.72245	0.05128	0.02429	0.00990	0.00315	0.00450	0.02204	0.00720	0.00630
48	0.01097	0.00793	0.01036	0.00975	0.01158	0.00732	0.00732	0.01463	0.02195	0.03109	0.67505	0.05792	0.07316	0.01585	0.00914	0.00244	0.00366	0.01402	0.00854	0.00732
49	0.01445	0.00723	0.00723	0.00723	0.00903	0.00723	0.00542	0.01807	0.01626	0.02891	0.02529	0.02891	0.01987	0.00903	0.00542	0.00181	0.00361	0.00723	0.77055	0.00723
50	0.02947	0.02172	0.02327	0.01784	0.02404	0.02404	0.01474	0.65329	0.03646	0.04887	0.01862	0.01862	0.01319	0.00931	0.00776	0.00233	0.00853	0.00698	0.00776	0.01319
51	0.00945	0.00675	0.00900	0.01080	0.01125	0.00630	0.00720	0.01080	0.01484	0.01979	0.04274	0.72245	0.05128	0.02429	0.00990	0.00315	0.00450	0.02204	0.00720	0.00630
52	0.00943	0.00681	0.00893	0.01062	0.01120	0.00631	0.00712	0.01082	0.01501	0.01986	0.04485	0.68426	0.08810	0.02402	0.00985	0.00312	0.00446	0.02171	0.00720	0.00631
53	0.06989	0.01924	0.02708	0.19908	0.41031	0.09674	0.02121	0.02361	0.01735	0.02391	0.01384	0.01850	0.01130	0.00725	0.00742	0.00234	0.00982	0.00650	0.00383	0.01077
54	0.02073	0.73217	0.04063	0.01327	0.01990	0.03068	0.01327	0.02322	0.01575	0.01824	0.01078	0.01244	0.00995	0.00663	0.00498	0.00166	0.00829	0.00415	0.00332	0.00995
55	0.00948	0.00780	0.00834	0.00834	0.01070	0.00666	0.00621	0.01169	0.01822	0.02257	0.17570	0.11002	0.53886	0.01928	0.00920	0.00262	0.00392	0.01631	0.00742	0.00666
56	0.03296	0.01351	0.01791	0.01389	0.01966	0.01212	0.01142	0.06809	0.04443	0.60184	0.05823	0.02746	0.02140	0.00989	0.00786	0.00240	0.00655	0.00806	0.00940	0.01291
57	0.15592	0.01393	0.01696	0.01338	0.01900	0.01325	0.01100	0.07096	0.04260	0.49765	0.04773	0.02478	0.01898	0.00942	0.00735	0.00240	0.00650	0.00739	0.00861	0.01218
58	0.03260	0.01413	0.01832	0.01414	0.02010	0.01286	0.01163	0.08806	0.06099	0.56412	0.02891	0.02544	0.01862	0.00946	0.00771	0.00235	0.00669	0.00764	0.00912	0.04712
59	0.01110	0.00820	0.01193	0.01193	0.01313	0.00940	0.00902	0.01350	0.01230	0.01760	0.02126	0.03317	0.02056	0.14762	0.60893	0.01180	0.01900	0.00870	0.00423	0.00663
60	0.01128	0.00752	0.00846	0.00846	0.00846	0.00752	0.00470	0.01128	0.01128	0.01503	0.02443	0.05074	0.02819	0.72751	0.03946	0.00752	0.00752	0.01128	0.00470	0.00470
61	0.01608	0.01378	0.01608	0.01148	0.01837	0.01034	0.00919	0.01952	0.01608	0.02527	0.01378	0.01608	0.01148	0.00574	0.00574	0.00115	0.00574	0.00459	0.00459	0.77491
62	0.01582	0.07541	0.65435	0.02165	0.03286	0.01865	0.02786	0.02449	0.01634	0.02423	0.01375	0.01617	0.00983	0.00733	0.00724	0.00241	0.01130	0.00565	0.00328	0.01138
63	0.01579	0.00851	0.00865	0.00817	0.01037	0.00872	0.00625	0.07449	0.01805	0.03068	0.02470	0.02799	0.01928	0.00906	0.00563	0.00185	0.00405	0.00720	0.70280	0.00776
64	0.01865	0.01584	0.01684	0.01568	0.04634	0.03376	0.01170	0.12458	0.36920	0.03193	0.06850	0.03700	0.15230	0.01218	0.00815	0.00254	0.00627	0.01008	0.00750	0.01096
65	0.00941	0.00786	0.00819	0.00811	0.01062	0.00665	0.00608	0.01159	0.01824	0.02230	0.15811	0.07239	0.59559	0.01913	0.00916	0.00259	0.00389	0.01605	0.00738	0.00665
66	0.01634	0.01542	0.02608	0.42691	0.29590	0.01740	0.02210	0.02123	0.01642	0.02208	0.01505	0.02243	0.01229	0.00790	0.00783	0.00251	0.00979	0.02860	0.00373	0.00999
67	0.01572	0.01340	0.01570	0.01145	0.01799	0.01012	0.00908	0.01905	0.01601	0.02497	0.01535	0.05426	0.01364	0.00674	0.00597	0.00126	0.00567	0.00554	0.00473	0.73336
68	0.01128	0.00752	0.00846	0.00846	0.00846	0.00752	0.00470	0.01128	0.01128	0.01503	0.02443	0.05074	0.02819	0.72751	0.03946	0.00752	0.00752	0.01128	0.00470	0.00470
69	0.78228	0.01499	0.01140	0.01020	0.01499	0.01739	0.00840	0.02279	0.01320	0.03479	0.01080	0.01260	0.00840	0.00720	0.00480	0.00240	0.00600	0.00420	0.00480	0.00840
70	0.02947	0.02172	0.02327	0.01784	0.02404	0.02404	0.01474	0.65329	0.03646	0.04887	0.01862	0.01862	0.01319	0.00931	0.00776	0.00233	0.00853	0.00698	0.00776	0.01319
71	0.02702	0.02050	0.02189	0.01734	0.02311	0.02290	0.01414	0.50609	0.18764	0.04491	0.02173	0.02110	0.01571	0.00960	0.00779	0.00240	0.00796	0.00741	0.00779	0.01297
72	0.01097	0.00793	0.01036	0.00975	0.01158	0.00732	0.00732	0.01463	0.02195	0.03109	0.67505	0.05792	0.07316	0.01585	0.00914	0.00244	0.00366	0.01402	0.00854	0.00732
73	0.02896	0.03695	0.02197	0.01998	0.02397	0.69638	0.01498	0.03096	0.02197	0.01898	0.01199	0.01398	0.00999	0.00799	0.00699	0.00200	0.01398	0.00499	0.00400	0.00899
74	0.60076	0.01658	0.01522	0.01268	0.01788	0.01880	0.03744	0.14723	0.01800	0.03713	0.01255	0.01414	0.00949	0.00759	0.00557	0.00239	0.00680	0.00496	0.00534	0.00943
75	0.01127	0.00755	0.00861	0.00861	0.00866	0.00760	0.00489	0.01137	0.01132	0.01515	0.02429	0.04998	0.02786	0.70230	0.06421	0.00770	0.00802	0.01116	0.00468	0.00478
76	0.78228	0.01499	0.01140	0.01020	0.01499	0.01739	0.00840	0.02279	0.01320	0.03479	0.01080	0.01260	0.00840	0.00720	0.00480	0.00240	0.00600	0.00420	0.00480	0.00840
77	0.01919	0.01842	0.03147	0.04759	0.67914	0.01842	0.02380	0.02380	0.01765	0.02533	0.01458	0.01919	0.01228	0.00691	0.00768	0.00230	0.00921	0.00691	0.00384	0.01228
78	0.00958	0.00684	0.00915	0.01095	0.01146	0.00641	0.00743	0.01103	0.01498	0.01995	0.04266	0.69412	0.05099	0.02416	0.00993	0.00317	0.00462	0.04902	0.00719	0.00634
79	0.78228	0.01499	0.01140	0.01020	0.01499	0.01739	0.00840	0.02279	0.01320	0.03479	0.01080	0.01260	0.00840	0.00720	0.00480	0.00240	0.00600	0.00420	0.00480	0.00840
80	0.01445	0.00723	0.00723	0.00723	0.00903	0.00723	0.00542	0.01807	0.01626	0.02891	0.02529	0.02891	0.01987	0.00903	0.00542	0.00181	0.00361	0.00723	0.77055	0.00723
81	0.02073	0.73217	0.04063	0.01327	0.01990	0.03068	0.01327	0.02322	0.01575	0.01824	0.01078	0.01244	0.00995	0.00663	0.00498	0.00166	0.00829	0.00415	0.00332	0.00995
82	0.00955	0.00683	0.00909	0.01073	0.01127	0.00637	0.00721	0.01105	0.01532	0.02054	0.08470	0.67835	0.05273	0.02373	0.00985	0.00310	0.00444	0.02151	0.00729	0.00637
83	0.02073	0.73217	0.04063	0.01327	0.01990	0.03068	0.01327	0.02322	0.01575	0.01824	0.01078	0.01244	0.00995	0.00663	0.00498	0.00166	0.00829	0.00415	0.00332	0.00995
84	0.01233	0.00881	0.01231	0.01409	0.01580	0.00878	0.01221	0.01578	0.01769	0.02302	0.04114	0.12179	0.04498	0.02157	0.01067	0.00355	0.00700	0.59425	0.00714	0.00709
85	0.01079	0.00751	0.00840	0.00854	0.00900	0.00727	0.00508	0.01121	0.01259	0.01636	0.03465	0.10603	0.13552	0.55834	0.03226	0.00638	0.00670	0.01293	0.00530	0.00512
86	0.00945	0.00675	0.00900	0.01080	0.01125	0.00630	0.00720	0.01080	0.01484	0.01979	0.04274	0.72245	0.05128	0.02429	0.00990	0.00315	0.00450	0.02204	0.00720	0.00630
87	0.02073	0.73217	0.04063	0.01327	0.01990	0.03068	0.01327	0.02322	0.01575	0.01824	0.01078	0.01244	0.00995	0.00663	0.00498	0.00166	0.00829	0.00415	0.00332	0.00995
88	0.00943	0.00681	0.00893	0.01062	0.01120	0.00631	0.00712	0.01082	0.01501	0.01986	0.04485	0.68426	0.08810	0.02402	0.00985	0.00312	0.00446	0.02171	0.00720	0.00631
89	0.02056	0.70086	0.03989	0.01358	0.01992	0.03038	0.01343	0.02302	0.01558	0.01826	0.01075	0.01264	0.00996	0.00694	0.00587	0.00173	0.03916	0.00426	0.00332	0.00989
90	0.47675	0.01659	0.01492	0.01261	0.01772	0.04139	0.01028	0.11578	0.07325	0.13021	0.01657	0.01688	0.01199	0.00815	0.00599	0.00239	0.00673	0.00553	0.00614	0.01012
91	0.01002	0.00838	0.00878	0.00859	0.01120	0.00741	0.00647	0.01340	0.05645	0.02308	0.16119	0.06954	0.55123	0.01856	0.00909	0.00259	0.00402	0.01558	0.00743	0.00699
92	0.02784	0.02067	0.02257	0.01757	0.02325	0.02308	0.01448	0.59010	0.03406	0.04583	0.01848	0.01935	0.01350	0.01269	0.05406	0.00303	0.03239	0.00706	0.00737	0.01262
93	0.59313	0.01497	0.03543	0.01088	0.01581	0.01569	0.00926	0.02361	0.01496	0.10953	0.04254	0.01973	0.05153	0.00855	0.00566	0.00242	0.00605	0.00576	0.00559	0.00891
94	0.05520	0.01357	0.02130	0.29610	0.07577	0.01531	0.06645	0.05610	0.01616	0.04504	0.01851	0.04615	0.04472	0.01253	0.01274	0.13907	0.04475	0.00789	0.00433	0.00831
95	0.06048	0.06403	0.02400	0.02233	0.11575	0.33751	0.01566	0.19201	0.02445	0.05148	0.01462	0.01622	0.01140	0.00813	0.00712	0.00214	0.01099	0.00580	0.00515	0.01072
96	0.01527	0.01217	0.02001	0.01617	0.01991	0.01137	0.16563	0.05040	0.01978	0.07468	0.24661	0.15800	0.07626	0.03900	0.01005	0.00274	0.00679	0.01310	0.00687	0.03520
97	0.01968	0.02014	0.06084	0.09514	0.50857	0.05299	0.02254	0.05659	0.04126	0.02598	0.01516	0.01922	0.01234	0.00730	0.00764	0.00233	0.00951	0.00682	0.00413	0.01183

[dist]
# distance from previous block
# <min> <max>
2	3

[block]
# block no. 4 follows, 25 sequences, length 252
# corresponding to MSA columns:
# 315-514,517-527,529-569
name=unknown_E
#
# <colnr> <probs for GDERKNQSTAVLIFYWHMCP>
#	G	D	E	R	K	N	Q	S	T	A	V	L	I	F	Y	W	H	M	C	P
0	0.06279	0.01909	0.02128	0.04887	0.02378	0.02073	0.01392	0.47451	0.03131	0.13859	0.02093	0.05288	0.01552	0.00989	0.00773	0.00239	0.00803	0.00768	0.00766	0.01243
1	0.64324	0.01546	0.01311	0.01124	0.01628	0.01746	0.00926	0.08293	0.01619	0.09597	0.01335	0.01443	0.00984	0.00762	0.00535	0.00239	0.00629	0.00479	0.00552	0.00929
2	0.00995	0.00708	0.00941	0.01085	0.01139	0.00687	0.00739	0.01138	0.01438	0.01926	0.03862	0.55228	0.04550	0.10841	0.07312	0.00449	0.00640	0.05035	0.00664	0.00621
3	0.02448	0.01722	0.01893	0.01524	0.01983	0.01876	0.01211	0.42500	0.05083	0.07342	0.02178	0.05052	0.01805	0.12069	0.04757	0.00365	0.00850	0.00835	0.03398	0.01110
4	0.00997	0.00713	0.00956	0.01111	0.01186	0.00672	0.00785	0.01183	0.01594	0.02138	0.10804	0.57683	0.05274	0.02307	0.00992	0.00313	0.00473	0.09435	0.00733	0.00651
5	0.01555	0.04011	0.68733	0.02210	0.03356	0.01801	0.02865	0.02455	0.01637	0.02455	0.01391	0.01637	0.00982	0.00737	0.00737	0.00246	0.01146	0.00573	0.00327	0.01146
6	0.01109	0.00824	0.01213	0.01213	0.01340	0.00951	0.00928	0.01363	0.01236	0.01776	0.02107	0.03213	0.02011	0.11316	0.64277	0.01205	0.01968	0.00855	0.00420	0.00674
7	0.01797	0.02150	0.07788	0.05293	0.03954	0.01966	0.56585	0.02435	0.01778	0.02435	0.01525	0.02047	0.01154	0.00698	0.00984	0.00264	0.04850	0.00878	0.00385	0.01035
8	0.01266	0.00941	0.01228	0.01322	0.01515	0.00957	0.01087	0.01820	0.09787	0.02521	0.14746	0.16172	0.04778	0.01952	0.00999	0.00321	0.00607	0.36465	0.00748	0.00769
9	0.01919	0.01842	0.03147	0.04759	0.67914	0.01842	0.02380	0.02380	0.01765	0.02533	0.01458	0.01919	0.01228	0.00691	0.00768	0.00230	0.00921	0.00691	0.00384	0.01228
10	0.01536	0.01422	0.02366	0.52552	0.04576	0.01681	0.07295	0.04584	0.04351	0.02208	0.01769	0.06126	0.01491	0.00935	0.00813	0.00265	0.00986	0.03730	0.00422	0.00891
11	0.15206	0.01438	0.04210	0.01309	0.01785	0.01371	0.01093	0.07283	0.11497	0.24663	0.18541	0.03128	0.03058	0.01076	0.00762	0.00244	0.00603	0.00873	0.00789	0.01072
12	0.02859	0.02496	0.02063	0.01730	0.02240	0.28556	0.01359	0.17483	0.10472	0.16917	0.01995	0.01961	0.01443	0.00885	0.00740	0.00220	0.00986	0.00649	0.00655	0.04291
