[name]
unknown

[dist]
# distance from previous block
# <min> <max>
3	90

[block]
# block no. 0 follows, 19 sequences, length 26
# corresponding to MSA columns:
# 131-156
name=unknown_A
#
# <colnr> <probs for GDERKNQSTAVLIFYWHMCP>
#	G	D	E	R	K	N	Q	S	T	A	V	L	I	F	Y	W	H	M	C	P
0	0.21360	0.07010	0.02165	0.01581	0.02212	0.02192	0.01307	0.20684	0.10323	0.07306	0.02091	0.02148	0.01564	0.00957	0.00743	0.00250	0.00790	0.00699	0.04697	0.09923
1	0.03202	0.02287	0.02427	0.01953	0.02587	0.05794	0.01605	0.39777	0.08010	0.12691	0.02650	0.03089	0.02032	0.01215	0.00925	0.00284	0.00953	0.06207	0.00894	0.01420
2	0.67419	0.01732	0.01430	0.01260	0.01791	0.02012	0.01039	0.02690	0.01566	0.06875	0.01355	0.01560	0.01042	0.00884	0.00699	0.00283	0.04271	0.00521	0.00572	0.00997
3	0.01690	0.01590	0.02683	0.66408	0.06162	0.01988	0.02485	0.02286	0.01789	0.02286	0.01590	0.02385	0.01193	0.00894	0.00894	0.00298	0.01193	0.00795	0.00398	0.00994
4	0.01376	0.01007	0.01263	0.01377	0.01522	0.01006	0.00983	0.06497	0.05203	0.02679	0.04608	0.54459	0.05310	0.02544	0.01115	0.00356	0.00592	0.06424	0.00840	0.00839
5	0.03270	0.02604	0.02600	0.02056	0.02726	0.08403	0.01673	0.48925	0.10168	0.05120	0.02238	0.02226	0.01617	0.01075	0.00889	0.00269	0.01012	0.00807	0.00857	0.01466
6	0.02697	0.01982	0.02159	0.01836	0.02408	0.02209	0.01458	0.15465	0.42262	0.12216	0.03335	0.03066	0.02425	0.01172	0.00906	0.00293	0.00769	0.00956	0.00934	0.01451
7	0.08915	0.02074	0.10652	0.01745	0.02507	0.01646	0.01603	0.08786	0.05625	0.42563	0.02978	0.02703	0.01938	0.01053	0.00867	0.00278	0.00850	0.00833	0.00936	0.01447
8	0.01268	0.00936	0.01051	0.01027	0.01178	0.00893	0.00684	0.01535	0.04488	0.02407	0.17236	0.06678	0.20743	0.33030	0.02680	0.00561	0.00651	0.01517	0.00732	0.00705
9	0.01668	0.00834	0.00834	0.00834	0.01042	0.00834	0.00625	0.02085	0.01876	0.03335	0.02918	0.03335	0.02293	0.01042	0.00625	0.00208	0.00417	0.00834	0.73525	0.00834
10	0.01690	0.01590	0.02683	0.66408	0.06162	0.01988	0.02485	0.02286	0.01789	0.02286	0.01590	0.02385	0.01193	0.00894	0.00894	0.00298	0.01193	0.00795	0.00398	0.00994
11	0.01090	0.00779	0.01038	0.01246	0.01298	0.00727	0.00830	0.01246	0.01713	0.02284	0.04931	0.67975	0.05917	0.02803	0.01142	0.00363	0.00519	0.02543	0.00830	0.00727
12	0.01668	0.00834	0.00834	0.00834	0.01042	0.00834	0.00625	0.02085	0.01876	0.03335	0.02918	0.03335	0.02293	0.01042	0.00625	0.00208	0.00417	0.00834	0.73525	0.00834
13	0.01957	0.01957	0.02740	0.02349	0.02349	0.02740	0.01957	0.02153	0.01370	0.02153	0.01174	0.01957	0.01174	0.01566	0.02936	0.00391	0.66921	0.00783	0.00391	0.00979
14	0.74878	0.01730	0.01315	0.01177	0.01730	0.02007	0.00969	0.02630	0.01523	0.04014	0.01246	0.01453	0.00969	0.00830	0.00554	0.00277	0.00692	0.00484	0.00554	0.00969
15	0.02136	0.02045	0.03489	0.14615	0.54468	0.02105	0.02707	0.02677	0.02000	0.02827	0.01669	0.02240	0.01383	0.00812	0.00887	0.00271	0.01082	0.00797	0.00436	0.01354
16	0.01301	0.00867	0.00976	0.00976	0.00976	0.00867	0.00542	0.01301	0.01301	0.01735	0.02819	0.05855	0.03253	0.68559	0.04554	0.00867	0.00867	0.01301	0.00542	0.00542
17	0.03401	0.02506	0.02685	0.02058	0.02774	0.02774	0.01700	0.59995	0.04206	0.05638	0.02148	0.02148	0.01521	0.01074	0.00895	0.00268	0.00984	0.00805	0.00895	0.01521
18	0.02161	0.01683	0.02097	0.07206	0.05875	0.01478	0.01356	0.05474	0.06536	0.08606	0.01955	0.02155	0.01516	0.00792	0.00746	0.00187	0.00758	0.00651	0.00613	0.48155
19	0.01690	0.01590	0.02683	0.66408	0.06162	0.01988	0.02485	0.02286	0.01789	0.02286	0.01590	0.02385	0.01193	0.00894	0.00894	0.00298	0.01193	0.00795	0.00398	0.00994
20	0.02759	0.02186	0.02771	0.22440	0.09336	0.02470	0.02041	0.36763	0.03254	0.04345	0.01931	0.02228	0.01409	0.00993	0.00894	0.00277	0.01057	0.00801	0.00699	0.01347
21	0.01090	0.00779	0.01038	0.01246	0.01298	0.00727	0.00830	0.01246	0.01713	0.02284	0.04931	0.67975	0.05917	0.02803	0.01142	0.00363	0.00519	0.02543	0.00830	0.00727
22	0.01638	0.01521	0.02543	0.60847	0.05747	0.01880	0.02343	0.02197	0.01782	0.02286	0.01875	0.07983	0.01596	0.01057	0.00916	0.00304	0.01135	0.00944	0.00434	0.00971
23	0.02010	0.01982	0.03079	0.08376	0.03061	0.02520	0.11247	0.05627	0.01696	0.02480	0.01429	0.02155	0.01276	0.01589	0.05267	0.00411	0.43483	0.00838	0.00435	0.01040
24	0.04014	0.01523	0.02076	0.01592	0.02284	0.01315	0.01315	0.04360	0.02561	0.63597	0.03530	0.03045	0.02215	0.01107	0.00900	0.00277	0.00761	0.00900	0.01107	0.01523
25	0.01301	0.00867	0.00976	0.00976	0.00976	0.00867	0.00542	0.01301	0.01301	0.01735	0.02819	0.05855	0.03253	0.68559	0.04554	0.00867	0.00867	0.01301	0.00542	0.00542

[dist]
# distance from previous block
# <min> <max>
0	1

[block]
# block no. 1 follows, 19 sequences, length 7
# corresponding to MSA columns:
# 158-164
name=unknown_B
#
# <colnr> <probs for GDERKNQSTAVLIFYWHMCP>
#	G	D	E	R	K	N	Q	S	T	A	V	L	I	F	Y	W	H	M	C	P
0	0.09328	0.01885	0.03134	0.11382	0.24321	0.01998	0.12773	0.02546	0.04179	0.02838	0.02092	0.10398	0.01925	0.01128	0.01072	0.00301	0.05988	0.01038	0.00513	0.01161
1	0.07141	0.01318	0.02098	0.01730	0.02101	0.01230	0.12660	0.01820	0.01601	0.02370	0.02198	0.14183	0.02218	0.01985	0.01869	0.27551	0.00851	0.01087	0.00518	0.13473
2	0.02063	0.01842	0.02631	0.01976	0.02644	0.01726	0.12122	0.10063	0.02160	0.03148	0.01918	0.07031	0.01691	0.00989	0.01034	0.00226	0.07561	0.00843	0.00574	0.37758
3	0.22665	0.10690	0.13715	0.09828	0.03251	0.02146	0.11024	0.02758	0.01843	0.07112	0.01618	0.01929	0.01218	0.00829	0.00761	0.00264	0.01030	0.00675	0.00502	0.06144
4	0.07059	0.21807	0.27647	0.06640	0.03175	0.02403	0.02225	0.05638	0.01953	0.02826	0.01505	0.01777	0.01175	0.00816	0.00735	0.00239	0.01067	0.00599	0.00438	0.10278
5	0.02546	0.01825	0.02073	0.01641	0.02238	0.01821	0.01315	0.28314	0.03035	0.08384	0.09925	0.10038	0.02872	0.01263	0.00886	0.00248	0.00769	0.01040	0.00825	0.18941
6	0.06668	0.04804	0.04247	0.01288	0.01706	0.01194	0.01074	0.02145	0.02035	0.09088	0.13851	0.14235	0.09729	0.01596	0.00901	0.00274	0.00620	0.05514	0.09003	0.10030

[dist]
# distance from previous block
# <min> <max>
1	17

[block]
# block no. 2 follows, 19 sequences, length 59
# corresponding to MSA columns:
# 182-240
name=unknown_C
#
# <colnr> <probs for GDERKNQSTAVLIFYWHMCP>
#	G	D	E	R	K	N	Q	S	T	A	V	L	I	F	Y	W	H	M	C	P
0	0.11495	0.02205	0.04873	0.02219	0.09517	0.02257	0.01659	0.33942	0.03216	0.04627	0.09933	0.02650	0.02335	0.01086	0.00862	0.00266	0.00884	0.00856	0.00777	0.04342
1	0.01906	0.01594	0.01865	0.01436	0.02110	0.01385	0.01143	0.05661	0.08506	0.03047	0.01955	0.02255	0.01612	0.01547	0.09226	0.00332	0.00915	0.00655	0.00586	0.52264
2	0.01548	0.01166	0.01603	0.01443	0.01809	0.00995	0.04516	0.01824	0.01828	0.05930	0.03647	0.40250	0.04036	0.01933	0.00977	0.00285	0.00636	0.01749	0.00732	0.23095
3	0.01207	0.00917	0.01263	0.08439	0.01868	0.00897	0.01014	0.01419	0.01713	0.02297	0.04291	0.54555	0.05033	0.05130	0.01226	0.00364	0.00615	0.02188	0.00754	0.04810
4	0.01301	0.00867	0.00976	0.00976	0.00976	0.00867	0.00542	0.01301	0.01301	0.01735	0.02819	0.05855	0.03253	0.68559	0.04554	0.00867	0.00867	0.01301	0.00542	0.00542
5	0.01740	0.01338	0.01726	0.01555	0.01655	0.01693	0.01243	0.02027	0.01584	0.02618	0.02107	0.02901	0.01857	0.05848	0.07133	0.00429	0.29703	0.00850	0.31117	0.00877
6	0.02912	0.01937	0.02168	0.01810	0.02405	0.02104	0.01447	0.15655	0.35109	0.19257	0.03316	0.03027	0.02360	0.01159	0.00905	0.00290	0.00777	0.00942	0.00957	0.01464
7	0.02392	0.69097	0.04688	0.01531	0.02296	0.03540	0.01531	0.02679	0.01818	0.02105	0.01244	0.01435	0.01148	0.00765	0.00574	0.00191	0.00957	0.00478	0.00383	0.01148
8	0.01301	0.00867	0.00976	0.00976	0.00976	0.00867	0.00542	0.01301	0.01301	0.01735	0.02819	0.05855	0.03253	0.68559	0.04554	0.00867	0.00867	0.01301	0.00542	0.00542
9	0.02112	0.02413	0.05279	0.03771	0.04676	0.02262	0.59729	0.02866	0.02112	0.02866	0.01810	0.02413	0.01357	0.00754	0.01056	0.00302	0.01508	0.01056	0.00452	0.01207
10	0.01879	0.01952	0.03762	0.36883	0.05333	0.02143	0.26174	0.02519	0.01899	0.02519	0.01658	0.02373	0.01260	0.00874	0.01075	0.00305	0.04988	0.00902	0.00420	0.01081
11	0.01090	0.00779	0.01038	0.01246	0.01298	0.00727	0.00830	0.01246	0.01713	0.02284	0.04931	0.67975	0.05917	0.02803	0.01142	0.00363	0.00519	0.02543	0.00830	0.00727
12	0.01213	0.00873	0.01148	0.01162	0.01325	0.00809	0.00840	0.01554	0.02284	0.03193	0.45064	0.25250	0.07677	0.02124	0.01081	0.00306	0.00451	0.01898	0.00938	0.00809
13	0.74878	0.01730	0.01315	0.01177	0.01730	0.02007	0.00969	0.02630	0.01523	0.04014	0.01246	0.01453	0.00969	0.00830	0.00554	0.00277	0.00692	0.00484	0.00554	0.00969
14	0.01239	0.00913	0.01158	0.01096	0.01320	0.00832	0.00822	0.01635	0.02467	0.03433	0.55428	0.06938	0.15616	0.01887	0.01055	0.00284	0.00426	0.01654	0.00964	0.00832
15	0.02092	0.01973	0.03225	0.10728	0.03593	0.01837	0.21364	0.08846	0.02194	0.03117	0.01727	0.02147	0.01341	0.00770	0.00853	0.00227	0.01056	0.00775	0.00527	0.31610
16	0.01215	0.00871	0.01167	0.01284	0.01417	0.00823	0.00953	0.01508	0.02048	0.02786	0.23740	0.36772	0.06596	0.02420	0.01132	0.00346	0.00546	0.12712	0.00880	0.00784
17	0.02594	0.21147	0.07722	0.09119	0.03027	0.19142	0.01856	0.09762	0.08225	0.02782	0.01687	0.01927	0.01357	0.00957	0.00906	0.00253	0.05180	0.00663	0.00518	0.01175
18	0.01745	0.01681	0.02849	0.55496	0.05650	0.02088	0.05931	0.02307	0.01762	0.02307	0.01558	0.02340	0.01201	0.00960	0.01130	0.00309	0.08474	0.00810	0.00400	0.01005
19	0.02392	0.69097	0.04688	0.01531	0.02296	0.03540	0.01531	0.02679	0.01818	0.02105	0.01244	0.01435	0.01148	0.00765	0.00574	0.00191	0.00957	0.00478	0.00383	0.01148
20	0.02026	0.01691	0.01947	0.01406	0.02192	0.01367	0.01131	0.08632	0.02115	0.03216	0.01652	0.01888	0.01347	0.00708	0.00688	0.00148	0.00698	0.00560	0.00570	0.66017
21	0.01971	0.01640	0.02620	0.30729	0.04188	0.01821	0.09610	0.05922	0.08597	0.07314	0.02618	0.14199	0.02321	0.01277	0.00962	0.00307	0.01017	0.01173	0.00620	0.01091
22	0.01090	0.00779	0.01038	0.01246	0.01298	0.00727	0.00830	0.01246	0.01713	0.02284	0.04931	0.67975	0.05917	0.02803	0.01142	0.00363	0.00519	0.02543	0.00830	0.00727
23	0.03401	0.02506	0.02685	0.02058	0.02774	0.02774	0.01700	0.59995	0.04206	0.05638	0.02148	0.02148	0.01521	0.01074	0.00895	0.00268	0.00984	0.00805	0.00895	0.01521
24	0.02029	0.06818	0.26962	0.06642	0.03931	0.02158	0.21476	0.06168	0.02088	0.02948	0.01683	0.02079	0.01256	0.00809	0.00887	0.00268	0.01262	0.00784	0.00452	0.09299
25	0.01298	0.00877	0.01027	0.01027	0.01044	0.00895	0.00606	0.01334	0.01316	0.01773	0.02772	0.05596	0.03140	0.61725	0.11233	0.00930	0.01036	0.01263	0.00535	0.00570
26	0.01112	0.00908	0.00981	0.00963	0.01242	0.00778	0.00722	0.01389	0.02167	0.02721	0.22934	0.08110	0.48554	0.02152	0.01057	0.00297	0.00445	0.01818	0.00871	0.00778
27	0.01668	0.00834	0.00834	0.00834	0.01042	0.00834	0.00625	0.02085	0.01876	0.03335	0.02918	0.03335	0.02293	0.01042	0.00625	0.00208	0.00417	0.00834	0.73525	0.00834
28	0.02411	0.02275	0.03343	0.04654	0.48319	0.05815	0.02472	0.09269	0.06754	0.03242	0.01864	0.02257	0.01512	0.00866	0.00884	0.00267	0.01059	0.00801	0.00529	0.01407
29	0.08019	0.09926	0.03095	0.06846	0.25807	0.14918	0.02058	0.09687	0.05874	0.03099	0.01708	0.02020	0.01379	0.00884	0.00814	0.00256	0.01110	0.00708	0.00527	0.01266
30	0.01668	0.00834	0.00834	0.00834	0.01042	0.00834	0.00625	0.02085	0.01876	0.03335	0.02918	0.03335	0.02293	0.01042	0.00625	0.00208	0.00417	0.00834	0.73525	0.00834
31	0.01862	0.01812	0.02537	0.02201	0.02217	0.02500	0.01815	0.02062	0.01374	0.02128	0.01365	0.02274	0.01367	0.04851	0.09221	0.00516	0.57727	0.00822	0.00406	0.00943
32	0.03476	0.01854	0.05889	0.01726	0.02420	0.01636	0.01481	0.07737	0.14608	0.44143	0.03350	0.02979	0.02211	0.01111	0.00899	0.00282	0.00798	0.00902	0.01010	0.01489
33	0.02278	0.02478	0.04314	0.04345	0.28913	0.08486	0.30043	0.02886	0.02123	0.02822	0.01714	0.02250	0.01362	0.00789	0.00960	0.00279	0.01332	0.00899	0.00449	0.01278
34	0.01301	0.00867	0.00976	0.00976	0.00976	0.00867	0.00542	0.01301	0.01301	0.01735	0.02819	0.05855	0.03253	0.68559	0.04554	0.00867	0.00867	0.01301	0.00542	0.00542
35	0.01278	0.00959	0.01438	0.01438	0.01598	0.01118	0.01118	0.01598	0.01438	0.02077	0.02396	0.03515	0.02237	0.06710	0.65013	0.01438	0.02396	0.00959	0.00479	0.00799
36	0.02131	0.02085	0.03684	0.13599	0.48797	0.02122	0.09006	0.02696	0.02012	0.02830	0.01684	0.02260	0.01380	0.00806	0.00906	0.00274	0.01130	0.00825	0.00438	0.01336
37	0.01668	0.00834	0.00834	0.00834	0.01042	0.00834	0.00625	0.02085	0.01876	0.03335	0.02918	0.03335	0.02293	0.01042	0.00625	0.00208	0.00417	0.00834	0.73525	0.00834
38	0.01963	0.01975	0.02839	0.02404	0.02439	0.02722	0.04207	0.02181	0.01399	0.02181	0.01199	0.01975	0.01182	0.01534	0.02863	0.00388	0.64374	0.00794	0.00394	0.00988
39	0.14735	0.02351	0.02403	0.05768	0.02772	0.05130	0.01607	0.40431	0.08226	0.04878	0.02059	0.02125	0.01496	0.01029	0.00837	0.00273	0.00953	0.00760	0.00793	0.01372
40	0.01057	0.00906	0.00906	0.00906	0.01208	0.00755	0.00680	0.01284	0.02039	0.02417	0.09063	0.08610	0.62615	0.02266	0.01057	0.00302	0.00453	0.01888	0.00831	0.00755
41	0.01090	0.00779	0.01038	0.01246	0.01298	0.00727	0.00830	0.01246	0.01713	0.02284	0.04931	0.67975	0.05917	0.02803	0.01142	0.00363	0.00519	0.02543	0.00830	0.00727
42	0.01437	0.01143	0.01714	0.09008	0.02265	0.01088	0.07507	0.01746	0.01930	0.06074	0.05555	0.28495	0.24421	0.02065	0.01060	0.00322	0.00698	0.01848	0.00755	0.00869
43	0.02249	0.13669	0.02876	0.23608	0.03681	0.02081	0.06094	0.02992	0.10433	0.12697	0.02494	0.09033	0.02059	0.01133	0.00877	0.00283	0.00966	0.00981	0.00633	0.01159
44	0.01350	0.01244	0.07281	0.01133	0.01266	0.00989	0.00819	0.01455	0.01360	0.01845	0.02697	0.05457	0.03040	0.61776	0.04183	0.00809	0.00913	0.01237	0.00526	0.00620
45	0.01282	0.01033	0.01546	0.20978	0.02774	0.01116	0.01332	0.01588	0.01786	0.02364	0.07427	0.44371	0.04640	0.02165	0.01062	0.00339	0.00717	0.01957	0.00709	0.00815
46	0.02214	0.02324	0.04025	0.10737	0.10036	0.05940	0.29791	0.06989	0.02121	0.02851	0.01663	0.02246	0.01313	0.00948	0.01317	0.00306	0.12626	0.00907	0.00468	0.01178
47	0.01665	0.01534	0.02559	0.59921	0.05730	0.01892	0.02380	0.02243	0.01816	0.02325	0.01905	0.03157	0.01589	0.01052	0.00929	0.00310	0.01156	0.06421	0.00440	0.00977
48	0.01249	0.00901	0.01180	0.01138	0.01333	0.00832	0.00843	0.01644	0.02450	0.03457	0.56739	0.12822	0.08189	0.01927	0.01064	0.00290	0.00432	0.01711	0.00969	0.00832
49	0.03176	0.03996	0.02550	0.08726	0.03106	0.58658	0.01804	0.03444	0.02461	0.02199	0.01404	0.01691	0.01156	0.00919	0.00815	0.00237	0.01571	0.00598	0.00455	0.01033
50	0.01623	0.01389	0.01472	0.01508	0.01671	0.07508	0.01084	0.08024	0.02050	0.02637	0.04043	0.50093	0.04670	0.02349	0.01189	0.00341	0.04665	0.02049	0.00774	0.00861
51	0.02146	0.01780	0.02098	0.01962	0.08261	0.01754	0.01388	0.13042	0.16747	0.03520	0.02918	0.08107	0.05763	0.01154	0.00849	0.00241	0.00747	0.00969	0.00721	0.25834
52	0.02039	0.01731	0.02424	0.02027	0.08508	0.01411	0.07725	0.02487	0.01941	0.06273	0.01731	0.02019	0.01387	0.00711	0.00741	0.00173	0.00802	0.00635	0.00545	0.54692
53	0.02301	0.01918	0.01935	0.01635	0.02105	0.08058	0.01282	0.21366	0.08924	0.03976	0.21057	0.07443	0.05972	0.01408	0.00938	0.00268	0.00780	0.01164	0.00848	0.06622
54	0.22978	0.01812	0.01908	0.05163	0.02323	0.02000	0.01327	0.21824	0.07089	0.07863	0.07295	0.09753	0.02531	0.01261	0.00841	0.00287	0.00782	0.00994	0.00786	0.01185
55	0.02317	0.02230	0.04892	0.10290	0.17290	0.13886	0.01845	0.02828	0.05291	0.07181	0.02086	0.02711	0.01733	0.07743	0.01333	0.00328	0.05009	0.00822	0.09070	0.01116
56	0.08384	0.14421	0.25190	0.01895	0.02661	0.02168	0.02031	0.02741	0.08493	0.02998	0.12776	0.02808	0.02630	0.01105	0.00976	0.00277	0.05890	0.00835	0.00565	0.01158
57	0.07156	0.02950	0.09414	0.06074	0.06674	0.18835	0.03865	0.16295	0.04985	0.07058	0.01826	0.02051	0.01380	0.01005	0.01019	0.00275	0.06563	0.00729	0.00605	0.01243
58	0.01806	0.01720	0.02088	0.07540	0.02509	0.08861	0.07692	0.02428	0.10011	0.02544	0.02884	0.19070	0.02891	0.08585	0.06112	0.00430	0.01036	0.01292	0.00626	0.09876

[dist]
# distance from previous block
# <min> <max>
13	23

[block]
# block no. 3 follows, 19 sequences, length 37
# corresponding to MSA columns:
# 271-307
name=unknown_D
#
# <colnr> <probs for GDERKNQSTAVLIFYWHMCP>
#	G	D	E	R	K	N	Q	S	T	A	V	L	I	F	Y	W	H	M	C	P
0	0.02539	0.01893	0.05916	0.01649	0.02199	0.01787	0.01369	0.19770	0.11600	0.13670	0.03317	0.06432	0.07083	0.11678	0.01474	0.00369	0.00832	0.01069	0.00820	0.04532
1	0.02385	0.01997	0.08610	0.12728	0.03083	0.01674	0.01672	0.10436	0.04633	0.13742	0.02226	0.05040	0.01713	0.00966	0.00824	0.00236	0.00878	0.00794	0.00668	0.25693
2	0.02584	0.01968	0.02482	0.01870	0.02583	0.01906	0.07436	0.21893	0.07202	0.08997	0.02175	0.02406	0.01663	0.03967	0.00997	0.00254	0.00879	0.00780	0.00722	0.27237
3	0.02737	0.01979	0.02443	0.01905	0.02521	0.02053	0.06029	0.27925	0.05572	0.10437	0.02442	0.06891	0.01941	0.01139	0.00976	0.00262	0.04177	0.00924	0.05481	0.12165
4	0.01171	0.00897	0.00978	0.01004	0.01186	0.00813	0.00701	0.01333	0.01778	0.02202	0.06433	0.10559	0.35513	0.24554	0.02249	0.00503	0.00625	0.06080	0.00733	0.00688
5	0.02518	0.01966	0.02131	0.01789	0.02383	0.02142	0.01419	0.14923	0.39294	0.07859	0.03095	0.02908	0.02293	0.01112	0.00876	0.00274	0.00758	0.00905	0.00873	0.10482
6	0.03255	0.02369	0.02565	0.01988	0.02647	0.02616	0.01627	0.55338	0.03966	0.05315	0.02101	0.02193	0.01524	0.01235	0.01101	0.06102	0.00968	0.00803	0.00855	0.01432
7	0.02628	0.53546	0.04220	0.01654	0.02408	0.03361	0.01570	0.16063	0.02376	0.02930	0.01455	0.01602	0.01235	0.00837	0.00649	0.00209	0.00963	0.00555	0.00502	0.01235
8	0.02196	0.01668	0.02058	0.09842	0.02719	0.01473	0.01335	0.07157	0.04378	0.09429	0.01916	0.02128	0.01470	0.00793	0.00745	0.00186	0.00769	0.00643	0.00617	0.48477
9	0.02054	0.02053	0.03769	0.20962	0.34559	0.02122	0.15984	0.02654	0.01990	0.02744	0.01688	0.02305	0.01345	0.00812	0.00928	0.00283	0.01201	0.00857	0.00433	0.01258
10	0.01670	0.00913	0.01027	0.07693	0.01578	0.00955	0.00820	0.02106	0.01867	0.03226	0.02780	0.03236	0.02178	0.01027	0.00654	0.00218	0.00498	0.00830	0.65876	0.00851
11	0.01090	0.00779	0.01038	0.01246	0.01298	0.00727	0.00830	0.01246	0.01713	0.02284	0.04931	0.67975	0.05917	0.02803	0.01142	0.00363	0.00519	0.02543	0.00830	0.00727
12	0.01811	0.01759	0.02454	0.02163	0.02172	0.02401	0.01768	0.02000	0.01428	0.02175	0.01807	0.13070	0.01973	0.01774	0.02634	0.00387	0.55743	0.01079	0.00465	0.00936
13	0.14383	0.02485	0.02519	0.02144	0.06210	0.06918	0.01652	0.43797	0.03546	0.04986	0.01928	0.02007	0.01404	0.01009	0.00836	0.00267	0.00987	0.00739	0.00785	0.01396
14	0.01090	0.00779	0.01038	0.01246	0.01298	0.00727	0.00830	0.01246	0.01713	0.02284	0.04931	0.67975	0.05917	0.02803	0.01142	0.00363	0.00519	0.02543	0.00830	0.00727
15	0.01266	0.00914	0.01196	0.01126	0.01337	0.00844	0.00844	0.01688	0.02532	0.03588	0.62506	0.06683	0.08441	0.01829	0.01055	0.00281	0.00422	0.01618	0.00985	0.00844
16	0.08009	0.02456	0.02597	0.02002	0.02707	0.02725	0.01653	0.56297	0.04033	0.05534	0.02090	0.02103	0.01486	0.01058	0.00873	0.00269	0.00966	0.00785	0.00873	0.01486
17	0.01554	0.00777	0.01166	0.01166	0.01166	0.00777	0.00777	0.01166	0.01166	0.01554	0.01554	0.02720	0.01554	0.03108	0.03497	0.73970	0.00777	0.00777	0.00389	0.00389
18	0.03854	0.01558	0.02071	0.01612	0.02288	0.01396	0.01324	0.04395	0.07805	0.58259	0.03540	0.03071	0.02261	0.01117	0.00901	0.00279	0.00757	0.00910	0.01090	0.01513
19	0.01957	0.01957	0.02740	0.02349	0.02349	0.02740	0.01957	0.02153	0.01370	0.02153	0.01174	0.01957	0.01174	0.01566	0.02936	0.00391	0.66921	0.00783	0.00391	0.00979
20	0.07841	0.02264	0.08490	0.08921	0.03239	0.02472	0.11525	0.07522	0.01844	0.02801	0.01451	0.02046	0.01217	0.01199	0.01866	0.00338	0.32611	0.00797	0.00458	0.01096
21	0.01957	0.01957	0.02740	0.02349	0.02349	0.02740	0.01957	0.02153	0.01370	0.02153	0.01174	0.01957	0.01174	0.01566	0.02936	0.00391	0.66921	0.00783	0.00391	0.00979
22	0.27866	0.01592	0.01820	0.01452	0.02097	0.01548	0.01198	0.03778	0.02211	0.43542	0.02761	0.02509	0.01795	0.01014	0.00783	0.00277	0.00738	0.00760	0.00921	0.01336
23	0.13599	0.03844	0.47540	0.02232	0.03367	0.01987	0.02727	0.02961	0.01901	0.09376	0.01750	0.01941	0.01220	0.00874	0.00808	0.00282	0.01164	0.00658	0.00482	0.01287
24	0.27563	0.07720	0.02109	0.01489	0.02143	0.01876	0.01253	0.08591	0.02293	0.32964	0.02437	0.02288	0.01640	0.00981	0.00754	0.00268	0.00775	0.00714	0.00838	0.01303
25	0.01668	0.00834	0.00834	0.00834	0.01042	0.00834	0.00625	0.02085	0.01876	0.03335	0.02918	0.03335	0.02293	0.01042	0.00625	0.00208	0.00417	0.00834	0.73525	0.00834
26	0.02199	0.01949	0.02918	0.34541	0.04605	0.02288	0.08169	0.16199	0.06199	0.03224	0.01840	0.02354	0.01385	0.01005	0.01100	0.00300	0.07167	0.00838	0.00554	0.01167
27	0.03110	0.02111	0.02312	0.01811	0.02408	0.02282	0.01459	0.43815	0.03546	0.11084	0.02416	0.02781	0.01856	0.09896	0.01361	0.00345	0.00919	0.00881	0.04243	0.01362
28	0.01684	0.00901	0.00925	0.00878	0.01138	0.00866	0.00664	0.02100	0.01874	0.03298	0.02800	0.03203	0.02207	0.01008	0.00629	0.00202	0.00439	0.00807	0.67015	0.07361
29	0.01855	0.01590	0.01855	0.01325	0.02120	0.01193	0.01060	0.02253	0.01855	0.02915	0.01590	0.01855	0.01325	0.00663	0.00663	0.00133	0.00663	0.00530	0.00530	0.74028
30	0.19911	0.36970	0.03325	0.01545	0.02226	0.07710	0.01400	0.06338	0.02024	0.09208	0.01548	0.01664	0.01240	0.00847	0.00641	0.00228	0.00927	0.00551	0.00536	0.01158
31	0.01090	0.00779	0.01038	0.01246	0.01298	0.00727	0.00830	0.01246	0.01713	0.02284	0.04931	0.67975	0.05917	0.02803	0.01142	0.00363	0.00519	0.02543	0.00830	0.00727
32	0.02168	0.02256	0.04376	0.04714	0.36628	0.02187	0.28499	0.02800	0.02071	0.02897	0.01740	0.02304	0.01390	0.00778	0.00963	0.00282	0.01264	0.00914	0.00447	0.01322
33	0.01823	0.04455	0.59753	0.02753	0.07960	0.02081	0.03267	0.02827	0.01899	0.02839	0.01611	0.01911	0.01153	0.00846	0.00852	0.00282	0.01304	0.00671	0.00382	0.01329
34	0.01266	0.00914	0.01196	0.01126	0.01337	0.00844	0.00844	0.01688	0.02532	0.03588	0.62506	0.06683	0.08441	0.01829	0.01055	0.00281	0.00422	0.01618	0.00985	0.00844
35	0.01090	0.00779	0.01038	0.01246	0.01298	0.00727	0.00830	0.01246	0.01713	0.02284	0.04931	0.67975	0.05917	0.02803	0.01142	0.00363	0.00519	0.02543	0.00830	0.00727
36	0.02097	0.06259	0.44688	0.05085	0.08473	0.02064	0.06328	0.02962	0.01978	0.09151	0.01811	0.02068	0.01285	0.00865	0.00862	0.00279	0.01236	0.00719	0.00465	0.01325

[dist]
# distance from previous block
# <min> <max>
0	3

[block]
# block no. 4 follows, 19 sequences, length 27
# corresponding to MSA columns:
# 311-337
name=unknown_E
#
# <colnr> <probs for GDERKNQSTAVLIFYWHMCP>
#	G	D	E	R	K	N	Q	S	T	A	V	L	I	F	Y	W	H	M	C	P
0	0.64479	0.06326	0.06415	0.01307	0.01934	0.02112	0.01187	0.02649	0.01570	0.03798	0.01274	0.01486	0.00993	0.00828	0.00578	0.00272	0.00758	0.00498	0.00529	0.01008
1	0.07943	0.02355	0.04356	0.08911	0.04302	0.06141	0.42807	0.02804	0.02048	0.02866	0.01705	0.02251	0.01297	0.00778	0.00962	0.00285	0.01372	0.00926	0.00461	0.05433
2	0.01558	0.00895	0.01054	0.03682	0.01373	0.00947	0.00806	0.01934	0.01738	0.02908	0.02741	0.03500	0.02297	0.06677	0.15214	0.00528	0.00918	0.00890	0.49526	0.00814
3	0.15094	0.01205	0.01702	0.10821	0.02273	0.01297	0.05715	0.01812	0.01498	0.02419	0.01911	0.07855	0.01798	0.01991	0.01960	0.31912	0.00829	0.00898	0.06297	0.00711
4	0.74878	0.01730	0.01315	0.01177	0.01730	0.02007	0.00969	0.02630	0.01523	0.04014	0.01246	0.01453	0.00969	0.00830	0.00554	0.00277	0.00692	0.00484	0.00554	0.00969
5	0.03304	0.02002	0.02326	0.01861	0.02497	0.02091	0.01549	0.35121	0.03410	0.22488	0.02929	0.03549	0.02245	0.01283	0.00945	0.00291	0.00895	0.08844	0.00948	0.01422
6	0.01233	0.00889	0.01166	0.01148	0.01329	0.00822	0.00842	0.01605	0.02379	0.03343	0.51694	0.18192	0.07967	0.02012	0.01071	0.00297	0.00440	0.01792	0.00956	0.00822
7	0.01992	0.02123	0.07130	0.26505	0.32381	0.02091	0.09605	0.02604	0.01950	0.02687	0.01661	0.02279	0.01314	0.00829	0.00907	0.00283	0.01178	0.00820	0.00424	0.01237
8	0.03485	0.01446	0.01933	0.01529	0.02135	0.01286	0.01245	0.03954	0.05533	0.50995	0.12942	0.03640	0.03234	0.01228	0.00925	0.00279	0.00704	0.01020	0.01078	0.01409
9	0.01281	0.00924	0.01216	0.01168	0.01379	0.00859	0.00893	0.01702	0.02494	0.03513	0.57795	0.06961	0.08173	0.01881	0.01070	0.00292	0.00455	0.06131	0.00972	0.00842
10	0.01554	0.00777	0.01166	0.01166	0.01166	0.00777	0.00777	0.01166	0.01166	0.01554	0.01554	0.02720	0.01554	0.03108	0.03497	0.73970	0.00777	0.00777	0.00389	0.00389
11	0.65889	0.01828	0.01487	0.01287	0.01861	0.02104	0.01061	0.09844	0.01860	0.04218	0.01359	0.01541	0.01038	0.00861	0.00597	0.00276	0.00729	0.00525	0.00597	0.01038
12	0.01668	0.00834	0.00834	0.00834	0.01042	0.00834	0.00625	0.02085	0.01876	0.03335	0.02918	0.03335	0.02293	0.01042	0.00625	0.00208	0.00417	0.00834	0.73525	0.00834
13	0.05809	0.06476	0.01603	0.06282	0.01863	0.01227	0.01064	0.01918	0.02207	0.05951	0.32469	0.11289	0.12438	0.01746	0.00984	0.00291	0.00588	0.04064	0.00832	0.00898
14	0.02345	0.63998	0.09373	0.01611	0.02421	0.03424	0.01671	0.02691	0.01823	0.02162	0.01272	0.01471	0.01147	0.00772	0.00596	0.00199	0.00986	0.00493	0.00382	0.01162
15	0.74878	0.01730	0.01315	0.01177	0.01730	0.02007	0.00969	0.02630	0.01523	0.04014	0.01246	0.01453	0.00969	0.00830	0.00554	0.00277	0.00692	0.00484	0.00554	0.00969
16	0.01957	0.01957	0.02740	0.02349	0.02349	0.02740	0.01957	0.02153	0.01370	0.02153	0.01174	0.01957	0.01174	0.01566	0.02936	0.00391	0.66921	0.00783	0.00391	0.00979
17	0.02507	0.02031	0.02630	0.32062	0.04318	0.02363	0.02043	0.28565	0.07739	0.03920	0.02009	0.02356	0.01467	0.01002	0.00896	0.00285	0.01059	0.00817	0.00664	0.01267
18	0.01278	0.00959	0.01438	0.01438	0.01598	0.01118	0.01118	0.01598	0.01438	0.02077	0.02396	0.03515	0.02237	0.06710	0.65013	0.01438	0.02396	0.00959	0.00479	0.00799
19	0.01335	0.01056	0.01221	0.01170	0.01453	0.01013	0.00894	0.01980	0.10470	0.03161	0.33166	0.07047	0.26255	0.01925	0.01044	0.00298	0.00491	0.04216	0.00914	0.00891
20	0.01389	0.00993	0.01374	0.01541	0.01735	0.00979	0.01308	0.01781	0.02099	0.02776	0.12994	0.14224	0.05680	0.02406	0.01202	0.00389	0.00742	0.44720	0.00847	0.00819
21	0.02261	0.53717	0.14986	0.01759	0.02576	0.03235	0.01869	0.02674	0.01803	0.02236	0.01303	0.01546	0.01147	0.00828	0.00765	0.00220	0.04995	0.00529	0.00382	0.01169
22	0.02817	0.01808	0.02045	0.01722	0.02295	0.01927	0.01372	0.10983	0.33372	0.21536	0.03782	0.03452	0.06319	0.01234	0.00915	0.00291	0.00740	0.01011	0.00961	0.01417
23	0.12377	0.02406	0.03397	0.02633	0.03239	0.11397	0.24564	0.03140	0.07855	0.07754	0.01897	0.02241	0.01452	0.00978	0.01192	0.00299	0.10605	0.00852	0.00556	0.01163
24	0.08163	0.01557	0.01676	0.03723	0.02018	0.04529	0.01209	0.09745	0.10393	0.10131	0.11280	0.03910	0.03142	0.01614	0.04727	0.00346	0.00821	0.05377	0.14542	0.01096
25	0.05701	0.12777	0.02585	0.04771	0.02457	0.05262	0.01500	0.17320	0.07966	0.11629	0.02142	0.02364	0.01650	0.01652	0.06231	0.06106	0.05238	0.00768	0.00680	0.01201
26	0.02315	0.01885	0.07165	0.01879	0.02561	0.01556	0.09882	0.03060	0.11390	0.14674	0.02386	0.02678	0.01827	0.04497	0.01243	0.06153	0.00884	0.00824	0.00669	0.22471

[dist]
# distance from previous block
# <min> <max>
22	61

[block]
# block no. 5 follows, 19 sequences, length 8
# corresponding to MSA columns:
# 410-417
name=unknown_F
#
# <colnr> <probs for GDERKNQSTAVLIFYWHMCP>
#	G	D	E	R	K	N	Q	S	T	A	V	L	I	F	Y	W	H	M	C	P
0	0.02148	0.15216	0.05905	0.05970	0.02453	0.01979	0.01465	0.09267	0.02117	0.06181	0.02169	0.10198	0.01966	0.01132	0.00916	0.00238	0.05100	0.00884	0.05535	0.19161
1	0.13032	0.02036	0.06723	0.01923	0.02658	0.01832	0.08450	0.10505	0.07989	0.27053	0.02584	0.02506	0.01768	0.00985	0.00851	0.00272	0.00896	0.00818	0.00818	0.06300
2	0.10132	0.01676	0.01937	0.10489	0.02580	0.05674	0.01390	0.02899	0.07254	0.15313	0.14956	0.03266	0.03052	0.01177	0.01003	0.00271	0.05395	0.00929	0.00746	0.09862
3	0.02310	0.02148	0.13625	0.02110	0.06723	0.01698	0.01836	0.03422	0.18591	0.15241	0.03278	0.04421	0.02739	0.01363	0.00961	0.00310	0.00884	0.13687	0.00784	0.03871
4	0.11224	0.11046	0.06212	0.01506	0.02209	0.01678	0.01345	0.02914	0.02014	0.19652	0.02356	0.05058	0.01898	0.01023	0.00768	0.00233	0.00781	0.04175	0.00691	0.23213
5	0.02005	0.02226	0.07106	0.02843	0.03602	0.02027	0.33114	0.02860	0.09092	0.02900	0.02092	0.05592	0.01716	0.00955	0.01094	0.00282	0.05648	0.00996	0.00531	0.13319
6	0.12339	0.02581	0.09475	0.02079	0.06177	0.12893	0.01677	0.03718	0.29011	0.03282	0.02847	0.02820	0.05148	0.01098	0.00842	0.00282	0.00944	0.00855	0.00687	0.01243
7	0.02108	0.02289	0.04517	0.03326	0.04065	0.02316	0.44566	0.03039	0.10205	0.02899	0.01985	0.02485	0.01525	0.00918	0.01267	0.00313	0.09445	0.01016	0.00508	0.01208

[dist]
# distance from previous block
# <min> <max>
16	288

[block]
# block no. 6 follows, 19 sequences, length 16
# corresponding to MSA columns:
# 709-724
name=unknown_G
#
# <colnr> <probs for GDERKNQSTAVLIFYWHMCP>
#	G	D	E	R	K	N	Q	S	T	A	V	L	I	F	Y	W	H	M	C	P
0	0.05958	0.01548	0.01906	0.01538	0.02154	0.01432	0.01232	0.03717	0.12746	0.34565	0.03240	0.08529	0.02425	0.01186	0.00867	0.00264	0.00710	0.00982	0.00925	0.14075
1	0.02104	0.02475	0.16700	0.02285	0.03120	0.01784	0.15633	0.06801	0.02116	0.07277	0.02103	0.07914	0.01765	0.01007	0.00953	0.00256	0.03326	0.00917	0.00566	0.20899
2	0.01752	0.01322	0.01888	0.01596	0.02070	0.01128	0.06996	0.02094	0.01908	0.07888	0.03276	0.26876	0.03417	0.01650	0.00948	0.00271	0.00719	0.06308	0.00707	0.27186
3	0.01900	0.07935	0.13225	0.02311	0.08718	0.01658	0.07961	0.02409	0.01972	0.07100	0.02938	0.14870	0.02904	0.01488	0.00966	0.00301	0.00949	0.12387	0.00626	0.07382
4	0.08797	0.43605	0.12371	0.01809	0.02636	0.02919	0.05956	0.02854	0.01887	0.07727	0.01532	0.01709	0.01238	0.00811	0.00674	0.00227	0.01007	0.00583	0.00465	0.01193
5	0.07499	0.07839	0.08188	0.41346	0.04916	0.02103	0.07546	0.02402	0.01820	0.02512	0.01894	0.02472	0.03977	0.00924	0.00858	0.00286	0.01139	0.00805	0.00432	0.01042
6	0.02071	0.13298	0.02345	0.08162	0.02465	0.02027	0.01398	0.03341	0.26778	0.07090	0.13074	0.08176	0.03465	0.01317	0.00891	0.00282	0.00742	0.01104	0.00786	0.01186
7	0.17172	0.01924	0.08963	0.01594	0.02342	0.01523	0.01450	0.03639	0.02213	0.39035	0.02674	0.02486	0.01761	0.00979	0.00803	0.00263	0.00802	0.00755	0.00859	0.08764
8	0.02392	0.69097	0.04688	0.01531	0.02296	0.03540	0.01531	0.02679	0.01818	0.02105	0.01244	0.01435	0.01148	0.00765	0.00574	0.00191	0.00957	0.00478	0.00383	0.01148
9	0.09802	0.02307	0.02417	0.01886	0.02554	0.02543	0.01552	0.50047	0.03787	0.05233	0.02614	0.02597	0.06321	0.01146	0.00876	0.00272	0.00915	0.00862	0.00858	0.01410
10	0.02280	0.56988	0.15814	0.01722	0.02592	0.03265	0.01864	0.02708	0.01831	0.02242	0.01312	0.01520	0.01145	0.00781	0.00626	0.00209	0.01025	0.00513	0.00382	0.01181
11	0.01115	0.00798	0.01061	0.01229	0.01303	0.00743	0.00832	0.01309	0.01830	0.02470	0.13161	0.59214	0.06278	0.02664	0.01130	0.00352	0.00505	0.02411	0.00853	0.00743
12	0.03232	0.02383	0.02586	0.02009	0.02681	0.02643	0.01654	0.55359	0.03987	0.05356	0.02168	0.02256	0.01578	0.01521	0.05985	0.00361	0.01097	0.00818	0.00862	0.01464
13	0.02392	0.69097	0.04688	0.01531	0.02296	0.03540	0.01531	0.02679	0.01818	0.02105	0.01244	0.01435	0.01148	0.00765	0.00574	0.00191	0.00957	0.00478	0.00383	0.01148
14	0.01738	0.01639	0.02771	0.60795	0.11398	0.02000	0.02509	0.02328	0.01812	0.02345	0.01599	0.02369	0.01213	0.00885	0.00894	0.00295	0.01181	0.00795	0.00402	0.01033
15	0.06096	0.17886	0.02677	0.01803	0.02312	0.30331	0.01451	0.03068	0.02298	0.08979	0.09982	0.04951	0.02425	0.01097	0.00799	0.00241	0.01129	0.00801	0.00601	0.01073

[dist]
# distance from previous block
# <min> <max>
0	3

[block]
# block no. 7 follows, 19 sequences, length 9
# corresponding to MSA columns:
# 728-736
name=unknown_H
#
# <colnr> <probs for GDERKNQSTAVLIFYWHMCP>
#	G	D	E	R	K	N	Q	S	T	A	V	L	I	F	Y	W	H	M	C	P
0	0.02167	0.18596	0.41660	0.02251	0.03359	0.02506	0.02673	0.11329	0.02219	0.03090	0.01606	0.01827	0.01195	0.00865	0.00796	0.00261	0.01191	0.00642	0.00456	0.01313
1	0.02146	0.29833	0.36078	0.02132	0.03171	0.07425	0.02491	0.02829	0.01910	0.02499	0.01447	0.01690	0.01141	0.00822	0.00739	0.00243	0.01201	0.00583	0.00386	0.01232
2	0.01848	0.10409	0.58611	0.02459	0.03731	0.02209	0.03146	0.02819	0.01882	0.02768	0.01573	0.01848	0.01135	0.00842	0.00825	0.00275	0.01289	0.00645	0.00378	0.01307
3	0.01487	0.12986	0.05766	0.01312	0.01598	0.01395	0.01080	0.01754	0.01692	0.02330	0.06094	0.23821	0.03627	0.14139	0.09722	0.00535	0.00933	0.01434	0.07464	0.00831
4	0.01829	0.04383	0.57445	0.02685	0.03961	0.02098	0.09538	0.02837	0.01913	0.02837	0.01628	0.01947	0.01158	0.00839	0.00873	0.00285	0.01343	0.00705	0.00386	0.01309
5	0.02293	0.20715	0.37304	0.02186	0.03224	0.08960	0.02524	0.02998	0.01994	0.07639	0.01650	0.01841	0.01229	0.00857	0.00779	0.00254	0.01213	0.00626	0.00448	0.01265
6	0.08695	0.02517	0.02780	0.19329	0.13258	0.17128	0.05106	0.10967	0.06188	0.03107	0.01749	0.02125	0.01354	0.00918	0.00853	0.00271	0.01186	0.00746	0.00539	0.01182
7	0.01690	0.01590	0.02683	0.66408	0.06162	0.01988	0.02485	0.02286	0.01789	0.02286	0.01590	0.02385	0.01193	0.00894	0.00894	0.00298	0.01193	0.00795	0.00398	0.00994
8	0.09412	0.01976	0.03156	0.09713	0.45608	0.02013	0.02394	0.02874	0.02024	0.09678	0.01837	0.02247	0.01443	0.00843	0.00856	0.00271	0.01004	0.00778	0.00523	0.01350

[dist]
# distance from previous block
# <min> <max>
7	10

[block]
# block no. 8 follows, 19 sequences, length 8
# corresponding to MSA columns:
# 748-755
name=unknown_I
#
# <colnr> <probs for GDERKNQSTAVLIFYWHMCP>
#	G	D	E	R	K	N	Q	S	T	A	V	L	I	F	Y	W	H	M	C	P
0	0.02010	0.01488	0.01785	0.01346	0.02043	0.01152	0.01062	0.02373	0.01918	0.09700	0.02199	0.09710	0.01962	0.00963	0.00745	0.00176	0.00657	0.00807	0.00630	0.57275
1	0.01995	0.01649	0.01734	0.01596	0.01839	0.11820	0.01224	0.02267	0.01854	0.09195	0.09351	0.03634	0.02797	0.10980	0.26995	0.00808	0.07756	0.00988	0.00605	0.00914
2	0.02539	0.01860	0.02428	0.01890	0.02543	0.01816	0.08170	0.17376	0.10303	0.12104	0.02668	0.09752	0.02199	0.01150	0.00886	0.00255	0.00847	0.01001	0.00777	0.19436
3	0.07765	0.27504	0.13217	0.01902	0.02619	0.17043	0.01816	0.03046	0.07100	0.02557	0.01552	0.01754	0.01278	0.00890	0.00806	0.00238	0.03981	0.00592	0.00464	0.03876
4	0.02203	0.02142	0.03686	0.04972	0.50887	0.02150	0.09325	0.02933	0.07173	0.02987	0.01867	0.02335	0.01524	0.00828	0.00908	0.00273	0.01085	0.00846	0.00484	0.01392
5	0.01941	0.01929	0.02965	0.43466	0.09628	0.06034	0.08806	0.02743	0.08557	0.02556	0.01838	0.02433	0.01398	0.00909	0.00908	0.00292	0.01191	0.00835	0.00469	0.01100
6	0.15688	0.01410	0.01618	0.05473	0.02069	0.01474	0.01159	0.05746	0.09157	0.15798	0.14142	0.10672	0.03538	0.01374	0.00871	0.00286	0.00662	0.01139	0.06621	0.01103
7	0.02539	0.02031	0.02261	0.11246	0.02837	0.09021	0.01616	0.18695	0.02659	0.10236	0.08294	0.08121	0.04951	0.01358	0.01198	0.00296	0.09703	0.01046	0.00732	0.01159

[dist]
# distance from previous block
# <min> <max>
2	12

[block]
# block no. 9 follows, 19 sequences, length 17
# corresponding to MSA columns:
# 769-785
name=unknown_J
#
# <colnr> <probs for GDERKNQSTAVLIFYWHMCP>
#	G	D	E	R	K	N	Q	S	T	A	V	L	I	F	Y	W	H	M	C	P
0	0.07732	0.07072	0.14755	0.02700	0.14404	0.05416	0.02128	0.23976	0.02816	0.07826	0.01886	0.02050	0.01391	0.00936	0.00837	0.00265	0.01059	0.00728	0.00644	0.01378
1	0.02200	0.02385	0.16723	0.01737	0.02609	0.01607	0.01694	0.05502	0.08876	0.10086	0.02077	0.02183	0.01552	0.00840	0.00773	0.00211	0.00851	0.00671	0.00620	0.36803
2	0.02214	0.02282	0.10494	0.04132	0.40206	0.01992	0.02427	0.03032	0.09370	0.06925	0.06248	0.02675	0.02082	0.00946	0.00897	0.00274	0.00987	0.00870	0.00572	0.01372
3	0.06275	0.01963	0.06537	0.02566	0.16735	0.01804	0.01754	0.08490	0.11939	0.13412	0.05634	0.03404	0.06118	0.01154	0.00893	0.00277	0.00842	0.03433	0.00744	0.06027
4	0.02166	0.01830	0.01994	0.01723	0.04991	0.05893	0.01276	0.05783	0.13152	0.06316	0.02404	0.08343	0.02063	0.01033	0.00798	0.00213	0.00764	0.00856	0.00669	0.37735
5	0.01685	0.02945	0.31809	0.02271	0.05995	0.01630	0.06191	0.02366	0.01865	0.02727	0.02389	0.17197	0.02300	0.01260	0.00901	0.00277	0.01024	0.01107	0.00517	0.13543
6	0.01859	0.04179	0.52036	0.02797	0.04035	0.02115	0.14742	0.02840	0.01934	0.02840	0.01647	0.01995	0.01179	0.00831	0.00892	0.00287	0.01360	0.00741	0.00393	0.01299
7	0.01954	0.01649	0.01908	0.01372	0.02162	0.01294	0.01101	0.05957	0.02006	0.03090	0.01626	0.01874	0.01338	0.00689	0.00677	0.00141	0.00683	0.00548	0.00553	0.69376
8	0.02081	0.01989	0.03390	0.20987	0.48525	0.02091	0.02679	0.02629	0.01974	0.02761	0.01659	0.02258	0.01360	0.00822	0.00888	0.00274	0.01096	0.00797	0.00431	0.01309
9	0.01646	0.01588	0.09721	0.01390	0.01851	0.01199	0.01247	0.02356	0.09540	0.08494	0.29199	0.05770	0.19134	0.01663	0.00997	0.00289	0.00615	0.01417	0.00868	0.01017
10	0.01844	0.01747	0.02962	0.48511	0.22855	0.02028	0.02561	0.02421	0.01862	0.02473	0.01617	0.02335	0.01259	0.00866	0.00892	0.00289	0.01154	0.00796	0.00411	0.01118
11	0.02124	0.02034	0.03469	0.15911	0.53259	0.02102	0.02701	0.02667	0.01995	0.02814	0.01667	0.02243	0.01379	0.00814	0.00887	0.00271	0.01085	0.00797	0.00435	0.01345
12	0.02214	0.02126	0.03631	0.05491	0.62978	0.02126	0.02746	0.02746	0.02037	0.02923	0.01683	0.02214	0.01417	0.00797	0.00886	0.00266	0.01063	0.00797	0.00443	0.01417
13	0.01855	0.01590	0.01855	0.01325	0.02120	0.01193	0.01060	0.02253	0.01855	0.02915	0.01590	0.01855	0.01325	0.00663	0.00663	0.00133	0.00663	0.00530	0.00530	0.74028
14	0.74878	0.01730	0.01315	0.01177	0.01730	0.02007	0.00969	0.02630	0.01523	0.04014	0.01246	0.01453	0.00969	0.00830	0.00554	0.00277	0.00692	0.00484	0.00554	0.00969
15	0.01855	0.01590	0.01855	0.01325	0.02120	0.01193	0.01060	0.02253	0.01855	0.02915	0.01590	0.01855	0.01325	0.00663	0.00663	0.00133	0.00663	0.00530	0.00530	0.74028
16	0.02214	0.02126	0.03631	0.05491	0.62978	0.02126	0.02746	0.02746	0.02037	0.02923	0.01683	0.02214	0.01417	0.00797	0.00886	0.00266	0.01063	0.00797	0.00443	0.01417

[dist]
# distance from previous block
# <min> <max>
0	4

[block]
# block no. 10 follows, 19 sequences, length 168
# corresponding to MSA columns:
# 790-957
name=unknown_K
#
# <colnr> <probs for GDERKNQSTAVLIFYWHMCP>
#	G	D	E	R	K	N	Q	S	T	A	V	L	I	F	Y	W	H	M	C	P
0	0.02910	0.03446	0.02955	0.03524	0.25806	0.40920	0.02118	0.03256	0.02345	0.02470	0.01498	0.01843	0.01254	0.00874	0.00837	0.00244	0.01403	0.00661	0.00454	0.01183
1	0.02247	0.02157	0.03322	0.04384	0.43179	0.05262	0.06039	0.05651	0.02162	0.03007	0.01858	0.02588	0.01600	0.00893	0.00889	0.00260	0.01060	0.03864	0.00498	0.09081
2	0.01358	0.01006	0.01100	0.01036	0.01226	0.00945	0.00691	0.04398	0.01788	0.02322	0.07929	0.06394	0.22773	0.36165	0.02824	0.00581	0.00703	0.01443	0.00678	0.04641
3	0.02181	0.02091	0.03571	0.09394	0.59337	0.02117	0.02729	0.02716	0.02021	0.02882	0.01677	0.02225	0.01403	0.00803	0.00886	0.00268	0.01071	0.00797	0.00440	0.01390
4	0.02448	0.01890	0.02120	0.01619	0.02340	0.01797	0.01305	0.18490	0.12171	0.06933	0.02175	0.02237	0.01652	0.00887	0.00778	0.00205	0.00763	0.00702	0.00721	0.38768
5	0.02010	0.03342	0.32937	0.04062	0.34249	0.02102	0.03018	0.02788	0.01965	0.02879	0.01645	0.02056	0.01279	0.00823	0.00868	0.00274	0.01189	0.00731	0.00411	0.01371
6	0.31717	0.01694	0.02094	0.32953	0.03970	0.02004	0.01764	0.05685	0.01853	0.06360	0.01581	0.02027	0.01173	0.00889	0.00756	0.00287	0.00955	0.00675	0.00525	0.01040
7	0.01794	0.04628	0.63923	0.02550	0.03872	0.02078	0.03305	0.02833	0.01889	0.02833	0.01606	0.01889	0.01133	0.00850	0.00850	0.00283	0.01322	0.00661	0.00378	0.01322
8	0.01794	0.04628	0.63923	0.02550	0.03872	0.02078	0.03305	0.02833	0.01889	0.02833	0.01606	0.01889	0.01133	0.00850	0.00850	0.00283	0.01322	0.00661	0.00378	0.01322
9	0.01090	0.00779	0.01038	0.01246	0.01298	0.00727	0.00830	0.01246	0.01713	0.02284	0.04931	0.67975	0.05917	0.02803	0.01142	0.00363	0.00519	0.02543	0.00830	0.00727
10	0.01855	0.01590	0.01855	0.01325	0.02120	0.01193	0.01060	0.02253	0.01855	0.02915	0.01590	0.01855	0.01325	0.00663	0.00663	0.00133	0.00663	0.00530	0.00530	0.74028
11	0.02974	0.03492	0.02366	0.02145	0.02621	0.44290	0.01626	0.03962	0.21922	0.02701	0.02127	0.02182	0.01673	0.01018	0.00841	0.00255	0.01315	0.00720	0.00609	0.01162
12	0.01057	0.00906	0.00906	0.00906	0.01208	0.00755	0.00680	0.01284	0.02039	0.02417	0.09063	0.08610	0.62615	0.02266	0.01057	0.00302	0.00453	0.01888	0.00831	0.00755
13	0.01278	0.00959	0.01438	0.01438	0.01598	0.01118	0.01118	0.01598	0.01438	0.02077	0.02396	0.03515	0.02237	0.06710	0.65013	0.01438	0.02396	0.00959	0.00479	0.00799
