[name]
unknown

[dist]
# distance from previous block
# <min> <max>
0	46

[block]
# block no. 0 follows, 26 sequences, length 18
# corresponding to MSA columns:
# 47-64
name=unknown_A
#
# <colnr> <probs for GDERKNQSTAVLIFYWHMCP>
#	G	D	E	R	K	N	Q	S	T	A	V	L	I	F	Y	W	H	M	C	P
0	0.01493	0.03631	0.62867	0.02088	0.03119	0.01676	0.02651	0.02322	0.01615	0.02389	0.01616	0.02269	0.01288	0.00853	0.00752	0.00251	0.01080	0.06603	0.00357	0.01080
1	0.07042	0.01130	0.07588	0.01073	0.01365	0.00891	0.00924	0.01586	0.02029	0.03008	0.56667	0.04937	0.06078	0.01406	0.00845	0.00238	0.00449	0.01221	0.00758	0.00763
2	0.01657	0.17609	0.49891	0.01931	0.02891	0.02020	0.02349	0.02532	0.07891	0.02353	0.01466	0.01643	0.01093	0.00736	0.00679	0.00226	0.01009	0.00558	0.00364	0.01099
3	0.01920	0.01868	0.02931	0.04294	0.60491	0.04813	0.02202	0.02492	0.06872	0.02505	0.01546	0.01930	0.01279	0.00708	0.00750	0.00226	0.00898	0.00682	0.00407	0.01187
4	0.08417	0.00760	0.00917	0.01048	0.01150	0.00744	0.00731	0.01206	0.01454	0.02083	0.03965	0.55313	0.07678	0.05448	0.01055	0.00321	0.00482	0.05923	0.00670	0.00635
5	0.01877	0.01802	0.03079	0.04656	0.68612	0.01802	0.02328	0.02328	0.01727	0.02478	0.01427	0.01877	0.01201	0.00676	0.00751	0.00225	0.00901	0.00676	0.00375	0.01201
6	0.02174	0.01772	0.01877	0.01602	0.02082	0.02021	0.01270	0.21891	0.48913	0.03636	0.02723	0.02540	0.02020	0.00995	0.00768	0.00249	0.00668	0.00807	0.00768	0.01226
7	0.01754	0.01676	0.02856	0.23176	0.51055	0.01770	0.02267	0.02220	0.01669	0.02328	0.01405	0.01917	0.01149	0.00699	0.00753	0.00233	0.00932	0.00675	0.00365	0.01102
8	0.01081	0.00726	0.00834	0.00856	0.00861	0.00720	0.00490	0.01097	0.01147	0.01529	0.02613	0.13425	0.03039	0.64498	0.03500	0.00682	0.00699	0.01234	0.00490	0.00479
9	0.01114	0.00830	0.01160	0.01378	0.05028	0.00810	0.01008	0.01377	0.01638	0.02177	0.08671	0.31422	0.07755	0.02252	0.04434	0.00358	0.00640	0.26576	0.00678	0.00693
10	0.02883	0.02125	0.02276	0.01745	0.02352	0.02352	0.01442	0.66082	0.03566	0.04780	0.01821	0.01821	0.01290	0.00911	0.00759	0.00228	0.00835	0.00683	0.00759	0.01290
11	0.06247	0.01103	0.01448	0.01206	0.01626	0.00997	0.00977	0.02741	0.02091	0.39804	0.24297	0.03920	0.03717	0.01204	0.00810	0.00244	0.00552	0.05110	0.00866	0.01040
12	0.01318	0.00659	0.00988	0.00988	0.00988	0.00659	0.00659	0.00988	0.00988	0.01318	0.01318	0.02306	0.01318	0.02635	0.02964	0.77931	0.00659	0.00659	0.00329	0.00329
13	0.01899	0.02059	0.02288	0.01984	0.02064	0.16194	0.01620	0.02071	0.01363	0.01832	0.01032	0.01600	0.00992	0.01216	0.02121	0.00304	0.57551	0.00628	0.00344	0.00840
14	0.02840	0.03418	0.02166	0.01927	0.02346	0.61328	0.01462	0.11353	0.02337	0.02242	0.01258	0.01428	0.01018	0.00799	0.00694	0.00200	0.01297	0.00514	0.00439	0.00934
15	0.01073	0.00774	0.01017	0.00983	0.01154	0.00718	0.00741	0.01418	0.02088	0.02941	0.61342	0.09525	0.06894	0.01625	0.00907	0.00248	0.00380	0.04642	0.00821	0.00709
16	0.01823	0.01747	0.02980	0.12844	0.60849	0.01788	0.02301	0.02280	0.01701	0.02412	0.01417	0.01895	0.01178	0.00686	0.00752	0.00229	0.00915	0.00676	0.00371	0.01158
17	0.01084	0.00813	0.01219	0.01219	0.01354	0.00948	0.00948	0.01354	0.01219	0.01761	0.02032	0.02980	0.01896	0.05689	0.70337	0.01219	0.02032	0.00813	0.00406	0.00677

[dist]
# distance from previous block
# <min> <max>
0	15

[block]
# block no. 1 follows, 26 sequences, length 31
# corresponding to MSA columns:
# 80-110
name=unknown_B
#
# <colnr> <probs for GDERKNQSTAVLIFYWHMCP>
#	G	D	E	R	K	N	Q	S	T	A	V	L	I	F	Y	W	H	M	C	P
0	0.06949	0.02089	0.02214	0.01705	0.02305	0.02317	0.01408	0.62658	0.03444	0.04706	0.01780	0.01790	0.01265	0.00899	0.00743	0.00228	0.00821	0.00668	0.00743	0.01265
1	0.01318	0.00659	0.00988	0.00988	0.00988	0.00659	0.00659	0.00988	0.00988	0.01318	0.01318	0.02306	0.01318	0.02635	0.02964	0.77931	0.00659	0.00659	0.00329	0.00329
2	0.02525	0.01102	0.01477	0.01214	0.01652	0.00969	0.00984	0.02833	0.02116	0.44188	0.20496	0.03994	0.07265	0.01220	0.00821	0.00243	0.00557	0.04390	0.00885	0.01069
3	0.00933	0.00664	0.00878	0.01045	0.01087	0.00622	0.00692	0.01058	0.01435	0.01914	0.04095	0.69586	0.04908	0.05787	0.01107	0.00329	0.00454	0.02106	0.00692	0.00609
4	0.01877	0.01802	0.03079	0.04656	0.68612	0.01802	0.02328	0.02328	0.01727	0.02478	0.01427	0.01877	0.01201	0.00676	0.00751	0.00225	0.00901	0.00676	0.00375	0.01201
5	0.02353	0.01797	0.01948	0.01578	0.02090	0.01958	0.01267	0.40684	0.16850	0.03945	0.02319	0.09896	0.01911	0.01072	0.00770	0.00234	0.00720	0.00866	0.00732	0.07011
6	0.01877	0.01802	0.03079	0.04656	0.68612	0.01802	0.02328	0.02328	0.01727	0.02478	0.01427	0.01877	0.01201	0.00676	0.00751	0.00225	0.00901	0.00676	0.00375	0.01201
7	0.01887	0.01629	0.01715	0.01544	0.01972	0.01887	0.01201	0.04031	0.67241	0.03173	0.03087	0.02830	0.02315	0.01029	0.00772	0.00257	0.00600	0.00858	0.00772	0.01201
8	0.02519	0.01736	0.01969	0.01559	0.02059	0.01887	0.01277	0.41907	0.02817	0.10976	0.01952	0.02082	0.01444	0.01491	0.09229	0.00344	0.03975	0.00696	0.05166	0.04916
9	0.01103	0.00735	0.00827	0.00827	0.00827	0.00735	0.00460	0.01103	0.01103	0.01471	0.02390	0.04964	0.02758	0.73343	0.03861	0.00735	0.00735	0.01103	0.00460	0.00460
10	0.02883	0.02125	0.02276	0.01745	0.02352	0.02352	0.01442	0.66082	0.03566	0.04780	0.01821	0.01821	0.01290	0.00911	0.00759	0.00228	0.00835	0.00683	0.00759	0.01290
11	0.01432	0.01348	0.02275	0.71520	0.05224	0.01685	0.02107	0.01938	0.01517	0.01938	0.01348	0.02022	0.01011	0.00758	0.00758	0.00253	0.01011	0.00674	0.00337	0.00843
12	0.02796	0.06848	0.02234	0.01924	0.02327	0.67198	0.01458	0.02994	0.02121	0.01853	0.01167	0.01361	0.00977	0.00776	0.00675	0.00194	0.01342	0.00485	0.00388	0.00884
13	0.02883	0.02125	0.02276	0.01745	0.02352	0.02352	0.01442	0.66082	0.03566	0.04780	0.01821	0.01821	0.01290	0.00911	0.00759	0.00228	0.00835	0.00683	0.00759	0.01290
14	0.01673	0.01345	0.01583	0.01136	0.01805	0.01017	0.00911	0.02007	0.01605	0.06104	0.01438	0.01628	0.01165	0.00582	0.00573	0.00119	0.00566	0.00466	0.00476	0.73802
15	0.01188	0.00801	0.01050	0.00974	0.01172	0.00735	0.00735	0.01542	0.02148	0.06276	0.65019	0.05515	0.06899	0.01521	0.00888	0.00238	0.00372	0.01342	0.00840	0.00744
16	0.01041	0.00709	0.00845	0.00906	0.00921	0.00694	0.00544	0.01087	0.01223	0.01631	0.03007	0.28354	0.03536	0.48890	0.02864	0.00588	0.00634	0.01466	0.00544	0.00514
17	0.00939	0.00671	0.00893	0.01046	0.01103	0.00626	0.00705	0.01093	0.01521	0.02046	0.10512	0.66205	0.05228	0.02295	0.00961	0.00301	0.00432	0.02079	0.00717	0.00626
18	0.00924	0.00660	0.00880	0.01056	0.01100	0.00616	0.00704	0.01056	0.01452	0.01936	0.04181	0.72848	0.05017	0.02376	0.00968	0.00308	0.00440	0.02156	0.00704	0.00616
19	0.78701	0.01467	0.01115	0.00997	0.01467	0.01702	0.00821	0.02230	0.01291	0.03403	0.01056	0.01232	0.00821	0.00704	0.00469	0.00235	0.00587	0.00411	0.00469	0.00821
20	0.01877	0.01802	0.03079	0.04656	0.68612	0.01802	0.02328	0.02328	0.01727	0.02478	0.01427	0.01877	0.01201	0.00676	0.00751	0.00225	0.00901	0.00676	0.00375	0.01201
21	0.01414	0.00707	0.00707	0.00707	0.00884	0.00707	0.00530	0.01767	0.01591	0.02828	0.02474	0.02828	0.01944	0.00884	0.00530	0.00177	0.00353	0.00707	0.77554	0.00707
22	0.01084	0.00813	0.01219	0.01219	0.01354	0.00948	0.00948	0.01354	0.01219	0.01761	0.02032	0.02980	0.01896	0.05689	0.70337	0.01219	0.02032	0.00813	0.00406	0.00677
23	0.01659	0.01659	0.02323	0.01991	0.01991	0.02323	0.01659	0.01825	0.01162	0.01825	0.00996	0.01659	0.00996	0.01328	0.02489	0.00332	0.71955	0.00664	0.00332	0.00830
24	0.01103	0.00735	0.00827	0.00827	0.00827	0.00735	0.00460	0.01103	0.01103	0.01471	0.02390	0.04964	0.02758	0.73343	0.03861	0.00735	0.00735	0.01103	0.00460	0.00460
25	0.01877	0.01802	0.03079	0.04656	0.68612	0.01802	0.02328	0.02328	0.01727	0.02478	0.01427	0.01877	0.01201	0.00676	0.00751	0.00225	0.00901	0.00676	0.00375	0.01201
26	0.03102	0.01300	0.01718	0.01337	0.01880	0.01169	0.01096	0.08404	0.02279	0.56658	0.10165	0.02865	0.02419	0.01005	0.00777	0.00235	0.00628	0.00824	0.00913	0.01227
27	0.01604	0.17575	0.49066	0.01995	0.05256	0.01936	0.02337	0.02304	0.01633	0.02327	0.06044	0.01823	0.01412	0.00764	0.00687	0.00224	0.00997	0.00591	0.00360	0.01066
28	0.02073	0.59063	0.12182	0.01413	0.02117	0.02692	0.01476	0.02402	0.01599	0.07236	0.01248	0.01375	0.01044	0.00681	0.00539	0.00178	0.00838	0.00454	0.00373	0.01018
29	0.01856	0.43306	0.17320	0.01506	0.02194	0.02412	0.01585	0.04915	0.07089	0.02188	0.01726	0.02099	0.03688	0.00835	0.00618	0.00203	0.00839	0.04198	0.00413	0.01008
30	0.01916	0.42552	0.24085	0.01657	0.02397	0.08000	0.01799	0.02349	0.01589	0.01985	0.01156	0.01372	0.00971	0.00718	0.00683	0.00198	0.04767	0.00474	0.00329	0.01004

[dist]
# distance from previous block
# <min> <max>
14	19

[block]
# block no. 2 follows, 26 sequences, length 87
# corresponding to MSA columns:
# 132-218
name=unknown_C
#
# <colnr> <probs for GDERKNQSTAVLIFYWHMCP>
#	G	D	E	R	K	N	Q	S	T	A	V	L	I	F	Y	W	H	M	C	P
0	0.76138	0.03885	0.01210	0.01008	0.01483	0.01745	0.00837	0.02231	0.01299	0.03349	0.01056	0.01232	0.00827	0.00702	0.00470	0.00232	0.00594	0.00411	0.00465	0.00827
1	0.05372	0.13094	0.02362	0.01831	0.02260	0.58743	0.01420	0.02898	0.02037	0.01901	0.01152	0.01343	0.00971	0.00761	0.00650	0.00192	0.01265	0.00475	0.00385	0.00890
2	0.01151	0.00794	0.01030	0.00960	0.01158	0.00727	0.00724	0.01499	0.02128	0.05446	0.62897	0.05630	0.09886	0.01546	0.00890	0.00239	0.00370	0.01360	0.00833	0.00733
3	0.01653	0.22077	0.52412	0.01937	0.02936	0.02084	0.02412	0.02368	0.01586	0.02242	0.01282	0.01501	0.00964	0.00702	0.00660	0.00220	0.01040	0.00520	0.00321	0.01083
4	0.09298	0.14874	0.04899	0.01358	0.01969	0.01582	0.01205	0.05407	0.02006	0.46266	0.02366	0.02151	0.01565	0.00856	0.00685	0.00221	0.00697	0.00656	0.00755	0.01186
5	0.01103	0.00735	0.00827	0.00827	0.00827	0.00735	0.00460	0.01103	0.01103	0.01471	0.02390	0.04964	0.02758	0.73343	0.03861	0.00735	0.00735	0.01103	0.00460	0.00460
6	0.01432	0.01348	0.02275	0.71520	0.05224	0.01685	0.02107	0.01938	0.01517	0.01938	0.01348	0.02022	0.01011	0.00758	0.00758	0.00253	0.01011	0.00674	0.00337	0.00843
7	0.01726	0.01663	0.02879	0.26756	0.44527	0.01769	0.05269	0.02203	0.01660	0.02297	0.01406	0.01933	0.01136	0.00701	0.00760	0.00236	0.00956	0.00686	0.00363	0.01074
8	0.02028	0.73799	0.03975	0.01298	0.01947	0.03001	0.01298	0.02271	0.01541	0.01785	0.01055	0.01217	0.00973	0.00649	0.00487	0.00162	0.00811	0.00406	0.00324	0.00973
9	0.01103	0.00735	0.00827	0.00827	0.00827	0.00735	0.00460	0.01103	0.01103	0.01471	0.02390	0.04964	0.02758	0.73343	0.03861	0.00735	0.00735	0.01103	0.00460	0.00460
10	0.09120	0.01401	0.01695	0.01376	0.01908	0.01381	0.01115	0.03671	0.20518	0.45100	0.02861	0.02542	0.01915	0.00945	0.00741	0.00241	0.00628	0.00761	0.00853	0.01227
11	0.02883	0.02125	0.02276	0.01745	0.02352	0.02352	0.01442	0.66082	0.03566	0.04780	0.01821	0.01821	0.01290	0.00911	0.00759	0.00228	0.00835	0.00683	0.00759	0.01290
12	0.01432	0.01348	0.02275	0.71520	0.05224	0.01685	0.02107	0.01938	0.01517	0.01938	0.01348	0.02022	0.01011	0.00758	0.00758	0.00253	0.01011	0.00674	0.00337	0.00843
13	0.01026	0.00761	0.00957	0.00935	0.01111	0.00691	0.00691	0.01330	0.01996	0.02745	0.50517	0.13737	0.17279	0.01709	0.00903	0.00250	0.00372	0.01502	0.00798	0.00691
14	0.01318	0.00659	0.00988	0.00988	0.00988	0.00659	0.00659	0.00988	0.00988	0.01318	0.01318	0.02306	0.01318	0.02635	0.02964	0.77931	0.00659	0.00659	0.00329	0.00329
15	0.00924	0.00660	0.00880	0.01056	0.01100	0.00616	0.00704	0.01056	0.01452	0.01936	0.04181	0.72848	0.05017	0.02376	0.00968	0.00308	0.00440	0.02156	0.00704	0.00616
16	0.01887	0.01629	0.01715	0.01544	0.01972	0.01887	0.01201	0.04031	0.67241	0.03173	0.03087	0.02830	0.02315	0.01029	0.00772	0.00257	0.00600	0.00858	0.00772	0.01201
17	0.01084	0.00813	0.01219	0.01219	0.01354	0.00948	0.00948	0.01354	0.01219	0.01761	0.02032	0.02980	0.01896	0.05689	0.70337	0.01219	0.02032	0.00813	0.00406	0.00677
18	0.01432	0.01348	0.02275	0.71520	0.05224	0.01685	0.02107	0.01938	0.01517	0.01938	0.01348	0.02022	0.01011	0.00758	0.00758	0.00253	0.01011	0.00674	0.00337	0.00843
19	0.01593	0.07154	0.63976	0.02107	0.03187	0.01841	0.02684	0.04627	0.01667	0.02456	0.01363	0.01591	0.00973	0.00724	0.00711	0.00236	0.01096	0.00557	0.00336	0.01120
20	0.01684	0.26331	0.48428	0.01885	0.02854	0.02159	0.02320	0.02360	0.01582	0.02204	0.01263	0.01478	0.00965	0.00698	0.00646	0.00215	0.01022	0.00511	0.00322	0.01074
21	0.01106	0.00731	0.00825	0.00834	0.00842	0.00729	0.00474	0.01125	0.01138	0.01543	0.02479	0.08131	0.02835	0.67261	0.03599	0.00694	0.00707	0.01139	0.03331	0.00476
22	0.02027	0.01447	0.01698	0.01243	0.01895	0.01211	0.01006	0.11016	0.01937	0.12768	0.01659	0.01758	0.01259	0.00666	0.00619	0.00147	0.00612	0.00528	0.00565	0.55938
23	0.02263	0.01337	0.01636	0.01249	0.01842	0.01141	0.01006	0.02798	0.09573	0.27098	0.04890	0.02260	0.01788	0.00796	0.00674	0.00180	0.00589	0.00651	0.00683	0.37547
24	0.00922	0.00667	0.00873	0.01039	0.01096	0.00618	0.00696	0.01058	0.01469	0.01943	0.04390	0.68925	0.08804	0.02349	0.00964	0.00305	0.00437	0.02123	0.00704	0.00618
25	0.01622	0.01390	0.01733	0.04582	0.02048	0.01141	0.03633	0.05731	0.01693	0.02557	0.01521	0.05082	0.01318	0.00683	0.00616	0.00141	0.00623	0.00575	0.00472	0.62838
26	0.68632	0.07650	0.04574	0.01078	0.01593	0.01813	0.00955	0.02241	0.01326	0.03220	0.01070	0.01248	0.00841	0.00700	0.00483	0.00229	0.00631	0.00417	0.00450	0.00848
27	0.02824	0.02095	0.02243	0.01733	0.02329	0.02324	0.01427	0.62369	0.07377	0.04684	0.01897	0.01881	0.01351	0.00918	0.00760	0.00229	0.00821	0.00693	0.00760	0.01285
28	0.05886	0.01857	0.01803	0.01533	0.01991	0.09150	0.01213	0.21065	0.28280	0.06644	0.08005	0.02692	0.04486	0.01024	0.00758	0.00239	0.00723	0.00811	0.00724	0.01118
29	0.00964	0.00696	0.00896	0.01027	0.01102	0.00650	0.00705	0.01119	0.01512	0.02003	0.08673	0.53446	0.10187	0.08064	0.01198	0.00336	0.00469	0.05642	0.00693	0.00617
30	0.01910	0.01628	0.01714	0.01527	0.01961	0.01869	0.01192	0.07637	0.61044	0.03228	0.03179	0.02932	0.04658	0.01054	0.00776	0.00255	0.00606	0.00874	0.00769	0.01186
31	0.02798	0.02082	0.02228	0.01728	0.02320	0.02312	0.01421	0.60746	0.09042	0.04642	0.01930	0.01908	0.01378	0.00921	0.00760	0.00230	0.00815	0.00698	0.00760	0.01282
32	0.02028	0.73799	0.03975	0.01298	0.01947	0.03001	0.01298	0.02271	0.01541	0.01785	0.01055	0.01217	0.00973	0.00649	0.00487	0.00162	0.00811	0.00406	0.00324	0.00973
33	0.01414	0.00707	0.00707	0.00707	0.00884	0.00707	0.00530	0.01767	0.01591	0.02828	0.02474	0.02828	0.01944	0.00884	0.00530	0.00177	0.00353	0.00707	0.77554	0.00707
34	0.78701	0.01467	0.01115	0.00997	0.01467	0.01702	0.00821	0.02230	0.01291	0.03403	0.01056	0.01232	0.00821	0.00704	0.00469	0.00235	0.00587	0.00411	0.00469	0.00821
35	0.01318	0.00659	0.00988	0.00988	0.00988	0.00659	0.00659	0.00988	0.00988	0.01318	0.01318	0.02306	0.01318	0.02635	0.02964	0.77931	0.00659	0.00659	0.00329	0.00329
36	0.78701	0.01467	0.01115	0.00997	0.01467	0.01702	0.00821	0.02230	0.01291	0.03403	0.01056	0.01232	0.00821	0.00704	0.00469	0.00235	0.00587	0.00411	0.00469	0.00821
37	0.01414	0.00707	0.00707	0.00707	0.00884	0.00707	0.00530	0.01767	0.01591	0.02828	0.02474	0.02828	0.01944	0.00884	0.00530	0.00177	0.00353	0.00707	0.77554	0.00707
38	0.01469	0.01159	0.01400	0.01441	0.01709	0.01257	0.01194	0.02507	0.27176	0.02608	0.03662	0.08831	0.03594	0.01692	0.00937	0.00312	0.00650	0.36786	0.00727	0.00890
39	0.00924	0.00660	0.00880	0.01056	0.01100	0.00616	0.00704	0.01056	0.01452	0.01936	0.04181	0.72848	0.05017	0.02376	0.00968	0.00308	0.00440	0.02156	0.00704	0.00616
40	0.01432	0.01348	0.02275	0.71520	0.05224	0.01685	0.02107	0.01938	0.01517	0.01938	0.01348	0.02022	0.01011	0.00758	0.00758	0.00253	0.01011	0.00674	0.00337	0.00843
41	0.03295	0.01267	0.01726	0.01331	0.01899	0.01096	0.01096	0.03591	0.02170	0.66072	0.06017	0.02725	0.02122	0.00967	0.00769	0.00235	0.00632	0.00791	0.00934	0.01264
42	0.78701	0.01467	0.01115	0.00997	0.01467	0.01702	0.00821	0.02230	0.01291	0.03403	0.01056	0.01232	0.00821	0.00704	0.00469	0.00235	0.00587	0.00411	0.00469	0.00821
43	0.01790	0.02046	0.04476	0.03197	0.03964	0.01918	0.65857	0.02430	0.01790	0.02430	0.01535	0.02046	0.01151	0.00639	0.00895	0.00256	0.01279	0.00895	0.00384	0.01023
44	0.01222	0.00873	0.01222	0.01397	0.01572	0.00873	0.01222	0.01572	0.01746	0.02270	0.04016	0.08556	0.04365	0.02095	0.01048	0.00349	0.00698	0.63506	0.00698	0.00698
45	0.01197	0.00865	0.01187	0.01349	0.01530	0.00855	0.01173	0.01534	0.01745	0.02253	0.04297	0.08460	0.09266	0.02082	0.01036	0.00342	0.00674	0.58761	0.00699	0.00694
46	0.00943	0.00674	0.00901	0.01068	0.01123	0.00631	0.00729	0.01093	0.01490	0.01990	0.06397	0.67533	0.05061	0.02335	0.00969	0.00308	0.00449	0.04974	0.00708	0.00623
47	0.03403	0.01291	0.01760	0.01350	0.01936	0.01115	0.01115	0.03697	0.02171	0.69137	0.02992	0.02582	0.01878	0.00939	0.00763	0.00235	0.00645	0.00763	0.00939	0.01291
48	0.01790	0.02046	0.04476	0.03197	0.03964	0.01918	0.65857	0.02430	0.01790	0.02430	0.01535	0.02046	0.01151	0.00639	0.00895	0.00256	0.01279	0.00895	0.00384	0.01023
49	0.09530	0.01305	0.01708	0.01321	0.01898	0.01163	0.01091	0.03577	0.02099	0.63788	0.02835	0.02472	0.01792	0.00920	0.00739	0.00235	0.00641	0.00734	0.00901	0.01253
50	0.00924	0.00660	0.00880	0.01056	0.01100	0.00616	0.00704	0.01056	0.01452	0.01936	0.04181	0.72848	0.05017	0.02376	0.00968	0.00308	0.00440	0.02156	0.00704	0.00616
51	0.01045	0.00803	0.00964	0.00978	0.01162	0.00750	0.00721	0.01415	0.05980	0.02483	0.29721	0.22007	0.23454	0.01836	0.00910	0.00265	0.00411	0.03635	0.00759	0.00701
52	0.01017	0.00803	0.00942	0.01100	0.01160	0.03992	0.00741	0.01152	0.01486	0.01932	0.04035	0.69385	0.04821	0.02299	0.00954	0.00303	0.00485	0.02076	0.00689	0.00629
53	0.01665	0.01674	0.02406	0.02038	0.02068	0.02308	0.04141	0.01849	0.01186	0.01849	0.01017	0.01674	0.01002	0.01301	0.02428	0.00329	0.69223	0.00673	0.00334	0.00837
54	0.01079	0.00740	0.00848	0.00851	0.00885	0.00731	0.00507	0.01125	0.01216	0.01614	0.05896	0.07442	0.08032	0.59631	0.05818	0.00678	0.00728	0.01179	0.00502	0.00499
55	0.00924	0.00660	0.00880	0.01056	0.01100	0.00616	0.00704	0.01056	0.01452	0.01936	0.04181	0.72848	0.05017	0.02376	0.00968	0.00308	0.00440	0.02156	0.00704	0.00616
56	0.78701	0.01467	0.01115	0.00997	0.01467	0.01702	0.00821	0.02230	0.01291	0.03403	0.01056	0.01232	0.00821	0.00704	0.00469	0.00235	0.00587	0.00411	0.00469	0.00821
57	0.01432	0.01348	0.02275	0.71520	0.05224	0.01685	0.02107	0.01938	0.01517	0.01938	0.01348	0.02022	0.01011	0.00758	0.00758	0.00253	0.01011	0.00674	0.00337	0.00843
58	0.02010	0.71390	0.06232	0.01328	0.01993	0.02959	0.01350	0.02276	0.01543	0.01806	0.01065	0.01230	0.00973	0.00651	0.00495	0.00165	0.00822	0.00411	0.00324	0.00978
59	0.01318	0.00659	0.00988	0.00988	0.00988	0.00659	0.00659	0.00988	0.00988	0.01318	0.01318	0.02306	0.01318	0.02635	0.02964	0.77931	0.00659	0.00659	0.00329	0.00329
60	0.01932	0.01659	0.01797	0.01680	0.04712	0.01905	0.01258	0.06838	0.61612	0.03219	0.02961	0.02744	0.02222	0.01009	0.00770	0.00255	0.00623	0.00842	0.00755	0.01205
61	0.01318	0.00659	0.00988	0.00988	0.00988	0.00659	0.00659	0.00988	0.00988	0.01318	0.01318	0.02306	0.01318	0.02635	0.02964	0.77931	0.00659	0.00659	0.00329	0.00329
62	0.02482	0.01845	0.02027	0.01542	0.02158	0.01896	0.01262	0.42227	0.05960	0.06672	0.01794	0.01829	0.01315	0.00818	0.00703	0.00196	0.00738	0.00628	0.00678	0.23230
63	0.07209	0.17021	0.52033	0.01913	0.02897	0.01993	0.02373	0.02365	0.01567	0.02357	0.01281	0.01502	0.00953	0.00706	0.00658	0.00225	0.01023	0.00520	0.00332	0.01071
64	0.03312	0.01336	0.01776	0.01373	0.01953	0.01195	0.01130	0.05890	0.05372	0.63694	0.02956	0.02567	0.01878	0.00942	0.00763	0.00236	0.00650	0.00765	0.00924	0.01286
65	0.00945	0.00675	0.00904	0.01080	0.01134	0.00634	0.00741	0.01093	0.01473	0.01960	0.04169	0.68290	0.04971	0.02356	0.00974	0.00311	0.00458	0.06505	0.00704	0.00622
66	0.02180	0.01762	0.02065	0.04703	0.06261	0.04110	0.04450	0.16364	0.35177	0.07950	0.02549	0.02651	0.01934	0.00981	0.00780	0.00249	0.00748	0.03208	0.00706	0.01172
67	0.00922	0.00667	0.00873	0.01039	0.01096	0.00618	0.00696	0.01058	0.01469	0.01943	0.04390	0.68925	0.08804	0.02349	0.00964	0.00305	0.00437	0.02123	0.00704	0.00618
68	0.01704	0.02460	0.20576	0.02763	0.03611	0.01803	0.44538	0.02379	0.01725	0.02426	0.01475	0.01894	0.01101	0.00653	0.00823	0.00240	0.01179	0.00774	0.00373	0.07502
69	0.06326	0.01346	0.01529	0.01148	0.01758	0.01122	0.00917	0.02224	0.07394	0.06881	0.01644	0.01788	0.01298	0.00651	0.00586	0.00143	0.00562	0.00516	0.04198	0.57970
70	0.00924	0.00660	0.00880	0.01056	0.01100	0.00616	0.00704	0.01056	0.01452	0.01936	0.04181	0.72848	0.05017	0.02376	0.00968	0.00308	0.00440	0.02156	0.00704	0.00616
71	0.02028	0.73799	0.03975	0.01298	0.01947	0.03001	0.01298	0.02271	0.01541	0.01785	0.01055	0.01217	0.00973	0.00649	0.00487	0.00162	0.00811	0.00406	0.00324	0.00973
72	0.02025	0.01585	0.01714	0.01510	0.01949	0.01790	0.01183	0.06888	0.55655	0.08803	0.06038	0.02892	0.02453	0.01040	0.00776	0.00253	0.00604	0.00865	0.00788	0.01190
73	0.01521	0.03923	0.69413	0.02162	0.03283	0.01762	0.02802	0.02402	0.01601	0.02402	0.01361	0.01601	0.00961	0.00721	0.00721	0.00240	0.01121	0.00560	0.00320	0.01121
74	0.01934	0.01653	0.01742	0.01553	0.01990	0.01909	0.01212	0.06975	0.64220	0.03249	0.03027	0.02782	0.02267	0.01023	0.00771	0.00256	0.00611	0.00849	0.00771	0.01205
75	0.01338	0.00782	0.01219	0.13625	0.01747	0.00843	0.00918	0.01158	0.01083	0.01429	0.01323	0.02255	0.01263	0.02299	0.02569	0.64014	0.00722	0.00662	0.00331	0.00421
76	0.01887	0.01629	0.01715	0.01544	0.01972	0.01887	0.01201	0.04031	0.67241	0.03173	0.03087	0.02830	0.02315	0.01029	0.00772	0.00257	0.00600	0.00858	0.00772	0.01201
77	0.02411	0.01748	0.01905	0.01585	0.02093	0.01939	0.01269	0.24377	0.37866	0.12269	0.02659	0.02466	0.01922	0.00978	0.00766	0.00245	0.00683	0.00788	0.00789	0.01242
78	0.02429	0.02071	0.01967	0.01662	0.02151	0.12138	0.01315	0.24381	0.33434	0.06664	0.02380	0.02268	0.01757	0.00949	0.00754	0.00237	0.00794	0.00741	0.00719	0.01187
79	0.03219	0.01338	0.01803	0.01484	0.04310	0.01205	0.01165	0.03677	0.07738	0.61108	0.02945	0.02578	0.01891	0.00937	0.00763	0.00236	0.00651	0.00768	0.00904	0.01280
80	0.03403	0.01291	0.01760	0.01350	0.01936	0.01115	0.01115	0.03697	0.02171	0.69137	0.02992	0.02582	0.01878	0.00939	0.00763	0.00235	0.00645	0.00763	0.00939	0.01291
81	0.01726	0.01647	0.02805	0.27456	0.46997	0.01762	0.02252	0.02195	0.01655	0.02294	0.01400	0.01927	0.01137	0.00704	0.00753	0.00235	0.00939	0.00675	0.00362	0.01079
82	0.01541	0.01459	0.02471	0.55224	0.20673	0.01714	0.02160	0.02033	0.01568	0.02070	0.01367	0.01987	0.01058	0.00738	0.00757	0.00246	0.00984	0.00675	0.00346	0.00930
83	0.00941	0.00670	0.00890	0.01060	0.01107	0.00629	0.00714	0.01076	0.01450	0.01932	0.04113	0.68257	0.04916	0.04811	0.01071	0.00324	0.00459	0.04270	0.00695	0.00614
84	0.01067	0.00775	0.01004	0.00947	0.01129	0.00713	0.00710	0.01418	0.02131	0.03003	0.65859	0.05729	0.09534	0.01565	0.00895	0.00239	0.00359	0.01381	0.00830	0.00713
85	0.03131	0.01483	0.05009	0.01423	0.02019	0.01273	0.01216	0.05889	0.09228	0.56526	0.02883	0.02535	0.01860	0.00937	0.00762	0.00237	0.00670	0.00761	0.00885	0.01273
86	0.02768	0.02067	0.02212	0.01722	0.02308	0.02299	0.01414	0.58927	0.10908	0.04595	0.01967	0.01937	0.01408	0.00924	0.00760	0.00231	0.00808	0.00703	0.00760	0.01280

[dist]
# distance from previous block
# <min> <max>
2	6

[block]
# block no. 3 follows, 26 sequences, length 7
# corresponding to MSA columns:
# 225-231
name=unknown_D
#
# <colnr> <probs for GDERKNQSTAVLIFYWHMCP>
#	G	D	E	R	K	N	Q	S	T	A	V	L	I	F	Y	W	H	M	C	P
0	0.66893	0.01517	0.01264	0.01089	0.01579	0.01726	0.00898	0.08292	0.01559	0.07651	0.01249	0.01372	0.00931	0.00738	0.00515	0.00234	0.00614	0.00458	0.00526	0.00895
1	0.02122	0.12898	0.21221	0.01676	0.02398	0.04813	0.01686	0.19539	0.06825	0.06479	0.04650	0.01913	0.01490	0.00819	0.00694	0.00212	0.00860	0.00625	0.00541	0.08541
2	0.01575	0.01433	0.01917	0.26836	0.07437	0.04799	0.01506	0.04889	0.01664	0.02259	0.01825	0.10517	0.01711	0.00990	0.00808	0.00224	0.03538	0.04040	0.00454	0.21579
3	0.14767	0.01574	0.01907	0.20565	0.09181	0.06742	0.01446	0.02187	0.01583	0.07103	0.01494	0.04370	0.01229	0.00806	0.00770	0.00217	0.04994	0.00627	0.00448	0.17990
4	0.01823	0.01442	0.01891	0.10746	0.02396	0.01417	0.05752	0.13496	0.07550	0.06764	0.05681	0.07204	0.06389	0.00979	0.00742	0.00210	0.00699	0.00843	0.00594	0.23383
5	0.02242	0.05159	0.06443	0.01505	0.02046	0.01757	0.01301	0.30878	0.02590	0.09273	0.12024	0.04925	0.02304	0.01011	0.00814	0.00220	0.03440	0.00797	0.00680	0.10591
6	0.01954	0.20781	0.08412	0.05012	0.02253	0.01919	0.03281	0.10829	0.08537	0.06555	0.04661	0.01992	0.01562	0.01025	0.04107	0.00246	0.00830	0.00623	0.00515	0.14905

[dist]
# distance from previous block
# <min> <max>
4	12

[block]
# block no. 4 follows, 26 sequences, length 67
# corresponding to MSA columns:
# 244-310
name=unknown_E
#
# <colnr> <probs for GDERKNQSTAVLIFYWHMCP>
#	G	D	E	R	K	N	Q	S	T	A	V	L	I	F	Y	W	H	M	C	P
0	0.01768	0.01703	0.06691	0.05943	0.02652	0.01562	0.19499	0.08702	0.04806	0.05883	0.01982	0.10663	0.01766	0.04481	0.01055	0.00262	0.05647	0.00906	0.00511	0.13518
1	0.59865	0.01372	0.01230	0.07388	0.01786	0.01567	0.00934	0.02202	0.01425	0.06430	0.05949	0.01737	0.01375	0.00786	0.00542	0.00235	0.00604	0.00530	0.03207	0.00835
2	0.17072	0.01751	0.04327	0.08189	0.06107	0.01801	0.01354	0.28391	0.02366	0.03555	0.04880	0.05130	0.01594	0.00895	0.00695	0.00223	0.00745	0.00699	0.00592	0.09633
3	0.16011	0.01376	0.01673	0.01302	0.01875	0.01286	0.01073	0.07245	0.02075	0.50162	0.02497	0.02248	0.01619	0.00876	0.00701	0.00227	0.00643	0.00680	0.00820	0.05612
4	0.06132	0.03536	0.57677	0.02029	0.03052	0.01770	0.02516	0.06930	0.01748	0.05680	0.01451	0.01641	0.01018	0.00743	0.00711	0.00239	0.01048	0.00570	0.00388	0.01123
5	0.11410	0.07978	0.56600	0.01959	0.02967	0.01831	0.02455	0.02372	0.01558	0.02491	0.01303	0.01530	0.00944	0.00714	0.00674	0.00235	0.01033	0.00532	0.00340	0.01074
6	0.03287	0.05871	0.01928	0.01369	0.01961	0.01304	0.01145	0.07187	0.02212	0.61234	0.02804	0.02453	0.01787	0.00919	0.00745	0.00230	0.00667	0.00736	0.00890	0.01271
7	0.05848	0.50576	0.10620	0.01395	0.02060	0.02595	0.01413	0.09124	0.01765	0.02273	0.01552	0.01674	0.04862	0.00761	0.00564	0.00187	0.00812	0.00521	0.00400	0.00997
8	0.02594	0.01449	0.03348	0.01380	0.01884	0.01374	0.01142	0.15535	0.09550	0.33674	0.14510	0.03133	0.04809	0.01078	0.00790	0.00237	0.00630	0.00887	0.00844	0.01154
9	0.01628	0.01585	0.02181	0.01871	0.01938	0.02139	0.01549	0.01901	0.04212	0.01920	0.01179	0.01794	0.01122	0.01553	0.06703	0.00373	0.60056	0.00670	0.00364	0.05264
10	0.01219	0.00848	0.01139	0.01152	0.01331	0.00786	0.02804	0.01508	0.04879	0.06845	0.07969	0.50707	0.07518	0.01975	0.00910	0.00281	0.00488	0.01780	0.00708	0.05153
11	0.11032	0.05337	0.02883	0.09909	0.41916	0.01815	0.08296	0.02268	0.01645	0.02499	0.01363	0.01783	0.01118	0.00677	0.00710	0.00224	0.00891	0.00642	0.00385	0.04606
12	0.05505	0.07076	0.58616	0.02036	0.03069	0.01856	0.02545	0.06368	0.01706	0.02571	0.01360	0.01578	0.00975	0.00728	0.00699	0.00235	0.01061	0.00553	0.00355	0.01109
13	0.05375	0.00969	0.01232	0.01236	0.01496	0.00951	0.01021	0.01954	0.05903	0.11316	0.16579	0.09532	0.08312	0.01702	0.00920	0.00293	0.00580	0.29068	0.00751	0.00810
14	0.01357	0.04784	0.01558	0.01366	0.01525	0.07231	0.01077	0.01593	0.01303	0.01764	0.01794	0.02683	0.01699	0.07851	0.48825	0.00940	0.10778	0.00760	0.00394	0.00718
15	0.01659	0.01659	0.02323	0.01991	0.01991	0.02323	0.01659	0.01825	0.01162	0.01825	0.00996	0.01659	0.00996	0.01328	0.02489	0.00332	0.71955	0.00664	0.00332	0.00830
16	0.01432	0.01329	0.02227	0.69355	0.05091	0.01655	0.02058	0.01933	0.01519	0.01965	0.01383	0.02047	0.01040	0.00762	0.00751	0.00250	0.00991	0.00675	0.02698	0.00838
17	0.02043	0.01758	0.01974	0.09331	0.09568	0.06972	0.01439	0.05249	0.41921	0.07551	0.02537	0.02485	0.01896	0.00934	0.00760	0.00246	0.00744	0.00779	0.00665	0.01147
18	0.00937	0.00705	0.00868	0.00964	0.01084	0.00636	0.00671	0.01116	0.01622	0.02117	0.13835	0.45917	0.22493	0.02140	0.00939	0.00285	0.00414	0.01899	0.00722	0.00636
19	0.01048	0.00774	0.00979	0.00928	0.01118	0.00705	0.00696	0.01382	0.02087	0.02900	0.59576	0.05899	0.15880	0.01603	0.00895	0.00241	0.00362	0.01404	0.00816	0.00705
20	0.02846	0.02106	0.02255	0.01738	0.02338	0.02335	0.01433	0.63753	0.05956	0.04720	0.01869	0.01859	0.01328	0.00915	0.00759	0.00229	0.00826	0.00689	0.00759	0.01287
21	0.01298	0.00659	0.00983	0.00991	0.00994	0.00657	0.00661	0.00991	0.01011	0.01348	0.01456	0.05726	0.01497	0.02623	0.02868	0.74168	0.00648	0.00731	0.00348	0.00343
22	0.01088	0.00729	0.00832	0.00846	0.00850	0.00725	0.00480	0.01099	0.01132	0.01510	0.02540	0.10659	0.02947	0.67389	0.03618	0.00700	0.00711	0.01191	0.00480	0.00473
23	0.74962	0.01458	0.01147	0.01015	0.01490	0.01672	0.00836	0.02302	0.01335	0.06667	0.01152	0.01299	0.00874	0.00716	0.00484	0.00235	0.00590	0.00428	0.00493	0.00845
24	0.02028	0.73799	0.03975	0.01298	0.01947	0.03001	0.01298	0.02271	0.01541	0.01785	0.01055	0.01217	0.00973	0.00649	0.00487	0.00162	0.00811	0.00406	0.00324	0.00973
25	0.07603	0.01764	0.01821	0.01505	0.01977	0.04655	0.01212	0.35201	0.11713	0.05691	0.07465	0.05982	0.05955	0.01118	0.00774	0.00241	0.00718	0.02775	0.00729	0.01099
26	0.01886	0.01536	0.01763	0.01321	0.01923	0.01401	0.01067	0.18132	0.02054	0.03006	0.01550	0.04137	0.01296	0.00751	0.00720	0.00159	0.04107	0.00579	0.00531	0.52081
27	0.02565	0.01930	0.02232	0.01754	0.02299	0.02101	0.05194	0.53417	0.03185	0.04267	0.02119	0.08430	0.01760	0.01082	0.00799	0.00242	0.00820	0.03888	0.00729	0.01186
28	0.03340	0.01340	0.01784	0.01374	0.01957	0.01194	0.01133	0.06730	0.03863	0.64370	0.02938	0.02551	0.01860	0.00940	0.00763	0.00235	0.00653	0.00761	0.00926	0.01289
29	0.01715	0.01860	0.03764	0.02718	0.03412	0.01729	0.49931	0.02266	0.01717	0.02395	0.01586	0.04716	0.01291	0.00720	0.00902	0.00236	0.03778	0.00860	0.00405	0.13999
30	0.00954	0.00673	0.00871	0.01017	0.01054	0.00636	0.00663	0.01064	0.01393	0.01857	0.03877	0.61357	0.04634	0.14389	0.01458	0.00380	0.00490	0.01978	0.00663	0.00590
31	0.75025	0.01499	0.01171	0.01034	0.01510	0.01733	0.00852	0.05325	0.01401	0.03470	0.01093	0.01261	0.00844	0.00714	0.00483	0.00234	0.00599	0.00424	0.00483	0.00844
32	0.00987	0.00722	0.00932	0.01021	0.01138	0.00667	0.00734	0.01207	0.01704	0.02290	0.22777	0.41259	0.12749	0.02068	0.00945	0.00286	0.00431	0.06688	0.00741	0.00654
33	0.01639	0.01629	0.02283	0.01963	0.01968	0.02273	0.01634	0.01808	0.01164	0.01823	0.01033	0.01707	0.01028	0.01486	0.04950	0.00364	0.69419	0.00669	0.00335	0.00824
34	0.01566	0.01450	0.02387	0.58734	0.13918	0.01735	0.02104	0.05177	0.01648	0.02154	0.01383	0.01992	0.01052	0.00754	0.00757	0.00248	0.00987	0.00675	0.00363	0.00915
35	0.00946	0.00674	0.00895	0.01065	0.01113	0.00634	0.00721	0.01084	0.01454	0.01935	0.04104	0.67042	0.04898	0.05058	0.01082	0.00326	0.00464	0.05195	0.00695	0.00614
36	0.01058	0.00775	0.00992	0.00937	0.01123	0.00709	0.00703	0.01400	0.02109	0.02952	0.62746	0.05813	0.12678	0.01584	0.00895	0.00240	0.00360	0.01392	0.00823	0.00709
37	0.01549	0.06554	0.18016	0.26601	0.03539	0.01868	0.06944	0.02124	0.03945	0.02089	0.01400	0.01911	0.01115	0.01178	0.05807	0.00324	0.13088	0.00663	0.00356	0.00929
38	0.01164	0.00886	0.01145	0.01208	0.01294	0.00951	0.00873	0.04447	0.03362	0.02145	0.03571	0.54093	0.04121	0.02066	0.01117	0.00301	0.09040	0.03338	0.04180	0.00697
39	0.75005	0.01499	0.01171	0.01034	0.01510	0.01733	0.00852	0.05343	0.01402	0.03470	0.01093	0.01261	0.00844	0.00714	0.00484	0.00234	0.00599	0.00424	0.00484	0.00844
40	0.01123	0.00896	0.01369	0.15195	0.02131	0.00934	0.03572	0.01397	0.01542	0.02029	0.03482	0.41983	0.03932	0.01928	0.00941	0.00304	0.00642	0.15289	0.00618	0.00695
41	0.02097	0.01529	0.01699	0.01484	0.01920	0.01686	0.01176	0.10056	0.43423	0.12209	0.08187	0.03203	0.02639	0.01099	0.00793	0.00254	0.00616	0.03979	0.00794	0.01158
42	0.01900	0.01389	0.01621	0.01478	0.01830	0.01478	0.01233	0.29109	0.02487	0.03288	0.03202	0.08115	0.06188	0.04373	0.01023	0.00306	0.00732	0.28594	0.00715	0.00936
43	0.73267	0.01459	0.01196	0.05957	0.01731	0.01700	0.00912	0.02209	0.01307	0.03300	0.01077	0.01288	0.00835	0.00708	0.00490	0.00236	0.00617	0.00429	0.00460	0.00823
44	0.01865	0.01789	0.03056	0.06532	0.66833	0.01799	0.02322	0.02317	0.01721	0.02463	0.01425	0.01881	0.01196	0.00678	0.00751	0.00226	0.00904	0.00676	0.00374	0.01191
45	0.01723	0.01859	0.03512	0.24795	0.04178	0.04512	0.39007	0.02397	0.05808	0.02297	0.01558	0.02061	0.01172	0.00707	0.00836	0.00253	0.01155	0.00807	0.00393	0.00971
46	0.03327	0.01274	0.01736	0.01337	0.01910	0.01102	0.01102	0.03623	0.02170	0.66987	0.05114	0.02682	0.02049	0.00959	0.00767	0.00235	0.00636	0.00783	0.00935	0.01272
47	0.78701	0.01467	0.01115	0.00997	0.01467	0.01702	0.00821	0.02230	0.01291	0.03403	0.01056	0.01232	0.00821	0.00704	0.00469	0.00235	0.00587	0.00411	0.00469	0.00821
48	0.02034	0.67552	0.07188	0.01367	0.02029	0.05567	0.01380	0.02307	0.01568	0.01818	0.01075	0.01242	0.00973	0.00658	0.00506	0.00167	0.00848	0.00417	0.00327	0.00977
49	0.01318	0.00659	0.00988	0.00988	0.00988	0.00659	0.00659	0.00988	0.00988	0.01318	0.01318	0.02306	0.01318	0.02635	0.02964	0.77931	0.00659	0.00659	0.00329	0.00329
50	0.01084	0.00813	0.01219	0.01219	0.01354	0.00948	0.00948	0.01354	0.01219	0.01761	0.02032	0.02980	0.01896	0.05689	0.70337	0.01219	0.02032	0.00813	0.00406	0.00677
51	0.78701	0.01467	0.01115	0.00997	0.01467	0.01702	0.00821	0.02230	0.01291	0.03403	0.01056	0.01232	0.00821	0.00704	0.00469	0.00235	0.00587	0.00411	0.00469	0.00821
52	0.01573	0.01348	0.01573	0.01123	0.01798	0.01011	0.00899	0.01910	0.01573	0.02472	0.01348	0.01573	0.01123	0.00562	0.00562	0.00112	0.00562	0.00449	0.00449	0.77980
53	0.06021	0.01329	0.01757	0.01352	0.01936	0.01182	0.01117	0.06015	0.02193	0.64389	0.02880	0.02506	0.01818	0.00930	0.00752	0.00234	0.00651	0.00747	0.00916	0.01274
54	0.01180	0.00804	0.01060	0.01004	0.01199	0.00744	0.00770	0.01535	0.02118	0.05701	0.60736	0.05755	0.06731	0.01566	0.00901	0.00247	0.00395	0.05987	0.00829	0.00738
55	0.01074	0.00775	0.01014	0.00954	0.01133	0.00716	0.00716	0.01431	0.02147	0.03042	0.68211	0.05666	0.07157	0.01551	0.00895	0.00239	0.00358	0.01372	0.00835	0.00716
56	0.03403	0.01291	0.01760	0.01350	0.01936	0.01115	0.01115	0.03697	0.02171	0.69137	0.02992	0.02582	0.01878	0.00939	0.00763	0.00235	0.00645	0.00763	0.00939	0.01291
57	0.01659	0.01659	0.02323	0.01991	0.01991	0.02323	0.01659	0.01825	0.01162	0.01825	0.00996	0.01659	0.00996	0.01328	0.02489	0.00332	0.71955	0.00664	0.00332	0.00830
58	0.00896	0.00768	0.00768	0.00768	0.01025	0.00640	0.00576	0.01089	0.01729	0.02049	0.07684	0.07300	0.68304	0.01921	0.00896	0.00256	0.00384	0.01601	0.00704	0.00640
59	0.00921	0.00671	0.00869	0.01026	0.01092	0.00619	0.00691	0.01059	0.01481	0.01948	0.04542	0.66089	0.11542	0.02329	0.00961	0.00303	0.00434	0.02099	0.00704	0.00619
60	0.01674	0.01595	0.02712	0.35140	0.39713	0.01749	0.02227	0.02150	0.01631	0.02232	0.01391	0.01943	0.01115	0.00713	0.00754	0.00238	0.00951	0.00675	0.00358	0.01038
61	0.01778	0.01812	0.06192	0.06471	0.58542	0.01713	0.02230	0.02229	0.01695	0.02418	0.01615	0.06859	0.01452	0.00800	0.00765	0.00233	0.00883	0.00774	0.00395	0.01145
62	0.03403	0.01291	0.01760	0.01350	0.01936	0.01115	0.01115	0.03697	0.02171	0.69137	0.02992	0.02582	0.01878	0.00939	0.00763	0.00235	0.00645	0.00763	0.00939	0.01291
63	0.01243	0.00816	0.01075	0.01000	0.01208	0.00750	0.00765	0.01596	0.02132	0.07658	0.60986	0.05568	0.06671	0.01530	0.00892	0.00243	0.00392	0.03883	0.00837	0.00755
64	0.01722	0.10898	0.48206	0.02400	0.12480	0.01940	0.02479	0.06856	0.01751	0.02515	0.01370	0.01616	0.01020	0.00720	0.00703	0.00229	0.01036	0.00569	0.00360	0.01129
65	0.01620	0.08501	0.55820	0.02191	0.07385	0.01791	0.02532	0.02384	0.01628	0.04522	0.01619	0.01824	0.03367	0.00762	0.00714	0.00234	0.01043	0.00600	0.00358	0.01105
66	0.03074	0.01246	0.01658	0.01300	0.01840	0.01094	0.01064	0.03433	0.04581	0.59226	0.06007	0.03050	0.06782	0.01036	0.00778	0.00237	0.00614	0.00850	0.00912	0.01218

[dist]
# distance from previous block
# <min> <max>
0	2

[block]
# block no. 5 follows, 26 sequences, length 31
# corresponding to MSA columns:
# 313-343
name=unknown_F
#
# <colnr> <probs for GDERKNQSTAVLIFYWHMCP>
#	G	D	E	R	K	N	Q	S	T	A	V	L	I	F	Y	W	H	M	C	P
0	0.01910	0.01496	0.01672	0.01230	0.01879	0.03863	0.00987	0.07460	0.01820	0.09136	0.01541	0.01684	0.01205	0.00636	0.00603	0.00137	0.00624	0.00501	0.00520	0.61096
1	0.38324	0.05006	0.14332	0.01276	0.01822	0.01532	0.01251	0.02220	0.01495	0.08204	0.01880	0.02529	0.03578	0.03768	0.00748	0.00262	0.00705	0.06694	0.03487	0.00887
2	0.00924	0.00660	0.00880	0.01056	0.01100	0.00616	0.00704	0.01056	0.01452	0.01936	0.04181	0.72848	0.05017	0.02376	0.00968	0.00308	0.00440	0.02156	0.00704	0.00616
3	0.02642	0.01474	0.02181	0.12759	0.13784	0.01458	0.03957	0.05572	0.07218	0.37328	0.02383	0.02347	0.01615	0.00861	0.00766	0.00238	0.00772	0.00744	0.00710	0.01190
4	0.66247	0.01464	0.01182	0.01039	0.01497	0.01680	0.00852	0.07644	0.01508	0.03476	0.01231	0.01406	0.00948	0.00736	0.00499	0.00230	0.00590	0.00457	0.06460	0.00853
5	0.00913	0.00769	0.00792	0.00786	0.01035	0.00648	0.00590	0.01121	0.01769	0.02144	0.13500	0.07143	0.62429	0.01885	0.00896	0.00254	0.00382	0.01579	0.00717	0.00648
6	0.02138	0.01759	0.01854	0.04832	0.02199	0.04522	0.01289	0.14274	0.48071	0.06354	0.02717	0.02556	0.02012	0.00983	0.00765	0.00249	0.00690	0.00801	0.00743	0.01191
7	0.02303	0.01122	0.01461	0.01201	0.01604	0.01030	0.00959	0.07538	0.02269	0.34054	0.32560	0.03925	0.04233	0.01215	0.00822	0.00236	0.00529	0.01033	0.00878	0.01029
8	0.01084	0.00813	0.01219	0.01219	0.01354	0.00948	0.00948	0.01354	0.01219	0.01761	0.02032	0.02980	0.01896	0.05689	0.70337	0.01219	0.02032	0.00813	0.00406	0.00677
9	0.01074	0.00775	0.01014	0.00954	0.01133	0.00716	0.00716	0.01431	0.02147	0.03042	0.68211	0.05666	0.07157	0.01551	0.00895	0.00239	0.00358	0.01372	0.00835	0.00716
10	0.03094	0.01787	0.02068	0.01585	0.02184	0.01852	0.01309	0.40846	0.03002	0.30814	0.02295	0.02129	0.01528	0.00922	0.00760	0.00230	0.00758	0.00715	0.00832	0.01290
11	0.01790	0.02046	0.04476	0.03197	0.03964	0.01918	0.65857	0.02430	0.01790	0.02430	0.01535	0.02046	0.01151	0.00639	0.00895	0.00256	0.01279	0.00895	0.00384	0.01023
12	0.02028	0.73799	0.03975	0.01298	0.01947	0.03001	0.01298	0.02271	0.01541	0.01785	0.01055	0.01217	0.00973	0.00649	0.00487	0.00162	0.00811	0.00406	0.00324	0.00973
13	0.01414	0.00707	0.00707	0.00707	0.00884	0.00707	0.00530	0.01767	0.01591	0.02828	0.02474	0.02828	0.01944	0.00884	0.00530	0.00177	0.00353	0.00707	0.77554	0.00707
14	0.01887	0.01629	0.01715	0.01544	0.01972	0.01887	0.01201	0.04031	0.67241	0.03173	0.03087	0.02830	0.02315	0.01029	0.00772	0.00257	0.00600	0.00858	0.00772	0.01201
15	0.01074	0.00775	0.01014	0.00954	0.01133	0.00716	0.00716	0.01431	0.02147	0.03042	0.68211	0.05666	0.07157	0.01551	0.00895	0.00239	0.00358	0.01372	0.00835	0.00716
16	0.01084	0.00813	0.01219	0.01219	0.01354	0.00948	0.00948	0.01354	0.01219	0.01761	0.02032	0.02980	0.01896	0.05689	0.70337	0.01219	0.02032	0.00813	0.00406	0.00677
17	0.02878	0.02274	0.02264	0.01766	0.02351	0.09184	0.01444	0.59743	0.03424	0.04486	0.01756	0.01776	0.01258	0.00898	0.00751	0.00224	0.00888	0.00663	0.00722	0.01249
18	0.10951	0.01418	0.05059	0.01336	0.01919	0.01190	0.01151	0.03378	0.02051	0.56029	0.05664	0.02533	0.01962	0.00931	0.00736	0.00235	0.00650	0.00744	0.00855	0.01208
19	0.02072	0.69925	0.03874	0.01334	0.01969	0.06717	0.01307	0.02313	0.01575	0.01789	0.01061	0.01225	0.00974	0.00656	0.00498	0.00164	0.00842	0.00410	0.00328	0.00968
20	0.01074	0.00775	0.01014	0.00954	0.01133	0.00716	0.00716	0.01431	0.02147	0.03042	0.68211	0.05666	0.07157	0.01551	0.00895	0.00239	0.00358	0.01372	0.00835	0.00716
21	0.01064	0.00799	0.00907	0.00908	0.01147	0.00699	0.00704	0.01305	0.01810	0.04827	0.17250	0.09075	0.45534	0.01856	0.00912	0.00265	0.00430	0.09088	0.00735	0.00685
22	0.01985	0.58561	0.14797	0.01475	0.02190	0.06230	0.01557	0.02332	0.01582	0.01891	0.01112	0.01289	0.00971	0.00668	0.00536	0.00177	0.00891	0.00436	0.00327	0.00993
23	0.02514	0.01768	0.01882	0.01484	0.01983	0.01939	0.01213	0.49914	0.03070	0.04289	0.01985	0.02074	0.01454	0.00904	0.00701	0.00215	0.00714	0.00689	0.20065	0.01143
24	0.01659	0.01659	0.02323	0.01991	0.01991	0.02323	0.01659	0.01825	0.01162	0.01825	0.00996	0.01659	0.00996	0.01328	0.02489	0.00332	0.71955	0.00664	0.00332	0.00830
25	0.05653	0.01680	0.02552	0.28991	0.18898	0.01852	0.06785	0.16206	0.02054	0.05786	0.01544	0.01934	0.01157	0.00769	0.00754	0.00239	0.00931	0.00685	0.00475	0.01057
