[name]
unknown

[dist]
# distance from previous block
# <min> <max>
0	0

[block]
# block no. 0 follows, 24 sequences, length 9
# corresponding to MSA columns:
# 0-8
name=unknown_A
#
# <colnr> <probs for GDERKNQSTAVLIFYWHMCP>
#	G	D	E	R	K	N	Q	S	T	A	V	L	I	F	Y	W	H	M	C	P
0	0.01278	0.00913	0.01278	0.01460	0.01643	0.00913	0.01278	0.01643	0.01825	0.02373	0.04199	0.08945	0.04564	0.02191	0.01095	0.00365	0.00730	0.61847	0.00730	0.00730
1	0.03513	0.01422	0.01885	0.01445	0.02061	0.01273	0.01194	0.08925	0.02391	0.62502	0.03026	0.02633	0.01912	0.00979	0.00797	0.00245	0.00691	0.00790	0.00966	0.01349
2	0.00966	0.00690	0.00920	0.01104	0.01150	0.00644	0.00736	0.01104	0.01518	0.02024	0.04371	0.71614	0.05245	0.02484	0.01012	0.00322	0.00460	0.02254	0.00736	0.00644
3	0.01351	0.00861	0.01133	0.01036	0.01264	0.00787	0.00787	0.01719	0.02247	0.09241	0.60791	0.05621	0.06964	0.01561	0.00922	0.00249	0.00402	0.01374	0.00883	0.00805
4	0.01872	0.02139	0.04679	0.03342	0.04144	0.02005	0.64305	0.02540	0.01872	0.02540	0.01604	0.02139	0.01203	0.00668	0.00936	0.00267	0.01337	0.00936	0.00401	0.01070
5	0.08134	0.01424	0.01788	0.01422	0.01999	0.01347	0.01161	0.03825	0.13345	0.52235	0.03013	0.02652	0.01971	0.00982	0.00779	0.00250	0.00662	0.00791	0.00919	0.01301
6	0.00966	0.00690	0.00920	0.01104	0.01150	0.00644	0.00736	0.01104	0.01518	0.02024	0.04371	0.71614	0.05245	0.02484	0.01012	0.00322	0.00460	0.02254	0.00736	0.00644
7	0.01759	0.01477	0.01706	0.01229	0.01928	0.01174	0.00987	0.07213	0.01818	0.02785	0.01451	0.01666	0.01189	0.00618	0.00604	0.00128	0.00611	0.00490	0.00497	0.70671
8	0.01101	0.00794	0.01041	0.01012	0.01180	0.00734	0.00747	0.01442	0.02144	0.03020	0.58130	0.15015	0.07173	0.01741	0.00946	0.00259	0.00386	0.01548	0.00854	0.00734

[dist]
# distance from previous block
# <min> <max>
22	37

[block]
# block no. 1 follows, 24 sequences, length 13
# corresponding to MSA columns:
# 52-64
name=unknown_B
#
# <colnr> <probs for GDERKNQSTAVLIFYWHMCP>
#	G	D	E	R	K	N	Q	S	T	A	V	L	I	F	Y	W	H	M	C	P
0	0.30740	0.15187	0.06985	0.01415	0.01986	0.01933	0.03900	0.05185	0.06739	0.10355	0.01845	0.07365	0.01539	0.00929	0.00647	0.00240	0.00737	0.00700	0.00560	0.01011
1	0.31352	0.01592	0.01547	0.01352	0.01845	0.01780	0.01078	0.03338	0.32028	0.08881	0.02302	0.02221	0.01712	0.00910	0.00672	0.00250	0.00624	0.00685	0.00682	0.05150
2	0.02826	0.01451	0.01778	0.01463	0.01990	0.01443	0.01175	0.03860	0.25988	0.39981	0.06797	0.02980	0.02449	0.01053	0.00809	0.00254	0.00640	0.00871	0.00910	0.01280
3	0.01278	0.00913	0.01278	0.01460	0.01643	0.00913	0.01278	0.01643	0.01825	0.02373	0.04199	0.08945	0.04564	0.02191	0.01095	0.00365	0.00730	0.61847	0.00730	0.00730
4	0.77733	0.01534	0.01166	0.01043	0.01534	0.01779	0.00859	0.02331	0.01350	0.03558	0.01104	0.01288	0.00859	0.00736	0.00491	0.00245	0.00613	0.00429	0.00491	0.00859
5	0.03014	0.02221	0.02380	0.01825	0.02459	0.02459	0.01507	0.64541	0.03728	0.04998	0.01904	0.01904	0.01349	0.00952	0.00793	0.00238	0.00873	0.00714	0.00793	0.01349
6	0.01122	0.00811	0.01060	0.00998	0.01185	0.00748	0.00748	0.01496	0.02245	0.03180	0.66766	0.05923	0.07482	0.01621	0.00935	0.00249	0.00374	0.01434	0.00873	0.00748
7	0.03014	0.02221	0.02380	0.01825	0.02459	0.02459	0.01507	0.64541	0.03728	0.04998	0.01904	0.01904	0.01349	0.00952	0.00793	0.00238	0.00873	0.00714	0.00793	0.01349
8	0.03014	0.02221	0.02380	0.01825	0.02459	0.02459	0.01507	0.64541	0.03728	0.04998	0.01904	0.01904	0.01349	0.00952	0.00793	0.00238	0.00873	0.00714	0.00793	0.01349
9	0.00966	0.00690	0.00920	0.01104	0.01150	0.00644	0.00736	0.01104	0.01518	0.02024	0.04371	0.71614	0.05245	0.02484	0.01012	0.00322	0.00460	0.02254	0.00736	0.00644
10	0.00937	0.00803	0.00803	0.00803	0.01071	0.00669	0.00602	0.01138	0.01807	0.02142	0.08033	0.07632	0.66863	0.02008	0.00937	0.00268	0.00402	0.01674	0.00736	0.00669
11	0.03055	0.02156	0.02340	0.01794	0.02427	0.02363	0.01482	0.60008	0.03619	0.09684	0.01995	0.01963	0.01394	0.00954	0.00794	0.00239	0.00858	0.00720	0.00807	0.01349
12	0.71681	0.01589	0.01264	0.01106	0.01609	0.01834	0.00911	0.07370	0.01542	0.03674	0.01169	0.01338	0.00898	0.00754	0.00515	0.00245	0.00634	0.00452	0.00515	0.00898

[dist]
# distance from previous block
# <min> <max>
10	14

[block]
# block no. 2 follows, 24 sequences, length 21
# corresponding to MSA columns:
# 80-100
name=unknown_C
#
# <colnr> <probs for GDERKNQSTAVLIFYWHMCP>
#	G	D	E	R	K	N	Q	S	T	A	V	L	I	F	Y	W	H	M	C	P
0	0.11067	0.01899	0.02119	0.04746	0.02391	0.02041	0.01387	0.40339	0.03023	0.19919	0.02093	0.02040	0.01432	0.00929	0.00762	0.00242	0.00805	0.00703	0.00787	0.01275
1	0.01788	0.29629	0.44224	0.01924	0.02912	0.02325	0.02344	0.02460	0.01651	0.02271	0.01304	0.01524	0.01009	0.00725	0.00662	0.00221	0.01051	0.00526	0.00336	0.01114
2	0.01126	0.00757	0.00873	0.00899	0.00906	0.00751	0.00517	0.01146	0.01206	0.01608	0.02768	0.14742	0.03223	0.62116	0.03601	0.00705	0.00724	0.01312	0.00517	0.00504
3	0.23622	0.01844	0.01721	0.01446	0.01958	0.06582	0.01160	0.19691	0.15865	0.05439	0.02420	0.02397	0.06752	0.00976	0.00706	0.00241	0.00728	0.00726	0.00668	0.05060
4	0.13839	0.01596	0.01705	0.01422	0.01941	0.04989	0.01141	0.05659	0.19560	0.31024	0.03016	0.02770	0.05816	0.01024	0.00759	0.00251	0.00682	0.00806	0.00810	0.01188
5	0.01964	0.01836	0.03038	0.14351	0.53735	0.01904	0.02338	0.06502	0.01901	0.02667	0.01507	0.01981	0.01233	0.00736	0.00787	0.00240	0.00954	0.00707	0.00413	0.01207
6	0.01570	0.01106	0.01379	0.01144	0.01540	0.00992	0.03162	0.04622	0.01809	0.04766	0.10491	0.07406	0.02603	0.01403	0.06134	0.00275	0.00654	0.00859	0.22676	0.25409
7	0.01498	0.01409	0.02378	0.70226	0.05462	0.01762	0.02202	0.02026	0.01586	0.02026	0.01409	0.02114	0.01057	0.00793	0.00793	0.00264	0.01057	0.00705	0.00352	0.00881
8	0.01660	0.01575	0.02671	0.47461	0.26960	0.01804	0.02283	0.02168	0.01662	0.02223	0.01438	0.02061	0.01126	0.00763	0.00790	0.00254	0.01017	0.00705	0.00366	0.01012
9	0.02513	0.01937	0.02023	0.01542	0.02185	0.07073	0.01249	0.28831	0.02637	0.09757	0.01768	0.01838	0.01311	0.00798	0.00705	0.00188	0.00784	0.00608	0.00651	0.31601
10	0.02056	0.01602	0.01740	0.01561	0.01998	0.01807	0.01212	0.03974	0.55442	0.09361	0.03294	0.07498	0.02565	0.01160	0.00820	0.00270	0.00621	0.00977	0.00819	0.01224
11	0.01826	0.01404	0.01663	0.01197	0.01893	0.01067	0.00961	0.02174	0.01704	0.08783	0.01573	0.01745	0.01250	0.00625	0.00607	0.00130	0.00596	0.00501	0.00518	0.69783
12	0.29286	0.01456	0.01599	0.01306	0.01857	0.01475	0.01069	0.03370	0.09450	0.37700	0.02433	0.02237	0.01631	0.00907	0.00691	0.00248	0.00648	0.00681	0.00789	0.01167
13	0.01870	0.01587	0.01717	0.01591	0.02000	0.01816	0.01258	0.03835	0.56336	0.03178	0.03371	0.03840	0.02736	0.01240	0.00849	0.00283	0.00643	0.09874	0.00796	0.01178
14	0.11079	0.02179	0.02157	0.01702	0.02295	0.09031	0.01390	0.42642	0.03107	0.13770	0.01929	0.01906	0.01353	0.00919	0.00753	0.00236	0.00873	0.00675	0.00749	0.01252
15	0.01704	0.00957	0.00981	0.00899	0.01150	0.00992	0.00695	0.11082	0.01967	0.03257	0.02486	0.02801	0.01932	0.00928	0.00590	0.00193	0.00444	0.00735	0.65377	0.00829
16	0.01201	0.00764	0.00846	0.00846	0.00874	0.00764	0.00491	0.01255	0.01228	0.01747	0.02512	0.04860	0.02758	0.61643	0.03523	0.00683	0.00710	0.01092	0.11683	0.00519
17	0.01566	0.01479	0.02502	0.60599	0.14553	0.01780	0.02236	0.02086	0.01618	0.02109	0.01422	0.02092	0.01086	0.00780	0.00792	0.00260	0.01040	0.00705	0.00358	0.00936
18	0.09365	0.01078	0.01686	0.01512	0.01774	0.01041	0.13109	0.01553	0.01649	0.02403	0.09557	0.41950	0.06496	0.01844	0.00931	0.00294	0.00637	0.01703	0.00658	0.00761
19	0.09938	0.01928	0.03676	0.02659	0.03384	0.01822	0.43895	0.02398	0.01753	0.02636	0.01497	0.01944	0.01156	0.00685	0.00880	0.00240	0.03417	0.00789	0.00421	0.14883
20	0.08151	0.47760	0.14596	0.01536	0.02278	0.02736	0.01601	0.09042	0.01828	0.02445	0.01243	0.01409	0.01038	0.00725	0.00579	0.00197	0.00887	0.00483	0.00399	0.01067

[dist]
# distance from previous block
# <min> <max>
12	66

[block]
# block no. 3 follows, 24 sequences, length 6
# corresponding to MSA columns:
# 171-176
name=unknown_D
#
# <colnr> <probs for GDERKNQSTAVLIFYWHMCP>
#	G	D	E	R	K	N	Q	S	T	A	V	L	I	F	Y	W	H	M	C	P
0	0.32633	0.01661	0.01685	0.01366	0.01904	0.01792	0.01121	0.22577	0.02371	0.17087	0.06870	0.02134	0.01756	0.00924	0.00685	0.00243	0.00691	0.00674	0.00718	0.01108
1	0.19302	0.16440	0.02209	0.01409	0.01970	0.02098	0.01188	0.10631	0.20351	0.08540	0.02003	0.01984	0.01516	0.00858	0.00655	0.00226	0.00701	0.00631	0.00626	0.06661
2	0.02518	0.02949	0.02070	0.01994	0.06345	0.46564	0.01425	0.06353	0.02305	0.02419	0.14928	0.02427	0.02401	0.00985	0.00770	0.00218	0.01146	0.00727	0.00527	0.00930
3	0.50398	0.01875	0.06987	0.01333	0.01919	0.01880	0.01187	0.15411	0.01940	0.08524	0.01447	0.01553	0.01055	0.00801	0.00598	0.00244	0.00718	0.00529	0.00577	0.01023
4	0.02973	0.03455	0.02275	0.01997	0.02453	0.55105	0.01527	0.15944	0.02556	0.02577	0.01367	0.01529	0.01090	0.00845	0.00731	0.00211	0.01314	0.00553	0.00489	0.01009
5	0.01304	0.00972	0.01343	0.01248	0.01397	0.01040	0.03962	0.05956	0.01452	0.02000	0.02371	0.08183	0.02456	0.30705	0.31131	0.00892	0.01362	0.01052	0.00492	0.00681

[dist]
# distance from previous block
# <min> <max>
3	8

[block]
# block no. 4 follows, 24 sequences, length 11
# corresponding to MSA columns:
# 185-195
name=unknown_E
#
# <colnr> <probs for GDERKNQSTAVLIFYWHMCP>
#	G	D	E	R	K	N	Q	S	T	A	V	L	I	F	Y	W	H	M	C	P
0	0.01253	0.00950	0.01162	0.01089	0.01313	0.00918	0.00802	0.01809	0.10254	0.02887	0.41657	0.12360	0.05752	0.07790	0.01177	0.00297	0.00465	0.01364	0.00788	0.05912
1	0.01404	0.00868	0.01146	0.01052	0.01283	0.00792	0.00797	0.01758	0.02210	0.10795	0.55994	0.08917	0.06711	0.01589	0.00923	0.00253	0.00414	0.01401	0.00879	0.00814
2	0.72711	0.01703	0.05575	0.01123	0.01659	0.01783	0.00995	0.02343	0.01371	0.03489	0.01125	0.01314	0.00868	0.00737	0.00508	0.00246	0.00650	0.00440	0.00480	0.00879
3	0.02120	0.72609	0.04155	0.01357	0.02035	0.03138	0.01357	0.02374	0.01611	0.01866	0.01102	0.01272	0.01018	0.00678	0.00509	0.00170	0.00848	0.00424	0.00339	0.01018
4	0.01414	0.00797	0.01306	0.01206	0.01266	0.00787	0.05453	0.01146	0.01096	0.01464	0.01394	0.02390	0.01364	0.02599	0.02937	0.71187	0.00737	0.00707	0.00349	0.00399
5	0.02843	0.03554	0.02363	0.02379	0.10147	0.60975	0.01639	0.03079	0.02195	0.02018	0.01257	0.01493	0.01049	0.00804	0.00723	0.00208	0.01372	0.00534	0.00407	0.00959
6	0.02083	0.67838	0.08602	0.01420	0.02133	0.03047	0.01466	0.02384	0.01616	0.01911	0.01125	0.01300	0.01017	0.00684	0.00526	0.00175	0.00871	0.00435	0.00339	0.01028
7	0.02962	0.03779	0.02247	0.02043	0.02451	0.68948	0.01532	0.03166	0.02247	0.01941	0.01226	0.01430	0.01021	0.00817	0.00715	0.00204	0.01430	0.00511	0.00409	0.00919
8	0.01422	0.01279	0.01960	0.05446	0.02067	0.01470	0.08696	0.03926	0.01644	0.02302	0.10438	0.28482	0.03433	0.01693	0.01440	0.00308	0.21204	0.01399	0.00580	0.00812
9	0.01544	0.00903	0.01198	0.01098	0.01351	0.00823	0.00846	0.01893	0.02189	0.14278	0.49238	0.09101	0.06259	0.01585	0.00923	0.00258	0.00448	0.04340	0.00877	0.00846
10	0.01412	0.01087	0.01335	0.01356	0.03855	0.01100	0.00958	0.07685	0.11435	0.02866	0.21677	0.31053	0.04815	0.01753	0.00916	0.00275	0.00521	0.01554	0.00769	0.03580

[dist]
# distance from previous block
# <min> <max>
0	2

[block]
# block no. 5 follows, 24 sequences, length 17
# corresponding to MSA columns:
# 198-214
name=unknown_F
#
# <colnr> <probs for GDERKNQSTAVLIFYWHMCP>
#	G	D	E	R	K	N	Q	S	T	A	V	L	I	F	Y	W	H	M	C	P
0	0.02231	0.01283	0.01576	0.01309	0.01769	0.01221	0.01036	0.03022	0.17242	0.25468	0.21608	0.03576	0.03593	0.01143	0.00814	0.00236	0.00565	0.00967	0.00845	0.10495
1	0.23144	0.01298	0.01352	0.01154	0.01587	0.01346	0.00927	0.07043	0.06855	0.19417	0.06711	0.02783	0.05286	0.00999	0.00677	0.00235	0.00570	0.00770	0.16840	0.01004
2	0.11337	0.02145	0.02245	0.01737	0.02356	0.02383	0.01435	0.57611	0.03463	0.04837	0.01815	0.01835	0.01294	0.00928	0.00760	0.00239	0.00844	0.00682	0.00760	0.01294
3	0.01644	0.01409	0.01644	0.01175	0.01879	0.01057	0.00940	0.01997	0.01644	0.02584	0.01409	0.01644	0.01175	0.00587	0.00587	0.00117	0.00587	0.00470	0.00470	0.76979
4	0.01866	0.00958	0.01029	0.00925	0.01203	0.00962	0.00720	0.08462	0.01941	0.10380	0.02578	0.02820	0.01955	0.00933	0.00606	0.00197	0.00455	0.00743	0.60398	0.00869
5	0.03014	0.02221	0.02380	0.01825	0.02459	0.02459	0.01507	0.64541	0.03728	0.04998	0.01904	0.01904	0.01349	0.00952	0.00793	0.00238	0.00873	0.00714	0.00793	0.01349
6	0.02120	0.72609	0.04155	0.01357	0.02035	0.03138	0.01357	0.02374	0.01611	0.01866	0.01102	0.01272	0.01018	0.00678	0.00509	0.00170	0.00848	0.00424	0.00339	0.01018
7	0.02551	0.01818	0.02010	0.01612	0.02173	0.01933	0.01299	0.32591	0.17960	0.11137	0.02445	0.06344	0.01883	0.01034	0.00787	0.00238	0.00736	0.00830	0.00777	0.09841
8	0.01624	0.08490	0.63932	0.02202	0.03343	0.01925	0.02829	0.02503	0.01670	0.02470	0.01403	0.01648	0.01005	0.00749	0.00738	0.00246	0.01151	0.00576	0.00335	0.01162
9	0.01869	0.40082	0.34479	0.01786	0.02698	0.02522	0.02104	0.02439	0.01641	0.02172	0.01255	0.01463	0.01011	0.00714	0.00625	0.00208	0.01002	0.00501	0.00337	0.01091
10	0.02100	0.01746	0.03143	0.02325	0.02994	0.01617	0.32100	0.02791	0.08813	0.14475	0.02191	0.06367	0.01708	0.00864	0.00846	0.00243	0.00968	0.00910	0.00582	0.13219
11	0.10247	0.01656	0.02566	0.29934	0.23035	0.01818	0.05441	0.05352	0.03844	0.02612	0.01495	0.01970	0.01168	0.00760	0.00754	0.00245	0.00941	0.00682	0.00425	0.05055
12	0.02093	0.61040	0.11964	0.01499	0.02227	0.05942	0.01559	0.02427	0.01648	0.01949	0.01148	0.01329	0.01016	0.00694	0.00548	0.00181	0.00914	0.00448	0.00342	0.01032
13	0.07952	0.02943	0.02112	0.02048	0.06423	0.43344	0.01497	0.07965	0.05586	0.02468	0.01727	0.02411	0.01520	0.00982	0.00757	0.00233	0.01175	0.07387	0.00502	0.00968
14	0.09268	0.01446	0.02297	0.59905	0.08169	0.01770	0.02077	0.02078	0.01573	0.02210	0.01383	0.02023	0.01047	0.00783	0.00762	0.00261	0.01006	0.00677	0.00368	0.00898
15	0.24199	0.01461	0.01479	0.01317	0.01744	0.01624	0.01039	0.03136	0.29911	0.08803	0.14168	0.02986	0.02845	0.01067	0.00737	0.00256	0.00581	0.00849	0.00741	0.01054
16	0.01266	0.00838	0.01102	0.01201	0.01343	0.00806	0.00882	0.01589	0.05252	0.06826	0.09589	0.47328	0.04944	0.02180	0.00992	0.00314	0.00520	0.11508	0.00768	0.00750

[dist]
# distance from previous block
# <min> <max>
0	2

[block]
# block no. 6 follows, 24 sequences, length 20
# corresponding to MSA columns:
# 217-236
name=unknown_G
#
# <colnr> <probs for GDERKNQSTAVLIFYWHMCP>
#	G	D	E	R	K	N	Q	S	T	A	V	L	I	F	Y	W	H	M	C	P
0	0.02966	0.03659	0.02257	0.02026	0.02452	0.63791	0.01530	0.07927	0.02362	0.02178	0.01278	0.01467	0.01047	0.00828	0.00721	0.00207	0.01387	0.00526	0.00438	0.00953
1	0.67915	0.01583	0.01278	0.01128	0.01623	0.01830	0.00924	0.05759	0.06470	0.03615	0.01311	0.01450	0.01006	0.00774	0.00531	0.00247	0.00628	0.00481	0.00531	0.00915
2	0.02962	0.03779	0.02247	0.02043	0.02451	0.68948	0.01532	0.03166	0.02247	0.01941	0.01226	0.01430	0.01021	0.00817	0.00715	0.00204	0.01430	0.00511	0.00409	0.00919
3	0.00937	0.00803	0.00803	0.00803	0.01071	0.00669	0.00602	0.01138	0.01807	0.02142	0.08033	0.07632	0.66863	0.02008	0.00937	0.00268	0.00402	0.01674	0.00736	0.00669
4	0.73036	0.01577	0.01242	0.01092	0.01592	0.01822	0.00900	0.06241	0.01499	0.03648	0.01154	0.01327	0.00890	0.00750	0.00510	0.00245	0.00630	0.00447	0.00510	0.00890
5	0.77733	0.01534	0.01166	0.01043	0.01534	0.01779	0.00859	0.02331	0.01350	0.03558	0.01104	0.01288	0.00859	0.00736	0.00491	0.00245	0.00613	0.00429	0.00491	0.00859
6	0.01644	0.01409	0.01644	0.01175	0.01879	0.01057	0.00940	0.01997	0.01644	0.02584	0.01409	0.01644	0.01175	0.00587	0.00587	0.00117	0.00587	0.00470	0.00470	0.76979
7	0.01644	0.01409	0.01644	0.01175	0.01879	0.01057	0.00940	0.01997	0.01644	0.02584	0.01409	0.01644	0.01175	0.00587	0.00587	0.00117	0.00587	0.00470	0.00470	0.76979
8	0.01644	0.01409	0.01644	0.01175	0.01879	0.01057	0.00940	0.01997	0.01644	0.02584	0.01409	0.01644	0.01175	0.00587	0.00587	0.00117	0.00587	0.00470	0.00470	0.76979
9	0.01963	0.01884	0.03219	0.04867	0.67185	0.01884	0.02434	0.02434	0.01806	0.02591	0.01492	0.01963	0.01256	0.00707	0.00785	0.00236	0.00942	0.00707	0.00393	0.01256
10	0.00966	0.00690	0.00920	0.01104	0.01150	0.00644	0.00736	0.01104	0.01518	0.02024	0.04371	0.71614	0.05245	0.02484	0.01012	0.00322	0.00460	0.02254	0.00736	0.00644
11	0.00994	0.00806	0.00881	0.00862	0.01106	0.00693	0.00647	0.01247	0.01941	0.02458	0.25921	0.07111	0.48778	0.01890	0.00937	0.00262	0.00393	0.01601	0.00778	0.00693
12	0.01644	0.01409	0.01644	0.01175	0.01879	0.01057	0.00940	0.01997	0.01644	0.02584	0.01409	0.01644	0.01175	0.00587	0.00587	0.00117	0.00587	0.00470	0.00470	0.76979
13	0.01122	0.00811	0.01060	0.00998	0.01185	0.00748	0.00748	0.01496	0.02245	0.03180	0.66766	0.05923	0.07482	0.01621	0.00935	0.00249	0.00374	0.01434	0.00873	0.00748
14	0.03014	0.02221	0.02380	0.01825	0.02459	0.02459	0.01507	0.64541	0.03728	0.04998	0.01904	0.01904	0.01349	0.00952	0.00793	0.00238	0.00873	0.00714	0.00793	0.01349
15	0.77733	0.01534	0.01166	0.01043	0.01534	0.01779	0.00859	0.02331	0.01350	0.03558	0.01104	0.01288	0.00859	0.00736	0.00491	0.00245	0.00613	0.00429	0.00491	0.00859
16	0.01869	0.01986	0.03970	0.09891	0.25937	0.01942	0.37439	0.02457	0.01823	0.02511	0.01548	0.02076	0.01208	0.00693	0.00871	0.00256	0.01176	0.00836	0.00394	0.01117
17	0.00966	0.00690	0.00920	0.01104	0.01150	0.00644	0.00736	0.01104	0.01518	0.02024	0.04371	0.71614	0.05245	0.02484	0.01012	0.00322	0.00460	0.02254	0.00736	0.00644
18	0.01590	0.04102	0.68023	0.02260	0.03432	0.01842	0.02930	0.02511	0.01674	0.02511	0.01423	0.01674	0.01005	0.00753	0.00753	0.00251	0.01172	0.00586	0.00335	0.01172
19	0.01963	0.01884	0.03219	0.04867	0.67185	0.01884	0.02434	0.02434	0.01806	0.02591	0.01492	0.01963	0.01256	0.00707	0.00785	0.00236	0.00942	0.00707	0.00393	0.01256

[dist]
# distance from previous block
# <min> <max>
0	1

[block]
# block no. 7 follows, 24 sequences, length 32
# corresponding to MSA columns:
# 238-269
name=unknown_H
#
# <colnr> <probs for GDERKNQSTAVLIFYWHMCP>
#	G	D	E	R	K	N	Q	S	T	A	V	L	I	F	Y	W	H	M	C	P
0	0.02969	0.03570	0.02265	0.02014	0.02453	0.60030	0.01529	0.11398	0.02446	0.02351	0.01317	0.01494	0.01065	0.00835	0.00726	0.00209	0.01355	0.00538	0.00460	0.00977
1	0.01258	0.00906	0.01251	0.01423	0.01610	0.00899	0.01239	0.01614	0.01824	0.02360	0.04419	0.08869	0.08145	0.02180	0.01086	0.00360	0.00711	0.58388	0.00731	0.00727
2	0.01590	0.04102	0.68023	0.02260	0.03432	0.01842	0.02930	0.02511	0.01674	0.02511	0.01423	0.01674	0.01005	0.00753	0.00753	0.00251	0.01172	0.00586	0.00335	0.01172
3	0.01963	0.01884	0.03219	0.04867	0.67185	0.01884	0.02434	0.02434	0.01806	0.02591	0.01492	0.01963	0.01256	0.00707	0.00785	0.00236	0.00942	0.00707	0.00393	0.01256
4	0.01215	0.00938	0.01125	0.01055	0.01293	0.00912	0.00798	0.01831	0.11335	0.03034	0.48217	0.05769	0.16241	0.01604	0.00917	0.00255	0.00415	0.01395	0.00842	0.00809
5	0.00990	0.00708	0.00941	0.01088	0.01155	0.00660	0.00738	0.01164	0.01629	0.02200	0.13854	0.61630	0.05585	0.02353	0.01000	0.00311	0.00447	0.02130	0.00757	0.00660
6	0.00937	0.00803	0.00803	0.00803	0.01071	0.00669	0.00602	0.01138	0.01807	0.02142	0.08033	0.07632	0.66863	0.02008	0.00937	0.00268	0.00402	0.01674	0.00736	0.00669
7	0.01498	0.01409	0.02378	0.70226	0.05462	0.01762	0.02202	0.02026	0.01586	0.02026	0.01409	0.02114	0.01057	0.00793	0.00793	0.00264	0.01057	0.00705	0.00352	0.00881
8	0.01644	0.01409	0.01644	0.01175	0.01879	0.01057	0.00940	0.01997	0.01644	0.02584	0.01409	0.01644	0.01175	0.00587	0.00587	0.00117	0.00587	0.00470	0.00470	0.76979
9	0.01972	0.01703	0.01793	0.01614	0.02062	0.01972	0.01255	0.04214	0.65752	0.03317	0.03228	0.02959	0.02421	0.01076	0.00807	0.00269	0.00628	0.00897	0.00807	0.01255
10	0.03558	0.01350	0.01840	0.01411	0.02024	0.01166	0.01166	0.03865	0.02270	0.67734	0.03128	0.02699	0.01963	0.00981	0.00797	0.00245	0.00675	0.00797	0.00981	0.01350
11	0.01153	0.00769	0.00865	0.00865	0.00865	0.00769	0.00480	0.01153	0.01153	0.01538	0.02499	0.05189	0.02883	0.72131	0.04036	0.00769	0.00769	0.01153	0.00480	0.00480
12	0.01963	0.01884	0.03219	0.04867	0.67185	0.01884	0.02434	0.02434	0.01806	0.02591	0.01492	0.01963	0.01256	0.00707	0.00785	0.00236	0.00942	0.00707	0.00393	0.01256
13	0.01644	0.01409	0.01644	0.01175	0.01879	0.01057	0.00940	0.01997	0.01644	0.02584	0.01409	0.01644	0.01175	0.00587	0.00587	0.00117	0.00587	0.00470	0.00470	0.76979
14	0.01122	0.00811	0.01060	0.00998	0.01185	0.00748	0.00748	0.01496	0.02245	0.03180	0.66766	0.05923	0.07482	0.01621	0.00935	0.00249	0.00374	0.01434	0.00873	0.00748
15	0.01088	0.00799	0.01019	0.00986	0.01169	0.00730	0.00731	0.01421	0.02131	0.02961	0.54622	0.12061	0.13845	0.01742	0.00942	0.00258	0.00385	0.01535	0.00845	0.00730
16	0.01644	0.01409	0.01644	0.01175	0.01879	0.01057	0.00940	0.01997	0.01644	0.02584	0.01409	0.01644	0.01175	0.00587	0.00587	0.00117	0.00587	0.00470	0.00470	0.76979
17	0.01963	0.01884	0.03219	0.04867	0.67185	0.01884	0.02434	0.02434	0.01806	0.02591	0.01492	0.01963	0.01256	0.00707	0.00785	0.00236	0.00942	0.00707	0.00393	0.01256
18	0.02962	0.03779	0.02247	0.02043	0.02451	0.68948	0.01532	0.03166	0.02247	0.01941	0.01226	0.01430	0.01021	0.00817	0.00715	0.00204	0.01430	0.00511	0.00409	0.00919
19	0.01498	0.01409	0.02378	0.70226	0.05462	0.01762	0.02202	0.02026	0.01586	0.02026	0.01409	0.02114	0.01057	0.00793	0.00793	0.00264	0.01057	0.00705	0.00352	0.00881
20	0.02131	0.02306	0.02320	0.02018	0.02178	0.21395	0.01629	0.05846	0.01657	0.02092	0.01195	0.01723	0.01097	0.01415	0.05090	0.00344	0.43620	0.00650	0.00394	0.00902
21	0.03014	0.02221	0.02380	0.01825	0.02459	0.02459	0.01507	0.64541	0.03728	0.04998	0.01904	0.01904	0.01349	0.00952	0.00793	0.00238	0.00873	0.00714	0.00793	0.01349
22	0.01122	0.00811	0.01060	0.00998	0.01185	0.00748	0.00748	0.01496	0.02245	0.03180	0.66766	0.05923	0.07482	0.01621	0.00935	0.00249	0.00374	0.01434	0.00873	0.00748
23	0.01852	0.02082	0.04364	0.03166	0.03855	0.02065	0.55536	0.02452	0.01780	0.02452	0.01525	0.02082	0.01180	0.00769	0.01169	0.00279	0.11055	0.00902	0.00393	0.01041
24	0.01133	0.00850	0.01274	0.01274	0.01416	0.00991	0.00991	0.01416	0.01274	0.01841	0.02124	0.03115	0.01982	0.05947	0.68989	0.01274	0.02124	0.00850	0.00425	0.00708
25	0.00985	0.00704	0.00942	0.01126	0.01180	0.00660	0.00769	0.01137	0.01537	0.02045	0.04360	0.67811	0.05203	0.02467	0.01017	0.00325	0.00476	0.05870	0.00736	0.00649
26	0.02928	0.02103	0.02282	0.01759	0.02385	0.02291	0.01447	0.54716	0.06999	0.08603	0.02030	0.01999	0.01438	0.00944	0.00785	0.00235	0.00834	0.00718	0.00791	0.04712
27	0.01732	0.01444	0.01671	0.01230	0.01892	0.01163	0.00980	0.07683	0.01828	0.02774	0.01620	0.05562	0.01417	0.00726	0.00630	0.00140	0.00606	0.00592	0.00514	0.65794
28	0.01498	0.01409	0.02378	0.70226	0.05462	0.01762	0.02202	0.02026	0.01586	0.02026	0.01409	0.02114	0.01057	0.00793	0.00793	0.00264	0.01057	0.00705	0.00352	0.00881
29	0.01915	0.01548	0.01918	0.01414	0.02092	0.01322	0.04874	0.07945	0.07159	0.06485	0.01711	0.01865	0.01338	0.00687	0.00657	0.00157	0.00667	0.00573	0.00551	0.55123
30	0.72805	0.01521	0.01210	0.01067	0.01566	0.01738	0.00879	0.02433	0.01411	0.07821	0.01239	0.01382	0.00932	0.00752	0.00511	0.00245	0.00617	0.00454	0.00523	0.00891
31	0.69538	0.01518	0.01226	0.01067	0.01577	0.01705	0.00877	0.02374	0.01408	0.06210	0.01210	0.01372	0.00927	0.00737	0.00510	0.00237	0.00614	0.00448	0.00510	0.05936

[dist]
# distance from previous block
# <min> <max>
0	1

[block]
# block no. 8 follows, 24 sequences, length 17
# corresponding to MSA columns:
# 271-287
name=unknown_I
#
# <colnr> <probs for GDERKNQSTAVLIFYWHMCP>
#	G	D	E	R	K	N	Q	S	T	A	V	L	I	F	Y	W	H	M	C	P
0	0.02844	0.02509	0.02259	0.01844	0.02397	0.18012	0.01475	0.40939	0.12815	0.04024	0.01946	0.01953	0.01435	0.00939	0.00777	0.00235	0.00966	0.00694	0.00705	0.01233
1	0.00964	0.00698	0.00912	0.01083	0.01145	0.00646	0.00727	0.01107	0.01539	0.02033	0.04633	0.67032	0.09657	0.02450	0.01007	0.00318	0.00456	0.02213	0.00736	0.00646
2	0.02889	0.02159	0.02309	0.01799	0.02411	0.02401	0.01477	0.57282	0.11191	0.04795	0.02063	0.02031	0.01478	0.00967	0.00795	0.00242	0.00843	0.00736	0.00795	0.01337
3	0.01753	0.03875	0.62559	0.02190	0.03316	0.01786	0.02784	0.02623	0.01723	0.07895	0.01564	0.01759	0.01084	0.00772	0.00757	0.00251	0.01131	0.00603	0.00388	0.01187
4	0.03014	0.02221	0.02380	0.01825	0.02459	0.02459	0.01507	0.64541	0.03728	0.04998	0.01904	0.01904	0.01349	0.00952	0.00793	0.00238	0.00873	0.00714	0.00793	0.01349
5	0.01864	0.02116	0.04551	0.03271	0.04027	0.02029	0.60744	0.02504	0.01834	0.02504	0.01572	0.02116	0.01194	0.00709	0.01031	0.00272	0.05283	0.00922	0.00398	0.01058
6	0.36885	0.01432	0.01537	0.01246	0.01804	0.01441	0.01028	0.03176	0.01856	0.38900	0.02219	0.02065	0.01467	0.00871	0.00660	0.00245	0.00647	0.00632	0.00761	0.01129
7	0.03014	0.02221	0.02380	0.01825	0.02459	0.02459	0.01507	0.64541	0.03728	0.04998	0.01904	0.01904	0.01349	0.00952	0.00793	0.00238	0.00873	0.00714	0.00793	0.01349
8	0.00965	0.00696	0.00914	0.01088	0.01146	0.00645	0.00729	0.01106	0.01534	0.02031	0.04573	0.68071	0.08657	0.02458	0.01008	0.00319	0.00457	0.02222	0.00736	0.00645
9	0.02962	0.03779	0.02247	0.02043	0.02451	0.68948	0.01532	0.03166	0.02247	0.01941	0.01226	0.01430	0.01021	0.00817	0.00715	0.00204	0.01430	0.00511	0.00409	0.00919
10	0.00962	0.00705	0.00905	0.01065	0.01140	0.00647	0.00719	0.01109	0.01556	0.02040	0.04844	0.63343	0.13210	0.02423	0.01002	0.00315	0.00453	0.02179	0.00736	0.00647
11	0.00978	0.00699	0.00931	0.01096	0.01153	0.00652	0.00737	0.01134	0.01574	0.02113	0.09140	0.66592	0.05416	0.02418	0.01006	0.00316	0.00453	0.02192	0.00747	0.00652
12	0.00966	0.00690	0.00920	0.01104	0.01150	0.00644	0.00736	0.01104	0.01518	0.02024	0.04371	0.71614	0.05245	0.02484	0.01012	0.00322	0.00460	0.02254	0.00736	0.00644
13	0.01644	0.01409	0.01644	0.01175	0.01879	0.01057	0.00940	0.01997	0.01644	0.02584	0.01409	0.01644	0.01175	0.00587	0.00587	0.00117	0.00587	0.00470	0.00470	0.76979
14	0.17950	0.01245	0.01225	0.01221	0.01459	0.06653	0.00909	0.01695	0.01607	0.02491	0.07674	0.34702	0.03597	0.01700	0.00904	0.00277	0.03415	0.04078	0.00630	0.06570
15	0.45066	0.01670	0.01486	0.01282	0.01778	0.04719	0.01036	0.08110	0.11835	0.10705	0.04178	0.01939	0.01522	0.00872	0.00627	0.00247	0.00672	0.00609	0.00631	0.01016
16	0.42430	0.01599	0.06146	0.01234	0.01791	0.01500	0.01088	0.02743	0.01719	0.23708	0.04586	0.02225	0.04446	0.00906	0.00644	0.00247	0.00654	0.00651	0.00660	0.01024

[dist]
# distance from previous block
# <min> <max>
5	41

[block]
# block no. 9 follows, 24 sequences, length 9
# corresponding to MSA columns:
# 329-337
name=unknown_J
#
# <colnr> <probs for GDERKNQSTAVLIFYWHMCP>
#	G	D	E	R	K	N	Q	S	T	A	V	L	I	F	Y	W	H	M	C	P
0	0.07782	0.13734	0.02424	0.01755	0.02263	0.31781	0.01408	0.13924	0.10358	0.04936	0.01633	0.01714	0.01275	0.00852	0.00696	0.00217	0.01060	0.00586	0.00540	0.01063
1	0.02616	0.02129	0.02335	0.02236	0.12395	0.07808	0.01567	0.42537	0.03055	0.04030	0.02059	0.09698	0.01744	0.01074	0.00810	0.00244	0.00884	0.00868	0.00692	0.01219
2	0.01175	0.00810	0.01118	0.01134	0.01260	0.00899	0.00849	0.01430	0.01343	0.01999	0.02426	0.09118	0.02360	0.11734	0.45824	0.00971	0.01569	0.00983	0.12314	0.00684
3	0.15043	0.02111	0.01847	0.01549	0.02035	0.13984	0.01235	0.27545	0.08910	0.03695	0.02110	0.02176	0.04095	0.00945	0.00709	0.00231	0.00830	0.00691	0.09174	0.01084
4	0.68057	0.01473	0.01220	0.04590	0.01709	0.01700	0.00919	0.02253	0.01429	0.03451	0.06060	0.01679	0.01367	0.00806	0.00540	0.00247	0.00618	0.00519	0.00512	0.00852
5	0.57472	0.01400	0.01225	0.01077	0.01534	0.01549	0.00876	0.02373	0.01592	0.10703	0.11561	0.02169	0.02015	0.00902	0.00594	0.00246	0.00583	0.00627	0.00605	0.00897
6	0.01498	0.01409	0.02378	0.70226	0.05462	0.01762	0.02202	0.02026	0.01586	0.02026	0.01409	0.02114	0.01057	0.00793	0.00793	0.00264	0.01057	0.00705	0.00352	0.00881
7	0.07836	0.03292	0.02132	0.01929	0.02327	0.53556	0.01466	0.03164	0.09263	0.02203	0.01433	0.01607	0.01169	0.00869	0.00805	0.00221	0.04762	0.00558	0.00456	0.00950
8	0.13702	0.01434	0.01727	0.01378	0.01953	0.01372	0.01124	0.03602	0.11995	0.45121	0.02765	0.02483	0.01836	0.00940	0.00744	0.00242	0.00654	0.00743	0.00857	0.05327

[dist]
# distance from previous block
# <min> <max>
0	3

[block]
# block no. 10 follows, 24 sequences, length 24
# corresponding to MSA columns:
# 341-364
name=unknown_K
#
# <colnr> <probs for GDERKNQSTAVLIFYWHMCP>
#	G	D	E	R	K	N	Q	S	T	A	V	L	I	F	Y	W	H	M	C	P
0	0.11895	0.01459	0.02318	0.57776	0.04867	0.01775	0.04833	0.02091	0.01566	0.02258	0.01377	0.02003	0.01037	0.00779	0.00758	0.00262	0.01009	0.00678	0.00373	0.00886
1	0.19701	0.02464	0.02075	0.01705	0.02250	0.19229	0.01369	0.35017	0.02820	0.03898	0.01553	0.01646	0.01156	0.00869	0.00706	0.00231	0.00957	0.00599	0.00628	0.01130
2	0.02906	0.02147	0.02298	0.01771	0.02387	0.02366	0.01460	0.61244	0.03628	0.04849	0.02223	0.02202	0.04755	0.01007	0.00801	0.00240	0.00848	0.00764	0.00790	0.01313
3	0.01865	0.02118	0.04562	0.03277	0.04037	0.02027	0.61051	0.02507	0.01837	0.02507	0.01575	0.02118	0.01195	0.00706	0.01022	0.00272	0.04943	0.00923	0.00398	0.01059
4	0.02958	0.02193	0.02348	0.01813	0.02438	0.02433	0.01494	0.61295	0.07065	0.04907	0.01975	0.01961	0.01406	0.00959	0.00794	0.00240	0.00859	0.00724	0.00794	0.01344
5	0.13250	0.00862	0.00805	0.00786	0.01018	0.00900	0.00601	0.01922	0.01615	0.03049	0.02358	0.02699	0.01851	0.00895	0.00545	0.00194	0.00407	0.00691	0.64795	0.00758
6	0.02747	0.02009	0.02171	0.01734	0.02313	0.02227	0.01410	0.42677	0.21794	0.08843	0.02376	0.02268	0.01705	0.00990	0.00798	0.00248	0.00787	0.00773	0.00810	0.01321
7	0.01305	0.00952	0.01289	0.01447	0.01639	0.00968	0.01240	0.01785	0.06224	0.02415	0.04143	0.12732	0.04461	0.02133	0.01070	0.00356	0.00705	0.53639	0.00736	0.00761
8	0.03014	0.02221	0.02380	0.01825	0.02459	0.02459	0.01507	0.64541	0.03728	0.04998	0.01904	0.01904	0.01349	0.00952	0.00793	0.00238	0.00873	0.00714	0.00793	0.01349
9	0.02120	0.72609	0.04155	0.01357	0.02035	0.03138	0.01357	0.02374	0.01611	0.01866	0.01102	0.01272	0.01018	0.00678	0.00509	0.00170	0.00848	0.00424	0.00339	0.01018
10	0.03014	0.02221	0.02380	0.01825	0.02459	0.02459	0.01507	0.64541	0.03728	0.04998	0.01904	0.01904	0.01349	0.00952	0.00793	0.00238	0.00873	0.00714	0.00793	0.01349
11	0.77733	0.01534	0.01166	0.01043	0.01534	0.01779	0.00859	0.02331	0.01350	0.03558	0.01104	0.01288	0.00859	0.00736	0.00491	0.00245	0.00613	0.00429	0.00491	0.00859
12	0.01498	0.01409	0.02378	0.70226	0.05462	0.01762	0.02202	0.02026	0.01586	0.02026	0.01409	0.02114	0.01057	0.00793	0.00793	0.00264	0.01057	0.00705	0.00352	0.00881
13	0.02962	0.03779	0.02247	0.02043	0.02451	0.68948	0.01532	0.03166	0.02247	0.01941	0.01226	0.01430	0.01021	0.00817	0.00715	0.00204	0.01430	0.00511	0.00409	0.00919
14	0.03014	0.02221	0.02380	0.01825	0.02459	0.02459	0.01507	0.64541	0.03728	0.04998	0.01904	0.01904	0.01349	0.00952	0.00793	0.00238	0.00873	0.00714	0.00793	0.01349
15	0.00966	0.00690	0.00920	0.01104	0.01150	0.00644	0.00736	0.01104	0.01518	0.02024	0.04371	0.71614	0.05245	0.02484	0.01012	0.00322	0.00460	0.02254	0.00736	0.00644
16	0.03014	0.02221	0.02380	0.01825	0.02459	0.02459	0.01507	0.64541	0.03728	0.04998	0.01904	0.01904	0.01349	0.00952	0.00793	0.00238	0.00873	0.00714	0.00793	0.01349
17	0.03014	0.02221	0.02380	0.01825	0.02459	0.02459	0.01507	0.64541	0.03728	0.04998	0.01904	0.01904	0.01349	0.00952	0.00793	0.00238	0.00873	0.00714	0.00793	0.01349
18	0.00966	0.00690	0.00920	0.01104	0.01150	0.00644	0.00736	0.01104	0.01518	0.02024	0.04371	0.71614	0.05245	0.02484	0.01012	0.00322	0.00460	0.02254	0.00736	0.00644
19	0.01644	0.01409	0.01644	0.01175	0.01879	0.01057	0.00940	0.01997	0.01644	0.02584	0.01409	0.01644	0.01175	0.00587	0.00587	0.00117	0.00587	0.00470	0.00470	0.76979
20	0.01944	0.01678	0.01780	0.01575	0.02046	0.01892	0.01228	0.04020	0.60153	0.03253	0.03069	0.02844	0.02312	0.01033	0.00788	0.00256	0.00624	0.00859	0.00777	0.07869
21	0.01491	0.01385	0.02050	0.01803	0.01898	0.01812	0.04244	0.01732	0.01269	0.01909	0.01517	0.02327	0.01440	0.03251	0.30133	0.00729	0.39050	0.00770	0.00382	0.00810
22	0.03014	0.02221	0.02380	0.01825	0.02459	0.02459	0.01507	0.64541	0.03728	0.04998	0.01904	0.01904	0.01349	0.00952	0.00793	0.00238	0.00873	0.00714	0.00793	0.01349
23	0.09541	0.02161	0.02274	0.01756	0.02378	0.02400	0.01451	0.59107	0.03521	0.04872	0.01834	0.01850	0.01306	0.00933	0.00767	0.00239	0.00850	0.00689	0.00767	0.01306

[dist]
# distance from previous block
# <min> <max>
0	4

[block]
# block no. 11 follows, 24 sequences, length 13
# corresponding to MSA columns:
# 369-381
name=unknown_L
#
# <colnr> <probs for GDERKNQSTAVLIFYWHMCP>
#	G	D	E	R	K	N	Q	S	T	A	V	L	I	F	Y	W	H	M	C	P
0	0.02438	0.01753	0.01835	0.01591	0.02079	0.06242	0.01251	0.04056	0.45501	0.19471	0.03069	0.02791	0.02212	0.01035	0.00798	0.00259	0.00693	0.00846	0.00824	0.01257
1	0.58308	0.01495	0.01309	0.01140	0.01634	0.01671	0.00931	0.02672	0.06736	0.12663	0.03894	0.01789	0.01378	0.00830	0.00576	0.00247	0.00615	0.00555	0.00600	0.00957
2	0.01171	0.00834	0.01200	0.01200	0.01340	0.00955	0.00923	0.01452	0.01311	0.01948	0.02190	0.03184	0.02025	0.08161	0.58907	0.01136	0.01878	0.00850	0.08633	0.00702
3	0.11429	0.02144	0.02243	0.01736	0.02355	0.02383	0.01434	0.57535	0.03460	0.04835	0.01814	0.01835	0.01293	0.00928	0.00759	0.00239	0.00843	0.00682	0.00759	0.01293
4	0.00966	0.00690	0.00920	0.01104	0.01150	0.00644	0.00736	0.01104	0.01518	0.02024	0.04371	0.71614	0.05245	0.02484	0.01012	0.00322	0.00460	0.02254	0.00736	0.00644
5	0.19578	0.01330	0.01544	0.01250	0.01770	0.01268	0.01013	0.02980	0.05181	0.33467	0.12480	0.02795	0.02524	0.00992	0.00730	0.00234	0.00603	0.00787	0.00794	0.08678
6	0.01919	0.01656	0.02232	0.01734	0.02255	0.05934	0.11858	0.02422	0.06381	0.09058	0.09128	0.04233	0.02139	0.00945	0.00964	0.00218	0.08471	0.00795	0.00568	0.27091
7	0.17489	0.02088	0.02145	0.01673	0.02280	0.02327	0.01382	0.52489	0.03268	0.04719	0.01749	0.01785	0.01254	0.00910	0.00735	0.00239	0.00822	0.00659	0.00735	0.01254
8	0.01703	0.18613	0.54494	0.02069	0.03136	0.02116	0.02597	0.02482	0.01661	0.02375	0.01355	0.01589	0.01007	0.00738	0.00702	0.00234	0.01103	0.00552	0.00336	0.01139
9	0.43477	0.01468	0.01416	0.01174	0.01692	0.01540	0.00958	0.06929	0.01800	0.14866	0.07753	0.02059	0.01750	0.00862	0.00619	0.00231	0.00617	0.00614	0.00633	0.09542
10	0.02556	0.01818	0.02021	0.01591	0.02171	0.01892	0.01287	0.35953	0.10007	0.10414	0.02274	0.07326	0.01794	0.01021	0.00776	0.00227	0.00744	0.00816	0.00752	0.14560
11	0.11309	0.02039	0.01977	0.01589	0.02132	0.08875	0.01281	0.34977	0.05668	0.03996	0.09054	0.02257	0.01979	0.00957	0.00746	0.00226	0.00804	0.00725	0.00696	0.08714
12	0.32725	0.01798	0.01759	0.01418	0.01987	0.01969	0.01161	0.26929	0.07211	0.06034	0.01673	0.01736	0.01236	0.00839	0.00653	0.00232	0.00716	0.00592	0.00647	0.08684

[dist]
# distance from previous block
# <min> <max>
8	36

[block]
# block no. 12 follows, 24 sequences, length 17
# corresponding to MSA columns:
# 418-434
name=unknown_M
#
# <colnr> <probs for GDERKNQSTAVLIFYWHMCP>
#	G	D	E	R	K	N	Q	S	T	A	V	L	I	F	Y	W	H	M	C	P
0	0.01727	0.01705	0.02358	0.02000	0.02064	0.02305	0.01663	0.01916	0.01253	0.01970	0.01074	0.01727	0.01053	0.01315	0.02420	0.00326	0.64340	0.00674	0.00358	0.07752
1	0.69588	0.01693	0.01291	0.01140	0.01634	0.05476	0.00931	0.05766	0.01528	0.03548	0.01154	0.01329	0.00894	0.00752	0.00519	0.00243	0.00672	0.00449	0.00503	0.00889
2	0.01735	0.01735	0.02429	0.02082	0.02082	0.02429	0.01735	0.01908	0.01214	0.01908	0.01041	0.01735	0.01041	0.01388	0.02602	0.00347	0.70680	0.00694	0.00347	0.00867
3	0.02682	0.02140	0.02187	0.01769	0.02333	0.05801	0.01429	0.42254	0.23247	0.04306	0.02286	0.02212	0.01670	0.00984	0.00793	0.00246	0.00824	0.00761	0.00777	0.01296
4	0.02873	0.03592	0.02206	0.02004	0.02416	0.62889	0.01507	0.03261	0.07992	0.02065	0.01407	0.01568	0.01148	0.00841	0.00723	0.00210	0.01357	0.00546	0.00445	0.00950
5	0.03014	0.02221	0.02380	0.01825	0.02459	0.02459	0.01507	0.64541	0.03728	0.04998	0.01904	0.01904	0.01349	0.00952	0.00793	0.00238	0.00873	0.00714	0.00793	0.01349
6	0.02120	0.72609	0.04155	0.01357	0.02035	0.03138	0.01357	0.02374	0.01611	0.01866	0.01102	0.01272	0.01018	0.00678	0.00509	0.00170	0.00848	0.00424	0.00339	0.01018
7	0.03014	0.02221	0.02380	0.01825	0.02459	0.02459	0.01507	0.64541	0.03728	0.04998	0.01904	0.01904	0.01349	0.00952	0.00793	0.00238	0.00873	0.00714	0.00793	0.01349
8	0.77733	0.01534	0.01166	0.01043	0.01534	0.01779	0.00859	0.02331	0.01350	0.03558	0.01104	0.01288	0.00859	0.00736	0.00491	0.00245	0.00613	0.00429	0.00491	0.00859
9	0.01498	0.01409	0.02378	0.70226	0.05462	0.01762	0.02202	0.02026	0.01586	0.02026	0.01409	0.02114	0.01057	0.00793	0.00793	0.00264	0.01057	0.00705	0.00352	0.00881
10	0.03014	0.02221	0.02380	0.01825	0.02459	0.02459	0.01507	0.64541	0.03728	0.04998	0.01904	0.01904	0.01349	0.00952	0.00793	0.00238	0.00873	0.00714	0.00793	0.01349
11	0.03014	0.02221	0.02380	0.01825	0.02459	0.02459	0.01507	0.64541	0.03728	0.04998	0.01904	0.01904	0.01349	0.00952	0.00793	0.00238	0.00873	0.00714	0.00793	0.01349
12	0.02898	0.02131	0.02285	0.01765	0.02360	0.02354	0.01443	0.60590	0.03568	0.04782	0.01941	0.02109	0.01444	0.05388	0.00995	0.00271	0.00866	0.00741	0.00774	0.01294
13	0.03014	0.02221	0.02380	0.01825	0.02459	0.02459	0.01507	0.64541	0.03728	0.04998	0.01904	0.01904	0.01349	0.00952	0.00793	0.00238	0.00873	0.00714	0.00793	0.01349
14	0.01963	0.01884	0.03219	0.04867	0.67185	0.01884	0.02434	0.02434	0.01806	0.02591	0.01492	0.01963	0.01256	0.00707	0.00785	0.00236	0.00942	0.00707	0.00393	0.01256
15	0.03014	0.02221	0.02380	0.01825	0.02459	0.02459	0.01507	0.64541	0.03728	0.04998	0.01904	0.01904	0.01349	0.00952	0.00793	0.00238	0.00873	0.00714	0.00793	0.01349
16	0.02039	0.01737	0.01831	0.01627	0.02087	0.02003	0.01271	0.08069	0.61789	0.03425	0.03143	0.02891	0.02352	0.01068	0.00806	0.00267	0.00643	0.00885	0.00806	0.01261

[dist]
# distance from previous block
# <min> <max>
0	8

[block]
# block no. 13 follows, 24 sequences, length 11
# corresponding to MSA columns:
# 443-453
name=unknown_N
#
# <colnr> <probs for GDERKNQSTAVLIFYWHMCP>
#	G	D	E	R	K	N	Q	S	T	A	V	L	I	F	Y	W	H	M	C	P
0	0.58945	0.01338	0.01060	0.00968	0.01383	0.01523	0.00784	0.02212	0.01427	0.03410	0.01469	0.01699	0.01148	0.00782	0.00506	0.00230	0.00553	0.00506	0.19226	0.00829
1	0.01779	0.01959	0.04112	0.19821	0.04469	0.01945	0.49004	0.02413	0.01801	0.02413	0.01556	0.02133	0.01167	0.00699	0.00901	0.00267	0.01268	0.00879	0.00389	0.01023
2	0.01644	0.01409	0.01644	0.01175	0.01879	0.01057	0.00940	0.01997	0.01644	0.02584	0.01409	0.01644	0.01175	0.00587	0.00587	0.00117	0.00587	0.00470	0.00470	0.76979
3	0.00966	0.00690	0.00920	0.01104	0.01150	0.00644	0.00736	0.01104	0.01518	0.02024	0.04371	0.71614	0.05245	0.02484	0.01012	0.00322	0.00460	0.02254	0.00736	0.00644
4	0.02880	0.02116	0.02270	0.01755	0.02344	0.02337	0.01433	0.59947	0.03542	0.04747	0.01947	0.02142	0.01460	0.06110	0.01028	0.00276	0.00865	0.00746	0.00771	0.01286
5	0.02120	0.72609	0.04155	0.01357	0.02035	0.03138	0.01357	0.02374	0.01611	0.01866	0.01102	0.01272	0.01018	0.00678	0.00509	0.00170	0.00848	0.00424	0.00339	0.01018
6	0.21423	0.02052	0.02081	0.01632	0.02231	0.02292	0.01347	0.49214	0.03142	0.04643	0.01707	0.01752	0.01228	0.00899	0.00719	0.00240	0.00809	0.00644	0.00719	0.01228
7	0.59324	0.01703	0.01465	0.01235	0.01762	0.01947	0.01019	0.17658	0.01936	0.03913	0.01301	0.01440	0.00979	0.00789	0.00565	0.00244	0.00677	0.00500	0.00565	0.00979
8	0.03014	0.02221	0.02380	0.01825	0.02459	0.02459	0.01507	0.64541	0.03728	0.04998	0.01904	0.01904	0.01349	0.00952	0.00793	0.00238	0.00873	0.00714	0.00793	0.01349
9	0.01857	0.01104	0.01143	0.01007	0.01302	0.01163	0.00789	0.17294	0.02172	0.03459	0.02419	0.02697	0.01864	0.00931	0.00613	0.00198	0.00493	0.00733	0.57873	0.00889
10	0.72215	0.01720	0.06010	0.01131	0.01671	0.01783	0.01009	0.02344	0.01373	0.03482	0.01127	0.01316	0.00869	0.00737	0.00510	0.00246	0.00654	0.00441	0.00479	0.00881

[dist]
# distance from previous block
# <min> <max>
0	1

[block]
# block no. 14 follows, 24 sequences, length 30
# corresponding to MSA columns:
# 455-484
name=unknown_O
#
# <colnr> <probs for GDERKNQSTAVLIFYWHMCP>
#	G	D	E	R	K	N	Q	S	T	A	V	L	I	F	Y	W	H	M	C	P
0	0.01608	0.01560	0.02402	0.38632	0.03895	0.02071	0.01986	0.01972	0.01414	0.01972	0.01239	0.01938	0.01050	0.01069	0.01632	0.00303	0.33336	0.00700	0.00350	0.00875
1	0.03014	0.02221	0.02380	0.01825	0.02459	0.02459	0.01507	0.64541	0.03728	0.04998	0.01904	0.01904	0.01349	0.00952	0.00793	0.00238	0.00873	0.00714	0.00793	0.01349
