[name]
unknown

[dist]
# distance from previous block
# <min> <max>
0	36

[block]
# block no. 0 follows, 24 sequences, length 38
# corresponding to MSA columns:
# 227-232,235-266
name=unknown_A
#
# <colnr> <probs for GDERKNQSTAVLIFYWHMCP>
#	G	D	E	R	K	N	Q	S	T	A	V	L	I	F	Y	W	H	M	C	P
0	0.01261	0.00894	0.01223	0.01382	0.01540	0.00894	0.01172	0.01578	0.01737	0.02263	0.03974	0.08448	0.04341	0.11442	0.01484	0.00418	0.00735	0.53819	0.00697	0.00697
1	0.03070	0.01230	0.01672	0.01346	0.01859	0.01072	0.01084	0.03358	0.02169	0.55187	0.07094	0.12007	0.02727	0.01218	0.00834	0.00256	0.00628	0.01028	0.00943	0.01220
2	0.02119	0.01662	0.01801	0.01582	0.02022	0.01865	0.01235	0.16264	0.41846	0.06115	0.03101	0.11811	0.02554	0.01233	0.00831	0.00269	0.00658	0.01034	0.00802	0.01197
3	0.01094	0.00752	0.00875	0.00920	0.00947	0.00732	0.00551	0.01140	0.01282	0.01693	0.03289	0.21644	0.07284	0.50843	0.03109	0.00629	0.00671	0.01455	0.00559	0.00532
4	0.01202	0.00860	0.01186	0.01336	0.01495	0.00843	0.01112	0.01528	0.01827	0.02418	0.12505	0.19628	0.05070	0.02167	0.01059	0.00342	0.00635	0.43317	0.00750	0.00717
5	0.01530	0.03672	0.59194	0.02130	0.03165	0.01729	0.02673	0.02366	0.01621	0.02423	0.01516	0.01865	0.01134	0.01440	0.09779	0.00386	0.01298	0.00621	0.00347	0.01111
6	0.01427	0.01314	0.02186	0.61083	0.04891	0.01614	0.02008	0.01904	0.01577	0.02026	0.01801	0.11307	0.01611	0.01017	0.00822	0.00272	0.00978	0.00910	0.00403	0.00850
7	0.01039	0.00709	0.00884	0.01021	0.01102	0.00664	0.00691	0.01207	0.01547	0.02138	0.04370	0.54494	0.09931	0.04999	0.01065	0.00317	0.00455	0.01961	0.10752	0.00652
8	0.06076	0.01300	0.01617	0.01311	0.01772	0.01236	0.01037	0.08406	0.05470	0.38333	0.11737	0.03360	0.02776	0.10473	0.01232	0.00316	0.00657	0.00915	0.00853	0.01124
9	0.01128	0.00758	0.00872	0.00897	0.00903	0.00752	0.00514	0.01147	0.01201	0.01602	0.02746	0.13975	0.03195	0.62919	0.03636	0.00710	0.00728	0.01299	0.00514	0.00502
10	0.01068	0.00828	0.01120	0.01233	0.01273	0.00880	0.00868	0.01211	0.01478	0.02009	0.03930	0.62371	0.04689	0.02339	0.01222	0.00325	0.09748	0.02048	0.00685	0.00674
11	0.01742	0.01914	0.04045	0.02948	0.03646	0.01782	0.53028	0.02326	0.01815	0.02474	0.01961	0.11306	0.01736	0.00905	0.00930	0.00268	0.01187	0.01089	0.00448	0.04450
12	0.01963	0.01884	0.03219	0.04867	0.67185	0.01884	0.02434	0.02434	0.01806	0.02591	0.01492	0.01963	0.01256	0.00707	0.00785	0.00236	0.00942	0.00707	0.00393	0.01256
13	0.01113	0.00814	0.01047	0.01001	0.01195	0.00749	0.00759	0.01472	0.02188	0.03054	0.58867	0.06207	0.12521	0.01680	0.00943	0.00256	0.00392	0.04146	0.00855	0.00741
14	0.01644	0.01409	0.01644	0.01175	0.01879	0.01057	0.00940	0.01997	0.01644	0.02584	0.01409	0.01644	0.01175	0.00587	0.00587	0.00117	0.00587	0.00470	0.00470	0.76979
15	0.01892	0.01626	0.01721	0.01565	0.01994	0.01864	0.01221	0.03955	0.59970	0.03220	0.03518	0.03430	0.05911	0.01167	0.00825	0.00273	0.00619	0.03225	0.00800	0.01204
16	0.00966	0.00690	0.00920	0.01104	0.01150	0.00644	0.00736	0.01104	0.01518	0.02024	0.04371	0.71614	0.05245	0.02484	0.01012	0.00322	0.00460	0.02254	0.00736	0.00644
17	0.01278	0.00913	0.01278	0.01460	0.01643	0.00913	0.01278	0.01643	0.01825	0.02373	0.04199	0.08945	0.04564	0.02191	0.01095	0.00365	0.00730	0.61847	0.00730	0.00730
18	0.01912	0.01833	0.03128	0.11928	0.60517	0.01871	0.02409	0.02390	0.01782	0.02530	0.01483	0.01979	0.01235	0.00716	0.00786	0.00239	0.00954	0.00706	0.00388	0.01216
19	0.03558	0.01350	0.01840	0.01411	0.02024	0.01166	0.01166	0.03865	0.02270	0.67734	0.03128	0.02699	0.01963	0.00981	0.00797	0.00245	0.00675	0.00797	0.00981	0.01350
20	0.01972	0.01703	0.01793	0.01614	0.02062	0.01972	0.01255	0.04214	0.65752	0.03317	0.03228	0.02959	0.02421	0.01076	0.00807	0.00269	0.00628	0.00897	0.00807	0.01255
21	0.03405	0.01495	0.01918	0.01481	0.02090	0.01394	0.01220	0.12843	0.05397	0.55513	0.02952	0.02594	0.01893	0.00981	0.00797	0.00245	0.00702	0.00790	0.00946	0.01345
22	0.02120	0.72609	0.04155	0.01357	0.02035	0.03138	0.01357	0.02374	0.01611	0.01866	0.01102	0.01272	0.01018	0.00678	0.00509	0.00170	0.00848	0.00424	0.00339	0.01018
23	0.02120	0.72609	0.04155	0.01357	0.02035	0.03138	0.01357	0.02374	0.01611	0.01866	0.01102	0.01272	0.01018	0.00678	0.00509	0.00170	0.00848	0.00424	0.00339	0.01018
24	0.01637	0.10128	0.62404	0.02181	0.03309	0.01956	0.02791	0.02499	0.01669	0.02455	0.01395	0.01639	0.01006	0.00747	0.00732	0.00244	0.01143	0.00572	0.00335	0.01158
25	0.02625	0.02305	0.02020	0.01725	0.02210	0.20342	0.01352	0.17558	0.23375	0.10874	0.05631	0.02419	0.01997	0.00993	0.00784	0.00240	0.00897	0.00765	0.00718	0.01169
26	0.01644	0.01409	0.01644	0.01175	0.01879	0.01057	0.00940	0.01997	0.01644	0.02584	0.01409	0.01644	0.01175	0.00587	0.00587	0.00117	0.00587	0.00470	0.00470	0.76979
27	0.01478	0.00739	0.00739	0.00739	0.00924	0.00739	0.00554	0.01848	0.01663	0.02956	0.02587	0.02956	0.02033	0.00924	0.00554	0.00185	0.00370	0.00739	0.76534	0.00739
28	0.01644	0.01409	0.01644	0.01175	0.01879	0.01057	0.00940	0.01997	0.01644	0.02584	0.01409	0.01644	0.01175	0.00587	0.00587	0.00117	0.00587	0.00470	0.00470	0.76979
29	0.77733	0.01534	0.01166	0.01043	0.01534	0.01779	0.00859	0.02331	0.01350	0.03558	0.01104	0.01288	0.00859	0.00736	0.00491	0.00245	0.00613	0.00429	0.00491	0.00859
30	0.01133	0.00850	0.01274	0.01274	0.01416	0.00991	0.00991	0.01416	0.01274	0.01841	0.02124	0.03115	0.01982	0.05947	0.68989	0.01274	0.02124	0.00850	0.00425	0.00708
31	0.00974	0.00696	0.00928	0.01099	0.01152	0.00650	0.00737	0.01125	0.01557	0.02085	0.07672	0.68138	0.05363	0.02439	0.01008	0.00318	0.00456	0.02211	0.00743	0.00650
32	0.01153	0.00769	0.00865	0.00865	0.00865	0.00769	0.00480	0.01153	0.01153	0.01538	0.02499	0.05189	0.02883	0.72131	0.04036	0.00769	0.00769	0.01153	0.00480	0.00480
33	0.01779	0.02782	0.25443	0.02988	0.03911	0.01952	0.44186	0.02531	0.01807	0.02531	0.01545	0.01987	0.01138	0.00696	0.00876	0.00262	0.01283	0.00821	0.00379	0.01103
34	0.01639	0.10342	0.62205	0.02178	0.03305	0.01960	0.02787	0.02499	0.01668	0.02452	0.01394	0.01638	0.01006	0.00747	0.00731	0.00244	0.01142	0.00571	0.00335	0.01158
35	0.00946	0.00804	0.00815	0.00812	0.01076	0.00673	0.00609	0.01155	0.01828	0.02190	0.10756	0.07552	0.64110	0.01990	0.00937	0.00267	0.00400	0.01662	0.00743	0.00673
36	0.60894	0.01769	0.01432	0.01230	0.01742	0.05353	0.01006	0.13192	0.01809	0.03725	0.01249	0.01403	0.00952	0.00778	0.00555	0.00242	0.00700	0.00483	0.00539	0.00947
37	0.02056	0.01985	0.03136	0.04600	0.61285	0.04947	0.02350	0.05316	0.01914	0.02672	0.01498	0.01936	0.01250	0.00723	0.00782	0.00234	0.00961	0.00698	0.00412	0.01245

[dist]
# distance from previous block
# <min> <max>
0	30

[block]
# block no. 1 follows, 24 sequences, length 96
# corresponding to MSA columns:
# 297-305,313-362,377-413
name=unknown_B
#
# <colnr> <probs for GDERKNQSTAVLIFYWHMCP>
#	G	D	E	R	K	N	Q	S	T	A	V	L	I	F	Y	W	H	M	C	P
0	0.00953	0.00801	0.00808	0.00808	0.01056	0.00677	0.00594	0.01139	0.01760	0.02098	0.07633	0.07455	0.62234	0.07081	0.01161	0.00304	0.00428	0.01636	0.00718	0.00656
1	0.02696	0.01953	0.02091	0.01631	0.02199	0.02130	0.01336	0.50673	0.05298	0.04537	0.02021	0.02076	0.01473	0.00935	0.00750	0.00226	0.00779	0.00712	0.11667	0.04817
2	0.01729	0.01743	0.02602	0.07111	0.02489	0.02347	0.06695	0.01967	0.01293	0.01967	0.01112	0.01794	0.01055	0.01288	0.02340	0.00335	0.60184	0.00714	0.00352	0.00884
3	0.01590	0.04102	0.68023	0.02260	0.03432	0.01842	0.02930	0.02511	0.01674	0.02511	0.01423	0.01674	0.01005	0.00753	0.00753	0.00251	0.01172	0.00586	0.00335	0.01172
4	0.03014	0.02221	0.02380	0.01825	0.02459	0.02459	0.01507	0.64541	0.03728	0.04998	0.01904	0.01904	0.01349	0.00952	0.00793	0.00238	0.00873	0.00714	0.00793	0.01349
5	0.01844	0.01368	0.01574	0.01358	0.01716	0.01416	0.01054	0.24771	0.04835	0.03563	0.23041	0.18769	0.04192	0.01490	0.00876	0.00255	0.00598	0.01279	0.00788	0.05212
6	0.71922	0.01519	0.01218	0.01072	0.01572	0.01731	0.00883	0.02451	0.01422	0.08585	0.01263	0.01399	0.00945	0.00755	0.00515	0.00245	0.00618	0.00458	0.00529	0.00897
7	0.01497	0.00884	0.01032	0.00988	0.01188	0.00943	0.00758	0.06602	0.01688	0.02733	0.02351	0.02896	0.01937	0.02425	0.20039	0.03777	0.00919	0.00766	0.45816	0.00761
8	0.36569	0.04383	0.01344	0.01080	0.01498	0.01594	0.00882	0.12256	0.01853	0.03516	0.01736	0.01953	0.01343	0.00832	0.00562	0.00220	0.00583	0.00580	0.26311	0.00904
9	0.01872	0.02139	0.04679	0.03342	0.04144	0.02005	0.64305	0.02540	0.01872	0.02540	0.01604	0.02139	0.01203	0.00668	0.00936	0.00267	0.01337	0.00936	0.00401	0.01070
10	0.01478	0.00739	0.00739	0.00739	0.00924	0.00739	0.00554	0.01848	0.01663	0.02956	0.02587	0.02956	0.02033	0.00924	0.00554	0.00185	0.00370	0.00739	0.76534	0.00739
11	0.00966	0.00690	0.00920	0.01104	0.01150	0.00644	0.00736	0.01104	0.01518	0.02024	0.04371	0.71614	0.05245	0.02484	0.01012	0.00322	0.00460	0.02254	0.00736	0.00644
12	0.00966	0.00690	0.00920	0.01104	0.01150	0.00644	0.00736	0.01104	0.01518	0.02024	0.04371	0.71614	0.05245	0.02484	0.01012	0.00322	0.00460	0.02254	0.00736	0.00644
13	0.01590	0.04102	0.68023	0.02260	0.03432	0.01842	0.02930	0.02511	0.01674	0.02511	0.01423	0.01674	0.01005	0.00753	0.00753	0.00251	0.01172	0.00586	0.00335	0.01172
14	0.01134	0.00846	0.01255	0.01255	0.01390	0.00981	0.00967	0.01404	0.01269	0.01827	0.02142	0.03213	0.02025	0.09062	0.65932	0.01251	0.02060	0.00864	0.00427	0.00697
15	0.00966	0.00690	0.00920	0.01104	0.01150	0.00644	0.00736	0.01104	0.01518	0.02024	0.04371	0.71614	0.05245	0.02484	0.01012	0.00322	0.00460	0.02254	0.00736	0.00644
16	0.00966	0.00690	0.00920	0.01104	0.01150	0.00644	0.00736	0.01104	0.01518	0.02024	0.04371	0.71614	0.05245	0.02484	0.01012	0.00322	0.00460	0.02254	0.00736	0.00644
17	0.01590	0.04102	0.68023	0.02260	0.03432	0.01842	0.02930	0.02511	0.01674	0.02511	0.01423	0.01674	0.01005	0.00753	0.00753	0.00251	0.01172	0.00586	0.00335	0.01172
18	0.01498	0.01409	0.02378	0.70226	0.05462	0.01762	0.02202	0.02026	0.01586	0.02026	0.01409	0.02114	0.01057	0.00793	0.00793	0.00264	0.01057	0.00705	0.00352	0.00881
19	0.00966	0.00690	0.00920	0.01104	0.01150	0.00644	0.00736	0.01104	0.01518	0.02024	0.04371	0.71614	0.05245	0.02484	0.01012	0.00322	0.00460	0.02254	0.00736	0.00644
20	0.01872	0.02139	0.04679	0.03342	0.04144	0.02005	0.64305	0.02540	0.01872	0.02540	0.01604	0.02139	0.01203	0.00668	0.00936	0.00267	0.01337	0.00936	0.00401	0.01070
21	0.01160	0.00858	0.01088	0.01022	0.01227	0.00810	0.00769	0.01627	0.05631	0.03143	0.60850	0.05837	0.09749	0.01608	0.00928	0.00251	0.00389	0.01416	0.00864	0.00772
22	0.01661	0.08845	0.56770	0.02364	0.05740	0.01948	0.06898	0.02500	0.01688	0.02469	0.01415	0.01687	0.01028	0.00741	0.00749	0.00246	0.01151	0.00602	0.00342	0.01157
23	0.03014	0.02221	0.02380	0.01825	0.02459	0.02459	0.01507	0.64541	0.03728	0.04998	0.01904	0.01904	0.01349	0.00952	0.00793	0.00238	0.00873	0.00714	0.00793	0.01349
24	0.01478	0.00739	0.00739	0.00739	0.00924	0.00739	0.00554	0.01848	0.01663	0.02956	0.02587	0.02956	0.02033	0.00924	0.00554	0.00185	0.00370	0.00739	0.76534	0.00739
25	0.01684	0.01645	0.02308	0.08091	0.02322	0.02210	0.01673	0.01894	0.01274	0.01949	0.01158	0.01904	0.01126	0.04164	0.02364	0.00341	0.56895	0.00699	0.00361	0.05938
26	0.01122	0.00811	0.01060	0.00998	0.01185	0.00748	0.00748	0.01496	0.02245	0.03180	0.66766	0.05923	0.07482	0.01621	0.00935	0.00249	0.00374	0.01434	0.00873	0.00748
27	0.01963	0.01884	0.03219	0.04867	0.67185	0.01884	0.02434	0.02434	0.01806	0.02591	0.01492	0.01963	0.01256	0.00707	0.00785	0.00236	0.00942	0.00707	0.00393	0.01256
28	0.00962	0.00706	0.00903	0.01061	0.01139	0.00648	0.00717	0.01109	0.01560	0.02041	0.04901	0.62349	0.14167	0.02415	0.01001	0.00314	0.00452	0.02170	0.00736	0.00648
29	0.01963	0.01884	0.03219	0.04867	0.67185	0.01884	0.02434	0.02434	0.01806	0.02591	0.01492	0.01963	0.01256	0.00707	0.00785	0.00236	0.00942	0.00707	0.00393	0.01256
30	0.01122	0.00811	0.01060	0.00998	0.01185	0.00748	0.00748	0.01496	0.02245	0.03180	0.66766	0.05923	0.07482	0.01621	0.00935	0.00249	0.00374	0.01434	0.00873	0.00748
31	0.00966	0.00690	0.00920	0.01104	0.01150	0.00644	0.00736	0.01104	0.01518	0.02024	0.04371	0.71614	0.05245	0.02484	0.01012	0.00322	0.00460	0.02254	0.00736	0.00644
32	0.01963	0.01884	0.03219	0.04867	0.67185	0.01884	0.02434	0.02434	0.01806	0.02591	0.01492	0.01963	0.01256	0.00707	0.00785	0.00236	0.00942	0.00707	0.00393	0.01256
33	0.00945	0.00804	0.00814	0.00811	0.01076	0.00673	0.00609	0.01153	0.01826	0.02185	0.10482	0.07560	0.64387	0.01992	0.00937	0.00267	0.00401	0.01664	0.00742	0.00673
34	0.01076	0.00736	0.00888	0.00963	0.00982	0.00717	0.00586	0.01133	0.01303	0.01738	0.03269	0.32512	0.03854	0.43484	0.02792	0.00585	0.00642	0.01606	0.00586	0.00548
35	0.01084	0.00838	0.01172	0.01137	0.01317	0.00769	0.04133	0.01368	0.01911	0.02604	0.33691	0.29431	0.13687	0.01927	0.00963	0.00279	0.00460	0.01730	0.00782	0.00718
36	0.01735	0.01735	0.02429	0.02082	0.02082	0.02429	0.01735	0.01908	0.01214	0.01908	0.01041	0.01735	0.01041	0.01388	0.02602	0.00347	0.70680	0.00694	0.00347	0.00867
37	0.00972	0.00695	0.00926	0.01100	0.01152	0.00648	0.00737	0.01120	0.01547	0.02070	0.06840	0.69015	0.05333	0.02450	0.01009	0.00319	0.00457	0.02222	0.00742	0.00648
38	0.01564	0.00822	0.00831	0.00800	0.01009	0.00835	0.00607	0.05341	0.01778	0.03070	0.02549	0.02898	0.01994	0.00925	0.00568	0.00188	0.00398	0.00738	0.72313	0.00773
39	0.58858	0.04237	0.01465	0.01177	0.01682	0.01883	0.00975	0.12252	0.01788	0.03706	0.04752	0.01635	0.01298	0.00816	0.00564	0.00242	0.00651	0.00529	0.00554	0.00937
40	0.01840	0.01768	0.02391	0.02038	0.02108	0.02407	0.01693	0.06563	0.04856	0.02207	0.01221	0.01813	0.01137	0.01340	0.02375	0.00335	0.61874	0.00706	0.00404	0.00923
41	0.68203	0.01559	0.01282	0.01113	0.01621	0.01772	0.00917	0.05909	0.01549	0.08281	0.01295	0.01425	0.00966	0.00766	0.00530	0.00245	0.00632	0.00472	0.00543	0.00922
42	0.02623	0.01990	0.02170	0.01639	0.02294	0.02059	0.01345	0.46692	0.03134	0.04309	0.01763	0.01830	0.01299	0.00848	0.00734	0.00204	0.00791	0.00644	0.00701	0.22932
43	0.02060	0.07843	0.02242	0.02015	0.11819	0.20020	0.01382	0.02362	0.01807	0.02293	0.01490	0.05358	0.01345	0.00810	0.00751	0.00184	0.03743	0.00618	0.00440	0.31420
44	0.01676	0.03816	0.02394	0.01959	0.02082	0.02163	0.04520	0.01895	0.01305	0.01986	0.01293	0.04348	0.01276	0.01636	0.06960	0.00386	0.52667	0.00748	0.00378	0.06513
45	0.01127	0.00758	0.00873	0.00898	0.00905	0.00751	0.00516	0.01146	0.01204	0.01605	0.02759	0.14433	0.03212	0.62440	0.03615	0.00707	0.00726	0.01306	0.00516	0.00503
46	0.00997	0.00714	0.00947	0.01083	0.01157	0.00664	0.00738	0.01181	0.01660	0.02250	0.16531	0.58812	0.05681	0.02316	0.00997	0.00308	0.00443	0.02094	0.00763	0.00664
47	0.01903	0.01635	0.01732	0.01575	0.02005	0.01877	0.01229	0.03987	0.60617	0.03232	0.03462	0.03386	0.05132	0.01158	0.00824	0.00273	0.00622	0.03340	0.00801	0.01211
48	0.01590	0.04102	0.68023	0.02260	0.03432	0.01842	0.02930	0.02511	0.01674	0.02511	0.01423	0.01674	0.01005	0.00753	0.00753	0.00251	0.01172	0.00586	0.00335	0.01172
49	0.00966	0.00690	0.00920	0.01104	0.01150	0.00644	0.00736	0.01104	0.01518	0.02024	0.04371	0.71614	0.05245	0.02484	0.01012	0.00322	0.00460	0.02254	0.00736	0.00644
50	0.01498	0.01409	0.02378	0.70226	0.05462	0.01762	0.02202	0.02026	0.01586	0.02026	0.01409	0.02114	0.01057	0.00793	0.00793	0.00264	0.01057	0.00705	0.00352	0.00881
51	0.01498	0.01409	0.02378	0.70226	0.05462	0.01762	0.02202	0.02026	0.01586	0.02026	0.01409	0.02114	0.01057	0.00793	0.00793	0.00264	0.01057	0.00705	0.00352	0.00881
52	0.02962	0.03779	0.02247	0.02043	0.02451	0.68948	0.01532	0.03166	0.02247	0.01941	0.01226	0.01430	0.01021	0.00817	0.00715	0.00204	0.01430	0.00511	0.00409	0.00919
53	0.03048	0.01823	0.02083	0.01610	0.02211	0.01891	0.01326	0.39386	0.03095	0.26058	0.02762	0.02588	0.06296	0.01038	0.00805	0.00243	0.00771	0.00812	0.00853	0.01300
54	0.01972	0.01703	0.01793	0.01614	0.02062	0.01972	0.01255	0.04214	0.65752	0.03317	0.03228	0.02959	0.02421	0.01076	0.00807	0.00269	0.00628	0.00897	0.00807	0.01255
55	0.01153	0.00769	0.00865	0.00865	0.00865	0.00769	0.00480	0.01153	0.01153	0.01538	0.02499	0.05189	0.02883	0.72131	0.04036	0.00769	0.00769	0.01153	0.00480	0.00480
56	0.00957	0.00804	0.00831	0.00824	0.01083	0.00678	0.00618	0.01177	0.01855	0.02254	0.14353	0.07448	0.60474	0.01967	0.00937	0.00266	0.00399	0.01648	0.00751	0.00678
57	0.01872	0.02139	0.04679	0.03342	0.04144	0.02005	0.64305	0.02540	0.01872	0.02540	0.01604	0.02139	0.01203	0.00668	0.00936	0.00267	0.01337	0.00936	0.00401	0.01070
58	0.01756	0.02946	0.30734	0.02897	0.03851	0.01938	0.39059	0.02528	0.01790	0.02528	0.01530	0.01948	0.01121	0.00703	0.00861	0.00261	0.01269	0.00792	0.00374	0.01112
59	0.02732	0.01167	0.01576	0.01271	0.01740	0.01024	0.01024	0.03062	0.02261	0.45851	0.24701	0.03792	0.03834	0.01198	0.00844	0.00247	0.00573	0.01013	0.00945	0.01146
60	0.02433	0.01875	0.01992	0.01618	0.02149	0.02066	0.01307	0.39271	0.19772	0.04132	0.03160	0.03030	0.11332	0.01141	0.00818	0.00251	0.00738	0.00904	0.00788	0.01223
61	0.01264	0.00846	0.01083	0.01003	0.01228	0.00767	0.00760	0.01614	0.02197	0.07376	0.55903	0.05900	0.13798	0.01622	0.00926	0.00251	0.00397	0.01419	0.00865	0.00780
62	0.01189	0.00916	0.01319	0.01288	0.01398	0.01087	0.00985	0.01423	0.01252	0.01805	0.02081	0.03283	0.02025	0.14757	0.54120	0.01123	0.07956	0.00878	0.00426	0.00690
63	0.03014	0.02221	0.02380	0.01825	0.02459	0.02459	0.01507	0.64541	0.03728	0.04998	0.01904	0.01904	0.01349	0.00952	0.00793	0.00238	0.00873	0.00714	0.00793	0.01349
64	0.77733	0.01534	0.01166	0.01043	0.01534	0.01779	0.00859	0.02331	0.01350	0.03558	0.01104	0.01288	0.00859	0.00736	0.00491	0.00245	0.00613	0.00429	0.00491	0.00859
65	0.01791	0.01405	0.01659	0.01193	0.01890	0.01065	0.00957	0.02140	0.01692	0.07573	0.01541	0.01725	0.01235	0.00617	0.00603	0.00127	0.00594	0.00495	0.00509	0.71188
66	0.01644	0.01409	0.01644	0.01175	0.01879	0.01057	0.00940	0.01997	0.01644	0.02584	0.01409	0.01644	0.01175	0.00587	0.00587	0.00117	0.00587	0.00470	0.00470	0.76979
67	0.02120	0.72609	0.04155	0.01357	0.02035	0.03138	0.01357	0.02374	0.01611	0.01866	0.01102	0.01272	0.01018	0.00678	0.00509	0.00170	0.00848	0.00424	0.00339	0.01018
68	0.01721	0.01455	0.01685	0.01211	0.01912	0.01135	0.00971	0.05482	0.01760	0.02718	0.01437	0.01659	0.01184	0.00608	0.00599	0.00124	0.00603	0.00483	0.00488	0.72764
69	0.00950	0.00804	0.00821	0.00817	0.01079	0.00675	0.00613	0.01163	0.01838	0.02215	0.12175	0.07511	0.62676	0.01981	0.00937	0.00266	0.00400	0.01657	0.00746	0.00675
70	0.01735	0.01735	0.02429	0.02082	0.02082	0.02429	0.01735	0.01908	0.01214	0.01908	0.01041	0.01735	0.01041	0.01388	0.02602	0.00347	0.70680	0.00694	0.00347	0.00867
71	0.77733	0.01534	0.01166	0.01043	0.01534	0.01779	0.00859	0.02331	0.01350	0.03558	0.01104	0.01288	0.00859	0.00736	0.00491	0.00245	0.00613	0.00429	0.00491	0.00859
72	0.02411	0.02427	0.01958	0.01756	0.02199	0.25888	0.01349	0.03820	0.39632	0.06278	0.02506	0.02398	0.01896	0.00978	0.00774	0.00245	0.00917	0.00753	0.00674	0.01140
73	0.03289	0.01440	0.04899	0.01421	0.02030	0.01167	0.01218	0.03630	0.02240	0.59994	0.07652	0.02884	0.02317	0.01017	0.00805	0.00246	0.00676	0.00834	0.00943	0.01298
74	0.01080	0.00803	0.01024	0.01097	0.01238	0.00714	0.00748	0.01240	0.01511	0.02072	0.03796	0.56426	0.04470	0.07241	0.01168	0.00324	0.00501	0.01910	0.00678	0.11959
75	0.01136	0.00835	0.01201	0.01201	0.01317	0.00951	0.00900	0.01369	0.01253	0.01787	0.02191	0.03487	0.02144	0.17794	0.57363	0.01184	0.01881	0.00904	0.00435	0.00667
76	0.01861	0.02213	0.07056	0.03302	0.04118	0.01999	0.62002	0.02539	0.01864	0.02539	0.01597	0.02122	0.01196	0.00672	0.00929	0.00267	0.01331	0.00923	0.00399	0.01073
77	0.01799	0.01717	0.02923	0.27882	0.45450	0.01841	0.02352	0.02290	0.01728	0.02392	0.01463	0.02016	0.01186	0.00737	0.00788	0.00246	0.00983	0.00706	0.00378	0.01124
78	0.01285	0.00847	0.01112	0.01025	0.01241	0.00776	0.00776	0.01655	0.02246	0.07493	0.62515	0.05708	0.07113	0.01578	0.00926	0.00249	0.00394	0.01392	0.00880	0.00788
79	0.01498	0.01409	0.02378	0.70226	0.05462	0.01762	0.02202	0.02026	0.01586	0.02026	0.01409	0.02114	0.01057	0.00793	0.00793	0.00264	0.01057	0.00705	0.00352	0.00881
80	0.02490	0.02395	0.01926	0.01697	0.02106	0.28543	0.01321	0.16715	0.05229	0.07294	0.10974	0.06611	0.02588	0.01169	0.00816	0.00242	0.00971	0.05250	0.00656	0.01008
81	0.02690	0.01716	0.01997	0.01736	0.04894	0.01828	0.01333	0.17351	0.29808	0.23489	0.02831	0.02604	0.01994	0.01004	0.00800	0.00253	0.00710	0.00818	0.00840	0.01305
82	0.03558	0.01350	0.01840	0.01411	0.02024	0.01166	0.01166	0.03865	0.02270	0.67734	0.03128	0.02699	0.01963	0.00981	0.00797	0.00245	0.00675	0.00797	0.00981	0.01350
83	0.01847	0.02090	0.04525	0.07811	0.04232	0.01989	0.60156	0.02506	0.01853	0.02506	0.01591	0.02137	0.01193	0.00677	0.00926	0.00267	0.01318	0.00920	0.00398	0.01057
84	0.01682	0.04080	0.63628	0.02246	0.03367	0.06325	0.02836	0.02555	0.01712	0.02473	0.01410	0.01658	0.01006	0.00758	0.00751	0.00248	0.01189	0.00581	0.00340	0.01155
85	0.01051	0.00756	0.00996	0.01046	0.01169	0.00701	0.00743	0.01318	0.01915	0.02655	0.38434	0.35752	0.06466	0.02013	0.00970	0.00282	0.00413	0.01807	0.00811	0.00701
86	0.03558	0.01350	0.01840	0.01411	0.02024	0.01166	0.01166	0.03865	0.02270	0.67734	0.03128	0.02699	0.01963	0.00981	0.00797	0.00245	0.00675	0.00797	0.00981	0.01350
87	0.04971	0.01700	0.02340	0.36472	0.03939	0.01972	0.04443	0.22843	0.04977	0.03181	0.01692	0.02082	0.01248	0.00855	0.00779	0.00252	0.00946	0.00716	0.03539	0.01053
88	0.01047	0.00793	0.01151	0.01202	0.01318	0.00739	0.04147	0.01263	0.01689	0.02294	0.17303	0.54118	0.05497	0.02206	0.00992	0.00304	0.00489	0.02012	0.00747	0.00689
89	0.00980	0.00700	0.00936	0.01119	0.01171	0.00656	0.00759	0.01127	0.01531	0.02039	0.04363	0.68916	0.05215	0.02472	0.01016	0.00324	0.00472	0.04820	0.00736	0.00648
90	0.01153	0.00769	0.00865	0.00865	0.00865	0.00769	0.00480	0.01153	0.01153	0.01538	0.02499	0.05189	0.02883	0.72131	0.04036	0.00769	0.00769	0.01153	0.00480	0.00480
91	0.06508	0.02025	0.01857	0.01645	0.02108	0.12827	0.01281	0.06084	0.44997	0.07827	0.02728	0.02560	0.02034	0.01004	0.00773	0.00254	0.00770	0.00794	0.00737	0.01189
92	0.02120	0.72609	0.04155	0.01357	0.02035	0.03138	0.01357	0.02374	0.01611	0.01866	0.01102	0.01272	0.01018	0.00678	0.00509	0.00170	0.00848	0.00424	0.00339	0.01018
93	0.02379	0.01664	0.01859	0.01588	0.02076	0.01821	0.01271	0.15581	0.36765	0.14787	0.05393	0.03154	0.02443	0.01118	0.00824	0.00263	0.00679	0.04261	0.00833	0.01241
94	0.01124	0.00844	0.01045	0.01067	0.01255	0.00794	0.00816	0.01484	0.04295	0.02611	0.30555	0.14554	0.19139	0.04871	0.01099	0.00305	0.00479	0.12156	0.00783	0.00723
95	0.02594	0.01944	0.02165	0.01793	0.04571	0.02117	0.01405	0.47976	0.05944	0.04380	0.06601	0.04785	0.01984	0.01248	0.03689	0.00282	0.00857	0.00824	0.00755	0.04085

[dist]
# distance from previous block
# <min> <max>
7	13

[block]
# block no. 2 follows, 24 sequences, length 6
# corresponding to MSA columns:
# 427-432
name=unknown_C
#
# <colnr> <probs for GDERKNQSTAVLIFYWHMCP>
#	G	D	E	R	K	N	Q	S	T	A	V	L	I	F	Y	W	H	M	C	P
0	0.02240	0.01911	0.02067	0.11858	0.02691	0.06042	0.01458	0.21488	0.28041	0.03472	0.02275	0.02306	0.01700	0.00936	0.00775	0.00241	0.00809	0.00751	0.00680	0.08260
1	0.01343	0.01035	0.01280	0.01340	0.01566	0.01072	0.01079	0.02084	0.16201	0.02612	0.11818	0.17310	0.08442	0.01907	0.00988	0.00316	0.00600	0.27407	0.00766	0.00833
2	0.77733	0.01534	0.01166	0.01043	0.01534	0.01779	0.00859	0.02331	0.01350	0.03558	0.01104	0.01288	0.00859	0.00736	0.00491	0.00245	0.00613	0.00429	0.00491	0.00859
3	0.01278	0.00913	0.01278	0.01460	0.01643	0.00913	0.01278	0.01643	0.01825	0.02373	0.04199	0.08945	0.04564	0.02191	0.01095	0.00365	0.00730	0.61847	0.00730	0.00730
4	0.77733	0.01534	0.01166	0.01043	0.01534	0.01779	0.00859	0.02331	0.01350	0.03558	0.01104	0.01288	0.00859	0.00736	0.00491	0.00245	0.00613	0.00429	0.00491	0.00859
5	0.02811	0.02101	0.02271	0.01728	0.02373	0.02251	0.01423	0.55246	0.03419	0.04639	0.01830	0.01865	0.01323	0.00898	0.00763	0.00220	0.00830	0.00678	0.00745	0.12588

[dist]
# distance from previous block
# <min> <max>
1	3

[block]
# block no. 3 follows, 24 sequences, length 13
# corresponding to MSA columns:
# 436-448
name=unknown_D
#
# <colnr> <probs for GDERKNQSTAVLIFYWHMCP>
#	G	D	E	R	K	N	Q	S	T	A	V	L	I	F	Y	W	H	M	C	P
0	0.01440	0.01346	0.01986	0.01750	0.01875	0.01647	0.06269	0.01660	0.01398	0.02018	0.02445	0.21404	0.05448	0.02039	0.07750	0.00404	0.34110	0.01196	0.00488	0.03328
1	0.06195	0.01519	0.02518	0.53508	0.08307	0.01800	0.07370	0.02215	0.04678	0.02255	0.01499	0.02098	0.01134	0.00788	0.00787	0.00262	0.01027	0.00717	0.00389	0.00934
2	0.02801	0.01974	0.02174	0.01676	0.02289	0.02091	0.01373	0.48722	0.03246	0.10110	0.02074	0.05342	0.01572	0.00986	0.00780	0.00229	0.00801	0.00768	0.00769	0.10221
3	0.69438	0.01517	0.01272	0.05252	0.01796	0.01747	0.00955	0.02389	0.01409	0.06647	0.01223	0.01408	0.00926	0.00752	0.00524	0.00247	0.00643	0.00464	0.00507	0.00884
4	0.01938	0.01393	0.01693	0.01811	0.02022	0.01274	0.01406	0.02022	0.02173	0.02942	0.07496	0.20180	0.05085	0.02517	0.01322	0.00465	0.00888	0.41344	0.00942	0.01086
5	0.01779	0.01968	0.04094	0.03003	0.03647	0.01939	0.51530	0.02344	0.01764	0.02422	0.01773	0.08000	0.01528	0.00908	0.01139	0.00281	0.09429	0.01019	0.00423	0.01010
6	0.77733	0.01534	0.01166	0.01043	0.01534	0.01779	0.00859	0.02331	0.01350	0.03558	0.01104	0.01288	0.00859	0.00736	0.00491	0.00245	0.00613	0.00429	0.00491	0.00859
7	0.01153	0.00769	0.00865	0.00865	0.00865	0.00769	0.00480	0.01153	0.01153	0.01538	0.02499	0.05189	0.02883	0.72131	0.04036	0.00769	0.00769	0.01153	0.00480	0.00480
8	0.77733	0.01534	0.01166	0.01043	0.01534	0.01779	0.00859	0.02331	0.01350	0.03558	0.01104	0.01288	0.00859	0.00736	0.00491	0.00245	0.00613	0.00429	0.00491	0.00859
9	0.01537	0.01421	0.01592	0.01500	0.01682	0.10756	0.01176	0.04274	0.01503	0.01991	0.01862	0.02667	0.01711	0.04488	0.48830	0.00973	0.10050	0.00778	0.00428	0.00782
10	0.03010	0.02359	0.02368	0.01844	0.02458	0.08333	0.01509	0.59119	0.03598	0.04728	0.01844	0.01862	0.01320	0.00940	0.00786	0.00235	0.00922	0.00696	0.00759	0.01311
11	0.01806	0.01505	0.01731	0.01251	0.01948	0.01222	0.01006	0.09363	0.01890	0.02868	0.01468	0.01675	0.01195	0.00630	0.00612	0.00132	0.00621	0.00499	0.00508	0.68072
12	0.64148	0.01457	0.01242	0.03812	0.01687	0.01657	0.00920	0.02331	0.01485	0.06957	0.06811	0.01792	0.01490	0.00827	0.00557	0.00246	0.00614	0.00546	0.00544	0.00877

[dist]
# distance from previous block
# <min> <max>
1	37

[block]
# block no. 4 follows, 24 sequences, length 60
# corresponding to MSA columns:
# 486-545
name=unknown_E
#
# <colnr> <probs for GDERKNQSTAVLIFYWHMCP>
#	G	D	E	R	K	N	Q	S	T	A	V	L	I	F	Y	W	H	M	C	P
0	0.23209	0.02029	0.01970	0.06786	0.02387	0.07140	0.01355	0.31269	0.09929	0.03957	0.01749	0.01837	0.01291	0.00885	0.00706	0.00243	0.00829	0.00641	0.00650	0.01136
1	0.23036	0.36856	0.09997	0.01362	0.02009	0.02360	0.01349	0.02434	0.01592	0.07403	0.01437	0.04555	0.01232	0.00806	0.00575	0.00212	0.00788	0.00553	0.00447	0.00999
2	0.10086	0.01944	0.02022	0.01661	0.02207	0.02195	0.01341	0.34064	0.28412	0.04178	0.02356	0.02266	0.01730	0.00980	0.00768	0.00251	0.00748	0.00759	0.00768	0.01262
3	0.00984	0.00710	0.00902	0.01047	0.01110	0.00661	0.00694	0.01113	0.01507	0.01982	0.04537	0.57653	0.11288	0.10207	0.01342	0.00366	0.00489	0.02072	0.00708	0.00628
4	0.00988	0.00705	0.00945	0.01129	0.01184	0.00663	0.00773	0.01141	0.01539	0.02048	0.04359	0.67318	0.05198	0.02464	0.01018	0.00325	0.00479	0.06339	0.00736	0.00650
5	0.02094	0.69229	0.07306	0.01401	0.02104	0.03074	0.01434	0.02381	0.01614	0.01898	0.01118	0.01292	0.01017	0.00682	0.00521	0.00174	0.00864	0.00432	0.00339	0.01025
6	0.01927	0.01848	0.03155	0.09810	0.62517	0.01875	0.02416	0.02403	0.01789	0.02548	0.01485	0.01974	0.01241	0.00713	0.00786	0.00238	0.00951	0.00706	0.00389	0.01228
7	0.00937	0.00803	0.00803	0.00803	0.01071	0.00669	0.00602	0.01138	0.01807	0.02142	0.08033	0.07632	0.66863	0.02008	0.00937	0.00268	0.00402	0.01674	0.00736	0.00669
8	0.01872	0.02139	0.04679	0.03342	0.04144	0.02005	0.64305	0.02540	0.01872	0.02540	0.01604	0.02139	0.01203	0.00668	0.00936	0.00267	0.01337	0.00936	0.00401	0.01070
9	0.01963	0.01884	0.03219	0.04867	0.67185	0.01884	0.02434	0.02434	0.01806	0.02591	0.01492	0.01963	0.01256	0.00707	0.00785	0.00236	0.00942	0.00707	0.00393	0.01256
10	0.03558	0.01350	0.01840	0.01411	0.02024	0.01166	0.01166	0.03865	0.02270	0.67734	0.03128	0.02699	0.01963	0.00981	0.00797	0.00245	0.00675	0.00797	0.00981	0.01350
11	0.03449	0.01374	0.01837	0.01425	0.02027	0.01221	0.01172	0.03888	0.06621	0.63318	0.03135	0.02717	0.01994	0.00988	0.00798	0.00247	0.00672	0.00804	0.00970	0.01343
12	0.01590	0.04102	0.68023	0.02260	0.03432	0.01842	0.02930	0.02511	0.01674	0.02511	0.01423	0.01674	0.01005	0.00753	0.00753	0.00251	0.01172	0.00586	0.00335	0.01172
13	0.01124	0.00808	0.01047	0.00989	0.01163	0.00750	0.00730	0.01473	0.02170	0.03067	0.62361	0.05873	0.07167	0.06455	0.01148	0.00285	0.00401	0.01415	0.00846	0.00730
14	0.01122	0.00811	0.01060	0.00998	0.01185	0.00748	0.00748	0.01496	0.02245	0.03180	0.66766	0.05923	0.07482	0.01621	0.00935	0.00249	0.00374	0.01434	0.00873	0.00748
15	0.03299	0.01292	0.01757	0.01367	0.01935	0.01121	0.01121	0.03613	0.02267	0.60883	0.09883	0.03041	0.02549	0.01049	0.00812	0.00246	0.00643	0.00865	0.00970	0.01286
16	0.03013	0.02278	0.02375	0.01832	0.02459	0.04878	0.01508	0.62308	0.03674	0.04886	0.01879	0.01887	0.01337	0.00947	0.00790	0.00237	0.00893	0.00707	0.00779	0.01333
17	0.03558	0.01350	0.01840	0.01411	0.02024	0.01166	0.01166	0.03865	0.02270	0.67734	0.03128	0.02699	0.01963	0.00981	0.00797	0.00245	0.00675	0.00797	0.00981	0.01350
18	0.01122	0.00811	0.01060	0.00998	0.01185	0.00748	0.00748	0.01496	0.02245	0.03180	0.66766	0.05923	0.07482	0.01621	0.00935	0.00249	0.00374	0.01434	0.00873	0.00748
19	0.00984	0.00703	0.00940	0.01124	0.01178	0.00659	0.00766	0.01134	0.01535	0.02044	0.04361	0.68118	0.05207	0.02468	0.01017	0.00324	0.00475	0.05579	0.00736	0.00649
20	0.01644	0.01409	0.01644	0.01175	0.01879	0.01057	0.00940	0.01997	0.01644	0.02584	0.01409	0.01644	0.01175	0.00587	0.00587	0.00117	0.00587	0.00470	0.00470	0.76979
21	0.01644	0.01409	0.01644	0.01175	0.01879	0.01057	0.00940	0.01997	0.01644	0.02584	0.01409	0.01644	0.01175	0.00587	0.00587	0.00117	0.00587	0.00470	0.00470	0.76979
22	0.02247	0.01684	0.01832	0.01598	0.02079	0.01889	0.01257	0.07531	0.53610	0.12221	0.03140	0.02864	0.02298	0.01056	0.00805	0.00264	0.00648	0.00873	0.00830	0.01273
23	0.01590	0.04102	0.68023	0.02260	0.03432	0.01842	0.02930	0.02511	0.01674	0.02511	0.01423	0.01674	0.01005	0.00753	0.00753	0.00251	0.01172	0.00586	0.00335	0.01172
24	0.01764	0.01783	0.02851	0.02303	0.02507	0.02235	0.15787	0.04029	0.01461	0.02157	0.01382	0.05730	0.01322	0.01273	0.02079	0.00324	0.48865	0.00836	0.00395	0.00916
25	0.01966	0.02026	0.03529	0.02558	0.03295	0.06768	0.39213	0.02496	0.01855	0.05405	0.01589	0.01973	0.01215	0.00671	0.00817	0.00220	0.01107	0.00769	0.00446	0.22081
26	0.77733	0.01534	0.01166	0.01043	0.01534	0.01779	0.00859	0.02331	0.01350	0.03558	0.01104	0.01288	0.00859	0.00736	0.00491	0.00245	0.00613	0.00429	0.00491	0.00859
27	0.00939	0.00798	0.00809	0.00819	0.01075	0.00668	0.00609	0.01136	0.01793	0.02136	0.07848	0.10875	0.63739	0.02032	0.00941	0.00271	0.00405	0.01703	0.00736	0.00668
28	0.01498	0.01409	0.02378	0.70226	0.05462	0.01762	0.02202	0.02026	0.01586	0.02026	0.01409	0.02114	0.01057	0.00793	0.00793	0.00264	0.01057	0.00705	0.00352	0.00881
29	0.00966	0.00690	0.00920	0.01104	0.01150	0.00644	0.00736	0.01104	0.01518	0.02024	0.04371	0.71614	0.05245	0.02484	0.01012	0.00322	0.00460	0.02254	0.00736	0.00644
30	0.01683	0.01671	0.02463	0.05892	0.02334	0.02257	0.05194	0.01912	0.01276	0.01945	0.01176	0.01885	0.01123	0.01666	0.07520	0.00409	0.57649	0.00720	0.00356	0.00867
31	0.02017	0.59323	0.16541	0.01532	0.02306	0.02886	0.01662	0.02401	0.01623	0.01991	0.01165	0.01350	0.01015	0.00693	0.00556	0.00185	0.00911	0.00455	0.00338	0.01048
32	0.02962	0.03779	0.02247	0.02043	0.02451	0.68948	0.01532	0.03166	0.02247	0.01941	0.01226	0.01430	0.01021	0.00817	0.00715	0.00204	0.01430	0.00511	0.00409	0.00919
33	0.01753	0.01784	0.02293	0.05801	0.02227	0.07277	0.01668	0.01953	0.01328	0.01918	0.01259	0.04410	0.01248	0.01601	0.05926	0.00381	0.55200	0.00747	0.00371	0.00855
34	0.01133	0.00850	0.01274	0.01274	0.01416	0.00991	0.00991	0.01416	0.01274	0.01841	0.02124	0.03115	0.01982	0.05947	0.68989	0.01274	0.02124	0.00850	0.00425	0.00708
35	0.01567	0.01507	0.02618	0.52504	0.04801	0.01812	0.10255	0.02076	0.01593	0.02121	0.01450	0.02118	0.01115	0.00835	0.00964	0.00269	0.07291	0.00736	0.03471	0.00899
36	0.03413	0.01354	0.01825	0.01393	0.02013	0.01157	0.01148	0.03723	0.02222	0.62807	0.02998	0.02619	0.01903	0.00952	0.00782	0.00236	0.00668	0.00773	0.00943	0.07069
37	0.01289	0.00848	0.01113	0.01026	0.01242	0.00777	0.00777	0.01659	0.02246	0.07605	0.62404	0.05702	0.07104	0.01577	0.00926	0.00249	0.00395	0.01390	0.00880	0.00789
38	0.01599	0.00917	0.01211	0.01089	0.01351	0.00836	0.00838	0.01945	0.02189	0.15530	0.49534	0.05385	0.06121	0.04400	0.01041	0.00274	0.00462	0.03555	0.00872	0.00853
39	0.03255	0.01283	0.01743	0.01359	0.01920	0.01114	0.01114	0.03570	0.02267	0.59707	0.11042	0.03100	0.02649	0.01061	0.00815	0.00246	0.00637	0.00877	0.00968	0.01275
40	0.01644	0.01409	0.01644	0.01175	0.01879	0.01057	0.00940	0.01997	0.01644	0.02584	0.01409	0.01644	0.01175	0.00587	0.00587	0.00117	0.00587	0.00470	0.00470	0.76979
41	0.02951	0.02141	0.02313	0.01779	0.02408	0.02345	0.01466	0.57887	0.05919	0.07267	0.01984	0.01965	0.01406	0.00946	0.00787	0.00235	0.00846	0.00716	0.00790	0.03847
42	0.12405	0.01530	0.06689	0.01391	0.01992	0.01254	0.01222	0.03351	0.02108	0.48811	0.08674	0.02746	0.02267	0.00993	0.00769	0.00246	0.00677	0.00795	0.00861	0.01219
43	0.01914	0.01305	0.01583	0.01204	0.01791	0.01058	0.00959	0.02335	0.04346	0.14593	0.13287	0.02640	0.02476	0.00860	0.00695	0.00170	0.00567	0.00716	0.00647	0.46856
44	0.01017	0.00806	0.00915	0.00888	0.01120	0.00704	0.00666	0.01293	0.01997	0.02592	0.33478	0.06892	0.41137	0.01841	0.00936	0.00260	0.00390	0.01570	0.00796	0.00704
45	0.01590	0.04102	0.68023	0.02260	0.03432	0.01842	0.02930	0.02511	0.01674	0.02511	0.01423	0.01674	0.01005	0.00753	0.00753	0.00251	0.01172	0.00586	0.00335	0.01172
46	0.01111	0.00808	0.01049	0.01011	0.01195	0.00745	0.00761	0.01465	0.02170	0.03039	0.58289	0.09367	0.10269	0.01705	0.00945	0.00258	0.00394	0.03825	0.00854	0.00738
47	0.03558	0.01350	0.01840	0.01411	0.02024	0.01166	0.01166	0.03865	0.02270	0.67734	0.03128	0.02699	0.01963	0.00981	0.00797	0.00245	0.00675	0.00797	0.00981	0.01350
48	0.01160	0.00858	0.01090	0.01035	0.01239	0.00811	0.00786	0.01616	0.05337	0.03098	0.57943	0.05989	0.10433	0.01638	0.00935	0.00256	0.00402	0.03750	0.00857	0.00768
49	0.01715	0.01407	0.01652	0.01183	0.01885	0.01061	0.00948	0.02065	0.01667	0.04973	0.01472	0.01683	0.01203	0.00602	0.00595	0.00122	0.00590	0.00482	0.00489	0.74206
50	0.03558	0.01350	0.01840	0.01411	0.02024	0.01166	0.01166	0.03865	0.02270	0.67734	0.03128	0.02699	0.01963	0.00981	0.00797	0.00245	0.00675	0.00797	0.00981	0.01350
51	0.01478	0.00739	0.00739	0.00739	0.00924	0.00739	0.00554	0.01848	0.01663	0.02956	0.02587	0.02956	0.02033	0.00924	0.00554	0.00185	0.00370	0.00739	0.76534	0.00739
52	0.03322	0.01403	0.01844	0.01418	0.02032	0.01243	0.01166	0.06071	0.05100	0.57532	0.02956	0.02600	0.01900	0.00955	0.00782	0.00236	0.00674	0.00774	0.00928	0.07065
53	0.01150	0.00833	0.01215	0.01225	0.01364	0.00953	0.00944	0.01432	0.01317	0.01935	0.02282	0.06845	0.02164	0.05378	0.60101	0.01140	0.01900	0.00918	0.06197	0.00707
54	0.03018	0.02963	0.02283	0.01913	0.02432	0.36075	0.01501	0.30131	0.02898	0.06876	0.01627	0.01707	0.01216	0.00885	0.00754	0.00221	0.01144	0.00616	0.00609	0.01131
55	0.01094	0.00839	0.01108	0.01144	0.01248	0.00853	0.00829	0.01323	0.01765	0.02434	0.26632	0.38122	0.08770	0.02046	0.01133	0.00296	0.07131	0.01782	0.00748	0.00704
56	0.01772	0.01500	0.01844	0.01344	0.02018	0.01237	0.04202	0.08613	0.01909	0.02870	0.05041	0.01931	0.01539	0.00686	0.00646	0.00145	0.00644	0.00572	0.00523	0.60967
57	0.02643	0.04567	0.02002	0.01537	0.02063	0.01805	0.01250	0.27742	0.11965	0.20036	0.07605	0.06524	0.04394	0.01134	0.00812	0.00248	0.00711	0.00919	0.00825	0.01216
58	0.05463	0.01564	0.02211	0.29384	0.03372	0.02008	0.01772	0.05833	0.05071	0.02359	0.01452	0.02013	0.01189	0.01046	0.01445	0.00289	0.27128	0.00700	0.04786	0.00915
59	0.14221	0.01665	0.02192	0.29772	0.10727	0.01904	0.01740	0.18666	0.02153	0.03132	0.01862	0.02209	0.04719	0.00883	0.00751	0.00251	0.00888	0.00716	0.00517	0.01032

[dist]
# distance from previous block
# <min> <max>
2	23

[block]
# block no. 5 follows, 24 sequences, length 19
# corresponding to MSA columns:
# 569-587
name=unknown_F
#
# <colnr> <probs for GDERKNQSTAVLIFYWHMCP>
#	G	D	E	R	K	N	Q	S	T	A	V	L	I	F	Y	W	H	M	C	P
0	0.02682	0.01920	0.02095	0.01747	0.02296	0.02038	0.01375	0.22266	0.32186	0.13050	0.02850	0.02769	0.02113	0.01124	0.00873	0.00284	0.00775	0.00858	0.00866	0.05832
1	0.01723	0.01797	0.03400	0.11182	0.07873	0.01852	0.32349	0.02216	0.01682	0.02345	0.01673	0.07192	0.01462	0.00928	0.01147	0.00269	0.12106	0.00912	0.00417	0.07476
2	0.01481	0.01307	0.02188	0.60429	0.04835	0.01610	0.01988	0.01885	0.01507	0.01934	0.01405	0.02156	0.01102	0.01071	0.01119	0.11119	0.01005	0.00702	0.00351	0.00805
3	0.01478	0.00739	0.00739	0.00739	0.00924	0.00739	0.00554	0.01848	0.01663	0.02956	0.02587	0.02956	0.02033	0.00924	0.00554	0.00185	0.00370	0.00739	0.76534	0.00739
4	0.01644	0.01409	0.01644	0.01175	0.01879	0.01057	0.00940	0.01997	0.01644	0.02584	0.01409	0.01644	0.01175	0.00587	0.00587	0.00117	0.00587	0.00470	0.00470	0.76979
5	0.77733	0.01534	0.01166	0.01043	0.01534	0.01779	0.00859	0.02331	0.01350	0.03558	0.01104	0.01288	0.00859	0.00736	0.00491	0.00245	0.00613	0.00429	0.00491	0.00859
6	0.01802	0.01994	0.04235	0.03280	0.09198	0.01879	0.53667	0.02409	0.01836	0.02500	0.01831	0.08055	0.01553	0.00827	0.00930	0.00269	0.01229	0.01029	0.00429	0.01049
7	0.01941	0.01021	0.01336	0.01134	0.01493	0.00899	0.00889	0.02283	0.02198	0.24248	0.39399	0.04709	0.08187	0.01372	0.00871	0.00242	0.00486	0.01183	0.00879	0.05233
8	0.71440	0.01591	0.01268	0.01109	0.01612	0.01836	0.00913	0.07571	0.01550	0.03679	0.01172	0.01340	0.00900	0.00754	0.00516	0.00245	0.00635	0.00453	0.00516	0.00900
9	0.77733	0.01534	0.01166	0.01043	0.01534	0.01779	0.00859	0.02331	0.01350	0.03558	0.01104	0.01288	0.00859	0.00736	0.00491	0.00245	0.00613	0.00429	0.00491	0.00859
10	0.77733	0.01534	0.01166	0.01043	0.01534	0.01779	0.00859	0.02331	0.01350	0.03558	0.01104	0.01288	0.00859	0.00736	0.00491	0.00245	0.00613	0.00429	0.00491	0.00859
11	0.01377	0.00689	0.01033	0.01033	0.01033	0.00689	0.00689	0.01033	0.01033	0.01377	0.01377	0.02410	0.01377	0.02755	0.03099	0.76928	0.00689	0.00689	0.00344	0.00344
12	0.01590	0.04102	0.68023	0.02260	0.03432	0.01842	0.02930	0.02511	0.01674	0.02511	0.01423	0.01674	0.01005	0.00753	0.00753	0.00251	0.01172	0.00586	0.00335	0.01172
13	0.01636	0.09950	0.62570	0.02183	0.03313	0.01952	0.02796	0.02500	0.01669	0.02456	0.01396	0.01640	0.01006	0.00747	0.00733	0.00244	0.01144	0.00572	0.00335	0.01159
14	0.01960	0.01708	0.01749	0.01585	0.02011	0.04664	0.01244	0.07193	0.51060	0.03214	0.03423	0.03556	0.06243	0.01196	0.00831	0.00272	0.00670	0.05467	0.00779	0.01173
15	0.11565	0.60330	0.03697	0.01341	0.01994	0.02936	0.01302	0.05408	0.01682	0.02229	0.01142	0.01305	0.01014	0.00699	0.00520	0.00182	0.00820	0.00439	0.00380	0.01014
16	0.03014	0.02221	0.02380	0.01825	0.02459	0.02459	0.01507	0.64541	0.03728	0.04998	0.01904	0.01904	0.01349	0.00952	0.00793	0.00238	0.00873	0.00714	0.00793	0.01349
17	0.49825	0.01670	0.01473	0.01255	0.01749	0.04139	0.01023	0.14198	0.01927	0.07455	0.04591	0.01789	0.01387	0.01044	0.03313	0.00284	0.00743	0.00573	0.00590	0.00971
18	0.02297	0.02640	0.02303	0.02031	0.02245	0.31927	0.01611	0.02631	0.06276	0.02023	0.01279	0.01687	0.01131	0.01112	0.01636	0.00278	0.34941	0.00627	0.00407	0.00918

[dist]
# distance from previous block
# <min> <max>
1	2

[block]
# block no. 6 follows, 24 sequences, length 12
# corresponding to MSA columns:
# 590-601
name=unknown_G
#
# <colnr> <probs for GDERKNQSTAVLIFYWHMCP>
#	G	D	E	R	K	N	Q	S	T	A	V	L	I	F	Y	W	H	M	C	P
0	0.03014	0.02221	0.02380	0.01825	0.02459	0.02459	0.01507	0.64541	0.03728	0.04998	0.01904	0.01904	0.01349	0.00952	0.00793	0.00238	0.00873	0.00714	0.00793	0.01349
1	0.01722	0.01720	0.02543	0.07234	0.02476	0.02261	0.06373	0.01970	0.01318	0.02007	0.01134	0.01788	0.01063	0.01239	0.02215	0.00320	0.55875	0.00699	0.00359	0.05685
