[name]
unknown

[dist]
# distance from previous block
# <min> <max>
5	52

[block]
# block no. 0 follows, 23 sequences, length 30
# corresponding to MSA columns:
# 58-87
name=unknown_A
#
# <colnr> <probs for GDERKNQSTAVLIFYWHMCP>
#	G	D	E	R	K	N	Q	S	T	A	V	L	I	F	Y	W	H	M	C	P
0	0.06441	0.09099	0.02544	0.04605	0.06654	0.24351	0.06912	0.07259	0.07919	0.02584	0.01961	0.02175	0.04788	0.00937	0.00862	0.00238	0.05194	0.00706	0.03751	0.01021
1	0.17102	0.01793	0.05460	0.04616	0.02802	0.01740	0.22715	0.02625	0.09222	0.05395	0.02072	0.02788	0.01693	0.00945	0.00848	0.00268	0.02544	0.06359	0.05464	0.03547
2	0.54544	0.01375	0.01177	0.01054	0.01475	0.01533	0.00838	0.02276	0.01527	0.07526	0.07500	0.02296	0.01829	0.07060	0.00886	0.00295	0.00609	0.00642	0.04696	0.00860
3	0.02120	0.01675	0.01821	0.01579	0.02084	0.01834	0.01238	0.04008	0.51879	0.08875	0.03071	0.02843	0.02283	0.01032	0.00798	0.00255	0.00641	0.00856	0.00800	0.10309
4	0.50841	0.08522	0.01783	0.01338	0.01864	0.11479	0.01103	0.09831	0.01827	0.03420	0.01245	0.01412	0.00977	0.00786	0.00573	0.00237	0.00801	0.00485	0.00513	0.00962
5	0.01028	0.00743	0.00981	0.01122	0.01206	0.00684	0.00762	0.01200	0.01630	0.02205	0.10330	0.62302	0.05446	0.02390	0.01013	0.00315	0.00467	0.02163	0.00757	0.03256
6	0.12867	0.01740	0.06682	0.21278	0.16093	0.01685	0.07566	0.02457	0.01815	0.10415	0.07921	0.02434	0.01854	0.00876	0.00791	0.00257	0.00912	0.00779	0.00522	0.01057
7	0.11542	0.41093	0.07526	0.01925	0.11263	0.02546	0.01564	0.02612	0.01723	0.09520	0.01437	0.01593	0.01163	0.00745	0.00608	0.00207	0.00853	0.00529	0.00447	0.01104
8	0.02149	0.01055	0.01383	0.01172	0.01552	0.00932	0.00924	0.02484	0.02259	0.29246	0.33976	0.04900	0.11708	0.01434	0.00899	0.00256	0.00512	0.01227	0.00924	0.01009
9	0.01148	0.00781	0.00886	0.00904	0.00926	0.00768	0.00524	0.01174	0.01258	0.01660	0.03100	0.11607	0.07236	0.60575	0.03637	0.00711	0.00733	0.01320	0.00533	0.00520
10	0.01955	0.35339	0.12662	0.12995	0.15086	0.02513	0.01960	0.02472	0.03946	0.02223	0.01378	0.01692	0.01143	0.00744	0.00667	0.00217	0.00959	0.00575	0.00376	0.01097
11	0.01017	0.00811	0.00893	0.00896	0.01114	0.00707	0.00653	0.01242	0.01877	0.02371	0.20033	0.12803	0.43990	0.06546	0.01172	0.00308	0.00435	0.01677	0.00767	0.00688
12	0.01009	0.00722	0.00960	0.01116	0.01182	0.00673	0.00755	0.01182	0.01651	0.02226	0.12514	0.62472	0.05666	0.02427	0.01025	0.00320	0.00459	0.02197	0.00772	0.00673
13	0.02509	0.01719	0.03369	0.01547	0.02061	0.01746	0.01273	0.31096	0.06715	0.14431	0.16653	0.05320	0.05488	0.01220	0.00857	0.00253	0.00709	0.00999	0.00847	0.01187
14	0.05366	0.01829	0.03187	0.12630	0.36858	0.01841	0.13082	0.02625	0.01866	0.10286	0.01719	0.02121	0.01318	0.00763	0.00820	0.00252	0.01004	0.00763	0.00474	0.01195
15	0.02633	0.01624	0.06550	0.01513	0.02069	0.01443	0.01294	0.03625	0.21962	0.33329	0.11917	0.03231	0.02877	0.01109	0.00836	0.00260	0.00669	0.00923	0.00884	0.01251
16	0.08521	0.01585	0.01759	0.01295	0.01986	0.01374	0.01046	0.11841	0.01994	0.03123	0.01495	0.01693	0.01202	0.00673	0.00626	0.00151	0.00650	0.00517	0.00535	0.57935
17	0.02021	0.01789	0.02701	0.02277	0.08536	0.01767	0.15981	0.16014	0.04334	0.03097	0.01836	0.04461	0.01519	0.01359	0.07420	0.00330	0.03293	0.00794	0.00544	0.19927
18	0.01739	0.10422	0.57109	0.02251	0.03363	0.04520	0.04592	0.02583	0.01735	0.02487	0.01424	0.01680	0.01036	0.00764	0.00752	0.00248	0.01183	0.00592	0.00348	0.01172
19	0.04157	0.01552	0.02624	0.54580	0.14639	0.01833	0.04883	0.02170	0.01661	0.02236	0.01453	0.02113	0.01112	0.00790	0.00806	0.00265	0.01061	0.00722	0.00374	0.00967
20	0.01134	0.00845	0.01248	0.01431	0.05196	0.00800	0.03191	0.01293	0.01602	0.02165	0.08976	0.52927	0.04809	0.02315	0.01199	0.06979	0.00547	0.01952	0.00696	0.00695
21	0.01134	0.00910	0.01402	0.05710	0.01731	0.00879	0.06671	0.01366	0.01644	0.02200	0.09393	0.49273	0.06299	0.05936	0.01174	0.00338	0.00602	0.01929	0.00694	0.00716
22	0.03085	0.02273	0.02435	0.01867	0.02516	0.02516	0.01542	0.63716	0.03815	0.05114	0.01948	0.01948	0.01380	0.00974	0.00812	0.00244	0.00893	0.00731	0.00812	0.01380
23	0.00986	0.00717	0.00930	0.01101	0.01169	0.00661	0.00741	0.01133	0.01581	0.02083	0.04821	0.65086	0.11009	0.02497	0.01029	0.00324	0.00465	0.02252	0.00753	0.00661
24	0.02024	0.01817	0.01869	0.01766	0.04294	0.05905	0.01328	0.03997	0.54657	0.03242	0.05074	0.03230	0.02594	0.01134	0.00835	0.00273	0.00699	0.03247	0.00786	0.01227
25	0.01145	0.00840	0.01042	0.01068	0.01124	0.00872	0.00712	0.01252	0.01395	0.01877	0.05893	0.22968	0.08823	0.34061	0.08405	0.00617	0.05225	0.01484	0.00586	0.00610
26	0.01953	0.01990	0.03630	0.03956	0.34794	0.02033	0.23065	0.02581	0.05593	0.02606	0.01624	0.02107	0.01316	0.00804	0.01049	0.00266	0.08215	0.00813	0.00425	0.01179
27	0.01105	0.00808	0.01123	0.04927	0.01554	0.00796	0.00986	0.01332	0.01643	0.02169	0.04260	0.50289	0.04944	0.02366	0.01047	0.00338	0.00580	0.18305	0.00730	0.00696
28	0.54576	0.07889	0.01730	0.01269	0.01819	0.02093	0.01067	0.15680	0.01932	0.03808	0.01307	0.01453	0.01002	0.00796	0.00571	0.00243	0.00706	0.00502	0.00556	0.01002
29	0.01990	0.09983	0.23037	0.15930	0.03331	0.01987	0.03494	0.13779	0.02138	0.05210	0.05446	0.02114	0.01554	0.00857	0.00766	0.00240	0.00981	0.00692	0.00501	0.05970

[dist]
# distance from previous block
# <min> <max>
0	1

[block]
# block no. 1 follows, 23 sequences, length 17
# corresponding to MSA columns:
# 89-94,100-110
name=unknown_B
#
# <colnr> <probs for GDERKNQSTAVLIFYWHMCP>
#	G	D	E	R	K	N	Q	S	T	A	V	L	I	F	Y	W	H	M	C	P
0	0.07898	0.07587	0.02447	0.08661	0.06374	0.02324	0.01556	0.38295	0.07638	0.04064	0.01871	0.02066	0.01415	0.03179	0.00874	0.00261	0.00873	0.00713	0.00675	0.01228
1	0.01615	0.01733	0.09600	0.04940	0.02321	0.01248	0.03829	0.02127	0.04429	0.02573	0.01871	0.09521	0.01696	0.00874	0.00705	0.00181	0.00716	0.00750	0.00501	0.48772
2	0.02462	0.02919	0.37102	0.01924	0.02849	0.01613	0.02170	0.03230	0.05655	0.28575	0.02267	0.02213	0.01508	0.00884	0.00792	0.00256	0.00962	0.00705	0.00637	0.01277
3	0.06857	0.24404	0.40696	0.01902	0.02853	0.02242	0.02276	0.02463	0.01652	0.02410	0.01368	0.01630	0.01068	0.00991	0.03784	0.00279	0.01105	0.00551	0.00359	0.01108
4	0.05331	0.02629	0.19510	0.09075	0.08309	0.13246	0.06844	0.02512	0.05728	0.02520	0.06484	0.02692	0.07555	0.00992	0.00864	0.00255	0.03133	0.00813	0.00480	0.01028
5	0.01009	0.00782	0.00925	0.01013	0.01180	0.00697	0.00734	0.01212	0.01757	0.02230	0.10252	0.34319	0.32231	0.02246	0.01003	0.00303	0.00458	0.06204	0.00762	0.00684
6	0.01086	0.00827	0.00998	0.00956	0.01174	0.00739	0.00717	0.01411	0.02150	0.02905	0.47036	0.06635	0.26831	0.01789	0.00958	0.00261	0.00392	0.01548	0.00847	0.00739
7	0.01789	0.01949	0.05115	0.16535	0.03370	0.05518	0.16120	0.02196	0.01593	0.02206	0.04086	0.02118	0.01388	0.01081	0.01644	0.00303	0.30859	0.00789	0.00395	0.00946
8	0.03231	0.01348	0.01789	0.01413	0.01978	0.01210	0.01152	0.03710	0.07311	0.54749	0.10270	0.03154	0.02681	0.01086	0.00833	0.00253	0.00652	0.00897	0.00978	0.01304
9	0.01102	0.00797	0.01065	0.01240	0.01353	0.00760	0.00944	0.01332	0.01689	0.02209	0.04678	0.44063	0.09479	0.02398	0.01061	0.00341	0.00566	0.23478	0.00751	0.00693
10	0.01976	0.01119	0.01210	0.01055	0.01373	0.01149	0.00829	0.14585	0.02222	0.08563	0.07032	0.03000	0.02327	0.01006	0.00664	0.00210	0.00508	0.00806	0.49431	0.00933
11	0.00989	0.00706	0.00942	0.01130	0.01177	0.00659	0.00753	0.01130	0.01554	0.02071	0.04472	0.70954	0.05367	0.02542	0.01036	0.00330	0.00471	0.02307	0.00753	0.00659
12	0.01027	0.00849	0.00894	0.00904	0.01146	0.00750	0.00662	0.01317	0.04652	0.02244	0.09416	0.14599	0.51459	0.05071	0.01099	0.00302	0.00444	0.01712	0.00750	0.00704
13	0.01607	0.01096	0.01254	0.01132	0.01428	0.01077	0.00861	0.10586	0.05276	0.07345	0.21733	0.10552	0.19368	0.05682	0.01081	0.00291	0.00526	0.01346	0.06886	0.00875
14	0.00989	0.00706	0.00942	0.01130	0.01177	0.00659	0.00753	0.01130	0.01554	0.02071	0.04472	0.70954	0.05367	0.02542	0.01036	0.00330	0.00471	0.02307	0.00753	0.00659
15	0.10454	0.02084	0.03232	0.10374	0.16158	0.07324	0.21995	0.06807	0.01908	0.02733	0.01473	0.01936	0.01165	0.00820	0.01002	0.00265	0.08007	0.00751	0.00437	0.01075
16	0.01756	0.01671	0.02838	0.39187	0.34186	0.01862	0.02365	0.02269	0.01728	0.02345	0.01482	0.02090	0.01177	0.00770	0.00808	0.00257	0.01026	0.00722	0.00380	0.01082

[dist]
# distance from previous block
# <min> <max>
0	1

[block]
# block no. 2 follows, 23 sequences, length 13
# corresponding to MSA columns:
# 112-124
name=unknown_C
#
# <colnr> <probs for GDERKNQSTAVLIFYWHMCP>
#	G	D	E	R	K	N	Q	S	T	A	V	L	I	F	Y	W	H	M	C	P
0	0.08307	0.02100	0.16680	0.06157	0.04560	0.01577	0.08673	0.05925	0.03917	0.18695	0.12603	0.02797	0.02444	0.00985	0.00819	0.00257	0.00866	0.00851	0.00658	0.01130
1	0.01929	0.14834	0.21456	0.07327	0.06112	0.02030	0.19641	0.02528	0.01796	0.07366	0.01783	0.06373	0.01459	0.00866	0.00805	0.00252	0.01084	0.00814	0.00444	0.01103
2	0.03641	0.01381	0.01883	0.01444	0.02071	0.01193	0.01193	0.03954	0.02322	0.66984	0.03201	0.02762	0.02009	0.01004	0.00816	0.00251	0.00690	0.00816	0.01004	0.01381
3	0.01113	0.00875	0.01186	0.01288	0.01328	0.00948	0.00915	0.01260	0.01504	0.02053	0.03933	0.59998	0.04686	0.02364	0.01293	0.00334	0.11481	0.02054	0.00690	0.00695
4	0.02489	0.19385	0.12057	0.04173	0.04474	0.10553	0.06830	0.06692	0.02090	0.16986	0.05264	0.02129	0.01659	0.00866	0.00746	0.00230	0.00978	0.00691	0.00569	0.01140
5	0.01945	0.02070	0.07603	0.08718	0.53237	0.01928	0.07615	0.02479	0.01830	0.02605	0.01526	0.02014	0.01251	0.00728	0.00815	0.00247	0.01021	0.00734	0.00396	0.01240
6	0.00989	0.00706	0.00942	0.01130	0.01177	0.00659	0.00753	0.01130	0.01554	0.02071	0.04472	0.70954	0.05367	0.02542	0.01036	0.00330	0.00471	0.02307	0.00753	0.00659
7	0.01985	0.01936	0.03581	0.09748	0.07035	0.02010	0.33801	0.02822	0.11818	0.06427	0.01909	0.02299	0.01445	0.00863	0.01087	0.00279	0.08467	0.00880	0.00500	0.01110
8	0.02395	0.01564	0.06084	0.03806	0.02200	0.01429	0.01414	0.05664	0.16528	0.25575	0.03305	0.04480	0.02736	0.01348	0.00900	0.00291	0.00750	0.17558	0.00819	0.01155
9	0.01188	0.01020	0.01112	0.01229	0.01322	0.06231	0.00855	0.01341	0.01623	0.02068	0.04347	0.57333	0.09507	0.02316	0.01078	0.00317	0.03668	0.02044	0.00708	0.00694
10	0.17361	0.01827	0.06291	0.16176	0.14298	0.01830	0.05058	0.07613	0.07758	0.08244	0.04588	0.02219	0.01598	0.00867	0.00761	0.00257	0.00873	0.00729	0.00553	0.01101
11	0.06671	0.51432	0.11068	0.01564	0.02270	0.11157	0.01566	0.02545	0.01722	0.02097	0.01182	0.01370	0.01031	0.00724	0.00575	0.00192	0.00967	0.00464	0.00365	0.01037
12	0.02947	0.03053	0.02369	0.02004	0.02480	0.36381	0.01575	0.27375	0.02819	0.03237	0.01517	0.01684	0.01181	0.00940	0.00925	0.00235	0.06973	0.00622	0.00571	0.01112

[dist]
# distance from previous block
# <min> <max>
0	1

[block]
# block no. 3 follows, 23 sequences, length 13
# corresponding to MSA columns:
# 126-138
name=unknown_D
#
# <colnr> <probs for GDERKNQSTAVLIFYWHMCP>
#	G	D	E	R	K	N	Q	S	T	A	V	L	I	F	Y	W	H	M	C	P
0	0.05103	0.05175	0.06187	0.05052	0.01990	0.01530	0.01217	0.10872	0.01913	0.02875	0.02291	0.04681	0.05630	0.04205	0.03114	0.00281	0.06847	0.00786	0.16362	0.13889
1	0.01013	0.00743	0.00932	0.01053	0.01147	0.00682	0.00714	0.01178	0.01649	0.02173	0.11014	0.49872	0.15225	0.07095	0.01227	0.00345	0.00474	0.02051	0.00749	0.00662
2	0.10110	0.01453	0.01826	0.01426	0.02018	0.01354	0.01173	0.09564	0.02383	0.51255	0.06706	0.02751	0.02187	0.01018	0.00796	0.00251	0.00686	0.00813	0.00933	0.01298
3	0.02399	0.04710	0.05907	0.03424	0.29529	0.18531	0.10761	0.05948	0.02090	0.06678	0.01588	0.01908	0.01250	0.00778	0.00798	0.00237	0.01132	0.00698	0.00462	0.01172
4	0.01515	0.01402	0.01982	0.01787	0.01833	0.01869	0.01448	0.01720	0.01295	0.01947	0.01756	0.09884	0.01815	0.02854	0.20881	0.00618	0.43224	0.00933	0.00422	0.00816
5	0.00999	0.00714	0.00951	0.01123	0.01179	0.00666	0.00754	0.01155	0.01601	0.02147	0.08384	0.66828	0.05512	0.02486	0.01031	0.00325	0.00465	0.02253	0.00762	0.00666
6	0.03070	0.01389	0.01811	0.01452	0.01993	0.01310	0.01181	0.07310	0.08160	0.47207	0.06557	0.02963	0.02332	0.01550	0.07483	0.00357	0.00828	0.00862	0.00913	0.01272
7	0.06522	0.10582	0.52957	0.02304	0.07071	0.02014	0.02673	0.02539	0.01694	0.02578	0.01407	0.01665	0.01035	0.00759	0.00731	0.00247	0.01116	0.00581	0.00357	0.01168
8	0.02111	0.01843	0.02690	0.03115	0.27253	0.05107	0.08467	0.09494	0.08337	0.06508	0.02370	0.07698	0.02115	0.01109	0.00874	0.00269	0.00918	0.07975	0.00590	0.01157
9	0.09428	0.00858	0.01027	0.01026	0.01170	0.00867	0.00736	0.01439	0.01547	0.02357	0.15445	0.11047	0.06894	0.09040	0.05155	0.19996	0.00644	0.02987	0.07711	0.00625
10	0.02154	0.01918	0.02891	0.13262	0.14573	0.05416	0.12959	0.06181	0.09012	0.08974	0.01832	0.02184	0.01406	0.00936	0.01141	0.00274	0.12461	0.00784	0.00520	0.01122
11	0.01812	0.01479	0.05835	0.03831	0.06423	0.01337	0.01402	0.08015	0.08563	0.09233	0.03872	0.07023	0.12316	0.01548	0.00929	0.00292	0.00735	0.20398	0.00715	0.04243
12	0.05592	0.05070	0.02313	0.06086	0.02459	0.07958	0.03157	0.29379	0.05785	0.03624	0.01794	0.02015	0.01377	0.00989	0.01022	0.00252	0.10725	0.00702	0.08573	0.01127

[dist]
# distance from previous block
# <min> <max>
3	10

[block]
# block no. 4 follows, 23 sequences, length 6
# corresponding to MSA columns:
# 149-154
name=unknown_E
#
# <colnr> <probs for GDERKNQSTAVLIFYWHMCP>
#	G	D	E	R	K	N	Q	S	T	A	V	L	I	F	Y	W	H	M	C	P
0	0.01699	0.01479	0.07822	0.01616	0.09365	0.01278	0.01194	0.09286	0.05568	0.02996	0.03133	0.03463	0.10924	0.05340	0.00930	0.00261	0.00634	0.00904	0.31167	0.00941
1	0.39535	0.03789	0.01738	0.01376	0.01853	0.01619	0.07023	0.05039	0.01742	0.10941	0.07571	0.06383	0.02072	0.05098	0.00883	0.00287	0.00705	0.00794	0.00612	0.00942
2	0.10532	0.05669	0.02823	0.02301	0.07254	0.13171	0.16628	0.06143	0.01973	0.10043	0.01820	0.06551	0.01518	0.00956	0.00943	0.00254	0.06600	0.00810	0.00530	0.03483
3	0.10722	0.01224	0.01415	0.01494	0.07653	0.01289	0.00934	0.11599	0.01740	0.02560	0.02405	0.11495	0.02560	0.36693	0.02474	0.00528	0.00766	0.01102	0.00566	0.00779
4	0.01889	0.02027	0.08260	0.05412	0.09292	0.05686	0.17846	0.09636	0.02046	0.02761	0.02178	0.12730	0.02040	0.01107	0.00868	0.00258	0.00987	0.04540	0.00530	0.09907
5	0.10415	0.06491	0.31432	0.01904	0.02796	0.01808	0.05659	0.05766	0.03858	0.10963	0.01715	0.01858	0.01232	0.00789	0.00728	0.00236	0.00959	0.00624	0.00504	0.10263

[dist]
# distance from previous block
# <min> <max>
0	2

[block]
# block no. 5 follows, 23 sequences, length 37
# corresponding to MSA columns:
# 157-178,181-195
name=unknown_F
#
# <colnr> <probs for GDERKNQSTAVLIFYWHMCP>
#	G	D	E	R	K	N	Q	S	T	A	V	L	I	F	Y	W	H	M	C	P
0	0.30591	0.01311	0.01342	0.03616	0.01707	0.01413	0.00981	0.06222	0.05439	0.07759	0.16678	0.09004	0.06464	0.01273	0.00763	0.00265	0.00592	0.02965	0.00700	0.00912
1	0.09975	0.20289	0.34585	0.01973	0.02865	0.10219	0.04614	0.02598	0.01741	0.02453	0.01325	0.01560	0.01025	0.00755	0.00684	0.00231	0.01096	0.00547	0.00372	0.01091
2	0.02550	0.01951	0.02074	0.01684	0.02232	0.02168	0.01361	0.38888	0.22121	0.04306	0.02824	0.02727	0.06259	0.01087	0.00816	0.00253	0.00763	0.00857	0.03803	0.01278
3	0.01006	0.00706	0.00946	0.01127	0.01172	0.00661	0.00751	0.01127	0.01533	0.02044	0.04347	0.68156	0.05205	0.02553	0.01123	0.03437	0.00480	0.02241	0.00737	0.00647
4	0.02560	0.01355	0.01715	0.05801	0.02087	0.01314	0.01169	0.13871	0.02399	0.30741	0.08776	0.11677	0.10262	0.01350	0.00870	0.00263	0.00668	0.01134	0.00858	0.01130
5	0.02155	0.21182	0.16023	0.01580	0.02224	0.01939	0.01563	0.07148	0.06090	0.13785	0.06336	0.09142	0.02205	0.01144	0.00851	0.03269	0.00815	0.00854	0.00603	0.01091
6	0.00985	0.00720	0.00927	0.01093	0.01167	0.00662	0.00737	0.01134	0.01589	0.02086	0.04925	0.63328	0.12700	0.02483	0.01026	0.00323	0.00464	0.02235	0.00753	0.00662
7	0.03641	0.01381	0.01883	0.01444	0.02071	0.01193	0.01193	0.03954	0.02322	0.66984	0.03201	0.02762	0.02009	0.01004	0.00816	0.00251	0.00690	0.00816	0.01004	0.01381
8	0.01542	0.01455	0.02436	0.66884	0.05453	0.01830	0.02235	0.02068	0.01608	0.02068	0.01427	0.02148	0.01081	0.00835	0.00884	0.00274	0.03790	0.00721	0.00360	0.00901
9	0.01048	0.00829	0.00945	0.00928	0.01166	0.00727	0.00703	0.01330	0.02026	0.02619	0.30769	0.07177	0.40612	0.01907	0.00965	0.00271	0.00414	0.04037	0.00808	0.00719
10	0.01180	0.00787	0.00885	0.00885	0.00885	0.00787	0.00492	0.01180	0.01180	0.01573	0.02557	0.05310	0.02950	0.71483	0.04130	0.00787	0.00787	0.01180	0.00492	0.00492
11	0.02204	0.01844	0.03079	0.10814	0.45965	0.01862	0.05685	0.05576	0.01981	0.10477	0.01747	0.02122	0.01354	0.00776	0.00815	0.00247	0.00962	0.00748	0.00491	0.01252
12	0.01102	0.00828	0.01020	0.00972	0.01184	0.00746	0.00729	0.01441	0.02187	0.02994	0.51854	0.06489	0.21958	0.01756	0.00958	0.00260	0.00390	0.01527	0.00859	0.00746
13	0.00989	0.00706	0.00942	0.01130	0.01177	0.00659	0.00753	0.01130	0.01554	0.02071	0.04472	0.70954	0.05367	0.02542	0.01036	0.00330	0.00471	0.02307	0.00753	0.00659
14	0.02715	0.01705	0.01982	0.01587	0.02105	0.01799	0.01289	0.28708	0.09472	0.20340	0.14281	0.03028	0.02812	0.01136	0.00899	0.00254	0.02875	0.00908	0.00863	0.01241
15	0.01762	0.08257	0.41948	0.02619	0.03656	0.02033	0.23141	0.02570	0.01776	0.02533	0.01495	0.01844	0.01097	0.00736	0.00816	0.00257	0.01233	0.00708	0.00366	0.01153
16	0.06017	0.02878	0.28412	0.02788	0.05883	0.02014	0.28153	0.02507	0.01737	0.02583	0.01479	0.01908	0.01118	0.00797	0.01027	0.00273	0.08178	0.00757	0.00383	0.01109
17	0.14639	0.01609	0.02419	0.42925	0.11694	0.01880	0.04538	0.06457	0.01771	0.02640	0.01442	0.01987	0.01097	0.00797	0.00764	0.00262	0.00989	0.00684	0.00423	0.00983
18	0.01012	0.00723	0.00968	0.01156	0.01213	0.00679	0.00793	0.01170	0.01576	0.02097	0.04460	0.66481	0.05316	0.02520	0.01042	0.00333	0.00491	0.06551	0.00753	0.00665
19	0.01513	0.00756	0.00756	0.00756	0.00945	0.00756	0.00567	0.01891	0.01702	0.03025	0.02647	0.03025	0.02080	0.00945	0.00567	0.00189	0.00378	0.00756	0.75988	0.00756
20	0.02187	0.45447	0.15101	0.01877	0.06889	0.05064	0.01773	0.08873	0.01922	0.02415	0.01304	0.01497	0.01091	0.00744	0.00622	0.00202	0.00956	0.00517	0.00401	0.01118
21	0.01953	0.06823	0.09319	0.06571	0.10407	0.01688	0.08534	0.05046	0.06097	0.06902	0.04282	0.02132	0.01580	0.00780	0.00743	0.00209	0.00855	0.00689	0.00519	0.24873
22	0.02327	0.01945	0.02104	0.04437	0.02333	0.08315	0.03935	0.30908	0.07541	0.03603	0.02552	0.19145	0.02395	0.01355	0.00924	0.00270	0.02970	0.01125	0.00712	0.01105
23	0.01198	0.00982	0.01502	0.05767	0.01793	0.01009	0.06404	0.01436	0.01624	0.02200	0.09566	0.42900	0.04462	0.06911	0.01338	0.00349	0.05416	0.03750	0.00666	0.00730
24	0.01496	0.01349	0.02227	0.60589	0.04998	0.01660	0.02046	0.02000	0.01623	0.02135	0.01719	0.06719	0.01427	0.00933	0.00810	0.00269	0.00996	0.00827	0.05302	0.00876
25	0.02387	0.43884	0.03356	0.01593	0.02165	0.25416	0.01400	0.02626	0.01886	0.01954	0.01635	0.01783	0.05297	0.00832	0.00622	0.00192	0.01043	0.00548	0.00398	0.00983
26	0.01273	0.01417	0.09460	0.05640	0.06566	0.01118	0.08539	0.01618	0.01639	0.02232	0.03413	0.46143	0.03850	0.01894	0.00967	0.00305	0.00730	0.01750	0.00618	0.00830
27	0.03641	0.01381	0.01883	0.01444	0.02071	0.01193	0.01193	0.03954	0.02322	0.66984	0.03201	0.02762	0.02009	0.01004	0.00816	0.00251	0.00690	0.00816	0.01004	0.01381
28	0.01159	0.00869	0.01304	0.01304	0.01449	0.01014	0.01014	0.01449	0.01304	0.01884	0.02173	0.03188	0.02029	0.06086	0.68268	0.01304	0.02173	0.00869	0.00435	0.00724
29	0.05997	0.01960	0.09448	0.11883	0.19256	0.01769	0.17617	0.02447	0.05892	0.02642	0.01915	0.06958	0.01614	0.00898	0.00825	0.00260	0.00991	0.00880	0.05674	0.01074
30	0.01854	0.01571	0.05579	0.39703	0.08469	0.01643	0.01931	0.02509	0.07011	0.11122	0.08565	0.02687	0.02018	0.00941	0.00826	0.00264	0.00918	0.00822	0.00543	0.01025
31	0.03376	0.01322	0.01798	0.01399	0.01980	0.01147	0.01147	0.03697	0.02320	0.60209	0.09876	0.03113	0.02609	0.01074	0.00831	0.00252	0.00658	0.00885	0.00992	0.01316
32	0.01001	0.00740	0.00937	0.01065	0.01167	0.00675	0.00731	0.01180	0.01686	0.02222	0.11885	0.52896	0.16123	0.02361	0.01014	0.00312	0.00451	0.02112	0.00769	0.00675
33	0.06730	0.01934	0.06565	0.09646	0.02644	0.01889	0.01512	0.30208	0.02684	0.12277	0.02131	0.06632	0.01686	0.03798	0.00924	0.00268	0.00844	0.00819	0.00696	0.06111
34	0.02869	0.02218	0.06411	0.01887	0.05022	0.08730	0.01540	0.29665	0.07414	0.17538	0.02290	0.02386	0.01655	0.00987	0.00802	0.00246	0.00888	0.02446	0.03737	0.01270
35	0.04610	0.25803	0.09291	0.01405	0.01951	0.04813	0.01330	0.10544	0.01946	0.02746	0.01752	0.02045	0.01431	0.01335	0.07204	0.00310	0.00930	0.00617	0.18944	0.00993
36	0.04719	0.07765	0.10008	0.09583	0.16381	0.03581	0.01750	0.14395	0.02148	0.03075	0.01974	0.02268	0.03598	0.00876	0.00729	0.00232	0.00857	0.00711	0.14258	0.01092

[dist]
# distance from previous block
# <min> <max>
1	12

[block]
# block no. 6 follows, 23 sequences, length 25
# corresponding to MSA columns:
# 208-232
name=unknown_G
#
# <colnr> <probs for GDERKNQSTAVLIFYWHMCP>
#	G	D	E	R	K	N	Q	S	T	A	V	L	I	F	Y	W	H	M	C	P
0	0.10622	0.08460	0.10685	0.02033	0.09338	0.10194	0.01626	0.18802	0.02309	0.03227	0.03861	0.05000	0.01642	0.01238	0.04617	0.00299	0.00999	0.00731	0.03223	0.01095
1	0.01479	0.01278	0.04450	0.10106	0.02190	0.01244	0.03413	0.11277	0.01975	0.02671	0.08344	0.33771	0.03717	0.02209	0.07600	0.00394	0.00840	0.01522	0.00662	0.00858
2	0.06307	0.07726	0.12326	0.01921	0.04608	0.04282	0.09590	0.01998	0.01608	0.02286	0.02405	0.15518	0.05227	0.02023	0.11190	0.00432	0.08102	0.01058	0.00481	0.00913
3	0.06671	0.01231	0.01540	0.01427	0.01680	0.04128	0.04068	0.08518	0.01799	0.02558	0.07813	0.17689	0.02985	0.03523	0.29731	0.00718	0.01337	0.01174	0.00586	0.00825
4	0.08073	0.17209	0.17474	0.01672	0.02225	0.09560	0.01652	0.02240	0.01685	0.02320	0.01990	0.10116	0.01940	0.01388	0.03837	0.00304	0.06000	0.06726	0.02641	0.00948
5	0.01850	0.10209	0.16047	0.02856	0.12663	0.04837	0.24705	0.02425	0.01799	0.02436	0.01731	0.06900	0.01495	0.01037	0.03220	0.00288	0.01168	0.00857	0.00417	0.03059
6	0.01049	0.00742	0.00928	0.01040	0.01094	0.00702	0.00675	0.01169	0.01510	0.02010	0.07769	0.45768	0.08018	0.21424	0.01878	0.00448	0.00549	0.01916	0.00690	0.00621
7	0.01496	0.01594	0.09202	0.32385	0.05559	0.01494	0.01852	0.04990	0.01825	0.02405	0.04920	0.09261	0.07583	0.01310	0.00891	0.00288	0.00901	0.10617	0.00526	0.00904
8	0.01670	0.09114	0.52437	0.02355	0.07562	0.01913	0.02696	0.02479	0.01730	0.02511	0.01671	0.02319	0.01349	0.00884	0.00782	0.00259	0.01119	0.05613	0.00381	0.01155
9	0.01627	0.04197	0.67279	0.02313	0.03512	0.01884	0.02998	0.02570	0.01713	0.02570	0.01456	0.01713	0.01028	0.00771	0.00771	0.00257	0.01199	0.00600	0.00343	0.01199
10	0.02987	0.01236	0.01674	0.01333	0.01846	0.01081	0.01081	0.03319	0.02316	0.50276	0.19663	0.03627	0.03489	0.01176	0.00853	0.00252	0.00610	0.00987	0.00975	0.01220
11	0.01948	0.01873	0.02886	0.07021	0.49739	0.05050	0.02190	0.02515	0.05613	0.02681	0.06992	0.02577	0.01951	0.00873	0.00823	0.00248	0.00921	0.02429	0.00476	0.01194
12	0.04884	0.06827	0.14435	0.05509	0.06051	0.04582	0.15714	0.02507	0.01919	0.10842	0.09559	0.05635	0.02377	0.01039	0.00847	0.00261	0.00970	0.04424	0.00561	0.01055
13	0.01585	0.01003	0.01373	0.01402	0.06756	0.00922	0.00965	0.01955	0.02237	0.12754	0.47761	0.05330	0.09716	0.01506	0.00923	0.00255	0.00479	0.01322	0.00861	0.00897
14	0.01513	0.00756	0.00756	0.00756	0.00945	0.00756	0.00567	0.01891	0.01702	0.03025	0.02647	0.03025	0.02080	0.00945	0.00567	0.00189	0.00378	0.00756	0.75988	0.00756
15	0.77215	0.01569	0.01193	0.01067	0.01569	0.01820	0.00879	0.02385	0.01381	0.03641	0.01130	0.01318	0.00879	0.00753	0.00502	0.00251	0.00628	0.00439	0.00502	0.00879
16	0.01837	0.01427	0.01693	0.01267	0.01935	0.01130	0.01027	0.04397	0.01820	0.07129	0.01816	0.02381	0.01549	0.00777	0.00666	0.00155	0.00630	0.05487	0.00551	0.62328
17	0.01824	0.10385	0.21250	0.02683	0.05849	0.02153	0.25865	0.02434	0.01724	0.02412	0.01544	0.02159	0.01264	0.00882	0.01117	0.00273	0.11639	0.03074	0.00389	0.01080
18	0.01172	0.00864	0.01000	0.01009	0.01134	0.00844	0.00676	0.01490	0.06806	0.02222	0.15471	0.17970	0.14193	0.29032	0.02197	0.00481	0.00582	0.01506	0.00683	0.00669
19	0.02169	0.07602	0.12503	0.01449	0.02027	0.01452	0.01363	0.07612	0.04891	0.20836	0.12162	0.06430	0.13552	0.01272	0.00837	0.00254	0.00705	0.01047	0.00750	0.01087
20	0.01973	0.11068	0.28081	0.01827	0.02585	0.05883	0.01940	0.10903	0.10081	0.02929	0.03805	0.02164	0.01602	0.01142	0.04112	0.00291	0.01019	0.00686	0.06782	0.01127
21	0.07879	0.01532	0.07913	0.04400	0.07309	0.01363	0.04970	0.02175	0.11094	0.02435	0.02199	0.07685	0.02026	0.03874	0.01489	0.18587	0.00784	0.04975	0.03186	0.04126
22	0.13185	0.01401	0.05322	0.01495	0.03952	0.01294	0.01234	0.08861	0.02069	0.08303	0.11828	0.10648	0.07625	0.01569	0.00896	0.00293	0.00680	0.17694	0.00723	0.00926
23	0.08344	0.05730	0.01684	0.01479	0.04868	0.08910	0.01076	0.14725	0.02120	0.03048	0.02370	0.13728	0.02223	0.06133	0.00968	0.00275	0.00728	0.00964	0.19703	0.00924
24	0.16903	0.01948	0.02204	0.01723	0.02318	0.02103	0.06391	0.33486	0.08669	0.04103	0.01878	0.02073	0.01428	0.03946	0.00892	0.00264	0.00829	0.00710	0.00679	0.07453

[dist]
# distance from previous block
# <min> <max>
23	63

[block]
# block no. 7 follows, 23 sequences, length 19
# corresponding to MSA columns:
# 296-314
name=unknown_H
#
# <colnr> <probs for GDERKNQSTAVLIFYWHMCP>
#	G	D	E	R	K	N	Q	S	T	A	V	L	I	F	Y	W	H	M	C	P
0	0.01845	0.10631	0.02006	0.04584	0.02028	0.01595	0.01149	0.11828	0.05197	0.02905	0.06912	0.05026	0.02206	0.03951	0.04124	0.00277	0.00767	0.03497	0.03659	0.25814
1	0.02831	0.02084	0.02259	0.01756	0.02346	0.02288	0.01441	0.55589	0.03617	0.04871	0.10319	0.02486	0.02200	0.01064	0.00831	0.00245	0.00826	0.00827	0.00822	0.01300
2	0.01612	0.01185	0.01506	0.01373	0.01614	0.01332	0.01060	0.15967	0.01873	0.02593	0.02178	0.03214	0.02014	0.14633	0.42942	0.00979	0.01667	0.00883	0.00531	0.00843
3	0.01850	0.01551	0.01858	0.08333	0.02378	0.01344	0.01171	0.10107	0.01955	0.02908	0.01508	0.01767	0.01213	0.00671	0.00650	0.00152	0.00689	0.00538	0.00512	0.58845
4	0.02281	0.01769	0.01972	0.01664	0.02132	0.02000	0.01333	0.29472	0.23490	0.03789	0.02450	0.02596	0.01895	0.02211	0.16587	0.00502	0.01109	0.00825	0.00728	0.01195
5	0.01841	0.01707	0.02295	0.01972	0.02080	0.02274	0.01629	0.08366	0.04534	0.02338	0.01407	0.02037	0.01290	0.01969	0.10960	0.00464	0.50724	0.00743	0.00435	0.00936
6	0.00989	0.00706	0.00942	0.01130	0.01177	0.00659	0.00753	0.01130	0.01554	0.02071	0.04472	0.70954	0.05367	0.02542	0.01036	0.00330	0.00471	0.02307	0.00753	0.00659
7	0.01627	0.04197	0.67279	0.02313	0.03512	0.01884	0.02998	0.02570	0.01713	0.02570	0.01456	0.01713	0.01028	0.00771	0.00771	0.00257	0.01199	0.00600	0.00343	0.01199
8	0.01001	0.00828	0.00880	0.00878	0.01136	0.00707	0.00666	0.01239	0.01917	0.02360	0.16672	0.07602	0.54966	0.02003	0.00965	0.00275	0.00420	0.04011	0.00774	0.00699
9	0.03085	0.02273	0.02435	0.01867	0.02516	0.02516	0.01542	0.63716	0.03815	0.05114	0.01948	0.01948	0.01380	0.00974	0.00812	0.00244	0.00893	0.00731	0.00812	0.01380
10	0.02004	0.01375	0.04614	0.01364	0.01768	0.01241	0.01125	0.13121	0.04710	0.16103	0.09681	0.18420	0.14003	0.01628	0.00916	0.00280	0.00632	0.05200	0.00810	0.01004
11	0.02386	0.01680	0.01930	0.01448	0.02120	0.01549	0.01175	0.19579	0.05876	0.13072	0.01951	0.01994	0.01444	0.00793	0.00704	0.00183	0.00698	0.00625	0.00671	0.40124
12	0.05462	0.01843	0.07616	0.01469	0.02147	0.01555	0.01273	0.07903	0.18451	0.03090	0.01959	0.02043	0.01521	0.00786	0.00688	0.00190	0.00691	0.00625	0.00588	0.40100
13	0.02398	0.01658	0.01846	0.01603	0.02101	0.01825	0.01263	0.04228	0.50312	0.18261	0.03279	0.02965	0.02367	0.01078	0.00823	0.00270	0.00653	0.00894	0.00867	0.01307
14	0.01981	0.01429	0.01583	0.05104	0.01932	0.04884	0.01106	0.10481	0.11699	0.12443	0.22198	0.04435	0.14616	0.01369	0.00878	0.00258	0.00634	0.01145	0.00810	0.01015
15	0.08723	0.02351	0.20053	0.01681	0.02374	0.01761	0.01662	0.19662	0.05661	0.03439	0.05221	0.08647	0.01991	0.01043	0.00769	0.00242	0.00824	0.00836	0.03126	0.09933
16	0.11437	0.01083	0.01200	0.01106	0.01301	0.01141	0.00774	0.07983	0.01626	0.05971	0.05417	0.07278	0.02703	0.37045	0.10039	0.00642	0.00893	0.01050	0.00580	0.00730
17	0.06406	0.06110	0.05038	0.07253	0.10040	0.25442	0.14006	0.02634	0.01921	0.02321	0.01539	0.05435	0.01338	0.00883	0.00855	0.00241	0.03847	0.00740	0.00427	0.03523
18	0.24643	0.03790	0.07504	0.03272	0.02000	0.04763	0.01259	0.08599	0.04478	0.05055	0.02832	0.06410	0.10197	0.01201	0.00754	0.00261	0.00744	0.07020	0.00605	0.04612

[dist]
# distance from previous block
# <min> <max>
81	171

[block]
# block no. 8 follows, 23 sequences, length 36
# corresponding to MSA columns:
# 522-557
name=unknown_I
#
# <colnr> <probs for GDERKNQSTAVLIFYWHMCP>
#	G	D	E	R	K	N	Q	S	T	A	V	L	I	F	Y	W	H	M	C	P
0	0.01567	0.03042	0.41756	0.02320	0.08967	0.01617	0.05891	0.02287	0.01748	0.02580	0.05390	0.10799	0.02029	0.01042	0.00816	0.00261	0.01003	0.00903	0.04897	0.01084
1	0.01908	0.07970	0.41330	0.01969	0.02884	0.01840	0.02293	0.09291	0.02051	0.07492	0.08205	0.02570	0.01972	0.00963	0.00796	0.00255	0.01003	0.03535	0.00516	0.01157
2	0.01767	0.21671	0.51030	0.02074	0.03143	0.02226	0.02583	0.02534	0.01697	0.02399	0.01372	0.01607	0.01031	0.00751	0.00706	0.00235	0.01114	0.00557	0.00344	0.01158
3	0.01741	0.15296	0.45410	0.01975	0.02949	0.02019	0.02383	0.05944	0.01864	0.02623	0.05510	0.02231	0.04892	0.00889	0.00751	0.00243	0.01036	0.00688	0.00424	0.01130
4	0.06018	0.07486	0.56284	0.06158	0.03446	0.01946	0.02746	0.02522	0.01685	0.02567	0.01419	0.01695	0.01023	0.00768	0.00744	0.00253	0.01142	0.00589	0.00353	0.01155
5	0.01860	0.04962	0.37660	0.01820	0.02691	0.01545	0.02090	0.02534	0.01906	0.12243	0.13512	0.02649	0.02402	0.00950	0.00789	0.00241	0.00911	0.00775	0.00554	0.07906
6	0.01522	0.06429	0.01869	0.05483	0.05693	0.01461	0.04771	0.02387	0.18695	0.02728	0.15214	0.04812	0.21005	0.01410	0.00879	0.00265	0.00638	0.03077	0.00704	0.00957
7	0.01180	0.00787	0.00885	0.00885	0.00885	0.00787	0.00492	0.01180	0.01180	0.01573	0.02557	0.05310	0.02950	0.71483	0.04130	0.00787	0.00787	0.01180	0.00492	0.00492
8	0.01164	0.00851	0.01209	0.01209	0.01321	0.00963	0.00896	0.01388	0.01276	0.01813	0.02260	0.03668	0.02237	0.20882	0.53757	0.01187	0.01860	0.00940	0.00448	0.00672
9	0.03302	0.05858	0.02271	0.01633	0.02275	0.01912	0.01363	0.31091	0.02964	0.35046	0.02511	0.02307	0.01666	0.00973	0.00797	0.00243	0.00793	0.00755	0.00879	0.01361
10	0.01180	0.00787	0.00885	0.00885	0.00885	0.00787	0.00492	0.01180	0.01180	0.01573	0.02557	0.05310	0.02950	0.71483	0.04130	0.00787	0.00787	0.01180	0.00492	0.00492
11	0.01292	0.00861	0.01131	0.01045	0.01262	0.00790	0.00790	0.01671	0.02298	0.06918	0.62383	0.05871	0.07331	0.01621	0.00949	0.00255	0.00401	0.01430	0.00900	0.00801
12	0.00973	0.00823	0.00841	0.00836	0.01104	0.00691	0.00627	0.01191	0.01882	0.02269	0.12424	0.07682	0.61840	0.02026	0.00959	0.00273	0.00409	0.01695	0.00764	0.00691
13	0.01029	0.00728	0.00954	0.01119	0.01168	0.00690	0.00751	0.01166	0.01524	0.02029	0.04226	0.59517	0.05030	0.11051	0.01423	0.00388	0.00525	0.05318	0.00721	0.00643
14	0.01775	0.01775	0.02485	0.02130	0.02130	0.02485	0.01775	0.01953	0.01243	0.01953	0.01065	0.01775	0.01065	0.01420	0.02663	0.00355	0.69998	0.00710	0.00355	0.00888
15	0.03385	0.01746	0.09164	0.01565	0.02257	0.01347	0.01413	0.07327	0.02343	0.56194	0.02934	0.02598	0.01863	0.00977	0.00811	0.00251	0.00759	0.00787	0.00920	0.01361
16	0.02226	0.01556	0.02273	0.01649	0.02363	0.01279	0.11865	0.02631	0.01887	0.19182	0.01929	0.02048	0.01414	0.00719	0.00718	0.00180	0.00757	0.00650	0.00603	0.44069
17	0.01738	0.06263	0.59089	0.02312	0.03451	0.01913	0.06353	0.02619	0.01746	0.04981	0.01522	0.01766	0.01077	0.00772	0.00775	0.00255	0.01179	0.00623	0.00372	0.01195
18	0.02169	0.71972	0.04252	0.01388	0.02083	0.03211	0.01388	0.02430	0.01649	0.01909	0.01128	0.01302	0.01041	0.00694	0.00521	0.00174	0.00868	0.00434	0.00347	0.01041
19	0.05680	0.01641	0.07336	0.01498	0.02048	0.01405	0.01313	0.13858	0.02433	0.30505	0.13094	0.06666	0.03003	0.01222	0.00850	0.00262	0.00710	0.04456	0.00848	0.01173
20	0.02130	0.48503	0.21127	0.01642	0.02468	0.02705	0.01810	0.02579	0.01715	0.06823	0.01368	0.01519	0.01108	0.00738	0.00610	0.00202	0.00944	0.00507	0.00394	0.01109
21	0.01351	0.01565	0.12658	0.01569	0.01981	0.01149	0.05640	0.01926	0.05618	0.02706	0.21162	0.11865	0.08139	0.01671	0.00970	0.00298	0.00713	0.17445	0.00702	0.00873
22	0.03641	0.01381	0.01883	0.01444	0.02071	0.01193	0.01193	0.03954	0.02322	0.66984	0.03201	0.02762	0.02009	0.01004	0.00816	0.00251	0.00690	0.00816	0.01004	0.01381
23	0.04490	0.09550	0.48871	0.02286	0.03344	0.02050	0.09404	0.06087	0.01840	0.02702	0.01466	0.01730	0.01067	0.00766	0.00763	0.00251	0.01152	0.00627	0.00383	0.01173
24	0.02041	0.01965	0.09812	0.17556	0.09166	0.04409	0.04125	0.14646	0.02214	0.06659	0.02417	0.03019	0.05930	0.01037	0.00821	0.00258	0.00923	0.05169	0.06764	0.01068
25	0.01099	0.00800	0.01057	0.01211	0.01336	0.00758	0.00921	0.01336	0.01728	0.02265	0.08119	0.40446	0.11738	0.02344	0.01051	0.00334	0.00550	0.21452	0.00759	0.00696
26	0.01842	0.01802	0.03159	0.25094	0.32096	0.01915	0.12351	0.02508	0.06379	0.02512	0.01648	0.02162	0.01298	0.00772	0.00833	0.00258	0.01045	0.00775	0.00421	0.01131
27	0.01641	0.14124	0.45349	0.02123	0.06001	0.01926	0.02411	0.02349	0.01701	0.02408	0.01983	0.08400	0.04259	0.00978	0.00767	0.00251	0.01034	0.00788	0.00402	0.01106
28	0.02031	0.02129	0.06199	0.07376	0.57166	0.05833	0.02450	0.02521	0.01859	0.02584	0.01503	0.01969	0.01251	0.00736	0.00798	0.00241	0.01009	0.00705	0.00398	0.01245
29	0.01007	0.00738	0.00949	0.01098	0.01190	0.00680	0.00760	0.01180	0.01647	0.02166	0.08271	0.56341	0.13593	0.02416	0.01025	0.00320	0.00470	0.04716	0.00761	0.00672
30	0.01650	0.04065	0.63543	0.02468	0.07185	0.01887	0.02968	0.02565	0.01721	0.02574	0.01460	0.01730	0.01043	0.00768	0.00773	0.00256	0.01185	0.00607	0.00346	0.01204
31	0.14425	0.01829	0.06531	0.01943	0.09815	0.01744	0.01482	0.16351	0.07570	0.16848	0.02335	0.02731	0.01788	0.01010	0.00771	0.00257	0.00776	0.05462	0.05153	0.01182
32	0.01396	0.00931	0.01134	0.01080	0.01332	0.00864	0.00809	0.01828	0.06629	0.09363	0.30897	0.16591	0.20450	0.01792	0.00946	0.00273	0.00455	0.01558	0.00843	0.00830
33	0.19364	0.01199	0.01160	0.01074	0.01448	0.01235	0.00837	0.02189	0.13908	0.05442	0.08098	0.05064	0.33063	0.01502	0.00819	0.00267	0.00517	0.01210	0.00724	0.00878
34	0.32132	0.01697	0.05352	0.05277	0.02072	0.01723	0.01226	0.13239	0.02040	0.08961	0.06965	0.02683	0.08539	0.01051	0.00790	0.00258	0.03590	0.00771	0.00632	0.01003
35	0.37546	0.01458	0.01401	0.05250	0.01852	0.01618	0.01017	0.10785	0.03872	0.06858	0.02292	0.05283	0.06109	0.01007	0.00655	0.00249	0.00640	0.00745	0.10412	0.00950

[dist]
# distance from previous block
# <min> <max>
6	8

[block]
# block no. 9 follows, 23 sequences, length 33
# corresponding to MSA columns:
# 567-599
name=unknown_J
#
# <colnr> <probs for GDERKNQSTAVLIFYWHMCP>
#	G	D	E	R	K	N	Q	S	T	A	V	L	I	F	Y	W	H	M	C	P
0	0.02048	0.47306	0.23668	0.01713	0.02548	0.06308	0.01897	0.02517	0.01704	0.02118	0.01237	0.01438	0.01037	0.00726	0.00610	0.00201	0.01003	0.00490	0.00350	0.01085
1	0.01180	0.00787	0.00885	0.00885	0.00885	0.00787	0.00492	0.01180	0.01180	0.01573	0.02557	0.05310	0.02950	0.71483	0.04130	0.00787	0.00787	0.01180	0.00492	0.00492
2	0.03085	0.03980	0.05511	0.04968	0.02270	0.01356	0.01330	0.06841	0.02241	0.48144	0.02995	0.09121	0.02161	0.01117	0.00824	0.00257	0.00735	0.00924	0.00877	0.01265
3	0.01183	0.00992	0.01341	0.01183	0.01477	0.00910	0.06234	0.01618	0.05289	0.02772	0.33663	0.06276	0.30572	0.01706	0.00951	0.00265	0.00494	0.01494	0.00791	0.00788
4	0.01815	0.01406	0.01669	0.01212	0.01899	0.01075	0.00970	0.02173	0.01766	0.07902	0.04851	0.01992	0.01594	0.00687	0.00636	0.00138	0.00597	0.00558	0.00544	0.66517
5	0.77215	0.01569	0.01193	0.01067	0.01569	0.01820	0.00879	0.02385	0.01381	0.03641	0.01130	0.01318	0.00879	0.00753	0.00502	0.00251	0.00628	0.00439	0.00502	0.00879
6	0.01803	0.01719	0.02923	0.32769	0.40235	0.01874	0.02388	0.02311	0.01751	0.02402	0.01490	0.02075	0.01198	0.00761	0.00807	0.00254	0.01015	0.00722	0.00384	0.01120
7	0.02638	0.02110	0.02193	0.05535	0.02483	0.08249	0.01466	0.32958	0.12591	0.07116	0.02078	0.02141	0.01534	0.00974	0.00886	0.00244	0.04648	0.00729	0.03701	0.05725
8	0.02146	0.01758	0.02069	0.01916	0.05385	0.01890	0.04248	0.03811	0.46037	0.06463	0.06387	0.05831	0.02781	0.01223	0.00903	0.00296	0.00728	0.01013	0.00827	0.04286
9	0.00987	0.00713	0.00935	0.01112	0.01172	0.00661	0.00745	0.01132	0.01570	0.02078	0.04684	0.67380	0.08804	0.02515	0.01031	0.00326	0.00467	0.02273	0.00753	0.00661
10	0.01818	0.01635	0.02590	0.36345	0.16075	0.01849	0.05493	0.08968	0.05406	0.02647	0.01890	0.02805	0.01569	0.00953	0.00847	0.00272	0.01000	0.06314	0.00481	0.01043
11	0.01702	0.00939	0.00959	0.00890	0.01135	0.00969	0.00685	0.09358	0.01957	0.03277	0.02563	0.02895	0.01995	0.00949	0.00597	0.00196	0.00440	0.00753	0.66908	0.00832
12	0.01121	0.00831	0.01051	0.01038	0.01235	0.00761	0.00791	0.01457	0.02131	0.02913	0.45988	0.10547	0.17639	0.01839	0.00978	0.00275	0.00429	0.07386	0.00846	0.00743
13	0.01676	0.08131	0.60101	0.02318	0.03466	0.01973	0.06209	0.02563	0.01720	0.02532	0.01447	0.01715	0.01040	0.00762	0.00766	0.00253	0.01189	0.00609	0.00347	0.01184
14	0.02169	0.71972	0.04252	0.01388	0.02083	0.03211	0.01388	0.02430	0.01649	0.01909	0.01128	0.01302	0.01041	0.00694	0.00521	0.00174	0.00868	0.00434	0.00347	0.01041
15	0.03641	0.01381	0.01883	0.01444	0.02071	0.01193	0.01193	0.03954	0.02322	0.66984	0.03201	0.02762	0.02009	0.01004	0.00816	0.00251	0.00690	0.00816	0.01004	0.01381
16	0.00980	0.00823	0.00851	0.00844	0.01109	0.00694	0.00633	0.01205	0.01898	0.02308	0.14533	0.07618	0.59707	0.02012	0.00959	0.00272	0.00408	0.01686	0.00769	0.00694
17	0.02675	0.27552	0.05672	0.01842	0.02402	0.39140	0.01563	0.06301	0.02133	0.02158	0.01257	0.01444	0.01062	0.00792	0.00664	0.00201	0.01213	0.00506	0.00412	0.01011
18	0.03031	0.03867	0.02299	0.02090	0.02508	0.68226	0.01568	0.03240	0.02299	0.01986	0.01254	0.01463	0.01045	0.00836	0.00732	0.00209	0.01463	0.00523	0.00418	0.00941
19	0.03030	0.02246	0.02404	0.01856	0.02496	0.02491	0.01529	0.60676	0.06944	0.05026	0.02017	0.02003	0.01436	0.00981	0.00812	0.00245	0.00880	0.00740	0.00812	0.01375
20	0.03641	0.01381	0.01883	0.01444	0.02071	0.01193	0.01193	0.03954	0.02322	0.66984	0.03201	0.02762	0.02009	0.01004	0.00816	0.00251	0.00690	0.00816	0.01004	0.01381
21	0.01179	0.00792	0.00912	0.00912	0.00921	0.00801	0.00525	0.01197	0.01188	0.01593	0.02532	0.05174	0.02891	0.67286	0.08247	0.00820	0.00876	0.01160	0.00488	0.00507
22	0.01978	0.01682	0.01780	0.01592	0.02039	0.01919	0.01240	0.06950	0.55945	0.03413	0.06388	0.03350	0.05782	0.01167	0.00838	0.00273	0.00631	0.00973	0.00825	0.01236
23	0.01053	0.00779	0.00892	0.00939	0.01054	0.00717	0.00621	0.01184	0.01574	0.02020	0.09017	0.23888	0.24780	0.25454	0.02043	0.00460	0.00551	0.01678	0.00675	0.00618
24	0.00989	0.00706	0.00942	0.01130	0.01177	0.00659	0.00753	0.01130	0.01554	0.02071	0.04472	0.70954	0.05367	0.02542	0.01036	0.00330	0.00471	0.02307	0.00753	0.00659
25	0.01006	0.00718	0.00961	0.01150	0.01204	0.00674	0.00783	0.01160	0.01570	0.02091	0.04463	0.67619	0.05329	0.02526	0.01040	0.00332	0.00486	0.05471	0.00753	0.00664
26	0.00996	0.00709	0.00939	0.01120	0.01165	0.00664	0.00743	0.01132	0.01539	0.02051	0.04396	0.68330	0.05270	0.05297	0.01159	0.00348	0.00483	0.02262	0.00743	0.00652
27	0.02184	0.01825	0.01928	0.01685	0.02173	0.02096	0.01324	0.13557	0.55440	0.03662	0.03092	0.02859	0.02306	0.01081	0.00823	0.00270	0.00681	0.00888	0.00823	0.01299
28	0.01705	0.01601	0.02660	0.44403	0.08015	0.01888	0.09164	0.04625	0.04931	0.02378	0.01602	0.02198	0.01231	0.00865	0.00961	0.00272	0.06356	0.00759	0.03411	0.00976
29	0.03031	0.03867	0.02299	0.02090	0.02508	0.68226	0.01568	0.03240	0.02299	0.01986	0.01254	0.01463	0.01045	0.00836	0.00732	0.00209	0.01463	0.00523	0.00418	0.00941
30	0.01179	0.00791	0.00908	0.00908	0.00916	0.00799	0.00521	0.01195	0.01187	0.01591	0.02535	0.05192	0.02899	0.67838	0.07705	0.00816	0.00864	0.01163	0.00488	0.00505
31	0.02780	0.07775	0.02538	0.02399	0.11096	0.48068	0.01663	0.05979	0.06006	0.02301	0.01438	0.01643	0.01178	0.00834	0.00737	0.00217	0.01282	0.00577	0.00454	0.01035
32	0.02364	0.02064	0.02120	0.09547	0.02664	0.08489	0.01497	0.20931	0.34199	0.03599	0.02505	0.02470	0.01866	0.01006	0.00811	0.00259	0.00843	0.00804	0.00729	0.01235

[dist]
# distance from previous block
# <min> <max>
0	1

[block]
# block no. 10 follows, 23 sequences, length 51
# corresponding to MSA columns:
# 601-651
