[name]
unknown

[dist]
# distance from previous block
# <min> <max>
0	1190

[block]
# block no. 0 follows, 23 sequences, length 7
# corresponding to MSA columns:
# 1192-1198
name=unknown_A
#
# <colnr> <probs for GDERKNQSTAVLIFYWHMCP>
#	G	D	E	R	K	N	Q	S	T	A	V	L	I	F	Y	W	H	M	C	P
0	0.02342	0.02137	0.02949	0.02302	0.02775	0.05278	0.16097	0.24048	0.07198	0.03326	0.01689	0.02014	0.01321	0.01041	0.01387	0.00284	0.21319	0.00783	0.00567	0.01142
1	0.01174	0.00811	0.01008	0.01008	0.01051	0.00854	0.00645	0.01259	0.01216	0.01665	0.02444	0.04686	0.02679	0.52264	0.22979	0.00939	0.01194	0.01089	0.00475	0.00560
2	0.01674	0.02061	0.17006	0.01704	0.02244	0.01692	0.01606	0.03062	0.31439	0.02757	0.02538	0.02767	0.02006	0.02489	0.20633	0.00573	0.01223	0.00829	0.00598	0.01100
3	0.34215	0.02070	0.19212	0.01394	0.01995	0.01528	0.01424	0.02185	0.01741	0.03234	0.20281	0.02820	0.02911	0.01024	0.00709	0.00254	0.00712	0.00785	0.00574	0.00933
4	0.01630	0.01622	0.02975	0.02232	0.02842	0.01441	0.30414	0.02092	0.01762	0.02489	0.02246	0.18145	0.02191	0.01095	0.00871	0.00242	0.00932	0.01133	0.00511	0.23136
5	0.00967	0.00789	0.00856	0.00909	0.01119	0.00678	0.00655	0.01155	0.01765	0.02158	0.07156	0.25744	0.48845	0.02193	0.00981	0.00290	0.00428	0.01881	0.00753	0.00678
6	0.02399	0.02009	0.02765	0.02035	0.02746	0.01986	0.15876	0.31278	0.02743	0.03799	0.01728	0.01926	0.01293	0.00796	0.00784	0.00214	0.00918	0.00710	0.00620	0.23373

[dist]
# distance from previous block
# <min> <max>
0	2

[block]
# block no. 1 follows, 23 sequences, length 28
# corresponding to MSA columns:
# 1201-1228
name=unknown_B
#
# <colnr> <probs for GDERKNQSTAVLIFYWHMCP>
#	G	D	E	R	K	N	Q	S	T	A	V	L	I	F	Y	W	H	M	C	P
0	0.01900	0.02507	0.21633	0.02391	0.13002	0.01964	0.01993	0.03494	0.35777	0.03027	0.02461	0.02469	0.01850	0.00941	0.00806	0.00264	0.00861	0.00791	0.00612	0.01259
1	0.01700	0.01584	0.02654	0.23647	0.37615	0.01684	0.02137	0.02144	0.01732	0.02384	0.01981	0.13282	0.01889	0.01046	0.00844	0.00264	0.00919	0.00980	0.00447	0.01069
2	0.02081	0.60935	0.14516	0.01539	0.02315	0.02995	0.01651	0.02453	0.01659	0.02017	0.01182	0.01369	0.01039	0.00707	0.00561	0.00187	0.00922	0.00461	0.00346	0.01067
3	0.01382	0.01132	0.01273	0.01275	0.01578	0.01160	0.01027	0.02263	0.20717	0.02624	0.05551	0.06791	0.28306	0.01827	0.00969	0.00305	0.00583	0.19583	0.00773	0.00883
4	0.00984	0.00725	0.00922	0.01080	0.01164	0.00663	0.00731	0.01135	0.01602	0.02091	0.05083	0.60671	0.15255	0.02463	0.01023	0.00320	0.00461	0.02210	0.00753	0.00663
5	0.01289	0.01090	0.01625	0.02231	0.20665	0.01043	0.01250	0.01542	0.01690	0.02264	0.04202	0.40064	0.14036	0.01919	0.00954	0.00294	0.00608	0.01737	0.00648	0.00850
6	0.01777	0.03197	0.37944	0.02536	0.03501	0.01956	0.20795	0.02862	0.12072	0.02713	0.01812	0.02069	0.01325	0.00799	0.00836	0.00265	0.01159	0.00758	0.00442	0.01182
7	0.37548	0.01659	0.02306	0.01832	0.02364	0.01745	0.19610	0.06173	0.01725	0.03168	0.01879	0.12958	0.01747	0.01038	0.00745	0.00270	0.00840	0.00917	0.00535	0.00940
8	0.01984	0.01229	0.01504	0.01280	0.01645	0.01216	0.01007	0.12297	0.06865	0.15346	0.39639	0.04573	0.05233	0.01388	0.00898	0.00254	0.00541	0.01189	0.00896	0.01015
9	0.01979	0.03206	0.37595	0.03038	0.22153	0.02000	0.02609	0.12503	0.02096	0.03008	0.01557	0.01840	0.01162	0.00790	0.00787	0.00250	0.01079	0.00658	0.00437	0.01254
10	0.01632	0.02969	0.37333	0.02867	0.21921	0.01702	0.02458	0.02317	0.01776	0.02532	0.02579	0.02794	0.11700	0.00966	0.00811	0.00255	0.01001	0.00818	0.00427	0.01141
11	0.01503	0.01355	0.01349	0.01337	0.01563	0.11801	0.01058	0.01854	0.02169	0.02801	0.37011	0.06237	0.05687	0.01699	0.00969	0.00283	0.00668	0.19095	0.00772	0.00789
12	0.42642	0.02324	0.21057	0.01501	0.02232	0.01737	0.01563	0.02696	0.01634	0.13635	0.01565	0.01671	0.01107	0.00799	0.00634	0.00253	0.00809	0.00549	0.00536	0.01056
13	0.02007	0.51715	0.23090	0.01665	0.02510	0.02814	0.01869	0.02472	0.01668	0.02107	0.01226	0.01425	0.01037	0.00717	0.00595	0.00198	0.00967	0.00483	0.00346	0.01088
14	0.02902	0.01195	0.01634	0.01337	0.01770	0.01083	0.01051	0.03104	0.04711	0.44575	0.02670	0.02685	0.01850	0.01551	0.01520	0.23010	0.00693	0.00787	0.00802	0.01069
15	0.03096	0.01635	0.02361	0.02544	0.21350	0.01547	0.01616	0.09597	0.02332	0.41460	0.02573	0.02454	0.01728	0.00917	0.00812	0.00247	0.00793	0.00779	0.00805	0.01352
16	0.02056	0.01910	0.02756	0.02194	0.02773	0.02060	0.19889	0.07605	0.42198	0.03267	0.02719	0.02708	0.02034	0.00968	0.00864	0.00273	0.00875	0.00917	0.00701	0.01234
17	0.01780	0.03503	0.46430	0.02615	0.03682	0.01912	0.21014	0.02624	0.01794	0.04717	0.01570	0.01890	0.01121	0.00753	0.00828	0.00262	0.01233	0.00714	0.00385	0.01174
18	0.01036	0.00743	0.00984	0.01097	0.01187	0.00691	0.00757	0.01250	0.01776	0.02425	0.22860	0.51558	0.06051	0.02278	0.01012	0.00307	0.00444	0.02056	0.00795	0.00691
19	0.01578	0.01656	0.03083	0.02453	0.05651	0.01639	0.31453	0.02023	0.01791	0.02374	0.03640	0.06545	0.20763	0.01265	0.01177	0.00285	0.09975	0.01194	0.00519	0.00936
20	0.01408	0.01102	0.01311	0.01225	0.01492	0.01142	0.00935	0.02355	0.20992	0.03239	0.43791	0.07107	0.05960	0.01533	0.00925	0.00267	0.00473	0.02960	0.00865	0.00917
21	0.02766	0.02114	0.02256	0.01803	0.02395	0.02367	0.01465	0.45961	0.22089	0.04600	0.02353	0.02271	0.01708	0.01012	0.00816	0.00253	0.00818	0.00786	0.00816	0.01351
22	0.02384	0.02747	0.01938	0.01823	0.04110	0.41408	0.01333	0.05065	0.02345	0.02547	0.22500	0.03006	0.03232	0.01108	0.00811	0.00227	0.01071	0.00847	0.00589	0.00912
23	0.02763	0.02170	0.02692	0.02798	0.21617	0.02340	0.01826	0.45416	0.03227	0.04378	0.01822	0.01966	0.01352	0.00899	0.00809	0.00243	0.00914	0.00728	0.00689	0.01352
24	0.02133	0.02323	0.02670	0.28649	0.24200	0.21696	0.02125	0.02556	0.01897	0.02233	0.01413	0.01904	0.01136	0.00790	0.00785	0.00243	0.01158	0.00662	0.00391	0.01036
25	0.01084	0.00774	0.01051	0.01239	0.01328	0.00741	0.00919	0.01295	0.01647	0.02178	0.04420	0.52482	0.05158	0.02452	0.01061	0.00343	0.00553	0.19838	0.00751	0.00685
26	0.02436	0.01892	0.09320	0.02178	0.02842	0.01575	0.21899	0.03020	0.04827	0.26589	0.06995	0.04470	0.02195	0.01008	0.00943	0.00269	0.03234	0.02447	0.00692	0.01170
27	0.01795	0.10102	0.26857	0.02418	0.03118	0.02242	0.16457	0.02377	0.01613	0.02323	0.01348	0.01799	0.01087	0.00937	0.01353	0.00281	0.21767	0.00698	0.00362	0.01065

[dist]
# distance from previous block
# <min> <max>
3	10

[block]
# block no. 2 follows, 23 sequences, length 9
# corresponding to MSA columns:
# 1239-1247
name=unknown_C
#
# <colnr> <probs for GDERKNQSTAVLIFYWHMCP>
#	G	D	E	R	K	N	Q	S	T	A	V	L	I	F	Y	W	H	M	C	P
0	0.01510	0.03555	0.55077	0.02095	0.03082	0.01659	0.02585	0.02305	0.01684	0.02478	0.02011	0.14449	0.01826	0.01097	0.00820	0.00270	0.01065	0.00914	0.00418	0.01100
1	0.01377	0.01157	0.01940	0.01676	0.01931	0.01261	0.12486	0.01730	0.01482	0.02179	0.02237	0.08492	0.02088	0.03782	0.36601	0.00818	0.07069	0.00978	0.09910	0.00804
2	0.01841	0.30867	0.42477	0.01949	0.02949	0.02406	0.02365	0.02515	0.01688	0.02310	0.01327	0.01551	0.01033	0.00741	0.00672	0.00224	0.01069	0.00534	0.00344	0.01137
3	0.01589	0.01989	0.14432	0.51814	0.10253	0.01828	0.02410	0.02199	0.01658	0.02212	0.01452	0.02068	0.01089	0.00797	0.00803	0.00266	0.01094	0.00699	0.00361	0.00988
4	0.01027	0.00706	0.00952	0.01123	0.01166	0.00663	0.00749	0.01123	0.01509	0.02012	0.04196	0.64775	0.05010	0.02567	0.01228	0.07192	0.00492	0.02162	0.00717	0.00631
5	0.01621	0.01527	0.02489	0.30503	0.29633	0.01648	0.02049	0.02077	0.01756	0.02331	0.02723	0.03138	0.13123	0.01004	0.00835	0.00259	0.00910	0.00904	0.00450	0.01019
6	0.01888	0.01805	0.03076	0.21349	0.50997	0.01896	0.02430	0.02385	0.01791	0.02504	0.01505	0.02048	0.01234	0.00745	0.00805	0.00248	0.00994	0.00723	0.00391	0.01188
7	0.01022	0.00803	0.01022	0.06485	0.01502	0.00759	0.00828	0.01216	0.01656	0.02111	0.05455	0.44843	0.24859	0.02245	0.00993	0.00307	0.00500	0.01986	0.00722	0.00687
8	0.02019	0.02222	0.02978	0.02417	0.02674	0.13465	0.15774	0.02317	0.01574	0.02105	0.01228	0.01817	0.01100	0.01154	0.01950	0.00312	0.42839	0.00735	0.00378	0.00944

[dist]
# distance from previous block
# <min> <max>
0	4

[block]
# block no. 3 follows, 23 sequences, length 22
# corresponding to MSA columns:
# 1252-1273
name=unknown_D
#
# <colnr> <probs for GDERKNQSTAVLIFYWHMCP>
#	G	D	E	R	K	N	Q	S	T	A	V	L	I	F	Y	W	H	M	C	P
0	0.22353	0.03477	0.49158	0.01971	0.02979	0.01867	0.02417	0.02519	0.01622	0.02863	0.01367	0.01605	0.00987	0.00766	0.00697	0.00255	0.01042	0.00556	0.00386	0.01111
1	0.01942	0.01958	0.03630	0.10037	0.44204	0.01951	0.19192	0.02485	0.01847	0.02588	0.01551	0.02071	0.01253	0.00720	0.00846	0.00252	0.01085	0.00787	0.00401	0.01200
2	0.01063	0.00835	0.01034	0.01109	0.01211	0.00831	0.00780	0.01213	0.01577	0.02052	0.05049	0.42214	0.21448	0.08171	0.01415	0.00355	0.06359	0.01913	0.00697	0.00671
3	0.02027	0.03670	0.49499	0.02191	0.03239	0.02058	0.02599	0.19336	0.02289	0.03267	0.01591	0.01778	0.01124	0.00827	0.00782	0.00253	0.01115	0.00636	0.00471	0.01249
4	0.03641	0.01381	0.01883	0.01444	0.02071	0.01193	0.01193	0.03954	0.02322	0.66984	0.03201	0.02762	0.02009	0.01004	0.00816	0.00251	0.00690	0.00816	0.01004	0.01381
5	0.02980	0.21150	0.02788	0.01625	0.02281	0.02359	0.01408	0.31216	0.02829	0.20484	0.02052	0.01985	0.01452	0.00905	0.00733	0.00226	0.00833	0.00672	0.00735	0.01287
6	0.02027	0.03670	0.49499	0.02191	0.03239	0.02058	0.02599	0.19336	0.02289	0.03267	0.01591	0.01778	0.01124	0.00827	0.00782	0.00253	0.01115	0.00636	0.00471	0.01249
7	0.01295	0.20317	0.01777	0.01015	0.01376	0.01374	0.00845	0.01507	0.01758	0.02100	0.05818	0.13738	0.40838	0.01741	0.00848	0.00253	0.00544	0.01434	0.00642	0.00780
8	0.01805	0.01796	0.03682	0.02690	0.03337	0.01697	0.46226	0.02405	0.01857	0.02716	0.01917	0.02418	0.01464	0.00756	0.00851	0.00250	0.01097	0.00902	0.21133	0.01002
9	0.01876	0.01672	0.01521	0.01325	0.01711	0.11204	0.01033	0.18676	0.02520	0.03116	0.13787	0.05010	0.30298	0.01521	0.00885	0.00253	0.00695	0.01232	0.00740	0.00925
10	0.02303	0.02023	0.03058	0.04127	0.48899	0.02089	0.02230	0.19278	0.02387	0.03326	0.01642	0.01992	0.01311	0.00792	0.00806	0.00242	0.00944	0.00725	0.00514	0.01311
11	0.01982	0.02020	0.03860	0.12922	0.21338	0.02021	0.33208	0.07456	0.02010	0.02744	0.01607	0.02116	0.01237	0.00736	0.00883	0.00262	0.01179	0.00842	0.00434	0.01143
12	0.01582	0.01656	0.03407	0.02597	0.03140	0.01552	0.40948	0.02071	0.01785	0.02410	0.02658	0.26886	0.02716	0.01351	0.00986	0.00294	0.01046	0.01442	0.00534	0.00938
13	0.03085	0.02273	0.02435	0.01867	0.02516	0.02516	0.01542	0.63716	0.03815	0.05114	0.01948	0.01948	0.01380	0.00974	0.00812	0.00244	0.00893	0.00731	0.00812	0.01380
14	0.02239	0.01346	0.03472	0.01369	0.01794	0.01247	0.01119	0.10023	0.07733	0.23133	0.25587	0.08229	0.04267	0.01376	0.00890	0.00263	0.00604	0.03346	0.00882	0.01080
15	0.01790	0.22685	0.47015	0.02112	0.03155	0.02256	0.05443	0.02533	0.01705	0.02390	0.01375	0.01623	0.01041	0.00746	0.00711	0.00235	0.01116	0.00571	0.00347	0.01151
16	0.01159	0.00869	0.01304	0.01304	0.01449	0.01014	0.01014	0.01449	0.01304	0.01884	0.02173	0.03188	0.02029	0.06086	0.68268	0.01304	0.02173	0.00869	0.00435	0.00724
17	0.02110	0.01425	0.02283	0.50863	0.04624	0.01635	0.01963	0.02589	0.01814	0.19871	0.01925	0.02327	0.01336	0.00864	0.00813	0.00265	0.00974	0.00747	0.00537	0.01033
18	0.02033	0.01780	0.02025	0.20273	0.03072	0.06777	0.01568	0.07849	0.31329	0.05238	0.02731	0.03010	0.03935	0.01070	0.00831	0.00270	0.00842	0.03578	0.00667	0.01122
19	0.01032	0.00773	0.01011	0.01142	0.01216	0.00751	0.00789	0.01196	0.01612	0.02151	0.08536	0.58322	0.10475	0.02394	0.01098	0.00321	0.03629	0.02130	0.00744	0.00678
20	0.01000	0.00752	0.00932	0.01068	0.01186	0.00683	0.00750	0.01174	0.01654	0.02127	0.05489	0.49795	0.21974	0.02390	0.01020	0.00317	0.00472	0.05793	0.00753	0.00672
21	0.01915	0.02189	0.04788	0.03420	0.04241	0.02052	0.63475	0.02599	0.01915	0.02599	0.01642	0.02189	0.01231	0.00684	0.00958	0.00274	0.01368	0.00958	0.00410	0.01094

[dist]
# distance from previous block
# <min> <max>
0	6

[block]
# block no. 4 follows, 23 sequences, length 28
# corresponding to MSA columns:
# 1280-1307
name=unknown_E
#
# <colnr> <probs for GDERKNQSTAVLIFYWHMCP>
#	G	D	E	R	K	N	Q	S	T	A	V	L	I	F	Y	W	H	M	C	P
0	0.01886	0.02131	0.04607	0.08500	0.04344	0.02033	0.58771	0.02559	0.01893	0.02559	0.01626	0.02187	0.01220	0.00694	0.00946	0.00273	0.01346	0.00939	0.00407	0.01080
1	0.01988	0.01907	0.03256	0.07793	0.63771	0.01922	0.02480	0.02472	0.01838	0.02626	0.01523	0.02015	0.01276	0.00727	0.00804	0.00242	0.00969	0.00723	0.00400	0.01269
2	0.01857	0.38801	0.29753	0.01746	0.02597	0.02473	0.01997	0.02387	0.01668	0.02191	0.01519	0.06821	0.01368	0.00868	0.00662	0.00220	0.00973	0.00645	0.00376	0.01076
3	0.01340	0.00872	0.01146	0.01053	0.01278	0.00798	0.00798	0.01717	0.02299	0.08151	0.61169	0.05808	0.07222	0.01609	0.00946	0.00255	0.00406	0.01417	0.00902	0.00813
4	0.01654	0.07564	0.64148	0.02267	0.03441	0.01950	0.02918	0.02563	0.01710	0.02537	0.01440	0.01693	0.01029	0.00767	0.00758	0.00253	0.01183	0.00591	0.00343	0.01191
5	0.00959	0.00822	0.00822	0.00822	0.01096	0.00685	0.00617	0.01165	0.01850	0.02192	0.08220	0.07809	0.66092	0.02055	0.00959	0.00274	0.00411	0.01713	0.00754	0.00685
6	0.03082	0.02358	0.02428	0.01879	0.02516	0.06033	0.01544	0.60479	0.03734	0.04946	0.01911	0.01922	0.01362	0.00967	0.00807	0.00242	0.00923	0.00719	0.00791	0.01356
7	0.01775	0.01775	0.02485	0.02130	0.02130	0.02485	0.01775	0.01953	0.01243	0.01953	0.01065	0.01775	0.01065	0.01420	0.02663	0.00355	0.69998	0.00710	0.00355	0.00888
8	0.01007	0.00714	0.00936	0.01106	0.01148	0.00672	0.00727	0.01135	0.01517	0.02022	0.04284	0.64489	0.05129	0.09332	0.01340	0.00375	0.00502	0.02196	0.00727	0.00643
9	0.02008	0.01928	0.03294	0.04981	0.66422	0.01928	0.02490	0.02490	0.01848	0.02651	0.01526	0.02008	0.01285	0.00723	0.00803	0.00241	0.00964	0.00723	0.00402	0.01285
10	0.03641	0.01381	0.01883	0.01444	0.02071	0.01193	0.01193	0.03954	0.02322	0.66984	0.03201	0.02762	0.02009	0.01004	0.00816	0.00251	0.00690	0.00816	0.01004	0.01381
11	0.01532	0.01442	0.02434	0.69533	0.05589	0.01803	0.02253	0.02073	0.01622	0.02073	0.01442	0.02163	0.01082	0.00811	0.00811	0.00270	0.01082	0.00721	0.00361	0.00901
12	0.01908	0.02167	0.04666	0.03352	0.04129	0.02075	0.60206	0.02565	0.01880	0.02565	0.01611	0.02167	0.01222	0.00723	0.01048	0.00278	0.05004	0.00944	0.00407	0.01083
13	0.07025	0.02599	0.02338	0.01875	0.02464	0.17454	0.01513	0.46664	0.03340	0.04322	0.01746	0.01804	0.01277	0.00931	0.00777	0.00236	0.01009	0.00668	0.00706	0.01253
14	0.53149	0.01625	0.01431	0.01235	0.01745	0.01841	0.01007	0.09182	0.09269	0.07856	0.01659	0.01738	0.01235	0.00841	0.00596	0.00251	0.00653	0.00562	0.03116	0.01008
15	0.00989	0.00706	0.00942	0.01130	0.01177	0.00659	0.00753	0.01130	0.01554	0.02071	0.04472	0.70954	0.05367	0.02542	0.01036	0.00330	0.00471	0.02307	0.00753	0.00659
16	0.01919	0.02177	0.04721	0.03490	0.07023	0.02046	0.60746	0.02594	0.01912	0.02601	0.01636	0.02181	0.01234	0.00686	0.00951	0.00272	0.01350	0.00947	0.00410	0.01103
17	0.01685	0.11432	0.60551	0.02214	0.03359	0.02026	0.02826	0.02555	0.01706	0.02499	0.01421	0.01669	0.01029	0.00763	0.00744	0.00248	0.01164	0.00582	0.00343	0.01182
18	0.01654	0.07552	0.64159	0.02267	0.03441	0.01950	0.02918	0.02563	0.01710	0.02537	0.01440	0.01693	0.01029	0.00767	0.00759	0.00253	0.01183	0.00591	0.00343	0.01191
19	0.01152	0.00837	0.01092	0.01070	0.01260	0.00778	0.00821	0.01516	0.02197	0.03059	0.53518	0.08726	0.10340	0.01779	0.00979	0.00273	0.00430	0.08552	0.00864	0.00756
20	0.01903	0.02153	0.04588	0.03308	0.04057	0.02090	0.58111	0.02543	0.01857	0.02543	0.01591	0.02153	0.01217	0.00748	0.01106	0.00281	0.07334	0.00936	0.00406	0.01076
21	0.02097	0.02096	0.03207	0.04730	0.60888	0.07669	0.02410	0.02555	0.01887	0.02593	0.01503	0.01961	0.01265	0.00733	0.00797	0.00238	0.01007	0.00706	0.00403	0.01255
22	0.01002	0.00712	0.00938	0.01113	0.01157	0.00668	0.00735	0.01133	0.01528	0.02037	0.04342	0.66479	0.05202	0.07242	0.01247	0.00361	0.00492	0.02230	0.00735	0.00648
23	0.01811	0.02153	0.08319	0.18032	0.04493	0.01986	0.45954	0.02480	0.01837	0.02480	0.01585	0.02152	0.01185	0.00718	0.00913	0.00272	0.01293	0.00882	0.00395	0.01058
24	0.01775	0.01664	0.02754	0.19883	0.03439	0.01889	0.16447	0.09363	0.01883	0.02556	0.02018	0.11160	0.01893	0.01220	0.01259	0.00298	0.14689	0.04351	0.00496	0.00962
25	0.03054	0.02190	0.02404	0.04514	0.02613	0.02414	0.01551	0.57935	0.03645	0.08460	0.01998	0.02002	0.01403	0.00969	0.00812	0.00245	0.00889	0.00735	0.00805	0.01361
26	0.03127	0.06269	0.02025	0.01474	0.02058	0.01509	0.01217	0.06820	0.12438	0.46013	0.06121	0.02827	0.02266	0.01030	0.00804	0.00249	0.00690	0.00834	0.00915	0.01312
27	0.01866	0.02035	0.04191	0.03376	0.12003	0.01976	0.47248	0.02470	0.01889	0.02609	0.05976	0.02402	0.01665	0.00803	0.01048	0.00273	0.05700	0.00946	0.00439	0.01083

[dist]
# distance from previous block
# <min> <max>
18	37

[block]
# block no. 5 follows, 23 sequences, length 6
# corresponding to MSA columns:
# 1352-1357
name=unknown_F
#
# <colnr> <probs for GDERKNQSTAVLIFYWHMCP>
#	G	D	E	R	K	N	Q	S	T	A	V	L	I	F	Y	W	H	M	C	P
0	0.01940	0.02050	0.02461	0.02125	0.02180	0.11112	0.01748	0.02122	0.01381	0.01957	0.01090	0.01734	0.01063	0.01344	0.02409	0.00336	0.61005	0.00685	0.00363	0.00895
1	0.01773	0.02062	0.08763	0.12874	0.03576	0.02053	0.25758	0.02280	0.01635	0.02327	0.01408	0.01982	0.01139	0.00923	0.01399	0.00284	0.21674	0.00780	0.00386	0.06923
2	0.59006	0.10714	0.01670	0.01152	0.01694	0.01929	0.00981	0.02571	0.01524	0.10680	0.01367	0.01482	0.01030	0.00774	0.00541	0.00241	0.00666	0.00482	0.00540	0.00958
3	0.01180	0.00787	0.00885	0.00885	0.00885	0.00787	0.00492	0.01180	0.01180	0.01573	0.02557	0.05310	0.02950	0.71483	0.04130	0.00787	0.00787	0.01180	0.00492	0.00492
4	0.01814	0.01890	0.03124	0.02488	0.02716	0.02365	0.18888	0.02132	0.01429	0.02132	0.01225	0.01890	0.01111	0.01216	0.02190	0.00332	0.50963	0.00779	0.00370	0.00945
5	0.46891	0.01747	0.01697	0.10202	0.02354	0.02010	0.01241	0.19280	0.02085	0.03843	0.01396	0.01602	0.01044	0.00822	0.00628	0.00252	0.00760	0.00556	0.00569	0.01020

[dist]
# distance from previous block
# <min> <max>
0	1

[block]
# block no. 6 follows, 23 sequences, length 37
# corresponding to MSA columns:
# 1359-1395
name=unknown_G
#
# <colnr> <probs for GDERKNQSTAVLIFYWHMCP>
#	G	D	E	R	K	N	Q	S	T	A	V	L	I	F	Y	W	H	M	C	P
0	0.02144	0.68817	0.07185	0.01431	0.02149	0.03149	0.01463	0.02436	0.01652	0.01940	0.01143	0.01321	0.01041	0.00698	0.00532	0.00177	0.00883	0.00442	0.00347	0.01049
1	0.01721	0.15853	0.56440	0.02154	0.03266	0.02113	0.02721	0.02546	0.01702	0.02456	0.01400	0.01642	0.01030	0.00758	0.00728	0.00243	0.01142	0.00571	0.00343	0.01172
2	0.01224	0.00884	0.01195	0.01296	0.01481	0.00855	0.01077	0.01579	0.01981	0.02648	0.23294	0.11396	0.08858	0.02070	0.01058	0.00330	0.00604	0.36633	0.00792	0.00745
3	0.02169	0.71972	0.04252	0.01388	0.02083	0.03211	0.01388	0.02430	0.01649	0.01909	0.01128	0.01302	0.01041	0.00694	0.00521	0.00174	0.00868	0.00434	0.00347	0.01041
4	0.01028	0.00755	0.00898	0.00993	0.01085	0.00697	0.00655	0.01151	0.01536	0.01979	0.04935	0.39114	0.19898	0.19343	0.01776	0.00428	0.00533	0.01882	0.00689	0.00624
5	0.17414	0.02137	0.02195	0.01712	0.02333	0.02382	0.01414	0.51861	0.03345	0.04829	0.01790	0.01826	0.01283	0.00931	0.00752	0.00245	0.00842	0.00674	0.00752	0.01283
6	0.02105	0.63885	0.11772	0.01499	0.02253	0.03052	0.01580	0.02446	0.01656	0.01988	0.01167	0.01351	0.01040	0.00703	0.00551	0.00184	0.00907	0.00454	0.00347	0.01060
7	0.01148	0.00829	0.01085	0.01021	0.01212	0.00766	0.00766	0.01531	0.02297	0.03254	0.65994	0.06061	0.07656	0.01659	0.00957	0.00255	0.00383	0.01467	0.00893	0.00766
8	0.00974	0.00762	0.00884	0.00981	0.01138	0.00672	0.00687	0.01147	0.01697	0.02130	0.06284	0.40436	0.34715	0.02307	0.00999	0.00303	0.00442	0.02020	0.00753	0.00672
9	0.01532	0.00819	0.01158	0.01116	0.01164	0.00837	0.00766	0.05634	0.01259	0.01680	0.01449	0.02429	0.01407	0.02684	0.02999	0.70829	0.00718	0.00707	0.00386	0.00427
10	0.03085	0.02273	0.02435	0.01867	0.02516	0.02516	0.01542	0.63716	0.03815	0.05114	0.01948	0.01948	0.01380	0.00974	0.00812	0.00244	0.00893	0.00731	0.00812	0.01380
11	0.01915	0.02189	0.04788	0.03420	0.04241	0.02052	0.63475	0.02599	0.01915	0.02599	0.01642	0.02189	0.01231	0.00684	0.00958	0.00274	0.01368	0.00958	0.00410	0.01094
12	0.01909	0.02171	0.04689	0.03365	0.04150	0.02071	0.60833	0.02572	0.01886	0.02572	0.01617	0.02171	0.01224	0.00716	0.01031	0.00277	0.04306	0.00947	0.00408	0.01086
13	0.01641	0.04102	0.64327	0.02365	0.03546	0.01892	0.05855	0.02571	0.01723	0.02571	0.01465	0.01736	0.01037	0.00767	0.00780	0.00258	0.01207	0.00617	0.00346	0.01194
14	0.00959	0.00822	0.00822	0.00822	0.01096	0.00685	0.00617	0.01165	0.01850	0.02192	0.08220	0.07809	0.66092	0.02055	0.00959	0.00274	0.00411	0.01713	0.00754	0.00685
15	0.03031	0.03867	0.02299	0.02090	0.02508	0.68226	0.01568	0.03240	0.02299	0.01986	0.01254	0.01463	0.01045	0.00836	0.00732	0.00209	0.01463	0.00523	0.00418	0.00941
16	0.01553	0.01463	0.02471	0.66729	0.08231	0.01808	0.02264	0.02091	0.01632	0.02098	0.01446	0.02157	0.01091	0.00807	0.00811	0.00269	0.01077	0.00721	0.00362	0.00918
17	0.00989	0.00706	0.00942	0.01130	0.01177	0.00659	0.00753	0.01130	0.01554	0.02071	0.04472	0.70954	0.05367	0.02542	0.01036	0.00330	0.00471	0.02307	0.00753	0.00659
18	0.03125	0.02208	0.02395	0.01836	0.02484	0.02420	0.01517	0.59350	0.03706	0.09633	0.02040	0.02008	0.01426	0.00976	0.00812	0.00244	0.00878	0.00737	0.00826	0.01380
19	0.02648	0.02114	0.02086	0.01756	0.02265	0.10791	0.01396	0.19703	0.29449	0.12406	0.02575	0.02452	0.01880	0.01031	0.00879	0.00258	0.03479	0.00794	0.00775	0.01262
20	0.01627	0.04197	0.67279	0.02313	0.03512	0.01884	0.02998	0.02570	0.01713	0.02570	0.01456	0.01713	0.01028	0.00771	0.00771	0.00257	0.01199	0.00600	0.00343	0.01199
21	0.01139	0.00829	0.01072	0.01011	0.01207	0.00762	0.00758	0.01514	0.02275	0.03203	0.63220	0.06145	0.10462	0.01678	0.00957	0.00256	0.00384	0.01479	0.00887	0.00762
22	0.01768	0.01464	0.02003	0.04171	0.02218	0.01637	0.06407	0.11987	0.10021	0.02869	0.03032	0.12827	0.03023	0.01635	0.01224	0.00321	0.10853	0.20912	0.00670	0.00959
23	0.01543	0.01457	0.02436	0.66451	0.05430	0.01834	0.02232	0.02068	0.01605	0.02068	0.01425	0.02146	0.01081	0.00839	0.00896	0.00274	0.04233	0.00721	0.00360	0.00901
24	0.00989	0.00706	0.00942	0.01130	0.01177	0.00659	0.00753	0.01130	0.01554	0.02071	0.04472	0.70954	0.05367	0.02542	0.01036	0.00330	0.00471	0.02307	0.00753	0.00659
25	0.01667	0.03960	0.60596	0.02591	0.10083	0.01889	0.02945	0.02561	0.01727	0.02578	0.01463	0.01744	0.01055	0.00766	0.00774	0.00255	0.01175	0.00612	0.00349	0.01208
26	0.07459	0.01482	0.01903	0.01467	0.02090	0.01361	0.01212	0.09960	0.02425	0.57344	0.02964	0.02603	0.01885	0.00988	0.00799	0.00250	0.00708	0.00787	0.00958	0.01354
27	0.01746	0.19029	0.53486	0.02110	0.03199	0.02175	0.02646	0.02539	0.01699	0.02425	0.01384	0.01623	0.01031	0.00754	0.00716	0.00239	0.01127	0.00563	0.00344	0.01165
28	0.01364	0.00872	0.01149	0.01065	0.01288	0.00798	0.00803	0.01728	0.02260	0.08919	0.57103	0.09190	0.07028	0.01647	0.00949	0.00259	0.00415	0.01453	0.00896	0.00815
29	0.07083	0.01649	0.01961	0.01530	0.02116	0.01648	0.01256	0.24600	0.02794	0.35627	0.08864	0.02727	0.02287	0.01045	0.00812	0.00249	0.00728	0.00831	0.00899	0.01293
30	0.01775	0.01775	0.02485	0.02130	0.02130	0.02485	0.01775	0.01953	0.01243	0.01953	0.01065	0.01775	0.01065	0.01420	0.02663	0.00355	0.69998	0.00710	0.00355	0.00888
31	0.01409	0.00705	0.01057	0.01057	0.01057	0.00705	0.00705	0.01057	0.01057	0.01409	0.01409	0.02467	0.01409	0.02819	0.03171	0.76392	0.00705	0.00705	0.00352	0.00352
32	0.01587	0.01498	0.02532	0.62180	0.12518	0.01817	0.02280	0.02121	0.01648	0.02139	0.01452	0.02146	0.01105	0.00801	0.00810	0.00267	0.01068	0.00721	0.00365	0.00945
33	0.01556	0.01748	0.09210	0.58782	0.05180	0.01849	0.02305	0.02118	0.01611	0.02118	0.01423	0.02095	0.01075	0.00841	0.00910	0.00274	0.04908	0.00708	0.00358	0.00932
34	0.01260	0.00918	0.01196	0.01270	0.01464	0.00892	0.01028	0.04151	0.02006	0.02670	0.20025	0.17821	0.11178	0.02072	0.01038	0.00322	0.00586	0.28556	0.00788	0.00759
35	0.02973	0.01825	0.02093	0.01645	0.02218	0.01909	0.01342	0.38831	0.03145	0.22042	0.06233	0.07457	0.02214	0.01137	0.00838	0.00253	0.00776	0.00913	0.00866	0.01292
36	0.01915	0.02189	0.04788	0.03420	0.04241	0.02052	0.63475	0.02599	0.01915	0.02599	0.01642	0.02189	0.01231	0.00684	0.00958	0.00274	0.01368	0.00958	0.00410	0.01094

[dist]
# distance from previous block
# <min> <max>
5	10

[block]
# block no. 7 follows, 23 sequences, length 68
# corresponding to MSA columns:
# 1406-1473
name=unknown_H
#
# <colnr> <probs for GDERKNQSTAVLIFYWHMCP>
#	G	D	E	R	K	N	Q	S	T	A	V	L	I	F	Y	W	H	M	C	P
0	0.06619	0.03457	0.02272	0.01999	0.02465	0.52676	0.01530	0.14562	0.02540	0.02653	0.01379	0.01547	0.01100	0.00858	0.00736	0.00218	0.01316	0.00558	0.00496	0.01020
1	0.49567	0.05679	0.01552	0.01228	0.01726	0.04342	0.01009	0.09017	0.06540	0.03514	0.01848	0.01953	0.04876	0.00885	0.00598	0.00245	0.00680	0.00594	0.03187	0.00959
2	0.02169	0.71972	0.04252	0.01388	0.02083	0.03211	0.01388	0.02430	0.01649	0.01909	0.01128	0.01302	0.01041	0.00694	0.00521	0.00174	0.00868	0.00434	0.00347	0.01041
3	0.01897	0.02136	0.04494	0.03255	0.03971	0.02107	0.55598	0.02517	0.01829	0.02517	0.01568	0.02136	0.01210	0.00778	0.01175	0.00284	0.10129	0.00926	0.00403	0.01068
4	0.65731	0.01640	0.01362	0.01173	0.01697	0.01872	0.00967	0.09350	0.01695	0.06515	0.01310	0.01451	0.00983	0.00789	0.00550	0.00250	0.00660	0.00488	0.00558	0.00957
5	0.01745	0.18856	0.53647	0.02113	0.03203	0.02171	0.02650	0.02539	0.01699	0.02427	0.01385	0.01624	0.01031	0.00754	0.00717	0.00239	0.01128	0.00564	0.00344	0.01165
6	0.01074	0.00872	0.00960	0.00947	0.01204	0.00780	0.00723	0.01428	0.04853	0.02519	0.21844	0.07241	0.45445	0.01925	0.00962	0.00275	0.00434	0.04989	0.00790	0.00736
7	0.01135	0.00904	0.01341	0.01336	0.01480	0.00869	0.05553	0.01353	0.01654	0.02257	0.10796	0.53178	0.04975	0.02187	0.01075	0.00311	0.03507	0.01979	0.00716	0.03393
8	0.02091	0.01845	0.03113	0.10226	0.56355	0.01862	0.02372	0.02565	0.01864	0.07471	0.01646	0.02079	0.01323	0.00752	0.00805	0.00244	0.00953	0.00730	0.00444	0.01260
9	0.01019	0.00728	0.00976	0.01164	0.01224	0.00685	0.00805	0.01182	0.01583	0.02105	0.04456	0.65127	0.05301	0.02514	0.01044	0.00334	0.00497	0.07837	0.00753	0.00667
10	0.01915	0.02189	0.04788	0.03420	0.04241	0.02052	0.63475	0.02599	0.01915	0.02599	0.01642	0.02189	0.01231	0.00684	0.00958	0.00274	0.01368	0.00958	0.00410	0.01094
11	0.01616	0.01527	0.02585	0.58200	0.16269	0.01825	0.02295	0.02146	0.01662	0.02175	0.01457	0.02136	0.01117	0.00796	0.00810	0.00265	0.01061	0.00721	0.00368	0.00969
12	0.01742	0.01485	0.01583	0.01471	0.01861	0.01657	0.01141	0.03456	0.47265	0.03063	0.04266	0.07928	0.13705	0.01405	0.00876	0.00283	0.00598	0.04292	0.00805	0.01118
13	0.00969	0.00822	0.00835	0.00832	0.01102	0.00689	0.00624	0.01183	0.01872	0.02247	0.11187	0.07719	0.63091	0.02035	0.00959	0.00273	0.00410	0.01700	0.00761	0.00689
14	0.01980	0.02070	0.06726	0.04691	0.57098	0.01938	0.08492	0.02505	0.01847	0.02642	0.01534	0.02011	0.01267	0.00722	0.00817	0.00245	0.01016	0.00740	0.00399	0.01262
15	0.01627	0.04197	0.67279	0.02313	0.03512	0.01884	0.02998	0.02570	0.01713	0.02570	0.01456	0.01713	0.01028	0.00771	0.00771	0.00257	0.01199	0.00600	0.00343	0.01199
16	0.00989	0.00706	0.00942	0.01130	0.01177	0.00659	0.00753	0.01130	0.01554	0.02071	0.04472	0.70954	0.05367	0.02542	0.01036	0.00330	0.00471	0.02307	0.00753	0.00659
17	0.01586	0.01513	0.02607	0.61615	0.10132	0.01824	0.05079	0.02129	0.01653	0.02141	0.01458	0.02153	0.01104	0.00799	0.00817	0.00268	0.01086	0.00732	0.00366	0.00939
18	0.01801	0.25908	0.47089	0.02017	0.03054	0.02309	0.02482	0.02525	0.01693	0.02358	0.01351	0.01581	0.01032	0.00746	0.00691	0.00230	0.01093	0.00547	0.00344	0.01149
19	0.01938	0.05510	0.36133	0.02380	0.08936	0.01980	0.05151	0.06464	0.15355	0.05337	0.01948	0.02082	0.01428	0.00851	0.00789	0.00256	0.01018	0.00705	0.00506	0.01232
20	0.01323	0.00962	0.01310	0.01476	0.01668	0.00974	0.01266	0.01786	0.05332	0.02456	0.04254	0.13337	0.04600	0.02200	0.01098	0.00365	0.00721	0.53350	0.00752	0.00770
21	0.29159	0.01895	0.01945	0.05285	0.02311	0.02107	0.01315	0.33074	0.02696	0.10260	0.01750	0.01815	0.01246	0.00890	0.00703	0.00248	0.00791	0.00636	0.00696	0.01177
22	0.01609	0.01517	0.02516	0.49584	0.07355	0.01871	0.05327	0.02091	0.01594	0.02156	0.01461	0.02144	0.01147	0.00900	0.01086	0.00278	0.11463	0.00734	0.04248	0.00918
23	0.01668	0.09327	0.62508	0.02243	0.03404	0.01985	0.02876	0.02559	0.01708	0.02520	0.01431	0.01682	0.01029	0.00765	0.00752	0.00251	0.01174	0.00587	0.00343	0.01187
24	0.01158	0.00845	0.01098	0.01077	0.01274	0.00785	0.00836	0.01526	0.02199	0.03050	0.52365	0.06657	0.11632	0.01776	0.00982	0.00274	0.00440	0.10410	0.00861	0.00757
25	0.02169	0.71972	0.04252	0.01388	0.02083	0.03211	0.01388	0.02430	0.01649	0.01909	0.01128	0.01302	0.01041	0.00694	0.00521	0.00174	0.00868	0.00434	0.00347	0.01041
26	0.01644	0.04083	0.63721	0.02376	0.03553	0.01894	0.06441	0.02571	0.01725	0.02571	0.01467	0.01740	0.01039	0.00766	0.00782	0.00258	0.01209	0.00620	0.00346	0.01193
27	0.01775	0.01775	0.02485	0.02130	0.02130	0.02485	0.01775	0.01953	0.01243	0.01953	0.01065	0.01775	0.01065	0.01420	0.02663	0.00355	0.69998	0.00710	0.00355	0.00888
28	0.01915	0.02189	0.04788	0.03420	0.04241	0.02052	0.63475	0.02599	0.01915	0.02599	0.01642	0.02189	0.01231	0.00684	0.00958	0.00274	0.01368	0.00958	0.00410	0.01094
29	0.01775	0.01775	0.02485	0.02130	0.02130	0.02485	0.01775	0.01953	0.01243	0.01953	0.01065	0.01775	0.01065	0.01420	0.02663	0.00355	0.69998	0.00710	0.00355	0.00888
30	0.01627	0.04197	0.67279	0.02313	0.03512	0.01884	0.02998	0.02570	0.01713	0.02570	0.01456	0.01713	0.01028	0.00771	0.00771	0.00257	0.01199	0.00600	0.00343	0.01199
31	0.00989	0.00706	0.00942	0.01130	0.01177	0.00659	0.00753	0.01130	0.01554	0.02071	0.04472	0.70954	0.05367	0.02542	0.01036	0.00330	0.00471	0.02307	0.00753	0.00659
32	0.03236	0.01529	0.01914	0.01522	0.02114	0.01477	0.01240	0.08558	0.16445	0.48077	0.03129	0.02760	0.02066	0.01024	0.00818	0.00256	0.00695	0.00832	0.00950	0.01359
33	0.03345	0.01316	0.01789	0.01394	0.01970	0.01142	0.01142	0.03668	0.02319	0.59437	0.10636	0.03153	0.02677	0.01082	0.00833	0.00252	0.00654	0.00893	0.00991	0.01308
34	0.01013	0.00724	0.00968	0.01147	0.01207	0.00679	0.00786	0.01176	0.01598	0.02135	0.06676	0.65050	0.05409	0.02493	0.01038	0.00329	0.00484	0.05664	0.00758	0.00668
35	0.01915	0.02189	0.04788	0.03420	0.04241	0.02052	0.63475	0.02599	0.01915	0.02599	0.01642	0.02189	0.01231	0.00684	0.00958	0.00274	0.01368	0.00958	0.00410	0.01094
36	0.02169	0.71972	0.04252	0.01388	0.02083	0.03211	0.01388	0.02430	0.01649	0.01909	0.01128	0.01302	0.01041	0.00694	0.00521	0.00174	0.00868	0.00434	0.00347	0.01041
37	0.03499	0.01350	0.01838	0.01420	0.02022	0.01168	0.01168	0.03816	0.02321	0.63356	0.06776	0.02950	0.02330	0.01042	0.00824	0.00251	0.00673	0.00853	0.00998	0.01346
38	0.01878	0.02080	0.04183	0.03081	0.03687	0.02166	0.47273	0.02429	0.01739	0.02429	0.01490	0.02080	0.01188	0.00877	0.01405	0.00295	0.19390	0.00893	0.00396	0.01040
39	0.01532	0.01442	0.02434	0.69533	0.05589	0.01803	0.02253	0.02073	0.01622	0.02073	0.01442	0.02163	0.01082	0.00811	0.00811	0.00270	0.01082	0.00721	0.00361	0.00901
40	0.01866	0.02111	0.04585	0.03299	0.04079	0.01979	0.60173	0.02522	0.01896	0.02571	0.01791	0.05808	0.01449	0.00782	0.00962	0.00277	0.01321	0.01029	0.00428	0.01071
41	0.02008	0.01928	0.03294	0.04981	0.66422	0.01928	0.02490	0.02490	0.01848	0.02651	0.01526	0.02008	0.01285	0.00723	0.00803	0.00241	0.00964	0.00723	0.00402	0.01285
42	0.01288	0.00943	0.01263	0.01423	0.01598	0.00953	0.01179	0.01754	0.06571	0.02419	0.04261	0.22880	0.04664	0.02224	0.01079	0.00356	0.00676	0.42947	0.00755	0.00768
43	0.03520	0.01574	0.02003	0.01535	0.02168	0.01479	0.01268	0.16903	0.02646	0.53578	0.02930	0.02586	0.01872	0.00998	0.00815	0.00249	0.00734	0.00797	0.00963	0.01381
44	0.01903	0.38684	0.35208	0.01842	0.02785	0.02559	0.02179	0.02498	0.01680	0.02234	0.01289	0.01504	0.01035	0.00732	0.00644	0.00215	0.01031	0.00515	0.00345	0.01119
45	0.01061	0.00823	0.00957	0.00950	0.01165	0.00731	0.00710	0.01331	0.01981	0.02585	0.30115	0.10329	0.34542	0.04895	0.01105	0.00296	0.00435	0.04483	0.00796	0.00710
46	0.02282	0.01802	0.01925	0.01655	0.02155	0.02033	0.01309	0.16741	0.46587	0.06779	0.03199	0.02969	0.04655	0.01106	0.00827	0.00267	0.00689	0.00903	0.00829	0.01286
47	0.01639	0.01551	0.02626	0.55110	0.19181	0.01831	0.02306	0.02166	0.01673	0.02202	0.01461	0.02129	0.01127	0.00792	0.00809	0.00264	0.01055	0.00722	0.00370	0.00987
48	0.01532	0.01442	0.02434	0.69533	0.05589	0.01803	0.02253	0.02073	0.01622	0.02073	0.01442	0.02163	0.01082	0.00811	0.00811	0.00270	0.01082	0.00721	0.00361	0.00901
49	0.01775	0.01775	0.02485	0.02130	0.02130	0.02485	0.01775	0.01953	0.01243	0.01953	0.01065	0.01775	0.01065	0.01420	0.02663	0.00355	0.69998	0.00710	0.00355	0.00888
50	0.01532	0.01442	0.02434	0.69533	0.05589	0.01803	0.02253	0.02073	0.01622	0.02073	0.01442	0.02163	0.01082	0.00811	0.00811	0.00270	0.01082	0.00721	0.00361	0.00901
51	0.01736	0.12684	0.50675	0.02343	0.03426	0.02079	0.10976	0.02556	0.01732	0.02488	0.01439	0.01724	0.01057	0.00749	0.00764	0.00248	0.01179	0.00627	0.00352	0.01165
52	0.01627	0.04197	0.67279	0.02313	0.03512	0.01884	0.02998	0.02570	0.01713	0.02570	0.01456	0.01713	0.01028	0.00771	0.00771	0.00257	0.01199	0.00600	0.00343	0.01199
53	0.00989	0.00706	0.00942	0.01130	0.01177	0.00659	0.00753	0.01130	0.01554	0.02071	0.04472	0.70954	0.05367	0.02542	0.01036	0.00330	0.00471	0.02307	0.00753	0.00659
54	0.07707	0.01391	0.01845	0.01423	0.02044	0.01227	0.01175	0.03868	0.02270	0.63483	0.03087	0.02682	0.01946	0.00990	0.00799	0.00251	0.00687	0.00795	0.00977	0.01353
55	0.01627	0.04197	0.67279	0.02313	0.03512	0.01884	0.02998	0.02570	0.01713	0.02570	0.01456	0.01713	0.01028	0.00771	0.00771	0.00257	0.01199	0.00600	0.00343	0.01199
56	0.01159	0.00869	0.01304	0.01304	0.01449	0.01014	0.01014	0.01449	0.01304	0.01884	0.02173	0.03188	0.02029	0.06086	0.68268	0.01304	0.02173	0.00869	0.00435	0.00724
57	0.01627	0.04197	0.67279	0.02313	0.03512	0.01884	0.02998	0.02570	0.01713	0.02570	0.01456	0.01713	0.01028	0.00771	0.00771	0.00257	0.01199	0.00600	0.00343	0.01199
58	0.01627	0.04197	0.67279	0.02313	0.03512	0.01884	0.02998	0.02570	0.01713	0.02570	0.01456	0.01713	0.01028	0.00771	0.00771	0.00257	0.01199	0.00600	0.00343	0.01199
59	0.01532	0.01442	0.02434	0.69533	0.05589	0.01803	0.02253	0.02073	0.01622	0.02073	0.01442	0.02163	0.01082	0.00811	0.00811	0.00270	0.01082	0.00721	0.00361	0.00901
60	0.00959	0.00822	0.00822	0.00822	0.01096	0.00685	0.00617	0.01165	0.01850	0.02192	0.08220	0.07809	0.66092	0.02055	0.00959	0.00274	0.00411	0.01713	0.00754	0.00685
61	0.01627	0.04197	0.67279	0.02313	0.03512	0.01884	0.02998	0.02570	0.01713	0.02570	0.01456	0.01713	0.01028	0.00771	0.00771	0.00257	0.01199	0.00600	0.00343	0.01199
62	0.01627	0.04197	0.67279	0.02313	0.03512	0.01884	0.02998	0.02570	0.01713	0.02570	0.01456	0.01713	0.01028	0.00771	0.00771	0.00257	0.01199	0.00600	0.00343	0.01199
63	0.00989	0.00706	0.00942	0.01130	0.01177	0.00659	0.00753	0.01130	0.01554	0.02071	0.04472	0.70954	0.05367	0.02542	0.01036	0.00330	0.00471	0.02307	0.00753	0.00659
64	0.01627	0.04197	0.67279	0.02313	0.03512	0.01884	0.02998	0.02570	0.01713	0.02570	0.01456	0.01713	0.01028	0.00771	0.00771	0.00257	0.01199	0.00600	0.00343	0.01199
65	0.01667	0.06971	0.60982	0.02337	0.03493	0.01951	0.06422	0.02565	0.01722	0.02543	0.01453	0.01723	0.01040	0.00763	0.00771	0.00254	0.01195	0.00613	0.00347	0.01186
66	0.01860	0.02110	0.04559	0.03270	0.04059	0.01973	0.59845	0.02516	0.01911	0.02576	0.02021	0.02513	0.04977	0.00763	0.00958	0.00274	0.01313	0.01001	0.00430	0.01071
67	0.01259	0.01075	0.01352	0.01391	0.03965	0.03147	0.04498	0.04262	0.01847	0.02333	0.05328	0.30995	0.26767	0.02035	0.00981	0.00298	0.00593	0.06394	0.00711	0.00767

[dist]
# distance from previous block
# <min> <max>
12	31

[block]
# block no. 8 follows, 23 sequences, length 10
# corresponding to MSA columns:
# 1505-1514
name=unknown_I
#
# <colnr> <probs for GDERKNQSTAVLIFYWHMCP>
#	G	D	E	R	K	N	Q	S	T	A	V	L	I	F	Y	W	H	M	C	P
0	0.01735	0.01952	0.07276	0.16032	0.07112	0.01813	0.31005	0.02302	0.01762	0.02436	0.01722	0.06570	0.01452	0.00864	0.00958	0.00262	0.04385	0.00903	0.00423	0.09036
1	0.01783	0.09228	0.47959	0.02159	0.03198	0.06276	0.05481	0.02548	0.01753	0.02488	0.01424	0.01683	0.01058	0.00747	0.00739	0.00233	0.01135	0.00586	0.00366	0.09155
2	0.14763	0.04685	0.19075	0.01637	0.02375	0.01668	0.01639	0.06796	0.06193	0.27874	0.03998	0.02261	0.01683	0.00914	0.00747	0.00251	0.00821	0.00704	0.00700	0.01217
3	0.03384	0.01516	0.02005	0.01561	0.02124	0.01469	0.01291	0.10018	0.02365	0.53580	0.02843	0.02572	0.01842	0.01045	0.01012	0.00261	0.08072	0.00796	0.00915	0.01328
4	0.07022	0.07645	0.38389	0.05785	0.03160	0.01834	0.05950	0.02800	0.01816	0.15486	0.01773	0.01924	0.01231	0.00809	0.00759	0.00252	0.01042	0.00650	0.00491	0.01182
5	0.01647	0.02369	0.20164	0.04618	0.03141	0.01870	0.21980	0.02198	0.01648	0.02349	0.01915	0.13013	0.01800	0.01169	0.01286	0.00296	0.16082	0.01018	0.00434	0.01001
6	0.01787	0.01869	0.03554	0.23497	0.10850	0.02031	0.28782	0.02326	0.01714	0.02343	0.01479	0.02097	0.01165	0.00842	0.01164	0.00282	0.11984	0.00822	0.00386	0.01023
7	0.06066	0.10689	0.37437	0.06065	0.14112	0.07228	0.02471	0.02558	0.01752	0.02502	0.01399	0.01702	0.01069	0.00761	0.00734	0.00242	0.01106	0.00595	0.00369	0.01144
8	0.01999	0.01833	0.07047	0.03540	0.38433	0.01650	0.05172	0.02530	0.04606	0.09905	0.02475	0.09690	0.05417	0.01037	0.00845	0.00257	0.00873	0.00967	0.00542	0.01182
9	0.01833	0.02143	0.10321	0.11420	0.28154	0.01892	0.23583	0.02424	0.01817	0.02530	0.01688	0.05317	0.01409	0.00811	0.00865	0.00262	0.01119	0.00866	0.00410	0.01136

[dist]
# distance from previous block
# <min> <max>
0	18

[block]
# block no. 9 follows, 23 sequences, length 81
# corresponding to MSA columns:
# 1533-1613
name=unknown_J
#
# <colnr> <probs for GDERKNQSTAVLIFYWHMCP>
#	G	D	E	R	K	N	Q	S	T	A	V	L	I	F	Y	W	H	M	C	P
0	0.01003	0.00717	0.00959	0.01147	0.01200	0.00672	0.00779	0.01156	0.01568	0.02088	0.04464	0.68072	0.05334	0.02528	0.01040	0.00332	0.00484	0.05042	0.00753	0.00663
1	0.01853	0.06691	0.54357	0.02119	0.03188	0.01816	0.02629	0.02672	0.01804	0.09721	0.04478	0.02003	0.01429	0.00833	0.00773	0.00253	0.01092	0.00655	0.00441	0.01193
2	0.01797	0.08312	0.51689	0.02228	0.03284	0.01896	0.06611	0.02610	0.01768	0.06666	0.01691	0.02131	0.01275	0.00844	0.00785	0.00257	0.01134	0.03441	0.00409	0.01172
3	0.03455	0.01651	0.06173	0.01542	0.02209	0.01368	0.01344	0.09773	0.02431	0.56696	0.02964	0.02613	0.01883	0.00986	0.00813	0.00251	0.00743	0.00794	0.00942	0.01369
4	0.09872	0.02195	0.13331	0.19959	0.08127	0.01907	0.21456	0.05348	0.01856	0.05930	0.01592	0.02021	0.01173	0.00770	0.00818	0.00263	0.01106	0.00752	0.00445	0.01079
5	0.08796	0.01723	0.05586	0.34911	0.13724	0.01886	0.06161	0.02193	0.01624	0.02368	0.01518	0.02296	0.01253	0.00915	0.01018	0.00278	0.09081	0.03293	0.00399	0.00976
6	0.01835	0.01849	0.02844	0.10477	0.29990	0.07517	0.10806	0.02262	0.01815	0.02402	0.02202	0.10750	0.04143	0.01095	0.00940	0.00268	0.03671	0.03616	0.00468	0.01052
7	0.05610	0.02143	0.08232	0.14583	0.09405	0.01977	0.40911	0.02488	0.01820	0.02564	0.01560	0.02094	0.01179	0.00718	0.00885	0.00268	0.01238	0.00848	0.00401	0.01073
8	0.02896	0.01379	0.01734	0.01430	0.01945	0.01326	0.01145	0.03686	0.17501	0.42338	0.05354	0.07472	0.02535	0.01149	0.00827	0.00260	0.00641	0.00959	0.04164	0.01262
9	0.02656	0.01921	0.07615	0.01922	0.07524	0.01772	0.01521	0.25990	0.05311	0.20117	0.06626	0.08711	0.02317	0.01136	0.00839	0.00256	0.00791	0.00939	0.00788	0.01248
10	0.00989	0.00706	0.00942	0.01130	0.01177	0.00659	0.00753	0.01130	0.01554	0.02071	0.04472	0.70954	0.05367	0.02542	0.01036	0.00330	0.00471	0.02307	0.00753	0.00659
11	0.01750	0.02328	0.15063	0.03029	0.07741	0.01833	0.40802	0.02395	0.01828	0.02528	0.01972	0.11084	0.01740	0.00945	0.00925	0.00276	0.01195	0.01056	0.00443	0.01068
12	0.01634	0.01471	0.02595	0.16331	0.03194	0.01506	0.20512	0.04795	0.05190	0.04741	0.05388	0.23456	0.02841	0.01367	0.00932	0.00287	0.00908	0.01326	0.00586	0.00939
13	0.01627	0.04197	0.67279	0.02313	0.03512	0.01884	0.02998	0.02570	0.01713	0.02570	0.01456	0.01713	0.01028	0.00771	0.00771	0.00257	0.01199	0.00600	0.00343	0.01199
