[name]
unknown

[dist]
# distance from previous block
# <min> <max>
13	881

[block]
# block no. 0 follows, 24 sequences, length 194
# corresponding to MSA columns:
# 884-1077
name=unknown_A
#
# <colnr> <probs for GDERKNQSTAVLIFYWHMCP>
#	G	D	E	R	K	N	Q	S	T	A	V	L	I	F	Y	W	H	M	C	P
0	0.02422	0.02597	0.06061	0.03093	0.28169	0.22331	0.01926	0.15357	0.02316	0.02860	0.01610	0.04628	0.01354	0.00866	0.00773	0.00231	0.01068	0.00706	0.00491	0.01143
1	0.01895	0.01855	0.03265	0.06519	0.44158	0.01863	0.14391	0.02545	0.06965	0.02608	0.01782	0.02422	0.01493	0.00804	0.00832	0.00252	0.00988	0.03740	0.00443	0.01180
2	0.01775	0.28023	0.45722	0.01945	0.02944	0.02294	0.02381	0.02464	0.01652	0.02286	0.01311	0.01534	0.01009	0.00727	0.00668	0.00223	0.01059	0.00529	0.00336	0.01118
3	0.02219	0.02194	0.01984	0.01965	0.07819	0.19963	0.01399	0.10964	0.24517	0.02901	0.02659	0.08941	0.04170	0.01161	0.00813	0.00253	0.00886	0.03461	0.00649	0.01080
4	0.01640	0.10483	0.62074	0.02176	0.03302	0.01962	0.02783	0.02499	0.01668	0.02451	0.01393	0.01637	0.01006	0.00746	0.00731	0.00244	0.01142	0.00571	0.00335	0.01158
5	0.01925	0.01846	0.03151	0.10130	0.62214	0.01874	0.02415	0.02401	0.01788	0.02545	0.01485	0.01975	0.01240	0.00713	0.00786	0.00238	0.00951	0.00706	0.00389	0.01226
6	0.01963	0.01884	0.03219	0.04867	0.67185	0.01884	0.02434	0.02434	0.01806	0.02591	0.01492	0.01963	0.01256	0.00707	0.00785	0.00236	0.00942	0.00707	0.00393	0.01256
7	0.01963	0.01884	0.03219	0.04867	0.67185	0.01884	0.02434	0.02434	0.01806	0.02591	0.01492	0.01963	0.01256	0.00707	0.00785	0.00236	0.00942	0.00707	0.00393	0.01256
8	0.01498	0.01409	0.02378	0.70226	0.05462	0.01762	0.02202	0.02026	0.01586	0.02026	0.01409	0.02114	0.01057	0.00793	0.00793	0.00264	0.01057	0.00705	0.00352	0.00881
9	0.02894	0.02143	0.02310	0.01793	0.02400	0.02379	0.01475	0.59422	0.06231	0.04798	0.01968	0.01998	0.01420	0.01162	0.03588	0.00282	0.00914	0.00727	0.00779	0.01318
10	0.01498	0.01409	0.02378	0.70226	0.05462	0.01762	0.02202	0.02026	0.01586	0.02026	0.01409	0.02114	0.01057	0.00793	0.00793	0.00264	0.01057	0.00705	0.00352	0.00881
11	0.01122	0.00811	0.01060	0.00998	0.01185	0.00748	0.00748	0.01496	0.02245	0.03180	0.66766	0.05923	0.07482	0.01621	0.00935	0.00249	0.00374	0.01434	0.00873	0.00748
12	0.01963	0.01884	0.03219	0.04867	0.67185	0.01884	0.02434	0.02434	0.01806	0.02591	0.01492	0.01963	0.01256	0.00707	0.00785	0.00236	0.00942	0.00707	0.00393	0.01256
13	0.01866	0.02122	0.04585	0.03289	0.04058	0.02023	0.61678	0.02514	0.01844	0.02514	0.01581	0.02122	0.01196	0.00699	0.01006	0.00271	0.04248	0.00926	0.00399	0.01061
14	0.00972	0.00694	0.00925	0.01100	0.01151	0.00648	0.00737	0.01118	0.01545	0.02066	0.06641	0.69224	0.05326	0.02453	0.01009	0.00319	0.00457	0.02224	0.00741	0.00648
15	0.00981	0.00701	0.00938	0.01121	0.01174	0.00657	0.00762	0.01130	0.01533	0.02041	0.04362	0.68566	0.05212	0.02470	0.01016	0.00324	0.00473	0.05152	0.00736	0.00648
16	0.26830	0.01592	0.01709	0.01386	0.01944	0.01667	0.01135	0.13342	0.09724	0.29481	0.02297	0.02152	0.01566	0.00910	0.00701	0.00247	0.00682	0.00679	0.00774	0.01182
17	0.02058	0.64578	0.11642	0.01463	0.02199	0.02986	0.01541	0.02391	0.01619	0.01941	0.01140	0.01319	0.01016	0.00687	0.00537	0.00179	0.00886	0.00443	0.00339	0.01036
18	0.01100	0.00810	0.01029	0.00974	0.01171	0.00739	0.00730	0.01453	0.02191	0.03053	0.59580	0.06132	0.14748	0.01669	0.00936	0.00252	0.00377	0.01463	0.00856	0.00739
19	0.01943	0.01864	0.03184	0.07596	0.64608	0.01879	0.02424	0.02417	0.01796	0.02567	0.01488	0.01969	0.01248	0.00710	0.00785	0.00237	0.00947	0.00706	0.00391	0.01240
20	0.01904	0.01824	0.03112	0.13168	0.59346	0.01869	0.02404	0.02382	0.01778	0.02519	0.01481	0.01982	0.01231	0.00718	0.00786	0.00239	0.00957	0.00706	0.00387	0.01208
21	0.01872	0.02139	0.04679	0.03342	0.04144	0.02005	0.64305	0.02540	0.01872	0.02540	0.01604	0.02139	0.01203	0.00668	0.00936	0.00267	0.01337	0.00936	0.00401	0.01070
22	0.01122	0.00811	0.01060	0.00998	0.01185	0.00748	0.00748	0.01496	0.02245	0.03180	0.66766	0.05923	0.07482	0.01621	0.00935	0.00249	0.00374	0.01434	0.00873	0.00748
23	0.01676	0.15211	0.57666	0.02114	0.03206	0.02052	0.02675	0.02489	0.01664	0.02407	0.01371	0.01609	0.01007	0.00741	0.00714	0.00238	0.01119	0.00560	0.00336	0.01147
24	0.01153	0.00769	0.00865	0.00865	0.00865	0.00769	0.00480	0.01153	0.01153	0.01538	0.02499	0.05189	0.02883	0.72131	0.04036	0.00769	0.00769	0.01153	0.00480	0.00480
25	0.01377	0.00689	0.01033	0.01033	0.01033	0.00689	0.00689	0.01033	0.01033	0.01377	0.01377	0.02410	0.01377	0.02755	0.03099	0.76928	0.00689	0.00689	0.00344	0.00344
26	0.01153	0.00769	0.00865	0.00865	0.00865	0.00769	0.00480	0.01153	0.01153	0.01538	0.02499	0.05189	0.02883	0.72131	0.04036	0.00769	0.00769	0.01153	0.00480	0.00480
27	0.69826	0.08966	0.01478	0.01076	0.01586	0.01921	0.00911	0.02336	0.01377	0.03381	0.01104	0.01286	0.00875	0.00730	0.00493	0.00237	0.00638	0.00429	0.00475	0.00875
28	0.02100	0.69966	0.06619	0.01392	0.02089	0.03088	0.01418	0.02380	0.01614	0.01891	0.01115	0.01288	0.01017	0.00681	0.00518	0.00173	0.00861	0.00430	0.00339	0.01024
29	0.01439	0.00881	0.01161	0.01051	0.01294	0.00802	0.00802	0.01804	0.02248	0.11564	0.58501	0.05505	0.06765	0.01538	0.00917	0.00249	0.00413	0.01351	0.00887	0.00826
30	0.02962	0.03779	0.02247	0.02043	0.02451	0.68948	0.01532	0.03166	0.02247	0.01941	0.01226	0.01430	0.01021	0.00817	0.00715	0.00204	0.01430	0.00511	0.00409	0.00919
31	0.00980	0.00700	0.00936	0.01120	0.01172	0.00656	0.00760	0.01128	0.01532	0.02040	0.04363	0.68844	0.05215	0.02471	0.01016	0.00324	0.00472	0.04888	0.00736	0.00648
32	0.01754	0.01715	0.02379	0.02039	0.02067	0.02370	0.01696	0.04066	0.01304	0.02013	0.01116	0.01799	0.01091	0.01564	0.05329	0.00382	0.65371	0.00701	0.00366	0.00877
33	0.01963	0.01884	0.03219	0.04867	0.67185	0.01884	0.02434	0.02434	0.01806	0.02591	0.01492	0.01963	0.01256	0.00707	0.00785	0.00236	0.00942	0.00707	0.00393	0.01256
34	0.02120	0.72609	0.04155	0.01357	0.02035	0.03138	0.01357	0.02374	0.01611	0.01866	0.01102	0.01272	0.01018	0.00678	0.00509	0.00170	0.00848	0.00424	0.00339	0.01018
35	0.01525	0.01437	0.02427	0.66432	0.09044	0.01769	0.02216	0.02050	0.01598	0.02059	0.01414	0.02105	0.01069	0.00788	0.00792	0.00263	0.01050	0.00705	0.00355	0.00903
36	0.01151	0.00776	0.00903	0.00903	0.00916	0.00790	0.00528	0.01178	0.01164	0.01566	0.02464	0.04996	0.02799	0.65963	0.10090	0.00816	0.00895	0.01125	0.00475	0.00502
37	0.00995	0.00711	0.00953	0.01137	0.01196	0.00669	0.00786	0.01154	0.01547	0.02056	0.04355	0.65838	0.05182	0.02457	0.01020	0.00326	0.00485	0.07747	0.00736	0.00652
38	0.01813	0.01751	0.03042	0.25103	0.44332	0.01853	0.05953	0.02313	0.01741	0.02412	0.01473	0.02020	0.01191	0.00731	0.00796	0.00246	0.01001	0.00719	0.00381	0.01129
39	0.02134	0.02186	0.03123	0.06318	0.41179	0.11755	0.10043	0.05750	0.04943	0.02624	0.01566	0.01956	0.01267	0.00751	0.00796	0.00238	0.01050	0.00716	0.00434	0.01174
40	0.01000	0.00733	0.00939	0.01041	0.01148	0.00672	0.00722	0.01202	0.01727	0.02314	0.19658	0.48005	0.13478	0.02220	0.00985	0.00298	0.00432	0.01987	0.00769	0.00672
41	0.00987	0.00808	0.00876	0.00891	0.01133	0.00697	0.00679	0.01219	0.01848	0.02277	0.14431	0.10222	0.52399	0.01998	0.00953	0.00276	0.00427	0.06447	0.00752	0.00682
42	0.01927	0.33496	0.26672	0.01739	0.02547	0.02413	0.01918	0.06180	0.08120	0.02447	0.01619	0.01979	0.01337	0.00831	0.00670	0.00222	0.00939	0.03413	0.00429	0.01102
43	0.01787	0.05977	0.42267	0.02630	0.07211	0.01910	0.19092	0.02564	0.01756	0.05148	0.01532	0.01841	0.01111	0.00734	0.00796	0.00251	0.01170	0.00688	0.00382	0.01151
44	0.03014	0.02221	0.02380	0.01825	0.02459	0.02459	0.01507	0.64541	0.03728	0.04998	0.01904	0.01904	0.01349	0.00952	0.00793	0.00238	0.00873	0.00714	0.00793	0.01349
45	0.10140	0.26745	0.08554	0.32437	0.03645	0.02255	0.01819	0.02225	0.01576	0.02181	0.01269	0.01688	0.01017	0.00743	0.00656	0.00228	0.00944	0.00565	0.00361	0.00952
46	0.02216	0.61534	0.03912	0.01558	0.04822	0.03007	0.01419	0.09533	0.01863	0.02257	0.01211	0.01374	0.01066	0.00711	0.00553	0.00180	0.00855	0.00469	0.00394	0.01066
47	0.77733	0.01534	0.01166	0.01043	0.01534	0.01779	0.00859	0.02331	0.01350	0.03558	0.01104	0.01288	0.00859	0.00736	0.00491	0.00245	0.00613	0.00429	0.00491	0.00859
48	0.01133	0.00850	0.01274	0.01274	0.01416	0.00991	0.00991	0.01416	0.01274	0.01841	0.02124	0.03115	0.01982	0.05947	0.68989	0.01274	0.02124	0.00850	0.00425	0.00708
49	0.01098	0.00805	0.01030	0.00984	0.01172	0.00736	0.00734	0.01446	0.02173	0.03033	0.58594	0.08842	0.13003	0.01694	0.00939	0.00254	0.00380	0.01491	0.00854	0.00736
50	0.02120	0.72609	0.04155	0.01357	0.02035	0.03138	0.01357	0.02374	0.01611	0.01866	0.01102	0.01272	0.01018	0.00678	0.00509	0.00170	0.00848	0.00424	0.00339	0.01018
51	0.00950	0.00790	0.00830	0.00849	0.01086	0.00670	0.00626	0.01151	0.01794	0.02178	0.10444	0.15329	0.56482	0.02047	0.00946	0.00273	0.00407	0.01733	0.00743	0.00670
52	0.03067	0.02137	0.02328	0.01784	0.02417	0.02334	0.01474	0.58662	0.03587	0.11076	0.02023	0.01981	0.01408	0.00955	0.00794	0.00239	0.00853	0.00722	0.00812	0.01349
53	0.01092	0.00787	0.01033	0.01018	0.01178	0.00728	0.00746	0.01420	0.02102	0.02954	0.54546	0.18789	0.07044	0.01790	0.00950	0.00264	0.00391	0.01595	0.00846	0.00728
54	0.00966	0.00690	0.00920	0.01104	0.01150	0.00644	0.00736	0.01104	0.01518	0.02024	0.04371	0.71614	0.05245	0.02484	0.01012	0.00322	0.00460	0.02254	0.00736	0.00644
55	0.02378	0.01594	0.01798	0.01537	0.02042	0.01709	0.01215	0.04004	0.45466	0.20447	0.03106	0.02820	0.02233	0.01025	0.00793	0.00255	0.00638	0.00848	0.00836	0.05257
56	0.05783	0.02079	0.02128	0.01730	0.02287	0.04833	0.01397	0.39384	0.24332	0.04257	0.02287	0.02213	0.01674	0.00979	0.00782	0.00247	0.00801	0.00755	0.00770	0.01280
57	0.01153	0.00769	0.00865	0.00865	0.00865	0.00769	0.00480	0.01153	0.01153	0.01538	0.02499	0.05189	0.02883	0.72131	0.04036	0.00769	0.00769	0.01153	0.00480	0.00480
58	0.02925	0.03497	0.02243	0.01997	0.02435	0.57853	0.01517	0.10722	0.05235	0.02376	0.01397	0.01556	0.01123	0.00845	0.00729	0.00211	0.01326	0.00553	0.00473	0.00987
59	0.01525	0.01437	0.02427	0.66432	0.09044	0.01769	0.02216	0.02050	0.01598	0.02059	0.01414	0.02105	0.01069	0.00788	0.00792	0.00263	0.01050	0.00705	0.00355	0.00903
60	0.01278	0.00913	0.01278	0.01460	0.01643	0.00913	0.01278	0.01643	0.01825	0.02373	0.04199	0.08945	0.04564	0.02191	0.01095	0.00365	0.00730	0.61847	0.00730	0.00730
61	0.01959	0.01893	0.03272	0.04812	0.64891	0.01889	0.04685	0.02438	0.01808	0.02589	0.01496	0.01969	0.01254	0.00705	0.00791	0.00237	0.00956	0.00715	0.00393	0.01249
62	0.02099	0.02106	0.03018	0.07396	0.48900	0.10090	0.04380	0.04941	0.04608	0.02604	0.01548	0.01951	0.01268	0.00748	0.00783	0.00236	0.01005	0.00699	0.00425	0.01194
63	0.00976	0.00703	0.00928	0.01104	0.01165	0.00655	0.00750	0.01125	0.01542	0.02042	0.04526	0.66506	0.07943	0.02453	0.01012	0.00321	0.00467	0.04397	0.00736	0.00648
64	0.01972	0.01703	0.01793	0.01614	0.02062	0.01972	0.01255	0.04214	0.65752	0.03317	0.03228	0.02959	0.02421	0.01076	0.00807	0.00269	0.00628	0.00897	0.00807	0.01255
65	0.02135	0.01727	0.01842	0.01620	0.02092	0.01970	0.01271	0.08969	0.57648	0.06694	0.03118	0.02862	0.02313	0.01061	0.00805	0.00265	0.00649	0.00877	0.00815	0.01267
66	0.02120	0.72609	0.04155	0.01357	0.02035	0.03138	0.01357	0.02374	0.01611	0.01866	0.01102	0.01272	0.01018	0.00678	0.00509	0.00170	0.00848	0.00424	0.00339	0.01018
67	0.01700	0.01522	0.04990	0.01388	0.01808	0.01513	0.01137	0.05890	0.34465	0.03172	0.15700	0.03752	0.08544	0.01205	0.00811	0.00250	0.00579	0.01011	0.06389	0.04173
68	0.01945	0.01866	0.03186	0.07384	0.64808	0.01879	0.02425	0.02418	0.01797	0.02569	0.01488	0.01968	0.01248	0.00710	0.00785	0.00237	0.00946	0.00706	0.00391	0.01242
69	0.00966	0.00690	0.00920	0.01104	0.01150	0.00644	0.00736	0.01104	0.01518	0.02024	0.04371	0.71614	0.05245	0.02484	0.01012	0.00322	0.00460	0.02254	0.00736	0.00644
70	0.00945	0.00804	0.00815	0.00812	0.01076	0.00673	0.00609	0.01154	0.01827	0.02188	0.10653	0.07555	0.64215	0.01991	0.00937	0.00267	0.00400	0.01663	0.00742	0.00673
71	0.03558	0.01350	0.01840	0.01411	0.02024	0.01166	0.01166	0.03865	0.02270	0.67734	0.03128	0.02699	0.01963	0.00981	0.00797	0.00245	0.00675	0.00797	0.00981	0.01350
72	0.01498	0.01409	0.02378	0.70226	0.05462	0.01762	0.02202	0.02026	0.01586	0.02026	0.01409	0.02114	0.01057	0.00793	0.00793	0.00264	0.01057	0.00705	0.00352	0.00881
73	0.03558	0.01350	0.01840	0.01411	0.02024	0.01166	0.01166	0.03865	0.02270	0.67734	0.03128	0.02699	0.01963	0.00981	0.00797	0.00245	0.00675	0.00797	0.00981	0.01350
74	0.00974	0.00696	0.00927	0.01099	0.01152	0.00649	0.00737	0.01123	0.01554	0.02080	0.07405	0.68420	0.05354	0.02442	0.01008	0.00319	0.00456	0.02214	0.00743	0.00649
75	0.01922	0.01832	0.03061	0.10476	0.57930	0.01878	0.02345	0.02501	0.05498	0.02583	0.01585	0.02034	0.01306	0.00736	0.00787	0.00240	0.00934	0.00717	0.00413	0.01223
76	0.02962	0.03779	0.02247	0.02043	0.02451	0.68948	0.01532	0.03166	0.02247	0.01941	0.01226	0.01430	0.01021	0.00817	0.00715	0.00204	0.01430	0.00511	0.00409	0.00919
77	0.03014	0.02221	0.02380	0.01825	0.02459	0.02459	0.01507	0.64541	0.03728	0.04998	0.01904	0.01904	0.01349	0.00952	0.00793	0.00238	0.00873	0.00714	0.00793	0.01349
78	0.02822	0.02221	0.05474	0.01879	0.02529	0.02311	0.04458	0.50713	0.09150	0.07237	0.02040	0.02034	0.01449	0.00942	0.00799	0.00243	0.00878	0.00738	0.00763	0.01319
79	0.01143	0.00851	0.01069	0.01017	0.01219	0.00801	0.00761	0.01589	0.05508	0.03040	0.55258	0.08828	0.12591	0.01666	0.00932	0.00255	0.00394	0.01464	0.00851	0.00763
80	0.01122	0.00811	0.01060	0.00998	0.01185	0.00748	0.00748	0.01496	0.02245	0.03180	0.66766	0.05923	0.07482	0.01621	0.00935	0.00249	0.00374	0.01434	0.00873	0.00748
81	0.01613	0.03944	0.62934	0.02347	0.03489	0.01855	0.07860	0.02514	0.01690	0.02514	0.01438	0.01712	0.01020	0.00747	0.00768	0.00252	0.01185	0.00614	0.00340	0.01164
82	0.01088	0.00800	0.01019	0.00983	0.01168	0.00731	0.00730	0.01424	0.02137	0.02968	0.54975	0.11172	0.14386	0.01734	0.00941	0.00257	0.00384	0.01526	0.00846	0.00731
83	0.02927	0.06653	0.02327	0.02014	0.02434	0.66200	0.01525	0.03133	0.02221	0.01938	0.01221	0.01423	0.01021	0.00811	0.00706	0.00203	0.01406	0.00507	0.00406	0.00923
84	0.01024	0.04312	0.01083	0.01117	0.01195	0.00770	0.00767	0.01168	0.01523	0.02016	0.04206	0.68072	0.05032	0.02393	0.00987	0.00314	0.00480	0.02162	0.00716	0.00663
85	0.01624	0.03891	0.61613	0.02457	0.07162	0.01851	0.05467	0.02508	0.01690	0.02517	0.01435	0.01710	0.01027	0.00747	0.00763	0.00251	0.01165	0.00608	0.00341	0.01173
86	0.77733	0.01534	0.01166	0.01043	0.01534	0.01779	0.00859	0.02331	0.01350	0.03558	0.01104	0.01288	0.00859	0.00736	0.00491	0.00245	0.00613	0.00429	0.00491	0.00859
87	0.02285	0.08661	0.02141	0.01721	0.02178	0.22367	0.01348	0.03732	0.40789	0.02771	0.02431	0.02345	0.01872	0.00962	0.00752	0.00241	0.00890	0.00737	0.00644	0.01132
88	0.01916	0.01893	0.03364	0.07811	0.51820	0.01919	0.11751	0.02407	0.01780	0.02526	0.01486	0.01987	0.01229	0.00734	0.00884	0.00246	0.03924	0.00741	0.00390	0.01193
89	0.01076	0.00809	0.00995	0.00949	0.01156	0.00728	0.00712	0.01406	0.02135	0.02919	0.51978	0.06354	0.22433	0.01719	0.00936	0.00254	0.00381	0.01494	0.00839	0.00728
90	0.01498	0.01409	0.02378	0.70226	0.05462	0.01762	0.02202	0.02026	0.01586	0.02026	0.01409	0.02114	0.01057	0.00793	0.00793	0.00264	0.01057	0.00705	0.00352	0.00881
91	0.01498	0.01409	0.02378	0.70226	0.05462	0.01762	0.02202	0.02026	0.01586	0.02026	0.01409	0.02114	0.01057	0.00793	0.00793	0.00264	0.01057	0.00705	0.00352	0.00881
92	0.01857	0.01959	0.03894	0.06820	0.27817	0.01901	0.35998	0.02426	0.01822	0.02518	0.01651	0.04538	0.01360	0.00753	0.00875	0.00257	0.01145	0.00886	0.00408	0.01116
93	0.01689	0.04793	0.05409	0.05371	0.02163	0.11314	0.04366	0.01928	0.01517	0.01975	0.02020	0.18164	0.02162	0.06970	0.01724	0.00334	0.25758	0.01060	0.00458	0.00825
94	0.01625	0.01424	0.01827	0.04520	0.02150	0.01129	0.04668	0.01995	0.01650	0.02534	0.01535	0.04394	0.01328	0.00675	0.00633	0.00141	0.00648	0.00577	0.00471	0.66077
95	0.00972	0.00748	0.00890	0.00975	0.01123	0.00666	0.00685	0.01161	0.01713	0.02200	0.12810	0.39275	0.29533	0.02202	0.00974	0.00293	0.00428	0.01936	0.00752	0.00666
96	0.77733	0.01534	0.01166	0.01043	0.01534	0.01779	0.00859	0.02331	0.01350	0.03558	0.01104	0.01288	0.00859	0.00736	0.00491	0.00245	0.00613	0.00429	0.00491	0.00859
97	0.02088	0.38500	0.22640	0.01682	0.02464	0.07300	0.01810	0.05101	0.01818	0.05181	0.03825	0.01669	0.01316	0.00771	0.00637	0.00206	0.00961	0.00545	0.00411	0.01075
98	0.01931	0.13155	0.05060	0.01589	0.05710	0.01692	0.01277	0.13143	0.05351	0.05842	0.10089	0.07465	0.04683	0.01099	0.00757	0.00220	0.00699	0.03820	0.00623	0.15795
99	0.01644	0.01409	0.01644	0.01175	0.01879	0.01057	0.00940	0.01997	0.01644	0.02584	0.01409	0.01644	0.01175	0.00587	0.00587	0.00117	0.00587	0.00470	0.00470	0.76979
100	0.02218	0.02299	0.02651	0.03157	0.29992	0.19431	0.05451	0.08510	0.04993	0.02703	0.06533	0.02389	0.04368	0.00892	0.00794	0.00233	0.01009	0.00770	0.00503	0.01105
101	0.02402	0.49584	0.03517	0.01586	0.02175	0.25153	0.01416	0.02639	0.01824	0.01891	0.01144	0.01325	0.01019	0.00725	0.00578	0.00181	0.01043	0.00453	0.00362	0.00985
102	0.01339	0.01103	0.03579	0.01141	0.01422	0.01006	0.00914	0.06686	0.06899	0.03249	0.51331	0.05340	0.09849	0.01521	0.00908	0.00251	0.00462	0.01322	0.00835	0.00843
103	0.02120	0.72609	0.04155	0.01357	0.02035	0.03138	0.01357	0.02374	0.01611	0.01866	0.01102	0.01272	0.01018	0.00678	0.00509	0.00170	0.00848	0.00424	0.00339	0.01018
104	0.02765	0.08721	0.05627	0.01963	0.02613	0.10161	0.07143	0.43656	0.03113	0.04037	0.01706	0.01804	0.01253	0.00878	0.00770	0.00231	0.00990	0.00679	0.00653	0.01237
105	0.01497	0.01382	0.02311	0.67378	0.05276	0.01720	0.02135	0.02019	0.01589	0.02064	0.01458	0.02149	0.01097	0.00798	0.00783	0.00261	0.01029	0.00706	0.03474	0.00875
106	0.01972	0.01703	0.01793	0.01614	0.02062	0.01972	0.01255	0.04214	0.65752	0.03317	0.03228	0.02959	0.02421	0.01076	0.00807	0.00269	0.00628	0.00897	0.00807	0.01255
107	0.01114	0.00810	0.01048	0.00989	0.01179	0.00745	0.00741	0.01480	0.02224	0.03132	0.64025	0.06003	0.10254	0.01639	0.00935	0.00250	0.00375	0.01445	0.00867	0.00745
108	0.01133	0.00850	0.01274	0.01274	0.01416	0.00991	0.00991	0.01416	0.01274	0.01841	0.02124	0.03115	0.01982	0.05947	0.68989	0.01274	0.02124	0.00850	0.00425	0.00708
109	0.01122	0.00811	0.01060	0.00998	0.01185	0.00748	0.00748	0.01496	0.02245	0.03180	0.66766	0.05923	0.07482	0.01621	0.00935	0.00249	0.00374	0.01434	0.00873	0.00748
110	0.01590	0.04102	0.68023	0.02260	0.03432	0.01842	0.02930	0.02511	0.01674	0.02511	0.01423	0.01674	0.01005	0.00753	0.00753	0.00251	0.01172	0.00586	0.00335	0.01172
111	0.00966	0.00690	0.00920	0.01104	0.01150	0.00644	0.00736	0.01104	0.01518	0.02024	0.04371	0.71614	0.05245	0.02484	0.01012	0.00322	0.00460	0.02254	0.00736	0.00644
112	0.00966	0.00690	0.00920	0.01104	0.01150	0.00644	0.00736	0.01104	0.01518	0.02024	0.04371	0.71614	0.05245	0.02484	0.01012	0.00322	0.00460	0.02254	0.00736	0.00644
113	0.01644	0.01409	0.01644	0.01175	0.01879	0.01057	0.00940	0.01997	0.01644	0.02584	0.01409	0.01644	0.01175	0.00587	0.00587	0.00117	0.00587	0.00470	0.00470	0.76979
114	0.01870	0.01781	0.03031	0.12247	0.56998	0.01828	0.02340	0.02339	0.01756	0.02491	0.01512	0.02034	0.01267	0.00960	0.03960	0.00287	0.01010	0.00713	0.00389	0.01187
115	0.02268	0.49295	0.03543	0.01659	0.04480	0.13842	0.01441	0.05181	0.05026	0.02110	0.01275	0.01453	0.01112	0.00763	0.00665	0.00193	0.03774	0.00495	0.00395	0.01030
116	0.01122	0.00811	0.01060	0.00998	0.01185	0.00748	0.00748	0.01496	0.02245	0.03180	0.66766	0.05923	0.07482	0.01621	0.00935	0.00249	0.00374	0.01434	0.00873	0.00748
117	0.02223	0.04868	0.02026	0.01662	0.02155	0.04931	0.01320	0.15854	0.48298	0.03526	0.02796	0.02618	0.02094	0.01024	0.00788	0.00256	0.00718	0.00825	0.00768	0.01249
118	0.01735	0.01735	0.02429	0.02082	0.02082	0.02429	0.01735	0.01908	0.01214	0.01908	0.01041	0.01735	0.01041	0.01388	0.02602	0.00347	0.70680	0.00694	0.00347	0.00867
119	0.13374	0.07056	0.02006	0.01494	0.01998	0.04358	0.01235	0.33329	0.02769	0.03915	0.11615	0.02956	0.05588	0.01104	0.00767	0.00242	0.00749	0.03651	0.00708	0.01086
120	0.01377	0.00689	0.01033	0.01033	0.01033	0.00689	0.00689	0.01033	0.01033	0.01377	0.01377	0.02410	0.01377	0.02755	0.03099	0.76928	0.00689	0.00689	0.00344	0.00344
121	0.00959	0.00785	0.00846	0.00871	0.01095	0.00672	0.00638	0.01165	0.01799	0.02217	0.12746	0.18118	0.51235	0.02052	0.00949	0.00275	0.00409	0.01748	0.00749	0.00672
122	0.01608	0.06407	0.65873	0.02230	0.03385	0.01885	0.02877	0.02507	0.01672	0.02490	0.01412	0.01661	0.01005	0.00751	0.00745	0.00248	0.01161	0.00581	0.00335	0.01167
123	0.01559	0.01472	0.02489	0.61649	0.13561	0.01778	0.02233	0.02080	0.01614	0.02100	0.01420	0.02094	0.01083	0.00781	0.00792	0.00260	0.01042	0.00705	0.00358	0.00930
124	0.01122	0.00811	0.01060	0.00998	0.01185	0.00748	0.00748	0.01496	0.02245	0.03180	0.66766	0.05923	0.07482	0.01621	0.00935	0.00249	0.00374	0.01434	0.00873	0.00748
125	0.01153	0.00769	0.00865	0.00865	0.00865	0.00769	0.00480	0.01153	0.01153	0.01538	0.02499	0.05189	0.02883	0.72131	0.04036	0.00769	0.00769	0.01153	0.00480	0.00480
126	0.02599	0.02038	0.02103	0.01728	0.02273	0.05300	0.01387	0.33648	0.29629	0.06948	0.02482	0.02360	0.01811	0.00999	0.00796	0.00250	0.00787	0.00785	0.00789	0.01289
127	0.01938	0.01878	0.03260	0.07534	0.61280	0.01885	0.05673	0.02422	0.01800	0.02564	0.01494	0.01978	0.01245	0.00708	0.00793	0.00238	0.00968	0.00719	0.00391	0.01231
128	0.01478	0.00739	0.00739	0.00739	0.00924	0.00739	0.00554	0.01848	0.01663	0.02956	0.02587	0.02956	0.02033	0.00924	0.00554	0.00185	0.00370	0.00739	0.76534	0.00739
129	0.77733	0.01534	0.01166	0.01043	0.01534	0.01779	0.00859	0.02331	0.01350	0.03558	0.01104	0.01288	0.00859	0.00736	0.00491	0.00245	0.00613	0.00429	0.00491	0.00859
130	0.02704	0.03147	0.02162	0.01927	0.02332	0.48155	0.01472	0.08881	0.10283	0.02448	0.04285	0.01870	0.01500	0.00925	0.00838	0.00225	0.04720	0.00626	0.00511	0.00992
131	0.01113	0.00810	0.01047	0.00987	0.01179	0.00744	0.00741	0.01478	0.02222	0.03125	0.63682	0.06013	0.10601	0.01641	0.00935	0.00250	0.00376	0.01447	0.00866	0.00744
132	0.01116	0.00806	0.01054	0.01002	0.01183	0.00744	0.00748	0.01480	0.02215	0.03133	0.64209	0.08615	0.07391	0.01657	0.00938	0.00252	0.00378	0.01468	0.00867	0.00744
133	0.01133	0.00850	0.01274	0.01274	0.01416	0.00991	0.00991	0.01416	0.01274	0.01841	0.02124	0.03115	0.01982	0.05947	0.68989	0.01274	0.02124	0.00850	0.00425	0.00708
134	0.01162	0.00830	0.01009	0.00952	0.01182	0.00740	0.00718	0.01478	0.02105	0.05469	0.45320	0.06341	0.26328	0.01719	0.00930	0.00255	0.00395	0.01485	0.00833	0.00747
135	0.03014	0.02221	0.02380	0.01825	0.02459	0.02459	0.01507	0.64541	0.03728	0.04998	0.01904	0.01904	0.01349	0.00952	0.00793	0.00238	0.00873	0.00714	0.00793	0.01349
136	0.00962	0.00793	0.00845	0.00856	0.01092	0.00676	0.00633	0.01177	0.01831	0.02254	0.14645	0.13766	0.53709	0.02009	0.00944	0.00271	0.00404	0.01703	0.00753	0.00676
137	0.01644	0.01409	0.01644	0.01175	0.01879	0.01057	0.00940	0.01997	0.01644	0.02584	0.01409	0.01644	0.01175	0.00587	0.00587	0.00117	0.00587	0.00470	0.00470	0.76979
138	0.01498	0.01409	0.02378	0.70226	0.05462	0.01762	0.02202	0.02026	0.01586	0.02026	0.01409	0.02114	0.01057	0.00793	0.00793	0.00264	0.01057	0.00705	0.00352	0.00881
139	0.01133	0.00850	0.01274	0.01274	0.01416	0.00991	0.00991	0.01416	0.01274	0.01841	0.02124	0.03115	0.01982	0.05947	0.68989	0.01274	0.02124	0.00850	0.00425	0.00708
140	0.01886	0.01806	0.03080	0.15675	0.56978	0.01864	0.02395	0.02366	0.01769	0.02497	0.01478	0.01988	0.01223	0.00721	0.00786	0.00240	0.00961	0.00706	0.00386	0.01194
141	0.02638	0.01990	0.02132	0.01693	0.02255	0.02197	0.01379	0.48198	0.13550	0.04476	0.05491	0.02593	0.05609	0.01064	0.00810	0.00245	0.00783	0.00833	0.00796	0.01266
142	0.02315	0.01874	0.01986	0.01683	0.02193	0.02132	0.01338	0.24058	0.45350	0.03870	0.02792	0.02612	0.02068	0.01035	0.00802	0.00259	0.00708	0.00836	0.00802	0.01286
143	0.65452	0.01640	0.05113	0.04609	0.01835	0.01740	0.01054	0.02278	0.01376	0.03330	0.01192	0.01448	0.00936	0.01014	0.04119	0.00301	0.00748	0.00474	0.00471	0.00870
144	0.02030	0.41401	0.06101	0.01774	0.02301	0.02768	0.06745	0.05879	0.01654	0.02139	0.01187	0.01518	0.01058	0.00883	0.01121	0.00231	0.19270	0.00561	0.00373	0.01008
145	0.02434	0.01757	0.01967	0.01480	0.02123	0.01710	0.01208	0.31453	0.02672	0.08980	0.01829	0.01906	0.01355	0.00804	0.00699	0.00187	0.00719	0.00622	0.03839	0.32256
146	0.01963	0.01884	0.03219	0.04867	0.67185	0.01884	0.02434	0.02434	0.01806	0.02591	0.01492	0.01963	0.01256	0.00707	0.00785	0.00236	0.00942	0.00707	0.00393	0.01256
147	0.77733	0.01534	0.01166	0.01043	0.01534	0.01779	0.00859	0.02331	0.01350	0.03558	0.01104	0.01288	0.00859	0.00736	0.00491	0.00245	0.00613	0.00429	0.00491	0.00859
148	0.01153	0.00769	0.00865	0.00865	0.00865	0.00769	0.00480	0.01153	0.01153	0.01538	0.02499	0.05189	0.02883	0.72131	0.04036	0.00769	0.00769	0.01153	0.00480	0.00480
149	0.07165	0.01358	0.01807	0.01393	0.02000	0.01195	0.01151	0.03790	0.02225	0.64613	0.03030	0.02630	0.01909	0.00970	0.00783	0.00245	0.00672	0.00780	0.00958	0.01326
150	0.01153	0.00769	0.00865	0.00865	0.00865	0.00769	0.00480	0.01153	0.01153	0.01538	0.02499	0.05189	0.02883	0.72131	0.04036	0.00769	0.00769	0.01153	0.00480	0.00480
151	0.01109	0.00810	0.01041	0.00984	0.01176	0.00743	0.00738	0.01470	0.02213	0.03105	0.62506	0.06047	0.11790	0.01649	0.00935	0.00251	0.00376	0.01451	0.00863	0.00743
152	0.01590	0.04102	0.68023	0.02260	0.03432	0.01842	0.02930	0.02511	0.01674	0.02511	0.01423	0.01674	0.01005	0.00753	0.00753	0.00251	0.01172	0.00586	0.00335	0.01172
153	0.01153	0.00769	0.00865	0.00865	0.00865	0.00769	0.00480	0.01153	0.01153	0.01538	0.02499	0.05189	0.02883	0.72131	0.04036	0.00769	0.00769	0.01153	0.00480	0.00480
154	0.01620	0.03912	0.62199	0.02430	0.06439	0.01851	0.05619	0.02509	0.01689	0.02516	0.01434	0.01708	0.01025	0.00747	0.00763	0.00251	0.01169	0.00607	0.00340	0.01171
155	0.02097	0.04988	0.02478	0.02866	0.26320	0.10265	0.01732	0.03346	0.31453	0.02816	0.02246	0.02329	0.01756	0.00890	0.00775	0.00244	0.00853	0.00758	0.00584	0.01204
156	0.01747	0.07272	0.44509	0.02095	0.03048	0.01748	0.08384	0.02477	0.01756	0.07289	0.05092	0.04686	0.01605	0.00863	0.00773	0.00245	0.01040	0.00730	0.00438	0.04203
157	0.01797	0.03814	0.61093	0.02171	0.03285	0.01771	0.02745	0.02653	0.01737	0.09341	0.01602	0.01782	0.01105	0.00777	0.00758	0.00251	0.01120	0.00608	0.00403	0.01191
158	0.01849	0.02298	0.09794	0.03255	0.04087	0.01992	0.59349	0.02538	0.01856	0.02538	0.01590	0.02102	0.01187	0.00675	0.00921	0.00266	0.01324	0.00908	0.00396	0.01078
159	0.03558	0.01350	0.01840	0.01411	0.02024	0.01166	0.01166	0.03865	0.02270	0.67734	0.03128	0.02699	0.01963	0.00981	0.00797	0.00245	0.00675	0.00797	0.00981	0.01350
160	0.01813	0.02200	0.08759	0.08114	0.03870	0.04642	0.46277	0.02420	0.01802	0.02418	0.01680	0.05704	0.01375	0.00819	0.00984	0.00270	0.04488	0.00933	0.00408	0.01025
161	0.01989	0.01831	0.03150	0.10341	0.56116	0.01847	0.05117	0.02466	0.01810	0.05418	0.01562	0.02016	0.01268	0.00725	0.00793	0.00240	0.00958	0.00721	0.00415	0.01219
162	0.03537	0.01383	0.01861	0.01427	0.02041	0.01215	0.01178	0.06170	0.02325	0.65351	0.03082	0.02669	0.01940	0.00980	0.00797	0.00245	0.00682	0.00794	0.00974	0.01349
163	0.01000	0.00860	0.00943	0.01027	0.04549	0.00737	0.00706	0.01224	0.01829	0.02218	0.10647	0.07248	0.60427	0.01920	0.00929	0.00265	0.00429	0.01611	0.00725	0.00704
164	0.01590	0.04102	0.68023	0.02260	0.03432	0.01842	0.02930	0.02511	0.01674	0.02511	0.01423	0.01674	0.01005	0.00753	0.00753	0.00251	0.01172	0.00586	0.00335	0.01172
165	0.01263	0.00903	0.01258	0.01417	0.01600	0.00897	0.01228	0.01629	0.01865	0.02448	0.10032	0.08663	0.04836	0.02137	0.01080	0.00354	0.00697	0.56215	0.00744	0.00732
166	0.00966	0.00690	0.00920	0.01104	0.01150	0.00644	0.00736	0.01104	0.01518	0.02024	0.04371	0.71614	0.05245	0.02484	0.01012	0.00322	0.00460	0.02254	0.00736	0.00644
167	0.02962	0.03779	0.02247	0.02043	0.02451	0.68948	0.01532	0.03166	0.02247	0.01941	0.01226	0.01430	0.01021	0.00817	0.00715	0.00204	0.01430	0.00511	0.00409	0.00919
168	0.02962	0.03779	0.02247	0.02043	0.02451	0.68948	0.01532	0.03166	0.02247	0.01941	0.01226	0.01430	0.01021	0.00817	0.00715	0.00204	0.01430	0.00511	0.00409	0.00919
169	0.01644	0.01409	0.01644	0.01175	0.01879	0.01057	0.00940	0.01997	0.01644	0.02584	0.01409	0.01644	0.01175	0.00587	0.00587	0.00117	0.00587	0.00470	0.00470	0.76979
170	0.01644	0.01409	0.01644	0.01175	0.01879	0.01057	0.00940	0.01997	0.01644	0.02584	0.01409	0.01644	0.01175	0.00587	0.00587	0.00117	0.00587	0.00470	0.00470	0.76979
171	0.05589	0.03967	0.64511	0.02196	0.03332	0.01838	0.02821	0.02502	0.01657	0.02566	0.01406	0.01654	0.00997	0.00752	0.00740	0.00251	0.01143	0.00578	0.00343	0.01155
172	0.02120	0.72609	0.04155	0.01357	0.02035	0.03138	0.01357	0.02374	0.01611	0.01866	0.01102	0.01272	0.01018	0.00678	0.00509	0.00170	0.00848	0.00424	0.00339	0.01018
173	0.03445	0.01324	0.01804	0.01392	0.01985	0.01146	0.01146	0.03754	0.02268	0.64730	0.06090	0.02849	0.02220	0.01011	0.00804	0.00246	0.00661	0.00827	0.00976	0.01322
174	0.01644	0.01409	0.01644	0.01175	0.01879	0.01057	0.00940	0.01997	0.01644	0.02584	0.01409	0.01644	0.01175	0.00587	0.00587	0.00117	0.00587	0.00470	0.00470	0.76979
175	0.01517	0.01429	0.02414	0.67493	0.08043	0.01767	0.02212	0.02043	0.01595	0.02050	0.01413	0.02108	0.01065	0.00789	0.00792	0.00263	0.01052	0.00705	0.00354	0.00897
176	0.01963	0.01884	0.03219	0.04867	0.67185	0.01884	0.02434	0.02434	0.01806	0.02591	0.01492	0.01963	0.01256	0.00707	0.00785	0.00236	0.00942	0.00707	0.00393	0.01256
177	0.02173	0.01393	0.01699	0.01240	0.01919	0.01087	0.01002	0.02513	0.01817	0.20594	0.01885	0.01936	0.01392	0.00696	0.00645	0.00153	0.00611	0.00560	0.00611	0.56073
178	0.77733	0.01534	0.01166	0.01043	0.01534	0.01779	0.00859	0.02331	0.01350	0.03558	0.01104	0.01288	0.00859	0.00736	0.00491	0.00245	0.00613	0.00429	0.00491	0.00859
179	0.00997	0.00846	0.00868	0.00869	0.01141	0.00736	0.00663	0.01292	0.04496	0.02203	0.07645	0.07499	0.61125	0.01978	0.00939	0.00273	0.00427	0.04567	0.00739	0.00697
180	0.01153	0.00769	0.00865	0.00865	0.00865	0.00769	0.00480	0.01153	0.01153	0.01538	0.02499	0.05189	0.02883	0.72131	0.04036	0.00769	0.00769	0.01153	0.00480	0.00480
181	0.01644	0.01409	0.01644	0.01175	0.01879	0.01057	0.00940	0.01997	0.01644	0.02584	0.01409	0.01644	0.01175	0.00587	0.00587	0.00117	0.00587	0.00470	0.00470	0.76979
182	0.01963	0.01884	0.03219	0.04867	0.67185	0.01884	0.02434	0.02434	0.01806	0.02591	0.01492	0.01963	0.01256	0.00707	0.00785	0.00236	0.00942	0.00707	0.00393	0.01256
183	0.02064	0.01714	0.01807	0.01595	0.02051	0.01966	0.01249	0.10768	0.55778	0.03485	0.03050	0.02842	0.02283	0.01055	0.00793	0.00261	0.00642	0.00869	0.04488	0.01240
184	0.01525	0.01322	0.02094	0.09432	0.29712	0.01373	0.01631	0.01866	0.01646	0.02346	0.02538	0.25623	0.02648	0.01368	0.00926	0.00268	0.03982	0.01232	0.07521	0.00947
185	0.02320	0.02230	0.02314	0.06006	0.19830	0.20290	0.01670	0.08971	0.05782	0.05703	0.01733	0.02014	0.01370	0.00879	0.00878	0.00233	0.06258	0.00672	0.09782	0.01065
186	0.18137	0.05871	0.02286	0.36271	0.09708	0.08380	0.01796	0.04535	0.01699	0.02497	0.01334	0.01800	0.01038	0.00774	0.00703	0.00245	0.00968	0.00611	0.00406	0.00939
187	0.02021	0.01994	0.03162	0.04703	0.63428	0.05777	0.02381	0.02476	0.01831	0.02553	0.01476	0.01932	0.01242	0.00713	0.00781	0.00234	0.00970	0.00695	0.00393	0.01237
188	0.01741	0.01418	0.01687	0.01281	0.01881	0.01210	0.01021	0.02214	0.06596	0.05848	0.01749	0.05061	0.01491	0.00789	0.00775	0.00161	0.05486	0.00618	0.00525	0.58447
189	0.00971	0.00784	0.00863	0.00887	0.01103	0.00677	0.00649	0.01187	0.01823	0.02280	0.16365	0.18799	0.46771	0.02034	0.00950	0.00275	0.00408	0.01741	0.00757	0.00677
190	0.01755	0.01532	0.01912	0.01416	0.02034	0.01356	0.03648	0.06145	0.01739	0.02659	0.01405	0.01693	0.01171	0.00712	0.00861	0.00159	0.09182	0.00532	0.00473	0.59614
191	0.01232	0.03583	0.01446	0.01289	0.01443	0.03506	0.07134	0.01390	0.01485	0.01923	0.03427	0.36315	0.06321	0.23585	0.01902	0.00442	0.00692	0.01626	0.00597	0.00662
192	0.01787	0.05135	0.04684	0.01429	0.01999	0.01438	0.03443	0.04410	0.06489	0.05258	0.01814	0.05554	0.01543	0.00861	0.00843	0.00188	0.07182	0.00673	0.04930	0.40339
193	0.05740	0.04441	0.01840	0.01416	0.01955	0.01505	0.01149	0.05559	0.20200	0.32163	0.07725	0.02798	0.02354	0.01005	0.00770	0.00239	0.00643	0.00817	0.00832	0.06850

[dist]
# distance from previous block
# <min> <max>
24	52

[block]
# block no. 1 follows, 24 sequences, length 7
# corresponding to MSA columns:
# 1136-1142
name=unknown_B
#
# <colnr> <probs for GDERKNQSTAVLIFYWHMCP>
#	G	D	E	R	K	N	Q	S	T	A	V	L	I	F	Y	W	H	M	C	P
0	0.05729	0.01382	0.06754	0.01449	0.01839	0.01198	0.01269	0.06209	0.06071	0.16139	0.06210	0.15629	0.03455	0.01625	0.00918	0.00299	0.00692	0.21421	0.00755	0.00959
1	0.09072	0.07133	0.53070	0.02030	0.03066	0.01848	0.02510	0.02595	0.01687	0.07787	0.01512	0.01699	0.01068	0.00766	0.00719	0.00246	0.01062	0.00580	0.00402	0.01148
2	0.02724	0.01685	0.01945	0.01542	0.02130	0.01709	0.01249	0.19989	0.19223	0.24724	0.02581	0.02404	0.01806	0.00942	0.00769	0.00231	0.00703	0.00754	0.00812	0.12077
3	0.12708	0.03044	0.39967	0.02152	0.06922	0.01770	0.04724	0.02749	0.05695	0.10477	0.01704	0.01858	0.01209	0.00792	0.00734	0.00250	0.00992	0.00630	0.00470	0.01155
4	0.01855	0.11414	0.01898	0.01245	0.01768	0.01415	0.01021	0.02455	0.10745	0.10560	0.18358	0.02983	0.03015	0.00977	0.00720	0.00195	0.00587	0.00806	0.00661	0.27322
5	0.02427	0.01720	0.01923	0.01540	0.02078	0.01805	0.01242	0.28823	0.16116	0.11104	0.11482	0.02755	0.02494	0.01034	0.00793	0.00233	0.00695	0.00835	0.00791	0.10112
6	0.02155	0.12991	0.17260	0.05785	0.11972	0.08544	0.05254	0.16483	0.02246	0.02955	0.05676	0.02004	0.01550	0.00840	0.00750	0.00231	0.01000	0.00680	0.00493	0.01130

[dist]
# distance from previous block
# <min> <max>
14	35

[block]
# block no. 2 follows, 24 sequences, length 16
# corresponding to MSA columns:
# 1178-1193
name=unknown_C
#
# <colnr> <probs for GDERKNQSTAVLIFYWHMCP>
#	G	D	E	R	K	N	Q	S	T	A	V	L	I	F	Y	W	H	M	C	P
0	0.02596	0.01783	0.02394	0.06062	0.12239	0.01849	0.05576	0.28432	0.02704	0.16908	0.05923	0.05831	0.01985	0.01009	0.00821	0.00247	0.00833	0.00863	0.00723	0.01220
1	0.01669	0.09420	0.51905	0.02306	0.08356	0.01888	0.02592	0.02451	0.01677	0.02470	0.01401	0.01662	0.01040	0.00729	0.00722	0.00232	0.01078	0.00573	0.00351	0.07479
2	0.01932	0.02069	0.08616	0.04650	0.61875	0.01881	0.02475	0.02440	0.01795	0.02584	0.01486	0.01939	0.01235	0.00710	0.00782	0.00237	0.00961	0.00697	0.00388	0.01249
3	0.01963	0.01884	0.03219	0.04867	0.67185	0.01884	0.02434	0.02434	0.01806	0.02591	0.01492	0.01963	0.01256	0.00707	0.00785	0.00236	0.00942	0.00707	0.00393	0.01256
4	0.01498	0.01409	0.02378	0.70226	0.05462	0.01762	0.02202	0.02026	0.01586	0.02026	0.01409	0.02114	0.01057	0.00793	0.00793	0.00264	0.01057	0.00705	0.00352	0.00881
5	0.01484	0.01382	0.02314	0.60412	0.09086	0.01679	0.02098	0.01978	0.01594	0.02062	0.01655	0.07740	0.01409	0.00924	0.00810	0.00267	0.01001	0.00830	0.00386	0.00886
6	0.01498	0.01409	0.02378	0.70226	0.05462	0.01762	0.02202	0.02026	0.01586	0.02026	0.01409	0.02114	0.01057	0.00793	0.00793	0.00264	0.01057	0.00705	0.00352	0.00881
7	0.02877	0.02119	0.02282	0.01776	0.02371	0.02337	0.01456	0.60287	0.03580	0.04798	0.02069	0.06578	0.01610	0.01055	0.00808	0.00244	0.00845	0.00817	0.00789	0.01301
8	0.01724	0.01752	0.03373	0.08518	0.03342	0.01808	0.36707	0.02307	0.04127	0.02460	0.01852	0.06233	0.01549	0.00927	0.01101	0.00271	0.10434	0.00934	0.09613	0.00968
9	0.02752	0.01847	0.02051	0.01660	0.02222	0.02006	0.01343	0.29647	0.25957	0.17797	0.02647	0.02457	0.01870	0.01003	0.00799	0.00251	0.00741	0.00798	0.00838	0.01315
10	0.06146	0.01505	0.01706	0.01415	0.01862	0.01582	0.01120	0.19227	0.14945	0.17140	0.15278	0.03309	0.03003	0.06876	0.01073	0.00291	0.00663	0.00931	0.00811	0.01117
11	0.11650	0.10789	0.52689	0.02008	0.03039	0.01966	0.02496	0.02474	0.01625	0.02583	0.01348	0.01582	0.00987	0.00743	0.00694	0.00242	0.01065	0.00549	0.00356	0.01115
12	0.35426	0.01614	0.06980	0.01297	0.01829	0.01489	0.01148	0.05725	0.01836	0.20434	0.07089	0.05606	0.02051	0.01020	0.00692	0.00254	0.00668	0.03151	0.00674	0.01016
13	0.02629	0.01962	0.02121	0.01671	0.02228	0.02133	0.01350	0.49046	0.07542	0.04356	0.02137	0.06177	0.01722	0.05033	0.00976	0.00267	0.00807	0.00824	0.00752	0.06266
14	0.11075	0.09095	0.36842	0.01769	0.02594	0.01803	0.02030	0.07326	0.01897	0.02905	0.13062	0.02368	0.02172	0.00916	0.00735	0.00242	0.00908	0.00714	0.00488	0.01058
15	0.27010	0.01743	0.01769	0.01441	0.01975	0.01915	0.01177	0.27116	0.08399	0.11293	0.06952	0.02204	0.01835	0.00949	0.00708	0.00245	0.00705	0.00704	0.00724	0.01135

[dist]
# distance from previous block
# <min> <max>
0	4

[block]
# block no. 3 follows, 24 sequences, length 18
# corresponding to MSA columns:
# 1198-1215
name=unknown_D
#
# <colnr> <probs for GDERKNQSTAVLIFYWHMCP>
#	G	D	E	R	K	N	Q	S	T	A	V	L	I	F	Y	W	H	M	C	P
0	0.01880	0.22828	0.45553	0.01949	0.02944	0.02150	0.02367	0.02572	0.01700	0.07087	0.01459	0.01638	0.01078	0.00749	0.00689	0.00228	0.01046	0.00557	0.00383	0.01142
1	0.01365	0.00966	0.01346	0.01549	0.08223	0.00914	0.01078	0.01688	0.01929	0.06759	0.23046	0.16323	0.11634	0.01813	0.00966	0.00292	0.00566	0.17975	0.00756	0.00811
2	0.01739	0.01465	0.01695	0.01219	0.01919	0.01154	0.00979	0.06311	0.01788	0.02750	0.01444	0.01662	0.01187	0.00612	0.00601	0.00126	0.00607	0.00487	0.00492	0.71762
3	0.03091	0.01861	0.02133	0.01645	0.02265	0.01932	0.01353	0.37923	0.06458	0.26419	0.02377	0.02224	0.01611	0.00954	0.00787	0.00237	0.00780	0.00743	0.00846	0.04361
4	0.01963	0.01884	0.03219	0.04867	0.67185	0.01884	0.02434	0.02434	0.01806	0.02591	0.01492	0.01963	0.01256	0.00707	0.00785	0.00236	0.00942	0.00707	0.00393	0.01256
5	0.01158	0.00891	0.01094	0.01192	0.01399	0.00856	0.00963	0.01552	0.05879	0.02301	0.05457	0.18050	0.25548	0.02104	0.01010	0.00319	0.00570	0.28188	0.00738	0.00730
6	0.01592	0.01460	0.02379	0.65979	0.05275	0.01805	0.02159	0.05907	0.01719	0.02211	0.01440	0.02101	0.01075	0.00803	0.00793	0.00263	0.01046	0.00705	0.00380	0.00910
7	0.01828	0.01746	0.02975	0.23837	0.49270	0.01849	0.02366	0.02315	0.01742	0.02427	0.01468	0.02007	0.01198	0.00732	0.00787	0.00244	0.00975	0.00706	0.00381	0.01147
8	0.01544	0.01208	0.01448	0.05771	0.01885	0.01300	0.01125	0.02588	0.26074	0.05016	0.12899	0.13399	0.09092	0.01577	0.00910	0.00288	0.00598	0.11567	0.00765	0.00947
9	0.12942	0.05629	0.14940	0.01806	0.02501	0.09739	0.01689	0.34533	0.02750	0.03845	0.01592	0.01695	0.01164	0.00857	0.00723	0.00235	0.00956	0.00615	0.00601	0.01185
10	0.01787	0.05816	0.43038	0.02532	0.10652	0.01836	0.08669	0.02514	0.01726	0.06653	0.01653	0.04597	0.01286	0.00838	0.00831	0.00253	0.03053	0.00712	0.00406	0.01148
11	0.08494	0.02642	0.20797	0.01793	0.02498	0.06869	0.01764	0.29757	0.02644	0.03723	0.07318	0.02138	0.01743	0.00925	0.00756	0.00239	0.00917	0.00703	0.03125	0.01155
12	0.10085	0.07983	0.35202	0.02036	0.07134	0.01815	0.02107	0.02708	0.07740	0.09430	0.01864	0.05329	0.01451	0.00883	0.00732	0.00248	0.00934	0.00700	0.00488	0.01133
13	0.11588	0.02537	0.23663	0.01763	0.02515	0.01884	0.01794	0.23026	0.04064	0.09091	0.01870	0.04471	0.01416	0.01069	0.02919	0.00277	0.00930	0.00702	0.00597	0.03826
14	0.30027	0.13502	0.08386	0.01525	0.06053	0.01825	0.01284	0.02515	0.05807	0.09280	0.10749	0.02264	0.02066	0.00897	0.00651	0.00235	0.00701	0.00669	0.00566	0.00999
15	0.03786	0.09174	0.18241	0.02088	0.08533	0.01783	0.05986	0.02643	0.07118	0.13495	0.06116	0.07061	0.02022	0.01033	0.00948	0.00257	0.07220	0.00841	0.00560	0.01096
16	0.01983	0.02344	0.13129	0.05029	0.32775	0.10447	0.02068	0.06921	0.01989	0.02672	0.04778	0.02370	0.05004	0.00868	0.00776	0.00235	0.00961	0.00748	0.03782	0.01119
17	0.11530	0.10280	0.39176	0.05678	0.10590	0.01994	0.02347	0.05153	0.01727	0.02674	0.01378	0.01649	0.01034	0.00749	0.00702	0.00240	0.01021	0.00575	0.00383	0.01119

[dist]
# distance from previous block
# <min> <max>
3	85

[block]
# block no. 4 follows, 24 sequences, length 20
# corresponding to MSA columns:
# 1301-1320
name=unknown_E
#
# <colnr> <probs for GDERKNQSTAVLIFYWHMCP>
#	G	D	E	R	K	N	Q	S	T	A	V	L	I	F	Y	W	H	M	C	P
0	0.01875	0.04875	0.25260	0.02915	0.23154	0.01867	0.05833	0.08176	0.04778	0.02812	0.04023	0.02014	0.01447	0.00784	0.00766	0.00234	0.00972	0.00687	0.00451	0.07079
