[name]
unknown

[dist]
# distance from previous block
# <min> <max>
0	77

[block]
# block no. 0 follows, 23 sequences, length 21
# corresponding to MSA columns:
# 77-97
name=unknown_A
#
# <colnr> <probs for GDERKNQSTAVLIFYWHMCP>
#	G	D	E	R	K	N	Q	S	T	A	V	L	I	F	Y	W	H	M	C	P
0	0.01286	0.00887	0.01190	0.04658	0.01585	0.00878	0.00972	0.01640	0.05488	0.05880	0.08909	0.44995	0.04862	0.02169	0.01007	0.00320	0.00560	0.11181	0.00762	0.00770
1	0.06929	0.02334	0.02370	0.02201	0.10529	0.11451	0.01583	0.39396	0.05656	0.04136	0.01834	0.01938	0.01365	0.00915	0.00774	0.00238	0.00937	0.00693	0.03469	0.01252
2	0.01472	0.01116	0.01562	0.01397	0.01579	0.01174	0.04648	0.01685	0.01599	0.06047	0.11517	0.16973	0.03553	0.19934	0.02066	0.00423	0.12379	0.04176	0.00612	0.06090
3	0.01751	0.01519	0.02349	0.21471	0.03230	0.01652	0.11421	0.11586	0.01961	0.02681	0.02146	0.13329	0.02009	0.05339	0.01153	0.00298	0.05005	0.01028	0.04467	0.05603
4	0.01631	0.01257	0.01806	0.18476	0.02655	0.01400	0.04989	0.10363	0.01914	0.02726	0.07103	0.03023	0.02165	0.06294	0.16099	0.00513	0.01112	0.00863	0.14735	0.00877
5	0.01887	0.01607	0.02189	0.36835	0.03917	0.01895	0.01794	0.14084	0.15724	0.02931	0.02174	0.07627	0.01771	0.01038	0.00832	0.00271	0.00904	0.00888	0.00576	0.01056
6	0.05429	0.01046	0.01137	0.01028	0.01298	0.01087	0.00788	0.10063	0.01972	0.06555	0.07359	0.03214	0.02421	0.06993	0.06156	0.00341	0.00646	0.00838	0.40774	0.00855
7	0.01018	0.00732	0.00933	0.01070	0.01137	0.00682	0.00711	0.01160	0.01571	0.02083	0.07817	0.54506	0.10014	0.10834	0.01401	0.00377	0.00500	0.02078	0.00729	0.00646
8	0.01043	0.00787	0.00983	0.01079	0.01222	0.00700	0.00746	0.01220	0.01640	0.02178	0.07024	0.52465	0.15584	0.02277	0.00986	0.00301	0.00467	0.02034	0.00737	0.06526
9	0.01016	0.00718	0.00933	0.01095	0.01135	0.00677	0.00716	0.01137	0.01500	0.02000	0.04198	0.61565	0.05021	0.12402	0.01478	0.00395	0.00516	0.02146	0.00716	0.00635
10	0.00989	0.00706	0.00942	0.01130	0.01177	0.00659	0.00753	0.01130	0.01554	0.02071	0.04472	0.70954	0.05367	0.02542	0.01036	0.00330	0.00471	0.02307	0.00753	0.00659
11	0.01960	0.01356	0.01312	0.01165	0.01474	0.06396	0.00910	0.16196	0.02198	0.03322	0.02335	0.02671	0.01834	0.01413	0.06817	0.00305	0.00744	0.00743	0.45937	0.00911
12	0.01022	0.00728	0.00924	0.01067	0.01119	0.00684	0.00698	0.01141	0.01503	0.01988	0.04347	0.55301	0.08532	0.15017	0.01592	0.00409	0.00525	0.02067	0.00706	0.00630
13	0.01816	0.01399	0.01563	0.01476	0.01820	0.01542	0.01115	0.03308	0.41030	0.07479	0.03655	0.23901	0.03333	0.01537	0.00890	0.00290	0.00593	0.01338	0.00816	0.01099
14	0.03259	0.01517	0.01902	0.01490	0.02086	0.01438	0.01221	0.13175	0.07716	0.48165	0.03313	0.02957	0.05771	0.01070	0.00825	0.00253	0.00701	0.00864	0.00944	0.01331
15	0.01154	0.00815	0.00979	0.01002	0.01201	0.00722	0.00726	0.01386	0.01885	0.05790	0.20481	0.27615	0.29147	0.02064	0.00976	0.00286	0.00438	0.01800	0.00800	0.00732
16	0.01697	0.09057	0.02986	0.02192	0.02512	0.02074	0.18124	0.02034	0.01500	0.02120	0.01664	0.07405	0.01591	0.01963	0.12125	0.00461	0.28270	0.00896	0.00412	0.00916
17	0.04276	0.12917	0.02574	0.01731	0.02292	0.02331	0.04799	0.32261	0.10546	0.03809	0.02227	0.02296	0.04336	0.00993	0.00853	0.00242	0.04291	0.00757	0.05276	0.01194
18	0.26804	0.01329	0.01285	0.04648	0.01672	0.01474	0.00931	0.12994	0.01965	0.03548	0.01959	0.02226	0.01507	0.00880	0.00602	0.00223	0.00588	0.00645	0.33806	0.00915
19	0.02311	0.07865	0.02791	0.02164	0.02496	0.22354	0.09186	0.02654	0.04177	0.05491	0.01395	0.01794	0.01181	0.01063	0.01535	0.00278	0.29173	0.00676	0.00432	0.00982
20	0.14295	0.23155	0.02502	0.01388	0.02002	0.01985	0.01213	0.03278	0.07745	0.31415	0.02256	0.02116	0.01581	0.00879	0.00678	0.00229	0.00731	0.00650	0.00709	0.01191

[dist]
# distance from previous block
# <min> <max>
1	3

[block]
# block no. 1 follows, 23 sequences, length 55
# corresponding to MSA columns:
# 101-155
name=unknown_B
#
# <colnr> <probs for GDERKNQSTAVLIFYWHMCP>
#	G	D	E	R	K	N	Q	S	T	A	V	L	I	F	Y	W	H	M	C	P
0	0.01915	0.02189	0.04788	0.03420	0.04241	0.02052	0.63475	0.02599	0.01915	0.02599	0.01642	0.02189	0.01231	0.00684	0.00958	0.00274	0.01368	0.00958	0.00410	0.01094
1	0.15949	0.02333	0.01964	0.01699	0.02198	0.17740	0.01337	0.17022	0.25078	0.03491	0.02126	0.02110	0.01607	0.00948	0.00742	0.00248	0.00890	0.00697	0.00668	0.01152
2	0.01513	0.00756	0.00756	0.00756	0.00945	0.00756	0.00567	0.01891	0.01702	0.03025	0.02647	0.03025	0.02080	0.00945	0.00567	0.00189	0.00378	0.00756	0.75988	0.00756
3	0.01194	0.00882	0.01157	0.01287	0.01478	0.00844	0.01073	0.01513	0.01868	0.02411	0.09919	0.14447	0.17436	0.02186	0.01067	0.00340	0.00625	0.38783	0.00760	0.00728
4	0.02102	0.63576	0.12060	0.01503	0.02260	0.03046	0.01588	0.02447	0.01657	0.01991	0.01169	0.01353	0.01040	0.00704	0.00552	0.00184	0.00909	0.00454	0.00347	0.01061
5	0.01975	0.01894	0.03234	0.09480	0.62182	0.01919	0.02474	0.02461	0.01832	0.02611	0.01520	0.02019	0.01271	0.00729	0.00804	0.00243	0.00972	0.00723	0.00399	0.01259
6	0.01914	0.01985	0.03048	0.02439	0.02686	0.05131	0.17096	0.04578	0.01555	0.02238	0.01251	0.01872	0.01118	0.01195	0.02086	0.00324	0.47370	0.00765	0.00389	0.00960
7	0.01817	0.01985	0.04054	0.17993	0.04347	0.02036	0.44212	0.02423	0.01788	0.02423	0.01544	0.02145	0.01183	0.00780	0.01081	0.00280	0.07599	0.00882	0.00394	0.01033
8	0.01131	0.00829	0.01061	0.01003	0.01202	0.00758	0.00752	0.01498	0.02256	0.03157	0.60694	0.06221	0.13016	0.01695	0.00957	0.00257	0.00385	0.01490	0.00880	0.00758
9	0.01184	0.00853	0.01134	0.01126	0.01316	0.00803	0.00886	0.01565	0.02202	0.03070	0.52284	0.06748	0.06993	0.01788	0.00993	0.00282	0.00464	0.14687	0.00861	0.00762
10	0.64667	0.01639	0.01346	0.01182	0.01691	0.01892	0.00967	0.07237	0.07398	0.03730	0.01392	0.01523	0.01064	0.00802	0.00555	0.00253	0.00649	0.00505	0.00555	0.00954
11	0.01122	0.00819	0.01061	0.01065	0.01241	0.00758	0.00802	0.01451	0.02102	0.02900	0.45596	0.16621	0.12083	0.01886	0.00985	0.00280	0.00433	0.07210	0.00846	0.00740
12	0.00986	0.00717	0.00931	0.01102	0.01169	0.00661	0.00741	0.01133	0.01581	0.02082	0.04816	0.65162	0.10937	0.02497	0.01029	0.00324	0.00465	0.02252	0.00753	0.00661
13	0.01532	0.01442	0.02434	0.69533	0.05589	0.01803	0.02253	0.02073	0.01622	0.02073	0.01442	0.02163	0.01082	0.00811	0.00811	0.00270	0.01082	0.00721	0.00361	0.00901
14	0.01915	0.02189	0.04788	0.03420	0.04241	0.02052	0.63475	0.02599	0.01915	0.02599	0.01642	0.02189	0.01231	0.00684	0.00958	0.00274	0.01368	0.00958	0.00410	0.01094
15	0.01308	0.00934	0.01308	0.01494	0.01681	0.00934	0.01308	0.01681	0.01868	0.02428	0.04296	0.09153	0.04670	0.02242	0.01121	0.00374	0.00747	0.60960	0.00747	0.00747
16	0.01627	0.04197	0.67279	0.02313	0.03512	0.01884	0.02998	0.02570	0.01713	0.02570	0.01456	0.01713	0.01028	0.00771	0.00771	0.00257	0.01199	0.00600	0.00343	0.01199
17	0.02008	0.01928	0.03294	0.04981	0.66422	0.01928	0.02490	0.02490	0.01848	0.02651	0.01526	0.02008	0.01285	0.00723	0.00803	0.00241	0.00964	0.00723	0.00402	0.01285
18	0.01152	0.00775	0.00893	0.00921	0.00928	0.00768	0.00530	0.01173	0.01235	0.01647	0.02840	0.15003	0.03307	0.61303	0.03673	0.00719	0.00740	0.01346	0.00530	0.00516
19	0.00989	0.00706	0.00942	0.01130	0.01177	0.00659	0.00753	0.01130	0.01554	0.02071	0.04472	0.70954	0.05367	0.02542	0.01036	0.00330	0.00471	0.02307	0.00753	0.00659
20	0.02008	0.01928	0.03294	0.04981	0.66422	0.01928	0.02490	0.02490	0.01848	0.02651	0.01526	0.02008	0.01285	0.00723	0.00803	0.00241	0.00964	0.00723	0.00402	0.01285
21	0.67283	0.01501	0.01201	0.01068	0.01560	0.01698	0.00875	0.02375	0.01468	0.06960	0.01795	0.01902	0.06024	0.00868	0.00555	0.00253	0.00614	0.00559	0.00549	0.00891
22	0.01915	0.02189	0.04788	0.03420	0.04241	0.02052	0.63475	0.02599	0.01915	0.02599	0.01642	0.02189	0.01231	0.00684	0.00958	0.00274	0.01368	0.00958	0.00410	0.01094
23	0.01627	0.04197	0.67279	0.02313	0.03512	0.01884	0.02998	0.02570	0.01713	0.02570	0.01456	0.01713	0.01028	0.00771	0.00771	0.00257	0.01199	0.00600	0.00343	0.01199
24	0.01188	0.00932	0.01108	0.01175	0.01406	0.00894	0.00939	0.01643	0.07628	0.02414	0.08394	0.15115	0.29489	0.02072	0.01012	0.00314	0.00554	0.22197	0.00764	0.00762
25	0.01532	0.01442	0.02434	0.69533	0.05589	0.01803	0.02253	0.02073	0.01622	0.02073	0.01442	0.02163	0.01082	0.00811	0.00811	0.00270	0.01082	0.00721	0.00361	0.00901
26	0.01180	0.00787	0.00885	0.00885	0.00885	0.00787	0.00492	0.01180	0.01180	0.01573	0.02557	0.05310	0.02950	0.71483	0.04130	0.00787	0.00787	0.01180	0.00492	0.00492
27	0.02383	0.01870	0.01884	0.01655	0.02139	0.07755	0.01294	0.04156	0.48766	0.14060	0.03104	0.02843	0.02270	0.01061	0.00816	0.00265	0.00723	0.00865	0.00820	0.01270
28	0.01627	0.04197	0.67279	0.02313	0.03512	0.01884	0.02998	0.02570	0.01713	0.02570	0.01456	0.01713	0.01028	0.00771	0.00771	0.00257	0.01199	0.00600	0.00343	0.01199
29	0.66149	0.01641	0.01358	0.01171	0.01694	0.01875	0.00965	0.09319	0.01689	0.06179	0.01299	0.01443	0.00977	0.00787	0.00549	0.00250	0.00660	0.00486	0.00556	0.00954
30	0.00994	0.00718	0.00930	0.01096	0.01159	0.00666	0.00733	0.01134	0.01562	0.02062	0.04691	0.63505	0.10008	0.05157	0.01149	0.00343	0.00478	0.02217	0.00743	0.00655
31	0.01532	0.01442	0.02434	0.69533	0.05589	0.01803	0.02253	0.02073	0.01622	0.02073	0.01442	0.02163	0.01082	0.00811	0.00811	0.00270	0.01082	0.00721	0.00361	0.00901
32	0.01033	0.00886	0.00893	0.00880	0.01167	0.00778	0.00663	0.01384	0.06248	0.02276	0.07877	0.07476	0.61659	0.01989	0.00950	0.00274	0.00427	0.01657	0.00759	0.00727
33	0.01308	0.00934	0.01308	0.01494	0.01681	0.00934	0.01308	0.01681	0.01868	0.02428	0.04296	0.09153	0.04670	0.02242	0.01121	0.00374	0.00747	0.60960	0.00747	0.00747
34	0.02008	0.01928	0.03294	0.04981	0.66422	0.01928	0.02490	0.02490	0.01848	0.02651	0.01526	0.02008	0.01285	0.00723	0.00803	0.00241	0.00964	0.00723	0.00402	0.01285
35	0.03085	0.02273	0.02435	0.01867	0.02516	0.02516	0.01542	0.63716	0.03815	0.05114	0.01948	0.01948	0.01380	0.00974	0.00812	0.00244	0.00893	0.00731	0.00812	0.01380
36	0.01988	0.01907	0.03257	0.07730	0.63831	0.01923	0.02480	0.02472	0.01838	0.02626	0.01523	0.02015	0.01277	0.00727	0.00804	0.00242	0.00969	0.00723	0.00400	0.01269
37	0.00989	0.00706	0.00942	0.01130	0.01177	0.00659	0.00753	0.01130	0.01554	0.02071	0.04472	0.70954	0.05367	0.02542	0.01036	0.00330	0.00471	0.02307	0.00753	0.00659
38	0.03345	0.01447	0.01874	0.01482	0.02078	0.01343	0.01209	0.04020	0.13748	0.55384	0.03220	0.02810	0.02094	0.01022	0.00818	0.00255	0.00682	0.00834	0.00972	0.01363
39	0.02974	0.02134	0.02095	0.01722	0.02279	0.12811	0.01376	0.20820	0.18533	0.22761	0.02552	0.02385	0.01790	0.00992	0.00803	0.00248	0.00863	0.00769	0.00808	0.01284
40	0.01001	0.00716	0.00953	0.01121	0.01180	0.00667	0.00754	0.01161	0.01611	0.02164	0.09269	0.65894	0.05545	0.02473	0.01030	0.00324	0.00464	0.02241	0.00764	0.00667
41	0.01915	0.02189	0.04788	0.03420	0.04241	0.02052	0.63475	0.02599	0.01915	0.02599	0.01642	0.02189	0.01231	0.00684	0.00958	0.00274	0.01368	0.00958	0.00410	0.01094
42	0.03034	0.03795	0.02306	0.02080	0.02509	0.65238	0.01567	0.05990	0.02368	0.02128	0.01286	0.01485	0.01060	0.00842	0.00735	0.00211	0.01437	0.00532	0.00436	0.00961
43	0.02987	0.02224	0.02380	0.01847	0.02479	0.02471	0.01519	0.58267	0.09423	0.04956	0.02072	0.02047	0.01481	0.00986	0.00813	0.00246	0.00870	0.00748	0.00813	0.01371
44	0.01240	0.00849	0.01094	0.01029	0.01241	0.00774	0.00773	0.01595	0.02231	0.06018	0.55969	0.08858	0.11856	0.01698	0.00954	0.00260	0.00403	0.01493	0.00881	0.00783
45	0.03085	0.02273	0.02435	0.01867	0.02516	0.02516	0.01542	0.63716	0.03815	0.05114	0.01948	0.01948	0.01380	0.00974	0.00812	0.00244	0.00893	0.00731	0.00812	0.01380
46	0.01938	0.01856	0.03167	0.14512	0.57439	0.01909	0.02455	0.02429	0.01814	0.02566	0.01514	0.02031	0.01255	0.00736	0.00804	0.00245	0.00981	0.00723	0.00396	0.01229
47	0.01081	0.00753	0.00953	0.01077	0.01120	0.00726	0.00711	0.01193	0.01453	0.01932	0.03805	0.43394	0.04485	0.25979	0.02096	0.00489	0.00602	0.06877	0.00664	0.00610
48	0.01683	0.01442	0.01683	0.01202	0.01923	0.01082	0.00961	0.02043	0.01683	0.02644	0.01442	0.01683	0.01202	0.00601	0.00601	0.00120	0.00601	0.00481	0.00481	0.76444
49	0.01894	0.02120	0.04503	0.03217	0.04028	0.01963	0.57741	0.02548	0.01894	0.02603	0.01623	0.02142	0.01228	0.00676	0.00925	0.00260	0.01298	0.00914	0.00417	0.08006
50	0.03641	0.01381	0.01883	0.01444	0.02071	0.01193	0.01193	0.03954	0.02322	0.66984	0.03201	0.02762	0.02009	0.01004	0.00816	0.00251	0.00690	0.00816	0.01004	0.01381
51	0.02169	0.71972	0.04252	0.01388	0.02083	0.03211	0.01388	0.02430	0.01649	0.01909	0.01128	0.01302	0.01041	0.00694	0.00521	0.00174	0.00868	0.00434	0.00347	0.01041
52	0.01915	0.02189	0.04788	0.03420	0.04241	0.02052	0.63475	0.02599	0.01915	0.02599	0.01642	0.02189	0.01231	0.00684	0.00958	0.00274	0.01368	0.00958	0.00410	0.01094
53	0.02873	0.02193	0.02443	0.01909	0.02454	0.02511	0.01580	0.53746	0.03400	0.04604	0.01806	0.01920	0.01329	0.01046	0.01111	0.00262	0.12048	0.00727	0.00738	0.01300
54	0.03069	0.01603	0.01944	0.01544	0.02128	0.01581	0.01254	0.16570	0.12693	0.38188	0.02937	0.05545	0.02064	0.01064	0.00818	0.00252	0.00713	0.00866	0.00903	0.04264

[dist]
# distance from previous block
# <min> <max>
0	2

[block]
# block no. 2 follows, 23 sequences, length 58
# corresponding to MSA columns:
# 158-215
name=unknown_C
#
# <colnr> <probs for GDERKNQSTAVLIFYWHMCP>
#	G	D	E	R	K	N	Q	S	T	A	V	L	I	F	Y	W	H	M	C	P
0	0.02552	0.01861	0.02031	0.01680	0.02216	0.02058	0.01347	0.26797	0.31890	0.10733	0.05928	0.02740	0.02270	0.01070	0.00826	0.00260	0.00730	0.00863	0.00843	0.01305
1	0.02382	0.01736	0.01932	0.04132	0.02248	0.01913	0.01320	0.20169	0.31999	0.11299	0.03148	0.06422	0.05295	0.01165	0.00837	0.00266	0.00713	0.00957	0.00819	0.01247
2	0.01513	0.00756	0.00756	0.00756	0.00945	0.00756	0.00567	0.01891	0.01702	0.03025	0.02647	0.03025	0.02080	0.00945	0.00567	0.00189	0.00378	0.00756	0.75988	0.00756
3	0.01766	0.01530	0.01917	0.01376	0.02100	0.01213	0.04977	0.05073	0.01801	0.02761	0.01480	0.01728	0.01212	0.00624	0.00634	0.00136	0.00664	0.00523	0.00492	0.67992
4	0.02760	0.01938	0.02157	0.01645	0.02299	0.01986	0.01347	0.38653	0.06195	0.11878	0.02045	0.02036	0.01468	0.00894	0.00762	0.00216	0.00785	0.00690	0.00756	0.19489
5	0.00989	0.00706	0.00942	0.01130	0.01177	0.00659	0.00753	0.01130	0.01554	0.02071	0.04472	0.70954	0.05367	0.02542	0.01036	0.00330	0.00471	0.02307	0.00753	0.00659
6	0.05279	0.06469	0.52640	0.02138	0.03165	0.01831	0.04990	0.02440	0.01729	0.02614	0.05166	0.04716	0.01574	0.00884	0.00776	0.00257	0.01089	0.00716	0.00400	0.01127
7	0.03343	0.01543	0.06017	0.01474	0.02126	0.01217	0.01283	0.03701	0.02257	0.57988	0.05345	0.02775	0.02123	0.00998	0.00810	0.00246	0.00708	0.00813	0.00937	0.04296
8	0.01638	0.01395	0.01635	0.01197	0.01875	0.01055	0.00948	0.01985	0.01674	0.02608	0.01636	0.06101	0.01468	0.00725	0.00629	0.00134	0.00593	0.00597	0.00498	0.71610
9	0.02903	0.01532	0.06066	0.01541	0.02140	0.01244	0.04371	0.03364	0.04970	0.44884	0.09302	0.06184	0.02621	0.01100	0.00837	0.00253	0.00710	0.00936	0.00881	0.04159
10	0.01859	0.01919	0.02343	0.02035	0.02085	0.09436	0.01662	0.02035	0.01356	0.01935	0.01199	0.01966	0.01191	0.04934	0.04978	0.00396	0.56713	0.00719	0.00371	0.00868
11	0.77215	0.01569	0.01193	0.01067	0.01569	0.01820	0.00879	0.02385	0.01381	0.03641	0.01130	0.01318	0.00879	0.00753	0.00502	0.00251	0.00628	0.00439	0.00502	0.00879
12	0.01989	0.01686	0.02183	0.20637	0.10092	0.01935	0.01688	0.05705	0.35910	0.05556	0.02544	0.02628	0.01904	0.00972	0.00818	0.00268	0.00809	0.00831	0.00658	0.01187
13	0.02008	0.01928	0.03294	0.04981	0.66422	0.01928	0.02490	0.02490	0.01848	0.02651	0.01526	0.02008	0.01285	0.00723	0.00803	0.00241	0.00964	0.00723	0.00402	0.01285
14	0.01180	0.00787	0.00885	0.00885	0.00885	0.00787	0.00492	0.01180	0.01180	0.01573	0.02557	0.05310	0.02950	0.71483	0.04130	0.00787	0.00787	0.01180	0.00492	0.00492
15	0.77215	0.01569	0.01193	0.01067	0.01569	0.01820	0.00879	0.02385	0.01381	0.03641	0.01130	0.01318	0.00879	0.00753	0.00502	0.00251	0.00628	0.00439	0.00502	0.00879
16	0.03015	0.02238	0.02396	0.01853	0.02490	0.02484	0.01526	0.59864	0.07779	0.05002	0.02036	0.02018	0.01451	0.00982	0.00813	0.00246	0.00877	0.00743	0.00813	0.01374
17	0.01977	0.01896	0.03238	0.09166	0.62477	0.01920	0.02475	0.02463	0.01833	0.02613	0.01521	0.02018	0.01272	0.00729	0.00804	0.00243	0.00972	0.00723	0.00399	0.01260
18	0.01244	0.00995	0.01467	0.01418	0.01543	0.01217	0.01119	0.01519	0.01296	0.01893	0.02020	0.02993	0.01895	0.05441	0.59205	0.01173	0.11542	0.00847	0.00424	0.00747
19	0.01107	0.00768	0.00916	0.00986	0.01026	0.00744	0.00618	0.01182	0.01373	0.01811	0.03621	0.27399	0.07846	0.41500	0.02785	0.00586	0.00656	0.03901	0.00605	0.00569
20	0.01271	0.00851	0.01094	0.01039	0.01252	0.00773	0.00777	0.01606	0.02175	0.07087	0.49661	0.12920	0.12910	0.01751	0.00957	0.00265	0.00415	0.01540	0.00871	0.00785
21	0.73630	0.01603	0.01253	0.01106	0.01615	0.01854	0.00911	0.05352	0.01499	0.03712	0.01169	0.01349	0.00903	0.00764	0.00517	0.00251	0.00641	0.00453	0.00517	0.00903
22	0.01775	0.01775	0.02485	0.02130	0.02130	0.02485	0.01775	0.01953	0.01243	0.01953	0.01065	0.01775	0.01065	0.01420	0.02663	0.00355	0.69998	0.00710	0.00355	0.00888
23	0.01627	0.04197	0.67279	0.02313	0.03512	0.01884	0.02998	0.02570	0.01713	0.02570	0.01456	0.01713	0.01028	0.00771	0.00771	0.00257	0.01199	0.00600	0.00343	0.01199
24	0.01148	0.00829	0.01085	0.01021	0.01212	0.00766	0.00766	0.01531	0.02297	0.03254	0.65994	0.06061	0.07656	0.01659	0.00957	0.00255	0.00383	0.01467	0.00893	0.00766
25	0.01775	0.01775	0.02485	0.02130	0.02130	0.02485	0.01775	0.01953	0.01243	0.01953	0.01065	0.01775	0.01065	0.01420	0.02663	0.00355	0.69998	0.00710	0.00355	0.00888
26	0.01180	0.00787	0.00885	0.00885	0.00885	0.00787	0.00492	0.01180	0.01180	0.01573	0.02557	0.05310	0.02950	0.71483	0.04130	0.00787	0.00787	0.01180	0.00492	0.00492
27	0.02189	0.01690	0.01833	0.01613	0.02085	0.01903	0.01264	0.06534	0.53577	0.09894	0.05835	0.03083	0.02600	0.01109	0.00830	0.00271	0.00646	0.00922	0.00846	0.01276
28	0.01513	0.00756	0.00756	0.00756	0.00945	0.00756	0.00567	0.01891	0.01702	0.03025	0.02647	0.03025	0.02080	0.00945	0.00567	0.00189	0.00378	0.00756	0.75988	0.00756
29	0.03015	0.06762	0.02468	0.01784	0.02426	0.05694	0.01480	0.49053	0.03384	0.10016	0.01949	0.01942	0.01389	0.00937	0.00781	0.00233	0.00891	0.00698	0.00765	0.04335
30	0.02260	0.02147	0.03679	0.02749	0.03439	0.02079	0.35528	0.12406	0.05541	0.03189	0.02042	0.04682	0.01664	0.00999	0.01059	0.00298	0.04503	0.00956	0.00594	0.10187
31	0.77215	0.01569	0.01193	0.01067	0.01569	0.01820	0.00879	0.02385	0.01381	0.03641	0.01130	0.01318	0.00879	0.00753	0.00502	0.00251	0.00628	0.00439	0.00502	0.00879
32	0.01160	0.00865	0.01281	0.01281	0.01417	0.01002	0.00985	0.01434	0.01297	0.01866	0.02195	0.03306	0.02080	0.09744	0.64679	0.01275	0.02096	0.00887	0.00438	0.00711
33	0.01895	0.01962	0.03133	0.08963	0.03100	0.04758	0.19546	0.04834	0.01622	0.02286	0.01312	0.01927	0.01127	0.01109	0.01843	0.00313	0.38129	0.00776	0.00393	0.00971
34	0.01018	0.00727	0.00975	0.01163	0.01223	0.00684	0.00804	0.01181	0.01582	0.02104	0.04456	0.65269	0.05303	0.02514	0.01044	0.00334	0.00496	0.07702	0.00753	0.00667
35	0.01352	0.00880	0.01153	0.01099	0.01323	0.00809	0.00848	0.01709	0.02200	0.08256	0.48922	0.08892	0.09822	0.01723	0.00966	0.00271	0.00451	0.07643	0.00874	0.00805
36	0.77215	0.01569	0.01193	0.01067	0.01569	0.01820	0.00879	0.02385	0.01381	0.03641	0.01130	0.01318	0.00879	0.00753	0.00502	0.00251	0.00628	0.00439	0.00502	0.00879
37	0.02442	0.01877	0.02073	0.01574	0.02223	0.01873	0.01280	0.36862	0.02882	0.04013	0.01871	0.05101	0.01499	0.00903	0.00741	0.00200	0.00760	0.00708	0.00681	0.30437
38	0.26149	0.01568	0.01701	0.01371	0.01934	0.01607	0.01122	0.12680	0.05195	0.28714	0.05816	0.02344	0.01868	0.00948	0.00718	0.00247	0.00680	0.00715	0.00785	0.03838
39	0.02018	0.01743	0.01835	0.01651	0.02110	0.02018	0.01284	0.04312	0.64956	0.03394	0.03303	0.03027	0.02477	0.01101	0.00826	0.00275	0.00642	0.00917	0.00826	0.01284
40	0.01532	0.01442	0.02434	0.69533	0.05589	0.01803	0.02253	0.02073	0.01622	0.02073	0.01442	0.02163	0.01082	0.00811	0.00811	0.00270	0.01082	0.00721	0.00361	0.00901
41	0.01247	0.00851	0.01116	0.01038	0.01246	0.00783	0.00783	0.01627	0.02298	0.05775	0.63510	0.05931	0.07433	0.01633	0.00951	0.00255	0.00395	0.01442	0.00898	0.00790
42	0.01513	0.00756	0.00756	0.00756	0.00945	0.00756	0.00567	0.01891	0.01702	0.03025	0.02647	0.03025	0.02080	0.00945	0.00567	0.00189	0.00378	0.00756	0.75988	0.00756
43	0.01787	0.01939	0.04001	0.25521	0.04691	0.01969	0.43009	0.02423	0.01817	0.02423	0.01575	0.02180	0.01181	0.00727	0.00909	0.00273	0.01272	0.00879	0.00394	0.01030
44	0.01860	0.33327	0.40190	0.01915	0.02898	0.02454	0.02306	0.02510	0.01685	0.02286	0.01315	0.01536	0.01034	0.00738	0.00663	0.00221	0.01057	0.00528	0.00345	0.01131
45	0.03031	0.03867	0.02299	0.02090	0.02508	0.68226	0.01568	0.03240	0.02299	0.01986	0.01254	0.01463	0.01045	0.00836	0.00732	0.00209	0.01463	0.00523	0.00418	0.00941
46	0.77215	0.01569	0.01193	0.01067	0.01569	0.01820	0.00879	0.02385	0.01381	0.03641	0.01130	0.01318	0.00879	0.00753	0.00502	0.00251	0.00628	0.00439	0.00502	0.00879
47	0.02427	0.01946	0.02065	0.01734	0.02266	0.02209	0.01383	0.27058	0.41544	0.04053	0.02784	0.02614	0.02057	0.01052	0.00820	0.00263	0.00738	0.00846	0.00820	0.01321
48	0.01409	0.00705	0.01057	0.01057	0.01057	0.00705	0.00705	0.01057	0.01057	0.01409	0.01409	0.02467	0.01409	0.02819	0.03171	0.76392	0.00705	0.00705	0.00352	0.00352
49	0.02769	0.02116	0.02258	0.01803	0.02396	0.02369	0.01466	0.46153	0.21891	0.04605	0.02349	0.02267	0.01704	0.01012	0.00816	0.00253	0.00819	0.00786	0.00816	0.01352
50	0.77215	0.01569	0.01193	0.01067	0.01569	0.01820	0.00879	0.02385	0.01381	0.03641	0.01130	0.01318	0.00879	0.00753	0.00502	0.00251	0.00628	0.00439	0.00502	0.00879
51	0.01391	0.00919	0.01142	0.01063	0.01317	0.00847	0.00805	0.01811	0.05211	0.09273	0.42095	0.10119	0.17495	0.01698	0.00942	0.00264	0.00437	0.01476	0.00866	0.00830
52	0.14050	0.09900	0.02482	0.01833	0.02415	0.13217	0.01475	0.29822	0.06378	0.06958	0.01973	0.02120	0.01521	0.01046	0.00818	0.00276	0.00989	0.00706	0.00727	0.01292
53	0.03196	0.01413	0.01832	0.01443	0.02033	0.01289	0.01176	0.03804	0.11422	0.51653	0.05804	0.02885	0.02276	0.01025	0.00812	0.00248	0.00666	0.00841	0.00946	0.05234
54	0.01321	0.00948	0.01149	0.01090	0.01327	0.00900	0.00816	0.05083	0.04856	0.05232	0.37087	0.16052	0.17469	0.01786	0.00951	0.00270	0.00452	0.01557	0.00842	0.00812
55	0.01513	0.00756	0.00756	0.00756	0.00945	0.00756	0.00567	0.01891	0.01702	0.03025	0.02647	0.03025	0.02080	0.00945	0.00567	0.00189	0.00378	0.00756	0.75988	0.00756
56	0.01977	0.01896	0.03238	0.09166	0.62477	0.01920	0.02475	0.02463	0.01833	0.02613	0.01521	0.02018	0.01272	0.00729	0.00804	0.00243	0.00972	0.00723	0.00399	0.01260
57	0.02124	0.68825	0.04112	0.01372	0.02044	0.03103	0.01361	0.02390	0.01677	0.01969	0.03997	0.01512	0.01334	0.00737	0.00540	0.00177	0.00846	0.00480	0.00371	0.01029

[dist]
# distance from previous block
# <min> <max>
0	2

[block]
# block no. 3 follows, 23 sequences, length 40
# corresponding to MSA columns:
# 218-257
name=unknown_D
#
# <colnr> <probs for GDERKNQSTAVLIFYWHMCP>
#	G	D	E	R	K	N	Q	S	T	A	V	L	I	F	Y	W	H	M	C	P
0	0.01260	0.00969	0.01138	0.01075	0.01333	0.00923	0.00830	0.05074	0.05885	0.02981	0.36659	0.06404	0.24914	0.01750	0.00953	0.00270	0.00460	0.05487	0.00832	0.00804
1	0.05658	0.02300	0.02383	0.05206	0.02634	0.06305	0.01555	0.54923	0.03530	0.04727	0.01853	0.01908	0.01328	0.00950	0.00796	0.00243	0.00926	0.00707	0.00755	0.01313
2	0.01583	0.03144	0.42794	0.06157	0.03275	0.01733	0.08684	0.02344	0.01785	0.02586	0.08857	0.02765	0.02033	0.00986	0.00912	0.00271	0.03863	0.04709	0.00439	0.01080
3	0.01513	0.00756	0.00756	0.00756	0.00945	0.00756	0.00567	0.01891	0.01702	0.03025	0.02647	0.03025	0.02080	0.00945	0.00567	0.00189	0.00378	0.00756	0.75988	0.00756
4	0.03394	0.01551	0.01966	0.01516	0.02127	0.01464	0.01249	0.17061	0.02652	0.50131	0.06037	0.02745	0.02149	0.01030	0.00822	0.00250	0.00720	0.00829	0.00956	0.01350
5	0.07427	0.02232	0.02362	0.01820	0.02461	0.02476	0.01503	0.60123	0.03673	0.05028	0.01900	0.01911	0.01351	0.00961	0.00794	0.00244	0.00877	0.00713	0.00794	0.01351
6	0.02968	0.03762	0.02309	0.02092	0.02489	0.64920	0.01578	0.03175	0.02246	0.01984	0.01245	0.01479	0.01046	0.00866	0.00829	0.00216	0.04909	0.00532	0.00415	0.00938
7	0.01683	0.01442	0.01683	0.01202	0.01923	0.01082	0.00961	0.02043	0.01683	0.02644	0.01442	0.01683	0.01202	0.00601	0.00601	0.00120	0.00601	0.00481	0.00481	0.76444
8	0.01513	0.00756	0.00756	0.00756	0.00945	0.00756	0.00567	0.01891	0.01702	0.03025	0.02647	0.03025	0.02080	0.00945	0.00567	0.00189	0.00378	0.00756	0.75988	0.00756
9	0.01832	0.02028	0.04317	0.03305	0.08144	0.01909	0.53315	0.02450	0.01876	0.02552	0.01907	0.08801	0.01633	0.00866	0.00955	0.00277	0.01254	0.01072	0.00443	0.01065
10	0.03031	0.03867	0.02299	0.02090	0.02508	0.68226	0.01568	0.03240	0.02299	0.01986	0.01254	0.01463	0.01045	0.00836	0.00732	0.00209	0.01463	0.00523	0.00418	0.00941
11	0.77215	0.01569	0.01193	0.01067	0.01569	0.01820	0.00879	0.02385	0.01381	0.03641	0.01130	0.01318	0.00879	0.00753	0.00502	0.00251	0.00628	0.00439	0.00502	0.00879
12	0.77215	0.01569	0.01193	0.01067	0.01569	0.01820	0.00879	0.02385	0.01381	0.03641	0.01130	0.01318	0.00879	0.00753	0.00502	0.00251	0.00628	0.00439	0.00502	0.00879
13	0.02023	0.01729	0.01820	0.01626	0.02086	0.01985	0.01268	0.06896	0.59516	0.03423	0.03447	0.03178	0.05092	0.01135	0.00831	0.00274	0.00644	0.00942	0.00822	0.01264
14	0.01513	0.00756	0.00756	0.00756	0.00945	0.00756	0.00567	0.01891	0.01702	0.03025	0.02647	0.03025	0.02080	0.00945	0.00567	0.00189	0.00378	0.00756	0.75988	0.00756
15	0.01254	0.01000	0.01153	0.01081	0.01285	0.04544	0.00811	0.01627	0.02297	0.03183	0.62367	0.05804	0.07286	0.01613	0.00944	0.00253	0.00443	0.01415	0.00867	0.00775
16	0.01649	0.06949	0.64720	0.02275	0.03454	0.01938	0.02933	0.02564	0.01711	0.02543	0.01443	0.01696	0.01028	0.00768	0.00761	0.00254	0.01186	0.00593	0.00343	0.01193
17	0.69129	0.01549	0.01268	0.01108	0.01624	0.01751	0.00913	0.02558	0.01484	0.10603	0.01357	0.01477	0.01003	0.00781	0.00537	0.00251	0.00635	0.00481	0.00557	0.00934
18	0.01156	0.00852	0.01087	0.01058	0.01243	0.00803	0.00781	0.01582	0.04996	0.03039	0.51565	0.15844	0.09359	0.01783	0.00963	0.00268	0.00409	0.01580	0.00863	0.00770
19	0.02988	0.07248	0.02396	0.02056	0.02487	0.64998	0.01559	0.03200	0.02267	0.01982	0.01248	0.01455	0.01045	0.00829	0.00721	0.00207	0.01434	0.00518	0.00415	0.00946
20	0.01921	0.02172	0.04690	0.03522	0.08324	0.02044	0.59470	0.02592	0.01911	0.02603	0.01634	0.02177	0.01235	0.00687	0.00947	0.00271	0.01341	0.00942	0.00410	0.01107
21	0.01470	0.01093	0.01509	0.01496	0.01665	0.01185	0.01133	0.01662	0.01491	0.02158	0.02428	0.03521	0.02265	0.06019	0.65038	0.01305	0.02196	0.00950	0.00535	0.00881
22	0.01961	0.01880	0.03208	0.11385	0.60386	0.01916	0.02467	0.02449	0.01825	0.02594	0.01518	0.02024	0.01265	0.00732	0.00804	0.00244	0.00976	0.00723	0.00398	0.01247
23	0.01513	0.00756	0.00756	0.00756	0.00945	0.00756	0.00567	0.01891	0.01702	0.03025	0.02647	0.03025	0.02080	0.00945	0.00567	0.00189	0.00378	0.00756	0.75988	0.00756
24	0.01925	0.01655	0.01750	0.01581	0.02018	0.01894	0.01227	0.04026	0.58918	0.03327	0.06416	0.03407	0.05912	0.01174	0.00838	0.00274	0.00619	0.00983	0.00825	0.01230
25	0.01513	0.00756	0.00756	0.00756	0.00945	0.00756	0.00567	0.01891	0.01702	0.03025	0.02647	0.03025	0.02080	0.00945	0.00567	0.00189	0.00378	0.00756	0.75988	0.00756
26	0.01673	0.01407	0.01644	0.01221	0.01878	0.01098	0.00965	0.04311	0.01752	0.02686	0.01737	0.07982	0.01587	0.00791	0.00648	0.00144	0.00600	0.00656	0.00518	0.66701
27	0.01839	0.02025	0.04131	0.03041	0.03665	0.02064	0.47891	0.02403	0.01750	0.02432	0.01569	0.02177	0.01253	0.01176	0.05696	0.00356	0.14192	0.00906	0.00402	0.01032
28	0.02824	0.06392	0.02534	0.04632	0.10488	0.45434	0.01693	0.11771	0.02410	0.02517	0.01388	0.01616	0.01124	0.00835	0.00745	0.00218	0.01280	0.00580	0.00468	0.01050
29	0.01409	0.00705	0.01057	0.01057	0.01057	0.00705	0.00705	0.01057	0.01057	0.01409	0.01409	0.02467	0.01409	0.02819	0.03171	0.76392	0.00705	0.00705	0.00352	0.00352
30	0.03036	0.02249	0.02408	0.01857	0.02498	0.02494	0.01531	0.61013	0.06598	0.05036	0.02010	0.01997	0.01430	0.00980	0.00812	0.00245	0.00881	0.00739	0.00812	0.01376
31	0.77215	0.01569	0.01193	0.01067	0.01569	0.01820	0.00879	0.02385	0.01381	0.03641	0.01130	0.01318	0.00879	0.00753	0.00502	0.00251	0.00628	0.00439	0.00502	0.00879
32	0.02990	0.02217	0.02384	0.01822	0.02476	0.02419	0.01503	0.59552	0.03671	0.04947	0.01914	0.01930	0.01368	0.00949	0.00797	0.00235	0.00873	0.00714	0.00789	0.06448
33	0.01912	0.02032	0.02708	0.11828	0.02900	0.10473	0.08599	0.02200	0.01501	0.02045	0.01205	0.01837	0.01083	0.01181	0.01974	0.00316	0.44202	0.00716	0.00370	0.00919
34	0.01513	0.00756	0.00756	0.00756	0.00945	0.00756	0.00567	0.01891	0.01702	0.03025	0.02647	0.03025	0.02080	0.00945	0.00567	0.00189	0.00378	0.00756	0.75988	0.00756
35	0.01915	0.02189	0.04788	0.03420	0.04241	0.02052	0.63475	0.02599	0.01915	0.02599	0.01642	0.02189	0.01231	0.00684	0.00958	0.00274	0.01368	0.00958	0.00410	0.01094
36	0.01693	0.04395	0.02503	0.02048	0.02149	0.02232	0.05791	0.01919	0.01326	0.01993	0.01397	0.05374	0.01395	0.01911	0.09594	0.00445	0.51756	0.00813	0.00387	0.00878
37	0.01866	0.02056	0.04198	0.06102	0.03894	0.02027	0.49159	0.02461	0.01806	0.02502	0.01551	0.02104	0.01203	0.00772	0.01130	0.00273	0.09458	0.00885	0.00406	0.06148
38	0.02018	0.01743	0.01835	0.01651	0.02110	0.02018	0.01284	0.04312	0.64956	0.03394	0.03303	0.03027	0.02477	0.01101	0.00826	0.00275	0.00642	0.00917	0.00826	0.01284
39	0.01915	0.02189	0.04788	0.03420	0.04241	0.02052	0.63475	0.02599	0.01915	0.02599	0.01642	0.02189	0.01231	0.00684	0.00958	0.00274	0.01368	0.00958	0.00410	0.01094

[dist]
# distance from previous block
# <min> <max>
0	23

[block]
# block no. 4 follows, 23 sequences, length 59
# corresponding to MSA columns:
# 281-339
name=unknown_E
#
# <colnr> <probs for GDERKNQSTAVLIFYWHMCP>
#	G	D	E	R	K	N	Q	S	T	A	V	L	I	F	Y	W	H	M	C	P
0	0.02067	0.01767	0.01862	0.01661	0.02128	0.02041	0.01296	0.07001	0.62188	0.03472	0.03241	0.02979	0.02427	0.01095	0.00825	0.00274	0.00654	0.00909	0.00825	0.01289
1	0.03641	0.01381	0.01883	0.01444	0.02071	0.01193	0.01193	0.03954	0.02322	0.66984	0.03201	0.02762	0.02009	0.01004	0.00816	0.00251	0.00690	0.00816	0.01004	0.01381
2	0.01683	0.01442	0.01683	0.01202	0.01923	0.01082	0.00961	0.02043	0.01683	0.02644	0.01442	0.01683	0.01202	0.00601	0.00601	0.00120	0.00601	0.00481	0.00481	0.76444
3	0.01683	0.01442	0.01683	0.01202	0.01923	0.01082	0.00961	0.02043	0.01683	0.02644	0.01442	0.01683	0.01202	0.00601	0.00601	0.00120	0.00601	0.00481	0.00481	0.76444
4	0.01627	0.04197	0.67279	0.02313	0.03512	0.01884	0.02998	0.02570	0.01713	0.02570	0.01456	0.01713	0.01028	0.00771	0.00771	0.00257	0.01199	0.00600	0.00343	0.01199
5	0.01409	0.00705	0.01057	0.01057	0.01057	0.00705	0.00705	0.01057	0.01057	0.01409	0.01409	0.02467	0.01409	0.02819	0.03171	0.76392	0.00705	0.00705	0.00352	0.00352
6	0.03085	0.02273	0.02435	0.01867	0.02516	0.02516	0.01542	0.63716	0.03815	0.05114	0.01948	0.01948	0.01380	0.00974	0.00812	0.00244	0.00893	0.00731	0.00812	0.01380
7	0.01148	0.00829	0.01085	0.01021	0.01212	0.00766	0.00766	0.01531	0.02297	0.03254	0.65994	0.06061	0.07656	0.01659	0.00957	0.00255	0.00383	0.01467	0.00893	0.00766
8	0.01259	0.00902	0.01239	0.01348	0.01537	0.00882	0.01141	0.01635	0.02000	0.02683	0.23300	0.08201	0.05590	0.02062	0.01070	0.00337	0.00635	0.42636	0.00792	0.00753
9	0.03031	0.03867	0.02299	0.02090	0.02508	0.68226	0.01568	0.03240	0.02299	0.01986	0.01254	0.01463	0.01045	0.00836	0.00732	0.00209	0.01463	0.00523	0.00418	0.00941
10	0.02169	0.71972	0.04252	0.01388	0.02083	0.03211	0.01388	0.02430	0.01649	0.01909	0.01128	0.01302	0.01041	0.00694	0.00521	0.00174	0.00868	0.00434	0.00347	0.01041
11	0.01683	0.01442	0.01683	0.01202	0.01923	0.01082	0.00961	0.02043	0.01683	0.02644	0.01442	0.01683	0.01202	0.00601	0.00601	0.00120	0.00601	0.00481	0.00481	0.76444
12	0.03489	0.01597	0.06057	0.01517	0.02181	0.01292	0.01322	0.06378	0.02346	0.60295	0.03038	0.02661	0.01920	0.00988	0.00813	0.00251	0.00731	0.00799	0.00954	0.01369
13	0.01180	0.00787	0.00885	0.00885	0.00885	0.00787	0.00492	0.01180	0.01180	0.01573	0.02557	0.05310	0.02950	0.71483	0.04130	0.00787	0.00787	0.01180	0.00492	0.00492
14	0.03085	0.02273	0.02435	0.01867	0.02516	0.02516	0.01542	0.63716	0.03815	0.05114	0.01948	0.01948	0.01380	0.00974	0.00812	0.00244	0.00893	0.00731	0.00812	0.01380
15	0.01560	0.01496	0.02605	0.64728	0.05491	0.01821	0.06703	0.02111	0.01644	0.02111	0.01457	0.02165	0.01093	0.00802	0.00822	0.00271	0.01102	0.00738	0.00364	0.00915
16	0.01729	0.01642	0.02788	0.42927	0.30661	0.01854	0.02351	0.02245	0.01715	0.02311	0.01477	0.02099	0.01166	0.00775	0.00808	0.00258	0.01033	0.00722	0.00377	0.01060
17	0.01683	0.01442	0.01683	0.01202	0.01923	0.01082	0.00961	0.02043	0.01683	0.02644	0.01442	0.01683	0.01202	0.00601	0.00601	0.00120	0.00601	0.00481	0.00481	0.76444
18	0.01532	0.01442	0.02434	0.69533	0.05589	0.01803	0.02253	0.02073	0.01622	0.02073	0.01442	0.02163	0.01082	0.00811	0.00811	0.00270	0.01082	0.00721	0.00361	0.00901
19	0.01513	0.00756	0.00756	0.00756	0.00945	0.00756	0.00567	0.01891	0.01702	0.03025	0.02647	0.03025	0.02080	0.00945	0.00567	0.00189	0.00378	0.00756	0.75988	0.00756
20	0.03420	0.01430	0.01876	0.01472	0.02077	0.01305	0.01205	0.04003	0.10850	0.58326	0.03215	0.02798	0.02072	0.01017	0.00817	0.00254	0.00684	0.00830	0.00980	0.01368
21	0.01954	0.02079	0.04161	0.04075	0.30327	0.02000	0.37891	0.02553	0.01887	0.02621	0.01593	0.02113	0.01254	0.00700	0.00893	0.00260	0.01198	0.00859	0.00407	0.01174
22	0.01148	0.00829	0.01085	0.01021	0.01212	0.00766	0.00766	0.01531	0.02297	0.03254	0.65994	0.06061	0.07656	0.01659	0.00957	0.00255	0.00383	0.01467	0.00893	0.00766
23	0.02690	0.29193	0.03057	0.01928	0.05190	0.37893	0.01525	0.02935	0.02036	0.04895	0.01306	0.01485	0.01098	0.00785	0.00660	0.00199	0.01183	0.00511	0.00417	0.01014
24	0.05096	0.01784	0.03366	0.33931	0.04594	0.01957	0.27752	0.02298	0.01706	0.02354	0.01484	0.02108	0.01134	0.00800	0.00993	0.00277	0.06190	0.00807	0.00387	0.00980
25	0.03393	0.01547	0.04940	0.01504	0.02142	0.01303	0.01286	0.03923	0.08201	0.57971	0.03129	0.02738	0.02007	0.01002	0.00815	0.00254	0.00710	0.00815	0.00956	0.01363
26	0.01883	0.02125	0.04588	0.09045	0.04355	0.02031	0.58266	0.02554	0.01890	0.02554	0.01625	0.02187	0.01218	0.00695	0.00945	0.00273	0.01344	0.00937	0.00406	0.01078
27	0.01782	0.01796	0.02599	0.02194	0.02235	0.02464	0.04827	0.01985	0.01276	0.01985	0.01094	0.01796	0.01073	0.01384	0.02579	0.00351	0.66604	0.00722	0.00358	0.00898
28	0.01513	0.00756	0.00756	0.00756	0.00945	0.00756	0.00567	0.01891	0.01702	0.03025	0.02647	0.03025	0.02080	0.00945	0.00567	0.00189	0.00378	0.00756	0.75988	0.00756
29	0.03007	0.02234	0.02392	0.01851	0.02487	0.02480	0.01524	0.59399	0.08258	0.04989	0.02047	0.02027	0.01460	0.00983	0.00813	0.00246	0.00875	0.00744	0.00813	0.01373
30	0.01513	0.00756	0.00756	0.00756	0.00945	0.00756	0.00567	0.01891	0.01702	0.03025	0.02647	0.03025	0.02080	0.00945	0.00567	0.00189	0.00378	0.00756	0.75988	0.00756
31	0.02169	0.71972	0.04252	0.01388	0.02083	0.03211	0.01388	0.02430	0.01649	0.01909	0.01128	0.01302	0.01041	0.00694	0.00521	0.00174	0.00868	0.00434	0.00347	0.01041
32	0.03641	0.01381	0.01883	0.01444	0.02071	0.01193	0.01193	0.03954	0.02322	0.66984	0.03201	0.02762	0.02009	0.01004	0.00816	0.00251	0.00690	0.00816	0.01004	0.01381
33	0.77215	0.01569	0.01193	0.01067	0.01569	0.01820	0.00879	0.02385	0.01381	0.03641	0.01130	0.01318	0.00879	0.00753	0.00502	0.00251	0.00628	0.00439	0.00502	0.00879
34	0.01180	0.00787	0.00885	0.00885	0.00885	0.00787	0.00492	0.01180	0.01180	0.01573	0.02557	0.05310	0.02950	0.71483	0.04130	0.00787	0.00787	0.01180	0.00492	0.00492
35	0.01775	0.01775	0.02485	0.02130	0.02130	0.02485	0.01775	0.01953	0.01243	0.01953	0.01065	0.01775	0.01065	0.01420	0.02663	0.00355	0.69998	0.00710	0.00355	0.00888
36	0.01308	0.00934	0.01308	0.01494	0.01681	0.00934	0.01308	0.01681	0.01868	0.02428	0.04296	0.09153	0.04670	0.02242	0.01121	0.00374	0.00747	0.60960	0.00747	0.00747
37	0.03085	0.02273	0.02435	0.01867	0.02516	0.02516	0.01542	0.63716	0.03815	0.05114	0.01948	0.01948	0.01380	0.00974	0.00812	0.00244	0.00893	0.00731	0.00812	0.01380
38	0.77215	0.01569	0.01193	0.01067	0.01569	0.01820	0.00879	0.02385	0.01381	0.03641	0.01130	0.01318	0.00879	0.00753	0.00502	0.00251	0.00628	0.00439	0.00502	0.00879
39	0.02018	0.01743	0.01835	0.01651	0.02110	0.02018	0.01284	0.04312	0.64956	0.03394	0.03303	0.03027	0.02477	0.01101	0.00826	0.00275	0.00642	0.00917	0.00826	0.01284
40	0.03085	0.02273	0.02435	0.01867	0.02516	0.02516	0.01542	0.63716	0.03815	0.05114	0.01948	0.01948	0.01380	0.00974	0.00812	0.00244	0.00893	0.00731	0.00812	0.01380
41	0.02144	0.67516	0.04140	0.01435	0.02086	0.03165	0.01413	0.02399	0.01623	0.01912	0.01124	0.01332	0.01043	0.00740	0.00657	0.00185	0.05255	0.00451	0.00348	0.01032
42	0.03044	0.03472	0.02333	0.02035	0.02510	0.51916	0.01561	0.18250	0.02676	0.02762	0.01426	0.01584	0.01128	0.00870	0.00752	0.00218	0.01322	0.00574	0.00516	0.01050
43	0.03085	0.02273	0.02435	0.01867	0.02516	0.02516	0.01542	0.63716	0.03815	0.05114	0.01948	0.01948	0.01380	0.00974	0.00812	0.00244	0.00893	0.00731	0.00812	0.01380
44	0.00959	0.00822	0.00822	0.00822	0.01096	0.00685	0.00617	0.01165	0.01850	0.02192	0.08220	0.07809	0.66092	0.02055	0.00959	0.00274	0.00411	0.01713	0.00754	0.00685
45	0.01513	0.00756	0.00756	0.00756	0.00945	0.00756	0.00567	0.01891	0.01702	0.03025	0.02647	0.03025	0.02080	0.00945	0.00567	0.00189	0.00378	0.00756	0.75988	0.00756
46	0.01915	0.02189	0.04788	0.03420	0.04241	0.02052	0.63475	0.02599	0.01915	0.02599	0.01642	0.02189	0.01231	0.00684	0.00958	0.00274	0.01368	0.00958	0.00410	0.01094
47	0.02169	0.71972	0.04252	0.01388	0.02083	0.03211	0.01388	0.02430	0.01649	0.01909	0.01128	0.01302	0.01041	0.00694	0.00521	0.00174	0.00868	0.00434	0.00347	0.01041
48	0.01148	0.00829	0.01085	0.01021	0.01212	0.00766	0.00766	0.01531	0.02297	0.03254	0.65994	0.06061	0.07656	0.01659	0.00957	0.00255	0.00383	0.01467	0.00893	0.00766
49	0.03031	0.03867	0.02299	0.02090	0.02508	0.68226	0.01568	0.03240	0.02299	0.01986	0.01254	0.01463	0.01045	0.00836	0.00732	0.00209	0.01463	0.00523	0.00418	0.00941
50	0.01627	0.04197	0.67279	0.02313	0.03512	0.01884	0.02998	0.02570	0.01713	0.02570	0.01456	0.01713	0.01028	0.00771	0.00771	0.00257	0.01199	0.00600	0.00343	0.01199
51	0.01513	0.00756	0.00756	0.00756	0.00945	0.00756	0.00567	0.01891	0.01702	0.03025	0.02647	0.03025	0.02080	0.00945	0.00567	0.00189	0.00378	0.00756	0.75988	0.00756
52	0.01655	0.04032	0.62629	0.02507	0.08084	0.01888	0.02961	0.02564	0.01723	0.02576	0.01461	0.01735	0.01047	0.00767	0.00773	0.00256	0.01182	0.00609	0.00347	0.01205
53	0.01148	0.00829	0.01085	0.01021	0.01212	0.00766	0.00766	0.01531	0.02297	0.03254	0.65994	0.06061	0.07656	0.01659	0.00957	0.00255	0.00383	0.01467	0.00893	0.00766
54	0.01159	0.00869	0.01304	0.01304	0.01449	0.01014	0.01014	0.01449	0.01304	0.01884	0.02173	0.03188	0.02029	0.06086	0.68268	0.01304	0.02173	0.00869	0.00435	0.00724
55	0.01689	0.01602	0.02717	0.48263	0.25633	0.01844	0.02331	0.02211	0.01697	0.02264	0.01470	0.02112	0.01149	0.00782	0.00809	0.00261	0.01043	0.00722	0.00374	0.01028
56	0.01807	0.01131	0.01421	0.01429	0.01634	0.01077	0.01033	0.02064	0.05887	0.13207	0.07282	0.43968	0.04599	0.02181	0.01138	0.00352	0.03346	0.04619	0.00860	0.00967
57	0.02142	0.68531	0.07451	0.01435	0.02155	0.03143	0.01470	0.02437	0.01652	0.01943	0.01145	0.01323	0.01041	0.00698	0.00533	0.00178	0.00885	0.00442	0.00347	0.01049
58	0.02009	0.02139	0.03837	0.14932	0.04068	0.06279	0.38713	0.07826	0.02004	0.02638	0.01566	0.02087	0.01194	0.00795	0.01028	0.00272	0.06269	0.00850	0.00433	0.01060

[dist]
# distance from previous block
# <min> <max>
0	1

[block]
# block no. 5 follows, 23 sequences, length 48
# corresponding to MSA columns:
# 342-389
name=unknown_F
#
# <colnr> <probs for GDERKNQSTAVLIFYWHMCP>
#	G	D	E	R	K	N	Q	S	T	A	V	L	I	F	Y	W	H	M	C	P
0	0.71868	0.01556	0.01243	0.01094	0.01606	0.01775	0.00902	0.02499	0.01449	0.08244	0.01280	0.01423	0.00961	0.00771	0.00525	0.00251	0.00632	0.00467	0.00539	0.00915
1	0.01797	0.01665	0.02693	0.08660	0.44476	0.01667	0.02043	0.02299	0.04425	0.02554	0.02024	0.12242	0.01918	0.01005	0.00823	0.00248	0.00857	0.00946	0.00475	0.07183
2	0.00989	0.00706	0.00942	0.01130	0.01177	0.00659	0.00753	0.01130	0.01554	0.02071	0.04472	0.70954	0.05367	0.02542	0.01036	0.00330	0.00471	0.02307	0.00753	0.00659
