[name]
unknown

[dist]
# distance from previous block
# <min> <max>
0	20

[block]
# block no. 0 follows, 21 sequences, length 9
# corresponding to MSA columns:
# 20-28
name=unknown_A
#
# <colnr> <probs for GDERKNQSTAVLIFYWHMCP>
#	G	D	E	R	K	N	Q	S	T	A	V	L	I	F	Y	W	H	M	C	P
0	0.01741	0.02188	0.13653	0.10463	0.05621	0.01888	0.21108	0.02320	0.01807	0.02504	0.02181	0.06272	0.02023	0.01228	0.01241	0.00316	0.10952	0.10980	0.00480	0.01035
1	0.01961	0.30957	0.31618	0.02003	0.02863	0.02634	0.02271	0.02541	0.01698	0.02319	0.01328	0.01631	0.01089	0.00875	0.00990	0.00249	0.10892	0.00575	0.00363	0.01143
2	0.01157	0.00810	0.01041	0.01147	0.01203	0.00804	0.00774	0.01291	0.01492	0.01999	0.03703	0.34335	0.04289	0.27041	0.09205	0.00629	0.00827	0.06950	0.00656	0.00644
3	0.01703	0.08976	0.07568	0.01504	0.01879	0.08384	0.01308	0.02231	0.06368	0.02350	0.02157	0.02765	0.01858	0.03514	0.32125	0.00769	0.01567	0.00786	0.11272	0.00914
4	0.12717	0.12171	0.34959	0.02321	0.09502	0.02153	0.02350	0.06579	0.01924	0.02983	0.03892	0.01905	0.01378	0.00840	0.00747	0.00254	0.01044	0.00640	0.00446	0.01192
5	0.01348	0.01056	0.01357	0.01563	0.05118	0.01073	0.01092	0.01962	0.12545	0.02528	0.04499	0.39169	0.08230	0.02203	0.01046	0.00335	0.00605	0.12626	0.00781	0.00863
6	0.01864	0.01775	0.03016	0.35726	0.36175	0.01958	0.02491	0.02399	0.01823	0.02486	0.01558	0.02185	0.01244	0.00803	0.00847	0.00268	0.01071	0.00757	0.00400	0.01152
7	0.09025	0.02468	0.02645	0.02192	0.02677	0.22216	0.14807	0.08233	0.02243	0.02862	0.05518	0.03173	0.02102	0.01133	0.00980	0.00275	0.04843	0.08647	0.02947	0.01013
8	0.03019	0.01933	0.02304	0.13458	0.10078	0.11022	0.01663	0.03552	0.06920	0.33397	0.02551	0.02522	0.01744	0.00967	0.00841	0.00261	0.00941	0.00791	0.00761	0.01276

[dist]
# distance from previous block
# <min> <max>
0	2

[block]
# block no. 1 follows, 21 sequences, length 11
# corresponding to MSA columns:
# 31-41
name=unknown_B
#
# <colnr> <probs for GDERKNQSTAVLIFYWHMCP>
#	G	D	E	R	K	N	Q	S	T	A	V	L	I	F	Y	W	H	M	C	P
0	0.03145	0.01299	0.01759	0.01400	0.01940	0.01135	0.01135	0.03493	0.02429	0.49414	0.19064	0.03788	0.03632	0.01230	0.00894	0.00264	0.00641	0.01032	0.01023	0.01282
1	0.06907	0.10343	0.38937	0.02009	0.03013	0.01930	0.02344	0.03042	0.01933	0.18837	0.01942	0.02010	0.01335	0.00862	0.00776	0.00258	0.01047	0.00659	0.00549	0.01269
2	0.01293	0.00830	0.01114	0.01114	0.01162	0.00879	0.00747	0.01294	0.01246	0.01709	0.02244	0.04095	0.02371	0.32609	0.23845	0.20165	0.01264	0.01006	0.00459	0.00555
3	0.01888	0.01041	0.01481	0.01362	0.01629	0.01088	0.01058	0.02169	0.01630	0.18273	0.02597	0.03449	0.02218	0.11326	0.43570	0.01029	0.01735	0.00930	0.00616	0.00913
4	0.01607	0.01513	0.02552	0.68047	0.05861	0.01891	0.02363	0.02174	0.01702	0.02174	0.01513	0.02269	0.01134	0.00851	0.00851	0.00284	0.01134	0.00756	0.00378	0.00945
5	0.02117	0.01323	0.01940	0.05515	0.02200	0.01295	0.09228	0.07859	0.02250	0.15297	0.14767	0.07905	0.03291	0.01219	0.00852	0.00257	0.00701	0.01084	0.19870	0.01032
6	0.02821	0.03210	0.02261	0.01926	0.02474	0.42473	0.01477	0.09768	0.02427	0.02636	0.01449	0.01652	0.01179	0.00830	0.00742	0.00199	0.01233	0.00562	0.00503	0.20179
7	0.31075	0.01820	0.02046	0.22627	0.03276	0.02117	0.01584	0.19824	0.02277	0.03749	0.01541	0.01858	0.01143	0.00877	0.00725	0.00267	0.00891	0.00644	0.00575	0.01083
8	0.01846	0.01009	0.01316	0.01172	0.01489	0.00902	0.00902	0.02194	0.02316	0.19177	0.39029	0.09901	0.11997	0.01667	0.00971	0.00274	0.00494	0.01448	0.00942	0.00953
9	0.02102	0.01690	0.01922	0.01426	0.02122	0.01498	0.01150	0.17507	0.02388	0.03487	0.06254	0.02173	0.01805	0.00812	0.00715	0.00170	0.00692	0.00648	0.00625	0.50813
10	0.02309	0.02406	0.12682	0.11741	0.03688	0.02108	0.19235	0.17919	0.02431	0.07045	0.01808	0.02136	0.01318	0.00870	0.00943	0.00267	0.03521	0.00800	0.00561	0.06213

[dist]
# distance from previous block
# <min> <max>
0	1

[block]
# block no. 2 follows, 21 sequences, length 9
# corresponding to MSA columns:
# 43-51
name=unknown_C
#
# <colnr> <probs for GDERKNQSTAVLIFYWHMCP>
#	G	D	E	R	K	N	Q	S	T	A	V	L	I	F	Y	W	H	M	C	P
0	0.01223	0.00998	0.01382	0.17545	0.02394	0.01037	0.01193	0.01513	0.01746	0.02220	0.04807	0.25191	0.19926	0.06293	0.01223	0.00351	0.00691	0.08835	0.00671	0.00761
1	0.01872	0.20476	0.45506	0.02286	0.03380	0.02333	0.07697	0.02662	0.01798	0.02528	0.01459	0.01733	0.01100	0.00781	0.00761	0.00250	0.01187	0.00618	0.00367	0.01208
2	0.09785	0.05121	0.06880	0.17147	0.08132	0.03612	0.01580	0.04293	0.03773	0.06844	0.02030	0.02386	0.01548	0.00897	0.00720	0.00244	0.00820	0.00718	0.22447	0.01024
3	0.02216	0.01218	0.01753	0.17680	0.02713	0.01212	0.01339	0.02586	0.02110	0.25313	0.15499	0.13258	0.06654	0.01427	0.00925	0.00282	0.00713	0.01239	0.00813	0.01051
4	0.01078	0.00772	0.01024	0.01157	0.01243	0.00719	0.00793	0.01288	0.01821	0.02477	0.19333	0.54026	0.06218	0.02439	0.01066	0.00326	0.00471	0.02203	0.00826	0.00719
5	0.06028	0.06408	0.02344	0.02000	0.02449	0.42509	0.01539	0.03542	0.17229	0.02517	0.01823	0.01936	0.01458	0.00959	0.00851	0.00243	0.03903	0.00649	0.00541	0.01075
6	0.01729	0.08336	0.27065	0.04807	0.02969	0.01801	0.09772	0.06055	0.02095	0.02938	0.17132	0.06344	0.03065	0.01126	0.00878	0.00268	0.00978	0.00989	0.00564	0.01089
7	0.01839	0.01003	0.01382	0.01400	0.01654	0.00950	0.01108	0.02121	0.01908	0.17788	0.04101	0.28869	0.04239	0.02487	0.06625	0.00427	0.00792	0.19570	0.00824	0.00912
8	0.01282	0.00798	0.00977	0.00991	0.00994	0.00794	0.00590	0.01202	0.01234	0.01645	0.02528	0.09368	0.02877	0.48834	0.03855	0.19060	0.00780	0.01199	0.00499	0.00492

[dist]
# distance from previous block
# <min> <max>
0	3

[block]
# block no. 3 follows, 21 sequences, length 66
# corresponding to MSA columns:
# 55-64,67-122
name=unknown_D
#
# <colnr> <probs for GDERKNQSTAVLIFYWHMCP>
#	G	D	E	R	K	N	Q	S	T	A	V	L	I	F	Y	W	H	M	C	P
0	0.01636	0.01127	0.04018	0.04320	0.01653	0.01025	0.00992	0.01957	0.05388	0.10133	0.07462	0.19470	0.03486	0.18193	0.05309	0.06876	0.00775	0.01346	0.04025	0.00809
1	0.01914	0.07075	0.19679	0.17535	0.06801	0.02167	0.11813	0.02510	0.01746	0.05246	0.01540	0.02032	0.01193	0.00937	0.01215	0.00288	0.14045	0.00745	0.00412	0.01109
2	0.02067	0.02128	0.03459	0.13593	0.32226	0.07059	0.15875	0.02597	0.01942	0.02622	0.01586	0.02101	0.01276	0.00762	0.00857	0.00252	0.01136	0.00777	0.00425	0.07260
3	0.02006	0.01505	0.01789	0.01290	0.02035	0.01148	0.01037	0.02378	0.01843	0.10118	0.01729	0.01897	0.01360	0.00680	0.00657	0.00142	0.00641	0.00545	0.00569	0.66631
4	0.11339	0.27908	0.13617	0.07203	0.02713	0.02434	0.01720	0.08810	0.01997	0.07630	0.01549	0.01732	0.01199	0.00808	0.00675	0.00225	0.00925	0.00577	0.00498	0.06442
5	0.02275	0.70604	0.04459	0.01456	0.02184	0.03367	0.01456	0.02548	0.01729	0.02002	0.01183	0.01365	0.01092	0.00728	0.00546	0.00182	0.00910	0.00455	0.00364	0.01092
6	0.01141	0.00842	0.00991	0.00992	0.01200	0.00756	0.00729	0.01440	0.02078	0.02820	0.30994	0.16096	0.26911	0.01961	0.00983	0.00280	0.00425	0.01698	0.06905	0.00756
7	0.01725	0.01391	0.01986	0.01777	0.01901	0.01787	0.01445	0.01977	0.01425	0.07192	0.01835	0.02627	0.01662	0.03703	0.32017	0.00821	0.32538	0.00831	0.00466	0.00895
8	0.69966	0.01572	0.01229	0.01125	0.01612	0.01810	0.00911	0.02394	0.01463	0.03684	0.01472	0.06955	0.01306	0.00943	0.00572	0.00270	0.00645	0.00621	0.00548	0.00903
9	0.01377	0.01165	0.01433	0.01415	0.01583	0.06417	0.01086	0.01660	0.01447	0.01969	0.02219	0.03298	0.02088	0.08878	0.58443	0.01249	0.02151	0.00897	0.00457	0.00767
10	0.01167	0.00877	0.01235	0.01539	0.06479	0.00834	0.00990	0.01386	0.01748	0.02357	0.09367	0.53625	0.05415	0.02406	0.01067	0.00336	0.00553	0.07087	0.00771	0.00762
11	0.03770	0.01525	0.02022	0.01550	0.02211	0.01364	0.01281	0.08873	0.02564	0.60466	0.03250	0.02827	0.02053	0.01051	0.00855	0.00263	0.00741	0.00848	0.01037	0.01448
12	0.02859	0.16946	0.09115	0.02061	0.02649	0.44841	0.01756	0.05985	0.02294	0.02286	0.01346	0.01552	0.01111	0.00848	0.00732	0.00219	0.01357	0.00549	0.00436	0.01056
13	0.01485	0.01072	0.01459	0.01448	0.01613	0.01162	0.01088	0.01700	0.01534	0.02253	0.02535	0.03721	0.02372	0.09795	0.55750	0.01250	0.02070	0.00985	0.05840	0.00869
14	0.01223	0.00819	0.00932	0.00946	0.00950	0.00815	0.00535	0.01234	0.01265	0.01687	0.02825	0.10130	0.03275	0.65284	0.04100	0.00791	0.00801	0.01322	0.00535	0.00528
15	0.02812	0.05193	0.02321	0.01778	0.02357	0.02264	0.01446	0.38603	0.13147	0.09296	0.02630	0.09704	0.02131	0.01213	0.00866	0.00268	0.00827	0.00973	0.00840	0.01331
16	0.05828	0.02313	0.03080	0.17501	0.20412	0.14489	0.11892	0.05454	0.02090	0.06464	0.01653	0.02073	0.01274	0.00826	0.00843	0.00260	0.01172	0.00750	0.00479	0.01148
17	0.01133	0.00882	0.01163	0.03768	0.01468	0.00906	0.00907	0.01301	0.01623	0.02151	0.04652	0.50573	0.12159	0.05887	0.01375	0.00363	0.06168	0.02080	0.00726	0.00715
18	0.03379	0.02153	0.02411	0.01848	0.02524	0.02297	0.01527	0.47685	0.03615	0.20170	0.02367	0.02254	0.01610	0.01029	0.00852	0.00257	0.00884	0.00788	0.00901	0.01447
19	0.02684	0.01589	0.01961	0.01645	0.02097	0.01726	0.01328	0.07664	0.19372	0.26291	0.02874	0.02834	0.02075	0.01588	0.06722	0.00375	0.09738	0.00866	0.05317	0.01253
20	0.02043	0.01634	0.02109	0.04617	0.07524	0.01460	0.03593	0.02801	0.12545	0.08572	0.02035	0.02183	0.01573	0.00783	0.00733	0.00190	0.00730	0.00667	0.00602	0.43605
21	0.02010	0.01552	0.01822	0.01317	0.02062	0.01221	0.01060	0.05369	0.01935	0.08095	0.01693	0.01873	0.01340	0.00685	0.00660	0.00144	0.00654	0.00547	0.00567	0.65393
22	0.01385	0.01141	0.01731	0.21692	0.07213	0.01219	0.01433	0.01822	0.02072	0.02843	0.32736	0.10311	0.05101	0.01510	0.00962	0.00284	0.00694	0.04264	0.00711	0.00875
23	0.01022	0.00863	0.00885	0.00879	0.01159	0.00725	0.00659	0.01253	0.01978	0.02390	0.13176	0.08040	0.59826	0.02121	0.01006	0.00286	0.00429	0.01775	0.00802	0.00725
24	0.02990	0.02320	0.02335	0.01851	0.02444	0.07900	0.01507	0.48859	0.03546	0.04727	0.02054	0.02160	0.01513	0.01281	0.04194	0.00304	0.01012	0.00757	0.06928	0.01318
25	0.01959	0.06576	0.02778	0.46572	0.12689	0.02048	0.02216	0.07492	0.01965	0.05368	0.01629	0.02193	0.01230	0.00854	0.00828	0.00269	0.01067	0.00740	0.00454	0.01073
26	0.01151	0.00875	0.01071	0.01154	0.01308	0.00834	0.00814	0.01544	0.06932	0.02534	0.16098	0.42036	0.15900	0.02285	0.01039	0.00317	0.00481	0.02032	0.00823	0.00771
27	0.01834	0.01901	0.07565	0.12264	0.15637	0.07140	0.05407	0.02374	0.04843	0.05334	0.10257	0.16132	0.03057	0.01320	0.00915	0.00280	0.00912	0.01187	0.00599	0.01042
28	0.73266	0.01674	0.01302	0.01152	0.01684	0.01938	0.00949	0.04816	0.01548	0.03878	0.01218	0.01408	0.00942	0.00799	0.00539	0.00263	0.00669	0.00473	0.00539	0.00942
29	0.01779	0.01616	0.02655	0.40324	0.22132	0.01838	0.02238	0.04731	0.01837	0.02454	0.01752	0.06303	0.01496	0.01031	0.00968	0.03475	0.01035	0.00857	0.00435	0.01042
30	0.01906	0.03889	0.52995	0.02662	0.09146	0.01936	0.05378	0.02792	0.01864	0.07173	0.01672	0.01924	0.01185	0.00818	0.00823	0.00268	0.01205	0.00672	0.00417	0.01275
31	0.01191	0.00868	0.01126	0.01107	0.01301	0.00803	0.00839	0.01559	0.02277	0.03165	0.50796	0.11913	0.11321	0.01894	0.01025	0.00286	0.00443	0.06396	0.00902	0.00787
32	0.01208	0.00888	0.01276	0.01288	0.01410	0.01004	0.00961	0.01455	0.01363	0.01936	0.02489	0.07704	0.02491	0.16142	0.52964	0.01221	0.01943	0.01054	0.00486	0.00717
33	0.02187	0.65623	0.04212	0.01437	0.02116	0.03176	0.01409	0.02451	0.01722	0.02014	0.01433	0.06226	0.01416	0.00866	0.00585	0.00194	0.00880	0.00595	0.00394	0.01064
34	0.41629	0.01758	0.01696	0.01407	0.01985	0.01928	0.01153	0.13996	0.07423	0.16564	0.01980	0.01965	0.01403	0.00917	0.00683	0.00264	0.00724	0.00640	0.00723	0.01162
35	0.02028	0.02059	0.02749	0.40349	0.19497	0.11940	0.02286	0.04594	0.01950	0.02420	0.01522	0.02108	0.01191	0.00839	0.00836	0.00265	0.01159	0.00725	0.00415	0.01067
36	0.76103	0.01646	0.01251	0.01119	0.01646	0.01909	0.00922	0.02502	0.01448	0.03818	0.01185	0.01382	0.00922	0.00790	0.00527	0.00263	0.00658	0.00461	0.00527	0.00922
37	0.01831	0.02673	0.20213	0.05744	0.04034	0.01971	0.38948	0.02564	0.01909	0.02648	0.01916	0.07909	0.01600	0.00913	0.00954	0.00287	0.01296	0.01018	0.00441	0.01129
38	0.01524	0.01052	0.01313	0.01271	0.01555	0.00954	0.00921	0.01937	0.07023	0.08060	0.06393	0.42075	0.04310	0.01958	0.00955	0.00287	0.00552	0.01746	0.00770	0.15344
39	0.02867	0.01841	0.02049	0.01646	0.02218	0.01954	0.01335	0.29964	0.13719	0.17646	0.03108	0.02960	0.06345	0.01130	0.00844	0.00260	0.00763	0.00896	0.07133	0.01323
40	0.01448	0.00913	0.01154	0.01105	0.01349	0.00818	0.00823	0.01754	0.02165	0.10444	0.34072	0.18793	0.18068	0.01923	0.01003	0.00286	0.00465	0.01682	0.00893	0.00842
41	0.01805	0.03212	0.33880	0.02884	0.03886	0.01979	0.29912	0.02618	0.01884	0.02678	0.01808	0.06132	0.01452	0.00879	0.00915	0.00282	0.01293	0.00910	0.00418	0.01173
42	0.03225	0.01378	0.01825	0.01454	0.02019	0.01243	0.01180	0.03734	0.07343	0.49575	0.14000	0.03522	0.03179	0.01181	0.00882	0.00266	0.00664	0.00984	0.01018	0.01328
43	0.01985	0.15967	0.36180	0.02366	0.03304	0.07668	0.10263	0.02678	0.01823	0.02469	0.01439	0.01767	0.01113	0.00843	0.00945	0.00260	0.06741	0.00649	0.00377	0.01164
44	0.01204	0.00870	0.01138	0.01071	0.01271	0.00803	0.00803	0.01606	0.02409	0.03413	0.64335	0.06357	0.08030	0.01740	0.01004	0.00268	0.00401	0.01539	0.00937	0.00803
45	0.01211	0.00888	0.01187	0.01212	0.01287	0.00962	0.00851	0.01382	0.01437	0.01994	0.06082	0.19332	0.03493	0.25307	0.25453	0.00857	0.04431	0.01386	0.00572	0.00677
46	0.01586	0.00793	0.00793	0.00793	0.00991	0.00793	0.00595	0.01983	0.01785	0.03173	0.02776	0.03173	0.02181	0.00991	0.00595	0.00198	0.00397	0.00793	0.74817	0.00793
47	0.01147	0.00947	0.01019	0.01000	0.01284	0.00858	0.00762	0.01581	0.07012	0.02608	0.17791	0.07522	0.46929	0.02009	0.01001	0.00289	0.00461	0.04170	0.00822	0.00787
48	0.01247	0.05888	0.01304	0.01048	0.01336	0.01019	0.00814	0.01667	0.05285	0.02871	0.34273	0.06577	0.29981	0.01805	0.00965	0.00271	0.00464	0.01536	0.00833	0.00817
49	0.01732	0.01423	0.02181	0.37104	0.11192	0.01664	0.01861	0.04415	0.01822	0.02633	0.01871	0.02471	0.01456	0.00911	0.00860	0.00259	0.03694	0.00766	0.20714	0.00969
50	0.03179	0.04056	0.02412	0.02192	0.02631	0.66676	0.01644	0.03398	0.02412	0.02083	0.01315	0.01535	0.01096	0.00877	0.00767	0.00219	0.01535	0.00548	0.00438	0.00987
51	0.01856	0.03407	0.40022	0.03231	0.22075	0.02035	0.02822	0.02715	0.04651	0.02722	0.01614	0.01958	0.01233	0.00851	0.00942	0.00272	0.05234	0.00691	0.00402	0.01269
52	0.01707	0.04402	0.65683	0.02426	0.03683	0.01976	0.03144	0.02695	0.01797	0.02695	0.01527	0.01797	0.01078	0.00809	0.00809	0.00270	0.01258	0.00629	0.00359	0.01258
53	0.02102	0.02035	0.03530	0.05145	0.61875	0.02028	0.05460	0.02617	0.01941	0.02778	0.01607	0.02115	0.01345	0.00756	0.00850	0.00254	0.01031	0.00770	0.00422	0.01338
54	0.02068	0.01783	0.01850	0.11657	0.02523	0.10040	0.01380	0.16561	0.06480	0.03175	0.05371	0.15965	0.05932	0.01447	0.00894	0.00278	0.00844	0.03896	0.06844	0.01012
55	0.01348	0.01016	0.01294	0.01255	0.01522	0.00962	0.01001	0.01872	0.06260	0.03097	0.37075	0.06696	0.08395	0.01787	0.01009	0.00291	0.00541	0.16722	0.00850	0.07006
56	0.05162	0.01722	0.01824	0.01473	0.01967	0.01864	0.01194	0.35002	0.03016	0.06932	0.02342	0.02479	0.01732	0.01004	0.00744	0.00235	0.00715	0.00769	0.28640	0.01183
57	0.06481	0.02288	0.02356	0.01865	0.02475	0.05334	0.01517	0.51466	0.03613	0.04878	0.02189	0.07585	0.01753	0.01140	0.00852	0.00262	0.00914	0.00879	0.00812	0.01339
58	0.03648	0.01454	0.01957	0.01493	0.02160	0.01241	0.01231	0.03981	0.02380	0.60183	0.03204	0.02803	0.02036	0.01018	0.00837	0.00252	0.00716	0.00827	0.01008	0.07570
59	0.05353	0.01182	0.01491	0.01256	0.01662	0.01101	0.00995	0.05522	0.02405	0.26407	0.31114	0.04403	0.04748	0.01351	0.00888	0.00260	0.00557	0.01143	0.07084	0.01077
60	0.01283	0.01047	0.01146	0.01124	0.01348	0.03709	0.00843	0.01666	0.04692	0.02778	0.30753	0.09312	0.22527	0.07550	0.01282	0.00332	0.00542	0.06467	0.00817	0.00780
61	0.02748	0.05145	0.02214	0.01680	0.02253	0.02113	0.01369	0.34117	0.11070	0.10428	0.02548	0.07140	0.01999	0.01127	0.00826	0.00254	0.00791	0.00896	0.06964	0.04319
62	0.18444	0.02017	0.02066	0.01662	0.02236	0.02237	0.01354	0.41518	0.03160	0.04669	0.02114	0.07551	0.01716	0.01107	0.00790	0.00262	0.00816	0.00840	0.04197	0.01243
63	0.01944	0.01714	0.04539	0.01646	0.01944	0.05619	0.01369	0.05155	0.06185	0.05384	0.02290	0.08094	0.02057	0.01309	0.01394	0.00282	0.21316	0.03507	0.16628	0.07624
64	0.01614	0.10770	0.04665	0.06729	0.01897	0.01485	0.01111	0.07952	0.01764	0.02358	0.02650	0.16793	0.02824	0.25529	0.04850	0.00509	0.00871	0.01218	0.03592	0.00818
65	0.14362	0.14170	0.14452	0.05638	0.02509	0.04690	0.01636	0.05284	0.01938	0.10500	0.06749	0.02310	0.01853	0.01367	0.06198	0.00336	0.01017	0.00701	0.00559	0.03730

[dist]
# distance from previous block
# <min> <max>
3	18

[block]
# block no. 4 follows, 21 sequences, length 16
# corresponding to MSA columns:
# 141-156
name=unknown_E
#
# <colnr> <probs for GDERKNQSTAVLIFYWHMCP>
#	G	D	E	R	K	N	Q	S	T	A	V	L	I	F	Y	W	H	M	C	P
0	0.02401	0.21198	0.14103	0.02372	0.03172	0.12515	0.18587	0.08020	0.02155	0.05453	0.01583	0.01850	0.01222	0.00802	0.00792	0.00242	0.01205	0.00697	0.00467	0.01165
1	0.01863	0.02705	0.21649	0.16656	0.13386	0.07151	0.05678	0.02450	0.01782	0.02432	0.01666	0.06084	0.01428	0.01016	0.01117	0.00285	0.10325	0.00815	0.00411	0.01099
2	0.01838	0.02031	0.08682	0.36525	0.04838	0.01968	0.18166	0.06212	0.01944	0.02611	0.01604	0.02188	0.01200	0.00808	0.00874	0.00271	0.01180	0.00796	0.00429	0.05835
3	0.02346	0.02008	0.05882	0.21102	0.06440	0.05727	0.10019	0.06749	0.07051	0.14518	0.04002	0.02477	0.01694	0.00968	0.00989	0.00278	0.05152	0.00831	0.00603	0.01163
4	0.02148	0.26886	0.16339	0.01776	0.02398	0.02340	0.01780	0.02550	0.01752	0.10792	0.01946	0.09652	0.01757	0.01149	0.01106	0.00264	0.12930	0.00825	0.00508	0.01100
5	0.02653	0.02124	0.02347	0.01929	0.02325	0.07924	0.01577	0.27369	0.02648	0.08549	0.01859	0.02153	0.01451	0.01495	0.05652	0.00357	0.21288	0.00759	0.04366	0.01175
6	0.01168	0.00859	0.01094	0.01056	0.01254	0.00784	0.00784	0.01528	0.02292	0.03185	0.53115	0.11616	0.14374	0.01862	0.01011	0.00276	0.00412	0.01639	0.00908	0.00784
7	0.02199	0.02329	0.11394	0.02222	0.07483	0.09635	0.05305	0.06911	0.17258	0.07462	0.02804	0.06593	0.02434	0.01267	0.00912	0.00291	0.00965	0.10693	0.00675	0.01168
8	0.02131	0.01509	0.01781	0.01598	0.01993	0.01658	0.01280	0.03413	0.30300	0.13642	0.09665	0.04419	0.07174	0.01432	0.01092	0.00302	0.06587	0.08010	0.00847	0.01166
9	0.03818	0.01448	0.01975	0.01514	0.02172	0.01251	0.01251	0.04147	0.02436	0.65373	0.03357	0.02897	0.02107	0.01053	0.00856	0.00263	0.00724	0.00856	0.01053	0.01448
10	0.01293	0.00827	0.01089	0.01178	0.01314	0.00758	0.00824	0.01503	0.01845	0.07589	0.15135	0.50399	0.08308	0.02350	0.01049	0.00323	0.00494	0.02110	0.00837	0.00774
11	0.01894	0.06451	0.14664	0.02849	0.10318	0.02159	0.19664	0.02614	0.07138	0.02587	0.01886	0.06870	0.01635	0.01064	0.01262	0.00294	0.14133	0.00922	0.00465	0.01131
12	0.01478	0.00739	0.01109	0.01109	0.01109	0.00739	0.00739	0.01109	0.01109	0.01478	0.01478	0.02587	0.01478	0.02956	0.03326	0.75240	0.00739	0.00739	0.00370	0.00370
13	0.01006	0.00862	0.00862	0.00862	0.01149	0.00718	0.00647	0.01221	0.01940	0.02299	0.08621	0.08190	0.64438	0.02155	0.01006	0.00287	0.00431	0.01796	0.00790	0.00718
14	0.02419	0.05971	0.02552	0.18685	0.03295	0.24285	0.01829	0.05410	0.05632	0.04773	0.01554	0.01953	0.01253	0.01024	0.01225	0.00274	0.15681	0.00684	0.00472	0.01029
15	0.05306	0.08008	0.45634	0.02339	0.03361	0.02100	0.07415	0.02686	0.01778	0.05386	0.01549	0.01843	0.01137	0.00865	0.00970	0.00274	0.07081	0.00660	0.00404	0.01203

[dist]
# distance from previous block
# <min> <max>
0	1

[block]
# block no. 5 follows, 21 sequences, length 33
# corresponding to MSA columns:
# 158-190
name=unknown_F
#
# <colnr> <probs for GDERKNQSTAVLIFYWHMCP>
#	G	D	E	R	K	N	Q	S	T	A	V	L	I	F	Y	W	H	M	C	P
0	0.01061	0.00758	0.00973	0.01134	0.01190	0.00710	0.00746	0.01194	0.01595	0.02111	0.04645	0.57777	0.08554	0.11453	0.01506	0.00405	0.00534	0.02230	0.00754	0.00670
1	0.05525	0.02898	0.02428	0.07787	0.02865	0.27015	0.01658	0.29854	0.05619	0.03700	0.01749	0.01894	0.01316	0.00949	0.00809	0.00246	0.01162	0.00680	0.00642	0.01205
2	0.06868	0.05116	0.02472	0.07704	0.02785	0.12899	0.07235	0.14085	0.12418	0.05595	0.02199	0.05406	0.01802	0.01038	0.00826	0.00256	0.00984	0.02764	0.00638	0.06911
3	0.01380	0.01107	0.01713	0.01802	0.04976	0.01070	0.07030	0.01758	0.01932	0.02536	0.07070	0.17112	0.09766	0.02119	0.01107	0.00354	0.00767	0.34832	0.00740	0.00828
4	0.01037	0.00741	0.00987	0.01185	0.01234	0.00691	0.00790	0.01185	0.01629	0.02172	0.04690	0.69537	0.05629	0.02666	0.01086	0.00346	0.00494	0.02419	0.00790	0.00691
5	0.02038	0.01843	0.03051	0.08632	0.28462	0.04148	0.13050	0.02510	0.01906	0.06403	0.02060	0.08158	0.01793	0.01006	0.00973	0.00270	0.04532	0.00950	0.07073	0.01144
6	0.44640	0.31033	0.02618	0.01263	0.01875	0.02531	0.01149	0.02521	0.01568	0.03044	0.01184	0.01375	0.00994	0.00764	0.00535	0.00229	0.00766	0.00458	0.00457	0.00994
7	0.01607	0.01408	0.02384	0.04231	0.02402	0.01403	0.18848	0.06969	0.01814	0.02445	0.02692	0.17500	0.02804	0.21579	0.07537	0.00543	0.01079	0.01333	0.00568	0.00856
8	0.02867	0.15558	0.07578	0.02028	0.02614	0.39293	0.01708	0.10885	0.05176	0.02609	0.01499	0.01664	0.01207	0.00877	0.00747	0.00224	0.01286	0.00585	0.00492	0.01102
9	0.01765	0.01513	0.01765	0.01260	0.02017	0.01134	0.01008	0.02143	0.01765	0.02773	0.01513	0.01765	0.01260	0.00630	0.00630	0.00126	0.00630	0.00504	0.00504	0.75295
10	0.02201	0.01585	0.07474	0.01293	0.01735	0.04818	0.01126	0.02892	0.09936	0.15552	0.02781	0.02895	0.02055	0.01001	0.00712	0.00231	0.00643	0.00798	0.39221	0.01051
11	0.02262	0.57597	0.04096	0.01603	0.02214	0.06427	0.01523	0.02520	0.01703	0.02013	0.01180	0.01444	0.01096	0.00843	0.00873	0.00211	0.10463	0.00500	0.00369	0.01064
12	0.02009	0.02296	0.05022	0.03587	0.04448	0.02152	0.61693	0.02726	0.02009	0.02726	0.01722	0.02296	0.01291	0.00717	0.01004	0.00287	0.01435	0.01004	0.00430	0.01148
13	0.02816	0.02150	0.02172	0.01807	0.02362	0.08308	0.01439	0.26179	0.23685	0.12159	0.02762	0.05862	0.02101	0.01139	0.00861	0.00269	0.00854	0.00906	0.00840	0.01331
14	0.10495	0.06165	0.21154	0.02360	0.06025	0.07124	0.09884	0.02850	0.05221	0.08056	0.01687	0.01969	0.01282	0.00934	0.01089	0.00278	0.11082	0.00706	0.00486	0.01154
15	0.01172	0.00907	0.01076	0.01060	0.01284	0.00839	0.00784	0.01599	0.05806	0.02891	0.34478	0.15647	0.25387	0.01968	0.01008	0.00286	0.00440	0.01710	0.00865	0.00793
16	0.02275	0.70604	0.04459	0.01456	0.02184	0.03367	0.01456	0.02548	0.01729	0.02002	0.01183	0.01365	0.01092	0.00728	0.00546	0.00182	0.00910	0.00455	0.00364	0.01092
17	0.01947	0.05375	0.03571	0.03730	0.29121	0.02089	0.18638	0.02416	0.01819	0.02554	0.01834	0.08535	0.01693	0.01042	0.01199	0.00286	0.11582	0.00968	0.00449	0.01152
18	0.01242	0.00956	0.01226	0.05276	0.04402	0.00893	0.00973	0.01526	0.01951	0.04304	0.15294	0.19938	0.29785	0.02040	0.01016	0.00303	0.00547	0.06755	0.00779	0.00795
19	0.01045	0.00747	0.00995	0.01179	0.01236	0.00697	0.00791	0.01206	0.01669	0.02235	0.07698	0.66351	0.05750	0.02619	0.01082	0.00342	0.00489	0.02375	0.00797	0.00697
20	0.09523	0.02240	0.02352	0.01826	0.02470	0.02483	0.01506	0.53750	0.03667	0.05119	0.02005	0.02042	0.01438	0.01000	0.00810	0.00253	0.00885	0.00741	0.04523	0.01369
21	0.02405	0.43355	0.09706	0.01875	0.05083	0.14680	0.01701	0.04898	0.05021	0.02312	0.01402	0.01583	0.01190	0.00796	0.00651	0.00208	0.01051	0.00538	0.00422	0.01125
22	0.01236	0.00830	0.00951	0.00951	0.00959	0.00838	0.00544	0.01252	0.01244	0.01667	0.02660	0.05453	0.03043	0.66761	0.07594	0.00853	0.00901	0.01221	0.00513	0.00528
23	0.01335	0.00862	0.01049	0.01037	0.01098	0.00871	0.00653	0.01417	0.01373	0.04551	0.05101	0.08379	0.03224	0.51673	0.13121	0.00836	0.01003	0.01244	0.00560	0.00612
24	0.01719	0.01249	0.01656	0.05686	0.04312	0.01306	0.01412	0.07854	0.07500	0.05551	0.06044	0.13209	0.04083	0.01927	0.01057	0.00344	0.00772	0.32594	0.00778	0.00946
25	0.03222	0.05375	0.07597	0.01700	0.02392	0.01791	0.01502	0.14579	0.10986	0.37418	0.02868	0.02609	0.01915	0.01024	0.00837	0.00262	0.00811	0.00815	0.00897	0.01400
26	0.01614	0.01540	0.02702	0.55608	0.05337	0.01845	0.08333	0.02174	0.01704	0.02214	0.01601	0.02366	0.01237	0.01321	0.06625	0.00379	0.01265	0.00795	0.00390	0.00950
27	0.01391	0.01042	0.01497	0.07153	0.01867	0.01137	0.03722	0.04137	0.01567	0.02214	0.02544	0.09987	0.02540	0.19543	0.28711	0.00853	0.01413	0.01107	0.06813	0.00762
28	0.01222	0.01243	0.07089	0.01529	0.01791	0.00973	0.07386	0.01540	0.01797	0.02456	0.12750	0.47401	0.05124	0.02165	0.01041	0.00322	0.00646	0.01987	0.00736	0.00805
29	0.01761	0.10735	0.59826	0.02333	0.03540	0.02109	0.02983	0.02681	0.01790	0.02629	0.01494	0.01755	0.01079	0.00801	0.00783	0.00261	0.01224	0.00612	0.00360	0.01242
30	0.01859	0.08978	0.31482	0.04193	0.02833	0.05431	0.02167	0.02428	0.01740	0.06136	0.01927	0.08477	0.01689	0.01619	0.06707	0.03549	0.06421	0.00836	0.00457	0.01069
31	0.02134	0.02256	0.07300	0.07300	0.32118	0.02116	0.22540	0.08310	0.02140	0.02974	0.01676	0.02155	0.01313	0.00777	0.00897	0.00267	0.01167	0.00835	0.00460	0.01265
32	0.02271	0.38152	0.23211	0.01811	0.02675	0.05825	0.01972	0.02845	0.03999	0.07818	0.01567	0.01706	0.01229	0.00804	0.00677	0.00222	0.01025	0.00567	0.00444	0.01179

[dist]
# distance from previous block
# <min> <max>
23	38

[block]
# block no. 6 follows, 21 sequences, length 7
# corresponding to MSA columns:
# 229-235
name=unknown_G
#
# <colnr> <probs for GDERKNQSTAVLIFYWHMCP>
#	G	D	E	R	K	N	Q	S	T	A	V	L	I	F	Y	W	H	M	C	P
0	0.19952	0.08583	0.02206	0.04662	0.12089	0.07051	0.01416	0.06765	0.02072	0.11753	0.06327	0.02872	0.08823	0.01053	0.00763	0.00253	0.00817	0.00819	0.00631	0.01093
1	0.07958	0.24672	0.09172	0.09416	0.02805	0.05438	0.01704	0.11279	0.02161	0.12501	0.01718	0.01876	0.01292	0.00885	0.00800	0.00241	0.03722	0.00630	0.00557	0.01173
2	0.02127	0.09854	0.03264	0.13663	0.40110	0.02205	0.02283	0.06603	0.06512	0.02829	0.01705	0.02119	0.01385	0.00815	0.00812	0.00252	0.00988	0.00739	0.00469	0.01265
3	0.55515	0.01618	0.01568	0.01628	0.08944	0.01784	0.01141	0.02617	0.01665	0.09742	0.05611	0.01943	0.01556	0.00875	0.00627	0.00262	0.00688	0.00605	0.00593	0.01015
4	0.02106	0.02022	0.03454	0.05223	0.64784	0.02022	0.02612	0.02612	0.01938	0.02780	0.01601	0.02106	0.01348	0.00758	0.00842	0.00253	0.01011	0.00758	0.00421	0.01348
5	0.02106	0.02022	0.03454	0.05223	0.64784	0.02022	0.02612	0.02612	0.01938	0.02780	0.01601	0.02106	0.01348	0.00758	0.00842	0.00253	0.01011	0.00758	0.00421	0.01348
6	0.16320	0.02432	0.02416	0.05512	0.09795	0.15843	0.04549	0.17650	0.11219	0.03542	0.01840	0.02006	0.01406	0.00913	0.00782	0.00257	0.01016	0.00702	0.00612	0.01187

[dist]
# distance from previous block
# <min> <max>
0	1

[block]
# block no. 7 follows, 21 sequences, length 52
# corresponding to MSA columns:
# 237-288
name=unknown_H
#
# <colnr> <probs for GDERKNQSTAVLIFYWHMCP>
#	G	D	E	R	K	N	Q	S	T	A	V	L	I	F	Y	W	H	M	C	P
0	0.02488	0.01919	0.04823	0.01673	0.02216	0.01950	0.01404	0.29267	0.10736	0.09625	0.10043	0.03569	0.11052	0.01287	0.00972	0.00272	0.03623	0.01020	0.00830	0.01233
1	0.02402	0.05185	0.02008	0.01549	0.02052	0.01611	0.03728	0.08022	0.18712	0.20387	0.15282	0.03937	0.08854	0.01277	0.00890	0.00269	0.00679	0.01078	0.00878	0.01200
2	0.01786	0.07408	0.54129	0.02218	0.03331	0.01916	0.02771	0.02658	0.01874	0.05490	0.06998	0.02215	0.01723	0.00895	0.00814	0.00265	0.01142	0.00708	0.00440	0.01218
3	0.02110	0.02068	0.03331	0.10499	0.56976	0.04855	0.02548	0.02609	0.01938	0.02697	0.01581	0.02095	0.01319	0.00771	0.00840	0.00254	0.01045	0.00749	0.00418	0.01297
4	0.01702	0.01349	0.01602	0.01242	0.01852	0.01046	0.00966	0.02031	0.01780	0.05535	0.02453	0.13659	0.04829	0.01064	0.00735	0.00177	0.00603	0.00904	0.00591	0.55880
5	0.01171	0.00861	0.01032	0.01058	0.01200	0.00784	0.00706	0.01326	0.01635	0.02194	0.09712	0.29984	0.12909	0.22865	0.02016	0.00458	0.00589	0.01729	0.00695	0.07075
6	0.01721	0.01446	0.01688	0.01239	0.01937	0.01099	0.00981	0.02088	0.01758	0.02757	0.01724	0.05295	0.01520	0.00748	0.00652	0.00140	0.00614	0.00613	0.03355	0.68624
7	0.01842	0.01562	0.01839	0.03828	0.02198	0.01248	0.01094	0.05535	0.01889	0.02897	0.01543	0.01800	0.01266	0.00661	0.00651	0.00139	0.00667	0.00529	0.00519	0.68293
8	0.02687	0.01419	0.01794	0.01390	0.02017	0.01192	0.01116	0.03121	0.04937	0.32597	0.05383	0.06988	0.02300	0.01036	0.00794	0.00219	0.00658	0.00862	0.00819	0.28668
9	0.01744	0.08722	0.61688	0.02362	0.03585	0.02067	0.03034	0.02685	0.01792	0.02650	0.01505	0.01769	0.01079	0.00803	0.00791	0.00264	0.01235	0.00618	0.00360	0.01247
10	0.01696	0.01468	0.01882	0.01579	0.05250	0.01204	0.03754	0.02159	0.04771	0.02716	0.02119	0.12488	0.02016	0.00985	0.00741	0.00182	0.00666	0.00862	0.00559	0.52904
11	0.01929	0.01632	0.02015	0.04988	0.02374	0.01426	0.03763	0.09492	0.04871	0.03063	0.01816	0.04907	0.01532	0.00807	0.00716	0.00174	0.00724	0.00676	0.00566	0.52527
12	0.01726	0.03090	0.39626	0.02090	0.05527	0.01599	0.02309	0.02474	0.01985	0.06431	0.16817	0.02973	0.02840	0.01034	0.00848	0.00259	0.00969	0.00859	0.00550	0.05994
13	0.01646	0.01417	0.01759	0.01327	0.01978	0.01101	0.03524	0.02002	0.01769	0.02673	0.02300	0.10166	0.05360	0.00961	0.00721	0.00168	0.00637	0.00825	0.00551	0.59113
14	0.01271	0.01146	0.04729	0.04235	0.01770	0.00973	0.03992	0.01694	0.02211	0.03077	0.44080	0.11445	0.09644	0.01735	0.01003	0.00284	0.00558	0.04488	0.00829	0.00835
15	0.01067	0.00771	0.01009	0.01146	0.01237	0.00714	0.00785	0.01266	0.01793	0.02413	0.16164	0.54366	0.09186	0.02464	0.01066	0.00328	0.00473	0.02220	0.00818	0.00714
16	0.01798	0.01755	0.04675	0.01472	0.02103	0.04229	0.01227	0.02160	0.01729	0.02616	0.01624	0.05382	0.01460	0.00866	0.00941	0.00179	0.09256	0.00644	0.00494	0.55391
17	0.72136	0.01793	0.04687	0.01189	0.01754	0.01913	0.01040	0.02512	0.01467	0.03758	0.01203	0.01405	0.00930	0.00791	0.00542	0.00264	0.00690	0.00470	0.00518	0.00940
18	0.13412	0.01905	0.02076	0.01629	0.02243	0.02022	0.01340	0.33598	0.03053	0.20675	0.02328	0.02267	0.01607	0.00995	0.00786	0.00254	0.00798	0.00749	0.06942	0.01320
19	0.01387	0.01034	0.01322	0.01429	0.01621	0.01063	0.01129	0.02018	0.12210	0.02621	0.08182	0.26464	0.04816	0.02227	0.01162	0.03033	0.00649	0.26001	0.00795	0.00837
20	0.06516	0.01303	0.01698	0.01359	0.01894	0.01166	0.01104	0.03456	0.02330	0.46720	0.13502	0.03435	0.03058	0.01152	0.00843	0.00258	0.00638	0.00948	0.07360	0.01259
21	0.01275	0.00904	0.01054	0.00995	0.01269	0.00790	0.00754	0.01579	0.02175	0.06897	0.32389	0.07051	0.35959	0.01904	0.00995	0.00277	0.00437	0.01623	0.00871	0.00803
22	0.67629	0.01623	0.01336	0.01165	0.01708	0.01832	0.00960	0.02695	0.01564	0.11035	0.01440	0.01560	0.01061	0.00821	0.00565	0.00263	0.00666	0.00507	0.00588	0.00983
23	0.03360	0.01949	0.02262	0.01744	0.02392	0.02014	0.01436	0.36729	0.03320	0.28384	0.05597	0.02583	0.02023	0.01069	0.00860	0.00259	0.00828	0.00839	0.00933	0.01416
24	0.01173	0.00845	0.01109	0.01092	0.01264	0.00782	0.00801	0.01526	0.02262	0.03178	0.53063	0.18297	0.07576	0.01915	0.01019	0.00282	0.00419	0.01705	0.00909	0.00782
25	0.03235	0.02384	0.02554	0.01958	0.02639	0.02639	0.01618	0.61946	0.04001	0.05363	0.02043	0.02043	0.01447	0.01022	0.00851	0.00255	0.00936	0.00766	0.00851	0.01447
26	0.01061	0.00758	0.01014	0.01200	0.01263	0.00711	0.00821	0.01233	0.01680	0.02245	0.07225	0.63749	0.05693	0.02610	0.01087	0.00345	0.00505	0.05304	0.00796	0.00701
27	0.03620	0.01496	0.01977	0.01527	0.02162	0.01345	0.01257	0.08980	0.02569	0.56694	0.06701	0.03019	0.02386	0.01089	0.00864	0.00263	0.00724	0.00887	0.01029	0.01412
28	0.01635	0.00967	0.01264	0.01134	0.01417	0.00874	0.00870	0.02015	0.02389	0.13815	0.51099	0.05869	0.10007	0.01646	0.00979	0.00268	0.00458	0.01437	0.00949	0.00907
29	0.03788	0.01496	0.02005	0.01537	0.02196	0.01322	0.01270	0.07112	0.02516	0.62295	0.03290	0.02853	0.02073	0.01052	0.00856	0.00263	0.00735	0.00851	0.01043	0.01448
30	0.02042	0.01956	0.03338	0.13312	0.57197	0.02005	0.02580	0.02555	0.01907	0.02702	0.01589	0.02127	0.01320	0.00770	0.00844	0.00257	0.01027	0.00758	0.00416	0.01296
31	0.09205	0.01793	0.01978	0.01626	0.02195	0.01922	0.01312	0.18528	0.23117	0.20945	0.02845	0.02660	0.02008	0.01053	0.00816	0.00266	0.00737	0.00832	0.04828	0.01334
32	0.43032	0.01555	0.01582	0.01300	0.01887	0.01608	0.01072	0.03255	0.01900	0.31980	0.02179	0.02075	0.01464	0.00910	0.00677	0.00263	0.00688	0.00642	0.00768	0.01163
33	0.03818	0.01448	0.01975	0.01514	0.02172	0.01251	0.01251	0.04147	0.02436	0.65373	0.03357	0.02897	0.02107	0.01053	0.00856	0.00263	0.00724	0.00856	0.01053	0.01448
34	0.02003	0.02348	0.13746	0.08762	0.06330	0.02033	0.20621	0.12424	0.02198	0.03035	0.04300	0.08250	0.01895	0.01077	0.01086	0.00289	0.06948	0.00990	0.00530	0.01135
35	0.01251	0.00926	0.01117	0.01165	0.01332	0.00885	0.00825	0.06482	0.01979	0.02615	0.13120	0.41146	0.16405	0.05152	0.01177	0.00337	0.00522	0.01993	0.00803	0.00769
36	0.02111	0.02020	0.03401	0.11686	0.15369	0.05340	0.23707	0.05793	0.06063	0.06003	0.02141	0.08539	0.01810	0.00994	0.00924	0.00279	0.01121	0.01010	0.00538	0.01153
37	0.45034	0.07280	0.01770	0.03420	0.01977	0.01931	0.01117	0.06008	0.05295	0.14055	0.01788	0.01859	0.01306	0.00871	0.00633	0.00256	0.00712	0.00592	0.03024	0.01073
38	0.01196	0.01087	0.04232	0.01132	0.01426	0.00895	0.00931	0.01625	0.04783	0.02783	0.27015	0.09768	0.30530	0.01940	0.01009	0.00292	0.00509	0.07216	0.00823	0.00807
39	0.01935	0.01507	0.01817	0.04148	0.02195	0.01177	0.01087	0.02317	0.01820	0.08137	0.01671	0.01884	0.01328	0.00676	0.00659	0.00145	0.00660	0.00545	0.00546	0.65747
40	0.01044	0.00744	0.00985	0.01176	0.01223	0.00696	0.00780	0.01187	0.01615	0.02154	0.04618	0.67246	0.05538	0.05081	0.01202	0.00363	0.00506	0.02377	0.00780	0.00685
41	0.01216	0.00912	0.01368	0.01368	0.01520	0.01064	0.01064	0.01520	0.01368	0.01976	0.02279	0.03343	0.02127	0.06382	0.66720	0.01368	0.02279	0.00912	0.00456	0.00760
42	0.05127	0.04415	0.09800	0.14218	0.31100	0.02064	0.15819	0.02570	0.01875	0.02683	0.01576	0.02089	0.01248	0.00769	0.00854	0.00265	0.01132	0.00778	0.00413	0.01204
43	0.01641	0.01536	0.02182	0.01937	0.01989	0.02078	0.01588	0.01867	0.01325	0.02023	0.01515	0.02369	0.01463	0.03166	0.24691	0.00713	0.45839	0.00802	0.00401	0.00872
44	0.01006	0.00862	0.00862	0.00862	0.01149	0.00718	0.00647	0.01221	0.01940	0.02299	0.08621	0.08190	0.64438	0.02155	0.01006	0.00287	0.00431	0.01796	0.00790	0.00718
45	0.02612	0.01473	0.01976	0.14348	0.04756	0.01494	0.01445	0.06355	0.10215	0.29304	0.03577	0.06801	0.09414	0.01229	0.00885	0.00277	0.00770	0.01034	0.00824	0.01211
46	0.03108	0.01894	0.02356	0.01848	0.02474	0.04297	0.06559	0.18223	0.13050	0.29977	0.05141	0.02760	0.02142	0.01053	0.00871	0.00266	0.00848	0.00879	0.00890	0.01363
47	0.01052	0.00753	0.01001	0.01174	0.01238	0.00702	0.00791	0.01224	0.01702	0.02288	0.10233	0.63666	0.05852	0.02580	0.01079	0.00338	0.00485	0.02337	0.00804	0.00702
48	0.06058	0.01746	0.02789	0.33736	0.27417	0.01991	0.02297	0.02471	0.04912	0.02560	0.01606	0.02182	0.01277	0.00862	0.00933	0.00276	0.04595	0.00750	0.00427	0.01115
49	0.02588	0.17366	0.02803	0.05403	0.05306	0.28991	0.01602	0.08150	0.05073	0.02560	0.04559	0.01944	0.01557	0.00919	0.00830	0.00226	0.03991	0.00641	0.00500	0.04991
50	0.05096	0.04901	0.03188	0.08074	0.03243	0.01955	0.23185	0.05061	0.07172	0.02796	0.01879	0.05605	0.01574	0.00935	0.01021	0.00259	0.07007	0.00873	0.00510	0.15664
51	0.02022	0.02729	0.20088	0.03224	0.09825	0.02087	0.32597	0.02722	0.01909	0.05921	0.01693	0.02143	0.01269	0.00829	0.01084	0.00285	0.07088	0.00854	0.00439	0.01192

[dist]
# distance from previous block
# <min> <max>
0	11

[block]
# block no. 8 follows, 21 sequences, length 60
# corresponding to MSA columns:
# 300-359
name=unknown_I
#
# <colnr> <probs for GDERKNQSTAVLIFYWHMCP>
#	G	D	E	R	K	N	Q	S	T	A	V	L	I	F	Y	W	H	M	C	P
0	0.01945	0.01507	0.02390	0.01828	0.02429	0.01291	0.15506	0.02355	0.01928	0.11607	0.05867	0.15327	0.02597	0.01163	0.00860	0.00234	0.00797	0.01098	0.00643	0.28626
1	0.09787	0.04478	0.06098	0.02622	0.19930	0.01904	0.01738	0.12003	0.07807	0.11748	0.02190	0.06125	0.01757	0.00981	0.00800	0.00252	0.00843	0.00819	0.00647	0.07470
2	0.04860	0.06483	0.18910	0.10151	0.05799	0.07954	0.11917	0.05564	0.01934	0.05990	0.01573	0.01963	0.01205	0.00921	0.01114	0.00278	0.11075	0.00723	0.00452	0.01133
3	0.01203	0.00846	0.01048	0.01066	0.01173	0.00810	0.00735	0.01409	0.01798	0.02451	0.25350	0.14404	0.07722	0.28432	0.02320	0.00506	0.00613	0.06706	0.00735	0.00672
4	0.01952	0.05761	0.08220	0.04633	0.02509	0.02151	0.05019	0.02177	0.01599	0.02345	0.01764	0.02812	0.01702	0.12598	0.04391	0.00464	0.31302	0.00865	0.00491	0.07246
5	0.01130	0.00880	0.01044	0.01104	0.01330	0.00793	0.00867	0.01410	0.01980	0.02511	0.15344	0.14819	0.34940	0.02198	0.01057	0.00317	0.00522	0.16200	0.00810	0.00744
6	0.01765	0.01513	0.01765	0.01260	0.02017	0.01134	0.01008	0.02143	0.01765	0.02773	0.01513	0.01765	0.01260	0.00630	0.00630	0.00126	0.00630	0.00504	0.00504	0.75295
7	0.01331	0.00984	0.01192	0.01143	0.01370	0.00940	0.00860	0.06528	0.02277	0.03086	0.35370	0.13854	0.16758	0.05630	0.01193	0.00317	0.00508	0.04993	0.00854	0.00812
8	0.01983	0.01590	0.01817	0.01354	0.02026	0.01371	0.01086	0.13178	0.02234	0.03324	0.06923	0.02261	0.01901	0.00811	0.00701	0.00165	0.00658	0.00652	0.03783	0.52183
9	0.01152	0.00811	0.01091	0.01265	0.01363	0.00773	0.00934	0.01337	0.01702	0.02236	0.04655	0.45902	0.08415	0.02572	0.01247	0.05076	0.00583	0.17427	0.00762	0.00697
10	0.01154	0.00855	0.01075	0.01047	0.01247	0.00777	0.00775	0.01497	0.02249	0.03096	0.48763	0.13147	0.17357	0.01905	0.01013	0.00279	0.00416	0.01673	0.00897	0.00777
11	0.02276	0.01907	0.02014	0.01764	0.02274	0.02191	0.01386	0.12709	0.54799	0.03817	0.03261	0.03014	0.02434	0.01136	0.00864	0.00284	0.00711	0.00934	0.00864	0.01361
12	0.01084	0.00792	0.01019	0.01116	0.01236	0.00728	0.00779	0.01315	0.01896	0.02558	0.22987	0.44056	0.12621	0.02334	0.01053	0.00316	0.00459	0.02089	0.00834	0.00728
13	0.01068	0.00771	0.01018	0.01204	0.01281	0.00721	0.00839	0.01244	0.01680	0.02216	0.04899	0.60127	0.08951	0.02606	0.01090	0.00347	0.00518	0.07929	0.00789	0.00702
14	0.03075	0.02343	0.02448	0.01914	0.02525	0.05377	0.01571	0.53178	0.03681	0.04941	0.02011	0.02078	0.01459	0.01035	0.00920	0.00256	0.03985	0.00757	0.05080	0.01366
15	0.01586	0.00793	0.00793	0.00793	0.00991	0.00793	0.00595	0.01983	0.01785	0.03173	0.02776	0.03173	0.02181	0.00991	0.00595	0.00198	0.00397	0.00793	0.74817	0.00793
16	0.76103	0.01646	0.01251	0.01119	0.01646	0.01909	0.00922	0.02502	0.01448	0.03818	0.01185	0.01382	0.00922	0.00790	0.00527	0.00263	0.00658	0.00461	0.00527	0.00922
17	0.02077	0.01993	0.03402	0.08849	0.61383	0.02014	0.02597	0.02586	0.01924	0.02745	0.01596	0.02116	0.01336	0.00764	0.00843	0.00255	0.01018	0.00758	0.00419	0.01325
18	0.05850	0.01939	0.02047	0.01907	0.06144	0.08705	0.01414	0.07991	0.25601	0.19551	0.02974	0.05503	0.02274	0.01149	0.00855	0.00275	0.00815	0.02909	0.00820	0.01279
19	0.03284	0.02305	0.02505	0.01921	0.02600	0.02523	0.01587	0.57108	0.03870	0.10386	0.02153	0.02115	0.01502	0.01024	0.00852	0.00256	0.00919	0.00774	0.00868	0.01447
20	0.02379	0.01493	0.01828	0.01336	0.02063	0.01169	0.01081	0.02743	0.01965	0.21504	0.02065	0.02103	0.01514	0.00757	0.00698	0.00167	0.00658	0.00609	0.00668	0.53199
21	0.76103	0.01646	0.01251	0.01119	0.01646	0.01909	0.00922	0.02502	0.01448	0.03818	0.01185	0.01382	0.00922	0.00790	0.00527	0.00263	0.00658	0.00461	0.00527	0.00922
22	0.02106	0.02022	0.03454	0.05223	0.64784	0.02022	0.02612	0.02612	0.01938	0.02780	0.01601	0.02106	0.01348	0.00758	0.00842	0.00253	0.01011	0.00758	0.00421	0.01348
23	0.01037	0.00741	0.00987	0.01185	0.01234	0.00691	0.00790	0.01185	0.01629	0.02172	0.04690	0.69537	0.05629	0.02666	0.01086	0.00346	0.00494	0.02419	0.00790	0.00691
24	0.02842	0.03381	0.02275	0.04863	0.02570	0.49882	0.01586	0.04912	0.02274	0.02296	0.01478	0.01775	0.01220	0.00943	0.00926	0.00234	0.06992	0.00605	0.07971	0.00975
25	0.01037	0.00741	0.00987	0.01185	0.01234	0.00691	0.00790	0.01185	0.01629	0.02172	0.04690	0.69537	0.05629	0.02666	0.01086	0.00346	0.00494	0.02419	0.00790	0.00691
26	0.01120	0.00794	0.01049	0.01212	0.01286	0.00757	0.00852	0.01302	0.01672	0.02228	0.07085	0.49922	0.05332	0.10203	0.01464	0.00404	0.00573	0.11289	0.00764	0.00691
27	0.01760	0.09078	0.59396	0.02441	0.05438	0.02078	0.03007	0.02682	0.01796	0.02648	0.01505	0.01775	0.01087	0.00801	0.00791	0.00263	0.01225	0.00620	0.00362	0.01249
