[name]
unknown

[dist]
# distance from previous block
# <min> <max>
5	53

[block]
# block no. 0 follows, 26 sequences, length 173
# corresponding to MSA columns:
# 65-237
name=unknown_A
#
# <colnr> <probs for GDERKNQSTAVLIFYWHMCP>
#	G	D	E	R	K	N	Q	S	T	A	V	L	I	F	Y	W	H	M	C	P
0	0.04078	0.01038	0.01230	0.01195	0.01424	0.01051	0.00881	0.11924	0.05891	0.07239	0.08968	0.41859	0.06563	0.01819	0.00883	0.00277	0.00523	0.01600	0.00736	0.00822
1	0.00968	0.00686	0.00896	0.01031	0.01085	0.00647	0.00692	0.01109	0.01474	0.01977	0.09024	0.56975	0.04885	0.11086	0.01323	0.00357	0.00479	0.04014	0.00684	0.00607
2	0.05016	0.01026	0.01261	0.01198	0.01451	0.01006	0.00891	0.10644	0.01926	0.15301	0.08157	0.41632	0.03877	0.01767	0.00873	0.00275	0.00534	0.01554	0.00756	0.00854
3	0.04368	0.01160	0.01353	0.01184	0.01485	0.01189	0.00924	0.17516	0.02236	0.08523	0.23597	0.06675	0.03747	0.07141	0.01130	0.03108	0.00574	0.05320	0.07903	0.00866
4	0.22438	0.01282	0.01384	0.03525	0.01686	0.01350	0.00964	0.09670	0.06975	0.12219	0.17504	0.07086	0.02930	0.01088	0.00711	0.00235	0.00566	0.00877	0.03858	0.03653
5	0.38570	0.01260	0.01219	0.01119	0.01479	0.01367	0.00867	0.06768	0.03919	0.10281	0.02274	0.20524	0.02208	0.04053	0.00798	0.00274	0.00579	0.00973	0.00615	0.00852
6	0.25871	0.01131	0.01231	0.01062	0.01448	0.01126	0.00847	0.02272	0.01856	0.21111	0.25003	0.03565	0.08293	0.01148	0.00726	0.00238	0.00510	0.00923	0.00740	0.00900
7	0.02444	0.01495	0.01740	0.01421	0.01869	0.01558	0.01139	0.27113	0.07872	0.20264	0.05207	0.03048	0.04613	0.07189	0.03981	0.03174	0.00760	0.03281	0.00750	0.01084
8	0.02976	0.01404	0.01775	0.01378	0.01958	0.01291	0.01126	0.08551	0.09701	0.48692	0.02720	0.02433	0.01794	0.00904	0.00740	0.00223	0.00646	0.00731	0.00849	0.10109
9	0.01165	0.00796	0.01043	0.00970	0.01165	0.00731	0.00731	0.01520	0.02148	0.05632	0.65656	0.05545	0.06950	0.01527	0.00889	0.00238	0.00369	0.01348	0.00839	0.00738
10	0.01521	0.03923	0.69413	0.02162	0.03283	0.01762	0.02802	0.02402	0.01601	0.02402	0.01361	0.01601	0.00961	0.00721	0.00721	0.00240	0.01121	0.00560	0.00320	0.01121
11	0.01043	0.00774	0.00972	0.00922	0.01114	0.00703	0.00692	0.01372	0.02075	0.02871	0.57787	0.05947	0.17688	0.01614	0.00895	0.00242	0.00362	0.01411	0.00812	0.00703
12	0.01749	0.01946	0.04065	0.02958	0.03624	0.01898	0.55897	0.02384	0.04037	0.02388	0.01650	0.04826	0.01332	0.00776	0.01021	0.00264	0.06855	0.00925	0.00406	0.00998
13	0.01459	0.01376	0.02324	0.67468	0.09066	0.01692	0.02120	0.01962	0.01529	0.01971	0.01353	0.02013	0.01023	0.00753	0.00758	0.00251	0.01004	0.00674	0.00339	0.00864
14	0.01573	0.01348	0.01573	0.01123	0.01798	0.01011	0.00899	0.01910	0.01573	0.02472	0.01348	0.01573	0.01123	0.00562	0.00562	0.00112	0.00562	0.00449	0.00449	0.77980
15	0.01432	0.01348	0.02275	0.71520	0.05224	0.01685	0.02107	0.01938	0.01517	0.01938	0.01348	0.02022	0.01011	0.00758	0.00758	0.00253	0.01011	0.00674	0.00337	0.00843
16	0.78701	0.01467	0.01115	0.00997	0.01467	0.01702	0.00821	0.02230	0.01291	0.03403	0.01056	0.01232	0.00821	0.00704	0.00469	0.00235	0.00587	0.00411	0.00469	0.00821
17	0.01074	0.00775	0.01014	0.00954	0.01133	0.00716	0.00716	0.01431	0.02147	0.03042	0.68211	0.05666	0.07157	0.01551	0.00895	0.00239	0.00358	0.01372	0.00835	0.00716
18	0.01695	0.01421	0.01638	0.01181	0.01849	0.01136	0.00949	0.07897	0.01759	0.02687	0.01392	0.01596	0.01139	0.00594	0.00580	0.00123	0.00587	0.00471	0.00478	0.70825
19	0.00924	0.00660	0.00880	0.01056	0.01100	0.00616	0.00704	0.01056	0.01452	0.01936	0.04181	0.72848	0.05017	0.02376	0.00968	0.00308	0.00440	0.02156	0.00704	0.00616
20	0.02685	0.02132	0.05077	0.01735	0.02339	0.02262	0.01466	0.54657	0.12403	0.04453	0.01979	0.01953	0.01419	0.00919	0.00759	0.00232	0.00814	0.00702	0.00742	0.01270
21	0.01935	0.01912	0.03022	0.04492	0.64596	0.05953	0.02276	0.02370	0.01753	0.02440	0.01411	0.01846	0.01188	0.00682	0.00747	0.00223	0.00929	0.00664	0.00376	0.01182
22	0.01451	0.01355	0.02274	0.57892	0.12944	0.01622	0.02032	0.01923	0.01539	0.02006	0.01566	0.07196	0.01329	0.00867	0.00773	0.00253	0.00955	0.00783	0.00369	0.00871
23	0.01732	0.01865	0.03621	0.02649	0.03258	0.01853	0.43740	0.02236	0.01639	0.02323	0.01405	0.01900	0.01118	0.00756	0.01142	0.00248	0.14402	0.00783	0.00384	0.12947
24	0.01096	0.00732	0.00829	0.00837	0.00839	0.00730	0.00470	0.01101	0.01117	0.01490	0.02464	0.07768	0.02851	0.70411	0.03741	0.00718	0.00723	0.01147	0.00470	0.00466
25	0.01084	0.00813	0.01219	0.01219	0.01354	0.00948	0.00948	0.01354	0.01219	0.01761	0.02032	0.02980	0.01896	0.05689	0.70337	0.01219	0.02032	0.00813	0.00406	0.00677
26	0.01543	0.11985	0.55665	0.01954	0.02937	0.01819	0.02442	0.02302	0.01642	0.02384	0.07132	0.01909	0.01501	0.00784	0.00708	0.00231	0.01018	0.00612	0.00365	0.01068
27	0.01546	0.07362	0.66193	0.02119	0.03217	0.01823	0.02728	0.02396	0.01598	0.02372	0.01346	0.01582	0.00961	0.00717	0.00709	0.00236	0.01106	0.00553	0.00320	0.01114
28	0.27739	0.18598	0.04475	0.01452	0.01981	0.20459	0.01244	0.09122	0.01856	0.05144	0.01248	0.01388	0.00990	0.00743	0.00580	0.00207	0.00893	0.00477	0.00458	0.00947
29	0.01898	0.01796	0.03012	0.07408	0.63264	0.01819	0.02283	0.04840	0.01791	0.02546	0.01439	0.01881	0.01197	0.00689	0.00752	0.00227	0.00903	0.00676	0.00389	0.01190
30	0.01611	0.01374	0.01623	0.03819	0.01946	0.01081	0.00963	0.04048	0.01637	0.02528	0.01364	0.01598	0.01125	0.00581	0.00576	0.00122	0.00588	0.00466	0.00455	0.72495
31	0.01103	0.00735	0.00827	0.00827	0.00827	0.00735	0.00460	0.01103	0.01103	0.01471	0.02390	0.04964	0.02758	0.73343	0.03861	0.00735	0.00735	0.01103	0.00460	0.00460
32	0.01887	0.01629	0.01715	0.01544	0.01972	0.01887	0.01201	0.04031	0.67241	0.03173	0.03087	0.02830	0.02315	0.01029	0.00772	0.00257	0.00600	0.00858	0.00772	0.01201
33	0.01414	0.00707	0.00707	0.00707	0.00884	0.00707	0.00530	0.01767	0.01591	0.02828	0.02474	0.02828	0.01944	0.00884	0.00530	0.00177	0.00353	0.00707	0.77554	0.00707
34	0.00924	0.00660	0.00880	0.01056	0.01100	0.00616	0.00704	0.01056	0.01452	0.01936	0.04181	0.72848	0.05017	0.02376	0.00968	0.00308	0.00440	0.02156	0.00704	0.00616
35	0.02028	0.73799	0.03975	0.01298	0.01947	0.03001	0.01298	0.02271	0.01541	0.01785	0.01055	0.01217	0.00973	0.00649	0.00487	0.00162	0.00811	0.00406	0.00324	0.00973
36	0.76146	0.01539	0.01150	0.01030	0.01496	0.04011	0.00843	0.02257	0.01320	0.03351	0.01060	0.01237	0.00827	0.00707	0.00477	0.00233	0.00613	0.00413	0.00467	0.00823
37	0.02823	0.02095	0.02242	0.01733	0.02329	0.02324	0.01427	0.62322	0.07425	0.04683	0.01898	0.01882	0.01352	0.00918	0.00760	0.00229	0.00820	0.00693	0.00760	0.01285
38	0.04152	0.01448	0.02314	0.49287	0.14101	0.01739	0.01994	0.04235	0.01585	0.02160	0.01433	0.04253	0.01173	0.00844	0.00881	0.00255	0.06156	0.00713	0.00374	0.00903
39	0.01951	0.01615	0.01717	0.01535	0.01971	0.01854	0.01197	0.04016	0.64458	0.05995	0.03083	0.02819	0.02297	0.01025	0.00771	0.00256	0.00602	0.00854	0.00779	0.01204
40	0.00909	0.00769	0.00786	0.00782	0.01032	0.00646	0.00586	0.01113	0.01759	0.02120	0.12000	0.07183	0.63944	0.01895	0.00896	0.00255	0.00382	0.01584	0.00714	0.00646
41	0.01741	0.01392	0.01619	0.01188	0.01827	0.01125	0.00950	0.07971	0.01778	0.05244	0.01569	0.04464	0.01323	0.00681	0.00604	0.00136	0.00586	0.00551	0.00507	0.64743
42	0.01103	0.00735	0.00827	0.00827	0.00827	0.00735	0.00460	0.01103	0.01103	0.01471	0.02390	0.04964	0.02758	0.73343	0.03861	0.00735	0.00735	0.01103	0.00460	0.00460
43	0.02059	0.71132	0.03905	0.01323	0.01962	0.05559	0.01304	0.02300	0.01564	0.01787	0.01059	0.01222	0.00974	0.00654	0.00494	0.00163	0.00832	0.00409	0.00327	0.00970
44	0.01447	0.01376	0.02362	0.68808	0.05174	0.01694	0.04637	0.01958	0.01528	0.01958	0.01356	0.02023	0.01017	0.00754	0.00764	0.00253	0.01022	0.00683	0.00339	0.00850
45	0.01060	0.00775	0.00995	0.00940	0.01125	0.00710	0.00705	0.01405	0.02115	0.02966	0.63587	0.05791	0.11829	0.01579	0.00895	0.00240	0.00360	0.01389	0.00825	0.00710
46	0.02833	0.03615	0.02149	0.01954	0.02345	0.70298	0.01466	0.03029	0.02149	0.01856	0.01172	0.01368	0.00977	0.00782	0.00684	0.00195	0.01368	0.00489	0.00391	0.00879
47	0.02028	0.73799	0.03975	0.01298	0.01947	0.03001	0.01298	0.02271	0.01541	0.01785	0.01055	0.01217	0.00973	0.00649	0.00487	0.00162	0.00811	0.00406	0.00324	0.00973
48	0.02028	0.73799	0.03975	0.01298	0.01947	0.03001	0.01298	0.02271	0.01541	0.01785	0.01055	0.01217	0.00973	0.00649	0.00487	0.00162	0.00811	0.00406	0.00324	0.00973
49	0.01084	0.00813	0.01219	0.01219	0.01354	0.00948	0.00948	0.01354	0.01219	0.01761	0.02032	0.02980	0.01896	0.05689	0.70337	0.01219	0.02032	0.00813	0.00406	0.00677
50	0.01414	0.00707	0.00707	0.00707	0.00884	0.00707	0.00530	0.01767	0.01591	0.02828	0.02474	0.02828	0.01944	0.00884	0.00530	0.00177	0.00353	0.00707	0.77554	0.00707
51	0.02028	0.73799	0.03975	0.01298	0.01947	0.03001	0.01298	0.02271	0.01541	0.01785	0.01055	0.01217	0.00973	0.00649	0.00487	0.00162	0.00811	0.00406	0.00324	0.00973
52	0.01414	0.00707	0.00707	0.00707	0.00884	0.00707	0.00530	0.01767	0.01591	0.02828	0.02474	0.02828	0.01944	0.00884	0.00530	0.00177	0.00353	0.00707	0.77554	0.00707
53	0.01765	0.01822	0.03505	0.08323	0.30312	0.01773	0.30412	0.02295	0.01751	0.02441	0.04083	0.02099	0.01396	0.00695	0.00814	0.00237	0.01042	0.00792	0.00397	0.04046
54	0.02028	0.73799	0.03975	0.01298	0.01947	0.03001	0.01298	0.02271	0.01541	0.01785	0.01055	0.01217	0.00973	0.00649	0.00487	0.00162	0.00811	0.00406	0.00324	0.00973
55	0.74996	0.01458	0.01147	0.01015	0.01490	0.01673	0.00836	0.02302	0.01334	0.06638	0.01151	0.01299	0.00873	0.00716	0.00484	0.00235	0.00590	0.00428	0.00492	0.00845
56	0.02883	0.02125	0.02276	0.01745	0.02352	0.02352	0.01442	0.66082	0.03566	0.04780	0.01821	0.01821	0.01290	0.00911	0.00759	0.00228	0.00835	0.00683	0.00759	0.01290
57	0.02028	0.73799	0.03975	0.01298	0.01947	0.03001	0.01298	0.02271	0.01541	0.01785	0.01055	0.01217	0.00973	0.00649	0.00487	0.00162	0.00811	0.00406	0.00324	0.00973
58	0.01521	0.03923	0.69413	0.02162	0.03283	0.01762	0.02802	0.02402	0.01601	0.02402	0.01361	0.01601	0.00961	0.00721	0.00721	0.00240	0.01121	0.00560	0.00320	0.01121
59	0.01573	0.01348	0.01573	0.01123	0.01798	0.01011	0.00899	0.01910	0.01573	0.02472	0.01348	0.01573	0.01123	0.00562	0.00562	0.00112	0.00562	0.00449	0.00449	0.77980
60	0.78701	0.01467	0.01115	0.00997	0.01467	0.01702	0.00821	0.02230	0.01291	0.03403	0.01056	0.01232	0.00821	0.00704	0.00469	0.00235	0.00587	0.00411	0.00469	0.00821
61	0.02108	0.01779	0.01864	0.01689	0.02125	0.01989	0.01289	0.04099	0.64754	0.03343	0.03256	0.03113	0.02495	0.01177	0.00870	0.00300	0.00681	0.00923	0.00839	0.01308
62	0.03432	0.01539	0.01950	0.01531	0.02126	0.01366	0.01229	0.09851	0.02398	0.57382	0.02977	0.02755	0.01983	0.01071	0.00852	0.00272	0.00740	0.00810	0.00960	0.04776
63	0.03564	0.01454	0.01907	0.01502	0.02091	0.01248	0.01206	0.03778	0.02287	0.66668	0.03165	0.02874	0.02074	0.01091	0.00861	0.00278	0.00725	0.00832	0.01000	0.01394
64	0.01654	0.00893	0.00896	0.00885	0.01080	0.00857	0.00645	0.01926	0.01730	0.03012	0.02667	0.03111	0.02138	0.01038	0.00638	0.00223	0.00444	0.00778	0.74550	0.00834
65	0.01807	0.01509	0.01727	0.01285	0.01958	0.01149	0.00999	0.02063	0.01713	0.02670	0.01586	0.01906	0.01351	0.00729	0.00668	0.00161	0.00644	0.00531	0.00530	0.75015
66	0.02968	0.03604	0.02288	0.02084	0.02468	0.64855	0.01551	0.03087	0.02226	0.02078	0.01410	0.01721	0.01211	0.00962	0.00860	0.00246	0.04334	0.00576	0.00471	0.00997
67	0.72889	0.01616	0.01313	0.01178	0.01659	0.01789	0.00936	0.02428	0.01477	0.06148	0.01382	0.01632	0.01102	0.00875	0.00591	0.00278	0.00671	0.00508	0.00568	0.00962
68	0.02967	0.02558	0.02408	0.02054	0.05105	0.17637	0.01569	0.44568	0.03145	0.04027	0.01848	0.02039	0.01426	0.01041	0.00906	0.00268	0.03731	0.00711	0.00713	0.01280
69	0.01356	0.00921	0.01012	0.01001	0.01026	0.00884	0.00577	0.01288	0.01262	0.01709	0.02586	0.05161	0.02919	0.70598	0.03835	0.00759	0.00811	0.01159	0.00540	0.00596
70	0.01856	0.01752	0.02357	0.02048	0.02073	0.02312	0.01657	0.01938	0.01315	0.02028	0.01332	0.02189	0.01335	0.05828	0.02601	0.00396	0.64865	0.00764	0.00425	0.00929
71	0.01654	0.00893	0.00896	0.00885	0.01080	0.00857	0.00645	0.01926	0.01730	0.03012	0.02667	0.03111	0.02138	0.01038	0.00638	0.00223	0.00444	0.00778	0.74550	0.00834
72	0.02200	0.01758	0.01867	0.01677	0.02123	0.01943	0.01284	0.04079	0.60811	0.07341	0.03250	0.03097	0.02468	0.01172	0.00869	0.00298	0.00684	0.00917	0.00850	0.01313
73	0.02833	0.03615	0.02149	0.01954	0.02345	0.70298	0.01466	0.03029	0.02149	0.01856	0.01172	0.01368	0.00977	0.00782	0.00684	0.00195	0.01368	0.00489	0.00391	0.00879
74	0.03213	0.01327	0.01753	0.01364	0.01928	0.01197	0.01120	0.06094	0.06169	0.60409	0.05124	0.02670	0.02057	0.00964	0.00768	0.00236	0.00641	0.00786	0.00918	0.01266
75	0.78701	0.01467	0.01115	0.00997	0.01467	0.01702	0.00821	0.02230	0.01291	0.03403	0.01056	0.01232	0.00821	0.00704	0.00469	0.00235	0.00587	0.00411	0.00469	0.00821
76	0.01121	0.00802	0.01025	0.01010	0.01055	0.00877	0.00676	0.01219	0.01145	0.01584	0.02208	0.04153	0.02391	0.47487	0.26087	0.00880	0.04310	0.00986	0.00436	0.00549
77	0.01508	0.01437	0.02466	0.59649	0.14147	0.01710	0.04388	0.02010	0.01556	0.02032	0.01366	0.02003	0.01043	0.00742	0.00762	0.00249	0.01005	0.00682	0.00344	0.00900
78	0.01815	0.01373	0.01620	0.01172	0.01834	0.01076	0.00943	0.04662	0.01715	0.09464	0.01537	0.01687	0.01208	0.00615	0.00590	0.00130	0.00581	0.00491	0.00512	0.66975
79	0.09887	0.01440	0.01740	0.01471	0.01921	0.01525	0.05009	0.05783	0.28634	0.17213	0.11436	0.03149	0.02691	0.01064	0.00774	0.00250	0.00631	0.03536	0.00758	0.01088
80	0.01102	0.00738	0.00843	0.00843	0.00848	0.00744	0.00479	0.01113	0.01108	0.01482	0.02376	0.04885	0.02723	0.70659	0.06498	0.00755	0.00787	0.01092	0.00457	0.00468
81	0.00896	0.00768	0.00768	0.00768	0.01025	0.00640	0.00576	0.01089	0.01729	0.02049	0.07684	0.07300	0.68304	0.01921	0.00896	0.00256	0.00384	0.01601	0.00704	0.00640
82	0.01573	0.01348	0.01573	0.01123	0.01798	0.01011	0.00899	0.01910	0.01573	0.02472	0.01348	0.01573	0.01123	0.00562	0.00562	0.00112	0.00562	0.00449	0.00449	0.77980
83	0.02883	0.02125	0.02276	0.01745	0.02352	0.02352	0.01442	0.66082	0.03566	0.04780	0.01821	0.01821	0.01290	0.00911	0.00759	0.00228	0.00835	0.00683	0.00759	0.01290
84	0.02883	0.02125	0.02276	0.01745	0.02352	0.02352	0.01442	0.66082	0.03566	0.04780	0.01821	0.01821	0.01290	0.00911	0.00759	0.00228	0.00835	0.00683	0.00759	0.01290
85	0.01441	0.01359	0.02277	0.68989	0.05106	0.01708	0.02090	0.01934	0.01504	0.01934	0.01335	0.02009	0.01011	0.00779	0.00821	0.00256	0.03593	0.00674	0.00337	0.00842
86	0.00950	0.00770	0.00843	0.00825	0.01057	0.00663	0.00619	0.01193	0.01856	0.02350	0.26046	0.06804	0.49754	0.01809	0.00896	0.00251	0.00376	0.01531	0.00744	0.00663
87	0.02833	0.03615	0.02149	0.01954	0.02345	0.70298	0.01466	0.03029	0.02149	0.01856	0.01172	0.01368	0.00977	0.00782	0.00684	0.00195	0.01368	0.00489	0.00391	0.00879
88	0.02028	0.73799	0.03975	0.01298	0.01947	0.03001	0.01298	0.02271	0.01541	0.01785	0.01055	0.01217	0.00973	0.00649	0.00487	0.00162	0.00811	0.00406	0.00324	0.00973
89	0.78701	0.01467	0.01115	0.00997	0.01467	0.01702	0.00821	0.02230	0.01291	0.03403	0.01056	0.01232	0.00821	0.00704	0.00469	0.00235	0.00587	0.00411	0.00469	0.00821
90	0.00919	0.00769	0.00800	0.00792	0.01038	0.00650	0.00594	0.01132	0.01782	0.02175	0.15371	0.07092	0.60538	0.01874	0.00896	0.00254	0.00381	0.01572	0.00721	0.00650
91	0.01414	0.00707	0.00707	0.00707	0.00884	0.00707	0.00530	0.01767	0.01591	0.02828	0.02474	0.02828	0.01944	0.00884	0.00530	0.00177	0.00353	0.00707	0.77554	0.00707
92	0.02028	0.73799	0.03975	0.01298	0.01947	0.03001	0.01298	0.02271	0.01541	0.01785	0.01055	0.01217	0.00973	0.00649	0.00487	0.00162	0.00811	0.00406	0.00324	0.00973
93	0.01414	0.00707	0.00707	0.00707	0.00884	0.00707	0.00530	0.01767	0.01591	0.02828	0.02474	0.02828	0.01944	0.00884	0.00530	0.00177	0.00353	0.00707	0.77554	0.00707
94	0.01414	0.00707	0.00707	0.00707	0.00884	0.00707	0.00530	0.01767	0.01591	0.02828	0.02474	0.02828	0.01944	0.00884	0.00530	0.00177	0.00353	0.00707	0.77554	0.00707
95	0.02028	0.73799	0.03975	0.01298	0.01947	0.03001	0.01298	0.02271	0.01541	0.01785	0.01055	0.01217	0.00973	0.00649	0.00487	0.00162	0.00811	0.00406	0.00324	0.00973
96	0.04892	0.01582	0.01699	0.01500	0.01949	0.01786	0.01176	0.03924	0.56893	0.11216	0.03001	0.02741	0.02207	0.01006	0.00760	0.00254	0.00605	0.00830	0.00781	0.01198
97	0.01887	0.01629	0.01715	0.01544	0.01972	0.01887	0.01201	0.04031	0.67241	0.03173	0.03087	0.02830	0.02315	0.01029	0.00772	0.00257	0.00600	0.00858	0.00772	0.01201
98	0.02028	0.73799	0.03975	0.01298	0.01947	0.03001	0.01298	0.02271	0.01541	0.01785	0.01055	0.01217	0.00973	0.00649	0.00487	0.00162	0.00811	0.00406	0.00324	0.00973
99	0.01521	0.03923	0.69413	0.02162	0.03283	0.01762	0.02802	0.02402	0.01601	0.02402	0.01361	0.01601	0.00961	0.00721	0.00721	0.00240	0.01121	0.00560	0.00320	0.01121
100	0.01084	0.00809	0.01202	0.01202	0.01331	0.00939	0.00927	0.01343	0.01214	0.01748	0.02047	0.03067	0.01934	0.08672	0.67406	0.01198	0.01975	0.00825	0.00409	0.00668
101	0.02833	0.03615	0.02149	0.01954	0.02345	0.70298	0.01466	0.03029	0.02149	0.01856	0.01172	0.01368	0.00977	0.00782	0.00684	0.00195	0.01368	0.00489	0.00391	0.00879
102	0.02883	0.02125	0.02276	0.01745	0.02352	0.02352	0.01442	0.66082	0.03566	0.04780	0.01821	0.01821	0.01290	0.00911	0.00759	0.00228	0.00835	0.00683	0.00759	0.01290
103	0.78701	0.01467	0.01115	0.00997	0.01467	0.01702	0.00821	0.02230	0.01291	0.03403	0.01056	0.01232	0.00821	0.00704	0.00469	0.00235	0.00587	0.00411	0.00469	0.00821
104	0.03123	0.01230	0.01663	0.01296	0.01838	0.01065	0.01063	0.03417	0.02152	0.61338	0.08277	0.03008	0.04894	0.01025	0.00778	0.00236	0.00613	0.00843	0.00921	0.01220
105	0.02057	0.10202	0.04639	0.02016	0.14881	0.01726	0.01406	0.10550	0.15289	0.12110	0.08819	0.02918	0.08120	0.01006	0.00752	0.00230	0.00696	0.00838	0.00646	0.01098
106	0.01414	0.00707	0.00707	0.00707	0.00884	0.00707	0.00530	0.01767	0.01591	0.02828	0.02474	0.02828	0.01944	0.00884	0.00530	0.00177	0.00353	0.00707	0.77554	0.00707
107	0.01712	0.02495	0.20938	0.02841	0.03695	0.01838	0.46884	0.02400	0.01732	0.02424	0.01482	0.01912	0.01101	0.00657	0.00836	0.00245	0.01207	0.00790	0.00370	0.04441
108	0.02833	0.03615	0.02149	0.01954	0.02345	0.70298	0.01466	0.03029	0.02149	0.01856	0.01172	0.01368	0.00977	0.00782	0.00684	0.00195	0.01368	0.00489	0.00391	0.00879
109	0.01887	0.01629	0.01715	0.01544	0.01972	0.01887	0.01201	0.04031	0.67241	0.03173	0.03087	0.02830	0.02315	0.01029	0.00772	0.00257	0.00600	0.00858	0.00772	0.01201
110	0.01414	0.00707	0.00707	0.00707	0.00884	0.00707	0.00530	0.01767	0.01591	0.02828	0.02474	0.02828	0.01944	0.00884	0.00530	0.00177	0.00353	0.00707	0.77554	0.00707
111	0.01616	0.01536	0.02607	0.43878	0.31429	0.01734	0.02198	0.02099	0.01604	0.02161	0.01381	0.01962	0.01090	0.00724	0.00755	0.00241	0.00966	0.00675	0.00353	0.00991
112	0.01579	0.11884	0.61958	0.02063	0.03131	0.01903	0.02631	0.02387	0.01595	0.02332	0.01326	0.01558	0.00962	0.00712	0.00694	0.00231	0.01086	0.00543	0.00321	0.01104
113	0.00980	0.00700	0.00945	0.01120	0.01189	0.00665	0.00802	0.01153	0.01508	0.01999	0.04150	0.60730	0.04894	0.02323	0.00983	0.00316	0.00489	0.13720	0.00703	0.00632
114	0.69942	0.01376	0.01097	0.00999	0.01417	0.01582	0.00805	0.02092	0.01273	0.03189	0.01187	0.03844	0.01008	0.00913	0.00681	0.06275	0.00587	0.00492	0.00467	0.00776
115	0.01443	0.01375	0.02391	0.62847	0.04938	0.01667	0.06915	0.01947	0.01523	0.01967	0.01396	0.02071	0.01065	0.00992	0.04192	0.00301	0.01082	0.00698	0.00344	0.00848
116	0.01870	0.01822	0.03192	0.04537	0.63363	0.01812	0.07485	0.02336	0.01732	0.02474	0.01435	0.01891	0.01197	0.00673	0.00763	0.00228	0.00932	0.00694	0.00376	0.01187
117	0.01521	0.03923	0.69413	0.02162	0.03283	0.01762	0.02802	0.02402	0.01601	0.02402	0.01361	0.01601	0.00961	0.00721	0.00721	0.00240	0.01121	0.00560	0.00320	0.01121
118	0.01573	0.01514	0.02575	0.42995	0.19934	0.01726	0.07119	0.02113	0.03904	0.02150	0.01638	0.02178	0.03310	0.00796	0.00830	0.00249	0.03342	0.00728	0.00377	0.00948
119	0.01521	0.03923	0.69413	0.02162	0.03283	0.01762	0.02802	0.02402	0.01601	0.02402	0.01361	0.01601	0.00961	0.00721	0.00721	0.00240	0.01121	0.00560	0.00320	0.01121
120	0.02241	0.01830	0.07100	0.01537	0.02050	0.01778	0.01321	0.38046	0.05667	0.06357	0.17845	0.05718	0.02885	0.01115	0.00798	0.00236	0.00710	0.00909	0.00748	0.01108
121	0.00947	0.00677	0.00907	0.01083	0.01137	0.00636	0.00744	0.01096	0.01475	0.01962	0.04168	0.67852	0.04966	0.02355	0.00974	0.00311	0.00460	0.06924	0.00704	0.00622
122	0.01626	0.02203	0.15920	0.05493	0.03558	0.01729	0.44172	0.02246	0.01705	0.02348	0.01801	0.10148	0.01557	0.00860	0.00866	0.00259	0.01142	0.00971	0.00407	0.00987
123	0.01843	0.01766	0.02997	0.04518	0.66224	0.01761	0.02266	0.02284	0.01727	0.02463	0.01648	0.02069	0.03572	0.00720	0.00756	0.00226	0.00883	0.00708	0.00387	0.01182
124	0.01129	0.00958	0.03792	0.01328	0.01529	0.00844	0.03712	0.01424	0.01646	0.02152	0.04232	0.28581	0.10694	0.02056	0.00988	0.00319	0.00624	0.32622	0.00674	0.00696
125	0.03223	0.01308	0.01790	0.05610	0.02137	0.01180	0.01178	0.03603	0.04735	0.62425	0.02897	0.02558	0.01843	0.00931	0.00763	0.00237	0.00666	0.00761	0.00896	0.01260
126	0.01521	0.03923	0.69413	0.02162	0.03283	0.01762	0.02802	0.02402	0.01601	0.02402	0.01361	0.01601	0.00961	0.00721	0.00721	0.00240	0.01121	0.00560	0.00320	0.01121
127	0.00915	0.00769	0.00794	0.00788	0.01036	0.00648	0.00591	0.01125	0.01773	0.02155	0.14118	0.07126	0.61804	0.01882	0.00896	0.00254	0.00381	0.01576	0.00718	0.00648
128	0.02666	0.01455	0.01738	0.01444	0.01954	0.01490	0.01157	0.03859	0.33796	0.37078	0.03038	0.02702	0.02090	0.00983	0.00767	0.00246	0.00623	0.00809	0.00858	0.01247
129	0.01841	0.01895	0.05496	0.13614	0.54749	0.04525	0.02281	0.02305	0.01710	0.02376	0.01403	0.01866	0.01157	0.00693	0.00748	0.00228	0.00943	0.00664	0.00369	0.01136
130	0.01521	0.03923	0.69413	0.02162	0.03283	0.01762	0.02802	0.02402	0.01601	0.02402	0.01361	0.01601	0.00961	0.00721	0.00721	0.00240	0.01121	0.00560	0.00320	0.01121
131	0.78701	0.01467	0.01115	0.00997	0.01467	0.01702	0.00821	0.02230	0.01291	0.03403	0.01056	0.01232	0.00821	0.00704	0.00469	0.00235	0.00587	0.00411	0.00469	0.00821
132	0.01103	0.00735	0.00827	0.00827	0.00827	0.00735	0.00460	0.01103	0.01103	0.01471	0.02390	0.04964	0.02758	0.73343	0.03861	0.00735	0.00735	0.01103	0.00460	0.00460
133	0.00975	0.00796	0.03181	0.01117	0.01220	0.00683	0.00824	0.01158	0.01501	0.01993	0.04224	0.60653	0.07603	0.02271	0.00965	0.00308	0.00488	0.08707	0.00691	0.00643
134	0.00930	0.00667	0.00874	0.01037	0.01087	0.00622	0.00690	0.01059	0.01448	0.01922	0.04228	0.67981	0.07059	0.05142	0.01079	0.00323	0.00450	0.02096	0.00695	0.00611
135	0.01877	0.01802	0.03079	0.04656	0.68612	0.01802	0.02328	0.02328	0.01727	0.02478	0.01427	0.01877	0.01201	0.00676	0.00751	0.00225	0.00901	0.00676	0.00375	0.01201
136	0.01753	0.01951	0.04154	0.06170	0.08956	0.01856	0.56020	0.02355	0.01762	0.02396	0.01606	0.04376	0.01277	0.00705	0.00880	0.00255	0.01210	0.00910	0.00392	0.01016
137	0.01785	0.02030	0.04384	0.03145	0.03880	0.01935	0.63111	0.02404	0.01763	0.02404	0.01511	0.02030	0.01144	0.00669	0.00963	0.00259	0.04302	0.00885	0.00381	0.01015
138	0.00924	0.00660	0.00880	0.01056	0.01100	0.00616	0.00704	0.01056	0.01452	0.01936	0.04181	0.72848	0.05017	0.02376	0.00968	0.00308	0.00440	0.02156	0.00704	0.00616
139	0.00902	0.00769	0.00776	0.00775	0.01028	0.00643	0.00581	0.01100	0.01743	0.02082	0.09673	0.07246	0.66294	0.01909	0.00896	0.00256	0.00383	0.01593	0.00709	0.00643
140	0.01752	0.02466	0.18493	0.02720	0.03426	0.04764	0.38768	0.02350	0.01661	0.02302	0.01394	0.01857	0.01076	0.00775	0.01106	0.00262	0.12692	0.00766	0.00361	0.01008
141	0.01521	0.03923	0.69413	0.02162	0.03283	0.01762	0.02802	0.02402	0.01601	0.02402	0.01361	0.01601	0.00961	0.00721	0.00721	0.00240	0.01121	0.00560	0.00320	0.01121
142	0.06363	0.01298	0.01735	0.01336	0.01918	0.01138	0.01103	0.03639	0.02136	0.66553	0.02916	0.02529	0.01836	0.00930	0.00751	0.00235	0.00643	0.00749	0.00920	0.01272
143	0.01911	0.01881	0.02924	0.04310	0.60777	0.06445	0.02214	0.02339	0.01757	0.02425	0.01537	0.02171	0.01342	0.00753	0.00761	0.00229	0.00923	0.03755	0.00392	0.01155
144	0.01796	0.01764	0.02680	0.34286	0.22872	0.06797	0.07295	0.06396	0.01767	0.02311	0.01391	0.01908	0.01093	0.00759	0.00829	0.00242	0.03758	0.00679	0.00383	0.00993
145	0.65310	0.01533	0.01386	0.03512	0.01769	0.01757	0.03595	0.06169	0.04073	0.03388	0.01213	0.01391	0.00929	0.00729	0.00526	0.00237	0.00645	0.00474	0.00491	0.00874
146	0.01242	0.01161	0.02104	0.08744	0.02375	0.01123	0.20507	0.01580	0.01615	0.02148	0.06504	0.36269	0.08180	0.01616	0.00916	0.00279	0.00742	0.01548	0.00577	0.00768
147	0.04673	0.06823	0.48235	0.02316	0.03305	0.01857	0.17455	0.02395	0.01630	0.02418	0.01375	0.01672	0.01001	0.00697	0.00740	0.00240	0.01122	0.00625	0.00341	0.01079
148	0.01687	0.26719	0.48065	0.01880	0.02847	0.02166	0.02312	0.02359	0.01582	0.02201	0.01261	0.01476	0.00965	0.00697	0.00644	0.00215	0.01020	0.00510	0.00322	0.01073
149	0.01855	0.01780	0.03039	0.07946	0.65492	0.01796	0.02317	0.02309	0.01717	0.02451	0.01423	0.01884	0.01192	0.00680	0.00751	0.00227	0.00907	0.00676	0.00374	0.01184
150	0.01839	0.01909	0.03692	0.04016	0.40248	0.01853	0.30201	0.02373	0.01755	0.02457	0.01474	0.01951	0.01179	0.00660	0.00814	0.00239	0.01067	0.00772	0.00379	0.01123
151	0.11723	0.01708	0.01807	0.05702	0.02159	0.07058	0.01229	0.17799	0.11960	0.22607	0.06748	0.02362	0.01919	0.00936	0.00731	0.00235	0.00735	0.00731	0.00729	0.01122
152	0.01862	0.01775	0.02967	0.06923	0.62245	0.01803	0.02251	0.02417	0.05690	0.02500	0.01524	0.01940	0.01262	0.00700	0.00752	0.00228	0.00887	0.00687	0.00398	0.01188
153	0.01074	0.00743	0.01048	0.01131	0.01234	0.00689	0.02864	0.01249	0.01552	0.05007	0.09322	0.61883	0.04928	0.02188	0.00951	0.00297	0.00470	0.01989	0.00715	0.00667
154	0.17254	0.02036	0.10335	0.01514	0.02059	0.07152	0.01339	0.14754	0.16847	0.10240	0.04232	0.02219	0.01688	0.04081	0.00836	0.00258	0.00771	0.00688	0.00628	0.01068
155	0.01707	0.29575	0.45390	0.01845	0.02792	0.02217	0.02250	0.02354	0.01579	0.02175	0.01249	0.01460	0.00965	0.00694	0.00635	0.00212	0.01007	0.00504	0.00322	0.01067
156	0.01027	0.00742	0.00959	0.01024	0.01145	0.00695	0.00745	0.01263	0.01738	0.02357	0.27719	0.30636	0.10168	0.07129	0.01155	0.00315	0.00459	0.09338	0.00734	0.00653
157	0.01751	0.02166	0.09699	0.06474	0.03970	0.01894	0.57543	0.02403	0.01761	0.02403	0.01511	0.02008	0.01128	0.00652	0.00874	0.00254	0.01253	0.00857	0.00376	0.01022
158	0.12818	0.07603	0.05999	0.01599	0.04533	0.17404	0.01289	0.09922	0.07370	0.08591	0.11175	0.02446	0.04265	0.00947	0.00703	0.00222	0.00824	0.00720	0.00585	0.00984
159	0.11614	0.02372	0.02094	0.01700	0.02235	0.17778	0.01367	0.42212	0.05114	0.03899	0.01627	0.01683	0.01199	0.00861	0.00709	0.00222	0.00920	0.00613	0.00642	0.01139
160	0.01809	0.01733	0.02955	0.14915	0.58885	0.01784	0.02294	0.02268	0.01695	0.02395	0.01415	0.01900	0.01172	0.00688	0.00752	0.00229	0.00918	0.00676	0.00370	0.01146
161	0.05657	0.01786	0.02982	0.04476	0.65308	0.01797	0.02254	0.02323	0.01706	0.02524	0.01409	0.01846	0.01183	0.00677	0.00737	0.00226	0.00886	0.00663	0.00380	0.01183
162	0.14710	0.35974	0.13543	0.01635	0.02330	0.02334	0.09612	0.02434	0.04271	0.04983	0.01324	0.01505	0.01060	0.00695	0.00595	0.00205	0.00866	0.00525	0.00398	0.00999
163	0.01064	0.00826	0.01155	0.01376	0.05300	0.00844	0.00920	0.01235	0.01469	0.01987	0.03747	0.57789	0.04414	0.02168	0.01082	0.00308	0.06182	0.06805	0.00654	0.00675
164	0.01543	0.06912	0.66614	0.02125	0.03226	0.01815	0.02738	0.02397	0.01599	0.02376	0.01348	0.01585	0.00961	0.00718	0.00711	0.00237	0.01108	0.00554	0.00320	0.01115
165	0.02023	0.16263	0.37270	0.01791	0.02653	0.01910	0.02042	0.04853	0.07374	0.14166	0.01754	0.01814	0.01251	0.00778	0.00690	0.00226	0.00925	0.00597	0.00483	0.01136
166	0.01907	0.01906	0.03004	0.06618	0.55279	0.06916	0.06069	0.02348	0.01756	0.02403	0.01497	0.02074	0.01279	0.00731	0.00765	0.00230	0.00956	0.02740	0.00386	0.01137
167	0.01067	0.00771	0.01008	0.00958	0.01132	0.00712	0.00715	0.01416	0.02118	0.02996	0.65575	0.08432	0.07069	0.01585	0.00898	0.00241	0.00361	0.01404	0.00830	0.00712
168	0.01560	0.09202	0.64470	0.02097	0.03182	0.01855	0.02689	0.02392	0.01597	0.02355	0.01338	0.01572	0.00962	0.00715	0.00703	0.00234	0.01098	0.00549	0.00321	0.01110
169	0.03171	0.04190	0.01834	0.01353	0.01920	0.01249	0.01121	0.05927	0.04713	0.58642	0.05664	0.02640	0.02062	0.00956	0.00758	0.00233	0.00645	0.00775	0.00897	0.01250
170	0.00940	0.00676	0.00894	0.01056	0.01117	0.00630	0.00721	0.01090	0.01497	0.01990	0.06417	0.65760	0.07296	0.02322	0.00966	0.00306	0.00446	0.04544	0.00708	0.00624
171	0.01432	0.01348	0.02275	0.71520	0.05224	0.01685	0.02107	0.01938	0.01517	0.01938	0.01348	0.02022	0.01011	0.00758	0.00758	0.00253	0.01011	0.00674	0.00337	0.00843
172	0.01859	0.01598	0.01695	0.01538	0.01956	0.01845	0.01201	0.03929	0.64535	0.03136	0.03126	0.03067	0.02400	0.01073	0.00783	0.00261	0.00604	0.03446	0.00769	0.01180

[dist]
# distance from previous block
# <min> <max>
0	1

[block]
# block no. 1 follows, 26 sequences, length 51
# corresponding to MSA columns:
# 239-289
name=unknown_B
#
# <colnr> <probs for GDERKNQSTAVLIFYWHMCP>
#	G	D	E	R	K	N	Q	S	T	A	V	L	I	F	Y	W	H	M	C	P
0	0.01209	0.00972	0.04762	0.01033	0.01287	0.00790	0.00844	0.01586	0.02104	0.06295	0.59203	0.05346	0.08671	0.01488	0.00879	0.00239	0.00415	0.01305	0.00808	0.00764
1	0.01877	0.01802	0.03079	0.04656	0.68612	0.01802	0.02328	0.02328	0.01727	0.02478	0.01427	0.01877	0.01201	0.00676	0.00751	0.00225	0.00901	0.00676	0.00375	0.01201
2	0.01521	0.03923	0.69413	0.02162	0.03283	0.01762	0.02802	0.02402	0.01601	0.02402	0.01361	0.01601	0.00961	0.00721	0.00721	0.00240	0.01121	0.00560	0.00320	0.01121
3	0.02073	0.04268	0.01817	0.01601	0.04933	0.01726	0.01207	0.03657	0.47354	0.13428	0.05209	0.02919	0.04357	0.01029	0.00767	0.00248	0.00614	0.00857	0.00763	0.01173
4	0.03276	0.01263	0.01720	0.01328	0.01893	0.01093	0.01093	0.03573	0.02170	0.65543	0.06538	0.02749	0.02165	0.00972	0.00770	0.00235	0.00630	0.00796	0.00933	0.01260
5	0.01521	0.03923	0.69413	0.02162	0.03283	0.01762	0.02802	0.02402	0.01601	0.02402	0.01361	0.01601	0.00961	0.00721	0.00721	0.00240	0.01121	0.00560	0.00320	0.01121
6	0.01774	0.04570	0.10913	0.03087	0.06284	0.01933	0.55017	0.02418	0.01761	0.02408	0.01497	0.01968	0.01128	0.00649	0.00859	0.00250	0.01233	0.00837	0.00375	0.01038
7	0.01573	0.01348	0.01573	0.01123	0.01798	0.01011	0.00899	0.01910	0.01573	0.02472	0.01348	0.01573	0.01123	0.00562	0.00562	0.00112	0.00562	0.00449	0.00449	0.77980
8	0.01521	0.03923	0.69413	0.02162	0.03283	0.01762	0.02802	0.02402	0.01601	0.02402	0.01361	0.01601	0.00961	0.00721	0.00721	0.00240	0.01121	0.00560	0.00320	0.01121
9	0.01819	0.01780	0.02852	0.19889	0.51047	0.04884	0.02238	0.02270	0.01698	0.02326	0.01397	0.01887	0.01148	0.00700	0.00750	0.00230	0.00948	0.00667	0.00367	0.01104
10	0.01521	0.03923	0.69413	0.02162	0.03283	0.01762	0.02802	0.02402	0.01601	0.02402	0.01361	0.01601	0.00961	0.00721	0.00721	0.00240	0.01121	0.00560	0.00320	0.01121
11	0.03403	0.01291	0.01760	0.01350	0.01936	0.01115	0.01115	0.03697	0.02171	0.69137	0.02992	0.02582	0.01878	0.00939	0.00763	0.00235	0.00645	0.00763	0.00939	0.01291
12	0.01858	0.01783	0.03044	0.07524	0.65892	0.01797	0.02318	0.02311	0.01718	0.02455	0.01423	0.01884	0.01193	0.00679	0.00751	0.00226	0.00906	0.00676	0.00374	0.01186
13	0.01553	0.08327	0.65289	0.02107	0.03199	0.01840	0.02708	0.02394	0.01598	0.02363	0.01342	0.01577	0.00962	0.00716	0.00706	0.00235	0.01101	0.00551	0.00321	0.01112
14	0.01415	0.01324	0.02227	0.69081	0.05081	0.01648	0.02058	0.01907	0.01514	0.01938	0.01446	0.04474	0.01150	0.00814	0.00766	0.00255	0.00991	0.00725	0.00350	0.00835
15	0.01659	0.01659	0.02323	0.01991	0.01991	0.02323	0.01659	0.01825	0.01162	0.01825	0.00996	0.01659	0.00996	0.01328	0.02489	0.00332	0.71955	0.00664	0.00332	0.00830
16	0.00924	0.00660	0.00880	0.01056	0.01100	0.00616	0.00704	0.01056	0.01452	0.01936	0.04181	0.72848	0.05017	0.02376	0.00968	0.00308	0.00440	0.02156	0.00704	0.00616
17	0.01870	0.01822	0.03195	0.04535	0.63256	0.01812	0.07591	0.02336	0.01732	0.02474	0.01436	0.01891	0.01197	0.00673	0.00763	0.00228	0.00932	0.00694	0.00376	0.01187
18	0.03377	0.01333	0.01787	0.01370	0.01958	0.01178	0.01132	0.06887	0.02242	0.65846	0.02933	0.02543	0.01848	0.00937	0.00763	0.00234	0.00655	0.00759	0.00930	0.01291
19	0.01318	0.00659	0.00988	0.00988	0.00988	0.00659	0.00659	0.00988	0.00988	0.01318	0.01318	0.02306	0.01318	0.02635	0.02964	0.77931	0.00659	0.00659	0.00329	0.00329
20	0.01521	0.03923	0.69413	0.02162	0.03283	0.01762	0.02802	0.02402	0.01601	0.02402	0.01361	0.01601	0.00961	0.00721	0.00721	0.00240	0.01121	0.00560	0.00320	0.01121
21	0.01886	0.25915	0.40557	0.01812	0.02712	0.04570	0.02136	0.02491	0.01649	0.07733	0.01392	0.01552	0.01042	0.00718	0.00648	0.00213	0.00992	0.00525	0.00376	0.01079
22	0.01748	0.02295	0.13481	0.03010	0.03800	0.01910	0.54807	0.02405	0.01742	0.02405	0.01492	0.01970	0.01119	0.00675	0.00926	0.00256	0.03715	0.00840	0.00373	0.01030
23	0.01925	0.01893	0.03032	0.04520	0.65280	0.05246	0.02285	0.02363	0.01748	0.02447	0.01414	0.01852	0.01190	0.00681	0.00748	0.00224	0.00925	0.00666	0.00376	0.01185
24	0.03112	0.05195	0.09111	0.01451	0.02099	0.01332	0.01318	0.06229	0.02140	0.55858	0.02671	0.02376	0.01709	0.00900	0.00744	0.00231	0.00713	0.00720	0.00835	0.01257
25	0.05523	0.01068	0.01409	0.04639	0.01728	0.00982	0.00972	0.02520	0.01973	0.34909	0.17960	0.12597	0.07871	0.01310	0.00815	0.00247	0.00552	0.01117	0.00819	0.00988
26	0.01012	0.00826	0.00873	0.00862	0.01108	0.00730	0.00643	0.04431	0.01819	0.02240	0.10878	0.14103	0.54019	0.01896	0.00897	0.00259	0.00412	0.01600	0.00715	0.00676
27	0.01550	0.01495	0.02571	0.53967	0.04675	0.01795	0.10504	0.04213	0.01593	0.02092	0.01358	0.01987	0.01038	0.00798	0.00928	0.00259	0.07236	0.00703	0.00357	0.00881
28	0.01521	0.00914	0.01261	0.01365	0.03740	0.00864	0.01060	0.01803	0.01762	0.13622	0.06736	0.22830	0.07383	0.01886	0.00955	0.00306	0.00602	0.29859	0.00736	0.00794
29	0.01543	0.03595	0.60183	0.02379	0.09992	0.01730	0.02682	0.02361	0.01633	0.02432	0.03658	0.01769	0.01198	0.00744	0.00730	0.00239	0.01072	0.00600	0.00344	0.01115
30	0.01877	0.01802	0.03079	0.04656	0.68612	0.01802	0.02328	0.02328	0.01727	0.02478	0.01427	0.01877	0.01201	0.00676	0.00751	0.00225	0.00901	0.00676	0.00375	0.01201
31	0.01908	0.57321	0.19407	0.01502	0.02262	0.02709	0.01653	0.02302	0.01555	0.01930	0.01127	0.01307	0.00970	0.00666	0.00542	0.00181	0.00884	0.00442	0.00323	0.01008
32	0.01907	0.01830	0.02926	0.06893	0.59356	0.04252	0.02222	0.04471	0.01797	0.02506	0.01514	0.02084	0.01294	0.00738	0.00759	0.00229	0.00913	0.02748	0.00398	0.01163
33	0.03087	0.01380	0.01730	0.01372	0.01913	0.03425	0.01116	0.03601	0.09897	0.55803	0.06223	0.02727	0.02166	0.00975	0.00768	0.00236	0.00649	0.00796	0.00896	0.01238
34	0.01626	0.01546	0.02625	0.42438	0.32794	0.01736	0.02203	0.02108	0.01608	0.02173	0.01382	0.01959	0.01094	0.00722	0.00755	0.00241	0.00963	0.00675	0.00354	0.00999
35	0.01222	0.00873	0.01222	0.01397	0.01572	0.00873	0.01222	0.01572	0.01746	0.02270	0.04016	0.08556	0.04365	0.02095	0.01048	0.00349	0.00698	0.63506	0.00698	0.00698
36	0.03115	0.01309	0.01756	0.01371	0.01898	0.01203	0.01127	0.06262	0.02181	0.57803	0.07743	0.02732	0.02203	0.01003	0.00861	0.00240	0.04279	0.00800	0.00892	0.01224
37	0.05128	0.06795	0.57365	0.02098	0.03116	0.05545	0.04920	0.02424	0.01621	0.02392	0.01330	0.01572	0.00963	0.00717	0.00703	0.00235	0.01102	0.00555	0.00333	0.01084
38	0.01665	0.00909	0.01211	0.01075	0.01356	0.00823	0.00841	0.02006	0.02133	0.19564	0.48695	0.05036	0.05696	0.01424	0.00869	0.00243	0.00447	0.04292	0.00854	0.00859
39	0.01090	0.00730	0.00831	0.00844	0.00847	0.00727	0.00477	0.01100	0.01128	0.01504	0.02520	0.09887	0.02921	0.68197	0.03651	0.00704	0.00714	0.01179	0.00477	0.00471
40	0.01090	0.00744	0.00961	0.01073	0.01173	0.00700	0.00739	0.03417	0.01593	0.04633	0.06664	0.61881	0.08032	0.02217	0.00947	0.00297	0.00456	0.01995	0.00720	0.00670
41	0.05317	0.03640	0.62542	0.02036	0.03068	0.01706	0.02585	0.02327	0.01561	0.02404	0.01399	0.01754	0.01045	0.04418	0.00868	0.00265	0.01075	0.00581	0.00335	0.01072
42	0.00924	0.00660	0.00880	0.01056	0.01100	0.00616	0.00704	0.01056	0.01452	0.01936	0.04181	0.72848	0.05017	0.02376	0.00968	0.00308	0.00440	0.02156	0.00704	0.00616
43	0.02021	0.70124	0.03860	0.01310	0.01948	0.02945	0.01293	0.02361	0.04887	0.01855	0.01158	0.01299	0.01042	0.00668	0.00501	0.00167	0.00800	0.00429	0.00347	0.00985
44	0.06818	0.59808	0.06081	0.01466	0.04992	0.02725	0.01362	0.02348	0.01568	0.05325	0.01180	0.01331	0.01019	0.00671	0.00520	0.00176	0.00805	0.00442	0.00366	0.00996
45	0.02127	0.65139	0.03749	0.01379	0.01996	0.11306	0.01319	0.02365	0.01616	0.01793	0.01069	0.01235	0.00974	0.00665	0.00511	0.00166	0.00880	0.00416	0.00333	0.00962
46	0.15137	0.04714	0.07385	0.01340	0.01922	0.01359	0.01196	0.05419	0.02003	0.42006	0.07897	0.02452	0.02012	0.00920	0.00711	0.00232	0.00666	0.00721	0.00769	0.01138
47	0.02028	0.73799	0.03975	0.01298	0.01947	0.03001	0.01298	0.02271	0.01541	0.01785	0.01055	0.01217	0.00973	0.00649	0.00487	0.00162	0.00811	0.00406	0.00324	0.00973
48	0.75370	0.01496	0.01166	0.01030	0.01506	0.01730	0.00849	0.05035	0.01391	0.03464	0.01090	0.01258	0.00842	0.00713	0.00482	0.00234	0.00598	0.00423	0.00482	0.00842
49	0.01196	0.00829	0.00980	0.00976	0.01041	0.00850	0.00625	0.05827	0.01360	0.01828	0.02659	0.17607	0.03003	0.47892	0.09511	0.00663	0.00811	0.01247	0.00523	0.00571
50	0.01066	0.00769	0.01007	0.00959	0.01131	0.00711	0.00715	0.01412	0.02112	0.02985	0.64950	0.09087	0.07048	0.01593	0.00898	0.00242	0.00362	0.01412	0.00828	0.00711

[dist]
# distance from previous block
# <min> <max>
0	6

[block]
# block no. 2 follows, 26 sequences, length 14
# corresponding to MSA columns:
# 296-309
name=unknown_C
#
# <colnr> <probs for GDERKNQSTAVLIFYWHMCP>
#	G	D	E	R	K	N	Q	S	T	A	V	L	I	F	Y	W	H	M	C	P
0	0.02787	0.05561	0.02287	0.01686	0.02279	0.02281	0.01398	0.54586	0.08598	0.07896	0.01949	0.01914	0.01389	0.00909	0.00747	0.00227	0.00804	0.00688	0.00748	0.01267
1	0.01164	0.00785	0.01032	0.00986	0.01167	0.00722	0.00733	0.01491	0.02061	0.06006	0.57125	0.13940	0.06641	0.01625	0.00898	0.00247	0.00382	0.01441	0.00823	0.00730
2	0.02964	0.05064	0.01945	0.01422	0.01993	0.01512	0.01178	0.17857	0.05831	0.42136	0.05575	0.02458	0.01937	0.00937	0.00748	0.00227	0.00679	0.00749	0.00836	0.03953
3	0.01558	0.09038	0.64623	0.02099	0.03185	0.01852	0.02692	0.02393	0.01597	0.02357	0.01339	0.01573	0.00962	0.00715	0.00704	0.00235	0.01098	0.00549	0.00321	0.01110
4	0.00924	0.00660	0.00880	0.01056	0.01100	0.00616	0.00704	0.01056	0.01452	0.01936	0.04181	0.72848	0.05017	0.02376	0.00968	0.00308	0.00440	0.02156	0.00704	0.00616
5	0.01365	0.01365	0.02709	0.02145	0.02557	0.01278	0.33843	0.01755	0.01624	0.02187	0.02835	0.36836	0.03050	0.01493	0.00931	0.00281	0.00867	0.01515	0.00541	0.00823
6	0.02599	0.01983	0.02116	0.01688	0.02244	0.02219	0.01373	0.48373	0.21739	0.04322	0.02182	0.02109	0.01583	0.00944	0.00762	0.00236	0.00768	0.00733	0.00762	0.01264
7	0.01659	0.01659	0.02323	0.01991	0.01991	0.02323	0.01659	0.01825	0.01162	0.01825	0.00996	0.01659	0.00996	0.01328	0.02489	0.00332	0.71955	0.00664	0.00332	0.00830
8	0.02483	0.01764	0.02159	0.01677	0.02241	0.01827	0.06507	0.36945	0.05270	0.11989	0.04546	0.04676	0.01849	0.00986	0.00776	0.00229	0.00775	0.03656	0.00718	0.08926
9	0.01521	0.03923	0.69413	0.02162	0.03283	0.01762	0.02802	0.02402	0.01601	0.02402	0.01361	0.01601	0.00961	0.00721	0.00721	0.00240	0.01121	0.00560	0.00320	0.01121
10	0.00942	0.00673	0.00900	0.01076	0.01128	0.00631	0.00734	0.01086	0.01469	0.01956	0.04171	0.69090	0.04979	0.02360	0.00973	0.00310	0.00455	0.05743	0.00704	0.00621
11	0.02028	0.73799	0.03975	0.01298	0.01947	0.03001	0.01298	0.02271	0.01541	0.01785	0.01055	0.01217	0.00973	0.00649	0.00487	0.00162	0.00811	0.00406	0.00324	0.00973
12	0.01907	0.01540	0.01867	0.01391	0.02029	0.01376	0.04538	0.12738	0.08822	0.05645	0.01685	0.01812	0.01308	0.00687	0.00642	0.00159	0.00653	0.00567	0.00550	0.50084
13	0.02105	0.67075	0.03800	0.01361	0.01985	0.09449	0.01314	0.02344	0.01599	0.01791	0.01066	0.01231	0.00974	0.00662	0.00506	0.00165	0.00864	0.00414	0.00331	0.00964

[dist]
# distance from previous block
# <min> <max>
0	1

[block]
# block no. 3 follows, 26 sequences, length 17
# corresponding to MSA columns:
# 311-327
name=unknown_D
#
# <colnr> <probs for GDERKNQSTAVLIFYWHMCP>
#	G	D	E	R	K	N	Q	S	T	A	V	L	I	F	Y	W	H	M	C	P
