[name]
unknown

[dist]
# distance from previous block
# <min> <max>
0	69

[block]
# block no. 0 follows, 25 sequences, length 17
# corresponding to MSA columns:
# 70-86
name=unknown_A
#
# <colnr> <probs for GDERKNQSTAVLIFYWHMCP>
#	G	D	E	R	K	N	Q	S	T	A	V	L	I	F	Y	W	H	M	C	P
0	0.01595	0.00959	0.01335	0.01420	0.01664	0.00931	0.01232	0.01943	0.01852	0.12579	0.03943	0.07799	0.04068	0.01959	0.01026	0.00339	0.00706	0.53091	0.00752	0.00808
1	0.03234	0.01529	0.01907	0.01482	0.02072	0.01474	0.01218	0.16798	0.08007	0.49471	0.02814	0.02497	0.01831	0.00961	0.00780	0.00240	0.00697	0.00771	0.00906	0.01311
2	0.02940	0.02408	0.02307	0.01817	0.02403	0.12834	0.01478	0.55675	0.03421	0.04423	0.01759	0.01790	0.01269	0.00910	0.00764	0.00228	0.00938	0.00667	0.00717	0.01253
3	0.40580	0.01984	0.08117	0.03819	0.02142	0.01989	0.01312	0.25428	0.02212	0.03846	0.01407	0.01545	0.01036	0.00801	0.00623	0.00238	0.00760	0.00546	0.00569	0.01046
4	0.29167	0.05462	0.01545	0.01206	0.01653	0.01675	0.00983	0.15886	0.06416	0.07073	0.02184	0.05679	0.04443	0.00967	0.00637	0.00231	0.00618	0.00721	0.12485	0.00968
5	0.01795	0.01489	0.01708	0.01237	0.01917	0.01225	0.00996	0.10812	0.01893	0.02856	0.01446	0.01643	0.01172	0.00624	0.00602	0.00131	0.00613	0.00493	0.00504	0.66842
6	0.01318	0.01008	0.01262	0.01318	0.01545	0.01039	0.01081	0.02018	0.14718	0.02607	0.15305	0.11328	0.08124	0.01837	0.00973	0.00310	0.00597	0.32047	0.00754	0.00810
7	0.01173	0.00842	0.01142	0.01199	0.01380	0.00811	0.00987	0.01534	0.01992	0.02720	0.36185	0.07251	0.05906	0.01860	0.00992	0.00300	0.00538	0.31682	0.00785	0.00723
8	0.02896	0.03695	0.02197	0.01998	0.02397	0.69638	0.01498	0.03096	0.02197	0.01898	0.01199	0.01398	0.00999	0.00799	0.00699	0.00200	0.01398	0.00499	0.00400	0.00899
9	0.78228	0.01499	0.01140	0.01020	0.01499	0.01739	0.00840	0.02279	0.01320	0.03479	0.01080	0.01260	0.00840	0.00720	0.00480	0.00240	0.00600	0.00420	0.00480	0.00840
10	0.05342	0.45983	0.13635	0.02004	0.12418	0.04935	0.01710	0.02376	0.01625	0.02106	0.01189	0.01415	0.01023	0.00686	0.00582	0.00192	0.00902	0.00485	0.00348	0.01044
11	0.01064	0.04855	0.01149	0.05693	0.01430	0.00876	0.00789	0.01316	0.01799	0.02289	0.20302	0.15878	0.36213	0.01791	0.00894	0.00260	0.00463	0.01533	0.00704	0.00702
12	0.07991	0.01951	0.02060	0.01605	0.02202	0.04656	0.01313	0.39770	0.06177	0.14221	0.01986	0.01950	0.01403	0.00887	0.00734	0.00223	0.00788	0.00670	0.00739	0.08674
13	0.02065	0.01603	0.02476	0.33207	0.03779	0.01851	0.08110	0.11610	0.01938	0.12753	0.01677	0.02074	0.01225	0.00899	0.01047	0.00264	0.11175	0.00725	0.00507	0.01016
14	0.13630	0.01844	0.02304	0.01728	0.02371	0.01864	0.11098	0.28983	0.02464	0.03664	0.01568	0.01739	0.01179	0.00760	0.00699	0.00206	0.00810	0.00625	0.00586	0.21877
15	0.01834	0.12563	0.02110	0.08131	0.02228	0.01626	0.01198	0.04530	0.10559	0.06309	0.01820	0.05403	0.01526	0.00833	0.00730	0.00187	0.03521	0.00655	0.00521	0.33715
16	0.30010	0.02000	0.10090	0.01542	0.02135	0.04232	0.03519	0.12971	0.04583	0.16156	0.01736	0.01794	0.01234	0.00845	0.00745	0.00244	0.03882	0.00604	0.00604	0.01075

[dist]
# distance from previous block
# <min> <max>
1	15

[block]
# block no. 1 follows, 25 sequences, length 81
# corresponding to MSA columns:
# 102-182
name=unknown_B
#
# <colnr> <probs for GDERKNQSTAVLIFYWHMCP>
#	G	D	E	R	K	N	Q	S	T	A	V	L	I	F	Y	W	H	M	C	P
0	0.01893	0.01391	0.01582	0.01366	0.01762	0.01446	0.01081	0.18124	0.15374	0.05869	0.13390	0.08941	0.03170	0.03368	0.00906	0.00259	0.00619	0.06309	0.04185	0.08966
1	0.64358	0.04473	0.01381	0.01102	0.01611	0.01789	0.00916	0.06551	0.01530	0.05811	0.01215	0.01363	0.00929	0.00735	0.00515	0.00231	0.00627	0.00453	0.00510	0.03900
2	0.02251	0.01727	0.02012	0.01694	0.02160	0.01941	0.03808	0.16994	0.36965	0.09796	0.02702	0.02784	0.02049	0.01068	0.00920	0.00263	0.05445	0.03464	0.00754	0.01201
3	0.01094	0.00957	0.03814	0.01223	0.01427	0.00788	0.03729	0.01321	0.01568	0.02158	0.07952	0.53864	0.04484	0.02016	0.00924	0.00282	0.00524	0.01831	0.00669	0.09374
4	0.01555	0.04011	0.68733	0.02210	0.03356	0.01801	0.02865	0.02455	0.01637	0.02455	0.01391	0.01637	0.00982	0.00737	0.00737	0.00246	0.01146	0.00573	0.00327	0.01146
5	0.01586	0.08154	0.64861	0.02157	0.03274	0.01877	0.02773	0.02447	0.01633	0.02418	0.01373	0.01613	0.00983	0.00732	0.00722	0.00241	0.01127	0.00563	0.00328	0.01137
6	0.02107	0.01626	0.01759	0.01555	0.02012	0.01838	0.01217	0.04081	0.59093	0.10769	0.03145	0.02864	0.02315	0.01041	0.00788	0.00260	0.00619	0.00865	0.00809	0.01238
7	0.00974	0.00696	0.00929	0.01083	0.01148	0.00652	0.00743	0.01143	0.01573	0.02114	0.11019	0.62493	0.05334	0.02327	0.00985	0.00309	0.00452	0.04649	0.00734	0.00644
8	0.01700	0.01888	0.06865	0.05317	0.07174	0.01776	0.37844	0.02314	0.04624	0.02431	0.01865	0.08169	0.01597	0.00911	0.01007	0.00265	0.07021	0.00953	0.05290	0.00990
9	0.01830	0.02092	0.04575	0.03268	0.04052	0.01961	0.65098	0.02484	0.01830	0.02484	0.01569	0.02092	0.01176	0.00654	0.00915	0.00261	0.01307	0.00915	0.00392	0.01046
10	0.01249	0.00892	0.01249	0.01428	0.01606	0.00892	0.01249	0.01606	0.01785	0.02320	0.04105	0.08746	0.04462	0.02142	0.01071	0.00357	0.00714	0.62695	0.00714	0.00714
11	0.02853	0.03605	0.02177	0.01979	0.02380	0.66622	0.01486	0.03142	0.05062	0.01958	0.01286	0.01465	0.01060	0.00810	0.00703	0.00203	0.01363	0.00516	0.00417	0.00914
12	0.01245	0.01105	0.01170	0.03571	0.04422	0.03813	0.00877	0.04182	0.06918	0.02359	0.08979	0.06157	0.46833	0.01693	0.00885	0.00259	0.00527	0.03539	0.00692	0.00775
13	0.00945	0.00675	0.00900	0.01080	0.01125	0.00630	0.00720	0.01080	0.01484	0.01979	0.04274	0.72245	0.05128	0.02429	0.00990	0.00315	0.00450	0.02204	0.00720	0.00630
14	0.00916	0.00785	0.00785	0.00785	0.01047	0.00655	0.00589	0.01113	0.01767	0.02095	0.07855	0.07462	0.67599	0.01964	0.00916	0.00262	0.00393	0.01636	0.00720	0.00655
15	0.01828	0.01949	0.03945	0.03650	0.24373	0.01867	0.41697	0.02405	0.01807	0.02491	0.01665	0.02382	0.01364	0.00743	0.00876	0.00256	0.01153	0.04055	0.00406	0.01087
16	0.01555	0.04011	0.68733	0.02210	0.03356	0.01801	0.02865	0.02455	0.01637	0.02455	0.01391	0.01637	0.00982	0.00737	0.00737	0.00246	0.01146	0.00573	0.00327	0.01146
17	0.02896	0.03695	0.02197	0.01998	0.02397	0.69638	0.01498	0.03096	0.02197	0.01898	0.01199	0.01398	0.00999	0.00799	0.00699	0.00200	0.01398	0.00499	0.00400	0.00899
18	0.01556	0.01436	0.02359	0.64802	0.07699	0.01761	0.02129	0.05148	0.01663	0.02148	0.01405	0.02051	0.01056	0.00780	0.00775	0.00256	0.01020	0.00690	0.00368	0.00899
19	0.01952	0.45628	0.25605	0.01665	0.02473	0.06865	0.01853	0.02416	0.01636	0.02040	0.01191	0.01385	0.00991	0.00697	0.00590	0.00195	0.00971	0.00473	0.00335	0.01039
20	0.00945	0.00675	0.00900	0.01080	0.01125	0.00630	0.00720	0.01080	0.01484	0.01979	0.04274	0.72245	0.05128	0.02429	0.00990	0.00315	0.00450	0.02204	0.00720	0.00630
21	0.01919	0.01842	0.03147	0.04759	0.67914	0.01842	0.02380	0.02380	0.01765	0.02533	0.01458	0.01919	0.01228	0.00691	0.00768	0.00230	0.00921	0.00691	0.00384	0.01228
22	0.01555	0.04011	0.68733	0.02210	0.03356	0.01801	0.02865	0.02455	0.01637	0.02455	0.01391	0.01637	0.00982	0.00737	0.00737	0.00246	0.01146	0.00573	0.00327	0.01146
23	0.03456	0.01356	0.01822	0.01397	0.01998	0.01194	0.01154	0.06414	0.02280	0.65729	0.03008	0.02606	0.01894	0.00958	0.00780	0.00240	0.00668	0.00776	0.00952	0.01319
24	0.00945	0.00675	0.00900	0.01080	0.01125	0.00630	0.00720	0.01080	0.01484	0.01979	0.04274	0.72245	0.05128	0.02429	0.00990	0.00315	0.00450	0.02204	0.00720	0.00630
25	0.01648	0.01573	0.02622	0.40824	0.27220	0.01828	0.02190	0.02111	0.01592	0.02166	0.01372	0.01979	0.01101	0.00801	0.00942	0.00256	0.07738	0.00689	0.00358	0.00990
26	0.01830	0.02060	0.04398	0.03306	0.07792	0.01971	0.58697	0.02452	0.01799	0.02461	0.01539	0.02065	0.01173	0.00685	0.00974	0.00263	0.04206	0.00892	0.00389	0.01048
27	0.02021	0.01645	0.01756	0.01566	0.02014	0.01881	0.01222	0.04100	0.62664	0.07148	0.03150	0.02878	0.02340	0.01046	0.00788	0.00262	0.00616	0.00871	0.00799	0.01233
28	0.02896	0.03695	0.02197	0.01998	0.02397	0.69638	0.01498	0.03096	0.02197	0.01898	0.01199	0.01398	0.00999	0.00799	0.00699	0.00200	0.01398	0.00499	0.00400	0.00899
29	0.01134	0.00841	0.01046	0.01137	0.01266	0.00830	0.00814	0.04632	0.04859	0.02204	0.04266	0.47660	0.10802	0.05298	0.04151	0.00366	0.00579	0.06713	0.00702	0.00701
30	0.02451	0.01770	0.01939	0.01619	0.02131	0.01957	0.01302	0.25176	0.34344	0.11965	0.02730	0.02715	0.02023	0.01038	0.00793	0.00253	0.00706	0.03032	0.00803	0.01252
31	0.01249	0.00892	0.01249	0.01428	0.01606	0.00892	0.01249	0.01606	0.01785	0.02320	0.04105	0.08746	0.04462	0.02142	0.01071	0.00357	0.00714	0.62695	0.00714	0.00714
32	0.01919	0.01842	0.03147	0.04759	0.67914	0.01842	0.02380	0.02380	0.01765	0.02533	0.01458	0.01919	0.01228	0.00691	0.00768	0.00230	0.00921	0.00691	0.00384	0.01228
33	0.01555	0.04011	0.68733	0.02210	0.03356	0.01801	0.02865	0.02455	0.01637	0.02455	0.01391	0.01637	0.00982	0.00737	0.00737	0.00246	0.01146	0.00573	0.00327	0.01146
34	0.01464	0.01378	0.02326	0.70887	0.05340	0.01723	0.02153	0.01981	0.01550	0.01981	0.01378	0.02067	0.01034	0.00775	0.00775	0.00258	0.01034	0.00689	0.00345	0.00861
35	0.01128	0.00752	0.00846	0.00846	0.00846	0.00752	0.00470	0.01128	0.01128	0.01503	0.02443	0.05074	0.02819	0.72751	0.03946	0.00752	0.00752	0.01128	0.00470	0.00470
36	0.01555	0.04011	0.68733	0.02210	0.03356	0.01801	0.02865	0.02455	0.01637	0.02455	0.01391	0.01637	0.00982	0.00737	0.00737	0.00246	0.01146	0.00573	0.00327	0.01146
37	0.69406	0.05387	0.05578	0.01111	0.01643	0.01812	0.00993	0.02293	0.01353	0.03328	0.01099	0.01283	0.00857	0.00718	0.00497	0.00236	0.00646	0.00429	0.00462	0.00867
38	0.00945	0.00675	0.00900	0.01080	0.01125	0.00630	0.00720	0.01080	0.01484	0.01979	0.04274	0.72245	0.05128	0.02429	0.00990	0.00315	0.00450	0.02204	0.00720	0.00630
39	0.02702	0.01835	0.02014	0.01608	0.02156	0.01997	0.01308	0.38017	0.17577	0.14077	0.02380	0.02280	0.01691	0.00961	0.00764	0.00237	0.00738	0.00753	0.05644	0.01260
40	0.02794	0.01248	0.01632	0.01326	0.01809	0.01144	0.01065	0.06007	0.06294	0.46282	0.12430	0.09071	0.02977	0.01181	0.00818	0.00248	0.00605	0.00995	0.00905	0.01169
41	0.01347	0.00673	0.01010	0.01010	0.01010	0.00673	0.00673	0.01010	0.01010	0.01347	0.01347	0.02357	0.01347	0.02694	0.03030	0.77441	0.00673	0.00673	0.00337	0.00337
42	0.01687	0.01606	0.02728	0.38472	0.36013	0.01781	0.02264	0.02176	0.01656	0.02252	0.01417	0.01995	0.01129	0.00734	0.00771	0.00245	0.00978	0.00690	0.00364	0.01041
43	0.01555	0.04011	0.68733	0.02210	0.03356	0.01801	0.02865	0.02455	0.01637	0.02455	0.01391	0.01637	0.00982	0.00737	0.00737	0.00246	0.01146	0.00573	0.00327	0.01146
44	0.01919	0.01842	0.03147	0.04759	0.67914	0.01842	0.02380	0.02380	0.01765	0.02533	0.01458	0.01919	0.01228	0.00691	0.00768	0.00230	0.00921	0.00691	0.00384	0.01228
45	0.01830	0.02092	0.04575	0.03268	0.04052	0.01961	0.65098	0.02484	0.01830	0.02484	0.01569	0.02092	0.01176	0.00654	0.00915	0.00261	0.01307	0.00915	0.00392	0.01046
46	0.04316	0.01613	0.02693	0.35635	0.36306	0.01783	0.02221	0.02189	0.01649	0.02307	0.01408	0.01966	0.01124	0.00731	0.00761	0.00244	0.00963	0.00681	0.00369	0.01043
47	0.01665	0.11647	0.49539	0.02301	0.03326	0.01976	0.14066	0.02445	0.01665	0.02388	0.01388	0.01675	0.01019	0.00713	0.00742	0.00239	0.01139	0.00617	0.00340	0.01110
48	0.01555	0.04011	0.68733	0.02210	0.03356	0.01801	0.02865	0.02455	0.01637	0.02455	0.01391	0.01637	0.00982	0.00737	0.00737	0.00246	0.01146	0.00573	0.00327	0.01146
49	0.01543	0.01459	0.02468	0.59387	0.16223	0.01743	0.02193	0.02050	0.01588	0.02077	0.01392	0.02041	0.01067	0.00761	0.00774	0.00254	0.01014	0.00689	0.00351	0.00925
50	0.14753	0.30720	0.14043	0.01523	0.02172	0.10706	0.01503	0.07294	0.01821	0.02536	0.05421	0.01669	0.01394	0.00781	0.00609	0.00206	0.00888	0.00538	0.00432	0.00992
51	0.01128	0.00752	0.00846	0.00846	0.00846	0.00752	0.00470	0.01128	0.01128	0.01503	0.02443	0.05074	0.02819	0.72751	0.03946	0.00752	0.00752	0.01128	0.00470	0.00470
52	0.00945	0.00675	0.00900	0.01080	0.01125	0.00630	0.00720	0.01080	0.01484	0.01979	0.04274	0.72245	0.05128	0.02429	0.00990	0.00315	0.00450	0.02204	0.00720	0.00630
53	0.01566	0.03932	0.66104	0.02253	0.03384	0.01807	0.05415	0.02457	0.01645	0.02457	0.01399	0.01656	0.00990	0.00733	0.00744	0.00246	0.01153	0.00587	0.00330	0.01142
54	0.18657	0.02043	0.02220	0.08810	0.07420	0.10439	0.06390	0.25350	0.02387	0.03472	0.01541	0.01764	0.01160	0.00813	0.00703	0.00232	0.00903	0.00630	0.04002	0.01063
55	0.01591	0.01523	0.02626	0.51868	0.20360	0.01762	0.05079	0.02100	0.01615	0.02137	0.01406	0.02033	0.01087	0.00749	0.00780	0.00252	0.01019	0.00700	0.00356	0.00958
56	0.00954	0.00679	0.00897	0.01068	0.01111	0.00636	0.00707	0.01082	0.01467	0.01956	0.04182	0.68903	0.05013	0.05927	0.01137	0.00337	0.00465	0.02151	0.00707	0.00622
57	0.09737	0.05604	0.44040	0.02234	0.08678	0.01825	0.04494	0.06123	0.01732	0.02671	0.01531	0.05150	0.01222	0.00821	0.00725	0.00244	0.01011	0.00662	0.00397	0.01097
58	0.01555	0.04011	0.68733	0.02210	0.03356	0.01801	0.02865	0.02455	0.01637	0.02455	0.01391	0.01637	0.00982	0.00737	0.00737	0.00246	0.01146	0.00573	0.00327	0.01146
59	0.03479	0.01320	0.01799	0.01380	0.01979	0.01140	0.01140	0.03779	0.02219	0.68451	0.03059	0.02639	0.01919	0.00960	0.00780	0.00240	0.00660	0.00780	0.00960	0.01320
60	0.01606	0.01538	0.02654	0.49610	0.22497	0.01766	0.05087	0.02114	0.01622	0.02156	0.01409	0.02028	0.01094	0.00746	0.00779	0.00251	0.01015	0.00700	0.00358	0.00971
61	0.16902	0.04937	0.07442	0.09745	0.05331	0.05145	0.09325	0.09923	0.06974	0.02948	0.08056	0.02511	0.05722	0.00926	0.00738	0.00242	0.00841	0.00773	0.00536	0.00984
62	0.01587	0.01410	0.02206	0.47332	0.08278	0.01730	0.01902	0.04862	0.01624	0.02235	0.01489	0.02094	0.01163	0.00862	0.00965	0.00257	0.09543	0.00692	0.08879	0.00888
63	0.01117	0.00819	0.01070	0.01124	0.01306	0.00772	0.00902	0.01438	0.01930	0.02593	0.31121	0.12283	0.14294	0.01907	0.00978	0.00293	0.00504	0.24066	0.00774	0.00707
64	0.01661	0.05256	0.41994	0.04368	0.02951	0.07045	0.04727	0.02488	0.07601	0.02390	0.01960	0.05686	0.04304	0.00929	0.00820	0.00250	0.03352	0.00743	0.00417	0.01057
65	0.02741	0.01389	0.01717	0.01409	0.01910	0.01364	0.01131	0.07246	0.18911	0.39549	0.08183	0.06083	0.02574	0.01098	0.00802	0.00249	0.00627	0.00914	0.00885	0.01217
66	0.00962	0.00688	0.00918	0.01089	0.01144	0.00644	0.00740	0.01115	0.01524	0.02037	0.06798	0.67180	0.05191	0.02384	0.00990	0.00314	0.00456	0.04463	0.00725	0.00637
67	0.02146	0.14951	0.02185	0.01519	0.01987	0.08525	0.01247	0.11049	0.26473	0.07032	0.02732	0.06016	0.05011	0.01104	0.00756	0.00242	0.00751	0.04522	0.00665	0.01086
68	0.01780	0.01433	0.01746	0.03688	0.07881	0.04477	0.03827	0.14138	0.08201	0.05234	0.14156	0.14021	0.10221	0.01349	0.00840	0.00251	0.00664	0.01169	0.03967	0.00956
69	0.01681	0.02869	0.32457	0.06074	0.03658	0.01910	0.29862	0.02400	0.01683	0.02400	0.01440	0.01861	0.01072	0.00749	0.00953	0.00260	0.06512	0.00736	0.00357	0.01066
70	0.02855	0.03618	0.02237	0.02113	0.05137	0.66802	0.01535	0.03066	0.02179	0.01924	0.01209	0.01420	0.01008	0.00794	0.00702	0.00201	0.01378	0.00507	0.00399	0.00913
71	0.01677	0.02874	0.32384	0.02725	0.03639	0.01841	0.35566	0.02419	0.01733	0.02452	0.01593	0.04534	0.01241	0.00757	0.00840	0.00257	0.01205	0.00815	0.00376	0.01074
72	0.05602	0.07132	0.42181	0.01794	0.02612	0.01585	0.02092	0.02272	0.01656	0.07555	0.04360	0.13803	0.01980	0.01067	0.00762	0.00252	0.00914	0.00878	0.00470	0.01032
73	0.00964	0.00689	0.00922	0.01102	0.01155	0.00646	0.00753	0.01113	0.01504	0.02001	0.04263	0.68218	0.05086	0.02411	0.00995	0.00318	0.00467	0.06041	0.00719	0.00635
74	0.02313	0.02070	0.02551	0.15784	0.23270	0.09382	0.01879	0.25313	0.04321	0.03236	0.01610	0.01898	0.01232	0.00816	0.00765	0.00234	0.00961	0.00678	0.00532	0.01156
75	0.05203	0.02066	0.06769	0.14775	0.33966	0.10567	0.02044	0.05145	0.01861	0.02515	0.04256	0.02225	0.01503	0.00821	0.00763	0.00237	0.00969	0.02819	0.00428	0.01067
76	0.01664	0.01605	0.02794	0.35364	0.24358	0.01762	0.10166	0.02250	0.04627	0.02290	0.01631	0.02363	0.01328	0.00808	0.00805	0.00255	0.01000	0.03522	0.00400	0.01009
77	0.01174	0.00820	0.01116	0.01247	0.04225	0.00759	0.00844	0.01410	0.01738	0.05190	0.21104	0.43034	0.05241	0.01983	0.00939	0.00283	0.00472	0.04276	0.00742	0.03403
78	0.07329	0.02660	0.32076	0.02205	0.05405	0.01627	0.15090	0.02448	0.01706	0.09465	0.01816	0.07532	0.01464	0.00869	0.00773	0.00246	0.00994	0.00785	0.00459	0.05052
79	0.05809	0.02927	0.40713	0.04487	0.02847	0.01697	0.02178	0.02684	0.08270	0.11274	0.02044	0.02156	0.04211	0.00884	0.00834	0.00252	0.04453	0.00680	0.00485	0.01114
80	0.09014	0.04466	0.06766	0.01507	0.01915	0.01276	0.08247	0.04715	0.03483	0.12199	0.07102	0.27546	0.03204	0.01485	0.00846	0.00271	0.00685	0.03704	0.00662	0.00906

[dist]
# distance from previous block
# <min> <max>
2	17

[block]
# block no. 2 follows, 25 sequences, length 36
# corresponding to MSA columns:
# 200-235
name=unknown_C
#
# <colnr> <probs for GDERKNQSTAVLIFYWHMCP>
#	G	D	E	R	K	N	Q	S	T	A	V	L	I	F	Y	W	H	M	C	P
0	0.05556	0.02118	0.02443	0.01930	0.02457	0.10892	0.11253	0.27039	0.08441	0.07578	0.02162	0.02255	0.05037	0.00964	0.00917	0.00246	0.06192	0.00767	0.00632	0.01121
1	0.07857	0.01583	0.02011	0.01553	0.02150	0.01548	0.04651	0.16742	0.07231	0.40228	0.02551	0.02342	0.01691	0.00917	0.00761	0.00237	0.00726	0.00744	0.00831	0.03645
2	0.01679	0.03671	0.55032	0.02510	0.09712	0.05483	0.06267	0.02484	0.01691	0.02435	0.01398	0.01678	0.01018	0.00731	0.00748	0.00242	0.01147	0.00600	0.00341	0.01135
3	0.01224	0.00780	0.01028	0.01099	0.01244	0.00718	0.00797	0.01438	0.01723	0.08160	0.15866	0.44296	0.09155	0.02090	0.00960	0.00296	0.00473	0.07168	0.00765	0.00719
4	0.01683	0.21142	0.52725	0.01991	0.03018	0.02114	0.02484	0.02422	0.01622	0.02299	0.01314	0.01540	0.00985	0.00719	0.00677	0.00226	0.01067	0.00534	0.00328	0.01109
5	0.02698	0.01142	0.01544	0.01254	0.01711	0.01001	0.01007	0.03006	0.02171	0.47193	0.20382	0.07425	0.03546	0.01210	0.00828	0.00245	0.00569	0.01027	0.00918	0.01123
6	0.00945	0.00675	0.00900	0.01080	0.01125	0.00630	0.00720	0.01080	0.01484	0.01979	0.04274	0.72245	0.05128	0.02429	0.00990	0.00315	0.00450	0.02204	0.00720	0.00630
7	0.01587	0.01485	0.02444	0.48147	0.19910	0.01734	0.02104	0.02182	0.05535	0.02182	0.01533	0.02121	0.01197	0.00971	0.03500	0.00291	0.01023	0.00706	0.00384	0.00964
8	0.15901	0.01346	0.01610	0.01290	0.01801	0.01299	0.01052	0.09203	0.02201	0.40016	0.13424	0.02854	0.02580	0.01021	0.00750	0.00240	0.00619	0.00814	0.00841	0.01138
9	0.01727	0.01918	0.04113	0.02979	0.03679	0.01797	0.56826	0.02331	0.01837	0.02501	0.06521	0.06267	0.01844	0.00820	0.00919	0.00263	0.01191	0.01022	0.00444	0.01000
10	0.01015	0.00778	0.00929	0.00915	0.01113	0.00693	0.00677	0.01294	0.01965	0.02618	0.38932	0.12997	0.29647	0.01810	0.00923	0.00258	0.00384	0.01569	0.00790	0.00693
11	0.07712	0.01287	0.01637	0.01324	0.01827	0.01196	0.01069	0.05798	0.05740	0.46960	0.08828	0.08269	0.02592	0.01120	0.00790	0.00247	0.00618	0.00927	0.00884	0.01177
12	0.01464	0.01378	0.02326	0.70887	0.05340	0.01723	0.02153	0.01981	0.01550	0.01981	0.01378	0.02067	0.01034	0.00775	0.00775	0.00258	0.01034	0.00689	0.00345	0.00861
13	0.00953	0.00687	0.00903	0.01060	0.01123	0.00637	0.00715	0.01105	0.01542	0.02056	0.08450	0.65239	0.07947	0.02355	0.00982	0.00308	0.00442	0.02129	0.00728	0.00637
14	0.01830	0.02092	0.04575	0.03268	0.04052	0.01961	0.65098	0.02484	0.01830	0.02484	0.01569	0.02092	0.01176	0.00654	0.00915	0.00261	0.01307	0.00915	0.00392	0.01046
15	0.03479	0.01320	0.01799	0.01380	0.01979	0.01140	0.01140	0.03779	0.02219	0.68451	0.03059	0.02639	0.01919	0.00960	0.00780	0.00240	0.00660	0.00780	0.00960	0.01320
16	0.01555	0.04011	0.68733	0.02210	0.03356	0.01801	0.02865	0.02455	0.01637	0.02455	0.01391	0.01637	0.00982	0.00737	0.00737	0.00246	0.01146	0.00573	0.00327	0.01146
17	0.01919	0.01842	0.03147	0.04759	0.67914	0.01842	0.02380	0.02380	0.01765	0.02533	0.01458	0.01919	0.01228	0.00691	0.00768	0.00230	0.00921	0.00691	0.00384	0.01228
18	0.02822	0.03306	0.02133	0.01894	0.02314	0.56001	0.01440	0.12033	0.02375	0.02387	0.01370	0.01550	0.01101	0.00824	0.00701	0.00203	0.01261	0.00541	0.04795	0.00950
19	0.02073	0.73217	0.04063	0.01327	0.01990	0.03068	0.01327	0.02322	0.01575	0.01824	0.01078	0.01244	0.00995	0.00663	0.00498	0.00166	0.00829	0.00415	0.00332	0.00995
20	0.00945	0.00675	0.00900	0.01080	0.01125	0.00630	0.00720	0.01080	0.01484	0.01979	0.04274	0.72245	0.05128	0.02429	0.00990	0.00315	0.00450	0.02204	0.00720	0.00630
21	0.01086	0.00784	0.01026	0.00983	0.01156	0.00724	0.00731	0.01435	0.02143	0.03027	0.62900	0.10632	0.07157	0.01647	0.00920	0.00249	0.00372	0.01461	0.00844	0.00724
22	0.03479	0.01320	0.01799	0.01380	0.01979	0.01140	0.01140	0.03779	0.02219	0.68451	0.03059	0.02639	0.01919	0.00960	0.00780	0.00240	0.00660	0.00780	0.00960	0.01320
23	0.01079	0.00779	0.01049	0.01217	0.01335	0.00749	0.00949	0.01317	0.01636	0.02139	0.04416	0.39935	0.08624	0.02273	0.01022	0.00330	0.00564	0.29201	0.00717	0.00669
24	0.02896	0.03695	0.02197	0.01998	0.02397	0.69638	0.01498	0.03096	0.02197	0.01898	0.01199	0.01398	0.00999	0.00799	0.00699	0.00200	0.01398	0.00499	0.00400	0.00899
25	0.02947	0.02172	0.02327	0.01784	0.02404	0.02404	0.01474	0.65329	0.03646	0.04887	0.01862	0.01862	0.01319	0.00931	0.00776	0.00233	0.00853	0.00698	0.00776	0.01319
26	0.01555	0.04011	0.68733	0.02210	0.03356	0.01801	0.02865	0.02455	0.01637	0.02455	0.01391	0.01637	0.00982	0.00737	0.00737	0.00246	0.01146	0.00573	0.00327	0.01146
27	0.00945	0.00675	0.00900	0.01080	0.01125	0.00630	0.00720	0.01080	0.01484	0.01979	0.04274	0.72245	0.05128	0.02429	0.00990	0.00315	0.00450	0.02204	0.00720	0.00630
28	0.01830	0.02092	0.04575	0.03268	0.04052	0.01961	0.65098	0.02484	0.01830	0.02484	0.01569	0.02092	0.01176	0.00654	0.00915	0.00261	0.01307	0.00915	0.00392	0.01046
29	0.00945	0.00675	0.00900	0.01080	0.01125	0.00630	0.00720	0.01080	0.01484	0.01979	0.04274	0.72245	0.05128	0.02429	0.00990	0.00315	0.00450	0.02204	0.00720	0.00630
30	0.01894	0.01817	0.03103	0.08336	0.64530	0.01836	0.02367	0.02358	0.01754	0.02503	0.01454	0.01927	0.01218	0.00695	0.00768	0.00232	0.00927	0.00691	0.00382	0.01208
31	0.02231	0.01111	0.01474	0.01356	0.01732	0.01040	0.01125	0.02665	0.06447	0.31262	0.03803	0.10222	0.06768	0.01560	0.00910	0.00291	0.00646	0.23526	0.00827	0.01005
32	0.35928	0.11916	0.26068	0.01550	0.02290	0.06059	0.01677	0.02398	0.01521	0.02796	0.01200	0.01403	0.00921	0.00723	0.00588	0.00230	0.00876	0.00479	0.00400	0.00975
33	0.01794	0.02011	0.04253	0.08104	0.04001	0.01973	0.55950	0.02403	0.01763	0.02403	0.01515	0.02061	0.01155	0.00713	0.01022	0.00267	0.06328	0.00882	0.00385	0.01018
34	0.36125	0.25752	0.06563	0.01305	0.01897	0.05958	0.01212	0.05000	0.01623	0.06776	0.01257	0.01394	0.00995	0.00730	0.00545	0.00213	0.00770	0.00465	0.00457	0.00963
35	0.02641	0.02000	0.04721	0.01670	0.02233	0.02083	0.01400	0.51394	0.03209	0.06648	0.02163	0.09239	0.01750	0.01079	0.00787	0.00240	0.00796	0.00854	0.03878	0.01216

[dist]
# distance from previous block
# <min> <max>
1	4

[block]
# block no. 3 follows, 25 sequences, length 6
# corresponding to MSA columns:
# 240-245
name=unknown_D
#
# <colnr> <probs for GDERKNQSTAVLIFYWHMCP>
#	G	D	E	R	K	N	Q	S	T	A	V	L	I	F	Y	W	H	M	C	P
0	0.02910	0.08601	0.02444	0.01710	0.02333	0.02365	0.01434	0.54689	0.03343	0.09645	0.01885	0.01867	0.01337	0.00909	0.00751	0.00227	0.00836	0.00679	0.00750	0.01289
1	0.01128	0.00752	0.00846	0.00846	0.00846	0.00752	0.00470	0.01128	0.01128	0.01503	0.02443	0.05074	0.02819	0.72751	0.03946	0.00752	0.00752	0.01128	0.00470	0.00470
2	0.00916	0.00785	0.00785	0.00785	0.01047	0.00655	0.00589	0.01113	0.01767	0.02095	0.07855	0.07462	0.67599	0.01964	0.00916	0.00262	0.00393	0.01636	0.00720	0.00655
3	0.01629	0.03531	0.54183	0.02225	0.03246	0.01832	0.08343	0.02674	0.10065	0.02560	0.01636	0.01841	0.01179	0.00770	0.00760	0.00249	0.01092	0.00644	0.00393	0.01147
4	0.00994	0.00788	0.00893	0.00867	0.01095	0.00687	0.00650	0.01263	0.01950	0.02528	0.33345	0.06748	0.41839	0.01802	0.00916	0.00254	0.00381	0.01536	0.00777	0.00687
5	0.01162	0.00999	0.01375	0.24739	0.02566	0.01056	0.01198	0.01473	0.01647	0.02040	0.04750	0.05609	0.31797	0.06997	0.01120	0.00310	0.00680	0.09190	0.00572	0.00719

[dist]
# distance from previous block
# <min> <max>
18	28

[block]
# block no. 4 follows, 25 sequences, length 11
# corresponding to MSA columns:
# 274-284
name=unknown_E
#
# <colnr> <probs for GDERKNQSTAVLIFYWHMCP>
#	G	D	E	R	K	N	Q	S	T	A	V	L	I	F	Y	W	H	M	C	P
0	0.01676	0.01141	0.01324	0.01226	0.01484	0.01212	0.00930	0.13901	0.08664	0.05729	0.07281	0.23121	0.03162	0.03399	0.04936	0.00324	0.02324	0.01228	0.16056	0.00882
1	0.02749	0.22114	0.02618	0.01543	0.02129	0.09327	0.01321	0.24731	0.02509	0.17632	0.01863	0.01854	0.01355	0.00847	0.00680	0.00210	0.00840	0.00616	0.03904	0.01158
2	0.01414	0.01252	0.06898	0.01437	0.01711	0.01089	0.01279	0.08141	0.01866	0.02476	0.03465	0.11389	0.03702	0.10216	0.01345	0.00378	0.00750	0.39751	0.00660	0.00778
3	0.02063	0.01568	0.01705	0.01476	0.01927	0.01718	0.01175	0.14153	0.37045	0.06523	0.02804	0.03005	0.02181	0.01051	0.00765	0.00244	0.00635	0.04933	0.08615	0.06414
4	0.08269	0.01436	0.01614	0.01427	0.01858	0.06876	0.01180	0.05320	0.04880	0.31151	0.05371	0.04294	0.02690	0.01296	0.00840	0.00271	0.00727	0.18663	0.00787	0.01048
5	0.02477	0.02125	0.07654	0.01680	0.02338	0.02050	0.01461	0.41992	0.09568	0.04076	0.01866	0.01902	0.01367	0.00861	0.00736	0.00215	0.00801	0.00662	0.00681	0.15491
6	0.01516	0.01385	0.02305	0.58009	0.12369	0.01664	0.02063	0.02015	0.01581	0.02112	0.01471	0.02110	0.01126	0.00775	0.00757	0.00249	0.00971	0.00692	0.05934	0.00894
7	0.01443	0.00993	0.01472	0.01387	0.01626	0.00939	0.06173	0.01697	0.01666	0.09954	0.05617	0.38607	0.03960	0.01869	0.01001	0.00293	0.03367	0.11180	0.00692	0.06064
8	0.01804	0.29191	0.33444	0.02223	0.09546	0.02284	0.06778	0.02400	0.01642	0.02233	0.01296	0.01554	0.01026	0.00699	0.00665	0.00216	0.01018	0.00552	0.00339	0.01091
9	0.05036	0.02300	0.02121	0.01699	0.02254	0.15064	0.01367	0.41323	0.05510	0.03932	0.01747	0.01814	0.01296	0.00873	0.00727	0.00216	0.00898	0.00640	0.03655	0.07528
10	0.06701	0.03752	0.61455	0.02237	0.05944	0.01798	0.02709	0.02441	0.01621	0.02527	0.01373	0.01624	0.00983	0.00734	0.00721	0.00245	0.01100	0.00568	0.00340	0.01129

[dist]
# distance from previous block
# <min> <max>
0	1

[block]
# block no. 5 follows, 25 sequences, length 37
# corresponding to MSA columns:
# 286-322
name=unknown_F
#
# <colnr> <probs for GDERKNQSTAVLIFYWHMCP>
#	G	D	E	R	K	N	Q	S	T	A	V	L	I	F	Y	W	H	M	C	P
0	0.04839	0.01259	0.02107	0.01697	0.02097	0.01191	0.18801	0.02062	0.04644	0.09867	0.21675	0.16225	0.07449	0.01370	0.00890	0.00263	0.00699	0.01292	0.00686	0.00887
1	0.01929	0.01666	0.01753	0.01578	0.02016	0.01929	0.01227	0.04120	0.66513	0.03243	0.03156	0.02893	0.02367	0.01052	0.00789	0.00263	0.00614	0.00877	0.00789	0.01227
2	0.01097	0.00793	0.01036	0.00975	0.01158	0.00732	0.00732	0.01463	0.02195	0.03109	0.67505	0.05792	0.07316	0.01585	0.00914	0.00244	0.00366	0.01402	0.00854	0.00732
3	0.02659	0.02018	0.02327	0.15201	0.02975	0.02272	0.01606	0.53029	0.03239	0.04322	0.01768	0.01901	0.01263	0.00901	0.00776	0.00238	0.00888	0.00696	0.00692	0.01230
4	0.01815	0.02030	0.04291	0.05683	0.07641	0.01969	0.55746	0.02425	0.01781	0.02434	0.01525	0.02059	0.01166	0.00699	0.00992	0.00264	0.05173	0.00881	0.00387	0.01039
5	0.00945	0.00675	0.00900	0.01080	0.01125	0.00630	0.00720	0.01080	0.01484	0.01979	0.04274	0.72245	0.05128	0.02429	0.00990	0.00315	0.00450	0.02204	0.00720	0.00630
6	0.00945	0.00675	0.00900	0.01080	0.01125	0.00630	0.00720	0.01080	0.01484	0.01979	0.04274	0.72245	0.05128	0.02429	0.00990	0.00315	0.00450	0.02204	0.00720	0.00630
7	0.01797	0.02026	0.04370	0.09443	0.04170	0.01939	0.59350	0.02438	0.01805	0.02438	0.01551	0.02089	0.01163	0.00665	0.00902	0.00261	0.01282	0.00894	0.00388	0.01029
8	0.02947	0.02172	0.02327	0.01784	0.02404	0.02404	0.01474	0.65329	0.03646	0.04887	0.01862	0.01862	0.01319	0.00931	0.00776	0.00233	0.00853	0.00698	0.00776	0.01319
9	0.00945	0.00675	0.00900	0.01080	0.01125	0.00630	0.00720	0.01080	0.01484	0.01979	0.04274	0.72245	0.05128	0.02429	0.00990	0.00315	0.00450	0.02204	0.00720	0.00630
10	0.01464	0.01378	0.02326	0.70887	0.05340	0.01723	0.02153	0.01981	0.01550	0.01981	0.01378	0.02067	0.01034	0.00775	0.00775	0.00258	0.01034	0.00689	0.00345	0.00861
11	0.02471	0.12196	0.02730	0.02379	0.13512	0.29200	0.06541	0.05557	0.02009	0.08255	0.01554	0.04121	0.01293	0.00852	0.00802	0.00220	0.04165	0.00654	0.00464	0.01025
12	0.01533	0.03857	0.65506	0.02151	0.03251	0.01750	0.02763	0.02408	0.01664	0.02487	0.04543	0.01835	0.01284	0.00777	0.00745	0.00245	0.01109	0.00612	0.00352	0.01126
13	0.01991	0.01623	0.01739	0.01544	0.01983	0.01848	0.01206	0.06630	0.57371	0.06058	0.06779	0.03003	0.02585	0.01073	0.00795	0.00260	0.00612	0.00895	0.00799	0.01207
14	0.01838	0.08637	0.07063	0.03053	0.06606	0.02070	0.50737	0.02433	0.01764	0.02394	0.01485	0.01968	0.01146	0.00694	0.00942	0.00254	0.04656	0.00833	0.00381	0.01044
15	0.01645	0.01860	0.09008	0.36717	0.18972	0.01803	0.14406	0.02211	0.01661	0.02245	0.01434	0.01999	0.01100	0.00729	0.00797	0.00251	0.01071	0.00722	0.00361	0.01005
16	0.04190	0.01241	0.01720	0.01873	0.15065	0.01184	0.01203	0.05154	0.02067	0.23831	0.19220	0.03276	0.03131	0.01051	0.00768	0.00230	0.00599	0.00901	0.12249	0.01046
17	0.01577	0.06951	0.65986	0.02172	0.03298	0.01855	0.02799	0.02450	0.01634	0.02429	0.01378	0.01620	0.00983	0.00734	0.00726	0.00242	0.01132	0.00566	0.00328	0.01139
18	0.04869	0.01591	0.02830	0.38697	0.10860	0.01760	0.17529	0.02218	0.04548	0.02281	0.01615	0.04842	0.01302	0.00812	0.00805	0.00258	0.01029	0.00802	0.00401	0.00950
19	0.00945	0.00675	0.00900	0.01080	0.01125	0.00630	0.00720	0.01080	0.01484	0.01979	0.04274	0.72245	0.05128	0.02429	0.00990	0.00315	0.00450	0.02204	0.00720	0.00630
20	0.01743	0.02558	0.21088	0.05873	0.03927	0.01909	0.46308	0.02455	0.01768	0.02455	0.01515	0.01973	0.01120	0.00680	0.00863	0.00257	0.01254	0.00817	0.00373	0.01064
21	0.04980	0.01298	0.05260	0.01305	0.01662	0.01183	0.01064	0.04642	0.15133	0.14208	0.10007	0.23869	0.07277	0.01545	0.00858	0.00272	0.00577	0.03151	0.00758	0.00951
22	0.01611	0.05369	0.50775	0.02316	0.05475	0.01813	0.10144	0.02481	0.04597	0.02510	0.04559	0.01940	0.01371	0.00777	0.00763	0.00245	0.01089	0.00666	0.00382	0.01117
23	0.00952	0.00681	0.00906	0.01075	0.01126	0.00635	0.00720	0.01098	0.01519	0.02034	0.07358	0.69003	0.05235	0.02388	0.00986	0.00311	0.00446	0.02165	0.00726	0.00635
24	0.01747	0.01900	0.04016	0.06115	0.06316	0.01807	0.52887	0.02342	0.01785	0.02454	0.01760	0.06207	0.01442	0.00776	0.00889	0.00259	0.01184	0.00962	0.04149	0.01005
25	0.02744	0.04744	0.08149	0.01577	0.02196	0.01496	0.05029	0.11765	0.05354	0.37039	0.06365	0.02771	0.05192	0.00993	0.00786	0.00240	0.00744	0.00823	0.00791	0.01205
26	0.02663	0.01384	0.01670	0.01368	0.01844	0.01383	0.01115	0.16278	0.07853	0.31768	0.02739	0.02893	0.01983	0.01229	0.03768	0.00281	0.00711	0.04179	0.13740	0.01150
27	0.02166	0.01518	0.04356	0.22289	0.10435	0.01525	0.01629	0.07818	0.06993	0.20457	0.02580	0.05522	0.05393	0.01022	0.00801	0.00253	0.00807	0.02725	0.00632	0.01078
28	0.09391	0.08787	0.15527	0.01891	0.09611	0.01626	0.01605	0.04772	0.04137	0.27439	0.02212	0.06135	0.01651	0.00922	0.00728	0.00238	0.00790	0.00744	0.00639	0.01156
29	0.01536	0.01486	0.02258	0.63010	0.04961	0.05630	0.02065	0.02025	0.01601	0.01995	0.01519	0.02400	0.01222	0.00853	0.00787	0.00260	0.01037	0.04130	0.00368	0.00855
30	0.00982	0.00811	0.00887	0.00875	0.01127	0.00697	0.00653	0.01196	0.01728	0.02158	0.10724	0.13245	0.49743	0.02130	0.04907	0.00315	0.00505	0.01564	0.00696	0.05057
31	0.02475	0.01919	0.02414	0.10469	0.15691	0.09258	0.05318	0.16260	0.06034	0.16415	0.04554	0.02233	0.01644	0.00873	0.00781	0.00237	0.00902	0.00741	0.00625	0.01156
32	0.01715	0.09663	0.41066	0.02469	0.13784	0.01883	0.04320	0.05857	0.01812	0.02595	0.06364	0.01986	0.01524	0.00794	0.00741	0.00235	0.01009	0.00658	0.00404	0.01121
33	0.01036	0.00766	0.00999	0.01107	0.01232	0.00690	0.00772	0.01207	0.01515	0.02060	0.03939	0.60770	0.04644	0.02205	0.00947	0.00295	0.00479	0.05375	0.00690	0.09274
34	0.05921	0.03374	0.52930	0.02040	0.03021	0.01684	0.04639	0.02330	0.01606	0.02477	0.01502	0.01930	0.01153	0.01063	0.04743	0.00300	0.01130	0.02497	0.00363	0.05297
35	0.01701	0.05832	0.34996	0.07493	0.05739	0.04864	0.02136	0.08706	0.01894	0.02612	0.05579	0.07824	0.01911	0.01016	0.00782	0.00251	0.00972	0.04192	0.00463	0.01039
36	0.01753	0.01668	0.02759	0.23413	0.27413	0.01763	0.09776	0.04055	0.08271	0.02484	0.01826	0.02237	0.03353	0.00787	0.00784	0.00240	0.00934	0.00754	0.00439	0.05289

[dist]
# distance from previous block
# <min> <max>
3	10

[block]
# block no. 6 follows, 25 sequences, length 8
# corresponding to MSA columns:
# 333-340
name=unknown_G
#
# <colnr> <probs for GDERKNQSTAVLIFYWHMCP>
#	G	D	E	R	K	N	Q	S	T	A	V	L	I	F	Y	W	H	M	C	P
0	0.01879	0.10394	0.41605	0.02200	0.07342	0.10195	0.02322	0.05075	0.07261	0.02491	0.01509	0.01703	0.01132	0.00768	0.00716	0.00232	0.01074	0.00587	0.00397	0.01120
1	0.02149	0.07027	0.14158	0.05685	0.14984	0.03731	0.05421	0.17069	0.02250	0.08944	0.07405	0.02358	0.03579	0.00893	0.00770	0.00234	0.00894	0.00755	0.00561	0.01132
2	0.04872	0.02102	0.10620	0.01685	0.02271	0.01985	0.01502	0.32722	0.16660	0.05955	0.02253	0.02623	0.01764	0.04828	0.00950	0.00276	0.00811	0.04242	0.00697	0.01181
3	0.02012	0.01568	0.01724	0.01556	0.01982	0.01762	0.01239	0.07426	0.49495	0.07961	0.03197	0.03588	0.02549	0.01182	0.00825	0.00272	0.00645	0.09053	0.00791	0.01171
4	0.01848	0.02042	0.04289	0.03567	0.16857	0.01937	0.52523	0.02463	0.01817	0.02494	0.01547	0.02057	0.01187	0.00661	0.00885	0.00255	0.01230	0.00870	0.00390	0.01082
5	0.01929	0.01666	0.01753	0.01578	0.02016	0.01929	0.01227	0.04120	0.66513	0.03243	0.03156	0.02893	0.02367	0.01052	0.00789	0.00263	0.00614	0.00877	0.00789	0.01227
6	0.02309	0.02269	0.11454	0.01693	0.02304	0.07635	0.01510	0.26659	0.17415	0.05918	0.02497	0.02456	0.06384	0.00978	0.00766	0.00235	0.00830	0.00764	0.00669	0.05255
7	0.01585	0.01741	0.12118	0.01973	0.02476	0.01378	0.19541	0.05604	0.04218	0.05644	0.02826	0.26535	0.02860	0.01442	0.00908	0.00283	0.00858	0.06498	0.00585	0.00926

[dist]
# distance from previous block
# <min> <max>
6	39

[block]
# block no. 7 follows, 25 sequences, length 76
# corresponding to MSA columns:
# 380-455
name=unknown_H
#
# <colnr> <probs for GDERKNQSTAVLIFYWHMCP>
#	G	D	E	R	K	N	Q	S	T	A	V	L	I	F	Y	W	H	M	C	P
0	0.03210	0.01550	0.01926	0.01471	0.02082	0.01468	0.01213	0.19991	0.02556	0.47077	0.02626	0.02362	0.01707	0.00926	0.00765	0.00229	0.00705	0.00736	0.00877	0.06521
1	0.03070	0.01541	0.02149	0.01648	0.02252	0.01464	0.07910	0.11020	0.09470	0.46715	0.02770	0.02517	0.01819	0.00934	0.00794	0.00244	0.00746	0.00795	0.00859	0.01280
2	0.02616	0.01981	0.02063	0.01664	0.02199	0.05576	0.01344	0.39580	0.17695	0.08410	0.06864	0.02403	0.02006	0.01000	0.00785	0.00239	0.00780	0.00784	0.00777	0.01234
3	0.01692	0.03819	0.63979	0.02151	0.03258	0.01754	0.02742	0.02549	0.01678	0.07143	0.01510	0.01708	0.01049	0.00752	0.00740	0.00245	0.01111	0.00588	0.00372	0.01158
4	0.01229	0.00891	0.01128	0.01033	0.01247	0.00850	0.00784	0.06000	0.02298	0.03236	0.62842	0.05513	0.06890	0.01539	0.00905	0.00243	0.00400	0.01352	0.00848	0.00773
5	0.01599	0.03752	0.60912	0.02514	0.11055	0.01806	0.02807	0.02446	0.01652	0.02465	0.01399	0.01671	0.01012	0.00731	0.00740	0.00244	0.01119	0.00587	0.00334	0.01156
6	0.02750	0.03191	0.02108	0.01870	0.02277	0.52370	0.01413	0.12579	0.04256	0.02370	0.01447	0.01775	0.01218	0.05938	0.00944	0.00246	0.01245	0.00586	0.00474	0.00943
7	0.00990	0.00716	0.00946	0.01113	0.01194	0.00672	0.00793	0.01164	0.01551	0.02041	0.04502	0.57768	0.09462	0.02351	0.00997	0.00318	0.00487	0.11571	0.00719	0.00645
8	0.01862	0.02087	0.10943	0.06494	0.58286	0.01834	0.02430	0.02376	0.01744	0.02507	0.01448	0.01890	0.01193	0.00699	0.00764	0.00233	0.00951	0.00677	0.00376	0.01207
9	0.06815	0.10327	0.02278	0.01559	0.02157	0.02052	0.01309	0.32300	0.07688	0.22458	0.02168	0.02058	0.01507	0.00905	0.00729	0.00229	0.00764	0.00687	0.00761	0.01248
10	0.01830	0.02092	0.04575	0.03268	0.04052	0.01961	0.65098	0.02484	0.01830	0.02484	0.01569	0.02092	0.01176	0.00654	0.00915	0.00261	0.01307	0.00915	0.00392	0.01046
11	0.01172	0.00839	0.01152	0.01284	0.01442	0.00819	0.01064	0.01495	0.01819	0.02422	0.16641	0.18147	0.05130	0.02077	0.01027	0.00328	0.00604	0.41090	0.00742	0.00704
12	0.01328	0.01047	0.01578	0.08620	0.11199	0.01075	0.01433	0.01688	0.01724	0.02276	0.03489	0.14712	0.03755	0.01840	0.00990	0.00325	0.00743	0.40756	0.00632	0.00790
13	0.04918	0.01694	0.01899	0.01939	0.09843	0.04411	0.01373	0.09597	0.37201	0.05164	0.02792	0.04821	0.02287	0.01119	0.00804	0.00263	0.00712	0.07311	0.00708	0.01144
14	0.00945	0.00675	0.00900	0.01080	0.01125	0.00630	0.00720	0.01080	0.01484	0.01979	0.04274	0.72245	0.05128	0.02429	0.00990	0.00315	0.00450	0.02204	0.00720	0.00630
15	0.01163	0.00755	0.00863	0.00860	0.00899	0.00760	0.00520	0.01239	0.01244	0.01762	0.05491	0.04729	0.02880	0.56935	0.07230	0.00689	0.00764	0.01075	0.09618	0.00525
16	0.02061	0.02124	0.02970	0.06397	0.55477	0.12672	0.02232	0.02482	0.01828	0.02414	0.01414	0.01840	0.01185	0.00711	0.00757	0.00226	0.01001	0.00660	0.00385	0.01164
17	0.01710	0.24758	0.49346	0.01945	0.02946	0.02181	0.02404	0.02415	0.01619	0.02266	0.01297	0.01519	0.00986	0.00715	0.00665	0.00222	0.01051	0.00525	0.00329	0.01101
18	0.00945	0.00675	0.00900	0.01080	0.01125	0.00630	0.00720	0.01080	0.01484	0.01979	0.04274	0.72245	0.05128	0.02429	0.00990	0.00315	0.00450	0.02204	0.00720	0.00630
19	0.01841	0.02062	0.04405	0.03446	0.11668	0.01947	0.57619	0.02471	0.01822	0.02490	0.01555	0.02071	0.01183	0.00658	0.00897	0.00258	0.01261	0.00888	0.00391	0.01068
20	0.01807	0.02153	0.07429	0.03127	0.03871	0.01984	0.57496	0.02437	0.01774	0.02437	0.01520	0.02041	0.01156	0.00709	0.01027	0.00266	0.06465	0.00882	0.00385	0.01036
21	0.03391	0.01322	0.01790	0.01369	0.01973	0.01135	0.01129	0.03693	0.02190	0.65352	0.02980	0.02591	0.01883	0.00942	0.00770	0.00234	0.00656	0.00765	0.00936	0.04900
22	0.01800	0.02044	0.04451	0.03194	0.03953	0.01916	0.62926	0.02436	0.01818	0.02467	0.01660	0.04459	0.01310	0.00714	0.00918	0.00263	0.01278	0.00959	0.00403	0.01032
23	0.06565	0.01923	0.02044	0.01602	0.02152	0.02110	0.01313	0.52285	0.03261	0.04480	0.06480	0.02423	0.05257	0.01017	0.00769	0.00234	0.00767	0.00781	0.03337	0.01200
24	0.01971	0.01954	0.03056	0.06705	0.61420	0.06468	0.02312	0.02416	0.01788	0.02472	0.01438	0.01888	0.01206	0.00701	0.00763	0.00229	0.00957	0.00678	0.00384	0.01194
25	0.00945	0.00675	0.00900	0.01080	0.01125	0.00630	0.00720	0.01080	0.01484	0.01979	0.04274	0.72245	0.05128	0.02429	0.00990	0.00315	0.00450	0.02204	0.00720	0.00630
26	0.05216	0.65562	0.03817	0.01360	0.01998	0.07560	0.01319	0.02373	0.01608	0.01896	0.01086	0.01255	0.00989	0.00675	0.00511	0.00171	0.00859	0.00421	0.00342	0.00982
27	0.01818	0.17180	0.48336	0.02004	0.02979	0.06708	0.02404	0.05729	0.01767	0.02422	0.01342	0.01557	0.01003	0.00737	0.00690	0.00226	0.01087	0.00544	0.00356	0.01109
28	0.03479	0.01320	0.01799	0.01380	0.01979	0.01140	0.01140	0.03779	0.02219	0.68451	0.03059	0.02639	0.01919	0.00960	0.00780	0.00240	0.00660	0.00780	0.00960	0.01320
29	0.01571	0.06192	0.66695	0.02182	0.03313	0.01841	0.02816	0.02451	0.01635	0.02436	0.01382	0.01625	0.00983	0.00734	0.00729	0.00243	0.01136	0.00568	0.00328	0.01141
30	0.43065	0.10000	0.06468	0.01636	0.07504	0.11830	0.01293	0.05797	0.01660	0.02990	0.01192	0.01392	0.00948	0.00735	0.00572	0.00225	0.00820	0.00479	0.00449	0.00945
31	0.01249	0.00892	0.01249	0.01428	0.01606	0.00892	0.01249	0.01606	0.01785	0.02320	0.04105	0.08746	0.04462	0.02142	0.01071	0.00357	0.00714	0.62695	0.00714	0.00714
32	0.01919	0.01842	0.03147	0.04759	0.67914	0.01842	0.02380	0.02380	0.01765	0.02533	0.01458	0.01919	0.01228	0.00691	0.00768	0.00230	0.00921	0.00691	0.00384	0.01228
33	0.01806	0.01727	0.02943	0.21233	0.52326	0.01812	0.02323	0.02280	0.01712	0.02396	0.01438	0.01956	0.01180	0.00712	0.00769	0.00237	0.00949	0.00690	0.00374	0.01137
34	0.02832	0.03494	0.02172	0.01960	0.02371	0.62235	0.01479	0.05739	0.06649	0.02113	0.01360	0.01519	0.01105	0.00822	0.00708	0.00205	0.01322	0.00533	0.00442	0.00939
35	0.00945	0.00675	0.00900	0.01080	0.01125	0.00630	0.00720	0.01080	0.01484	0.01979	0.04274	0.72245	0.05128	0.02429	0.00990	0.00315	0.00450	0.02204	0.00720	0.00630
36	0.01825	0.02055	0.04357	0.03142	0.03869	0.01984	0.59352	0.02499	0.03824	0.02471	0.01586	0.02093	0.01205	0.00708	0.01007	0.00266	0.05416	0.00900	0.00402	0.01040
