[name]
unknown

[dist]
# distance from previous block
# <min> <max>
0	121

[block]
# block no. 0 follows, 25 sequences, length 12
# corresponding to MSA columns:
# 125-136
name=unknown_A
#
# <colnr> <probs for GDERKNQSTAVLIFYWHMCP>
#	G	D	E	R	K	N	Q	S	T	A	V	L	I	F	Y	W	H	M	C	P
0	0.01417	0.01150	0.01334	0.01264	0.01521	0.03586	0.00992	0.06419	0.04544	0.02484	0.11484	0.13186	0.10127	0.06458	0.05957	0.00369	0.03913	0.14001	0.00648	0.09145
1	0.01135	0.00855	0.01129	0.01304	0.05387	0.00852	0.00832	0.01444	0.06034	0.02129	0.10469	0.39096	0.04306	0.15084	0.05872	0.00437	0.00640	0.01645	0.00653	0.00696
2	0.11000	0.00837	0.00984	0.01055	0.01207	0.00817	0.00740	0.01402	0.01533	0.04462	0.08231	0.48896	0.04317	0.04814	0.01003	0.00305	0.00483	0.01725	0.03129	0.03059
3	0.01780	0.01128	0.01361	0.01191	0.01531	0.01073	0.00907	0.08997	0.06345	0.14140	0.17575	0.17044	0.08253	0.05962	0.01039	0.00277	0.00551	0.01238	0.00759	0.08849
4	0.01194	0.00752	0.00995	0.01078	0.01189	0.00695	0.00745	0.01371	0.01638	0.07816	0.13721	0.52877	0.05074	0.05608	0.01105	0.00319	0.00470	0.01907	0.00748	0.00697
5	0.00959	0.00694	0.00906	0.01049	0.01123	0.00642	0.00712	0.01121	0.01577	0.02104	0.11040	0.61072	0.09512	0.02311	0.00977	0.00304	0.00437	0.02084	0.00734	0.00642
6	0.01089	0.00757	0.00974	0.01076	0.01185	0.00724	0.00791	0.01311	0.01640	0.02241	0.13679	0.33100	0.07474	0.10033	0.01295	0.00351	0.00520	0.15074	0.06033	0.00653
7	0.05020	0.01198	0.01332	0.01292	0.01513	0.01145	0.00919	0.07277	0.01956	0.04864	0.07864	0.21938	0.08734	0.07513	0.04560	0.03706	0.00718	0.01362	0.16155	0.00932
8	0.01940	0.01265	0.01343	0.01148	0.01490	0.01353	0.00908	0.22829	0.06450	0.03589	0.07960	0.02803	0.02251	0.00981	0.00667	0.00208	0.00540	0.00783	0.40540	0.00952
9	0.01521	0.00782	0.00911	0.00875	0.01069	0.00764	0.00655	0.01742	0.01563	0.08132	0.02918	0.03285	0.08870	0.01714	0.06764	0.12492	0.00583	0.00826	0.43830	0.00703
10	0.01014	0.00721	0.00892	0.00974	0.01043	0.00680	0.00639	0.01146	0.01499	0.01999	0.12221	0.38957	0.10097	0.22345	0.01817	0.00426	0.00520	0.01745	0.00666	0.00599
11	0.02746	0.01652	0.01925	0.01499	0.02069	0.01665	0.01223	0.28482	0.07345	0.25212	0.07964	0.02503	0.02091	0.00967	0.00768	0.00226	0.00701	0.00773	0.00810	0.09379

[dist]
# distance from previous block
# <min> <max>
0	2

[block]
# block no. 1 follows, 25 sequences, length 27
# corresponding to MSA columns:
# 139-165
name=unknown_B
#
# <colnr> <probs for GDERKNQSTAVLIFYWHMCP>
#	G	D	E	R	K	N	Q	S	T	A	V	L	I	F	Y	W	H	M	C	P
0	0.01707	0.01470	0.02705	0.12175	0.03025	0.01480	0.25527	0.02194	0.04522	0.08794	0.02414	0.17393	0.02265	0.01266	0.01040	0.03249	0.03521	0.03799	0.00538	0.00916
1	0.09003	0.01377	0.01743	0.01377	0.01947	0.01285	0.01128	0.03707	0.10276	0.55238	0.02920	0.02566	0.01893	0.00953	0.00758	0.00243	0.00649	0.00764	0.00901	0.01271
2	0.02896	0.03695	0.02197	0.01998	0.02397	0.69638	0.01498	0.03096	0.02197	0.01898	0.01199	0.01398	0.00999	0.00799	0.00699	0.00200	0.01398	0.00499	0.00400	0.00899
3	0.01464	0.01378	0.02326	0.70887	0.05340	0.01723	0.02153	0.01981	0.01550	0.01981	0.01378	0.02067	0.01034	0.00775	0.00775	0.00258	0.01034	0.00689	0.00345	0.00861
4	0.01097	0.00793	0.01036	0.00975	0.01158	0.00732	0.00732	0.01463	0.02195	0.03109	0.67505	0.05792	0.07316	0.01585	0.00914	0.00244	0.00366	0.01402	0.00854	0.00732
5	0.01108	0.00831	0.01246	0.01246	0.01385	0.00969	0.00969	0.01385	0.01246	0.01800	0.02077	0.03046	0.01938	0.05815	0.69678	0.01246	0.02077	0.00831	0.00415	0.00692
6	0.01042	0.00790	0.00959	0.00917	0.01124	0.00708	0.00688	0.01355	0.02063	0.02797	0.49155	0.06306	0.25860	0.01702	0.00915	0.00249	0.00374	0.01474	0.00812	0.00708
7	0.01696	0.01696	0.02375	0.02036	0.02036	0.02375	0.01696	0.01866	0.01187	0.01866	0.01018	0.01696	0.01018	0.01357	0.02545	0.00339	0.71332	0.00679	0.00339	0.00848
8	0.01608	0.01378	0.01608	0.01148	0.01837	0.01034	0.00919	0.01952	0.01608	0.02527	0.01378	0.01608	0.01148	0.00574	0.00574	0.00115	0.00574	0.00459	0.00459	0.77491
9	0.01128	0.00752	0.00846	0.00846	0.00846	0.00752	0.00470	0.01128	0.01128	0.01503	0.02443	0.05074	0.02819	0.72751	0.03946	0.00752	0.00752	0.01128	0.00470	0.00470
10	0.02216	0.02020	0.02063	0.01751	0.02061	0.13835	0.01402	0.24147	0.02231	0.02899	0.01592	0.02089	0.01361	0.05168	0.13190	0.00452	0.19323	0.00701	0.00521	0.00977
11	0.00945	0.00675	0.00900	0.01080	0.01125	0.00630	0.00720	0.01080	0.01484	0.01979	0.04274	0.72245	0.05128	0.02429	0.00990	0.00315	0.00450	0.02204	0.00720	0.00630
12	0.01109	0.00744	0.00851	0.00870	0.00875	0.00739	0.00496	0.01123	0.01164	0.01553	0.02632	0.12024	0.03058	0.65474	0.03640	0.00707	0.00720	0.01239	0.00496	0.00486
13	0.03246	0.08899	0.02121	0.01441	0.02050	0.01548	0.01214	0.13768	0.02388	0.51085	0.02657	0.02367	0.01725	0.00924	0.00750	0.00231	0.00709	0.00728	0.00864	0.01286
14	0.05022	0.01432	0.01702	0.01398	0.01838	0.01470	0.01117	0.23869	0.02472	0.22338	0.10161	0.08122	0.02599	0.04717	0.07759	0.00365	0.00817	0.00941	0.00775	0.01082
15	0.12788	0.17141	0.37748	0.01922	0.05158	0.05980	0.02117	0.02481	0.01636	0.04585	0.01330	0.01534	0.01005	0.00729	0.00653	0.00226	0.00996	0.00527	0.00377	0.01067
16	0.02811	0.10889	0.02390	0.01928	0.02355	0.62750	0.01480	0.03016	0.02133	0.01890	0.01186	0.01382	0.00998	0.00785	0.00678	0.00196	0.01339	0.00491	0.00392	0.00909
17	0.01071	0.00787	0.00976	0.00931	0.01109	0.00721	0.00682	0.01372	0.02019	0.02783	0.51236	0.05996	0.16802	0.08694	0.01215	0.00297	0.00408	0.01414	0.00794	0.00693
18	0.02736	0.02067	0.02208	0.01741	0.02324	0.02306	0.01422	0.52601	0.16718	0.04545	0.02131	0.02076	0.01537	0.00956	0.00778	0.00239	0.00803	0.00735	0.00778	0.01300
19	0.01445	0.00723	0.00723	0.00723	0.00903	0.00723	0.00542	0.01807	0.01626	0.02891	0.02529	0.02891	0.01987	0.00903	0.00542	0.00181	0.00361	0.00723	0.77055	0.00723
20	0.01555	0.04011	0.68733	0.02210	0.03356	0.01801	0.02865	0.02455	0.01637	0.02455	0.01391	0.01637	0.00982	0.00737	0.00737	0.00246	0.01146	0.00573	0.00327	0.01146
21	0.01677	0.01410	0.01471	0.01317	0.01661	0.03998	0.01002	0.07397	0.30865	0.02969	0.16471	0.03986	0.09713	0.08635	0.01142	0.00300	0.00601	0.01043	0.00735	0.03605
22	0.01198	0.00859	0.01019	0.01070	0.01262	0.00812	0.00777	0.01584	0.08357	0.06039	0.05207	0.38018	0.24293	0.02043	0.00937	0.00290	0.00472	0.04279	0.00741	0.00743
23	0.01948	0.02180	0.03926	0.03043	0.07911	0.08941	0.47098	0.04735	0.01901	0.02474	0.01738	0.02177	0.03554	0.00757	0.00944	0.00255	0.04105	0.00865	0.00416	0.01030
24	0.05971	0.02100	0.02014	0.01667	0.02191	0.11836	0.01332	0.26985	0.22180	0.12188	0.02279	0.02182	0.01647	0.00943	0.00756	0.00238	0.00824	0.00722	0.00736	0.01209
25	0.01879	0.02256	0.13523	0.03160	0.20028	0.01849	0.27949	0.07446	0.01908	0.02689	0.01518	0.01911	0.01169	0.00690	0.00805	0.00234	0.01074	0.00742	0.00418	0.08754
26	0.02162	0.15028	0.10338	0.01493	0.02086	0.01761	0.01384	0.05827	0.16474	0.16770	0.06890	0.02819	0.02191	0.00989	0.00737	0.00230	0.00726	0.04740	0.00659	0.06694

[dist]
# distance from previous block
# <min> <max>
0	1

[block]
# block no. 2 follows, 25 sequences, length 10
# corresponding to MSA columns:
# 167-171,174-178
name=unknown_C
#
# <colnr> <probs for GDERKNQSTAVLIFYWHMCP>
#	G	D	E	R	K	N	Q	S	T	A	V	L	I	F	Y	W	H	M	C	P
0	0.06789	0.02225	0.15638	0.08161	0.42169	0.01829	0.07293	0.02370	0.01703	0.02541	0.01424	0.01845	0.01139	0.00704	0.00755	0.00238	0.00981	0.00668	0.00377	0.01149
1	0.01642	0.01475	0.01999	0.06897	0.02368	0.01247	0.08082	0.02152	0.05800	0.02525	0.01513	0.01780	0.01221	0.00629	0.00641	0.00152	0.00693	0.00554	0.00464	0.58164
2	0.01076	0.00814	0.01092	0.06765	0.01518	0.00775	0.00839	0.01278	0.01555	0.02121	0.10593	0.48273	0.04517	0.06805	0.01127	0.00314	0.00520	0.01762	0.00663	0.07594
3	0.08078	0.13463	0.37235	0.02137	0.05146	0.01998	0.09656	0.03975	0.01695	0.05854	0.01430	0.01669	0.01060	0.00745	0.00751	0.00236	0.02784	0.00598	0.00393	0.01095
4	0.01645	0.01378	0.01509	0.01412	0.01765	0.01533	0.01104	0.03198	0.44767	0.02988	0.10749	0.06817	0.08571	0.01354	0.00851	0.00273	0.00573	0.07684	0.00780	0.01048
5	0.01003	0.00753	0.00932	0.00983	0.01137	0.00682	0.00713	0.01242	0.01812	0.02407	0.26603	0.29986	0.22158	0.02009	0.00949	0.00279	0.00418	0.04493	0.00765	0.00674
6	0.01795	0.04837	0.02191	0.06601	0.16455	0.01515	0.01432	0.02218	0.03931	0.05513	0.01489	0.01791	0.01218	0.00728	0.00835	0.00185	0.07583	0.00574	0.00453	0.38654
7	0.01599	0.01092	0.01371	0.01166	0.01506	0.01015	0.00907	0.05968	0.02064	0.10126	0.34121	0.09839	0.04591	0.01329	0.00903	0.00227	0.03759	0.01130	0.00744	0.16543
8	0.04316	0.01606	0.09912	0.01425	0.01884	0.01364	0.01244	0.07276	0.17871	0.14806	0.08489	0.17508	0.06288	0.01354	0.00829	0.00263	0.00640	0.01152	0.00739	0.01034
9	0.01780	0.01433	0.01700	0.06759	0.02144	0.01313	0.01103	0.05841	0.13971	0.05808	0.01982	0.05938	0.01639	0.00822	0.00675	0.00178	0.00630	0.00683	0.00568	0.45033

[dist]
# distance from previous block
# <min> <max>
1	2

[block]
# block no. 3 follows, 25 sequences, length 14
# corresponding to MSA columns:
# 181-194
name=unknown_D
#
# <colnr> <probs for GDERKNQSTAVLIFYWHMCP>
#	G	D	E	R	K	N	Q	S	T	A	V	L	I	F	Y	W	H	M	C	P
0	0.01748	0.36293	0.06404	0.01308	0.01852	0.05963	0.01204	0.02030	0.01640	0.02064	0.04665	0.12863	0.05108	0.01036	0.00648	0.00195	0.00741	0.00812	0.00456	0.12969
1	0.04553	0.01734	0.02470	0.01961	0.02446	0.09776	0.23341	0.03561	0.05462	0.02443	0.05260	0.09382	0.14433	0.01206	0.00859	0.00254	0.00897	0.04477	0.00552	0.04932
2	0.11193	0.35739	0.22405	0.01607	0.02365	0.08059	0.01726	0.02477	0.01640	0.04768	0.01256	0.01427	0.01008	0.00714	0.00593	0.00204	0.00936	0.00483	0.00378	0.01025
3	0.07920	0.02999	0.01495	0.01250	0.01602	0.03901	0.00983	0.20372	0.02422	0.03364	0.25844	0.10199	0.11784	0.01394	0.00828	0.00245	0.00588	0.01160	0.00743	0.00907
4	0.01218	0.00970	0.01124	0.01164	0.01365	0.00990	0.00851	0.01923	0.18552	0.02410	0.08315	0.35688	0.16003	0.01923	0.00923	0.00289	0.00488	0.04258	0.00745	0.00800
5	0.01902	0.06080	0.20523	0.01831	0.02504	0.01879	0.06356	0.06716	0.30414	0.05797	0.06113	0.02501	0.02036	0.00936	0.00775	0.00249	0.00824	0.00788	0.00619	0.01160
6	0.01552	0.01319	0.01548	0.01143	0.01778	0.01000	0.00902	0.01879	0.01597	0.02481	0.01621	0.07545	0.01483	0.00730	0.00609	0.00132	0.00564	0.00606	0.00481	0.71031
7	0.02077	0.62830	0.03737	0.01348	0.01999	0.06624	0.01300	0.02332	0.01613	0.01892	0.01112	0.01285	0.01009	0.00663	0.00516	0.00163	0.00838	0.00423	0.00347	0.07891
8	0.07189	0.03289	0.01883	0.01593	0.04473	0.06131	0.01218	0.13758	0.23522	0.03153	0.02250	0.02265	0.04018	0.00894	0.00743	0.00214	0.02227	0.00695	0.00623	0.19864
9	0.01542	0.01452	0.02337	0.56317	0.08309	0.01802	0.02062	0.02137	0.05906	0.02087	0.01470	0.02081	0.01133	0.00842	0.00935	0.00264	0.07342	0.00701	0.00376	0.00905
10	0.02109	0.37417	0.02925	0.01418	0.02010	0.08723	0.01251	0.02779	0.15327	0.05116	0.01658	0.01722	0.01348	0.00757	0.00602	0.00185	0.00791	0.00542	0.00481	0.12840
11	0.07339	0.01336	0.01780	0.03686	0.01997	0.01313	0.05877	0.04185	0.04826	0.08575	0.05896	0.12050	0.02399	0.01173	0.00929	0.00236	0.07032	0.06091	0.00591	0.22687
12	0.02238	0.01769	0.02190	0.01932	0.08106	0.01863	0.05634	0.34293	0.07509	0.03799	0.09611	0.05620	0.05374	0.01065	0.00805	0.00236	0.00762	0.00899	0.00701	0.05593
13	0.18602	0.14106	0.09764	0.08053	0.17483	0.02021	0.01703	0.04514	0.05912	0.06138	0.01489	0.01733	0.01167	0.00775	0.00725	0.00232	0.03483	0.00588	0.00454	0.01057

[dist]
# distance from previous block
# <min> <max>
1	4

[block]
# block no. 4 follows, 25 sequences, length 28
# corresponding to MSA columns:
# 199-203,205-227
name=unknown_E
#
# <colnr> <probs for GDERKNQSTAVLIFYWHMCP>
#	G	D	E	R	K	N	Q	S	T	A	V	L	I	F	Y	W	H	M	C	P
0	0.01479	0.07811	0.02275	0.37109	0.13507	0.01607	0.01790	0.01882	0.01589	0.02073	0.02076	0.15267	0.02039	0.01147	0.00808	0.00263	0.00870	0.05090	0.00443	0.00877
1	0.01822	0.06531	0.13090	0.03315	0.19653	0.01995	0.33794	0.02414	0.01740	0.02422	0.01460	0.01915	0.01143	0.00710	0.00908	0.00250	0.04603	0.00770	0.00375	0.01093
2	0.02759	0.03169	0.02147	0.02072	0.07095	0.54310	0.01476	0.02987	0.02142	0.08000	0.01784	0.01912	0.05080	0.00875	0.00724	0.00209	0.01236	0.00607	0.00468	0.00947
3	0.01127	0.00867	0.01006	0.00998	0.01218	0.00803	0.00752	0.05528	0.01957	0.02546	0.22504	0.18585	0.31583	0.01890	0.00930	0.00271	0.00447	0.05511	0.00759	0.00719
4	0.02028	0.01852	0.01849	0.05674	0.02260	0.08083	0.01315	0.06227	0.54488	0.03110	0.02825	0.02670	0.02125	0.01008	0.00779	0.00256	0.00719	0.00825	0.00727	0.01180
5	0.01661	0.02781	0.31285	0.07332	0.03640	0.01826	0.28932	0.02466	0.04897	0.02456	0.01657	0.04499	0.01287	0.00782	0.00826	0.00257	0.01155	0.00800	0.00393	0.01069
6	0.05150	0.01594	0.07176	0.48453	0.13473	0.01673	0.02073	0.02019	0.01539	0.02120	0.01374	0.01997	0.01070	0.00891	0.00913	0.05588	0.00981	0.00667	0.00355	0.00896
7	0.02008	0.01582	0.01798	0.01728	0.06359	0.01763	0.01260	0.03777	0.51614	0.09108	0.07764	0.03018	0.02614	0.01059	0.00796	0.00257	0.00620	0.00894	0.00782	0.01199
8	0.05659	0.06299	0.01895	0.01435	0.01960	0.05905	0.01187	0.03420	0.10585	0.42315	0.02843	0.03028	0.02058	0.01045	0.00773	0.00246	0.00717	0.06630	0.00817	0.01183
9	0.01229	0.00822	0.01060	0.00983	0.01191	0.00751	0.00739	0.01568	0.02136	0.06899	0.57750	0.05692	0.10849	0.03710	0.00998	0.00260	0.00397	0.01372	0.00840	0.00754
10	0.00955	0.00683	0.00909	0.01072	0.01127	0.00637	0.00721	0.01106	0.01534	0.02057	0.08645	0.67651	0.05279	0.02371	0.00984	0.00310	0.00444	0.02149	0.00729	0.00637
11	0.10267	0.01336	0.01739	0.01347	0.01936	0.01194	0.01112	0.03643	0.02138	0.62551	0.02879	0.02514	0.01821	0.00938	0.00752	0.00240	0.00654	0.00747	0.00916	0.01276
12	0.17112	0.03010	0.39358	0.02395	0.10392	0.01814	0.10442	0.02415	0.01612	0.02675	0.01359	0.01652	0.01006	0.00717	0.00711	0.00245	0.01031	0.00600	0.00373	0.01080
13	0.00996	0.00758	0.01114	0.01208	0.01296	0.00708	0.04482	0.01162	0.01505	0.02009	0.04115	0.68145	0.04897	0.02325	0.00985	0.00312	0.00500	0.02129	0.00701	0.00654
14	0.01384	0.01247	0.02204	0.01840	0.02176	0.01193	0.21618	0.05828	0.01792	0.02415	0.07012	0.38667	0.03705	0.01695	0.00950	0.00289	0.00758	0.03782	0.00625	0.00819
15	0.02896	0.03695	0.02197	0.01998	0.02397	0.69638	0.01498	0.03096	0.02197	0.01898	0.01199	0.01398	0.00999	0.00799	0.00699	0.00200	0.01398	0.00499	0.00400	0.00899
16	0.02248	0.01668	0.01835	0.01466	0.01992	0.01734	0.01176	0.29022	0.14836	0.07439	0.06432	0.02770	0.06318	0.03378	0.00866	0.00238	0.00685	0.00814	0.00725	0.14356
17	0.01006	0.00773	0.01154	0.01231	0.01327	0.00722	0.05170	0.01177	0.01508	0.02014	0.04087	0.67395	0.04855	0.02306	0.00984	0.00311	0.00509	0.02115	0.00697	0.00659
18	0.78228	0.01499	0.01140	0.01020	0.01499	0.01739	0.00840	0.02279	0.01320	0.03479	0.01080	0.01260	0.00840	0.00720	0.00480	0.00240	0.00600	0.00420	0.00480	0.00840
19	0.00985	0.00896	0.05390	0.01154	0.01272	0.00707	0.00862	0.01171	0.01495	0.02011	0.04083	0.67571	0.04854	0.02317	0.00973	0.00310	0.00496	0.02096	0.00694	0.00664
20	0.01447	0.01350	0.02265	0.67587	0.05143	0.01676	0.02086	0.01957	0.01581	0.02034	0.04500	0.02243	0.01330	0.00813	0.00782	0.00258	0.01002	0.00723	0.00369	0.00855
21	0.01206	0.00843	0.01163	0.01320	0.01459	0.00838	0.01096	0.01474	0.01660	0.02169	0.03869	0.16341	0.04274	0.07397	0.01368	0.04171	0.00681	0.47328	0.00678	0.00667
22	0.01108	0.00831	0.01246	0.01246	0.01385	0.00969	0.00969	0.01385	0.01246	0.01800	0.02077	0.03046	0.01938	0.05815	0.69678	0.01246	0.02077	0.00831	0.00415	0.00692
23	0.08726	0.02143	0.10313	0.02717	0.11468	0.06759	0.27583	0.02309	0.01715	0.02452	0.01756	0.06925	0.01563	0.00934	0.00939	0.00263	0.05558	0.04454	0.00430	0.00991
24	0.04894	0.01435	0.01736	0.01403	0.01933	0.03549	0.01134	0.03630	0.14836	0.47406	0.07278	0.02824	0.02311	0.01008	0.00780	0.00243	0.00654	0.00822	0.00888	0.01236
25	0.00945	0.00675	0.00900	0.01080	0.01125	0.00630	0.00720	0.01080	0.01484	0.01979	0.04274	0.72245	0.05128	0.02429	0.00990	0.00315	0.00450	0.02204	0.00720	0.00630
26	0.02620	0.01972	0.02209	0.08019	0.02586	0.02200	0.01502	0.50796	0.07525	0.04324	0.02069	0.02455	0.01594	0.01014	0.00798	0.00246	0.00843	0.05267	0.00733	0.01227
27	0.02106	0.01851	0.02850	0.22268	0.18475	0.04317	0.12316	0.15248	0.02127	0.06663	0.01609	0.01996	0.01210	0.00794	0.00839	0.00246	0.02776	0.00727	0.00487	0.01097

[dist]
# distance from previous block
# <min> <max>
2	4

[block]
# block no. 5 follows, 25 sequences, length 36
# corresponding to MSA columns:
# 232-267
name=unknown_F
#
# <colnr> <probs for GDERKNQSTAVLIFYWHMCP>
#	G	D	E	R	K	N	Q	S	T	A	V	L	I	F	Y	W	H	M	C	P
0	0.05011	0.01718	0.01895	0.01720	0.06150	0.05704	0.01282	0.13888	0.24616	0.19572	0.07945	0.02692	0.02285	0.01004	0.00778	0.00244	0.00710	0.00817	0.00776	0.01192
1	0.02896	0.03695	0.02197	0.01998	0.02397	0.69638	0.01498	0.03096	0.02197	0.01898	0.01199	0.01398	0.00999	0.00799	0.00699	0.00200	0.01398	0.00499	0.00400	0.00899
2	0.01746	0.01367	0.01492	0.01345	0.01727	0.01486	0.01043	0.03207	0.41818	0.07548	0.13901	0.04049	0.13430	0.01273	0.00828	0.00258	0.00543	0.01072	0.00800	0.01066
3	0.00945	0.00675	0.00900	0.01080	0.01125	0.00630	0.00720	0.01080	0.01484	0.01979	0.04274	0.72245	0.05128	0.02429	0.00990	0.00315	0.00450	0.02204	0.00720	0.00630
4	0.01017	0.00705	0.00878	0.00987	0.01014	0.00678	0.00621	0.01099	0.01343	0.01791	0.03550	0.45677	0.04215	0.30243	0.02159	0.00488	0.00569	0.01778	0.00621	0.00567
5	0.02947	0.02172	0.02327	0.01784	0.02404	0.02404	0.01474	0.65329	0.03646	0.04887	0.01862	0.01862	0.01319	0.00931	0.00776	0.00233	0.00853	0.00698	0.00776	0.01319
6	0.01608	0.01378	0.01608	0.01148	0.01837	0.01034	0.00919	0.01952	0.01608	0.02527	0.01378	0.01608	0.01148	0.00574	0.00574	0.00115	0.00574	0.00459	0.00459	0.77491
7	0.05449	0.00838	0.01080	0.01053	0.01238	0.00829	0.00805	0.01484	0.01933	0.02815	0.46164	0.09047	0.05818	0.02276	0.11599	0.00410	0.00671	0.05018	0.00748	0.00725
8	0.02949	0.03380	0.02174	0.01930	0.02363	0.58717	0.01467	0.08017	0.02312	0.07636	0.01404	0.01537	0.01100	0.00823	0.00712	0.00206	0.01295	0.00538	0.00475	0.00966
9	0.02538	0.01562	0.01800	0.01504	0.02006	0.01653	0.01201	0.10948	0.33942	0.25853	0.06165	0.02830	0.02337	0.01033	0.00790	0.00251	0.00645	0.00849	0.00849	0.01245
10	0.01155	0.00764	0.00909	0.00909	0.00953	0.00790	0.00571	0.01243	0.01199	0.01696	0.02383	0.04476	0.02571	0.53043	0.15993	0.00788	0.00963	0.01032	0.08026	0.00537
11	0.67224	0.01642	0.05444	0.01124	0.01656	0.01694	0.00992	0.02414	0.01414	0.08789	0.01263	0.01397	0.00938	0.00741	0.00521	0.00240	0.00639	0.00459	0.00510	0.00899
12	0.02733	0.01823	0.02020	0.01606	0.02165	0.01959	0.01308	0.37177	0.15902	0.17017	0.02698	0.02539	0.05386	0.01019	0.00787	0.00242	0.00741	0.00803	0.00812	0.01263
13	0.00945	0.00675	0.00900	0.01080	0.01125	0.00630	0.00720	0.01080	0.01484	0.01979	0.04274	0.72245	0.05128	0.02429	0.00990	0.00315	0.00450	0.02204	0.00720	0.00630
14	0.04401	0.00887	0.01074	0.01011	0.01213	0.00856	0.00751	0.05023	0.02087	0.02966	0.47900	0.10939	0.10092	0.06081	0.01085	0.00282	0.00436	0.01386	0.00790	0.00739
15	0.04195	0.01743	0.01718	0.01526	0.01955	0.07083	0.01189	0.07516	0.46400	0.05345	0.07504	0.03047	0.05203	0.01087	0.00786	0.00253	0.00665	0.00888	0.00756	0.01141
16	0.01039	0.00714	0.00872	0.00959	0.00981	0.00693	0.00591	0.01104	0.01301	0.01734	0.03332	0.37679	0.03940	0.38617	0.02511	0.00540	0.00605	0.01650	0.00591	0.00547
17	0.01156	0.00902	0.01338	0.01311	0.01438	0.01084	0.01029	0.01424	0.01241	0.01805	0.01990	0.02936	0.01863	0.05451	0.64187	0.01172	0.07741	0.00818	0.00409	0.00705
18	0.00966	0.00690	0.00924	0.01104	0.01158	0.00648	0.00756	0.01116	0.01505	0.02003	0.04262	0.67855	0.05082	0.02409	0.00995	0.00318	0.00468	0.06386	0.00719	0.00636
19	0.78228	0.01499	0.01140	0.01020	0.01499	0.01739	0.00840	0.02279	0.01320	0.03479	0.01080	0.01260	0.00840	0.00720	0.00480	0.00240	0.00600	0.00420	0.00480	0.00840
20	0.03074	0.01287	0.01707	0.01349	0.01887	0.01158	0.01100	0.03538	0.07535	0.55476	0.10545	0.03026	0.02583	0.01040	0.00796	0.00242	0.00622	0.00860	0.00933	0.01244
21	0.02947	0.02172	0.02327	0.01784	0.02404	0.02404	0.01474	0.65329	0.03646	0.04887	0.01862	0.01862	0.01319	0.00931	0.00776	0.00233	0.00853	0.00698	0.00776	0.01319
22	0.02010	0.02030	0.02880	0.08926	0.51021	0.10348	0.02179	0.02552	0.05938	0.02459	0.01528	0.01926	0.01258	0.00733	0.00761	0.00231	0.00969	0.00679	0.00409	0.01161
23	0.01927	0.01755	0.02719	0.08499	0.45662	0.01829	0.02044	0.07737	0.10477	0.02815	0.05434	0.02272	0.01716	0.00815	0.00780	0.00238	0.00851	0.00756	0.00493	0.01182
24	0.01929	0.01666	0.01753	0.01578	0.02016	0.01929	0.01227	0.04120	0.66513	0.03243	0.03156	0.02893	0.02367	0.01052	0.00789	0.00263	0.00614	0.00877	0.00789	0.01227
25	0.03479	0.01320	0.01799	0.01380	0.01979	0.01140	0.01140	0.03779	0.02219	0.68451	0.03059	0.02639	0.01919	0.00960	0.00780	0.00240	0.00660	0.00780	0.00960	0.01320
26	0.04118	0.05839	0.06631	0.13204	0.08045	0.07276	0.01524	0.15260	0.02181	0.02871	0.10475	0.03371	0.09883	0.01118	0.00794	0.00244	0.00823	0.04801	0.00575	0.00968
27	0.02142	0.07554	0.02064	0.01487	0.01966	0.01825	0.01212	0.26379	0.02325	0.05361	0.01895	0.08575	0.01692	0.05530	0.01118	0.00252	0.08395	0.00788	0.00599	0.18842
28	0.01086	0.00775	0.01045	0.01077	0.01150	0.00833	0.00751	0.01241	0.01247	0.01728	0.02595	0.16050	0.02812	0.28552	0.34553	0.00908	0.01326	0.01178	0.00488	0.00604
29	0.01728	0.01928	0.04152	0.03016	0.03715	0.01808	0.57690	0.02322	0.01790	0.02426	0.01880	0.10164	0.01631	0.00858	0.00924	0.00268	0.01209	0.01063	0.00430	0.00998
30	0.01802	0.06369	0.06586	0.05791	0.02538	0.06743	0.16177	0.08306	0.01895	0.05058	0.05640	0.11950	0.06585	0.04899	0.01115	0.00283	0.05777	0.01030	0.00532	0.00924
31	0.00995	0.00701	0.00908	0.01053	0.01097	0.00667	0.00700	0.01116	0.01432	0.01906	0.03916	0.56140	0.04654	0.15804	0.01557	0.00400	0.00521	0.05156	0.00672	0.00604
32	0.00945	0.00675	0.00900	0.01080	0.01125	0.00630	0.00720	0.01080	0.01484	0.01979	0.04274	0.72245	0.05128	0.02429	0.00990	0.00315	0.00450	0.02204	0.00720	0.00630
33	0.73422	0.01542	0.01215	0.01068	0.01557	0.01782	0.00880	0.06304	0.01468	0.03569	0.01130	0.01298	0.00870	0.00733	0.00499	0.00239	0.00616	0.00438	0.00499	0.00870
34	0.00943	0.00680	0.00894	0.01065	0.01121	0.00631	0.00713	0.01081	0.01499	0.01985	0.04451	0.69031	0.08227	0.02406	0.00986	0.00312	0.00447	0.02176	0.00720	0.00631
35	0.07809	0.02279	0.02035	0.06078	0.02371	0.18221	0.01377	0.34592	0.02787	0.03565	0.02311	0.02370	0.08853	0.00994	0.00753	0.00230	0.00925	0.00739	0.00631	0.01079

[dist]
# distance from previous block
# <min> <max>
3	4

[block]
# block no. 6 follows, 25 sequences, length 23
# corresponding to MSA columns:
# 272-294
name=unknown_G
#
# <colnr> <probs for GDERKNQSTAVLIFYWHMCP>
#	G	D	E	R	K	N	Q	S	T	A	V	L	I	F	Y	W	H	M	C	P
0	0.05510	0.01685	0.07282	0.38350	0.14454	0.01705	0.09258	0.02119	0.01630	0.02265	0.01629	0.02541	0.01358	0.00858	0.00797	0.00261	0.01005	0.05951	0.00393	0.00947
1	0.01806	0.08561	0.32987	0.02407	0.14317	0.01813	0.04189	0.02600	0.07803	0.05735	0.01630	0.01834	0.01227	0.00743	0.00718	0.00224	0.00950	0.00618	0.00429	0.09410
2	0.10195	0.55424	0.08105	0.01331	0.01974	0.02669	0.01341	0.02266	0.01596	0.02139	0.05824	0.01597	0.01427	0.00740	0.00542	0.00185	0.00794	0.00497	0.00384	0.00970
3	0.01445	0.00723	0.00723	0.00723	0.00903	0.00723	0.00542	0.01807	0.01626	0.02891	0.02529	0.02891	0.01987	0.00903	0.00542	0.00181	0.00361	0.00723	0.77055	0.00723
4	0.01297	0.00825	0.01088	0.01028	0.01230	0.00755	0.00768	0.01624	0.02096	0.09018	0.52552	0.14924	0.06504	0.01647	0.00913	0.00254	0.00405	0.01458	0.00844	0.00772
5	0.02151	0.01665	0.02024	0.01867	0.09130	0.01758	0.01354	0.32090	0.02503	0.03465	0.01798	0.02135	0.01443	0.02114	0.18583	0.00476	0.01134	0.00694	0.00591	0.13023
6	0.01239	0.00762	0.00982	0.01062	0.01177	0.00702	0.00725	0.01380	0.01539	0.09110	0.04167	0.51747	0.08911	0.11027	0.01331	0.00358	0.00506	0.01876	0.00714	0.00686
7	0.01071	0.00792	0.00964	0.00945	0.01118	0.00729	0.00697	0.01339	0.01895	0.02557	0.38278	0.06306	0.20702	0.12814	0.01400	0.00336	0.00459	0.06175	0.00751	0.00671
8	0.02162	0.65706	0.03861	0.01399	0.02034	0.10261	0.01345	0.02405	0.01643	0.01832	0.01091	0.01260	0.00995	0.00678	0.00519	0.00170	0.00891	0.00424	0.00339	0.00985
9	0.74459	0.01490	0.01173	0.01038	0.01524	0.01709	0.00855	0.02355	0.01365	0.06754	0.01179	0.01329	0.00894	0.00732	0.00495	0.00240	0.00603	0.00438	0.00504	0.00864
10	0.01704	0.01718	0.02496	0.02104	0.02147	0.02352	0.05192	0.01900	0.01223	0.01900	0.01048	0.01718	0.01027	0.01318	0.02455	0.00335	0.67471	0.00692	0.00342	0.00859
11	0.01955	0.02000	0.05702	0.03969	0.50610	0.05306	0.02160	0.02714	0.12761	0.02618	0.01730	0.02045	0.01399	0.00760	0.00766	0.00235	0.00903	0.00707	0.00451	0.01208
12	0.01084	0.00787	0.01022	0.00973	0.01153	0.00725	0.00726	0.01434	0.02149	0.03025	0.62695	0.08726	0.09316	0.01635	0.00918	0.00248	0.00370	0.01445	0.00843	0.00725
13	0.00945	0.00675	0.00900	0.01080	0.01125	0.00630	0.00720	0.01080	0.01484	0.01979	0.04274	0.72245	0.05128	0.02429	0.00990	0.00315	0.00450	0.02204	0.00720	0.00630
14	0.07225	0.01645	0.02493	0.34335	0.17699	0.01906	0.03984	0.10804	0.01846	0.02611	0.01416	0.01919	0.01104	0.00820	0.00907	0.00255	0.06924	0.00678	0.00423	0.01006
15	0.02228	0.01599	0.01762	0.01540	0.02009	0.01776	0.01210	0.04054	0.54114	0.15819	0.03137	0.02844	0.02281	0.01034	0.00787	0.00259	0.00623	0.00858	0.00822	0.01245
16	0.01020	0.00795	0.01211	0.01265	0.01373	0.00743	0.06179	0.01199	0.01514	0.02022	0.04044	0.66296	0.04793	0.02279	0.00983	0.00310	0.00523	0.02095	0.00692	0.00665
17	0.01854	0.02043	0.03668	0.11441	0.03720	0.09146	0.42988	0.02344	0.01746	0.02243	0.01470	0.02025	0.01149	0.00878	0.01100	0.06802	0.03248	0.00814	0.00381	0.00941
18	0.15282	0.08185	0.04084	0.01565	0.02091	0.14157	0.01317	0.13078	0.02152	0.22960	0.01837	0.01844	0.01306	0.00883	0.00815	0.00232	0.05870	0.00612	0.00632	0.01098
19	0.00916	0.00785	0.00785	0.00785	0.01047	0.00655	0.00589	0.01113	0.01767	0.02095	0.07855	0.07462	0.67599	0.01964	0.00916	0.00262	0.00393	0.01636	0.00720	0.00655
20	0.02798	0.02951	0.02287	0.02013	0.04478	0.38713	0.01532	0.25193	0.02629	0.02982	0.01431	0.01601	0.01122	0.00882	0.00859	0.00222	0.06134	0.00589	0.00529	0.01056
21	0.02883	0.01974	0.02164	0.01677	0.02255	0.02144	0.01370	0.52440	0.05172	0.12456	0.02079	0.02164	0.01506	0.04898	0.00951	0.00263	0.00817	0.00737	0.00782	0.01269
22	0.01115	0.00895	0.01319	0.01306	0.01415	0.00913	0.05387	0.01312	0.01541	0.02102	0.10477	0.47024	0.04520	0.07077	0.01332	0.00338	0.07113	0.03475	0.00658	0.00682

[dist]
# distance from previous block
# <min> <max>
0	2

[block]
# block no. 7 follows, 25 sequences, length 47
# corresponding to MSA columns:
# 297-343
name=unknown_H
#
# <colnr> <probs for GDERKNQSTAVLIFYWHMCP>
#	G	D	E	R	K	N	Q	S	T	A	V	L	I	F	Y	W	H	M	C	P
0	0.02073	0.56343	0.13618	0.01512	0.02233	0.06217	0.01573	0.05001	0.01702	0.02050	0.01164	0.01336	0.01007	0.00692	0.00555	0.00182	0.00907	0.00454	0.00353	0.01026
1	0.53350	0.01741	0.06772	0.01247	0.01803	0.01734	0.01108	0.07517	0.04933	0.11274	0.01508	0.01585	0.01095	0.00783	0.00575	0.00241	0.00671	0.00520	0.00564	0.00979
2	0.02032	0.01615	0.01767	0.01310	0.01967	0.04676	0.01053	0.12243	0.02010	0.08048	0.01578	0.01719	0.01229	0.00672	0.00629	0.00148	0.00666	0.00525	0.00546	0.55569
3	0.07781	0.01820	0.05610	0.18910	0.31118	0.01829	0.10927	0.02450	0.07295	0.02533	0.01570	0.01998	0.01235	0.00740	0.00768	0.00245	0.00958	0.00712	0.00416	0.01085
4	0.02061	0.61068	0.06554	0.01559	0.04582	0.05739	0.01457	0.02339	0.01592	0.01883	0.01108	0.01315	0.01005	0.00708	0.00630	0.00182	0.04436	0.00449	0.00337	0.00999
5	0.01582	0.03837	0.63211	0.02362	0.06071	0.01809	0.05555	0.02454	0.01651	0.02460	0.01402	0.01669	0.01001	0.00731	0.00746	0.00246	0.01144	0.00593	0.00333	0.01145
6	0.00927	0.00743	0.00830	0.00899	0.01077	0.00645	0.00640	0.01100	0.01658	0.02050	0.06469	0.32529	0.43427	0.02144	0.00945	0.00282	0.00415	0.01856	0.00720	0.00645
7	0.02003	0.04237	0.02107	0.28388	0.03328	0.03772	0.01600	0.06248	0.26948	0.09864	0.02259	0.02390	0.01659	0.00907	0.00769	0.00252	0.00824	0.00757	0.00607	0.01082
8	0.01965	0.01741	0.01770	0.01594	0.02030	0.04461	0.01237	0.04082	0.64108	0.03193	0.03083	0.02837	0.02316	0.01042	0.00786	0.00261	0.00643	0.00863	0.00774	0.01215
9	0.01555	0.01583	0.03012	0.10338	0.07668	0.01632	0.29394	0.01998	0.01658	0.02274	0.04813	0.17526	0.02265	0.01179	0.01095	0.00279	0.09201	0.01148	0.00471	0.00910
10	0.01160	0.00865	0.01089	0.01032	0.01239	0.00828	0.00785	0.01660	0.07207	0.03035	0.56763	0.05773	0.09856	0.01586	0.00911	0.00251	0.00401	0.03956	0.00836	0.00766
11	0.01347	0.00673	0.01010	0.01010	0.01010	0.00673	0.00673	0.01010	0.01010	0.01347	0.01347	0.02357	0.01347	0.02694	0.03030	0.77441	0.00673	0.00673	0.00337	0.00337
12	0.02653	0.01573	0.01769	0.01488	0.01979	0.04887	0.01181	0.07231	0.26673	0.32056	0.03019	0.07497	0.02233	0.01088	0.00794	0.00252	0.00675	0.00897	0.00840	0.01215
13	0.01128	0.00752	0.00846	0.00846	0.00846	0.00752	0.00470	0.01128	0.01128	0.01503	0.02443	0.05074	0.02819	0.72751	0.03946	0.00752	0.00752	0.01128	0.00470	0.00470
14	0.01808	0.01196	0.01419	0.01240	0.01586	0.01219	0.00971	0.06405	0.17079	0.14341	0.27721	0.04437	0.12608	0.01357	0.00900	0.00252	0.02525	0.01140	0.00820	0.00977
15	0.07848	0.01754	0.02050	0.31435	0.06157	0.10503	0.01638	0.08473	0.05575	0.02521	0.01687	0.06803	0.01424	0.00898	0.00739	0.00236	0.00916	0.00739	0.00469	0.08134
16	0.02136	0.01986	0.02940	0.08027	0.13748	0.05316	0.18323	0.18773	0.05510	0.03073	0.01638	0.01945	0.01255	0.00779	0.00833	0.00232	0.02847	0.00726	0.00513	0.09401
17	0.15066	0.38863	0.11679	0.01565	0.02177	0.04231	0.03931	0.02303	0.01518	0.02222	0.01133	0.01388	0.00976	0.00769	0.00793	0.00214	0.09351	0.00489	0.00362	0.00970
18	0.08616	0.01227	0.01541	0.01257	0.01732	0.01143	0.01014	0.03088	0.07198	0.41618	0.16950	0.03413	0.05544	0.01121	0.00791	0.00243	0.00578	0.00926	0.00877	0.01123
19	0.01854	0.30183	0.07740	0.02245	0.02923	0.02337	0.29084	0.02314	0.01650	0.02147	0.01376	0.01780	0.01140	0.01054	0.05620	0.00295	0.04213	0.00682	0.00364	0.00998
20	0.00943	0.00681	0.00893	0.01063	0.01120	0.00631	0.00712	0.01082	0.01501	0.01986	0.04480	0.68513	0.08727	0.02402	0.00985	0.00312	0.00447	0.02172	0.00720	0.00631
21	0.02964	0.02145	0.02310	0.01771	0.02391	0.02365	0.01463	0.63385	0.03600	0.06894	0.01899	0.01886	0.01338	0.00932	0.00776	0.00233	0.00847	0.00701	0.00781	0.01319
22	0.09056	0.02100	0.14678	0.15206	0.24371	0.01771	0.08503	0.02509	0.04967	0.07150	0.01605	0.01949	0.01213	0.00750	0.00753	0.00244	0.00957	0.00682	0.00437	0.01099
23	0.02070	0.54672	0.14641	0.01542	0.02259	0.09583	0.01600	0.02422	0.01649	0.01937	0.01142	0.01325	0.00993	0.00689	0.00558	0.00183	0.00939	0.00450	0.00338	0.01010
24	0.01125	0.00755	0.00859	0.00855	0.00868	0.00750	0.00488	0.01151	0.01202	0.01616	0.06993	0.05124	0.03133	0.67774	0.03734	0.00716	0.00725	0.01147	0.00497	0.00488
25	0.01027	0.00785	0.00944	0.00935	0.01135	0.00703	0.00701	0.01313	0.01968	0.02622	0.38415	0.11850	0.28619	0.01812	0.00928	0.00261	0.00397	0.04104	0.00789	0.00695
26	0.06082	0.01773	0.03466	0.22438	0.04052	0.01845	0.37407	0.02238	0.01673	0.02344	0.01571	0.04939	0.01273	0.00802	0.00935	0.00265	0.04685	0.00863	0.00394	0.00954
27	0.78228	0.01499	0.01140	0.01020	0.01499	0.01739	0.00840	0.02279	0.01320	0.03479	0.01080	0.01260	0.00840	0.00720	0.00480	0.00240	0.00600	0.00420	0.00480	0.00840
28	0.01886	0.01509	0.01648	0.01510	0.01917	0.01695	0.01194	0.03648	0.51773	0.06832	0.03492	0.03814	0.05734	0.01224	0.00829	0.00273	0.00618	0.08475	0.00786	0.01142
29	0.01806	0.02008	0.04228	0.08063	0.08865	0.01951	0.53613	0.02418	0.01782	0.02429	0.01526	0.02062	0.01164	0.00691	0.00955	0.00262	0.03878	0.00874	0.00386	0.01039
30	0.02032	0.67746	0.09175	0.01397	0.02098	0.02968	0.01448	0.02332	0.01580	0.01874	0.01103	0.01275	0.00994	0.00669	0.00516	0.00172	0.00854	0.00427	0.00331	0.01007
31	0.01126	0.00758	0.00877	0.00877	0.00888	0.00769	0.00509	0.01148	0.01137	0.01527	0.02414	0.04915	0.02750	0.67495	0.09108	0.00791	0.00856	0.01104	0.00466	0.00487
32	0.02898	0.02147	0.02299	0.01774	0.02386	0.02382	0.01462	0.62386	0.06668	0.04808	0.01924	0.01911	0.01369	0.00937	0.00776	0.00234	0.00842	0.00707	0.00776	0.01314
33	0.02073	0.73217	0.04063	0.01327	0.01990	0.03068	0.01327	0.02322	0.01575	0.01824	0.01078	0.01244	0.00995	0.00663	0.00498	0.00166	0.00829	0.00415	0.00332	0.00995
34	0.02627	0.07388	0.02159	0.01764	0.07249	0.01812	0.01331	0.17112	0.18815	0.24432	0.05341	0.02501	0.02007	0.00959	0.00763	0.00238	0.00712	0.00777	0.00775	0.01237
35	0.02947	0.02172	0.02327	0.01784	0.02404	0.02404	0.01474	0.65329	0.03646	0.04887	0.01862	0.01862	0.01319	0.00931	0.00776	0.00233	0.00853	0.00698	0.00776	0.01319
36	0.01124	0.00765	0.00915	0.00915	0.00939	0.00789	0.00556	0.01172	0.01148	0.01555	0.02380	0.04723	0.02667	0.61174	0.15315	0.00837	0.00981	0.01076	0.00460	0.00508
37	0.01092	0.00884	0.00982	0.00940	0.01193	0.00821	0.00710	0.01567	0.08961	0.02587	0.28936	0.06361	0.38686	0.01728	0.00902	0.00255	0.00407	0.01469	0.00776	0.00745
38	0.01464	0.01378	0.02326	0.70887	0.05340	0.01723	0.02153	0.01981	0.01550	0.01981	0.01378	0.02067	0.01034	0.00775	0.00775	0.00258	0.01034	0.00689	0.00345	0.00861
39	0.27090	0.01763	0.01828	0.01448	0.02019	0.01903	0.01195	0.31152	0.02578	0.18956	0.01886	0.01847	0.01303	0.00870	0.00682	0.00237	0.00728	0.00628	0.00723	0.01166
40	0.01263	0.00828	0.01092	0.01029	0.01234	0.00762	0.00782	0.01612	0.02143	0.07588	0.57046	0.09053	0.06704	0.01608	0.00916	0.00252	0.00406	0.04069	0.00848	0.00767
41	0.02223	0.60580	0.03724	0.01449	0.02064	0.15168	0.01358	0.02462	0.01688	0.01838	0.01100	0.01272	0.00996	0.00688	0.00534	0.00172	0.00933	0.00430	0.00344	0.00978
42	0.01128	0.00752	0.00846	0.00846	0.00846	0.00752	0.00470	0.01128	0.01128	0.01503	0.02443	0.05074	0.02819	0.72751	0.03946	0.00752	0.00752	0.01128	0.00470	0.00470
43	0.02916	0.07691	0.02426	0.01720	0.02342	0.02368	0.01439	0.56077	0.03383	0.09091	0.01884	0.01867	0.01335	0.00912	0.00754	0.00228	0.00838	0.00682	0.00754	0.01293
44	0.02095	0.04850	0.03376	0.03541	0.31691	0.12812	0.20593	0.04985	0.03870	0.02502	0.01502	0.01889	0.01205	0.00716	0.00791	0.00233	0.01096	0.00722	0.00414	0.01117
45	0.02098	0.01428	0.01714	0.01277	0.01911	0.01208	0.01032	0.05610	0.05105	0.16931	0.01845	0.01911	0.01382	0.00722	0.00695	0.00162	0.02612	0.00568	0.00597	0.51193
46	0.07762	0.02592	0.23966	0.03062	0.16473	0.01870	0.28095	0.02438	0.01717	0.02563	0.01453	0.01850	0.01100	0.00692	0.00796	0.00249	0.01124	0.00725	0.00377	0.01097

[dist]
# distance from previous block
# <min> <max>
0	4

[block]
# block no. 8 follows, 25 sequences, length 111
# corresponding to MSA columns:
# 348-458
name=unknown_I
#
# <colnr> <probs for GDERKNQSTAVLIFYWHMCP>
#	G	D	E	R	K	N	Q	S	T	A	V	L	I	F	Y	W	H	M	C	P
0	0.01433	0.01507	0.05641	0.02170	0.04887	0.01352	0.26405	0.01974	0.06499	0.02316	0.02883	0.33456	0.03023	0.01482	0.00925	0.00284	0.00851	0.01464	0.00565	0.00885
1	0.01089	0.00794	0.01028	0.00997	0.01180	0.00733	0.00757	0.01432	0.02107	0.02936	0.56250	0.08800	0.11370	0.01685	0.00929	0.00256	0.00395	0.05711	0.00829	0.00721
2	0.02896	0.03695	0.02197	0.01998	0.02397	0.69638	0.01498	0.03096	0.02197	0.01898	0.01199	0.01398	0.00999	0.00799	0.00699	0.00200	0.01398	0.00499	0.00400	0.00899
3	0.02768	0.02466	0.02189	0.01781	0.02317	0.19950	0.01421	0.41782	0.05453	0.03837	0.01810	0.04477	0.01414	0.00945	0.00757	0.00224	0.00961	0.00701	0.00663	0.04085
4	0.01128	0.00752	0.00846	0.00846	0.00846	0.00752	0.00470	0.01128	0.01128	0.01503	0.02443	0.05074	0.02819	0.72751	0.03946	0.00752	0.00752	0.01128	0.00470	0.00470
5	0.01013	0.00786	0.00921	0.00895	0.01108	0.00694	0.00668	0.01296	0.01983	0.02625	0.39166	0.08697	0.33798	0.01779	0.00918	0.00254	0.00380	0.01532	0.00790	0.00694
6	0.01744	0.10325	0.31187	0.02676	0.05779	0.02006	0.30318	0.02451	0.01721	0.02405	0.01440	0.01808	0.01078	0.00691	0.00792	0.00244	0.01177	0.00712	0.00359	0.01089
7	0.01819	0.01767	0.02875	0.16696	0.46242	0.04356	0.04752	0.02280	0.01746	0.02388	0.01633	0.02438	0.01420	0.00816	0.00795	0.00245	0.00961	0.05270	0.00402	0.01102
8	0.02036	0.01642	0.01756	0.01564	0.02014	0.01874	0.01221	0.04096	0.62045	0.07775	0.03149	0.02875	0.02336	0.01046	0.00788	0.00261	0.00617	0.00870	0.00801	0.01234
9	0.02947	0.02172	0.02327	0.01784	0.02404	0.02404	0.01474	0.65329	0.03646	0.04887	0.01862	0.01862	0.01319	0.00931	0.00776	0.00233	0.00853	0.00698	0.00776	0.01319
10	0.10962	0.44873	0.05060	0.01376	0.01987	0.04674	0.01301	0.02596	0.01672	0.14258	0.01452	0.01535	0.01148	0.00757	0.00640	0.00198	0.03513	0.00500	0.00466	0.01033
11	0.50574	0.01777	0.01590	0.04033	0.03641	0.05055	0.01123	0.18429	0.01975	0.03684	0.01306	0.01468	0.00987	0.00779	0.00584	0.00237	0.00726	0.00512	0.00544	0.00976
12	0.02038	0.04657	0.03070	0.04314	0.57921	0.09742	0.02239	0.02460	0.01809	0.02434	0.01414	0.01834	0.01193	0.00702	0.00750	0.00224	0.00973	0.00659	0.00384	0.01182
13	0.01082	0.00801	0.01019	0.01017	0.01206	0.00738	0.00786	0.01406	0.02024	0.02758	0.44356	0.09621	0.17341	0.01776	0.00942	0.00268	0.00428	0.10917	0.00802	0.00711
14	0.01883	0.02188	0.12500	0.06973	0.45327	0.04442	0.02271	0.02604	0.09350	0.02555	0.01634	0.01979	0.01308	0.00748	0.00763	0.00236	0.00941	0.00688	0.00422	0.01186
15	0.05042	0.13572	0.02772	0.01938	0.02468	0.23222	0.08594	0.22814	0.02427	0.02963	0.01418	0.01617	0.01117	0.00840	0.00838	0.00223	0.05959	0.00607	0.00508	0.01060
16	0.01157	0.00790	0.00964	0.00997	0.01187	0.00705	0.00731	0.01375	0.01772	0.06998	0.16263	0.30294	0.27066	0.02003	0.00940	0.00281	0.00443	0.04567	0.00760	0.00709
17	0.01118	0.00753	0.00843	0.00843	0.00854	0.00748	0.00475	0.01127	0.01155	0.01529	0.02676	0.05177	0.05606	0.69706	0.03816	0.00731	0.00736	0.01149	0.00481	0.00478
18	0.05480	0.07290	0.03007	0.06309	0.39481	0.04550	0.08284	0.02629	0.10537	0.02568	0.01640	0.01973	0.01325	0.00743	0.00749	0.00233	0.00919	0.00698	0.00439	0.01147
19	0.13993	0.44936	0.07983	0.01416	0.02055	0.09476	0.01368	0.02506	0.01649	0.06764	0.01251	0.01388	0.01035	0.00712	0.00553	0.00192	0.00864	0.00461	0.00405	0.00995
20	0.00973	0.00729	0.00903	0.00984	0.01114	0.00659	0.00691	0.01175	0.01716	0.02266	0.19620	0.41259	0.20840	0.02123	0.00955	0.00286	0.00417	0.01882	0.00750	0.00659
21	0.02722	0.08435	0.02325	0.01827	0.02318	0.35730	0.01442	0.21630	0.10880	0.02952	0.01638	0.01716	0.01270	0.00860	0.00718	0.00215	0.01091	0.00600	0.00556	0.01073
22	0.02152	0.01676	0.02120	0.01566	0.02230	0.01547	0.07403	0.19956	0.04493	0.08023	0.01716	0.01846	0.01297	0.00727	0.00687	0.00176	0.00732	0.00609	0.00589	0.40455
23	0.02521	0.04633	0.02277	0.01944	0.07991	0.02207	0.01459	0.41405	0.17303	0.04094	0.02313	0.02286	0.04061	0.00966	0.00773	0.00238	0.00787	0.00762	0.00726	0.01253
24	0.02478	0.02171	0.02047	0.01723	0.02227	0.12291	0.01366	0.28219	0.31938	0.03692	0.02349	0.02260	0.01746	0.00966	0.00770	0.00241	0.00826	0.00749	0.00725	0.01214
25	0.02440	0.30965	0.07594	0.01862	0.04982	0.35989	0.01562	0.02718	0.01896	0.01934	0.01175	0.01375	0.01006	0.00737	0.00625	0.00191	0.01138	0.00479	0.00367	0.00967
26	0.00985	0.00697	0.00882	0.01012	0.01057	0.00659	0.00657	0.01092	0.01416	0.01876	0.04021	0.53884	0.07497	0.18485	0.01662	0.00412	0.00516	0.01932	0.00663	0.00594
27	0.00945	0.00675	0.00900	0.01080	0.01125	0.00630	0.00720	0.01080	0.01484	0.01979	0.04274	0.72245	0.05128	0.02429	0.00990	0.00315	0.00450	0.02204	0.00720	0.00630
28	0.01128	0.00752	0.00846	0.00846	0.00846	0.00752	0.00470	0.01128	0.01128	0.01503	0.02443	0.05074	0.02819	0.72751	0.03946	0.00752	0.00752	0.01128	0.00470	0.00470
29	0.01905	0.00962	0.01237	0.01103	0.01430	0.00846	0.00849	0.02166	0.01977	0.26693	0.19012	0.17533	0.17930	0.01596	0.00880	0.00260	0.00496	0.01375	0.00838	0.00912
30	0.02733	0.02065	0.02206	0.01741	0.02323	0.02304	0.01422	0.52429	0.16895	0.04540	0.02134	0.02079	0.01540	0.00956	0.00778	0.00239	0.00803	0.00736	0.00778	0.01299
31	0.02827	0.01997	0.02169	0.01683	0.02253	0.02185	0.01372	0.54841	0.04995	0.09018	0.02020	0.02174	0.01496	0.06108	0.01005	0.00271	0.00826	0.00739	0.00767	0.01255
32	0.01083	0.00767	0.00895	0.00882	0.00976	0.00728	0.00573	0.01224	0.01550	0.02083	0.22716	0.07577	0.13642	0.39176	0.02515	0.00516	0.00576	0.01315	0.00628	0.00579
33	0.02203	0.02249	0.02167	0.04078	0.02229	0.21513	0.01515	0.14545	0.01992	0.02474	0.01513	0.06610	0.01393	0.01340	0.04080	0.00309	0.27641	0.00743	0.00471	0.00934
