[name]
unknown

[dist]
# distance from previous block
# <min> <max>
0	111

[block]
# block no. 0 follows, 22 sequences, length 21
# corresponding to MSA columns:
# 122-142
name=unknown_A
#
# <colnr> <probs for GDERKNQSTAVLIFYWHMCP>
#	G	D	E	R	K	N	Q	S	T	A	V	L	I	F	Y	W	H	M	C	P
0	0.01551	0.08982	0.35168	0.01808	0.02626	0.01625	0.02070	0.02188	0.01788	0.02517	0.05412	0.08295	0.08616	0.01211	0.00832	0.00261	0.00930	0.06207	0.00499	0.07415
1	0.03040	0.01470	0.01986	0.01570	0.02139	0.01381	0.04299	0.06407	0.10679	0.43157	0.11637	0.03259	0.02843	0.01115	0.00864	0.00262	0.00702	0.00944	0.00948	0.01299
2	0.24932	0.06807	0.16034	0.01617	0.02267	0.08864	0.01561	0.08284	0.01949	0.08739	0.03938	0.02082	0.01508	0.04122	0.03753	0.00319	0.00976	0.00647	0.00546	0.01055
3	0.00982	0.00842	0.00842	0.00842	0.01122	0.00701	0.00631	0.01192	0.01894	0.02244	0.08416	0.07995	0.65285	0.02104	0.00982	0.00281	0.00421	0.01753	0.00771	0.00701
4	0.01355	0.01012	0.01434	0.01384	0.01577	0.01169	0.01084	0.06709	0.01554	0.02210	0.02206	0.03156	0.02020	0.05785	0.61834	0.01243	0.02114	0.00878	0.00478	0.00799
5	0.01095	0.00846	0.00998	0.00960	0.01191	0.00749	0.00720	0.01411	0.02160	0.02877	0.41474	0.06953	0.31832	0.01868	0.00981	0.00269	0.00404	0.01607	0.00855	0.00749
6	0.01192	0.00805	0.00938	0.00952	0.00965	0.00811	0.00557	0.01222	0.01244	0.01669	0.02737	0.10090	0.03143	0.61640	0.08034	0.00805	0.00872	0.01273	0.00519	0.00531
7	0.01176	0.00849	0.01110	0.01045	0.01241	0.00784	0.00784	0.01568	0.02352	0.03331	0.65184	0.06206	0.07839	0.01698	0.00980	0.00261	0.00392	0.01502	0.00914	0.00784
8	0.01743	0.01557	0.02146	0.01932	0.10047	0.01323	0.06526	0.02261	0.05693	0.02700	0.01903	0.08026	0.01708	0.00848	0.00727	0.00181	0.00720	0.00761	0.00523	0.48674
9	0.02221	0.71304	0.04353	0.01421	0.02132	0.03287	0.01421	0.02488	0.01688	0.01955	0.01155	0.01333	0.01066	0.00711	0.00533	0.00178	0.00888	0.00444	0.00355	0.01066
10	0.01829	0.01442	0.01706	0.01244	0.01948	0.01098	0.00992	0.02186	0.01761	0.06963	0.01723	0.04556	0.01458	0.00723	0.00648	0.00141	0.00616	0.00591	0.00540	0.67836
11	0.02005	0.19314	0.14926	0.02388	0.07173	0.02232	0.15632	0.02557	0.03599	0.06452	0.01822	0.07222	0.01578	0.00985	0.01008	0.00262	0.08440	0.00836	0.00464	0.01107
12	0.01792	0.01064	0.01379	0.01227	0.01503	0.01038	0.00942	0.02196	0.04892	0.16604	0.35504	0.08334	0.08004	0.05988	0.01265	0.00307	0.04855	0.01320	0.00861	0.00924
13	0.01667	0.01309	0.01568	0.01217	0.01802	0.01021	0.00947	0.02000	0.01780	0.05699	0.06760	0.12868	0.02428	0.01027	0.00723	0.00173	0.00582	0.00877	0.00593	0.54959
14	0.01208	0.00805	0.00906	0.00906	0.00906	0.00805	0.00503	0.01208	0.01208	0.01611	0.02618	0.05436	0.03020	0.70804	0.04228	0.00805	0.00805	0.01208	0.00503	0.00503
15	0.01176	0.00849	0.01110	0.01045	0.01241	0.00784	0.00784	0.01568	0.02352	0.03331	0.65184	0.06206	0.07839	0.01698	0.00980	0.00261	0.00392	0.01502	0.00914	0.00784
16	0.01851	0.01553	0.01792	0.01291	0.02023	0.01239	0.01038	0.07526	0.01918	0.02933	0.01523	0.01747	0.01247	0.00649	0.00635	0.00134	0.00642	0.00515	0.00522	0.69223
17	0.05560	0.07146	0.56004	0.02173	0.03273	0.01919	0.02733	0.02547	0.01771	0.02700	0.05480	0.01994	0.01474	0.00842	0.00775	0.00259	0.01128	0.00653	0.00395	0.01175
18	0.02068	0.10370	0.16361	0.06745	0.02746	0.02086	0.01784	0.13745	0.18200	0.03187	0.02222	0.04635	0.01787	0.01000	0.00789	0.00250	0.00882	0.02651	0.00606	0.07886
19	0.02137	0.01621	0.01801	0.01380	0.02032	0.04335	0.01097	0.05742	0.07530	0.11597	0.02050	0.05036	0.01652	0.00837	0.00703	0.00176	0.00682	0.00677	0.00625	0.48290
20	0.04641	0.07324	0.32350	0.01943	0.02779	0.09562	0.02104	0.04742	0.10117	0.02822	0.07394	0.02264	0.01874	0.00913	0.00774	0.00245	0.01019	0.00707	0.00506	0.05919

[dist]
# distance from previous block
# <min> <max>
2	8

[block]
# block no. 1 follows, 22 sequences, length 40
# corresponding to MSA columns:
# 152-191
name=unknown_B
#
# <colnr> <probs for GDERKNQSTAVLIFYWHMCP>
#	G	D	E	R	K	N	Q	S	T	A	V	L	I	F	Y	W	H	M	C	P
0	0.05173	0.01376	0.01689	0.01438	0.01785	0.03209	0.04698	0.10646	0.01970	0.02773	0.09065	0.08955	0.05401	0.09691	0.05437	0.08004	0.02927	0.03006	0.00606	0.12151
1	0.42845	0.06183	0.08622	0.12541	0.02574	0.01867	0.01441	0.02478	0.01597	0.07226	0.01555	0.02056	0.01241	0.00876	0.00651	0.00263	0.00808	0.03692	0.00509	0.00975
2	0.01803	0.01297	0.01457	0.01306	0.01607	0.04742	0.00995	0.08294	0.07844	0.09413	0.33028	0.08725	0.05054	0.05803	0.04565	0.00351	0.00684	0.01263	0.00827	0.00941
3	0.01634	0.01580	0.04823	0.01292	0.01707	0.08358	0.01048	0.06457	0.02093	0.04353	0.12150	0.13498	0.23136	0.01569	0.00884	0.00250	0.00662	0.01312	0.00697	0.12496
4	0.00994	0.00842	0.00859	0.00855	0.01130	0.00707	0.00641	0.01217	0.01923	0.02315	0.12100	0.07879	0.61557	0.02078	0.00982	0.00279	0.00419	0.01737	0.00781	0.00707
5	0.02140	0.01724	0.01947	0.01428	0.02145	0.01534	0.01157	0.19755	0.02357	0.03442	0.01627	0.01802	0.01283	0.00726	0.00678	0.00160	0.00702	0.00567	0.00591	0.54234
6	0.01549	0.00774	0.00774	0.00774	0.00968	0.00774	0.00581	0.01936	0.01742	0.03097	0.02710	0.03097	0.02129	0.00968	0.00581	0.00194	0.00387	0.00774	0.75416	0.00774
7	0.01569	0.01477	0.02492	0.68808	0.05722	0.01846	0.02307	0.02123	0.01661	0.02123	0.01477	0.02215	0.01107	0.00831	0.00831	0.00277	0.01107	0.00738	0.00369	0.00923
8	0.01457	0.00962	0.01220	0.01115	0.01375	0.00903	0.00850	0.01959	0.06339	0.09075	0.52052	0.05799	0.10408	0.01624	0.00958	0.00263	0.00440	0.01419	0.00912	0.00872
9	0.02751	0.02125	0.02264	0.01829	0.02421	0.02386	0.01481	0.41090	0.26331	0.04580	0.02511	0.02406	0.01831	0.01046	0.00836	0.00261	0.00819	0.00819	0.00836	0.01376
10	0.02333	0.31089	0.07079	0.01810	0.02313	0.10356	0.01651	0.06476	0.01841	0.06248	0.01360	0.01649	0.01157	0.00979	0.01225	0.00249	0.20094	0.00588	0.00439	0.01064
11	0.01760	0.01463	0.01783	0.01495	0.05884	0.01191	0.01086	0.05220	0.01803	0.02732	0.01694	0.05928	0.01514	0.00896	0.00820	0.04583	0.00652	0.00647	0.00514	0.58333
12	0.06653	0.11688	0.02625	0.08389	0.05891	0.12534	0.04193	0.06717	0.12895	0.02646	0.01756	0.02070	0.01432	0.01303	0.05273	0.00330	0.11331	0.00703	0.00508	0.01064
13	0.02571	0.01822	0.02121	0.01738	0.02186	0.02040	0.01404	0.34086	0.04878	0.10309	0.02356	0.09087	0.01987	0.03701	0.07104	0.00386	0.09343	0.00947	0.00745	0.01189
14	0.02026	0.10337	0.02405	0.01728	0.02108	0.04635	0.03985	0.08800	0.01906	0.06415	0.05142	0.08847	0.02045	0.01517	0.05221	0.00327	0.19645	0.00881	0.00550	0.11480
15	0.01176	0.00849	0.01110	0.01045	0.01241	0.00784	0.00784	0.01568	0.02352	0.03331	0.65184	0.06206	0.07839	0.01698	0.00980	0.00261	0.00392	0.01502	0.00914	0.00784
16	0.01376	0.01455	0.09198	0.01281	0.01685	0.01137	0.01138	0.05797	0.08183	0.02844	0.18307	0.09789	0.28000	0.01729	0.00948	0.00281	0.00591	0.04608	0.00761	0.00892
17	0.01012	0.00723	0.00964	0.01157	0.01205	0.00675	0.00771	0.01157	0.01591	0.02121	0.04579	0.70262	0.05495	0.02603	0.01060	0.00337	0.00482	0.02362	0.00771	0.00675
18	0.01612	0.01500	0.02476	0.47228	0.17597	0.01738	0.02144	0.02098	0.01696	0.02222	0.01997	0.02737	0.05280	0.05101	0.01043	0.00303	0.01021	0.00830	0.00411	0.00965
19	0.02608	0.02401	0.06630	0.13877	0.06846	0.08997	0.01838	0.33064	0.08820	0.03875	0.01904	0.02075	0.01402	0.00937	0.00821	0.00254	0.01008	0.00733	0.00654	0.01253
20	0.01320	0.00942	0.01363	0.01265	0.01492	0.00874	0.04547	0.01680	0.02156	0.05910	0.43072	0.18169	0.06534	0.01818	0.00999	0.00285	0.00508	0.05401	0.00853	0.00811
21	0.01934	0.01801	0.06163	0.01502	0.02241	0.01423	0.03847	0.11765	0.02108	0.03128	0.04281	0.01981	0.01530	0.00737	0.00692	0.00165	0.00727	0.00605	0.00552	0.52821
22	0.12160	0.04448	0.02267	0.01737	0.02350	0.05746	0.01426	0.38040	0.09216	0.11276	0.02103	0.02067	0.01501	0.00969	0.00780	0.00250	0.00863	0.00718	0.00778	0.01305
23	0.61831	0.05460	0.03777	0.08572	0.02154	0.01941	0.01157	0.02416	0.01467	0.03418	0.01203	0.01457	0.00937	0.00775	0.00559	0.00255	0.00727	0.00487	0.00484	0.00923
24	0.01798	0.11333	0.41347	0.02055	0.03008	0.01874	0.05972	0.02526	0.01865	0.06730	0.08193	0.02577	0.05275	0.00950	0.00803	0.00254	0.01039	0.00779	0.00477	0.01142
25	0.01925	0.05445	0.40474	0.03086	0.20286	0.01951	0.05920	0.02689	0.01837	0.06356	0.01615	0.01911	0.01194	0.00783	0.00803	0.00257	0.01131	0.00675	0.00411	0.01252
26	0.01149	0.00869	0.01132	0.04056	0.01533	0.00829	0.00971	0.01432	0.01873	0.02441	0.14600	0.25753	0.19046	0.02186	0.01045	0.00323	0.00563	0.18691	0.00774	0.00734
27	0.02298	0.05182	0.02756	0.02014	0.02581	0.02172	0.10459	0.23188	0.02414	0.03387	0.01588	0.01895	0.01260	0.00945	0.01195	0.00244	0.15657	0.00701	0.00565	0.19497
28	0.06774	0.06106	0.02064	0.09731	0.02468	0.04833	0.01343	0.10075	0.02295	0.29573	0.07451	0.02912	0.04824	0.01324	0.04262	0.00308	0.00870	0.00845	0.00773	0.01167
29	0.01404	0.00982	0.01261	0.01237	0.01383	0.01014	0.00880	0.04504	0.01589	0.05096	0.03119	0.27967	0.03427	0.19965	0.14269	0.00622	0.04487	0.01466	0.00623	0.04706
30	0.01187	0.00890	0.01335	0.01335	0.01483	0.01038	0.01038	0.01483	0.01335	0.01928	0.02225	0.03264	0.02077	0.06231	0.67512	0.01335	0.02225	0.00890	0.00445	0.00742
31	0.02143	0.55300	0.10972	0.01545	0.02263	0.06731	0.01575	0.02492	0.01777	0.02124	0.05355	0.01706	0.01504	0.00792	0.00603	0.00195	0.00930	0.00537	0.00395	0.01060
32	0.04988	0.06634	0.02367	0.01781	0.02307	0.13467	0.04539	0.15840	0.02293	0.08937	0.01755	0.02016	0.01382	0.01496	0.08384	0.00352	0.06909	0.00673	0.00578	0.13301
33	0.02077	0.01918	0.03121	0.16552	0.48188	0.02011	0.02407	0.08557	0.02052	0.02859	0.01590	0.02079	0.01287	0.00783	0.00825	0.00253	0.01002	0.00741	0.00446	0.01253
34	0.01493	0.01487	0.05332	0.05864	0.02043	0.04889	0.01339	0.02067	0.08938	0.02469	0.07991	0.07786	0.16772	0.01950	0.04595	0.00364	0.07725	0.15363	0.00660	0.00873
35	0.76672	0.01607	0.01221	0.01092	0.01607	0.01864	0.00900	0.02442	0.01414	0.03727	0.01157	0.01350	0.00900	0.00771	0.00514	0.00257	0.00643	0.00450	0.00514	0.00900
36	0.01208	0.00805	0.00906	0.00906	0.00906	0.00805	0.00503	0.01208	0.01208	0.01611	0.02618	0.05436	0.03020	0.70804	0.04228	0.00805	0.00805	0.01208	0.00503	0.00503
37	0.01131	0.00822	0.00949	0.01001	0.01112	0.00775	0.00682	0.01259	0.01546	0.01974	0.04779	0.16169	0.21372	0.32774	0.02458	0.00535	0.00643	0.08750	0.00651	0.00617
38	0.63823	0.05266	0.05686	0.01239	0.01818	0.01980	0.01106	0.05994	0.01595	0.03657	0.01227	0.01413	0.00948	0.00783	0.00551	0.00253	0.00709	0.00478	0.00514	0.00959
39	0.02349	0.06472	0.02168	0.08789	0.02510	0.17238	0.01449	0.14168	0.07172	0.06774	0.08812	0.03055	0.05583	0.01398	0.04332	0.00309	0.02894	0.02833	0.00641	0.01054

[dist]
# distance from previous block
# <min> <max>
0	1

[block]
# block no. 2 follows, 22 sequences, length 11
# corresponding to MSA columns:
# 193-203
name=unknown_C
#
# <colnr> <probs for GDERKNQSTAVLIFYWHMCP>
#	G	D	E	R	K	N	Q	S	T	A	V	L	I	F	Y	W	H	M	C	P
0	0.01238	0.00879	0.01060	0.01124	0.01216	0.00864	0.00745	0.05978	0.01667	0.02212	0.03947	0.42176	0.07115	0.23453	0.02014	0.00472	0.00612	0.01853	0.00693	0.00681
1	0.02931	0.05574	0.02321	0.01706	0.02345	0.02104	0.01420	0.37022	0.05464	0.16009	0.02318	0.02520	0.01717	0.01023	0.00812	0.00242	0.00826	0.03863	0.00806	0.08977
2	0.02071	0.01468	0.01750	0.01307	0.01977	0.01189	0.01044	0.06280	0.01955	0.12513	0.02008	0.06836	0.01675	0.00846	0.00695	0.00167	0.00639	0.00696	0.00616	0.54270
3	0.76672	0.01607	0.01221	0.01092	0.01607	0.01864	0.00900	0.02442	0.01414	0.03727	0.01157	0.01350	0.00900	0.00771	0.00514	0.00257	0.00643	0.00450	0.00514	0.00900
4	0.01917	0.02282	0.08135	0.06041	0.03523	0.08485	0.34026	0.02588	0.05932	0.02517	0.02048	0.10507	0.01811	0.01035	0.01041	0.00284	0.05250	0.01049	0.00481	0.01048
5	0.01189	0.00882	0.01292	0.01292	0.01426	0.01015	0.00985	0.01456	0.01322	0.01897	0.02265	0.03482	0.02172	0.12710	0.61162	0.01282	0.02083	0.00922	0.00451	0.00718
6	0.01491	0.01409	0.02527	0.09868	0.02791	0.01421	0.20265	0.01974	0.02019	0.02787	0.28614	0.04210	0.07163	0.01517	0.04358	0.00329	0.04524	0.01191	0.00637	0.00905
7	0.01549	0.00774	0.00774	0.00774	0.00968	0.00774	0.00581	0.01936	0.01742	0.03097	0.02710	0.03097	0.02129	0.00968	0.00581	0.00194	0.00387	0.00774	0.75416	0.00774
8	0.01666	0.04297	0.66500	0.02368	0.03596	0.01929	0.03069	0.02631	0.01754	0.02631	0.01491	0.01754	0.01052	0.00789	0.00789	0.00263	0.01228	0.00614	0.00351	0.01228
9	0.02256	0.01745	0.01899	0.01679	0.02163	0.01965	0.01329	0.08772	0.50247	0.09136	0.03324	0.03361	0.02539	0.01177	0.00861	0.00283	0.00688	0.04421	0.00856	0.01299
10	0.02216	0.01663	0.01821	0.01550	0.01983	0.01828	0.01205	0.20475	0.26895	0.06496	0.11677	0.03518	0.03009	0.10334	0.01305	0.00337	0.00716	0.00995	0.00814	0.01165

[dist]
# distance from previous block
# <min> <max>
0	1

[block]
# block no. 3 follows, 22 sequences, length 16
# corresponding to MSA columns:
# 205-220
name=unknown_D
#
# <colnr> <probs for GDERKNQSTAVLIFYWHMCP>
#	G	D	E	R	K	N	Q	S	T	A	V	L	I	F	Y	W	H	M	C	P
0	0.01216	0.01230	0.08499	0.01180	0.01472	0.00906	0.01012	0.01618	0.02123	0.02988	0.46643	0.09211	0.09215	0.07569	0.01240	0.00313	0.00528	0.01435	0.00801	0.00800
1	0.02958	0.03438	0.05650	0.02258	0.07007	0.49563	0.01684	0.03245	0.02257	0.09396	0.01574	0.01764	0.01234	0.01054	0.03133	0.00263	0.01384	0.00600	0.00492	0.01045
2	0.71355	0.01777	0.01303	0.01168	0.01676	0.06605	0.00951	0.02505	0.01482	0.03605	0.01166	0.01360	0.00912	0.00777	0.00531	0.00254	0.00704	0.00456	0.00508	0.00904
3	0.01745	0.02031	0.10363	0.16175	0.13578	0.01835	0.19255	0.02416	0.04704	0.02662	0.11100	0.02759	0.02243	0.00948	0.00984	0.00274	0.04450	0.00915	0.00491	0.01072
4	0.02057	0.01540	0.01804	0.09150	0.02382	0.01698	0.01308	0.06402	0.34122	0.10561	0.11150	0.03699	0.08066	0.01226	0.00870	0.00274	0.00675	0.01031	0.00814	0.01171
5	0.01524	0.01033	0.01364	0.04125	0.01575	0.01075	0.00968	0.01793	0.01900	0.09158	0.28348	0.08538	0.07865	0.15240	0.01806	0.00389	0.08380	0.03376	0.00740	0.00804
6	0.01787	0.01602	0.02490	0.20721	0.05752	0.01795	0.10561	0.02686	0.16146	0.04582	0.02198	0.05403	0.01800	0.01607	0.08566	0.00399	0.06032	0.00898	0.00541	0.04434
7	0.03158	0.02327	0.02493	0.01911	0.02576	0.02576	0.01579	0.62852	0.03906	0.05236	0.01995	0.01995	0.01413	0.00997	0.00831	0.00249	0.00914	0.00748	0.00831	0.01413
8	0.02615	0.21775	0.02448	0.01364	0.01924	0.01786	0.01181	0.06163	0.02220	0.28562	0.13684	0.03303	0.07301	0.01127	0.00782	0.00236	0.00696	0.00898	0.00782	0.01151
9	0.01038	0.00830	0.00929	0.00933	0.01164	0.00721	0.00689	0.01290	0.01984	0.02526	0.23437	0.14579	0.42853	0.02050	0.00990	0.00282	0.00420	0.01754	0.00810	0.00721
10	0.01187	0.00890	0.01335	0.01335	0.01483	0.01038	0.01038	0.01483	0.01335	0.01928	0.02225	0.03264	0.02077	0.06231	0.67512	0.01335	0.02225	0.00890	0.00445	0.00742
11	0.02172	0.01950	0.02031	0.09363	0.02627	0.06807	0.01470	0.08732	0.47767	0.03358	0.02903	0.02795	0.02178	0.01063	0.00836	0.00274	0.00790	0.00872	0.00760	0.01253
12	0.01176	0.00849	0.01110	0.01045	0.01241	0.00784	0.00784	0.01568	0.02352	0.03331	0.65184	0.06206	0.07839	0.01698	0.00980	0.00261	0.00392	0.01502	0.00914	0.00784
13	0.10500	0.02224	0.13154	0.05682	0.19288	0.06453	0.01860	0.02721	0.08732	0.07815	0.02780	0.02902	0.10378	0.01022	0.00803	0.00259	0.00893	0.00843	0.00559	0.01131
14	0.02400	0.30142	0.05725	0.01605	0.02221	0.07168	0.01449	0.13523	0.09545	0.07486	0.05077	0.02510	0.03830	0.00992	0.00727	0.00229	0.00869	0.02750	0.00604	0.01147
15	0.01978	0.18840	0.27362	0.04744	0.07763	0.08090	0.02185	0.05061	0.01867	0.02459	0.01665	0.04972	0.01456	0.00964	0.00860	0.00252	0.04594	0.03358	0.00422	0.01109

[dist]
# distance from previous block
# <min> <max>
1	12

[block]
# block no. 4 follows, 22 sequences, length 27
# corresponding to MSA columns:
# 233-259
name=unknown_E
#
# <colnr> <probs for GDERKNQSTAVLIFYWHMCP>
#	G	D	E	R	K	N	Q	S	T	A	V	L	I	F	Y	W	H	M	C	P
0	0.02342	0.15047	0.14343	0.02206	0.06696	0.04824	0.04756	0.20238	0.07367	0.03243	0.01686	0.01897	0.01311	0.00940	0.01008	0.00256	0.09403	0.00685	0.00543	0.01211
1	0.01138	0.00844	0.01064	0.01036	0.01237	0.00769	0.00778	0.01483	0.02207	0.03034	0.49173	0.10719	0.17474	0.01849	0.00992	0.00274	0.00417	0.03875	0.00875	0.00762
2	0.01800	0.12351	0.47221	0.02456	0.06758	0.02124	0.07561	0.02695	0.04702	0.02592	0.01556	0.01820	0.01155	0.00785	0.00777	0.00254	0.01159	0.00644	0.00383	0.01208
3	0.01144	0.00823	0.01089	0.01122	0.01275	0.00768	0.00831	0.01463	0.02092	0.02905	0.42161	0.24945	0.06883	0.02013	0.01018	0.00294	0.00452	0.07111	0.00860	0.00751
4	0.01819	0.01942	0.08540	0.18691	0.32075	0.01837	0.02213	0.02587	0.09700	0.02682	0.05559	0.02657	0.04245	0.00920	0.00839	0.00262	0.00940	0.00835	0.00493	0.01164
5	0.03291	0.01412	0.01857	0.01453	0.02030	0.01279	0.01188	0.09061	0.02514	0.51147	0.12482	0.03260	0.02868	0.01126	0.00857	0.00257	0.00678	0.00928	0.00993	0.01319
6	0.03070	0.02283	0.02444	0.01894	0.02543	0.02535	0.01558	0.58151	0.08750	0.05094	0.02106	0.02083	0.01503	0.01008	0.00832	0.00252	0.00894	0.00763	0.00832	0.01405
7	0.02108	0.15995	0.29670	0.02166	0.03060	0.02028	0.11872	0.02752	0.01883	0.12223	0.01966	0.02532	0.01543	0.00918	0.00807	0.00258	0.01074	0.05475	0.00500	0.01171
8	0.01881	0.03571	0.48382	0.07761	0.03717	0.01877	0.09657	0.02723	0.01827	0.08416	0.01675	0.01945	0.01173	0.00804	0.00819	0.00266	0.01190	0.00686	0.00422	0.01208
9	0.02321	0.07937	0.14941	0.07381	0.06268	0.05149	0.01821	0.05029	0.23306	0.13675	0.02421	0.02411	0.01762	0.00949	0.00800	0.00259	0.00898	0.00766	0.00657	0.01249
10	0.01149	0.00834	0.01087	0.01081	0.01256	0.00772	0.00806	0.01492	0.02182	0.03038	0.49357	0.16889	0.09912	0.01897	0.01002	0.00281	0.00429	0.04898	0.00876	0.00761
11	0.01732	0.01859	0.08455	0.37847	0.19438	0.01863	0.02296	0.02470	0.07654	0.02457	0.01816	0.02555	0.01461	0.00902	0.00841	0.00274	0.01031	0.03534	0.00441	0.01075
12	0.02523	0.01797	0.14281	0.01520	0.02133	0.01219	0.01445	0.02984	0.02224	0.34119	0.20349	0.05684	0.03592	0.01219	0.00874	0.00262	0.00713	0.01027	0.00856	0.01177
13	0.76672	0.01607	0.01221	0.01092	0.01607	0.01864	0.00900	0.02442	0.01414	0.03727	0.01157	0.01350	0.00900	0.00771	0.00514	0.00257	0.00643	0.00450	0.00514	0.00900
14	0.02105	0.12297	0.15843	0.02815	0.03689	0.02156	0.37428	0.02758	0.01923	0.08375	0.01718	0.02077	0.01268	0.00748	0.00869	0.00260	0.01233	0.00824	0.00454	0.01159
15	0.02509	0.01503	0.01839	0.01356	0.02057	0.01231	0.01101	0.06233	0.02077	0.25183	0.02139	0.02127	0.01531	0.00782	0.00705	0.00177	0.00664	0.00627	0.00700	0.45457
16	0.01134	0.00779	0.00944	0.01009	0.01043	0.00756	0.00624	0.01218	0.01441	0.01937	0.08393	0.29294	0.04318	0.40186	0.02803	0.00590	0.00653	0.01655	0.00635	0.00589
17	0.02871	0.07787	0.02365	0.01962	0.02397	0.50207	0.01495	0.08583	0.04191	0.02331	0.01509	0.01893	0.01299	0.06420	0.01022	0.00264	0.01326	0.00614	0.00479	0.00985
18	0.01004	0.00808	0.00896	0.00947	0.01154	0.00700	0.00682	0.01209	0.01839	0.02286	0.11360	0.25802	0.43966	0.02219	0.01004	0.00296	0.00436	0.01911	0.00782	0.00700
19	0.02144	0.01804	0.01901	0.01676	0.02160	0.02061	0.01313	0.11217	0.53941	0.03625	0.03460	0.03205	0.05438	0.01159	0.00850	0.00278	0.00677	0.00956	0.00840	0.01297
20	0.01549	0.00774	0.00774	0.00774	0.00968	0.00774	0.00581	0.01936	0.01742	0.03097	0.02710	0.03097	0.02129	0.00968	0.00581	0.00194	0.00387	0.00774	0.75416	0.00774
21	0.01368	0.01688	0.13936	0.01370	0.01843	0.01211	0.01297	0.02150	0.12794	0.02808	0.19729	0.05559	0.25005	0.01588	0.00928	0.00278	0.00629	0.04148	0.00736	0.00934
22	0.07660	0.01418	0.01738	0.05149	0.02125	0.01432	0.01196	0.03484	0.17810	0.31100	0.12219	0.03273	0.02906	0.01122	0.00828	0.00263	0.00654	0.00927	0.03484	0.01211
23	0.01887	0.01520	0.02004	0.06831	0.02434	0.01239	0.05037	0.02289	0.01786	0.07787	0.01635	0.01885	0.01289	0.00671	0.00674	0.00156	0.00712	0.00571	0.00521	0.59071
24	0.06697	0.01430	0.01628	0.01333	0.01866	0.01315	0.01042	0.08368	0.08452	0.08666	0.02680	0.15458	0.04210	0.01184	0.00771	0.00219	0.00628	0.00993	0.00675	0.32384
25	0.66191	0.01534	0.01255	0.01112	0.01608	0.01738	0.00910	0.02469	0.01547	0.07471	0.06435	0.01829	0.01528	0.00861	0.00571	0.00257	0.00626	0.00558	0.00577	0.00921
26	0.01991	0.07881	0.02207	0.01789	0.07160	0.01552	0.04629	0.10662	0.02063	0.07446	0.02408	0.13576	0.02309	0.04941	0.00990	0.00261	0.00760	0.04534	0.00618	0.22223

[dist]
# distance from previous block
# <min> <max>
0	1

[block]
# block no. 5 follows, 22 sequences, length 49
# corresponding to MSA columns:
# 261-309
name=unknown_F
#
# <colnr> <probs for GDERKNQSTAVLIFYWHMCP>
#	G	D	E	R	K	N	Q	S	T	A	V	L	I	F	Y	W	H	M	C	P
0	0.01190	0.00834	0.01073	0.01083	0.01142	0.00888	0.00722	0.01311	0.01276	0.01758	0.02564	0.07818	0.02781	0.42675	0.28325	0.00985	0.01333	0.01143	0.00494	0.00603
1	0.01779	0.02095	0.09954	0.02909	0.11047	0.01928	0.26644	0.02289	0.01748	0.02474	0.05291	0.04906	0.01868	0.06469	0.01535	0.00332	0.14295	0.00958	0.00447	0.01033
2	0.01961	0.02241	0.04902	0.03501	0.04342	0.02101	0.62605	0.02661	0.01961	0.02661	0.01681	0.02241	0.01261	0.00700	0.00980	0.00280	0.01401	0.00980	0.00420	0.01120
3	0.01862	0.02528	0.15859	0.03111	0.03938	0.02048	0.45053	0.02560	0.01851	0.02580	0.01634	0.02172	0.01249	0.01019	0.04121	0.00331	0.05676	0.00893	0.00405	0.01109
4	0.01443	0.00722	0.01082	0.01082	0.01082	0.00722	0.00722	0.01082	0.01082	0.01443	0.01443	0.02525	0.01443	0.02886	0.03247	0.75830	0.00722	0.00722	0.00361	0.00361
5	0.01037	0.00757	0.00976	0.01105	0.01202	0.00696	0.00759	0.01231	0.01753	0.02341	0.15354	0.52773	0.12161	0.02396	0.01038	0.00318	0.00460	0.02151	0.00796	0.00696
6	0.01706	0.01653	0.02330	0.02031	0.02058	0.02278	0.01680	0.01908	0.01283	0.01987	0.01291	0.02074	0.01265	0.02300	0.14196	0.00536	0.57412	0.00756	0.00378	0.00879
7	0.01672	0.01393	0.01635	0.01249	0.01873	0.01103	0.00977	0.04655	0.01799	0.02725	0.02000	0.12787	0.01926	0.00953	0.00697	0.00163	0.00607	0.00805	0.00552	0.60429
8	0.02014	0.01831	0.02959	0.14075	0.39006	0.01906	0.05049	0.09796	0.02124	0.02945	0.05732	0.05132	0.01874	0.00920	0.00852	0.00258	0.00958	0.00866	0.00503	0.01198
9	0.02102	0.01937	0.02938	0.04061	0.46152	0.02022	0.02181	0.05422	0.18630	0.03017	0.02066	0.02333	0.01646	0.00854	0.00829	0.00256	0.00896	0.00794	0.00544	0.01319
10	0.01944	0.02357	0.08380	0.03437	0.04300	0.02091	0.59244	0.02659	0.01949	0.02659	0.01670	0.02213	0.01249	0.00705	0.00970	0.00279	0.01391	0.00960	0.00416	0.01127
11	0.03727	0.01414	0.01928	0.01478	0.02121	0.01221	0.01221	0.04049	0.02378	0.66198	0.03277	0.02828	0.02056	0.01028	0.00835	0.00257	0.00707	0.00835	0.01028	0.01414
12	0.06366	0.01507	0.09678	0.04668	0.04393	0.01170	0.01319	0.02140	0.02109	0.10280	0.33207	0.04630	0.04788	0.01365	0.00892	0.00263	0.00643	0.05421	0.00756	0.04406
13	0.13874	0.23442	0.07913	0.01935	0.06291	0.26074	0.01594	0.02754	0.01891	0.02356	0.01300	0.01557	0.01100	0.01017	0.03515	0.00264	0.01162	0.00529	0.00413	0.01018
14	0.03656	0.01430	0.01926	0.01487	0.02122	0.01257	0.01225	0.04064	0.05021	0.63512	0.03282	0.02839	0.02077	0.01032	0.00836	0.00258	0.00705	0.00840	0.01020	0.01410
15	0.01423	0.06964	0.01483	0.01179	0.01470	0.04115	0.00916	0.02003	0.10001	0.02946	0.37236	0.08437	0.15457	0.01613	0.00919	0.00261	0.00525	0.01380	0.00808	0.00864
16	0.01880	0.02197	0.07417	0.03080	0.03799	0.02047	0.46640	0.02492	0.01838	0.02557	0.01697	0.04726	0.01388	0.00868	0.01177	0.00285	0.09906	0.00959	0.00426	0.04618
17	0.01456	0.01167	0.01578	0.01854	0.10276	0.01181	0.01280	0.02118	0.11356	0.02791	0.16845	0.12393	0.08961	0.01798	0.01003	0.00312	0.00650	0.21304	0.00761	0.00914
18	0.01995	0.01901	0.03180	0.12973	0.54602	0.01963	0.02452	0.02597	0.05239	0.02681	0.01650	0.02133	0.01356	0.00773	0.00825	0.00252	0.00984	0.00751	0.00429	0.01266
19	0.01791	0.06469	0.31578	0.02707	0.03620	0.02045	0.26691	0.02526	0.01796	0.02546	0.01671	0.05173	0.01349	0.00877	0.00988	0.00276	0.05526	0.00842	0.00400	0.01130
20	0.02272	0.01837	0.01967	0.05905	0.02396	0.04653	0.01383	0.10181	0.43670	0.08208	0.06087	0.02996	0.02495	0.01105	0.00845	0.00272	0.00738	0.00910	0.00814	0.01267
21	0.01404	0.00930	0.01129	0.01122	0.01237	0.00929	0.00751	0.06071	0.01668	0.05062	0.07140	0.25733	0.03896	0.32526	0.06171	0.00584	0.00760	0.01526	0.00660	0.00700
22	0.01996	0.01658	0.01962	0.01594	0.06079	0.01421	0.01187	0.12819	0.02118	0.03153	0.01573	0.01791	0.01268	0.00690	0.00666	0.00153	0.00691	0.00553	0.00547	0.58081
23	0.02172	0.65432	0.09799	0.01504	0.02260	0.03168	0.01566	0.02500	0.01694	0.02014	0.01184	0.01370	0.01065	0.00718	0.00556	0.00185	0.00918	0.00459	0.00355	0.01080
24	0.04131	0.01688	0.02582	0.22065	0.16610	0.01988	0.04400	0.05562	0.05626	0.02483	0.01554	0.02141	0.01285	0.01155	0.01460	0.07144	0.15929	0.00749	0.00438	0.01010
25	0.01499	0.00921	0.01214	0.01100	0.01352	0.00839	0.00839	0.01882	0.02355	0.11283	0.57353	0.05778	0.07107	0.01614	0.00962	0.00261	0.00432	0.01418	0.00929	0.00864
26	0.01493	0.01144	0.01464	0.05488	0.01823	0.01112	0.03863	0.09309	0.02219	0.05298	0.19000	0.14065	0.26993	0.01749	0.00957	0.00278	0.00585	0.01513	0.00779	0.00867
27	0.01221	0.00926	0.01342	0.01324	0.01446	0.01085	0.01010	0.01475	0.01316	0.01892	0.02217	0.03465	0.02146	0.14157	0.56233	0.01219	0.05435	0.00922	0.00448	0.00720
28	0.01817	0.01543	0.01678	0.01584	0.03989	0.01699	0.01182	0.06063	0.41440	0.03260	0.09269	0.04286	0.15954	0.01358	0.00883	0.00277	0.00609	0.01139	0.00820	0.01149
29	0.01008	0.00738	0.00948	0.01117	0.01194	0.00678	0.00753	0.01161	0.01629	0.02136	0.05064	0.62386	0.13058	0.02540	0.01050	0.00330	0.00474	0.02285	0.00771	0.00678
30	0.02826	0.02411	0.02597	0.04194	0.06649	0.11247	0.04729	0.40586	0.03209	0.04180	0.04378	0.02113	0.01590	0.00993	0.00927	0.00253	0.04397	0.00760	0.00696	0.01265
31	0.01015	0.00843	0.00887	0.00876	0.01142	0.00715	0.00657	0.01256	0.01971	0.02429	0.18040	0.07692	0.55546	0.02035	0.00981	0.00277	0.00416	0.01711	0.00796	0.00715
32	0.02038	0.01683	0.02004	0.01489	0.02183	0.01495	0.03640	0.15480	0.04728	0.03271	0.01772	0.03988	0.01457	0.00785	0.00701	0.00170	0.00710	0.00644	0.00586	0.51176
33	0.01976	0.01988	0.05368	0.17836	0.22245	0.02052	0.18274	0.04930	0.01875	0.04379	0.01581	0.02120	0.01245	0.00857	0.01100	0.00277	0.09530	0.00801	0.00431	0.01133
34	0.03727	0.01414	0.01928	0.01478	0.02121	0.01221	0.01221	0.04049	0.02378	0.66198	0.03277	0.02828	0.02056	0.01028	0.00835	0.00257	0.00707	0.00835	0.01028	0.01414
35	0.05727	0.01890	0.02177	0.10199	0.02730	0.02089	0.01506	0.29652	0.16215	0.12676	0.04856	0.02514	0.01936	0.01027	0.00828	0.00262	0.00823	0.00817	0.00793	0.01284
36	0.02656	0.01686	0.01956	0.01547	0.02113	0.01699	0.01252	0.24529	0.08849	0.19035	0.13548	0.03012	0.02790	0.01093	0.00833	0.00240	0.00709	0.00889	0.00852	0.10712
37	0.02149	0.02214	0.06565	0.02947	0.03673	0.05612	0.43383	0.02733	0.01971	0.09806	0.01991	0.06506	0.01591	0.00901	0.01020	0.00280	0.04039	0.01000	0.00507	0.01113
38	0.02221	0.71304	0.04353	0.01421	0.02132	0.03287	0.01421	0.02488	0.01688	0.01955	0.01155	0.01333	0.01066	0.00711	0.00533	0.00178	0.00888	0.00444	0.00355	0.01066
39	0.12907	0.02104	0.02179	0.01749	0.02349	0.02362	0.01426	0.41179	0.17431	0.04625	0.02200	0.02161	0.01602	0.00996	0.00791	0.00258	0.00818	0.00751	0.00791	0.01320
40	0.76672	0.01607	0.01221	0.01092	0.01607	0.01864	0.00900	0.02442	0.01414	0.03727	0.01157	0.01350	0.00900	0.00771	0.00514	0.00257	0.00643	0.00450	0.00514	0.00900
41	0.01666	0.01372	0.01641	0.11609	0.02300	0.01520	0.01221	0.06930	0.23679	0.02994	0.14564	0.04278	0.11152	0.07800	0.03337	0.00356	0.00731	0.01121	0.00731	0.00998
42	0.01187	0.00890	0.01335	0.01335	0.01483	0.01038	0.01038	0.01483	0.01335	0.01928	0.02225	0.03264	0.02077	0.06231	0.67512	0.01335	0.02225	0.00890	0.00445	0.00742
43	0.01729	0.03908	0.55676	0.02766	0.11476	0.01943	0.05747	0.02622	0.01781	0.02643	0.01509	0.01815	0.01095	0.00779	0.00802	0.00262	0.01205	0.00647	0.00362	0.01234
44	0.01549	0.00774	0.00774	0.00774	0.00968	0.00774	0.00581	0.01936	0.01742	0.03097	0.02710	0.03097	0.02129	0.00968	0.00581	0.00194	0.00387	0.00774	0.75416	0.00774
45	0.03070	0.02178	0.02366	0.01845	0.02483	0.02392	0.01514	0.50274	0.11388	0.10390	0.02283	0.02208	0.01612	0.01016	0.00833	0.00254	0.00863	0.00780	0.00850	0.01400
46	0.01457	0.00919	0.01156	0.01056	0.01327	0.00821	0.00806	0.01801	0.02256	0.11050	0.45149	0.06163	0.19457	0.01701	0.00962	0.00265	0.00438	0.01472	0.00898	0.00846
47	0.01902	0.01649	0.01781	0.05224	0.02222	0.01882	0.01282	0.03882	0.52861	0.03246	0.03915	0.03671	0.10396	0.01235	0.00862	0.00281	0.00652	0.01031	0.00810	0.01216
48	0.02392	0.11155	0.08375	0.04258	0.02581	0.19612	0.01803	0.11976	0.02074	0.02569	0.01339	0.01710	0.01130	0.01055	0.01409	0.00272	0.24155	0.00636	0.00452	0.01050

[dist]
# distance from previous block
# <min> <max>
0	1

[block]
# block no. 6 follows, 22 sequences, length 16
# corresponding to MSA columns:
# 311-326
name=unknown_G
#
# <colnr> <probs for GDERKNQSTAVLIFYWHMCP>
#	G	D	E	R	K	N	Q	S	T	A	V	L	I	F	Y	W	H	M	C	P
0	0.01653	0.01364	0.06336	0.01426	0.03580	0.01157	0.01140	0.09708	0.02120	0.07909	0.11671	0.17547	0.15712	0.08292	0.01267	0.00339	0.00661	0.06468	0.00748	0.00902
1	0.02869	0.02311	0.02305	0.01860	0.02441	0.08390	0.01499	0.44694	0.13663	0.04499	0.02283	0.05395	0.01763	0.01083	0.00837	0.00256	0.00905	0.00837	0.00793	0.01320
2	0.58709	0.01708	0.01747	0.06521	0.02240	0.01937	0.06663	0.06929	0.01668	0.03621	0.01291	0.01544	0.00986	0.00786	0.00604	0.00260	0.00767	0.00542	0.00518	0.00960
3	0.01962	0.09728	0.25951	0.09507	0.13341	0.01969	0.11139	0.02606	0.01835	0.07961	0.01799	0.05322	0.01435	0.00874	0.00818	0.00259	0.01087	0.00787	0.00452	0.01167
4	0.01742	0.01311	0.01484	0.01343	0.01706	0.01383	0.01037	0.02987	0.30089	0.07937	0.25852	0.04775	0.12030	0.01441	0.00909	0.00273	0.00538	0.01230	0.00874	0.01060
5	0.01720	0.01902	0.08986	0.41919	0.20966	0.01927	0.02418	0.02277	0.01709	0.02320	0.01479	0.02106	0.01156	0.00838	0.00931	0.00273	0.04918	0.00726	0.00378	0.01055
6	0.02413	0.01703	0.01801	0.01494	0.01954	0.06580	0.01188	0.22133	0.05732	0.14131	0.21482	0.03936	0.09248	0.01306	0.00884	0.00256	0.00713	0.01070	0.00853	0.01123
7	0.16464	0.02077	0.02159	0.02060	0.09850	0.08074	0.01467	0.28475	0.02718	0.08583	0.02070	0.08576	0.01722	0.01071	0.00787	0.00256	0.00869	0.00837	0.00693	0.01192
8	0.08635	0.01823	0.02368	0.04045	0.10071	0.01935	0.07820	0.24909	0.06841	0.03671	0.02853	0.08187	0.08123	0.01210	0.00866	0.00272	0.00850	0.03687	0.00685	0.01151
9	0.01598	0.00927	0.01229	0.01141	0.01390	0.00842	0.00859	0.01935	0.02224	0.14230	0.43691	0.16762	0.06409	0.01737	0.00968	0.00274	0.00463	0.01534	0.00910	0.00876
10	0.10417	0.01656	0.01937	0.01554	0.02151	0.01679	0.01266	0.13249	0.15746	0.37036	0.02890	0.02610	0.01944	0.01019	0.00805	0.00261	0.00723	0.00806	0.00908	0.01342
11	0.01119	0.00847	0.01032	0.00986	0.01206	0.00760	0.00739	0.01458	0.02218	0.03014	0.48637	0.06727	0.24583	0.01817	0.00980	0.00267	0.00400	0.01576	0.00873	0.00760
12	0.02291	0.01796	0.01855	0.01620	0.02105	0.04925	0.01271	0.09298	0.42306	0.10587	0.03666	0.03399	0.08795	0.01192	0.00853	0.00273	0.00701	0.00975	0.00838	0.01255
13	0.01159	0.00849	0.01087	0.01028	0.01231	0.00777	0.00771	0.01535	0.02312	0.03238	0.60309	0.06359	0.12771	0.01733	0.00980	0.00263	0.00394	0.01524	0.00902	0.00777
14	0.01452	0.01234	0.01618	0.01467	0.01488	0.01543	0.01095	0.01558	0.01267	0.01818	0.02146	0.03851	0.04221	0.34743	0.08324	0.00645	0.29383	0.01002	0.00450	0.00697
15	0.13041	0.05768	0.45324	0.02369	0.09244	0.01935	0.02548	0.02659	0.01745	0.05892	0.01524	0.01761	0.01105	0.00791	0.00745	0.00257	0.01080	0.00607	0.00414	0.01191

[dist]
# distance from previous block
# <min> <max>
0	1

[block]
# block no. 7 follows, 22 sequences, length 8
# corresponding to MSA columns:
# 328-335
name=unknown_H
#
# <colnr> <probs for GDERKNQSTAVLIFYWHMCP>
#	G	D	E	R	K	N	Q	S	T	A	V	L	I	F	Y	W	H	M	C	P
0	0.06179	0.02803	0.02456	0.11052	0.15068	0.32408	0.01804	0.05290	0.10195	0.02563	0.01654	0.01915	0.01317	0.00867	0.00778	0.00241	0.01177	0.00657	0.00490	0.01085
1	0.15310	0.02208	0.02283	0.01776	0.02416	0.02458	0.01467	0.52867	0.03494	0.04986	0.01856	0.01888	0.01328	0.00960	0.00779	0.00251	0.00869	0.00699	0.00779	0.01328
2	0.01336	0.00921	0.01042	0.01000	0.01070	0.00941	0.00618	0.05625	0.01440	0.01918	0.02818	0.05180	0.05729	0.58816	0.07587	0.00773	0.00880	0.01182	0.00536	0.00592
3	0.01115	0.00836	0.01033	0.01007	0.01210	0.00754	0.00747	0.01441	0.02173	0.02963	0.46200	0.12492	0.21221	0.01877	0.00988	0.00273	0.00407	0.01640	0.00868	0.00754
4	0.06800	0.01914	0.09993	0.01592	0.02176	0.01665	0.01431	0.17417	0.09770	0.16179	0.13881	0.03480	0.05965	0.01196	0.00853	0.00264	0.00746	0.02695	0.00802	0.01182
5	0.01057	0.00757	0.01009	0.01160	0.01240	0.00708	0.00805	0.01255	0.01732	0.02338	0.14396	0.56458	0.05835	0.02439	0.01052	0.00328	0.00483	0.05459	0.00794	0.00698
6	0.01952	0.47894	0.14092	0.01541	0.02248	0.02698	0.01613	0.02323	0.01705	0.02105	0.02128	0.02271	0.09212	0.00937	0.00739	0.00214	0.04227	0.00652	0.00408	0.01039
7	0.01942	0.01782	0.02345	0.01949	0.02163	0.02239	0.01612	0.09710	0.01684	0.02523	0.01323	0.01893	0.01201	0.01485	0.05218	0.00355	0.46071	0.00699	0.00448	0.13358

[dist]
# distance from previous block
# <min> <max>
0	1

[block]
# block no. 8 follows, 22 sequences, length 40
# corresponding to MSA columns:
# 337-376
name=unknown_I
#
# <colnr> <probs for GDERKNQSTAVLIFYWHMCP>
#	G	D	E	R	K	N	Q	S	T	A	V	L	I	F	Y	W	H	M	C	P
0	0.69929	0.01528	0.01198	0.01098	0.01571	0.01758	0.00888	0.02327	0.01430	0.03584	0.01462	0.07492	0.01309	0.00934	0.00563	0.00264	0.00628	0.00620	0.00537	0.00880
1	0.01002	0.00838	0.00847	0.00847	0.01103	0.00711	0.00620	0.01194	0.01832	0.02188	0.07899	0.07767	0.59736	0.08227	0.01271	0.00327	0.00455	0.01705	0.00748	0.00684
2	0.34178	0.01188	0.01247	0.01203	0.01485	0.01275	0.03579	0.01793	0.01483	0.02785	0.02709	0.29039	0.02988	0.10146	0.01209	0.00358	0.00634	0.01321	0.00610	0.00772
3	0.09208	0.02011	0.10135	0.07772	0.02776	0.01777	0.06065	0.07820	0.16444	0.20139	0.02426	0.02409	0.01706	0.00934	0.00802	0.00260	0.00852	0.00776	0.00711	0.04979
4	0.01667	0.01527	0.05550	0.01419	0.01831	0.01459	0.01183	0.07738	0.24503	0.03284	0.21817	0.04891	0.14254	0.01470	0.00915	0.00276	0.00604	0.03753	0.00818	0.01040
5	0.01666	0.04297	0.66500	0.02368	0.03596	0.01929	0.03069	0.02631	0.01754	0.02631	0.01491	0.01754	0.01052	0.00789	0.00789	0.00263	0.01228	0.00614	0.00351	0.01228
6	0.01642	0.05305	0.01483	0.01204	0.01415	0.01370	0.00850	0.09952	0.10286	0.02469	0.05663	0.04357	0.02823	0.41483	0.05768	0.00619	0.00847	0.01065	0.00603	0.00794
7	0.01575	0.00989	0.01235	0.01116	0.01408	0.00915	0.00856	0.02049	0.06138	0.12397	0.43021	0.05806	0.15981	0.01630	0.00951	0.00265	0.00459	0.01410	0.00904	0.00896
8	0.09314	0.02267	0.02190	0.01751	0.02339	0.11185	0.01415	0.31533	0.06523	0.07591	0.01869	0.01938	0.01385	0.00934	0.00844	0.00235	0.03828	0.00673	0.00693	0.11491
9	0.01157	0.00850	0.01053	0.01164	0.01296	0.00808	0.00837	0.03882	0.01758	0.02287	0.04976	0.43346	0.15618	0.07500	0.01285	0.00365	0.00552	0.09805	0.00753	0.00710
10	0.01301	0.01099	0.01164	0.01265	0.01385	0.06739	0.00883	0.01597	0.05312	0.02259	0.08588	0.47883	0.04887	0.07411	0.01256	0.00355	0.00613	0.04532	0.00735	0.00737
11	0.01805	0.07321	0.56021	0.02368	0.03516	0.01978	0.07377	0.02687	0.01793	0.05348	0.01566	0.01816	0.01112	0.00789	0.00793	0.00260	0.01201	0.00643	0.00386	0.01220
12	0.01844	0.13954	0.50485	0.02403	0.07965	0.02111	0.02727	0.02650	0.01775	0.04599	0.01504	0.01749	0.01107	0.00782	0.00755	0.00249	0.01143	0.00605	0.00378	0.01216
13	0.02189	0.01783	0.02090	0.02149	0.10986	0.01990	0.01480	0.04128	0.50852	0.08055	0.03120	0.02934	0.02330	0.01066	0.00841	0.00275	0.00707	0.00904	0.00799	0.01322
14	0.01714	0.03963	0.56491	0.02552	0.03717	0.01957	0.12743	0.02636	0.01788	0.02636	0.01522	0.01833	0.01086	0.00775	0.00820	0.00266	0.01256	0.00673	0.00362	0.01210
15	0.01206	0.00816	0.00958	0.00958	0.00976	0.00833	0.00568	0.01241	0.01223	0.01649	0.02570	0.05175	0.02907	0.63037	0.11841	0.00869	0.00976	0.01170	0.00496	0.00532
16	0.02066	0.01785	0.01878	0.01691	0.02160	0.02066	0.01315	0.04414	0.64121	0.03475	0.03381	0.03099	0.02536	0.01127	0.00845	0.00282	0.00657	0.00939	0.00845	0.01315
17	0.01022	0.00840	0.00882	0.00873	0.01125	0.00719	0.00644	0.01244	0.01912	0.02350	0.15657	0.07596	0.53703	0.06339	0.01184	0.00311	0.00441	0.01686	0.00774	0.00700
18	0.01367	0.01155	0.01288	0.01321	0.01476	0.06857	0.00964	0.04222	0.01661	0.02161	0.03358	0.30246	0.06076	0.06779	0.26236	0.00717	0.01261	0.01494	0.00608	0.00752
19	0.00982	0.00842	0.00842	0.00842	0.01122	0.00701	0.00631	0.01192	0.01894	0.02244	0.08416	0.07995	0.65285	0.02104	0.00982	0.00281	0.00421	0.01753	0.00771	0.00701
20	0.02392	0.26084	0.05896	0.02049	0.06297	0.25391	0.01668	0.02744	0.03743	0.02140	0.01486	0.02028	0.01343	0.00958	0.00941	0.00235	0.09166	0.03991	0.00423	0.01024
21	0.03616	0.01592	0.02038	0.01563	0.02209	0.01485	0.01291	0.15508	0.02676	0.54317	0.03027	0.02665	0.01931	0.01022	0.00835	0.00256	0.00747	0.00818	0.00990	0.01414
22	0.01759	0.21863	0.02485	0.01517	0.01848	0.02048	0.01290	0.07237	0.01650	0.02223	0.01739	0.02467	0.01617	0.06313	0.29538	0.00732	0.11585	0.00736	0.00443	0.00910
23	0.07431	0.01557	0.01742	0.01289	0.01991	0.01311	0.01034	0.06046	0.05439	0.02985	0.01595	0.01791	0.01293	0.00680	0.00634	0.00150	0.00638	0.00531	0.00535	0.61326
24	0.06396	0.01941	0.08909	0.01581	0.02227	0.04481	0.01403	0.11087	0.05950	0.27590	0.09151	0.02718	0.02313	0.01008	0.00801	0.00241	0.00776	0.00805	0.00792	0.09831
25	0.01723	0.01477	0.01723	0.01230	0.01969	0.01107	0.00984	0.02092	0.01723	0.02707	0.01477	0.01723	0.01230	0.00615	0.00615	0.00123	0.00615	0.00492	0.00492	0.75883
26	0.02100	0.01988	0.03337	0.04973	0.63119	0.01998	0.02511	0.04944	0.01972	0.02814	0.01580	0.02054	0.01320	0.00750	0.00823	0.00247	0.00984	0.00741	0.00428	0.01320
27	0.01176	0.00855	0.01111	0.01064	0.01264	0.00790	0.00809	0.01558	0.02303	0.03228	0.58801	0.06480	0.10490	0.01754	0.00990	0.00269	0.00415	0.04966	0.00899	0.00779
28	0.02122	0.01729	0.01988	0.05149	0.04130	0.01956	0.01446	0.17250	0.30486	0.03527	0.03152	0.05834	0.04467	0.01316	0.00965	0.00291	0.03414	0.08817	0.00772	0.01190
29	0.01443	0.00722	0.01082	0.01082	0.01082	0.00722	0.00722	0.01082	0.01082	0.01443	0.01443	0.02525	0.01443	0.02886	0.03247	0.75830	0.00722	0.00722	0.00361	0.00361
30	0.01282	0.01010	0.01509	0.01608	0.05296	0.01003	0.05577	0.01500	0.01595	0.02139	0.03560	0.31262	0.04049	0.18955	0.01885	0.00452	0.02867	0.13078	0.00644	0.00729
31	0.02035	0.01952	0.03334	0.07844	0.63041	0.01968	0.02539	0.02531	0.01882	0.02689	0.01559	0.02063	0.01307	0.00744	0.00823	0.00248	0.00992	0.00740	0.00409	0.01299
32	0.02221	0.71304	0.04353	0.01421	0.02132	0.03287	0.01421	0.02488	0.01688	0.01955	0.01155	0.01333	0.01066	0.00711	0.00533	0.00178	0.00888	0.00444	0.00355	0.01066
33	0.42912	0.26996	0.02369	0.01212	0.01786	0.02304	0.01087	0.02496	0.01568	0.05473	0.01316	0.01488	0.01067	0.00769	0.00537	0.00225	0.00722	0.00479	0.04220	0.00974
34	0.01764	0.01849	0.05184	0.08862	0.23714	0.04943	0.10113	0.02270	0.04291	0.02468	0.02832	0.10221	0.10297	0.01202	0.01030	0.00277	0.06047	0.01075	0.00508	0.01052
35	0.02659	0.10327	0.17086	0.01746	0.02514	0.01683	0.04703	0.05453	0.02152	0.30118	0.07008	0.02532	0.02029	0.00944	0.00794	0.00242	0.00861	0.00772	0.00716	0.05660
36	0.01029	0.00775	0.00958	0.01095	0.01221	0.00704	0.00775	0.01210	0.01702	0.02184	0.05667	0.47689	0.22610	0.02436	0.01045	0.00325	0.00486	0.06630	0.00771	0.00689
37	0.02157	0.13817	0.10269	0.01701	0.02413	0.06889	0.04105	0.13668	0.06966	0.03016	0.02094	0.02214	0.05304	0.00876	0.00728	0.00208	0.00881	0.00683	0.00551	0.21461
38	0.09092	0.13284	0.22494	0.02177	0.06509	0.07993	0.06643	0.10927	0.02139	0.05819	0.04284	0.01957	0.01458	0.00850	0.00754	0.00243	0.01044	0.00668	0.00503	0.01161
39	0.02867	0.09341	0.02453	0.01933	0.02429	0.41312	0.01514	0.15681	0.05376	0.02776	0.01928	0.02035	0.04916	0.00957	0.00765	0.00225	0.01221	0.00660	0.00545	0.01067

[dist]
# distance from previous block
# <min> <max>
1	3

[block]
# block no. 9 follows, 22 sequences, length 50
# corresponding to MSA columns:
# 380-416,422-434
name=unknown_J
#
# <colnr> <probs for GDERKNQSTAVLIFYWHMCP>
#	G	D	E	R	K	N	Q	S	T	A	V	L	I	F	Y	W	H	M	C	P
0	0.01295	0.00984	0.01083	0.01052	0.01320	0.00929	0.00777	0.01809	0.10661	0.05271	0.12696	0.14025	0.36270	0.06618	0.01186	0.00320	0.00497	0.01606	0.00790	0.00811
1	0.01781	0.04794	0.01807	0.08922	0.02172	0.01615	0.01227	0.14213	0.10817	0.02885	0.05101	0.17842	0.02917	0.11319	0.06414	0.00434	0.02913	0.01214	0.00661	0.00952
