[name]
unknown

[dist]
# distance from previous block
# <min> <max>
1	27

[block]
# block no. 0 follows, 24 sequences, length 71
# corresponding to MSA columns:
# 30-100
name=unknown_A
#
# <colnr> <probs for GDERKNQSTAVLIFYWHMCP>
#	G	D	E	R	K	N	Q	S	T	A	V	L	I	F	Y	W	H	M	C	P
0	0.06281	0.05439	0.10882	0.01710	0.06457	0.01620	0.01413	0.10582	0.09619	0.11736	0.02170	0.05126	0.01796	0.09098	0.04189	0.00338	0.00844	0.00787	0.00602	0.09310
1	0.02045	0.14173	0.02184	0.01379	0.01969	0.01778	0.01149	0.12179	0.13135	0.06324	0.08098	0.02309	0.02034	0.00864	0.00687	0.00191	0.00669	0.00682	0.00620	0.27533
2	0.02092	0.04647	0.02604	0.18388	0.10133	0.02047	0.08009	0.17608	0.17645	0.03174	0.01983	0.02204	0.01495	0.00866	0.00791	0.00247	0.00900	0.00757	0.00580	0.03829
3	0.16868	0.13241	0.04693	0.08198	0.04912	0.13810	0.01381	0.06570	0.05243	0.02725	0.07512	0.04482	0.01846	0.00914	0.00685	0.00225	0.00862	0.00689	0.00508	0.04634
4	0.02190	0.09554	0.02037	0.01599	0.01962	0.25447	0.01258	0.04826	0.10014	0.04932	0.02566	0.07590	0.08255	0.01266	0.02536	0.00263	0.06864	0.00851	0.05050	0.00939
5	0.01154	0.00868	0.01143	0.01301	0.04237	0.00819	0.00891	0.03531	0.01746	0.02346	0.11173	0.45190	0.09655	0.02120	0.00972	0.00300	0.00513	0.07749	0.00727	0.03564
6	0.01910	0.02236	0.12514	0.07231	0.40855	0.05587	0.02247	0.02641	0.09346	0.02619	0.03967	0.02155	0.01552	0.00800	0.00785	0.00242	0.00952	0.00726	0.00448	0.01187
7	0.01699	0.05588	0.42118	0.02409	0.12993	0.01730	0.02382	0.02466	0.04015	0.05465	0.05200	0.02437	0.06270	0.00899	0.00776	0.00247	0.00988	0.00740	0.00445	0.01133
8	0.06381	0.01357	0.01815	0.01397	0.02006	0.01189	0.01154	0.03806	0.02235	0.65291	0.03051	0.02645	0.01921	0.00972	0.00786	0.00245	0.00672	0.00783	0.00963	0.01331
9	0.01590	0.04102	0.68023	0.02260	0.03432	0.01842	0.02930	0.02511	0.01674	0.02511	0.01423	0.01674	0.01005	0.00753	0.00753	0.00251	0.01172	0.00586	0.00335	0.01172
10	0.07498	0.21715	0.31968	0.02153	0.08341	0.05913	0.04508	0.02544	0.01707	0.04884	0.01382	0.01607	0.01064	0.00737	0.00678	0.00225	0.01027	0.00559	0.00384	0.01104
11	0.01538	0.00875	0.01150	0.01192	0.01373	0.00818	0.00849	0.01820	0.05038	0.15247	0.04062	0.54216	0.04440	0.02110	0.00958	0.00304	0.00512	0.01891	0.00789	0.00817
12	0.03153	0.01301	0.01740	0.01363	0.01910	0.01153	0.01114	0.05987	0.02326	0.55027	0.13063	0.03172	0.02804	0.01081	0.00819	0.00246	0.00636	0.00894	0.00957	0.01255
13	0.01564	0.01482	0.02659	0.16508	0.05770	0.01508	0.22088	0.06210	0.01863	0.02490	0.06168	0.20674	0.04906	0.01291	0.00910	0.00277	0.00915	0.01261	0.00543	0.00913
14	0.02470	0.01779	0.02145	0.05020	0.02381	0.01912	0.04865	0.39534	0.02935	0.08085	0.02442	0.12869	0.02123	0.01217	0.00840	0.00258	0.00808	0.03712	0.03451	0.01154
15	0.00966	0.00690	0.00920	0.01104	0.01150	0.00644	0.00736	0.01104	0.01518	0.02024	0.04371	0.71614	0.05245	0.02484	0.01012	0.00322	0.00460	0.02254	0.00736	0.00644
16	0.10384	0.02079	0.02174	0.01716	0.02310	0.02322	0.01406	0.49731	0.12280	0.04615	0.02011	0.01991	0.01451	0.00948	0.00765	0.00243	0.00812	0.00711	0.00765	0.01286
17	0.01662	0.13401	0.59353	0.02138	0.03242	0.02018	0.02716	0.02493	0.01666	0.02424	0.01380	0.01620	0.01006	0.00743	0.00720	0.00240	0.01128	0.00564	0.00335	0.01151
18	0.03558	0.01350	0.01840	0.01411	0.02024	0.01166	0.01166	0.03865	0.02270	0.67734	0.03128	0.02699	0.01963	0.00981	0.00797	0.00245	0.00675	0.00797	0.00981	0.01350
19	0.00965	0.00739	0.00886	0.00987	0.01123	0.00660	0.00688	0.01140	0.01667	0.02136	0.09412	0.44235	0.27996	0.02258	0.00980	0.00298	0.00434	0.01993	0.00744	0.00660
20	0.02897	0.02542	0.02265	0.01836	0.02389	0.19179	0.01471	0.43805	0.06757	0.04071	0.01827	0.01874	0.01346	0.00924	0.00767	0.00230	0.00985	0.00674	0.02945	0.01217
21	0.08090	0.01759	0.01880	0.03509	0.02118	0.01963	0.01263	0.35232	0.12954	0.04045	0.02159	0.02262	0.01615	0.01224	0.04522	0.00294	0.00811	0.00733	0.12415	0.01154
22	0.73860	0.01527	0.01227	0.04558	0.01733	0.01778	0.00927	0.02316	0.01362	0.03480	0.01120	0.01330	0.00869	0.00739	0.00506	0.00246	0.00636	0.00443	0.00484	0.00860
23	0.02326	0.51638	0.06119	0.01561	0.02200	0.16587	0.01462	0.06226	0.01870	0.02092	0.01188	0.01357	0.01038	0.00726	0.00578	0.00184	0.00982	0.00465	0.00380	0.01023
24	0.09561	0.01968	0.08269	0.04903	0.25084	0.01835	0.05281	0.15043	0.03843	0.05658	0.02162	0.02378	0.06091	0.00887	0.00767	0.00243	0.00863	0.00763	0.03252	0.01149
25	0.02097	0.15525	0.33162	0.02182	0.04979	0.04674	0.10517	0.02727	0.01810	0.12614	0.01652	0.01825	0.01192	0.00766	0.00741	0.00236	0.01062	0.00638	0.00451	0.01151
26	0.01649	0.03733	0.57319	0.02396	0.06897	0.01859	0.04968	0.02633	0.06378	0.02576	0.01565	0.01801	0.01129	0.00771	0.00766	0.00252	0.01125	0.00628	0.00375	0.01179
27	0.03488	0.01462	0.01910	0.01464	0.02080	0.01332	0.01209	0.11674	0.02457	0.59660	0.02971	0.02597	0.01884	0.00978	0.00797	0.00244	0.00700	0.00787	0.00957	0.01349
28	0.04279	0.01323	0.01711	0.05454	0.08243	0.01330	0.01212	0.07172	0.10813	0.19244	0.18612	0.06326	0.08416	0.01241	0.00841	0.00254	0.00626	0.01059	0.00783	0.01061
29	0.01756	0.02297	0.17962	0.19385	0.25077	0.01867	0.09963	0.02506	0.06715	0.02489	0.01605	0.02032	0.01235	0.00762	0.00800	0.00252	0.01046	0.00721	0.00403	0.01125
30	0.01258	0.01008	0.01130	0.01200	0.01304	0.05811	0.00862	0.01458	0.01541	0.02125	0.03360	0.42426	0.03747	0.02552	0.10597	0.00429	0.04912	0.01610	0.11969	0.00701
31	0.02048	0.01142	0.01324	0.01167	0.01493	0.01144	0.00904	0.14602	0.02190	0.15144	0.06274	0.16599	0.02812	0.01289	0.00759	0.00237	0.00545	0.01085	0.28287	0.00955
32	0.05076	0.08934	0.21638	0.10676	0.10068	0.05350	0.17083	0.02565	0.01778	0.07197	0.01545	0.01878	0.01151	0.00745	0.00774	0.00245	0.01099	0.00687	0.00417	0.01095
33	0.01736	0.01977	0.09901	0.17457	0.28127	0.01791	0.14883	0.02335	0.03637	0.02435	0.01753	0.07126	0.01504	0.00863	0.00831	0.00257	0.01026	0.00859	0.00417	0.01087
34	0.00966	0.00690	0.00920	0.01104	0.01150	0.00644	0.00736	0.01104	0.01518	0.02024	0.04371	0.71614	0.05245	0.02484	0.01012	0.00322	0.00460	0.02254	0.00736	0.00644
35	0.02391	0.01411	0.01651	0.01396	0.01817	0.01435	0.01099	0.23204	0.04450	0.19992	0.03171	0.20059	0.05026	0.01387	0.00834	0.00258	0.00648	0.01168	0.07511	0.01089
36	0.02087	0.11166	0.13447	0.05610	0.03204	0.02017	0.24541	0.06350	0.05264	0.09850	0.01746	0.02010	0.01292	0.00786	0.00865	0.00245	0.03736	0.00745	0.00491	0.04551
37	0.00966	0.00690	0.00920	0.01104	0.01150	0.00644	0.00736	0.01104	0.01518	0.02024	0.04371	0.71614	0.05245	0.02484	0.01012	0.00322	0.00460	0.02254	0.00736	0.00644
38	0.02576	0.02101	0.02205	0.02002	0.08411	0.09559	0.01475	0.38491	0.02901	0.03885	0.01837	0.02032	0.01400	0.01209	0.04648	0.00291	0.04112	0.00700	0.08996	0.01167
39	0.01067	0.00768	0.01011	0.01035	0.01173	0.00712	0.00744	0.01359	0.01990	0.02774	0.44856	0.28991	0.06697	0.01924	0.00962	0.00275	0.00404	0.01722	0.00825	0.00712
40	0.01759	0.01539	0.04241	0.03823	0.02098	0.01168	0.01092	0.04320	0.01742	0.05157	0.01494	0.01713	0.01200	0.00629	0.00617	0.00137	0.00641	0.00504	0.00492	0.65635
41	0.01122	0.00811	0.01060	0.00998	0.01185	0.00748	0.00748	0.01496	0.02245	0.03180	0.66766	0.05923	0.07482	0.01621	0.00935	0.00249	0.00374	0.01434	0.00873	0.00748
42	0.02499	0.04672	0.01963	0.01488	0.01989	0.01978	0.01220	0.41736	0.05539	0.04221	0.02118	0.02220	0.01572	0.00938	0.00714	0.00221	0.00719	0.00717	0.22319	0.01158
43	0.01130	0.00816	0.01071	0.01022	0.01209	0.00757	0.00776	0.01504	0.02223	0.03138	0.63484	0.06082	0.07329	0.01651	0.00944	0.00255	0.00393	0.04603	0.00865	0.00747
44	0.02316	0.02064	0.02692	0.17648	0.13083	0.07333	0.08344	0.25411	0.07324	0.03350	0.01747	0.02026	0.01310	0.00849	0.00802	0.00246	0.00998	0.00732	0.00565	0.01161
45	0.00974	0.00787	0.00867	0.00885	0.01103	0.00679	0.00649	0.01196	0.01839	0.02306	0.17765	0.17371	0.46775	0.02015	0.00949	0.00273	0.00406	0.01723	0.00760	0.00679
46	0.06099	0.08230	0.02659	0.07356	0.12498	0.19674	0.05143	0.17517	0.05664	0.02953	0.01545	0.01785	0.01214	0.00841	0.00807	0.00233	0.03530	0.00643	0.00511	0.01100
47	0.07857	0.01823	0.02152	0.04398	0.02385	0.01905	0.04821	0.26901	0.09765	0.05637	0.01837	0.01953	0.01378	0.00855	0.00803	0.00219	0.03650	0.00666	0.00639	0.20356
48	0.01820	0.06315	0.25215	0.02895	0.09710	0.02042	0.28358	0.04105	0.01785	0.02518	0.01473	0.01887	0.01125	0.00763	0.00963	0.00259	0.06528	0.00748	0.00381	0.01111
49	0.02775	0.04632	0.01716	0.01281	0.01777	0.01137	0.01048	0.03092	0.02214	0.45784	0.19307	0.03630	0.05733	0.01167	0.00824	0.00244	0.00597	0.00973	0.00914	0.01156
50	0.01163	0.00888	0.01307	0.01291	0.01418	0.01048	0.00999	0.01425	0.01265	0.01827	0.02093	0.03164	0.01987	0.09402	0.62179	0.01202	0.05358	0.00859	0.00424	0.00703
51	0.02205	0.01746	0.01944	0.01454	0.02119	0.01659	0.01181	0.26977	0.05567	0.03579	0.01694	0.01811	0.01304	0.00756	0.00680	0.00173	0.00703	0.00587	0.00615	0.43247
52	0.01895	0.07307	0.07086	0.06672	0.03828	0.02035	0.47115	0.05271	0.01899	0.02574	0.01551	0.02015	0.01178	0.00688	0.00863	0.00250	0.01215	0.00834	0.00412	0.05312
53	0.04223	0.47166	0.21040	0.01640	0.02425	0.07567	0.01777	0.02468	0.01667	0.02093	0.01197	0.01392	0.01010	0.00710	0.00589	0.00196	0.00971	0.00474	0.00347	0.01047
54	0.02526	0.02156	0.02389	0.01873	0.02439	0.10373	0.09435	0.34966	0.06427	0.03811	0.02169	0.02270	0.04361	0.00936	0.00781	0.00231	0.00914	0.00763	0.06981	0.04198
55	0.00958	0.00800	0.00809	0.00809	0.01051	0.00679	0.00591	0.01140	0.01744	0.02083	0.07494	0.07394	0.60628	0.08842	0.01239	0.00317	0.00437	0.01623	0.00711	0.00651
56	0.06014	0.01417	0.02307	0.66127	0.05229	0.01763	0.02123	0.02044	0.01572	0.02117	0.01391	0.02065	0.01045	0.00789	0.00775	0.00263	0.01031	0.00688	0.00361	0.00880
57	0.00976	0.00697	0.00931	0.01115	0.01165	0.00652	0.00753	0.01121	0.01528	0.02035	0.04365	0.69688	0.05224	0.02475	0.01015	0.00323	0.00468	0.04086	0.00736	0.00647
58	0.01683	0.01486	0.02356	0.22163	0.26848	0.01617	0.01888	0.05481	0.01788	0.02436	0.05136	0.05551	0.04212	0.01160	0.01052	0.05241	0.03670	0.04789	0.00469	0.00977
59	0.01115	0.00810	0.01050	0.00990	0.01180	0.00745	0.00742	0.01482	0.02227	0.03138	0.64413	0.05992	0.09861	0.01637	0.00935	0.00250	0.00375	0.01444	0.00867	0.00745
60	0.77733	0.01534	0.01166	0.01043	0.01534	0.01779	0.00859	0.02331	0.01350	0.03558	0.01104	0.01288	0.00859	0.00736	0.00491	0.00245	0.00613	0.00429	0.00491	0.00859
61	0.01109	0.00810	0.01041	0.00983	0.01176	0.00742	0.00738	0.01470	0.02213	0.03104	0.62468	0.06048	0.11828	0.01649	0.00935	0.00251	0.00376	0.01452	0.00863	0.00742
62	0.09147	0.03515	0.52807	0.02103	0.03141	0.01777	0.04905	0.02625	0.01707	0.08858	0.01562	0.01753	0.01090	0.00770	0.00739	0.00251	0.01077	0.00604	0.00414	0.01155
63	0.02120	0.72609	0.04155	0.01357	0.02035	0.03138	0.01357	0.02374	0.01611	0.01866	0.01102	0.01272	0.01018	0.00678	0.00509	0.00170	0.00848	0.00424	0.00339	0.01018
64	0.12263	0.01371	0.01761	0.01368	0.01967	0.01237	0.01130	0.03685	0.02162	0.60203	0.02891	0.02533	0.01833	0.00953	0.00761	0.00245	0.00668	0.00754	0.00924	0.01292
65	0.01646	0.01982	0.12645	0.02437	0.03085	0.01557	0.34412	0.02188	0.01781	0.05327	0.02705	0.17257	0.06872	0.01179	0.00919	0.00276	0.01029	0.01213	0.00513	0.00977
66	0.02753	0.02125	0.02594	0.01980	0.02603	0.02299	0.09546	0.53019	0.03366	0.04515	0.02003	0.05827	0.01547	0.01001	0.00824	0.00246	0.00909	0.00829	0.00740	0.01273
67	0.01919	0.48791	0.23661	0.01621	0.02432	0.02647	0.01817	0.02383	0.01655	0.02115	0.03731	0.01575	0.01263	0.00738	0.00600	0.00198	0.00929	0.00513	0.00358	0.01055
68	0.02388	0.09946	0.02171	0.01698	0.04685	0.11670	0.01309	0.11659	0.11852	0.14342	0.09023	0.07577	0.02439	0.01119	0.00875	0.00244	0.04347	0.00880	0.00685	0.01091
69	0.01928	0.01512	0.01721	0.01537	0.01828	0.07972	0.01220	0.10410	0.06508	0.09220	0.02090	0.02606	0.01746	0.03485	0.34989	0.00765	0.08196	0.00782	0.00550	0.00935
70	0.01154	0.00844	0.00914	0.00874	0.01156	0.00717	0.00664	0.01387	0.01901	0.07084	0.15703	0.07037	0.53997	0.01880	0.00927	0.00264	0.00418	0.01577	0.00773	0.00730

[dist]
# distance from previous block
# <min> <max>
0	2

[block]
# block no. 1 follows, 24 sequences, length 70
# corresponding to MSA columns:
# 103-172
name=unknown_B
#
# <colnr> <probs for GDERKNQSTAVLIFYWHMCP>
#	G	D	E	R	K	N	Q	S	T	A	V	L	I	F	Y	W	H	M	C	P
0	0.01975	0.01789	0.01761	0.01592	0.02026	0.06507	0.01233	0.03945	0.57294	0.03147	0.03396	0.03151	0.06435	0.01117	0.00809	0.00264	0.00668	0.00920	0.00775	0.01195
1	0.01193	0.00811	0.01082	0.01168	0.01319	0.00763	0.00891	0.01461	0.01833	0.05117	0.20998	0.32615	0.08030	0.02099	0.01001	0.00308	0.00513	0.17293	0.00781	0.00724
2	0.01322	0.07026	0.08365	0.01308	0.01623	0.01117	0.01150	0.01735	0.04653	0.04126	0.12725	0.26588	0.09524	0.01833	0.00929	0.00292	0.00617	0.13570	0.00690	0.00810
3	0.01122	0.00811	0.01060	0.00998	0.01185	0.00748	0.00748	0.01496	0.02245	0.03180	0.66766	0.05923	0.07482	0.01621	0.00935	0.00249	0.00374	0.01434	0.00873	0.00748
4	0.02558	0.02149	0.02115	0.01723	0.02282	0.09165	0.01380	0.33494	0.22980	0.03932	0.02207	0.02164	0.01637	0.00945	0.00771	0.00234	0.00828	0.00729	0.00728	0.07978
5	0.02052	0.01354	0.01576	0.01290	0.01757	0.01296	0.01018	0.13493	0.08197	0.12819	0.11559	0.08919	0.02784	0.01107	0.00759	0.00216	0.00591	0.00925	0.08774	0.19515
6	0.31524	0.17406	0.02118	0.01330	0.01799	0.02042	0.01143	0.07929	0.01679	0.08310	0.01475	0.01737	0.01195	0.01507	0.09800	0.00372	0.06608	0.00562	0.00505	0.00960
7	0.01263	0.00908	0.01257	0.01432	0.01618	0.00902	0.01248	0.01621	0.01825	0.02363	0.04367	0.08887	0.07299	0.02183	0.01088	0.00361	0.00716	0.59205	0.00730	0.00728
8	0.01948	0.01689	0.01823	0.05091	0.02234	0.01962	0.01303	0.04103	0.62501	0.03252	0.03135	0.02916	0.02352	0.01062	0.00806	0.00269	0.00649	0.00887	0.00784	0.01236
9	0.00945	0.00804	0.00814	0.00811	0.01076	0.00673	0.00608	0.01153	0.01825	0.02184	0.10417	0.07562	0.64453	0.01993	0.00937	0.00267	0.00401	0.01664	0.00742	0.00673
10	0.05969	0.01755	0.02063	0.01587	0.02206	0.01779	0.01311	0.31558	0.02904	0.36742	0.02496	0.02285	0.01642	0.00959	0.00785	0.00242	0.00763	0.00746	0.00878	0.01331
11	0.01713	0.03245	0.40382	0.02732	0.03743	0.01913	0.29711	0.02524	0.01760	0.02524	0.01502	0.01877	0.01091	0.00716	0.00833	0.00258	0.01244	0.00739	0.00364	0.01127
12	0.00975	0.00697	0.00928	0.01098	0.01152	0.00650	0.00737	0.01127	0.01560	0.02091	0.07949	0.67847	0.05373	0.02435	0.01008	0.00318	0.00455	0.02207	0.00744	0.00650
13	0.01963	0.01884	0.03219	0.04867	0.67185	0.01884	0.02434	0.02434	0.01806	0.02591	0.01492	0.01963	0.01256	0.00707	0.00785	0.00236	0.00942	0.00707	0.00393	0.01256
14	0.01838	0.38411	0.28958	0.01783	0.02639	0.02442	0.05180	0.02371	0.01660	0.02167	0.01620	0.01810	0.04503	0.00778	0.00649	0.00212	0.00976	0.00580	0.00362	0.01062
15	0.01934	0.02052	0.08124	0.04670	0.62359	0.01881	0.02471	0.02440	0.01796	0.02585	0.01486	0.01941	0.01237	0.00710	0.00783	0.00237	0.00959	0.00697	0.00388	0.01250
16	0.00981	0.00803	0.00855	0.00843	0.01084	0.00689	0.00625	0.01207	0.01863	0.02314	0.18972	0.07204	0.52880	0.04881	0.01067	0.00285	0.00412	0.01606	0.00752	0.00676
17	0.02808	0.07946	0.02446	0.01970	0.05779	0.22867	0.01511	0.34910	0.02920	0.03603	0.01643	0.01760	0.01248	0.00876	0.00737	0.00220	0.01024	0.00630	0.03945	0.01160
18	0.05262	0.05149	0.06280	0.09052	0.06063	0.05630	0.21733	0.02453	0.04512	0.04669	0.01483	0.01941	0.01187	0.00921	0.01296	0.00277	0.19917	0.00747	0.00419	0.01009
19	0.02108	0.67255	0.04084	0.01623	0.06967	0.03043	0.01438	0.02379	0.01626	0.01921	0.01132	0.01324	0.01036	0.00681	0.00530	0.00175	0.00855	0.00445	0.00343	0.01036
20	0.01145	0.00802	0.01031	0.01031	0.01089	0.00859	0.00688	0.01260	0.01202	0.01661	0.02346	0.04346	0.02517	0.45211	0.30456	0.00974	0.01320	0.01030	0.00458	0.00573
21	0.77733	0.01534	0.01166	0.01043	0.01534	0.01779	0.00859	0.02331	0.01350	0.03558	0.01104	0.01288	0.00859	0.00736	0.00491	0.00245	0.00613	0.00429	0.00491	0.00859
22	0.01153	0.00769	0.00865	0.00865	0.00865	0.00769	0.00480	0.01153	0.01153	0.01538	0.02499	0.05189	0.02883	0.72131	0.04036	0.00769	0.00769	0.01153	0.00480	0.00480
23	0.01837	0.01663	0.02252	0.01889	0.02035	0.02144	0.01565	0.04838	0.01469	0.05072	0.03977	0.01950	0.01382	0.01267	0.02136	0.00307	0.53298	0.00704	0.00432	0.09784
24	0.01707	0.01446	0.01678	0.01204	0.01906	0.01121	0.00965	0.04843	0.01739	0.02694	0.01432	0.01656	0.01182	0.00604	0.00597	0.00123	0.00600	0.00481	0.00485	0.73537
25	0.02378	0.01599	0.03760	0.01507	0.01958	0.01598	0.01214	0.24906	0.09751	0.16714	0.02910	0.18951	0.02595	0.05094	0.01018	0.00291	0.00710	0.01138	0.00789	0.01119
26	0.00979	0.00700	0.00932	0.01095	0.01153	0.00653	0.00737	0.01137	0.01578	0.02120	0.09525	0.66188	0.05430	0.02413	0.01006	0.00316	0.00453	0.02187	0.00747	0.00653
27	0.01872	0.02139	0.04679	0.03342	0.04144	0.02005	0.64305	0.02540	0.01872	0.02540	0.01604	0.02139	0.01203	0.00668	0.00936	0.00267	0.01337	0.00936	0.00401	0.01070
28	0.01701	0.01437	0.02032	0.46266	0.04118	0.04602	0.01772	0.02353	0.08123	0.05268	0.01847	0.02327	0.01387	0.00851	0.00754	0.00249	0.00906	0.00725	0.12363	0.00919
29	0.01377	0.00689	0.01033	0.01033	0.01033	0.00689	0.00689	0.01033	0.01033	0.01377	0.01377	0.02410	0.01377	0.02755	0.03099	0.76928	0.00689	0.00689	0.00344	0.00344
30	0.01113	0.00810	0.01047	0.00988	0.01179	0.00744	0.00741	0.01478	0.02222	0.03126	0.63735	0.06012	0.10547	0.01641	0.00935	0.00250	0.00376	0.01446	0.00866	0.00744
31	0.00939	0.00798	0.00809	0.00818	0.01075	0.00668	0.00609	0.01136	0.01794	0.02137	0.07858	0.10695	0.63912	0.02031	0.00941	0.00270	0.00404	0.01701	0.00736	0.00668
32	0.74398	0.01564	0.01220	0.01078	0.01575	0.01809	0.00888	0.05107	0.01456	0.03622	0.01140	0.01316	0.00881	0.00746	0.00504	0.00245	0.00625	0.00442	0.00504	0.00881
33	0.01937	0.01858	0.03173	0.08421	0.63829	0.01877	0.02421	0.02412	0.01794	0.02560	0.01487	0.01971	0.01245	0.00711	0.00785	0.00237	0.00948	0.00706	0.00390	0.01236
34	0.01498	0.01409	0.02378	0.70226	0.05462	0.01762	0.02202	0.02026	0.01586	0.02026	0.01409	0.02114	0.01057	0.00793	0.00793	0.00264	0.01057	0.00705	0.00352	0.00881
35	0.00973	0.00704	0.00907	0.01066	0.01129	0.00653	0.00711	0.01110	0.01524	0.02009	0.04591	0.62650	0.10454	0.06038	0.01162	0.00340	0.00471	0.02147	0.00723	0.00638
36	0.03493	0.01364	0.01838	0.01419	0.02026	0.01199	0.01169	0.03879	0.04869	0.65096	0.03133	0.02710	0.01982	0.00985	0.00798	0.00246	0.00673	0.00802	0.00974	0.01346
37	0.01817	0.01865	0.03611	0.10173	0.19782	0.01886	0.32893	0.02361	0.01761	0.02485	0.01588	0.02123	0.01252	0.00764	0.00980	0.00259	0.06367	0.00822	0.06153	0.01057
38	0.02120	0.72609	0.04155	0.01357	0.02035	0.03138	0.01357	0.02374	0.01611	0.01866	0.01102	0.01272	0.01018	0.00678	0.00509	0.00170	0.00848	0.00424	0.00339	0.01018
39	0.05804	0.04923	0.02882	0.10345	0.08754	0.01914	0.18245	0.02529	0.08531	0.05810	0.01713	0.02092	0.01342	0.00875	0.01080	0.00258	0.12493	0.00750	0.03872	0.05787
40	0.01869	0.32158	0.38910	0.01880	0.02816	0.05376	0.02223	0.02485	0.01674	0.02221	0.01283	0.01498	0.01011	0.00726	0.00651	0.00216	0.01051	0.00516	0.00340	0.01097
41	0.02069	0.01752	0.01848	0.01633	0.02099	0.02018	0.01279	0.09829	0.59979	0.03474	0.03104	0.02860	0.02321	0.01064	0.00806	0.00266	0.00650	0.00880	0.00806	0.01264
42	0.00966	0.00690	0.00920	0.01104	0.01150	0.00644	0.00736	0.01104	0.01518	0.02024	0.04371	0.71614	0.05245	0.02484	0.01012	0.00322	0.00460	0.02254	0.00736	0.00644
43	0.01168	0.00862	0.01206	0.06342	0.01518	0.00967	0.00893	0.01365	0.01253	0.01742	0.02209	0.03809	0.02246	0.30105	0.39735	0.01010	0.01541	0.00951	0.00440	0.00637
44	0.02801	0.02284	0.02259	0.01802	0.02334	0.10758	0.01457	0.48913	0.03227	0.04207	0.01813	0.02024	0.01384	0.04266	0.03452	0.00299	0.04099	0.00711	0.00698	0.01212
45	0.01682	0.01656	0.02327	0.02010	0.02023	0.02301	0.01669	0.01865	0.01220	0.01902	0.01137	0.01857	0.01124	0.01792	0.08487	0.00429	0.64603	0.00708	0.00354	0.00853
46	0.66023	0.01801	0.01342	0.01188	0.01678	0.08686	0.00963	0.05799	0.01571	0.03471	0.01160	0.01336	0.00902	0.00756	0.00530	0.00241	0.00711	0.00453	0.00499	0.00892
47	0.01052	0.00808	0.00962	0.00923	0.01141	0.00718	0.00693	0.01360	0.02078	0.02784	0.44334	0.06576	0.30162	0.01769	0.00936	0.00256	0.00385	0.01526	0.00821	0.00718
48	0.01651	0.01468	0.02212	0.52699	0.04564	0.01785	0.01942	0.05665	0.11754	0.02428	0.01774	0.02274	0.01330	0.00852	0.00784	0.00260	0.00949	0.00737	0.03914	0.00958
49	0.02066	0.04248	0.09708	0.05024	0.22842	0.12730	0.09554	0.07103	0.01969	0.02606	0.04169	0.02046	0.01459	0.00845	0.00914	0.00242	0.06315	0.00714	0.04363	0.01082
50	0.02370	0.43561	0.03401	0.01609	0.02177	0.13425	0.01443	0.12899	0.02033	0.02407	0.01251	0.01444	0.01076	0.00809	0.00775	0.00202	0.07135	0.00510	0.00427	0.01044
51	0.59274	0.11738	0.01698	0.01192	0.01700	0.09025	0.00999	0.02425	0.01481	0.03151	0.01117	0.01301	0.00898	0.00737	0.00517	0.00230	0.00732	0.00437	0.00461	0.00887
52	0.02116	0.65230	0.03906	0.01390	0.02027	0.06607	0.01348	0.02369	0.01629	0.01868	0.01161	0.01374	0.01067	0.00953	0.03990	0.00227	0.00944	0.00450	0.00347	0.00997
53	0.01880	0.01907	0.03774	0.06591	0.09036	0.01858	0.42345	0.07817	0.01935	0.02622	0.01726	0.05449	0.01420	0.00948	0.01070	0.06068	0.01156	0.00929	0.00444	0.01025
54	0.03349	0.01303	0.01773	0.01375	0.01952	0.01130	0.01130	0.03661	0.02268	0.62187	0.08597	0.02976	0.02437	0.01036	0.00809	0.00246	0.00649	0.00852	0.00972	0.01298
55	0.01149	0.00784	0.00942	0.00942	0.00969	0.00811	0.00577	0.01203	0.01176	0.01595	0.02428	0.04798	0.02713	0.59655	0.16280	0.00864	0.01024	0.01096	0.00470	0.00523
56	0.00966	0.00690	0.00920	0.01104	0.01150	0.00644	0.00736	0.01104	0.01518	0.02024	0.04371	0.71614	0.05245	0.02484	0.01012	0.00322	0.00460	0.02254	0.00736	0.00644
57	0.01149	0.00784	0.00944	0.00944	0.00971	0.00812	0.00579	0.01204	0.01176	0.01596	0.02427	0.04791	0.02710	0.59411	0.16520	0.00866	0.01029	0.01095	0.00470	0.00524
58	0.00941	0.00790	0.00817	0.00840	0.01081	0.00666	0.00619	0.01134	0.01773	0.02128	0.07590	0.15367	0.59413	0.02066	0.00946	0.00274	0.00409	0.01744	0.00736	0.00666
59	0.01297	0.01127	0.01820	0.24235	0.10964	0.01214	0.03700	0.01624	0.01589	0.02114	0.02943	0.37676	0.03231	0.01644	0.00909	0.00290	0.00747	0.01507	0.00556	0.00814
60	0.03043	0.02175	0.02351	0.01803	0.02436	0.02391	0.01489	0.61333	0.03651	0.08314	0.01969	0.01946	0.01381	0.00953	0.00793	0.00238	0.00862	0.00718	0.00803	0.01349
61	0.09173	0.01363	0.01789	0.01383	0.01987	0.01212	0.01142	0.03748	0.02200	0.62876	0.02975	0.02592	0.01879	0.00963	0.00774	0.00245	0.00670	0.00770	0.00944	0.01312
62	0.02032	0.02174	0.03442	0.08031	0.09675	0.10050	0.28604	0.06687	0.01877	0.02471	0.01436	0.01934	0.01152	0.00870	0.01225	0.00271	0.15844	0.00779	0.00413	0.01032
63	0.03111	0.04736	0.02146	0.01780	0.08151	0.01525	0.01331	0.13497	0.02389	0.43479	0.02554	0.02356	0.01694	0.00908	0.00767	0.00230	0.00733	0.00734	0.00828	0.07051
64	0.08209	0.01351	0.01713	0.01351	0.01915	0.01230	0.01101	0.03456	0.07134	0.48171	0.07949	0.02800	0.02304	0.00993	0.00772	0.00238	0.00636	0.00806	0.00887	0.06985
65	0.02132	0.02241	0.02521	0.05320	0.05381	0.17981	0.06545	0.07580	0.01784	0.02305	0.01302	0.01786	0.01126	0.01084	0.01626	0.00282	0.33853	0.00674	0.03526	0.00949
66	0.00982	0.00697	0.00915	0.01083	0.01125	0.00655	0.00714	0.01108	0.01486	0.01982	0.04207	0.65818	0.05039	0.08562	0.01276	0.00361	0.00487	0.02158	0.00714	0.00630
67	0.02435	0.02051	0.02083	0.04749	0.02397	0.07224	0.01417	0.27685	0.33808	0.03815	0.02477	0.02392	0.01834	0.00995	0.00794	0.00252	0.00803	0.00787	0.00751	0.01250
68	0.01590	0.01527	0.02574	0.52910	0.11926	0.01856	0.04788	0.02081	0.01583	0.02098	0.01388	0.02058	0.01084	0.00841	0.00990	0.00270	0.08435	0.00713	0.00358	0.00929
69	0.01707	0.02872	0.31612	0.02487	0.03207	0.02063	0.18520	0.02335	0.01586	0.02335	0.01354	0.01813	0.01067	0.00924	0.01363	0.00284	0.22351	0.00710	0.00356	0.01053

[dist]
# distance from previous block
# <min> <max>
0	7

[block]
# block no. 2 follows, 24 sequences, length 8
# corresponding to MSA columns:
# 180-187
name=unknown_C
#
# <colnr> <probs for GDERKNQSTAVLIFYWHMCP>
#	G	D	E	R	K	N	Q	S	T	A	V	L	I	F	Y	W	H	M	C	P
0	0.01880	0.08632	0.08337	0.02646	0.05483	0.06104	0.35421	0.02417	0.01796	0.02406	0.01678	0.02076	0.03286	0.00751	0.00894	0.00237	0.04177	0.00785	0.00408	0.10587
1	0.01700	0.01971	0.07777	0.22960	0.04279	0.01886	0.36704	0.02300	0.01732	0.02338	0.01623	0.04906	0.01304	0.00816	0.00957	0.00271	0.04200	0.00888	0.00394	0.00994
2	0.01550	0.01511	0.02734	0.45647	0.08577	0.01703	0.14290	0.02071	0.01678	0.02210	0.04345	0.06784	0.01636	0.00907	0.00841	0.00266	0.01038	0.00881	0.00411	0.00920
3	0.01074	0.00841	0.00988	0.01011	0.01224	0.00731	0.00730	0.01266	0.01631	0.02124	0.05159	0.31235	0.26499	0.07066	0.01155	0.00312	0.00495	0.05535	0.00684	0.10240
4	0.10976	0.25279	0.28190	0.01713	0.02519	0.02211	0.01900	0.02621	0.04120	0.08789	0.01504	0.01651	0.01141	0.00786	0.00721	0.00228	0.03569	0.00552	0.00436	0.01094
5	0.56002	0.07097	0.01559	0.06090	0.01891	0.01855	0.01029	0.06296	0.01605	0.03382	0.05855	0.01717	0.01389	0.00813	0.00565	0.00241	0.00664	0.00539	0.00516	0.00897
6	0.00960	0.00804	0.00836	0.00828	0.01085	0.00679	0.00621	0.01183	0.01862	0.02273	0.15414	0.07417	0.59401	0.01960	0.00937	0.00265	0.00398	0.01643	0.00754	0.00679
7	0.01096	0.00830	0.01024	0.01034	0.01246	0.00758	0.00814	0.01413	0.02016	0.02678	0.34741	0.07110	0.25795	0.01866	0.00970	0.00280	0.00459	0.14351	0.00799	0.00719

[dist]
# distance from previous block
# <min> <max>
16	45

[block]
# block no. 3 follows, 24 sequences, length 52
# corresponding to MSA columns:
# 235-286
name=unknown_D
#
# <colnr> <probs for GDERKNQSTAVLIFYWHMCP>
#	G	D	E	R	K	N	Q	S	T	A	V	L	I	F	Y	W	H	M	C	P
0	0.01328	0.01091	0.01509	0.06718	0.01896	0.00997	0.04262	0.01734	0.03742	0.02652	0.25000	0.16986	0.04312	0.01405	0.00850	0.00236	0.00571	0.03337	0.00668	0.20707
1	0.01745	0.01197	0.01512	0.01336	0.04690	0.00984	0.00971	0.02047	0.01784	0.12734	0.08167	0.16585	0.05816	0.01194	0.00762	0.00203	0.00565	0.01032	0.00647	0.36031
2	0.01597	0.01399	0.01840	0.06896	0.04800	0.01153	0.03961	0.01964	0.01645	0.02489	0.01679	0.07797	0.01523	0.00777	0.00664	0.00158	0.00662	0.00674	0.00477	0.57844
3	0.01960	0.01896	0.02881	0.07570	0.50119	0.05036	0.02157	0.02552	0.06879	0.02587	0.01605	0.01997	0.01320	0.00736	0.00767	0.00228	0.00916	0.00692	0.00431	0.07672
4	0.01649	0.01420	0.01742	0.01475	0.07396	0.01114	0.01046	0.01995	0.01635	0.02536	0.01467	0.01836	0.01261	0.03920	0.00764	0.00158	0.00626	0.00522	0.00464	0.66975
5	0.01769	0.02077	0.09355	0.02932	0.10216	0.01780	0.38038	0.02457	0.05161	0.02590	0.04498	0.05465	0.01703	0.00818	0.00871	0.00252	0.01099	0.00921	0.00457	0.07542
6	0.01254	0.07484	0.01363	0.01116	0.01350	0.01016	0.00842	0.03841	0.01805	0.02426	0.17440	0.32068	0.10551	0.04182	0.01004	0.00284	0.00519	0.03963	0.00701	0.06789
7	0.77733	0.01534	0.01166	0.01043	0.01534	0.01779	0.00859	0.02331	0.01350	0.03558	0.01104	0.01288	0.00859	0.00736	0.00491	0.00245	0.00613	0.00429	0.00491	0.00859
8	0.01377	0.00689	0.01033	0.01033	0.01033	0.00689	0.00689	0.01033	0.01033	0.01377	0.01377	0.02410	0.01377	0.02755	0.03099	0.76928	0.00689	0.00689	0.00344	0.00344
9	0.02642	0.01983	0.11693	0.01631	0.02282	0.01667	0.01485	0.16361	0.14570	0.26412	0.05885	0.02553	0.02033	0.00976	0.00790	0.00244	0.00762	0.00787	0.00785	0.04459
10	0.01478	0.00739	0.00739	0.00739	0.00924	0.00739	0.00554	0.01848	0.01663	0.02956	0.02587	0.02956	0.02033	0.00924	0.00554	0.00185	0.00370	0.00739	0.76534	0.00739
11	0.01851	0.01460	0.01709	0.01446	0.04131	0.01365	0.01091	0.10864	0.12561	0.05276	0.09861	0.07469	0.02478	0.00995	0.00738	0.00198	0.00614	0.00836	0.00651	0.34407
12	0.04581	0.01437	0.02376	0.13540	0.02928	0.01491	0.17035	0.04037	0.07827	0.05203	0.08705	0.06380	0.02895	0.01287	0.00916	0.00290	0.00883	0.16646	0.00608	0.00935
13	0.01478	0.00739	0.00739	0.00739	0.00924	0.00739	0.00554	0.01848	0.01663	0.02956	0.02587	0.02956	0.02033	0.00924	0.00554	0.00185	0.00370	0.00739	0.76534	0.00739
14	0.01972	0.01703	0.01793	0.01614	0.02062	0.01972	0.01255	0.04214	0.65752	0.03317	0.03228	0.02959	0.02421	0.01076	0.00807	0.00269	0.00628	0.00897	0.00807	0.01255
15	0.01134	0.00812	0.01100	0.01108	0.01190	0.00891	0.00782	0.01301	0.01236	0.01729	0.02358	0.06579	0.02461	0.31708	0.40944	0.01040	0.01529	0.01023	0.00459	0.00617
16	0.01170	0.00803	0.01041	0.01081	0.01235	0.00747	0.00799	0.01432	0.01871	0.04910	0.28937	0.26521	0.10671	0.06071	0.01155	0.00318	0.00482	0.09260	0.00783	0.00714
17	0.02962	0.03779	0.02247	0.02043	0.02451	0.68948	0.01532	0.03166	0.02247	0.01941	0.01226	0.01430	0.01021	0.00817	0.00715	0.00204	0.01430	0.00511	0.00409	0.00919
18	0.01963	0.01884	0.03219	0.04867	0.67185	0.01884	0.02434	0.02434	0.01806	0.02591	0.01492	0.01963	0.01256	0.00707	0.00785	0.00236	0.00942	0.00707	0.00393	0.01256
19	0.01644	0.01409	0.01644	0.01175	0.01879	0.01057	0.00940	0.01997	0.01644	0.02584	0.01409	0.01644	0.01175	0.00587	0.00587	0.00117	0.00587	0.00470	0.00470	0.76979
20	0.01972	0.01703	0.01793	0.01614	0.02062	0.01972	0.01255	0.04214	0.65752	0.03317	0.03228	0.02959	0.02421	0.01076	0.00807	0.00269	0.00628	0.00897	0.00807	0.01255
21	0.01491	0.01367	0.02300	0.66197	0.05204	0.01699	0.02114	0.01968	0.01553	0.01988	0.01408	0.02131	0.01076	0.00907	0.00927	0.04728	0.01036	0.00704	0.00352	0.00850
22	0.01644	0.01409	0.01644	0.01175	0.01879	0.01057	0.00940	0.01997	0.01644	0.02584	0.01409	0.01644	0.01175	0.00587	0.00587	0.00117	0.00587	0.00470	0.00470	0.76979
23	0.77733	0.01534	0.01166	0.01043	0.01534	0.01779	0.00859	0.02331	0.01350	0.03558	0.01104	0.01288	0.00859	0.00736	0.00491	0.00245	0.00613	0.00429	0.00491	0.00859
24	0.01478	0.00739	0.00739	0.00739	0.00924	0.00739	0.00554	0.01848	0.01663	0.02956	0.02587	0.02956	0.02033	0.00924	0.00554	0.00185	0.00370	0.00739	0.76534	0.00739
25	0.01695	0.03831	0.60225	0.02311	0.03430	0.01826	0.07729	0.02570	0.01715	0.05241	0.01509	0.01754	0.01060	0.00756	0.00770	0.00252	0.01164	0.00623	0.00367	0.01171
26	0.01279	0.00895	0.01183	0.01305	0.01513	0.00858	0.01106	0.01596	0.01821	0.04837	0.04942	0.12087	0.17089	0.02124	0.01047	0.00338	0.00646	0.43857	0.00742	0.00737
27	0.01478	0.00739	0.00739	0.00739	0.00924	0.00739	0.00554	0.01848	0.01663	0.02956	0.02587	0.02956	0.02033	0.00924	0.00554	0.00185	0.00370	0.00739	0.76534	0.00739
28	0.48128	0.07394	0.01786	0.01315	0.01866	0.02102	0.01103	0.21985	0.02122	0.03878	0.01357	0.01481	0.01026	0.00800	0.00588	0.00237	0.00714	0.00519	0.00574	0.01026
29	0.25749	0.04621	0.16331	0.01598	0.02266	0.01813	0.04363	0.08672	0.09830	0.10813	0.01852	0.01930	0.01344	0.00836	0.00677	0.00244	0.00798	0.00631	0.04542	0.01090
30	0.01994	0.22111	0.38241	0.01842	0.02780	0.02058	0.02158	0.02621	0.01733	0.10861	0.01558	0.01698	0.01143	0.00753	0.00683	0.00221	0.00985	0.00563	0.00428	0.05568
31	0.01525	0.01427	0.02344	0.66230	0.05264	0.01774	0.02147	0.02153	0.05322	0.02101	0.01515	0.02163	0.01136	0.00809	0.00794	0.00265	0.01032	0.00716	0.00379	0.00903
32	0.01644	0.01409	0.01644	0.01175	0.01879	0.01057	0.00940	0.01997	0.01644	0.02584	0.01409	0.01644	0.01175	0.00587	0.00587	0.00117	0.00587	0.00470	0.00470	0.76979
33	0.02112	0.08554	0.27885	0.02085	0.05337	0.01719	0.09621	0.02765	0.04171	0.17299	0.02046	0.06059	0.01564	0.00892	0.00776	0.00243	0.00955	0.00771	0.00539	0.04607
34	0.12448	0.44047	0.05535	0.01512	0.02118	0.18804	0.01388	0.02565	0.01732	0.02133	0.01144	0.01326	0.00997	0.00722	0.00565	0.00191	0.00968	0.00451	0.00376	0.00978
35	0.01133	0.00850	0.01274	0.01274	0.01416	0.00991	0.00991	0.01416	0.01274	0.01841	0.02124	0.03115	0.01982	0.05947	0.68989	0.01274	0.02124	0.00850	0.00425	0.00708
36	0.01822	0.02167	0.12379	0.08886	0.33472	0.01857	0.17289	0.02451	0.04005	0.02508	0.01603	0.02139	0.01298	0.03536	0.00946	0.00270	0.01060	0.00769	0.00401	0.01140
37	0.01089	0.00809	0.01014	0.00963	0.01164	0.00734	0.00722	0.01432	0.02167	0.02994	0.56268	0.06229	0.18096	0.01690	0.00936	0.00253	0.00379	0.01477	0.00849	0.00734
38	0.01644	0.01409	0.01644	0.01175	0.01879	0.01057	0.00940	0.01997	0.01644	0.02584	0.01409	0.01644	0.01175	0.00587	0.00587	0.00117	0.00587	0.00470	0.00470	0.76979
39	0.02030	0.40747	0.16521	0.01584	0.02293	0.05523	0.01642	0.02418	0.01674	0.05493	0.01566	0.01734	0.03668	0.00804	0.00726	0.00203	0.04965	0.00548	0.00399	0.05462
40	0.07323	0.08076	0.01273	0.00984	0.01273	0.01039	0.00762	0.01534	0.01754	0.05727	0.12326	0.16607	0.32537	0.04135	0.00969	0.00279	0.00497	0.01456	0.00696	0.00753
41	0.01181	0.00920	0.01366	0.01339	0.01469	0.01105	0.01050	0.01455	0.01270	0.01846	0.02038	0.03006	0.01908	0.05585	0.63718	0.01201	0.07567	0.00837	0.00419	0.00721
42	0.01859	0.02017	0.03863	0.03445	0.19106	0.04912	0.40486	0.02409	0.01840	0.02477	0.01817	0.08527	0.01584	0.00853	0.00896	0.00262	0.01164	0.00983	0.00431	0.01068
43	0.01836	0.01403	0.01664	0.01198	0.01894	0.01068	0.00962	0.02184	0.01707	0.09122	0.01582	0.01750	0.01254	0.00627	0.00608	0.00130	0.00596	0.00503	0.00521	0.69389
44	0.02041	0.66908	0.03910	0.01328	0.01968	0.02948	0.01309	0.02305	0.01662	0.01970	0.06316	0.01641	0.01531	0.00753	0.00543	0.00176	0.00810	0.00504	0.00382	0.00996
45	0.07871	0.08182	0.18777	0.02504	0.06521	0.01883	0.27112	0.02468	0.01787	0.05347	0.05324	0.02103	0.01513	0.00762	0.00793	0.00243	0.01061	0.00761	0.00442	0.04548
46	0.05587	0.21734	0.29544	0.02122	0.03009	0.02221	0.14463	0.05405	0.01799	0.05017	0.01446	0.01690	0.01093	0.00734	0.00715	0.00231	0.01058	0.00619	0.00403	0.01110
47	0.01590	0.04102	0.68023	0.02260	0.03432	0.01842	0.02930	0.02511	0.01674	0.02511	0.01423	0.01674	0.01005	0.00753	0.00753	0.00251	0.01172	0.00586	0.00335	0.01172
48	0.05273	0.01254	0.05116	0.01184	0.01566	0.01093	0.00982	0.02265	0.12273	0.12616	0.18566	0.08822	0.22847	0.01509	0.00867	0.00262	0.00532	0.01272	0.00780	0.00922
49	0.01501	0.01641	0.06865	0.13672	0.08054	0.05331	0.13126	0.01898	0.01646	0.02180	0.02486	0.25906	0.02583	0.01663	0.04924	0.00340	0.03538	0.01267	0.00502	0.00877
50	0.01498	0.01409	0.02378	0.70226	0.05462	0.01762	0.02202	0.02026	0.01586	0.02026	0.01409	0.02114	0.01057	0.00793	0.00793	0.00264	0.01057	0.00705	0.00352	0.00881
51	0.01072	0.00913	0.00954	0.01027	0.01212	0.03959	0.00750	0.01263	0.01722	0.02107	0.06042	0.31221	0.35874	0.02142	0.00967	0.00293	0.00499	0.06587	0.00720	0.00677

[dist]
# distance from previous block
# <min> <max>
0	2

[block]
# block no. 4 follows, 24 sequences, length 9
# corresponding to MSA columns:
# 289-297
name=unknown_E
#
# <colnr> <probs for GDERKNQSTAVLIFYWHMCP>
#	G	D	E	R	K	N	Q	S	T	A	V	L	I	F	Y	W	H	M	C	P
0	0.11158	0.03834	0.57447	0.02221	0.03289	0.01933	0.02694	0.02611	0.01763	0.02826	0.01606	0.01938	0.01206	0.00902	0.00814	0.00291	0.01158	0.00639	0.00435	0.01236
1	0.01759	0.02984	0.33401	0.02943	0.11584	0.01913	0.25001	0.02604	0.05231	0.02575	0.01595	0.01948	0.01185	0.00734	0.00826	0.00256	0.01173	0.00745	0.00392	0.01150
2	0.01156	0.00822	0.01114	0.01140	0.01308	0.00749	0.02999	0.01381	0.01753	0.05458	0.15517	0.41079	0.16159	0.02105	0.00976	0.00296	0.00486	0.04026	0.00759	0.00719
3	0.03506	0.01433	0.01892	0.01451	0.02066	0.01290	0.01198	0.09699	0.02410	0.61701	0.03011	0.02623	0.01904	0.00979	0.00797	0.00245	0.00694	0.00789	0.00963	0.01349
4	0.01891	0.01517	0.01625	0.04801	0.01983	0.05659	0.01206	0.16281	0.16094	0.03112	0.03027	0.16867	0.02867	0.01448	0.00856	0.00274	0.00710	0.10406	0.08390	0.00986
5	0.01112	0.01020	0.05319	0.01316	0.01485	0.00842	0.04800	0.01335	0.01532	0.02057	0.03769	0.48955	0.04377	0.10944	0.01377	0.00374	0.00621	0.07415	0.00658	0.00690
6	0.01805	0.01838	0.03539	0.02616	0.03256	0.01759	0.42317	0.09833	0.02056	0.02741	0.02720	0.09701	0.09830	0.01051	0.00926	0.00269	0.01076	0.01132	0.00524	0.01011
7	0.01136	0.00836	0.01205	0.01205	0.01323	0.00954	0.00905	0.01372	0.01254	0.01790	0.02187	0.03465	0.02134	0.17109	0.58035	0.01189	0.01895	0.00901	0.00434	0.00670
8	0.01645	0.02833	0.35287	0.02600	0.12688	0.01717	0.11381	0.02245	0.01627	0.02346	0.01669	0.02089	0.03444	0.01055	0.01168	0.09669	0.04423	0.00711	0.00369	0.01036

[dist]
# distance from previous block
# <min> <max>
0	2

[block]
# block no. 5 follows, 24 sequences, length 9
# corresponding to MSA columns:
# 300-308
name=unknown_F
#
# <colnr> <probs for GDERKNQSTAVLIFYWHMCP>
#	G	D	E	R	K	N	Q	S	T	A	V	L	I	F	Y	W	H	M	C	P
0	0.01690	0.02318	0.17257	0.10936	0.07104	0.01812	0.35114	0.02337	0.01761	0.02429	0.01789	0.08360	0.01515	0.00868	0.00880	0.00267	0.01169	0.00943	0.00411	0.01039
1	0.03176	0.01542	0.01917	0.01487	0.02067	0.01488	0.01222	0.20600	0.02675	0.44101	0.08798	0.02781	0.02313	0.01034	0.00809	0.00244	0.00702	0.00834	0.00919	0.01292
2	0.01411	0.01403	0.02718	0.02137	0.02576	0.01306	0.31058	0.01830	0.01782	0.02393	0.09452	0.26754	0.08629	0.01494	0.00962	0.00284	0.00865	0.01497	0.00590	0.00859
3	0.01615	0.10407	0.13590	0.09811	0.06453	0.01770	0.22195	0.02140	0.01739	0.02341	0.05206	0.12074	0.05048	0.01059	0.00843	0.00258	0.00991	0.01023	0.00462	0.00976
4	0.01807	0.12779	0.37915	0.02005	0.02882	0.01827	0.08343	0.02465	0.01765	0.08593	0.05741	0.06794	0.01801	0.00927	0.00770	0.00246	0.00999	0.00784	0.00463	0.01095
5	0.01624	0.03869	0.60497	0.02389	0.03517	0.01861	0.10221	0.02515	0.01698	0.02515	0.01445	0.01729	0.01028	0.00743	0.00775	0.00253	0.01192	0.00628	0.00343	0.01160
6	0.01507	0.01676	0.08883	0.63491	0.05260	0.01770	0.02274	0.02074	0.01594	0.02074	0.01411	0.02071	0.01052	0.00789	0.00789	0.00263	0.01068	0.00693	0.00351	0.00910
7	0.01907	0.03178	0.44001	0.02241	0.03207	0.01699	0.12416	0.02650	0.01790	0.12591	0.01874	0.05638	0.01411	0.00867	0.00803	0.00257	0.01084	0.00764	0.00467	0.01155
8	0.01658	0.01505	0.02603	0.30817	0.18236	0.01610	0.10505	0.02129	0.01734	0.05046	0.02404	0.05510	0.07709	0.01012	0.00848	0.00265	0.00953	0.04017	0.00464	0.00975

[dist]
# distance from previous block
# <min> <max>
0	7

[block]
# block no. 6 follows, 24 sequences, length 46
# corresponding to MSA columns:
# 316-361
name=unknown_G
#
# <colnr> <probs for GDERKNQSTAVLIFYWHMCP>
#	G	D	E	R	K	N	Q	S	T	A	V	L	I	F	Y	W	H	M	C	P
0	0.02962	0.03779	0.02247	0.02043	0.02451	0.68948	0.01532	0.03166	0.02247	0.01941	0.01226	0.01430	0.01021	0.00817	0.00715	0.00204	0.01430	0.00511	0.00409	0.00919
1	0.01141	0.00815	0.01101	0.01101	0.01182	0.00897	0.00775	0.01305	0.01223	0.01712	0.02283	0.03995	0.02365	0.34028	0.41431	0.01060	0.01549	0.00978	0.00448	0.00611
2	0.01323	0.01264	0.04973	0.11441	0.02323	0.01259	0.07120	0.01727	0.04290	0.02189	0.02976	0.32198	0.03198	0.01905	0.04357	0.00348	0.07698	0.04957	0.03650	0.00804
3	0.01981	0.05738	0.10965	0.01715	0.02132	0.19043	0.01505	0.09157	0.01885	0.02320	0.01918	0.02438	0.04634	0.05689	0.17479	0.00516	0.08784	0.00730	0.00455	0.00916
4	0.01021	0.00749	0.00989	0.01130	0.01170	0.00744	0.00762	0.01148	0.01469	0.01973	0.04033	0.62001	0.04818	0.08892	0.01371	0.00365	0.03956	0.02075	0.00693	0.00640
5	0.00976	0.00718	0.00916	0.01051	0.01142	0.00657	0.00718	0.01145	0.01626	0.02147	0.10597	0.56334	0.14390	0.02336	0.00994	0.00308	0.00444	0.02095	0.00749	0.00657
6	0.02538	0.02632	0.31204	0.01962	0.02838	0.01540	0.07749	0.03148	0.01971	0.33057	0.02238	0.02197	0.01472	0.00852	0.00791	0.00250	0.00954	0.00717	0.00644	0.01246
7	0.01923	0.01660	0.01746	0.01575	0.02014	0.01910	0.01224	0.04066	0.62684	0.03261	0.03458	0.03183	0.05512	0.01121	0.00813	0.00269	0.00617	0.00934	0.00804	0.01227
8	0.01980	0.54464	0.21071	0.01596	0.02405	0.02794	0.01773	0.02411	0.01628	0.02037	0.01187	0.01379	0.01014	0.00698	0.00574	0.00191	0.00934	0.00467	0.00338	0.01059
9	0.02363	0.22389	0.24549	0.01807	0.02604	0.09703	0.01893	0.11550	0.02095	0.11589	0.01615	0.01709	0.01191	0.00799	0.00693	0.00221	0.01000	0.00580	0.00498	0.01150
10	0.01728	0.01844	0.03439	0.05680	0.03200	0.02037	0.33458	0.02169	0.01604	0.02250	0.01796	0.04691	0.04434	0.01064	0.01539	0.00298	0.26489	0.00919	0.00407	0.00953
11	0.02798	0.13827	0.02573	0.04144	0.02489	0.41201	0.01522	0.17311	0.02474	0.02645	0.01371	0.01539	0.01098	0.00827	0.00704	0.00209	0.01199	0.00551	0.00486	0.01033
12	0.00966	0.00690	0.00920	0.01104	0.01150	0.00644	0.00736	0.01104	0.01518	0.02024	0.04371	0.71614	0.05245	0.02484	0.01012	0.00322	0.00460	0.02254	0.00736	0.00644
13	0.01011	0.00804	0.00894	0.00873	0.01100	0.00701	0.00646	0.01261	0.01925	0.02468	0.27838	0.06930	0.43491	0.05250	0.01086	0.00286	0.00410	0.01567	0.00771	0.00687
14	0.09124	0.01576	0.01853	0.01423	0.02027	0.01477	0.04184	0.16025	0.04096	0.06446	0.02046	0.06682	0.03557	0.00892	0.00698	0.00193	0.00681	0.00730	0.00602	0.35688
