[name]
unknown

[dist]
# distance from previous block
# <min> <max>
0	230

[block]
# block no. 0 follows, 23 sequences, length 20
# corresponding to MSA columns:
# 234-253
name=unknown_A
#
# <colnr> <probs for GDERKNQSTAVLIFYWHMCP>
#	G	D	E	R	K	N	Q	S	T	A	V	L	I	F	Y	W	H	M	C	P
0	0.01297	0.00927	0.01293	0.01464	0.01651	0.00923	0.01273	0.01672	0.01896	0.02481	0.08264	0.08954	0.04862	0.02204	0.01110	0.00366	0.00724	0.57134	0.00757	0.00748
1	0.02423	0.04418	0.01671	0.01344	0.01755	0.05010	0.01090	0.07067	0.09752	0.22126	0.02751	0.03062	0.02087	0.01069	0.00811	0.00240	0.03276	0.04636	0.24336	0.01076
2	0.08056	0.28572	0.25813	0.02036	0.04989	0.05903	0.06963	0.02517	0.01698	0.02366	0.01302	0.01567	0.01048	0.00759	0.00737	0.00227	0.03432	0.00559	0.00369	0.01085
3	0.01927	0.01742	0.02906	0.23960	0.32634	0.01843	0.06885	0.02577	0.06907	0.05726	0.01734	0.02179	0.01349	0.00787	0.00813	0.00252	0.00979	0.00753	0.00457	0.03590
4	0.01988	0.01525	0.01966	0.04805	0.06043	0.01307	0.03213	0.07236	0.01930	0.09419	0.01803	0.04782	0.01474	0.00774	0.00692	0.00172	0.00698	0.00653	0.00560	0.48958
5	0.02063	0.02021	0.03169	0.04663	0.59855	0.05430	0.02382	0.02620	0.05006	0.02653	0.01600	0.02030	0.01332	0.00748	0.00801	0.00241	0.00974	0.00722	0.00424	0.01267
6	0.01060	0.00897	0.00925	0.00905	0.01187	0.00799	0.00683	0.01449	0.06990	0.02375	0.12482	0.07281	0.56234	0.01946	0.00948	0.00273	0.00427	0.01628	0.00771	0.00740
7	0.01692	0.01653	0.02326	0.02019	0.02038	0.02286	0.01672	0.01885	0.01251	0.01943	0.01215	0.01966	0.01195	0.02051	0.11537	0.00483	0.60824	0.00732	0.00366	0.00866
8	0.01111	0.00828	0.01033	0.00982	0.01189	0.00750	0.00736	0.01459	0.02209	0.03044	0.54597	0.06406	0.19183	0.01737	0.00957	0.00259	0.00388	0.01516	0.00866	0.00750
9	0.01180	0.00787	0.00885	0.00885	0.00885	0.00787	0.00492	0.01180	0.01180	0.01573	0.02557	0.05310	0.02950	0.71483	0.04130	0.00787	0.00787	0.01180	0.00492	0.00492
10	0.01021	0.00729	0.00979	0.01167	0.01229	0.00687	0.00810	0.01186	0.01586	0.02108	0.04454	0.64624	0.05295	0.02511	0.01044	0.00334	0.00499	0.08314	0.00753	0.00668
11	0.73080	0.01559	0.01231	0.01088	0.01597	0.01785	0.00896	0.02473	0.01434	0.07201	0.01246	0.01399	0.00942	0.00767	0.00520	0.00251	0.00631	0.00461	0.00530	0.00907
12	0.03533	0.06552	0.02057	0.01440	0.02072	0.01340	0.01207	0.03843	0.02273	0.62217	0.03049	0.02655	0.01938	0.00982	0.00794	0.00245	0.00703	0.00788	0.00956	0.01356
13	0.01632	0.01388	0.01628	0.01197	0.01868	0.01051	0.00946	0.01976	0.01673	0.02602	0.01664	0.06757	0.01507	0.00743	0.00633	0.00136	0.00591	0.00614	0.00501	0.70893
14	0.05796	0.01567	0.01877	0.08765	0.07468	0.04283	0.01321	0.05498	0.08914	0.10430	0.02099	0.04857	0.01672	0.00926	0.00816	0.00222	0.04159	0.00738	0.08997	0.19597
15	0.01764	0.01396	0.01645	0.01237	0.01874	0.01107	0.00977	0.04956	0.01799	0.05739	0.01890	0.09529	0.01716	0.00856	0.00670	0.00156	0.00604	0.00714	0.00552	0.60820
16	0.02495	0.01958	0.02465	0.01855	0.02528	0.01976	0.09362	0.31884	0.08015	0.06622	0.01939	0.02033	0.01431	0.00849	0.00776	0.00217	0.00847	0.00712	0.00681	0.21354
17	0.02291	0.01580	0.01786	0.01497	0.01949	0.01642	0.01177	0.29263	0.06200	0.09262	0.02820	0.20979	0.02610	0.01379	0.00842	0.00256	0.00692	0.01159	0.05029	0.07588
18	0.09753	0.13403	0.06832	0.06889	0.02200	0.01713	0.01306	0.07289	0.05358	0.09192	0.07979	0.11752	0.02467	0.01132	0.00748	0.00239	0.00721	0.00922	0.03074	0.07030
19	0.02080	0.09105	0.02244	0.01774	0.07233	0.05168	0.04186	0.11871	0.05720	0.06804	0.10776	0.05806	0.02454	0.00999	0.00759	0.00214	0.00747	0.00837	0.03841	0.17384

[dist]
# distance from previous block
# <min> <max>
0	13

[block]
# block no. 1 follows, 23 sequences, length 30
# corresponding to MSA columns:
# 276-305
name=unknown_B
#
# <colnr> <probs for GDERKNQSTAVLIFYWHMCP>
#	G	D	E	R	K	N	Q	S	T	A	V	L	I	F	Y	W	H	M	C	P
0	0.01898	0.09042	0.24987	0.07364	0.03107	0.01793	0.11025	0.04713	0.01841	0.07578	0.01769	0.05668	0.01420	0.00849	0.00769	0.00233	0.00993	0.00742	0.00469	0.13740
1	0.12290	0.27454	0.14484	0.05213	0.08843	0.02324	0.01727	0.07221	0.01816	0.02669	0.01337	0.01578	0.01085	0.00737	0.00636	0.00211	0.00890	0.00535	0.00423	0.08525
2	0.08466	0.06885	0.06605	0.23977	0.06826	0.01782	0.04737	0.02284	0.01687	0.06491	0.04226	0.02123	0.01453	0.00857	0.00887	0.00243	0.06436	0.00685	0.02733	0.10616
3	0.02118	0.13099	0.04895	0.06393	0.05003	0.01682	0.01362	0.05787	0.01910	0.13519	0.05145	0.05277	0.01825	0.00917	0.00809	0.00208	0.04244	0.00722	0.00576	0.24510
4	0.02194	0.01635	0.02098	0.10224	0.02623	0.01575	0.04450	0.18159	0.02296	0.09934	0.01986	0.06941	0.01619	0.00911	0.00754	0.00208	0.00777	0.00767	0.00622	0.30227
5	0.20780	0.01634	0.01731	0.01548	0.05344	0.05180	0.01154	0.11761	0.02144	0.18658	0.07117	0.05176	0.02095	0.04226	0.00886	0.00263	0.00726	0.00787	0.00697	0.08095
6	0.11164	0.07812	0.06673	0.07406	0.04955	0.01859	0.17375	0.02451	0.06316	0.02693	0.03234	0.02056	0.01425	0.00802	0.00842	0.00235	0.04647	0.00709	0.03625	0.13722
7	0.01377	0.00709	0.01043	0.01052	0.01055	0.00706	0.00697	0.01067	0.01088	0.01451	0.01620	0.06072	0.01685	0.06158	0.03110	0.68850	0.00697	0.00809	0.00379	0.00375
8	0.01825	0.01964	0.07529	0.34446	0.20887	0.04545	0.06794	0.04253	0.05223	0.02458	0.01588	0.02104	0.01225	0.00797	0.00815	0.00259	0.01066	0.00733	0.00415	0.01075
9	0.01872	0.01720	0.02145	0.09688	0.02520	0.02166	0.01578	0.03180	0.34066	0.02708	0.02260	0.02464	0.01793	0.01185	0.01503	0.00304	0.26336	0.00818	0.00598	0.01093
10	0.01254	0.00815	0.01083	0.01186	0.01328	0.00759	0.00874	0.01479	0.01765	0.07015	0.11747	0.44619	0.08378	0.02250	0.01021	0.00320	0.00521	0.12058	0.00787	0.00741
11	0.01880	0.16730	0.38507	0.02560	0.11610	0.05778	0.07013	0.02571	0.01766	0.02424	0.01405	0.01695	0.01081	0.00747	0.00739	0.00237	0.01131	0.00606	0.00360	0.01159
12	0.01009	0.00715	0.00935	0.01103	0.01145	0.00673	0.00725	0.01135	0.01513	0.02017	0.04264	0.63803	0.05103	0.10052	0.01373	0.00379	0.00505	0.02184	0.00725	0.00641
13	0.01842	0.01476	0.01733	0.13309	0.02475	0.01704	0.01313	0.06541	0.34469	0.03093	0.02708	0.02827	0.02069	0.01325	0.04991	0.00321	0.00778	0.00839	0.15100	0.01087
14	0.01346	0.00757	0.01116	0.05337	0.01343	0.00774	0.00792	0.01139	0.01165	0.01548	0.01887	0.11395	0.02008	0.07733	0.02822	0.56339	0.00705	0.00945	0.00414	0.00436
15	0.02031	0.04581	0.06497	0.17239	0.05393	0.05612	0.17857	0.14135	0.05375	0.02901	0.01972	0.07303	0.01667	0.00985	0.00858	0.00265	0.01060	0.02668	0.00526	0.01075
16	0.19416	0.16984	0.12559	0.02055	0.02767	0.02091	0.20533	0.02440	0.01690	0.04520	0.01641	0.06828	0.01408	0.00862	0.00734	0.00248	0.00979	0.00770	0.00451	0.01024
17	0.71690	0.01560	0.01283	0.06065	0.01863	0.01819	0.00979	0.02362	0.01399	0.03526	0.01153	0.01380	0.00894	0.00757	0.00525	0.00252	0.00661	0.00460	0.00492	0.00880
18	0.01569	0.01485	0.02510	0.46654	0.06853	0.01765	0.07906	0.02043	0.01629	0.02158	0.01893	0.02513	0.05208	0.00977	0.01045	0.01926	0.07284	0.00806	0.02873	0.00903
19	0.00989	0.00706	0.00942	0.01130	0.01177	0.00659	0.00753	0.01130	0.01554	0.02071	0.04472	0.70954	0.05367	0.02542	0.01036	0.00330	0.00471	0.02307	0.00753	0.00659
20	0.01713	0.01712	0.02518	0.31481	0.10943	0.06616	0.09694	0.02381	0.08600	0.02358	0.02661	0.03021	0.10833	0.01001	0.00846	0.00264	0.00987	0.00904	0.00484	0.00981
21	0.01830	0.01470	0.01737	0.01299	0.01936	0.01230	0.01039	0.06621	0.01839	0.05485	0.01726	0.06085	0.01503	0.00805	0.00747	0.00159	0.03805	0.00638	0.00539	0.59506
22	0.02461	0.01594	0.05526	0.19366	0.13460	0.01495	0.01735	0.04855	0.02011	0.28393	0.02473	0.08989	0.01908	0.01045	0.00831	0.00262	0.00846	0.00907	0.00678	0.01164
23	0.05554	0.05636	0.12103	0.01938	0.05937	0.01801	0.04979	0.05474	0.15486	0.20052	0.02298	0.02290	0.01648	0.00922	0.00874	0.00250	0.04560	0.00739	0.00665	0.06794
24	0.14067	0.25579	0.13637	0.01610	0.02253	0.06428	0.01574	0.07117	0.08455	0.02744	0.01546	0.01717	0.01238	0.00840	0.00745	0.00229	0.04651	0.00571	0.03934	0.01065
25	0.04187	0.09545	0.26634	0.02039	0.07611	0.01942	0.01970	0.12552	0.06967	0.03066	0.07404	0.02499	0.05107	0.00951	0.00770	0.00241	0.00904	0.00759	0.00540	0.04315
26	0.20207	0.07393	0.06127	0.12365	0.02653	0.04503	0.01444	0.09003	0.06594	0.10289	0.01725	0.01884	0.01279	0.00820	0.00683	0.00231	0.00821	0.00611	0.00564	0.10805
27	0.37418	0.12072	0.24885	0.01591	0.02361	0.04819	0.01721	0.02492	0.01572	0.02961	0.01250	0.01461	0.00960	0.00755	0.00609	0.00241	0.00896	0.00498	0.00422	0.01016
28	0.19217	0.06496	0.04796	0.05833	0.02345	0.16103	0.04344	0.05725	0.01982	0.09223	0.06714	0.02299	0.04401	0.00918	0.00714	0.00231	0.00902	0.00694	0.00559	0.06503
29	0.05385	0.09172	0.15339	0.07077	0.03060	0.01936	0.18338	0.02561	0.09971	0.02633	0.06085	0.02591	0.05241	0.00933	0.00890	0.00257	0.03906	0.00838	0.00494	0.03292

[dist]
# distance from previous block
# <min> <max>
18	123

[block]
# block no. 2 follows, 23 sequences, length 14
# corresponding to MSA columns:
# 439-452
name=unknown_C
#
# <colnr> <probs for GDERKNQSTAVLIFYWHMCP>
#	G	D	E	R	K	N	Q	S	T	A	V	L	I	F	Y	W	H	M	C	P
0	0.07571	0.18417	0.04781	0.01870	0.05925	0.07873	0.04678	0.11801	0.05751	0.02870	0.08192	0.06719	0.02141	0.01062	0.00909	0.00245	0.06783	0.00816	0.00552	0.01043
1	0.12116	0.01606	0.05567	0.11481	0.02450	0.01567	0.01363	0.10174	0.04434	0.05338	0.06649	0.12461	0.02306	0.01162	0.00892	0.00251	0.05068	0.00937	0.00596	0.13582
2	0.11880	0.04405	0.30136	0.11292	0.03059	0.05777	0.02056	0.03772	0.01758	0.05363	0.01919	0.06032	0.03899	0.00937	0.00750	0.00251	0.00985	0.00737	0.00457	0.04535
3	0.09882	0.10421	0.25377	0.08810	0.08044	0.01787	0.01957	0.02265	0.01697	0.02592	0.05807	0.06003	0.01748	0.00902	0.00728	0.00235	0.00904	0.00728	0.00443	0.09670
4	0.07311	0.20738	0.29367	0.02345	0.09582	0.02198	0.09595	0.02473	0.01735	0.02519	0.04038	0.01847	0.01345	0.00771	0.00721	0.00235	0.01035	0.00637	0.00392	0.01114
5	0.15980	0.45841	0.11736	0.01494	0.02201	0.06956	0.01515	0.02492	0.01650	0.02319	0.01179	0.01368	0.01010	0.00724	0.00563	0.00201	0.00905	0.00462	0.00380	0.01025
6	0.01759	0.01440	0.02403	0.04122	0.02466	0.01380	0.19377	0.07788	0.01950	0.07286	0.05232	0.20016	0.02916	0.08050	0.01233	0.00325	0.00861	0.04399	0.00624	0.06371
7	0.01690	0.01031	0.01152	0.06536	0.01577	0.01051	0.00841	0.08180	0.01907	0.03123	0.02363	0.02718	0.01844	0.00905	0.00615	0.00195	0.00509	0.00725	0.55008	0.08032
8	0.02451	0.01774	0.01999	0.01529	0.02160	0.01734	0.01238	0.31122	0.02728	0.09026	0.02044	0.06927	0.01654	0.00950	0.00749	0.00204	0.00736	0.00758	0.00699	0.29517
9	0.15100	0.05341	0.10451	0.05080	0.02338	0.01726	0.01451	0.12886	0.05138	0.21394	0.06901	0.02575	0.04206	0.00990	0.00758	0.00250	0.00775	0.00770	0.00711	0.01158
10	0.02447	0.01603	0.01839	0.01498	0.01984	0.01638	0.01192	0.30415	0.02745	0.13698	0.05204	0.13667	0.06117	0.01374	0.00954	0.03772	0.00714	0.01060	0.00784	0.07293
11	0.01101	0.00802	0.01036	0.01032	0.01197	0.00737	0.00753	0.01419	0.02104	0.02925	0.48738	0.20463	0.10903	0.01879	0.00974	0.00273	0.00404	0.01668	0.00853	0.00737
12	0.07966	0.01583	0.02353	0.14488	0.08643	0.01823	0.08282	0.02385	0.08455	0.06200	0.02212	0.05671	0.04987	0.04564	0.01396	0.00313	0.16293	0.00894	0.00513	0.00980
13	0.01794	0.08260	0.59027	0.02198	0.03328	0.01922	0.02778	0.02652	0.01749	0.06766	0.01550	0.01756	0.01093	0.00781	0.00758	0.00251	0.01145	0.00603	0.00386	0.01201

[dist]
# distance from previous block
# <min> <max>
0	2

[block]
# block no. 3 follows, 23 sequences, length 9
# corresponding to MSA columns:
# 455-463
name=unknown_D
#
# <colnr> <probs for GDERKNQSTAVLIFYWHMCP>
#	G	D	E	R	K	N	Q	S	T	A	V	L	I	F	Y	W	H	M	C	P
0	0.01973	0.54869	0.11013	0.01445	0.02131	0.02737	0.01490	0.02327	0.01742	0.02162	0.09721	0.01976	0.01912	0.00830	0.00607	0.00194	0.00842	0.00589	0.00419	0.01023
1	0.07237	0.02025	0.02246	0.09881	0.02719	0.02260	0.01517	0.48083	0.03240	0.04427	0.02098	0.02274	0.03836	0.03377	0.00911	0.00267	0.00878	0.00765	0.00726	0.01235
2	0.01737	0.01091	0.01223	0.01103	0.01325	0.01222	0.00870	0.09874	0.01899	0.03109	0.02329	0.02727	0.01853	0.01214	0.03540	0.00262	0.09698	0.00751	0.53321	0.00853
3	0.01155	0.00776	0.00892	0.00917	0.00924	0.00770	0.00526	0.01173	0.01229	0.01639	0.02809	0.13968	0.03269	0.62390	0.03722	0.00726	0.00745	0.01329	0.00526	0.00514
4	0.01779	0.01457	0.01660	0.01267	0.01888	0.01249	0.01004	0.06767	0.08759	0.02907	0.01901	0.05099	0.01602	0.00794	0.00659	0.00160	0.00606	0.00648	0.05539	0.54253
5	0.02875	0.06865	0.05899	0.04147	0.02357	0.01803	0.01426	0.18333	0.10276	0.29943	0.02651	0.05706	0.01914	0.01040	0.00803	0.00251	0.00780	0.00836	0.00813	0.01281
6	0.04091	0.12675	0.02236	0.03030	0.02040	0.01762	0.01261	0.07080	0.01966	0.21515	0.04302	0.05636	0.05698	0.01107	0.01048	0.00243	0.11682	0.00818	0.00657	0.11155
7	0.06347	0.02228	0.11036	0.08671	0.03739	0.01918	0.35826	0.06644	0.01979	0.07504	0.01698	0.02084	0.01240	0.00748	0.00860	0.00259	0.01163	0.00817	0.00477	0.04763
8	0.07422	0.01523	0.01849	0.01512	0.04753	0.01338	0.03288	0.06710	0.05232	0.06145	0.01855	0.06406	0.01579	0.00822	0.00682	0.00178	0.00665	0.00684	0.00563	0.46796

[dist]
# distance from previous block
# <min> <max>
2	36

[block]
# block no. 4 follows, 23 sequences, length 26
# corresponding to MSA columns:
# 501-526
name=unknown_E
#
# <colnr> <probs for GDERKNQSTAVLIFYWHMCP>
#	G	D	E	R	K	N	Q	S	T	A	V	L	I	F	Y	W	H	M	C	P
0	0.14667	0.01618	0.01939	0.01495	0.02096	0.01564	0.04466	0.13026	0.02107	0.15223	0.01928	0.04796	0.01500	0.00886	0.00787	0.00214	0.03677	0.00691	0.00641	0.26679
1	0.01102	0.00804	0.01058	0.01155	0.01293	0.00744	0.00847	0.01344	0.01781	0.02415	0.17918	0.41905	0.07683	0.02201	0.01010	0.00309	0.00498	0.11204	0.00771	0.03954
2	0.02946	0.02200	0.02409	0.05922	0.02683	0.02452	0.01574	0.57472	0.06299	0.04858	0.01976	0.02007	0.01409	0.00970	0.00812	0.00246	0.00894	0.00738	0.00785	0.01347
3	0.01904	0.01473	0.04303	0.01398	0.01782	0.04089	0.01120	0.04811	0.20006	0.12897	0.14875	0.15919	0.09029	0.01494	0.00890	0.00273	0.00620	0.01279	0.00808	0.01030
4	0.05464	0.02752	0.29742	0.14995	0.07879	0.01885	0.11213	0.04996	0.01761	0.02572	0.01534	0.02071	0.01197	0.04584	0.01050	0.00292	0.03826	0.00715	0.00396	0.01076
5	0.02245	0.01907	0.01922	0.01690	0.02171	0.06010	0.01322	0.09898	0.52901	0.05972	0.03046	0.02820	0.02268	0.01069	0.00818	0.00267	0.00717	0.00872	0.00807	0.01277
6	0.01756	0.07239	0.33930	0.06152	0.03571	0.02084	0.20005	0.02465	0.01703	0.02434	0.01439	0.01856	0.01094	0.00826	0.01051	0.00270	0.09944	0.00713	0.00365	0.01104
7	0.01160	0.00866	0.01288	0.01288	0.01427	0.01005	0.00994	0.01438	0.01299	0.01871	0.02189	0.03271	0.02065	0.08662	0.65741	0.01284	0.02119	0.00882	0.00437	0.00715
8	0.00989	0.00706	0.00942	0.01130	0.01177	0.00659	0.00753	0.01130	0.01554	0.02071	0.04472	0.70954	0.05367	0.02542	0.01036	0.00330	0.00471	0.02307	0.00753	0.00659
9	0.02687	0.01991	0.02144	0.01733	0.02304	0.02206	0.01402	0.38053	0.24116	0.08152	0.02697	0.02564	0.04056	0.01056	0.00822	0.00256	0.00780	0.00833	0.00826	0.01324
10	0.01901	0.01478	0.01636	0.01466	0.01860	0.01623	0.01136	0.07391	0.38692	0.06796	0.16309	0.07772	0.05795	0.01320	0.00868	0.00271	0.00590	0.01122	0.00841	0.01132
11	0.01416	0.00708	0.01037	0.01037	0.01050	0.00708	0.00696	0.01112	0.01099	0.01516	0.01491	0.02503	0.01454	0.02696	0.03000	0.71382	0.00683	0.00708	0.05325	0.00379
12	0.02018	0.01743	0.01835	0.01651	0.02110	0.02018	0.01284	0.04312	0.64956	0.03394	0.03303	0.03027	0.02477	0.01101	0.00826	0.00275	0.00642	0.00917	0.00826	0.01284
13	0.01275	0.01039	0.01550	0.02066	0.17173	0.01000	0.01206	0.01545	0.01748	0.02382	0.11295	0.39503	0.07608	0.01949	0.00971	0.00299	0.00594	0.05282	0.00684	0.00832
14	0.03013	0.02237	0.02395	0.01853	0.02489	0.02483	0.01525	0.59742	0.07906	0.04999	0.02039	0.02020	0.01453	0.00983	0.00813	0.00246	0.00876	0.00743	0.00813	0.01374
15	0.08233	0.02114	0.04359	0.03151	0.03900	0.02056	0.54804	0.02545	0.01833	0.02651	0.01567	0.02093	0.01192	0.00731	0.01014	0.00276	0.05102	0.00900	0.00415	0.01065
16	0.10801	0.01500	0.01836	0.01447	0.02033	0.01441	0.01187	0.10786	0.06132	0.46292	0.05958	0.02698	0.02127	0.01013	0.00791	0.00252	0.00690	0.00806	0.00914	0.01294
17	0.07402	0.00787	0.00972	0.01117	0.01212	0.00764	0.00765	0.01262	0.01588	0.02281	0.08236	0.60838	0.05140	0.02334	0.00986	0.00318	0.00478	0.02095	0.00741	0.00685
18	0.01068	0.00839	0.01057	0.06773	0.01544	0.00799	0.00859	0.01291	0.01715	0.02186	0.09119	0.30216	0.26899	0.05838	0.01157	0.00328	0.00533	0.06371	0.00714	0.00693
19	0.07423	0.00801	0.00999	0.01160	0.01259	0.00784	0.00818	0.01289	0.01570	0.02238	0.04174	0.59030	0.04921	0.02362	0.00999	0.00327	0.00511	0.07915	0.00732	0.00686
20	0.01663	0.01576	0.02670	0.51775	0.22323	0.01837	0.02319	0.02188	0.01684	0.02232	0.01465	0.02121	0.01138	0.00787	0.00809	0.00262	0.01049	0.00722	0.00372	0.01007
21	0.59237	0.01514	0.01324	0.04884	0.01815	0.01703	0.00972	0.04216	0.01569	0.03501	0.06643	0.01808	0.01497	0.00829	0.00574	0.00243	0.00639	0.00553	0.00536	0.05942
22	0.06778	0.01601	0.02593	0.37778	0.07369	0.01803	0.11130	0.07903	0.01894	0.02598	0.02036	0.02801	0.04825	0.00951	0.00838	0.00272	0.01015	0.04379	0.00466	0.00972
23	0.01748	0.01330	0.02115	0.04679	0.02209	0.01425	0.10881	0.02091	0.01841	0.11459	0.16724	0.14717	0.03632	0.01512	0.01314	0.00299	0.15290	0.05154	0.00665	0.00915
24	0.22515	0.04442	0.01973	0.05544	0.02217	0.03551	0.03334	0.16235	0.02273	0.14558	0.10517	0.02455	0.02149	0.00998	0.00818	0.00252	0.03647	0.00757	0.00685	0.01079
25	0.04163	0.01412	0.01882	0.04600	0.06524	0.01456	0.04595	0.08004	0.14383	0.12647	0.12552	0.09520	0.05539	0.01364	0.00892	0.00278	0.00701	0.07662	0.00764	0.01061

[dist]
# distance from previous block
# <min> <max>
7	20

[block]
# block no. 5 follows, 23 sequences, length 18
# corresponding to MSA columns:
# 626-643
name=unknown_F
#
# <colnr> <probs for GDERKNQSTAVLIFYWHMCP>
#	G	D	E	R	K	N	Q	S	T	A	V	L	I	F	Y	W	H	M	C	P
0	0.01978	0.02214	0.09889	0.03031	0.15243	0.02028	0.24213	0.07966	0.05672	0.02800	0.01640	0.02045	0.01285	0.00834	0.01070	0.00261	0.09529	0.00787	0.00461	0.07055
1	0.02011	0.01737	0.02411	0.05337	0.02616	0.01878	0.12903	0.09046	0.28937	0.05676	0.02817	0.06961	0.04504	0.01113	0.00957	0.00271	0.04638	0.00978	0.00682	0.04526
2	0.02109	0.01666	0.01856	0.01475	0.02072	0.01635	0.01174	0.15353	0.20632	0.05704	0.02286	0.05176	0.01821	0.00922	0.00736	0.00205	0.00670	0.00751	0.00680	0.33076
3	0.02035	0.01760	0.06856	0.01525	0.02215	0.01409	0.04378	0.10564	0.04868	0.09061	0.01958	0.06188	0.01605	0.00848	0.00717	0.00187	0.00726	0.00711	0.00593	0.41794
4	0.02559	0.01875	0.02056	0.01660	0.02204	0.02035	0.01338	0.36046	0.17274	0.07922	0.08063	0.05245	0.02365	0.01108	0.00827	0.00250	0.00750	0.00892	0.00816	0.04716
5	0.05123	0.04200	0.01919	0.01478	0.01937	0.01476	0.04950	0.10334	0.05452	0.21299	0.14994	0.03867	0.12887	0.01273	0.00957	0.00260	0.04684	0.01044	0.00792	0.01075
6	0.06571	0.01972	0.02132	0.01673	0.02248	0.02130	0.01357	0.47022	0.03225	0.08141	0.02141	0.06384	0.01708	0.04611	0.00967	0.00271	0.00822	0.00828	0.00771	0.05026
7	0.07763	0.02040	0.10937	0.05389	0.02403	0.01856	0.01526	0.25182	0.05690	0.03586	0.06989	0.06715	0.06791	0.01146	0.00886	0.00255	0.03798	0.00903	0.00658	0.05485
8	0.16243	0.02119	0.02018	0.01632	0.02184	0.07823	0.01325	0.38759	0.06440	0.04302	0.01878	0.01948	0.01383	0.00927	0.00728	0.00239	0.00835	0.00673	0.07353	0.01192
9	0.02531	0.01954	0.02076	0.01708	0.02248	0.02197	0.01373	0.34382	0.30125	0.04247	0.02575	0.02478	0.01896	0.01027	0.00803	0.00254	0.00754	0.00813	0.05256	0.01302
10	0.01630	0.01387	0.01627	0.01196	0.01867	0.01050	0.00946	0.01974	0.01673	0.02601	0.01670	0.06895	0.01515	0.00747	0.00634	0.00136	0.00591	0.00618	0.00501	0.70741
11	0.01627	0.04197	0.67279	0.02313	0.03512	0.01884	0.02998	0.02570	0.01713	0.02570	0.01456	0.01713	0.01028	0.00771	0.00771	0.00257	0.01199	0.00600	0.00343	0.01199
12	0.00989	0.00706	0.00942	0.01130	0.01177	0.00659	0.00753	0.01130	0.01554	0.02071	0.04472	0.70954	0.05367	0.02542	0.01036	0.00330	0.00471	0.02307	0.00753	0.00659
13	0.01160	0.00826	0.01107	0.01116	0.01194	0.00900	0.00778	0.01319	0.01263	0.01759	0.02446	0.07292	0.02581	0.33949	0.37608	0.01036	0.01499	0.01070	0.00474	0.00622
14	0.03085	0.02273	0.02435	0.01867	0.02516	0.02516	0.01542	0.63716	0.03815	0.05114	0.01948	0.01948	0.01380	0.00974	0.00812	0.00244	0.00893	0.00731	0.00812	0.01380
15	0.01683	0.01442	0.01683	0.01202	0.01923	0.01082	0.00961	0.02043	0.01683	0.02644	0.01442	0.01683	0.01202	0.00601	0.00601	0.00120	0.00601	0.00481	0.00481	0.76444
16	0.06862	0.05426	0.15340	0.01523	0.02095	0.01457	0.01467	0.02687	0.04405	0.22833	0.11998	0.03041	0.05391	0.01234	0.01080	0.05986	0.04573	0.00857	0.00682	0.01062
17	0.06066	0.05792	0.01954	0.01512	0.02010	0.01845	0.01219	0.18331	0.21994	0.10723	0.10685	0.06309	0.02740	0.01141	0.00805	0.00251	0.00680	0.00930	0.00789	0.04226

[dist]
# distance from previous block
# <min> <max>
6	24

[block]
# block no. 6 follows, 23 sequences, length 28
# corresponding to MSA columns:
# 675-678,682-705
name=unknown_G
#
# <colnr> <probs for GDERKNQSTAVLIFYWHMCP>
#	G	D	E	R	K	N	Q	S	T	A	V	L	I	F	Y	W	H	M	C	P
0	0.01929	0.01265	0.01419	0.03852	0.01709	0.01347	0.00997	0.14844	0.11054	0.06517	0.09839	0.07973	0.02814	0.01165	0.00752	0.00236	0.00569	0.00966	0.29765	0.00987
1	0.01370	0.01070	0.01291	0.01232	0.01523	0.00984	0.00895	0.05071	0.06960	0.02498	0.03445	0.43440	0.03820	0.01829	0.00892	0.00266	0.00542	0.01628	0.00691	0.20551
2	0.02497	0.01883	0.02074	0.04965	0.02382	0.02088	0.01396	0.34826	0.20677	0.06483	0.02838	0.06409	0.05489	0.01149	0.00836	0.00260	0.00774	0.00927	0.00795	0.01252
3	0.01886	0.02219	0.15889	0.02348	0.05834	0.01649	0.21144	0.07073	0.01952	0.06267	0.02036	0.10832	0.01772	0.00967	0.00840	0.00245	0.00990	0.00938	0.00516	0.14603
4	0.01575	0.01499	0.02621	0.54191	0.07865	0.01762	0.08485	0.02114	0.01683	0.02183	0.01703	0.02738	0.01403	0.00913	0.00852	0.00278	0.01078	0.05732	0.00400	0.00926
5	0.02028	0.01710	0.06355	0.02149	0.02702	0.01536	0.23735	0.02576	0.04174	0.15897	0.16716	0.06492	0.03070	0.01131	0.01034	0.00272	0.05631	0.01072	0.00665	0.01055
6	0.01698	0.03479	0.47002	0.06537	0.08083	0.01931	0.12185	0.02517	0.01731	0.02528	0.01474	0.01835	0.01082	0.00781	0.00876	0.00263	0.03804	0.00675	0.00359	0.01160
7	0.01763	0.03540	0.48589	0.05390	0.03701	0.01890	0.15858	0.02608	0.01776	0.05041	0.01563	0.01875	0.01112	0.00763	0.00814	0.00261	0.01211	0.00690	0.00383	0.01171
8	0.61116	0.01694	0.05035	0.11926	0.02310	0.01821	0.01212	0.02346	0.01437	0.03334	0.01197	0.01473	0.00919	0.00763	0.00566	0.00254	0.00731	0.00493	0.00471	0.00900
9	0.77215	0.01569	0.01193	0.01067	0.01569	0.01820	0.00879	0.02385	0.01381	0.03641	0.01130	0.01318	0.00879	0.00753	0.00502	0.00251	0.00628	0.00439	0.00502	0.00879
10	0.01126	0.00819	0.01059	0.01019	0.01203	0.00753	0.00757	0.01479	0.02213	0.03102	0.57977	0.11410	0.10538	0.01751	0.00964	0.00262	0.00391	0.01548	0.00875	0.00753
11	0.04121	0.00918	0.01209	0.01129	0.01370	0.00852	0.03800	0.01508	0.02054	0.02848	0.38440	0.11639	0.20117	0.01774	0.00956	0.00273	0.00475	0.04957	0.00802	0.00758
12	0.01017	0.00747	0.00959	0.01106	0.01205	0.00690	0.00776	0.01198	0.01661	0.02179	0.08252	0.53318	0.14566	0.02399	0.01027	0.00321	0.00478	0.06665	0.00760	0.00675
13	0.01656	0.03616	0.51230	0.02483	0.03548	0.01859	0.15310	0.02506	0.01747	0.02552	0.01640	0.05166	0.01280	0.00839	0.00822	0.00264	0.01199	0.00756	0.00376	0.01151
14	0.02549	0.01215	0.01636	0.08504	0.02138	0.01143	0.01144	0.02973	0.04604	0.36670	0.14905	0.03711	0.07766	0.01183	0.00835	0.00252	0.00631	0.00993	0.06028	0.01118
15	0.01984	0.01722	0.01877	0.06390	0.02353	0.02003	0.01352	0.04155	0.60535	0.03302	0.03173	0.02967	0.02380	0.01081	0.00825	0.00275	0.00673	0.00904	0.00793	0.01258
16	0.02157	0.01703	0.04412	0.05247	0.02289	0.01604	0.01296	0.13053	0.17482	0.10290	0.07514	0.02561	0.02150	0.00934	0.00762	0.00217	0.00701	0.00764	0.00699	0.24164
17	0.02012	0.42501	0.17759	0.01903	0.07687	0.06214	0.01801	0.02447	0.01760	0.02214	0.05768	0.01792	0.01521	0.00789	0.00641	0.00205	0.00948	0.00571	0.00393	0.01072
18	0.77215	0.01569	0.01193	0.01067	0.01569	0.01820	0.00879	0.02385	0.01381	0.03641	0.01130	0.01318	0.00879	0.00753	0.00502	0.00251	0.00628	0.00439	0.00502	0.00879
19	0.01078	0.00800	0.01005	0.01009	0.01183	0.00727	0.00736	0.01374	0.02048	0.02795	0.41649	0.20934	0.17811	0.01929	0.00975	0.00275	0.00408	0.01700	0.00836	0.00727
20	0.00989	0.00706	0.00942	0.01130	0.01177	0.00659	0.00753	0.01130	0.01554	0.02071	0.04472	0.70954	0.05367	0.02542	0.01036	0.00330	0.00471	0.02307	0.00753	0.00659
21	0.01483	0.00766	0.00802	0.00802	0.00987	0.00778	0.00604	0.01854	0.01669	0.02931	0.02608	0.03039	0.02076	0.01371	0.06172	0.00281	0.00527	0.00766	0.69733	0.00754
22	0.03023	0.02242	0.02401	0.01855	0.02493	0.02488	0.01527	0.60292	0.07339	0.05015	0.02026	0.02010	0.01443	0.00981	0.00813	0.00245	0.00878	0.00741	0.00813	0.01374
23	0.01915	0.02189	0.04788	0.03420	0.04241	0.02052	0.63475	0.02599	0.01915	0.02599	0.01642	0.02189	0.01231	0.00684	0.00958	0.00274	0.01368	0.00958	0.00410	0.01094
24	0.22234	0.05738	0.30577	0.01752	0.02578	0.01854	0.01932	0.07773	0.01850	0.10545	0.01635	0.01804	0.01181	0.01064	0.03962	0.00301	0.00994	0.00599	0.00507	0.01120
25	0.02898	0.07138	0.02277	0.01702	0.02268	0.11976	0.01386	0.26500	0.10669	0.17659	0.05591	0.02358	0.01910	0.00992	0.00789	0.00240	0.00874	0.00759	0.00768	0.01246
26	0.02275	0.11150	0.11028	0.01638	0.04415	0.01704	0.01457	0.09343	0.05749	0.16069	0.07594	0.02359	0.01984	0.00885	0.00731	0.00211	0.00763	0.00706	0.00641	0.19296
27	0.01982	0.01688	0.02080	0.05400	0.02340	0.06007	0.07145	0.10968	0.05237	0.05898	0.02357	0.06212	0.04551	0.05980	0.01134	0.00272	0.04628	0.04428	0.00587	0.21105

[dist]
# distance from previous block
# <min> <max>
1	35

[block]
# block no. 7 follows, 23 sequences, length 15
# corresponding to MSA columns:
# 741-755
name=unknown_H
#
# <colnr> <probs for GDERKNQSTAVLIFYWHMCP>
#	G	D	E	R	K	N	Q	S	T	A	V	L	I	F	Y	W	H	M	C	P
0	0.15497	0.01968	0.07939	0.02234	0.12894	0.01863	0.05455	0.13022	0.12649	0.09742	0.06968	0.02419	0.01965	0.00935	0.00775	0.00254	0.00814	0.00777	0.00651	0.01179
1	0.02539	0.01848	0.01986	0.01520	0.02157	0.05157	0.01233	0.26418	0.02650	0.12800	0.02289	0.02297	0.05265	0.00904	0.00742	0.00201	0.00762	0.00702	0.00698	0.27830
2	0.01990	0.01647	0.01892	0.01418	0.02066	0.01510	0.01147	0.14629	0.05609	0.03143	0.01625	0.01817	0.01300	0.00755	0.00783	0.00168	0.04927	0.00570	0.00559	0.52446
3	0.02445	0.08976	0.06083	0.01467	0.02009	0.01722	0.01276	0.13370	0.13945	0.19255	0.08176	0.02786	0.02338	0.01020	0.00761	0.00238	0.00695	0.00816	0.11450	0.01173
4	0.02583	0.01778	0.02030	0.04556	0.02289	0.01871	0.01323	0.35226	0.05307	0.11875	0.06036	0.06716	0.02158	0.04410	0.00972	0.00267	0.00779	0.00886	0.00772	0.08166
5	0.02008	0.01928	0.03294	0.04981	0.66422	0.01928	0.02490	0.02490	0.01848	0.02651	0.01526	0.02008	0.01285	0.00723	0.00803	0.00241	0.00964	0.00723	0.00402	0.01285
6	0.01776	0.01691	0.02874	0.36464	0.36752	0.01867	0.02375	0.02287	0.01738	0.02369	0.01485	0.02084	0.01186	0.00766	0.00807	0.00255	0.01021	0.00722	0.00382	0.01098
7	0.02739	0.01534	0.01849	0.01463	0.02049	0.01452	0.01196	0.14793	0.07923	0.30265	0.03035	0.03113	0.06020	0.01070	0.00803	0.00236	0.00694	0.04153	0.00827	0.14785
8	0.01640	0.01565	0.02662	0.43648	0.18579	0.01815	0.05400	0.02130	0.01661	0.02222	0.01631	0.06226	0.01390	0.00924	0.00939	0.00273	0.05087	0.00828	0.00395	0.00982
9	0.01372	0.01027	0.01380	0.01393	0.05414	0.00950	0.03607	0.01743	0.04885	0.06540	0.19213	0.18135	0.20505	0.06183	0.01139	0.00304	0.00551	0.01507	0.00743	0.03411
10	0.02672	0.05185	0.02143	0.01610	0.02138	0.02088	0.01309	0.43969	0.03127	0.07669	0.02238	0.06602	0.01813	0.05556	0.01001	0.00276	0.00800	0.00851	0.07748	0.01204
11	0.01851	0.07222	0.30358	0.02180	0.05850	0.01834	0.09443	0.07620	0.01910	0.02771	0.01499	0.01769	0.01140	0.00726	0.00738	0.00216	0.01006	0.00618	0.00430	0.20818
12	0.05920	0.19389	0.09038	0.01625	0.02267	0.06090	0.01477	0.09151	0.20072	0.10008	0.02115	0.02091	0.01591	0.00886	0.00710	0.00229	0.00829	0.00668	0.00620	0.05226
13	0.04886	0.05331	0.03699	0.05460	0.02181	0.01618	0.01275	0.16217	0.06889	0.18517	0.10156	0.07131	0.04629	0.01381	0.03859	0.00297	0.00781	0.00947	0.00759	0.03987
14	0.06588	0.10922	0.05181	0.09601	0.02380	0.01724	0.01362	0.10381	0.06262	0.10774	0.10143	0.03026	0.02427	0.01043	0.00761	0.00239	0.00743	0.04541	0.05457	0.06445

[dist]
# distance from previous block
# <min> <max>
7	18

[block]
# block no. 8 follows, 23 sequences, length 35
# corresponding to MSA columns:
# 774-808
name=unknown_I
#
# <colnr> <probs for GDERKNQSTAVLIFYWHMCP>
#	G	D	E	R	K	N	Q	S	T	A	V	L	I	F	Y	W	H	M	C	P
0	0.21029	0.06651	0.02043	0.05220	0.02239	0.04577	0.04247	0.13537	0.11986	0.07576	0.02047	0.05245	0.01624	0.00950	0.00710	0.00244	0.00771	0.00740	0.04609	0.03955
1	0.02219	0.01670	0.01924	0.04194	0.02246	0.01585	0.01214	0.16541	0.11613	0.09027	0.01990	0.02058	0.01499	0.00804	0.00710	0.00189	0.00701	0.00642	0.00649	0.38527
2	0.01935	0.01674	0.01817	0.01604	0.02052	0.01898	0.01255	0.03862	0.53203	0.03250	0.05978	0.02988	0.02537	0.01098	0.00901	0.00264	0.04003	0.00894	0.00775	0.08011
3	0.02076	0.01772	0.01867	0.01663	0.02132	0.02045	0.01298	0.07505	0.61669	0.03487	0.03230	0.02969	0.02418	0.01094	0.00825	0.00274	0.00656	0.00907	0.00825	0.01289
4	0.01244	0.00998	0.01291	0.03916	0.01594	0.01020	0.00966	0.01608	0.06809	0.02240	0.03611	0.48585	0.04103	0.02030	0.01094	0.00300	0.06360	0.01778	0.00678	0.09774
5	0.00989	0.00706	0.00942	0.01130	0.01177	0.00659	0.00753	0.01130	0.01554	0.02071	0.04472	0.70954	0.05367	0.02542	0.01036	0.00330	0.00471	0.02307	0.00753	0.00659
6	0.02968	0.09634	0.02163	0.01498	0.02070	0.05185	0.01243	0.16631	0.02500	0.33958	0.03067	0.05982	0.07246	0.01114	0.00799	0.00244	0.00762	0.00884	0.00823	0.01227
7	0.05242	0.01834	0.05965	0.44153	0.04490	0.07376	0.07059	0.02207	0.01659	0.02191	0.01465	0.02098	0.01144	0.01191	0.05584	0.00339	0.03985	0.00714	0.00380	0.00922
8	0.01513	0.00756	0.00756	0.00756	0.00945	0.00756	0.00567	0.01891	0.01702	0.03025	0.02647	0.03025	0.02080	0.00945	0.00567	0.00189	0.00378	0.00756	0.75988	0.00756
9	0.05515	0.13689	0.02353	0.07860	0.05653	0.07273	0.06473	0.02291	0.03929	0.06903	0.22814	0.03495	0.06263	0.01128	0.00806	0.00240	0.00776	0.00960	0.00624	0.00954
10	0.02038	0.09763	0.02672	0.13270	0.12052	0.04531	0.06200	0.07443	0.25269	0.02888	0.02241	0.02547	0.01767	0.00941	0.00800	0.00256	0.00889	0.02689	0.00587	0.01158
11	0.01735	0.01396	0.02099	0.18373	0.06209	0.01509	0.04510	0.02120	0.01787	0.08575	0.14136	0.06525	0.02697	0.01144	0.01133	0.00259	0.12196	0.00933	0.00567	0.12095
12	0.56878	0.01750	0.01452	0.05989	0.01990	0.07362	0.01075	0.02640	0.04892	0.07561	0.01414	0.01575	0.01066	0.00799	0.00581	0.00250	0.00734	0.00516	0.00535	0.00940
13	0.04805	0.01176	0.01607	0.10922	0.05112	0.01220	0.01195	0.02265	0.06448	0.13122	0.32695	0.04138	0.04481	0.01346	0.01009	0.02684	0.02985	0.01095	0.00757	0.00939
14	0.01730	0.01530	0.02308	0.27933	0.08816	0.01704	0.05076	0.04957	0.04690	0.02474	0.01620	0.02141	0.01293	0.00942	0.01064	0.03324	0.08429	0.00706	0.06172	0.13091
15	0.01228	0.00916	0.01308	0.01284	0.01408	0.01077	0.00987	0.01489	0.01316	0.01939	0.02166	0.03278	0.02052	0.11554	0.52968	0.01112	0.06613	0.00880	0.05709	0.00716
16	0.02735	0.02100	0.02237	0.09395	0.02695	0.06495	0.01518	0.42671	0.06473	0.06201	0.02015	0.02113	0.01460	0.00952	0.00787	0.00242	0.00889	0.00731	0.07052	0.01240
17	0.01063	0.00826	0.00966	0.00931	0.01160	0.00729	0.00698	0.01366	0.02095	0.02775	0.39939	0.06849	0.34010	0.01838	0.00958	0.00264	0.00396	0.01578	0.00830	0.00729
18	0.00989	0.00706	0.00942	0.01130	0.01177	0.00659	0.00753	0.01130	0.01554	0.02071	0.04472	0.70954	0.05367	0.02542	0.01036	0.00330	0.00471	0.02307	0.00753	0.00659
19	0.06459	0.00881	0.01092	0.01024	0.01237	0.00839	0.00774	0.01591	0.02233	0.03281	0.61465	0.05730	0.07183	0.01596	0.00925	0.00255	0.00400	0.01396	0.00866	0.00774
20	0.06160	0.01212	0.01573	0.01287	0.01752	0.01104	0.01033	0.03055	0.04504	0.39701	0.24836	0.03846	0.03927	0.01223	0.00850	0.00253	0.00579	0.01027	0.00936	0.01141
21	0.01358	0.00876	0.01152	0.01056	0.01284	0.00801	0.00801	0.01735	0.02299	0.08603	0.60723	0.05784	0.07182	0.01604	0.00945	0.00255	0.00409	0.01413	0.00903	0.00817
22	0.01130	0.00815	0.01068	0.01034	0.01208	0.00753	0.00764	0.01484	0.02210	0.03116	0.58822	0.13626	0.07389	0.01762	0.00966	0.00264	0.00393	0.01565	0.00877	0.00753
23	0.01680	0.01635	0.02302	0.02002	0.02025	0.02257	0.01657	0.01875	0.01252	0.01942	0.01237	0.01994	0.01215	0.02144	0.12835	0.00502	0.59482	0.00735	0.00367	0.00862
24	0.01683	0.01442	0.01683	0.01202	0.01923	0.01082	0.00961	0.02043	0.01683	0.02644	0.01442	0.01683	0.01202	0.00601	0.00601	0.00120	0.00601	0.00481	0.00481	0.76444
25	0.01730	0.00985	0.01015	0.00930	0.01178	0.01022	0.00709	0.11123	0.01990	0.03259	0.02537	0.02988	0.02022	0.04788	0.00798	0.00230	0.00478	0.00775	0.60607	0.00835
26	0.01784	0.01803	0.02637	0.02215	0.02270	0.02457	0.05849	0.01995	0.01287	0.01995	0.01103	0.01803	0.01076	0.01372	0.02550	0.00350	0.65467	0.00726	0.00359	0.00901
27	0.00993	0.00721	0.00938	0.01099	0.01172	0.00666	0.00742	0.01151	0.01612	0.02135	0.07569	0.62719	0.10567	0.02461	0.01026	0.00322	0.00462	0.02219	0.00760	0.00666
28	0.01986	0.01924	0.03343	0.07258	0.60812	0.01930	0.05800	0.02481	0.01843	0.02627	0.01529	0.02024	0.01275	0.00724	0.00812	0.00244	0.00990	0.00736	0.00401	0.01261
29	0.01627	0.04197	0.67279	0.02313	0.03512	0.01884	0.02998	0.02570	0.01713	0.02570	0.01456	0.01713	0.01028	0.00771	0.00771	0.00257	0.01199	0.00600	0.00343	0.01199
30	0.01066	0.00826	0.00970	0.00934	0.01161	0.00730	0.00700	0.01371	0.02101	0.02790	0.40759	0.06825	0.33181	0.01832	0.00958	0.00263	0.00395	0.01574	0.00832	0.00730
31	0.01998	0.01923	0.03336	0.11276	0.50250	0.01956	0.09337	0.05229	0.01921	0.02697	0.01550	0.02042	0.01263	0.00739	0.00822	0.00248	0.01019	0.00750	0.00417	0.01229
32	0.01154	0.00839	0.01096	0.01080	0.01270	0.00781	0.00832	0.01517	0.02186	0.03039	0.52062	0.09056	0.10240	0.01794	0.00983	0.00275	0.00438	0.09743	0.00860	0.00755
33	0.01941	0.01859	0.03172	0.14095	0.57833	0.01910	0.02457	0.02431	0.01816	0.02569	0.01514	0.02030	0.01257	0.00735	0.00804	0.00245	0.00981	0.00723	0.00396	0.01231
34	0.02820	0.02137	0.02344	0.06302	0.02657	0.02393	0.01550	0.50590	0.12991	0.04651	0.02121	0.02127	0.01527	0.00983	0.00814	0.00250	0.00867	0.00758	0.00784	0.01334

[dist]
# distance from previous block
# <min> <max>
0	3

[block]
# block no. 9 follows, 23 sequences, length 74
# corresponding to MSA columns:
# 812-885
name=unknown_J
#
# <colnr> <probs for GDERKNQSTAVLIFYWHMCP>
#	G	D	E	R	K	N	Q	S	T	A	V	L	I	F	Y	W	H	M	C	P
0	0.03466	0.01420	0.01878	0.01466	0.02076	0.01282	0.01202	0.03993	0.09069	0.60134	0.03212	0.02790	0.02059	0.01015	0.00817	0.00254	0.00685	0.00827	0.00985	0.01371
1	0.77215	0.01569	0.01193	0.01067	0.01569	0.01820	0.00879	0.02385	0.01381	0.03641	0.01130	0.01318	0.00879	0.00753	0.00502	0.00251	0.00628	0.00439	0.00502	0.00879
2	0.02751	0.02033	0.02135	0.01743	0.02308	0.05058	0.01403	0.31317	0.26538	0.12006	0.02582	0.02433	0.01855	0.01019	0.00814	0.00255	0.00799	0.00802	0.00824	0.01325
3	0.01929	0.01296	0.01486	0.03718	0.01733	0.01379	0.01014	0.15141	0.10753	0.08039	0.02835	0.10810	0.02644	0.20074	0.01711	0.00403	0.00709	0.03790	0.09603	0.00934
4	0.01119	0.00828	0.01044	0.00990	0.01194	0.00753	0.00743	0.01475	0.02228	0.03091	0.57155	0.06329	0.16596	0.01719	0.00957	0.00258	0.00387	0.01505	0.00872	0.00753
5	0.01938	0.01434	0.01709	0.01233	0.01942	0.01096	0.00992	0.02293	0.01766	0.11050	0.01672	0.01824	0.01307	0.00654	0.00629	0.00137	0.00613	0.00525	0.00549	0.66637
6	0.00989	0.00706	0.00942	0.01130	0.01177	0.00659	0.00753	0.01130	0.01554	0.02071	0.04472	0.70954	0.05367	0.02542	0.01036	0.00330	0.00471	0.02307	0.00753	0.00659
7	0.03641	0.01381	0.01883	0.01444	0.02071	0.01193	0.01193	0.03954	0.02322	0.66984	0.03201	0.02762	0.02009	0.01004	0.00816	0.00251	0.00690	0.00816	0.01004	0.01381
8	0.02751	0.02107	0.02247	0.01799	0.02389	0.02360	0.01461	0.45113	0.22962	0.04575	0.02372	0.02286	0.01723	0.01014	0.00816	0.00253	0.00814	0.00789	0.00816	0.01350
9	0.01043	0.00797	0.00964	0.01022	0.01197	0.00717	0.00752	0.01286	0.01869	0.02436	0.21048	0.27300	0.27588	0.02125	0.00996	0.00295	0.00450	0.06626	0.00788	0.00702
10	0.01088	0.00827	0.01001	0.00957	0.01175	0.00740	0.00718	0.01414	0.02154	0.02915	0.47537	0.06620	0.26325	0.01785	0.00958	0.00261	0.00392	0.01546	0.00849	0.00740
11	0.01248	0.00851	0.01116	0.01038	0.01246	0.00783	0.00783	0.01628	0.02298	0.05795	0.63490	0.05930	0.07431	0.01633	0.00951	0.00255	0.00395	0.01441	0.00898	0.00790
12	0.01902	0.01623	0.01738	0.01599	0.02023	0.01853	0.01257	0.03914	0.55982	0.03246	0.03620	0.03838	0.05541	0.01255	0.00860	0.00285	0.00642	0.06802	0.00815	0.01205
13	0.02169	0.71972	0.04252	0.01388	0.02083	0.03211	0.01388	0.02430	0.01649	0.01909	0.01128	0.01302	0.01041	0.00694	0.00521	0.00174	0.00868	0.00434	0.00347	0.01041
14	0.01909	0.02171	0.04691	0.03366	0.04152	0.02070	0.60878	0.02572	0.01887	0.02572	0.01617	0.02171	0.01224	0.00715	0.01029	0.00277	0.04256	0.00947	0.00408	0.01086
15	0.02978	0.02195	0.02373	0.01836	0.02457	0.02433	0.01513	0.60270	0.03676	0.04935	0.01961	0.02017	0.01416	0.01257	0.04545	0.00302	0.00964	0.00738	0.00791	0.01344
16	0.48881	0.10983	0.04013	0.01305	0.01841	0.06228	0.01135	0.02598	0.01579	0.09884	0.01364	0.01512	0.01044	0.00809	0.00661	0.00243	0.03933	0.00502	0.00517	0.00968
17	0.01510	0.00976	0.01242	0.01136	0.01396	0.00932	0.00864	0.02060	0.08370	0.10493	0.49881	0.08377	0.06401	0.01570	0.00932	0.00260	0.00447	0.01378	0.00893	0.00882
18	0.01710	0.12257	0.56780	0.02323	0.06199	0.02046	0.02781	0.02549	0.01711	0.02494	0.01420	0.01677	0.01041	0.00759	0.00742	0.00246	0.01149	0.00585	0.00346	0.01184
19	0.01284	0.00936	0.01322	0.04936	0.01807	0.00946	0.01271	0.01652	0.01874	0.02463	0.09796	0.12474	0.04802	0.02134	0.01084	0.00355	0.00713	0.48657	0.00741	0.00751
20	0.02009	0.01914	0.03185	0.04733	0.61637	0.01935	0.02401	0.02626	0.06542	0.02706	0.01658	0.02084	0.01374	0.00751	0.00805	0.00244	0.00940	0.00737	0.00433	0.01285
21	0.01261	0.00854	0.01121	0.01040	0.01251	0.00785	0.00785	0.01641	0.02298	0.06140	0.63150	0.05912	0.07400	0.01629	0.00951	0.00255	0.00397	0.01438	0.00898	0.00793
22	0.01129	0.00815	0.01067	0.01034	0.01208	0.00753	0.00764	0.01483	0.02208	0.03112	0.58617	0.13842	0.07382	0.01765	0.00966	0.00264	0.00393	0.01568	0.00876	0.00753
23	0.01003	0.00716	0.00958	0.01146	0.01199	0.00671	0.00778	0.01154	0.01567	0.02087	0.04465	0.68233	0.05336	0.02529	0.01039	0.00331	0.00483	0.04889	0.00753	0.00663
24	0.01409	0.00705	0.01057	0.01057	0.01057	0.00705	0.00705	0.01057	0.01057	0.01409	0.01409	0.02467	0.01409	0.02819	0.03171	0.76392	0.00705	0.00705	0.00352	0.00352
25	0.01532	0.01442	0.02434	0.69533	0.05589	0.01803	0.02253	0.02073	0.01622	0.02073	0.01442	0.02163	0.01082	0.00811	0.00811	0.00270	0.01082	0.00721	0.00361	0.00901
26	0.01953	0.01627	0.02451	0.35713	0.04068	0.01863	0.07830	0.05494	0.19129	0.08300	0.02146	0.02446	0.01572	0.00902	0.00830	0.00269	0.00947	0.00807	0.00568	0.01087
27	0.03543	0.01443	0.01970	0.01622	0.05015	0.01281	0.01266	0.06378	0.02363	0.61481	0.03073	0.02694	0.01950	0.00990	0.00815	0.00250	0.00711	0.00808	0.00969	0.01377
28	0.03641	0.01381	0.01883	0.01444	0.02071	0.01193	0.01193	0.03954	0.02322	0.66984	0.03201	0.02762	0.02009	0.01004	0.00816	0.00251	0.00690	0.00816	0.01004	0.01381
29	0.01171	0.00783	0.00888	0.00896	0.00898	0.00781	0.00504	0.01178	0.01197	0.01596	0.02644	0.08298	0.03060	0.68346	0.03989	0.00766	0.00772	0.01231	0.00504	0.00499
30	0.01409	0.00705	0.01057	0.01057	0.01057	0.00705	0.00705	0.01057	0.01057	0.01409	0.01409	0.02467	0.01409	0.02819	0.03171	0.76392	0.00705	0.00705	0.00352	0.00352
31	0.02849	0.01268	0.01670	0.01351	0.01850	0.01152	0.01089	0.03351	0.07695	0.44854	0.19633	0.03648	0.03526	0.01184	0.00854	0.00254	0.00606	0.00995	0.00960	0.01212
32	0.01196	0.00764	0.01021	0.01146	0.01246	0.00706	0.00787	0.01366	0.01658	0.06976	0.08324	0.61718	0.05264	0.02371	0.01014	0.00319	0.00481	0.02142	0.00781	0.00720
33	0.02291	0.01717	0.01868	0.01632	0.02123	0.01926	0.01283	0.06921	0.53542	0.12281	0.03228	0.02942	0.02363	0.01082	0.00824	0.00270	0.00660	0.00895	0.00850	0.01302
34	0.01135	0.00819	0.01072	0.01030	0.01209	0.00756	0.00765	0.01497	0.02233	0.03152	0.60669	0.11677	0.07458	0.01735	0.00964	0.00262	0.00390	0.01540	0.00881	0.00756
