[name]
unknown

[dist]
# distance from previous block
# <min> <max>
0	82

[block]
# block no. 0 follows, 23 sequences, length 94
# corresponding to MSA columns:
# 83-126,133-182
name=unknown_A
#
# <colnr> <probs for GDERKNQSTAVLIFYWHMCP>
#	G	D	E	R	K	N	Q	S	T	A	V	L	I	F	Y	W	H	M	C	P
0	0.06976	0.01127	0.01443	0.08377	0.02032	0.01187	0.01228	0.06056	0.05054	0.05829	0.03681	0.21517	0.05716	0.01849	0.00968	0.00321	0.00698	0.24378	0.00713	0.00851
1	0.07934	0.02120	0.02191	0.01729	0.02316	0.05178	0.01412	0.46508	0.05960	0.08188	0.06598	0.02272	0.01865	0.01009	0.00799	0.00245	0.00842	0.00767	0.00791	0.01278
2	0.02782	0.01405	0.01780	0.01367	0.01964	0.01228	0.01111	0.08453	0.02290	0.37215	0.10605	0.02836	0.02465	0.00983	0.00779	0.00218	0.00647	0.00806	0.00841	0.20223
3	0.01864	0.02121	0.09814	0.12247	0.36000	0.04612	0.10058	0.02395	0.01820	0.02499	0.01758	0.05524	0.01540	0.00884	0.00841	0.00259	0.01044	0.03159	0.00422	0.01139
4	0.02006	0.12621	0.47885	0.02072	0.03109	0.02028	0.02502	0.06823	0.01910	0.09344	0.01628	0.01784	0.01155	0.00799	0.00746	0.00245	0.01082	0.00609	0.00444	0.01210
5	0.01766	0.19588	0.49735	0.02157	0.03222	0.02196	0.05667	0.02539	0.01709	0.02420	0.01390	0.01643	0.01041	0.00749	0.00723	0.00239	0.01132	0.00580	0.00347	0.01158
6	0.01166	0.00846	0.01135	0.01287	0.01439	0.00815	0.01035	0.01454	0.01800	0.02356	0.09147	0.27819	0.10698	0.02275	0.01068	0.00342	0.00605	0.33237	0.00760	0.00716
7	0.01103	0.00794	0.01044	0.01052	0.01202	0.00735	0.00762	0.01417	0.02085	0.02917	0.48449	0.24568	0.07003	0.01911	0.00979	0.00276	0.00408	0.01707	0.00853	0.00735
8	0.01991	0.02924	0.35736	0.02270	0.03173	0.01681	0.15510	0.02670	0.01851	0.13341	0.05027	0.02253	0.01591	0.00952	0.00965	0.04590	0.01081	0.00763	0.00496	0.01137
9	0.01766	0.01744	0.03155	0.35351	0.26325	0.01891	0.13373	0.02312	0.01753	0.02367	0.01507	0.02114	0.01179	0.00758	0.00835	0.00261	0.01093	0.00764	0.00384	0.01069
10	0.01180	0.00787	0.00885	0.00885	0.00885	0.00787	0.00492	0.01180	0.01180	0.01573	0.02557	0.05310	0.02950	0.71483	0.04130	0.00787	0.00787	0.01180	0.00492	0.00492
11	0.00998	0.00713	0.00950	0.01124	0.01179	0.00665	0.00754	0.01153	0.01596	0.02139	0.07971	0.67263	0.05497	0.02492	0.01031	0.00325	0.00466	0.02259	0.00761	0.00665
12	0.02144	0.68779	0.07221	0.01432	0.02150	0.03148	0.01464	0.02436	0.01652	0.01940	0.01144	0.01321	0.01041	0.00698	0.00532	0.00177	0.00883	0.00442	0.00347	0.01049
13	0.06705	0.01468	0.01811	0.04566	0.02103	0.04148	0.01215	0.06235	0.02109	0.41299	0.02640	0.02678	0.01840	0.04532	0.06290	0.00358	0.04120	0.00789	0.03919	0.01175
14	0.03601	0.01445	0.01923	0.01474	0.02103	0.01288	0.01218	0.08254	0.02430	0.62533	0.03111	0.02703	0.01963	0.01002	0.00816	0.00251	0.00705	0.00810	0.00990	0.01381
15	0.03253	0.01817	0.02134	0.01644	0.02265	0.01856	0.01355	0.34597	0.03089	0.32549	0.05127	0.02478	0.01916	0.01016	0.00820	0.00247	0.00782	0.00799	0.00901	0.01355
16	0.01638	0.01502	0.02393	0.61763	0.05209	0.01851	0.02155	0.05128	0.06001	0.02306	0.01592	0.02212	0.01190	0.00838	0.00812	0.00269	0.01043	0.00735	0.00413	0.00950
17	0.77215	0.01569	0.01193	0.01067	0.01569	0.01820	0.00879	0.02385	0.01381	0.03641	0.01130	0.01318	0.00879	0.00753	0.00502	0.00251	0.00628	0.00439	0.00502	0.00879
18	0.02169	0.71972	0.04252	0.01388	0.02083	0.03211	0.01388	0.02430	0.01649	0.01909	0.01128	0.01302	0.01041	0.00694	0.00521	0.00174	0.00868	0.00434	0.00347	0.01041
19	0.05332	0.01268	0.05452	0.01610	0.04650	0.01099	0.05605	0.01971	0.04460	0.09149	0.11065	0.31552	0.04148	0.01777	0.00945	0.00298	0.00654	0.07360	0.00721	0.00883
20	0.05456	0.01827	0.08841	0.01772	0.04514	0.01537	0.05597	0.10679	0.06953	0.25986	0.10540	0.02794	0.02406	0.00997	0.00811	0.00245	0.00772	0.00841	0.00766	0.06669
21	0.01910	0.01828	0.03473	0.09339	0.16896	0.01801	0.30370	0.02566	0.06115	0.06372	0.02107	0.09603	0.01802	0.00950	0.00903	0.00271	0.01071	0.01020	0.00504	0.01100
22	0.01110	0.00800	0.01050	0.01047	0.01204	0.00740	0.00763	0.01434	0.02117	0.02968	0.51124	0.21746	0.07103	0.01872	0.00976	0.00273	0.00404	0.01670	0.00859	0.00740
23	0.02681	0.02014	0.02208	0.04540	0.02468	0.02242	0.01482	0.45631	0.13024	0.04469	0.02321	0.02648	0.01785	0.01072	0.00826	0.00256	0.00834	0.04826	0.03394	0.01281
24	0.05426	0.01550	0.01769	0.01501	0.01962	0.01625	0.01190	0.19001	0.15609	0.19013	0.03139	0.11723	0.04409	0.04604	0.01005	0.00295	0.00702	0.03495	0.00822	0.01160
25	0.01203	0.00899	0.01237	0.01382	0.01493	0.00933	0.01098	0.01458	0.01680	0.02233	0.04122	0.35974	0.04698	0.02311	0.01203	0.00353	0.06022	0.30263	0.00719	0.00719
26	0.01351	0.01020	0.01159	0.01240	0.01411	0.00890	0.00854	0.01423	0.01898	0.02475	0.08845	0.41106	0.28054	0.02446	0.01128	0.00362	0.00567	0.02059	0.00857	0.00856
27	0.03130	0.06960	0.02561	0.01933	0.02538	0.02430	0.01549	0.43564	0.08141	0.09990	0.02533	0.05972	0.02002	0.01260	0.00941	0.00307	0.00932	0.00911	0.00889	0.01456
28	0.02291	0.02126	0.03128	0.05172	0.03025	0.07119	0.19393	0.02531	0.01850	0.07144	0.02043	0.08011	0.01854	0.01392	0.01725	0.00363	0.28116	0.01005	0.00575	0.01138
29	0.02734	0.01882	0.02094	0.01755	0.02242	0.01931	0.01370	0.29508	0.09821	0.11431	0.15951	0.03873	0.03369	0.04126	0.01121	0.00338	0.00826	0.03373	0.00931	0.01325
30	0.06303	0.01979	0.02229	0.08932	0.02735	0.01917	0.01448	0.25050	0.02642	0.03817	0.01947	0.02280	0.01557	0.01004	0.00845	0.00257	0.00876	0.00711	0.00704	0.32767
31	0.02694	0.06921	0.06372	0.01945	0.02460	0.02256	0.04105	0.31272	0.02781	0.06017	0.02230	0.02971	0.01915	0.13886	0.01695	0.00410	0.07163	0.00895	0.00738	0.01273
32	0.01353	0.00976	0.01193	0.01347	0.01437	0.00876	0.00899	0.01393	0.01765	0.02380	0.04779	0.65026	0.07809	0.02648	0.01157	0.00384	0.00591	0.02294	0.00850	0.00843
33	0.01356	0.01022	0.01166	0.01242	0.01414	0.00893	0.00856	0.01436	0.01917	0.02511	0.10780	0.39976	0.27193	0.02425	0.01126	0.00360	0.00565	0.02041	0.00862	0.00860
34	0.03129	0.08010	0.07268	0.02240	0.02743	0.55975	0.01765	0.03286	0.02377	0.02332	0.01605	0.01951	0.01371	0.01045	0.00863	0.00274	0.01475	0.00635	0.00525	0.01132
35	0.02063	0.02821	0.23345	0.10452	0.06144	0.02041	0.29711	0.02653	0.02018	0.02841	0.05112	0.02668	0.01794	0.01005	0.01008	0.00326	0.01294	0.00928	0.00525	0.01253
36	0.02362	0.01867	0.02152	0.13439	0.02853	0.02131	0.01540	0.24897	0.30455	0.05774	0.02500	0.02489	0.01834	0.01003	0.00818	0.00262	0.00808	0.00814	0.00746	0.01255
37	0.73908	0.01601	0.01248	0.01103	0.01611	0.01851	0.00908	0.05121	0.01489	0.03706	0.01166	0.01346	0.00901	0.00763	0.00516	0.00251	0.00640	0.00452	0.00516	0.00901
38	0.04533	0.08968	0.15863	0.04811	0.10941	0.01640	0.01697	0.02086	0.01573	0.02345	0.01663	0.02241	0.01432	0.04374	0.17304	0.00502	0.03294	0.00677	0.03358	0.10698
39	0.02569	0.09986	0.03104	0.07237	0.07331	0.16762	0.13398	0.23781	0.02601	0.03225	0.01586	0.01838	0.01214	0.00830	0.00790	0.00236	0.01123	0.00695	0.00540	0.01153
40	0.77215	0.01569	0.01193	0.01067	0.01569	0.01820	0.00879	0.02385	0.01381	0.03641	0.01130	0.01318	0.00879	0.00753	0.00502	0.00251	0.00628	0.00439	0.00502	0.00879
41	0.01409	0.00705	0.01057	0.01057	0.01057	0.00705	0.00705	0.01057	0.01057	0.01409	0.01409	0.02467	0.01409	0.02819	0.03171	0.76392	0.00705	0.00705	0.00352	0.00352
42	0.02153	0.01810	0.01911	0.01679	0.02161	0.02081	0.01317	0.11841	0.57207	0.03612	0.03131	0.02891	0.02338	0.01085	0.00824	0.00271	0.00674	0.00894	0.00824	0.01296
43	0.03641	0.01381	0.01883	0.01444	0.02071	0.01193	0.01193	0.03954	0.02322	0.66984	0.03201	0.02762	0.02009	0.01004	0.00816	0.00251	0.00690	0.00816	0.01004	0.01381
44	0.00989	0.00706	0.00942	0.01130	0.01177	0.00659	0.00753	0.01130	0.01554	0.02071	0.04472	0.70954	0.05367	0.02542	0.01036	0.00330	0.00471	0.02307	0.00753	0.00659
45	0.01308	0.00934	0.01308	0.01494	0.01681	0.00934	0.01308	0.01681	0.01868	0.02428	0.04296	0.09153	0.04670	0.02242	0.01121	0.00374	0.00747	0.60960	0.00747	0.00747
46	0.01041	0.00770	0.01027	0.01177	0.01220	0.00768	0.00801	0.01179	0.01521	0.02045	0.04204	0.64478	0.05029	0.05147	0.01248	0.00349	0.04437	0.02172	0.00720	0.00666
47	0.03615	0.01422	0.01908	0.01463	0.02092	0.01253	0.01209	0.06697	0.02391	0.64144	0.03144	0.02724	0.01980	0.01003	0.00816	0.00251	0.00700	0.00812	0.00995	0.01381
48	0.03493	0.01348	0.01836	0.01419	0.02020	0.01167	0.01167	0.03811	0.02321	0.63209	0.06920	0.02957	0.02343	0.01043	0.00824	0.00251	0.00672	0.00855	0.00998	0.01344
49	0.01532	0.01442	0.02434	0.69533	0.05589	0.01803	0.02253	0.02073	0.01622	0.02073	0.01442	0.02163	0.01082	0.00811	0.00811	0.00270	0.01082	0.00721	0.00361	0.00901
50	0.02953	0.03531	0.02329	0.02066	0.02484	0.55761	0.01579	0.10541	0.02413	0.02366	0.01326	0.01544	0.01087	0.00892	0.00872	0.00223	0.06020	0.00561	0.00462	0.00991
51	0.77215	0.01569	0.01193	0.01067	0.01569	0.01820	0.00879	0.02385	0.01381	0.03641	0.01130	0.01318	0.00879	0.00753	0.00502	0.00251	0.00628	0.00439	0.00502	0.00879
52	0.01798	0.05768	0.02586	0.02088	0.02128	0.02527	0.01753	0.01980	0.01266	0.01950	0.01069	0.01748	0.01064	0.01379	0.02541	0.00345	0.66066	0.00694	0.00355	0.00896
53	0.01689	0.01291	0.01801	0.01558	0.01781	0.01468	0.05307	0.06847	0.04111	0.06890	0.02351	0.03374	0.04445	0.18350	0.21589	0.00700	0.14135	0.00935	0.00530	0.00848
54	0.11756	0.26648	0.16825	0.01847	0.02529	0.05185	0.06164	0.06964	0.01782	0.02567	0.01292	0.01569	0.01059	0.00837	0.00906	0.00238	0.09797	0.00568	0.00409	0.01059
55	0.01274	0.00851	0.01108	0.01048	0.01255	0.00778	0.00784	0.01624	0.02213	0.06879	0.54369	0.11872	0.09415	0.01717	0.00956	0.00263	0.00410	0.01515	0.00881	0.00789
56	0.01816	0.00977	0.01298	0.01134	0.01442	0.00880	0.00880	0.02180	0.02304	0.20324	0.49174	0.05177	0.06143	0.01484	0.00919	0.00254	0.00465	0.01293	0.00923	0.00930
57	0.01886	0.08163	0.23413	0.11112	0.27182	0.05052	0.06881	0.02504	0.01789	0.02466	0.01459	0.01866	0.01147	0.00748	0.00780	0.00245	0.01096	0.00669	0.00375	0.01165
58	0.02273	0.01667	0.04275	0.04290	0.12836	0.04154	0.01486	0.03201	0.19833	0.19173	0.09725	0.06082	0.02781	0.01148	0.00848	0.00264	0.00743	0.03290	0.00754	0.01176
59	0.00989	0.00706	0.00942	0.01130	0.01177	0.00659	0.00753	0.01130	0.01554	0.02071	0.04472	0.70954	0.05367	0.02542	0.01036	0.00330	0.00471	0.02307	0.00753	0.00659
60	0.01000	0.00715	0.00952	0.01122	0.01179	0.00667	0.00754	0.01158	0.01606	0.02155	0.08811	0.66377	0.05528	0.02480	0.01030	0.00324	0.00465	0.02248	0.00763	0.00667
61	0.02577	0.02167	0.09805	0.06659	0.02647	0.02047	0.01635	0.39321	0.03002	0.09129	0.02278	0.10858	0.01879	0.01142	0.00836	0.00259	0.00872	0.00924	0.00732	0.01232
62	0.01968	0.02345	0.08353	0.06334	0.14387	0.18164	0.01826	0.02295	0.01734	0.02175	0.01831	0.13444	0.01825	0.01241	0.01284	0.00280	0.18177	0.00926	0.00446	0.00966
63	0.77215	0.01569	0.01193	0.01067	0.01569	0.01820	0.00879	0.02385	0.01381	0.03641	0.01130	0.01318	0.00879	0.00753	0.00502	0.00251	0.00628	0.00439	0.00502	0.00879
64	0.01692	0.00929	0.00948	0.00883	0.01124	0.00957	0.00678	0.08938	0.01943	0.03263	0.02567	0.02902	0.02000	0.00949	0.00595	0.00195	0.00437	0.00753	0.67418	0.00827
65	0.02275	0.63588	0.04012	0.01475	0.02135	0.11214	0.01410	0.02529	0.01729	0.01919	0.01144	0.01322	0.01042	0.00712	0.00547	0.00178	0.00941	0.00445	0.00356	0.01029
66	0.01968	0.01835	0.02825	0.09874	0.43689	0.01941	0.02145	0.02942	0.18783	0.02799	0.01996	0.02296	0.01587	0.00832	0.00810	0.00253	0.00888	0.00775	0.00512	0.01251
67	0.02131	0.07351	0.01873	0.01409	0.01774	0.01706	0.01097	0.26468	0.02392	0.06188	0.02434	0.08564	0.02344	0.23115	0.04467	0.00460	0.00860	0.03737	0.00661	0.00968
68	0.01800	0.01280	0.01555	0.06223	0.01960	0.01277	0.01091	0.14617	0.04234	0.07314	0.06870	0.26937	0.05173	0.01543	0.00866	0.00260	0.00631	0.01339	0.03331	0.11698
69	0.01401	0.01072	0.01462	0.01295	0.01585	0.01046	0.05101	0.02062	0.11064	0.05201	0.45313	0.05483	0.09093	0.01537	0.00941	0.00265	0.00513	0.03848	0.00842	0.00876
70	0.03031	0.03867	0.02299	0.02090	0.02508	0.68226	0.01568	0.03240	0.02299	0.01986	0.01254	0.01463	0.01045	0.00836	0.00732	0.00209	0.01463	0.00523	0.00418	0.00941
71	0.07478	0.01934	0.02632	0.13936	0.25432	0.02094	0.01934	0.25628	0.02542	0.06068	0.01711	0.01994	0.01289	0.00845	0.00788	0.00248	0.00923	0.00710	0.00580	0.01235
72	0.03112	0.02228	0.02408	0.01846	0.02494	0.02450	0.01525	0.60741	0.03741	0.08193	0.02011	0.01989	0.01411	0.00976	0.00812	0.00244	0.00883	0.00735	0.00821	0.01380
73	0.38195	0.01891	0.04633	0.01444	0.02021	0.01978	0.01232	0.24621	0.02356	0.09009	0.01739	0.04527	0.01338	0.00927	0.00672	0.00252	0.00747	0.00658	0.00656	0.01104
74	0.01915	0.02189	0.04788	0.03420	0.04241	0.02052	0.63475	0.02599	0.01915	0.02599	0.01642	0.02189	0.01231	0.00684	0.00958	0.00274	0.01368	0.00958	0.00410	0.01094
75	0.02095	0.01781	0.01878	0.01667	0.02139	0.02054	0.01303	0.08585	0.60557	0.03518	0.03205	0.02950	0.02398	0.01092	0.00825	0.00273	0.00660	0.00904	0.00825	0.01291
76	0.03587	0.01466	0.01936	0.01484	0.02114	0.01319	0.01226	0.09672	0.02465	0.61065	0.03081	0.02684	0.01948	0.01001	0.00816	0.00250	0.00710	0.00808	0.00986	0.01381
77	0.05901	0.01153	0.01554	0.05999	0.01838	0.01378	0.01168	0.06052	0.01504	0.02224	0.02050	0.06295	0.01972	0.10038	0.37272	0.00878	0.10561	0.00902	0.00471	0.00790
78	0.05273	0.69060	0.04125	0.01375	0.02061	0.03153	0.01367	0.02428	0.01638	0.01981	0.01128	0.01302	0.01035	0.00697	0.00520	0.00177	0.00858	0.00434	0.00354	0.01035
79	0.01015	0.00824	0.00899	0.00880	0.01130	0.00709	0.00660	0.01272	0.01981	0.02504	0.25203	0.07295	0.48915	0.01939	0.00958	0.00268	0.00403	0.01640	0.00795	0.00709
80	0.03641	0.01381	0.01883	0.01444	0.02071	0.01193	0.01193	0.03954	0.02322	0.66984	0.03201	0.02762	0.02009	0.01004	0.00816	0.00251	0.00690	0.00816	0.01004	0.01381
81	0.01911	0.01628	0.02599	0.09915	0.40079	0.01654	0.01979	0.02470	0.06217	0.07259	0.06621	0.06793	0.05298	0.01015	0.00838	0.00255	0.00837	0.00936	0.00542	0.01154
82	0.01180	0.00787	0.00885	0.00885	0.00885	0.00787	0.00492	0.01180	0.01180	0.01573	0.02557	0.05310	0.02950	0.71483	0.04130	0.00787	0.00787	0.01180	0.00492	0.00492
83	0.01409	0.00705	0.01057	0.01057	0.01057	0.00705	0.00705	0.01057	0.01057	0.01409	0.01409	0.02467	0.01409	0.02819	0.03171	0.76392	0.00705	0.00705	0.00352	0.00352
84	0.77215	0.01569	0.01193	0.01067	0.01569	0.01820	0.00879	0.02385	0.01381	0.03641	0.01130	0.01318	0.00879	0.00753	0.00502	0.00251	0.00628	0.00439	0.00502	0.00879
85	0.01775	0.01775	0.02485	0.02130	0.02130	0.02485	0.01775	0.01953	0.01243	0.01953	0.01065	0.01775	0.01065	0.01420	0.02663	0.00355	0.69998	0.00710	0.00355	0.00888
86	0.01791	0.01868	0.07413	0.35756	0.23915	0.01898	0.04437	0.04907	0.05401	0.02506	0.01603	0.02124	0.01238	0.00800	0.00812	0.00260	0.01031	0.00733	0.00419	0.01090
87	0.01775	0.01775	0.02485	0.02130	0.02130	0.02485	0.01775	0.01953	0.01243	0.01953	0.01065	0.01775	0.01065	0.01420	0.02663	0.00355	0.69998	0.00710	0.00355	0.00888
88	0.01002	0.00824	0.00881	0.00867	0.01122	0.00703	0.00650	0.01247	0.01950	0.02431	0.21197	0.07416	0.52966	0.01966	0.00959	0.00270	0.00405	0.01657	0.00785	0.00703
89	0.06173	0.01520	0.01872	0.01461	0.02042	0.01460	0.01200	0.16694	0.02574	0.44179	0.05940	0.02707	0.02112	0.01017	0.00796	0.00246	0.00699	0.00812	0.05202	0.01295
90	0.11409	0.04481	0.02365	0.20126	0.03253	0.16810	0.04702	0.14248	0.05049	0.07563	0.01667	0.01920	0.01240	0.00857	0.00756	0.00245	0.01037	0.00663	0.00544	0.01063
91	0.01010	0.00715	0.00935	0.01102	0.01144	0.00674	0.00724	0.01136	0.01511	0.02015	0.04255	0.63516	0.05093	0.10353	0.01386	0.00381	0.00507	0.02179	0.00724	0.00640
92	0.00989	0.00706	0.00942	0.01130	0.01177	0.00659	0.00753	0.01130	0.01554	0.02071	0.04472	0.70954	0.05367	0.02542	0.01036	0.00330	0.00471	0.02307	0.00753	0.00659
93	0.18151	0.05058	0.01816	0.01370	0.01902	0.01675	0.01124	0.18353	0.02347	0.19774	0.04914	0.06154	0.01951	0.01016	0.00722	0.00238	0.00684	0.00785	0.06375	0.05592

[dist]
# distance from previous block
# <min> <max>
6	44

[block]
# block no. 1 follows, 23 sequences, length 49
# corresponding to MSA columns:
# 227-275
name=unknown_B
#
# <colnr> <probs for GDERKNQSTAVLIFYWHMCP>
#	G	D	E	R	K	N	Q	S	T	A	V	L	I	F	Y	W	H	M	C	P
0	0.01661	0.01797	0.06372	0.02140	0.02558	0.01817	0.17562	0.02052	0.01623	0.02357	0.05702	0.06950	0.04991	0.01187	0.01510	0.00281	0.25689	0.00932	0.00465	0.12356
1	0.03879	0.12430	0.54011	0.02152	0.03225	0.05809	0.02660	0.02585	0.01729	0.02485	0.01395	0.01637	0.01026	0.00765	0.00730	0.00244	0.01158	0.00570	0.00352	0.01156
2	0.02397	0.02792	0.01890	0.01762	0.02119	0.42310	0.01332	0.05198	0.05275	0.02247	0.02784	0.10266	0.09820	0.01280	0.00826	0.00245	0.01117	0.04886	0.00553	0.00901
3	0.01197	0.00912	0.01326	0.01305	0.01426	0.01073	0.01000	0.01448	0.01287	0.01853	0.02152	0.03341	0.02075	0.13023	0.57445	0.01193	0.05905	0.00894	0.00436	0.00708
4	0.01180	0.00787	0.00885	0.00885	0.00885	0.00787	0.00492	0.01180	0.01180	0.01573	0.02557	0.05310	0.02950	0.71483	0.04130	0.00787	0.00787	0.01180	0.00492	0.00492
5	0.11249	0.02538	0.02177	0.01781	0.02330	0.19624	0.01426	0.37895	0.03040	0.04023	0.01710	0.01804	0.01271	0.00912	0.00744	0.00233	0.00988	0.00645	0.04433	0.01177
6	0.01777	0.01506	0.02400	0.57209	0.04978	0.01843	0.02114	0.05830	0.01777	0.06541	0.01567	0.02168	0.01160	0.00868	0.00917	0.00272	0.04954	0.00727	0.00429	0.00961
7	0.01752	0.03918	0.59758	0.02340	0.03484	0.01859	0.06868	0.02644	0.01758	0.05944	0.01560	0.01799	0.01093	0.00777	0.00786	0.00258	0.01184	0.00634	0.00382	0.01202
8	0.01569	0.01251	0.01483	0.01376	0.01700	0.01316	0.01065	0.05119	0.21095	0.02753	0.08083	0.11292	0.03180	0.06216	0.12814	0.00477	0.00894	0.07242	0.00684	0.10391
9	0.00997	0.00710	0.00939	0.01119	0.01164	0.00665	0.00742	0.01132	0.01538	0.02050	0.04390	0.68142	0.05263	0.05495	0.01168	0.00349	0.00484	0.02258	0.00742	0.00652
10	0.02327	0.59541	0.03896	0.01517	0.02160	0.15077	0.01421	0.02578	0.01768	0.01923	0.01151	0.01331	0.01042	0.00720	0.00559	0.00180	0.00976	0.00450	0.00360	0.01023
11	0.01532	0.01442	0.02434	0.69533	0.05589	0.01803	0.02253	0.02073	0.01622	0.02073	0.01442	0.02163	0.01082	0.00811	0.00811	0.00270	0.01082	0.00721	0.00361	0.00901
12	0.01303	0.01094	0.01708	0.10420	0.06395	0.01119	0.06410	0.01717	0.05284	0.02276	0.03564	0.39928	0.03948	0.01924	0.00984	0.00314	0.00702	0.09442	0.00655	0.00815
13	0.02947	0.02140	0.02288	0.01770	0.02379	0.02362	0.01457	0.58294	0.03630	0.04931	0.02009	0.02043	0.01441	0.00972	0.00790	0.00239	0.00848	0.00733	0.07405	0.01325
14	0.19689	0.19193	0.24744	0.01641	0.02452	0.02056	0.01786	0.02752	0.01734	0.14661	0.01627	0.01719	0.01179	0.00792	0.00657	0.00235	0.00893	0.00563	0.00504	0.01121
15	0.01891	0.01808	0.03082	0.20859	0.51458	0.01897	0.02432	0.02388	0.01792	0.02509	0.01506	0.02046	0.01235	0.00745	0.00805	0.00248	0.00993	0.00723	0.00392	0.01191
16	0.01532	0.01442	0.02434	0.69533	0.05589	0.01803	0.02253	0.02073	0.01622	0.02073	0.01442	0.02163	0.01082	0.00811	0.00811	0.00270	0.01082	0.00721	0.00361	0.00901
17	0.02184	0.01806	0.01934	0.01629	0.02165	0.01981	0.01289	0.15978	0.43288	0.03631	0.02755	0.02611	0.02068	0.01002	0.00790	0.00246	0.00687	0.00815	0.00772	0.12370
18	0.02169	0.71972	0.04252	0.01388	0.02083	0.03211	0.01388	0.02430	0.01649	0.01909	0.01128	0.01302	0.01041	0.00694	0.00521	0.00174	0.00868	0.00434	0.00347	0.01041
19	0.10083	0.02051	0.06560	0.02476	0.14147	0.01985	0.09238	0.24883	0.02548	0.10265	0.02016	0.06519	0.01599	0.00964	0.00809	0.00255	0.00907	0.00832	0.00644	0.01219
20	0.05318	0.06527	0.11809	0.05113	0.13710	0.01625	0.01681	0.02915	0.07929	0.20845	0.11745	0.02810	0.02474	0.00988	0.00797	0.00249	0.00790	0.00830	0.00674	0.01172
21	0.01409	0.00705	0.01057	0.01057	0.01057	0.00705	0.00705	0.01057	0.01057	0.01409	0.01409	0.02467	0.01409	0.02819	0.03171	0.76392	0.00705	0.00705	0.00352	0.00352
22	0.00985	0.00721	0.00926	0.01089	0.01166	0.00662	0.00735	0.01134	0.01593	0.02087	0.04966	0.62635	0.13366	0.02478	0.01026	0.00322	0.00463	0.02228	0.00753	0.00662
23	0.02196	0.03062	0.36635	0.06813	0.09316	0.01875	0.02394	0.12270	0.02142	0.12892	0.01808	0.01970	0.01263	0.00837	0.00790	0.00253	0.01043	0.00673	0.00525	0.01244
24	0.06546	0.01713	0.06209	0.01553	0.02204	0.01491	0.01349	0.11544	0.06579	0.47786	0.02841	0.02542	0.01845	0.00981	0.00799	0.00252	0.00744	0.00781	0.00902	0.01341
25	0.01976	0.01913	0.03319	0.08599	0.59828	0.01927	0.05527	0.02472	0.01838	0.02615	0.01527	0.02026	0.01271	0.00726	0.00811	0.00244	0.00991	0.00735	0.00400	0.01254
26	0.01815	0.01976	0.04074	0.14067	0.07925	0.01963	0.45078	0.02423	0.01824	0.02471	0.01697	0.04988	0.01374	0.00811	0.00992	0.00277	0.03830	0.00952	0.00414	0.01049
27	0.02536	0.01756	0.02265	0.18466	0.08579	0.01908	0.01652	0.27822	0.02675	0.14077	0.02284	0.02433	0.04059	0.00960	0.00805	0.00249	0.00865	0.00783	0.04631	0.01194
28	0.02527	0.37177	0.05328	0.01559	0.02223	0.02677	0.01441	0.24357	0.02465	0.06824	0.01628	0.01719	0.01271	0.00827	0.00652	0.00206	0.00852	0.00584	0.04510	0.01172
29	0.01799	0.01511	0.01745	0.01257	0.01972	0.01200	0.01010	0.07147	0.01859	0.02848	0.01484	0.01705	0.01217	0.00632	0.00618	0.00130	0.00625	0.00501	0.00508	0.70232
30	0.02242	0.35827	0.12408	0.06436	0.07830	0.08744	0.01786	0.05791	0.01874	0.06091	0.01403	0.01623	0.01138	0.00783	0.00714	0.00214	0.03021	0.00554	0.00422	0.01098
31	0.02164	0.01815	0.01917	0.01681	0.02166	0.02086	0.01320	0.12431	0.56599	0.03629	0.03117	0.02880	0.02327	0.01084	0.00824	0.00271	0.00676	0.00892	0.00824	0.01297
32	0.01148	0.00829	0.01085	0.01021	0.01212	0.00766	0.00766	0.01531	0.02297	0.03254	0.65994	0.06061	0.07656	0.01659	0.00957	0.00255	0.00383	0.01467	0.00893	0.00766
33	0.01169	0.00832	0.01115	0.01115	0.01195	0.00912	0.00779	0.01328	0.01248	0.01744	0.02346	0.04144	0.02444	0.35540	0.39381	0.01071	0.01549	0.01009	0.00460	0.00620
34	0.00980	0.00740	0.00907	0.01040	0.01153	0.00667	0.00713	0.01140	0.01640	0.02107	0.05567	0.52511	0.23103	0.02400	0.01013	0.00313	0.00453	0.02133	0.00753	0.00667
35	0.01018	0.00733	0.00968	0.01121	0.01197	0.00682	0.00771	0.01198	0.01660	0.02224	0.11641	0.59155	0.07570	0.02414	0.01027	0.00321	0.00469	0.04387	0.00769	0.00675
36	0.01180	0.00787	0.00885	0.00885	0.00885	0.00787	0.00492	0.01180	0.01180	0.01573	0.02557	0.05310	0.02950	0.71483	0.04130	0.00787	0.00787	0.01180	0.00492	0.00492
37	0.02210	0.01746	0.02077	0.01720	0.02029	0.02069	0.01378	0.29861	0.02408	0.03320	0.01827	0.02589	0.01621	0.13498	0.08490	0.00470	0.20252	0.00814	0.00594	0.01029
38	0.02680	0.11823	0.02577	0.06538	0.05014	0.43067	0.01616	0.06474	0.05788	0.02264	0.01410	0.01640	0.01158	0.00859	0.00801	0.00222	0.04041	0.00574	0.00448	0.01006
39	0.01011	0.00745	0.01002	0.04163	0.01369	0.00711	0.00813	0.01174	0.01571	0.02077	0.04525	0.64730	0.08213	0.02441	0.01022	0.00324	0.00495	0.02206	0.00736	0.00671
40	0.02822	0.09064	0.05070	0.01842	0.02412	0.23982	0.01532	0.31828	0.02899	0.03559	0.01673	0.01792	0.01271	0.00893	0.00742	0.00223	0.01056	0.00632	0.05550	0.01157
41	0.01683	0.01442	0.01683	0.01202	0.01923	0.01082	0.00961	0.02043	0.01683	0.02644	0.01442	0.01683	0.01202	0.00601	0.00601	0.00120	0.00601	0.00481	0.00481	0.76444
42	0.01135	0.00805	0.01084	0.01254	0.01353	0.00782	0.00952	0.01356	0.01645	0.02169	0.04224	0.39992	0.04862	0.08820	0.01357	0.00390	0.00611	0.25805	0.00727	0.00679
43	0.01372	0.00942	0.01192	0.01095	0.01331	0.00891	0.00830	0.05718	0.02340	0.06112	0.53381	0.09532	0.08821	0.01650	0.00946	0.00259	0.00436	0.01447	0.00880	0.00825
44	0.02131	0.01738	0.02118	0.16823	0.02940	0.02011	0.01591	0.21640	0.20513	0.03457	0.04820	0.03064	0.02129	0.01134	0.00957	0.00277	0.04911	0.05920	0.00686	0.01140
45	0.07585	0.01810	0.02130	0.13498	0.02811	0.01997	0.01500	0.29232	0.10709	0.13886	0.05028	0.02392	0.01812	0.00982	0.00800	0.00254	0.00822	0.00780	0.00748	0.01224
46	0.22436	0.06257	0.11916	0.05231	0.02523	0.01970	0.06289	0.13989	0.07257	0.03369	0.01665	0.01858	0.01258	0.00819	0.00690	0.00238	0.00845	0.00631	0.04313	0.06447
47	0.02261	0.02179	0.14413	0.02259	0.05774	0.01610	0.18610	0.05113	0.01990	0.17703	0.01932	0.02103	0.01377	0.00768	0.00796	0.00227	0.00966	0.00731	0.00568	0.18619
48	0.01675	0.10151	0.45566	0.02293	0.03288	0.01937	0.12219	0.02448	0.01747	0.02502	0.03528	0.05805	0.01503	0.00876	0.00797	0.00256	0.01128	0.00763	0.00393	0.01124

[dist]
# distance from previous block
# <min> <max>
0	8

[block]
# block no. 2 follows, 23 sequences, length 12
# corresponding to MSA columns:
# 284-295
name=unknown_C
#
# <colnr> <probs for GDERKNQSTAVLIFYWHMCP>
#	G	D	E	R	K	N	Q	S	T	A	V	L	I	F	Y	W	H	M	C	P
0	0.10226	0.17658	0.09236	0.02295	0.14705	0.02050	0.05843	0.06212	0.01882	0.07485	0.04657	0.05174	0.01691	0.00900	0.00778	0.00234	0.02872	0.00734	0.00507	0.04861
1	0.01494	0.01215	0.01409	0.01303	0.01606	0.04182	0.03824	0.03659	0.10059	0.05492	0.09986	0.10568	0.24681	0.05494	0.05244	0.00371	0.00722	0.07121	0.00723	0.00848
2	0.05774	0.01915	0.03160	0.10400	0.35897	0.02008	0.11879	0.07486	0.05117	0.02839	0.01619	0.02053	0.01294	0.00799	0.00902	0.00257	0.04205	0.00756	0.00456	0.01186
3	0.01002	0.00716	0.00953	0.01121	0.01180	0.00668	0.00754	0.01162	0.01614	0.02167	0.09455	0.65698	0.05552	0.02471	0.01029	0.00324	0.00464	0.02239	0.00765	0.00668
4	0.01593	0.00896	0.00985	0.04907	0.01341	0.00939	0.00749	0.05685	0.01808	0.03042	0.02510	0.02916	0.01975	0.01192	0.03922	0.00252	0.00539	0.00758	0.63191	0.00802
5	0.01532	0.01432	0.02404	0.61101	0.09453	0.01743	0.02181	0.02046	0.01634	0.02112	0.01628	0.06230	0.01349	0.00908	0.00824	0.00272	0.01037	0.00815	0.00387	0.00913
6	0.01067	0.00739	0.00918	0.01030	0.01057	0.00711	0.00646	0.01150	0.01401	0.01868	0.03688	0.44093	0.04378	0.30752	0.02302	0.00517	0.00600	0.01846	0.00646	0.00591
7	0.23515	0.05504	0.02178	0.45790	0.04223	0.01888	0.01805	0.02184	0.01554	0.02518	0.01334	0.01869	0.01021	0.00788	0.00705	0.00259	0.00938	0.00623	0.00401	0.00903
8	0.01598	0.01046	0.01519	0.13120	0.02180	0.01115	0.01159	0.01883	0.01565	0.10980	0.06015	0.05825	0.02355	0.10808	0.27861	0.03478	0.01323	0.00934	0.00545	0.04690
9	0.02065	0.15413	0.26794	0.01882	0.02742	0.04145	0.05567	0.09160	0.02002	0.07074	0.01823	0.01978	0.03602	0.00816	0.00726	0.00221	0.00975	0.00642	0.00481	0.11894
10	0.06438	0.05548	0.09279	0.01675	0.02348	0.01868	0.01518	0.25310	0.02699	0.27892	0.02410	0.02538	0.01708	0.01004	0.00796	0.00251	0.00829	0.03809	0.00792	0.01288
11	0.01148	0.00829	0.01085	0.01021	0.01212	0.00766	0.00766	0.01531	0.02297	0.03254	0.65994	0.06061	0.07656	0.01659	0.00957	0.00255	0.00383	0.01467	0.00893	0.00766

[dist]
# distance from previous block
# <min> <max>
0	1

[block]
# block no. 3 follows, 23 sequences, length 19
# corresponding to MSA columns:
# 297-315
name=unknown_D
#
# <colnr> <probs for GDERKNQSTAVLIFYWHMCP>
#	G	D	E	R	K	N	Q	S	T	A	V	L	I	F	Y	W	H	M	C	P
0	0.01966	0.08678	0.09481	0.04019	0.39301	0.02074	0.17673	0.02519	0.01834	0.02562	0.01512	0.01962	0.01226	0.00715	0.00813	0.00244	0.01077	0.00744	0.00394	0.01207
1	0.05275	0.37097	0.24222	0.02005	0.08243	0.02545	0.01977	0.02577	0.05011	0.02342	0.01384	0.01589	0.01127	0.00746	0.00642	0.00215	0.00961	0.00539	0.00383	0.01120
2	0.01000	0.00715	0.00952	0.01122	0.01179	0.00667	0.00754	0.01159	0.01607	0.02156	0.08879	0.66306	0.05531	0.02479	0.01030	0.00324	0.00464	0.02247	0.00763	0.00667
3	0.01014	0.00730	0.00951	0.01118	0.01185	0.00682	0.00762	0.01165	0.01572	0.02075	0.04612	0.60204	0.09159	0.05879	0.01187	0.00351	0.00498	0.05458	0.00740	0.00657
4	0.06566	0.02292	0.15590	0.02483	0.06552	0.01875	0.21378	0.05456	0.07511	0.10368	0.02016	0.05625	0.01581	0.00942	0.00977	0.00272	0.05973	0.00864	0.00540	0.01139
5	0.01959	0.04433	0.03104	0.08670	0.39390	0.02033	0.06566	0.05984	0.01848	0.02601	0.01603	0.05004	0.01412	0.00919	0.01079	0.00263	0.10747	0.00797	0.00431	0.01157
6	0.02113	0.01706	0.01911	0.01432	0.02109	0.01575	0.01156	0.19857	0.07918	0.03416	0.01752	0.01878	0.01366	0.00752	0.00681	0.00169	0.00688	0.00591	0.00606	0.48324
7	0.20748	0.13480	0.05373	0.05622	0.02331	0.05648	0.01429	0.12640	0.05132	0.11592	0.01678	0.01810	0.01259	0.00898	0.00848	0.00247	0.06986	0.00612	0.00576	0.01094
8	0.02134	0.01794	0.01902	0.01657	0.02151	0.02036	0.01301	0.11537	0.54436	0.03571	0.03048	0.02831	0.02282	0.01062	0.00813	0.00264	0.00671	0.00874	0.00808	0.04828
9	0.01408	0.01322	0.06167	0.01500	0.04810	0.01181	0.01166	0.02227	0.16114	0.02971	0.30547	0.14732	0.05148	0.01596	0.00930	0.00279	0.00568	0.05630	0.00783	0.00922
10	0.01134	0.01009	0.04999	0.01214	0.01394	0.00841	0.00941	0.01505	0.04987	0.02492	0.20305	0.43821	0.05530	0.02120	0.00992	0.00305	0.00512	0.04376	0.00769	0.00755
11	0.01022	0.00824	0.00909	0.00888	0.01134	0.00712	0.00666	0.01286	0.01997	0.02542	0.27286	0.07232	0.46808	0.01924	0.00958	0.00268	0.00402	0.01632	0.00800	0.00712
12	0.01180	0.00787	0.00885	0.00885	0.00885	0.00787	0.00492	0.01180	0.01180	0.01573	0.02557	0.05310	0.02950	0.71483	0.04130	0.00787	0.00787	0.01180	0.00492	0.00492
13	0.00989	0.00706	0.00942	0.01130	0.01177	0.00659	0.00753	0.01130	0.01554	0.02071	0.04472	0.70954	0.05367	0.02542	0.01036	0.00330	0.00471	0.02307	0.00753	0.00659
14	0.77215	0.01569	0.01193	0.01067	0.01569	0.01820	0.00879	0.02385	0.01381	0.03641	0.01130	0.01318	0.00879	0.00753	0.00502	0.00251	0.00628	0.00439	0.00502	0.00879
15	0.01293	0.00864	0.01115	0.01052	0.01274	0.00788	0.00800	0.01646	0.02214	0.07213	0.52031	0.08450	0.12512	0.01707	0.00957	0.00264	0.00422	0.03728	0.00877	0.00794
16	0.01692	0.08945	0.57141	0.02344	0.03473	0.01996	0.08259	0.02562	0.01726	0.02524	0.01449	0.01726	0.01047	0.00758	0.00769	0.00252	0.01190	0.00619	0.00349	0.01178
17	0.01901	0.01819	0.03100	0.19497	0.52742	0.01900	0.02437	0.02396	0.01797	0.02521	0.01507	0.02043	0.01240	0.00743	0.00805	0.00248	0.00990	0.00723	0.00392	0.01199
18	0.01773	0.01884	0.06637	0.12558	0.11092	0.01784	0.22751	0.02622	0.11722	0.02666	0.04769	0.03009	0.01967	0.00949	0.00882	0.00268	0.01019	0.06080	0.00517	0.05050

[dist]
# distance from previous block
# <min> <max>
0	21

[block]
# block no. 4 follows, 23 sequences, length 21
# corresponding to MSA columns:
# 337-357
name=unknown_E
#
# <colnr> <probs for GDERKNQSTAVLIFYWHMCP>
#	G	D	E	R	K	N	Q	S	T	A	V	L	I	F	Y	W	H	M	C	P
0	0.01542	0.01351	0.05363	0.01288	0.01778	0.01025	0.01056	0.01936	0.04024	0.05578	0.02722	0.24659	0.02802	0.01361	0.00797	0.00221	0.00608	0.04104	0.00612	0.37174
1	0.01679	0.01318	0.01571	0.05622	0.01988	0.01228	0.01055	0.02435	0.15181	0.06550	0.12418	0.06695	0.08502	0.01129	0.00782	0.00215	0.00589	0.00957	0.00677	0.29411
2	0.03166	0.01276	0.01731	0.01363	0.01908	0.01111	0.01111	0.03493	0.02318	0.54844	0.15162	0.03390	0.03084	0.01129	0.00843	0.00252	0.00632	0.00940	0.00983	0.01264
3	0.01409	0.00705	0.01057	0.01057	0.01057	0.00705	0.00705	0.01057	0.01057	0.01409	0.01409	0.02467	0.01409	0.02819	0.03171	0.76392	0.00705	0.00705	0.00352	0.00352
4	0.01180	0.00787	0.00885	0.00885	0.00885	0.00787	0.00492	0.01180	0.01180	0.01573	0.02557	0.05310	0.02950	0.71483	0.04130	0.00787	0.00787	0.01180	0.00492	0.00492
5	0.03641	0.01381	0.01883	0.01444	0.02071	0.01193	0.01193	0.03954	0.02322	0.66984	0.03201	0.02762	0.02009	0.01004	0.00816	0.00251	0.00690	0.00816	0.01004	0.01381
6	0.01015	0.00756	0.00933	0.01029	0.01149	0.00688	0.00710	0.01202	0.01719	0.02257	0.14712	0.43004	0.19843	0.05621	0.01155	0.00327	0.00458	0.01984	0.00762	0.00673
7	0.19747	0.02725	0.02104	0.01772	0.02300	0.27507	0.01403	0.26769	0.02687	0.03585	0.01498	0.01621	0.01139	0.00872	0.00711	0.00232	0.01051	0.00585	0.00591	0.01099
8	0.02099	0.01711	0.01842	0.01600	0.02056	0.01930	0.01258	0.15640	0.43517	0.03713	0.12392	0.03267	0.03033	0.01159	0.00843	0.00266	0.00653	0.00963	0.00833	0.01226
9	0.02083	0.42734	0.13546	0.01930	0.05671	0.08394	0.07132	0.02497	0.01779	0.02177	0.04320	0.01716	0.01381	0.00764	0.00650	0.00205	0.00996	0.00576	0.00387	0.01060
10	0.01803	0.25682	0.35708	0.02226	0.09691	0.02240	0.02278	0.02424	0.01697	0.02333	0.01551	0.06046	0.01338	0.00854	0.00710	0.00233	0.01020	0.00669	0.00377	0.01123
11	0.02164	0.44805	0.07172	0.01502	0.02101	0.14689	0.01413	0.02474	0.01834	0.02150	0.07150	0.01889	0.01703	0.00827	0.00617	0.00193	0.00924	0.00573	0.04831	0.00991
12	0.02206	0.01651	0.05201	0.01485	0.02212	0.01276	0.05145	0.05454	0.01945	0.17374	0.01879	0.01974	0.01387	0.00724	0.00691	0.00172	0.00714	0.00605	0.00604	0.47300
13	0.02342	0.05930	0.01817	0.01426	0.01907	0.01555	0.01154	0.03431	0.27132	0.23518	0.05853	0.03873	0.11319	0.01246	0.00839	0.00265	0.00637	0.03742	0.00841	0.01176
14	0.01951	0.17109	0.34188	0.02381	0.08826	0.02082	0.09271	0.02615	0.01804	0.07664	0.03692	0.01939	0.01375	0.00789	0.00754	0.00240	0.01062	0.00664	0.00428	0.01164
15	0.01501	0.01247	0.01772	0.01618	0.01809	0.01367	0.06740	0.10010	0.01842	0.02516	0.03260	0.42875	0.03675	0.01958	0.01288	0.00317	0.13025	0.01683	0.00659	0.00838
16	0.01001	0.00728	0.00944	0.01092	0.01173	0.00671	0.00742	0.01170	0.01648	0.02191	0.10445	0.59279	0.11090	0.02417	0.01022	0.00318	0.00457	0.02176	0.00766	0.00671
17	0.08426	0.02005	0.08799	0.11866	0.41777	0.01850	0.05089	0.02398	0.01792	0.02687	0.04564	0.02142	0.01504	0.00784	0.00790	0.00249	0.00961	0.00733	0.00424	0.01162
18	0.01592	0.04887	0.02293	0.31546	0.03607	0.01618	0.07212	0.04542	0.05537	0.02399	0.05247	0.12139	0.02209	0.04143	0.00975	0.00282	0.00889	0.01000	0.00508	0.07376
19	0.01735	0.01361	0.01939	0.01840	0.08161	0.01384	0.10357	0.04718	0.14435	0.02965	0.02619	0.09334	0.02212	0.01058	0.00756	0.00237	0.00673	0.00954	0.29010	0.04251
20	0.08493	0.14907	0.08885	0.18238	0.03112	0.11983	0.01781	0.05279	0.01765	0.02367	0.01300	0.01696	0.01064	0.00873	0.00983	0.00245	0.11325	0.00591	0.00403	0.04710

[dist]
# distance from previous block
# <min> <max>
0	3

[block]
# block no. 5 follows, 23 sequences, length 7
# corresponding to MSA columns:
# 361-367
name=unknown_F
#
# <colnr> <probs for GDERKNQSTAVLIFYWHMCP>
#	G	D	E	R	K	N	Q	S	T	A	V	L	I	F	Y	W	H	M	C	P
0	0.06371	0.01860	0.04744	0.02607	0.18704	0.01771	0.09319	0.16070	0.02328	0.06694	0.10178	0.02502	0.02135	0.00900	0.00802	0.00234	0.00852	0.00807	0.00604	0.10519
1	0.02707	0.06904	0.06280	0.02328	0.07649	0.39379	0.05776	0.11083	0.05652	0.02593	0.01504	0.01705	0.01194	0.00838	0.00759	0.00225	0.01253	0.00615	0.00482	0.01074
2	0.05741	0.01260	0.01368	0.06849	0.01787	0.01368	0.00985	0.18462	0.02244	0.03535	0.02283	0.02579	0.01748	0.00932	0.00650	0.00214	0.00587	0.00731	0.45736	0.00941
3	0.01848	0.01226	0.01415	0.01245	0.01487	0.01295	0.00902	0.18012	0.02010	0.06950	0.02488	0.07215	0.02439	0.33302	0.11184	0.00629	0.00959	0.01037	0.03524	0.00835
4	0.01177	0.00798	0.00940	0.00940	0.00959	0.00817	0.00560	0.01215	0.01196	0.01614	0.02506	0.05030	0.02829	0.62871	0.12577	0.00855	0.00969	0.01139	0.00484	0.00522
5	0.01493	0.01067	0.01316	0.01208	0.01547	0.00932	0.00890	0.01876	0.06059	0.07487	0.06201	0.36187	0.03705	0.01672	0.00864	0.00251	0.00537	0.01483	0.00699	0.24527
6	0.02085	0.01996	0.03440	0.09130	0.30808	0.02037	0.19774	0.10653	0.06457	0.02964	0.01730	0.02135	0.01348	0.00778	0.00851	0.00255	0.01058	0.00805	0.00484	0.01212

[dist]
# distance from previous block
# <min> <max>
0	1

[block]
# block no. 6 follows, 23 sequences, length 23
# corresponding to MSA columns:
# 369-391
name=unknown_G
#
# <colnr> <probs for GDERKNQSTAVLIFYWHMCP>
#	G	D	E	R	K	N	Q	S	T	A	V	L	I	F	Y	W	H	M	C	P
0	0.11876	0.01999	0.05126	0.03784	0.02286	0.06880	0.01366	0.16981	0.14435	0.06225	0.02101	0.02420	0.01652	0.00945	0.00744	0.00234	0.00803	0.04012	0.00649	0.15483
1	0.05148	0.01411	0.01665	0.01230	0.01903	0.01114	0.00985	0.02313	0.01762	0.12387	0.01805	0.04360	0.01462	0.00739	0.00645	0.00153	0.00611	0.00596	0.00571	0.59137
2	0.01903	0.01946	0.01970	0.04784	0.06760	0.18909	0.01584	0.02212	0.01855	0.02227	0.02596	0.04998	0.02675	0.01557	0.01266	0.00314	0.13642	0.27385	0.00549	0.00868
3	0.01564	0.01398	0.01955	0.31541	0.03493	0.01374	0.01511	0.01994	0.01668	0.02358	0.01926	0.02334	0.05781	0.00798	0.00720	0.00198	0.00801	0.00675	0.00447	0.37464
4	0.34984	0.37876	0.02828	0.04420	0.02021	0.02537	0.01206	0.02394	0.01530	0.02675	0.01143	0.01349	0.00972	0.00725	0.00526	0.00212	0.00773	0.00450	0.00416	0.00964
5	0.00989	0.00706	0.00942	0.01130	0.01177	0.00659	0.00753	0.01130	0.01554	0.02071	0.04472	0.70954	0.05367	0.02542	0.01036	0.00330	0.00471	0.02307	0.00753	0.00659
6	0.01006	0.00714	0.00936	0.01107	0.01150	0.00671	0.00729	0.01134	0.01519	0.02026	0.04296	0.64912	0.05144	0.08888	0.01320	0.00372	0.00500	0.02203	0.00729	0.00644
7	0.01886	0.01715	0.02800	0.08525	0.24701	0.01829	0.11077	0.02602	0.11236	0.05291	0.02193	0.08133	0.01935	0.01085	0.01063	0.00279	0.08287	0.03722	0.00528	0.01111
8	0.01042	0.00733	0.00950	0.01102	0.01147	0.00698	0.00732	0.01168	0.01498	0.01994	0.04095	0.55139	0.04866	0.15773	0.01635	0.00420	0.00546	0.05129	0.00703	0.00631
9	0.02768	0.08112	0.02492	0.07020	0.02671	0.15308	0.01562	0.35883	0.09697	0.03827	0.01852	0.01933	0.01381	0.00926	0.00774	0.00237	0.00990	0.00685	0.00664	0.01220
10	0.01722	0.13773	0.51223	0.02159	0.03157	0.02141	0.02634	0.02484	0.01654	0.02408	0.01367	0.01660	0.01034	0.00829	0.00936	0.00255	0.08489	0.00587	0.00345	0.01143
11	0.02051	0.27115	0.36387	0.01927	0.02854	0.07904	0.02220	0.02661	0.01777	0.06140	0.01431	0.01614	0.01092	0.00764	0.00685	0.00224	0.01078	0.00549	0.00390	0.01134
12	0.01763	0.21155	0.51509	0.02081	0.03154	0.02216	0.02595	0.02535	0.01697	0.02404	0.01374	0.01610	0.01031	0.00752	0.00708	0.00236	0.01116	0.00558	0.00344	0.01160
13	0.03641	0.01381	0.01883	0.01444	0.02071	0.01193	0.01193	0.03954	0.02322	0.66984	0.03201	0.02762	0.02009	0.01004	0.00816	0.00251	0.00690	0.00816	0.01004	0.01381
14	0.77215	0.01569	0.01193	0.01067	0.01569	0.01820	0.00879	0.02385	0.01381	0.03641	0.01130	0.01318	0.00879	0.00753	0.00502	0.00251	0.00628	0.00439	0.00502	0.00879
15	0.01086	0.00818	0.01004	0.00976	0.01179	0.00736	0.00725	0.01403	0.02121	0.02882	0.45969	0.11484	0.22980	0.01831	0.00964	0.00266	0.00397	0.01597	0.00845	0.00736
16	0.01081	0.00809	0.01004	0.00993	0.01181	0.00731	0.00730	0.01387	0.02081	0.02832	0.43466	0.16582	0.20371	0.01885	0.00970	0.00271	0.00403	0.01653	0.00840	0.00731
17	0.03641	0.01381	0.01883	0.01444	0.02071	0.01193	0.01193	0.03954	0.02322	0.66984	0.03201	0.02762	0.02009	0.01004	0.00816	0.00251	0.00690	0.00816	0.01004	0.01381
18	0.01880	0.02080	0.04292	0.03091	0.03843	0.01979	0.52402	0.02494	0.01842	0.02558	0.01579	0.02105	0.01216	0.00728	0.01041	0.00263	0.06186	0.00889	0.00414	0.09116
19	0.03598	0.01449	0.01925	0.01476	0.02105	0.01294	0.01219	0.08521	0.02437	0.62256	0.03105	0.02700	0.01961	0.01002	0.00816	0.00250	0.00706	0.00809	0.00990	0.01381
20	0.01625	0.01492	0.02434	0.65494	0.05405	0.01845	0.02211	0.05753	0.01753	0.02255	0.01472	0.02150	0.01099	0.00821	0.00811	0.00269	0.01070	0.00722	0.00387	0.00930
21	0.03208	0.02075	0.02313	0.01773	0.02418	0.02223	0.01465	0.50455	0.03484	0.18843	0.02226	0.02129	0.01519	0.00981	0.00813	0.00245	0.00848	0.00750	0.00854	0.01380
22	0.01299	0.00938	0.01186	0.01143	0.01331	0.00853	0.00835	0.01601	0.02292	0.03239	0.57861	0.13085	0.07389	0.01835	0.01026	0.00292	0.00452	0.01584	0.00920	0.00838

[dist]
# distance from previous block
# <min> <max>
0	3

[block]
# block no. 7 follows, 23 sequences, length 158
# corresponding to MSA columns:
# 395-552
name=unknown_H
#
# <colnr> <probs for GDERKNQSTAVLIFYWHMCP>
#	G	D	E	R	K	N	Q	S	T	A	V	L	I	F	Y	W	H	M	C	P
0	0.01771	0.01762	0.02452	0.02092	0.02122	0.02428	0.01742	0.01956	0.01261	0.01981	0.01081	0.01771	0.01071	0.01387	0.02578	0.00345	0.67154	0.00701	0.00360	0.03984
1	0.08770	0.05299	0.02506	0.01888	0.02502	0.09273	0.05227	0.42662	0.06964	0.04279	0.01840	0.01900	0.01349	0.00920	0.00776	0.00241	0.00944	0.00698	0.00703	0.01257
2	0.01532	0.01442	0.02434	0.69533	0.05589	0.01803	0.02253	0.02073	0.01622	0.02073	0.01442	0.02163	0.01082	0.00811	0.00811	0.00270	0.01082	0.00721	0.00361	0.00901
3	0.01159	0.00869	0.01304	0.01304	0.01449	0.01014	0.01014	0.01449	0.01304	0.01884	0.02173	0.03188	0.02029	0.06086	0.68268	0.01304	0.02173	0.00869	0.00435	0.00724
4	0.02957	0.02132	0.02402	0.08893	0.02810	0.02362	0.01595	0.53668	0.03496	0.08550	0.01971	0.02020	0.01387	0.00959	0.00812	0.00247	0.00900	0.00735	0.00776	0.01330
5	0.01179	0.00788	0.00893	0.00891	0.00898	0.00786	0.00503	0.01194	0.01226	0.01642	0.05157	0.05341	0.03143	0.68621	0.04000	0.00765	0.00770	0.01192	0.00508	0.00503
6	0.01513	0.00756	0.00756	0.00756	0.00945	0.00756	0.00567	0.01891	0.01702	0.03025	0.02647	0.03025	0.02080	0.00945	0.00567	0.00189	0.00378	0.00756	0.75988	0.00756
7	0.01905	0.01574	0.01802	0.01307	0.02017	0.01309	0.01054	0.11832	0.02021	0.03036	0.01523	0.01725	0.01230	0.00660	0.00634	0.00140	0.00647	0.00520	0.00533	0.64530
