[name]
unknown

[dist]
# distance from previous block
# <min> <max>
12	37

[block]
# block no. 0 follows, 20 sequences, length 11
# corresponding to MSA columns:
# 48-50,52-59
name=unknown_A
#
# <colnr> <probs for GDERKNQSTAVLIFYWHMCP>
#	G	D	E	R	K	N	Q	S	T	A	V	L	I	F	Y	W	H	M	C	P
0	0.01060	0.00769	0.01002	0.01187	0.01258	0.00711	0.00798	0.01218	0.01696	0.02237	0.05139	0.63804	0.10527	0.02690	0.01107	0.00349	0.00501	0.02427	0.00810	0.00711
1	0.02764	0.02097	0.02442	0.01927	0.02463	0.02350	0.01587	0.32249	0.05812	0.08476	0.01964	0.02129	0.01483	0.01110	0.01301	0.00273	0.16314	0.00758	0.00724	0.11779
2	0.01253	0.00908	0.01269	0.01269	0.01379	0.01018	0.00924	0.01472	0.01362	0.01926	0.02458	0.04101	0.02473	0.25098	0.47732	0.01238	0.01896	0.01033	0.00485	0.00705
3	0.02327	0.02131	0.03064	0.02439	0.02780	0.02604	0.11518	0.18695	0.02229	0.03165	0.01513	0.02034	0.01269	0.01262	0.02004	0.00334	0.38153	0.00813	0.00529	0.01139
4	0.03139	0.02872	0.02326	0.02003	0.02491	0.30998	0.01566	0.08440	0.11143	0.17034	0.02193	0.02210	0.01616	0.01049	0.01012	0.00262	0.07019	0.00732	0.00687	0.01208
5	0.07096	0.03820	0.01775	0.01343	0.01886	0.01306	0.01084	0.05868	0.02325	0.21368	0.21925	0.03633	0.03751	0.01174	0.00839	0.00235	0.00628	0.00972	0.00840	0.18132
6	0.59802	0.01851	0.01573	0.01334	0.01908	0.02120	0.01100	0.15275	0.02054	0.04258	0.01406	0.01564	0.01062	0.00861	0.00612	0.00268	0.00737	0.00540	0.00612	0.01062
7	0.02094	0.45152	0.12358	0.16817	0.03319	0.02907	0.01944	0.02544	0.01775	0.02190	0.01339	0.01674	0.01127	0.00787	0.00669	0.00223	0.01035	0.00562	0.00376	0.01108
8	0.01351	0.01027	0.01432	0.16362	0.02249	0.01150	0.01086	0.01552	0.01407	0.01887	0.02383	0.04438	0.02495	0.40084	0.16770	0.00837	0.01238	0.01083	0.00483	0.00684
9	0.01362	0.01761	0.16052	0.01652	0.02070	0.01306	0.01583	0.01836	0.01503	0.02195	0.02158	0.03061	0.01932	0.05222	0.50860	0.01142	0.02095	0.00868	0.00444	0.00897
10	0.01840	0.02275	0.16385	0.01628	0.02487	0.01487	0.01582	0.02629	0.09305	0.02924	0.01801	0.01995	0.01418	0.00755	0.00718	0.00184	0.00800	0.00604	0.00528	0.48655

[dist]
# distance from previous block
# <min> <max>
0	1

[block]
# block no. 1 follows, 20 sequences, length 19
# corresponding to MSA columns:
# 61-79
name=unknown_B
#
# <colnr> <probs for GDERKNQSTAVLIFYWHMCP>
#	G	D	E	R	K	N	Q	S	T	A	V	L	I	F	Y	W	H	M	C	P
0	0.01678	0.02443	0.21365	0.47730	0.05335	0.01964	0.02664	0.02390	0.01774	0.02390	0.01555	0.02180	0.01145	0.00859	0.00859	0.00286	0.01201	0.00736	0.00382	0.01065
1	0.02129	0.02157	0.04025	0.04848	0.46018	0.02113	0.20175	0.02712	0.02008	0.02833	0.01678	0.02217	0.01364	0.00765	0.00914	0.00270	0.01167	0.00853	0.00435	0.01320
2	0.01343	0.01041	0.01465	0.20983	0.02536	0.01148	0.01154	0.01547	0.01489	0.01957	0.02785	0.16881	0.03068	0.35831	0.02721	0.00583	0.00876	0.01354	0.00540	0.00696
3	0.75506	0.01687	0.01282	0.01147	0.01687	0.01957	0.00945	0.02564	0.01484	0.03914	0.01215	0.01417	0.00945	0.00810	0.00540	0.00270	0.00675	0.00472	0.00540	0.00945
4	0.02006	0.01701	0.02183	0.21300	0.03361	0.01674	0.01562	0.11319	0.04633	0.03098	0.01716	0.02068	0.01339	0.00798	0.00759	0.00205	0.00852	0.00655	0.00548	0.38225
5	0.02005	0.01915	0.03262	0.24008	0.46454	0.02032	0.02600	0.02542	0.01913	0.02663	0.01614	0.02209	0.01316	0.00806	0.00866	0.00269	0.01074	0.00777	0.00418	0.01257
6	0.01754	0.01328	0.01509	0.01148	0.01750	0.01057	0.00906	0.02147	0.01815	0.02966	0.01941	0.02244	0.01576	0.00758	0.00635	0.00152	0.00574	0.00606	0.22720	0.52415
7	0.02809	0.49259	0.03803	0.01510	0.02235	0.02798	0.01429	0.03106	0.01991	0.20875	0.01884	0.01872	0.01433	0.00847	0.00655	0.00212	0.00875	0.00590	0.00586	0.01229
8	0.01235	0.00892	0.01166	0.01097	0.01303	0.00823	0.00823	0.01646	0.02469	0.03498	0.63443	0.06516	0.08230	0.01783	0.01029	0.00274	0.00412	0.01578	0.00960	0.00823
9	0.01359	0.01090	0.01603	0.21034	0.02721	0.01159	0.01305	0.01822	0.02251	0.03115	0.44790	0.05253	0.06100	0.01509	0.00982	0.00279	0.00638	0.01336	0.00788	0.00867
10	0.01809	0.01550	0.01809	0.01292	0.02067	0.01163	0.01034	0.02196	0.01809	0.02842	0.01550	0.01809	0.01292	0.00646	0.00646	0.00129	0.00646	0.00517	0.00517	0.74677
11	0.02616	0.02945	0.21366	0.11065	0.03479	0.02396	0.02234	0.35416	0.03098	0.04227	0.01861	0.02050	0.01326	0.00957	0.00859	0.00270	0.01087	0.00742	0.00654	0.01355
12	0.75506	0.01687	0.01282	0.01147	0.01687	0.01957	0.00945	0.02564	0.01484	0.03914	0.01215	0.01417	0.00945	0.00810	0.00540	0.00270	0.00675	0.00472	0.00540	0.00945
13	0.23619	0.01131	0.01201	0.01112	0.01419	0.01165	0.00860	0.01923	0.02172	0.03623	0.44688	0.04979	0.06035	0.01490	0.00881	0.00273	0.00491	0.01244	0.00834	0.00860
14	0.01908	0.01657	0.02089	0.21485	0.03332	0.01941	0.01698	0.03524	0.35828	0.03079	0.03093	0.03874	0.02533	0.01257	0.00926	0.00309	0.00848	0.08716	0.00725	0.01178
15	0.01877	0.12656	0.37861	0.02291	0.03118	0.02415	0.02590	0.02542	0.01680	0.02466	0.01391	0.01801	0.01119	0.01028	0.01405	0.00296	0.21270	0.00656	0.00373	0.01165
16	0.01717	0.01622	0.02743	0.58792	0.13917	0.01956	0.02457	0.02290	0.01777	0.02314	0.01563	0.02303	0.01193	0.00859	0.00871	0.00286	0.01146	0.00775	0.00394	0.01025
17	0.02452	0.02518	0.11635	0.03953	0.37244	0.02257	0.02444	0.20265	0.02604	0.03636	0.01767	0.02096	0.01375	0.00866	0.00862	0.00262	0.01048	0.00762	0.00556	0.01400
18	0.01519	0.00969	0.01170	0.01073	0.01379	0.00851	0.00821	0.01843	0.02279	0.11373	0.33247	0.06788	0.29687	0.01859	0.01009	0.00282	0.00469	0.01588	0.00916	0.00878

[dist]
# distance from previous block
# <min> <max>
9	23

[block]
# block no. 2 follows, 20 sequences, length 6
# corresponding to MSA columns:
# 104-109
name=unknown_C
#
# <colnr> <probs for GDERKNQSTAVLIFYWHMCP>
#	G	D	E	R	K	N	Q	S	T	A	V	L	I	F	Y	W	H	M	C	P
0	0.01381	0.01057	0.01348	0.01276	0.01596	0.00923	0.00991	0.01726	0.02026	0.02865	0.22395	0.19846	0.05220	0.01821	0.00982	0.00279	0.00572	0.12720	0.00779	0.20196
1	0.01834	0.01621	0.02183	0.01902	0.01955	0.02183	0.01567	0.02082	0.01466	0.02402	0.01592	0.02261	0.01432	0.01393	0.02271	0.00335	0.50056	0.00776	0.19772	0.00917
2	0.01693	0.01640	0.02899	0.60157	0.05846	0.01968	0.08927	0.02292	0.01779	0.02292	0.01574	0.02329	0.01181	0.00857	0.00890	0.00291	0.01197	0.00804	0.00394	0.00992
3	0.02159	0.02073	0.03541	0.05354	0.63903	0.02073	0.02677	0.02677	0.01986	0.02850	0.01641	0.02159	0.01382	0.00777	0.00864	0.00259	0.01036	0.00777	0.00432	0.01382
4	0.02067	0.01935	0.03086	0.04287	0.47658	0.01834	0.02245	0.02551	0.01940	0.02848	0.01617	0.02067	0.01358	0.00743	0.00806	0.00225	0.00934	0.00709	0.00454	0.20638
5	0.01762	0.01723	0.02877	0.06862	0.02805	0.02016	0.17299	0.02076	0.01540	0.02187	0.01760	0.03055	0.01726	0.19086	0.02648	0.00474	0.27797	0.00968	0.00437	0.00903

[dist]
# distance from previous block
# <min> <max>
0	3

[block]
# block no. 3 follows, 20 sequences, length 22
# corresponding to MSA columns:
# 113-134
name=unknown_D
#
# <colnr> <probs for GDERKNQSTAVLIFYWHMCP>
#	G	D	E	R	K	N	Q	S	T	A	V	L	I	F	Y	W	H	M	C	P
0	0.22841	0.01751	0.01759	0.01573	0.02082	0.01984	0.01251	0.03901	0.37588	0.08883	0.02932	0.02996	0.02239	0.01122	0.00803	0.00291	0.00695	0.03263	0.00803	0.01243
1	0.01401	0.01054	0.01416	0.01357	0.01474	0.01214	0.01002	0.04171	0.01474	0.02079	0.02360	0.03978	0.02384	0.26160	0.37927	0.01087	0.07199	0.01022	0.00498	0.00744
2	0.01458	0.00927	0.01166	0.01086	0.01276	0.00864	0.00773	0.01741	0.02117	0.07992	0.39485	0.06065	0.08325	0.20677	0.01972	0.00435	0.00562	0.01443	0.00844	0.00792
3	0.01120	0.00783	0.00995	0.01141	0.01177	0.00747	0.00731	0.01230	0.01557	0.02077	0.04231	0.51099	0.05041	0.21403	0.02046	0.00492	0.00601	0.02140	0.00731	0.00658
4	0.54699	0.01451	0.01189	0.01092	0.01481	0.01645	0.00828	0.02201	0.01424	0.03291	0.01644	0.02620	0.01569	0.20019	0.01633	0.00431	0.00723	0.00695	0.00537	0.00828
5	0.02017	0.01576	0.01647	0.01505	0.01917	0.01789	0.01165	0.03906	0.45371	0.03538	0.03353	0.03254	0.02543	0.01137	0.00810	0.00270	0.00611	0.00938	0.21432	0.01222
6	0.01110	0.00895	0.01034	0.01034	0.01266	0.00844	0.00772	0.01339	0.01766	0.02210	0.06527	0.06787	0.41509	0.08805	0.19482	0.00649	0.01005	0.01541	0.00691	0.00732
7	0.01835	0.01808	0.02656	0.20497	0.03332	0.02466	0.02052	0.02136	0.01450	0.02136	0.01259	0.02025	0.01150	0.01343	0.02305	0.00356	0.49085	0.00767	0.00383	0.00958
8	0.22465	0.01589	0.01661	0.01251	0.01961	0.01385	0.01009	0.02299	0.01718	0.03143	0.01456	0.01699	0.01195	0.00692	0.00616	0.00169	0.00654	0.00504	0.00523	0.54011
9	0.01268	0.00846	0.00951	0.00951	0.00951	0.00846	0.00529	0.01268	0.01268	0.01691	0.02748	0.05708	0.03171	0.69345	0.04440	0.00846	0.00846	0.01268	0.00529	0.00529
10	0.01794	0.01641	0.02436	0.48897	0.04960	0.02003	0.02130	0.02903	0.18725	0.02627	0.02111	0.02586	0.01583	0.00959	0.00876	0.00292	0.01030	0.00834	0.00528	0.01084
11	0.02162	0.02017	0.03101	0.04351	0.46628	0.02100	0.02314	0.03226	0.18899	0.03074	0.02176	0.02466	0.01741	0.00891	0.00870	0.00269	0.00939	0.00836	0.00560	0.01381
12	0.02540	0.02064	0.02584	0.02830	0.19657	0.02248	0.01813	0.18938	0.27619	0.06391	0.02627	0.02630	0.01972	0.01029	0.00876	0.00275	0.00861	0.00870	0.00764	0.01412
13	0.02065	0.02230	0.03444	0.02728	0.03045	0.07587	0.20625	0.02431	0.01657	0.02323	0.01359	0.02023	0.01200	0.01224	0.02112	0.00341	0.41337	0.00832	0.00406	0.01030
14	0.02178	0.01865	0.02731	0.41330	0.12221	0.02170	0.02240	0.18755	0.02435	0.03221	0.01714	0.02240	0.01280	0.00909	0.00871	0.00279	0.01090	0.00778	0.00529	0.01164
15	0.03316	0.02443	0.02618	0.02007	0.02705	0.02705	0.01658	0.60995	0.04101	0.05497	0.02094	0.02094	0.01483	0.01047	0.00873	0.00262	0.00960	0.00785	0.00873	0.01483
16	0.01738	0.01793	0.01405	0.01334	0.01598	0.19020	0.00968	0.01964	0.02103	0.02431	0.17444	0.07692	0.22582	0.12395	0.01504	0.00360	0.00818	0.01356	0.00697	0.00798
17	0.01972	0.01025	0.01268	0.01146	0.01380	0.00947	0.00796	0.02129	0.01799	0.19538	0.08464	0.10121	0.08423	0.34145	0.02631	0.00555	0.00723	0.01324	0.00762	0.00851
18	0.69541	0.01749	0.01392	0.01218	0.01771	0.02019	0.01004	0.07393	0.01701	0.04045	0.01287	0.01473	0.00989	0.00829	0.00567	0.00269	0.00698	0.00498	0.00567	0.00989
19	0.01859	0.01700	0.02801	0.09122	0.41717	0.01712	0.02137	0.02352	0.02102	0.02982	0.18956	0.03393	0.03284	0.01067	0.00911	0.00266	0.00871	0.01001	0.00576	0.01192
20	0.01128	0.00786	0.00993	0.01132	0.01166	0.00752	0.00721	0.01232	0.01543	0.02058	0.04158	0.48881	0.04950	0.23745	0.02163	0.00509	0.00613	0.02098	0.00721	0.00652
21	0.01530	0.01087	0.01381	0.01348	0.01570	0.01135	0.01007	0.08315	0.03745	0.04944	0.07833	0.24570	0.08763	0.06004	0.21809	0.00680	0.01155	0.01535	0.00720	0.00870

[dist]
# distance from previous block
# <min> <max>
0	13

[block]
# block no. 4 follows, 20 sequences, length 98
# corresponding to MSA columns:
# 148-245
name=unknown_E
#
# <colnr> <probs for GDERKNQSTAVLIFYWHMCP>
#	G	D	E	R	K	N	Q	S	T	A	V	L	I	F	Y	W	H	M	C	P
0	0.02039	0.02289	0.04882	0.03487	0.04361	0.02123	0.55988	0.02747	0.02039	0.02798	0.01748	0.02310	0.01321	0.00728	0.00999	0.00281	0.01405	0.00989	0.00447	0.07021
1	0.01874	0.04347	0.59879	0.02448	0.03690	0.02080	0.03098	0.07393	0.02021	0.02980	0.01607	0.01862	0.01135	0.00846	0.00832	0.00275	0.01263	0.00656	0.00408	0.01305
2	0.01462	0.00892	0.01050	0.01024	0.01090	0.00869	0.00621	0.01516	0.01443	0.06797	0.05338	0.10178	0.03481	0.56347	0.03777	0.00741	0.00795	0.01339	0.00610	0.00629
3	0.02067	0.01742	0.02342	0.40980	0.07216	0.07624	0.01985	0.05011	0.01995	0.07486	0.01894	0.02422	0.01415	0.00915	0.00827	0.00268	0.01045	0.00770	0.10964	0.01033
4	0.01099	0.00759	0.01022	0.01208	0.01255	0.00712	0.00806	0.01208	0.01628	0.02170	0.04546	0.63517	0.05431	0.02756	0.01296	0.06260	0.00526	0.02343	0.00775	0.00682
5	0.07140	0.00955	0.01175	0.01101	0.01334	0.00913	0.00833	0.01719	0.02391	0.03531	0.58495	0.06110	0.07651	0.01706	0.00990	0.00274	0.00432	0.01490	0.00927	0.00833
6	0.09085	0.01783	0.02073	0.01663	0.02290	0.01826	0.01354	0.15638	0.16482	0.33822	0.03018	0.02735	0.02042	0.01075	0.00852	0.00274	0.00769	0.00852	0.00951	0.01418
7	0.08093	0.02219	0.02448	0.07090	0.02839	0.02459	0.01627	0.45125	0.06730	0.09393	0.02168	0.02193	0.01534	0.01027	0.00851	0.00267	0.00926	0.00781	0.00827	0.01400
8	0.02267	0.64374	0.04298	0.01464	0.02151	0.03237	0.01434	0.02495	0.01722	0.02010	0.01237	0.01499	0.01151	0.00928	0.00786	0.06105	0.00919	0.00490	0.00374	0.01061
9	0.01613	0.01504	0.02491	0.59009	0.05460	0.01874	0.02271	0.02142	0.01720	0.02223	0.01791	0.07590	0.01528	0.01050	0.00983	0.00300	0.04174	0.00910	0.00421	0.00948
10	0.01675	0.01825	0.07685	0.59030	0.05760	0.01958	0.05301	0.02298	0.01767	0.02298	0.01562	0.02288	0.01166	0.00862	0.00876	0.00290	0.01188	0.00777	0.00389	0.01004
11	0.03316	0.02443	0.02618	0.02007	0.02705	0.02705	0.01658	0.60995	0.04101	0.05497	0.02094	0.02094	0.01483	0.01047	0.00873	0.00262	0.00960	0.00785	0.00873	0.01483
12	0.01515	0.00758	0.01136	0.01136	0.01136	0.00758	0.00758	0.01136	0.01136	0.01515	0.01515	0.02652	0.01515	0.03030	0.03409	0.74621	0.00758	0.00758	0.00379	0.00379
13	0.01775	0.01672	0.02779	0.51739	0.17773	0.01975	0.02431	0.02423	0.04350	0.02416	0.01653	0.02330	0.01271	0.00866	0.00871	0.00284	0.01117	0.00785	0.00418	0.01071
14	0.01031	0.00884	0.00884	0.00884	0.01178	0.00736	0.00663	0.01252	0.01988	0.02356	0.08837	0.08395	0.63549	0.02209	0.01031	0.00295	0.00442	0.01841	0.00810	0.00736
15	0.01063	0.00759	0.01012	0.01215	0.01265	0.00709	0.00810	0.01215	0.01670	0.02227	0.04808	0.68775	0.05769	0.02733	0.01113	0.00354	0.00506	0.02480	0.00810	0.00709
16	0.01109	0.00794	0.01060	0.01225	0.01307	0.00744	0.00852	0.01313	0.01801	0.02425	0.12734	0.56323	0.06051	0.02582	0.01108	0.00347	0.00514	0.06149	0.00830	0.00730
17	0.01268	0.00846	0.00951	0.00951	0.00951	0.00846	0.00529	0.01268	0.01268	0.01691	0.02748	0.05708	0.03171	0.69345	0.04440	0.00846	0.00846	0.01268	0.00529	0.00529
18	0.66979	0.01664	0.01315	0.01166	0.01690	0.01915	0.00956	0.05349	0.01634	0.03945	0.01368	0.01575	0.01059	0.00835	0.00561	0.00265	0.00670	0.00511	0.05583	0.00962
19	0.03079	0.01391	0.01821	0.01499	0.02015	0.01280	0.01212	0.08252	0.02463	0.41141	0.08798	0.06969	0.03144	0.05999	0.01175	0.00325	0.00734	0.06465	0.00976	0.01261
20	0.01092	0.00776	0.01026	0.01214	0.01268	0.00731	0.00817	0.01245	0.01658	0.02207	0.04659	0.61827	0.05558	0.07265	0.01344	0.00390	0.00543	0.04889	0.00790	0.00700
21	0.03258	0.04157	0.02472	0.02247	0.02697	0.65843	0.01685	0.03483	0.02472	0.02135	0.01348	0.01573	0.01124	0.00899	0.00787	0.00225	0.01573	0.00562	0.00449	0.01011
22	0.01129	0.00810	0.01071	0.01170	0.01280	0.00752	0.00815	0.01380	0.01977	0.02714	0.27303	0.44890	0.06713	0.02369	0.01081	0.00324	0.00470	0.02134	0.00867	0.00752
23	0.01075	0.00808	0.00984	0.01100	0.01229	0.00731	0.00756	0.01259	0.01802	0.02334	0.10201	0.44147	0.22330	0.05459	0.01231	0.00353	0.00496	0.02177	0.00808	0.00717
24	0.01626	0.00813	0.00813	0.00813	0.01016	0.00813	0.00610	0.02033	0.01829	0.03252	0.02846	0.03252	0.02236	0.01016	0.00610	0.00203	0.00407	0.00813	0.74187	0.00813
25	0.02101	0.01801	0.01913	0.01725	0.02197	0.02070	0.01339	0.04414	0.57902	0.03638	0.07978	0.03496	0.03074	0.01228	0.00898	0.00294	0.00670	0.01030	0.00893	0.01339
26	0.54321	0.01610	0.01426	0.01245	0.01774	0.01789	0.01014	0.02876	0.06200	0.12204	0.06642	0.02172	0.01818	0.00952	0.00651	0.00272	0.00664	0.00654	0.00673	0.01042
27	0.01705	0.00889	0.00898	0.00869	0.01095	0.00902	0.00659	0.04794	0.01936	0.03357	0.02810	0.03198	0.02201	0.01018	0.00622	0.00206	0.00432	0.00812	0.70754	0.00844
28	0.01063	0.00759	0.01012	0.01215	0.01265	0.00709	0.00810	0.01215	0.01670	0.02227	0.04808	0.68775	0.05769	0.02733	0.01113	0.00354	0.00506	0.02480	0.00810	0.00709
29	0.01063	0.00759	0.01012	0.01215	0.01265	0.00709	0.00810	0.01215	0.01670	0.02227	0.04808	0.68775	0.05769	0.02733	0.01113	0.00354	0.00506	0.02480	0.00810	0.00709
30	0.01434	0.01048	0.01416	0.01587	0.01797	0.01066	0.01355	0.01968	0.06440	0.02656	0.04555	0.14138	0.04907	0.02345	0.01174	0.00390	0.00771	0.49304	0.00810	0.00838
31	0.01515	0.00758	0.01136	0.01136	0.01136	0.00758	0.00758	0.01136	0.01136	0.01515	0.01515	0.02652	0.01515	0.03030	0.03409	0.74621	0.00758	0.00758	0.00379	0.00379
32	0.01626	0.00813	0.00813	0.00813	0.01016	0.00813	0.00610	0.02033	0.01829	0.03252	0.02846	0.03252	0.02236	0.01016	0.00610	0.00203	0.00407	0.00813	0.74187	0.00813
33	0.03299	0.02942	0.02575	0.02077	0.02703	0.21087	0.01666	0.44251	0.03627	0.04518	0.01877	0.01942	0.01379	0.01004	0.00848	0.00251	0.01138	0.00720	0.00749	0.01346
34	0.03316	0.02443	0.02618	0.02007	0.02705	0.02705	0.01658	0.60995	0.04101	0.05497	0.02094	0.02094	0.01483	0.01047	0.00873	0.00262	0.00960	0.00785	0.00873	0.01483
35	0.02254	0.01916	0.02020	0.01792	0.02301	0.02209	0.01401	0.08801	0.58023	0.03786	0.03443	0.03169	0.02576	0.01173	0.00886	0.00293	0.00710	0.00971	0.00886	0.01388
36	0.03258	0.04157	0.02472	0.02247	0.02697	0.65843	0.01685	0.03483	0.02472	0.02135	0.01348	0.01573	0.01124	0.00899	0.00787	0.00225	0.01573	0.00562	0.00449	0.01011
37	0.03316	0.02443	0.02618	0.02007	0.02705	0.02705	0.01658	0.60995	0.04101	0.05497	0.02094	0.02094	0.01483	0.01047	0.00873	0.00262	0.00960	0.00785	0.00873	0.01483
38	0.01406	0.01004	0.01406	0.01606	0.01807	0.01004	0.01406	0.01807	0.02008	0.02610	0.04618	0.09839	0.05020	0.02410	0.01205	0.00402	0.00803	0.58032	0.00803	0.00803
39	0.03914	0.01484	0.02024	0.01552	0.02227	0.01282	0.01282	0.04251	0.02497	0.64507	0.03441	0.02969	0.02159	0.01080	0.00877	0.00270	0.00742	0.00877	0.01080	0.01484
40	0.01063	0.00759	0.01012	0.01215	0.01265	0.00709	0.00810	0.01215	0.01670	0.02227	0.04808	0.68775	0.05769	0.02733	0.01113	0.00354	0.00506	0.02480	0.00810	0.00709
41	0.02142	0.01856	0.02007	0.05276	0.02468	0.02157	0.01436	0.04506	0.59088	0.03573	0.03443	0.03205	0.02583	0.01167	0.00887	0.00296	0.00716	0.00975	0.00861	0.01359
42	0.04064	0.01651	0.02170	0.01707	0.02379	0.01418	0.01373	0.04315	0.02607	0.62065	0.03606	0.03265	0.02358	0.01236	0.00977	0.00315	0.00823	0.00946	0.01139	0.01587
43	0.01246	0.00935	0.01402	0.01402	0.01558	0.01090	0.01090	0.01558	0.01402	0.02025	0.02336	0.03427	0.02181	0.06542	0.65888	0.01402	0.02336	0.00935	0.00467	0.00779
44	0.02333	0.01955	0.02064	0.01808	0.02330	0.02246	0.01420	0.12648	0.54049	0.03912	0.03343	0.03089	0.02495	0.01164	0.00885	0.00291	0.00729	0.00958	0.00885	0.01395
45	0.01246	0.00935	0.01402	0.01402	0.01558	0.01090	0.01090	0.01558	0.01402	0.02025	0.02336	0.03427	0.02181	0.06542	0.65888	0.01402	0.02336	0.00935	0.00467	0.00779
46	0.01063	0.00759	0.01012	0.01215	0.01265	0.00709	0.00810	0.01215	0.01670	0.02227	0.04808	0.68775	0.05769	0.02733	0.01113	0.00354	0.00506	0.02480	0.00810	0.00709
47	0.02170	0.01874	0.01972	0.01775	0.02268	0.02170	0.01381	0.04635	0.62327	0.03649	0.03550	0.03254	0.02663	0.01183	0.00888	0.00296	0.00690	0.00986	0.00888	0.01381
48	0.01044	0.00882	0.00887	0.00887	0.01166	0.00742	0.00656	0.01253	0.01950	0.02321	0.08511	0.08251	0.60321	0.05799	0.01213	0.00324	0.00463	0.01810	0.00795	0.00725
49	0.01268	0.00846	0.00951	0.00951	0.00951	0.00846	0.00529	0.01268	0.01268	0.01691	0.02748	0.05708	0.03171	0.69345	0.04440	0.00846	0.00846	0.01268	0.00529	0.00529
50	0.02311	0.66565	0.04479	0.01531	0.02241	0.03414	0.01513	0.02587	0.01751	0.02055	0.01209	0.01424	0.01121	0.00784	0.00672	0.00196	0.04181	0.00481	0.00374	0.01111
51	0.01086	0.00776	0.01039	0.01241	0.01302	0.00729	0.00850	0.01255	0.01693	0.02253	0.04795	0.64753	0.05718	0.02711	0.01120	0.00357	0.00526	0.06271	0.00809	0.00715
52	0.01268	0.00846	0.00951	0.00951	0.00951	0.00846	0.00529	0.01268	0.01268	0.01691	0.02748	0.05708	0.03171	0.69345	0.04440	0.00846	0.00846	0.01268	0.00529	0.00529
53	0.03316	0.02443	0.02618	0.02007	0.02705	0.02705	0.01658	0.60995	0.04101	0.05497	0.02094	0.02094	0.01483	0.01047	0.00873	0.00262	0.00960	0.00785	0.00873	0.01483
54	0.01063	0.00759	0.01012	0.01215	0.01265	0.00709	0.00810	0.01215	0.01670	0.02227	0.04808	0.68775	0.05769	0.02733	0.01113	0.00354	0.00506	0.02480	0.00810	0.00709
55	0.01031	0.00884	0.00884	0.00884	0.01178	0.00736	0.00663	0.01252	0.01988	0.02356	0.08837	0.08395	0.63549	0.02209	0.01031	0.00295	0.00442	0.01841	0.00810	0.00736
56	0.02170	0.01874	0.01972	0.01775	0.02268	0.02170	0.01381	0.04635	0.62327	0.03649	0.03550	0.03254	0.02663	0.01183	0.00888	0.00296	0.00690	0.00986	0.00888	0.01381
57	0.01626	0.00813	0.00813	0.00813	0.01016	0.00813	0.00610	0.02033	0.01829	0.03252	0.02846	0.03252	0.02236	0.01016	0.00610	0.00203	0.00407	0.00813	0.74187	0.00813
58	0.01063	0.00759	0.01012	0.01215	0.01265	0.00709	0.00810	0.01215	0.01670	0.02227	0.04808	0.68775	0.05769	0.02733	0.01113	0.00354	0.00506	0.02480	0.00810	0.00709
59	0.01085	0.00872	0.00974	0.01025	0.01260	0.00762	0.00769	0.01323	0.01965	0.02434	0.11440	0.19440	0.43842	0.02294	0.01062	0.00314	0.00485	0.07092	0.00820	0.00743
60	0.03316	0.02443	0.02618	0.02007	0.02705	0.02705	0.01658	0.60995	0.04101	0.05497	0.02094	0.02094	0.01483	0.01047	0.00873	0.00262	0.00960	0.00785	0.00873	0.01483
61	0.03077	0.02264	0.02458	0.01918	0.02546	0.02507	0.01568	0.54081	0.03782	0.05080	0.02140	0.02345	0.01606	0.04334	0.05829	0.00371	0.01057	0.00817	0.00828	0.01391
62	0.01515	0.00758	0.01136	0.01136	0.01136	0.00758	0.00758	0.01136	0.01136	0.01515	0.01515	0.02652	0.01515	0.03030	0.03409	0.74621	0.00758	0.00758	0.00379	0.00379
63	0.01235	0.00892	0.01166	0.01097	0.01303	0.00823	0.00823	0.01646	0.02469	0.03498	0.63443	0.06516	0.08230	0.01783	0.01029	0.00274	0.00412	0.01578	0.00960	0.00823
64	0.02445	0.01813	0.02032	0.01779	0.02271	0.02041	0.01419	0.09271	0.41887	0.11995	0.03362	0.03496	0.02576	0.01258	0.01002	0.00301	0.03989	0.04836	0.00882	0.01344
65	0.01406	0.01004	0.01406	0.01606	0.01807	0.01004	0.01406	0.01807	0.02008	0.02610	0.04618	0.09839	0.05020	0.02410	0.01205	0.00402	0.00803	0.58032	0.00803	0.00803
66	0.02160	0.02058	0.03425	0.05089	0.59347	0.02080	0.02581	0.02822	0.06447	0.02909	0.01782	0.02240	0.01476	0.00807	0.00865	0.00262	0.01011	0.00793	0.00465	0.01382
67	0.02159	0.02073	0.03541	0.05354	0.63903	0.02073	0.02677	0.02677	0.01986	0.02850	0.01641	0.02159	0.01382	0.00777	0.00864	0.00259	0.01036	0.00777	0.00432	0.01382
68	0.01809	0.01550	0.01809	0.01292	0.02067	0.01163	0.01034	0.02196	0.01809	0.02842	0.01550	0.01809	0.01292	0.00646	0.00646	0.00129	0.00646	0.00517	0.00517	0.74677
69	0.03316	0.02443	0.02618	0.02007	0.02705	0.02705	0.01658	0.60995	0.04101	0.05497	0.02094	0.02094	0.01483	0.01047	0.00873	0.00262	0.00960	0.00785	0.00873	0.01483
70	0.02003	0.02175	0.04407	0.03148	0.04006	0.01975	0.47500	0.02662	0.02003	0.02805	0.01717	0.02232	0.01317	0.00715	0.00944	0.00258	0.01288	0.00916	0.00458	0.17471
71	0.05740	0.01086	0.01361	0.01258	0.01549	0.01036	0.00960	0.04687	0.02285	0.13789	0.31644	0.16369	0.05714	0.04425	0.01127	0.00315	0.00559	0.04252	0.00904	0.00940
72	0.01250	0.00918	0.01318	0.01318	0.01445	0.01045	0.00986	0.01504	0.01377	0.01963	0.02413	0.03851	0.02365	0.18221	0.54460	0.01298	0.02059	0.00997	0.00479	0.00732
73	0.03182	0.02377	0.02542	0.01980	0.02654	0.02642	0.01626	0.54408	0.10906	0.05281	0.02264	0.02230	0.01621	0.01063	0.00874	0.00266	0.00928	0.00809	0.00874	0.01471
74	0.01268	0.00846	0.00951	0.00951	0.00951	0.00846	0.00529	0.01268	0.01268	0.01691	0.02748	0.05708	0.03171	0.69345	0.04440	0.00846	0.00846	0.01268	0.00529	0.00529
75	0.75506	0.01687	0.01282	0.01147	0.01687	0.01957	0.00945	0.02564	0.01484	0.03914	0.01215	0.01417	0.00945	0.00810	0.00540	0.00270	0.00675	0.00472	0.00540	0.00945
76	0.01521	0.00907	0.01054	0.01009	0.01073	0.00887	0.00601	0.01554	0.01386	0.07696	0.02815	0.05446	0.03075	0.62819	0.04099	0.00791	0.00836	0.01231	0.00581	0.00620
77	0.08863	0.08956	0.51338	0.02423	0.06365	0.02127	0.02851	0.02728	0.01809	0.02824	0.01509	0.01784	0.01104	0.00818	0.00783	0.00268	0.01192	0.00621	0.00388	0.01248
78	0.01647	0.01550	0.02616	0.67248	0.06008	0.01938	0.02422	0.02229	0.01744	0.02229	0.01550	0.02326	0.01163	0.00872	0.00872	0.00291	0.01163	0.00775	0.00388	0.00969
79	0.01168	0.00814	0.01022	0.01126	0.01180	0.00782	0.00736	0.01301	0.01617	0.02173	0.09664	0.37545	0.05038	0.26567	0.02305	0.00525	0.00632	0.04422	0.00723	0.00659
80	0.01789	0.04279	0.58967	0.02760	0.09523	0.02030	0.03171	0.02754	0.01855	0.02771	0.01573	0.01872	0.01131	0.00824	0.00832	0.00275	0.01265	0.00657	0.00374	0.01298
81	0.01434	0.01040	0.01305	0.01184	0.01437	0.01003	0.00903	0.07319	0.02625	0.03689	0.57578	0.06093	0.07585	0.01713	0.01014	0.00273	0.00464	0.01502	0.00952	0.00886
82	0.01080	0.00773	0.01028	0.01203	0.01269	0.00720	0.00811	0.01259	0.01752	0.02357	0.10794	0.62419	0.06021	0.02636	0.01105	0.00346	0.00496	0.02388	0.00825	0.00720
83	0.03722	0.01525	0.02086	0.01623	0.02233	0.01415	0.01342	0.04045	0.02386	0.58542	0.03222	0.02868	0.02062	0.01122	0.01067	0.00281	0.07148	0.00866	0.01013	0.01434
84	0.01218	0.00879	0.01151	0.01109	0.01300	0.00812	0.00822	0.01605	0.02393	0.03376	0.57838	0.12467	0.07995	0.01874	0.01037	0.00282	0.00421	0.01664	0.00946	0.00812
85	0.01268	0.00846	0.00951	0.00951	0.00951	0.00846	0.00529	0.01268	0.01268	0.01691	0.02748	0.05708	0.03171	0.69345	0.04440	0.00846	0.00846	0.01268	0.00529	0.00529
86	0.03737	0.01639	0.02105	0.01628	0.02296	0.01529	0.01340	0.12212	0.05921	0.52995	0.03259	0.02862	0.02092	0.01081	0.00877	0.00270	0.00770	0.00870	0.01040	0.01479
87	0.03147	0.02248	0.02432	0.01886	0.02516	0.02464	0.01533	0.52775	0.03759	0.07744	0.02216	0.02478	0.01675	0.07577	0.01214	0.00318	0.00939	0.00836	0.00849	0.01392
88	0.02279	0.01928	0.02034	0.01797	0.02310	0.02221	0.01407	0.10023	0.56761	0.03826	0.03411	0.03144	0.02550	0.01170	0.00886	0.00293	0.00716	0.00967	0.00886	0.01390
89	0.01284	0.01238	0.07251	0.01230	0.01539	0.00938	0.01052	0.01753	0.02409	0.03428	0.57528	0.06069	0.07549	0.01692	0.01010	0.00275	0.00495	0.01488	0.00904	0.00868
90	0.01063	0.00759	0.01012	0.01215	0.01265	0.00709	0.00810	0.01215	0.01670	0.02227	0.04808	0.68775	0.05769	0.02733	0.01113	0.00354	0.00506	0.02480	0.00810	0.00709
91	0.01376	0.00930	0.01168	0.01085	0.01341	0.00837	0.00822	0.01745	0.02374	0.07432	0.48357	0.06652	0.18950	0.01821	0.01019	0.00278	0.00440	0.01583	0.00938	0.00851
92	0.02173	0.02525	0.04891	0.03540	0.04381	0.08289	0.55090	0.02860	0.02098	0.02731	0.01725	0.02278	0.01304	0.00751	0.01006	0.00287	0.01480	0.00985	0.00442	0.01161
93	0.01060	0.00771	0.01000	0.01183	0.01257	0.00711	0.00796	0.01218	0.01700	0.02239	0.05193	0.63003	0.11293	0.02683	0.01105	0.00349	0.00500	0.02419	0.00810	0.00711
94	0.68422	0.01622	0.01294	0.01191	0.01698	0.01866	0.00989	0.02492	0.01535	0.03789	0.01540	0.02222	0.01334	0.00963	0.00603	0.00282	0.00687	0.05975	0.00565	0.00931
95	0.03594	0.01498	0.01959	0.01522	0.02162	0.01335	0.01251	0.08159	0.02567	0.54204	0.03857	0.03423	0.07978	0.01185	0.00892	0.00272	0.00730	0.00963	0.01039	0.01413
96	0.01077	0.00770	0.01029	0.01231	0.01288	0.00721	0.00835	0.01240	0.01685	0.02243	0.04800	0.66254	0.05737	0.02719	0.01117	0.00356	0.00519	0.04856	0.00809	0.00713
97	0.01857	0.01278	0.01380	0.01354	0.01415	0.01191	0.00803	0.01696	0.01633	0.02239	0.03183	0.06108	0.03518	0.63168	0.04323	0.00891	0.01016	0.01386	0.00713	0.00848

[dist]
# distance from previous block
# <min> <max>
0	1

[block]
# block no. 5 follows, 20 sequences, length 9
# corresponding to MSA columns:
# 247-255
name=unknown_F
#
# <colnr> <probs for GDERKNQSTAVLIFYWHMCP>
#	G	D	E	R	K	N	Q	S	T	A	V	L	I	F	Y	W	H	M	C	P
0	0.01031	0.00884	0.00884	0.00884	0.01178	0.00736	0.00663	0.01252	0.01988	0.02356	0.08837	0.08395	0.63549	0.02209	0.01031	0.00295	0.00442	0.01841	0.00810	0.00736
1	0.01153	0.00824	0.01116	0.01318	0.01408	0.00786	0.00966	0.01370	0.01759	0.02328	0.04758	0.53277	0.05572	0.02648	0.01137	0.00367	0.00584	0.17088	0.00808	0.00733
2	0.02024	0.01935	0.03298	0.21630	0.48679	0.02037	0.02610	0.02559	0.01923	0.02686	0.01617	0.02203	0.01324	0.00802	0.00866	0.00267	0.01070	0.00777	0.00420	0.01273
3	0.01750	0.04512	0.64825	0.02486	0.03775	0.02026	0.03223	0.02762	0.01842	0.02762	0.01565	0.01842	0.01105	0.00829	0.00829	0.00276	0.01289	0.00645	0.00368	0.01289
4	0.03316	0.02443	0.02618	0.02007	0.02705	0.02705	0.01658	0.60995	0.04101	0.05497	0.02094	0.02094	0.01483	0.01047	0.00873	0.00262	0.00960	0.00785	0.00873	0.01483
5	0.01192	0.00854	0.01110	0.01118	0.01269	0.00795	0.00799	0.01506	0.02175	0.03037	0.43770	0.22831	0.07229	0.06768	0.01290	0.00335	0.00467	0.01793	0.00890	0.00772
6	0.01857	0.03870	0.48710	0.03240	0.19587	0.02038	0.03079	0.02740	0.01880	0.02785	0.01585	0.01925	0.01178	0.00815	0.00838	0.00272	0.01223	0.00679	0.00385	0.01313
7	0.01647	0.01550	0.02616	0.67248	0.06008	0.01938	0.02422	0.02229	0.01744	0.02229	0.01550	0.02326	0.01163	0.00872	0.00872	0.00291	0.01163	0.00775	0.00388	0.00969
8	0.01950	0.01008	0.01238	0.01128	0.01309	0.00951	0.00746	0.02049	0.01620	0.18247	0.03075	0.09408	0.03087	0.46725	0.03270	0.00660	0.00795	0.01250	0.00693	0.00793

[dist]
# distance from previous block
# <min> <max>
0	2

[block]
# block no. 6 follows, 20 sequences, length 40
# corresponding to MSA columns:
# 258-297
name=unknown_G
#
# <colnr> <probs for GDERKNQSTAVLIFYWHMCP>
#	G	D	E	R	K	N	Q	S	T	A	V	L	I	F	Y	W	H	M	C	P
0	0.02085	0.08707	0.05093	0.03471	0.04340	0.02323	0.55160	0.02777	0.02032	0.02724	0.01713	0.02263	0.01304	0.00736	0.00985	0.00284	0.01420	0.00976	0.00435	0.01171
1	0.01842	0.01600	0.01972	0.01674	0.07887	0.01248	0.01188	0.02242	0.01825	0.02843	0.01559	0.01842	0.01300	0.00658	0.00666	0.00141	0.00683	0.00541	0.00509	0.67779
2	0.01750	0.04512	0.64825	0.02486	0.03775	0.02026	0.03223	0.02762	0.01842	0.02762	0.01565	0.01842	0.01105	0.00829	0.00829	0.00276	0.01289	0.00645	0.00368	0.01289
3	0.01456	0.00946	0.01205	0.01108	0.01372	0.00853	0.00842	0.01833	0.02400	0.09071	0.49693	0.06461	0.15867	0.01780	0.01015	0.00277	0.00447	0.01551	0.00949	0.00872
4	0.01893	0.02153	0.08521	0.02309	0.02430	0.02611	0.02032	0.02162	0.01383	0.02162	0.01185	0.01902	0.01141	0.01461	0.02671	0.00372	0.61493	0.00752	0.00380	0.00986
5	0.02082	0.01781	0.01896	0.01711	0.02177	0.02043	0.01328	0.04354	0.56694	0.03635	0.09187	0.03561	0.03187	0.01240	0.00901	0.00294	0.00664	0.01042	0.00894	0.01328
6	0.75506	0.01687	0.01282	0.01147	0.01687	0.01957	0.00945	0.02564	0.01484	0.03914	0.01215	0.01417	0.00945	0.00810	0.00540	0.00270	0.00675	0.00472	0.00540	0.00945
7	0.01647	0.01550	0.02616	0.67248	0.06008	0.01938	0.02422	0.02229	0.01744	0.02229	0.01550	0.02326	0.01163	0.00872	0.00872	0.00291	0.01163	0.00775	0.00388	0.00969
8	0.01063	0.00759	0.01012	0.01215	0.01265	0.00709	0.00810	0.01215	0.01670	0.02227	0.04808	0.68775	0.05769	0.02733	0.01113	0.00354	0.00506	0.02480	0.00810	0.00709
9	0.01063	0.00759	0.01012	0.01215	0.01265	0.00709	0.00810	0.01215	0.01670	0.02227	0.04808	0.68775	0.05769	0.02733	0.01113	0.00354	0.00506	0.02480	0.00810	0.00709
10	0.01235	0.00892	0.01166	0.01097	0.01303	0.00823	0.00823	0.01646	0.02469	0.03498	0.63443	0.06516	0.08230	0.01783	0.01029	0.00274	0.00412	0.01578	0.00960	0.00823
11	0.75506	0.01687	0.01282	0.01147	0.01687	0.01957	0.00945	0.02564	0.01484	0.03914	0.01215	0.01417	0.00945	0.00810	0.00540	0.00270	0.00675	0.00472	0.00540	0.00945
12	0.02170	0.01874	0.01972	0.01775	0.02268	0.02170	0.01381	0.04635	0.62327	0.03649	0.03550	0.03254	0.02663	0.01183	0.00888	0.00296	0.00690	0.00986	0.00888	0.01381
13	0.01256	0.00840	0.00955	0.00967	0.00970	0.00837	0.00546	0.01265	0.01293	0.01724	0.02874	0.09546	0.03329	0.65291	0.04237	0.00816	0.00825	0.01342	0.00546	0.00539
14	0.01235	0.00892	0.01166	0.01097	0.01303	0.00823	0.00823	0.01646	0.02469	0.03498	0.63443	0.06516	0.08230	0.01783	0.01029	0.00274	0.00412	0.01578	0.00960	0.00823
15	0.10636	0.01503	0.01955	0.01514	0.02176	0.01345	0.01250	0.04093	0.02402	0.58817	0.03232	0.02823	0.02045	0.01054	0.00846	0.00270	0.00736	0.00839	0.01029	0.01434
16	0.01074	0.00764	0.01009	0.01201	0.01249	0.00716	0.00795	0.01217	0.01649	0.02198	0.04699	0.65434	0.05632	0.06262	0.01290	0.00380	0.00524	0.02416	0.00795	0.00699
17	0.01268	0.00846	0.00951	0.00951	0.00951	0.00846	0.00529	0.01268	0.01268	0.01691	0.02748	0.05708	0.03171	0.69345	0.04440	0.00846	0.00846	0.01268	0.00529	0.00529
18	0.01268	0.00846	0.00951	0.00951	0.00951	0.00846	0.00529	0.01268	0.01268	0.01691	0.02748	0.05708	0.03171	0.69345	0.04440	0.00846	0.00846	0.01268	0.00529	0.00529
19	0.03258	0.04157	0.02472	0.02247	0.02697	0.65843	0.01685	0.03483	0.02472	0.02135	0.01348	0.01573	0.01124	0.00899	0.00787	0.00225	0.01573	0.00562	0.00449	0.01011
20	0.01063	0.00759	0.01012	0.01215	0.01265	0.00709	0.00810	0.01215	0.01670	0.02227	0.04808	0.68775	0.05769	0.02733	0.01113	0.00354	0.00506	0.02480	0.00810	0.00709
21	0.01227	0.00881	0.01143	0.01298	0.01400	0.00853	0.00915	0.04774	0.01844	0.02454	0.04631	0.59332	0.05448	0.02604	0.01108	0.00353	0.00561	0.07597	0.00813	0.00763
22	0.02170	0.01874	0.01972	0.01775	0.02268	0.02170	0.01381	0.04635	0.62327	0.03649	0.03550	0.03254	0.02663	0.01183	0.00888	0.00296	0.00690	0.00986	0.00888	0.01381
23	0.01081	0.00772	0.01034	0.01236	0.01295	0.00725	0.00842	0.01247	0.01688	0.02248	0.04797	0.65565	0.05728	0.02715	0.01118	0.00357	0.00522	0.05506	0.00809	0.00714
24	0.01083	0.00773	0.01035	0.01238	0.01297	0.00726	0.00845	0.01249	0.01690	0.02249	0.04797	0.65321	0.05725	0.02714	0.01119	0.00357	0.00523	0.05736	0.00809	0.00714
25	0.03316	0.02443	0.02618	0.02007	0.02705	0.02705	0.01658	0.60995	0.04101	0.05497	0.02094	0.02094	0.01483	0.01047	0.00873	0.00262	0.00960	0.00785	0.00873	0.01483
26	0.01224	0.00891	0.01152	0.01087	0.01297	0.00819	0.00815	0.01626	0.02445	0.03440	0.60669	0.06611	0.11041	0.01805	0.01029	0.00275	0.00413	0.01591	0.00953	0.00819
27	0.01875	0.01783	0.03027	0.39718	0.31759	0.01998	0.02536	0.02428	0.01852	0.02505	0.01591	0.02251	0.01260	0.00830	0.00868	0.00277	0.01107	0.00776	0.00407	0.01153
28	0.03258	0.04157	0.02472	0.02247	0.02697	0.65843	0.01685	0.03483	0.02472	0.02135	0.01348	0.01573	0.01124	0.00899	0.00787	0.00225	0.01573	0.00562	0.00449	0.01011
29	0.02159	0.02073	0.03541	0.05354	0.63903	0.02073	0.02677	0.02677	0.01986	0.02850	0.01641	0.02159	0.01382	0.00777	0.00864	0.00259	0.01036	0.00777	0.00432	0.01382
30	0.01809	0.01550	0.01809	0.01292	0.02067	0.01163	0.01034	0.02196	0.01809	0.02842	0.01550	0.01809	0.01292	0.00646	0.00646	0.00129	0.00646	0.00517	0.00517	0.74677
31	0.01268	0.00846	0.00951	0.00951	0.00951	0.00846	0.00529	0.01268	0.01268	0.01691	0.02748	0.05708	0.03171	0.69345	0.04440	0.00846	0.00846	0.01268	0.00529	0.00529
32	0.02481	0.01362	0.01700	0.01421	0.01871	0.01319	0.01128	0.09144	0.08756	0.24912	0.29998	0.04483	0.04839	0.01400	0.00945	0.00274	0.00613	0.01190	0.00985	0.01180
33	0.01247	0.00930	0.01379	0.01379	0.01527	0.01078	0.01062	0.01543	0.01395	0.02008	0.02357	0.03543	0.02231	0.09733	0.62766	0.01374	0.02261	0.00952	0.00470	0.00766
34	0.01235	0.00892	0.01166	0.01097	0.01303	0.00823	0.00823	0.01646	0.02469	0.03498	0.63443	0.06516	0.08230	0.01783	0.01029	0.00274	0.00412	0.01578	0.00960	0.00823
35	0.03316	0.02443	0.02618	0.02007	0.02705	0.02705	0.01658	0.60995	0.04101	0.05497	0.02094	0.02094	0.01483	0.01047	0.00873	0.00262	0.00960	0.00785	0.00873	0.01483
36	0.01780	0.07975	0.61633	0.02434	0.03694	0.02101	0.03131	0.02754	0.01838	0.02725	0.01547	0.01818	0.01106	0.00824	0.00814	0.00271	0.01270	0.00635	0.00369	0.01280
37	0.10636	0.01503	0.01955	0.01514	0.02176	0.01345	0.01250	0.04093	0.02402	0.58817	0.03232	0.02823	0.02045	0.01054	0.00846	0.00270	0.00736	0.00839	0.01029	0.01434
38	0.03749	0.01540	0.02167	0.01909	0.08018	0.01356	0.01413	0.04103	0.02449	0.58718	0.03272	0.02893	0.02086	0.01051	0.00876	0.00269	0.00770	0.00868	0.01019	0.01475
39	0.03114	0.02358	0.02584	0.02019	0.02640	0.02669	0.01665	0.52035	0.07385	0.05066	0.02094	0.02147	0.01523	0.01100	0.01060	0.00275	0.07215	0.00795	0.00827	0.01427

[dist]
# distance from previous block
# <min> <max>
0	30

[block]
# block no. 7 follows, 20 sequences, length 8
# corresponding to MSA columns:
# 328-335
name=unknown_H
#
# <colnr> <probs for GDERKNQSTAVLIFYWHMCP>
#	G	D	E	R	K	N	Q	S	T	A	V	L	I	F	Y	W	H	M	C	P
0	0.02569	0.02072	0.02197	0.01856	0.02420	0.02356	0.01477	0.24268	0.42044	0.04293	0.03043	0.02850	0.02252	0.01136	0.00882	0.00284	0.00784	0.00916	0.00882	0.01416
1	0.31340	0.02150	0.02099	0.01673	0.02310	0.02415	0.01381	0.38312	0.03085	0.04883	0.01753	0.01831	0.01274	0.00955	0.00743	0.00265	0.00849	0.00664	0.00743	0.01274
2	0.01515	0.00758	0.01136	0.01136	0.01136	0.00758	0.00758	0.01136	0.01136	0.01515	0.01515	0.02652	0.01515	0.03030	0.03409	0.74621	0.00758	0.00758	0.00379	0.00379
3	0.01129	0.00811	0.01072	0.01169	0.01280	0.00753	0.00815	0.01382	0.01980	0.02720	0.27570	0.44607	0.06725	0.02364	0.01081	0.00323	0.00469	0.02130	0.00868	0.00753
4	0.30571	0.02094	0.03647	0.02695	0.03444	0.02109	0.37525	0.02705	0.01836	0.03229	0.01551	0.01990	0.01176	0.00764	0.00839	0.00285	0.01162	0.00813	0.00479	0.01086
5	0.02358	0.03709	0.40677	0.02300	0.03360	0.02289	0.02615	0.25368	0.02719	0.03824	0.01771	0.01940	0.01252	0.00914	0.00846	0.00271	0.01161	0.00699	0.00564	0.01365
6	0.01807	0.01769	0.02650	0.27506	0.03733	0.02387	0.02108	0.02149	0.01494	0.02149	0.01302	0.02070	0.01152	0.01273	0.02090	0.00346	0.41900	0.00768	0.00384	0.00960
7	0.01555	0.01459	0.02711	0.02099	0.02567	0.01360	0.24081	0.02092	0.02310	0.03225	0.39500	0.04900	0.05549	0.01376	0.01029	0.00282	0.00823	0.01365	0.00759	0.00960

[dist]
# distance from previous block
# <min> <max>
0	20

[block]
# block no. 8 follows, 20 sequences, length 172
# corresponding to MSA columns:
# 356-527
name=unknown_I
#
# <colnr> <probs for GDERKNQSTAVLIFYWHMCP>
#	G	D	E	R	K	N	Q	S	T	A	V	L	I	F	Y	W	H	M	C	P
0	0.03747	0.01489	0.02068	0.06390	0.02505	0.01330	0.01366	0.04102	0.02441	0.59921	0.03302	0.02922	0.02086	0.01064	0.00877	0.00271	0.00773	0.00870	0.01029	0.01447
1	0.02405	0.64904	0.04427	0.01530	0.02273	0.03397	0.01505	0.06912	0.01944	0.02306	0.01278	0.01450	0.01146	0.00768	0.00583	0.00192	0.00935	0.00490	0.00410	0.01146
2	0.01118	0.00817	0.01071	0.01220	0.01324	0.00742	0.00826	0.01287	0.01680	0.02272	0.04568	0.63843	0.05440	0.02579	0.01079	0.00338	0.00516	0.02335	0.00788	0.06156
3	0.03316	0.02443	0.02618	0.02007	0.02705	0.02705	0.01658	0.60995	0.04101	0.05497	0.02094	0.02094	0.01483	0.01047	0.00873	0.00262	0.00960	0.00785	0.00873	0.01483
4	0.05421	0.01550	0.02564	0.55275	0.05336	0.01872	0.05629	0.02264	0.01756	0.02423	0.01641	0.02349	0.01240	0.00872	0.00845	0.00283	0.01100	0.00777	0.05833	0.00968
5	0.03316	0.02443	0.02618	0.02007	0.02705	0.02705	0.01658	0.60995	0.04101	0.05497	0.02094	0.02094	0.01483	0.01047	0.00873	0.00262	0.00960	0.00785	0.00873	0.01483
6	0.01081	0.00773	0.01029	0.01202	0.01269	0.00721	0.00811	0.01261	0.01756	0.02364	0.11129	0.62063	0.06035	0.02630	0.01104	0.00346	0.00496	0.02382	0.00826	0.00721
7	0.01626	0.00813	0.00813	0.00813	0.01016	0.00813	0.00610	0.02033	0.01829	0.03252	0.02846	0.03252	0.02236	0.01016	0.00610	0.00203	0.00407	0.00813	0.74187	0.00813
8	0.75506	0.01687	0.01282	0.01147	0.01687	0.01957	0.00945	0.02564	0.01484	0.03914	0.01215	0.01417	0.00945	0.00810	0.00540	0.00270	0.00675	0.00472	0.00540	0.00945
9	0.01066	0.00885	0.00932	0.00920	0.01200	0.00751	0.00690	0.01319	0.02070	0.02552	0.18177	0.08073	0.54087	0.02136	0.01031	0.00291	0.00437	0.01796	0.00836	0.00751
10	0.01102	0.00886	0.00982	0.00958	0.01222	0.00767	0.00719	0.01390	0.02157	0.02756	0.27948	0.07737	0.44188	0.02060	0.01030	0.00287	0.00431	0.01749	0.00863	0.00767
11	0.01809	0.01550	0.01809	0.01292	0.02067	0.01163	0.01034	0.02196	0.01809	0.02842	0.01550	0.01809	0.01292	0.00646	0.00646	0.00129	0.00646	0.00517	0.00517	0.74677
12	0.64411	0.01656	0.01397	0.01210	0.01771	0.01852	0.00997	0.02826	0.01641	0.13304	0.01560	0.01658	0.01133	0.00852	0.00592	0.00270	0.00685	0.00535	0.00623	0.01028
13	0.01063	0.00759	0.01012	0.01215	0.01265	0.00709	0.00810	0.01215	0.01670	0.02227	0.04808	0.68775	0.05769	0.02733	0.01113	0.00354	0.00506	0.02480	0.00810	0.00709
14	0.03316	0.02443	0.02618	0.02007	0.02705	0.02705	0.01658	0.60995	0.04101	0.05497	0.02094	0.02094	0.01483	0.01047	0.00873	0.00262	0.00960	0.00785	0.00873	0.01483
15	0.08630	0.02471	0.02512	0.01955	0.02630	0.05706	0.01607	0.53908	0.03830	0.05218	0.01993	0.02019	0.01426	0.01022	0.00844	0.00261	0.00969	0.00751	0.00828	0.01421
16	0.01235	0.00892	0.01141	0.01097	0.01288	0.00829	0.00815	0.01595	0.02302	0.03212	0.51386	0.06718	0.10818	0.08354	0.01367	0.00337	0.00475	0.04449	0.00902	0.00789
17	0.01063	0.00759	0.01012	0.01215	0.01265	0.00709	0.00810	0.01215	0.01670	0.02227	0.04808	0.68775	0.05769	0.02733	0.01113	0.00354	0.00506	0.02480	0.00810	0.00709
