[name]
unknown

[dist]
# distance from previous block
# <min> <max>
0	19

[block]
# block no. 0 follows, 24 sequences, length 21
# corresponding to MSA columns:
# 19-39
name=unknown_A
#
# <colnr> <probs for GDERKNQSTAVLIFYWHMCP>
#	G	D	E	R	K	N	Q	S	T	A	V	L	I	F	Y	W	H	M	C	P
0	0.01388	0.00996	0.01338	0.01466	0.01674	0.01011	0.01263	0.06267	0.01948	0.02547	0.04039	0.12113	0.04366	0.02116	0.01068	0.00353	0.00725	0.53814	0.00735	0.00771
1	0.02062	0.01817	0.03024	0.04394	0.58517	0.01782	0.02252	0.02514	0.01830	0.07412	0.01608	0.01998	0.01304	0.00720	0.00774	0.00229	0.00901	0.00699	0.00441	0.05721
2	0.01843	0.36814	0.37526	0.01829	0.02765	0.02461	0.02179	0.02446	0.01644	0.02203	0.01270	0.01482	0.01011	0.00718	0.00637	0.00212	0.01017	0.00509	0.00337	0.01098
3	0.02755	0.02771	0.02230	0.06492	0.02584	0.31625	0.01517	0.27792	0.05868	0.03253	0.01881	0.01990	0.03860	0.00930	0.00765	0.00228	0.01100	0.00671	0.00592	0.01096
4	0.01408	0.01254	0.01644	0.01510	0.01712	0.07167	0.05346	0.01708	0.01419	0.01966	0.01957	0.02791	0.01779	0.04517	0.49599	0.00982	0.06898	0.00808	0.04770	0.00765
5	0.44086	0.05208	0.01472	0.01165	0.01589	0.01769	0.00963	0.09881	0.01711	0.03414	0.01496	0.01729	0.01176	0.00841	0.00684	0.00235	0.05343	0.00544	0.15789	0.00904
6	0.67613	0.01567	0.01294	0.01121	0.01630	0.01783	0.00924	0.06639	0.01573	0.08042	0.01297	0.01426	0.00967	0.00767	0.00532	0.00245	0.00635	0.00474	0.00545	0.00925
7	0.01133	0.00850	0.01274	0.01274	0.01416	0.00991	0.00991	0.01416	0.01274	0.01841	0.02124	0.03115	0.01982	0.05947	0.68989	0.01274	0.02124	0.00850	0.00425	0.00708
8	0.01590	0.04102	0.68023	0.02260	0.03432	0.01842	0.02930	0.02511	0.01674	0.02511	0.01423	0.01674	0.01005	0.00753	0.00753	0.00251	0.01172	0.00586	0.00335	0.01172
9	0.02962	0.03779	0.02247	0.02043	0.02451	0.68948	0.01532	0.03166	0.02247	0.01941	0.01226	0.01430	0.01021	0.00817	0.00715	0.00204	0.01430	0.00511	0.00409	0.00919
10	0.01846	0.02224	0.08149	0.03194	0.03963	0.02025	0.56516	0.02495	0.01815	0.02495	0.01555	0.02085	0.01181	0.00722	0.01039	0.00272	0.06068	0.00899	0.00394	0.01062
11	0.00966	0.00690	0.00920	0.01104	0.01150	0.00644	0.00736	0.01104	0.01518	0.02024	0.04371	0.71614	0.05245	0.02484	0.01012	0.00322	0.00460	0.02254	0.00736	0.00644
12	0.01153	0.00769	0.00865	0.00865	0.00865	0.00769	0.00480	0.01153	0.01153	0.01538	0.02499	0.05189	0.02883	0.72131	0.04036	0.00769	0.00769	0.01153	0.00480	0.00480
13	0.02040	0.02031	0.03144	0.04649	0.62176	0.07074	0.02364	0.02490	0.01840	0.02540	0.01471	0.01921	0.01238	0.00715	0.00780	0.00233	0.00980	0.00691	0.00394	0.01230
14	0.01751	0.24830	0.48698	0.01987	0.03009	0.02234	0.02454	0.02470	0.01655	0.02316	0.01326	0.01553	0.01008	0.00731	0.00679	0.00226	0.01074	0.00537	0.00336	0.01125
15	0.01618	0.07615	0.64748	0.02214	0.03360	0.01908	0.02849	0.02504	0.01671	0.02478	0.01407	0.01654	0.01005	0.00750	0.00741	0.00247	0.01155	0.00578	0.00335	0.01164
16	0.02085	0.68036	0.08418	0.01417	0.02129	0.03051	0.01462	0.02384	0.01615	0.01909	0.01124	0.01299	0.01017	0.00683	0.00525	0.00175	0.00870	0.00435	0.00339	0.01028
17	0.01091	0.00781	0.00938	0.00985	0.01071	0.00728	0.00631	0.01189	0.01388	0.01860	0.03604	0.33852	0.08059	0.32423	0.02285	0.00498	0.00598	0.01618	0.00607	0.05793
18	0.02034	0.01891	0.01804	0.01653	0.02073	0.10181	0.01292	0.03856	0.52220	0.03063	0.03065	0.03299	0.02437	0.01142	0.00821	0.00269	0.00736	0.06246	0.00751	0.01167
19	0.68215	0.01482	0.01210	0.01068	0.01552	0.01679	0.00876	0.02401	0.01465	0.08288	0.04705	0.01636	0.01289	0.00801	0.00537	0.00246	0.00605	0.00509	0.00547	0.00889
20	0.01590	0.04102	0.68023	0.02260	0.03432	0.01842	0.02930	0.02511	0.01674	0.02511	0.01423	0.01674	0.01005	0.00753	0.00753	0.00251	0.01172	0.00586	0.00335	0.01172

[dist]
# distance from previous block
# <min> <max>
1	2

[block]
# block no. 1 follows, 24 sequences, length 7
# corresponding to MSA columns:
# 42-48
name=unknown_B
#
# <colnr> <probs for GDERKNQSTAVLIFYWHMCP>
#	G	D	E	R	K	N	Q	S	T	A	V	L	I	F	Y	W	H	M	C	P
0	0.01724	0.09409	0.58634	0.02175	0.03258	0.06453	0.02714	0.02545	0.01708	0.02423	0.01385	0.01627	0.01007	0.00752	0.00732	0.00242	0.01164	0.00568	0.00340	0.01143
1	0.01205	0.01058	0.04856	0.01323	0.01581	0.00897	0.01179	0.01563	0.01836	0.02371	0.08429	0.08061	0.19357	0.02036	0.01030	0.00329	0.00657	0.40773	0.00718	0.00741
2	0.01670	0.01491	0.01983	0.01416	0.02132	0.01163	0.08012	0.02057	0.01670	0.02579	0.01431	0.01700	0.01178	0.00596	0.00626	0.00134	0.00671	0.00522	0.00462	0.68506
3	0.02500	0.01925	0.02101	0.01605	0.02245	0.01982	0.01309	0.39984	0.08339	0.04105	0.01862	0.01913	0.01385	0.00849	0.00730	0.00203	0.00763	0.00654	0.00694	0.24851
4	0.01447	0.01003	0.01120	0.01042	0.01151	0.01039	0.00670	0.11639	0.01608	0.02148	0.02546	0.09805	0.02812	0.54942	0.03265	0.00646	0.00762	0.01166	0.00552	0.00637
5	0.01498	0.01409	0.02378	0.70226	0.05462	0.01762	0.02202	0.02026	0.01586	0.02026	0.01409	0.02114	0.01057	0.00793	0.00793	0.00264	0.01057	0.00705	0.00352	0.00881
6	0.71051	0.01517	0.01226	0.01076	0.01578	0.01724	0.00886	0.02469	0.01432	0.09339	0.01287	0.01415	0.00958	0.00758	0.00518	0.00245	0.00619	0.00463	0.00535	0.00903

[dist]
# distance from previous block
# <min> <max>
0	12

[block]
# block no. 2 follows, 24 sequences, length 66
# corresponding to MSA columns:
# 61-112,114-127
name=unknown_C
#
# <colnr> <probs for GDERKNQSTAVLIFYWHMCP>
#	G	D	E	R	K	N	Q	S	T	A	V	L	I	F	Y	W	H	M	C	P
0	0.01498	0.01409	0.02378	0.70226	0.05462	0.01762	0.02202	0.02026	0.01586	0.02026	0.01409	0.02114	0.01057	0.00793	0.00793	0.00264	0.01057	0.00705	0.00352	0.00881
1	0.02476	0.01828	0.01984	0.01658	0.02183	0.02037	0.01325	0.23226	0.39163	0.10954	0.02799	0.02597	0.02032	0.01026	0.00802	0.00257	0.00710	0.00828	0.00822	0.01295
2	0.01498	0.01409	0.02378	0.70226	0.05462	0.01762	0.02202	0.02026	0.01586	0.02026	0.01409	0.02114	0.01057	0.00793	0.00793	0.00264	0.01057	0.00705	0.00352	0.00881
3	0.65680	0.01541	0.01263	0.01108	0.01589	0.01763	0.00907	0.07679	0.01621	0.03656	0.05936	0.01678	0.01382	0.00819	0.00549	0.00245	0.00619	0.00527	0.00545	0.00893
4	0.77733	0.01534	0.01166	0.01043	0.01534	0.01779	0.00859	0.02331	0.01350	0.03558	0.01104	0.01288	0.00859	0.00736	0.00491	0.00245	0.00613	0.00429	0.00491	0.00859
5	0.01478	0.00739	0.00739	0.00739	0.00924	0.00739	0.00554	0.01848	0.01663	0.02956	0.02587	0.02956	0.02033	0.00924	0.00554	0.00185	0.00370	0.00739	0.76534	0.00739
6	0.01123	0.00824	0.01067	0.01086	0.01272	0.00768	0.00850	0.01456	0.02041	0.02781	0.40567	0.11566	0.14166	0.01862	0.00978	0.00283	0.00465	0.15302	0.00813	0.00727
7	0.01732	0.01649	0.02803	0.37228	0.36624	0.01824	0.02319	0.02232	0.01697	0.02311	0.01451	0.02038	0.01158	0.00749	0.00789	0.00250	0.00999	0.00706	0.00373	0.01070
8	0.01478	0.00739	0.00739	0.00739	0.00924	0.00739	0.00554	0.01848	0.01663	0.02956	0.02587	0.02956	0.02033	0.00924	0.00554	0.00185	0.00370	0.00739	0.76534	0.00739
9	0.01849	0.02095	0.04540	0.07390	0.04224	0.01991	0.60547	0.02509	0.01854	0.02509	0.01592	0.02138	0.01194	0.00676	0.00927	0.00267	0.01320	0.00922	0.00398	0.01058
10	0.01875	0.02130	0.04625	0.03399	0.06470	0.02001	0.62022	0.02536	0.01869	0.02542	0.01600	0.02133	0.01205	0.00670	0.00930	0.00266	0.01322	0.00927	0.00401	0.01076
11	0.05280	0.01965	0.02191	0.02007	0.08491	0.02192	0.01476	0.33161	0.27216	0.04069	0.02342	0.02291	0.01732	0.00968	0.00786	0.00250	0.00776	0.00773	0.00749	0.01286
12	0.01760	0.01803	0.02529	0.11308	0.02679	0.06015	0.06200	0.02022	0.01372	0.01968	0.01181	0.01848	0.01088	0.01393	0.04583	0.00356	0.49947	0.00708	0.00358	0.00881
13	0.03045	0.02172	0.02349	0.01801	0.02435	0.02386	0.01488	0.61112	0.03646	0.08543	0.01973	0.01949	0.01383	0.00954	0.00794	0.00238	0.00861	0.00719	0.00804	0.01349
14	0.00966	0.00690	0.00920	0.01104	0.01150	0.00644	0.00736	0.01104	0.01518	0.02024	0.04371	0.71614	0.05245	0.02484	0.01012	0.00322	0.00460	0.02254	0.00736	0.00644
15	0.01981	0.02147	0.04458	0.03196	0.03982	0.02049	0.58272	0.08496	0.02050	0.02776	0.01633	0.02116	0.01217	0.00696	0.00922	0.00265	0.01292	0.00915	0.00439	0.01096
16	0.01038	0.00757	0.00983	0.01111	0.01198	0.00723	0.00762	0.01312	0.04647	0.02266	0.14087	0.58105	0.05463	0.02283	0.00990	0.00308	0.00454	0.02062	0.00761	0.00689
17	0.03406	0.01384	0.01836	0.01430	0.02028	0.01243	0.01174	0.03898	0.08368	0.61546	0.03138	0.02724	0.02007	0.00991	0.00798	0.00248	0.00670	0.00807	0.00965	0.01340
18	0.01112	0.00810	0.01045	0.00987	0.01178	0.00744	0.00740	0.01476	0.02220	0.03121	0.63447	0.06020	0.10838	0.01643	0.00935	0.00250	0.00376	0.01448	0.00865	0.00744
19	0.01882	0.01801	0.03072	0.16265	0.56421	0.01863	0.02393	0.02363	0.01767	0.02492	0.01477	0.01989	0.01221	0.00722	0.00786	0.00241	0.00962	0.00706	0.00386	0.01191
20	0.01357	0.00873	0.01136	0.01071	0.01306	0.00799	0.00834	0.01708	0.02162	0.09201	0.48554	0.06098	0.11884	0.01657	0.00940	0.00263	0.00445	0.08059	0.00856	0.00797
21	0.00966	0.00690	0.00920	0.01104	0.01150	0.00644	0.00736	0.01104	0.01518	0.02024	0.04371	0.71614	0.05245	0.02484	0.01012	0.00322	0.00460	0.02254	0.00736	0.00644
22	0.01133	0.00850	0.01274	0.01274	0.01416	0.00991	0.00991	0.01416	0.01274	0.01841	0.02124	0.03115	0.01982	0.05947	0.68989	0.01274	0.02124	0.00850	0.00425	0.00708
23	0.63282	0.01478	0.01267	0.01099	0.01597	0.01645	0.00903	0.02540	0.01527	0.13593	0.03852	0.01681	0.01277	0.00807	0.00555	0.00246	0.00614	0.00524	0.00582	0.00932
24	0.01126	0.00767	0.00864	0.00875	0.00897	0.00754	0.00505	0.01149	0.01222	0.01611	0.03011	0.09385	0.07640	0.62859	0.03630	0.00706	0.00724	0.01257	0.00514	0.00504
25	0.01117	0.00781	0.00970	0.00958	0.01058	0.00745	0.00644	0.01321	0.01745	0.02421	0.35176	0.12888	0.05467	0.28823	0.02136	0.00457	0.00535	0.01417	0.00707	0.00634
26	0.03181	0.01334	0.01764	0.01392	0.01950	0.01204	0.01136	0.03679	0.08366	0.55585	0.09014	0.03022	0.02517	0.01050	0.00811	0.00248	0.00642	0.00866	0.00955	0.01285
27	0.01119	0.00754	0.00875	0.00909	0.00917	0.00746	0.00527	0.01144	0.01220	0.01626	0.02840	0.17308	0.03314	0.59425	0.03484	0.00687	0.00712	0.01354	0.00527	0.00510
28	0.00962	0.00705	0.00904	0.01064	0.01140	0.00648	0.00718	0.01109	0.01557	0.02040	0.04864	0.62998	0.13543	0.02420	0.01002	0.00315	0.00452	0.02176	0.00736	0.00648
29	0.01219	0.00857	0.00944	0.00893	0.01181	0.00730	0.00680	0.01457	0.01922	0.08609	0.16955	0.06885	0.51132	0.01848	0.00923	0.00263	0.00423	0.01551	0.00782	0.00747
30	0.00972	0.00805	0.00851	0.00839	0.01092	0.00684	0.00630	0.01205	0.01889	0.02335	0.18969	0.07314	0.55807	0.01936	0.00937	0.00264	0.00397	0.01629	0.00762	0.00684
31	0.02540	0.01435	0.01687	0.01414	0.01913	0.01448	0.01129	0.05598	0.26860	0.31040	0.03848	0.03499	0.11672	0.01168	0.00822	0.00258	0.00623	0.00962	0.00872	0.01213
32	0.01111	0.00802	0.01050	0.01005	0.01182	0.00741	0.00747	0.01468	0.02192	0.03097	0.62266	0.10661	0.07321	0.01683	0.00941	0.00255	0.00380	0.01493	0.00863	0.00741
33	0.03072	0.01310	0.01729	0.01374	0.01913	0.01186	0.01117	0.03574	0.08365	0.52717	0.11842	0.03165	0.02762	0.01078	0.00817	0.00248	0.00629	0.00894	0.00950	0.01258
34	0.01122	0.00811	0.01060	0.00998	0.01185	0.00748	0.00748	0.01496	0.02245	0.03180	0.66766	0.05923	0.07482	0.01621	0.00935	0.00249	0.00374	0.01434	0.00873	0.00748
35	0.00979	0.00699	0.00935	0.01119	0.01171	0.00655	0.00759	0.01126	0.01531	0.02039	0.04364	0.69021	0.05217	0.02472	0.01016	0.00324	0.00471	0.04720	0.00736	0.00648
36	0.03382	0.01311	0.01784	0.01381	0.01964	0.01135	0.01135	0.03694	0.02268	0.63078	0.07718	0.02932	0.02361	0.01028	0.00807	0.00246	0.00653	0.00843	0.00974	0.01306
37	0.03014	0.02221	0.02380	0.01825	0.02459	0.02459	0.01507	0.64541	0.03728	0.04998	0.01904	0.01904	0.01349	0.00952	0.00793	0.00238	0.00873	0.00714	0.00793	0.01349
38	0.00971	0.00694	0.00925	0.01101	0.01151	0.00647	0.00736	0.01117	0.01541	0.02061	0.06368	0.69511	0.05316	0.02457	0.01010	0.00320	0.00457	0.02228	0.00740	0.00647
39	0.01122	0.00811	0.01060	0.00998	0.01185	0.00748	0.00748	0.01496	0.02245	0.03180	0.66766	0.05923	0.07482	0.01621	0.00935	0.00249	0.00374	0.01434	0.00873	0.00748
40	0.01165	0.00783	0.00905	0.00922	0.00940	0.00783	0.00557	0.01200	0.01218	0.01618	0.02662	0.05550	0.03044	0.65412	0.03754	0.00730	0.00765	0.06984	0.00504	0.00504
41	0.01615	0.01563	0.02747	0.52289	0.16206	0.01807	0.08209	0.02147	0.01652	0.02175	0.01443	0.02090	0.01106	0.00766	0.00805	0.00260	0.01064	0.00727	0.00364	0.00965
42	0.01911	0.01832	0.03126	0.12077	0.60376	0.01871	0.02408	0.02389	0.01781	0.02528	0.01483	0.01979	0.01234	0.00716	0.00786	0.00239	0.00955	0.00706	0.00388	0.01215
43	0.01122	0.00822	0.01060	0.01032	0.01226	0.00759	0.00795	0.01479	0.02155	0.02988	0.53974	0.06433	0.12853	0.01723	0.00954	0.00264	0.00417	0.08361	0.00843	0.00739
44	0.02106	0.62465	0.10510	0.01480	0.02196	0.06096	0.01524	0.02425	0.01647	0.01934	0.01141	0.01320	0.01016	0.00693	0.00543	0.00179	0.00908	0.00444	0.00342	0.01029
45	0.05457	0.02361	0.02000	0.04760	0.02289	0.26071	0.01385	0.19462	0.02361	0.05982	0.01715	0.02038	0.01375	0.02054	0.16652	0.00469	0.01355	0.00664	0.00546	0.01004
46	0.00980	0.00700	0.00936	0.01120	0.01172	0.00656	0.00760	0.01128	0.01532	0.02040	0.04363	0.68833	0.05215	0.02471	0.01016	0.00324	0.00472	0.04899	0.00736	0.00648
47	0.02822	0.02080	0.02259	0.01757	0.02344	0.02300	0.01445	0.58107	0.03517	0.04729	0.04494	0.02139	0.01632	0.01289	0.05044	0.00303	0.00931	0.00751	0.00774	0.01285
48	0.01718	0.03163	0.43555	0.02438	0.09297	0.01738	0.08118	0.02555	0.04777	0.05486	0.05410	0.02379	0.01663	0.00873	0.00801	0.00256	0.01055	0.03135	0.00443	0.01141
49	0.01693	0.15256	0.54858	0.02220	0.05841	0.02056	0.02651	0.02486	0.01669	0.02409	0.01373	0.01620	0.01017	0.00739	0.00715	0.00237	0.01109	0.00564	0.00338	0.01150
50	0.01590	0.04102	0.68023	0.02260	0.03432	0.01842	0.02930	0.02511	0.01674	0.02511	0.01423	0.01674	0.01005	0.00753	0.00753	0.00251	0.01172	0.00586	0.00335	0.01172
51	0.02512	0.02026	0.02029	0.01687	0.02169	0.08451	0.01337	0.40305	0.09654	0.03964	0.02445	0.15188	0.02168	0.01243	0.00829	0.00254	0.00822	0.01006	0.00747	0.01164
52	0.01601	0.01115	0.01228	0.01154	0.01355	0.04771	0.00822	0.07079	0.01907	0.09025	0.18046	0.20010	0.05979	0.20280	0.01733	0.00400	0.00632	0.01378	0.00712	0.00773
53	0.01175	0.00912	0.01356	0.01331	0.01463	0.01093	0.01044	0.01451	0.01270	0.01846	0.02048	0.03018	0.01916	0.05626	0.64307	0.01209	0.06959	0.00839	0.00419	0.00719
54	0.02002	0.02297	0.06421	0.05491	0.05888	0.17980	0.06506	0.04584	0.01688	0.02148	0.01359	0.01897	0.01187	0.01645	0.09911	0.00402	0.26585	0.00684	0.00394	0.00933
55	0.01924	0.01883	0.02887	0.07338	0.52970	0.05585	0.02187	0.02442	0.04658	0.02527	0.02022	0.02393	0.06017	0.00827	0.00793	0.00239	0.00922	0.00774	0.00435	0.01177
56	0.01953	0.01912	0.03380	0.04699	0.60230	0.01897	0.09259	0.02445	0.01813	0.02585	0.01504	0.01982	0.01250	0.00702	0.00802	0.00239	0.00986	0.00732	0.00393	0.01236
57	0.00983	0.00818	0.00867	0.00892	0.01148	0.00702	0.00693	0.01206	0.01810	0.02173	0.07518	0.07808	0.58492	0.02033	0.00958	0.00281	0.00446	0.09759	0.00736	0.00678
58	0.02485	0.01856	0.01838	0.01572	0.02040	0.11091	0.01236	0.10076	0.27463	0.18277	0.10767	0.02944	0.02639	0.01073	0.00806	0.00249	0.00746	0.00867	0.00798	0.01176
59	0.02126	0.02071	0.02992	0.08525	0.44609	0.08384	0.05093	0.08618	0.04862	0.02754	0.01583	0.01969	0.01278	0.00762	0.00788	0.00238	0.00995	0.00708	0.00449	0.01198
60	0.06963	0.00934	0.01161	0.01048	0.01316	0.00875	0.00806	0.01856	0.02166	0.11706	0.51279	0.05230	0.08633	0.01488	0.00885	0.00249	0.00432	0.01287	0.00854	0.00833
61	0.01854	0.02261	0.08622	0.03275	0.04100	0.01995	0.60485	0.02538	0.01859	0.02538	0.01593	0.02110	0.01191	0.00674	0.00924	0.00266	0.01327	0.00914	0.00397	0.01076
62	0.07218	0.02987	0.33615	0.02769	0.07442	0.01906	0.27617	0.02505	0.01739	0.02603	0.01478	0.01852	0.01090	0.00715	0.00810	0.00256	0.01185	0.00724	0.00376	0.01113
63	0.33280	0.01964	0.04439	0.01500	0.02096	0.02081	0.01280	0.33209	0.02595	0.08113	0.01635	0.01693	0.01174	0.00858	0.00669	0.00242	0.00767	0.00599	0.00664	0.01143
64	0.01030	0.00845	0.00916	0.00938	0.01166	0.00763	0.00687	0.01375	0.06385	0.02266	0.10562	0.20823	0.45389	0.02018	0.00944	0.00278	0.00429	0.01726	0.00750	0.00711
65	0.01869	0.19862	0.20898	0.02743	0.10397	0.02226	0.26085	0.02480	0.01749	0.02373	0.01422	0.01786	0.01112	0.00697	0.00767	0.00236	0.01131	0.00694	0.00368	0.01104

[dist]
# distance from previous block
# <min> <max>
2	5

[block]
# block no. 3 follows, 24 sequences, length 404
# corresponding to MSA columns:
# 135-538
name=unknown_D
#
# <colnr> <probs for GDERKNQSTAVLIFYWHMCP>
#	G	D	E	R	K	N	Q	S	T	A	V	L	I	F	Y	W	H	M	C	P
0	0.02788	0.02436	0.02254	0.04213	0.02493	0.16951	0.01506	0.41135	0.08386	0.03969	0.01947	0.02201	0.01495	0.00981	0.00790	0.00240	0.00975	0.03344	0.00692	0.01203
1	0.02962	0.03779	0.02247	0.02043	0.02451	0.68948	0.01532	0.03166	0.02247	0.01941	0.01226	0.01430	0.01021	0.00817	0.00715	0.00204	0.01430	0.00511	0.00409	0.00919
2	0.01731	0.01045	0.01129	0.01017	0.01286	0.01102	0.00793	0.14146	0.02062	0.03264	0.05587	0.02911	0.02163	0.01440	0.07103	0.00302	0.00635	0.00779	0.50650	0.00857
3	0.02789	0.02109	0.02253	0.01779	0.02373	0.02354	0.01453	0.51472	0.17165	0.04634	0.02191	0.02132	0.01581	0.00979	0.00796	0.00245	0.00820	0.00754	0.00796	0.01328
4	0.32718	0.19725	0.12951	0.01442	0.02096	0.05292	0.01410	0.04869	0.04713	0.06372	0.01400	0.01531	0.01081	0.00766	0.00591	0.00226	0.00815	0.00510	0.00476	0.01015
5	0.01514	0.00870	0.00831	0.00831	0.01009	0.03791	0.00614	0.01826	0.01648	0.02780	0.02549	0.06259	0.02111	0.01094	0.00721	0.04305	0.00439	0.00801	0.65282	0.00721
6	0.01078	0.03953	0.01096	0.01084	0.01160	0.00825	0.00739	0.01209	0.01414	0.01890	0.03549	0.45870	0.04152	0.17859	0.09825	0.00526	0.00744	0.01765	0.00626	0.00633
7	0.05645	0.58522	0.03719	0.01451	0.02079	0.13497	0.01362	0.02498	0.01700	0.01953	0.01122	0.01298	0.01011	0.00703	0.00541	0.00178	0.00930	0.00438	0.00357	0.00995
8	0.05281	0.00985	0.01228	0.01109	0.01398	0.00924	0.00856	0.01967	0.04973	0.11000	0.44349	0.07812	0.05697	0.01472	0.00880	0.00249	0.00462	0.03359	0.00831	0.05168
9	0.02617	0.01543	0.01813	0.01491	0.01996	0.01595	0.01197	0.14743	0.22379	0.26949	0.11970	0.03092	0.02777	0.01096	0.00819	0.00252	0.00654	0.00904	0.00877	0.01234
10	0.01489	0.01318	0.01958	0.10894	0.02327	0.01533	0.07241	0.05306	0.04173	0.02219	0.02519	0.25195	0.02694	0.08494	0.01643	0.00352	0.18002	0.01286	0.00538	0.00820
11	0.01154	0.00814	0.01097	0.01097	0.01186	0.00896	0.00779	0.01331	0.01242	0.01766	0.02285	0.03906	0.02330	0.31168	0.41482	0.01039	0.01538	0.00962	0.03305	0.00622
12	0.09586	0.02010	0.02454	0.16693	0.03165	0.04679	0.07536	0.34527	0.05316	0.03803	0.01721	0.01938	0.01257	0.00870	0.00776	0.00247	0.00943	0.00706	0.00618	0.01155
13	0.01648	0.06951	0.58131	0.02384	0.05318	0.01914	0.07791	0.02505	0.01691	0.02487	0.01425	0.01702	0.01029	0.00742	0.00758	0.00248	0.01164	0.00610	0.00342	0.01159
14	0.01590	0.04102	0.68023	0.02260	0.03432	0.01842	0.02930	0.02511	0.01674	0.02511	0.01423	0.01674	0.01005	0.00753	0.00753	0.00251	0.01172	0.00586	0.00335	0.01172
15	0.00960	0.00804	0.00839	0.00851	0.01103	0.00682	0.00642	0.01173	0.01816	0.02191	0.10223	0.10018	0.59406	0.02017	0.00947	0.00273	0.00417	0.04222	0.00742	0.00674
16	0.10350	0.04879	0.02192	0.04143	0.02349	0.02092	0.01377	0.37662	0.05708	0.18200	0.02097	0.02043	0.01456	0.00925	0.00753	0.00240	0.00799	0.00699	0.00770	0.01265
17	0.01635	0.01550	0.02627	0.50860	0.23750	0.01798	0.02271	0.02147	0.01651	0.02193	0.01434	0.02069	0.01116	0.00767	0.00791	0.00256	0.01023	0.00705	0.00364	0.00992
18	0.00966	0.00690	0.00920	0.01104	0.01150	0.00644	0.00736	0.01104	0.01518	0.02024	0.04371	0.71614	0.05245	0.02484	0.01012	0.00322	0.00460	0.02254	0.00736	0.00644
19	0.01963	0.01884	0.03219	0.04867	0.67185	0.01884	0.02434	0.02434	0.01806	0.02591	0.01492	0.01963	0.01256	0.00707	0.00785	0.00236	0.00942	0.00707	0.00393	0.01256
20	0.01784	0.01710	0.02909	0.29222	0.38302	0.01848	0.05150	0.02361	0.04453	0.02407	0.01540	0.02070	0.01229	0.00753	0.00796	0.00249	0.00990	0.00725	0.00395	0.01106
21	0.01600	0.03890	0.62086	0.05212	0.03554	0.01846	0.05939	0.02492	0.01680	0.02492	0.01431	0.01716	0.01017	0.00751	0.00764	0.00252	0.01175	0.00608	0.00339	0.01154
22	0.01135	0.00765	0.00889	0.00907	0.00918	0.00767	0.00529	0.01161	0.01193	0.01598	0.02658	0.11361	0.03063	0.62440	0.06811	0.00750	0.00803	0.01243	0.00502	0.00507
23	0.01590	0.04102	0.68023	0.02260	0.03432	0.01842	0.02930	0.02511	0.01674	0.02511	0.01423	0.01674	0.01005	0.00753	0.00753	0.00251	0.01172	0.00586	0.00335	0.01172
24	0.02071	0.55294	0.17366	0.01547	0.02326	0.02784	0.01676	0.02467	0.01652	0.04809	0.01256	0.01417	0.01055	0.00707	0.00572	0.00190	0.00908	0.00474	0.00366	0.01064
25	0.00942	0.00786	0.00821	0.00849	0.01083	0.00666	0.00623	0.01133	0.01764	0.02124	0.07481	0.17274	0.57577	0.02080	0.00949	0.00276	0.00410	0.01761	0.00736	0.00666
26	0.01872	0.02139	0.04679	0.03342	0.04144	0.02005	0.64305	0.02540	0.01872	0.02540	0.01604	0.02139	0.01203	0.00668	0.00936	0.00267	0.01337	0.00936	0.00401	0.01070
27	0.01869	0.01789	0.03050	0.17984	0.54797	0.01860	0.02387	0.02352	0.01761	0.02477	0.01475	0.01993	0.01216	0.00724	0.00787	0.00241	0.00965	0.00706	0.00384	0.01181
28	0.01263	0.00948	0.01288	0.05274	0.01782	0.00964	0.01217	0.01691	0.04825	0.02345	0.04355	0.14070	0.09919	0.02070	0.01042	0.00342	0.00689	0.44452	0.00714	0.00750
29	0.00997	0.00806	0.00889	0.00895	0.01131	0.00699	0.00678	0.01240	0.01887	0.02368	0.19973	0.10299	0.48026	0.01959	0.00949	0.00272	0.00417	0.05062	0.00765	0.00688
30	0.01006	0.00749	0.01064	0.01182	0.01262	0.00699	0.03071	0.01174	0.01563	0.02094	0.06984	0.66204	0.05194	0.02380	0.01006	0.00317	0.00489	0.02170	0.00730	0.00664
31	0.50492	0.05475	0.01681	0.05164	0.02000	0.01973	0.01112	0.15686	0.01922	0.06179	0.01371	0.01521	0.01026	0.00792	0.00585	0.00241	0.00709	0.00520	0.00559	0.00992
32	0.01872	0.02139	0.04679	0.03342	0.04144	0.02005	0.64305	0.02540	0.01872	0.02540	0.01604	0.02139	0.01203	0.00668	0.00936	0.00267	0.01337	0.00936	0.00401	0.01070
33	0.01590	0.04102	0.68023	0.02260	0.03432	0.01842	0.02930	0.02511	0.01674	0.02511	0.01423	0.01674	0.01005	0.00753	0.00753	0.00251	0.01172	0.00586	0.00335	0.01172
34	0.01872	0.02139	0.04679	0.03342	0.04144	0.02005	0.64305	0.02540	0.01872	0.02540	0.01604	0.02139	0.01203	0.00668	0.00936	0.00267	0.01337	0.00936	0.00401	0.01070
35	0.01435	0.01106	0.01555	0.01364	0.01630	0.01112	0.06870	0.02022	0.10920	0.05973	0.30955	0.12751	0.07119	0.07414	0.01243	0.00310	0.03288	0.01335	0.00750	0.00847
36	0.00990	0.00708	0.00945	0.01115	0.01176	0.00663	0.00763	0.01152	0.01574	0.02107	0.07916	0.64889	0.05340	0.02421	0.01012	0.00320	0.00468	0.05045	0.00744	0.00654
37	0.05466	0.56467	0.06748	0.01455	0.02120	0.09323	0.01418	0.02523	0.01694	0.04930	0.01220	0.01371	0.01053	0.00711	0.00553	0.00183	0.00902	0.00457	0.00381	0.01023
38	0.01859	0.02206	0.07233	0.09867	0.04053	0.04852	0.48918	0.02478	0.01812	0.02426	0.01528	0.02061	0.01162	0.00732	0.00998	0.00268	0.05254	0.00864	0.00390	0.01038
39	0.03270	0.01503	0.01898	0.01489	0.02082	0.01434	0.01219	0.11166	0.11371	0.51177	0.02996	0.02641	0.01954	0.00991	0.00798	0.00248	0.00692	0.00801	0.00934	0.01336
40	0.02627	0.02008	0.02206	0.01874	0.05487	0.02227	0.01439	0.44591	0.17123	0.04312	0.02208	0.02326	0.01667	0.05021	0.00981	0.00275	0.00816	0.00779	0.00759	0.01274
41	0.01866	0.02212	0.07677	0.03435	0.10145	0.01986	0.55341	0.02528	0.01856	0.02544	0.01585	0.02099	0.01198	0.00676	0.00912	0.00264	0.01291	0.00897	0.00397	0.01092
42	0.02162	0.04268	0.01867	0.01519	0.02001	0.01877	0.01213	0.16656	0.36511	0.07867	0.03549	0.03324	0.11373	0.01162	0.00811	0.00257	0.00659	0.00945	0.00789	0.01189
43	0.01872	0.02139	0.04679	0.03342	0.04144	0.02005	0.64305	0.02540	0.01872	0.02540	0.01604	0.02139	0.01203	0.00668	0.00936	0.00267	0.01337	0.00936	0.00401	0.01070
44	0.02385	0.01904	0.02984	0.02460	0.07833	0.04729	0.23763	0.05930	0.18245	0.17684	0.02351	0.02420	0.01687	0.00865	0.00844	0.00256	0.00960	0.00849	0.00653	0.01200
45	0.02303	0.01876	0.01993	0.01810	0.05156	0.04724	0.01364	0.15723	0.44654	0.07205	0.02805	0.02632	0.02077	0.01019	0.00799	0.00257	0.00725	0.00831	0.00779	0.01265
46	0.01026	0.00769	0.00959	0.01086	0.01192	0.00727	0.00747	0.01302	0.05232	0.02163	0.07481	0.55937	0.13830	0.02301	0.00987	0.00308	0.00458	0.02061	0.00746	0.00687
47	0.01884	0.01709	0.02482	0.13717	0.25381	0.01864	0.04351	0.05580	0.24840	0.02834	0.02268	0.05799	0.01843	0.00950	0.00812	0.00258	0.00836	0.00861	0.00570	0.01162
48	0.02404	0.09955	0.02729	0.01884	0.02462	0.01654	0.17406	0.03013	0.09260	0.26090	0.05370	0.05995	0.02119	0.01245	0.04471	0.00304	0.00914	0.00904	0.00689	0.01131
49	0.02388	0.01779	0.01930	0.01619	0.02110	0.01977	0.01283	0.25673	0.33011	0.08629	0.02758	0.05553	0.02139	0.04271	0.00955	0.00281	0.00719	0.00892	0.00797	0.01235
50	0.02868	0.02539	0.02290	0.04221	0.02508	0.19667	0.01506	0.43740	0.03206	0.04022	0.04445	0.01957	0.01512	0.00940	0.00779	0.00231	0.01003	0.00691	0.00681	0.01195
51	0.05458	0.02975	0.02237	0.02152	0.08403	0.41673	0.01531	0.12768	0.04743	0.05306	0.04267	0.01847	0.01451	0.00875	0.00742	0.00220	0.01162	0.00623	0.00528	0.01039
52	0.01583	0.01576	0.02905	0.54916	0.05160	0.01818	0.16418	0.02144	0.01651	0.02144	0.01454	0.02120	0.01091	0.00764	0.00826	0.00265	0.01121	0.00758	0.00364	0.00924
53	0.01149	0.00841	0.01111	0.01253	0.01395	0.00822	0.00980	0.01490	0.04418	0.02306	0.08424	0.34638	0.08283	0.02220	0.01030	0.00330	0.00573	0.27279	0.00745	0.00714
54	0.01909	0.01446	0.01729	0.04551	0.05706	0.01571	0.01270	0.05989	0.32742	0.09041	0.09294	0.06792	0.05821	0.01293	0.00859	0.00273	0.00649	0.07190	0.00772	0.01100
55	0.01556	0.01495	0.02579	0.60449	0.05175	0.01796	0.08298	0.02178	0.04573	0.02136	0.01513	0.02156	0.01134	0.00794	0.00808	0.00265	0.01065	0.00736	0.00378	0.00917
56	0.01952	0.50916	0.24379	0.01643	0.02478	0.02727	0.01855	0.02418	0.01631	0.02070	0.01204	0.01399	0.01013	0.00702	0.00586	0.00195	0.00951	0.00475	0.00338	0.01066
57	0.01210	0.00837	0.01072	0.01102	0.01290	0.00778	0.00853	0.01498	0.01915	0.05289	0.27174	0.16164	0.16092	0.05277	0.01127	0.00315	0.00508	0.15990	0.00782	0.00728
58	0.01854	0.02205	0.07254	0.03243	0.04027	0.02016	0.59066	0.02512	0.01835	0.02512	0.01573	0.02102	0.01188	0.00703	0.00999	0.00270	0.04269	0.00911	0.00396	0.01065
59	0.06018	0.02792	0.02082	0.01812	0.02287	0.36674	0.01402	0.11099	0.13984	0.11280	0.01921	0.01929	0.01434	0.00899	0.00743	0.00227	0.01080	0.00641	0.00608	0.01088
60	0.01442	0.01299	0.01827	0.01654	0.01704	0.01709	0.01324	0.01636	0.01244	0.01859	0.01696	0.05834	0.01723	0.09168	0.25291	0.00699	0.37858	0.00861	0.00404	0.00769
61	0.18043	0.01239	0.01337	0.01256	0.01557	0.01312	0.00950	0.15358	0.02030	0.05842	0.05954	0.35311	0.03414	0.01670	0.00840	0.00281	0.00588	0.01426	0.00713	0.00879
62	0.01262	0.00919	0.01180	0.03980	0.01576	0.00889	0.01018	0.01642	0.04214	0.04820	0.13772	0.11862	0.21294	0.01941	0.00991	0.00308	0.00581	0.26243	0.00749	0.00759
63	0.06360	0.01813	0.02000	0.04481	0.02283	0.01968	0.01330	0.34573	0.13231	0.12970	0.02810	0.02707	0.07778	0.01059	0.00795	0.00248	0.00756	0.00832	0.00783	0.01225
64	0.01006	0.00816	0.00891	0.00929	0.01162	0.00714	0.00717	0.01223	0.01769	0.02149	0.06987	0.10384	0.50936	0.05204	0.01106	0.00309	0.00476	0.11830	0.00724	0.00670
65	0.01860	0.01793	0.03098	0.18755	0.51481	0.01863	0.04868	0.02351	0.01761	0.02468	0.01479	0.02002	0.01211	0.00723	0.00793	0.00243	0.00982	0.00715	0.00384	0.01169
66	0.01236	0.00965	0.01430	0.07078	0.01805	0.00964	0.05924	0.04361	0.01660	0.02204	0.06051	0.39725	0.06553	0.07843	0.01325	0.03952	0.00644	0.04920	0.00646	0.00713
67	0.00986	0.00745	0.00911	0.00996	0.01133	0.00671	0.00699	0.01186	0.01736	0.02269	0.16811	0.40855	0.23752	0.02187	0.00976	0.00293	0.00427	0.01934	0.00761	0.00671
68	0.02962	0.03779	0.02247	0.02043	0.02451	0.68948	0.01532	0.03166	0.02247	0.01941	0.01226	0.01430	0.01021	0.00817	0.00715	0.00204	0.01430	0.00511	0.00409	0.00919
69	0.01872	0.02139	0.04679	0.03342	0.04144	0.02005	0.64305	0.02540	0.01872	0.02540	0.01604	0.02139	0.01203	0.00668	0.00936	0.00267	0.01337	0.00936	0.00401	0.01070
70	0.02799	0.02068	0.02225	0.01742	0.02316	0.02284	0.01418	0.56504	0.06025	0.04647	0.02096	0.05300	0.01636	0.04028	0.00941	0.00265	0.00839	0.00811	0.00778	0.01276
71	0.00966	0.00690	0.00920	0.01104	0.01150	0.00644	0.00736	0.01104	0.01518	0.02024	0.04371	0.71614	0.05245	0.02484	0.01012	0.00322	0.00460	0.02254	0.00736	0.00644
72	0.05286	0.09225	0.47764	0.02090	0.03052	0.01957	0.05237	0.05374	0.01767	0.02632	0.04410	0.01853	0.01324	0.00819	0.00817	0.00248	0.04005	0.00631	0.00393	0.01116
73	0.05287	0.01719	0.02977	0.37953	0.04465	0.01909	0.20358	0.08185	0.04566	0.02583	0.01576	0.02099	0.01176	0.00780	0.00822	0.00262	0.01084	0.00769	0.00434	0.00995
74	0.01149	0.00822	0.01155	0.01163	0.01277	0.00922	0.00863	0.01380	0.01285	0.01857	0.02313	0.06370	0.02286	0.17516	0.50466	0.01081	0.01709	0.00958	0.04764	0.00666
75	0.01191	0.00921	0.01238	0.01270	0.01430	0.00906	0.03753	0.04033	0.07045	0.02357	0.07741	0.51597	0.07454	0.02143	0.00977	0.00306	0.00531	0.03618	0.00736	0.00753
76	0.15262	0.38698	0.07340	0.01534	0.02145	0.19308	0.01418	0.02574	0.01730	0.02217	0.01155	0.01341	0.00990	0.00728	0.00573	0.00197	0.00975	0.00457	0.00382	0.00976
77	0.01746	0.01909	0.03994	0.17743	0.04282	0.01885	0.47682	0.02357	0.01792	0.02403	0.01699	0.05574	0.01372	0.00785	0.00909	0.00269	0.01233	0.00951	0.00407	0.01008
78	0.01118	0.00807	0.01056	0.01001	0.01184	0.00745	0.00748	0.01485	0.02224	0.03148	0.65016	0.07766	0.07419	0.01645	0.00937	0.00251	0.00377	0.01457	0.00869	0.00745
79	0.02229	0.15147	0.22638	0.02114	0.02868	0.20529	0.09682	0.07982	0.05037	0.02496	0.01462	0.01676	0.01132	0.00780	0.00730	0.00226	0.01157	0.00607	0.00425	0.01083
80	0.75006	0.01527	0.01190	0.01056	0.01552	0.01756	0.00870	0.02387	0.01383	0.05917	0.01179	0.01340	0.00899	0.00745	0.00502	0.00245	0.00616	0.00443	0.00509	0.00877
81	0.01377	0.00689	0.01033	0.01033	0.01033	0.00689	0.00689	0.01033	0.01033	0.01377	0.01377	0.02410	0.01377	0.02755	0.03099	0.76928	0.00689	0.00689	0.00344	0.00344
82	0.01897	0.02040	0.06145	0.06862	0.39563	0.01921	0.24754	0.02458	0.01816	0.02547	0.01526	0.02022	0.01220	0.00698	0.00839	0.00249	0.01098	0.00785	0.00392	0.01170
83	0.01959	0.20270	0.19853	0.01495	0.02157	0.01730	0.01559	0.02426	0.01911	0.14925	0.17146	0.03069	0.06220	0.01046	0.00751	0.00230	0.00768	0.00839	0.00605	0.01041
84	0.01122	0.00811	0.01060	0.00998	0.01185	0.00748	0.00748	0.01496	0.02245	0.03180	0.66766	0.05923	0.07482	0.01621	0.00935	0.00249	0.00374	0.01434	0.00873	0.00748
85	0.00972	0.00805	0.00855	0.00869	0.01116	0.00688	0.00658	0.01192	0.01828	0.02228	0.12085	0.10528	0.56001	0.02011	0.00949	0.00274	0.00421	0.05094	0.00746	0.00678
86	0.02130	0.09062	0.26482	0.05306	0.05289	0.19709	0.02051	0.05696	0.11955	0.02525	0.01651	0.01819	0.01259	0.00824	0.00736	0.00234	0.01100	0.00617	0.00452	0.01103
87	0.01590	0.04102	0.68023	0.02260	0.03432	0.01842	0.02930	0.02511	0.01674	0.02511	0.01423	0.01674	0.01005	0.00753	0.00753	0.00251	0.01172	0.00586	0.00335	0.01172
88	0.02032	0.01733	0.01826	0.01626	0.02085	0.02000	0.01270	0.07650	0.62220	0.03413	0.03152	0.02899	0.02360	0.01069	0.00806	0.00267	0.00642	0.00886	0.00806	0.01260
89	0.01838	0.35695	0.31476	0.01867	0.02747	0.02414	0.06318	0.02412	0.01680	0.02238	0.03741	0.01679	0.01268	0.00745	0.00659	0.00214	0.01003	0.00566	0.00362	0.01077
90	0.01523	0.03228	0.47569	0.02144	0.03040	0.01683	0.08057	0.02263	0.01682	0.02463	0.05275	0.10287	0.01877	0.01029	0.00899	0.00266	0.04369	0.00867	0.00418	0.01063
91	0.21761	0.01717	0.02388	0.06171	0.33233	0.01786	0.01765	0.06974	0.01882	0.12623	0.01659	0.01901	0.01256	0.00776	0.00712	0.00241	0.00818	0.00649	0.00531	0.01157
92	0.01265	0.00908	0.01259	0.01435	0.01621	0.00903	0.01252	0.01623	0.01825	0.02364	0.04347	0.08894	0.06981	0.02184	0.01089	0.00361	0.00717	0.59512	0.00730	0.00728
93	0.01942	0.01863	0.03181	0.07799	0.64416	0.01879	0.02423	0.02415	0.01796	0.02565	0.01488	0.01969	0.01247	0.00710	0.00785	0.00237	0.00947	0.00706	0.00391	0.01239
94	0.02080	0.01757	0.01854	0.01636	0.02103	0.02023	0.01281	0.10435	0.59356	0.03490	0.03091	0.02850	0.02310	0.01063	0.00805	0.00266	0.00653	0.00878	0.00805	0.01265
95	0.00991	0.00703	0.00920	0.01075	0.01122	0.00661	0.00710	0.01124	0.01508	0.02018	0.06521	0.62297	0.05085	0.09634	0.01321	0.00365	0.00489	0.02110	0.00715	0.00631
96	0.01761	0.01268	0.01458	0.01313	0.01664	0.01326	0.01024	0.07054	0.24191	0.09245	0.23511	0.07156	0.10311	0.01421	0.00878	0.00265	0.00546	0.03769	0.00830	0.01010
97	0.01722	0.06241	0.41443	0.02694	0.06330	0.01953	0.23310	0.02512	0.01743	0.02497	0.01473	0.01825	0.01082	0.00720	0.00805	0.00252	0.01203	0.00701	0.00360	0.01135
98	0.02120	0.72609	0.04155	0.01357	0.02035	0.03138	0.01357	0.02374	0.01611	0.01866	0.01102	0.01272	0.01018	0.00678	0.00509	0.00170	0.00848	0.00424	0.00339	0.01018
99	0.01909	0.02121	0.04469	0.03216	0.03968	0.02046	0.58515	0.04912	0.01908	0.02602	0.01586	0.02108	0.01200	0.00718	0.01020	0.00271	0.05035	0.00914	0.00413	0.01070
100	0.01203	0.03785	0.01407	0.01277	0.01420	0.01125	0.00993	0.01453	0.01274	0.01816	0.02067	0.03174	0.01985	0.11855	0.56840	0.01137	0.05207	0.00854	0.00423	0.00706
101	0.02098	0.68590	0.04057	0.01398	0.02038	0.03098	0.01378	0.02348	0.01589	0.01868	0.01099	0.01298	0.01019	0.00719	0.00628	0.00180	0.04808	0.00439	0.00340	0.01009
102	0.01000	0.00766	0.00906	0.00953	0.01116	0.00684	0.00676	0.01213	0.01787	0.02324	0.20555	0.28483	0.29364	0.05127	0.01097	0.00303	0.00431	0.01788	0.00758	0.00672
103	0.02023	0.01903	0.03171	0.04694	0.63498	0.01917	0.02381	0.05971	0.01915	0.02728	0.01515	0.01959	0.01261	0.00721	0.00786	0.00236	0.00938	0.00707	0.00415	0.01261
104	0.03328	0.01299	0.01767	0.01372	0.01945	0.01126	0.01126	0.03641	0.02267	0.61633	0.09143	0.03004	0.02485	0.01042	0.00810	0.00246	0.00646	0.00858	0.00971	0.01293
105	0.01976	0.01690	0.01779	0.01590	0.02039	0.01941	0.01240	0.06715	0.60468	0.03343	0.03364	0.03102	0.04979	0.01108	0.00812	0.00268	0.00629	0.00920	0.00803	0.01236
106	0.02319	0.01119	0.01486	0.01289	0.01682	0.01028	0.01037	0.02755	0.05783	0.33183	0.22318	0.08143	0.04134	0.01408	0.00888	0.00267	0.00578	0.08640	0.00895	0.01050
107	0.01842	0.02163	0.06639	0.06757	0.03699	0.06640	0.44272	0.02408	0.01790	0.02376	0.01656	0.05183	0.01366	0.00982	0.03052	0.00300	0.06544	0.00916	0.00408	0.01007
108	0.01872	0.02139	0.04679	0.03342	0.04144	0.02005	0.64305	0.02540	0.01872	0.02540	0.01604	0.02139	0.01203	0.00668	0.00936	0.00267	0.01337	0.00936	0.00401	0.01070
109	0.01096	0.00810	0.01024	0.00971	0.01169	0.00737	0.00728	0.01446	0.02184	0.03035	0.58568	0.06162	0.15771	0.01675	0.00936	0.00252	0.00378	0.01468	0.00854	0.00737
110	0.02962	0.03779	0.02247	0.02043	0.02451	0.68948	0.01532	0.03166	0.02247	0.01941	0.01226	0.01430	0.01021	0.00817	0.00715	0.00204	0.01430	0.00511	0.00409	0.00919
111	0.02120	0.01777	0.01876	0.01644	0.02118	0.02041	0.01291	0.12778	0.56947	0.03556	0.03040	0.02809	0.02268	0.01058	0.00805	0.00265	0.00662	0.00871	0.00805	0.01268
112	0.01972	0.01703	0.01793	0.01614	0.02062	0.01972	0.01255	0.04214	0.65752	0.03317	0.03228	0.02959	0.02421	0.01076	0.00807	0.00269	0.00628	0.00897	0.00807	0.01255
113	0.01243	0.00837	0.01099	0.01018	0.01226	0.00769	0.00769	0.01614	0.02246	0.06377	0.63615	0.05764	0.07209	0.01589	0.00928	0.00249	0.00389	0.01403	0.00878	0.00778
114	0.06270	0.01465	0.04717	0.01442	0.02016	0.01255	0.01231	0.05291	0.04947	0.50464	0.03056	0.06348	0.02185	0.01107	0.00810	0.00257	0.00691	0.04308	0.00892	0.01247
115	0.01003	0.00736	0.00985	0.01137	0.01188	0.00718	0.00775	0.01153	0.01539	0.02072	0.07040	0.65956	0.05182	0.02403	0.01070	0.00320	0.03181	0.02157	0.00727	0.00657
116	0.03011	0.02331	0.02370	0.01840	0.02459	0.07142	0.01509	0.60218	0.03624	0.04782	0.01856	0.01870	0.01326	0.00942	0.00788	0.00236	0.00912	0.00700	0.00766	0.01318
117	0.06130	0.01700	0.02125	0.02189	0.14693	0.01791	0.01472	0.11168	0.25666	0.20584	0.02600	0.02486	0.01866	0.00948	0.00783	0.00251	0.00731	0.00788	0.00756	0.01273
118	0.01401	0.05200	0.01699	0.01517	0.01771	0.03873	0.06649	0.01889	0.08114	0.02350	0.06289	0.28433	0.04068	0.01881	0.00969	0.00310	0.00700	0.21398	0.00682	0.00808
119	0.01377	0.00689	0.01033	0.01033	0.01033	0.00689	0.00689	0.01033	0.01033	0.01377	0.01377	0.02410	0.01377	0.02755	0.03099	0.76928	0.00689	0.00689	0.00344	0.00344
120	0.00961	0.00811	0.00837	0.00850	0.01111	0.00687	0.00650	0.01174	0.01809	0.02158	0.07763	0.07724	0.62475	0.02021	0.00948	0.00275	0.00425	0.05911	0.00736	0.00674
121	0.09355	0.47994	0.10379	0.01529	0.02201	0.12994	0.01504	0.02507	0.01691	0.02106	0.01156	0.01341	0.01002	0.00713	0.00565	0.00191	0.00950	0.00455	0.00364	0.01004
122	0.03171	0.01329	0.01759	0.01389	0.01945	0.01198	0.01132	0.03662	0.08087	0.55432	0.09443	0.03042	0.02552	0.01054	0.00812	0.00248	0.00641	0.00870	0.00955	0.01281
123	0.00963	0.00701	0.00909	0.01075	0.01142	0.00647	0.00723	0.01107	0.01547	0.02036	0.04731	0.65315	0.11311	0.02437	0.01005	0.00317	0.00454	0.02197	0.00736	0.00647
124	0.01876	0.02126	0.04607	0.03418	0.07267	0.01999	0.61241	0.02535	0.01868	0.02543	0.01599	0.02130	0.01206	0.00670	0.00928	0.00266	0.01317	0.00924	0.00401	0.01079
125	0.01517	0.01429	0.02413	0.67528	0.08009	0.01767	0.02212	0.02043	0.01595	0.02049	0.01413	0.02108	0.01065	0.00789	0.00792	0.00263	0.01052	0.00705	0.00354	0.00896
126	0.01963	0.01884	0.03219	0.04867	0.67185	0.01884	0.02434	0.02434	0.01806	0.02591	0.01492	0.01963	0.01256	0.00707	0.00785	0.00236	0.00942	0.00707	0.00393	0.01256
127	0.03421	0.01415	0.01862	0.01444	0.02047	0.01282	0.01188	0.06688	0.06808	0.60304	0.03079	0.02681	0.01967	0.00987	0.00798	0.00247	0.00681	0.00801	0.00960	0.01343
128	0.01985	0.49009	0.23864	0.01660	0.02482	0.05021	0.01850	0.02444	0.01653	0.02068	0.01206	0.01402	0.01014	0.00706	0.00592	0.00196	0.00969	0.00477	0.00340	0.01062
129	0.01613	0.06990	0.65330	0.02222	0.03373	0.01896	0.02864	0.02506	0.01672	0.02484	0.01410	0.01657	0.01005	0.00750	0.00743	0.00248	0.01158	0.00579	0.00335	0.01165
130	0.01641	0.10645	0.61923	0.02174	0.03299	0.01965	0.02780	0.02498	0.01668	0.02450	0.01392	0.01636	0.01006	0.00746	0.00730	0.00243	0.01141	0.00571	0.00335	0.01157
131	0.02322	0.01760	0.01911	0.01638	0.02133	0.01973	0.01305	0.17676	0.43891	0.09355	0.02955	0.02912	0.02215	0.01079	0.00813	0.00263	0.00691	0.03024	0.00817	0.01266
132	0.01344	0.00894	0.01173	0.05091	0.01549	0.00886	0.00899	0.03990	0.04539	0.07662	0.03883	0.53700	0.04369	0.04698	0.01075	0.00323	0.00547	0.01884	0.00731	0.00765
133	0.01103	0.00803	0.01037	0.00993	0.01176	0.00738	0.00739	0.01454	0.02179	0.03055	0.59883	0.09746	0.10737	0.01692	0.00940	0.00255	0.00381	0.01494	0.00857	0.00738
134	0.00966	0.00690	0.00920	0.01104	0.01150	0.00644	0.00736	0.01104	0.01518	0.02024	0.04371	0.71614	0.05245	0.02484	0.01012	0.00322	0.00460	0.02254	0.00736	0.00644
135	0.01846	0.02064	0.04260	0.03108	0.03761	0.02084	0.52660	0.02423	0.01749	0.02423	0.01499	0.02064	0.01173	0.00802	0.01246	0.00282	0.14243	0.00891	0.00391	0.01032
136	0.01909	0.01811	0.02981	0.12193	0.53585	0.01878	0.02291	0.02560	0.08045	0.02596	0.01652	0.02078	0.01347	0.00753	0.00788	0.00242	0.00925	0.00725	0.00428	0.01212
137	0.01053	0.00765	0.01012	0.01178	0.01284	0.00724	0.00879	0.01262	0.01634	0.02135	0.04668	0.47581	0.10886	0.02355	0.01029	0.00329	0.00532	0.19289	0.00734	0.00671
138	0.02072	0.01843	0.01844	0.01647	0.02101	0.05791	0.01281	0.06698	0.59536	0.03310	0.03058	0.02827	0.02296	0.01056	0.00801	0.00264	0.00683	0.00867	0.00784	0.01240
139	0.02732	0.01924	0.02109	0.04860	0.05164	0.07112	0.01414	0.28143	0.11208	0.17882	0.07239	0.02501	0.02054	0.00998	0.00800	0.00243	0.00813	0.00795	0.00775	0.01232
140	0.02128	0.55809	0.13268	0.01543	0.02280	0.05627	0.01601	0.05952	0.01767	0.02140	0.01200	0.01373	0.01035	0.00711	0.00569	0.00187	0.00921	0.00468	0.00367	0.01055
141	0.01360	0.00689	0.01028	0.01036	0.01038	0.00687	0.00691	0.01036	0.01053	0.01404	0.01501	0.05267	0.01537	0.02744	0.03013	0.73767	0.00679	0.00753	0.00361	0.00357
142	0.01872	0.02139	0.04679	0.03342	0.04144	0.02005	0.64305	0.02540	0.01872	0.02540	0.01604	0.02139	0.01203	0.00668	0.00936	0.00267	0.01337	0.00936	0.00401	0.01070
143	0.02927	0.06681	0.02328	0.02014	0.02434	0.66174	0.01525	0.03133	0.02220	0.01938	0.01221	0.01423	0.01021	0.00811	0.00706	0.00203	0.01405	0.00507	0.00406	0.00923
