[name]
unknown

[dist]
# distance from previous block
# <min> <max>
0	2

[block]
# block no. 0 follows, 25 sequences, length 6
# corresponding to MSA columns:
# 2-7
name=unknown_A
#
# <colnr> <probs for GDERKNQSTAVLIFYWHMCP>
#	G	D	E	R	K	N	Q	S	T	A	V	L	I	F	Y	W	H	M	C	P
0	0.01762	0.01152	0.01468	0.01398	0.01763	0.01107	0.01176	0.02379	0.11400	0.13021	0.03366	0.05777	0.03223	0.01544	0.00904	0.00286	0.00668	0.33837	0.00724	0.13043
1	0.01910	0.01369	0.01639	0.01186	0.01860	0.01051	0.00954	0.02247	0.01707	0.13177	0.01650	0.01774	0.01273	0.00636	0.00607	0.00135	0.00588	0.00511	0.00540	0.65184
2	0.02067	0.01488	0.01722	0.01327	0.01894	0.01368	0.01063	0.19640	0.02278	0.09604	0.07862	0.07431	0.02125	0.00941	0.00712	0.00186	0.00632	0.00772	0.00651	0.36240
3	0.22615	0.02195	0.01976	0.02013	0.12170	0.19907	0.01376	0.13732	0.02156	0.07103	0.06390	0.01928	0.01577	0.00853	0.00686	0.00227	0.00894	0.00628	0.00553	0.01022
4	0.01871	0.01794	0.03061	0.11687	0.61358	0.01830	0.02356	0.02338	0.01743	0.02475	0.01450	0.01935	0.01208	0.00700	0.00768	0.00233	0.00933	0.00691	0.00380	0.01190
5	0.01461	0.01281	0.02088	0.60509	0.04684	0.01575	0.01915	0.01955	0.01562	0.02116	0.01548	0.02189	0.01175	0.00794	0.00741	0.00247	0.00934	0.00694	0.11691	0.00841

[dist]
# distance from previous block
# <min> <max>
4	7

[block]
# block no. 1 follows, 25 sequences, length 33
# corresponding to MSA columns:
# 15-47
name=unknown_B
#
# <colnr> <probs for GDERKNQSTAVLIFYWHMCP>
#	G	D	E	R	K	N	Q	S	T	A	V	L	I	F	Y	W	H	M	C	P
0	0.02192	0.01742	0.06245	0.01636	0.02213	0.01623	0.05766	0.11548	0.23023	0.14443	0.04861	0.02753	0.02068	0.00968	0.00776	0.00235	0.00726	0.03629	0.00708	0.12845
1	0.00972	0.00695	0.00928	0.01084	0.01148	0.00651	0.00743	0.01139	0.01567	0.02105	0.10534	0.63051	0.05318	0.02334	0.00986	0.00310	0.00452	0.04608	0.00733	0.00643
2	0.01791	0.02738	0.26736	0.03167	0.24668	0.06814	0.13708	0.02407	0.01748	0.02418	0.01591	0.05713	0.01330	0.00805	0.00790	0.00244	0.01081	0.00759	0.00385	0.01108
3	0.00958	0.00685	0.00912	0.01071	0.01128	0.00639	0.00721	0.01113	0.01546	0.02077	0.09741	0.66499	0.05317	0.02356	0.00983	0.00309	0.00443	0.02135	0.00731	0.00639
4	0.12593	0.06198	0.19273	0.01602	0.02264	0.01579	0.04339	0.05593	0.05489	0.19463	0.08735	0.05502	0.02132	0.00971	0.00741	0.00243	0.00783	0.00790	0.00629	0.01082
5	0.01445	0.00723	0.00723	0.00723	0.00903	0.00723	0.00542	0.01807	0.01626	0.02891	0.02529	0.02891	0.01987	0.00903	0.00542	0.00181	0.00361	0.00723	0.77055	0.00723
6	0.01555	0.04011	0.68733	0.02210	0.03356	0.01801	0.02865	0.02455	0.01637	0.02455	0.01391	0.01637	0.00982	0.00737	0.00737	0.00246	0.01146	0.00573	0.00327	0.01146
7	0.01347	0.00673	0.01010	0.01010	0.01010	0.00673	0.00673	0.01010	0.01010	0.01347	0.01347	0.02357	0.01347	0.02694	0.03030	0.77441	0.00673	0.00673	0.00337	0.00337
8	0.55813	0.01602	0.01433	0.01201	0.01721	0.01792	0.00990	0.13990	0.01849	0.11245	0.01451	0.01529	0.01052	0.00786	0.00569	0.00239	0.00653	0.00512	0.00589	0.00983
9	0.02548	0.01914	0.02069	0.01642	0.02187	0.02086	0.01327	0.47794	0.10437	0.04241	0.02173	0.07275	0.01751	0.02994	0.00867	0.00249	0.00775	0.00827	0.00744	0.06102
10	0.01445	0.00723	0.00723	0.00723	0.00903	0.00723	0.00542	0.01807	0.01626	0.02891	0.02529	0.02891	0.01987	0.00903	0.00542	0.00181	0.00361	0.00723	0.77055	0.00723
11	0.08434	0.02096	0.06981	0.03205	0.11473	0.01920	0.49218	0.02452	0.01770	0.02574	0.01505	0.01978	0.01145	0.00668	0.00852	0.00255	0.01192	0.00830	0.00396	0.01054
12	0.01697	0.06333	0.62126	0.02125	0.03219	0.01804	0.02699	0.02535	0.01672	0.06650	0.01487	0.01687	0.01043	0.00748	0.00731	0.00242	0.01103	0.00580	0.00368	0.01152
13	0.02302	0.01778	0.01927	0.01607	0.02089	0.01978	0.01290	0.34077	0.25124	0.03957	0.07377	0.06016	0.02419	0.01135	0.00811	0.00252	0.00710	0.03180	0.00781	0.01189
14	0.01210	0.00823	0.00944	0.00919	0.00958	0.00844	0.00553	0.04111	0.01253	0.01682	0.02389	0.04775	0.02684	0.64466	0.08679	0.00764	0.00855	0.01086	0.00480	0.00526
15	0.11377	0.12355	0.02399	0.01758	0.04441	0.06010	0.01415	0.25990	0.10051	0.03366	0.01629	0.01775	0.01273	0.00932	0.00970	0.00242	0.11704	0.00631	0.00576	0.01105
16	0.10769	0.06415	0.07799	0.35709	0.04189	0.01878	0.18045	0.02202	0.01602	0.02313	0.01373	0.01892	0.01041	0.00727	0.00755	0.00250	0.01047	0.00688	0.00371	0.00936
17	0.01215	0.00878	0.01201	0.01351	0.01536	0.00864	0.01167	0.01561	0.01810	0.02355	0.08483	0.08460	0.09333	0.02093	0.01049	0.00343	0.00668	0.54200	0.00723	0.00711
18	0.01663	0.07965	0.47162	0.02440	0.03456	0.01926	0.19634	0.02454	0.01685	0.02422	0.01419	0.01735	0.01036	0.00709	0.00770	0.00245	0.01169	0.00655	0.00345	0.01109
19	0.02301	0.11880	0.24562	0.02003	0.04577	0.29252	0.01923	0.02762	0.01908	0.07050	0.01504	0.01844	0.01199	0.00821	0.00709	0.00221	0.01150	0.02887	0.00420	0.01027
20	0.01127	0.00755	0.00864	0.00864	0.00870	0.00762	0.00493	0.01139	0.01133	0.01517	0.02426	0.04981	0.02779	0.69683	0.06959	0.00774	0.00812	0.01114	0.00467	0.00480
21	0.01445	0.00723	0.00723	0.00723	0.00903	0.00723	0.00542	0.01807	0.01626	0.02891	0.02529	0.02891	0.01987	0.00903	0.00542	0.00181	0.00361	0.00723	0.77055	0.00723
22	0.01813	0.04294	0.12730	0.08069	0.31105	0.01905	0.23861	0.02398	0.01750	0.02449	0.01470	0.01929	0.01157	0.00689	0.00806	0.00243	0.01089	0.00743	0.00375	0.01124
23	0.01696	0.01696	0.02375	0.02036	0.02036	0.02375	0.01696	0.01866	0.01187	0.01866	0.01018	0.01696	0.01018	0.01357	0.02545	0.00339	0.71332	0.00679	0.00339	0.00848
24	0.01785	0.00945	0.01257	0.01092	0.01395	0.00849	0.00849	0.02132	0.02202	0.21972	0.48901	0.04882	0.05758	0.01405	0.00876	0.00243	0.00451	0.01223	0.00884	0.00901
25	0.06498	0.09562	0.59077	0.02061	0.03124	0.01901	0.02608	0.02433	0.01612	0.02469	0.01346	0.01580	0.00974	0.00730	0.00701	0.00239	0.01085	0.00550	0.00337	0.01114
26	0.19252	0.04483	0.19944	0.02120	0.10694	0.01780	0.06891	0.07621	0.04212	0.10618	0.04125	0.01949	0.01423	0.00803	0.00707	0.00240	0.00869	0.00653	0.00521	0.01096
27	0.01696	0.01696	0.02375	0.02036	0.02036	0.02375	0.01696	0.01866	0.01187	0.01866	0.01018	0.01696	0.01018	0.01357	0.02545	0.00339	0.71332	0.00679	0.00339	0.00848
28	0.01016	0.00766	0.01042	0.01151	0.01221	0.00792	0.00815	0.01183	0.01435	0.01944	0.03834	0.52356	0.07051	0.02991	0.14092	0.00490	0.04689	0.01834	0.00641	0.00655
29	0.04220	0.04935	0.06602	0.05463	0.16054	0.15217	0.03965	0.07722	0.16138	0.02729	0.01826	0.02006	0.01424	0.00819	0.00727	0.00226	0.00924	0.00668	0.03887	0.04449
30	0.04631	0.07221	0.04663	0.01348	0.01885	0.01427	0.01147	0.06930	0.09724	0.27988	0.07199	0.06414	0.02274	0.01010	0.00735	0.00225	0.00643	0.00824	0.04275	0.09438
31	0.01423	0.01263	0.07105	0.01438	0.04495	0.01069	0.01112	0.05352	0.08635	0.06227	0.09521	0.36455	0.06951	0.01785	0.00906	0.00283	0.00582	0.03835	0.00707	0.00855
32	0.02278	0.09496	0.15462	0.01983	0.02641	0.16942	0.10798	0.11450	0.05748	0.08008	0.06279	0.02085	0.01658	0.00853	0.00755	0.00229	0.01031	0.00700	0.00529	0.01076

[dist]
# distance from previous block
# <min> <max>
3	10

[block]
# block no. 2 follows, 25 sequences, length 56
# corresponding to MSA columns:
# 58-70,72-114
name=unknown_C
#
# <colnr> <probs for GDERKNQSTAVLIFYWHMCP>
#	G	D	E	R	K	N	Q	S	T	A	V	L	I	F	Y	W	H	M	C	P
0	0.09580	0.05339	0.36746	0.01756	0.02562	0.01668	0.01980	0.08005	0.01844	0.10292	0.04785	0.05407	0.01671	0.04014	0.00870	0.00265	0.00912	0.00726	0.00504	0.01072
1	0.25722	0.13553	0.30977	0.01596	0.02381	0.01887	0.01800	0.02377	0.01584	0.05413	0.05127	0.01739	0.01343	0.00778	0.00631	0.00231	0.00861	0.00557	0.00432	0.01010
2	0.01484	0.06207	0.53458	0.01948	0.02889	0.01648	0.02403	0.02249	0.01710	0.02507	0.11204	0.05056	0.02079	0.00926	0.00763	0.00245	0.00991	0.00754	0.00421	0.01058
3	0.01576	0.01532	0.02500	0.30966	0.09591	0.01890	0.07116	0.01960	0.01459	0.02028	0.01430	0.04784	0.01261	0.01230	0.04332	0.00327	0.23989	0.00771	0.00368	0.00890
4	0.02695	0.02676	0.02125	0.01809	0.02282	0.31269	0.01423	0.28292	0.07665	0.03285	0.04764	0.02198	0.01662	0.00962	0.00762	0.00226	0.01042	0.03168	0.00615	0.01079
5	0.01445	0.00723	0.00723	0.00723	0.00903	0.00723	0.00542	0.01807	0.01626	0.02891	0.02529	0.02891	0.01987	0.00903	0.00542	0.00181	0.00361	0.00723	0.77055	0.00723
6	0.01018	0.00770	0.01095	0.01175	0.01278	0.00711	0.03661	0.01181	0.01494	0.02009	0.03974	0.64035	0.04713	0.04518	0.01064	0.00318	0.00504	0.02040	0.00686	0.03756
7	0.01347	0.00673	0.01010	0.01010	0.01010	0.00673	0.00673	0.01010	0.01010	0.01347	0.01347	0.02357	0.01347	0.02694	0.03030	0.77441	0.00673	0.00673	0.00337	0.00337
8	0.01571	0.01518	0.02662	0.54102	0.15319	0.01763	0.07884	0.02091	0.01610	0.02116	0.01408	0.02045	0.01078	0.00751	0.00787	0.00254	0.01040	0.00710	0.00355	0.00937
9	0.01953	0.57135	0.19091	0.01532	0.02307	0.02773	0.01684	0.02353	0.01590	0.01971	0.01151	0.01335	0.00992	0.00680	0.00553	0.00184	0.00903	0.00451	0.00331	0.01030
10	0.01445	0.00723	0.00723	0.00723	0.00903	0.00723	0.00542	0.01807	0.01626	0.02891	0.02529	0.02891	0.01987	0.00903	0.00542	0.00181	0.00361	0.00723	0.77055	0.00723
11	0.78228	0.01499	0.01140	0.01020	0.01499	0.01739	0.00840	0.02279	0.01320	0.03479	0.01080	0.01260	0.00840	0.00720	0.00480	0.00240	0.00600	0.00420	0.00480	0.00840
12	0.01128	0.00752	0.00846	0.00846	0.00846	0.00752	0.00470	0.01128	0.01128	0.01503	0.02443	0.05074	0.02819	0.72751	0.03946	0.00752	0.00752	0.01128	0.00470	0.00470
13	0.01401	0.00730	0.00745	0.00745	0.00929	0.00727	0.00560	0.01750	0.01621	0.02804	0.02835	0.03172	0.05944	0.01141	0.03014	0.00223	0.00424	0.00782	0.69735	0.00717
14	0.02991	0.02101	0.02283	0.01751	0.02369	0.02300	0.01446	0.60244	0.03528	0.10137	0.01960	0.01926	0.01368	0.00933	0.00776	0.00233	0.00837	0.00705	0.00791	0.01319
15	0.01190	0.00861	0.01101	0.01046	0.01239	0.00820	0.00788	0.05029	0.02187	0.03063	0.55022	0.12822	0.06653	0.01656	0.00920	0.00254	0.00413	0.03350	0.00830	0.00753
16	0.01686	0.21434	0.52452	0.01988	0.03012	0.02120	0.02478	0.02422	0.01622	0.02297	0.01313	0.01538	0.00985	0.00718	0.00676	0.00225	0.01066	0.00533	0.00328	0.01108
17	0.42710	0.01681	0.01402	0.01230	0.01664	0.07834	0.00981	0.14338	0.01892	0.03422	0.01653	0.07443	0.01418	0.00928	0.00605	0.00235	0.00684	0.00659	0.08313	0.00908
18	0.01878	0.10673	0.01961	0.01307	0.01804	0.04090	0.01066	0.10656	0.01955	0.05561	0.11008	0.02490	0.02177	0.06096	0.01018	0.00224	0.04932	0.00699	0.00556	0.29849
19	0.20831	0.06939	0.33213	0.01651	0.02437	0.01718	0.01856	0.02505	0.04729	0.08271	0.07393	0.02032	0.01654	0.00837	0.00680	0.00240	0.00856	0.00631	0.00487	0.01042
20	0.01555	0.04011	0.68733	0.02210	0.03356	0.01801	0.02865	0.02455	0.01637	0.02455	0.01391	0.01637	0.00982	0.00737	0.00737	0.00246	0.01146	0.00573	0.00327	0.01146
21	0.00980	0.00694	0.00910	0.01069	0.01115	0.00656	0.00716	0.01110	0.01457	0.01940	0.04052	0.61401	0.04827	0.10609	0.01338	0.00368	0.00498	0.04952	0.00690	0.00615
22	0.01371	0.01248	0.02106	0.35630	0.10148	0.01390	0.06462	0.01775	0.01605	0.02128	0.05372	0.22480	0.02543	0.01273	0.00854	0.00271	0.00843	0.01177	0.00485	0.00839
23	0.01464	0.01378	0.02326	0.70887	0.05340	0.01723	0.02153	0.01981	0.01550	0.01981	0.01378	0.02067	0.01034	0.00775	0.00775	0.00258	0.01034	0.00689	0.00345	0.00861
24	0.01696	0.01696	0.02375	0.02036	0.02036	0.02375	0.01696	0.01866	0.01187	0.01866	0.01018	0.01696	0.01018	0.01357	0.02545	0.00339	0.71332	0.00679	0.00339	0.00848
25	0.01045	0.00760	0.00994	0.01078	0.01210	0.00710	0.00802	0.01299	0.01796	0.02424	0.25674	0.33848	0.11069	0.02059	0.00972	0.00294	0.00461	0.12060	0.00763	0.00680
26	0.01089	0.00758	0.00961	0.00994	0.01038	0.00787	0.00647	0.01186	0.01224	0.01668	0.02681	0.16800	0.03009	0.42289	0.20717	0.00802	0.01046	0.01246	0.00501	0.00558
27	0.01128	0.00752	0.00846	0.00846	0.00846	0.00752	0.00470	0.01128	0.01128	0.01503	0.02443	0.05074	0.02819	0.72751	0.03946	0.00752	0.00752	0.01128	0.00470	0.00470
28	0.01696	0.01696	0.02375	0.02036	0.02036	0.02375	0.01696	0.01866	0.01187	0.01866	0.01018	0.01696	0.01018	0.01357	0.02545	0.00339	0.71332	0.00679	0.00339	0.00848
29	0.01445	0.00723	0.00723	0.00723	0.00903	0.00723	0.00542	0.01807	0.01626	0.02891	0.02529	0.02891	0.01987	0.00903	0.00542	0.00181	0.00361	0.00723	0.77055	0.00723
30	0.01109	0.00826	0.01224	0.01224	0.01354	0.00957	0.00941	0.01370	0.01239	0.01783	0.02097	0.03160	0.01988	0.09591	0.65970	0.01218	0.02002	0.00847	0.00418	0.00680
31	0.01696	0.01696	0.02375	0.02036	0.02036	0.02375	0.01696	0.01866	0.01187	0.01866	0.01018	0.01696	0.01018	0.01357	0.02545	0.00339	0.71332	0.00679	0.00339	0.00848
32	0.02010	0.01584	0.01702	0.01514	0.01957	0.01784	0.01183	0.03916	0.56963	0.09076	0.03418	0.03133	0.06088	0.01096	0.00795	0.00261	0.00605	0.00912	0.00800	0.01203
33	0.01919	0.01842	0.03147	0.04759	0.67914	0.01842	0.02380	0.02380	0.01765	0.02533	0.01458	0.01919	0.01228	0.00691	0.00768	0.00230	0.00921	0.00691	0.00384	0.01228
34	0.00945	0.00675	0.00900	0.01080	0.01125	0.00630	0.00720	0.01080	0.01484	0.01979	0.04274	0.72245	0.05128	0.02429	0.00990	0.00315	0.00450	0.02204	0.00720	0.00630
35	0.01919	0.01842	0.03147	0.04759	0.67914	0.01842	0.02380	0.02380	0.01765	0.02533	0.01458	0.01919	0.01228	0.00691	0.00768	0.00230	0.00921	0.00691	0.00384	0.01228
36	0.01897	0.02096	0.04440	0.03178	0.03953	0.01988	0.61259	0.06275	0.01940	0.02629	0.01586	0.02078	0.01185	0.00670	0.00907	0.00260	0.01280	0.00902	0.00415	0.01062
37	0.01176	0.00698	0.00985	0.01070	0.01104	0.00681	0.00738	0.01099	0.01270	0.01687	0.02770	0.29644	0.03145	0.05402	0.02103	0.37562	0.00596	0.07257	0.00524	0.00490
38	0.78228	0.01499	0.01140	0.01020	0.01499	0.01739	0.00840	0.02279	0.01320	0.03479	0.01080	0.01260	0.00840	0.00720	0.00480	0.00240	0.00600	0.00420	0.00480	0.00840
39	0.01596	0.01813	0.06271	0.02674	0.03287	0.01619	0.46357	0.02129	0.01735	0.02356	0.02242	0.19725	0.02163	0.01104	0.00927	0.00274	0.01085	0.01225	0.00472	0.00945
40	0.05697	0.02018	0.07039	0.02396	0.03084	0.04832	0.32298	0.05835	0.01991	0.21626	0.01946	0.02132	0.01359	0.00792	0.00883	0.00252	0.03326	0.00798	0.00573	0.01121
41	0.01157	0.00819	0.01041	0.01005	0.01214	0.00749	0.00776	0.01492	0.02079	0.04889	0.48605	0.06294	0.17003	0.01689	0.00927	0.00259	0.00417	0.08032	0.00819	0.00735
42	0.00945	0.00675	0.00900	0.01080	0.01125	0.00630	0.00720	0.01080	0.01484	0.01979	0.04274	0.72245	0.05128	0.02429	0.00990	0.00315	0.00450	0.02204	0.00720	0.00630
43	0.02114	0.21111	0.09732	0.02908	0.25745	0.08534	0.07444	0.09004	0.01944	0.02520	0.01379	0.01674	0.01126	0.00720	0.00701	0.00215	0.00990	0.00609	0.00408	0.01122
44	0.17991	0.01566	0.01785	0.01411	0.01982	0.01587	0.01161	0.17303	0.06070	0.37644	0.02406	0.02208	0.01598	0.00911	0.00720	0.00240	0.00689	0.00696	0.00814	0.01220
45	0.01792	0.01950	0.03787	0.02959	0.07089	0.02087	0.41157	0.02280	0.01620	0.02289	0.01386	0.01955	0.01129	0.00881	0.01429	0.00285	0.23732	0.00826	0.00375	0.00993
46	0.01709	0.01438	0.01662	0.01196	0.01880	0.01137	0.00961	0.06735	0.01762	0.02705	0.01415	0.01627	0.01161	0.00601	0.00589	0.00124	0.00595	0.00477	0.00483	0.71742
47	0.05086	0.29325	0.31724	0.02020	0.08647	0.02222	0.02065	0.02342	0.01621	0.02264	0.01424	0.01910	0.01204	0.00785	0.00659	0.00221	0.00958	0.04101	0.00363	0.01059
48	0.01021	0.00756	0.00970	0.01104	0.01231	0.00705	0.00827	0.01233	0.01643	0.02129	0.07239	0.40786	0.17653	0.02232	0.00993	0.00312	0.00502	0.17282	0.00723	0.00660
49	0.73978	0.01623	0.01199	0.01075	0.01550	0.05569	0.00877	0.02325	0.01369	0.03390	0.01086	0.01267	0.00849	0.00724	0.00492	0.00238	0.00645	0.00424	0.00475	0.00843
50	0.04761	0.05308	0.02154	0.05982	0.06051	0.06633	0.01423	0.21129	0.26655	0.08366	0.02280	0.02244	0.01683	0.00927	0.00753	0.00241	0.00791	0.00735	0.00691	0.01193
51	0.01445	0.00723	0.00723	0.00723	0.00903	0.00723	0.00542	0.01807	0.01626	0.02891	0.02529	0.02891	0.01987	0.00903	0.00542	0.00181	0.00361	0.00723	0.77055	0.00723
52	0.02783	0.01998	0.02166	0.01708	0.02290	0.02203	0.01396	0.47707	0.16405	0.09801	0.02226	0.02137	0.01583	0.00958	0.00779	0.00239	0.00788	0.00741	0.00794	0.01300
53	0.00966	0.00773	0.00863	0.00872	0.01085	0.00671	0.00642	0.01197	0.01838	0.02335	0.22398	0.15465	0.44308	0.01929	0.00925	0.00264	0.00393	0.01651	0.00754	0.00671
54	0.51818	0.07962	0.01593	0.01154	0.01683	0.01744	0.00973	0.04654	0.01623	0.18242	0.01558	0.01593	0.01116	0.00776	0.00560	0.00233	0.00642	0.00511	0.00586	0.00979
55	0.01205	0.03072	0.01276	0.01200	0.01349	0.01027	0.00898	0.03606	0.01483	0.02057	0.03156	0.30661	0.06794	0.05927	0.20833	0.00578	0.06559	0.01387	0.03039	0.03892

[dist]
# distance from previous block
# <min> <max>
0	1

[block]
# block no. 3 follows, 25 sequences, length 21
# corresponding to MSA columns:
# 116-136
name=unknown_D
#
# <colnr> <probs for GDERKNQSTAVLIFYWHMCP>
#	G	D	E	R	K	N	Q	S	T	A	V	L	I	F	Y	W	H	M	C	P
0	0.05951	0.03458	0.02167	0.01937	0.02361	0.60339	0.01469	0.09125	0.02303	0.02253	0.01258	0.01438	0.01023	0.00809	0.00698	0.00205	0.01313	0.00516	0.00439	0.00937
1	0.01462	0.01314	0.02169	0.64052	0.04908	0.01625	0.01996	0.01964	0.01558	0.02070	0.01490	0.02147	0.01127	0.00788	0.00752	0.00251	0.00968	0.00692	0.07817	0.00848
2	0.02896	0.03695	0.02197	0.01998	0.02397	0.69638	0.01498	0.03096	0.02197	0.01898	0.01199	0.01398	0.00999	0.00799	0.00699	0.00200	0.01398	0.00499	0.00400	0.00899
3	0.01023	0.00889	0.01029	0.01182	0.07567	0.00774	0.00771	0.01254	0.01789	0.02190	0.10324	0.06835	0.58008	0.01820	0.00902	0.00258	0.00443	0.01532	0.00694	0.00714
4	0.00994	0.00783	0.00897	0.00879	0.01098	0.00686	0.00655	0.01259	0.01934	0.02517	0.32839	0.09809	0.39236	0.01826	0.00919	0.00257	0.00384	0.01564	0.00776	0.00686
5	0.01608	0.01378	0.01608	0.01148	0.01837	0.01034	0.00919	0.01952	0.01608	0.02527	0.01378	0.01608	0.01148	0.00574	0.00574	0.00115	0.00574	0.00459	0.00459	0.77491
6	0.01715	0.25400	0.48746	0.01937	0.02934	0.02192	0.02389	0.02414	0.01618	0.02260	0.01295	0.01515	0.00986	0.00714	0.00663	0.00221	0.01048	0.00524	0.00329	0.01099
7	0.00996	0.00819	0.00881	0.00878	0.01117	0.00725	0.00653	0.01308	0.04890	0.02300	0.16756	0.12460	0.49685	0.01900	0.00916	0.00264	0.00404	0.01611	0.00744	0.00692
8	0.01779	0.01595	0.02263	0.01693	0.02328	0.01441	0.14194	0.07908	0.10300	0.02791	0.01846	0.05662	0.01540	0.00783	0.00712	0.00185	0.00748	0.00722	0.00530	0.40979
9	0.01934	0.54704	0.21363	0.01563	0.02355	0.02729	0.01738	0.02358	0.01592	0.01993	0.01162	0.01349	0.00992	0.00683	0.00561	0.00187	0.00914	0.00457	0.00331	0.01035
10	0.02851	0.03400	0.02265	0.02117	0.05889	0.57327	0.01542	0.11109	0.02362	0.02318	0.01298	0.01486	0.01052	0.00810	0.00713	0.00206	0.01302	0.00535	0.00447	0.00971
11	0.01128	0.00752	0.00846	0.00846	0.00846	0.00752	0.00470	0.01128	0.01128	0.01503	0.02443	0.05074	0.02819	0.72751	0.03946	0.00752	0.00752	0.01128	0.00470	0.00470
12	0.01151	0.00843	0.01013	0.01018	0.01215	0.00791	0.00744	0.01548	0.07020	0.04721	0.25798	0.25535	0.21954	0.01870	0.00923	0.00271	0.00427	0.01638	0.00777	0.00741
13	0.01445	0.00723	0.00723	0.00723	0.00903	0.00723	0.00542	0.01807	0.01626	0.02891	0.02529	0.02891	0.01987	0.00903	0.00542	0.00181	0.00361	0.00723	0.77055	0.00723
14	0.01151	0.01006	0.01758	0.01591	0.01808	0.00941	0.15753	0.01407	0.01565	0.02097	0.03642	0.55863	0.04205	0.02015	0.00972	0.00302	0.00650	0.01903	0.00643	0.00727
15	0.01347	0.00673	0.01010	0.01010	0.01010	0.00673	0.00673	0.01010	0.01010	0.01347	0.01347	0.02357	0.01347	0.02694	0.03030	0.77441	0.00673	0.00673	0.00337	0.00337
16	0.01752	0.12764	0.54044	0.02077	0.03089	0.08570	0.02536	0.02501	0.01684	0.02321	0.01333	0.01564	0.00985	0.00733	0.00703	0.00231	0.01130	0.00546	0.00335	0.01103
17	0.01737	0.15119	0.22982	0.02150	0.05801	0.02279	0.04670	0.02178	0.01449	0.02097	0.01187	0.01626	0.01020	0.00983	0.01475	0.00271	0.31036	0.00610	0.00339	0.00992
18	0.01445	0.00723	0.00723	0.00723	0.00903	0.00723	0.00542	0.01807	0.01626	0.02891	0.02529	0.02891	0.01987	0.00903	0.00542	0.00181	0.00361	0.00723	0.77055	0.00723
19	0.01612	0.09759	0.60293	0.02185	0.03273	0.01915	0.05631	0.02446	0.01641	0.02404	0.01373	0.01625	0.00992	0.00727	0.00725	0.00240	0.01127	0.00576	0.00331	0.01129
20	0.01871	0.01877	0.03599	0.02686	0.03342	0.01840	0.43830	0.02824	0.15935	0.05198	0.02166	0.02795	0.01715	0.00866	0.00894	0.00268	0.01086	0.05612	0.00525	0.01071

[dist]
# distance from previous block
# <min> <max>
0	1

[block]
# block no. 4 follows, 25 sequences, length 21
# corresponding to MSA columns:
# 138-158
name=unknown_E
#
# <colnr> <probs for GDERKNQSTAVLIFYWHMCP>
#	G	D	E	R	K	N	Q	S	T	A	V	L	I	F	Y	W	H	M	C	P
0	0.02269	0.01880	0.01882	0.01463	0.02058	0.10208	0.01167	0.21586	0.02340	0.07284	0.01746	0.05076	0.01419	0.00824	0.00685	0.00179	0.00764	0.00641	0.00592	0.35935
1	0.01117	0.00803	0.01111	0.01190	0.01296	0.00848	0.00905	0.01338	0.01406	0.01913	0.03067	0.17753	0.03332	0.16190	0.27702	0.00758	0.01191	0.16876	0.00558	0.00646
2	0.01821	0.23710	0.43423	0.01882	0.02827	0.02138	0.02254	0.02565	0.04776	0.05702	0.01472	0.01636	0.01101	0.00742	0.00672	0.00223	0.01004	0.00553	0.00383	0.01115
3	0.02896	0.03695	0.02197	0.01998	0.02397	0.69638	0.01498	0.03096	0.02197	0.01898	0.01199	0.01398	0.00999	0.00799	0.00699	0.00200	0.01398	0.00499	0.00400	0.00899
4	0.01608	0.01378	0.01608	0.01148	0.01837	0.01034	0.00919	0.01952	0.01608	0.02527	0.01378	0.01608	0.01148	0.00574	0.00574	0.00115	0.00574	0.00459	0.00459	0.77491
5	0.01555	0.04011	0.68733	0.02210	0.03356	0.01801	0.02865	0.02455	0.01637	0.02455	0.01391	0.01637	0.00982	0.00737	0.00737	0.00246	0.01146	0.00573	0.00327	0.01146
6	0.01347	0.00673	0.01010	0.01010	0.01010	0.00673	0.00673	0.01010	0.01010	0.01347	0.01347	0.02357	0.01347	0.02694	0.03030	0.77441	0.00673	0.00673	0.00337	0.00337
7	0.01126	0.00757	0.00871	0.00871	0.00880	0.00765	0.00501	0.01144	0.01135	0.01522	0.02420	0.04947	0.02764	0.68546	0.08075	0.00783	0.00835	0.01109	0.00466	0.00484
8	0.01108	0.00831	0.01246	0.01246	0.01385	0.00969	0.00969	0.01385	0.01246	0.01800	0.02077	0.03046	0.01938	0.05815	0.69678	0.01246	0.02077	0.00831	0.00415	0.00692
9	0.01464	0.01378	0.02326	0.70887	0.05340	0.01723	0.02153	0.01981	0.01550	0.01981	0.01378	0.02067	0.01034	0.00775	0.00775	0.00258	0.01034	0.00689	0.00345	0.00861
10	0.01696	0.01696	0.02375	0.02036	0.02036	0.02375	0.01696	0.01866	0.01187	0.01866	0.01018	0.01696	0.01018	0.01357	0.02545	0.00339	0.71332	0.00679	0.00339	0.00848
11	0.01097	0.00793	0.01036	0.00975	0.01158	0.00732	0.00732	0.01463	0.02195	0.03109	0.67505	0.05792	0.07316	0.01585	0.00914	0.00244	0.00366	0.01402	0.00854	0.00732
12	0.01555	0.04011	0.68733	0.02210	0.03356	0.01801	0.02865	0.02455	0.01637	0.02455	0.01391	0.01637	0.00982	0.00737	0.00737	0.00246	0.01146	0.00573	0.00327	0.01146
13	0.01321	0.01028	0.01283	0.01442	0.01626	0.04455	0.01238	0.01660	0.01793	0.02283	0.03962	0.11265	0.04313	0.02085	0.01048	0.00347	0.00737	0.56697	0.00698	0.00720
14	0.01696	0.01696	0.02375	0.02036	0.02036	0.02375	0.01696	0.01866	0.01187	0.01866	0.01018	0.01696	0.01018	0.01357	0.02545	0.00339	0.71332	0.00679	0.00339	0.00848
15	0.15792	0.01789	0.01933	0.01530	0.02103	0.01921	0.01256	0.32761	0.09235	0.20650	0.02164	0.02061	0.01496	0.00914	0.00728	0.00239	0.00737	0.00690	0.00773	0.01228
16	0.01168	0.00971	0.01448	0.01425	0.01535	0.01042	0.05593	0.01377	0.01518	0.02074	0.05945	0.46741	0.04186	0.02064	0.01244	0.00316	0.12152	0.07854	0.00638	0.00708
17	0.01743	0.01049	0.01093	0.00985	0.01258	0.01104	0.00764	0.14493	0.04781	0.03263	0.02498	0.05666	0.02006	0.00981	0.00618	0.00200	0.00474	0.00788	0.55378	0.00859
18	0.01088	0.00845	0.01005	0.01037	0.01231	0.00800	0.00775	0.01500	0.07424	0.02445	0.21408	0.23236	0.24844	0.01923	0.00938	0.00280	0.00449	0.07289	0.00759	0.00723
19	0.01834	0.39270	0.32357	0.01814	0.02694	0.02456	0.05314	0.02389	0.01616	0.02134	0.01240	0.01460	0.00999	0.00695	0.00624	0.00206	0.00992	0.00510	0.00333	0.01064
20	0.01391	0.00874	0.01068	0.01029	0.01296	0.00776	0.00805	0.01659	0.01914	0.12326	0.19845	0.11303	0.30727	0.01786	0.00922	0.00272	0.00476	0.09970	0.00785	0.00778

[dist]
# distance from previous block
# <min> <max>
2	6

[block]
# block no. 5 follows, 25 sequences, length 62
# corresponding to MSA columns:
# 165-226
name=unknown_F
#
# <colnr> <probs for GDERKNQSTAVLIFYWHMCP>
#	G	D	E	R	K	N	Q	S	T	A	V	L	I	F	Y	W	H	M	C	P
0	0.01655	0.14861	0.55296	0.02194	0.06288	0.02003	0.02598	0.02431	0.01634	0.02359	0.01345	0.01588	0.00996	0.00723	0.00700	0.00232	0.01085	0.00554	0.00331	0.01126
1	0.01785	0.01485	0.01369	0.01227	0.01472	0.11949	0.00874	0.11258	0.01868	0.05474	0.05523	0.08985	0.07188	0.30572	0.02088	0.00444	0.00792	0.01047	0.00581	0.04018
2	0.01486	0.01186	0.01395	0.01130	0.01582	0.01020	0.00879	0.07876	0.01971	0.02838	0.20508	0.09581	0.08161	0.01159	0.00751	0.00191	0.00519	0.00988	0.00642	0.36138
3	0.00990	0.00738	0.00921	0.00983	0.01120	0.00669	0.00696	0.01215	0.01782	0.02382	0.26200	0.36347	0.19020	0.02048	0.00949	0.00280	0.00410	0.01816	0.00765	0.00669
4	0.01506	0.01339	0.02040	0.42825	0.03788	0.01668	0.01723	0.04248	0.01505	0.02031	0.01547	0.02504	0.01361	0.12317	0.01571	0.00347	0.12895	0.00759	0.03217	0.00809
5	0.01446	0.00755	0.00801	0.04145	0.01120	0.00771	0.00621	0.01815	0.01622	0.02846	0.02473	0.02851	0.01941	0.00897	0.00553	0.00184	0.00394	0.00721	0.73314	0.00729
6	0.71776	0.01507	0.01271	0.04366	0.04228	0.01743	0.00959	0.02269	0.01347	0.03374	0.01108	0.01322	0.00864	0.00721	0.00504	0.00240	0.00632	0.00443	0.00470	0.00856
7	0.01347	0.00673	0.01010	0.01010	0.01010	0.00673	0.00673	0.01010	0.01010	0.01347	0.01347	0.02357	0.01347	0.02694	0.03030	0.77441	0.00673	0.00673	0.00337	0.00337
8	0.01919	0.01842	0.03147	0.04759	0.67914	0.01842	0.02380	0.02380	0.01765	0.02533	0.01458	0.01919	0.01228	0.00691	0.00768	0.00230	0.00921	0.00691	0.00384	0.01228
9	0.02051	0.70275	0.06813	0.01364	0.02048	0.03014	0.01392	0.02327	0.01578	0.01851	0.01091	0.01261	0.00994	0.00666	0.00508	0.00169	0.00843	0.00421	0.00331	0.01001
10	0.01445	0.00723	0.00723	0.00723	0.00903	0.00723	0.00542	0.01807	0.01626	0.02891	0.02529	0.02891	0.01987	0.00903	0.00542	0.00181	0.00361	0.00723	0.77055	0.00723
11	0.01589	0.08479	0.64558	0.02153	0.03268	0.01883	0.02765	0.02447	0.01633	0.02415	0.01371	0.01612	0.00983	0.00732	0.00721	0.00240	0.01125	0.00563	0.00328	0.01136
12	0.03479	0.01320	0.01799	0.01380	0.01979	0.01140	0.01140	0.03779	0.02219	0.68451	0.03059	0.02639	0.01919	0.00960	0.00780	0.00240	0.00660	0.00780	0.00960	0.01320
13	0.02068	0.01696	0.01821	0.01605	0.02056	0.01929	0.01278	0.15963	0.48295	0.03484	0.02986	0.03216	0.02349	0.01126	0.00812	0.00265	0.00670	0.06402	0.00780	0.01199
14	0.02218	0.01050	0.01327	0.01127	0.01428	0.00977	0.00822	0.02474	0.04616	0.31756	0.06952	0.03929	0.02685	0.32697	0.02187	0.00467	0.00679	0.00978	0.00729	0.00902
15	0.01900	0.01823	0.03114	0.07461	0.65357	0.01837	0.02370	0.02363	0.01757	0.02511	0.01455	0.01925	0.01220	0.00694	0.00768	0.00231	0.00926	0.00691	0.00382	0.01213
16	0.78228	0.01499	0.01140	0.01020	0.01499	0.01739	0.00840	0.02279	0.01320	0.03479	0.01080	0.01260	0.00840	0.00720	0.00480	0.00240	0.00600	0.00420	0.00480	0.00840
17	0.01464	0.01378	0.02326	0.70887	0.05340	0.01723	0.02153	0.01981	0.01550	0.01981	0.01378	0.02067	0.01034	0.00775	0.00775	0.00258	0.01034	0.00689	0.00345	0.00861
18	0.01459	0.01139	0.01305	0.01045	0.01426	0.00974	0.00747	0.04571	0.01492	0.02186	0.01871	0.03150	0.01894	0.32454	0.02072	0.00402	0.00666	0.00766	0.00479	0.39904
19	0.01919	0.01842	0.03147	0.04759	0.67914	0.01842	0.02380	0.02380	0.01765	0.02533	0.01458	0.01919	0.01228	0.00691	0.00768	0.00230	0.00921	0.00691	0.00384	0.01228
20	0.00945	0.00675	0.00900	0.01080	0.01125	0.00630	0.00720	0.01080	0.01484	0.01979	0.04274	0.72245	0.05128	0.02429	0.00990	0.00315	0.00450	0.02204	0.00720	0.00630
21	0.01494	0.01408	0.02379	0.66618	0.09380	0.01730	0.02168	0.02007	0.01564	0.02017	0.01383	0.02058	0.01046	0.00770	0.00775	0.00257	0.01026	0.00689	0.00347	0.00885
22	0.01555	0.04011	0.68733	0.02210	0.03356	0.01801	0.02865	0.02455	0.01637	0.02455	0.01391	0.01637	0.00982	0.00737	0.00737	0.00246	0.01146	0.00573	0.00327	0.01146
23	0.01696	0.01696	0.02375	0.02036	0.02036	0.02375	0.01696	0.01866	0.01187	0.01866	0.01018	0.01696	0.01018	0.01357	0.02545	0.00339	0.71332	0.00679	0.00339	0.00848
24	0.01005	0.00718	0.00969	0.01148	0.01220	0.00682	0.00824	0.01183	0.01544	0.02047	0.04240	0.59724	0.04997	0.02373	0.01006	0.00323	0.00502	0.14132	0.00719	0.00646
25	0.01464	0.01378	0.02326	0.70887	0.05340	0.01723	0.02153	0.01981	0.01550	0.01981	0.01378	0.02067	0.01034	0.00775	0.00775	0.00258	0.01034	0.00689	0.00345	0.00861
26	0.02879	0.02135	0.02327	0.04952	0.02539	0.02373	0.01505	0.62425	0.03549	0.04753	0.01839	0.01871	0.01306	0.00924	0.00776	0.00234	0.00861	0.00698	0.00756	0.01298
27	0.01696	0.01696	0.02375	0.02036	0.02036	0.02375	0.01696	0.01866	0.01187	0.01866	0.01018	0.01696	0.01018	0.01357	0.02545	0.00339	0.71332	0.00679	0.00339	0.00848
28	0.01929	0.01666	0.01753	0.01578	0.02016	0.01929	0.01227	0.04120	0.66513	0.03243	0.03156	0.02893	0.02367	0.01052	0.00789	0.00263	0.00614	0.00877	0.00789	0.01227
29	0.08702	0.02038	0.04266	0.03066	0.03823	0.01941	0.59318	0.02465	0.01784	0.02573	0.01525	0.02017	0.01146	0.00660	0.00876	0.00260	0.01244	0.00870	0.00400	0.01027
30	0.01555	0.04011	0.68733	0.02210	0.03356	0.01801	0.02865	0.02455	0.01637	0.02455	0.01391	0.01637	0.00982	0.00737	0.00737	0.00246	0.01146	0.00573	0.00327	0.01146
31	0.01919	0.01842	0.03147	0.04759	0.67914	0.01842	0.02380	0.02380	0.01765	0.02533	0.01458	0.01919	0.01228	0.00691	0.00768	0.00230	0.00921	0.00691	0.00384	0.01228
32	0.01027	0.00762	0.00959	0.00984	0.01144	0.00695	0.00720	0.01297	0.01906	0.02582	0.36771	0.24439	0.17892	0.01907	0.00941	0.00271	0.00406	0.03821	0.00787	0.00689
33	0.01151	0.00849	0.01083	0.01014	0.01214	0.00809	0.00764	0.01635	0.06347	0.03118	0.63350	0.05605	0.06996	0.01551	0.00906	0.00245	0.00382	0.01368	0.00849	0.00764
34	0.03479	0.01320	0.01799	0.01380	0.01979	0.01140	0.01140	0.03779	0.02219	0.68451	0.03059	0.02639	0.01919	0.00960	0.00780	0.00240	0.00660	0.00780	0.00960	0.01320
35	0.01445	0.00723	0.00723	0.00723	0.00903	0.00723	0.00542	0.01807	0.01626	0.02891	0.02529	0.02891	0.01987	0.00903	0.00542	0.00181	0.00361	0.00723	0.77055	0.00723
36	0.01608	0.01378	0.01608	0.01148	0.01837	0.01034	0.00919	0.01952	0.01608	0.02527	0.01378	0.01608	0.01148	0.00574	0.00574	0.00115	0.00574	0.00459	0.00459	0.77491
37	0.40835	0.04840	0.01428	0.01182	0.01631	0.01728	0.00955	0.02721	0.22089	0.03155	0.02578	0.02546	0.09604	0.00977	0.00633	0.00246	0.00589	0.00715	0.00601	0.00947
38	0.01445	0.00723	0.00723	0.00723	0.00903	0.00723	0.00542	0.01807	0.01626	0.02891	0.02529	0.02891	0.01987	0.00903	0.00542	0.00181	0.00361	0.00723	0.77055	0.00723
39	0.78228	0.01499	0.01140	0.01020	0.01499	0.01739	0.00840	0.02279	0.01320	0.03479	0.01080	0.01260	0.00840	0.00720	0.00480	0.00240	0.00600	0.00420	0.00480	0.00840
40	0.78228	0.01499	0.01140	0.01020	0.01499	0.01739	0.00840	0.02279	0.01320	0.03479	0.01080	0.01260	0.00840	0.00720	0.00480	0.00240	0.00600	0.00420	0.00480	0.00840
41	0.01249	0.00892	0.01249	0.01428	0.01606	0.00892	0.01249	0.01606	0.01785	0.02320	0.04105	0.08746	0.04462	0.02142	0.01071	0.00357	0.00714	0.62695	0.00714	0.00714
42	0.01116	0.00796	0.01069	0.01069	0.01147	0.00873	0.00749	0.01271	0.01194	0.01669	0.02239	0.03941	0.02327	0.35364	0.40660	0.01028	0.01492	0.00962	0.00439	0.00594
43	0.03479	0.01320	0.01799	0.01380	0.01979	0.01140	0.01140	0.03779	0.02219	0.68451	0.03059	0.02639	0.01919	0.00960	0.00780	0.00240	0.00660	0.00780	0.00960	0.01320
44	0.02903	0.03492	0.02215	0.01969	0.02398	0.60672	0.01495	0.11396	0.02390	0.02296	0.01287	0.01460	0.01041	0.00817	0.00709	0.00204	0.01326	0.00526	0.00450	0.00955
45	0.02896	0.03695	0.02197	0.01998	0.02397	0.69638	0.01498	0.03096	0.02197	0.01898	0.01199	0.01398	0.00999	0.00799	0.00699	0.00200	0.01398	0.00499	0.00400	0.00899
46	0.01973	0.01688	0.01778	0.01587	0.02033	0.01949	0.01238	0.06808	0.63753	0.03316	0.03099	0.02848	0.02321	0.01047	0.00788	0.00262	0.00624	0.00869	0.00788	0.01231
47	0.01919	0.01842	0.03147	0.04759	0.67914	0.01842	0.02380	0.02380	0.01765	0.02533	0.01458	0.01919	0.01228	0.00691	0.00768	0.00230	0.00921	0.00691	0.00384	0.01228
48	0.01067	0.00726	0.00863	0.00923	0.00938	0.00712	0.00552	0.01112	0.01245	0.01660	0.03046	0.27217	0.03580	0.49569	0.02972	0.00608	0.00652	0.01482	0.00552	0.00523
49	0.01128	0.00752	0.00846	0.00846	0.00846	0.00752	0.00470	0.01128	0.01128	0.01503	0.02443	0.05074	0.02819	0.72751	0.03946	0.00752	0.00752	0.01128	0.00470	0.00470
50	0.02073	0.73217	0.04063	0.01327	0.01990	0.03068	0.01327	0.02322	0.01575	0.01824	0.01078	0.01244	0.00995	0.00663	0.00498	0.00166	0.00829	0.00415	0.00332	0.00995
51	0.01696	0.01696	0.02375	0.02036	0.02036	0.02375	0.01696	0.01866	0.01187	0.01866	0.01018	0.01696	0.01018	0.01357	0.02545	0.00339	0.71332	0.00679	0.00339	0.00848
52	0.00954	0.00795	0.00838	0.00851	0.01102	0.00679	0.00654	0.01173	0.01789	0.02162	0.10330	0.07497	0.59161	0.01962	0.00930	0.00269	0.00420	0.07042	0.00726	0.00663
53	0.01158	0.01047	0.01465	0.31732	0.02942	0.01126	0.01280	0.01496	0.01672	0.02044	0.04996	0.05080	0.38213	0.01439	0.00854	0.00260	0.00676	0.01218	0.00554	0.00746
54	0.01464	0.01378	0.02326	0.70887	0.05340	0.01723	0.02153	0.01981	0.01550	0.01981	0.01378	0.02067	0.01034	0.00775	0.00775	0.00258	0.01034	0.00689	0.00345	0.00861
55	0.01830	0.02092	0.04575	0.03268	0.04052	0.01961	0.65098	0.02484	0.01830	0.02484	0.01569	0.02092	0.01176	0.00654	0.00915	0.00261	0.01307	0.00915	0.00392	0.01046
56	0.02399	0.01999	0.02055	0.01803	0.05121	0.06863	0.01377	0.30942	0.28110	0.03789	0.02593	0.02506	0.04880	0.01008	0.00782	0.00244	0.00778	0.00799	0.00734	0.01217
57	0.03048	0.04767	0.01997	0.01491	0.02070	0.01609	0.01229	0.15907	0.13366	0.41883	0.02751	0.02466	0.01835	0.00956	0.00768	0.00239	0.00698	0.00764	0.00866	0.01289
58	0.01203	0.00866	0.01088	0.01173	0.01400	0.00808	0.00985	0.01494	0.01794	0.04728	0.05541	0.08010	0.29214	0.02027	0.00999	0.00315	0.00586	0.36329	0.00726	0.00713
59	0.01555	0.04011	0.68733	0.02210	0.03356	0.01801	0.02865	0.02455	0.01637	0.02455	0.01391	0.01637	0.00982	0.00737	0.00737	0.00246	0.01146	0.00573	0.00327	0.01146
60	0.78228	0.01499	0.01140	0.01020	0.01499	0.01739	0.00840	0.02279	0.01320	0.03479	0.01080	0.01260	0.00840	0.00720	0.00480	0.00240	0.00600	0.00420	0.00480	0.00840
61	0.01830	0.02092	0.04575	0.03268	0.04052	0.01961	0.65098	0.02484	0.01830	0.02484	0.01569	0.02092	0.01176	0.00654	0.00915	0.00261	0.01307	0.00915	0.00392	0.01046

[dist]
# distance from previous block
# <min> <max>
0	1

[block]
# block no. 6 follows, 25 sequences, length 87
# corresponding to MSA columns:
# 228-314
name=unknown_G
#
# <colnr> <probs for GDERKNQSTAVLIFYWHMCP>
#	G	D	E	R	K	N	Q	S	T	A	V	L	I	F	Y	W	H	M	C	P
0	0.01455	0.01357	0.02278	0.67847	0.05177	0.01686	0.02114	0.01965	0.01561	0.01996	0.01497	0.02360	0.01184	0.00835	0.00788	0.00263	0.01020	0.03403	0.00361	0.00855
1	0.01128	0.00752	0.00846	0.00846	0.00846	0.00752	0.00470	0.01128	0.01128	0.01503	0.02443	0.05074	0.02819	0.72751	0.03946	0.00752	0.00752	0.01128	0.00470	0.00470
2	0.01830	0.02092	0.04575	0.03268	0.04052	0.01961	0.65098	0.02484	0.01830	0.02484	0.01569	0.02092	0.01176	0.00654	0.00915	0.00261	0.01307	0.00915	0.00392	0.01046
3	0.01445	0.00723	0.00723	0.00723	0.00903	0.00723	0.00542	0.01807	0.01626	0.02891	0.02529	0.02891	0.01987	0.00903	0.00542	0.00181	0.00361	0.00723	0.77055	0.00723
4	0.02947	0.02172	0.02327	0.01784	0.02404	0.02404	0.01474	0.65329	0.03646	0.04887	0.01862	0.01862	0.01319	0.00931	0.00776	0.00233	0.00853	0.00698	0.00776	0.01319
5	0.01696	0.01696	0.02375	0.02036	0.02036	0.02375	0.01696	0.01866	0.01187	0.01866	0.01018	0.01696	0.01018	0.01357	0.02545	0.00339	0.71332	0.00679	0.00339	0.00848
6	0.01445	0.00723	0.00723	0.00723	0.00903	0.00723	0.00542	0.01807	0.01626	0.02891	0.02529	0.02891	0.01987	0.00903	0.00542	0.00181	0.00361	0.00723	0.77055	0.00723
7	0.02873	0.02114	0.02266	0.01746	0.02341	0.02337	0.01433	0.62700	0.03542	0.04748	0.01885	0.01993	0.01380	0.03872	0.00905	0.00254	0.00849	0.00716	0.00763	0.01284
8	0.01919	0.01842	0.03147	0.04759	0.67914	0.01842	0.02380	0.02380	0.01765	0.02533	0.01458	0.01919	0.01228	0.00691	0.00768	0.00230	0.00921	0.00691	0.00384	0.01228
9	0.01463	0.01342	0.02238	0.67047	0.05097	0.01668	0.02065	0.01972	0.01555	0.02031	0.01441	0.02112	0.01086	0.00782	0.00762	0.00254	0.00997	0.00691	0.04543	0.00854
10	0.01128	0.00752	0.00846	0.00846	0.00846	0.00752	0.00470	0.01128	0.01128	0.01503	0.02443	0.05074	0.02819	0.72751	0.03946	0.00752	0.00752	0.01128	0.00470	0.00470
11	0.03479	0.01320	0.01799	0.01380	0.01979	0.01140	0.01140	0.03779	0.02219	0.68451	0.03059	0.02639	0.01919	0.00960	0.00780	0.00240	0.00660	0.00780	0.00960	0.01320
12	0.01967	0.01746	0.01771	0.01595	0.02031	0.04617	0.01238	0.04079	0.63960	0.03190	0.03078	0.02833	0.02313	0.01042	0.00785	0.00260	0.00645	0.00862	0.00773	0.01214
13	0.01555	0.04011	0.68733	0.02210	0.03356	0.01801	0.02865	0.02455	0.01637	0.02455	0.01391	0.01637	0.00982	0.00737	0.00737	0.00246	0.01146	0.00573	0.00327	0.01146
14	0.01464	0.01378	0.02326	0.70887	0.05340	0.01723	0.02153	0.01981	0.01550	0.01981	0.01378	0.02067	0.01034	0.00775	0.00775	0.00258	0.01034	0.00689	0.00345	0.00861
15	0.00945	0.00675	0.00900	0.01080	0.01125	0.00630	0.00720	0.01080	0.01484	0.01979	0.04274	0.72245	0.05128	0.02429	0.00990	0.00315	0.00450	0.02204	0.00720	0.00630
16	0.00945	0.00675	0.00900	0.01080	0.01125	0.00630	0.00720	0.01080	0.01484	0.01979	0.04274	0.72245	0.05128	0.02429	0.00990	0.00315	0.00450	0.02204	0.00720	0.00630
17	0.01464	0.01378	0.02326	0.70887	0.05340	0.01723	0.02153	0.01981	0.01550	0.01981	0.01378	0.02067	0.01034	0.00775	0.00775	0.00258	0.01034	0.00689	0.00345	0.00861
18	0.02073	0.73217	0.04063	0.01327	0.01990	0.03068	0.01327	0.02322	0.01575	0.01824	0.01078	0.01244	0.00995	0.00663	0.00498	0.00166	0.00829	0.00415	0.00332	0.00995
19	0.01696	0.01696	0.02375	0.02036	0.02036	0.02375	0.01696	0.01866	0.01187	0.01866	0.01018	0.01696	0.01018	0.01357	0.02545	0.00339	0.71332	0.00679	0.00339	0.00848
20	0.01249	0.00892	0.01249	0.01428	0.01606	0.00892	0.01249	0.01606	0.01785	0.02320	0.04105	0.08746	0.04462	0.02142	0.01071	0.00357	0.00714	0.62695	0.00714	0.00714
21	0.01464	0.01378	0.02326	0.70887	0.05340	0.01723	0.02153	0.01981	0.01550	0.01981	0.01378	0.02067	0.01034	0.00775	0.00775	0.00258	0.01034	0.00689	0.00345	0.00861
22	0.02419	0.02694	0.01978	0.01791	0.02209	0.36234	0.01364	0.03601	0.33927	0.02562	0.02164	0.02136	0.01674	0.00924	0.00743	0.00231	0.01011	0.00685	0.00592	0.01061
23	0.01696	0.01696	0.02375	0.02036	0.02036	0.02375	0.01696	0.01866	0.01187	0.01866	0.01018	0.01696	0.01018	0.01357	0.02545	0.00339	0.71332	0.00679	0.00339	0.00848
24	0.01097	0.00793	0.01036	0.00975	0.01158	0.00732	0.00732	0.01463	0.02195	0.03109	0.67505	0.05792	0.07316	0.01585	0.00914	0.00244	0.00366	0.01402	0.00854	0.00732
25	0.02924	0.02860	0.02268	0.01880	0.02401	0.32774	0.01485	0.37218	0.02991	0.03536	0.01562	0.01652	0.01174	0.00871	0.00741	0.00218	0.01099	0.00608	0.00606	0.01129
26	0.01696	0.01696	0.02375	0.02036	0.02036	0.02375	0.01696	0.01866	0.01187	0.01866	0.01018	0.01696	0.01018	0.01357	0.02545	0.00339	0.71332	0.00679	0.00339	0.00848
27	0.01108	0.00831	0.01246	0.01246	0.01385	0.00969	0.00969	0.01385	0.01246	0.01800	0.02077	0.03046	0.01938	0.05815	0.69678	0.01246	0.02077	0.00831	0.00415	0.00692
28	0.01919	0.01842	0.03147	0.04759	0.67914	0.01842	0.02380	0.02380	0.01765	0.02533	0.01458	0.01919	0.01228	0.00691	0.00768	0.00230	0.00921	0.00691	0.00384	0.01228
29	0.01445	0.00723	0.00723	0.00723	0.00903	0.00723	0.00542	0.01807	0.01626	0.02891	0.02529	0.02891	0.01987	0.00903	0.00542	0.00181	0.00361	0.00723	0.77055	0.00723
30	0.01608	0.01378	0.01608	0.01148	0.01837	0.01034	0.00919	0.01952	0.01608	0.02527	0.01378	0.01608	0.01148	0.00574	0.00574	0.00115	0.00574	0.00459	0.00459	0.77491
31	0.00945	0.00675	0.00900	0.01080	0.01125	0.00630	0.00720	0.01080	0.01484	0.01979	0.04274	0.72245	0.05128	0.02429	0.00990	0.00315	0.00450	0.02204	0.00720	0.00630
32	0.01445	0.00723	0.00723	0.00723	0.00903	0.00723	0.00542	0.01807	0.01626	0.02891	0.02529	0.02891	0.01987	0.00903	0.00542	0.00181	0.00361	0.00723	0.77055	0.00723
33	0.02030	0.67428	0.09473	0.01401	0.02104	0.02962	0.01455	0.02333	0.01581	0.01877	0.01104	0.01277	0.00994	0.00669	0.00518	0.00173	0.00856	0.00428	0.00331	0.01008
34	0.01249	0.00892	0.01249	0.01428	0.01606	0.00892	0.01249	0.01606	0.01785	0.02320	0.04105	0.08746	0.04462	0.02142	0.01071	0.00357	0.00714	0.62695	0.00714	0.00714
