[name]
unknown

[dist]
# distance from previous block
# <min> <max>
0	30

[block]
# block no. 0 follows, 23 sequences, length 59
# corresponding to MSA columns:
# 30-88
name=unknown_A
#
# <colnr> <probs for GDERKNQSTAVLIFYWHMCP>
#	G	D	E	R	K	N	Q	S	T	A	V	L	I	F	Y	W	H	M	C	P
0	0.01308	0.00934	0.01308	0.01494	0.01681	0.00934	0.01308	0.01681	0.01868	0.02428	0.04296	0.09153	0.04670	0.02242	0.01121	0.00374	0.00747	0.60960	0.00747	0.00747
1	0.01227	0.04562	0.01130	0.00985	0.01081	0.00908	0.00626	0.01296	0.01317	0.01769	0.02802	0.18509	0.03231	0.48465	0.03050	0.00613	0.00712	0.01326	0.00538	0.05853
2	0.02880	0.02156	0.02276	0.01744	0.02395	0.04971	0.01429	0.47842	0.03321	0.07830	0.01901	0.01927	0.01370	0.00908	0.00774	0.00222	0.00858	0.00685	0.00751	0.13761
3	0.06236	0.01442	0.01613	0.01374	0.01771	0.01523	0.01064	0.15426	0.14632	0.15402	0.04567	0.03477	0.02387	0.16247	0.01513	0.00370	0.00712	0.03178	0.06010	0.01058
4	0.11700	0.08068	0.24148	0.02421	0.12522	0.09733	0.05884	0.02790	0.01850	0.11193	0.01622	0.01818	0.01195	0.00789	0.00736	0.00242	0.01040	0.00628	0.00473	0.01147
5	0.01976	0.02212	0.08290	0.02800	0.03543	0.02030	0.39818	0.07406	0.09906	0.02861	0.01820	0.02191	0.01375	0.00794	0.00975	0.00264	0.04447	0.00868	0.00490	0.05933
6	0.11482	0.09358	0.02411	0.01782	0.02349	0.20259	0.01449	0.32344	0.04989	0.03729	0.01633	0.01718	0.01236	0.00889	0.00727	0.00229	0.01006	0.00618	0.00625	0.01167
7	0.01711	0.01101	0.01264	0.01142	0.01352	0.01251	0.00903	0.09122	0.01848	0.03017	0.02283	0.02717	0.01836	0.01414	0.06083	0.00306	0.11394	0.00755	0.49652	0.00847
8	0.01409	0.00705	0.01057	0.01057	0.01057	0.00705	0.00705	0.01057	0.01057	0.01409	0.01409	0.02467	0.01409	0.02819	0.03171	0.76392	0.00705	0.00705	0.00352	0.00352
9	0.01180	0.00787	0.00885	0.00885	0.00885	0.00787	0.00492	0.01180	0.01180	0.01573	0.02557	0.05310	0.02950	0.71483	0.04130	0.00787	0.00787	0.01180	0.00492	0.00492
10	0.01289	0.00934	0.01060	0.00994	0.01280	0.00849	0.00757	0.01720	0.06842	0.07154	0.26565	0.06515	0.37483	0.01778	0.00938	0.00266	0.00439	0.01508	0.00823	0.00806
11	0.01562	0.01499	0.02613	0.64492	0.05486	0.01822	0.06921	0.02113	0.01645	0.02113	0.01457	0.02165	0.01093	0.00802	0.00822	0.00271	0.01103	0.00739	0.00364	0.00916
12	0.02008	0.01928	0.03294	0.04981	0.66422	0.01928	0.02490	0.02490	0.01848	0.02651	0.01526	0.02008	0.01285	0.00723	0.00803	0.00241	0.00964	0.00723	0.00402	0.01285
13	0.01148	0.00829	0.01085	0.01021	0.01212	0.00766	0.00766	0.01531	0.02297	0.03254	0.65994	0.06061	0.07656	0.01659	0.00957	0.00255	0.00383	0.01467	0.00893	0.00766
14	0.01019	0.00815	0.00912	0.00906	0.01138	0.00708	0.00673	0.01274	0.01964	0.02509	0.25667	0.12087	0.43527	0.01971	0.00964	0.00272	0.00407	0.01683	0.00796	0.00708
15	0.01420	0.00903	0.01183	0.13786	0.01906	0.00989	0.00961	0.01747	0.01569	0.02476	0.02479	0.03132	0.04313	0.04845	0.11516	0.05099	0.00829	0.00818	0.39290	0.00740
16	0.01409	0.00705	0.01057	0.01057	0.01057	0.00705	0.00705	0.01057	0.01057	0.01409	0.01409	0.02467	0.01409	0.02819	0.03171	0.76392	0.00705	0.00705	0.00352	0.00352
17	0.01532	0.01442	0.02434	0.69533	0.05589	0.01803	0.02253	0.02073	0.01622	0.02073	0.01442	0.02163	0.01082	0.00811	0.00811	0.00270	0.01082	0.00721	0.00361	0.00901
18	0.03499	0.01338	0.01830	0.01419	0.02007	0.01162	0.01162	0.03770	0.02242	0.62810	0.03087	0.02743	0.01970	0.01120	0.00966	0.05097	0.00691	0.00809	0.00963	0.01315
19	0.02789	0.01261	0.01653	0.01354	0.01839	0.01154	0.01084	0.03309	0.08560	0.43123	0.17482	0.06752	0.03492	0.01235	0.00859	0.00258	0.00606	0.01044	0.00949	0.01198
20	0.03641	0.01381	0.01883	0.01444	0.02071	0.01193	0.01193	0.03954	0.02322	0.66984	0.03201	0.02762	0.02009	0.01004	0.00816	0.00251	0.00690	0.00816	0.01004	0.01381
21	0.03085	0.02273	0.02435	0.01867	0.02516	0.02516	0.01542	0.63716	0.03815	0.05114	0.01948	0.01948	0.01380	0.00974	0.00812	0.00244	0.00893	0.00731	0.00812	0.01380
22	0.01090	0.00930	0.00958	0.00941	0.01195	0.02977	0.00712	0.01348	0.01982	0.02471	0.22945	0.07188	0.46438	0.01917	0.00957	0.00270	0.00451	0.03734	0.00779	0.00717
23	0.08818	0.01456	0.01873	0.01447	0.02067	0.01329	0.01195	0.08012	0.02360	0.58177	0.02967	0.02603	0.01885	0.00984	0.00793	0.00251	0.00700	0.00783	0.00955	0.01345
24	0.01409	0.00705	0.01057	0.01057	0.01057	0.00705	0.00705	0.01057	0.01057	0.01409	0.01409	0.02467	0.01409	0.02819	0.03171	0.76392	0.00705	0.00705	0.00352	0.00352
25	0.03270	0.01975	0.02251	0.01726	0.02368	0.02075	0.01426	0.43778	0.03317	0.25755	0.02366	0.02220	0.01590	0.00984	0.00813	0.00246	0.00825	0.00759	0.00876	0.01380
26	0.01138	0.00822	0.01076	0.01028	0.01210	0.00759	0.00765	0.01506	0.02250	0.03179	0.62078	0.10191	0.07511	0.01715	0.00962	0.00260	0.00388	0.01521	0.00884	0.00759
27	0.01000	0.00715	0.00952	0.01122	0.01179	0.00667	0.00754	0.01158	0.01606	0.02155	0.08834	0.66353	0.05529	0.02480	0.01030	0.00324	0.00465	0.02247	0.00763	0.00667
28	0.00989	0.00706	0.00942	0.01130	0.01177	0.00659	0.00753	0.01130	0.01554	0.02071	0.04472	0.70954	0.05367	0.02542	0.01036	0.00330	0.00471	0.02307	0.00753	0.00659
29	0.01038	0.00756	0.00984	0.01155	0.01221	0.00724	0.00779	0.01281	0.04572	0.02134	0.04417	0.67720	0.05229	0.02474	0.01026	0.00327	0.00479	0.02241	0.00757	0.00689
30	0.01598	0.01352	0.01592	0.01193	0.01832	0.01030	0.00936	0.01932	0.01667	0.02574	0.01812	0.10133	0.01710	0.00838	0.00654	0.00146	0.00585	0.00704	0.00514	0.67198
31	0.01916	0.01282	0.01555	0.01188	0.01770	0.01020	0.00946	0.02258	0.01916	0.15128	0.12393	0.03096	0.07916	0.00968	0.00728	0.00180	0.00568	0.00804	0.00669	0.43698
32	0.01704	0.01410	0.01474	0.01345	0.01725	0.01543	0.01034	0.05482	0.38713	0.03036	0.04526	0.04386	0.19856	0.04161	0.00977	0.00289	0.00578	0.01128	0.05576	0.01059
33	0.02018	0.01743	0.01835	0.01651	0.02110	0.02018	0.01284	0.04312	0.64956	0.03394	0.03303	0.03027	0.02477	0.01101	0.00826	0.00275	0.00642	0.00917	0.00826	0.01284
34	0.03280	0.01410	0.01847	0.01468	0.02038	0.01294	0.01206	0.07957	0.05313	0.52917	0.03172	0.03247	0.02203	0.03440	0.00948	0.00278	0.00710	0.05022	0.00947	0.01302
35	0.01494	0.00870	0.01148	0.01131	0.01338	0.00789	0.00827	0.01755	0.01967	0.13468	0.26893	0.33261	0.08000	0.01941	0.00967	0.00287	0.00473	0.01725	0.00847	0.00821
36	0.01166	0.00781	0.00889	0.00902	0.00906	0.00778	0.00510	0.01176	0.01206	0.01609	0.02692	0.09964	0.03121	0.66595	0.03911	0.00754	0.00764	0.01260	0.00510	0.00504
37	0.01240	0.00852	0.01100	0.01025	0.01240	0.00778	0.00773	0.01608	0.02267	0.05858	0.59325	0.06044	0.11495	0.01659	0.00951	0.00256	0.00398	0.01457	0.00888	0.00786
38	0.01060	0.00785	0.00913	0.00948	0.01075	0.00721	0.00639	0.01221	0.01660	0.02161	0.15204	0.22336	0.23552	0.21881	0.01881	0.00431	0.00528	0.01667	0.00702	0.00637
39	0.01008	0.00721	0.00929	0.01086	0.01140	0.00675	0.00717	0.01137	0.01528	0.02022	0.04457	0.60353	0.08294	0.10160	0.01375	0.00377	0.00503	0.02151	0.00724	0.00642
40	0.02694	0.02001	0.02145	0.01680	0.02255	0.02176	0.01375	0.51985	0.03467	0.04615	0.05851	0.02966	0.10778	0.01158	0.00839	0.00248	0.00801	0.00903	0.00807	0.01253
41	0.01679	0.01596	0.02679	0.47940	0.22607	0.01872	0.02297	0.02185	0.01667	0.02230	0.01447	0.02100	0.01138	0.00817	0.00901	0.00266	0.04475	0.00721	0.00372	0.01009
42	0.01168	0.00785	0.00901	0.00906	0.00920	0.00779	0.00522	0.01200	0.01270	0.01705	0.06690	0.08622	0.03370	0.63611	0.03774	0.00730	0.00745	0.01254	0.00530	0.00517
43	0.02953	0.05863	0.02679	0.01970	0.02614	0.07875	0.05857	0.51475	0.03451	0.04524	0.01829	0.01893	0.01325	0.00929	0.00801	0.00239	0.00971	0.00715	0.00729	0.01307
44	0.01027	0.00740	0.00947	0.01068	0.01148	0.00688	0.00720	0.01193	0.01644	0.02198	0.13145	0.50874	0.10086	0.08922	0.01312	0.00358	0.00484	0.02038	0.00748	0.00660
45	0.01085	0.00747	0.00913	0.01006	0.01029	0.00724	0.00621	0.01155	0.01365	0.01819	0.03503	0.37736	0.04144	0.37428	0.02601	0.00561	0.00631	0.01737	0.00621	0.00574
46	0.01764	0.01772	0.02621	0.02192	0.02263	0.02381	0.07029	0.01978	0.01298	0.01993	0.01173	0.01949	0.01153	0.04104	0.02574	0.00365	0.61384	0.00750	0.00365	0.00890
47	0.01683	0.01442	0.01683	0.01202	0.01923	0.01082	0.00961	0.02043	0.01683	0.02644	0.01442	0.01683	0.01202	0.00601	0.00601	0.00120	0.00601	0.00481	0.00481	0.76444
48	0.01079	0.00888	0.00949	0.00923	0.01185	0.00799	0.00690	0.01462	0.06394	0.02474	0.19403	0.07040	0.47817	0.04025	0.01046	0.00286	0.00433	0.01590	0.00779	0.00738
49	0.06577	0.02021	0.06764	0.07930	0.03661	0.01951	0.39966	0.02363	0.01734	0.02500	0.01654	0.04585	0.01361	0.01130	0.04632	0.00336	0.08495	0.00908	0.00417	0.01014
50	0.01663	0.01168	0.01410	0.01346	0.01557	0.01286	0.01000	0.02503	0.28569	0.02340	0.02443	0.03217	0.02117	0.02037	0.02007	0.37898	0.00681	0.05390	0.00586	0.00783
51	0.01046	0.00860	0.00928	0.00956	0.01189	0.00775	0.00699	0.01388	0.06199	0.02284	0.08939	0.21709	0.45980	0.02086	0.00967	0.00286	0.00440	0.01783	0.00763	0.00724
52	0.02966	0.02108	0.02292	0.01792	0.02403	0.02312	0.01467	0.51970	0.08919	0.09583	0.02244	0.04362	0.01653	0.01039	0.00821	0.00250	0.00842	0.00805	0.00826	0.01348
53	0.07119	0.20591	0.47175	0.01998	0.03025	0.02204	0.02454	0.02522	0.01674	0.02484	0.01353	0.01584	0.01021	0.00751	0.00691	0.00236	0.01078	0.00548	0.00355	0.01138
54	0.01832	0.01064	0.01097	0.00982	0.01264	0.01114	0.00765	0.14441	0.02131	0.03449	0.02505	0.02807	0.01938	0.00951	0.00617	0.00200	0.00483	0.00751	0.60727	0.00883
55	0.01328	0.00862	0.01073	0.01135	0.01247	0.00841	0.00770	0.01605	0.06052	0.06988	0.03753	0.40606	0.04209	0.21498	0.01868	0.00448	0.00597	0.03700	0.00705	0.00715
56	0.21709	0.02032	0.02032	0.01618	0.02203	0.04673	0.01328	0.38688	0.02931	0.09935	0.01833	0.01884	0.01318	0.01086	0.02977	0.00280	0.00873	0.00662	0.00723	0.01215
57	0.01035	0.00739	0.00977	0.01116	0.01191	0.00692	0.00766	0.01220	0.01674	0.02261	0.14551	0.55207	0.05621	0.05140	0.01150	0.00337	0.00480	0.04405	0.00766	0.00673
58	0.01000	0.00719	0.00952	0.01134	0.01194	0.00671	0.00770	0.01153	0.01576	0.02089	0.04590	0.66425	0.07365	0.02514	0.01036	0.00329	0.00480	0.04587	0.00753	0.00663

[dist]
# distance from previous block
# <min> <max>
0	1

[block]
# block no. 1 follows, 23 sequences, length 83
# corresponding to MSA columns:
# 90-172
name=unknown_B
#
# <colnr> <probs for GDERKNQSTAVLIFYWHMCP>
#	G	D	E	R	K	N	Q	S	T	A	V	L	I	F	Y	W	H	M	C	P
0	0.14833	0.02144	0.06709	0.01700	0.02353	0.02146	0.01477	0.38373	0.05666	0.13653	0.02024	0.01996	0.01414	0.00934	0.00761	0.00248	0.00832	0.00695	0.00758	0.01283
1	0.03218	0.01671	0.02012	0.01574	0.02179	0.01664	0.01290	0.22019	0.09303	0.39541	0.02990	0.02702	0.03890	0.01038	0.00820	0.00252	0.00738	0.00829	0.00919	0.01349
2	0.06632	0.02006	0.02111	0.01701	0.02233	0.04616	0.01385	0.44381	0.05166	0.04282	0.01981	0.02163	0.01502	0.01775	0.11537	0.00411	0.01080	0.00736	0.03092	0.01210
3	0.09781	0.01529	0.01737	0.01453	0.01940	0.01598	0.01161	0.13162	0.18675	0.22076	0.12871	0.05235	0.02924	0.01153	0.00817	0.00259	0.00649	0.00943	0.00852	0.01186
4	0.00977	0.00814	0.00853	0.00861	0.01112	0.00690	0.00639	0.01194	0.01867	0.02275	0.12942	0.12116	0.56761	0.02055	0.00964	0.00276	0.00413	0.01733	0.00766	0.00690
5	0.01166	0.00781	0.00889	0.00903	0.00906	0.00777	0.00511	0.01176	0.01207	0.01609	0.02695	0.10046	0.03124	0.66509	0.03907	0.00754	0.00764	0.01261	0.00511	0.00504
6	0.03085	0.02273	0.02435	0.01867	0.02516	0.02516	0.01542	0.63716	0.03815	0.05114	0.01948	0.01948	0.01380	0.00974	0.00812	0.00244	0.00893	0.00731	0.00812	0.01380
7	0.01095	0.00761	0.00953	0.01053	0.01099	0.00735	0.00690	0.01211	0.01470	0.01966	0.07139	0.37090	0.04493	0.29649	0.02257	0.00509	0.00610	0.05957	0.00658	0.00605
8	0.01052	0.00825	0.00937	0.00939	0.01157	0.00731	0.00702	0.01301	0.01915	0.02451	0.23244	0.09618	0.39059	0.06879	0.01196	0.00314	0.00455	0.05753	0.00773	0.00697
9	0.01000	0.00715	0.00951	0.01122	0.01179	0.00666	0.00754	0.01158	0.01605	0.02154	0.08754	0.66438	0.05526	0.02481	0.01030	0.00324	0.00465	0.02248	0.00763	0.00666
10	0.00989	0.00706	0.00942	0.01130	0.01177	0.00659	0.00753	0.01130	0.01554	0.02071	0.04472	0.70954	0.05367	0.02542	0.01036	0.00330	0.00471	0.02307	0.00753	0.00659
11	0.15056	0.01149	0.01117	0.01012	0.01313	0.01239	0.00778	0.09950	0.05232	0.03292	0.02317	0.02789	0.01877	0.07180	0.00917	0.00265	0.00538	0.00743	0.42375	0.00862
12	0.57296	0.01545	0.01365	0.01181	0.01686	0.01718	0.00964	0.06960	0.01698	0.12540	0.01666	0.05454	0.01324	0.00904	0.00598	0.00255	0.00647	0.00617	0.00609	0.00973
13	0.01324	0.00868	0.01141	0.01051	0.01273	0.00796	0.00796	0.01702	0.02299	0.07753	0.61560	0.05828	0.07258	0.01613	0.00947	0.00255	0.00405	0.01421	0.00901	0.00809
14	0.01149	0.00892	0.01057	0.01030	0.01260	0.00833	0.00780	0.01600	0.06615	0.02821	0.36689	0.09809	0.25995	0.01819	0.00960	0.00272	0.00432	0.04389	0.00829	0.00771
15	0.01068	0.00825	0.00984	0.01069	0.01224	0.00774	0.00753	0.01404	0.06279	0.02305	0.10838	0.42080	0.22972	0.02220	0.00991	0.00303	0.00458	0.01961	0.00771	0.00721
16	0.01175	0.00861	0.01130	0.01213	0.01399	0.00817	0.00982	0.01502	0.01965	0.02612	0.23991	0.14632	0.14399	0.02067	0.01038	0.00318	0.00557	0.27815	0.00794	0.00735
17	0.01244	0.00896	0.01107	0.01062	0.01282	0.00842	0.00792	0.01702	0.06503	0.05077	0.43575	0.13682	0.15632	0.01762	0.00953	0.00268	0.00426	0.01544	0.00855	0.00797
18	0.72021	0.01556	0.01241	0.01094	0.01605	0.01776	0.00901	0.02496	0.01447	0.08113	0.01276	0.01420	0.00959	0.00771	0.00524	0.00251	0.00632	0.00466	0.00538	0.00914
19	0.01178	0.00789	0.00896	0.00892	0.00902	0.00786	0.00506	0.01199	0.01240	0.01663	0.05948	0.05350	0.03202	0.67751	0.03960	0.00758	0.00765	0.01195	0.00513	0.00506
20	0.01076	0.00743	0.00916	0.01018	0.01044	0.00717	0.00634	0.01153	0.01384	0.01845	0.03600	0.41077	0.04267	0.33920	0.02444	0.00538	0.00615	0.01794	0.00634	0.00583
21	0.02587	0.07033	0.02148	0.01825	0.02240	0.48828	0.01392	0.02978	0.07604	0.02134	0.02461	0.02534	0.10851	0.01033	0.00762	0.00222	0.01203	0.00729	0.00499	0.00938
22	0.01019	0.00719	0.00933	0.01091	0.01131	0.00679	0.00712	0.01138	0.01494	0.01993	0.04169	0.60577	0.04985	0.13441	0.01525	0.00402	0.00521	0.02129	0.00712	0.00633
23	0.01629	0.03700	0.54602	0.02360	0.03438	0.01825	0.10483	0.02499	0.01781	0.02623	0.06136	0.02087	0.01532	0.00824	0.00808	0.00259	0.01162	0.00707	0.00391	0.01155
24	0.04190	0.00951	0.01319	0.01290	0.01460	0.01094	0.00995	0.04119	0.01405	0.02068	0.02150	0.03210	0.02020	0.10213	0.58304	0.01182	0.01962	0.00868	0.00457	0.00742
25	0.01172	0.00865	0.01284	0.01284	0.01431	0.01005	0.00998	0.01465	0.01319	0.01925	0.02191	0.03182	0.02030	0.05897	0.65787	0.01263	0.02108	0.00865	0.03203	0.00726
26	0.02018	0.01743	0.01835	0.01651	0.02110	0.02018	0.01284	0.04312	0.64956	0.03394	0.03303	0.03027	0.02477	0.01101	0.00826	0.00275	0.00642	0.00917	0.00826	0.01284
27	0.01262	0.00848	0.01115	0.01050	0.01253	0.00780	0.00786	0.01625	0.02246	0.06365	0.58566	0.10412	0.07214	0.01688	0.00955	0.00260	0.00404	0.01493	0.00889	0.00789
28	0.01054	0.00826	0.00954	0.00922	0.01154	0.00726	0.00691	0.01349	0.02074	0.02726	0.37272	0.06930	0.36707	0.01856	0.00958	0.00265	0.00397	0.01589	0.00824	0.00726
29	0.01683	0.01442	0.01683	0.01202	0.01923	0.01082	0.00961	0.02043	0.01683	0.02644	0.01442	0.01683	0.01202	0.00601	0.00601	0.00120	0.00601	0.00481	0.00481	0.76444
30	0.02455	0.01864	0.02010	0.01687	0.02204	0.02084	0.01358	0.28563	0.31499	0.06255	0.02765	0.02898	0.02108	0.01099	0.00824	0.00263	0.00742	0.04022	0.04024	0.01276
31	0.00989	0.00823	0.00863	0.00853	0.01114	0.00698	0.00640	0.01222	0.01920	0.02359	0.17301	0.07534	0.56907	0.01993	0.00959	0.00271	0.00407	0.01674	0.00775	0.00698
32	0.02821	0.01407	0.01799	0.01342	0.02009	0.01146	0.01096	0.03155	0.02055	0.40058	0.02465	0.02310	0.01671	0.00835	0.00726	0.00196	0.00653	0.00676	0.00785	0.32795
33	0.01513	0.00756	0.00756	0.00756	0.00945	0.00756	0.00567	0.01891	0.01702	0.03025	0.02647	0.03025	0.02080	0.00945	0.00567	0.00189	0.00378	0.00756	0.75988	0.00756
34	0.02869	0.02166	0.02314	0.01823	0.02434	0.02416	0.01490	0.51717	0.16165	0.04767	0.02222	0.02166	0.01602	0.01000	0.00815	0.00250	0.00842	0.00768	0.00815	0.01361
35	0.01885	0.01802	0.03071	0.21707	0.50659	0.01896	0.02429	0.02382	0.01789	0.02501	0.01505	0.02048	0.01233	0.00746	0.00805	0.00249	0.00994	0.00722	0.00391	0.01186
36	0.01010	0.00824	0.00893	0.00876	0.01127	0.00707	0.00657	0.01263	0.01970	0.02478	0.23800	0.07338	0.50334	0.01948	0.00958	0.00269	0.00403	0.01646	0.00791	0.00707
37	0.03491	0.04074	0.05090	0.01483	0.02141	0.01299	0.01286	0.03833	0.02269	0.61551	0.03043	0.02659	0.01927	0.00982	0.00803	0.00249	0.00721	0.00792	0.00949	0.01360
38	0.00989	0.00706	0.00942	0.01130	0.01177	0.00659	0.00753	0.01130	0.01554	0.02071	0.04472	0.70954	0.05367	0.02542	0.01036	0.00330	0.00471	0.02307	0.00753	0.00659
39	0.00993	0.00715	0.00933	0.01105	0.01163	0.00665	0.00737	0.01133	0.01558	0.02062	0.04619	0.65277	0.08678	0.04774	0.01133	0.00341	0.00478	0.02237	0.00745	0.00655
40	0.63482	0.01569	0.01343	0.01154	0.01680	0.01756	0.00951	0.05035	0.01615	0.13004	0.01466	0.01555	0.01065	0.00799	0.00560	0.00251	0.00647	0.00506	0.00588	0.00972
41	0.01898	0.02157	0.08287	0.07075	0.21265	0.02021	0.30198	0.02611	0.06205	0.02592	0.01660	0.02132	0.01299	0.00790	0.01008	0.00269	0.06130	0.00834	0.00425	0.01143
42	0.01061	0.00762	0.01007	0.01080	0.01193	0.00708	0.00759	0.01313	0.01892	0.02610	0.32473	0.41419	0.06409	0.02140	0.01000	0.00296	0.00431	0.01925	0.00817	0.00708
43	0.00989	0.00706	0.00942	0.01130	0.01177	0.00659	0.00753	0.01130	0.01554	0.02071	0.04472	0.70954	0.05367	0.02542	0.01036	0.00330	0.00471	0.02307	0.00753	0.00659
44	0.01775	0.01775	0.02485	0.02130	0.02130	0.02485	0.01775	0.01953	0.01243	0.01953	0.01065	0.01775	0.01065	0.01420	0.02663	0.00355	0.69998	0.00710	0.00355	0.00888
45	0.01683	0.01442	0.01683	0.01202	0.01923	0.01082	0.00961	0.02043	0.01683	0.02644	0.01442	0.01683	0.01202	0.00601	0.00601	0.00120	0.00601	0.00481	0.00481	0.76444
46	0.01536	0.01473	0.02587	0.57547	0.05134	0.01750	0.08839	0.02065	0.01650	0.02131	0.01675	0.06954	0.01396	0.00918	0.00843	0.00275	0.01070	0.00857	0.00393	0.00906
47	0.01905	0.02159	0.04622	0.03327	0.04088	0.02083	0.59023	0.02553	0.01867	0.02553	0.01600	0.02159	0.01219	0.00737	0.01081	0.00279	0.06320	0.00940	0.00406	0.01079
48	0.01348	0.00849	0.00966	0.00958	0.01087	0.00845	0.00654	0.04784	0.01703	0.02533	0.11818	0.15683	0.03671	0.24348	0.01878	0.00420	0.00555	0.01257	0.23954	0.00688
49	0.01406	0.00886	0.01124	0.01062	0.01301	0.00800	0.00803	0.01715	0.02098	0.10507	0.37875	0.12040	0.16926	0.03962	0.01055	0.00287	0.00461	0.04036	0.00850	0.00806
50	0.02362	0.02694	0.02336	0.02058	0.02280	0.32196	0.01632	0.04893	0.01824	0.02086	0.01244	0.01716	0.01119	0.01386	0.05204	0.00335	0.32672	0.00634	0.00405	0.00922
51	0.02912	0.02125	0.02289	0.01789	0.02391	0.02343	0.01479	0.57321	0.03605	0.04868	0.02103	0.02366	0.01582	0.01036	0.00814	0.00247	0.00858	0.03750	0.04805	0.01315
52	0.01007	0.00722	0.00949	0.01123	0.01183	0.00675	0.00760	0.01154	0.01564	0.02072	0.04544	0.63699	0.07648	0.05010	0.01148	0.00346	0.00491	0.04506	0.00744	0.00657
53	0.04756	0.00990	0.01272	0.01141	0.01447	0.00908	0.00886	0.02128	0.02179	0.19009	0.38622	0.09914	0.08509	0.01561	0.00915	0.00264	0.00488	0.03215	0.00884	0.00911
54	0.01720	0.01664	0.02321	0.02007	0.02026	0.02300	0.01665	0.01915	0.01269	0.01999	0.01218	0.01933	0.01181	0.01722	0.07129	0.00413	0.61955	0.00723	0.03970	0.00870
55	0.08617	0.01081	0.01074	0.00968	0.01262	0.01144	0.00757	0.12177	0.02023	0.03427	0.02394	0.02692	0.01855	0.00933	0.00602	0.00204	0.00486	0.00723	0.56710	0.00871
56	0.01527	0.01075	0.01240	0.01198	0.01467	0.01055	0.00909	0.08666	0.06798	0.07136	0.05033	0.22200	0.23331	0.06937	0.01187	0.00330	0.00579	0.07724	0.00764	0.00844
57	0.01261	0.00903	0.01247	0.01386	0.01567	0.00888	0.01177	0.01625	0.01933	0.02567	0.15997	0.11664	0.05271	0.02146	0.01085	0.00349	0.00664	0.46747	0.00775	0.00746
58	0.77215	0.01569	0.01193	0.01067	0.01569	0.01820	0.00879	0.02385	0.01381	0.03641	0.01130	0.01318	0.00879	0.00753	0.00502	0.00251	0.00628	0.00439	0.00502	0.00879
59	0.01144	0.00859	0.01087	0.01168	0.01368	0.00802	0.00944	0.01450	0.01924	0.02500	0.18315	0.13725	0.23165	0.02093	0.01032	0.00316	0.00549	0.26055	0.00780	0.00725
60	0.01049	0.00808	0.00970	0.01047	0.01230	0.00729	0.00789	0.01286	0.01824	0.02331	0.13851	0.26039	0.31021	0.02176	0.01007	0.00304	0.00480	0.11591	0.00770	0.00698
61	0.01146	0.00832	0.01082	0.01028	0.01223	0.00768	0.00777	0.01522	0.02266	0.03187	0.61816	0.06226	0.09817	0.01693	0.00962	0.00260	0.00395	0.03356	0.00883	0.00762
62	0.20128	0.01468	0.01669	0.01435	0.01932	0.01505	0.01196	0.11164	0.05554	0.26507	0.02792	0.03714	0.02262	0.01215	0.00809	0.00278	0.00713	0.13744	0.00796	0.01121
63	0.01409	0.00705	0.01057	0.01057	0.01057	0.00705	0.00705	0.01057	0.01057	0.01409	0.01409	0.02467	0.01409	0.02819	0.03171	0.76392	0.00705	0.00705	0.00352	0.00352
64	0.01505	0.00753	0.00778	0.00778	0.00953	0.00753	0.00577	0.01831	0.01655	0.02909	0.02558	0.02985	0.02031	0.01081	0.00755	0.05687	0.00402	0.00753	0.70531	0.00727
65	0.02412	0.01150	0.01370	0.01153	0.01551	0.01107	0.00918	0.07162	0.05294	0.26870	0.07307	0.03065	0.02417	0.01027	0.00717	0.00225	0.00544	0.00835	0.33816	0.01059
66	0.03409	0.01467	0.01884	0.01457	0.02057	0.01355	0.01199	0.12528	0.02496	0.53441	0.02979	0.02662	0.01922	0.00996	0.00798	0.00246	0.00698	0.00799	0.06270	0.01337
67	0.01290	0.00903	0.01115	0.01039	0.01272	0.00842	0.00781	0.01729	0.05534	0.06221	0.47808	0.05989	0.16395	0.04219	0.01060	0.00279	0.00431	0.01435	0.00858	0.00801
68	0.01734	0.01475	0.01587	0.01535	0.01880	0.03950	0.01228	0.03139	0.36744	0.02900	0.03849	0.05259	0.07541	0.03962	0.01037	0.00321	0.00693	0.19359	0.00770	0.01038
69	0.01418	0.00944	0.01049	0.00978	0.01299	0.00828	0.00748	0.01749	0.04951	0.11837	0.11086	0.09008	0.47421	0.01846	0.00934	0.00271	0.00463	0.01548	0.00803	0.00820
70	0.72056	0.01618	0.01279	0.01123	0.01635	0.01869	0.00925	0.06654	0.01550	0.03743	0.01187	0.01362	0.00914	0.00769	0.00524	0.00251	0.00646	0.00460	0.00524	0.00914
71	0.54621	0.01582	0.01360	0.01211	0.01621	0.03861	0.00976	0.05171	0.01510	0.03296	0.01356	0.01774	0.01142	0.05178	0.04503	0.00342	0.06070	0.00553	0.03001	0.00871
72	0.01587	0.01471	0.02434	0.67173	0.05481	0.01828	0.02229	0.04224	0.01699	0.02179	0.01460	0.02156	0.01092	0.00817	0.00811	0.00269	0.01075	0.00721	0.00376	0.00918
73	0.01159	0.00869	0.01304	0.01304	0.01449	0.01014	0.01014	0.01449	0.01304	0.01884	0.02173	0.03188	0.02029	0.06086	0.68268	0.01304	0.02173	0.00869	0.00435	0.00724
74	0.01772	0.06178	0.32257	0.13515	0.05925	0.01999	0.04742	0.06575	0.01760	0.02497	0.01430	0.01863	0.01105	0.00974	0.01145	0.04336	0.09812	0.00659	0.00386	0.01069
75	0.02085	0.01492	0.01691	0.01527	0.01953	0.01618	0.01219	0.05732	0.37593	0.12504	0.07145	0.04261	0.06376	0.01329	0.00881	0.00284	0.00647	0.09660	0.00840	0.01163
76	0.01056	0.00788	0.01050	0.01188	0.01229	0.00798	0.00812	0.01192	0.01510	0.02035	0.04120	0.62298	0.04921	0.06310	0.01326	0.00357	0.05505	0.02129	0.00710	0.00666
77	0.46624	0.01688	0.01603	0.01353	0.01853	0.01924	0.01111	0.12427	0.06448	0.10660	0.01639	0.01732	0.01210	0.00888	0.00762	0.00259	0.05575	0.00580	0.00619	0.01043
78	0.01995	0.01477	0.01878	0.04402	0.05598	0.01681	0.01332	0.17688	0.06488	0.06425	0.02121	0.02651	0.01753	0.05211	0.21617	0.00597	0.08521	0.00806	0.06745	0.01014
79	0.01738	0.01454	0.01711	0.01282	0.01922	0.01203	0.01034	0.06323	0.01860	0.02818	0.05034	0.02293	0.01719	0.00788	0.00725	0.00156	0.02808	0.03445	0.00535	0.61155
80	0.01592	0.00780	0.00798	0.00782	0.00987	0.00773	0.00591	0.01968	0.01725	0.05408	0.02668	0.03015	0.02077	0.00948	0.00576	0.00191	0.00390	0.00759	0.73195	0.00780
81	0.07430	0.01700	0.04593	0.04610	0.11263	0.01699	0.03465	0.06089	0.17039	0.08255	0.02623	0.03210	0.04682	0.01098	0.00916	0.00263	0.04634	0.07071	0.00635	0.08724
82	0.04832	0.02031	0.06585	0.05142	0.06462	0.04105	0.25622	0.09944	0.02090	0.02907	0.09688	0.02716	0.04542	0.00992	0.01075	0.00271	0.08506	0.00919	0.00525	0.01046

[dist]
# distance from previous block
# <min> <max>
1	7

[block]
# block no. 2 follows, 23 sequences, length 243
# corresponding to MSA columns:
# 180-422
name=unknown_C
#
# <colnr> <probs for GDERKNQSTAVLIFYWHMCP>
#	G	D	E	R	K	N	Q	S	T	A	V	L	I	F	Y	W	H	M	C	P
0	0.02049	0.01598	0.02048	0.04970	0.02284	0.01586	0.04217	0.12556	0.04833	0.08339	0.08678	0.02405	0.02028	0.00944	0.00974	0.00216	0.08938	0.00737	0.00614	0.29987
1	0.02031	0.08242	0.09218	0.02859	0.09496	0.02043	0.31182	0.04789	0.01889	0.07336	0.01799	0.05757	0.01474	0.00896	0.01028	0.00268	0.07224	0.00890	0.00471	0.01107
2	0.01617	0.01066	0.01477	0.01628	0.04944	0.01054	0.01303	0.02094	0.05356	0.09511	0.09714	0.07491	0.04373	0.01917	0.01041	0.00337	0.00712	0.42716	0.00775	0.00873
3	0.08450	0.00831	0.00796	0.00785	0.01003	0.00854	0.00596	0.01936	0.01672	0.03082	0.02508	0.02869	0.01970	0.00928	0.00561	0.00195	0.00401	0.00727	0.69070	0.00768
4	0.00994	0.00710	0.00947	0.01126	0.01178	0.00663	0.00754	0.01144	0.01580	0.02113	0.06623	0.68685	0.05447	0.02511	0.01033	0.00327	0.00468	0.02277	0.00758	0.00663
5	0.02968	0.03763	0.02309	0.02092	0.02490	0.64934	0.01578	0.03176	0.02247	0.01984	0.01245	0.01479	0.01046	0.00865	0.00828	0.00216	0.04895	0.00532	0.00415	0.00938
6	0.01698	0.04181	0.64026	0.02302	0.03462	0.05206	0.02926	0.02603	0.01742	0.02540	0.01446	0.01701	0.01029	0.00774	0.00769	0.00255	0.01212	0.00596	0.00346	0.01186
7	0.01510	0.01156	0.01581	0.01552	0.01702	0.01280	0.01177	0.01681	0.01506	0.02180	0.02510	0.08447	0.02437	0.05373	0.54651	0.01155	0.07611	0.01045	0.00553	0.00891
8	0.01705	0.01684	0.02346	0.02025	0.02046	0.02325	0.01681	0.01889	0.01276	0.01961	0.01476	0.02145	0.04367	0.01675	0.05710	0.00396	0.63276	0.00768	0.00379	0.00870
9	0.01069	0.00789	0.01090	0.01334	0.04473	0.00746	0.00871	0.01258	0.01642	0.02209	0.08975	0.59253	0.05298	0.02368	0.01023	0.00322	0.00504	0.05328	0.00746	0.00703
10	0.01097	0.00797	0.00915	0.00920	0.01035	0.00743	0.00606	0.01243	0.01619	0.02127	0.17189	0.12547	0.20549	0.32414	0.02354	0.00500	0.00576	0.01488	0.00667	0.00614
11	0.01082	0.00766	0.00952	0.01064	0.01130	0.00732	0.00716	0.01208	0.01492	0.01959	0.04154	0.37829	0.09676	0.24707	0.02036	0.00477	0.00597	0.08139	0.00668	0.00617
12	0.00999	0.00714	0.00954	0.01142	0.01193	0.00668	0.00771	0.01148	0.01564	0.02083	0.04467	0.68928	0.05344	0.02532	0.01038	0.00331	0.00480	0.04229	0.00753	0.00662
13	0.00989	0.00706	0.00942	0.01130	0.01177	0.00659	0.00753	0.01130	0.01554	0.02071	0.04472	0.70954	0.05367	0.02542	0.01036	0.00330	0.00471	0.02307	0.00753	0.00659
14	0.08904	0.01583	0.04820	0.01476	0.02102	0.01378	0.01265	0.09370	0.02365	0.50425	0.05768	0.02682	0.02082	0.01002	0.00797	0.00251	0.00714	0.00800	0.00913	0.01306
15	0.77215	0.01569	0.01193	0.01067	0.01569	0.01820	0.00879	0.02385	0.01381	0.03641	0.01130	0.01318	0.00879	0.00753	0.00502	0.00251	0.00628	0.00439	0.00502	0.00879
16	0.12457	0.01403	0.01800	0.01399	0.02011	0.01268	0.01155	0.03766	0.02210	0.59393	0.02953	0.02589	0.01873	0.00974	0.00778	0.00251	0.00683	0.00771	0.00944	0.01321
17	0.01180	0.00787	0.00885	0.00885	0.00885	0.00787	0.00492	0.01180	0.01180	0.01573	0.02557	0.05310	0.02950	0.71483	0.04130	0.00787	0.00787	0.01180	0.00492	0.00492
18	0.01217	0.00899	0.01161	0.01172	0.01380	0.00863	0.00936	0.01664	0.04824	0.02924	0.40028	0.06999	0.11537	0.01842	0.01000	0.00293	0.00505	0.19147	0.00835	0.00776
19	0.77215	0.01569	0.01193	0.01067	0.01569	0.01820	0.00879	0.02385	0.01381	0.03641	0.01130	0.01318	0.00879	0.00753	0.00502	0.00251	0.00628	0.00439	0.00502	0.00879
20	0.01139	0.00811	0.01086	0.01117	0.01191	0.00869	0.00774	0.01295	0.01299	0.01798	0.02699	0.15235	0.02930	0.30156	0.32926	0.00947	0.01368	0.01225	0.00509	0.00626
21	0.03085	0.02273	0.02435	0.01867	0.02516	0.02516	0.01542	0.63716	0.03815	0.05114	0.01948	0.01948	0.01380	0.00974	0.00812	0.00244	0.00893	0.00731	0.00812	0.01380
22	0.01666	0.01614	0.02275	0.01983	0.02009	0.02224	0.01640	0.01863	0.01254	0.01940	0.01262	0.02027	0.01237	0.02251	0.14339	0.00524	0.57927	0.00738	0.00369	0.00859
23	0.06452	0.02320	0.02372	0.01842	0.02473	0.05767	0.01513	0.57907	0.03629	0.04891	0.01876	0.01895	0.01340	0.00957	0.00794	0.00242	0.00909	0.00707	0.00778	0.01335
24	0.01013	0.00716	0.00934	0.01099	0.01140	0.00675	0.00720	0.01136	0.01506	0.02009	0.04231	0.62684	0.05062	0.11227	0.01426	0.00387	0.00511	0.02165	0.00720	0.00638
25	0.01023	0.00728	0.00965	0.01132	0.01191	0.00685	0.00771	0.01181	0.01586	0.02121	0.07229	0.61322	0.05315	0.05928	0.01191	0.00351	0.00497	0.05376	0.00746	0.00660
26	0.69848	0.04634	0.01394	0.01126	0.01644	0.01919	0.00938	0.05814	0.01528	0.03648	0.01175	0.01353	0.00914	0.00763	0.00520	0.00247	0.00653	0.00455	0.00513	0.00914
27	0.01128	0.00814	0.01066	0.01035	0.01208	0.00752	0.00764	0.01480	0.02203	0.03104	0.58186	0.14296	0.07366	0.01771	0.00967	0.00265	0.00394	0.01574	0.00875	0.00752
28	0.01061	0.00822	0.00969	0.00965	0.01182	0.00730	0.00726	0.01346	0.02022	0.02654	0.32735	0.11816	0.33225	0.01929	0.00972	0.00275	0.00420	0.04617	0.00814	0.00721
29	0.01862	0.01883	0.02694	0.05707	0.09571	0.07037	0.09532	0.04066	0.01579	0.02209	0.01391	0.02036	0.01243	0.01765	0.10399	0.00436	0.34486	0.00750	0.00397	0.00956
30	0.03031	0.03867	0.02299	0.02090	0.02508	0.68226	0.01568	0.03240	0.02299	0.01986	0.01254	0.01463	0.01045	0.00836	0.00732	0.00209	0.01463	0.00523	0.00418	0.00941
31	0.01236	0.00904	0.01208	0.01335	0.01535	0.00876	0.01137	0.01586	0.01920	0.02500	0.12787	0.08560	0.14042	0.02139	0.01076	0.00344	0.00651	0.44656	0.00767	0.00740
32	0.02862	0.03593	0.02256	0.02050	0.02431	0.61056	0.01549	0.03074	0.02189	0.01979	0.01294	0.01573	0.01099	0.01151	0.04476	0.00276	0.05199	0.00551	0.00416	0.00926
33	0.01159	0.00869	0.01304	0.01304	0.01449	0.01014	0.01014	0.01449	0.01304	0.01884	0.02173	0.03188	0.02029	0.06086	0.68268	0.01304	0.02173	0.00869	0.00435	0.00724
34	0.01121	0.00828	0.01046	0.00992	0.01195	0.00754	0.00744	0.01478	0.02232	0.03099	0.57584	0.06316	0.16163	0.01717	0.00957	0.00258	0.00387	0.01503	0.00873	0.00754
35	0.02945	0.02119	0.02299	0.01783	0.02383	0.02331	0.01459	0.56299	0.03544	0.07109	0.02032	0.02188	0.01503	0.04668	0.03242	0.00307	0.00923	0.00761	0.00790	0.01314
36	0.01180	0.00787	0.00885	0.00885	0.00885	0.00787	0.00492	0.01180	0.01180	0.01573	0.02557	0.05310	0.02950	0.71483	0.04130	0.00787	0.00787	0.01180	0.00492	0.00492
37	0.05371	0.02068	0.03165	0.02631	0.07610	0.07932	0.22520	0.02354	0.01659	0.02373	0.01352	0.01874	0.01141	0.00954	0.01469	0.00277	0.25368	0.00742	0.00402	0.08735
38	0.01754	0.01431	0.01542	0.01367	0.01802	0.01505	0.01062	0.03170	0.37548	0.05668	0.07563	0.04167	0.17650	0.01300	0.00840	0.00257	0.00572	0.01085	0.00784	0.08934
39	0.01078	0.00831	0.00987	0.00961	0.01186	0.00740	0.00730	0.01388	0.02093	0.02780	0.39410	0.06922	0.31503	0.01849	0.00965	0.00268	0.00411	0.04335	0.00829	0.00732
40	0.01918	0.02180	0.04740	0.03470	0.06240	0.02048	0.61514	0.02596	0.01913	0.02601	0.01638	0.02183	0.01233	0.00685	0.00953	0.00273	0.01355	0.00950	0.00410	0.01101
41	0.01887	0.02133	0.04613	0.08336	0.04341	0.02033	0.58922	0.02560	0.01893	0.02560	0.01627	0.02187	0.01220	0.00693	0.00947	0.00273	0.01347	0.00940	0.00407	0.01080
42	0.01295	0.01039	0.01506	0.01437	0.01556	0.01286	0.01140	0.01567	0.01311	0.01951	0.01982	0.02907	0.01845	0.04940	0.52378	0.01068	0.15174	0.00833	0.04027	0.00757
43	0.02008	0.01928	0.03294	0.04981	0.66422	0.01928	0.02490	0.02490	0.01848	0.02651	0.01526	0.02008	0.01285	0.00723	0.00803	0.00241	0.00964	0.00723	0.00402	0.01285
44	0.01159	0.00869	0.01304	0.01304	0.01449	0.01014	0.01014	0.01449	0.01304	0.01884	0.02173	0.03188	0.02029	0.06086	0.68268	0.01304	0.02173	0.00869	0.00435	0.00724
45	0.01050	0.00761	0.00999	0.01145	0.01234	0.00701	0.00785	0.01211	0.01564	0.02104	0.04232	0.61591	0.05020	0.04832	0.01125	0.00337	0.00504	0.05333	0.00729	0.04743
46	0.01553	0.01330	0.02183	0.43755	0.04110	0.01599	0.05114	0.01941	0.01548	0.02125	0.01569	0.02280	0.01253	0.01121	0.01228	0.09927	0.06141	0.00735	0.09664	0.00823
47	0.01191	0.00787	0.00889	0.00886	0.00902	0.00785	0.00507	0.01224	0.01251	0.01706	0.05439	0.05255	0.03130	0.65572	0.03847	0.00739	0.00752	0.01177	0.03445	0.00514
48	0.01973	0.01892	0.03230	0.09781	0.61898	0.01919	0.02473	0.02459	0.01831	0.02608	0.01520	0.02020	0.01270	0.00730	0.00804	0.00243	0.00973	0.00723	0.00399	0.01257
49	0.67927	0.01753	0.04586	0.01189	0.01737	0.01875	0.01034	0.06955	0.01579	0.03697	0.01207	0.01385	0.00923	0.00771	0.00539	0.00251	0.00676	0.00469	0.00517	0.00932
50	0.02835	0.02011	0.02182	0.01725	0.02302	0.02204	0.01419	0.49486	0.06892	0.07593	0.02253	0.02480	0.01686	0.01041	0.00807	0.00247	0.00819	0.03623	0.07103	0.01292
51	0.00996	0.00718	0.00944	0.01111	0.01175	0.00666	0.00748	0.01153	0.01606	0.02140	0.07952	0.64739	0.08100	0.02474	0.01028	0.00323	0.00463	0.02236	0.00761	0.00666
52	0.01609	0.01338	0.01577	0.01207	0.01805	0.01059	0.00940	0.01996	0.04506	0.02551	0.01848	0.09164	0.01715	0.00950	0.00796	0.04264	0.00595	0.00707	0.00518	0.60856
53	0.01356	0.00893	0.01278	0.01291	0.01446	0.00853	0.03829	0.01597	0.04501	0.06985	0.07231	0.43929	0.04380	0.02243	0.01275	0.09903	0.00577	0.04981	0.00716	0.00734
54	0.01237	0.00835	0.01098	0.01057	0.01246	0.00768	0.00783	0.01578	0.02181	0.05965	0.53423	0.16159	0.07038	0.01769	0.00963	0.00267	0.00411	0.01570	0.00876	0.00777
55	0.01102	0.00801	0.01038	0.01034	0.01198	0.00737	0.00755	0.01421	0.02105	0.02929	0.48951	0.20731	0.10407	0.01879	0.00975	0.00273	0.00404	0.01670	0.00854	0.00737
56	0.01926	0.01834	0.03119	0.12741	0.56730	0.01878	0.02420	0.02411	0.01821	0.02573	0.01613	0.02277	0.01379	0.00787	0.00815	0.00249	0.00971	0.02829	0.00409	0.01220
57	0.01583	0.00856	0.00972	0.00932	0.01125	0.00905	0.00718	0.01936	0.01656	0.05801	0.02527	0.02963	0.02014	0.01602	0.08963	0.00337	0.04502	0.00770	0.59048	0.00789
58	0.03085	0.02273	0.02435	0.01867	0.02516	0.02516	0.01542	0.63716	0.03815	0.05114	0.01948	0.01948	0.01380	0.00974	0.00812	0.00244	0.00893	0.00731	0.00812	0.01380
59	0.03506	0.01351	0.01840	0.01421	0.02025	0.01170	0.01170	0.03824	0.02321	0.63548	0.06586	0.02940	0.02313	0.01040	0.00824	0.00251	0.00674	0.00851	0.00998	0.01348
60	0.01686	0.01221	0.01406	0.01270	0.01614	0.01263	0.00980	0.02751	0.25580	0.09250	0.29196	0.04842	0.12729	0.01440	0.00895	0.00265	0.00512	0.01232	0.00861	0.01007
61	0.01887	0.02133	0.04613	0.08336	0.04341	0.02033	0.58922	0.02560	0.01893	0.02560	0.01627	0.02187	0.01220	0.00693	0.00947	0.00273	0.01347	0.00940	0.00407	0.01080
62	0.03454	0.01681	0.02069	0.01586	0.02221	0.01638	0.01310	0.24040	0.02824	0.46190	0.02780	0.02488	0.01797	0.00994	0.00815	0.00249	0.00758	0.00787	0.00940	0.01381
63	0.01052	0.00738	0.00947	0.01090	0.01133	0.00704	0.00719	0.01171	0.01480	0.01970	0.04000	0.51828	0.04746	0.19202	0.01789	0.00442	0.00562	0.05116	0.00690	0.00623
64	0.01159	0.00869	0.01304	0.01304	0.01449	0.01014	0.01014	0.01449	0.01304	0.01884	0.02173	0.03188	0.02029	0.06086	0.68268	0.01304	0.02173	0.00869	0.00435	0.00724
65	0.03104	0.02054	0.02266	0.01745	0.02369	0.02215	0.01439	0.50932	0.03469	0.15274	0.02188	0.02133	0.01517	0.00978	0.00801	0.00242	0.00835	0.00746	0.04341	0.01351
66	0.01148	0.00863	0.01070	0.01055	0.01253	0.00811	0.00786	0.01571	0.05483	0.02897	0.42603	0.15497	0.16258	0.01837	0.00967	0.00274	0.00426	0.03593	0.00843	0.00765
67	0.01549	0.01459	0.02464	0.67276	0.07716	0.01807	0.02262	0.02088	0.01630	0.02093	0.01445	0.02158	0.01089	0.00808	0.00811	0.00269	0.01078	0.00721	0.00362	0.00915
68	0.03034	0.03795	0.02306	0.02080	0.02509	0.65244	0.01567	0.05984	0.02368	0.02128	0.01286	0.01485	0.01060	0.00842	0.00735	0.00211	0.01437	0.00532	0.00436	0.00961
69	0.01170	0.00828	0.01096	0.01096	0.01169	0.00901	0.00755	0.01315	0.01242	0.01730	0.02364	0.04241	0.02486	0.38542	0.36437	0.01047	0.01485	0.01024	0.00463	0.00609
70	0.01417	0.00888	0.01017	0.00991	0.01244	0.00812	0.00739	0.01758	0.04490	0.09469	0.11964	0.17868	0.27502	0.01753	0.00882	0.00265	0.00453	0.01498	0.14189	0.00801
71	0.01471	0.00895	0.01109	0.01043	0.01295	0.00797	0.00777	0.01741	0.02016	0.12828	0.28231	0.15335	0.22120	0.05286	0.01105	0.00297	0.00472	0.01537	0.00832	0.00812
72	0.01252	0.00851	0.01067	0.01082	0.01215	0.00821	0.00748	0.01572	0.05298	0.05135	0.24742	0.28091	0.05314	0.17104	0.01662	0.00398	0.00528	0.01638	0.00758	0.00724
73	0.01159	0.00869	0.01304	0.01304	0.01449	0.01014	0.01014	0.01449	0.01304	0.01884	0.02173	0.03188	0.02029	0.06086	0.68268	0.01304	0.02173	0.00869	0.00435	0.00724
74	0.01161	0.00788	0.00934	0.00950	0.00969	0.00799	0.00569	0.01204	0.01225	0.01649	0.02684	0.10815	0.03065	0.58665	0.10534	0.00801	0.00903	0.01246	0.00509	0.00530
75	0.01170	0.00782	0.00888	0.00898	0.00901	0.00780	0.00506	0.01177	0.01200	0.01600	0.02660	0.08851	0.03080	0.67764	0.03963	0.00762	0.00770	0.01241	0.00506	0.00501
76	0.01066	0.00743	0.00940	0.01067	0.01105	0.00713	0.00694	0.01172	0.01447	0.01926	0.03840	0.46705	0.04547	0.24976	0.02047	0.00480	0.00586	0.04668	0.00668	0.00609
77	0.77215	0.01569	0.01193	0.01067	0.01569	0.01820	0.00879	0.02385	0.01381	0.03641	0.01130	0.01318	0.00879	0.00753	0.00502	0.00251	0.00628	0.00439	0.00502	0.00879
78	0.01361	0.03732	0.01728	0.01528	0.01654	0.01488	0.01231	0.01620	0.01300	0.01903	0.01839	0.02741	0.01735	0.04641	0.48253	0.01009	0.20236	0.00811	0.00410	0.00780
79	0.01243	0.00878	0.00953	0.00903	0.01204	0.00743	0.00688	0.01476	0.01940	0.08713	0.13320	0.07140	0.54083	0.01913	0.00945	0.00270	0.00436	0.01600	0.00792	0.00762
80	0.01683	0.01442	0.01683	0.01202	0.01923	0.01082	0.00961	0.02043	0.01683	0.02644	0.01442	0.01683	0.01202	0.00601	0.00601	0.00120	0.00601	0.00481	0.00481	0.76444
81	0.01652	0.01565	0.02651	0.53247	0.20936	0.01834	0.02313	0.02178	0.01679	0.02219	0.01463	0.02124	0.01133	0.00789	0.00809	0.00263	0.01052	0.00722	0.00371	0.00998
82	0.06128	0.01658	0.05103	0.01544	0.02135	0.01546	0.01302	0.03944	0.24429	0.38528	0.03061	0.02741	0.02077	0.01016	0.00804	0.00260	0.00696	0.00825	0.00886	0.01316
83	0.01409	0.00705	0.01057	0.01057	0.01057	0.00705	0.00705	0.01057	0.01057	0.01409	0.01409	0.02467	0.01409	0.02819	0.03171	0.76392	0.00705	0.00705	0.00352	0.00352
84	0.00978	0.00821	0.00852	0.00864	0.01123	0.00695	0.00650	0.01193	0.01854	0.02233	0.10027	0.10503	0.59390	0.02068	0.00967	0.00279	0.00423	0.03634	0.00758	0.00689
85	0.01795	0.01029	0.01058	0.00956	0.01228	0.01073	0.00743	0.13015	0.02082	0.03401	0.02521	0.02831	0.01954	0.00951	0.00611	0.00199	0.00471	0.00752	0.62462	0.00868
86	0.02207	0.02127	0.02783	0.13202	0.34714	0.10350	0.02093	0.10566	0.08664	0.02877	0.01718	0.02060	0.01361	0.00821	0.00799	0.00245	0.01001	0.00719	0.00494	0.01198
87	0.02073	0.01747	0.01859	0.01662	0.02123	0.02006	0.01307	0.09191	0.56647	0.03491	0.03238	0.03242	0.02494	0.01147	0.00839	0.00277	0.00669	0.03901	0.00821	0.01266
88	0.01016	0.00723	0.00959	0.01138	0.01191	0.00681	0.00771	0.01163	0.01552	0.02066	0.04367	0.64222	0.05207	0.05969	0.01195	0.00355	0.00502	0.05527	0.00740	0.00656
89	0.08481	0.06568	0.02311	0.01935	0.02407	0.48782	0.01495	0.11697	0.04518	0.02593	0.01406	0.01566	0.01128	0.00852	0.00719	0.00218	0.01266	0.00555	0.00490	0.01014
90	0.00996	0.00712	0.00948	0.01125	0.01179	0.00664	0.00754	0.01149	0.01589	0.02128	0.07410	0.67855	0.05476	0.02500	0.01032	0.00326	0.00467	0.02267	0.00760	0.00664
91	0.01885	0.04891	0.02831	0.02185	0.02508	0.05222	0.14185	0.05563	0.01654	0.02334	0.01532	0.06970	0.01447	0.01194	0.01717	0.00294	0.34353	0.00839	0.00436	0.07960
92	0.01231	0.01207	0.07803	0.10100	0.02006	0.00960	0.01162	0.01526	0.01679	0.04939	0.04569	0.37821	0.17980	0.01963	0.00953	0.00299	0.00619	0.01730	0.00672	0.00782
93	0.04551	0.53871	0.06063	0.01544	0.02204	0.13898	0.01466	0.04538	0.01821	0.02100	0.01187	0.01365	0.01048	0.00731	0.00574	0.00187	0.00972	0.00464	0.00378	0.01036
94	0.05699	0.02278	0.02346	0.01815	0.02452	0.05401	0.01490	0.55661	0.03551	0.04795	0.01862	0.01890	0.01338	0.00941	0.00786	0.00236	0.00895	0.00698	0.00766	0.05100
95	0.03025	0.02243	0.02402	0.01855	0.02494	0.02489	0.01528	0.60397	0.07231	0.05018	0.02024	0.02008	0.01441	0.00981	0.00812	0.00245	0.00879	0.00741	0.00812	0.01375
96	0.01400	0.00897	0.01142	0.01140	0.01351	0.00837	0.00845	0.01764	0.05092	0.09816	0.24205	0.29029	0.12476	0.01947	0.00971	0.00290	0.00483	0.04673	0.00829	0.00812
97	0.01770	0.01780	0.02607	0.05836	0.02431	0.02425	0.05127	0.01994	0.01299	0.01994	0.01117	0.01818	0.01075	0.01348	0.02471	0.00346	0.62581	0.00724	0.00358	0.00900
