[name]
unknown

[dist]
# distance from previous block
# <min> <max>
0	8

[block]
# block no. 0 follows, 25 sequences, length 25
# corresponding to MSA columns:
# 8-32
name=unknown_A
#
# <colnr> <probs for GDERKNQSTAVLIFYWHMCP>
#	G	D	E	R	K	N	Q	S	T	A	V	L	I	F	Y	W	H	M	C	P
0	0.01249	0.00892	0.01249	0.01428	0.01606	0.00892	0.01249	0.01606	0.01785	0.02320	0.04105	0.08746	0.04462	0.02142	0.01071	0.00357	0.00714	0.62695	0.00714	0.00714
1	0.02073	0.73217	0.04063	0.01327	0.01990	0.03068	0.01327	0.02322	0.01575	0.01824	0.01078	0.01244	0.00995	0.00663	0.00498	0.00166	0.00829	0.00415	0.00332	0.00995
2	0.03201	0.01285	0.01734	0.01337	0.01913	0.01104	0.01098	0.03509	0.02182	0.59998	0.07539	0.02803	0.02258	0.00982	0.00777	0.00233	0.00634	0.00805	0.00923	0.05682
3	0.01919	0.01842	0.03147	0.04759	0.67914	0.01842	0.02380	0.02380	0.01765	0.02533	0.01458	0.01919	0.01228	0.00691	0.00768	0.00230	0.00921	0.00691	0.00384	0.01228
4	0.00945	0.00675	0.00900	0.01080	0.01125	0.00630	0.00720	0.01080	0.01484	0.01979	0.04274	0.72245	0.05128	0.02429	0.00990	0.00315	0.00450	0.02204	0.00720	0.00630
5	0.01706	0.01651	0.02884	0.34608	0.34693	0.01797	0.07058	0.02207	0.01673	0.02279	0.01430	0.01999	0.01136	0.00726	0.00782	0.00245	0.01002	0.00707	0.00367	0.01048
6	0.01555	0.04011	0.68733	0.02210	0.03356	0.01801	0.02865	0.02455	0.01637	0.02455	0.01391	0.01637	0.00982	0.00737	0.00737	0.00246	0.01146	0.00573	0.00327	0.01146
7	0.02073	0.73217	0.04063	0.01327	0.01990	0.03068	0.01327	0.02322	0.01575	0.01824	0.01078	0.01244	0.00995	0.00663	0.00498	0.00166	0.00829	0.00415	0.00332	0.00995
8	0.00945	0.00675	0.00900	0.01080	0.01125	0.00630	0.00720	0.01080	0.01484	0.01979	0.04274	0.72245	0.05128	0.02429	0.00990	0.00315	0.00450	0.02204	0.00720	0.00630
9	0.01128	0.00752	0.00846	0.00846	0.00846	0.00752	0.00470	0.01128	0.01128	0.01503	0.02443	0.05074	0.02819	0.72751	0.03946	0.00752	0.00752	0.01128	0.00470	0.00470
10	0.01543	0.01426	0.02386	0.55605	0.16107	0.01692	0.02109	0.02042	0.01592	0.02126	0.01452	0.02084	0.01118	0.00767	0.00762	0.00249	0.00979	0.00691	0.04351	0.00919
11	0.01518	0.01433	0.02422	0.63088	0.12721	0.01737	0.02180	0.02028	0.01576	0.02046	0.01388	0.02050	0.01057	0.00765	0.00774	0.00255	0.01020	0.00689	0.00349	0.00905
12	0.01108	0.00831	0.01246	0.01246	0.01385	0.00969	0.00969	0.01385	0.01246	0.01800	0.02077	0.03046	0.01938	0.05815	0.69678	0.01246	0.02077	0.00831	0.00415	0.00692
13	0.01391	0.00858	0.01130	0.01025	0.01260	0.00782	0.00782	0.01749	0.02198	0.11162	0.59562	0.05403	0.06651	0.01508	0.00898	0.00243	0.00402	0.01326	0.00867	0.00804
14	0.05915	0.01611	0.02231	0.01765	0.02310	0.01649	0.12395	0.08581	0.23454	0.22317	0.07260	0.02724	0.02223	0.00968	0.00802	0.00251	0.00751	0.00857	0.00758	0.01177
15	0.03038	0.01510	0.01822	0.01420	0.01970	0.01485	0.01166	0.23051	0.02592	0.39486	0.02608	0.02426	0.01738	0.00943	0.00747	0.00230	0.00681	0.00746	0.11102	0.01239
16	0.00945	0.00675	0.00900	0.01080	0.01125	0.00630	0.00720	0.01080	0.01484	0.01979	0.04274	0.72245	0.05128	0.02429	0.00990	0.00315	0.00450	0.02204	0.00720	0.00630
17	0.01598	0.09804	0.63319	0.02136	0.03242	0.01907	0.02736	0.02444	0.01632	0.02403	0.01365	0.01604	0.00983	0.00731	0.00717	0.00239	0.01119	0.00560	0.00328	0.01133
18	0.01806	0.01759	0.02557	0.41501	0.23381	0.07595	0.02125	0.05857	0.01790	0.02305	0.01414	0.01954	0.01105	0.00761	0.00766	0.00244	0.01021	0.00674	0.00386	0.00999
19	0.01421	0.01319	0.02206	0.65043	0.04987	0.01631	0.02033	0.01906	0.01545	0.01981	0.01621	0.07942	0.01376	0.00914	0.00793	0.00263	0.00985	0.00816	0.00376	0.00842
20	0.01036	0.00766	0.00984	0.01076	0.01198	0.00686	0.00731	0.01190	0.01481	0.02022	0.03820	0.60009	0.04516	0.05872	0.01093	0.00313	0.00481	0.01932	0.00675	0.10119
21	0.01636	0.03906	0.62412	0.02248	0.03340	0.05231	0.05671	0.02489	0.01674	0.02429	0.01390	0.01646	0.00992	0.00736	0.00743	0.00244	0.01166	0.00585	0.00334	0.01129
22	0.07128	0.17587	0.41667	0.02040	0.06217	0.05452	0.02254	0.02495	0.01660	0.04883	0.01364	0.01572	0.01024	0.00730	0.00672	0.00226	0.01027	0.00541	0.00369	0.01093
23	0.57194	0.05220	0.16870	0.01308	0.01949	0.01812	0.01328	0.02322	0.01404	0.03170	0.01152	0.01346	0.00879	0.00721	0.00540	0.00238	0.00736	0.00455	0.00438	0.00917
24	0.34607	0.06703	0.06987	0.07111	0.02089	0.01692	0.01234	0.02480	0.03992	0.13762	0.01645	0.01931	0.01268	0.04640	0.03611	0.00308	0.03871	0.00595	0.00529	0.00948

[dist]
# distance from previous block
# <min> <max>
3	27

[block]
# block no. 1 follows, 25 sequences, length 109
# corresponding to MSA columns:
# 60-168
name=unknown_B
#
# <colnr> <probs for GDERKNQSTAVLIFYWHMCP>
#	G	D	E	R	K	N	Q	S	T	A	V	L	I	F	Y	W	H	M	C	P
0	0.19070	0.01459	0.02154	0.38912	0.05857	0.01715	0.06062	0.02053	0.01502	0.02389	0.01421	0.04660	0.01173	0.00844	0.00819	0.00255	0.04894	0.00695	0.00399	0.03669
1	0.01847	0.01795	0.07195	0.07438	0.02442	0.06260	0.06537	0.02468	0.10252	0.08438	0.06321	0.02373	0.01823	0.01414	0.07381	0.00338	0.13679	0.00749	0.00521	0.10727
2	0.05311	0.01733	0.02598	0.03425	0.41194	0.01761	0.01896	0.06422	0.10799	0.14114	0.01973	0.02146	0.01492	0.00801	0.00762	0.00237	0.00817	0.00721	0.00564	0.01233
3	0.07875	0.37573	0.02860	0.01373	0.01914	0.02404	0.01229	0.10822	0.11788	0.02661	0.06136	0.02012	0.01733	0.01167	0.05192	0.00272	0.00833	0.00619	0.00513	0.01023
4	0.05691	0.11721	0.21998	0.01925	0.04960	0.02262	0.01868	0.33825	0.02623	0.03637	0.01575	0.01693	0.01154	0.00822	0.00716	0.00228	0.00927	0.00613	0.00561	0.01202
5	0.11349	0.03529	0.55513	0.02015	0.03027	0.01802	0.02494	0.02548	0.06060	0.02640	0.01473	0.01675	0.01059	0.00756	0.00708	0.00246	0.01040	0.00574	0.00379	0.01112
6	0.13440	0.01318	0.01677	0.01334	0.01892	0.01206	0.01106	0.03443	0.02071	0.55632	0.02856	0.02826	0.01929	0.01000	0.00757	0.00247	0.00655	0.04515	0.00880	0.01218
7	0.00945	0.00675	0.00900	0.01080	0.01125	0.00630	0.00720	0.01080	0.01484	0.01979	0.04274	0.72245	0.05128	0.02429	0.00990	0.00315	0.00450	0.02204	0.00720	0.00630
8	0.00990	0.00770	0.00976	0.01079	0.01170	0.00755	0.00758	0.01141	0.01528	0.01997	0.04853	0.52852	0.18865	0.02251	0.01080	0.00305	0.05314	0.01972	0.00694	0.00650
9	0.02984	0.02113	0.02291	0.01756	0.02375	0.02317	0.01451	0.61094	0.03547	0.09260	0.01944	0.01915	0.01360	0.00933	0.00776	0.00233	0.00840	0.00704	0.00788	0.01319
10	0.02289	0.01585	0.01764	0.01532	0.02008	0.01745	0.01207	0.04041	0.51550	0.18419	0.03133	0.02834	0.02263	0.01030	0.00787	0.00258	0.00624	0.00854	0.00829	0.01249
11	0.03479	0.01320	0.01799	0.01380	0.01979	0.01140	0.01140	0.03779	0.02219	0.68451	0.03059	0.02639	0.01919	0.00960	0.00780	0.00240	0.00660	0.00780	0.00960	0.01320
12	0.02126	0.01621	0.01759	0.01553	0.02012	0.01828	0.01216	0.04077	0.58322	0.11551	0.03143	0.02861	0.02310	0.01040	0.00788	0.00260	0.00620	0.00864	0.00811	0.01239
13	0.03479	0.01320	0.01799	0.01380	0.01979	0.01140	0.01140	0.03779	0.02219	0.68451	0.03059	0.02639	0.01919	0.00960	0.00780	0.00240	0.00660	0.00780	0.00960	0.01320
14	0.00996	0.00675	0.00914	0.01071	0.01110	0.00635	0.00714	0.01071	0.01424	0.01899	0.03901	0.63340	0.04646	0.02463	0.01250	0.10141	0.00478	0.02009	0.00671	0.00592
15	0.00945	0.00675	0.00900	0.01080	0.01125	0.00630	0.00720	0.01080	0.01484	0.01979	0.04274	0.72245	0.05128	0.02429	0.00990	0.00315	0.00450	0.02204	0.00720	0.00630
16	0.73048	0.01546	0.01221	0.01072	0.01562	0.01785	0.00883	0.06617	0.01480	0.03576	0.01133	0.01301	0.00873	0.00734	0.00500	0.00239	0.00617	0.00439	0.00500	0.00873
17	0.03266	0.01362	0.01795	0.01389	0.01962	0.01228	0.01142	0.09277	0.02349	0.58113	0.07383	0.02785	0.02235	0.01000	0.00789	0.00240	0.00657	0.00815	0.00935	0.01279
18	0.01166	0.00876	0.01280	0.01260	0.01392	0.01039	0.00985	0.01442	0.01268	0.01876	0.02042	0.02953	0.01885	0.05217	0.60992	0.01120	0.06196	0.00814	0.05491	0.00704
19	0.01830	0.02092	0.04575	0.03268	0.04052	0.01961	0.65098	0.02484	0.01830	0.02484	0.01569	0.02092	0.01176	0.00654	0.00915	0.00261	0.01307	0.00915	0.00392	0.01046
20	0.01748	0.01292	0.01552	0.01151	0.01762	0.01005	0.00918	0.02090	0.01755	0.09966	0.10499	0.02288	0.02068	0.00754	0.00643	0.00146	0.00556	0.00623	0.00568	0.58616
21	0.02044	0.69295	0.07728	0.01377	0.02067	0.02996	0.01414	0.02329	0.01579	0.01860	0.01096	0.01266	0.00994	0.00668	0.00511	0.00170	0.00847	0.00424	0.00331	0.01004
22	0.01608	0.01378	0.01608	0.01148	0.01837	0.01034	0.00919	0.01952	0.01608	0.02527	0.01378	0.01608	0.01148	0.00574	0.00574	0.00115	0.00574	0.00459	0.00459	0.77491
23	0.56050	0.01427	0.01281	0.01107	0.01588	0.01571	0.00905	0.02581	0.04401	0.15370	0.05937	0.01885	0.01534	0.00836	0.00577	0.00241	0.00596	0.00571	0.00606	0.00938
24	0.01820	0.02062	0.04408	0.03175	0.03899	0.01992	0.60290	0.02437	0.01781	0.02437	0.01527	0.02062	0.01164	0.00707	0.01039	0.00267	0.06617	0.00897	0.00388	0.01031
25	0.01464	0.01378	0.02326	0.70887	0.05340	0.01723	0.02153	0.01981	0.01550	0.01981	0.01378	0.02067	0.01034	0.00775	0.00775	0.00258	0.01034	0.00689	0.00345	0.00861
26	0.01128	0.00752	0.00846	0.00846	0.00846	0.00752	0.00470	0.01128	0.01128	0.01503	0.02443	0.05074	0.02819	0.72751	0.03946	0.00752	0.00752	0.01128	0.00470	0.00470
27	0.01464	0.01378	0.02326	0.70887	0.05340	0.01723	0.02153	0.01981	0.01550	0.01981	0.01378	0.02067	0.01034	0.00775	0.00775	0.00258	0.01034	0.00689	0.00345	0.00861
28	0.01170	0.00845	0.01153	0.01320	0.01479	0.00828	0.01107	0.01475	0.01728	0.02242	0.04385	0.20510	0.08772	0.02184	0.01046	0.00343	0.00643	0.47360	0.00715	0.00694
29	0.01079	0.00784	0.01005	0.00994	0.01157	0.00727	0.00738	0.01384	0.01994	0.02761	0.48023	0.13195	0.11189	0.06091	0.01118	0.00291	0.00424	0.05552	0.00796	0.00698
30	0.01530	0.01484	0.02320	0.67731	0.05205	0.04834	0.02123	0.02032	0.01580	0.01977	0.01370	0.02037	0.01032	0.00776	0.00772	0.00256	0.01050	0.00680	0.00347	0.00863
31	0.01128	0.00752	0.00846	0.00846	0.00846	0.00752	0.00470	0.01128	0.01128	0.01503	0.02443	0.05074	0.02819	0.72751	0.03946	0.00752	0.00752	0.01128	0.00470	0.00470
32	0.01108	0.00831	0.01246	0.01246	0.01385	0.00969	0.00969	0.01385	0.01246	0.01800	0.02077	0.03046	0.01938	0.05815	0.69678	0.01246	0.02077	0.00831	0.00415	0.00692
33	0.01643	0.15790	0.57726	0.02060	0.03123	0.02016	0.02603	0.02433	0.01627	0.02348	0.01338	0.01570	0.00984	0.00724	0.00696	0.00232	0.01092	0.00546	0.00328	0.01120
34	0.01089	0.00798	0.01029	0.01023	0.01206	0.00739	0.00787	0.01420	0.02047	0.02818	0.48195	0.10449	0.13539	0.01756	0.00941	0.00266	0.00422	0.09951	0.00811	0.00714
35	0.01653	0.00915	0.01214	0.01070	0.01350	0.00827	0.00827	0.02003	0.02200	0.18343	0.52480	0.05057	0.06058	0.01439	0.00883	0.00243	0.00434	0.01257	0.00878	0.00869
36	0.01593	0.09043	0.64031	0.02146	0.03257	0.01893	0.02753	0.02446	0.01633	0.02410	0.01369	0.01608	0.00983	0.00731	0.00719	0.00240	0.01123	0.00561	0.00328	0.01135
37	0.05292	0.03530	0.02172	0.01953	0.02369	0.63261	0.01476	0.06977	0.02260	0.02135	0.01236	0.01423	0.01014	0.00805	0.00697	0.00203	0.01339	0.00509	0.00426	0.00923
38	0.03021	0.01877	0.02112	0.01627	0.02222	0.01988	0.01341	0.45895	0.03170	0.21859	0.02214	0.02117	0.01511	0.00937	0.00766	0.00232	0.00779	0.00721	0.04320	0.01292
39	0.00955	0.00687	0.00908	0.01081	0.01139	0.00640	0.00734	0.01100	0.01507	0.01996	0.04411	0.67324	0.07613	0.02400	0.00990	0.00314	0.00457	0.04391	0.00720	0.00634
40	0.01406	0.01300	0.02146	0.59504	0.04684	0.01607	0.01954	0.01862	0.01529	0.01977	0.01734	0.10995	0.01555	0.01007	0.00866	0.00269	0.03501	0.00882	0.00392	0.00831
41	0.01778	0.01188	0.01287	0.01167	0.01481	0.01301	0.00908	0.08096	0.23003	0.05504	0.02654	0.02807	0.02047	0.01408	0.07015	0.00312	0.00655	0.00783	0.35647	0.00959
42	0.01606	0.01529	0.02997	0.02320	0.02786	0.01476	0.35007	0.02028	0.01691	0.06008	0.02561	0.26561	0.02587	0.01335	0.01037	0.00284	0.05407	0.01342	0.00535	0.00904
43	0.01503	0.01437	0.02485	0.64487	0.07697	0.01741	0.05730	0.02025	0.01575	0.02031	0.01392	0.02063	0.01049	0.00765	0.00783	0.00257	0.01045	0.00702	0.00349	0.00886
44	0.65365	0.01563	0.01311	0.01126	0.01629	0.01776	0.00928	0.09317	0.01631	0.07605	0.01287	0.01410	0.00958	0.00758	0.00531	0.00239	0.00631	0.00473	0.00542	0.00922
45	0.27721	0.01520	0.01537	0.01269	0.01752	0.01643	0.01033	0.19362	0.05462	0.14971	0.03934	0.02117	0.01594	0.00887	0.00648	0.00231	0.00636	0.00653	0.11979	0.01049
46	0.02917	0.03072	0.02250	0.01910	0.02400	0.42109	0.01488	0.28578	0.02790	0.03121	0.01470	0.01588	0.01130	0.00853	0.00730	0.00213	0.01175	0.00581	0.00554	0.01071
47	0.00944	0.00679	0.00896	0.01069	0.01122	0.00631	0.00715	0.01081	0.01495	0.01984	0.04404	0.69876	0.07412	0.02412	0.00987	0.00313	0.00448	0.02183	0.00720	0.00631
48	0.01671	0.01653	0.02954	0.36185	0.22554	0.01838	0.13220	0.02174	0.01638	0.02218	0.01412	0.02007	0.01113	0.00766	0.00906	0.00256	0.05346	0.00729	0.00364	0.00996
49	0.13291	0.01779	0.01934	0.01542	0.02107	0.01913	0.01260	0.30803	0.13510	0.20491	0.02274	0.02148	0.01580	0.00929	0.00738	0.00241	0.00729	0.00710	0.00784	0.01237
50	0.00952	0.00681	0.00907	0.01074	0.01126	0.00635	0.00720	0.01099	0.01520	0.02036	0.07469	0.68886	0.05239	0.02386	0.00986	0.00311	0.00446	0.02164	0.00727	0.00635
51	0.05439	0.03822	0.63240	0.02184	0.03285	0.01803	0.04777	0.02447	0.01627	0.02508	0.01381	0.01633	0.00981	0.00733	0.00729	0.00246	0.01124	0.00576	0.00337	0.01127
52	0.01740	0.01469	0.02104	0.38686	0.06790	0.01727	0.01770	0.02776	0.22564	0.06195	0.02163	0.02635	0.01665	0.00928	0.00792	0.00262	0.00859	0.03320	0.00540	0.01016
53	0.03479	0.01320	0.01799	0.01380	0.01979	0.01140	0.01140	0.03779	0.02219	0.68451	0.03059	0.02639	0.01919	0.00960	0.00780	0.00240	0.00660	0.00780	0.00960	0.01320
54	0.01128	0.00752	0.00846	0.00846	0.00846	0.00752	0.00470	0.01128	0.01128	0.01503	0.02443	0.05074	0.02819	0.72751	0.03946	0.00752	0.00752	0.01128	0.00470	0.00470
55	0.02405	0.01789	0.02179	0.03966	0.02234	0.08937	0.04222	0.06583	0.06128	0.21705	0.01995	0.04893	0.01560	0.01130	0.01420	0.00277	0.26155	0.00776	0.00602	0.01046
56	0.01822	0.01561	0.01661	0.01520	0.01930	0.01782	0.01190	0.03770	0.58265	0.03112	0.03506	0.03560	0.06493	0.01180	0.00815	0.00269	0.00607	0.05021	0.00780	0.01158
57	0.00945	0.00675	0.00900	0.01080	0.01125	0.00630	0.00720	0.01080	0.01484	0.01979	0.04274	0.72245	0.05128	0.02429	0.00990	0.00315	0.00450	0.02204	0.00720	0.00630
58	0.01555	0.04011	0.68733	0.02210	0.03356	0.01801	0.02865	0.02455	0.01637	0.02455	0.01391	0.01637	0.00982	0.00737	0.00737	0.00246	0.01146	0.00573	0.00327	0.01146
59	0.01890	0.01626	0.01720	0.01550	0.01977	0.01874	0.01205	0.03998	0.63566	0.03237	0.06104	0.03026	0.02594	0.01076	0.00795	0.00262	0.00602	0.00901	0.00792	0.01205
60	0.00954	0.00787	0.00838	0.00825	0.01071	0.00671	0.00619	0.01186	0.01857	0.02307	0.20333	0.07113	0.54989	0.01884	0.00916	0.00258	0.00387	0.01587	0.00748	0.00671
61	0.01445	0.00723	0.00723	0.00723	0.00903	0.00723	0.00542	0.01807	0.01626	0.02891	0.02529	0.02891	0.01987	0.00903	0.00542	0.00181	0.00361	0.00723	0.77055	0.00723
62	0.01971	0.01687	0.01777	0.01586	0.02032	0.01948	0.01237	0.06652	0.63912	0.03311	0.03102	0.02850	0.02323	0.01047	0.00788	0.00262	0.00624	0.00869	0.00788	0.01231
63	0.02896	0.03695	0.02197	0.01998	0.02397	0.69638	0.01498	0.03096	0.02197	0.01898	0.01199	0.01398	0.00999	0.00799	0.00699	0.00200	0.01398	0.00499	0.00400	0.00899
64	0.00945	0.00675	0.00900	0.01080	0.01125	0.00630	0.00720	0.01080	0.01484	0.01979	0.04274	0.72245	0.05128	0.02429	0.00990	0.00315	0.00450	0.02204	0.00720	0.00630
65	0.00945	0.00675	0.00900	0.01080	0.01125	0.00630	0.00720	0.01080	0.01484	0.01979	0.04274	0.72245	0.05128	0.02429	0.00990	0.00315	0.00450	0.02204	0.00720	0.00630
66	0.00945	0.00675	0.00900	0.01080	0.01125	0.00630	0.00720	0.01080	0.01484	0.01979	0.04274	0.72245	0.05128	0.02429	0.00990	0.00315	0.00450	0.02204	0.00720	0.00630
67	0.01125	0.00761	0.00891	0.00891	0.00906	0.00776	0.00526	0.01157	0.01141	0.01537	0.02402	0.04846	0.02720	0.65211	0.11350	0.00807	0.00901	0.01094	0.00464	0.00495
68	0.01608	0.01378	0.01608	0.01148	0.01837	0.01034	0.00919	0.01952	0.01608	0.02527	0.01378	0.01608	0.01148	0.00574	0.00574	0.00115	0.00574	0.00459	0.00459	0.77491
69	0.01347	0.00673	0.01010	0.01010	0.01010	0.00673	0.00673	0.01010	0.01010	0.01347	0.01347	0.02357	0.01347	0.02694	0.03030	0.77441	0.00673	0.00673	0.00337	0.00337
70	0.01919	0.01842	0.03147	0.04759	0.67914	0.01842	0.02380	0.02380	0.01765	0.02533	0.01458	0.01919	0.01228	0.00691	0.00768	0.00230	0.00921	0.00691	0.00384	0.01228
71	0.01919	0.01842	0.03147	0.04759	0.67914	0.01842	0.02380	0.02380	0.01765	0.02533	0.01458	0.01919	0.01228	0.00691	0.00768	0.00230	0.00921	0.00691	0.00384	0.01228
72	0.01555	0.04011	0.68733	0.02210	0.03356	0.01801	0.02865	0.02455	0.01637	0.02455	0.01391	0.01637	0.00982	0.00737	0.00737	0.00246	0.01146	0.00573	0.00327	0.01146
73	0.01127	0.00756	0.00866	0.00866	0.00873	0.00763	0.00495	0.01141	0.01134	0.01518	0.02425	0.04972	0.02774	0.69368	0.07269	0.00777	0.00819	0.01113	0.00467	0.00481
74	0.01482	0.01396	0.02358	0.68299	0.07790	0.01727	0.02162	0.01997	0.01559	0.02003	0.01381	0.02061	0.01041	0.00772	0.00775	0.00257	0.01029	0.00689	0.00346	0.00876
75	0.01597	0.00869	0.00885	0.00830	0.01055	0.00893	0.00636	0.08234	0.01830	0.03093	0.02462	0.02787	0.01920	0.00906	0.00566	0.00186	0.00411	0.00720	0.69337	0.00783
76	0.00916	0.00785	0.00785	0.00785	0.01047	0.00655	0.00589	0.01113	0.01767	0.02095	0.07855	0.07462	0.67599	0.01964	0.00916	0.00262	0.00393	0.01636	0.00720	0.00655
77	0.01919	0.01842	0.03147	0.04759	0.67914	0.01842	0.02380	0.02380	0.01765	0.02533	0.01458	0.01919	0.01228	0.00691	0.00768	0.00230	0.00921	0.00691	0.00384	0.01228
78	0.01929	0.01666	0.01753	0.01578	0.02016	0.01929	0.01227	0.04120	0.66513	0.03243	0.03156	0.02893	0.02367	0.01052	0.00789	0.00263	0.00614	0.00877	0.00789	0.01227
79	0.01128	0.00752	0.00846	0.00846	0.00846	0.00752	0.00470	0.01128	0.01128	0.01503	0.02443	0.05074	0.02819	0.72751	0.03946	0.00752	0.00752	0.01128	0.00470	0.00470
80	0.01929	0.01666	0.01753	0.01578	0.02016	0.01929	0.01227	0.04120	0.66513	0.03243	0.03156	0.02893	0.02367	0.01052	0.00789	0.00263	0.00614	0.00877	0.00789	0.01227
81	0.78228	0.01499	0.01140	0.01020	0.01499	0.01739	0.00840	0.02279	0.01320	0.03479	0.01080	0.01260	0.00840	0.00720	0.00480	0.00240	0.00600	0.00420	0.00480	0.00840
82	0.01608	0.01378	0.01608	0.01148	0.01837	0.01034	0.00919	0.01952	0.01608	0.02527	0.01378	0.01608	0.01148	0.00574	0.00574	0.00115	0.00574	0.00459	0.00459	0.77491
83	0.01108	0.00831	0.01246	0.01246	0.01385	0.00969	0.00969	0.01385	0.01246	0.01800	0.02077	0.03046	0.01938	0.05815	0.69678	0.01246	0.02077	0.00831	0.00415	0.00692
84	0.01085	0.00792	0.01019	0.00962	0.01151	0.00726	0.00722	0.01439	0.02165	0.03039	0.63401	0.05907	0.11463	0.01611	0.00915	0.00245	0.00368	0.01418	0.00844	0.00726
85	0.01108	0.00831	0.01246	0.01246	0.01385	0.00969	0.00969	0.01385	0.01246	0.01800	0.02077	0.03046	0.01938	0.05815	0.69678	0.01246	0.02077	0.00831	0.00415	0.00692
86	0.01704	0.01765	0.02598	0.02141	0.02336	0.06523	0.13761	0.01980	0.01397	0.01984	0.01388	0.04740	0.01318	0.01739	0.09741	0.00418	0.42437	0.00791	0.00377	0.00863
87	0.00945	0.00675	0.00900	0.01080	0.01125	0.00630	0.00720	0.01080	0.01484	0.01979	0.04274	0.72245	0.05128	0.02429	0.00990	0.00315	0.00450	0.02204	0.00720	0.00630
88	0.01837	0.02072	0.04464	0.03384	0.09006	0.01952	0.60233	0.02476	0.01825	0.02487	0.01560	0.02078	0.01180	0.00656	0.00904	0.00259	0.01277	0.00898	0.00392	0.01060
89	0.02880	0.02138	0.02289	0.01770	0.02379	0.02373	0.01457	0.61271	0.07813	0.04778	0.01947	0.01930	0.01388	0.00939	0.00777	0.00235	0.00837	0.00710	0.00777	0.01313
90	0.03174	0.01252	0.01702	0.01328	0.01874	0.01087	0.01087	0.03482	0.02216	0.60083	0.11313	0.03043	0.02610	0.01040	0.00797	0.00240	0.00622	0.00859	0.00946	0.01244
91	0.00960	0.00773	0.00858	0.00882	0.01095	0.00670	0.00653	0.01179	0.01791	0.02244	0.16599	0.17336	0.46327	0.01982	0.00932	0.00270	0.00408	0.03635	0.00741	0.00665
92	0.01885	0.01248	0.01329	0.01131	0.01487	0.01297	0.00886	0.19820	0.06247	0.03366	0.02343	0.05264	0.01895	0.03053	0.00743	0.00217	0.00550	0.00772	0.38671	0.07794
93	0.02021	0.66261	0.10564	0.01415	0.02127	0.02941	0.01481	0.02335	0.01582	0.01888	0.01109	0.01283	0.00994	0.00671	0.00522	0.00174	0.00861	0.00431	0.00331	0.01010
94	0.03101	0.01551	0.01906	0.01480	0.02058	0.01501	0.01212	0.22759	0.02600	0.42445	0.02693	0.06304	0.01886	0.01020	0.00783	0.00237	0.00705	0.00823	0.00870	0.04065
95	0.01859	0.44633	0.30774	0.01692	0.02554	0.02545	0.01962	0.02377	0.01601	0.02085	0.01207	0.01406	0.00990	0.00694	0.00596	0.00199	0.00960	0.00480	0.00330	0.01057
96	0.00945	0.00675	0.00900	0.01080	0.01125	0.00630	0.00720	0.01080	0.01484	0.01979	0.04274	0.72245	0.05128	0.02429	0.00990	0.00315	0.00450	0.02204	0.00720	0.00630
97	0.01485	0.01398	0.02428	0.63021	0.05059	0.01694	0.06559	0.01974	0.01547	0.01989	0.01390	0.02082	0.01057	0.00851	0.00884	0.03642	0.01037	0.00704	0.00348	0.00851
98	0.02537	0.01819	0.01996	0.01614	0.02150	0.01974	0.01301	0.36002	0.19816	0.10404	0.02458	0.06863	0.01898	0.01048	0.00785	0.00241	0.00732	0.00842	0.00779	0.04739
99	0.00945	0.00675	0.00900	0.01080	0.01125	0.00630	0.00720	0.01080	0.01484	0.01979	0.04274	0.72245	0.05128	0.02429	0.00990	0.00315	0.00450	0.02204	0.00720	0.00630
100	0.01098	0.00784	0.01076	0.01255	0.01367	0.00762	0.00986	0.01344	0.01636	0.02151	0.04189	0.40325	0.04793	0.02285	0.01031	0.00336	0.00583	0.32612	0.00717	0.00672
101	0.01444	0.01351	0.02270	0.68155	0.05175	0.01680	0.02097	0.01946	0.01548	0.01981	0.01491	0.04814	0.01194	0.00840	0.00784	0.00261	0.01011	0.00748	0.00359	0.00852
102	0.02357	0.01858	0.01983	0.01645	0.02156	0.02093	0.01318	0.31911	0.35030	0.03987	0.05387	0.02550	0.02106	0.01020	0.00788	0.00248	0.00712	0.00818	0.00786	0.01247
103	0.01059	0.00831	0.00984	0.01061	0.01287	0.00757	0.00872	0.01324	0.01775	0.02191	0.06248	0.08012	0.40545	0.02040	0.00983	0.00303	0.00530	0.27801	0.00717	0.00680
104	0.78228	0.01499	0.01140	0.01020	0.01499	0.01739	0.00840	0.02279	0.01320	0.03479	0.01080	0.01260	0.00840	0.00720	0.00480	0.00240	0.00600	0.00420	0.00480	0.00840
105	0.01108	0.00831	0.01246	0.01246	0.01385	0.00969	0.00969	0.01385	0.01246	0.01800	0.02077	0.03046	0.01938	0.05815	0.69678	0.01246	0.02077	0.00831	0.00415	0.00692
106	0.02739	0.01855	0.02051	0.01644	0.02205	0.02018	0.01335	0.34909	0.22529	0.16540	0.02485	0.02324	0.01753	0.00973	0.00780	0.00243	0.00743	0.00768	0.00815	0.01291
107	0.01455	0.01074	0.01583	0.38363	0.03284	0.01259	0.01406	0.01900	0.01585	0.02403	0.01912	0.02449	0.01476	0.00835	0.00667	0.00222	0.00722	0.00705	0.35904	0.00797
108	0.02016	0.54942	0.17279	0.01534	0.02295	0.02769	0.01652	0.05920	0.01705	0.02128	0.01187	0.01360	0.01011	0.00694	0.00563	0.00186	0.00896	0.00463	0.00356	0.01044

[dist]
# distance from previous block
# <min> <max>
0	2

[block]
# block no. 2 follows, 25 sequences, length 8
# corresponding to MSA columns:
# 171-178
name=unknown_C
#
# <colnr> <probs for GDERKNQSTAVLIFYWHMCP>
#	G	D	E	R	K	N	Q	S	T	A	V	L	I	F	Y	W	H	M	C	P
0	0.01886	0.37779	0.33278	0.01766	0.02633	0.06379	0.02034	0.02428	0.01640	0.02115	0.01227	0.01431	0.00989	0.00705	0.00618	0.00204	0.01006	0.00491	0.00334	0.01058
1	0.02057	0.01466	0.01674	0.01477	0.01846	0.01566	0.01163	0.30002	0.07492	0.06521	0.03045	0.26465	0.03013	0.01563	0.00877	0.00275	0.00676	0.07043	0.00761	0.01022
2	0.01824	0.02037	0.04271	0.03254	0.08225	0.01992	0.54865	0.02419	0.01765	0.02429	0.01509	0.02043	0.01165	0.00722	0.01058	0.00267	0.07851	0.00878	0.00387	0.01040
3	0.01122	0.00772	0.00948	0.00948	0.00984	0.00807	0.00598	0.01193	0.01158	0.01579	0.02349	0.04555	0.02594	0.55625	0.20764	0.00878	0.01091	0.01052	0.00456	0.00527
4	0.01604	0.01580	0.02125	0.11065	0.02427	0.05356	0.05244	0.02046	0.07589	0.02076	0.02222	0.07853	0.07509	0.01509	0.04578	0.00340	0.32648	0.00913	0.00456	0.00859
5	0.01464	0.00864	0.01105	0.01095	0.01286	0.00806	0.00786	0.01753	0.04627	0.13543	0.15878	0.34906	0.08348	0.08351	0.01196	0.00323	0.00501	0.01620	0.00766	0.00780
6	0.01567	0.01605	0.03110	0.37512	0.04454	0.01724	0.27446	0.02106	0.01658	0.02184	0.01707	0.08179	0.01447	0.00870	0.00850	0.00265	0.01093	0.00912	0.00396	0.00916
7	0.01776	0.33471	0.41204	0.01834	0.02774	0.02340	0.02210	0.02399	0.01611	0.02187	0.01258	0.01470	0.00988	0.00705	0.00635	0.00212	0.01011	0.00506	0.00329	0.01082

[dist]
# distance from previous block
# <min> <max>
0	1

[block]
# block no. 3 follows, 25 sequences, length 66
# corresponding to MSA columns:
# 180-245
name=unknown_D
#
# <colnr> <probs for GDERKNQSTAVLIFYWHMCP>
#	G	D	E	R	K	N	Q	S	T	A	V	L	I	F	Y	W	H	M	C	P
0	0.01624	0.01595	0.02314	0.01952	0.02047	0.02091	0.05505	0.01846	0.01339	0.02039	0.06605	0.04716	0.01702	0.01338	0.02166	0.00316	0.55432	0.00800	0.00404	0.04169
1	0.01680	0.01411	0.01632	0.01196	0.01848	0.01139	0.00956	0.05968	0.04214	0.02728	0.04542	0.01866	0.01491	0.00661	0.00611	0.00134	0.00583	0.00534	0.00510	0.66295
2	0.75404	0.01493	0.01165	0.01033	0.01518	0.01717	0.00851	0.02336	0.01354	0.05933	0.01154	0.01312	0.00880	0.00729	0.00491	0.00240	0.00602	0.00433	0.00498	0.00858
3	0.57007	0.11501	0.01699	0.01189	0.01696	0.07492	0.00999	0.06288	0.01571	0.03212	0.01138	0.01306	0.00904	0.00732	0.00519	0.00226	0.00712	0.00443	0.00472	0.00896
4	0.02803	0.01537	0.01840	0.01469	0.02025	0.01529	0.01190	0.14009	0.18423	0.35059	0.04755	0.02599	0.02044	0.00971	0.00772	0.00236	0.00666	0.00788	0.00849	0.06437
5	0.05323	0.02276	0.01978	0.01663	0.02119	0.26640	0.03917	0.10265	0.02182	0.11514	0.07149	0.06461	0.01954	0.00983	0.00796	0.00218	0.03037	0.00756	0.00586	0.10182
6	0.01662	0.01654	0.02392	0.02035	0.02078	0.02260	0.04398	0.01860	0.01219	0.01888	0.01115	0.01807	0.01088	0.01634	0.07109	0.00399	0.63510	0.00699	0.00347	0.00846
7	0.00945	0.00675	0.00900	0.01080	0.01125	0.00630	0.00720	0.01080	0.01484	0.01979	0.04274	0.72245	0.05128	0.02429	0.00990	0.00315	0.00450	0.02204	0.00720	0.00630
8	0.01464	0.01378	0.02326	0.70887	0.05340	0.01723	0.02153	0.01981	0.01550	0.01981	0.01378	0.02067	0.01034	0.00775	0.00775	0.00258	0.01034	0.00689	0.00345	0.00861
9	0.01830	0.02092	0.04575	0.03268	0.04052	0.01961	0.65098	0.02484	0.01830	0.02484	0.01569	0.02092	0.01176	0.00654	0.00915	0.00261	0.01307	0.00915	0.00392	0.01046
10	0.00945	0.00675	0.00900	0.01080	0.01125	0.00630	0.00720	0.01080	0.01484	0.01979	0.04274	0.72245	0.05128	0.02429	0.00990	0.00315	0.00450	0.02204	0.00720	0.00630
11	0.03454	0.01359	0.01824	0.01398	0.01999	0.01198	0.01155	0.06633	0.02285	0.65504	0.03003	0.02603	0.01891	0.00958	0.00780	0.00240	0.00669	0.00776	0.00951	0.01319
12	0.01128	0.00752	0.00846	0.00846	0.00846	0.00752	0.00470	0.01128	0.01128	0.01503	0.02443	0.05074	0.02819	0.72751	0.03946	0.00752	0.00752	0.01128	0.00470	0.00470
13	0.01555	0.04011	0.68733	0.02210	0.03356	0.01801	0.02865	0.02455	0.01637	0.02455	0.01391	0.01637	0.00982	0.00737	0.00737	0.00246	0.01146	0.00573	0.00327	0.01146
14	0.00945	0.00675	0.00900	0.01080	0.01125	0.00630	0.00720	0.01080	0.01484	0.01979	0.04274	0.72245	0.05128	0.02429	0.00990	0.00315	0.00450	0.02204	0.00720	0.00630
15	0.01088	0.00735	0.00857	0.00896	0.00906	0.00725	0.00524	0.01117	0.01205	0.01606	0.02839	0.19590	0.03318	0.57554	0.03307	0.00657	0.00686	0.01360	0.00524	0.00504
16	0.00945	0.00675	0.00900	0.01080	0.01125	0.00630	0.00720	0.01080	0.01484	0.01979	0.04274	0.72245	0.05128	0.02429	0.00990	0.00315	0.00450	0.02204	0.00720	0.00630
17	0.03479	0.01320	0.01799	0.01380	0.01979	0.01140	0.01140	0.03779	0.02219	0.68451	0.03059	0.02639	0.01919	0.00960	0.00780	0.00240	0.00660	0.00780	0.00960	0.01320
18	0.01779	0.01992	0.04262	0.12679	0.04232	0.01928	0.56337	0.02414	0.01791	0.02414	0.01542	0.02088	0.01157	0.00671	0.00896	0.00261	0.01269	0.00884	0.00386	0.01020
19	0.03479	0.01320	0.01799	0.01380	0.01979	0.01140	0.01140	0.03779	0.02219	0.68451	0.03059	0.02639	0.01919	0.00960	0.00780	0.00240	0.00660	0.00780	0.00960	0.01320
20	0.01555	0.04011	0.68733	0.02210	0.03356	0.01801	0.02865	0.02455	0.01637	0.02455	0.01391	0.01637	0.00982	0.00737	0.00737	0.00246	0.01146	0.00573	0.00327	0.01146
21	0.01445	0.00723	0.00723	0.00723	0.00903	0.00723	0.00542	0.01807	0.01626	0.02891	0.02529	0.02891	0.01987	0.00903	0.00542	0.00181	0.00361	0.00723	0.77055	0.00723
22	0.01493	0.01407	0.02377	0.66759	0.09247	0.01730	0.02167	0.02006	0.01564	0.02016	0.01383	0.02058	0.01046	0.00770	0.00775	0.00257	0.01027	0.00689	0.00347	0.00884
23	0.00945	0.00675	0.00900	0.01080	0.01125	0.00630	0.00720	0.01080	0.01484	0.01979	0.04274	0.72245	0.05128	0.02429	0.00990	0.00315	0.00450	0.02204	0.00720	0.00630
24	0.00945	0.00675	0.00900	0.01080	0.01125	0.00630	0.00720	0.01080	0.01484	0.01979	0.04274	0.72245	0.05128	0.02429	0.00990	0.00315	0.00450	0.02204	0.00720	0.00630
25	0.69013	0.01520	0.01283	0.06416	0.01834	0.01767	0.00969	0.05039	0.01440	0.03426	0.01137	0.01348	0.00876	0.00733	0.00516	0.00241	0.00644	0.00453	0.00483	0.00863
26	0.01555	0.04011	0.68733	0.02210	0.03356	0.01801	0.02865	0.02455	0.01637	0.02455	0.01391	0.01637	0.00982	0.00737	0.00737	0.00246	0.01146	0.00573	0.00327	0.01146
27	0.01097	0.00793	0.01036	0.00975	0.01158	0.00732	0.00732	0.01463	0.02195	0.03109	0.67505	0.05792	0.07316	0.01585	0.00914	0.00244	0.00366	0.01402	0.00854	0.00732
28	0.01474	0.00876	0.01157	0.01039	0.01288	0.00796	0.00796	0.01829	0.02199	0.13446	0.57310	0.05293	0.06462	0.01486	0.00893	0.00243	0.00412	0.01304	0.00870	0.00825
29	0.03053	0.01315	0.01727	0.01353	0.01889	0.01191	0.01106	0.09076	0.02347	0.52265	0.13143	0.03066	0.02718	0.01056	0.00801	0.00240	0.00631	0.00871	0.00926	0.01226
30	0.00973	0.00695	0.00932	0.01112	0.01169	0.00654	0.00768	0.01128	0.01512	0.02011	0.04258	0.66401	0.05067	0.02403	0.00997	0.00319	0.00474	0.07771	0.00719	0.00638
31	0.03387	0.01467	0.01890	0.01449	0.02053	0.01358	0.01197	0.14408	0.02466	0.57474	0.02852	0.02505	0.01816	0.00955	0.00779	0.00239	0.00693	0.00766	0.00928	0.01319
32	0.18400	0.01405	0.02064	0.55473	0.04493	0.01726	0.01864	0.02047	0.01499	0.02311	0.01312	0.01889	0.00991	0.00763	0.00710	0.00254	0.00938	0.00630	0.00374	0.00857
33	0.78228	0.01499	0.01140	0.01020	0.01499	0.01739	0.00840	0.02279	0.01320	0.03479	0.01080	0.01260	0.00840	0.00720	0.00480	0.00240	0.00600	0.00420	0.00480	0.00840
34	0.08565	0.01805	0.01964	0.01554	0.02088	0.01949	0.01256	0.39243	0.08066	0.15076	0.02162	0.02326	0.01606	0.07538	0.01046	0.00285	0.00772	0.00744	0.00757	0.01197
35	0.03234	0.01374	0.01792	0.01411	0.01985	0.01264	0.01153	0.03833	0.12390	0.58136	0.03074	0.02679	0.01990	0.00974	0.00781	0.00244	0.00652	0.00795	0.00933	0.01305
36	0.02801	0.02099	0.02244	0.01754	0.02349	0.02336	0.01438	0.56523	0.12690	0.04650	0.02048	0.02010	0.01469	0.00948	0.00778	0.00237	0.00819	0.00724	0.00778	0.01305
37	0.01555	0.04011	0.68733	0.02210	0.03356	0.01801	0.02865	0.02455	0.01637	0.02455	0.01391	0.01637	0.00982	0.00737	0.00737	0.00246	0.01146	0.00573	0.00327	0.01146
38	0.00979	0.00700	0.00936	0.01098	0.01163	0.00657	0.00760	0.01148	0.01561	0.02092	0.09114	0.62403	0.05246	0.02343	0.00990	0.00313	0.00463	0.06659	0.00730	0.00644
39	0.01578	0.07065	0.65879	0.02171	0.03296	0.01857	0.02797	0.02450	0.01634	0.02428	0.01378	0.01620	0.00983	0.00733	0.00726	0.00242	0.01132	0.00566	0.00328	0.01139
40	0.03479	0.01320	0.01799	0.01380	0.01979	0.01140	0.01140	0.03779	0.02219	0.68451	0.03059	0.02639	0.01919	0.00960	0.00780	0.00240	0.00660	0.00780	0.00960	0.01320
41	0.01000	0.00716	0.00953	0.01069	0.01157	0.00669	0.00748	0.01206	0.01686	0.02294	0.20931	0.51662	0.05673	0.02193	0.00974	0.00298	0.00440	0.04916	0.00755	0.00661
42	0.01555	0.04011	0.68733	0.02210	0.03356	0.01801	0.02865	0.02455	0.01637	0.02455	0.01391	0.01637	0.00982	0.00737	0.00737	0.00246	0.01146	0.00573	0.00327	0.01146
43	0.01303	0.00925	0.01437	0.01356	0.01565	0.00860	0.07998	0.01570	0.01742	0.07692	0.15963	0.41135	0.04793	0.01927	0.00956	0.00292	0.00567	0.06433	0.00728	0.00758
44	0.01464	0.01378	0.02326	0.70887	0.05340	0.01723	0.02153	0.01981	0.01550	0.01981	0.01378	0.02067	0.01034	0.00775	0.00775	0.00258	0.01034	0.00689	0.00345	0.00861
45	0.01480	0.01395	0.02355	0.68540	0.07561	0.01727	0.02161	0.01995	0.01558	0.02001	0.01381	0.02062	0.01040	0.00772	0.00775	0.00257	0.01030	0.00689	0.00346	0.00874
46	0.56068	0.01760	0.01365	0.01227	0.01684	0.10552	0.00997	0.05046	0.01607	0.06062	0.01446	0.01937	0.01206	0.00859	0.00579	0.00243	0.00726	0.05237	0.00521	0.00879
47	0.01969	0.01310	0.01371	0.01181	0.01536	0.01424	0.00933	0.20826	0.13424	0.03537	0.02442	0.02589	0.01857	0.00937	0.00653	0.00210	0.00549	0.00742	0.41525	0.00984
48	0.01455	0.01321	0.02218	0.65197	0.04988	0.01637	0.02033	0.01902	0.01506	0.01929	0.01376	0.02091	0.01059	0.00931	0.00959	0.06544	0.01004	0.00688	0.00344	0.00819
49	0.01887	0.48305	0.27342	0.01645	0.02482	0.02612	0.01880	0.02370	0.01598	0.02051	0.01191	0.01385	0.00990	0.00690	0.00584	0.00195	0.00943	0.00472	0.00330	0.01049
50	0.02073	0.73217	0.04063	0.01327	0.01990	0.03068	0.01327	0.02322	0.01575	0.01824	0.01078	0.01244	0.00995	0.00663	0.00498	0.00166	0.00829	0.00415	0.00332	0.00995
51	0.03479	0.01320	0.01799	0.01380	0.01979	0.01140	0.01140	0.03779	0.02219	0.68451	0.03059	0.02639	0.01919	0.00960	0.00780	0.00240	0.00660	0.00780	0.00960	0.01320
52	0.03479	0.01320	0.01799	0.01380	0.01979	0.01140	0.01140	0.03779	0.02219	0.68451	0.03059	0.02639	0.01919	0.00960	0.00780	0.00240	0.00660	0.00780	0.00960	0.01320
53	0.72140	0.01485	0.01193	0.01049	0.01539	0.01691	0.00864	0.02401	0.01393	0.08770	0.01241	0.01372	0.00928	0.00739	0.00504	0.00240	0.00605	0.00449	0.00519	0.00879
54	0.01445	0.00723	0.00723	0.00723	0.00903	0.00723	0.00542	0.01807	0.01626	0.02891	0.02529	0.02891	0.01987	0.00903	0.00542	0.00181	0.00361	0.00723	0.77055	0.00723
55	0.03479	0.01320	0.01799	0.01380	0.01979	0.01140	0.01140	0.03779	0.02219	0.68451	0.03059	0.02639	0.01919	0.00960	0.00780	0.00240	0.00660	0.00780	0.00960	0.01320
56	0.01645	0.15962	0.57565	0.02057	0.03120	0.02020	0.02599	0.02432	0.01626	0.02346	0.01337	0.01569	0.00984	0.00724	0.00695	0.00232	0.01091	0.00546	0.00328	0.01120
57	0.03318	0.01284	0.01748	0.01352	0.01924	0.01112	0.01112	0.03622	0.02218	0.64026	0.07423	0.02853	0.02285	0.01002	0.00789	0.00240	0.00640	0.00822	0.00952	0.01280
58	0.00945	0.00675	0.00900	0.01080	0.01125	0.00630	0.00720	0.01080	0.01484	0.01979	0.04274	0.72245	0.05128	0.02429	0.00990	0.00315	0.00450	0.02204	0.00720	0.00630
59	0.01464	0.01378	0.02326	0.70887	0.05340	0.01723	0.02153	0.01981	0.01550	0.01981	0.01378	0.02067	0.01034	0.00775	0.00775	0.00258	0.01034	0.00689	0.00345	0.00861
60	0.01422	0.01321	0.02209	0.65202	0.04997	0.01634	0.02037	0.01908	0.01545	0.01981	0.01614	0.07782	0.01367	0.00910	0.00793	0.00263	0.00986	0.00812	0.00375	0.00842
61	0.01464	0.01378	0.02326	0.70887	0.05340	0.01723	0.02153	0.01981	0.01550	0.01981	0.01378	0.02067	0.01034	0.00775	0.00775	0.00258	0.01034	0.00689	0.00345	0.00861
62	0.02033	0.67905	0.09027	0.01394	0.02095	0.02971	0.01445	0.02332	0.01580	0.01873	0.01102	0.01274	0.00994	0.00669	0.00516	0.00172	0.00853	0.00427	0.00331	0.01007
63	0.02882	0.01943	0.02152	0.01664	0.02248	0.02094	0.01369	0.51572	0.03329	0.13895	0.07072	0.02275	0.01865	0.00985	0.00787	0.00235	0.00788	0.00764	0.00808	0.01274
64	0.00959	0.00685	0.00916	0.01096	0.01147	0.00642	0.00744	0.01104	0.01498	0.01995	0.04266	0.69301	0.05097	0.02416	0.00993	0.00317	0.00462	0.05009	0.00719	0.00634
65	0.45248	0.01496	0.01418	0.01220	0.01717	0.01648	0.00990	0.03008	0.15607	0.17762	0.01965	0.01917	0.01408	0.00844	0.00613	0.00245	0.00616	0.00598	0.00652	0.01029

[dist]
# distance from previous block
# <min> <max>
0	1

[block]
# block no. 4 follows, 25 sequences, length 14
# corresponding to MSA columns:
# 247-260
name=unknown_E
#
# <colnr> <probs for GDERKNQSTAVLIFYWHMCP>
#	G	D	E	R	K	N	Q	S	T	A	V	L	I	F	Y	W	H	M	C	P
0	0.31265	0.01383	0.01486	0.01211	0.01735	0.01388	0.00994	0.06282	0.01916	0.34467	0.02698	0.02528	0.07595	0.00962	0.00680	0.00242	0.00623	0.00720	0.00747	0.01078
1	0.01987	0.61701	0.14825	0.01474	0.02217	0.02857	0.01583	0.02344	0.01586	0.01929	0.01130	0.01309	0.00993	0.00676	0.00537	0.00179	0.00882	0.00441	0.00331	0.01020
2	0.01163	0.00844	0.01135	0.01244	0.01420	0.00815	0.01035	0.01492	0.01854	0.02455	0.18923	0.12889	0.10448	0.02022	0.01016	0.00320	0.00587	0.38885	0.00747	0.00706
3	0.05924	0.01630	0.01931	0.01514	0.02096	0.01646	0.01241	0.22608	0.10531	0.38538	0.02630	0.02381	0.01750	0.00953	0.00768	0.00241	0.00711	0.00753	0.00864	0.01290
4	0.01464	0.01378	0.02326	0.70887	0.05340	0.01723	0.02153	0.01981	0.01550	0.01981	0.01378	0.02067	0.01034	0.00775	0.00775	0.00258	0.01034	0.00689	0.00345	0.00861
5	0.00945	0.00675	0.00900	0.01080	0.01125	0.00630	0.00720	0.01080	0.01484	0.01979	0.04274	0.72245	0.05128	0.02429	0.00990	0.00315	0.00450	0.02204	0.00720	0.00630
6	0.02877	0.02137	0.02287	0.01770	0.02378	0.02372	0.01457	0.61095	0.07993	0.04773	0.01951	0.01933	0.01391	0.00939	0.00777	0.00235	0.00837	0.00710	0.00777	0.01312
7	0.01083	0.00782	0.01024	0.00985	0.01155	0.00722	0.00730	0.01427	0.02129	0.03004	0.61619	0.11977	0.07112	0.01664	0.00921	0.00250	0.00374	0.01477	0.00841	0.00722
8	0.01484	0.01417	0.02449	0.67178	0.05270	0.01736	0.05606	0.02009	0.01566	0.02009	0.01389	0.02069	0.01041	0.00769	0.00783	0.00259	0.01049	0.00701	0.00347	0.00871
9	0.01670	0.01576	0.02432	0.01737	0.02453	0.01291	0.18751	0.02100	0.01670	0.02515	0.01431	0.01742	0.01156	0.00596	0.00669	0.00156	0.00778	0.00586	0.00441	0.56251
10	0.01515	0.05642	0.07080	0.01247	0.01578	0.01012	0.01046	0.01800	0.01713	0.11661	0.10380	0.35350	0.03942	0.01706	0.00870	0.00267	0.00578	0.04853	0.00690	0.07070
11	0.01955	0.57399	0.18845	0.01529	0.02302	0.02778	0.01678	0.02352	0.01590	0.01969	0.01150	0.01334	0.00992	0.00680	0.00552	0.00184	0.00902	0.00451	0.00331	0.01030
12	0.01378	0.00869	0.01014	0.00986	0.01265	0.00754	0.00761	0.01598	0.01804	0.13141	0.06200	0.15956	0.41944	0.01879	0.00918	0.00275	0.00475	0.07258	0.00759	0.00767
13	0.05448	0.18717	0.47711	0.01902	0.02885	0.02030	0.02325	0.02390	0.01606	0.02373	0.01308	0.01532	0.00987	0.00711	0.00663	0.00221	0.01019	0.00525	0.00343	0.05304

[dist]
# distance from previous block
# <min> <max>
2	12

[block]
# block no. 5 follows, 25 sequences, length 24
# corresponding to MSA columns:
# 273-296
name=unknown_F
#
# <colnr> <probs for GDERKNQSTAVLIFYWHMCP>
#	G	D	E	R	K	N	Q	S	T	A	V	L	I	F	Y	W	H	M	C	P
0	0.01634	0.01639	0.02586	0.02131	0.02284	0.02102	0.12358	0.01902	0.01305	0.01961	0.01264	0.01958	0.01177	0.01879	0.11928	0.00457	0.49476	0.00741	0.00359	0.00859
1	0.00984	0.00716	0.00941	0.01084	0.01166	0.00653	0.00731	0.01131	0.01492	0.02011	0.04104	0.68102	0.04895	0.02320	0.00965	0.00303	0.00457	0.02102	0.00704	0.05137
2	0.01530	0.01445	0.02444	0.61372	0.14344	0.01740	0.02186	0.02038	0.01581	0.02060	0.01390	0.02046	0.01062	0.00763	0.00774	0.00254	0.01017	0.00689	0.00350	0.00914
3	0.01464	0.01378	0.02326	0.70887	0.05340	0.01723	0.02153	0.01981	0.01550	0.01981	0.01378	0.02067	0.01034	0.00775	0.00775	0.00258	0.01034	0.00689	0.00345	0.00861
4	0.45277	0.01622	0.01554	0.01273	0.01811	0.01775	0.01050	0.17500	0.02052	0.16971	0.01666	0.01681	0.01172	0.00818	0.00611	0.00238	0.00672	0.00559	0.00647	0.01050
5	0.29287	0.02156	0.01893	0.01547	0.02087	0.11846	0.01255	0.34308	0.02623	0.03964	0.01492	0.01584	0.01105	0.00838	0.00661	0.00230	0.00843	0.00572	0.00618	0.01091
6	0.01464	0.01378	0.02326	0.70887	0.05340	0.01723	0.02153	0.01981	0.01550	0.01981	0.01378	0.02067	0.01034	0.00775	0.00775	0.00258	0.01034	0.00689	0.00345	0.00861
7	0.01654	0.01419	0.01629	0.01210	0.01863	0.01162	0.00963	0.02264	0.10947	0.02630	0.01634	0.01793	0.01324	0.00643	0.00605	0.00136	0.00580	0.00519	0.00507	0.66517
8	0.02947	0.02172	0.02327	0.01784	0.02404	0.02404	0.01474	0.65329	0.03646	0.04887	0.01862	0.01862	0.01319	0.00931	0.00776	0.00233	0.00853	0.00698	0.00776	0.01319
9	0.01919	0.01842	0.03147	0.04759	0.67914	0.01842	0.02380	0.02380	0.01765	0.02533	0.01458	0.01919	0.01228	0.00691	0.00768	0.00230	0.00921	0.00691	0.00384	0.01228
10	0.02947	0.02172	0.02327	0.01784	0.02404	0.02404	0.01474	0.65329	0.03646	0.04887	0.01862	0.01862	0.01319	0.00931	0.00776	0.00233	0.00853	0.00698	0.00776	0.01319
11	0.01097	0.00793	0.01036	0.00975	0.01158	0.00732	0.00732	0.01463	0.02195	0.03109	0.67505	0.05792	0.07316	0.01585	0.00914	0.00244	0.00366	0.01402	0.00854	0.00732
12	0.02073	0.73217	0.04063	0.01327	0.01990	0.03068	0.01327	0.02322	0.01575	0.01824	0.01078	0.01244	0.00995	0.00663	0.00498	0.00166	0.00829	0.00415	0.00332	0.00995
13	0.01097	0.00793	0.01036	0.00975	0.01158	0.00732	0.00732	0.01463	0.02195	0.03109	0.67505	0.05792	0.07316	0.01585	0.00914	0.00244	0.00366	0.01402	0.00854	0.00732
