[name]
unknown

[dist]
# distance from previous block
# <min> <max>
5	26

[block]
# block no. 0 follows, 20 sequences, length 42
# corresponding to MSA columns:
# 29-70
name=unknown_A
#
# <colnr> <probs for GDERKNQSTAVLIFYWHMCP>
#	G	D	E	R	K	N	Q	S	T	A	V	L	I	F	Y	W	H	M	C	P
0	0.07671	0.01776	0.01850	0.01658	0.02150	0.02019	0.01295	0.04236	0.51110	0.06226	0.03725	0.03450	0.06602	0.01220	0.00871	0.00293	0.00675	0.01000	0.00865	0.01309
1	0.18626	0.15223	0.06414	0.07387	0.02582	0.02065	0.01503	0.07550	0.02149	0.25356	0.02137	0.02133	0.01488	0.00919	0.00738	0.00255	0.00853	0.00679	0.00703	0.01238
2	0.54989	0.01787	0.04155	0.01293	0.01818	0.01910	0.01088	0.06938	0.05192	0.03731	0.01545	0.01925	0.01262	0.05534	0.00963	0.02987	0.00738	0.00597	0.00571	0.00977
3	0.01251	0.00914	0.01297	0.01297	0.01417	0.01034	0.00960	0.01491	0.01371	0.01948	0.02432	0.03955	0.02410	0.21094	0.51650	0.01273	0.01991	0.01012	0.00481	0.00721
4	0.02535	0.02045	0.02814	0.21496	0.09876	0.02271	0.06374	0.25980	0.08449	0.06334	0.02057	0.02333	0.01506	0.00960	0.00885	0.00276	0.01031	0.00823	0.00664	0.01290
5	0.01863	0.03797	0.49525	0.02425	0.03541	0.01893	0.08596	0.02755	0.01958	0.06493	0.07198	0.02375	0.01823	0.00919	0.00869	0.00277	0.01197	0.00779	0.00470	0.01248
6	0.01858	0.01539	0.01986	0.01457	0.02180	0.01205	0.05495	0.02251	0.01867	0.05844	0.02212	0.04751	0.05193	0.00843	0.00726	0.00167	0.00695	0.00724	0.00567	0.58440
7	0.01626	0.00813	0.00813	0.00813	0.01016	0.00813	0.00610	0.02033	0.01829	0.03252	0.02846	0.03252	0.02236	0.01016	0.00610	0.00203	0.00407	0.00813	0.74187	0.00813
8	0.20699	0.02073	0.07568	0.01842	0.06146	0.04566	0.01499	0.11432	0.04189	0.21660	0.05670	0.02421	0.01907	0.00987	0.00785	0.00263	0.00836	0.00754	0.00754	0.03948
9	0.02022	0.02282	0.04922	0.09329	0.04688	0.02182	0.55551	0.02744	0.02031	0.02744	0.01746	0.02351	0.01309	0.00747	0.01015	0.00294	0.01443	0.01007	0.00436	0.01158
10	0.01626	0.00813	0.00813	0.00813	0.01016	0.00813	0.00610	0.02033	0.01829	0.03252	0.02846	0.03252	0.02236	0.01016	0.00610	0.00203	0.00407	0.00813	0.74187	0.00813
11	0.24369	0.01932	0.02051	0.01620	0.02265	0.02055	0.01337	0.26813	0.02856	0.23019	0.02250	0.02165	0.01534	0.00988	0.00778	0.00267	0.00811	0.00723	0.00839	0.01328
12	0.03371	0.01773	0.08200	0.01607	0.02290	0.01391	0.01435	0.07337	0.02497	0.47649	0.07173	0.03054	0.02424	0.01097	0.00869	0.00267	0.00772	0.00892	0.04513	0.01388
13	0.01235	0.00892	0.01166	0.01097	0.01303	0.00823	0.00823	0.01646	0.02469	0.03498	0.63443	0.06516	0.08230	0.01783	0.01029	0.00274	0.00412	0.01578	0.00960	0.00823
14	0.02793	0.36111	0.03358	0.01670	0.02299	0.17747	0.01464	0.06688	0.02191	0.11164	0.01716	0.01820	0.01359	0.00865	0.00681	0.00213	0.01027	0.00588	0.05096	0.01149
15	0.01515	0.00758	0.01136	0.01136	0.01136	0.00758	0.00758	0.01136	0.01136	0.01515	0.01515	0.02652	0.01515	0.03030	0.03409	0.74621	0.00758	0.00758	0.00379	0.00379
16	0.54965	0.01633	0.01529	0.05159	0.02065	0.01803	0.01108	0.02925	0.01728	0.17492	0.01737	0.01821	0.01232	0.00874	0.00636	0.00271	0.00719	0.00582	0.00653	0.01068
17	0.01168	0.00869	0.01088	0.01076	0.01273	0.00788	0.00790	0.01502	0.02249	0.03077	0.43649	0.16888	0.18332	0.02017	0.01043	0.00291	0.00432	0.01773	0.00908	0.00788
18	0.03035	0.02304	0.02459	0.01950	0.02598	0.02574	0.01590	0.47164	0.18390	0.05044	0.02452	0.02379	0.01773	0.01081	0.00876	0.00270	0.00894	0.00835	0.00876	0.01458
19	0.02226	0.47463	0.21344	0.01818	0.02698	0.06917	0.01990	0.02708	0.01835	0.02257	0.01320	0.01534	0.01116	0.00779	0.00649	0.00214	0.01072	0.00522	0.00377	0.01160
20	0.15282	0.03815	0.47756	0.02200	0.03301	0.02074	0.02670	0.07904	0.01978	0.03215	0.01549	0.01787	0.01110	0.00845	0.00780	0.00274	0.01148	0.00626	0.00444	0.01244
21	0.66636	0.01579	0.01237	0.01130	0.01621	0.01814	0.00916	0.02454	0.01517	0.03776	0.01521	0.05351	0.01299	0.00932	0.00577	0.00270	0.00648	0.00608	0.05190	0.00923
22	0.12292	0.01847	0.03300	0.35902	0.04893	0.02033	0.22343	0.02472	0.01816	0.02663	0.01577	0.02206	0.01187	0.00816	0.00879	0.00289	0.01200	0.00820	0.00428	0.01037
23	0.01265	0.00858	0.01015	0.01015	0.01038	0.00880	0.00608	0.01310	0.01287	0.01739	0.02690	0.05384	0.03030	0.60414	0.13178	0.00925	0.01058	0.01221	0.00520	0.00564
24	0.01256	0.00897	0.01212	0.01212	0.01303	0.00987	0.00854	0.01436	0.01346	0.01885	0.02510	0.04387	0.02598	0.32969	0.40031	0.01168	0.01709	0.01075	0.00493	0.00674
25	0.01626	0.00813	0.00813	0.00813	0.01016	0.00813	0.00610	0.02033	0.01829	0.03252	0.02846	0.03252	0.02236	0.01016	0.00610	0.00203	0.00407	0.00813	0.74187	0.00813
26	0.05436	0.01835	0.02753	0.40651	0.21417	0.05731	0.02339	0.02427	0.01852	0.02490	0.01663	0.02475	0.01356	0.00903	0.00861	0.00281	0.01115	0.02911	0.00426	0.01078
27	0.03249	0.02726	0.02559	0.02039	0.02682	0.14144	0.01649	0.47757	0.06692	0.04795	0.02031	0.02057	0.01477	0.01027	0.00858	0.00257	0.01058	0.00755	0.00797	0.01393
28	0.01626	0.00813	0.00813	0.00813	0.01016	0.00813	0.00610	0.02033	0.01829	0.03252	0.02846	0.03252	0.02236	0.01016	0.00610	0.00203	0.00407	0.00813	0.74187	0.00813
29	0.01908	0.01908	0.02672	0.02290	0.02290	0.02672	0.01908	0.02099	0.01336	0.02099	0.01145	0.01908	0.01145	0.01527	0.02863	0.00382	0.67748	0.00763	0.00382	0.00954
30	0.03258	0.04157	0.02472	0.02247	0.02697	0.65843	0.01685	0.03483	0.02472	0.02135	0.01348	0.01573	0.01124	0.00899	0.00787	0.00225	0.01573	0.00562	0.00449	0.01011
31	0.01216	0.00891	0.01141	0.01078	0.01292	0.00815	0.00809	0.01611	0.02426	0.03396	0.58588	0.06683	0.13149	0.01821	0.01029	0.00276	0.00414	0.01601	0.00947	0.00815
32	0.01198	0.00918	0.00950	0.00922	0.01239	0.00768	0.00699	0.01425	0.02018	0.05955	0.08524	0.08081	0.59995	0.02144	0.01022	0.00293	0.00459	0.01785	0.00826	0.00780
33	0.01750	0.04512	0.64825	0.02486	0.03775	0.02026	0.03223	0.02762	0.01842	0.02762	0.01565	0.01842	0.01105	0.00829	0.00829	0.00276	0.01289	0.00645	0.00368	0.01289
34	0.01718	0.01622	0.02744	0.58727	0.13978	0.01957	0.02458	0.02290	0.01778	0.02314	0.01563	0.02303	0.01193	0.00859	0.00871	0.00286	0.01145	0.00775	0.00394	0.01026
35	0.01993	0.01692	0.01821	0.01668	0.02110	0.01920	0.01304	0.04057	0.50825	0.03519	0.09155	0.04161	0.05769	0.01354	0.00926	0.00300	0.00662	0.04608	0.00886	0.01269
36	0.01693	0.01800	0.06461	0.31318	0.10575	0.01825	0.12042	0.02243	0.01861	0.02503	0.06255	0.07761	0.04386	0.01120	0.01026	0.00295	0.04293	0.01032	0.00486	0.01026
37	0.01849	0.15649	0.54557	0.02317	0.03513	0.02269	0.02928	0.02737	0.01830	0.02641	0.01505	0.01766	0.01107	0.00815	0.00783	0.00261	0.01228	0.00614	0.00369	0.01260
38	0.01365	0.01126	0.04941	0.01173	0.01449	0.00910	0.00949	0.01761	0.02299	0.05688	0.48864	0.06130	0.10249	0.07729	0.01314	0.00326	0.00517	0.01481	0.00883	0.00846
39	0.01469	0.02033	0.19222	0.01668	0.02218	0.01310	0.04501	0.02184	0.06234	0.03172	0.34645	0.09453	0.05335	0.01495	0.00970	0.00283	0.00735	0.01317	0.00753	0.01000
40	0.02183	0.57953	0.09627	0.01546	0.02293	0.03092	0.01587	0.02540	0.01840	0.02243	0.06752	0.01891	0.01748	0.00845	0.00625	0.00202	0.00918	0.00581	0.00425	0.01108
41	0.01674	0.01313	0.01546	0.01458	0.01797	0.01343	0.01130	0.06844	0.17579	0.03201	0.15316	0.19639	0.04563	0.01764	0.00986	0.00300	0.00625	0.09483	0.00832	0.08607

[dist]
# distance from previous block
# <min> <max>
2	5

[block]
# block no. 1 follows, 20 sequences, length 13
# corresponding to MSA columns:
# 76-88
name=unknown_B
#
# <colnr> <probs for GDERKNQSTAVLIFYWHMCP>
#	G	D	E	R	K	N	Q	S	T	A	V	L	I	F	Y	W	H	M	C	P
0	0.29776	0.05721	0.02044	0.01938	0.09580	0.04923	0.01360	0.10964	0.09585	0.03610	0.04459	0.08450	0.02050	0.01107	0.00756	0.00272	0.00790	0.00856	0.00645	0.01114
1	0.07739	0.02499	0.02365	0.01967	0.02484	0.14173	0.01580	0.26443	0.13975	0.06479	0.02106	0.02181	0.01586	0.01089	0.01082	0.00277	0.09214	0.00761	0.00723	0.01276
2	0.08716	0.02706	0.02360	0.01944	0.02526	0.19697	0.01553	0.32876	0.05256	0.07318	0.01957	0.02054	0.01456	0.01274	0.04124	0.00312	0.01154	0.00720	0.00722	0.01274
3	0.01698	0.01624	0.02808	0.60300	0.09114	0.01960	0.05685	0.02285	0.01775	0.02294	0.01567	0.02318	0.01184	0.00859	0.00880	0.00289	0.01173	0.00789	0.00393	0.01003
4	0.01105	0.00875	0.00994	0.00988	0.01230	0.00764	0.00732	0.01386	0.02127	0.02742	0.27475	0.13200	0.39075	0.02108	0.01038	0.00293	0.00437	0.01807	0.00862	0.00764
5	0.03058	0.02333	0.02615	0.02279	0.08180	0.02576	0.01713	0.48173	0.11709	0.05010	0.02248	0.02255	0.01632	0.01041	0.00874	0.00266	0.00931	0.00812	0.00835	0.01460
6	0.02416	0.01946	0.02223	0.08114	0.02703	0.05363	0.04218	0.16215	0.25646	0.07623	0.03120	0.03119	0.06680	0.01264	0.01037	0.04494	0.00866	0.00947	0.00770	0.01236
7	0.01079	0.00854	0.00955	0.00993	0.01202	0.00748	0.00710	0.01297	0.01938	0.02441	0.14837	0.21956	0.39396	0.06075	0.01243	0.00337	0.00476	0.01921	0.00814	0.00730
8	0.11170	0.02103	0.02363	0.06988	0.05581	0.02327	0.01609	0.33924	0.11787	0.10014	0.02264	0.02285	0.01625	0.01017	0.00837	0.00270	0.00888	0.00786	0.00798	0.01364
9	0.02096	0.01902	0.02956	0.30396	0.19427	0.02164	0.05526	0.11359	0.05581	0.02980	0.01753	0.02275	0.01358	0.00928	0.01012	0.00285	0.05513	0.00803	0.00503	0.01183
10	0.34408	0.04856	0.05340	0.05237	0.05941	0.02086	0.04119	0.13746	0.02125	0.03750	0.01509	0.01748	0.01160	0.00832	0.00690	0.00249	0.00850	0.00605	0.00567	0.10182
11	0.02652	0.02003	0.02505	0.07992	0.12689	0.02095	0.01720	0.30098	0.02949	0.08088	0.02243	0.02425	0.03734	0.01198	0.03457	0.00293	0.00969	0.00797	0.00706	0.11386
12	0.01804	0.01700	0.02869	0.40337	0.27342	0.01917	0.02424	0.02337	0.01830	0.02460	0.01772	0.06099	0.01510	0.00944	0.00883	0.00283	0.01078	0.00874	0.00428	0.01108

[dist]
# distance from previous block
# <min> <max>
1	4

[block]
# block no. 2 follows, 20 sequences, length 35
# corresponding to MSA columns:
# 93-127
name=unknown_C
#
# <colnr> <probs for GDERKNQSTAVLIFYWHMCP>
#	G	D	E	R	K	N	Q	S	T	A	V	L	I	F	Y	W	H	M	C	P
0	0.01885	0.02014	0.09254	0.11749	0.09798	0.01780	0.05322	0.04956	0.10330	0.02867	0.02130	0.07882	0.01837	0.01036	0.00952	0.00255	0.04626	0.00885	0.00551	0.19892
1	0.14157	0.07163	0.39646	0.02256	0.06695	0.02039	0.02462	0.02773	0.05675	0.03018	0.05041	0.02113	0.01589	0.00893	0.00782	0.00270	0.01065	0.00687	0.00467	0.01208
2	0.14123	0.01728	0.02161	0.22560	0.03327	0.04906	0.04053	0.05696	0.05517	0.02910	0.01897	0.05864	0.01595	0.01055	0.01003	0.00278	0.07838	0.00819	0.06973	0.05696
3	0.53973	0.06255	0.08081	0.01326	0.01940	0.01941	0.01225	0.02615	0.01666	0.06982	0.05830	0.01910	0.01561	0.00892	0.00624	0.00266	0.00739	0.00591	0.00571	0.01012
4	0.01763	0.01656	0.02526	0.32078	0.10990	0.04648	0.04751	0.02230	0.01726	0.02350	0.01729	0.02462	0.01424	0.01809	0.11038	0.00459	0.08878	0.00804	0.05694	0.00986
5	0.01755	0.09676	0.25463	0.06779	0.03131	0.01916	0.08592	0.02624	0.08537	0.02777	0.08718	0.08390	0.02639	0.01189	0.00896	0.00285	0.01016	0.03936	0.00556	0.01125
6	0.01515	0.00758	0.01136	0.01136	0.01136	0.00758	0.00758	0.01136	0.01136	0.01515	0.01515	0.02652	0.01515	0.03030	0.03409	0.74621	0.00758	0.00758	0.00379	0.00379
7	0.01405	0.01001	0.01346	0.01482	0.01664	0.01009	0.01223	0.01840	0.05576	0.02589	0.08511	0.14737	0.04886	0.05124	0.01437	0.05129	0.00736	0.38732	0.00782	0.00791
8	0.01357	0.00918	0.01140	0.01089	0.01334	0.00822	0.00814	0.01688	0.02266	0.07446	0.39222	0.13303	0.21453	0.01940	0.01027	0.00288	0.00453	0.01689	0.00915	0.00837
9	0.01698	0.00918	0.00929	0.00891	0.01130	0.00926	0.00678	0.05640	0.01979	0.03341	0.03130	0.03465	0.05581	0.01084	0.00649	0.00212	0.00443	0.00868	0.65589	0.00850
10	0.01750	0.04512	0.64825	0.02486	0.03775	0.02026	0.03223	0.02762	0.01842	0.02762	0.01565	0.01842	0.01105	0.00829	0.00829	0.00276	0.01289	0.00645	0.00368	0.01289
11	0.70908	0.01638	0.01275	0.01144	0.01663	0.01887	0.00937	0.02507	0.01545	0.03888	0.05067	0.01733	0.01396	0.00870	0.00570	0.00270	0.00658	0.00541	0.00566	0.00937
12	0.01268	0.00846	0.00951	0.00951	0.00951	0.00846	0.00529	0.01268	0.01268	0.01691	0.02748	0.05708	0.03171	0.69345	0.04440	0.00846	0.00846	0.01268	0.00529	0.00529
13	0.02059	0.02353	0.05147	0.03676	0.04559	0.02206	0.60735	0.02794	0.02059	0.02794	0.01765	0.02353	0.01324	0.00735	0.01029	0.00294	0.01471	0.01029	0.00441	0.01176
14	0.01244	0.00845	0.00963	0.00970	0.00997	0.00832	0.00566	0.01284	0.01386	0.01845	0.06291	0.09347	0.06397	0.59041	0.03921	0.00763	0.00786	0.01378	0.00580	0.00563
15	0.01031	0.00884	0.00884	0.00884	0.01178	0.00736	0.00663	0.01252	0.01988	0.02356	0.08837	0.08395	0.63549	0.02209	0.01031	0.00295	0.00442	0.01841	0.00810	0.00736
16	0.01063	0.00759	0.01012	0.01215	0.01265	0.00709	0.00810	0.01215	0.01670	0.02227	0.04808	0.68775	0.05769	0.02733	0.01113	0.00354	0.00506	0.02480	0.00810	0.00709
17	0.02003	0.01868	0.03057	0.11689	0.39691	0.01942	0.04871	0.02749	0.08959	0.02837	0.02224	0.03262	0.01951	0.01035	0.00917	0.00286	0.01001	0.07879	0.00526	0.01253
18	0.02361	0.02590	0.02510	0.09887	0.02918	0.25388	0.05253	0.06211	0.02085	0.02422	0.01903	0.08374	0.01822	0.01305	0.01377	0.00300	0.17464	0.04334	0.00505	0.00992
19	0.02059	0.02353	0.05147	0.03676	0.04559	0.02206	0.60735	0.02794	0.02059	0.02794	0.01765	0.02353	0.01324	0.00735	0.01029	0.00294	0.01471	0.01029	0.00441	0.01176
20	0.03914	0.01484	0.02024	0.01552	0.02227	0.01282	0.01282	0.04251	0.02497	0.64507	0.03441	0.02969	0.02159	0.01080	0.00877	0.00270	0.00742	0.00877	0.01080	0.01484
21	0.02372	0.31837	0.21002	0.02264	0.09088	0.10096	0.02110	0.02881	0.01948	0.06817	0.01532	0.01735	0.01217	0.00815	0.00716	0.00230	0.01106	0.00589	0.00437	0.01208
22	0.03914	0.01484	0.02024	0.01552	0.02227	0.01282	0.01282	0.04251	0.02497	0.64507	0.03441	0.02969	0.02159	0.01080	0.00877	0.00270	0.00742	0.00877	0.01080	0.01484
23	0.01063	0.00759	0.01012	0.01215	0.01265	0.00709	0.00810	0.01215	0.01670	0.02227	0.04808	0.68775	0.05769	0.02733	0.01113	0.00354	0.00506	0.02480	0.00810	0.00709
24	0.01111	0.00815	0.01043	0.01138	0.01266	0.00747	0.00796	0.01350	0.01952	0.02629	0.23110	0.42418	0.13648	0.02380	0.01078	0.00323	0.00469	0.02127	0.00855	0.00747
25	0.08330	0.14855	0.05592	0.26960	0.06323	0.02292	0.01934	0.11890	0.02192	0.09184	0.01740	0.02075	0.01295	0.00886	0.00784	0.00261	0.01005	0.00698	0.00545	0.01160
26	0.01112	0.00795	0.01069	0.01271	0.01344	0.00751	0.00896	0.01300	0.01719	0.02282	0.04780	0.60239	0.05661	0.02686	0.01127	0.00361	0.00549	0.10526	0.00809	0.00722
27	0.75506	0.01687	0.01282	0.01147	0.01687	0.01957	0.00945	0.02564	0.01484	0.03914	0.01215	0.01417	0.00945	0.00810	0.00540	0.00270	0.00675	0.00472	0.00540	0.00945
28	0.01224	0.00884	0.01157	0.01104	0.01301	0.00816	0.00822	0.01620	0.02421	0.03421	0.59889	0.10290	0.08081	0.01841	0.01034	0.00279	0.00417	0.01632	0.00951	0.00816
29	0.05574	0.04940	0.02076	0.08162	0.02397	0.01842	0.03678	0.17734	0.05062	0.08029	0.02310	0.02560	0.01741	0.01014	0.00864	0.00251	0.04232	0.00788	0.25625	0.01118
30	0.02022	0.04560	0.01954	0.01409	0.02101	0.01380	0.01156	0.05655	0.04420	0.06892	0.02083	0.02767	0.01790	0.00904	0.00737	0.00183	0.00700	0.06506	0.00610	0.52169
31	0.02068	0.02270	0.07182	0.13637	0.10088	0.05325	0.20888	0.06703	0.01988	0.02701	0.01616	0.02204	0.01296	0.01203	0.04154	0.00349	0.13912	0.00844	0.00448	0.01125
32	0.01245	0.00836	0.00958	0.00982	0.00987	0.00830	0.00561	0.01262	0.01315	0.01753	0.02985	0.12943	0.03469	0.61703	0.04058	0.00789	0.00807	0.01407	0.00561	0.00549
33	0.02084	0.02291	0.09806	0.09002	0.54010	0.02059	0.02717	0.02657	0.01956	0.02801	0.01627	0.02137	0.01339	0.00789	0.00861	0.00263	0.01070	0.00763	0.00422	0.01346
34	0.02265	0.50359	0.06894	0.01609	0.02321	0.03074	0.01550	0.03105	0.16305	0.02470	0.01791	0.01866	0.01489	0.00855	0.00652	0.00217	0.00892	0.00600	0.00496	0.01190

[dist]
# distance from previous block
# <min> <max>
0	1

[block]
# block no. 3 follows, 20 sequences, length 7
# corresponding to MSA columns:
# 129-132,135-137
name=unknown_D
#
# <colnr> <probs for GDERKNQSTAVLIFYWHMCP>
#	G	D	E	R	K	N	Q	S	T	A	V	L	I	F	Y	W	H	M	C	P
0	0.01213	0.00891	0.01136	0.01075	0.01290	0.00814	0.00806	0.01605	0.02419	0.03378	0.57717	0.06713	0.14031	0.01828	0.01029	0.00276	0.00415	0.01605	0.00944	0.00814
1	0.01063	0.00759	0.01012	0.01215	0.01265	0.00709	0.00810	0.01215	0.01670	0.02227	0.04808	0.68775	0.05769	0.02733	0.01113	0.00354	0.00506	0.02480	0.00810	0.00709
2	0.01582	0.00849	0.01090	0.06274	0.01466	0.00881	0.00816	0.01682	0.01539	0.02460	0.02198	0.02932	0.01855	0.01828	0.01775	0.30629	0.00611	0.00787	0.38098	0.00648
3	0.02299	0.10379	0.09513	0.02508	0.03244	0.19790	0.22491	0.02801	0.02092	0.02501	0.02025	0.02337	0.05414	0.00882	0.00854	0.00246	0.01274	0.00806	0.00461	0.08083
4	0.01225	0.00845	0.01052	0.01155	0.01207	0.00828	0.00777	0.01346	0.01533	0.02032	0.03763	0.27360	0.04360	0.35400	0.02764	0.00604	0.00725	0.11717	0.00670	0.00637
5	0.01515	0.00758	0.01136	0.01136	0.01136	0.00758	0.00758	0.01136	0.01136	0.01515	0.01515	0.02652	0.01515	0.03030	0.03409	0.74621	0.00758	0.00758	0.00379	0.00379
6	0.01788	0.01694	0.02870	0.50226	0.21930	0.01975	0.02492	0.02352	0.01811	0.02399	0.01575	0.02280	0.01223	0.00846	0.00870	0.00282	0.01128	0.00776	0.00400	0.01082

[dist]
# distance from previous block
# <min> <max>
0	39

[block]
# block no. 4 follows, 20 sequences, length 25
# corresponding to MSA columns:
# 177-201
name=unknown_E
#
# <colnr> <probs for GDERKNQSTAVLIFYWHMCP>
#	G	D	E	R	K	N	Q	S	T	A	V	L	I	F	Y	W	H	M	C	P
0	0.07216	0.01123	0.01613	0.23629	0.02956	0.01251	0.01421	0.01720	0.01711	0.02396	0.03400	0.35533	0.03756	0.01920	0.00994	0.00330	0.00769	0.06792	0.00645	0.00824
1	0.01250	0.00921	0.01332	0.01332	0.01463	0.01052	0.01003	0.01513	0.01381	0.01973	0.02400	0.03781	0.02335	0.16301	0.56340	0.01315	0.02105	0.00986	0.00477	0.00740
2	0.01083	0.00773	0.01035	0.01237	0.01296	0.00726	0.00844	0.01249	0.01690	0.02249	0.04797	0.65374	0.05726	0.02714	0.01119	0.00357	0.00523	0.05685	0.00809	0.00714
3	0.02047	0.02318	0.04950	0.03566	0.04378	0.02243	0.56054	0.02739	0.02001	0.02739	0.01715	0.02318	0.01309	0.00798	0.01175	0.00301	0.06744	0.01008	0.00436	0.01159
4	0.02139	0.02124	0.03160	0.07837	0.49288	0.07734	0.02410	0.02613	0.02019	0.02716	0.02124	0.02788	0.04803	0.00942	0.00881	0.00266	0.01050	0.03372	0.00468	0.01267
5	0.02975	0.02274	0.02426	0.01938	0.02575	0.02546	0.01576	0.44252	0.21398	0.04948	0.02527	0.02439	0.01834	0.01088	0.00877	0.00272	0.00880	0.00845	0.00877	0.01453
6	0.05696	0.05730	0.03640	0.32589	0.04871	0.04858	0.25096	0.02542	0.01887	0.02523	0.01590	0.02207	0.01211	0.00810	0.00896	0.00282	0.01263	0.00833	0.00418	0.01059
7	0.02059	0.02353	0.05147	0.03676	0.04559	0.02206	0.60735	0.02794	0.02059	0.02794	0.01765	0.02353	0.01324	0.00735	0.01029	0.00294	0.01471	0.01029	0.00441	0.01176
8	0.10301	0.01503	0.01958	0.01516	0.02179	0.01342	0.01252	0.04101	0.02406	0.59102	0.03243	0.02831	0.02051	0.01056	0.00847	0.00270	0.00736	0.00841	0.01031	0.01436
9	0.01252	0.00913	0.01293	0.01293	0.01411	0.01031	0.00954	0.01487	0.01370	0.01944	0.02436	0.03980	0.02421	0.21781	0.50978	0.01267	0.01975	0.01016	0.00482	0.00718
10	0.02103	0.01743	0.01829	0.01656	0.02114	0.02002	0.01286	0.04314	0.54866	0.03600	0.03463	0.03254	0.02610	0.01163	0.00853	0.00284	0.00655	0.00965	0.09927	0.01311
11	0.02201	0.05284	0.05811	0.18440	0.09101	0.08367	0.09499	0.10308	0.07003	0.02948	0.04587	0.02374	0.01679	0.00994	0.01068	0.00281	0.07552	0.00821	0.00532	0.01149
12	0.03009	0.09933	0.02765	0.02480	0.10027	0.42294	0.01750	0.06446	0.05716	0.05313	0.01626	0.01811	0.01305	0.00901	0.00788	0.00233	0.01327	0.00628	0.00515	0.01133
13	0.01813	0.01612	0.02145	0.07804	0.02638	0.01318	0.05786	0.02246	0.01822	0.02780	0.01567	0.01900	0.01282	0.00675	0.00697	0.00157	0.00759	0.00581	0.00499	0.61920
14	0.01382	0.00919	0.01160	0.01108	0.01346	0.00828	0.00827	0.01718	0.02278	0.07840	0.41004	0.14657	0.17777	0.01931	0.01028	0.00288	0.00455	0.01689	0.00922	0.00843
15	0.02149	0.02104	0.02279	0.25242	0.03583	0.15077	0.01795	0.07973	0.09291	0.02607	0.01876	0.02397	0.01510	0.01787	0.09203	0.04495	0.04326	0.00776	0.00514	0.01017
16	0.06341	0.05249	0.02255	0.01748	0.02309	0.07162	0.01415	0.34386	0.08620	0.04272	0.05512	0.06252	0.08188	0.01254	0.00871	0.00267	0.00870	0.00980	0.00796	0.01253
17	0.09264	0.01600	0.04341	0.01453	0.01901	0.01534	0.01173	0.15659	0.05109	0.11805	0.07616	0.12856	0.02978	0.10215	0.01329	0.00348	0.00737	0.01135	0.04538	0.04408
18	0.01985	0.01761	0.02788	0.27702	0.19725	0.01969	0.05357	0.02835	0.11930	0.05637	0.05158	0.02665	0.01885	0.00975	0.00972	0.00286	0.03783	0.00870	0.00546	0.01172
19	0.05939	0.01403	0.01363	0.01263	0.01411	0.07553	0.00859	0.06384	0.01694	0.02290	0.05421	0.04533	0.02824	0.44031	0.05885	0.00678	0.04095	0.01092	0.00561	0.00721
20	0.07755	0.02038	0.05853	0.17985	0.17470	0.02037	0.12023	0.08920	0.05315	0.03092	0.01885	0.02541	0.01514	0.00915	0.00875	0.00277	0.01068	0.03382	0.00521	0.04534
21	0.05029	0.01201	0.01713	0.04353	0.02023	0.01117	0.05795	0.02071	0.02049	0.09520	0.19349	0.19559	0.04621	0.01676	0.00971	0.00288	0.00666	0.06906	0.00781	0.10310
22	0.08392	0.08450	0.10366	0.08691	0.10814	0.01901	0.06359	0.02314	0.01697	0.05181	0.01949	0.05949	0.01798	0.11450	0.04978	0.00425	0.06887	0.00893	0.00483	0.01025
23	0.11888	0.01763	0.01841	0.05177	0.02260	0.06980	0.01320	0.12628	0.08385	0.14432	0.06165	0.10036	0.05598	0.01395	0.00894	0.00290	0.00809	0.06213	0.00796	0.01130
24	0.01970	0.16184	0.02613	0.01926	0.07731	0.01934	0.04085	0.08171	0.07723	0.02932	0.05495	0.09343	0.05644	0.01283	0.00849	0.00254	0.00800	0.07279	0.00637	0.13147

[dist]
# distance from previous block
# <min> <max>
22	47

[block]
# block no. 5 follows, 20 sequences, length 6
# corresponding to MSA columns:
# 261-266
name=unknown_F
#
# <colnr> <probs for GDERKNQSTAVLIFYWHMCP>
#	G	D	E	R	K	N	Q	S	T	A	V	L	I	F	Y	W	H	M	C	P
0	0.02618	0.02346	0.09612	0.01932	0.02576	0.02244	0.01712	0.35775	0.12488	0.04392	0.02681	0.08056	0.02253	0.01288	0.00917	0.00288	0.00909	0.05781	0.00805	0.01327
1	0.55744	0.02408	0.10899	0.01480	0.02121	0.09719	0.01374	0.02705	0.01658	0.03526	0.01283	0.01499	0.00990	0.00823	0.00613	0.00265	0.00875	0.00509	0.00503	0.01004
2	0.02954	0.02033	0.02242	0.01763	0.02334	0.02192	0.01419	0.43575	0.03478	0.10440	0.07512	0.02978	0.02319	0.09150	0.01306	0.00332	0.00879	0.00918	0.00859	0.01315
3	0.07479	0.15404	0.02297	0.01640	0.03871	0.01733	0.04781	0.02375	0.08990	0.05646	0.09295	0.22787	0.03701	0.01614	0.00901	0.00290	0.00723	0.04775	0.00702	0.00994
4	0.12805	0.37237	0.10986	0.07240	0.02671	0.02830	0.01756	0.02523	0.01679	0.02431	0.01275	0.01601	0.01099	0.00879	0.00920	0.00244	0.09789	0.00554	0.00399	0.01080
5	0.05323	0.10536	0.05496	0.01775	0.02462	0.07649	0.01528	0.25666	0.05165	0.12055	0.04094	0.02207	0.01711	0.00967	0.00794	0.00238	0.00920	0.00725	0.00730	0.09960

[dist]
# distance from previous block
# <min> <max>
6	11

[block]
# block no. 6 follows, 20 sequences, length 132
# corresponding to MSA columns:
# 278-409
name=unknown_G
#
# <colnr> <probs for GDERKNQSTAVLIFYWHMCP>
#	G	D	E	R	K	N	Q	S	T	A	V	L	I	F	Y	W	H	M	C	P
0	0.01977	0.01894	0.02770	0.26961	0.07026	0.05884	0.07536	0.06053	0.01846	0.02490	0.01538	0.02199	0.01261	0.01149	0.01524	0.03746	0.19057	0.00785	0.03298	0.01008
1	0.12706	0.02486	0.02377	0.05958	0.05280	0.19409	0.04261	0.11096	0.06677	0.03110	0.01717	0.02027	0.01369	0.01021	0.01102	0.00273	0.11486	0.00705	0.05846	0.01094
2	0.01277	0.00846	0.01117	0.01239	0.01367	0.00768	0.00851	0.01453	0.01728	0.06069	0.04549	0.61152	0.05308	0.02520	0.01074	0.00337	0.00528	0.02276	0.00810	0.04732
3	0.01388	0.00991	0.01385	0.01586	0.01779	0.00989	0.01375	0.01776	0.01990	0.02590	0.04628	0.12912	0.05059	0.02426	0.01200	0.00399	0.00788	0.55136	0.00804	0.00798
4	0.02829	0.02473	0.02381	0.05812	0.02754	0.12451	0.01616	0.29800	0.22975	0.04162	0.02426	0.02410	0.01798	0.01059	0.00864	0.00269	0.00979	0.00816	0.00782	0.01345
5	0.01388	0.00991	0.01385	0.01586	0.01779	0.00989	0.01375	0.01776	0.01990	0.02590	0.04628	0.12912	0.05059	0.02426	0.01200	0.00399	0.00788	0.55136	0.00804	0.00798
6	0.01961	0.01741	0.02427	0.14635	0.17716	0.01666	0.01741	0.05436	0.05656	0.02913	0.01722	0.02092	0.01383	0.00773	0.00767	0.00207	0.00855	0.00670	0.00513	0.35128
7	0.01908	0.01778	0.02948	0.25973	0.35462	0.01922	0.02411	0.02511	0.04228	0.02644	0.01985	0.03037	0.01725	0.00991	0.00902	0.00286	0.01043	0.06592	0.00472	0.01182
8	0.02148	0.01832	0.01927	0.01738	0.02219	0.02117	0.01351	0.04534	0.59969	0.03633	0.03523	0.03254	0.02646	0.01177	0.00877	0.00292	0.00679	0.00979	0.03745	0.01359
9	0.01063	0.00759	0.01012	0.01215	0.01265	0.00709	0.00810	0.01215	0.01670	0.02227	0.04808	0.68775	0.05769	0.02733	0.01113	0.00354	0.00506	0.02480	0.00810	0.00709
10	0.07529	0.01495	0.01987	0.01532	0.02199	0.01316	0.01265	0.04166	0.02446	0.61448	0.03329	0.02891	0.02098	0.01066	0.00860	0.00270	0.00739	0.00857	0.01052	0.01457
11	0.01116	0.00788	0.01028	0.01199	0.01252	0.00748	0.00805	0.01261	0.01630	0.02169	0.04481	0.55353	0.05324	0.12898	0.01628	0.00432	0.00577	0.05856	0.00766	0.00687
12	0.01297	0.00849	0.00893	0.00897	0.01131	0.00775	0.00667	0.01610	0.01959	0.02838	0.12156	0.09430	0.29401	0.01707	0.00864	0.00259	0.00428	0.01430	0.30636	0.00775
13	0.01732	0.01653	0.02333	0.02056	0.02092	0.02254	0.01689	0.01948	0.01362	0.02088	0.01539	0.04663	0.01540	0.02671	0.16625	0.00604	0.50964	0.00863	0.00416	0.00907
14	0.01072	0.00772	0.01017	0.01195	0.01264	0.00717	0.00805	0.01242	0.01731	0.02310	0.08550	0.62620	0.08167	0.02654	0.01105	0.00347	0.00498	0.02400	0.00819	0.00717
15	0.03853	0.01582	0.02084	0.01598	0.02275	0.01426	0.01320	0.10007	0.02659	0.58522	0.03305	0.02880	0.02091	0.01076	0.00877	0.00269	0.00764	0.00868	0.01059	0.01484
16	0.01063	0.00759	0.01012	0.01215	0.01265	0.00709	0.00810	0.01215	0.01670	0.02227	0.04808	0.68775	0.05769	0.02733	0.01113	0.00354	0.00506	0.02480	0.00810	0.00709
17	0.01178	0.00874	0.01108	0.01181	0.01336	0.00823	0.00852	0.01528	0.04350	0.02743	0.24839	0.35502	0.12844	0.02279	0.01072	0.00321	0.00490	0.05034	0.00863	0.00781
18	0.01515	0.00758	0.01136	0.01136	0.01136	0.00758	0.00758	0.01136	0.01136	0.01515	0.01515	0.02652	0.01515	0.03030	0.03409	0.74621	0.00758	0.00758	0.00379	0.00379
19	0.02412	0.01768	0.01980	0.01650	0.02112	0.01896	0.01306	0.36105	0.03260	0.04409	0.16091	0.16305	0.03815	0.01543	0.00955	0.00283	0.00749	0.01296	0.00879	0.01185
20	0.01683	0.01585	0.02689	0.57661	0.05533	0.01948	0.05540	0.02245	0.01743	0.02293	0.01591	0.02341	0.01213	0.00905	0.00978	0.00292	0.04729	0.00790	0.03267	0.00974
21	0.01928	0.04156	0.56539	0.02490	0.03709	0.01982	0.06597	0.02874	0.01903	0.07322	0.01716	0.01956	0.01196	0.00842	0.00845	0.00277	0.01260	0.00685	0.00425	0.01297
22	0.06898	0.01669	0.05323	0.01534	0.02254	0.01333	0.01323	0.03703	0.02283	0.46643	0.02876	0.02615	0.01880	0.00971	0.00815	0.00244	0.00750	0.00777	0.00909	0.15201
23	0.01050	0.00811	0.00959	0.01077	0.01229	0.00720	0.00749	0.01230	0.01802	0.02281	0.06480	0.43711	0.29754	0.02515	0.01079	0.00329	0.00479	0.02215	0.00810	0.00720
24	0.02170	0.01874	0.01972	0.01775	0.02268	0.02170	0.01381	0.04635	0.62327	0.03649	0.03550	0.03254	0.02663	0.01183	0.00888	0.00296	0.00690	0.00986	0.00888	0.01381
25	0.01063	0.00759	0.01012	0.01215	0.01265	0.00709	0.00810	0.01215	0.01670	0.02227	0.04808	0.68775	0.05769	0.02733	0.01113	0.00354	0.00506	0.02480	0.00810	0.00709
26	0.03361	0.02091	0.02365	0.01844	0.02511	0.02217	0.01513	0.37485	0.10386	0.22923	0.02666	0.02491	0.01822	0.01073	0.00876	0.00268	0.00863	0.00836	0.00936	0.01472
27	0.02332	0.69869	0.04571	0.01493	0.02239	0.03451	0.01493	0.02612	0.01772	0.02052	0.01213	0.01399	0.01119	0.00746	0.00560	0.00187	0.00933	0.00466	0.00373	0.01119
28	0.01075	0.00769	0.01024	0.01206	0.01268	0.00717	0.00811	0.01246	0.01729	0.02321	0.09136	0.64179	0.05951	0.02663	0.01107	0.00348	0.00499	0.02413	0.00821	0.00717
29	0.01060	0.00768	0.01003	0.01190	0.01259	0.00711	0.00799	0.01217	0.01694	0.02236	0.05105	0.64318	0.10035	0.02694	0.01107	0.00350	0.00501	0.02433	0.00810	0.00711
30	0.01623	0.01469	0.02450	0.58956	0.05444	0.01808	0.02261	0.02141	0.01732	0.02220	0.01775	0.02897	0.01466	0.01098	0.01029	0.04174	0.01115	0.05001	0.00418	0.00926
31	0.01143	0.00805	0.01047	0.01210	0.01269	0.00770	0.00826	0.01296	0.01632	0.02169	0.04386	0.49541	0.05177	0.15598	0.01769	0.00455	0.00607	0.08859	0.00754	0.00685
32	0.01450	0.00982	0.01263	0.01163	0.01413	0.00925	0.00882	0.01970	0.05772	0.07237	0.56471	0.06119	0.07552	0.01707	0.01012	0.00275	0.00447	0.01502	0.00964	0.00894
33	0.02887	0.02436	0.02557	0.11156	0.13190	0.17260	0.01819	0.17408	0.02642	0.13401	0.02023	0.02332	0.01532	0.04284	0.01025	0.00286	0.01104	0.00768	0.00651	0.01239
34	0.02066	0.13678	0.32625	0.05587	0.12675	0.02141	0.05053	0.02775	0.01906	0.07226	0.01735	0.02022	0.01299	0.00834	0.00795	0.00257	0.01110	0.00686	0.04283	0.01247
35	0.60667	0.01659	0.01550	0.14428	0.02555	0.01953	0.01242	0.02497	0.01537	0.03575	0.01282	0.01600	0.00988	0.00822	0.00607	0.00274	0.00773	0.00533	0.00509	0.00950
36	0.01822	0.01512	0.02057	0.01831	0.01903	0.01954	0.01469	0.02028	0.01513	0.06039	0.02180	0.13752	0.02223	0.05296	0.02286	0.00376	0.41348	0.01096	0.08409	0.00907
37	0.01129	0.00878	0.01026	0.01009	0.01244	0.00775	0.00749	0.01435	0.02192	0.02885	0.34295	0.11966	0.33192	0.02047	0.01036	0.00289	0.00432	0.01764	0.00881	0.00775
38	0.01809	0.01550	0.01809	0.01292	0.02067	0.01163	0.01034	0.02196	0.01809	0.02842	0.01550	0.01809	0.01292	0.00646	0.00646	0.00129	0.00646	0.00517	0.00517	0.74677
39	0.01246	0.00935	0.01402	0.01402	0.01558	0.01090	0.01090	0.01558	0.01402	0.02025	0.02336	0.03427	0.02181	0.06542	0.65888	0.01402	0.02336	0.00935	0.00467	0.00779
40	0.01254	0.00946	0.01171	0.01164	0.01377	0.00900	0.00870	0.01744	0.06655	0.03075	0.37712	0.17433	0.15324	0.01999	0.01043	0.00300	0.00474	0.04830	0.00898	0.00831
41	0.02874	0.08447	0.02625	0.02164	0.02560	0.45512	0.01687	0.03263	0.06667	0.02235	0.01466	0.01743	0.01241	0.01018	0.01139	0.00255	0.12981	0.00621	0.00465	0.01037
42	0.02974	0.01274	0.01694	0.01383	0.01898	0.01110	0.01109	0.03300	0.02386	0.43635	0.14346	0.08357	0.09800	0.01423	0.00934	0.00279	0.00639	0.01200	0.01014	0.01244
43	0.01487	0.01283	0.01838	0.01700	0.01791	0.01650	0.01357	0.01738	0.01371	0.02034	0.01927	0.02999	0.01859	0.08100	0.39741	0.01002	0.25965	0.00890	0.00440	0.00829
44	0.01940	0.07197	0.48946	0.02583	0.03748	0.02086	0.12389	0.02837	0.01907	0.05912	0.01677	0.01961	0.01195	0.00822	0.00851	0.00274	0.01273	0.00710	0.00417	0.01273
45	0.02103	0.06719	0.15295	0.02533	0.07465	0.08298	0.13557	0.02770	0.05864	0.06092	0.07806	0.05963	0.02251	0.01108	0.01106	0.00284	0.08152	0.00942	0.00548	0.01143
46	0.01170	0.00804	0.00981	0.01078	0.01102	0.00780	0.00663	0.01243	0.01461	0.01948	0.03736	0.35961	0.04417	0.37392	0.02844	0.00610	0.00683	0.01850	0.00663	0.00615
47	0.01809	0.01550	0.01809	0.01292	0.02067	0.01163	0.01034	0.02196	0.01809	0.02842	0.01550	0.01809	0.01292	0.00646	0.00646	0.00129	0.00646	0.00517	0.00517	0.74677
48	0.02102	0.14825	0.47508	0.02213	0.03340	0.02170	0.02709	0.02915	0.01908	0.09998	0.01731	0.01904	0.01233	0.00845	0.00791	0.00261	0.01166	0.00643	0.00454	0.01285
49	0.01858	0.11188	0.50765	0.02654	0.08091	0.02191	0.05996	0.02742	0.01856	0.02695	0.01544	0.01845	0.01138	0.00811	0.00813	0.00266	0.01242	0.00655	0.00377	0.01272
50	0.01324	0.00960	0.01302	0.01483	0.01674	0.00939	0.01254	0.01675	0.01963	0.02535	0.05068	0.17283	0.11022	0.02431	0.01175	0.00385	0.00728	0.45209	0.00805	0.00784
51	0.02196	0.02122	0.03291	0.14194	0.42943	0.05318	0.05085	0.05955	0.05040	0.02901	0.01736	0.02213	0.01401	0.00831	0.00870	0.00266	0.01081	0.00788	0.00473	0.01296
52	0.01126	0.00804	0.01033	0.01175	0.01252	0.00758	0.00800	0.01294	0.01707	0.02272	0.09022	0.47979	0.08435	0.12515	0.01603	0.00421	0.00565	0.05762	0.00779	0.00698
53	0.01642	0.10843	0.08960	0.01567	0.04856	0.01549	0.01257	0.05307	0.01694	0.02331	0.04409	0.03801	0.02429	0.27996	0.14331	0.00686	0.01170	0.00967	0.03343	0.00862
54	0.75506	0.01687	0.01282	0.01147	0.01687	0.01957	0.00945	0.02564	0.01484	0.03914	0.01215	0.01417	0.00945	0.00810	0.00540	0.00270	0.00675	0.00472	0.00540	0.00945
55	0.02162	0.01950	0.02965	0.21256	0.25537	0.05662	0.06807	0.05746	0.02127	0.06592	0.06302	0.02540	0.01857	0.00909	0.00880	0.00265	0.01054	0.00840	0.00527	0.04021
56	0.02234	0.56027	0.13589	0.01870	0.06104	0.03155	0.01823	0.02638	0.01795	0.02206	0.01291	0.01511	0.01133	0.00761	0.00618	0.00204	0.00993	0.00512	0.00376	0.01160
57	0.06076	0.01558	0.01941	0.01534	0.02117	0.01487	0.01251	0.14325	0.02753	0.39310	0.14675	0.03429	0.03156	0.01199	0.00892	0.00269	0.00717	0.00979	0.00997	0.01336
58	0.01529	0.01235	0.01925	0.01718	0.02002	0.01214	0.10857	0.05208	0.01978	0.04860	0.07316	0.36595	0.09629	0.02072	0.01155	0.00330	0.03989	0.04755	0.00749	0.00885
59	0.01151	0.00942	0.00998	0.00998	0.01253	0.00855	0.00726	0.01523	0.06377	0.02447	0.10747	0.13132	0.45082	0.08246	0.01337	0.00349	0.00501	0.01768	0.00799	0.00768
60	0.01268	0.00846	0.00951	0.00951	0.00951	0.00846	0.00529	0.01268	0.01268	0.01691	0.02748	0.05708	0.03171	0.69345	0.04440	0.00846	0.00846	0.01268	0.00529	0.00529
61	0.02056	0.02077	0.02557	0.44124	0.04776	0.12656	0.02157	0.05733	0.05666	0.02466	0.01638	0.02214	0.01264	0.00954	0.01007	0.00285	0.06135	0.00752	0.00454	0.01028
62	0.01479	0.01033	0.01302	0.01197	0.01460	0.00999	0.00910	0.02118	0.09215	0.06691	0.53571	0.05964	0.07287	0.01679	0.01005	0.00277	0.00460	0.01474	0.00958	0.00920
63	0.01755	0.03641	0.45467	0.06191	0.07218	0.01998	0.06412	0.02582	0.01810	0.02657	0.01758	0.06214	0.01440	0.00996	0.01014	0.00290	0.06134	0.00810	0.00407	0.01208
64	0.02730	0.02212	0.02314	0.06754	0.02695	0.07002	0.01562	0.34837	0.14248	0.04228	0.02323	0.02593	0.01798	0.05729	0.04670	0.00368	0.01039	0.00844	0.00764	0.01291
65	0.01094	0.00869	0.00963	0.00970	0.01200	0.00759	0.00705	0.01334	0.02011	0.02545	0.19762	0.14466	0.41405	0.06479	0.01258	0.00332	0.00468	0.01818	0.00824	0.00739
66	0.01809	0.01550	0.01809	0.01292	0.02067	0.01163	0.01034	0.02196	0.01809	0.02842	0.01550	0.01809	0.01292	0.00646	0.00646	0.00129	0.00646	0.00517	0.00517	0.74677
67	0.03246	0.02408	0.02578	0.01993	0.02678	0.02672	0.01641	0.57548	0.07662	0.05384	0.02183	0.02165	0.01556	0.01055	0.00874	0.00264	0.00943	0.00798	0.00874	0.01477
68	0.01586	0.01435	0.02054	0.01858	0.01934	0.01902	0.01510	0.01836	0.01368	0.02063	0.01725	0.02647	0.01649	0.03967	0.33528	0.00878	0.35922	0.00847	0.00423	0.00869
69	0.05396	0.01845	0.02784	0.32591	0.07698	0.02080	0.08486	0.12120	0.08420	0.07060	0.01978	0.02379	0.01452	0.00922	0.00876	0.00283	0.01061	0.00820	0.00576	0.01171
70	0.02318	0.01914	0.06780	0.08239	0.11362	0.04948	0.01689	0.13043	0.02392	0.12399	0.07208	0.10796	0.02793	0.05674	0.01150	0.00321	0.00904	0.04215	0.00710	0.01146
71	0.01178	0.00865	0.01107	0.01120	0.01300	0.00794	0.00824	0.01508	0.02212	0.03039	0.41373	0.21215	0.13878	0.02075	0.01055	0.00300	0.00452	0.04017	0.00902	0.00786
72	0.01947	0.01986	0.03099	0.02695	0.06581	0.02563	0.10797	0.02241	0.01486	0.02252	0.01270	0.01991	0.01187	0.01360	0.02459	0.00361	0.53512	0.00804	0.00394	0.01015
73	0.05272	0.02157	0.09534	0.16774	0.30308	0.01998	0.07388	0.02699	0.06361	0.02805	0.01902	0.02623	0.01568	0.00915	0.00881	0.00281	0.01071	0.03767	0.00475	0.01221
74	0.01749	0.07664	0.57972	0.02353	0.03551	0.02028	0.02992	0.02689	0.01875	0.02769	0.05193	0.02094	0.01526	0.00881	0.00827	0.00272	0.01219	0.00690	0.00403	0.01253
75	0.03883	0.01534	0.02055	0.01576	0.02252	0.01356	0.01302	0.07205	0.02580	0.61435	0.03371	0.02923	0.02124	0.01078	0.00877	0.00269	0.00754	0.00872	0.01069	0.01484
76	0.01829	0.01872	0.06410	0.05393	0.03260	0.01750	0.28087	0.02345	0.01926	0.05791	0.05907	0.16200	0.02780	0.01383	0.01216	0.00317	0.07850	0.04068	0.00582	0.01035
77	0.05072	0.09162	0.02634	0.02272	0.10577	0.05647	0.04233	0.09680	0.17309	0.10064	0.08608	0.02817	0.02428	0.01086	0.00953	0.00270	0.04344	0.00878	0.00716	0.01251
78	0.01078	0.00770	0.01030	0.01232	0.01290	0.00722	0.00837	0.01241	0.01685	0.02244	0.04799	0.66119	0.05735	0.02718	0.01117	0.00356	0.00519	0.04983	0.00809	0.00713
79	0.02432	0.01141	0.01524	0.01320	0.01718	0.01011	0.01026	0.02756	0.02321	0.31377	0.23234	0.15996	0.07144	0.01644	0.00974	0.00287	0.00582	0.01425	0.00983	0.01105
80	0.01829	0.01704	0.04953	0.12336	0.09827	0.05454	0.03913	0.05100	0.02000	0.05785	0.05908	0.20530	0.06400	0.01595	0.01111	0.00308	0.05812	0.03802	0.00636	0.00998
81	0.01193	0.00858	0.00999	0.01010	0.01112	0.00825	0.00657	0.01322	0.01600	0.02103	0.10760	0.11905	0.16930	0.36840	0.07624	0.00662	0.00792	0.01510	0.00657	0.00640
82	0.01100	0.00793	0.01050	0.01242	0.01322	0.00743	0.00869	0.01283	0.01725	0.02277	0.04994	0.59011	0.08659	0.02669	0.01119	0.00357	0.00536	0.08721	0.00809	0.00721
83	0.02049	0.13239	0.16988	0.03269	0.10152	0.02349	0.33905	0.02747	0.01963	0.02678	0.01626	0.02081	0.01254	0.00760	0.00899	0.00270	0.01306	0.00838	0.00415	0.01212
84	0.01063	0.00759	0.01012	0.01215	0.01265	0.00709	0.00810	0.01215	0.01670	0.02227	0.04808	0.68775	0.05769	0.02733	0.01113	0.00354	0.00506	0.02480	0.00810	0.00709
85	0.01892	0.01845	0.06624	0.01504	0.02317	0.01345	0.03389	0.05321	0.01940	0.02973	0.01588	0.01846	0.01289	0.00684	0.00685	0.00153	0.00740	0.00559	0.00522	0.62787
86	0.03307	0.01656	0.02139	0.08286	0.02665	0.01622	0.01444	0.10759	0.09920	0.41021	0.03020	0.02784	0.02002	0.01049	0.00867	0.00268	0.00800	0.00854	0.00937	0.04600
87	0.01298	0.00884	0.00997	0.00970	0.01011	0.00863	0.00556	0.01318	0.01298	0.01753	0.02684	0.05499	0.03070	0.65652	0.04236	0.00807	0.00835	0.01228	0.00528	0.04514
88	0.01809	0.01550	0.01809	0.01292	0.02067	0.01163	0.01034	0.02196	0.01809	0.02842	0.01550	0.01809	0.01292	0.00646	0.00646	0.00129	0.00646	0.00517	0.00517	0.74677
89	0.01842	0.01589	0.01878	0.05383	0.02332	0.01330	0.01160	0.02489	0.09010	0.02901	0.01788	0.02013	0.01447	0.00724	0.00689	0.00159	0.00683	0.00588	0.00553	0.61443
90	0.01112	0.00880	0.01001	0.00985	0.01232	0.00769	0.00733	0.01403	0.02158	0.02794	0.29904	0.10992	0.38796	0.02072	0.01035	0.00290	0.00434	0.01773	0.00869	0.00769
91	0.07053	0.02118	0.02295	0.05843	0.02666	0.02385	0.01550	0.35221	0.20739	0.04588	0.04795	0.02577	0.02036	0.01091	0.00863	0.00274	0.00856	0.00855	0.00831	0.01365
92	0.05843	0.02087	0.06073	0.13846	0.06955	0.01960	0.16525	0.12657	0.02254	0.03235	0.01687	0.02086	0.01289	0.00802	0.00837	0.00243	0.01052	0.00755	0.00526	0.19287
93	0.02235	0.20306	0.16176	0.02690	0.03581	0.05756	0.27962	0.02857	0.01988	0.05965	0.01654	0.02001	0.01264	0.00784	0.00848	0.00258	0.01262	0.00777	0.00445	0.01192
94	0.02319	0.05805	0.01811	0.01416	0.01843	0.05482	0.01135	0.16826	0.10791	0.06011	0.02573	0.02758	0.01974	0.01282	0.03751	0.00289	0.00783	0.00802	0.31241	0.01108
95	0.01198	0.00936	0.01384	0.01419	0.01582	0.00861	0.05275	0.01419	0.01723	0.02324	0.04375	0.57048	0.05133	0.02443	0.01083	0.00338	0.00600	0.04824	0.00764	0.05271
96	0.01094	0.00777	0.01029	0.01218	0.01273	0.00733	0.00823	0.01249	0.01662	0.02212	0.04666	0.61660	0.05564	0.06986	0.01331	0.00388	0.00543	0.05298	0.00791	0.00702
97	0.01908	0.01908	0.02672	0.02290	0.02290	0.02672	0.01908	0.02099	0.01336	0.02099	0.01145	0.01908	0.01145	0.01527	0.02863	0.00382	0.67748	0.00763	0.00382	0.00954
98	0.01809	0.01550	0.01809	0.01292	0.02067	0.01163	0.01034	0.02196	0.01809	0.02842	0.01550	0.01809	0.01292	0.00646	0.00646	0.00129	0.00646	0.00517	0.00517	0.74677
99	0.07036	0.01507	0.01884	0.01503	0.02072	0.01429	0.01213	0.09316	0.05747	0.41820	0.10037	0.03374	0.02808	0.04900	0.01073	0.00303	0.00725	0.00955	0.00977	0.01322
100	0.01348	0.01065	0.01422	0.08165	0.02022	0.00984	0.01104	0.01632	0.01752	0.02424	0.03646	0.38335	0.04100	0.01988	0.00984	0.00298	0.00645	0.08491	0.00693	0.18901
101	0.01063	0.00759	0.01012	0.01215	0.01265	0.00709	0.00810	0.01215	0.01670	0.02227	0.04808	0.68775	0.05769	0.02733	0.01113	0.00354	0.00506	0.02480	0.00810	0.00709
102	0.02917	0.02173	0.02316	0.01849	0.02458	0.02418	0.01503	0.43574	0.16355	0.04898	0.02474	0.02448	0.01804	0.01073	0.00852	0.00264	0.00852	0.00831	0.07541	0.01400
103	0.01111	0.00795	0.01060	0.01219	0.01303	0.00745	0.00847	0.01320	0.01820	0.02456	0.14325	0.55185	0.06125	0.02559	0.01105	0.00344	0.00508	0.05606	0.00834	0.00733
104	0.01671	0.01575	0.02659	0.64383	0.08688	0.01944	0.02434	0.02249	0.01755	0.02257	0.01555	0.02318	0.01173	0.00868	0.00872	0.00289	0.01157	0.00775	0.00390	0.00988
105	0.01246	0.00935	0.01402	0.01402	0.01558	0.01090	0.01090	0.01558	0.01402	0.02025	0.02336	0.03427	0.02181	0.06542	0.65888	0.01402	0.02336	0.00935	0.00467	0.00779
