[name]
unknown

[dist]
# distance from previous block
# <min> <max>
8	36

[block]
# block no. 0 follows, 25 sequences, length 6
# corresponding to MSA columns:
# 37-42
name=unknown_A
#
# <colnr> <probs for GDERKNQSTAVLIFYWHMCP>
#	G	D	E	R	K	N	Q	S	T	A	V	L	I	F	Y	W	H	M	C	P
0	0.01604	0.01350	0.02035	0.05105	0.06571	0.01294	0.11777	0.06147	0.06967	0.05340	0.06177	0.19466	0.08650	0.01301	0.00840	0.00246	0.00710	0.01194	0.00611	0.12614
1	0.01801	0.01508	0.02344	0.37485	0.06640	0.01604	0.06758	0.06796	0.01797	0.07297	0.01556	0.01991	0.01164	0.00744	0.00743	0.00223	0.00910	0.00665	0.00452	0.17522
2	0.01440	0.00915	0.03950	0.06263	0.01515	0.00828	0.00914	0.01366	0.01300	0.06028	0.07022	0.10197	0.02230	0.02241	0.02232	0.48990	0.00670	0.00902	0.00460	0.00536
3	0.08333	0.01411	0.01745	0.08947	0.02269	0.01462	0.01228	0.03429	0.21477	0.32564	0.06737	0.02743	0.02209	0.00988	0.00768	0.00249	0.00664	0.00810	0.00798	0.01169
4	0.01422	0.00876	0.01123	0.01113	0.01288	0.00834	0.00800	0.05744	0.01819	0.09579	0.17053	0.36033	0.06837	0.04740	0.01199	0.05941	0.00508	0.01607	0.00740	0.00745
5	0.01452	0.00976	0.01107	0.01035	0.01252	0.00983	0.00758	0.10726	0.01822	0.02650	0.06227	0.16117	0.07204	0.13590	0.05986	0.00386	0.00644	0.01146	0.21523	0.04415

[dist]
# distance from previous block
# <min> <max>
15	21

[block]
# block no. 1 follows, 25 sequences, length 227
# corresponding to MSA columns:
# 64-290
name=unknown_B
#
# <colnr> <probs for GDERKNQSTAVLIFYWHMCP>
#	G	D	E	R	K	N	Q	S	T	A	V	L	I	F	Y	W	H	M	C	P
0	0.01664	0.01648	0.02303	0.01979	0.01988	0.02286	0.01644	0.01844	0.01242	0.01933	0.04596	0.01917	0.01357	0.01369	0.02457	0.00334	0.67512	0.00717	0.00367	0.00842
1	0.01932	0.01712	0.02783	0.10117	0.49529	0.01758	0.02133	0.02544	0.07760	0.06087	0.01817	0.02378	0.01503	0.00814	0.00785	0.00242	0.00879	0.03588	0.00464	0.01176
2	0.01807	0.01539	0.01724	0.01659	0.04574	0.01719	0.01260	0.03551	0.50563	0.03036	0.03137	0.03678	0.02575	0.01178	0.00820	0.00268	0.00639	0.10276	0.00744	0.05253
3	0.01445	0.00723	0.00723	0.00723	0.00903	0.00723	0.00542	0.01807	0.01626	0.02891	0.02529	0.02891	0.01987	0.00903	0.00542	0.00181	0.00361	0.00723	0.77055	0.00723
4	0.00916	0.00785	0.00785	0.00785	0.01047	0.00655	0.00589	0.01113	0.01767	0.02095	0.07855	0.07462	0.67599	0.01964	0.00916	0.00262	0.00393	0.01636	0.00720	0.00655
5	0.01445	0.00723	0.00723	0.00723	0.00903	0.00723	0.00542	0.01807	0.01626	0.02891	0.02529	0.02891	0.01987	0.00903	0.00542	0.00181	0.00361	0.00723	0.77055	0.00723
6	0.03479	0.01320	0.01799	0.01380	0.01979	0.01140	0.01140	0.03779	0.02219	0.68451	0.03059	0.02639	0.01919	0.00960	0.00780	0.00240	0.00660	0.00780	0.00960	0.01320
7	0.02968	0.02139	0.02306	0.01768	0.02388	0.02355	0.01461	0.62925	0.03590	0.07369	0.01908	0.01892	0.01342	0.00932	0.00776	0.00233	0.00846	0.00701	0.00783	0.01319
8	0.02896	0.03695	0.02197	0.01998	0.02397	0.69638	0.01498	0.03096	0.02197	0.01898	0.01199	0.01398	0.00999	0.00799	0.00699	0.00200	0.01398	0.00499	0.00400	0.00899
9	0.00916	0.00785	0.00785	0.00785	0.01047	0.00655	0.00589	0.01113	0.01767	0.02095	0.07855	0.07462	0.67599	0.01964	0.00916	0.00262	0.00393	0.01636	0.00720	0.00655
10	0.01089	0.00786	0.01029	0.00981	0.01157	0.00726	0.00731	0.01443	0.02157	0.03048	0.64102	0.09368	0.07198	0.01631	0.00919	0.00248	0.00370	0.01445	0.00846	0.00726
11	0.02947	0.02172	0.02327	0.01784	0.02404	0.02404	0.01474	0.65329	0.03646	0.04887	0.01862	0.01862	0.01319	0.00931	0.00776	0.00233	0.00853	0.00698	0.00776	0.01319
12	0.01445	0.00723	0.00723	0.00723	0.00903	0.00723	0.00542	0.01807	0.01626	0.02891	0.02529	0.02891	0.01987	0.00903	0.00542	0.00181	0.00361	0.00723	0.77055	0.00723
13	0.02947	0.02172	0.02327	0.01784	0.02404	0.02404	0.01474	0.65329	0.03646	0.04887	0.01862	0.01862	0.01319	0.00931	0.00776	0.00233	0.00853	0.00698	0.00776	0.01319
14	0.01919	0.01842	0.03147	0.04759	0.67914	0.01842	0.02380	0.02380	0.01765	0.02533	0.01458	0.01919	0.01228	0.00691	0.00768	0.00230	0.00921	0.00691	0.00384	0.01228
15	0.01284	0.00942	0.01348	0.01601	0.05058	0.00942	0.01308	0.01647	0.01784	0.02331	0.03968	0.08391	0.04294	0.02066	0.01055	0.00350	0.00725	0.59468	0.00697	0.00741
16	0.02863	0.06506	0.02273	0.01970	0.02381	0.66946	0.01491	0.03065	0.02172	0.01895	0.01194	0.01392	0.00999	0.00794	0.00691	0.00198	0.01375	0.00496	0.00397	0.00903
17	0.00945	0.00675	0.00900	0.01080	0.01125	0.00630	0.00720	0.01080	0.01484	0.01979	0.04274	0.72245	0.05128	0.02429	0.00990	0.00315	0.00450	0.02204	0.00720	0.00630
18	0.02289	0.01845	0.01956	0.01651	0.02153	0.02097	0.01314	0.25755	0.44292	0.03824	0.02698	0.02528	0.01996	0.01009	0.00784	0.00252	0.00698	0.00814	0.00784	0.01260
19	0.02066	0.01532	0.04764	0.01471	0.01917	0.01512	0.01229	0.11700	0.24309	0.14263	0.05873	0.06509	0.07402	0.01447	0.03454	0.00303	0.00714	0.07678	0.00767	0.01090
20	0.01048	0.00791	0.00968	0.00924	0.01128	0.00711	0.00693	0.01368	0.02078	0.02832	0.51230	0.06247	0.23764	0.01688	0.00915	0.00249	0.00373	0.01466	0.00817	0.00711
21	0.01608	0.01378	0.01608	0.01148	0.01837	0.01034	0.00919	0.01952	0.01608	0.02527	0.01378	0.01608	0.01148	0.00574	0.00574	0.00115	0.00574	0.00459	0.00459	0.77491
22	0.02092	0.01598	0.01840	0.04324	0.05437	0.01773	0.01292	0.10483	0.41231	0.09751	0.05993	0.06052	0.02464	0.01090	0.00800	0.00257	0.00657	0.00918	0.00767	0.01181
23	0.45162	0.09903	0.08654	0.01301	0.01889	0.05011	0.01200	0.04936	0.01633	0.12042	0.01417	0.01515	0.01045	0.00760	0.00571	0.00230	0.00737	0.00499	0.00520	0.00975
24	0.00940	0.00692	0.00882	0.01033	0.01112	0.00634	0.00699	0.01085	0.01529	0.01998	0.04841	0.61975	0.15032	0.02355	0.00978	0.00306	0.00441	0.02114	0.00720	0.00634
25	0.01608	0.01378	0.01608	0.01148	0.01837	0.01034	0.00919	0.01952	0.01608	0.02527	0.01378	0.01608	0.01148	0.00574	0.00574	0.00115	0.00574	0.00459	0.00459	0.77491
26	0.01596	0.01616	0.05138	0.04184	0.09668	0.09007	0.01371	0.04794	0.03919	0.02193	0.02535	0.29617	0.02738	0.01618	0.01242	0.03790	0.12334	0.01265	0.00537	0.00840
27	0.01108	0.00831	0.01246	0.01246	0.01385	0.00969	0.00969	0.01385	0.01246	0.01800	0.02077	0.03046	0.01938	0.05815	0.69678	0.01246	0.02077	0.00831	0.00415	0.00692
28	0.01822	0.01463	0.01613	0.01500	0.01889	0.01637	0.01194	0.03488	0.48384	0.05978	0.03570	0.04190	0.06125	0.01295	0.00847	0.00279	0.00623	0.12217	0.00779	0.01108
29	0.05980	0.01337	0.01698	0.01356	0.01884	0.01255	0.01102	0.05887	0.09632	0.48128	0.10585	0.02957	0.02544	0.01034	0.00785	0.00243	0.00625	0.00847	0.00901	0.01220
30	0.01097	0.00793	0.01036	0.00975	0.01158	0.00732	0.00732	0.01463	0.02195	0.03109	0.67505	0.05792	0.07316	0.01585	0.00914	0.00244	0.00366	0.01402	0.00854	0.00732
31	0.00945	0.00675	0.00900	0.01080	0.01125	0.00630	0.00720	0.01080	0.01484	0.01979	0.04274	0.72245	0.05128	0.02429	0.00990	0.00315	0.00450	0.02204	0.00720	0.00630
32	0.02073	0.73217	0.04063	0.01327	0.01990	0.03068	0.01327	0.02322	0.01575	0.01824	0.01078	0.01244	0.00995	0.00663	0.00498	0.00166	0.00829	0.00415	0.00332	0.00995
33	0.00947	0.00692	0.00892	0.01043	0.01117	0.00637	0.00706	0.01098	0.01544	0.02036	0.07144	0.62397	0.12208	0.02344	0.00979	0.00306	0.00440	0.02109	0.00725	0.00637
34	0.02947	0.02172	0.02327	0.01784	0.02404	0.02404	0.01474	0.65329	0.03646	0.04887	0.01862	0.01862	0.01319	0.00931	0.00776	0.00233	0.00853	0.00698	0.00776	0.01319
35	0.01110	0.00821	0.01198	0.01198	0.01320	0.00943	0.00909	0.01354	0.01232	0.01764	0.02121	0.03290	0.02044	0.13870	0.61768	0.01187	0.01917	0.00866	0.00422	0.00666
36	0.02896	0.03695	0.02197	0.01998	0.02397	0.69638	0.01498	0.03096	0.02197	0.01898	0.01199	0.01398	0.00999	0.00799	0.00699	0.00200	0.01398	0.00499	0.00400	0.00899
37	0.05331	0.15961	0.42644	0.01890	0.02813	0.02030	0.02229	0.08542	0.01817	0.05271	0.01457	0.01658	0.01080	0.00918	0.02963	0.00262	0.01047	0.00566	0.00407	0.01114
38	0.00925	0.00781	0.00800	0.00807	0.01055	0.00656	0.00601	0.01125	0.01770	0.02128	0.09977	0.10425	0.62366	0.01971	0.00920	0.00264	0.00394	0.01654	0.00725	0.00656
39	0.02117	0.01756	0.04459	0.01744	0.05131	0.05223	0.03521	0.10856	0.25656	0.11126	0.11208	0.03036	0.05096	0.01090	0.00889	0.00252	0.04107	0.00893	0.00722	0.01118
40	0.10680	0.01391	0.02093	0.50185	0.06853	0.01667	0.01842	0.05015	0.01663	0.02380	0.04926	0.04923	0.01521	0.00880	0.00755	0.00255	0.00911	0.00754	0.00424	0.00879
41	0.00945	0.00675	0.00900	0.01080	0.01125	0.00630	0.00720	0.01080	0.01484	0.01979	0.04274	0.72245	0.05128	0.02429	0.00990	0.00315	0.00450	0.02204	0.00720	0.00630
42	0.01599	0.01541	0.02689	0.50192	0.19983	0.01769	0.06970	0.02113	0.01622	0.02149	0.01411	0.02034	0.01090	0.00746	0.00784	0.00252	0.01028	0.00707	0.00357	0.00962
43	0.03242	0.01699	0.02035	0.01560	0.02169	0.01703	0.01289	0.31215	0.02855	0.40116	0.02525	0.02292	0.01652	0.00947	0.00778	0.00237	0.00746	0.00743	0.00878	0.01319
44	0.05698	0.21257	0.44099	0.02003	0.02965	0.02130	0.06973	0.02415	0.01619	0.02351	0.01309	0.01551	0.00992	0.00711	0.00676	0.00226	0.01049	0.00550	0.00341	0.01084
45	0.01347	0.00673	0.01010	0.01010	0.01010	0.00673	0.00673	0.01010	0.01010	0.01347	0.01347	0.02357	0.01347	0.02694	0.03030	0.77441	0.00673	0.00673	0.00337	0.00337
46	0.01929	0.01666	0.01753	0.01578	0.02016	0.01929	0.01227	0.04120	0.66513	0.03243	0.03156	0.02893	0.02367	0.01052	0.00789	0.00263	0.00614	0.00877	0.00789	0.01227
47	0.01783	0.01534	0.01772	0.01599	0.06784	0.01494	0.01159	0.05333	0.28114	0.02892	0.02421	0.02430	0.04677	0.00854	0.00699	0.00195	0.00619	0.00709	0.00612	0.34319
48	0.01348	0.04496	0.03918	0.01183	0.01437	0.03561	0.00969	0.01682	0.01938	0.05153	0.40489	0.04682	0.10096	0.01915	0.08224	0.00352	0.05897	0.01173	0.00702	0.00786
49	0.01923	0.01818	0.03048	0.10020	0.60210	0.01855	0.02325	0.04859	0.01823	0.02582	0.01468	0.01929	0.01216	0.00707	0.00769	0.00233	0.00928	0.00691	0.00396	0.01202
50	0.00945	0.00675	0.00900	0.01080	0.01125	0.00630	0.00720	0.01080	0.01484	0.01979	0.04274	0.72245	0.05128	0.02429	0.00990	0.00315	0.00450	0.02204	0.00720	0.00630
51	0.01700	0.01365	0.01595	0.01167	0.01809	0.01074	0.00931	0.04890	0.01709	0.04879	0.01707	0.01907	0.03741	0.00732	0.00690	0.02842	0.00587	0.00534	0.00497	0.65644
52	0.02362	0.02683	0.02716	0.03507	0.38197	0.32593	0.01980	0.02705	0.01961	0.02245	0.01341	0.01683	0.01124	0.00740	0.00737	0.00216	0.01138	0.00604	0.00391	0.01079
53	0.00960	0.00686	0.00917	0.01097	0.01149	0.00643	0.00747	0.01106	0.01500	0.01997	0.04265	0.69028	0.05094	0.02415	0.00994	0.00317	0.00463	0.05268	0.00719	0.00634
54	0.01732	0.01680	0.02320	0.01986	0.02024	0.02311	0.01651	0.05058	0.01315	0.02016	0.01110	0.01768	0.01076	0.01544	0.05592	0.00376	0.64525	0.00687	0.00365	0.00865
55	0.02899	0.03626	0.02203	0.01988	0.02397	0.66582	0.01497	0.05925	0.02263	0.02033	0.01229	0.01419	0.01013	0.00805	0.00703	0.00201	0.01373	0.00508	0.00417	0.00918
56	0.00945	0.00675	0.00900	0.01080	0.01125	0.00630	0.00720	0.01080	0.01484	0.01979	0.04274	0.72245	0.05128	0.02429	0.00990	0.00315	0.00450	0.02204	0.00720	0.00630
57	0.00986	0.00740	0.01070	0.01181	0.01260	0.00692	0.03705	0.01145	0.01501	0.02003	0.04148	0.68991	0.04945	0.02347	0.00986	0.00312	0.00490	0.02144	0.00705	0.00649
58	0.01063	0.00705	0.00942	0.01094	0.01165	0.00654	0.00739	0.01206	0.01519	0.05086	0.04217	0.68992	0.04978	0.02360	0.00980	0.00311	0.00460	0.02138	0.00731	0.00662
59	0.02945	0.02232	0.02322	0.01792	0.02404	0.05062	0.01475	0.62869	0.03588	0.04768	0.01835	0.01843	0.01306	0.00926	0.00773	0.00231	0.00875	0.00690	0.00761	0.01302
60	0.01696	0.01696	0.02375	0.02036	0.02036	0.02375	0.01696	0.01866	0.01187	0.01866	0.01018	0.01696	0.01018	0.01357	0.02545	0.00339	0.71332	0.00679	0.00339	0.00848
61	0.02896	0.03695	0.02197	0.01998	0.02397	0.69638	0.01498	0.03096	0.02197	0.01898	0.01199	0.01398	0.00999	0.00799	0.00699	0.00200	0.01398	0.00499	0.00400	0.00899
62	0.46080	0.07155	0.04842	0.01377	0.01898	0.16115	0.01169	0.08720	0.01767	0.03124	0.01197	0.01365	0.00938	0.00754	0.00568	0.00226	0.00834	0.00471	0.00475	0.00925
63	0.00991	0.00708	0.00953	0.01132	0.01197	0.00669	0.00800	0.01159	0.01530	0.02031	0.04248	0.62643	0.05028	0.02386	0.01002	0.00321	0.00490	0.11351	0.00719	0.00643
64	0.01975	0.04422	0.02117	0.01739	0.02031	0.09069	0.03829	0.14769	0.10194	0.02657	0.01949	0.08461	0.01781	0.04515	0.07727	0.00382	0.20028	0.00858	0.00538	0.00959
65	0.01222	0.00826	0.00923	0.00895	0.00927	0.00838	0.00522	0.04470	0.01259	0.01680	0.02413	0.04907	0.02741	0.69012	0.03781	0.00725	0.00757	0.01105	0.00486	0.00514
66	0.00937	0.00705	0.00868	0.00998	0.01103	0.00637	0.00684	0.01089	0.01563	0.02011	0.05262	0.54358	0.22376	0.02301	0.00969	0.00300	0.00434	0.02047	0.00720	0.00637
67	0.02947	0.02172	0.02327	0.01784	0.02404	0.02404	0.01474	0.65329	0.03646	0.04887	0.01862	0.01862	0.01319	0.00931	0.00776	0.00233	0.00853	0.00698	0.00776	0.01319
68	0.02613	0.02098	0.04599	0.01742	0.02331	0.02250	0.01456	0.45983	0.21077	0.04340	0.02205	0.02140	0.01598	0.00957	0.00778	0.00242	0.00797	0.00743	0.00763	0.01287
69	0.01581	0.03844	0.63416	0.02351	0.05752	0.01809	0.05675	0.02454	0.01650	0.02460	0.01402	0.01668	0.01000	0.00731	0.00746	0.00246	0.01145	0.00593	0.00332	0.01144
70	0.03479	0.01320	0.01799	0.01380	0.01979	0.01140	0.01140	0.03779	0.02219	0.68451	0.03059	0.02639	0.01919	0.00960	0.00780	0.00240	0.00660	0.00780	0.00960	0.01320
71	0.01128	0.00752	0.00846	0.00846	0.00846	0.00752	0.00470	0.01128	0.01128	0.01503	0.02443	0.05074	0.02819	0.72751	0.03946	0.00752	0.00752	0.01128	0.00470	0.00470
72	0.01251	0.01019	0.03324	0.01077	0.01344	0.00912	0.00849	0.01814	0.10423	0.05075	0.36008	0.11421	0.19258	0.01623	0.00895	0.00257	0.00448	0.01407	0.00790	0.00805
73	0.01859	0.02020	0.01683	0.01577	0.01796	0.27986	0.01200	0.02077	0.01605	0.01822	0.01671	0.02438	0.01558	0.08428	0.32183	0.00724	0.07487	0.00710	0.00407	0.00770
74	0.01082	0.00792	0.01015	0.00960	0.01149	0.00725	0.00720	0.01434	0.02159	0.03024	0.62504	0.05932	0.12370	0.01617	0.00915	0.00245	0.00368	0.01422	0.00842	0.00725
75	0.01975	0.01785	0.02922	0.06570	0.56372	0.01815	0.02204	0.02598	0.08061	0.05579	0.01693	0.02051	0.01363	0.00741	0.00770	0.00235	0.00883	0.00713	0.00448	0.01220
76	0.01664	0.01694	0.03067	0.05608	0.05488	0.01910	0.26911	0.02077	0.01511	0.02184	0.01471	0.02100	0.01248	0.01548	0.09862	0.00404	0.25611	0.00795	0.03929	0.00918
77	0.00950	0.00679	0.00904	0.01076	0.01126	0.00633	0.00720	0.01093	0.01509	0.02018	0.06417	0.69992	0.05202	0.02401	0.00987	0.00312	0.00447	0.02177	0.00724	0.00633
78	0.01487	0.01409	0.02330	0.64207	0.05020	0.01786	0.02109	0.01970	0.01515	0.01970	0.01343	0.02031	0.01032	0.00832	0.00947	0.00266	0.07855	0.00688	0.00344	0.00860
79	0.01109	0.00825	0.01215	0.01215	0.01343	0.00953	0.00931	0.01365	0.01237	0.01777	0.02105	0.03201	0.02006	0.10938	0.64648	0.01208	0.01975	0.00853	0.00420	0.00675
80	0.00945	0.00675	0.00900	0.01080	0.01125	0.00630	0.00720	0.01080	0.01484	0.01979	0.04274	0.72245	0.05128	0.02429	0.00990	0.00315	0.00450	0.02204	0.00720	0.00630
81	0.02073	0.73217	0.04063	0.01327	0.01990	0.03068	0.01327	0.02322	0.01575	0.01824	0.01078	0.01244	0.00995	0.00663	0.00498	0.00166	0.00829	0.00415	0.00332	0.00995
82	0.00945	0.00675	0.00900	0.01080	0.01125	0.00630	0.00720	0.01080	0.01484	0.01979	0.04274	0.72245	0.05128	0.02429	0.00990	0.00315	0.00450	0.02204	0.00720	0.00630
83	0.02947	0.02172	0.02327	0.01784	0.02404	0.02404	0.01474	0.65329	0.03646	0.04887	0.01862	0.01862	0.01319	0.00931	0.00776	0.00233	0.00853	0.00698	0.00776	0.01319
84	0.02947	0.02172	0.02327	0.01784	0.02404	0.02404	0.01474	0.65329	0.03646	0.04887	0.01862	0.01862	0.01319	0.00931	0.00776	0.00233	0.00853	0.00698	0.00776	0.01319
85	0.02896	0.03695	0.02197	0.01998	0.02397	0.69638	0.01498	0.03096	0.02197	0.01898	0.01199	0.01398	0.00999	0.00799	0.00699	0.00200	0.01398	0.00499	0.00400	0.00899
86	0.02461	0.02248	0.05024	0.02446	0.15867	0.13902	0.03887	0.20561	0.05497	0.09141	0.04215	0.02047	0.01533	0.00909	0.00914	0.00239	0.06676	0.00705	0.00583	0.01145
87	0.00944	0.00679	0.00895	0.01069	0.01122	0.00631	0.00715	0.01081	0.01495	0.01984	0.04409	0.69801	0.07485	0.02412	0.00987	0.00313	0.00448	0.02183	0.00720	0.00631
88	0.01751	0.01885	0.05915	0.26847	0.09031	0.01903	0.30218	0.05546	0.01789	0.02411	0.01480	0.02025	0.01124	0.00745	0.00907	0.00259	0.03985	0.00786	0.00390	0.01005
89	0.01719	0.01892	0.04041	0.02961	0.03643	0.01778	0.55289	0.02311	0.01801	0.02434	0.01969	0.07750	0.01728	0.00902	0.00933	0.00273	0.01197	0.05949	0.00442	0.00989
90	0.00945	0.00675	0.00900	0.01080	0.01125	0.00630	0.00720	0.01080	0.01484	0.01979	0.04274	0.72245	0.05128	0.02429	0.00990	0.00315	0.00450	0.02204	0.00720	0.00630
91	0.02055	0.70822	0.06301	0.01357	0.02037	0.03024	0.01380	0.02326	0.01578	0.01846	0.01089	0.01257	0.00995	0.00666	0.00506	0.00169	0.00840	0.00420	0.00332	0.01000
92	0.01555	0.04011	0.68733	0.02210	0.03356	0.01801	0.02865	0.02455	0.01637	0.02455	0.01391	0.01637	0.00982	0.00737	0.00737	0.00246	0.01146	0.00573	0.00327	0.01146
93	0.01091	0.00751	0.00920	0.00950	0.00985	0.00761	0.00596	0.01168	0.01244	0.01686	0.04919	0.16696	0.03251	0.48069	0.12960	0.00730	0.00879	0.01284	0.00519	0.00540
94	0.01008	0.00817	0.00899	0.00884	0.01120	0.00725	0.00660	0.01327	0.04430	0.02414	0.23962	0.10101	0.45207	0.01847	0.00915	0.00260	0.00397	0.01570	0.00760	0.00697
95	0.01128	0.00752	0.00846	0.00846	0.00846	0.00752	0.00470	0.01128	0.01128	0.01503	0.02443	0.05074	0.02819	0.72751	0.03946	0.00752	0.00752	0.01128	0.00470	0.00470
96	0.01555	0.04011	0.68733	0.02210	0.03356	0.01801	0.02865	0.02455	0.01637	0.02455	0.01391	0.01637	0.00982	0.00737	0.00737	0.00246	0.01146	0.00573	0.00327	0.01146
97	0.01634	0.01465	0.01948	0.01404	0.02078	0.01180	0.07693	0.02005	0.01616	0.02498	0.01385	0.01662	0.01147	0.00611	0.00682	0.00138	0.03243	0.00515	0.00448	0.66649
98	0.00945	0.00675	0.00900	0.01080	0.01125	0.00630	0.00720	0.01080	0.01484	0.01979	0.04274	0.72245	0.05128	0.02429	0.00990	0.00315	0.00450	0.02204	0.00720	0.00630
99	0.15862	0.01150	0.03724	0.01107	0.01443	0.01064	0.00901	0.02043	0.05229	0.11051	0.36925	0.06725	0.07154	0.01333	0.00806	0.00247	0.00491	0.01123	0.00764	0.00858
100	0.02279	0.02818	0.05497	0.02405	0.05066	0.35080	0.19565	0.02648	0.01907	0.02098	0.01375	0.01773	0.01131	0.01185	0.06292	0.00312	0.06571	0.00666	0.00391	0.00942
101	0.00945	0.00675	0.00900	0.01080	0.01125	0.00630	0.00720	0.01080	0.01484	0.01979	0.04274	0.72245	0.05128	0.02429	0.00990	0.00315	0.00450	0.02204	0.00720	0.00630
102	0.01564	0.03946	0.66559	0.02246	0.03379	0.01806	0.04974	0.02456	0.01644	0.02456	0.01397	0.01652	0.00989	0.00734	0.00743	0.00246	0.01151	0.00585	0.00330	0.01143
103	0.01080	0.00792	0.01013	0.00958	0.01148	0.00724	0.00718	0.01430	0.02155	0.03015	0.61937	0.05948	0.12943	0.01620	0.00915	0.00246	0.00368	0.01424	0.00841	0.00724
104	0.00945	0.00675	0.00900	0.01080	0.01125	0.00630	0.00720	0.01080	0.01484	0.01979	0.04274	0.72245	0.05128	0.02429	0.00990	0.00315	0.00450	0.02204	0.00720	0.00630
105	0.00945	0.00675	0.00900	0.01080	0.01125	0.00630	0.00720	0.01080	0.01484	0.01979	0.04274	0.72245	0.05128	0.02429	0.00990	0.00315	0.00450	0.02204	0.00720	0.00630
106	0.00945	0.00675	0.00900	0.01080	0.01125	0.00630	0.00720	0.01080	0.01484	0.01979	0.04274	0.72245	0.05128	0.02429	0.00990	0.00315	0.00450	0.02204	0.00720	0.00630
107	0.01108	0.00828	0.01231	0.01231	0.01364	0.00961	0.00950	0.01375	0.01242	0.01789	0.02091	0.03123	0.01972	0.08354	0.67185	0.01227	0.02027	0.00842	0.00417	0.00684
108	0.02811	0.03466	0.02217	0.01989	0.02371	0.61055	0.01511	0.06355	0.02201	0.02056	0.01221	0.01445	0.01017	0.00847	0.00839	0.00212	0.06530	0.00523	0.00415	0.00918
109	0.02896	0.03695	0.02197	0.01998	0.02397	0.69638	0.01498	0.03096	0.02197	0.01898	0.01199	0.01398	0.00999	0.00799	0.00699	0.00200	0.01398	0.00499	0.00400	0.00899
110	0.01747	0.01844	0.03488	0.14805	0.11971	0.02002	0.31348	0.02239	0.01623	0.02258	0.01392	0.01972	0.01121	0.00845	0.01255	0.00275	0.17661	0.00792	0.00370	0.00991
111	0.00916	0.00785	0.00785	0.00785	0.01047	0.00655	0.00589	0.01113	0.01767	0.02095	0.07855	0.07462	0.67599	0.01964	0.00916	0.00262	0.00393	0.01636	0.00720	0.00655
112	0.02809	0.02103	0.02249	0.01756	0.02352	0.02340	0.01440	0.57027	0.12172	0.04664	0.02037	0.02001	0.01461	0.00947	0.00777	0.00237	0.00821	0.00722	0.00777	0.01306
113	0.01835	0.02072	0.04443	0.03189	0.03957	0.01959	0.62113	0.02560	0.04853	0.02519	0.01643	0.02129	0.01232	0.00672	0.00909	0.00262	0.01275	0.00913	0.00411	0.01054
114	0.00916	0.00785	0.00785	0.00785	0.01047	0.00655	0.00589	0.01113	0.01767	0.02095	0.07855	0.07462	0.67599	0.01964	0.00916	0.00262	0.00393	0.01636	0.00720	0.00655
115	0.02061	0.64854	0.09339	0.01425	0.02118	0.05493	0.01460	0.02362	0.01604	0.01879	0.01108	0.01282	0.00994	0.00675	0.00525	0.00174	0.00877	0.00431	0.00334	0.01004
116	0.01500	0.01419	0.02371	0.63739	0.08420	0.01764	0.02141	0.01996	0.01542	0.02004	0.01363	0.02040	0.01043	0.00802	0.00870	0.00261	0.04811	0.00689	0.00346	0.00880
117	0.02580	0.01843	0.02014	0.01640	0.02173	0.02028	0.01322	0.34705	0.25133	0.11466	0.02537	0.04976	0.01894	0.01033	0.00789	0.00247	0.00733	0.00826	0.00799	0.01261
118	0.03479	0.01320	0.01799	0.01380	0.01979	0.01140	0.01140	0.03779	0.02219	0.68451	0.03059	0.02639	0.01919	0.00960	0.00780	0.00240	0.00660	0.00780	0.00960	0.01320
119	0.01128	0.00752	0.00846	0.00846	0.00846	0.00752	0.00470	0.01128	0.01128	0.01503	0.02443	0.05074	0.02819	0.72751	0.03946	0.00752	0.00752	0.01128	0.00470	0.00470
120	0.01742	0.01255	0.01531	0.01301	0.01659	0.01273	0.03423	0.14127	0.07704	0.09148	0.21716	0.07133	0.19428	0.01437	0.00925	0.00254	0.03030	0.01209	0.00770	0.00934
121	0.37962	0.01622	0.01503	0.01329	0.01799	0.01872	0.01061	0.07445	0.31477	0.03467	0.02089	0.02052	0.01575	0.00887	0.00642	0.00250	0.00624	0.00649	0.00642	0.01051
122	0.01154	0.00840	0.01122	0.01263	0.01403	0.00832	0.00999	0.01523	0.05182	0.02297	0.09059	0.33272	0.04835	0.02153	0.01011	0.00326	0.00577	0.30710	0.00731	0.00710
123	0.07262	0.01478	0.01574	0.04948	0.04253	0.06550	0.01135	0.13655	0.02090	0.06189	0.06356	0.07836	0.23114	0.01408	0.00952	0.00259	0.05849	0.03549	0.00647	0.00895
124	0.05441	0.02945	0.02336	0.02335	0.12225	0.40485	0.01610	0.15803	0.02362	0.02669	0.01364	0.01579	0.01095	0.00828	0.00787	0.00218	0.03837	0.00573	0.00476	0.01031
125	0.00945	0.00675	0.00900	0.01080	0.01125	0.00630	0.00720	0.01080	0.01484	0.01979	0.04274	0.72245	0.05128	0.02429	0.00990	0.00315	0.00450	0.02204	0.00720	0.00630
126	0.01830	0.02092	0.04575	0.03268	0.04052	0.01961	0.65098	0.02484	0.01830	0.02484	0.01569	0.02092	0.01176	0.00654	0.00915	0.00261	0.01307	0.00915	0.00392	0.01046
127	0.01919	0.01842	0.03147	0.04759	0.67914	0.01842	0.02380	0.02380	0.01765	0.02533	0.01458	0.01919	0.01228	0.00691	0.00768	0.00230	0.00921	0.00691	0.00384	0.01228
128	0.00945	0.00675	0.00900	0.01080	0.01125	0.00630	0.00720	0.01080	0.01484	0.01979	0.04274	0.72245	0.05128	0.02429	0.00990	0.00315	0.00450	0.02204	0.00720	0.00630
129	0.01108	0.00831	0.01246	0.01246	0.01385	0.00969	0.00969	0.01385	0.01246	0.01800	0.02077	0.03046	0.01938	0.05815	0.69678	0.01246	0.02077	0.00831	0.00415	0.00692
130	0.00945	0.00675	0.00900	0.01080	0.01125	0.00630	0.00720	0.01080	0.01484	0.01979	0.04274	0.72245	0.05128	0.02429	0.00990	0.00315	0.00450	0.02204	0.00720	0.00630
131	0.02947	0.02172	0.02327	0.01784	0.02404	0.02404	0.01474	0.65329	0.03646	0.04887	0.01862	0.01862	0.01319	0.00931	0.00776	0.00233	0.00853	0.00698	0.00776	0.01319
132	0.01823	0.02070	0.04457	0.03202	0.03944	0.01983	0.61686	0.02450	0.01795	0.02450	0.01539	0.02070	0.01168	0.00691	0.01003	0.00266	0.05076	0.00902	0.00389	0.01035
133	0.02896	0.03695	0.02197	0.01998	0.02397	0.69638	0.01498	0.03096	0.02197	0.01898	0.01199	0.01398	0.00999	0.00799	0.00699	0.00200	0.01398	0.00499	0.00400	0.00899
134	0.01775	0.01926	0.03610	0.02927	0.09074	0.05338	0.40953	0.02284	0.01755	0.02352	0.01868	0.07463	0.01681	0.00967	0.01060	0.00274	0.07736	0.05540	0.00434	0.00982
135	0.00983	0.00787	0.00882	0.00883	0.01108	0.00686	0.00666	0.01230	0.01870	0.02374	0.23652	0.10353	0.45070	0.01893	0.00927	0.00264	0.00404	0.04537	0.00756	0.00677
136	0.02974	0.02129	0.02300	0.01763	0.02383	0.02340	0.01457	0.62211	0.03573	0.08106	0.01922	0.01901	0.01349	0.00932	0.00776	0.00233	0.00843	0.00702	0.00785	0.01319
137	0.01464	0.01378	0.02326	0.70887	0.05340	0.01723	0.02153	0.01981	0.01550	0.01981	0.01378	0.02067	0.01034	0.00775	0.00775	0.00258	0.01034	0.00689	0.00345	0.00861
138	0.01128	0.00752	0.00846	0.00846	0.00846	0.00752	0.00470	0.01128	0.01128	0.01503	0.02443	0.05074	0.02819	0.72751	0.03946	0.00752	0.00752	0.01128	0.00470	0.00470
139	0.01608	0.01378	0.01608	0.01148	0.01837	0.01034	0.00919	0.01952	0.01608	0.02527	0.01378	0.01608	0.01148	0.00574	0.00574	0.00115	0.00574	0.00459	0.00459	0.77491
140	0.08326	0.00879	0.01065	0.01110	0.01278	0.00866	0.00805	0.04396	0.01758	0.05028	0.16985	0.43392	0.04861	0.01958	0.00912	0.00288	0.00483	0.04139	0.00737	0.00732
141	0.01555	0.04011	0.68733	0.02210	0.03356	0.01801	0.02865	0.02455	0.01637	0.02455	0.01391	0.01637	0.00982	0.00737	0.00737	0.00246	0.01146	0.00573	0.00327	0.01146
142	0.00945	0.00675	0.00900	0.01080	0.01125	0.00630	0.00720	0.01080	0.01484	0.01979	0.04274	0.72245	0.05128	0.02429	0.00990	0.00315	0.00450	0.02204	0.00720	0.00630
143	0.01048	0.00791	0.00968	0.00924	0.01128	0.00711	0.00693	0.01368	0.02079	0.02833	0.51290	0.06246	0.23703	0.01688	0.00915	0.00249	0.00373	0.01466	0.00817	0.00711
144	0.01844	0.01766	0.03012	0.15664	0.57595	0.01823	0.02342	0.02314	0.01730	0.02442	0.01445	0.01943	0.01196	0.00705	0.00769	0.00235	0.00940	0.00691	0.00377	0.01168
145	0.01778	0.33827	0.40871	0.01829	0.02767	0.02347	0.02202	0.02398	0.01610	0.02184	0.01256	0.01468	0.00988	0.00705	0.00634	0.00211	0.01009	0.00505	0.00329	0.01081
146	0.01785	0.01705	0.02905	0.24270	0.49452	0.01807	0.02313	0.02262	0.01702	0.02370	0.01435	0.01963	0.01171	0.00716	0.00770	0.00239	0.00954	0.00690	0.00372	0.01120
147	0.02287	0.01838	0.01925	0.01616	0.02082	0.04543	0.01283	0.29874	0.28006	0.03679	0.02394	0.02514	0.01849	0.04877	0.07303	0.00362	0.00888	0.00794	0.00719	0.01168
148	0.01484	0.01405	0.02330	0.64966	0.05056	0.01779	0.02114	0.01971	0.01519	0.01971	0.01347	0.02035	0.01032	0.00825	0.00927	0.00265	0.07079	0.00688	0.00344	0.00860
149	0.01045	0.00794	0.01107	0.01179	0.01310	0.00723	0.03088	0.01225	0.01519	0.02058	0.03924	0.61189	0.04622	0.02196	0.00955	0.00298	0.00502	0.04424	0.00686	0.07157
150	0.01620	0.12230	0.57528	0.02050	0.03114	0.01915	0.02581	0.02414	0.01628	0.02383	0.01353	0.01588	0.00992	0.00720	0.00700	0.00229	0.01079	0.00548	0.00335	0.04995
151	0.01981	0.01970	0.02974	0.07405	0.56913	0.07560	0.02249	0.02491	0.04376	0.02483	0.01501	0.01921	0.01245	0.00718	0.00763	0.00230	0.00954	0.00682	0.00400	0.01184
152	0.00945	0.00675	0.00900	0.01080	0.01125	0.00630	0.00720	0.01080	0.01484	0.01979	0.04274	0.72245	0.05128	0.02429	0.00990	0.00315	0.00450	0.02204	0.00720	0.00630
153	0.09475	0.02146	0.02196	0.01717	0.02310	0.04655	0.01409	0.55253	0.05877	0.04595	0.01822	0.01834	0.01307	0.00913	0.00748	0.00233	0.00840	0.00674	0.00737	0.01259
154	0.00945	0.00675	0.00900	0.01080	0.01125	0.00630	0.00720	0.01080	0.01484	0.01979	0.04274	0.72245	0.05128	0.02429	0.00990	0.00315	0.00450	0.02204	0.00720	0.00630
155	0.00976	0.00695	0.00923	0.01093	0.01146	0.00655	0.00746	0.01121	0.01488	0.01980	0.04168	0.64189	0.04962	0.05970	0.01145	0.00340	0.00484	0.06583	0.00707	0.00628
156	0.02073	0.73217	0.04063	0.01327	0.01990	0.03068	0.01327	0.02322	0.01575	0.01824	0.01078	0.01244	0.00995	0.00663	0.00498	0.00166	0.00829	0.00415	0.00332	0.00995
157	0.01066	0.00779	0.01004	0.00991	0.01161	0.00717	0.00737	0.01385	0.02043	0.02833	0.51098	0.15438	0.12031	0.01758	0.00931	0.00260	0.00393	0.03848	0.00818	0.00710
158	0.02947	0.02172	0.02327	0.01784	0.02404	0.02404	0.01474	0.65329	0.03646	0.04887	0.01862	0.01862	0.01319	0.00931	0.00776	0.00233	0.00853	0.00698	0.00776	0.01319
159	0.02814	0.02084	0.02250	0.01749	0.02338	0.02313	0.01439	0.59699	0.05979	0.04666	0.01923	0.01962	0.01391	0.01183	0.04266	0.00285	0.00906	0.00712	0.00758	0.01283
160	0.02896	0.03695	0.02197	0.01998	0.02397	0.69638	0.01498	0.03096	0.02197	0.01898	0.01199	0.01398	0.00999	0.00799	0.00699	0.00200	0.01398	0.00499	0.00400	0.00899
161	0.01630	0.01545	0.02596	0.39008	0.31829	0.01718	0.02168	0.02106	0.01654	0.02223	0.01750	0.02285	0.04582	0.00801	0.00779	0.00247	0.00952	0.00739	0.00381	0.01007
162	0.00918	0.00780	0.00791	0.00799	0.01051	0.00653	0.00595	0.01111	0.01754	0.02089	0.07692	0.10406	0.64760	0.01985	0.00920	0.00264	0.00395	0.01662	0.00720	0.00653
163	0.01992	0.01818	0.03084	0.04601	0.64833	0.01809	0.02322	0.02445	0.01787	0.05614	0.01533	0.01953	0.01260	0.00703	0.00768	0.00231	0.00909	0.00695	0.00411	0.01232
164	0.01630	0.01248	0.01548	0.01690	0.10922	0.04647	0.01134	0.05182	0.04377	0.08445	0.30557	0.04929	0.11370	0.01410	0.00876	0.00253	0.00596	0.07551	0.00737	0.00898
165	0.01006	0.00742	0.00959	0.01061	0.01176	0.00670	0.00729	0.01181	0.01572	0.02129	0.10076	0.57918	0.07936	0.02194	0.00949	0.00291	0.00449	0.01976	0.00713	0.06273
166	0.01588	0.01356	0.01586	0.01142	0.01812	0.01022	0.00912	0.01934	0.01630	0.02549	0.03891	0.01767	0.01383	0.00613	0.00587	0.00120	0.00566	0.00495	0.00474	0.74574
167	0.00940	0.00770	0.00829	0.00849	0.01070	0.00659	0.00623	0.01145	0.01770	0.02184	0.13610	0.16891	0.51984	0.01993	0.00927	0.00268	0.00398	0.01696	0.00734	0.00659
168	0.04572	0.37431	0.13711	0.05146	0.02899	0.02465	0.19185	0.02370	0.01645	0.02166	0.01274	0.01575	0.01040	0.00679	0.00661	0.00211	0.01010	0.00589	0.00354	0.01020
169	0.01747	0.29681	0.44746	0.01882	0.02849	0.02271	0.02294	0.02406	0.01614	0.02221	0.01275	0.01491	0.00987	0.00709	0.00648	0.00216	0.01028	0.00514	0.00329	0.01090
170	0.00967	0.00693	0.00912	0.01079	0.01137	0.00649	0.00734	0.01111	0.01497	0.01984	0.04320	0.64019	0.07185	0.05064	0.01104	0.00332	0.00474	0.05399	0.00710	0.00629
171	0.01876	0.02079	0.03759	0.15391	0.12873	0.08162	0.39423	0.02437	0.01805	0.02347	0.01485	0.01999	0.01142	0.00694	0.00850	0.00251	0.01214	0.00806	0.00383	0.01024
172	0.04460	0.03966	0.04092	0.01417	0.04169	0.01231	0.01116	0.02500	0.13006	0.16103	0.22288	0.09970	0.03990	0.01361	0.00844	0.00260	0.00584	0.06902	0.00769	0.00973
173	0.00945	0.00675	0.00900	0.01080	0.01125	0.00630	0.00720	0.01080	0.01484	0.01979	0.04274	0.72245	0.05128	0.02429	0.00990	0.00315	0.00450	0.02204	0.00720	0.00630
174	0.01608	0.01378	0.01608	0.01148	0.01837	0.01034	0.00919	0.01952	0.01608	0.02527	0.01378	0.01608	0.01148	0.00574	0.00574	0.00115	0.00574	0.00459	0.00459	0.77491
175	0.03479	0.01320	0.01799	0.01380	0.01979	0.01140	0.01140	0.03779	0.02219	0.68451	0.03059	0.02639	0.01919	0.00960	0.00780	0.00240	0.00660	0.00780	0.00960	0.01320
176	0.01318	0.00692	0.01038	0.01038	0.01055	0.00709	0.00709	0.01055	0.01038	0.01401	0.01434	0.02439	0.01418	0.03067	0.10999	0.68331	0.00841	0.00692	0.00346	0.00379
177	0.00920	0.00770	0.00801	0.00827	0.01058	0.00651	0.00607	0.01108	0.01728	0.02078	0.07355	0.16506	0.58878	0.02029	0.00927	0.00269	0.00401	0.01716	0.00720	0.00651
178	0.01856	0.01778	0.03034	0.13874	0.59289	0.01826	0.02348	0.02325	0.01736	0.02457	0.01447	0.01939	0.01201	0.00702	0.00769	0.00234	0.00937	0.00691	0.00378	0.01178
179	0.02862	0.03624	0.02182	0.01983	0.02384	0.67263	0.01489	0.03132	0.04453	0.01945	0.01267	0.01451	0.01047	0.00808	0.00702	0.00202	0.01371	0.00513	0.00413	0.00910
180	0.78228	0.01499	0.01140	0.01020	0.01499	0.01739	0.00840	0.02279	0.01320	0.03479	0.01080	0.01260	0.00840	0.00720	0.00480	0.00240	0.00600	0.00420	0.00480	0.00840
181	0.00945	0.00675	0.00900	0.01080	0.01125	0.00630	0.00720	0.01080	0.01484	0.01979	0.04274	0.72245	0.05128	0.02429	0.00990	0.00315	0.00450	0.02204	0.00720	0.00630
182	0.01108	0.00831	0.01246	0.01246	0.01385	0.00969	0.00969	0.01385	0.01246	0.01800	0.02077	0.03046	0.01938	0.05815	0.69678	0.01246	0.02077	0.00831	0.00415	0.00692
183	0.01118	0.00753	0.00843	0.00843	0.00855	0.00747	0.00475	0.01127	0.01157	0.01531	0.02694	0.05185	0.05823	0.69468	0.03806	0.00729	0.00735	0.01151	0.00481	0.00478
184	0.01696	0.01696	0.02375	0.02036	0.02036	0.02375	0.01696	0.01866	0.01187	0.01866	0.01018	0.01696	0.01018	0.01357	0.02545	0.00339	0.71332	0.00679	0.00339	0.00848
185	0.02848	0.03478	0.02258	0.02130	0.05924	0.60814	0.01544	0.07848	0.02285	0.02162	0.01264	0.01462	0.01036	0.00803	0.00709	0.00204	0.01331	0.00525	0.00428	0.00949
186	0.02896	0.03695	0.02197	0.01998	0.02397	0.69638	0.01498	0.03096	0.02197	0.01898	0.01199	0.01398	0.00999	0.00799	0.00699	0.00200	0.01398	0.00499	0.00400	0.00899
187	0.01806	0.01511	0.01710	0.01286	0.01928	0.01325	0.01028	0.09279	0.11984	0.02899	0.01709	0.01837	0.01358	0.00688	0.00630	0.00151	0.00611	0.00551	0.00546	0.57164
188	0.00962	0.00682	0.00894	0.01057	0.01098	0.00642	0.00695	0.01084	0.01450	0.01933	0.04096	0.65727	0.04904	0.09252	0.01277	0.00357	0.00479	0.02100	0.00695	0.00614
189	0.01605	0.04439	0.01689	0.01396	0.01683	0.03718	0.06859	0.01846	0.01719	0.12102	0.06562	0.26113	0.17041	0.01666	0.01046	0.00276	0.07318	0.01426	0.00665	0.00829
190	0.01445	0.00723	0.00723	0.00723	0.00903	0.00723	0.00542	0.01807	0.01626	0.02891	0.02529	0.02891	0.01987	0.00903	0.00542	0.00181	0.00361	0.00723	0.77055	0.00723
191	0.02054	0.23597	0.02840	0.01774	0.02091	0.08770	0.01525	0.08455	0.04281	0.02209	0.01222	0.01596	0.01093	0.01041	0.01509	0.00260	0.33726	0.00592	0.00404	0.00959
192	0.01445	0.00723	0.00723	0.00723	0.00903	0.00723	0.00542	0.01807	0.01626	0.02891	0.02529	0.02891	0.01987	0.00903	0.00542	0.00181	0.00361	0.00723	0.77055	0.00723
193	0.02109	0.39174	0.21147	0.01657	0.02414	0.08719	0.01752	0.04985	0.04028	0.05544	0.01377	0.01517	0.01099	0.00735	0.00616	0.00200	0.00952	0.00511	0.00402	0.01064
194	0.00945	0.00675	0.00900	0.01080	0.01125	0.00630	0.00720	0.01080	0.01484	0.01979	0.04274	0.72245	0.05128	0.02429	0.00990	0.00315	0.00450	0.02204	0.00720	0.00630
195	0.01108	0.00831	0.01246	0.01246	0.01385	0.00969	0.00969	0.01385	0.01246	0.01800	0.02077	0.03046	0.01938	0.05815	0.69678	0.01246	0.02077	0.00831	0.00415	0.00692
196	0.02348	0.01952	0.02033	0.01783	0.04442	0.05241	0.01370	0.26531	0.38176	0.03761	0.02531	0.02411	0.01879	0.00983	0.00779	0.00248	0.00749	0.00787	0.00752	0.01246
197	0.00945	0.00675	0.00900	0.01080	0.01125	0.00630	0.00720	0.01080	0.01484	0.01979	0.04274	0.72245	0.05128	0.02429	0.00990	0.00315	0.00450	0.02204	0.00720	0.00630
198	0.01007	0.00720	0.00970	0.01136	0.01213	0.00682	0.00815	0.01195	0.01577	0.02101	0.07646	0.57298	0.05127	0.02332	0.01000	0.00319	0.00493	0.12993	0.00726	0.00650
199	0.03227	0.01361	0.01785	0.01396	0.01966	0.01241	0.01144	0.05973	0.08056	0.57704	0.05540	0.02757	0.02148	0.00991	0.00786	0.00242	0.00651	0.00810	0.00933	0.01288
200	0.01696	0.01696	0.02375	0.02036	0.02036	0.02375	0.01696	0.01866	0.01187	0.01866	0.01018	0.01696	0.01018	0.01357	0.02545	0.00339	0.71332	0.00679	0.00339	0.00848
201	0.01347	0.00673	0.01010	0.01010	0.01010	0.00673	0.00673	0.01010	0.01010	0.01347	0.01347	0.02357	0.01347	0.02694	0.03030	0.77441	0.00673	0.00673	0.00337	0.00337
202	0.01470	0.05422	0.07613	0.01548	0.01798	0.07149	0.01338	0.01776	0.01414	0.01949	0.05075	0.02550	0.01814	0.03527	0.36617	0.00772	0.16204	0.00756	0.00409	0.00800
203	0.00978	0.00785	0.00870	0.00920	0.01129	0.00690	0.00696	0.01180	0.01703	0.02085	0.06592	0.16065	0.47269	0.05333	0.01089	0.00305	0.00463	0.10490	0.00708	0.00651
204	0.01462	0.01385	0.02379	0.64957	0.05116	0.01692	0.05124	0.01971	0.01561	0.02005	0.01498	0.04762	0.01198	0.00833	0.00790	0.00261	0.01024	0.00758	0.00361	0.00861
205	0.01773	0.01725	0.03029	0.24659	0.43090	0.01817	0.08070	0.02268	0.01706	0.02361	0.01444	0.01980	0.01164	0.00713	0.00783	0.00242	0.00991	0.00711	0.00373	0.01100
206	0.00961	0.00686	0.00918	0.01098	0.01150	0.00643	0.00747	0.01107	0.01500	0.01997	0.04265	0.68939	0.05094	0.02414	0.00994	0.00317	0.00464	0.05353	0.00719	0.00634
207	0.02854	0.03524	0.02183	0.01967	0.02380	0.63092	0.01484	0.06296	0.05253	0.02111	0.01323	0.01491	0.01078	0.00817	0.00707	0.00204	0.01334	0.00527	0.00437	0.00935
208	0.02830	0.02102	0.02264	0.01728	0.02355	0.02284	0.01425	0.59777	0.03467	0.04680	0.01819	0.01839	0.01304	0.00900	0.00758	0.00222	0.00829	0.00677	0.00748	0.07991
209	0.03046	0.01224	0.01661	0.01306	0.01830	0.01065	0.01065	0.03358	0.02215	0.56569	0.14778	0.03212	0.02901	0.01073	0.00804	0.00241	0.00606	0.00893	0.00940	0.01213
210	0.01078	0.00782	0.01021	0.01019	0.01184	0.00726	0.00765	0.01401	0.02035	0.02829	0.50142	0.16112	0.09554	0.01774	0.00938	0.00264	0.00408	0.06441	0.00816	0.00711
211	0.02073	0.73217	0.04063	0.01327	0.01990	0.03068	0.01327	0.02322	0.01575	0.01824	0.01078	0.01244	0.00995	0.00663	0.00498	0.00166	0.00829	0.00415	0.00332	0.00995
212	0.01128	0.00752	0.00846	0.00846	0.00846	0.00752	0.00470	0.01128	0.01128	0.01503	0.02443	0.05074	0.02819	0.72751	0.03946	0.00752	0.00752	0.01128	0.00470	0.00470
213	0.01912	0.01806	0.03027	0.11640	0.58640	0.01852	0.02319	0.04883	0.01819	0.02570	0.01466	0.01932	0.01211	0.00709	0.00769	0.00233	0.00930	0.00691	0.00395	0.01193
214	0.02026	0.69736	0.03918	0.01310	0.01950	0.02956	0.01298	0.02280	0.01605	0.01886	0.04271	0.01462	0.01299	0.00708	0.00518	0.00170	0.00807	0.00462	0.00357	0.00982
215	0.01927	0.45085	0.27139	0.01675	0.02499	0.05814	0.01886	0.02407	0.01627	0.02054	0.01196	0.01392	0.00991	0.00696	0.00593	0.00196	0.00970	0.00475	0.00333	0.01044
216	0.01245	0.01031	0.01464	0.01382	0.01479	0.01277	0.01084	0.01467	0.01240	0.01799	0.02073	0.03077	0.04275	0.10900	0.44637	0.00943	0.18653	0.00852	0.00414	0.00708
217	0.01968	0.01685	0.01775	0.01586	0.02031	0.01947	0.01237	0.06470	0.64100	0.03307	0.03106	0.02853	0.02327	0.01047	0.00788	0.00262	0.00623	0.00870	0.00788	0.01231
218	0.01445	0.00723	0.00723	0.00723	0.00903	0.00723	0.00542	0.01807	0.01626	0.02891	0.02529	0.02891	0.01987	0.00903	0.00542	0.00181	0.00361	0.00723	0.77055	0.00723
219	0.01088	0.01004	0.04506	0.01010	0.01286	0.00833	0.00825	0.01496	0.05174	0.02558	0.30830	0.05932	0.31788	0.01984	0.05939	0.00326	0.00556	0.01389	0.00734	0.00743
220	0.01060	0.00808	0.01073	0.01172	0.01263	0.00799	0.00831	0.01222	0.01485	0.02024	0.03830	0.59215	0.04524	0.02211	0.01081	0.00305	0.05713	0.04881	0.00674	0.05829
221	0.01698	0.01375	0.01617	0.01160	0.01844	0.01039	0.00929	0.02040	0.01637	0.05695	0.01459	0.01657	0.01185	0.00593	0.00584	0.00121	0.00578	0.00475	0.00483	0.73829
222	0.64660	0.05176	0.01424	0.01155	0.01641	0.08109	0.00949	0.04819	0.01504	0.03308	0.01121	0.01295	0.00881	0.00733	0.00513	0.00232	0.00695	0.00438	0.00477	0.00871
223	0.01691	0.01416	0.01633	0.01216	0.01852	0.01163	0.00967	0.06765	0.05247	0.02713	0.01661	0.05373	0.01434	0.00723	0.00622	0.00142	0.00591	0.00591	0.00514	0.63686
224	0.01827	0.10127	0.08687	0.02870	0.03660	0.02025	0.50441	0.02436	0.01777	0.02410	0.01492	0.01941	0.01142	0.00656	0.00839	0.00242	0.01205	0.00812	0.00385	0.05026
225	0.01919	0.01842	0.03147	0.04759	0.67914	0.01842	0.02380	0.02380	0.01765	0.02533	0.01458	0.01919	0.01228	0.00691	0.00768	0.00230	0.00921	0.00691	0.00384	0.01228
226	0.02035	0.01567	0.01917	0.06882	0.06985	0.01703	0.03194	0.08675	0.34416	0.10605	0.03303	0.03174	0.09930	0.01083	0.00803	0.00255	0.00687	0.00916	0.00725	0.01144

[dist]
# distance from previous block
# <min> <max>
1	3

[block]
# block no. 2 follows, 25 sequences, length 6
# corresponding to MSA columns:
# 294-299
name=unknown_C
#
# <colnr> <probs for GDERKNQSTAVLIFYWHMCP>
#	G	D	E	R	K	N	Q	S	T	A	V	L	I	F	Y	W	H	M	C	P
0	0.01200	0.00809	0.00997	0.00971	0.01183	0.00722	0.00720	0.01469	0.01942	0.07621	0.33667	0.18312	0.23889	0.01802	0.00919	0.00262	0.00412	0.01570	0.00798	0.00736
1	0.01100	0.00764	0.00919	0.00930	0.00975	0.00779	0.00585	0.01171	0.01211	0.01624	0.02821	0.08901	0.06812	0.51749	0.15727	0.00786	0.00956	0.01169	0.00490	0.00532
2	0.10016	0.40015	0.21189	0.01579	0.02350	0.02520	0.01708	0.08414	0.01764	0.02464	0.01239	0.01412	0.01006	0.00715	0.00587	0.00202	0.00894	0.00486	0.00389	0.01051
3	0.00945	0.00675	0.00900	0.01080	0.01125	0.00630	0.00720	0.01080	0.01484	0.01979	0.04274	0.72245	0.05128	0.02429	0.00990	0.00315	0.00450	0.02204	0.00720	0.00630
4	0.02721	0.02724	0.02079	0.01771	0.02234	0.34003	0.01382	0.26299	0.06358	0.03188	0.01686	0.01800	0.01292	0.00873	0.00718	0.00214	0.01050	0.00617	0.07936	0.01058
5	0.42709	0.01549	0.04012	0.03979	0.01819	0.01645	0.01067	0.07193	0.10704	0.03226	0.02269	0.05612	0.06778	0.01023	0.00651	0.00254	0.00642	0.03380	0.00574	0.00914

[dist]
# distance from previous block
# <min> <max>
0	1

[block]
# block no. 3 follows, 25 sequences, length 40
# corresponding to MSA columns:
