[name]
unknown

[dist]
# distance from previous block
# <min> <max>
0	28

[block]
# block no. 0 follows, 25 sequences, length 34
# corresponding to MSA columns:
# 30-63
name=unknown_A
#
# <colnr> <probs for GDERKNQSTAVLIFYWHMCP>
#	G	D	E	R	K	N	Q	S	T	A	V	L	I	F	Y	W	H	M	C	P
0	0.01249	0.00892	0.01249	0.01428	0.01606	0.00892	0.01249	0.01606	0.01785	0.02320	0.04105	0.08746	0.04462	0.02142	0.01071	0.00357	0.00714	0.62695	0.00714	0.00714
1	0.01929	0.01666	0.01753	0.01578	0.02016	0.01929	0.01227	0.04120	0.66513	0.03243	0.03156	0.02893	0.02367	0.01052	0.00789	0.00263	0.00614	0.00877	0.00789	0.01227
2	0.01608	0.01378	0.01608	0.01148	0.01837	0.01034	0.00919	0.01952	0.01608	0.02527	0.01378	0.01608	0.01148	0.00574	0.00574	0.00115	0.00574	0.00459	0.00459	0.77491
3	0.01464	0.01378	0.02326	0.70887	0.05340	0.01723	0.02153	0.01981	0.01550	0.01981	0.01378	0.02067	0.01034	0.00775	0.00775	0.00258	0.01034	0.00689	0.00345	0.00861
4	0.01582	0.07658	0.65325	0.02163	0.03284	0.01867	0.02784	0.02448	0.01634	0.02422	0.01375	0.01616	0.00983	0.00733	0.00724	0.00241	0.01129	0.00565	0.00328	0.01138
5	0.01810	0.02032	0.04242	0.03082	0.03747	0.02023	0.55507	0.02390	0.01733	0.02390	0.01485	0.02032	0.01152	0.00760	0.01162	0.00273	0.11901	0.00879	0.00384	0.01016
6	0.00958	0.00685	0.00916	0.01095	0.01146	0.00642	0.00744	0.01103	0.01498	0.01995	0.04266	0.69368	0.05098	0.02416	0.00993	0.00317	0.00462	0.04945	0.00719	0.00634
7	0.01464	0.01378	0.02326	0.70887	0.05340	0.01723	0.02153	0.01981	0.01550	0.01981	0.01378	0.02067	0.01034	0.00775	0.00775	0.00258	0.01034	0.00689	0.00345	0.00861
8	0.01919	0.01842	0.03147	0.04759	0.67914	0.01842	0.02380	0.02380	0.01765	0.02533	0.01458	0.01919	0.01228	0.00691	0.00768	0.00230	0.00921	0.00691	0.00384	0.01228
9	0.01223	0.00879	0.01216	0.01388	0.01564	0.00872	0.01201	0.01565	0.01771	0.02297	0.04261	0.11394	0.06985	0.02147	0.01061	0.00351	0.00690	0.57712	0.00714	0.00708
10	0.02114	0.01758	0.01858	0.01615	0.02087	0.02015	0.01272	0.15252	0.55080	0.03542	0.02920	0.02705	0.02176	0.01030	0.00787	0.00257	0.00657	0.00844	0.00787	0.01244
11	0.11150	0.01405	0.01773	0.01374	0.01963	0.01301	0.01135	0.08460	0.02238	0.56753	0.02761	0.02436	0.01761	0.00933	0.00748	0.00239	0.00669	0.00736	0.00896	0.01270
12	0.00971	0.00694	0.00930	0.01110	0.01166	0.00653	0.00766	0.01125	0.01511	0.02009	0.04259	0.66741	0.05070	0.02404	0.00997	0.00319	0.00473	0.07447	0.00719	0.00637
13	0.78228	0.01499	0.01140	0.01020	0.01499	0.01739	0.00840	0.02279	0.01320	0.03479	0.01080	0.01260	0.00840	0.00720	0.00480	0.00240	0.00600	0.00420	0.00480	0.00840
14	0.01579	0.07146	0.65803	0.02170	0.03294	0.01858	0.02795	0.02449	0.01634	0.02427	0.01377	0.01619	0.00983	0.00733	0.00726	0.00242	0.01132	0.00566	0.00328	0.01139
15	0.01807	0.02018	0.04269	0.03049	0.03824	0.01865	0.58476	0.02429	0.01807	0.02488	0.01549	0.02042	0.01174	0.00645	0.00880	0.00246	0.01232	0.00868	0.00399	0.08933
16	0.64252	0.01624	0.01360	0.01162	0.01667	0.01863	0.00957	0.13985	0.01751	0.03740	0.01225	0.01371	0.00929	0.00759	0.00535	0.00239	0.00647	0.00472	0.00535	0.00929
17	0.05701	0.01550	0.01863	0.01464	0.02044	0.01525	0.01196	0.15796	0.12276	0.40171	0.02679	0.02421	0.01790	0.00939	0.00759	0.00235	0.00684	0.00749	0.00854	0.05302
18	0.00958	0.00684	0.00915	0.01095	0.01146	0.00641	0.00743	0.01103	0.01498	0.01994	0.04266	0.69436	0.05099	0.02416	0.00993	0.00317	0.00462	0.04880	0.00719	0.00634
19	0.02073	0.73217	0.04063	0.01327	0.01990	0.03068	0.01327	0.02322	0.01575	0.01824	0.01078	0.01244	0.00995	0.00663	0.00498	0.00166	0.00829	0.00415	0.00332	0.00995
20	0.01555	0.04011	0.68733	0.02210	0.03356	0.01801	0.02865	0.02455	0.01637	0.02455	0.01391	0.01637	0.00982	0.00737	0.00737	0.00246	0.01146	0.00573	0.00327	0.01146
21	0.01919	0.01842	0.03147	0.04759	0.67914	0.01842	0.02380	0.02380	0.01765	0.02533	0.01458	0.01919	0.01228	0.00691	0.00768	0.00230	0.00921	0.00691	0.00384	0.01228
22	0.01763	0.01825	0.02594	0.02161	0.02260	0.05290	0.08229	0.01984	0.01298	0.01931	0.01083	0.01724	0.01033	0.01260	0.02295	0.00325	0.61032	0.00695	0.00347	0.00871
23	0.01347	0.00673	0.01010	0.01010	0.01010	0.00673	0.00673	0.01010	0.01010	0.01347	0.01347	0.02357	0.01347	0.02694	0.03030	0.77441	0.00673	0.00673	0.00337	0.00337
24	0.01108	0.00831	0.01246	0.01246	0.01385	0.00969	0.00969	0.01385	0.01246	0.01800	0.02077	0.03046	0.01938	0.05815	0.69678	0.01246	0.02077	0.00831	0.00415	0.00692
25	0.01464	0.01378	0.02326	0.70887	0.05340	0.01723	0.02153	0.01981	0.01550	0.01981	0.01378	0.02067	0.01034	0.00775	0.00775	0.00258	0.01034	0.00689	0.00345	0.00861
26	0.00960	0.00687	0.00914	0.01069	0.01128	0.00640	0.00721	0.01119	0.01558	0.02096	0.10798	0.65388	0.05354	0.02342	0.00982	0.00308	0.00441	0.02121	0.00734	0.00640
27	0.01097	0.00793	0.01036	0.00975	0.01158	0.00732	0.00732	0.01463	0.02195	0.03109	0.67505	0.05792	0.07316	0.01585	0.00914	0.00244	0.00366	0.01402	0.00854	0.00732
28	0.02896	0.03695	0.02197	0.01998	0.02397	0.69638	0.01498	0.03096	0.02197	0.01898	0.01199	0.01398	0.00999	0.00799	0.00699	0.00200	0.01398	0.00499	0.00400	0.00899
29	0.78228	0.01499	0.01140	0.01020	0.01499	0.01739	0.00840	0.02279	0.01320	0.03479	0.01080	0.01260	0.00840	0.00720	0.00480	0.00240	0.00600	0.00420	0.00480	0.00840
30	0.01249	0.00892	0.01249	0.01428	0.01606	0.00892	0.01249	0.01606	0.01785	0.02320	0.04105	0.08746	0.04462	0.02142	0.01071	0.00357	0.00714	0.62695	0.00714	0.00714
31	0.02947	0.02172	0.02327	0.01784	0.02404	0.02404	0.01474	0.65329	0.03646	0.04887	0.01862	0.01862	0.01319	0.00931	0.00776	0.00233	0.00853	0.00698	0.00776	0.01319
32	0.11191	0.01338	0.01731	0.01342	0.01930	0.01201	0.01109	0.03624	0.02126	0.61747	0.02855	0.02497	0.01808	0.00935	0.00749	0.00240	0.00654	0.00743	0.00910	0.01270
33	0.68237	0.01567	0.01266	0.04346	0.01736	0.04233	0.00940	0.02368	0.01406	0.06475	0.01193	0.01369	0.00907	0.00737	0.00516	0.00239	0.00653	0.00453	0.00494	0.00866

[dist]
# distance from previous block
# <min> <max>
0	1

[block]
# block no. 1 follows, 25 sequences, length 73
# corresponding to MSA columns:
# 65-137
name=unknown_B
#
# <colnr> <probs for GDERKNQSTAVLIFYWHMCP>
#	G	D	E	R	K	N	Q	S	T	A	V	L	I	F	Y	W	H	M	C	P
0	0.01555	0.04011	0.68733	0.02210	0.03356	0.01801	0.02865	0.02455	0.01637	0.02455	0.01391	0.01637	0.00982	0.00737	0.00737	0.00246	0.01146	0.00573	0.00327	0.01146
1	0.00954	0.00689	0.00906	0.01077	0.01138	0.00641	0.00732	0.01101	0.01510	0.01998	0.04457	0.66500	0.08405	0.02394	0.00989	0.00314	0.00456	0.04385	0.00720	0.00634
2	0.01463	0.01346	0.02246	0.67423	0.05121	0.01673	0.02074	0.01972	0.01554	0.02026	0.01435	0.02108	0.01081	0.00782	0.00764	0.00255	0.01000	0.00691	0.04132	0.00854
3	0.01830	0.02092	0.04575	0.03268	0.04052	0.01961	0.65098	0.02484	0.01830	0.02484	0.01569	0.02092	0.01176	0.00654	0.00915	0.00261	0.01307	0.00915	0.00392	0.01046
4	0.01464	0.01378	0.02326	0.70887	0.05340	0.01723	0.02153	0.01981	0.01550	0.01981	0.01378	0.02067	0.01034	0.00775	0.00775	0.00258	0.01034	0.00689	0.00345	0.00861
5	0.01830	0.02092	0.04575	0.03268	0.04052	0.01961	0.65098	0.02484	0.01830	0.02484	0.01569	0.02092	0.01176	0.00654	0.00915	0.00261	0.01307	0.00915	0.00392	0.01046
6	0.01555	0.04011	0.68733	0.02210	0.03356	0.01801	0.02865	0.02455	0.01637	0.02455	0.01391	0.01637	0.00982	0.00737	0.00737	0.00246	0.01146	0.00573	0.00327	0.01146
7	0.01003	0.00716	0.00966	0.01146	0.01216	0.00680	0.00821	0.01180	0.01542	0.02044	0.04241	0.60145	0.05001	0.02374	0.01005	0.00323	0.00500	0.13730	0.00719	0.00646
8	0.01098	0.00839	0.01041	0.01144	0.01352	0.00782	0.00951	0.01378	0.01766	0.02212	0.05695	0.10543	0.31160	0.02077	0.01003	0.00315	0.00569	0.34672	0.00717	0.00686
9	0.01207	0.00879	0.01190	0.01346	0.01535	0.00862	0.01165	0.01543	0.01783	0.02292	0.04584	0.08582	0.12517	0.02119	0.01051	0.00345	0.00673	0.54906	0.00715	0.00706
10	0.01464	0.01378	0.02326	0.70887	0.05340	0.01723	0.02153	0.01981	0.01550	0.01981	0.01378	0.02067	0.01034	0.00775	0.00775	0.00258	0.01034	0.00689	0.00345	0.00861
11	0.02896	0.03695	0.02197	0.01998	0.02397	0.69638	0.01498	0.03096	0.02197	0.01898	0.01199	0.01398	0.00999	0.00799	0.00699	0.00200	0.01398	0.00499	0.00400	0.00899
12	0.01830	0.02092	0.04575	0.03268	0.04052	0.01961	0.65098	0.02484	0.01830	0.02484	0.01569	0.02092	0.01176	0.00654	0.00915	0.00261	0.01307	0.00915	0.00392	0.01046
13	0.01233	0.00887	0.01227	0.01396	0.01579	0.00881	0.01217	0.01582	0.01784	0.02309	0.04290	0.08683	0.07580	0.02133	0.01063	0.00352	0.00698	0.59681	0.00714	0.00711
14	0.03459	0.01351	0.01819	0.01394	0.01995	0.01186	0.01152	0.06046	0.02272	0.66109	0.03015	0.02610	0.01897	0.00959	0.00780	0.00240	0.00667	0.00777	0.00953	0.01320
15	0.01249	0.00892	0.01249	0.01428	0.01606	0.00892	0.01249	0.01606	0.01785	0.02320	0.04105	0.08746	0.04462	0.02142	0.01071	0.00357	0.00714	0.62695	0.00714	0.00714
16	0.03339	0.01586	0.01868	0.01466	0.02045	0.06823	0.01196	0.08132	0.04582	0.56209	0.02826	0.02492	0.01817	0.00948	0.00773	0.00237	0.00732	0.00755	0.00895	0.01282
17	0.01608	0.01378	0.01608	0.01148	0.01837	0.01034	0.00919	0.01952	0.01608	0.02527	0.01378	0.01608	0.01148	0.00574	0.00574	0.00115	0.00574	0.00459	0.00459	0.77491
18	0.01830	0.02092	0.04575	0.03268	0.04052	0.01961	0.65098	0.02484	0.01830	0.02484	0.01569	0.02092	0.01176	0.00654	0.00915	0.00261	0.01307	0.00915	0.00392	0.01046
19	0.00972	0.00808	0.00855	0.00880	0.01110	0.00713	0.00645	0.01255	0.04910	0.02129	0.06943	0.19538	0.52516	0.02007	0.00924	0.00272	0.00414	0.01707	0.00723	0.00678
20	0.00945	0.00675	0.00900	0.01080	0.01125	0.00630	0.00720	0.01080	0.01484	0.01979	0.04274	0.72245	0.05128	0.02429	0.00990	0.00315	0.00450	0.02204	0.00720	0.00630
21	0.03130	0.01421	0.01807	0.01435	0.02001	0.01349	0.01169	0.05862	0.16003	0.52442	0.03041	0.02668	0.01995	0.00978	0.00782	0.00245	0.00656	0.00798	0.00917	0.01300
22	0.01812	0.02034	0.04334	0.03096	0.03872	0.01885	0.59884	0.02440	0.01812	0.02487	0.01553	0.02052	0.01174	0.00647	0.00887	0.00250	0.01248	0.00878	0.00398	0.07256
23	0.72778	0.01511	0.01183	0.01060	0.01536	0.01753	0.00867	0.02411	0.05976	0.03462	0.01228	0.01376	0.00949	0.00743	0.00502	0.00242	0.00601	0.00452	0.00502	0.00867
24	0.01817	0.02180	0.07548	0.03219	0.04020	0.01953	0.62215	0.02482	0.01821	0.02482	0.01560	0.02070	0.01167	0.00657	0.00907	0.00261	0.01300	0.00899	0.00389	0.01050
25	0.01819	0.02059	0.04396	0.03168	0.03888	0.01994	0.59947	0.02433	0.01778	0.02433	0.01524	0.02059	0.01164	0.00711	0.01047	0.00268	0.06996	0.00896	0.00388	0.01030
26	0.01464	0.01378	0.02326	0.70887	0.05340	0.01723	0.02153	0.01981	0.01550	0.01981	0.01378	0.02067	0.01034	0.00775	0.00775	0.00258	0.01034	0.00689	0.00345	0.00861
27	0.00945	0.00675	0.00900	0.01080	0.01125	0.00630	0.00720	0.01080	0.01484	0.01979	0.04274	0.72245	0.05128	0.02429	0.00990	0.00315	0.00450	0.02204	0.00720	0.00630
28	0.01830	0.02092	0.04575	0.03268	0.04052	0.01961	0.65098	0.02484	0.01830	0.02484	0.01569	0.02092	0.01176	0.00654	0.00915	0.00261	0.01307	0.00915	0.00392	0.01046
29	0.67539	0.01486	0.01232	0.01078	0.01569	0.01682	0.00885	0.02505	0.03738	0.10398	0.01365	0.01465	0.01009	0.00757	0.00523	0.00241	0.00607	0.00474	0.00542	0.00905
30	0.01255	0.00821	0.01080	0.01013	0.01214	0.00752	0.00760	0.01597	0.02139	0.07685	0.57765	0.10965	0.06753	0.01609	0.00911	0.00249	0.00394	0.01423	0.00850	0.00765
31	0.01717	0.01443	0.01666	0.01200	0.01884	0.01145	0.00964	0.07101	0.01773	0.02718	0.01417	0.01628	0.01162	0.00603	0.00591	0.00124	0.00597	0.00479	0.00485	0.71302
32	0.11119	0.01458	0.01727	0.01394	0.01946	0.01440	0.01131	0.05869	0.17898	0.40196	0.02750	0.02478	0.01856	0.00938	0.00740	0.00240	0.00645	0.00747	0.00837	0.04592
33	0.01802	0.02000	0.04196	0.02997	0.03769	0.01842	0.56898	0.02416	0.01802	0.02489	0.01544	0.02030	0.01173	0.00643	0.00871	0.00243	0.01214	0.00857	0.00401	0.10813
34	0.01128	0.00752	0.00846	0.00846	0.00846	0.00752	0.00470	0.01128	0.01128	0.01503	0.02443	0.05074	0.02819	0.72751	0.03946	0.00752	0.00752	0.01128	0.00470	0.00470
35	0.01608	0.11076	0.62131	0.02120	0.03216	0.01930	0.02708	0.02442	0.01631	0.02391	0.01359	0.01597	0.00984	0.00729	0.00712	0.00237	0.01114	0.00557	0.00328	0.01130
36	0.01703	0.01435	0.01659	0.01194	0.01878	0.01132	0.00958	0.06479	0.01753	0.02695	0.01413	0.01626	0.01161	0.00600	0.00589	0.00123	0.00594	0.00476	0.00482	0.72050
37	0.01482	0.01402	0.02329	0.65699	0.05091	0.01772	0.02119	0.01972	0.01523	0.01972	0.01351	0.02039	0.01032	0.00819	0.00909	0.00264	0.06330	0.00688	0.00344	0.00860
38	0.01113	0.00745	0.00850	0.00865	0.00868	0.00742	0.00490	0.01124	0.01157	0.01542	0.02592	0.10531	0.03006	0.67038	0.03706	0.00716	0.00727	0.01215	0.00490	0.00483
39	0.01225	0.00885	0.01215	0.01381	0.01565	0.00875	0.01201	0.01570	0.01784	0.02304	0.04381	0.08652	0.09111	0.02129	0.01060	0.00350	0.00690	0.58199	0.00714	0.00710
40	0.01648	0.16431	0.57127	0.02051	0.03111	0.02028	0.02589	0.02431	0.01626	0.02342	0.01335	0.01566	0.00984	0.00723	0.00694	0.00231	0.01089	0.00545	0.00328	0.01119
41	0.01464	0.01378	0.02326	0.70887	0.05340	0.01723	0.02153	0.01981	0.01550	0.01981	0.01378	0.02067	0.01034	0.00775	0.00775	0.00258	0.01034	0.00689	0.00345	0.00861
42	0.01583	0.07668	0.65316	0.02163	0.03284	0.01868	0.02783	0.02448	0.01634	0.02422	0.01375	0.01616	0.00983	0.00733	0.00724	0.00241	0.01129	0.00565	0.00328	0.01138
43	0.00957	0.00683	0.00914	0.01094	0.01144	0.00640	0.00741	0.01101	0.01497	0.01993	0.04267	0.69698	0.05102	0.02418	0.00993	0.00317	0.00460	0.04630	0.00720	0.00633
44	0.07306	0.00849	0.01045	0.00979	0.01186	0.00813	0.00740	0.01529	0.02124	0.03139	0.62158	0.05427	0.06795	0.01515	0.00880	0.00244	0.00385	0.01323	0.00823	0.00740
45	0.01714	0.01468	0.01797	0.01292	0.01981	0.01175	0.03944	0.06504	0.01764	0.02693	0.01422	0.01648	0.01162	0.00603	0.00604	0.00130	0.00628	0.00498	0.00479	0.68493
46	0.01724	0.01472	0.01771	0.01287	0.01964	0.01200	0.03257	0.06585	0.04364	0.02722	0.01491	0.01695	0.01210	0.00622	0.00609	0.00134	0.00622	0.00509	0.00493	0.66269
47	0.02577	0.01727	0.01890	0.01550	0.02087	0.04157	0.01242	0.16537	0.28809	0.21398	0.02662	0.02463	0.01889	0.00958	0.00765	0.00237	0.00701	0.00769	0.00795	0.06785
48	0.01581	0.07419	0.65548	0.02166	0.03289	0.01863	0.02789	0.02449	0.01634	0.02424	0.01376	0.01618	0.00983	0.00733	0.00725	0.00242	0.01130	0.00565	0.00328	0.01138
49	0.01242	0.00888	0.01240	0.01407	0.01586	0.00885	0.01225	0.01600	0.01804	0.02357	0.07043	0.08609	0.04595	0.02116	0.01064	0.00352	0.00698	0.59855	0.00720	0.00715
50	0.01091	0.00792	0.01028	0.00969	0.01154	0.00729	0.00727	0.01451	0.02180	0.03074	0.65404	0.05851	0.09439	0.01598	0.00915	0.00244	0.00367	0.01410	0.00849	0.00729
51	0.02761	0.01735	0.01995	0.01524	0.02144	0.01731	0.01249	0.31235	0.06131	0.22341	0.02168	0.02083	0.01509	0.00870	0.00735	0.00211	0.00727	0.00680	0.00762	0.17409
52	0.02939	0.02048	0.02240	0.01713	0.02335	0.02212	0.01414	0.56096	0.03405	0.11266	0.01961	0.01929	0.01372	0.00917	0.00767	0.00228	0.00820	0.00695	0.00780	0.04862
53	0.01702	0.23587	0.50440	0.01960	0.02970	0.02159	0.02430	0.02418	0.01620	0.02277	0.01303	0.01526	0.00986	0.00716	0.00669	0.00223	0.01056	0.00528	0.00329	0.01103
54	0.06838	0.01429	0.03970	0.01397	0.02004	0.01217	0.01186	0.03678	0.04448	0.60934	0.02915	0.02551	0.01854	0.00944	0.00765	0.00241	0.00671	0.00760	0.00910	0.01288
55	0.01464	0.01378	0.02326	0.70887	0.05340	0.01723	0.02153	0.01981	0.01550	0.01981	0.01378	0.02067	0.01034	0.00775	0.00775	0.00258	0.01034	0.00689	0.00345	0.00861
56	0.01830	0.02092	0.04575	0.03268	0.04052	0.01961	0.65098	0.02484	0.01830	0.02484	0.01569	0.02092	0.01176	0.00654	0.00915	0.00261	0.01307	0.00915	0.00392	0.01046
57	0.01116	0.00848	0.01064	0.01166	0.01377	0.00796	0.00979	0.01412	0.01792	0.02260	0.07633	0.08155	0.28818	0.02055	0.01006	0.00317	0.00579	0.37215	0.00721	0.00692
58	0.01696	0.01696	0.02375	0.02036	0.02036	0.02375	0.01696	0.01866	0.01187	0.01866	0.01018	0.01696	0.01018	0.01357	0.02545	0.00339	0.71332	0.00679	0.00339	0.00848
59	0.01199	0.00871	0.01181	0.01333	0.01516	0.00853	0.01145	0.01532	0.01787	0.02311	0.06585	0.10513	0.11376	0.02114	0.01047	0.00342	0.00660	0.52210	0.00719	0.00705
60	0.66629	0.01545	0.01321	0.06072	0.01847	0.01792	0.00985	0.07380	0.01525	0.03486	0.01164	0.01366	0.00892	0.00741	0.00525	0.00241	0.00651	0.00462	0.00494	0.00880
61	0.09371	0.01370	0.01627	0.01212	0.01852	0.01134	0.00984	0.02582	0.01781	0.24234	0.01901	0.01913	0.01372	0.00714	0.00633	0.00168	0.00605	0.00561	0.00625	0.45359
62	0.01779	0.01828	0.02334	0.02001	0.02054	0.07131	0.01654	0.01957	0.01275	0.01892	0.01044	0.01672	0.01021	0.01289	0.02341	0.00321	0.63760	0.00658	0.00348	0.03642
63	0.00972	0.00692	0.00916	0.01077	0.01130	0.00650	0.00728	0.01117	0.01504	0.02009	0.06472	0.63729	0.05059	0.06103	0.01146	0.00337	0.00473	0.04544	0.00711	0.00628
64	0.74839	0.01468	0.01135	0.01018	0.01484	0.01695	0.00835	0.02243	0.01358	0.03463	0.03998	0.01459	0.01124	0.00758	0.00499	0.00240	0.00590	0.00463	0.00496	0.00835
65	0.01619	0.01413	0.01754	0.01253	0.01947	0.01079	0.04080	0.01979	0.01619	0.02524	0.01388	0.01632	0.01150	0.00578	0.00591	0.00122	0.00610	0.00482	0.00456	0.73726
66	0.01906	0.01567	0.01983	0.01439	0.02122	0.01341	0.06436	0.12472	0.01981	0.04989	0.01527	0.01723	0.01203	0.00652	0.00643	0.00151	0.00685	0.00547	0.00521	0.56114
67	0.00992	0.00719	0.00947	0.01112	0.01197	0.00674	0.00795	0.01168	0.01556	0.02044	0.04537	0.56668	0.10095	0.02345	0.00997	0.00317	0.00488	0.11983	0.00719	0.00645
68	0.01724	0.01401	0.01630	0.01198	0.01860	0.01119	0.00957	0.02233	0.07495	0.05658	0.01617	0.01772	0.01294	0.00635	0.00603	0.00134	0.00582	0.00512	0.00512	0.67062
69	0.01780	0.01531	0.01931	0.01404	0.02084	0.01287	0.06203	0.08830	0.04156	0.02800	0.01508	0.01720	0.01212	0.00636	0.00631	0.00145	0.00665	0.00537	0.00499	0.60442
70	0.01819	0.01900	0.02357	0.02032	0.02073	0.09242	0.01676	0.01992	0.01291	0.01869	0.01036	0.01666	0.01016	0.01300	0.02356	0.00325	0.64192	0.00660	0.00345	0.00853
71	0.03101	0.01671	0.01997	0.01524	0.02140	0.01644	0.01256	0.28614	0.02745	0.36930	0.02427	0.02234	0.01609	0.00915	0.00760	0.00226	0.00731	0.00719	0.00842	0.07915
72	0.16138	0.03030	0.02076	0.01946	0.05702	0.46114	0.01426	0.10286	0.02191	0.02564	0.01270	0.01456	0.01021	0.00795	0.00673	0.00212	0.01168	0.00519	0.00457	0.00956

[dist]
# distance from previous block
# <min> <max>
0	1

[block]
# block no. 2 follows, 25 sequences, length 8
# corresponding to MSA columns:
# 139-146
name=unknown_C
#
# <colnr> <probs for GDERKNQSTAVLIFYWHMCP>
#	G	D	E	R	K	N	Q	S	T	A	V	L	I	F	Y	W	H	M	C	P
0	0.01005	0.00753	0.00944	0.01054	0.01192	0.00692	0.00779	0.01217	0.01678	0.02176	0.11157	0.37872	0.21602	0.02177	0.00978	0.00302	0.00473	0.12558	0.00731	0.00661
1	0.01778	0.01479	0.01699	0.01229	0.01910	0.01208	0.00989	0.10009	0.01867	0.02827	0.01440	0.01640	0.01170	0.00620	0.00600	0.00130	0.00610	0.00490	0.00500	0.67807
2	0.54796	0.01377	0.01247	0.01080	0.01544	0.01502	0.00881	0.02449	0.01595	0.15276	0.09885	0.02087	0.01860	0.00873	0.00590	0.00240	0.00581	0.00610	0.00615	0.00913
3	0.01464	0.01378	0.02326	0.70887	0.05340	0.01723	0.02153	0.01981	0.01550	0.01981	0.01378	0.02067	0.01034	0.00775	0.00775	0.00258	0.01034	0.00689	0.00345	0.00861
4	0.45799	0.01537	0.01458	0.01217	0.01741	0.01665	0.00995	0.08661	0.07534	0.15700	0.01727	0.01741	0.01241	0.00806	0.00597	0.00234	0.00635	0.00557	0.00624	0.05533
5	0.01124	0.00766	0.00916	0.00916	0.00941	0.00790	0.00558	0.01173	0.01149	0.01556	0.02378	0.04715	0.02663	0.60915	0.15569	0.00839	0.00986	0.01075	0.00460	0.00509
6	0.01608	0.01378	0.01608	0.01148	0.01837	0.01034	0.00919	0.01952	0.01608	0.02527	0.01378	0.01608	0.01148	0.00574	0.00574	0.00115	0.00574	0.00459	0.00459	0.77491
7	0.66779	0.01477	0.01222	0.01054	0.01559	0.01640	0.00866	0.02345	0.01402	0.07498	0.01231	0.01377	0.00935	0.00722	0.00507	0.00229	0.00601	0.00446	0.00508	0.07601

[dist]
# distance from previous block
# <min> <max>
1	5

[block]
# block no. 3 follows, 25 sequences, length 57
# corresponding to MSA columns:
# 152-208
name=unknown_D
#
# <colnr> <probs for GDERKNQSTAVLIFYWHMCP>
#	G	D	E	R	K	N	Q	S	T	A	V	L	I	F	Y	W	H	M	C	P
0	0.74655	0.01531	0.01196	0.01056	0.01542	0.01771	0.00870	0.05271	0.01430	0.03546	0.01117	0.01288	0.00862	0.00730	0.00494	0.00240	0.00612	0.00433	0.00494	0.00862
1	0.01108	0.00831	0.01246	0.01246	0.01385	0.00969	0.00969	0.01385	0.01246	0.01800	0.02077	0.03046	0.01938	0.05815	0.69678	0.01246	0.02077	0.00831	0.00415	0.00692
2	0.50976	0.01891	0.01557	0.01317	0.01826	0.08500	0.01072	0.19064	0.02021	0.03698	0.01298	0.01433	0.00982	0.00783	0.00579	0.00234	0.00744	0.00501	0.00550	0.00972
3	0.01127	0.00755	0.00862	0.00862	0.00868	0.00761	0.00491	0.01138	0.01133	0.01516	0.02428	0.04989	0.02782	0.69945	0.06702	0.00772	0.00807	0.01115	0.00468	0.00479
4	0.00986	0.00704	0.00945	0.01116	0.01181	0.00664	0.00781	0.01155	0.01546	0.02062	0.06656	0.62395	0.05134	0.02364	0.00996	0.00317	0.00477	0.09153	0.00724	0.00643
5	0.01665	0.01430	0.01767	0.01284	0.01952	0.01136	0.04118	0.05226	0.01720	0.02627	0.01514	0.04109	0.01297	0.00661	0.00616	0.00135	0.00621	0.00555	0.00481	0.67084
6	0.02651	0.02024	0.02160	0.01724	0.02291	0.02266	0.01402	0.47511	0.21946	0.04408	0.02238	0.02162	0.01624	0.00966	0.00780	0.00242	0.00783	0.00750	0.00780	0.01292
7	0.01555	0.04011	0.68733	0.02210	0.03356	0.01801	0.02865	0.02455	0.01637	0.02455	0.01391	0.01637	0.00982	0.00737	0.00737	0.00246	0.01146	0.00573	0.00327	0.01146
8	0.01837	0.01514	0.01731	0.01257	0.01935	0.01268	0.01014	0.12809	0.01957	0.02931	0.01461	0.01651	0.01178	0.00635	0.00609	0.00135	0.00622	0.00500	0.00514	0.64442
9	0.01204	0.00869	0.01190	0.01344	0.01522	0.00855	0.01152	0.01540	0.01790	0.02329	0.07648	0.11574	0.08940	0.02115	0.01048	0.00343	0.00661	0.52445	0.00722	0.00707
10	0.01555	0.04011	0.68733	0.02210	0.03356	0.01801	0.02865	0.02455	0.01637	0.02455	0.01391	0.01637	0.00982	0.00737	0.00737	0.00246	0.01146	0.00573	0.00327	0.01146
11	0.02044	0.01723	0.01818	0.01601	0.02060	0.01983	0.01255	0.11073	0.59372	0.03430	0.03009	0.02776	0.02248	0.01038	0.00787	0.00260	0.00641	0.00856	0.00787	0.01238
12	0.01206	0.00817	0.01071	0.00994	0.01196	0.00750	0.00750	0.01569	0.02196	0.06083	0.64572	0.05648	0.07070	0.01557	0.00908	0.00244	0.00379	0.01374	0.00858	0.00758
13	0.03479	0.01320	0.01799	0.01380	0.01979	0.01140	0.01140	0.03779	0.02219	0.68451	0.03059	0.02639	0.01919	0.00960	0.00780	0.00240	0.00660	0.00780	0.00960	0.01320
14	0.01464	0.01378	0.02326	0.70887	0.05340	0.01723	0.02153	0.01981	0.01550	0.01981	0.01378	0.02067	0.01034	0.00775	0.00775	0.00258	0.01034	0.00689	0.00345	0.00861
15	0.01464	0.01378	0.02326	0.70887	0.05340	0.01723	0.02153	0.01981	0.01550	0.01981	0.01378	0.02067	0.01034	0.00775	0.00775	0.00258	0.01034	0.00689	0.00345	0.00861
16	0.01830	0.02092	0.04575	0.03268	0.04052	0.01961	0.65098	0.02484	0.01830	0.02484	0.01569	0.02092	0.01176	0.00654	0.00915	0.00261	0.01307	0.00915	0.00392	0.01046
17	0.01555	0.04011	0.68733	0.02210	0.03356	0.01801	0.02865	0.02455	0.01637	0.02455	0.01391	0.01637	0.00982	0.00737	0.00737	0.00246	0.01146	0.00573	0.00327	0.01146
18	0.01008	0.00715	0.00950	0.01114	0.01176	0.00681	0.00781	0.01166	0.01501	0.01992	0.04091	0.56601	0.04828	0.08368	0.01254	0.00359	0.00517	0.11570	0.00698	0.00629
19	0.00917	0.00781	0.00790	0.00797	0.01050	0.00654	0.00594	0.01111	0.01756	0.02090	0.07714	0.10006	0.65146	0.01982	0.00919	0.00264	0.00395	0.01659	0.00720	0.00654
20	0.01696	0.01696	0.02375	0.02036	0.02036	0.02375	0.01696	0.01866	0.01187	0.01866	0.01018	0.01696	0.01018	0.01357	0.02545	0.00339	0.71332	0.00679	0.00339	0.00848
21	0.01919	0.01842	0.03147	0.04759	0.67914	0.01842	0.02380	0.02380	0.01765	0.02533	0.01458	0.01919	0.01228	0.00691	0.00768	0.00230	0.00921	0.00691	0.00384	0.01228
22	0.01830	0.02092	0.04575	0.03268	0.04052	0.01961	0.65098	0.02484	0.01830	0.02484	0.01569	0.02092	0.01176	0.00654	0.00915	0.00261	0.01307	0.00915	0.00392	0.01046
23	0.02896	0.03695	0.02197	0.01998	0.02397	0.69638	0.01498	0.03096	0.02197	0.01898	0.01199	0.01398	0.00999	0.00799	0.00699	0.00200	0.01398	0.00499	0.00400	0.00899
24	0.00947	0.00787	0.00833	0.00860	0.01100	0.00673	0.00654	0.01153	0.01750	0.02106	0.07290	0.11982	0.57951	0.02011	0.00935	0.00274	0.00424	0.06893	0.00719	0.00658
25	0.03479	0.01320	0.01799	0.01380	0.01979	0.01140	0.01140	0.03779	0.02219	0.68451	0.03059	0.02639	0.01919	0.00960	0.00780	0.00240	0.00660	0.00780	0.00960	0.01320
26	0.01464	0.01378	0.02326	0.70887	0.05340	0.01723	0.02153	0.01981	0.01550	0.01981	0.01378	0.02067	0.01034	0.00775	0.00775	0.00258	0.01034	0.00689	0.00345	0.00861
27	0.01249	0.00892	0.01249	0.01428	0.01606	0.00892	0.01249	0.01606	0.01785	0.02320	0.04105	0.08746	0.04462	0.02142	0.01071	0.00357	0.00714	0.62695	0.00714	0.00714
28	0.01555	0.04011	0.68733	0.02210	0.03356	0.01801	0.02865	0.02455	0.01637	0.02455	0.01391	0.01637	0.00982	0.00737	0.00737	0.00246	0.01146	0.00573	0.00327	0.01146
29	0.01249	0.00892	0.01249	0.01428	0.01606	0.00892	0.01249	0.01606	0.01785	0.02320	0.04105	0.08746	0.04462	0.02142	0.01071	0.00357	0.00714	0.62695	0.00714	0.00714
30	0.02896	0.03695	0.02197	0.01998	0.02397	0.69638	0.01498	0.03096	0.02197	0.01898	0.01199	0.01398	0.00999	0.00799	0.00699	0.00200	0.01398	0.00499	0.00400	0.00899
31	0.03479	0.01320	0.01799	0.01380	0.01979	0.01140	0.01140	0.03779	0.02219	0.68451	0.03059	0.02639	0.01919	0.00960	0.00780	0.00240	0.00660	0.00780	0.00960	0.01320
32	0.00916	0.00785	0.00785	0.00785	0.01047	0.00655	0.00589	0.01113	0.01767	0.02095	0.07855	0.07462	0.67599	0.01964	0.00916	0.00262	0.00393	0.01636	0.00720	0.00655
33	0.00945	0.00675	0.00900	0.01080	0.01125	0.00630	0.00720	0.01080	0.01484	0.01979	0.04274	0.72245	0.05128	0.02429	0.00990	0.00315	0.00450	0.02204	0.00720	0.00630
34	0.01696	0.01696	0.02375	0.02036	0.02036	0.02375	0.01696	0.01866	0.01187	0.01866	0.01018	0.01696	0.01018	0.01357	0.02545	0.00339	0.71332	0.00679	0.00339	0.00848
35	0.01830	0.02092	0.04575	0.03268	0.04052	0.01961	0.65098	0.02484	0.01830	0.02484	0.01569	0.02092	0.01176	0.00654	0.00915	0.00261	0.01307	0.00915	0.00392	0.01046
36	0.01919	0.01842	0.03147	0.04759	0.67914	0.01842	0.02380	0.02380	0.01765	0.02533	0.01458	0.01919	0.01228	0.00691	0.00768	0.00230	0.00921	0.00691	0.00384	0.01228
37	0.01555	0.04011	0.68733	0.02210	0.03356	0.01801	0.02865	0.02455	0.01637	0.02455	0.01391	0.01637	0.00982	0.00737	0.00737	0.00246	0.01146	0.00573	0.00327	0.01146
38	0.00982	0.00701	0.00942	0.01122	0.01183	0.00662	0.00784	0.01144	0.01521	0.02021	0.04253	0.64516	0.05047	0.02394	0.01000	0.00320	0.00482	0.09566	0.00719	0.00640
39	0.01555	0.04011	0.68733	0.02210	0.03356	0.01801	0.02865	0.02455	0.01637	0.02455	0.01391	0.01637	0.00982	0.00737	0.00737	0.00246	0.01146	0.00573	0.00327	0.01146
40	0.02853	0.03494	0.02185	0.01963	0.02379	0.61789	0.01483	0.07382	0.05404	0.02166	0.01338	0.01502	0.01087	0.00820	0.00709	0.00205	0.01323	0.00531	0.00444	0.00943
41	0.03455	0.01358	0.01823	0.01398	0.01999	0.01197	0.01155	0.06563	0.02284	0.65576	0.03005	0.02604	0.01892	0.00958	0.00780	0.00240	0.00669	0.00776	0.00951	0.01319
42	0.01696	0.01696	0.02375	0.02036	0.02036	0.02375	0.01696	0.01866	0.01187	0.01866	0.01018	0.01696	0.01018	0.01357	0.02545	0.00339	0.71332	0.00679	0.00339	0.00848
43	0.01811	0.02055	0.04459	0.06765	0.04119	0.01948	0.61843	0.02458	0.01816	0.02458	0.01559	0.02090	0.01169	0.00660	0.00908	0.00261	0.01293	0.00903	0.00390	0.01036
44	0.01919	0.01842	0.03147	0.04759	0.67914	0.01842	0.02380	0.02380	0.01765	0.02533	0.01458	0.01919	0.01228	0.00691	0.00768	0.00230	0.00921	0.00691	0.00384	0.01228
45	0.78228	0.01499	0.01140	0.01020	0.01499	0.01739	0.00840	0.02279	0.01320	0.03479	0.01080	0.01260	0.00840	0.00720	0.00480	0.00240	0.00600	0.00420	0.00480	0.00840
46	0.00973	0.00693	0.00921	0.01094	0.01147	0.00652	0.00746	0.01117	0.01491	0.01984	0.04191	0.65306	0.04993	0.05148	0.01110	0.00335	0.00480	0.06280	0.00710	0.00629
47	0.01154	0.00851	0.01123	0.01265	0.01449	0.00820	0.01067	0.01458	0.01754	0.02243	0.04884	0.14300	0.17373	0.02132	0.01032	0.00334	0.00624	0.44729	0.00716	0.00694
48	0.74500	0.01533	0.01198	0.01057	0.01544	0.01772	0.00871	0.05401	0.01435	0.03548	0.01118	0.01289	0.00863	0.00730	0.00494	0.00240	0.00612	0.00434	0.00494	0.00863
49	0.01107	0.00847	0.01050	0.01152	0.01366	0.00790	0.00966	0.01395	0.01777	0.02223	0.05714	0.08195	0.31558	0.02065	0.01005	0.00316	0.00576	0.36492	0.00717	0.00688
50	0.01732	0.27688	0.46608	0.01908	0.02889	0.02234	0.02339	0.02410	0.01616	0.02240	0.01284	0.01502	0.00987	0.00712	0.00655	0.00218	0.01038	0.00519	0.00329	0.01094
51	0.02926	0.03156	0.02113	0.01853	0.02306	0.53081	0.01414	0.05632	0.02230	0.12304	0.01520	0.01618	0.01161	0.00818	0.00709	0.00203	0.01223	0.00549	0.00504	0.04682
52	0.01755	0.01465	0.01687	0.01218	0.01900	0.01184	0.00980	0.08902	0.01831	0.02785	0.01431	0.01636	0.01167	0.00613	0.00596	0.00128	0.00605	0.00486	0.00494	0.69138
53	0.01212	0.00866	0.01202	0.01354	0.01524	0.00857	0.01156	0.01555	0.01810	0.02385	0.11197	0.12739	0.04826	0.02099	0.01048	0.00341	0.00657	0.51733	0.00730	0.00710
54	0.02080	0.01441	0.01688	0.01479	0.01885	0.01498	0.01226	0.27766	0.02587	0.08307	0.07929	0.07956	0.06166	0.01467	0.00888	0.00274	0.00708	0.20156	0.00759	0.03739
55	0.01108	0.00831	0.01246	0.01246	0.01385	0.00969	0.00969	0.01385	0.01246	0.01800	0.02077	0.03046	0.01938	0.05815	0.69678	0.01246	0.02077	0.00831	0.00415	0.00692
56	0.01809	0.01716	0.02729	0.01994	0.02665	0.01573	0.23195	0.06975	0.06236	0.02708	0.01586	0.01885	0.01248	0.00693	0.00804	0.00194	0.03817	0.00672	0.00477	0.37023

[dist]
# distance from previous block
# <min> <max>
0	3

[block]
# block no. 4 follows, 25 sequences, length 16
# corresponding to MSA columns:
# 213-228
name=unknown_E
#
# <colnr> <probs for GDERKNQSTAVLIFYWHMCP>
#	G	D	E	R	K	N	Q	S	T	A	V	L	I	F	Y	W	H	M	C	P
0	0.02632	0.01882	0.02079	0.01591	0.02213	0.01949	0.01303	0.41402	0.07225	0.10223	0.01952	0.01947	0.01407	0.00862	0.00732	0.00209	0.00757	0.00665	0.00724	0.18246
1	0.02900	0.03573	0.02208	0.01980	0.02398	0.64225	0.01496	0.08106	0.02314	0.02138	0.01252	0.01436	0.01025	0.00810	0.00705	0.00202	0.01354	0.00515	0.00430	0.00933
2	0.02098	0.01386	0.01714	0.01274	0.01889	0.01160	0.01033	0.02418	0.01735	0.19526	0.01786	0.01881	0.01338	0.00732	0.00773	0.00164	0.05823	0.00558	0.00580	0.52131
3	0.01256	0.00924	0.01233	0.01377	0.01571	0.00930	0.01177	0.01709	0.05966	0.02348	0.04301	0.11566	0.08545	0.02074	0.01038	0.00342	0.00673	0.51511	0.00720	0.00739
4	0.02815	0.01190	0.01600	0.01324	0.01794	0.01061	0.01066	0.03168	0.04454	0.49562	0.07207	0.12682	0.02835	0.01263	0.00832	0.00257	0.00614	0.04219	0.00901	0.01155
5	0.01104	0.00755	0.00911	0.00931	0.00957	0.00771	0.00572	0.01160	0.01185	0.01600	0.02591	0.12202	0.02944	0.55033	0.13380	0.00777	0.00915	0.01203	0.00489	0.00521
6	0.01464	0.01378	0.02326	0.70887	0.05340	0.01723	0.02153	0.01981	0.01550	0.01981	0.01378	0.02067	0.01034	0.00775	0.00775	0.00258	0.01034	0.00689	0.00345	0.00861
7	0.66402	0.01497	0.01206	0.01060	0.01529	0.01719	0.00870	0.07398	0.01532	0.03550	0.01251	0.01429	0.00964	0.00751	0.00509	0.00235	0.00603	0.00465	0.06160	0.00870
8	0.01464	0.01378	0.02326	0.70887	0.05340	0.01723	0.02153	0.01981	0.01550	0.01981	0.01378	0.02067	0.01034	0.00775	0.00775	0.00258	0.01034	0.00689	0.00345	0.00861
9	0.01830	0.02092	0.04575	0.03268	0.04052	0.01961	0.65098	0.02484	0.01830	0.02484	0.01569	0.02092	0.01176	0.00654	0.00915	0.00261	0.01307	0.00915	0.00392	0.01046
10	0.01464	0.01378	0.02326	0.70887	0.05340	0.01723	0.02153	0.01981	0.01550	0.01981	0.01378	0.02067	0.01034	0.00775	0.00775	0.00258	0.01034	0.00689	0.00345	0.00861
11	0.01114	0.00829	0.01113	0.01235	0.01360	0.00828	0.00972	0.01364	0.01672	0.02213	0.09421	0.32737	0.09679	0.02158	0.01084	0.00323	0.03856	0.26647	0.00710	0.00684
12	0.01803	0.01493	0.01712	0.01241	0.01920	0.01233	0.00999	0.11165	0.01904	0.02870	0.01448	0.01645	0.01173	0.00626	0.00603	0.00132	0.00615	0.00494	0.00505	0.66419
13	0.01934	0.54632	0.21430	0.01564	0.02357	0.02728	0.01740	0.02358	0.01592	0.01994	0.01162	0.01349	0.00992	0.00683	0.00562	0.00187	0.00914	0.00457	0.00331	0.01036
14	0.67157	0.01598	0.01314	0.01132	0.01633	0.01837	0.00933	0.11551	0.01662	0.03686	0.01195	0.01348	0.00910	0.00751	0.00523	0.00239	0.00637	0.00461	0.00523	0.00910
15	0.01696	0.01696	0.02375	0.02036	0.02036	0.02375	0.01696	0.01866	0.01187	0.01866	0.01018	0.01696	0.01018	0.01357	0.02545	0.00339	0.71332	0.00679	0.00339	0.00848

[dist]
# distance from previous block
# <min> <max>
0	3

[block]
# block no. 5 follows, 25 sequences, length 20
# corresponding to MSA columns:
# 232-251
name=unknown_F
#
# <colnr> <probs for GDERKNQSTAVLIFYWHMCP>
#	G	D	E	R	K	N	Q	S	T	A	V	L	I	F	Y	W	H	M	C	P
0	0.02046	0.69589	0.07453	0.01373	0.02062	0.03002	0.01407	0.02329	0.01579	0.01857	0.01094	0.01264	0.00994	0.00667	0.00510	0.00170	0.00846	0.00423	0.00331	0.01003
1	0.01092	0.00789	0.01012	0.00958	0.01132	0.00730	0.00707	0.01425	0.02102	0.02954	0.60428	0.05812	0.09536	0.06597	0.01127	0.00280	0.00394	0.01393	0.00821	0.00710
2	0.01125	0.00762	0.00897	0.00897	0.00915	0.00780	0.00534	0.01161	0.01143	0.01542	0.02396	0.04812	0.02705	0.64112	0.12430	0.00816	0.00923	0.01089	0.00463	0.00499
3	0.01084	0.00792	0.01017	0.00961	0.01150	0.00726	0.00721	0.01437	0.02162	0.03032	0.62979	0.05919	0.11890	0.01614	0.00915	0.00245	0.00368	0.01420	0.00843	0.00726
4	0.01696	0.01696	0.02375	0.02036	0.02036	0.02375	0.01696	0.01866	0.01187	0.01866	0.01018	0.01696	0.01018	0.01357	0.02545	0.00339	0.71332	0.00679	0.00339	0.00848
5	0.01464	0.01378	0.02326	0.70887	0.05340	0.01723	0.02153	0.01981	0.01550	0.01981	0.01378	0.02067	0.01034	0.00775	0.00775	0.00258	0.01034	0.00689	0.00345	0.00861
6	0.01734	0.01491	0.01665	0.01317	0.01908	0.01386	0.01040	0.02805	0.27140	0.02809	0.02077	0.02113	0.01628	0.00762	0.00659	0.00173	0.00590	0.00624	0.00589	0.47491
7	0.02397	0.01832	0.01921	0.01624	0.02125	0.04512	0.01290	0.19585	0.40936	0.10904	0.02743	0.02546	0.01999	0.01001	0.00781	0.00250	0.00709	0.00806	0.00790	0.01248
8	0.00961	0.00687	0.00919	0.01099	0.01151	0.00644	0.00749	0.01108	0.01501	0.01998	0.04264	0.68783	0.05092	0.02413	0.00994	0.00317	0.00464	0.05502	0.00719	0.00634
9	0.01869	0.45993	0.29503	0.01674	0.02527	0.02569	0.01932	0.02374	0.01600	0.02073	0.01201	0.01398	0.00990	0.00692	0.00592	0.00197	0.00954	0.00477	0.00330	0.01054
10	0.01791	0.35537	0.39273	0.01808	0.02734	0.02378	0.02164	0.02395	0.01609	0.02168	0.01249	0.01458	0.00988	0.00703	0.00628	0.00209	0.01002	0.00501	0.00329	0.01077
11	0.00979	0.00699	0.00939	0.01119	0.01179	0.00659	0.00779	0.01139	0.01518	0.02018	0.04255	0.65097	0.05053	0.02397	0.00999	0.00320	0.00480	0.09013	0.00719	0.00639
12	0.01752	0.01862	0.03296	0.02551	0.02880	0.02202	0.28235	0.02125	0.01456	0.02125	0.01248	0.01862	0.01084	0.01063	0.01862	0.00307	0.42021	0.00778	0.00361	0.00931
13	0.07747	0.01804	0.02022	0.01573	0.02168	0.01891	0.01292	0.35885	0.07397	0.23563	0.02239	0.02117	0.01534	0.00919	0.00750	0.00232	0.00750	0.00707	0.00799	0.04609
14	0.02900	0.03583	0.02207	0.01982	0.02398	0.64660	0.01496	0.07704	0.02304	0.02119	0.01248	0.01433	0.01022	0.00809	0.00705	0.00202	0.01358	0.00514	0.00427	0.00930
15	0.02971	0.02418	0.02268	0.01800	0.02376	0.15563	0.01457	0.49174	0.03270	0.08327	0.01807	0.01820	0.01294	0.00907	0.00761	0.00227	0.00948	0.00664	0.00713	0.01236
16	0.00931	0.00730	0.00843	0.00933	0.01086	0.00642	0.00655	0.01096	0.01625	0.02037	0.06058	0.39956	0.36265	0.02197	0.00953	0.00288	0.00421	0.01921	0.00720	0.00642
17	0.00958	0.00680	0.00896	0.01062	0.01104	0.00639	0.00701	0.01083	0.01458	0.01944	0.04138	0.67271	0.04957	0.07636	0.01209	0.00347	0.00472	0.02125	0.00701	0.00618
18	0.01249	0.00892	0.01249	0.01428	0.01606	0.00892	0.01249	0.01606	0.01785	0.02320	0.04105	0.08746	0.04462	0.02142	0.01071	0.00357	0.00714	0.62695	0.00714	0.00714
19	0.02946	0.02086	0.02263	0.01745	0.02356	0.02289	0.01438	0.58142	0.06122	0.09642	0.02006	0.01963	0.01407	0.00938	0.00777	0.00234	0.00829	0.00712	0.00790	0.01315

[dist]
# distance from previous block
# <min> <max>
0	1

[block]
# block no. 6 follows, 25 sequences, length 42
# corresponding to MSA columns:
# 253-287,292-298
name=unknown_G
#
# <colnr> <probs for GDERKNQSTAVLIFYWHMCP>
#	G	D	E	R	K	N	Q	S	T	A	V	L	I	F	Y	W	H	M	C	P
0	0.02943	0.02314	0.02315	0.01804	0.02404	0.08660	0.01476	0.59538	0.03511	0.04608	0.01800	0.01818	0.01289	0.00919	0.00769	0.00230	0.00904	0.00680	0.00741	0.01280
1	0.01608	0.01378	0.01608	0.01148	0.01837	0.01034	0.00919	0.01952	0.01608	0.02527	0.01378	0.01608	0.01148	0.00574	0.00574	0.00115	0.00574	0.00459	0.00459	0.77491
2	0.01108	0.00831	0.01246	0.01246	0.01385	0.00969	0.00969	0.01385	0.01246	0.01800	0.02077	0.03046	0.01938	0.05815	0.69678	0.01246	0.02077	0.00831	0.00415	0.00692
3	0.01608	0.01378	0.01608	0.01148	0.01837	0.01034	0.00919	0.01952	0.01608	0.02527	0.01378	0.01608	0.01148	0.00574	0.00574	0.00115	0.00574	0.00459	0.00459	0.77491
4	0.01691	0.01392	0.01655	0.01204	0.01854	0.01107	0.00968	0.02025	0.01612	0.05273	0.01430	0.01656	0.01174	0.00631	0.00685	0.00132	0.04230	0.00484	0.00474	0.70323
5	0.00932	0.00790	0.00807	0.00815	0.01073	0.00665	0.00619	0.01135	0.01768	0.02105	0.07682	0.07521	0.64699	0.01972	0.00923	0.00266	0.00407	0.04442	0.00720	0.00657
6	0.19122	0.02263	0.02052	0.01653	0.02209	0.12676	0.01341	0.42136	0.02921	0.04121	0.01591	0.01660	0.01166	0.00865	0.00700	0.00229	0.00883	0.00607	0.00654	0.01151
7	0.02096	0.01689	0.01810	0.01591	0.02050	0.01922	0.01256	0.11756	0.53802	0.06025	0.03021	0.02951	0.02288	0.01070	0.00796	0.00261	0.00649	0.02950	0.00792	0.01225
8	0.00945	0.00675	0.00900	0.01080	0.01125	0.00630	0.00720	0.01080	0.01484	0.01979	0.04274	0.72245	0.05128	0.02429	0.00990	0.00315	0.00450	0.02204	0.00720	0.00630
9	0.01750	0.01855	0.03256	0.02529	0.02843	0.02209	0.27076	0.02113	0.01445	0.02113	0.01238	0.01855	0.01081	0.01075	0.01892	0.00308	0.43300	0.00773	0.00360	0.00927
10	0.01464	0.01378	0.02326	0.70887	0.05340	0.01723	0.02153	0.01981	0.01550	0.01981	0.01378	0.02067	0.01034	0.00775	0.00775	0.00258	0.01034	0.00689	0.00345	0.00861
11	0.01555	0.04011	0.68733	0.02210	0.03356	0.01801	0.02865	0.02455	0.01637	0.02455	0.01391	0.01637	0.00982	0.00737	0.00737	0.00246	0.01146	0.00573	0.00327	0.01146
12	0.01464	0.01378	0.02326	0.70887	0.05340	0.01723	0.02153	0.01981	0.01550	0.01981	0.01378	0.02067	0.01034	0.00775	0.00775	0.00258	0.01034	0.00689	0.00345	0.00861
13	0.73570	0.01541	0.01213	0.01067	0.01555	0.01781	0.00879	0.06180	0.01463	0.03566	0.01128	0.01297	0.00869	0.00733	0.00498	0.00239	0.00615	0.00437	0.00498	0.00869
14	0.01464	0.01378	0.02326	0.70887	0.05340	0.01723	0.02153	0.01981	0.01550	0.01981	0.01378	0.02067	0.01034	0.00775	0.00775	0.00258	0.01034	0.00689	0.00345	0.00861
15	0.01464	0.01378	0.02326	0.70887	0.05340	0.01723	0.02153	0.01981	0.01550	0.01981	0.01378	0.02067	0.01034	0.00775	0.00775	0.00258	0.01034	0.00689	0.00345	0.00861
16	0.02850	0.01317	0.01696	0.01345	0.01868	0.01212	0.01091	0.07242	0.07458	0.45669	0.13513	0.03085	0.02772	0.01052	0.00794	0.00237	0.00616	0.00871	0.00896	0.04416
17	0.69754	0.01575	0.01273	0.01106	0.01601	0.01814	0.00911	0.09376	0.01581	0.03637	0.01168	0.01327	0.00894	0.00744	0.00513	0.00239	0.00628	0.00451	0.00513	0.00894
18	0.01464	0.01378	0.02326	0.70887	0.05340	0.01723	0.02153	0.01981	0.01550	0.01981	0.01378	0.02067	0.01034	0.00775	0.00775	0.00258	0.01034	0.00689	0.00345	0.00861
19	0.01464	0.01378	0.02326	0.70887	0.05340	0.01723	0.02153	0.01981	0.01550	0.01981	0.01378	0.02067	0.01034	0.00775	0.00775	0.00258	0.01034	0.00689	0.00345	0.00861
20	0.02158	0.01446	0.01708	0.01301	0.01925	0.01265	0.01045	0.05507	0.12495	0.18204	0.02085	0.02072	0.01537	0.00759	0.00666	0.00174	0.00613	0.00613	0.00645	0.43783
21	0.02481	0.01483	0.01730	0.01447	0.01958	0.01522	0.01152	0.03751	0.35166	0.28657	0.03167	0.02869	0.04324	0.01017	0.00776	0.00245	0.00622	0.00839	0.00833	0.05963
22	0.02631	0.02311	0.01829	0.01587	0.02007	0.31437	0.01226	0.06155	0.04178	0.19734	0.14073	0.02789	0.04609	0.01036	0.00773	0.00224	0.00933	0.00796	0.00670	0.01002
23	0.01696	0.01696	0.02375	0.02036	0.02036	0.02375	0.01696	0.01866	0.01187	0.01866	0.01018	0.01696	0.01018	0.01357	0.02545	0.00339	0.71332	0.00679	0.00339	0.00848
24	0.01919	0.01842	0.03147	0.04759	0.67914	0.01842	0.02380	0.02380	0.01765	0.02533	0.01458	0.01919	0.01228	0.00691	0.00768	0.00230	0.00921	0.00691	0.00384	0.01228
25	0.08449	0.01951	0.02008	0.01657	0.02176	0.04900	0.01357	0.39988	0.14141	0.04077	0.02251	0.02750	0.01804	0.01066	0.00785	0.00251	0.00799	0.07678	0.00732	0.01180
