[name]
unknown

[dist]
# distance from previous block
# <min> <max>
0	29

[block]
# block no. 0 follows, 21 sequences, length 8
# corresponding to MSA columns:
# 53-60
name=unknown_A
#
# <colnr> <probs for GDERKNQSTAVLIFYWHMCP>
#	G	D	E	R	K	N	Q	S	T	A	V	L	I	F	Y	W	H	M	C	P
0	0.01330	0.00950	0.01324	0.01520	0.01698	0.00944	0.01300	0.01692	0.01918	0.02501	0.04529	0.16982	0.04988	0.02390	0.01164	0.00386	0.00748	0.52080	0.00784	0.00772
1	0.03207	0.03225	0.02482	0.02076	0.02635	0.34841	0.01631	0.32504	0.03202	0.03714	0.01677	0.01787	0.01271	0.00949	0.00809	0.00237	0.01237	0.00657	0.00644	0.01216
2	0.02009	0.02296	0.05022	0.03587	0.04448	0.02152	0.61693	0.02726	0.02009	0.02726	0.01722	0.02296	0.01291	0.00717	0.01004	0.00287	0.01435	0.01004	0.00430	0.01148
3	0.01026	0.00850	0.00877	0.00892	0.01139	0.00725	0.00648	0.01220	0.01861	0.02239	0.07854	0.12753	0.55102	0.07474	0.01270	0.00334	0.00467	0.01801	0.00769	0.00701
4	0.01607	0.01513	0.02552	0.68047	0.05861	0.01891	0.02363	0.02174	0.01702	0.02174	0.01513	0.02269	0.01134	0.00851	0.00851	0.00284	0.01134	0.00756	0.00378	0.00945
5	0.08634	0.01525	0.02430	0.61734	0.05464	0.01892	0.02227	0.02205	0.01678	0.02329	0.01482	0.02185	0.01114	0.00845	0.00820	0.00282	0.01090	0.00728	0.00392	0.00943
6	0.02106	0.02022	0.03454	0.05223	0.64784	0.02022	0.02612	0.02612	0.01938	0.02780	0.01601	0.02106	0.01348	0.00758	0.00842	0.00253	0.01011	0.00758	0.00421	0.01348
7	0.01824	0.01689	0.02475	0.36047	0.10039	0.02052	0.02051	0.02835	0.18299	0.02591	0.01999	0.02448	0.01548	0.01003	0.01093	0.00293	0.09300	0.00811	0.00513	0.01090

[dist]
# distance from previous block
# <min> <max>
5	10

[block]
# block no. 1 follows, 21 sequences, length 7
# corresponding to MSA columns:
# 71-77
name=unknown_B
#
# <colnr> <probs for GDERKNQSTAVLIFYWHMCP>
#	G	D	E	R	K	N	Q	S	T	A	V	L	I	F	Y	W	H	M	C	P
0	0.01365	0.00986	0.01251	0.01259	0.01451	0.00966	0.00945	0.07510	0.02228	0.03049	0.29104	0.29730	0.06120	0.02082	0.01039	0.00310	0.00533	0.08394	0.00856	0.00824
1	0.56662	0.01704	0.01554	0.06553	0.02131	0.01942	0.01139	0.09312	0.01829	0.08374	0.01467	0.01638	0.01085	0.00840	0.00613	0.00264	0.00732	0.00548	0.00590	0.01021
2	0.01565	0.01434	0.02366	0.60357	0.05296	0.01769	0.02152	0.02067	0.01648	0.02114	0.01646	0.02647	0.01359	0.08784	0.01250	0.00346	0.01099	0.00811	0.00394	0.00896
3	0.01162	0.00793	0.00951	0.01025	0.01044	0.00775	0.00619	0.01218	0.01385	0.01847	0.03440	0.29722	0.04051	0.44634	0.03106	0.00644	0.00700	0.01684	0.00619	0.00582
4	0.01143	0.00785	0.00956	0.01049	0.01072	0.00762	0.00645	0.01213	0.01422	0.01896	0.03628	0.35700	0.04288	0.38332	0.02803	0.00599	0.00669	0.01794	0.00645	0.00598
5	0.02359	0.01836	0.02390	0.29354	0.03807	0.02113	0.01829	0.30208	0.02718	0.03598	0.01759	0.02198	0.01321	0.01169	0.01131	0.08739	0.00997	0.00759	0.00600	0.01117
6	0.01746	0.01525	0.02175	0.15747	0.02948	0.01484	0.06154	0.02226	0.05757	0.02497	0.01631	0.02111	0.01342	0.01046	0.01172	0.09072	0.04925	0.00670	0.00472	0.35299

[dist]
# distance from previous block
# <min> <max>
2	8

[block]
# block no. 2 follows, 21 sequences, length 11
# corresponding to MSA columns:
# 86-96
name=unknown_C
#
# <colnr> <probs for GDERKNQSTAVLIFYWHMCP>
#	G	D	E	R	K	N	Q	S	T	A	V	L	I	F	Y	W	H	M	C	P
0	0.23571	0.01801	0.01876	0.01801	0.06444	0.02035	0.01323	0.07066	0.34632	0.06889	0.02591	0.02505	0.01937	0.01009	0.00765	0.00276	0.00710	0.00787	0.00746	0.01236
1	0.57747	0.05637	0.04697	0.01215	0.01763	0.01859	0.01065	0.02490	0.01618	0.06080	0.07614	0.01961	0.01699	0.00893	0.00603	0.00259	0.00680	0.00593	0.00571	0.00957
2	0.01251	0.01160	0.01064	0.01042	0.01345	0.05442	0.00781	0.01646	0.07055	0.02383	0.07508	0.10022	0.52270	0.02005	0.00981	0.00285	0.00531	0.01667	0.00772	0.00788
3	0.02027	0.01566	0.01915	0.08020	0.02458	0.01322	0.01207	0.06378	0.01968	0.08332	0.01709	0.01932	0.01334	0.00716	0.00687	0.00163	0.00710	0.00578	0.00563	0.56416
4	0.01707	0.04402	0.65683	0.02426	0.03683	0.01976	0.03144	0.02695	0.01797	0.02695	0.01527	0.01797	0.01078	0.00809	0.00809	0.00270	0.01258	0.00629	0.00359	0.01258
5	0.02223	0.48227	0.03563	0.01483	0.02117	0.02796	0.01381	0.02879	0.12696	0.05604	0.02225	0.02473	0.04814	0.00964	0.00670	0.00220	0.00829	0.03185	0.00529	0.01123
6	0.09079	0.02128	0.14039	0.08533	0.25617	0.01708	0.02093	0.02581	0.01908	0.10409	0.05865	0.08214	0.02114	0.01040	0.00840	0.00270	0.00916	0.00910	0.00557	0.01179
7	0.08186	0.03633	0.48365	0.02098	0.03201	0.01816	0.02559	0.02577	0.01761	0.02807	0.01495	0.01755	0.01098	0.00774	0.00751	0.00243	0.01091	0.00591	0.00400	0.14799
8	0.06941	0.14550	0.05360	0.01635	0.02236	0.02254	0.01422	0.17247	0.20385	0.06713	0.02400	0.02533	0.01850	0.01010	0.00763	0.00250	0.00791	0.02433	0.05890	0.03335
9	0.01927	0.09720	0.41230	0.05070	0.03120	0.01861	0.02403	0.02677	0.01886	0.08967	0.05628	0.02282	0.01703	0.00900	0.00785	0.00255	0.01042	0.00710	0.06655	0.01180
10	0.11774	0.02180	0.07358	0.07575	0.08860	0.06076	0.01672	0.20603	0.07824	0.06499	0.02122	0.05588	0.01681	0.01020	0.00798	0.00262	0.00901	0.00808	0.05200	0.01197

[dist]
# distance from previous block
# <min> <max>
3	22

[block]
# block no. 3 follows, 21 sequences, length 122
# corresponding to MSA columns:
# 119-240
name=unknown_D
#
# <colnr> <probs for GDERKNQSTAVLIFYWHMCP>
#	G	D	E	R	K	N	Q	S	T	A	V	L	I	F	Y	W	H	M	C	P
0	0.08090	0.17184	0.07602	0.01574	0.02262	0.05793	0.01423	0.09083	0.02166	0.18190	0.02065	0.05204	0.01611	0.00935	0.00727	0.00223	0.00847	0.00708	0.00644	0.13669
1	0.02685	0.02050	0.11657	0.01681	0.02348	0.01667	0.01542	0.18246	0.05364	0.23108	0.14127	0.03120	0.02876	0.01122	0.00865	0.00258	0.00793	0.00915	0.00840	0.04736
2	0.02005	0.30120	0.38642	0.02024	0.03046	0.02552	0.02409	0.05607	0.01881	0.02559	0.01419	0.01641	0.01102	0.00788	0.00708	0.00235	0.01106	0.00568	0.00386	0.01203
3	0.13077	0.02127	0.10371	0.01652	0.02264	0.01930	0.01505	0.28447	0.02802	0.04040	0.08509	0.03550	0.10293	0.01250	0.00851	0.00272	0.00816	0.04355	0.00734	0.01153
4	0.14711	0.02505	0.24707	0.01849	0.04688	0.01678	0.01855	0.07773	0.02028	0.09677	0.07867	0.05136	0.02151	0.01347	0.04688	0.00330	0.00971	0.00822	0.04094	0.01123
5	0.02341	0.01932	0.02401	0.24544	0.03567	0.05507	0.03896	0.25220	0.02626	0.03543	0.01863	0.02245	0.01397	0.00964	0.00915	0.00263	0.04369	0.00762	0.10519	0.01127
6	0.11753	0.34816	0.02837	0.01323	0.01813	0.02285	0.01189	0.02205	0.01895	0.02714	0.22081	0.03045	0.03367	0.01110	0.00809	0.00231	0.04156	0.00829	0.00576	0.00965
7	0.05535	0.01006	0.01281	0.01208	0.01490	0.00947	0.00960	0.01998	0.02259	0.11435	0.39596	0.06296	0.09206	0.01727	0.00989	0.00290	0.00526	0.11467	0.00896	0.00887
8	0.72728	0.01680	0.01311	0.01158	0.01692	0.01943	0.00954	0.05255	0.01567	0.03890	0.01225	0.01413	0.00946	0.00801	0.00542	0.00263	0.00671	0.00475	0.00542	0.00946
9	0.01478	0.00739	0.01109	0.01109	0.01109	0.00739	0.00739	0.01109	0.01109	0.01478	0.01478	0.02587	0.01478	0.02956	0.03326	0.75240	0.00739	0.00739	0.00370	0.00370
10	0.76103	0.01646	0.01251	0.01119	0.01646	0.01909	0.00922	0.02502	0.01448	0.03818	0.01185	0.01382	0.00922	0.00790	0.00527	0.00263	0.00658	0.00461	0.00527	0.00922
11	0.05406	0.01519	0.02486	0.64634	0.05646	0.01892	0.02290	0.02191	0.01689	0.02258	0.01496	0.02224	0.01124	0.00848	0.00834	0.00283	0.01110	0.00741	0.00386	0.00944
12	0.01195	0.00863	0.01129	0.01077	0.01269	0.00797	0.00802	0.01583	0.02367	0.03346	0.61131	0.09750	0.07901	0.01790	0.01008	0.00272	0.00406	0.01586	0.00929	0.00797
13	0.05561	0.01340	0.01933	0.11303	0.22792	0.01404	0.01516	0.02243	0.01807	0.02942	0.02136	0.02607	0.01701	0.00885	0.00708	0.00231	0.00712	0.00760	0.36415	0.01004
14	0.01786	0.01402	0.02514	0.01971	0.02433	0.01295	0.21011	0.02257	0.02200	0.10936	0.29768	0.11025	0.04801	0.01409	0.00994	0.00281	0.00794	0.01365	0.00769	0.00988
15	0.01238	0.00825	0.00928	0.00928	0.00928	0.00825	0.00516	0.01238	0.01238	0.01650	0.02681	0.05569	0.03094	0.70092	0.04331	0.00825	0.00825	0.01238	0.00516	0.00516
16	0.01294	0.00885	0.01149	0.01222	0.01373	0.00847	0.00878	0.01664	0.05538	0.05586	0.20522	0.42475	0.05889	0.02236	0.01045	0.00320	0.00505	0.04926	0.00846	0.00800
17	0.01988	0.02340	0.07407	0.03503	0.07031	0.02175	0.51579	0.02665	0.01939	0.02673	0.01659	0.02230	0.01271	0.00785	0.01132	0.00291	0.06810	0.00956	0.00422	0.01144
18	0.01931	0.01844	0.03138	0.27224	0.44150	0.01976	0.02525	0.02459	0.01855	0.02568	0.01570	0.02163	0.01273	0.00791	0.00845	0.00264	0.01054	0.00758	0.00406	0.01207
19	0.01066	0.00757	0.00998	0.01179	0.01231	0.00713	0.00791	0.01212	0.01611	0.02145	0.04521	0.62019	0.05396	0.08082	0.01351	0.00386	0.00532	0.04561	0.00768	0.00681
20	0.76103	0.01646	0.01251	0.01119	0.01646	0.01909	0.00922	0.02502	0.01448	0.03818	0.01185	0.01382	0.00922	0.00790	0.00527	0.00263	0.00658	0.00461	0.00527	0.00922
21	0.02168	0.02021	0.03328	0.08676	0.56295	0.02064	0.02517	0.07363	0.02090	0.02952	0.01631	0.02111	0.01343	0.00785	0.00844	0.00255	0.01012	0.00759	0.00453	0.01332
22	0.01968	0.02054	0.07956	0.13078	0.37043	0.01965	0.02328	0.02860	0.12987	0.02817	0.02065	0.02673	0.01700	0.00927	0.00862	0.00272	0.00976	0.03706	0.00509	0.01255
23	0.02885	0.01567	0.01928	0.01481	0.02150	0.01397	0.01202	0.06480	0.10300	0.33457	0.02694	0.02515	0.01858	0.00925	0.00782	0.00221	0.00697	0.00749	0.00837	0.25876
24	0.02188	0.58393	0.09203	0.01612	0.02310	0.03179	0.01633	0.02510	0.01692	0.02063	0.01204	0.01450	0.01093	0.00811	0.00792	0.00208	0.07707	0.00498	0.00364	0.01089
25	0.07189	0.02138	0.02402	0.05208	0.07613	0.02369	0.01615	0.42409	0.09057	0.04634	0.02103	0.02183	0.01539	0.00990	0.00820	0.00257	0.00883	0.00767	0.04483	0.01342
26	0.07795	0.01795	0.03141	0.38644	0.04813	0.02032	0.18788	0.04709	0.01838	0.02580	0.01545	0.02175	0.01173	0.00848	0.00967	0.00286	0.04626	0.00802	0.00423	0.01019
27	0.06583	0.02153	0.02348	0.07186	0.02754	0.02426	0.01582	0.41401	0.16781	0.04629	0.02271	0.02278	0.01649	0.01025	0.00838	0.00265	0.00880	0.00793	0.00800	0.01358
28	0.01034	0.00750	0.00977	0.01159	0.01227	0.00693	0.00778	0.01188	0.01654	0.02183	0.05007	0.64598	0.10364	0.02625	0.01080	0.00341	0.00489	0.02369	0.00790	0.00693
29	0.03228	0.02584	0.02537	0.01986	0.02638	0.10311	0.01621	0.54932	0.03811	0.04970	0.01956	0.01982	0.01405	0.01004	0.00841	0.00251	0.01008	0.00740	0.00802	0.01392
30	0.01063	0.00761	0.01011	0.01167	0.01240	0.00709	0.00792	0.01251	0.01752	0.02367	0.14040	0.59633	0.06005	0.02521	0.01073	0.00333	0.00479	0.02281	0.00813	0.00709
31	0.03625	0.01758	0.02166	0.01661	0.02327	0.01710	0.01372	0.23258	0.02953	0.45531	0.02923	0.02614	0.01889	0.01043	0.00854	0.00261	0.00794	0.00826	0.00987	0.01448
32	0.01831	0.01816	0.02547	0.02193	0.02200	0.02532	0.01823	0.02023	0.01306	0.02045	0.01173	0.01933	0.01166	0.01725	0.05868	0.00420	0.65347	0.00753	0.00376	0.00923
33	0.01586	0.00793	0.00793	0.00793	0.00991	0.00793	0.00595	0.01983	0.01785	0.03173	0.02776	0.03173	0.02181	0.00991	0.00595	0.00198	0.00397	0.00793	0.74817	0.00793
34	0.02275	0.70604	0.04459	0.01456	0.02184	0.03367	0.01456	0.02548	0.01729	0.02002	0.01183	0.01365	0.01092	0.00728	0.00546	0.00182	0.00910	0.00455	0.00364	0.01092
35	0.01037	0.00741	0.00987	0.01185	0.01234	0.00691	0.00790	0.01185	0.01629	0.02172	0.04690	0.69537	0.05629	0.02666	0.01086	0.00346	0.00494	0.02419	0.00790	0.00691
36	0.02117	0.01828	0.01924	0.01732	0.02213	0.02117	0.01347	0.04522	0.63246	0.03560	0.03464	0.03175	0.02598	0.01155	0.00866	0.00289	0.00673	0.00962	0.00866	0.01347
37	0.03818	0.01448	0.01975	0.01514	0.02172	0.01251	0.01251	0.04147	0.02436	0.65373	0.03357	0.02897	0.02107	0.01053	0.00856	0.00263	0.00724	0.00856	0.01053	0.01448
38	0.02117	0.01828	0.01924	0.01732	0.02213	0.02117	0.01347	0.04522	0.63246	0.03560	0.03464	0.03175	0.02598	0.01155	0.00866	0.00289	0.00673	0.00962	0.00866	0.01347
39	0.02275	0.70604	0.04459	0.01456	0.02184	0.03367	0.01456	0.02548	0.01729	0.02002	0.01183	0.01365	0.01092	0.00728	0.00546	0.00182	0.00910	0.00455	0.00364	0.01092
40	0.01353	0.00845	0.01125	0.01185	0.01336	0.00776	0.00838	0.01589	0.01924	0.08645	0.21094	0.45562	0.05953	0.02253	0.01041	0.00316	0.00491	0.02024	0.00856	0.00796
41	0.01103	0.00790	0.01051	0.01172	0.01273	0.00739	0.00824	0.01336	0.01871	0.02548	0.21813	0.48216	0.06280	0.02383	0.01067	0.00326	0.00483	0.05165	0.00832	0.00728
42	0.01707	0.04402	0.65683	0.02426	0.03683	0.01976	0.03144	0.02695	0.01797	0.02695	0.01527	0.01797	0.01078	0.00809	0.00809	0.00270	0.01258	0.00629	0.00359	0.01258
43	0.01037	0.00741	0.00987	0.01185	0.01234	0.00691	0.00790	0.01185	0.01629	0.02172	0.04690	0.69537	0.05629	0.02666	0.01086	0.00346	0.00494	0.02419	0.00790	0.00691
44	0.22895	0.01500	0.01784	0.01410	0.02033	0.01425	0.01164	0.03713	0.02175	0.49128	0.02784	0.02497	0.01794	0.00984	0.00769	0.00263	0.00707	0.00752	0.00914	0.01309
45	0.02370	0.01954	0.02067	0.01783	0.02309	0.02235	0.01408	0.17530	0.49825	0.03968	0.03142	0.02919	0.02337	0.01124	0.00863	0.00281	0.00733	0.00918	0.00863	0.01370
46	0.01069	0.00764	0.01024	0.01222	0.01285	0.00719	0.00846	0.01240	0.01661	0.02208	0.04673	0.63782	0.05558	0.02636	0.01095	0.00350	0.00522	0.07857	0.00789	0.00700
47	0.01057	0.00755	0.01010	0.01208	0.01266	0.00708	0.00824	0.01219	0.01649	0.02195	0.04680	0.65992	0.05585	0.02647	0.01091	0.00348	0.00511	0.05769	0.00790	0.00697
48	0.01864	0.01979	0.06351	0.05833	0.03263	0.01657	0.24826	0.02504	0.04547	0.02753	0.01680	0.02062	0.01315	0.00708	0.00807	0.00212	0.01004	0.00739	0.00477	0.35420
49	0.01448	0.00970	0.01104	0.01056	0.01153	0.01004	0.00681	0.06974	0.01575	0.02193	0.02678	0.07332	0.02872	0.49041	0.08533	0.00735	0.00897	0.01170	0.07927	0.00656
50	0.01078	0.00768	0.01016	0.01182	0.01248	0.00722	0.00806	0.01251	0.01688	0.02263	0.09375	0.57943	0.05648	0.06197	0.01258	0.00367	0.00519	0.05187	0.00787	0.00696
51	0.02347	0.01788	0.01955	0.01489	0.02178	0.04672	0.01194	0.11417	0.08533	0.11210	0.02017	0.02084	0.01526	0.00807	0.00722	0.00184	0.00736	0.00637	0.00659	0.43847
52	0.01830	0.02231	0.10015	0.02751	0.03427	0.05224	0.35423	0.02522	0.05546	0.02615	0.02443	0.17190	0.02300	0.01194	0.00982	0.00295	0.01168	0.01253	0.00529	0.01061
53	0.01047	0.00748	0.00996	0.01178	0.01237	0.00698	0.00791	0.01210	0.01675	0.02246	0.08218	0.65800	0.05771	0.02611	0.01081	0.00341	0.00488	0.02367	0.00799	0.00698
54	0.01707	0.04402	0.65683	0.02426	0.03683	0.01976	0.03144	0.02695	0.01797	0.02695	0.01527	0.01797	0.01078	0.00809	0.00809	0.00270	0.01258	0.00629	0.00359	0.01258
55	0.01653	0.09086	0.49067	0.02108	0.03124	0.01870	0.02584	0.02465	0.01862	0.02706	0.09807	0.05824	0.02214	0.01018	0.00827	0.00266	0.01080	0.00825	0.00457	0.01156
56	0.01216	0.00877	0.01183	0.01334	0.01485	0.00844	0.01059	0.01517	0.01907	0.02525	0.12960	0.29538	0.08559	0.02365	0.01113	0.00354	0.00615	0.28991	0.00807	0.00751
57	0.02282	0.64603	0.07516	0.01535	0.02279	0.05778	0.01550	0.02589	0.01759	0.02041	0.01206	0.01394	0.01092	0.00738	0.00568	0.00188	0.00952	0.00468	0.00367	0.01096
58	0.01101	0.00798	0.01040	0.01124	0.01245	0.00737	0.00788	0.01352	0.01951	0.02666	0.28322	0.41580	0.09579	0.02276	0.01050	0.00312	0.00454	0.02042	0.00848	0.00737
59	0.03235	0.02384	0.02554	0.01958	0.02639	0.02639	0.01618	0.61946	0.04001	0.05363	0.02043	0.02043	0.01447	0.01022	0.00851	0.00255	0.00936	0.00766	0.00851	0.01447
60	0.01478	0.00739	0.01109	0.01109	0.01109	0.00739	0.00739	0.01109	0.01109	0.01478	0.01478	0.02587	0.01478	0.02956	0.03326	0.75240	0.00739	0.00739	0.00370	0.00370
61	0.03179	0.04056	0.02412	0.02192	0.02631	0.66676	0.01644	0.03398	0.02412	0.02083	0.01315	0.01535	0.01096	0.00877	0.00767	0.00219	0.01535	0.00548	0.00438	0.00987
62	0.04893	0.34474	0.31846	0.01871	0.02832	0.02568	0.02175	0.02592	0.01750	0.02426	0.01355	0.01581	0.01088	0.00762	0.00668	0.00222	0.01043	0.00536	0.00375	0.04944
63	0.01037	0.00741	0.00987	0.01185	0.01234	0.00691	0.00790	0.01185	0.01629	0.02172	0.04690	0.69537	0.05629	0.02666	0.01086	0.00346	0.00494	0.02419	0.00790	0.00691
64	0.01020	0.00840	0.00897	0.00930	0.01170	0.00717	0.00679	0.01232	0.01904	0.02325	0.10346	0.19210	0.51331	0.02230	0.01020	0.00297	0.00441	0.01898	0.00797	0.00717
65	0.76103	0.01646	0.01251	0.01119	0.01646	0.01909	0.00922	0.02502	0.01448	0.03818	0.01185	0.01382	0.00922	0.00790	0.00527	0.00263	0.00658	0.00461	0.00527	0.00922
66	0.76103	0.01646	0.01251	0.01119	0.01646	0.01909	0.00922	0.02502	0.01448	0.03818	0.01185	0.01382	0.00922	0.00790	0.00527	0.00263	0.00658	0.00461	0.00527	0.00922
67	0.02952	0.02111	0.02252	0.01758	0.02356	0.02322	0.01442	0.51661	0.03621	0.04988	0.02169	0.02237	0.01573	0.01016	0.00807	0.00246	0.00844	0.00771	0.13538	0.01335
68	0.01045	0.00747	0.00995	0.01179	0.01236	0.00697	0.00791	0.01206	0.01669	0.02236	0.07732	0.66315	0.05751	0.02619	0.01082	0.00342	0.00489	0.02374	0.00797	0.00697
69	0.05968	0.01835	0.02720	0.19589	0.31950	0.05003	0.02170	0.02606	0.04326	0.05851	0.01998	0.02914	0.01705	0.00979	0.00859	0.00275	0.00997	0.06594	0.00503	0.01157
70	0.03566	0.01478	0.01952	0.01531	0.02151	0.01335	0.01251	0.06702	0.05735	0.56233	0.03366	0.06078	0.02272	0.01135	0.00867	0.00268	0.00720	0.00933	0.01021	0.01406
71	0.01035	0.00746	0.00982	0.01170	0.01230	0.00692	0.00783	0.01187	0.01644	0.02178	0.04874	0.66677	0.08370	0.02642	0.01082	0.00343	0.00491	0.02390	0.00790	0.00692
72	0.02321	0.01929	0.02039	0.01773	0.02291	0.02212	0.01396	0.14992	0.52444	0.03889	0.03205	0.02969	0.02388	0.01130	0.00863	0.00283	0.00721	0.00926	0.00863	0.01365
73	0.02717	0.01903	0.02083	0.01655	0.02170	0.02057	0.01320	0.42065	0.03275	0.07619	0.07861	0.03050	0.02351	0.11450	0.01377	0.00340	0.00839	0.00912	0.03732	0.01224
74	0.01862	0.01862	0.02607	0.02234	0.02234	0.02607	0.01862	0.02048	0.01303	0.02048	0.01117	0.01862	0.01117	0.01489	0.02793	0.00372	0.68535	0.00745	0.00372	0.00931
75	0.01063	0.00756	0.01003	0.01192	0.01246	0.00712	0.00806	0.01216	0.01627	0.02166	0.04588	0.63626	0.05475	0.05794	0.01242	0.00370	0.00523	0.05132	0.00777	0.00688
76	0.02141	0.02350	0.04374	0.03195	0.03946	0.07323	0.48270	0.05852	0.02108	0.02810	0.01735	0.02248	0.01322	0.00790	0.01027	0.00279	0.03995	0.00934	0.04179	0.01124
77	0.01968	0.02077	0.02846	0.02368	0.02530	0.08505	0.10039	0.02229	0.01520	0.02151	0.01386	0.05046	0.01349	0.01380	0.02275	0.00345	0.49786	0.00840	0.00406	0.00955
78	0.01321	0.00901	0.01189	0.01128	0.01346	0.00835	0.00866	0.01718	0.02374	0.05777	0.57122	0.06482	0.07545	0.01762	0.01012	0.00277	0.00445	0.06143	0.00929	0.00827
79	0.44527	0.02187	0.04925	0.01466	0.02029	0.10256	0.01243	0.14054	0.02101	0.03799	0.01479	0.01656	0.01128	0.00859	0.00638	0.00253	0.00839	0.00559	0.04964	0.01041
80	0.34604	0.01823	0.05272	0.05757	0.22822	0.01825	0.01652	0.02574	0.01718	0.06435	0.01595	0.01907	0.01243	0.00813	0.00683	0.00256	0.00810	0.00629	0.06485	0.01097
81	0.01064	0.00796	0.00989	0.01085	0.01222	0.00721	0.00759	0.01281	0.01864	0.02459	0.17942	0.41985	0.20024	0.02354	0.01050	0.00316	0.00460	0.02090	0.00820	0.00721
82	0.01826	0.01673	0.02712	0.51616	0.16022	0.01974	0.02347	0.07064	0.01929	0.02538	0.01571	0.02222	0.01197	0.00848	0.00849	0.00276	0.01097	0.00757	0.00424	0.01057
83	0.05262	0.01358	0.01579	0.01426	0.01824	0.01414	0.01130	0.03124	0.24157	0.13934	0.20540	0.04822	0.07152	0.01453	0.00926	0.00288	0.00606	0.07009	0.00891	0.01108
84	0.01037	0.00741	0.00987	0.01185	0.01234	0.00691	0.00790	0.01185	0.01629	0.02172	0.04690	0.69537	0.05629	0.02666	0.01086	0.00346	0.00494	0.02419	0.00790	0.00691
85	0.01785	0.01694	0.02874	0.45672	0.26847	0.01937	0.02452	0.02330	0.01786	0.02390	0.01544	0.02211	0.01210	0.00818	0.00848	0.00273	0.01090	0.00757	0.00393	0.01089
86	0.01067	0.00763	0.01019	0.01195	0.01264	0.00715	0.00821	0.01249	0.01709	0.02292	0.09502	0.61364	0.05785	0.02575	0.01084	0.00342	0.00501	0.05245	0.00802	0.00705
87	0.02323	0.01504	0.01580	0.01313	0.01727	0.01618	0.01052	0.28766	0.02775	0.04151	0.02449	0.02668	0.01853	0.01005	0.00709	0.00224	0.00638	0.00781	0.41779	0.01085
88	0.27131	0.02118	0.02038	0.01653	0.02213	0.05330	0.01355	0.33619	0.02838	0.04422	0.01711	0.01844	0.01274	0.00962	0.00831	0.00260	0.04427	0.00655	0.04125	0.01194
89	0.01586	0.00793	0.00793	0.00793	0.00991	0.00793	0.00595	0.01983	0.01785	0.03173	0.02776	0.03173	0.02181	0.00991	0.00595	0.00198	0.00397	0.00793	0.74817	0.00793
90	0.01607	0.01513	0.02552	0.68047	0.05861	0.01891	0.02363	0.02174	0.01702	0.02174	0.01513	0.02269	0.01134	0.00851	0.00851	0.00284	0.01134	0.00756	0.00378	0.00945
91	0.01037	0.00741	0.00987	0.01185	0.01234	0.00691	0.00790	0.01185	0.01629	0.02172	0.04690	0.69537	0.05629	0.02666	0.01086	0.00346	0.00494	0.02419	0.00790	0.00691
92	0.02823	0.08642	0.02398	0.01891	0.02411	0.28125	0.01490	0.08852	0.22329	0.09130	0.02271	0.02234	0.01716	0.00985	0.00797	0.00246	0.01068	0.00725	0.00668	0.01199
93	0.06505	0.01629	0.01944	0.01545	0.02115	0.04861	0.01256	0.03484	0.05251	0.39390	0.05593	0.02691	0.02105	0.01046	0.00968	0.00252	0.06193	0.00801	0.00851	0.11520
94	0.02048	0.31208	0.17965	0.02389	0.03245	0.02639	0.21291	0.02617	0.01817	0.02389	0.01430	0.01781	0.01154	0.00774	0.00845	0.00243	0.03959	0.00682	0.00385	0.01140
95	0.02275	0.70604	0.04459	0.01456	0.02184	0.03367	0.01456	0.02548	0.01729	0.02002	0.01183	0.01365	0.01092	0.00728	0.00546	0.00182	0.00910	0.00455	0.00364	0.01092
96	0.01103	0.00816	0.01031	0.01082	0.01236	0.00744	0.00771	0.01371	0.02015	0.02724	0.30874	0.32166	0.16565	0.02184	0.01037	0.00302	0.00444	0.01938	0.00853	0.00744
97	0.06234	0.01848	0.05679	0.01664	0.02245	0.01803	0.01409	0.10615	0.27113	0.21014	0.03307	0.03313	0.04828	0.01171	0.00862	0.00280	0.00747	0.03695	0.00863	0.01308
98	0.03706	0.01605	0.05348	0.01562	0.02252	0.01289	0.01351	0.04070	0.02402	0.62054	0.03260	0.02838	0.02052	0.01040	0.00853	0.00264	0.00752	0.00844	0.01017	0.01438
99	0.01045	0.00747	0.00995	0.01179	0.01236	0.00697	0.00791	0.01206	0.01668	0.02235	0.07679	0.66371	0.05749	0.02620	0.01082	0.00342	0.00489	0.02375	0.00797	0.00697
100	0.72221	0.01635	0.01290	0.01140	0.01674	0.01874	0.00939	0.02590	0.01501	0.07124	0.01302	0.01464	0.00985	0.00804	0.00544	0.00263	0.00662	0.00482	0.00555	0.00950
101	0.01869	0.16599	0.51910	0.02238	0.03365	0.04769	0.02774	0.02696	0.01808	0.02543	0.01455	0.01707	0.01081	0.00796	0.00758	0.00251	0.01204	0.00594	0.00363	0.01217
102	0.09884	0.01590	0.01950	0.01532	0.02150	0.01529	0.01257	0.12262	0.05545	0.45071	0.06099	0.02830	0.02234	0.01066	0.00834	0.00264	0.00730	0.00848	0.00963	0.01364
103	0.01046	0.00748	0.00996	0.01179	0.01236	0.00697	0.00791	0.01208	0.01671	0.02239	0.07894	0.66144	0.05757	0.02616	0.01082	0.00341	0.00489	0.02372	0.00798	0.00697
104	0.12807	0.20594	0.05968	0.04818	0.02597	0.02465	0.05078	0.21631	0.02450	0.05659	0.01658	0.01854	0.01280	0.01082	0.03453	0.00282	0.00981	0.00646	0.00581	0.04116
105	0.01891	0.01267	0.04973	0.01126	0.01458	0.01156	0.00936	0.10267	0.02058	0.06555	0.02601	0.03129	0.02085	0.06976	0.04084	0.00321	0.00663	0.00826	0.46707	0.00920
106	0.01300	0.00923	0.01118	0.01128	0.01359	0.00851	0.00849	0.01674	0.04882	0.06037	0.21814	0.21243	0.24572	0.02071	0.01024	0.00303	0.00495	0.06704	0.00847	0.00809
107	0.01733	0.01472	0.01715	0.01241	0.01952	0.01116	0.00979	0.02089	0.01733	0.02707	0.01582	0.01990	0.01369	0.04739	0.00849	0.00167	0.00642	0.00548	0.00505	0.70872
108	0.04266	0.01021	0.01350	0.01380	0.01540	0.01034	0.03103	0.06261	0.01867	0.02585	0.06862	0.50897	0.04871	0.02291	0.01102	0.00333	0.02951	0.04730	0.00764	0.00795
109	0.01070	0.00773	0.01016	0.01168	0.01256	0.00719	0.00807	0.01265	0.01761	0.02357	0.12737	0.55715	0.08929	0.02506	0.01075	0.00334	0.00490	0.04502	0.00809	0.00711
110	0.01707	0.04402	0.65683	0.02426	0.03683	0.01976	0.03144	0.02695	0.01797	0.02695	0.01527	0.01797	0.01078	0.00809	0.00809	0.00270	0.01258	0.00629	0.00359	0.01258
111	0.01253	0.00976	0.01158	0.01130	0.01385	0.00928	0.00875	0.01796	0.08286	0.02983	0.34122	0.06981	0.24552	0.01880	0.01010	0.00290	0.00482	0.08215	0.00867	0.00829
112	0.01053	0.00753	0.01002	0.01174	0.01238	0.00702	0.00791	0.01224	0.01702	0.02289	0.10288	0.63608	0.05854	0.02579	0.01078	0.00338	0.00485	0.02337	0.00804	0.00702
113	0.02275	0.70604	0.04459	0.01456	0.02184	0.03367	0.01456	0.02548	0.01729	0.02002	0.01183	0.01365	0.01092	0.00728	0.00546	0.00182	0.00910	0.00455	0.00364	0.01092
114	0.01037	0.00741	0.00987	0.01185	0.01234	0.00691	0.00790	0.01185	0.01629	0.02172	0.04690	0.69537	0.05629	0.02666	0.01086	0.00346	0.00494	0.02419	0.00790	0.00691
115	0.03235	0.02384	0.02554	0.01958	0.02639	0.02639	0.01618	0.61946	0.04001	0.05363	0.02043	0.02043	0.01447	0.01022	0.00851	0.00255	0.00936	0.00766	0.00851	0.01447
116	0.01478	0.00739	0.01109	0.01109	0.01109	0.00739	0.00739	0.01109	0.01109	0.01478	0.01478	0.02587	0.01478	0.02956	0.03326	0.75240	0.00739	0.00739	0.00370	0.00370
117	0.03179	0.04056	0.02412	0.02192	0.02631	0.66676	0.01644	0.03398	0.02412	0.02083	0.01315	0.01535	0.01096	0.00877	0.00767	0.00219	0.01535	0.00548	0.00438	0.00987
118	0.13044	0.01987	0.02111	0.01667	0.02283	0.05269	0.01364	0.29026	0.02986	0.24513	0.05513	0.02429	0.01912	0.01030	0.00813	0.00258	0.00833	0.00783	0.00857	0.01321
119	0.52048	0.01689	0.01520	0.01282	0.01833	0.01877	0.01054	0.11541	0.01976	0.12279	0.01679	0.01768	0.01218	0.00869	0.00622	0.00259	0.00696	0.00575	0.04149	0.01064
120	0.01116	0.00852	0.01025	0.01012	0.01225	0.00760	0.00747	0.01423	0.02154	0.02880	0.37975	0.14558	0.27196	0.01994	0.01014	0.00284	0.00423	0.01733	0.00869	0.00760
121	0.76103	0.01646	0.01251	0.01119	0.01646	0.01909	0.00922	0.02502	0.01448	0.03818	0.01185	0.01382	0.00922	0.00790	0.00527	0.00263	0.00658	0.00461	0.00527	0.00922

[dist]
# distance from previous block
# <min> <max>
0	1

[block]
# block no. 4 follows, 21 sequences, length 12
# corresponding to MSA columns:
# 242-253
name=unknown_E
#
# <colnr> <probs for GDERKNQSTAVLIFYWHMCP>
#	G	D	E	R	K	N	Q	S	T	A	V	L	I	F	Y	W	H	M	C	P
0	0.62540	0.01689	0.01500	0.01429	0.05387	0.01901	0.01080	0.05623	0.01682	0.08625	0.01421	0.01575	0.01065	0.00820	0.00587	0.00262	0.00698	0.00524	0.00578	0.01014
1	0.17764	0.02479	0.01927	0.01664	0.02176	0.26905	0.01302	0.03409	0.04381	0.22415	0.02097	0.02091	0.01499	0.00932	0.00740	0.00243	0.01005	0.00657	0.05194	0.01120
2	0.01065	0.00753	0.00979	0.01149	0.01191	0.00710	0.00751	0.01192	0.01574	0.02098	0.04406	0.60479	0.05270	0.12213	0.01546	0.00413	0.00541	0.02252	0.00751	0.00666
3	0.01928	0.02116	0.04289	0.12500	0.04297	0.02187	0.43808	0.02540	0.01853	0.02540	0.01596	0.02223	0.01241	0.00859	0.01266	0.00300	0.12029	0.00928	0.00414	0.01085
4	0.27284	0.01819	0.01676	0.01473	0.01806	0.09005	0.01175	0.08203	0.01829	0.03173	0.01660	0.02144	0.01398	0.04982	0.01276	0.00300	0.14487	0.00666	0.14710	0.00935
5	0.01099	0.00764	0.00977	0.01111	0.01172	0.00717	0.00733	0.01190	0.01561	0.02053	0.04520	0.49032	0.10603	0.12188	0.01723	0.06590	0.00555	0.02053	0.00716	0.00642
6	0.01817	0.01216	0.01447	0.01381	0.01672	0.01256	0.01022	0.02746	0.21838	0.11769	0.11046	0.27067	0.04270	0.05941	0.01170	0.00335	0.00594	0.01546	0.00853	0.01015
7	0.35352	0.06123	0.10935	0.07660	0.05484	0.05400	0.01561	0.07106	0.01889	0.03352	0.06569	0.02025	0.01630	0.00894	0.00689	0.00258	0.00864	0.00643	0.00530	0.01036
8	0.02003	0.01997	0.03143	0.05360	0.21324	0.05787	0.15031	0.02450	0.01806	0.02582	0.01600	0.02134	0.01331	0.00930	0.01262	0.00270	0.15868	0.00779	0.07111	0.07232
9	0.01118	0.00835	0.01035	0.01117	0.01261	0.00749	0.00764	0.01293	0.01685	0.02250	0.07563	0.46579	0.13478	0.08448	0.01325	0.00359	0.00522	0.02026	0.00749	0.06843
10	0.01832	0.07490	0.03304	0.07488	0.03145	0.02019	0.22679	0.02289	0.01795	0.02527	0.07208	0.04213	0.01942	0.01030	0.01296	0.00273	0.15953	0.00893	0.00474	0.12148
11	0.02026	0.01564	0.01918	0.07408	0.02401	0.01438	0.01249	0.11655	0.02097	0.06638	0.01810	0.02139	0.01448	0.01534	0.09865	0.00341	0.00958	0.00645	0.00573	0.42293

[dist]
# distance from previous block
# <min> <max>
0	2

[block]
# block no. 5 follows, 21 sequences, length 43
# corresponding to MSA columns:
# 256-280,291-308
name=unknown_F
#
# <colnr> <probs for GDERKNQSTAVLIFYWHMCP>
#	G	D	E	R	K	N	Q	S	T	A	V	L	I	F	Y	W	H	M	C	P
0	0.02348	0.01825	0.02203	0.10203	0.06285	0.01958	0.01565	0.21837	0.16221	0.06311	0.02509	0.05284	0.02037	0.01110	0.00854	0.00262	0.00831	0.04591	0.00727	0.11040
1	0.01158	0.00792	0.01036	0.01159	0.01268	0.00729	0.00799	0.01354	0.01792	0.04604	0.13610	0.53993	0.09641	0.02441	0.01061	0.00328	0.00484	0.02195	0.00821	0.00736
2	0.01767	0.01655	0.02686	0.47693	0.18340	0.01942	0.02315	0.02505	0.07933	0.02446	0.01728	0.02324	0.01328	0.00861	0.00851	0.00277	0.01061	0.00777	0.00437	0.01073
3	0.01955	0.08484	0.52966	0.02297	0.03441	0.02159	0.02823	0.10837	0.02096	0.03017	0.01576	0.01802	0.01130	0.00833	0.00797	0.00262	0.01191	0.00636	0.00427	0.01273
4	0.01349	0.00980	0.01191	0.01254	0.01404	0.00969	0.00878	0.09550	0.01955	0.02590	0.04487	0.52302	0.09029	0.06253	0.01233	0.00356	0.00569	0.02081	0.00783	0.00787
5	0.01841	0.01778	0.02462	0.10705	0.02678	0.02391	0.01828	0.02386	0.09879	0.02270	0.01533	0.02148	0.01359	0.01534	0.04551	0.00385	0.48062	0.00782	0.00444	0.00984
6	0.01061	0.00764	0.01040	0.01210	0.01274	0.00742	0.00828	0.01231	0.01593	0.02145	0.04359	0.60430	0.05147	0.03177	0.10116	0.00486	0.00739	0.02212	0.00744	0.00701
7	0.01183	0.00852	0.01123	0.01121	0.01294	0.00793	0.00834	0.01537	0.02237	0.03130	0.49671	0.18322	0.07396	0.01949	0.01029	0.00290	0.00441	0.05116	0.00900	0.00781
8	0.02894	0.27255	0.02781	0.01425	0.02047	0.02077	0.01263	0.07343	0.02193	0.28899	0.02372	0.02302	0.01691	0.00921	0.00704	0.00223	0.00764	0.00691	0.10930	0.01225
9	0.01506	0.00803	0.00803	0.00803	0.01013	0.00783	0.00602	0.01878	0.01806	0.03053	0.03580	0.03863	0.10746	0.01152	0.00651	0.00211	0.00401	0.00931	0.64632	0.00783
10	0.06248	0.02181	0.08948	0.05674	0.03759	0.01944	0.40245	0.02507	0.01974	0.02834	0.10257	0.02743	0.02166	0.00904	0.01021	0.00285	0.03740	0.00995	0.00496	0.01079
11	0.01061	0.00764	0.01040	0.01210	0.01274	0.00742	0.00828	0.01231	0.01593	0.02145	0.04359	0.60430	0.05147	0.03177	0.10116	0.00486	0.00739	0.02212	0.00744	0.00701
12	0.02405	0.11451	0.02384	0.01722	0.02268	0.04657	0.01402	0.17003	0.36703	0.03682	0.02725	0.02613	0.02061	0.01049	0.00804	0.00260	0.00784	0.00826	0.03904	0.01298
13	0.02623	0.06742	0.21558	0.01708	0.02498	0.01568	0.01766	0.03209	0.04283	0.31161	0.03383	0.03198	0.10318	0.01112	0.00842	0.00264	0.00858	0.00893	0.00753	0.01263
14	0.02874	0.01573	0.05433	0.01547	0.02103	0.01371	0.01297	0.03633	0.14440	0.38351	0.05817	0.12191	0.02860	0.01308	0.00893	0.00280	0.00700	0.01106	0.00936	0.01288
15	0.02180	0.61000	0.03955	0.01365	0.02020	0.03013	0.01338	0.02470	0.01737	0.02163	0.01402	0.01614	0.01242	0.00764	0.00553	0.00184	0.00839	0.00502	0.10607	0.01051
16	0.06740	0.01391	0.01755	0.01451	0.01993	0.01286	0.01201	0.07870	0.02378	0.40702	0.03988	0.04365	0.10497	0.01359	0.00902	0.00284	0.00707	0.08958	0.00939	0.01235
17	0.02472	0.05317	0.05893	0.02105	0.09982	0.01926	0.01571	0.13234	0.20728	0.14561	0.10475	0.03040	0.02692	0.01099	0.00857	0.00265	0.00779	0.00914	0.00797	0.01295
18	0.02552	0.01362	0.01704	0.01393	0.01907	0.01247	0.01107	0.06051	0.08279	0.29322	0.14783	0.08280	0.05586	0.01286	0.00875	0.00254	0.00630	0.01086	0.00899	0.11397
19	0.01339	0.00967	0.01203	0.01291	0.01428	0.00959	0.00904	0.09544	0.01956	0.02611	0.04326	0.60251	0.05053	0.02440	0.01054	0.00333	0.00555	0.02192	0.00798	0.00795
20	0.67781	0.01685	0.01372	0.01194	0.01737	0.01925	0.00983	0.06496	0.01665	0.06921	0.01347	0.01500	0.01014	0.00818	0.00564	0.00263	0.00680	0.00500	0.00574	0.00982
21	0.35974	0.02227	0.13458	0.06473	0.06844	0.01938	0.08967	0.05455	0.01784	0.03309	0.01600	0.02194	0.01299	0.00891	0.00732	0.00275	0.00935	0.04088	0.00500	0.01056
22	0.02135	0.01151	0.01483	0.01357	0.01724	0.01073	0.01092	0.04783	0.04192	0.22693	0.15353	0.12265	0.11676	0.01747	0.00991	0.00303	0.00626	0.13427	0.00904	0.01024
23	0.01205	0.00822	0.01075	0.01139	0.01280	0.00756	0.00806	0.01458	0.01965	0.05084	0.26979	0.40456	0.09303	0.02234	0.01043	0.00311	0.00465	0.02001	0.00855	0.00763
24	0.02621	0.01716	0.01931	0.01530	0.02092	0.01734	0.01233	0.29131	0.02853	0.12707	0.02478	0.08115	0.01982	0.01096	0.00795	0.00233	0.00733	0.00881	0.12246	0.13893
25	0.09208	0.01365	0.01589	0.01429	0.01808	0.01398	0.01114	0.13597	0.06285	0.14838	0.10377	0.23101	0.03783	0.01659	0.00928	0.00296	0.00653	0.04671	0.00846	0.01055
26	0.01151	0.00855	0.01230	0.01365	0.01479	0.00814	0.03247	0.01378	0.01720	0.02280	0.04534	0.53093	0.05294	0.02519	0.01104	0.00354	0.00597	0.15481	0.00775	0.00730
27	0.02030	0.01698	0.01951	0.01473	0.02144	0.01551	0.01186	0.11490	0.08346	0.03205	0.01769	0.01957	0.01417	0.00794	0.00816	0.00177	0.04711	0.00605	0.00586	0.52093
28	0.14900	0.01796	0.02069	0.19472	0.07059	0.06067	0.01595	0.14067	0.02164	0.03289	0.01756	0.02151	0.01356	0.00931	0.00855	0.00258	0.04747	0.00700	0.13726	0.01041
29	0.01037	0.00741	0.00987	0.01185	0.01234	0.00691	0.00790	0.01185	0.01629	0.02172	0.04690	0.69537	0.05629	0.02666	0.01086	0.00346	0.00494	0.02419	0.00790	0.00691
30	0.04920	0.02397	0.25412	0.09811	0.02762	0.01570	0.01864	0.07254	0.01948	0.03080	0.02026	0.02378	0.01526	0.00900	0.00725	0.00243	0.00865	0.00711	0.28565	0.01045
31	0.01280	0.05572	0.05578	0.01203	0.01483	0.01028	0.00997	0.01672	0.02202	0.03080	0.46770	0.15652	0.06748	0.01759	0.00974	0.00275	0.00505	0.01547	0.00839	0.00834
32	0.01037	0.00741	0.00987	0.01185	0.01234	0.00691	0.00790	0.01185	0.01629	0.02172	0.04690	0.69537	0.05629	0.02666	0.01086	0.00346	0.00494	0.02419	0.00790	0.00691
33	0.02308	0.68168	0.04384	0.01483	0.02201	0.05685	0.01463	0.02579	0.01754	0.02005	0.01188	0.01371	0.01092	0.00734	0.00554	0.00183	0.00933	0.00458	0.00367	0.01088
34	0.01100	0.00815	0.01027	0.01081	0.01235	0.00742	0.00770	0.01364	0.02003	0.02703	0.29819	0.32872	0.16945	0.02197	0.01038	0.00303	0.00445	0.01949	0.00850	0.00742
35	0.03235	0.02384	0.02554	0.01958	0.02639	0.02639	0.01618	0.61946	0.04001	0.05363	0.02043	0.02043	0.01447	0.01022	0.00851	0.00255	0.00936	0.00766	0.00851	0.01447
36	0.05298	0.01702	0.01502	0.01321	0.01697	0.11292	0.01030	0.13029	0.05940	0.06991	0.02435	0.02637	0.01857	0.00984	0.00694	0.00223	0.00710	0.00751	0.38893	0.01013
37	0.03179	0.04056	0.02412	0.02192	0.02631	0.66676	0.01644	0.03398	0.02412	0.02083	0.01315	0.01535	0.01096	0.00877	0.00767	0.00219	0.01535	0.00548	0.00438	0.00987
38	0.01920	0.01653	0.02299	0.10546	0.18186	0.01503	0.01602	0.02452	0.04875	0.04934	0.01696	0.02022	0.01363	0.00730	0.00730	0.00190	0.00793	0.00634	0.00505	0.41366
39	0.01616	0.01747	0.05396	0.06722	0.02909	0.04796	0.22093	0.02044	0.01821	0.02407	0.03091	0.25381	0.06789	0.01527	0.01075	0.00300	0.04326	0.01446	0.00570	0.03943
40	0.01444	0.00993	0.01378	0.01391	0.01570	0.00956	0.03875	0.05500	0.01862	0.06482	0.04169	0.49594	0.04729	0.05758	0.01224	0.00359	0.00623	0.06504	0.00779	0.00810
41	0.12150	0.01677	0.01884	0.01662	0.04580	0.01770	0.01272	0.15926	0.15940	0.17013	0.10144	0.03294	0.06677	0.01175	0.00841	0.00269	0.00705	0.00946	0.00844	0.01231
42	0.11040	0.05809	0.10057	0.06352	0.11830	0.02176	0.29557	0.05507	0.01953	0.02903	0.01577	0.02033	0.01216	0.00790	0.00931	0.00274	0.03590	0.00807	0.00446	0.01152

[dist]
# distance from previous block
# <min> <max>
0	21

[block]
# block no. 6 follows, 21 sequences, length 33
# corresponding to MSA columns:
# 330-362
name=unknown_G
#
# <colnr> <probs for GDERKNQSTAVLIFYWHMCP>
#	G	D	E	R	K	N	Q	S	T	A	V	L	I	F	Y	W	H	M	C	P
0	0.57475	0.01567	0.01409	0.04832	0.01925	0.01754	0.01035	0.02707	0.01628	0.12998	0.01609	0.01747	0.01174	0.00843	0.00597	0.00261	0.00682	0.00553	0.04209	0.00996
1	0.01182	0.00817	0.01004	0.01059	0.01118	0.00792	0.00688	0.01313	0.01584	0.02143	0.13705	0.24105	0.04740	0.35804	0.02680	0.00572	0.00657	0.04729	0.00679	0.00628
2	0.10304	0.02331	0.15762	0.26924	0.08238	0.04342	0.05740	0.02678	0.08567	0.02706	0.01786	0.02329	0.01384	0.00896	0.00821	0.00277	0.01070	0.02293	0.00464	0.01089
3	0.08903	0.15790	0.24601	0.02061	0.02852	0.09482	0.08741	0.02566	0.01862	0.02588	0.04836	0.02304	0.05192	0.00942	0.00854	0.00254	0.03908	0.00732	0.00447	0.01085
4	0.01098	0.00789	0.01019	0.01141	0.01233	0.00738	0.00787	0.01291	0.01760	0.02361	0.14852	0.46395	0.09278	0.08628	0.01368	0.00375	0.00519	0.04878	0.00790	0.00700
5	0.07086	0.01410	0.01673	0.01396	0.01865	0.01403	0.01097	0.06532	0.13542	0.29493	0.09036	0.03470	0.02788	0.08887	0.01226	0.00327	0.00680	0.00953	0.05954	0.01185
6	0.02962	0.01774	0.02073	0.01642	0.02238	0.01784	0.01327	0.27976	0.04983	0.23812	0.02789	0.10775	0.02202	0.01203	0.00861	0.00257	0.00774	0.00982	0.00874	0.08713
7	0.03206	0.02161	0.02748	0.02072	0.02771	0.02261	0.09435	0.41099	0.03385	0.18576	0.02298	0.02269	0.01576	0.00989	0.00872	0.00261	0.00954	0.00818	0.00842	0.01408
8	0.01057	0.00749	0.00981	0.01159	0.01203	0.00705	0.00762	0.01190	0.01590	0.02119	0.04486	0.63043	0.05371	0.09511	0.01416	0.00394	0.00527	0.02299	0.00762	0.00673
9	0.02956	0.02380	0.02499	0.06768	0.06575	0.08819	0.01678	0.45033	0.03435	0.04536	0.01946	0.02074	0.01424	0.00977	0.00828	0.00251	0.00985	0.00745	0.04766	0.01325
10	0.02355	0.02104	0.02716	0.02399	0.06755	0.09317	0.07251	0.08576	0.01937	0.09552	0.01640	0.02104	0.01350	0.01496	0.05659	0.00375	0.32038	0.00772	0.00518	0.01085
11	0.02890	0.01753	0.01932	0.01626	0.02166	0.06071	0.01291	0.04100	0.28347	0.30910	0.06991	0.03134	0.02609	0.01126	0.00863	0.00271	0.00738	0.00922	0.00924	0.01334
12	0.02302	0.01603	0.01951	0.05578	0.02338	0.01557	0.01283	0.05891	0.15053	0.15763	0.04756	0.02524	0.01974	0.00953	0.00890	0.00224	0.04614	0.00755	0.00711	0.29280
13	0.11430	0.02075	0.02715	0.10264	0.03150	0.02237	0.11242	0.30754	0.05103	0.07165	0.01921	0.02107	0.01389	0.00916	0.00830	0.00262	0.00977	0.00769	0.00684	0.04013
14	0.01035	0.00747	0.00981	0.01167	0.01230	0.00693	0.00782	0.01187	0.01646	0.02179	0.04904	0.66206	0.08821	0.02638	0.01082	0.00342	0.00490	0.02385	0.00790	0.00693
15	0.02162	0.01921	0.02527	0.15289	0.20649	0.04414	0.01919	0.06325	0.27292	0.04938	0.02415	0.02577	0.01841	0.00965	0.00852	0.00273	0.00902	0.00837	0.00637	0.01266
16	0.02260	0.01685	0.01859	0.01630	0.02105	0.01866	0.01277	0.07235	0.44564	0.11045	0.11526	0.03506	0.03203	0.01214	0.00882	0.00281	0.00658	0.01016	0.00897	0.01292
17	0.01037	0.00741	0.00987	0.01185	0.01234	0.00691	0.00790	0.01185	0.01629	0.02172	0.04690	0.69537	0.05629	0.02666	0.01086	0.00346	0.00494	0.02419	0.00790	0.00691
18	0.01756	0.01665	0.02787	0.48728	0.18251	0.01940	0.04208	0.02421	0.05314	0.02402	0.01651	0.02287	0.01270	0.00844	0.00855	0.00277	0.01091	0.00776	0.00417	0.01061
19	0.01066	0.00759	0.01008	0.01195	0.01251	0.00715	0.00812	0.01222	0.01630	0.02170	0.04583	0.62902	0.05464	0.05871	0.01247	0.00371	0.00527	0.05742	0.00776	0.00688
20	0.02232	0.02197	0.03840	0.02872	0.03462	0.02379	0.32643	0.15251	0.02246	0.03109	0.01627	0.02124	0.01278	0.00991	0.01454	0.00303	0.19449	0.00883	0.00505	0.01153
21	0.06370	0.11183	0.02161	0.05454	0.02242	0.01593	0.01322	0.03170	0.05727	0.31814	0.03107	0.08299	0.02550	0.01300	0.00861	0.00280	0.00762	0.09805	0.00818	0.01181
22	0.01560	0.00798	0.00817	0.00812	0.01011	0.00794	0.00609	0.01957	0.01827	0.03189	0.06990	0.03391	0.02582	0.01043	0.00623	0.00203	0.00397	0.00844	0.69759	0.00794
23	0.76103	0.01646	0.01251	0.01119	0.01646	0.01909	0.00922	0.02502	0.01448	0.03818	0.01185	0.01382	0.00922	0.00790	0.00527	0.00263	0.00658	0.00461	0.00527	0.00922
24	0.01037	0.00741	0.00987	0.01185	0.01234	0.00691	0.00790	0.01185	0.01629	0.02172	0.04690	0.69537	0.05629	0.02666	0.01086	0.00346	0.00494	0.02419	0.00790	0.00691
25	0.06364	0.05719	0.06029	0.04508	0.02635	0.12467	0.05774	0.06484	0.27728	0.07381	0.02531	0.02692	0.01943	0.01034	0.00831	0.00270	0.00948	0.02765	0.00685	0.01211
26	0.02066	0.01926	0.07793	0.09792	0.10095	0.01673	0.11997	0.02829	0.09380	0.10101	0.06271	0.02567	0.01966	0.00887	0.00838	0.00243	0.00920	0.00824	0.00593	0.17240
27	0.06182	0.43850	0.11158	0.01628	0.02332	0.02643	0.03893	0.02509	0.01774	0.05391	0.01791	0.06686	0.01676	0.00986	0.00684	0.00229	0.00913	0.04135	0.00463	0.01077
28	0.08878	0.06013	0.02269	0.01707	0.02221	0.04816	0.01410	0.35394	0.02958	0.04217	0.01917	0.02094	0.01454	0.01023	0.00960	0.00253	0.07764	0.00716	0.12731	0.01206
29	0.01035	0.00749	0.00979	0.01162	0.01228	0.00693	0.00780	0.01188	0.01651	0.02181	0.04967	0.65221	0.09766	0.02630	0.01081	0.00342	0.00489	0.02375	0.00790	0.00693
30	0.05176	0.10183	0.05257	0.01996	0.02527	0.08760	0.10513	0.08220	0.02105	0.13374	0.02262	0.02459	0.05153	0.01062	0.01149	0.00269	0.12744	0.00800	0.04873	0.01115
