[name]
unknown

[dist]
# distance from previous block
# <min> <max>
26	46

[block]
# block no. 0 follows, 23 sequences, length 25
# corresponding to MSA columns:
# 54-78
name=unknown_A
#
# <colnr> <probs for GDERKNQSTAVLIFYWHMCP>
#	G	D	E	R	K	N	Q	S	T	A	V	L	I	F	Y	W	H	M	C	P
0	0.02164	0.01978	0.03169	0.04530	0.57169	0.02013	0.02353	0.11355	0.02132	0.03008	0.01587	0.02000	0.01299	0.00759	0.00805	0.00241	0.00954	0.00724	0.00461	0.01299
1	0.03081	0.02379	0.02426	0.01882	0.02516	0.06896	0.01544	0.59686	0.03714	0.04905	0.01902	0.01916	0.01358	0.00965	0.00806	0.00241	0.00931	0.00717	0.00785	0.01351
2	0.01938	0.01908	0.03408	0.12419	0.50196	0.01931	0.11292	0.02457	0.01831	0.02575	0.01533	0.02053	0.01253	0.00728	0.00827	0.00249	0.01036	0.00757	0.00398	0.01212
3	0.00963	0.00806	0.00838	0.00864	0.01107	0.00681	0.00635	0.01160	0.01809	0.02175	0.07703	0.16518	0.57717	0.02122	0.00970	0.00282	0.00419	0.01794	0.00753	0.00681
4	0.02962	0.02212	0.02366	0.01842	0.02470	0.02459	0.01513	0.56869	0.10862	0.04916	0.02104	0.02073	0.01506	0.00989	0.00813	0.00247	0.00864	0.00752	0.00813	0.01369
5	0.66279	0.01551	0.01264	0.01087	0.01620	0.01713	0.00891	0.02336	0.01425	0.03496	0.01175	0.01371	0.00926	0.00731	0.00516	0.00232	0.00624	0.00445	0.00499	0.11820
6	0.01509	0.00909	0.01200	0.01082	0.01337	0.00827	0.00827	0.01882	0.02301	0.12481	0.56902	0.05583	0.06839	0.01564	0.00937	0.00255	0.00427	0.01373	0.00909	0.00855
7	0.01706	0.14010	0.58154	0.02179	0.03305	0.02076	0.02765	0.02549	0.01704	0.02474	0.01409	0.01654	0.01030	0.00760	0.00735	0.00245	0.01151	0.00576	0.00343	0.01176
8	0.01582	0.06717	0.54898	0.02085	0.03116	0.01781	0.02603	0.02413	0.01795	0.02639	0.10786	0.02324	0.01988	0.00896	0.00787	0.00253	0.01066	0.00718	0.00423	0.01129
9	0.00989	0.00706	0.00942	0.01130	0.01177	0.00659	0.00753	0.01130	0.01554	0.02071	0.04472	0.70954	0.05367	0.02542	0.01036	0.00330	0.00471	0.02307	0.00753	0.00659
10	0.00989	0.00706	0.00942	0.01130	0.01177	0.00659	0.00753	0.01130	0.01554	0.02071	0.04472	0.70954	0.05367	0.02542	0.01036	0.00330	0.00471	0.02307	0.00753	0.00659
11	0.04808	0.13902	0.55441	0.02128	0.03225	0.02074	0.02678	0.02542	0.01690	0.02518	0.01395	0.01637	0.01024	0.00759	0.00724	0.00245	0.01128	0.00569	0.00350	0.01163
12	0.01677	0.07356	0.59259	0.02355	0.03500	0.01963	0.07695	0.02565	0.01726	0.02540	0.01455	0.01731	0.01045	0.00760	0.00773	0.00254	0.01196	0.00620	0.00348	0.01183
13	0.01180	0.00787	0.00885	0.00885	0.00885	0.00787	0.00492	0.01180	0.01180	0.01573	0.02557	0.05310	0.02950	0.71483	0.04130	0.00787	0.00787	0.01180	0.00492	0.00492
14	0.01532	0.01442	0.02434	0.69533	0.05589	0.01803	0.02253	0.02073	0.01622	0.02073	0.01442	0.02163	0.01082	0.00811	0.00811	0.00270	0.01082	0.00721	0.00361	0.00901
15	0.01979	0.02009	0.03757	0.04497	0.47146	0.01966	0.21395	0.02524	0.01869	0.02635	0.01562	0.02064	0.01269	0.00711	0.00851	0.00251	0.01089	0.00796	0.00404	0.01226
16	0.01915	0.02189	0.04788	0.03420	0.04241	0.02052	0.63475	0.02599	0.01915	0.02599	0.01642	0.02189	0.01231	0.00684	0.00958	0.00274	0.01368	0.00958	0.00410	0.01094
17	0.00989	0.00706	0.00942	0.01130	0.01177	0.00659	0.00753	0.01130	0.01554	0.02071	0.04472	0.70954	0.05367	0.02542	0.01036	0.00330	0.00471	0.02307	0.00753	0.00659
18	0.01915	0.02189	0.04788	0.03420	0.04241	0.02052	0.63475	0.02599	0.01915	0.02599	0.01642	0.02189	0.01231	0.00684	0.00958	0.00274	0.01368	0.00958	0.00410	0.01094
19	0.01899	0.02142	0.04525	0.03273	0.04000	0.02101	0.56428	0.02525	0.01838	0.02525	0.01576	0.02142	0.01212	0.00768	0.01152	0.00283	0.09206	0.00929	0.00404	0.01071
20	0.01974	0.44580	0.24642	0.01847	0.02715	0.02691	0.06811	0.02488	0.01691	0.02177	0.01275	0.01505	0.01052	0.00718	0.00636	0.00208	0.01014	0.00529	0.00351	0.01096
21	0.01892	0.11453	0.16850	0.02947	0.03825	0.02167	0.43840	0.02572	0.01842	0.02506	0.01540	0.01984	0.01168	0.00702	0.00866	0.00258	0.01272	0.00822	0.00389	0.01108
22	0.02778	0.01825	0.05158	0.01938	0.02602	0.01687	0.13345	0.10604	0.13776	0.30267	0.02623	0.02514	0.01795	0.00929	0.00833	0.00253	0.00853	0.00828	0.00784	0.04607
23	0.04316	0.03642	0.04777	0.01420	0.01754	0.01329	0.01186	0.04590	0.01588	0.07371	0.02154	0.08037	0.01976	0.03569	0.33959	0.00763	0.06680	0.00875	0.00516	0.09499
24	0.04703	0.02048	0.02483	0.21024	0.12782	0.13710	0.04804	0.09754	0.01981	0.02561	0.01535	0.02048	0.01249	0.01465	0.08642	0.00376	0.06675	0.00705	0.00447	0.01011

[dist]
# distance from previous block
# <min> <max>
0	23

[block]
# block no. 1 follows, 23 sequences, length 65
# corresponding to MSA columns:
# 102-166
name=unknown_B
#
# <colnr> <probs for GDERKNQSTAVLIFYWHMCP>
#	G	D	E	R	K	N	Q	S	T	A	V	L	I	F	Y	W	H	M	C	P
0	0.05123	0.05815	0.14497	0.01896	0.02579	0.01663	0.10815	0.02962	0.04193	0.25195	0.06920	0.02489	0.01954	0.00951	0.00933	0.00254	0.05759	0.00793	0.00656	0.04550
1	0.30638	0.10713	0.16580	0.01655	0.02376	0.01983	0.05946	0.05399	0.04595	0.10796	0.01621	0.01743	0.01186	0.00801	0.00662	0.00245	0.00855	0.00590	0.00530	0.01085
2	0.18375	0.28692	0.19981	0.01555	0.02339	0.02263	0.01661	0.02538	0.01658	0.07141	0.01385	0.01545	0.01083	0.00743	0.00610	0.00214	0.00872	0.00510	0.00436	0.06397
3	0.07139	0.08395	0.04887	0.01203	0.01597	0.01223	0.01027	0.02174	0.02141	0.14642	0.40167	0.04424	0.05145	0.01333	0.00845	0.00246	0.00546	0.01128	0.00802	0.00935
4	0.24320	0.01496	0.01547	0.01326	0.01788	0.01602	0.01064	0.11689	0.12088	0.14056	0.08554	0.03243	0.06818	0.03813	0.00885	0.00281	0.00652	0.02979	0.00744	0.01056
5	0.07612	0.61978	0.03867	0.01369	0.02045	0.02969	0.01338	0.02534	0.01677	0.06628	0.01275	0.01406	0.01098	0.00720	0.00540	0.00185	0.00838	0.00461	0.00405	0.01054
6	0.02609	0.01957	0.06219	0.08601	0.02634	0.01949	0.01539	0.32500	0.07392	0.13888	0.09986	0.02661	0.02270	0.01042	0.00829	0.00252	0.00820	0.00838	0.00777	0.01238
7	0.01513	0.00756	0.00756	0.00756	0.00945	0.00756	0.00567	0.01891	0.01702	0.03025	0.02647	0.03025	0.02080	0.00945	0.00567	0.00189	0.00378	0.00756	0.75988	0.00756
8	0.01282	0.00832	0.01086	0.01079	0.01262	0.00760	0.00787	0.01571	0.02032	0.07815	0.37856	0.27109	0.09596	0.01917	0.00972	0.00280	0.00437	0.01704	0.00849	0.00775
9	0.40845	0.01986	0.04659	0.01429	0.01990	0.06112	0.01215	0.19754	0.02231	0.06938	0.04744	0.01831	0.01432	0.00879	0.00654	0.00247	0.00772	0.00604	0.00621	0.01057
10	0.14120	0.43778	0.05804	0.06268	0.02334	0.02743	0.01467	0.06223	0.01714	0.02427	0.01210	0.01455	0.01041	0.00784	0.00718	0.00213	0.05777	0.00500	0.00402	0.01022
11	0.01178	0.00796	0.00930	0.00930	0.00946	0.00811	0.00548	0.01209	0.01193	0.01607	0.02515	0.05080	0.02850	0.64383	0.11094	0.00843	0.00937	0.01146	0.00485	0.00517
12	0.06228	0.22539	0.02903	0.05184	0.05918	0.20707	0.01559	0.20357	0.02451	0.02987	0.01436	0.01613	0.01148	0.00824	0.00691	0.00216	0.01043	0.00574	0.00512	0.01110
13	0.03440	0.01601	0.02007	0.01550	0.02175	0.01532	0.01277	0.17605	0.05525	0.49963	0.02920	0.02588	0.01887	0.01002	0.00815	0.00250	0.00734	0.00801	0.00952	0.01376
14	0.02421	0.01230	0.01596	0.01405	0.04042	0.01132	0.01065	0.07883	0.02332	0.31526	0.20376	0.07419	0.11330	0.01366	0.00880	0.00258	0.00592	0.01158	0.00894	0.01095
15	0.23310	0.03369	0.43361	0.05076	0.03136	0.01955	0.02377	0.02609	0.01736	0.03027	0.01574	0.01916	0.01196	0.00911	0.00784	0.00294	0.01083	0.00628	0.00465	0.01191
16	0.06490	0.15776	0.32498	0.02021	0.02932	0.02222	0.06243	0.14216	0.02123	0.05940	0.01563	0.01739	0.01147	0.00799	0.00732	0.00240	0.01035	0.00619	0.00477	0.01188
17	0.01711	0.01563	0.02375	0.42886	0.04218	0.01982	0.01995	0.07724	0.01715	0.02315	0.01445	0.02115	0.01165	0.01303	0.05495	0.00353	0.17573	0.00729	0.00406	0.00931
18	0.00959	0.00822	0.00822	0.00822	0.01096	0.00685	0.00617	0.01165	0.01850	0.02192	0.08220	0.07809	0.66092	0.02055	0.00959	0.00274	0.00411	0.01713	0.00754	0.00685
19	0.00959	0.00822	0.00822	0.00822	0.01096	0.00685	0.00617	0.01165	0.01850	0.02192	0.08220	0.07809	0.66092	0.02055	0.00959	0.00274	0.00411	0.01713	0.00754	0.00685
20	0.01568	0.01496	0.02578	0.64036	0.07719	0.01819	0.05196	0.02113	0.01645	0.02119	0.01455	0.02159	0.01096	0.00802	0.00818	0.00270	0.01091	0.00733	0.00364	0.00924
21	0.03153	0.01490	0.01869	0.01506	0.02083	0.01441	0.01220	0.04062	0.21130	0.47889	0.03232	0.02842	0.02149	0.01033	0.00819	0.00258	0.00676	0.00846	0.00951	0.01352
22	0.02162	0.01680	0.02629	0.24123	0.28261	0.01790	0.02071	0.08758	0.02046	0.11829	0.01932	0.02548	0.01519	0.00899	0.00826	0.00259	0.00943	0.04030	0.00535	0.01159
23	0.02894	0.12316	0.02104	0.01358	0.01921	0.01427	0.01140	0.03203	0.02148	0.43063	0.10442	0.05996	0.02655	0.01086	0.00787	0.00237	0.00667	0.00887	0.00852	0.04817
24	0.03085	0.02273	0.02435	0.01867	0.02516	0.02516	0.01542	0.63716	0.03815	0.05114	0.01948	0.01948	0.01380	0.00974	0.00812	0.00244	0.00893	0.00731	0.00812	0.01380
25	0.00967	0.00822	0.00833	0.00831	0.01101	0.00689	0.00623	0.01181	0.01869	0.02238	0.10742	0.07733	0.63541	0.02038	0.00959	0.00273	0.00410	0.01702	0.00760	0.00689
26	0.01642	0.04096	0.64138	0.02368	0.03549	0.01893	0.06038	0.02571	0.01723	0.02571	0.01465	0.01737	0.01038	0.00767	0.00780	0.00258	0.01208	0.00618	0.00346	0.01194
27	0.01728	0.01863	0.03861	0.16131	0.04135	0.01835	0.43872	0.02318	0.01814	0.02432	0.01944	0.10489	0.01701	0.00933	0.00938	0.00280	0.01203	0.01074	0.00442	0.01004
28	0.77215	0.01569	0.01193	0.01067	0.01569	0.01820	0.00879	0.02385	0.01381	0.03641	0.01130	0.01318	0.00879	0.00753	0.00502	0.00251	0.00628	0.00439	0.00502	0.00879
29	0.03641	0.01381	0.01883	0.01444	0.02071	0.01193	0.01193	0.03954	0.02322	0.66984	0.03201	0.02762	0.02009	0.01004	0.00816	0.00251	0.00690	0.00816	0.01004	0.01381
30	0.02400	0.01658	0.01846	0.01603	0.02101	0.01824	0.01263	0.04228	0.50235	0.18340	0.03279	0.02965	0.02367	0.01078	0.00823	0.00270	0.00654	0.00894	0.00868	0.01307
31	0.01180	0.00787	0.00885	0.00885	0.00885	0.00787	0.00492	0.01180	0.01180	0.01573	0.02557	0.05310	0.02950	0.71483	0.04130	0.00787	0.00787	0.01180	0.00492	0.00492
32	0.00989	0.00706	0.00942	0.01130	0.01177	0.00659	0.00753	0.01130	0.01554	0.02071	0.04472	0.70954	0.05367	0.02542	0.01036	0.00330	0.00471	0.02307	0.00753	0.00659
33	0.01887	0.01410	0.01607	0.01476	0.01798	0.01509	0.01128	0.24234	0.10046	0.03350	0.03408	0.34955	0.03541	0.01786	0.00933	0.00294	0.00657	0.04198	0.00783	0.01000
34	0.03297	0.01364	0.01815	0.01415	0.01990	0.01216	0.01159	0.07111	0.02406	0.55434	0.10979	0.03127	0.02678	0.01084	0.00833	0.00251	0.00664	0.00892	0.00979	0.01304
35	0.01683	0.01442	0.01683	0.01202	0.01923	0.01082	0.00961	0.02043	0.01683	0.02644	0.01442	0.01683	0.01202	0.00601	0.00601	0.00120	0.00601	0.00481	0.00481	0.76444
36	0.06520	0.39614	0.06197	0.01586	0.02285	0.02570	0.04736	0.11296	0.02041	0.10419	0.01552	0.01654	0.01215	0.00773	0.00635	0.00204	0.00865	0.00560	0.00510	0.04768
37	0.12875	0.06479	0.02379	0.45439	0.04330	0.01881	0.03760	0.02262	0.04495	0.02404	0.01465	0.01989	0.01124	0.00791	0.00738	0.00252	0.00960	0.00661	0.00410	0.05305
38	0.01502	0.00908	0.01198	0.01081	0.01334	0.00826	0.00826	0.01875	0.02300	0.12288	0.57092	0.05593	0.06856	0.01566	0.00937	0.00255	0.00426	0.01375	0.00909	0.00853
39	0.01327	0.00991	0.01367	0.06066	0.01687	0.01124	0.01019	0.05861	0.01477	0.02055	0.02194	0.03518	0.02129	0.20467	0.43878	0.01036	0.01685	0.00921	0.00469	0.00730
40	0.07872	0.06936	0.02238	0.01691	0.02258	0.02319	0.01382	0.31544	0.27656	0.04103	0.02367	0.02284	0.01754	0.00989	0.00775	0.00252	0.00773	0.00763	0.00762	0.01283
41	0.01455	0.00850	0.01221	0.04822	0.01428	0.00818	0.00826	0.01252	0.01177	0.01621	0.01416	0.02339	0.01362	0.02395	0.02678	0.61417	0.00711	0.00674	0.00371	0.11169
42	0.01990	0.01586	0.02617	0.34884	0.26264	0.01730	0.02153	0.02472	0.01809	0.11490	0.01821	0.02439	0.01410	0.00858	0.00820	0.00261	0.00973	0.02845	0.00480	0.01098
43	0.02255	0.67885	0.04115	0.01392	0.02082	0.03094	0.01377	0.02518	0.01688	0.05677	0.01248	0.01386	0.01097	0.00712	0.00538	0.00178	0.00857	0.00456	0.00385	0.01061
44	0.01513	0.00756	0.00756	0.00756	0.00945	0.00756	0.00567	0.01891	0.01702	0.03025	0.02647	0.03025	0.02080	0.00945	0.00567	0.00189	0.00378	0.00756	0.75988	0.00756
45	0.01293	0.00801	0.01068	0.01138	0.01276	0.00736	0.00801	0.01504	0.01792	0.08935	0.17571	0.50057	0.05517	0.02196	0.00996	0.00306	0.00474	0.01974	0.00809	0.00755
46	0.01716	0.01694	0.02473	0.18622	0.02976	0.02318	0.01892	0.01982	0.01336	0.01982	0.01157	0.01870	0.01069	0.01271	0.02210	0.00334	0.53136	0.00713	0.00356	0.00891
47	0.03641	0.01381	0.01883	0.01444	0.02071	0.01193	0.01193	0.03954	0.02322	0.66984	0.03201	0.02762	0.02009	0.01004	0.00816	0.00251	0.00690	0.00816	0.01004	0.01381
48	0.01513	0.00756	0.00756	0.00756	0.00945	0.00756	0.00567	0.01891	0.01702	0.03025	0.02647	0.03025	0.02080	0.00945	0.00567	0.00189	0.00378	0.00756	0.75988	0.00756
49	0.01513	0.00756	0.00756	0.00756	0.00945	0.00756	0.00567	0.01891	0.01702	0.03025	0.02647	0.03025	0.02080	0.00945	0.00567	0.00189	0.00378	0.00756	0.75988	0.00756
50	0.03331	0.01877	0.02190	0.01679	0.02319	0.01929	0.01387	0.37209	0.03153	0.32556	0.02504	0.02309	0.01659	0.00987	0.00814	0.00247	0.00803	0.00768	0.00897	0.01380
51	0.01811	0.15341	0.16480	0.02542	0.03297	0.02126	0.30902	0.02389	0.01756	0.02381	0.01745	0.08367	0.01536	0.00917	0.00939	0.00261	0.04836	0.00904	0.00415	0.01053
52	0.01683	0.01442	0.01683	0.01202	0.01923	0.01082	0.00961	0.02043	0.01683	0.02644	0.01442	0.01683	0.01202	0.00601	0.00601	0.00120	0.00601	0.00481	0.00481	0.76444
53	0.01713	0.01691	0.02472	0.19274	0.03010	0.02312	0.01897	0.01983	0.01339	0.01983	0.01161	0.01874	0.01069	0.01265	0.02192	0.00334	0.52470	0.00713	0.00356	0.00891
54	0.01513	0.00756	0.00756	0.00756	0.00945	0.00756	0.00567	0.01891	0.01702	0.03025	0.02647	0.03025	0.02080	0.00945	0.00567	0.00189	0.00378	0.00756	0.75988	0.00756
55	0.02018	0.01743	0.01835	0.01651	0.02110	0.02018	0.01284	0.04312	0.64956	0.03394	0.03303	0.03027	0.02477	0.01101	0.00826	0.00275	0.00642	0.00917	0.00826	0.01284
56	0.01324	0.00905	0.01164	0.01082	0.01306	0.00853	0.00816	0.01800	0.05700	0.06638	0.57142	0.07889	0.06994	0.01623	0.00945	0.00259	0.00416	0.01431	0.00891	0.00823
57	0.03619	0.01415	0.01904	0.01460	0.02088	0.01243	0.01206	0.06239	0.02379	0.64619	0.03153	0.02731	0.01985	0.01003	0.00816	0.00251	0.00698	0.00813	0.00997	0.01381
58	0.01112	0.00823	0.01037	0.00994	0.01193	0.00748	0.00742	0.01456	0.02194	0.03036	0.54265	0.09168	0.16702	0.01759	0.00961	0.00261	0.00391	0.01542	0.00865	0.00748
59	0.01272	0.00853	0.01096	0.01037	0.01251	0.00775	0.00776	0.01612	0.02189	0.07052	0.50887	0.11595	0.13055	0.01734	0.00955	0.00263	0.00413	0.01523	0.00874	0.00787
60	0.01765	0.02072	0.07998	0.06132	0.03755	0.01863	0.45660	0.02398	0.01919	0.02642	0.10723	0.02692	0.02116	0.00860	0.00999	0.00273	0.03638	0.00987	0.00470	0.01038
61	0.01618	0.03474	0.49476	0.11884	0.03769	0.01838	0.08253	0.02455	0.01745	0.02533	0.04365	0.02015	0.01351	0.00809	0.00802	0.00260	0.01161	0.00688	0.00376	0.01128
62	0.02078	0.45682	0.21762	0.01760	0.02599	0.02676	0.05223	0.02555	0.01715	0.05403	0.01352	0.01538	0.01097	0.00731	0.00629	0.00206	0.00979	0.00528	0.00382	0.01105
63	0.01560	0.01644	0.11097	0.05882	0.02367	0.01201	0.07620	0.01972	0.01708	0.06121	0.02667	0.24982	0.02717	0.01369	0.00849	0.00250	0.00761	0.03302	0.00576	0.21356
64	0.06558	0.01659	0.02622	0.43904	0.14643	0.01916	0.05475	0.08927	0.01899	0.02625	0.01502	0.02063	0.01142	0.00804	0.00799	0.00262	0.01029	0.00718	0.00428	0.01024

[dist]
# distance from previous block
# <min> <max>
1	3

[block]
# block no. 2 follows, 23 sequences, length 37
# corresponding to MSA columns:
# 170-206
name=unknown_C
#
# <colnr> <probs for GDERKNQSTAVLIFYWHMCP>
#	G	D	E	R	K	N	Q	S	T	A	V	L	I	F	Y	W	H	M	C	P
0	0.02341	0.01643	0.01890	0.01447	0.02082	0.01534	0.01166	0.19160	0.06941	0.12825	0.02126	0.05504	0.01672	0.00896	0.00728	0.00195	0.00690	0.00722	0.00686	0.35755
1	0.45064	0.17077	0.06301	0.08667	0.02262	0.02103	0.01288	0.02430	0.01521	0.05316	0.01260	0.01484	0.00987	0.00757	0.00569	0.00237	0.00769	0.00493	0.00461	0.00956
2	0.11645	0.43660	0.14367	0.01736	0.05646	0.06791	0.01665	0.02501	0.01677	0.02284	0.01213	0.01420	0.01031	0.00725	0.00589	0.00203	0.00936	0.00483	0.00373	0.01054
3	0.22834	0.02201	0.02094	0.01670	0.02263	0.07100	0.01367	0.42984	0.03056	0.04494	0.01680	0.01745	0.01222	0.00905	0.00723	0.00243	0.00864	0.00638	0.00701	0.01215
4	0.01064	0.00786	0.01022	0.01138	0.01258	0.00705	0.00776	0.01229	0.01568	0.02134	0.04143	0.63430	0.04914	0.02331	0.00988	0.00307	0.00485	0.02108	0.00724	0.08890
5	0.10903	0.02083	0.02327	0.21997	0.06656	0.08513	0.01730	0.29553	0.02644	0.03618	0.01618	0.01898	0.01198	0.00875	0.00769	0.00249	0.00977	0.00675	0.00584	0.01135
6	0.01513	0.00756	0.00756	0.00756	0.00945	0.00756	0.00567	0.01891	0.01702	0.03025	0.02647	0.03025	0.02080	0.00945	0.00567	0.00189	0.00378	0.00756	0.75988	0.00756
7	0.01163	0.00854	0.01226	0.01226	0.01344	0.00972	0.00917	0.01399	0.01281	0.01826	0.02245	0.03582	0.02200	0.18245	0.56343	0.01208	0.01916	0.00927	0.00445	0.00681
8	0.00989	0.00706	0.00942	0.01130	0.01177	0.00659	0.00753	0.01130	0.01554	0.02071	0.04472	0.70954	0.05367	0.02542	0.01036	0.00330	0.00471	0.02307	0.00753	0.00659
9	0.01168	0.00782	0.00889	0.00900	0.00903	0.00779	0.00508	0.01177	0.01203	0.01604	0.02676	0.09398	0.03101	0.67190	0.03937	0.00758	0.00767	0.01250	0.00508	0.00502
10	0.03000	0.03719	0.02290	0.02065	0.02495	0.62820	0.01557	0.06199	0.04483	0.02185	0.01357	0.01539	0.01110	0.00852	0.00739	0.00213	0.01408	0.00546	0.00451	0.00973
11	0.01513	0.00756	0.00756	0.00756	0.00945	0.00756	0.00567	0.01891	0.01702	0.03025	0.02647	0.03025	0.02080	0.00945	0.00567	0.00189	0.00378	0.00756	0.75988	0.00756
12	0.02085	0.01776	0.01872	0.01665	0.02135	0.02049	0.01300	0.08011	0.61148	0.03501	0.03218	0.02960	0.02409	0.01093	0.00825	0.00273	0.00658	0.00906	0.00825	0.01290
13	0.01159	0.00869	0.01304	0.01304	0.01449	0.01014	0.01014	0.01449	0.01304	0.01884	0.02173	0.03188	0.02029	0.06086	0.68268	0.01304	0.02173	0.00869	0.00435	0.00724
14	0.06026	0.01450	0.02360	0.65467	0.05350	0.01804	0.02172	0.02092	0.01608	0.02166	0.01424	0.02113	0.01070	0.00808	0.00793	0.00269	0.01055	0.00704	0.00369	0.00900
15	0.33280	0.02602	0.01871	0.04903	0.02275	0.29275	0.01316	0.10754	0.02090	0.03076	0.01303	0.01501	0.01023	0.00819	0.00652	0.00234	0.01029	0.00525	0.00501	0.00971
16	0.02139	0.01710	0.02895	0.23049	0.34258	0.01775	0.05812	0.02621	0.01866	0.13287	0.01790	0.02191	0.01344	0.00794	0.00817	0.00253	0.00976	0.00752	0.00491	0.01179
17	0.02909	0.06036	0.02425	0.02012	0.02463	0.44628	0.01571	0.17574	0.02551	0.02729	0.01400	0.01598	0.01127	0.00910	0.00898	0.00228	0.06809	0.00584	0.00504	0.01046
18	0.01101	0.00828	0.01019	0.00971	0.01183	0.00746	0.00729	0.01440	0.02186	0.02990	0.51618	0.06496	0.22197	0.01757	0.00958	0.00260	0.00390	0.01528	0.00858	0.00746
19	0.01513	0.00756	0.00756	0.00756	0.00945	0.00756	0.00567	0.01891	0.01702	0.03025	0.02647	0.03025	0.02080	0.00945	0.00567	0.00189	0.00378	0.00756	0.75988	0.00756
20	0.03056	0.02075	0.02369	0.01987	0.06562	0.02232	0.01532	0.46826	0.06406	0.15264	0.02197	0.02141	0.01533	0.00969	0.00813	0.00246	0.00851	0.00753	0.00818	0.01369
21	0.01179	0.00791	0.00909	0.00909	0.00918	0.00800	0.00522	0.01196	0.01187	0.01591	0.02534	0.05187	0.02896	0.67678	0.07862	0.00817	0.00867	0.01162	0.00488	0.00505
22	0.03376	0.01806	0.02146	0.01645	0.02283	0.01824	0.01359	0.32437	0.03034	0.37496	0.02604	0.02374	0.01709	0.00990	0.00814	0.00247	0.00787	0.00775	0.00913	0.01380
23	0.01809	0.01323	0.01763	0.01362	0.01913	0.01089	0.05465	0.02127	0.01708	0.10825	0.02159	0.10099	0.01972	0.07495	0.03759	0.00280	0.00734	0.00845	0.00574	0.42699
24	0.01915	0.02148	0.04559	0.03466	0.08644	0.02066	0.55826	0.02558	0.01875	0.02569	0.01603	0.02154	0.01226	0.00725	0.01035	0.00275	0.04923	0.00928	0.00407	0.01097
25	0.01885	0.02375	0.20989	0.16304	0.05660	0.01687	0.14236	0.02510	0.01793	0.08822	0.01661	0.02008	0.01216	0.00752	0.00791	0.00237	0.01041	0.00699	0.00452	0.14882
26	0.77215	0.01569	0.01193	0.01067	0.01569	0.01820	0.00879	0.02385	0.01381	0.03641	0.01130	0.01318	0.00879	0.00753	0.00502	0.00251	0.00628	0.00439	0.00502	0.00879
27	0.01178	0.00796	0.00932	0.00932	0.00949	0.00812	0.00551	0.01210	0.01194	0.01609	0.02513	0.05069	0.02846	0.64071	0.11399	0.00845	0.00944	0.01145	0.00485	0.00518
28	0.02690	0.02113	0.02155	0.01771	0.02328	0.06497	0.01421	0.32663	0.27917	0.07889	0.02515	0.02394	0.01831	0.01017	0.00812	0.00254	0.00818	0.00796	0.00803	0.01314
29	0.02547	0.01776	0.01962	0.01653	0.02182	0.01954	0.01317	0.15917	0.40607	0.16252	0.03016	0.02763	0.02169	0.01057	0.00821	0.00264	0.00701	0.00861	0.00858	0.01322
30	0.01218	0.00941	0.01356	0.01324	0.01437	0.01118	0.01015	0.01459	0.01282	0.01849	0.02123	0.03339	0.02062	0.14290	0.53822	0.01149	0.08175	0.00896	0.00435	0.00709
31	0.02967	0.02274	0.02365	0.01852	0.02472	0.04890	0.01515	0.55028	0.10401	0.04811	0.02070	0.02047	0.01487	0.00983	0.00810	0.00246	0.00887	0.00743	0.00799	0.01353
32	0.01532	0.01442	0.02434	0.69533	0.05589	0.01803	0.02253	0.02073	0.01622	0.02073	0.01442	0.02163	0.01082	0.00811	0.00811	0.00270	0.01082	0.00721	0.00361	0.00901
33	0.02376	0.05376	0.01844	0.01469	0.01925	0.11128	0.01160	0.03131	0.16424	0.20288	0.15561	0.05923	0.03162	0.01157	0.00815	0.00243	0.00724	0.00949	0.00780	0.05565
34	0.10411	0.01864	0.01830	0.04811	0.02146	0.14229	0.01243	0.02542	0.01801	0.13604	0.01867	0.06017	0.01557	0.01294	0.05275	0.00294	0.07726	0.00710	0.00557	0.20223
35	0.02726	0.06016	0.02309	0.05976	0.02602	0.46480	0.01549	0.06255	0.13659	0.02394	0.01665	0.01805	0.01323	0.00884	0.00749	0.00225	0.01240	0.00612	0.00505	0.01026
36	0.05499	0.02115	0.02025	0.01684	0.02211	0.13089	0.01340	0.20553	0.18069	0.16914	0.06185	0.02521	0.02077	0.01021	0.00800	0.00248	0.00846	0.00792	0.00782	0.01228

[dist]
# distance from previous block
# <min> <max>
18	33

[block]
# block no. 3 follows, 23 sequences, length 156
# corresponding to MSA columns:
# 243-398
name=unknown_D
#
# <colnr> <probs for GDERKNQSTAVLIFYWHMCP>
#	G	D	E	R	K	N	Q	S	T	A	V	L	I	F	Y	W	H	M	C	P
0	0.11418	0.23098	0.15543	0.01670	0.02410	0.05370	0.01658	0.15210	0.02195	0.11886	0.01652	0.01726	0.01222	0.00823	0.00678	0.00226	0.00913	0.00585	0.00554	0.01164
1	0.05453	0.31106	0.10360	0.01536	0.02126	0.02141	0.04192	0.05068	0.01804	0.06320	0.07634	0.02536	0.01992	0.01294	0.03467	0.06774	0.00892	0.03832	0.00494	0.00979
2	0.02155	0.06928	0.01918	0.01560	0.01994	0.04644	0.01295	0.11315	0.19696	0.10876	0.03426	0.04659	0.06592	0.01408	0.00886	0.00285	0.00752	0.17756	0.00764	0.01088
3	0.01928	0.01949	0.07171	0.14831	0.03708	0.01765	0.27986	0.02656	0.07215	0.07477	0.01820	0.02185	0.01352	0.00759	0.00837	0.00245	0.01063	0.00798	0.00490	0.13766
4	0.09346	0.40724	0.20996	0.01689	0.02482	0.02562	0.04521	0.02420	0.01648	0.02296	0.01370	0.04160	0.01198	0.00792	0.00626	0.00214	0.00941	0.00576	0.00380	0.01056
5	0.04224	0.01169	0.03868	0.01268	0.01598	0.01021	0.01031	0.05656	0.02048	0.11426	0.19671	0.20586	0.07619	0.01701	0.00924	0.00279	0.00577	0.08976	0.00784	0.05573
6	0.02169	0.71972	0.04252	0.01388	0.02083	0.03211	0.01388	0.02430	0.01649	0.01909	0.01128	0.01302	0.01041	0.00694	0.00521	0.00174	0.00868	0.00434	0.00347	0.01041
7	0.01627	0.04197	0.67279	0.02313	0.03512	0.01884	0.02998	0.02570	0.01713	0.02570	0.01456	0.01713	0.01028	0.00771	0.00771	0.00257	0.01199	0.00600	0.00343	0.01199
8	0.01683	0.01442	0.01683	0.01202	0.01923	0.01082	0.00961	0.02043	0.01683	0.02644	0.01442	0.01683	0.01202	0.00601	0.00601	0.00120	0.00601	0.00481	0.00481	0.76444
9	0.01683	0.01442	0.01683	0.01202	0.01923	0.01082	0.00961	0.02043	0.01683	0.02644	0.01442	0.01683	0.01202	0.00601	0.00601	0.00120	0.00601	0.00481	0.00481	0.76444
10	0.01532	0.01442	0.02434	0.69533	0.05589	0.01803	0.02253	0.02073	0.01622	0.02073	0.01442	0.02163	0.01082	0.00811	0.00811	0.00270	0.01082	0.00721	0.00361	0.00901
11	0.05817	0.02171	0.02304	0.01781	0.02402	0.02402	0.01468	0.58308	0.03617	0.04954	0.01952	0.01978	0.01396	0.00964	0.00788	0.00241	0.00857	0.00721	0.04549	0.01330
12	0.02204	0.69204	0.04173	0.01417	0.02100	0.05852	0.01396	0.02463	0.01675	0.01912	0.01133	0.01308	0.01041	0.00700	0.00529	0.00175	0.00892	0.00437	0.00350	0.01037
13	0.03641	0.01381	0.01883	0.01444	0.02071	0.01193	0.01193	0.03954	0.02322	0.66984	0.03201	0.02762	0.02009	0.01004	0.00816	0.00251	0.00690	0.00816	0.01004	0.01381
14	0.77215	0.01569	0.01193	0.01067	0.01569	0.01820	0.00879	0.02385	0.01381	0.03641	0.01130	0.01318	0.00879	0.00753	0.00502	0.00251	0.00628	0.00439	0.00502	0.00879
15	0.01887	0.02131	0.04629	0.03332	0.04124	0.02001	0.60633	0.02557	0.01913	0.02591	0.01763	0.02507	0.01388	0.00755	0.00965	0.00278	0.01340	0.03701	0.00426	0.01079
16	0.02169	0.71972	0.04252	0.01388	0.02083	0.03211	0.01388	0.02430	0.01649	0.01909	0.01128	0.01302	0.01041	0.00694	0.00521	0.00174	0.00868	0.00434	0.00347	0.01041
17	0.01132	0.00816	0.01070	0.01032	0.01209	0.00754	0.00764	0.01489	0.02219	0.03129	0.59520	0.12890	0.07415	0.01752	0.00965	0.00263	0.00392	0.01556	0.00878	0.00754
18	0.01149	0.00835	0.01086	0.01038	0.01232	0.00771	0.00788	0.01525	0.02257	0.03170	0.60566	0.06289	0.09772	0.01704	0.00966	0.00262	0.00403	0.04546	0.00880	0.00762
19	0.00995	0.00823	0.00872	0.00860	0.01118	0.00700	0.00645	0.01234	0.01935	0.02394	0.19236	0.07476	0.54950	0.01979	0.00959	0.00270	0.00406	0.01666	0.00780	0.00700
20	0.01915	0.02189	0.04788	0.03420	0.04241	0.02052	0.63475	0.02599	0.01915	0.02599	0.01642	0.02189	0.01231	0.00684	0.00958	0.00274	0.01368	0.00958	0.00410	0.01094
21	0.00989	0.00706	0.00942	0.01130	0.01177	0.00659	0.00753	0.01130	0.01554	0.02071	0.04472	0.70954	0.05367	0.02542	0.01036	0.00330	0.00471	0.02307	0.00753	0.00659
22	0.01683	0.01442	0.01683	0.01202	0.01923	0.01082	0.00961	0.02043	0.01683	0.02644	0.01442	0.01683	0.01202	0.00601	0.00601	0.00120	0.00601	0.00481	0.00481	0.76444
23	0.02018	0.01743	0.01835	0.01651	0.02110	0.02018	0.01284	0.04312	0.64956	0.03394	0.03303	0.03027	0.02477	0.01101	0.00826	0.00275	0.00642	0.00917	0.00826	0.01284
24	0.02169	0.71972	0.04252	0.01388	0.02083	0.03211	0.01388	0.02430	0.01649	0.01909	0.01128	0.01302	0.01041	0.00694	0.00521	0.00174	0.00868	0.00434	0.00347	0.01041
25	0.01409	0.00705	0.01057	0.01057	0.01057	0.00705	0.00705	0.01057	0.01057	0.01409	0.01409	0.02467	0.01409	0.02819	0.03171	0.76392	0.00705	0.00705	0.00352	0.00352
26	0.03641	0.01381	0.01883	0.01444	0.02071	0.01193	0.01193	0.03954	0.02322	0.66984	0.03201	0.02762	0.02009	0.01004	0.00816	0.00251	0.00690	0.00816	0.01004	0.01381
27	0.01114	0.00828	0.01037	0.00984	0.01191	0.00751	0.00738	0.01464	0.02215	0.03060	0.55435	0.06381	0.18336	0.01731	0.00957	0.00259	0.00388	0.01512	0.00868	0.00751
28	0.00996	0.00712	0.00948	0.01125	0.01179	0.00664	0.00754	0.01148	0.01588	0.02126	0.07317	0.67953	0.05473	0.02501	0.01032	0.00326	0.00467	0.02268	0.00760	0.00664
29	0.02169	0.71972	0.04252	0.01388	0.02083	0.03211	0.01388	0.02430	0.01649	0.01909	0.01128	0.01302	0.01041	0.00694	0.00521	0.00174	0.00868	0.00434	0.00347	0.01041
30	0.77215	0.01569	0.01193	0.01067	0.01569	0.01820	0.00879	0.02385	0.01381	0.03641	0.01130	0.01318	0.00879	0.00753	0.00502	0.00251	0.00628	0.00439	0.00502	0.00879
31	0.01532	0.01442	0.02434	0.69533	0.05589	0.01803	0.02253	0.02073	0.01622	0.02073	0.01442	0.02163	0.01082	0.00811	0.00811	0.00270	0.01082	0.00721	0.00361	0.00901
32	0.04928	0.65205	0.04020	0.01420	0.02091	0.07197	0.01381	0.02478	0.01679	0.01976	0.01136	0.01312	0.01036	0.00705	0.00533	0.00179	0.00896	0.00440	0.00357	0.01029
33	0.03085	0.02273	0.02435	0.01867	0.02516	0.02516	0.01542	0.63716	0.03815	0.05114	0.01948	0.01948	0.01380	0.00974	0.00812	0.00244	0.00893	0.00731	0.00812	0.01380
34	0.01225	0.00925	0.01146	0.01096	0.01317	0.00895	0.00832	0.01785	0.08807	0.03099	0.49503	0.08286	0.11889	0.01691	0.00954	0.00267	0.00432	0.04179	0.00863	0.00809
35	0.02169	0.71972	0.04252	0.01388	0.02083	0.03211	0.01388	0.02430	0.01649	0.01909	0.01128	0.01302	0.01041	0.00694	0.00521	0.00174	0.00868	0.00434	0.00347	0.01041
36	0.02169	0.71972	0.04252	0.01388	0.02083	0.03211	0.01388	0.02430	0.01649	0.01909	0.01128	0.01302	0.01041	0.00694	0.00521	0.00174	0.00868	0.00434	0.00347	0.01041
37	0.01788	0.01812	0.02691	0.02246	0.02319	0.02447	0.07291	0.02011	0.01303	0.02011	0.01117	0.01812	0.01080	0.01354	0.02510	0.00348	0.63863	0.00732	0.00360	0.00906
38	0.54577	0.05492	0.07095	0.08833	0.02234	0.01932	0.01283	0.02346	0.01442	0.03197	0.01188	0.01468	0.00932	0.00793	0.00674	0.00255	0.04386	0.00498	0.00457	0.00917
39	0.00991	0.00823	0.00866	0.00856	0.01116	0.00699	0.00642	0.01226	0.01925	0.02371	0.17979	0.07514	0.56222	0.01988	0.00959	0.00271	0.00406	0.01671	0.00777	0.00699
40	0.02329	0.01961	0.01957	0.01659	0.02155	0.08194	0.01329	0.25384	0.21118	0.03695	0.05707	0.03315	0.05634	0.01172	0.00836	0.00255	0.00794	0.05983	0.00753	0.05769
41	0.01607	0.01541	0.02403	0.41287	0.04111	0.02023	0.02019	0.02000	0.01466	0.02020	0.01334	0.02064	0.01118	0.01274	0.04513	0.00348	0.26898	0.00724	0.00362	0.00888
42	0.01159	0.00869	0.01304	0.01304	0.01449	0.01014	0.01014	0.01449	0.01304	0.01884	0.02173	0.03188	0.02029	0.06086	0.68268	0.01304	0.02173	0.00869	0.00435	0.00724
43	0.01672	0.07475	0.61271	0.02386	0.06258	0.01953	0.02895	0.02559	0.01716	0.02540	0.01443	0.01706	0.01040	0.00765	0.00760	0.00252	0.01172	0.00597	0.00345	0.01195
44	0.01409	0.00705	0.01057	0.01057	0.01057	0.00705	0.00705	0.01057	0.01057	0.01409	0.01409	0.02467	0.01409	0.02819	0.03171	0.76392	0.00705	0.00705	0.00352	0.00352
45	0.02510	0.01627	0.01851	0.01571	0.02077	0.01748	0.01247	0.08893	0.38346	0.21520	0.07055	0.03052	0.02576	0.01098	0.00830	0.00265	0.00660	0.00908	0.00879	0.01287
46	0.00989	0.00706	0.00942	0.01130	0.01177	0.00659	0.00753	0.01130	0.01554	0.02071	0.04472	0.70954	0.05367	0.02542	0.01036	0.00330	0.00471	0.02307	0.00753	0.00659
47	0.01120	0.00821	0.01050	0.01008	0.01199	0.00751	0.00750	0.01470	0.02207	0.03076	0.56502	0.10192	0.13323	0.01752	0.00962	0.00262	0.00391	0.01543	0.00871	0.00751
48	0.01911	0.01872	0.03322	0.16459	0.47771	0.01921	0.09952	0.02428	0.01815	0.02540	0.01525	0.02059	0.01242	0.00734	0.00824	0.00250	0.01035	0.00752	0.00395	0.01192
49	0.77215	0.01569	0.01193	0.01067	0.01569	0.01820	0.00879	0.02385	0.01381	0.03641	0.01130	0.01318	0.00879	0.00753	0.00502	0.00251	0.00628	0.00439	0.00502	0.00879
50	0.02149	0.69412	0.06632	0.01423	0.02137	0.03161	0.01449	0.02435	0.01651	0.01934	0.01140	0.01317	0.01041	0.00697	0.00530	0.00177	0.00880	0.00440	0.00347	0.01047
51	0.02020	0.01673	0.01979	0.01610	0.02165	0.01721	0.04085	0.05822	0.33407	0.06296	0.02473	0.02447	0.01882	0.00926	0.00841	0.00227	0.03758	0.00758	0.00684	0.25227
52	0.03258	0.04991	0.02188	0.01608	0.02235	0.01820	0.01334	0.25391	0.07236	0.37259	0.02662	0.02421	0.01771	0.00986	0.00801	0.00246	0.00768	0.00775	0.00892	0.01358
53	0.01020	0.00824	0.00907	0.00886	0.01133	0.00711	0.00665	0.01283	0.01994	0.02534	0.26816	0.07246	0.47283	0.01927	0.00958	0.00268	0.00402	0.01634	0.00798	0.00711
54	0.02755	0.03134	0.02311	0.02262	0.09129	0.44033	0.01589	0.12104	0.05575	0.02605	0.01913	0.02058	0.05159	0.00932	0.00770	0.00225	0.01221	0.00667	0.00516	0.01044
55	0.01351	0.00983	0.01340	0.01504	0.01707	0.01000	0.01306	0.01842	0.05715	0.02487	0.04236	0.08779	0.04536	0.02172	0.01103	0.00368	0.00741	0.57299	0.00752	0.00780
56	0.02008	0.01928	0.03294	0.04981	0.66422	0.01928	0.02490	0.02490	0.01848	0.02651	0.01526	0.02008	0.01285	0.00723	0.00803	0.00241	0.00964	0.00723	0.00402	0.01285
57	0.02349	0.01227	0.01564	0.01292	0.01709	0.01155	0.01029	0.10508	0.02503	0.27786	0.33765	0.04271	0.04691	0.01321	0.00884	0.00252	0.00566	0.01124	0.00925	0.01080
58	0.02071	0.01769	0.01865	0.01662	0.02130	0.02043	0.01297	0.07274	0.61907	0.03480	0.03235	0.02974	0.02422	0.01095	0.00825	0.00274	0.00655	0.00908	0.00825	0.01289
59	0.01792	0.01826	0.02769	0.02289	0.02390	0.02432	0.09368	0.02032	0.01325	0.02032	0.01136	0.01826	0.01086	0.01330	0.02453	0.00345	0.61552	0.00741	0.00362	0.00913
60	0.01661	0.01417	0.01658	0.01194	0.01894	0.01069	0.00953	0.02022	0.01708	0.02669	0.04107	0.01863	0.01468	0.00645	0.00616	0.00126	0.00592	0.00521	0.00498	0.73319
61	0.77215	0.01569	0.01193	0.01067	0.01569	0.01820	0.00879	0.02385	0.01381	0.03641	0.01130	0.01318	0.00879	0.00753	0.00502	0.00251	0.00628	0.00439	0.00502	0.00879
62	0.00997	0.00721	0.00943	0.01104	0.01174	0.00667	0.00745	0.01156	0.01617	0.02151	0.08457	0.63076	0.09276	0.02458	0.01026	0.00322	0.00462	0.02219	0.00762	0.00667
63	0.00989	0.00706	0.00942	0.01130	0.01177	0.00659	0.00753	0.01130	0.01554	0.02071	0.04472	0.70954	0.05367	0.02542	0.01036	0.00330	0.00471	0.02307	0.00753	0.00659
64	0.02008	0.01928	0.03294	0.04981	0.66422	0.01928	0.02490	0.02490	0.01848	0.02651	0.01526	0.02008	0.01285	0.00723	0.00803	0.00241	0.00964	0.00723	0.00402	0.01285
65	0.01027	0.00783	0.00944	0.00993	0.01160	0.00700	0.00711	0.01263	0.01878	0.02469	0.24285	0.29980	0.26652	0.02111	0.00986	0.00288	0.00424	0.01852	0.00796	0.00700
66	0.05794	0.02220	0.02359	0.01826	0.02461	0.02466	0.01505	0.58468	0.06773	0.04973	0.01985	0.01978	0.01416	0.00972	0.00801	0.00245	0.00871	0.00729	0.00801	0.01356
67	0.72556	0.05940	0.01383	0.01087	0.01601	0.01907	0.00910	0.02388	0.01398	0.03533	0.01130	0.01317	0.00889	0.00750	0.00503	0.00246	0.00643	0.00439	0.00493	0.00889
68	0.00989	0.00706	0.00942	0.01130	0.01177	0.00659	0.00753	0.01130	0.01554	0.02071	0.04472	0.70954	0.05367	0.02542	0.01036	0.00330	0.00471	0.02307	0.00753	0.00659
69	0.01794	0.01953	0.04044	0.24304	0.04667	0.01973	0.44136	0.02433	0.01823	0.02433	0.01579	0.02181	0.01184	0.00724	0.00911	0.00273	0.01278	0.00883	0.00395	0.01033
70	0.01627	0.04197	0.67279	0.02313	0.03512	0.01884	0.02998	0.02570	0.01713	0.02570	0.01456	0.01713	0.01028	0.00771	0.00771	0.00257	0.01199	0.00600	0.00343	0.01199
71	0.77215	0.01569	0.01193	0.01067	0.01569	0.01820	0.00879	0.02385	0.01381	0.03641	0.01130	0.01318	0.00879	0.00753	0.00502	0.00251	0.00628	0.00439	0.00502	0.00879
72	0.01407	0.00990	0.01217	0.01120	0.01374	0.00955	0.00850	0.05547	0.06188	0.06144	0.45769	0.10099	0.11879	0.01649	0.00939	0.00262	0.00453	0.01438	0.00867	0.00849
73	0.01159	0.00869	0.01304	0.01304	0.01449	0.01014	0.01014	0.01449	0.01304	0.01884	0.02173	0.03188	0.02029	0.06086	0.68268	0.01304	0.02173	0.00869	0.00435	0.00724
74	0.01984	0.01702	0.01711	0.01529	0.01953	0.05209	0.01189	0.08468	0.43825	0.03330	0.07346	0.03443	0.07873	0.01181	0.00823	0.00263	0.00653	0.00972	0.05385	0.01160
75	0.01180	0.00787	0.00885	0.00885	0.00885	0.00787	0.00492	0.01180	0.01180	0.01573	0.02557	0.05310	0.02950	0.71483	0.04130	0.00787	0.00787	0.01180	0.00492	0.00492
76	0.01866	0.02340	0.11140	0.07488	0.07456	0.02012	0.50164	0.02558	0.01872	0.02566	0.01604	0.02128	0.01203	0.00703	0.00921	0.00270	0.01312	0.00893	0.00400	0.01103
77	0.01222	0.00880	0.01205	0.01383	0.01545	0.00863	0.01155	0.01538	0.01801	0.02341	0.04539	0.22040	0.08046	0.02295	0.01094	0.00359	0.00672	0.45547	0.00749	0.00725
78	0.02083	0.01775	0.01871	0.01664	0.02135	0.02049	0.01300	0.07934	0.61227	0.03499	0.03220	0.02962	0.02410	0.01093	0.00825	0.00273	0.00657	0.00906	0.00825	0.01290
79	0.01200	0.00847	0.01064	0.00999	0.01221	0.00766	0.00753	0.01548	0.02215	0.05270	0.53129	0.06270	0.18267	0.01709	0.00952	0.00259	0.00399	0.01490	0.00871	0.00772
80	0.01895	0.01621	0.01727	0.01573	0.01999	0.01848	0.01227	0.03916	0.56289	0.03286	0.06388	0.03663	0.06141	0.01222	0.00850	0.00278	0.00623	0.03423	0.00822	0.01208
81	0.02169	0.71972	0.04252	0.01388	0.02083	0.03211	0.01388	0.02430	0.01649	0.01909	0.01128	0.01302	0.01041	0.00694	0.00521	0.00174	0.00868	0.00434	0.00347	0.01041
82	0.02174	0.01755	0.01868	0.01633	0.02115	0.01989	0.01284	0.11776	0.51718	0.06169	0.03345	0.03092	0.05166	0.01123	0.00829	0.00270	0.00666	0.00925	0.00828	0.01274
83	0.06910	0.04185	0.01917	0.01431	0.02013	0.01519	0.01183	0.16275	0.02507	0.39472	0.03405	0.03119	0.10185	0.01111	0.00806	0.00250	0.00701	0.00881	0.00879	0.01251
84	0.77215	0.01569	0.01193	0.01067	0.01569	0.01820	0.00879	0.02385	0.01381	0.03641	0.01130	0.01318	0.00879	0.00753	0.00502	0.00251	0.00628	0.00439	0.00502	0.00879
85	0.01915	0.02189	0.04788	0.03420	0.04241	0.02052	0.63475	0.02599	0.01915	0.02599	0.01642	0.02189	0.01231	0.00684	0.00958	0.00274	0.01368	0.00958	0.00410	0.01094
86	0.01937	0.01856	0.03166	0.14586	0.57370	0.01909	0.02455	0.02428	0.01814	0.02565	0.01514	0.02031	0.01255	0.00736	0.00804	0.00245	0.00981	0.00723	0.00396	0.01228
87	0.03112	0.02228	0.02408	0.01846	0.02494	0.02450	0.01525	0.60736	0.03741	0.08199	0.02011	0.01989	0.01411	0.00976	0.00812	0.00244	0.00883	0.00735	0.00821	0.01380
88	0.03035	0.02248	0.02407	0.01857	0.02498	0.02493	0.01530	0.60969	0.06642	0.05034	0.02011	0.01998	0.01431	0.00980	0.00812	0.00245	0.00881	0.00739	0.00812	0.01376
89	0.02169	0.71972	0.04252	0.01388	0.02083	0.03211	0.01388	0.02430	0.01649	0.01909	0.01128	0.01302	0.01041	0.00694	0.00521	0.00174	0.00868	0.00434	0.00347	0.01041
90	0.02987	0.07381	0.02400	0.02054	0.02487	0.64871	0.01559	0.03198	0.02266	0.01982	0.01248	0.01455	0.01045	0.00829	0.00721	0.00207	0.01433	0.00518	0.00414	0.00946
91	0.01132	0.00829	0.01061	0.01003	0.01202	0.00758	0.00752	0.01499	0.02257	0.03160	0.60859	0.06217	0.12849	0.01694	0.00957	0.00257	0.00385	0.01489	0.00881	0.00758
92	0.02856	0.02159	0.02307	0.01821	0.02429	0.02410	0.01487	0.50998	0.16905	0.04746	0.02238	0.02179	0.01615	0.01001	0.00815	0.00250	0.00839	0.00771	0.00815	0.01359
93	0.01137	0.00829	0.01069	0.01009	0.01205	0.00761	0.00757	0.01509	0.02270	0.03189	0.62470	0.06168	0.11220	0.01683	0.00957	0.00256	0.00385	0.01482	0.00885	0.00761
94	0.02172	0.01819	0.01921	0.01682	0.02169	0.02090	0.01322	0.12870	0.56147	0.03642	0.03107	0.02872	0.02319	0.01083	0.00824	0.00271	0.00678	0.00890	0.00824	0.01298
95	0.01148	0.00829	0.01085	0.01021	0.01212	0.00766	0.00766	0.01531	0.02297	0.03254	0.65994	0.06061	0.07656	0.01659	0.00957	0.00255	0.00383	0.01467	0.00893	0.00766
96	0.00989	0.00706	0.00942	0.01130	0.01177	0.00659	0.00753	0.01130	0.01554	0.02071	0.04472	0.70954	0.05367	0.02542	0.01036	0.00330	0.00471	0.02307	0.00753	0.00659
97	0.03196	0.01369	0.01815	0.01384	0.02010	0.01156	0.01135	0.03521	0.02210	0.53115	0.05487	0.02710	0.02101	0.00961	0.00784	0.00228	0.00662	0.00784	0.00908	0.14466
98	0.01683	0.01442	0.01683	0.01202	0.01923	0.01082	0.00961	0.02043	0.01683	0.02644	0.01442	0.01683	0.01202	0.00601	0.00601	0.00120	0.00601	0.00481	0.00481	0.76444
99	0.02043	0.02483	0.21211	0.07860	0.38059	0.01830	0.02483	0.02641	0.01846	0.09362	0.01677	0.02014	0.01276	0.00772	0.00796	0.00248	0.01009	0.00698	0.00446	0.01247
100	0.01759	0.01757	0.02658	0.08315	0.02663	0.02226	0.08747	0.02047	0.01400	0.02110	0.01205	0.01848	0.01100	0.01195	0.02084	0.00313	0.48621	0.00715	0.00375	0.08863
101	0.02005	0.02267	0.04044	0.05713	0.07625	0.09055	0.42827	0.02555	0.01852	0.02433	0.01511	0.02046	0.01187	0.00804	0.01143	0.00275	0.10345	0.00856	0.00402	0.01055
102	0.03519	0.01385	0.01871	0.01429	0.02062	0.01186	0.01178	0.03836	0.02283	0.62989	0.03092	0.02695	0.01959	0.00979	0.00803	0.00243	0.00685	0.00795	0.00972	0.06041
103	0.01660	0.03990	0.61128	0.02490	0.06368	0.01895	0.06155	0.02568	0.01730	0.02575	0.01469	0.01751	0.01050	0.00764	0.00782	0.00257	0.01198	0.00624	0.00349	0.01198
104	0.05326	0.00924	0.01171	0.01066	0.01318	0.00863	0.00815	0.01822	0.02252	0.09750	0.56266	0.05481	0.06733	0.01546	0.00919	0.00255	0.00427	0.01348	0.00884	0.00834
105	0.01513	0.00756	0.00756	0.00756	0.00945	0.00756	0.00567	0.01891	0.01702	0.03025	0.02647	0.03025	0.02080	0.00945	0.00567	0.00189	0.00378	0.00756	0.75988	0.00756
106	0.02018	0.01743	0.01835	0.01651	0.02110	0.02018	0.01284	0.04312	0.64956	0.03394	0.03303	0.03027	0.02477	0.01101	0.00826	0.00275	0.00642	0.00917	0.00826	0.01284
107	0.67299	0.01568	0.01358	0.06967	0.01938	0.01849	0.01037	0.02339	0.01395	0.03429	0.01154	0.01411	0.00905	0.00789	0.00627	0.00257	0.03838	0.00476	0.00483	0.00881
108	0.01839	0.12213	0.02736	0.16780	0.02898	0.02446	0.01812	0.04806	0.01501	0.02114	0.01197	0.01797	0.01079	0.01158	0.01854	0.00304	0.41482	0.00672	0.00375	0.00936
109	0.01513	0.00756	0.00756	0.00756	0.00945	0.00756	0.00567	0.01891	0.01702	0.03025	0.02647	0.03025	0.02080	0.00945	0.00567	0.00189	0.00378	0.00756	0.75988	0.00756
110	0.03037	0.02249	0.02408	0.01857	0.02498	0.02494	0.01531	0.61075	0.06533	0.05037	0.02008	0.01996	0.01429	0.00980	0.00812	0.00245	0.00882	0.00739	0.00812	0.01376
111	0.02334	0.02722	0.02475	0.26517	0.06519	0.35323	0.04601	0.02703	0.01990	0.02105	0.01360	0.01782	0.01085	0.00805	0.00768	0.00231	0.01260	0.00621	0.00399	0.04400
