[name]
unknown

[dist]
# distance from previous block
# <min> <max>
0	6

[block]
# block no. 0 follows, 23 sequences, length 17
# corresponding to MSA columns:
# 6-22
name=unknown_A
#
# <colnr> <probs for GDERKNQSTAVLIFYWHMCP>
#	G	D	E	R	K	N	Q	S	T	A	V	L	I	F	Y	W	H	M	C	P
0	0.02386	0.01228	0.01557	0.01327	0.01776	0.01117	0.01063	0.04793	0.05861	0.30646	0.06114	0.09897	0.09199	0.04152	0.01001	0.00285	0.00638	0.08103	0.00838	0.08018
1	0.08738	0.04278	0.05023	0.19366	0.05745	0.01887	0.17926	0.02238	0.01672	0.04700	0.02050	0.04731	0.05903	0.01006	0.01097	0.00278	0.11071	0.00869	0.00451	0.00970
2	0.02817	0.07633	0.02253	0.01774	0.02280	0.24734	0.01427	0.15335	0.09456	0.14500	0.02240	0.02662	0.01777	0.01042	0.00793	0.00243	0.01010	0.06215	0.00672	0.01135
3	0.01459	0.01098	0.01400	0.01295	0.01456	0.01271	0.00999	0.05411	0.03914	0.02451	0.09255	0.03585	0.04724	0.11674	0.22219	0.00651	0.12378	0.00950	0.13019	0.00789
4	0.01213	0.01043	0.01075	0.01024	0.01262	0.05532	0.00768	0.01519	0.02134	0.02777	0.40326	0.06372	0.28494	0.01745	0.00942	0.00259	0.00470	0.01490	0.00809	0.00749
5	0.03010	0.01791	0.01997	0.01535	0.02174	0.06512	0.01249	0.17430	0.02521	0.32676	0.02353	0.02223	0.01602	0.00891	0.00759	0.00216	0.00775	0.00696	0.00794	0.18799
6	0.00980	0.00823	0.00850	0.00844	0.01109	0.00694	0.00633	0.01204	0.01898	0.02307	0.14472	0.07620	0.59769	0.02012	0.00959	0.00272	0.00408	0.01686	0.00769	0.00694
7	0.02936	0.01951	0.02133	0.01660	0.02243	0.02106	0.01363	0.47646	0.03335	0.12587	0.02202	0.02200	0.01556	0.00974	0.00778	0.00237	0.00796	0.00745	0.11259	0.01294
8	0.01855	0.32618	0.40849	0.01925	0.02913	0.02441	0.02323	0.02511	0.01686	0.02293	0.01319	0.01541	0.01034	0.00739	0.00666	0.00222	0.01060	0.00530	0.00345	0.01133
9	0.00989	0.00706	0.00942	0.01130	0.01177	0.00659	0.00753	0.01130	0.01554	0.02071	0.04472	0.70954	0.05367	0.02542	0.01036	0.00330	0.00471	0.02307	0.00753	0.00659
10	0.02116	0.02179	0.02702	0.02235	0.02456	0.12012	0.08397	0.08928	0.01749	0.02371	0.01251	0.01793	0.01114	0.01207	0.01996	0.00313	0.45078	0.00712	0.00420	0.00971
11	0.01637	0.01453	0.01889	0.01371	0.02060	0.01134	0.06682	0.02013	0.01719	0.02598	0.02088	0.02297	0.07215	0.00743	0.00667	0.00149	0.00654	0.00639	0.00500	0.62494
12	0.02964	0.03556	0.02385	0.02272	0.07053	0.56354	0.01631	0.09776	0.02432	0.02374	0.01349	0.01555	0.01099	0.00843	0.00745	0.00215	0.01366	0.00560	0.00460	0.01013
13	0.01612	0.01242	0.01337	0.01213	0.01504	0.01290	0.00896	0.14201	0.12323	0.02815	0.04446	0.11852	0.21652	0.18012	0.01659	0.00394	0.00639	0.01324	0.00715	0.00874
14	0.02887	0.01884	0.02108	0.01694	0.02277	0.02030	0.01374	0.30104	0.22725	0.19975	0.02687	0.02491	0.01882	0.01022	0.00817	0.00255	0.00763	0.00811	0.00864	0.01350
15	0.02020	0.02196	0.02567	0.06237	0.02525	0.15585	0.05030	0.02252	0.01513	0.02001	0.01156	0.01758	0.01071	0.01228	0.02075	0.00316	0.48504	0.00686	0.00371	0.00910
16	0.01907	0.01437	0.01807	0.01383	0.01973	0.01235	0.04056	0.09363	0.02055	0.08506	0.08928	0.08680	0.02376	0.00977	0.00740	0.00187	0.00645	0.00837	0.00631	0.42277

[dist]
# distance from previous block
# <min> <max>
0	7

[block]
# block no. 1 follows, 23 sequences, length 20
# corresponding to MSA columns:
# 30-49
name=unknown_B
#
# <colnr> <probs for GDERKNQSTAVLIFYWHMCP>
#	G	D	E	R	K	N	Q	S	T	A	V	L	I	F	Y	W	H	M	C	P
0	0.02332	0.02176	0.02827	0.13077	0.35577	0.11911	0.02115	0.11829	0.02202	0.05839	0.01615	0.01975	0.01268	0.00803	0.00796	0.00241	0.01032	0.00698	0.00488	0.01198
1	0.01101	0.00817	0.01026	0.00996	0.01189	0.00742	0.00739	0.01432	0.02153	0.02965	0.50511	0.12097	0.17617	0.01806	0.00964	0.00265	0.00395	0.01584	0.00857	0.00742
2	0.01985	0.01187	0.04788	0.01190	0.01574	0.00958	0.00979	0.02313	0.02106	0.24267	0.27327	0.04905	0.13322	0.08012	0.01198	0.00307	0.00571	0.01211	0.00844	0.00957
3	0.77215	0.01569	0.01193	0.01067	0.01569	0.01820	0.00879	0.02385	0.01381	0.03641	0.01130	0.01318	0.00879	0.00753	0.00502	0.00251	0.00628	0.00439	0.00502	0.00879
4	0.01043	0.00813	0.00946	0.00939	0.01154	0.00716	0.00694	0.01317	0.02008	0.02630	0.32367	0.13785	0.34804	0.01939	0.00966	0.00272	0.00405	0.01672	0.00813	0.00716
5	0.01045	0.00820	0.00945	0.00925	0.01152	0.00720	0.00690	0.01327	0.02036	0.02662	0.33895	0.09958	0.37127	0.01900	0.00962	0.00268	0.00401	0.01630	0.00816	0.00720
6	0.00979	0.00823	0.00850	0.00843	0.01108	0.00694	0.00632	0.01204	0.01897	0.02305	0.14367	0.07623	0.59875	0.02013	0.00959	0.00272	0.00408	0.01686	0.00768	0.00694
7	0.54805	0.01415	0.01280	0.01124	0.01573	0.01561	0.00902	0.02436	0.01480	0.13155	0.01492	0.01709	0.01131	0.01092	0.00938	0.11283	0.00649	0.00536	0.00558	0.00880
8	0.02008	0.01928	0.03294	0.04981	0.66422	0.01928	0.02490	0.02490	0.01848	0.02651	0.01526	0.02008	0.01285	0.00723	0.00803	0.00241	0.00964	0.00723	0.00402	0.01285
9	0.02112	0.01790	0.01888	0.01670	0.02146	0.02062	0.01307	0.09529	0.59586	0.03545	0.03184	0.02933	0.02381	0.01090	0.00824	0.00272	0.00664	0.00901	0.00824	0.01293
10	0.02112	0.64760	0.10958	0.01487	0.02235	0.03070	0.01560	0.02445	0.01656	0.01979	0.01163	0.01345	0.01040	0.00702	0.00547	0.00182	0.00903	0.00452	0.00347	0.01058
11	0.01753	0.01079	0.01347	0.01185	0.01504	0.01025	0.00931	0.08619	0.02405	0.13679	0.40835	0.05381	0.11137	0.01541	0.00926	0.00260	0.00507	0.04077	0.00883	0.00924
12	0.01833	0.01749	0.02977	0.28754	0.44018	0.01882	0.02403	0.02337	0.01765	0.02438	0.01495	0.02065	0.01210	0.00755	0.00806	0.00252	0.01007	0.00722	0.00387	0.01144
13	0.29759	0.02020	0.01988	0.01579	0.02176	0.02266	0.01304	0.41647	0.02939	0.04584	0.01654	0.01721	0.01200	0.00895	0.00700	0.00246	0.00797	0.00626	0.00700	0.01200
14	0.01180	0.00787	0.00885	0.00885	0.00885	0.00787	0.00492	0.01180	0.01180	0.01573	0.02557	0.05310	0.02950	0.71483	0.04130	0.00787	0.00787	0.01180	0.00492	0.00492
15	0.01683	0.01442	0.01683	0.01202	0.01923	0.01082	0.00961	0.02043	0.01683	0.02644	0.01442	0.01683	0.01202	0.00601	0.00601	0.00120	0.00601	0.00481	0.00481	0.76444
16	0.02222	0.67784	0.04132	0.01432	0.02109	0.07208	0.01399	0.02480	0.01689	0.01914	0.01136	0.01312	0.01042	0.00703	0.00534	0.00176	0.00904	0.00439	0.00351	0.01035
17	0.01564	0.01475	0.02492	0.65175	0.09696	0.01811	0.02269	0.02101	0.01638	0.02112	0.01448	0.02153	0.01095	0.00805	0.00811	0.00268	0.01074	0.00721	0.00363	0.00927
18	0.01964	0.01882	0.03213	0.11037	0.60714	0.01916	0.02468	0.02451	0.01826	0.02597	0.01518	0.02023	0.01266	0.00731	0.00804	0.00244	0.00975	0.00723	0.00398	0.01249
19	0.02953	0.03566	0.02393	0.02305	0.07710	0.56919	0.01641	0.08620	0.02399	0.02321	0.01339	0.01551	0.01095	0.00839	0.00745	0.00215	0.01371	0.00558	0.00452	0.01008

[dist]
# distance from previous block
# <min> <max>
0	8

[block]
# block no. 2 follows, 23 sequences, length 58
# corresponding to MSA columns:
# 58-115
name=unknown_C
#
# <colnr> <probs for GDERKNQSTAVLIFYWHMCP>
#	G	D	E	R	K	N	Q	S	T	A	V	L	I	F	Y	W	H	M	C	P
0	0.01290	0.01014	0.01104	0.01016	0.01293	0.00957	0.00753	0.06548	0.05625	0.02621	0.16933	0.06118	0.34427	0.12111	0.01396	0.00338	0.00522	0.01413	0.00738	0.03782
1	0.60094	0.02085	0.13476	0.01331	0.01969	0.01862	0.01299	0.05011	0.01545	0.03505	0.01225	0.01418	0.00928	0.00766	0.00565	0.00252	0.00745	0.00481	0.00486	0.00959
2	0.02052	0.01847	0.08173	0.01702	0.04629	0.01723	0.01407	0.25464	0.09814	0.03715	0.17040	0.05979	0.06308	0.03242	0.00960	0.00275	0.00736	0.03076	0.00754	0.01104
3	0.01763	0.25760	0.43213	0.01930	0.02914	0.02241	0.02344	0.02444	0.01700	0.02336	0.01741	0.01933	0.04784	0.00820	0.00701	0.00231	0.01047	0.00611	0.00368	0.01119
4	0.01532	0.01442	0.02434	0.69533	0.05589	0.01803	0.02253	0.02073	0.01622	0.02073	0.01442	0.02163	0.01082	0.00811	0.00811	0.00270	0.01082	0.00721	0.00361	0.00901
5	0.01242	0.00908	0.01125	0.01086	0.01108	0.01008	0.00713	0.01306	0.01206	0.01662	0.02334	0.04597	0.02602	0.53784	0.13760	0.00818	0.08620	0.01081	0.00468	0.00571
6	0.02018	0.01743	0.01835	0.01651	0.02110	0.02018	0.01284	0.04312	0.64956	0.03394	0.03303	0.03027	0.02477	0.01101	0.00826	0.00275	0.00642	0.00917	0.00826	0.01284
7	0.01194	0.00785	0.00880	0.00880	0.00888	0.00785	0.00495	0.01210	0.01202	0.01635	0.02560	0.05213	0.02913	0.68503	0.03979	0.00761	0.00769	0.01162	0.03681	0.00503
8	0.45102	0.01831	0.01729	0.04884	0.02136	0.02084	0.01202	0.25725	0.02320	0.04121	0.01457	0.01601	0.01080	0.00840	0.00636	0.00249	0.00752	0.00565	0.00613	0.01071
9	0.01180	0.00787	0.00885	0.00885	0.00885	0.00787	0.00492	0.01180	0.01180	0.01573	0.02557	0.05310	0.02950	0.71483	0.04130	0.00787	0.00787	0.01180	0.00492	0.00492
10	0.01952	0.01685	0.01772	0.01599	0.02047	0.01935	0.01243	0.04115	0.61013	0.03319	0.03610	0.03326	0.06452	0.01160	0.00834	0.00275	0.00628	0.00967	0.00821	0.01247
11	0.01028	0.00819	0.00922	0.00908	0.01141	0.00713	0.00676	0.01294	0.01996	0.02567	0.28752	0.10169	0.42274	0.01936	0.00962	0.00270	0.00404	0.01653	0.00804	0.00713
12	0.01876	0.01807	0.03119	0.22342	0.47631	0.01899	0.04753	0.02382	0.01789	0.02493	0.01508	0.02057	0.01228	0.00745	0.00811	0.00250	0.01011	0.00731	0.00391	0.01174
13	0.02169	0.71972	0.04252	0.01388	0.02083	0.03211	0.01388	0.02430	0.01649	0.01909	0.01128	0.01302	0.01041	0.00694	0.00521	0.00174	0.00868	0.00434	0.00347	0.01041
14	0.03085	0.02273	0.02435	0.01867	0.02516	0.02516	0.01542	0.63716	0.03815	0.05114	0.01948	0.01948	0.01380	0.00974	0.00812	0.00244	0.00893	0.00731	0.00812	0.01380
15	0.01782	0.01455	0.01730	0.01257	0.01940	0.01153	0.01011	0.02131	0.01693	0.05719	0.01510	0.01739	0.01234	0.00659	0.00708	0.00138	0.03856	0.00508	0.00500	0.69279
16	0.02078	0.60491	0.14928	0.01545	0.02325	0.02986	0.01661	0.02453	0.01660	0.02021	0.01184	0.01371	0.01039	0.00707	0.00563	0.00188	0.00924	0.00462	0.00346	0.01068
17	0.01350	0.01084	0.01401	0.01298	0.01315	0.01307	0.00928	0.01437	0.01213	0.01721	0.02077	0.04025	0.02290	0.43150	0.11554	0.00725	0.21039	0.01006	0.00445	0.00635
18	0.01288	0.00879	0.01003	0.00978	0.01028	0.00898	0.00595	0.05096	0.01370	0.01835	0.02606	0.08590	0.02943	0.60446	0.06568	0.00750	0.00837	0.01200	0.00523	0.00567
19	0.00971	0.00822	0.00838	0.00834	0.01103	0.00690	0.00626	0.01187	0.01877	0.02258	0.11830	0.07700	0.62441	0.02030	0.00959	0.00273	0.00409	0.01697	0.00762	0.00690
20	0.03031	0.03867	0.02299	0.02090	0.02508	0.68226	0.01568	0.03240	0.02299	0.01986	0.01254	0.01463	0.01045	0.00836	0.00732	0.00209	0.01463	0.00523	0.00418	0.00941
21	0.01287	0.00862	0.01118	0.01035	0.01257	0.00787	0.00783	0.01656	0.02274	0.07015	0.59078	0.05959	0.10507	0.01641	0.00949	0.00256	0.00403	0.01442	0.00892	0.00798
22	0.02769	0.02132	0.02189	0.01763	0.02322	0.06123	0.01417	0.41013	0.17230	0.07078	0.02297	0.02370	0.01714	0.04613	0.00981	0.00277	0.00856	0.00787	0.00784	0.01287
23	0.03170	0.01602	0.01955	0.01523	0.02094	0.01571	0.01239	0.22946	0.02735	0.39410	0.06379	0.02842	0.02188	0.05256	0.01021	0.00281	0.00744	0.00848	0.00905	0.01292
24	0.01409	0.00705	0.01057	0.01057	0.01057	0.00705	0.00705	0.01057	0.01057	0.01409	0.01409	0.02467	0.01409	0.02819	0.03171	0.76392	0.00705	0.00705	0.00352	0.00352
25	0.77215	0.01569	0.01193	0.01067	0.01569	0.01820	0.00879	0.02385	0.01381	0.03641	0.01130	0.01318	0.00879	0.00753	0.00502	0.00251	0.00628	0.00439	0.00502	0.00879
26	0.06312	0.02864	0.02250	0.05493	0.04748	0.34433	0.01562	0.14656	0.11884	0.02895	0.01700	0.01850	0.01327	0.00915	0.00830	0.00237	0.03770	0.00642	0.00552	0.01080
27	0.09218	0.29264	0.31889	0.01869	0.02771	0.02411	0.04497	0.05183	0.01757	0.02538	0.01330	0.01549	0.01042	0.00746	0.00660	0.00225	0.01012	0.00542	0.00383	0.01113
28	0.28273	0.06461	0.17382	0.03865	0.02330	0.05161	0.01552	0.02737	0.04403	0.13652	0.02081	0.02144	0.05033	0.00893	0.00683	0.00249	0.00835	0.00649	0.00558	0.01059
29	0.01162	0.00858	0.01246	0.01246	0.01370	0.00983	0.00941	0.01411	0.01287	0.01840	0.02227	0.03484	0.02157	0.15206	0.59323	0.01232	0.01980	0.00913	0.00443	0.00692
30	0.00983	0.00823	0.00855	0.00847	0.01111	0.00695	0.00635	0.01211	0.01906	0.02326	0.15512	0.07588	0.58717	0.02005	0.00959	0.00272	0.00407	0.01682	0.00771	0.00695
31	0.02553	0.03052	0.02539	0.05616	0.02761	0.42899	0.10014	0.05760	0.02184	0.02241	0.01931	0.02180	0.06619	0.00959	0.00906	0.00237	0.05420	0.00715	0.00458	0.00956
32	0.48092	0.01754	0.04401	0.03975	0.02014	0.01860	0.01167	0.08767	0.09507	0.09139	0.01682	0.01765	0.01236	0.00842	0.00623	0.00254	0.00704	0.00577	0.00603	0.01036
33	0.01008	0.00720	0.00963	0.01152	0.01207	0.00676	0.00786	0.01163	0.01572	0.02093	0.04462	0.67251	0.05325	0.02524	0.01041	0.00332	0.00487	0.05821	0.00753	0.00664
34	0.02805	0.01740	0.01950	0.01555	0.02090	0.01839	0.01263	0.34682	0.06654	0.18114	0.02523	0.05387	0.01867	0.01052	0.00785	0.00242	0.00735	0.00833	0.12638	0.01245
35	0.06386	0.12505	0.02515	0.01813	0.02353	0.28968	0.01465	0.25774	0.02714	0.03266	0.01541	0.01672	0.01199	0.00868	0.00716	0.00218	0.01088	0.00593	0.03236	0.01110
36	0.02678	0.02157	0.02325	0.06345	0.02599	0.07901	0.03631	0.42955	0.03130	0.04145	0.02002	0.06116	0.01592	0.01050	0.00877	0.00250	0.03409	0.00815	0.04817	0.01205
37	0.01164	0.00789	0.00881	0.00881	0.00900	0.00780	0.00500	0.01179	0.01227	0.01617	0.02954	0.05485	0.07382	0.66610	0.03907	0.00751	0.00760	0.01217	0.00510	0.00505
38	0.06688	0.01920	0.02513	0.23325	0.05822	0.02168	0.05865	0.30789	0.06607	0.03708	0.01791	0.02065	0.01312	0.00890	0.00804	0.00256	0.00956	0.00737	0.00611	0.01172
39	0.01041	0.00872	0.00915	0.00910	0.01182	0.00767	0.00694	0.01368	0.04871	0.02347	0.12492	0.07506	0.55370	0.01987	0.00960	0.00277	0.00436	0.04517	0.00768	0.00723
40	0.72763	0.01562	0.01266	0.05095	0.01806	0.01819	0.00960	0.02367	0.01395	0.03548	0.01148	0.01368	0.00891	0.00757	0.00520	0.00252	0.00654	0.00456	0.00494	0.00880
41	0.02151	0.68683	0.04169	0.01423	0.02085	0.03177	0.01407	0.02407	0.01630	0.01911	0.01125	0.01324	0.01042	0.00728	0.00621	0.00182	0.04106	0.00447	0.00347	0.01034
42	0.01498	0.00759	0.00769	0.00767	0.00956	0.00757	0.00575	0.01877	0.01725	0.03034	0.05118	0.03144	0.02297	0.00973	0.00582	0.00192	0.00378	0.00784	0.73058	0.00757
43	0.01148	0.00829	0.01085	0.01021	0.01212	0.00766	0.00766	0.01531	0.02297	0.03254	0.65994	0.06061	0.07656	0.01659	0.00957	0.00255	0.00383	0.01467	0.00893	0.00766
44	0.01467	0.01292	0.01305	0.01234	0.01546	0.05332	0.00950	0.02341	0.20602	0.02802	0.19925	0.05664	0.25597	0.01614	0.00915	0.00272	0.00558	0.04895	0.00787	0.00901
45	0.00993	0.00828	0.00870	0.00872	0.01135	0.00704	0.00663	0.01223	0.01892	0.02303	0.13455	0.07709	0.57705	0.02027	0.00966	0.00277	0.00424	0.04491	0.00766	0.00696
46	0.01659	0.08184	0.63571	0.02258	0.03428	0.01962	0.02903	0.02561	0.01709	0.02531	0.01437	0.01689	0.01029	0.00766	0.00756	0.00252	0.01180	0.00590	0.00343	0.01190
47	0.02979	0.03662	0.02362	0.02234	0.05997	0.60502	0.01617	0.06978	0.02369	0.02218	0.01312	0.01523	0.01079	0.00839	0.00741	0.00213	0.01400	0.00547	0.00442	0.00987
48	0.01734	0.01473	0.01710	0.01226	0.01945	0.01134	0.00983	0.04313	0.01761	0.02735	0.01461	0.01692	0.01208	0.00615	0.00609	0.00125	0.00612	0.00490	0.00493	0.73681
49	0.00989	0.00706	0.00942	0.01130	0.01177	0.00659	0.00753	0.01130	0.01554	0.02071	0.04472	0.70954	0.05367	0.02542	0.01036	0.00330	0.00471	0.02307	0.00753	0.00659
50	0.01152	0.00878	0.01065	0.01009	0.01234	0.00815	0.00759	0.01598	0.05613	0.03015	0.49138	0.06302	0.20961	0.01721	0.00950	0.00261	0.00404	0.01494	0.00857	0.00775
51	0.02471	0.01455	0.01742	0.01431	0.01897	0.01471	0.01146	0.17065	0.11178	0.23007	0.23596	0.03695	0.03786	0.01226	0.00863	0.00254	0.00630	0.01024	0.00899	0.01165
52	0.02111	0.02026	0.01886	0.01680	0.02103	0.13318	0.01306	0.05934	0.39258	0.02974	0.02853	0.02812	0.04826	0.01377	0.04858	0.00319	0.04121	0.00844	0.00690	0.04705
53	0.02008	0.01928	0.03294	0.04981	0.66422	0.01928	0.02490	0.02490	0.01848	0.02651	0.01526	0.02008	0.01285	0.00723	0.00803	0.00241	0.00964	0.00723	0.00402	0.01285
54	0.02169	0.71972	0.04252	0.01388	0.02083	0.03211	0.01388	0.02430	0.01649	0.01909	0.01128	0.01302	0.01041	0.00694	0.00521	0.00174	0.00868	0.00434	0.00347	0.01041
55	0.01578	0.01336	0.01734	0.01350	0.01907	0.01107	0.04849	0.03995	0.01757	0.02620	0.05293	0.12591	0.02230	0.01333	0.05216	0.00252	0.00732	0.00874	0.00547	0.48701
56	0.01730	0.06880	0.61020	0.02263	0.03397	0.05763	0.02851	0.02603	0.01744	0.02510	0.01431	0.01682	0.01029	0.00772	0.00759	0.00251	0.01201	0.00589	0.00347	0.01178
57	0.02067	0.02040	0.03236	0.04814	0.62736	0.05751	0.02437	0.02534	0.01874	0.02613	0.01511	0.01977	0.01271	0.00730	0.00799	0.00239	0.00993	0.00711	0.00403	0.01265

[dist]
# distance from previous block
# <min> <max>
0	1

[block]
# block no. 3 follows, 23 sequences, length 181
# corresponding to MSA columns:
# 117-297
name=unknown_D
#
# <colnr> <probs for GDERKNQSTAVLIFYWHMCP>
#	G	D	E	R	K	N	Q	S	T	A	V	L	I	F	Y	W	H	M	C	P
0	0.01928	0.41745	0.32361	0.01801	0.02720	0.02619	0.02106	0.02492	0.01677	0.02204	0.01274	0.01485	0.01035	0.00728	0.00632	0.00211	0.01016	0.00508	0.00345	0.01112
1	0.01740	0.01673	0.02895	0.40637	0.29533	0.01865	0.05508	0.02265	0.01726	0.02328	0.01486	0.02103	0.01170	0.00770	0.00816	0.00259	0.01050	0.00734	0.00379	0.01063
2	0.01178	0.00795	0.00927	0.00927	0.00941	0.00809	0.00544	0.01207	0.01192	0.01604	0.02519	0.05099	0.02859	0.64991	0.10497	0.00838	0.00924	0.01149	0.00486	0.00515
3	0.01657	0.00980	0.00906	0.00871	0.01092	0.04314	0.00660	0.04538	0.01821	0.03059	0.02546	0.02900	0.01997	0.00941	0.00586	0.00192	0.00456	0.00743	0.68951	0.00792
4	0.01683	0.01442	0.01683	0.01202	0.01923	0.01082	0.00961	0.02043	0.01683	0.02644	0.01442	0.01683	0.01202	0.00601	0.00601	0.00120	0.00601	0.00481	0.00481	0.76444
5	0.02634	0.01819	0.02097	0.01856	0.05590	0.01965	0.01427	0.25569	0.23468	0.15030	0.02777	0.03017	0.02106	0.01108	0.00841	0.00265	0.00767	0.05548	0.00823	0.01294
6	0.02067	0.01767	0.01862	0.01661	0.02128	0.02041	0.01296	0.07012	0.62176	0.03473	0.03241	0.02978	0.02427	0.01095	0.00825	0.00274	0.00654	0.00909	0.00825	0.01289
7	0.01723	0.01448	0.01684	0.01235	0.01915	0.01139	0.00983	0.05443	0.01795	0.02751	0.01636	0.05482	0.01439	0.00728	0.00636	0.00139	0.00610	0.00594	0.00514	0.68105
8	0.03085	0.02273	0.02435	0.01867	0.02516	0.02516	0.01542	0.63716	0.03815	0.05114	0.01948	0.01948	0.01380	0.00974	0.00812	0.00244	0.00893	0.00731	0.00812	0.01380
9	0.01518	0.01272	0.01574	0.01418	0.01583	0.01456	0.01068	0.04656	0.07637	0.02237	0.02687	0.15055	0.05623	0.19978	0.02224	0.00425	0.19785	0.01157	0.00558	0.08090
10	0.01160	0.00865	0.01282	0.01282	0.01419	0.01002	0.00987	0.01435	0.01298	0.01867	0.02194	0.03299	0.02077	0.09515	0.64905	0.01277	0.02101	0.00886	0.00438	0.00712
11	0.01600	0.01511	0.02556	0.60371	0.14223	0.01821	0.02287	0.02132	0.01654	0.02155	0.01454	0.02141	0.01111	0.00799	0.00810	0.00266	0.01065	0.00721	0.00366	0.00956
12	0.00989	0.00706	0.00942	0.01130	0.01177	0.00659	0.00753	0.01130	0.01554	0.02071	0.04472	0.70954	0.05367	0.02542	0.01036	0.00330	0.00471	0.02307	0.00753	0.00659
13	0.01090	0.00794	0.01043	0.01211	0.01300	0.00771	0.00863	0.01378	0.04925	0.02194	0.04385	0.58247	0.05112	0.02422	0.01037	0.00333	0.00521	0.10913	0.00756	0.00705
14	0.01099	0.00797	0.01040	0.01066	0.01218	0.00738	0.00780	0.01401	0.02033	0.02811	0.41926	0.25673	0.09668	0.01969	0.00988	0.00284	0.00428	0.04516	0.00838	0.00729
15	0.02295	0.01785	0.01924	0.01652	0.02147	0.02008	0.01306	0.16273	0.45580	0.07698	0.06027	0.02936	0.02472	0.01096	0.00829	0.00266	0.00684	0.00899	0.00837	0.01285
16	0.01627	0.04197	0.67279	0.02313	0.03512	0.01884	0.02998	0.02570	0.01713	0.02570	0.01456	0.01713	0.01028	0.00771	0.00771	0.00257	0.01199	0.00600	0.00343	0.01199
17	0.03079	0.01870	0.01930	0.01584	0.02144	0.12248	0.01263	0.03828	0.16538	0.38887	0.02824	0.02560	0.01920	0.00980	0.00794	0.00243	0.00801	0.00775	0.00843	0.04887
18	0.01775	0.01775	0.02485	0.02130	0.02130	0.02485	0.01775	0.01953	0.01243	0.01953	0.01065	0.01775	0.01065	0.01420	0.02663	0.00355	0.69998	0.00710	0.00355	0.00888
19	0.03085	0.02273	0.02435	0.01867	0.02516	0.02516	0.01542	0.63716	0.03815	0.05114	0.01948	0.01948	0.01380	0.00974	0.00812	0.00244	0.00893	0.00731	0.00812	0.01380
20	0.02303	0.01883	0.03497	0.02578	0.03263	0.01799	0.36427	0.08384	0.05428	0.15983	0.05204	0.05375	0.01941	0.00920	0.00912	0.00268	0.01066	0.00986	0.00626	0.01155
21	0.01093	0.00825	0.01013	0.01002	0.01206	0.00745	0.00756	0.01407	0.02089	0.02815	0.41255	0.11428	0.23958	0.01872	0.00973	0.00273	0.00420	0.05302	0.00834	0.00734
22	0.01792	0.01426	0.02007	0.23146	0.10047	0.01618	0.01594	0.13492	0.02021	0.02837	0.02099	0.09232	0.01838	0.01544	0.07197	0.00355	0.03325	0.00901	0.12560	0.00969
23	0.01198	0.00979	0.01105	0.01163	0.01343	0.04285	0.00863	0.01444	0.01842	0.02402	0.17315	0.32169	0.15207	0.02070	0.00985	0.00297	0.00540	0.10170	0.00752	0.03872
24	0.01465	0.00755	0.00774	0.00784	0.00955	0.00753	0.00573	0.01809	0.01664	0.02892	0.02742	0.06864	0.02308	0.04978	0.00792	0.00230	0.00406	0.00865	0.67655	0.00736
25	0.06075	0.01658	0.01941	0.01535	0.02118	0.01671	0.01251	0.20411	0.11313	0.30663	0.06589	0.02655	0.02157	0.01017	0.00800	0.00245	0.00714	0.00812	0.00868	0.05507
26	0.02152	0.69819	0.06254	0.01418	0.02128	0.03169	0.01440	0.02434	0.01651	0.01930	0.01139	0.01315	0.01041	0.00697	0.00529	0.00176	0.00878	0.00439	0.00347	0.01046
27	0.04860	0.01366	0.01546	0.05265	0.01975	0.01398	0.01161	0.02513	0.20721	0.03000	0.13227	0.14474	0.14705	0.01802	0.01023	0.00337	0.00669	0.08077	0.00839	0.01043
28	0.01916	0.28644	0.29904	0.04357	0.02765	0.02295	0.02040	0.02647	0.06978	0.05107	0.04944	0.01959	0.01543	0.00828	0.00696	0.00228	0.00962	0.00624	0.00442	0.01121
29	0.02104	0.01742	0.04870	0.05099	0.02277	0.01811	0.01355	0.06279	0.43583	0.10282	0.03493	0.03275	0.07941	0.01140	0.00833	0.00270	0.00686	0.00945	0.00792	0.01222
30	0.01486	0.09741	0.20141	0.01468	0.02046	0.01454	0.01518	0.05723	0.02023	0.02728	0.19110	0.04671	0.17680	0.01391	0.00859	0.00259	0.00731	0.05405	0.00630	0.00937
31	0.02380	0.30383	0.11810	0.01666	0.02363	0.10270	0.01592	0.08935	0.08342	0.08405	0.01692	0.01767	0.01314	0.00813	0.00670	0.00210	0.00933	0.00582	0.00516	0.05357
32	0.05259	0.01493	0.02354	0.56064	0.07961	0.01806	0.02092	0.05907	0.01755	0.02366	0.01589	0.04970	0.01279	0.00887	0.00805	0.00269	0.01017	0.00774	0.00414	0.00939
33	0.01003	0.00729	0.00950	0.01121	0.01196	0.00676	0.00770	0.01162	0.01597	0.02101	0.04802	0.61998	0.10826	0.02482	0.01033	0.00327	0.00480	0.05329	0.00753	0.00666
34	0.00995	0.00719	0.00942	0.01107	0.01174	0.00666	0.00746	0.01151	0.01606	0.02135	0.07667	0.64273	0.08875	0.02472	0.01028	0.00323	0.00463	0.02233	0.00760	0.00666
35	0.02091	0.01688	0.01901	0.01405	0.02097	0.01518	0.01136	0.19652	0.04200	0.03369	0.01642	0.01799	0.01291	0.00722	0.00668	0.00160	0.00685	0.00565	0.00585	0.52824
36	0.00997	0.00720	0.00947	0.01124	0.01188	0.00669	0.00763	0.01149	0.01580	0.02090	0.04676	0.65449	0.08741	0.02505	0.01034	0.00328	0.00476	0.04145	0.00753	0.00663
37	0.01168	0.00873	0.00971	0.00980	0.01139	0.00824	0.00677	0.04469	0.01674	0.02123	0.05143	0.16852	0.28163	0.26088	0.02068	0.00463	0.00592	0.04414	0.00666	0.00653
38	0.01745	0.01731	0.02428	0.02090	0.02097	0.02414	0.01738	0.01928	0.01246	0.01949	0.01119	0.01844	0.01112	0.01647	0.05846	0.00401	0.66707	0.00718	0.00359	0.00880
39	0.01057	0.00803	0.01044	0.04436	0.01450	0.00763	0.00881	0.01268	0.01671	0.02153	0.05132	0.44085	0.18561	0.02304	0.01021	0.00321	0.00530	0.11098	0.00733	0.00690
40	0.01683	0.01442	0.01683	0.01202	0.01923	0.01082	0.00961	0.02043	0.01683	0.02644	0.01442	0.01683	0.01202	0.00601	0.00601	0.00120	0.00601	0.00481	0.00481	0.76444
41	0.01367	0.00902	0.01154	0.01047	0.01305	0.00808	0.00797	0.01727	0.02233	0.08601	0.52685	0.05754	0.12191	0.01594	0.00930	0.00251	0.00421	0.01393	0.00873	0.03966
42	0.02008	0.01928	0.03294	0.04981	0.66422	0.01928	0.02490	0.02490	0.01848	0.02651	0.01526	0.02008	0.01285	0.00723	0.00803	0.00241	0.00964	0.00723	0.00402	0.01285
43	0.02169	0.71972	0.04252	0.01388	0.02083	0.03211	0.01388	0.02430	0.01649	0.01909	0.01128	0.01302	0.01041	0.00694	0.00521	0.00174	0.00868	0.00434	0.00347	0.01041
44	0.02732	0.02229	0.02273	0.01786	0.02368	0.08676	0.01453	0.43144	0.03123	0.04156	0.01767	0.01899	0.01328	0.01121	0.03384	0.00268	0.04729	0.00678	0.00686	0.12202
45	0.07399	0.01505	0.02377	0.52612	0.04763	0.01804	0.05178	0.04740	0.03764	0.02446	0.04605	0.02306	0.01446	0.00857	0.00803	0.00267	0.01006	0.00754	0.00433	0.00935
46	0.02169	0.71972	0.04252	0.01388	0.02083	0.03211	0.01388	0.02430	0.01649	0.01909	0.01128	0.01302	0.01041	0.00694	0.00521	0.00174	0.00868	0.00434	0.00347	0.01041
47	0.01180	0.00787	0.00885	0.00885	0.00885	0.00787	0.00492	0.01180	0.01180	0.01573	0.02557	0.05310	0.02950	0.71483	0.04130	0.00787	0.00787	0.01180	0.00492	0.00492
48	0.01159	0.00869	0.01304	0.01304	0.01449	0.01014	0.01014	0.01449	0.01304	0.01884	0.02173	0.03188	0.02029	0.06086	0.68268	0.01304	0.02173	0.00869	0.00435	0.00724
49	0.02875	0.02153	0.02321	0.01781	0.02430	0.02330	0.01464	0.53909	0.06436	0.04752	0.01954	0.01968	0.01411	0.00938	0.00788	0.00231	0.00848	0.00711	0.00775	0.09926
50	0.00989	0.00706	0.00942	0.01130	0.01177	0.00659	0.00753	0.01130	0.01554	0.02071	0.04472	0.70954	0.05367	0.02542	0.01036	0.00330	0.00471	0.02307	0.00753	0.00659
51	0.70964	0.01530	0.01217	0.01081	0.01575	0.01750	0.00887	0.02415	0.01459	0.06275	0.03921	0.01576	0.01209	0.00801	0.00534	0.00251	0.00620	0.00498	0.00539	0.00895
52	0.02169	0.71972	0.04252	0.01388	0.02083	0.03211	0.01388	0.02430	0.01649	0.01909	0.01128	0.01302	0.01041	0.00694	0.00521	0.00174	0.00868	0.00434	0.00347	0.01041
53	0.00959	0.00822	0.00822	0.00822	0.01096	0.00685	0.00617	0.01165	0.01850	0.02192	0.08220	0.07809	0.66092	0.02055	0.00959	0.00274	0.00411	0.01713	0.00754	0.00685
54	0.01414	0.01253	0.03399	0.01281	0.01561	0.04202	0.01028	0.02135	0.13665	0.02985	0.35840	0.08769	0.08724	0.01625	0.00940	0.00276	0.00558	0.08666	0.00809	0.00871
55	0.03510	0.01352	0.01841	0.01422	0.02026	0.01170	0.01170	0.03827	0.02321	0.63642	0.06494	0.02935	0.02305	0.01039	0.00823	0.00251	0.00674	0.00850	0.00998	0.01349
56	0.03031	0.03867	0.02299	0.02090	0.02508	0.68226	0.01568	0.03240	0.02299	0.01986	0.01254	0.01463	0.01045	0.00836	0.00732	0.00209	0.01463	0.00523	0.00418	0.00941
57	0.77215	0.01569	0.01193	0.01067	0.01569	0.01820	0.00879	0.02385	0.01381	0.03641	0.01130	0.01318	0.00879	0.00753	0.00502	0.00251	0.00628	0.00439	0.00502	0.00879
58	0.01908	0.02262	0.07466	0.03468	0.08080	0.02037	0.56995	0.02591	0.01902	0.02601	0.01626	0.02156	0.01226	0.00690	0.00940	0.00271	0.01335	0.00927	0.00407	0.01111
59	0.02600	0.02206	0.02860	0.04907	0.17250	0.05359	0.08826	0.34981	0.06218	0.03936	0.01840	0.02030	0.01374	0.00879	0.00823	0.00247	0.00983	0.00754	0.00641	0.01285
60	0.00989	0.00706	0.00942	0.01130	0.01177	0.00659	0.00753	0.01130	0.01554	0.02071	0.04472	0.70954	0.05367	0.02542	0.01036	0.00330	0.00471	0.02307	0.00753	0.00659
61	0.02169	0.71972	0.04252	0.01388	0.02083	0.03211	0.01388	0.02430	0.01649	0.01909	0.01128	0.01302	0.01041	0.00694	0.00521	0.00174	0.00868	0.00434	0.00347	0.01041
62	0.74577	0.01565	0.01236	0.03454	0.01709	0.01820	0.00927	0.02374	0.01389	0.03586	0.01141	0.01348	0.00886	0.00755	0.00513	0.00252	0.00644	0.00449	0.00497	0.00880
63	0.02472	0.02189	0.02213	0.05075	0.05725	0.14790	0.01552	0.14159	0.19281	0.08814	0.02200	0.02437	0.01711	0.01066	0.01067	0.00267	0.10519	0.02658	0.00650	0.01155
64	0.01360	0.00874	0.01107	0.01036	0.01244	0.00805	0.00767	0.01660	0.02067	0.08451	0.42872	0.05936	0.11809	0.12502	0.01444	0.00344	0.00489	0.03641	0.00822	0.00769
65	0.00971	0.00816	0.00842	0.00850	0.01107	0.00688	0.00632	0.01182	0.01856	0.02241	0.11040	0.11249	0.59631	0.02061	0.00963	0.00276	0.00413	0.01733	0.00761	0.00688
66	0.03031	0.03867	0.02299	0.02090	0.02508	0.68226	0.01568	0.03240	0.02299	0.01986	0.01254	0.01463	0.01045	0.00836	0.00732	0.00209	0.01463	0.00523	0.00418	0.00941
67	0.00997	0.00823	0.00875	0.00862	0.01119	0.00701	0.00646	0.01238	0.01939	0.02405	0.19802	0.07459	0.54378	0.01976	0.00959	0.00270	0.00405	0.01663	0.00782	0.00701
68	0.00989	0.00706	0.00942	0.01130	0.01177	0.00659	0.00753	0.01130	0.01554	0.02071	0.04472	0.70954	0.05367	0.02542	0.01036	0.00330	0.00471	0.02307	0.00753	0.00659
69	0.03615	0.01423	0.01909	0.01464	0.02092	0.01255	0.01209	0.06753	0.02392	0.64086	0.03143	0.02724	0.01979	0.01003	0.00816	0.00251	0.00700	0.00812	0.00995	0.01381
70	0.03245	0.01293	0.01756	0.01376	0.01935	0.01125	0.01125	0.03569	0.02318	0.56857	0.13179	0.03286	0.02906	0.01108	0.00838	0.00252	0.00642	0.00920	0.00987	0.01283
71	0.01126	0.00818	0.01060	0.01021	0.01204	0.00753	0.00758	0.01479	0.02211	0.03102	0.57972	0.11832	0.10112	0.01754	0.00964	0.00263	0.00392	0.01552	0.00875	0.00753
72	0.01825	0.01812	0.03296	0.27013	0.32860	0.01910	0.14670	0.02368	0.01783	0.02441	0.01520	0.02098	0.01204	0.00746	0.00837	0.00258	0.01086	0.00770	0.00389	0.01114
73	0.02800	0.02054	0.02435	0.01893	0.02495	0.02218	0.06381	0.47044	0.06314	0.08429	0.02278	0.07835	0.01793	0.01090	0.00843	0.00255	0.00871	0.00895	0.00787	0.01292
74	0.01053	0.00863	0.00935	0.00924	0.01184	0.00763	0.00703	0.01381	0.04329	0.02461	0.19443	0.07339	0.49172	0.01948	0.00961	0.00275	0.00429	0.04327	0.00784	0.00727
75	0.68338	0.01623	0.01322	0.01148	0.01667	0.01858	0.00946	0.07663	0.01621	0.05974	0.01272	0.01422	0.00961	0.00781	0.00539	0.00250	0.00652	0.00477	0.00546	0.00939
76	0.05562	0.10567	0.50396	0.02104	0.03130	0.01941	0.04855	0.02473	0.01739	0.02609	0.06054	0.01982	0.01506	0.00823	0.00752	0.00249	0.01084	0.00651	0.00393	0.01132
77	0.01627	0.01572	0.07599	0.01495	0.02028	0.01259	0.04125	0.02338	0.12395	0.04830	0.02903	0.14821	0.04928	0.01280	0.00822	0.00239	0.00688	0.07471	0.00626	0.26955
78	0.02008	0.01928	0.03294	0.04981	0.66422	0.01928	0.02490	0.02490	0.01848	0.02651	0.01526	0.02008	0.01285	0.00723	0.00803	0.00241	0.00964	0.00723	0.00402	0.01285
79	0.01474	0.01402	0.02670	0.02101	0.02495	0.01383	0.27406	0.01859	0.01552	0.02132	0.02174	0.07443	0.02098	0.17754	0.21591	0.00694	0.01425	0.01064	0.00457	0.00827
80	0.01180	0.00787	0.00885	0.00885	0.00885	0.00787	0.00492	0.01180	0.01180	0.01573	0.02557	0.05310	0.02950	0.71483	0.04130	0.00787	0.00787	0.01180	0.00492	0.00492
81	0.01952	0.01686	0.01841	0.05852	0.02289	0.01952	0.01323	0.04056	0.58390	0.03306	0.05810	0.03101	0.02607	0.01106	0.00830	0.00274	0.00659	0.00928	0.00800	0.01239
82	0.02017	0.01771	0.02058	0.02160	0.11935	0.02004	0.01469	0.04033	0.55315	0.03281	0.03031	0.02872	0.02295	0.01043	0.00822	0.00270	0.00691	0.00888	0.00761	0.01284
83	0.07203	0.02124	0.02299	0.01771	0.02410	0.02315	0.01463	0.52973	0.03497	0.12686	0.02058	0.02014	0.01430	0.00966	0.00795	0.00245	0.00853	0.00725	0.00819	0.01353
84	0.05699	0.65569	0.04005	0.01376	0.02058	0.03056	0.01356	0.02496	0.01666	0.04896	0.01221	0.01368	0.01077	0.00711	0.00533	0.00181	0.00849	0.00451	0.00384	0.01049
85	0.69635	0.01556	0.01317	0.07925	0.01972	0.01819	0.01016	0.02354	0.01405	0.03484	0.01161	0.01403	0.00899	0.00759	0.00533	0.00253	0.00673	0.00468	0.00488	0.00881
86	0.01530	0.01368	0.02252	0.62076	0.05085	0.01689	0.02071	0.02053	0.01631	0.02176	0.01573	0.02257	0.01190	0.00826	0.00785	0.00262	0.01005	0.00725	0.08560	0.00886
87	0.01950	0.01977	0.03016	0.25212	0.36939	0.08317	0.06122	0.02437	0.01824	0.02399	0.01480	0.02016	0.01194	0.00760	0.00809	0.00249	0.01075	0.00718	0.00391	0.01117
88	0.77215	0.01569	0.01193	0.01067	0.01569	0.01820	0.00879	0.02385	0.01381	0.03641	0.01130	0.01318	0.00879	0.00753	0.00502	0.00251	0.00628	0.00439	0.00502	0.00879
89	0.01908	0.02169	0.04676	0.03357	0.04138	0.02073	0.60481	0.02568	0.01883	0.02568	0.01614	0.02169	0.01223	0.00720	0.01040	0.00278	0.04698	0.00946	0.00408	0.01084
90	0.01554	0.01464	0.02472	0.66649	0.08306	0.01808	0.02264	0.02092	0.01633	0.02099	0.01446	0.02156	0.01091	0.00807	0.00811	0.00269	0.01076	0.00721	0.00362	0.00919
91	0.01123	0.00762	0.00960	0.01100	0.01214	0.00722	0.00801	0.01346	0.01656	0.02295	0.04496	0.44012	0.10367	0.02189	0.00966	0.00309	0.00495	0.11540	0.12956	0.00692
92	0.01627	0.04197	0.67279	0.02313	0.03512	0.01884	0.02998	0.02570	0.01713	0.02570	0.01456	0.01713	0.01028	0.00771	0.00771	0.00257	0.01199	0.00600	0.00343	0.01199
93	0.01350	0.00878	0.01099	0.01022	0.01271	0.00786	0.00774	0.01675	0.02165	0.09394	0.43772	0.08846	0.20451	0.01721	0.00947	0.00262	0.00424	0.01493	0.00866	0.00805
94	0.01971	0.01890	0.03227	0.09986	0.61705	0.01918	0.02472	0.02458	0.01830	0.02606	0.01520	0.02020	0.01270	0.00730	0.00804	0.00243	0.00973	0.00723	0.00398	0.01256
95	0.00989	0.00706	0.00942	0.01130	0.01177	0.00659	0.00753	0.01130	0.01554	0.02071	0.04472	0.70954	0.05367	0.02542	0.01036	0.00330	0.00471	0.02307	0.00753	0.00659
96	0.01180	0.00787	0.00885	0.00885	0.00885	0.00787	0.00492	0.01180	0.01180	0.01573	0.02557	0.05310	0.02950	0.71483	0.04130	0.00787	0.00787	0.01180	0.00492	0.00492
97	0.02169	0.71972	0.04252	0.01388	0.02083	0.03211	0.01388	0.02430	0.01649	0.01909	0.01128	0.01302	0.01041	0.00694	0.00521	0.00174	0.00868	0.00434	0.00347	0.01041
98	0.01980	0.48292	0.26273	0.01711	0.02582	0.02747	0.01951	0.02479	0.01671	0.02140	0.01243	0.01445	0.01037	0.00721	0.00608	0.00203	0.00984	0.00492	0.00346	0.01096
99	0.02416	0.01848	0.01989	0.01651	0.02153	0.02057	0.01319	0.33538	0.24156	0.04147	0.06093	0.06883	0.02374	0.01151	0.00827	0.00258	0.00731	0.00933	0.04235	0.01241
100	0.08008	0.00885	0.01067	0.01024	0.01235	0.00847	0.00767	0.01551	0.02120	0.03121	0.51245	0.11763	0.10022	0.01681	0.00923	0.00263	0.00415	0.01466	0.00837	0.00762
101	0.02470	0.01916	0.02182	0.05007	0.05283	0.02103	0.01507	0.35525	0.16256	0.04075	0.02427	0.02972	0.01949	0.01103	0.00838	0.00259	0.00820	0.07416	0.00751	0.05140
102	0.03033	0.02247	0.02406	0.01856	0.02497	0.02492	0.01530	0.60834	0.06782	0.05030	0.02014	0.02000	0.01433	0.00980	0.00812	0.00245	0.00881	0.00740	0.00812	0.01375
103	0.01180	0.00787	0.00885	0.00885	0.00885	0.00787	0.00492	0.01180	0.01180	0.01573	0.02557	0.05310	0.02950	0.71483	0.04130	0.00787	0.00787	0.01180	0.00492	0.00492
104	0.01664	0.01366	0.01580	0.01153	0.01815	0.01046	0.00918	0.02026	0.01685	0.02686	0.01575	0.01831	0.01299	0.00639	0.00597	0.00128	0.00576	0.00511	0.08829	0.68075
105	0.01014	0.00717	0.00934	0.01097	0.01137	0.00676	0.00718	0.01137	0.01503	0.02004	0.04213	0.62080	0.05040	0.11861	0.01454	0.00391	0.00513	0.02154	0.00718	0.00636
106	0.01069	0.00826	0.00974	0.00937	0.01163	0.00732	0.00703	0.01377	0.02108	0.02807	0.41654	0.06798	0.32275	0.01826	0.00958	0.00263	0.00395	0.01571	0.00834	0.00732
107	0.01551	0.00817	0.00836	0.00822	0.01023	0.00825	0.00618	0.04438	0.01782	0.03063	0.02713	0.06542	0.02223	0.01030	0.00602	0.00199	0.00405	0.00837	0.68897	0.00777
108	0.01409	0.00705	0.01057	0.01057	0.01057	0.00705	0.00705	0.01057	0.01057	0.01409	0.01409	0.02467	0.01409	0.02819	0.03171	0.76392	0.00705	0.00705	0.00352	0.00352
109	0.02169	0.71972	0.04252	0.01388	0.02083	0.03211	0.01388	0.02430	0.01649	0.01909	0.01128	0.01302	0.01041	0.00694	0.00521	0.00174	0.00868	0.00434	0.00347	0.01041
110	0.01726	0.01688	0.02677	0.44044	0.19286	0.05225	0.05179	0.02234	0.01738	0.02248	0.01621	0.02483	0.01335	0.00866	0.00830	0.00266	0.01069	0.04092	0.00397	0.00993
111	0.01627	0.04197	0.67279	0.02313	0.03512	0.01884	0.02998	0.02570	0.01713	0.02570	0.01456	0.01713	0.01028	0.00771	0.00771	0.00257	0.01199	0.00600	0.00343	0.01199
112	0.02853	0.01795	0.01908	0.01595	0.02124	0.08314	0.01269	0.06808	0.26325	0.31133	0.04988	0.02799	0.02241	0.01044	0.00815	0.00256	0.00750	0.00842	0.00864	0.01280
113	0.00971	0.00816	0.00843	0.00850	0.01107	0.00688	0.00632	0.01183	0.01858	0.02245	0.11247	0.11161	0.59506	0.02059	0.00963	0.00276	0.00413	0.01731	0.00761	0.00688
114	0.01753	0.01885	0.03852	0.09114	0.07318	0.01857	0.42854	0.02313	0.01801	0.02450	0.01970	0.11454	0.01771	0.00987	0.01034	0.00283	0.04742	0.01093	0.00449	0.01018
115	0.01072	0.00798	0.01044	0.01154	0.01207	0.00811	0.00789	0.01207	0.01482	0.01990	0.04040	0.50985	0.07343	0.12189	0.05235	0.00445	0.04934	0.01946	0.00675	0.00655
116	0.01478	0.00901	0.01175	0.01125	0.01367	0.00821	0.00866	0.01799	0.02109	0.11943	0.36311	0.14876	0.12258	0.01788	0.00965	0.00279	0.00480	0.07771	0.00860	0.00828
117	0.01915	0.02189	0.04788	0.03420	0.04241	0.02052	0.63475	0.02599	0.01915	0.02599	0.01642	0.02189	0.01231	0.00684	0.00958	0.00274	0.01368	0.00958	0.00410	0.01094
118	0.02208	0.01911	0.02010	0.01850	0.05302	0.04831	0.01384	0.12918	0.48361	0.03532	0.02876	0.02713	0.02159	0.01038	0.00812	0.00262	0.00728	0.00851	0.00776	0.03479
119	0.01305	0.00830	0.01097	0.01163	0.01261	0.00807	0.00805	0.05115	0.01638	0.04125	0.06551	0.45562	0.04210	0.02419	0.01507	0.17962	0.00554	0.01751	0.00678	0.00660
120	0.01233	0.01022	0.01111	0.01040	0.01349	0.00969	0.00791	0.01875	0.13665	0.02686	0.20656	0.06235	0.37574	0.01719	0.00918	0.00263	0.00456	0.01452	0.00788	0.04200
121	0.01759	0.01528	0.01977	0.01441	0.02136	0.01240	0.06646	0.05892	0.01831	0.02768	0.01630	0.04894	0.01405	0.00720	0.00666	0.00151	0.00683	0.00622	0.00507	0.61505
122	0.01675	0.01593	0.02711	0.35168	0.28225	0.01749	0.04921	0.02163	0.01730	0.02323	0.01980	0.05722	0.04730	0.00920	0.00833	0.00262	0.00986	0.00860	0.00418	0.01033
123	0.06350	0.03939	0.60496	0.02346	0.06014	0.01882	0.02845	0.02555	0.01698	0.02640	0.01439	0.01701	0.01029	0.00768	0.00756	0.00256	0.01154	0.00595	0.00355	0.01183
124	0.02096	0.01726	0.01837	0.01641	0.02108	0.01979	0.01280	0.04295	0.61952	0.06444	0.03298	0.03015	0.02454	0.01096	0.00825	0.00274	0.00644	0.00913	0.00834	0.01289
125	0.01148	0.00829	0.01085	0.01021	0.01212	0.00766	0.00766	0.01531	0.02297	0.03254	0.65994	0.06061	0.07656	0.01659	0.00957	0.00255	0.00383	0.01467	0.00893	0.00766
126	0.00987	0.00713	0.00934	0.01111	0.01172	0.00661	0.00745	0.01132	0.01572	0.02079	0.04706	0.67022	0.09148	0.02512	0.01031	0.00326	0.00467	0.02270	0.00753	0.00661
127	0.01180	0.00787	0.00885	0.00885	0.00885	0.00787	0.00492	0.01180	0.01180	0.01573	0.02557	0.05310	0.02950	0.71483	0.04130	0.00787	0.00787	0.01180	0.00492	0.00492
128	0.00990	0.00818	0.00869	0.00868	0.01118	0.00697	0.00647	0.01221	0.01906	0.02355	0.17211	0.10560	0.53904	0.02015	0.00962	0.00274	0.00409	0.01702	0.00776	0.00697
129	0.03369	0.01394	0.01849	0.01435	0.02024	0.01248	0.01178	0.08035	0.02428	0.56598	0.08951	0.03010	0.02489	0.01063	0.00829	0.00251	0.00676	0.00870	0.00980	0.01324
130	0.02151	0.69648	0.06413	0.01420	0.02132	0.03165	0.01444	0.02435	0.01651	0.01932	0.01139	0.01316	0.01041	0.00697	0.00529	0.00176	0.00879	0.00440	0.00347	0.01047
131	0.03149	0.01357	0.01781	0.01417	0.01972	0.01239	0.01152	0.03705	0.09723	0.51788	0.10779	0.03191	0.02744	0.01095	0.00834	0.00254	0.00648	0.00906	0.00970	0.01295
132	0.01769	0.01684	0.02862	0.37415	0.35856	0.01865	0.02371	0.02281	0.01735	0.02361	0.01484	0.02086	0.01183	0.00767	0.00807	0.00256	0.01023	0.00722	0.00381	0.01092
133	0.01061	0.00864	0.00948	0.00943	0.01200	0.00767	0.00723	0.01389	0.04142	0.02470	0.19614	0.07386	0.47199	0.01955	0.00966	0.00278	0.00439	0.06145	0.00784	0.00727
134	0.14063	0.02192	0.02119	0.01861	0.05261	0.09524	0.01423	0.29796	0.18635	0.03993	0.02069	0.02074	0.01539	0.00945	0.00759	0.00249	0.00856	0.00710	0.00705	0.01226
135	0.01179	0.00790	0.00901	0.00901	0.00906	0.00795	0.00511	0.01190	0.01185	0.01585	0.02542	0.05231	0.02916	0.69051	0.06516	0.00806	0.00838	0.01168	0.00490	0.00500
136	0.02169	0.71972	0.04252	0.01388	0.02083	0.03211	0.01388	0.02430	0.01649	0.01909	0.01128	0.01302	0.01041	0.00694	0.00521	0.00174	0.00868	0.00434	0.00347	0.01041
137	0.05655	0.02374	0.02314	0.05342	0.02601	0.11471	0.01534	0.44385	0.09089	0.04311	0.01922	0.01969	0.01402	0.00950	0.00790	0.00243	0.00948	0.00708	0.00724	0.01267
138	0.01180	0.00787	0.00885	0.00885	0.00885	0.00787	0.00492	0.01180	0.01180	0.01573	0.02557	0.05310	0.02950	0.71483	0.04130	0.00787	0.00787	0.01180	0.00492	0.00492
139	0.01532	0.01442	0.02434	0.69533	0.05589	0.01803	0.02253	0.02073	0.01622	0.02073	0.01442	0.02163	0.01082	0.00811	0.00811	0.00270	0.01082	0.00721	0.00361	0.00901
140	0.09421	0.02866	0.02395	0.04965	0.12539	0.33968	0.01682	0.13975	0.02343	0.02811	0.01410	0.01667	0.01131	0.00865	0.00840	0.00234	0.04731	0.00602	0.00489	0.01065
141	0.27183	0.01677	0.01645	0.01357	0.01859	0.01855	0.01105	0.25663	0.05390	0.07389	0.01943	0.02042	0.01434	0.00903	0.00663	0.00237	0.00684	0.00653	0.15229	0.01090
142	0.01308	0.00934	0.01308	0.01494	0.01681	0.00934	0.01308	0.01681	0.01868	0.02428	0.04296	0.09153	0.04670	0.02242	0.01121	0.00374	0.00747	0.60960	0.00747	0.00747
143	0.01679	0.01222	0.01428	0.01304	0.01636	0.01273	0.01013	0.02760	0.25679	0.08534	0.31196	0.04895	0.08297	0.01445	0.00904	0.00269	0.00524	0.04074	0.00863	0.01006
