[name]
unknown

[dist]
# distance from previous block
# <min> <max>
0	67

[block]
# block no. 0 follows, 24 sequences, length 6
# corresponding to MSA columns:
# 75-80
name=unknown_A
#
# <colnr> <probs for GDERKNQSTAVLIFYWHMCP>
#	G	D	E	R	K	N	Q	S	T	A	V	L	I	F	Y	W	H	M	C	P
0	0.05840	0.01115	0.01314	0.01134	0.01542	0.00950	0.00866	0.01812	0.01637	0.07918	0.03016	0.18150	0.07921	0.07557	0.01059	0.00267	0.00579	0.05321	0.00613	0.31389
1	0.14299	0.01119	0.01198	0.06877	0.01653	0.01208	0.00894	0.06390	0.05549	0.06357	0.06736	0.02732	0.02109	0.00944	0.00634	0.00218	0.00533	0.00744	0.38935	0.00873
2	0.01537	0.04897	0.01532	0.04967	0.01732	0.04502	0.01043	0.02135	0.13643	0.04711	0.10513	0.13978	0.09788	0.11700	0.01432	0.00348	0.04736	0.05313	0.00657	0.00838
3	0.15784	0.01407	0.01651	0.01313	0.01854	0.01370	0.01077	0.10577	0.02211	0.41233	0.02572	0.02398	0.01712	0.00929	0.00714	0.00237	0.00649	0.00718	0.10404	0.01189
4	0.55436	0.01478	0.01368	0.01153	0.01681	0.01595	0.00951	0.02792	0.01626	0.22849	0.01713	0.01712	0.01191	0.00810	0.00583	0.00245	0.00632	0.00540	0.00638	0.01006
5	0.01644	0.01409	0.01644	0.01175	0.01879	0.01057	0.00940	0.01997	0.01644	0.02584	0.01409	0.01644	0.01175	0.00587	0.00587	0.00117	0.00587	0.00470	0.00470	0.76979

[dist]
# distance from previous block
# <min> <max>
0	3

[block]
# block no. 1 follows, 24 sequences, length 36
# corresponding to MSA columns:
# 84-119
name=unknown_B
#
# <colnr> <probs for GDERKNQSTAVLIFYWHMCP>
#	G	D	E	R	K	N	Q	S	T	A	V	L	I	F	Y	W	H	M	C	P
0	0.03345	0.01345	0.01803	0.01397	0.01978	0.01189	0.01148	0.06305	0.02331	0.60001	0.08024	0.02915	0.02366	0.01030	0.00808	0.00245	0.00660	0.00843	0.00965	0.01303
1	0.04402	0.01386	0.02207	0.56650	0.04679	0.01732	0.01978	0.01992	0.01538	0.02106	0.01462	0.02193	0.01155	0.03119	0.01014	0.00282	0.06411	0.00709	0.04127	0.00859
2	0.02217	0.01682	0.06907	0.01416	0.02069	0.01350	0.01223	0.11335	0.04831	0.17102	0.02146	0.06985	0.01703	0.00895	0.00715	0.00194	0.00685	0.00731	0.00650	0.35164
3	0.01644	0.01409	0.01644	0.01175	0.01879	0.01057	0.00940	0.01997	0.01644	0.02584	0.01409	0.01644	0.01175	0.00587	0.00587	0.00117	0.00587	0.00470	0.00470	0.76979
4	0.00973	0.00702	0.00909	0.01072	0.01131	0.00652	0.00715	0.01109	0.01521	0.02009	0.04535	0.64032	0.09399	0.05756	0.01150	0.00339	0.00471	0.02162	0.00724	0.00638
5	0.01065	0.00764	0.00993	0.01128	0.01209	0.00729	0.00770	0.03864	0.01664	0.02232	0.08585	0.64062	0.05232	0.02359	0.00997	0.00313	0.00472	0.02131	0.00748	0.00682
6	0.02551	0.01757	0.02003	0.01521	0.02153	0.01732	0.01244	0.31783	0.02704	0.13368	0.01932	0.01993	0.01412	0.01072	0.03961	0.00248	0.00808	0.00652	0.00696	0.26408
7	0.77733	0.01534	0.01166	0.01043	0.01534	0.01779	0.00859	0.02331	0.01350	0.03558	0.01104	0.01288	0.00859	0.00736	0.00491	0.00245	0.00613	0.00429	0.00491	0.00859
8	0.01878	0.02121	0.04578	0.03448	0.08510	0.01997	0.60021	0.02533	0.01867	0.02544	0.01596	0.02127	0.01207	0.00671	0.00925	0.00265	0.01310	0.00920	0.00400	0.01082
9	0.01644	0.01409	0.01644	0.01175	0.01879	0.01057	0.00940	0.01997	0.01644	0.02584	0.01409	0.01644	0.01175	0.00587	0.00587	0.00117	0.00587	0.00470	0.00470	0.76979
10	0.01153	0.00769	0.00865	0.00865	0.00865	0.00769	0.00480	0.01153	0.01153	0.01538	0.02499	0.05189	0.02883	0.72131	0.04036	0.00769	0.00769	0.01153	0.00480	0.00480
11	0.00951	0.00749	0.00859	0.00948	0.01109	0.00657	0.00667	0.01122	0.01669	0.02086	0.06274	0.38363	0.37267	0.02237	0.00973	0.00294	0.00430	0.01953	0.00736	0.00657
12	0.01026	0.00807	0.00927	0.00897	0.01126	0.00707	0.00673	0.01311	0.02018	0.02642	0.36310	0.06809	0.38274	0.01822	0.00936	0.00259	0.00388	0.01558	0.00802	0.00707
13	0.01083	0.00743	0.00899	0.00961	0.00991	0.00722	0.00592	0.01159	0.01362	0.01829	0.07631	0.29454	0.04062	0.41860	0.02719	0.00570	0.00629	0.01574	0.00601	0.00559
14	0.01377	0.00689	0.01033	0.01033	0.01033	0.00689	0.00689	0.01033	0.01033	0.01377	0.01377	0.02410	0.01377	0.02755	0.03099	0.76928	0.00689	0.00689	0.00344	0.00344
15	0.74343	0.01525	0.01196	0.01060	0.01556	0.01751	0.00873	0.02401	0.01392	0.06490	0.01197	0.01353	0.00909	0.00747	0.00505	0.00245	0.00616	0.00446	0.00513	0.00881
16	0.01003	0.00806	0.00895	0.00873	0.01112	0.00698	0.00654	0.01266	0.01963	0.02512	0.28975	0.07022	0.45690	0.01870	0.00937	0.00261	0.00392	0.01588	0.00785	0.00698
17	0.01656	0.01414	0.01751	0.06433	0.05173	0.01174	0.01110	0.04407	0.01721	0.02600	0.01635	0.06495	0.01455	0.00752	0.00649	0.00152	0.00641	0.00630	0.00488	0.59663
18	0.02300	0.57942	0.03749	0.01503	0.02124	0.17161	0.01394	0.02543	0.01747	0.01882	0.01129	0.01306	0.01018	0.00708	0.00553	0.00177	0.00972	0.00442	0.00354	0.00997
19	0.02684	0.02019	0.02578	0.05848	0.21127	0.02161	0.01779	0.39103	0.02964	0.09047	0.01858	0.01992	0.01356	0.00876	0.00791	0.00239	0.00886	0.00718	0.00672	0.01300
20	0.06348	0.15594	0.02479	0.01562	0.02171	0.02178	0.01332	0.32544	0.02799	0.18614	0.05198	0.02133	0.01706	0.00929	0.00732	0.00227	0.00786	0.00699	0.00738	0.01232
21	0.01478	0.00739	0.00739	0.00739	0.00924	0.00739	0.00554	0.01848	0.01663	0.02956	0.02587	0.02956	0.02033	0.00924	0.00554	0.00185	0.00370	0.00739	0.76534	0.00739
22	0.02256	0.01554	0.01774	0.01483	0.01944	0.01600	0.01165	0.26683	0.09050	0.11172	0.02798	0.21039	0.02571	0.01343	0.00831	0.00251	0.00679	0.01133	0.00764	0.09911
23	0.62357	0.01825	0.01362	0.01218	0.01695	0.10144	0.00987	0.05369	0.01590	0.03386	0.01259	0.01587	0.01024	0.00804	0.00553	0.00244	0.00731	0.02476	0.00503	0.00885
24	0.01514	0.01411	0.02407	0.63617	0.05175	0.01723	0.05067	0.02042	0.01603	0.02096	0.01477	0.02157	0.01112	0.00793	0.00788	0.00260	0.01036	0.00717	0.04121	0.00883
25	0.01638	0.01327	0.01560	0.01161	0.01794	0.01013	0.00918	0.01966	0.01668	0.05105	0.02005	0.06986	0.04619	0.00806	0.00643	0.00144	0.00573	0.00668	0.00522	0.64884
26	0.02217	0.64698	0.03936	0.01436	0.02083	0.10701	0.01377	0.02466	0.01684	0.01874	0.01117	0.01290	0.01018	0.00694	0.00533	0.00174	0.00915	0.00434	0.00347	0.01006
27	0.01628	0.01301	0.01540	0.01154	0.01754	0.01007	0.00904	0.01954	0.01682	0.05132	0.06240	0.05477	0.01920	0.04116	0.00802	0.00172	0.00578	0.00667	0.00531	0.61440
28	0.14234	0.01602	0.02041	0.27206	0.03324	0.01804	0.01581	0.15194	0.06713	0.15778	0.01927	0.02116	0.01359	0.00873	0.00747	0.00253	0.00845	0.00695	0.00618	0.01090
29	0.06076	0.01821	0.02092	0.01619	0.02232	0.01890	0.01334	0.35212	0.05440	0.30313	0.02421	0.02243	0.01620	0.00960	0.00784	0.00242	0.00773	0.00744	0.00858	0.01326
30	0.01140	0.00767	0.00885	0.00897	0.00906	0.00769	0.00518	0.01160	0.01183	0.01582	0.02611	0.09601	0.03007	0.64829	0.06375	0.00758	0.00801	0.01216	0.00496	0.00500
31	0.77733	0.01534	0.01166	0.01043	0.01534	0.01779	0.00859	0.02331	0.01350	0.03558	0.01104	0.01288	0.00859	0.00736	0.00491	0.00245	0.00613	0.00429	0.00491	0.00859
32	0.01249	0.00903	0.01237	0.01404	0.01594	0.00892	0.01220	0.01600	0.01824	0.02353	0.04526	0.08833	0.09886	0.02175	0.01082	0.00357	0.00702	0.56706	0.00731	0.00725
33	0.01612	0.03949	0.63097	0.02344	0.03487	0.01854	0.07702	0.02514	0.01690	0.02514	0.01437	0.01710	0.01020	0.00747	0.00768	0.00252	0.01185	0.00613	0.00340	0.01164
34	0.01487	0.01445	0.07103	0.43055	0.03966	0.01456	0.01799	0.01822	0.01464	0.01950	0.01403	0.02116	0.01139	0.01247	0.01330	0.18713	0.00942	0.00674	0.00358	0.06532
35	0.01653	0.09157	0.52436	0.07623	0.05935	0.01948	0.05585	0.02461	0.01676	0.02427	0.01408	0.01709	0.01028	0.00745	0.00747	0.00246	0.01136	0.00603	0.00342	0.01135

[dist]
# distance from previous block
# <min> <max>
0	1

[block]
# block no. 2 follows, 24 sequences, length 9
# corresponding to MSA columns:
# 124-132
name=unknown_C
#
# <colnr> <probs for GDERKNQSTAVLIFYWHMCP>
#	G	D	E	R	K	N	Q	S	T	A	V	L	I	F	Y	W	H	M	C	P
0	0.01537	0.01508	0.02740	0.52488	0.04921	0.01738	0.14420	0.02068	0.01638	0.02128	0.01640	0.06620	0.01357	0.00878	0.00835	0.00269	0.01074	0.00851	0.00387	0.00903
1	0.01087	0.00791	0.01024	0.01004	0.01173	0.00727	0.00738	0.01414	0.02105	0.02938	0.53572	0.16505	0.10394	0.01780	0.00948	0.00262	0.00389	0.01578	0.00844	0.00727
2	0.02978	0.01537	0.07140	0.01437	0.02029	0.01226	0.01262	0.06771	0.02299	0.48602	0.13081	0.03086	0.02732	0.01063	0.00816	0.00246	0.00678	0.00877	0.00901	0.01239
3	0.01115	0.00957	0.03890	0.01071	0.01311	0.00794	0.00874	0.01465	0.02046	0.02785	0.41344	0.09277	0.19301	0.01771	0.00951	0.00270	0.00461	0.08776	0.00798	0.00743
4	0.01153	0.00769	0.00865	0.00865	0.00865	0.00769	0.00480	0.01153	0.01153	0.01538	0.02499	0.05189	0.02883	0.72131	0.04036	0.00769	0.00769	0.01153	0.00480	0.00480
5	0.01106	0.00824	0.01218	0.01247	0.01374	0.00936	0.00950	0.01366	0.01313	0.01870	0.02483	0.14051	0.02503	0.05394	0.58136	0.01122	0.01858	0.01074	0.00475	0.00698
6	0.01584	0.03900	0.63100	0.07357	0.03584	0.01836	0.02875	0.02475	0.01668	0.02475	0.01422	0.01707	0.01008	0.00756	0.00756	0.00252	0.01163	0.00595	0.00336	0.01150
7	0.08964	0.60630	0.03732	0.01385	0.02024	0.08379	0.01327	0.02435	0.01640	0.02023	0.01113	0.01286	0.01004	0.00695	0.00524	0.00179	0.00874	0.00432	0.00358	0.00995
8	0.02557	0.01891	0.02046	0.01685	0.02227	0.02107	0.01354	0.29781	0.33745	0.09803	0.02657	0.02488	0.01925	0.01015	0.00800	0.00254	0.00736	0.00810	0.00817	0.01303

[dist]
# distance from previous block
# <min> <max>
0	1

[block]
# block no. 3 follows, 24 sequences, length 136
# corresponding to MSA columns:
# 134-269
name=unknown_D
#
# <colnr> <probs for GDERKNQSTAVLIFYWHMCP>
#	G	D	E	R	K	N	Q	S	T	A	V	L	I	F	Y	W	H	M	C	P
0	0.77733	0.01534	0.01166	0.01043	0.01534	0.01779	0.00859	0.02331	0.01350	0.03558	0.01104	0.01288	0.00859	0.00736	0.00491	0.00245	0.00613	0.00429	0.00491	0.00859
1	0.02085	0.02244	0.01881	0.02032	0.10248	0.29195	0.01345	0.07259	0.02035	0.02303	0.02502	0.28034	0.02672	0.01443	0.00842	0.00255	0.00956	0.01211	0.00561	0.00893
2	0.01133	0.00850	0.01274	0.01274	0.01416	0.00991	0.00991	0.01416	0.01274	0.01841	0.02124	0.03115	0.01982	0.05947	0.68989	0.01274	0.02124	0.00850	0.00425	0.00708
3	0.01644	0.01409	0.01644	0.01175	0.01879	0.01057	0.00940	0.01997	0.01644	0.02584	0.01409	0.01644	0.01175	0.00587	0.00587	0.00117	0.00587	0.00470	0.00470	0.76979
4	0.01134	0.00846	0.01256	0.01256	0.01391	0.00981	0.00968	0.01404	0.01269	0.01827	0.02141	0.03211	0.02024	0.08992	0.66001	0.01251	0.02062	0.00864	0.00427	0.00698
5	0.01141	0.00782	0.00950	0.00957	0.00988	0.00808	0.00594	0.01204	0.01193	0.01619	0.02504	0.07640	0.02804	0.55834	0.16950	0.00851	0.01028	0.01140	0.00480	0.00533
6	0.01712	0.01383	0.01468	0.01328	0.01661	0.04804	0.01020	0.07679	0.23168	0.05393	0.26187	0.08803	0.09294	0.01411	0.00871	0.00259	0.00571	0.01202	0.00805	0.00981
7	0.02391	0.40186	0.03118	0.01410	0.02042	0.02416	0.01284	0.10427	0.05317	0.13501	0.04314	0.01891	0.01561	0.00815	0.00631	0.00195	0.00773	0.00591	0.00559	0.06576
8	0.01843	0.07256	0.06850	0.03698	0.35140	0.01907	0.20188	0.02353	0.01790	0.02474	0.01878	0.05371	0.03937	0.00828	0.00823	0.00246	0.01018	0.00854	0.00417	0.01129
9	0.08991	0.42480	0.05722	0.04679	0.06949	0.15383	0.01517	0.02516	0.01724	0.02114	0.01179	0.01404	0.01022	0.00720	0.00587	0.00195	0.00966	0.00479	0.00370	0.01002
10	0.01910	0.02041	0.06186	0.08344	0.03099	0.06199	0.21695	0.03226	0.29781	0.02817	0.04655	0.02565	0.01931	0.00906	0.00843	0.00262	0.00964	0.00871	0.00588	0.01118
11	0.01949	0.01431	0.01728	0.04038	0.02066	0.01152	0.01042	0.04544	0.01803	0.11502	0.01661	0.01816	0.01283	0.00663	0.00632	0.00145	0.00629	0.00533	0.00546	0.60836
12	0.01189	0.00830	0.01054	0.00986	0.01201	0.00753	0.00744	0.01536	0.02184	0.05488	0.56103	0.06041	0.15608	0.01651	0.00930	0.00252	0.00389	0.01444	0.00858	0.00760
13	0.02930	0.06765	0.02350	0.01986	0.02433	0.58211	0.01521	0.10247	0.02390	0.02292	0.01299	0.01478	0.01059	0.00826	0.00715	0.00207	0.01339	0.00530	0.00450	0.00974
14	0.68343	0.01577	0.01350	0.03651	0.04358	0.01816	0.01001	0.05387	0.01493	0.03536	0.01170	0.01374	0.00906	0.00748	0.00528	0.00245	0.00655	0.00464	0.00497	0.00900
15	0.77733	0.01534	0.01166	0.01043	0.01534	0.01779	0.00859	0.02331	0.01350	0.03558	0.01104	0.01288	0.00859	0.00736	0.00491	0.00245	0.00613	0.00429	0.00491	0.00859
16	0.00969	0.00701	0.00917	0.01081	0.01146	0.00649	0.00728	0.01119	0.01561	0.02069	0.06590	0.65256	0.09437	0.02425	0.01005	0.00316	0.00453	0.02190	0.00740	0.00649
17	0.01644	0.01409	0.01644	0.01175	0.01879	0.01057	0.00940	0.01997	0.01644	0.02584	0.01409	0.01644	0.01175	0.00587	0.00587	0.00117	0.00587	0.00470	0.00470	0.76979
18	0.01872	0.02139	0.04679	0.03342	0.04144	0.02005	0.64305	0.02540	0.01872	0.02540	0.01604	0.02139	0.01203	0.00668	0.00936	0.00267	0.01337	0.00936	0.00401	0.01070
19	0.01718	0.01719	0.02309	0.02001	0.02029	0.04597	0.01655	0.01904	0.01256	0.01903	0.01154	0.01860	0.01133	0.01817	0.09078	0.00433	0.61521	0.00703	0.00357	0.00854
20	0.01936	0.01672	0.01759	0.01585	0.02027	0.01927	0.01232	0.04106	0.63519	0.03276	0.03395	0.03122	0.04671	0.01108	0.00811	0.00269	0.00620	0.00924	0.00804	0.01235
21	0.02011	0.01708	0.02469	0.42313	0.11158	0.01988	0.02015	0.21179	0.02264	0.02995	0.01569	0.02034	0.01168	0.00832	0.00792	0.00253	0.00988	0.00708	0.00491	0.01064
22	0.01251	0.00896	0.01119	0.01283	0.01355	0.00812	0.00854	0.01308	0.01675	0.02262	0.04500	0.68893	0.05313	0.02584	0.01109	0.00366	0.00555	0.02265	0.00812	0.00787
23	0.02399	0.60181	0.07336	0.01631	0.02309	0.08805	0.01543	0.02598	0.01822	0.02150	0.01403	0.01686	0.01272	0.00873	0.00658	0.00228	0.00993	0.00531	0.00439	0.01143
24	0.19238	0.01969	0.01820	0.05160	0.02206	0.11127	0.01279	0.14489	0.09971	0.03322	0.02567	0.18092	0.02438	0.01408	0.00873	0.00307	0.00855	0.01074	0.00712	0.01095
25	0.01986	0.01895	0.02561	0.02218	0.02246	0.02518	0.01809	0.02077	0.01385	0.02151	0.01317	0.02095	0.01295	0.01536	0.02629	0.00390	0.67680	0.00773	0.00440	0.01000
26	0.01256	0.00925	0.01108	0.01222	0.01343	0.00824	0.00831	0.01341	0.01775	0.02361	0.09328	0.53068	0.16471	0.02441	0.01091	0.00352	0.00539	0.02106	0.00821	0.00798
27	0.02092	0.02235	0.04565	0.07703	0.04302	0.02098	0.57645	0.02648	0.01995	0.02722	0.01843	0.02479	0.01441	0.00856	0.01027	0.00314	0.01376	0.00990	0.00489	0.01181
28	0.02113	0.02133	0.07860	0.13545	0.51537	0.01978	0.02481	0.02530	0.01911	0.02721	0.01732	0.02312	0.01455	0.00899	0.00891	0.00288	0.01048	0.00776	0.00474	0.01315
29	0.01629	0.01317	0.01487	0.01364	0.01695	0.01437	0.01055	0.05567	0.34035	0.03249	0.27243	0.07027	0.04482	0.01376	0.00874	0.00266	0.00540	0.03509	0.00825	0.01023
30	0.08213	0.02802	0.28142	0.02900	0.10314	0.01912	0.29212	0.02500	0.01746	0.02621	0.01482	0.01873	0.01105	0.00710	0.00813	0.00256	0.01172	0.00737	0.00383	0.01110
31	0.23262	0.01898	0.08325	0.02124	0.02782	0.01688	0.26273	0.02584	0.01746	0.13342	0.01907	0.07262	0.01522	0.00884	0.00779	0.00260	0.00946	0.00843	0.00540	0.01032
32	0.02120	0.72609	0.04155	0.01357	0.02035	0.03138	0.01357	0.02374	0.01611	0.01866	0.01102	0.01272	0.01018	0.00678	0.00509	0.00170	0.00848	0.00424	0.00339	0.01018
33	0.00975	0.00702	0.00925	0.01086	0.01149	0.00652	0.00732	0.01131	0.01576	0.02103	0.08502	0.64997	0.07711	0.02411	0.01004	0.00315	0.00452	0.02180	0.00745	0.00652
34	0.01825	0.08527	0.34961	0.01851	0.02661	0.01830	0.02047	0.02932	0.18369	0.07362	0.04908	0.05447	0.01913	0.00964	0.00770	0.00252	0.00902	0.00782	0.00546	0.01151
35	0.02870	0.01418	0.04272	0.01413	0.01952	0.01238	0.01181	0.03477	0.11277	0.45935	0.10262	0.06032	0.02751	0.01123	0.00822	0.00253	0.00644	0.00938	0.00909	0.01231
36	0.06047	0.01529	0.01898	0.01482	0.02080	0.01469	0.01217	0.13627	0.08153	0.49497	0.02866	0.02542	0.01864	0.00976	0.00786	0.00246	0.00700	0.00779	0.00918	0.01323
37	0.00966	0.00690	0.00920	0.01104	0.01150	0.00644	0.00736	0.01104	0.01518	0.02024	0.04371	0.71614	0.05245	0.02484	0.01012	0.00322	0.00460	0.02254	0.00736	0.00644
38	0.01644	0.01409	0.01644	0.01175	0.01879	0.01057	0.00940	0.01997	0.01644	0.02584	0.01409	0.01644	0.01175	0.00587	0.00587	0.00117	0.00587	0.00470	0.00470	0.76979
39	0.02921	0.01781	0.02711	0.02024	0.02685	0.01730	0.17768	0.18159	0.05099	0.32937	0.02439	0.02371	0.01635	0.00896	0.00833	0.00250	0.00894	0.00818	0.00777	0.01272
40	0.01911	0.01361	0.01646	0.04273	0.01995	0.01159	0.01035	0.02450	0.08250	0.13138	0.06846	0.02528	0.04651	0.00843	0.00692	0.00176	0.00603	0.00696	0.00621	0.45127
41	0.27981	0.09709	0.02164	0.38271	0.03703	0.01927	0.01639	0.02172	0.01507	0.02538	0.01268	0.01730	0.00984	0.00760	0.00655	0.00247	0.00879	0.00577	0.00399	0.00889
42	0.01652	0.00949	0.01346	0.01265	0.01492	0.00998	0.00983	0.01912	0.01498	0.15677	0.02485	0.03569	0.02216	0.12385	0.43634	0.00953	0.01591	0.04015	0.00564	0.00818
43	0.10122	0.01099	0.01457	0.01305	0.01639	0.00999	0.06198	0.01602	0.01562	0.02392	0.02982	0.39260	0.03328	0.01631	0.00834	0.00255	0.00586	0.01464	0.00610	0.20673
44	0.77733	0.01534	0.01166	0.01043	0.01534	0.01779	0.00859	0.02331	0.01350	0.03558	0.01104	0.01288	0.00859	0.00736	0.00491	0.00245	0.00613	0.00429	0.00491	0.00859
45	0.00966	0.00690	0.00920	0.01104	0.01150	0.00644	0.00736	0.01104	0.01518	0.02024	0.04371	0.71614	0.05245	0.02484	0.01012	0.00322	0.00460	0.02254	0.00736	0.00644
46	0.69131	0.01512	0.01244	0.01085	0.01590	0.01708	0.00894	0.02509	0.01456	0.11000	0.01339	0.01452	0.00987	0.00765	0.00526	0.00245	0.00621	0.00472	0.00548	0.00916
47	0.01115	0.00810	0.01050	0.00990	0.01180	0.00745	0.00742	0.01482	0.02227	0.03138	0.64405	0.05992	0.09869	0.01637	0.00935	0.00250	0.00375	0.01444	0.00867	0.00745
48	0.00982	0.00702	0.00934	0.01093	0.01154	0.00655	0.00737	0.01144	0.01591	0.02141	0.10656	0.64997	0.05470	0.02397	0.01004	0.00315	0.00451	0.02172	0.00750	0.00655
49	0.01508	0.01406	0.02334	0.52155	0.04552	0.01754	0.04170	0.01948	0.01508	0.01992	0.01422	0.02153	0.01139	0.01305	0.06003	0.03261	0.09456	0.00721	0.00358	0.00853
50	0.01377	0.00689	0.01033	0.01033	0.01033	0.00689	0.00689	0.01033	0.01033	0.01377	0.01377	0.02410	0.01377	0.02755	0.03099	0.76928	0.00689	0.00689	0.00344	0.00344
51	0.11752	0.10059	0.05051	0.02078	0.08729	0.04376	0.11059	0.05035	0.07258	0.23726	0.02089	0.02115	0.01481	0.00834	0.00743	0.00239	0.00864	0.00709	0.00635	0.01169
52	0.01657	0.06162	0.55815	0.02463	0.06181	0.01907	0.09859	0.02507	0.01700	0.02496	0.01436	0.01726	0.01038	0.00739	0.00767	0.00249	0.01170	0.00625	0.00345	0.01158
53	0.01377	0.00689	0.01033	0.01033	0.01033	0.00689	0.00689	0.01033	0.01033	0.01377	0.01377	0.02410	0.01377	0.02755	0.03099	0.76928	0.00689	0.00689	0.00344	0.00344
54	0.02109	0.01354	0.04987	0.06295	0.02032	0.01215	0.01205	0.10471	0.02248	0.21778	0.19333	0.11906	0.05941	0.01387	0.00874	0.00263	0.00645	0.04138	0.00801	0.01016
55	0.01644	0.01409	0.01644	0.01175	0.01879	0.01057	0.00940	0.01997	0.01644	0.02584	0.01409	0.01644	0.01175	0.00587	0.00587	0.00117	0.00587	0.00470	0.00470	0.76979
56	0.01872	0.02139	0.04679	0.03342	0.04144	0.02005	0.64305	0.02540	0.01872	0.02540	0.01604	0.02139	0.01203	0.00668	0.00936	0.00267	0.01337	0.00936	0.00401	0.01070
57	0.01377	0.00689	0.01033	0.01033	0.01033	0.00689	0.00689	0.01033	0.01033	0.01377	0.01377	0.02410	0.01377	0.02755	0.03099	0.76928	0.00689	0.00689	0.00344	0.00344
58	0.17887	0.02138	0.02039	0.01649	0.02202	0.08174	0.01337	0.41375	0.05705	0.04242	0.01840	0.04618	0.01426	0.00964	0.00735	0.00241	0.00843	0.00709	0.00696	0.01179
59	0.01498	0.01409	0.02378	0.70226	0.05462	0.01762	0.02202	0.02026	0.01586	0.02026	0.01409	0.02114	0.01057	0.00793	0.00793	0.00264	0.01057	0.00705	0.00352	0.00881
60	0.02870	0.03567	0.02261	0.06398	0.02644	0.62071	0.01574	0.05473	0.02262	0.02065	0.01264	0.01492	0.01036	0.00821	0.00723	0.00209	0.01385	0.00531	0.00420	0.00933
61	0.06438	0.01488	0.02484	0.40741	0.09004	0.01694	0.10042	0.02162	0.04408	0.02314	0.01853	0.06159	0.01605	0.00966	0.00825	0.00272	0.00984	0.05200	0.00437	0.00925
62	0.26280	0.02859	0.36503	0.01741	0.02609	0.01718	0.01997	0.02660	0.01661	0.12805	0.01581	0.01707	0.01104	0.00783	0.00676	0.00248	0.00917	0.00568	0.00484	0.01099
63	0.02026	0.02065	0.02933	0.07109	0.52572	0.10826	0.02212	0.02451	0.01856	0.02457	0.01774	0.02177	0.04446	0.00789	0.00783	0.00234	0.00986	0.00728	0.00410	0.01166
64	0.01890	0.02087	0.04380	0.03655	0.17061	0.01981	0.51628	0.02518	0.01858	0.02550	0.01581	0.02103	0.01214	0.00676	0.00905	0.00261	0.01256	0.00889	0.00399	0.01108
65	0.20168	0.01773	0.09398	0.07522	0.02382	0.01568	0.01404	0.03244	0.12070	0.29141	0.02324	0.02242	0.01588	0.00896	0.00722	0.00251	0.00744	0.00695	0.00709	0.01158
66	0.01323	0.01101	0.01580	0.07026	0.13987	0.01096	0.01326	0.01712	0.03606	0.02357	0.06923	0.12967	0.18498	0.01741	0.00954	0.00299	0.00672	0.21351	0.00649	0.00832
67	0.01146	0.00845	0.01254	0.01254	0.01397	0.00982	0.00975	0.01432	0.01289	0.01883	0.02141	0.03109	0.01984	0.05758	0.66409	0.01233	0.02058	0.00845	0.03295	0.00709
68	0.01346	0.01259	0.02287	0.04619	0.02372	0.01214	0.22138	0.01791	0.04830	0.02306	0.05688	0.39632	0.03671	0.01705	0.00965	0.00296	0.00783	0.01652	0.00617	0.00830
69	0.01680	0.06448	0.52003	0.02176	0.03171	0.06108	0.05768	0.02466	0.01749	0.02470	0.04170	0.02195	0.01452	0.00856	0.00775	0.00251	0.01130	0.03643	0.00384	0.01106
70	0.12572	0.02177	0.19922	0.01690	0.02439	0.01509	0.04395	0.03254	0.05238	0.35359	0.02336	0.02224	0.01547	0.00878	0.00752	0.00249	0.00829	0.00703	0.00706	0.01220
71	0.02948	0.02188	0.02342	0.01811	0.02434	0.02428	0.01491	0.60680	0.07698	0.04890	0.01989	0.01971	0.01417	0.00960	0.00794	0.00240	0.00857	0.00726	0.00794	0.01343
72	0.01545	0.01458	0.02465	0.63509	0.11805	0.01774	0.02226	0.02068	0.01608	0.02084	0.01418	0.02099	0.01078	0.00784	0.00792	0.00261	0.01045	0.00705	0.00356	0.00919
73	0.02858	0.02199	0.05210	0.02584	0.20540	0.15933	0.01701	0.07616	0.02213	0.28063	0.02101	0.02120	0.01478	0.00857	0.00774	0.00234	0.00947	0.00696	0.00652	0.01224
74	0.01024	0.00783	0.01161	0.01247	0.01342	0.00731	0.04805	0.01196	0.01541	0.02057	0.04194	0.67167	0.04986	0.02368	0.01007	0.00319	0.00516	0.02170	0.00715	0.00671
75	0.01016	0.00726	0.00978	0.01161	0.01229	0.00687	0.00823	0.01191	0.01568	0.02080	0.04343	0.61537	0.05135	0.02437	0.01026	0.00329	0.00504	0.11836	0.00735	0.00658
76	0.01736	0.01709	0.02826	0.40661	0.26337	0.04224	0.06721	0.02243	0.01705	0.02253	0.01445	0.02040	0.01134	0.00755	0.00798	0.00253	0.01051	0.00715	0.00372	0.01024
77	0.35066	0.01674	0.01649	0.09145	0.02256	0.04342	0.01209	0.07220	0.17452	0.09863	0.01924	0.01982	0.01416	0.00869	0.00663	0.00251	0.00722	0.00635	0.00620	0.01044
78	0.01153	0.00769	0.00865	0.00865	0.00865	0.00769	0.00480	0.01153	0.01153	0.01538	0.02499	0.05189	0.02883	0.72131	0.04036	0.00769	0.00769	0.01153	0.00480	0.00480
79	0.01153	0.00769	0.00865	0.00865	0.00865	0.00769	0.00480	0.01153	0.01153	0.01538	0.02499	0.05189	0.02883	0.72131	0.04036	0.00769	0.00769	0.01153	0.00480	0.00480
80	0.01644	0.01409	0.01644	0.01175	0.01879	0.01057	0.00940	0.01997	0.01644	0.02584	0.01409	0.01644	0.01175	0.00587	0.00587	0.00117	0.00587	0.00470	0.00470	0.76979
81	0.06145	0.35711	0.03229	0.04746	0.12020	0.12274	0.01555	0.08847	0.01925	0.02401	0.01309	0.01563	0.01115	0.00923	0.03011	0.00238	0.00990	0.00535	0.00415	0.01049
82	0.01377	0.00689	0.01033	0.01033	0.01033	0.00689	0.00689	0.01033	0.01033	0.01377	0.01377	0.02410	0.01377	0.02755	0.03099	0.76928	0.00689	0.00689	0.00344	0.00344
83	0.02410	0.05044	0.02140	0.01690	0.02225	0.02225	0.01364	0.29069	0.37287	0.03948	0.02587	0.02448	0.01916	0.01007	0.00788	0.00252	0.00739	0.00800	0.00781	0.01283
84	0.01790	0.01509	0.01903	0.01614	0.06163	0.01367	0.03457	0.02503	0.13589	0.05189	0.04436	0.02143	0.01690	0.00780	0.00764	0.00179	0.03730	0.00642	0.00555	0.45997
85	0.01940	0.07078	0.50440	0.02152	0.03188	0.01814	0.06504	0.02715	0.01776	0.12571	0.01682	0.01842	0.01166	0.00779	0.00759	0.00247	0.01089	0.00633	0.00439	0.01185
86	0.01590	0.04102	0.68023	0.02260	0.03432	0.01842	0.02930	0.02511	0.01674	0.02511	0.01423	0.01674	0.01005	0.00753	0.00753	0.00251	0.01172	0.00586	0.00335	0.01172
87	0.01099	0.00793	0.01040	0.01013	0.01180	0.00733	0.00746	0.01439	0.02138	0.03011	0.57638	0.15533	0.07155	0.01747	0.00947	0.00260	0.00387	0.01554	0.00853	0.00733
88	0.01629	0.09026	0.63432	0.02195	0.03332	0.01935	0.02817	0.02501	0.01670	0.02465	0.01400	0.01645	0.01005	0.00748	0.00736	0.00245	0.01149	0.00574	0.00335	0.01161
89	0.01847	0.01766	0.03009	0.21161	0.51797	0.01854	0.02376	0.02332	0.01751	0.02450	0.01471	0.02000	0.01206	0.00728	0.00787	0.00243	0.00971	0.00706	0.00383	0.01163
90	0.01377	0.00689	0.01033	0.01033	0.01033	0.00689	0.00689	0.01033	0.01033	0.01377	0.01377	0.02410	0.01377	0.02755	0.03099	0.76928	0.00689	0.00689	0.00344	0.00344
91	0.03171	0.01970	0.02224	0.01705	0.02334	0.02086	0.01409	0.47059	0.03308	0.23073	0.02257	0.02133	0.01526	0.00960	0.00794	0.00240	0.00816	0.00738	0.00847	0.01349
92	0.01852	0.01996	0.04068	0.11168	0.19605	0.01949	0.42352	0.02457	0.01824	0.02495	0.01555	0.02093	0.01200	0.00692	0.00883	0.00259	0.01210	0.00854	0.00394	0.01094
93	0.01122	0.00811	0.01060	0.00998	0.01185	0.00748	0.00748	0.01496	0.02245	0.03180	0.66766	0.05923	0.07482	0.01621	0.00935	0.00249	0.00374	0.01434	0.00873	0.00748
94	0.02120	0.72609	0.04155	0.01357	0.02035	0.03138	0.01357	0.02374	0.01611	0.01866	0.01102	0.01272	0.01018	0.00678	0.00509	0.00170	0.00848	0.00424	0.00339	0.01018
95	0.01153	0.00769	0.00865	0.00865	0.00865	0.00769	0.00480	0.01153	0.01153	0.01538	0.02499	0.05189	0.02883	0.72131	0.04036	0.00769	0.00769	0.01153	0.00480	0.00480
96	0.01590	0.04102	0.68023	0.02260	0.03432	0.01842	0.02930	0.02511	0.01674	0.02511	0.01423	0.01674	0.01005	0.00753	0.00753	0.00251	0.01172	0.00586	0.00335	0.01172
97	0.03444	0.01375	0.01837	0.01425	0.02027	0.01223	0.01172	0.03890	0.06832	0.63104	0.03136	0.02718	0.01996	0.00988	0.00798	0.00247	0.00671	0.00805	0.00969	0.01343
98	0.03558	0.01350	0.01840	0.01411	0.02024	0.01166	0.01166	0.03865	0.02270	0.67734	0.03128	0.02699	0.01963	0.00981	0.00797	0.00245	0.00675	0.00797	0.00981	0.01350
99	0.03535	0.01386	0.01863	0.01428	0.02043	0.01220	0.01180	0.06429	0.02331	0.65083	0.03077	0.02665	0.01937	0.00980	0.00797	0.00245	0.00683	0.00794	0.00974	0.01349
100	0.01872	0.02139	0.04679	0.03342	0.04144	0.02005	0.64305	0.02540	0.01872	0.02540	0.01604	0.02139	0.01203	0.00668	0.00936	0.00267	0.01337	0.00936	0.00401	0.01070
101	0.02879	0.01891	0.02111	0.01642	0.02208	0.02020	0.01339	0.46004	0.03231	0.15795	0.06813	0.02503	0.01977	0.04670	0.00971	0.00267	0.00796	0.00803	0.00816	0.01261
102	0.01031	0.00803	0.00936	0.00912	0.01131	0.00708	0.00680	0.01316	0.02016	0.02658	0.37316	0.09126	0.34858	0.01832	0.00939	0.00261	0.00390	0.01575	0.00805	0.00708
103	0.01139	0.00828	0.01109	0.01273	0.01419	0.00798	0.01027	0.01411	0.01722	0.02233	0.04664	0.29509	0.11430	0.02268	0.01051	0.00340	0.00606	0.35744	0.00733	0.00695
104	0.01389	0.01067	0.01333	0.01397	0.01645	0.01110	0.01168	0.02154	0.15876	0.02649	0.10930	0.07217	0.08883	0.01873	0.01004	0.00325	0.00646	0.37729	0.00763	0.00843
105	0.01590	0.04102	0.68023	0.02260	0.03432	0.01842	0.02930	0.02511	0.01674	0.02511	0.01423	0.01674	0.01005	0.00753	0.00753	0.00251	0.01172	0.00586	0.00335	0.01172
106	0.02014	0.01724	0.01817	0.01622	0.02078	0.01992	0.01265	0.06641	0.63256	0.03385	0.03174	0.02916	0.02378	0.01071	0.00806	0.00268	0.00637	0.00889	0.00806	0.01259
107	0.00966	0.00690	0.00920	0.01104	0.01150	0.00644	0.00736	0.01104	0.01518	0.02024	0.04371	0.71614	0.05245	0.02484	0.01012	0.00322	0.00460	0.02254	0.00736	0.00644
108	0.01511	0.01415	0.02435	0.64009	0.05210	0.01728	0.05196	0.02009	0.01576	0.02024	0.01418	0.02128	0.01078	0.00870	0.00897	0.03504	0.01055	0.00715	0.00354	0.00868
109	0.01637	0.06526	0.60957	0.02413	0.07961	0.01894	0.02835	0.02501	0.01681	0.02493	0.01416	0.01680	0.01023	0.00747	0.00746	0.00247	0.01143	0.00589	0.00339	0.01172
110	0.01084	0.00786	0.01022	0.01011	0.01173	0.00724	0.00740	0.01404	0.02083	0.02909	0.52022	0.19001	0.09454	0.01808	0.00951	0.00265	0.00392	0.01606	0.00840	0.00724
111	0.01861	0.01803	0.03139	0.18249	0.50420	0.01867	0.06346	0.02356	0.01764	0.02471	0.01482	0.02005	0.01212	0.00722	0.00796	0.00243	0.00991	0.00721	0.00385	0.01167
112	0.01482	0.01374	0.02299	0.65283	0.05187	0.01701	0.02136	0.01999	0.01603	0.02051	0.01610	0.02605	0.01309	0.00893	0.00815	0.00272	0.01034	0.05099	0.00380	0.00870
113	0.01187	0.00857	0.01064	0.01155	0.01269	0.00839	0.00798	0.07685	0.01741	0.02313	0.04165	0.58636	0.07113	0.05736	0.01135	0.00333	0.00516	0.02018	0.00729	0.00710
114	0.01498	0.01409	0.02378	0.70226	0.05462	0.01762	0.02202	0.02026	0.01586	0.02026	0.01409	0.02114	0.01057	0.00793	0.00793	0.00264	0.01057	0.00705	0.00352	0.00881
115	0.01644	0.01409	0.01644	0.01175	0.01879	0.01057	0.00940	0.01997	0.01644	0.02584	0.01409	0.01644	0.01175	0.00587	0.00587	0.00117	0.00587	0.00470	0.00470	0.76979
116	0.01922	0.01933	0.03570	0.06869	0.48427	0.01911	0.18610	0.02447	0.01815	0.02557	0.01518	0.02014	0.01235	0.00700	0.00825	0.00245	0.01050	0.00766	0.00393	0.01194
117	0.03230	0.01550	0.02113	0.16403	0.02924	0.01474	0.01487	0.06328	0.02292	0.48467	0.02855	0.02801	0.01917	0.01077	0.00885	0.00289	0.00838	0.00836	0.00892	0.01341
118	0.00966	0.00690	0.00920	0.01104	0.01150	0.00644	0.00736	0.01104	0.01518	0.02024	0.04371	0.71614	0.05245	0.02484	0.01012	0.00322	0.00460	0.02254	0.00736	0.00644
119	0.01377	0.00689	0.01033	0.01033	0.01033	0.00689	0.00689	0.01033	0.01033	0.01377	0.01377	0.02410	0.01377	0.02755	0.03099	0.76928	0.00689	0.00689	0.00344	0.00344
120	0.77733	0.01534	0.01166	0.01043	0.01534	0.01779	0.00859	0.02331	0.01350	0.03558	0.01104	0.01288	0.00859	0.00736	0.00491	0.00245	0.00613	0.00429	0.00491	0.00859
121	0.01142	0.00814	0.01037	0.01047	0.01189	0.00775	0.00777	0.01411	0.01865	0.02555	0.34993	0.09195	0.08721	0.17910	0.01677	0.00394	0.00535	0.12543	0.00744	0.00675
122	0.03038	0.01838	0.02085	0.01620	0.02211	0.01933	0.01331	0.39432	0.05771	0.23973	0.02378	0.02259	0.01625	0.00964	0.00780	0.00238	0.00770	0.00749	0.05699	0.01306
123	0.01740	0.01432	0.01664	0.01219	0.01900	0.01137	0.00974	0.02247	0.06978	0.04975	0.01622	0.01791	0.01306	0.00642	0.00613	0.00135	0.00594	0.00517	0.00516	0.68001
124	0.01136	0.00838	0.01218	0.01218	0.01340	0.00960	0.00921	0.01380	0.01258	0.01799	0.02176	0.03402	0.02107	0.15107	0.60000	0.01204	0.01936	0.00892	0.00433	0.00677
125	0.01644	0.01409	0.01644	0.01175	0.01879	0.01057	0.00940	0.01997	0.01644	0.02584	0.01409	0.01644	0.01175	0.00587	0.00587	0.00117	0.00587	0.00470	0.00470	0.76979
126	0.02879	0.08796	0.02468	0.01845	0.02404	0.23539	0.01492	0.37335	0.05537	0.03692	0.01672	0.01741	0.01259	0.00890	0.00744	0.00223	0.01037	0.00632	0.00633	0.01180
127	0.01478	0.00739	0.00739	0.00739	0.00924	0.00739	0.00554	0.01848	0.01663	0.02956	0.02587	0.02956	0.02033	0.00924	0.00554	0.00185	0.00370	0.00739	0.76534	0.00739
128	0.01340	0.01048	0.01349	0.01306	0.01485	0.03802	0.01010	0.05531	0.01479	0.02074	0.02105	0.03047	0.01941	0.07872	0.56910	0.01107	0.01901	0.00835	0.03108	0.00750
129	0.02897	0.03465	0.02229	0.01989	0.02424	0.57082	0.01510	0.09751	0.06969	0.02364	0.01442	0.01590	0.01157	0.00850	0.00730	0.00213	0.01313	0.00560	0.00478	0.00989
130	0.29630	0.01919	0.01799	0.04187	0.02103	0.06605	0.01212	0.29822	0.02457	0.03843	0.01603	0.01952	0.01276	0.07225	0.00969	0.00287	0.00816	0.00637	0.00613	0.01047
131	0.12213	0.46196	0.05553	0.01408	0.02051	0.02700	0.01344	0.12553	0.01954	0.02683	0.04043	0.01590	0.01326	0.00774	0.00580	0.00197	0.00812	0.00521	0.00456	0.01045
132	0.01827	0.01517	0.01742	0.01261	0.01956	0.01244	0.01015	0.10319	0.01922	0.02905	0.01475	0.01679	0.01198	0.00636	0.00615	0.00133	0.00625	0.00502	0.00513	0.66916
133	0.06193	0.01601	0.01819	0.01475	0.02025	0.04932	0.01192	0.08614	0.15538	0.40118	0.03092	0.02790	0.04898	0.01027	0.00788	0.00249	0.00705	0.00821	0.00868	0.01255
134	0.01799	0.02023	0.04377	0.03162	0.03904	0.01896	0.59197	0.02425	0.01843	0.02499	0.01827	0.07721	0.01528	0.00814	0.00942	0.00272	0.01266	0.01042	0.00428	0.01035
135	0.01706	0.01426	0.01674	0.09468	0.02274	0.01610	0.01301	0.05655	0.36216	0.02909	0.03460	0.10125	0.05997	0.01394	0.00877	0.00288	0.00679	0.11165	0.00731	0.01045

[dist]
# distance from previous block
# <min> <max>
0	1

[block]
# block no. 4 follows, 24 sequences, length 63
# corresponding to MSA columns:
# 271-333
name=unknown_E
#
# <colnr> <probs for GDERKNQSTAVLIFYWHMCP>
#	G	D	E	R	K	N	Q	S	T	A	V	L	I	F	Y	W	H	M	C	P
0	0.01020	0.00731	0.01009	0.05006	0.01387	0.00710	0.00816	0.01152	0.01494	0.01988	0.04033	0.63754	0.04788	0.02404	0.01118	0.04672	0.00507	0.02078	0.00692	0.00640
1	0.12802	0.01554	0.01867	0.01451	0.02053	0.01512	0.01198	0.16300	0.02457	0.46580	0.02618	0.02356	0.01696	0.00944	0.00758	0.00244	0.00708	0.00734	0.00880	0.01287
2	0.02962	0.03779	0.02247	0.02043	0.02451	0.68948	0.01532	0.03166	0.02247	0.01941	0.01226	0.01430	0.01021	0.00817	0.00715	0.00204	0.01430	0.00511	0.00409	0.00919
3	0.01168	0.00895	0.01316	0.01297	0.01422	0.01060	0.01004	0.01429	0.01264	0.01827	0.02084	0.03155	0.01980	0.09451	0.61547	0.01193	0.05921	0.00858	0.00424	0.00704
4	0.02104	0.01769	0.01867	0.01640	0.02112	0.02034	0.01287	0.11819	0.57933	0.03529	0.03061	0.02826	0.02286	0.01060	0.00805	0.00265	0.00658	0.00874	0.00805	0.01267
5	0.72127	0.04033	0.01318	0.01085	0.01588	0.01853	0.00902	0.04811	0.01453	0.03556	0.01136	0.01312	0.00884	0.00743	0.00503	0.00242	0.00632	0.00441	0.00498	0.00884
6	0.01701	0.01961	0.08537	0.24735	0.04258	0.01857	0.33538	0.02309	0.01728	0.02372	0.01563	0.02127	0.01182	0.00756	0.00914	0.00263	0.03691	0.00814	0.04705	0.00990
7	0.01478	0.00739	0.00739	0.00739	0.00924	0.00739	0.00554	0.01848	0.01663	0.02956	0.02587	0.02956	0.02033	0.00924	0.00554	0.00185	0.00370	0.00739	0.76534	0.00739
8	0.04704	0.01549	0.01663	0.01233	0.01903	0.04616	0.00981	0.02168	0.04494	0.02621	0.01468	0.01677	0.01209	0.00626	0.00600	0.00134	0.00633	0.00489	0.00482	0.66747
9	0.02852	0.01580	0.06912	0.01408	0.02091	0.01187	0.01237	0.03219	0.02043	0.43833	0.02499	0.02315	0.01661	0.00850	0.00733	0.00209	0.00688	0.00686	0.00783	0.23214
10	0.03253	0.01597	0.06964	0.01496	0.02137	0.01296	0.01311	0.03793	0.08339	0.56474	0.03006	0.02645	0.01933	0.00973	0.00795	0.00248	0.00709	0.00791	0.00915	0.01327
11	0.01681	0.03976	0.64993	0.02221	0.03368	0.01811	0.02849	0.02573	0.01701	0.05497	0.01501	0.01721	0.01048	0.00764	0.00755	0.00251	0.01149	0.00596	0.00364	0.01180
12	0.01486	0.01089	0.01571	0.07069	0.07256	0.01122	0.01436	0.01967	0.05111	0.05298	0.03667	0.07270	0.03801	0.01852	0.01019	0.00337	0.00765	0.46357	0.00689	0.00839
13	0.03466	0.01428	0.01881	0.01449	0.02059	0.01291	0.01195	0.08577	0.04369	0.60857	0.03037	0.02646	0.01930	0.00982	0.00797	0.00246	0.00689	0.00794	0.00961	0.01347
14	0.00990	0.00722	0.00985	0.04197	0.01343	0.00694	0.00802	0.01145	0.01521	0.02024	0.04238	0.68504	0.05057	0.02409	0.01002	0.00319	0.00487	0.02185	0.00719	0.00655
15	0.02962	0.03779	0.02247	0.02043	0.02451	0.68948	0.01532	0.03166	0.02247	0.01941	0.01226	0.01430	0.01021	0.00817	0.00715	0.00204	0.01430	0.00511	0.00409	0.00919
16	0.02157	0.69553	0.04071	0.01387	0.02054	0.06060	0.01365	0.02410	0.01639	0.01869	0.01108	0.01279	0.01018	0.00685	0.00518	0.00171	0.00874	0.00428	0.00342	0.01013
17	0.01625	0.03863	0.60318	0.02392	0.03519	0.01862	0.10395	0.02515	0.01698	0.02515	0.01445	0.01731	0.01029	0.00743	0.00776	0.00253	0.01192	0.00629	0.00343	0.01159
18	0.01097	0.00733	0.00982	0.01140	0.01219	0.00684	0.00789	0.01257	0.01570	0.04865	0.04306	0.64670	0.05061	0.02401	0.01008	0.00321	0.00486	0.05984	0.00746	0.00680
19	0.01267	0.00847	0.01126	0.01237	0.01379	0.00815	0.00935	0.03686	0.01762	0.05670	0.07717	0.44643	0.04877	0.02223	0.01012	0.00323	0.00555	0.18434	0.00757	0.00735
20	0.01377	0.00689	0.01033	0.01033	0.01033	0.00689	0.00689	0.01033	0.01033	0.01377	0.01377	0.02410	0.01377	0.02755	0.03099	0.76928	0.00689	0.00689	0.00344	0.00344
21	0.00966	0.00690	0.00920	0.01104	0.01150	0.00644	0.00736	0.01104	0.01518	0.02024	0.04371	0.71614	0.05245	0.02484	0.01012	0.00322	0.00460	0.02254	0.00736	0.00644
22	0.01377	0.00689	0.01033	0.01033	0.01033	0.00689	0.00689	0.01033	0.01033	0.01377	0.01377	0.02410	0.01377	0.02755	0.03099	0.76928	0.00689	0.00689	0.00344	0.00344
23	0.01901	0.01812	0.03042	0.13479	0.56000	0.01872	0.02350	0.02459	0.04638	0.02548	0.01558	0.02028	0.01282	0.00735	0.00787	0.00241	0.00943	0.00715	0.00406	0.01206
24	0.01487	0.01384	0.02348	0.62902	0.05098	0.01692	0.04251	0.01999	0.01595	0.02071	0.01578	0.05120	0.01270	0.00865	0.00800	0.00265	0.01021	0.00780	0.02600	0.00873
25	0.02537	0.01761	0.01870	0.01487	0.01982	0.01925	0.01211	0.45069	0.03087	0.04364	0.02116	0.02231	0.01561	0.00943	0.00719	0.00221	0.00716	0.00722	0.24317	0.01159
26	0.08334	0.04785	0.02280	0.01744	0.02332	0.07533	0.01429	0.46347	0.10180	0.04357	0.01909	0.01915	0.01393	0.00929	0.00756	0.00237	0.00869	0.00687	0.00726	0.01257
27	0.03558	0.01350	0.01840	0.01411	0.02024	0.01166	0.01166	0.03865	0.02270	0.67734	0.03128	0.02699	0.01963	0.00981	0.00797	0.00245	0.00675	0.00797	0.00981	0.01350
28	0.00962	0.00705	0.00904	0.01063	0.01139	0.00648	0.00718	0.01109	0.01558	0.02040	0.04869	0.62913	0.13624	0.02420	0.01002	0.00315	0.00452	0.02175	0.00736	0.00648
29	0.01137	0.00834	0.01195	0.01195	0.01309	0.00948	0.00892	0.01365	0.01251	0.01782	0.02196	0.03516	0.02157	0.18749	0.56425	0.01177	0.01862	0.00908	0.00436	0.00664
30	0.01644	0.01409	0.01644	0.01175	0.01879	0.01057	0.00940	0.01997	0.01644	0.02584	0.01409	0.01644	0.01175	0.00587	0.00587	0.00117	0.00587	0.00470	0.00470	0.76979
31	0.01375	0.00896	0.01117	0.01164	0.01347	0.00862	0.00831	0.01789	0.09063	0.09590	0.06541	0.47396	0.10779	0.02077	0.00954	0.00299	0.00495	0.01849	0.00776	0.00800
32	0.00974	0.00693	0.00918	0.01095	0.01139	0.00649	0.00726	0.01106	0.01504	0.02005	0.04296	0.68968	0.05151	0.05259	0.01133	0.00340	0.00472	0.02210	0.00726	0.00638
33	0.02244	0.01914	0.02245	0.01857	0.02383	0.04655	0.08454	0.14813	0.42579	0.05811	0.02724	0.02607	0.02019	0.00994	0.00815	0.00260	0.00785	0.00849	0.00749	0.01241
34	0.00984	0.00703	0.00941	0.01125	0.01179	0.00660	0.00768	0.01136	0.01536	0.02045	0.04361	0.67948	0.05205	0.02467	0.01017	0.00325	0.00476	0.05740	0.00736	0.00649
35	0.01720	0.20910	0.52353	0.02039	0.03089	0.02160	0.02544	0.02478	0.01659	0.02353	0.01344	0.01576	0.01008	0.00735	0.00693	0.00231	0.01092	0.00546	0.00336	0.01134
36	0.02025	0.02026	0.03082	0.08437	0.57768	0.07892	0.02339	0.02476	0.01832	0.02499	0.01463	0.01924	0.01223	0.00722	0.00779	0.00234	0.00993	0.00689	0.00392	0.01204
37	0.01083	0.00836	0.01190	0.07418	0.01652	0.00823	0.02825	0.01298	0.01590	0.02095	0.06620	0.46513	0.09409	0.06255	0.01165	0.00338	0.00574	0.06952	0.00681	0.00682
38	0.01725	0.01813	0.03558	0.02581	0.03282	0.01637	0.42427	0.02274	0.01820	0.02557	0.05419	0.06165	0.01782	0.00806	0.00859	0.00235	0.01059	0.00931	0.00463	0.18606
39	0.43068	0.06883	0.08609	0.01377	0.01997	0.01993	0.01261	0.16548	0.01962	0.03604	0.01338	0.01489	0.01015	0.00775	0.00594	0.00232	0.00745	0.00513	0.00532	0.05467
40	0.71832	0.01733	0.06346	0.01137	0.01681	0.01784	0.01019	0.02345	0.01375	0.03477	0.01129	0.01318	0.00870	0.00737	0.00511	0.00246	0.00657	0.00442	0.00479	0.00883
41	0.02074	0.01754	0.01850	0.01634	0.02101	0.02020	0.01280	0.10104	0.59697	0.03481	0.03098	0.02856	0.02316	0.01064	0.00806	0.00266	0.00652	0.00879	0.00806	0.01264
42	0.02140	0.01631	0.02188	0.07526	0.17354	0.01583	0.01509	0.15473	0.02235	0.09608	0.07621	0.02302	0.01871	0.00841	0.00745	0.00206	0.00756	0.00714	0.00599	0.23099
43	0.59862	0.04452	0.05154	0.01187	0.01732	0.01790	0.01043	0.02579	0.04772	0.09230	0.01415	0.01523	0.01053	0.00775	0.00550	0.00244	0.00660	0.00495	0.00537	0.00948
44	0.09199	0.01371	0.01738	0.01365	0.01943	0.01250	0.01116	0.03556	0.06801	0.51274	0.05601	0.02681	0.02098	0.00973	0.00767	0.00240	0.00648	0.00783	0.00895	0.05702
45	0.01640	0.01241	0.02024	0.44537	0.06291	0.01447	0.01753	0.01942	0.01525	0.06998	0.01618	0.02418	0.01309	0.01299	0.01336	0.18018	0.00929	0.02460	0.00412	0.00802
46	0.01167	0.00850	0.01095	0.03199	0.01395	0.00841	0.00849	0.06874	0.01720	0.02294	0.04060	0.63263	0.04769	0.02296	0.00986	0.00313	0.00515	0.02069	0.00730	0.00715
47	0.01238	0.00888	0.01212	0.01188	0.01324	0.00998	0.00887	0.04172	0.01378	0.01976	0.02214	0.03476	0.02141	0.18956	0.49223	0.01070	0.01702	0.00900	0.04365	0.00692
48	0.02026	0.01229	0.01488	0.01360	0.01684	0.01239	0.01030	0.13922	0.08864	0.17171	0.03515	0.36165	0.03496	0.01718	0.00902	0.00284	0.00602	0.01502	0.00808	0.00996
49	0.02938	0.02183	0.02337	0.01809	0.02430	0.02424	0.01489	0.60124	0.08269	0.04875	0.02001	0.01981	0.01427	0.00961	0.00794	0.00240	0.00855	0.00727	0.00794	0.01342
