[name]
unknown

[dist]
# distance from previous block
# <min> <max>
0	32

[block]
# block no. 0 follows, 26 sequences, length 118
# corresponding to MSA columns:
# 32-149
name=unknown_A
#
# <colnr> <probs for GDERKNQSTAVLIFYWHMCP>
#	G	D	E	R	K	N	Q	S	T	A	V	L	I	F	Y	W	H	M	C	P
0	0.01310	0.00939	0.01278	0.01415	0.01613	0.00951	0.01234	0.04982	0.01842	0.02403	0.03900	0.08200	0.04203	0.02033	0.01032	0.00343	0.00706	0.60185	0.00702	0.00730
1	0.06891	0.02090	0.02215	0.01706	0.02305	0.02318	0.01409	0.62707	0.03446	0.04708	0.01781	0.01790	0.01265	0.00900	0.00743	0.00228	0.00822	0.00669	0.00743	0.01265
2	0.37012	0.05846	0.06104	0.05831	0.02079	0.01771	0.01213	0.10698	0.05728	0.14682	0.01648	0.01710	0.01183	0.00792	0.00611	0.00233	0.00704	0.00559	0.00579	0.01015
3	0.02961	0.01355	0.01734	0.01360	0.01929	0.01237	0.01108	0.03576	0.13288	0.51185	0.02845	0.02524	0.01878	0.00917	0.00744	0.00226	0.00629	0.00748	0.00862	0.08893
4	0.01665	0.01676	0.02414	0.02042	0.02074	0.02306	0.04361	0.01851	0.01188	0.01851	0.01018	0.01676	0.01002	0.01299	0.02422	0.00329	0.68980	0.00674	0.00334	0.00838
5	0.00924	0.00660	0.00880	0.01056	0.01100	0.00616	0.00704	0.01056	0.01452	0.01936	0.04181	0.72848	0.05017	0.02376	0.00968	0.00308	0.00440	0.02156	0.00704	0.00616
6	0.09291	0.42279	0.13125	0.01488	0.02182	0.02565	0.01506	0.15053	0.01932	0.02627	0.01254	0.01396	0.01021	0.00717	0.00574	0.00194	0.00841	0.00485	0.00424	0.01045
7	0.01575	0.07458	0.60978	0.02303	0.08112	0.01830	0.02687	0.02390	0.01608	0.02375	0.01350	0.01602	0.00980	0.00713	0.00711	0.00235	0.01088	0.00561	0.00325	0.01119
8	0.01318	0.00659	0.00988	0.00988	0.00988	0.00659	0.00659	0.00988	0.00988	0.01318	0.01318	0.02306	0.01318	0.02635	0.02964	0.77931	0.00659	0.00659	0.00329	0.00329
9	0.01790	0.02046	0.04476	0.03197	0.03964	0.01918	0.65857	0.02430	0.01790	0.02430	0.01535	0.02046	0.01151	0.00639	0.00895	0.00256	0.01279	0.00895	0.00384	0.01023
10	0.01520	0.01438	0.02434	0.58286	0.17770	0.01708	0.02150	0.02015	0.01558	0.02045	0.01364	0.01994	0.01049	0.00742	0.00757	0.00247	0.00989	0.00674	0.00345	0.00914
11	0.01432	0.01348	0.02275	0.71520	0.05224	0.01685	0.02107	0.01938	0.01517	0.01938	0.01348	0.02022	0.01011	0.00758	0.00758	0.00253	0.01011	0.00674	0.00337	0.00843
12	0.02818	0.02092	0.02240	0.01732	0.02327	0.02322	0.01426	0.62035	0.07720	0.04675	0.01904	0.01887	0.01357	0.00918	0.00760	0.00230	0.00819	0.00694	0.00760	0.01284
13	0.01103	0.00735	0.00827	0.00827	0.00827	0.00735	0.00460	0.01103	0.01103	0.01471	0.02390	0.04964	0.02758	0.73343	0.03861	0.00735	0.00735	0.01103	0.00460	0.00460
14	0.02028	0.73799	0.03975	0.01298	0.01947	0.03001	0.01298	0.02271	0.01541	0.01785	0.01055	0.01217	0.00973	0.00649	0.00487	0.00162	0.00811	0.00406	0.00324	0.00973
15	0.00896	0.00768	0.00768	0.00768	0.01025	0.00640	0.00576	0.01089	0.01729	0.02049	0.07684	0.07300	0.68304	0.01921	0.00896	0.00256	0.00384	0.01601	0.00704	0.00640
16	0.02733	0.02012	0.02169	0.01692	0.02256	0.02219	0.01385	0.61082	0.03404	0.04562	0.02003	0.07283	0.01577	0.01023	0.00775	0.00234	0.00804	0.00796	0.00755	0.01238
17	0.02883	0.02125	0.02276	0.01745	0.02352	0.02352	0.01442	0.66082	0.03566	0.04780	0.01821	0.01821	0.01290	0.00911	0.00759	0.00228	0.00835	0.00683	0.00759	0.01290
18	0.78701	0.01467	0.01115	0.00997	0.01467	0.01702	0.00821	0.02230	0.01291	0.03403	0.01056	0.01232	0.00821	0.00704	0.00469	0.00235	0.00587	0.00411	0.00469	0.00821
19	0.02412	0.02345	0.01982	0.01716	0.02176	0.22501	0.01339	0.18791	0.32281	0.03169	0.02206	0.02147	0.01665	0.00926	0.00742	0.00232	0.00887	0.00705	0.00654	0.01126
20	0.05871	0.00795	0.00807	0.00786	0.00982	0.00823	0.00594	0.03416	0.01586	0.02801	0.02346	0.02791	0.01887	0.03613	0.04911	0.00264	0.00495	0.00709	0.63807	0.00719
21	0.02043	0.01594	0.01720	0.01524	0.01969	0.01807	0.01192	0.03996	0.60523	0.09983	0.03077	0.02804	0.02270	0.01020	0.00771	0.00255	0.00605	0.00848	0.00789	0.01210
22	0.01573	0.01348	0.01573	0.01123	0.01798	0.01011	0.00899	0.01910	0.01573	0.02472	0.01348	0.01573	0.01123	0.00562	0.00562	0.00112	0.00562	0.00449	0.00449	0.77980
23	0.01537	0.03815	0.65675	0.02221	0.03322	0.01771	0.06432	0.02404	0.01612	0.02404	0.01371	0.01627	0.00972	0.00716	0.00731	0.00241	0.01130	0.00580	0.00324	0.01115
24	0.01790	0.02046	0.04476	0.03197	0.03964	0.01918	0.65857	0.02430	0.01790	0.02430	0.01535	0.02046	0.01151	0.00639	0.00895	0.00256	0.01279	0.00895	0.00384	0.01023
25	0.01862	0.01673	0.02233	0.02757	0.28033	0.01821	0.01642	0.03285	0.39499	0.02872	0.02467	0.02642	0.01946	0.00925	0.00773	0.00248	0.00721	0.02804	0.00614	0.01185
26	0.03403	0.01291	0.01760	0.01350	0.01936	0.01115	0.01115	0.03697	0.02171	0.69137	0.02992	0.02582	0.01878	0.00939	0.00763	0.00235	0.00645	0.00763	0.00939	0.01291
27	0.02009	0.71198	0.06411	0.01330	0.01997	0.02955	0.01354	0.02276	0.01543	0.01808	0.01066	0.01231	0.00973	0.00652	0.00495	0.00165	0.00823	0.00411	0.00324	0.00979
28	0.03403	0.01291	0.01760	0.01350	0.01936	0.01115	0.01115	0.03697	0.02171	0.69137	0.02992	0.02582	0.01878	0.00939	0.00763	0.00235	0.00645	0.00763	0.00939	0.01291
29	0.01084	0.00836	0.01212	0.01208	0.01342	0.00963	0.00936	0.01337	0.01268	0.01795	0.02536	0.07271	0.07019	0.05033	0.58302	0.01057	0.04737	0.00943	0.00443	0.00677
30	0.01432	0.01348	0.02275	0.71520	0.05224	0.01685	0.02107	0.01938	0.01517	0.01938	0.01348	0.02022	0.01011	0.00758	0.00758	0.00253	0.01011	0.00674	0.00337	0.00843
31	0.09007	0.03639	0.01783	0.01321	0.01901	0.01220	0.01099	0.03541	0.02085	0.62038	0.02785	0.02437	0.01769	0.00912	0.00732	0.00232	0.00646	0.00725	0.00884	0.01245
32	0.01635	0.01624	0.02277	0.01959	0.01965	0.02265	0.01630	0.01806	0.01164	0.01823	0.01039	0.01715	0.01034	0.01511	0.05345	0.00369	0.69012	0.00670	0.00335	0.00823
33	0.00911	0.00765	0.00791	0.00793	0.01036	0.00645	0.00592	0.01113	0.01750	0.02119	0.12103	0.09618	0.61351	0.01910	0.00899	0.00257	0.00384	0.01604	0.00714	0.00645
34	0.00924	0.00660	0.00880	0.01056	0.01100	0.00616	0.00704	0.01056	0.01452	0.01936	0.04181	0.72848	0.05017	0.02376	0.00968	0.00308	0.00440	0.02156	0.00704	0.00616
35	0.02718	0.20502	0.02659	0.01588	0.02203	0.02388	0.01370	0.43002	0.02896	0.10859	0.01748	0.01746	0.01271	0.00846	0.00689	0.00212	0.00808	0.00620	0.00666	0.01208
36	0.00908	0.00769	0.00784	0.00781	0.01032	0.00645	0.00585	0.01111	0.01756	0.02114	0.11632	0.07193	0.64315	0.01897	0.00896	0.00255	0.00382	0.01586	0.00713	0.00645
37	0.01790	0.02046	0.04476	0.03197	0.03964	0.01918	0.65857	0.02430	0.01790	0.02430	0.01535	0.02046	0.01151	0.00639	0.00895	0.00256	0.01279	0.00895	0.00384	0.01023
38	0.01084	0.00813	0.01219	0.01219	0.01354	0.00948	0.00948	0.01354	0.01219	0.01761	0.02032	0.02980	0.01896	0.05689	0.70337	0.01219	0.02032	0.00813	0.00406	0.00677
39	0.03403	0.01291	0.01760	0.01350	0.01936	0.01115	0.01115	0.03697	0.02171	0.69137	0.02992	0.02582	0.01878	0.00939	0.00763	0.00235	0.00645	0.00763	0.00939	0.01291
40	0.01400	0.00736	0.01056	0.01028	0.01060	0.00748	0.00700	0.04429	0.01124	0.01501	0.01344	0.02280	0.01316	0.02544	0.02848	0.73824	0.00668	0.00660	0.00352	0.00380
41	0.03364	0.01353	0.01799	0.01379	0.01967	0.01208	0.01139	0.08376	0.02276	0.64310	0.02905	0.02525	0.01834	0.00937	0.00762	0.00234	0.00660	0.00757	0.00925	0.01291
42	0.06787	0.02285	0.02140	0.01720	0.02267	0.13373	0.01389	0.46386	0.09392	0.04074	0.01798	0.01814	0.01314	0.00890	0.00733	0.00226	0.00886	0.00654	0.00685	0.01189
43	0.02927	0.01833	0.02216	0.01701	0.02274	0.01943	0.04258	0.39931	0.02910	0.24703	0.02128	0.02061	0.01451	0.00931	0.00866	0.00237	0.04890	0.00716	0.00774	0.01252
44	0.01665	0.06584	0.17140	0.02528	0.03246	0.04163	0.37708	0.02243	0.01702	0.02296	0.01829	0.11811	0.01637	0.00905	0.00838	0.00252	0.01104	0.00960	0.00412	0.00978
45	0.00922	0.00667	0.00873	0.01039	0.01096	0.00618	0.00696	0.01058	0.01469	0.01943	0.04390	0.68926	0.08804	0.02349	0.00964	0.00305	0.00437	0.02123	0.00704	0.00618
46	0.02826	0.02096	0.02244	0.01734	0.02330	0.02325	0.01428	0.62510	0.07232	0.04688	0.01894	0.01879	0.01349	0.00917	0.00760	0.00229	0.00821	0.00693	0.00760	0.01285
47	0.07538	0.01899	0.09379	0.02250	0.02951	0.01565	0.33264	0.02299	0.01693	0.06828	0.01711	0.06474	0.01401	0.00768	0.00775	0.00225	0.00970	0.00809	0.00455	0.16746
48	0.03233	0.01334	0.01767	0.01356	0.01937	0.01181	0.01117	0.07633	0.02236	0.60471	0.04509	0.02569	0.01942	0.00937	0.00757	0.00229	0.00647	0.00760	0.00904	0.04479
49	0.43046	0.01416	0.01398	0.01157	0.01659	0.01501	0.00951	0.07843	0.01784	0.25225	0.01843	0.01822	0.01276	0.00809	0.00593	0.00231	0.00612	0.00567	0.05260	0.01008
50	0.02199	0.01227	0.01698	0.01507	0.01916	0.01196	0.04899	0.02846	0.12945	0.27952	0.03326	0.04936	0.02885	0.01390	0.00884	0.00285	0.00695	0.25401	0.00784	0.01028
51	0.18310	0.07978	0.01828	0.01293	0.01846	0.01482	0.01081	0.03304	0.08421	0.43161	0.02435	0.02210	0.01626	0.00874	0.00679	0.00230	0.00644	0.00669	0.00771	0.01158
52	0.08587	0.01846	0.02058	0.05648	0.02301	0.02091	0.01379	0.45709	0.02878	0.04019	0.04283	0.02012	0.01491	0.01296	0.06073	0.00311	0.05535	0.00696	0.00660	0.01128
53	0.00924	0.00660	0.00880	0.01056	0.01100	0.00616	0.00704	0.01056	0.01452	0.01936	0.04181	0.72848	0.05017	0.02376	0.00968	0.00308	0.00440	0.02156	0.00704	0.00616
54	0.00955	0.00673	0.00871	0.01016	0.01053	0.00637	0.00661	0.01064	0.01391	0.01855	0.03868	0.61014	0.04623	0.14748	0.01472	0.00383	0.00492	0.01973	0.00661	0.00589
55	0.11386	0.01396	0.02127	0.59577	0.04623	0.01715	0.01914	0.04654	0.01573	0.02244	0.01331	0.01913	0.00998	0.00758	0.00721	0.00249	0.00949	0.00641	0.00372	0.00859
56	0.07646	0.01649	0.01919	0.02071	0.14105	0.01857	0.01378	0.03584	0.50330	0.03063	0.02632	0.02536	0.02000	0.00940	0.00745	0.00250	0.00654	0.00791	0.00677	0.01172
57	0.01110	0.00853	0.01298	0.06492	0.01645	0.01003	0.01035	0.01398	0.01241	0.01774	0.01980	0.02908	0.01830	0.05319	0.65118	0.01147	0.01955	0.00802	0.00401	0.00690
58	0.02539	0.01864	0.02031	0.01648	0.02178	0.02060	0.01348	0.42567	0.19137	0.07596	0.02361	0.02616	0.01806	0.01030	0.00784	0.00244	0.00756	0.05443	0.00767	0.01223
59	0.01521	0.03923	0.69413	0.02162	0.03283	0.01762	0.02802	0.02402	0.01601	0.02402	0.01361	0.01601	0.00961	0.00721	0.00721	0.00240	0.01121	0.00560	0.00320	0.01121
60	0.01356	0.01257	0.02137	0.53826	0.04352	0.01493	0.05650	0.01797	0.01521	0.01967	0.01906	0.15700	0.01793	0.01064	0.00807	0.00264	0.00917	0.00974	0.00411	0.00810
61	0.01084	0.00813	0.01219	0.01219	0.01354	0.00948	0.00948	0.01354	0.01219	0.01761	0.02032	0.02980	0.01896	0.05689	0.70337	0.01219	0.02032	0.00813	0.00406	0.00677
62	0.03338	0.01395	0.01825	0.01399	0.01988	0.01270	0.01156	0.11499	0.02345	0.61088	0.02846	0.02487	0.01804	0.00935	0.00762	0.00234	0.00669	0.00753	0.00916	0.01291
63	0.03349	0.01432	0.01807	0.01397	0.01978	0.03887	0.01148	0.07483	0.02255	0.62581	0.02850	0.02488	0.01807	0.00931	0.00759	0.00233	0.00685	0.00747	0.00906	0.01275
64	0.01074	0.00775	0.01014	0.00954	0.01133	0.00716	0.00716	0.01431	0.02147	0.03042	0.68211	0.05666	0.07157	0.01551	0.00895	0.00239	0.00358	0.01372	0.00835	0.00716
65	0.00945	0.00675	0.00901	0.01063	0.01121	0.00632	0.00725	0.01099	0.01505	0.02015	0.08005	0.66322	0.05119	0.02316	0.00967	0.00305	0.00445	0.04501	0.00712	0.00625
66	0.02028	0.73799	0.03975	0.01298	0.01947	0.03001	0.01298	0.02271	0.01541	0.01785	0.01055	0.01217	0.00973	0.00649	0.00487	0.00162	0.00811	0.00406	0.00324	0.00973
67	0.02736	0.02015	0.02172	0.01694	0.02258	0.02222	0.01386	0.61205	0.03408	0.04567	0.01998	0.07149	0.01569	0.01020	0.00774	0.00234	0.00805	0.00793	0.00755	0.01239
68	0.02028	0.73799	0.03975	0.01298	0.01947	0.03001	0.01298	0.02271	0.01541	0.01785	0.01055	0.01217	0.00973	0.00649	0.00487	0.00162	0.00811	0.00406	0.00324	0.00973
69	0.02061	0.67064	0.06165	0.01355	0.02018	0.02919	0.01359	0.06094	0.01664	0.01985	0.01111	0.01266	0.00992	0.00667	0.00511	0.00169	0.00823	0.00428	0.00350	0.00998
70	0.01593	0.01414	0.01848	0.01320	0.02003	0.01097	0.07060	0.01959	0.01593	0.02468	0.01366	0.01618	0.01126	0.00569	0.00593	0.00126	0.00630	0.00492	0.00443	0.70681
71	0.01578	0.01509	0.02583	0.42396	0.07977	0.01746	0.12282	0.04731	0.03741	0.02194	0.01553	0.04432	0.01260	0.00995	0.03087	0.00288	0.05576	0.00770	0.00393	0.00909
72	0.07811	0.01756	0.01811	0.01722	0.06092	0.05802	0.01267	0.07000	0.48711	0.05613	0.02652	0.02505	0.01987	0.00959	0.00742	0.00248	0.00676	0.00779	0.00708	0.01162
73	0.78701	0.01467	0.01115	0.00997	0.01467	0.01702	0.00821	0.02230	0.01291	0.03403	0.01056	0.01232	0.00821	0.00704	0.00469	0.00235	0.00587	0.00411	0.00469	0.00821
74	0.00924	0.00660	0.00880	0.01056	0.01100	0.00616	0.00704	0.01056	0.01452	0.01936	0.04181	0.72848	0.05017	0.02376	0.00968	0.00308	0.00440	0.02156	0.00704	0.00616
75	0.02833	0.03615	0.02149	0.01954	0.02345	0.70298	0.01466	0.03029	0.02149	0.01856	0.01172	0.01368	0.00977	0.00782	0.00684	0.00195	0.01368	0.00489	0.00391	0.00879
76	0.02833	0.03615	0.02149	0.01954	0.02345	0.70298	0.01466	0.03029	0.02149	0.01856	0.01172	0.01368	0.00977	0.00782	0.00684	0.00195	0.01368	0.00489	0.00391	0.00879
77	0.01084	0.00813	0.01219	0.01219	0.01354	0.00948	0.00948	0.01354	0.01219	0.01761	0.02032	0.02980	0.01896	0.05689	0.70337	0.01219	0.02032	0.00813	0.00406	0.00677
78	0.03403	0.01291	0.01760	0.01350	0.01936	0.01115	0.01115	0.03697	0.02171	0.69137	0.02992	0.02582	0.01878	0.00939	0.00763	0.00235	0.00645	0.00763	0.00939	0.01291
79	0.01805	0.19458	0.47295	0.01918	0.02861	0.06481	0.02302	0.02472	0.01649	0.05239	0.01354	0.01544	0.01006	0.00718	0.00668	0.00220	0.01046	0.00530	0.00354	0.01080
80	0.07753	0.02018	0.02130	0.01655	0.02233	0.02240	0.01363	0.57791	0.05354	0.04574	0.01833	0.01848	0.01314	0.00900	0.00733	0.00227	0.00795	0.00671	0.03332	0.01237
81	0.02798	0.01185	0.01585	0.01266	0.01751	0.01055	0.01026	0.03184	0.04904	0.51009	0.18145	0.03309	0.03122	0.01085	0.00794	0.00237	0.00577	0.00908	0.00908	0.01153
82	0.00924	0.00660	0.00880	0.01056	0.01100	0.00616	0.00704	0.01056	0.01452	0.01936	0.04181	0.72848	0.05017	0.02376	0.00968	0.00308	0.00440	0.02156	0.00704	0.00616
83	0.01664	0.01672	0.02394	0.02031	0.02057	0.02310	0.03783	0.01845	0.01182	0.01845	0.01014	0.01672	0.01001	0.01305	0.02436	0.00329	0.69617	0.00671	0.00334	0.00836
84	0.00931	0.00665	0.00886	0.01052	0.01102	0.00621	0.00705	0.01073	0.01484	0.01986	0.07069	0.69817	0.05113	0.02339	0.00965	0.00305	0.00436	0.02121	0.00710	0.00621
85	0.03403	0.01291	0.01760	0.01350	0.01936	0.01115	0.01115	0.03697	0.02171	0.69137	0.02992	0.02582	0.01878	0.00939	0.00763	0.00235	0.00645	0.00763	0.00939	0.01291
86	0.01432	0.01348	0.02275	0.71520	0.05224	0.01685	0.02107	0.01938	0.01517	0.01938	0.01348	0.02022	0.01011	0.00758	0.00758	0.00253	0.01011	0.00674	0.00337	0.00843
87	0.17420	0.02370	0.01919	0.01603	0.02091	0.22994	0.01275	0.30541	0.02574	0.03500	0.01513	0.01628	0.01143	0.00829	0.00666	0.00216	0.00922	0.00572	0.05185	0.01038
88	0.01772	0.01992	0.04174	0.03028	0.03688	0.01975	0.56854	0.02345	0.01702	0.02345	0.01459	0.01992	0.01129	0.00736	0.01119	0.00266	0.11190	0.00863	0.00376	0.00996
89	0.01566	0.01484	0.02516	0.51512	0.24192	0.01720	0.02173	0.02055	0.01580	0.02100	0.01372	0.01979	0.01068	0.00734	0.00756	0.00245	0.00978	0.00675	0.00349	0.00950
90	0.02833	0.03615	0.02149	0.01954	0.02345	0.70298	0.01466	0.03029	0.02149	0.01856	0.01172	0.01368	0.00977	0.00782	0.00684	0.00195	0.01368	0.00489	0.00391	0.00879
91	0.01545	0.10637	0.07272	0.01720	0.01911	0.02012	0.01511	0.01788	0.01274	0.01862	0.01449	0.07510	0.01455	0.01970	0.12704	0.00442	0.40969	0.00767	0.00372	0.00828
92	0.02883	0.02125	0.02276	0.01745	0.02352	0.02352	0.01442	0.66082	0.03566	0.04780	0.01821	0.01821	0.01290	0.00911	0.00759	0.00228	0.00835	0.00683	0.00759	0.01290
93	0.03916	0.51914	0.07004	0.01253	0.01827	0.02393	0.01236	0.02073	0.01642	0.02073	0.11698	0.02311	0.06299	0.00874	0.00588	0.00186	0.00726	0.00639	0.00431	0.00917
94	0.01931	0.01825	0.03080	0.06832	0.57065	0.01847	0.06397	0.07102	0.01861	0.02627	0.01460	0.01889	0.01198	0.00694	0.00761	0.00228	0.00925	0.00691	0.00403	0.01183
95	0.01318	0.00659	0.00988	0.00988	0.00988	0.00659	0.00659	0.00988	0.00988	0.01318	0.01318	0.02306	0.01318	0.02635	0.02964	0.77931	0.00659	0.00659	0.00329	0.00329
96	0.01530	0.03397	0.54705	0.07489	0.06118	0.01727	0.06762	0.02328	0.01634	0.02397	0.03980	0.01832	0.01229	0.00749	0.00743	0.00241	0.01084	0.00627	0.00348	0.01081
97	0.02883	0.02125	0.02276	0.01745	0.02352	0.02352	0.01442	0.66082	0.03566	0.04780	0.01821	0.01821	0.01290	0.00911	0.00759	0.00228	0.00835	0.00683	0.00759	0.01290
98	0.07289	0.01903	0.02079	0.01608	0.02186	0.02054	0.01322	0.49743	0.03124	0.15805	0.01997	0.02007	0.01406	0.02921	0.00829	0.00243	0.00785	0.00693	0.00765	0.01240
99	0.00935	0.00665	0.00877	0.01042	0.01084	0.00623	0.00689	0.01059	0.01431	0.01908	0.04073	0.68786	0.04882	0.06623	0.01141	0.00334	0.00458	0.02093	0.00689	0.00607
100	0.02115	0.01743	0.01844	0.01590	0.02060	0.01993	0.01256	0.18267	0.52633	0.03542	0.02797	0.02598	0.02080	0.01002	0.00769	0.00250	0.00654	0.00817	0.00769	0.01221
101	0.01714	0.01242	0.04988	0.04485	0.01832	0.01121	0.01140	0.02345	0.13128	0.14681	0.07323	0.17838	0.03264	0.03842	0.00953	0.00284	0.00627	0.12547	0.00705	0.05941
102	0.01620	0.03545	0.59754	0.02101	0.03127	0.01676	0.04952	0.02422	0.01637	0.06475	0.01595	0.04892	0.01207	0.00806	0.00741	0.00244	0.01067	0.00657	0.00378	0.01105
103	0.12877	0.02466	0.02086	0.01717	0.02220	0.22560	0.01374	0.36533	0.02757	0.03621	0.01497	0.01602	0.01124	0.00859	0.00759	0.00223	0.03452	0.00588	0.00596	0.01089
104	0.01063	0.00772	0.01003	0.00968	0.01142	0.00712	0.00727	0.01400	0.02076	0.02910	0.59749	0.09703	0.09490	0.01633	0.00904	0.00247	0.00376	0.03602	0.00817	0.00706
105	0.01001	0.00741	0.01044	0.01127	0.01200	0.00702	0.03620	0.01141	0.01421	0.01894	0.03771	0.56884	0.04462	0.13601	0.01428	0.00375	0.00533	0.03792	0.00651	0.00612
106	0.02170	0.07741	0.19280	0.07902	0.10723	0.06289	0.10709	0.11485	0.02021	0.11988	0.01650	0.01853	0.01196	0.00763	0.00743	0.00230	0.00994	0.00658	0.00490	0.01116
107	0.01012	0.00750	0.00959	0.01099	0.01201	0.00720	0.00787	0.01285	0.04996	0.02057	0.04438	0.54314	0.10879	0.02224	0.00961	0.00306	0.00477	0.10168	0.00707	0.00660
108	0.01674	0.01424	0.01707	0.01374	0.05830	0.01143	0.01019	0.05993	0.01708	0.02618	0.01383	0.01607	0.01139	0.00591	0.00586	0.00126	0.00599	0.00478	0.00465	0.68536
109	0.01866	0.01143	0.01189	0.01026	0.01335	0.01213	0.00810	0.21540	0.02198	0.03428	0.02274	0.02518	0.01743	0.00892	0.00600	0.00192	0.00501	0.00700	0.53945	0.00886
110	0.01062	0.00771	0.01001	0.00952	0.01128	0.00709	0.00711	0.01406	0.02107	0.02967	0.63769	0.08337	0.09039	0.01595	0.00898	0.00242	0.00362	0.01410	0.00826	0.00709
111	0.01752	0.01971	0.04238	0.10583	0.04100	0.01893	0.58966	0.02377	0.01761	0.02377	0.01514	0.02043	0.01136	0.00652	0.00880	0.00255	0.01250	0.00871	0.00379	0.01004
112	0.01905	0.01759	0.02642	0.27180	0.26056	0.04160	0.04703	0.12934	0.01943	0.02612	0.01434	0.01894	0.01127	0.00789	0.00872	0.00243	0.05594	0.00679	0.00425	0.01049
113	0.01219	0.00887	0.01206	0.01360	0.01547	0.00886	0.01180	0.01608	0.03563	0.02281	0.04230	0.08315	0.08479	0.02054	0.01030	0.00341	0.00675	0.57730	0.00701	0.00709
114	0.01018	0.00802	0.00976	0.03724	0.01332	0.00740	0.00812	0.01275	0.01757	0.02234	0.15674	0.14764	0.35003	0.01909	0.00932	0.00279	0.00479	0.14912	0.00709	0.00670
115	0.01740	0.01957	0.05711	0.13882	0.03846	0.04663	0.46112	0.02326	0.01741	0.02356	0.01555	0.02059	0.01175	0.00685	0.00832	0.00246	0.01165	0.00818	0.06163	0.00967
116	0.08079	0.01463	0.01797	0.01393	0.01973	0.01394	0.01146	0.14275	0.05045	0.48007	0.02594	0.02328	0.01692	0.00905	0.00734	0.00229	0.00669	0.00716	0.00848	0.04716
117	0.22853	0.01826	0.11085	0.15719	0.11120	0.01673	0.01621	0.09587	0.01774	0.07832	0.03484	0.01873	0.01274	0.00868	0.00778	0.03743	0.00813	0.00615	0.00484	0.00979

[dist]
# distance from previous block
# <min> <max>
1	9

[block]
# block no. 1 follows, 26 sequences, length 19
# corresponding to MSA columns:
# 159-177
name=unknown_B
#
# <colnr> <probs for GDERKNQSTAVLIFYWHMCP>
#	G	D	E	R	K	N	Q	S	T	A	V	L	I	F	Y	W	H	M	C	P
0	0.23162	0.07560	0.05489	0.01873	0.12800	0.05021	0.01355	0.12832	0.01965	0.11515	0.03429	0.01857	0.01369	0.00798	0.00640	0.00221	0.00747	0.00600	0.05726	0.01039
1	0.01965	0.01353	0.01539	0.01301	0.01656	0.01399	0.00992	0.24048	0.06474	0.08730	0.08335	0.13749	0.02773	0.15419	0.01401	0.00335	0.00663	0.01054	0.00694	0.06119
2	0.04508	0.01237	0.01502	0.01324	0.01667	0.01226	0.03520	0.15615	0.05574	0.02818	0.04610	0.34164	0.03143	0.01522	0.00819	0.00248	0.00592	0.01338	0.00658	0.13913
3	0.01059	0.00775	0.00993	0.00939	0.01124	0.00709	0.00704	0.01402	0.02112	0.02958	0.63088	0.05804	0.12333	0.01582	0.00895	0.00240	0.00360	0.01391	0.00824	0.00709
4	0.02700	0.16027	0.02206	0.01389	0.01959	0.06052	0.01169	0.03269	0.12130	0.35396	0.02363	0.02183	0.01643	0.00853	0.00687	0.00211	0.00711	0.00662	0.00713	0.07679
5	0.04769	0.01428	0.01748	0.07200	0.02180	0.01243	0.02946	0.05454	0.05292	0.04392	0.01506	0.01720	0.01197	0.00640	0.00612	0.00151	0.00640	0.00523	0.00486	0.55874
6	0.09897	0.05430	0.11811	0.01392	0.02007	0.01322	0.01305	0.03048	0.01968	0.42403	0.09457	0.02568	0.02160	0.00935	0.00729	0.00232	0.00689	0.00746	0.00759	0.01143
7	0.02156	0.65096	0.03731	0.01347	0.01974	0.07652	0.01300	0.02398	0.01617	0.05274	0.01163	0.01298	0.01020	0.00673	0.00515	0.00168	0.00842	0.00430	0.00361	0.00983
8	0.04935	0.01156	0.05635	0.01160	0.01528	0.00939	0.00975	0.02196	0.02047	0.23093	0.37815	0.07978	0.04777	0.01322	0.00830	0.00241	0.00508	0.01138	0.00812	0.00916
9	0.02530	0.30090	0.02838	0.01707	0.02195	0.44912	0.01402	0.02743	0.01920	0.01829	0.01128	0.01311	0.00976	0.00732	0.00610	0.00183	0.01158	0.00457	0.00366	0.00915
10	0.01016	0.00819	0.00914	0.00901	0.01138	0.00737	0.00690	0.01358	0.04958	0.02395	0.24112	0.06720	0.43580	0.01787	0.00901	0.00258	0.00409	0.05870	0.00744	0.00692
11	0.01697	0.01271	0.01434	0.01253	0.01631	0.01306	0.00991	0.10858	0.20125	0.05607	0.17824	0.03980	0.08893	0.01220	0.00789	0.00234	0.00546	0.05378	0.05942	0.09020
12	0.01074	0.00775	0.01014	0.00954	0.01133	0.00716	0.00716	0.01431	0.02147	0.03042	0.68211	0.05666	0.07157	0.01551	0.00895	0.00239	0.00358	0.01372	0.00835	0.00716
13	0.78701	0.01467	0.01115	0.00997	0.01467	0.01702	0.00821	0.02230	0.01291	0.03403	0.01056	0.01232	0.00821	0.00704	0.00469	0.00235	0.00587	0.00411	0.00469	0.00821
14	0.21258	0.06766	0.02938	0.02256	0.07077	0.01790	0.28860	0.02192	0.01608	0.02614	0.04969	0.05819	0.01576	0.00830	0.00814	0.00243	0.04073	0.00794	0.00441	0.03081
15	0.20771	0.12916	0.36173	0.01740	0.02584	0.01884	0.04532	0.02429	0.01562	0.07047	0.01359	0.01540	0.00997	0.00718	0.00636	0.00228	0.00920	0.00529	0.00402	0.01034
16	0.08928	0.06416	0.01649	0.01271	0.01641	0.08559	0.01007	0.20427	0.02282	0.03179	0.17309	0.03149	0.05416	0.07178	0.00984	0.00262	0.00683	0.00853	0.07905	0.00900
17	0.09703	0.02122	0.04244	0.13215	0.11562	0.11293	0.05814	0.13527	0.02143	0.07650	0.01764	0.02140	0.01387	0.00970	0.00928	0.00277	0.05770	0.00712	0.03649	0.01130
18	0.42872	0.06682	0.01829	0.04399	0.08821	0.03231	0.03338	0.06446	0.04738	0.04839	0.03881	0.01685	0.01270	0.00763	0.00589	0.00227	0.00701	0.00552	0.00498	0.02640

[dist]
# distance from previous block
# <min> <max>
42	73

[block]
# block no. 2 follows, 26 sequences, length 7
# corresponding to MSA columns:
# 254-260
name=unknown_C
#
# <colnr> <probs for GDERKNQSTAVLIFYWHMCP>
#	G	D	E	R	K	N	Q	S	T	A	V	L	I	F	Y	W	H	M	C	P
0	0.11291	0.01581	0.02202	0.07852	0.02469	0.03624	0.13693	0.09083	0.01832	0.05759	0.06318	0.05168	0.01764	0.03108	0.00936	0.00239	0.05491	0.00764	0.00514	0.16311
1	0.05108	0.01210	0.01480	0.01278	0.01617	0.01226	0.00995	0.06771	0.08033	0.17211	0.12160	0.16133	0.03071	0.04377	0.01071	0.00267	0.06852	0.01075	0.00704	0.09361
2	0.12601	0.01713	0.06527	0.18584	0.02965	0.01723	0.08386	0.10708	0.13657	0.02853	0.01903	0.06976	0.01558	0.00906	0.00735	0.00242	0.00822	0.00778	0.00526	0.05838
3	0.11289	0.01221	0.01441	0.01208	0.01597	0.01203	0.00963	0.05140	0.03920	0.14016	0.17428	0.03328	0.02945	0.05627	0.01049	0.00256	0.05603	0.04420	0.00656	0.16690
4	0.07128	0.01854	0.02814	0.02159	0.02722	0.05723	0.26663	0.13890	0.09527	0.07083	0.01950	0.04909	0.01541	0.01277	0.06932	0.00332	0.01075	0.00832	0.00550	0.01040
5	0.02148	0.01701	0.01878	0.01430	0.02046	0.01668	0.01158	0.28446	0.10473	0.03503	0.01756	0.01829	0.01338	0.00762	0.00668	0.00177	0.00678	0.00595	0.00616	0.37128
6	0.01277	0.00859	0.01075	0.01085	0.01280	0.00818	0.00806	0.01684	0.07556	0.08066	0.21866	0.29840	0.12842	0.01835	0.00910	0.00275	0.00460	0.05938	0.00765	0.00761

[dist]
# distance from previous block
# <min> <max>
21	40

[block]
# block no. 3 follows, 26 sequences, length 7
# corresponding to MSA columns:
# 304-310
name=unknown_D
#
# <colnr> <probs for GDERKNQSTAVLIFYWHMCP>
#	G	D	E	R	K	N	Q	S	T	A	V	L	I	F	Y	W	H	M	C	P
0	0.02594	0.01972	0.02116	0.01661	0.02238	0.02164	0.01355	0.49351	0.15784	0.04300	0.02032	0.01999	0.01477	0.00908	0.00747	0.00225	0.00769	0.00700	0.00739	0.06869
1	0.02833	0.03615	0.02149	0.01954	0.02345	0.70298	0.01466	0.03029	0.02149	0.01856	0.01172	0.01368	0.00977	0.00782	0.00684	0.00195	0.01368	0.00489	0.00391	0.00879
2	0.01728	0.01543	0.02113	0.04840	0.02325	0.01408	0.10020	0.07297	0.06339	0.02641	0.01515	0.01772	0.01212	0.00684	0.00752	0.00170	0.04567	0.00580	0.00476	0.48018
3	0.02593	0.01700	0.01932	0.01503	0.02056	0.01755	0.01221	0.35677	0.05764	0.17072	0.02088	0.02189	0.01531	0.04486	0.04133	0.00285	0.00799	0.00701	0.00723	0.11795
4	0.01877	0.01802	0.03079	0.04656	0.68612	0.01802	0.02328	0.02328	0.01727	0.02478	0.01427	0.01877	0.01201	0.00676	0.00751	0.00225	0.00901	0.00676	0.00375	0.01201
5	0.01482	0.01444	0.02579	0.62097	0.05050	0.01717	0.10898	0.02006	0.01554	0.02006	0.01374	0.02026	0.01030	0.00742	0.00777	0.00253	0.01048	0.00705	0.00343	0.00867
6	0.01877	0.01802	0.03079	0.04656	0.68612	0.01802	0.02328	0.02328	0.01727	0.02478	0.01427	0.01877	0.01201	0.00676	0.00751	0.00225	0.00901	0.00676	0.00375	0.01201

[dist]
# distance from previous block
# <min> <max>
0	1

[block]
# block no. 4 follows, 26 sequences, length 9
# corresponding to MSA columns:
# 312-320
name=unknown_E
#
# <colnr> <probs for GDERKNQSTAVLIFYWHMCP>
#	G	D	E	R	K	N	Q	S	T	A	V	L	I	F	Y	W	H	M	C	P
0	0.01143	0.00751	0.00884	0.00899	0.00944	0.00763	0.00576	0.01233	0.01220	0.01704	0.02514	0.04902	0.02747	0.53937	0.08879	0.00685	0.00803	0.06627	0.08265	0.00524
1	0.01339	0.01186	0.01316	0.01289	0.01462	0.10312	0.00994	0.01604	0.01366	0.01834	0.01941	0.02753	0.01775	0.04752	0.56948	0.01021	0.01846	0.00763	0.04792	0.00706
2	0.08709	0.02649	0.02113	0.01988	0.07809	0.33952	0.01438	0.16962	0.07966	0.06924	0.01605	0.01701	0.01223	0.00826	0.00702	0.00216	0.01039	0.00590	0.00543	0.01046
3	0.02263	0.01946	0.02164	0.01665	0.02268	0.07691	0.06609	0.28155	0.09716	0.03424	0.01732	0.01834	0.01312	0.00780	0.00703	0.00194	0.00805	0.00629	0.00599	0.25512
4	0.12352	0.36555	0.03028	0.01519	0.02075	0.08215	0.07732	0.06125	0.01750	0.04523	0.04867	0.01687	0.01377	0.00764	0.00643	0.00199	0.02691	0.00557	0.02387	0.00955
5	0.24077	0.01883	0.05570	0.03697	0.04333	0.05873	0.06719	0.16889	0.09114	0.05740	0.07385	0.02107	0.01734	0.00868	0.00694	0.00236	0.00783	0.00685	0.00589	0.01025
6	0.27965	0.02208	0.24687	0.01427	0.02069	0.01549	0.01504	0.06600	0.01622	0.06970	0.01588	0.01958	0.01243	0.06883	0.00886	0.00272	0.00780	0.00591	0.08253	0.00943
7	0.05799	0.32227	0.09205	0.04230	0.05844	0.08691	0.01565	0.10798	0.01847	0.04158	0.01272	0.01492	0.01047	0.00787	0.00795	0.00210	0.08078	0.00524	0.00415	0.01015
8	0.17569	0.06489	0.01961	0.01512	0.01985	0.19022	0.04229	0.14695	0.02148	0.02997	0.11856	0.02146	0.02000	0.00878	0.00676	0.00210	0.00841	0.00661	0.00549	0.07575

[dist]
# distance from previous block
# <min> <max>
7	31

[block]
# block no. 5 follows, 26 sequences, length 28
# corresponding to MSA columns:
# 352-379
name=unknown_F
#
# <colnr> <probs for GDERKNQSTAVLIFYWHMCP>
#	G	D	E	R	K	N	Q	S	T	A	V	L	I	F	Y	W	H	M	C	P
0	0.45410	0.01486	0.01414	0.01173	0.01671	0.01605	0.00961	0.12424	0.01864	0.13914	0.06466	0.01882	0.01545	0.00829	0.00597	0.00228	0.00617	0.00582	0.00615	0.04714
1	0.07381	0.01754	0.01944	0.04882	0.05245	0.01958	0.01330	0.28782	0.24917	0.06718	0.02250	0.02223	0.01652	0.00920	0.00733	0.00237	0.00717	0.00729	0.04451	0.01176
2	0.02725	0.02997	0.02115	0.01854	0.02276	0.46854	0.01427	0.13066	0.08889	0.05492	0.01543	0.01653	0.01203	0.00856	0.00780	0.00214	0.03978	0.00576	0.00510	0.00993
3	0.01103	0.00735	0.00827	0.00827	0.00827	0.00735	0.00460	0.01103	0.01103	0.01471	0.02390	0.04964	0.02758	0.73343	0.03861	0.00735	0.00735	0.01103	0.00460	0.00460
4	0.01747	0.01669	0.02843	0.24298	0.49990	0.01768	0.02263	0.02213	0.01665	0.02319	0.01404	0.01920	0.01146	0.00700	0.00753	0.00233	0.00933	0.00675	0.00364	0.01096
5	0.02139	0.01755	0.01857	0.01595	0.02068	0.02004	0.01262	0.19731	0.51130	0.03580	0.02767	0.02575	0.02056	0.00999	0.00769	0.00250	0.00660	0.00813	0.00769	0.01223
6	0.03403	0.01291	0.01760	0.01350	0.01936	0.01115	0.01115	0.03697	0.02171	0.69137	0.02992	0.02582	0.01878	0.00939	0.00763	0.00235	0.00645	0.00763	0.00939	0.01291
7	0.01492	0.01412	0.02367	0.61137	0.12188	0.01725	0.02113	0.01977	0.01525	0.01994	0.01342	0.01991	0.01032	0.00773	0.00830	0.00253	0.03954	0.00674	0.00341	0.00882
8	0.01534	0.03832	0.66262	0.02212	0.03316	0.01769	0.05863	0.02403	0.01611	0.02403	0.01370	0.01623	0.00970	0.00717	0.00729	0.00241	0.01129	0.00577	0.00323	0.01116
9	0.01790	0.02046	0.04476	0.03197	0.03964	0.01918	0.65857	0.02430	0.01790	0.02430	0.01535	0.02046	0.01151	0.00639	0.00895	0.00256	0.01279	0.00895	0.00384	0.01023
10	0.01050	0.00719	0.00869	0.00939	0.00965	0.00704	0.00589	0.01116	0.01260	0.01676	0.03090	0.27927	0.03614	0.45163	0.02718	0.00568	0.00634	0.05316	0.00556	0.00527
11	0.00947	0.00760	0.00822	0.00822	0.01029	0.00661	0.00597	0.01147	0.01727	0.02159	0.17322	0.10538	0.48238	0.08457	0.01173	0.00300	0.00415	0.01548	0.00704	0.00635
12	0.01416	0.01036	0.01239	0.01174	0.01387	0.00920	0.00854	0.01639	0.02268	0.03183	0.58164	0.06084	0.13784	0.01772	0.01027	0.00302	0.00490	0.01460	0.00913	0.00887
13	0.02035	0.58039	0.12513	0.01473	0.02161	0.09034	0.01513	0.02358	0.01605	0.01873	0.01106	0.01282	0.00972	0.00671	0.00536	0.00176	0.00904	0.00434	0.00330	0.00984
14	0.01778	0.02011	0.04279	0.03086	0.03783	0.01955	0.59976	0.02374	0.01733	0.02374	0.01485	0.02011	0.01137	0.00702	0.01041	0.00263	0.07753	0.00874	0.00379	0.01005
15	0.01783	0.02023	0.04350	0.03126	0.03849	0.01942	0.62097	0.02394	0.01753	0.02394	0.01503	0.02023	0.01142	0.00680	0.00988	0.00260	0.05418	0.00882	0.00381	0.01012
16	0.01833	0.01756	0.02998	0.11389	0.62229	0.01790	0.02306	0.02289	0.01706	0.02424	0.01419	0.01892	0.01182	0.00684	0.00752	0.00228	0.00912	0.00676	0.00372	0.01165
17	0.01877	0.01802	0.03079	0.04656	0.68612	0.01802	0.02328	0.02328	0.01727	0.02478	0.01427	0.01877	0.01201	0.00676	0.00751	0.00225	0.00901	0.00676	0.00375	0.01201
18	0.01616	0.01582	0.02082	0.01820	0.01866	0.05167	0.01496	0.01806	0.01233	0.01858	0.01222	0.01895	0.01170	0.01950	0.12672	0.00455	0.55159	0.00680	0.03469	0.00804
19	0.06558	0.02098	0.02120	0.01669	0.02219	0.06427	0.01356	0.53579	0.05545	0.04311	0.01816	0.01953	0.01356	0.04419	0.00891	0.00252	0.00842	0.00684	0.00707	0.01197
20	0.01895	0.01986	0.02512	0.02074	0.02333	0.13347	0.12230	0.05827	0.04325	0.02149	0.01356	0.01870	0.01183	0.01535	0.08740	0.00379	0.34266	0.00698	0.00401	0.00896
21	0.01753	0.01949	0.04083	0.06323	0.03796	0.01865	0.55670	0.02345	0.01735	0.02382	0.01490	0.01997	0.01136	0.00670	0.00936	0.00249	0.04312	0.00845	0.00383	0.06081
22	0.10658	0.01418	0.01616	0.01234	0.01802	0.01286	0.00995	0.07699	0.01725	0.07253	0.01563	0.04599	0.01308	0.00761	0.00726	0.00168	0.05297	0.00572	0.00515	0.48804
23	0.01779	0.01865	0.03755	0.08235	0.05631	0.01788	0.48000	0.05227	0.01822	0.02526	0.01571	0.02042	0.01191	0.00671	0.00831	0.00239	0.01126	0.00821	0.04794	0.06084
24	0.04598	0.01410	0.02352	0.61525	0.04867	0.01709	0.06224	0.02061	0.04003	0.02076	0.01414	0.02022	0.01062	0.00759	0.00756	0.00252	0.00996	0.00685	0.00362	0.00867
25	0.44135	0.01519	0.01438	0.01198	0.01697	0.03632	0.00981	0.09359	0.01838	0.21269	0.05031	0.01886	0.01479	0.00834	0.00607	0.00233	0.00641	0.00585	0.00643	0.00994
26	0.06986	0.01813	0.03161	0.02332	0.02936	0.01814	0.33332	0.08058	0.01815	0.05874	0.01496	0.01869	0.01151	0.00765	0.01015	0.00238	0.10788	0.00734	0.00454	0.13369
27	0.05849	0.01560	0.01981	0.01514	0.02096	0.03846	0.08576	0.10145	0.05055	0.14831	0.04570	0.05261	0.01735	0.00839	0.00702	0.00195	0.00712	0.00719	0.00608	0.29207

[dist]
# distance from previous block
# <min> <max>
4	9

[block]
# block no. 6 follows, 26 sequences, length 30
# corresponding to MSA columns:
# 389-418
name=unknown_G
#
# <colnr> <probs for GDERKNQSTAVLIFYWHMCP>
#	G	D	E	R	K	N	Q	S	T	A	V	L	I	F	Y	W	H	M	C	P
0	0.08572	0.01440	0.01675	0.01360	0.01884	0.04083	0.01100	0.03509	0.14720	0.45741	0.03002	0.02690	0.04801	0.00976	0.00745	0.00238	0.00650	0.00781	0.00839	0.01193
1	0.12418	0.01307	0.01403	0.01242	0.01654	0.01374	0.00975	0.02949	0.27538	0.16781	0.03805	0.07067	0.15927	0.01221	0.00765	0.00252	0.00555	0.00998	0.00748	0.01021
2	0.01344	0.01061	0.01254	0.01197	0.01459	0.01107	0.00938	0.02259	0.22737	0.02915	0.34686	0.05285	0.08495	0.01486	0.00879	0.00262	0.00487	0.10497	0.00787	0.00863
3	0.01877	0.01802	0.03079	0.04656	0.68612	0.01802	0.02328	0.02328	0.01727	0.02478	0.01427	0.01877	0.01201	0.00676	0.00751	0.00225	0.00901	0.00676	0.00375	0.01201
4	0.01877	0.01802	0.03079	0.04656	0.68612	0.01802	0.02328	0.02328	0.01727	0.02478	0.01427	0.01877	0.01201	0.00676	0.00751	0.00225	0.00901	0.00676	0.00375	0.01201
5	0.02622	0.01872	0.01997	0.01560	0.02091	0.02059	0.01279	0.54624	0.03214	0.04432	0.01937	0.02000	0.01406	0.00906	0.00718	0.00219	0.00749	0.00687	0.14441	0.01186
6	0.00924	0.00660	0.00880	0.01056	0.01100	0.00616	0.00704	0.01056	0.01452	0.01936	0.04181	0.72848	0.05017	0.02376	0.00968	0.00308	0.00440	0.02156	0.00704	0.00616
7	0.78701	0.01467	0.01115	0.00997	0.01467	0.01702	0.00821	0.02230	0.01291	0.03403	0.01056	0.01232	0.00821	0.00704	0.00469	0.00235	0.00587	0.00411	0.00469	0.00821
8	0.03339	0.01305	0.01758	0.01358	0.01938	0.01148	0.01118	0.03711	0.04937	0.66333	0.02996	0.02592	0.01896	0.00943	0.00763	0.00236	0.00644	0.00767	0.00932	0.01287
9	0.02833	0.03615	0.02149	0.01954	0.02345	0.70298	0.01466	0.03029	0.02149	0.01856	0.01172	0.01368	0.00977	0.00782	0.00684	0.00195	0.01368	0.00489	0.00391	0.00879
10	0.01432	0.01348	0.02275	0.71520	0.05224	0.01685	0.02107	0.01938	0.01517	0.01938	0.01348	0.02022	0.01011	0.00758	0.00758	0.00253	0.01011	0.00674	0.00337	0.00843
11	0.02087	0.01653	0.01849	0.01368	0.02015	0.01538	0.01112	0.27108	0.02356	0.03378	0.01534	0.01670	0.01189	0.00699	0.00639	0.00158	0.00669	0.00541	0.00571	0.47866
12	0.01432	0.01348	0.02275	0.71520	0.05224	0.01685	0.02107	0.01938	0.01517	0.01938	0.01348	0.02022	0.01011	0.00758	0.00758	0.00253	0.01011	0.00674	0.00337	0.00843
13	0.74312	0.01591	0.01175	0.01053	0.01518	0.05670	0.00859	0.02276	0.01341	0.03314	0.01063	0.01240	0.00830	0.00709	0.00482	0.00232	0.00632	0.00415	0.00465	0.00825
14	0.02843	0.01416	0.01744	0.01421	0.01950	0.01400	0.01147	0.03820	0.26204	0.44774	0.03027	0.02673	0.02039	0.00972	0.00766	0.00243	0.00629	0.00798	0.00877	0.01258
15	0.01476	0.01119	0.01188	0.01084	0.01201	0.04150	0.00726	0.11254	0.01537	0.02026	0.02175	0.04096	0.02342	0.53005	0.06140	0.00638	0.03736	0.00980	0.00495	0.00631
16	0.06083	0.02051	0.02185	0.01677	0.02282	0.02247	0.01383	0.59611	0.03353	0.04587	0.01761	0.01781	0.01260	0.00881	0.00735	0.00221	0.00808	0.00658	0.00728	0.05706
17	0.01877	0.01802	0.03079	0.04656	0.68612	0.01802	0.02328	0.02328	0.01727	0.02478	0.01427	0.01877	0.01201	0.00676	0.00751	0.00225	0.00901	0.00676	0.00375	0.01201
18	0.01103	0.00735	0.00827	0.00827	0.00827	0.00735	0.00460	0.01103	0.01103	0.01471	0.02390	0.04964	0.02758	0.73343	0.03861	0.00735	0.00735	0.01103	0.00460	0.00460
19	0.01057	0.00775	0.00991	0.00937	0.01123	0.00709	0.00703	0.01400	0.02108	0.02949	0.62583	0.05818	0.12843	0.01585	0.00895	0.00240	0.00360	0.01393	0.00823	0.00709
20	0.02883	0.02125	0.02276	0.01745	0.02352	0.02352	0.01442	0.66082	0.03566	0.04780	0.01821	0.01821	0.01290	0.00911	0.00759	0.00228	0.00835	0.00683	0.00759	0.01290
21	0.01573	0.01348	0.01573	0.01123	0.01798	0.01011	0.00899	0.01910	0.01573	0.02472	0.01348	0.01573	0.01123	0.00562	0.00562	0.00112	0.00562	0.00449	0.00449	0.77980
22	0.01067	0.00806	0.01014	0.01117	0.01304	0.00754	0.00912	0.01336	0.01725	0.02193	0.08570	0.15824	0.26494	0.02042	0.00978	0.00307	0.00542	0.31638	0.00708	0.00669
23	0.01675	0.01372	0.01696	0.01216	0.01889	0.01052	0.03446	0.02021	0.01612	0.05873	0.01439	0.01643	0.01163	0.00584	0.00585	0.00124	0.00594	0.00483	0.00472	0.71060
24	0.01432	0.01348	0.02275	0.71520	0.05224	0.01685	0.02107	0.01938	0.01517	0.01938	0.01348	0.02022	0.01011	0.00758	0.00758	0.00253	0.01011	0.00674	0.00337	0.00843
25	0.01776	0.02000	0.04261	0.03058	0.03788	0.01899	0.60339	0.02381	0.01753	0.02405	0.01503	0.02009	0.01143	0.00667	0.00952	0.00253	0.04389	0.00867	0.00384	0.04172
26	0.01585	0.12697	0.61197	0.02053	0.03115	0.01917	0.02614	0.02386	0.01594	0.02325	0.01323	0.01553	0.00962	0.00712	0.00691	0.00230	0.01082	0.00541	0.00321	0.01102
27	0.05811	0.22181	0.48513	0.01872	0.02833	0.02085	0.02300	0.02358	0.01569	0.02293	0.01264	0.01480	0.00957	0.00701	0.00646	0.00219	0.01011	0.00512	0.00329	0.01066
28	0.04602	0.12403	0.48748	0.01971	0.05450	0.01815	0.02292	0.02296	0.01611	0.02418	0.04495	0.01805	0.01309	0.00757	0.00680	0.00226	0.00974	0.00585	0.04512	0.01052
29	0.17481	0.18178	0.23931	0.01572	0.02257	0.04355	0.01660	0.06983	0.01706	0.04838	0.03780	0.04925	0.01397	0.00850	0.00695	0.00225	0.03118	0.00615	0.00443	0.00991

[dist]
# distance from previous block
# <min> <max>
0	10

[block]
# block no. 7 follows, 26 sequences, length 310
# corresponding to MSA columns:
# 429-738
name=unknown_H
#
# <colnr> <probs for GDERKNQSTAVLIFYWHMCP>
#	G	D	E	R	K	N	Q	S	T	A	V	L	I	F	Y	W	H	M	C	P
0	0.06772	0.07752	0.02183	0.04630	0.02275	0.07716	0.01322	0.32942	0.04963	0.11297	0.01773	0.01809	0.01288	0.00831	0.00694	0.00211	0.00812	0.00619	0.00647	0.09465
1	0.02389	0.04681	0.02183	0.01724	0.02239	0.24087	0.07011	0.08052	0.12216	0.11089	0.04463	0.02042	0.01606	0.00832	0.00716	0.00206	0.00929	0.00659	0.00573	0.12303
2	0.04669	0.05180	0.06377	0.02525	0.07832	0.01744	0.34346	0.05136	0.01793	0.04808	0.01502	0.01855	0.01151	0.00654	0.00762	0.00216	0.01005	0.00716	0.00430	0.17301
3	0.01734	0.21472	0.40015	0.05740	0.02978	0.05201	0.05111	0.02445	0.04498	0.02229	0.01357	0.01589	0.01036	0.00717	0.00671	0.00220	0.01031	0.00552	0.00348	0.01056
4	0.05117	0.01453	0.01608	0.01274	0.01831	0.03920	0.01023	0.07356	0.06633	0.10573	0.02007	0.05514	0.01702	0.00874	0.00671	0.00181	0.00633	0.05099	0.00583	0.41948
5	0.01806	0.02199	0.09335	0.02757	0.03477	0.05587	0.46389	0.02459	0.04469	0.02403	0.01526	0.01950	0.01165	0.00695	0.00910	0.00243	0.04397	0.00798	0.00398	0.07038
6	0.01260	0.01044	0.01160	0.00974	0.01382	0.00870	0.00754	0.04956	0.01798	0.02425	0.09994	0.07438	0.33329	0.01373	0.00773	0.00204	0.00472	0.01147	0.00628	0.28019
7	0.01144	0.00939	0.01018	0.01039	0.01212	0.04528	0.00750	0.03977	0.01833	0.02379	0.22276	0.32337	0.19950	0.01896	0.00907	0.00267	0.00472	0.01660	0.00725	0.00691
8	0.02008	0.69859	0.03884	0.01336	0.01949	0.02964	0.01318	0.02247	0.01520	0.01787	0.01051	0.01241	0.00975	0.00686	0.00596	0.00172	0.04697	0.00420	0.00325	0.00966
9	0.01625	0.06982	0.63527	0.02088	0.03164	0.01790	0.02661	0.02452	0.01623	0.05250	0.01418	0.01626	0.01001	0.00727	0.00712	0.00236	0.01086	0.00562	0.00347	0.01122
10	0.01445	0.01365	0.02278	0.67722	0.05048	0.01720	0.02082	0.01932	0.01497	0.01932	0.01329	0.02002	0.01010	0.00789	0.00853	0.00257	0.04887	0.00674	0.00337	0.00842
11	0.00924	0.00660	0.00880	0.01056	0.01100	0.00616	0.00704	0.01056	0.01452	0.01936	0.04181	0.72848	0.05017	0.02376	0.00968	0.00308	0.00440	0.02156	0.00704	0.00616
12	0.01877	0.01802	0.03079	0.04656	0.68612	0.01802	0.02328	0.02328	0.01727	0.02478	0.01427	0.01877	0.01201	0.00676	0.00751	0.00225	0.00901	0.00676	0.00375	0.01201
13	0.02833	0.03615	0.02149	0.01954	0.02345	0.70298	0.01466	0.03029	0.02149	0.01856	0.01172	0.01368	0.00977	0.00782	0.00684	0.00195	0.01368	0.00489	0.00391	0.00879
14	0.01103	0.00735	0.00827	0.00827	0.00827	0.00735	0.00460	0.01103	0.01103	0.01471	0.02390	0.04964	0.02758	0.73343	0.03861	0.00735	0.00735	0.01103	0.00460	0.00460
