[name]
unknown

[dist]
# distance from previous block
# <min> <max>
0	74

[block]
# block no. 0 follows, 24 sequences, length 16
# corresponding to MSA columns:
# 80-95
name=unknown_A
#
# <colnr> <probs for GDERKNQSTAVLIFYWHMCP>
#	G	D	E	R	K	N	Q	S	T	A	V	L	I	F	Y	W	H	M	C	P
0	0.01278	0.00913	0.01278	0.01460	0.01643	0.00913	0.01278	0.01643	0.01825	0.02373	0.04199	0.08945	0.04564	0.02191	0.01095	0.00365	0.00730	0.61847	0.00730	0.00730
1	0.01122	0.00811	0.01060	0.00998	0.01185	0.00748	0.00748	0.01496	0.02245	0.03180	0.66766	0.05923	0.07482	0.01621	0.00935	0.00249	0.00374	0.01434	0.00873	0.00748
2	0.06513	0.00861	0.01067	0.01001	0.01209	0.00821	0.00756	0.01555	0.02182	0.03207	0.62146	0.05597	0.07016	0.01559	0.00904	0.00249	0.00391	0.01363	0.00846	0.00756
3	0.01644	0.01409	0.01644	0.01175	0.01879	0.01057	0.00940	0.01997	0.01644	0.02584	0.01409	0.01644	0.01175	0.00587	0.00587	0.00117	0.00587	0.00470	0.00470	0.76979
4	0.01999	0.56962	0.18742	0.01563	0.02354	0.02842	0.01716	0.02406	0.01626	0.02013	0.01176	0.01364	0.01015	0.00696	0.00565	0.00188	0.00922	0.00461	0.00338	0.01053
5	0.02949	0.02298	0.02336	0.01827	0.02435	0.07005	0.01494	0.56733	0.07312	0.04687	0.01936	0.01934	0.01390	0.00950	0.00789	0.00238	0.00896	0.00711	0.00768	0.01313
6	0.29604	0.01560	0.01654	0.01354	0.01903	0.01639	0.01107	0.10048	0.10990	0.29032	0.02289	0.02147	0.01567	0.00904	0.00689	0.00248	0.00668	0.00671	0.00762	0.01162
7	0.17025	0.02318	0.02088	0.01699	0.02256	0.13495	0.01372	0.38321	0.07298	0.04096	0.01730	0.01781	0.01275	0.00897	0.00724	0.00236	0.00901	0.00639	0.00672	0.01177
8	0.04557	0.04468	0.08479	0.06085	0.01899	0.01135	0.01171	0.02040	0.02005	0.13052	0.32407	0.09344	0.07457	0.01377	0.00854	0.00253	0.00592	0.01182	0.00742	0.00902
9	0.01436	0.09646	0.01488	0.01073	0.01353	0.01068	0.00851	0.01772	0.02119	0.08385	0.48086	0.07962	0.08744	0.01505	0.00875	0.00243	0.00462	0.01302	0.00805	0.00824
10	0.01856	0.01754	0.02815	0.02084	0.02716	0.01665	0.22989	0.08771	0.03827	0.02760	0.01677	0.04879	0.01402	0.00821	0.00934	0.00216	0.07126	0.00766	0.00491	0.30453
11	0.08589	0.02079	0.08442	0.02547	0.03246	0.01888	0.36057	0.02554	0.07357	0.02655	0.01623	0.02010	0.01249	0.00761	0.00955	0.00252	0.06336	0.00786	0.00444	0.10171
12	0.09176	0.01397	0.01678	0.01255	0.01905	0.01164	0.01020	0.02752	0.01861	0.27989	0.02050	0.02022	0.01453	0.00754	0.00660	0.00179	0.00624	0.00594	0.00671	0.40797
13	0.05699	0.58259	0.06062	0.01412	0.02064	0.02847	0.01393	0.02469	0.01633	0.06936	0.01264	0.01416	0.01082	0.00739	0.00633	0.00190	0.04003	0.00470	0.00395	0.01034
14	0.09483	0.03151	0.02154	0.07042	0.02578	0.48401	0.01500	0.09572	0.02256	0.02443	0.01308	0.01527	0.01050	0.00815	0.00705	0.00213	0.01240	0.00539	0.00455	0.03569
15	0.55925	0.06626	0.01478	0.01125	0.01622	0.01797	0.00939	0.06995	0.01649	0.06405	0.04023	0.01942	0.05117	0.00867	0.00571	0.00241	0.00632	0.00577	0.00554	0.00915

[dist]
# distance from previous block
# <min> <max>
5	19

[block]
# block no. 1 follows, 24 sequences, length 37
# corresponding to MSA columns:
# 116-152
name=unknown_B
#
# <colnr> <probs for GDERKNQSTAVLIFYWHMCP>
#	G	D	E	R	K	N	Q	S	T	A	V	L	I	F	Y	W	H	M	C	P
0	0.31224	0.15409	0.22990	0.01539	0.02267	0.02037	0.01641	0.04634	0.04034	0.02899	0.01438	0.04167	0.01178	0.00818	0.00620	0.00237	0.00838	0.00575	0.00445	0.01012
1	0.06325	0.07174	0.08496	0.04915	0.03361	0.01901	0.35918	0.02378	0.01734	0.02517	0.01464	0.01889	0.01139	0.00695	0.00857	0.00234	0.03513	0.00744	0.00405	0.14339
2	0.02137	0.44360	0.20540	0.01663	0.02440	0.09135	0.01775	0.02563	0.01723	0.05385	0.01301	0.01465	0.01063	0.00727	0.00608	0.00198	0.00981	0.00494	0.00377	0.01065
3	0.01373	0.01056	0.01450	0.01487	0.01642	0.00986	0.05506	0.01592	0.04813	0.02376	0.04225	0.55925	0.04829	0.02357	0.01095	0.00361	0.00642	0.06652	0.00787	0.00846
4	0.02902	0.05116	0.04553	0.01543	0.02149	0.06269	0.03581	0.03431	0.08353	0.40713	0.04898	0.02528	0.01958	0.00933	0.00769	0.00231	0.00758	0.00760	0.00798	0.07757
5	0.62554	0.01812	0.08049	0.01223	0.01779	0.01804	0.01109	0.02534	0.07681	0.03428	0.01344	0.01491	0.01026	0.00771	0.00548	0.00248	0.00672	0.00491	0.00506	0.00930
6	0.01435	0.01098	0.03651	0.01331	0.04602	0.00984	0.01002	0.01988	0.07649	0.07770	0.48644	0.05221	0.05998	0.01477	0.00907	0.00255	0.00488	0.03798	0.00827	0.00874
7	0.01590	0.04102	0.68023	0.02260	0.03432	0.01842	0.02930	0.02511	0.01674	0.02511	0.01423	0.01674	0.01005	0.00753	0.00753	0.00251	0.01172	0.00586	0.00335	0.01172
8	0.00985	0.00703	0.00941	0.01125	0.01179	0.00660	0.00768	0.01136	0.01537	0.02045	0.04360	0.67884	0.05204	0.02467	0.01017	0.00325	0.00476	0.05801	0.00736	0.00649
9	0.01590	0.04102	0.68023	0.02260	0.03432	0.01842	0.02930	0.02511	0.01674	0.02511	0.01423	0.01674	0.01005	0.00753	0.00753	0.00251	0.01172	0.00586	0.00335	0.01172
10	0.01590	0.04102	0.68023	0.02260	0.03432	0.01842	0.02930	0.02511	0.01674	0.02511	0.01423	0.01674	0.01005	0.00753	0.00753	0.00251	0.01172	0.00586	0.00335	0.01172
11	0.01122	0.00811	0.01060	0.00998	0.01185	0.00748	0.00748	0.01496	0.02245	0.03180	0.66766	0.05923	0.07482	0.01621	0.00935	0.00249	0.00374	0.01434	0.00873	0.00748
12	0.01498	0.01409	0.02378	0.70226	0.05462	0.01762	0.02202	0.02026	0.01586	0.02026	0.01409	0.02114	0.01057	0.00793	0.00793	0.00264	0.01057	0.00705	0.00352	0.00881
13	0.01963	0.01884	0.03219	0.04867	0.67185	0.01884	0.02434	0.02434	0.01806	0.02591	0.01492	0.01963	0.01256	0.00707	0.00785	0.00236	0.00942	0.00707	0.00393	0.01256
14	0.00966	0.00690	0.00920	0.01104	0.01150	0.00644	0.00736	0.01104	0.01518	0.02024	0.04371	0.71614	0.05245	0.02484	0.01012	0.00322	0.00460	0.02254	0.00736	0.00644
15	0.01845	0.02086	0.04513	0.08174	0.04240	0.01988	0.59818	0.02503	0.01851	0.02503	0.01590	0.02137	0.01193	0.00677	0.00925	0.00267	0.01317	0.00919	0.00398	0.01056
16	0.01663	0.13432	0.59324	0.02137	0.03242	0.02018	0.02716	0.02493	0.01666	0.02423	0.01379	0.01619	0.01006	0.00743	0.00720	0.00240	0.01128	0.00564	0.00335	0.01151
17	0.00966	0.00690	0.00920	0.01104	0.01150	0.00644	0.00736	0.01104	0.01518	0.02024	0.04371	0.71614	0.05245	0.02484	0.01012	0.00322	0.00460	0.02254	0.00736	0.00644
18	0.01114	0.00810	0.01048	0.00989	0.01180	0.00745	0.00742	0.01480	0.02225	0.03133	0.64116	0.06001	0.10162	0.01639	0.00935	0.00250	0.00375	0.01445	0.00867	0.00745
19	0.01514	0.01433	0.02382	0.65391	0.05222	0.01809	0.02169	0.02018	0.01559	0.02018	0.01383	0.02087	0.01056	0.00835	0.00921	0.00270	0.05996	0.00704	0.00352	0.00880
20	0.01534	0.01481	0.02603	0.63685	0.05333	0.01786	0.08276	0.02076	0.01614	0.02076	0.01428	0.02117	0.01071	0.00781	0.00807	0.00265	0.01084	0.00727	0.00357	0.00899
21	0.00966	0.00690	0.00920	0.01104	0.01150	0.00644	0.00736	0.01104	0.01518	0.02024	0.04371	0.71614	0.05245	0.02484	0.01012	0.00322	0.00460	0.02254	0.00736	0.00644
22	0.01590	0.04102	0.68023	0.02260	0.03432	0.01842	0.02930	0.02511	0.01674	0.02511	0.01423	0.01674	0.01005	0.00753	0.00753	0.00251	0.01172	0.00586	0.00335	0.01172
23	0.01087	0.00809	0.01011	0.00960	0.01163	0.00733	0.00720	0.01428	0.02161	0.02981	0.55527	0.06250	0.18846	0.01695	0.00936	0.00253	0.00379	0.01480	0.00847	0.00733
24	0.01872	0.02139	0.04679	0.03342	0.04144	0.02005	0.64305	0.02540	0.01872	0.02540	0.01604	0.02139	0.01203	0.00668	0.00936	0.00267	0.01337	0.00936	0.00401	0.01070
25	0.02962	0.03779	0.02247	0.02043	0.02451	0.68948	0.01532	0.03166	0.02247	0.01941	0.01226	0.01430	0.01021	0.00817	0.00715	0.00204	0.01430	0.00511	0.00409	0.00919
26	0.01701	0.03329	0.43087	0.02686	0.03713	0.01906	0.27091	0.02523	0.01752	0.02523	0.01494	0.01857	0.01083	0.00720	0.00825	0.00258	0.01237	0.00724	0.00361	0.01132
27	0.02203	0.01843	0.02072	0.01749	0.02257	0.02084	0.04512	0.17761	0.48495	0.03657	0.02846	0.02679	0.02117	0.01027	0.00810	0.00262	0.00719	0.00857	0.00783	0.01267
28	0.00966	0.00690	0.00920	0.01104	0.01150	0.00644	0.00736	0.01104	0.01518	0.02024	0.04371	0.71614	0.05245	0.02484	0.01012	0.00322	0.00460	0.02254	0.00736	0.00644
29	0.01521	0.01441	0.02383	0.63561	0.05131	0.01827	0.02157	0.02015	0.01549	0.02015	0.01373	0.02077	0.01056	0.00851	0.00970	0.00272	0.07866	0.00704	0.00352	0.00880
30	0.02897	0.03423	0.02232	0.01983	0.02424	0.55321	0.01509	0.11329	0.07057	0.02444	0.01461	0.01604	0.01166	0.00854	0.00732	0.00213	0.01298	0.00566	0.00488	0.01000
31	0.01498	0.01409	0.02378	0.70226	0.05462	0.01762	0.02202	0.02026	0.01586	0.02026	0.01409	0.02114	0.01057	0.00793	0.00793	0.00264	0.01057	0.00705	0.00352	0.00881
32	0.70426	0.01601	0.01284	0.01119	0.01624	0.01845	0.00922	0.08415	0.01582	0.03699	0.01182	0.01348	0.00907	0.00757	0.00520	0.00245	0.00639	0.00457	0.00520	0.00907
33	0.21063	0.01761	0.01819	0.08187	0.02308	0.04718	0.01279	0.21272	0.11368	0.08189	0.08468	0.02363	0.02000	0.00965	0.00732	0.00247	0.00751	0.00738	0.00682	0.01089
34	0.05011	0.01862	0.02925	0.07383	0.51601	0.01928	0.02199	0.07641	0.06555	0.02852	0.01632	0.02011	0.01323	0.00759	0.00776	0.00240	0.00906	0.00710	0.00457	0.01230
35	0.02177	0.01816	0.02472	0.07293	0.12935	0.06221	0.09802	0.08749	0.15089	0.11014	0.04884	0.04714	0.04184	0.01012	0.00903	0.00257	0.03841	0.00883	0.00627	0.01127
36	0.01608	0.01392	0.01411	0.01306	0.01529	0.09938	0.00994	0.01902	0.04325	0.07293	0.14206	0.12921	0.19939	0.05815	0.01333	0.00303	0.11032	0.01281	0.00664	0.00805

[dist]
# distance from previous block
# <min> <max>
21	54

[block]
# block no. 2 follows, 24 sequences, length 8
# corresponding to MSA columns:
# 207-214
name=unknown_C
#
# <colnr> <probs for GDERKNQSTAVLIFYWHMCP>
#	G	D	E	R	K	N	Q	S	T	A	V	L	I	F	Y	W	H	M	C	P
0	0.01978	0.06033	0.31833	0.02674	0.12281	0.15845	0.10882	0.02608	0.01841	0.02378	0.01491	0.01941	0.01183	0.00791	0.00776	0.00242	0.01189	0.02555	0.00380	0.01097
1	0.01237	0.00976	0.01302	0.06844	0.01696	0.00987	0.03086	0.01653	0.08937	0.02124	0.03337	0.37633	0.03705	0.16490	0.01572	0.00390	0.00630	0.01591	0.00633	0.05178
2	0.02496	0.01902	0.07203	0.01622	0.02155	0.01822	0.01380	0.36804	0.02833	0.12103	0.02499	0.14677	0.02187	0.05298	0.01016	0.00286	0.00791	0.01016	0.00753	0.01158
3	0.01824	0.01522	0.01739	0.01278	0.01958	0.01278	0.01026	0.09409	0.05928	0.02911	0.01582	0.01757	0.01273	0.00660	0.00625	0.00141	0.00623	0.00525	0.00529	0.63410
4	0.01803	0.01539	0.01969	0.05444	0.02296	0.01330	0.05538	0.10016	0.01919	0.02837	0.01592	0.04243	0.01338	0.00720	0.00665	0.00159	0.00699	0.00611	0.00509	0.54771
5	0.01583	0.01453	0.02552	0.05511	0.02658	0.01312	0.23469	0.01992	0.01707	0.04664	0.02420	0.22693	0.02417	0.01205	0.00856	0.00244	0.00843	0.01190	0.00536	0.20697
6	0.01944	0.39648	0.13417	0.01972	0.02660	0.02634	0.13982	0.02367	0.01621	0.02098	0.01240	0.01560	0.01055	0.00778	0.00897	0.00223	0.09936	0.00583	0.00352	0.01031
7	0.05926	0.15960	0.02823	0.01809	0.02429	0.06821	0.09408	0.30490	0.02637	0.03551	0.01641	0.01799	0.01252	0.00822	0.00712	0.00217	0.00909	0.00648	0.05066	0.05081

[dist]
# distance from previous block
# <min> <max>
1	6

[block]
# block no. 3 follows, 24 sequences, length 15
# corresponding to MSA columns:
# 221-235
name=unknown_D
#
# <colnr> <probs for GDERKNQSTAVLIFYWHMCP>
#	G	D	E	R	K	N	Q	S	T	A	V	L	I	F	Y	W	H	M	C	P
0	0.26866	0.01909	0.01904	0.01520	0.02079	0.02130	0.01250	0.40476	0.02869	0.04417	0.05869	0.01968	0.01591	0.00926	0.00705	0.00241	0.00757	0.00670	0.00701	0.01152
1	0.31208	0.11511	0.02089	0.01417	0.01987	0.02212	0.01199	0.29530	0.02448	0.03893	0.01767	0.01842	0.04077	0.00880	0.00646	0.00233	0.00749	0.00610	0.00614	0.01086
2	0.01584	0.03927	0.63771	0.06663	0.03564	0.01836	0.02883	0.02480	0.01668	0.02480	0.01422	0.01703	0.01008	0.00756	0.00756	0.00252	0.01165	0.00594	0.00336	0.01153
3	0.02304	0.33423	0.21438	0.01681	0.02482	0.02394	0.01789	0.11123	0.02014	0.12096	0.01598	0.01679	0.01197	0.00781	0.00658	0.00213	0.00917	0.00563	0.00494	0.01154
4	0.01882	0.01201	0.01525	0.01467	0.01793	0.01219	0.01237	0.10727	0.06732	0.12428	0.10035	0.06338	0.03890	0.01708	0.00974	0.00312	0.00698	0.34095	0.00796	0.00944
5	0.02872	0.02150	0.02300	0.01796	0.02405	0.02393	0.01473	0.56300	0.12201	0.04768	0.02085	0.02048	0.01495	0.00969	0.00795	0.00242	0.00839	0.00739	0.00795	0.01336
6	0.01623	0.01409	0.01752	0.11261	0.02403	0.01160	0.01124	0.02001	0.01636	0.02502	0.01409	0.01713	0.01157	0.00617	0.00617	0.00139	0.00656	0.00504	0.00453	0.65863
7	0.01216	0.01294	0.10235	0.03410	0.01685	0.00974	0.01131	0.05840	0.01728	0.02337	0.05503	0.50940	0.06527	0.02047	0.00950	0.00301	0.00600	0.01827	0.00677	0.00777
8	0.01780	0.01405	0.01658	0.01191	0.01890	0.01065	0.00956	0.02129	0.01689	0.07210	0.01531	0.01719	0.01231	0.00615	0.00602	0.00127	0.00593	0.00493	0.00506	0.71609
9	0.03391	0.12120	0.11295	0.01617	0.02107	0.01469	0.09882	0.02014	0.01866	0.06185	0.20578	0.13644	0.03779	0.01340	0.00851	0.00259	0.00746	0.05325	0.00622	0.00910
10	0.05952	0.01497	0.01701	0.01409	0.01885	0.03613	0.01127	0.11570	0.14236	0.27180	0.16092	0.03322	0.04630	0.01136	0.00814	0.00249	0.00646	0.00932	0.00854	0.01155
11	0.13631	0.04361	0.02004	0.01585	0.02104	0.10699	0.01281	0.30291	0.09719	0.06238	0.04231	0.02090	0.01629	0.00931	0.00721	0.00233	0.00821	0.00687	0.05602	0.01140
12	0.01553	0.01420	0.02221	0.55728	0.04716	0.01737	0.02004	0.02321	0.10974	0.02237	0.01857	0.02682	0.01484	0.00925	0.00815	0.00272	0.00973	0.04712	0.00443	0.00926
13	0.01055	0.00779	0.01011	0.01131	0.01260	0.00714	0.00816	0.01253	0.01623	0.02162	0.06861	0.50460	0.10158	0.02257	0.00990	0.00309	0.00499	0.10774	0.00725	0.05164
14	0.04318	0.06108	0.45167	0.02270	0.03272	0.02002	0.10979	0.11565	0.01988	0.02887	0.01495	0.01743	0.01078	0.00767	0.00766	0.00248	0.01120	0.00641	0.00416	0.01168

[dist]
# distance from previous block
# <min> <max>
2	17

[block]
# block no. 4 follows, 24 sequences, length 12
# corresponding to MSA columns:
# 253-264
name=unknown_E
#
# <colnr> <probs for GDERKNQSTAVLIFYWHMCP>
#	G	D	E	R	K	N	Q	S	T	A	V	L	I	F	Y	W	H	M	C	P
0	0.49268	0.03936	0.01499	0.01203	0.01712	0.01739	0.00992	0.07700	0.05212	0.13569	0.05194	0.01901	0.01523	0.00857	0.00605	0.00244	0.00640	0.00590	0.00625	0.00996
1	0.44879	0.11413	0.01812	0.04173	0.01905	0.01860	0.01059	0.05259	0.01640	0.10982	0.01424	0.01551	0.01073	0.00757	0.00565	0.00224	0.00682	0.00501	0.00535	0.07706
2	0.01161	0.00786	0.00942	0.00937	0.01008	0.00799	0.00609	0.01287	0.01349	0.01886	0.08435	0.04834	0.06563	0.44354	0.14972	0.00739	0.00925	0.01118	0.06721	0.00577
3	0.06466	0.00803	0.00992	0.01123	0.01217	0.00794	0.00799	0.01296	0.01499	0.02112	0.03791	0.44101	0.04411	0.14158	0.01505	0.00400	0.00572	0.12640	0.00674	0.00647
4	0.02357	0.07086	0.08546	0.07916	0.04644	0.05721	0.01637	0.15719	0.17831	0.11467	0.02119	0.02179	0.01562	0.00954	0.00916	0.00252	0.06555	0.00723	0.00636	0.01179
5	0.00980	0.00707	0.00905	0.01058	0.01118	0.00657	0.00702	0.01111	0.01511	0.01991	0.04516	0.60346	0.10253	0.08579	0.01272	0.00357	0.00482	0.02108	0.00714	0.00632
6	0.02131	0.01577	0.01792	0.01408	0.02015	0.01500	0.01125	0.09468	0.21680	0.11313	0.02239	0.02210	0.01676	0.00826	0.00703	0.00193	0.00641	0.00668	0.00672	0.36164
7	0.01618	0.01002	0.01286	0.01113	0.01391	0.01019	0.06715	0.07053	0.01826	0.03007	0.02405	0.02803	0.01894	0.01256	0.05435	0.00274	0.00627	0.00763	0.57696	0.00819
8	0.20864	0.01870	0.02027	0.08962	0.02511	0.02074	0.01388	0.35978	0.02761	0.11445	0.01797	0.01869	0.01269	0.00886	0.00721	0.00243	0.00808	0.00654	0.00694	0.01181
9	0.09572	0.02599	0.02121	0.07602	0.02517	0.31598	0.01485	0.10089	0.04673	0.11176	0.01620	0.01786	0.01228	0.00909	0.00904	0.00238	0.07702	0.00614	0.00541	0.01025
10	0.49879	0.01517	0.01425	0.07702	0.02004	0.01705	0.01050	0.05167	0.07005	0.03350	0.04911	0.01817	0.01416	0.00814	0.00592	0.00238	0.00653	0.00565	0.00537	0.07654
11	0.15942	0.01788	0.01997	0.01579	0.02137	0.07093	0.07112	0.15035	0.03814	0.09876	0.06228	0.05122	0.01858	0.00919	0.00724	0.00221	0.00780	0.00746	0.00627	0.16401

[dist]
# distance from previous block
# <min> <max>
3	18

[block]
# block no. 5 follows, 24 sequences, length 14
# corresponding to MSA columns:
# 283-296
name=unknown_F
#
# <colnr> <probs for GDERKNQSTAVLIFYWHMCP>
#	G	D	E	R	K	N	Q	S	T	A	V	L	I	F	Y	W	H	M	C	P
0	0.14834	0.04926	0.22853	0.01912	0.02573	0.01723	0.11187	0.04029	0.01682	0.06666	0.01962	0.13273	0.01781	0.01086	0.00906	0.00267	0.05938	0.00906	0.00492	0.01004
1	0.02383	0.12280	0.02107	0.01409	0.01865	0.01880	0.01162	0.29505	0.02499	0.08083	0.01893	0.02127	0.01461	0.01219	0.01108	0.13426	0.00740	0.00676	0.13153	0.01025
2	0.01634	0.01358	0.01684	0.12557	0.02337	0.01225	0.01110	0.06361	0.01700	0.02486	0.01633	0.02351	0.01462	0.12968	0.01230	0.00263	0.00717	0.00644	0.00476	0.45807
3	0.02323	0.01819	0.02063	0.01686	0.02117	0.02080	0.01369	0.34275	0.13323	0.03941	0.13161	0.02744	0.02535	0.01153	0.01093	0.00262	0.11289	0.00865	0.00742	0.01157
4	0.01812	0.01681	0.02643	0.02063	0.02600	0.01706	0.22417	0.07283	0.22686	0.03056	0.12998	0.05789	0.02804	0.01046	0.00865	0.00256	0.00833	0.01014	0.00656	0.05790
5	0.06430	0.29136	0.26338	0.01744	0.02577	0.02401	0.01907	0.13187	0.02010	0.05428	0.01438	0.01583	0.01100	0.00768	0.00656	0.00218	0.00947	0.00547	0.00451	0.01134
6	0.02699	0.13034	0.02528	0.01757	0.02328	0.13931	0.01447	0.34633	0.13384	0.03721	0.01884	0.01901	0.01419	0.00908	0.00739	0.00227	0.00924	0.00665	0.00661	0.01209
7	0.01335	0.00920	0.01068	0.01050	0.01222	0.03634	0.00796	0.01654	0.01615	0.02472	0.12932	0.03508	0.02894	0.05006	0.27694	0.00642	0.01116	0.00900	0.28812	0.00728
8	0.29649	0.23318	0.24730	0.01548	0.02325	0.02200	0.01708	0.02405	0.01537	0.02705	0.01212	0.01414	0.00955	0.00725	0.00585	0.00225	0.00872	0.00481	0.00393	0.01012
9	0.02588	0.02425	0.12302	0.01933	0.02544	0.02361	0.01760	0.44842	0.03004	0.04113	0.01689	0.01841	0.01246	0.00994	0.01086	0.00258	0.12432	0.00691	0.00650	0.01243
10	0.14703	0.03660	0.56510	0.02051	0.03105	0.01831	0.02573	0.02480	0.01618	0.02692	0.01368	0.01608	0.00979	0.00750	0.00708	0.00250	0.01076	0.00559	0.00362	0.01118
11	0.01795	0.01929	0.11707	0.01685	0.02197	0.01770	0.01512	0.03514	0.45066	0.03033	0.03122	0.03795	0.02576	0.01219	0.00848	0.00283	0.00727	0.11346	0.00722	0.01152
12	0.12672	0.00936	0.01077	0.01107	0.01328	0.00884	0.00788	0.01437	0.01514	0.02348	0.03389	0.49453	0.03911	0.01907	0.00863	0.00277	0.00504	0.01684	0.00655	0.13267
13	0.40513	0.01459	0.01501	0.01237	0.01781	0.01512	0.01017	0.03116	0.04976	0.32479	0.02123	0.02008	0.01434	0.00864	0.00645	0.00247	0.00642	0.00619	0.00728	0.01100

[dist]
# distance from previous block
# <min> <max>
0	2

[block]
# block no. 6 follows, 24 sequences, length 18
# corresponding to MSA columns:
# 299-316
name=unknown_G
#
# <colnr> <probs for GDERKNQSTAVLIFYWHMCP>
#	G	D	E	R	K	N	Q	S	T	A	V	L	I	F	Y	W	H	M	C	P
0	0.10255	0.55279	0.12793	0.01450	0.02177	0.02808	0.01524	0.02389	0.01592	0.02140	0.01148	0.01330	0.00999	0.00695	0.00541	0.00189	0.00868	0.00447	0.00355	0.01022
1	0.02902	0.01871	0.02107	0.01651	0.02241	0.01977	0.01348	0.39704	0.08687	0.19245	0.02397	0.05301	0.01754	0.01024	0.00797	0.00241	0.00775	0.00809	0.00823	0.04346
2	0.58808	0.01486	0.01324	0.06669	0.01868	0.01706	0.00994	0.05924	0.01608	0.03479	0.08305	0.01895	0.01623	0.00850	0.00581	0.00247	0.00639	0.00578	0.00539	0.00878
3	0.01360	0.00914	0.01232	0.01312	0.05226	0.00846	0.00927	0.01678	0.02013	0.08466	0.34127	0.16217	0.12394	0.01751	0.00944	0.00274	0.00491	0.08221	0.00802	0.00805
4	0.08260	0.55906	0.08297	0.01457	0.02131	0.08752	0.01444	0.02451	0.01651	0.02055	0.01136	0.01316	0.01004	0.00701	0.00543	0.00185	0.00904	0.00444	0.00357	0.01007
5	0.01693	0.01818	0.03621	0.02727	0.03251	0.01855	0.41803	0.02179	0.01688	0.02334	0.01966	0.13811	0.01856	0.01111	0.01262	0.00292	0.14213	0.01113	0.00448	0.00960
6	0.02406	0.01871	0.02009	0.01673	0.02178	0.02096	0.01335	0.34426	0.28452	0.04047	0.02664	0.08777	0.02140	0.01144	0.00819	0.00258	0.00736	0.00930	0.00793	0.01246
7	0.11611	0.01370	0.01767	0.01371	0.01971	0.01232	0.01132	0.03698	0.02170	0.60767	0.02909	0.02546	0.01843	0.00955	0.00764	0.00245	0.00668	0.00757	0.00928	0.01296
8	0.00966	0.00690	0.00920	0.01104	0.01150	0.00644	0.00736	0.01104	0.01518	0.02024	0.04371	0.71614	0.05245	0.02484	0.01012	0.00322	0.00460	0.02254	0.00736	0.00644
9	0.02120	0.72609	0.04155	0.01357	0.02035	0.03138	0.01357	0.02374	0.01611	0.01866	0.01102	0.01272	0.01018	0.00678	0.00509	0.00170	0.00848	0.00424	0.00339	0.01018
10	0.01590	0.04102	0.68023	0.02260	0.03432	0.01842	0.02930	0.02511	0.01674	0.02511	0.01423	0.01674	0.01005	0.00753	0.00753	0.00251	0.01172	0.00586	0.00335	0.01172
11	0.01122	0.00811	0.01060	0.00998	0.01185	0.00748	0.00748	0.01496	0.02245	0.03180	0.66766	0.05923	0.07482	0.01621	0.00935	0.00249	0.00374	0.01434	0.00873	0.00748
12	0.01973	0.53587	0.21889	0.01608	0.02423	0.02778	0.01794	0.02412	0.01629	0.02045	0.01191	0.01384	0.01014	0.00699	0.00577	0.00192	0.00938	0.00469	0.00338	0.01060
13	0.01122	0.00811	0.01060	0.00998	0.01185	0.00748	0.00748	0.01496	0.02245	0.03180	0.66766	0.05923	0.07482	0.01621	0.00935	0.00249	0.00374	0.01434	0.00873	0.00748
14	0.00966	0.00690	0.00920	0.01104	0.01150	0.00644	0.00736	0.01104	0.01518	0.02024	0.04371	0.71614	0.05245	0.02484	0.01012	0.00322	0.00460	0.02254	0.00736	0.00644
15	0.02230	0.63656	0.03907	0.01446	0.02089	0.11698	0.01380	0.02478	0.01694	0.01875	0.01118	0.01293	0.01018	0.00696	0.00536	0.00174	0.00924	0.00435	0.00348	0.01005
16	0.00966	0.00690	0.00920	0.01104	0.01150	0.00644	0.00736	0.01104	0.01518	0.02024	0.04371	0.71614	0.05245	0.02484	0.01012	0.00322	0.00460	0.02254	0.00736	0.00644
17	0.01629	0.08541	0.57610	0.02189	0.03254	0.01883	0.05477	0.02433	0.01648	0.02414	0.01407	0.01703	0.01032	0.00840	0.00857	0.03898	0.01134	0.00596	0.00339	0.01117

[dist]
# distance from previous block
# <min> <max>
0	1

[block]
# block no. 7 follows, 24 sequences, length 20
# corresponding to MSA columns:
# 318-337
name=unknown_H
#
# <colnr> <probs for GDERKNQSTAVLIFYWHMCP>
#	G	D	E	R	K	N	Q	S	T	A	V	L	I	F	Y	W	H	M	C	P
0	0.07419	0.23631	0.40042	0.01831	0.02734	0.02136	0.02174	0.02366	0.01621	0.02370	0.01498	0.06082	0.01273	0.00843	0.00679	0.00232	0.00989	0.00636	0.00374	0.01069
1	0.05128	0.00842	0.00862	0.00840	0.01051	0.00869	0.00638	0.04414	0.01708	0.02976	0.02531	0.05431	0.02067	0.01237	0.04142	0.00252	0.00497	0.00786	0.62965	0.00765
2	0.12604	0.06421	0.01809	0.01323	0.01854	0.01377	0.01090	0.03257	0.06012	0.42299	0.08278	0.05713	0.02401	0.01055	0.00759	0.00245	0.00641	0.00848	0.00841	0.01174
3	0.01771	0.21699	0.43162	0.02262	0.07264	0.02193	0.06350	0.02472	0.01679	0.02350	0.01355	0.01617	0.01037	0.00725	0.00703	0.00230	0.01083	0.00574	0.00344	0.01131
4	0.01714	0.01314	0.08325	0.01230	0.01639	0.00994	0.01087	0.02169	0.04419	0.17119	0.30680	0.05076	0.15620	0.01459	0.00888	0.00257	0.00554	0.03718	0.00808	0.00930
5	0.01738	0.23122	0.50290	0.02009	0.03044	0.02201	0.02493	0.02473	0.01657	0.02332	0.01334	0.01563	0.01008	0.00733	0.00685	0.00228	0.01082	0.00541	0.00336	0.01129
6	0.07754	0.58812	0.09130	0.01436	0.02130	0.05637	0.01457	0.02415	0.01623	0.02048	0.01134	0.01313	0.01005	0.00695	0.00536	0.00183	0.00881	0.00441	0.00353	0.01014
7	0.01630	0.09243	0.63229	0.02192	0.03327	0.01939	0.02812	0.02501	0.01669	0.02463	0.01399	0.01644	0.01006	0.00748	0.00735	0.00245	0.01148	0.00574	0.00335	0.01160
8	0.02141	0.66046	0.06833	0.01432	0.02118	0.06508	0.01434	0.02422	0.01647	0.01898	0.01123	0.01298	0.01017	0.00689	0.00530	0.00175	0.00892	0.00436	0.00343	0.01019
9	0.02900	0.02111	0.02257	0.01744	0.02345	0.02331	0.01436	0.59862	0.03574	0.04845	0.01955	0.01982	0.01400	0.00950	0.00775	0.00234	0.00835	0.00716	0.06446	0.01303
10	0.01377	0.00689	0.01033	0.01033	0.01033	0.00689	0.00689	0.01033	0.01033	0.01377	0.01377	0.02410	0.01377	0.02755	0.03099	0.76928	0.00689	0.00689	0.00344	0.00344
11	0.00966	0.00690	0.00920	0.01104	0.01150	0.00644	0.00736	0.01104	0.01518	0.02024	0.04371	0.71614	0.05245	0.02484	0.01012	0.00322	0.00460	0.02254	0.00736	0.00644
12	0.01133	0.00850	0.01274	0.01274	0.01416	0.00991	0.00991	0.01416	0.01274	0.01841	0.02124	0.03115	0.01982	0.05947	0.68989	0.01274	0.02124	0.00850	0.00425	0.00708
13	0.01111	0.00810	0.01044	0.00985	0.01178	0.00743	0.00739	0.01474	0.02217	0.03115	0.63070	0.06031	0.11219	0.01646	0.00935	0.00251	0.00376	0.01449	0.00864	0.00743
14	0.03014	0.02221	0.02380	0.01825	0.02459	0.02459	0.01507	0.64541	0.03728	0.04998	0.01904	0.01904	0.01349	0.00952	0.00793	0.00238	0.00873	0.00714	0.00793	0.01349
15	0.01644	0.01409	0.01644	0.01175	0.01879	0.01057	0.00940	0.01997	0.01644	0.02584	0.01409	0.01644	0.01175	0.00587	0.00587	0.00117	0.00587	0.00470	0.00470	0.76979
16	0.01920	0.01841	0.03142	0.10822	0.61561	0.01873	0.02413	0.02397	0.01786	0.02539	0.01484	0.01976	0.01238	0.00714	0.00786	0.00238	0.00953	0.00706	0.00389	0.01222
17	0.01963	0.01884	0.03219	0.04867	0.67185	0.01884	0.02434	0.02434	0.01806	0.02591	0.01492	0.01963	0.01256	0.00707	0.00785	0.00236	0.00942	0.00707	0.00393	0.01256
18	0.01836	0.02217	0.08523	0.03115	0.03841	0.02047	0.52525	0.02460	0.01777	0.02460	0.01522	0.02058	0.01170	0.00763	0.01131	0.00276	0.09952	0.00883	0.00390	0.01051
19	0.01224	0.00832	0.01074	0.01008	0.01217	0.00759	0.00758	0.01572	0.02185	0.06271	0.56795	0.08414	0.11578	0.01652	0.00932	0.00253	0.00394	0.01452	0.00863	0.00768

[dist]
# distance from previous block
# <min> <max>
1	4

[block]
# block no. 8 follows, 24 sequences, length 34
# corresponding to MSA columns:
# 342-375
name=unknown_I
#
# <colnr> <probs for GDERKNQSTAVLIFYWHMCP>
#	G	D	E	R	K	N	Q	S	T	A	V	L	I	F	Y	W	H	M	C	P
0	0.58617	0.04757	0.01551	0.15268	0.02363	0.01838	0.01158	0.02270	0.01410	0.03166	0.01167	0.01457	0.00907	0.00745	0.00554	0.00246	0.00715	0.00486	0.00455	0.00871
1	0.01746	0.01469	0.01699	0.01223	0.01922	0.01161	0.00982	0.06620	0.01798	0.02762	0.01446	0.01664	0.01187	0.00614	0.00602	0.00126	0.00608	0.00488	0.00494	0.71388
2	0.01744	0.22131	0.48011	0.02074	0.03098	0.02193	0.05531	0.02477	0.01667	0.02342	0.01347	0.01591	0.01018	0.00729	0.00698	0.00230	0.01094	0.00560	0.00339	0.01126
3	0.03014	0.02221	0.02380	0.01825	0.02459	0.02459	0.01507	0.64541	0.03728	0.04998	0.01904	0.01904	0.01349	0.00952	0.00793	0.00238	0.00873	0.00714	0.00793	0.01349
4	0.01669	0.01431	0.01655	0.01207	0.01893	0.01125	0.00963	0.02161	0.06383	0.02638	0.01544	0.01742	0.01267	0.00623	0.00604	0.00129	0.00590	0.00501	0.00495	0.71381
5	0.00986	0.00704	0.00943	0.01127	0.01182	0.00661	0.00771	0.01139	0.01538	0.02047	0.04360	0.67617	0.05201	0.02466	0.01017	0.00325	0.00477	0.06055	0.00736	0.00650
6	0.01963	0.01875	0.03150	0.04712	0.64068	0.01888	0.02377	0.02519	0.04866	0.02625	0.01575	0.02010	0.01312	0.00724	0.00786	0.00237	0.00927	0.00716	0.00412	0.01256
7	0.01377	0.00689	0.01033	0.01033	0.01033	0.00689	0.00689	0.01033	0.01033	0.01377	0.01377	0.02410	0.01377	0.02755	0.03099	0.76928	0.00689	0.00689	0.00344	0.00344
8	0.01478	0.00739	0.00739	0.00739	0.00924	0.00739	0.00554	0.01848	0.01663	0.02956	0.02587	0.02956	0.02033	0.00924	0.00554	0.00185	0.00370	0.00739	0.76534	0.00739
9	0.01498	0.01409	0.02378	0.70226	0.05462	0.01762	0.02202	0.02026	0.01586	0.02026	0.01409	0.02114	0.01057	0.00793	0.00793	0.00264	0.01057	0.00705	0.00352	0.00881
10	0.01896	0.02072	0.04293	0.03746	0.20822	0.01973	0.47937	0.02512	0.01854	0.02553	0.01574	0.02092	0.01217	0.00679	0.00896	0.00259	0.01232	0.00875	0.00399	0.01119
11	0.02095	0.01026	0.01372	0.01163	0.01520	0.00915	0.00915	0.02442	0.02255	0.28953	0.41359	0.04636	0.05279	0.01366	0.00880	0.00248	0.00494	0.01180	0.00916	0.00988
12	0.00966	0.00690	0.00920	0.01104	0.01150	0.00644	0.00736	0.01104	0.01518	0.02024	0.04371	0.71614	0.05245	0.02484	0.01012	0.00322	0.00460	0.02254	0.00736	0.00644
13	0.02120	0.72609	0.04155	0.01357	0.02035	0.03138	0.01357	0.02374	0.01611	0.01866	0.01102	0.01272	0.01018	0.00678	0.00509	0.00170	0.00848	0.00424	0.00339	0.01018
14	0.01810	0.01875	0.02605	0.02184	0.02271	0.05855	0.06874	0.02026	0.01322	0.01962	0.01097	0.01752	0.01053	0.01299	0.02367	0.00333	0.61370	0.00704	0.00355	0.00887
15	0.01588	0.01440	0.02130	0.37607	0.07922	0.01479	0.01697	0.02040	0.01624	0.02292	0.01415	0.01911	0.01118	0.00703	0.00708	0.00202	0.00856	0.00608	0.00403	0.32258
16	0.02905	0.02167	0.02318	0.01802	0.02418	0.02408	0.01481	0.58225	0.10222	0.04822	0.02042	0.02014	0.01461	0.00965	0.00795	0.00241	0.00847	0.00733	0.00795	0.01339
17	0.01644	0.01409	0.01644	0.01175	0.01879	0.01057	0.00940	0.01997	0.01644	0.02584	0.01409	0.01644	0.01175	0.00587	0.00587	0.00117	0.00587	0.00470	0.00470	0.76979
18	0.01698	0.06775	0.62514	0.02186	0.03313	0.01865	0.02788	0.02565	0.01698	0.05347	0.01485	0.01703	0.01047	0.00760	0.00745	0.00248	0.01137	0.00589	0.00363	0.01173
19	0.01972	0.01703	0.01793	0.01614	0.02062	0.01972	0.01255	0.04214	0.65752	0.03317	0.03228	0.02959	0.02421	0.01076	0.00807	0.00269	0.00628	0.00897	0.00807	0.01255
20	0.01590	0.04102	0.68023	0.02260	0.03432	0.01842	0.02930	0.02511	0.01674	0.02511	0.01423	0.01674	0.01005	0.00753	0.00753	0.00251	0.01172	0.00586	0.00335	0.01172
21	0.01308	0.00917	0.01257	0.01388	0.04817	0.00872	0.01042	0.01645	0.01962	0.05643	0.26488	0.13301	0.09978	0.01871	0.00989	0.00300	0.00562	0.24104	0.00776	0.00780
22	0.03558	0.01350	0.01840	0.01411	0.02024	0.01166	0.01166	0.03865	0.02270	0.67734	0.03128	0.02699	0.01963	0.00981	0.00797	0.00245	0.00675	0.00797	0.00981	0.01350
23	0.01478	0.00739	0.00739	0.00739	0.00924	0.00739	0.00554	0.01848	0.01663	0.02956	0.02587	0.02956	0.02033	0.00924	0.00554	0.00185	0.00370	0.00739	0.76534	0.00739
24	0.01539	0.01452	0.02453	0.64431	0.10933	0.01773	0.02223	0.02062	0.01605	0.02076	0.01417	0.02101	0.01075	0.00785	0.00792	0.00262	0.01047	0.00705	0.00356	0.00914
25	0.01866	0.01602	0.01697	0.01547	0.01970	0.01830	0.01208	0.03874	0.58234	0.03189	0.03625	0.03565	0.07278	0.01193	0.00829	0.00273	0.00615	0.03615	0.00798	0.01189
26	0.00966	0.00690	0.00920	0.01104	0.01150	0.00644	0.00736	0.01104	0.01518	0.02024	0.04371	0.71614	0.05245	0.02484	0.01012	0.00322	0.00460	0.02254	0.00736	0.00644
27	0.00943	0.00782	0.00826	0.00861	0.01086	0.00665	0.00628	0.01132	0.01752	0.02120	0.07331	0.19898	0.55050	0.02100	0.00952	0.00278	0.00413	0.01785	0.00736	0.00665
28	0.02848	0.02883	0.02234	0.01894	0.02387	0.34461	0.01482	0.28855	0.06127	0.03289	0.01656	0.01786	0.01276	0.01124	0.03912	0.00271	0.01187	0.00632	0.00591	0.01107
29	0.01498	0.01409	0.02378	0.70226	0.05462	0.01762	0.02202	0.02026	0.01586	0.02026	0.01409	0.02114	0.01057	0.00793	0.00793	0.00264	0.01057	0.00705	0.00352	0.00881
30	0.00966	0.00690	0.00920	0.01104	0.01150	0.00644	0.00736	0.01104	0.01518	0.02024	0.04371	0.71614	0.05245	0.02484	0.01012	0.00322	0.00460	0.02254	0.00736	0.00644
31	0.02120	0.72609	0.04155	0.01357	0.02035	0.03138	0.01357	0.02374	0.01611	0.01866	0.01102	0.01272	0.01018	0.00678	0.00509	0.00170	0.00848	0.00424	0.00339	0.01018
32	0.01872	0.02139	0.04679	0.03342	0.04144	0.02005	0.64305	0.02540	0.01872	0.02540	0.01604	0.02139	0.01203	0.00668	0.00936	0.00267	0.01337	0.00936	0.00401	0.01070
33	0.02232	0.01833	0.01939	0.01666	0.02161	0.02094	0.01318	0.19255	0.50288	0.03736	0.02898	0.02696	0.02153	0.01045	0.00803	0.00261	0.00689	0.00851	0.00803	0.01278

[dist]
# distance from previous block
# <min> <max>
0	5

[block]
# block no. 9 follows, 24 sequences, length 12
# corresponding to MSA columns:
# 381-392
name=unknown_J
#
# <colnr> <probs for GDERKNQSTAVLIFYWHMCP>
#	G	D	E	R	K	N	Q	S	T	A	V	L	I	F	Y	W	H	M	C	P
0	0.02907	0.02072	0.02248	0.01759	0.02364	0.02279	0.01441	0.50580	0.12707	0.10033	0.02201	0.02126	0.01558	0.00973	0.00796	0.00243	0.00820	0.00748	0.00811	0.01335
1	0.01498	0.01409	0.02378	0.70226	0.05462	0.01762	0.02202	0.02026	0.01586	0.02026	0.01409	0.02114	0.01057	0.00793	0.00793	0.00264	0.01057	0.00705	0.00352	0.00881
2	0.01377	0.00689	0.01033	0.01033	0.01033	0.00689	0.00689	0.01033	0.01033	0.01377	0.01377	0.02410	0.01377	0.02755	0.03099	0.76928	0.00689	0.00689	0.00344	0.00344
3	0.01559	0.01472	0.02489	0.61607	0.13601	0.01778	0.02233	0.02080	0.01615	0.02101	0.01420	0.02094	0.01083	0.00781	0.00792	0.00260	0.01042	0.00705	0.00358	0.00930
4	0.02909	0.03457	0.02236	0.01989	0.02429	0.56499	0.01512	0.10958	0.06300	0.02409	0.01433	0.01583	0.01148	0.00850	0.00730	0.00212	0.01311	0.00560	0.00481	0.00994
5	0.01164	0.00865	0.01118	0.01205	0.01408	0.00820	0.01003	0.01492	0.01912	0.02493	0.18644	0.07980	0.19952	0.02024	0.01023	0.00317	0.00575	0.34524	0.00763	0.00720
6	0.01133	0.00850	0.01274	0.01274	0.01416	0.00991	0.00991	0.01416	0.01274	0.01841	0.02124	0.03115	0.01982	0.05947	0.68989	0.01274	0.02124	0.00850	0.00425	0.00708
7	0.02750	0.01966	0.02097	0.01638	0.02195	0.02163	0.01343	0.53752	0.03373	0.04646	0.02021	0.02085	0.01466	0.00947	0.00752	0.00229	0.00786	0.00718	0.13827	0.01244
8	0.08881	0.02167	0.02284	0.01763	0.02386	0.02406	0.01456	0.59656	0.03542	0.04885	0.01841	0.01856	0.01310	0.00935	0.00770	0.00239	0.00852	0.00692	0.00770	0.01310
9	0.01841	0.01463	0.01706	0.01233	0.01928	0.01161	0.00991	0.06481	0.01823	0.06181	0.01535	0.01718	0.01228	0.00634	0.00613	0.00133	0.00612	0.00504	0.00519	0.67696
10	0.11546	0.02090	0.02209	0.01711	0.02328	0.02304	0.01413	0.53799	0.03370	0.08624	0.01887	0.01882	0.01330	0.00929	0.00759	0.00239	0.00831	0.00687	0.00770	0.01293
11	0.02087	0.02666	0.27116	0.02388	0.03250	0.01788	0.22785	0.02968	0.09416	0.14499	0.02007	0.02167	0.01412	0.00805	0.00828	0.00258	0.01072	0.00777	0.00530	0.01180

[dist]
# distance from previous block
# <min> <max>
4	15

[block]
# block no. 10 follows, 24 sequences, length 8
# corresponding to MSA columns:
# 408-415
name=unknown_K
#
# <colnr> <probs for GDERKNQSTAVLIFYWHMCP>
#	G	D	E	R	K	N	Q	S	T	A	V	L	I	F	Y	W	H	M	C	P
0	0.39494	0.01450	0.01477	0.01190	0.01759	0.01447	0.00977	0.02792	0.01712	0.25103	0.01842	0.01827	0.01287	0.00793	0.00611	0.00223	0.00630	0.00561	0.00653	0.14172
1	0.01755	0.01181	0.01418	0.01313	0.01607	0.01166	0.00979	0.16840	0.02134	0.08785	0.03416	0.42684	0.03667	0.01820	0.00905	0.00278	0.00590	0.01602	0.00751	0.07109
2	0.01532	0.01307	0.01364	0.01257	0.01528	0.05136	0.00964	0.13471	0.02081	0.02629	0.04987	0.20270	0.30383	0.01789	0.01066	0.00278	0.06974	0.01466	0.00693	0.00826
3	0.03014	0.02221	0.02380	0.01825	0.02459	0.02459	0.01507	0.64541	0.03728	0.04998	0.01904	0.01904	0.01349	0.00952	0.00793	0.00238	0.00873	0.00714	0.00793	0.01349
4	0.02011	0.01398	0.01682	0.01220	0.01907	0.01078	0.00983	0.02355	0.01764	0.15071	0.01739	0.01847	0.01326	0.00663	0.00628	0.00142	0.00604	0.00533	0.00568	0.62483
5	0.77733	0.01534	0.01166	0.01043	0.01534	0.01779	0.00859	0.02331	0.01350	0.03558	0.01104	0.01288	0.00859	0.00736	0.00491	0.00245	0.00613	0.00429	0.00491	0.00859
6	0.01133	0.00850	0.01274	0.01274	0.01416	0.00991	0.00991	0.01416	0.01274	0.01841	0.02124	0.03115	0.01982	0.05947	0.68989	0.01274	0.02124	0.00850	0.00425	0.00708
7	0.01588	0.01535	0.02140	0.01894	0.01903	0.02087	0.01543	0.01754	0.01273	0.01931	0.01679	0.15128	0.01847	0.01598	0.02298	0.00342	0.57221	0.00993	0.00422	0.00825

[dist]
# distance from previous block
# <min> <max>
0	1

[block]
# block no. 11 follows, 24 sequences, length 15
# corresponding to MSA columns:
# 417-431
name=unknown_L
#
# <colnr> <probs for GDERKNQSTAVLIFYWHMCP>
#	G	D	E	R	K	N	Q	S	T	A	V	L	I	F	Y	W	H	M	C	P
0	0.01963	0.01884	0.03219	0.04867	0.67185	0.01884	0.02434	0.02434	0.01806	0.02591	0.01492	0.01963	0.01256	0.00707	0.00785	0.00236	0.00942	0.00707	0.00393	0.01256
1	0.02858	0.02144	0.02292	0.01793	0.02400	0.02386	0.01469	0.55498	0.13025	0.04746	0.02102	0.02062	0.01509	0.00971	0.00795	0.00243	0.00836	0.00741	0.00795	0.01335
2	0.01972	0.01703	0.01793	0.01614	0.02062	0.01972	0.01255	0.04214	0.65752	0.03317	0.03228	0.02959	0.02421	0.01076	0.00807	0.00269	0.00628	0.00897	0.00807	0.01255
3	0.02962	0.03779	0.02247	0.02043	0.02451	0.68948	0.01532	0.03166	0.02247	0.01941	0.01226	0.01430	0.01021	0.00817	0.00715	0.00204	0.01430	0.00511	0.00409	0.00919
4	0.01963	0.01884	0.03219	0.04867	0.67185	0.01884	0.02434	0.02434	0.01806	0.02591	0.01492	0.01963	0.01256	0.00707	0.00785	0.00236	0.00942	0.00707	0.00393	0.01256
5	0.02574	0.01973	0.02112	0.01679	0.02255	0.02159	0.01363	0.43200	0.17733	0.04301	0.02509	0.02441	0.05146	0.01014	0.00791	0.00239	0.00772	0.00792	0.00772	0.06175
6	0.00991	0.00709	0.00942	0.01088	0.01156	0.00660	0.00738	0.01165	0.01632	0.02205	0.14109	0.61361	0.05594	0.02350	0.01000	0.00311	0.00447	0.02126	0.00757	0.00660
7	0.00966	0.00690	0.00920	0.01104	0.01150	0.00644	0.00736	0.01104	0.01518	0.02024	0.04371	0.71614	0.05245	0.02484	0.01012	0.00322	0.00460	0.02254	0.00736	0.00644
8	0.01972	0.01703	0.01793	0.01614	0.02062	0.01972	0.01255	0.04214	0.65752	0.03317	0.03228	0.02959	0.02421	0.01076	0.00807	0.00269	0.00628	0.00897	0.00807	0.01255
9	0.01725	0.01000	0.01039	0.00950	0.01208	0.01039	0.00732	0.12930	0.02022	0.03272	0.02556	0.06227	0.02073	0.01007	0.00620	0.00201	0.00463	0.00811	0.59283	0.00842
10	0.77733	0.01534	0.01166	0.01043	0.01534	0.01779	0.00859	0.02331	0.01350	0.03558	0.01104	0.01288	0.00859	0.00736	0.00491	0.00245	0.00613	0.00429	0.00491	0.00859
11	0.14784	0.02171	0.02096	0.01690	0.02257	0.07812	0.01372	0.41383	0.11591	0.04287	0.01898	0.01909	0.01388	0.00923	0.00740	0.00241	0.00845	0.00676	0.00715	0.01222
12	0.02970	0.02128	0.02309	0.01766	0.02403	0.02309	0.01457	0.57697	0.03532	0.08382	0.01945	0.01934	0.01373	0.00934	0.00782	0.00232	0.00846	0.00705	0.00786	0.05510
13	0.70947	0.01517	0.01227	0.01076	0.01578	0.01723	0.00887	0.02471	0.01434	0.09429	0.01289	0.01417	0.00960	0.00759	0.00519	0.00245	0.00619	0.00463	0.00536	0.00904
14	0.01402	0.00931	0.01269	0.01173	0.01384	0.00955	0.00911	0.01724	0.01890	0.09299	0.35251	0.04625	0.07704	0.02794	0.20436	0.00548	0.05012	0.01170	0.00719	0.00802

[dist]
# distance from previous block
# <min> <max>
1	5

[block]
# block no. 12 follows, 24 sequences, length 14
# corresponding to MSA columns:
# 437-450
name=unknown_M
#
# <colnr> <probs for GDERKNQSTAVLIFYWHMCP>
#	G	D	E	R	K	N	Q	S	T	A	V	L	I	F	Y	W	H	M	C	P
0	0.03014	0.02221	0.02380	0.01825	0.02459	0.02459	0.01507	0.64541	0.03728	0.04998	0.01904	0.01904	0.01349	0.00952	0.00793	0.00238	0.00873	0.00714	0.00793	0.01349
1	0.03558	0.01350	0.01840	0.01411	0.02024	0.01166	0.01166	0.03865	0.02270	0.67734	0.03128	0.02699	0.01963	0.00981	0.00797	0.00245	0.00675	0.00797	0.00981	0.01350
2	0.00966	0.00690	0.00920	0.01104	0.01150	0.00644	0.00736	0.01104	0.01518	0.02024	0.04371	0.71614	0.05245	0.02484	0.01012	0.00322	0.00460	0.02254	0.00736	0.00644
3	0.03014	0.02221	0.02380	0.01825	0.02459	0.02459	0.01507	0.64541	0.03728	0.04998	0.01904	0.01904	0.01349	0.00952	0.00793	0.00238	0.00873	0.00714	0.00793	0.01349
4	0.03014	0.02221	0.02380	0.01825	0.02459	0.02459	0.01507	0.64541	0.03728	0.04998	0.01904	0.01904	0.01349	0.00952	0.00793	0.00238	0.00873	0.00714	0.00793	0.01349
5	0.01872	0.02139	0.04679	0.03342	0.04144	0.02005	0.64305	0.02540	0.01872	0.02540	0.01604	0.02139	0.01203	0.00668	0.00936	0.00267	0.01337	0.00936	0.00401	0.01070
6	0.03014	0.02221	0.02380	0.01825	0.02459	0.02459	0.01507	0.64541	0.03728	0.04998	0.01904	0.01904	0.01349	0.00952	0.00793	0.00238	0.00873	0.00714	0.00793	0.01349
7	0.03014	0.02221	0.02380	0.01825	0.02459	0.02459	0.01507	0.64541	0.03728	0.04998	0.01904	0.01904	0.01349	0.00952	0.00793	0.00238	0.00873	0.00714	0.00793	0.01349
8	0.00958	0.00804	0.00832	0.00825	0.01084	0.00678	0.00619	0.01178	0.01856	0.02257	0.14508	0.07443	0.60316	0.01966	0.00937	0.00266	0.00399	0.01647	0.00751	0.00678
9	0.02120	0.72609	0.04155	0.01357	0.02035	0.03138	0.01357	0.02374	0.01611	0.01866	0.01102	0.01272	0.01018	0.00678	0.00509	0.00170	0.00848	0.00424	0.00339	0.01018
10	0.03014	0.02221	0.02380	0.01825	0.02459	0.02459	0.01507	0.64541	0.03728	0.04998	0.01904	0.01904	0.01349	0.00952	0.00793	0.00238	0.00873	0.00714	0.00793	0.01349
11	0.01590	0.04102	0.68023	0.02260	0.03432	0.01842	0.02930	0.02511	0.01674	0.02511	0.01423	0.01674	0.01005	0.00753	0.00753	0.00251	0.01172	0.00586	0.00335	0.01172
12	0.00978	0.00699	0.00930	0.01096	0.01153	0.00652	0.00737	0.01133	0.01571	0.02109	0.08929	0.66815	0.05408	0.02421	0.01007	0.00317	0.00454	0.02194	0.00746	0.00652
13	0.03014	0.02221	0.02380	0.01825	0.02459	0.02459	0.01507	0.64541	0.03728	0.04998	0.01904	0.01904	0.01349	0.00952	0.00793	0.00238	0.00873	0.00714	0.00793	0.01349

[dist]
# distance from previous block
# <min> <max>
0	1

[block]
# block no. 13 follows, 24 sequences, length 36
# corresponding to MSA columns:
# 452-487
name=unknown_N
#
# <colnr> <probs for GDERKNQSTAVLIFYWHMCP>
#	G	D	E	R	K	N	Q	S	T	A	V	L	I	F	Y	W	H	M	C	P
