[name]
unknown

[dist]
# distance from previous block
# <min> <max>
12	100

[block]
# block no. 0 follows, 25 sequences, length 48
# corresponding to MSA columns:
# 119-166
name=unknown_A
#
# <colnr> <probs for GDERKNQSTAVLIFYWHMCP>
#	G	D	E	R	K	N	Q	S	T	A	V	L	I	F	Y	W	H	M	C	P
0	0.11743	0.01860	0.03493	0.08485	0.03505	0.01817	0.41641	0.02443	0.04969	0.02613	0.01549	0.01973	0.01177	0.00685	0.00806	0.00244	0.01083	0.00783	0.00426	0.08706
1	0.01816	0.17398	0.17687	0.10577	0.03485	0.02119	0.26234	0.04879	0.01767	0.02376	0.01410	0.01788	0.01085	0.00696	0.00756	0.00232	0.01097	0.00686	0.00377	0.03534
2	0.01325	0.01241	0.06067	0.01257	0.01590	0.01017	0.01012	0.04745	0.04269	0.02412	0.07197	0.36903	0.03560	0.01632	0.00898	0.00251	0.02913	0.01428	0.00629	0.19655
3	0.01148	0.00923	0.01266	0.01236	0.01429	0.00859	0.03416	0.01346	0.01505	0.02096	0.03432	0.52056	0.03983	0.01946	0.00997	0.00276	0.04554	0.01736	0.00636	0.15159
4	0.01130	0.00911	0.01358	0.05246	0.01683	0.00851	0.05819	0.01370	0.01582	0.02156	0.07539	0.49328	0.04298	0.01947	0.00928	0.00284	0.00566	0.03859	0.00655	0.08491
5	0.01147	0.00829	0.01120	0.01243	0.01404	0.00802	0.01020	0.01457	0.01807	0.02391	0.15970	0.19138	0.09214	0.02078	0.01018	0.00323	0.00584	0.37016	0.00741	0.00699
6	0.02485	0.02444	0.02042	0.01789	0.02186	0.27731	0.01397	0.07551	0.23536	0.08905	0.02049	0.02082	0.01565	0.00976	0.00970	0.00244	0.09689	0.00687	0.00600	0.01070
7	0.01096	0.00784	0.01071	0.01233	0.01349	0.00758	0.00965	0.01350	0.01674	0.02217	0.08698	0.38235	0.04977	0.02237	0.01022	0.00329	0.00566	0.30039	0.00727	0.00676
8	0.01696	0.01696	0.02375	0.02036	0.02036	0.02375	0.01696	0.01866	0.01187	0.01866	0.01018	0.01696	0.01018	0.01357	0.02545	0.00339	0.71332	0.00679	0.00339	0.00848
9	0.00943	0.00681	0.00893	0.01062	0.01120	0.00631	0.00712	0.01082	0.01501	0.01986	0.04485	0.68410	0.08826	0.02402	0.00985	0.00312	0.00446	0.02171	0.00720	0.00631
10	0.00945	0.00675	0.00900	0.01080	0.01125	0.00630	0.00720	0.01080	0.01484	0.01979	0.04274	0.72245	0.05128	0.02429	0.00990	0.00315	0.00450	0.02204	0.00720	0.00630
11	0.03256	0.01417	0.01828	0.01430	0.02011	0.01318	0.01172	0.07825	0.10123	0.56394	0.02993	0.02619	0.01935	0.00969	0.00781	0.00242	0.00667	0.00786	0.00927	0.01308
12	0.02838	0.08646	0.02330	0.01950	0.02368	0.64898	0.01486	0.03041	0.02153	0.01892	0.01190	0.01387	0.00998	0.00789	0.00685	0.00197	0.01358	0.00493	0.00395	0.00906
13	0.01608	0.01378	0.01608	0.01148	0.01837	0.01034	0.00919	0.01952	0.01608	0.02527	0.01378	0.01608	0.01148	0.00574	0.00574	0.00115	0.00574	0.00459	0.00459	0.77491
14	0.78228	0.01499	0.01140	0.01020	0.01499	0.01739	0.00840	0.02279	0.01320	0.03479	0.01080	0.01260	0.00840	0.00720	0.00480	0.00240	0.00600	0.00420	0.00480	0.00840
15	0.02124	0.61567	0.10005	0.01414	0.02118	0.02811	0.01459	0.02438	0.01627	0.06628	0.01249	0.01380	0.01060	0.00691	0.00540	0.00179	0.00847	0.00456	0.00376	0.01032
16	0.02947	0.02172	0.02327	0.01784	0.02404	0.02404	0.01474	0.65329	0.03646	0.04887	0.01862	0.01862	0.01319	0.00931	0.00776	0.00233	0.00853	0.00698	0.00776	0.01319
17	0.00957	0.00680	0.00896	0.01064	0.01106	0.00638	0.00703	0.01083	0.01461	0.01948	0.04154	0.67875	0.04978	0.07004	0.01182	0.00343	0.00469	0.02134	0.00703	0.00619
18	0.00945	0.00675	0.00900	0.01080	0.01125	0.00630	0.00720	0.01080	0.01484	0.01979	0.04274	0.72245	0.05128	0.02429	0.00990	0.00315	0.00450	0.02204	0.00720	0.00630
19	0.00945	0.00675	0.00900	0.01080	0.01125	0.00630	0.00720	0.01080	0.01484	0.01979	0.04274	0.72245	0.05128	0.02429	0.00990	0.00315	0.00450	0.02204	0.00720	0.00630
20	0.01830	0.02092	0.04575	0.03268	0.04052	0.01961	0.65098	0.02484	0.01830	0.02484	0.01569	0.02092	0.01176	0.00654	0.00915	0.00261	0.01307	0.00915	0.00392	0.01046
21	0.01674	0.01722	0.02860	0.02295	0.02516	0.02124	0.18898	0.01978	0.01379	0.02037	0.01368	0.05346	0.01298	0.01383	0.04501	0.00350	0.46186	0.00824	0.00375	0.00885
22	0.02030	0.01716	0.01810	0.01598	0.02055	0.01976	0.01252	0.10198	0.60270	0.03407	0.03027	0.02790	0.02263	0.01040	0.00788	0.00260	0.00637	0.00859	0.00788	0.01236
23	0.00952	0.00681	0.00906	0.01074	0.01126	0.00635	0.00720	0.01099	0.01520	0.02035	0.07403	0.68956	0.05236	0.02387	0.00986	0.00311	0.00446	0.02165	0.00726	0.00635
24	0.02073	0.73217	0.04063	0.01327	0.01990	0.03068	0.01327	0.02322	0.01575	0.01824	0.01078	0.01244	0.00995	0.00663	0.00498	0.00166	0.00829	0.00415	0.00332	0.00995
25	0.01524	0.01451	0.02486	0.53543	0.04660	0.01761	0.08639	0.02014	0.01548	0.02068	0.01421	0.02075	0.01095	0.00826	0.00951	0.00263	0.07883	0.00713	0.04206	0.00872
26	0.00945	0.00675	0.00900	0.01080	0.01125	0.00630	0.00720	0.01080	0.01484	0.01979	0.04274	0.72245	0.05128	0.02429	0.00990	0.00315	0.00450	0.02204	0.00720	0.00630
27	0.00953	0.00693	0.00883	0.01029	0.01097	0.00641	0.00688	0.01087	0.01495	0.01962	0.04582	0.60141	0.12436	0.06948	0.01173	0.00337	0.00463	0.02066	0.00704	0.00622
28	0.06190	0.04149	0.02547	0.37437	0.25514	0.01810	0.02055	0.02134	0.01597	0.02269	0.01395	0.01949	0.01112	0.00767	0.00810	0.00246	0.03785	0.00664	0.02587	0.00982
29	0.01355	0.00724	0.01104	0.05986	0.01318	0.00748	0.00779	0.01079	0.01049	0.01392	0.01349	0.02336	0.01324	0.02557	0.02870	0.71945	0.00699	0.00675	0.00337	0.00374
30	0.01010	0.00733	0.00952	0.01016	0.01135	0.00676	0.00717	0.01249	0.01812	0.02479	0.32072	0.39229	0.09974	0.02032	0.00952	0.00281	0.00410	0.01819	0.00778	0.00676
31	0.01614	0.00942	0.01032	0.04412	0.01340	0.00996	0.00763	0.09684	0.01851	0.03031	0.02363	0.02730	0.01854	0.01181	0.04529	0.00252	0.00554	0.00724	0.59346	0.00802
32	0.01608	0.01378	0.01608	0.01148	0.01837	0.01034	0.00919	0.01952	0.01608	0.02527	0.01378	0.01608	0.01148	0.00574	0.00574	0.00115	0.00574	0.00459	0.00459	0.77491
33	0.25706	0.02087	0.06287	0.01580	0.02192	0.02163	0.01372	0.42101	0.02809	0.04301	0.01594	0.01664	0.01151	0.00854	0.00683	0.00236	0.00795	0.00605	0.00657	0.01162
34	0.01063	0.00763	0.00984	0.01121	0.01200	0.00735	0.00764	0.04883	0.01612	0.02151	0.04131	0.68078	0.04903	0.02340	0.00977	0.00310	0.00474	0.02115	0.00723	0.00671
35	0.01477	0.01329	0.02160	0.59228	0.04668	0.01658	0.01956	0.01956	0.01536	0.02069	0.01477	0.02131	0.01133	0.00825	0.00861	0.00255	0.05343	0.00692	0.08401	0.00846
36	0.00962	0.00739	0.00852	0.00918	0.01062	0.00660	0.00636	0.01123	0.01615	0.02049	0.09598	0.32143	0.32651	0.09814	0.01274	0.00334	0.00452	0.01786	0.00701	0.00630
37	0.01128	0.00752	0.00846	0.00846	0.00846	0.00752	0.00470	0.01128	0.01128	0.01503	0.02443	0.05074	0.02819	0.72751	0.03946	0.00752	0.00752	0.01128	0.00470	0.00470
38	0.01696	0.01696	0.02375	0.02036	0.02036	0.02375	0.01696	0.01866	0.01187	0.01866	0.01018	0.01696	0.01018	0.01357	0.02545	0.00339	0.71332	0.00679	0.00339	0.00848
39	0.01097	0.00793	0.01036	0.00975	0.01158	0.00732	0.00732	0.01463	0.02195	0.03109	0.67505	0.05792	0.07316	0.01585	0.00914	0.00244	0.00366	0.01402	0.00854	0.00732
40	0.02947	0.02172	0.02327	0.01784	0.02404	0.02404	0.01474	0.65329	0.03646	0.04887	0.01862	0.01862	0.01319	0.00931	0.00776	0.00233	0.00853	0.00698	0.00776	0.01319
41	0.01555	0.04011	0.68733	0.02210	0.03356	0.01801	0.02865	0.02455	0.01637	0.02455	0.01391	0.01637	0.00982	0.00737	0.00737	0.00246	0.01146	0.00573	0.00327	0.01146
42	0.01464	0.01378	0.02326	0.70887	0.05340	0.01723	0.02153	0.01981	0.01550	0.01981	0.01378	0.02067	0.01034	0.00775	0.00775	0.00258	0.01034	0.00689	0.00345	0.00861
43	0.03479	0.01320	0.01799	0.01380	0.01979	0.01140	0.01140	0.03779	0.02219	0.68451	0.03059	0.02639	0.01919	0.00960	0.00780	0.00240	0.00660	0.00780	0.00960	0.01320
44	0.02230	0.01429	0.01520	0.01248	0.01652	0.01532	0.01004	0.31866	0.02601	0.06259	0.02234	0.02396	0.01669	0.00918	0.00661	0.00207	0.00605	0.00713	0.38231	0.01026
45	0.01684	0.01423	0.01649	0.01185	0.01870	0.01112	0.00950	0.05570	0.01724	0.02661	0.01406	0.01622	0.01158	0.00595	0.00586	0.00122	0.00590	0.00473	0.00477	0.73142
46	0.01104	0.00810	0.01017	0.01018	0.01096	0.00825	0.00697	0.01264	0.01535	0.02106	0.20720	0.19413	0.07645	0.27701	0.04879	0.00490	0.05014	0.01418	0.00630	0.00617
47	0.08697	0.01491	0.02256	0.47475	0.08460	0.01838	0.01941	0.03929	0.03681	0.02267	0.01384	0.01959	0.01078	0.00849	0.00963	0.00264	0.09507	0.00669	0.00386	0.00907

[dist]
# distance from previous block
# <min> <max>
1	7

[block]
# block no. 1 follows, 25 sequences, length 47
# corresponding to MSA columns:
# 174-220
name=unknown_B
#
# <colnr> <probs for GDERKNQSTAVLIFYWHMCP>
#	G	D	E	R	K	N	Q	S	T	A	V	L	I	F	Y	W	H	M	C	P
0	0.06931	0.01039	0.01193	0.08601	0.01686	0.01074	0.00882	0.06581	0.01768	0.08153	0.02187	0.02498	0.01677	0.00924	0.00686	0.02830	0.00534	0.00683	0.44493	0.05579
1	0.01599	0.01377	0.01684	0.01457	0.07087	0.01118	0.01038	0.02042	0.05290	0.02525	0.01711	0.07205	0.01534	0.00755	0.00634	0.00148	0.00595	0.00637	0.00492	0.61072
2	0.01848	0.01192	0.03934	0.01212	0.01598	0.01036	0.00999	0.05150	0.05873	0.18761	0.34801	0.04458	0.06623	0.01318	0.00849	0.00241	0.00529	0.03465	0.00820	0.05292
3	0.03159	0.01517	0.01888	0.01467	0.02058	0.01452	0.01203	0.15483	0.08565	0.47611	0.02775	0.02475	0.01818	0.00948	0.00772	0.00236	0.00689	0.00761	0.00889	0.04234
4	0.65277	0.03837	0.01295	0.01070	0.01540	0.01740	0.00883	0.05790	0.01530	0.03475	0.06447	0.01656	0.01391	0.00799	0.00532	0.00237	0.00603	0.00514	0.00522	0.00863
5	0.01203	0.00889	0.01305	0.04339	0.01563	0.01023	0.01011	0.03812	0.01345	0.01902	0.02080	0.05796	0.01967	0.05052	0.56604	0.06291	0.01821	0.00866	0.00433	0.00697
6	0.01608	0.01378	0.01608	0.01148	0.01837	0.01034	0.00919	0.01952	0.01608	0.02527	0.01378	0.01608	0.01148	0.00574	0.00574	0.00115	0.00574	0.00459	0.00459	0.77491
7	0.02972	0.02133	0.02303	0.01765	0.02385	0.02347	0.01458	0.62516	0.03580	0.07792	0.01916	0.01897	0.01346	0.00932	0.00776	0.00233	0.00844	0.00702	0.00784	0.01319
8	0.01029	0.00780	0.01049	0.01158	0.01212	0.00800	0.00811	0.01189	0.01526	0.02078	0.10102	0.59308	0.04962	0.02249	0.01126	0.00310	0.06968	0.01986	0.00698	0.00660
9	0.03436	0.01388	0.01842	0.01412	0.02013	0.01241	0.01166	0.08711	0.02334	0.63357	0.02963	0.02577	0.01871	0.00957	0.00779	0.00239	0.00675	0.00773	0.00945	0.01319
10	0.01008	0.00789	0.00912	0.00881	0.01103	0.00693	0.00661	0.01290	0.01983	0.02607	0.37988	0.06618	0.37146	0.01772	0.00915	0.00253	0.00379	0.01518	0.00787	0.00693
11	0.01929	0.01666	0.01753	0.01578	0.02016	0.01929	0.01227	0.04120	0.66513	0.03243	0.03156	0.02893	0.02367	0.01052	0.00789	0.00263	0.00614	0.00877	0.00789	0.01227
12	0.01042	0.00730	0.00871	0.00930	0.00982	0.00699	0.00585	0.01131	0.01379	0.01827	0.07733	0.28847	0.09879	0.37082	0.02439	0.00521	0.00588	0.01569	0.00605	0.00560
13	0.01128	0.00752	0.00846	0.00846	0.00846	0.00752	0.00470	0.01128	0.01128	0.01503	0.02443	0.05074	0.02819	0.72751	0.03946	0.00752	0.00752	0.01128	0.00470	0.00470
14	0.00945	0.00675	0.00900	0.01080	0.01125	0.00630	0.00720	0.01080	0.01484	0.01979	0.04274	0.72245	0.05128	0.02429	0.00990	0.00315	0.00450	0.02204	0.00720	0.00630
15	0.01696	0.01696	0.02375	0.02036	0.02036	0.02375	0.01696	0.01866	0.01187	0.01866	0.01018	0.01696	0.01018	0.01357	0.02545	0.00339	0.71332	0.00679	0.00339	0.00848
16	0.01555	0.04011	0.68733	0.02210	0.03356	0.01801	0.02865	0.02455	0.01637	0.02455	0.01391	0.01637	0.00982	0.00737	0.00737	0.00246	0.01146	0.00573	0.00327	0.01146
17	0.03062	0.07320	0.02103	0.01480	0.02067	0.01670	0.01237	0.22950	0.02616	0.39307	0.06220	0.02463	0.01965	0.00963	0.00764	0.00232	0.00718	0.00760	0.00845	0.01260
18	0.01148	0.00889	0.01323	0.01300	0.01429	0.01065	0.01018	0.01417	0.01242	0.01804	0.02005	0.02955	0.01876	0.05513	0.65126	0.01185	0.06772	0.00820	0.00410	0.00703
19	0.78228	0.01499	0.01140	0.01020	0.01499	0.01739	0.00840	0.02279	0.01320	0.03479	0.01080	0.01260	0.00840	0.00720	0.00480	0.00240	0.00600	0.00420	0.00480	0.00840
20	0.01555	0.04011	0.68733	0.02210	0.03356	0.01801	0.02865	0.02455	0.01637	0.02455	0.01391	0.01637	0.00982	0.00737	0.00737	0.00246	0.01146	0.00573	0.00327	0.01146
21	0.01574	0.03881	0.64383	0.02282	0.03403	0.01812	0.07084	0.02457	0.01650	0.02457	0.01403	0.01668	0.00995	0.00731	0.00749	0.00247	0.01157	0.00596	0.00332	0.01139
22	0.01464	0.01378	0.02326	0.70887	0.05340	0.01723	0.02153	0.01981	0.01550	0.01981	0.01378	0.02067	0.01034	0.00775	0.00775	0.00258	0.01034	0.00689	0.00345	0.00861
23	0.00916	0.00785	0.00785	0.00785	0.01047	0.00655	0.00589	0.01113	0.01767	0.02095	0.07855	0.07462	0.67599	0.01964	0.00916	0.00262	0.00393	0.01636	0.00720	0.00655
24	0.00945	0.00675	0.00900	0.01080	0.01125	0.00630	0.00720	0.01080	0.01484	0.01979	0.04274	0.72245	0.05128	0.02429	0.00990	0.00315	0.00450	0.02204	0.00720	0.00630
25	0.01673	0.01591	0.02703	0.40489	0.34105	0.01778	0.02257	0.02164	0.01649	0.02235	0.01415	0.01999	0.01123	0.00736	0.00772	0.00245	0.00982	0.00690	0.00363	0.01030
26	0.01234	0.00823	0.01080	0.00999	0.01205	0.00755	0.00755	0.01596	0.02196	0.06858	0.63808	0.05611	0.07006	0.01549	0.00907	0.00244	0.00383	0.01367	0.00860	0.00765
27	0.01022	0.00793	0.01200	0.01251	0.01361	0.00741	0.05879	0.01208	0.01542	0.02067	0.06693	0.63852	0.04903	0.02252	0.00981	0.00308	0.00515	0.02067	0.00699	0.00667
28	0.02048	0.69921	0.07143	0.01369	0.02055	0.03008	0.01400	0.02328	0.01578	0.01854	0.01093	0.01263	0.00994	0.00667	0.00509	0.00170	0.00844	0.00422	0.00331	0.01002
29	0.01125	0.00758	0.00875	0.00873	0.00888	0.00763	0.00508	0.01154	0.01172	0.01577	0.04708	0.04983	0.02926	0.66410	0.07611	0.00762	0.00814	0.01120	0.00480	0.00492
30	0.01044	0.00717	0.00870	0.00953	0.00973	0.00696	0.00584	0.01106	0.01291	0.01721	0.03280	0.35798	0.03875	0.40586	0.02594	0.00552	0.00614	0.01620	0.00584	0.00543
31	0.01830	0.02092	0.04575	0.03268	0.04052	0.01961	0.65098	0.02484	0.01830	0.02484	0.01569	0.02092	0.01176	0.00654	0.00915	0.00261	0.01307	0.00915	0.00392	0.01046
32	0.01482	0.01306	0.02083	0.53902	0.04360	0.01627	0.01864	0.01944	0.01529	0.02111	0.01523	0.02161	0.01179	0.00847	0.00898	0.00254	0.07238	0.00693	0.12160	0.00839
33	0.01608	0.01378	0.01608	0.01148	0.01837	0.01034	0.00919	0.01952	0.01608	0.02527	0.01378	0.01608	0.01148	0.00574	0.00574	0.00115	0.00574	0.00459	0.00459	0.77491
34	0.01608	0.01378	0.01608	0.01148	0.01837	0.01034	0.00919	0.01952	0.01608	0.02527	0.01378	0.01608	0.01148	0.00574	0.00574	0.00115	0.00574	0.00459	0.00459	0.77491
35	0.01347	0.00673	0.01010	0.01010	0.01010	0.00673	0.00673	0.01010	0.01010	0.01347	0.01347	0.02357	0.01347	0.02694	0.03030	0.77441	0.00673	0.00673	0.00337	0.00337
36	0.01750	0.01936	0.04080	0.12228	0.04062	0.01905	0.52247	0.02356	0.01750	0.02371	0.01544	0.02111	0.01180	0.00883	0.03493	0.00300	0.03541	0.00874	0.00385	0.01002
37	0.01108	0.00831	0.01246	0.01246	0.01385	0.00969	0.00969	0.01385	0.01246	0.01800	0.02077	0.03046	0.01938	0.05815	0.69678	0.01246	0.02077	0.00831	0.00415	0.00692
38	0.01696	0.01696	0.02375	0.02036	0.02036	0.02375	0.01696	0.01866	0.01187	0.01866	0.01018	0.01696	0.01018	0.01357	0.02545	0.00339	0.71332	0.00679	0.00339	0.00848
39	0.01696	0.01696	0.02375	0.02036	0.02036	0.02375	0.01696	0.01866	0.01187	0.01866	0.01018	0.01696	0.01018	0.01357	0.02545	0.00339	0.71332	0.00679	0.00339	0.00848
40	0.02010	0.01706	0.01799	0.01594	0.02047	0.01967	0.01247	0.09025	0.61476	0.03375	0.03052	0.02810	0.02283	0.01042	0.00788	0.00261	0.00633	0.00862	0.00788	0.01235
41	0.01555	0.04011	0.68733	0.02210	0.03356	0.01801	0.02865	0.02455	0.01637	0.02455	0.01391	0.01637	0.00982	0.00737	0.00737	0.00246	0.01146	0.00573	0.00327	0.01146
42	0.08045	0.02320	0.02230	0.01759	0.02342	0.10913	0.01434	0.53137	0.03304	0.04411	0.01724	0.01762	0.01245	0.00900	0.00746	0.00229	0.00905	0.00654	0.00708	0.01233
43	0.09522	0.00900	0.00907	0.00842	0.01102	0.00918	0.00652	0.04200	0.01712	0.08273	0.02400	0.02668	0.01841	0.00890	0.00563	0.00193	0.00427	0.00695	0.60491	0.00803
44	0.56944	0.01577	0.01474	0.08490	0.02039	0.01852	0.01101	0.09678	0.01611	0.03397	0.01200	0.01440	0.00927	0.00787	0.00663	0.00247	0.04685	0.00496	0.00493	0.00899
45	0.26645	0.01893	0.01808	0.08318	0.02307	0.10832	0.01261	0.16782	0.02166	0.16039	0.01695	0.01773	0.01208	0.00825	0.00666	0.00231	0.00817	0.00591	0.00615	0.03528
46	0.01980	0.01759	0.02939	0.37520	0.17091	0.01886	0.12658	0.05935	0.01901	0.05467	0.01718	0.02308	0.01336	0.00883	0.00876	0.00285	0.01081	0.00790	0.00480	0.01107

[dist]
# distance from previous block
# <min> <max>
0	17

[block]
# block no. 2 follows, 25 sequences, length 59
# corresponding to MSA columns:
# 238-296
name=unknown_C
#
# <colnr> <probs for GDERKNQSTAVLIFYWHMCP>
#	G	D	E	R	K	N	Q	S	T	A	V	L	I	F	Y	W	H	M	C	P
0	0.01042	0.00761	0.00955	0.01081	0.01159	0.00741	0.00732	0.01304	0.05709	0.02015	0.04095	0.54125	0.07106	0.11614	0.01367	0.00369	0.00507	0.03974	0.00691	0.00651
1	0.01463	0.01353	0.02295	0.54192	0.10093	0.01604	0.04094	0.01916	0.01554	0.02024	0.01661	0.08621	0.01448	0.00981	0.00873	0.02780	0.00967	0.00838	0.00384	0.00860
2	0.01608	0.01378	0.01608	0.01148	0.01837	0.01034	0.00919	0.01952	0.01608	0.02527	0.01378	0.01608	0.01148	0.00574	0.00574	0.00115	0.00574	0.00459	0.00459	0.77491
3	0.01108	0.00831	0.01246	0.01246	0.01385	0.00969	0.00969	0.01385	0.01246	0.01800	0.02077	0.03046	0.01938	0.05815	0.69678	0.01246	0.02077	0.00831	0.00415	0.00692
4	0.00960	0.00681	0.00895	0.01060	0.01101	0.00640	0.00698	0.01084	0.01454	0.01939	0.04118	0.66522	0.04931	0.08420	0.01242	0.00352	0.00476	0.02113	0.00698	0.00616
5	0.00971	0.00693	0.00929	0.01109	0.01166	0.00652	0.00765	0.01125	0.01510	0.02008	0.04259	0.66835	0.05071	0.02405	0.00997	0.00318	0.00472	0.07357	0.00719	0.00637
6	0.01733	0.01452	0.01675	0.01208	0.01890	0.01162	0.00971	0.07873	0.01798	0.02747	0.01423	0.01632	0.01164	0.00608	0.00593	0.00126	0.00600	0.00482	0.00489	0.70375
7	0.06662	0.02139	0.02268	0.01746	0.02360	0.02372	0.01442	0.62218	0.03531	0.04817	0.01823	0.01832	0.01295	0.00920	0.00761	0.00233	0.00841	0.00684	0.00761	0.01295
8	0.01464	0.01378	0.02326	0.70887	0.05340	0.01723	0.02153	0.01981	0.01550	0.01981	0.01378	0.02067	0.01034	0.00775	0.00775	0.00258	0.01034	0.00689	0.00345	0.00861
9	0.02073	0.73217	0.04063	0.01327	0.01990	0.03068	0.01327	0.02322	0.01575	0.01824	0.01078	0.01244	0.00995	0.00663	0.00498	0.00166	0.00829	0.00415	0.00332	0.00995
10	0.01126	0.00758	0.00880	0.00880	0.00892	0.00770	0.00512	0.01149	0.01138	0.01529	0.02412	0.04901	0.02744	0.67049	0.09546	0.00794	0.00865	0.01102	0.00465	0.00489
11	0.01108	0.00831	0.01246	0.01246	0.01385	0.00969	0.00969	0.01385	0.01246	0.01800	0.02077	0.03046	0.01938	0.05815	0.69678	0.01246	0.02077	0.00831	0.00415	0.00692
12	0.02947	0.02172	0.02327	0.01784	0.02404	0.02404	0.01474	0.65329	0.03646	0.04887	0.01862	0.01862	0.01319	0.00931	0.00776	0.00233	0.00853	0.00698	0.00776	0.01319
13	0.00945	0.00675	0.00900	0.01080	0.01125	0.00630	0.00720	0.01080	0.01484	0.01979	0.04274	0.72245	0.05128	0.02429	0.00990	0.00315	0.00450	0.02204	0.00720	0.00630
14	0.71113	0.08199	0.01413	0.01048	0.01545	0.01864	0.00885	0.02283	0.01343	0.03324	0.01079	0.01258	0.00854	0.00714	0.00481	0.00233	0.00621	0.00419	0.00466	0.00854
15	0.02691	0.01485	0.01884	0.01475	0.02051	0.01410	0.03488	0.09180	0.14730	0.34814	0.04953	0.02548	0.01996	0.00926	0.00759	0.00225	0.00669	0.00768	0.00807	0.13142
16	0.67919	0.01486	0.01238	0.01102	0.01525	0.01757	0.00907	0.02221	0.01320	0.03304	0.01133	0.01367	0.00904	0.00787	0.00675	0.00247	0.07198	0.00456	0.03617	0.00836
17	0.01249	0.00892	0.01249	0.01428	0.01606	0.00892	0.01249	0.01606	0.01785	0.02320	0.04105	0.08746	0.04462	0.02142	0.01071	0.00357	0.00714	0.62695	0.00714	0.00714
18	0.01608	0.01378	0.01608	0.01148	0.01837	0.01034	0.00919	0.01952	0.01608	0.02527	0.01378	0.01608	0.01148	0.00574	0.00574	0.00115	0.00574	0.00459	0.00459	0.77491
19	0.01097	0.00793	0.01036	0.00975	0.01158	0.00732	0.00732	0.01463	0.02195	0.03109	0.67505	0.05792	0.07316	0.01585	0.00914	0.00244	0.00366	0.01402	0.00854	0.00732
20	0.01347	0.00673	0.01010	0.01010	0.01010	0.00673	0.00673	0.01010	0.01010	0.01347	0.01347	0.02357	0.01347	0.02694	0.03030	0.77441	0.00673	0.00673	0.00337	0.00337
21	0.62670	0.01462	0.01277	0.01095	0.01599	0.01615	0.00902	0.02591	0.01507	0.17001	0.01492	0.01547	0.01064	0.00770	0.00542	0.00240	0.00612	0.00495	0.00580	0.00940
22	0.01097	0.00793	0.01036	0.00975	0.01158	0.00732	0.00732	0.01463	0.02195	0.03109	0.67505	0.05792	0.07316	0.01585	0.00914	0.00244	0.00366	0.01402	0.00854	0.00732
23	0.01464	0.01378	0.02326	0.70887	0.05340	0.01723	0.02153	0.01981	0.01550	0.01981	0.01378	0.02067	0.01034	0.00775	0.00775	0.00258	0.01034	0.00689	0.00345	0.00861
24	0.01722	0.01446	0.01669	0.01203	0.01886	0.01150	0.00966	0.07351	0.01781	0.02728	0.01419	0.01629	0.01163	0.00605	0.00591	0.00125	0.00598	0.00480	0.00486	0.71002
25	0.01097	0.00793	0.01036	0.00975	0.01158	0.00732	0.00732	0.01463	0.02195	0.03109	0.67505	0.05792	0.07316	0.01585	0.00914	0.00244	0.00366	0.01402	0.00854	0.00732
26	0.01696	0.01696	0.02375	0.02036	0.02036	0.02375	0.01696	0.01866	0.01187	0.01866	0.01018	0.01696	0.01018	0.01357	0.02545	0.00339	0.71332	0.00679	0.00339	0.00848
27	0.01466	0.00796	0.00854	0.00831	0.01025	0.00823	0.00633	0.04389	0.01663	0.02839	0.02446	0.02867	0.01954	0.01510	0.09081	0.00314	0.00593	0.00735	0.64437	0.00744
28	0.78228	0.01499	0.01140	0.01020	0.01499	0.01739	0.00840	0.02279	0.01320	0.03479	0.01080	0.01260	0.00840	0.00720	0.00480	0.00240	0.00600	0.00420	0.00480	0.00840
29	0.56896	0.08482	0.07292	0.01228	0.01796	0.01937	0.01122	0.08735	0.01608	0.03381	0.01186	0.01352	0.00915	0.00737	0.00534	0.00233	0.00694	0.00461	0.00483	0.00929
30	0.01555	0.04011	0.68733	0.02210	0.03356	0.01801	0.02865	0.02455	0.01637	0.02455	0.01391	0.01637	0.00982	0.00737	0.00737	0.00246	0.01146	0.00573	0.00327	0.01146
31	0.01223	0.00884	0.01020	0.00994	0.01248	0.00810	0.00760	0.01614	0.06562	0.06748	0.19942	0.12051	0.35445	0.01799	0.00915	0.00268	0.00447	0.05743	0.00770	0.00759
32	0.00994	0.00713	0.00944	0.01046	0.01136	0.00663	0.00724	0.01204	0.01715	0.02347	0.24830	0.50640	0.05839	0.02155	0.00965	0.00292	0.00423	0.01943	0.00763	0.00663
33	0.01464	0.01378	0.02326	0.70887	0.05340	0.01723	0.02153	0.01981	0.01550	0.01981	0.01378	0.02067	0.01034	0.00775	0.00775	0.00258	0.01034	0.00689	0.00345	0.00861
34	0.01155	0.00798	0.01042	0.01019	0.01199	0.00735	0.00763	0.01477	0.02053	0.05074	0.50375	0.15742	0.09149	0.01732	0.00929	0.00261	0.00406	0.04534	0.00825	0.00732
35	0.01929	0.01666	0.01753	0.01578	0.02016	0.01929	0.01227	0.04120	0.66513	0.03243	0.03156	0.02893	0.02367	0.01052	0.00789	0.00263	0.00614	0.00877	0.00789	0.01227
36	0.00945	0.00675	0.00900	0.01080	0.01125	0.00630	0.00720	0.01080	0.01484	0.01979	0.04274	0.72245	0.05128	0.02429	0.00990	0.00315	0.00450	0.02204	0.00720	0.00630
37	0.01354	0.01189	0.01703	0.01562	0.01637	0.01549	0.01255	0.01576	0.01217	0.01817	0.01648	0.02555	0.01585	0.06346	0.39286	0.00850	0.30958	0.00778	0.00386	0.00749
38	0.02709	0.01942	0.02072	0.01615	0.02166	0.02137	0.01326	0.55242	0.03325	0.04570	0.01968	0.02025	0.01425	0.00926	0.00739	0.00224	0.00775	0.00702	0.12888	0.01224
39	0.28159	0.01669	0.01727	0.07866	0.02190	0.03770	0.01217	0.19170	0.04608	0.12419	0.01757	0.01869	0.01274	0.00864	0.00724	0.00239	0.03322	0.00616	0.05497	0.01043
40	0.01248	0.01030	0.01515	0.07859	0.01825	0.01273	0.01168	0.01505	0.01254	0.01803	0.01853	0.02885	0.01764	0.10247	0.45605	0.00949	0.14284	0.00815	0.00400	0.00717
41	0.07043	0.58472	0.08784	0.01379	0.02064	0.02757	0.01403	0.02425	0.01606	0.06336	0.01232	0.01367	0.01044	0.00692	0.00534	0.00182	0.00828	0.00451	0.00382	0.01018
42	0.02843	0.08240	0.02319	0.01954	0.02370	0.65286	0.01487	0.03046	0.02157	0.01893	0.01191	0.01388	0.00999	0.00790	0.00686	0.00198	0.01361	0.00494	0.00395	0.00905
43	0.01113	0.00808	0.01129	0.01129	0.01227	0.00906	0.00823	0.01309	0.01211	0.01713	0.02184	0.03639	0.02196	0.25398	0.50447	0.01101	0.01689	0.00918	0.00431	0.00627
44	0.01602	0.08720	0.61769	0.02190	0.03288	0.01895	0.05178	0.02447	0.01640	0.02413	0.01377	0.01627	0.00991	0.00728	0.00727	0.00241	0.01130	0.00575	0.00330	0.01132
45	0.02073	0.73217	0.04063	0.01327	0.01990	0.03068	0.01327	0.02322	0.01575	0.01824	0.01078	0.01244	0.00995	0.00663	0.00498	0.00166	0.00829	0.00415	0.00332	0.00995
46	0.03129	0.01332	0.01730	0.01359	0.01919	0.01204	0.01112	0.05969	0.06814	0.55684	0.03428	0.03038	0.07523	0.01051	0.00792	0.00243	0.00641	0.00856	0.00920	0.01256
47	0.01097	0.00793	0.01036	0.00975	0.01158	0.00732	0.00732	0.01463	0.02195	0.03109	0.67505	0.05792	0.07316	0.01585	0.00914	0.00244	0.00366	0.01402	0.00854	0.00732
48	0.01473	0.01391	0.02328	0.68147	0.05209	0.01749	0.02135	0.01976	0.01536	0.01976	0.01364	0.02052	0.01033	0.00798	0.00846	0.00262	0.03831	0.00689	0.00344	0.00861
49	0.01011	0.00711	0.00921	0.01063	0.01111	0.00680	0.00717	0.01139	0.01438	0.01912	0.03875	0.52279	0.04584	0.17095	0.01615	0.00410	0.00538	0.07630	0.00667	0.00604
50	0.01108	0.00831	0.01246	0.01246	0.01385	0.00969	0.00969	0.01385	0.01246	0.01800	0.02077	0.03046	0.01938	0.05815	0.69678	0.01246	0.02077	0.00831	0.00415	0.00692
51	0.08718	0.03776	0.62419	0.02099	0.03182	0.01795	0.02676	0.02439	0.01607	0.02551	0.01362	0.01602	0.00969	0.00735	0.00713	0.00245	0.01095	0.00559	0.00342	0.01117
52	0.01884	0.01615	0.01720	0.01568	0.01989	0.01861	0.01229	0.03956	0.62282	0.03183	0.03218	0.03275	0.02504	0.01123	0.00807	0.00269	0.00620	0.04918	0.00784	0.01194
53	0.01073	0.00792	0.01003	0.00950	0.01143	0.00721	0.00712	0.01416	0.02137	0.02973	0.59478	0.06017	0.15428	0.01636	0.00915	0.00246	0.00369	0.01434	0.00836	0.00721
54	0.00945	0.00675	0.00900	0.01080	0.01125	0.00630	0.00720	0.01080	0.01484	0.01979	0.04274	0.72245	0.05128	0.02429	0.00990	0.00315	0.00450	0.02204	0.00720	0.00630
55	0.04872	0.01820	0.03654	0.26590	0.04392	0.01869	0.40636	0.02301	0.01712	0.02351	0.01482	0.02049	0.01113	0.00698	0.00849	0.00259	0.01183	0.00816	0.00379	0.00973
56	0.01531	0.01476	0.02624	0.49595	0.10150	0.01691	0.11251	0.02050	0.01649	0.02169	0.04768	0.02468	0.01497	0.00836	0.00812	0.00259	0.01020	0.02855	0.00392	0.00908
57	0.01846	0.02165	0.11905	0.30665	0.04549	0.01933	0.29360	0.02392	0.01808	0.02452	0.01673	0.02302	0.01295	0.00860	0.00918	0.00296	0.01222	0.00836	0.00439	0.01085
58	0.03228	0.01264	0.01719	0.01337	0.01893	0.01097	0.01097	0.03535	0.02217	0.61567	0.09849	0.02971	0.02488	0.01026	0.00794	0.00240	0.00629	0.00845	0.00948	0.01258

[dist]
# distance from previous block
# <min> <max>
0	1

[block]
# block no. 3 follows, 25 sequences, length 15
# corresponding to MSA columns:
# 298-312
name=unknown_D
#
# <colnr> <probs for GDERKNQSTAVLIFYWHMCP>
#	G	D	E	R	K	N	Q	S	T	A	V	L	I	F	Y	W	H	M	C	P
0	0.01870	0.03570	0.57765	0.02074	0.03130	0.01692	0.02582	0.02672	0.01732	0.13270	0.01665	0.01801	0.01136	0.00773	0.00744	0.00245	0.01066	0.00607	0.00431	0.01174
1	0.01890	0.03433	0.53192	0.02149	0.03180	0.01704	0.07018	0.02674	0.01746	0.13272	0.01677	0.01834	0.01150	0.00767	0.00756	0.00246	0.01078	0.00631	0.00436	0.01167
2	0.01808	0.02022	0.04286	0.03062	0.03837	0.01871	0.58852	0.02432	0.01808	0.02488	0.01550	0.02044	0.01174	0.00646	0.00882	0.00247	0.01236	0.00871	0.00399	0.08486
3	0.01919	0.01842	0.03147	0.04759	0.67914	0.01842	0.02380	0.02380	0.01765	0.02533	0.01458	0.01919	0.01228	0.00691	0.00768	0.00230	0.00921	0.00691	0.00384	0.01228
4	0.02441	0.01562	0.01814	0.01476	0.02019	0.01570	0.01197	0.15211	0.20657	0.21144	0.02630	0.02812	0.01974	0.00996	0.00765	0.00231	0.00672	0.05148	0.00768	0.14912
5	0.78228	0.01499	0.01140	0.01020	0.01499	0.01739	0.00840	0.02279	0.01320	0.03479	0.01080	0.01260	0.00840	0.00720	0.00480	0.00240	0.00600	0.00420	0.00480	0.00840
6	0.01128	0.00752	0.00846	0.00846	0.00846	0.00752	0.00470	0.01128	0.01128	0.01503	0.02443	0.05074	0.02819	0.72751	0.03946	0.00752	0.00752	0.01128	0.00470	0.00470
7	0.01528	0.00802	0.00811	0.00781	0.00986	0.00815	0.00593	0.05306	0.01737	0.03001	0.02493	0.02834	0.01951	0.00905	0.00555	0.00184	0.00388	0.00721	0.72853	0.00755
8	0.01311	0.00686	0.00983	0.00983	0.00983	0.00686	0.00640	0.01029	0.01029	0.01372	0.01526	0.02802	0.01588	0.14173	0.03180	0.64875	0.00686	0.00748	0.00359	0.00359
9	0.01128	0.00752	0.00846	0.00846	0.00846	0.00752	0.00470	0.01128	0.01128	0.01503	0.02443	0.05074	0.02819	0.72751	0.03946	0.00752	0.00752	0.01128	0.00470	0.00470
10	0.02029	0.01694	0.01816	0.01538	0.02045	0.01853	0.01214	0.12957	0.46437	0.03373	0.02670	0.02527	0.02010	0.00955	0.00752	0.00234	0.00643	0.00781	0.00733	0.13738
11	0.00961	0.00688	0.00915	0.01068	0.01128	0.00641	0.00721	0.01122	0.01562	0.02103	0.11177	0.64989	0.05367	0.02337	0.00981	0.00307	0.00441	0.02117	0.00734	0.00641
12	0.01507	0.01306	0.01785	0.08281	0.02016	0.01618	0.01327	0.01765	0.01392	0.02137	0.01836	0.10041	0.01793	0.01434	0.03743	0.00309	0.33307	0.02920	0.12980	0.08504
13	0.05780	0.01559	0.01739	0.01588	0.04070	0.01711	0.01207	0.13523	0.33500	0.10617	0.02897	0.09517	0.02357	0.01157	0.00791	0.00259	0.00647	0.02844	0.03092	0.01145
14	0.05829	0.03195	0.44612	0.08711	0.03223	0.01852	0.02368	0.12679	0.01940	0.02865	0.01450	0.01694	0.01043	0.00764	0.00725	0.00238	0.01031	0.00591	0.00417	0.04775

[dist]
# distance from previous block
# <min> <max>
0	10

[block]
# block no. 4 follows, 25 sequences, length 84
# corresponding to MSA columns:
# 323-406
name=unknown_E
#
# <colnr> <probs for GDERKNQSTAVLIFYWHMCP>
#	G	D	E	R	K	N	Q	S	T	A	V	L	I	F	Y	W	H	M	C	P
0	0.01872	0.01411	0.01836	0.08447	0.02304	0.01214	0.03839	0.05741	0.01795	0.10580	0.01765	0.05415	0.01444	0.00760	0.00667	0.00168	0.00672	0.00644	0.00537	0.48891
1	0.64954	0.01486	0.01283	0.05023	0.01775	0.01701	0.00953	0.02455	0.04164	0.08335	0.01335	0.01480	0.00998	0.00755	0.00532	0.00242	0.00629	0.00482	0.00522	0.00894
2	0.01169	0.00740	0.00968	0.01067	0.01155	0.00690	0.00720	0.01311	0.01530	0.07040	0.07165	0.54795	0.04694	0.11443	0.01355	0.00363	0.00501	0.01914	0.00712	0.00667
3	0.01974	0.01369	0.01651	0.01353	0.01744	0.01451	0.06803	0.21019	0.08349	0.03481	0.02301	0.02511	0.01749	0.00903	0.00669	0.00211	0.00618	0.00747	0.40119	0.00977
4	0.00978	0.00696	0.00920	0.01072	0.01130	0.00654	0.00727	0.01132	0.01530	0.02051	0.08982	0.60961	0.05139	0.06332	0.01154	0.00336	0.00471	0.04387	0.00716	0.00632
5	0.01830	0.02092	0.04575	0.03268	0.04052	0.01961	0.65098	0.02484	0.01830	0.02484	0.01569	0.02092	0.01176	0.00654	0.00915	0.00261	0.01307	0.00915	0.00392	0.01046
6	0.00945	0.00675	0.00900	0.01080	0.01125	0.00630	0.00720	0.01080	0.01484	0.01979	0.04274	0.72245	0.05128	0.02429	0.00990	0.00315	0.00450	0.02204	0.00720	0.00630
7	0.03479	0.01320	0.01799	0.01380	0.01979	0.01140	0.01140	0.03779	0.02219	0.68451	0.03059	0.02639	0.01919	0.00960	0.00780	0.00240	0.00660	0.00780	0.00960	0.01320
8	0.00939	0.00697	0.00877	0.01022	0.01109	0.00635	0.00694	0.01086	0.01540	0.02002	0.04981	0.59446	0.17470	0.02337	0.00975	0.00304	0.00439	0.02092	0.00720	0.00635
9	0.01919	0.01842	0.03147	0.04759	0.67914	0.01842	0.02380	0.02380	0.01765	0.02533	0.01458	0.01919	0.01228	0.00691	0.00768	0.00230	0.00921	0.00691	0.00384	0.01228
10	0.01830	0.02092	0.04575	0.03268	0.04052	0.01961	0.65098	0.02484	0.01830	0.02484	0.01569	0.02092	0.01176	0.00654	0.00915	0.00261	0.01307	0.00915	0.00392	0.01046
11	0.00951	0.00680	0.00906	0.01075	0.01126	0.00634	0.00720	0.01097	0.01516	0.02029	0.07068	0.69308	0.05225	0.02392	0.00986	0.00312	0.00446	0.02169	0.00726	0.00634
12	0.02810	0.01911	0.02252	0.01704	0.02338	0.01975	0.04584	0.42768	0.03030	0.15851	0.01998	0.01979	0.01397	0.00875	0.00757	0.00220	0.00805	0.00692	0.00748	0.11307
13	0.01637	0.01335	0.01652	0.01224	0.01854	0.01033	0.03093	0.01971	0.01631	0.05388	0.01724	0.08146	0.01548	0.00764	0.00633	0.00144	0.00592	0.00649	0.00503	0.64477
14	0.71326	0.01561	0.01248	0.01090	0.01582	0.01800	0.00898	0.08060	0.01533	0.03608	0.01151	0.01315	0.00884	0.00739	0.00507	0.00239	0.00623	0.00445	0.00507	0.00884
15	0.01316	0.00841	0.01106	0.01013	0.01234	0.00769	0.00769	0.01675	0.02197	0.09100	0.61596	0.05503	0.06821	0.01528	0.00902	0.00244	0.00393	0.01345	0.00863	0.00786
16	0.06741	0.01403	0.02098	0.53037	0.04393	0.01701	0.01853	0.06883	0.03784	0.02417	0.01545	0.02090	0.01162	0.00803	0.00737	0.00249	0.00923	0.00680	0.06604	0.00895
17	0.01235	0.00866	0.01118	0.01007	0.01252	0.00775	0.00764	0.01596	0.02142	0.05546	0.58986	0.05288	0.06545	0.01469	0.00878	0.00232	0.00396	0.01292	0.00821	0.07792
18	0.01622	0.09104	0.58036	0.02294	0.05747	0.01907	0.05901	0.02444	0.01647	0.02412	0.01379	0.01641	0.01002	0.00725	0.00729	0.00240	0.01121	0.00583	0.00333	0.01132
19	0.01839	0.01319	0.01566	0.01225	0.01778	0.01126	0.00967	0.04617	0.08200	0.11479	0.07100	0.08677	0.02213	0.00933	0.00694	0.00179	0.00572	0.00784	0.00624	0.44109
20	0.01447	0.00773	0.00845	0.06070	0.01241	0.00799	0.00665	0.01820	0.01620	0.02821	0.02442	0.02828	0.01915	0.00894	0.00560	0.00187	0.00413	0.00720	0.71209	0.00733
21	0.02292	0.06318	0.07470	0.01882	0.02340	0.11813	0.04292	0.25462	0.02366	0.03102	0.04322	0.01939	0.01442	0.01215	0.04273	0.00297	0.16900	0.00685	0.00535	0.01056
22	0.02896	0.02122	0.02272	0.01748	0.02353	0.02347	0.01442	0.63158	0.03577	0.04818	0.01884	0.01897	0.01341	0.00930	0.00768	0.00231	0.00836	0.00699	0.03382	0.01298
23	0.03412	0.01334	0.01797	0.01388	0.01981	0.01174	0.01143	0.03793	0.04989	0.65642	0.03063	0.02650	0.01939	0.00964	0.00780	0.00241	0.00658	0.00784	0.00952	0.01316
24	0.01185	0.00812	0.01064	0.00990	0.01188	0.00747	0.00747	0.01548	0.02196	0.05506	0.65141	0.05676	0.07118	0.01562	0.00910	0.00244	0.00377	0.01379	0.00857	0.00753
25	0.00945	0.00675	0.00900	0.01080	0.01125	0.00630	0.00720	0.01080	0.01484	0.01979	0.04274	0.72245	0.05128	0.02429	0.00990	0.00315	0.00450	0.02204	0.00720	0.00630
26	0.01830	0.02092	0.04575	0.03268	0.04052	0.01961	0.65098	0.02484	0.01830	0.02484	0.01569	0.02092	0.01176	0.00654	0.00915	0.00261	0.01307	0.00915	0.00392	0.01046
27	0.01128	0.00752	0.00846	0.00846	0.00846	0.00752	0.00470	0.01128	0.01128	0.01503	0.02443	0.05074	0.02819	0.72751	0.03946	0.00752	0.00752	0.01128	0.00470	0.00470
28	0.02202	0.01888	0.02545	0.24879	0.08296	0.04170	0.07579	0.27480	0.07397	0.03318	0.01724	0.02019	0.01275	0.00842	0.00786	0.00245	0.00958	0.00722	0.00559	0.01116
29	0.01219	0.00819	0.01075	0.00996	0.01200	0.00752	0.00752	0.01581	0.02196	0.06439	0.64220	0.05631	0.07041	0.01553	0.00908	0.00244	0.00381	0.01370	0.00859	0.00762
30	0.13395	0.14671	0.39845	0.10054	0.03083	0.01990	0.02217	0.02350	0.01568	0.02452	0.01291	0.01566	0.00969	0.00727	0.00663	0.00233	0.00997	0.00537	0.00354	0.01040
31	0.01555	0.04011	0.68733	0.02210	0.03356	0.01801	0.02865	0.02455	0.01637	0.02455	0.01391	0.01637	0.00982	0.00737	0.00737	0.00246	0.01146	0.00573	0.00327	0.01146
32	0.00940	0.00790	0.00818	0.00820	0.01074	0.00668	0.00621	0.01153	0.01797	0.02170	0.11728	0.07394	0.61386	0.01944	0.00922	0.00264	0.00402	0.03718	0.00729	0.00662
33	0.78228	0.01499	0.01140	0.01020	0.01499	0.01739	0.00840	0.02279	0.01320	0.03479	0.01080	0.01260	0.00840	0.00720	0.00480	0.00240	0.00600	0.00420	0.00480	0.00840
34	0.01830	0.02092	0.04575	0.03268	0.04052	0.01961	0.65098	0.02484	0.01830	0.02484	0.01569	0.02092	0.01176	0.00654	0.00915	0.00261	0.01307	0.00915	0.00392	0.01046
35	0.00945	0.00675	0.00900	0.01080	0.01125	0.00630	0.00720	0.01080	0.01484	0.01979	0.04274	0.72245	0.05128	0.02429	0.00990	0.00315	0.00450	0.02204	0.00720	0.00630
36	0.01097	0.00793	0.01036	0.00975	0.01158	0.00732	0.00732	0.01463	0.02195	0.03109	0.67505	0.05792	0.07316	0.01585	0.00914	0.00244	0.00366	0.01402	0.00854	0.00732
37	0.01608	0.01378	0.01608	0.01148	0.01837	0.01034	0.00919	0.01952	0.01608	0.02527	0.01378	0.01608	0.01148	0.00574	0.00574	0.00115	0.00574	0.00459	0.00459	0.77491
38	0.00945	0.00675	0.00900	0.01080	0.01125	0.00630	0.00720	0.01080	0.01484	0.01979	0.04274	0.72245	0.05128	0.02429	0.00990	0.00315	0.00450	0.02204	0.00720	0.00630
39	0.00945	0.00675	0.00900	0.01080	0.01125	0.00630	0.00720	0.01080	0.01484	0.01979	0.04274	0.72245	0.05128	0.02429	0.00990	0.00315	0.00450	0.02204	0.00720	0.00630
40	0.01608	0.01378	0.01608	0.01148	0.01837	0.01034	0.00919	0.01952	0.01608	0.02527	0.01378	0.01608	0.01148	0.00574	0.00574	0.00115	0.00574	0.00459	0.00459	0.77491
41	0.02896	0.03695	0.02197	0.01998	0.02397	0.69638	0.01498	0.03096	0.02197	0.01898	0.01199	0.01398	0.00999	0.00799	0.00699	0.00200	0.01398	0.00499	0.00400	0.00899
42	0.01636	0.01403	0.01621	0.01186	0.01853	0.01112	0.00946	0.02143	0.07320	0.02590	0.01535	0.01721	0.01256	0.00616	0.00593	0.00128	0.00578	0.00496	0.00488	0.70779
43	0.01445	0.00723	0.00723	0.00723	0.00903	0.00723	0.00542	0.01807	0.01626	0.02891	0.02529	0.02891	0.01987	0.00903	0.00542	0.00181	0.00361	0.00723	0.77055	0.00723
44	0.02393	0.01854	0.02001	0.01712	0.02196	0.02051	0.01344	0.23302	0.37818	0.05919	0.02777	0.02766	0.02112	0.01477	0.06102	0.00357	0.00859	0.00859	0.00809	0.01293
45	0.01608	0.01378	0.01608	0.01148	0.01837	0.01034	0.00919	0.01952	0.01608	0.02527	0.01378	0.01608	0.01148	0.00574	0.00574	0.00115	0.00574	0.00459	0.00459	0.77491
46	0.00916	0.00785	0.00785	0.00785	0.01047	0.00655	0.00589	0.01113	0.01767	0.02095	0.07855	0.07462	0.67599	0.01964	0.00916	0.00262	0.00393	0.01636	0.00720	0.00655
47	0.02947	0.02172	0.02327	0.01784	0.02404	0.02404	0.01474	0.65329	0.03646	0.04887	0.01862	0.01862	0.01319	0.00931	0.00776	0.00233	0.00853	0.00698	0.00776	0.01319
48	0.02657	0.01687	0.01782	0.01474	0.01985	0.08158	0.01176	0.09931	0.19535	0.29654	0.03164	0.02914	0.07884	0.01046	0.00780	0.00239	0.00713	0.00838	0.00802	0.03580
49	0.01985	0.01681	0.01771	0.01569	0.02018	0.01927	0.01227	0.09490	0.58668	0.03351	0.03201	0.02958	0.04514	0.01072	0.00792	0.00260	0.00627	0.00887	0.00785	0.01216
50	0.01464	0.01378	0.02326	0.70887	0.05340	0.01723	0.02153	0.01981	0.01550	0.01981	0.01378	0.02067	0.01034	0.00775	0.00775	0.00258	0.01034	0.00689	0.00345	0.00861
51	0.01347	0.00673	0.01010	0.01010	0.01010	0.00673	0.00673	0.01010	0.01010	0.01347	0.01347	0.02357	0.01347	0.02694	0.03030	0.77441	0.00673	0.00673	0.00337	0.00337
52	0.01818	0.02057	0.04382	0.03160	0.03875	0.01997	0.59518	0.02429	0.01774	0.02429	0.01520	0.02057	0.01163	0.00716	0.01058	0.00268	0.07470	0.00894	0.00388	0.01028
53	0.01929	0.01666	0.01753	0.01578	0.02016	0.01929	0.01227	0.04120	0.66513	0.03243	0.03156	0.02893	0.02367	0.01052	0.00789	0.00263	0.00614	0.00877	0.00789	0.01227
54	0.01549	0.03825	0.64886	0.02126	0.03217	0.01740	0.02733	0.02419	0.01636	0.02480	0.01456	0.01708	0.01039	0.00746	0.00726	0.00242	0.01102	0.00581	0.04668	0.01122
55	0.02073	0.73217	0.04063	0.01327	0.01990	0.03068	0.01327	0.02322	0.01575	0.01824	0.01078	0.01244	0.00995	0.00663	0.00498	0.00166	0.00829	0.00415	0.00332	0.00995
56	0.00957	0.00687	0.00926	0.01092	0.01144	0.00656	0.00739	0.01103	0.01466	0.01966	0.04106	0.66971	0.04885	0.02687	0.06224	0.00386	0.00574	0.02100	0.00697	0.00635
57	0.02073	0.73217	0.04063	0.01327	0.01990	0.03068	0.01327	0.02322	0.01575	0.01824	0.01078	0.01244	0.00995	0.00663	0.00498	0.00166	0.00829	0.00415	0.00332	0.00995
58	0.73966	0.01624	0.01199	0.01075	0.01550	0.05581	0.00877	0.02325	0.01369	0.03389	0.01086	0.01267	0.00849	0.00724	0.00492	0.00238	0.00645	0.00424	0.00475	0.00843
59	0.02899	0.03631	0.02203	0.01988	0.02397	0.66788	0.01497	0.05734	0.02259	0.02024	0.01227	0.01418	0.01012	0.00805	0.00702	0.00201	0.01375	0.00508	0.00415	0.00917
60	0.01919	0.01842	0.03147	0.04759	0.67914	0.01842	0.02380	0.02380	0.01765	0.02533	0.01458	0.01919	0.01228	0.00691	0.00768	0.00230	0.00921	0.00691	0.00384	0.01228
61	0.00997	0.00789	0.00901	0.00892	0.01114	0.00692	0.00674	0.01260	0.01914	0.02469	0.29253	0.09114	0.40842	0.01850	0.00925	0.00261	0.00399	0.04201	0.00768	0.00684
62	0.00945	0.00675	0.00900	0.01080	0.01125	0.00630	0.00720	0.01080	0.01484	0.01979	0.04274	0.72245	0.05128	0.02429	0.00990	0.00315	0.00450	0.02204	0.00720	0.00630
63	0.01128	0.00752	0.00846	0.00846	0.00846	0.00752	0.00470	0.01128	0.01128	0.01503	0.02443	0.05074	0.02819	0.72751	0.03946	0.00752	0.00752	0.01128	0.00470	0.00470
64	0.01830	0.02092	0.04575	0.03268	0.04052	0.01961	0.65098	0.02484	0.01830	0.02484	0.01569	0.02092	0.01176	0.00654	0.00915	0.00261	0.01307	0.00915	0.00392	0.01046
65	0.01097	0.00793	0.01036	0.00975	0.01158	0.00732	0.00732	0.01463	0.02195	0.03109	0.67505	0.05792	0.07316	0.01585	0.00914	0.00244	0.00366	0.01402	0.00854	0.00732
66	0.02066	0.02134	0.03044	0.04291	0.55967	0.12239	0.04113	0.02493	0.01834	0.02434	0.01422	0.01844	0.01191	0.00706	0.00762	0.00227	0.01006	0.00668	0.00386	0.01172
67	0.25183	0.01530	0.01526	0.01306	0.01787	0.03871	0.01040	0.03088	0.22431	0.15438	0.07204	0.02418	0.02054	0.00928	0.00683	0.00236	0.00623	0.00714	0.00693	0.07247
