[name]
unknown

[dist]
# distance from previous block
# <min> <max>
0	34

[block]
# block no. 0 follows, 25 sequences, length 16
# corresponding to MSA columns:
# 34-49
name=unknown_A
#
# <colnr> <probs for GDERKNQSTAVLIFYWHMCP>
#	G	D	E	R	K	N	Q	S	T	A	V	L	I	F	Y	W	H	M	C	P
0	0.01115	0.00818	0.01149	0.05787	0.01615	0.00819	0.01051	0.01374	0.01623	0.02132	0.04009	0.39213	0.04563	0.02193	0.01012	0.00330	0.00606	0.29213	0.00693	0.00683
1	0.01447	0.01307	0.02101	0.50650	0.07378	0.01556	0.01915	0.01988	0.04198	0.02119	0.02163	0.03419	0.04296	0.01057	0.00830	0.00274	0.00933	0.11067	0.00441	0.00861
2	0.01103	0.00831	0.01042	0.01079	0.01114	0.00883	0.00725	0.01192	0.01325	0.01783	0.03387	0.33232	0.07608	0.30326	0.02345	0.00489	0.08803	0.01562	0.00576	0.00593
3	0.01037	0.00720	0.00896	0.00974	0.01019	0.00691	0.00623	0.01148	0.01436	0.01938	0.11761	0.37090	0.04500	0.30090	0.02148	0.00478	0.00558	0.01675	0.00638	0.00580
4	0.01978	0.01625	0.02146	0.15439	0.13765	0.01838	0.01606	0.09086	0.26313	0.06818	0.02245	0.02498	0.01739	0.04506	0.01032	0.00281	0.04578	0.00788	0.00604	0.01113
5	0.02102	0.01613	0.01995	0.01621	0.02089	0.05013	0.08106	0.14099	0.14868	0.10573	0.08100	0.08549	0.02401	0.01182	0.00944	0.05195	0.00743	0.00920	0.00678	0.09208
6	0.01705	0.01544	0.02615	0.28153	0.06912	0.01635	0.16985	0.07626	0.01836	0.02551	0.01727	0.02402	0.01376	0.00814	0.00778	0.00239	0.00947	0.03468	0.09469	0.07218
7	0.15042	0.07167	0.01460	0.01137	0.01397	0.01402	0.00885	0.05240	0.03650	0.04599	0.07538	0.08635	0.05601	0.14578	0.01478	0.00340	0.07737	0.00936	0.10392	0.00788
8	0.06085	0.00922	0.01054	0.01033	0.01231	0.00910	0.00757	0.05639	0.01709	0.02573	0.11190	0.21320	0.03611	0.12611	0.01286	0.00328	0.00532	0.05895	0.15679	0.05637
9	0.08429	0.02232	0.01961	0.01675	0.02080	0.25566	0.03293	0.07797	0.01972	0.11005	0.01871	0.02096	0.04070	0.01477	0.08664	0.00342	0.08416	0.00661	0.00523	0.05869
10	0.08352	0.03921	0.18657	0.01346	0.01812	0.01232	0.01324	0.04458	0.01874	0.02795	0.29075	0.10749	0.04141	0.05735	0.01006	0.00280	0.00656	0.01104	0.00627	0.00855
11	0.01038	0.00778	0.01082	0.09284	0.01608	0.00780	0.00874	0.01239	0.01563	0.02097	0.12105	0.50970	0.04785	0.06610	0.01143	0.00327	0.00527	0.01852	0.00677	0.00660
12	0.01389	0.01032	0.01553	0.23416	0.02565	0.01161	0.03310	0.01712	0.05418	0.02002	0.01971	0.07265	0.01801	0.07346	0.06572	0.18230	0.00857	0.00854	0.10854	0.00692
13	0.01811	0.01635	0.02592	0.22330	0.27023	0.01732	0.06059	0.10282	0.01946	0.02643	0.01980	0.02665	0.04690	0.00894	0.00798	0.00245	0.00914	0.04725	0.00465	0.04570
14	0.01681	0.01131	0.01390	0.10989	0.01924	0.01224	0.01029	0.11183	0.01902	0.04840	0.06429	0.04984	0.02153	0.04713	0.04090	0.00290	0.03784	0.00817	0.30976	0.04471
15	0.06903	0.01355	0.01533	0.04515	0.05833	0.03475	0.01080	0.13085	0.08627	0.07955	0.06527	0.08407	0.02329	0.04996	0.00997	0.03467	0.00648	0.00893	0.16439	0.00936

[dist]
# distance from previous block
# <min> <max>
1	28

[block]
# block no. 1 follows, 25 sequences, length 14
# corresponding to MSA columns:
# 80-93
name=unknown_B
#
# <colnr> <probs for GDERKNQSTAVLIFYWHMCP>
#	G	D	E	R	K	N	Q	S	T	A	V	L	I	F	Y	W	H	M	C	P
0	0.01862	0.01422	0.03878	0.01479	0.01990	0.01245	0.07960	0.04597	0.10197	0.13250	0.08055	0.10288	0.04834	0.03751	0.00895	0.00239	0.00669	0.00960	0.00653	0.21776
1	0.02141	0.01488	0.02101	0.04104	0.06028	0.01508	0.07964	0.10542	0.04303	0.15943	0.03928	0.06460	0.01852	0.00992	0.00941	0.00233	0.08171	0.00819	0.08644	0.11837
2	0.05586	0.01184	0.01178	0.01069	0.01407	0.04990	0.00818	0.01968	0.09868	0.05355	0.13779	0.07647	0.25914	0.01413	0.00798	0.00234	0.00518	0.01173	0.05891	0.09210
3	0.01994	0.01406	0.01890	0.01559	0.01978	0.01418	0.07018	0.11255	0.09693	0.13910	0.06471	0.18459	0.02714	0.01291	0.00943	0.00252	0.05474	0.01109	0.00696	0.10469
4	0.08153	0.01366	0.01710	0.01722	0.10200	0.01404	0.01189	0.12698	0.03683	0.15417	0.12222	0.08437	0.09326	0.01223	0.00881	0.00249	0.04155	0.01004	0.03946	0.01014
5	0.04689	0.01478	0.02311	0.47256	0.04293	0.01760	0.06168	0.06102	0.06584	0.02416	0.05563	0.02299	0.01536	0.00865	0.00845	0.00259	0.03458	0.00751	0.00444	0.00921
6	0.02006	0.01673	0.01959	0.10730	0.02408	0.07977	0.01428	0.08406	0.07001	0.09478	0.02060	0.08036	0.01827	0.01176	0.01207	0.00264	0.17596	0.05009	0.00558	0.09201
7	0.01101	0.00781	0.00960	0.00985	0.01066	0.00754	0.00636	0.01199	0.01294	0.01767	0.02934	0.26868	0.03372	0.37432	0.09208	0.00608	0.00769	0.01405	0.00546	0.06316
8	0.02035	0.01560	0.01631	0.01524	0.05544	0.07484	0.01115	0.23325	0.02275	0.03194	0.02044	0.02513	0.01672	0.06077	0.12167	0.00412	0.00956	0.00735	0.22790	0.00949
9	0.02349	0.01655	0.01827	0.01562	0.02053	0.01827	0.01238	0.10975	0.46765	0.16248	0.02990	0.02726	0.02160	0.01020	0.00786	0.00255	0.00650	0.00837	0.00821	0.01256
10	0.29994	0.01836	0.06593	0.01516	0.05151	0.05375	0.01224	0.13467	0.08760	0.03330	0.07180	0.02551	0.08089	0.00982	0.00685	0.00241	0.00708	0.00739	0.00595	0.00984
11	0.07997	0.01756	0.01753	0.03951	0.01971	0.10974	0.01185	0.22435	0.02241	0.08786	0.02070	0.06932	0.04154	0.01403	0.01272	0.15706	0.03104	0.00791	0.00594	0.00923
12	0.09123	0.01551	0.01971	0.01502	0.02118	0.01439	0.09110	0.05589	0.13716	0.02848	0.01964	0.02101	0.03794	0.00755	0.00671	0.00184	0.00684	0.00646	0.00539	0.39695
13	0.04642	0.01023	0.01316	0.01317	0.03896	0.01009	0.00942	0.05656	0.01872	0.13695	0.15001	0.32553	0.07370	0.01736	0.00964	0.00277	0.03628	0.01506	0.00749	0.00848

[dist]
# distance from previous block
# <min> <max>
1	14

[block]
# block no. 2 follows, 25 sequences, length 24
# corresponding to MSA columns:
# 108-131
name=unknown_C
#
# <colnr> <probs for GDERKNQSTAVLIFYWHMCP>
#	G	D	E	R	K	N	Q	S	T	A	V	L	I	F	Y	W	H	M	C	P
0	0.02213	0.01861	0.11977	0.09892	0.08751	0.01561	0.01623	0.09780	0.10519	0.19652	0.02597	0.06057	0.05229	0.01002	0.00783	0.00245	0.00788	0.00839	0.00653	0.03981
1	0.01702	0.11400	0.44696	0.02211	0.07355	0.04162	0.04608	0.02397	0.01649	0.02361	0.01349	0.01618	0.01023	0.00727	0.00751	0.00225	0.02951	0.00565	0.00348	0.07901
2	0.08479	0.01768	0.05884	0.02497	0.22719	0.01683	0.01612	0.07511	0.15669	0.12885	0.04636	0.02289	0.01767	0.00857	0.00741	0.00233	0.00751	0.00726	0.00614	0.06679
3	0.01052	0.00801	0.00978	0.01051	0.01194	0.00764	0.00742	0.01416	0.07231	0.02316	0.16460	0.42656	0.16295	0.02074	0.00946	0.00288	0.00438	0.01843	0.00750	0.00704
4	0.02112	0.62118	0.03721	0.01394	0.02003	0.10067	0.01327	0.02357	0.01625	0.01831	0.01142	0.01352	0.01043	0.00940	0.04035	0.00224	0.00953	0.00445	0.00343	0.00969
5	0.00955	0.00683	0.00909	0.01073	0.01127	0.00637	0.00721	0.01105	0.01532	0.02055	0.08510	0.67793	0.05275	0.02373	0.00985	0.00310	0.00444	0.02150	0.00729	0.00637
6	0.08443	0.62170	0.03684	0.01351	0.01979	0.07846	0.01299	0.02375	0.01600	0.01967	0.01087	0.01256	0.00982	0.00678	0.00511	0.00174	0.00852	0.00421	0.00349	0.00975
7	0.03775	0.01442	0.02317	0.04710	0.31877	0.01402	0.06259	0.02128	0.01869	0.08039	0.14602	0.03536	0.12592	0.01072	0.00822	0.00242	0.00740	0.00982	0.00571	0.01023
8	0.01347	0.00673	0.01010	0.01010	0.01010	0.00673	0.00673	0.01010	0.01010	0.01347	0.01347	0.02357	0.01347	0.02694	0.03030	0.77441	0.00673	0.00673	0.00337	0.00337
9	0.01919	0.01842	0.03147	0.04759	0.67914	0.01842	0.02380	0.02380	0.01765	0.02533	0.01458	0.01919	0.01228	0.00691	0.00768	0.00230	0.00921	0.00691	0.00384	0.01228
10	0.02689	0.01902	0.02102	0.01682	0.02230	0.02083	0.01384	0.46669	0.09846	0.09673	0.02269	0.02585	0.01733	0.01226	0.03499	0.00285	0.00850	0.05281	0.00774	0.01240
11	0.01107	0.00799	0.01049	0.01003	0.01185	0.00741	0.00763	0.01472	0.02170	0.03062	0.63693	0.05969	0.07144	0.01619	0.00924	0.00251	0.00387	0.05088	0.00845	0.00731
12	0.01469	0.00967	0.01321	0.01432	0.01658	0.00966	0.01239	0.01915	0.05131	0.07847	0.03970	0.07941	0.04144	0.01988	0.01032	0.00342	0.00704	0.54404	0.00738	0.00790
13	0.01540	0.01447	0.02401	0.59796	0.12855	0.01746	0.02141	0.02122	0.04386	0.02103	0.01465	0.02085	0.01115	0.00777	0.00775	0.00255	0.01002	0.00697	0.00369	0.00922
14	0.02868	0.01929	0.02136	0.01671	0.02248	0.02084	0.01367	0.48587	0.07089	0.14735	0.02253	0.05646	0.01672	0.01019	0.00788	0.00240	0.00787	0.00799	0.00803	0.01278
15	0.01854	0.02165	0.09044	0.04815	0.15937	0.05265	0.34749	0.04472	0.01887	0.02567	0.05477	0.02182	0.01531	0.00740	0.00840	0.00244	0.01119	0.00822	0.00427	0.03865
16	0.02863	0.01312	0.01875	0.01478	0.02006	0.01183	0.05557	0.06094	0.02226	0.47495	0.11820	0.03407	0.02751	0.01102	0.00827	0.00249	0.00677	0.05019	0.00881	0.01179
17	0.04125	0.01320	0.01709	0.07310	0.06877	0.01301	0.01202	0.08836	0.07202	0.17389	0.08654	0.15676	0.02746	0.01207	0.00796	0.00240	0.00646	0.01039	0.00700	0.11027
18	0.11966	0.01640	0.04533	0.01958	0.07050	0.01590	0.15135	0.06824	0.08294	0.02676	0.02005	0.04183	0.03427	0.12386	0.01322	0.00319	0.03331	0.00822	0.00505	0.10036
19	0.08006	0.06531	0.31830	0.02116	0.07093	0.01671	0.10228	0.02320	0.01766	0.05705	0.13049	0.02437	0.02167	0.00877	0.00761	0.00241	0.00930	0.00759	0.00474	0.01040
20	0.01917	0.16936	0.38413	0.01906	0.04912	0.01866	0.02119	0.02534	0.01735	0.12235	0.04541	0.04355	0.01552	0.00850	0.00713	0.00231	0.00945	0.00669	0.00461	0.01109
21	0.04715	0.02121	0.11234	0.09605	0.24157	0.01893	0.15369	0.09781	0.06093	0.02814	0.01605	0.01956	0.01235	0.00745	0.00781	0.00241	0.00991	0.00719	0.00452	0.03491
22	0.01681	0.11844	0.08193	0.09618	0.10358	0.04825	0.10528	0.02126	0.01768	0.02396	0.11201	0.02530	0.04472	0.00856	0.00738	0.00211	0.00854	0.00762	0.00463	0.14575
23	0.01658	0.05294	0.15816	0.04616	0.11789	0.01610	0.07901	0.09447	0.01902	0.02639	0.09846	0.11692	0.02516	0.06372	0.01099	0.00289	0.03026	0.00991	0.00521	0.00975

[dist]
# distance from previous block
# <min> <max>
1	23

[block]
# block no. 3 follows, 25 sequences, length 67
# corresponding to MSA columns:
# 155-221
name=unknown_D
#
# <colnr> <probs for GDERKNQSTAVLIFYWHMCP>
#	G	D	E	R	K	N	Q	S	T	A	V	L	I	F	Y	W	H	M	C	P
0	0.15660	0.16725	0.18383	0.01996	0.11012	0.05347	0.01727	0.02410	0.01613	0.06112	0.01381	0.01621	0.01091	0.00770	0.00754	0.00223	0.05573	0.00546	0.03316	0.03740
1	0.19360	0.09465	0.01997	0.01418	0.01927	0.04476	0.04258	0.17400	0.04108	0.06814	0.02075	0.08116	0.03863	0.00977	0.00679	0.00225	0.00723	0.00763	0.04101	0.07256
2	0.02808	0.02142	0.02236	0.01755	0.02337	0.04662	0.01433	0.56487	0.08466	0.04569	0.02010	0.03970	0.01500	0.00979	0.00780	0.00236	0.00842	0.00749	0.00762	0.01277
3	0.02205	0.01739	0.02006	0.01558	0.02136	0.01766	0.03686	0.30717	0.10638	0.03687	0.05584	0.04927	0.01875	0.00926	0.00740	0.00207	0.00717	0.00758	0.00672	0.23457
4	0.00951	0.00680	0.00906	0.01075	0.01126	0.00634	0.00720	0.01096	0.01515	0.02028	0.07020	0.69358	0.05223	0.02392	0.00986	0.00312	0.00446	0.02169	0.00726	0.00634
5	0.01603	0.06191	0.59471	0.02295	0.03385	0.01862	0.09628	0.02454	0.01656	0.02437	0.01400	0.01673	0.01004	0.00725	0.00748	0.00245	0.01153	0.00605	0.00335	0.01130
6	0.03436	0.01388	0.01842	0.01412	0.02013	0.01241	0.01166	0.08711	0.02334	0.63358	0.02963	0.02577	0.01871	0.00957	0.00779	0.00239	0.00675	0.00773	0.00945	0.01319
7	0.02117	0.01749	0.01817	0.01584	0.02009	0.05235	0.01255	0.13845	0.40115	0.05791	0.02907	0.02909	0.04614	0.01092	0.00882	0.00258	0.04577	0.02522	0.03570	0.01154
8	0.01464	0.01378	0.02326	0.70887	0.05340	0.01723	0.02153	0.01981	0.01550	0.01981	0.01378	0.02067	0.01034	0.00775	0.00775	0.00258	0.01034	0.00689	0.00345	0.00861
9	0.01745	0.21142	0.38381	0.04307	0.02919	0.04597	0.04831	0.02457	0.04473	0.02286	0.01533	0.01996	0.01242	0.00807	0.00703	0.00231	0.01031	0.03877	0.00375	0.01065
10	0.00990	0.00707	0.00952	0.01132	0.01197	0.00669	0.00799	0.01158	0.01529	0.02030	0.04248	0.62768	0.05029	0.02386	0.01002	0.00321	0.00489	0.11232	0.00719	0.00642
11	0.01097	0.00793	0.01036	0.00975	0.01158	0.00732	0.00732	0.01463	0.02195	0.03109	0.67505	0.05792	0.07316	0.01585	0.00914	0.00244	0.00366	0.01402	0.00854	0.00732
12	0.01968	0.09262	0.25285	0.01664	0.02363	0.01713	0.01751	0.14846	0.02184	0.09773	0.11249	0.03068	0.05366	0.01060	0.00781	0.00243	0.00835	0.04913	0.00599	0.01075
13	0.01429	0.00984	0.01324	0.01439	0.01663	0.00998	0.01242	0.01947	0.07595	0.05932	0.03965	0.07897	0.04139	0.01981	0.01030	0.00342	0.00702	0.53864	0.00734	0.00792
14	0.01347	0.00673	0.01010	0.01010	0.01010	0.00673	0.00673	0.01010	0.01010	0.01347	0.01347	0.02357	0.01347	0.02694	0.03030	0.77441	0.00673	0.00673	0.00337	0.00337
15	0.01530	0.01493	0.02588	0.55960	0.04847	0.01818	0.09291	0.02026	0.01544	0.02026	0.01362	0.02031	0.01048	0.00822	0.00976	0.00267	0.08423	0.00714	0.00349	0.00881
16	0.01518	0.01678	0.05744	0.02474	0.03019	0.01506	0.40380	0.02007	0.01693	0.02300	0.02415	0.23711	0.02416	0.01408	0.03652	0.00316	0.01068	0.01296	0.00491	0.00907
17	0.03479	0.01320	0.01799	0.01380	0.01979	0.01140	0.01140	0.03779	0.02219	0.68451	0.03059	0.02639	0.01919	0.00960	0.00780	0.00240	0.00660	0.00780	0.00960	0.01320
18	0.78228	0.01499	0.01140	0.01020	0.01499	0.01739	0.00840	0.02279	0.01320	0.03479	0.01080	0.01260	0.00840	0.00720	0.00480	0.00240	0.00600	0.00420	0.00480	0.00840
19	0.01878	0.01800	0.03073	0.10738	0.62256	0.01831	0.02359	0.02344	0.01746	0.02483	0.01451	0.01932	0.01211	0.00698	0.00768	0.00233	0.00931	0.00691	0.00380	0.01195
20	0.01137	0.00859	0.01198	0.04339	0.01477	0.00845	0.03591	0.04396	0.01617	0.02167	0.07888	0.50601	0.04468	0.10028	0.01292	0.00350	0.00562	0.01831	0.00672	0.00681
21	0.01097	0.00793	0.01036	0.00975	0.01158	0.00732	0.00732	0.01463	0.02195	0.03109	0.67505	0.05792	0.07316	0.01585	0.00914	0.00244	0.00366	0.01402	0.00854	0.00732
22	0.01608	0.01378	0.01608	0.01148	0.01837	0.01034	0.00919	0.01952	0.01608	0.02527	0.01378	0.01608	0.01148	0.00574	0.00574	0.00115	0.00574	0.00459	0.00459	0.77491
23	0.01769	0.09607	0.26305	0.02875	0.10299	0.02001	0.31088	0.02447	0.01733	0.02415	0.01449	0.01836	0.01098	0.00687	0.00798	0.00243	0.01165	0.00726	0.00363	0.01094
24	0.01845	0.03174	0.36754	0.02312	0.05972	0.10460	0.10234	0.05870	0.04100	0.02559	0.05106	0.01964	0.01436	0.00827	0.00847	0.00245	0.04116	0.00680	0.00417	0.01082
25	0.01022	0.00803	0.00942	0.01021	0.01228	0.00724	0.00808	0.01259	0.01735	0.02148	0.06230	0.16541	0.39957	0.02080	0.00973	0.00298	0.00498	0.20343	0.00718	0.00669
26	0.02188	0.01747	0.01864	0.01609	0.02088	0.01985	0.01270	0.15723	0.51829	0.06347	0.02906	0.02686	0.02149	0.01025	0.00786	0.00256	0.00661	0.00839	0.00794	0.01249
27	0.02036	0.51791	0.17936	0.01580	0.02324	0.08917	0.01677	0.02422	0.01646	0.01968	0.01157	0.01343	0.00993	0.00692	0.00568	0.00186	0.00950	0.00457	0.00337	0.01019
28	0.01596	0.11257	0.53609	0.02089	0.03098	0.01877	0.05984	0.02376	0.01678	0.02432	0.05778	0.01896	0.01417	0.00781	0.00732	0.00238	0.01068	0.00630	0.00367	0.01096
29	0.01726	0.13018	0.36835	0.02463	0.03413	0.02035	0.24807	0.02447	0.01697	0.02377	0.01411	0.01744	0.01053	0.00697	0.00767	0.00240	0.01159	0.00673	0.00351	0.01089
30	0.01002	0.00723	0.00952	0.01058	0.01157	0.00673	0.00746	0.01215	0.01708	0.02315	0.21922	0.47884	0.08171	0.02162	0.00970	0.00295	0.00438	0.05188	0.00757	0.00663
31	0.04313	0.02726	0.30034	0.12773	0.08845	0.01844	0.23542	0.02384	0.01688	0.02437	0.01443	0.01861	0.01069	0.00710	0.00796	0.00251	0.01147	0.00709	0.00361	0.01066
32	0.02184	0.01635	0.09731	0.01442	0.01970	0.01367	0.01281	0.03136	0.22381	0.24670	0.03716	0.05981	0.12406	0.01213	0.00817	0.00258	0.00657	0.03262	0.00774	0.01119
33	0.00966	0.00686	0.00901	0.01056	0.01104	0.00644	0.00700	0.01101	0.01488	0.01992	0.06990	0.63784	0.05040	0.08097	0.01226	0.00347	0.00471	0.02081	0.00706	0.00621
34	0.09273	0.01616	0.04942	0.01466	0.02069	0.01477	0.01252	0.12487	0.08457	0.44690	0.02656	0.02392	0.01744	0.00934	0.00754	0.00241	0.00701	0.00738	0.00848	0.01263
35	0.12095	0.05193	0.33358	0.02570	0.19780	0.01754	0.02206	0.02394	0.01659	0.05598	0.01789	0.02013	0.04743	0.00798	0.00714	0.00239	0.00938	0.00646	0.00414	0.01102
36	0.01013	0.00768	0.01062	0.05781	0.01447	0.00782	0.00860	0.01175	0.01475	0.01974	0.03933	0.64366	0.04669	0.02270	0.01046	0.00312	0.03700	0.02034	0.00677	0.00655
37	0.02114	0.04586	0.04589	0.01605	0.02150	0.01844	0.03484	0.09238	0.40549	0.09079	0.02629	0.02493	0.01948	0.00939	0.00754	0.00237	0.00689	0.00777	0.00717	0.09579
38	0.02097	0.01703	0.01813	0.01591	0.02054	0.01944	0.01249	0.10327	0.57449	0.06124	0.03020	0.02777	0.02242	0.01036	0.00787	0.00259	0.00640	0.00854	0.00795	0.01240
39	0.01919	0.01842	0.03147	0.04759	0.67914	0.01842	0.02380	0.02380	0.01765	0.02533	0.01458	0.01919	0.01228	0.00691	0.00768	0.00230	0.00921	0.00691	0.00384	0.01228
40	0.02899	0.02070	0.02242	0.01739	0.02342	0.02277	0.01430	0.55928	0.08811	0.09164	0.02053	0.02002	0.01448	0.00943	0.00777	0.00236	0.00820	0.00719	0.00790	0.01311
41	0.03153	0.01842	0.02123	0.01627	0.02240	0.01914	0.01344	0.41481	0.03093	0.29514	0.02325	0.02163	0.01551	0.00942	0.00777	0.00235	0.00778	0.00730	0.00847	0.01319
42	0.01769	0.01552	0.02609	0.31133	0.35029	0.01683	0.02116	0.02192	0.01649	0.05308	0.01493	0.02042	0.01190	0.00871	0.00922	0.05394	0.00938	0.00693	0.00392	0.01024
43	0.01869	0.01819	0.02880	0.10772	0.54155	0.05116	0.02204	0.02315	0.01795	0.02487	0.05845	0.02166	0.01604	0.00764	0.00775	0.00232	0.00919	0.00729	0.00412	0.01143
44	0.01967	0.01858	0.03109	0.04620	0.64855	0.01869	0.02337	0.05319	0.01853	0.02643	0.01477	0.01916	0.01232	0.00702	0.00768	0.00230	0.00918	0.00691	0.00402	0.01232
45	0.01110	0.00820	0.01193	0.01193	0.01313	0.00940	0.00903	0.01350	0.01230	0.01760	0.02126	0.03317	0.02056	0.14751	0.60903	0.01180	0.01900	0.00870	0.00423	0.00663
46	0.00945	0.00675	0.00900	0.01080	0.01125	0.00630	0.00720	0.01080	0.01484	0.01979	0.04274	0.72245	0.05128	0.02429	0.00990	0.00315	0.00450	0.02204	0.00720	0.00630
47	0.01919	0.01842	0.03147	0.04759	0.67914	0.01842	0.02380	0.02380	0.01765	0.02533	0.01458	0.01919	0.01228	0.00691	0.00768	0.00230	0.00921	0.00691	0.00384	0.01228
48	0.01185	0.00918	0.01299	0.04409	0.01488	0.01081	0.00963	0.01391	0.01224	0.01737	0.02039	0.03400	0.02038	0.22554	0.43063	0.00986	0.08263	0.00887	0.00419	0.00657
49	0.00945	0.00675	0.00900	0.01080	0.01125	0.00630	0.00720	0.01080	0.01484	0.01979	0.04274	0.72245	0.05128	0.02429	0.00990	0.00315	0.00450	0.02204	0.00720	0.00630
50	0.03355	0.01412	0.01844	0.01425	0.02019	0.01290	0.01173	0.09229	0.05531	0.59608	0.02958	0.02583	0.01888	0.00962	0.00780	0.00240	0.00675	0.00777	0.00935	0.01315
51	0.00931	0.00772	0.00815	0.00833	0.01064	0.00656	0.00614	0.01130	0.01759	0.02143	0.11114	0.15331	0.56172	0.01997	0.00925	0.00267	0.00398	0.01692	0.00728	0.00656
52	0.01841	0.01763	0.03006	0.16112	0.57172	0.01822	0.02341	0.02311	0.01729	0.02438	0.01445	0.01944	0.01195	0.00705	0.00769	0.00235	0.00940	0.00691	0.00377	0.01165
53	0.01555	0.04011	0.68733	0.02210	0.03356	0.01801	0.02865	0.02455	0.01637	0.02455	0.01391	0.01637	0.00982	0.00737	0.00737	0.00246	0.01146	0.00573	0.00327	0.01146
54	0.38833	0.01496	0.01702	0.18658	0.05315	0.01751	0.01339	0.05338	0.01566	0.06532	0.01572	0.01867	0.03561	0.00856	0.00784	0.00253	0.06591	0.00600	0.00481	0.00905
55	0.01627	0.01622	0.02184	0.01891	0.01998	0.06467	0.04985	0.01854	0.01306	0.01885	0.01342	0.02057	0.01270	0.02466	0.20170	0.00567	0.44403	0.00720	0.00366	0.00821
56	0.01886	0.01808	0.03087	0.09611	0.63323	0.01833	0.02363	0.02350	0.01750	0.02493	0.01453	0.01930	0.01214	0.00697	0.00768	0.00232	0.00929	0.00691	0.00381	0.01201
57	0.01673	0.01625	0.02535	0.13031	0.35146	0.05285	0.06100	0.02072	0.01732	0.02325	0.04255	0.13451	0.05280	0.01072	0.00822	0.00250	0.00871	0.01004	0.00464	0.01007
58	0.06288	0.01651	0.01882	0.01607	0.04738	0.05290	0.01234	0.16028	0.09911	0.33174	0.05499	0.02579	0.01999	0.03468	0.00878	0.00257	0.00732	0.00780	0.00804	0.01203
59	0.01831	0.12086	0.05215	0.28989	0.14544	0.09751	0.01903	0.04045	0.01713	0.02143	0.01610	0.02043	0.04078	0.00847	0.00859	0.00238	0.06093	0.00666	0.00384	0.00961
60	0.01835	0.01742	0.02981	0.07278	0.57093	0.01753	0.04214	0.02294	0.01760	0.02488	0.01703	0.02561	0.01517	0.00827	0.00801	0.00244	0.00919	0.06419	0.00413	0.01159
61	0.01595	0.06210	0.53202	0.08928	0.03567	0.01858	0.09167	0.02407	0.01646	0.02388	0.01396	0.01710	0.01008	0.00729	0.00750	0.00245	0.01140	0.00613	0.00336	0.01102
62	0.01919	0.01842	0.03147	0.04759	0.67914	0.01842	0.02380	0.02380	0.01765	0.02533	0.01458	0.01919	0.01228	0.00691	0.00768	0.00230	0.00921	0.00691	0.00384	0.01228
63	0.01832	0.01969	0.03996	0.08228	0.23314	0.01909	0.42066	0.02419	0.01792	0.02465	0.01523	0.02038	0.01182	0.00673	0.00861	0.00252	0.01173	0.00833	0.00386	0.01088
64	0.01706	0.02719	0.29729	0.02509	0.03354	0.01789	0.29104	0.06530	0.01862	0.02619	0.04046	0.06982	0.01605	0.00864	0.00840	0.00256	0.01118	0.00872	0.00431	0.01064
65	0.01694	0.01669	0.03005	0.17710	0.31740	0.01737	0.15203	0.02160	0.01680	0.02321	0.01742	0.09364	0.01578	0.00912	0.00899	0.00256	0.03990	0.00896	0.00411	0.01035
66	0.01752	0.01658	0.02803	0.20840	0.48004	0.01739	0.02214	0.02220	0.01741	0.02435	0.05846	0.02214	0.01586	0.00771	0.00779	0.00238	0.00912	0.00738	0.00405	0.01104

[dist]
# distance from previous block
# <min> <max>
0	1

[block]
# block no. 4 follows, 25 sequences, length 8
# corresponding to MSA columns:
# 223-230
name=unknown_E
#
# <colnr> <probs for GDERKNQSTAVLIFYWHMCP>
#	G	D	E	R	K	N	Q	S	T	A	V	L	I	F	Y	W	H	M	C	P
0	0.03036	0.01566	0.05322	0.01519	0.02132	0.01345	0.04235	0.11722	0.02329	0.48371	0.03111	0.02827	0.06787	0.01007	0.00794	0.00242	0.00720	0.00830	0.00858	0.01247
1	0.01742	0.07211	0.45845	0.02281	0.05682	0.01800	0.10417	0.02479	0.01681	0.06992	0.01555	0.01834	0.01138	0.01028	0.04714	0.00300	0.01159	0.00641	0.00387	0.01114
2	0.01570	0.01629	0.06248	0.52331	0.19127	0.01754	0.02244	0.02096	0.01603	0.02130	0.01397	0.02010	0.01074	0.00754	0.00771	0.00251	0.01015	0.00683	0.00352	0.00959
3	0.02024	0.03206	0.43980	0.02236	0.03127	0.01745	0.07232	0.02621	0.01901	0.09362	0.02283	0.05860	0.01927	0.01178	0.00930	0.00317	0.01114	0.07155	0.00565	0.01234
4	0.03048	0.01724	0.09775	0.01510	0.02155	0.01365	0.01367	0.11748	0.02340	0.48503	0.06241	0.02589	0.02024	0.00964	0.00781	0.00240	0.00727	0.00778	0.00854	0.01267
5	0.05275	0.11243	0.18348	0.06188	0.02487	0.01819	0.01667	0.13899	0.05614	0.10573	0.02310	0.06617	0.04082	0.01052	0.00758	0.00247	0.00837	0.05330	0.00582	0.01072
6	0.03991	0.04879	0.01641	0.15471	0.06771	0.01216	0.01242	0.01830	0.04062	0.06624	0.08838	0.21936	0.09804	0.01532	0.00861	0.00273	0.00656	0.06921	0.00622	0.00830
7	0.01731	0.10853	0.26707	0.06184	0.14026	0.01887	0.10755	0.05453	0.01779	0.02466	0.01734	0.05241	0.01502	0.00896	0.00778	0.00247	0.01011	0.05265	0.00415	0.01069

[dist]
# distance from previous block
# <min> <max>
1	18

[block]
# block no. 5 follows, 25 sequences, length 95
# corresponding to MSA columns:
# 249-343
name=unknown_F
#
# <colnr> <probs for GDERKNQSTAVLIFYWHMCP>
#	G	D	E	R	K	N	Q	S	T	A	V	L	I	F	Y	W	H	M	C	P
0	0.15769	0.11227	0.16746	0.08392	0.06078	0.07048	0.01706	0.09834	0.01880	0.08466	0.01518	0.01741	0.01146	0.01023	0.04070	0.00279	0.00974	0.00583	0.00477	0.01044
1	0.27162	0.12356	0.13978	0.01582	0.02226	0.05155	0.06314	0.05738	0.03980	0.08606	0.04998	0.01843	0.01436	0.00803	0.00647	0.00231	0.00828	0.00602	0.00508	0.01009
2	0.07489	0.01747	0.09402	0.08113	0.07393	0.01521	0.04271	0.08437	0.01859	0.11204	0.04597	0.02268	0.01611	0.04888	0.01001	0.00252	0.05001	0.00696	0.03831	0.14420
3	0.05682	0.02479	0.24919	0.09939	0.26347	0.03722	0.02225	0.02342	0.01665	0.04295	0.01490	0.01948	0.01191	0.04185	0.00886	0.00258	0.00976	0.00645	0.00390	0.04416
4	0.01160	0.00875	0.01191	0.01157	0.01368	0.00775	0.03832	0.01373	0.01616	0.04048	0.09419	0.43720	0.10696	0.04040	0.01001	0.00286	0.00509	0.01721	0.00681	0.10534
5	0.01816	0.02067	0.10030	0.19788	0.40169	0.05073	0.05264	0.02334	0.01725	0.02362	0.01425	0.01906	0.01143	0.00719	0.00770	0.00239	0.01013	0.00679	0.00370	0.01109
6	0.02786	0.03504	0.02249	0.05175	0.05676	0.63378	0.01569	0.03012	0.02148	0.01932	0.01219	0.01453	0.01011	0.00793	0.00706	0.00204	0.01359	0.00517	0.00396	0.00913
7	0.02089	0.01725	0.01833	0.01592	0.02054	0.01968	0.01253	0.15768	0.51663	0.03553	0.05678	0.02819	0.02379	0.01052	0.00792	0.00256	0.00649	0.00865	0.00789	0.01223
8	0.01114	0.00768	0.00936	0.00986	0.01035	0.00767	0.00653	0.01208	0.01299	0.01724	0.03071	0.14390	0.05243	0.46787	0.07041	0.00651	0.00776	0.10462	0.00543	0.00546
9	0.01005	0.00717	0.00901	0.01016	0.01081	0.00677	0.00680	0.01134	0.01468	0.01939	0.06407	0.45959	0.09833	0.18339	0.01658	0.00409	0.00524	0.04984	0.00667	0.00603
10	0.01038	0.00763	0.01034	0.03631	0.01378	0.00726	0.00858	0.01228	0.01537	0.02054	0.04017	0.57226	0.04707	0.02246	0.00976	0.00310	0.00515	0.11015	0.00694	0.04048
11	0.01763	0.01794	0.03355	0.09676	0.21039	0.01796	0.28503	0.02361	0.04603	0.02446	0.01747	0.02534	0.01467	0.00831	0.00921	0.00256	0.04110	0.05420	0.00428	0.04951
12	0.01121	0.00786	0.00925	0.00930	0.00951	0.00808	0.00568	0.01160	0.01199	0.01604	0.02793	0.12192	0.05637	0.57079	0.05708	0.00685	0.03602	0.01236	0.00500	0.00518
13	0.01353	0.00710	0.01078	0.04591	0.01232	0.00727	0.00749	0.01060	0.01038	0.01379	0.01348	0.02342	0.01331	0.02595	0.02915	0.73486	0.00692	0.00674	0.00337	0.00364
14	0.08377	0.16966	0.02676	0.01776	0.02333	0.16152	0.07198	0.18708	0.13038	0.03039	0.01692	0.01785	0.01310	0.00827	0.00695	0.00220	0.00942	0.00627	0.00551	0.01088
15	0.01716	0.01603	0.02293	0.53984	0.04585	0.05310	0.01986	0.08319	0.04974	0.02317	0.01487	0.02036	0.01125	0.00832	0.00855	0.00257	0.04295	0.00689	0.00411	0.00925
16	0.02816	0.02162	0.02250	0.01765	0.02355	0.04748	0.01443	0.55347	0.11561	0.04571	0.02002	0.01976	0.01440	0.00941	0.00775	0.00235	0.00842	0.00714	0.00764	0.01292
17	0.01050	0.00880	0.03694	0.01126	0.01273	0.00749	0.00869	0.01264	0.01584	0.02082	0.07023	0.38541	0.13401	0.09073	0.01271	0.00353	0.00548	0.13875	0.00684	0.00659
18	0.01978	0.63118	0.10003	0.01386	0.02062	0.02834	0.01429	0.02275	0.01559	0.01868	0.01175	0.01470	0.01084	0.04224	0.00690	0.00202	0.00855	0.00465	0.00338	0.00983
19	0.01988	0.01659	0.02589	0.17345	0.32330	0.01757	0.04197	0.05851	0.10393	0.08202	0.01869	0.02182	0.01431	0.00798	0.00769	0.00240	0.00869	0.00732	0.03661	0.01137
20	0.01258	0.00864	0.01236	0.01237	0.01378	0.00843	0.03583	0.01465	0.01649	0.07685	0.13229	0.49635	0.04784	0.02045	0.01045	0.00297	0.04484	0.01826	0.00724	0.00732
21	0.01155	0.00964	0.01426	0.01402	0.01493	0.01072	0.04559	0.01345	0.01417	0.01962	0.03222	0.45845	0.03713	0.02595	0.10666	0.00444	0.13767	0.01663	0.00590	0.00702
22	0.25500	0.01937	0.01676	0.01410	0.01902	0.17307	0.01118	0.05597	0.01957	0.28054	0.01960	0.02013	0.01397	0.03968	0.00809	0.00252	0.00826	0.00619	0.00657	0.01042
23	0.01347	0.00673	0.01010	0.01010	0.01010	0.00673	0.00673	0.01010	0.01010	0.01347	0.01347	0.02357	0.01347	0.02694	0.03030	0.77441	0.00673	0.00673	0.00337	0.00337
24	0.01517	0.01449	0.02501	0.62515	0.09934	0.01744	0.05380	0.02036	0.01581	0.02048	0.01394	0.02057	0.01055	0.00763	0.00782	0.00256	0.01039	0.00701	0.00350	0.00898
25	0.02517	0.01619	0.01815	0.01471	0.01969	0.01716	0.01188	0.28279	0.14939	0.17329	0.07305	0.02840	0.05212	0.01052	0.00776	0.00238	0.00672	0.00844	0.07038	0.01181
26	0.03266	0.01274	0.01724	0.01338	0.01904	0.01101	0.01099	0.03565	0.02202	0.62746	0.06517	0.02972	0.04542	0.01027	0.00791	0.00241	0.00635	0.00842	0.00946	0.01266
27	0.01883	0.02171	0.04458	0.03205	0.03971	0.05297	0.61963	0.02514	0.01848	0.02455	0.01550	0.02057	0.01168	0.00661	0.00904	0.00258	0.01312	0.00895	0.00393	0.01039
28	0.03439	0.01383	0.01839	0.01410	0.02011	0.01234	0.01165	0.08389	0.02326	0.63690	0.02969	0.02581	0.01874	0.00958	0.00779	0.00239	0.00674	0.00774	0.00946	0.01319
29	0.01249	0.00892	0.01249	0.01428	0.01606	0.00892	0.01249	0.01606	0.01785	0.02320	0.04105	0.08746	0.04462	0.02142	0.01071	0.00357	0.00714	0.62695	0.00714	0.00714
30	0.01330	0.01164	0.01943	0.14649	0.02524	0.01204	0.13160	0.01713	0.01714	0.02356	0.12542	0.16437	0.08612	0.01414	0.00947	0.00271	0.03640	0.06006	0.07580	0.00793
31	0.01126	0.00758	0.00876	0.00876	0.00886	0.00768	0.00507	0.01147	0.01136	0.01526	0.02415	0.04921	0.02753	0.67712	0.08894	0.00789	0.00851	0.01105	0.00466	0.00487
32	0.57501	0.18654	0.01872	0.01126	0.01647	0.04392	0.00978	0.02317	0.01411	0.03030	0.01083	0.01261	0.00882	0.00709	0.00492	0.00221	0.00682	0.00421	0.00442	0.00879
33	0.01830	0.02092	0.04575	0.03268	0.04052	0.01961	0.65098	0.02484	0.01830	0.02484	0.01569	0.02092	0.01176	0.00654	0.00915	0.00261	0.01307	0.00915	0.00392	0.01046
34	0.01650	0.01403	0.01631	0.01169	0.01855	0.01077	0.00936	0.03955	0.01672	0.02601	0.01393	0.01616	0.01154	0.00585	0.00581	0.00119	0.00583	0.00467	0.00469	0.75084
35	0.00943	0.00681	0.00893	0.01062	0.01120	0.00631	0.00712	0.01082	0.01501	0.01986	0.04487	0.68380	0.08855	0.02401	0.00985	0.00312	0.00446	0.02170	0.00720	0.00631
36	0.01088	0.00792	0.01023	0.00965	0.01152	0.00727	0.00724	0.01445	0.02172	0.03055	0.64329	0.05881	0.10525	0.01605	0.00915	0.00245	0.00367	0.01415	0.00846	0.00727
37	0.01111	0.00758	0.00886	0.00893	0.00918	0.00766	0.00534	0.01152	0.01175	0.01572	0.02665	0.07353	0.05129	0.60868	0.10446	0.00769	0.00863	0.01154	0.00482	0.00505
38	0.02073	0.73217	0.04063	0.01327	0.01990	0.03068	0.01327	0.02322	0.01575	0.01824	0.01078	0.01244	0.00995	0.00663	0.00498	0.00166	0.00829	0.00415	0.00332	0.00995
39	0.01218	0.00868	0.01201	0.01372	0.01531	0.00864	0.01169	0.01540	0.01729	0.02254	0.04042	0.13860	0.04441	0.05461	0.01198	0.00372	0.00694	0.54787	0.00703	0.00696
40	0.02947	0.02172	0.02327	0.01784	0.02404	0.02404	0.01474	0.65329	0.03646	0.04887	0.01862	0.01862	0.01319	0.00931	0.00776	0.00233	0.00853	0.00698	0.00776	0.01319
41	0.01108	0.00831	0.01246	0.01246	0.01385	0.00969	0.00969	0.01385	0.01246	0.01800	0.02077	0.03046	0.01938	0.05815	0.69678	0.01246	0.02077	0.00831	0.00415	0.00692
42	0.05298	0.28769	0.36511	0.01765	0.02660	0.02201	0.02068	0.02513	0.01651	0.07969	0.01408	0.01564	0.01061	0.00729	0.00642	0.00216	0.00965	0.00527	0.00390	0.01093
43	0.02411	0.05823	0.03142	0.02247	0.02899	0.02152	0.24371	0.34200	0.02728	0.05593	0.01873	0.05524	0.01462	0.00894	0.00822	0.00244	0.00989	0.00840	0.00616	0.01168
44	0.02089	0.02307	0.02454	0.02239	0.07503	0.24315	0.10023	0.04874	0.01811	0.02152	0.01793	0.02515	0.04544	0.04601	0.01411	0.00287	0.19528	0.04213	0.00433	0.00905
45	0.01249	0.00892	0.01249	0.01428	0.01606	0.00892	0.01249	0.01606	0.01785	0.02320	0.04105	0.08746	0.04462	0.02142	0.01071	0.00357	0.00714	0.62695	0.00714	0.00714
46	0.02804	0.02114	0.02195	0.01737	0.02315	0.05568	0.01415	0.48531	0.14035	0.08044	0.02113	0.02055	0.01512	0.00946	0.00774	0.00237	0.00829	0.00723	0.00770	0.01283
47	0.01591	0.01494	0.02520	0.58040	0.11200	0.01776	0.05356	0.04797	0.01676	0.02186	0.01417	0.02045	0.01072	0.00768	0.00782	0.00255	0.01029	0.00701	0.00369	0.00926
48	0.01544	0.01502	0.02552	0.50751	0.04585	0.01810	0.09055	0.02020	0.01534	0.02045	0.01349	0.01998	0.01052	0.00834	0.01028	0.00264	0.10808	0.00703	0.00354	0.04213
49	0.01603	0.10429	0.62736	0.02128	0.03229	0.01918	0.02722	0.02443	0.01631	0.02397	0.01362	0.01601	0.00983	0.00730	0.00714	0.00238	0.01117	0.00558	0.00328	0.01132
50	0.01190	0.00842	0.01058	0.01127	0.01310	0.00798	0.00864	0.01530	0.05048	0.05171	0.12398	0.29170	0.17964	0.02029	0.00965	0.00299	0.00508	0.16252	0.00748	0.00728
51	0.05363	0.07933	0.49785	0.05118	0.05968	0.01910	0.02484	0.05266	0.04530	0.02589	0.01456	0.01689	0.01064	0.00753	0.00716	0.00240	0.01049	0.00584	0.00378	0.01124
52	0.02903	0.03489	0.02215	0.01969	0.02398	0.60510	0.01495	0.11545	0.02394	0.02303	0.01289	0.01461	0.01042	0.00817	0.00710	0.00204	0.01324	0.00526	0.00451	0.00956
53	0.02139	0.01619	0.01759	0.01551	0.02011	0.01821	0.01215	0.04074	0.57785	0.12096	0.03143	0.02858	0.02306	0.01039	0.00788	0.00260	0.00620	0.00863	0.00812	0.01240
54	0.01074	0.00792	0.01004	0.00951	0.01144	0.00722	0.00713	0.01417	0.02139	0.02976	0.59697	0.06010	0.15207	0.01635	0.00915	0.00246	0.00369	0.01433	0.00836	0.00722
55	0.02852	0.02171	0.02337	0.01920	0.05186	0.05641	0.01513	0.53437	0.03296	0.07090	0.01813	0.01864	0.01307	0.00939	0.00871	0.00237	0.04844	0.00690	0.00723	0.01268
56	0.01830	0.02092	0.04575	0.03268	0.04052	0.01961	0.65098	0.02484	0.01830	0.02484	0.01569	0.02092	0.01176	0.00654	0.00915	0.00261	0.01307	0.00915	0.00392	0.01046
57	0.00972	0.00695	0.00931	0.01111	0.01168	0.00654	0.00768	0.01127	0.01512	0.02010	0.04258	0.66474	0.05068	0.02403	0.00997	0.00319	0.00474	0.07701	0.00719	0.00637
58	0.01186	0.00850	0.01138	0.01279	0.01419	0.00839	0.01014	0.04118	0.01747	0.02307	0.05961	0.35846	0.04700	0.02198	0.01018	0.00330	0.00595	0.32026	0.00723	0.00704
59	0.01645	0.03819	0.63242	0.02222	0.03330	0.01781	0.05498	0.02510	0.01669	0.05124	0.01467	0.01697	0.01029	0.00742	0.00746	0.00246	0.01133	0.00596	0.00356	0.01149
60	0.01971	0.01271	0.01490	0.01260	0.01629	0.01301	0.00996	0.17090	0.09007	0.12445	0.31283	0.03899	0.04219	0.01234	0.00819	0.00237	0.00545	0.01041	0.07261	0.00999
61	0.01555	0.04011	0.68733	0.02210	0.03356	0.01801	0.02865	0.02455	0.01637	0.02455	0.01391	0.01637	0.00982	0.00737	0.00737	0.00246	0.01146	0.00573	0.00327	0.01146
62	0.71007	0.01519	0.01226	0.01072	0.01564	0.01736	0.00883	0.05074	0.01468	0.06998	0.01219	0.01359	0.00918	0.00742	0.00509	0.00240	0.00614	0.00451	0.00518	0.00886
63	0.01393	0.00758	0.01036	0.01023	0.01073	0.00766	0.00697	0.04368	0.01240	0.01714	0.01763	0.08155	0.01779	0.06025	0.02592	0.56978	0.00643	0.00826	0.06723	0.00449
64	0.02896	0.03695	0.02197	0.01998	0.02397	0.69638	0.01498	0.03096	0.02197	0.01898	0.01199	0.01398	0.00999	0.00799	0.00699	0.00200	0.01398	0.00499	0.00400	0.00899
65	0.01464	0.01378	0.02326	0.70887	0.05340	0.01723	0.02153	0.01981	0.01550	0.01981	0.01378	0.02067	0.01034	0.00775	0.00775	0.00258	0.01034	0.00689	0.00345	0.00861
66	0.01464	0.01378	0.02326	0.70887	0.05340	0.01723	0.02153	0.01981	0.01550	0.01981	0.01378	0.02067	0.01034	0.00775	0.00775	0.00258	0.01034	0.00689	0.00345	0.00861
67	0.03170	0.01592	0.01945	0.01501	0.02086	0.01563	0.01236	0.25263	0.02719	0.42793	0.05941	0.02528	0.01985	0.00982	0.00785	0.00238	0.00713	0.00783	0.00890	0.01289
68	0.01957	0.01360	0.01773	0.01658	0.06853	0.01369	0.04399	0.06106	0.19759	0.15115	0.15471	0.07134	0.08975	0.01219	0.00830	0.00249	0.00618	0.01060	0.00761	0.03335
69	0.01847	0.34573	0.37055	0.01810	0.02708	0.05527	0.02121	0.02426	0.01636	0.02151	0.01244	0.01452	0.00989	0.00707	0.00629	0.00208	0.01018	0.00500	0.00333	0.01068
70	0.01608	0.01378	0.01608	0.01148	0.01837	0.01034	0.00919	0.01952	0.01608	0.02527	0.01378	0.01608	0.01148	0.00574	0.00574	0.00115	0.00574	0.00459	0.00459	0.77491
71	0.01124	0.00767	0.00925	0.00925	0.00953	0.00795	0.00569	0.01179	0.01151	0.01562	0.02370	0.04670	0.02644	0.59431	0.17026	0.00850	0.01015	0.01068	0.00459	0.00514
72	0.01764	0.01809	0.02365	0.02033	0.02056	0.06163	0.01685	0.01935	0.01244	0.01868	0.01028	0.01680	0.01017	0.01326	0.02441	0.00331	0.67393	0.00668	0.00343	0.00851
73	0.00945	0.00675	0.00900	0.01080	0.01125	0.00630	0.00720	0.01080	0.01484	0.01979	0.04274	0.72245	0.05128	0.02429	0.00990	0.00315	0.00450	0.02204	0.00720	0.00630
74	0.01646	0.01623	0.02279	0.01969	0.01980	0.02255	0.01635	0.01825	0.01192	0.01860	0.01108	0.01811	0.01096	0.01736	0.08250	0.00416	0.65446	0.00691	0.00346	0.00835
75	0.01115	0.00754	0.00885	0.00895	0.00910	0.00764	0.00529	0.01148	0.01158	0.01557	0.02513	0.08675	0.02870	0.62786	0.09677	0.00771	0.00854	0.01162	0.00479	0.00499
76	0.01445	0.00723	0.00723	0.00723	0.00903	0.00723	0.00542	0.01807	0.01626	0.02891	0.02529	0.02891	0.01987	0.00903	0.00542	0.00181	0.00361	0.00723	0.77055	0.00723
77	0.05957	0.03450	0.02167	0.01948	0.02346	0.60862	0.01478	0.06003	0.02189	0.02105	0.01218	0.01427	0.01008	0.00825	0.00769	0.00209	0.04192	0.00513	0.00418	0.00915
78	0.00945	0.00675	0.00900	0.01080	0.01125	0.00630	0.00720	0.01080	0.01484	0.01979	0.04274	0.72245	0.05128	0.02429	0.00990	0.00315	0.00450	0.02204	0.00720	0.00630
79	0.01873	0.02133	0.04300	0.06026	0.06798	0.05398	0.56559	0.02490	0.01835	0.02435	0.01537	0.02048	0.01164	0.00668	0.00892	0.00257	0.01284	0.00875	0.00390	0.01039
80	0.01711	0.01469	0.04020	0.01199	0.01900	0.01067	0.01001	0.02073	0.01643	0.06237	0.01473	0.01667	0.01186	0.00602	0.00592	0.00127	0.00599	0.00481	0.00483	0.70470
81	0.12168	0.51823	0.09947	0.01422	0.02090	0.07592	0.01427	0.02385	0.01593	0.02111	0.01118	0.01296	0.00973	0.00688	0.00533	0.00186	0.00871	0.00437	0.00356	0.00982
82	0.57887	0.01681	0.01460	0.01226	0.01744	0.01919	0.01011	0.19315	0.01948	0.03859	0.01291	0.01422	0.00969	0.00777	0.00560	0.00238	0.00668	0.00495	0.00560	0.00969
83	0.04763	0.01297	0.01583	0.01312	0.01774	0.01246	0.01044	0.08740	0.09483	0.28616	0.08654	0.09301	0.05431	0.01415	0.04457	0.00292	0.00682	0.00966	0.00791	0.08152
84	0.01108	0.00831	0.01246	0.01246	0.01385	0.00969	0.00969	0.01385	0.01246	0.01800	0.02077	0.03046	0.01938	0.05815	0.69678	0.01246	0.02077	0.00831	0.00415	0.00692
85	0.01625	0.01767	0.08366	0.04756	0.16877	0.01833	0.05420	0.01994	0.01520	0.02189	0.01860	0.05876	0.01837	0.01276	0.01521	0.00302	0.28094	0.11517	0.00432	0.00939
86	0.01726	0.01867	0.06711	0.25836	0.23407	0.01837	0.19786	0.02352	0.04322	0.02362	0.01528	0.02040	0.01183	0.00725	0.00810	0.00250	0.01065	0.00754	0.00387	0.01052
87	0.01570	0.03908	0.65318	0.02266	0.03393	0.01809	0.06178	0.02457	0.01647	0.02457	0.01401	0.01661	0.00993	0.00732	0.00746	0.00246	0.01154	0.00591	0.00331	0.01141
88	0.00967	0.00687	0.00908	0.01077	0.01123	0.00647	0.00722	0.01101	0.01472	0.01961	0.04150	0.65759	0.04957	0.06923	0.01182	0.00344	0.00478	0.04216	0.00704	0.00622
89	0.01117	0.00796	0.01083	0.07846	0.01567	0.00773	0.00866	0.01334	0.01645	0.04858	0.13006	0.47333	0.10751	0.02048	0.00943	0.00292	0.00498	0.01835	0.00711	0.00697
90	0.01892	0.01861	0.03037	0.13945	0.54362	0.04626	0.04281	0.02356	0.01755	0.02427	0.01440	0.01924	0.01190	0.00706	0.00770	0.00234	0.00969	0.00690	0.00379	0.01157
91	0.01778	0.01615	0.02606	0.63839	0.05290	0.01871	0.05760	0.02195	0.01740	0.02277	0.01681	0.02454	0.01326	0.00964	0.00903	0.00311	0.01127	0.00791	0.00452	0.01020
92	0.01108	0.00831	0.01246	0.01246	0.01385	0.00969	0.00969	0.01385	0.01246	0.01800	0.02077	0.03046	0.01938	0.05815	0.69678	0.01246	0.02077	0.00831	0.00415	0.00692
93	0.65149	0.01752	0.01475	0.01311	0.01808	0.01935	0.01035	0.07583	0.04734	0.03775	0.01546	0.01810	0.01243	0.00950	0.00653	0.00294	0.00720	0.00566	0.00616	0.01046
94	0.02747	0.05619	0.08028	0.04998	0.05323	0.01714	0.08170	0.07663	0.05491	0.27234	0.02425	0.02548	0.01765	0.01012	0.00867	0.00276	0.00900	0.00791	0.00750	0.11680

[dist]
# distance from previous block
# <min> <max>
0	1

[block]
# block no. 6 follows, 25 sequences, length 127
# corresponding to MSA columns:
# 345-471
name=unknown_G
#
# <colnr> <probs for GDERKNQSTAVLIFYWHMCP>
#	G	D	E	R	K	N	Q	S	T	A	V	L	I	F	Y	W	H	M	C	P
0	0.02262	0.01655	0.01943	0.01633	0.02127	0.01810	0.04496	0.10708	0.43304	0.14088	0.05245	0.02800	0.02295	0.01022	0.00797	0.00255	0.00674	0.00862	0.00798	0.01225
1	0.01347	0.00673	0.01010	0.01010	0.01010	0.00673	0.00673	0.01010	0.01010	0.01347	0.01347	0.02357	0.01347	0.02694	0.03030	0.77441	0.00673	0.00673	0.00337	0.00337
2	0.01870	0.39819	0.28858	0.05650	0.02723	0.02478	0.01973	0.04655	0.01673	0.02189	0.01245	0.01465	0.01004	0.00708	0.00616	0.00204	0.00964	0.00502	0.00347	0.01057
3	0.01561	0.01528	0.02384	0.60893	0.04959	0.05162	0.04879	0.02059	0.01599	0.02026	0.01377	0.02011	0.01044	0.00761	0.00768	0.00248	0.01042	0.00678	0.00355	0.04664
4	0.00945	0.00675	0.00900	0.01080	0.01125	0.00630	0.00720	0.01080	0.01484	0.01979	0.04274	0.72245	0.05128	0.02429	0.00990	0.00315	0.00450	0.02204	0.00720	0.00630
5	0.01016	0.00748	0.00990	0.01122	0.01193	0.00721	0.00776	0.01166	0.01479	0.01993	0.03977	0.61342	0.04719	0.05246	0.01154	0.00329	0.02837	0.05131	0.00687	0.03373
6	0.00955	0.00787	0.00839	0.00826	0.01071	0.00671	0.00619	0.01187	0.01858	0.02310	0.20498	0.07108	0.54822	0.01883	0.00916	0.00258	0.00387	0.01587	0.00748	0.00671
7	0.01968	0.01747	0.01771	0.01595	0.02032	0.04656	0.01238	0.04079	0.63923	0.03189	0.03077	0.02833	0.02312	0.01042	0.00785	0.00260	0.00645	0.00861	0.00773	0.01214
8	0.05307	0.01831	0.02007	0.01608	0.02132	0.04322	0.01310	0.30293	0.12288	0.20438	0.02286	0.02205	0.01607	0.00968	0.00858	0.00242	0.04779	0.00729	0.03563	0.01226
9	0.02140	0.01771	0.01872	0.01621	0.02097	0.02027	0.01278	0.16821	0.53468	0.03584	0.02887	0.02679	0.02149	0.01027	0.00786	0.00257	0.00663	0.00840	0.00786	0.01246
