[name]
unknown

[dist]
# distance from previous block
# <min> <max>
0	0

[block]
# block no. 0 follows, 24 sequences, length 24
# corresponding to MSA columns:
# 0-23
name=unknown_A
#
# <colnr> <probs for GDERKNQSTAVLIFYWHMCP>
#	G	D	E	R	K	N	Q	S	T	A	V	L	I	F	Y	W	H	M	C	P
0	0.01278	0.00913	0.01278	0.01460	0.01643	0.00913	0.01278	0.01643	0.01825	0.02373	0.04199	0.08945	0.04564	0.02191	0.01095	0.00365	0.00730	0.61847	0.00730	0.00730
1	0.03049	0.02166	0.02346	0.01799	0.02432	0.02378	0.01486	0.60732	0.03637	0.08935	0.01981	0.01954	0.01387	0.00954	0.00794	0.00238	0.00860	0.00719	0.00805	0.01349
2	0.01377	0.00689	0.01033	0.01033	0.01033	0.00689	0.00689	0.01033	0.01033	0.01377	0.01377	0.02410	0.01377	0.02755	0.03099	0.76928	0.00689	0.00689	0.00344	0.00344
3	0.01100	0.00753	0.00874	0.00914	0.00939	0.00736	0.00544	0.01142	0.01271	0.01679	0.03223	0.19976	0.07005	0.52825	0.03195	0.00642	0.00680	0.01425	0.00551	0.00527
4	0.02306	0.01360	0.01627	0.01391	0.01831	0.01391	0.01098	0.03419	0.28159	0.25416	0.18983	0.03606	0.03521	0.01179	0.00836	0.00256	0.00581	0.00996	0.00883	0.01162
5	0.02048	0.63238	0.12892	0.01480	0.02226	0.02960	0.01572	0.02393	0.01620	0.01954	0.01146	0.01327	0.01016	0.00689	0.00542	0.00181	0.00892	0.00446	0.00339	0.01039
6	0.00986	0.00705	0.00908	0.01062	0.01114	0.00660	0.00700	0.01111	0.01491	0.01975	0.04342	0.60842	0.08079	0.10377	0.01352	0.00370	0.00492	0.02100	0.00707	0.00627
7	0.03558	0.01350	0.01840	0.01411	0.02024	0.01166	0.01166	0.03865	0.02270	0.67734	0.03128	0.02699	0.01963	0.00981	0.00797	0.00245	0.00675	0.00797	0.00981	0.01350
8	0.77733	0.01534	0.01166	0.01043	0.01534	0.01779	0.00859	0.02331	0.01350	0.03558	0.01104	0.01288	0.00859	0.00736	0.00491	0.00245	0.00613	0.00429	0.00491	0.00859
9	0.01869	0.01789	0.03050	0.17979	0.54803	0.01860	0.02387	0.02352	0.01761	0.02477	0.01475	0.01993	0.01216	0.00724	0.00787	0.00241	0.00965	0.00706	0.00384	0.01181
10	0.03558	0.01350	0.01840	0.01411	0.02024	0.01166	0.01166	0.03865	0.02270	0.67734	0.03128	0.02699	0.01963	0.00981	0.00797	0.00245	0.00675	0.00797	0.00981	0.01350
11	0.01590	0.04102	0.68023	0.02260	0.03432	0.01842	0.02930	0.02511	0.01674	0.02511	0.01423	0.01674	0.01005	0.00753	0.00753	0.00251	0.01172	0.00586	0.00335	0.01172
12	0.02256	0.57666	0.03723	0.01485	0.02107	0.14246	0.01382	0.02594	0.04675	0.01945	0.01221	0.01377	0.01083	0.00720	0.00558	0.00180	0.00937	0.00461	0.00373	0.01012
13	0.01153	0.00769	0.00865	0.00865	0.00865	0.00769	0.00480	0.01153	0.01153	0.01538	0.02499	0.05189	0.02883	0.72131	0.04036	0.00769	0.00769	0.01153	0.00480	0.00480
14	0.00966	0.00690	0.00920	0.01104	0.01150	0.00644	0.00736	0.01104	0.01518	0.02024	0.04371	0.71614	0.05245	0.02484	0.01012	0.00322	0.00460	0.02254	0.00736	0.00644
15	0.02910	0.03670	0.02223	0.02020	0.02431	0.65410	0.01518	0.03222	0.05602	0.02013	0.01331	0.01511	0.01095	0.00831	0.00720	0.00208	0.01388	0.00531	0.00430	0.00937
16	0.01956	0.01903	0.03327	0.04754	0.62518	0.01893	0.07014	0.02442	0.01811	0.02587	0.01500	0.01976	0.01252	0.00704	0.00796	0.00238	0.00971	0.00724	0.00393	0.01242
17	0.01122	0.00811	0.01060	0.00998	0.01185	0.00748	0.00748	0.01496	0.02245	0.03180	0.66766	0.05923	0.07482	0.01621	0.00935	0.00249	0.00374	0.01434	0.00873	0.00748
18	0.02120	0.72609	0.04155	0.01357	0.02035	0.03138	0.01357	0.02374	0.01611	0.01866	0.01102	0.01272	0.01018	0.00678	0.00509	0.00170	0.00848	0.00424	0.00339	0.01018
19	0.02031	0.02065	0.04412	0.03160	0.03945	0.01926	0.58355	0.02665	0.01909	0.08683	0.01748	0.02192	0.01275	0.00698	0.00923	0.00265	0.01275	0.00923	0.00456	0.01096
20	0.77733	0.01534	0.01166	0.01043	0.01534	0.01779	0.00859	0.02331	0.01350	0.03558	0.01104	0.01288	0.00859	0.00736	0.00491	0.00245	0.00613	0.00429	0.00491	0.00859
21	0.03558	0.01350	0.01840	0.01411	0.02024	0.01166	0.01166	0.03865	0.02270	0.67734	0.03128	0.02699	0.01963	0.00981	0.00797	0.00245	0.00675	0.00797	0.00981	0.01350
22	0.03558	0.01350	0.01840	0.01411	0.02024	0.01166	0.01166	0.03865	0.02270	0.67734	0.03128	0.02699	0.01963	0.00981	0.00797	0.00245	0.00675	0.00797	0.00981	0.01350
23	0.02294	0.01863	0.01974	0.01679	0.02185	0.02123	0.01333	0.22842	0.46600	0.03836	0.02819	0.02633	0.02090	0.01038	0.00803	0.00259	0.00703	0.00840	0.00803	0.01284

[dist]
# distance from previous block
# <min> <max>
0	1

[block]
# block no. 1 follows, 24 sequences, length 9
# corresponding to MSA columns:
# 25-33
name=unknown_B
#
# <colnr> <probs for GDERKNQSTAVLIFYWHMCP>
#	G	D	E	R	K	N	Q	S	T	A	V	L	I	F	Y	W	H	M	C	P
0	0.00997	0.00712	0.00955	0.01139	0.01198	0.00670	0.00789	0.01157	0.01548	0.02058	0.04354	0.65499	0.05178	0.02456	0.01020	0.00326	0.00486	0.08069	0.00736	0.00652
1	0.02581	0.01872	0.02037	0.01676	0.02219	0.02076	0.01347	0.28680	0.33141	0.11523	0.02678	0.02500	0.01932	0.01014	0.00800	0.00254	0.00733	0.00811	0.00822	0.01304
2	0.02034	0.02005	0.03044	0.04425	0.57760	0.06636	0.02282	0.02618	0.06594	0.02599	0.01602	0.01999	0.01326	0.00742	0.00782	0.00236	0.00953	0.00707	0.00424	0.01232
3	0.06960	0.02525	0.02492	0.02010	0.02510	0.23311	0.09340	0.19593	0.02362	0.03006	0.01445	0.01700	0.01141	0.00883	0.00984	0.00234	0.10122	0.00635	0.00516	0.08230
4	0.02028	0.02413	0.11423	0.02816	0.03590	0.05214	0.41001	0.09643	0.08306	0.02858	0.01757	0.02105	0.01306	0.00757	0.00876	0.00259	0.01201	0.00846	0.00477	0.01124
5	0.08338	0.02616	0.23078	0.02071	0.02796	0.06740	0.12224	0.09781	0.08477	0.04821	0.02031	0.05581	0.01683	0.00985	0.00806	0.00261	0.01003	0.05088	0.00530	0.01089
6	0.10663	0.01600	0.02547	0.34359	0.21563	0.01809	0.04856	0.02286	0.01649	0.05769	0.01476	0.01989	0.01141	0.00795	0.00848	0.00257	0.04275	0.00688	0.00414	0.01014
7	0.06471	0.01799	0.02077	0.01893	0.08089	0.01939	0.01393	0.26926	0.18927	0.13755	0.06517	0.02526	0.02076	0.00997	0.00790	0.00248	0.00741	0.00804	0.00778	0.01253
8	0.02832	0.02021	0.02212	0.01701	0.02330	0.02158	0.01397	0.48371	0.07350	0.09766	0.02032	0.02007	0.01448	0.00920	0.00770	0.00227	0.00807	0.00704	0.00772	0.10175

[dist]
# distance from previous block
# <min> <max>
23	47

[block]
# block no. 2 follows, 24 sequences, length 20
# corresponding to MSA columns:
# 83-102
name=unknown_C
#
# <colnr> <probs for GDERKNQSTAVLIFYWHMCP>
#	G	D	E	R	K	N	Q	S	T	A	V	L	I	F	Y	W	H	M	C	P
0	0.02463	0.01854	0.02051	0.01659	0.02145	0.04230	0.01346	0.33583	0.08811	0.08233	0.05769	0.02368	0.01866	0.01515	0.07815	0.00346	0.06441	0.00768	0.00706	0.06031
1	0.07464	0.02249	0.02445	0.01884	0.02510	0.09240	0.07750	0.41362	0.03017	0.04085	0.01700	0.01812	0.01250	0.00857	0.00759	0.00225	0.00932	0.00672	0.00660	0.09127
2	0.02001	0.06369	0.05269	0.05576	0.02617	0.02092	0.11544	0.08521	0.01759	0.07591	0.01570	0.04491	0.01335	0.01083	0.01516	0.00279	0.28907	0.00765	0.00473	0.06241
3	0.07552	0.30228	0.14705	0.01588	0.02279	0.07403	0.01576	0.08718	0.04330	0.02538	0.01416	0.01623	0.01160	0.01048	0.04579	0.00263	0.00981	0.00536	0.00434	0.07044
4	0.08920	0.01549	0.01829	0.01479	0.02040	0.01566	0.01200	0.09965	0.19755	0.38671	0.02872	0.02579	0.01939	0.00985	0.00775	0.00251	0.00677	0.00787	0.00876	0.01285
5	0.01978	0.01681	0.02115	0.01643	0.02155	0.01726	0.05161	0.17571	0.04043	0.03039	0.01853	0.04692	0.03457	0.00969	0.01078	0.00218	0.14060	0.00722	0.00551	0.31289
6	0.26839	0.09029	0.02112	0.01491	0.02076	0.02205	0.01252	0.32028	0.04978	0.08359	0.01699	0.01736	0.01240	0.00862	0.00669	0.00235	0.00765	0.00606	0.00664	0.01155
7	0.01147	0.00792	0.00983	0.00983	0.01024	0.00833	0.00628	0.01229	0.01188	0.01625	0.02391	0.04592	0.02624	0.53066	0.22747	0.00914	0.01159	0.01066	0.00464	0.00546
8	0.00958	0.00797	0.00837	0.00842	0.01088	0.00676	0.00626	0.01173	0.01835	0.02242	0.13899	0.11490	0.56812	0.01998	0.00942	0.00269	0.00402	0.01685	0.00751	0.00676
9	0.02813	0.02076	0.02233	0.01763	0.02357	0.02304	0.01440	0.49263	0.16917	0.07114	0.02235	0.02160	0.01602	0.00980	0.00796	0.00245	0.00812	0.00756	0.00804	0.01329
10	0.05935	0.01536	0.01891	0.01488	0.02077	0.01493	0.01218	0.13016	0.11111	0.47168	0.02884	0.02564	0.01893	0.00981	0.00787	0.00247	0.00696	0.00785	0.00912	0.01319
11	0.03402	0.01315	0.01790	0.01384	0.01971	0.01139	0.01139	0.03713	0.02268	0.63601	0.07203	0.02906	0.02316	0.01022	0.00806	0.00246	0.00656	0.00838	0.00975	0.01311
12	0.03558	0.01350	0.01840	0.01411	0.02024	0.01166	0.01166	0.03865	0.02270	0.67734	0.03128	0.02699	0.01963	0.00981	0.00797	0.00245	0.00675	0.00797	0.00981	0.01350
13	0.55727	0.08751	0.01616	0.01171	0.01680	0.01938	0.00985	0.10225	0.01736	0.03547	0.05348	0.01658	0.01355	0.00814	0.00559	0.00237	0.00655	0.00529	0.00538	0.00930
14	0.02863	0.03525	0.02351	0.02319	0.08987	0.59478	0.01622	0.05584	0.02263	0.02130	0.01280	0.01503	0.01058	0.00811	0.00725	0.00209	0.01358	0.00539	0.00423	0.00971
15	0.00947	0.00804	0.00817	0.00813	0.01077	0.00673	0.00610	0.01157	0.01830	0.02196	0.11060	0.07544	0.63803	0.01988	0.00937	0.00267	0.00400	0.01661	0.00743	0.00673
16	0.01963	0.01884	0.03219	0.04867	0.67185	0.01884	0.02434	0.02434	0.01806	0.02591	0.01492	0.01963	0.01256	0.00707	0.00785	0.00236	0.00942	0.00707	0.00393	0.01256
17	0.01874	0.01794	0.03059	0.17264	0.55478	0.01861	0.02390	0.02356	0.01764	0.02484	0.01476	0.01991	0.01218	0.00723	0.00787	0.00241	0.00964	0.00706	0.00385	0.01185
18	0.02967	0.02165	0.02507	0.01905	0.02550	0.02353	0.05812	0.56758	0.03516	0.08461	0.01954	0.01966	0.01374	0.00934	0.00803	0.00240	0.00893	0.00734	0.00777	0.01329
19	0.07319	0.02410	0.02727	0.03125	0.28246	0.20125	0.06146	0.11403	0.02197	0.06581	0.01555	0.01821	0.01217	0.00786	0.00759	0.00231	0.01055	0.00658	0.00494	0.01145

[dist]
# distance from previous block
# <min> <max>
0	2

[block]
# block no. 3 follows, 24 sequences, length 14
# corresponding to MSA columns:
# 105-118
name=unknown_D
#
# <colnr> <probs for GDERKNQSTAVLIFYWHMCP>
#	G	D	E	R	K	N	Q	S	T	A	V	L	I	F	Y	W	H	M	C	P
0	0.09480	0.10822	0.01982	0.01310	0.01886	0.01491	0.01095	0.03031	0.06871	0.31515	0.07922	0.02502	0.02118	0.00915	0.00708	0.00216	0.00648	0.00722	0.00742	0.14026
1	0.01958	0.01616	0.01742	0.01535	0.01963	0.01825	0.01201	0.11250	0.47275	0.03503	0.13837	0.03330	0.03146	0.01153	0.00827	0.00262	0.00615	0.00965	0.00816	0.01181
2	0.01116	0.00825	0.01020	0.01085	0.01232	0.00779	0.00775	0.04820	0.01836	0.02436	0.16298	0.42922	0.15862	0.02149	0.00975	0.00296	0.00466	0.03633	0.00764	0.00710
3	0.01190	0.00896	0.01112	0.01223	0.01353	0.00913	0.00880	0.01706	0.12429	0.02260	0.04038	0.47530	0.04529	0.06525	0.01176	0.00346	0.00543	0.09871	0.00731	0.00749
4	0.02795	0.01431	0.01765	0.01456	0.01952	0.01406	0.01161	0.13280	0.11799	0.36867	0.03155	0.14295	0.02488	0.01246	0.00835	0.00261	0.00663	0.01046	0.00883	0.01216
5	0.48228	0.01549	0.01454	0.01194	0.01747	0.01641	0.00981	0.08225	0.01762	0.14442	0.01561	0.01631	0.01133	0.00778	0.00583	0.00228	0.00644	0.00523	0.00599	0.11097
6	0.02220	0.01852	0.02063	0.01751	0.02175	0.02184	0.01406	0.20465	0.37698	0.03542	0.02492	0.02460	0.01891	0.01095	0.01108	0.00274	0.12574	0.00812	0.00725	0.01215
7	0.06977	0.01445	0.01718	0.01419	0.01923	0.01459	0.01140	0.07325	0.20703	0.32935	0.11418	0.03073	0.02728	0.01078	0.00801	0.00252	0.00630	0.00885	0.00877	0.01214
8	0.02599	0.03023	0.02545	0.02121	0.02614	0.42532	0.12088	0.11027	0.02340	0.02467	0.02001	0.02179	0.07106	0.00919	0.00783	0.00225	0.01246	0.00716	0.00488	0.00979
9	0.01737	0.01045	0.01325	0.01121	0.01483	0.00926	0.00875	0.04092	0.02195	0.16174	0.39905	0.04662	0.08528	0.01353	0.00857	0.00232	0.00481	0.01166	0.00831	0.11011
10	0.02550	0.01845	0.02045	0.01625	0.02197	0.01969	0.01318	0.34466	0.16172	0.09733	0.02240	0.02237	0.01645	0.01243	0.04998	0.00294	0.00844	0.00736	0.00748	0.11094
11	0.04731	0.02353	0.02195	0.04044	0.02437	0.14925	0.01459	0.38283	0.12761	0.03946	0.02004	0.03772	0.01529	0.00974	0.00778	0.00240	0.00929	0.00735	0.00698	0.01206
12	0.04453	0.01679	0.02054	0.05793	0.13235	0.03538	0.01465	0.08461	0.27053	0.13539	0.08063	0.02780	0.02339	0.01003	0.00799	0.00253	0.00731	0.00845	0.00725	0.01194
13	0.03713	0.01575	0.01869	0.01542	0.02052	0.01606	0.04534	0.11681	0.25197	0.06349	0.02620	0.11522	0.02225	0.01095	0.00779	0.00234	0.00671	0.00937	0.00695	0.19104

[dist]
# distance from previous block
# <min> <max>
0	14

[block]
# block no. 4 follows, 24 sequences, length 15
# corresponding to MSA columns:
# 133-147
name=unknown_E
#
# <colnr> <probs for GDERKNQSTAVLIFYWHMCP>
#	G	D	E	R	K	N	Q	S	T	A	V	L	I	F	Y	W	H	M	C	P
0	0.02806	0.01879	0.02054	0.01617	0.02186	0.03999	0.01310	0.35190	0.09381	0.17809	0.04284	0.02408	0.01820	0.03851	0.00916	0.00256	0.00786	0.00769	0.00793	0.05886
1	0.08136	0.01456	0.01668	0.01383	0.01849	0.01477	0.01105	0.20749	0.05059	0.22307	0.07983	0.11759	0.09049	0.01297	0.00825	0.00256	0.00650	0.01067	0.00819	0.01107
2	0.02171	0.01927	0.02963	0.09006	0.47670	0.02008	0.02203	0.16742	0.02233	0.03105	0.01581	0.01960	0.01263	0.00770	0.00788	0.00238	0.00935	0.00708	0.00482	0.01250
3	0.04797	0.01647	0.01883	0.01525	0.02069	0.01704	0.01237	0.21076	0.17526	0.21147	0.06490	0.02813	0.02220	0.01036	0.00791	0.00243	0.00696	0.02886	0.00815	0.07398
4	0.02508	0.01927	0.02209	0.06967	0.05421	0.02081	0.01474	0.42331	0.06940	0.04106	0.02023	0.06179	0.01605	0.00988	0.00783	0.00233	0.00817	0.00790	0.00703	0.09916
5	0.03074	0.02012	0.02237	0.01727	0.02348	0.02164	0.01423	0.48728	0.06644	0.18021	0.02228	0.02125	0.01533	0.00965	0.00795	0.00241	0.00819	0.00741	0.00833	0.01344
6	0.41836	0.02166	0.01661	0.01419	0.01931	0.17532	0.01133	0.13088	0.01986	0.03352	0.01292	0.01453	0.01004	0.00781	0.00602	0.00225	0.00846	0.00500	0.00521	0.06673
7	0.01153	0.00769	0.00865	0.00865	0.00865	0.00769	0.00480	0.01153	0.01153	0.01538	0.02499	0.05189	0.02883	0.72131	0.04036	0.00769	0.00769	0.01153	0.00480	0.00480
8	0.01392	0.00870	0.01146	0.01043	0.01278	0.00794	0.00794	0.01759	0.02247	0.10337	0.59711	0.05566	0.06870	0.01550	0.00920	0.00249	0.00407	0.01364	0.00885	0.00815
9	0.01549	0.01462	0.02472	0.62979	0.12305	0.01775	0.02228	0.02071	0.01610	0.02089	0.01419	0.02097	0.01079	0.00783	0.00792	0.00261	0.01044	0.00705	0.00357	0.00922
10	0.01617	0.01409	0.01779	0.13854	0.02537	0.01186	0.01171	0.02002	0.01634	0.02482	0.01409	0.01731	0.01153	0.00625	0.00625	0.00144	0.00674	0.00513	0.00448	0.63005
11	0.02031	0.01880	0.03066	0.09828	0.55686	0.01932	0.02322	0.08661	0.01982	0.02788	0.01527	0.01969	0.01249	0.00738	0.00787	0.00238	0.00944	0.00707	0.00430	0.01235
12	0.01929	0.01850	0.03158	0.09623	0.62694	0.01875	0.02417	0.02404	0.01790	0.02550	0.01486	0.01974	0.01242	0.00713	0.00786	0.00238	0.00950	0.00706	0.00390	0.01229
13	0.02665	0.02080	0.06259	0.02028	0.08903	0.02037	0.01571	0.36705	0.07689	0.11337	0.02021	0.02039	0.01451	0.00890	0.00770	0.00229	0.00828	0.00704	0.00714	0.09080
14	0.01904	0.09377	0.44733	0.02238	0.06947	0.02060	0.02451	0.12437	0.05388	0.02899	0.01572	0.01762	0.01150	0.00793	0.00744	0.00242	0.01054	0.00616	0.00436	0.01196

[dist]
# distance from previous block
# <min> <max>
0	5

[block]
# block no. 5 follows, 24 sequences, length 18
# corresponding to MSA columns:
# 153-170
name=unknown_F
#
# <colnr> <probs for GDERKNQSTAVLIFYWHMCP>
#	G	D	E	R	K	N	Q	S	T	A	V	L	I	F	Y	W	H	M	C	P
0	0.01212	0.00911	0.01166	0.01066	0.01331	0.00806	0.00818	0.01570	0.02077	0.02963	0.48160	0.08835	0.06107	0.01535	0.00893	0.00240	0.00440	0.05670	0.00789	0.13412
1	0.02306	0.52137	0.06688	0.01571	0.02205	0.19563	0.01475	0.02579	0.01774	0.01915	0.01148	0.01331	0.01018	0.00717	0.00572	0.00182	0.01009	0.00453	0.00356	0.01000
2	0.02120	0.72609	0.04155	0.01357	0.02035	0.03138	0.01357	0.02374	0.01611	0.01866	0.01102	0.01272	0.01018	0.00678	0.00509	0.00170	0.00848	0.00424	0.00339	0.01018
3	0.02120	0.72609	0.04155	0.01357	0.02035	0.03138	0.01357	0.02374	0.01611	0.01866	0.01102	0.01272	0.01018	0.00678	0.00509	0.00170	0.00848	0.00424	0.00339	0.01018
4	0.01098	0.00794	0.01063	0.01216	0.01341	0.00759	0.00941	0.01347	0.01711	0.02253	0.09052	0.37821	0.09396	0.02274	0.01034	0.00330	0.00556	0.25583	0.00744	0.00687
5	0.00966	0.00690	0.00920	0.01104	0.01150	0.00644	0.00736	0.01104	0.01518	0.02024	0.04371	0.71614	0.05245	0.02484	0.01012	0.00322	0.00460	0.02254	0.00736	0.00644
6	0.01153	0.00769	0.00865	0.00865	0.00865	0.00769	0.00480	0.01153	0.01153	0.01538	0.02499	0.05189	0.02883	0.72131	0.04036	0.00769	0.00769	0.01153	0.00480	0.00480
7	0.02156	0.65683	0.04012	0.01560	0.05175	0.06463	0.01417	0.02418	0.01653	0.01904	0.01127	0.01313	0.01029	0.00687	0.00533	0.00175	0.00882	0.00442	0.00345	0.01024
8	0.01153	0.00769	0.00865	0.00865	0.00865	0.00769	0.00480	0.01153	0.01153	0.01538	0.02499	0.05189	0.02883	0.72131	0.04036	0.00769	0.00769	0.01153	0.00480	0.00480
9	0.00966	0.00690	0.00920	0.01104	0.01150	0.00644	0.00736	0.01104	0.01518	0.02024	0.04371	0.71614	0.05245	0.02484	0.01012	0.00322	0.00460	0.02254	0.00736	0.00644
10	0.02962	0.03779	0.02247	0.02043	0.02451	0.68948	0.01532	0.03166	0.02247	0.01941	0.01226	0.01430	0.01021	0.00817	0.00715	0.00204	0.01430	0.00511	0.00409	0.00919
11	0.03014	0.02221	0.02380	0.01825	0.02459	0.02459	0.01507	0.64541	0.03728	0.04998	0.01904	0.01904	0.01349	0.00952	0.00793	0.00238	0.00873	0.00714	0.00793	0.01349
12	0.02841	0.02135	0.02282	0.01789	0.02393	0.02378	0.01465	0.54513	0.14038	0.04718	0.02124	0.02079	0.01527	0.00973	0.00796	0.00243	0.00832	0.00744	0.00796	0.01333
13	0.02034	0.61448	0.14560	0.01504	0.02263	0.02927	0.01613	0.02397	0.01622	0.01971	0.01155	0.01338	0.01016	0.00691	0.00549	0.00183	0.00901	0.00450	0.00339	0.01043
14	0.01675	0.01456	0.01797	0.01533	0.08221	0.01137	0.01085	0.02039	0.01660	0.02585	0.01417	0.01675	0.01182	0.00599	0.00606	0.00129	0.00622	0.00493	0.00462	0.69625
15	0.01978	0.01497	0.01839	0.01383	0.02023	0.01290	0.03724	0.08405	0.06536	0.09728	0.01932	0.05524	0.01577	0.00801	0.00682	0.00171	0.00652	0.00671	0.00590	0.48998
16	0.01934	0.06345	0.05316	0.01732	0.02227	0.01530	0.13332	0.11055	0.04678	0.10875	0.21455	0.09995	0.03596	0.01225	0.00864	0.00253	0.00753	0.01112	0.00707	0.01014
17	0.15454	0.02129	0.02011	0.01634	0.02183	0.09503	0.01322	0.36187	0.09043	0.06526	0.02149	0.02142	0.04345	0.00962	0.00742	0.00240	0.00837	0.00708	0.00706	0.01178

[dist]
# distance from previous block
# <min> <max>
2	4

[block]
# block no. 6 follows, 24 sequences, length 8
# corresponding to MSA columns:
# 175-182
name=unknown_G
#
# <colnr> <probs for GDERKNQSTAVLIFYWHMCP>
#	G	D	E	R	K	N	Q	S	T	A	V	L	I	F	Y	W	H	M	C	P
0	0.06139	0.01404	0.02207	0.49132	0.09899	0.01667	0.01955	0.04162	0.01672	0.02288	0.01789	0.07807	0.01579	0.00991	0.00807	0.00269	0.00951	0.03950	0.00429	0.00902
1	0.01968	0.37669	0.31071	0.01799	0.02663	0.08223	0.02039	0.02500	0.01692	0.02146	0.01249	0.01456	0.01012	0.00722	0.00630	0.00207	0.01035	0.00500	0.00343	0.01075
2	0.02087	0.01459	0.01684	0.01379	0.01812	0.01497	0.01100	0.24971	0.06314	0.08842	0.30209	0.03754	0.04109	0.01228	0.00843	0.00237	0.00608	0.01028	0.00822	0.06018
3	0.01759	0.01623	0.02654	0.43893	0.25470	0.01852	0.02228	0.06653	0.01812	0.02425	0.01472	0.02049	0.01143	0.00776	0.00790	0.00253	0.01006	0.00706	0.00397	0.01037
4	0.01726	0.01590	0.02578	0.44798	0.16622	0.01795	0.04664	0.06794	0.01804	0.02418	0.01470	0.02036	0.01131	0.00768	0.00782	0.00246	0.00998	0.00698	0.00404	0.06681
5	0.01709	0.20765	0.42303	0.12192	0.03387	0.02153	0.02429	0.02405	0.01645	0.02278	0.01341	0.01640	0.01016	0.00741	0.00698	0.00233	0.01074	0.00563	0.00339	0.01090
6	0.11762	0.06916	0.07094	0.01887	0.07183	0.01577	0.10197	0.02383	0.10477	0.06840	0.02794	0.19578	0.05485	0.01279	0.00812	0.00266	0.00759	0.01135	0.00596	0.00979
7	0.01926	0.01375	0.01720	0.01486	0.04903	0.01302	0.01126	0.09392	0.02078	0.11660	0.15315	0.03275	0.06627	0.01098	0.00928	0.00217	0.06601	0.02623	0.00667	0.25681

[dist]
# distance from previous block
# <min> <max>
2	32

[block]
# block no. 7 follows, 24 sequences, length 19
# corresponding to MSA columns:
# 215-233
name=unknown_H
#
# <colnr> <probs for GDERKNQSTAVLIFYWHMCP>
#	G	D	E	R	K	N	Q	S	T	A	V	L	I	F	Y	W	H	M	C	P
0	0.03098	0.01916	0.02178	0.01665	0.02297	0.01996	0.01374	0.42984	0.03177	0.23488	0.02239	0.02125	0.01521	0.00940	0.00783	0.00233	0.00798	0.00725	0.00831	0.05631
1	0.02081	0.01593	0.01740	0.01553	0.01986	0.01784	0.01207	0.07291	0.49393	0.09521	0.03261	0.10010	0.02609	0.01206	0.00827	0.00270	0.00629	0.01018	0.00816	0.01206
2	0.01932	0.01464	0.01718	0.01246	0.01937	0.01172	0.01004	0.06851	0.01861	0.09078	0.01613	0.01766	0.01264	0.00653	0.00623	0.00139	0.00617	0.00520	0.00544	0.63999
3	0.01985	0.01496	0.01747	0.01271	0.01959	0.01227	0.01026	0.09279	0.01942	0.09172	0.01632	0.01776	0.01271	0.00667	0.00631	0.00144	0.00628	0.00529	0.00556	0.61062
4	0.02901	0.02154	0.02319	0.01771	0.02411	0.02343	0.01460	0.59349	0.03555	0.04797	0.01863	0.01882	0.01334	0.00922	0.00776	0.00228	0.00849	0.00694	0.00766	0.07627
5	0.02061	0.01680	0.01904	0.01914	0.08767	0.03821	0.01351	0.09404	0.38519	0.06859	0.03008	0.10253	0.02502	0.01201	0.00832	0.00268	0.00697	0.03033	0.00750	0.01176
6	0.01646	0.01615	0.02773	0.39033	0.04323	0.01885	0.15091	0.02336	0.08281	0.02266	0.01685	0.02379	0.01338	0.00908	0.01041	0.00278	0.09043	0.02703	0.00421	0.00953
7	0.61115	0.06872	0.01508	0.01141	0.01652	0.01885	0.00956	0.07521	0.01624	0.05567	0.03310	0.01529	0.01156	0.00785	0.00541	0.00239	0.00647	0.00496	0.00532	0.00923
8	0.01050	0.00759	0.01000	0.01095	0.01211	0.00709	0.00793	0.01294	0.01805	0.02452	0.25303	0.40438	0.08378	0.02146	0.00992	0.00300	0.00458	0.08346	0.00781	0.00689
9	0.02821	0.02070	0.02222	0.01725	0.02293	0.02283	0.01400	0.57952	0.03461	0.04638	0.01966	0.02245	0.01508	0.08351	0.01130	0.00293	0.00862	0.00760	0.00761	0.01258
10	0.01508	0.01409	0.02328	0.65519	0.05217	0.01714	0.02116	0.02024	0.01590	0.02064	0.01409	0.02082	0.01065	0.00779	0.00779	0.00254	0.01025	0.00689	0.00360	0.06068
11	0.03019	0.01998	0.01994	0.01636	0.02181	0.13329	0.01307	0.14261	0.16203	0.31627	0.02609	0.02398	0.01792	0.00968	0.00784	0.00242	0.00830	0.00755	0.00812	0.01254
12	0.03014	0.02221	0.02380	0.01825	0.02459	0.02459	0.01507	0.64541	0.03728	0.04998	0.01904	0.01904	0.01349	0.00952	0.00793	0.00238	0.00873	0.00714	0.00793	0.01349
13	0.03014	0.02221	0.02380	0.01825	0.02459	0.02459	0.01507	0.64541	0.03728	0.04998	0.01904	0.01904	0.01349	0.00952	0.00793	0.00238	0.00873	0.00714	0.00793	0.01349
14	0.01064	0.00764	0.01050	0.01214	0.01305	0.00750	0.00902	0.01276	0.01571	0.02094	0.04086	0.48226	0.04721	0.02780	0.08321	0.00435	0.00708	0.17360	0.00701	0.00673
15	0.26796	0.02002	0.01993	0.01576	0.02165	0.02243	0.01301	0.44740	0.02971	0.04539	0.01649	0.01708	0.01193	0.00883	0.00697	0.00240	0.00790	0.00623	0.00697	0.01193
16	0.03014	0.02221	0.02380	0.01825	0.02459	0.02459	0.01507	0.64541	0.03728	0.04998	0.01904	0.01904	0.01349	0.00952	0.00793	0.00238	0.00873	0.00714	0.00793	0.01349
17	0.00996	0.00724	0.00946	0.01112	0.01194	0.00674	0.00779	0.01163	0.01578	0.02072	0.04708	0.58899	0.11146	0.02408	0.01014	0.00321	0.00482	0.08392	0.00736	0.00655
18	0.02957	0.02088	0.02280	0.01742	0.02380	0.02247	0.01436	0.54831	0.03452	0.10025	0.01969	0.01950	0.01387	0.00927	0.00778	0.00230	0.00835	0.00703	0.00785	0.06999

[dist]
# distance from previous block
# <min> <max>
0	2

[block]
# block no. 8 follows, 24 sequences, length 9
# corresponding to MSA columns:
# 236-244
name=unknown_I
#
# <colnr> <probs for GDERKNQSTAVLIFYWHMCP>
#	G	D	E	R	K	N	Q	S	T	A	V	L	I	F	Y	W	H	M	C	P
0	0.02617	0.01672	0.01890	0.01562	0.02091	0.01782	0.01253	0.17600	0.30040	0.22372	0.03142	0.02880	0.05293	0.01067	0.00808	0.00255	0.00685	0.00866	0.00851	0.01274
1	0.01679	0.09399	0.02474	0.01919	0.02062	0.02171	0.04397	0.01914	0.01399	0.02013	0.01718	0.05572	0.01784	0.01451	0.01989	0.00326	0.45711	0.10734	0.00426	0.00862
2	0.11087	0.02090	0.02383	0.02236	0.12940	0.02290	0.01587	0.47522	0.03152	0.04445	0.01748	0.01846	0.01279	0.00888	0.00759	0.00238	0.00855	0.00681	0.00694	0.01279
3	0.01419	0.00927	0.01124	0.01028	0.01306	0.00848	0.00787	0.01842	0.05792	0.10875	0.38137	0.05850	0.23776	0.01623	0.00911	0.00255	0.00434	0.01394	0.00843	0.00829
4	0.02110	0.01914	0.03037	0.07818	0.53346	0.01972	0.02270	0.12567	0.02108	0.02954	0.01555	0.01961	0.01261	0.00751	0.00787	0.00237	0.00937	0.00708	0.00456	0.01251
5	0.01842	0.01675	0.02156	0.01807	0.02293	0.01834	0.11492	0.03601	0.48252	0.03060	0.03492	0.03340	0.09332	0.01112	0.00842	0.00269	0.00719	0.00989	0.00733	0.01160
6	0.10841	0.03037	0.33441	0.01943	0.02816	0.02088	0.02110	0.27979	0.02481	0.03652	0.01584	0.01725	0.01129	0.00833	0.00740	0.00245	0.00985	0.00621	0.00541	0.01209
7	0.06585	0.15740	0.32046	0.01895	0.02696	0.16883	0.02046	0.04942	0.01880	0.02465	0.04839	0.01763	0.01364	0.00808	0.00697	0.00225	0.01084	0.00582	0.00408	0.01054
8	0.13324	0.11746	0.24870	0.01809	0.02603	0.04819	0.01881	0.23978	0.02353	0.03421	0.01495	0.01637	0.01105	0.00813	0.00696	0.00234	0.00956	0.00584	0.00520	0.01158

[dist]
# distance from previous block
# <min> <max>
0	6

[block]
# block no. 9 follows, 24 sequences, length 21
# corresponding to MSA columns:
# 251-271
name=unknown_J
#
# <colnr> <probs for GDERKNQSTAVLIFYWHMCP>
#	G	D	E	R	K	N	Q	S	T	A	V	L	I	F	Y	W	H	M	C	P
0	0.02334	0.02067	0.07679	0.02284	0.02999	0.01864	0.25288	0.20066	0.02396	0.11718	0.01972	0.04977	0.01496	0.00863	0.00834	0.00243	0.00999	0.00841	0.00603	0.08476
1	0.10873	0.01975	0.02738	0.02093	0.02709	0.02106	0.19053	0.28292	0.11711	0.03773	0.01942	0.02108	0.01439	0.00989	0.02488	0.00276	0.00958	0.00775	0.02533	0.01170
2	0.11139	0.01921	0.03681	0.02684	0.03404	0.01840	0.43893	0.02800	0.04496	0.13336	0.01860	0.02163	0.01336	0.00744	0.00855	0.00261	0.01114	0.00852	0.00523	0.01098
3	0.02007	0.56103	0.13480	0.01556	0.02247	0.02882	0.01624	0.02353	0.01585	0.01965	0.01145	0.01373	0.01018	0.00753	0.00732	0.00198	0.07141	0.00472	0.00339	0.01027
4	0.01927	0.01604	0.01726	0.01532	0.01954	0.01816	0.01195	0.09165	0.49838	0.03445	0.13482	0.03348	0.03151	0.01154	0.00827	0.00263	0.00608	0.00968	0.00816	0.01181
5	0.01992	0.01532	0.01819	0.01353	0.01981	0.01356	0.01097	0.09851	0.01920	0.08650	0.01593	0.01778	0.01255	0.00736	0.00803	0.00163	0.06604	0.00548	0.00545	0.54424
6	0.06628	0.11569	0.54305	0.02116	0.03176	0.01989	0.04725	0.02485	0.01653	0.02508	0.01372	0.01620	0.01003	0.00741	0.00715	0.00242	0.01105	0.00570	0.00348	0.01131
7	0.13898	0.02147	0.02196	0.04944	0.02465	0.05113	0.01446	0.49898	0.03216	0.04518	0.01735	0.01804	0.01249	0.00907	0.00746	0.00239	0.00867	0.00663	0.00712	0.01237
8	0.02421	0.01744	0.01896	0.01547	0.02004	0.01899	0.01229	0.44442	0.03015	0.04104	0.02406	0.13593	0.02146	0.05844	0.01019	0.00282	0.00753	0.00996	0.07537	0.01122
9	0.02180	0.61210	0.03808	0.01435	0.02073	0.08655	0.01364	0.02586	0.06670	0.01985	0.01279	0.01417	0.01127	0.00721	0.00550	0.00180	0.00880	0.00468	0.00382	0.01028
10	0.02802	0.01998	0.02187	0.01698	0.02305	0.02145	0.01389	0.48362	0.07408	0.09475	0.02128	0.04405	0.01585	0.00984	0.00784	0.00233	0.00803	0.00764	0.00779	0.07764
11	0.64682	0.08021	0.01529	0.01147	0.01656	0.05092	0.00959	0.04675	0.01503	0.03384	0.01139	0.01316	0.00899	0.00743	0.00514	0.00236	0.00682	0.00443	0.00485	0.00894
12	0.00981	0.00699	0.00924	0.01090	0.01141	0.00654	0.00727	0.01124	0.01538	0.02059	0.07190	0.65969	0.05256	0.05170	0.01127	0.00336	0.00468	0.02173	0.00732	0.00643
13	0.02758	0.13065	0.05036	0.01370	0.01994	0.01466	0.01207	0.03096	0.02048	0.39453	0.08097	0.02560	0.02145	0.00924	0.00732	0.00216	0.00686	0.00738	0.00768	0.11641
14	0.08923	0.06669	0.01547	0.01149	0.01555	0.01154	0.00919	0.02177	0.01976	0.16361	0.28164	0.08845	0.04137	0.01249	0.00788	0.00229	0.00533	0.01053	0.00750	0.11822
15	0.01997	0.01401	0.01691	0.04333	0.02030	0.01245	0.01078	0.08348	0.06106	0.12873	0.02239	0.11318	0.01935	0.00979	0.00720	0.00193	0.00635	0.00822	0.00633	0.39424
16	0.02140	0.01829	0.03652	0.02662	0.03363	0.01680	0.43179	0.02677	0.01915	0.15970	0.02117	0.07451	0.01662	0.00865	0.00895	0.00259	0.01095	0.00982	0.00550	0.05056
17	0.01831	0.22520	0.39665	0.01983	0.02920	0.02202	0.05505	0.06806	0.01837	0.02540	0.04208	0.01788	0.01323	0.00780	0.00706	0.00229	0.01036	0.00606	0.00395	0.01118
18	0.02246	0.01788	0.05305	0.01481	0.02094	0.01644	0.01248	0.24320	0.08208	0.08974	0.02408	0.02517	0.06111	0.03901	0.00875	0.00229	0.00724	0.00742	0.00670	0.24516
19	0.09127	0.04995	0.02501	0.01844	0.02445	0.04403	0.11563	0.24146	0.07435	0.06581	0.04460	0.02090	0.01589	0.00874	0.00804	0.00230	0.02748	0.00721	0.00629	0.10815
20	0.01827	0.01483	0.02291	0.26081	0.09841	0.01524	0.06281	0.05460	0.01822	0.08373	0.04494	0.02276	0.01554	0.01155	0.05574	0.00297	0.00966	0.00722	0.00493	0.17486

[dist]
# distance from previous block
# <min> <max>
3	20

[block]
# block no. 10 follows, 24 sequences, length 248
# corresponding to MSA columns:
# 292-539
name=unknown_K
#
# <colnr> <probs for GDERKNQSTAVLIFYWHMCP>
#	G	D	E	R	K	N	Q	S	T	A	V	L	I	F	Y	W	H	M	C	P
0	0.06135	0.01359	0.01795	0.01405	0.01948	0.01191	0.06402	0.05533	0.01921	0.11373	0.10605	0.07828	0.02567	0.01028	0.00753	0.00205	0.00650	0.03900	0.00635	0.32766
1	0.06745	0.01564	0.02002	0.01481	0.02138	0.01384	0.06480	0.08652	0.01930	0.11980	0.01686	0.01842	0.01281	0.00722	0.00727	0.00176	0.02976	0.00585	0.00566	0.45084
2	0.01933	0.01530	0.02131	0.01836	0.06156	0.01499	0.09970	0.04659	0.20641	0.09986	0.12247	0.03108	0.05073	0.01011	0.00807	0.00233	0.00704	0.00907	0.00689	0.14878
3	0.01647	0.08140	0.58673	0.02297	0.03407	0.01935	0.08093	0.02505	0.01687	0.02474	0.01419	0.01689	0.01022	0.00742	0.00754	0.00248	0.01166	0.00606	0.00341	0.01154
4	0.01716	0.03814	0.55646	0.02457	0.06296	0.05978	0.08081	0.02551	0.01732	0.02482	0.01430	0.01712	0.01034	0.00748	0.00768	0.00249	0.01192	0.00617	0.00348	0.01151
5	0.12933	0.01633	0.02404	0.01766	0.02436	0.01469	0.18204	0.04958	0.01786	0.02853	0.04719	0.01953	0.01460	0.00699	0.00695	0.00189	0.00797	0.00650	0.00489	0.37906
6	0.01737	0.01877	0.03876	0.02813	0.03512	0.01733	0.49367	0.02321	0.01863	0.02572	0.07340	0.06164	0.01959	0.00841	0.00907	0.00254	0.01135	0.01005	0.00466	0.08257
7	0.24412	0.02240	0.07650	0.01645	0.02276	0.04591	0.01443	0.39109	0.02814	0.04260	0.01608	0.01690	0.01166	0.00868	0.00700	0.00240	0.00844	0.00614	0.00653	0.01177
8	0.01856	0.02092	0.04419	0.03196	0.03906	0.02054	0.57065	0.02467	0.01796	0.02467	0.01539	0.02092	0.01184	0.00752	0.01129	0.00277	0.09360	0.00908	0.00395	0.01046
9	0.01071	0.00812	0.00988	0.00955	0.01167	0.00730	0.00723	0.01390	0.02093	0.02826	0.46092	0.06570	0.25880	0.01763	0.00942	0.00260	0.00396	0.03796	0.00825	0.00723
10	0.01050	0.00766	0.01005	0.01166	0.01278	0.00722	0.00871	0.01259	0.01640	0.02136	0.04780	0.46129	0.12743	0.02343	0.01026	0.00327	0.00528	0.18825	0.00734	0.00671
11	0.03014	0.02221	0.02380	0.01825	0.02459	0.02459	0.01507	0.64541	0.03728	0.04998	0.01904	0.01904	0.01349	0.00952	0.00793	0.00238	0.00873	0.00714	0.00793	0.01349
12	0.07035	0.02451	0.02292	0.01820	0.02408	0.13819	0.01477	0.50666	0.03346	0.04396	0.01744	0.01789	0.01266	0.00917	0.00764	0.00233	0.00954	0.00664	0.00711	0.01249
13	0.00966	0.00690	0.00920	0.01104	0.01150	0.00644	0.00736	0.01104	0.01518	0.02024	0.04371	0.71614	0.05245	0.02484	0.01012	0.00322	0.00460	0.02254	0.00736	0.00644
14	0.01498	0.01409	0.02378	0.70226	0.05462	0.01762	0.02202	0.02026	0.01586	0.02026	0.01409	0.02114	0.01057	0.00793	0.00793	0.00264	0.01057	0.00705	0.00352	0.00881
15	0.00966	0.00690	0.00920	0.01104	0.01150	0.00644	0.00736	0.01104	0.01518	0.02024	0.04371	0.71614	0.05245	0.02484	0.01012	0.00322	0.00460	0.02254	0.00736	0.00644
16	0.01590	0.04102	0.68023	0.02260	0.03432	0.01842	0.02930	0.02511	0.01674	0.02511	0.01423	0.01674	0.01005	0.00753	0.00753	0.00251	0.01172	0.00586	0.00335	0.01172
17	0.02962	0.03779	0.02247	0.02043	0.02451	0.68948	0.01532	0.03166	0.02247	0.01941	0.01226	0.01430	0.01021	0.00817	0.00715	0.00204	0.01430	0.00511	0.00409	0.00919
18	0.01872	0.02139	0.04679	0.03342	0.04144	0.02005	0.64305	0.02540	0.01872	0.02540	0.01604	0.02139	0.01203	0.00668	0.00936	0.00267	0.01337	0.00936	0.00401	0.01070
19	0.00966	0.00690	0.00920	0.01104	0.01150	0.00644	0.00736	0.01104	0.01518	0.02024	0.04371	0.71614	0.05245	0.02484	0.01012	0.00322	0.00460	0.02254	0.00736	0.00644
20	0.00966	0.00690	0.00920	0.01104	0.01150	0.00644	0.00736	0.01104	0.01518	0.02024	0.04371	0.71614	0.05245	0.02484	0.01012	0.00322	0.00460	0.02254	0.00736	0.00644
21	0.01498	0.01409	0.02378	0.70226	0.05462	0.01762	0.02202	0.02026	0.01586	0.02026	0.01409	0.02114	0.01057	0.00793	0.00793	0.00264	0.01057	0.00705	0.00352	0.00881
22	0.02958	0.02635	0.02319	0.01877	0.02441	0.20977	0.01504	0.45014	0.05799	0.04078	0.01768	0.01814	0.01300	0.00919	0.00772	0.00230	0.01018	0.00665	0.00687	0.01225
23	0.01590	0.04102	0.68023	0.02260	0.03432	0.01842	0.02930	0.02511	0.01674	0.02511	0.01423	0.01674	0.01005	0.00753	0.00753	0.00251	0.01172	0.00586	0.00335	0.01172
24	0.01122	0.00811	0.01060	0.00998	0.01185	0.00748	0.00748	0.01496	0.02245	0.03180	0.66766	0.05923	0.07482	0.01621	0.00935	0.00249	0.00374	0.01434	0.00873	0.00748
25	0.06590	0.01609	0.01929	0.01511	0.02097	0.01601	0.01239	0.20515	0.07643	0.40215	0.04833	0.02543	0.01963	0.00991	0.00788	0.00245	0.00713	0.00787	0.00890	0.01299
26	0.03014	0.02221	0.02380	0.01825	0.02459	0.02459	0.01507	0.64541	0.03728	0.04998	0.01904	0.01904	0.01349	0.00952	0.00793	0.00238	0.00873	0.00714	0.00793	0.01349
27	0.00966	0.00690	0.00920	0.01104	0.01150	0.00644	0.00736	0.01104	0.01518	0.02024	0.04371	0.71614	0.05245	0.02484	0.01012	0.00322	0.00460	0.02254	0.00736	0.00644
28	0.02962	0.03779	0.02247	0.02043	0.02451	0.68948	0.01532	0.03166	0.02247	0.01941	0.01226	0.01430	0.01021	0.00817	0.00715	0.00204	0.01430	0.00511	0.00409	0.00919
29	0.05337	0.02111	0.04519	0.03237	0.04025	0.01995	0.61406	0.02531	0.01848	0.02587	0.01581	0.02100	0.01187	0.00672	0.00915	0.00266	0.01304	0.00913	0.00405	0.01060
30	0.01590	0.04102	0.68023	0.02260	0.03432	0.01842	0.02930	0.02511	0.01674	0.02511	0.01423	0.01674	0.01005	0.00753	0.00753	0.00251	0.01172	0.00586	0.00335	0.01172
31	0.01254	0.00896	0.01250	0.01433	0.01605	0.00892	0.01236	0.01601	0.01802	0.02346	0.04212	0.13766	0.04616	0.02213	0.01089	0.00362	0.00709	0.57263	0.00731	0.00724
32	0.03423	0.01320	0.01797	0.01388	0.01978	0.01142	0.01142	0.03733	0.02268	0.64150	0.06661	0.02878	0.02269	0.01017	0.00805	0.00246	0.00658	0.00833	0.00975	0.01316
33	0.03017	0.02095	0.02287	0.01767	0.02389	0.02288	0.01455	0.54422	0.07009	0.11904	0.02114	0.02051	0.01477	0.00962	0.00794	0.00241	0.00837	0.00733	0.00815	0.01343
34	0.01047	0.00763	0.00985	0.01025	0.01162	0.00701	0.00732	0.01315	0.01926	0.02646	0.37743	0.31854	0.11172	0.01990	0.00966	0.00279	0.00410	0.01775	0.00809	0.00701
35	0.00955	0.00804	0.00828	0.00822	0.01082	0.00677	0.00616	0.01172	0.01849	0.02241	0.13616	0.07469	0.61219	0.01972	0.00937	0.00266	0.00399	0.01651	0.00749	0.00677
36	0.01876	0.02128	0.04614	0.03411	0.06975	0.02000	0.61526	0.02535	0.01869	0.02542	0.01599	0.02131	0.01206	0.00670	0.00929	0.00266	0.01319	0.00926	0.00401	0.01078
37	0.01498	0.01409	0.02378	0.70226	0.05462	0.01762	0.02202	0.02026	0.01586	0.02026	0.01409	0.02114	0.01057	0.00793	0.00793	0.00264	0.01057	0.00705	0.00352	0.00881
38	0.03465	0.01499	0.01933	0.01482	0.02099	0.01387	0.01224	0.14276	0.02520	0.56969	0.02918	0.02563	0.01858	0.00976	0.00797	0.00244	0.00709	0.00783	0.00949	0.01349
39	0.01963	0.01884	0.03219	0.04867	0.67185	0.01884	0.02434	0.02434	0.01806	0.02591	0.01492	0.01963	0.01256	0.00707	0.00785	0.00236	0.00942	0.00707	0.00393	0.01256
40	0.02164	0.55952	0.11439	0.01540	0.02252	0.08525	0.01563	0.04908	0.01756	0.02071	0.01182	0.01358	0.01029	0.00710	0.00566	0.00185	0.00936	0.00462	0.00362	0.01041
41	0.01588	0.01147	0.01378	0.01376	0.01626	0.01203	0.01057	0.08397	0.16249	0.05978	0.03771	0.33497	0.03923	0.01882	0.00950	0.00306	0.00603	0.13396	0.00769	0.00904
42	0.01872	0.02139	0.04679	0.03342	0.04144	0.02005	0.64305	0.02540	0.01872	0.02540	0.01604	0.02139	0.01203	0.00668	0.00936	0.00267	0.01337	0.00936	0.00401	0.01070
43	0.05900	0.30289	0.39874	0.01847	0.02793	0.02336	0.02214	0.02449	0.01633	0.02320	0.01283	0.01499	0.01002	0.00724	0.00645	0.00219	0.01017	0.00515	0.00345	0.01096
44	0.01590	0.04102	0.68023	0.02260	0.03432	0.01842	0.02930	0.02511	0.01674	0.02511	0.01423	0.01674	0.01005	0.00753	0.00753	0.00251	0.01172	0.00586	0.00335	0.01172
45	0.00980	0.00700	0.00932	0.01095	0.01153	0.00653	0.00737	0.01138	0.01580	0.02123	0.09718	0.65985	0.05436	0.02410	0.01006	0.00316	0.00453	0.02184	0.00748	0.00653
46	0.02937	0.03429	0.02204	0.01969	0.02404	0.57332	0.01493	0.06723	0.06231	0.05850	0.01492	0.01621	0.01178	0.00850	0.00730	0.00212	0.01307	0.00562	0.00486	0.00988
47	0.01731	0.01886	0.03566	0.02813	0.07210	0.05450	0.41966	0.02252	0.01858	0.02452	0.05563	0.11635	0.05683	0.01038	0.00924	0.00268	0.01103	0.01136	0.00487	0.00979
48	0.06381	0.01446	0.01826	0.01453	0.02026	0.01369	0.01195	0.08800	0.08732	0.50305	0.03000	0.02885	0.02030	0.01033	0.00799	0.00253	0.00686	0.03574	0.00916	0.01291
49	0.01516	0.01446	0.02494	0.66869	0.05395	0.01774	0.05319	0.02052	0.01600	0.02052	0.01419	0.02115	0.01064	0.00787	0.00800	0.00264	0.01071	0.00716	0.00355	0.00890
50	0.01999	0.01041	0.01350	0.01270	0.01558	0.00978	0.00946	0.05599	0.04776	0.24486	0.03766	0.41444	0.03797	0.01830	0.00918	0.00289	0.00563	0.01617	0.00825	0.00948
51	0.01511	0.01428	0.02381	0.66443	0.05274	0.01799	0.02176	0.02020	0.01565	0.02020	0.01389	0.02093	0.01056	0.00826	0.00893	0.00269	0.04922	0.00704	0.00352	0.00880
52	0.02957	0.01415	0.01782	0.01429	0.01966	0.01356	0.01158	0.08379	0.13281	0.44183	0.10538	0.03061	0.02643	0.01071	0.00815	0.00249	0.00647	0.00883	0.00924	0.01262
53	0.01980	0.54534	0.21006	0.01595	0.02404	0.02796	0.01772	0.02411	0.01628	0.02036	0.01187	0.01378	0.01014	0.00698	0.00573	0.00191	0.00933	0.00467	0.00338	0.01058
54	0.01812	0.01744	0.03010	0.25502	0.45178	0.01850	0.04778	0.02309	0.01739	0.02410	0.01470	0.02018	0.01191	0.00732	0.00793	0.00246	0.00994	0.00715	0.00380	0.01130
55	0.01388	0.00752	0.01151	0.07092	0.01421	0.00783	0.00821	0.01120	0.01081	0.01434	0.01380	0.02385	0.01349	0.02583	0.02897	0.70216	0.00721	0.00690	0.00345	0.00391
56	0.02962	0.03779	0.02247	0.02043	0.02451	0.68948	0.01532	0.03166	0.02247	0.01941	0.01226	0.01430	0.01021	0.00817	0.00715	0.00204	0.01430	0.00511	0.00409	0.00919
57	0.07453	0.02041	0.02174	0.01717	0.02309	0.02261	0.01405	0.46901	0.14199	0.08150	0.02152	0.02093	0.01538	0.00962	0.00777	0.00244	0.00803	0.00733	0.00788	0.01302
58	0.01828	0.34850	0.39357	0.01855	0.02805	0.02423	0.02224	0.02450	0.01646	0.02222	0.01279	0.01494	0.01010	0.00720	0.00644	0.00215	0.01027	0.00513	0.00337	0.01103
59	0.01863	0.02114	0.04541	0.03265	0.04018	0.02031	0.60463	0.02501	0.01831	0.02501	0.01570	0.02114	0.01193	0.00713	0.01038	0.00272	0.05594	0.00921	0.00398	0.01057
60	0.02903	0.02079	0.02258	0.01750	0.02348	0.02289	0.01441	0.57353	0.03496	0.07264	0.01983	0.02023	0.01423	0.01180	0.03902	0.00284	0.00907	0.00724	0.03094	0.01301
61	0.01632	0.01660	0.03067	0.37486	0.04443	0.01883	0.21935	0.02154	0.01657	0.02222	0.04043	0.02227	0.01359	0.00861	0.01072	0.00275	0.09896	0.00806	0.00388	0.00934
62	0.02218	0.01748	0.01868	0.01692	0.04221	0.04863	0.01282	0.10487	0.42090	0.09876	0.08368	0.02968	0.02588	0.01075	0.00811	0.00257	0.00684	0.00889	0.00797	0.01216
63	0.02120	0.72609	0.04155	0.01357	0.02035	0.03138	0.01357	0.02374	0.01611	0.01866	0.01102	0.01272	0.01018	0.00678	0.00509	0.00170	0.00848	0.00424	0.00339	0.01018
64	0.01498	0.01409	0.02378	0.70226	0.05462	0.01762	0.02202	0.02026	0.01586	0.02026	0.01409	0.02114	0.01057	0.00793	0.00793	0.00264	0.01057	0.00705	0.00352	0.00881
65	0.02267	0.01515	0.01732	0.01527	0.01983	0.01637	0.01215	0.03804	0.42341	0.18949	0.05769	0.03521	0.02689	0.01169	0.00834	0.00271	0.00638	0.06080	0.00846	0.01214
66	0.01174	0.00787	0.01000	0.01038	0.01193	0.00715	0.00738	0.01399	0.01816	0.06410	0.23664	0.35727	0.14904	0.04327	0.01063	0.00302	0.00449	0.01794	0.00784	0.00717
67	0.01514	0.01442	0.02482	0.67204	0.05402	0.01773	0.05008	0.02049	0.01599	0.02049	0.01418	0.02115	0.01064	0.00787	0.00799	0.00264	0.01070	0.00715	0.00355	0.00889
68	0.05938	0.12099	0.56670	0.02084	0.03159	0.01992	0.02626	0.02485	0.01648	0.02493	0.01367	0.01605	0.00998	0.00744	0.00710	0.00241	0.01102	0.00558	0.00344	0.01136
69	0.00966	0.00690	0.00920	0.01104	0.01150	0.00644	0.00736	0.01104	0.01518	0.02024	0.04371	0.71614	0.05245	0.02484	0.01012	0.00322	0.00460	0.02254	0.00736	0.00644
70	0.01549	0.01416	0.02317	0.63519	0.05123	0.01744	0.02122	0.04645	0.01689	0.02171	0.01585	0.02484	0.01264	0.00877	0.00810	0.00269	0.01031	0.04099	0.00392	0.00892
