[name]
unknown

[dist]
# distance from previous block
# <min> <max>
3	96

[block]
# block no. 0 follows, 25 sequences, length 187
# corresponding to MSA columns:
# 97-283
name=unknown_A
#
# <colnr> <probs for GDERKNQSTAVLIFYWHMCP>
#	G	D	E	R	K	N	Q	S	T	A	V	L	I	F	Y	W	H	M	C	P
0	0.07971	0.05810	0.01965	0.04258	0.02133	0.05717	0.01264	0.21568	0.15587	0.12026	0.06884	0.05430	0.02193	0.01056	0.00764	0.00243	0.00743	0.02551	0.00718	0.01118
1	0.14125	0.01858	0.01997	0.04096	0.02245	0.02033	0.01314	0.42655	0.02887	0.07921	0.01871	0.04505	0.01426	0.01087	0.02868	0.00264	0.00820	0.00711	0.00698	0.04619
2	0.01136	0.00806	0.01015	0.00974	0.01178	0.00731	0.00736	0.01457	0.02068	0.04865	0.49079	0.09203	0.18234	0.01696	0.00920	0.00255	0.00397	0.03702	0.00821	0.00730
3	0.49107	0.01727	0.01454	0.01277	0.01756	0.05731	0.01027	0.08689	0.16732	0.03466	0.01642	0.01704	0.01249	0.00821	0.00592	0.00242	0.00673	0.00557	0.00575	0.00978
4	0.01097	0.00837	0.01041	0.01147	0.01352	0.00781	0.00951	0.01376	0.01761	0.02209	0.05640	0.11836	0.30185	0.02086	0.01003	0.00316	0.00568	0.34415	0.00717	0.00685
5	0.02791	0.01977	0.02159	0.01692	0.02257	0.02158	0.01382	0.55440	0.03353	0.08545	0.02164	0.08571	0.01716	0.01074	0.00796	0.00241	0.00803	0.00846	0.00782	0.01253
6	0.09214	0.49561	0.08954	0.01409	0.02047	0.09264	0.01387	0.02337	0.01629	0.02057	0.01502	0.01648	0.04768	0.00762	0.00560	0.00188	0.00866	0.00507	0.00374	0.00964
7	0.01030	0.00711	0.00875	0.00971	0.00995	0.00687	0.00603	0.01102	0.01318	0.01758	0.03420	0.40939	0.04052	0.35203	0.02368	0.00518	0.00591	0.01702	0.00603	0.00555
8	0.02899	0.02143	0.02301	0.01761	0.02384	0.02354	0.01453	0.63015	0.03571	0.04800	0.01844	0.01852	0.01312	0.00918	0.00768	0.00228	0.00843	0.00689	0.00764	0.04100
9	0.02073	0.73217	0.04063	0.01327	0.01990	0.03068	0.01327	0.02322	0.01575	0.01824	0.01078	0.01244	0.00995	0.00663	0.00498	0.00166	0.00829	0.00415	0.00332	0.00995
10	0.01555	0.04011	0.68733	0.02210	0.03356	0.01801	0.02865	0.02455	0.01637	0.02455	0.01391	0.01637	0.00982	0.00737	0.00737	0.00246	0.01146	0.00573	0.00327	0.01146
11	0.00916	0.00785	0.00785	0.00785	0.01047	0.00655	0.00589	0.01113	0.01767	0.02095	0.07855	0.07462	0.67599	0.01964	0.00916	0.00262	0.00393	0.01636	0.00720	0.00655
12	0.00949	0.00678	0.00904	0.01076	0.01126	0.00633	0.00720	0.01092	0.01507	0.02015	0.06256	0.70161	0.05197	0.02403	0.00987	0.00313	0.00447	0.02179	0.00724	0.00633
13	0.00945	0.00675	0.00900	0.01080	0.01125	0.00630	0.00720	0.01080	0.01484	0.01979	0.04274	0.72245	0.05128	0.02429	0.00990	0.00315	0.00450	0.02204	0.00720	0.00630
14	0.02050	0.01919	0.01426	0.01310	0.01577	0.25799	0.00999	0.04998	0.01892	0.02554	0.01926	0.02233	0.01541	0.00895	0.00733	0.00200	0.05148	0.00638	0.41342	0.00820
15	0.00924	0.00786	0.00796	0.00794	0.01052	0.00658	0.00595	0.01128	0.01785	0.02138	0.10384	0.07391	0.65043	0.01948	0.00916	0.00261	0.00392	0.01626	0.00726	0.00658
16	0.00945	0.00675	0.00900	0.01080	0.01125	0.00630	0.00720	0.01080	0.01484	0.01979	0.04274	0.72245	0.05128	0.02429	0.00990	0.00315	0.00450	0.02204	0.00720	0.00630
17	0.04533	0.01480	0.02190	0.43943	0.07779	0.01784	0.01862	0.06188	0.10522	0.02406	0.01669	0.02169	0.01288	0.01126	0.04758	0.00315	0.03883	0.00713	0.00443	0.00950
18	0.01514	0.01419	0.01989	0.01756	0.01787	0.01917	0.01428	0.01694	0.01196	0.01821	0.01379	0.02286	0.01379	0.08300	0.18085	0.00582	0.49569	0.00751	0.00368	0.00781
19	0.01056	0.00785	0.00983	0.00947	0.01136	0.00712	0.00705	0.01378	0.02077	0.02862	0.53137	0.09874	0.18077	0.01701	0.00919	0.00251	0.00375	0.01490	0.00822	0.00712
20	0.01718	0.01444	0.01667	0.01201	0.01884	0.01147	0.00964	0.07176	0.01776	0.02721	0.01418	0.01629	0.01162	0.00604	0.00591	0.00125	0.00597	0.00479	0.00485	0.71213
21	0.01817	0.01365	0.01558	0.01324	0.01685	0.01445	0.01043	0.22682	0.11649	0.03708	0.37092	0.04104	0.04667	0.01297	0.00852	0.00243	0.00560	0.01099	0.00819	0.00992
22	0.01629	0.01162	0.01419	0.01265	0.01421	0.01408	0.01017	0.07035	0.01628	0.02658	0.01960	0.02431	0.01617	0.01356	0.05483	0.00302	0.23344	0.00713	0.41342	0.00810
23	0.02073	0.73217	0.04063	0.01327	0.01990	0.03068	0.01327	0.02322	0.01575	0.01824	0.01078	0.01244	0.00995	0.00663	0.00498	0.00166	0.00829	0.00415	0.00332	0.00995
24	0.00966	0.00704	0.00958	0.03940	0.01297	0.00675	0.00778	0.01117	0.01487	0.01979	0.04155	0.69369	0.04960	0.02361	0.00981	0.00313	0.00474	0.02142	0.00704	0.00639
25	0.01162	0.00771	0.01019	0.01088	0.01226	0.00714	0.00793	0.01396	0.01771	0.06143	0.22445	0.40429	0.08108	0.02056	0.00961	0.00292	0.00461	0.07687	0.00771	0.00708
26	0.01466	0.01225	0.01325	0.01405	0.03336	0.06690	0.01001	0.02120	0.16668	0.04400	0.05367	0.39529	0.03950	0.01837	0.00911	0.00290	0.00604	0.06325	0.00711	0.00837
27	0.07565	0.03329	0.02151	0.01905	0.02343	0.55261	0.01454	0.12465	0.02362	0.02448	0.01292	0.01460	0.01037	0.00814	0.00697	0.00207	0.01266	0.00525	0.00461	0.00959
28	0.01097	0.00793	0.01036	0.00975	0.01158	0.00732	0.00732	0.01463	0.02195	0.03109	0.67505	0.05792	0.07316	0.01585	0.00914	0.00244	0.00366	0.01402	0.00854	0.00732
29	0.10213	0.01640	0.01953	0.05465	0.02276	0.01675	0.01287	0.25229	0.02599	0.36128	0.02354	0.02202	0.01555	0.00916	0.00750	0.00238	0.00744	0.00712	0.00814	0.01248
30	0.02044	0.02286	0.02240	0.28334	0.06115	0.28401	0.04303	0.02379	0.01815	0.02000	0.01582	0.02005	0.03782	0.00895	0.00841	0.03533	0.01116	0.00649	0.00391	0.05287
31	0.01273	0.00888	0.01130	0.01043	0.01266	0.00849	0.00791	0.01787	0.07497	0.06067	0.59295	0.05411	0.06665	0.01513	0.00898	0.00245	0.00399	0.01331	0.00853	0.00799
32	0.01445	0.00723	0.00723	0.00723	0.00903	0.00723	0.00542	0.01807	0.01626	0.02891	0.02529	0.02891	0.01987	0.00903	0.00542	0.00181	0.00361	0.00723	0.77055	0.00723
33	0.01723	0.01696	0.02868	0.27149	0.13560	0.01989	0.13368	0.04685	0.01620	0.02242	0.01346	0.01940	0.01096	0.00905	0.01281	0.00276	0.20189	0.00728	0.00375	0.00965
34	0.01893	0.01815	0.03100	0.08573	0.64305	0.01835	0.02367	0.02357	0.01753	0.02501	0.01454	0.01928	0.01217	0.00696	0.00768	0.00232	0.00928	0.00691	0.00382	0.01207
35	0.00999	0.00706	0.00925	0.01080	0.01131	0.00671	0.00735	0.01136	0.01463	0.01945	0.04003	0.56931	0.04745	0.12176	0.01408	0.00380	0.00517	0.07749	0.00684	0.00615
36	0.01767	0.01654	0.02763	0.18099	0.09330	0.01972	0.13483	0.02144	0.01504	0.05875	0.01403	0.01984	0.01160	0.01192	0.04325	0.00328	0.28943	0.00738	0.00393	0.00944
37	0.01904	0.01630	0.01715	0.01537	0.01971	0.01868	0.01197	0.06245	0.60133	0.03234	0.03398	0.03137	0.06364	0.01104	0.00796	0.00262	0.00609	0.00917	0.00784	0.01195
38	0.00945	0.00675	0.00900	0.01080	0.01125	0.00630	0.00720	0.01080	0.01484	0.01979	0.04274	0.72245	0.05128	0.02429	0.00990	0.00315	0.00450	0.02204	0.00720	0.00630
39	0.01587	0.00859	0.00874	0.00823	0.01045	0.00881	0.00630	0.07787	0.01816	0.03079	0.02466	0.02794	0.01924	0.00906	0.00564	0.00186	0.00408	0.00720	0.69874	0.00779
40	0.01316	0.01178	0.01803	0.10172	0.02145	0.01424	0.05215	0.01569	0.01380	0.01942	0.02357	0.24738	0.02537	0.02484	0.15238	0.00499	0.21545	0.01216	0.00481	0.00760
41	0.02073	0.73217	0.04063	0.01327	0.01990	0.03068	0.01327	0.02322	0.01575	0.01824	0.01078	0.01244	0.00995	0.00663	0.00498	0.00166	0.00829	0.00415	0.00332	0.00995
42	0.01919	0.01842	0.03147	0.04759	0.67914	0.01842	0.02380	0.02380	0.01765	0.02533	0.01458	0.01919	0.01228	0.00691	0.00768	0.00230	0.00921	0.00691	0.00384	0.01228
43	0.02431	0.01902	0.02032	0.01679	0.02203	0.02141	0.01354	0.35452	0.32270	0.04058	0.02521	0.02543	0.01893	0.01023	0.00791	0.00250	0.00740	0.02679	0.00780	0.01258
44	0.00945	0.00675	0.00900	0.01080	0.01125	0.00630	0.00720	0.01080	0.01484	0.01979	0.04274	0.72245	0.05128	0.02429	0.00990	0.00315	0.00450	0.02204	0.00720	0.00630
45	0.01221	0.00977	0.01215	0.06968	0.01682	0.01032	0.00952	0.01883	0.17040	0.02289	0.03988	0.45853	0.07995	0.01934	0.00919	0.00295	0.00534	0.01726	0.00705	0.00793
46	0.02616	0.01983	0.01937	0.01623	0.02123	0.12071	0.01288	0.18367	0.25306	0.17436	0.05210	0.02487	0.02020	0.00987	0.00775	0.00240	0.00789	0.00778	0.00766	0.01199
47	0.02086	0.02277	0.02354	0.02089	0.04273	0.22146	0.05179	0.04180	0.06996	0.02124	0.01376	0.01818	0.01200	0.01349	0.05498	0.00333	0.32722	0.00665	0.00415	0.00921
48	0.01160	0.00812	0.01022	0.00958	0.01171	0.00734	0.00722	0.01493	0.02120	0.05515	0.54366	0.05963	0.17803	0.01628	0.00909	0.00247	0.00382	0.01419	0.00834	0.00741
49	0.02024	0.01854	0.02174	0.18984	0.02952	0.10171	0.05170	0.13818	0.11847	0.02803	0.01810	0.02123	0.01398	0.00929	0.00971	0.00249	0.09730	0.00711	0.09286	0.00997
50	0.00969	0.00688	0.00903	0.01053	0.01102	0.00646	0.00699	0.01106	0.01494	0.02002	0.07731	0.62563	0.05051	0.08536	0.01244	0.00349	0.00471	0.02064	0.00706	0.00622
51	0.02598	0.02032	0.02305	0.01831	0.02296	0.02370	0.01511	0.47057	0.06700	0.04090	0.01740	0.01883	0.01309	0.01037	0.01187	0.00259	0.17211	0.00704	0.00675	0.01204
52	0.01698	0.07089	0.39846	0.06921	0.24465	0.01882	0.02578	0.02396	0.01670	0.02418	0.01395	0.01731	0.01066	0.00720	0.00735	0.00237	0.01048	0.00609	0.00347	0.01148
53	0.01614	0.10662	0.58620	0.02113	0.03147	0.01958	0.02648	0.02409	0.01605	0.02360	0.01339	0.01602	0.00985	0.00765	0.00816	0.00243	0.05107	0.00563	0.00328	0.01114
54	0.01108	0.00831	0.01246	0.01246	0.01385	0.00969	0.00969	0.01385	0.01246	0.01800	0.02077	0.03046	0.01938	0.05815	0.69678	0.01246	0.02077	0.00831	0.00415	0.00692
55	0.01497	0.01340	0.02043	0.10947	0.02505	0.01428	0.13066	0.02403	0.21734	0.02446	0.02943	0.26047	0.02868	0.01459	0.00950	0.02746	0.00745	0.01301	0.00618	0.00914
56	0.03214	0.01265	0.01724	0.01359	0.01911	0.01102	0.01123	0.03521	0.02193	0.60899	0.06806	0.03172	0.02375	0.01064	0.00804	0.00247	0.00646	0.04386	0.00939	0.01251
57	0.02470	0.28531	0.05277	0.01703	0.02252	0.29854	0.01460	0.09625	0.07737	0.02333	0.01405	0.01532	0.01151	0.00784	0.00644	0.00198	0.01055	0.00526	0.00447	0.01017
58	0.02107	0.70381	0.03987	0.01354	0.02007	0.05784	0.01334	0.02353	0.01601	0.01827	0.01083	0.01250	0.00995	0.00669	0.00506	0.00167	0.00852	0.00418	0.00334	0.00991
59	0.05010	0.17318	0.16361	0.07428	0.02657	0.01790	0.11010	0.02222	0.01719	0.07060	0.07870	0.08605	0.02212	0.01031	0.00764	0.00243	0.00879	0.04358	0.00495	0.00968
60	0.02173	0.01191	0.01564	0.01396	0.01766	0.01158	0.02853	0.05265	0.11931	0.26891	0.03459	0.23922	0.03176	0.01531	0.00879	0.00279	0.00623	0.08104	0.00811	0.01026
61	0.01085	0.00789	0.01001	0.00950	0.01125	0.00727	0.00699	0.01408	0.02076	0.02900	0.57478	0.05873	0.11931	0.07207	0.01153	0.00285	0.00398	0.01400	0.00812	0.00705
62	0.01586	0.01500	0.02553	0.45776	0.23344	0.01708	0.03833	0.02082	0.01657	0.02220	0.05168	0.02236	0.01452	0.00793	0.00785	0.00249	0.00970	0.00736	0.00386	0.00966
63	0.01702	0.01774	0.03079	0.12648	0.09849	0.04612	0.25036	0.02147	0.01657	0.02266	0.06030	0.04437	0.01686	0.01095	0.03116	0.00300	0.16343	0.00863	0.00416	0.00944
64	0.01192	0.00953	0.01090	0.01077	0.01306	0.00947	0.00797	0.01853	0.15890	0.02592	0.22124	0.21066	0.22616	0.01771	0.00905	0.00270	0.00447	0.01540	0.00771	0.00794
65	0.00966	0.00699	0.00914	0.01047	0.01125	0.00647	0.00714	0.01140	0.01608	0.02157	0.14048	0.58502	0.09013	0.02275	0.00974	0.00301	0.00434	0.02051	0.00740	0.00647
66	0.01840	0.01906	0.06773	0.13111	0.56202	0.01825	0.02378	0.02333	0.01731	0.02458	0.01444	0.01922	0.01189	0.00704	0.00767	0.00235	0.00948	0.00684	0.00376	0.01176
67	0.01704	0.02536	0.23076	0.02711	0.09556	0.04594	0.25723	0.02310	0.01722	0.02400	0.04357	0.06380	0.01603	0.00895	0.00977	0.00260	0.06904	0.00854	0.00407	0.01033
68	0.00943	0.00679	0.00895	0.01067	0.01121	0.00631	0.00714	0.01081	0.01496	0.01984	0.04423	0.69547	0.07729	0.02410	0.00987	0.00313	0.00447	0.02181	0.00720	0.00631
69	0.06203	0.01696	0.01975	0.01527	0.02119	0.01724	0.01259	0.31725	0.02817	0.34255	0.02612	0.02410	0.04081	0.00975	0.00771	0.00237	0.00736	0.00760	0.00847	0.01274
70	0.06034	0.02829	0.02132	0.01814	0.02304	0.37185	0.01416	0.21528	0.05491	0.09484	0.01661	0.01719	0.01239	0.00862	0.00725	0.00218	0.01096	0.00599	0.00587	0.01077
71	0.01840	0.15818	0.12699	0.05938	0.02502	0.05226	0.03548	0.04718	0.01511	0.02095	0.01164	0.01627	0.01025	0.01037	0.01584	0.00275	0.35473	0.00613	0.00358	0.00949
72	0.01043	0.00793	0.00962	0.00927	0.01135	0.00711	0.00700	0.01354	0.02046	0.02761	0.46569	0.06410	0.26635	0.01722	0.00919	0.00253	0.00384	0.03162	0.00807	0.00706
73	0.01773	0.01993	0.04296	0.07047	0.04006	0.01893	0.58859	0.02397	0.01800	0.02434	0.01669	0.04965	0.01330	0.00733	0.00910	0.00263	0.01256	0.00955	0.00403	0.01018
74	0.02573	0.01964	0.02093	0.01685	0.02233	0.02199	0.01366	0.43663	0.23812	0.04296	0.02299	0.02225	0.01677	0.00969	0.00773	0.00241	0.00761	0.00756	0.03147	0.01271
75	0.00945	0.00675	0.00900	0.01080	0.01125	0.00630	0.00720	0.01080	0.01484	0.01979	0.04274	0.72245	0.05128	0.02429	0.00990	0.00315	0.00450	0.02204	0.00720	0.00630
76	0.02885	0.06827	0.02412	0.01792	0.02378	0.13903	0.01469	0.50825	0.03271	0.04188	0.01700	0.01744	0.01244	0.00892	0.00745	0.00223	0.00945	0.00647	0.00684	0.01227
77	0.01144	0.00745	0.01000	0.01122	0.01226	0.00695	0.00797	0.01330	0.01620	0.06223	0.09716	0.56145	0.05058	0.02237	0.00978	0.00308	0.00480	0.07741	0.00746	0.00689
78	0.02921	0.02961	0.02260	0.01895	0.02401	0.37225	0.01486	0.33098	0.02895	0.03339	0.01518	0.01622	0.01153	0.00863	0.00736	0.00216	0.01135	0.00595	0.00581	0.01101
79	0.73560	0.01541	0.01213	0.01067	0.01556	0.01781	0.00879	0.06188	0.01464	0.03566	0.01128	0.01297	0.00869	0.00733	0.00498	0.00239	0.00616	0.00437	0.00498	0.00869
80	0.01425	0.00727	0.00741	0.00737	0.00918	0.00723	0.00553	0.01787	0.01659	0.02903	0.06277	0.03058	0.02295	0.00943	0.00563	0.00184	0.00362	0.00762	0.72661	0.00723
81	0.01108	0.00831	0.01246	0.01246	0.01385	0.00969	0.00969	0.01385	0.01246	0.01800	0.02077	0.03046	0.01938	0.05815	0.69678	0.01246	0.02077	0.00831	0.00415	0.00692
82	0.01347	0.00673	0.01010	0.01010	0.01010	0.00673	0.00673	0.01010	0.01010	0.01347	0.01347	0.02357	0.01347	0.02694	0.03030	0.77441	0.00673	0.00673	0.00337	0.00337
83	0.00945	0.00675	0.00900	0.01080	0.01125	0.00630	0.00720	0.01080	0.01484	0.01979	0.04274	0.72245	0.05128	0.02429	0.00990	0.00315	0.00450	0.02204	0.00720	0.00630
84	0.03051	0.02008	0.02154	0.01678	0.02273	0.05918	0.01375	0.42620	0.05546	0.22011	0.02199	0.02086	0.01504	0.00936	0.00773	0.00234	0.00823	0.00716	0.00805	0.01291
85	0.69472	0.01528	0.01247	0.01085	0.01580	0.01742	0.00894	0.06004	0.01507	0.07397	0.01242	0.01376	0.00931	0.00746	0.00515	0.00239	0.00618	0.00457	0.00525	0.00896
86	0.02936	0.02032	0.02212	0.01703	0.02303	0.02217	0.01404	0.56943	0.03429	0.10789	0.02002	0.01977	0.01402	0.00932	0.00766	0.00231	0.00815	0.00707	0.03905	0.01294
87	0.01942	0.01564	0.01694	0.01526	0.01948	0.01772	0.01195	0.03845	0.56455	0.06958	0.06871	0.03286	0.02711	0.01122	0.00807	0.00264	0.00606	0.03452	0.00799	0.01183
88	0.01018	0.00760	0.00958	0.01052	0.01196	0.00699	0.00783	0.01248	0.01731	0.02270	0.16550	0.34067	0.20014	0.02118	0.00973	0.00297	0.00467	0.12387	0.00743	0.00669
89	0.01951	0.54046	0.18131	0.01715	0.06038	0.02722	0.01722	0.02354	0.01600	0.02002	0.01168	0.01368	0.01005	0.00681	0.00565	0.00187	0.00904	0.00465	0.00334	0.01041
90	0.01633	0.01593	0.02809	0.05306	0.07291	0.01694	0.23869	0.05628	0.01786	0.02483	0.10524	0.06590	0.04652	0.01430	0.05926	0.00340	0.14037	0.00989	0.00494	0.00927
91	0.00988	0.00712	0.00936	0.01040	0.01132	0.00660	0.00719	0.01192	0.01699	0.02311	0.22722	0.50906	0.07759	0.02170	0.00966	0.00293	0.00424	0.01954	0.00759	0.00660
92	0.09234	0.01451	0.01657	0.01391	0.01875	0.01512	0.01116	0.08811	0.23159	0.26511	0.03148	0.02952	0.07331	0.01326	0.04709	0.00306	0.00715	0.00846	0.00794	0.01156
93	0.04527	0.01358	0.02200	0.58827	0.08420	0.01652	0.01988	0.02002	0.01559	0.02143	0.01461	0.02091	0.01112	0.00778	0.00745	0.00250	0.00957	0.00681	0.06378	0.00871
94	0.01445	0.00723	0.00723	0.00723	0.00903	0.00723	0.00542	0.01807	0.01626	0.02891	0.02529	0.02891	0.01987	0.00903	0.00542	0.00181	0.00361	0.00723	0.77055	0.00723
95	0.01588	0.01491	0.02511	0.45253	0.25244	0.01700	0.02138	0.02077	0.01660	0.02229	0.05496	0.02250	0.01485	0.00798	0.00781	0.00248	0.00956	0.00734	0.00389	0.00972
96	0.36144	0.01848	0.05421	0.01373	0.01929	0.05613	0.01181	0.15937	0.02088	0.16281	0.04163	0.01856	0.01413	0.00849	0.00644	0.00237	0.00733	0.00599	0.00637	0.01051
97	0.01038	0.00751	0.00983	0.01027	0.01160	0.00696	0.00743	0.01308	0.01888	0.02602	0.38170	0.31506	0.08740	0.01948	0.00950	0.00277	0.00414	0.04319	0.00791	0.00689
98	0.01577	0.01296	0.01450	0.01323	0.01653	0.01422	0.01017	0.02996	0.39293	0.03187	0.30389	0.04120	0.04461	0.01278	0.00842	0.00255	0.00509	0.01099	0.00816	0.01017
99	0.01797	0.04321	0.02754	0.21490	0.13146	0.02101	0.08189	0.07315	0.01657	0.02309	0.01311	0.01869	0.01094	0.00965	0.01405	0.00278	0.25940	0.00699	0.00389	0.00973
100	0.00945	0.00675	0.00900	0.01080	0.01125	0.00630	0.00720	0.01080	0.01484	0.01979	0.04274	0.72245	0.05128	0.02429	0.00990	0.00315	0.00450	0.02204	0.00720	0.00630
101	0.02073	0.73217	0.04063	0.01327	0.01990	0.03068	0.01327	0.02322	0.01575	0.01824	0.01078	0.01244	0.00995	0.00663	0.00498	0.00166	0.00829	0.00415	0.00332	0.00995
102	0.01027	0.00738	0.00973	0.01024	0.01143	0.00685	0.00726	0.01286	0.01867	0.02587	0.38301	0.36483	0.06306	0.01975	0.00949	0.00277	0.00405	0.01773	0.00792	0.00685
103	0.02399	0.01899	0.02018	0.01673	0.02196	0.02148	0.01341	0.32389	0.37478	0.04002	0.02558	0.02417	0.01883	0.00996	0.00783	0.00249	0.00724	0.00794	0.00783	0.01269
104	0.78228	0.01499	0.01140	0.01020	0.01499	0.01739	0.00840	0.02279	0.01320	0.03479	0.01080	0.01260	0.00840	0.00720	0.00480	0.00240	0.00600	0.00420	0.00480	0.00840
105	0.01439	0.00720	0.00740	0.00740	0.00910	0.00720	0.00550	0.01757	0.01588	0.02795	0.02456	0.02858	0.01948	0.01014	0.00696	0.04961	0.00381	0.00720	0.72308	0.00699
106	0.01471	0.01387	0.02327	0.68951	0.05247	0.01741	0.02140	0.01978	0.01540	0.01978	0.01368	0.02057	0.01033	0.00792	0.00825	0.00261	0.03011	0.00689	0.00344	0.00861
107	0.01001	0.00732	0.00935	0.01029	0.01140	0.00676	0.00727	0.01205	0.01690	0.02260	0.19389	0.42363	0.13502	0.04724	0.01075	0.00310	0.00449	0.05394	0.00741	0.00656
108	0.02012	0.01707	0.01800	0.01595	0.02048	0.01967	0.01247	0.09126	0.61372	0.03378	0.03050	0.02808	0.02281	0.01042	0.00788	0.00261	0.00633	0.00862	0.00788	0.01235
109	0.02596	0.01891	0.02086	0.01609	0.02211	0.01991	0.01317	0.43895	0.06662	0.07894	0.01923	0.01966	0.01407	0.01073	0.03563	0.00254	0.00827	0.00674	0.00713	0.15448
110	0.01389	0.00889	0.01136	0.01118	0.01321	0.00828	0.00814	0.05203	0.01890	0.09407	0.21091	0.38640	0.06702	0.01881	0.00918	0.00274	0.00475	0.01673	0.00775	0.03576
111	0.01461	0.01272	0.02065	0.59491	0.04620	0.01560	0.01892	0.01953	0.01563	0.02129	0.01565	0.02201	0.01189	0.00796	0.00737	0.00246	0.00924	0.00695	0.12804	0.00839
112	0.00945	0.00675	0.00900	0.01080	0.01125	0.00630	0.00720	0.01080	0.01484	0.01979	0.04274	0.72245	0.05128	0.02429	0.00990	0.00315	0.00450	0.02204	0.00720	0.00630
113	0.02947	0.02172	0.02327	0.01784	0.02404	0.02404	0.01474	0.65329	0.03646	0.04887	0.01862	0.01862	0.01319	0.00931	0.00776	0.00233	0.00853	0.00698	0.00776	0.01319
114	0.01575	0.01506	0.02459	0.48432	0.14214	0.01859	0.02105	0.02021	0.01517	0.02044	0.01325	0.01978	0.01060	0.00868	0.01094	0.00269	0.13724	0.00687	0.00350	0.00914
115	0.00940	0.00692	0.00882	0.01035	0.01113	0.00634	0.00700	0.01085	0.01527	0.01997	0.04816	0.62440	0.14584	0.02359	0.00979	0.00307	0.00441	0.02118	0.00720	0.00634
116	0.00953	0.00682	0.00908	0.01074	0.01127	0.00636	0.00720	0.01102	0.01525	0.02044	0.07920	0.68412	0.05254	0.02380	0.00985	0.00311	0.00445	0.02158	0.00727	0.00636
117	0.07548	0.02037	0.02173	0.01696	0.02290	0.02249	0.01394	0.52592	0.08849	0.08323	0.01994	0.01958	0.01414	0.00930	0.00759	0.00236	0.00806	0.00701	0.00769	0.01281
118	0.02861	0.02108	0.02267	0.01746	0.02347	0.02327	0.01439	0.62361	0.03578	0.04804	0.04912	0.02044	0.01597	0.00961	0.00782	0.00233	0.00831	0.00731	0.00779	0.01291
119	0.00945	0.00675	0.00900	0.01080	0.01125	0.00630	0.00720	0.01080	0.01484	0.01979	0.04274	0.72245	0.05128	0.02429	0.00990	0.00315	0.00450	0.02204	0.00720	0.00630
120	0.02373	0.01871	0.02443	0.19443	0.03235	0.02055	0.07162	0.35775	0.05164	0.05770	0.01772	0.01983	0.01283	0.00852	0.00777	0.00236	0.00908	0.00710	0.00621	0.05568
121	0.08778	0.05280	0.01506	0.04237	0.01666	0.01367	0.01017	0.13230	0.01869	0.02716	0.02821	0.31021	0.03006	0.03863	0.01012	0.00287	0.04628	0.03550	0.07319	0.00825
122	0.00945	0.00675	0.00900	0.01080	0.01125	0.00630	0.00720	0.01080	0.01484	0.01979	0.04274	0.72245	0.05128	0.02429	0.00990	0.00315	0.00450	0.02204	0.00720	0.00630
123	0.01564	0.01480	0.02505	0.56440	0.19010	0.01749	0.02203	0.02068	0.01597	0.02102	0.01396	0.02035	0.01076	0.00757	0.00774	0.00252	0.01009	0.00689	0.00353	0.00941
124	0.02862	0.02089	0.02236	0.01724	0.02319	0.02309	0.01421	0.61715	0.03531	0.04773	0.01900	0.01920	0.01357	0.00929	0.00762	0.00230	0.00825	0.00699	0.05115	0.01285
125	0.00945	0.00675	0.00900	0.01080	0.01125	0.00630	0.00720	0.01080	0.01484	0.01979	0.04274	0.72245	0.05128	0.02429	0.00990	0.00315	0.00450	0.02204	0.00720	0.00630
126	0.03479	0.01320	0.01799	0.01380	0.01979	0.01140	0.01140	0.03779	0.02219	0.68451	0.03059	0.02639	0.01919	0.00960	0.00780	0.00240	0.00660	0.00780	0.00960	0.01320
127	0.01053	0.00739	0.00849	0.00891	0.00941	0.00709	0.00546	0.01114	0.01307	0.01703	0.03687	0.21038	0.13160	0.45702	0.02801	0.00576	0.00627	0.01455	0.00566	0.00535
128	0.02073	0.73217	0.04063	0.01327	0.01990	0.03068	0.01327	0.02322	0.01575	0.01824	0.01078	0.01244	0.00995	0.00663	0.00498	0.00166	0.00829	0.00415	0.00332	0.00995
129	0.01051	0.00791	0.00972	0.00926	0.01130	0.00712	0.00695	0.01373	0.02084	0.02847	0.52095	0.06223	0.22889	0.01683	0.00915	0.00249	0.00373	0.01463	0.00819	0.00712
130	0.19786	0.05085	0.02110	0.12956	0.05296	0.05788	0.05057	0.08564	0.19514	0.05607	0.01895	0.02028	0.01426	0.00845	0.00701	0.00244	0.00810	0.00672	0.00568	0.01050
131	0.02010	0.01560	0.01741	0.01334	0.01921	0.04471	0.01071	0.07870	0.05887	0.10732	0.01971	0.02069	0.04029	0.00794	0.00763	0.00172	0.04691	0.00608	0.00569	0.45737
132	0.55194	0.04017	0.01304	0.01183	0.04445	0.01638	0.00901	0.02313	0.05107	0.03267	0.01450	0.01647	0.01136	0.00765	0.00521	0.00228	0.00585	0.00507	0.12925	0.00866
133	0.01128	0.00752	0.00846	0.00846	0.00846	0.00752	0.00470	0.01128	0.01128	0.01503	0.02443	0.05074	0.02819	0.72751	0.03946	0.00752	0.00752	0.01128	0.00470	0.00470
134	0.02468	0.40019	0.03182	0.01634	0.02184	0.30949	0.01407	0.06231	0.01954	0.02029	0.01173	0.01344	0.01015	0.00735	0.00598	0.00184	0.01069	0.00466	0.00385	0.00973
135	0.02338	0.01644	0.01840	0.01536	0.01971	0.01764	0.01214	0.41248	0.02873	0.07623	0.02701	0.24398	0.02571	0.01411	0.00844	0.00259	0.00713	0.01184	0.00768	0.01099
136	0.07185	0.01861	0.02281	0.01801	0.02322	0.11820	0.10781	0.06640	0.02075	0.33214	0.02248	0.04709	0.01615	0.00961	0.00924	0.00248	0.06727	0.00776	0.00692	0.01123
137	0.01774	0.01832	0.03774	0.02920	0.07157	0.01753	0.47196	0.02309	0.01767	0.05081	0.01976	0.11850	0.01753	0.00945	0.00981	0.00270	0.04139	0.01066	0.00458	0.01001
138	0.00945	0.00675	0.00900	0.01080	0.01125	0.00630	0.00720	0.01080	0.01484	0.01979	0.04274	0.72245	0.05128	0.02429	0.00990	0.00315	0.00450	0.02204	0.00720	0.00630
139	0.02897	0.02152	0.02246	0.01754	0.02350	0.05327	0.01437	0.54240	0.08358	0.08291	0.02001	0.01965	0.01420	0.00936	0.00773	0.00234	0.00848	0.00708	0.00770	0.01293
140	0.10534	0.01921	0.02118	0.04933	0.02381	0.02090	0.01385	0.45483	0.03069	0.15439	0.01964	0.01943	0.01359	0.00907	0.00747	0.00236	0.00803	0.00684	0.00757	0.01249
141	0.01570	0.03922	0.66046	0.02314	0.06002	0.01802	0.02845	0.02452	0.01642	0.02459	0.01394	0.01649	0.00992	0.00735	0.00738	0.00245	0.01137	0.00578	0.00330	0.01149
142	0.20761	0.01490	0.01726	0.01357	0.01932	0.01470	0.01121	0.12746	0.02226	0.43738	0.02418	0.02201	0.01578	0.00900	0.00709	0.00239	0.00675	0.00684	0.00820	0.01208
143	0.01443	0.01244	0.01952	0.08189	0.27113	0.01239	0.01481	0.01857	0.01977	0.02795	0.36717	0.03999	0.04463	0.01175	0.00847	0.00240	0.00634	0.01071	0.00631	0.00933
144	0.07398	0.41088	0.03046	0.01373	0.01992	0.02396	0.01257	0.08002	0.05902	0.18188	0.01745	0.01731	0.01317	0.00784	0.00605	0.00200	0.00763	0.00554	0.00556	0.01104
145	0.02673	0.01737	0.02002	0.05596	0.02336	0.01877	0.01345	0.25622	0.23473	0.20984	0.02569	0.02412	0.01800	0.00969	0.00781	0.00246	0.00735	0.00777	0.00804	0.01263
146	0.00945	0.00675	0.00900	0.01080	0.01125	0.00630	0.00720	0.01080	0.01484	0.01979	0.04274	0.72245	0.05128	0.02429	0.00990	0.00315	0.00450	0.02204	0.00720	0.00630
147	0.03071	0.01974	0.02204	0.01690	0.02306	0.02111	0.01396	0.51031	0.03314	0.19652	0.02140	0.02042	0.01458	0.00937	0.00777	0.00234	0.00808	0.00717	0.00818	0.01319
148	0.01486	0.01400	0.02365	0.67734	0.08323	0.01728	0.02164	0.02000	0.01561	0.02007	0.01382	0.02060	0.01043	0.00771	0.00775	0.00257	0.01028	0.00689	0.00346	0.00879
149	0.00959	0.00692	0.00908	0.01055	0.01124	0.00642	0.00715	0.01121	0.01572	0.02102	0.11000	0.62266	0.08333	0.02319	0.00978	0.00305	0.00438	0.02094	0.00734	0.00642
150	0.02495	0.01999	0.02360	0.01951	0.04430	0.05260	0.06711	0.32864	0.14849	0.07487	0.02099	0.04015	0.01599	0.00997	0.00947	0.00251	0.07018	0.00785	0.00687	0.01196
151	0.01555	0.04011	0.68733	0.02210	0.03356	0.01801	0.02865	0.02455	0.01637	0.02455	0.01391	0.01637	0.00982	0.00737	0.00737	0.00246	0.01146	0.00573	0.00327	0.01146
152	0.00945	0.00675	0.00900	0.01080	0.01125	0.00630	0.00720	0.01080	0.01484	0.01979	0.04274	0.72245	0.05128	0.02429	0.00990	0.00315	0.00450	0.02204	0.00720	0.00630
153	0.01721	0.01609	0.02675	0.39847	0.31785	0.01803	0.02220	0.04864	0.01731	0.02340	0.01433	0.01995	0.01128	0.00746	0.00772	0.00245	0.00978	0.00690	0.00380	0.01037
154	0.01830	0.02092	0.04575	0.03268	0.04052	0.01961	0.65098	0.02484	0.01830	0.02484	0.01569	0.02092	0.01176	0.00654	0.00915	0.00261	0.01307	0.00915	0.00392	0.01046
155	0.01965	0.01670	0.01770	0.01585	0.02025	0.01923	0.01242	0.07522	0.60869	0.03307	0.03113	0.03021	0.02374	0.01080	0.00797	0.00264	0.00630	0.02842	0.00786	0.01216
156	0.00951	0.00680	0.00906	0.01075	0.01126	0.00634	0.00720	0.01096	0.01515	0.02028	0.06982	0.69398	0.05222	0.02393	0.00986	0.00312	0.00446	0.02170	0.00725	0.00634
157	0.01022	0.00714	0.00931	0.01055	0.01111	0.00698	0.00713	0.01161	0.01413	0.01917	0.03669	0.48619	0.04278	0.15614	0.07989	0.00480	0.00666	0.04299	0.03038	0.00613
158	0.01929	0.01666	0.01753	0.01578	0.02016	0.01929	0.01227	0.04120	0.66513	0.03243	0.03156	0.02893	0.02367	0.01052	0.00789	0.00263	0.00614	0.00877	0.00789	0.01227
159	0.01608	0.01378	0.01608	0.01148	0.01837	0.01034	0.00919	0.01952	0.01608	0.02527	0.01378	0.01608	0.01148	0.00574	0.00574	0.00115	0.00574	0.00459	0.00459	0.77491
160	0.02947	0.02172	0.02327	0.01784	0.02404	0.02404	0.01474	0.65329	0.03646	0.04887	0.01862	0.01862	0.01319	0.00931	0.00776	0.00233	0.00853	0.00698	0.00776	0.01319
161	0.01108	0.00831	0.01246	0.01246	0.01385	0.00969	0.00969	0.01385	0.01246	0.01800	0.02077	0.03046	0.01938	0.05815	0.69678	0.01246	0.02077	0.00831	0.00415	0.00692
162	0.78228	0.01499	0.01140	0.01020	0.01499	0.01739	0.00840	0.02279	0.01320	0.03479	0.01080	0.01260	0.00840	0.00720	0.00480	0.00240	0.00600	0.00420	0.00480	0.00840
163	0.01097	0.00793	0.01036	0.00975	0.01158	0.00732	0.00732	0.01463	0.02195	0.03109	0.67505	0.05792	0.07316	0.01585	0.00914	0.00244	0.00366	0.01402	0.00854	0.00732
164	0.01097	0.00793	0.01036	0.00975	0.01158	0.00732	0.00732	0.01463	0.02195	0.03109	0.67505	0.05792	0.07316	0.01585	0.00914	0.00244	0.00366	0.01402	0.00854	0.00732
165	0.01608	0.01378	0.01608	0.01148	0.01837	0.01034	0.00919	0.01952	0.01608	0.02527	0.01378	0.01608	0.01148	0.00574	0.00574	0.00115	0.00574	0.00459	0.00459	0.77491
166	0.01426	0.00729	0.00752	0.00752	0.00931	0.00737	0.00566	0.01783	0.01604	0.02829	0.02504	0.02900	0.01985	0.01183	0.04475	0.00241	0.00459	0.00729	0.72695	0.00721
167	0.01445	0.00723	0.00723	0.00723	0.00903	0.00723	0.00542	0.01807	0.01626	0.02891	0.02529	0.02891	0.01987	0.00903	0.00542	0.00181	0.00361	0.00723	0.77055	0.00723
168	0.07735	0.01599	0.01885	0.01490	0.02063	0.01616	0.01219	0.19299	0.12255	0.38490	0.02648	0.02396	0.01768	0.00951	0.00762	0.00242	0.00698	0.00751	0.00858	0.01276
169	0.02356	0.02065	0.03205	0.08398	0.11491	0.11979	0.27508	0.02823	0.01945	0.17683	0.01829	0.02090	0.01317	0.00761	0.00821	0.00243	0.01099	0.00774	0.00520	0.01095
170	0.00945	0.00675	0.00900	0.01080	0.01125	0.00630	0.00720	0.01080	0.01484	0.01979	0.04274	0.72245	0.05128	0.02429	0.00990	0.00315	0.00450	0.02204	0.00720	0.00630
171	0.01500	0.01785	0.12398	0.48592	0.04529	0.01678	0.06018	0.03809	0.01635	0.02166	0.01644	0.07782	0.01380	0.00903	0.00796	0.00261	0.01014	0.00811	0.00388	0.00910
172	0.02009	0.01770	0.02731	0.16783	0.40480	0.01881	0.02086	0.14380	0.02080	0.02894	0.01565	0.01977	0.01239	0.00762	0.00761	0.00234	0.00907	0.00693	0.03615	0.01154
173	0.00945	0.00675	0.00900	0.01080	0.01125	0.00630	0.00720	0.01080	0.01484	0.01979	0.04274	0.72245	0.05128	0.02429	0.00990	0.00315	0.00450	0.02204	0.00720	0.00630
174	0.01423	0.01141	0.01622	0.07606	0.02065	0.01250	0.04022	0.05698	0.05498	0.02400	0.03254	0.15914	0.03421	0.01945	0.03829	0.00358	0.06639	0.30476	0.00634	0.00806
175	0.00945	0.00675	0.00900	0.01080	0.01125	0.00630	0.00720	0.01080	0.01484	0.01979	0.04274	0.72245	0.05128	0.02429	0.00990	0.00315	0.00450	0.02204	0.00720	0.00630
176	0.01553	0.01608	0.03298	0.02492	0.03029	0.01580	0.40496	0.02062	0.01606	0.02221	0.01764	0.02458	0.01469	0.02634	0.27295	0.00639	0.01602	0.00883	0.00401	0.00910
177	0.01070	0.00727	0.00863	0.00919	0.00933	0.00713	0.00548	0.01112	0.01240	0.01653	0.03019	0.26213	0.03546	0.50620	0.03016	0.00614	0.00657	0.01466	0.00548	0.00520
178	0.01874	0.46667	0.28873	0.01666	0.02514	0.02582	0.01917	0.02373	0.01599	0.02066	0.01198	0.01395	0.00990	0.00691	0.00589	0.00196	0.00951	0.00475	0.00330	0.01053
179	0.01364	0.00877	0.00974	0.00898	0.01213	0.00742	0.00692	0.01589	0.01871	0.13465	0.10728	0.06537	0.52677	0.01769	0.00893	0.00257	0.00437	0.01476	0.00769	0.00773
180	0.02270	0.01714	0.01983	0.01526	0.02083	0.01751	0.01248	0.28592	0.02439	0.07492	0.01681	0.01856	0.01292	0.01079	0.04170	0.00249	0.08104	0.00620	0.00608	0.29244
181	0.01953	0.57142	0.19085	0.01532	0.02307	0.02774	0.01684	0.02353	0.01590	0.01971	0.01151	0.01335	0.00992	0.00680	0.00553	0.00184	0.00903	0.00451	0.00331	0.01030
182	0.12401	0.00950	0.01092	0.01016	0.01245	0.00950	0.00765	0.04425	0.02038	0.03097	0.48140	0.08082	0.05741	0.05541	0.01022	0.00275	0.00448	0.01250	0.00767	0.00754
183	0.01793	0.01435	0.01581	0.01446	0.01783	0.01637	0.01099	0.03398	0.51298	0.02803	0.02736	0.02768	0.02130	0.01433	0.01310	0.18190	0.00628	0.00829	0.00684	0.01020
184	0.01525	0.01475	0.02552	0.58597	0.07023	0.01788	0.07640	0.02031	0.01559	0.02036	0.01375	0.02042	0.01051	0.00798	0.00897	0.00263	0.05404	0.00708	0.00350	0.00888
185	0.01575	0.06624	0.66292	0.02177	0.03304	0.01849	0.02807	0.02450	0.01635	0.02432	0.01380	0.01622	0.00983	0.00734	0.00728	0.00243	0.01134	0.00567	0.00328	0.01140
186	0.60725	0.01500	0.01305	0.01107	0.01621	0.01651	0.00911	0.05290	0.01555	0.11625	0.01381	0.01481	0.01016	0.00750	0.00537	0.00232	0.00617	0.00480	0.00552	0.05664

[dist]
# distance from previous block
# <min> <max>
0	1

[block]
# block no. 1 follows, 25 sequences, length 78
# corresponding to MSA columns:
# 285-362
name=unknown_B
#
# <colnr> <probs for GDERKNQSTAVLIFYWHMCP>
#	G	D	E	R	K	N	Q	S	T	A	V	L	I	F	Y	W	H	M	C	P
0	0.50599	0.01652	0.01467	0.01260	0.01758	0.01895	0.01026	0.14040	0.13694	0.03691	0.01602	0.01668	0.01206	0.00819	0.00590	0.00243	0.00648	0.00554	0.00590	0.00998
1	0.11753	0.00967	0.01153	0.01033	0.01323	0.00924	0.00801	0.01907	0.02058	0.13108	0.45432	0.04797	0.08993	0.01395	0.00836	0.00244	0.00444	0.01189	0.00812	0.00832
2	0.01817	0.01195	0.01317	0.01126	0.01425	0.01289	0.00896	0.15905	0.02027	0.03200	0.02136	0.02440	0.01674	0.00930	0.00801	0.00203	0.07757	0.00692	0.46293	0.06876
3	0.01769	0.00828	0.00939	0.00880	0.01124	0.00790	0.00670	0.02096	0.01721	0.14876	0.02806	0.09949	0.02297	0.01070	0.00632	0.00205	0.00425	0.00885	0.55216	0.00823
4	0.01810	0.02046	0.04395	0.05991	0.04025	0.01968	0.59987	0.02438	0.01793	0.02438	0.01539	0.02075	0.01164	0.00687	0.00974	0.00264	0.04091	0.00896	0.00388	0.01030
5	0.00945	0.00675	0.00900	0.01080	0.01125	0.00630	0.00720	0.01080	0.01484	0.01979	0.04274	0.72245	0.05128	0.02429	0.00990	0.00315	0.00450	0.02204	0.00720	0.00630
6	0.01215	0.00881	0.01202	0.01362	0.01549	0.00868	0.01182	0.01556	0.01783	0.02297	0.04489	0.08615	0.10930	0.02124	0.01055	0.00347	0.00681	0.56440	0.00715	0.00708
7	0.01101	0.00799	0.01041	0.00999	0.01185	0.00740	0.00761	0.01460	0.02151	0.03017	0.60937	0.06056	0.09397	0.01637	0.00925	0.00252	0.00391	0.05584	0.00839	0.00727
8	0.78228	0.01499	0.01140	0.01020	0.01499	0.01739	0.00840	0.02279	0.01320	0.03479	0.01080	0.01260	0.00840	0.00720	0.00480	0.00240	0.00600	0.00420	0.00480	0.00840
9	0.01830	0.02092	0.04575	0.03268	0.04052	0.01961	0.65098	0.02484	0.01830	0.02484	0.01569	0.02092	0.01176	0.00654	0.00915	0.00261	0.01307	0.00915	0.00392	0.01046
10	0.02947	0.02172	0.02327	0.01784	0.02404	0.02404	0.01474	0.65329	0.03646	0.04887	0.01862	0.01862	0.01319	0.00931	0.00776	0.00233	0.00853	0.00698	0.00776	0.01319
11	0.02947	0.02172	0.02327	0.01784	0.02404	0.02404	0.01474	0.65329	0.03646	0.04887	0.01862	0.01862	0.01319	0.00931	0.00776	0.00233	0.00853	0.00698	0.00776	0.01319
12	0.01078	0.00792	0.01010	0.00955	0.01147	0.00724	0.00717	0.01426	0.02150	0.03003	0.61237	0.05967	0.13651	0.01625	0.00915	0.00246	0.00369	0.01427	0.00839	0.00724
13	0.01608	0.01378	0.01608	0.01148	0.01837	0.01034	0.00919	0.01952	0.01608	0.02527	0.01378	0.01608	0.01148	0.00574	0.00574	0.00115	0.00574	0.00459	0.00459	0.77491
14	0.01673	0.01664	0.02370	0.09089	0.02374	0.02308	0.01743	0.01878	0.01225	0.01878	0.01055	0.01734	0.01019	0.01297	0.02363	0.00331	0.64130	0.00680	0.00340	0.00850
15	0.01108	0.00831	0.01246	0.01246	0.01385	0.00969	0.00969	0.01385	0.01246	0.01800	0.02077	0.03046	0.01938	0.05815	0.69678	0.01246	0.02077	0.00831	0.00415	0.00692
16	0.01769	0.02394	0.16102	0.03007	0.06297	0.01969	0.44614	0.02411	0.01726	0.02417	0.01475	0.01960	0.01127	0.00742	0.01043	0.00265	0.08435	0.00819	0.00374	0.01051
17	0.02317	0.02817	0.03368	0.05370	0.03326	0.33761	0.32692	0.02751	0.01991	0.02188	0.01387	0.01765	0.01087	0.00727	0.00808	0.00232	0.01339	0.00711	0.00394	0.00969
18	0.00945	0.00675	0.00900	0.01080	0.01125	0.00630	0.00720	0.01080	0.01484	0.01979	0.04274	0.72245	0.05128	0.02429	0.00990	0.00315	0.00450	0.02204	0.00720	0.00630
19	0.01593	0.02906	0.37765	0.14943	0.03556	0.01907	0.09062	0.02265	0.01560	0.02265	0.01340	0.01775	0.01019	0.00847	0.01089	0.00267	0.13825	0.00649	0.00340	0.01029
20	0.01423	0.02395	0.34808	0.01721	0.04346	0.01283	0.01830	0.01857	0.01564	0.02260	0.13503	0.02614	0.02256	0.01452	0.01428	0.22375	0.00860	0.00758	0.00428	0.00841
21	0.01128	0.00752	0.00846	0.00846	0.00846	0.00752	0.00470	0.01128	0.01128	0.01503	0.02443	0.05074	0.02819	0.72751	0.03946	0.00752	0.00752	0.01128	0.00470	0.00470
22	0.02112	0.01674	0.01828	0.01565	0.02001	0.01897	0.01236	0.23596	0.34009	0.03501	0.02553	0.02684	0.01989	0.05179	0.10181	0.00409	0.00895	0.00825	0.00719	0.01148
23	0.03479	0.01320	0.01799	0.01380	0.01979	0.01140	0.01140	0.03779	0.02219	0.68451	0.03059	0.02639	0.01919	0.00960	0.00780	0.00240	0.00660	0.00780	0.00960	0.01320
24	0.01464	0.01378	0.02326	0.70887	0.05340	0.01723	0.02153	0.01981	0.01550	0.01981	0.01378	0.02067	0.01034	0.00775	0.00775	0.00258	0.01034	0.00689	0.00345	0.00861
25	0.01003	0.00755	0.01015	0.01154	0.01196	0.00766	0.00796	0.01141	0.01461	0.01970	0.04019	0.66723	0.04807	0.02345	0.01111	0.00317	0.05997	0.02085	0.00690	0.00647
26	0.03479	0.01320	0.01799	0.01380	0.01979	0.01140	0.01140	0.03779	0.02219	0.68451	0.03059	0.02639	0.01919	0.00960	0.00780	0.00240	0.00660	0.00780	0.00960	0.01320
27	0.01608	0.01378	0.01608	0.01148	0.01837	0.01034	0.00919	0.01952	0.01608	0.02527	0.01378	0.01608	0.01148	0.00574	0.00574	0.00115	0.00574	0.00459	0.00459	0.77491
28	0.78228	0.01499	0.01140	0.01020	0.01499	0.01739	0.00840	0.02279	0.01320	0.03479	0.01080	0.01260	0.00840	0.00720	0.00480	0.00240	0.00600	0.00420	0.00480	0.00840
29	0.01520	0.03762	0.63452	0.02135	0.03202	0.01736	0.02716	0.02372	0.01606	0.02404	0.01445	0.01747	0.01057	0.01134	0.06132	0.00324	0.01219	0.00593	0.00334	0.01110
30	0.01097	0.00793	0.01036	0.00975	0.01158	0.00732	0.00732	0.01463	0.02195	0.03109	0.67505	0.05792	0.07316	0.01585	0.00914	0.00244	0.00366	0.01402	0.00854	0.00732
31	0.02896	0.03695	0.02197	0.01998	0.02397	0.69638	0.01498	0.03096	0.02197	0.01898	0.01199	0.01398	0.00999	0.00799	0.00699	0.00200	0.01398	0.00499	0.00400	0.00899
32	0.01725	0.01887	0.03930	0.22653	0.04422	0.01893	0.47053	0.02340	0.01750	0.02340	0.01514	0.02085	0.01136	0.00688	0.00875	0.00261	0.01229	0.00850	0.00379	0.00993
33	0.02087	0.01630	0.01758	0.01558	0.02012	0.01848	0.01218	0.04085	0.59927	0.09923	0.03146	0.02867	0.02321	0.01042	0.00788	0.00261	0.00618	0.00867	0.00806	0.01237
34	0.00942	0.00683	0.00891	0.01057	0.01119	0.00632	0.00710	0.01082	0.01507	0.01988	0.04554	0.67175	0.10017	0.02393	0.00984	0.00311	0.00445	0.02160	0.00720	0.00632
35	0.00968	0.00692	0.00925	0.01091	0.01150	0.00648	0.00746	0.01127	0.01539	0.02059	0.07799	0.65407	0.05218	0.02368	0.00989	0.00313	0.00458	0.05136	0.00727	0.00640
36	0.01956	0.01418	0.01482	0.01376	0.01665	0.08350	0.01029	0.16000	0.02146	0.12057	0.03240	0.39224	0.03389	0.01715	0.00882	0.00274	0.00669	0.01487	0.00733	0.00910
37	0.00945	0.00675	0.00900	0.01080	0.01125	0.00630	0.00720	0.01080	0.01484	0.01979	0.04274	0.72245	0.05128	0.02429	0.00990	0.00315	0.00450	0.02204	0.00720	0.00630
38	0.01108	0.00831	0.01246	0.01246	0.01385	0.00969	0.00969	0.01385	0.01246	0.01800	0.02077	0.03046	0.01938	0.05815	0.69678	0.01246	0.02077	0.00831	0.00415	0.00692
39	0.00945	0.00675	0.00900	0.01080	0.01125	0.00630	0.00720	0.01080	0.01484	0.01979	0.04274	0.72245	0.05128	0.02429	0.00990	0.00315	0.00450	0.02204	0.00720	0.00630
40	0.03479	0.01320	0.01799	0.01380	0.01979	0.01140	0.01140	0.03779	0.02219	0.68451	0.03059	0.02639	0.01919	0.00960	0.00780	0.00240	0.00660	0.00780	0.00960	0.01320
41	0.01341	0.00847	0.01115	0.01017	0.01242	0.00773	0.00773	0.01700	0.02197	0.09803	0.60903	0.05469	0.06763	0.01521	0.00901	0.00243	0.00396	0.01338	0.00864	0.00792
42	0.01128	0.00752	0.00846	0.00846	0.00846	0.00752	0.00470	0.01128	0.01128	0.01503	0.02443	0.05074	0.02819	0.72751	0.03946	0.00752	0.00752	0.01128	0.00470	0.00470
43	0.02947	0.02172	0.02327	0.01784	0.02404	0.02404	0.01474	0.65329	0.03646	0.04887	0.01862	0.01862	0.01319	0.00931	0.00776	0.00233	0.00853	0.00698	0.00776	0.01319
44	0.01141	0.00821	0.01097	0.01105	0.01287	0.00778	0.00880	0.01504	0.02077	0.02883	0.49330	0.06639	0.06498	0.01745	0.00959	0.00276	0.00466	0.18974	0.00814	0.00727
45	0.01639	0.01632	0.02345	0.33372	0.03554	0.04795	0.01896	0.01968	0.01393	0.01920	0.01189	0.01853	0.01024	0.01070	0.01665	0.00297	0.36510	0.00676	0.00344	0.00856
46	0.01070	0.00791	0.00999	0.00947	0.01142	0.00720	0.00710	0.01411	0.02131	0.02957	0.58557	0.06042	0.16359	0.01642	0.00915	0.00247	0.00370	0.01437	0.00833	0.00720
47	0.01608	0.01378	0.01608	0.01148	0.01837	0.01034	0.00919	0.01952	0.01608	0.02527	0.01378	0.01608	0.01148	0.00574	0.00574	0.00115	0.00574	0.00459	0.00459	0.77491
48	0.04435	0.08387	0.33234	0.03020	0.27477	0.01880	0.02405	0.02477	0.01699	0.05815	0.01466	0.01751	0.01119	0.00724	0.00723	0.00233	0.00993	0.00610	0.00386	0.01164
49	0.23588	0.01585	0.01997	0.27120	0.03111	0.04051	0.01613	0.02065	0.01391	0.02372	0.01174	0.01699	0.00972	0.00942	0.01243	0.00277	0.22962	0.00603	0.00383	0.00852
50	0.00945	0.00675	0.00900	0.01080	0.01125	0.00630	0.00720	0.01080	0.01484	0.01979	0.04274	0.72245	0.05128	0.02429	0.00990	0.00315	0.00450	0.02204	0.00720	0.00630
51	0.01571	0.01457	0.02187	0.44967	0.04112	0.01761	0.03843	0.02451	0.16881	0.02294	0.02112	0.02516	0.04726	0.00929	0.00889	0.00264	0.04839	0.00788	0.00470	0.00942
52	0.23325	0.01083	0.01118	0.01032	0.01327	0.01147	0.00800	0.02007	0.08741	0.03212	0.36500	0.03956	0.04513	0.01227	0.00747	0.00240	0.00459	0.01011	0.06740	0.00815
53	0.01075	0.00730	0.00861	0.00913	0.00926	0.00717	0.00541	0.01114	0.01230	0.01640	0.02968	0.24330	0.03481	0.52591	0.03099	0.00626	0.00665	0.01436	0.00541	0.00516
