[name]
unknown

[dist]
# distance from previous block
# <min> <max>
0	48

[block]
# block no. 0 follows, 26 sequences, length 28
# corresponding to MSA columns:
# 48-75
name=unknown_A
#
# <colnr> <probs for GDERKNQSTAVLIFYWHMCP>
#	G	D	E	R	K	N	Q	S	T	A	V	L	I	F	Y	W	H	M	C	P
0	0.02006	0.01834	0.02711	0.02092	0.02623	0.06059	0.24210	0.22469	0.02377	0.03128	0.07680	0.08260	0.05338	0.01085	0.00852	0.00251	0.00928	0.04491	0.00598	0.01006
1	0.06281	0.01942	0.02242	0.04258	0.02415	0.02123	0.05000	0.49082	0.05390	0.07238	0.05000	0.02065	0.01591	0.00916	0.00760	0.00232	0.00815	0.00724	0.00721	0.01206
2	0.01947	0.01706	0.01706	0.04721	0.02020	0.11662	0.01148	0.15396	0.02067	0.04369	0.02142	0.05633	0.04683	0.03867	0.04785	0.00276	0.00850	0.05375	0.00551	0.25095
3	0.05481	0.01626	0.01647	0.01333	0.01796	0.09855	0.01061	0.07647	0.04021	0.09963	0.05902	0.02104	0.01684	0.00846	0.00806	0.00190	0.06979	0.00624	0.08708	0.27725
4	0.01798	0.01721	0.02936	0.16561	0.57325	0.01781	0.02288	0.02258	0.01690	0.02382	0.01413	0.01903	0.01168	0.00691	0.00752	0.00230	0.00921	0.00676	0.00369	0.01138
5	0.01573	0.01348	0.01573	0.01123	0.01798	0.01011	0.00899	0.01910	0.01573	0.02472	0.01348	0.01573	0.01123	0.00562	0.00562	0.00112	0.00562	0.00449	0.00449	0.77980
6	0.01771	0.01984	0.04219	0.03013	0.03772	0.01838	0.60109	0.02384	0.01771	0.02433	0.01518	0.02004	0.01148	0.00633	0.00866	0.00243	0.01215	0.00856	0.00389	0.07833
7	0.01103	0.00735	0.00827	0.00827	0.00827	0.00735	0.00460	0.01103	0.01103	0.01471	0.02390	0.04964	0.02758	0.73343	0.03861	0.00735	0.00735	0.01103	0.00460	0.00460
8	0.27782	0.01414	0.01621	0.05698	0.02022	0.01435	0.01106	0.07792	0.01948	0.38634	0.02169	0.02049	0.01434	0.00849	0.00667	0.00235	0.00664	0.00636	0.00734	0.01109
9	0.02222	0.09362	0.02819	0.08226	0.02835	0.02083	0.15391	0.29203	0.05618	0.03350	0.01641	0.01844	0.01231	0.00775	0.00737	0.00217	0.00901	0.00680	0.00558	0.10308
10	0.01318	0.00659	0.00988	0.00988	0.00988	0.00659	0.00659	0.00988	0.00988	0.01318	0.01318	0.02306	0.01318	0.02635	0.02964	0.77931	0.00659	0.00659	0.00329	0.00329
11	0.00924	0.00660	0.00880	0.01056	0.01100	0.00616	0.00704	0.01056	0.01452	0.01936	0.04181	0.72848	0.05017	0.02376	0.00968	0.00308	0.00440	0.02156	0.00704	0.00616
12	0.00912	0.00741	0.00809	0.00851	0.01049	0.00638	0.00616	0.01097	0.01679	0.02070	0.09798	0.23861	0.49201	0.02018	0.00915	0.00268	0.00397	0.01730	0.00711	0.00638
13	0.01688	0.06649	0.48675	0.04931	0.05989	0.01808	0.08107	0.02517	0.04810	0.05574	0.01525	0.01756	0.01099	0.00735	0.00732	0.00238	0.01059	0.00616	0.00380	0.01110
14	0.01790	0.02046	0.04476	0.03197	0.03964	0.01918	0.65857	0.02430	0.01790	0.02430	0.01535	0.02046	0.01151	0.00639	0.00895	0.00256	0.01279	0.00895	0.00384	0.01023
15	0.01058	0.00770	0.00995	0.00948	0.01126	0.00708	0.00707	0.01397	0.02096	0.02943	0.62299	0.08356	0.10546	0.01604	0.00898	0.00242	0.00363	0.01415	0.00822	0.00708
16	0.06711	0.11014	0.25330	0.09483	0.04997	0.05853	0.18106	0.02341	0.01626	0.02297	0.01321	0.01685	0.01015	0.00726	0.00808	0.00237	0.04458	0.00632	0.00354	0.01005
17	0.05425	0.01767	0.01901	0.01575	0.02087	0.01966	0.01264	0.26539	0.34411	0.10902	0.02536	0.02373	0.01836	0.00963	0.00754	0.00243	0.00690	0.00766	0.00773	0.01228
18	0.58212	0.03959	0.05505	0.05781	0.02108	0.01770	0.08500	0.02245	0.01388	0.03091	0.01147	0.01396	0.00884	0.00699	0.00551	0.00236	0.00730	0.00491	0.00438	0.00868
19	0.01810	0.06004	0.03893	0.12898	0.03864	0.01966	0.46794	0.05580	0.04771	0.02472	0.01564	0.02020	0.01180	0.00688	0.00840	0.00249	0.01161	0.00823	0.00410	0.01015
20	0.01085	0.00807	0.01193	0.01193	0.01319	0.00934	0.00915	0.01338	0.01211	0.01741	0.02056	0.03113	0.01954	0.10240	0.65865	0.01186	0.01944	0.00832	0.00410	0.00663
21	0.01983	0.06975	0.27718	0.01686	0.02439	0.01669	0.01777	0.08436	0.11398	0.12493	0.02039	0.04668	0.01571	0.00886	0.00722	0.00227	0.00833	0.02206	0.00554	0.09720
22	0.78701	0.01467	0.01115	0.00997	0.01467	0.01702	0.00821	0.02230	0.01291	0.03403	0.01056	0.01232	0.00821	0.00704	0.00469	0.00235	0.00587	0.00411	0.00469	0.00821
23	0.00924	0.00660	0.00880	0.01056	0.01100	0.00616	0.00704	0.01056	0.01452	0.01936	0.04181	0.72848	0.05017	0.02376	0.00968	0.00308	0.00440	0.02156	0.00704	0.00616
24	0.01479	0.01128	0.01636	0.22176	0.02551	0.01299	0.04335	0.05618	0.01589	0.02370	0.01889	0.02552	0.01564	0.05600	0.10544	0.00391	0.05692	0.00739	0.26059	0.00788
25	0.01170	0.00775	0.01085	0.01123	0.01208	0.00822	0.00839	0.01267	0.01258	0.01711	0.02382	0.04469	0.02490	0.18738	0.26107	0.17890	0.01160	0.14483	0.00464	0.00558
26	0.01107	0.00836	0.01034	0.01003	0.01202	0.00794	0.00759	0.01558	0.06853	0.02791	0.46782	0.10371	0.15260	0.01651	0.00899	0.00253	0.00404	0.04913	0.00795	0.00733
27	0.36448	0.31952	0.05262	0.01205	0.01788	0.02198	0.01132	0.02386	0.01488	0.08590	0.01242	0.01363	0.00986	0.00703	0.00514	0.00204	0.00709	0.00447	0.00444	0.00940

[dist]
# distance from previous block
# <min> <max>
0	2

[block]
# block no. 1 follows, 26 sequences, length 25
# corresponding to MSA columns:
# 78-102
name=unknown_B
#
# <colnr> <probs for GDERKNQSTAVLIFYWHMCP>
#	G	D	E	R	K	N	Q	S	T	A	V	L	I	F	Y	W	H	M	C	P
0	0.01824	0.02024	0.07244	0.11586	0.07485	0.09930	0.12839	0.04828	0.06689	0.02369	0.01678	0.02013	0.03318	0.00828	0.00943	0.00229	0.09178	0.00688	0.00432	0.13876
1	0.02499	0.24748	0.02687	0.01735	0.02192	0.43945	0.01408	0.02809	0.05305	0.01902	0.01230	0.01408	0.01046	0.00773	0.00692	0.00193	0.03628	0.00489	0.00388	0.00923
2	0.01679	0.01575	0.02521	0.11934	0.40207	0.01628	0.04027	0.02306	0.09316	0.02432	0.02443	0.02925	0.09126	0.00931	0.00789	0.00242	0.00824	0.03561	0.00469	0.01065
3	0.01071	0.00740	0.00818	0.00818	0.00857	0.00721	0.00477	0.01101	0.01199	0.01559	0.03200	0.05321	0.12786	0.62415	0.03407	0.00662	0.00682	0.01179	0.00497	0.00487
4	0.01432	0.01348	0.02275	0.71520	0.05224	0.01685	0.02107	0.01938	0.01517	0.01938	0.01348	0.02022	0.01011	0.00758	0.00758	0.00253	0.01011	0.00674	0.00337	0.00843
5	0.00996	0.00772	0.00906	0.00872	0.01085	0.00682	0.00654	0.01280	0.01963	0.02604	0.41550	0.06386	0.34091	0.01714	0.00895	0.00246	0.00369	0.01473	0.00777	0.00682
6	0.01573	0.01348	0.01573	0.01123	0.01798	0.01011	0.00899	0.01910	0.01573	0.02472	0.01348	0.01573	0.01123	0.00562	0.00562	0.00112	0.00562	0.00449	0.00449	0.77980
7	0.01318	0.00659	0.00988	0.00988	0.00988	0.00659	0.00659	0.00988	0.00988	0.01318	0.01318	0.02306	0.01318	0.02635	0.02964	0.77931	0.00659	0.00659	0.00329	0.00329
8	0.01877	0.01802	0.03079	0.04656	0.68612	0.01802	0.02328	0.02328	0.01727	0.02478	0.01427	0.01877	0.01201	0.00676	0.00751	0.00225	0.00901	0.00676	0.00375	0.01201
9	0.01659	0.01659	0.02323	0.01991	0.01991	0.02323	0.01659	0.01825	0.01162	0.01825	0.00996	0.01659	0.00996	0.01328	0.02489	0.00332	0.71955	0.00664	0.00332	0.00830
10	0.02833	0.03615	0.02149	0.01954	0.02345	0.70298	0.01466	0.03029	0.02149	0.01856	0.01172	0.01368	0.00977	0.00782	0.00684	0.00195	0.01368	0.00489	0.00391	0.00879
11	0.02920	0.02065	0.02240	0.01717	0.02323	0.02264	0.01418	0.61630	0.03467	0.09373	0.01905	0.01875	0.01332	0.00913	0.00759	0.00228	0.00821	0.00689	0.00772	0.01290
12	0.01469	0.01386	0.02341	0.65993	0.10464	0.01695	0.02125	0.01970	0.01534	0.01983	0.01355	0.02010	0.01027	0.00752	0.00758	0.00251	0.01002	0.00674	0.00340	0.00872
13	0.01757	0.01680	0.02862	0.22682	0.51522	0.01771	0.02268	0.02223	0.01670	0.02332	0.01406	0.01916	0.01150	0.00698	0.00753	0.00233	0.00931	0.00675	0.00365	0.01105
14	0.02028	0.73799	0.03975	0.01298	0.01947	0.03001	0.01298	0.02271	0.01541	0.01785	0.01055	0.01217	0.00973	0.00649	0.00487	0.00162	0.00811	0.00406	0.00324	0.00973
15	0.01338	0.00700	0.00734	0.00761	0.00917	0.00693	0.00557	0.01657	0.01569	0.02690	0.02739	0.13682	0.02420	0.01115	0.00598	0.00197	0.00367	0.00932	0.65641	0.00693
16	0.23127	0.02494	0.01888	0.04803	0.04308	0.30919	0.01322	0.12115	0.07466	0.02836	0.01411	0.01564	0.01100	0.00796	0.00650	0.00219	0.00985	0.00541	0.00495	0.00959
17	0.02046	0.62623	0.09330	0.01420	0.02089	0.07989	0.01437	0.02340	0.01592	0.01842	0.01089	0.01260	0.00973	0.00665	0.00521	0.00171	0.00879	0.00425	0.00329	0.00979
18	0.05685	0.12227	0.47074	0.01834	0.02745	0.01783	0.02216	0.02389	0.01663	0.07191	0.06949	0.01939	0.01533	0.00795	0.00695	0.00229	0.00957	0.00615	0.00415	0.01065
19	0.02028	0.73799	0.03975	0.01298	0.01947	0.03001	0.01298	0.02271	0.01541	0.01785	0.01055	0.01217	0.00973	0.00649	0.00487	0.00162	0.00811	0.00406	0.00324	0.00973
20	0.04728	0.02193	0.01815	0.04359	0.02090	0.24149	0.01243	0.20281	0.07810	0.03057	0.09576	0.02503	0.04858	0.00980	0.00729	0.00219	0.00876	0.00745	0.06816	0.00974
21	0.01736	0.01769	0.05826	0.17554	0.46900	0.01734	0.04985	0.02219	0.01684	0.02355	0.01547	0.02247	0.01315	0.00766	0.00773	0.00239	0.00938	0.03938	0.00383	0.01093
22	0.00896	0.00768	0.00768	0.00768	0.01025	0.00640	0.00576	0.01089	0.01729	0.02049	0.07684	0.07300	0.68304	0.01921	0.00896	0.00256	0.00384	0.01601	0.00704	0.00640
23	0.01103	0.00735	0.00827	0.00827	0.00827	0.00735	0.00460	0.01103	0.01103	0.01471	0.02390	0.04964	0.02758	0.73343	0.03861	0.00735	0.00735	0.01103	0.00460	0.00460
24	0.01546	0.01449	0.02410	0.48377	0.18849	0.01726	0.02066	0.01980	0.01515	0.02026	0.01335	0.01970	0.01063	0.00856	0.00980	0.03092	0.06838	0.00673	0.00345	0.00902

[dist]
# distance from previous block
# <min> <max>
0	11

[block]
# block no. 2 follows, 26 sequences, length 31
# corresponding to MSA columns:
# 114-144
name=unknown_C
#
# <colnr> <probs for GDERKNQSTAVLIFYWHMCP>
#	G	D	E	R	K	N	Q	S	T	A	V	L	I	F	Y	W	H	M	C	P
0	0.02912	0.01978	0.19429	0.01562	0.02288	0.01284	0.01556	0.03358	0.02022	0.51708	0.02566	0.02326	0.01638	0.00882	0.00752	0.00236	0.00770	0.00710	0.00777	0.01246
1	0.01318	0.00659	0.00988	0.00988	0.00988	0.00659	0.00659	0.00988	0.00988	0.01318	0.01318	0.02306	0.01318	0.02635	0.02964	0.77931	0.00659	0.00659	0.00329	0.00329
2	0.03377	0.01333	0.01786	0.01369	0.01957	0.01177	0.01131	0.06845	0.02241	0.65889	0.02933	0.02543	0.01848	0.00937	0.00763	0.00234	0.00655	0.00759	0.00930	0.01291
3	0.01113	0.01059	0.07059	0.01082	0.01346	0.00821	0.00925	0.01507	0.02031	0.02866	0.54741	0.05392	0.08660	0.01671	0.03505	0.00281	0.00504	0.03930	0.00763	0.00746
4	0.02343	0.01107	0.01454	0.01204	0.01613	0.01011	0.00959	0.02802	0.07043	0.37342	0.29490	0.03853	0.04055	0.01194	0.00817	0.00238	0.00525	0.01017	0.00884	0.01050
5	0.02883	0.02125	0.02276	0.01745	0.02352	0.02352	0.01442	0.66082	0.03566	0.04780	0.01821	0.01821	0.01290	0.00911	0.00759	0.00228	0.00835	0.00683	0.00759	0.01290
6	0.78701	0.01467	0.01115	0.00997	0.01467	0.01702	0.00821	0.02230	0.01291	0.03403	0.01056	0.01232	0.00821	0.00704	0.00469	0.00235	0.00587	0.00411	0.00469	0.00821
7	0.01877	0.01802	0.03079	0.04656	0.68612	0.01802	0.02328	0.02328	0.01727	0.02478	0.01427	0.01877	0.01201	0.00676	0.00751	0.00225	0.00901	0.00676	0.00375	0.01201
8	0.00910	0.00772	0.00801	0.00801	0.01049	0.00663	0.00603	0.01108	0.01692	0.02028	0.07271	0.06984	0.63456	0.02196	0.05966	0.00326	0.00504	0.01543	0.00683	0.00643
9	0.02215	0.02509	0.01841	0.01669	0.01961	0.38138	0.01266	0.04889	0.07258	0.02093	0.02043	0.05427	0.06024	0.06325	0.01176	0.00267	0.10025	0.00750	0.03274	0.00850
10	0.01622	0.12293	0.53499	0.02065	0.03063	0.01931	0.05651	0.02498	0.06068	0.02380	0.01449	0.01660	0.01064	0.00729	0.00704	0.00233	0.01055	0.00578	0.00355	0.01103
11	0.01537	0.01475	0.01304	0.01234	0.01344	0.16753	0.00856	0.01636	0.01364	0.01630	0.01950	0.03586	0.02084	0.40904	0.13198	0.00655	0.06561	0.00885	0.00426	0.00617
12	0.01536	0.01306	0.01532	0.01111	0.01749	0.00990	0.00885	0.01875	0.01615	0.02513	0.06229	0.01872	0.01564	0.00634	0.00586	0.00122	0.00547	0.00517	0.00478	0.72340
13	0.02733	0.06871	0.02220	0.01878	0.02300	0.57363	0.01438	0.07662	0.06619	0.02155	0.01343	0.01492	0.01090	0.00801	0.00685	0.00200	0.01249	0.00524	0.00440	0.00936
14	0.02087	0.63762	0.06598	0.01401	0.02044	0.09699	0.01379	0.02353	0.01605	0.01818	0.01079	0.01248	0.00973	0.00665	0.00517	0.00169	0.00880	0.00421	0.00331	0.00970
15	0.01877	0.01802	0.03079	0.04656	0.68612	0.01802	0.02328	0.02328	0.01727	0.02478	0.01427	0.01877	0.01201	0.00676	0.00751	0.00225	0.00901	0.00676	0.00375	0.01201
16	0.03403	0.01291	0.01760	0.01350	0.01936	0.01115	0.01115	0.03697	0.02171	0.69137	0.02992	0.02582	0.01878	0.00939	0.00763	0.00235	0.00645	0.00763	0.00939	0.01291
17	0.01636	0.01556	0.02643	0.40898	0.34254	0.01739	0.02208	0.02117	0.01613	0.02185	0.01384	0.01956	0.01098	0.00721	0.00755	0.00240	0.00961	0.00675	0.00355	0.01007
18	0.01318	0.00659	0.00988	0.00988	0.00988	0.00659	0.00659	0.00988	0.00988	0.01318	0.01318	0.02306	0.01318	0.02635	0.02964	0.77931	0.00659	0.00659	0.00329	0.00329
19	0.01877	0.01802	0.03079	0.04656	0.68612	0.01802	0.02328	0.02328	0.01727	0.02478	0.01427	0.01877	0.01201	0.00676	0.00751	0.00225	0.00901	0.00676	0.00375	0.01201
20	0.01887	0.01629	0.01715	0.01544	0.01972	0.01887	0.01201	0.04031	0.67241	0.03173	0.03087	0.02830	0.02315	0.01029	0.00772	0.00257	0.00600	0.00858	0.00772	0.01201
21	0.02833	0.03615	0.02149	0.01954	0.02345	0.70298	0.01466	0.03029	0.02149	0.01856	0.01172	0.01368	0.00977	0.00782	0.00684	0.00195	0.01368	0.00489	0.00391	0.00879
22	0.01103	0.00735	0.00827	0.00827	0.00827	0.00735	0.00460	0.01103	0.01103	0.01471	0.02390	0.04964	0.02758	0.73343	0.03861	0.00735	0.00735	0.01103	0.00460	0.00460
23	0.01432	0.01348	0.02275	0.71520	0.05224	0.01685	0.02107	0.01938	0.01517	0.01938	0.01348	0.02022	0.01011	0.00758	0.00758	0.00253	0.01011	0.00674	0.00337	0.00843
24	0.01543	0.00831	0.00845	0.00798	0.01013	0.00851	0.00610	0.07408	0.01764	0.02999	0.02417	0.02740	0.01887	0.00886	0.00550	0.00181	0.00396	0.00705	0.70818	0.00758
25	0.03265	0.01427	0.01755	0.01374	0.01930	0.05804	0.01122	0.03555	0.02169	0.61750	0.05642	0.02630	0.02041	0.00954	0.00763	0.00232	0.00682	0.00770	0.00897	0.01238
26	0.00924	0.00660	0.00880	0.01056	0.01100	0.00616	0.00704	0.01056	0.01452	0.01936	0.04181	0.72848	0.05017	0.02376	0.00968	0.00308	0.00440	0.02156	0.00704	0.00616
27	0.02589	0.03143	0.02140	0.01918	0.02251	0.54387	0.01470	0.05574	0.02028	0.01977	0.01213	0.01500	0.01034	0.01080	0.03975	0.00261	0.11643	0.00537	0.00399	0.00882
28	0.05779	0.02765	0.02030	0.01739	0.02196	0.38009	0.01353	0.24524	0.02565	0.02943	0.01962	0.02038	0.06980	0.00923	0.00720	0.00213	0.01066	0.00650	0.00548	0.00997
29	0.00974	0.00728	0.00978	0.01120	0.01161	0.00732	0.00769	0.01108	0.01432	0.01929	0.03964	0.68006	0.04743	0.02305	0.01072	0.00310	0.05304	0.02055	0.00679	0.00631
30	0.02267	0.01899	0.02389	0.02644	0.24580	0.04362	0.01657	0.28097	0.06952	0.03419	0.01714	0.01914	0.01325	0.00828	0.00805	0.00222	0.03870	0.00670	0.03979	0.06410

[dist]
# distance from previous block
# <min> <max>
0	1

[block]
# block no. 3 follows, 26 sequences, length 11
# corresponding to MSA columns:
# 146-156
name=unknown_D
#
# <colnr> <probs for GDERKNQSTAVLIFYWHMCP>
#	G	D	E	R	K	N	Q	S	T	A	V	L	I	F	Y	W	H	M	C	P
0	0.06106	0.01661	0.02605	0.33838	0.03844	0.05218	0.14994	0.05252	0.01632	0.02237	0.01376	0.01944	0.01087	0.01076	0.04712	0.00310	0.10133	0.00702	0.00381	0.00892
1	0.01103	0.00735	0.00827	0.00827	0.00827	0.00735	0.00460	0.01103	0.01103	0.01471	0.02390	0.04964	0.02758	0.73343	0.03861	0.00735	0.00735	0.01103	0.00460	0.00460
2	0.01665	0.02192	0.19052	0.22900	0.34784	0.01759	0.02381	0.02236	0.01637	0.02307	0.01389	0.01851	0.01089	0.00710	0.00746	0.00237	0.00986	0.00647	0.00351	0.01081
3	0.01262	0.00987	0.01516	0.01729	0.07483	0.00972	0.05007	0.01600	0.01697	0.02241	0.03673	0.18474	0.04012	0.01934	0.00999	0.00326	0.00706	0.43982	0.00653	0.00747
4	0.00963	0.00754	0.00873	0.00880	0.01075	0.00663	0.00646	0.01205	0.01833	0.02383	0.28552	0.17064	0.36678	0.01862	0.00907	0.00258	0.00384	0.01607	0.00751	0.00663
5	0.01665	0.02679	0.31173	0.06847	0.19546	0.01858	0.09423	0.02350	0.04023	0.02356	0.01415	0.01796	0.01099	0.00788	0.00967	0.00251	0.09667	0.00656	0.00360	0.01082
6	0.02028	0.73799	0.03975	0.01298	0.01947	0.03001	0.01298	0.02271	0.01541	0.01785	0.01055	0.01217	0.00973	0.00649	0.00487	0.00162	0.00811	0.00406	0.00324	0.00973
7	0.02406	0.06153	0.02286	0.05670	0.02387	0.45306	0.01544	0.02613	0.01823	0.01849	0.01129	0.01474	0.00984	0.00921	0.01164	0.00234	0.20278	0.00542	0.00369	0.00868
8	0.02883	0.02125	0.02276	0.01745	0.02352	0.02352	0.01442	0.66082	0.03566	0.04780	0.01821	0.01821	0.01290	0.00911	0.00759	0.00228	0.00835	0.00683	0.00759	0.01290
9	0.01846	0.01770	0.03022	0.09380	0.64133	0.01794	0.02312	0.02300	0.01712	0.02440	0.01421	0.01888	0.01188	0.00682	0.00751	0.00227	0.00909	0.00676	0.00373	0.01176
10	0.02228	0.24911	0.13905	0.01712	0.02300	0.31471	0.01584	0.02652	0.05167	0.02002	0.01569	0.01712	0.04184	0.00797	0.00644	0.00199	0.01071	0.00546	0.00393	0.00954

[dist]
# distance from previous block
# <min> <max>
0	2

[block]
# block no. 4 follows, 26 sequences, length 12
# corresponding to MSA columns:
# 159-170
name=unknown_E
#
# <colnr> <probs for GDERKNQSTAVLIFYWHMCP>
#	G	D	E	R	K	N	Q	S	T	A	V	L	I	F	Y	W	H	M	C	P
0	0.02088	0.47140	0.11516	0.01540	0.02165	0.07489	0.01528	0.05983	0.01695	0.04421	0.01207	0.01397	0.01024	0.00753	0.00734	0.00196	0.07264	0.00482	0.00376	0.01001
1	0.02143	0.63807	0.03715	0.01391	0.02003	0.12583	0.01322	0.02379	0.01628	0.01795	0.01071	0.01238	0.00974	0.00668	0.00515	0.00167	0.00890	0.00417	0.00334	0.00960
2	0.01593	0.01412	0.01840	0.01315	0.01997	0.01095	0.06884	0.01958	0.01593	0.02468	0.01365	0.01616	0.01126	0.00569	0.00592	0.00126	0.00628	0.00490	0.00443	0.70889
3	0.01659	0.01659	0.02323	0.01991	0.01991	0.02323	0.01659	0.01825	0.01162	0.01825	0.00996	0.01659	0.00996	0.01328	0.02489	0.00332	0.71955	0.00664	0.00332	0.00830
4	0.01837	0.01761	0.03007	0.10652	0.62927	0.01792	0.02308	0.02293	0.01708	0.02430	0.01420	0.01890	0.01184	0.00683	0.00752	0.00228	0.00911	0.00676	0.00372	0.01169
5	0.00971	0.00771	0.00872	0.00847	0.01070	0.00672	0.00635	0.01233	0.01905	0.02468	0.33212	0.06611	0.42515	0.01765	0.00896	0.00249	0.00373	0.01504	0.00759	0.00672
6	0.01084	0.00813	0.01219	0.01219	0.01354	0.00948	0.00948	0.01354	0.01219	0.01761	0.02032	0.02980	0.01896	0.05689	0.70337	0.01219	0.02032	0.00813	0.00406	0.00677
7	0.01497	0.02864	0.40728	0.17441	0.03648	0.01685	0.11304	0.02208	0.01599	0.02271	0.01584	0.06842	0.01288	0.00836	0.00771	0.00250	0.01070	0.00746	0.00360	0.01010
8	0.00981	0.00822	0.00954	0.07127	0.01422	0.00749	0.00742	0.01235	0.01796	0.02244	0.19602	0.06491	0.49681	0.01741	0.00884	0.00252	0.00435	0.01471	0.00698	0.00674
9	0.00988	0.00815	0.00875	0.00863	0.01111	0.00723	0.00656	0.01309	0.04963	0.02283	0.17769	0.06852	0.52017	0.01821	0.00896	0.00257	0.00403	0.03987	0.00730	0.00683
10	0.02208	0.02538	0.02059	0.15518	0.02733	0.37977	0.01535	0.04632	0.01948	0.02092	0.07314	0.02220	0.01686	0.00964	0.00933	0.00233	0.08924	0.03189	0.00438	0.00859
11	0.01834	0.01781	0.06463	0.01450	0.01924	0.08278	0.01208	0.06259	0.20907	0.05843	0.02749	0.08891	0.07835	0.01088	0.00821	0.00225	0.03912	0.00874	0.00610	0.17045

[dist]
# distance from previous block
# <min> <max>
5	24

[block]
# block no. 5 follows, 26 sequences, length 7
# corresponding to MSA columns:
# 196-202
name=unknown_F
#
# <colnr> <probs for GDERKNQSTAVLIFYWHMCP>
#	G	D	E	R	K	N	Q	S	T	A	V	L	I	F	Y	W	H	M	C	P
0	0.01563	0.01730	0.13001	0.01854	0.07298	0.01245	0.11614	0.02020	0.01747	0.06638	0.10652	0.06893	0.08931	0.01032	0.00778	0.00220	0.00752	0.02643	0.00537	0.18852
1	0.01976	0.44037	0.13734	0.01685	0.06291	0.04951	0.01581	0.02336	0.01597	0.04815	0.01231	0.01428	0.01036	0.00702	0.00653	0.00186	0.04016	0.00479	0.00365	0.06902
2	0.01212	0.00998	0.01149	0.01098	0.01326	0.01019	0.00854	0.06329	0.05014	0.02355	0.09427	0.14516	0.36547	0.01789	0.01059	0.00274	0.07623	0.05987	0.00682	0.00742
3	0.01353	0.00909	0.01373	0.01269	0.01460	0.00980	0.04062	0.01603	0.01325	0.08495	0.02158	0.03197	0.01989	0.15271	0.49854	0.01000	0.01659	0.00856	0.00467	0.00722
4	0.02179	0.01780	0.01828	0.04643	0.06890	0.10349	0.01268	0.23679	0.09527	0.05937	0.02477	0.09418	0.05055	0.01077	0.00749	0.00231	0.00760	0.00875	0.10245	0.01031
5	0.02316	0.09540	0.02082	0.01449	0.02024	0.01824	0.01195	0.19211	0.19933	0.13136	0.02153	0.02088	0.01585	0.00843	0.00691	0.00205	0.00682	0.00662	0.00675	0.17706
6	0.01914	0.05097	0.06668	0.01365	0.01901	0.01510	0.01168	0.12242	0.16810	0.08849	0.02746	0.05082	0.08596	0.04424	0.00870	0.00236	0.00659	0.00818	0.00634	0.18413

[dist]
# distance from previous block
# <min> <max>
4	20

[block]
# block no. 6 follows, 26 sequences, length 10
# corresponding to MSA columns:
# 226-235
name=unknown_G
#
# <colnr> <probs for GDERKNQSTAVLIFYWHMCP>
#	G	D	E	R	K	N	Q	S	T	A	V	L	I	F	Y	W	H	M	C	P
0	0.02110	0.02363	0.01890	0.01679	0.02000	0.34538	0.05474	0.06117	0.05146	0.02109	0.02312	0.10454	0.06975	0.09666	0.01193	0.00290	0.03459	0.00898	0.00497	0.00829
1	0.02056	0.15055	0.06509	0.01932	0.06470	0.14294	0.07505	0.04455	0.07800	0.07517	0.01932	0.11111	0.01742	0.01031	0.00888	0.00236	0.07163	0.00824	0.00499	0.00980
2	0.01191	0.00974	0.01036	0.01095	0.01211	0.06227	0.00786	0.01364	0.01569	0.02002	0.10960	0.24936	0.09148	0.20708	0.01706	0.00407	0.00625	0.12801	0.00629	0.00624
3	0.04160	0.17255	0.09779	0.03225	0.02072	0.13481	0.01398	0.02283	0.06827	0.02191	0.03955	0.05396	0.02000	0.03569	0.00892	0.00247	0.03616	0.10291	0.00476	0.06886
4	0.02670	0.01554	0.01851	0.01491	0.02012	0.01604	0.01209	0.14322	0.21276	0.31317	0.02616	0.02414	0.01813	0.00955	0.00835	0.00237	0.04113	0.00752	0.00798	0.06160
5	0.00984	0.00695	0.00911	0.01062	0.01114	0.00662	0.00728	0.01121	0.01435	0.01907	0.03905	0.55843	0.04619	0.12517	0.01392	0.00374	0.00512	0.08948	0.00668	0.00603
6	0.14544	0.38243	0.08246	0.01490	0.02031	0.11288	0.01407	0.02316	0.01535	0.02112	0.01087	0.01326	0.00951	0.00767	0.00783	0.00206	0.09918	0.00462	0.00357	0.00930
7	0.00922	0.00670	0.00870	0.01030	0.01093	0.00618	0.00693	0.01059	0.01477	0.01946	0.04497	0.66925	0.10736	0.02335	0.00962	0.00303	0.00435	0.02106	0.00704	0.00618
8	0.24596	0.10737	0.06454	0.06999	0.02330	0.24775	0.01393	0.10060	0.01913	0.02686	0.01228	0.01431	0.00970	0.00753	0.00616	0.00214	0.00970	0.00499	0.00441	0.00935
9	0.02421	0.04064	0.06217	0.01786	0.02321	0.19229	0.06998	0.17295	0.07342	0.11139	0.01940	0.05711	0.01539	0.01097	0.03469	0.00262	0.00996	0.00734	0.00587	0.04854

[dist]
# distance from previous block
# <min> <max>
30	70

[block]
# block no. 7 follows, 26 sequences, length 23
# corresponding to MSA columns:
# 323-345
name=unknown_H
#
# <colnr> <probs for GDERKNQSTAVLIFYWHMCP>
#	G	D	E	R	K	N	Q	S	T	A	V	L	I	F	Y	W	H	M	C	P
0	0.01585	0.05027	0.02663	0.05047	0.02598	0.01467	0.25986	0.06742	0.01771	0.02441	0.02278	0.21579	0.02251	0.01149	0.00821	0.00242	0.00848	0.01131	0.04064	0.10313
1	0.01778	0.01626	0.05354	0.01380	0.02054	0.01304	0.04283	0.12455	0.01909	0.02830	0.01512	0.03552	0.01248	0.00680	0.00630	0.00150	0.00668	0.00561	0.00497	0.55530
2	0.09447	0.03568	0.01755	0.01394	0.01797	0.01682	0.01110	0.24980	0.07827	0.06237	0.01780	0.02150	0.01442	0.05316	0.04948	0.12454	0.04071	0.00675	0.00583	0.06783
3	0.01251	0.01048	0.01118	0.01076	0.01319	0.04284	0.00791	0.04992	0.04731	0.02249	0.07735	0.23745	0.22747	0.05764	0.06270	0.00350	0.00641	0.01413	0.00643	0.07833
4	0.01445	0.01277	0.01436	0.02936	0.01610	0.10184	0.04676	0.01784	0.05065	0.02001	0.02354	0.06457	0.05010	0.09508	0.27359	0.04075	0.01257	0.00883	0.09963	0.00720
5	0.05971	0.45832	0.16711	0.01607	0.02312	0.07713	0.04572	0.02350	0.01589	0.02028	0.01145	0.01354	0.00972	0.00691	0.00612	0.00192	0.02551	0.00471	0.00339	0.00987
6	0.00950	0.00675	0.00892	0.01056	0.01103	0.00636	0.00711	0.01083	0.01442	0.01920	0.04050	0.65177	0.04831	0.07247	0.01171	0.00339	0.00472	0.04946	0.00687	0.00609
7	0.01521	0.03923	0.69413	0.02162	0.03283	0.01762	0.02802	0.02402	0.01601	0.02402	0.01361	0.01601	0.00961	0.00721	0.00721	0.00240	0.01121	0.00560	0.00320	0.01121
8	0.00925	0.00770	0.00808	0.00798	0.01042	0.00652	0.00599	0.01144	0.01796	0.02209	0.17449	0.07036	0.58439	0.01861	0.00896	0.00253	0.00380	0.01564	0.00725	0.00652
9	0.02613	0.01955	0.02093	0.01652	0.02191	0.02172	0.01338	0.52382	0.12867	0.04313	0.02049	0.02187	0.01543	0.05913	0.00974	0.00267	0.00793	0.00738	0.00740	0.01219
10	0.00907	0.00769	0.00783	0.00779	0.01031	0.00645	0.00584	0.01108	0.01753	0.02106	0.11187	0.07205	0.64765	0.01900	0.00896	0.00255	0.00383	0.01588	0.00712	0.00645
11	0.01769	0.01587	0.01952	0.01686	0.01817	0.05109	0.01364	0.11123	0.01599	0.02305	0.01512	0.04313	0.01430	0.06979	0.06731	0.00389	0.40473	0.00752	0.06266	0.00845
12	0.01084	0.00813	0.01219	0.01219	0.01354	0.00948	0.00948	0.01354	0.01219	0.01761	0.02032	0.02980	0.01896	0.05689	0.70337	0.01219	0.02032	0.00813	0.00406	0.00677
13	0.01432	0.01348	0.02275	0.71520	0.05224	0.01685	0.02107	0.01938	0.01517	0.01938	0.01348	0.02022	0.01011	0.00758	0.00758	0.00253	0.01011	0.00674	0.00337	0.00843
14	0.11852	0.01914	0.02587	0.14099	0.42023	0.10244	0.01993	0.02342	0.01691	0.02438	0.01335	0.01753	0.01095	0.00705	0.00707	0.00227	0.00935	0.00618	0.00384	0.01058
15	0.01912	0.01571	0.02419	0.15063	0.33733	0.01651	0.01864	0.05321	0.09722	0.08733	0.05388	0.02606	0.01835	0.00883	0.00778	0.00242	0.00819	0.03833	0.00525	0.01101
16	0.01535	0.03307	0.52552	0.02274	0.07583	0.01693	0.05987	0.02382	0.05049	0.02414	0.01679	0.07100	0.01366	0.00855	0.00754	0.00246	0.01036	0.00723	0.00380	0.01087
17	0.01227	0.00903	0.01279	0.01481	0.05098	0.00891	0.01177	0.01583	0.01828	0.02440	0.17115	0.07600	0.04770	0.01906	0.01000	0.00320	0.00639	0.47303	0.00709	0.00729
18	0.01037	0.00823	0.01286	0.01298	0.01430	0.00772	0.07686	0.01242	0.01529	0.02047	0.06300	0.59597	0.04652	0.02146	0.00961	0.00302	0.00539	0.05010	0.00675	0.00667
19	0.01978	0.01874	0.02888	0.06073	0.55769	0.04463	0.02162	0.07256	0.05310	0.02650	0.01532	0.01908	0.01253	0.00718	0.00750	0.00227	0.00901	0.00679	0.00425	0.01186
20	0.01653	0.01494	0.05420	0.01431	0.01830	0.01502	0.01193	0.03094	0.40982	0.04620	0.10665	0.04157	0.08024	0.01274	0.00828	0.00266	0.00601	0.09186	0.00742	0.01036
21	0.01675	0.01565	0.02271	0.22105	0.03165	0.01786	0.11169	0.02912	0.31462	0.02574	0.02498	0.02665	0.05317	0.00955	0.00878	0.00259	0.04320	0.00841	0.00562	0.01021
22	0.01234	0.00906	0.01134	0.03755	0.01396	0.00911	0.00834	0.05056	0.06882	0.02752	0.34811	0.20287	0.05229	0.04850	0.01009	0.00278	0.00471	0.02921	0.04532	0.00753

[dist]
# distance from previous block
# <min> <max>
0	3

[block]
# block no. 8 follows, 26 sequences, length 16
# corresponding to MSA columns:
# 349-364
name=unknown_I
#
# <colnr> <probs for GDERKNQSTAVLIFYWHMCP>
#	G	D	E	R	K	N	Q	S	T	A	V	L	I	F	Y	W	H	M	C	P
0	0.02072	0.01830	0.01867	0.04205	0.03488	0.13684	0.04580	0.18421	0.09159	0.03048	0.06357	0.05187	0.02097	0.01037	0.00796	0.00231	0.02902	0.03951	0.14120	0.00969
1	0.09699	0.01539	0.01651	0.01402	0.01851	0.01686	0.01116	0.17970	0.26943	0.12151	0.04404	0.05509	0.02092	0.01018	0.00729	0.00240	0.00625	0.00818	0.07445	0.01115
2	0.02120	0.06575	0.02191	0.01558	0.02151	0.08798	0.06138	0.13294	0.03460	0.07539	0.01545	0.01712	0.01203	0.00733	0.00746	0.00178	0.04376	0.00567	0.00520	0.34598
3	0.01411	0.01281	0.02045	0.39428	0.03633	0.01534	0.04896	0.04383	0.01557	0.02067	0.02040	0.19600	0.02025	0.01229	0.01022	0.00275	0.09262	0.01053	0.00448	0.00812
4	0.00983	0.00727	0.00917	0.00964	0.01101	0.00662	0.00687	0.01220	0.01793	0.02423	0.31827	0.33245	0.16758	0.01950	0.00925	0.00270	0.00396	0.01730	0.00759	0.00662
5	0.01776	0.02005	0.04246	0.03068	0.03753	0.01961	0.58993	0.02365	0.01723	0.02365	0.01477	0.02005	0.01134	0.00713	0.01066	0.00264	0.08835	0.00870	0.00378	0.01002
6	0.00951	0.00671	0.00872	0.01022	0.01059	0.00634	0.00667	0.01063	0.01400	0.01866	0.03912	0.62658	0.04678	0.13029	0.01402	0.00372	0.00484	0.01998	0.00667	0.00593
7	0.01600	0.01561	0.02163	0.01867	0.01867	0.02154	0.01531	0.01748	0.01155	0.01788	0.01145	0.02013	0.01184	0.09027	0.02636	0.00375	0.64341	0.00711	0.00346	0.00790
8	0.01200	0.00893	0.01267	0.01233	0.01391	0.01027	0.00955	0.05506	0.01364	0.01940	0.02037	0.03008	0.01902	0.08883	0.62420	0.01130	0.01888	0.00819	0.00432	0.00705
9	0.01707	0.01869	0.05415	0.09468	0.03102	0.04672	0.27012	0.03627	0.01601	0.02210	0.01514	0.06535	0.01336	0.00971	0.01300	0.00269	0.21090	0.00833	0.00396	0.05074
10	0.01861	0.01413	0.01709	0.01433	0.01718	0.03601	0.05325	0.17450	0.02009	0.03001	0.02015	0.06030	0.01682	0.01039	0.01024	0.00233	0.14676	0.00777	0.32111	0.00894
11	0.06816	0.23624	0.34779	0.01883	0.04361	0.04374	0.04391	0.02317	0.01596	0.02277	0.03622	0.01629	0.01191	0.00748	0.00712	0.00219	0.03529	0.00551	0.00356	0.01024
12	0.02057	0.13704	0.03749	0.01422	0.01989	0.03296	0.05278	0.06810	0.05422	0.14889	0.06012	0.04984	0.04072	0.00917	0.00697	0.00199	0.00701	0.02353	0.00595	0.20853
13	0.04428	0.01574	0.02083	0.01582	0.02143	0.01508	0.11144	0.20629	0.02156	0.03120	0.01824	0.07174	0.01563	0.03250	0.00806	0.00212	0.00737	0.00751	0.05641	0.27676
14	0.06974	0.13438	0.39583	0.01974	0.04724	0.04432	0.04785	0.02576	0.05045	0.07469	0.01512	0.01677	0.01109	0.00739	0.00683	0.00228	0.00986	0.00573	0.00408	0.01086
15	0.01171	0.00960	0.01050	0.01083	0.01220	0.05303	0.00737	0.01311	0.01431	0.01892	0.03185	0.42740	0.03690	0.16793	0.04329	0.00402	0.00642	0.01569	0.00590	0.09900

[dist]
# distance from previous block
# <min> <max>
0	3

[block]
# block no. 9 follows, 26 sequences, length 59
# corresponding to MSA columns:
# 368-426
name=unknown_J
#
# <colnr> <probs for GDERKNQSTAVLIFYWHMCP>
#	G	D	E	R	K	N	Q	S	T	A	V	L	I	F	Y	W	H	M	C	P
0	0.01625	0.01882	0.10306	0.02244	0.02730	0.01754	0.26782	0.04594	0.04450	0.02259	0.01639	0.02350	0.01407	0.08423	0.10428	0.00438	0.14550	0.00814	0.00409	0.00917
1	0.02132	0.01678	0.02152	0.03577	0.04062	0.01791	0.05534	0.22899	0.04968	0.07203	0.01692	0.01925	0.01308	0.01065	0.03708	0.00260	0.12424	0.00659	0.02794	0.18169
2	0.00951	0.00730	0.00872	0.00923	0.01080	0.00650	0.00659	0.01163	0.01731	0.02257	0.21611	0.31417	0.29227	0.01998	0.00923	0.00271	0.00398	0.01751	0.00737	0.00650
3	0.01405	0.00804	0.00904	0.06238	0.01301	0.00802	0.00689	0.01758	0.01577	0.02690	0.02380	0.05945	0.01952	0.00919	0.00571	0.00184	0.00425	0.00752	0.62004	0.06702
4	0.01078	0.00725	0.00835	0.00859	0.00865	0.00719	0.00493	0.01097	0.01151	0.01535	0.02637	0.14337	0.03070	0.63545	0.03461	0.00676	0.00695	0.01248	0.00493	0.00481
5	0.01573	0.01348	0.01573	0.01123	0.01798	0.01011	0.00899	0.01910	0.01573	0.02472	0.01348	0.01573	0.01123	0.00562	0.00562	0.00112	0.00562	0.00449	0.00449	0.77980
6	0.13691	0.01869	0.01868	0.01512	0.02027	0.04871	0.01225	0.37179	0.12212	0.03981	0.04783	0.02069	0.01639	0.00908	0.00704	0.00226	0.00735	0.00684	0.04290	0.03524
7	0.01873	0.01617	0.01709	0.01525	0.01965	0.01848	0.01187	0.03938	0.64371	0.03142	0.03011	0.02775	0.02263	0.01009	0.00763	0.00251	0.00599	0.00840	0.00758	0.04557
8	0.01694	0.27799	0.47054	0.01867	0.02826	0.02185	0.02288	0.02357	0.01581	0.02191	0.01256	0.01470	0.00965	0.00696	0.00641	0.00214	0.01015	0.00508	0.00322	0.01071
9	0.42926	0.03833	0.01844	0.04417	0.02066	0.07678	0.07882	0.06972	0.04198	0.03044	0.01318	0.01555	0.01029	0.00772	0.00687	0.00235	0.04507	0.00542	0.03596	0.00898
10	0.00920	0.00675	0.00865	0.01016	0.01090	0.00619	0.00686	0.01061	0.01490	0.01952	0.04664	0.63798	0.13755	0.02313	0.00958	0.00301	0.00432	0.02080	0.00704	0.00619
11	0.01104	0.00862	0.01040	0.01055	0.01259	0.00795	0.00755	0.01477	0.07545	0.02249	0.10984	0.40661	0.14028	0.01872	0.00881	0.00264	0.00453	0.01659	0.00692	0.10365
12	0.02028	0.73799	0.03975	0.01298	0.01947	0.03001	0.01298	0.02271	0.01541	0.01785	0.01055	0.01217	0.00973	0.00649	0.00487	0.00162	0.00811	0.00406	0.00324	0.00973
13	0.01580	0.01576	0.02493	0.15535	0.02812	0.02012	0.10303	0.01882	0.01366	0.01982	0.03988	0.04762	0.01429	0.01175	0.01815	0.00302	0.42982	0.00785	0.00375	0.00845
14	0.01790	0.01702	0.02873	0.04293	0.61918	0.01703	0.02173	0.02219	0.01701	0.02420	0.01751	0.02189	0.04378	0.00997	0.04411	0.00279	0.00936	0.00726	0.00392	0.01148
15	0.01790	0.02046	0.04476	0.03197	0.03964	0.01918	0.65857	0.02430	0.01790	0.02430	0.01535	0.02046	0.01151	0.00639	0.00895	0.00256	0.01279	0.00895	0.00384	0.01023
16	0.01273	0.00842	0.00948	0.00881	0.01169	0.00719	0.00675	0.01508	0.01862	0.11484	0.17495	0.06366	0.48566	0.01721	0.00878	0.00250	0.00416	0.01446	0.00759	0.00743
17	0.01681	0.12700	0.37003	0.02406	0.07372	0.02013	0.15548	0.02336	0.01603	0.02279	0.01328	0.01664	0.01021	0.00743	0.00878	0.00240	0.07159	0.00625	0.00339	0.01061
18	0.01089	0.00793	0.01117	0.01117	0.01218	0.00893	0.00821	0.01289	0.01189	0.01686	0.02125	0.03495	0.02120	0.23246	0.53086	0.01094	0.01695	0.00888	0.00420	0.00621
19	0.01887	0.01629	0.01715	0.01544	0.01972	0.01887	0.01201	0.04031	0.67241	0.03173	0.03087	0.02830	0.02315	0.01029	0.00772	0.00257	0.00600	0.00858	0.00772	0.01201
20	0.02449	0.02921	0.02636	0.02895	0.22953	0.43288	0.07242	0.02761	0.01988	0.02097	0.01282	0.01583	0.01061	0.00737	0.00723	0.00210	0.01216	0.00581	0.00385	0.00991
21	0.01497	0.01438	0.02559	0.56772	0.06672	0.01684	0.11420	0.02015	0.01566	0.02061	0.01422	0.02054	0.01074	0.00743	0.00769	0.00249	0.01021	0.00708	0.03401	0.00874
22	0.00906	0.00752	0.00793	0.00819	0.01040	0.00639	0.00601	0.01094	0.01699	0.02062	0.09022	0.17445	0.56557	0.01980	0.00908	0.00264	0.00392	0.01680	0.00708	0.00639
23	0.00924	0.00660	0.00880	0.01056	0.01100	0.00616	0.00704	0.01056	0.01452	0.01936	0.04181	0.72848	0.05017	0.02376	0.00968	0.00308	0.00440	0.02156	0.00704	0.00616
24	0.05745	0.17390	0.06863	0.04517	0.02403	0.36548	0.01513	0.12142	0.02141	0.02381	0.01259	0.01440	0.01017	0.00766	0.00652	0.00200	0.01113	0.00509	0.00429	0.00971
25	0.02873	0.02444	0.02249	0.01790	0.02351	0.16916	0.01447	0.52567	0.03263	0.04154	0.01682	0.01724	0.01223	0.00883	0.00743	0.00221	0.00949	0.00641	0.00680	0.01202
26	0.00913	0.00760	0.00798	0.00808	0.01040	0.00644	0.00599	0.01114	0.01739	0.02121	0.12339	0.12775	0.57883	0.01930	0.00902	0.00259	0.00387	0.01630	0.00715	0.00644
27	0.01784	0.02124	0.07765	0.03268	0.09496	0.01900	0.57075	0.02419	0.01775	0.02432	0.01516	0.02008	0.01145	0.00647	0.00874	0.00252	0.01238	0.00859	0.00380	0.01044
28	0.01587	0.01491	0.02527	0.56122	0.09933	0.01755	0.07538	0.05949	0.01683	0.02197	0.01399	0.02001	0.01055	0.00751	0.00769	0.00249	0.01015	0.00694	0.00370	0.00914
29	0.78701	0.01467	0.01115	0.00997	0.01467	0.01702	0.00821	0.02230	0.01291	0.03403	0.01056	0.01232	0.00821	0.00704	0.00469	0.00235	0.00587	0.00411	0.00469	0.00821
30	0.00924	0.00660	0.00880	0.01056	0.01100	0.00616	0.00704	0.01056	0.01452	0.01936	0.04181	0.72848	0.05017	0.02376	0.00968	0.00308	0.00440	0.02156	0.00704	0.00616
31	0.01013	0.00780	0.01169	0.01223	0.01326	0.00733	0.05755	0.01185	0.01471	0.01962	0.03873	0.61172	0.04570	0.06064	0.01122	0.00329	0.00531	0.04414	0.00666	0.00642
32	0.00936	0.00665	0.00877	0.01041	0.01082	0.00624	0.00688	0.01059	0.01430	0.01906	0.04064	0.68442	0.04870	0.06982	0.01156	0.00336	0.00459	0.02088	0.00688	0.00606
33	0.01518	0.03750	0.64705	0.02165	0.03242	0.01735	0.05216	0.02373	0.01626	0.02423	0.03474	0.01747	0.01163	0.00744	0.00733	0.00241	0.01103	0.00599	0.00339	0.01104
34	0.01074	0.00775	0.01014	0.00954	0.01133	0.00716	0.00716	0.01431	0.02147	0.03042	0.68211	0.05666	0.07157	0.01551	0.00895	0.00239	0.00358	0.01372	0.00835	0.00716
35	0.01744	0.01771	0.02833	0.21325	0.07526	0.07059	0.22434	0.02388	0.08125	0.02318	0.01646	0.02095	0.01277	0.00798	0.00908	0.00247	0.06405	0.00752	0.07400	0.00948
36	0.01931	0.14908	0.19765	0.02018	0.02793	0.06657	0.16352	0.09978	0.01902	0.02560	0.01388	0.01642	0.01073	0.00691	0.00697	0.00205	0.00996	0.00602	0.00414	0.13428
37	0.02017	0.04459	0.01811	0.01521	0.01950	0.03966	0.01208	0.08636	0.45919	0.07348	0.02788	0.02827	0.02146	0.01387	0.06151	0.00325	0.00769	0.02913	0.00721	0.01137
38	0.78701	0.01467	0.01115	0.00997	0.01467	0.01702	0.00821	0.02230	0.01291	0.03403	0.01056	0.01232	0.00821	0.00704	0.00469	0.00235	0.00587	0.00411	0.00469	0.00821
39	0.00896	0.00768	0.00768	0.00768	0.01025	0.00640	0.00576	0.01089	0.01729	0.02049	0.07684	0.07300	0.68304	0.01921	0.00896	0.00256	0.00384	0.01601	0.00704	0.00640
40	0.01086	0.00804	0.01177	0.01177	0.01298	0.00925	0.00896	0.01328	0.01207	0.01730	0.02070	0.03192	0.01989	0.12940	0.63212	0.01167	0.01893	0.00844	0.00412	0.00654
41	0.47450	0.01394	0.01383	0.01144	0.01662	0.01458	0.00943	0.02838	0.01656	0.30685	0.01860	0.01792	0.01260	0.00802	0.00591	0.00235	0.00611	0.00557	0.00664	0.01016
42	0.03661	0.00931	0.01175	0.05563	0.01508	0.01005	0.00878	0.01684	0.11707	0.02053	0.04887	0.17864	0.08052	0.10492	0.14629	0.10636	0.00862	0.01168	0.00555	0.00691
43	0.01432	0.01348	0.02275	0.71520	0.05224	0.01685	0.02107	0.01938	0.01517	0.01938	0.01348	0.02022	0.01011	0.00758	0.00758	0.00253	0.01011	0.00674	0.00337	0.00843
44	0.01785	0.02031	0.04392	0.03150	0.03887	0.01934	0.63359	0.02406	0.01766	0.02406	0.01514	0.02031	0.01145	0.00666	0.00957	0.00259	0.04029	0.00886	0.00382	0.01015
45	0.07004	0.69105	0.03789	0.01278	0.01916	0.02917	0.01267	0.02269	0.01525	0.01890	0.01055	0.01218	0.00964	0.00653	0.00486	0.00167	0.00797	0.00406	0.00334	0.00964
46	0.01687	0.01625	0.02560	0.31494	0.29230	0.04369	0.04404	0.02255	0.05685	0.02260	0.01659	0.02415	0.01387	0.00826	0.00777	0.00247	0.00947	0.04765	0.00406	0.01003
47	0.01414	0.00707	0.00707	0.00707	0.00884	0.00707	0.00530	0.01767	0.01591	0.02828	0.02474	0.02828	0.01944	0.00884	0.00530	0.00177	0.00353	0.00707	0.77554	0.00707
48	0.01836	0.01923	0.02409	0.02366	0.11517	0.10698	0.01730	0.02047	0.01365	0.01922	0.01079	0.01654	0.01023	0.01167	0.02017	0.00300	0.53069	0.00644	0.00345	0.00889
49	0.01086	0.00784	0.01032	0.00992	0.01171	0.00729	0.00759	0.01443	0.02113	0.02976	0.62718	0.05913	0.06918	0.01597	0.00908	0.00248	0.00387	0.06689	0.00823	0.00714
50	0.01100	0.00747	0.00885	0.00885	0.00905	0.00767	0.00531	0.01140	0.01120	0.01513	0.02337	0.04672	0.02631	0.63400	0.13631	0.00806	0.00926	0.01060	0.00452	0.00492
51	0.02575	0.01201	0.01568	0.01280	0.01716	0.01124	0.01023	0.09208	0.02145	0.40529	0.12910	0.06209	0.02816	0.04888	0.06890	0.00345	0.00734	0.00930	0.00826	0.01081
52	0.02558	0.01846	0.01967	0.01542	0.02068	0.02020	0.01263	0.53211	0.03181	0.04343	0.02271	0.02296	0.05495	0.00969	0.00736	0.00222	0.00741	0.00743	0.11359	0.01170
53	0.02065	0.01651	0.01766	0.01549	0.02003	0.01879	0.01216	0.09320	0.57797	0.07361	0.02973	0.02728	0.02201	0.01013	0.00770	0.00253	0.00623	0.00837	0.00781	0.01214
54	0.06436	0.07645	0.02172	0.04844	0.02225	0.02156	0.01344	0.39557	0.08310	0.03836	0.01808	0.01913	0.01352	0.00906	0.00815	0.00229	0.05382	0.00662	0.07276	0.01131
55	0.02122	0.50817	0.03405	0.01576	0.04482	0.14781	0.01372	0.02363	0.01633	0.01856	0.01098	0.01312	0.00990	0.00714	0.00665	0.00179	0.05520	0.00449	0.00344	0.04322
56	0.01791	0.01407	0.01641	0.01188	0.01851	0.01126	0.00956	0.07200	0.01771	0.06751	0.01487	0.01655	0.01183	0.00613	0.00590	0.00129	0.00589	0.00487	0.00504	0.67080
57	0.05517	0.01696	0.01878	0.07203	0.02262	0.05897	0.01268	0.25097	0.05081	0.25067	0.02533	0.02453	0.05604	0.00957	0.00744	0.00231	0.00755	0.00750	0.03861	0.01144
58	0.01343	0.02368	0.34383	0.01663	0.03910	0.01273	0.01801	0.01950	0.01802	0.02622	0.25774	0.05309	0.03461	0.01107	0.00794	0.00237	0.00770	0.03225	0.00541	0.05666

[dist]
# distance from previous block
# <min> <max>
0	3

[block]
# block no. 10 follows, 26 sequences, length 85
# corresponding to MSA columns:
# 430-514
name=unknown_K
#
# <colnr> <probs for GDERKNQSTAVLIFYWHMCP>
#	G	D	E	R	K	N	Q	S	T	A	V	L	I	F	Y	W	H	M	C	P
0	0.02628	0.01462	0.02420	0.01945	0.06256	0.01310	0.16813	0.03022	0.02020	0.39942	0.08132	0.02627	0.02082	0.00885	0.00795	0.00233	0.00784	0.00827	0.00737	0.05079
1	0.02151	0.04542	0.04665	0.05930	0.05031	0.25803	0.03668	0.02411	0.01655	0.05010	0.01229	0.01623	0.01046	0.00972	0.01376	0.00253	0.27995	0.00597	0.00387	0.03654
2	0.01738	0.01404	0.04646	0.01186	0.01822	0.01028	0.00995	0.02089	0.01672	0.10394	0.05205	0.04424	0.01664	0.00730	0.00625	0.00146	0.00582	0.00601	0.00531	0.58516
3	0.01955	0.09874	0.35304	0.02032	0.02811	0.20929	0.05376	0.02516	0.01732	0.02166	0.01269	0.01526	0.00984	0.00755	0.00791	0.00222	0.05105	0.00545	0.00349	0.03758
4	0.01573	0.01348	0.01573	0.01123	0.01798	0.01011	0.00899	0.01910	0.01573	0.02472	0.01348	0.01573	0.01123	0.00562	0.00562	0.00112	0.00562	0.00449	0.00449	0.77980
5	0.01873	0.01908	0.05670	0.30853	0.08906	0.09293	0.08172	0.08753	0.04111	0.04283	0.01713	0.02111	0.03502	0.00842	0.00859	0.00245	0.04787	0.00712	0.00437	0.00969
