[name]
unknown

[dist]
# distance from previous block
# <min> <max>
0	49

[block]
# block no. 0 follows, 24 sequences, length 14
# corresponding to MSA columns:
# 49-62
name=unknown_A
#
# <colnr> <probs for GDERKNQSTAVLIFYWHMCP>
#	G	D	E	R	K	N	Q	S	T	A	V	L	I	F	Y	W	H	M	C	P
0	0.16433	0.01435	0.02228	0.32457	0.03645	0.01607	0.10134	0.02182	0.01636	0.06984	0.04791	0.02503	0.01587	0.00995	0.00910	0.04768	0.00913	0.03429	0.00471	0.00890
1	0.07947	0.15491	0.46560	0.03942	0.02993	0.02009	0.02369	0.02413	0.01659	0.02502	0.04256	0.01775	0.01285	0.00779	0.00699	0.00237	0.01031	0.00586	0.00373	0.01092
2	0.61098	0.01484	0.01271	0.01123	0.01605	0.01667	0.00913	0.02568	0.05249	0.11043	0.01614	0.04700	0.01277	0.00863	0.00569	0.00250	0.00615	0.00582	0.00578	0.00930
3	0.11051	0.01392	0.02141	0.57800	0.04732	0.01705	0.01947	0.02017	0.01568	0.02225	0.01727	0.02307	0.04566	0.00851	0.00763	0.00262	0.00966	0.00722	0.00390	0.00867
4	0.02393	0.01997	0.02251	0.07593	0.10613	0.08627	0.01577	0.28139	0.04886	0.06290	0.02300	0.02469	0.06764	0.01241	0.03947	0.00294	0.06073	0.00786	0.00625	0.01134
5	0.01527	0.00909	0.00967	0.00891	0.01137	0.00897	0.00669	0.04560	0.04632	0.02949	0.07909	0.03209	0.02470	0.05903	0.00852	0.00231	0.00449	0.00810	0.51961	0.07068
6	0.01081	0.00795	0.01012	0.00988	0.01167	0.00726	0.00730	0.01405	0.02102	0.02912	0.51996	0.14383	0.14204	0.01775	0.00945	0.00261	0.00388	0.01565	0.00840	0.00726
7	0.01485	0.01387	0.02291	0.59530	0.04879	0.01747	0.02068	0.01967	0.01533	0.02002	0.01441	0.02169	0.01132	0.01262	0.06558	0.00354	0.06254	0.00716	0.00358	0.00866
8	0.01136	0.00838	0.01216	0.01216	0.01337	0.00959	0.00918	0.01379	0.01257	0.01798	0.02178	0.03411	0.02111	0.15396	0.59716	0.01202	0.01931	0.00893	0.00433	0.00676
9	0.01781	0.01665	0.02802	0.17837	0.46293	0.01737	0.02241	0.02251	0.01763	0.02448	0.01815	0.02871	0.01631	0.00911	0.00826	0.00258	0.00939	0.08392	0.00427	0.01113
10	0.01478	0.00739	0.00739	0.00739	0.00924	0.00739	0.00554	0.01848	0.01663	0.02956	0.02587	0.02956	0.02033	0.00924	0.00554	0.00185	0.00370	0.00739	0.76534	0.00739
11	0.44262	0.01865	0.01547	0.01325	0.01812	0.10219	0.01067	0.13452	0.02013	0.07347	0.06956	0.01891	0.01593	0.00874	0.00628	0.00239	0.00745	0.00597	0.00595	0.00972
12	0.01444	0.01081	0.01583	0.01457	0.01714	0.01047	0.08378	0.01930	0.09683	0.07073	0.03551	0.39597	0.03813	0.06724	0.01158	0.00328	0.00639	0.04212	0.00695	0.03892
13	0.01734	0.01219	0.01430	0.01313	0.01668	0.01224	0.01012	0.02643	0.22778	0.10878	0.08298	0.17018	0.07779	0.03149	0.00940	0.00278	0.00575	0.06232	0.00765	0.09069

[dist]
# distance from previous block
# <min> <max>
0	1

[block]
# block no. 1 follows, 24 sequences, length 18
# corresponding to MSA columns:
# 64-81
name=unknown_B
#
# <colnr> <probs for GDERKNQSTAVLIFYWHMCP>
#	G	D	E	R	K	N	Q	S	T	A	V	L	I	F	Y	W	H	M	C	P
0	0.06729	0.05806	0.02285	0.01927	0.02392	0.50697	0.01487	0.14655	0.02458	0.02596	0.01343	0.01506	0.01075	0.00834	0.00711	0.00211	0.01263	0.00542	0.00483	0.01001
1	0.01974	0.01662	0.01758	0.01540	0.02005	0.01859	0.01206	0.10417	0.49812	0.03355	0.03435	0.03208	0.08195	0.01124	0.00806	0.00258	0.00631	0.00927	0.00782	0.05046
2	0.00954	0.00804	0.00827	0.00821	0.01082	0.00677	0.00616	0.01171	0.01848	0.02238	0.13460	0.07474	0.61376	0.01973	0.00937	0.00266	0.00399	0.01651	0.00749	0.00677
3	0.01628	0.01687	0.03382	0.02941	0.13068	0.01599	0.36609	0.02115	0.01761	0.02401	0.02374	0.21894	0.02362	0.01191	0.00934	0.00278	0.01026	0.01276	0.00495	0.00977
4	0.02131	0.65759	0.03931	0.01369	0.02025	0.03004	0.01341	0.05857	0.01756	0.02095	0.03769	0.01493	0.01294	0.00732	0.00542	0.00177	0.00831	0.00481	0.00386	0.01026
5	0.01122	0.00811	0.01060	0.00998	0.01185	0.00748	0.00748	0.01496	0.02245	0.03180	0.66766	0.05923	0.07482	0.01621	0.00935	0.00249	0.00374	0.01434	0.00873	0.00748
6	0.00985	0.00703	0.00942	0.01125	0.01180	0.00660	0.00769	0.01136	0.01537	0.02045	0.04360	0.67865	0.05204	0.02467	0.01017	0.00325	0.00476	0.05819	0.00736	0.00649
7	0.01673	0.01696	0.02671	0.43580	0.04411	0.05493	0.09855	0.02126	0.01577	0.02061	0.01345	0.02000	0.01070	0.00906	0.01196	0.00279	0.16077	0.00721	0.00360	0.00904
8	0.01870	0.02102	0.04472	0.03367	0.07821	0.02020	0.57277	0.02500	0.01833	0.02510	0.01568	0.02107	0.01198	0.00709	0.01015	0.00270	0.04984	0.00909	0.00398	0.01070
9	0.01498	0.01409	0.02378	0.70226	0.05462	0.01762	0.02202	0.02026	0.01586	0.02026	0.01409	0.02114	0.01057	0.00793	0.00793	0.00264	0.01057	0.00705	0.00352	0.00881
10	0.01754	0.01406	0.01656	0.01188	0.01888	0.01063	0.00953	0.02104	0.01680	0.06321	0.01508	0.01705	0.01220	0.00610	0.00599	0.00125	0.00592	0.00489	0.00499	0.72641
11	0.57618	0.06270	0.01570	0.01270	0.01755	0.15851	0.01029	0.02508	0.01552	0.03119	0.01129	0.01317	0.00902	0.00750	0.00539	0.00232	0.00798	0.00446	0.00465	0.00881
12	0.01377	0.00689	0.01033	0.01033	0.01033	0.00689	0.00689	0.01033	0.01033	0.01377	0.01377	0.02410	0.01377	0.02755	0.03099	0.76928	0.00689	0.00689	0.00344	0.00344
13	0.01241	0.00845	0.01070	0.01015	0.01233	0.00770	0.00774	0.01570	0.02112	0.06557	0.47372	0.06194	0.16508	0.03989	0.01040	0.00277	0.00432	0.05405	0.00835	0.00759
14	0.01618	0.07620	0.64742	0.02214	0.03360	0.01908	0.02849	0.02504	0.01671	0.02478	0.01407	0.01654	0.01005	0.00750	0.00741	0.00247	0.01155	0.00578	0.00335	0.01164
15	0.01338	0.00860	0.01119	0.01026	0.01256	0.00783	0.00779	0.01696	0.02224	0.09090	0.57784	0.05716	0.10108	0.01582	0.00923	0.00250	0.00403	0.01388	0.00876	0.00800
16	0.01936	0.01857	0.03171	0.08562	0.63695	0.01877	0.02421	0.02411	0.01793	0.02559	0.01487	0.01971	0.01245	0.00711	0.00785	0.00237	0.00949	0.00706	0.00390	0.01235
17	0.01983	0.54816	0.20743	0.01591	0.02398	0.02801	0.01765	0.02410	0.01628	0.02033	0.01186	0.01376	0.01014	0.00698	0.00572	0.00191	0.00932	0.00466	0.00338	0.01058

[dist]
# distance from previous block
# <min> <max>
0	11

[block]
# block no. 2 follows, 24 sequences, length 17
# corresponding to MSA columns:
# 93-109
name=unknown_C
#
# <colnr> <probs for GDERKNQSTAVLIFYWHMCP>
#	G	D	E	R	K	N	Q	S	T	A	V	L	I	F	Y	W	H	M	C	P
0	0.06171	0.45864	0.13519	0.01604	0.02300	0.14742	0.01605	0.02536	0.01722	0.02068	0.01174	0.01364	0.01008	0.00718	0.00583	0.00192	0.00991	0.00465	0.00359	0.01015
1	0.40367	0.02441	0.23470	0.01547	0.02286	0.01828	0.01629	0.08672	0.01752	0.07441	0.01418	0.01567	0.01026	0.00779	0.00627	0.00247	0.00828	0.00533	0.00500	0.01042
2	0.01590	0.04102	0.68023	0.02260	0.03432	0.01842	0.02930	0.02511	0.01674	0.02511	0.01423	0.01674	0.01005	0.00753	0.00753	0.00251	0.01172	0.00586	0.00335	0.01172
3	0.01377	0.00689	0.01033	0.01033	0.01033	0.00689	0.00689	0.01033	0.01033	0.01377	0.01377	0.02410	0.01377	0.02755	0.03099	0.76928	0.00689	0.00689	0.00344	0.00344
4	0.02120	0.72609	0.04155	0.01357	0.02035	0.03138	0.01357	0.02374	0.01611	0.01866	0.01102	0.01272	0.01018	0.00678	0.00509	0.00170	0.00848	0.00424	0.00339	0.01018
5	0.01119	0.00754	0.00875	0.00909	0.00918	0.00746	0.00528	0.01144	0.01221	0.01627	0.02844	0.17440	0.03319	0.59286	0.03478	0.00686	0.00712	0.01356	0.00528	0.00511
6	0.02760	0.03447	0.02222	0.02013	0.02369	0.59341	0.01528	0.02964	0.02102	0.01933	0.01247	0.01535	0.01066	0.01100	0.03911	0.00266	0.08345	0.00544	0.00403	0.00905
7	0.01377	0.00689	0.01033	0.01033	0.01033	0.00689	0.00689	0.01033	0.01033	0.01377	0.01377	0.02410	0.01377	0.02755	0.03099	0.76928	0.00689	0.00689	0.00344	0.00344
8	0.01666	0.00921	0.00940	0.00872	0.01112	0.00950	0.00671	0.09530	0.01916	0.03207	0.02503	0.02827	0.01949	0.00927	0.00584	0.00191	0.00431	0.00736	0.67252	0.00814
9	0.09637	0.65543	0.03858	0.01326	0.01985	0.03003	0.01307	0.02370	0.01585	0.02034	0.01103	0.01274	0.01002	0.00684	0.00507	0.00177	0.00825	0.00425	0.00354	0.01002
10	0.01398	0.00859	0.01135	0.01064	0.01283	0.00784	0.00798	0.01729	0.02142	0.10922	0.49876	0.15101	0.06480	0.01669	0.00930	0.00259	0.00423	0.01476	0.00866	0.00807
11	0.55211	0.01615	0.01454	0.01219	0.01750	0.01796	0.01005	0.12307	0.01857	0.13135	0.01524	0.01590	0.01096	0.00806	0.00583	0.00244	0.00663	0.00528	0.00610	0.01007
12	0.01664	0.00957	0.01269	0.01172	0.01283	0.00999	0.00832	0.12159	0.01505	0.02012	0.01470	0.02322	0.01372	0.02439	0.02695	0.63493	0.00721	0.00693	0.00423	0.00520
13	0.01031	0.00737	0.00989	0.01143	0.01226	0.00696	0.00817	0.01231	0.01652	0.02217	0.11992	0.54432	0.05420	0.02336	0.01015	0.00319	0.00489	0.10838	0.00752	0.00669
14	0.01612	0.01526	0.02584	0.54205	0.20591	0.01792	0.02259	0.02126	0.01640	0.02164	0.01430	0.02077	0.01106	0.00772	0.00791	0.00257	0.01029	0.00705	0.00362	0.00973
15	0.01668	0.14084	0.58716	0.02129	0.03229	0.02030	0.02701	0.02491	0.01665	0.02417	0.01376	0.01616	0.01006	0.00742	0.00718	0.00239	0.01125	0.00562	0.00335	0.01149
16	0.02962	0.03779	0.02247	0.02043	0.02451	0.68948	0.01532	0.03166	0.02247	0.01941	0.01226	0.01430	0.01021	0.00817	0.00715	0.00204	0.01430	0.00511	0.00409	0.00919

[dist]
# distance from previous block
# <min> <max>
0	3

[block]
# block no. 3 follows, 24 sequences, length 102
# corresponding to MSA columns:
# 113-214
name=unknown_D
#
# <colnr> <probs for GDERKNQSTAVLIFYWHMCP>
#	G	D	E	R	K	N	Q	S	T	A	V	L	I	F	Y	W	H	M	C	P
0	0.02270	0.01660	0.01834	0.01553	0.02003	0.01794	0.01240	0.33621	0.12279	0.06482	0.03176	0.14993	0.07362	0.01388	0.00862	0.00267	0.00713	0.04591	0.00785	0.01126
1	0.01134	0.00845	0.01251	0.01251	0.01384	0.00978	0.00962	0.01401	0.01267	0.01823	0.02146	0.03234	0.02034	0.09745	0.65262	0.01245	0.02046	0.00867	0.00428	0.00695
2	0.01278	0.00913	0.01278	0.01460	0.01643	0.00913	0.01278	0.01643	0.01825	0.02373	0.04199	0.08945	0.04564	0.02191	0.01095	0.00365	0.00730	0.61847	0.00730	0.00730
3	0.04928	0.07184	0.58319	0.02313	0.06940	0.01904	0.02736	0.02492	0.01665	0.02530	0.01398	0.01655	0.01013	0.00746	0.00732	0.00246	0.01119	0.00578	0.00345	0.01156
4	0.01611	0.03982	0.64533	0.02401	0.06866	0.01844	0.02903	0.02507	0.01681	0.02516	0.01427	0.01690	0.01018	0.00751	0.00755	0.00250	0.01160	0.00592	0.00338	0.01176
5	0.01735	0.01735	0.02429	0.02082	0.02082	0.02429	0.01735	0.01908	0.01214	0.01908	0.01041	0.01735	0.01041	0.01388	0.02602	0.00347	0.70680	0.00694	0.00347	0.00867
6	0.01122	0.00811	0.01060	0.00998	0.01185	0.00748	0.00748	0.01496	0.02245	0.03180	0.66766	0.05923	0.07482	0.01621	0.00935	0.00249	0.00374	0.01434	0.00873	0.00748
7	0.01520	0.01432	0.02419	0.67057	0.08453	0.01768	0.02213	0.02046	0.01596	0.02053	0.01413	0.02107	0.01067	0.00789	0.00792	0.00263	0.01052	0.00705	0.00354	0.00899
8	0.00950	0.00804	0.00821	0.00817	0.01079	0.00675	0.00613	0.01163	0.01838	0.02214	0.12074	0.07514	0.62778	0.01982	0.00937	0.00267	0.00400	0.01657	0.00746	0.00675
9	0.02523	0.02820	0.01804	0.01648	0.01998	0.46319	0.01241	0.04944	0.02126	0.02351	0.01654	0.01901	0.01334	0.00854	0.00670	0.00200	0.01095	0.00586	0.23054	0.00881
10	0.01735	0.01735	0.02429	0.02082	0.02082	0.02429	0.01735	0.01908	0.01214	0.01908	0.01041	0.01735	0.01041	0.01388	0.02602	0.00347	0.70680	0.00694	0.00347	0.00867
11	0.01153	0.00769	0.00865	0.00865	0.00865	0.00769	0.00480	0.01153	0.01153	0.01538	0.02499	0.05189	0.02883	0.72131	0.04036	0.00769	0.00769	0.01153	0.00480	0.00480
12	0.01550	0.01475	0.02459	0.55190	0.04832	0.01743	0.06154	0.02051	0.01590	0.02110	0.01402	0.02048	0.01078	0.00796	0.00879	0.00254	0.04778	0.00696	0.00367	0.08548
13	0.02962	0.03779	0.02247	0.02043	0.02451	0.68948	0.01532	0.03166	0.02247	0.01941	0.01226	0.01430	0.01021	0.00817	0.00715	0.00204	0.01430	0.00511	0.00409	0.00919
14	0.01653	0.01628	0.02404	0.02044	0.02118	0.02185	0.05758	0.01876	0.01267	0.01940	0.01241	0.01969	0.01193	0.02026	0.12477	0.00481	0.55787	0.00733	0.00362	0.00857
15	0.01133	0.00850	0.01274	0.01274	0.01416	0.00991	0.00991	0.01416	0.01274	0.01841	0.02124	0.03115	0.01982	0.05947	0.68989	0.01274	0.02124	0.00850	0.00425	0.00708
16	0.01590	0.04102	0.68023	0.02260	0.03432	0.01842	0.02930	0.02511	0.01674	0.02511	0.01423	0.01674	0.01005	0.00753	0.00753	0.00251	0.01172	0.00586	0.00335	0.01172
17	0.00966	0.00690	0.00920	0.01104	0.01150	0.00644	0.00736	0.01104	0.01518	0.02024	0.04371	0.71614	0.05245	0.02484	0.01012	0.00322	0.00460	0.02254	0.00736	0.00644
18	0.01990	0.01665	0.01752	0.01566	0.02006	0.01914	0.01221	0.06982	0.58511	0.03375	0.03121	0.02907	0.02343	0.01060	0.00790	0.00262	0.00622	0.00877	0.05810	0.01226
19	0.01498	0.01409	0.02378	0.70226	0.05462	0.01762	0.02202	0.02026	0.01586	0.02026	0.01409	0.02114	0.01057	0.00793	0.00793	0.00264	0.01057	0.00705	0.00352	0.00881
20	0.01963	0.01884	0.03219	0.04867	0.67185	0.01884	0.02434	0.02434	0.01806	0.02591	0.01492	0.01963	0.01256	0.00707	0.00785	0.00236	0.00942	0.00707	0.00393	0.01256
21	0.02856	0.12463	0.02488	0.01956	0.02399	0.60645	0.01510	0.03067	0.02167	0.01931	0.01210	0.01410	0.01021	0.00800	0.00689	0.00200	0.01357	0.00500	0.00400	0.00932
22	0.00979	0.00696	0.00916	0.01088	0.01131	0.00653	0.00719	0.01108	0.01493	0.01991	0.04242	0.67044	0.05082	0.07276	0.01220	0.00353	0.00481	0.02179	0.00719	0.00633
23	0.01265	0.00903	0.01263	0.01445	0.01622	0.00902	0.01255	0.01620	0.01813	0.02359	0.04206	0.11566	0.04592	0.02203	0.01092	0.00363	0.00719	0.59355	0.00730	0.00727
24	0.01112	0.00802	0.01050	0.01005	0.01182	0.00741	0.00747	0.01469	0.02195	0.03100	0.62474	0.10443	0.07328	0.01681	0.00941	0.00254	0.00380	0.01491	0.00864	0.00741
25	0.01963	0.01884	0.03219	0.04867	0.67185	0.01884	0.02434	0.02434	0.01806	0.02591	0.01492	0.01963	0.01256	0.00707	0.00785	0.00236	0.00942	0.00707	0.00393	0.01256
26	0.02962	0.03779	0.02247	0.02043	0.02451	0.68948	0.01532	0.03166	0.02247	0.01941	0.01226	0.01430	0.01021	0.00817	0.00715	0.00204	0.01430	0.00511	0.00409	0.00919
27	0.00966	0.00690	0.00920	0.01104	0.01150	0.00644	0.00736	0.01104	0.01518	0.02024	0.04371	0.71614	0.05245	0.02484	0.01012	0.00322	0.00460	0.02254	0.00736	0.00644
28	0.01963	0.01884	0.03219	0.04867	0.67185	0.01884	0.02434	0.02434	0.01806	0.02591	0.01492	0.01963	0.01256	0.00707	0.00785	0.00236	0.00942	0.00707	0.00393	0.01256
29	0.01498	0.01409	0.02378	0.70226	0.05462	0.01762	0.02202	0.02026	0.01586	0.02026	0.01409	0.02114	0.01057	0.00793	0.00793	0.00264	0.01057	0.00705	0.00352	0.00881
30	0.01176	0.00895	0.01282	0.01259	0.01368	0.01049	0.00955	0.01404	0.01250	0.01794	0.02115	0.03372	0.02071	0.16757	0.53698	0.01128	0.06427	0.00890	0.00429	0.00680
31	0.01659	0.01678	0.03155	0.43246	0.11721	0.01848	0.20738	0.02223	0.01695	0.02240	0.01476	0.02105	0.01122	0.00746	0.00835	0.00262	0.01128	0.00774	0.00371	0.00978
32	0.01963	0.01884	0.03219	0.04867	0.67185	0.01884	0.02434	0.02434	0.01806	0.02591	0.01492	0.01963	0.01256	0.00707	0.00785	0.00236	0.00942	0.00707	0.00393	0.01256
33	0.10740	0.02477	0.01898	0.01804	0.04549	0.29530	0.01322	0.03274	0.25128	0.02634	0.02117	0.04859	0.01751	0.03497	0.00856	0.00258	0.00968	0.00740	0.00577	0.01021
34	0.01020	0.00745	0.00967	0.01132	0.01199	0.00716	0.00764	0.01272	0.04978	0.02094	0.04309	0.67916	0.05093	0.02408	0.01001	0.00319	0.00469	0.02181	0.00740	0.00677
35	0.01632	0.09467	0.63021	0.02189	0.03323	0.01943	0.02807	0.02501	0.01669	0.02461	0.01398	0.01643	0.01006	0.00748	0.00734	0.00245	0.01147	0.00573	0.00335	0.01160
36	0.01659	0.01574	0.02670	0.47531	0.26894	0.01804	0.02283	0.02168	0.01662	0.02222	0.01438	0.02062	0.01126	0.00763	0.00790	0.00254	0.01017	0.00705	0.00366	0.01011
37	0.01795	0.30519	0.43395	0.01912	0.02893	0.02341	0.02323	0.02459	0.01650	0.02262	0.01299	0.01519	0.01010	0.00724	0.00659	0.00220	0.01047	0.00524	0.00337	0.01112
38	0.01707	0.01195	0.04867	0.01209	0.01532	0.01036	0.00986	0.04325	0.06396	0.14207	0.25768	0.05003	0.08839	0.13222	0.01416	0.00346	0.00600	0.05694	0.00770	0.00882
39	0.67655	0.01626	0.01329	0.01148	0.01658	0.01871	0.00946	0.10721	0.01670	0.03752	0.01212	0.01371	0.00925	0.00765	0.00532	0.00244	0.00648	0.00468	0.00532	0.00925
40	0.01501	0.01329	0.02094	0.51660	0.04384	0.01580	0.01847	0.01970	0.01582	0.02170	0.01615	0.04444	0.01307	0.00867	0.00827	0.00248	0.03650	0.00737	0.08266	0.07923
41	0.01353	0.01131	0.04452	0.01281	0.01564	0.01001	0.01058	0.01923	0.10263	0.04926	0.14184	0.20630	0.11211	0.01816	0.00947	0.00293	0.00577	0.16530	0.00744	0.04116
42	0.01590	0.04102	0.68023	0.02260	0.03432	0.01842	0.02930	0.02511	0.01674	0.02511	0.01423	0.01674	0.01005	0.00753	0.00753	0.00251	0.01172	0.00586	0.00335	0.01172
43	0.11280	0.01350	0.01741	0.01357	0.01943	0.01215	0.01118	0.03619	0.02172	0.58683	0.05177	0.02665	0.02043	0.00978	0.00770	0.00246	0.00658	0.00781	0.00926	0.01276
44	0.03086	0.01891	0.02146	0.01655	0.02252	0.01992	0.01356	0.43397	0.03169	0.23514	0.02297	0.02300	0.01606	0.04411	0.00952	0.00266	0.00809	0.00760	0.00834	0.01307
45	0.01906	0.01972	0.05842	0.15592	0.51646	0.04398	0.02382	0.02396	0.01780	0.02468	0.01465	0.01955	0.01203	0.00727	0.00782	0.00240	0.00990	0.00694	0.00384	0.01177
46	0.01474	0.00737	0.00750	0.00750	0.00928	0.00737	0.00559	0.01817	0.01639	0.02896	0.02541	0.02936	0.02008	0.00994	0.00651	0.03112	0.00382	0.00737	0.73628	0.00724
47	0.02137	0.67482	0.06307	0.01406	0.02100	0.03066	0.01417	0.04803	0.01696	0.02010	0.01145	0.01311	0.01030	0.00692	0.00528	0.00175	0.00860	0.00441	0.00357	0.01036
48	0.01153	0.00769	0.00865	0.00865	0.00865	0.00769	0.00480	0.01153	0.01153	0.01538	0.02499	0.05189	0.02883	0.72131	0.04036	0.00769	0.00769	0.01153	0.00480	0.00480
49	0.01153	0.00769	0.00865	0.00865	0.00865	0.00769	0.00480	0.01153	0.01153	0.01538	0.02499	0.05189	0.02883	0.72131	0.04036	0.00769	0.00769	0.01153	0.00480	0.00480
50	0.01644	0.01409	0.01644	0.01175	0.01879	0.01057	0.00940	0.01997	0.01644	0.02584	0.01409	0.01644	0.01175	0.00587	0.00587	0.00117	0.00587	0.00470	0.00470	0.76979
51	0.01635	0.01037	0.01271	0.16487	0.02097	0.01140	0.01020	0.08100	0.01850	0.02949	0.02254	0.02663	0.01745	0.00897	0.00632	0.00208	0.00574	0.00729	0.51881	0.00831
52	0.01972	0.01703	0.01793	0.01614	0.02062	0.01972	0.01255	0.04214	0.65752	0.03317	0.03228	0.02959	0.02421	0.01076	0.00807	0.00269	0.00628	0.00897	0.00807	0.01255
53	0.01153	0.00769	0.00865	0.00865	0.00865	0.00769	0.00480	0.01153	0.01153	0.01538	0.02499	0.05189	0.02883	0.72131	0.04036	0.00769	0.00769	0.01153	0.00480	0.00480
54	0.02539	0.02222	0.23764	0.01657	0.02398	0.01386	0.01709	0.03162	0.05488	0.35173	0.09856	0.02741	0.02301	0.00984	0.00799	0.00249	0.00803	0.00805	0.00745	0.01216
55	0.00979	0.00699	0.00935	0.01119	0.01171	0.00655	0.00759	0.01127	0.01531	0.02039	0.04363	0.69000	0.05216	0.02472	0.01016	0.00324	0.00471	0.04740	0.00736	0.00648
56	0.01644	0.01409	0.01644	0.01175	0.01879	0.01057	0.00940	0.01997	0.01644	0.02584	0.01409	0.01644	0.01175	0.00587	0.00587	0.00117	0.00587	0.00470	0.00470	0.76979
57	0.03011	0.02328	0.02371	0.01840	0.02459	0.07033	0.01509	0.60319	0.03626	0.04787	0.01857	0.01871	0.01326	0.00943	0.00788	0.00236	0.00911	0.00700	0.00767	0.01319
58	0.01590	0.04102	0.68023	0.02260	0.03432	0.01842	0.02930	0.02511	0.01674	0.02511	0.01423	0.01674	0.01005	0.00753	0.00753	0.00251	0.01172	0.00586	0.00335	0.01172
59	0.01133	0.00850	0.01274	0.01274	0.01416	0.00991	0.00991	0.01416	0.01274	0.01841	0.02124	0.03115	0.01982	0.05947	0.68989	0.01274	0.02124	0.00850	0.00425	0.00708
60	0.01735	0.01735	0.02429	0.02082	0.02082	0.02429	0.01735	0.01908	0.01214	0.01908	0.01041	0.01735	0.01041	0.01388	0.02602	0.00347	0.70680	0.00694	0.00347	0.00867
61	0.00965	0.00695	0.00915	0.01091	0.01147	0.00645	0.00730	0.01106	0.01531	0.02030	0.04535	0.68740	0.08012	0.02463	0.01009	0.00320	0.00457	0.02228	0.00736	0.00645
62	0.01153	0.00769	0.00865	0.00865	0.00865	0.00769	0.00480	0.01153	0.01153	0.01538	0.02499	0.05189	0.02883	0.72131	0.04036	0.00769	0.00769	0.01153	0.00480	0.00480
63	0.01112	0.00803	0.01051	0.01005	0.01182	0.00741	0.00747	0.01471	0.02197	0.03104	0.62643	0.10264	0.07334	0.01678	0.00940	0.00254	0.00380	0.01488	0.00864	0.00741
64	0.05959	0.03954	0.64187	0.02190	0.03323	0.01838	0.02811	0.02501	0.01656	0.02571	0.01405	0.01652	0.00996	0.00752	0.00738	0.00251	0.01140	0.00577	0.00344	0.01154
65	0.01590	0.04102	0.68023	0.02260	0.03432	0.01842	0.02930	0.02511	0.01674	0.02511	0.01423	0.01674	0.01005	0.00753	0.00753	0.00251	0.01172	0.00586	0.00335	0.01172
66	0.01153	0.00769	0.00865	0.00865	0.00865	0.00769	0.00480	0.01153	0.01153	0.01538	0.02499	0.05189	0.02883	0.72131	0.04036	0.00769	0.00769	0.01153	0.00480	0.00480
67	0.02220	0.02278	0.02979	0.04135	0.50688	0.15160	0.02202	0.06142	0.02003	0.02600	0.01463	0.01854	0.01215	0.00742	0.00772	0.00229	0.01034	0.00668	0.00419	0.01195
68	0.01518	0.01431	0.02416	0.67290	0.08234	0.01767	0.02213	0.02044	0.01596	0.02051	0.01413	0.02107	0.01066	0.00789	0.00792	0.00263	0.01052	0.00705	0.00354	0.00898
69	0.02817	0.02503	0.02182	0.01790	0.02316	0.20517	0.01426	0.39065	0.07267	0.03897	0.01856	0.01922	0.01381	0.00921	0.00755	0.00227	0.00972	0.00672	0.06333	0.01179
70	0.01600	0.01362	0.01596	0.01170	0.01831	0.01030	0.00926	0.01938	0.01636	0.02547	0.01605	0.06268	0.01443	0.00713	0.00615	0.00131	0.00579	0.00588	0.00487	0.71935
71	0.74765	0.01547	0.01246	0.01193	0.04105	0.01783	0.00920	0.02335	0.01367	0.03520	0.01119	0.01315	0.00874	0.00735	0.00502	0.00245	0.00626	0.00440	0.00487	0.00874
72	0.03008	0.02412	0.02364	0.01851	0.02458	0.10589	0.01510	0.57036	0.03547	0.04624	0.01821	0.01846	0.01309	0.00935	0.00784	0.00234	0.00941	0.00689	0.00746	0.01296
73	0.01803	0.01556	0.01631	0.01481	0.01900	0.01760	0.01149	0.03711	0.55309	0.03125	0.04012	0.03722	0.12945	0.01228	0.00828	0.00269	0.00591	0.01023	0.00795	0.01160
74	0.01377	0.00689	0.01033	0.01033	0.01033	0.00689	0.00689	0.01033	0.01033	0.01377	0.01377	0.02410	0.01377	0.02755	0.03099	0.76928	0.00689	0.00689	0.00344	0.00344
75	0.00937	0.00803	0.00803	0.00803	0.01071	0.00669	0.00602	0.01138	0.01807	0.02142	0.08033	0.07632	0.66863	0.02008	0.00937	0.00268	0.00402	0.01674	0.00736	0.00669
76	0.01278	0.00913	0.01278	0.01460	0.01643	0.00913	0.01278	0.01643	0.01825	0.02373	0.04199	0.08945	0.04564	0.02191	0.01095	0.00365	0.00730	0.61847	0.00730	0.00730
77	0.01963	0.01884	0.03219	0.04867	0.67185	0.01884	0.02434	0.02434	0.01806	0.02591	0.01492	0.01963	0.01256	0.00707	0.00785	0.00236	0.00942	0.00707	0.00393	0.01256
78	0.01644	0.01409	0.01644	0.01175	0.01879	0.01057	0.00940	0.01997	0.01644	0.02584	0.01409	0.01644	0.01175	0.00587	0.00587	0.00117	0.00587	0.00470	0.00470	0.76979
79	0.01649	0.00927	0.01229	0.01087	0.01366	0.00838	0.00838	0.02009	0.02250	0.17139	0.53006	0.05226	0.06289	0.01483	0.00905	0.00249	0.00439	0.01296	0.00896	0.00878
80	0.15520	0.01379	0.01731	0.01352	0.01945	0.01264	0.01116	0.03617	0.02121	0.57384	0.02802	0.02472	0.01785	0.00942	0.00748	0.00245	0.00665	0.00738	0.00902	0.01270
81	0.01808	0.01726	0.02939	0.26609	0.46653	0.01843	0.02357	0.02298	0.01732	0.02403	0.01464	0.02013	0.01190	0.00735	0.00788	0.00245	0.00980	0.00706	0.00379	0.01131
82	0.03014	0.02221	0.02380	0.01825	0.02459	0.02459	0.01507	0.64541	0.03728	0.04998	0.01904	0.01904	0.01349	0.00952	0.00793	0.00238	0.00873	0.00714	0.00793	0.01349
83	0.01872	0.02139	0.04679	0.03342	0.04144	0.02005	0.64305	0.02540	0.01872	0.02540	0.01604	0.02139	0.01203	0.00668	0.00936	0.00267	0.01337	0.00936	0.00401	0.01070
84	0.77733	0.01534	0.01166	0.01043	0.01534	0.01779	0.00859	0.02331	0.01350	0.03558	0.01104	0.01288	0.00859	0.00736	0.00491	0.00245	0.00613	0.00429	0.00491	0.00859
85	0.02052	0.01967	0.06614	0.04489	0.59269	0.01832	0.02373	0.02536	0.01830	0.07068	0.01601	0.01998	0.01291	0.00728	0.00784	0.00237	0.00936	0.00706	0.00430	0.01258
86	0.77733	0.01534	0.01166	0.01043	0.01534	0.01779	0.00859	0.02331	0.01350	0.03558	0.01104	0.01288	0.00859	0.00736	0.00491	0.00245	0.00613	0.00429	0.00491	0.00859
87	0.00937	0.00803	0.00803	0.00803	0.01071	0.00669	0.00602	0.01138	0.01807	0.02142	0.08033	0.07632	0.66863	0.02008	0.00937	0.00268	0.00402	0.01674	0.00736	0.00669
88	0.01153	0.00769	0.00865	0.00865	0.00865	0.00769	0.00480	0.01153	0.01153	0.01538	0.02499	0.05189	0.02883	0.72131	0.04036	0.00769	0.00769	0.01153	0.00480	0.00480
89	0.00966	0.00690	0.00920	0.01104	0.01150	0.00644	0.00736	0.01104	0.01518	0.02024	0.04371	0.71614	0.05245	0.02484	0.01012	0.00322	0.00460	0.02254	0.00736	0.00644
90	0.01153	0.00769	0.00865	0.00865	0.00865	0.00769	0.00480	0.01153	0.01153	0.01538	0.02499	0.05189	0.02883	0.72131	0.04036	0.00769	0.00769	0.01153	0.00480	0.00480
91	0.01568	0.01493	0.02562	0.59880	0.12986	0.01785	0.04394	0.02094	0.01623	0.02113	0.01426	0.02096	0.01087	0.00778	0.00797	0.00261	0.01053	0.00713	0.00359	0.00933
92	0.01963	0.01884	0.03219	0.04867	0.67185	0.01884	0.02434	0.02434	0.01806	0.02591	0.01492	0.01963	0.01256	0.00707	0.00785	0.00236	0.00942	0.00707	0.00393	0.01256
93	0.00966	0.00690	0.00920	0.01104	0.01150	0.00644	0.00736	0.01104	0.01518	0.02024	0.04371	0.71614	0.05245	0.02484	0.01012	0.00322	0.00460	0.02254	0.00736	0.00644
94	0.01963	0.01884	0.03219	0.04867	0.67185	0.01884	0.02434	0.02434	0.01806	0.02591	0.01492	0.01963	0.01256	0.00707	0.00785	0.00236	0.00942	0.00707	0.00393	0.01256
95	0.02120	0.72609	0.04155	0.01357	0.02035	0.03138	0.01357	0.02374	0.01611	0.01866	0.01102	0.01272	0.01018	0.00678	0.00509	0.00170	0.00848	0.00424	0.00339	0.01018
96	0.00952	0.00804	0.00824	0.00819	0.01080	0.00676	0.00614	0.01167	0.01842	0.02225	0.12717	0.07495	0.62128	0.01977	0.00937	0.00266	0.00399	0.01654	0.00747	0.00676
97	0.01310	0.01018	0.01247	0.01323	0.01572	0.01030	0.01107	0.01950	0.12559	0.02475	0.04985	0.07614	0.19627	0.01958	0.01008	0.00325	0.00632	0.36712	0.00745	0.00803
98	0.01970	0.53227	0.22224	0.01612	0.02430	0.02771	0.01802	0.02413	0.01629	0.02048	0.01193	0.01386	0.01014	0.00700	0.00578	0.00193	0.00940	0.00470	0.00338	0.01061
99	0.01363	0.00694	0.01022	0.01022	0.01022	0.00694	0.00675	0.01041	0.01041	0.01388	0.01451	0.02594	0.01477	0.07339	0.03161	0.71896	0.00694	0.00719	0.00353	0.00353
100	0.01910	0.01830	0.03123	0.12299	0.60167	0.01870	0.02407	0.02387	0.01781	0.02526	0.01482	0.01980	0.01233	0.00716	0.00786	0.00239	0.00955	0.00706	0.00388	0.01213
101	0.01963	0.01884	0.03219	0.04867	0.67185	0.01884	0.02434	0.02434	0.01806	0.02591	0.01492	0.01963	0.01256	0.00707	0.00785	0.00236	0.00942	0.00707	0.00393	0.01256

[dist]
# distance from previous block
# <min> <max>
6	10

[block]
# block no. 4 follows, 24 sequences, length 210
# corresponding to MSA columns:
# 225-434
name=unknown_E
#
# <colnr> <probs for GDERKNQSTAVLIFYWHMCP>
#	G	D	E	R	K	N	Q	S	T	A	V	L	I	F	Y	W	H	M	C	P
0	0.02096	0.69512	0.07042	0.01398	0.02098	0.03079	0.01428	0.02381	0.01614	0.01895	0.01117	0.01290	0.01017	0.00682	0.00520	0.00173	0.00863	0.00431	0.00339	0.01025
1	0.05387	0.02470	0.26436	0.01759	0.02565	0.01595	0.01842	0.07965	0.06643	0.31785	0.02334	0.02224	0.01552	0.00892	0.00770	0.00249	0.00869	0.00706	0.00697	0.01259
2	0.02754	0.01325	0.01688	0.01394	0.01889	0.01263	0.01127	0.03485	0.15764	0.41432	0.12749	0.03515	0.03004	0.01151	0.00833	0.00256	0.00622	0.03619	0.00917	0.01212
3	0.01830	0.02012	0.04054	0.02956	0.03611	0.02006	0.48540	0.02388	0.01740	0.02434	0.01491	0.02031	0.01173	0.00787	0.01198	0.00270	0.13326	0.00858	0.00397	0.06898
4	0.01115	0.00805	0.01053	0.01003	0.01183	0.00743	0.00748	0.01478	0.02211	0.03126	0.63859	0.08984	0.07378	0.01661	0.00939	0.00253	0.00378	0.01472	0.00867	0.00743
5	0.01629	0.07212	0.62676	0.02313	0.05700	0.01904	0.02838	0.02502	0.01676	0.02484	0.01411	0.01666	0.01014	0.00748	0.00743	0.00247	0.01148	0.00583	0.00337	0.01168
6	0.03000	0.02647	0.02344	0.01884	0.02457	0.20615	0.01514	0.47782	0.03324	0.04163	0.01719	0.01774	0.01259	0.00915	0.00772	0.00229	0.01025	0.00658	0.00688	0.01231
7	0.01161	0.00884	0.01297	0.01282	0.01407	0.01040	0.00988	0.01420	0.01263	0.01822	0.02102	0.03200	0.02004	0.10450	0.61367	0.01197	0.05126	0.00864	0.00425	0.00699
8	0.01122	0.00811	0.01060	0.00998	0.01185	0.00748	0.00748	0.01496	0.02245	0.03180	0.66766	0.05923	0.07482	0.01621	0.00935	0.00249	0.00374	0.01434	0.00873	0.00748
9	0.03423	0.01359	0.01825	0.01408	0.02002	0.01197	0.01160	0.06151	0.02326	0.62248	0.06045	0.02818	0.02196	0.01010	0.00804	0.00245	0.00669	0.00824	0.00969	0.01321
10	0.01872	0.02139	0.04679	0.03342	0.04144	0.02005	0.64305	0.02540	0.01872	0.02540	0.01604	0.02139	0.01203	0.00668	0.00936	0.00267	0.01337	0.00936	0.00401	0.01070
11	0.01506	0.01375	0.02264	0.62436	0.04998	0.01717	0.02065	0.02008	0.01576	0.02087	0.01478	0.02158	0.01126	0.00827	0.00851	0.00262	0.03916	0.00707	0.05772	0.00870
12	0.01133	0.00850	0.01274	0.01274	0.01416	0.00991	0.00991	0.01416	0.01274	0.01841	0.02124	0.03115	0.01982	0.05947	0.68989	0.01274	0.02124	0.00850	0.00425	0.00708
13	0.00945	0.00804	0.00813	0.00811	0.01076	0.00673	0.00608	0.01152	0.01825	0.02183	0.10348	0.07564	0.64523	0.01993	0.00937	0.00267	0.00401	0.01664	0.00742	0.00673
14	0.01590	0.04102	0.68023	0.02260	0.03432	0.01842	0.02930	0.02511	0.01674	0.02511	0.01423	0.01674	0.01005	0.00753	0.00753	0.00251	0.01172	0.00586	0.00335	0.01172
15	0.02962	0.03779	0.02247	0.02043	0.02451	0.68948	0.01532	0.03166	0.02247	0.01941	0.01226	0.01430	0.01021	0.00817	0.00715	0.00204	0.01430	0.00511	0.00409	0.00919
16	0.01644	0.01409	0.01644	0.01175	0.01879	0.01057	0.00940	0.01997	0.01644	0.02584	0.01409	0.01644	0.01175	0.00587	0.00587	0.00117	0.00587	0.00470	0.00470	0.76979
17	0.01133	0.00850	0.01274	0.01274	0.01416	0.00991	0.00991	0.01416	0.01274	0.01841	0.02124	0.03115	0.01982	0.05947	0.68989	0.01274	0.02124	0.00850	0.00425	0.00708
18	0.00966	0.00690	0.00920	0.01104	0.01150	0.00644	0.00736	0.01104	0.01518	0.02024	0.04371	0.71614	0.05245	0.02484	0.01012	0.00322	0.00460	0.02254	0.00736	0.00644
19	0.00940	0.00792	0.00815	0.00833	0.01079	0.00667	0.00616	0.01135	0.01779	0.02131	0.07675	0.13894	0.60832	0.02055	0.00945	0.00273	0.00407	0.01730	0.00736	0.00667
20	0.12940	0.03125	0.02107	0.01847	0.02312	0.46408	0.01423	0.12927	0.02366	0.05505	0.01401	0.01542	0.01093	0.00835	0.00701	0.00217	0.01199	0.00545	0.00506	0.00999
21	0.77733	0.01534	0.01166	0.01043	0.01534	0.01779	0.00859	0.02331	0.01350	0.03558	0.01104	0.01288	0.00859	0.00736	0.00491	0.00245	0.00613	0.00429	0.00491	0.00859
22	0.01498	0.01409	0.02378	0.70226	0.05462	0.01762	0.02202	0.02026	0.01586	0.02026	0.01409	0.02114	0.01057	0.00793	0.00793	0.00264	0.01057	0.00705	0.00352	0.00881
23	0.01963	0.01884	0.03219	0.04867	0.67185	0.01884	0.02434	0.02434	0.01806	0.02591	0.01492	0.01963	0.01256	0.00707	0.00785	0.00236	0.00942	0.00707	0.00393	0.01256
24	0.01153	0.00769	0.00865	0.00865	0.00865	0.00769	0.00480	0.01153	0.01153	0.01538	0.02499	0.05189	0.02883	0.72131	0.04036	0.00769	0.00769	0.01153	0.00480	0.00480
25	0.02120	0.72609	0.04155	0.01357	0.02035	0.03138	0.01357	0.02374	0.01611	0.01866	0.01102	0.01272	0.01018	0.00678	0.00509	0.00170	0.00848	0.00424	0.00339	0.01018
26	0.00966	0.00690	0.00920	0.01104	0.01150	0.00644	0.00736	0.01104	0.01518	0.02024	0.04371	0.71614	0.05245	0.02484	0.01012	0.00322	0.00460	0.02254	0.00736	0.00644
27	0.01498	0.01409	0.02378	0.70226	0.05462	0.01762	0.02202	0.02026	0.01586	0.02026	0.01409	0.02114	0.01057	0.00793	0.00793	0.00264	0.01057	0.00705	0.00352	0.00881
28	0.01122	0.00811	0.01060	0.00998	0.01185	0.00748	0.00748	0.01496	0.02245	0.03180	0.66766	0.05923	0.07482	0.01621	0.00935	0.00249	0.00374	0.01434	0.00873	0.00748
29	0.01133	0.00850	0.01274	0.01274	0.01416	0.00991	0.00991	0.01416	0.01274	0.01841	0.02124	0.03115	0.01982	0.05947	0.68989	0.01274	0.02124	0.00850	0.00425	0.00708
30	0.01115	0.00810	0.01050	0.00990	0.01180	0.00745	0.00742	0.01482	0.02227	0.03139	0.64447	0.05991	0.09828	0.01636	0.00935	0.00250	0.00375	0.01444	0.00868	0.00745
31	0.00982	0.00702	0.00939	0.01123	0.01176	0.00658	0.00764	0.01132	0.01534	0.02043	0.04362	0.68335	0.05209	0.02469	0.01016	0.00324	0.00474	0.05373	0.00736	0.00649
32	0.01122	0.00811	0.01060	0.00998	0.01185	0.00748	0.00748	0.01496	0.02245	0.03180	0.66766	0.05923	0.07482	0.01621	0.00935	0.00249	0.00374	0.01434	0.00873	0.00748
33	0.02061	0.01747	0.01843	0.01632	0.02096	0.02014	0.01277	0.09335	0.60487	0.03460	0.03115	0.02869	0.02330	0.01065	0.00806	0.00266	0.00648	0.00881	0.00806	0.01263
34	0.03014	0.02221	0.02380	0.01825	0.02459	0.02459	0.01507	0.64541	0.03728	0.04998	0.01904	0.01904	0.01349	0.00952	0.00793	0.00238	0.00873	0.00714	0.00793	0.01349
35	0.01135	0.00840	0.01227	0.01227	0.01352	0.00966	0.00932	0.01386	0.01260	0.01806	0.02167	0.03355	0.02086	0.13589	0.61489	0.01216	0.01968	0.00885	0.00431	0.00682
36	0.01231	0.00828	0.01012	0.00984	0.01194	0.00741	0.00722	0.01491	0.01941	0.07559	0.31068	0.17143	0.23618	0.05518	0.01100	0.00294	0.00440	0.01577	0.00798	0.00740
37	0.01644	0.01409	0.01644	0.01175	0.01879	0.01057	0.00940	0.01997	0.01644	0.02584	0.01409	0.01644	0.01175	0.00587	0.00587	0.00117	0.00587	0.00470	0.00470	0.76979
38	0.00966	0.00690	0.00920	0.01104	0.01150	0.00644	0.00736	0.01104	0.01518	0.02024	0.04371	0.71614	0.05245	0.02484	0.01012	0.00322	0.00460	0.02254	0.00736	0.00644
39	0.01943	0.01864	0.03183	0.07651	0.64556	0.01879	0.02424	0.02416	0.01796	0.02567	0.01488	0.01969	0.01248	0.00710	0.00785	0.00237	0.00947	0.00706	0.00391	0.01240
40	0.03292	0.01321	0.01775	0.01386	0.01958	0.01166	0.01135	0.03687	0.04971	0.59742	0.08307	0.02972	0.02431	0.01038	0.00809	0.00247	0.00648	0.00853	0.00965	0.01297
41	0.01377	0.00689	0.01033	0.01033	0.01033	0.00689	0.00689	0.01033	0.01033	0.01377	0.01377	0.02410	0.01377	0.02755	0.03099	0.76928	0.00689	0.00689	0.00344	0.00344
42	0.00966	0.00690	0.00920	0.01104	0.01150	0.00644	0.00736	0.01104	0.01518	0.02024	0.04371	0.71614	0.05245	0.02484	0.01012	0.00322	0.00460	0.02254	0.00736	0.00644
43	0.01133	0.00850	0.01274	0.01274	0.01416	0.00991	0.00991	0.01416	0.01274	0.01841	0.02124	0.03115	0.01982	0.05947	0.68989	0.01274	0.02124	0.00850	0.00425	0.00708
44	0.01498	0.01409	0.02378	0.70226	0.05462	0.01762	0.02202	0.02026	0.01586	0.02026	0.01409	0.02114	0.01057	0.00793	0.00793	0.00264	0.01057	0.00705	0.00352	0.00881
45	0.02055	0.64150	0.12041	0.01468	0.02208	0.02978	0.01551	0.02391	0.01619	0.01945	0.01142	0.01322	0.01016	0.00688	0.00539	0.00180	0.00888	0.00444	0.00339	0.01037
46	0.77733	0.01534	0.01166	0.01043	0.01534	0.01779	0.00859	0.02331	0.01350	0.03558	0.01104	0.01288	0.00859	0.00736	0.00491	0.00245	0.00613	0.00429	0.00491	0.00859
47	0.01153	0.00769	0.00865	0.00865	0.00865	0.00769	0.00480	0.01153	0.01153	0.01538	0.02499	0.05189	0.02883	0.72131	0.04036	0.00769	0.00769	0.01153	0.00480	0.00480
48	0.08364	0.01361	0.01797	0.01387	0.01992	0.01205	0.01146	0.03765	0.02210	0.63576	0.02997	0.02608	0.01891	0.00966	0.00778	0.00245	0.00671	0.00774	0.00950	0.01318
49	0.01498	0.01409	0.02378	0.70226	0.05462	0.01762	0.02202	0.02026	0.01586	0.02026	0.01409	0.02114	0.01057	0.00793	0.00793	0.00264	0.01057	0.00705	0.00352	0.00881
50	0.01142	0.00767	0.00876	0.00883	0.00894	0.00761	0.00506	0.01166	0.01221	0.01636	0.05444	0.08698	0.03210	0.65363	0.03740	0.00722	0.00735	0.01223	0.00511	0.00501
51	0.03038	0.02183	0.02356	0.01806	0.02440	0.02402	0.01492	0.61870	0.03664	0.07759	0.01958	0.01939	0.01376	0.00953	0.00793	0.00238	0.00864	0.00718	0.00802	0.01349
52	0.12201	0.02837	0.02170	0.01826	0.02342	0.32279	0.01439	0.29268	0.02769	0.03445	0.01500	0.01615	0.01141	0.00865	0.00721	0.00224	0.01091	0.00587	0.00583	0.01095
53	0.02060	0.01747	0.01843	0.01632	0.02096	0.02013	0.01276	0.09300	0.60523	0.03459	0.03116	0.02870	0.02330	0.01065	0.00806	0.00266	0.00648	0.00881	0.00806	0.01263
54	0.01508	0.01409	0.02326	0.65313	0.05207	0.01712	0.02112	0.02024	0.01590	0.02066	0.01409	0.02081	0.01065	0.00778	0.00778	0.00254	0.01024	0.00688	0.00361	0.06295
55	0.01152	0.00775	0.00894	0.00894	0.00904	0.00785	0.00517	0.01172	0.01162	0.01559	0.02472	0.05042	0.02819	0.67423	0.08657	0.00805	0.00865	0.01132	0.00477	0.00497
56	0.02930	0.02155	0.02311	0.01781	0.02387	0.02382	0.01460	0.61653	0.03611	0.04840	0.01931	0.02054	0.01418	0.04194	0.00941	0.00262	0.00868	0.00734	0.00779	0.01309
57	0.00966	0.00690	0.00920	0.01104	0.01150	0.00644	0.00736	0.01104	0.01518	0.02024	0.04371	0.71614	0.05245	0.02484	0.01012	0.00322	0.00460	0.02254	0.00736	0.00644
58	0.06371	0.02357	0.02285	0.01807	0.02400	0.10424	0.01471	0.51930	0.05886	0.04497	0.01838	0.01860	0.01329	0.00931	0.00771	0.00235	0.00918	0.00684	0.00734	0.01271
59	0.02718	0.02074	0.02213	0.01765	0.02346	0.02321	0.01435	0.47366	0.21386	0.04519	0.02281	0.02204	0.01654	0.00987	0.00797	0.00247	0.00803	0.00766	0.00797	0.01322
60	0.00983	0.00843	0.00847	0.00839	0.01115	0.00727	0.00631	0.01273	0.04622	0.02194	0.07822	0.07426	0.64027	0.01967	0.00931	0.00268	0.00412	0.01639	0.00739	0.00695
61	0.02113	0.60529	0.06886	0.01612	0.05007	0.05994	0.01499	0.02402	0.01637	0.01932	0.01138	0.01346	0.01029	0.00716	0.00621	0.00185	0.03528	0.00458	0.00345	0.01025
62	0.02120	0.72609	0.04155	0.01357	0.02035	0.03138	0.01357	0.02374	0.01611	0.01866	0.01102	0.01272	0.01018	0.00678	0.00509	0.00170	0.00848	0.00424	0.00339	0.01018
63	0.01923	0.01962	0.03665	0.04247	0.43681	0.01947	0.22750	0.02446	0.01802	0.02545	0.01509	0.02011	0.01230	0.00723	0.00912	0.00251	0.04042	0.00781	0.00393	0.01178
64	0.01160	0.00890	0.01327	0.01311	0.01446	0.01057	0.01025	0.01438	0.01272	0.01844	0.02075	0.03052	0.01940	0.05740	0.65965	0.01232	0.05247	0.00843	0.00421	0.00715
65	0.01203	0.00869	0.01174	0.01255	0.01444	0.00839	0.01047	0.01564	0.01983	0.02668	0.28023	0.07743	0.08519	0.01967	0.01028	0.00317	0.00581	0.36258	0.00784	0.00734
66	0.01735	0.01735	0.02429	0.02082	0.02082	0.02429	0.01735	0.01908	0.01214	0.01908	0.01041	0.01735	0.01041	0.01388	0.02602	0.00347	0.70680	0.00694	0.00347	0.00867
67	0.00966	0.00690	0.00920	0.01104	0.01150	0.00644	0.00736	0.01104	0.01518	0.02024	0.04371	0.71614	0.05245	0.02484	0.01012	0.00322	0.00460	0.02254	0.00736	0.00644
68	0.01972	0.01703	0.01793	0.01614	0.02062	0.01972	0.01255	0.04214	0.65752	0.03317	0.03228	0.02959	0.02421	0.01076	0.00807	0.00269	0.00628	0.00897	0.00807	0.01255
69	0.02962	0.03779	0.02247	0.02043	0.02451	0.68948	0.01532	0.03166	0.02247	0.01941	0.01226	0.01430	0.01021	0.00817	0.00715	0.00204	0.01430	0.00511	0.00409	0.00919
70	0.01122	0.00811	0.01060	0.00998	0.01185	0.00748	0.00748	0.01496	0.02245	0.03180	0.66766	0.05923	0.07482	0.01621	0.00935	0.00249	0.00374	0.01434	0.00873	0.00748
71	0.03364	0.01660	0.02032	0.01558	0.02179	0.01626	0.01287	0.25458	0.02789	0.45407	0.02693	0.02416	0.01744	0.00971	0.00796	0.00243	0.00745	0.00768	0.00914	0.01349
72	0.01109	0.00810	0.01042	0.00984	0.01177	0.00743	0.00738	0.01471	0.02214	0.03106	0.62588	0.06045	0.11707	0.01649	0.00935	0.00251	0.00376	0.01451	0.00863	0.00743
73	0.01872	0.02139	0.04679	0.03342	0.04144	0.02005	0.64305	0.02540	0.01872	0.02540	0.01604	0.02139	0.01203	0.00668	0.00936	0.00267	0.01337	0.00936	0.00401	0.01070
74	0.01963	0.01884	0.03219	0.04867	0.67185	0.01884	0.02434	0.02434	0.01806	0.02591	0.01492	0.01963	0.01256	0.00707	0.00785	0.00236	0.00942	0.00707	0.00393	0.01256
75	0.01972	0.01703	0.01793	0.01614	0.02062	0.01972	0.01255	0.04214	0.65752	0.03317	0.03228	0.02959	0.02421	0.01076	0.00807	0.00269	0.00628	0.00897	0.00807	0.01255
76	0.03558	0.01350	0.01840	0.01411	0.02024	0.01166	0.01166	0.03865	0.02270	0.67734	0.03128	0.02699	0.01963	0.00981	0.00797	0.00245	0.00675	0.00797	0.00981	0.01350
77	0.01644	0.01409	0.01644	0.01175	0.01879	0.01057	0.00940	0.01997	0.01644	0.02584	0.01409	0.01644	0.01175	0.00587	0.00587	0.00117	0.00587	0.00470	0.00470	0.76979
78	0.02156	0.69692	0.04075	0.01386	0.02053	0.05926	0.01364	0.02408	0.01638	0.01869	0.01108	0.01279	0.01018	0.00684	0.00518	0.00171	0.00873	0.00428	0.00342	0.01013
79	0.01133	0.00850	0.01274	0.01274	0.01416	0.00991	0.00991	0.01416	0.01274	0.01841	0.02124	0.03115	0.01982	0.05947	0.68989	0.01274	0.02124	0.00850	0.00425	0.00708
80	0.02231	0.63507	0.03903	0.01448	0.02090	0.11840	0.01380	0.02479	0.01695	0.01876	0.01119	0.01293	0.01018	0.00697	0.00536	0.00174	0.00925	0.00435	0.00348	0.01005
81	0.01652	0.01435	0.01706	0.01246	0.01895	0.01165	0.01002	0.01990	0.01610	0.02531	0.01380	0.01652	0.01164	0.00650	0.00746	0.00136	0.06121	0.00488	0.00460	0.70970
82	0.01573	0.03978	0.65497	0.02213	0.03347	0.01800	0.02848	0.02473	0.01696	0.02537	0.03888	0.01834	0.01249	0.00786	0.00760	0.00251	0.01142	0.00618	0.00355	0.01156
83	0.02000	0.01980	0.05866	0.07533	0.57052	0.01918	0.02378	0.06837	0.01927	0.02733	0.01514	0.01953	0.01243	0.00730	0.00785	0.00238	0.00952	0.00702	0.00417	0.01242
84	0.68838	0.04720	0.01294	0.01054	0.01532	0.01767	0.00874	0.02274	0.01425	0.03454	0.05776	0.01617	0.01337	0.00796	0.00523	0.00242	0.00607	0.00501	0.00511	0.00858
85	0.01480	0.00787	0.00856	0.05683	0.01247	0.00812	0.00672	0.01860	0.01657	0.02890	0.02503	0.02896	0.01963	0.00915	0.00571	0.00190	0.00418	0.00737	0.71113	0.00749
