[name]
unknown

[dist]
# distance from previous block
# <min> <max>
8	243

[block]
# block no. 0 follows, 24 sequences, length 131
# corresponding to MSA columns:
# 255-385
name=unknown_A
#
# <colnr> <probs for GDERKNQSTAVLIFYWHMCP>
#	G	D	E	R	K	N	Q	S	T	A	V	L	I	F	Y	W	H	M	C	P
0	0.01551	0.01200	0.01457	0.06292	0.01826	0.01279	0.01065	0.15536	0.04480	0.02893	0.11848	0.28659	0.11941	0.01746	0.00995	0.00282	0.03865	0.01496	0.00723	0.00868
1	0.01471	0.01262	0.04264	0.05052	0.01927	0.01097	0.03573	0.04368	0.01689	0.05058	0.02865	0.34138	0.03081	0.01553	0.00920	0.00252	0.03640	0.01365	0.00608	0.21819
2	0.02360	0.01787	0.04502	0.01472	0.02159	0.01586	0.01242	0.23892	0.02446	0.11723	0.01800	0.01870	0.01329	0.00770	0.00692	0.00181	0.00720	0.00601	0.00642	0.38227
3	0.05464	0.06875	0.07430	0.01402	0.01985	0.01419	0.01241	0.03074	0.09918	0.30495	0.12465	0.02880	0.02604	0.01003	0.00762	0.00231	0.00666	0.00816	0.00772	0.08497
4	0.02106	0.05296	0.01885	0.01608	0.04868	0.01634	0.01214	0.13423	0.19386	0.11234	0.02772	0.11635	0.02417	0.04421	0.03653	0.00315	0.00748	0.03786	0.00715	0.06885
5	0.00975	0.00694	0.00918	0.01093	0.01137	0.00650	0.00724	0.01106	0.01501	0.02002	0.04283	0.68505	0.05134	0.05744	0.01154	0.00343	0.00475	0.02203	0.00724	0.00636
6	0.02685	0.05865	0.02116	0.04331	0.02290	0.04795	0.01342	0.17379	0.24994	0.21680	0.02623	0.02453	0.01857	0.00976	0.00780	0.00247	0.00760	0.00776	0.00791	0.01260
7	0.01153	0.00769	0.00865	0.00865	0.00865	0.00769	0.00480	0.01153	0.01153	0.01538	0.02499	0.05189	0.02883	0.72131	0.04036	0.00769	0.00769	0.01153	0.00480	0.00480
8	0.01691	0.10113	0.53147	0.02348	0.08318	0.01972	0.02649	0.02590	0.05355	0.02504	0.01502	0.01734	0.01107	0.00761	0.00736	0.00243	0.01092	0.00598	0.00367	0.01169
9	0.02120	0.72609	0.04155	0.01357	0.02035	0.03138	0.01357	0.02374	0.01611	0.01866	0.01102	0.01272	0.01018	0.00678	0.00509	0.00170	0.00848	0.00424	0.00339	0.01018
10	0.01644	0.01409	0.01644	0.01175	0.01879	0.01057	0.00940	0.01997	0.01644	0.02584	0.01409	0.01644	0.01175	0.00587	0.00587	0.00117	0.00587	0.00470	0.00470	0.76979
11	0.06753	0.01984	0.02721	0.16541	0.05830	0.02176	0.11994	0.35194	0.02761	0.03792	0.01689	0.01954	0.01232	0.00850	0.00799	0.00249	0.00976	0.00732	0.00603	0.01173
12	0.03558	0.01350	0.01840	0.01411	0.02024	0.01166	0.01166	0.03865	0.02270	0.67734	0.03128	0.02699	0.01963	0.00981	0.00797	0.00245	0.00675	0.00797	0.00981	0.01350
13	0.01153	0.00769	0.00865	0.00865	0.00865	0.00769	0.00480	0.01153	0.01153	0.01538	0.02499	0.05189	0.02883	0.72131	0.04036	0.00769	0.00769	0.01153	0.00480	0.00480
14	0.01718	0.01643	0.02819	0.43624	0.15659	0.01882	0.10091	0.05509	0.01758	0.02343	0.01458	0.02063	0.01125	0.00798	0.00892	0.00262	0.04239	0.00734	0.00389	0.00994
15	0.01308	0.00896	0.01152	0.01052	0.01277	0.00843	0.00800	0.04433	0.02313	0.05933	0.61212	0.05609	0.06978	0.01565	0.00923	0.00249	0.00409	0.01375	0.00874	0.00800
16	0.01963	0.01884	0.03219	0.04867	0.67185	0.01884	0.02434	0.02434	0.01806	0.02591	0.01492	0.01963	0.01256	0.00707	0.00785	0.00236	0.00942	0.00707	0.00393	0.01256
17	0.02865	0.02145	0.02329	0.04463	0.02541	0.02390	0.01512	0.56892	0.09012	0.04737	0.01999	0.02003	0.01430	0.00956	0.00794	0.00242	0.00859	0.00729	0.00777	0.01322
18	0.01271	0.00750	0.00990	0.01035	0.01081	0.00729	0.00682	0.01233	0.01298	0.04381	0.02802	0.24115	0.03148	0.24102	0.02593	0.24260	0.00647	0.03805	0.00545	0.00533
19	0.33366	0.01299	0.01421	0.11226	0.02050	0.01473	0.01069	0.04971	0.05129	0.05068	0.01463	0.01918	0.01195	0.01383	0.01354	0.23049	0.00716	0.00600	0.00477	0.00773
20	0.01590	0.04102	0.68023	0.02260	0.03432	0.01842	0.02930	0.02511	0.01674	0.02511	0.01423	0.01674	0.01005	0.00753	0.00753	0.00251	0.01172	0.00586	0.00335	0.01172
21	0.00966	0.00690	0.00920	0.01104	0.01150	0.00644	0.00736	0.01104	0.01518	0.02024	0.04371	0.71614	0.05245	0.02484	0.01012	0.00322	0.00460	0.02254	0.00736	0.00644
22	0.01070	0.00785	0.00974	0.01082	0.01214	0.00742	0.00779	0.01359	0.04324	0.02275	0.10279	0.43193	0.15397	0.02170	0.00971	0.00302	0.00471	0.07618	0.04298	0.00695
23	0.01498	0.01409	0.02378	0.70226	0.05462	0.01762	0.02202	0.02026	0.01586	0.02026	0.01409	0.02114	0.01057	0.00793	0.00793	0.00264	0.01057	0.00705	0.00352	0.00881
24	0.03495	0.01364	0.01838	0.01419	0.02026	0.01197	0.01169	0.03878	0.04785	0.65182	0.03132	0.02709	0.01981	0.00985	0.00798	0.00246	0.00673	0.00801	0.00975	0.01346
25	0.00966	0.00690	0.00920	0.01104	0.01150	0.00644	0.00736	0.01104	0.01518	0.02024	0.04371	0.71614	0.05245	0.02484	0.01012	0.00322	0.00460	0.02254	0.00736	0.00644
26	0.63983	0.01499	0.01241	0.01112	0.01585	0.01711	0.00902	0.02510	0.06818	0.06744	0.01539	0.04792	0.01252	0.00859	0.00557	0.00251	0.00611	0.00573	0.00554	0.00907
27	0.01086	0.00809	0.01010	0.00960	0.01163	0.00733	0.00720	0.01427	0.02160	0.02979	0.55395	0.06254	0.18979	0.01696	0.00936	0.00253	0.00379	0.01480	0.00846	0.00733
28	0.01153	0.00769	0.00865	0.00865	0.00865	0.00769	0.00480	0.01153	0.01153	0.01538	0.02499	0.05189	0.02883	0.72131	0.04036	0.00769	0.00769	0.01153	0.00480	0.00480
29	0.01586	0.01501	0.02606	0.43889	0.04383	0.01772	0.12576	0.02082	0.01601	0.02197	0.01524	0.02163	0.01182	0.00852	0.00997	0.00266	0.08888	0.00747	0.08291	0.00897
30	0.01009	0.00708	0.00908	0.01050	0.01085	0.00672	0.00678	0.01115	0.01435	0.01914	0.03946	0.56550	0.04709	0.18279	0.01698	0.00423	0.00530	0.02005	0.00678	0.00607
31	0.01478	0.00739	0.00739	0.00739	0.00924	0.00739	0.00554	0.01848	0.01663	0.02956	0.02587	0.02956	0.02033	0.00924	0.00554	0.00185	0.00370	0.00739	0.76534	0.00739
32	0.03014	0.02221	0.02380	0.01825	0.02459	0.02459	0.01507	0.64541	0.03728	0.04998	0.01904	0.01904	0.01349	0.00952	0.00793	0.00238	0.00873	0.00714	0.00793	0.01349
33	0.01149	0.00779	0.00916	0.00911	0.00939	0.00786	0.00547	0.01204	0.01254	0.01700	0.07787	0.05072	0.03186	0.60600	0.09368	0.00769	0.00853	0.01150	0.00508	0.00522
34	0.01766	0.01481	0.01710	0.01232	0.01931	0.01182	0.00990	0.07548	0.01829	0.02798	0.01453	0.01667	0.01190	0.00620	0.00606	0.00128	0.00613	0.00491	0.00499	0.70266
35	0.01237	0.00931	0.01143	0.01093	0.01312	0.00915	0.00828	0.01819	0.11084	0.02945	0.44206	0.08052	0.12078	0.01686	0.01016	0.03399	0.00445	0.04204	0.00817	0.00791
36	0.00966	0.00690	0.00920	0.01104	0.01150	0.00644	0.00736	0.01104	0.01518	0.02024	0.04371	0.71614	0.05245	0.02484	0.01012	0.00322	0.00460	0.02254	0.00736	0.00644
37	0.01122	0.00811	0.01060	0.00998	0.01185	0.00748	0.00748	0.01496	0.02245	0.03180	0.66766	0.05923	0.07482	0.01621	0.00935	0.00249	0.00374	0.01434	0.00873	0.00748
38	0.02962	0.03779	0.02247	0.02043	0.02451	0.68948	0.01532	0.03166	0.02247	0.01941	0.01226	0.01430	0.01021	0.00817	0.00715	0.00204	0.01430	0.00511	0.00409	0.00919
39	0.02874	0.03633	0.02260	0.02046	0.02425	0.64175	0.01547	0.03076	0.02173	0.01938	0.01212	0.01452	0.01023	0.00858	0.00850	0.00215	0.06398	0.00524	0.00404	0.00916
40	0.01685	0.00939	0.00960	0.00885	0.01131	0.00971	0.00683	0.10291	0.01941	0.03231	0.02495	0.02815	0.01940	0.00928	0.00587	0.00192	0.00437	0.00736	0.66334	0.00821
41	0.69847	0.01603	0.01223	0.01114	0.01583	0.04873	0.00914	0.02331	0.01419	0.03414	0.01287	0.01734	0.01079	0.00823	0.00536	0.00250	0.00658	0.03957	0.00501	0.00854
42	0.01963	0.01877	0.03160	0.04734	0.64520	0.01888	0.02385	0.02506	0.04422	0.02620	0.01563	0.02003	0.01304	0.00722	0.00786	0.00237	0.00929	0.00714	0.00409	0.01256
43	0.00971	0.00700	0.00921	0.01086	0.01148	0.00650	0.00730	0.01122	0.01562	0.02078	0.07120	0.65940	0.08186	0.02427	0.01006	0.00317	0.00454	0.02194	0.00742	0.00650
44	0.01248	0.00897	0.01241	0.01417	0.01595	0.00889	0.01223	0.01595	0.01808	0.02346	0.04352	0.12256	0.06948	0.02199	0.01085	0.00359	0.00703	0.56384	0.00731	0.00723
45	0.02787	0.02049	0.02216	0.01759	0.02343	0.02268	0.01442	0.49483	0.14307	0.06882	0.02266	0.02388	0.01681	0.01023	0.00808	0.00249	0.00818	0.03123	0.00800	0.01308
46	0.04182	0.00899	0.01070	0.00983	0.01226	0.00824	0.00726	0.01691	0.01923	0.11159	0.30545	0.05635	0.20604	0.13409	0.01421	0.00340	0.00495	0.01327	0.00773	0.00767
47	0.02963	0.01576	0.01892	0.01530	0.02091	0.01596	0.01238	0.11582	0.23558	0.38458	0.03008	0.02686	0.02038	0.01009	0.00800	0.00252	0.00684	0.00820	0.00900	0.01318
48	0.01515	0.01443	0.02485	0.67133	0.05401	0.01773	0.05074	0.02050	0.01599	0.02050	0.01418	0.02115	0.01064	0.00787	0.00799	0.00264	0.01070	0.00715	0.00355	0.00890
49	0.05291	0.01759	0.02067	0.10005	0.07873	0.01988	0.01491	0.15123	0.35674	0.06333	0.02528	0.02497	0.01876	0.00970	0.00787	0.00258	0.00752	0.00800	0.00711	0.01217
50	0.00991	0.00755	0.00911	0.00979	0.01131	0.00676	0.00694	0.01202	0.01775	0.02318	0.19308	0.35613	0.26514	0.02134	0.00970	0.00288	0.00421	0.01878	0.00766	0.00676
51	0.00966	0.00690	0.00920	0.01104	0.01150	0.00644	0.00736	0.01104	0.01518	0.02024	0.04371	0.71614	0.05245	0.02484	0.01012	0.00322	0.00460	0.02254	0.00736	0.00644
52	0.77733	0.01534	0.01166	0.01043	0.01534	0.01779	0.00859	0.02331	0.01350	0.03558	0.01104	0.01288	0.00859	0.00736	0.00491	0.00245	0.00613	0.00429	0.00491	0.00859
53	0.05091	0.01696	0.02750	0.30770	0.36288	0.01860	0.02226	0.05438	0.01796	0.02529	0.01463	0.01991	0.01164	0.00755	0.00776	0.00248	0.00971	0.00694	0.00401	0.01093
54	0.01591	0.01544	0.02705	0.55079	0.07782	0.01810	0.10715	0.02214	0.04561	0.02180	0.01523	0.02150	0.01148	0.00785	0.00813	0.00264	0.01071	0.00745	0.00382	0.00940
55	0.44490	0.01322	0.01258	0.01098	0.01542	0.01411	0.00886	0.02496	0.01669	0.17574	0.07854	0.05414	0.02010	0.00968	0.00629	0.00244	0.00578	0.00713	0.06907	0.00937
56	0.01144	0.00765	0.00867	0.00876	0.00878	0.00763	0.00492	0.01151	0.01170	0.01560	0.02586	0.08294	0.02993	0.68877	0.03895	0.00748	0.00754	0.01205	0.00492	0.00488
57	0.03002	0.01916	0.02131	0.01648	0.02241	0.02045	0.01357	0.46604	0.03251	0.18038	0.02218	0.02158	0.01534	0.00956	0.00774	0.00235	0.00790	0.00734	0.07069	0.01299
58	0.01286	0.00937	0.01221	0.01376	0.04074	0.00935	0.00972	0.06662	0.01742	0.02317	0.03729	0.37362	0.04236	0.12288	0.01443	0.00387	0.00628	0.16990	0.00688	0.00727
59	0.01139	0.00778	0.00970	0.01028	0.01154	0.00719	0.00716	0.01321	0.01670	0.04892	0.15104	0.34021	0.14718	0.13661	0.01480	0.00374	0.00508	0.04349	0.00727	0.00672
60	0.01040	0.00745	0.00998	0.01137	0.01229	0.00702	0.00818	0.01255	0.01695	0.02286	0.15697	0.50472	0.05552	0.02284	0.01010	0.00315	0.00484	0.10845	0.00760	0.00676
61	0.01521	0.01434	0.02421	0.66887	0.08614	0.01768	0.02214	0.02047	0.01597	0.02055	0.01414	0.02106	0.01067	0.00788	0.00792	0.00263	0.01051	0.00705	0.00354	0.00900
62	0.01708	0.01447	0.01679	0.01205	0.01906	0.01123	0.00966	0.04924	0.01742	0.02697	0.01433	0.01656	0.01183	0.00604	0.00597	0.00123	0.00601	0.00481	0.00485	0.73439
63	0.02143	0.01721	0.01830	0.01574	0.02014	0.01947	0.01223	0.19771	0.41103	0.03534	0.02784	0.02965	0.02196	0.10121	0.01216	0.00325	0.00710	0.00881	0.00762	0.01181
64	0.01093	0.00809	0.01020	0.00967	0.01167	0.00736	0.00725	0.01440	0.02176	0.03017	0.57568	0.06191	0.16782	0.01682	0.00936	0.00252	0.00378	0.01472	0.00852	0.00736
65	0.01133	0.00850	0.01274	0.01274	0.01416	0.00991	0.00991	0.01416	0.01274	0.01841	0.02124	0.03115	0.01982	0.05947	0.68989	0.01274	0.02124	0.00850	0.00425	0.00708
66	0.03527	0.01400	0.01871	0.01435	0.02049	0.01240	0.01185	0.07346	0.02353	0.64135	0.03058	0.02653	0.01928	0.00980	0.00797	0.00245	0.00686	0.00793	0.00971	0.01349
67	0.01872	0.02139	0.04679	0.03342	0.04144	0.02005	0.64305	0.02540	0.01872	0.02540	0.01604	0.02139	0.01203	0.00668	0.00936	0.00267	0.01337	0.00936	0.00401	0.01070
68	0.01153	0.00769	0.00865	0.00865	0.00865	0.00769	0.00480	0.01153	0.01153	0.01538	0.02499	0.05189	0.02883	0.72131	0.04036	0.00769	0.00769	0.01153	0.00480	0.00480
69	0.01122	0.00811	0.01060	0.00998	0.01185	0.00748	0.00748	0.01496	0.02245	0.03180	0.66766	0.05923	0.07482	0.01621	0.00935	0.00249	0.00374	0.01434	0.00873	0.00748
70	0.03558	0.01350	0.01840	0.01411	0.02024	0.01166	0.01166	0.03865	0.02270	0.67734	0.03128	0.02699	0.01963	0.00981	0.00797	0.00245	0.00675	0.00797	0.00981	0.01350
71	0.77733	0.01534	0.01166	0.01043	0.01534	0.01779	0.00859	0.02331	0.01350	0.03558	0.01104	0.01288	0.00859	0.00736	0.00491	0.00245	0.00613	0.00429	0.00491	0.00859
72	0.01590	0.04102	0.68023	0.02260	0.03432	0.01842	0.02930	0.02511	0.01674	0.02511	0.01423	0.01674	0.01005	0.00753	0.00753	0.00251	0.01172	0.00586	0.00335	0.01172
73	0.02726	0.02902	0.02164	0.01885	0.02355	0.36921	0.01457	0.17469	0.18532	0.02986	0.01884	0.01922	0.01448	0.00913	0.00756	0.00228	0.01101	0.00654	0.00597	0.01102
74	0.01590	0.04102	0.68023	0.02260	0.03432	0.01842	0.02930	0.02511	0.01674	0.02511	0.01423	0.01674	0.01005	0.00753	0.00753	0.00251	0.01172	0.00586	0.00335	0.01172
75	0.22046	0.01839	0.04715	0.08776	0.08167	0.01921	0.01477	0.19065	0.10501	0.11145	0.01905	0.01991	0.01380	0.00869	0.00715	0.00248	0.00788	0.00667	0.00639	0.01146
76	0.01607	0.03989	0.64389	0.02322	0.03473	0.01851	0.06451	0.02513	0.01686	0.02513	0.01433	0.01701	0.01016	0.00749	0.00764	0.00252	0.01181	0.00606	0.00339	0.01166
77	0.00937	0.00803	0.00803	0.00803	0.01071	0.00669	0.00602	0.01138	0.01807	0.02142	0.08033	0.07632	0.66863	0.02008	0.00937	0.00268	0.00402	0.01674	0.00736	0.00669
78	0.03189	0.01860	0.02147	0.01655	0.02274	0.01934	0.01364	0.38539	0.05423	0.29541	0.02433	0.02254	0.01629	0.00968	0.00795	0.00242	0.00786	0.00753	0.00868	0.01346
79	0.01681	0.08190	0.21170	0.05256	0.05278	0.01904	0.18295	0.02338	0.04378	0.02508	0.10903	0.02464	0.02065	0.00937	0.01025	0.00260	0.09042	0.00821	0.00454	0.01030
80	0.03094	0.02094	0.02301	0.01764	0.02396	0.02270	0.01457	0.55684	0.03515	0.14155	0.02083	0.02020	0.01438	0.00956	0.00794	0.00239	0.00844	0.00726	0.00821	0.01349
81	0.01278	0.00913	0.01278	0.01460	0.01643	0.00913	0.01278	0.01643	0.01825	0.02373	0.04199	0.08945	0.04564	0.02191	0.01095	0.00365	0.00730	0.61847	0.00730	0.00730
82	0.06818	0.07208	0.41030	0.08296	0.06766	0.01932	0.12141	0.02450	0.01678	0.02512	0.01414	0.01750	0.01044	0.00736	0.00755	0.00249	0.01120	0.00637	0.00360	0.01105
83	0.01963	0.01884	0.03219	0.04867	0.67185	0.01884	0.02434	0.02434	0.01806	0.02591	0.01492	0.01963	0.01256	0.00707	0.00785	0.00236	0.00942	0.00707	0.00393	0.01256
84	0.01278	0.00913	0.01278	0.01460	0.01643	0.00913	0.01278	0.01643	0.01825	0.02373	0.04199	0.08945	0.04564	0.02191	0.01095	0.00365	0.00730	0.61847	0.00730	0.00730
85	0.02801	0.02325	0.02411	0.08612	0.06461	0.10969	0.01631	0.47012	0.03220	0.04178	0.01745	0.01866	0.01273	0.00905	0.00783	0.00236	0.00967	0.00686	0.00678	0.01243
86	0.02071	0.01531	0.01756	0.05438	0.02081	0.01664	0.01229	0.32103	0.05617	0.03581	0.02863	0.25265	0.02812	0.01496	0.00866	0.00271	0.00707	0.03363	0.04249	0.01035
87	0.01036	0.00802	0.01210	0.01277	0.01381	0.00749	0.05634	0.01215	0.01545	0.02064	0.04157	0.66261	0.04933	0.02344	0.01006	0.00318	0.00528	0.02153	0.00710	0.00677
88	0.77733	0.01534	0.01166	0.01043	0.01534	0.01779	0.00859	0.02331	0.01350	0.03558	0.01104	0.01288	0.00859	0.00736	0.00491	0.00245	0.00613	0.00429	0.00491	0.00859
89	0.00966	0.00690	0.00920	0.01104	0.01150	0.00644	0.00736	0.01104	0.01518	0.02024	0.04371	0.71614	0.05245	0.02484	0.01012	0.00322	0.00460	0.02254	0.00736	0.00644
90	0.01528	0.01451	0.02385	0.61546	0.05031	0.01847	0.02143	0.02011	0.01538	0.02011	0.01363	0.02066	0.01055	0.00869	0.01023	0.00275	0.09925	0.00703	0.00352	0.00879
91	0.01766	0.01436	0.01668	0.01229	0.01904	0.01153	0.00981	0.02304	0.08036	0.05701	0.01670	0.01824	0.01335	0.00654	0.00619	0.00138	0.00595	0.00527	0.00527	0.65930
92	0.01278	0.00913	0.01278	0.01460	0.01643	0.00913	0.01278	0.01643	0.01825	0.02373	0.04199	0.08945	0.04564	0.02191	0.01095	0.00365	0.00730	0.61847	0.00730	0.00730
93	0.00966	0.00690	0.00920	0.01104	0.01150	0.00644	0.00736	0.01104	0.01518	0.02024	0.04371	0.71614	0.05245	0.02484	0.01012	0.00322	0.00460	0.02254	0.00736	0.00644
94	0.03558	0.01350	0.01840	0.01411	0.02024	0.01166	0.01166	0.03865	0.02270	0.67734	0.03128	0.02699	0.01963	0.00981	0.00797	0.00245	0.00675	0.00797	0.00981	0.01350
95	0.01122	0.00811	0.01060	0.00998	0.01185	0.00748	0.00748	0.01496	0.02245	0.03180	0.66766	0.05923	0.07482	0.01621	0.00935	0.00249	0.00374	0.01434	0.00873	0.00748
96	0.01644	0.01409	0.01644	0.01175	0.01879	0.01057	0.00940	0.01997	0.01644	0.02584	0.01409	0.01644	0.01175	0.00587	0.00587	0.00117	0.00587	0.00470	0.00470	0.76979
97	0.00937	0.00803	0.00803	0.00803	0.01071	0.00669	0.00602	0.01138	0.01807	0.02142	0.08033	0.07632	0.66863	0.02008	0.00937	0.00268	0.00402	0.01674	0.00736	0.00669
98	0.01590	0.04102	0.68023	0.02260	0.03432	0.01842	0.02930	0.02511	0.01674	0.02511	0.01423	0.01674	0.01005	0.00753	0.00753	0.00251	0.01172	0.00586	0.00335	0.01172
99	0.01590	0.04102	0.68023	0.02260	0.03432	0.01842	0.02930	0.02511	0.01674	0.02511	0.01423	0.01674	0.01005	0.00753	0.00753	0.00251	0.01172	0.00586	0.00335	0.01172
100	0.02069	0.68941	0.03997	0.01339	0.01992	0.03016	0.01326	0.02330	0.01644	0.01933	0.04457	0.01510	0.01348	0.00727	0.00531	0.00174	0.00824	0.00476	0.00366	0.01004
101	0.00966	0.00690	0.00920	0.01104	0.01150	0.00644	0.00736	0.01104	0.01518	0.02024	0.04371	0.71614	0.05245	0.02484	0.01012	0.00322	0.00460	0.02254	0.00736	0.00644
102	0.77733	0.01534	0.01166	0.01043	0.01534	0.01779	0.00859	0.02331	0.01350	0.03558	0.01104	0.01288	0.00859	0.00736	0.00491	0.00245	0.00613	0.00429	0.00491	0.00859
103	0.01590	0.04102	0.68023	0.02260	0.03432	0.01842	0.02930	0.02511	0.01674	0.02511	0.01423	0.01674	0.01005	0.00753	0.00753	0.00251	0.01172	0.00586	0.00335	0.01172
104	0.03014	0.02221	0.02380	0.01825	0.02459	0.02459	0.01507	0.64541	0.03728	0.04998	0.01904	0.01904	0.01349	0.00952	0.00793	0.00238	0.00873	0.00714	0.00793	0.01349
105	0.02013	0.01681	0.01782	0.01568	0.02019	0.01909	0.01229	0.11816	0.51232	0.03464	0.06065	0.03216	0.06195	0.01137	0.00818	0.00264	0.00636	0.00940	0.00804	0.01212
106	0.77733	0.01534	0.01166	0.01043	0.01534	0.01779	0.00859	0.02331	0.01350	0.03558	0.01104	0.01288	0.00859	0.00736	0.00491	0.00245	0.00613	0.00429	0.00491	0.00859
107	0.01590	0.04102	0.68023	0.02260	0.03432	0.01842	0.02930	0.02511	0.01674	0.02511	0.01423	0.01674	0.01005	0.00753	0.00753	0.00251	0.01172	0.00586	0.00335	0.01172
108	0.01822	0.01733	0.02952	0.17804	0.39917	0.01836	0.07662	0.02368	0.04052	0.02484	0.01585	0.02088	0.01284	0.00778	0.00872	0.00248	0.04183	0.00734	0.04481	0.01116
109	0.01538	0.01468	0.02534	0.63866	0.08174	0.01780	0.05385	0.02071	0.01610	0.02078	0.01423	0.02109	0.01074	0.00783	0.00800	0.00263	0.01066	0.00717	0.00357	0.00907
110	0.01133	0.00850	0.01274	0.01274	0.01416	0.00991	0.00991	0.01416	0.01274	0.01841	0.02124	0.03115	0.01982	0.05947	0.68989	0.01274	0.02124	0.00850	0.00425	0.00708
111	0.02178	0.58560	0.09261	0.01515	0.02202	0.10989	0.01509	0.02482	0.01693	0.01929	0.01144	0.01325	0.01017	0.00701	0.00554	0.00181	0.00945	0.00448	0.00347	0.01019
112	0.02037	0.51010	0.12594	0.01780	0.05650	0.05854	0.04532	0.02411	0.01661	0.02024	0.01227	0.01467	0.01067	0.00861	0.02725	0.00225	0.00986	0.00501	0.00350	0.01039
113	0.02962	0.03779	0.02247	0.02043	0.02451	0.68948	0.01532	0.03166	0.02247	0.01941	0.01226	0.01430	0.01021	0.00817	0.00715	0.00204	0.01430	0.00511	0.00409	0.00919
114	0.01143	0.00816	0.01123	0.01306	0.01430	0.00796	0.01043	0.01410	0.01692	0.02222	0.04273	0.36088	0.04859	0.02318	0.01059	0.00346	0.00613	0.36036	0.00733	0.00693
115	0.02369	0.12249	0.29596	0.05121	0.05317	0.01821	0.02032	0.05370	0.01942	0.23728	0.01955	0.01994	0.01344	0.00825	0.00739	0.00238	0.00940	0.00648	0.00567	0.01205
116	0.03032	0.01532	0.01864	0.01476	0.02045	0.01499	0.01204	0.15846	0.11333	0.41324	0.03265	0.02946	0.06775	0.01066	0.00808	0.00249	0.00687	0.00860	0.00901	0.01285
117	0.01278	0.00913	0.01278	0.01460	0.01643	0.00913	0.01278	0.01643	0.01825	0.02373	0.04199	0.08945	0.04564	0.02191	0.01095	0.00365	0.00730	0.61847	0.00730	0.00730
118	0.00966	0.00690	0.00920	0.01104	0.01150	0.00644	0.00736	0.01104	0.01518	0.02024	0.04371	0.71614	0.05245	0.02484	0.01012	0.00322	0.00460	0.02254	0.00736	0.00644
119	0.01606	0.03997	0.64626	0.02318	0.03470	0.01850	0.06221	0.02513	0.01685	0.02513	0.01433	0.01699	0.01015	0.00749	0.00763	0.00252	0.01181	0.00605	0.00338	0.01166
120	0.01478	0.00739	0.00739	0.00739	0.00924	0.00739	0.00554	0.01848	0.01663	0.02956	0.02587	0.02956	0.02033	0.00924	0.00554	0.00185	0.00370	0.00739	0.76534	0.00739
121	0.01122	0.00811	0.01060	0.00998	0.01185	0.00748	0.00748	0.01496	0.02245	0.03180	0.66766	0.05923	0.07482	0.01621	0.00935	0.00249	0.00374	0.01434	0.00873	0.00748
122	0.01662	0.04131	0.02566	0.46210	0.11363	0.01886	0.04395	0.04948	0.01671	0.02208	0.01448	0.02147	0.01167	0.03666	0.01074	0.00284	0.07131	0.00721	0.00383	0.00938
123	0.01203	0.00882	0.01177	0.01329	0.01519	0.00857	0.01133	0.01528	0.01806	0.02315	0.04864	0.12081	0.15256	0.02175	0.01064	0.00346	0.00660	0.48360	0.00732	0.00715
124	0.03014	0.02221	0.02380	0.01825	0.02459	0.02459	0.01507	0.64541	0.03728	0.04998	0.01904	0.01904	0.01349	0.00952	0.00793	0.00238	0.00873	0.00714	0.00793	0.01349
125	0.01849	0.01841	0.02419	0.02067	0.02116	0.05066	0.01715	0.05158	0.01384	0.02067	0.01092	0.01731	0.01056	0.01343	0.02435	0.00336	0.64371	0.00688	0.00372	0.00894
126	0.05863	0.02066	0.02212	0.01740	0.02307	0.02316	0.01428	0.51473	0.08930	0.04578	0.01981	0.02009	0.01439	0.00971	0.00847	0.00243	0.03708	0.00719	0.03895	0.01275
127	0.02868	0.03533	0.02346	0.02306	0.08683	0.59766	0.01618	0.05613	0.02265	0.02129	0.01279	0.01501	0.01057	0.00812	0.00725	0.00209	0.01360	0.00538	0.00423	0.00969
128	0.09202	0.01542	0.01826	0.01474	0.02037	0.01552	0.01197	0.09818	0.18715	0.39639	0.02866	0.02571	0.01929	0.00983	0.00774	0.00251	0.00677	0.00784	0.00877	0.01285
129	0.01387	0.00694	0.01004	0.01004	0.01022	0.00694	0.00675	0.01114	0.01096	0.01534	0.01497	0.02465	0.01442	0.02573	0.02847	0.69312	0.00657	0.00694	0.07905	0.00384
130	0.02973	0.02118	0.02285	0.01759	0.02373	0.02326	0.01451	0.59074	0.03573	0.07771	0.01989	0.01985	0.01406	0.00952	0.00783	0.00236	0.00842	0.00719	0.04062	0.01322

[dist]
# distance from previous block
# <min> <max>
0	1

[block]
# block no. 1 follows, 24 sequences, length 21
# corresponding to MSA columns:
# 387-407
name=unknown_B
#
# <colnr> <probs for GDERKNQSTAVLIFYWHMCP>
#	G	D	E	R	K	N	Q	S	T	A	V	L	I	F	Y	W	H	M	C	P
0	0.02149	0.58541	0.10665	0.01520	0.02223	0.09581	0.01539	0.02468	0.01681	0.01941	0.01148	0.01330	0.01017	0.00700	0.00555	0.00182	0.00940	0.00450	0.00346	0.01024
1	0.01644	0.01409	0.01644	0.01175	0.01879	0.01057	0.00940	0.01997	0.01644	0.02584	0.01409	0.01644	0.01175	0.00587	0.00587	0.00117	0.00587	0.00470	0.00470	0.76979
2	0.01350	0.01015	0.01483	0.01820	0.08565	0.01015	0.01400	0.01726	0.01823	0.02396	0.03913	0.08207	0.04214	0.02034	0.01063	0.00351	0.00753	0.55390	0.00695	0.00786
3	0.01278	0.00913	0.01278	0.01460	0.01643	0.00913	0.01278	0.01643	0.01825	0.02373	0.04199	0.08945	0.04564	0.02191	0.01095	0.00365	0.00730	0.61847	0.00730	0.00730
4	0.01872	0.02139	0.04679	0.03342	0.04144	0.02005	0.64305	0.02540	0.01872	0.02540	0.01604	0.02139	0.01203	0.00668	0.00936	0.00267	0.01337	0.00936	0.00401	0.01070
5	0.00966	0.00690	0.00920	0.01104	0.01150	0.00644	0.00736	0.01104	0.01518	0.02024	0.04371	0.71614	0.05245	0.02484	0.01012	0.00322	0.00460	0.02254	0.00736	0.00644
6	0.01963	0.01884	0.03219	0.04867	0.67185	0.01884	0.02434	0.02434	0.01806	0.02591	0.01492	0.01963	0.01256	0.00707	0.00785	0.00236	0.00942	0.00707	0.00393	0.01256
7	0.00963	0.00799	0.00843	0.00843	0.01090	0.00679	0.00628	0.01184	0.01853	0.02275	0.15695	0.10271	0.56190	0.01978	0.00940	0.00268	0.00401	0.01668	0.00755	0.00679
8	0.01972	0.01703	0.01793	0.01614	0.02062	0.01972	0.01255	0.04214	0.65752	0.03317	0.03228	0.02959	0.02421	0.01076	0.00807	0.00269	0.00628	0.00897	0.00807	0.01255
9	0.03558	0.01350	0.01840	0.01411	0.02024	0.01166	0.01166	0.03865	0.02270	0.67734	0.03128	0.02699	0.01963	0.00981	0.00797	0.00245	0.00675	0.00797	0.00981	0.01350
10	0.00966	0.00690	0.00920	0.01104	0.01150	0.00644	0.00736	0.01104	0.01518	0.02024	0.04371	0.71614	0.05245	0.02484	0.01012	0.00322	0.00460	0.02254	0.00736	0.00644
11	0.00998	0.00734	0.00936	0.01037	0.01147	0.00672	0.00720	0.01199	0.01725	0.02305	0.19164	0.47524	0.14483	0.02219	0.00984	0.00298	0.00432	0.01984	0.00767	0.00672
12	0.02935	0.02179	0.02380	0.05418	0.02617	0.02423	0.01544	0.61256	0.03616	0.04841	0.01878	0.01915	0.01333	0.00944	0.00793	0.00239	0.00882	0.00713	0.00770	0.01324
13	0.01907	0.01440	0.01698	0.01229	0.01921	0.01131	0.00989	0.05002	0.01804	0.09527	0.01612	0.01767	0.01265	0.00645	0.00619	0.00136	0.00609	0.00515	0.00538	0.65648
14	0.01646	0.11288	0.61323	0.02165	0.03286	0.01978	0.02765	0.02497	0.01668	0.02444	0.01389	0.01632	0.01006	0.00746	0.00728	0.00243	0.01138	0.00569	0.00335	0.01156
15	0.00966	0.00690	0.00920	0.01104	0.01150	0.00644	0.00736	0.01104	0.01518	0.02024	0.04371	0.71614	0.05245	0.02484	0.01012	0.00322	0.00460	0.02254	0.00736	0.00644
16	0.01478	0.00739	0.00739	0.00739	0.00924	0.00739	0.00554	0.01848	0.01663	0.02956	0.02587	0.02956	0.02033	0.00924	0.00554	0.00185	0.00370	0.00739	0.76534	0.00739
17	0.01238	0.00897	0.01141	0.01048	0.01263	0.00853	0.00795	0.05366	0.02336	0.03292	0.62786	0.05677	0.07106	0.01580	0.00927	0.00249	0.00405	0.01390	0.00868	0.00785
18	0.02074	0.01920	0.03130	0.04546	0.60349	0.01945	0.02336	0.08993	0.02009	0.02845	0.01535	0.01956	0.01266	0.00732	0.00786	0.00236	0.00935	0.00707	0.00435	0.01266
19	0.01019	0.00778	0.01062	0.08373	0.01597	0.00765	0.00877	0.01205	0.01556	0.02037	0.04442	0.57562	0.11266	0.02256	0.00981	0.00310	0.00517	0.02030	0.00696	0.00672
20	0.02187	0.01689	0.01824	0.01602	0.02076	0.01909	0.01257	0.06887	0.56261	0.10196	0.03158	0.02884	0.02324	0.01060	0.00805	0.00265	0.00644	0.00878	0.00825	0.01269

[dist]
# distance from previous block
# <min> <max>
0	27

[block]
# block no. 2 follows, 24 sequences, length 20
# corresponding to MSA columns:
# 435-454
name=unknown_C
#
# <colnr> <probs for GDERKNQSTAVLIFYWHMCP>
#	G	D	E	R	K	N	Q	S	T	A	V	L	I	F	Y	W	H	M	C	P
0	0.02353	0.01931	0.02033	0.01935	0.08515	0.07514	0.01392	0.20659	0.28099	0.05848	0.02451	0.02427	0.01833	0.00965	0.00768	0.00242	0.00770	0.00775	0.08284	0.01205
1	0.01128	0.00933	0.01026	0.01127	0.01240	0.05386	0.00782	0.01316	0.01715	0.02224	0.15045	0.50412	0.10337	0.02184	0.00972	0.00297	0.00508	0.01947	0.00737	0.00683
2	0.01033	0.00806	0.00950	0.01042	0.01215	0.00741	0.00769	0.01308	0.04167	0.02169	0.05861	0.33699	0.31235	0.02190	0.00983	0.00302	0.00476	0.09625	0.00738	0.00690
3	0.02415	0.01841	0.04965	0.08157	0.18545	0.01794	0.03661	0.18236	0.06208	0.15331	0.04303	0.02270	0.01668	0.00873	0.00786	0.00236	0.00842	0.00748	0.00644	0.06474
4	0.01829	0.02446	0.17674	0.05330	0.18371	0.01932	0.29991	0.02627	0.06879	0.02592	0.01662	0.02063	0.01265	0.00732	0.00847	0.00257	0.01146	0.00798	0.00416	0.01144
5	0.01786	0.02352	0.14155	0.08915	0.04006	0.01988	0.45040	0.02447	0.01771	0.02447	0.01520	0.02037	0.01148	0.00742	0.01010	0.00270	0.06081	0.00845	0.00383	0.01055
6	0.01902	0.01662	0.02540	0.01866	0.02522	0.01499	0.17812	0.07649	0.01889	0.06066	0.01680	0.04413	0.01379	0.00775	0.00838	0.00195	0.04785	0.00709	0.00509	0.39310
7	0.01135	0.00840	0.01227	0.01227	0.01352	0.00965	0.00932	0.01385	0.01260	0.01806	0.02168	0.03357	0.02087	0.13657	0.61423	0.01216	0.01966	0.00885	0.00431	0.00682
8	0.02166	0.63096	0.07265	0.01463	0.02143	0.08806	0.01453	0.02451	0.01670	0.01905	0.01130	0.01306	0.01017	0.00694	0.00539	0.00177	0.00915	0.00440	0.00345	0.01017
9	0.00966	0.00690	0.00920	0.01104	0.01150	0.00644	0.00736	0.01104	0.01518	0.02024	0.04371	0.71614	0.05245	0.02484	0.01012	0.00322	0.00460	0.02254	0.00736	0.00644
10	0.02706	0.26124	0.02844	0.01690	0.02252	0.25127	0.01419	0.13871	0.05240	0.09321	0.01594	0.01663	0.01240	0.00824	0.00673	0.00206	0.01022	0.00565	0.00531	0.01088
11	0.01164	0.01097	0.04465	0.01557	0.01788	0.00943	0.11839	0.01438	0.01600	0.02150	0.03758	0.53708	0.04333	0.02083	0.00992	0.00312	0.00655	0.04715	0.00661	0.00744
12	0.00990	0.00709	0.00942	0.01088	0.01155	0.00660	0.00738	0.01165	0.01630	0.02202	0.13973	0.61505	0.05589	0.02352	0.01000	0.00311	0.00447	0.02128	0.00757	0.00660
13	0.01107	0.00810	0.01039	0.00981	0.01175	0.00742	0.00736	0.01467	0.02208	0.03094	0.61886	0.06065	0.12416	0.01653	0.00935	0.00251	0.00376	0.01454	0.00862	0.00742
14	0.06858	0.01559	0.02545	0.46104	0.23497	0.01799	0.02179	0.02168	0.01635	0.02298	0.01413	0.02013	0.01103	0.00763	0.00770	0.00254	0.00993	0.00686	0.00374	0.00991
15	0.03513	0.01422	0.01885	0.01445	0.02060	0.01273	0.01194	0.08906	0.02391	0.62521	0.03027	0.02633	0.01912	0.00979	0.00797	0.00245	0.00691	0.00791	0.00966	0.01349
16	0.01251	0.00893	0.01247	0.01429	0.01600	0.00889	0.01230	0.01596	0.01799	0.02343	0.04214	0.14434	0.04623	0.02216	0.01088	0.00361	0.00707	0.56627	0.00731	0.00723
17	0.02161	0.57976	0.10469	0.01515	0.02224	0.07486	0.01536	0.05027	0.01749	0.02067	0.01177	0.01350	0.01030	0.00707	0.00560	0.00183	0.00922	0.00459	0.00362	0.01040
18	0.68291	0.01574	0.01317	0.05020	0.01820	0.01825	0.00979	0.06576	0.01526	0.03570	0.01176	0.01377	0.00904	0.00754	0.00529	0.00246	0.00656	0.00465	0.00504	0.00894
19	0.01615	0.03931	0.62503	0.02354	0.03494	0.01856	0.08278	0.02514	0.01691	0.02514	0.01439	0.01715	0.01022	0.00746	0.00769	0.00253	0.01186	0.00616	0.00341	0.01163

[dist]
# distance from previous block
# <min> <max>
0	1

[block]
# block no. 3 follows, 24 sequences, length 253
# corresponding to MSA columns:
# 456-708
name=unknown_D
#
# <colnr> <probs for GDERKNQSTAVLIFYWHMCP>
#	G	D	E	R	K	N	Q	S	T	A	V	L	I	F	Y	W	H	M	C	P
0	0.02006	0.04951	0.11229	0.04454	0.05604	0.01561	0.06276	0.07933	0.01971	0.11189	0.06611	0.02473	0.01859	0.00890	0.00824	0.00217	0.03659	0.03117	0.00563	0.22612
1	0.01030	0.00799	0.00913	0.00896	0.01099	0.00708	0.00653	0.01277	0.01905	0.02484	0.30144	0.09204	0.35574	0.08350	0.01225	0.00309	0.00427	0.01555	0.00766	0.00682
2	0.02200	0.04549	0.02074	0.01819	0.05626	0.09210	0.01379	0.20347	0.15787	0.03297	0.07220	0.05502	0.02289	0.01145	0.00973	0.00256	0.07559	0.03363	0.04317	0.01089
3	0.01153	0.00769	0.00865	0.00865	0.00865	0.00769	0.00480	0.01153	0.01153	0.01538	0.02499	0.05189	0.02883	0.72131	0.04036	0.00769	0.00769	0.01153	0.00480	0.00480
4	0.01648	0.01424	0.01678	0.01214	0.01888	0.01117	0.00974	0.01993	0.01626	0.02555	0.01393	0.01648	0.01169	0.00622	0.00675	0.00127	0.03624	0.00480	0.00464	0.73681
5	0.73620	0.01571	0.01232	0.01086	0.01585	0.01816	0.00894	0.05755	0.01480	0.03637	0.01148	0.01322	0.00886	0.00748	0.00507	0.00245	0.00628	0.00445	0.00507	0.00886
6	0.00966	0.00690	0.00920	0.01104	0.01150	0.00644	0.00736	0.01104	0.01518	0.02024	0.04371	0.71614	0.05245	0.02484	0.01012	0.00322	0.00460	0.02254	0.00736	0.00644
7	0.02030	0.28125	0.14313	0.01905	0.05120	0.02373	0.06746	0.09988	0.13345	0.02695	0.01834	0.04977	0.01520	0.00876	0.00706	0.00227	0.00893	0.00705	0.00500	0.01122
8	0.04505	0.12776	0.51360	0.02197	0.03245	0.02024	0.08309	0.02489	0.01672	0.02468	0.01386	0.01650	0.01019	0.00735	0.00729	0.00242	0.01124	0.00591	0.00347	0.01131
9	0.02542	0.02320	0.08156	0.05030	0.15611	0.07356	0.01828	0.31206	0.05263	0.06787	0.01779	0.01940	0.01322	0.00896	0.00870	0.00244	0.04302	0.00696	0.00615	0.01237
10	0.01631	0.09403	0.63081	0.02190	0.03324	0.01942	0.02808	0.02501	0.01669	0.02461	0.01398	0.01643	0.01006	0.00748	0.00734	0.00245	0.01147	0.00573	0.00335	0.01160
11	0.05971	0.02493	0.01903	0.04957	0.02246	0.35265	0.01315	0.02954	0.02130	0.18439	0.06792	0.05737	0.04355	0.01036	0.00768	0.00230	0.01029	0.00782	0.00613	0.00987
12	0.02852	0.01719	0.07073	0.01562	0.02165	0.01538	0.01348	0.06236	0.23460	0.38648	0.02979	0.02674	0.02016	0.00994	0.00797	0.00253	0.00706	0.00811	0.00865	0.01304
13	0.01735	0.01735	0.02429	0.02082	0.02082	0.02429	0.01735	0.01908	0.01214	0.01908	0.01041	0.01735	0.01041	0.01388	0.02602	0.00347	0.70680	0.00694	0.00347	0.00867
14	0.01115	0.00753	0.00876	0.00914	0.00923	0.00743	0.00533	0.01143	0.01228	0.01637	0.02882	0.18811	0.03367	0.57848	0.03416	0.00677	0.00705	0.01379	0.00533	0.00514
15	0.01177	0.00899	0.01227	0.07563	0.01695	0.00942	0.01000	0.04358	0.01643	0.02192	0.03805	0.53374	0.04414	0.02178	0.01064	0.00317	0.03917	0.06832	0.00685	0.00718
16	0.01441	0.00843	0.00936	0.00921	0.01078	0.00885	0.00679	0.03986	0.01639	0.02696	0.02687	0.11738	0.02439	0.07663	0.03490	0.00303	0.03942	0.00968	0.50933	0.00732
17	0.67143	0.01589	0.01312	0.01134	0.01644	0.01813	0.00934	0.08251	0.01617	0.06781	0.01277	0.01414	0.00958	0.00768	0.00534	0.00245	0.00641	0.00474	0.00543	0.00928
18	0.00966	0.00690	0.00920	0.01104	0.01150	0.00644	0.00736	0.01104	0.01518	0.02024	0.04371	0.71614	0.05245	0.02484	0.01012	0.00322	0.00460	0.02254	0.00736	0.00644
19	0.01708	0.01800	0.03251	0.32200	0.04364	0.04568	0.27099	0.02235	0.01693	0.02220	0.01558	0.04622	0.01267	0.00857	0.01010	0.00272	0.07095	0.00846	0.00388	0.00949
20	0.01498	0.01409	0.02378	0.70226	0.05462	0.01762	0.02202	0.02026	0.01586	0.02026	0.01409	0.02114	0.01057	0.00793	0.00793	0.00264	0.01057	0.00705	0.00352	0.00881
21	0.00966	0.00690	0.00920	0.01104	0.01150	0.00644	0.00736	0.01104	0.01518	0.02024	0.04371	0.71614	0.05245	0.02484	0.01012	0.00322	0.00460	0.02254	0.00736	0.00644
22	0.02853	0.12705	0.02495	0.01954	0.02398	0.60413	0.01509	0.03064	0.02165	0.01931	0.01210	0.01410	0.01021	0.00799	0.00688	0.00200	0.01355	0.00499	0.00400	0.00932
23	0.01909	0.01964	0.05616	0.07830	0.45277	0.01904	0.12569	0.02590	0.07487	0.02613	0.01658	0.02078	0.01331	0.00740	0.00811	0.00246	0.00994	0.00757	0.00427	0.01201
24	0.00961	0.00804	0.00836	0.00828	0.01086	0.00680	0.00621	0.01184	0.01864	0.02276	0.15606	0.07411	0.59206	0.01958	0.00937	0.00265	0.00398	0.01643	0.00754	0.00680
25	0.37141	0.01465	0.01555	0.01260	0.01818	0.01492	0.01039	0.05437	0.01907	0.36317	0.02166	0.02030	0.01440	0.00869	0.00658	0.00245	0.00654	0.00628	0.00752	0.01127
26	0.01619	0.03918	0.62371	0.02422	0.06223	0.01851	0.05667	0.02509	0.01689	0.02516	0.01434	0.01708	0.01024	0.00748	0.00763	0.00251	0.01169	0.00607	0.00340	0.01171
27	0.03416	0.01381	0.01836	0.01429	0.02028	0.01238	0.01174	0.03896	0.07954	0.61966	0.03137	0.02722	0.02004	0.00990	0.00798	0.00247	0.00671	0.00806	0.00966	0.01341
28	0.03014	0.02221	0.02380	0.01825	0.02459	0.02459	0.01507	0.64541	0.03728	0.04998	0.01904	0.01904	0.01349	0.00952	0.00793	0.00238	0.00873	0.00714	0.00793	0.01349
29	0.01291	0.00849	0.01063	0.00987	0.01206	0.00770	0.00734	0.01598	0.02077	0.08095	0.46020	0.05889	0.16741	0.07768	0.01194	0.00297	0.00438	0.01399	0.00824	0.00760
30	0.02797	0.09263	0.02347	0.01930	0.02354	0.56962	0.01477	0.05937	0.02230	0.02085	0.01402	0.04877	0.01244	0.00894	0.00716	0.00209	0.01308	0.00599	0.00437	0.00935
31	0.01963	0.01884	0.03219	0.04867	0.67185	0.01884	0.02434	0.02434	0.01806	0.02591	0.01492	0.01963	0.01256	0.00707	0.00785	0.00236	0.00942	0.00707	0.00393	0.01256
32	0.01122	0.00811	0.01060	0.00998	0.01185	0.00748	0.00748	0.01496	0.02245	0.03180	0.66766	0.05923	0.07482	0.01621	0.00935	0.00249	0.00374	0.01434	0.00873	0.00748
33	0.01498	0.01409	0.02378	0.70226	0.05462	0.01762	0.02202	0.02026	0.01586	0.02026	0.01409	0.02114	0.01057	0.00793	0.00793	0.00264	0.01057	0.00705	0.00352	0.00881
34	0.01115	0.00810	0.01049	0.00990	0.01180	0.00745	0.00742	0.01482	0.02227	0.03137	0.64331	0.05994	0.09944	0.01637	0.00935	0.00250	0.00375	0.01444	0.00867	0.00745
35	0.00966	0.00690	0.00920	0.01104	0.01150	0.00644	0.00736	0.01104	0.01518	0.02024	0.04371	0.71614	0.05245	0.02484	0.01012	0.00322	0.00460	0.02254	0.00736	0.00644
36	0.01122	0.00811	0.01060	0.00998	0.01185	0.00748	0.00748	0.01496	0.02245	0.03180	0.66766	0.05923	0.07482	0.01621	0.00935	0.00249	0.00374	0.01434	0.00873	0.00748
37	0.02120	0.72609	0.04155	0.01357	0.02035	0.03138	0.01357	0.02374	0.01611	0.01866	0.01102	0.01272	0.01018	0.00678	0.00509	0.00170	0.00848	0.00424	0.00339	0.01018
38	0.03558	0.01350	0.01840	0.01411	0.02024	0.01166	0.01166	0.03865	0.02270	0.67734	0.03128	0.02699	0.01963	0.00981	0.00797	0.00245	0.00675	0.00797	0.00981	0.01350
39	0.01590	0.04102	0.68023	0.02260	0.03432	0.01842	0.02930	0.02511	0.01674	0.02511	0.01423	0.01674	0.01005	0.00753	0.00753	0.00251	0.01172	0.00586	0.00335	0.01172
40	0.01133	0.00850	0.01274	0.01274	0.01416	0.00991	0.00991	0.01416	0.01274	0.01841	0.02124	0.03115	0.01982	0.05947	0.68989	0.01274	0.02124	0.00850	0.00425	0.00708
41	0.01972	0.01703	0.01793	0.01614	0.02062	0.01972	0.01255	0.04214	0.65752	0.03317	0.03228	0.02959	0.02421	0.01076	0.00807	0.00269	0.00628	0.00897	0.00807	0.01255
42	0.01133	0.00850	0.01274	0.01274	0.01416	0.00991	0.00991	0.01416	0.01274	0.01841	0.02124	0.03115	0.01982	0.05947	0.68989	0.01274	0.02124	0.00850	0.00425	0.00708
43	0.01264	0.00908	0.01258	0.01434	0.01620	0.00903	0.01250	0.01622	0.01825	0.02364	0.04355	0.08891	0.07107	0.02183	0.01089	0.00361	0.00717	0.59391	0.00730	0.00728
44	0.02962	0.03779	0.02247	0.02043	0.02451	0.68948	0.01532	0.03166	0.02247	0.01941	0.01226	0.01430	0.01021	0.00817	0.00715	0.00204	0.01430	0.00511	0.00409	0.00919
45	0.01700	0.01442	0.01674	0.01201	0.01903	0.01114	0.00963	0.04532	0.01729	0.02682	0.01429	0.01655	0.01182	0.00602	0.00596	0.00122	0.00599	0.00480	0.00483	0.73914
46	0.03558	0.01350	0.01840	0.01411	0.02024	0.01166	0.01166	0.03865	0.02270	0.67734	0.03128	0.02699	0.01963	0.00981	0.00797	0.00245	0.00675	0.00797	0.00981	0.01350
47	0.00966	0.00690	0.00920	0.01104	0.01150	0.00644	0.00736	0.01104	0.01518	0.02024	0.04371	0.71614	0.05245	0.02484	0.01012	0.00322	0.00460	0.02254	0.00736	0.00644
48	0.02933	0.02181	0.02334	0.01808	0.02428	0.02421	0.01488	0.59830	0.08571	0.04866	0.02007	0.01986	0.01432	0.00962	0.00794	0.00240	0.00853	0.00728	0.00794	0.01341
49	0.00974	0.00696	0.00927	0.01099	0.01152	0.00649	0.00737	0.01123	0.01554	0.02081	0.07407	0.68418	0.05354	0.02442	0.01008	0.00319	0.00456	0.02214	0.00743	0.00649
50	0.01085	0.00809	0.01008	0.00958	0.01162	0.00732	0.00718	0.01423	0.02155	0.02968	0.54783	0.06272	0.19598	0.01700	0.00936	0.00253	0.00380	0.01483	0.00845	0.00732
51	0.02030	0.01732	0.01825	0.01625	0.02084	0.01999	0.01269	0.07534	0.62338	0.03410	0.03155	0.02901	0.02362	0.01069	0.00806	0.00267	0.00641	0.00886	0.00806	0.01260
52	0.01317	0.00969	0.01297	0.01444	0.01651	0.00984	0.01247	0.01820	0.06783	0.02436	0.04289	0.08424	0.07097	0.02096	0.01066	0.00353	0.00708	0.54513	0.00736	0.00768
53	0.03558	0.01350	0.01840	0.01411	0.02024	0.01166	0.01166	0.03865	0.02270	0.67734	0.03128	0.02699	0.01963	0.00981	0.00797	0.00245	0.00675	0.00797	0.00981	0.01350
54	0.01254	0.00895	0.01250	0.01433	0.01604	0.00892	0.01236	0.01601	0.01801	0.02346	0.04212	0.13838	0.04617	0.02214	0.01089	0.00362	0.00709	0.57194	0.00731	0.00723
55	0.01278	0.00913	0.01278	0.01460	0.01643	0.00913	0.01278	0.01643	0.01825	0.02373	0.04199	0.08945	0.04564	0.02191	0.01095	0.00365	0.00730	0.61847	0.00730	0.00730
56	0.01935	0.01844	0.03139	0.04728	0.64509	0.01844	0.02386	0.02401	0.01806	0.02582	0.01602	0.02248	0.01391	0.00767	0.00798	0.00241	0.00933	0.03203	0.00406	0.01235
57	0.01963	0.01884	0.03219	0.04867	0.67185	0.01884	0.02434	0.02434	0.01806	0.02591	0.01492	0.01963	0.01256	0.00707	0.00785	0.00236	0.00942	0.00707	0.00393	0.01256
58	0.01152	0.00772	0.00883	0.00883	0.00889	0.00778	0.00503	0.01165	0.01158	0.01551	0.02482	0.05100	0.02844	0.69268	0.06846	0.00791	0.00827	0.01140	0.00478	0.00490
59	0.02964	0.03715	0.02253	0.02034	0.02452	0.66199	0.01531	0.05704	0.02308	0.02067	0.01254	0.01450	0.01035	0.00823	0.00718	0.00206	0.01407	0.00519	0.00424	0.00937
60	0.01865	0.01909	0.03600	0.13088	0.31843	0.01918	0.25983	0.02496	0.04568	0.02526	0.01599	0.02094	0.01259	0.00720	0.00845	0.00253	0.01095	0.00802	0.00408	0.01133
61	0.02110	0.53854	0.04048	0.01978	0.08629	0.05724	0.09440	0.02436	0.01691	0.02025	0.01209	0.01456	0.01064	0.00686	0.00599	0.00190	0.00944	0.00520	0.00355	0.01043
62	0.48196	0.08199	0.04943	0.01329	0.01906	0.02078	0.01168	0.18263	0.01997	0.03725	0.01324	0.01463	0.01005	0.00787	0.00582	0.00237	0.00727	0.00509	0.00547	0.01013
63	0.03275	0.01413	0.01842	0.01424	0.02021	0.01275	0.01169	0.08402	0.04688	0.54972	0.05332	0.02717	0.02101	0.00988	0.00793	0.00240	0.00673	0.00803	0.00932	0.04942
64	0.01377	0.00689	0.01033	0.01033	0.01033	0.00689	0.00689	0.01033	0.01033	0.01377	0.01377	0.02410	0.01377	0.02755	0.03099	0.76928	0.00689	0.00689	0.00344	0.00344
65	0.00946	0.00804	0.00816	0.00813	0.01077	0.00673	0.00609	0.01155	0.01828	0.02192	0.10844	0.07550	0.64022	0.01990	0.00937	0.00267	0.00400	0.01662	0.00743	0.00673
66	0.01377	0.00689	0.01033	0.01033	0.01033	0.00689	0.00689	0.01033	0.01033	0.01377	0.01377	0.02410	0.01377	0.02755	0.03099	0.76928	0.00689	0.00689	0.00344	0.00344
