[name]
unknown

[dist]
# distance from previous block
# <min> <max>
16	63

[block]
# block no. 0 follows, 24 sequences, length 15
# corresponding to MSA columns:
# 91-105
name=unknown_A
#
# <colnr> <probs for GDERKNQSTAVLIFYWHMCP>
#	G	D	E	R	K	N	Q	S	T	A	V	L	I	F	Y	W	H	M	C	P
0	0.01467	0.01191	0.01769	0.01637	0.06661	0.01114	0.08902	0.01713	0.01560	0.04810	0.04721	0.13075	0.07592	0.22580	0.01867	0.00399	0.03436	0.01143	0.00544	0.13819
1	0.04552	0.07700	0.17290	0.08504	0.07825	0.01715	0.09117	0.04608	0.01750	0.02581	0.01425	0.01746	0.01118	0.00689	0.00698	0.00201	0.00910	0.00595	0.00417	0.26560
2	0.01645	0.04024	0.01885	0.24847	0.02966	0.01544	0.01416	0.10883	0.07650	0.02680	0.07902	0.12630	0.05063	0.04526	0.00969	0.00277	0.00767	0.01036	0.00584	0.06707
3	0.01225	0.01115	0.01042	0.01102	0.01255	0.09100	0.00765	0.01375	0.01655	0.01995	0.04887	0.36010	0.23214	0.09957	0.01292	0.00341	0.00597	0.01739	0.00667	0.00667
4	0.01796	0.01504	0.01772	0.05197	0.02152	0.01261	0.01078	0.09318	0.01885	0.02835	0.01467	0.01702	0.01188	0.00642	0.00623	0.00140	0.00648	0.00512	0.00501	0.63779
5	0.01756	0.01458	0.01774	0.07434	0.02177	0.01517	0.01220	0.06864	0.14979	0.04626	0.04935	0.07870	0.05284	0.01100	0.00984	0.00231	0.09288	0.00868	0.00601	0.25035
6	0.01215	0.00929	0.01352	0.01318	0.01449	0.01115	0.01035	0.01493	0.01294	0.01921	0.02049	0.02970	0.01894	0.05168	0.57947	0.01111	0.08722	0.00827	0.05466	0.00726
7	0.01898	0.20263	0.23222	0.02471	0.08006	0.02150	0.20470	0.02498	0.01772	0.05073	0.03868	0.01931	0.01363	0.00747	0.00757	0.00234	0.01072	0.00698	0.00406	0.01101
8	0.01377	0.00689	0.01033	0.01033	0.01033	0.00689	0.00689	0.01033	0.01033	0.01377	0.01377	0.02410	0.01377	0.02755	0.03099	0.76928	0.00689	0.00689	0.00344	0.00344
9	0.01938	0.02073	0.05852	0.03161	0.31997	0.10183	0.04427	0.02721	0.14478	0.02589	0.02630	0.02803	0.09749	0.00959	0.00804	0.00244	0.00901	0.00845	0.00517	0.01127
10	0.01760	0.01450	0.01772	0.06535	0.02186	0.01275	0.01123	0.02256	0.06542	0.05812	0.01610	0.01839	0.01292	0.00712	0.00761	0.00162	0.05181	0.00551	0.00504	0.56676
11	0.05968	0.01408	0.01669	0.03969	0.01975	0.01303	0.01073	0.10490	0.04631	0.15947	0.11351	0.02607	0.02325	0.00910	0.00716	0.00198	0.00624	0.00740	0.03619	0.28475
12	0.01671	0.01646	0.07893	0.03418	0.02080	0.01289	0.01207	0.06787	0.08312	0.02800	0.06246	0.08696	0.02096	0.00933	0.00710	0.00187	0.00656	0.00781	0.00563	0.42029
13	0.07080	0.04438	0.05339	0.01597	0.02124	0.04374	0.04270	0.15488	0.03939	0.06276	0.02087	0.06941	0.04137	0.01216	0.03699	0.00271	0.07386	0.00784	0.00574	0.17979
14	0.01862	0.01405	0.01550	0.01331	0.01768	0.01440	0.01029	0.05855	0.29849	0.08850	0.05873	0.03667	0.11757	0.07301	0.01075	0.00284	0.00607	0.00968	0.00734	0.12793

[dist]
# distance from previous block
# <min> <max>
6	13

[block]
# block no. 1 follows, 24 sequences, length 11
# corresponding to MSA columns:
# 121-131
name=unknown_B
#
# <colnr> <probs for GDERKNQSTAVLIFYWHMCP>
#	G	D	E	R	K	N	Q	S	T	A	V	L	I	F	Y	W	H	M	C	P
0	0.04941	0.06774	0.02378	0.07008	0.07774	0.33258	0.03711	0.09977	0.02166	0.02455	0.01609	0.02223	0.01392	0.01240	0.05246	0.00298	0.01230	0.04869	0.00471	0.00976
1	0.26795	0.02004	0.01864	0.12838	0.02555	0.12620	0.01358	0.18243	0.04616	0.03276	0.01476	0.01734	0.01133	0.00945	0.00818	0.04725	0.00888	0.00594	0.00535	0.00982
2	0.01422	0.01290	0.02062	0.49494	0.04215	0.01590	0.01820	0.01822	0.01502	0.01966	0.01826	0.10285	0.01718	0.08332	0.01303	0.00329	0.06877	0.00926	0.00409	0.00812
3	0.01915	0.01836	0.03133	0.11552	0.60872	0.01872	0.02410	0.02392	0.01783	0.02533	0.01483	0.01978	0.01236	0.00715	0.00786	0.00238	0.00954	0.00706	0.00388	0.01218
4	0.01498	0.01409	0.02378	0.70226	0.05462	0.01762	0.02202	0.02026	0.01586	0.02026	0.01409	0.02114	0.01057	0.00793	0.00793	0.00264	0.01057	0.00705	0.00352	0.00881
5	0.01781	0.01794	0.03244	0.19934	0.23881	0.01886	0.19580	0.02285	0.01703	0.02373	0.01455	0.02007	0.01167	0.00774	0.00989	0.00254	0.07693	0.00754	0.00386	0.06062
6	0.07275	0.02332	0.02164	0.06969	0.08808	0.23055	0.01556	0.15518	0.02222	0.02782	0.01869	0.02371	0.04169	0.01281	0.04714	0.00304	0.07494	0.03603	0.00514	0.01000
7	0.09435	0.31921	0.06773	0.01564	0.02189	0.12269	0.04078	0.08519	0.01919	0.02483	0.01718	0.01865	0.05390	0.00817	0.00632	0.00201	0.00907	0.00583	0.00446	0.06293
8	0.12362	0.24004	0.16771	0.01736	0.02436	0.08899	0.06199	0.06889	0.05376	0.02642	0.01467	0.01660	0.01158	0.00768	0.00649	0.00219	0.00944	0.00567	0.04208	0.01045
9	0.06003	0.01683	0.01707	0.01554	0.01796	0.13544	0.01220	0.09124	0.01724	0.02316	0.01753	0.02466	0.01584	0.05937	0.34059	0.00766	0.10723	0.00740	0.00460	0.00841
10	0.14286	0.07031	0.02215	0.04664	0.02357	0.08013	0.01391	0.33401	0.12412	0.03908	0.01845	0.01893	0.01372	0.00900	0.00722	0.00237	0.00850	0.00660	0.00664	0.01178

[dist]
# distance from previous block
# <min> <max>
0	1

[block]
# block no. 2 follows, 24 sequences, length 11
# corresponding to MSA columns:
# 133-143
name=unknown_C
#
# <colnr> <probs for GDERKNQSTAVLIFYWHMCP>
#	G	D	E	R	K	N	Q	S	T	A	V	L	I	F	Y	W	H	M	C	P
0	0.02129	0.05767	0.02564	0.01837	0.02474	0.05431	0.15150	0.09140	0.06725	0.09591	0.01948	0.05677	0.01573	0.00840	0.00750	0.00207	0.00851	0.00759	0.00571	0.26016
1	0.01699	0.10518	0.02147	0.05399	0.02037	0.04382	0.01296	0.04234	0.01544	0.02147	0.01796	0.02408	0.05008	0.07169	0.07801	0.00376	0.21915	0.00713	0.00431	0.16978
2	0.01850	0.18144	0.07377	0.01377	0.01819	0.07995	0.01228	0.02173	0.01874	0.09921	0.16881	0.06695	0.09793	0.01499	0.04713	0.00294	0.03872	0.00969	0.00605	0.00921
3	0.04788	0.08492	0.01547	0.01204	0.01456	0.01089	0.03750	0.01652	0.01861	0.05822	0.28338	0.28424	0.05134	0.01715	0.00891	0.00267	0.00525	0.01521	0.00734	0.00789
4	0.01963	0.01884	0.03219	0.04867	0.67185	0.01884	0.02434	0.02434	0.01806	0.02591	0.01492	0.01963	0.01256	0.00707	0.00785	0.00236	0.00942	0.00707	0.00393	0.01256
5	0.01527	0.01449	0.02385	0.61840	0.05046	0.01844	0.02145	0.02012	0.01540	0.02012	0.01364	0.02067	0.01055	0.00866	0.01015	0.00274	0.09624	0.00703	0.00352	0.00879
6	0.01817	0.02013	0.04231	0.10280	0.04131	0.01916	0.53458	0.02449	0.01826	0.02489	0.01571	0.02103	0.01186	0.00676	0.00897	0.00257	0.01257	0.00880	0.00401	0.06164
7	0.01517	0.01385	0.02252	0.58632	0.04799	0.01739	0.02029	0.02001	0.01559	0.02090	0.01471	0.02148	0.01134	0.00856	0.00934	0.00265	0.07169	0.00707	0.06445	0.00868
8	0.09204	0.00842	0.00977	0.01005	0.01137	0.00848	0.00697	0.01377	0.01554	0.02322	0.15941	0.23899	0.07054	0.19451	0.07102	0.00478	0.00662	0.01434	0.03358	0.00657
9	0.07992	0.35632	0.06792	0.04691	0.02317	0.04879	0.01479	0.17056	0.02126	0.02834	0.03848	0.01686	0.01334	0.00825	0.00703	0.00211	0.03477	0.00567	0.00482	0.01067
10	0.02406	0.09324	0.02216	0.01519	0.02104	0.02034	0.01254	0.35543	0.05540	0.03794	0.01848	0.02072	0.01449	0.04816	0.00889	0.00234	0.00767	0.00667	0.04916	0.16607

[dist]
# distance from previous block
# <min> <max>
3	7

[block]
# block no. 3 follows, 24 sequences, length 8
# corresponding to MSA columns:
# 151-158
name=unknown_D
#
# <colnr> <probs for GDERKNQSTAVLIFYWHMCP>
#	G	D	E	R	K	N	Q	S	T	A	V	L	I	F	Y	W	H	M	C	P
0	0.02039	0.01574	0.01829	0.01437	0.01989	0.01527	0.01168	0.17901	0.06436	0.06128	0.06859	0.02623	0.02016	0.00955	0.00844	0.00203	0.04967	0.04432	0.00635	0.34437
1	0.09196	0.01488	0.01687	0.01323	0.01878	0.01405	0.01062	0.16765	0.02250	0.12492	0.09235	0.06871	0.02268	0.00981	0.00723	0.00204	0.00637	0.00794	0.00682	0.28060
2	0.01770	0.01403	0.01895	0.10159	0.11562	0.04314	0.03610	0.04406	0.06675	0.08716	0.06047	0.18068	0.02732	0.06209	0.03004	0.00319	0.00797	0.01131	0.00606	0.06577
3	0.01767	0.01827	0.06163	0.06755	0.06372	0.12042	0.01321	0.02421	0.11944	0.05287	0.12943	0.03807	0.15972	0.01202	0.00815	0.00239	0.00759	0.00993	0.00627	0.06744
4	0.05988	0.01298	0.01730	0.08922	0.02121	0.01373	0.03215	0.10884	0.01939	0.17077	0.07078	0.02745	0.02027	0.05705	0.01514	0.14510	0.04869	0.00803	0.05292	0.00911
5	0.07344	0.01860	0.01957	0.07929	0.02384	0.07930	0.01365	0.20532	0.11575	0.08196	0.04091	0.02665	0.05403	0.01048	0.00886	0.00247	0.05100	0.02585	0.00661	0.06241
6	0.06649	0.01306	0.01505	0.03538	0.01789	0.01167	0.00936	0.06644	0.01712	0.05345	0.02062	0.02700	0.04856	0.13525	0.04708	0.00326	0.00731	0.00708	0.00527	0.39269
7	0.02049	0.01694	0.02043	0.07951	0.02391	0.01853	0.01388	0.21203	0.08011	0.03175	0.01859	0.06642	0.01582	0.01035	0.01081	0.00237	0.13362	0.00766	0.00584	0.21094

[dist]
# distance from previous block
# <min> <max>
31	48

[block]
# block no. 4 follows, 24 sequences, length 46
# corresponding to MSA columns:
# 220-265
name=unknown_E
#
# <colnr> <probs for GDERKNQSTAVLIFYWHMCP>
#	G	D	E	R	K	N	Q	S	T	A	V	L	I	F	Y	W	H	M	C	P
0	0.05274	0.05110	0.02324	0.06862	0.02531	0.11211	0.08805	0.19806	0.07831	0.03148	0.05418	0.02746	0.08557	0.01186	0.03207	0.00275	0.00949	0.00835	0.00604	0.03320
1	0.02158	0.01788	0.01863	0.03559	0.02103	0.07390	0.01216	0.25751	0.05445	0.03395	0.06814	0.07624	0.02151	0.03523	0.03993	0.00281	0.00834	0.00839	0.00648	0.18623
2	0.04995	0.12745	0.05013	0.04413	0.02223	0.19222	0.01381	0.10997	0.06481	0.07381	0.02215	0.02842	0.04543	0.06297	0.00990	0.00274	0.00953	0.05477	0.00562	0.00995
3	0.06299	0.05160	0.05104	0.07831	0.02436	0.12182	0.01430	0.29194	0.02556	0.03343	0.01906	0.07312	0.01674	0.08764	0.01122	0.00297	0.00932	0.00811	0.00600	0.01046
4	0.01313	0.01039	0.01269	0.01205	0.01439	0.01007	0.00886	0.06203	0.01707	0.02343	0.03725	0.37995	0.10876	0.04446	0.01144	0.00290	0.06012	0.01575	0.00651	0.14875
5	0.01780	0.06276	0.03353	0.02417	0.02954	0.01910	0.31610	0.04983	0.01752	0.02434	0.01800	0.10428	0.01659	0.01027	0.01181	0.00265	0.13817	0.00961	0.00453	0.08943
6	0.02226	0.08089	0.01953	0.01418	0.01874	0.01673	0.01159	0.20603	0.05371	0.13697	0.13217	0.08285	0.07899	0.01246	0.00891	0.00244	0.03819	0.01004	0.00751	0.04579
7	0.01579	0.01107	0.01457	0.01326	0.01560	0.01208	0.01029	0.08229	0.01694	0.07608	0.05387	0.08144	0.04660	0.09400	0.32173	0.00764	0.06793	0.00983	0.00563	0.04336
8	0.02484	0.06916	0.05198	0.01329	0.01842	0.01261	0.01151	0.02915	0.05197	0.35547	0.14238	0.03868	0.09724	0.01216	0.00823	0.00249	0.00634	0.03461	0.00835	0.01111
9	0.05368	0.02261	0.02783	0.10881	0.35159	0.17596	0.04906	0.02682	0.06206	0.02465	0.01527	0.01901	0.01239	0.00766	0.00765	0.00235	0.01052	0.00672	0.00425	0.01111
10	0.02120	0.72609	0.04155	0.01357	0.02035	0.03138	0.01357	0.02374	0.01611	0.01866	0.01102	0.01272	0.01018	0.00678	0.00509	0.00170	0.00848	0.00424	0.00339	0.01018
11	0.01946	0.01884	0.03191	0.04379	0.54435	0.01925	0.07153	0.02550	0.06535	0.02609	0.01609	0.02040	0.01329	0.00762	0.00882	0.00246	0.04143	0.00738	0.00422	0.01224
12	0.00974	0.00696	0.00927	0.01099	0.01152	0.00649	0.00737	0.01123	0.01553	0.02080	0.07399	0.68426	0.05353	0.02442	0.01008	0.00319	0.00456	0.02215	0.00743	0.00649
13	0.07744	0.02178	0.02303	0.01775	0.02401	0.02416	0.01466	0.60603	0.03578	0.04906	0.01853	0.01865	0.01318	0.00938	0.00774	0.00238	0.00856	0.00696	0.00774	0.01318
14	0.14379	0.11746	0.02911	0.05081	0.02644	0.01842	0.23365	0.04810	0.01734	0.05744	0.03763	0.02469	0.01620	0.10864	0.01209	0.00315	0.00943	0.00794	0.02827	0.00940
15	0.01872	0.02139	0.04679	0.03342	0.04144	0.02005	0.64305	0.02540	0.01872	0.02540	0.01604	0.02139	0.01203	0.00668	0.00936	0.00267	0.01337	0.00936	0.00401	0.01070
16	0.01142	0.00862	0.01088	0.01177	0.01390	0.00809	0.00980	0.01451	0.01871	0.02394	0.13296	0.08118	0.26310	0.02057	0.01021	0.00317	0.00573	0.33681	0.00750	0.00712
17	0.01262	0.00812	0.01081	0.01104	0.01268	0.00751	0.00813	0.01536	0.01930	0.07715	0.32738	0.31931	0.05962	0.01953	0.00966	0.00286	0.00456	0.05868	0.00817	0.00753
18	0.01801	0.14045	0.47655	0.01960	0.02926	0.04628	0.02375	0.02523	0.01712	0.05202	0.01530	0.01748	0.01128	0.00768	0.00701	0.00232	0.01050	0.00579	0.06325	0.01112
19	0.00989	0.00707	0.00947	0.01131	0.01187	0.00664	0.00776	0.01144	0.01541	0.02050	0.04358	0.66957	0.05194	0.02463	0.01018	0.00325	0.00480	0.06682	0.00736	0.00650
20	0.01152	0.00772	0.00883	0.00883	0.00889	0.00779	0.00503	0.01165	0.01159	0.01551	0.02482	0.05098	0.02843	0.69214	0.06899	0.00791	0.00829	0.01140	0.00478	0.00491
21	0.01573	0.05969	0.42308	0.02163	0.03007	0.01788	0.10147	0.02254	0.01622	0.02349	0.01766	0.09453	0.01569	0.03856	0.01072	0.00286	0.06543	0.00836	0.00394	0.01044
22	0.03143	0.01390	0.01810	0.01445	0.01999	0.01287	0.01192	0.09429	0.05242	0.50703	0.06036	0.03272	0.02383	0.01107	0.00827	0.00255	0.00682	0.05598	0.00931	0.01269
23	0.01478	0.00739	0.00739	0.00739	0.00924	0.00739	0.00554	0.01848	0.01663	0.02956	0.02587	0.02956	0.02033	0.00924	0.00554	0.00185	0.00370	0.00739	0.76534	0.00739
24	0.01775	0.02548	0.20027	0.08832	0.07360	0.01938	0.40680	0.02484	0.01795	0.02492	0.01537	0.02013	0.01145	0.00702	0.00871	0.00261	0.01252	0.00818	0.00380	0.01088
25	0.01872	0.02139	0.04679	0.03342	0.04144	0.02005	0.64305	0.02540	0.01872	0.02540	0.01604	0.02139	0.01203	0.00668	0.00936	0.00267	0.01337	0.00936	0.00401	0.01070
26	0.01848	0.02093	0.04534	0.07576	0.04228	0.01990	0.60374	0.02508	0.01854	0.02508	0.01592	0.02137	0.01194	0.00676	0.00927	0.00267	0.01319	0.00921	0.00398	0.01058
27	0.02157	0.05033	0.01990	0.01562	0.02033	0.12263	0.01254	0.14598	0.06523	0.04819	0.01881	0.02493	0.01620	0.04892	0.04355	0.00295	0.06368	0.04518	0.00562	0.20784
28	0.05917	0.19383	0.09825	0.01639	0.02310	0.02330	0.01520	0.30416	0.04538	0.06249	0.04841	0.01948	0.01557	0.00879	0.00707	0.00221	0.00839	0.00652	0.00620	0.03607
29	0.02120	0.72609	0.04155	0.01357	0.02035	0.03138	0.01357	0.02374	0.01611	0.01866	0.01102	0.01272	0.01018	0.00678	0.00509	0.00170	0.00848	0.00424	0.00339	0.01018
30	0.00966	0.00690	0.00920	0.01104	0.01150	0.00644	0.00736	0.01104	0.01518	0.02024	0.04371	0.71614	0.05245	0.02484	0.01012	0.00322	0.00460	0.02254	0.00736	0.00644
31	0.01803	0.05243	0.38450	0.01948	0.02796	0.04440	0.06262	0.02654	0.07769	0.06502	0.02024	0.02196	0.03214	0.00849	0.00744	0.00241	0.00978	0.00693	0.10094	0.01099
32	0.01677	0.01610	0.02725	0.41933	0.25169	0.01858	0.04148	0.02165	0.01638	0.02216	0.01415	0.02038	0.01125	0.00805	0.00929	0.00261	0.06202	0.00712	0.00366	0.01007
33	0.01963	0.01884	0.03219	0.04867	0.67185	0.01884	0.02434	0.02434	0.01806	0.02591	0.01492	0.01963	0.01256	0.00707	0.00785	0.00236	0.00942	0.00707	0.00393	0.01256
34	0.01590	0.04102	0.68023	0.02260	0.03432	0.01842	0.02930	0.02511	0.01674	0.02511	0.01423	0.01674	0.01005	0.00753	0.00753	0.00251	0.01172	0.00586	0.00335	0.01172
35	0.01782	0.01298	0.01616	0.06605	0.03831	0.01386	0.01206	0.12604	0.10195	0.07626	0.08653	0.14925	0.08127	0.04725	0.01100	0.00305	0.03004	0.09345	0.00720	0.00949
36	0.01396	0.00743	0.00759	0.00769	0.00944	0.00730	0.00564	0.01725	0.01643	0.02782	0.03080	0.06978	0.07056	0.04346	0.00766	0.00225	0.00395	0.00906	0.63476	0.00717
37	0.01498	0.01409	0.02378	0.70226	0.05462	0.01762	0.02202	0.02026	0.01586	0.02026	0.01409	0.02114	0.01057	0.00793	0.00793	0.00264	0.01057	0.00705	0.00352	0.00881
38	0.03158	0.01576	0.01869	0.01485	0.02047	0.04892	0.01206	0.10663	0.08546	0.46836	0.06927	0.02771	0.02237	0.01019	0.00802	0.00245	0.00713	0.00823	0.00906	0.01280
39	0.01899	0.01874	0.03266	0.20661	0.03871	0.06768	0.30236	0.02402	0.01791	0.07088	0.01824	0.07533	0.01514	0.00915	0.00964	0.00269	0.04760	0.00923	0.00455	0.00985
40	0.00966	0.00690	0.00920	0.01104	0.01150	0.00644	0.00736	0.01104	0.01518	0.02024	0.04371	0.71614	0.05245	0.02484	0.01012	0.00322	0.00460	0.02254	0.00736	0.00644
41	0.01747	0.01940	0.04162	0.03034	0.03732	0.01818	0.55558	0.02343	0.01823	0.02469	0.01985	0.11699	0.01759	0.00918	0.00946	0.00275	0.01216	0.01117	0.00447	0.01011
42	0.04126	0.02072	0.13279	0.14501	0.11238	0.01747	0.23933	0.02308	0.04271	0.02404	0.01850	0.02317	0.04172	0.00957	0.01022	0.06514	0.01069	0.00809	0.00411	0.00999
43	0.01971	0.53294	0.22162	0.01612	0.02429	0.02772	0.01800	0.02413	0.01629	0.02048	0.01193	0.01385	0.01014	0.00700	0.00578	0.00193	0.00939	0.00470	0.00338	0.01061
44	0.00964	0.00812	0.00840	0.00855	0.01116	0.00688	0.00655	0.01178	0.01809	0.02160	0.07733	0.07734	0.61991	0.02023	0.00950	0.00275	0.00427	0.06379	0.00736	0.00674
45	0.01831	0.02010	0.03947	0.18965	0.09073	0.04374	0.42980	0.02435	0.01814	0.02403	0.01537	0.02094	0.01167	0.00706	0.00883	0.00262	0.01246	0.00850	0.00389	0.01034

[dist]
# distance from previous block
# <min> <max>
0	1

[block]
# block no. 5 follows, 24 sequences, length 34
# corresponding to MSA columns:
# 267-300
name=unknown_F
#
# <colnr> <probs for GDERKNQSTAVLIFYWHMCP>
#	G	D	E	R	K	N	Q	S	T	A	V	L	I	F	Y	W	H	M	C	P
0	0.01071	0.00814	0.01077	0.01086	0.01262	0.00743	0.03258	0.01322	0.01796	0.02416	0.20179	0.31692	0.20375	0.01992	0.00950	0.00283	0.00463	0.03602	0.04917	0.00700
1	0.01193	0.00828	0.01036	0.01023	0.01096	0.00894	0.00699	0.01332	0.01268	0.01810	0.02540	0.04279	0.04803	0.39112	0.23810	0.00834	0.03751	0.01019	0.08072	0.00599
2	0.02226	0.01482	0.01823	0.01506	0.05541	0.01276	0.01132	0.05147	0.08301	0.19021	0.02044	0.02067	0.01507	0.00755	0.00681	0.00176	0.00644	0.00617	0.00640	0.43416
3	0.05911	0.06808	0.04197	0.01255	0.01573	0.01311	0.01062	0.04817	0.01843	0.10043	0.13468	0.07347	0.03116	0.04038	0.03383	0.00307	0.06194	0.07022	0.15430	0.00876
4	0.10742	0.01505	0.01834	0.01431	0.02013	0.01451	0.01178	0.15128	0.02454	0.45956	0.06072	0.02578	0.02029	0.00985	0.00773	0.00244	0.00690	0.00779	0.00891	0.01268
5	0.01656	0.01650	0.02715	0.51816	0.07836	0.04716	0.11012	0.02260	0.04384	0.02176	0.01510	0.02117	0.01143	0.00784	0.00810	0.00261	0.01090	0.00738	0.00383	0.00943
6	0.01001	0.00727	0.00945	0.01057	0.01153	0.00671	0.00729	0.01200	0.01712	0.02307	0.19442	0.51349	0.10283	0.02245	0.00988	0.00301	0.00435	0.02017	0.00769	0.00671
7	0.01137	0.00831	0.01181	0.01181	0.01290	0.00940	0.00874	0.01356	0.01247	0.01771	0.02210	0.03590	0.02189	0.21108	0.54110	0.01159	0.01814	0.00919	0.00438	0.00656
8	0.01009	0.00721	0.00969	0.01153	0.01218	0.00681	0.00810	0.01178	0.01560	0.02072	0.04347	0.63027	0.05151	0.02444	0.01024	0.00328	0.00497	0.10420	0.00735	0.00656
9	0.06012	0.01571	0.01781	0.01516	0.02024	0.01680	0.01205	0.04004	0.40449	0.26001	0.03095	0.02790	0.02188	0.01027	0.00789	0.00260	0.00644	0.00840	0.00854	0.01270
10	0.77733	0.01534	0.01166	0.01043	0.01534	0.01779	0.00859	0.02331	0.01350	0.03558	0.01104	0.01288	0.00859	0.00736	0.00491	0.00245	0.00613	0.00429	0.00491	0.00859
11	0.03014	0.02221	0.02380	0.01825	0.02459	0.02459	0.01507	0.64541	0.03728	0.04998	0.01904	0.01904	0.01349	0.00952	0.00793	0.00238	0.00873	0.00714	0.00793	0.01349
12	0.02821	0.02125	0.02271	0.01785	0.02385	0.02369	0.01460	0.53349	0.15235	0.04686	0.02149	0.02100	0.01547	0.00975	0.00796	0.00244	0.00827	0.00748	0.00796	0.01331
13	0.01154	0.00824	0.01136	0.01319	0.01447	0.00806	0.01062	0.01429	0.01703	0.02234	0.04267	0.33882	0.04835	0.02307	0.01062	0.00348	0.00623	0.38134	0.00733	0.00696
14	0.02975	0.03411	0.02279	0.01991	0.02453	0.53239	0.01526	0.17667	0.02597	0.02663	0.01386	0.01542	0.01099	0.00849	0.00734	0.00212	0.01298	0.00559	0.00499	0.01021
15	0.74602	0.01639	0.03915	0.01093	0.01612	0.01782	0.00944	0.02338	0.01363	0.03515	0.01117	0.01304	0.00865	0.00737	0.00502	0.00246	0.00636	0.00436	0.00484	0.00872
16	0.01041	0.00721	0.00898	0.01009	0.01037	0.00694	0.00634	0.01124	0.01373	0.01831	0.03626	0.45182	0.04305	0.30198	0.02215	0.00500	0.00583	0.01816	0.00634	0.00579
17	0.66244	0.01505	0.01270	0.01100	0.01610	0.01684	0.00906	0.02569	0.01492	0.13498	0.01418	0.01507	0.01030	0.00774	0.00538	0.00245	0.00623	0.00486	0.00567	0.00935
18	0.02114	0.01373	0.01440	0.01211	0.01586	0.01480	0.00965	0.27015	0.05232	0.03788	0.02341	0.02536	0.01776	0.00942	0.00661	0.00210	0.00582	0.00736	0.43010	0.01005
19	0.01498	0.01409	0.02378	0.70226	0.05462	0.01762	0.02202	0.02026	0.01586	0.02026	0.01409	0.02114	0.01057	0.00793	0.00793	0.00264	0.01057	0.00705	0.00352	0.00881
20	0.02803	0.02168	0.02220	0.01759	0.02337	0.05847	0.01432	0.50353	0.11912	0.04518	0.02077	0.02068	0.01506	0.00960	0.00780	0.00238	0.00847	0.00729	0.04160	0.01286
21	0.03014	0.02221	0.02380	0.01825	0.02459	0.02459	0.01507	0.64541	0.03728	0.04998	0.01904	0.01904	0.01349	0.00952	0.00793	0.00238	0.00873	0.00714	0.00793	0.01349
22	0.02120	0.72609	0.04155	0.01357	0.02035	0.03138	0.01357	0.02374	0.01611	0.01866	0.01102	0.01272	0.01018	0.00678	0.00509	0.00170	0.00848	0.00424	0.00339	0.01018
23	0.03558	0.01350	0.01840	0.01411	0.02024	0.01166	0.01166	0.03865	0.02270	0.67734	0.03128	0.02699	0.01963	0.00981	0.00797	0.00245	0.00675	0.00797	0.00981	0.01350
24	0.02120	0.72609	0.04155	0.01357	0.02035	0.03138	0.01357	0.02374	0.01611	0.01866	0.01102	0.01272	0.01018	0.00678	0.00509	0.00170	0.00848	0.00424	0.00339	0.01018
25	0.00976	0.00703	0.00928	0.01104	0.01165	0.00655	0.00750	0.01125	0.01542	0.02042	0.04528	0.66472	0.07974	0.02452	0.01012	0.00321	0.00467	0.04398	0.00736	0.00648
26	0.01478	0.00739	0.00739	0.00739	0.00924	0.00739	0.00554	0.01848	0.01663	0.02956	0.02587	0.02956	0.02033	0.00924	0.00554	0.00185	0.00370	0.00739	0.76534	0.00739
27	0.00983	0.00706	0.00956	0.01121	0.01177	0.00679	0.00762	0.01135	0.01494	0.02006	0.04146	0.64765	0.04919	0.02831	0.07809	0.00417	0.00626	0.02114	0.00705	0.00650
28	0.01122	0.00811	0.01060	0.00998	0.01185	0.00748	0.00748	0.01496	0.02245	0.03180	0.66766	0.05923	0.07482	0.01621	0.00935	0.00249	0.00374	0.01434	0.00873	0.00748
29	0.00993	0.00787	0.00893	0.00906	0.01115	0.00687	0.00665	0.01231	0.01880	0.02408	0.23591	0.17719	0.40355	0.01980	0.00949	0.00272	0.00404	0.01704	0.00774	0.00687
30	0.01881	0.02305	0.12724	0.06384	0.26545	0.04578	0.19398	0.02499	0.04122	0.02474	0.01518	0.01970	0.01209	0.00793	0.01002	0.00259	0.08069	0.00750	0.00396	0.01124
31	0.26503	0.10093	0.19703	0.01589	0.02261	0.01795	0.04994	0.02445	0.04438	0.06340	0.08116	0.02378	0.01883	0.00910	0.00688	0.00246	0.00814	0.03289	0.00515	0.00999
32	0.28547	0.05062	0.02156	0.04857	0.07404	0.21127	0.04817	0.08880	0.01978	0.06382	0.01397	0.01600	0.01078	0.00788	0.00663	0.00231	0.00970	0.00562	0.00499	0.01001
33	0.01947	0.01806	0.02377	0.05616	0.29853	0.06826	0.01683	0.07207	0.04142	0.02626	0.01642	0.02204	0.01421	0.07864	0.01059	0.00260	0.00865	0.00686	0.00466	0.19449

[dist]
# distance from previous block
# <min> <max>
1	4

[block]
# block no. 6 follows, 24 sequences, length 36
# corresponding to MSA columns:
# 305-340
name=unknown_G
#
# <colnr> <probs for GDERKNQSTAVLIFYWHMCP>
#	G	D	E	R	K	N	Q	S	T	A	V	L	I	F	Y	W	H	M	C	P
0	0.05914	0.05251	0.02018	0.01641	0.04455	0.04022	0.04513	0.07397	0.14377	0.05735	0.02182	0.02745	0.01815	0.00965	0.00805	0.00224	0.03608	0.06465	0.05759	0.20109
1	0.02104	0.50378	0.06287	0.06331	0.05707	0.08078	0.01541	0.02564	0.06604	0.02058	0.01330	0.01524	0.01140	0.00732	0.00592	0.00193	0.00910	0.00508	0.00384	0.01037
2	0.02474	0.01335	0.01670	0.01255	0.01884	0.01077	0.01018	0.02794	0.01946	0.32663	0.02713	0.02592	0.06590	0.00879	0.00711	0.00188	0.00613	0.00714	0.00727	0.36156
3	0.01033	0.00786	0.00956	0.00991	0.01170	0.00708	0.00733	0.01292	0.01894	0.02499	0.27836	0.22696	0.26433	0.01999	0.00966	0.00281	0.00428	0.05820	0.00785	0.00696
4	0.01930	0.08848	0.02380	0.09581	0.02492	0.01796	0.07833	0.10950	0.01862	0.08680	0.01917	0.05317	0.01626	0.02206	0.17460	0.00504	0.10246	0.00812	0.02591	0.00968
5	0.01074	0.00804	0.00996	0.00959	0.01158	0.00726	0.00715	0.01399	0.02115	0.02897	0.50894	0.09185	0.20666	0.01746	0.00939	0.00257	0.00384	0.01524	0.00836	0.00726
6	0.00966	0.00690	0.00920	0.01104	0.01150	0.00644	0.00736	0.01104	0.01518	0.02024	0.04371	0.71614	0.05245	0.02484	0.01012	0.00322	0.00460	0.02254	0.00736	0.00644
7	0.05611	0.02131	0.02255	0.06407	0.02565	0.05498	0.01488	0.49955	0.03242	0.04374	0.01793	0.01904	0.01309	0.01090	0.03217	0.00270	0.00935	0.00687	0.00706	0.04562
8	0.01667	0.01262	0.01963	0.18423	0.02771	0.01315	0.08618	0.07836	0.01967	0.08797	0.12442	0.23306	0.03403	0.01438	0.00897	0.00275	0.00755	0.01311	0.00652	0.00902
9	0.01004	0.00728	0.00948	0.01057	0.01154	0.00672	0.00730	0.01207	0.01723	0.02327	0.20565	0.50646	0.09833	0.02233	0.00988	0.00300	0.00434	0.02007	0.00771	0.00672
10	0.01708	0.01818	0.03640	0.17086	0.07071	0.01856	0.38420	0.02257	0.01733	0.02346	0.01767	0.08296	0.01525	0.00907	0.01019	0.00275	0.05895	0.00978	0.00417	0.00988
11	0.01748	0.07103	0.02940	0.35914	0.30296	0.01926	0.04451	0.02237	0.01687	0.02262	0.01426	0.01989	0.01140	0.00744	0.00773	0.00245	0.01004	0.00692	0.00369	0.01051
12	0.01318	0.05696	0.01261	0.01144	0.01331	0.00920	0.00846	0.01575	0.03541	0.07717	0.09146	0.44649	0.10579	0.02067	0.00945	0.00295	0.00511	0.04954	0.00742	0.00762
13	0.01156	0.00761	0.00904	0.00964	0.01011	0.00751	0.00623	0.01261	0.01355	0.01878	0.03102	0.20669	0.03499	0.41951	0.02694	0.00566	0.00652	0.07120	0.08516	0.00569
14	0.08656	0.01423	0.02070	0.19622	0.14728	0.01640	0.01642	0.07856	0.01688	0.02488	0.01653	0.02292	0.01399	0.02472	0.22742	0.00583	0.04947	0.00726	0.00437	0.00936
15	0.05654	0.02023	0.02261	0.08646	0.12314	0.07239	0.01608	0.23168	0.22245	0.03537	0.02118	0.02196	0.01593	0.00919	0.00777	0.00247	0.00856	0.00740	0.00653	0.01207
16	0.01031	0.00746	0.00984	0.01156	0.01229	0.00716	0.00806	0.01263	0.03781	0.02102	0.04315	0.63283	0.05082	0.02408	0.01013	0.00324	0.00492	0.07859	0.00738	0.00674
17	0.02696	0.02111	0.02140	0.01682	0.02274	0.08378	0.01359	0.40987	0.04884	0.07361	0.01969	0.04938	0.01523	0.00952	0.00763	0.00220	0.00844	0.00732	0.00712	0.13475
18	0.01117	0.00834	0.01241	0.01258	0.01391	0.00958	0.00967	0.01386	0.01298	0.01858	0.02337	0.09611	0.02292	0.05619	0.62542	0.01184	0.01966	0.00983	0.00454	0.00702
19	0.01005	0.00793	0.00905	0.00904	0.01119	0.00694	0.00668	0.01258	0.01926	0.02488	0.27948	0.14195	0.39424	0.01928	0.00945	0.00267	0.00399	0.01656	0.00784	0.00694
20	0.01910	0.12551	0.46759	0.02042	0.03010	0.02042	0.02434	0.07323	0.01840	0.07021	0.01514	0.01712	0.01100	0.00807	0.00824	0.00244	0.04694	0.00595	0.00415	0.01162
21	0.08438	0.01506	0.02336	0.50084	0.13022	0.01796	0.02039	0.02276	0.06527	0.02338	0.01533	0.02085	0.01170	0.00798	0.00766	0.00259	0.00969	0.00695	0.00405	0.00957
22	0.01623	0.01420	0.01505	0.01275	0.01739	0.03837	0.00991	0.02597	0.23746	0.02831	0.12589	0.03625	0.12529	0.01131	0.00772	0.00215	0.00574	0.00942	0.00683	0.25378
23	0.01852	0.07405	0.04065	0.09317	0.03822	0.02031	0.45839	0.04943	0.01863	0.02495	0.01685	0.05616	0.01384	0.00808	0.00938	0.00264	0.03295	0.00926	0.00423	0.01031
24	0.00974	0.00696	0.00927	0.01099	0.01152	0.00650	0.00737	0.01125	0.01556	0.02085	0.07645	0.68167	0.05362	0.02439	0.01008	0.00318	0.00456	0.02211	0.00743	0.00650
25	0.00937	0.00803	0.00803	0.00803	0.01071	0.00669	0.00602	0.01138	0.01807	0.02142	0.08033	0.07632	0.66863	0.02008	0.00937	0.00268	0.00402	0.01674	0.00736	0.00669
26	0.01587	0.01501	0.02541	0.57586	0.17398	0.01785	0.02247	0.02105	0.01628	0.02135	0.01425	0.02085	0.01096	0.00776	0.00791	0.00259	0.01035	0.00705	0.00360	0.00953
27	0.03558	0.01350	0.01840	0.01411	0.02024	0.01166	0.01166	0.03865	0.02270	0.67734	0.03128	0.02699	0.01963	0.00981	0.00797	0.00245	0.00675	0.00797	0.00981	0.01350
28	0.01964	0.01867	0.03084	0.04559	0.61009	0.01892	0.02322	0.02602	0.07870	0.02660	0.01656	0.02057	0.01367	0.00742	0.00787	0.00239	0.00912	0.00725	0.00432	0.01256
29	0.01122	0.00811	0.01060	0.00998	0.01185	0.00748	0.00748	0.01496	0.02245	0.03180	0.66766	0.05923	0.07482	0.01621	0.00935	0.00249	0.00374	0.01434	0.00873	0.00748
30	0.01644	0.01409	0.01644	0.01175	0.01879	0.01057	0.00940	0.01997	0.01644	0.02584	0.01409	0.01644	0.01175	0.00587	0.00587	0.00117	0.00587	0.00470	0.00470	0.76979
31	0.00937	0.00803	0.00803	0.00803	0.01071	0.00669	0.00602	0.01138	0.01807	0.02142	0.08033	0.07632	0.66863	0.02008	0.00937	0.00268	0.00402	0.01674	0.00736	0.00669
32	0.00988	0.00706	0.00944	0.01119	0.01177	0.00662	0.00765	0.01147	0.01561	0.02086	0.06692	0.65872	0.05293	0.02437	0.01014	0.00322	0.00471	0.05351	0.00741	0.00652
33	0.01714	0.01630	0.02770	0.39793	0.34202	0.01819	0.02310	0.02216	0.01688	0.02289	0.01448	0.02044	0.01150	0.00753	0.00789	0.00251	0.01004	0.00706	0.00371	0.01056
34	0.01153	0.00769	0.00865	0.00865	0.00865	0.00769	0.00480	0.01153	0.01153	0.01538	0.02499	0.05189	0.02883	0.72131	0.04036	0.00769	0.00769	0.01153	0.00480	0.00480
35	0.01657	0.01563	0.02592	0.47686	0.23195	0.01808	0.02220	0.02258	0.04992	0.02257	0.01528	0.02114	0.01186	0.00783	0.00791	0.00256	0.01001	0.00715	0.00388	0.01009

[dist]
# distance from previous block
# <min> <max>
0	2

[block]
# block no. 7 follows, 24 sequences, length 13
# corresponding to MSA columns:
# 343-355
name=unknown_H
#
# <colnr> <probs for GDERKNQSTAVLIFYWHMCP>
#	G	D	E	R	K	N	Q	S	T	A	V	L	I	F	Y	W	H	M	C	P
0	0.33569	0.04636	0.04060	0.01094	0.01502	0.01421	0.00920	0.05333	0.01776	0.03108	0.17279	0.03602	0.13280	0.04351	0.00852	0.00270	0.00580	0.00915	0.00620	0.00833
1	0.09051	0.02166	0.02282	0.01761	0.02384	0.02404	0.01455	0.59515	0.03536	0.04881	0.01839	0.01854	0.01309	0.00934	0.00769	0.00239	0.00852	0.00691	0.00769	0.01309
2	0.38253	0.18469	0.02054	0.01305	0.01780	0.14583	0.01087	0.02390	0.01564	0.02668	0.01251	0.01612	0.01091	0.04919	0.03958	0.00297	0.00901	0.00503	0.00436	0.00879
3	0.01041	0.00748	0.00987	0.01053	0.01167	0.00694	0.00742	0.01292	0.01866	0.02577	0.34222	0.40186	0.06315	0.02071	0.00975	0.00287	0.00419	0.01862	0.00802	0.00694
4	0.01567	0.03866	0.63083	0.02201	0.03300	0.01773	0.02808	0.02447	0.01685	0.02501	0.01628	0.02212	0.01268	0.00860	0.00779	0.00260	0.01139	0.05120	0.00364	0.01139
5	0.01153	0.00769	0.00865	0.00865	0.00865	0.00769	0.00480	0.01153	0.01153	0.01538	0.02499	0.05189	0.02883	0.72131	0.04036	0.00769	0.00769	0.01153	0.00480	0.00480
6	0.02120	0.72609	0.04155	0.01357	0.02035	0.03138	0.01357	0.02374	0.01611	0.01866	0.01102	0.01272	0.01018	0.00678	0.00509	0.00170	0.00848	0.00424	0.00339	0.01018
7	0.00966	0.00690	0.00920	0.01104	0.01150	0.00644	0.00736	0.01104	0.01518	0.02024	0.04371	0.71614	0.05245	0.02484	0.01012	0.00322	0.00460	0.02254	0.00736	0.00644
8	0.02962	0.03779	0.02247	0.02043	0.02451	0.68948	0.01532	0.03166	0.02247	0.01941	0.01226	0.01430	0.01021	0.00817	0.00715	0.00204	0.01430	0.00511	0.00409	0.00919
9	0.01078	0.00803	0.00968	0.00930	0.01115	0.00730	0.00676	0.01359	0.01993	0.02702	0.43284	0.06280	0.22504	0.10560	0.01324	0.00319	0.00431	0.01462	0.00788	0.00694
10	0.02962	0.03779	0.02247	0.02043	0.02451	0.68948	0.01532	0.03166	0.02247	0.01941	0.01226	0.01430	0.01021	0.00817	0.00715	0.00204	0.01430	0.00511	0.00409	0.00919
11	0.02962	0.03779	0.02247	0.02043	0.02451	0.68948	0.01532	0.03166	0.02247	0.01941	0.01226	0.01430	0.01021	0.00817	0.00715	0.00204	0.01430	0.00511	0.00409	0.00919
12	0.01659	0.01418	0.01501	0.01373	0.01757	0.01565	0.01060	0.03267	0.45436	0.03035	0.09981	0.04294	0.17653	0.01338	0.00848	0.00267	0.00553	0.01123	0.00797	0.01076

[dist]
# distance from previous block
# <min> <max>
0	25

[block]
# block no. 8 follows, 24 sequences, length 44
# corresponding to MSA columns:
# 381-424
name=unknown_I
#
# <colnr> <probs for GDERKNQSTAVLIFYWHMCP>
#	G	D	E	R	K	N	Q	S	T	A	V	L	I	F	Y	W	H	M	C	P
0	0.01122	0.00811	0.01060	0.00998	0.01185	0.00748	0.00748	0.01496	0.02245	0.03180	0.66766	0.05923	0.07482	0.01621	0.00935	0.00249	0.00374	0.01434	0.00873	0.00748
1	0.77733	0.01534	0.01166	0.01043	0.01534	0.01779	0.00859	0.02331	0.01350	0.03558	0.01104	0.01288	0.00859	0.00736	0.00491	0.00245	0.00613	0.00429	0.00491	0.00859
2	0.00939	0.00798	0.00809	0.00818	0.01075	0.00668	0.00609	0.01136	0.01793	0.02136	0.07854	0.10760	0.63851	0.02032	0.00941	0.00270	0.00405	0.01702	0.00736	0.00668
3	0.01498	0.01409	0.02378	0.70226	0.05462	0.01762	0.02202	0.02026	0.01586	0.02026	0.01409	0.02114	0.01057	0.00793	0.00793	0.00264	0.01057	0.00705	0.00352	0.00881
4	0.02962	0.03779	0.02247	0.02043	0.02451	0.68948	0.01532	0.03166	0.02247	0.01941	0.01226	0.01430	0.01021	0.00817	0.00715	0.00204	0.01430	0.00511	0.00409	0.00919
5	0.01972	0.01703	0.01793	0.01614	0.02062	0.01972	0.01255	0.04214	0.65752	0.03317	0.03228	0.02959	0.02421	0.01076	0.00807	0.00269	0.00628	0.00897	0.00807	0.01255
6	0.01153	0.00769	0.00865	0.00865	0.00865	0.00769	0.00480	0.01153	0.01153	0.01538	0.02499	0.05189	0.02883	0.72131	0.04036	0.00769	0.00769	0.01153	0.00480	0.00480
7	0.00966	0.00690	0.00920	0.01104	0.01150	0.00644	0.00736	0.01104	0.01518	0.02024	0.04371	0.71614	0.05245	0.02484	0.01012	0.00322	0.00460	0.02254	0.00736	0.00644
8	0.00966	0.00690	0.00920	0.01104	0.01150	0.00644	0.00736	0.01104	0.01518	0.02024	0.04371	0.71614	0.05245	0.02484	0.01012	0.00322	0.00460	0.02254	0.00736	0.00644
9	0.01557	0.01470	0.02486	0.61822	0.13397	0.01778	0.02232	0.02078	0.01614	0.02099	0.01420	0.02095	0.01083	0.00782	0.00792	0.00261	0.01042	0.00705	0.00358	0.00929
10	0.02708	0.01998	0.02155	0.01730	0.02303	0.02220	0.01404	0.41098	0.23899	0.08312	0.02412	0.02297	0.01737	0.00994	0.00798	0.00249	0.00780	0.00779	0.00809	0.01318
11	0.01133	0.00850	0.01274	0.01274	0.01416	0.00991	0.00991	0.01416	0.01274	0.01841	0.02124	0.03115	0.01982	0.05947	0.68989	0.01274	0.02124	0.00850	0.00425	0.00708
12	0.03426	0.01425	0.01871	0.01449	0.02053	0.01295	0.01192	0.07623	0.06285	0.59887	0.03059	0.02666	0.01953	0.00985	0.00798	0.00246	0.00684	0.00798	0.00959	0.01344
13	0.01324	0.01145	0.01607	0.01491	0.01645	0.03942	0.03833	0.01593	0.01325	0.01871	0.01928	0.02902	0.01817	0.07826	0.50961	0.01033	0.11766	0.00831	0.00415	0.00745
14	0.02631	0.01181	0.01524	0.01252	0.01725	0.01046	0.01003	0.03009	0.05209	0.42977	0.09945	0.07318	0.15053	0.01314	0.00848	0.00255	0.00582	0.01099	0.00904	0.01126
15	0.01872	0.40511	0.34079	0.01780	0.02690	0.02530	0.02094	0.02439	0.01641	0.02168	0.01253	0.01460	0.01011	0.00714	0.00623	0.00208	0.01000	0.00500	0.00337	0.01090
16	0.01617	0.01347	0.01849	0.17254	0.13981	0.03765	0.01439	0.04390	0.01805	0.05268	0.05302	0.17135	0.08785	0.01282	0.00824	0.00250	0.00738	0.01127	0.04234	0.07609
17	0.01498	0.01409	0.02378	0.70226	0.05462	0.01762	0.02202	0.02026	0.01586	0.02026	0.01409	0.02114	0.01057	0.00793	0.00793	0.00264	0.01057	0.00705	0.00352	0.00881
18	0.01045	0.00808	0.00953	0.00917	0.01138	0.00715	0.00688	0.01348	0.02063	0.02749	0.42371	0.06633	0.32147	0.01782	0.00936	0.00257	0.00386	0.01534	0.00816	0.00715
19	0.01570	0.01505	0.02609	0.59201	0.11885	0.01790	0.06067	0.02101	0.01626	0.02117	0.01430	0.02100	0.01087	0.00776	0.00801	0.00261	0.01062	0.00719	0.00360	0.00932
20	0.01644	0.01409	0.01644	0.01175	0.01879	0.01057	0.00940	0.01997	0.01644	0.02584	0.01409	0.01644	0.01175	0.00587	0.00587	0.00117	0.00587	0.00470	0.00470	0.76979
21	0.01062	0.00803	0.01000	0.01111	0.01280	0.00742	0.00862	0.01303	0.01745	0.02228	0.08542	0.27663	0.25512	0.02193	0.01010	0.00314	0.00521	0.20682	0.00741	0.00684
22	0.00971	0.00798	0.00854	0.00855	0.01095	0.00681	0.00636	0.01197	0.01864	0.02312	0.17845	0.11296	0.52904	0.01972	0.00942	0.00268	0.00401	0.01669	0.00760	0.00681
23	0.00966	0.00690	0.00920	0.01104	0.01150	0.00644	0.00736	0.01104	0.01518	0.02024	0.04371	0.71614	0.05245	0.02484	0.01012	0.00322	0.00460	0.02254	0.00736	0.00644
24	0.01122	0.00811	0.01060	0.00998	0.01185	0.00748	0.00748	0.01496	0.02245	0.03180	0.66766	0.05923	0.07482	0.01621	0.00935	0.00249	0.00374	0.01434	0.00873	0.00748
25	0.01000	0.00806	0.00890	0.00869	0.01110	0.00696	0.00652	0.01260	0.01956	0.02495	0.27974	0.07052	0.46702	0.01877	0.00937	0.00262	0.00392	0.01592	0.00783	0.00696
26	0.01963	0.01884	0.03219	0.04867	0.67185	0.01884	0.02434	0.02434	0.01806	0.02591	0.01492	0.01963	0.01256	0.00707	0.00785	0.00236	0.00942	0.00707	0.00393	0.01256
27	0.01942	0.01863	0.03182	0.07744	0.64468	0.01879	0.02423	0.02416	0.01796	0.02566	0.01488	0.01969	0.01247	0.00710	0.00785	0.00237	0.00947	0.00706	0.00391	0.01240
28	0.01377	0.00689	0.01033	0.01033	0.01033	0.00689	0.00689	0.01033	0.01033	0.01377	0.01377	0.02410	0.01377	0.02755	0.03099	0.76928	0.00689	0.00689	0.00344	0.00344
29	0.03558	0.01350	0.01840	0.01411	0.02024	0.01166	0.01166	0.03865	0.02270	0.67734	0.03128	0.02699	0.01963	0.00981	0.00797	0.00245	0.00675	0.00797	0.00981	0.01350
30	0.07770	0.01659	0.02296	0.39154	0.06307	0.04818	0.04835	0.12660	0.01981	0.02729	0.01631	0.04533	0.01297	0.00874	0.00770	0.00253	0.00966	0.00745	0.03751	0.00968
31	0.01642	0.01598	0.02250	0.01957	0.01979	0.02206	0.01620	0.01832	0.01224	0.01898	0.01209	0.01949	0.01187	0.02094	0.12888	0.00491	0.60059	0.00718	0.00359	0.00843
32	0.01983	0.02069	0.02330	0.07760	0.02448	0.15981	0.04325	0.04548	0.01613	0.02131	0.01308	0.01860	0.01157	0.01331	0.04532	0.00331	0.37628	0.00677	0.05094	0.00892
33	0.11250	0.01954	0.07130	0.17396	0.08818	0.04301	0.26602	0.02359	0.01724	0.02569	0.01545	0.02024	0.01181	0.00738	0.00787	0.00251	0.01069	0.00751	0.06561	0.00991
34	0.00937	0.00803	0.00803	0.00803	0.01071	0.00669	0.00602	0.01138	0.01807	0.02142	0.08033	0.07632	0.66863	0.02008	0.00937	0.00268	0.00402	0.01674	0.00736	0.00669
35	0.02916	0.03691	0.02292	0.02175	0.05469	0.65822	0.01574	0.03132	0.02227	0.01971	0.01238	0.01455	0.01032	0.00812	0.00718	0.00206	0.01407	0.00520	0.00408	0.00935
36	0.02120	0.72609	0.04155	0.01357	0.02035	0.03138	0.01357	0.02374	0.01611	0.01866	0.01102	0.01272	0.01018	0.00678	0.00509	0.00170	0.00848	0.00424	0.00339	0.01018
37	0.03558	0.01350	0.01840	0.01411	0.02024	0.01166	0.01166	0.03865	0.02270	0.67734	0.03128	0.02699	0.01963	0.00981	0.00797	0.00245	0.00675	0.00797	0.00981	0.01350
38	0.03014	0.02221	0.02380	0.01825	0.02459	0.02459	0.01507	0.64541	0.03728	0.04998	0.01904	0.01904	0.01349	0.00952	0.00793	0.00238	0.00873	0.00714	0.00793	0.01349
39	0.01782	0.01715	0.02965	0.29614	0.40923	0.01843	0.05121	0.02284	0.01725	0.02374	0.01465	0.02028	0.01178	0.00738	0.00795	0.00248	0.01003	0.00716	0.00378	0.01105
40	0.77733	0.01534	0.01166	0.01043	0.01534	0.01779	0.00859	0.02331	0.01350	0.03558	0.01104	0.01288	0.00859	0.00736	0.00491	0.00245	0.00613	0.00429	0.00491	0.00859
41	0.01972	0.01703	0.01793	0.01614	0.02062	0.01972	0.01255	0.04214	0.65752	0.03317	0.03228	0.02959	0.02421	0.01076	0.00807	0.00269	0.00628	0.00897	0.00807	0.01255
42	0.00966	0.00690	0.00920	0.01104	0.01150	0.00644	0.00736	0.01104	0.01518	0.02024	0.04371	0.71614	0.05245	0.02484	0.01012	0.00322	0.00460	0.02254	0.00736	0.00644
43	0.02950	0.02189	0.02344	0.01812	0.02435	0.02429	0.01492	0.60826	0.07548	0.04894	0.01985	0.01969	0.01415	0.00960	0.00794	0.00240	0.00858	0.00725	0.00794	0.01343

[dist]
# distance from previous block
# <min> <max>
0	14

[block]
# block no. 9 follows, 24 sequences, length 76
# corresponding to MSA columns:
# 439-514
name=unknown_J
#
# <colnr> <probs for GDERKNQSTAVLIFYWHMCP>
#	G	D	E	R	K	N	Q	S	T	A	V	L	I	F	Y	W	H	M	C	P
0	0.01016	0.00758	0.01058	0.07644	0.01558	0.00750	0.00875	0.01191	0.01525	0.02024	0.04090	0.65039	0.04849	0.02324	0.00991	0.00317	0.00517	0.02108	0.00700	0.00666
1	0.01935	0.02177	0.10936	0.08054	0.20559	0.07331	0.04273	0.06942	0.01902	0.02655	0.01463	0.01794	0.01167	0.00708	0.00719	0.00201	0.00920	0.00609	0.00438	0.25217
2	0.01699	0.08055	0.46055	0.02534	0.10479	0.01901	0.08770	0.02464	0.01703	0.02485	0.01427	0.01724	0.01064	0.00724	0.00749	0.00237	0.01105	0.00616	0.00357	0.05853
3	0.01634	0.01368	0.01588	0.01148	0.01820	0.01037	0.00916	0.01987	0.01646	0.02607	0.01482	0.01726	0.01228	0.00608	0.00585	0.00122	0.00574	0.00486	0.05177	0.72261
4	0.01114	0.00804	0.01053	0.01003	0.01183	0.00743	0.00748	0.01477	0.02208	0.03121	0.63610	0.09246	0.07369	0.01665	0.00939	0.00253	0.00378	0.01476	0.00866	0.00743
5	0.00952	0.00745	0.00863	0.00958	0.01112	0.00656	0.00671	0.01121	0.01659	0.02082	0.06149	0.40549	0.35161	0.02253	0.00976	0.00296	0.00432	0.01972	0.00736	0.00656
6	0.01644	0.01409	0.01644	0.01175	0.01879	0.01057	0.00940	0.01997	0.01644	0.02584	0.01409	0.01644	0.01175	0.00587	0.00587	0.00117	0.00587	0.00470	0.00470	0.76979
7	0.02521	0.01745	0.01853	0.01476	0.01966	0.01907	0.01201	0.44408	0.03065	0.04342	0.02123	0.02242	0.01568	0.00943	0.00717	0.00221	0.00711	0.00722	0.25116	0.01153
8	0.00977	0.00695	0.00917	0.01090	0.01133	0.00652	0.00721	0.01107	0.01497	0.01995	0.04259	0.67667	0.05104	0.06623	0.01192	0.00349	0.00478	0.02189	0.00721	0.00634
9	0.01872	0.02139	0.04679	0.03342	0.04144	0.02005	0.64305	0.02540	0.01872	0.02540	0.01604	0.02139	0.01203	0.00668	0.00936	0.00267	0.01337	0.00936	0.00401	0.01070
10	0.01644	0.01540	0.02395	0.35229	0.22202	0.04279	0.02058	0.02111	0.01722	0.02253	0.01979	0.03400	0.01809	0.01047	0.00848	0.00274	0.00974	0.12836	0.00441	0.00960
11	0.02107	0.56839	0.11859	0.01487	0.02210	0.02823	0.01538	0.02564	0.05458	0.04839	0.01355	0.01483	0.01140	0.00724	0.00569	0.00189	0.00868	0.00488	0.00394	0.01065
