[name]
unknown

[dist]
# distance from previous block
# <min> <max>
0	4

[block]
# block no. 0 follows, 24 sequences, length 110
# corresponding to MSA columns:
# 4-113
name=unknown_A
#
# <colnr> <probs for GDERKNQSTAVLIFYWHMCP>
#	G	D	E	R	K	N	Q	S	T	A	V	L	I	F	Y	W	H	M	C	P
0	0.01484	0.00952	0.01329	0.01456	0.01677	0.00936	0.01268	0.01844	0.01866	0.08293	0.04102	0.08379	0.04328	0.02081	0.01068	0.00354	0.00725	0.56318	0.00753	0.00786
1	0.03379	0.01600	0.07864	0.01488	0.02152	0.01227	0.01326	0.03741	0.02215	0.61798	0.02973	0.02606	0.01876	0.00961	0.00793	0.00246	0.00720	0.00778	0.00923	0.01333
2	0.17871	0.01893	0.14765	0.03621	0.02342	0.01440	0.08759	0.02498	0.01865	0.16884	0.13799	0.02968	0.05969	0.01014	0.00773	0.00252	0.00779	0.00854	0.00633	0.01021
3	0.01766	0.09473	0.42047	0.02241	0.03212	0.01877	0.13815	0.02506	0.01759	0.05689	0.04520	0.01969	0.01393	0.00776	0.00770	0.00242	0.01092	0.00681	0.00409	0.03763
4	0.01510	0.01218	0.01441	0.01164	0.01661	0.00994	0.00893	0.04627	0.01734	0.02593	0.04955	0.19437	0.02498	0.01135	0.00717	0.00182	0.00552	0.00979	0.03191	0.48520
5	0.01377	0.00689	0.01033	0.01033	0.01033	0.00689	0.00689	0.01033	0.01033	0.01377	0.01377	0.02410	0.01377	0.02755	0.03099	0.76928	0.00689	0.00689	0.00344	0.00344
6	0.02962	0.03779	0.02247	0.02043	0.02451	0.68948	0.01532	0.03166	0.02247	0.01941	0.01226	0.01430	0.01021	0.00817	0.00715	0.00204	0.01430	0.00511	0.00409	0.00919
7	0.01827	0.01674	0.02706	0.38085	0.29223	0.01877	0.02225	0.08281	0.01880	0.02536	0.01490	0.02035	0.01163	0.00775	0.00790	0.00251	0.00994	0.00706	0.00411	0.01073
8	0.01149	0.00883	0.01060	0.01003	0.01230	0.00831	0.00756	0.01637	0.07385	0.02947	0.47723	0.06080	0.21015	0.01667	0.00925	0.00255	0.00402	0.01446	0.00835	0.00772
9	0.02713	0.07673	0.02262	0.01912	0.02300	0.56374	0.01463	0.02930	0.02098	0.01967	0.01311	0.01579	0.01112	0.01113	0.04498	0.00265	0.03775	0.00539	0.03211	0.00905
10	0.00963	0.00804	0.00839	0.00830	0.01087	0.00680	0.00623	0.01188	0.01868	0.02286	0.16166	0.07395	0.58641	0.01955	0.00937	0.00265	0.00398	0.01640	0.00755	0.00680
11	0.01613	0.01376	0.01611	0.01171	0.01846	0.01038	0.00930	0.01956	0.01639	0.02558	0.01546	0.04866	0.01362	0.00675	0.00607	0.00127	0.00581	0.00552	0.00482	0.73464
12	0.01218	0.00923	0.01313	0.08265	0.01638	0.00978	0.04261	0.01369	0.01274	0.01720	0.02330	0.06644	0.02509	0.45383	0.16178	0.00773	0.01085	0.01074	0.00461	0.00605
13	0.01644	0.01409	0.01644	0.01175	0.01879	0.01057	0.00940	0.01997	0.01644	0.02584	0.01409	0.01644	0.01175	0.00587	0.00587	0.00117	0.00587	0.00470	0.00470	0.76979
14	0.31950	0.01647	0.01588	0.01307	0.01804	0.01825	0.01068	0.26161	0.02362	0.07148	0.01773	0.01889	0.01309	0.00864	0.00633	0.00232	0.00673	0.00611	0.14107	0.01049
15	0.03134	0.01256	0.01704	0.01339	0.01878	0.01093	0.01093	0.03452	0.02265	0.56489	0.14214	0.03261	0.02924	0.01093	0.00821	0.00246	0.00622	0.00908	0.00963	0.01245
16	0.01579	0.00994	0.01250	0.01140	0.01415	0.00954	0.00869	0.02152	0.10147	0.12866	0.41819	0.10629	0.07919	0.01542	0.00905	0.00258	0.00460	0.01347	0.00865	0.00892
17	0.03046	0.02170	0.02348	0.01800	0.02434	0.02383	0.01487	0.60993	0.03643	0.08666	0.01975	0.01950	0.01384	0.00954	0.00794	0.00238	0.00861	0.00719	0.00804	0.01349
18	0.02436	0.01615	0.01808	0.01506	0.01987	0.01745	0.01206	0.21002	0.24471	0.15363	0.05987	0.02766	0.02235	0.01208	0.03191	0.00282	0.00720	0.00836	0.08433	0.01202
19	0.01347	0.00955	0.01175	0.01077	0.01308	0.00946	0.00823	0.06929	0.04451	0.03247	0.49355	0.05041	0.05962	0.01698	0.04373	0.00295	0.00514	0.01255	0.08436	0.00813
20	0.01534	0.01452	0.02420	0.62876	0.08035	0.01810	0.02183	0.02037	0.01572	0.02044	0.01389	0.02083	0.01065	0.00827	0.00909	0.00268	0.05541	0.00704	0.00354	0.00897
21	0.01112	0.00839	0.00918	0.00904	0.01173	0.00721	0.00696	0.01349	0.01880	0.05490	0.14067	0.07297	0.52430	0.01928	0.00942	0.00272	0.00436	0.06068	0.00763	0.00716
22	0.01761	0.04754	0.05469	0.11934	0.05846	0.03810	0.10834	0.04575	0.01748	0.02457	0.01714	0.02072	0.04142	0.00802	0.00886	0.00209	0.06935	0.00673	0.00439	0.28940
23	0.01233	0.00839	0.00956	0.00939	0.00984	0.00845	0.00566	0.04427	0.01364	0.01829	0.05532	0.10383	0.03202	0.59683	0.03486	0.00682	0.00731	0.01232	0.00535	0.00550
24	0.04633	0.07448	0.02122	0.06927	0.02390	0.11709	0.01372	0.08506	0.30699	0.12188	0.02448	0.02370	0.01806	0.00952	0.00758	0.00245	0.00821	0.00747	0.00692	0.01168
25	0.02370	0.14358	0.09879	0.01668	0.02303	0.02147	0.01529	0.25917	0.06203	0.08113	0.01929	0.04120	0.01539	0.00960	0.00825	0.00230	0.04250	0.02517	0.00621	0.08524
26	0.02187	0.05588	0.07806	0.13151	0.13968	0.04269	0.03754	0.10809	0.08566	0.11155	0.05058	0.02283	0.01695	0.00917	0.00896	0.00250	0.05193	0.00749	0.00570	0.01135
27	0.01897	0.01605	0.01686	0.01503	0.01938	0.01807	0.01173	0.08905	0.50240	0.03274	0.03879	0.03612	0.12593	0.01214	0.00826	0.00266	0.00613	0.01005	0.00794	0.01170
28	0.17563	0.26707	0.04679	0.01278	0.01853	0.01949	0.01166	0.02625	0.01804	0.19955	0.07959	0.02419	0.05212	0.00927	0.00651	0.00220	0.00700	0.00686	0.00610	0.01037
29	0.06274	0.06031	0.07649	0.10600	0.02469	0.01664	0.01441	0.05774	0.14205	0.17099	0.07992	0.05164	0.04629	0.01085	0.00873	0.00257	0.04164	0.00870	0.00676	0.01083
30	0.01472	0.03548	0.01514	0.07538	0.05035	0.08071	0.01092	0.02002	0.10021	0.02471	0.15847	0.18871	0.14112	0.01551	0.00869	0.00262	0.00641	0.01335	0.02908	0.00840
31	0.01293	0.00913	0.01098	0.01045	0.01268	0.00870	0.00772	0.01765	0.08379	0.06284	0.34482	0.12112	0.17393	0.07354	0.01172	0.00303	0.00461	0.01448	0.00801	0.00785
32	0.01857	0.04788	0.17241	0.07238	0.39013	0.01927	0.07753	0.02534	0.05264	0.02555	0.01564	0.01954	0.01243	0.00737	0.00783	0.00243	0.01011	0.00701	0.00400	0.01194
33	0.05701	0.04740	0.01814	0.10062	0.02258	0.07182	0.03079	0.05045	0.12699	0.13656	0.05715	0.05774	0.02154	0.01015	0.00737	0.00237	0.00726	0.00833	0.15566	0.01008
34	0.01028	0.00740	0.00958	0.01041	0.01140	0.00687	0.00718	0.01238	0.01748	0.02381	0.24985	0.42982	0.08624	0.06465	0.01170	0.00323	0.00448	0.01890	0.00765	0.00669
35	0.01083	0.00846	0.01260	0.01264	0.01416	0.00788	0.05857	0.01324	0.01719	0.02317	0.16738	0.46968	0.08354	0.02130	0.00991	0.00303	0.00523	0.04679	0.00736	0.00704
36	0.06292	0.01677	0.09645	0.03863	0.02090	0.01432	0.01326	0.11040	0.09476	0.18288	0.16879	0.08934	0.03230	0.01210	0.00825	0.00256	0.00681	0.01013	0.00764	0.01080
37	0.10741	0.07908	0.34052	0.05806	0.09224	0.01970	0.05211	0.02436	0.01623	0.04779	0.01398	0.01714	0.01062	0.00811	0.00906	0.00254	0.08023	0.00608	0.00387	0.01088
38	0.02501	0.02534	0.01869	0.01808	0.06308	0.36134	0.01291	0.07838	0.02173	0.05642	0.01782	0.02004	0.01400	0.00859	0.00684	0.00205	0.01010	0.00620	0.22391	0.00946
39	0.13345	0.11994	0.41343	0.01933	0.02874	0.01980	0.04394	0.04723	0.01733	0.06691	0.01463	0.01653	0.01062	0.00759	0.00693	0.00240	0.01012	0.00572	0.00417	0.01119
40	0.10304	0.05145	0.08762	0.06965	0.31342	0.07918	0.07073	0.02627	0.05078	0.05147	0.01561	0.01889	0.01231	0.00754	0.00747	0.00239	0.00979	0.00668	0.00440	0.01133
41	0.01359	0.00861	0.01125	0.01031	0.01249	0.00790	0.00775	0.01708	0.02191	0.09334	0.57319	0.05574	0.06713	0.05178	0.01081	0.00276	0.00423	0.01358	0.00863	0.00793
42	0.00974	0.00696	0.00927	0.01099	0.01152	0.00649	0.00737	0.01124	0.01556	0.02084	0.07582	0.68233	0.05360	0.02440	0.01008	0.00318	0.00456	0.02212	0.00743	0.00649
43	0.01939	0.01869	0.03154	0.06661	0.51771	0.01901	0.07824	0.02636	0.09259	0.02651	0.01701	0.02100	0.01380	0.00749	0.00801	0.00243	0.00945	0.00749	0.00440	0.01226
44	0.00983	0.00703	0.00935	0.01093	0.01154	0.00655	0.00737	0.01146	0.01596	0.02148	0.11061	0.64570	0.05485	0.02392	0.01004	0.00314	0.00451	0.02166	0.00751	0.00655
45	0.00980	0.00738	0.00893	0.00992	0.01114	0.00667	0.00684	0.01148	0.01645	0.02128	0.10389	0.43583	0.23939	0.05845	0.01139	0.00323	0.00451	0.01956	0.00734	0.00652
46	0.17200	0.04219	0.02146	0.32173	0.03461	0.01792	0.05456	0.02097	0.01519	0.02465	0.01445	0.01969	0.01142	0.00860	0.00926	0.00258	0.09616	0.00654	0.09728	0.00874
47	0.03012	0.02292	0.02374	0.01834	0.02459	0.05466	0.01508	0.61765	0.03661	0.04859	0.01873	0.01882	0.01334	0.00946	0.00790	0.00236	0.00898	0.00705	0.00776	0.01329
48	0.01787	0.13358	0.33379	0.08385	0.11689	0.04349	0.04171	0.02512	0.04626	0.02406	0.01464	0.01754	0.01125	0.00745	0.00722	0.00231	0.01041	0.00604	0.00378	0.05275
49	0.01068	0.00823	0.00954	0.00948	0.01140	0.00755	0.00685	0.01383	0.04360	0.02484	0.27767	0.14732	0.29148	0.08706	0.01242	0.00317	0.00444	0.01581	0.00763	0.00699
50	0.00966	0.00690	0.00920	0.01104	0.01150	0.00644	0.00736	0.01104	0.01518	0.02024	0.04371	0.71614	0.05245	0.02484	0.01012	0.00322	0.00460	0.02254	0.00736	0.00644
51	0.01869	0.02072	0.03942	0.09006	0.03814	0.05901	0.45591	0.02405	0.01762	0.02345	0.01491	0.02058	0.01167	0.00845	0.01180	0.02956	0.09358	0.00854	0.00389	0.00995
52	0.02099	0.01660	0.01820	0.04275	0.02191	0.01890	0.01284	0.04096	0.57431	0.09168	0.03147	0.02902	0.02325	0.01056	0.00805	0.00267	0.00649	0.00880	0.00805	0.01249
53	0.01608	0.06313	0.65961	0.02231	0.03387	0.01883	0.02879	0.02507	0.01672	0.02490	0.01413	0.01661	0.01005	0.00751	0.00745	0.00248	0.01161	0.00581	0.00335	0.01167
54	0.01028	0.00840	0.00913	0.00901	0.01147	0.00746	0.00673	0.01358	0.04834	0.02423	0.20809	0.10534	0.47180	0.01904	0.00935	0.00267	0.00409	0.01616	0.00770	0.00713
55	0.01484	0.01379	0.02311	0.65993	0.05227	0.01710	0.02145	0.02002	0.01600	0.02047	0.01581	0.02535	0.01273	0.00879	0.00811	0.00270	0.01037	0.04468	0.00376	0.00872
56	0.01083	0.00786	0.01020	0.01010	0.01173	0.00724	0.00739	0.01402	0.02080	0.02902	0.51619	0.19125	0.09747	0.01811	0.00951	0.00265	0.00393	0.01609	0.00839	0.00724
57	0.00986	0.00705	0.00941	0.01110	0.01169	0.00659	0.00755	0.01146	0.01571	0.02104	0.08013	0.65617	0.05352	0.02424	0.01011	0.00319	0.00464	0.04256	0.00744	0.00653
58	0.01168	0.00901	0.01342	0.01322	0.01455	0.01075	0.01035	0.01445	0.01271	0.01845	0.02061	0.03035	0.01927	0.05681	0.65107	0.01220	0.06133	0.00841	0.00420	0.00717
59	0.01804	0.10118	0.54577	0.02127	0.03192	0.02031	0.02621	0.09712	0.01907	0.02742	0.01450	0.01664	0.01046	0.00770	0.00736	0.00242	0.01108	0.00586	0.00389	0.01178
60	0.00985	0.00725	0.00924	0.01044	0.01144	0.00663	0.00718	0.01167	0.01668	0.02212	0.14123	0.52466	0.14676	0.02287	0.00990	0.00303	0.00439	0.02047	0.00756	0.00663
61	0.01048	0.00791	0.01153	0.01247	0.01351	0.00743	0.04057	0.01245	0.01599	0.02137	0.07165	0.59254	0.05081	0.02323	0.01012	0.00320	0.00526	0.07545	0.00725	0.00679
62	0.01244	0.01010	0.01474	0.01411	0.01522	0.01249	0.01113	0.01499	0.01260	0.01844	0.01936	0.02924	0.01836	0.07091	0.54841	0.01089	0.14686	0.00830	0.00412	0.00731
63	0.01151	0.00943	0.01040	0.01013	0.01228	0.03842	0.00764	0.01454	0.02061	0.02721	0.40398	0.09394	0.24811	0.01766	0.00937	0.00261	0.00451	0.04241	0.00798	0.00727
64	0.01122	0.00818	0.01021	0.01132	0.01244	0.00809	0.00786	0.01531	0.08841	0.02324	0.09711	0.54246	0.04950	0.02163	0.00957	0.00302	0.00466	0.01945	0.04904	0.00728
65	0.02830	0.03560	0.02267	0.02047	0.02412	0.61798	0.01554	0.03031	0.02136	0.01937	0.01206	0.01463	0.01024	0.00879	0.00918	0.00220	0.08873	0.00530	0.00402	0.00914
66	0.02899	0.03674	0.02257	0.02045	0.02432	0.65525	0.01543	0.03102	0.02194	0.01939	0.01216	0.01446	0.01022	0.00847	0.00812	0.00212	0.04994	0.00520	0.00405	0.00917
67	0.12572	0.02205	0.02134	0.01693	0.02282	0.08664	0.01378	0.43598	0.06341	0.04281	0.01772	0.01817	0.01298	0.00895	0.00734	0.00230	0.00862	0.00652	0.00698	0.05894
68	0.01405	0.00976	0.01303	0.01228	0.01387	0.01000	0.03458	0.06627	0.01576	0.05087	0.02843	0.19209	0.03050	0.28874	0.15624	0.00667	0.00996	0.03401	0.00581	0.00707
69	0.01498	0.01409	0.02378	0.70226	0.05462	0.01762	0.02202	0.02026	0.01586	0.02026	0.01409	0.02114	0.01057	0.00793	0.00793	0.00264	0.01057	0.00705	0.00352	0.00881
70	0.33025	0.01777	0.02832	0.02122	0.02770	0.01790	0.29205	0.02649	0.01717	0.12507	0.01624	0.01874	0.01174	0.00742	0.00734	0.00255	0.00945	0.00709	0.00523	0.01025
71	0.02422	0.02888	0.02444	0.02125	0.02392	0.39254	0.04834	0.02638	0.01820	0.01959	0.01172	0.01587	0.01038	0.01035	0.01471	0.00264	0.28762	0.00605	0.00384	0.00907
72	0.01963	0.01884	0.03219	0.04867	0.67185	0.01884	0.02434	0.02434	0.01806	0.02591	0.01492	0.01963	0.01256	0.00707	0.00785	0.00236	0.00942	0.00707	0.00393	0.01256
73	0.01876	0.01601	0.01754	0.01439	0.02001	0.01610	0.01134	0.05646	0.36623	0.03077	0.02418	0.02370	0.01860	0.00867	0.00715	0.00205	0.00620	0.00712	0.00666	0.32805
74	0.01143	0.00768	0.00884	0.00893	0.00900	0.00771	0.00513	0.01161	0.01176	0.01573	0.02576	0.08364	0.02964	0.66134	0.06425	0.00767	0.00807	0.01195	0.00491	0.00497
75	0.01680	0.01585	0.02679	0.36168	0.33556	0.01753	0.02223	0.02159	0.01683	0.02285	0.01620	0.06109	0.01393	0.00852	0.00802	0.00254	0.00969	0.00796	0.00393	0.01039
76	0.29052	0.01382	0.01532	0.01246	0.01775	0.01370	0.01021	0.04838	0.01977	0.36796	0.07346	0.02575	0.03892	0.00974	0.00705	0.00246	0.00628	0.00741	0.00790	0.01113
77	0.00972	0.00722	0.00907	0.01034	0.01137	0.00657	0.00710	0.01141	0.01633	0.02137	0.09881	0.53504	0.18029	0.02321	0.00991	0.00305	0.00442	0.02073	0.00747	0.00657
78	0.01937	0.01949	0.03580	0.04327	0.47246	0.01921	0.19764	0.02525	0.04024	0.02601	0.01583	0.02046	0.01281	0.00709	0.00828	0.00246	0.01042	0.00777	0.00409	0.01204
79	0.01855	0.02106	0.04575	0.06367	0.04204	0.01994	0.61496	0.02517	0.01859	0.02517	0.01595	0.02138	0.01197	0.00674	0.00929	0.00267	0.01324	0.00925	0.00399	0.01061
80	0.01122	0.00811	0.01060	0.00998	0.01185	0.00748	0.00748	0.01496	0.02245	0.03180	0.66766	0.05923	0.07482	0.01621	0.00935	0.00249	0.00374	0.01434	0.00873	0.00748
81	0.01620	0.03894	0.61321	0.02375	0.03507	0.01859	0.09423	0.02514	0.01695	0.02514	0.01442	0.01723	0.01026	0.00744	0.00773	0.00253	0.01189	0.00623	0.00342	0.01161
82	0.01828	0.02054	0.04412	0.11119	0.04298	0.01977	0.57084	0.02480	0.01838	0.02480	0.01582	0.02136	0.01186	0.00683	0.00919	0.00267	0.01304	0.00909	0.00395	0.01048
83	0.01478	0.00739	0.00739	0.00739	0.00924	0.00739	0.00554	0.01848	0.01663	0.02956	0.02587	0.02956	0.02033	0.00924	0.00554	0.00185	0.00370	0.00739	0.76534	0.00739
84	0.01104	0.00817	0.00958	0.00928	0.01157	0.00719	0.00694	0.01382	0.02000	0.04648	0.33936	0.10652	0.34471	0.01832	0.00937	0.00262	0.00401	0.01575	0.00805	0.00724
85	0.02852	0.03585	0.02302	0.02179	0.05496	0.62361	0.01585	0.03067	0.02173	0.01970	0.01229	0.01471	0.01034	0.00841	0.00815	0.00213	0.04961	0.00529	0.00405	0.00933
86	0.01519	0.01431	0.02417	0.67216	0.08304	0.01767	0.02213	0.02045	0.01596	0.02052	0.01413	0.02107	0.01066	0.00789	0.00792	0.00263	0.01052	0.00705	0.00354	0.00898
87	0.00983	0.00703	0.00935	0.01093	0.01154	0.00655	0.00737	0.01146	0.01595	0.02147	0.10987	0.64648	0.05482	0.02393	0.01004	0.00314	0.00451	0.02167	0.00751	0.00655
88	0.02046	0.02068	0.03217	0.04526	0.57723	0.07875	0.05971	0.02505	0.01849	0.02530	0.01474	0.01925	0.01232	0.00714	0.00788	0.00235	0.01009	0.00702	0.00394	0.01215
89	0.02157	0.07349	0.27364	0.02075	0.04958	0.24445	0.02034	0.02674	0.01920	0.05612	0.01802	0.02611	0.01549	0.00974	0.00776	0.00245	0.01147	0.08828	0.00449	0.01030
90	0.01278	0.00913	0.01278	0.01460	0.01643	0.00913	0.01278	0.01643	0.01825	0.02373	0.04199	0.08945	0.04564	0.02191	0.01095	0.00365	0.00730	0.61847	0.00730	0.00730
91	0.02022	0.02017	0.03097	0.07837	0.58810	0.07421	0.02348	0.02474	0.01831	0.02509	0.01466	0.01926	0.01227	0.00720	0.00780	0.00234	0.00988	0.00690	0.00392	0.01210
92	0.00966	0.00690	0.00920	0.01104	0.01150	0.00644	0.00736	0.01104	0.01518	0.02024	0.04371	0.71614	0.05245	0.02484	0.01012	0.00322	0.00460	0.02254	0.00736	0.00644
93	0.01813	0.31222	0.10785	0.08538	0.02760	0.02248	0.12323	0.02371	0.05647	0.02277	0.04399	0.02261	0.05041	0.00842	0.00699	0.00220	0.00911	0.00710	0.03931	0.01003
94	0.05734	0.01691	0.10938	0.04703	0.02226	0.01292	0.01377	0.05754	0.02143	0.34999	0.13848	0.02947	0.02647	0.01021	0.00791	0.00240	0.00711	0.00839	0.00785	0.05314
95	0.03398	0.01346	0.01812	0.01400	0.01989	0.01183	0.01152	0.05685	0.02315	0.61934	0.06810	0.02862	0.02266	0.01018	0.00805	0.00245	0.00664	0.00832	0.00969	0.01314
96	0.00985	0.00705	0.00937	0.01091	0.01154	0.00657	0.00738	0.01152	0.01607	0.02166	0.12025	0.63555	0.05519	0.02378	0.01003	0.00313	0.00450	0.02154	0.00753	0.00657
97	0.05601	0.04547	0.07992	0.07909	0.05674	0.01823	0.35138	0.02238	0.01713	0.02422	0.01904	0.12129	0.01737	0.00989	0.00961	0.00272	0.04505	0.01021	0.00441	0.00984
98	0.05432	0.43961	0.21451	0.01709	0.02518	0.02635	0.04857	0.05258	0.01726	0.02295	0.01252	0.01454	0.01031	0.00714	0.00609	0.00203	0.00951	0.00507	0.00369	0.01070
99	0.01126	0.00731	0.00977	0.01123	0.01204	0.00676	0.00763	0.01274	0.01564	0.06069	0.04294	0.67372	0.05043	0.02392	0.00999	0.00317	0.00473	0.02165	0.00751	0.00688
100	0.01976	0.01700	0.06359	0.04593	0.10888	0.01585	0.10733	0.07051	0.14351	0.10608	0.11880	0.03110	0.05431	0.01126	0.00960	0.04189	0.00801	0.00930	0.00650	0.01080
101	0.01919	0.28537	0.35080	0.01814	0.02688	0.04557	0.02090	0.02496	0.01700	0.06247	0.01557	0.05183	0.01287	0.00832	0.00680	0.00223	0.00997	0.00624	0.00399	0.01091
102	0.01141	0.00754	0.01014	0.01158	0.01254	0.00706	0.00822	0.01322	0.01618	0.05477	0.06438	0.58526	0.05074	0.02343	0.01008	0.00321	0.00500	0.09081	0.00753	0.00694
103	0.01478	0.00739	0.00739	0.00739	0.00924	0.00739	0.00554	0.01848	0.01663	0.02956	0.02587	0.02956	0.02033	0.00924	0.00554	0.00185	0.00370	0.00739	0.76534	0.00739
104	0.01644	0.01409	0.01644	0.01175	0.01879	0.01057	0.00940	0.01997	0.01644	0.02584	0.01409	0.01644	0.01175	0.00587	0.00587	0.00117	0.00587	0.00470	0.00470	0.76979
105	0.02552	0.07793	0.02394	0.02161	0.09492	0.33290	0.01537	0.10449	0.14181	0.02657	0.01710	0.01830	0.01355	0.00849	0.00729	0.00217	0.01079	0.00621	0.00525	0.04580
106	0.05755	0.01995	0.07290	0.12652	0.32970	0.01894	0.17755	0.02487	0.04682	0.02581	0.01564	0.02020	0.01234	0.00730	0.00808	0.00250	0.01039	0.00751	0.00410	0.01134
107	0.01630	0.01079	0.01266	0.04277	0.01610	0.01038	0.00909	0.05812	0.07136	0.12647	0.11410	0.05603	0.31185	0.06627	0.01118	0.00301	0.00560	0.04158	0.00761	0.00871
108	0.01870	0.02118	0.04558	0.03343	0.05908	0.02017	0.60329	0.02515	0.01847	0.02520	0.01581	0.02120	0.01199	0.00695	0.00989	0.00269	0.03735	0.00921	0.00399	0.01068
109	0.01577	0.01386	0.02152	0.50737	0.04433	0.01664	0.01932	0.06714	0.04140	0.02341	0.02000	0.06143	0.01762	0.01068	0.00842	0.00278	0.00959	0.08504	0.00467	0.00900

[dist]
# distance from previous block
# <min> <max>
0	4

[block]
# block no. 1 follows, 24 sequences, length 47
# corresponding to MSA columns:
# 118-164
name=unknown_B
#
# <colnr> <probs for GDERKNQSTAVLIFYWHMCP>
#	G	D	E	R	K	N	Q	S	T	A	V	L	I	F	Y	W	H	M	C	P
0	0.01772	0.06124	0.32541	0.06582	0.22635	0.01931	0.06419	0.02600	0.07074	0.02549	0.01591	0.01903	0.01215	0.00759	0.00770	0.00246	0.01047	0.00669	0.00397	0.01175
1	0.02255	0.04138	0.01812	0.01544	0.04285	0.01615	0.01179	0.09296	0.27281	0.17014	0.11878	0.03120	0.02809	0.01080	0.00789	0.00246	0.00624	0.00896	0.06976	0.01162
2	0.71535	0.01523	0.01264	0.06668	0.01853	0.01778	0.00968	0.02306	0.01369	0.03433	0.01129	0.01355	0.00875	0.00741	0.00515	0.00247	0.00649	0.00452	0.00479	0.00861
3	0.01685	0.05619	0.36172	0.04951	0.05202	0.01942	0.19510	0.02394	0.01682	0.02411	0.01532	0.04254	0.01219	0.00842	0.00965	0.00263	0.07150	0.00751	0.00370	0.01085
4	0.06071	0.00784	0.00780	0.00773	0.00966	0.00799	0.00580	0.01834	0.01611	0.02910	0.02434	0.02827	0.01927	0.01009	0.00684	0.04212	0.00401	0.00718	0.67954	0.00726
5	0.01995	0.39402	0.19545	0.01617	0.02351	0.04850	0.01704	0.06651	0.04842	0.02350	0.04016	0.01833	0.01431	0.03455	0.00760	0.00226	0.00919	0.00577	0.00420	0.01055
6	0.01233	0.00826	0.01086	0.01031	0.01225	0.00759	0.00769	0.01579	0.02168	0.06441	0.56761	0.12775	0.06954	0.01680	0.00936	0.00257	0.00399	0.01488	0.00864	0.00769
7	0.01644	0.01409	0.01644	0.01175	0.01879	0.01057	0.00940	0.01997	0.01644	0.02584	0.01409	0.01644	0.01175	0.00587	0.00587	0.00117	0.00587	0.00470	0.00470	0.76979
8	0.03014	0.02221	0.02380	0.01825	0.02459	0.02459	0.01507	0.64541	0.03728	0.04998	0.01904	0.01904	0.01349	0.00952	0.00793	0.00238	0.00873	0.00714	0.00793	0.01349
9	0.01865	0.02120	0.04575	0.03284	0.04049	0.02025	0.61421	0.02511	0.01841	0.02511	0.01578	0.02120	0.01196	0.00702	0.01013	0.00271	0.04533	0.00925	0.00399	0.01060
10	0.01995	0.01448	0.01715	0.01246	0.01934	0.01154	0.01005	0.05905	0.01854	0.11950	0.01682	0.01809	0.01296	0.00664	0.00629	0.00143	0.00616	0.00530	0.00561	0.61864
11	0.01448	0.01006	0.01336	0.03966	0.01749	0.01026	0.01193	0.01957	0.08088	0.06314	0.04000	0.12572	0.06324	0.05639	0.01179	0.00359	0.00697	0.39621	0.00726	0.00803
12	0.00966	0.00690	0.00920	0.01104	0.01150	0.00644	0.00736	0.01104	0.01518	0.02024	0.04371	0.71614	0.05245	0.02484	0.01012	0.00322	0.00460	0.02254	0.00736	0.00644
13	0.01590	0.04102	0.68023	0.02260	0.03432	0.01842	0.02930	0.02511	0.01674	0.02511	0.01423	0.01674	0.01005	0.00753	0.00753	0.00251	0.01172	0.00586	0.00335	0.01172
14	0.01377	0.00689	0.01033	0.01033	0.01033	0.00689	0.00689	0.01033	0.01033	0.01377	0.01377	0.02410	0.01377	0.02755	0.03099	0.76928	0.00689	0.00689	0.00344	0.00344
15	0.01204	0.00961	0.01265	0.01231	0.01417	0.00949	0.04594	0.01692	0.10849	0.02314	0.10965	0.33414	0.12152	0.11574	0.01375	0.00358	0.00563	0.01668	0.00706	0.00750
16	0.04454	0.00863	0.00859	0.00819	0.01044	0.00887	0.00626	0.05839	0.01782	0.03108	0.02488	0.02827	0.01945	0.00919	0.00567	0.00190	0.00411	0.00726	0.68864	0.00782
17	0.00979	0.00700	0.00932	0.01095	0.01153	0.00653	0.00737	0.01136	0.01577	0.02118	0.09444	0.66273	0.05427	0.02414	0.01006	0.00316	0.00453	0.02188	0.00747	0.00653
18	0.01963	0.01884	0.03219	0.04867	0.67185	0.01884	0.02434	0.02434	0.01806	0.02591	0.01492	0.01963	0.01256	0.00707	0.00785	0.00236	0.00942	0.00707	0.00393	0.01256
19	0.01103	0.00801	0.01045	0.01042	0.01211	0.00743	0.00783	0.01434	0.02083	0.02896	0.49752	0.15875	0.09732	0.01812	0.00960	0.00270	0.00417	0.06477	0.00835	0.00728
20	0.00966	0.00690	0.00920	0.01104	0.01150	0.00644	0.00736	0.01104	0.01518	0.02024	0.04371	0.71614	0.05245	0.02484	0.01012	0.00322	0.00460	0.02254	0.00736	0.00644
21	0.77733	0.01534	0.01166	0.01043	0.01534	0.01779	0.00859	0.02331	0.01350	0.03558	0.01104	0.01288	0.00859	0.00736	0.00491	0.00245	0.00613	0.00429	0.00491	0.00859
22	0.16014	0.01380	0.01727	0.01349	0.01942	0.01269	0.01114	0.03607	0.02115	0.56957	0.02789	0.02462	0.01778	0.00940	0.00746	0.00245	0.00664	0.00736	0.00899	0.01267
23	0.17058	0.01678	0.01898	0.01483	0.02081	0.01716	0.01224	0.24080	0.02593	0.34701	0.02341	0.02170	0.01552	0.00926	0.00739	0.00243	0.00730	0.00701	0.00827	0.01259
24	0.02087	0.02094	0.05313	0.10381	0.22752	0.07750	0.16450	0.11917	0.02113	0.02856	0.01635	0.02035	0.01270	0.00773	0.00796	0.00240	0.01040	0.00742	0.06641	0.01112
25	0.00966	0.00690	0.00920	0.01104	0.01150	0.00644	0.00736	0.01104	0.01518	0.02024	0.04371	0.71614	0.05245	0.02484	0.01012	0.00322	0.00460	0.02254	0.00736	0.00644
26	0.01117	0.00805	0.01087	0.01250	0.01377	0.00775	0.00982	0.01374	0.01709	0.02246	0.07371	0.36397	0.07954	0.02285	0.01044	0.00336	0.00579	0.29883	0.00740	0.00690
27	0.05591	0.01822	0.01936	0.01557	0.02093	0.05006	0.01261	0.30242	0.10161	0.18480	0.05178	0.02636	0.04905	0.01033	0.00782	0.00241	0.00751	0.00808	0.04299	0.01215
28	0.01484	0.00955	0.01266	0.23067	0.02382	0.01068	0.01084	0.01905	0.01638	0.02657	0.02209	0.02686	0.01719	0.00882	0.00631	0.00210	0.00590	0.00728	0.52054	0.00785
29	0.01953	0.01485	0.01648	0.01495	0.01872	0.01636	0.01147	0.12591	0.34904	0.07107	0.03330	0.21500	0.02999	0.01435	0.00860	0.00277	0.00622	0.01233	0.00796	0.01109
30	0.00990	0.00707	0.00945	0.01115	0.01175	0.00663	0.00762	0.01152	0.01575	0.02108	0.07998	0.64868	0.05343	0.02420	0.01012	0.00320	0.00468	0.04982	0.00744	0.00654
31	0.02334	0.21774	0.13219	0.03897	0.06581	0.11114	0.06907	0.14468	0.04432	0.05794	0.01563	0.01737	0.01203	0.00792	0.00711	0.00221	0.01015	0.00616	0.00489	0.01130
32	0.01549	0.01473	0.02596	0.43707	0.04381	0.01723	0.12966	0.02048	0.01590	0.02153	0.01551	0.02227	0.01219	0.01239	0.06471	0.00348	0.05915	0.00759	0.05194	0.00890
33	0.01576	0.00833	0.00843	0.00808	0.01021	0.00848	0.00615	0.05821	0.01794	0.03086	0.02544	0.02890	0.01989	0.00926	0.00569	0.00188	0.00401	0.00738	0.71734	0.00778
34	0.02445	0.01958	0.02118	0.05917	0.04698	0.04387	0.01438	0.36537	0.17531	0.03969	0.02730	0.02696	0.07865	0.01059	0.00807	0.00248	0.00804	0.00840	0.00737	0.01216
35	0.01712	0.04237	0.02848	0.40312	0.28870	0.01868	0.04496	0.02213	0.01681	0.02254	0.01437	0.02026	0.01137	0.00751	0.00785	0.00250	0.01016	0.00703	0.00369	0.01036
36	0.03558	0.01350	0.01840	0.01411	0.02024	0.01166	0.01166	0.03865	0.02270	0.67734	0.03128	0.02699	0.01963	0.00981	0.00797	0.00245	0.00675	0.00797	0.00981	0.01350
37	0.01153	0.00769	0.00865	0.00865	0.00865	0.00769	0.00480	0.01153	0.01153	0.01538	0.02499	0.05189	0.02883	0.72131	0.04036	0.00769	0.00769	0.01153	0.00480	0.00480
38	0.01518	0.01156	0.01297	0.01212	0.01504	0.01164	0.00928	0.16703	0.04618	0.02922	0.08684	0.23856	0.24509	0.01835	0.00926	0.00280	0.00556	0.04713	0.00761	0.00857
39	0.01003	0.00727	0.00989	0.03324	0.01318	0.00697	0.00817	0.01168	0.01540	0.02046	0.04266	0.65433	0.05068	0.02412	0.01010	0.00323	0.00496	0.05982	0.00724	0.00657
40	0.02500	0.01776	0.01937	0.01587	0.02105	0.01942	0.01277	0.29968	0.24190	0.10935	0.05060	0.02766	0.04642	0.01061	0.00798	0.00248	0.00709	0.00849	0.04410	0.01240
41	0.01813	0.01810	0.02692	0.35492	0.28642	0.07505	0.02207	0.02271	0.01704	0.02228	0.01404	0.01976	0.01129	0.00797	0.00889	0.00253	0.05100	0.00688	0.00372	0.01027
42	0.06247	0.02017	0.04202	0.11121	0.04148	0.01963	0.53262	0.02467	0.01807	0.02539	0.01552	0.02087	0.01166	0.00687	0.00893	0.00266	0.01262	0.00879	0.00401	0.01035
43	0.01800	0.01927	0.03496	0.02680	0.03060	0.02228	0.31420	0.02208	0.01526	0.02208	0.01308	0.01927	0.01118	0.01047	0.01812	0.00309	0.37782	0.00809	0.00373	0.00963
44	0.01098	0.00784	0.01071	0.01254	0.01358	0.00757	0.00964	0.01331	0.01648	0.02171	0.04298	0.45199	0.04958	0.02361	0.01047	0.00340	0.00574	0.27373	0.00734	0.00680
45	0.01829	0.01724	0.02921	0.16541	0.35424	0.01812	0.09352	0.05839	0.01811	0.02506	0.01665	0.04714	0.01457	0.05347	0.01081	0.00286	0.03365	0.00817	0.00426	0.01083
46	0.01428	0.00927	0.01207	0.05303	0.01510	0.00972	0.00885	0.05877	0.06726	0.02176	0.02613	0.24050	0.02709	0.02119	0.01725	0.29672	0.00618	0.01202	0.07631	0.00651

[dist]
# distance from previous block
# <min> <max>
0	1

[block]
# block no. 2 follows, 24 sequences, length 52
# corresponding to MSA columns:
# 166-217
name=unknown_C
#
# <colnr> <probs for GDERKNQSTAVLIFYWHMCP>
#	G	D	E	R	K	N	Q	S	T	A	V	L	I	F	Y	W	H	M	C	P
0	0.01590	0.04102	0.68023	0.02260	0.03432	0.01842	0.02930	0.02511	0.01674	0.02511	0.01423	0.01674	0.01005	0.00753	0.00753	0.00251	0.01172	0.00586	0.00335	0.01172
1	0.01152	0.00774	0.00891	0.00891	0.00900	0.00783	0.00513	0.01170	0.01161	0.01557	0.02475	0.05058	0.02826	0.67932	0.08158	0.00801	0.00855	0.01134	0.00477	0.00495
2	0.00977	0.00782	0.00875	0.00901	0.01108	0.00679	0.00657	0.01197	0.01829	0.02310	0.18143	0.20384	0.43300	0.02034	0.00952	0.00275	0.00408	0.01748	0.00762	0.00679
3	0.01058	0.00796	0.00981	0.00977	0.01167	0.00719	0.00727	0.01354	0.02015	0.02717	0.40358	0.15230	0.23014	0.01861	0.00952	0.00268	0.00406	0.03874	0.00813	0.00713
4	0.00966	0.00690	0.00920	0.01104	0.01150	0.00644	0.00736	0.01104	0.01518	0.02024	0.04371	0.71614	0.05245	0.02484	0.01012	0.00322	0.00460	0.02254	0.00736	0.00644
5	0.02904	0.03660	0.02188	0.01992	0.02391	0.66264	0.01494	0.03115	0.02224	0.01981	0.01279	0.01490	0.01061	0.00821	0.00709	0.00204	0.01388	0.00520	0.03405	0.00912
6	0.01075	0.00783	0.01022	0.01091	0.01234	0.00730	0.00814	0.01349	0.01882	0.02551	0.29605	0.29923	0.11415	0.02052	0.00988	0.00295	0.00463	0.11236	0.00790	0.00701
7	0.01130	0.00816	0.01071	0.01022	0.01209	0.00757	0.00776	0.01504	0.02223	0.03138	0.63487	0.06082	0.07329	0.01651	0.00944	0.00255	0.00393	0.04601	0.00865	0.00747
8	0.00979	0.00763	0.00876	0.00957	0.01118	0.00678	0.00681	0.01151	0.01657	0.02072	0.06092	0.32283	0.36055	0.06400	0.01160	0.00324	0.00463	0.04920	0.00721	0.00651
9	0.02001	0.01603	0.01726	0.01532	0.01964	0.01799	0.01194	0.09630	0.47753	0.06117	0.06003	0.06730	0.06027	0.01203	0.00828	0.00267	0.00623	0.01007	0.00808	0.01186
10	0.07407	0.02102	0.02220	0.01720	0.02322	0.02327	0.01418	0.57497	0.03477	0.04803	0.01892	0.01923	0.01355	0.00938	0.00763	0.00236	0.00830	0.00698	0.04785	0.01287
11	0.01254	0.00896	0.01248	0.01416	0.01592	0.00890	0.01220	0.01609	0.01836	0.02405	0.07953	0.11731	0.04771	0.02170	0.01082	0.00356	0.00696	0.55409	0.00739	0.00727
12	0.00979	0.00707	0.00927	0.01079	0.01149	0.00655	0.00730	0.01142	0.01599	0.02136	0.10249	0.62343	0.08607	0.02381	0.01001	0.00313	0.00449	0.02150	0.00749	0.00655
13	0.06552	0.02189	0.02322	0.01788	0.02415	0.02427	0.01477	0.61595	0.03616	0.04929	0.01866	0.01875	0.01325	0.00942	0.00779	0.00238	0.00860	0.00700	0.00779	0.01325
14	0.01498	0.01409	0.02378	0.70226	0.05462	0.01762	0.02202	0.02026	0.01586	0.02026	0.01409	0.02114	0.01057	0.00793	0.00793	0.00264	0.01057	0.00705	0.00352	0.00881
15	0.00979	0.00695	0.00916	0.01088	0.01131	0.00652	0.00719	0.01107	0.01494	0.01992	0.04246	0.67196	0.05088	0.07117	0.01213	0.00352	0.00481	0.02181	0.00719	0.00633
16	0.01377	0.00689	0.01033	0.01033	0.01033	0.00689	0.00689	0.01033	0.01033	0.01377	0.01377	0.02410	0.01377	0.02755	0.03099	0.76928	0.00689	0.00689	0.00344	0.00344
17	0.01247	0.00838	0.01100	0.01019	0.01228	0.00770	0.00770	0.01618	0.02246	0.06480	0.63513	0.05759	0.07200	0.01588	0.00928	0.00249	0.00389	0.01402	0.00878	0.00779
18	0.01076	0.00795	0.00884	0.00895	0.01017	0.00749	0.00599	0.01189	0.01455	0.01838	0.04742	0.06283	0.27858	0.37661	0.05441	0.00571	0.00682	0.05094	0.00593	0.00579
19	0.01264	0.00842	0.00936	0.00908	0.00949	0.00854	0.00537	0.04427	0.01309	0.01783	0.02472	0.04914	0.02764	0.65060	0.03703	0.00713	0.00755	0.01111	0.04163	0.00537
20	0.04651	0.01477	0.02477	0.59669	0.05045	0.01812	0.06064	0.02065	0.01575	0.02115	0.01390	0.02063	0.01057	0.00813	0.00882	0.00268	0.04616	0.00708	0.00361	0.00891
21	0.77733	0.01534	0.01166	0.01043	0.01534	0.01779	0.00859	0.02331	0.01350	0.03558	0.01104	0.01288	0.00859	0.00736	0.00491	0.00245	0.00613	0.00429	0.00491	0.00859
22	0.01004	0.00786	0.00912	0.00943	0.01141	0.00694	0.00696	0.01242	0.01856	0.02385	0.21687	0.20612	0.36531	0.02019	0.00959	0.00279	0.00421	0.04373	0.00770	0.00686
23	0.00966	0.00690	0.00920	0.01104	0.01150	0.00644	0.00736	0.01104	0.01518	0.02024	0.04371	0.71614	0.05245	0.02484	0.01012	0.00322	0.00460	0.02254	0.00736	0.00644
24	0.09096	0.01392	0.01681	0.21178	0.05302	0.07141	0.01329	0.02094	0.01859	0.08008	0.20842	0.05391	0.03246	0.04477	0.00951	0.00273	0.00755	0.00951	0.03165	0.00867
25	0.12934	0.01828	0.01868	0.01505	0.02045	0.06054	0.01222	0.27379	0.06022	0.19578	0.02420	0.02348	0.04195	0.00969	0.00739	0.00238	0.00758	0.00734	0.05984	0.01181
26	0.00966	0.00690	0.00920	0.01104	0.01150	0.00644	0.00736	0.01104	0.01518	0.02024	0.04371	0.71614	0.05245	0.02484	0.01012	0.00322	0.00460	0.02254	0.00736	0.00644
27	0.02442	0.10349	0.02102	0.01438	0.01964	0.01811	0.01193	0.27501	0.02652	0.14486	0.08774	0.06330	0.06633	0.01117	0.00774	0.00230	0.00702	0.00893	0.03497	0.05111
28	0.04381	0.01749	0.01931	0.01687	0.06458	0.06109	0.01249	0.08636	0.13593	0.07954	0.01886	0.01991	0.01458	0.00811	0.00785	0.00196	0.04294	0.00625	0.00587	0.33619
29	0.01001	0.00722	0.00952	0.01103	0.01183	0.00673	0.00767	0.01180	0.01623	0.02165	0.10533	0.57806	0.08572	0.02357	0.01007	0.00315	0.00467	0.06164	0.00749	0.00661
30	0.01133	0.00850	0.01274	0.01274	0.01416	0.00991	0.00991	0.01416	0.01274	0.01841	0.02124	0.03115	0.01982	0.05947	0.68989	0.01274	0.02124	0.00850	0.00425	0.00708
31	0.01699	0.02032	0.10227	0.11484	0.09119	0.01741	0.33584	0.02283	0.01757	0.02431	0.01793	0.08514	0.01543	0.00859	0.00864	0.00255	0.01106	0.00935	0.00424	0.07348
32	0.12407	0.01857	0.02554	0.10839	0.06121	0.07910	0.13932	0.05529	0.01737	0.06642	0.01462	0.01896	0.01161	0.01000	0.01227	0.05233	0.13060	0.00689	0.00454	0.04290
33	0.01410	0.01070	0.01216	0.01226	0.01437	0.03273	0.00904	0.05093	0.10042	0.05214	0.12661	0.35798	0.10632	0.01929	0.00942	0.00291	0.00541	0.04738	0.00765	0.00818
34	0.01083	0.00789	0.01053	0.05495	0.01464	0.00780	0.00860	0.01320	0.03695	0.02097	0.04140	0.53147	0.07740	0.02248	0.01062	0.03444	0.00521	0.05121	0.03264	0.00676
35	0.04578	0.02788	0.33705	0.01973	0.04554	0.04539	0.05042	0.02767	0.05687	0.14315	0.06815	0.02327	0.01814	0.00884	0.00767	0.00246	0.00943	0.00726	0.04398	0.01131
36	0.00994	0.00702	0.00912	0.01069	0.01108	0.00662	0.00699	0.01111	0.01465	0.01953	0.04096	0.61869	0.04898	0.12702	0.01456	0.00388	0.00505	0.02093	0.00699	0.00620
37	0.01061	0.00786	0.01100	0.10024	0.01696	0.00793	0.00916	0.01261	0.01534	0.02072	0.03897	0.59143	0.04540	0.02186	0.00961	0.00308	0.00533	0.01977	0.04532	0.00680
38	0.07952	0.01932	0.04967	0.12631	0.17397	0.01990	0.19107	0.10195	0.01954	0.05090	0.01545	0.01968	0.01191	0.00818	0.00980	0.00261	0.07721	0.00747	0.00462	0.01095
39	0.01792	0.19416	0.29400	0.02200	0.07199	0.02025	0.11213	0.02396	0.01760	0.04752	0.05690	0.02263	0.04843	0.00844	0.00746	0.00234	0.00999	0.00721	0.00426	0.01081
40	0.01122	0.00811	0.01060	0.00998	0.01185	0.00748	0.00748	0.01496	0.02245	0.03180	0.66766	0.05923	0.07482	0.01621	0.00935	0.00249	0.00374	0.01434	0.00873	0.00748
41	0.03071	0.01513	0.01856	0.01458	0.02017	0.01476	0.01192	0.18228	0.06382	0.41257	0.06175	0.02710	0.02139	0.01010	0.00789	0.00241	0.00684	0.00813	0.05714	0.01273
42	0.01784	0.04358	0.10180	0.08652	0.11857	0.01989	0.33606	0.02351	0.01723	0.02388	0.01575	0.04511	0.01300	0.00842	0.01069	0.00270	0.09249	0.00856	0.00393	0.01048
43	0.03094	0.01402	0.01753	0.01381	0.01926	0.01328	0.01129	0.12215	0.05608	0.46008	0.02880	0.02637	0.01909	0.00974	0.00762	0.00237	0.00656	0.00782	0.12067	0.01255
44	0.01718	0.01761	0.03442	0.19592	0.09495	0.01810	0.33318	0.02276	0.01770	0.02447	0.04922	0.02344	0.01539	0.00802	0.00944	0.00262	0.04466	0.00860	0.05241	0.00992
45	0.01863	0.01494	0.01731	0.01253	0.01947	0.01211	0.01009	0.08773	0.01891	0.05287	0.01527	0.01712	0.01223	0.00641	0.00617	0.00135	0.00621	0.00508	0.00524	0.66033
46	0.01252	0.00895	0.01246	0.01414	0.01590	0.00889	0.01218	0.01606	0.01834	0.02403	0.07954	0.12049	0.04774	0.02172	0.01081	0.00356	0.00695	0.55106	0.00739	0.00727
47	0.02109	0.01452	0.01727	0.01276	0.01946	0.01195	0.01029	0.05501	0.05264	0.15717	0.01872	0.01937	0.01406	0.00709	0.00651	0.00157	0.00621	0.00569	0.00605	0.54258
48	0.01263	0.00895	0.01135	0.01100	0.01200	0.00970	0.00762	0.05287	0.01368	0.01886	0.02302	0.04101	0.02403	0.39526	0.31397	0.00950	0.01351	0.00996	0.00477	0.00632
49	0.00966	0.00690	0.00920	0.01104	0.01150	0.00644	0.00736	0.01104	0.01518	0.02024	0.04371	0.71614	0.05245	0.02484	0.01012	0.00322	0.00460	0.02254	0.00736	0.00644
50	0.01964	0.01821	0.04915	0.02119	0.12443	0.01886	0.01491	0.07452	0.43059	0.03190	0.02873	0.02783	0.04457	0.01004	0.00793	0.00253	0.00706	0.00848	0.00699	0.05245
51	0.09929	0.46665	0.06545	0.01495	0.02136	0.07417	0.04119	0.05567	0.01754	0.02322	0.01267	0.01463	0.01079	0.00724	0.00569	0.00192	0.00879	0.00492	0.04379	0.01006

[dist]
# distance from previous block
# <min> <max>
4	6

[block]
# block no. 3 follows, 24 sequences, length 12
# corresponding to MSA columns:
# 224-235
name=unknown_D
#
# <colnr> <probs for GDERKNQSTAVLIFYWHMCP>
#	G	D	E	R	K	N	Q	S	T	A	V	L	I	F	Y	W	H	M	C	P
0	0.08400	0.51459	0.03471	0.01437	0.02060	0.08326	0.01334	0.06807	0.06201	0.02323	0.01314	0.01446	0.01124	0.00741	0.00564	0.00190	0.00863	0.00484	0.00420	0.01036
1	0.01107	0.00798	0.01057	0.01189	0.01315	0.00763	0.00914	0.01354	0.01722	0.02279	0.12189	0.32910	0.09397	0.05683	0.01177	0.00347	0.00559	0.23820	0.00738	0.00682
2	0.02717	0.01868	0.09158	0.01820	0.07396	0.01557	0.01484	0.17259	0.02427	0.29245	0.05948	0.02399	0.01878	0.00916	0.00773	0.00228	0.00767	0.00744	0.00752	0.10666
3	0.07123	0.09458	0.24038	0.01992	0.02776	0.01924	0.11863	0.09284	0.07078	0.05726	0.04078	0.04201	0.01591	0.00866	0.00758	0.00241	0.00952	0.00740	0.00510	0.04801
4	0.01110	0.00769	0.00876	0.00886	0.00934	0.00745	0.00534	0.01171	0.01335	0.01761	0.07690	0.11003	0.10901	0.53345	0.03211	0.00638	0.00673	0.01324	0.00558	0.00534
5	0.00964	0.00699	0.00911	0.01080	0.01144	0.00646	0.00725	0.01107	0.01541	0.02034	0.04664	0.66483	0.10186	0.02446	0.01006	0.00318	0.00455	0.02208	0.00736	0.00646
6	0.41483	0.13795	0.01840	0.01187	0.01711	0.01936	0.01013	0.09928	0.01776	0.07012	0.01472	0.01617	0.01134	0.00780	0.00557	0.00221	0.00664	0.00516	0.08041	0.03313
7	0.01714	0.01423	0.01643	0.01249	0.01866	0.01189	0.00986	0.07537	0.05364	0.02780	0.01858	0.08928	0.01677	0.00841	0.00661	0.00157	0.00602	0.00698	0.00544	0.58283
8	0.02688	0.01982	0.02142	0.01687	0.02259	0.02166	0.01367	0.45871	0.13344	0.06582	0.02166	0.02274	0.01620	0.05014	0.00970	0.00267	0.00806	0.00758	0.00767	0.05270
9	0.06954	0.31529	0.02645	0.06853	0.02029	0.02123	0.01252	0.02044	0.01504	0.04138	0.01706	0.07713	0.01639	0.05076	0.08850	0.00373	0.08189	0.00737	0.03759	0.00886
10	0.02424	0.01536	0.05116	0.05468	0.06605	0.01395	0.01326	0.13914	0.02137	0.23941	0.02340	0.08061	0.01869	0.03514	0.01183	0.09766	0.00755	0.00852	0.00684	0.07115
11	0.02010	0.18234	0.02142	0.01336	0.01706	0.01694	0.01099	0.07947	0.01842	0.13710	0.05473	0.13431	0.02471	0.09083	0.04848	0.00353	0.06535	0.00984	0.02597	0.02506

[dist]
# distance from previous block
# <min> <max>
0	1

[block]
# block no. 4 follows, 24 sequences, length 7
# corresponding to MSA columns:
# 237-243
name=unknown_E
#
# <colnr> <probs for GDERKNQSTAVLIFYWHMCP>
#	G	D	E	R	K	N	Q	S	T	A	V	L	I	F	Y	W	H	M	C	P
0	0.01244	0.01092	0.01793	0.04952	0.05900	0.01027	0.11526	0.01527	0.01626	0.02189	0.03669	0.43536	0.08266	0.01840	0.00943	0.00288	0.00668	0.01713	0.00624	0.05577
1	0.02014	0.01801	0.11374	0.06710	0.19396	0.01487	0.01722	0.02654	0.09908	0.15488	0.02781	0.07284	0.07538	0.01160	0.00938	0.04331	0.00796	0.00917	0.00602	0.01099
2	0.01805	0.01923	0.14577	0.08369	0.20404	0.01530	0.01874	0.04335	0.05818	0.07359	0.08806	0.03222	0.02353	0.01034	0.00810	0.00254	0.00829	0.06910	0.06718	0.01070
3	0.11122	0.02184	0.16794	0.09091	0.10687	0.01868	0.12136	0.02200	0.01571	0.02450	0.01599	0.07796	0.01425	0.01007	0.01137	0.00277	0.14437	0.00814	0.00410	0.00994
4	0.08184	0.01328	0.01551	0.03637	0.01828	0.01291	0.01034	0.09372	0.01922	0.08113	0.06514	0.11571	0.07797	0.01176	0.00865	0.00223	0.05197	0.00946	0.03351	0.24102
5	0.02173	0.01613	0.02123	0.11256	0.13174	0.01654	0.01517	0.07108	0.19870	0.13584	0.02248	0.02318	0.01662	0.00860	0.00757	0.00228	0.00753	0.00730	0.00641	0.15731
6	0.04559	0.01375	0.02036	0.06429	0.09766	0.01422	0.06690	0.04678	0.03709	0.14298	0.06323	0.08462	0.02333	0.09888	0.06175	0.00393	0.06256	0.00964	0.00599	0.03646

[dist]
# distance from previous block
# <min> <max>
5	39

[block]
# block no. 5 follows, 24 sequences, length 6
# corresponding to MSA columns:
# 285-290
name=unknown_F
#
# <colnr> <probs for GDERKNQSTAVLIFYWHMCP>
#	G	D	E	R	K	N	Q	S	T	A	V	L	I	F	Y	W	H	M	C	P
0	0.05812	0.01440	0.06775	0.05435	0.09505	0.01244	0.08301	0.02016	0.01850	0.08455	0.15363	0.10477	0.09382	0.03375	0.00971	0.00285	0.00736	0.07027	0.00638	0.00914
1	0.07682	0.05600	0.05366	0.07573	0.13351	0.05240	0.04693	0.05988	0.01871	0.02603	0.08610	0.16704	0.06042	0.01313	0.00831	0.00262	0.00788	0.03986	0.00565	0.00930
2	0.11941	0.07083	0.02162	0.06204	0.06112	0.13853	0.04317	0.06822	0.10072	0.12361	0.02077	0.05946	0.01656	0.00947	0.00728	0.00238	0.00865	0.00753	0.04814	0.01051
3	0.02023	0.01885	0.02777	0.10612	0.08988	0.10307	0.20115	0.02481	0.01907	0.08633	0.07039	0.02375	0.01797	0.00818	0.00797	0.00229	0.00988	0.00789	0.04861	0.10576
4	0.24532	0.01947	0.08731	0.05691	0.13012	0.01810	0.11296	0.07352	0.05452	0.03044	0.01634	0.04793	0.01336	0.00828	0.00718	0.00245	0.00868	0.00712	0.00490	0.05510
5	0.06842	0.01960	0.08145	0.07825	0.10692	0.06977	0.11401	0.02487	0.07816	0.05572	0.05176	0.02568	0.05479	0.01178	0.04332	0.00299	0.04019	0.00803	0.00507	0.05920

[dist]
# distance from previous block
# <min> <max>
0	1

[block]
# block no. 6 follows, 24 sequences, length 12
# corresponding to MSA columns:
# 292-303
name=unknown_G
#
# <colnr> <probs for GDERKNQSTAVLIFYWHMCP>
#	G	D	E	R	K	N	Q	S	T	A	V	L	I	F	Y	W	H	M	C	P
