[name]
unknown

[dist]
# distance from previous block
# <min> <max>
0	22

[block]
# block no. 0 follows, 17 sequences, length 30
# corresponding to MSA columns:
# 33-40,47-58,60-69
name=unknown_A
#
# <colnr> <probs for GDERKNQSTAVLIFYWHMCP>
#	G	D	E	R	K	N	Q	S	T	A	V	L	I	F	Y	W	H	M	C	P
0	0.01777	0.01256	0.01850	0.09300	0.05937	0.01290	0.01719	0.02236	0.02171	0.06681	0.04335	0.08716	0.04508	0.02214	0.01216	0.00402	0.00924	0.41681	0.00812	0.00974
1	0.02701	0.02498	0.03636	0.04583	0.39519	0.06181	0.06347	0.16188	0.02736	0.03718	0.01882	0.02292	0.01499	0.00916	0.00943	0.00281	0.01169	0.00847	0.00583	0.01480
2	0.03470	0.02580	0.02830	0.06135	0.03151	0.02872	0.01845	0.54311	0.04272	0.05719	0.02227	0.02280	0.01582	0.01120	0.00943	0.00285	0.01052	0.00848	0.00910	0.01568
3	0.20428	0.02444	0.02482	0.01946	0.02659	0.02730	0.01607	0.44571	0.03752	0.05531	0.02035	0.02088	0.01463	0.01070	0.00857	0.00285	0.00963	0.00768	0.00857	0.01463
4	0.31174	0.06395	0.05615	0.01499	0.02143	0.01885	0.01319	0.03352	0.05488	0.20523	0.06134	0.02633	0.02127	0.01061	0.00771	0.00284	0.00777	0.00780	0.04802	0.01238
5	0.03210	0.01692	0.02122	0.01583	0.02361	0.01414	0.01292	0.06539	0.02472	0.33218	0.02755	0.02615	0.01888	0.00962	0.00840	0.00225	0.00770	0.00774	0.00891	0.32377
6	0.01283	0.00937	0.01205	0.01190	0.01390	0.00860	0.00873	0.01660	0.02470	0.03431	0.46251	0.17870	0.12762	0.02151	0.01129	0.00314	0.00466	0.01905	0.00995	0.00860
7	0.01371	0.00914	0.01029	0.01029	0.01029	0.00914	0.00571	0.01371	0.01371	0.01828	0.02971	0.06171	0.03428	0.66859	0.04800	0.00914	0.00914	0.01371	0.00571	0.00571
8	0.02387	0.02168	0.02135	0.01949	0.02457	0.07360	0.01522	0.04695	0.50564	0.03730	0.03718	0.03859	0.02915	0.01345	0.00974	0.00321	0.00835	0.04737	0.00913	0.01416
9	0.01896	0.01793	0.03036	0.52379	0.17811	0.02125	0.02676	0.02510	0.01940	0.02549	0.01696	0.02477	0.01306	0.00921	0.00941	0.00307	0.01229	0.00838	0.00429	0.01140
10	0.02285	0.02521	0.04695	0.09204	0.14662	0.06378	0.36679	0.02956	0.02171	0.02893	0.01799	0.02423	0.01403	0.00872	0.01155	0.00311	0.04862	0.00993	0.00467	0.01267
11	0.03523	0.04494	0.02672	0.02429	0.02915	0.63073	0.01822	0.03766	0.02672	0.02308	0.01458	0.01701	0.01215	0.00972	0.00850	0.00243	0.01701	0.00607	0.00486	0.01093
12	0.01955	0.01676	0.01955	0.01397	0.02235	0.01257	0.01117	0.02374	0.01955	0.03073	0.01676	0.01955	0.01397	0.00698	0.00698	0.00140	0.00698	0.00559	0.00559	0.72624
13	0.01371	0.00914	0.01029	0.01029	0.01029	0.00914	0.00571	0.01371	0.01371	0.01828	0.02971	0.06171	0.03428	0.66859	0.04800	0.00914	0.00914	0.01371	0.00571	0.00571
14	0.01992	0.02219	0.10035	0.01986	0.02913	0.01561	0.10801	0.02558	0.02005	0.03053	0.01717	0.02058	0.01377	0.00739	0.00792	0.00189	0.00933	0.00668	0.00525	0.51877
15	0.02409	0.01925	0.02475	0.09218	0.03062	0.01818	0.05135	0.12412	0.07256	0.07188	0.02101	0.02322	0.01601	0.00887	0.00834	0.00221	0.00892	0.00745	0.00675	0.36824
16	0.03286	0.18320	0.10749	0.01916	0.02704	0.10772	0.01784	0.03870	0.06227	0.27429	0.02565	0.02450	0.01794	0.01025	0.00846	0.00266	0.01052	0.00769	0.00773	0.01403
17	0.02649	0.02087	0.02328	0.01726	0.02529	0.01967	0.01405	0.25998	0.03011	0.04295	0.01927	0.02087	0.01485	0.00883	0.00803	0.00201	0.00843	0.00682	0.00723	0.42371
18	0.02289	0.01926	0.02548	0.10000	0.17660	0.04472	0.01831	0.03041	0.09818	0.07955	0.02399	0.06873	0.02011	0.01049	0.00885	0.00254	0.00920	0.00913	0.00643	0.22514
19	0.01583	0.01056	0.01420	0.05209	0.01849	0.00984	0.01049	0.01923	0.02244	0.08139	0.26795	0.28836	0.06338	0.02114	0.01095	0.00320	0.00582	0.01885	0.00917	0.05662
20	0.19439	0.05920	0.02574	0.14036	0.06035	0.02079	0.05318	0.09157	0.02270	0.07602	0.05626	0.02446	0.01853	0.00971	0.00824	0.00270	0.00942	0.00784	0.00636	0.11219
21	0.02257	0.02218	0.03359	0.22127	0.37870	0.06306	0.02656	0.02945	0.05644	0.02890	0.01852	0.02416	0.01493	0.00906	0.00932	0.00290	0.01175	0.00838	0.00485	0.01339
22	0.06753	0.02074	0.02325	0.01888	0.02551	0.02216	0.01528	0.20828	0.22448	0.22268	0.03201	0.02946	0.02234	0.01181	0.00933	0.00299	0.00851	0.00937	0.01000	0.01538
23	0.02063	0.02063	0.02888	0.02476	0.02476	0.02888	0.02063	0.02269	0.01444	0.02269	0.01238	0.02063	0.01238	0.01651	0.03095	0.00413	0.65133	0.00825	0.00413	0.01032
24	0.01390	0.01073	0.01597	0.01573	0.01731	0.01280	0.01231	0.01719	0.01511	0.02194	0.02449	0.03607	0.02291	0.06750	0.59550	0.01450	0.06251	0.00999	0.00500	0.00853
25	0.02684	0.02497	0.02743	0.05801	0.02852	0.11287	0.01916	0.19890	0.02587	0.03430	0.01703	0.02211	0.01426	0.01717	0.06025	0.00417	0.28195	0.00815	0.00596	0.01208
26	0.01955	0.01676	0.01955	0.01397	0.02235	0.01257	0.01117	0.02374	0.01955	0.03073	0.01676	0.01955	0.01397	0.00698	0.00698	0.00140	0.00698	0.00559	0.00559	0.72624
27	0.03548	0.02527	0.02746	0.02100	0.02857	0.02744	0.01733	0.51689	0.04201	0.09430	0.02330	0.02311	0.01641	0.01113	0.00932	0.00277	0.01006	0.00841	0.00939	0.05032
28	0.01889	0.01543	0.02219	0.33037	0.04162	0.01749	0.01859	0.09200	0.02207	0.03012	0.02616	0.15699	0.02453	0.01381	0.00952	0.00303	0.00964	0.01205	0.07682	0.05868
29	0.02787	0.02442	0.02638	0.02980	0.19132	0.14310	0.01864	0.09713	0.09119	0.10949	0.03426	0.03460	0.10595	0.01226	0.00950	0.00285	0.01047	0.01007	0.00736	0.01335

[dist]
# distance from previous block
# <min> <max>
0	2

[block]
# block no. 1 follows, 17 sequences, length 8
# corresponding to MSA columns:
# 72-79
name=unknown_B
#
# <colnr> <probs for GDERKNQSTAVLIFYWHMCP>
#	G	D	E	R	K	N	Q	S	T	A	V	L	I	F	Y	W	H	M	C	P
0	0.01231	0.00947	0.01138	0.01268	0.01426	0.00894	0.00882	0.01605	0.06263	0.02560	0.06207	0.46864	0.19873	0.02682	0.01162	0.00362	0.00545	0.02382	0.00882	0.00829
1	0.03098	0.02361	0.02567	0.01962	0.02722	0.02474	0.01605	0.40530	0.07613	0.05098	0.02228	0.02275	0.01641	0.01035	0.00884	0.00250	0.00934	0.00793	0.00850	0.19080
2	0.02326	0.02250	0.03843	0.05331	0.51626	0.02261	0.07434	0.03071	0.06627	0.03143	0.01947	0.02445	0.01597	0.00871	0.00951	0.00286	0.01131	0.00881	0.00506	0.01475
3	0.02280	0.02391	0.04690	0.04888	0.33147	0.02312	0.30033	0.02957	0.02186	0.03051	0.01840	0.02438	0.01463	0.00818	0.01023	0.00299	0.01353	0.00976	0.00472	0.01384
4	0.02406	0.06311	0.18193	0.03553	0.12515	0.02274	0.27515	0.03163	0.02197	0.09644	0.02013	0.02405	0.01476	0.00868	0.00990	0.00299	0.01355	0.00925	0.00532	0.01368
5	0.02257	0.02162	0.03689	0.13976	0.53391	0.02220	0.02856	0.02827	0.02111	0.02987	0.01760	0.02359	0.01461	0.00855	0.00935	0.00285	0.01139	0.00840	0.00460	0.01432
6	0.02214	0.02398	0.07950	0.12886	0.40551	0.02243	0.12160	0.02859	0.02116	0.02977	0.01778	0.02369	0.01432	0.00850	0.00963	0.00292	0.01236	0.00876	0.00458	0.01392
7	0.01934	0.01625	0.01766	0.01682	0.02074	0.01808	0.01268	0.03751	0.39667	0.03431	0.04670	0.20126	0.08612	0.01804	0.01035	0.00336	0.00672	0.01560	0.00931	0.01247

[dist]
# distance from previous block
# <min> <max>
0	2

[block]
# block no. 2 follows, 17 sequences, length 13
# corresponding to MSA columns:
# 82-94
name=unknown_C
#
# <colnr> <probs for GDERKNQSTAVLIFYWHMCP>
#	G	D	E	R	K	N	Q	S	T	A	V	L	I	F	Y	W	H	M	C	P
0	0.02552	0.01842	0.02029	0.01768	0.02309	0.02008	0.01390	0.07764	0.38541	0.13035	0.07211	0.04099	0.08475	0.01391	0.00979	0.00312	0.00732	0.01154	0.00987	0.01420
1	0.01467	0.01054	0.01308	0.01380	0.01529	0.01040	0.00962	0.07953	0.02167	0.02915	0.10194	0.48645	0.05763	0.07165	0.01419	0.00400	0.00620	0.02278	0.00878	0.00862
2	0.03585	0.02641	0.02830	0.02170	0.02924	0.02924	0.01792	0.57832	0.04434	0.05943	0.02264	0.02264	0.01604	0.01132	0.00943	0.00283	0.01038	0.00849	0.00943	0.01604
3	0.02001	0.01717	0.01976	0.01458	0.02260	0.01384	0.01161	0.02682	0.08638	0.03174	0.01928	0.02138	0.01570	0.00766	0.00729	0.00161	0.00704	0.00618	0.00605	0.64331
4	0.01685	0.01469	0.08199	0.01405	0.01809	0.01086	0.01232	0.02196	0.02596	0.09443	0.48207	0.06093	0.07377	0.01736	0.01072	0.00296	0.00587	0.01516	0.00979	0.01018
5	0.01803	0.01706	0.02833	0.59746	0.06181	0.02157	0.02576	0.02398	0.01851	0.02398	0.01642	0.02479	0.01256	0.00998	0.01111	0.00322	0.06241	0.00837	0.00419	0.01046
6	0.01957	0.01404	0.01607	0.01495	0.01749	0.01468	0.01071	0.18631	0.02488	0.03327	0.03675	0.29794	0.04030	0.20337	0.02134	0.00502	0.00800	0.01752	0.00811	0.00968
7	0.07714	0.03008	0.02547	0.02151	0.02674	0.24774	0.01704	0.15535	0.05412	0.08303	0.01908	0.02097	0.01475	0.01118	0.01198	0.00282	0.10933	0.00735	0.00666	0.05767
8	0.02145	0.02758	0.14015	0.03612	0.11474	0.02168	0.33456	0.02903	0.02137	0.03030	0.01821	0.02340	0.01395	0.00803	0.00993	0.00284	0.01366	0.00928	0.00475	0.11896
9	0.02366	0.01959	0.03018	0.19994	0.04037	0.02026	0.12661	0.14285	0.02545	0.07110	0.02329	0.08844	0.01954	0.01135	0.00967	0.00288	0.01093	0.01045	0.00655	0.11688
10	0.03008	0.02015	0.02378	0.06190	0.02821	0.01981	0.01534	0.22198	0.06150	0.16387	0.02430	0.02452	0.01738	0.00997	0.00867	0.00244	0.00880	0.00789	0.00832	0.24109
11	0.03178	0.02600	0.02712	0.09387	0.03260	0.08614	0.01813	0.39527	0.03672	0.04835	0.02047	0.02201	0.01500	0.01043	0.00905	0.00266	0.01090	0.00790	0.00792	0.09768
12	0.02581	0.02046	0.06546	0.01857	0.02598	0.01746	0.03919	0.06587	0.04888	0.15621	0.02208	0.02354	0.01647	0.00982	0.01090	0.00240	0.08343	0.00748	0.00699	0.33301

[dist]
# distance from previous block
# <min> <max>
6	33

[block]
# block no. 3 follows, 17 sequences, length 22
# corresponding to MSA columns:
# 130-142,144-152
name=unknown_D
#
# <colnr> <probs for GDERKNQSTAVLIFYWHMCP>
#	G	D	E	R	K	N	Q	S	T	A	V	L	I	F	Y	W	H	M	C	P
0	0.02039	0.01728	0.02091	0.02203	0.10733	0.01812	0.01475	0.06712	0.25340	0.03668	0.14830	0.04579	0.11365	0.01440	0.00988	0.00295	0.00723	0.01232	0.00864	0.05886
1	0.08262	0.32056	0.13616	0.02170	0.05754	0.02879	0.04842	0.03100	0.05354	0.07472	0.01768	0.01976	0.01408	0.00934	0.00888	0.00262	0.04786	0.00673	0.00519	0.01281
2	0.33560	0.10578	0.08554	0.03903	0.02308	0.02127	0.01443	0.06311	0.01977	0.05635	0.02008	0.07184	0.01723	0.01090	0.00728	0.00281	0.00837	0.00794	0.07849	0.01111
3	0.07930	0.06672	0.04745	0.06505	0.04314	0.02495	0.40225	0.02871	0.02049	0.02949	0.01733	0.02338	0.01353	0.00907	0.01253	0.00319	0.08685	0.00978	0.00470	0.01209
4	0.02023	0.01773	0.02311	0.01849	0.02379	0.01777	0.04683	0.06869	0.04918	0.03079	0.02291	0.11894	0.02193	0.01309	0.01329	0.00264	0.14103	0.01018	0.00623	0.33313
5	0.02170	0.01721	0.01824	0.01576	0.01980	0.05630	0.01227	0.19681	0.03144	0.04210	0.31490	0.09114	0.08952	0.01705	0.01047	0.00296	0.00725	0.01440	0.00951	0.01117
6	0.01339	0.00912	0.01088	0.01117	0.01142	0.00922	0.00675	0.01396	0.01444	0.01943	0.03223	0.13952	0.03693	0.52131	0.10347	0.00905	0.01032	0.01509	0.00605	0.00625
7	0.02761	0.02405	0.08823	0.02467	0.10434	0.02267	0.01878	0.25473	0.11164	0.07308	0.02633	0.04988	0.02085	0.04977	0.01154	0.00326	0.00969	0.00963	0.05511	0.01414
8	0.01974	0.13038	0.54533	0.02548	0.03865	0.02391	0.03240	0.02965	0.01981	0.02886	0.01643	0.01929	0.01197	0.00884	0.00858	0.00286	0.01343	0.00672	0.00399	0.01370
9	0.03233	0.02401	0.02563	0.01997	0.02689	0.02621	0.01639	0.49782	0.04108	0.05459	0.03303	0.03235	0.10012	0.01311	0.00968	0.00288	0.00958	0.01012	0.00934	0.01489
10	0.01717	0.01050	0.01809	0.01596	0.01723	0.01028	0.08408	0.01468	0.01362	0.01823	0.01674	0.02823	0.01610	0.02944	0.03341	0.62899	0.00922	0.00858	0.00419	0.00525
11	0.02260	0.01667	0.01987	0.01434	0.02258	0.01274	0.01153	0.02672	0.02055	0.10906	0.01950	0.02123	0.01522	0.00761	0.00732	0.00160	0.00712	0.00611	0.00640	0.63124
12	0.03505	0.02602	0.02785	0.02154	0.02894	0.02887	0.01773	0.54421	0.07975	0.05814	0.02366	0.02345	0.01686	0.01142	0.00944	0.00285	0.01019	0.00863	0.00944	0.01597
13	0.06825	0.01892	0.02008	0.01773	0.02300	0.02120	0.01390	0.08009	0.41240	0.07373	0.08402	0.03853	0.06022	0.01345	0.00954	0.00312	0.00731	0.01108	0.00949	0.01394
14	0.02255	0.47906	0.14141	0.01739	0.02567	0.03089	0.01835	0.02712	0.02030	0.02558	0.09291	0.02334	0.02236	0.00972	0.00722	0.00231	0.00999	0.00698	0.00487	0.01198
15	0.01687	0.05064	0.01924	0.11639	0.02491	0.01403	0.04546	0.04859	0.02141	0.03057	0.10957	0.22580	0.04083	0.01713	0.00969	0.00303	0.00737	0.01519	0.17375	0.00953
16	0.41597	0.06460	0.05921	0.01697	0.02374	0.02279	0.05903	0.11595	0.02184	0.04139	0.01679	0.01918	0.01283	0.00925	0.00711	0.00281	0.00885	0.00655	0.06353	0.01159
17	0.03103	0.02232	0.02391	0.01886	0.02486	0.02448	0.01514	0.44640	0.03775	0.05147	0.02441	0.02914	0.01930	0.09921	0.01430	0.00361	0.00961	0.00922	0.08105	0.01392
18	0.03202	0.02381	0.02575	0.01981	0.02685	0.02554	0.01609	0.46352	0.03877	0.05252	0.02248	0.02543	0.01726	0.06420	0.01226	0.00317	0.00985	0.00855	0.00865	0.10344
19	0.02072	0.01679	0.01998	0.04673	0.02451	0.01408	0.01239	0.02738	0.08339	0.06010	0.02151	0.04665	0.01785	0.00884	0.00771	0.00185	0.00731	0.00729	0.00638	0.54853
20	0.05811	0.26852	0.08129	0.01774	0.02585	0.02533	0.01674	0.09617	0.02498	0.26208	0.02398	0.02305	0.01689	0.00995	0.00801	0.00257	0.00952	0.00733	0.00771	0.01418
21	0.06746	0.02955	0.02605	0.10516	0.03274	0.21348	0.01829	0.23104	0.11399	0.03963	0.02116	0.02268	0.01593	0.01065	0.00898	0.00281	0.01214	0.00787	0.00715	0.01325

[dist]
# distance from previous block
# <min> <max>
12	25

[block]
# block no. 4 follows, 17 sequences, length 33
# corresponding to MSA columns:
# 180-212
name=unknown_E
#
# <colnr> <probs for GDERKNQSTAVLIFYWHMCP>
#	G	D	E	R	K	N	Q	S	T	A	V	L	I	F	Y	W	H	M	C	P
0	0.09466	0.07247	0.08550	0.01784	0.02445	0.01840	0.04774	0.03181	0.12209	0.12467	0.06260	0.06489	0.06291	0.01562	0.04243	0.00350	0.00939	0.01035	0.00754	0.08112
1	0.05970	0.01990	0.02440	0.02067	0.05479	0.05185	0.07250	0.12490	0.05556	0.08233	0.02867	0.06485	0.05843	0.06432	0.01218	0.00313	0.00937	0.01014	0.00720	0.17511
2	0.43054	0.02393	0.13795	0.06110	0.07369	0.02045	0.01763	0.02724	0.01827	0.03732	0.06013	0.02179	0.01718	0.00962	0.00739	0.00294	0.00907	0.00689	0.00561	0.01126
3	0.06154	0.10555	0.08220	0.01699	0.02264	0.04932	0.01535	0.05932	0.07093	0.10443	0.19200	0.04662	0.04192	0.01465	0.00964	0.00299	0.00845	0.07550	0.00821	0.01172
4	0.02202	0.02640	0.09691	0.04031	0.13761	0.02288	0.41452	0.02964	0.02180	0.03030	0.01857	0.02435	0.01420	0.00806	0.01045	0.00301	0.01453	0.01007	0.00473	0.04964
5	0.02005	0.04082	0.42736	0.03127	0.04370	0.02256	0.21923	0.02998	0.02071	0.02998	0.01766	0.02179	0.01275	0.00861	0.00970	0.00305	0.01461	0.00839	0.00425	0.01352
6	0.02494	0.39142	0.07087	0.01713	0.02537	0.06470	0.01624	0.07199	0.02177	0.02772	0.01506	0.01718	0.01286	0.00821	0.00685	0.00201	0.00998	0.00562	0.00489	0.18518
7	0.03585	0.02641	0.02830	0.02170	0.02924	0.02924	0.01792	0.57832	0.04434	0.05943	0.02264	0.02264	0.01604	0.01132	0.00943	0.00283	0.01038	0.00849	0.00943	0.01604
8	0.01394	0.01026	0.01312	0.01229	0.01470	0.00975	0.00925	0.01969	0.05996	0.03791	0.57150	0.06837	0.08544	0.01890	0.01103	0.00298	0.00463	0.01668	0.01033	0.00925
9	0.01179	0.00842	0.01128	0.01347	0.01415	0.00792	0.00927	0.01365	0.01835	0.02441	0.05181	0.61776	0.06172	0.02926	0.01212	0.00387	0.00573	0.06855	0.00875	0.00774
10	0.04198	0.01658	0.02221	0.01703	0.02434	0.01465	0.01407	0.07335	0.02788	0.58764	0.03645	0.03161	0.02297	0.01165	0.00948	0.00291	0.00815	0.00943	0.01156	0.01605
11	0.02334	0.02241	0.03828	0.05788	0.60977	0.02241	0.02894	0.02894	0.02147	0.03081	0.01774	0.02334	0.01494	0.00840	0.00934	0.00280	0.01120	0.00840	0.00467	0.01494
12	0.01347	0.01010	0.01516	0.01516	0.01684	0.01179	0.01179	0.01684	0.01516	0.02189	0.02526	0.03705	0.02357	0.07072	0.63122	0.01516	0.02526	0.01010	0.00505	0.00842
13	0.01159	0.00957	0.01017	0.01002	0.01301	0.00815	0.00751	0.01439	0.02254	0.02796	0.19803	0.08666	0.50188	0.02296	0.01114	0.00314	0.00471	0.01933	0.00908	0.00815
14	0.01976	0.13268	0.54323	0.02544	0.03859	0.02397	0.03233	0.02965	0.01981	0.02883	0.01641	0.01927	0.01197	0.00884	0.00857	0.00286	0.01342	0.00671	0.00399	0.01369
15	0.01781	0.01676	0.02828	0.64592	0.06495	0.02095	0.02619	0.02409	0.01886	0.02409	0.01676	0.02514	0.01257	0.00943	0.00943	0.00314	0.01257	0.00838	0.00419	0.01048
16	0.01371	0.00914	0.01029	0.01029	0.01029	0.00914	0.00571	0.01371	0.01371	0.01828	0.02971	0.06171	0.03428	0.66859	0.04800	0.00914	0.00914	0.01371	0.00571	0.00571
17	0.01817	0.01747	0.03051	0.59659	0.06367	0.02119	0.07090	0.02459	0.01913	0.02459	0.01695	0.02517	0.01271	0.00931	0.00957	0.00315	0.01284	0.00860	0.00424	0.01066
18	0.02278	0.02135	0.02616	0.08827	0.02845	0.07283	0.01889	0.02418	0.01791	0.02511	0.02004	0.03211	0.01947	0.10218	0.10178	0.00633	0.34544	0.00990	0.00564	0.01118
19	0.73520	0.01824	0.01386	0.01240	0.01824	0.02115	0.01021	0.02772	0.01605	0.04231	0.01313	0.01532	0.01021	0.00875	0.00584	0.00292	0.00729	0.00511	0.00584	0.01021
20	0.02046	0.01935	0.03316	0.44552	0.12583	0.02215	0.09957	0.06824	0.02159	0.02845	0.01764	0.02477	0.01336	0.00925	0.00965	0.00308	0.01268	0.00876	0.00473	0.01174
21	0.01955	0.01676	0.01955	0.01397	0.02235	0.01257	0.01117	0.02374	0.01955	0.03073	0.01676	0.01955	0.01397	0.00698	0.00698	0.00140	0.00698	0.00559	0.00559	0.72624
22	0.02209	0.02472	0.05278	0.07485	0.09338	0.02358	0.50282	0.02977	0.02201	0.02991	0.01885	0.02526	0.01426	0.00807	0.01090	0.00315	0.01535	0.01077	0.00473	0.01276
23	0.03585	0.02641	0.02830	0.02170	0.02924	0.02924	0.01792	0.57832	0.04434	0.05943	0.02264	0.02264	0.01604	0.01132	0.00943	0.00283	0.01038	0.00849	0.00943	0.01604
24	0.01781	0.01676	0.02828	0.64592	0.06495	0.02095	0.02619	0.02409	0.01886	0.02409	0.01676	0.02514	0.01257	0.00943	0.00943	0.00314	0.01257	0.00838	0.00419	0.01048
25	0.06668	0.08452	0.49571	0.02448	0.03659	0.02200	0.03047	0.02882	0.01974	0.03007	0.01897	0.02596	0.01510	0.01021	0.00888	0.00302	0.01284	0.04831	0.00447	0.01316
26	0.02017	0.04703	0.58773	0.02634	0.03992	0.02147	0.03372	0.03073	0.02029	0.06126	0.01801	0.02056	0.01256	0.00910	0.00899	0.00298	0.01362	0.00710	0.00439	0.01405
27	0.01781	0.01676	0.02828	0.64592	0.06495	0.02095	0.02619	0.02409	0.01886	0.02409	0.01676	0.02514	0.01257	0.00943	0.00943	0.00314	0.01257	0.00838	0.00419	0.01048
28	0.02162	0.02370	0.04889	0.12659	0.09580	0.02359	0.42281	0.02883	0.02129	0.02898	0.01828	0.02496	0.01401	0.00866	0.01182	0.00319	0.04953	0.01036	0.00464	0.01245
29	0.02024	0.02139	0.04148	0.06744	0.07763	0.02226	0.32167	0.02591	0.01992	0.02759	0.02225	0.11492	0.02072	0.01278	0.01486	0.00343	0.13629	0.01247	0.00517	0.01156
30	0.01865	0.01473	0.02120	0.01947	0.02310	0.01498	0.08138	0.09936	0.05325	0.03279	0.07110	0.15673	0.04475	0.05641	0.01379	0.00405	0.00906	0.24667	0.00830	0.01022
31	0.03325	0.01776	0.02061	0.01701	0.02291	0.06166	0.01361	0.06419	0.05691	0.35293	0.03400	0.08482	0.02618	0.01451	0.01101	0.03986	0.00855	0.03963	0.00964	0.07096
32	0.02990	0.02242	0.02425	0.01984	0.02616	0.02490	0.01597	0.31143	0.25342	0.07777	0.06814	0.03111	0.02616	0.01243	0.00961	0.00299	0.00874	0.00994	0.00967	0.01514

[dist]
# distance from previous block
# <min> <max>
1	6

[block]
# block no. 5 follows, 17 sequences, length 10
# corresponding to MSA columns:
# 219-228
name=unknown_F
#
# <colnr> <probs for GDERKNQSTAVLIFYWHMCP>
#	G	D	E	R	K	N	Q	S	T	A	V	L	I	F	Y	W	H	M	C	P
0	0.05457	0.01794	0.03051	0.02434	0.02991	0.01756	0.21492	0.09043	0.02439	0.06123	0.08786	0.16059	0.03671	0.01628	0.01104	0.00338	0.01037	0.08917	0.00755	0.01126
1	0.02260	0.01856	0.02119	0.01541	0.02364	0.01569	0.01244	0.12736	0.02418	0.03609	0.01786	0.02013	0.01435	0.00779	0.00744	0.00166	0.00762	0.00613	0.00631	0.59354
2	0.01371	0.00914	0.01029	0.01029	0.01029	0.00914	0.00571	0.01371	0.01371	0.01828	0.02971	0.06171	0.03428	0.66859	0.04800	0.00914	0.00914	0.01371	0.00571	0.00571
3	0.01638	0.00819	0.01229	0.01229	0.01229	0.00819	0.00819	0.01229	0.01229	0.01638	0.01638	0.02867	0.01638	0.03276	0.03686	0.72563	0.00819	0.00819	0.00410	0.00410
4	0.01649	0.00825	0.01196	0.01196	0.01216	0.00825	0.00804	0.01318	0.01298	0.01812	0.01771	0.02927	0.01710	0.03074	0.03405	0.65862	0.00784	0.00825	0.07050	0.00453
5	0.01803	0.01327	0.01858	0.06712	0.09241	0.01345	0.01544	0.02394	0.07400	0.07262	0.04647	0.18918	0.09735	0.02089	0.01135	0.00364	0.00808	0.19554	0.00820	0.01042
6	0.03271	0.02343	0.02554	0.02036	0.02706	0.02572	0.01653	0.41422	0.13182	0.09594	0.02824	0.06694	0.02170	0.01277	0.00963	0.00296	0.00940	0.01011	0.00959	0.01531
7	0.02936	0.02181	0.02564	0.02058	0.02609	0.02456	0.01686	0.24311	0.11303	0.11116	0.02361	0.02479	0.01769	0.01230	0.01424	0.00304	0.15980	0.00854	0.00804	0.09575
8	0.03243	0.02464	0.02523	0.01973	0.02655	0.05954	0.01609	0.44033	0.03858	0.05236	0.02272	0.02359	0.01664	0.01087	0.00886	0.00263	0.00979	0.00818	0.09395	0.06732
9	0.02683	0.02119	0.02343	0.01775	0.02548	0.02069	0.01440	0.26093	0.08606	0.04372	0.02136	0.02239	0.01629	0.00939	0.00828	0.00218	0.00847	0.00731	0.00761	0.35627

[dist]
# distance from previous block
# <min> <max>
2	4

[block]
# block no. 6 follows, 17 sequences, length 10
# corresponding to MSA columns:
# 233-242
name=unknown_G
#
# <colnr> <probs for GDERKNQSTAVLIFYWHMCP>
#	G	D	E	R	K	N	Q	S	T	A	V	L	I	F	Y	W	H	M	C	P
0	0.02802	0.02099	0.02279	0.01902	0.02457	0.02313	0.01510	0.34365	0.14552	0.04777	0.03161	0.14636	0.02763	0.01503	0.00983	0.00306	0.00862	0.01238	0.04099	0.01392
1	0.03039	0.14607	0.02983	0.01944	0.02609	0.02771	0.01629	0.39455	0.03587	0.04740	0.02499	0.11177	0.02185	0.01329	0.00916	0.00282	0.00963	0.01043	0.00832	0.01411
2	0.02252	0.01836	0.02003	0.01831	0.02288	0.02063	0.01420	0.11648	0.37630	0.03879	0.03932	0.15551	0.03466	0.01645	0.01021	0.00333	0.00757	0.04171	0.00937	0.01338
3	0.15483	0.01827	0.02427	0.06553	0.02864	0.01643	0.09223	0.02544	0.01922	0.03233	0.01640	0.02002	0.01320	0.00764	0.00754	0.00207	0.00873	0.00650	0.00541	0.43529
4	0.02738	0.14362	0.02735	0.01841	0.02468	0.02521	0.01523	0.11923	0.31859	0.10688	0.05275	0.03059	0.02547	0.01181	0.00895	0.00288	0.00832	0.00940	0.00880	0.01445
5	0.02481	0.02356	0.04018	0.08157	0.25471	0.02452	0.18786	0.13218	0.02532	0.03498	0.01859	0.02374	0.01461	0.00950	0.01152	0.00304	0.06073	0.00921	0.00553	0.01385
6	0.03040	0.02230	0.02431	0.01967	0.02639	0.02426	0.01586	0.27965	0.25488	0.10253	0.02973	0.02821	0.02155	0.01160	0.00932	0.00287	0.00876	0.00921	0.00942	0.06908
7	0.02288	0.01771	0.01854	0.01616	0.02093	0.04960	0.01258	0.12492	0.16605	0.08331	0.12556	0.09445	0.14461	0.01632	0.01008	0.00301	0.00742	0.01361	0.00919	0.04307
8	0.02204	0.27242	0.14991	0.14482	0.10207	0.02786	0.10225	0.02811	0.01993	0.02603	0.01585	0.02025	0.01278	0.00851	0.00830	0.00266	0.01221	0.00725	0.00423	0.01253
9	0.02265	0.02681	0.11458	0.06538	0.36482	0.05467	0.10536	0.02981	0.04260	0.03010	0.02103	0.02564	0.03490	0.00920	0.00957	0.00290	0.01223	0.00895	0.00491	0.01389

[dist]
# distance from previous block
# <min> <max>
23	45

[block]
# block no. 7 follows, 17 sequences, length 11
# corresponding to MSA columns:
# 290-300
name=unknown_H
#
# <colnr> <probs for GDERKNQSTAVLIFYWHMCP>
#	G	D	E	R	K	N	Q	S	T	A	V	L	I	F	Y	W	H	M	C	P
0	0.02933	0.02123	0.02315	0.01890	0.02457	0.02314	0.01512	0.41683	0.03693	0.05015	0.02941	0.15747	0.02636	0.01511	0.00976	0.00299	0.00889	0.01235	0.06460	0.01372
1	0.02621	0.41669	0.15627	0.01939	0.02850	0.03262	0.02016	0.14364	0.02457	0.03148	0.01585	0.01763	0.01289	0.00892	0.00733	0.00238	0.01090	0.00614	0.00515	0.01328
2	0.02862	0.15947	0.02990	0.01952	0.02628	0.02860	0.01634	0.25000	0.26045	0.04357	0.02700	0.02613	0.02036	0.01123	0.00879	0.00281	0.00914	0.00865	0.00837	0.01477
3	0.03286	0.02408	0.02587	0.02016	0.02669	0.02653	0.01628	0.50216	0.04021	0.05388	0.02359	0.02791	0.01850	0.09998	0.01464	0.00368	0.01021	0.00919	0.00893	0.01464
4	0.02191	0.02354	0.03534	0.07049	0.03432	0.08556	0.17714	0.02594	0.01834	0.02502	0.01668	0.05267	0.01531	0.01356	0.02075	0.00361	0.33452	0.00975	0.00461	0.01094
5	0.17836	0.04642	0.01677	0.01379	0.01809	0.01745	0.01099	0.12043	0.02415	0.04104	0.02687	0.03319	0.02194	0.01222	0.00794	0.00287	0.00716	0.03572	0.35324	0.01134
6	0.02247	0.40185	0.29780	0.02081	0.03144	0.03060	0.02428	0.02895	0.01949	0.02553	0.01477	0.01721	0.01203	0.00846	0.00732	0.00244	0.01176	0.00588	0.00401	0.01290
7	0.02219	0.01653	0.02343	0.01901	0.02360	0.01652	0.10375	0.10054	0.08517	0.08894	0.02971	0.09663	0.02764	0.20460	0.04708	0.00527	0.01031	0.01234	0.00732	0.05943
8	0.23630	0.24296	0.18537	0.01791	0.02677	0.02589	0.01903	0.03046	0.01929	0.09558	0.01677	0.01831	0.01274	0.00890	0.00713	0.00264	0.01004	0.00606	0.00540	0.01246
9	0.02131	0.35629	0.25264	0.01948	0.02890	0.02785	0.02199	0.02742	0.02045	0.02710	0.09431	0.02433	0.02241	0.00991	0.00780	0.00250	0.01073	0.00737	0.00487	0.01234
10	0.02252	0.01799	0.02363	0.04535	0.02688	0.01708	0.07489	0.05930	0.15753	0.08818	0.03497	0.03507	0.09828	0.01151	0.00908	0.00255	0.00829	0.00996	0.00758	0.24935

[dist]
# distance from previous block
# <min> <max>
0	1

[block]
# block no. 8 follows, 17 sequences, length 16
# corresponding to MSA columns:
# 302-317
name=unknown_I
#
# <colnr> <probs for GDERKNQSTAVLIFYWHMCP>
#	G	D	E	R	K	N	Q	S	T	A	V	L	I	F	Y	W	H	M	C	P
0	0.01970	0.12733	0.54811	0.02553	0.03873	0.02384	0.03249	0.02966	0.01982	0.02890	0.01644	0.01931	0.01197	0.00885	0.00859	0.00286	0.01345	0.00673	0.00399	0.01371
1	0.01135	0.00929	0.01002	0.01041	0.01301	0.00796	0.00759	0.01371	0.02111	0.02593	0.11727	0.20475	0.46540	0.02475	0.01132	0.00330	0.00490	0.02112	0.00885	0.00796
2	0.01149	0.00821	0.01094	0.01313	0.01368	0.00766	0.00875	0.01313	0.01805	0.02407	0.05198	0.66244	0.06237	0.02954	0.01204	0.00383	0.00547	0.02681	0.00875	0.00766
3	0.02158	0.02344	0.04450	0.03350	0.03907	0.02594	0.34442	0.02708	0.01900	0.02708	0.01629	0.02344	0.01350	0.01151	0.01938	0.00357	0.28054	0.00993	0.00450	0.01172
4	0.01149	0.00821	0.01094	0.01313	0.01368	0.00766	0.00875	0.01313	0.01805	0.02407	0.05198	0.66244	0.06237	0.02954	0.01204	0.00383	0.00547	0.02681	0.00875	0.00766
5	0.02226	0.02544	0.05564	0.03975	0.04928	0.02385	0.57552	0.03021	0.02226	0.03021	0.01908	0.02544	0.01431	0.00795	0.01113	0.00318	0.01590	0.01113	0.00477	0.01272
6	0.02015	0.08984	0.46877	0.03081	0.11159	0.02322	0.06735	0.02965	0.02020	0.02944	0.01688	0.02034	0.01248	0.00876	0.00893	0.00290	0.01344	0.00727	0.00412	0.01385
7	0.01998	0.01898	0.03221	0.41506	0.27884	0.02152	0.02727	0.02600	0.01988	0.02673	0.01714	0.02443	0.01350	0.00903	0.00939	0.00301	0.01203	0.00839	0.00438	0.01223
8	0.04082	0.01638	0.02184	0.01697	0.02411	0.01462	0.01394	0.04629	0.07182	0.57058	0.03730	0.03234	0.02377	0.01176	0.00949	0.00294	0.00798	0.00958	0.01151	0.01596
9	0.03386	0.02903	0.02799	0.08682	0.03292	0.14576	0.01884	0.41545	0.03826	0.04868	0.02046	0.02180	0.01492	0.01081	0.00925	0.00278	0.01190	0.00801	0.00800	0.01447
10	0.01940	0.01870	0.03262	0.46687	0.18699	0.02150	0.06853	0.02565	0.01971	0.02608	0.01716	0.02476	0.01324	0.00908	0.00954	0.00307	0.01251	0.00859	0.00434	0.01166
11	0.01149	0.00821	0.01094	0.01313	0.01368	0.00766	0.00875	0.01313	0.01805	0.02407	0.05198	0.66244	0.06237	0.02954	0.01204	0.00383	0.00547	0.02681	0.00875	0.00766
12	0.01149	0.00821	0.01094	0.01313	0.01368	0.00766	0.00875	0.01313	0.01805	0.02407	0.05198	0.66244	0.06237	0.02954	0.01204	0.00383	0.00547	0.02681	0.00875	0.00766
13	0.01671	0.01629	0.02915	0.02398	0.02763	0.01686	0.20287	0.02061	0.01904	0.02599	0.03629	0.30364	0.06690	0.01964	0.01497	0.00363	0.12147	0.01789	0.00660	0.00985
14	0.01916	0.01866	0.03315	0.48554	0.14104	0.02152	0.09557	0.02556	0.01966	0.02582	0.01719	0.02492	0.01313	0.00910	0.00963	0.00310	0.01279	0.00873	0.00433	0.01140
15	0.28383	0.07226	0.05806	0.01826	0.02560	0.02653	0.01599	0.31044	0.03101	0.04892	0.01822	0.01932	0.01344	0.01003	0.00787	0.00281	0.00946	0.00694	0.00745	0.01355

[dist]
# distance from previous block
# <min> <max>
0	10

[block]
# block no. 9 follows, 17 sequences, length 10
# corresponding to MSA columns:
# 329-338
name=unknown_J
#
# <colnr> <probs for GDERKNQSTAVLIFYWHMCP>
#	G	D	E	R	K	N	Q	S	T	A	V	L	I	F	Y	W	H	M	C	P
0	0.01233	0.00946	0.01142	0.01147	0.01362	0.00880	0.00838	0.01518	0.02118	0.02790	0.22446	0.14524	0.26970	0.07591	0.09714	0.00524	0.00783	0.01815	0.00851	0.00810
1	0.01889	0.02060	0.09996	0.01624	0.02427	0.01435	0.01469	0.02366	0.01919	0.02963	0.01934	0.07082	0.01746	0.00958	0.00900	0.00196	0.04411	0.00761	0.00554	0.53309
2	0.01437	0.09884	0.01676	0.01184	0.01510	0.01247	0.00942	0.01810	0.02435	0.03255	0.39473	0.06823	0.21127	0.01895	0.01045	0.00289	0.00529	0.01617	0.00911	0.00909
3	0.03290	0.02519	0.02787	0.02192	0.02830	0.02877	0.01807	0.46503	0.08051	0.05304	0.02242	0.02329	0.01648	0.01212	0.01233	0.00303	0.09620	0.00862	0.00873	0.01519
4	0.03585	0.02641	0.02830	0.02170	0.02924	0.02924	0.01792	0.57832	0.04434	0.05943	0.02264	0.02264	0.01604	0.01132	0.00943	0.00283	0.01038	0.00849	0.00943	0.01604
5	0.01991	0.14731	0.52989	0.02519	0.03820	0.02433	0.03189	0.02961	0.01979	0.02865	0.01632	0.01916	0.01197	0.00882	0.00850	0.00283	0.01333	0.00666	0.00399	0.01365
6	0.73520	0.01824	0.01386	0.01240	0.01824	0.02115	0.01021	0.02772	0.01605	0.04231	0.01313	0.01532	0.01021	0.00875	0.00584	0.00292	0.00729	0.00511	0.00584	0.01021
7	0.01164	0.00832	0.01108	0.01303	0.01371	0.00776	0.00877	0.01351	0.01875	0.02518	0.09647	0.61478	0.06451	0.02872	0.01196	0.00376	0.00539	0.02602	0.00888	0.00776
8	0.58789	0.07094	0.01854	0.04907	0.02214	0.02301	0.01214	0.06723	0.01849	0.04092	0.01402	0.01638	0.01092	0.00892	0.00631	0.00285	0.00804	0.00553	0.00586	0.01080
9	0.02116	0.01291	0.01427	0.06583	0.01917	0.01382	0.01048	0.13076	0.02449	0.03895	0.02798	0.03186	0.02159	0.01092	0.00739	0.00240	0.00626	0.00870	0.52071	0.01035

[dist]
# distance from previous block
# <min> <max>
0	1

[block]
# block no. 10 follows, 17 sequences, length 24
# corresponding to MSA columns:
# 340-363
name=unknown_K
#
# <colnr> <probs for GDERKNQSTAVLIFYWHMCP>
#	G	D	E	R	K	N	Q	S	T	A	V	L	I	F	Y	W	H	M	C	P
0	0.02561	0.58028	0.04714	0.02034	0.07701	0.06946	0.01740	0.02883	0.01979	0.02301	0.01361	0.01597	0.01236	0.00819	0.00648	0.00211	0.01058	0.00540	0.00414	0.01229
1	0.01324	0.00922	0.01015	0.01015	0.01074	0.00892	0.00598	0.01368	0.01515	0.01961	0.04188	0.06708	0.13997	0.54940	0.04118	0.00804	0.00834	0.01486	0.00628	0.00613
2	0.03585	0.02641	0.02830	0.02170	0.02924	0.02924	0.01792	0.57832	0.04434	0.05943	0.02264	0.02264	0.01604	0.01132	0.00943	0.00283	0.01038	0.00849	0.00943	0.01604
3	0.03120	0.02293	0.02513	0.01985	0.02612	0.02528	0.01612	0.46133	0.03892	0.05243	0.06032	0.02916	0.02238	0.05425	0.06638	0.00428	0.01124	0.00947	0.00890	0.01433
4	0.02172	0.01669	0.01978	0.01423	0.02251	0.01269	0.01143	0.02586	0.02026	0.08645	0.01871	0.02075	0.01486	0.00743	0.00722	0.00154	0.00708	0.00596	0.00617	0.65865
5	0.01923	0.01084	0.01389	0.01241	0.01572	0.00979	0.00956	0.02334	0.02577	0.15158	0.40383	0.06194	0.11648	0.01754	0.01046	0.00292	0.00518	0.01518	0.06410	0.01023
6	0.03446	0.02573	0.02752	0.02142	0.02872	0.02860	0.01759	0.51940	0.10551	0.05720	0.02440	0.02404	0.01746	0.01148	0.00945	0.00287	0.01005	0.00873	0.00945	0.01591
7	0.01781	0.01169	0.01385	0.01259	0.01620	0.01089	0.00968	0.02391	0.08754	0.11550	0.29072	0.06797	0.24701	0.01904	0.01073	0.00306	0.00540	0.01624	0.00993	0.01026
8	0.02382	0.53556	0.17588	0.01852	0.02789	0.03390	0.02028	0.02860	0.01933	0.02389	0.01396	0.01619	0.01207	0.00827	0.00670	0.00223	0.01094	0.00547	0.00402	0.01251
9	0.01891	0.04878	0.61973	0.02688	0.04081	0.02190	0.03484	0.02986	0.01991	0.02986	0.01692	0.01991	0.01195	0.00896	0.00896	0.00299	0.01394	0.00697	0.00398	0.01394
10	0.01955	0.01676	0.01955	0.01397	0.02235	0.01257	0.01117	0.02374	0.01955	0.03073	0.01676	0.01955	0.01397	0.00698	0.00698	0.00140	0.00698	0.00559	0.00559	0.72624
11	0.01326	0.00986	0.01246	0.01178	0.01429	0.00888	0.00879	0.01727	0.02520	0.03517	0.48274	0.10918	0.14341	0.01991	0.01099	0.00298	0.00467	0.01749	0.00987	0.04180
12	0.01829	0.01726	0.02916	0.59423	0.11284	0.02108	0.02643	0.02452	0.01909	0.02468	0.01685	0.02498	0.01278	0.00934	0.00942	0.00311	0.01245	0.00838	0.00423	0.01087
13	0.01941	0.01910	0.03449	0.45330	0.14420	0.02167	0.12101	0.02587	0.01983	0.02615	0.01731	0.02492	0.01323	0.00902	0.00971	0.00310	0.01294	0.00886	0.00436	0.01153
14	0.01955	0.01676	0.01955	0.01397	0.02235	0.01257	0.01117	0.02374	0.01955	0.03073	0.01676	0.01955	0.01397	0.00698	0.00698	0.00140	0.00698	0.00559	0.00559	0.72624
15	0.01639	0.01155	0.01577	0.01495	0.01781	0.01092	0.04563	0.02138	0.07251	0.08436	0.13224	0.32899	0.14499	0.02260	0.01124	0.00342	0.00630	0.02021	0.00908	0.00966
16	0.01284	0.01014	0.01183	0.01124	0.01427	0.00873	0.00838	0.01612	0.02298	0.03064	0.28189	0.13423	0.29302	0.02106	0.01083	0.00299	0.00493	0.01813	0.00909	0.07665
17	0.02768	0.01902	0.02207	0.01654	0.02436	0.01721	0.01342	0.15535	0.05890	0.14600	0.02310	0.02346	0.01701	0.00916	0.00815	0.00211	0.00797	0.00725	0.00781	0.39344
18	0.12983	0.02364	0.02444	0.01974	0.02646	0.02658	0.01605	0.36135	0.18615	0.05174	0.02550	0.02496	0.01862	0.01135	0.00898	0.00294	0.00917	0.00860	0.00898	0.01493
19	0.01378	0.01034	0.01270	0.01366	0.01511	0.01040	0.00946	0.01951	0.10797	0.02765	0.11670	0.43744	0.05795	0.08299	0.01477	0.00410	0.00598	0.02191	0.00881	0.00877
20	0.01479	0.01149	0.01320	0.01318	0.01609	0.01112	0.01037	0.04603	0.06569	0.02969	0.12981	0.08223	0.28403	0.07911	0.01465	0.00396	0.00658	0.15024	0.00876	0.00898
21	0.05592	0.24794	0.03674	0.03154	0.23652	0.02646	0.02017	0.05966	0.04796	0.03014	0.01951	0.02664	0.01734	0.00991	0.00818	0.00258	0.00995	0.04759	0.00536	0.05988
22	0.02720	0.02232	0.02274	0.01859	0.02466	0.07432	0.01468	0.28115	0.06304	0.04259	0.02699	0.14047	0.02453	0.01372	0.00933	0.00270	0.00918	0.01118	0.00811	0.16250
23	0.02705	0.02237	0.02192	0.01914	0.02487	0.09249	0.01493	0.04643	0.41615	0.11237	0.03407	0.03166	0.02519	0.01192	0.00929	0.00296	0.00862	0.00965	0.00906	0.05988

[dist]
# distance from previous block
# <min> <max>
0	19

[block]
# block no. 11 follows, 17 sequences, length 34
# corresponding to MSA columns:
# 383-416
name=unknown_L
#
# <colnr> <probs for GDERKNQSTAVLIFYWHMCP>
#	G	D	E	R	K	N	Q	S	T	A	V	L	I	F	Y	W	H	M	C	P
0	0.07961	0.02121	0.02329	0.01859	0.02508	0.02256	0.01506	0.32912	0.06388	0.09012	0.02553	0.07067	0.02049	0.01603	0.05050	0.00359	0.01007	0.00955	0.00857	0.09648
1	0.02053	0.01119	0.01470	0.01306	0.01654	0.01004	0.01006	0.02448	0.02595	0.18461	0.39586	0.09634	0.10223	0.01821	0.01076	0.00302	0.00545	0.01586	0.01052	0.01060
2	0.01666	0.01425	0.01561	0.01634	0.05130	0.05035	0.01146	0.05741	0.06631	0.03158	0.18137	0.17299	0.21246	0.02053	0.01089	0.00321	0.00672	0.04201	0.00874	0.00980
3	0.19796	0.06743	0.05659	0.05447	0.02578	0.01874	0.01426	0.06400	0.02085	0.07788	0.01752	0.01970	0.01354	0.00840	0.00725	0.00222	0.00834	0.00617	0.00606	0.31283
4	0.02719	0.02161	0.02320	0.06512	0.02782	0.06345	0.01555	0.23026	0.09773	0.07195	0.02668	0.10084	0.02259	0.01260	0.00922	0.00271	0.00927	0.01026	0.00802	0.15392
5	0.01868	0.01870	0.08958	0.06069	0.02650	0.01577	0.05634	0.12067	0.02369	0.03225	0.03554	0.31345	0.03784	0.01934	0.01070	0.00333	0.00884	0.04489	0.00753	0.05568
6	0.21388	0.05855	0.04790	0.05029	0.02394	0.01764	0.01417	0.03272	0.05230	0.21983	0.10569	0.03602	0.02937	0.01248	0.00875	0.00299	0.00801	0.04472	0.00841	0.01234
7	0.02684	0.02108	0.02346	0.01742	0.02543	0.02002	0.01419	0.27165	0.03063	0.04356	0.01939	0.02093	0.01489	0.00892	0.00808	0.00204	0.00850	0.00688	0.00731	0.40877
8	0.10317	0.01744	0.02259	0.13844	0.03128	0.01741	0.05600	0.06330	0.06113	0.03383	0.02023	0.02390	0.01578	0.00895	0.00793	0.00237	0.00869	0.00745	0.09797	0.26214
9	0.02065	0.01759	0.01916	0.01661	0.02208	0.01846	0.01293	0.03842	0.36937	0.03650	0.10309	0.03969	0.07113	0.01307	0.00933	0.00279	0.00684	0.01095	0.00879	0.16254
10	0.01732	0.01468	0.02344	0.48289	0.05130	0.01775	0.02132	0.02293	0.01897	0.02615	0.02184	0.07174	0.01823	0.01113	0.00908	0.00301	0.01055	0.00975	0.13795	0.00996
11	0.01956	0.01702	0.02112	0.11824	0.02951	0.01476	0.01392	0.02576	0.06200	0.03029	0.01837	0.02163	0.01484	0.00782	0.00758	0.00182	0.00794	0.00642	0.00566	0.55575
12	0.01891	0.04878	0.61973	0.02688	0.04081	0.02190	0.03484	0.02986	0.01991	0.02986	0.01692	0.01991	0.01195	0.00896	0.00896	0.00299	0.01394	0.00697	0.00398	0.01394
13	0.02290	0.42269	0.24298	0.02122	0.03136	0.03127	0.05671	0.02891	0.01960	0.02528	0.01477	0.01738	0.01218	0.00836	0.00735	0.00242	0.01175	0.00607	0.00406	0.01276
14	0.02521	0.67426	0.04942	0.01614	0.02420	0.03731	0.01614	0.02824	0.01916	0.02219	0.01311	0.01513	0.01210	0.00807	0.00605	0.00202	0.01008	0.00504	0.00403	0.01210
15	0.01115	0.00955	0.00955	0.00955	0.01274	0.00796	0.00716	0.01353	0.02149	0.02547	0.09553	0.09075	0.60594	0.02388	0.01115	0.00318	0.00478	0.01990	0.00876	0.00796
16	0.01149	0.00821	0.01094	0.01313	0.01368	0.00766	0.00875	0.01313	0.01805	0.02407	0.05198	0.66244	0.06237	0.02954	0.01204	0.00383	0.00547	0.02681	0.00875	0.00766
17	0.01371	0.00914	0.01029	0.01029	0.01029	0.00914	0.00571	0.01371	0.01371	0.01828	0.02971	0.06171	0.03428	0.66859	0.04800	0.00914	0.00914	0.01371	0.00571	0.00571
18	0.02226	0.02544	0.05564	0.03975	0.04928	0.02385	0.57552	0.03021	0.02226	0.03021	0.01908	0.02544	0.01431	0.00795	0.01113	0.00318	0.01590	0.01113	0.00477	0.01272
19	0.01638	0.00819	0.01229	0.01229	0.01229	0.00819	0.00819	0.01229	0.01229	0.01638	0.01638	0.02867	0.01638	0.03276	0.03686	0.72563	0.00819	0.00819	0.00410	0.00410
20	0.01781	0.01676	0.02828	0.64592	0.06495	0.02095	0.02619	0.02409	0.01886	0.02409	0.01676	0.02514	0.01257	0.00943	0.00943	0.00314	0.01257	0.00838	0.00419	0.01048
21	0.01149	0.00821	0.01094	0.01313	0.01368	0.00766	0.00875	0.01313	0.01805	0.02407	0.05198	0.66244	0.06237	0.02954	0.01204	0.00383	0.00547	0.02681	0.00875	0.00766
22	0.01781	0.01676	0.02828	0.64592	0.06495	0.02095	0.02619	0.02409	0.01886	0.02409	0.01676	0.02514	0.01257	0.00943	0.00943	0.00314	0.01257	0.00838	0.00419	0.01048
23	0.01781	0.01676	0.02828	0.64592	0.06495	0.02095	0.02619	0.02409	0.01886	0.02409	0.01676	0.02514	0.01257	0.00943	0.00943	0.00314	0.01257	0.00838	0.00419	0.01048
24	0.02334	0.02241	0.03828	0.05788	0.60977	0.02241	0.02894	0.02894	0.02147	0.03081	0.01774	0.02334	0.01494	0.00840	0.00934	0.00280	0.01120	0.00840	0.00467	0.01494
25	0.01451	0.01064	0.01425	0.01605	0.01839	0.01037	0.01385	0.01853	0.02167	0.02776	0.05760	0.10375	0.14703	0.02569	0.01271	0.00415	0.00803	0.45779	0.00870	0.00856
26	0.01891	0.04878	0.61973	0.02688	0.04081	0.02190	0.03484	0.02986	0.01991	0.02986	0.01692	0.01991	0.01195	0.00896	0.00896	0.00299	0.01394	0.00697	0.00398	0.01394
27	0.02147	0.02418	0.05239	0.03781	0.04669	0.02267	0.53427	0.02896	0.02195	0.02976	0.02147	0.07180	0.01781	0.00952	0.01119	0.00323	0.01514	0.01227	0.00506	0.01235
28	0.04231	0.01605	0.02188	0.01678	0.02407	0.01386	0.01386	0.04596	0.02699	0.61630	0.03720	0.03210	0.02334	0.01167	0.00948	0.00292	0.00802	0.00948	0.01167	0.01605
29	0.02006	0.01797	0.02829	0.56791	0.06049	0.02199	0.02516	0.09336	0.02204	0.02851	0.01750	0.02483	0.01300	0.00966	0.00943	0.00310	0.01230	0.00839	0.00485	0.01117
30	0.05915	0.07736	0.21996	0.03402	0.08068	0.02397	0.30891	0.02975	0.02096	0.03022	0.01761	0.02239	0.01328	0.00833	0.00973	0.00300	0.01414	0.00896	0.00453	0.01305
31	0.01615	0.00968	0.01478	0.11867	0.02112	0.01035	0.01112	0.01440	0.01385	0.01829	0.01954	0.07212	0.01977	0.06287	0.03119	0.51755	0.00880	0.00976	0.00451	0.00549
32	0.02676	0.01941	0.02192	0.01662	0.02385	0.01846	0.01348	0.23303	0.02984	0.08332	0.05821	0.02573	0.02073	0.00995	0.00832	0.00219	0.00802	0.00786	0.05088	0.32142
33	0.01921	0.02175	0.07700	0.02866	0.03565	0.01915	0.30433	0.02522	0.02082	0.02915	0.06274	0.13467	0.02706	0.01295	0.01216	0.00314	0.05947	0.01309	0.00580	0.08797

[dist]
# distance from previous block
# <min> <max>
29	68

[block]
# block no. 12 follows, 17 sequences, length 9
# corresponding to MSA columns:
# 489-497
name=unknown_M
#
# <colnr> <probs for GDERKNQSTAVLIFYWHMCP>
#	G	D	E	R	K	N	Q	S	T	A	V	L	I	F	Y	W	H	M	C	P
0	0.01927	0.01630	0.01938	0.01520	0.02137	0.01470	0.01207	0.02484	0.06479	0.03033	0.02153	0.06865	0.01920	0.01047	0.01030	0.00209	0.08113	0.00807	0.05673	0.48357
1	0.02545	0.01750	0.02113	0.06683	0.02599	0.01725	0.01411	0.13351	0.10042	0.13342	0.14014	0.03468	0.03249	0.01193	0.00920	0.00259	0.00780	0.00991	0.00865	0.18700
2	0.02131	0.01473	0.01784	0.01461	0.02028	0.01261	0.01129	0.07096	0.02282	0.10730	0.07610	0.19035	0.03378	0.01473	0.00914	0.00246	0.00682	0.01270	0.00790	0.33227
3	0.02279	0.02181	0.13826	0.01874	0.02471	0.01653	0.04586	0.10311	0.05662	0.12094	0.07659	0.12836	0.03279	0.13007	0.01677	0.00418	0.00944	0.01288	0.00778	0.01177
