[name]
unknown

[dist]
# distance from previous block
# <min> <max>
0	124

[block]
# block no. 0 follows, 24 sequences, length 67
# corresponding to MSA columns:
# 125-191
name=unknown_A
#
# <colnr> <probs for GDERKNQSTAVLIFYWHMCP>
#	G	D	E	R	K	N	Q	S	T	A	V	L	I	F	Y	W	H	M	C	P
0	0.01739	0.10099	0.38900	0.02544	0.05866	0.02048	0.18689	0.02467	0.01698	0.02423	0.01419	0.01771	0.01069	0.00759	0.00886	0.00252	0.05228	0.00672	0.00355	0.01116
1	0.73670	0.01523	0.01202	0.01063	0.01560	0.01745	0.00876	0.02415	0.01400	0.07073	0.01215	0.01365	0.00919	0.00750	0.00508	0.00245	0.00617	0.00450	0.00518	0.00886
2	0.00966	0.00690	0.00920	0.01104	0.01150	0.00644	0.00736	0.01104	0.01518	0.02024	0.04371	0.71614	0.05245	0.02484	0.01012	0.00322	0.00460	0.02254	0.00736	0.00644
3	0.01646	0.11313	0.61300	0.02165	0.03285	0.01978	0.02764	0.02497	0.01668	0.02443	0.01389	0.01632	0.01006	0.00745	0.00728	0.00243	0.01138	0.00569	0.00335	0.01156
4	0.12602	0.01493	0.01507	0.04604	0.01812	0.07391	0.01075	0.11867	0.01968	0.08282	0.02103	0.05755	0.01724	0.01485	0.07447	0.00334	0.04561	0.00759	0.22308	0.00922
5	0.01478	0.00739	0.00739	0.00739	0.00924	0.00739	0.00554	0.01848	0.01663	0.02956	0.02587	0.02956	0.02033	0.00924	0.00554	0.00185	0.00370	0.00739	0.76534	0.00739
6	0.01663	0.01426	0.01653	0.01200	0.01890	0.01110	0.00958	0.02125	0.05341	0.02626	0.01514	0.01720	0.01246	0.00615	0.00600	0.00126	0.00590	0.00494	0.00489	0.72613
7	0.01109	0.00796	0.01036	0.01168	0.01265	0.00768	0.00826	0.04497	0.01698	0.02269	0.07353	0.59063	0.05092	0.02334	0.01004	0.00318	0.00502	0.07462	0.00745	0.00694
8	0.00966	0.00690	0.00920	0.01104	0.01150	0.00644	0.00736	0.01104	0.01518	0.02024	0.04371	0.71614	0.05245	0.02484	0.01012	0.00322	0.00460	0.02254	0.00736	0.00644
9	0.01740	0.01959	0.07194	0.23561	0.11459	0.01874	0.33599	0.02331	0.01745	0.02358	0.01517	0.02094	0.01159	0.00771	0.00924	0.02320	0.01182	0.00815	0.00380	0.01020
10	0.01619	0.07730	0.64641	0.02212	0.03358	0.01910	0.02847	0.02504	0.01671	0.02477	0.01406	0.01653	0.01005	0.00749	0.00740	0.00247	0.01155	0.00577	0.00335	0.01164
11	0.00973	0.00693	0.00918	0.01095	0.01139	0.00649	0.00726	0.01106	0.01504	0.02005	0.04298	0.69046	0.05153	0.05176	0.01129	0.00339	0.00472	0.02212	0.00726	0.00638
12	0.01377	0.00689	0.01033	0.01033	0.01033	0.00689	0.00689	0.01033	0.01033	0.01377	0.01377	0.02410	0.01377	0.02755	0.03099	0.76928	0.00689	0.00689	0.00344	0.00344
13	0.01074	0.00809	0.00994	0.00947	0.01155	0.00728	0.00710	0.01404	0.02131	0.02911	0.51557	0.06366	0.22860	0.01721	0.00936	0.00254	0.00381	0.01496	0.00838	0.00728
14	0.01715	0.00942	0.01250	0.01098	0.01389	0.00850	0.00850	0.02073	0.02251	0.18883	0.51286	0.05139	0.06140	0.01466	0.00902	0.00248	0.00447	0.01279	0.00899	0.00894
15	0.01732	0.03111	0.36033	0.02807	0.03792	0.01924	0.33925	0.02526	0.01774	0.02526	0.01515	0.01909	0.01105	0.00710	0.00846	0.00259	0.01255	0.00763	0.00368	0.01120
16	0.01478	0.00739	0.00739	0.00739	0.00924	0.00739	0.00554	0.01848	0.01663	0.02956	0.02587	0.02956	0.02033	0.00924	0.00554	0.00185	0.00370	0.00739	0.76534	0.00739
17	0.01860	0.05336	0.03219	0.14649	0.14994	0.05975	0.18141	0.02283	0.01635	0.02216	0.01346	0.01907	0.01122	0.00908	0.01319	0.00275	0.20703	0.00737	0.00373	0.01003
18	0.00973	0.00702	0.00921	0.01083	0.01148	0.00651	0.00730	0.01127	0.01572	0.02092	0.07867	0.64781	0.08593	0.02414	0.01004	0.00315	0.00452	0.02180	0.00743	0.00651
19	0.02031	0.02041	0.05482	0.04521	0.09219	0.08493	0.01530	0.03754	0.47065	0.03016	0.02687	0.02605	0.02037	0.00984	0.00792	0.00258	0.00784	0.00815	0.00683	0.01205
20	0.10342	0.11569	0.45435	0.04185	0.05886	0.01991	0.02399	0.02524	0.04161	0.02575	0.01423	0.01660	0.01058	0.00754	0.00700	0.00241	0.01035	0.00570	0.00375	0.01116
21	0.00947	0.00804	0.00817	0.00814	0.01077	0.00674	0.00610	0.01157	0.01831	0.02198	0.11167	0.07540	0.63695	0.01988	0.00937	0.00267	0.00400	0.01661	0.00744	0.00674
22	0.05612	0.01929	0.02052	0.01616	0.02170	0.02121	0.01323	0.48118	0.06582	0.06549	0.02079	0.02111	0.01504	0.00947	0.00749	0.00233	0.00772	0.00719	0.11577	0.01238
23	0.74853	0.01526	0.01192	0.01057	0.01553	0.01755	0.00871	0.02391	0.01385	0.06049	0.01183	0.01343	0.00902	0.00746	0.00503	0.00245	0.00616	0.00444	0.00510	0.00878
24	0.00975	0.00697	0.00928	0.01098	0.01152	0.00650	0.00737	0.01127	0.01560	0.02091	0.07968	0.67826	0.05374	0.02435	0.01008	0.00318	0.00455	0.02207	0.00744	0.00650
25	0.01835	0.06144	0.10985	0.02929	0.03642	0.02114	0.44937	0.02433	0.01737	0.02405	0.01473	0.01982	0.01148	0.00787	0.01145	0.00272	0.11769	0.00834	0.00383	0.01047
26	0.02691	0.02989	0.02364	0.02397	0.12566	0.41745	0.01635	0.08515	0.04958	0.04909	0.01484	0.01691	0.01189	0.00847	0.00819	0.00220	0.04280	0.00594	0.00479	0.03626
27	0.01568	0.00826	0.00835	0.00802	0.01013	0.00839	0.00610	0.05504	0.01783	0.03075	0.02547	0.02895	0.01993	0.00926	0.00568	0.00188	0.00399	0.00738	0.72117	0.00775
28	0.01318	0.01215	0.01725	0.01522	0.01778	0.04454	0.10652	0.01600	0.01747	0.02323	0.14268	0.30290	0.11589	0.01751	0.01068	0.00282	0.06068	0.01558	0.00649	0.04144
29	0.01876	0.05203	0.04326	0.03247	0.08620	0.02088	0.50719	0.02463	0.01791	0.02452	0.01518	0.02048	0.01183	0.00742	0.01068	0.00268	0.08061	0.00872	0.00392	0.01062
30	0.00966	0.00690	0.00920	0.01104	0.01150	0.00644	0.00736	0.01104	0.01518	0.02024	0.04371	0.71614	0.05245	0.02484	0.01012	0.00322	0.00460	0.02254	0.00736	0.00644
31	0.01765	0.02607	0.24300	0.03390	0.24905	0.01841	0.20542	0.02420	0.01768	0.02521	0.01653	0.05573	0.01369	0.00804	0.00831	0.00254	0.01106	0.00816	0.00395	0.01143
32	0.01939	0.01860	0.03177	0.08143	0.64091	0.01878	0.02422	0.02413	0.01795	0.02562	0.01487	0.01970	0.01246	0.00711	0.00785	0.00237	0.00948	0.00706	0.00391	0.01237
33	0.00965	0.00696	0.00915	0.01090	0.01146	0.00645	0.00730	0.01106	0.01532	0.02030	0.04547	0.68537	0.08208	0.02461	0.01009	0.00319	0.00457	0.02226	0.00736	0.00645
34	0.01137	0.00834	0.01197	0.01197	0.01312	0.00949	0.00895	0.01367	0.01252	0.01784	0.02195	0.03506	0.02152	0.18412	0.56756	0.01179	0.01869	0.00907	0.00435	0.00665
35	0.00965	0.00696	0.00915	0.01090	0.01146	0.00645	0.00730	0.01106	0.01532	0.02030	0.04547	0.68537	0.08208	0.02461	0.01009	0.00319	0.00457	0.02226	0.00736	0.00645
36	0.01134	0.00845	0.01253	0.01253	0.01387	0.00979	0.00964	0.01402	0.01268	0.01825	0.02144	0.03226	0.02030	0.09479	0.65523	0.01247	0.02052	0.00866	0.00428	0.00696
37	0.02162	0.61400	0.08402	0.01484	0.02171	0.09226	0.01482	0.02458	0.01675	0.01917	0.01136	0.01315	0.01017	0.00697	0.00545	0.00179	0.00925	0.00443	0.00345	0.01019
38	0.02962	0.03779	0.02247	0.02043	0.02451	0.68948	0.01532	0.03166	0.02247	0.01941	0.01226	0.01430	0.01021	0.00817	0.00715	0.00204	0.01430	0.00511	0.00409	0.00919
39	0.02008	0.06408	0.05680	0.03082	0.13915	0.10537	0.30641	0.02490	0.01782	0.02332	0.01414	0.01891	0.01146	0.00811	0.01118	0.00261	0.12282	0.00765	0.00386	0.01050
40	0.00937	0.00803	0.00803	0.00803	0.01071	0.00669	0.00602	0.01138	0.01807	0.02142	0.08033	0.07632	0.66863	0.02008	0.00937	0.00268	0.00402	0.01674	0.00736	0.00669
41	0.02286	0.01815	0.02236	0.01766	0.02255	0.04474	0.10349	0.28964	0.07892	0.03726	0.04624	0.02398	0.01789	0.00953	0.00834	0.00236	0.03558	0.00787	0.17957	0.01102
42	0.01664	0.03074	0.40006	0.05179	0.17752	0.01791	0.08636	0.02401	0.01728	0.02517	0.04018	0.02017	0.01369	0.00958	0.03258	0.00287	0.01136	0.00694	0.00379	0.01138
43	0.00948	0.00804	0.00818	0.00815	0.01078	0.00674	0.00611	0.01159	0.01833	0.02202	0.11420	0.07533	0.63439	0.01986	0.00937	0.00267	0.00400	0.01660	0.00744	0.00674
44	0.05054	0.02601	0.16514	0.02973	0.23192	0.11426	0.07636	0.06066	0.08203	0.06187	0.01713	0.01950	0.01306	0.00793	0.00774	0.00241	0.01034	0.00687	0.00480	0.01168
45	0.02889	0.09891	0.02426	0.01970	0.02414	0.59541	0.01515	0.06312	0.02268	0.02094	0.01250	0.01441	0.01038	0.00812	0.00701	0.00203	0.01348	0.00514	0.00423	0.00951
46	0.00975	0.00697	0.00928	0.01098	0.01152	0.00650	0.00737	0.01126	0.01558	0.02088	0.07788	0.68016	0.05367	0.02437	0.01008	0.00318	0.00455	0.02209	0.00744	0.00650
47	0.01679	0.09051	0.53236	0.02426	0.06229	0.01961	0.09576	0.02501	0.01697	0.02468	0.01422	0.01707	0.01039	0.00736	0.00756	0.00246	0.01155	0.00618	0.00345	0.01152
48	0.01285	0.00955	0.01276	0.05016	0.04361	0.00968	0.01019	0.06248	0.01743	0.02324	0.05749	0.36706	0.04193	0.11012	0.01374	0.00372	0.00633	0.13354	0.00676	0.00737
49	0.01303	0.01230	0.02320	0.01937	0.02265	0.01151	0.24404	0.01639	0.01650	0.02216	0.03341	0.45748	0.03740	0.01808	0.00984	0.00302	0.00787	0.01763	0.00611	0.00802
50	0.08499	0.01394	0.08853	0.01222	0.01599	0.01151	0.01073	0.02074	0.11838	0.03053	0.37242	0.04717	0.11442	0.01394	0.00853	0.00254	0.00530	0.01184	0.00751	0.00877
51	0.02750	0.11570	0.02485	0.01967	0.02369	0.55091	0.01531	0.02957	0.02077	0.01929	0.01194	0.01440	0.01023	0.00854	0.00868	0.00214	0.07843	0.00518	0.00395	0.00926
52	0.00973	0.00701	0.00922	0.01085	0.01148	0.00650	0.00731	0.01125	0.01567	0.02087	0.07660	0.65486	0.08088	0.02420	0.01005	0.00316	0.00453	0.02187	0.00743	0.00650
53	0.01728	0.06891	0.36868	0.02391	0.05040	0.01951	0.15687	0.02594	0.07238	0.02537	0.01626	0.01925	0.01220	0.00801	0.00885	0.00254	0.05158	0.00695	0.03395	0.01116
54	0.01196	0.00959	0.01094	0.01031	0.01237	0.04159	0.00773	0.01545	0.02202	0.03016	0.57740	0.05865	0.12964	0.01619	0.00924	0.00249	0.00430	0.01411	0.00836	0.00749
55	0.00966	0.00690	0.00920	0.01104	0.01150	0.00644	0.00736	0.01104	0.01518	0.02024	0.04371	0.71614	0.05245	0.02484	0.01012	0.00322	0.00460	0.02254	0.00736	0.00644
56	0.01377	0.00689	0.01033	0.01033	0.01033	0.00689	0.00689	0.01033	0.01033	0.01377	0.01377	0.02410	0.01377	0.02755	0.03099	0.76928	0.00689	0.00689	0.00344	0.00344
57	0.00965	0.00695	0.00915	0.01092	0.01147	0.00645	0.00731	0.01106	0.01530	0.02029	0.04519	0.69014	0.07748	0.02465	0.01009	0.00320	0.00458	0.02231	0.00736	0.00645
58	0.02964	0.03713	0.02253	0.02034	0.02452	0.66107	0.01531	0.05789	0.02310	0.02071	0.01255	0.01450	0.01035	0.00823	0.00718	0.00206	0.01406	0.00519	0.00425	0.00938
59	0.02811	0.03327	0.02365	0.02297	0.08760	0.52007	0.01627	0.09671	0.02315	0.02333	0.01316	0.01548	0.01081	0.00848	0.00821	0.00218	0.04652	0.00561	0.00446	0.00996
60	0.02962	0.03779	0.02247	0.02043	0.02451	0.68948	0.01532	0.03166	0.02247	0.01941	0.01226	0.01430	0.01021	0.00817	0.00715	0.00204	0.01430	0.00511	0.00409	0.00919
61	0.01516	0.01112	0.01570	0.07250	0.01880	0.01204	0.07132	0.05212	0.01695	0.02593	0.02597	0.08272	0.05418	0.04280	0.06727	0.00346	0.06865	0.00941	0.32587	0.00805
62	0.00937	0.00803	0.00803	0.00803	0.01071	0.00669	0.00602	0.01138	0.01807	0.02142	0.08033	0.07632	0.66863	0.02008	0.00937	0.00268	0.00402	0.01674	0.00736	0.00669
63	0.02516	0.01987	0.02026	0.01684	0.02205	0.05934	0.01346	0.29424	0.30779	0.06683	0.02526	0.02416	0.01855	0.00999	0.00786	0.00248	0.00768	0.00787	0.03773	0.01259
64	0.01743	0.08967	0.12284	0.06579	0.19997	0.01972	0.11354	0.02216	0.01682	0.02369	0.06214	0.05111	0.01761	0.00970	0.01114	0.00262	0.13129	0.00813	0.00420	0.01042
65	0.00993	0.00847	0.00860	0.00858	0.01127	0.00738	0.00642	0.01301	0.05209	0.02201	0.07643	0.09716	0.61177	0.01976	0.00933	0.00270	0.00416	0.01653	0.00740	0.00700
66	0.01786	0.02766	0.25456	0.03107	0.08958	0.01942	0.39106	0.02522	0.01801	0.02535	0.01535	0.01972	0.01142	0.00700	0.00864	0.00259	0.01251	0.00802	0.00379	0.01118

[dist]
# distance from previous block
# <min> <max>
0	9

[block]
# block no. 1 follows, 24 sequences, length 154
# corresponding to MSA columns:
# 201-354
name=unknown_B
#
# <colnr> <probs for GDERKNQSTAVLIFYWHMCP>
#	G	D	E	R	K	N	Q	S	T	A	V	L	I	F	Y	W	H	M	C	P
0	0.01590	0.04102	0.68023	0.02260	0.03432	0.01842	0.02930	0.02511	0.01674	0.02511	0.01423	0.01674	0.01005	0.00753	0.00753	0.00251	0.01172	0.00586	0.00335	0.01172
1	0.00980	0.00700	0.00936	0.01120	0.01172	0.00656	0.00761	0.01128	0.01532	0.02040	0.04363	0.68784	0.05214	0.02471	0.01016	0.00324	0.00472	0.04945	0.00736	0.00648
2	0.02962	0.03779	0.02247	0.02043	0.02451	0.68948	0.01532	0.03166	0.02247	0.01941	0.01226	0.01430	0.01021	0.00817	0.00715	0.00204	0.01430	0.00511	0.00409	0.00919
3	0.00974	0.00696	0.00927	0.01099	0.01152	0.00649	0.00737	0.01123	0.01553	0.02079	0.07331	0.68498	0.05351	0.02443	0.01008	0.00319	0.00456	0.02215	0.00743	0.00649
4	0.03493	0.01454	0.01905	0.01461	0.02077	0.01321	0.01207	0.11151	0.02445	0.60200	0.02981	0.02604	0.01889	0.00978	0.00797	0.00244	0.00699	0.00787	0.00959	0.01349
5	0.05766	0.54804	0.06570	0.01419	0.02068	0.07456	0.01383	0.02466	0.01705	0.05123	0.04055	0.01570	0.01333	0.00749	0.00566	0.00186	0.00864	0.00499	0.00404	0.01014
6	0.02962	0.03779	0.02247	0.02043	0.02451	0.68948	0.01532	0.03166	0.02247	0.01941	0.01226	0.01430	0.01021	0.00817	0.00715	0.00204	0.01430	0.00511	0.00409	0.00919
7	0.04723	0.03793	0.01660	0.04566	0.05087	0.10855	0.01121	0.04706	0.01987	0.17863	0.08498	0.12275	0.10711	0.03955	0.00932	0.00267	0.00726	0.01082	0.04247	0.00947
8	0.00937	0.00803	0.00803	0.00803	0.01071	0.00669	0.00602	0.01138	0.01807	0.02142	0.08033	0.07632	0.66863	0.02008	0.00937	0.00268	0.00402	0.01674	0.00736	0.00669
9	0.01617	0.03835	0.60487	0.02365	0.06203	0.01885	0.02823	0.02465	0.01648	0.02472	0.01399	0.01691	0.01018	0.00796	0.00885	0.00257	0.06060	0.00599	0.00338	0.01154
10	0.01931	0.01782	0.02814	0.10550	0.46375	0.01863	0.02156	0.05271	0.10602	0.02728	0.01865	0.02438	0.01555	0.00846	0.00804	0.00249	0.00897	0.03597	0.00478	0.01198
11	0.00968	0.00794	0.00853	0.00861	0.01096	0.00679	0.00637	0.01189	0.01846	0.02287	0.16510	0.13353	0.52190	0.01995	0.00944	0.00270	0.00403	0.01692	0.00757	0.00679
12	0.73753	0.01668	0.04660	0.01106	0.01633	0.01782	0.00967	0.02340	0.01366	0.03503	0.01121	0.01308	0.00866	0.00737	0.00504	0.00246	0.00643	0.00438	0.00483	0.00875
13	0.01827	0.06837	0.02656	0.07762	0.02533	0.07595	0.08195	0.02102	0.01448	0.02032	0.01252	0.01847	0.01128	0.01268	0.03665	0.00325	0.41968	0.00693	0.03974	0.00894
14	0.05513	0.04966	0.02234	0.01730	0.02274	0.13330	0.01401	0.43808	0.03115	0.04084	0.01880	0.05095	0.01479	0.00982	0.00758	0.00231	0.00912	0.00732	0.04292	0.01185
15	0.00966	0.00690	0.00920	0.01104	0.01150	0.00644	0.00736	0.01104	0.01518	0.02024	0.04371	0.71614	0.05245	0.02484	0.01012	0.00322	0.00460	0.02254	0.00736	0.00644
16	0.02001	0.61260	0.09800	0.01414	0.02104	0.02850	0.01458	0.02325	0.01662	0.02018	0.05759	0.01637	0.01472	0.00752	0.00561	0.00183	0.00844	0.00510	0.00376	0.01013
17	0.01813	0.06459	0.01950	0.01326	0.01963	0.01327	0.03720	0.06992	0.01815	0.05041	0.01694	0.05488	0.01484	0.03401	0.00771	0.00177	0.00664	0.00637	0.00516	0.52764
18	0.02965	0.03709	0.02253	0.02033	0.02452	0.65959	0.01531	0.05925	0.02314	0.02078	0.01256	0.01451	0.01036	0.00823	0.00719	0.00206	0.01405	0.00520	0.00426	0.00939
19	0.01286	0.00940	0.01099	0.01040	0.01291	0.00903	0.00785	0.01853	0.10700	0.05218	0.34100	0.09310	0.21778	0.01641	0.00900	0.00258	0.00431	0.01414	0.04241	0.00812
20	0.05310	0.03053	0.02143	0.01857	0.02320	0.43955	0.01434	0.17777	0.02542	0.05900	0.01549	0.01683	0.01194	0.00860	0.00722	0.00215	0.01177	0.00583	0.04696	0.01031
21	0.00964	0.00700	0.00910	0.01077	0.01143	0.00646	0.00724	0.01107	0.01545	0.02035	0.04704	0.65793	0.10851	0.02441	0.01005	0.00317	0.00455	0.02201	0.00736	0.00646
22	0.01765	0.02786	0.26316	0.02881	0.03754	0.01979	0.38777	0.02486	0.01757	0.02486	0.01502	0.01951	0.01123	0.00748	0.00990	0.00267	0.06167	0.00798	0.00374	0.01091
23	0.02387	0.02769	0.01999	0.01965	0.07082	0.40562	0.01391	0.05098	0.09672	0.02303	0.02797	0.02843	0.13693	0.01070	0.00776	0.00228	0.01083	0.00799	0.00531	0.00953
24	0.00966	0.00690	0.00920	0.01104	0.01150	0.00644	0.00736	0.01104	0.01518	0.02024	0.04371	0.71614	0.05245	0.02484	0.01012	0.00322	0.00460	0.02254	0.00736	0.00644
25	0.02964	0.03721	0.02252	0.02035	0.02452	0.66475	0.01531	0.05449	0.02302	0.02054	0.01251	0.01448	0.01034	0.00822	0.00718	0.00206	0.01409	0.00518	0.00423	0.00935
26	0.00965	0.00694	0.00916	0.01093	0.01147	0.00645	0.00731	0.01105	0.01529	0.02029	0.04503	0.69293	0.07480	0.02467	0.01009	0.00320	0.00458	0.02233	0.00736	0.00645
27	0.03014	0.02221	0.02380	0.01825	0.02459	0.02459	0.01507	0.64541	0.03728	0.04998	0.01904	0.01904	0.01349	0.00952	0.00793	0.00238	0.00873	0.00714	0.00793	0.01349
28	0.77733	0.01534	0.01166	0.01043	0.01534	0.01779	0.00859	0.02331	0.01350	0.03558	0.01104	0.01288	0.00859	0.00736	0.00491	0.00245	0.00613	0.00429	0.00491	0.00859
29	0.02962	0.03779	0.02247	0.02043	0.02451	0.68948	0.01532	0.03166	0.02247	0.01941	0.01226	0.01430	0.01021	0.00817	0.00715	0.00204	0.01430	0.00511	0.00409	0.00919
30	0.01944	0.01920	0.03223	0.10820	0.54372	0.04024	0.07217	0.02427	0.01804	0.02513	0.01484	0.01974	0.01226	0.00715	0.00795	0.00240	0.00999	0.00718	0.00390	0.01195
31	0.00937	0.00803	0.00803	0.00803	0.01071	0.00669	0.00602	0.01138	0.01807	0.02142	0.08033	0.07632	0.66863	0.02008	0.00937	0.00268	0.00402	0.01674	0.00736	0.00669
32	0.02717	0.02026	0.02303	0.08195	0.05660	0.02247	0.01547	0.51448	0.03295	0.04467	0.01887	0.02000	0.01366	0.00924	0.00776	0.00237	0.00857	0.00715	0.06076	0.01258
33	0.03014	0.02221	0.02380	0.01825	0.02459	0.02459	0.01507	0.64541	0.03728	0.04998	0.01904	0.01904	0.01349	0.00952	0.00793	0.00238	0.00873	0.00714	0.00793	0.01349
34	0.01133	0.00766	0.00865	0.00874	0.00890	0.00757	0.00500	0.01150	0.01205	0.01593	0.02872	0.08783	0.06192	0.64999	0.03724	0.00720	0.00734	0.01237	0.00507	0.00498
35	0.02033	0.02018	0.03150	0.04668	0.62623	0.06610	0.02370	0.02485	0.01837	0.02545	0.01473	0.01925	0.01240	0.00714	0.00780	0.00233	0.00976	0.00693	0.00394	0.01232
36	0.01637	0.10061	0.62467	0.02182	0.03311	0.01954	0.02793	0.02499	0.01669	0.02455	0.01395	0.01639	0.01006	0.00747	0.00732	0.00244	0.01144	0.00572	0.00335	0.01159
37	0.00980	0.00701	0.00933	0.01095	0.01153	0.00654	0.00737	0.01140	0.01584	0.02129	0.10024	0.65663	0.05447	0.02406	0.01005	0.00315	0.00452	0.02180	0.00749	0.00654
38	0.02133	0.01692	0.01816	0.01605	0.02072	0.01924	0.01256	0.06193	0.58632	0.08504	0.03176	0.02903	0.02349	0.01064	0.00806	0.00266	0.00639	0.00883	0.00820	0.01266
39	0.01494	0.01336	0.01826	0.01752	0.05007	0.04894	0.05583	0.01707	0.01487	0.02082	0.02369	0.21545	0.02519	0.02050	0.07609	0.05783	0.18667	0.03356	0.04659	0.04274
40	0.00965	0.00694	0.00916	0.01093	0.01147	0.00645	0.00731	0.01105	0.01529	0.02029	0.04503	0.69293	0.07480	0.02467	0.01009	0.00320	0.00458	0.02233	0.00736	0.00645
41	0.03068	0.01353	0.01756	0.01403	0.01948	0.01252	0.01139	0.03688	0.12324	0.51210	0.09373	0.03056	0.02576	0.01059	0.00812	0.00250	0.00638	0.00875	0.00943	0.01276
42	0.01697	0.01461	0.02084	0.29643	0.03295	0.01804	0.01670	0.08063	0.01736	0.02483	0.04516	0.02260	0.01512	0.01021	0.01260	0.00268	0.20128	0.00732	0.10709	0.03657
43	0.00966	0.00690	0.00920	0.01104	0.01150	0.00644	0.00736	0.01104	0.01518	0.02024	0.04371	0.71614	0.05245	0.02484	0.01012	0.00322	0.00460	0.02254	0.00736	0.00644
44	0.01949	0.01626	0.01966	0.01442	0.02128	0.01429	0.04534	0.14887	0.04407	0.03101	0.01587	0.01772	0.01257	0.00684	0.00656	0.00156	0.00688	0.00561	0.00544	0.54625
45	0.02024	0.04942	0.02831	0.21465	0.06252	0.08395	0.15058	0.07483	0.01894	0.05875	0.01594	0.02039	0.01230	0.00862	0.01000	0.00255	0.09261	0.00730	0.05811	0.00998
46	0.00977	0.00698	0.00933	0.01117	0.01168	0.00654	0.00756	0.01124	0.01529	0.02037	0.04364	0.69341	0.05220	0.02474	0.01015	0.00324	0.00470	0.04416	0.00736	0.00647
47	0.01774	0.01638	0.02645	0.40043	0.26705	0.01856	0.02197	0.06031	0.04797	0.02463	0.01553	0.02088	0.01208	0.00785	0.00791	0.00253	0.00986	0.00715	0.00414	0.01058
48	0.01590	0.11646	0.48763	0.01986	0.02919	0.01890	0.02411	0.02313	0.01650	0.02374	0.03585	0.02139	0.04837	0.01103	0.03910	0.00293	0.04468	0.00667	0.00377	0.01079
49	0.00966	0.00690	0.00920	0.01104	0.01150	0.00644	0.00736	0.01104	0.01518	0.02024	0.04371	0.71614	0.05245	0.02484	0.01012	0.00322	0.00460	0.02254	0.00736	0.00644
50	0.22583	0.01647	0.01822	0.01507	0.02048	0.01637	0.01212	0.13856	0.02366	0.31154	0.06081	0.02950	0.02181	0.01148	0.00829	0.00290	0.00752	0.03826	0.00858	0.01252
51	0.00966	0.00690	0.00920	0.01104	0.01150	0.00644	0.00736	0.01104	0.01518	0.02024	0.04371	0.71614	0.05245	0.02484	0.01012	0.00322	0.00460	0.02254	0.00736	0.00644
52	0.02216	0.02319	0.03025	0.03640	0.36462	0.17079	0.10027	0.06949	0.02051	0.02595	0.01616	0.02225	0.01376	0.00822	0.00805	0.00239	0.01087	0.03888	0.00443	0.01135
53	0.02120	0.72609	0.04155	0.01357	0.02035	0.03138	0.01357	0.02374	0.01611	0.01866	0.01102	0.01272	0.01018	0.00678	0.00509	0.00170	0.00848	0.00424	0.00339	0.01018
54	0.01613	0.01376	0.01619	0.01186	0.01815	0.01088	0.00937	0.01934	0.01594	0.02485	0.01472	0.01898	0.01290	0.05659	0.00905	0.00172	0.03207	0.00526	0.00466	0.68757
55	0.01879	0.01815	0.02895	0.02286	0.02854	0.01904	0.26209	0.03353	0.35539	0.02937	0.02660	0.03096	0.02104	0.01001	0.00880	0.00276	0.00916	0.05615	0.00640	0.01141
56	0.02706	0.01992	0.02166	0.01710	0.02266	0.02211	0.01400	0.52412	0.06479	0.04507	0.02023	0.02125	0.01496	0.01455	0.07583	0.00340	0.00962	0.00738	0.04177	0.01253
57	0.13022	0.01579	0.01673	0.04387	0.02056	0.01748	0.01175	0.07692	0.35767	0.08114	0.03111	0.02966	0.07992	0.01065	0.00761	0.00255	0.00642	0.00854	0.00733	0.04409
58	0.01771	0.01410	0.01655	0.01209	0.01881	0.01100	0.00965	0.04418	0.01751	0.06059	0.01629	0.04329	0.01375	0.00693	0.00622	0.00136	0.00598	0.00563	0.00519	0.67317
59	0.02928	0.03651	0.02235	0.02020	0.02438	0.64241	0.01521	0.05308	0.04601	0.02095	0.01322	0.01502	0.01083	0.00831	0.00721	0.00208	0.01382	0.00532	0.00436	0.00946
60	0.01644	0.01409	0.01644	0.01175	0.01879	0.01057	0.00940	0.01997	0.01644	0.02584	0.01409	0.01644	0.01175	0.00587	0.00587	0.00117	0.00587	0.00470	0.00470	0.76979
61	0.01104	0.00796	0.01043	0.01010	0.01181	0.00736	0.00747	0.01450	0.02158	0.03043	0.59357	0.13724	0.07217	0.01724	0.00944	0.00258	0.00384	0.01531	0.00857	0.00736
62	0.01478	0.00739	0.00739	0.00739	0.00924	0.00739	0.00554	0.01848	0.01663	0.02956	0.02587	0.02956	0.02033	0.00924	0.00554	0.00185	0.00370	0.00739	0.76534	0.00739
63	0.01061	0.00818	0.01233	0.01303	0.01418	0.00770	0.05559	0.01258	0.01571	0.02093	0.04148	0.60994	0.04882	0.02323	0.01014	0.00322	0.00549	0.07290	0.00710	0.00683
64	0.00966	0.00690	0.00920	0.01104	0.01150	0.00644	0.00736	0.01104	0.01518	0.02024	0.04371	0.71614	0.05245	0.02484	0.01012	0.00322	0.00460	0.02254	0.00736	0.00644
65	0.01630	0.00888	0.00995	0.00933	0.01145	0.00934	0.00723	0.04253	0.01714	0.06420	0.02471	0.02857	0.01949	0.01421	0.07072	0.00300	0.04070	0.00749	0.58678	0.00799
66	0.02962	0.03779	0.02247	0.02043	0.02451	0.68948	0.01532	0.03166	0.02247	0.01941	0.01226	0.01430	0.01021	0.00817	0.00715	0.00204	0.01430	0.00511	0.00409	0.00919
67	0.01133	0.00850	0.01274	0.01274	0.01416	0.00991	0.00991	0.01416	0.01274	0.01841	0.02124	0.03115	0.01982	0.05947	0.68989	0.01274	0.02124	0.00850	0.00425	0.00708
68	0.03055	0.01422	0.03965	0.01430	0.01983	0.01248	0.01196	0.05780	0.05638	0.50672	0.02910	0.02795	0.01974	0.04502	0.07307	0.00365	0.00836	0.00813	0.00870	0.01241
69	0.01799	0.01542	0.01635	0.01499	0.01909	0.01744	0.01171	0.03670	0.53870	0.03111	0.03911	0.03899	0.10987	0.01259	0.00840	0.00274	0.00604	0.04334	0.00793	0.01150
70	0.01735	0.01735	0.02429	0.02082	0.02082	0.02429	0.01735	0.01908	0.01214	0.01908	0.01041	0.01735	0.01041	0.01388	0.02602	0.00347	0.70680	0.00694	0.00347	0.00867
71	0.01077	0.00803	0.01002	0.00965	0.01160	0.00727	0.00719	0.01405	0.02120	0.02914	0.51861	0.09696	0.19138	0.01743	0.00940	0.00257	0.00384	0.01524	0.00839	0.00727
72	0.00992	0.00709	0.00949	0.01126	0.01186	0.00666	0.00775	0.01153	0.01560	0.02081	0.06101	0.65363	0.05259	0.02440	0.01016	0.00323	0.00477	0.06431	0.00740	0.00653
73	0.01134	0.00844	0.01246	0.01246	0.01377	0.00976	0.00955	0.01398	0.01266	0.01819	0.02150	0.03261	0.02046	0.10611	0.64412	0.01239	0.02029	0.00871	0.00429	0.00692
74	0.01716	0.01707	0.02392	0.02056	0.02061	0.02383	0.01711	0.01893	0.01216	0.01906	0.01076	0.01779	0.01071	0.01534	0.04723	0.00377	0.68490	0.00699	0.00349	0.00862
75	0.01283	0.00873	0.01203	0.01336	0.01508	0.00850	0.01107	0.01603	0.01829	0.04827	0.11308	0.20730	0.04933	0.02139	0.01050	0.00339	0.00634	0.40952	0.00757	0.00738
76	0.01644	0.01409	0.01644	0.01175	0.01879	0.01057	0.00940	0.01997	0.01644	0.02584	0.01409	0.01644	0.01175	0.00587	0.00587	0.00117	0.00587	0.00470	0.00470	0.76979
77	0.41252	0.01723	0.01769	0.05241	0.02109	0.07662	0.07129	0.04391	0.04331	0.02980	0.01537	0.06550	0.01343	0.01012	0.00856	0.03894	0.04164	0.00683	0.00494	0.00880
78	0.00966	0.00690	0.00920	0.01104	0.01150	0.00644	0.00736	0.01104	0.01518	0.02024	0.04371	0.71614	0.05245	0.02484	0.01012	0.00322	0.00460	0.02254	0.00736	0.00644
79	0.01755	0.02043	0.06626	0.03039	0.03766	0.01839	0.54534	0.02371	0.01823	0.02479	0.01922	0.10272	0.01670	0.00885	0.00938	0.00273	0.01228	0.01077	0.00438	0.01023
80	0.01469	0.01344	0.02243	0.48756	0.04334	0.01608	0.06143	0.01915	0.01555	0.02065	0.01765	0.07711	0.01564	0.05978	0.01127	0.00305	0.04445	0.00873	0.03963	0.00840
81	0.00966	0.00690	0.00920	0.01104	0.01150	0.00644	0.00736	0.01104	0.01518	0.02024	0.04371	0.71614	0.05245	0.02484	0.01012	0.00322	0.00460	0.02254	0.00736	0.00644
82	0.02120	0.72609	0.04155	0.01357	0.02035	0.03138	0.01357	0.02374	0.01611	0.01866	0.01102	0.01272	0.01018	0.00678	0.00509	0.00170	0.00848	0.00424	0.00339	0.01018
83	0.02168	0.01917	0.01875	0.01654	0.02112	0.08139	0.01299	0.13414	0.45670	0.03381	0.03030	0.03026	0.04346	0.01104	0.00811	0.00262	0.00736	0.03091	0.00763	0.01200
84	0.01215	0.00941	0.01470	0.01391	0.01546	0.01087	0.03913	0.01463	0.01281	0.01841	0.01990	0.02949	0.01854	0.05238	0.57608	0.06866	0.05394	0.00834	0.00414	0.00705
85	0.02171	0.63840	0.03931	0.01434	0.02071	0.05193	0.01387	0.05291	0.01713	0.02017	0.01141	0.01328	0.01034	0.00728	0.00625	0.00182	0.04075	0.00453	0.00363	0.01023
86	0.01094	0.00808	0.01025	0.00996	0.01187	0.00739	0.00750	0.01430	0.02123	0.02931	0.52070	0.09900	0.15778	0.01750	0.00947	0.00261	0.00399	0.04241	0.00839	0.00730
87	0.02850	0.02106	0.02251	0.01756	0.02353	0.02336	0.01441	0.56206	0.09243	0.04752	0.02055	0.02048	0.01477	0.00962	0.00784	0.00238	0.00827	0.00732	0.04272	0.01312
88	0.02770	0.07172	0.02365	0.01751	0.02295	0.10915	0.01439	0.44662	0.03117	0.04088	0.01772	0.01870	0.01320	0.00934	0.00831	0.00230	0.04216	0.00669	0.06382	0.01202
89	0.01972	0.01836	0.02934	0.10105	0.50870	0.01911	0.02228	0.05521	0.09567	0.02741	0.01712	0.02093	0.01383	0.00770	0.00789	0.00242	0.00911	0.00730	0.00458	0.01227
90	0.01882	0.02106	0.07051	0.02826	0.03480	0.04941	0.44295	0.02434	0.01807	0.05212	0.01860	0.08703	0.01590	0.00927	0.01059	0.00275	0.07083	0.00998	0.00450	0.01022
91	0.01214	0.00824	0.00999	0.00977	0.01189	0.00735	0.00717	0.01466	0.01921	0.07319	0.28459	0.18168	0.26042	0.05028	0.01079	0.00292	0.00439	0.01603	0.00793	0.00736
92	0.01979	0.01952	0.03024	0.04462	0.59010	0.06542	0.02277	0.02413	0.01821	0.02514	0.01630	0.05736	0.01458	0.00812	0.00793	0.00238	0.00950	0.00777	0.00412	0.01199
93	0.01922	0.46921	0.28103	0.01696	0.02559	0.02652	0.01947	0.02426	0.01635	0.02108	0.01223	0.01423	0.01013	0.00707	0.00601	0.00200	0.00969	0.00485	0.00338	0.01075
94	0.02763	0.01383	0.01732	0.01430	0.01933	0.01346	0.01158	0.06161	0.16992	0.39144	0.10621	0.03430	0.02826	0.01140	0.00831	0.00257	0.00640	0.04083	0.00907	0.01225
95	0.03453	0.01326	0.01807	0.01393	0.01988	0.01147	0.01147	0.03762	0.02269	0.64948	0.05875	0.02838	0.02201	0.01009	0.00803	0.00246	0.00662	0.00825	0.00977	0.01324
96	0.05102	0.03876	0.61487	0.02263	0.03384	0.01848	0.06193	0.02505	0.01670	0.02561	0.01418	0.01682	0.01009	0.00748	0.00751	0.00252	0.01155	0.00598	0.00346	0.01152
97	0.02911	0.01980	0.02174	0.01693	0.02277	0.02145	0.01388	0.51649	0.03361	0.12069	0.02194	0.05351	0.01636	0.01027	0.00793	0.00240	0.00807	0.00798	0.04217	0.01288
98	0.02515	0.01526	0.01761	0.01497	0.01999	0.01605	0.01189	0.03930	0.38773	0.27404	0.03430	0.03094	0.05458	0.01087	0.00810	0.00260	0.00634	0.00898	0.00869	0.01261
99	0.01122	0.00811	0.01060	0.00998	0.01185	0.00748	0.00748	0.01496	0.02245	0.03180	0.66766	0.05923	0.07482	0.01621	0.00935	0.00249	0.00374	0.01434	0.00873	0.00748
100	0.01269	0.00937	0.01239	0.01384	0.01567	0.00947	0.01150	0.01750	0.07390	0.02383	0.04284	0.20039	0.06761	0.02141	0.01049	0.00345	0.00659	0.43209	0.00738	0.00758
101	0.01963	0.01884	0.03219	0.04867	0.67185	0.01884	0.02434	0.02434	0.01806	0.02591	0.01492	0.01963	0.01256	0.00707	0.00785	0.00236	0.00942	0.00707	0.00393	0.01256
102	0.01963	0.01884	0.03219	0.04867	0.67185	0.01884	0.02434	0.02434	0.01806	0.02591	0.01492	0.01963	0.01256	0.00707	0.00785	0.00236	0.00942	0.00707	0.00393	0.01256
103	0.01208	0.00881	0.01186	0.01344	0.01528	0.00859	0.01145	0.01534	0.01800	0.02316	0.04733	0.13475	0.13089	0.02188	0.01068	0.00349	0.00665	0.49185	0.00731	0.00715
104	0.01259	0.00907	0.01252	0.01424	0.01612	0.00899	0.01241	0.01615	0.01824	0.02360	0.04408	0.08873	0.07973	0.02181	0.01087	0.00360	0.00712	0.58555	0.00731	0.00727
105	0.01134	0.00844	0.01246	0.01246	0.01377	0.00976	0.00955	0.01398	0.01266	0.01819	0.02150	0.03261	0.02046	0.10611	0.64412	0.01239	0.02029	0.00871	0.00429	0.00692
106	0.01133	0.00850	0.01274	0.01274	0.01416	0.00991	0.00991	0.01416	0.01274	0.01841	0.02124	0.03115	0.01982	0.05947	0.68989	0.01274	0.02124	0.00850	0.00425	0.00708
107	0.02870	0.03585	0.02205	0.02003	0.02415	0.62691	0.01506	0.03264	0.08180	0.02069	0.01413	0.01573	0.01152	0.00841	0.00724	0.00210	0.01355	0.00547	0.00446	0.00951
108	0.01278	0.00913	0.01278	0.01460	0.01643	0.00913	0.01278	0.01643	0.01825	0.02373	0.04199	0.08945	0.04564	0.02191	0.01095	0.00365	0.00730	0.61847	0.00730	0.00730
109	0.01497	0.01385	0.02318	0.67680	0.05295	0.01724	0.02142	0.02020	0.01588	0.02060	0.01453	0.02145	0.01093	0.00798	0.00784	0.00261	0.01032	0.00706	0.03143	0.00876
110	0.01145	0.00969	0.04293	0.01059	0.01293	0.00801	0.00854	0.01545	0.02217	0.03148	0.63612	0.05718	0.07170	0.01579	0.00926	0.00249	0.00413	0.01393	0.00847	0.00769
111	0.01580	0.01517	0.02581	0.55271	0.11297	0.01836	0.05283	0.02083	0.01594	0.02099	0.01400	0.02072	0.01083	0.00823	0.00935	0.00268	0.06278	0.00716	0.00358	0.00927
112	0.05324	0.01468	0.01630	0.05028	0.02014	0.01624	0.01179	0.12645	0.28298	0.05417	0.03330	0.12024	0.07092	0.01321	0.00828	0.00270	0.00646	0.04388	0.04410	0.01063
113	0.02654	0.01209	0.01597	0.01281	0.01770	0.01065	0.01031	0.03053	0.04520	0.41935	0.21615	0.03577	0.03538	0.01144	0.00823	0.00238	0.00579	0.00964	0.00907	0.06500
114	0.01775	0.02044	0.06902	0.10450	0.08212	0.01916	0.44962	0.02380	0.01782	0.02435	0.01677	0.05440	0.01370	0.00807	0.00978	0.00270	0.04223	0.00933	0.00406	0.01037
115	0.05482	0.01416	0.02315	0.66609	0.05256	0.01763	0.02132	0.02042	0.01573	0.02106	0.01393	0.02071	0.01047	0.00790	0.00777	0.00263	0.01034	0.00690	0.00360	0.00880
116	0.02289	0.02628	0.02951	0.02670	0.10623	0.28306	0.19044	0.02892	0.09247	0.02361	0.01721	0.02232	0.01426	0.00883	0.00903	0.00247	0.04506	0.03578	0.00462	0.01029
117	0.01009	0.00713	0.00932	0.01091	0.01138	0.00676	0.00731	0.01140	0.01485	0.01977	0.04106	0.59122	0.04885	0.11970	0.01429	0.00385	0.00517	0.05365	0.00701	0.00626
118	0.02725	0.11131	0.02255	0.07660	0.06863	0.01611	0.01355	0.07205	0.04559	0.35231	0.09010	0.02688	0.02245	0.00971	0.00771	0.00237	0.00731	0.00795	0.00767	0.01192
119	0.01753	0.07304	0.56770	0.02286	0.05461	0.07975	0.02710	0.02561	0.01727	0.02431	0.01392	0.01643	0.01015	0.00754	0.00739	0.00242	0.01172	0.00575	0.00344	0.01145
120	0.01913	0.01526	0.01704	0.01625	0.04021	0.01702	0.01219	0.03623	0.48584	0.07182	0.03472	0.09758	0.04778	0.01272	0.00843	0.00276	0.00623	0.03927	0.00792	0.01160
121	0.01601	0.01859	0.09293	0.29672	0.07295	0.01732	0.23289	0.02177	0.01728	0.02329	0.04752	0.07150	0.01708	0.00900	0.00860	0.00266	0.01084	0.00916	0.00421	0.00968
122	0.02068	0.01028	0.01363	0.01220	0.01510	0.00962	0.00921	0.02292	0.01866	0.28125	0.11757	0.22883	0.06073	0.09336	0.01320	0.00330	0.03855	0.01356	0.00805	0.00930
123	0.02211	0.01886	0.02460	0.16559	0.17905	0.06611	0.04461	0.19512	0.04727	0.05571	0.02055	0.02322	0.04283	0.00893	0.00786	0.00242	0.00921	0.00760	0.04715	0.01121
124	0.00966	0.00690	0.00920	0.01104	0.01150	0.00644	0.00736	0.01104	0.01518	0.02024	0.04371	0.71614	0.05245	0.02484	0.01012	0.00322	0.00460	0.02254	0.00736	0.00644
125	0.01714	0.01160	0.01759	0.11261	0.04645	0.01161	0.06277	0.02153	0.06155	0.14288	0.03430	0.30406	0.05395	0.01628	0.00916	0.00289	0.00698	0.05061	0.00692	0.00912
126	0.01670	0.03575	0.51503	0.02648	0.08059	0.01876	0.14476	0.02511	0.01721	0.02522	0.01462	0.01782	0.01060	0.00734	0.00790	0.00253	0.01187	0.00660	0.00351	0.01159
127	0.01807	0.01863	0.02987	0.28889	0.18315	0.06667	0.13559	0.02275	0.01682	0.02224	0.01399	0.01983	0.01124	0.00837	0.01068	0.00266	0.10950	0.00732	0.00373	0.01000
128	0.01898	0.01818	0.03102	0.13975	0.58584	0.01867	0.02401	0.02377	0.01775	0.02512	0.01480	0.01984	0.01228	0.00719	0.00786	0.00240	0.00958	0.00706	0.00387	0.01204
129	0.01924	0.01950	0.02868	0.20968	0.37852	0.09618	0.05113	0.02383	0.01805	0.02358	0.01573	0.02279	0.01332	0.00810	0.00801	0.00247	0.01037	0.03594	0.00401	0.01088
130	0.02160	0.05439	0.05030	0.05455	0.07847	0.12142	0.01445	0.07092	0.24074	0.07362	0.02580	0.02702	0.05016	0.04244	0.00917	0.00266	0.00841	0.00800	0.03489	0.01097
131	0.01343	0.01126	0.01821	0.04772	0.02043	0.01107	0.12452	0.05959	0.01811	0.02423	0.06462	0.40435	0.04069	0.01894	0.00979	0.00305	0.00703	0.08830	0.00667	0.00797
132	0.01133	0.00859	0.01192	0.01268	0.01414	0.00819	0.03601	0.03388	0.01696	0.02226	0.04477	0.47767	0.10561	0.02252	0.01011	0.00320	0.00560	0.14027	0.00722	0.00706
133	0.01791	0.02260	0.11876	0.03159	0.08901	0.01925	0.45630	0.02423	0.01793	0.02484	0.01691	0.05681	0.01387	0.00811	0.00985	0.00269	0.04529	0.00933	0.00407	0.01065
134	0.01234	0.00921	0.01165	0.04141	0.01504	0.00902	0.00883	0.07771	0.01770	0.02366	0.04011	0.54911	0.07344	0.02136	0.00955	0.00298	0.00532	0.01912	0.00712	0.04530
135	0.01644	0.01409	0.01644	0.01175	0.01879	0.01057	0.00940	0.01997	0.01644	0.02584	0.01409	0.01644	0.01175	0.00587	0.00587	0.00117	0.00587	0.00470	0.00470	0.76979
136	0.01662	0.06141	0.52294	0.05702	0.11022	0.01898	0.05429	0.02476	0.01692	0.02476	0.01427	0.01734	0.01046	0.00743	0.00758	0.00248	0.01135	0.00615	0.00345	0.01158
137	0.05142	0.11541	0.52083	0.02233	0.06487	0.04420	0.02584	0.02508	0.01680	0.02469	0.01369	0.01618	0.01013	0.00744	0.00714	0.00239	0.01108	0.00564	0.00348	0.01136
138	0.01698	0.01321	0.01948	0.29626	0.06145	0.01493	0.04779	0.09505	0.01880	0.02735	0.01903	0.02405	0.01471	0.01067	0.03665	0.00277	0.00863	0.00736	0.25575	0.00910
139	0.00998	0.00878	0.00855	0.00857	0.01115	0.02506	0.00638	0.01201	0.01817	0.02160	0.09308	0.10603	0.60366	0.01989	0.00935	0.00268	0.00431	0.01665	0.00731	0.00677
140	0.01595	0.01472	0.02407	0.50280	0.14145	0.01765	0.02089	0.02139	0.04768	0.02136	0.01494	0.02132	0.01171	0.00924	0.00996	0.04271	0.04196	0.00713	0.00380	0.00927
141	0.02039	0.01629	0.01758	0.04953	0.02128	0.04882	0.01253	0.07765	0.37943	0.08359	0.12243	0.03456	0.03010	0.01164	0.00832	0.00263	0.00676	0.03725	0.00784	0.01137
142	0.00972	0.00703	0.00908	0.01068	0.01131	0.00652	0.00713	0.01109	0.01527	0.02013	0.04602	0.63121	0.10442	0.05574	0.01142	0.00337	0.00469	0.02155	0.00725	0.00639
143	0.02728	0.02498	0.02218	0.01844	0.02357	0.19730	0.01466	0.33113	0.16867	0.03724	0.01988	0.02006	0.01488	0.00959	0.00838	0.00240	0.03357	0.00700	0.00680	0.01199
144	0.01474	0.01303	0.01901	0.06483	0.02007	0.01650	0.04148	0.01721	0.01335	0.01999	0.01779	0.06310	0.01734	0.08156	0.17436	0.00568	0.31154	0.00868	0.07186	0.00786
145	0.02580	0.01624	0.05376	0.01503	0.02041	0.01539	0.01263	0.06556	0.27231	0.29560	0.06062	0.02876	0.02332	0.01033	0.00793	0.00252	0.00663	0.00849	0.04626	0.01243
146	0.01001	0.00734	0.00958	0.03587	0.01274	0.00699	0.00754	0.01146	0.01511	0.01988	0.04401	0.57212	0.10199	0.09006	0.01285	0.00358	0.00506	0.02043	0.00698	0.00639
147	0.01898	0.01818	0.03102	0.13911	0.58644	0.01867	0.02402	0.02377	0.01775	0.02513	0.01480	0.01984	0.01229	0.00718	0.00786	0.00239	0.00958	0.00706	0.00387	0.01204
148	0.02505	0.02604	0.02290	0.03865	0.04461	0.28088	0.01574	0.17284	0.05198	0.02728	0.01490	0.01845	0.01238	0.03365	0.01302	0.00271	0.17716	0.00653	0.00503	0.01019
149	0.00997	0.00711	0.00942	0.01105	0.01163	0.00668	0.00752	0.01153	0.01555	0.02081	0.07543	0.62298	0.05227	0.05420	0.01142	0.00340	0.00482	0.05041	0.00732	0.00647
150	0.01590	0.04102	0.68023	0.02260	0.03432	0.01842	0.02930	0.02511	0.01674	0.02511	0.01423	0.01674	0.01005	0.00753	0.00753	0.00251	0.01172	0.00586	0.00335	0.01172
151	0.01475	0.01217	0.01892	0.31952	0.05604	0.01430	0.03880	0.01886	0.01571	0.02282	0.02013	0.09326	0.01775	0.01263	0.03861	0.00300	0.06967	0.00883	0.19588	0.00833
152	0.04427	0.03765	0.60799	0.02128	0.03192	0.01758	0.02694	0.02400	0.01617	0.02471	0.01408	0.01712	0.01025	0.00894	0.00909	0.05654	0.01117	0.00587	0.00341	0.01102
153	0.00966	0.00690	0.00920	0.01104	0.01150	0.00644	0.00736	0.01104	0.01518	0.02024	0.04371	0.71614	0.05245	0.02484	0.01012	0.00322	0.00460	0.02254	0.00736	0.00644

[dist]
# distance from previous block
# <min> <max>
21	45

[block]
# block no. 2 follows, 24 sequences, length 23
# corresponding to MSA columns:
# 402-424
name=unknown_C
#
# <colnr> <probs for GDERKNQSTAVLIFYWHMCP>
#	G	D	E	R	K	N	Q	S	T	A	V	L	I	F	Y	W	H	M	C	P
0	0.01593	0.01150	0.01565	0.05572	0.01901	0.01220	0.03345	0.05684	0.08076	0.08378	0.09083	0.18304	0.07039	0.02209	0.09834	0.00420	0.04272	0.08792	0.00686	0.00879
1	0.06129	0.03271	0.46268	0.02340	0.09299	0.01769	0.04159	0.02618	0.04919	0.06490	0.04233	0.01988	0.01413	0.00810	0.00759	0.00250	0.01034	0.00660	0.00434	0.01157
2	0.01776	0.02078	0.10283	0.06190	0.11200	0.04645	0.14284	0.03848	0.01648	0.02322	0.01609	0.07874	0.01474	0.01077	0.01378	0.00280	0.22417	0.00850	0.00416	0.04350
3	0.06194	0.01824	0.03086	0.14273	0.37069	0.01876	0.11884	0.06047	0.01891	0.05927	0.01580	0.02010	0.01235	0.00744	0.00795	0.00246	0.00986	0.00732	0.00446	0.01156
4	0.01006	0.00808	0.00911	0.00927	0.01151	0.00693	0.00674	0.01217	0.01766	0.02247	0.12944	0.24512	0.39964	0.02015	0.00937	0.00272	0.00425	0.01737	0.00736	0.05059
5	0.01215	0.01084	0.01782	0.05727	0.02008	0.01092	0.12247	0.01481	0.01593	0.02120	0.03836	0.42898	0.10519	0.01924	0.01097	0.00305	0.05948	0.01745	0.00624	0.00754
6	0.04411	0.01578	0.05019	0.05590	0.02071	0.05352	0.03558	0.12110	0.01983	0.04967	0.05566	0.25408	0.07443	0.01567	0.01088	0.00283	0.09177	0.01299	0.00630	0.00897
7	0.01963	0.01884	0.03219	0.04867	0.67185	0.01884	0.02434	0.02434	0.01806	0.02591	0.01492	0.01963	0.01256	0.00707	0.00785	0.00236	0.00942	0.00707	0.00393	0.01256
8	0.01227	0.00852	0.01060	0.01124	0.01324	0.00790	0.00867	0.01520	0.03434	0.06238	0.09955	0.26701	0.23285	0.02081	0.00986	0.00305	0.00519	0.16233	0.00762	0.00739
9	0.01903	0.18890	0.38480	0.01955	0.02845	0.09323	0.02221	0.02767	0.09852	0.02410	0.01560	0.01722	0.01189	0.00785	0.00702	0.00230	0.01059	0.00582	0.00404	0.01121
10	0.03205	0.01431	0.01838	0.01444	0.02017	0.01338	0.01180	0.09169	0.08835	0.51807	0.06779	0.02844	0.02280	0.01026	0.00806	0.00247	0.00670	0.00838	0.00941	0.01304
11	0.00981	0.00719	0.00922	0.01053	0.01144	0.00660	0.00721	0.01155	0.01641	0.02176	0.12198	0.55744	0.13327	0.02322	0.00994	0.00307	0.00443	0.02084	0.00752	0.00660
12	0.01724	0.01649	0.02852	0.33211	0.33582	0.01795	0.05927	0.02227	0.01714	0.02331	0.01582	0.02348	0.01312	0.00808	0.00811	0.00256	0.01006	0.03419	0.00390	0.01058
13	0.01734	0.06698	0.42507	0.02438	0.06913	0.01905	0.13102	0.06178	0.01844	0.02618	0.01854	0.02109	0.04887	0.00817	0.00787	0.00249	0.01108	0.00715	0.00401	0.01133
14	0.01498	0.01409	0.02378	0.70226	0.05462	0.01762	0.02202	0.02026	0.01586	0.02026	0.01409	0.02114	0.01057	0.00793	0.00793	0.00264	0.01057	0.00705	0.00352	0.00881
15	0.01014	0.00787	0.01119	0.01192	0.01310	0.00725	0.04332	0.01190	0.01576	0.02069	0.04687	0.59395	0.12980	0.02320	0.00998	0.00312	0.00502	0.02104	0.00717	0.00672
16	0.02254	0.01806	0.02757	0.09263	0.18355	0.04464	0.13284	0.08634	0.08532	0.13907	0.02193	0.04580	0.01729	0.00938	0.00836	0.00256	0.00938	0.03522	0.00596	0.01155
17	0.01165	0.00915	0.01245	0.05062	0.01574	0.00928	0.03106	0.01533	0.06184	0.02190	0.09670	0.28647	0.11299	0.10758	0.09128	0.00464	0.00760	0.03996	0.00654	0.00720
18	0.01377	0.00689	0.01033	0.01033	0.01033	0.00689	0.00689	0.01033	0.01033	0.01377	0.01377	0.02410	0.01377	0.02755	0.03099	0.76928	0.00689	0.00689	0.00344	0.00344
