[name]
unknown

[dist]
# distance from previous block
# <min> <max>
0	127

[block]
# block no. 0 follows, 23 sequences, length 30
# corresponding to MSA columns:
# 143-172
name=unknown_A
#
# <colnr> <probs for GDERKNQSTAVLIFYWHMCP>
#	G	D	E	R	K	N	Q	S	T	A	V	L	I	F	Y	W	H	M	C	P
0	0.01053	0.00756	0.00993	0.01138	0.01224	0.00712	0.00804	0.01243	0.01658	0.02210	0.10550	0.50515	0.08008	0.06160	0.01204	0.00350	0.00511	0.09484	0.00752	0.00673
1	0.03332	0.01306	0.01758	0.01374	0.01923	0.01142	0.01105	0.03607	0.02179	0.58790	0.03120	0.03081	0.02127	0.09833	0.01231	0.00318	0.00703	0.00862	0.00940	0.01270
2	0.02913	0.01725	0.01971	0.01548	0.02080	0.01794	0.01245	0.34156	0.02907	0.23009	0.02442	0.02680	0.01808	0.09814	0.01213	0.00310	0.00787	0.00814	0.05554	0.01230
3	0.01419	0.00973	0.01079	0.01008	0.01089	0.01003	0.00623	0.09014	0.01510	0.02017	0.02480	0.04889	0.02753	0.62651	0.03714	0.00719	0.00800	0.01124	0.00532	0.00603
4	0.02775	0.03471	0.02129	0.01970	0.02342	0.59762	0.01466	0.02976	0.02206	0.01997	0.01657	0.10168	0.01587	0.01050	0.00770	0.00224	0.01339	0.00746	0.00460	0.00905
5	0.01664	0.03946	0.59451	0.02451	0.03603	0.01905	0.10574	0.02573	0.01738	0.02573	0.01479	0.01773	0.01053	0.00760	0.00794	0.00259	0.01220	0.00644	0.00351	0.01186
6	0.01148	0.00829	0.01085	0.01021	0.01212	0.00766	0.00766	0.01531	0.02297	0.03254	0.65994	0.06061	0.07656	0.01659	0.00957	0.00255	0.00383	0.01467	0.00893	0.00766
7	0.77215	0.01569	0.01193	0.01067	0.01569	0.01820	0.00879	0.02385	0.01381	0.03641	0.01130	0.01318	0.00879	0.00753	0.00502	0.00251	0.00628	0.00439	0.00502	0.00879
8	0.03031	0.03867	0.02299	0.02090	0.02508	0.68226	0.01568	0.03240	0.02299	0.01986	0.01254	0.01463	0.01045	0.00836	0.00732	0.00209	0.01463	0.00523	0.00418	0.00941
9	0.02018	0.01743	0.01835	0.01651	0.02110	0.02018	0.01284	0.04312	0.64956	0.03394	0.03303	0.03027	0.02477	0.01101	0.00826	0.00275	0.00642	0.00917	0.00826	0.01284
10	0.01262	0.00851	0.01082	0.01029	0.01246	0.00770	0.00769	0.01590	0.02160	0.06987	0.47507	0.12482	0.15674	0.01763	0.00956	0.00265	0.00415	0.01545	0.00866	0.00782
11	0.00999	0.00711	0.00938	0.01116	0.01161	0.00666	0.00739	0.01133	0.01533	0.02044	0.04368	0.67370	0.05235	0.06306	0.01205	0.00354	0.00488	0.02245	0.00739	0.00650
12	0.00959	0.00822	0.00822	0.00822	0.01096	0.00685	0.00617	0.01165	0.01850	0.02192	0.08220	0.07809	0.66092	0.02055	0.00959	0.00274	0.00411	0.01713	0.00754	0.00685
13	0.01127	0.00829	0.01055	0.00998	0.01199	0.00756	0.00749	0.01489	0.02246	0.03132	0.59380	0.06261	0.14346	0.01704	0.00957	0.00257	0.00386	0.01495	0.00877	0.00756
14	0.01180	0.00787	0.00885	0.00885	0.00885	0.00787	0.00492	0.01180	0.01180	0.01573	0.02557	0.05310	0.02950	0.71483	0.04130	0.00787	0.00787	0.01180	0.00492	0.00492
15	0.01148	0.00829	0.01085	0.01021	0.01212	0.00766	0.00766	0.01531	0.02297	0.03254	0.65994	0.06061	0.07656	0.01659	0.00957	0.00255	0.00383	0.01467	0.00893	0.00766
16	0.03085	0.02273	0.02435	0.01867	0.02516	0.02516	0.01542	0.63716	0.03815	0.05114	0.01948	0.01948	0.01380	0.00974	0.00812	0.00244	0.00893	0.00731	0.00812	0.01380
17	0.01175	0.00806	0.00982	0.00982	0.01016	0.00839	0.00613	0.01242	0.01209	0.01645	0.02468	0.04819	0.02737	0.56342	0.18979	0.00906	0.01108	0.01108	0.00478	0.00546
18	0.01174	0.00773	0.00902	0.00922	0.00927	0.00768	0.00533	0.01167	0.01212	0.01616	0.02690	0.12136	0.03112	0.59849	0.03740	0.05450	0.00748	0.01271	0.00511	0.00501
19	0.77215	0.01569	0.01193	0.01067	0.01569	0.01820	0.00879	0.02385	0.01381	0.03641	0.01130	0.01318	0.00879	0.00753	0.00502	0.00251	0.00628	0.00439	0.00502	0.00879
20	0.03085	0.02273	0.02435	0.01867	0.02516	0.02516	0.01542	0.63716	0.03815	0.05114	0.01948	0.01948	0.01380	0.00974	0.00812	0.00244	0.00893	0.00731	0.00812	0.01380
21	0.01558	0.01492	0.02592	0.65090	0.05498	0.01820	0.06368	0.02109	0.01642	0.02109	0.01456	0.02165	0.01092	0.00803	0.00821	0.00271	0.01101	0.00737	0.00364	0.00914
22	0.01116	0.00813	0.01049	0.01021	0.01200	0.00747	0.00754	0.01456	0.02174	0.03034	0.54404	0.14307	0.11297	0.01796	0.00967	0.00266	0.00396	0.01589	0.00866	0.00747
23	0.01775	0.01775	0.02485	0.02130	0.02130	0.02485	0.01775	0.01953	0.01243	0.01953	0.01065	0.01775	0.01065	0.01420	0.02663	0.00355	0.69998	0.00710	0.00355	0.00888
24	0.01532	0.01442	0.02434	0.69533	0.05589	0.01803	0.02253	0.02073	0.01622	0.02073	0.01442	0.02163	0.01082	0.00811	0.00811	0.00270	0.01082	0.00721	0.00361	0.00901
25	0.01683	0.01442	0.01683	0.01202	0.01923	0.01082	0.00961	0.02043	0.01683	0.02644	0.01442	0.01683	0.01202	0.00601	0.00601	0.00120	0.00601	0.00481	0.00481	0.76444
26	0.01532	0.01442	0.02434	0.69533	0.05589	0.01803	0.02253	0.02073	0.01622	0.02073	0.01442	0.02163	0.01082	0.00811	0.00811	0.00270	0.01082	0.00721	0.00361	0.00901
27	0.01320	0.00784	0.00919	0.00919	0.01018	0.00809	0.00626	0.01496	0.01397	0.02182	0.02453	0.03871	0.02354	0.28293	0.13891	0.05396	0.00865	0.00931	0.29849	0.00627
28	0.00959	0.00822	0.00822	0.00822	0.01096	0.00685	0.00617	0.01165	0.01850	0.02192	0.08220	0.07809	0.66092	0.02055	0.00959	0.00274	0.00411	0.01713	0.00754	0.00685
29	0.72630	0.01557	0.01236	0.01091	0.01601	0.01781	0.00898	0.02483	0.01440	0.07588	0.01259	0.01408	0.00949	0.00769	0.00522	0.00251	0.00632	0.00463	0.00533	0.00910

[dist]
# distance from previous block
# <min> <max>
0	2

[block]
# block no. 1 follows, 23 sequences, length 31
# corresponding to MSA columns:
# 175-205
name=unknown_B
#
# <colnr> <probs for GDERKNQSTAVLIFYWHMCP>
#	G	D	E	R	K	N	Q	S	T	A	V	L	I	F	Y	W	H	M	C	P
0	0.45866	0.01297	0.01133	0.01031	0.01453	0.01390	0.00824	0.02098	0.01619	0.07790	0.06264	0.05895	0.18228	0.01215	0.00684	0.00260	0.00559	0.00912	0.00631	0.00852
1	0.77215	0.01569	0.01193	0.01067	0.01569	0.01820	0.00879	0.02385	0.01381	0.03641	0.01130	0.01318	0.00879	0.00753	0.00502	0.00251	0.00628	0.00439	0.00502	0.00879
2	0.10065	0.01397	0.01823	0.01411	0.02028	0.01247	0.01165	0.03817	0.02240	0.61453	0.03020	0.02636	0.01910	0.00982	0.00789	0.00251	0.00685	0.00783	0.00960	0.01337
3	0.01236	0.00865	0.01091	0.01203	0.01339	0.00847	0.00888	0.05604	0.01792	0.02435	0.04260	0.46244	0.07167	0.02219	0.00992	0.00317	0.00540	0.12894	0.07330	0.00735
4	0.00994	0.00765	0.00910	0.00997	0.01149	0.00681	0.00701	0.01187	0.01750	0.02247	0.12617	0.39187	0.29392	0.02256	0.00997	0.00300	0.00438	0.01983	0.00769	0.00681
5	0.03641	0.01381	0.01883	0.01444	0.02071	0.01193	0.01193	0.03954	0.02322	0.66984	0.03201	0.02762	0.02009	0.01004	0.00816	0.00251	0.00690	0.00816	0.01004	0.01381
6	0.02508	0.01619	0.01741	0.01404	0.01872	0.01737	0.01137	0.35445	0.02886	0.08553	0.02307	0.02425	0.01697	0.00965	0.00716	0.00223	0.00678	0.00746	0.30204	0.01136
7	0.04984	0.00887	0.01151	0.01222	0.01399	0.00844	0.00910	0.01688	0.01726	0.10999	0.06779	0.42292	0.04599	0.04453	0.01096	0.00335	0.00564	0.12518	0.00772	0.00782
8	0.14727	0.01445	0.01801	0.01404	0.02014	0.01341	0.01159	0.06129	0.02241	0.54922	0.02838	0.02511	0.01813	0.00965	0.00768	0.00251	0.00689	0.00756	0.00921	0.01305
9	0.09245	0.01652	0.01873	0.01494	0.02018	0.01718	0.01216	0.29015	0.02878	0.19808	0.17225	0.03060	0.02965	0.01123	0.00820	0.00249	0.00700	0.00899	0.00851	0.01192
10	0.01042	0.00740	0.00914	0.01031	0.01084	0.00699	0.00664	0.01148	0.01469	0.01935	0.04236	0.46110	0.09962	0.22797	0.01940	0.00459	0.00559	0.01923	0.00676	0.00612
11	0.01047	0.00759	0.00996	0.01154	0.01230	0.00724	0.00793	0.01289	0.03849	0.02209	0.08490	0.62032	0.05391	0.02422	0.01026	0.00324	0.00481	0.04327	0.00765	0.00691
12	0.01175	0.00891	0.01123	0.01239	0.01459	0.00839	0.01045	0.01485	0.01861	0.02339	0.05787	0.08642	0.28004	0.02171	0.01059	0.00336	0.00619	0.38453	0.00750	0.00724
13	0.08870	0.01419	0.01830	0.01431	0.02038	0.01295	0.01176	0.03865	0.06562	0.58012	0.03058	0.02675	0.01959	0.00993	0.00794	0.00253	0.00683	0.00796	0.00956	0.01338
14	0.01335	0.00875	0.01143	0.01211	0.01365	0.00835	0.00885	0.04580	0.01869	0.06911	0.13832	0.46034	0.05218	0.02188	0.01006	0.00313	0.00523	0.08311	0.00795	0.00771
15	0.01707	0.01464	0.01694	0.01234	0.01937	0.01150	0.00985	0.02208	0.06276	0.02699	0.01577	0.01780	0.01294	0.00637	0.00617	0.00131	0.00604	0.00512	0.00506	0.70988
16	0.01781	0.01791	0.02575	0.02180	0.02212	0.02469	0.04164	0.01978	0.01269	0.01978	0.01087	0.01791	0.01072	0.01392	0.02597	0.00352	0.67341	0.00720	0.00357	0.00896
17	0.01163	0.00780	0.00890	0.00906	0.00911	0.00776	0.00515	0.01176	0.01213	0.01617	0.02724	0.11046	0.03161	0.65459	0.03860	0.00747	0.00759	0.01278	0.00515	0.00506
18	0.01000	0.00769	0.00921	0.01034	0.01181	0.00689	0.00739	0.01184	0.01694	0.02145	0.05947	0.41403	0.29421	0.02327	0.01011	0.00311	0.00467	0.06329	0.00753	0.00676
19	0.05325	0.02376	0.02241	0.01820	0.02374	0.13443	0.01466	0.41982	0.08648	0.04164	0.01937	0.02025	0.01447	0.01306	0.05429	0.00314	0.01047	0.00712	0.00710	0.01236
20	0.47568	0.05813	0.19775	0.01455	0.02169	0.01866	0.01515	0.02542	0.01549	0.07442	0.01357	0.01523	0.01003	0.00772	0.00599	0.00249	0.00803	0.00509	0.00483	0.01009
21	0.01717	0.01737	0.06554	0.08104	0.14542	0.01410	0.06013	0.02179	0.01758	0.02618	0.04706	0.02043	0.01521	0.00712	0.00712	0.00183	0.00795	0.00639	0.00462	0.41595
22	0.01159	0.00869	0.01304	0.01304	0.01449	0.01014	0.01014	0.01449	0.01304	0.01884	0.02173	0.03188	0.02029	0.06086	0.68268	0.01304	0.02173	0.00869	0.00435	0.00724
23	0.01774	0.05491	0.38704	0.02443	0.07338	0.01999	0.08891	0.05554	0.03977	0.02626	0.01814	0.02103	0.04026	0.00907	0.01008	0.00267	0.08802	0.00719	0.00414	0.01143
24	0.01226	0.00962	0.01413	0.01375	0.01499	0.01162	0.01074	0.01492	0.01293	0.01878	0.02071	0.03123	0.01963	0.08228	0.58697	0.01182	0.09336	0.00865	0.00429	0.00732
25	0.02234	0.07981	0.02160	0.01669	0.02185	0.02217	0.01343	0.15450	0.47791	0.03592	0.02855	0.02671	0.02143	0.01041	0.00796	0.00260	0.00710	0.00840	0.00781	0.01281
26	0.04215	0.32962	0.08233	0.02103	0.09202	0.06858	0.07036	0.05466	0.04425	0.04951	0.03803	0.01843	0.01431	0.00817	0.00754	0.00220	0.03508	0.00625	0.00454	0.01096
27	0.02137	0.09282	0.02751	0.07018	0.04808	0.02188	0.09848	0.20905	0.02203	0.02978	0.01689	0.02404	0.01475	0.11617	0.01660	0.00346	0.14338	0.00793	0.00524	0.01037
28	0.01180	0.05856	0.01199	0.01008	0.01291	0.03891	0.00790	0.01415	0.01857	0.02242	0.11115	0.09405	0.45331	0.02067	0.03562	0.00312	0.00580	0.05459	0.00708	0.00732
29	0.02595	0.02234	0.02196	0.01911	0.04889	0.12306	0.01453	0.33416	0.11770	0.03755	0.02115	0.04960	0.01734	0.06162	0.01143	0.00291	0.04384	0.00818	0.00688	0.01178
30	0.05407	0.02351	0.02315	0.03997	0.02532	0.18901	0.05858	0.21391	0.07375	0.15580	0.02149	0.04848	0.01621	0.00984	0.00802	0.00245	0.00995	0.00777	0.00693	0.01179

[dist]
# distance from previous block
# <min> <max>
4	7

[block]
# block no. 2 follows, 23 sequences, length 7
# corresponding to MSA columns:
# 213-219
name=unknown_C
#
# <colnr> <probs for GDERKNQSTAVLIFYWHMCP>
#	G	D	E	R	K	N	Q	S	T	A	V	L	I	F	Y	W	H	M	C	P
0	0.02989	0.02133	0.02313	0.01805	0.02428	0.02347	0.01481	0.51262	0.11663	0.09770	0.02223	0.02153	0.01572	0.00993	0.00814	0.00248	0.00844	0.00762	0.00829	0.01368
1	0.32894	0.12796	0.06546	0.01444	0.02042	0.07265	0.01285	0.07816	0.06855	0.11686	0.01675	0.01732	0.01244	0.00831	0.00634	0.00238	0.00801	0.00568	0.00578	0.01070
2	0.00997	0.00733	0.00935	0.01075	0.01168	0.00671	0.00734	0.01167	0.01657	0.02183	0.09888	0.56360	0.14660	0.02399	0.01018	0.00315	0.00455	0.02151	0.00764	0.00671
3	0.01466	0.00771	0.00829	0.00829	0.01012	0.00791	0.00627	0.01832	0.01649	0.02873	0.02584	0.03047	0.02073	0.01628	0.09562	0.00337	0.00617	0.00771	0.65950	0.00752
4	0.01814	0.01894	0.03683	0.09816	0.03659	0.01952	0.38766	0.05216	0.01831	0.02499	0.01808	0.07433	0.01579	0.03662	0.01289	0.00307	0.10343	0.01000	0.00446	0.01004
5	0.02525	0.01767	0.04658	0.03689	0.02239	0.01765	0.01357	0.24634	0.13804	0.17146	0.06103	0.09804	0.04401	0.01219	0.00848	0.00263	0.00740	0.01006	0.00818	0.01214
6	0.04046	0.08377	0.22298	0.02160	0.07091	0.06994	0.05414	0.10706	0.12269	0.04915	0.04616	0.03942	0.01754	0.00930	0.00784	0.00249	0.00973	0.00760	0.00552	0.01169

[dist]
# distance from previous block
# <min> <max>
0	6

[block]
# block no. 3 follows, 23 sequences, length 89
# corresponding to MSA columns:
# 226-314
name=unknown_D
#
# <colnr> <probs for GDERKNQSTAVLIFYWHMCP>
#	G	D	E	R	K	N	Q	S	T	A	V	L	I	F	Y	W	H	M	C	P
0	0.02168	0.05296	0.08947	0.01959	0.07944	0.01769	0.04554	0.16968	0.08689	0.08768	0.05459	0.07093	0.05008	0.01057	0.00803	0.00238	0.00798	0.00892	0.00658	0.10931
1	0.05949	0.02000	0.08061	0.01834	0.02449	0.01844	0.08086	0.27911	0.02615	0.09734	0.02186	0.07452	0.01807	0.01153	0.00938	0.03897	0.00870	0.03677	0.00676	0.06860
2	0.02703	0.02328	0.08217	0.02081	0.05578	0.02283	0.05022	0.46885	0.03239	0.04399	0.01853	0.01978	0.01353	0.01106	0.03375	0.00281	0.00984	0.00724	0.00700	0.04912
3	0.06160	0.06382	0.02263	0.01909	0.02304	0.45075	0.01476	0.05651	0.02112	0.02237	0.01437	0.05281	0.01296	0.00976	0.00934	0.00229	0.08683	0.00639	0.00451	0.04505
4	0.01851	0.02121	0.06928	0.02885	0.03599	0.01966	0.43635	0.02433	0.01783	0.02517	0.01528	0.02040	0.01195	0.00775	0.01128	0.00262	0.10465	0.00841	0.00410	0.11639
5	0.06109	0.02326	0.02086	0.01783	0.02289	0.16001	0.01415	0.24407	0.24865	0.03662	0.02348	0.02522	0.01821	0.01037	0.00799	0.00254	0.00905	0.03452	0.00717	0.01202
6	0.01534	0.00834	0.00975	0.00901	0.01124	0.00826	0.03976	0.01929	0.01713	0.03002	0.02593	0.02980	0.02034	0.00931	0.00588	0.00194	0.00432	0.00767	0.71893	0.00775
7	0.02516	0.04971	0.02641	0.01981	0.02575	0.02164	0.11558	0.32574	0.13874	0.06921	0.02372	0.08001	0.01899	0.01070	0.00845	0.00259	0.00881	0.00925	0.00733	0.01241
8	0.02015	0.02555	0.19731	0.03269	0.19681	0.01911	0.23770	0.05378	0.01948	0.06597	0.01666	0.02028	0.01246	0.00745	0.00843	0.00253	0.01131	0.00771	0.00448	0.04015
9	0.01890	0.02317	0.10483	0.10115	0.09542	0.08198	0.29962	0.02573	0.05307	0.02531	0.04345	0.05422	0.01695	0.00873	0.00882	0.00264	0.01170	0.00910	0.00455	0.01065
10	0.05995	0.17546	0.35367	0.02452	0.12074	0.02139	0.05472	0.02583	0.01739	0.05406	0.01469	0.01720	0.01114	0.00753	0.00721	0.00238	0.01052	0.00602	0.00394	0.01164
11	0.16828	0.02453	0.05973	0.01745	0.02323	0.14277	0.01463	0.26766	0.13857	0.03803	0.01878	0.01919	0.01398	0.00917	0.00739	0.00245	0.00921	0.00663	0.00655	0.01177
12	0.02053	0.14011	0.02402	0.01544	0.02095	0.05559	0.03560	0.10757	0.02003	0.05081	0.02205	0.02374	0.08218	0.00961	0.00943	0.00208	0.09481	0.00702	0.00531	0.25313
13	0.18787	0.05415	0.01902	0.01425	0.01995	0.01732	0.01174	0.13306	0.10000	0.25793	0.05375	0.02380	0.01901	0.00953	0.00730	0.00243	0.00695	0.00729	0.00778	0.04687
14	0.02007	0.02240	0.03457	0.02684	0.03096	0.11264	0.28475	0.02408	0.01678	0.02237	0.01341	0.01912	0.01134	0.01022	0.01661	0.00300	0.30920	0.00792	0.00388	0.00984
15	0.01890	0.02363	0.13260	0.02521	0.03138	0.08164	0.28654	0.05083	0.01837	0.02438	0.01769	0.08143	0.01558	0.01147	0.01258	0.07046	0.07380	0.00926	0.00439	0.00985
16	0.29375	0.05013	0.08357	0.01528	0.05720	0.01529	0.01270	0.02469	0.01796	0.14484	0.11961	0.06012	0.02565	0.01087	0.00728	0.00257	0.00689	0.03514	0.00645	0.01000
17	0.01500	0.00909	0.01190	0.01074	0.01332	0.00824	0.00821	0.01867	0.02284	0.12399	0.54743	0.05652	0.09068	0.01580	0.00937	0.00255	0.00428	0.01383	0.00904	0.00851
18	0.01136	0.00827	0.01127	0.01147	0.01250	0.00898	0.00825	0.01328	0.01327	0.01838	0.02850	0.11283	0.06104	0.22925	0.40296	0.01006	0.01525	0.01152	0.00501	0.00653
19	0.01654	0.01410	0.01662	0.01208	0.01897	0.01078	0.00964	0.02010	0.01662	0.02602	0.01483	0.01766	0.01248	0.00906	0.04361	0.00186	0.00688	0.00502	0.00478	0.72236
20	0.01007	0.00780	0.00923	0.01020	0.01184	0.00697	0.00739	0.01204	0.01734	0.02192	0.08058	0.35781	0.32298	0.02273	0.01006	0.00306	0.00464	0.06893	0.00757	0.00681
21	0.01023	0.00731	0.00981	0.01169	0.01231	0.00689	0.00813	0.01189	0.01587	0.02110	0.04453	0.64315	0.05292	0.02510	0.01045	0.00334	0.00500	0.08607	0.00753	0.00669
22	0.00999	0.00716	0.00933	0.01101	0.01156	0.00668	0.00731	0.01134	0.01545	0.02047	0.04530	0.64086	0.08024	0.06672	0.01218	0.00355	0.00487	0.02211	0.00737	0.00650
23	0.01009	0.00721	0.00963	0.01143	0.01202	0.00676	0.00780	0.01169	0.01593	0.02127	0.06474	0.65916	0.05409	0.02499	0.01037	0.00329	0.00481	0.05047	0.00758	0.00667
24	0.73472	0.01560	0.01228	0.01086	0.01595	0.01788	0.00895	0.02465	0.01429	0.06863	0.01235	0.01392	0.00936	0.00766	0.00518	0.00251	0.00631	0.00459	0.00528	0.00904
25	0.01915	0.02189	0.04788	0.03420	0.04241	0.02052	0.63475	0.02599	0.01915	0.02599	0.01642	0.02189	0.01231	0.00684	0.00958	0.00274	0.01368	0.00958	0.00410	0.01094
26	0.00989	0.00706	0.00942	0.01130	0.01177	0.00659	0.00753	0.01130	0.01554	0.02071	0.04472	0.70954	0.05367	0.02542	0.01036	0.00330	0.00471	0.02307	0.00753	0.00659
27	0.00989	0.00706	0.00942	0.01130	0.01177	0.00659	0.00753	0.01130	0.01554	0.02071	0.04472	0.70954	0.05367	0.02542	0.01036	0.00330	0.00471	0.02307	0.00753	0.00659
28	0.00989	0.00706	0.00942	0.01130	0.01177	0.00659	0.00753	0.01130	0.01554	0.02071	0.04472	0.70954	0.05367	0.02542	0.01036	0.00330	0.00471	0.02307	0.00753	0.00659
29	0.77215	0.01569	0.01193	0.01067	0.01569	0.01820	0.00879	0.02385	0.01381	0.03641	0.01130	0.01318	0.00879	0.00753	0.00502	0.00251	0.00628	0.00439	0.00502	0.00879
30	0.00992	0.00823	0.00868	0.00857	0.01117	0.00699	0.00643	0.01229	0.01929	0.02380	0.18434	0.07500	0.55761	0.01985	0.00959	0.00271	0.00406	0.01669	0.00778	0.00699
31	0.71156	0.01554	0.01249	0.01098	0.01611	0.01769	0.00905	0.02514	0.01458	0.08857	0.01300	0.01437	0.00972	0.00774	0.00528	0.00251	0.00633	0.00470	0.00544	0.00920
32	0.34693	0.01505	0.01576	0.01283	0.01835	0.01552	0.01056	0.08447	0.02020	0.31092	0.02181	0.02092	0.01478	0.00892	0.00669	0.00247	0.00664	0.00645	0.04941	0.01133
33	0.01148	0.00829	0.01085	0.01021	0.01212	0.00766	0.00766	0.01531	0.02297	0.03254	0.65994	0.06061	0.07656	0.01659	0.00957	0.00255	0.00383	0.01467	0.00893	0.00766
34	0.01683	0.01442	0.01683	0.01202	0.01923	0.01082	0.00961	0.02043	0.01683	0.02644	0.01442	0.01683	0.01202	0.00601	0.00601	0.00120	0.00601	0.00481	0.00481	0.76444
35	0.00970	0.00822	0.00837	0.00833	0.01102	0.00689	0.00625	0.01185	0.01874	0.02251	0.11431	0.07712	0.62845	0.02033	0.00959	0.00273	0.00409	0.01699	0.00761	0.00689
36	0.01915	0.02189	0.04788	0.03420	0.04241	0.02052	0.63475	0.02599	0.01915	0.02599	0.01642	0.02189	0.01231	0.00684	0.00958	0.00274	0.01368	0.00958	0.00410	0.01094
37	0.01683	0.01442	0.01683	0.01202	0.01923	0.01082	0.00961	0.02043	0.01683	0.02644	0.01442	0.01683	0.01202	0.00601	0.00601	0.00120	0.00601	0.00481	0.00481	0.76444
38	0.01179	0.00790	0.00901	0.00901	0.00906	0.00795	0.00511	0.01190	0.01185	0.01585	0.02542	0.05231	0.02916	0.69049	0.06517	0.00806	0.00838	0.01168	0.00490	0.00500
39	0.77215	0.01569	0.01193	0.01067	0.01569	0.01820	0.00879	0.02385	0.01381	0.03641	0.01130	0.01318	0.00879	0.00753	0.00502	0.00251	0.00628	0.00439	0.00502	0.00879
40	0.00959	0.00822	0.00822	0.00822	0.01096	0.00685	0.00617	0.01165	0.01850	0.02192	0.08220	0.07809	0.66092	0.02055	0.00959	0.00274	0.00411	0.01713	0.00754	0.00685
41	0.03085	0.02273	0.02435	0.01867	0.02516	0.02516	0.01542	0.63716	0.03815	0.05114	0.01948	0.01948	0.01380	0.00974	0.00812	0.00244	0.00893	0.00731	0.00812	0.01380
42	0.01159	0.00869	0.01304	0.01304	0.01449	0.01014	0.01014	0.01449	0.01304	0.01884	0.02173	0.03188	0.02029	0.06086	0.68268	0.01304	0.02173	0.00869	0.00435	0.00724
43	0.00959	0.00822	0.00822	0.00822	0.01096	0.00685	0.00617	0.01165	0.01850	0.02192	0.08220	0.07809	0.66092	0.02055	0.00959	0.00274	0.00411	0.01713	0.00754	0.00685
44	0.02169	0.71972	0.04252	0.01388	0.02083	0.03211	0.01388	0.02430	0.01649	0.01909	0.01128	0.01302	0.01041	0.00694	0.00521	0.00174	0.00868	0.00434	0.00347	0.01041
45	0.02169	0.71972	0.04252	0.01388	0.02083	0.03211	0.01388	0.02430	0.01649	0.01909	0.01128	0.01302	0.01041	0.00694	0.00521	0.00174	0.00868	0.00434	0.00347	0.01041
46	0.01186	0.00899	0.01313	0.01299	0.01424	0.01053	0.00997	0.01445	0.01290	0.01858	0.02164	0.03327	0.02075	0.11971	0.59622	0.01217	0.04822	0.00892	0.00437	0.00710
47	0.03641	0.01381	0.01883	0.01444	0.02071	0.01193	0.01193	0.03954	0.02322	0.66984	0.03201	0.02762	0.02009	0.01004	0.00816	0.00251	0.00690	0.00816	0.01004	0.01381
48	0.02947	0.02675	0.08188	0.01939	0.02604	0.11973	0.01676	0.49518	0.03409	0.04435	0.01804	0.01857	0.01300	0.00936	0.00796	0.00240	0.01003	0.00689	0.00713	0.01300
49	0.01820	0.01752	0.03031	0.29886	0.39968	0.01885	0.05257	0.02334	0.01764	0.02425	0.01499	0.02077	0.01204	0.00755	0.00814	0.00254	0.01028	0.00733	0.00386	0.01128
50	0.01745	0.01659	0.02818	0.40699	0.32761	0.01859	0.02359	0.02259	0.01723	0.02331	0.01480	0.02094	0.01173	0.00772	0.00808	0.00257	0.01029	0.00722	0.00379	0.01073
51	0.03031	0.03867	0.02299	0.02090	0.02508	0.68226	0.01568	0.03240	0.02299	0.01986	0.01254	0.01463	0.01045	0.00836	0.00732	0.00209	0.01463	0.00523	0.00418	0.00941
52	0.03085	0.02273	0.02435	0.01867	0.02516	0.02516	0.01542	0.63716	0.03815	0.05114	0.01948	0.01948	0.01380	0.00974	0.00812	0.00244	0.00893	0.00731	0.00812	0.01380
53	0.01683	0.01442	0.01683	0.01202	0.01923	0.01082	0.00961	0.02043	0.01683	0.02644	0.01442	0.01683	0.01202	0.00601	0.00601	0.00120	0.00601	0.00481	0.00481	0.76444
54	0.01039	0.00734	0.00920	0.01049	0.01094	0.00695	0.00676	0.01145	0.01468	0.01943	0.04141	0.50183	0.07706	0.21067	0.01864	0.00450	0.00553	0.01974	0.00683	0.00615
55	0.01159	0.00869	0.01304	0.01304	0.01449	0.01014	0.01014	0.01449	0.01304	0.01884	0.02173	0.03188	0.02029	0.06086	0.68268	0.01304	0.02173	0.00869	0.00435	0.00724
56	0.00996	0.00720	0.00942	0.01105	0.01174	0.00667	0.00746	0.01154	0.01613	0.02144	0.08117	0.63545	0.09151	0.02464	0.01027	0.00322	0.00462	0.02224	0.00761	0.00667
57	0.73900	0.01561	0.01224	0.01084	0.01592	0.01792	0.00893	0.02456	0.01423	0.06494	0.01223	0.01383	0.00930	0.00765	0.00516	0.00251	0.00631	0.00456	0.00525	0.00901
58	0.00960	0.00817	0.00827	0.00835	0.01099	0.00684	0.00622	0.01163	0.01837	0.02187	0.08067	0.10395	0.63606	0.02075	0.00962	0.00276	0.00413	0.01737	0.00753	0.00684
59	0.01029	0.00736	0.00986	0.01161	0.01230	0.00692	0.00810	0.01206	0.01623	0.02168	0.07584	0.61387	0.05413	0.02467	0.01040	0.00330	0.00494	0.08210	0.00760	0.00673
60	0.01083	0.00746	0.00914	0.01009	0.01033	0.00722	0.00624	0.01155	0.01369	0.01825	0.03526	0.38517	0.04173	0.36608	0.02565	0.00555	0.00627	0.01750	0.00624	0.00576
61	0.03641	0.01381	0.01883	0.01444	0.02071	0.01193	0.01193	0.03954	0.02322	0.66984	0.03201	0.02762	0.02009	0.01004	0.00816	0.00251	0.00690	0.00816	0.01004	0.01381
62	0.01346	0.00869	0.01126	0.01089	0.01308	0.00793	0.00827	0.01669	0.02114	0.08765	0.40878	0.15558	0.12605	0.01810	0.00968	0.00276	0.00453	0.05889	0.00858	0.00797
63	0.02076	0.01772	0.01867	0.01663	0.02132	0.02045	0.01298	0.07531	0.61643	0.03488	0.03229	0.02969	0.02418	0.01094	0.00825	0.00273	0.00656	0.00907	0.00825	0.01290
64	0.02226	0.01633	0.01837	0.01492	0.01938	0.01740	0.01198	0.36152	0.03142	0.04289	0.30337	0.03771	0.04162	0.01278	0.00876	0.00249	0.00667	0.01057	0.00848	0.01108
65	0.00979	0.00821	0.00838	0.00835	0.01092	0.00694	0.00618	0.01184	0.01841	0.02217	0.10894	0.07603	0.60160	0.05289	0.01108	0.00297	0.00427	0.01675	0.00748	0.00680
66	0.77215	0.01569	0.01193	0.01067	0.01569	0.01820	0.00879	0.02385	0.01381	0.03641	0.01130	0.01318	0.00879	0.00753	0.00502	0.00251	0.00628	0.00439	0.00502	0.00879
67	0.01683	0.01442	0.01683	0.01202	0.01923	0.01082	0.00961	0.02043	0.01683	0.02644	0.01442	0.01683	0.01202	0.00601	0.00601	0.00120	0.00601	0.00481	0.00481	0.76444
68	0.03524	0.01355	0.01846	0.01424	0.02031	0.01173	0.01173	0.03841	0.02321	0.63997	0.06144	0.02916	0.02273	0.01035	0.00823	0.00251	0.00676	0.00847	0.00999	0.01352
69	0.04714	0.00810	0.00929	0.00960	0.01021	0.00801	0.00599	0.01257	0.01400	0.01960	0.08940	0.20266	0.06030	0.43588	0.02851	0.00590	0.00657	0.01447	0.00598	0.00580
70	0.72784	0.01558	0.01234	0.01090	0.01599	0.01782	0.00898	0.02480	0.01438	0.07455	0.01255	0.01405	0.00947	0.00768	0.00521	0.00251	0.00631	0.00462	0.00532	0.00909
71	0.01175	0.00806	0.00983	0.00983	0.01017	0.00840	0.00614	0.01243	0.01209	0.01646	0.02467	0.04814	0.02735	0.56194	0.19125	0.00908	0.01111	0.01107	0.00478	0.00546
72	0.01080	0.00817	0.01011	0.01085	0.01265	0.00748	0.00829	0.01342	0.01871	0.02434	0.18556	0.24092	0.25116	0.02137	0.01013	0.00305	0.00492	0.14319	0.00781	0.00708
73	0.01571	0.01268	0.01471	0.01479	0.01762	0.01389	0.01158	0.02814	0.32244	0.02806	0.03860	0.21611	0.03785	0.01766	0.00957	0.00315	0.00628	0.17345	0.00787	0.00985
74	0.56532	0.01722	0.01513	0.01270	0.01812	0.01950	0.01047	0.16577	0.01987	0.07098	0.01420	0.01534	0.01050	0.00816	0.00589	0.00249	0.00692	0.00525	0.00598	0.01019
75	0.03137	0.02188	0.02383	0.01827	0.02474	0.02391	0.01509	0.58041	0.03673	0.10990	0.02067	0.02025	0.01440	0.00977	0.00812	0.00244	0.00874	0.00739	0.00830	0.01380
76	0.01221	0.00812	0.00975	0.01002	0.01108	0.00766	0.00669	0.01351	0.01552	0.05000	0.09584	0.21191	0.13141	0.32271	0.02357	0.00512	0.00616	0.04571	0.00663	0.00637
77	0.01263	0.00931	0.01228	0.01369	0.01536	0.00938	0.01101	0.01741	0.07669	0.02441	0.07116	0.28441	0.04829	0.02205	0.01058	0.00345	0.00631	0.33624	0.00763	0.00770
78	0.00989	0.00706	0.00942	0.01130	0.01177	0.00659	0.00753	0.01130	0.01554	0.02071	0.04472	0.70954	0.05367	0.02542	0.01036	0.00330	0.00471	0.02307	0.00753	0.00659
79	0.01589	0.01473	0.02434	0.67054	0.05476	0.01829	0.02227	0.04332	0.01703	0.02185	0.01461	0.02155	0.01093	0.00817	0.00811	0.00269	0.01075	0.00721	0.00377	0.00919
80	0.01145	0.00796	0.00930	0.00938	0.00987	0.00796	0.00578	0.01207	0.01284	0.01699	0.03208	0.08368	0.09731	0.53211	0.11130	0.00771	0.00894	0.01253	0.00525	0.00547
81	0.01252	0.00998	0.01277	0.01267	0.01400	0.04191	0.00948	0.01487	0.01330	0.01834	0.02197	0.03482	0.02145	0.17432	0.53661	0.01160	0.01894	0.00908	0.00444	0.00694
82	0.01148	0.00829	0.01085	0.01021	0.01212	0.00766	0.00766	0.01531	0.02297	0.03254	0.65994	0.06061	0.07656	0.01659	0.00957	0.00255	0.00383	0.01467	0.00893	0.00766
83	0.02169	0.71972	0.04252	0.01388	0.02083	0.03211	0.01388	0.02430	0.01649	0.01909	0.01128	0.01302	0.01041	0.00694	0.00521	0.00174	0.00868	0.00434	0.00347	0.01041
84	0.01121	0.00798	0.00877	0.00874	0.00954	0.00759	0.00536	0.01191	0.01402	0.01806	0.06740	0.05992	0.19561	0.50456	0.03170	0.00631	0.00672	0.01331	0.00577	0.00554
85	0.02335	0.58904	0.03877	0.01523	0.02164	0.15686	0.01423	0.02585	0.01774	0.01924	0.01152	0.01333	0.01042	0.00721	0.00561	0.00180	0.00982	0.00451	0.00361	0.01022
86	0.01926	0.01801	0.02872	0.04140	0.51044	0.01834	0.02171	0.02647	0.10850	0.02724	0.02237	0.02769	0.04802	0.00913	0.00829	0.00254	0.00881	0.03580	0.00495	0.01231
87	0.01100	0.00814	0.01103	0.01300	0.03699	0.00769	0.00903	0.01331	0.01739	0.02326	0.13219	0.45205	0.09078	0.02271	0.01025	0.00320	0.00519	0.11808	0.00759	0.00714
88	0.02392	0.01758	0.01991	0.01575	0.02137	0.01816	0.01274	0.33208	0.05088	0.06827	0.02095	0.05525	0.01691	0.01641	0.09611	0.00360	0.00954	0.00780	0.00693	0.18586

[dist]
# distance from previous block
# <min> <max>
0	2

[block]
# block no. 4 follows, 23 sequences, length 50
# corresponding to MSA columns:
# 317-366
name=unknown_E
#
# <colnr> <probs for GDERKNQSTAVLIFYWHMCP>
#	G	D	E	R	K	N	Q	S	T	A	V	L	I	F	Y	W	H	M	C	P
0	0.01895	0.07542	0.30726	0.02623	0.09952	0.04990	0.15556	0.02568	0.01799	0.05100	0.01574	0.01914	0.01194	0.00979	0.03763	0.00290	0.01191	0.00690	0.00406	0.05247
1	0.01085	0.00969	0.00932	0.00922	0.01183	0.04042	0.00687	0.01309	0.01911	0.02301	0.14495	0.10183	0.53215	0.01970	0.00951	0.00271	0.00463	0.01652	0.00753	0.00706
2	0.05128	0.08547	0.17300	0.13511	0.15891	0.01831	0.04783	0.02382	0.04562	0.02606	0.07970	0.02303	0.01834	0.00845	0.00764	0.00238	0.00928	0.00729	0.00456	0.07392
3	0.01024	0.00741	0.00977	0.01153	0.01231	0.00693	0.00809	0.01197	0.01610	0.02121	0.04697	0.59546	0.09268	0.02475	0.01041	0.00331	0.00499	0.09163	0.00753	0.00671
4	0.02120	0.27464	0.18477	0.02249	0.11870	0.07914	0.01941	0.06112	0.09791	0.02541	0.01591	0.01767	0.01272	0.00794	0.00693	0.00223	0.00983	0.00599	0.00445	0.01155
5	0.01994	0.02063	0.04505	0.21780	0.03378	0.11757	0.05963	0.07080	0.06728	0.02553	0.01575	0.01958	0.01238	0.00848	0.00928	0.00235	0.07106	0.00667	0.00467	0.17178
6	0.19922	0.17222	0.08866	0.02709	0.23727	0.02188	0.04518	0.02599	0.06349	0.02771	0.01476	0.01747	0.01198	0.00755	0.00676	0.00234	0.00879	0.00606	0.00440	0.01119
7	0.02169	0.71972	0.04252	0.01388	0.02083	0.03211	0.01388	0.02430	0.01649	0.01909	0.01128	0.01302	0.01041	0.00694	0.00521	0.00174	0.00868	0.00434	0.00347	0.01041
8	0.01379	0.01120	0.01358	0.01170	0.01596	0.00897	0.00870	0.01643	0.01626	0.02393	0.02769	0.32013	0.03025	0.01451	0.00791	0.00212	0.00544	0.01280	0.00600	0.43262
9	0.01532	0.01442	0.02434	0.69533	0.05589	0.01803	0.02253	0.02073	0.01622	0.02073	0.01442	0.02163	0.01082	0.00811	0.00811	0.00270	0.01082	0.00721	0.00361	0.00901
10	0.01409	0.00705	0.01057	0.01057	0.01057	0.00705	0.00705	0.01057	0.01057	0.01409	0.01409	0.02467	0.01409	0.02819	0.03171	0.76392	0.00705	0.00705	0.00352	0.00352
11	0.01118	0.00828	0.01043	0.00989	0.01194	0.00753	0.00742	0.01473	0.02225	0.03084	0.56757	0.06341	0.16999	0.01722	0.00957	0.00258	0.00387	0.01507	0.00871	0.00753
12	0.77215	0.01569	0.01193	0.01067	0.01569	0.01820	0.00879	0.02385	0.01381	0.03641	0.01130	0.01318	0.00879	0.00753	0.00502	0.00251	0.00628	0.00439	0.00502	0.00879
13	0.03641	0.01381	0.01883	0.01444	0.02071	0.01193	0.01193	0.03954	0.02322	0.66984	0.03201	0.02762	0.02009	0.01004	0.00816	0.00251	0.00690	0.00816	0.01004	0.01381
14	0.01409	0.00705	0.01057	0.01057	0.01057	0.00705	0.00705	0.01057	0.01057	0.01409	0.01409	0.02467	0.01409	0.02819	0.03171	0.76392	0.00705	0.00705	0.00352	0.00352
15	0.01409	0.00705	0.01057	0.01057	0.01057	0.00705	0.00705	0.01057	0.01057	0.01409	0.01409	0.02467	0.01409	0.02819	0.03171	0.76392	0.00705	0.00705	0.00352	0.00352
16	0.00989	0.00706	0.00942	0.01130	0.01177	0.00659	0.00753	0.01130	0.01554	0.02071	0.04472	0.70954	0.05367	0.02542	0.01036	0.00330	0.00471	0.02307	0.00753	0.00659
17	0.77215	0.01569	0.01193	0.01067	0.01569	0.01820	0.00879	0.02385	0.01381	0.03641	0.01130	0.01318	0.00879	0.00753	0.00502	0.00251	0.00628	0.00439	0.00502	0.00879
18	0.01180	0.00787	0.00885	0.00885	0.00885	0.00787	0.00492	0.01180	0.01180	0.01573	0.02557	0.05310	0.02950	0.71483	0.04130	0.00787	0.00787	0.01180	0.00492	0.00492
19	0.01003	0.00717	0.00954	0.01120	0.01180	0.00669	0.00754	0.01166	0.01620	0.02177	0.09959	0.65167	0.05571	0.02463	0.01029	0.00323	0.00463	0.02232	0.00766	0.00669
20	0.01069	0.00781	0.01004	0.01045	0.01188	0.00717	0.00747	0.01341	0.01966	0.02694	0.36654	0.31466	0.12238	0.02040	0.00988	0.00286	0.00420	0.01817	0.00826	0.00717
21	0.03641	0.01381	0.01883	0.01444	0.02071	0.01193	0.01193	0.03954	0.02322	0.66984	0.03201	0.02762	0.02009	0.01004	0.00816	0.00251	0.00690	0.00816	0.01004	0.01381
22	0.16278	0.01799	0.02001	0.01561	0.02176	0.01874	0.01289	0.29488	0.02802	0.29178	0.02298	0.02158	0.01539	0.00947	0.00759	0.00248	0.00767	0.00713	0.00833	0.01293
23	0.08071	0.01384	0.01410	0.01233	0.01611	0.01521	0.00973	0.16030	0.16868	0.03618	0.02524	0.02652	0.01922	0.00972	0.00676	0.00226	0.00572	0.00763	0.35947	0.01026
24	0.01039	0.00730	0.00934	0.01069	0.01111	0.00693	0.00693	0.01158	0.01497	0.02004	0.06523	0.53099	0.04899	0.18494	0.01750	0.00433	0.00540	0.02011	0.00698	0.00625
25	0.00986	0.00716	0.00932	0.01105	0.01170	0.00661	0.00742	0.01133	0.01578	0.02081	0.04780	0.65763	0.10358	0.02502	0.01029	0.00325	0.00466	0.02258	0.00753	0.00661
26	0.01408	0.00889	0.01028	0.00990	0.01064	0.00886	0.00610	0.04445	0.01414	0.05792	0.02736	0.10833	0.03030	0.57541	0.03487	0.00686	0.00758	0.01236	0.00562	0.00605
27	0.00984	0.00724	0.00923	0.01082	0.01164	0.00663	0.00732	0.01135	0.01599	0.02090	0.05049	0.61230	0.14718	0.02467	0.01024	0.00321	0.00462	0.02215	0.00753	0.00663
28	0.02314	0.01727	0.01881	0.01637	0.02131	0.01936	0.01289	0.08158	0.52241	0.12344	0.03200	0.02920	0.02340	0.01079	0.00823	0.00270	0.00665	0.00891	0.00850	0.01304
29	0.03250	0.01760	0.02073	0.01600	0.02211	0.01786	0.01318	0.31806	0.02983	0.34109	0.02581	0.02397	0.01719	0.00987	0.00799	0.00244	0.00766	0.00772	0.05498	0.01342
30	0.01010	0.00730	0.00958	0.01118	0.01194	0.00678	0.00767	0.01180	0.01633	0.02170	0.08730	0.60436	0.09202	0.02443	0.01029	0.00323	0.00472	0.04495	0.00762	0.00671
31	0.01683	0.01442	0.01683	0.01202	0.01923	0.01082	0.00961	0.02043	0.01683	0.02644	0.01442	0.01683	0.01202	0.00601	0.00601	0.00120	0.00601	0.00481	0.00481	0.76444
32	0.01147	0.00866	0.01274	0.01274	0.01427	0.00993	0.00989	0.01431	0.01338	0.01903	0.02555	0.03479	0.06071	0.05831	0.64020	0.01239	0.02062	0.00923	0.00455	0.00722
33	0.01016	0.00718	0.00933	0.01094	0.01134	0.00678	0.00715	0.01137	0.01499	0.01999	0.04193	0.61400	0.05015	0.12576	0.01486	0.00396	0.00517	0.02143	0.00715	0.00635
34	0.01180	0.00787	0.00885	0.00885	0.00885	0.00787	0.00492	0.01180	0.01180	0.01573	0.02557	0.05310	0.02950	0.71483	0.04130	0.00787	0.00787	0.01180	0.00492	0.00492
35	0.01180	0.00787	0.00885	0.00885	0.00885	0.00787	0.00492	0.01180	0.01180	0.01573	0.02557	0.05310	0.02950	0.71483	0.04130	0.00787	0.00787	0.01180	0.00492	0.00492
36	0.01683	0.01442	0.01683	0.01202	0.01923	0.01082	0.00961	0.02043	0.01683	0.02644	0.01442	0.01683	0.01202	0.00601	0.00601	0.00120	0.00601	0.00481	0.00481	0.76444
37	0.01665	0.01495	0.02554	0.60608	0.08107	0.01792	0.04973	0.02200	0.01677	0.05026	0.01534	0.02184	0.01139	0.00810	0.00818	0.00268	0.01072	0.00736	0.00393	0.00949
38	0.02158	0.04845	0.19366	0.02589	0.13912	0.10127	0.07521	0.13920	0.06387	0.03029	0.04368	0.02295	0.04033	0.00903	0.00806	0.00247	0.01041	0.00760	0.00523	0.01171
39	0.01287	0.00920	0.01284	0.01471	0.01649	0.00917	0.01273	0.01646	0.01848	0.02406	0.04307	0.13053	0.04714	0.02260	0.01115	0.00371	0.00730	0.57259	0.00748	0.00742
40	0.01814	0.01753	0.06990	0.01563	0.05593	0.01353	0.01261	0.07954	0.04800	0.02887	0.01844	0.02028	0.03794	0.00735	0.00669	0.00162	0.00690	0.00595	0.00523	0.52990
41	0.01914	0.05210	0.06838	0.11998	0.38972	0.01929	0.02176	0.02666	0.10577	0.02642	0.01735	0.02098	0.01393	0.00780	0.00780	0.00240	0.00921	0.00714	0.00454	0.05964
42	0.01673	0.03880	0.57408	0.02488	0.03627	0.01911	0.12551	0.02574	0.01745	0.02574	0.01485	0.01788	0.01060	0.00757	0.00800	0.00260	0.01226	0.00656	0.00353	0.01183
43	0.01842	0.18287	0.36074	0.04554	0.05883	0.06698	0.06059	0.02501	0.01792	0.02418	0.05458	0.01939	0.01476	0.00809	0.00740	0.00236	0.01090	0.00645	0.00391	0.01107
44	0.12244	0.13678	0.08935	0.01700	0.05655	0.02006	0.01453	0.15291	0.06915	0.11201	0.02452	0.02455	0.07428	0.00962	0.00724	0.00235	0.00787	0.00734	0.00628	0.04518
45	0.13662	0.06062	0.05069	0.01422	0.01980	0.01637	0.01216	0.06483	0.15749	0.22213	0.08047	0.02871	0.05063	0.01040	0.00759	0.00247	0.00676	0.00823	0.00764	0.04216
46	0.08812	0.28834	0.27950	0.01787	0.02639	0.06000	0.01976	0.06597	0.01851	0.04810	0.01388	0.01564	0.01078	0.00766	0.00656	0.00222	0.01002	0.00536	0.00417	0.01116
47	0.05279	0.29090	0.09103	0.01581	0.02256	0.06619	0.01485	0.06821	0.08342	0.19057	0.01967	0.01939	0.01447	0.00850	0.00682	0.00221	0.00864	0.00620	0.00602	0.01176
48	0.05424	0.04426	0.08477	0.01579	0.02168	0.01462	0.06589	0.02808	0.12265	0.16094	0.14143	0.03186	0.05348	0.01052	0.00801	0.00238	0.00715	0.00900	0.00707	0.11615
49	0.01597	0.05418	0.23339	0.01860	0.05222	0.01607	0.01813	0.02385	0.09705	0.02734	0.15050	0.03614	0.03000	0.01187	0.00958	0.00264	0.05356	0.07789	0.00575	0.06529

[dist]
# distance from previous block
# <min> <max>
0	16

[block]
# block no. 5 follows, 23 sequences, length 134
# corresponding to MSA columns:
# 383-516
name=unknown_F
#
# <colnr> <probs for GDERKNQSTAVLIFYWHMCP>
#	G	D	E	R	K	N	Q	S	T	A	V	L	I	F	Y	W	H	M	C	P
0	0.01863	0.02307	0.14740	0.06688	0.19043	0.01891	0.23595	0.05668	0.04643	0.02751	0.04568	0.04959	0.01704	0.00864	0.00869	0.00262	0.01090	0.00886	0.00467	0.01141
1	0.02214	0.01742	0.02064	0.01770	0.04951	0.01799	0.03700	0.11911	0.31351	0.08486	0.02527	0.02462	0.01887	0.00925	0.00774	0.00231	0.00713	0.00774	0.00723	0.18997
2	0.02222	0.46165	0.03413	0.01472	0.02126	0.09619	0.01342	0.05727	0.05381	0.02282	0.01355	0.01509	0.01165	0.00732	0.00588	0.00178	0.00877	0.00493	0.00426	0.12927
3	0.01842	0.01567	0.02210	0.01656	0.02315	0.01362	0.11388	0.04646	0.06601	0.05536	0.01866	0.02308	0.01529	0.01034	0.04213	0.00239	0.00833	0.03105	0.00539	0.45211
4	0.01524	0.03890	0.01678	0.01433	0.01783	0.01189	0.05875	0.02125	0.10482	0.05954	0.13293	0.13279	0.12450	0.01646	0.00935	0.00284	0.00640	0.14458	0.00733	0.06349
5	0.01824	0.02452	0.16009	0.16696	0.07356	0.04938	0.28366	0.02457	0.01776	0.02409	0.01495	0.02017	0.01142	0.00795	0.01010	0.00272	0.06753	0.00789	0.00383	0.01062
6	0.05203	0.10273	0.47534	0.02203	0.05962	0.01988	0.02524	0.05382	0.01839	0.07562	0.01568	0.01759	0.01124	0.00787	0.00742	0.00247	0.01079	0.00604	0.00424	0.01196
7	0.01385	0.01012	0.01299	0.01269	0.01486	0.03197	0.03268	0.01614	0.01760	0.07225	0.11756	0.45740	0.04696	0.01995	0.00954	0.00288	0.00558	0.01797	0.00739	0.07961
8	0.02722	0.02093	0.02231	0.01794	0.02378	0.02347	0.01455	0.43542	0.24579	0.04530	0.02408	0.02315	0.01752	0.01017	0.00816	0.00254	0.00808	0.00794	0.00816	0.01347
9	0.01037	0.00743	0.00982	0.01156	0.01226	0.00700	0.00808	0.01204	0.01588	0.02100	0.04494	0.58142	0.07211	0.05434	0.01176	0.00353	0.00518	0.09725	0.00741	0.00664
10	0.07079	0.01081	0.01227	0.01196	0.01465	0.01087	0.00883	0.02041	0.14900	0.02741	0.15325	0.28936	0.09085	0.01742	0.00894	0.00277	0.00509	0.01521	0.00752	0.07259
11	0.01894	0.07746	0.13808	0.03187	0.09496	0.02122	0.41618	0.02544	0.01830	0.02519	0.01540	0.02017	0.01184	0.00733	0.00956	0.00264	0.04202	0.00833	0.00392	0.01114
12	0.01180	0.00787	0.00885	0.00885	0.00885	0.00787	0.00492	0.01180	0.01180	0.01573	0.02557	0.05310	0.02950	0.71483	0.04130	0.00787	0.00787	0.01180	0.00492	0.00492
13	0.01002	0.00732	0.00946	0.01112	0.01193	0.00676	0.00765	0.01163	0.01606	0.02104	0.04916	0.60113	0.12673	0.02468	0.01031	0.00325	0.00478	0.05278	0.00753	0.00667
14	0.01972	0.01891	0.03228	0.09883	0.61801	0.01918	0.02472	0.02459	0.01831	0.02607	0.01520	0.02020	0.01270	0.00730	0.00804	0.00243	0.00973	0.00723	0.00399	0.01256
15	0.03056	0.02220	0.02438	0.02081	0.07583	0.05248	0.01582	0.49690	0.03429	0.11442	0.02018	0.02019	0.01425	0.00951	0.00808	0.00243	0.00902	0.00730	0.00782	0.01353
16	0.01180	0.00787	0.00885	0.00885	0.00885	0.00787	0.00492	0.01180	0.01180	0.01573	0.02557	0.05310	0.02950	0.71483	0.04130	0.00787	0.00787	0.01180	0.00492	0.00492
17	0.01683	0.01442	0.01683	0.01202	0.01923	0.01082	0.00961	0.02043	0.01683	0.02644	0.01442	0.01683	0.01202	0.00601	0.00601	0.00120	0.00601	0.00481	0.00481	0.76444
18	0.07854	0.01744	0.02857	0.29341	0.15607	0.01970	0.12130	0.05122	0.04590	0.02576	0.01538	0.02066	0.01202	0.00843	0.00973	0.00270	0.07104	0.00746	0.00428	0.01039
19	0.01190	0.01009	0.01050	0.01008	0.01312	0.00962	0.00765	0.01834	0.14663	0.02530	0.12374	0.06685	0.48007	0.01827	0.00932	0.00273	0.00455	0.01530	0.00781	0.00814
20	0.02637	0.01172	0.01593	0.01356	0.01802	0.01047	0.01116	0.02978	0.02233	0.40410	0.17833	0.04701	0.03798	0.01383	0.00905	0.00275	0.00630	0.12079	0.00931	0.01122
21	0.01044	0.00733	0.00986	0.01152	0.01217	0.00691	0.00799	0.01196	0.01600	0.02139	0.07768	0.58973	0.05259	0.02479	0.01134	0.03710	0.00500	0.07219	0.00743	0.00659
22	0.01552	0.01481	0.02556	0.66107	0.05519	0.01816	0.05426	0.02100	0.01638	0.02100	0.01453	0.02165	0.01089	0.00805	0.00819	0.00271	0.01097	0.00733	0.00363	0.00911
23	0.01944	0.01669	0.01772	0.01614	0.02052	0.01915	0.01262	0.04064	0.59455	0.03302	0.03528	0.03514	0.04840	0.01194	0.00846	0.00280	0.00639	0.04057	0.00819	0.01235
24	0.01005	0.00718	0.00960	0.01149	0.01203	0.00673	0.00782	0.01158	0.01570	0.02090	0.04463	0.67751	0.05331	0.02527	0.01040	0.00332	0.00485	0.05346	0.00753	0.00664
25	0.01727	0.01657	0.02893	0.47631	0.14168	0.01889	0.10926	0.05018	0.01797	0.02371	0.01506	0.02134	0.01146	0.00788	0.00831	0.00265	0.01096	0.00755	0.00394	0.01007
26	0.09573	0.02971	0.02153	0.01878	0.02360	0.37309	0.01454	0.16336	0.12764	0.03037	0.01726	0.01810	0.01336	0.00901	0.00743	0.00231	0.01131	0.00624	0.00577	0.01086
27	0.01683	0.01442	0.01683	0.01202	0.01923	0.01082	0.00961	0.02043	0.01683	0.02644	0.01442	0.01683	0.01202	0.00601	0.00601	0.00120	0.00601	0.00481	0.00481	0.76444
28	0.00991	0.00823	0.00866	0.00855	0.01115	0.00698	0.00641	0.01226	0.01924	0.02369	0.17842	0.07518	0.56360	0.01989	0.00959	0.00271	0.00406	0.01672	0.00777	0.00698
