[name]
unknown

[dist]
# distance from previous block
# <min> <max>
21	65

[block]
# block no. 0 follows, 24 sequences, length 13
# corresponding to MSA columns:
# 76-88
name=unknown_A
#
# <colnr> <probs for GDERKNQSTAVLIFYWHMCP>
#	G	D	E	R	K	N	Q	S	T	A	V	L	I	F	Y	W	H	M	C	P
0	0.10310	0.01891	0.01843	0.04992	0.02200	0.11938	0.01206	0.13619	0.02146	0.10761	0.01797	0.05398	0.01448	0.00860	0.00692	0.00200	0.00800	0.00660	0.00590	0.26650
1	0.02400	0.05869	0.09988	0.02636	0.20825	0.04544	0.01844	0.21121	0.07964	0.09487	0.04193	0.02153	0.01622	0.00878	0.00775	0.00238	0.00888	0.00724	0.00611	0.01240
2	0.09578	0.01733	0.02187	0.02219	0.14392	0.05133	0.05015	0.13571	0.04156	0.09491	0.02142	0.12377	0.01907	0.01086	0.00870	0.00247	0.04258	0.00909	0.00604	0.08126
3	0.05314	0.02213	0.13695	0.19396	0.17249	0.08015	0.02019	0.02684	0.05386	0.11110	0.01729	0.02013	0.01280	0.00800	0.00758	0.00242	0.00976	0.00669	0.00483	0.03969
4	0.02110	0.01708	0.02797	0.16550	0.43208	0.01759	0.02154	0.02642	0.04542	0.12087	0.01790	0.02142	0.01372	0.00779	0.00789	0.00244	0.00911	0.00728	0.00489	0.01199
5	0.02775	0.01837	0.07180	0.05052	0.15592	0.01639	0.01652	0.14317	0.04134	0.30888	0.02304	0.02266	0.01578	0.00881	0.00782	0.00238	0.00813	0.00733	0.00726	0.04614
6	0.02370	0.01740	0.02100	0.01663	0.02223	0.01804	0.04865	0.21304	0.18171	0.11949	0.02347	0.05068	0.01799	0.00981	0.00847	0.00233	0.03493	0.00799	0.00718	0.15527
7	0.01190	0.00933	0.01189	0.04502	0.01570	0.00862	0.00897	0.01513	0.04907	0.02224	0.03771	0.44668	0.07091	0.01927	0.00911	0.00277	0.00534	0.05075	0.00670	0.15290
8	0.01963	0.01884	0.03219	0.04867	0.67185	0.01884	0.02434	0.02434	0.01806	0.02591	0.01492	0.01963	0.01256	0.00707	0.00785	0.00236	0.00942	0.00707	0.00393	0.01256
9	0.01543	0.01456	0.02461	0.63833	0.11498	0.01774	0.02225	0.02066	0.01607	0.02081	0.01417	0.02099	0.01077	0.00784	0.00792	0.00261	0.01046	0.00705	0.00356	0.00918
10	0.01992	0.02057	0.09324	0.04069	0.50241	0.01862	0.02285	0.02720	0.09741	0.05305	0.01766	0.02088	0.01404	0.00768	0.00785	0.00242	0.00915	0.00722	0.00462	0.01252
11	0.02538	0.01645	0.01949	0.07013	0.02357	0.01762	0.01353	0.24732	0.14859	0.18507	0.02753	0.08911	0.02204	0.01177	0.00834	0.00262	0.00749	0.04403	0.00796	0.01196
12	0.13613	0.15381	0.06207	0.03292	0.02183	0.11776	0.01387	0.10197	0.04728	0.11855	0.01889	0.02008	0.03387	0.01142	0.04109	0.00282	0.04327	0.00636	0.00554	0.01049

[dist]
# distance from previous block
# <min> <max>
4	16

[block]
# block no. 1 follows, 24 sequences, length 25
# corresponding to MSA columns:
# 105-129
name=unknown_B
#
# <colnr> <probs for GDERKNQSTAVLIFYWHMCP>
#	G	D	E	R	K	N	Q	S	T	A	V	L	I	F	Y	W	H	M	C	P
0	0.05668	0.01712	0.02675	0.20358	0.35389	0.01852	0.02083	0.04871	0.04142	0.04874	0.01562	0.02004	0.01243	0.00797	0.00869	0.00247	0.04816	0.00694	0.00439	0.03705
1	0.01278	0.01043	0.01455	0.08487	0.09519	0.01053	0.01120	0.01761	0.06899	0.02672	0.29298	0.18723	0.10389	0.01600	0.00909	0.00268	0.00551	0.01424	0.00718	0.00833
2	0.02322	0.01673	0.02262	0.11761	0.10482	0.01728	0.04061	0.20058	0.04866	0.13396	0.04493	0.02307	0.01680	0.01153	0.04534	0.00287	0.00899	0.00746	0.00639	0.10651
3	0.01545	0.01474	0.02539	0.62955	0.09331	0.01781	0.05104	0.02076	0.01613	0.02086	0.01424	0.02106	0.01077	0.00782	0.00799	0.00263	0.01063	0.00716	0.00357	0.00914
4	0.01869	0.01523	0.01735	0.07860	0.02211	0.03612	0.01193	0.08870	0.19876	0.05625	0.12554	0.05394	0.02711	0.01038	0.00772	0.00222	0.00663	0.00870	0.00678	0.20723
5	0.02422	0.01608	0.02144	0.01623	0.02229	0.01519	0.07614	0.14790	0.04631	0.20382	0.06516	0.02371	0.01894	0.00889	0.00824	0.00213	0.03278	0.00742	0.00697	0.23614
6	0.01654	0.01672	0.03121	0.40334	0.08193	0.01800	0.22248	0.02213	0.01694	0.02261	0.01477	0.02082	0.01123	0.00734	0.00825	0.00254	0.01110	0.00764	0.00378	0.06061
7	0.01400	0.01144	0.01380	0.01131	0.01598	0.00910	0.00861	0.01703	0.01701	0.02533	0.11693	0.19564	0.03102	0.01207	0.00743	0.00187	0.00525	0.01052	0.00595	0.46971
8	0.35201	0.07414	0.01920	0.04869	0.02150	0.19541	0.01238	0.10504	0.01968	0.06697	0.01365	0.01522	0.01047	0.00797	0.00621	0.00229	0.00903	0.00521	0.00517	0.00977
9	0.01135	0.00841	0.01231	0.01231	0.01358	0.00968	0.00937	0.01388	0.01262	0.01809	0.02163	0.03334	0.02077	0.12913	0.62153	0.01221	0.01981	0.00882	0.00431	0.00684
10	0.01942	0.01685	0.01830	0.05948	0.02277	0.01959	0.01315	0.04076	0.61699	0.03236	0.03113	0.02905	0.02335	0.01058	0.00806	0.00269	0.00655	0.00884	0.00778	0.01232
11	0.01086	0.00809	0.01010	0.00960	0.01162	0.00733	0.00720	0.01426	0.02159	0.02977	0.55268	0.06258	0.19108	0.01697	0.00936	0.00253	0.00380	0.01481	0.00846	0.00733
12	0.01762	0.02438	0.18051	0.02666	0.03274	0.02115	0.29016	0.02316	0.01601	0.02316	0.01370	0.01896	0.01103	0.00936	0.01470	0.00291	0.25217	0.00774	0.00368	0.01023
13	0.01767	0.02695	0.23997	0.02848	0.03663	0.02008	0.37385	0.02451	0.01727	0.02451	0.01477	0.01944	0.01121	0.00786	0.01090	0.00272	0.10070	0.00797	0.00374	0.01076
14	0.77733	0.01534	0.01166	0.01043	0.01534	0.01779	0.00859	0.02331	0.01350	0.03558	0.01104	0.01288	0.00859	0.00736	0.00491	0.00245	0.00613	0.00429	0.00491	0.00859
15	0.01620	0.07931	0.64453	0.02210	0.03354	0.01914	0.02842	0.02504	0.01671	0.02475	0.01405	0.01652	0.01005	0.00749	0.00740	0.00247	0.01154	0.00577	0.00335	0.01163
16	0.02120	0.72609	0.04155	0.01357	0.02035	0.03138	0.01357	0.02374	0.01611	0.01866	0.01102	0.01272	0.01018	0.00678	0.00509	0.00170	0.00848	0.00424	0.00339	0.01018
17	0.01278	0.00913	0.01278	0.01460	0.01643	0.00913	0.01278	0.01643	0.01825	0.02373	0.04199	0.08945	0.04564	0.02191	0.01095	0.00365	0.00730	0.61847	0.00730	0.00730
18	0.00966	0.00690	0.00920	0.01104	0.01150	0.00644	0.00736	0.01104	0.01518	0.02024	0.04371	0.71614	0.05245	0.02484	0.01012	0.00322	0.00460	0.02254	0.00736	0.00644
19	0.00988	0.00699	0.00914	0.01076	0.01116	0.00659	0.00706	0.01110	0.01475	0.01967	0.04149	0.63761	0.04966	0.10719	0.01370	0.00375	0.00497	0.02124	0.00706	0.00625
20	0.01039	0.00812	0.00969	0.00942	0.01160	0.00741	0.00711	0.01324	0.01932	0.02551	0.32470	0.06369	0.33822	0.02306	0.08941	0.00378	0.00592	0.01474	0.00758	0.00708
21	0.00949	0.00804	0.00820	0.00816	0.01078	0.00674	0.00612	0.01161	0.01835	0.02208	0.11773	0.07523	0.63082	0.01984	0.00937	0.00267	0.00400	0.01658	0.00745	0.00674
22	0.02950	0.02189	0.02344	0.01811	0.02435	0.02429	0.01492	0.60811	0.07563	0.04894	0.01986	0.01969	0.01415	0.00960	0.00794	0.00240	0.00857	0.00725	0.00794	0.01343
23	0.02978	0.03313	0.02287	0.01978	0.02454	0.49039	0.01525	0.21544	0.02691	0.02856	0.01429	0.01572	0.01119	0.00858	0.00738	0.00214	0.01263	0.00572	0.00524	0.01048
24	0.01978	0.01360	0.01528	0.01304	0.01717	0.01394	0.01031	0.15366	0.15594	0.12173	0.16682	0.04463	0.19325	0.01379	0.00861	0.00255	0.00578	0.01146	0.00823	0.01040

[dist]
# distance from previous block
# <min> <max>
35	42

[block]
# block no. 2 follows, 24 sequences, length 9
# corresponding to MSA columns:
# 180-188
name=unknown_C
#
# <colnr> <probs for GDERKNQSTAVLIFYWHMCP>
#	G	D	E	R	K	N	Q	S	T	A	V	L	I	F	Y	W	H	M	C	P
0	0.01699	0.01907	0.10254	0.11982	0.31511	0.01682	0.07151	0.02328	0.05765	0.02585	0.09024	0.02801	0.05985	0.00922	0.00822	0.00249	0.00902	0.00861	0.00480	0.01092
1	0.01377	0.00994	0.01261	0.05679	0.01671	0.00939	0.00945	0.01803	0.06202	0.06932	0.19074	0.19239	0.14321	0.01664	0.00900	0.00265	0.00532	0.06350	0.00735	0.09117
2	0.12094	0.06406	0.14302	0.01793	0.07467	0.01734	0.01537	0.09752	0.10395	0.07869	0.04127	0.05891	0.05769	0.01001	0.00738	0.00239	0.00766	0.00802	0.00594	0.06723
3	0.02093	0.02022	0.06764	0.08729	0.26231	0.09103	0.04462	0.04252	0.08442	0.08405	0.02173	0.02407	0.04540	0.00872	0.00777	0.00239	0.00915	0.00762	0.05690	0.01121
4	0.04257	0.05337	0.09385	0.02750	0.26337	0.07619	0.01768	0.02468	0.05880	0.06231	0.17027	0.02866	0.02764	0.00974	0.00791	0.00237	0.00828	0.00842	0.00559	0.01079
5	0.01817	0.01306	0.01648	0.04864	0.05455	0.01156	0.01089	0.02347	0.07785	0.11986	0.14004	0.03120	0.06863	0.00985	0.00744	0.00197	0.00596	0.00833	0.00654	0.32550
6	0.01597	0.01729	0.15173	0.01695	0.05543	0.01205	0.04147	0.04279	0.01973	0.08224	0.21588	0.12854	0.03901	0.01365	0.00873	0.00259	0.00708	0.06100	0.00666	0.06121
7	0.01865	0.06763	0.14981	0.02112	0.11109	0.04526	0.05724	0.06443	0.06104	0.06683	0.06634	0.07440	0.07947	0.01061	0.00793	0.00238	0.00838	0.00910	0.00560	0.07270
8	0.08194	0.02195	0.16407	0.05019	0.19984	0.01788	0.06215	0.02732	0.09183	0.10412	0.02047	0.02251	0.03672	0.00885	0.00893	0.00256	0.05466	0.00740	0.00515	0.01145

[dist]
# distance from previous block
# <min> <max>
4	19

[block]
# block no. 3 follows, 24 sequences, length 36
# corresponding to MSA columns:
# 208-243
name=unknown_D
#
# <colnr> <probs for GDERKNQSTAVLIFYWHMCP>
#	G	D	E	R	K	N	Q	S	T	A	V	L	I	F	Y	W	H	M	C	P
0	0.05498	0.05534	0.10305	0.05294	0.06859	0.04420	0.22812	0.05691	0.01914	0.10757	0.01944	0.08056	0.01600	0.00903	0.00815	0.00248	0.01009	0.00871	0.00518	0.04953
1	0.05846	0.08723	0.22248	0.02128	0.10375	0.01910	0.01879	0.06526	0.12599	0.07977	0.01978	0.04330	0.01582	0.03962	0.00976	0.00272	0.04293	0.00738	0.00529	0.01130
2	0.09610	0.18632	0.15411	0.01630	0.02355	0.04507	0.04381	0.02840	0.06506	0.16086	0.01805	0.01860	0.01326	0.00786	0.00673	0.00216	0.00853	0.00600	0.00541	0.09383
3	0.05009	0.10959	0.12307	0.05642	0.02259	0.03851	0.01513	0.09142	0.03824	0.06989	0.04273	0.09153	0.02224	0.01194	0.00886	0.00258	0.05060	0.07787	0.06687	0.00983
4	0.01849	0.29690	0.12227	0.03609	0.02150	0.02169	0.01443	0.08130	0.07924	0.02369	0.02034	0.02520	0.04843	0.10340	0.05259	0.00350	0.00928	0.00713	0.00470	0.00984
5	0.02147	0.40028	0.03421	0.01683	0.02190	0.05832	0.06740	0.02412	0.01624	0.07670	0.01379	0.01745	0.01205	0.04078	0.01146	0.00248	0.14458	0.00590	0.00412	0.00993
6	0.01899	0.11027	0.02597	0.41679	0.04119	0.02124	0.01898	0.14025	0.04183	0.02607	0.01503	0.01969	0.01153	0.00853	0.00864	0.00252	0.05125	0.00675	0.00450	0.01000
7	0.01377	0.00689	0.01033	0.01033	0.01033	0.00689	0.00689	0.01033	0.01033	0.01377	0.01377	0.02410	0.01377	0.02755	0.03099	0.76928	0.00689	0.00689	0.00344	0.00344
8	0.69866	0.01606	0.01293	0.01125	0.01631	0.01851	0.00927	0.08881	0.01600	0.03709	0.01188	0.01353	0.00910	0.00759	0.00523	0.00245	0.00641	0.00459	0.00523	0.00910
9	0.01827	0.02168	0.07509	0.07529	0.04094	0.02002	0.54262	0.02475	0.01812	0.02475	0.01555	0.02095	0.01176	0.00716	0.00999	0.00270	0.04700	0.00892	0.00392	0.01053
10	0.02605	0.04617	0.02297	0.08389	0.02628	0.15065	0.01525	0.34451	0.08710	0.03642	0.01900	0.04884	0.01502	0.00992	0.00837	0.00242	0.03162	0.00747	0.00647	0.01156
11	0.01005	0.00718	0.00963	0.01138	0.01204	0.00677	0.00794	0.01176	0.01579	0.02106	0.06752	0.62435	0.05259	0.02420	0.01018	0.00324	0.00485	0.08549	0.00741	0.00657
12	0.01644	0.01409	0.01644	0.01175	0.01879	0.01057	0.00940	0.01997	0.01644	0.02584	0.01409	0.01644	0.01175	0.00587	0.00587	0.00117	0.00587	0.00470	0.00470	0.76979
13	0.01295	0.02186	0.29301	0.01535	0.02125	0.01195	0.01662	0.01867	0.01906	0.02729	0.29954	0.11462	0.06855	0.01366	0.00867	0.00259	0.00721	0.01176	0.00625	0.00912
14	0.01590	0.04102	0.68023	0.02260	0.03432	0.01842	0.02930	0.02511	0.01674	0.02511	0.01423	0.01674	0.01005	0.00753	0.00753	0.00251	0.01172	0.00586	0.00335	0.01172
15	0.01083	0.00796	0.01014	0.00986	0.01167	0.00727	0.00729	0.01410	0.02112	0.02928	0.52852	0.13327	0.14393	0.01762	0.00944	0.00260	0.00387	0.01553	0.00841	0.00727
16	0.00966	0.00690	0.00920	0.01104	0.01150	0.00644	0.00736	0.01104	0.01518	0.02024	0.04371	0.71614	0.05245	0.02484	0.01012	0.00322	0.00460	0.02254	0.00736	0.00644
17	0.01081	0.00809	0.01003	0.00954	0.01159	0.00731	0.00716	0.01417	0.02147	0.02949	0.53693	0.06304	0.20700	0.01707	0.00936	0.00253	0.00380	0.01487	0.00843	0.00731
18	0.02622	0.02984	0.02664	0.02910	0.21479	0.39188	0.04853	0.09264	0.02253	0.02476	0.01392	0.01669	0.01133	0.00791	0.00754	0.00220	0.01225	0.00610	0.00443	0.01070
19	0.00937	0.00803	0.00803	0.00803	0.01071	0.00669	0.00602	0.01138	0.01807	0.02142	0.08033	0.07632	0.66863	0.02008	0.00937	0.00268	0.00402	0.01674	0.00736	0.00669
20	0.01144	0.00765	0.00868	0.00877	0.00879	0.00762	0.00494	0.01151	0.01172	0.01562	0.02594	0.08580	0.03004	0.68576	0.03882	0.00746	0.00753	0.01209	0.00494	0.00489
21	0.01816	0.02308	0.12666	0.07390	0.11108	0.01974	0.42614	0.02464	0.01791	0.02482	0.01530	0.02038	0.01167	0.00724	0.00961	0.00265	0.04393	0.00839	0.00386	0.01083
22	0.01171	0.00859	0.01180	0.01394	0.04534	0.00846	0.01006	0.01405	0.01600	0.02117	0.03912	0.28788	0.06330	0.12030	0.04915	0.00443	0.00715	0.25402	0.00666	0.00689
23	0.01570	0.00906	0.01200	0.01079	0.01340	0.00822	0.00826	0.01921	0.02218	0.15169	0.52232	0.08130	0.06357	0.01539	0.00913	0.00252	0.00434	0.01350	0.00887	0.00856
24	0.01112	0.00803	0.01051	0.01004	0.01182	0.00742	0.00747	0.01471	0.02198	0.03106	0.62754	0.10148	0.07338	0.01677	0.00940	0.00254	0.00380	0.01487	0.00864	0.00742
25	0.01671	0.01624	0.01755	0.01545	0.01825	0.12780	0.06692	0.04783	0.06586	0.02491	0.16480	0.10472	0.10243	0.08445	0.01336	0.00316	0.06401	0.03088	0.00630	0.00834
26	0.01853	0.02102	0.04562	0.06754	0.04212	0.01993	0.61137	0.02514	0.01857	0.02514	0.01594	0.02138	0.01196	0.00675	0.00929	0.00267	0.01323	0.00924	0.00399	0.01060
27	0.02074	0.55831	0.15769	0.01565	0.02317	0.06912	0.01656	0.02448	0.01662	0.01989	0.01169	0.01356	0.01015	0.00701	0.00566	0.00187	0.00943	0.00459	0.00343	0.01040
28	0.74434	0.01633	0.01213	0.01087	0.01574	0.04742	0.00889	0.02368	0.01389	0.03486	0.01110	0.01294	0.00866	0.00740	0.00501	0.00244	0.00649	0.00433	0.00487	0.00861
29	0.03558	0.01350	0.01840	0.01411	0.02024	0.01166	0.01166	0.03865	0.02270	0.67734	0.03128	0.02699	0.01963	0.00981	0.00797	0.00245	0.00675	0.00797	0.00981	0.01350
30	0.01082	0.00809	0.01004	0.00955	0.01160	0.00731	0.00716	0.01418	0.02149	0.02952	0.53884	0.06298	0.20507	0.01706	0.00936	0.00253	0.00380	0.01487	0.00843	0.00731
31	0.01644	0.01409	0.01644	0.01175	0.01879	0.01057	0.00940	0.01997	0.01644	0.02584	0.01409	0.01644	0.01175	0.00587	0.00587	0.00117	0.00587	0.00470	0.00470	0.76979
32	0.01142	0.00764	0.00868	0.00879	0.00882	0.00761	0.00496	0.01150	0.01175	0.01567	0.02610	0.09144	0.03024	0.67984	0.03856	0.00742	0.00750	0.01219	0.00496	0.00490
33	0.00966	0.00690	0.00920	0.01104	0.01150	0.00644	0.00736	0.01104	0.01518	0.02024	0.04371	0.71614	0.05245	0.02484	0.01012	0.00322	0.00460	0.02254	0.00736	0.00644
34	0.01478	0.00739	0.00739	0.00739	0.00924	0.00739	0.00554	0.01848	0.01663	0.02956	0.02587	0.02956	0.02033	0.00924	0.00554	0.00185	0.00370	0.00739	0.76534	0.00739
35	0.01498	0.01409	0.02378	0.70226	0.05462	0.01762	0.02202	0.02026	0.01586	0.02026	0.01409	0.02114	0.01057	0.00793	0.00793	0.00264	0.01057	0.00705	0.00352	0.00881

[dist]
# distance from previous block
# <min> <max>
0	4

[block]
# block no. 4 follows, 24 sequences, length 103
# corresponding to MSA columns:
# 248-350
name=unknown_E
#
# <colnr> <probs for GDERKNQSTAVLIFYWHMCP>
#	G	D	E	R	K	N	Q	S	T	A	V	L	I	F	Y	W	H	M	C	P
0	0.01339	0.00864	0.01143	0.01070	0.01292	0.00796	0.00826	0.01706	0.02213	0.08514	0.56390	0.05898	0.06785	0.01614	0.00937	0.00258	0.00428	0.06261	0.00870	0.00797
1	0.42835	0.01599	0.01576	0.01287	0.01839	0.01716	0.01062	0.13592	0.02035	0.22770	0.01841	0.01812	0.01270	0.00846	0.00634	0.00244	0.00677	0.00588	0.00688	0.01089
2	0.01541	0.01477	0.02565	0.63196	0.07785	0.01783	0.06367	0.02076	0.01613	0.02083	0.01426	0.02110	0.01075	0.00781	0.00802	0.00263	0.01071	0.00720	0.00357	0.00908
3	0.01122	0.00811	0.01060	0.00998	0.01185	0.00748	0.00748	0.01496	0.02245	0.03180	0.66766	0.05923	0.07482	0.01621	0.00935	0.00249	0.00374	0.01434	0.00873	0.00748
4	0.01478	0.00739	0.00739	0.00739	0.00924	0.00739	0.00554	0.01848	0.01663	0.02956	0.02587	0.02956	0.02033	0.00924	0.00554	0.00185	0.00370	0.00739	0.76534	0.00739
5	0.01599	0.01590	0.02822	0.48741	0.04776	0.01894	0.13935	0.02109	0.01592	0.02109	0.01399	0.02070	0.01083	0.00846	0.01053	0.00276	0.10085	0.00747	0.00361	0.00915
6	0.00966	0.00690	0.00920	0.01104	0.01150	0.00644	0.00736	0.01104	0.01518	0.02024	0.04371	0.71614	0.05245	0.02484	0.01012	0.00322	0.00460	0.02254	0.00736	0.00644
7	0.01377	0.00689	0.01033	0.01033	0.01033	0.00689	0.00689	0.01033	0.01033	0.01377	0.01377	0.02410	0.01377	0.02755	0.03099	0.76928	0.00689	0.00689	0.00344	0.00344
8	0.02867	0.03627	0.02197	0.02003	0.02398	0.65414	0.01504	0.03075	0.02197	0.01936	0.01272	0.01518	0.01071	0.01084	0.04265	0.00260	0.01466	0.00528	0.00409	0.00908
9	0.07748	0.04124	0.01877	0.01426	0.01968	0.01594	0.01165	0.17398	0.08148	0.33066	0.02823	0.02734	0.04671	0.04194	0.00911	0.00266	0.00701	0.00803	0.03173	0.01209
10	0.03558	0.01350	0.01840	0.01411	0.02024	0.01166	0.01166	0.03865	0.02270	0.67734	0.03128	0.02699	0.01963	0.00981	0.00797	0.00245	0.00675	0.00797	0.00981	0.01350
11	0.03536	0.01384	0.01862	0.01427	0.02042	0.01217	0.01179	0.06291	0.02328	0.65225	0.03079	0.02667	0.01938	0.00980	0.00797	0.00245	0.00683	0.00794	0.00974	0.01349
12	0.03202	0.01920	0.02193	0.01682	0.02309	0.02012	0.01389	0.43575	0.03224	0.26675	0.02327	0.02179	0.01561	0.00962	0.00795	0.00241	0.00804	0.00743	0.00858	0.01349
13	0.02774	0.02234	0.02236	0.01795	0.02369	0.07910	0.01452	0.45756	0.17640	0.04362	0.02147	0.02103	0.01564	0.00969	0.00790	0.00242	0.00864	0.00738	0.00764	0.01292
14	0.01568	0.01328	0.01562	0.01167	0.01797	0.01010	0.00917	0.01896	0.01630	0.02521	0.01744	0.09560	0.01635	0.00802	0.00635	0.00141	0.00573	0.00672	0.00500	0.68343
15	0.01822	0.01170	0.01302	0.01149	0.01492	0.03487	0.00883	0.04324	0.08526	0.17041	0.19477	0.05086	0.23146	0.06210	0.01087	0.00289	0.00556	0.01236	0.00803	0.00917
16	0.00966	0.00690	0.00920	0.01104	0.01150	0.00644	0.00736	0.01104	0.01518	0.02024	0.04371	0.71614	0.05245	0.02484	0.01012	0.00322	0.00460	0.02254	0.00736	0.00644
17	0.01377	0.00689	0.01033	0.01033	0.01033	0.00689	0.00689	0.01033	0.01033	0.01377	0.01377	0.02410	0.01377	0.02755	0.03099	0.76928	0.00689	0.00689	0.00344	0.00344
18	0.01532	0.01471	0.02534	0.63024	0.05238	0.01805	0.06339	0.02056	0.01590	0.02056	0.01408	0.02101	0.01066	0.00808	0.00875	0.00268	0.03860	0.00720	0.00355	0.00893
19	0.02279	0.07410	0.02756	0.16030	0.23574	0.05159	0.01918	0.23069	0.04602	0.03221	0.01630	0.01930	0.01259	0.00820	0.00766	0.00237	0.00945	0.00685	0.00529	0.01181
20	0.01285	0.00847	0.01112	0.01025	0.01241	0.00776	0.00776	0.01655	0.02246	0.07500	0.62508	0.05708	0.07113	0.01578	0.00926	0.00249	0.00394	0.01391	0.00880	0.00788
21	0.02483	0.01877	0.02021	0.01680	0.02211	0.02102	0.01345	0.27281	0.37547	0.08491	0.02714	0.02537	0.01978	0.01022	0.00801	0.00255	0.00725	0.00820	0.00814	0.01298
22	0.01075	0.00812	0.00997	0.00980	0.01185	0.00734	0.00746	0.01389	0.02060	0.02774	0.42623	0.08911	0.24587	0.01808	0.00951	0.00266	0.00412	0.06152	0.00817	0.00720
23	0.67478	0.01628	0.01332	0.01150	0.01661	0.01872	0.00948	0.10869	0.01676	0.03755	0.01214	0.01373	0.00926	0.00766	0.00532	0.00244	0.00649	0.00468	0.00532	0.00926
24	0.01502	0.01399	0.02092	0.01816	0.01920	0.01802	0.05799	0.01736	0.01277	0.01905	0.01545	0.02464	0.01495	0.07705	0.24925	0.00682	0.37955	0.00795	0.00386	0.00802
25	0.01478	0.00739	0.00739	0.00739	0.00924	0.00739	0.00554	0.01848	0.01663	0.02956	0.02587	0.02956	0.02033	0.00924	0.00554	0.00185	0.00370	0.00739	0.76534	0.00739
26	0.01377	0.00689	0.01033	0.01033	0.01033	0.00689	0.00689	0.01033	0.01033	0.01377	0.01377	0.02410	0.01377	0.02755	0.03099	0.76928	0.00689	0.00689	0.00344	0.00344
27	0.00996	0.00830	0.00874	0.00876	0.01126	0.00725	0.00651	0.01286	0.04301	0.02270	0.12733	0.12359	0.54262	0.01976	0.00938	0.00270	0.00413	0.01668	0.00751	0.00697
28	0.02175	0.06655	0.39961	0.02021	0.02973	0.01709	0.06616	0.02857	0.01846	0.20254	0.01883	0.01964	0.01286	0.00800	0.00760	0.00242	0.01011	0.00656	0.00521	0.03809
29	0.01644	0.01409	0.01644	0.01175	0.01879	0.01057	0.00940	0.01997	0.01644	0.02584	0.01409	0.01644	0.01175	0.00587	0.00587	0.00117	0.00587	0.00470	0.00470	0.76979
30	0.65377	0.01506	0.01305	0.04682	0.01793	0.01709	0.00963	0.02489	0.01466	0.10739	0.01349	0.01491	0.00994	0.00767	0.00541	0.00246	0.00643	0.00485	0.00539	0.00915
31	0.01855	0.01774	0.03024	0.20050	0.52846	0.01856	0.02380	0.02339	0.01755	0.02460	0.01473	0.01998	0.01210	0.00727	0.00787	0.00242	0.00969	0.00706	0.00383	0.01169
32	0.07709	0.01941	0.02079	0.01916	0.07819	0.04218	0.01409	0.28708	0.24660	0.03862	0.02563	0.02510	0.05045	0.01008	0.00781	0.00249	0.00769	0.00799	0.00727	0.01225
33	0.01847	0.02086	0.04473	0.06743	0.04132	0.02009	0.58657	0.02489	0.01831	0.02489	0.01572	0.02122	0.01189	0.00703	0.00994	0.00270	0.04032	0.00914	0.00396	0.01052
34	0.01119	0.00893	0.01324	0.01344	0.01487	0.00862	0.06569	0.01454	0.06068	0.02162	0.04038	0.60450	0.04678	0.02220	0.00991	0.00313	0.00552	0.02039	0.00711	0.00726
35	0.01638	0.01714	0.09154	0.01297	0.02055	0.01146	0.01165	0.02055	0.01648	0.02576	0.01411	0.01648	0.01155	0.00606	0.00606	0.00133	0.00653	0.00483	0.00455	0.68403
36	0.15186	0.01913	0.02748	0.03911	0.49506	0.05329	0.02060	0.02534	0.04623	0.02758	0.01489	0.01863	0.01227	0.00734	0.00731	0.00237	0.00896	0.00657	0.00429	0.01170
37	0.01909	0.01631	0.01746	0.01600	0.02024	0.01876	0.01257	0.03979	0.59927	0.03231	0.03316	0.03504	0.02616	0.01177	0.00833	0.00278	0.00637	0.06451	0.00800	0.01207
38	0.01713	0.03816	0.58460	0.02314	0.03419	0.01898	0.07622	0.06876	0.01834	0.02688	0.01471	0.01727	0.01044	0.00761	0.00770	0.00251	0.01164	0.00622	0.00372	0.01176
39	0.01830	0.01719	0.02459	0.08180	0.15484	0.09093	0.12473	0.05047	0.01903	0.04811	0.02529	0.16364	0.02516	0.01314	0.00897	0.00277	0.00937	0.10653	0.00551	0.00962
40	0.01840	0.01775	0.03072	0.21477	0.48517	0.01859	0.05235	0.02335	0.01753	0.02444	0.01476	0.02009	0.01203	0.00727	0.00794	0.00244	0.00990	0.00717	0.00383	0.01152
41	0.00937	0.00803	0.00803	0.00803	0.01071	0.00669	0.00602	0.01138	0.01807	0.02142	0.08033	0.07632	0.66863	0.02008	0.00937	0.00268	0.00402	0.01674	0.00736	0.00669
42	0.01853	0.01817	0.03231	0.18474	0.45943	0.01874	0.10437	0.02361	0.01768	0.02465	0.01489	0.02018	0.01207	0.00720	0.00806	0.00246	0.01018	0.00736	0.00385	0.01153
43	0.05851	0.22969	0.09957	0.02063	0.08033	0.31201	0.01681	0.05523	0.01993	0.02248	0.01260	0.01473	0.01046	0.00764	0.00660	0.00206	0.01133	0.00517	0.00401	0.01020
44	0.01972	0.01703	0.01793	0.01614	0.02062	0.01972	0.01255	0.04214	0.65752	0.03317	0.03228	0.02959	0.02421	0.01076	0.00807	0.00269	0.00628	0.00897	0.00807	0.01255
45	0.01080	0.00783	0.00977	0.00972	0.01117	0.00725	0.00688	0.01337	0.01906	0.02616	0.39745	0.16920	0.13336	0.12570	0.01421	0.00343	0.00452	0.01555	0.00774	0.00681
46	0.02265	0.23541	0.02703	0.06198	0.02389	0.06778	0.01420	0.15869	0.24986	0.03045	0.02055	0.02071	0.01590	0.00893	0.00706	0.00228	0.00826	0.00677	0.00605	0.01155
47	0.01377	0.00689	0.01033	0.01033	0.01033	0.00689	0.00689	0.01033	0.01033	0.01377	0.01377	0.02410	0.01377	0.02755	0.03099	0.76928	0.00689	0.00689	0.00344	0.00344
48	0.01004	0.00717	0.00963	0.01147	0.01210	0.00677	0.00802	0.01169	0.01555	0.02066	0.04350	0.64046	0.05163	0.02449	0.01022	0.00327	0.00493	0.09450	0.00735	0.00654
49	0.03392	0.01420	0.01860	0.01448	0.02047	0.01296	0.01189	0.06623	0.07991	0.59175	0.03082	0.02686	0.01976	0.00989	0.00798	0.00247	0.00679	0.00803	0.00957	0.01341
50	0.01864	0.02537	0.18239	0.03049	0.03924	0.01944	0.49102	0.02575	0.01842	0.04577	0.01613	0.02056	0.01184	0.00697	0.00892	0.00263	0.01281	0.00856	0.00405	0.01100
51	0.02926	0.03659	0.02258	0.02036	0.02440	0.64481	0.01538	0.05326	0.02268	0.02049	0.01244	0.01457	0.01034	0.00840	0.00777	0.00210	0.03581	0.00524	0.00420	0.00933
52	0.01498	0.01409	0.02378	0.70226	0.05462	0.01762	0.02202	0.02026	0.01586	0.02026	0.01409	0.02114	0.01057	0.00793	0.00793	0.00264	0.01057	0.00705	0.00352	0.00881
53	0.01134	0.00761	0.00870	0.00889	0.00894	0.00756	0.00506	0.01148	0.01190	0.01587	0.02688	0.11910	0.03122	0.65085	0.03730	0.00724	0.00738	0.01265	0.00506	0.00497
54	0.02973	0.02139	0.02308	0.01776	0.02389	0.02353	0.01460	0.60075	0.03586	0.07313	0.01971	0.02044	0.01424	0.03327	0.00902	0.00256	0.00861	0.00732	0.00790	0.01320
55	0.01872	0.02139	0.04679	0.03342	0.04144	0.02005	0.64305	0.02540	0.01872	0.02540	0.01604	0.02139	0.01203	0.00668	0.00936	0.00267	0.01337	0.00936	0.00401	0.01070
56	0.00972	0.00695	0.00926	0.01100	0.01152	0.00648	0.00737	0.01119	0.01547	0.02069	0.06808	0.69048	0.05332	0.02451	0.01009	0.00319	0.00457	0.02222	0.00741	0.00648
57	0.01547	0.01506	0.02682	0.61393	0.05288	0.01794	0.10403	0.02094	0.01623	0.02094	0.01435	0.02117	0.01076	0.00776	0.00812	0.00265	0.01094	0.00735	0.00359	0.00906
58	0.01943	0.45781	0.20787	0.01626	0.02380	0.05159	0.01762	0.02367	0.01645	0.02054	0.01501	0.01688	0.03969	0.00792	0.00684	0.00204	0.03729	0.00537	0.00359	0.01033
59	0.01141	0.00764	0.00869	0.00881	0.00884	0.00760	0.00498	0.01150	0.01178	0.01570	0.02624	0.09634	0.03041	0.67471	0.03834	0.00739	0.00748	0.01227	0.00498	0.00491
60	0.02854	0.02067	0.02292	0.01900	0.05273	0.02268	0.01487	0.48484	0.12619	0.09229	0.02169	0.02119	0.01546	0.00961	0.00795	0.00243	0.00825	0.00746	0.00791	0.01331
61	0.00964	0.00698	0.00912	0.01084	0.01145	0.00646	0.00727	0.01106	0.01538	0.02032	0.04616	0.67332	0.09368	0.02453	0.01007	0.00318	0.00456	0.02215	0.00736	0.00646
62	0.01723	0.01190	0.01164	0.01073	0.01292	0.06431	0.00833	0.06841	0.01813	0.02891	0.02265	0.02650	0.01807	0.01185	0.03847	0.00254	0.06932	0.00720	0.54278	0.00811
63	0.01735	0.01735	0.02429	0.02082	0.02082	0.02429	0.01735	0.01908	0.01214	0.01908	0.01041	0.01735	0.01041	0.01388	0.02602	0.00347	0.70680	0.00694	0.00347	0.00867
64	0.01377	0.00689	0.01033	0.01033	0.01033	0.00689	0.00689	0.01033	0.01033	0.01377	0.01377	0.02410	0.01377	0.02755	0.03099	0.76928	0.00689	0.00689	0.00344	0.00344
65	0.02107	0.01834	0.02606	0.03452	0.39452	0.04266	0.01913	0.05637	0.16161	0.07393	0.02341	0.02509	0.04972	0.00891	0.00796	0.00244	0.00840	0.00799	0.00562	0.01224
66	0.01924	0.01837	0.03022	0.07851	0.55038	0.01920	0.02292	0.02503	0.06252	0.02567	0.01579	0.02025	0.01313	0.00783	0.00909	0.00247	0.05593	0.00719	0.00417	0.01211
67	0.02609	0.03075	0.02309	0.02039	0.02344	0.44912	0.01589	0.07117	0.02051	0.02146	0.01220	0.01552	0.01050	0.00993	0.01270	0.00248	0.21545	0.00578	0.00418	0.00934
68	0.01248	0.00838	0.01100	0.01019	0.01228	0.00770	0.00770	0.01619	0.02246	0.06509	0.63484	0.05757	0.07198	0.01588	0.00928	0.00249	0.00390	0.01401	0.00879	0.00779
69	0.02340	0.48115	0.05505	0.01580	0.02198	0.18814	0.01450	0.05429	0.04301	0.02099	0.01259	0.01415	0.01086	0.00741	0.00590	0.00187	0.00990	0.00481	0.00394	0.01023
70	0.01264	0.01013	0.01407	0.01334	0.01408	0.01233	0.01010	0.01449	0.01230	0.01774	0.01997	0.03380	0.02026	0.22661	0.37766	0.00945	0.16101	0.00898	0.00423	0.00681
71	0.02076	0.01105	0.01427	0.01236	0.01601	0.01041	0.00979	0.02638	0.09452	0.25655	0.34134	0.04618	0.04832	0.01366	0.00881	0.00256	0.00526	0.04267	0.00896	0.01015
72	0.01056	0.00779	0.00987	0.00996	0.01159	0.00710	0.00724	0.01345	0.01998	0.02737	0.42446	0.22675	0.15663	0.01895	0.00955	0.00270	0.00400	0.01675	0.00818	0.00710
73	0.01761	0.03340	0.40892	0.02662	0.03658	0.05007	0.26206	0.02553	0.01776	0.02496	0.01483	0.01840	0.01081	0.00724	0.00821	0.00255	0.01247	0.00716	0.00363	0.01121
74	0.01627	0.01105	0.01430	0.01433	0.05732	0.01094	0.01022	0.02322	0.13452	0.10989	0.38384	0.07282	0.05292	0.01444	0.00896	0.00259	0.00512	0.03954	0.00832	0.00940
75	0.01097	0.00800	0.01031	0.00993	0.01174	0.00734	0.00737	0.01441	0.02156	0.03016	0.57760	0.11381	0.11274	0.01717	0.00942	0.00257	0.00383	0.01517	0.00853	0.00734
76	0.03074	0.02126	0.02321	0.01779	0.02412	0.02318	0.01470	0.57919	0.03569	0.11845	0.02038	0.01991	0.01416	0.00955	0.00794	0.00239	0.00851	0.00723	0.00814	0.01349
77	0.01857	0.02500	0.15226	0.06614	0.06713	0.04963	0.45137	0.02532	0.01837	0.02484	0.01541	0.02019	0.01156	0.00698	0.00881	0.00260	0.01282	0.00835	0.00387	0.01079
78	0.02086	0.01526	0.01602	0.01354	0.01665	0.04553	0.01000	0.25723	0.04825	0.05930	0.02258	0.03489	0.02121	0.33318	0.04700	0.00515	0.00877	0.00919	0.00630	0.00910
79	0.01547	0.00806	0.00813	0.00788	0.00993	0.00816	0.00597	0.04666	0.01756	0.03048	0.02556	0.02909	0.02002	0.00925	0.00565	0.00187	0.00392	0.00738	0.73129	0.00766
80	0.01825	0.01458	0.01688	0.01264	0.01904	0.01218	0.01006	0.09058	0.03899	0.05009	0.01784	0.06590	0.01541	0.00788	0.00654	0.00154	0.00615	0.00645	0.00552	0.58351
81	0.01909	0.02017	0.02650	0.05350	0.02563	0.11558	0.11442	0.04225	0.01584	0.02128	0.01424	0.06455	0.01356	0.01227	0.01826	0.00305	0.39857	0.00812	0.00405	0.00908
82	0.00966	0.00690	0.00920	0.01104	0.01150	0.00644	0.00736	0.01104	0.01518	0.02024	0.04371	0.71614	0.05245	0.02484	0.01012	0.00322	0.00460	0.02254	0.00736	0.00644
83	0.04382	0.01602	0.02452	0.32008	0.03780	0.01859	0.10520	0.07587	0.11433	0.02653	0.01802	0.02234	0.01373	0.00884	0.00924	0.00263	0.06252	0.00759	0.06244	0.00990
84	0.02960	0.02104	0.02270	0.01749	0.02359	0.02310	0.01442	0.58475	0.03554	0.07792	0.01996	0.01995	0.01413	0.00952	0.00781	0.00236	0.00837	0.00719	0.04741	0.01317
85	0.00974	0.00711	0.00917	0.01062	0.01144	0.00654	0.00722	0.01136	0.01602	0.02119	0.09175	0.59720	0.12407	0.02370	0.00998	0.00311	0.00447	0.02131	0.00746	0.00654
86	0.01898	0.01918	0.05800	0.07365	0.44957	0.01949	0.02205	0.02598	0.10381	0.02579	0.01668	0.02067	0.01368	0.00840	0.00993	0.00255	0.08806	0.00725	0.00439	0.01189
87	0.00965	0.00694	0.00916	0.01093	0.01147	0.00645	0.00731	0.01105	0.01529	0.02029	0.04510	0.69180	0.07589	0.02466	0.01009	0.00320	0.00458	0.02232	0.00736	0.00645
88	0.02904	0.02166	0.02318	0.01802	0.02417	0.02408	0.01481	0.58166	0.10282	0.04820	0.02044	0.02015	0.01462	0.00965	0.00795	0.00241	0.00847	0.00733	0.00795	0.01339
89	0.01293	0.01104	0.01542	0.01454	0.01618	0.04161	0.03349	0.01577	0.01334	0.01876	0.01970	0.02884	0.01829	0.05128	0.57657	0.01109	0.08131	0.00824	0.00416	0.00744
90	0.01478	0.00739	0.00739	0.00739	0.00924	0.00739	0.00554	0.01848	0.01663	0.02956	0.02587	0.02956	0.02033	0.00924	0.00554	0.00185	0.00370	0.00739	0.76534	0.00739
91	0.02082	0.01645	0.02020	0.06824	0.10789	0.01812	0.01464	0.11353	0.32685	0.07608	0.07706	0.03114	0.02494	0.01078	0.00824	0.00261	0.00719	0.03604	0.00732	0.01184
92	0.70485	0.04760	0.01362	0.01097	0.01604	0.01875	0.00915	0.05541	0.01484	0.03556	0.01145	0.01319	0.00891	0.00745	0.00507	0.00242	0.00637	0.00444	0.00500	0.00891
93	0.01298	0.00839	0.01118	0.01169	0.01347	0.00784	0.00899	0.01579	0.01887	0.07815	0.23323	0.28156	0.08218	0.02008	0.00988	0.00302	0.00514	0.16205	0.00796	0.00755
94	0.02102	0.01733	0.01897	0.01764	0.04968	0.01970	0.01321	0.08159	0.56358	0.05848	0.03058	0.02834	0.02280	0.01048	0.00805	0.00265	0.00660	0.00872	0.00794	0.01265
95	0.16053	0.04771	0.20001	0.01938	0.09375	0.01622	0.01713	0.02846	0.05137	0.20875	0.04118	0.04663	0.01707	0.00913	0.00730	0.00247	0.00815	0.00728	0.00606	0.01139
96	0.04495	0.05409	0.14218	0.03126	0.30850	0.01943	0.02071	0.12328	0.06502	0.05312	0.01827	0.05166	0.01494	0.00871	0.00771	0.00243	0.00903	0.00753	0.00512	0.01207
97	0.11878	0.01386	0.01762	0.01378	0.01970	0.01271	0.01135	0.03707	0.05015	0.57582	0.02904	0.02551	0.01859	0.00958	0.00763	0.00246	0.00666	0.00760	0.00918	0.01290
98	0.01131	0.00765	0.00866	0.00879	0.00894	0.00756	0.00504	0.01149	0.01207	0.01598	0.02867	0.09965	0.05788	0.64232	0.03691	0.00716	0.00731	0.01253	0.00509	0.00500
99	0.01781	0.05602	0.03965	0.13602	0.03962	0.02011	0.43721	0.02346	0.01746	0.02353	0.01602	0.04595	0.01305	0.00815	0.01032	0.00270	0.06990	0.00901	0.00398	0.01005
100	0.02796	0.05185	0.02262	0.01758	0.02300	0.18325	0.01418	0.41318	0.03098	0.03909	0.02016	0.02073	0.04190	0.00954	0.00757	0.00226	0.00959	0.00698	0.04587	0.01171
101	0.00965	0.00696	0.00914	0.01089	0.01146	0.00645	0.00729	0.01106	0.01533	0.02030	0.04561	0.68287	0.08449	0.02460	0.01008	0.00319	0.00457	0.02224	0.00736	0.00645
102	0.61225	0.01755	0.01428	0.01225	0.01738	0.04914	0.01003	0.13318	0.01809	0.03739	0.01250	0.01403	0.00952	0.00778	0.00554	0.00242	0.00696	0.00483	0.00540	0.00948

[dist]
# distance from previous block
# <min> <max>
0	1

[block]
# block no. 5 follows, 24 sequences, length 107
# corresponding to MSA columns:
# 352-458
name=unknown_F
#
# <colnr> <probs for GDERKNQSTAVLIFYWHMCP>
#	G	D	E	R	K	N	Q	S	T	A	V	L	I	F	Y	W	H	M	C	P
0	0.05661	0.04564	0.02398	0.01916	0.02171	0.05547	0.03833	0.11882	0.01792	0.07993	0.01436	0.01868	0.01206	0.01389	0.04968	0.00344	0.38867	0.00690	0.00484	0.00990
1	0.02226	0.01460	0.01538	0.01267	0.01671	0.01576	0.01018	0.32360	0.02668	0.03950	0.02254	0.02444	0.01700	0.00938	0.00671	0.00211	0.00614	0.00727	0.39672	0.01036
2	0.01641	0.01567	0.02676	0.33155	0.08729	0.01618	0.14510	0.02147	0.01677	0.02337	0.01500	0.02031	0.01166	0.00718	0.00765	0.00226	0.00971	0.00699	0.03289	0.18579
3	0.02695	0.02013	0.02381	0.04325	0.02546	0.02195	0.06059	0.47988	0.06166	0.06286	0.02100	0.05270	0.01600	0.01002	0.00806	0.00245	0.00860	0.00813	0.03398	0.01253
4	0.00966	0.00690	0.00920	0.01104	0.01150	0.00644	0.00736	0.01104	0.01518	0.02024	0.04371	0.71614	0.05245	0.02484	0.01012	0.00322	0.00460	0.02254	0.00736	0.00644
5	0.01687	0.02816	0.30556	0.02574	0.03370	0.01935	0.25453	0.02364	0.01654	0.02391	0.01479	0.01947	0.01146	0.01145	0.05424	0.00336	0.11548	0.00749	0.00367	0.01059
6	0.05654	0.04705	0.02189	0.11648	0.02675	0.06704	0.01474	0.33627	0.11201	0.03802	0.01947	0.02069	0.01443	0.00914	0.00748	0.00237	0.00856	0.00702	0.06243	0.01161
7	0.00943	0.00781	0.00826	0.00862	0.01086	0.00665	0.00628	0.01131	0.01751	0.02119	0.07322	0.20059	0.54895	0.02101	0.00952	0.00278	0.00413	0.01786	0.00736	0.00665
8	0.02790	0.17880	0.02638	0.01902	0.02366	0.55466	0.01496	0.03004	0.02117	0.01925	0.01200	0.01398	0.01021	0.00789	0.00673	0.00197	0.01311	0.00493	0.00394	0.00939
9	0.01039	0.00755	0.00971	0.01025	0.01150	0.00696	0.00723	0.01283	0.01852	0.02532	0.32349	0.35185	0.11018	0.04340	0.01071	0.00300	0.00427	0.01808	0.00789	0.00687
10	0.01872	0.02139	0.04679	0.03342	0.04144	0.02005	0.64305	0.02540	0.01872	0.02540	0.01604	0.02139	0.01203	0.00668	0.00936	0.00267	0.01337	0.00936	0.00401	0.01070
11	0.01540	0.01474	0.01987	0.01751	0.01901	0.06571	0.05786	0.01791	0.01361	0.01907	0.01646	0.02524	0.01559	0.06827	0.31784	0.00762	0.26848	0.00789	0.00396	0.00796
12	0.02767	0.02098	0.02240	0.01774	0.02365	0.02343	0.01447	0.50199	0.18474	0.04598	0.02219	0.02155	0.01603	0.00981	0.00797	0.00245	0.00814	0.00757	0.00797	0.01326
13	0.01656	0.12543	0.60154	0.02149	0.03260	0.02001	0.02736	0.02494	0.01666	0.02432	0.01384	0.01625	0.01006	0.00744	0.00723	0.00241	0.01132	0.00566	0.00335	0.01153
14	0.01126	0.00779	0.00892	0.00881	0.00940	0.00755	0.00538	0.01210	0.01404	0.01877	0.13921	0.05562	0.10176	0.53076	0.03197	0.00630	0.00665	0.01254	0.00573	0.00545
15	0.01929	0.02208	0.04279	0.06305	0.03978	0.07026	0.53636	0.02532	0.01854	0.02440	0.01539	0.02065	0.01175	0.00721	0.00994	0.00266	0.04734	0.00881	0.00397	0.01040
16	0.06870	0.09928	0.01444	0.01049	0.01328	0.01126	0.00844	0.01641	0.02037	0.02905	0.45100	0.05300	0.11758	0.01501	0.00856	0.00246	0.00471	0.04057	0.00758	0.00782
17	0.01722	0.21105	0.52171	0.02036	0.03085	0.02163	0.02539	0.02477	0.01659	0.02351	0.01343	0.01574	0.01008	0.00735	0.00693	0.00231	0.01092	0.00546	0.00336	0.01134
18	0.77733	0.01534	0.01166	0.01043	0.01534	0.01779	0.00859	0.02331	0.01350	0.03558	0.01104	0.01288	0.00859	0.00736	0.00491	0.00245	0.00613	0.00429	0.00491	0.00859
19	0.00990	0.00702	0.00921	0.01077	0.01125	0.00660	0.00713	0.01125	0.01515	0.02028	0.06827	0.62670	0.05120	0.08922	0.01290	0.00361	0.00485	0.02117	0.00718	0.00633
20	0.01104	0.00843	0.01199	0.01150	0.01329	0.00779	0.04185	0.01409	0.01968	0.02722	0.40230	0.27127	0.09187	0.01868	0.00960	0.00275	0.00456	0.01685	0.00797	0.00728
21	0.02215	0.12149	0.21823	0.01791	0.02514	0.05164	0.01796	0.15359	0.14343	0.08343	0.02094	0.05415	0.01632	0.00951	0.00753	0.00242	0.00901	0.00744	0.00593	0.01179
22	0.01146	0.00796	0.01002	0.01002	0.01049	0.00843	0.00651	0.01241	0.01194	0.01639	0.02373	0.04495	0.02581	0.49973	0.25782	0.00938	0.01223	0.01052	0.00462	0.00557
23	0.00972	0.00699	0.00922	0.01089	0.01149	0.00649	0.00732	0.01122	0.01560	0.02078	0.07156	0.66489	0.07587	0.02430	0.01006	0.00317	0.00454	0.02198	0.00742	0.00649
24	0.01609	0.06503	0.65784	0.02229	0.03383	0.01887	0.02875	0.02507	0.01672	0.02489	0.01412	0.01660	0.01005	0.00751	0.00745	0.00248	0.01161	0.00580	0.00335	0.01167
25	0.02407	0.04849	0.08227	0.01940	0.05501	0.14412	0.01580	0.15632	0.18652	0.07962	0.04458	0.02243	0.01767	0.00976	0.00899	0.00247	0.05726	0.00732	0.00634	0.01158
26	0.01748	0.01706	0.02018	0.01773	0.01927	0.10697	0.03654	0.04246	0.01504	0.02066	0.01554	0.02309	0.01444	0.05809	0.20042	0.00582	0.31207	0.00745	0.04140	0.00832
27	0.77733	0.01534	0.01166	0.01043	0.01534	0.01779	0.00859	0.02331	0.01350	0.03558	0.01104	0.01288	0.00859	0.00736	0.00491	0.00245	0.00613	0.00429	0.00491	0.00859
28	0.05414	0.02495	0.02392	0.02242	0.10562	0.19784	0.01612	0.31468	0.02772	0.05998	0.01629	0.01783	0.01234	0.00911	0.00894	0.00237	0.06144	0.00651	0.00605	0.01172
29	0.01835	0.02042	0.04300	0.09614	0.07122	0.01995	0.52950	0.02460	0.01814	0.02468	0.01557	0.02111	0.01185	0.00712	0.00986	0.00269	0.04240	0.00893	0.00394	0.01052
30	0.00962	0.00779	0.00857	0.00914	0.01120	0.00675	0.00671	0.01154	0.01733	0.02123	0.06893	0.24283	0.47794	0.02141	0.00964	0.00287	0.00433	0.04814	0.00736	0.00666
31	0.01741	0.01671	0.02879	0.35518	0.35787	0.01831	0.04678	0.02246	0.01705	0.02323	0.01457	0.02041	0.01161	0.00746	0.00794	0.00250	0.01011	0.00714	0.00374	0.01073
32	0.01813	0.02369	0.16424	0.09443	0.21779	0.01916	0.26312	0.02536	0.04750	0.02539	0.01595	0.02033	0.01222	0.00726	0.00839	0.00255	0.01135	0.00780	0.00400	0.01134
33	0.01000	0.00808	0.00901	0.00956	0.01180	0.00708	0.00737	0.01221	0.01773	0.02167	0.06896	0.16134	0.48109	0.02101	0.00974	0.00292	0.00466	0.12166	0.00735	0.00677
34	0.01237	0.00884	0.01223	0.01221	0.01336	0.00880	0.03706	0.05426	0.01546	0.02076	0.03245	0.39474	0.03703	0.13921	0.06826	0.09682	0.00731	0.01618	0.00612	0.00653
35	0.01141	0.00773	0.00904	0.00907	0.00932	0.00772	0.00540	0.01194	0.01273	0.01720	0.08279	0.08258	0.03360	0.59531	0.06646	0.00725	0.00782	0.01215	0.00525	0.00523
36	0.02049	0.01741	0.01836	0.01629	0.02091	0.02008	0.01274	0.08649	0.61192	0.03441	0.03130	0.02881	0.02342	0.01067	0.00806	0.00267	0.00646	0.00883	0.00806	0.01262
37	0.01614	0.01574	0.02159	0.16738	0.02692	0.05278	0.01666	0.01890	0.01360	0.01921	0.01364	0.02101	0.01247	0.02215	0.16462	0.00522	0.37269	0.00721	0.00368	0.00838
38	0.55874	0.01807	0.01515	0.01282	0.01804	0.05081	0.01050	0.17664	0.01976	0.03836	0.01306	0.01446	0.00987	0.00793	0.00576	0.00242	0.00715	0.00503	0.00561	0.00982
39	0.01678	0.01378	0.01496	0.01345	0.01686	0.04340	0.01033	0.11778	0.09487	0.02794	0.03294	0.23410	0.08530	0.01510	0.00918	0.00255	0.03859	0.03370	0.04250	0.13590
40	0.01940	0.01826	0.03049	0.14851	0.54607	0.01892	0.02355	0.05264	0.01861	0.02615	0.01498	0.01983	0.01230	0.00731	0.00787	0.00240	0.00957	0.00707	0.00405	0.01202
41	0.02487	0.02432	0.01986	0.01712	0.02149	0.26148	0.01335	0.25220	0.04930	0.03125	0.02448	0.06206	0.07838	0.01515	0.06562	0.00322	0.01104	0.00834	0.00615	0.01032
42	0.02096	0.61167	0.11743	0.01497	0.02223	0.06048	0.01554	0.02428	0.01648	0.01947	0.01147	0.01328	0.01016	0.00694	0.00548	0.00181	0.00914	0.00448	0.00342	0.01032
43	0.01758	0.01675	0.02848	0.33671	0.39983	0.01830	0.02332	0.02254	0.01709	0.02342	0.01455	0.02029	0.01168	0.00745	0.00788	0.00248	0.00993	0.00706	0.00375	0.01091
44	0.01048	0.00764	0.00992	0.01104	0.01200	0.00729	0.00763	0.01337	0.04661	0.02347	0.18497	0.53503	0.05622	0.02223	0.00985	0.00303	0.00448	0.02005	0.00770	0.00696
45	0.00966	0.00690	0.00920	0.01104	0.01150	0.00644	0.00736	0.01104	0.01518	0.02024	0.04371	0.71614	0.05245	0.02484	0.01012	0.00322	0.00460	0.02254	0.00736	0.00644
46	0.02983	0.01805	0.02011	0.01613	0.02185	0.04638	0.01307	0.22503	0.18062	0.30151	0.02696	0.02464	0.01845	0.00988	0.00795	0.00247	0.00756	0.00784	0.00857	0.01308
47	0.02812	0.01234	0.01637	0.01309	0.01798	0.01107	0.01059	0.06180	0.02335	0.45559	0.21855	0.03611	0.03562	0.01169	0.00838	0.00246	0.00596	0.00981	0.00940	0.01172
48	0.00963	0.00762	0.00868	0.00931	0.01110	0.00666	0.00664	0.01155	0.01736	0.02183	0.11463	0.31229	0.39162	0.02153	0.00965	0.00286	0.00421	0.01870	0.00747	0.00666
49	0.02605	0.01811	0.01928	0.01576	0.02092	0.03897	0.01268	0.29274	0.20576	0.13119	0.02515	0.02431	0.01813	0.00983	0.00765	0.00240	0.00729	0.00774	0.10370	0.01233
