[name]
unknown

[dist]
# distance from previous block
# <min> <max>
0	38

[block]
# block no. 0 follows, 25 sequences, length 117
# corresponding to MSA columns:
# 38-154
name=unknown_A
#
# <colnr> <probs for GDERKNQSTAVLIFYWHMCP>
#	G	D	E	R	K	N	Q	S	T	A	V	L	I	F	Y	W	H	M	C	P
0	0.01318	0.01174	0.05594	0.01827	0.09255	0.01034	0.01432	0.01701	0.01748	0.02323	0.03650	0.13035	0.03936	0.01914	0.01009	0.00332	0.00741	0.46530	0.00653	0.00792
1	0.05654	0.58454	0.14492	0.01456	0.02190	0.02797	0.01555	0.02342	0.01573	0.02007	0.01129	0.01309	0.00985	0.00678	0.00536	0.00182	0.00870	0.00441	0.00338	0.01012
2	0.05736	0.00906	0.01148	0.05758	0.01515	0.00883	0.00861	0.01621	0.01985	0.06412	0.41656	0.05361	0.15353	0.01680	0.03417	0.00288	0.00520	0.03375	0.00761	0.00765
3	0.01673	0.01559	0.02673	0.35619	0.20879	0.01700	0.09225	0.04228	0.01675	0.02263	0.01435	0.02023	0.01137	0.00866	0.00933	0.05501	0.00984	0.00704	0.00380	0.04543
4	0.09075	0.01364	0.01561	0.01311	0.01779	0.01379	0.01048	0.06980	0.19143	0.27285	0.08408	0.03455	0.11563	0.01150	0.00785	0.00249	0.00594	0.00937	0.00819	0.01115
5	0.01349	0.00853	0.01090	0.00996	0.01238	0.00768	0.00759	0.01684	0.02138	0.10564	0.51695	0.05658	0.15095	0.01565	0.00899	0.00246	0.00404	0.01363	0.00847	0.00789
6	0.01147	0.00755	0.01001	0.01060	0.01187	0.00696	0.00749	0.01374	0.01781	0.06266	0.26792	0.44438	0.05722	0.02042	0.00951	0.00285	0.00432	0.01835	0.00782	0.00706
7	0.01670	0.02425	0.26487	0.30646	0.04124	0.01775	0.10177	0.02314	0.01640	0.06092	0.01489	0.01932	0.01084	0.00782	0.00857	0.00257	0.04175	0.00680	0.00380	0.01013
8	0.01147	0.00750	0.00838	0.00838	0.00849	0.00750	0.00474	0.01169	0.01158	0.01589	0.02448	0.04939	0.02768	0.68324	0.03737	0.00717	0.00728	0.01103	0.05188	0.00485
9	0.03479	0.01320	0.01799	0.01380	0.01979	0.01140	0.01140	0.03779	0.02219	0.68451	0.03059	0.02639	0.01919	0.00960	0.00780	0.00240	0.00660	0.00780	0.00960	0.01320
10	0.02531	0.01404	0.01688	0.01416	0.01896	0.01427	0.01128	0.03646	0.29647	0.32786	0.10838	0.03126	0.02758	0.01074	0.00800	0.00250	0.00605	0.00896	0.00874	0.01210
11	0.01322	0.00884	0.01051	0.00995	0.01152	0.00866	0.00686	0.01678	0.07519	0.06582	0.24510	0.07736	0.08294	0.30918	0.02149	0.00459	0.00571	0.01247	0.00683	0.00698
12	0.01998	0.01700	0.01792	0.01592	0.02043	0.01961	0.01244	0.08290	0.62231	0.03355	0.03068	0.02823	0.02295	0.01044	0.00788	0.00261	0.00630	0.00864	0.00788	0.01233
13	0.01464	0.01378	0.02326	0.70887	0.05340	0.01723	0.02153	0.01981	0.01550	0.01981	0.01378	0.02067	0.01034	0.00775	0.00775	0.00258	0.01034	0.00689	0.00345	0.00861
14	0.37650	0.01143	0.01086	0.01010	0.01349	0.01217	0.00789	0.01959	0.01636	0.07523	0.16500	0.11549	0.06816	0.01218	0.00687	0.00248	0.00508	0.00967	0.05339	0.00805
15	0.01135	0.00775	0.00984	0.01080	0.01183	0.00734	0.00739	0.03765	0.01613	0.04560	0.06380	0.55588	0.08609	0.07502	0.01187	0.00336	0.00490	0.01949	0.00717	0.00676
16	0.02832	0.02056	0.02218	0.01734	0.02327	0.02271	0.01421	0.53469	0.12420	0.08005	0.02107	0.02048	0.01498	0.00949	0.00778	0.00237	0.00809	0.00728	0.00787	0.01306
17	0.00945	0.00675	0.00900	0.01080	0.01125	0.00630	0.00720	0.01080	0.01484	0.01979	0.04274	0.72245	0.05128	0.02429	0.00990	0.00315	0.00450	0.02204	0.00720	0.00630
18	0.01190	0.00779	0.00939	0.00955	0.01083	0.00721	0.00645	0.01333	0.01563	0.06518	0.12203	0.25201	0.16444	0.24688	0.01900	0.00431	0.00539	0.01552	0.00673	0.00643
19	0.00942	0.00685	0.00889	0.01053	0.01118	0.00632	0.00708	0.01083	0.01510	0.01990	0.04597	0.66386	0.10778	0.02387	0.00983	0.00310	0.00445	0.02153	0.00720	0.00632
20	0.01830	0.02092	0.04575	0.03268	0.04052	0.01961	0.65098	0.02484	0.01830	0.02484	0.01569	0.02092	0.01176	0.00654	0.00915	0.00261	0.01307	0.00915	0.00392	0.01046
21	0.03479	0.01320	0.01799	0.01380	0.01979	0.01140	0.01140	0.03779	0.02219	0.68451	0.03059	0.02639	0.01919	0.00960	0.00780	0.00240	0.00660	0.00780	0.00960	0.01320
22	0.01326	0.00822	0.01088	0.01047	0.01242	0.00752	0.00774	0.01628	0.02022	0.10151	0.44638	0.21881	0.06170	0.01724	0.00918	0.00261	0.00420	0.01531	0.00832	0.00772
23	0.00997	0.00697	0.00884	0.01013	0.01045	0.00665	0.00648	0.01093	0.01382	0.01843	0.03750	0.53031	0.04468	0.22544	0.01835	0.00440	0.00536	0.01896	0.00648	0.00584
24	0.02896	0.03695	0.02197	0.01998	0.02397	0.69638	0.01498	0.03096	0.02197	0.01898	0.01199	0.01398	0.00999	0.00799	0.00699	0.00200	0.01398	0.00499	0.00400	0.00899
25	0.03207	0.01250	0.01686	0.01314	0.01862	0.01089	0.01078	0.03514	0.02181	0.60383	0.06997	0.02849	0.02256	0.00995	0.00773	0.00237	0.00623	0.00815	0.05645	0.01247
26	0.02515	0.01097	0.01481	0.01231	0.01649	0.00966	0.00976	0.02816	0.02131	0.42357	0.21646	0.11275	0.03821	0.01302	0.00842	0.00249	0.00552	0.01116	0.00903	0.01075
27	0.00929	0.00786	0.00803	0.00798	0.01055	0.00660	0.00599	0.01137	0.01796	0.02164	0.11918	0.07348	0.63493	0.01938	0.00916	0.00261	0.00391	0.01620	0.00729	0.00660
28	0.01670	0.01415	0.01641	0.01178	0.01864	0.01098	0.00945	0.04917	0.01703	0.02637	0.01401	0.01620	0.01156	0.00591	0.00584	0.00120	0.00587	0.00471	0.00474	0.73927
29	0.02073	0.73217	0.04063	0.01327	0.01990	0.03068	0.01327	0.02322	0.01575	0.01824	0.01078	0.01244	0.00995	0.00663	0.00498	0.00166	0.00829	0.00415	0.00332	0.00995
30	0.01696	0.01696	0.02375	0.02036	0.02036	0.02375	0.01696	0.01866	0.01187	0.01866	0.01018	0.01696	0.01018	0.01357	0.02545	0.00339	0.71332	0.00679	0.00339	0.00848
31	0.01865	0.18097	0.26795	0.01620	0.02336	0.04767	0.01746	0.02469	0.04935	0.10007	0.12785	0.02636	0.04870	0.00953	0.00727	0.00227	0.00847	0.00753	0.00529	0.01038
32	0.03370	0.01323	0.01788	0.01366	0.01971	0.01133	0.01127	0.03672	0.02184	0.64600	0.02961	0.02579	0.01874	0.00937	0.00768	0.00233	0.00655	0.00761	0.00930	0.05769
33	0.02050	0.70177	0.06904	0.01366	0.02050	0.03012	0.01394	0.02328	0.01578	0.01852	0.01092	0.01261	0.00994	0.00667	0.00508	0.00169	0.00843	0.00422	0.00331	0.01002
34	0.03479	0.01320	0.01799	0.01380	0.01979	0.01140	0.01140	0.03779	0.02219	0.68451	0.03059	0.02639	0.01919	0.00960	0.00780	0.00240	0.00660	0.00780	0.00960	0.01320
35	0.01128	0.00752	0.00846	0.00846	0.00846	0.00752	0.00470	0.01128	0.01128	0.01503	0.02443	0.05074	0.02819	0.72751	0.03946	0.00752	0.00752	0.01128	0.00470	0.00470
36	0.02281	0.01742	0.02250	0.27077	0.05626	0.01975	0.01712	0.30898	0.05484	0.07271	0.01898	0.02333	0.01432	0.00926	0.00789	0.00249	0.00893	0.03431	0.00613	0.01118
37	0.01608	0.01378	0.01608	0.01148	0.01837	0.01034	0.00919	0.01952	0.01608	0.02527	0.01378	0.01608	0.01148	0.00574	0.00574	0.00115	0.00574	0.00459	0.00459	0.77491
38	0.01608	0.01378	0.01608	0.01148	0.01837	0.01034	0.00919	0.01952	0.01608	0.02527	0.01378	0.01608	0.01148	0.00574	0.00574	0.00115	0.00574	0.00459	0.00459	0.77491
39	0.01554	0.01428	0.02306	0.61493	0.06844	0.01715	0.02053	0.04866	0.01655	0.02163	0.01402	0.02025	0.01059	0.00767	0.00763	0.00248	0.00994	0.00675	0.00372	0.05618
40	0.02462	0.01568	0.01788	0.01516	0.02004	0.01678	0.01203	0.10505	0.37077	0.23129	0.03040	0.06042	0.02250	0.01077	0.00794	0.00255	0.00646	0.00892	0.00836	0.01236
41	0.06033	0.03864	0.64785	0.02140	0.03247	0.01797	0.02746	0.02445	0.01618	0.02515	0.01373	0.01615	0.00974	0.00736	0.00722	0.00245	0.01114	0.00564	0.00336	0.01128
42	0.01803	0.08869	0.48703	0.02121	0.03090	0.06017	0.06736	0.02537	0.01721	0.06436	0.01571	0.01947	0.01184	0.00795	0.00743	0.00241	0.01102	0.02886	0.00390	0.01107
43	0.01681	0.01387	0.01640	0.01206	0.01841	0.01114	0.00965	0.03765	0.01663	0.04461	0.01525	0.04049	0.01306	0.00689	0.00677	0.00137	0.03353	0.00543	0.00487	0.67510
44	0.01077	0.00841	0.01228	0.11653	0.04892	0.00857	0.01027	0.01291	0.01517	0.02016	0.03706	0.56570	0.04316	0.02093	0.00950	0.00304	0.00567	0.03754	0.00648	0.00695
45	0.01037	0.00766	0.01069	0.01132	0.01241	0.00806	0.00827	0.01254	0.01414	0.01949	0.07030	0.29196	0.06924	0.06151	0.34527	0.00775	0.01244	0.01426	0.00572	0.00663
46	0.00945	0.00675	0.00900	0.01080	0.01125	0.00630	0.00720	0.01080	0.01484	0.01979	0.04274	0.72245	0.05128	0.02429	0.00990	0.00315	0.00450	0.02204	0.00720	0.00630
47	0.02124	0.68931	0.03948	0.01368	0.02015	0.07172	0.01337	0.02369	0.01614	0.01829	0.01085	0.01253	0.00995	0.00672	0.00510	0.00168	0.00864	0.00420	0.00336	0.00989
48	0.02313	0.01800	0.02021	0.01541	0.02135	0.01839	0.01260	0.36028	0.02668	0.03733	0.01647	0.01806	0.01265	0.01017	0.03548	0.00235	0.04513	0.00614	0.00621	0.29395
49	0.05115	0.01284	0.01460	0.01301	0.01665	0.03536	0.01011	0.07433	0.12243	0.20446	0.11505	0.17799	0.07332	0.01435	0.00843	0.00262	0.00595	0.02942	0.00795	0.00997
50	0.01212	0.00981	0.01106	0.01039	0.01257	0.04020	0.00782	0.01663	0.06112	0.02945	0.53617	0.05598	0.13606	0.01559	0.00897	0.00245	0.00432	0.01354	0.00813	0.00761
51	0.01680	0.17198	0.50445	0.02135	0.03155	0.02060	0.08196	0.02432	0.01643	0.02336	0.01347	0.01602	0.01002	0.00715	0.00707	0.00232	0.01099	0.00573	0.00334	0.01108
52	0.01402	0.00768	0.01101	0.01128	0.01219	0.00749	0.00835	0.01344	0.01371	0.05862	0.06414	0.10839	0.02794	0.02373	0.02138	0.43709	0.00640	0.14256	0.00526	0.00532
53	0.00953	0.00678	0.00897	0.01069	0.01112	0.00635	0.00708	0.01082	0.01468	0.01958	0.04191	0.69218	0.05024	0.05598	0.01123	0.00335	0.00463	0.02156	0.00708	0.00623
54	0.01044	0.00717	0.00870	0.00952	0.00973	0.00696	0.00584	0.01106	0.01290	0.01720	0.03278	0.35703	0.03872	0.40685	0.02598	0.00553	0.00614	0.01618	0.00584	0.00543
55	0.68377	0.01587	0.01295	0.01120	0.01618	0.01826	0.00923	0.10529	0.01624	0.03663	0.01182	0.01338	0.00902	0.00747	0.00519	0.00239	0.00633	0.00456	0.00519	0.00902
56	0.78228	0.01499	0.01140	0.01020	0.01499	0.01739	0.00840	0.02279	0.01320	0.03479	0.01080	0.01260	0.00840	0.00720	0.00480	0.00240	0.00600	0.00420	0.00480	0.00840
57	0.00945	0.00675	0.00900	0.01080	0.01125	0.00630	0.00720	0.01080	0.01484	0.01979	0.04274	0.72245	0.05128	0.02429	0.00990	0.00315	0.00450	0.02204	0.00720	0.00630
58	0.14579	0.02044	0.02129	0.01654	0.02253	0.02266	0.01366	0.53838	0.03246	0.06489	0.01775	0.01791	0.01262	0.00899	0.00730	0.00234	0.00809	0.00657	0.00735	0.01245
59	0.01631	0.01607	0.02361	0.21355	0.02963	0.02192	0.01825	0.01898	0.01289	0.01898	0.01119	0.01800	0.01022	0.01194	0.02048	0.00317	0.51606	0.00681	0.00341	0.00852
60	0.01347	0.00673	0.01010	0.01010	0.01010	0.00673	0.00673	0.01010	0.01010	0.01347	0.01347	0.02357	0.01347	0.02694	0.03030	0.77441	0.00673	0.00673	0.00337	0.00337
61	0.02073	0.73217	0.04063	0.01327	0.01990	0.03068	0.01327	0.02322	0.01575	0.01824	0.01078	0.01244	0.00995	0.00663	0.00498	0.00166	0.00829	0.00415	0.00332	0.00995
62	0.03479	0.01320	0.01799	0.01380	0.01979	0.01140	0.01140	0.03779	0.02219	0.68451	0.03059	0.02639	0.01919	0.00960	0.00780	0.00240	0.00660	0.00780	0.00960	0.01320
63	0.01572	0.03892	0.64778	0.02275	0.03399	0.01811	0.06702	0.02457	0.01649	0.02457	0.01402	0.01665	0.00994	0.00732	0.00748	0.00247	0.01156	0.00594	0.00331	0.01140
64	0.01696	0.01696	0.02375	0.02036	0.02036	0.02375	0.01696	0.01866	0.01187	0.01866	0.01018	0.01696	0.01018	0.01357	0.02545	0.00339	0.71332	0.00679	0.00339	0.00848
65	0.01127	0.00755	0.00861	0.00861	0.00867	0.00760	0.00489	0.01138	0.01132	0.01515	0.02429	0.04995	0.02784	0.70128	0.06522	0.00771	0.00804	0.01116	0.00468	0.00479
66	0.00945	0.00675	0.00900	0.01080	0.01125	0.00630	0.00720	0.01080	0.01484	0.01979	0.04274	0.72245	0.05128	0.02429	0.00990	0.00315	0.00450	0.02204	0.00720	0.00630
67	0.01121	0.00749	0.00848	0.00854	0.00856	0.00747	0.00479	0.01126	0.01141	0.01521	0.02511	0.07554	0.02904	0.70155	0.03837	0.00736	0.00741	0.01167	0.00479	0.00476
68	0.00916	0.00785	0.00785	0.00785	0.01047	0.00655	0.00589	0.01113	0.01767	0.02095	0.07855	0.07462	0.67599	0.01964	0.00916	0.00262	0.00393	0.01636	0.00720	0.00655
69	0.03479	0.01320	0.01799	0.01380	0.01979	0.01140	0.01140	0.03779	0.02219	0.68451	0.03059	0.02639	0.01919	0.00960	0.00780	0.00240	0.00660	0.00780	0.00960	0.01320
70	0.01555	0.04011	0.68733	0.02210	0.03356	0.01801	0.02865	0.02455	0.01637	0.02455	0.01391	0.01637	0.00982	0.00737	0.00737	0.00246	0.01146	0.00573	0.00327	0.01146
71	0.01505	0.01430	0.02355	0.60711	0.06699	0.01805	0.02104	0.01978	0.01513	0.01983	0.01337	0.02018	0.01037	0.00843	0.00989	0.00267	0.09524	0.00688	0.00345	0.00870
72	0.78228	0.01499	0.01140	0.01020	0.01499	0.01739	0.00840	0.02279	0.01320	0.03479	0.01080	0.01260	0.00840	0.00720	0.00480	0.00240	0.00600	0.00420	0.00480	0.00840
73	0.01108	0.00831	0.01246	0.01246	0.01385	0.00969	0.00969	0.01385	0.01246	0.01800	0.02077	0.03046	0.01938	0.05815	0.69678	0.01246	0.02077	0.00831	0.00415	0.00692
74	0.00952	0.00689	0.00901	0.01055	0.01122	0.00638	0.00712	0.01105	0.01546	0.02056	0.08393	0.64156	0.09112	0.02348	0.00981	0.00307	0.00441	0.02120	0.00728	0.00638
75	0.01110	0.00822	0.01200	0.01200	0.01323	0.00944	0.00912	0.01355	0.01233	0.01766	0.02119	0.03278	0.02039	0.13469	0.62161	0.01190	0.01925	0.00865	0.00422	0.00667
76	0.01555	0.04011	0.68733	0.02210	0.03356	0.01801	0.02865	0.02455	0.01637	0.02455	0.01391	0.01637	0.00982	0.00737	0.00737	0.00246	0.01146	0.00573	0.00327	0.01146
77	0.01696	0.01696	0.02375	0.02036	0.02036	0.02375	0.01696	0.01866	0.01187	0.01866	0.01018	0.01696	0.01018	0.01357	0.02545	0.00339	0.71332	0.00679	0.00339	0.00848
78	0.02896	0.03695	0.02197	0.01998	0.02397	0.69638	0.01498	0.03096	0.02197	0.01898	0.01199	0.01398	0.00999	0.00799	0.00699	0.00200	0.01398	0.00499	0.00400	0.00899
79	0.01126	0.00759	0.00882	0.00882	0.00894	0.00771	0.00515	0.01151	0.01138	0.01530	0.02410	0.04891	0.02739	0.66697	0.09891	0.00796	0.00872	0.01101	0.00465	0.00490
80	0.03479	0.01320	0.01799	0.01380	0.01979	0.01140	0.01140	0.03779	0.02219	0.68451	0.03059	0.02639	0.01919	0.00960	0.00780	0.00240	0.00660	0.00780	0.00960	0.01320
81	0.01128	0.00752	0.00846	0.00846	0.00846	0.00752	0.00470	0.01128	0.01128	0.01503	0.02443	0.05074	0.02819	0.72751	0.03946	0.00752	0.00752	0.01128	0.00470	0.00470
82	0.01128	0.00752	0.00846	0.00846	0.00846	0.00752	0.00470	0.01128	0.01128	0.01503	0.02443	0.05074	0.02819	0.72751	0.03946	0.00752	0.00752	0.01128	0.00470	0.00470
83	0.01608	0.01378	0.01608	0.01148	0.01837	0.01034	0.00919	0.01952	0.01608	0.02527	0.01378	0.01608	0.01148	0.00574	0.00574	0.00115	0.00574	0.00459	0.00459	0.77491
84	0.00959	0.00685	0.00916	0.01095	0.01146	0.00642	0.00744	0.01104	0.01498	0.01995	0.04266	0.69363	0.05098	0.02416	0.00993	0.00317	0.00462	0.04950	0.00719	0.00634
85	0.01105	0.00745	0.00863	0.00885	0.00894	0.00743	0.00514	0.01129	0.01174	0.01569	0.02653	0.13083	0.03072	0.62458	0.05408	0.00713	0.00752	0.01249	0.00498	0.00495
86	0.01608	0.01378	0.01608	0.01148	0.01837	0.01034	0.00919	0.01952	0.01608	0.02527	0.01378	0.01608	0.01148	0.00574	0.00574	0.00115	0.00574	0.00459	0.00459	0.77491
87	0.01014	0.00757	0.00926	0.00948	0.01103	0.00687	0.00677	0.01253	0.01834	0.02458	0.31849	0.23837	0.21444	0.06288	0.01122	0.00299	0.00419	0.01657	0.00761	0.00669
88	0.01198	0.00903	0.01030	0.00972	0.01214	0.00855	0.00735	0.05204	0.05154	0.02795	0.32219	0.08737	0.27643	0.01646	0.00879	0.00249	0.00419	0.01408	0.05983	0.00757
89	0.00943	0.00682	0.00892	0.01059	0.01119	0.00631	0.00711	0.01082	0.01504	0.01987	0.04521	0.67765	0.09448	0.02397	0.00985	0.00311	0.00446	0.02165	0.00720	0.00631
90	0.01475	0.01393	0.02328	0.67666	0.05186	0.01753	0.02132	0.01976	0.01533	0.01976	0.01361	0.02050	0.01033	0.00802	0.00858	0.00262	0.04322	0.00689	0.00344	0.00861
91	0.45117	0.01509	0.01420	0.01221	0.01693	0.01667	0.00986	0.12595	0.04963	0.11763	0.01880	0.08819	0.01563	0.00974	0.00632	0.00247	0.00634	0.00713	0.00627	0.00975
92	0.00995	0.00713	0.00944	0.01045	0.01136	0.00663	0.00724	0.01205	0.01717	0.02350	0.24990	0.50473	0.05845	0.02153	0.00965	0.00292	0.00422	0.01941	0.00764	0.00663
93	0.03349	0.01357	0.01805	0.01391	0.01976	0.01210	0.01146	0.07881	0.02315	0.61560	0.05503	0.02710	0.02090	0.00982	0.00785	0.00240	0.00661	0.00799	0.00943	0.01296
94	0.05689	0.12742	0.30186	0.01710	0.02503	0.01853	0.01870	0.06591	0.09040	0.12421	0.02245	0.02262	0.05829	0.00889	0.00717	0.00235	0.00874	0.00688	0.00535	0.01122
95	0.11058	0.01586	0.01627	0.01461	0.01887	0.01808	0.01140	0.07764	0.47860	0.03262	0.03103	0.06501	0.05398	0.01120	0.00768	0.00261	0.00609	0.00916	0.00744	0.01128
96	0.00955	0.00695	0.00901	0.01044	0.01120	0.00641	0.00709	0.01115	0.01570	0.02085	0.09921	0.60791	0.10963	0.02316	0.00977	0.00304	0.00438	0.02085	0.00731	0.00641
97	0.00945	0.00675	0.00900	0.01080	0.01125	0.00630	0.00720	0.01080	0.01484	0.01979	0.04274	0.72245	0.05128	0.02429	0.00990	0.00315	0.00450	0.02204	0.00720	0.00630
98	0.01337	0.00722	0.01095	0.05779	0.01311	0.00743	0.00776	0.01079	0.01068	0.01419	0.01481	0.05486	0.01496	0.02551	0.02785	0.68703	0.00688	0.00743	0.00354	0.00386
99	0.01608	0.01378	0.01608	0.01148	0.01837	0.01034	0.00919	0.01952	0.01608	0.02527	0.01378	0.01608	0.01148	0.00574	0.00574	0.00115	0.00574	0.00459	0.00459	0.77491
100	0.00954	0.00688	0.00904	0.01059	0.01123	0.00638	0.00715	0.01108	0.01548	0.02065	0.08933	0.64578	0.08119	0.02348	0.00981	0.00307	0.00441	0.02121	0.00729	0.00638
101	0.09825	0.01775	0.01896	0.03847	0.02124	0.01950	0.01250	0.42614	0.02916	0.07349	0.01950	0.02036	0.01414	0.00902	0.00705	0.00225	0.00736	0.00680	0.14657	0.01149
102	0.32438	0.01671	0.01659	0.01333	0.01894	0.01781	0.01090	0.20811	0.06570	0.09714	0.01677	0.01727	0.01230	0.00803	0.00629	0.00220	0.00676	0.00571	0.00628	0.12878
103	0.01286	0.00697	0.00953	0.00953	0.00974	0.00690	0.00622	0.01075	0.01098	0.01484	0.01934	0.03173	0.04861	0.16663	0.03001	0.54827	0.00662	0.00813	0.03838	0.00396
104	0.00945	0.00675	0.00900	0.01080	0.01125	0.00630	0.00720	0.01080	0.01484	0.01979	0.04274	0.72245	0.05128	0.02429	0.00990	0.00315	0.00450	0.02204	0.00720	0.00630
105	0.05811	0.01922	0.02025	0.01661	0.02196	0.02168	0.01339	0.35902	0.30922	0.04109	0.02391	0.02284	0.01754	0.00974	0.00768	0.00246	0.00738	0.00764	0.00768	0.01258
106	0.01230	0.00850	0.01163	0.05821	0.01525	0.00820	0.00901	0.01567	0.02001	0.05922	0.43590	0.15806	0.05994	0.01687	0.00926	0.00267	0.00475	0.07915	0.00789	0.00751
107	0.01507	0.01436	0.02335	0.58324	0.04737	0.01842	0.02070	0.01960	0.01484	0.01960	0.01312	0.02000	0.01031	0.00881	0.01098	0.00273	0.13861	0.00687	0.00344	0.00859
108	0.78228	0.01499	0.01140	0.01020	0.01499	0.01739	0.00840	0.02279	0.01320	0.03479	0.01080	0.01260	0.00840	0.00720	0.00480	0.00240	0.00600	0.00420	0.00480	0.00840
109	0.01489	0.01427	0.02479	0.66281	0.05252	0.01739	0.06441	0.02015	0.01569	0.02015	0.01391	0.02069	0.01043	0.00767	0.00785	0.00259	0.01052	0.00704	0.00348	0.00874
110	0.00945	0.00675	0.00900	0.01080	0.01125	0.00630	0.00720	0.01080	0.01484	0.01979	0.04274	0.72245	0.05128	0.02429	0.00990	0.00315	0.00450	0.02204	0.00720	0.00630
111	0.01110	0.00803	0.01010	0.01167	0.01240	0.00730	0.00781	0.01202	0.01595	0.02127	0.04572	0.66646	0.09020	0.02460	0.01042	0.00338	0.00502	0.02177	0.00765	0.00715
112	0.01173	0.00851	0.01066	0.01124	0.01254	0.00772	0.00786	0.01360	0.01887	0.02592	0.30599	0.39294	0.09921	0.02113	0.01012	0.00308	0.00468	0.01847	0.00820	0.00757
113	0.03312	0.01512	0.01917	0.01534	0.02105	0.01394	0.01244	0.10201	0.06381	0.52699	0.03104	0.03082	0.02144	0.01122	0.00858	0.00275	0.00731	0.04084	0.00956	0.01348
114	0.01423	0.00946	0.01202	0.01111	0.01334	0.00855	0.00828	0.01731	0.02271	0.07671	0.61563	0.05683	0.06935	0.01624	0.00965	0.00271	0.00444	0.01388	0.00902	0.00853
115	0.02949	0.01336	0.01727	0.01400	0.01898	0.01193	0.01114	0.05117	0.04515	0.47340	0.18363	0.03557	0.03318	0.01207	0.00875	0.00269	0.00645	0.00972	0.00962	0.01243
116	0.01114	0.00813	0.01009	0.01147	0.01238	0.00735	0.00774	0.01219	0.01637	0.02177	0.07239	0.60628	0.12398	0.02402	0.01036	0.00332	0.00496	0.02115	0.00770	0.00720

[dist]
# distance from previous block
# <min> <max>
0	2

[block]
# block no. 1 follows, 25 sequences, length 79
# corresponding to MSA columns:
# 157-235
name=unknown_B
#
# <colnr> <probs for GDERKNQSTAVLIFYWHMCP>
#	G	D	E	R	K	N	Q	S	T	A	V	L	I	F	Y	W	H	M	C	P
0	0.02793	0.02071	0.02213	0.01757	0.02307	0.02261	0.01406	0.52768	0.09241	0.04495	0.02151	0.02414	0.01667	0.07309	0.01108	0.00305	0.00861	0.00792	0.00787	0.01292
1	0.05689	0.01262	0.01538	0.01328	0.01720	0.01200	0.01019	0.02901	0.11730	0.30340	0.16462	0.09371	0.03498	0.06839	0.01111	0.00314	0.00622	0.01090	0.00867	0.01097
2	0.01103	0.00785	0.00995	0.01149	0.01203	0.00725	0.00757	0.01186	0.01532	0.02058	0.04180	0.64995	0.04963	0.08632	0.01297	0.00375	0.00524	0.02116	0.00736	0.00687
3	0.01546	0.01072	0.01175	0.01085	0.01195	0.01088	0.00689	0.11113	0.01602	0.02155	0.02461	0.04686	0.02676	0.60196	0.03442	0.00684	0.00809	0.01092	0.00561	0.00676
4	0.01363	0.00882	0.01133	0.01149	0.01313	0.00800	0.00819	0.01571	0.01931	0.08082	0.31550	0.36415	0.05845	0.01994	0.00989	0.00300	0.00479	0.01746	0.00836	0.00802
5	0.01100	0.00798	0.01007	0.01161	0.01244	0.00729	0.00793	0.01211	0.01603	0.02126	0.04645	0.62106	0.10598	0.02425	0.01036	0.00334	0.00506	0.05112	0.00758	0.00708
6	0.09252	0.01985	0.02148	0.01659	0.02264	0.02155	0.01370	0.50641	0.03234	0.14556	0.01981	0.01931	0.01371	0.00918	0.00752	0.00234	0.00802	0.00688	0.00780	0.01279
7	0.02396	0.01114	0.01474	0.01218	0.01634	0.01006	0.00971	0.02816	0.05345	0.37638	0.30317	0.03985	0.04223	0.01229	0.00837	0.00243	0.00533	0.01048	0.00906	0.01066
8	0.01079	0.00778	0.01020	0.00988	0.01154	0.00719	0.00730	0.01417	0.02108	0.02972	0.59812	0.13877	0.07050	0.01688	0.00924	0.00253	0.00376	0.01500	0.00837	0.00719
9	0.09637	0.01368	0.01765	0.01366	0.01956	0.01239	0.01128	0.06055	0.02200	0.60601	0.02849	0.02495	0.01807	0.00939	0.00755	0.00240	0.00662	0.00747	0.00913	0.01280
10	0.00979	0.00730	0.01043	0.01165	0.01239	0.00682	0.03230	0.01134	0.01498	0.01999	0.04168	0.69509	0.04974	0.02360	0.00987	0.00313	0.00483	0.02154	0.00707	0.00646
11	0.01295	0.01108	0.01628	0.05356	0.01791	0.01411	0.01242	0.01555	0.01246	0.01829	0.01737	0.02607	0.01626	0.04265	0.46731	0.00933	0.21725	0.00780	0.00390	0.00746
12	0.28498	0.01508	0.01698	0.07397	0.02172	0.01575	0.01175	0.11957	0.02061	0.31538	0.02071	0.02011	0.01391	0.00858	0.00677	0.00240	0.00700	0.00638	0.00717	0.01117
13	0.00945	0.00675	0.00900	0.01080	0.01125	0.00630	0.00720	0.01080	0.01484	0.01979	0.04274	0.72245	0.05128	0.02429	0.00990	0.00315	0.00450	0.02204	0.00720	0.00630
14	0.27859	0.01949	0.01934	0.01531	0.02105	0.02184	0.01264	0.44464	0.02876	0.04421	0.01603	0.01662	0.01160	0.00861	0.00678	0.00235	0.00769	0.00606	0.00678	0.01160
15	0.01473	0.01260	0.01997	0.52535	0.04238	0.01552	0.01795	0.01939	0.01546	0.02163	0.01596	0.02217	0.01230	0.00834	0.00826	0.00247	0.04817	0.00695	0.16209	0.00832
16	0.01598	0.01002	0.01249	0.01158	0.01418	0.00983	0.00883	0.02005	0.07443	0.15292	0.17118	0.20189	0.18467	0.01679	0.01003	0.00271	0.05187	0.01423	0.00774	0.00856
17	0.01097	0.00793	0.01036	0.00975	0.01158	0.00732	0.00732	0.01463	0.02195	0.03109	0.67505	0.05792	0.07316	0.01585	0.00914	0.00244	0.00366	0.01402	0.00854	0.00732
18	0.01040	0.00767	0.00986	0.01137	0.01220	0.00749	0.00786	0.01355	0.06874	0.02099	0.04173	0.63634	0.04870	0.02302	0.00977	0.00313	0.00475	0.04836	0.00725	0.00683
19	0.11805	0.01976	0.04007	0.06549	0.03786	0.01919	0.53364	0.02430	0.01748	0.02587	0.01495	0.01981	0.01125	0.00669	0.00851	0.00258	0.01200	0.00838	0.00401	0.01009
20	0.01953	0.57221	0.19011	0.01531	0.02306	0.02775	0.01682	0.02353	0.01590	0.01970	0.01150	0.01335	0.00992	0.00680	0.00553	0.00184	0.00902	0.00451	0.00331	0.01030
21	0.01489	0.01403	0.02370	0.67298	0.08737	0.01729	0.02166	0.02003	0.01562	0.02011	0.01382	0.02059	0.01044	0.00771	0.00775	0.00257	0.01027	0.00689	0.00347	0.00881
22	0.01567	0.01483	0.02511	0.56002	0.19426	0.01750	0.02204	0.02071	0.01599	0.02105	0.01396	0.02034	0.01077	0.00756	0.00773	0.00252	0.01008	0.00689	0.00353	0.00944
23	0.00945	0.00675	0.00900	0.01080	0.01125	0.00630	0.00720	0.01080	0.01484	0.01979	0.04274	0.72245	0.05128	0.02429	0.00990	0.00315	0.00450	0.02204	0.00720	0.00630
24	0.03451	0.01365	0.01827	0.01401	0.02002	0.01206	0.01157	0.07033	0.02295	0.65091	0.02996	0.02598	0.01888	0.00958	0.00780	0.00240	0.00670	0.00775	0.00950	0.01319
25	0.00981	0.00700	0.00934	0.01085	0.01138	0.00675	0.00736	0.01123	0.01446	0.01937	0.03946	0.59564	0.04668	0.08129	0.06898	0.00427	0.00615	0.03699	0.00675	0.00625
26	0.01020	0.00711	0.00911	0.01012	0.01110	0.00662	0.00701	0.01230	0.01674	0.02321	0.18909	0.48003	0.08421	0.02085	0.00932	0.00285	0.00420	0.01869	0.07061	0.00662
27	0.02988	0.02106	0.02286	0.01753	0.02372	0.02307	0.01448	0.60577	0.03535	0.09793	0.01954	0.01922	0.01365	0.00933	0.00776	0.00233	0.00838	0.00704	0.00790	0.01319
28	0.10221	0.01917	0.02040	0.01609	0.02168	0.02108	0.01318	0.46410	0.07834	0.07850	0.07009	0.02222	0.01843	0.00971	0.00758	0.00237	0.00763	0.00742	0.00763	0.01219
29	0.00975	0.00694	0.00925	0.01098	0.01151	0.00655	0.00751	0.01122	0.01494	0.01988	0.04191	0.64804	0.04990	0.05065	0.01108	0.00335	0.00482	0.06833	0.00710	0.00630
30	0.00964	0.00708	0.00910	0.01063	0.01150	0.00654	0.00741	0.01125	0.01550	0.02023	0.04790	0.57761	0.14317	0.02338	0.00985	0.00310	0.00462	0.06790	0.00719	0.00640
31	0.01111	0.00819	0.01184	0.01184	0.01302	0.00936	0.00892	0.01345	0.01228	0.01754	0.02133	0.03358	0.02074	0.16120	0.59559	0.01170	0.01873	0.00876	0.00424	0.00658
32	0.01445	0.00723	0.00723	0.00723	0.00903	0.00723	0.00542	0.01807	0.01626	0.02891	0.02529	0.02891	0.01987	0.00903	0.00542	0.00181	0.00361	0.00723	0.77055	0.00723
33	0.00953	0.00727	0.00863	0.00952	0.01084	0.00652	0.00659	0.01119	0.01617	0.02071	0.09546	0.40498	0.28458	0.05704	0.01105	0.00312	0.00438	0.01888	0.00716	0.00638
34	0.02018	0.01710	0.01803	0.01596	0.02050	0.01970	0.01249	0.09475	0.61013	0.03387	0.03043	0.02803	0.02275	0.01041	0.00788	0.00260	0.00635	0.00861	0.00788	0.01235
35	0.01608	0.01378	0.01608	0.01148	0.01837	0.01034	0.00919	0.01952	0.01608	0.02527	0.01378	0.01608	0.01148	0.00574	0.00574	0.00115	0.00574	0.00459	0.00459	0.77491
36	0.03479	0.01320	0.01799	0.01380	0.01979	0.01140	0.01140	0.03779	0.02219	0.68451	0.03059	0.02639	0.01919	0.00960	0.00780	0.00240	0.00660	0.00780	0.00960	0.01320
37	0.02899	0.03610	0.02204	0.01986	0.02397	0.65887	0.01497	0.06568	0.02278	0.02064	0.01235	0.01424	0.01017	0.00806	0.00703	0.00202	0.01368	0.00510	0.00420	0.00922
38	0.01097	0.00793	0.01036	0.00975	0.01158	0.00732	0.00732	0.01463	0.02195	0.03109	0.67505	0.05792	0.07316	0.01585	0.00914	0.00244	0.00366	0.01402	0.00854	0.00732
39	0.01128	0.00752	0.00846	0.00846	0.00846	0.00752	0.00470	0.01128	0.01128	0.01503	0.02443	0.05074	0.02819	0.72751	0.03946	0.00752	0.00752	0.01128	0.00470	0.00470
40	0.01186	0.00847	0.01177	0.01356	0.01507	0.00838	0.01140	0.01497	0.01723	0.02250	0.04140	0.21878	0.04600	0.02201	0.01054	0.00348	0.00659	0.50185	0.00715	0.00697
41	0.02001	0.01278	0.01518	0.01403	0.01763	0.01338	0.01095	0.03085	0.29703	0.18289	0.03487	0.19073	0.03108	0.01457	0.00862	0.00279	0.00598	0.07799	0.00806	0.01059
42	0.03479	0.01320	0.01799	0.01380	0.01979	0.01140	0.01140	0.03779	0.02219	0.68451	0.03059	0.02639	0.01919	0.00960	0.00780	0.00240	0.00660	0.00780	0.00960	0.01320
43	0.78228	0.01499	0.01140	0.01020	0.01499	0.01739	0.00840	0.02279	0.01320	0.03479	0.01080	0.01260	0.00840	0.00720	0.00480	0.00240	0.00600	0.00420	0.00480	0.00840
44	0.01108	0.00831	0.01246	0.01246	0.01385	0.00969	0.00969	0.01385	0.01246	0.01800	0.02077	0.03046	0.01938	0.05815	0.69678	0.01246	0.02077	0.00831	0.00415	0.00692
45	0.02972	0.02133	0.02303	0.01766	0.02385	0.02347	0.01459	0.62539	0.03581	0.07767	0.01916	0.01897	0.01346	0.00932	0.00776	0.00233	0.00844	0.00702	0.00784	0.01319
46	0.01555	0.04011	0.68733	0.02210	0.03356	0.01801	0.02865	0.02455	0.01637	0.02455	0.01391	0.01637	0.00982	0.00737	0.00737	0.00246	0.01146	0.00573	0.00327	0.01146
47	0.02768	0.02083	0.02226	0.01748	0.02336	0.02321	0.01430	0.54536	0.14731	0.04597	0.02090	0.02043	0.01503	0.00952	0.00778	0.00238	0.00811	0.00730	0.00778	0.01302
48	0.00970	0.00693	0.00929	0.01108	0.01164	0.00651	0.00764	0.01123	0.01509	0.02008	0.04260	0.66996	0.05073	0.02405	0.00996	0.00318	0.00472	0.07205	0.00719	0.00637
49	0.01128	0.00752	0.00846	0.00846	0.00846	0.00752	0.00470	0.01128	0.01128	0.01503	0.02443	0.05074	0.02819	0.72751	0.03946	0.00752	0.00752	0.01128	0.00470	0.00470
50	0.03479	0.01320	0.01799	0.01380	0.01979	0.01140	0.01140	0.03779	0.02219	0.68451	0.03059	0.02639	0.01919	0.00960	0.00780	0.00240	0.00660	0.00780	0.00960	0.01320
51	0.09206	0.01284	0.01631	0.01315	0.01829	0.01190	0.01065	0.03347	0.07070	0.49088	0.08600	0.06216	0.02493	0.01073	0.00778	0.00246	0.00615	0.00881	0.00886	0.01188
52	0.00945	0.00675	0.00900	0.01080	0.01125	0.00630	0.00720	0.01080	0.01484	0.01979	0.04274	0.72245	0.05128	0.02429	0.00990	0.00315	0.00450	0.02204	0.00720	0.00630
53	0.02001	0.01579	0.01709	0.01521	0.01956	0.01784	0.01187	0.03915	0.56923	0.08625	0.07425	0.03065	0.02659	0.01080	0.00797	0.00260	0.00601	0.00904	0.00807	0.01202
54	0.01127	0.00755	0.00861	0.00861	0.00866	0.00760	0.00489	0.01137	0.01132	0.01515	0.02429	0.04997	0.02786	0.70221	0.06431	0.00770	0.00802	0.01116	0.00468	0.00478
55	0.65872	0.01544	0.01294	0.01114	0.01616	0.01751	0.00918	0.07911	0.01592	0.08617	0.01301	0.01419	0.00965	0.00757	0.00529	0.00239	0.00627	0.00472	0.00543	0.00919
56	0.78228	0.01499	0.01140	0.01020	0.01499	0.01739	0.00840	0.02279	0.01320	0.03479	0.01080	0.01260	0.00840	0.00720	0.00480	0.00240	0.00600	0.00420	0.00480	0.00840
57	0.00975	0.00697	0.00933	0.01105	0.01166	0.00655	0.00764	0.01136	0.01533	0.02046	0.06390	0.64756	0.05147	0.02377	0.00994	0.00316	0.00469	0.07178	0.00724	0.00640
58	0.01219	0.00729	0.01008	0.01015	0.01046	0.00756	0.00679	0.01125	0.01111	0.01511	0.01925	0.05921	0.02035	0.23391	0.17224	0.36561	0.00982	0.00894	0.00406	0.00461
59	0.01015	0.00725	0.00981	0.01160	0.01236	0.00690	0.00842	0.01201	0.01554	0.02058	0.04235	0.57568	0.04974	0.02363	0.01008	0.00325	0.00511	0.16186	0.00718	0.00649
60	0.00945	0.00675	0.00900	0.01080	0.01125	0.00630	0.00720	0.01080	0.01484	0.01979	0.04274	0.72245	0.05128	0.02429	0.00990	0.00315	0.00450	0.02204	0.00720	0.00630
61	0.01555	0.04011	0.68733	0.02210	0.03356	0.01801	0.02865	0.02455	0.01637	0.02455	0.01391	0.01637	0.00982	0.00737	0.00737	0.00246	0.01146	0.00573	0.00327	0.01146
62	0.08587	0.01874	0.06990	0.22156	0.31421	0.01875	0.02089	0.10981	0.01919	0.02784	0.01454	0.01876	0.01136	0.00753	0.00744	0.00240	0.00930	0.00660	0.00432	0.01100
63	0.67298	0.01535	0.01310	0.06464	0.01856	0.01782	0.00983	0.06447	0.01492	0.03457	0.01155	0.01362	0.00887	0.00738	0.00522	0.00241	0.00650	0.00459	0.00489	0.00873
64	0.01342	0.00908	0.01179	0.06802	0.01456	0.00996	0.00820	0.01492	0.01289	0.05280	0.02236	0.03926	0.02277	0.40249	0.14641	0.00693	0.05659	0.00956	0.07167	0.00633
65	0.01726	0.01470	0.01588	0.01443	0.01851	0.01617	0.01123	0.03377	0.48366	0.02965	0.03457	0.08037	0.07130	0.01226	0.00808	0.00259	0.00589	0.04431	0.00747	0.07790
66	0.01263	0.00860	0.01036	0.00988	0.01161	0.00776	0.00664	0.01403	0.01464	0.05473	0.08084	0.22244	0.06636	0.30774	0.02118	0.00452	0.00594	0.01338	0.00602	0.12072
67	0.26947	0.01479	0.01905	0.35589	0.06961	0.01760	0.01615	0.02369	0.09624	0.02664	0.01506	0.01896	0.01147	0.00787	0.00679	0.00251	0.00831	0.00624	0.00447	0.00919
68	0.09658	0.01334	0.01745	0.01350	0.01940	0.01189	0.01115	0.03655	0.02145	0.63080	0.02895	0.02525	0.01830	0.00940	0.00755	0.00240	0.00655	0.00750	0.00920	0.01280
69	0.01677	0.00946	0.00970	0.00886	0.01134	0.00982	0.00685	0.11586	0.01937	0.03198	0.02427	0.02732	0.01884	0.00908	0.00578	0.00189	0.00437	0.00719	0.65312	0.00814
70	0.00977	0.00697	0.00918	0.01052	0.01116	0.00651	0.00709	0.01141	0.01576	0.02130	0.13918	0.58738	0.05352	0.05729	0.01122	0.00325	0.00452	0.02028	0.00728	0.00638
71	0.02402	0.01055	0.01427	0.01238	0.01614	0.00932	0.00960	0.02659	0.01987	0.39876	0.11129	0.24773	0.03566	0.01494	0.00861	0.00264	0.00559	0.01299	0.00872	0.01034
72	0.00967	0.00684	0.00893	0.01051	0.01090	0.00645	0.00689	0.01085	0.01441	0.01921	0.04049	0.64015	0.04845	0.11044	0.01352	0.00368	0.00487	0.02072	0.00689	0.00610
73	0.30740	0.01817	0.01823	0.01452	0.02018	0.02000	0.01198	0.34352	0.02609	0.12377	0.01724	0.01738	0.01218	0.00857	0.00667	0.00236	0.00736	0.00606	0.00690	0.01142
74	0.00945	0.00734	0.00840	0.00919	0.01066	0.00651	0.00637	0.01099	0.01594	0.01999	0.05871	0.35613	0.35275	0.07632	0.01182	0.00323	0.00445	0.01845	0.00701	0.00629
75	0.05974	0.01363	0.01800	0.01385	0.01982	0.01215	0.01144	0.06395	0.02251	0.63507	0.02940	0.02559	0.01857	0.00950	0.00769	0.00240	0.00666	0.00764	0.00936	0.01303
76	0.01975	0.01689	0.01779	0.01587	0.02034	0.01950	0.01238	0.06894	0.63664	0.03318	0.03097	0.02846	0.02319	0.01046	0.00788	0.00262	0.00624	0.00869	0.00788	0.01231
77	0.19249	0.01326	0.01606	0.01273	0.01814	0.01246	0.01038	0.03312	0.01967	0.50895	0.02604	0.02481	0.01740	0.04914	0.00893	0.00268	0.00652	0.00723	0.00830	0.01170
78	0.03156	0.01437	0.01824	0.01442	0.02013	0.01366	0.01177	0.07671	0.14306	0.52329	0.03003	0.02638	0.01965	0.00975	0.00781	0.00244	0.00663	0.00793	0.00916	0.01302

[dist]
# distance from previous block
# <min> <max>
0	16

[block]
# block no. 2 follows, 25 sequences, length 9
# corresponding to MSA columns:
# 252-260
name=unknown_C
#
# <colnr> <probs for GDERKNQSTAVLIFYWHMCP>
#	G	D	E	R	K	N	Q	S	T	A	V	L	I	F	Y	W	H	M	C	P
0	0.01485	0.01506	0.02968	0.16235	0.03391	0.01498	0.32070	0.01959	0.01701	0.02281	0.05632	0.20805	0.02507	0.01195	0.00906	0.00274	0.00977	0.01235	0.00493	0.00882
1	0.01571	0.01494	0.02444	0.32510	0.07805	0.03612	0.09909	0.01936	0.01484	0.01983	0.01410	0.02105	0.01175	0.01495	0.07666	0.07795	0.11682	0.00723	0.00360	0.00841
2	0.10089	0.01388	0.01656	0.01345	0.01830	0.01384	0.01082	0.11465	0.09594	0.35347	0.02509	0.02417	0.01730	0.01123	0.00976	0.08399	0.00659	0.00731	0.05152	0.01125
3	0.00953	0.00720	0.00881	0.00983	0.01106	0.00648	0.00683	0.01130	0.01642	0.02132	0.12003	0.46314	0.23590	0.02204	0.00960	0.00292	0.00424	0.01954	0.00734	0.00648
4	0.02426	0.06114	0.01875	0.01397	0.01876	0.01717	0.01143	0.26434	0.09830	0.14965	0.08606	0.02633	0.02215	0.00991	0.00732	0.00225	0.00658	0.00786	0.14253	0.01126
5	0.01788	0.02140	0.08575	0.09050	0.09114	0.01921	0.50675	0.02431	0.01788	0.02443	0.01532	0.02045	0.01155	0.00672	0.00880	0.00258	0.01243	0.00855	0.00383	0.01051
6	0.01869	0.01049	0.01255	0.01093	0.01466	0.00957	0.00857	0.02341	0.08833	0.23454	0.16768	0.05143	0.28818	0.01479	0.00859	0.00252	0.00496	0.01241	0.00828	0.00940
7	0.01568	0.01350	0.02165	0.35821	0.06764	0.01468	0.07344	0.01838	0.01603	0.02100	0.02397	0.06451	0.07991	0.06302	0.01388	0.10232	0.00941	0.00953	0.00471	0.00853
8	0.08105	0.01315	0.01571	0.01561	0.08094	0.05823	0.01087	0.02456	0.02040	0.24203	0.25564	0.08619	0.03853	0.01233	0.00813	0.00243	0.00612	0.01049	0.00771	0.00985

[dist]
# distance from previous block
# <min> <max>
13	20

[block]
# block no. 3 follows, 25 sequences, length 32
# corresponding to MSA columns:
# 281-312
name=unknown_D
#
# <colnr> <probs for GDERKNQSTAVLIFYWHMCP>
#	G	D	E	R	K	N	Q	S	T	A	V	L	I	F	Y	W	H	M	C	P
0	0.01094	0.00755	0.00950	0.05204	0.01242	0.00757	0.00683	0.01210	0.01341	0.01836	0.03157	0.33077	0.03623	0.33361	0.02253	0.00495	0.00613	0.01525	0.06244	0.00580
1	0.01214	0.00762	0.01004	0.01110	0.01221	0.00709	0.00781	0.01375	0.01561	0.08002	0.04142	0.53035	0.06856	0.07466	0.01194	0.00342	0.00512	0.07302	0.00722	0.00689
2	0.01212	0.00750	0.00966	0.01049	0.01132	0.00704	0.00696	0.01329	0.01462	0.07717	0.03721	0.49747	0.04283	0.19435	0.01692	0.00415	0.00542	0.01816	0.00680	0.00652
3	0.01952	0.01674	0.01816	0.05678	0.02232	0.01940	0.01294	0.07067	0.59524	0.03251	0.02986	0.02792	0.02236	0.01030	0.00787	0.00261	0.00650	0.00857	0.00762	0.01210
4	0.09806	0.01787	0.01992	0.01552	0.02127	0.01886	0.01277	0.38392	0.02945	0.22549	0.06128	0.02265	0.01810	0.00960	0.00758	0.00236	0.00746	0.00739	0.00805	0.01240
5	0.02106	0.01128	0.01417	0.01279	0.01617	0.01084	0.00975	0.07138	0.08809	0.26108	0.05354	0.30935	0.05509	0.01610	0.00873	0.00273	0.00568	0.01403	0.00821	0.00994
6	0.01011	0.00715	0.00926	0.01034	0.01100	0.00676	0.00697	0.01172	0.01562	0.02114	0.15267	0.47424	0.05121	0.13768	0.01462	0.00375	0.00492	0.03756	0.00703	0.00624
7	0.59370	0.01331	0.01142	0.01052	0.01450	0.01540	0.00852	0.02079	0.01319	0.03117	0.01344	0.01690	0.01111	0.01746	0.14310	0.00438	0.00884	0.00516	0.03905	0.00805
8	0.02003	0.01306	0.01510	0.01314	0.01708	0.01361	0.01030	0.05845	0.27739	0.16648	0.19888	0.03810	0.07336	0.01213	0.00817	0.00249	0.00548	0.01023	0.03581	0.01071
9	0.02994	0.01423	0.01780	0.01415	0.01964	0.01355	0.01160	0.12594	0.08345	0.45974	0.03281	0.03105	0.06824	0.01077	0.00800	0.00246	0.00666	0.02864	0.00891	0.01242
10	0.01128	0.00790	0.00951	0.00923	0.01129	0.00712	0.00687	0.01422	0.01965	0.04659	0.37749	0.11988	0.24019	0.01702	0.00890	0.00251	0.00390	0.01474	0.06454	0.00717
11	0.00965	0.00787	0.00853	0.00837	0.01077	0.00675	0.00627	0.01207	0.01882	0.02367	0.23878	0.07013	0.51406	0.01862	0.00916	0.00257	0.00385	0.01573	0.00756	0.00675
12	0.02768	0.01243	0.01628	0.01310	0.01789	0.01133	0.01056	0.08539	0.02295	0.44822	0.16817	0.07487	0.03217	0.01180	0.00821	0.00245	0.00601	0.00993	0.00906	0.01152
13	0.00956	0.00688	0.00888	0.01041	0.01098	0.00641	0.00692	0.01086	0.01478	0.01952	0.04394	0.62631	0.09427	0.07608	0.01204	0.00343	0.00468	0.02084	0.00701	0.00620
14	0.01608	0.01378	0.01608	0.01148	0.01837	0.01034	0.00919	0.01952	0.01608	0.02527	0.01378	0.01608	0.01148	0.00574	0.00574	0.00115	0.00574	0.00459	0.00459	0.77491
15	0.01128	0.00752	0.00846	0.00846	0.00846	0.00752	0.00470	0.01128	0.01128	0.01503	0.02443	0.05074	0.02819	0.72751	0.03946	0.00752	0.00752	0.01128	0.00470	0.00470
16	0.17472	0.00957	0.00980	0.00913	0.01195	0.00976	0.00706	0.02052	0.01676	0.10758	0.08569	0.07976	0.02481	0.01051	0.00626	0.00216	0.00453	0.00842	0.39290	0.00812
17	0.02265	0.01048	0.01399	0.01229	0.01586	0.00944	0.00948	0.02588	0.04154	0.35307	0.13920	0.24436	0.03793	0.01514	0.00866	0.00264	0.00546	0.01320	0.00863	0.01010
18	0.01128	0.00752	0.00846	0.00846	0.00846	0.00752	0.00470	0.01128	0.01128	0.01503	0.02443	0.05074	0.02819	0.72751	0.03946	0.00752	0.00752	0.01128	0.00470	0.00470
19	0.01830	0.02092	0.04575	0.03268	0.04052	0.01961	0.65098	0.02484	0.01830	0.02484	0.01569	0.02092	0.01176	0.00654	0.00915	0.00261	0.01307	0.00915	0.00392	0.01046
20	0.01113	0.00811	0.01148	0.01148	0.01253	0.00916	0.00847	0.01322	0.01217	0.01727	0.02166	0.03542	0.02154	0.22195	0.53592	0.01125	0.01753	0.00903	0.00429	0.00638
21	0.01108	0.00831	0.01246	0.01246	0.01385	0.00969	0.00969	0.01385	0.01246	0.01800	0.02077	0.03046	0.01938	0.05815	0.69678	0.01246	0.02077	0.00831	0.00415	0.00692
22	0.78228	0.01499	0.01140	0.01020	0.01499	0.01739	0.00840	0.02279	0.01320	0.03479	0.01080	0.01260	0.00840	0.00720	0.00480	0.00240	0.00600	0.00420	0.00480	0.00840
23	0.01109	0.00824	0.01210	0.01210	0.01336	0.00949	0.00924	0.01361	0.01235	0.01773	0.02110	0.03230	0.02018	0.11881	0.63722	0.01201	0.01957	0.00858	0.00420	0.00672
24	0.01499	0.01431	0.02536	0.45178	0.10067	0.01649	0.10512	0.01992	0.01560	0.02070	0.01519	0.02208	0.01209	0.01528	0.11411	0.00409	0.01221	0.00742	0.00365	0.00893
25	0.02044	0.01640	0.01757	0.01563	0.02013	0.01870	0.01221	0.04095	0.61714	0.08111	0.03149	0.02874	0.02333	0.01045	0.00788	0.00261	0.00617	0.00869	0.00802	0.01234
26	0.01128	0.00752	0.00846	0.00846	0.00846	0.00752	0.00470	0.01128	0.01128	0.01503	0.02443	0.05074	0.02819	0.72751	0.03946	0.00752	0.00752	0.01128	0.00470	0.00470
27	0.01445	0.00723	0.00723	0.00723	0.00903	0.00723	0.00542	0.01807	0.01626	0.02891	0.02529	0.02891	0.01987	0.00903	0.00542	0.00181	0.00361	0.00723	0.77055	0.00723
28	0.01825	0.01836	0.07747	0.01838	0.05979	0.01887	0.01456	0.03514	0.47795	0.02944	0.02763	0.06098	0.02194	0.01100	0.00952	0.00269	0.07079	0.00888	0.00680	0.01156
29	0.01627	0.01441	0.01869	0.01335	0.02033	0.01115	0.06571	0.01999	0.01627	0.02523	0.01395	0.01650	0.01151	0.00581	0.00604	0.00128	0.00639	0.00500	0.00453	0.70759
30	0.02855	0.02058	0.02224	0.01734	0.02331	0.02269	0.01423	0.54064	0.11276	0.08559	0.02093	0.02036	0.01484	0.00947	0.00778	0.00237	0.00812	0.00725	0.00788	0.01307
31	0.01639	0.01199	0.01409	0.01313	0.01596	0.01258	0.01013	0.13355	0.14088	0.05158	0.18435	0.20423	0.04216	0.03587	0.00981	0.00288	0.00575	0.07779	0.00774	0.00914

[dist]
# distance from previous block
# <min> <max>
0	2

[block]
# block no. 4 follows, 25 sequences, length 94
# corresponding to MSA columns:
# 315-408
name=unknown_E
#
# <colnr> <probs for GDERKNQSTAVLIFYWHMCP>
#	G	D	E	R	K	N	Q	S	T	A	V	L	I	F	Y	W	H	M	C	P
