[name]
unknown

[dist]
# distance from previous block
# <min> <max>
0	50

[block]
# block no. 0 follows, 19 sequences, length 9
# corresponding to MSA columns:
# 50-58
name=unknown_A
#
# <colnr> <probs for GDERKNQSTAVLIFYWHMCP>
#	G	D	E	R	K	N	Q	S	T	A	V	L	I	F	Y	W	H	M	C	P
0	0.01821	0.01102	0.01535	0.01639	0.01917	0.01072	0.01423	0.02223	0.02133	0.11652	0.04559	0.09054	0.04717	0.02270	0.01186	0.00392	0.00815	0.48698	0.00866	0.00927
1	0.03310	0.01748	0.02535	0.01967	0.02646	0.01670	0.09944	0.04233	0.16412	0.40484	0.03303	0.03021	0.02211	0.01080	0.00925	0.00287	0.00859	0.00949	0.00964	0.01451
2	0.01845	0.01788	0.02561	0.02158	0.02436	0.04611	0.11499	0.02489	0.10549	0.02652	0.08195	0.13670	0.02996	0.04492	0.01820	0.00362	0.23004	0.01246	0.00617	0.01012
3	0.02673	0.02598	0.02034	0.01768	0.02172	0.25159	0.01327	0.19093	0.02663	0.03154	0.02382	0.03190	0.04604	0.17042	0.01719	0.00394	0.01132	0.00888	0.04974	0.01035
4	0.01507	0.01143	0.01317	0.01262	0.01498	0.01218	0.00924	0.02281	0.15823	0.02699	0.09728	0.05054	0.12095	0.17900	0.14841	0.00653	0.00999	0.01240	0.06930	0.00887
5	0.19334	0.02252	0.04341	0.03157	0.03979	0.02202	0.45821	0.02810	0.01972	0.03138	0.01676	0.02186	0.01265	0.00772	0.00937	0.00296	0.01315	0.00921	0.00476	0.01150
6	0.02859	0.18555	0.02893	0.01909	0.02503	0.20870	0.01565	0.11056	0.18885	0.07009	0.02214	0.02211	0.01705	0.00997	0.00798	0.00249	0.01071	0.00724	0.00665	0.01263
7	0.02081	0.01521	0.01756	0.01528	0.01904	0.01591	0.01184	0.24968	0.03010	0.04102	0.24671	0.19371	0.05069	0.01757	0.01011	0.00296	0.00671	0.01511	0.00912	0.01088
8	0.01923	0.01618	0.01755	0.01597	0.02020	0.01804	0.01233	0.03805	0.43623	0.03621	0.17922	0.04469	0.07933	0.01427	0.00954	0.00298	0.00624	0.01211	0.00923	0.01238

[dist]
# distance from previous block
# <min> <max>
0	3

[block]
# block no. 1 follows, 19 sequences, length 116
# corresponding to MSA columns:
# 62-126,128-178
name=unknown_B
#
# <colnr> <probs for GDERKNQSTAVLIFYWHMCP>
#	G	D	E	R	K	N	Q	S	T	A	V	L	I	F	Y	W	H	M	C	P
0	0.01223	0.00907	0.01154	0.01284	0.01402	0.00886	0.00888	0.01643	0.07541	0.02603	0.12730	0.53347	0.05959	0.02517	0.01108	0.00346	0.00524	0.02269	0.00859	0.00809
1	0.03076	0.02238	0.02401	0.01876	0.02485	0.02463	0.01516	0.50489	0.03759	0.05074	0.02261	0.02639	0.01761	0.09066	0.01316	0.00337	0.00946	0.00865	0.04056	0.01375
2	0.01124	0.00803	0.01077	0.01285	0.01351	0.00756	0.00890	0.01305	0.01746	0.02322	0.04912	0.62376	0.05843	0.02771	0.01151	0.00368	0.00549	0.07806	0.00830	0.00736
3	0.02133	0.01825	0.01944	0.01754	0.02232	0.02093	0.01361	0.04460	0.55724	0.03728	0.09282	0.03658	0.03278	0.01273	0.00924	0.00301	0.00681	0.01070	0.00917	0.01361
4	0.01215	0.07325	0.01388	0.01273	0.01393	0.00996	0.00898	0.01383	0.01723	0.02267	0.04578	0.61599	0.05460	0.02608	0.01087	0.00347	0.00561	0.02345	0.00788	0.00767
5	0.01891	0.01622	0.01871	0.01373	0.02140	0.01292	0.01094	0.02492	0.07557	0.02995	0.01787	0.01997	0.01460	0.00715	0.00686	0.00149	0.00667	0.00576	0.00566	0.67070
6	0.01366	0.00973	0.01054	0.01021	0.01354	0.00827	0.00791	0.01616	0.02091	0.08296	0.08248	0.08174	0.53049	0.02168	0.01054	0.00307	0.00507	0.05414	0.00857	0.00833
7	0.03219	0.02278	0.02488	0.01951	0.02602	0.02485	0.01593	0.50818	0.03863	0.09013	0.02503	0.08513	0.01987	0.01242	0.00919	0.00278	0.00926	0.00978	0.00902	0.01445
8	0.01629	0.00842	0.00869	0.00862	0.01071	0.00835	0.00646	0.02047	0.01939	0.03360	0.08628	0.03656	0.02882	0.01118	0.00667	0.00215	0.00417	0.00909	0.66574	0.00835
9	0.02087	0.02334	0.04951	0.03536	0.04431	0.02160	0.54107	0.02807	0.02087	0.02871	0.01789	0.02360	0.01354	0.00745	0.01018	0.00285	0.01427	0.01005	0.00460	0.08185
10	0.01060	0.00894	0.00919	0.00939	0.01217	0.00753	0.00694	0.01280	0.02008	0.02404	0.08667	0.14298	0.57182	0.02317	0.01065	0.00308	0.00459	0.01951	0.00831	0.00753
11	0.01646	0.00853	0.00892	0.00912	0.01120	0.00853	0.00704	0.02062	0.01894	0.03272	0.03093	0.03983	0.02567	0.01179	0.00684	0.00228	0.00456	0.06212	0.66559	0.00833
12	0.01306	0.01113	0.01182	0.01347	0.01438	0.06882	0.00917	0.01469	0.01792	0.02275	0.04591	0.61616	0.05461	0.02623	0.01110	0.00351	0.00624	0.02355	0.00795	0.00756
13	0.67932	0.08185	0.01638	0.01210	0.01784	0.02154	0.01023	0.02635	0.01551	0.03831	0.01246	0.01452	0.00986	0.00824	0.00556	0.00269	0.00717	0.00484	0.00537	0.00986
14	0.02174	0.02365	0.09409	0.05209	0.57314	0.02121	0.02799	0.02754	0.02023	0.02914	0.01675	0.02183	0.01390	0.00802	0.00882	0.00267	0.01088	0.00784	0.00437	0.01408
15	0.01266	0.00914	0.01196	0.01126	0.01337	0.00844	0.00844	0.01688	0.02532	0.03588	0.62506	0.06683	0.08441	0.01829	0.01055	0.00281	0.00422	0.01618	0.00985	0.00844
16	0.01765	0.01667	0.02820	0.57642	0.14338	0.02008	0.02522	0.02352	0.01825	0.02377	0.01603	0.02361	0.01225	0.00880	0.00893	0.00293	0.01174	0.00795	0.00404	0.01055
17	0.02107	0.02315	0.04728	0.03838	0.12678	0.02303	0.44410	0.02760	0.02008	0.02785	0.01713	0.02328	0.01343	0.00862	0.01266	0.00308	0.09613	0.00985	0.00443	0.01208
18	0.01855	0.01590	0.01855	0.01325	0.02120	0.01193	0.01060	0.02253	0.01855	0.02915	0.01590	0.01855	0.01325	0.00663	0.00663	0.00133	0.00663	0.00530	0.00530	0.74028
19	0.01327	0.00992	0.01351	0.01404	0.05267	0.00926	0.00965	0.01756	0.02501	0.03545	0.58627	0.06398	0.07994	0.01763	0.01044	0.00280	0.00463	0.01566	0.00950	0.00881
20	0.01090	0.00908	0.00952	0.00941	0.01229	0.00769	0.00706	0.01348	0.02117	0.02601	0.17469	0.08307	0.54094	0.02197	0.01057	0.00299	0.00448	0.01846	0.00855	0.00769
21	0.01668	0.00834	0.00834	0.00834	0.01042	0.00834	0.00625	0.02085	0.01876	0.03335	0.02918	0.03335	0.02293	0.01042	0.00625	0.00208	0.00417	0.00834	0.73525	0.00834
22	0.19508	0.01619	0.01783	0.01465	0.02037	0.01660	0.01190	0.09215	0.09533	0.28575	0.02801	0.02671	0.01937	0.01045	0.00783	0.00270	0.00713	0.00800	0.11109	0.01287
23	0.03342	0.04264	0.02535	0.02305	0.02766	0.64967	0.01729	0.03572	0.02535	0.02190	0.01383	0.01613	0.01152	0.00922	0.00807	0.00230	0.01613	0.00576	0.00461	0.01037
24	0.02319	0.02474	0.02361	0.02098	0.02326	0.21805	0.01668	0.06152	0.01931	0.02368	0.01594	0.02235	0.01444	0.02566	0.17015	0.00584	0.26841	0.00762	0.00466	0.00988
25	0.01957	0.01957	0.02740	0.02349	0.02349	0.02740	0.01957	0.02153	0.01370	0.02153	0.01174	0.01957	0.01174	0.01566	0.02936	0.00391	0.66921	0.00783	0.00391	0.00979
26	0.01266	0.00914	0.01196	0.01126	0.01337	0.00844	0.00844	0.01688	0.02532	0.03588	0.62506	0.06683	0.08441	0.01829	0.01055	0.00281	0.00422	0.01618	0.00985	0.00844
27	0.01301	0.00867	0.00976	0.00976	0.00976	0.00867	0.00542	0.01301	0.01301	0.01735	0.02819	0.05855	0.03253	0.68559	0.04554	0.00867	0.00867	0.01301	0.00542	0.00542
28	0.01668	0.00834	0.00834	0.00834	0.01042	0.00834	0.00625	0.02085	0.01876	0.03335	0.02918	0.03335	0.02293	0.01042	0.00625	0.00208	0.00417	0.00834	0.73525	0.00834
29	0.03401	0.02506	0.02685	0.02058	0.02774	0.02774	0.01700	0.59995	0.04206	0.05638	0.02148	0.02148	0.01521	0.01074	0.00895	0.00268	0.00984	0.00805	0.00895	0.01521
30	0.02915	0.02191	0.02170	0.01784	0.02344	0.08172	0.01429	0.29544	0.14285	0.09091	0.02601	0.02602	0.01905	0.01083	0.00842	0.00261	0.00875	0.00835	0.13739	0.01333
31	0.01668	0.00834	0.00834	0.00834	0.01042	0.00834	0.00625	0.02085	0.01876	0.03335	0.02918	0.03335	0.02293	0.01042	0.00625	0.00208	0.00417	0.00834	0.73525	0.00834
32	0.01285	0.00979	0.01223	0.01345	0.01591	0.00918	0.01131	0.01621	0.02051	0.02571	0.06500	0.09488	0.28570	0.02388	0.01163	0.00367	0.00673	0.34512	0.00827	0.00796
33	0.05897	0.11688	0.41466	0.02840	0.11919	0.02266	0.06280	0.02793	0.01895	0.02825	0.01566	0.01888	0.01180	0.00826	0.00818	0.00271	0.01219	0.00673	0.00402	0.01289
34	0.01359	0.00996	0.01312	0.01388	0.01601	0.00970	0.01129	0.01829	0.04578	0.03012	0.26381	0.13017	0.09535	0.02197	0.01138	0.00349	0.00626	0.26852	0.00888	0.00844
35	0.01554	0.00777	0.01166	0.01166	0.01166	0.00777	0.00777	0.01166	0.01166	0.01554	0.01554	0.02720	0.01554	0.03108	0.03497	0.73970	0.00777	0.00777	0.00389	0.00389
36	0.01090	0.00779	0.01038	0.01246	0.01298	0.00727	0.00830	0.01246	0.01713	0.02284	0.04931	0.67975	0.05917	0.02803	0.01142	0.00363	0.00519	0.02543	0.00830	0.00727
37	0.02150	0.02479	0.12079	0.04680	0.46198	0.02135	0.06353	0.02923	0.06676	0.02971	0.01834	0.02269	0.01477	0.00835	0.00893	0.00273	0.01100	0.00811	0.00471	0.01390
38	0.02328	0.02342	0.03520	0.05169	0.56882	0.08487	0.02643	0.02829	0.02088	0.02849	0.01652	0.02153	0.01390	0.00810	0.00878	0.00262	0.01119	0.00775	0.00445	0.01379
39	0.03686	0.01874	0.02160	0.01692	0.02344	0.05788	0.01383	0.16344	0.02876	0.43028	0.03047	0.02773	0.01998	0.01084	0.00875	0.00268	0.00844	0.00854	0.05636	0.01446
40	0.13225	0.02703	0.02471	0.01980	0.02629	0.13431	0.01605	0.42339	0.03548	0.04818	0.01891	0.01960	0.01382	0.01014	0.00833	0.00263	0.01053	0.00722	0.00773	0.01362
41	0.02100	0.02377	0.05080	0.03659	0.04493	0.02300	0.55195	0.02810	0.02053	0.02810	0.01760	0.02377	0.01343	0.00818	0.01203	0.00309	0.06641	0.01034	0.00448	0.01189
42	0.01668	0.00834	0.00834	0.00834	0.01042	0.00834	0.00625	0.02085	0.01876	0.03335	0.02918	0.03335	0.02293	0.01042	0.00625	0.00208	0.00417	0.00834	0.73525	0.00834
43	0.01855	0.01590	0.01855	0.01325	0.02120	0.01193	0.01060	0.02253	0.01855	0.02915	0.01590	0.01855	0.01325	0.00663	0.00663	0.00133	0.00663	0.00530	0.00530	0.74028
44	0.02446	0.02031	0.02147	0.01865	0.02410	0.02328	0.01469	0.15119	0.50638	0.04098	0.03361	0.03115	0.02504	0.01188	0.00907	0.00297	0.00760	0.00973	0.00907	0.01436
45	0.01668	0.00834	0.00834	0.00834	0.01042	0.00834	0.00625	0.02085	0.01876	0.03335	0.02918	0.03335	0.02293	0.01042	0.00625	0.00208	0.00417	0.00834	0.73525	0.00834
46	0.01690	0.01590	0.02683	0.66408	0.06162	0.01988	0.02485	0.02286	0.01789	0.02286	0.01590	0.02385	0.01193	0.00894	0.00894	0.00298	0.01193	0.00795	0.00398	0.00994
47	0.01293	0.00973	0.01203	0.01135	0.01377	0.00913	0.00854	0.01811	0.05939	0.03428	0.51318	0.06763	0.15916	0.01856	0.01047	0.00286	0.00443	0.01621	0.00958	0.00865
48	0.02329	0.01568	0.01886	0.01417	0.02128	0.01276	0.01133	0.06075	0.02129	0.15422	0.02282	0.07304	0.01879	0.00946	0.00763	0.00188	0.00691	0.00780	0.00693	0.49109
49	0.01071	0.00907	0.00925	0.00920	0.01217	0.00761	0.00690	0.01310	0.02071	0.02491	0.12471	0.08487	0.59160	0.02238	0.01057	0.00301	0.00451	0.01871	0.00841	0.00761
50	0.02279	0.01948	0.02053	0.01831	0.02347	0.02250	0.01429	0.07269	0.58759	0.03829	0.03573	0.03284	0.02676	0.01207	0.00910	0.00302	0.00721	0.01002	0.00910	0.01421
51	0.02816	0.01575	0.01959	0.01464	0.02201	0.01292	0.01187	0.03285	0.04788	0.29502	0.02529	0.02441	0.01776	0.00881	0.00777	0.00203	0.00708	0.00713	0.00799	0.39102
52	0.02002	0.07975	0.55770	0.02418	0.03660	0.02099	0.03050	0.02944	0.01938	0.07561	0.01736	0.01954	0.01219	0.00865	0.00839	0.00278	0.01258	0.00670	0.00435	0.01328
53	0.03288	0.03896	0.02618	0.02447	0.06121	0.52665	0.01781	0.11512	0.02744	0.02719	0.01508	0.01722	0.01219	0.00936	0.00824	0.00238	0.01494	0.00621	0.00521	0.01127
54	0.01855	0.01590	0.01855	0.01325	0.02120	0.01193	0.01060	0.02253	0.01855	0.02915	0.01590	0.01855	0.01325	0.00663	0.00663	0.00133	0.00663	0.00530	0.00530	0.74028
55	0.01668	0.00834	0.00834	0.00834	0.01042	0.00834	0.00625	0.02085	0.01876	0.03335	0.02918	0.03335	0.02293	0.01042	0.00625	0.00208	0.00417	0.00834	0.73525	0.00834
56	0.01724	0.01625	0.02746	0.62404	0.09897	0.01997	0.02502	0.02316	0.01805	0.02328	0.01596	0.02374	0.01207	0.00888	0.00894	0.00296	0.01184	0.00795	0.00401	0.01022
57	0.01812	0.04521	0.61353	0.02675	0.06392	0.02080	0.03282	0.02830	0.01895	0.02837	0.01609	0.01903	0.01145	0.00848	0.00852	0.00283	0.01311	0.00667	0.00381	0.01326
58	0.01057	0.00906	0.00906	0.00906	0.01208	0.00755	0.00680	0.01284	0.02039	0.02417	0.09063	0.08610	0.62615	0.02266	0.01057	0.00302	0.00453	0.01888	0.00831	0.00755
59	0.01057	0.00906	0.00906	0.00906	0.01208	0.00755	0.00680	0.01284	0.02039	0.02417	0.09063	0.08610	0.62615	0.02266	0.01057	0.00302	0.00453	0.01888	0.00831	0.00755
60	0.74878	0.01730	0.01315	0.01177	0.01730	0.02007	0.00969	0.02630	0.01523	0.04014	0.01246	0.01453	0.00969	0.00830	0.00554	0.00277	0.00692	0.00484	0.00554	0.00969
61	0.42163	0.01634	0.01666	0.01368	0.01986	0.01687	0.01129	0.03429	0.02002	0.31521	0.02300	0.02188	0.01544	0.00958	0.00713	0.00277	0.00724	0.00676	0.00809	0.01224
62	0.02225	0.01922	0.02023	0.01821	0.02326	0.02225	0.01416	0.04754	0.61361	0.03742	0.03641	0.03338	0.02731	0.01214	0.00910	0.00303	0.00708	0.01011	0.00910	0.01416
63	0.03119	0.03796	0.02433	0.02208	0.02678	0.52444	0.01666	0.03808	0.14276	0.02500	0.01834	0.01958	0.01467	0.00980	0.00827	0.00245	0.01433	0.00663	0.00551	0.01113
64	0.01972	0.23785	0.46321	0.02247	0.03404	0.02512	0.02778	0.02787	0.01868	0.02617	0.01498	0.01754	0.01138	0.00825	0.00768	0.00256	0.01214	0.00607	0.00379	0.01270
65	0.16868	0.02467	0.02144	0.01823	0.02317	0.15591	0.01433	0.20993	0.09920	0.03776	0.02000	0.02390	0.01630	0.07507	0.01283	0.00331	0.04914	0.00766	0.00675	0.01172
66	0.02022	0.32271	0.34565	0.02043	0.03054	0.02652	0.02407	0.02692	0.01831	0.02473	0.01497	0.01790	0.01206	0.01166	0.04588	0.00313	0.01229	0.00600	0.00386	0.01215
67	0.02375	0.01985	0.02273	0.01922	0.02228	0.06015	0.01565	0.20614	0.02426	0.03428	0.01901	0.02390	0.01577	0.01934	0.09543	0.00446	0.24343	0.00807	0.11114	0.01112
68	0.06204	0.03148	0.02502	0.02259	0.05691	0.30846	0.01683	0.23904	0.05630	0.03628	0.01931	0.04928	0.01578	0.01065	0.00852	0.00257	0.01228	0.00775	0.00658	0.01232
69	0.02107	0.38399	0.32893	0.02016	0.03047	0.02844	0.02376	0.02752	0.01852	0.02452	0.01416	0.01651	0.01141	0.00806	0.00705	0.00235	0.01131	0.00565	0.00380	0.01231
70	0.03202	0.06710	0.02710	0.02038	0.02695	0.12128	0.01663	0.41984	0.10087	0.04698	0.02142	0.02155	0.01576	0.01048	0.00864	0.00262	0.01047	0.00774	0.00800	0.01414
71	0.02247	0.08230	0.02492	0.01713	0.02351	0.04531	0.05135	0.02614	0.01907	0.10499	0.01811	0.02105	0.01453	0.01213	0.04793	0.00280	0.08820	0.00665	0.00563	0.36577
72	0.03401	0.02506	0.02685	0.02058	0.02774	0.02774	0.01700	0.59995	0.04206	0.05638	0.02148	0.02148	0.01521	0.01074	0.00895	0.00268	0.00984	0.00805	0.00895	0.01521
73	0.01373	0.01012	0.01320	0.01359	0.01589	0.00984	0.01106	0.01886	0.05293	0.03156	0.32883	0.08011	0.10073	0.02085	0.01121	0.00337	0.00601	0.24044	0.00907	0.00860
74	0.01930	0.01835	0.03117	0.38530	0.32163	0.02051	0.02604	0.02496	0.01902	0.02577	0.01633	0.02307	0.01295	0.00850	0.00890	0.00283	0.01133	0.00796	0.00418	0.01188
75	0.02152	0.02131	0.03487	0.17684	0.45128	0.04967	0.06072	0.02697	0.02014	0.02756	0.01658	0.02234	0.01356	0.00820	0.00894	0.00273	0.01141	0.00802	0.00435	0.01301
76	0.01768	0.01282	0.01825	0.18619	0.10981	0.01437	0.01488	0.02232	0.01842	0.02928	0.02289	0.02844	0.01813	0.01005	0.00883	0.00252	0.05079	0.00815	0.39653	0.00965
77	0.01090	0.00779	0.01038	0.01246	0.01298	0.00727	0.00830	0.01246	0.01713	0.02284	0.04931	0.67975	0.05917	0.02803	0.01142	0.00363	0.00519	0.02543	0.00830	0.00727
78	0.01690	0.01590	0.02683	0.66408	0.06162	0.01988	0.02485	0.02286	0.01789	0.02286	0.01590	0.02385	0.01193	0.00894	0.00894	0.00298	0.01193	0.00795	0.00398	0.00994
79	0.02214	0.02126	0.03631	0.05491	0.62978	0.02126	0.02746	0.02746	0.02037	0.02923	0.01683	0.02214	0.01417	0.00797	0.00886	0.00266	0.01063	0.00797	0.00443	0.01417
80	0.02225	0.01922	0.02023	0.01821	0.02326	0.02225	0.01416	0.04754	0.61361	0.03742	0.03641	0.03338	0.02731	0.01214	0.00910	0.00303	0.00708	0.01011	0.00910	0.01416
81	0.01690	0.01590	0.02683	0.66408	0.06162	0.01988	0.02485	0.02286	0.01789	0.02286	0.01590	0.02385	0.01193	0.00894	0.00894	0.00298	0.01193	0.00795	0.00398	0.00994
82	0.56310	0.01610	0.01341	0.01197	0.01663	0.01829	0.00944	0.05782	0.01700	0.03760	0.04631	0.02394	0.01710	0.10663	0.01176	0.00362	0.00721	0.00679	0.00594	0.00934
83	0.01763	0.04408	0.60214	0.02466	0.03722	0.02005	0.03160	0.02766	0.01927	0.02878	0.05206	0.02172	0.01565	0.00908	0.00862	0.00283	0.01269	0.00718	0.00414	0.01294
84	0.01122	0.00822	0.01127	0.04771	0.01561	0.00795	0.00920	0.01302	0.01717	0.02284	0.04750	0.64427	0.05662	0.02700	0.01129	0.00360	0.00555	0.02449	0.00807	0.00741
85	0.01099	0.00791	0.01027	0.01210	0.01276	0.00736	0.00806	0.01251	0.01713	0.02264	0.05087	0.61041	0.09397	0.06102	0.01309	0.00385	0.00533	0.02439	0.00816	0.00719
86	0.01101	0.00783	0.01035	0.01232	0.01281	0.00734	0.00816	0.01249	0.01692	0.02256	0.04824	0.64826	0.05782	0.06136	0.01315	0.00389	0.00537	0.02480	0.00816	0.00717
87	0.01799	0.01772	0.03208	0.51256	0.09632	0.02046	0.12690	0.02419	0.01863	0.02431	0.01635	0.02379	0.01237	0.00863	0.00923	0.00297	0.01240	0.00842	0.00410	0.01060
88	0.01841	0.09687	0.59275	0.02470	0.03748	0.02192	0.03166	0.02821	0.01883	0.02776	0.01577	0.01853	0.01134	0.00843	0.00828	0.00276	0.01294	0.00647	0.00378	0.01309
89	0.01305	0.00943	0.01362	0.01362	0.01512	0.01080	0.01041	0.01606	0.01456	0.02133	0.02464	0.03686	0.02320	0.11191	0.56036	0.01312	0.02146	0.00977	0.05286	0.00781
90	0.01794	0.04628	0.63923	0.02550	0.03872	0.02078	0.03305	0.02833	0.01889	0.02833	0.01606	0.01889	0.01133	0.00850	0.00850	0.00283	0.01322	0.00661	0.00378	0.01322
91	0.02091	0.36578	0.34566	0.02045	0.03091	0.02802	0.02426	0.02757	0.01854	0.02472	0.01426	0.01664	0.01141	0.00808	0.00713	0.00238	0.01141	0.00571	0.00380	0.01236
92	0.01794	0.04628	0.63923	0.02550	0.03872	0.02078	0.03305	0.02833	0.01889	0.02833	0.01606	0.01889	0.01133	0.00850	0.00850	0.00283	0.01322	0.00661	0.00378	0.01322
93	0.01075	0.00912	0.00930	0.00940	0.01237	0.00768	0.00714	0.01310	0.02040	0.02429	0.08869	0.08677	0.60031	0.02275	0.01065	0.00307	0.00470	0.04364	0.00830	0.00758
94	0.01996	0.22615	0.42485	0.02493	0.08066	0.02494	0.02761	0.02783	0.01880	0.02635	0.01510	0.01786	0.01160	0.00822	0.00775	0.00256	0.01199	0.00620	0.00384	0.01281
95	0.41641	0.01942	0.05037	0.01494	0.02109	0.02001	0.01280	0.06716	0.14072	0.12583	0.02137	0.02132	0.01550	0.00964	0.00713	0.00282	0.00757	0.00681	0.00717	0.01192
96	0.01090	0.00779	0.01038	0.01246	0.01298	0.00727	0.00830	0.01246	0.01713	0.02284	0.04931	0.67975	0.05917	0.02803	0.01142	0.00363	0.00519	0.02543	0.00830	0.00727
97	0.01391	0.01172	0.01800	0.01675	0.01915	0.01181	0.08389	0.01715	0.01898	0.02529	0.09434	0.22564	0.12882	0.05196	0.04290	0.00423	0.06002	0.13973	0.00732	0.00837
98	0.02006	0.01994	0.02960	0.31746	0.27342	0.06966	0.02418	0.02512	0.01933	0.02523	0.01924	0.02517	0.04036	0.00955	0.00995	0.00285	0.04474	0.00827	0.00439	0.01149
99	0.01794	0.04628	0.63923	0.02550	0.03872	0.02078	0.03305	0.02833	0.01889	0.02833	0.01606	0.01889	0.01133	0.00850	0.00850	0.00283	0.01322	0.00661	0.00378	0.01322
100	0.03342	0.04264	0.02535	0.02305	0.02766	0.64967	0.01729	0.03572	0.02535	0.02190	0.01383	0.01613	0.01152	0.00922	0.00807	0.00230	0.01613	0.00576	0.00461	0.01037
101	0.01839	0.04365	0.57588	0.02859	0.10083	0.02083	0.03247	0.02824	0.01904	0.02843	0.01614	0.01923	0.01163	0.00844	0.00854	0.00281	0.01295	0.00675	0.00385	0.01332
102	0.02021	0.29111	0.41428	0.02163	0.03274	0.02633	0.02632	0.02775	0.01862	0.02557	0.01468	0.01717	0.01139	0.00818	0.00745	0.00248	0.01183	0.00592	0.00380	0.01256
103	0.01090	0.00779	0.01038	0.01246	0.01298	0.00727	0.00830	0.01246	0.01713	0.02284	0.04931	0.67975	0.05917	0.02803	0.01142	0.00363	0.00519	0.02543	0.00830	0.00727
104	0.02045	0.01953	0.03325	0.25155	0.44638	0.02081	0.02661	0.02597	0.01957	0.02717	0.01653	0.02269	0.01345	0.00829	0.00889	0.00276	0.01105	0.00796	0.00428	0.01280
105	0.07046	0.02338	0.02382	0.05663	0.07415	0.09623	0.01654	0.22954	0.20995	0.04028	0.02686	0.02698	0.04350	0.01103	0.00875	0.00278	0.00950	0.00867	0.00764	0.01331
106	0.02154	0.02064	0.03523	0.12486	0.56454	0.02110	0.02716	0.02693	0.02009	0.02850	0.01672	0.02234	0.01391	0.00808	0.00887	0.00269	0.01078	0.00797	0.00438	0.01369
107	0.03295	0.04166	0.02514	0.02285	0.02747	0.62338	0.01716	0.03622	0.05000	0.02255	0.01478	0.01686	0.01219	0.00934	0.00811	0.00234	0.01575	0.00594	0.00480	0.01053
108	0.01514	0.01444	0.02715	0.02240	0.02653	0.01351	0.23843	0.01928	0.01917	0.02550	0.03970	0.33956	0.07806	0.01942	0.01110	0.00339	0.00925	0.06190	0.00683	0.00923
109	0.03011	0.02432	0.02605	0.06304	0.02904	0.06395	0.01746	0.40901	0.10237	0.04658	0.02143	0.02250	0.01583	0.01116	0.01088	0.00284	0.07348	0.00812	0.00789	0.01393
110	0.01192	0.00879	0.01106	0.01260	0.01354	0.00855	0.00852	0.01526	0.06379	0.02367	0.04850	0.56536	0.07673	0.06980	0.01345	0.00389	0.00554	0.02316	0.00818	0.00770
111	0.01828	0.08219	0.60624	0.02493	0.03784	0.02159	0.03207	0.02825	0.01885	0.02793	0.01585	0.01864	0.01134	0.00845	0.00835	0.00278	0.01302	0.00651	0.00378	0.01312
112	0.02442	0.05112	0.18150	0.01942	0.02695	0.01945	0.01916	0.15658	0.08789	0.11695	0.02772	0.06302	0.02321	0.01273	0.00919	0.00291	0.00950	0.08738	0.00739	0.05350
113	0.02086	0.02364	0.05123	0.07536	0.04765	0.02246	0.56287	0.02831	0.02092	0.02831	0.01797	0.02412	0.01348	0.00763	0.01046	0.00301	0.01489	0.01040	0.00449	0.01194
114	0.01109	0.00792	0.01060	0.01267	0.01328	0.00743	0.00864	0.01279	0.01732	0.02305	0.04920	0.64844	0.05876	0.02785	0.01147	0.00366	0.00536	0.05487	0.00830	0.00732
115	0.02232	0.02197	0.03494	0.10348	0.55030	0.05514	0.02669	0.02752	0.02044	0.02831	0.01659	0.02196	0.01384	0.00812	0.00882	0.00266	0.01103	0.00785	0.00440	0.01362

[dist]
# distance from previous block
# <min> <max>
9	21

[block]
# block no. 2 follows, 19 sequences, length 115
# corresponding to MSA columns:
# 200-314
name=unknown_C
#
# <colnr> <probs for GDERKNQSTAVLIFYWHMCP>
#	G	D	E	R	K	N	Q	S	T	A	V	L	I	F	Y	W	H	M	C	P
0	0.08250	0.36161	0.22156	0.01915	0.02796	0.02730	0.05163	0.02646	0.01824	0.02539	0.01604	0.05587	0.01424	0.00917	0.00716	0.00243	0.01049	0.00689	0.00426	0.01164
1	0.07911	0.39845	0.16768	0.01778	0.02617	0.02934	0.01864	0.05686	0.08117	0.02750	0.01614	0.01766	0.01314	0.00850	0.00682	0.00233	0.00990	0.00589	0.00474	0.01217
2	0.07865	0.02412	0.10453	0.08401	0.36532	0.02176	0.07724	0.08193	0.02177	0.03209	0.01690	0.02141	0.01339	0.00835	0.00873	0.00274	0.01106	0.00781	0.00485	0.01334
3	0.06172	0.01966	0.02622	0.32066	0.11894	0.05238	0.02107	0.11399	0.08377	0.06579	0.01977	0.02376	0.01473	0.00952	0.00873	0.00284	0.01065	0.00798	0.00582	0.01201
4	0.01365	0.05970	0.01441	0.01152	0.01444	0.01113	0.00895	0.01873	0.06298	0.03222	0.41895	0.06515	0.19888	0.01810	0.01011	0.00281	0.00487	0.01556	0.00901	0.00884
5	0.02574	0.46983	0.08319	0.01671	0.02466	0.03053	0.01642	0.10813	0.02210	0.06915	0.01571	0.01700	0.01282	0.00833	0.00666	0.00212	0.00958	0.00569	0.00512	0.05053
6	0.02033	0.01682	0.01960	0.01485	0.02163	0.01477	0.01186	0.11023	0.02179	0.03240	0.01934	0.07456	0.01733	0.00953	0.00857	0.00186	0.04168	0.00755	0.00604	0.52925
7	0.02167	0.05804	0.02235	0.01752	0.02114	0.06489	0.04469	0.17739	0.02367	0.03122	0.05410	0.06302	0.02473	0.16150	0.11832	0.00585	0.06312	0.01031	0.00633	0.01015
8	0.01610	0.00979	0.01250	0.01201	0.01437	0.00898	0.00892	0.01905	0.02163	0.11176	0.27818	0.15661	0.12391	0.10690	0.01517	0.00381	0.00574	0.05696	0.00892	0.00869
9	0.01185	0.00869	0.01194	0.04838	0.01630	0.00845	0.00990	0.01429	0.01867	0.02505	0.12574	0.49705	0.05919	0.02529	0.01127	0.00354	0.00576	0.08270	0.00827	0.00768
10	0.01885	0.07164	0.50703	0.02846	0.08209	0.02167	0.09050	0.02823	0.01920	0.02810	0.01616	0.01946	0.01178	0.00832	0.00861	0.00280	0.01306	0.00704	0.00391	0.01309
11	0.01816	0.04480	0.60005	0.02631	0.03926	0.02090	0.07075	0.02835	0.01904	0.02835	0.01619	0.01924	0.01148	0.00844	0.00864	0.00285	0.01335	0.00687	0.00383	0.01314
12	0.01764	0.01040	0.01377	0.01314	0.01431	0.01073	0.00926	0.10130	0.01712	0.02288	0.02163	0.12658	0.02219	0.02752	0.02739	0.51447	0.00769	0.01053	0.00533	0.00613
13	0.02584	0.02246	0.10581	0.02587	0.14208	0.01995	0.01922	0.07621	0.24089	0.15845	0.02910	0.03026	0.02164	0.01098	0.00906	0.00290	0.00891	0.02841	0.00786	0.01412
14	0.02865	0.03474	0.06374	0.07809	0.13709	0.38318	0.02042	0.06516	0.05663	0.02643	0.01632	0.01920	0.01308	0.00918	0.00841	0.00251	0.01381	0.00674	0.00497	0.01166
15	0.02274	0.02263	0.03496	0.08484	0.55291	0.06987	0.02653	0.02785	0.02063	0.02832	0.01655	0.02177	0.01385	0.00812	0.00880	0.00265	0.01112	0.00780	0.00442	0.01365
16	0.01113	0.00795	0.01065	0.01273	0.01335	0.00747	0.00871	0.01286	0.01736	0.02310	0.04918	0.64108	0.05866	0.02781	0.01148	0.00367	0.00539	0.06179	0.00830	0.00733
17	0.06450	0.01969	0.03643	0.26300	0.12423	0.02057	0.23626	0.02742	0.01985	0.07438	0.01814	0.02369	0.01349	0.00842	0.00933	0.00292	0.01230	0.00882	0.00488	0.01167
18	0.03507	0.01559	0.02009	0.01617	0.02238	0.01459	0.01308	0.04266	0.13917	0.48636	0.03628	0.06654	0.02517	0.01221	0.00915	0.00287	0.00738	0.01011	0.01054	0.01458
19	0.04014	0.01523	0.02076	0.01592	0.02284	0.01315	0.01315	0.04360	0.02561	0.63597	0.03530	0.03045	0.02215	0.01107	0.00900	0.00277	0.00761	0.00900	0.01107	0.01523
20	0.02520	0.02275	0.02278	0.01981	0.02515	0.11708	0.04557	0.04445	0.44956	0.07840	0.03192	0.03005	0.02380	0.01137	0.00902	0.00290	0.00892	0.00939	0.00832	0.01355
21	0.02494	0.44813	0.15452	0.01823	0.02652	0.10793	0.01878	0.02920	0.01965	0.05912	0.01465	0.01639	0.01209	0.00821	0.00675	0.00219	0.01096	0.00550	0.00435	0.01189
22	0.01443	0.01011	0.01308	0.05545	0.01727	0.00990	0.00982	0.01923	0.05725	0.05856	0.31842	0.20064	0.10381	0.01910	0.01025	0.00300	0.00530	0.01683	0.04868	0.00885
23	0.01584	0.00994	0.01362	0.01245	0.01493	0.01031	0.05355	0.01997	0.01761	0.02916	0.02674	0.03319	0.02203	0.02745	0.20257	0.00590	0.01104	0.00889	0.45630	0.00852
24	0.02220	0.38041	0.19546	0.08165	0.03235	0.07049	0.05388	0.02751	0.01898	0.02357	0.01411	0.01709	0.01161	0.00809	0.00718	0.00234	0.01148	0.00595	0.00392	0.01174
25	0.02157	0.02453	0.11238	0.05034	0.52554	0.02127	0.05798	0.02763	0.02023	0.02909	0.01680	0.02184	0.01379	0.00801	0.00890	0.00270	0.01119	0.00794	0.00435	0.01394
26	0.01191	0.00902	0.01098	0.01070	0.01296	0.00809	0.00795	0.01535	0.02324	0.03142	0.42323	0.11999	0.24183	0.02033	0.01063	0.00294	0.00439	0.01769	0.00928	0.00809
27	0.02195	0.02181	0.03947	0.05162	0.51802	0.02152	0.13669	0.02769	0.02051	0.02912	0.01707	0.02252	0.01406	0.00789	0.00918	0.00273	0.01148	0.00847	0.00445	0.01377
28	0.01992	0.02185	0.07189	0.03058	0.05808	0.02002	0.35978	0.06714	0.02201	0.03021	0.06889	0.10952	0.02477	0.01161	0.01118	0.00307	0.04009	0.01227	0.00567	0.01145
29	0.02346	0.64102	0.09278	0.01610	0.02418	0.03427	0.01668	0.02691	0.01823	0.02161	0.01272	0.01470	0.01147	0.00772	0.00595	0.00198	0.00985	0.00493	0.00382	0.01162
30	0.01336	0.00967	0.01307	0.01463	0.01654	0.00939	0.01214	0.01695	0.02063	0.02709	0.12236	0.18527	0.10127	0.02428	0.01185	0.00380	0.00698	0.37422	0.00845	0.00806
31	0.02226	0.42290	0.26037	0.01941	0.02892	0.06277	0.02184	0.02782	0.01882	0.02373	0.01382	0.01609	0.01143	0.00804	0.00686	0.00227	0.01124	0.00550	0.00385	0.01205
32	0.02140	0.02050	0.03497	0.14095	0.54953	0.02106	0.02709	0.02681	0.02002	0.02833	0.01670	0.02238	0.01385	0.00811	0.00887	0.00270	0.01081	0.00797	0.00436	0.01357
33	0.01126	0.00804	0.01079	0.01287	0.01354	0.00758	0.00893	0.01308	0.01748	0.02324	0.04911	0.62075	0.05839	0.02769	0.01151	0.00368	0.00550	0.08089	0.00830	0.00737
34	0.02116	0.02025	0.03454	0.16907	0.52331	0.02100	0.02697	0.02659	0.01991	0.02803	0.01665	0.02246	0.01375	0.00815	0.00887	0.00272	0.01087	0.00797	0.00434	0.01338
35	0.01794	0.04628	0.63923	0.02550	0.03872	0.02078	0.03305	0.02833	0.01889	0.02833	0.01606	0.01889	0.01133	0.00850	0.00850	0.00283	0.01322	0.00661	0.00378	0.01322
36	0.03864	0.01489	0.02028	0.01566	0.02232	0.01289	0.01289	0.04214	0.02559	0.60315	0.06756	0.03244	0.02555	0.01147	0.00908	0.00277	0.00743	0.00939	0.01101	0.01485
37	0.03342	0.04264	0.02535	0.02305	0.02766	0.64967	0.01729	0.03572	0.02535	0.02190	0.01383	0.01613	0.01152	0.00922	0.00807	0.00230	0.01613	0.00576	0.00461	0.01037
38	0.02145	0.02055	0.03507	0.13475	0.55531	0.02108	0.02711	0.02685	0.02005	0.02839	0.01671	0.02237	0.01388	0.00810	0.00887	0.00270	0.01080	0.00797	0.00437	0.01362
39	0.02760	0.01902	0.02015	0.01746	0.02282	0.06436	0.01390	0.07284	0.30341	0.20329	0.03718	0.03790	0.05699	0.01294	0.00928	0.00296	0.00799	0.04720	0.00922	0.01350
40	0.01090	0.00779	0.01038	0.01246	0.01298	0.00727	0.00830	0.01246	0.01713	0.02284	0.04931	0.67975	0.05917	0.02803	0.01142	0.00363	0.00519	0.02543	0.00830	0.00727
41	0.01710	0.01631	0.02812	0.63297	0.06088	0.02001	0.05328	0.02315	0.01805	0.02315	0.01601	0.02387	0.01201	0.00887	0.00902	0.00298	0.01208	0.00808	0.00400	0.01004
42	0.03241	0.02213	0.02431	0.01901	0.02546	0.02402	0.01544	0.44133	0.08209	0.12903	0.02495	0.02624	0.01831	0.05918	0.01159	0.00315	0.00925	0.00869	0.00899	0.01443
43	0.02112	0.02413	0.05279	0.03771	0.04676	0.02262	0.59729	0.02866	0.02112	0.02866	0.01810	0.02413	0.01357	0.00754	0.01056	0.00302	0.01508	0.01056	0.00452	0.01207
44	0.03068	0.03760	0.02346	0.02122	0.02577	0.53771	0.01600	0.06381	0.02566	0.02406	0.02357	0.02492	0.08632	0.01093	0.00842	0.00241	0.01438	0.00748	0.00530	0.01029
45	0.01228	0.00913	0.01117	0.01081	0.01293	0.00833	0.00801	0.01563	0.02279	0.03097	0.41826	0.07199	0.20562	0.08330	0.01397	0.00348	0.00489	0.03950	0.00900	0.00794
46	0.02492	0.62236	0.04460	0.01613	0.02346	0.10040	0.01552	0.02773	0.01894	0.02114	0.01259	0.01454	0.01149	0.00782	0.00599	0.00195	0.01026	0.00489	0.00391	0.01136
47	0.01090	0.00779	0.01038	0.01246	0.01298	0.00727	0.00830	0.01246	0.01713	0.02284	0.04931	0.67975	0.05917	0.02803	0.01142	0.00363	0.00519	0.02543	0.00830	0.00727
48	0.01211	0.00912	0.01120	0.01068	0.01303	0.00821	0.00801	0.01582	0.02403	0.03280	0.48449	0.07190	0.22691	0.01944	0.01056	0.00287	0.00430	0.01689	0.00944	0.00821
49	0.02014	0.02215	0.04591	0.16855	0.04857	0.02232	0.44454	0.02704	0.02002	0.02704	0.01728	0.02382	0.01313	0.00829	0.01127	0.00306	0.05115	0.00986	0.00438	0.01149
50	0.01838	0.09346	0.59588	0.02475	0.03757	0.02185	0.03176	0.02822	0.01884	0.02780	0.01579	0.01856	0.01134	0.00844	0.00830	0.00277	0.01295	0.00648	0.00378	0.01309
51	0.03342	0.04264	0.02535	0.02305	0.02766	0.64967	0.01729	0.03572	0.02535	0.02190	0.01383	0.01613	0.01152	0.00922	0.00807	0.00230	0.01613	0.00576	0.00461	0.01037
52	0.01591	0.01161	0.01517	0.01636	0.01878	0.01192	0.01379	0.06441	0.05510	0.02914	0.04501	0.16777	0.04834	0.02337	0.01179	0.00388	0.00789	0.42244	0.00835	0.00898
53	0.01669	0.01520	0.02501	0.52804	0.05232	0.01903	0.02239	0.02156	0.01694	0.02216	0.01620	0.02461	0.01294	0.01526	0.06167	0.04777	0.06071	0.00806	0.00403	0.00942
54	0.01090	0.00779	0.01038	0.01246	0.01298	0.00727	0.00830	0.01246	0.01713	0.02284	0.04931	0.67975	0.05917	0.02803	0.01142	0.00363	0.00519	0.02543	0.00830	0.00727
55	0.02214	0.02126	0.03631	0.05491	0.62978	0.02126	0.02746	0.02746	0.02037	0.02923	0.01683	0.02214	0.01417	0.00797	0.00886	0.00266	0.01063	0.00797	0.00443	0.01417
56	0.03914	0.01545	0.02073	0.01605	0.02286	0.01366	0.01321	0.04382	0.05862	0.60236	0.03536	0.03062	0.02244	0.01113	0.00900	0.00278	0.00758	0.00906	0.01096	0.01517
57	0.01794	0.04628	0.63923	0.02550	0.03872	0.02078	0.03305	0.02833	0.01889	0.02833	0.01606	0.01889	0.01133	0.00850	0.00850	0.00283	0.01322	0.00661	0.00378	0.01322
58	0.01266	0.00914	0.01196	0.01126	0.01337	0.00844	0.00844	0.01688	0.02532	0.03588	0.62506	0.06683	0.08441	0.01829	0.01055	0.00281	0.00422	0.01618	0.00985	0.00844
59	0.03132	0.12323	0.10403	0.01649	0.02374	0.01700	0.01548	0.03568	0.02355	0.38690	0.10282	0.03099	0.02686	0.01111	0.00862	0.00265	0.00822	0.00893	0.00885	0.01354
60	0.03397	0.02635	0.02674	0.02076	0.02774	0.07326	0.01703	0.55866	0.04084	0.05386	0.02092	0.02109	0.01494	0.01063	0.00889	0.00266	0.01030	0.00789	0.00863	0.01486
61	0.01690	0.01590	0.02683	0.66408	0.06162	0.01988	0.02485	0.02286	0.01789	0.02286	0.01590	0.02385	0.01193	0.00894	0.00894	0.00298	0.01193	0.00795	0.00398	0.00994
62	0.03401	0.02506	0.02685	0.02058	0.02774	0.02774	0.01700	0.59995	0.04206	0.05638	0.02148	0.02148	0.01521	0.01074	0.00895	0.00268	0.00984	0.00805	0.00895	0.01521
63	0.01855	0.01590	0.01855	0.01325	0.02120	0.01193	0.01060	0.02253	0.01855	0.02915	0.01590	0.01855	0.01325	0.00663	0.00663	0.00133	0.00663	0.00530	0.00530	0.74028
64	0.02112	0.02413	0.05279	0.03771	0.04676	0.02262	0.59729	0.02866	0.02112	0.02866	0.01810	0.02413	0.01357	0.00754	0.01056	0.00302	0.01508	0.01056	0.00452	0.01207
65	0.02214	0.02126	0.03631	0.05491	0.62978	0.02126	0.02746	0.02746	0.02037	0.02923	0.01683	0.02214	0.01417	0.00797	0.00886	0.00266	0.01063	0.00797	0.00443	0.01417
66	0.01301	0.00867	0.00976	0.00976	0.00976	0.00867	0.00542	0.01301	0.01301	0.01735	0.02819	0.05855	0.03253	0.68559	0.04554	0.00867	0.00867	0.01301	0.00542	0.00542
67	0.71328	0.01769	0.01383	0.01220	0.01782	0.02045	0.01005	0.05479	0.01656	0.04095	0.01291	0.01488	0.00996	0.00843	0.00571	0.00276	0.00707	0.00500	0.00571	0.00996
68	0.01690	0.01590	0.02683	0.66408	0.06162	0.01988	0.02485	0.02286	0.01789	0.02286	0.01590	0.02385	0.01193	0.00894	0.00894	0.00298	0.01193	0.00795	0.00398	0.00994
69	0.01460	0.01045	0.01406	0.01362	0.01537	0.01174	0.01027	0.05757	0.01641	0.02356	0.02487	0.03811	0.02366	0.16667	0.45626	0.01173	0.01898	0.00999	0.05400	0.00808
70	0.02225	0.01922	0.02023	0.01821	0.02326	0.02225	0.01416	0.04754	0.61361	0.03742	0.03641	0.03338	0.02731	0.01214	0.00910	0.00303	0.00708	0.01011	0.00910	0.01416
71	0.01266	0.00914	0.01196	0.01126	0.01337	0.00844	0.00844	0.01688	0.02532	0.03588	0.62506	0.06683	0.08441	0.01829	0.01055	0.00281	0.00422	0.01618	0.00985	0.00844
72	0.04014	0.01523	0.02076	0.01592	0.02284	0.01315	0.01315	0.04360	0.02561	0.63597	0.03530	0.03045	0.02215	0.01107	0.00900	0.00277	0.00761	0.00900	0.01107	0.01523
73	0.04014	0.01523	0.02076	0.01592	0.02284	0.01315	0.01315	0.04360	0.02561	0.63597	0.03530	0.03045	0.02215	0.01107	0.00900	0.00277	0.00761	0.00900	0.01107	0.01523
74	0.01090	0.00779	0.01038	0.01246	0.01298	0.00727	0.00830	0.01246	0.01713	0.02284	0.04931	0.67975	0.05917	0.02803	0.01142	0.00363	0.00519	0.02543	0.00830	0.00727
75	0.01794	0.04628	0.63923	0.02550	0.03872	0.02078	0.03305	0.02833	0.01889	0.02833	0.01606	0.01889	0.01133	0.00850	0.00850	0.00283	0.01322	0.00661	0.00378	0.01322
76	0.03980	0.01578	0.02110	0.01618	0.02311	0.01397	0.01337	0.07484	0.02653	0.60343	0.03452	0.02995	0.02176	0.01105	0.00899	0.00276	0.00774	0.00894	0.01095	0.01522
77	0.02215	0.02111	0.03516	0.05229	0.58638	0.02133	0.02651	0.02889	0.06282	0.02981	0.01823	0.02295	0.01511	0.00827	0.00887	0.00268	0.01037	0.00812	0.00476	0.01417
78	0.01089	0.00903	0.00903	0.00903	0.01200	0.00759	0.00677	0.01326	0.02031	0.02465	0.08741	0.08334	0.59457	0.02202	0.01035	0.00297	0.00451	0.01833	0.04636	0.00759
79	0.02236	0.07170	0.04398	0.03093	0.03827	0.02385	0.38665	0.10518	0.02284	0.03089	0.01931	0.05978	0.01606	0.00992	0.01183	0.00301	0.07586	0.01038	0.00524	0.01197
80	0.02058	0.02328	0.05057	0.03639	0.04499	0.02182	0.56646	0.02781	0.02091	0.02835	0.01973	0.05845	0.01596	0.00861	0.01060	0.00305	0.01457	0.01134	0.00472	0.01182
81	0.01511	0.01334	0.01807	0.01683	0.01898	0.05843	0.04531	0.01842	0.01551	0.02134	0.02222	0.03229	0.02050	0.05669	0.53308	0.01228	0.05913	0.00927	0.00472	0.00849
82	0.01887	0.08895	0.50537	0.02667	0.03885	0.02211	0.11979	0.02827	0.01919	0.02786	0.01612	0.01938	0.01169	0.00829	0.00862	0.00280	0.01325	0.00710	0.00390	0.01292
83	0.01690	0.01590	0.02683	0.66408	0.06162	0.01988	0.02485	0.02286	0.01789	0.02286	0.01590	0.02385	0.01193	0.00894	0.00894	0.00298	0.01193	0.00795	0.00398	0.00994
84	0.02449	0.59256	0.07840	0.01662	0.02430	0.09318	0.01650	0.02773	0.01890	0.02154	0.01278	0.01478	0.01148	0.00785	0.00612	0.00200	0.01040	0.00498	0.00390	0.01147
85	0.01409	0.01027	0.01293	0.01223	0.01462	0.00983	0.00932	0.05912	0.02542	0.03532	0.47908	0.11381	0.10031	0.01906	0.01061	0.00295	0.00495	0.04779	0.00950	0.00879
86	0.02499	0.38199	0.13776	0.02066	0.07292	0.02848	0.01901	0.07182	0.05467	0.08511	0.01757	0.01884	0.01385	0.00862	0.00717	0.00232	0.00994	0.00627	0.00523	0.01276
87	0.01978	0.02046	0.03365	0.06981	0.03180	0.02572	0.16296	0.02338	0.01582	0.02338	0.01360	0.02099	0.01221	0.01320	0.02334	0.00363	0.46335	0.00851	0.00407	0.01036
88	0.01090	0.00779	0.01038	0.01246	0.01298	0.00727	0.00830	0.01246	0.01713	0.02284	0.04931	0.67975	0.05917	0.02803	0.01142	0.00363	0.00519	0.02543	0.00830	0.00727
89	0.02213	0.02205	0.03445	0.12965	0.42559	0.06324	0.06963	0.02893	0.06288	0.02844	0.01800	0.02293	0.01459	0.00845	0.00897	0.00273	0.01126	0.00817	0.00472	0.01319
90	0.01808	0.01690	0.02841	0.45906	0.20653	0.01955	0.02478	0.02375	0.01873	0.02480	0.01839	0.02892	0.01534	0.00982	0.00917	0.00298	0.01132	0.04814	0.00440	0.01092
91	0.04014	0.01523	0.02076	0.01592	0.02284	0.01315	0.01315	0.04360	0.02561	0.63597	0.03530	0.03045	0.02215	0.01107	0.00900	0.00277	0.00761	0.00900	0.01107	0.01523
92	0.01090	0.00779	0.01038	0.01246	0.01298	0.00727	0.00830	0.01246	0.01713	0.02284	0.04931	0.67975	0.05917	0.02803	0.01142	0.00363	0.00519	0.02543	0.00830	0.00727
93	0.01820	0.07362	0.61411	0.02507	0.03805	0.02140	0.03230	0.02827	0.01886	0.02802	0.01590	0.01870	0.01134	0.00846	0.00838	0.00279	0.01307	0.00653	0.00378	0.01315
94	0.01722	0.01635	0.02690	0.58643	0.05700	0.02079	0.02421	0.02270	0.01738	0.02270	0.01540	0.02333	0.01190	0.00976	0.01142	0.00309	0.09160	0.00794	0.00397	0.00992
95	0.08424	0.02405	0.02536	0.01977	0.02665	0.02677	0.01626	0.51610	0.08443	0.05375	0.02199	0.02190	0.01576	0.01067	0.00872	0.00272	0.00942	0.00798	0.00872	0.01474
96	0.02392	0.69097	0.04688	0.01531	0.02296	0.03540	0.01531	0.02679	0.01818	0.02105	0.01244	0.01435	0.01148	0.00765	0.00574	0.00191	0.00957	0.00478	0.00383	0.01148
97	0.02119	0.02250	0.04496	0.08876	0.25907	0.02193	0.34985	0.02781	0.02062	0.02845	0.01748	0.02339	0.01367	0.00780	0.00983	0.00288	0.01324	0.00943	0.00445	0.01268
98	0.01278	0.00959	0.01438	0.01438	0.01598	0.01118	0.01118	0.01598	0.01438	0.02077	0.02396	0.03515	0.02237	0.06710	0.65013	0.01438	0.02396	0.00959	0.00479	0.00799
99	0.01057	0.00906	0.00906	0.00906	0.01208	0.00755	0.00680	0.01284	0.02039	0.02417	0.09063	0.08610	0.62615	0.02266	0.01057	0.00302	0.00453	0.01888	0.00831	0.00755
100	0.01962	0.19296	0.45967	0.02526	0.07739	0.02418	0.02857	0.02791	0.01883	0.02672	0.01528	0.01808	0.01157	0.00827	0.00789	0.00261	0.01219	0.00629	0.00384	0.01289
101	0.02090	0.24526	0.41223	0.02217	0.03306	0.07030	0.02644	0.02838	0.01913	0.02562	0.01478	0.01729	0.01139	0.00829	0.00762	0.00251	0.01230	0.00599	0.00385	0.01248
102	0.01090	0.00779	0.01038	0.01246	0.01298	0.00727	0.00830	0.01246	0.01713	0.02284	0.04931	0.67975	0.05917	0.02803	0.01142	0.00363	0.00519	0.02543	0.00830	0.00727
103	0.01794	0.04628	0.63923	0.02550	0.03872	0.02078	0.03305	0.02833	0.01889	0.02833	0.01606	0.01889	0.01133	0.00850	0.00850	0.00283	0.01322	0.00661	0.00378	0.01322
104	0.03659	0.02181	0.02418	0.01873	0.02565	0.05460	0.01538	0.33305	0.03417	0.30134	0.02696	0.02502	0.01797	0.01080	0.00892	0.00270	0.00923	0.00833	0.00962	0.01496
105	0.01862	0.01915	0.03628	0.39029	0.05344	0.02142	0.23184	0.02486	0.01875	0.02486	0.01639	0.02364	0.01251	0.00893	0.01102	0.00306	0.06117	0.00889	0.00417	0.01070
106	0.06323	0.01266	0.01263	0.01227	0.01474	0.07013	0.00910	0.01800	0.02261	0.03099	0.35361	0.15750	0.15155	0.01895	0.01012	0.00292	0.00574	0.01629	0.00858	0.00839
107	0.07198	0.02017	0.02951	0.29504	0.11366	0.02269	0.07643	0.19834	0.02561	0.03543	0.01767	0.02234	0.01319	0.00920	0.00886	0.00284	0.01111	0.00803	0.00569	0.01221
108	0.01877	0.07026	0.11276	0.12164	0.28648	0.01916	0.02285	0.02429	0.02019	0.02782	0.08571	0.03472	0.06627	0.01116	0.00908	0.00279	0.00986	0.03904	0.00527	0.01189
109	0.02898	0.13061	0.02661	0.01797	0.02407	0.06171	0.01513	0.31835	0.05609	0.07500	0.02361	0.02801	0.01871	0.01122	0.00836	0.00260	0.00924	0.04865	0.08202	0.01307
110	0.13702	0.06763	0.43037	0.05995	0.03644	0.02142	0.07170	0.02765	0.01838	0.02963	0.01546	0.01866	0.01128	0.00838	0.00808	0.00280	0.01210	0.00662	0.00413	0.01229
111	0.02244	0.05187	0.07188	0.11373	0.21655	0.11358	0.02113	0.06071	0.02161	0.02831	0.01851	0.02639	0.01597	0.00955	0.00851	0.00253	0.01088	0.05049	0.00503	0.13032
112	0.01886	0.02066	0.09223	0.29004	0.25267	0.01980	0.02468	0.02626	0.06497	0.02679	0.02006	0.06729	0.01700	0.01008	0.00905	0.00290	0.01078	0.00915	0.00480	0.01192
113	0.12049	0.01915	0.02386	0.13073	0.03029	0.05302	0.07190	0.14401	0.02291	0.03401	0.02021	0.07012	0.01718	0.01129	0.01054	0.00284	0.07931	0.00889	0.08808	0.04118
114	0.02001	0.15778	0.08304	0.01652	0.02177	0.01670	0.05237	0.02362	0.01952	0.11966	0.05629	0.27189	0.03442	0.01635	0.00923	0.00286	0.00795	0.01431	0.00702	0.04870

[dist]
# distance from previous block
# <min> <max>
14	40

[block]
