[name]
unknown

[dist]
# distance from previous block
# <min> <max>
3	52

[block]
# block no. 0 follows, 23 sequences, length 25
# corresponding to MSA columns:
# 58-82
name=unknown_A
#
# <colnr> <probs for GDERKNQSTAVLIFYWHMCP>
#	G	D	E	R	K	N	Q	S	T	A	V	L	I	F	Y	W	H	M	C	P
0	0.07675	0.02102	0.16743	0.01683	0.02211	0.01741	0.01604	0.18197	0.02053	0.03009	0.01833	0.02452	0.01551	0.07634	0.21262	0.00610	0.05362	0.00751	0.00518	0.01010
1	0.02179	0.01622	0.01895	0.05682	0.07113	0.01725	0.01320	0.20850	0.15843	0.08041	0.03479	0.03423	0.13862	0.01166	0.00820	0.00251	0.00708	0.00955	0.05931	0.03134
2	0.01998	0.28458	0.17125	0.01920	0.07316	0.02358	0.01766	0.07726	0.06855	0.02531	0.01574	0.01918	0.01323	0.04940	0.00958	0.00252	0.03981	0.00615	0.00445	0.05941
3	0.02499	0.11896	0.02373	0.01581	0.02174	0.02163	0.01319	0.37659	0.02901	0.03945	0.01994	0.07201	0.01654	0.01000	0.00743	0.00219	0.00785	0.00775	0.05094	0.12026
4	0.02459	0.01823	0.02159	0.05625	0.02415	0.01919	0.04544	0.36290	0.02855	0.05593	0.01983	0.02324	0.01537	0.06334	0.01023	0.00267	0.00826	0.00748	0.08095	0.11180
5	0.05649	0.51432	0.07289	0.01413	0.02088	0.02718	0.01393	0.05534	0.01804	0.02343	0.06210	0.01749	0.01570	0.00785	0.00588	0.00189	0.00824	0.00542	0.00428	0.05453
6	0.01582	0.01088	0.01292	0.06551	0.01742	0.01066	0.00943	0.06594	0.05988	0.10240	0.05227	0.15975	0.29363	0.07217	0.01172	0.00318	0.00589	0.01453	0.00741	0.00859
7	0.01338	0.01001	0.01390	0.01343	0.01502	0.01170	0.01047	0.05147	0.01499	0.02190	0.02290	0.08214	0.02176	0.04703	0.48139	0.00996	0.07209	0.00950	0.06923	0.00773
8	0.01881	0.02208	0.13415	0.04246	0.51275	0.01831	0.02439	0.02429	0.01861	0.02684	0.06485	0.02273	0.01735	0.00803	0.00810	0.00245	0.00957	0.00761	0.00430	0.01231
9	0.02890	0.03426	0.02244	0.02008	0.02452	0.53104	0.01525	0.08555	0.11432	0.02455	0.01608	0.01729	0.01280	0.00886	0.00752	0.00221	0.01297	0.00597	0.00510	0.01028
10	0.01187	0.01097	0.06350	0.01124	0.01395	0.00855	0.00943	0.01614	0.02250	0.03199	0.60860	0.05715	0.07129	0.01588	0.00942	0.00255	0.00448	0.01398	0.00849	0.00800
11	0.01179	0.00792	0.00914	0.00914	0.00924	0.00802	0.00528	0.01199	0.01189	0.01595	0.02530	0.05164	0.02887	0.66977	0.08550	0.00822	0.00882	0.01159	0.00488	0.00508
12	0.01455	0.00753	0.00777	0.00793	0.00963	0.00749	0.00580	0.01798	0.01669	0.02888	0.02799	0.08910	0.02394	0.03794	0.00744	0.00224	0.00402	0.00905	0.66664	0.00738
13	0.03031	0.03867	0.02299	0.02090	0.02508	0.68226	0.01568	0.03240	0.02299	0.01986	0.01254	0.01463	0.01045	0.00836	0.00732	0.00209	0.01463	0.00523	0.00418	0.00941
14	0.01650	0.01407	0.01647	0.01198	0.01887	0.01062	0.00952	0.02000	0.01676	0.02617	0.01586	0.04979	0.01400	0.00693	0.00622	0.00130	0.00595	0.00568	0.00494	0.72838
15	0.03369	0.01366	0.01825	0.01428	0.02015	0.01215	0.01169	0.03810	0.06214	0.58653	0.07521	0.03005	0.02426	0.01055	0.00826	0.00253	0.00666	0.00867	0.00986	0.01333
16	0.01180	0.00787	0.00885	0.00885	0.00885	0.00787	0.00492	0.01180	0.01180	0.01573	0.02557	0.05310	0.02950	0.71483	0.04130	0.00787	0.00787	0.01180	0.00492	0.00492
17	0.01647	0.04059	0.62986	0.02389	0.03562	0.01896	0.07153	0.02572	0.01727	0.02572	0.01469	0.01746	0.01042	0.00765	0.00784	0.00258	0.01211	0.00624	0.00347	0.01192
18	0.01363	0.00962	0.01217	0.01160	0.01442	0.00818	0.00840	0.01596	0.01702	0.06494	0.08810	0.42035	0.04204	0.01835	0.00896	0.00261	0.00513	0.01638	0.00707	0.21507
19	0.05189	0.12070	0.52227	0.02086	0.03154	0.01994	0.02585	0.02640	0.01733	0.06976	0.01522	0.01718	0.01090	0.00777	0.00732	0.00246	0.01099	0.00587	0.00396	0.01178
20	0.43185	0.02419	0.12618	0.01527	0.02143	0.11771	0.01414	0.07534	0.05470	0.03317	0.01395	0.01556	0.01062	0.00806	0.00625	0.00247	0.00870	0.00530	0.00506	0.01005
21	0.01722	0.14184	0.52270	0.02158	0.03179	0.02135	0.02652	0.02496	0.01663	0.02418	0.01373	0.01657	0.01033	0.00815	0.00895	0.00253	0.07021	0.00584	0.00344	0.01149
22	0.01930	0.01711	0.02145	0.24304	0.04892	0.09692	0.03003	0.06421	0.01855	0.07444	0.02177	0.16364	0.02069	0.01283	0.01116	0.00283	0.10800	0.01039	0.00533	0.00939
23	0.01800	0.11567	0.51701	0.02072	0.03115	0.01923	0.02559	0.02589	0.01782	0.06973	0.05298	0.01992	0.01483	0.00830	0.00756	0.00247	0.01079	0.00646	0.00421	0.01168
24	0.06572	0.14415	0.51400	0.02170	0.05052	0.02086	0.02599	0.02534	0.01686	0.02539	0.01387	0.01633	0.01028	0.00757	0.00716	0.00243	0.01104	0.00567	0.00355	0.01157

[dist]
# distance from previous block
# <min> <max>
20	35

[block]
# block no. 1 follows, 23 sequences, length 10
# corresponding to MSA columns:
# 121-130
name=unknown_B
#
# <colnr> <probs for GDERKNQSTAVLIFYWHMCP>
#	G	D	E	R	K	N	Q	S	T	A	V	L	I	F	Y	W	H	M	C	P
0	0.16318	0.01531	0.02241	0.44386	0.04281	0.01819	0.04871	0.06886	0.01732	0.02605	0.01429	0.01999	0.01089	0.00906	0.00876	0.04036	0.00975	0.00678	0.00425	0.00916
1	0.34732	0.01513	0.03677	0.10982	0.02272	0.01569	0.01205	0.05527	0.01835	0.14657	0.09099	0.02367	0.01974	0.00931	0.00682	0.00251	0.00695	0.00700	0.04344	0.00988
2	0.01806	0.01382	0.01827	0.05944	0.02170	0.01247	0.04730	0.04843	0.01802	0.07634	0.02068	0.10162	0.01836	0.00971	0.00812	0.00198	0.04082	0.00816	0.07816	0.37855
3	0.31509	0.03824	0.01405	0.01210	0.01502	0.01506	0.00943	0.06614	0.01548	0.02833	0.01850	0.12513	0.01810	0.01526	0.01318	0.15751	0.05835	0.00843	0.04883	0.00776
4	0.07500	0.04253	0.01434	0.09613	0.01892	0.01242	0.00995	0.05845	0.01866	0.12877	0.02328	0.02597	0.01750	0.00967	0.00717	0.02352	0.00594	0.00721	0.39540	0.00918
5	0.58628	0.08452	0.01678	0.01221	0.01764	0.02061	0.01030	0.11793	0.01780	0.03700	0.01255	0.01413	0.00971	0.00781	0.00551	0.00242	0.00691	0.00483	0.00535	0.00971
6	0.01519	0.01025	0.01519	0.05647	0.01706	0.01127	0.04612	0.01640	0.06049	0.01938	0.01826	0.05862	0.01697	0.02078	0.02267	0.41701	0.07383	0.00822	0.08970	0.00613
7	0.55499	0.01574	0.01518	0.12857	0.02342	0.01816	0.01171	0.05825	0.01617	0.07463	0.01360	0.01589	0.01013	0.00791	0.00592	0.00254	0.00724	0.00528	0.00527	0.00942
8	0.02522	0.01336	0.01766	0.01637	0.06844	0.01244	0.01185	0.03122	0.10891	0.32646	0.12129	0.09470	0.03080	0.01201	0.00840	0.00251	0.00633	0.01028	0.00851	0.07325
9	0.01201	0.00864	0.01148	0.06174	0.01547	0.00823	0.00871	0.01516	0.02021	0.04894	0.37958	0.21025	0.13241	0.01826	0.00960	0.00276	0.00469	0.01614	0.00808	0.00762

[dist]
# distance from previous block
# <min> <max>
0	1

[block]
# block no. 2 follows, 23 sequences, length 30
# corresponding to MSA columns:
# 132-161
name=unknown_C
#
# <colnr> <probs for GDERKNQSTAVLIFYWHMCP>
#	G	D	E	R	K	N	Q	S	T	A	V	L	I	F	Y	W	H	M	C	P
0	0.01121	0.00815	0.01042	0.01010	0.01184	0.00751	0.00740	0.01450	0.02140	0.02984	0.52956	0.12207	0.11423	0.05215	0.01121	0.00290	0.00413	0.01549	0.00850	0.00736
1	0.02972	0.02041	0.02239	0.01753	0.02357	0.02222	0.01431	0.46244	0.11188	0.13288	0.02308	0.02293	0.01650	0.03057	0.00911	0.00264	0.00831	0.00779	0.00831	0.01342
2	0.12391	0.01308	0.01660	0.01340	0.01872	0.01195	0.01086	0.03347	0.02139	0.49037	0.07638	0.08506	0.02561	0.01149	0.00806	0.00258	0.00642	0.00941	0.00913	0.01213
3	0.08778	0.01362	0.01680	0.01345	0.01856	0.01291	0.01081	0.08470	0.03859	0.42062	0.06951	0.03029	0.02330	0.06897	0.01063	0.00293	0.00673	0.00852	0.04940	0.01191
4	0.02084	0.01027	0.01355	0.01185	0.01533	0.00911	0.00918	0.02391	0.02166	0.27898	0.28050	0.13988	0.09999	0.01560	0.00913	0.00266	0.00518	0.01351	0.00905	0.00984
5	0.01023	0.00732	0.00972	0.01107	0.01184	0.00682	0.00756	0.01215	0.01711	0.02323	0.17540	0.57170	0.05853	0.02355	0.01019	0.00314	0.00452	0.02128	0.00783	0.00682
6	0.01028	0.00727	0.00946	0.01088	0.01141	0.00685	0.00720	0.01171	0.01567	0.02106	0.09464	0.56709	0.05241	0.11616	0.01440	0.00384	0.00505	0.02086	0.00730	0.00646
7	0.01018	0.00740	0.00961	0.01084	0.01178	0.00682	0.00745	0.01213	0.01725	0.02317	0.17077	0.53065	0.10537	0.02328	0.01014	0.00310	0.00449	0.02093	0.00781	0.00682
8	0.07750	0.00965	0.01115	0.01110	0.01322	0.00950	0.00815	0.06584	0.01997	0.02841	0.23474	0.30532	0.13692	0.01918	0.00936	0.00285	0.00484	0.01675	0.00780	0.00774
9	0.02764	0.01354	0.01702	0.01410	0.01910	0.01297	0.01126	0.03540	0.17064	0.39639	0.09920	0.06943	0.05202	0.01214	0.00850	0.00262	0.00626	0.01018	0.00928	0.01232
10	0.08676	0.01110	0.01409	0.01202	0.01589	0.01023	0.00947	0.02564	0.02189	0.29007	0.31780	0.07742	0.04669	0.01363	0.00865	0.00257	0.00533	0.01160	0.00897	0.01019
11	0.01030	0.00739	0.00968	0.01128	0.01201	0.00694	0.00779	0.01195	0.01601	0.02124	0.06770	0.56937	0.08197	0.06097	0.01199	0.00352	0.00504	0.07076	0.00744	0.00663
12	0.61741	0.01470	0.01177	0.01053	0.01511	0.01680	0.00858	0.05026	0.01541	0.03607	0.01410	0.01621	0.01094	0.00794	0.00526	0.00241	0.00599	0.00503	0.12666	0.00881
13	0.00995	0.00728	0.00936	0.01085	0.01169	0.00669	0.00737	0.01160	0.01638	0.02162	0.08879	0.58949	0.13060	0.02425	0.01021	0.00318	0.00458	0.02179	0.00762	0.00669
14	0.02554	0.01414	0.01700	0.01439	0.01927	0.01418	0.01150	0.03604	0.25599	0.31113	0.08892	0.03710	0.07703	0.01212	0.00851	0.00266	0.00627	0.02699	0.00902	0.01222
15	0.00989	0.00706	0.00942	0.01130	0.01177	0.00659	0.00753	0.01130	0.01554	0.02071	0.04472	0.70954	0.05367	0.02542	0.01036	0.00330	0.00471	0.02307	0.00753	0.00659
16	0.02392	0.01186	0.01516	0.01292	0.01704	0.01095	0.01014	0.06622	0.04665	0.31935	0.16188	0.14938	0.08996	0.01475	0.00892	0.00267	0.00581	0.01262	0.00901	0.01079
17	0.01033	0.00752	0.01016	0.04717	0.01385	0.00730	0.00811	0.01184	0.01526	0.02030	0.04153	0.61854	0.04939	0.08198	0.01282	0.00365	0.00529	0.02129	0.00711	0.00658
18	0.01020	0.00805	0.00919	0.00931	0.01144	0.00705	0.00683	0.01267	0.01933	0.02486	0.24681	0.17637	0.38873	0.02018	0.00971	0.00278	0.00412	0.01737	0.00795	0.00705
19	0.01073	0.00805	0.01069	0.01195	0.01234	0.00827	0.00818	0.01205	0.01495	0.02018	0.04015	0.59365	0.04789	0.08382	0.01442	0.00371	0.06465	0.02073	0.00697	0.00664
20	0.01985	0.01621	0.02155	0.07379	0.10940	0.01751	0.05441	0.03352	0.33591	0.08447	0.03271	0.03478	0.07510	0.01134	0.00856	0.00273	0.00756	0.04176	0.00712	0.01172
21	0.01922	0.02152	0.03930	0.02931	0.03535	0.07543	0.43536	0.02455	0.01792	0.02388	0.01567	0.02151	0.01259	0.01273	0.06975	0.00369	0.11923	0.00876	0.00405	0.01018
22	0.01093	0.00804	0.01034	0.01103	0.01258	0.00745	0.00826	0.01367	0.01916	0.02573	0.27213	0.28369	0.15064	0.02103	0.01009	0.00301	0.00474	0.11229	0.00803	0.00715
23	0.02089	0.02363	0.08451	0.06505	0.39833	0.10862	0.07028	0.02746	0.07309	0.02592	0.01642	0.02018	0.01322	0.00775	0.00805	0.00245	0.01059	0.00721	0.00434	0.01202
24	0.26411	0.16277	0.10746	0.04874	0.02338	0.02234	0.01480	0.10933	0.12050	0.03231	0.01647	0.01767	0.01266	0.00832	0.00650	0.00240	0.00811	0.00589	0.00537	0.01087
25	0.01962	0.13375	0.11396	0.06673	0.03297	0.07210	0.24590	0.02659	0.07086	0.02477	0.01609	0.01940	0.01253	0.00741	0.00784	0.00232	0.01102	0.00720	0.00433	0.10464
26	0.04563	0.02048	0.05918	0.04877	0.11348	0.07323	0.06907	0.10282	0.14238	0.14306	0.04712	0.02412	0.01839	0.00918	0.00804	0.00247	0.00889	0.00783	0.00660	0.04925
27	0.07638	0.01475	0.07041	0.11561	0.02342	0.01343	0.01323	0.05084	0.08043	0.11526	0.24864	0.07975	0.03927	0.01274	0.00852	0.00263	0.00668	0.01086	0.00733	0.00982
28	0.01757	0.14569	0.44432	0.02246	0.03282	0.02068	0.10913	0.02518	0.01729	0.02473	0.01428	0.01711	0.01069	0.00736	0.00746	0.00237	0.01131	0.00615	0.00361	0.05980
29	0.17298	0.13237	0.16750	0.06077	0.02598	0.06063	0.07403	0.02305	0.01726	0.02627	0.07232	0.02463	0.06626	0.00951	0.00793	0.00247	0.03422	0.00740	0.00467	0.00976

[dist]
# distance from previous block
# <min> <max>
16	31

[block]
# block no. 3 follows, 23 sequences, length 6
# corresponding to MSA columns:
# 193-198
name=unknown_D
#
# <colnr> <probs for GDERKNQSTAVLIFYWHMCP>
#	G	D	E	R	K	N	Q	S	T	A	V	L	I	F	Y	W	H	M	C	P
0	0.03955	0.01884	0.09198	0.04032	0.08957	0.01619	0.10369	0.10025	0.06526	0.10175	0.02972	0.03470	0.09932	0.01106	0.00850	0.00258	0.00861	0.06102	0.00627	0.07081
1	0.01731	0.24339	0.04895	0.01585	0.04471	0.01997	0.01332	0.03997	0.03828	0.02300	0.04256	0.07159	0.02063	0.01992	0.12654	0.00426	0.09309	0.03361	0.07376	0.00928
2	0.07236	0.01929	0.01941	0.01570	0.02066	0.05932	0.01255	0.39329	0.03026	0.04091	0.08384	0.03106	0.08480	0.06708	0.01078	0.00289	0.00807	0.00901	0.00745	0.01126
3	0.02001	0.01637	0.01789	0.01523	0.02010	0.01749	0.01194	0.13493	0.34485	0.03466	0.08560	0.06897	0.02720	0.01131	0.00810	0.00245	0.00644	0.00944	0.00767	0.13935
4	0.02293	0.06866	0.01853	0.05908	0.02061	0.01348	0.01146	0.02842	0.08977	0.25741	0.15432	0.07956	0.03199	0.01170	0.00812	0.00240	0.00638	0.00987	0.00789	0.09739
5	0.02110	0.01244	0.01512	0.01285	0.01688	0.01192	0.01014	0.08887	0.07722	0.19993	0.20285	0.04513	0.09481	0.06267	0.01104	0.00292	0.00604	0.04427	0.00834	0.05546

[dist]
# distance from previous block
# <min> <max>
4	6

[block]
# block no. 4 follows, 23 sequences, length 74
# corresponding to MSA columns:
# 205-278
name=unknown_E
#
# <colnr> <probs for GDERKNQSTAVLIFYWHMCP>
#	G	D	E	R	K	N	Q	S	T	A	V	L	I	F	Y	W	H	M	C	P
0	0.02085	0.04633	0.05059	0.01392	0.02036	0.01381	0.01183	0.06065	0.04658	0.13449	0.02008	0.06219	0.01640	0.00874	0.00766	0.00187	0.03192	0.00696	0.00602	0.41876
1	0.01839	0.01703	0.04826	0.01628	0.02193	0.01598	0.06600	0.08218	0.24246	0.03087	0.05474	0.07019	0.05493	0.01065	0.00798	0.00232	0.00707	0.00922	0.00668	0.21685
2	0.02174	0.01540	0.01770	0.03883	0.02071	0.01530	0.01161	0.16791	0.12501	0.10594	0.05919	0.05733	0.05210	0.01052	0.00770	0.00222	0.00663	0.00862	0.05394	0.20159
3	0.01849	0.02693	0.31779	0.01945	0.02684	0.01682	0.05625	0.10132	0.01920	0.07185	0.02001	0.06633	0.01708	0.08519	0.07361	0.00412	0.03454	0.00845	0.00502	0.01071
4	0.01991	0.01689	0.01963	0.04526	0.06673	0.01791	0.01346	0.09555	0.34101	0.03224	0.02479	0.02502	0.01906	0.01151	0.03719	0.00278	0.00765	0.00772	0.00678	0.18890
5	0.10264	0.01958	0.02487	0.20231	0.19661	0.06630	0.01886	0.18065	0.02296	0.06503	0.01637	0.01961	0.01234	0.00835	0.00771	0.00249	0.00962	0.00685	0.00538	0.01147
6	0.01513	0.00756	0.00756	0.00756	0.00945	0.00756	0.00567	0.01891	0.01702	0.03025	0.02647	0.03025	0.02080	0.00945	0.00567	0.00189	0.00378	0.00756	0.75988	0.00756
7	0.77215	0.01569	0.01193	0.01067	0.01569	0.01820	0.00879	0.02385	0.01381	0.03641	0.01130	0.01318	0.00879	0.00753	0.00502	0.00251	0.00628	0.00439	0.00502	0.00879
8	0.72655	0.01558	0.01235	0.01090	0.01600	0.01781	0.00898	0.02482	0.01439	0.07567	0.01258	0.01408	0.00949	0.00769	0.00522	0.00251	0.00632	0.00463	0.00533	0.00910
9	0.01117	0.00833	0.01042	0.01003	0.01211	0.00757	0.00762	0.01463	0.02184	0.02996	0.51157	0.06570	0.19475	0.01768	0.00965	0.00265	0.00406	0.04418	0.00857	0.00748
10	0.01042	0.00744	0.01003	0.01191	0.01261	0.00705	0.00846	0.01222	0.01606	0.02131	0.04443	0.60641	0.05250	0.02492	0.01050	0.00337	0.00517	0.12094	0.00752	0.00674
11	0.02214	0.01901	0.01973	0.04175	0.02318	0.04653	0.01373	0.13879	0.50252	0.03572	0.02935	0.02759	0.02192	0.01059	0.00819	0.00267	0.00731	0.00864	0.00791	0.01273
12	0.05800	0.65099	0.07303	0.01420	0.02130	0.03076	0.01445	0.02435	0.01639	0.02027	0.01145	0.01323	0.01033	0.00701	0.00532	0.00182	0.00873	0.00443	0.00354	0.01041
13	0.02648	0.01897	0.02280	0.01770	0.02371	0.01968	0.05677	0.37255	0.05350	0.10928	0.02303	0.08900	0.01852	0.01073	0.00820	0.00242	0.00818	0.00889	0.00760	0.10200
14	0.17233	0.06004	0.42327	0.01867	0.02777	0.01792	0.02214	0.02468	0.01657	0.05504	0.03945	0.01867	0.01316	0.00914	0.00838	0.04179	0.00989	0.00608	0.00426	0.01074
15	0.74430	0.04182	0.01306	0.01079	0.01588	0.01872	0.00898	0.02387	0.01391	0.03576	0.01130	0.01318	0.00885	0.00751	0.00503	0.00248	0.00637	0.00439	0.00496	0.00885
16	0.02680	0.02046	0.02184	0.01757	0.02319	0.02287	0.01416	0.43238	0.21686	0.04438	0.02376	0.02427	0.01778	0.04384	0.00975	0.00279	0.00814	0.00807	0.00801	0.01309
17	0.01133	0.00783	0.00883	0.00902	0.00941	0.00761	0.00533	0.01173	0.01301	0.01701	0.03456	0.12208	0.11076	0.55898	0.03424	0.00677	0.00708	0.01360	0.00551	0.00533
18	0.03018	0.02240	0.02398	0.01854	0.02491	0.02485	0.01526	0.60034	0.07605	0.05007	0.02032	0.02015	0.01448	0.00982	0.00813	0.00245	0.00877	0.00742	0.00813	0.01374
19	0.03037	0.02249	0.02408	0.01857	0.02498	0.02494	0.01531	0.61074	0.06535	0.05037	0.02008	0.01996	0.01429	0.00980	0.00812	0.00245	0.00882	0.00739	0.00812	0.01376
20	0.01683	0.01442	0.01683	0.01202	0.01923	0.01082	0.00961	0.02043	0.01683	0.02644	0.01442	0.01683	0.01202	0.00601	0.00601	0.00120	0.00601	0.00481	0.00481	0.76444
21	0.03031	0.03867	0.02299	0.02090	0.02508	0.68226	0.01568	0.03240	0.02299	0.01986	0.01254	0.01463	0.01045	0.00836	0.00732	0.00209	0.01463	0.00523	0.00418	0.00941
22	0.01712	0.01683	0.02365	0.02046	0.02061	0.02335	0.01698	0.01901	0.01249	0.01946	0.01178	0.01919	0.01163	0.01896	0.09356	0.00452	0.63078	0.00726	0.00363	0.00871
23	0.01683	0.01442	0.01683	0.01202	0.01923	0.01082	0.00961	0.02043	0.01683	0.02644	0.01442	0.01683	0.01202	0.00601	0.00601	0.00120	0.00601	0.00481	0.00481	0.76444
24	0.69298	0.01549	0.01267	0.01108	0.01623	0.01753	0.00913	0.02554	0.01482	0.10457	0.01353	0.01473	0.01000	0.00780	0.00536	0.00251	0.00634	0.00480	0.00556	0.00933
25	0.02633	0.02135	0.02321	0.01781	0.02415	0.06700	0.04529	0.40419	0.03091	0.04159	0.04900	0.02071	0.01618	0.00905	0.00776	0.00217	0.00871	0.00711	0.00698	0.17049
26	0.01159	0.00869	0.01304	0.01304	0.01449	0.01014	0.01014	0.01449	0.01304	0.01884	0.02173	0.03188	0.02029	0.06086	0.68268	0.01304	0.02173	0.00869	0.00435	0.00724
27	0.01683	0.01442	0.01683	0.01202	0.01923	0.01082	0.00961	0.02043	0.01683	0.02644	0.01442	0.01683	0.01202	0.00601	0.00601	0.00120	0.00601	0.00481	0.00481	0.76444
28	0.01801	0.01512	0.01746	0.01258	0.01973	0.01203	0.01010	0.07244	0.01862	0.02852	0.01485	0.01705	0.01217	0.00632	0.00619	0.00131	0.00626	0.00502	0.00509	0.70114
29	0.02601	0.37866	0.03274	0.01740	0.02296	0.35769	0.01478	0.02836	0.01975	0.01948	0.01191	0.01383	0.01043	0.00765	0.00626	0.00191	0.01166	0.00478	0.00383	0.00991
30	0.02638	0.01887	0.02076	0.01688	0.02209	0.02055	0.01354	0.43394	0.08874	0.08036	0.02605	0.14676	0.02244	0.01273	0.00854	0.00263	0.00781	0.01040	0.00814	0.01240
31	0.01171	0.00932	0.01267	0.01336	0.01395	0.01029	0.00986	0.01353	0.01571	0.02158	0.08122	0.48897	0.04670	0.02248	0.01341	0.00332	0.13493	0.06295	0.00688	0.00716
32	0.01513	0.00756	0.00756	0.00756	0.00945	0.00756	0.00567	0.01891	0.01702	0.03025	0.02647	0.03025	0.02080	0.00945	0.00567	0.00189	0.00378	0.00756	0.75988	0.00756
33	0.01130	0.00821	0.01069	0.01053	0.01231	0.00760	0.00790	0.01476	0.02162	0.03013	0.52152	0.13881	0.10106	0.01817	0.00976	0.00272	0.00417	0.05265	0.00861	0.00748
34	0.01409	0.00705	0.01057	0.01057	0.01057	0.00705	0.00705	0.01057	0.01057	0.01409	0.01409	0.02467	0.01409	0.02819	0.03171	0.76392	0.00705	0.00705	0.00352	0.00352
35	0.01151	0.00990	0.04345	0.01077	0.01316	0.00810	0.00865	0.01536	0.02198	0.03085	0.55578	0.09314	0.11294	0.01688	0.00952	0.00260	0.00430	0.01485	0.00849	0.00776
36	0.00959	0.00822	0.00822	0.00822	0.01096	0.00685	0.00617	0.01165	0.01850	0.02192	0.08220	0.07809	0.66092	0.02055	0.00959	0.00274	0.00411	0.01713	0.00754	0.00685
37	0.01751	0.01739	0.03215	0.43616	0.04961	0.01927	0.22532	0.05868	0.01848	0.02426	0.01538	0.02159	0.01149	0.00779	0.00860	0.00270	0.01166	0.00800	0.00404	0.00994
38	0.01468	0.00905	0.01187	0.01090	0.01341	0.00825	0.00841	0.01834	0.02259	0.11347	0.52274	0.05871	0.09335	0.01622	0.00947	0.00262	0.00442	0.04415	0.00894	0.00840
39	0.01977	0.01636	0.01964	0.09005	0.02457	0.01600	0.01293	0.16002	0.05151	0.03109	0.01736	0.04478	0.01438	0.00856	0.00825	0.00194	0.04973	0.00667	0.00561	0.40077
40	0.01839	0.01400	0.01665	0.01222	0.01900	0.01071	0.00974	0.02184	0.01739	0.08883	0.01764	0.05227	0.01487	0.00737	0.00643	0.00143	0.00603	0.00604	0.00545	0.65369
41	0.01745	0.01479	0.01716	0.01231	0.01949	0.01145	0.00987	0.04786	0.01777	0.02754	0.01465	0.01694	0.01210	0.00618	0.00610	0.00126	0.00614	0.00492	0.00495	0.73105
42	0.02448	0.01711	0.02058	0.01690	0.02066	0.01947	0.01362	0.28050	0.02493	0.12534	0.02142	0.05997	0.01805	0.08181	0.06687	0.00405	0.15768	0.00873	0.00679	0.01104
43	0.01099	0.00802	0.01031	0.01146	0.01245	0.00777	0.00796	0.01414	0.05596	0.02332	0.14182	0.50931	0.05414	0.05598	0.01161	0.00338	0.00492	0.04168	0.00767	0.00710
44	0.01123	0.00822	0.01053	0.01008	0.01200	0.00753	0.00751	0.01477	0.02218	0.03096	0.57530	0.09568	0.12889	0.01741	0.00961	0.00261	0.00390	0.01533	0.00873	0.00753
45	0.01915	0.02189	0.04788	0.03420	0.04241	0.02052	0.63475	0.02599	0.01915	0.02599	0.01642	0.02189	0.01231	0.00684	0.00958	0.00274	0.01368	0.00958	0.00410	0.01094
46	0.00976	0.00783	0.00871	0.00933	0.01127	0.00679	0.00668	0.01166	0.01765	0.02188	0.08958	0.29064	0.43567	0.02206	0.00985	0.00292	0.00430	0.01905	0.00758	0.00679
47	0.01700	0.01680	0.02527	0.16274	0.02923	0.02247	0.04845	0.01984	0.01358	0.02006	0.01229	0.01948	0.01126	0.01494	0.05522	0.00382	0.48769	0.00733	0.00363	0.00892
48	0.01103	0.00828	0.01022	0.00973	0.01184	0.00746	0.00730	0.01444	0.02190	0.03000	0.52172	0.06479	0.21636	0.01754	0.00958	0.00260	0.00390	0.01526	0.00860	0.00746
49	0.02916	0.02156	0.02321	0.01813	0.02419	0.02383	0.01484	0.57676	0.05899	0.04863	0.02154	0.06265	0.01667	0.01076	0.00826	0.00250	0.00858	0.00835	0.00809	0.01332
50	0.02900	0.02079	0.02276	0.01771	0.02367	0.02281	0.01455	0.54359	0.03536	0.07550	0.05775	0.02287	0.01808	0.01269	0.04170	0.00297	0.00918	0.00784	0.00806	0.01311
51	0.01007	0.00720	0.00963	0.01151	0.01207	0.00675	0.00786	0.01162	0.01572	0.02092	0.04462	0.67324	0.05326	0.02524	0.01041	0.00332	0.00487	0.05751	0.00753	0.00664
52	0.03120	0.01768	0.01960	0.01592	0.02162	0.07067	0.01282	0.09947	0.18491	0.39184	0.02942	0.02641	0.01986	0.01012	0.00811	0.00253	0.00762	0.00809	0.00891	0.01320
53	0.01088	0.00821	0.01005	0.00972	0.01179	0.00738	0.00724	0.01410	0.02136	0.02901	0.46962	0.09888	0.23579	0.01813	0.00962	0.00264	0.00395	0.01578	0.00848	0.00738
54	0.01627	0.04197	0.67279	0.02313	0.03512	0.01884	0.02998	0.02570	0.01713	0.02570	0.01456	0.01713	0.01028	0.00771	0.00771	0.00257	0.01199	0.00600	0.00343	0.01199
55	0.77215	0.01569	0.01193	0.01067	0.01569	0.01820	0.00879	0.02385	0.01381	0.03641	0.01130	0.01318	0.00879	0.00753	0.00502	0.00251	0.00628	0.00439	0.00502	0.00879
56	0.01647	0.01415	0.01708	0.05976	0.02152	0.01117	0.01044	0.02012	0.01674	0.02583	0.01553	0.04238	0.01345	0.00686	0.00631	0.00138	0.00630	0.00564	0.00482	0.68404
57	0.02840	0.02071	0.02335	0.06550	0.02625	0.02308	0.01545	0.50710	0.03365	0.07570	0.02063	0.05498	0.01578	0.01063	0.00903	0.00255	0.03852	0.00813	0.00767	0.01289
58	0.01683	0.01442	0.01683	0.01202	0.01923	0.01082	0.00961	0.02043	0.01683	0.02644	0.01442	0.01683	0.01202	0.00601	0.00601	0.00120	0.00601	0.00481	0.00481	0.76444
59	0.01513	0.00756	0.00756	0.00756	0.00945	0.00756	0.00567	0.01891	0.01702	0.03025	0.02647	0.03025	0.02080	0.00945	0.00567	0.00189	0.00378	0.00756	0.75988	0.00756
60	0.00989	0.00706	0.00942	0.01130	0.01177	0.00659	0.00753	0.01130	0.01554	0.02071	0.04472	0.70954	0.05367	0.02542	0.01036	0.00330	0.00471	0.02307	0.00753	0.00659
61	0.01180	0.00787	0.00885	0.00885	0.00885	0.00787	0.00492	0.01180	0.01180	0.01573	0.02557	0.05310	0.02950	0.71483	0.04130	0.00787	0.00787	0.01180	0.00492	0.00492
62	0.02169	0.71972	0.04252	0.01388	0.02083	0.03211	0.01388	0.02430	0.01649	0.01909	0.01128	0.01302	0.01041	0.00694	0.00521	0.00174	0.00868	0.00434	0.00347	0.01041
63	0.01409	0.00705	0.01057	0.01057	0.01057	0.00705	0.00705	0.01057	0.01057	0.01409	0.01409	0.02467	0.01409	0.02819	0.03171	0.76392	0.00705	0.00705	0.00352	0.00352
64	0.01001	0.00716	0.00953	0.01121	0.01180	0.00667	0.00754	0.01161	0.01612	0.02164	0.09277	0.65885	0.05546	0.02473	0.01030	0.00324	0.00464	0.02241	0.00764	0.00667
65	0.04568	0.03978	0.61053	0.02330	0.03480	0.01892	0.06468	0.02564	0.01712	0.02613	0.01454	0.01726	0.01034	0.00765	0.00771	0.00258	0.01187	0.00614	0.00353	0.01181
66	0.01115	0.00809	0.01051	0.01031	0.01202	0.00745	0.00758	0.01451	0.02157	0.03017	0.53582	0.16762	0.09642	0.01820	0.00970	0.00268	0.00398	0.01615	0.00865	0.00745
67	0.01812	0.01852	0.03716	0.30831	0.04731	0.01921	0.36017	0.02424	0.01807	0.04465	0.01609	0.02197	0.01194	0.00747	0.00892	0.00272	0.01227	0.00855	0.00409	0.01023
68	0.06925	0.03914	0.59557	0.02281	0.03412	0.01888	0.05853	0.02558	0.01700	0.02646	0.01443	0.01709	0.01028	0.00765	0.00761	0.00257	0.01168	0.00606	0.00357	0.01172
69	0.01754	0.02888	0.29378	0.02737	0.03640	0.01918	0.31519	0.02492	0.01809	0.02585	0.04171	0.02119	0.01404	0.00791	0.00952	0.00265	0.04515	0.00806	0.00403	0.03854
70	0.05615	0.01487	0.01659	0.09439	0.04323	0.06069	0.01222	0.07967	0.12738	0.05673	0.21031	0.08050	0.08772	0.01328	0.00860	0.00261	0.00682	0.01122	0.00727	0.00972
71	0.06952	0.06910	0.56186	0.02250	0.03355	0.01949	0.06330	0.02552	0.01699	0.02617	0.01430	0.01695	0.01030	0.00761	0.00752	0.00254	0.01154	0.00602	0.00358	0.01164
72	0.01893	0.02248	0.11232	0.02993	0.09751	0.02034	0.32310	0.06664	0.01889	0.02642	0.01714	0.06295	0.01453	0.00949	0.01183	0.00283	0.12017	0.00921	0.00442	0.01086
73	0.10317	0.01971	0.01980	0.08471	0.02507	0.08506	0.01392	0.14991	0.27362	0.06171	0.02305	0.02304	0.01717	0.00950	0.00764	0.00249	0.00813	0.00741	0.00688	0.05800

[dist]
# distance from previous block
# <min> <max>
2	5

[block]
# block no. 5 follows, 23 sequences, length 47
# corresponding to MSA columns:
# 284-330
name=unknown_F
#
# <colnr> <probs for GDERKNQSTAVLIFYWHMCP>
#	G	D	E	R	K	N	Q	S	T	A	V	L	I	F	Y	W	H	M	C	P
0	0.01274	0.00885	0.01113	0.01061	0.01269	0.00831	0.00786	0.01694	0.05293	0.05854	0.46095	0.12624	0.11498	0.04760	0.01090	0.00288	0.00439	0.01505	0.00851	0.00790
1	0.02373	0.01798	0.01944	0.01667	0.02177	0.02019	0.01320	0.14626	0.47783	0.10312	0.03056	0.02812	0.02237	0.01069	0.00822	0.00267	0.00691	0.00874	0.00842	0.01311
2	0.01532	0.01442	0.02434	0.69533	0.05589	0.01803	0.02253	0.02073	0.01622	0.02073	0.01442	0.02163	0.01082	0.00811	0.00811	0.00270	0.01082	0.00721	0.00361	0.00901
3	0.01178	0.00795	0.00929	0.00929	0.00944	0.00810	0.00546	0.01208	0.01193	0.01606	0.02517	0.05089	0.02854	0.64677	0.10805	0.00841	0.00931	0.01148	0.00486	0.00516
4	0.01513	0.00756	0.00756	0.00756	0.00945	0.00756	0.00567	0.01891	0.01702	0.03025	0.02647	0.03025	0.02080	0.00945	0.00567	0.00189	0.00378	0.00756	0.75988	0.00756
5	0.77215	0.01569	0.01193	0.01067	0.01569	0.01820	0.00879	0.02385	0.01381	0.03641	0.01130	0.01318	0.00879	0.00753	0.00502	0.00251	0.00628	0.00439	0.00502	0.00879
6	0.03091	0.03501	0.02273	0.02012	0.02469	0.56360	0.01531	0.08608	0.02434	0.08179	0.01492	0.01624	0.01162	0.00864	0.00746	0.00216	0.01343	0.00568	0.00506	0.01019
7	0.01333	0.00945	0.01193	0.01102	0.01338	0.00912	0.00836	0.01912	0.08819	0.05668	0.57105	0.05621	0.06905	0.01576	0.00938	0.00257	0.00421	0.01386	0.00890	0.00843
8	0.03533	0.01384	0.01872	0.01430	0.02063	0.01187	0.01180	0.03849	0.02287	0.63447	0.03105	0.02703	0.01964	0.00982	0.00804	0.00244	0.00686	0.00798	0.00976	0.05507
9	0.01683	0.01442	0.01683	0.01202	0.01923	0.01082	0.00961	0.02043	0.01683	0.02644	0.01442	0.01683	0.01202	0.00601	0.00601	0.00120	0.00601	0.00481	0.00481	0.76444
10	0.01886	0.01436	0.01703	0.01227	0.01938	0.01093	0.00986	0.02242	0.01749	0.09340	0.01625	0.01795	0.01286	0.00643	0.00623	0.00134	0.00610	0.00516	0.00535	0.68632
11	0.02018	0.01743	0.01835	0.01651	0.02110	0.02018	0.01284	0.04312	0.64956	0.03394	0.03303	0.03027	0.02477	0.01101	0.00826	0.00275	0.00642	0.00917	0.00826	0.01284
12	0.01109	0.00810	0.01031	0.01010	0.01182	0.00744	0.00738	0.01425	0.02103	0.02915	0.49156	0.15115	0.12893	0.04792	0.01103	0.00290	0.00415	0.01595	0.00843	0.00731
13	0.03031	0.03867	0.02299	0.02090	0.02508	0.68226	0.01568	0.03240	0.02299	0.01986	0.01254	0.01463	0.01045	0.00836	0.00732	0.00209	0.01463	0.00523	0.00418	0.00941
14	0.02067	0.01767	0.01862	0.01661	0.02129	0.02041	0.01296	0.07046	0.62141	0.03473	0.03240	0.02978	0.02426	0.01095	0.00825	0.00274	0.00654	0.00909	0.00825	0.01289
15	0.03031	0.03867	0.02299	0.02090	0.02508	0.68226	0.01568	0.03240	0.02299	0.01986	0.01254	0.01463	0.01045	0.00836	0.00732	0.00209	0.01463	0.00523	0.00418	0.00941
16	0.03085	0.02273	0.02435	0.01867	0.02516	0.02516	0.01542	0.63716	0.03815	0.05114	0.01948	0.01948	0.01380	0.00974	0.00812	0.00244	0.00893	0.00731	0.00812	0.01380
17	0.03085	0.02273	0.02435	0.01867	0.02516	0.02516	0.01542	0.63716	0.03815	0.05114	0.01948	0.01948	0.01380	0.00974	0.00812	0.00244	0.00893	0.00731	0.00812	0.01380
18	0.02235	0.01809	0.01926	0.01676	0.02169	0.02063	0.01320	0.13161	0.53604	0.05915	0.03097	0.02857	0.02297	0.01079	0.00823	0.00270	0.00681	0.00886	0.00830	0.01302
19	0.01516	0.00902	0.01193	0.01097	0.01341	0.00820	0.00830	0.01863	0.02223	0.12950	0.49916	0.12306	0.06548	0.01650	0.00943	0.00262	0.00439	0.01454	0.00896	0.00849
20	0.01395	0.00816	0.01191	0.01178	0.01184	0.00884	0.00822	0.01159	0.01138	0.01549	0.01756	0.10944	0.01868	0.02639	0.02852	0.58983	0.07887	0.00905	0.00403	0.00446
21	0.01142	0.00824	0.01078	0.01026	0.01211	0.00761	0.00765	0.01514	0.02265	0.03203	0.63332	0.08868	0.07557	0.01697	0.00960	0.00258	0.00387	0.01504	0.00887	0.00761
22	0.02121	0.01753	0.01849	0.01608	0.02085	0.01979	0.01266	0.15824	0.46202	0.03612	0.03544	0.03310	0.08879	0.01175	0.00837	0.00269	0.00668	0.00963	0.00815	0.01241
23	0.01180	0.00787	0.00885	0.00885	0.00885	0.00787	0.00492	0.01180	0.01180	0.01573	0.02557	0.05310	0.02950	0.71483	0.04130	0.00787	0.00787	0.01180	0.00492	0.00492
24	0.01613	0.01553	0.02451	0.47098	0.04438	0.02030	0.02094	0.02033	0.01496	0.02033	0.01317	0.02034	0.01076	0.01014	0.01428	0.00299	0.24020	0.00717	0.00359	0.00897
25	0.03085	0.02273	0.02435	0.01867	0.02516	0.02516	0.01542	0.63716	0.03815	0.05114	0.01948	0.01948	0.01380	0.00974	0.00812	0.00244	0.00893	0.00731	0.00812	0.01380
26	0.02169	0.71972	0.04252	0.01388	0.02083	0.03211	0.01388	0.02430	0.01649	0.01909	0.01128	0.01302	0.01041	0.00694	0.00521	0.00174	0.00868	0.00434	0.00347	0.01041
27	0.42635	0.01898	0.01712	0.01412	0.01968	0.05628	0.01156	0.21854	0.02288	0.10222	0.01597	0.01666	0.01156	0.00852	0.00643	0.00246	0.00763	0.00572	0.00644	0.01089
28	0.03029	0.02245	0.02404	0.01856	0.02495	0.02490	0.01529	0.60627	0.06995	0.05024	0.02019	0.02004	0.01437	0.00981	0.00812	0.00245	0.00880	0.00740	0.00812	0.01375
29	0.00970	0.00820	0.00825	0.00825	0.01085	0.00690	0.00610	0.01165	0.01816	0.02161	0.07935	0.07683	0.62911	0.05553	0.01119	0.00300	0.00430	0.01686	0.00740	0.00675
30	0.30540	0.01592	0.01659	0.01379	0.01927	0.01695	0.01122	0.07964	0.14940	0.25775	0.02359	0.02220	0.01638	0.00929	0.00701	0.00255	0.00673	0.00691	0.00767	0.01175
31	0.63178	0.01678	0.01366	0.01185	0.01703	0.04612	0.00970	0.05250	0.01624	0.10227	0.01386	0.01502	0.01025	0.00792	0.00558	0.00249	0.00681	0.00495	0.00564	0.00955
32	0.10507	0.02813	0.02168	0.01852	0.02361	0.30567	0.01450	0.23431	0.11212	0.03388	0.01750	0.01822	0.01334	0.00910	0.00748	0.00234	0.01076	0.00637	0.00613	0.01127
33	0.77215	0.01569	0.01193	0.01067	0.01569	0.01820	0.00879	0.02385	0.01381	0.03641	0.01130	0.01318	0.00879	0.00753	0.00502	0.00251	0.00628	0.00439	0.00502	0.00879
34	0.01180	0.00787	0.00885	0.00885	0.00885	0.00787	0.00492	0.01180	0.01180	0.01573	0.02557	0.05310	0.02950	0.71483	0.04130	0.00787	0.00787	0.01180	0.00492	0.00492
35	0.02348	0.01416	0.01646	0.01418	0.01874	0.01443	0.01116	0.07779	0.23983	0.23622	0.04050	0.10669	0.12355	0.01358	0.00864	0.00271	0.00623	0.01138	0.00863	0.01165
36	0.03641	0.01381	0.01883	0.01444	0.02071	0.01193	0.01193	0.03954	0.02322	0.66984	0.03201	0.02762	0.02009	0.01004	0.00816	0.00251	0.00690	0.00816	0.01004	0.01381
37	0.01897	0.02154	0.04677	0.06535	0.04304	0.02040	0.60591	0.02574	0.01901	0.02574	0.01632	0.02188	0.01224	0.00690	0.00951	0.00273	0.01355	0.00946	0.00408	0.01085
38	0.01159	0.00869	0.01304	0.01304	0.01449	0.01014	0.01014	0.01449	0.01304	0.01884	0.02173	0.03188	0.02029	0.06086	0.68268	0.01304	0.02173	0.00869	0.00435	0.00724
39	0.01661	0.01661	0.02892	0.41395	0.04532	0.02008	0.13744	0.02145	0.01590	0.02145	0.01393	0.02078	0.01106	0.00928	0.01268	0.00291	0.17096	0.00763	0.00369	0.00935
40	0.03590	0.01461	0.01933	0.01482	0.02112	0.01312	0.01224	0.09348	0.02457	0.61400	0.03088	0.02688	0.01952	0.01002	0.00816	0.00250	0.00709	0.00808	0.00987	0.01381
41	0.01009	0.00814	0.00898	0.00899	0.01132	0.00703	0.00666	0.01253	0.01935	0.02446	0.22309	0.12935	0.46159	0.01999	0.00965	0.00274	0.00409	0.01704	0.00788	0.00703
42	0.01126	0.00865	0.01170	0.01252	0.01382	0.00830	0.02943	0.01466	0.06656	0.02215	0.04179	0.60810	0.04853	0.02297	0.01001	0.00316	0.00520	0.02087	0.00738	0.03293
43	0.01750	0.01482	0.01719	0.01234	0.01951	0.01150	0.00989	0.04999	0.01785	0.02762	0.01466	0.01695	0.01210	0.00619	0.00611	0.00126	0.00615	0.00493	0.00497	0.72846
44	0.42159	0.01817	0.09908	0.04549	0.02117	0.01686	0.03462	0.02390	0.01503	0.09302	0.01435	0.01728	0.01098	0.01039	0.00997	0.08563	0.04257	0.00571	0.00498	0.00921
45	0.01809	0.01936	0.03589	0.02742	0.03164	0.02176	0.33295	0.02244	0.01602	0.02289	0.01523	0.05303	0.01356	0.01097	0.01712	0.00312	0.31551	0.00913	0.00402	0.00982
46	0.01850	0.02045	0.09768	0.13941	0.45168	0.01849	0.04733	0.02391	0.01826	0.02587	0.04863	0.02218	0.01558	0.00788	0.00815	0.00249	0.00991	0.00757	0.00415	0.01186

[dist]
# distance from previous block
# <min> <max>
0	29

[block]
# block no. 6 follows, 23 sequences, length 108
# corresponding to MSA columns:
# 360-467
name=unknown_G
#
# <colnr> <probs for GDERKNQSTAVLIFYWHMCP>
#	G	D	E	R	K	N	Q	S	T	A	V	L	I	F	Y	W	H	M	C	P
0	0.07982	0.02226	0.02353	0.01814	0.02454	0.02470	0.01498	0.59664	0.03654	0.05017	0.01894	0.01907	0.01347	0.00959	0.00791	0.00244	0.00875	0.00711	0.00791	0.01347
1	0.01513	0.00756	0.00756	0.00756	0.00945	0.00756	0.00567	0.01891	0.01702	0.03025	0.02647	0.03025	0.02080	0.00945	0.00567	0.00189	0.00378	0.00756	0.75988	0.00756
2	0.02949	0.02110	0.02283	0.01773	0.02371	0.02316	0.01446	0.54380	0.05761	0.07997	0.02101	0.02251	0.01555	0.05638	0.01032	0.00281	0.00866	0.00771	0.00801	0.01318
3	0.01595	0.01532	0.02637	0.59485	0.05277	0.01839	0.08295	0.02240	0.04890	0.02193	0.01557	0.02210	0.01168	0.00813	0.00827	0.00271	0.01088	0.00755	0.00389	0.00940
4	0.01773	0.22387	0.50363	0.02065	0.03128	0.02240	0.02566	0.02532	0.01696	0.02392	0.01368	0.01603	0.01031	0.00750	0.00704	0.00235	0.01110	0.00555	0.00344	0.01157
5	0.01627	0.04197	0.67279	0.02313	0.03512	0.01884	0.02998	0.02570	0.01713	0.02570	0.01456	0.01713	0.01028	0.00771	0.00771	0.00257	0.01199	0.00600	0.00343	0.01199
6	0.01180	0.00787	0.00885	0.00885	0.00885	0.00787	0.00492	0.01180	0.01180	0.01573	0.02557	0.05310	0.02950	0.71483	0.04130	0.00787	0.00787	0.01180	0.00492	0.00492
7	0.01213	0.00863	0.01183	0.01359	0.01497	0.00850	0.01109	0.01501	0.01742	0.02281	0.04242	0.25761	0.04758	0.06400	0.01275	0.00386	0.00674	0.41464	0.00734	0.00708
8	0.01513	0.00756	0.00756	0.00756	0.00945	0.00756	0.00567	0.01891	0.01702	0.03025	0.02647	0.03025	0.02080	0.00945	0.00567	0.00189	0.00378	0.00756	0.75988	0.00756
9	0.02169	0.71972	0.04252	0.01388	0.02083	0.03211	0.01388	0.02430	0.01649	0.01909	0.01128	0.01302	0.01041	0.00694	0.00521	0.00174	0.00868	0.00434	0.00347	0.01041
10	0.31314	0.05783	0.02163	0.07953	0.02482	0.05572	0.04307	0.22577	0.02286	0.03684	0.01456	0.01670	0.01104	0.00855	0.00752	0.00249	0.03555	0.00601	0.00568	0.01068
11	0.70650	0.01576	0.01250	0.01105	0.01602	0.01814	0.00907	0.05381	0.01536	0.03699	0.03647	0.01530	0.01162	0.00799	0.00535	0.00251	0.00631	0.00493	0.00532	0.00899
12	0.01573	0.01506	0.02531	0.59882	0.05173	0.01884	0.04600	0.02081	0.01594	0.02081	0.01411	0.02124	0.01086	0.00870	0.01011	0.00279	0.08314	0.00729	0.00362	0.00908
13	0.01513	0.00756	0.00756	0.00756	0.00945	0.00756	0.00567	0.01891	0.01702	0.03025	0.02647	0.03025	0.02080	0.00945	0.00567	0.00189	0.00378	0.00756	0.75988	0.00756
14	0.01015	0.00738	0.00957	0.01084	0.01176	0.00680	0.00744	0.01205	0.01713	0.02294	0.15838	0.53835	0.11041	0.02341	0.01015	0.00311	0.00450	0.02105	0.00778	0.00680
15	0.01001	0.00711	0.00938	0.01114	0.01158	0.00668	0.00736	0.01133	0.01529	0.02038	0.04346	0.66617	0.05207	0.07097	0.01240	0.00360	0.00492	0.02232	0.00736	0.00648
16	0.01683	0.01442	0.01683	0.01202	0.01923	0.01082	0.00961	0.02043	0.01683	0.02644	0.01442	0.01683	0.01202	0.00601	0.00601	0.00120	0.00601	0.00481	0.00481	0.76444
17	0.05248	0.01108	0.03385	0.01151	0.01455	0.00994	0.00926	0.05476	0.02324	0.08835	0.51532	0.05160	0.06252	0.01489	0.00908	0.00254	0.00478	0.01289	0.00861	0.00874
18	0.03049	0.02102	0.02297	0.01772	0.02386	0.02286	0.01452	0.54104	0.03521	0.11633	0.02114	0.02205	0.01527	0.04521	0.00979	0.00272	0.00866	0.00762	0.00816	0.01335
19	0.01117	0.00817	0.01048	0.01014	0.01199	0.00748	0.00752	0.01461	0.02186	0.03048	0.55041	0.12509	0.12474	0.01779	0.00965	0.00264	0.00394	0.01570	0.00868	0.00748
20	0.01513	0.00756	0.00756	0.00756	0.00945	0.00756	0.00567	0.01891	0.01702	0.03025	0.02647	0.03025	0.02080	0.00945	0.00567	0.00189	0.00378	0.00756	0.75988	0.00756
21	0.02220	0.67962	0.04137	0.01430	0.02108	0.07038	0.01399	0.02477	0.01687	0.01914	0.01136	0.01311	0.01042	0.00703	0.00533	0.00176	0.00903	0.00439	0.00351	0.01035
22	0.64215	0.01774	0.01404	0.01219	0.01735	0.05302	0.00996	0.10046	0.01730	0.03739	0.01238	0.01404	0.00950	0.00785	0.00552	0.00248	0.00703	0.00480	0.00536	0.00944
23	0.01815	0.01898	0.03312	0.02718	0.06369	0.02243	0.23962	0.02195	0.01520	0.02221	0.01340	0.01991	0.01174	0.01296	0.04453	0.00356	0.38976	0.00806	0.00381	0.00977
24	0.01629	0.01389	0.01621	0.01179	0.01857	0.01051	0.00939	0.01985	0.01720	0.02659	0.04987	0.02127	0.03868	0.00707	0.00632	0.00133	0.00583	0.00576	0.00512	0.69847
25	0.02750	0.11285	0.02548	0.02017	0.02405	0.51264	0.01578	0.02960	0.02072	0.01972	0.01212	0.01490	0.01048	0.00905	0.00989	0.00226	0.11392	0.00540	0.00401	0.00944
26	0.01513	0.00756	0.00756	0.00756	0.00945	0.00756	0.00567	0.01891	0.01702	0.03025	0.02647	0.03025	0.02080	0.00945	0.00567	0.00189	0.00378	0.00756	0.75988	0.00756
27	0.01831	0.08468	0.03231	0.08689	0.03099	0.07579	0.23705	0.02229	0.01690	0.02211	0.01822	0.11900	0.01745	0.01145	0.01282	0.00285	0.16714	0.00989	0.00438	0.00949
28	0.02169	0.71972	0.04252	0.01388	0.02083	0.03211	0.01388	0.02430	0.01649	0.01909	0.01128	0.01302	0.01041	0.00694	0.00521	0.00174	0.00868	0.00434	0.00347	0.01041
29	0.01739	0.01833	0.03524	0.23110	0.04161	0.01998	0.31740	0.02270	0.01695	0.02307	0.01591	0.04792	0.01318	0.00923	0.01214	0.00289	0.13219	0.00895	0.00399	0.00983
30	0.02304	0.01891	0.02238	0.07997	0.05254	0.02128	0.03741	0.23693	0.32054	0.03760	0.02584	0.02713	0.01962	0.01038	0.00833	0.00266	0.00808	0.02735	0.00745	0.01258
31	0.02169	0.71972	0.04252	0.01388	0.02083	0.03211	0.01388	0.02430	0.01649	0.01909	0.01128	0.01302	0.01041	0.00694	0.00521	0.00174	0.00868	0.00434	0.00347	0.01041
32	0.01627	0.04197	0.67279	0.02313	0.03512	0.01884	0.02998	0.02570	0.01713	0.02570	0.01456	0.01713	0.01028	0.00771	0.00771	0.00257	0.01199	0.00600	0.00343	0.01199
33	0.07323	0.01537	0.05554	0.01468	0.02084	0.01281	0.01262	0.03665	0.05290	0.53426	0.03057	0.06063	0.02083	0.01059	0.00808	0.00257	0.00703	0.00863	0.00917	0.01302
34	0.03031	0.03867	0.02299	0.02090	0.02508	0.68226	0.01568	0.03240	0.02299	0.01986	0.01254	0.01463	0.01045	0.00836	0.00732	0.00209	0.01463	0.00523	0.00418	0.00941
35	0.01513	0.00756	0.00756	0.00756	0.00945	0.00756	0.00567	0.01891	0.01702	0.03025	0.02647	0.03025	0.02080	0.00945	0.00567	0.00189	0.00378	0.00756	0.75988	0.00756
36	0.02959	0.02223	0.02461	0.02062	0.06717	0.02452	0.01592	0.56619	0.06826	0.04863	0.01990	0.02008	0.01430	0.00964	0.00812	0.00245	0.00885	0.00740	0.00785	0.01369
37	0.01859	0.01864	0.02625	0.02190	0.02327	0.05039	0.07806	0.04813	0.01472	0.02156	0.01243	0.01904	0.01159	0.01612	0.06666	0.00399	0.52818	0.00738	0.00389	0.00922
38	0.02008	0.01928	0.03294	0.04981	0.66422	0.01928	0.02490	0.02490	0.01848	0.02651	0.01526	0.02008	0.01285	0.00723	0.00803	0.00241	0.00964	0.00723	0.00402	0.01285
39	0.01846	0.01897	0.02470	0.05591	0.02333	0.06806	0.01786	0.02044	0.01332	0.01961	0.01097	0.01775	0.01065	0.01350	0.02440	0.00341	0.61917	0.00698	0.00360	0.00892
40	0.02139	0.02057	0.03171	0.07711	0.51418	0.05790	0.04666	0.08170	0.02047	0.02809	0.01550	0.01986	0.01268	0.00756	0.00806	0.00242	0.01007	0.00721	0.00439	0.01248
41	0.01708	0.19091	0.47449	0.01994	0.02993	0.02085	0.02445	0.02449	0.01749	0.02481	0.06949	0.01996	0.01603	0.00830	0.00731	0.00238	0.01055	0.00637	0.00391	0.01126
