[name]
unknown

[dist]
# distance from previous block
# <min> <max>
0	26

[block]
# block no. 0 follows, 23 sequences, length 8
# corresponding to MSA columns:
# 26-33
name=unknown_A
#
# <colnr> <probs for GDERKNQSTAVLIFYWHMCP>
#	G	D	E	R	K	N	Q	S	T	A	V	L	I	F	Y	W	H	M	C	P
0	0.01308	0.00934	0.01308	0.01494	0.01681	0.00934	0.01308	0.01681	0.01868	0.02428	0.04296	0.09153	0.04670	0.02242	0.01121	0.00374	0.00747	0.60960	0.00747	0.00747
1	0.02923	0.02395	0.02535	0.01987	0.02603	0.11300	0.06618	0.42689	0.08272	0.07461	0.02000	0.02030	0.01442	0.00943	0.00814	0.00244	0.00979	0.00740	0.00736	0.01289
2	0.03085	0.02273	0.02435	0.01867	0.02516	0.02516	0.01542	0.63716	0.03815	0.05114	0.01948	0.01948	0.01380	0.00974	0.00812	0.00244	0.00893	0.00731	0.00812	0.01380
3	0.01980	0.07485	0.04382	0.03011	0.03805	0.02092	0.50586	0.05863	0.01980	0.02686	0.01604	0.02069	0.01222	0.00694	0.00889	0.00253	0.01245	0.00869	0.00433	0.06851
4	0.10844	0.05446	0.01965	0.01531	0.02055	0.06878	0.01237	0.12315	0.18708	0.20798	0.07742	0.02651	0.02257	0.01023	0.00773	0.00249	0.00744	0.00800	0.00786	0.01199
5	0.31253	0.02116	0.01921	0.01563	0.02132	0.08685	0.01274	0.31292	0.02662	0.07511	0.01635	0.01704	0.01190	0.00878	0.00686	0.00243	0.00838	0.00604	0.00665	0.01146
6	0.01145	0.00800	0.01021	0.01045	0.01103	0.00831	0.00690	0.01267	0.01329	0.01822	0.06123	0.14241	0.03293	0.39477	0.21467	0.00837	0.01108	0.01271	0.00535	0.00596
7	0.61814	0.01642	0.01366	0.01202	0.01709	0.01896	0.00980	0.06911	0.10215	0.03709	0.01483	0.01595	0.01131	0.00816	0.00568	0.00254	0.00648	0.00525	0.00568	0.00969

[dist]
# distance from previous block
# <min> <max>
1	2

[block]
# block no. 1 follows, 23 sequences, length 42
# corresponding to MSA columns:
# 36-77
name=unknown_B
#
# <colnr> <probs for GDERKNQSTAVLIFYWHMCP>
#	G	D	E	R	K	N	Q	S	T	A	V	L	I	F	Y	W	H	M	C	P
0	0.01196	0.00856	0.01135	0.01273	0.01412	0.00834	0.01016	0.01462	0.01732	0.02267	0.07342	0.20867	0.08744	0.11480	0.01486	0.00407	0.00657	0.34418	0.00722	0.00692
1	0.01031	0.00736	0.00990	0.01178	0.01244	0.00695	0.00826	0.01203	0.01595	0.02119	0.04449	0.62790	0.05275	0.02502	0.01047	0.00335	0.00507	0.10055	0.00752	0.00671
2	0.01180	0.00787	0.00885	0.00885	0.00885	0.00787	0.00492	0.01180	0.01180	0.01573	0.02557	0.05310	0.02950	0.71483	0.04130	0.00787	0.00787	0.01180	0.00492	0.00492
3	0.01875	0.02102	0.04448	0.08641	0.04211	0.02060	0.54525	0.02515	0.01848	0.02515	0.01588	0.02160	0.01208	0.00742	0.01057	0.00279	0.05834	0.00922	0.00403	0.01065
4	0.02666	0.02102	0.02153	0.01770	0.02327	0.05997	0.01420	0.32846	0.28985	0.07135	0.02529	0.02406	0.01845	0.01020	0.00813	0.00255	0.00812	0.00800	0.00804	0.01315
5	0.01050	0.00851	0.00949	0.00997	0.01248	0.00750	0.00797	0.01299	0.01854	0.02254	0.07198	0.08159	0.50089	0.02104	0.01001	0.00300	0.00499	0.17150	0.00752	0.00701
6	0.02902	0.10722	0.02487	0.01989	0.02448	0.55598	0.01536	0.06066	0.04967	0.02186	0.01361	0.01536	0.01122	0.00839	0.00718	0.00210	0.01340	0.00540	0.00447	0.00986
7	0.06221	0.44056	0.20095	0.01665	0.02463	0.05891	0.01790	0.05468	0.01787	0.02332	0.01258	0.01447	0.01046	0.00738	0.00608	0.00204	0.00970	0.00495	0.00380	0.01085
8	0.02051	0.57168	0.18019	0.01590	0.02395	0.02921	0.01740	0.02460	0.01663	0.02053	0.01200	0.01392	0.01038	0.00711	0.00575	0.00192	0.00940	0.00470	0.00346	0.01076
9	0.00989	0.00706	0.00942	0.01130	0.01177	0.00659	0.00753	0.01130	0.01554	0.02071	0.04472	0.70954	0.05367	0.02542	0.01036	0.00330	0.00471	0.02307	0.00753	0.00659
10	0.03038	0.03663	0.02317	0.02062	0.02509	0.59802	0.01565	0.10993	0.02494	0.02387	0.01343	0.01525	0.01088	0.00854	0.00742	0.00213	0.01390	0.00549	0.00469	0.00997
11	0.03641	0.01381	0.01883	0.01444	0.02071	0.01193	0.01193	0.03954	0.02322	0.66984	0.03201	0.02762	0.02009	0.01004	0.00816	0.00251	0.00690	0.00816	0.01004	0.01381
12	0.03085	0.02273	0.02435	0.01867	0.02516	0.02516	0.01542	0.63716	0.03815	0.05114	0.01948	0.01948	0.01380	0.00974	0.00812	0.00244	0.00893	0.00731	0.00812	0.01380
13	0.01019	0.00728	0.00977	0.01165	0.01226	0.00686	0.00807	0.01183	0.01584	0.02106	0.04455	0.64996	0.05300	0.02513	0.01044	0.00334	0.00497	0.07961	0.00753	0.00668
14	0.03465	0.01390	0.01862	0.01438	0.02041	0.01230	0.01184	0.06645	0.02392	0.60237	0.06897	0.02921	0.02317	0.01042	0.00824	0.00251	0.00682	0.00851	0.00989	0.01344
15	0.01982	0.01746	0.01968	0.01701	0.02153	0.04365	0.05300	0.07246	0.45423	0.03369	0.12474	0.03306	0.03056	0.01140	0.00850	0.00268	0.00696	0.00977	0.00792	0.01186
16	0.03641	0.01381	0.01883	0.01444	0.02071	0.01193	0.01193	0.03954	0.02322	0.66984	0.03201	0.02762	0.02009	0.01004	0.00816	0.00251	0.00690	0.00816	0.01004	0.01381
17	0.02140	0.68264	0.07700	0.01439	0.02161	0.03138	0.01476	0.02437	0.01652	0.01945	0.01146	0.01324	0.01041	0.00698	0.00534	0.00178	0.00886	0.00443	0.00347	0.01050
18	0.01627	0.04197	0.67279	0.02313	0.03512	0.01884	0.02998	0.02570	0.01713	0.02570	0.01456	0.01713	0.01028	0.00771	0.00771	0.00257	0.01199	0.00600	0.00343	0.01199
19	0.00989	0.00706	0.00942	0.01130	0.01177	0.00659	0.00753	0.01130	0.01554	0.02071	0.04472	0.70954	0.05367	0.02542	0.01036	0.00330	0.00471	0.02307	0.00753	0.00659
20	0.03031	0.06386	0.02542	0.01839	0.02491	0.02557	0.01533	0.60100	0.03687	0.04925	0.01900	0.01910	0.01360	0.00958	0.00795	0.00239	0.00891	0.00713	0.00784	0.01360
21	0.01736	0.01651	0.02803	0.41847	0.31679	0.01856	0.02355	0.02252	0.01719	0.02321	0.01478	0.02097	0.01169	0.00773	0.00808	0.00258	0.01031	0.00722	0.00378	0.01066
22	0.01627	0.04197	0.67279	0.02313	0.03512	0.01884	0.02998	0.02570	0.01713	0.02570	0.01456	0.01713	0.01028	0.00771	0.00771	0.00257	0.01199	0.00600	0.00343	0.01199
23	0.01180	0.00787	0.00885	0.00885	0.00885	0.00787	0.00492	0.01180	0.01180	0.01573	0.02557	0.05310	0.02950	0.71483	0.04130	0.00787	0.00787	0.01180	0.00492	0.00492
24	0.03006	0.07046	0.02471	0.01951	0.02488	0.35374	0.01546	0.30015	0.02935	0.03369	0.01555	0.01669	0.01193	0.00889	0.00755	0.00222	0.01176	0.00610	0.00589	0.01141
25	0.03085	0.02273	0.02435	0.01867	0.02516	0.02516	0.01542	0.63716	0.03815	0.05114	0.01948	0.01948	0.01380	0.00974	0.00812	0.00244	0.00893	0.00731	0.00812	0.01380
26	0.01048	0.00749	0.01010	0.01198	0.01271	0.00710	0.00857	0.01233	0.01612	0.02138	0.04439	0.59396	0.05236	0.02486	0.01052	0.00338	0.00522	0.13276	0.00752	0.00676
27	0.01070	0.00758	0.01005	0.01173	0.01242	0.00725	0.00831	0.01241	0.01574	0.02086	0.04233	0.52115	0.04975	0.09872	0.01384	0.00387	0.00557	0.13389	0.00724	0.00658
28	0.02091	0.02069	0.03513	0.03501	0.25618	0.05106	0.26033	0.08425	0.05112	0.02893	0.01757	0.02163	0.01371	0.00770	0.00847	0.00251	0.01085	0.00818	0.05410	0.01169
29	0.01719	0.12662	0.55455	0.02355	0.07093	0.02055	0.02763	0.02547	0.01713	0.02491	0.01419	0.01679	0.01045	0.00758	0.00741	0.00245	0.01143	0.00586	0.00347	0.01184
30	0.02545	0.01119	0.01438	0.01186	0.01627	0.00988	0.00950	0.02867	0.02162	0.37988	0.14487	0.04010	0.11166	0.01241	0.00820	0.00245	0.00554	0.01033	0.12481	0.01091
31	0.03113	0.02120	0.02328	0.01796	0.02433	0.02303	0.01480	0.52329	0.06524	0.13881	0.02192	0.02116	0.01522	0.00984	0.00813	0.00246	0.00852	0.00752	0.00840	0.01375
32	0.02577	0.01914	0.02123	0.01594	0.02269	0.01908	0.01305	0.37416	0.02933	0.07104	0.01815	0.01886	0.01342	0.00833	0.00732	0.00197	0.00772	0.00640	0.00695	0.29946
33	0.06906	0.04924	0.04695	0.01689	0.02229	0.14622	0.01393	0.20495	0.15423	0.05899	0.08163	0.02418	0.02102	0.00991	0.00773	0.00237	0.00876	0.00758	0.00684	0.04723
34	0.05067	0.09472	0.04718	0.01611	0.02126	0.21904	0.01334	0.09587	0.06311	0.02751	0.07553	0.02779	0.05818	0.01025	0.00751	0.00220	0.00928	0.03598	0.00568	0.11878
35	0.02345	0.12590	0.07219	0.02435	0.05548	0.18126	0.20272	0.10173	0.05895	0.02706	0.01587	0.01854	0.01240	0.00785	0.00785	0.00232	0.01165	0.00700	0.00474	0.03867
36	0.12090	0.06341	0.02170	0.07363	0.02493	0.14200	0.01415	0.18312	0.16818	0.03352	0.01903	0.01989	0.01450	0.00895	0.00729	0.00236	0.00901	0.00663	0.00616	0.06063
37	0.05441	0.02054	0.02008	0.01771	0.04211	0.11152	0.01362	0.20204	0.20841	0.06645	0.06531	0.02803	0.02215	0.01059	0.00804	0.00248	0.00824	0.03616	0.00728	0.05481
38	0.02427	0.01937	0.05959	0.01823	0.02437	0.01890	0.07349	0.16948	0.25465	0.13595	0.04593	0.02594	0.02034	0.00982	0.00819	0.00252	0.00796	0.00833	0.00761	0.06509
39	0.06046	0.02076	0.08571	0.05981	0.06813	0.01945	0.04103	0.25952	0.07336	0.12248	0.05070	0.02291	0.01746	0.00931	0.00795	0.00245	0.00858	0.00758	0.00694	0.05540
40	0.09078	0.06081	0.11090	0.02385	0.10939	0.03993	0.12278	0.13264	0.04688	0.07628	0.01723	0.01930	0.01291	0.00792	0.00761	0.00234	0.00957	0.00688	0.00541	0.09657
41	0.04987	0.06960	0.02621	0.01945	0.02515	0.16254	0.09881	0.28067	0.02705	0.03432	0.01997	0.02273	0.04447	0.04777	0.00968	0.00263	0.01031	0.00752	0.00602	0.03523

[dist]
# distance from previous block
# <min> <max>
48	184

[block]
# block no. 2 follows, 23 sequences, length 11
# corresponding to MSA columns:
# 289-299
name=unknown_C
#
# <colnr> <probs for GDERKNQSTAVLIFYWHMCP>
#	G	D	E	R	K	N	Q	S	T	A	V	L	I	F	Y	W	H	M	C	P
0	0.10395	0.01682	0.02073	0.09589	0.02566	0.01805	0.04724	0.20271	0.09932	0.12478	0.02253	0.05756	0.01770	0.03401	0.03641	0.00312	0.00867	0.00831	0.00688	0.04966
1	0.39721	0.01648	0.01608	0.04785	0.02037	0.01828	0.01130	0.13131	0.09021	0.08317	0.01831	0.04552	0.01433	0.00914	0.00657	0.00249	0.00695	0.00661	0.00630	0.05154
2	0.02553	0.16603	0.06818	0.01812	0.02478	0.05980	0.06048	0.29114	0.02728	0.07063	0.05699	0.02077	0.01673	0.00899	0.00754	0.00225	0.00915	0.00704	0.00634	0.05225
3	0.02394	0.34417	0.08576	0.01613	0.02337	0.02632	0.01531	0.23916	0.02418	0.03167	0.01476	0.01603	0.01176	0.00789	0.00652	0.00199	0.00876	0.00557	0.00524	0.09146
4	0.12750	0.06052	0.02141	0.09152	0.02472	0.05770	0.01413	0.25885	0.05292	0.03576	0.06083	0.02526	0.06269	0.01059	0.00903	0.00254	0.05901	0.00782	0.00637	0.01085
5	0.01216	0.00916	0.01301	0.10378	0.01804	0.01027	0.00990	0.01449	0.01377	0.01903	0.06757	0.03964	0.02610	0.26918	0.32893	0.00916	0.01434	0.00996	0.00476	0.00674
6	0.02467	0.01764	0.02102	0.01709	0.02203	0.01904	0.03396	0.28553	0.11053	0.11231	0.07134	0.06480	0.02408	0.01200	0.00980	0.00264	0.05703	0.04101	0.00775	0.04573
7	0.05142	0.01138	0.01544	0.09248	0.01938	0.01338	0.01146	0.01613	0.01343	0.01992	0.02020	0.07145	0.02052	0.19112	0.22209	0.00711	0.13507	0.00936	0.00450	0.05416
8	0.31596	0.10464	0.02184	0.05312	0.06009	0.06698	0.01358	0.15399	0.05404	0.03396	0.01463	0.01656	0.01143	0.00848	0.00734	0.00244	0.03926	0.00575	0.00540	0.01055
9	0.01947	0.01837	0.03296	0.02471	0.03062	0.01849	0.31803	0.05896	0.05783	0.06457	0.02155	0.02539	0.04861	0.01287	0.05917	0.00341	0.09665	0.00897	0.00513	0.07423
10	0.01641	0.05222	0.02284	0.07008	0.05653	0.04164	0.12167	0.07580	0.01932	0.02550	0.05392	0.24633	0.04967	0.01646	0.03135	0.00310	0.00869	0.03954	0.00598	0.04295

[dist]
# distance from previous block
# <min> <max>
33	59

[block]
# block no. 3 follows, 23 sequences, length 6
# corresponding to MSA columns:
# 365-370
name=unknown_D
#
# <colnr> <probs for GDERKNQSTAVLIFYWHMCP>
#	G	D	E	R	K	N	Q	S	T	A	V	L	I	F	Y	W	H	M	C	P
0	0.09046	0.01541	0.01715	0.01420	0.01904	0.03711	0.01140	0.12827	0.03874	0.10358	0.05749	0.07556	0.02222	0.01441	0.05431	0.00302	0.03645	0.04097	0.00655	0.21367
1	0.08918	0.01873	0.02059	0.01574	0.02201	0.01922	0.01291	0.32369	0.02712	0.07207	0.01735	0.01842	0.01296	0.00858	0.00809	0.00210	0.04186	0.00628	0.00665	0.25644
2	0.02422	0.01529	0.01982	0.01555	0.02116	0.01435	0.04580	0.13576	0.02233	0.21064	0.02434	0.05680	0.01989	0.03677	0.00989	0.00251	0.03325	0.05915	0.00713	0.22536
3	0.12803	0.02448	0.02243	0.02345	0.13462	0.23065	0.01604	0.12856	0.05897	0.02966	0.01767	0.02385	0.01514	0.00998	0.00880	0.00253	0.05140	0.05770	0.00540	0.01066
4	0.01540	0.01119	0.01462	0.05923	0.01859	0.01097	0.01069	0.01912	0.05424	0.08084	0.03201	0.33789	0.03395	0.01702	0.01018	0.00276	0.05551	0.04326	0.00668	0.16585
5	0.07864	0.00826	0.01026	0.01160	0.01281	0.00810	0.00838	0.01355	0.01655	0.02379	0.10468	0.50043	0.05110	0.02252	0.00991	0.00321	0.00512	0.09664	0.00744	0.00701

[dist]
# distance from previous block
# <min> <max>
21	36

[block]
# block no. 4 follows, 23 sequences, length 8
# corresponding to MSA columns:
# 409-416
name=unknown_E
#
# <colnr> <probs for GDERKNQSTAVLIFYWHMCP>
#	G	D	E	R	K	N	Q	S	T	A	V	L	I	F	Y	W	H	M	C	P
0	0.02671	0.01796	0.01995	0.01578	0.02092	0.01913	0.01266	0.40643	0.03095	0.12286	0.07781	0.03060	0.05111	0.09489	0.01227	0.00312	0.00790	0.00901	0.00802	0.01192
1	0.09689	0.02788	0.07668	0.01890	0.02511	0.19697	0.01609	0.37147	0.03020	0.03945	0.01650	0.01744	0.01217	0.00901	0.00759	0.00236	0.01044	0.00638	0.00641	0.01204
2	0.02145	0.01806	0.01906	0.01677	0.02158	0.02078	0.01315	0.11393	0.57667	0.03599	0.03141	0.02899	0.02346	0.01086	0.00824	0.00271	0.00672	0.00895	0.00824	0.01296
3	0.01046	0.00777	0.01078	0.06897	0.01552	0.00763	0.00881	0.01238	0.01611	0.02154	0.08519	0.60609	0.05165	0.02334	0.01011	0.00319	0.00516	0.02114	0.00730	0.00687
4	0.02167	0.01774	0.02000	0.01537	0.02250	0.01367	0.01168	0.02355	0.01969	0.03047	0.01937	0.02376	0.01674	0.00950	0.00822	0.00222	0.00772	0.00651	0.00648	0.70318
5	0.01574	0.01485	0.02509	0.63867	0.10928	0.01814	0.02274	0.02110	0.01642	0.02124	0.01450	0.02150	0.01100	0.00804	0.00811	0.00268	0.01071	0.00721	0.00364	0.00935
6	0.03038	0.03652	0.02318	0.02060	0.02510	0.59366	0.01564	0.11394	0.02504	0.02408	0.01348	0.01529	0.01090	0.00855	0.00742	0.00214	0.01386	0.00551	0.00471	0.01000
7	0.01198	0.00849	0.00988	0.01029	0.01085	0.00860	0.00643	0.01450	0.07091	0.01889	0.03204	0.24952	0.03638	0.44239	0.02894	0.00602	0.00678	0.01497	0.00601	0.00614

[dist]
# distance from previous block
# <min> <max>
5	8

[block]
# block no. 5 follows, 23 sequences, length 19
# corresponding to MSA columns:
# 425-443
name=unknown_F
#
# <colnr> <probs for GDERKNQSTAVLIFYWHMCP>
#	G	D	E	R	K	N	Q	S	T	A	V	L	I	F	Y	W	H	M	C	P
0	0.34028	0.04978	0.01730	0.01370	0.01879	0.06048	0.01114	0.15373	0.04799	0.10390	0.02192	0.06096	0.04883	0.01017	0.00685	0.00250	0.00734	0.00742	0.00650	0.01043
1	0.01645	0.01097	0.03915	0.01293	0.01608	0.00937	0.01105	0.02018	0.02084	0.14111	0.25032	0.06558	0.11119	0.01750	0.00982	0.00298	0.00600	0.22144	0.00826	0.00877
2	0.01981	0.02063	0.04016	0.03456	0.17642	0.01956	0.40266	0.06071	0.01988	0.02761	0.01614	0.02085	0.01249	0.00701	0.00880	0.00250	0.01176	0.00846	0.00439	0.08561
3	0.01577	0.01487	0.02537	0.58145	0.07626	0.01812	0.05194	0.02074	0.01608	0.02093	0.01437	0.02151	0.01108	0.00901	0.00988	0.02997	0.04263	0.00732	0.00364	0.00906
4	0.01875	0.02028	0.04065	0.03074	0.07380	0.01903	0.46358	0.02467	0.01839	0.02578	0.01573	0.02073	0.01221	0.00708	0.00972	0.00250	0.04588	0.00851	0.00419	0.13777
5	0.02049	0.01926	0.03204	0.07778	0.59902	0.01956	0.02424	0.06028	0.01952	0.02767	0.01547	0.02012	0.01281	0.00742	0.00804	0.00242	0.00965	0.00723	0.00424	0.01273
6	0.05418	0.02376	0.02169	0.01771	0.02323	0.15469	0.01419	0.36545	0.09211	0.06881	0.02405	0.02378	0.05923	0.01027	0.00797	0.00242	0.00931	0.00769	0.00728	0.01217
7	0.01764	0.01510	0.01778	0.01302	0.01969	0.01256	0.01049	0.05327	0.01766	0.02728	0.01443	0.01703	0.01202	0.00678	0.00755	0.00143	0.05433	0.00510	0.00490	0.67195
8	0.29649	0.01892	0.01818	0.01477	0.02049	0.06092	0.01204	0.21189	0.05260	0.16389	0.01901	0.01891	0.01346	0.00884	0.00689	0.00242	0.00772	0.00629	0.00702	0.03924
9	0.02037	0.02042	0.03217	0.08243	0.52313	0.06554	0.05588	0.02500	0.01842	0.02537	0.01488	0.01978	0.01244	0.00766	0.00892	0.00247	0.04183	0.00721	0.00399	0.01211
10	0.01409	0.00705	0.01057	0.01057	0.01057	0.00705	0.00705	0.01057	0.01057	0.01409	0.01409	0.02467	0.01409	0.02819	0.03171	0.76392	0.00705	0.00705	0.00352	0.00352
11	0.03036	0.03706	0.02313	0.02068	0.02509	0.61592	0.01565	0.09345	0.02452	0.02302	0.01324	0.01512	0.01079	0.00850	0.00740	0.00213	0.01406	0.00544	0.00458	0.00985
12	0.01627	0.04197	0.67279	0.02313	0.03512	0.01884	0.02998	0.02570	0.01713	0.02570	0.01456	0.01713	0.01028	0.00771	0.00771	0.00257	0.01199	0.00600	0.00343	0.01199
13	0.02320	0.01893	0.02005	0.01712	0.02225	0.02159	0.01357	0.21114	0.47662	0.03881	0.02919	0.02722	0.02167	0.01065	0.00822	0.00266	0.00713	0.00865	0.00822	0.01311
14	0.02169	0.71972	0.04252	0.01388	0.02083	0.03211	0.01388	0.02430	0.01649	0.01909	0.01128	0.01302	0.01041	0.00694	0.00521	0.00174	0.00868	0.00434	0.00347	0.01041
15	0.00989	0.00706	0.00942	0.01130	0.01177	0.00659	0.00753	0.01130	0.01554	0.02071	0.04472	0.70954	0.05367	0.02542	0.01036	0.00330	0.00471	0.02307	0.00753	0.00659
16	0.02169	0.71972	0.04252	0.01388	0.02083	0.03211	0.01388	0.02430	0.01649	0.01909	0.01128	0.01302	0.01041	0.00694	0.00521	0.00174	0.00868	0.00434	0.00347	0.01041
17	0.01629	0.01003	0.01391	0.01444	0.04531	0.00947	0.01111	0.02003	0.02122	0.12696	0.30604	0.06509	0.05393	0.01730	0.00989	0.00298	0.00591	0.23299	0.00834	0.00877
18	0.02937	0.02192	0.02354	0.01815	0.02457	0.02403	0.01493	0.56443	0.07565	0.04864	0.02005	0.02001	0.01439	0.00961	0.00801	0.00239	0.00860	0.00728	0.00794	0.05647

[dist]
# distance from previous block
# <min> <max>
0	1

[block]
# block no. 6 follows, 23 sequences, length 15
# corresponding to MSA columns:
# 445-459
name=unknown_G
#
# <colnr> <probs for GDERKNQSTAVLIFYWHMCP>
#	G	D	E	R	K	N	Q	S	T	A	V	L	I	F	Y	W	H	M	C	P
0	0.01190	0.00897	0.01293	0.01278	0.01394	0.01045	0.00969	0.01431	0.01283	0.01840	0.02182	0.03444	0.02124	0.15716	0.55711	0.01184	0.04972	0.00909	0.00440	0.00697
1	0.01659	0.08080	0.63668	0.02260	0.03430	0.01960	0.02906	0.02562	0.01709	0.02532	0.01437	0.01690	0.01029	0.00767	0.00757	0.00252	0.01180	0.00590	0.00343	0.01190
2	0.05797	0.01540	0.02476	0.52498	0.14895	0.01833	0.02173	0.02255	0.04436	0.02310	0.01520	0.02130	0.01164	0.00807	0.00794	0.00265	0.01019	0.00715	0.00395	0.00978
3	0.02008	0.01928	0.03294	0.04981	0.66422	0.01928	0.02490	0.02490	0.01848	0.02651	0.01526	0.02008	0.01285	0.00723	0.00803	0.00241	0.00964	0.00723	0.00402	0.01285
4	0.01702	0.01471	0.01725	0.01263	0.01941	0.01186	0.01012	0.02141	0.04517	0.02647	0.01509	0.01747	0.01253	0.00660	0.00702	0.00138	0.03677	0.00511	0.00491	0.69706
5	0.01923	0.02039	0.02699	0.02257	0.02385	0.09422	0.08017	0.02155	0.01423	0.02022	0.01144	0.01784	0.01080	0.01283	0.02285	0.00331	0.55753	0.00715	0.00367	0.00914
6	0.01844	0.01900	0.02600	0.02198	0.02262	0.05687	0.05074	0.02051	0.01331	0.01989	0.01105	0.01782	0.01073	0.01352	0.02477	0.00344	0.62955	0.00714	0.00361	0.00901
7	0.02110	0.01789	0.01887	0.01670	0.02145	0.02061	0.01307	0.09434	0.59684	0.03543	0.03186	0.02934	0.02382	0.01090	0.00824	0.00272	0.00664	0.00901	0.00824	0.01293
8	0.01307	0.01026	0.01478	0.01416	0.01567	0.01235	0.01118	0.04169	0.01405	0.02029	0.02046	0.02985	0.01898	0.05371	0.58413	0.01158	0.09321	0.00847	0.00442	0.00770
9	0.02148	0.61903	0.10862	0.01516	0.02252	0.05811	0.01567	0.02479	0.01683	0.01982	0.01168	0.01352	0.01040	0.00708	0.00556	0.00184	0.00928	0.00455	0.00350	0.01054
10	0.02115	0.01984	0.03287	0.04313	0.49726	0.02009	0.08804	0.09205	0.05198	0.02948	0.01672	0.02072	0.01349	0.00765	0.00822	0.00246	0.00983	0.00758	0.00468	0.01275
11	0.02441	0.02154	0.02039	0.01889	0.05691	0.15506	0.01388	0.14462	0.27203	0.06574	0.02327	0.02378	0.01777	0.01183	0.01055	0.08473	0.00884	0.00763	0.00675	0.01136
12	0.01924	0.21371	0.44111	0.02028	0.03038	0.02293	0.02428	0.09138	0.01924	0.02675	0.01425	0.01633	0.01069	0.00773	0.00711	0.00234	0.01081	0.00571	0.00394	0.01178
13	0.01385	0.00714	0.01038	0.01038	0.01038	0.00714	0.00682	0.01070	0.01070	0.01427	0.01533	0.02774	0.01576	0.10235	0.03275	0.68226	0.00714	0.00756	0.00367	0.00367
14	0.01330	0.01041	0.01348	0.11810	0.02024	0.01071	0.01076	0.08122	0.01976	0.02587	0.11895	0.28621	0.16955	0.01880	0.00956	0.00293	0.00604	0.04896	0.00715	0.00798

[dist]
# distance from previous block
# <min> <max>
0	32

[block]
# block no. 7 follows, 23 sequences, length 20
# corresponding to MSA columns:
# 492-511
name=unknown_H
#
# <colnr> <probs for GDERKNQSTAVLIFYWHMCP>
#	G	D	E	R	K	N	Q	S	T	A	V	L	I	F	Y	W	H	M	C	P
0	0.01531	0.01389	0.02305	0.64238	0.05231	0.01722	0.02124	0.02059	0.01629	0.02146	0.01535	0.02230	0.01159	0.00822	0.00792	0.00264	0.01027	0.00724	0.06184	0.00890
1	0.01926	0.01626	0.02023	0.08591	0.02512	0.01482	0.03807	0.12463	0.05067	0.03030	0.01624	0.01863	0.01281	0.00713	0.00684	0.00170	0.00734	0.00588	0.00537	0.49280
2	0.02323	0.01633	0.01928	0.06773	0.02342	0.01679	0.01313	0.23212	0.09401	0.11479	0.02545	0.10854	0.02170	0.01165	0.00818	0.00245	0.00744	0.03895	0.00733	0.14750
3	0.01559	0.01012	0.01476	0.01280	0.01581	0.00925	0.05669	0.01937	0.02203	0.12299	0.44403	0.08189	0.08794	0.01566	0.00946	0.00264	0.00522	0.03648	0.00854	0.00871
4	0.01683	0.01442	0.01683	0.01202	0.01923	0.01082	0.00961	0.02043	0.01683	0.02644	0.01442	0.01683	0.01202	0.00601	0.00601	0.00120	0.00601	0.00481	0.00481	0.76444
5	0.06607	0.03451	0.02335	0.02242	0.07397	0.53523	0.01603	0.08955	0.02365	0.02419	0.01336	0.01545	0.01088	0.00837	0.00734	0.00217	0.01329	0.00554	0.00459	0.01006
6	0.12408	0.02293	0.02243	0.01776	0.02380	0.07776	0.01450	0.48680	0.05796	0.04604	0.01841	0.01871	0.01333	0.00940	0.00767	0.00243	0.00896	0.00684	0.00741	0.01277
7	0.09009	0.03028	0.02401	0.02046	0.02580	0.31340	0.01577	0.26737	0.02953	0.06699	0.01904	0.02117	0.01491	0.01083	0.00871	0.00282	0.01198	0.00708	0.00706	0.01271
8	0.01409	0.00705	0.01057	0.01057	0.01057	0.00705	0.00705	0.01057	0.01057	0.01409	0.01409	0.02467	0.01409	0.02819	0.03171	0.76392	0.00705	0.00705	0.00352	0.00352
9	0.01595	0.01507	0.02548	0.60979	0.13650	0.01819	0.02285	0.02128	0.01652	0.02150	0.01453	0.02143	0.01109	0.00800	0.00810	0.00267	0.01066	0.00721	0.00366	0.00952
10	0.01627	0.04197	0.67279	0.02313	0.03512	0.01884	0.02998	0.02570	0.01713	0.02570	0.01456	0.01713	0.01028	0.00771	0.00771	0.00257	0.01199	0.00600	0.00343	0.01199
11	0.02997	0.02230	0.02386	0.01849	0.02483	0.02476	0.01521	0.58864	0.08809	0.04973	0.02059	0.02036	0.01470	0.00984	0.00813	0.00246	0.00872	0.00746	0.00813	0.01372
12	0.02994	0.06955	0.02397	0.02046	0.02489	0.61804	0.01558	0.06328	0.02347	0.02144	0.01284	0.01481	0.01062	0.00837	0.00726	0.00209	0.01406	0.00529	0.00435	0.00968
13	0.00989	0.00706	0.00942	0.01130	0.01177	0.00659	0.00753	0.01130	0.01554	0.02071	0.04472	0.70954	0.05367	0.02542	0.01036	0.00330	0.00471	0.02307	0.00753	0.00659
14	0.02169	0.71972	0.04252	0.01388	0.02083	0.03211	0.01388	0.02430	0.01649	0.01909	0.01128	0.01302	0.01041	0.00694	0.00521	0.00174	0.00868	0.00434	0.00347	0.01041
15	0.45189	0.01742	0.01596	0.01326	0.01876	0.04950	0.01086	0.12136	0.02016	0.18587	0.01744	0.01758	0.01227	0.00849	0.00634	0.00248	0.00723	0.00576	0.00663	0.01075
16	0.01928	0.01488	0.01745	0.01262	0.01971	0.01178	0.01016	0.05962	0.01865	0.08050	0.01617	0.01787	0.01279	0.00657	0.00631	0.00138	0.00626	0.00523	0.00544	0.65732
17	0.01898	0.01526	0.01782	0.01377	0.01976	0.01386	0.01099	0.07048	0.10376	0.05933	0.01943	0.05378	0.01624	0.00862	0.00805	0.00181	0.04861	0.00679	0.00583	0.48682
18	0.01760	0.01447	0.01884	0.01409	0.02045	0.01179	0.06056	0.04374	0.01783	0.05174	0.01847	0.05389	0.01649	0.04275	0.00859	0.00194	0.00686	0.02940	0.00531	0.54520
19	0.03097	0.01566	0.01938	0.01485	0.02104	0.01464	0.01218	0.17634	0.02588	0.39972	0.06504	0.02628	0.02098	0.00984	0.00795	0.00232	0.00707	0.00791	0.00883	0.11313

[dist]
# distance from previous block
# <min> <max>
5	15

[block]
# block no. 8 follows, 23 sequences, length 16
# corresponding to MSA columns:
# 528-543
name=unknown_I
#
# <colnr> <probs for GDERKNQSTAVLIFYWHMCP>
#	G	D	E	R	K	N	Q	S	T	A	V	L	I	F	Y	W	H	M	C	P
0	0.02368	0.01998	0.02705	0.02074	0.02687	0.04527	0.15415	0.19299	0.13594	0.07921	0.02047	0.02182	0.01525	0.00900	0.00934	0.00244	0.05457	0.00774	0.00641	0.12709
1	0.01607	0.03897	0.02062	0.01719	0.01905	0.04203	0.03994	0.03703	0.01485	0.02088	0.02111	0.02813	0.06794	0.05402	0.21420	0.00615	0.29219	0.00844	0.00440	0.03679
2	0.19767	0.01876	0.01978	0.01633	0.02079	0.04615	0.01337	0.21931	0.07085	0.10446	0.01831	0.01967	0.01372	0.01015	0.01084	0.00266	0.14040	0.00676	0.03882	0.01120
3	0.17297	0.02138	0.02197	0.01714	0.02335	0.02383	0.01415	0.51957	0.03348	0.04831	0.01791	0.01827	0.01284	0.00932	0.00752	0.00245	0.00842	0.00675	0.00752	0.01284
4	0.01050	0.00750	0.01012	0.01200	0.01274	0.00712	0.00860	0.01236	0.01614	0.02140	0.04439	0.59105	0.05233	0.02484	0.01052	0.00338	0.00524	0.13552	0.00752	0.00676
5	0.01863	0.01659	0.01877	0.01374	0.02077	0.04893	0.03197	0.06465	0.01874	0.02780	0.01474	0.01707	0.01207	0.00643	0.00635	0.00139	0.00695	0.00517	0.00498	0.64425
6	0.01830	0.01601	0.02434	0.56560	0.05000	0.01940	0.02117	0.13892	0.02043	0.02656	0.01539	0.02122	0.01139	0.00842	0.00811	0.00265	0.01045	0.00723	0.00447	0.00993
7	0.24293	0.02915	0.01927	0.01718	0.02186	0.40009	0.01321	0.04850	0.05234	0.02667	0.01354	0.01528	0.01089	0.00817	0.00666	0.00221	0.01116	0.00523	0.00479	0.05088
8	0.02168	0.01361	0.01560	0.01356	0.01800	0.01386	0.01067	0.03282	0.28144	0.21035	0.09144	0.04274	0.17263	0.01334	0.00863	0.00267	0.00583	0.01112	0.00865	0.01135
9	0.07057	0.01673	0.02800	0.43818	0.04656	0.01937	0.13819	0.06859	0.01810	0.02509	0.01479	0.02075	0.01118	0.00823	0.00903	0.00272	0.04261	0.00747	0.00414	0.00972
10	0.01172	0.06748	0.01296	0.04772	0.01516	0.01041	0.00853	0.01530	0.06179	0.02214	0.05917	0.23516	0.36461	0.01938	0.00926	0.00280	0.00518	0.01656	0.00704	0.00761
11	0.02898	0.01925	0.02148	0.01709	0.02286	0.02071	0.01411	0.43023	0.06855	0.14546	0.02449	0.02779	0.01844	0.01089	0.00828	0.00255	0.00812	0.05715	0.04061	0.01296
12	0.07613	0.01066	0.01330	0.01182	0.01519	0.01006	0.00924	0.02331	0.04510	0.20612	0.33373	0.09405	0.06858	0.01484	0.00890	0.00264	0.00515	0.03296	0.00873	0.00952
13	0.01978	0.01588	0.01794	0.01388	0.02029	0.01455	0.01106	0.07816	0.18810	0.06008	0.02062	0.02114	0.01595	0.00784	0.00688	0.00178	0.00640	0.00634	0.00624	0.46708
14	0.01951	0.01601	0.01827	0.01329	0.02037	0.01357	0.01073	0.13867	0.02091	0.03118	0.01539	0.01734	0.01236	0.00672	0.00641	0.00144	0.00657	0.00529	0.00544	0.62052
15	0.02461	0.46567	0.07454	0.01555	0.02264	0.02810	0.01504	0.16197	0.02190	0.08020	0.01501	0.01590	0.01195	0.00787	0.00625	0.00201	0.00879	0.00541	0.00504	0.01154

[dist]
# distance from previous block
# <min> <max>
4	21

[block]
# block no. 9 follows, 23 sequences, length 9
# corresponding to MSA columns:
# 566-574
name=unknown_J
#
# <colnr> <probs for GDERKNQSTAVLIFYWHMCP>
#	G	D	E	R	K	N	Q	S	T	A	V	L	I	F	Y	W	H	M	C	P
0	0.03006	0.02441	0.02378	0.01881	0.02488	0.10871	0.01528	0.52009	0.07725	0.04599	0.01950	0.01959	0.01411	0.00965	0.00802	0.00241	0.00949	0.00717	0.00762	0.01317
1	0.01532	0.01442	0.02434	0.69533	0.05589	0.01803	0.02253	0.02073	0.01622	0.02073	0.01442	0.02163	0.01082	0.00811	0.00811	0.00270	0.01082	0.00721	0.00361	0.00901
2	0.01010	0.00824	0.00893	0.00876	0.01128	0.00707	0.00657	0.01264	0.01971	0.02480	0.23897	0.07335	0.50235	0.01948	0.00958	0.00269	0.00403	0.01646	0.00791	0.00707
3	0.03073	0.02630	0.02405	0.01917	0.02515	0.17221	0.01548	0.50183	0.03476	0.04414	0.01793	0.01840	0.01305	0.00943	0.00794	0.00236	0.01021	0.00684	0.00724	0.01282
4	0.01032	0.00839	0.00923	0.00941	0.01192	0.00730	0.00732	0.01283	0.01909	0.02359	0.14973	0.07776	0.50121	0.02031	0.00981	0.00286	0.00454	0.09964	0.00770	0.00704
5	0.01683	0.01442	0.01683	0.01202	0.01923	0.01082	0.00961	0.02043	0.01683	0.02644	0.01442	0.01683	0.01202	0.00601	0.00601	0.00120	0.00601	0.00481	0.00481	0.76444
6	0.01683	0.01442	0.01683	0.01202	0.01923	0.01082	0.00961	0.02043	0.01683	0.02644	0.01442	0.01683	0.01202	0.00601	0.00601	0.00120	0.00601	0.00481	0.00481	0.76444
7	0.02227	0.01737	0.04292	0.01509	0.02006	0.05976	0.01229	0.12370	0.15713	0.13349	0.11733	0.09454	0.02938	0.01190	0.00824	0.00244	0.00707	0.00990	0.00764	0.10749
8	0.02514	0.01811	0.01945	0.01585	0.02084	0.04557	0.01262	0.30419	0.11289	0.10996	0.10531	0.05683	0.02620	0.04667	0.00997	0.00274	0.00760	0.00928	0.00797	0.04281

[dist]
# distance from previous block
# <min> <max>
0	2

[block]
# block no. 10 follows, 23 sequences, length 21
# corresponding to MSA columns:
# 580-600
name=unknown_K
#
# <colnr> <probs for GDERKNQSTAVLIFYWHMCP>
#	G	D	E	R	K	N	Q	S	T	A	V	L	I	F	Y	W	H	M	C	P
0	0.02369	0.01725	0.01836	0.01505	0.02001	0.06260	0.01190	0.21767	0.06011	0.12043	0.05963	0.08070	0.02373	0.06197	0.01047	0.00274	0.00765	0.03335	0.00726	0.14543
1	0.01647	0.01502	0.02348	0.54951	0.04844	0.01786	0.02042	0.05507	0.01736	0.02305	0.01455	0.02079	0.01112	0.00821	0.00863	0.00255	0.03871	0.00693	0.00400	0.09783
2	0.01860	0.02026	0.04174	0.12607	0.10321	0.01960	0.46219	0.02490	0.01857	0.02534	0.01594	0.02144	0.01214	0.00701	0.00906	0.00263	0.01254	0.00880	0.00406	0.04589
3	0.02016	0.01805	0.02449	0.23295	0.03376	0.04837	0.05222	0.17311	0.02087	0.02803	0.01563	0.02104	0.01262	0.01560	0.08591	0.00393	0.17088	0.00742	0.00484	0.01010
4	0.05927	0.01603	0.02513	0.42247	0.20130	0.01858	0.02130	0.02438	0.08564	0.02448	0.01648	0.02172	0.01273	0.00818	0.00794	0.00263	0.00979	0.00727	0.00429	0.01037
5	0.01843	0.01491	0.01954	0.09007	0.09355	0.01260	0.01284	0.02233	0.01740	0.07217	0.01578	0.01848	0.01256	0.00666	0.00661	0.00159	0.00699	0.00557	0.00497	0.54696
6	0.00982	0.00814	0.00859	0.00866	0.01114	0.00692	0.00643	0.01202	0.01877	0.02299	0.14243	0.12167	0.55354	0.02047	0.00964	0.00276	0.00412	0.01729	0.00769	0.00692
7	0.01683	0.01442	0.01683	0.01202	0.01923	0.01082	0.00961	0.02043	0.01683	0.02644	0.01442	0.01683	0.01202	0.00601	0.00601	0.00120	0.00601	0.00481	0.00481	0.76444
8	0.01004	0.00726	0.00951	0.01102	0.01177	0.00672	0.00747	0.01175	0.01650	0.02206	0.11369	0.60593	0.08782	0.02421	0.01023	0.00319	0.00458	0.02184	0.00768	0.00672
9	0.03085	0.02273	0.02435	0.01867	0.02516	0.02516	0.01542	0.63716	0.03815	0.05114	0.01948	0.01948	0.01380	0.00974	0.00812	0.00244	0.00893	0.00731	0.00812	0.01380
10	0.01409	0.00889	0.01156	0.01055	0.01299	0.00807	0.00803	0.01773	0.02273	0.10133	0.55737	0.05805	0.10497	0.01611	0.00942	0.00256	0.00418	0.01411	0.00897	0.00828
11	0.00959	0.00822	0.00822	0.00822	0.01096	0.00685	0.00617	0.01165	0.01850	0.02192	0.08220	0.07809	0.66092	0.02055	0.00959	0.00274	0.00411	0.01713	0.00754	0.00685
12	0.01205	0.00861	0.01190	0.01378	0.01520	0.00846	0.01130	0.01505	0.01767	0.02314	0.04353	0.28930	0.04893	0.02338	0.01094	0.00359	0.00659	0.42190	0.00749	0.00719
13	0.01532	0.01442	0.02434	0.69533	0.05589	0.01803	0.02253	0.02073	0.01622	0.02073	0.01442	0.02163	0.01082	0.00811	0.00811	0.00270	0.01082	0.00721	0.00361	0.00901
14	0.00989	0.00706	0.00942	0.01130	0.01177	0.00659	0.00753	0.01130	0.01554	0.02071	0.04472	0.70954	0.05367	0.02542	0.01036	0.00330	0.00471	0.02307	0.00753	0.00659
15	0.01915	0.02189	0.04788	0.03420	0.04241	0.02052	0.63475	0.02599	0.01915	0.02599	0.01642	0.02189	0.01231	0.00684	0.00958	0.00274	0.01368	0.00958	0.00410	0.01094
16	0.03031	0.03867	0.02299	0.02090	0.02508	0.68226	0.01568	0.03240	0.02299	0.01986	0.01254	0.01463	0.01045	0.00836	0.00732	0.00209	0.01463	0.00523	0.00418	0.00941
17	0.01683	0.01442	0.01683	0.01202	0.01923	0.01082	0.00961	0.02043	0.01683	0.02644	0.01442	0.01683	0.01202	0.00601	0.00601	0.00120	0.00601	0.00481	0.00481	0.76444
18	0.01628	0.01583	0.02201	0.07198	0.02307	0.05765	0.05925	0.01895	0.01398	0.01969	0.01554	0.02426	0.01463	0.06555	0.21492	0.00635	0.31986	0.00790	0.00394	0.00837
19	0.01318	0.00851	0.01178	0.01162	0.01250	0.00918	0.00828	0.03788	0.01311	0.01809	0.02069	0.05892	0.02092	0.16492	0.29742	0.26034	0.01318	0.00921	0.00445	0.00583
20	0.38872	0.01536	0.01576	0.01409	0.04411	0.01631	0.01085	0.07162	0.04780	0.17079	0.04196	0.02060	0.01567	0.01103	0.03704	0.00291	0.00734	0.00634	0.00653	0.05516

[dist]
# distance from previous block
# <min> <max>
28	66

[block]
# block no. 11 follows, 23 sequences, length 7
# corresponding to MSA columns:
# 671-677
name=unknown_L
#
# <colnr> <probs for GDERKNQSTAVLIFYWHMCP>
#	G	D	E	R	K	N	Q	S	T	A	V	L	I	F	Y	W	H	M	C	P
0	0.02052	0.01966	0.03875	0.02799	0.03536	0.01840	0.43786	0.02618	0.01882	0.09289	0.01740	0.02147	0.01298	0.00748	0.00989	0.00253	0.05233	0.00855	0.00480	0.12615
1	0.01818	0.01529	0.01817	0.06375	0.02259	0.01285	0.01119	0.08484	0.01901	0.02859	0.01495	0.01746	0.01211	0.00656	0.00639	0.00144	0.00667	0.00525	0.00506	0.62965
2	0.11383	0.01542	0.04789	0.01409	0.01993	0.01367	0.01193	0.03355	0.11193	0.35459	0.08565	0.02789	0.02349	0.01001	0.00772	0.00243	0.00663	0.00806	0.00830	0.08295
3	0.01244	0.00874	0.01160	0.01132	0.01344	0.00884	0.00869	0.01520	0.01670	0.06065	0.13359	0.07803	0.20376	0.03883	0.33146	0.00765	0.01269	0.01246	0.00637	0.00756
4	0.01258	0.00970	0.01365	0.01344	0.01525	0.01130	0.01045	0.01779	0.08648	0.02058	0.02304	0.03169	0.02080	0.05511	0.60487	0.01185	0.01997	0.00875	0.00480	0.00789
5	0.37673	0.01794	0.01803	0.06890	0.02279	0.02011	0.01257	0.24534	0.02362	0.09930	0.01641	0.01746	0.01180	0.00861	0.00667	0.00250	0.00765	0.00602	0.00649	0.01107
6	0.01848	0.28387	0.40363	0.02159	0.07206	0.02364	0.02386	0.02514	0.01699	0.02338	0.01343	0.01585	0.01050	0.00740	0.00683	0.00226	0.01064	0.00548	0.00348	0.01148

[dist]
# distance from previous block
# <min> <max>
0	1

[block]
# block no. 12 follows, 23 sequences, length 8
# corresponding to MSA columns:
# 679-686
name=unknown_M
#
# <colnr> <probs for GDERKNQSTAVLIFYWHMCP>
#	G	D	E	R	K	N	Q	S	T	A	V	L	I	F	Y	W	H	M	C	P
0	0.02488	0.01480	0.08687	0.01380	0.01906	0.01108	0.01229	0.02896	0.02247	0.36117	0.26531	0.03884	0.04017	0.01224	0.00864	0.00253	0.00630	0.01037	0.00891	0.01131
1	0.01131	0.00857	0.01094	0.01145	0.01330	0.00746	0.00796	0.01318	0.01580	0.02189	0.03850	0.56718	0.04511	0.02143	0.00946	0.00287	0.00498	0.01931	0.00697	0.16233
2	0.02402	0.02528	0.02676	0.02979	0.22491	0.22424	0.01906	0.10529	0.02090	0.02592	0.01382	0.01775	0.01169	0.00965	0.01248	0.00260	0.18382	0.00659	0.00448	0.01093
3	0.02393	0.01765	0.01995	0.01483	0.02169	0.01656	0.01209	0.26500	0.02575	0.08818	0.01784	0.01874	0.01337	0.00781	0.00701	0.00179	0.00723	0.00606	0.00653	0.40797
4	0.26660	0.04511	0.06998	0.01456	0.01997	0.01812	0.01271	0.07086	0.18000	0.11096	0.02136	0.02210	0.01604	0.01466	0.08027	0.00369	0.00880	0.00687	0.00641	0.01093
5	0.01875	0.46538	0.13710	0.01519	0.02181	0.02548	0.01569	0.02251	0.01588	0.02009	0.01395	0.01755	0.01242	0.01814	0.14483	0.00419	0.01189	0.00550	0.00364	0.01001
6	0.01106	0.00828	0.01026	0.00977	0.01186	0.00748	0.00733	0.01450	0.02198	0.03019	0.53188	0.06449	0.20609	0.01747	0.00957	0.00259	0.00389	0.01522	0.00862	0.00748
7	0.02058	0.58044	0.17204	0.01578	0.02376	0.02938	0.01719	0.02458	0.01662	0.02045	0.01196	0.01386	0.01039	0.00710	0.00572	0.00191	0.00936	0.00468	0.00346	0.01074

[dist]
# distance from previous block
# <min> <max>
16	37

[block]
# block no. 13 follows, 23 sequences, length 19
# corresponding to MSA columns:
# 730-748
name=unknown_N
#
# <colnr> <probs for GDERKNQSTAVLIFYWHMCP>
#	G	D	E	R	K	N	Q	S	T	A	V	L	I	F	Y	W	H	M	C	P
0	0.04330	0.01922	0.12445	0.06212	0.04758	0.01440	0.07250	0.04296	0.04261	0.02681	0.02222	0.04954	0.05651	0.00932	0.00758	0.00215	0.00815	0.03771	0.00507	0.30582
1	0.02489	0.01256	0.01611	0.01261	0.01807	0.01050	0.01015	0.02821	0.02122	0.34089	0.14998	0.03436	0.07012	0.01092	0.00797	0.00220	0.00591	0.00911	0.00832	0.20592
2	0.01734	0.01456	0.01691	0.01240	0.01921	0.01150	0.00987	0.05898	0.01811	0.02770	0.01636	0.05391	0.01435	0.00728	0.00637	0.00139	0.00612	0.00594	0.00516	0.67655
3	0.01532	0.01442	0.02434	0.69533	0.05589	0.01803	0.02253	0.02073	0.01622	0.02073	0.01442	0.02163	0.01082	0.00811	0.00811	0.00270	0.01082	0.00721	0.00361	0.00901
4	0.01683	0.01442	0.01683	0.01202	0.01923	0.01082	0.00961	0.02043	0.01683	0.02644	0.01442	0.01683	0.01202	0.00601	0.00601	0.00120	0.00601	0.00481	0.00481	0.76444
5	0.00989	0.00706	0.00942	0.01130	0.01177	0.00659	0.00753	0.01130	0.01554	0.02071	0.04472	0.70954	0.05367	0.02542	0.01036	0.00330	0.00471	0.02307	0.00753	0.00659
6	0.03085	0.02273	0.02435	0.01867	0.02516	0.02516	0.01542	0.63716	0.03815	0.05114	0.01948	0.01948	0.01380	0.00974	0.00812	0.00244	0.00893	0.00731	0.00812	0.01380
7	0.01683	0.01442	0.01683	0.01202	0.01923	0.01082	0.00961	0.02043	0.01683	0.02644	0.01442	0.01683	0.01202	0.00601	0.00601	0.00120	0.00601	0.00481	0.00481	0.76444
8	0.02085	0.01776	0.01872	0.01665	0.02135	0.02050	0.01301	0.08040	0.61119	0.03502	0.03218	0.02960	0.02408	0.01093	0.00825	0.00273	0.00658	0.00906	0.00825	0.01290
9	0.01649	0.01507	0.02399	0.61775	0.05214	0.01856	0.02157	0.05724	0.05379	0.02323	0.01578	0.02201	0.01179	0.00837	0.00812	0.00269	0.01046	0.00733	0.00413	0.00951
10	0.00989	0.00706	0.00942	0.01130	0.01177	0.00659	0.00753	0.01130	0.01554	0.02071	0.04472	0.70954	0.05367	0.02542	0.01036	0.00330	0.00471	0.02307	0.00753	0.00659
11	0.01915	0.02189	0.04788	0.03420	0.04241	0.02052	0.63475	0.02599	0.01915	0.02599	0.01642	0.02189	0.01231	0.00684	0.00958	0.00274	0.01368	0.00958	0.00410	0.01094
12	0.01683	0.01442	0.01683	0.01202	0.01923	0.01082	0.00961	0.02043	0.01683	0.02644	0.01442	0.01683	0.01202	0.00601	0.00601	0.00120	0.00601	0.00481	0.00481	0.76444
13	0.01347	0.00972	0.01236	0.01198	0.01401	0.00892	0.00908	0.01670	0.02323	0.03270	0.56624	0.06556	0.07259	0.01819	0.01042	0.00300	0.00492	0.08919	0.00920	0.00852
14	0.01148	0.00828	0.01090	0.01059	0.01240	0.00770	0.00800	0.01515	0.02220	0.03123	0.57981	0.10510	0.07313	0.01754	0.00973	0.00268	0.00412	0.05364	0.00875	0.00757
15	0.03641	0.01381	0.01883	0.01444	0.02071	0.01193	0.01193	0.03954	0.02322	0.66984	0.03201	0.02762	0.02009	0.01004	0.00816	0.00251	0.00690	0.00816	0.01004	0.01381
16	0.01643	0.01412	0.01674	0.01242	0.01886	0.01122	0.00987	0.01981	0.01653	0.02575	0.01616	0.06071	0.01459	0.00763	0.00727	0.00145	0.03901	0.00607	0.00492	0.68045
17	0.01741	0.11593	0.48797	0.02407	0.03480	0.02066	0.13718	0.02559	0.01742	0.02499	0.01452	0.01752	0.01066	0.00746	0.00776	0.00250	0.01192	0.00645	0.00355	0.01162
18	0.02966	0.06083	0.01996	0.01462	0.02021	0.01527	0.01204	0.10530	0.10223	0.39660	0.10804	0.03018	0.02638	0.01075	0.00815	0.00249	0.00681	0.00875	0.00903	0.01269

[dist]
# distance from previous block
# <min> <max>
0	5

[block]
# block no. 14 follows, 23 sequences, length 25
# corresponding to MSA columns:
# 754-778
name=unknown_O
#
# <colnr> <probs for GDERKNQSTAVLIFYWHMCP>
#	G	D	E	R	K	N	Q	S	T	A	V	L	I	F	Y	W	H	M	C	P
0	0.01748	0.01404	0.01642	0.01241	0.01871	0.01153	0.00985	0.02318	0.08633	0.05677	0.08856	0.02360	0.02089	0.00790	0.00674	0.00158	0.00585	0.00652	0.00587	0.56575
1	0.02180	0.54423	0.10870	0.01526	0.02234	0.07332	0.01546	0.02519	0.01751	0.04371	0.03876	0.01603	0.01343	0.00763	0.00591	0.00191	0.00919	0.00514	0.00397	0.01053
2	0.01256	0.00983	0.01347	0.12810	0.02117	0.01013	0.01186	0.03659	0.01828	0.02364	0.07232	0.23476	0.15058	0.01975	0.01000	0.00317	0.00661	0.20265	0.00693	0.00762
3	0.01903	0.16158	0.45228	0.02157	0.03183	0.02204	0.05895	0.09303	0.01945	0.02733	0.01461	0.01691	0.01080	0.00775	0.00740	0.00241	0.01115	0.00604	0.00399	0.01185
4	0.01593	0.03952	0.62451	0.02219	0.03344	0.01803	0.02835	0.02494	0.01756	0.02620	0.06163	0.02030	0.01511	0.00836	0.00784	0.00257	0.01140	0.00663	0.00383	0.01168
5	0.01022	0.00747	0.00961	0.01071	0.01176	0.00686	0.00741	0.01225	0.01755	0.02353	0.18828	0.49271	0.12596	0.02288	0.01009	0.00307	0.00444	0.02051	0.00785	0.00686
6	0.01075	0.00753	0.00966	0.01103	0.01152	0.00724	0.00742	0.01203	0.01486	0.01974	0.03931	0.46369	0.04633	0.21298	0.01888	0.00459	0.00587	0.08353	0.00681	0.00623
7	0.01620	0.01463	0.02520	0.59115	0.05164	0.01748	0.06613	0.02145	0.01668	0.04655	0.01655	0.05133	0.01312	0.00884	0.00832	0.00272	0.01061	0.00810	0.00406	0.00924
8	0.00985	0.00821	0.00864	0.00890	0.01141	0.00700	0.00673	0.01197	0.01828	0.02199	0.07673	0.12680	0.57373	0.02104	0.00976	0.00285	0.00438	0.05734	0.00753	0.00687
9	0.01442	0.01320	0.02186	0.58186	0.04857	0.01613	0.02005	0.01917	0.01611	0.02073	0.01945	0.13575	0.01793	0.01098	0.00848	0.00280	0.00980	0.00984	0.00426	0.00861
10	0.09309	0.05582	0.04645	0.01523	0.02170	0.01626	0.01314	0.14691	0.02460	0.44336	0.02620	0.02373	0.01709	0.00952	0.00772	0.00246	0.00753	0.00740	0.00866	0.01314
11	0.01627	0.04197	0.67279	0.02313	0.03512	0.01884	0.02998	0.02570	0.01713	0.02570	0.01456	0.01713	0.01028	0.00771	0.00771	0.00257	0.01199	0.00600	0.00343	0.01199
12	0.01020	0.00816	0.00862	0.00855	0.01071	0.00712	0.00610	0.01208	0.01778	0.02197	0.13578	0.07163	0.48190	0.14596	0.01534	0.00365	0.00476	0.01589	0.00721	0.00659
