[name]
unknown

[dist]
# distance from previous block
# <min> <max>
0	23

[block]
# block no. 0 follows, 25 sequences, length 8
# corresponding to MSA columns:
# 23-30
name=unknown_A
#
# <colnr> <probs for GDERKNQSTAVLIFYWHMCP>
#	G	D	E	R	K	N	Q	S	T	A	V	L	I	F	Y	W	H	M	C	P
0	0.01780	0.01167	0.03409	0.01233	0.01565	0.01076	0.00989	0.06609	0.09115	0.15687	0.21719	0.16245	0.07533	0.01499	0.00865	0.00260	0.00540	0.03961	0.03819	0.00931
1	0.04295	0.05121	0.08785	0.04556	0.05760	0.01472	0.01321	0.09909	0.04950	0.06694	0.04951	0.12060	0.05034	0.05413	0.01001	0.00261	0.02925	0.00934	0.00576	0.13982
2	0.07316	0.06847	0.05575	0.04834	0.02168	0.09815	0.01277	0.08866	0.05455	0.09509	0.02040	0.05368	0.04277	0.00912	0.00750	0.00208	0.03119	0.00697	0.00554	0.20413
3	0.01305	0.00915	0.01168	0.05857	0.01525	0.00917	0.00874	0.05834	0.01747	0.05131	0.12953	0.25271	0.10188	0.14682	0.03987	0.00402	0.00639	0.05215	0.00671	0.00719
4	0.09249	0.06346	0.04348	0.09782	0.02229	0.01475	0.06369	0.05327	0.01730	0.05004	0.08970	0.16799	0.05201	0.01280	0.00925	0.00257	0.06380	0.01074	0.04553	0.02704
5	0.07093	0.01392	0.01826	0.13399	0.10458	0.01517	0.01361	0.14074	0.01965	0.07764	0.02398	0.12606	0.04572	0.06983	0.01119	0.00295	0.04092	0.00972	0.05167	0.00945
6	0.12881	0.05326	0.01859	0.11461	0.05466	0.01622	0.01282	0.08811	0.06540	0.10896	0.04671	0.06417	0.07526	0.01074	0.00857	0.00246	0.05600	0.00842	0.02772	0.03853
7	0.01485	0.00972	0.01269	0.05948	0.01648	0.00970	0.00956	0.07994	0.01886	0.09143	0.12846	0.37263	0.04323	0.04899	0.01053	0.00306	0.00567	0.04944	0.00732	0.00797

[dist]
# distance from previous block
# <min> <max>
9	18

[block]
# block no. 1 follows, 25 sequences, length 23
# corresponding to MSA columns:
# 49-71
name=unknown_B
#
# <colnr> <probs for GDERKNQSTAVLIFYWHMCP>
#	G	D	E	R	K	N	Q	S	T	A	V	L	I	F	Y	W	H	M	C	P
0	0.05382	0.01302	0.04981	0.01404	0.01749	0.01194	0.07053	0.05530	0.04062	0.06351	0.16944	0.12504	0.03383	0.09500	0.05275	0.00363	0.03266	0.01106	0.03021	0.05629
1	0.08947	0.01377	0.03781	0.01217	0.01583	0.04236	0.04145	0.10587	0.05285	0.04895	0.08898	0.02743	0.02237	0.00946	0.00657	0.00213	0.00592	0.00765	0.36003	0.00895
2	0.15562	0.05391	0.13648	0.01667	0.02201	0.04411	0.09515	0.02288	0.05398	0.02653	0.04311	0.02082	0.01518	0.01032	0.03311	0.00270	0.07541	0.00666	0.11743	0.04792
3	0.06620	0.06098	0.05332	0.01881	0.12758	0.01659	0.01346	0.17413	0.04429	0.10992	0.02045	0.02195	0.01529	0.00852	0.00675	0.00217	0.00698	0.00679	0.21501	0.01081
4	0.06698	0.06102	0.29276	0.01644	0.02417	0.01582	0.01781	0.06144	0.04153	0.12647	0.08106	0.02389	0.04103	0.00893	0.00725	0.00227	0.00828	0.00707	0.00551	0.09027
5	0.25341	0.06119	0.25614	0.06715	0.02805	0.01850	0.08800	0.05613	0.01687	0.06706	0.01420	0.01652	0.01036	0.00744	0.00672	0.00241	0.00928	0.00582	0.00443	0.01032
6	0.00969	0.00767	0.00871	0.00888	0.01090	0.00670	0.00650	0.01198	0.01827	0.02337	0.22707	0.18708	0.40674	0.01949	0.00929	0.00267	0.00396	0.01678	0.00755	0.00670
7	0.07252	0.07464	0.02343	0.01717	0.02302	0.11400	0.01415	0.45961	0.03102	0.07045	0.01724	0.01755	0.01251	0.00883	0.00728	0.00224	0.00901	0.00638	0.00684	0.01211
8	0.01959	0.01452	0.01703	0.01239	0.01911	0.01184	0.01000	0.08569	0.01884	0.10368	0.01621	0.01752	0.01255	0.00655	0.00618	0.00141	0.00612	0.00520	0.00549	0.61007
9	0.17098	0.07075	0.37433	0.02237	0.06884	0.01889	0.12048	0.02412	0.01607	0.02634	0.01342	0.01626	0.00999	0.00713	0.00701	0.00241	0.01029	0.00593	0.00372	0.01065
10	0.04341	0.01572	0.02603	0.34758	0.26783	0.01740	0.05283	0.04671	0.01713	0.02371	0.01599	0.06190	0.01360	0.00843	0.00782	0.00250	0.00951	0.00783	0.00405	0.01004
11	0.01717	0.00984	0.01012	0.00914	0.01174	0.01026	0.00710	0.13273	0.01991	0.03251	0.02409	0.02705	0.01867	0.00908	0.00584	0.00190	0.00450	0.00718	0.63285	0.00830
12	0.01085	0.00822	0.01004	0.01102	0.01228	0.00807	0.00774	0.01482	0.09201	0.02179	0.07083	0.47680	0.12141	0.05696	0.01106	0.00323	0.00485	0.04379	0.00721	0.00703
13	0.01034	0.00790	0.00948	0.00909	0.01119	0.00704	0.00681	0.01340	0.02044	0.02752	0.46524	0.06379	0.28520	0.01718	0.00915	0.00250	0.00375	0.01485	0.00807	0.00704
14	0.01406	0.00747	0.01071	0.01043	0.01080	0.00754	0.00712	0.03931	0.01188	0.01595	0.04692	0.02507	0.01645	0.02559	0.02822	0.70086	0.00666	0.00711	0.00382	0.00401
15	0.78228	0.01499	0.01140	0.01020	0.01499	0.01739	0.00840	0.02279	0.01320	0.03479	0.01080	0.01260	0.00840	0.00720	0.00480	0.00240	0.00600	0.00420	0.00480	0.00840
16	0.01983	0.01438	0.01692	0.01250	0.01897	0.01193	0.01005	0.09544	0.01920	0.11314	0.01754	0.04248	0.01408	0.00731	0.00639	0.00152	0.00613	0.00590	0.00570	0.56060
17	0.78228	0.01499	0.01140	0.01020	0.01499	0.01739	0.00840	0.02279	0.01320	0.03479	0.01080	0.01260	0.00840	0.00720	0.00480	0.00240	0.00600	0.00420	0.00480	0.00840
18	0.00964	0.00688	0.00922	0.01101	0.01155	0.00646	0.00753	0.01113	0.01503	0.02001	0.04263	0.68276	0.05087	0.02411	0.00995	0.00318	0.00466	0.05985	0.00719	0.00635
19	0.02320	0.31011	0.12759	0.01807	0.02473	0.19892	0.05361	0.11463	0.02053	0.02407	0.01294	0.01478	0.01051	0.00746	0.00648	0.00201	0.01053	0.00529	0.00415	0.01041
20	0.01840	0.01371	0.01632	0.01177	0.01855	0.01047	0.00946	0.02179	0.01684	0.10703	0.01587	0.01736	0.01244	0.00622	0.00600	0.00130	0.00585	0.00499	0.00521	0.68043
21	0.02142	0.27254	0.05280	0.16931	0.10754	0.11215	0.01704	0.02492	0.01727	0.08731	0.01414	0.01697	0.01126	0.00770	0.00737	0.00215	0.03811	0.00572	0.00414	0.01014
22	0.02149	0.01243	0.01540	0.03722	0.01823	0.01227	0.01050	0.06009	0.15141	0.24403	0.20076	0.06717	0.06776	0.01237	0.00826	0.00246	0.00571	0.01051	0.00829	0.03362

[dist]
# distance from previous block
# <min> <max>
0	3

[block]
# block no. 2 follows, 25 sequences, length 36
# corresponding to MSA columns:
# 75-110
name=unknown_C
#
# <colnr> <probs for GDERKNQSTAVLIFYWHMCP>
#	G	D	E	R	K	N	Q	S	T	A	V	L	I	F	Y	W	H	M	C	P
0	0.01097	0.00793	0.01036	0.00975	0.01158	0.00732	0.00732	0.01463	0.02195	0.03109	0.67505	0.05792	0.07316	0.01585	0.00914	0.00244	0.00366	0.01402	0.00854	0.00732
1	0.00972	0.00696	0.00924	0.01061	0.01131	0.00648	0.00722	0.01148	0.01611	0.02180	0.15517	0.60429	0.05517	0.02279	0.00976	0.00302	0.00435	0.02062	0.00744	0.00648
2	0.01608	0.01378	0.01608	0.01148	0.01837	0.01034	0.00919	0.01952	0.01608	0.02527	0.01378	0.01608	0.01148	0.00574	0.00574	0.00115	0.00574	0.00459	0.00459	0.77491
3	0.01097	0.00793	0.01036	0.00975	0.01158	0.00732	0.00732	0.01463	0.02195	0.03109	0.67505	0.05792	0.07316	0.01585	0.00914	0.00244	0.00366	0.01402	0.00854	0.00732
4	0.01464	0.01378	0.02326	0.70887	0.05340	0.01723	0.02153	0.01981	0.01550	0.01981	0.01378	0.02067	0.01034	0.00775	0.00775	0.00258	0.01034	0.00689	0.00345	0.00861
5	0.01138	0.00866	0.01264	0.01247	0.01366	0.01017	0.00958	0.01384	0.01232	0.01776	0.02059	0.03169	0.01975	0.11817	0.60306	0.01156	0.05322	0.00851	0.00417	0.00679
6	0.01128	0.00752	0.00846	0.00846	0.00846	0.00752	0.00470	0.01128	0.01128	0.01503	0.02443	0.05074	0.02819	0.72751	0.03946	0.00752	0.00752	0.01128	0.00470	0.00470
7	0.01101	0.00800	0.01076	0.01076	0.01175	0.00872	0.00770	0.01277	0.01242	0.01718	0.02609	0.04055	0.06852	0.28631	0.42180	0.01006	0.01502	0.00990	0.00456	0.00613
8	0.00925	0.00786	0.00798	0.00795	0.01053	0.00658	0.00596	0.01130	0.01788	0.02144	0.10756	0.07381	0.64667	0.01945	0.00916	0.00261	0.00391	0.01625	0.00727	0.00658
9	0.01834	0.02081	0.04515	0.03331	0.06732	0.01956	0.62467	0.02479	0.01827	0.02486	0.01564	0.02084	0.01179	0.00655	0.00909	0.00260	0.01291	0.00906	0.00392	0.01053
10	0.03391	0.01376	0.01824	0.01408	0.02002	0.01235	0.01160	0.06919	0.04826	0.62651	0.03002	0.02610	0.01906	0.00962	0.00780	0.00240	0.00668	0.00779	0.00944	0.01316
11	0.01218	0.00819	0.01075	0.00996	0.01200	0.00752	0.00752	0.01580	0.02196	0.06414	0.64246	0.05632	0.07043	0.01553	0.00908	0.00244	0.00381	0.01371	0.00859	0.00761
12	0.08512	0.30972	0.02895	0.01596	0.02165	0.19997	0.01371	0.19038	0.02259	0.02776	0.01315	0.01447	0.01069	0.00773	0.00621	0.00198	0.00965	0.00511	0.00477	0.01043
13	0.02445	0.02314	0.10995	0.01858	0.02504	0.05132	0.06231	0.39800	0.05382	0.03911	0.04926	0.02146	0.01616	0.03151	0.00876	0.00248	0.00903	0.00733	0.00654	0.04173
14	0.02217	0.07607	0.15488	0.02471	0.14120	0.06535	0.08862	0.10244	0.08932	0.10588	0.01815	0.01974	0.01349	0.00824	0.00823	0.00239	0.03532	0.00691	0.00528	0.01160
15	0.78228	0.01499	0.01140	0.01020	0.01499	0.01739	0.00840	0.02279	0.01320	0.03479	0.01080	0.01260	0.00840	0.00720	0.00480	0.00240	0.00600	0.00420	0.00480	0.00840
16	0.01711	0.08371	0.27168	0.11023	0.10381	0.01966	0.21057	0.02366	0.01676	0.02342	0.01411	0.01824	0.01074	0.00729	0.00844	0.00247	0.03694	0.00692	0.00355	0.01067
17	0.02676	0.03325	0.02122	0.02013	0.05049	0.59267	0.01461	0.02952	0.04058	0.02022	0.04282	0.01880	0.03865	0.00879	0.00722	0.00207	0.01273	0.00600	0.00441	0.00906
18	0.00976	0.00718	0.00860	0.00959	0.01047	0.00662	0.00635	0.01098	0.01478	0.01907	0.04760	0.42293	0.19861	0.17149	0.01596	0.00394	0.00500	0.01839	0.00667	0.00602
19	0.02159	0.01733	0.01848	0.01603	0.02078	0.01972	0.01264	0.14027	0.53608	0.06263	0.02942	0.02715	0.02178	0.01028	0.00786	0.00257	0.00654	0.00844	0.00794	0.01246
20	0.01302	0.00922	0.01158	0.03813	0.01452	0.00937	0.00862	0.04109	0.08270	0.04879	0.15899	0.32804	0.06252	0.05220	0.04515	0.00347	0.00586	0.01543	0.04360	0.00771
21	0.02947	0.02172	0.02327	0.01784	0.02404	0.02404	0.01474	0.65329	0.03646	0.04887	0.01862	0.01862	0.01319	0.00931	0.00776	0.00233	0.00853	0.00698	0.00776	0.01319
22	0.01608	0.01378	0.01608	0.01148	0.01837	0.01034	0.00919	0.01952	0.01608	0.02527	0.01378	0.01608	0.01148	0.00574	0.00574	0.00115	0.00574	0.00459	0.00459	0.77491
23	0.65834	0.09585	0.01503	0.01073	0.01579	0.01859	0.00910	0.02360	0.01394	0.06593	0.01180	0.01328	0.00912	0.00726	0.00497	0.00232	0.00629	0.00438	0.00487	0.00882
24	0.02025	0.01779	0.02978	0.07144	0.50907	0.01791	0.05888	0.02614	0.06553	0.08117	0.01721	0.02068	0.01358	0.00742	0.00779	0.00237	0.00904	0.00725	0.00461	0.01208
25	0.05005	0.64963	0.09046	0.01384	0.02079	0.02916	0.01429	0.02331	0.01570	0.01939	0.01103	0.01275	0.00988	0.00671	0.00516	0.00175	0.00845	0.00427	0.00337	0.01001
26	0.02492	0.01754	0.01941	0.01576	0.02108	0.01895	0.01270	0.28365	0.25309	0.13079	0.06342	0.02553	0.02118	0.00999	0.00779	0.00239	0.00700	0.00802	0.00796	0.04882
27	0.01128	0.00752	0.00846	0.00846	0.00846	0.00752	0.00470	0.01128	0.01128	0.01503	0.02443	0.05074	0.02819	0.72751	0.03946	0.00752	0.00752	0.01128	0.00470	0.00470
28	0.01810	0.01802	0.03284	0.17614	0.42027	0.01843	0.15521	0.02322	0.01736	0.02413	0.01466	0.01985	0.01179	0.00700	0.00800	0.00242	0.01025	0.00738	0.00378	0.01117
29	0.01097	0.00793	0.01036	0.00975	0.01158	0.00732	0.00732	0.01463	0.02195	0.03109	0.67505	0.05792	0.07316	0.01585	0.00914	0.00244	0.00366	0.01402	0.00854	0.00732
30	0.01799	0.01740	0.03025	0.21326	0.48379	0.01819	0.06030	0.02285	0.01715	0.02391	0.01445	0.01967	0.01176	0.00710	0.00778	0.00239	0.00972	0.00704	0.00374	0.01125
31	0.00930	0.00786	0.00804	0.00799	0.01055	0.00660	0.00600	0.01138	0.01799	0.02169	0.12236	0.07339	0.63172	0.01936	0.00916	0.00261	0.00391	0.01619	0.00730	0.00660
32	0.05644	0.01830	0.01988	0.03980	0.02253	0.02042	0.01333	0.32063	0.26427	0.07817	0.04766	0.02412	0.01929	0.00987	0.00773	0.00246	0.00731	0.00782	0.00767	0.01228
33	0.02710	0.01842	0.02068	0.01565	0.02198	0.01868	0.01285	0.40022	0.02922	0.14652	0.01940	0.01927	0.01375	0.00849	0.00728	0.00205	0.00754	0.00654	0.00729	0.19707
34	0.01192	0.00744	0.00994	0.01100	0.01207	0.00685	0.00760	0.01359	0.01605	0.08259	0.08804	0.60875	0.04990	0.02230	0.00965	0.00303	0.00463	0.02013	0.00752	0.00702
35	0.02346	0.27770	0.10879	0.01619	0.02257	0.09351	0.01521	0.20924	0.02304	0.06225	0.03698	0.04659	0.01508	0.00883	0.00677	0.00211	0.00895	0.00650	0.00533	0.01091

[dist]
# distance from previous block
# <min> <max>
0	1

[block]
# block no. 3 follows, 25 sequences, length 12
# corresponding to MSA columns:
# 112-123
name=unknown_D
#
# <colnr> <probs for GDERKNQSTAVLIFYWHMCP>
#	G	D	E	R	K	N	Q	S	T	A	V	L	I	F	Y	W	H	M	C	P
0	0.07613	0.04712	0.09959	0.03508	0.35565	0.04500	0.13436	0.04451	0.01816	0.04977	0.01490	0.01852	0.01175	0.00711	0.00758	0.00235	0.00994	0.00685	0.00418	0.01143
1	0.01599	0.03732	0.59931	0.02463	0.08150	0.01814	0.06685	0.02452	0.01658	0.02463	0.01407	0.01686	0.01012	0.00728	0.00750	0.00245	0.01139	0.00603	0.00336	0.01146
2	0.01457	0.01340	0.01916	0.05377	0.01934	0.01785	0.01415	0.01673	0.01224	0.01832	0.01465	0.02335	0.01417	0.06230	0.25345	0.00663	0.40689	0.00752	0.00372	0.00778
3	0.01064	0.00814	0.00980	0.00957	0.01158	0.00748	0.00710	0.01431	0.04636	0.02705	0.41131	0.13156	0.24132	0.01761	0.00918	0.00257	0.00393	0.01532	0.00799	0.00719
4	0.01464	0.01378	0.02326	0.70887	0.05340	0.01723	0.02153	0.01981	0.01550	0.01981	0.01378	0.02067	0.01034	0.00775	0.00775	0.00258	0.01034	0.00689	0.00345	0.00861
5	0.00970	0.00788	0.00860	0.00842	0.01080	0.00677	0.00631	0.01217	0.01894	0.02396	0.25552	0.06966	0.49714	0.01851	0.00916	0.00256	0.00385	0.01567	0.00760	0.00677
6	0.01706	0.01724	0.02526	0.02121	0.02175	0.02346	0.06065	0.01909	0.01232	0.01909	0.01056	0.01724	0.01029	0.01309	0.02432	0.00334	0.66507	0.00695	0.00343	0.00862
7	0.01159	0.00857	0.01089	0.01020	0.01222	0.00820	0.00768	0.01660	0.06957	0.03119	0.62741	0.05577	0.06950	0.01546	0.00905	0.00245	0.00384	0.01363	0.00849	0.00768
8	0.01737	0.01374	0.01621	0.01164	0.01847	0.01041	0.00934	0.02079	0.01650	0.07094	0.01495	0.01679	0.01202	0.00601	0.00588	0.00124	0.00580	0.00482	0.00494	0.72213
9	0.01842	0.01401	0.02039	0.06607	0.02359	0.01191	0.10079	0.02215	0.01714	0.12219	0.01938	0.08776	0.01648	0.00839	0.00708	0.00184	0.00712	0.00759	0.00541	0.42228
10	0.01728	0.01374	0.01620	0.01163	0.01847	0.01040	0.00933	0.02070	0.01647	0.06771	0.01486	0.01674	0.01198	0.00599	0.00587	0.00123	0.00580	0.00480	0.00492	0.72586
11	0.01072	0.00767	0.00989	0.01160	0.01217	0.00705	0.00773	0.01171	0.01555	0.02086	0.04333	0.71017	0.05161	0.02475	0.01033	0.00335	0.00493	0.02210	0.00754	0.00694

[dist]
# distance from previous block
# <min> <max>
0	1

[block]
# block no. 4 follows, 25 sequences, length 71
# corresponding to MSA columns:
# 125-195
name=unknown_E
#
# <colnr> <probs for GDERKNQSTAVLIFYWHMCP>
#	G	D	E	R	K	N	Q	S	T	A	V	L	I	F	Y	W	H	M	C	P
0	0.01464	0.01378	0.02326	0.70887	0.05340	0.01723	0.02153	0.01981	0.01550	0.01981	0.01378	0.02067	0.01034	0.00775	0.00775	0.00258	0.01034	0.00689	0.00345	0.00861
1	0.61969	0.01927	0.09081	0.01367	0.04524	0.05575	0.01174	0.02350	0.01424	0.03232	0.01138	0.01338	0.00881	0.00725	0.00534	0.00238	0.00721	0.00453	0.00454	0.00895
2	0.02073	0.73217	0.04063	0.01327	0.01990	0.03068	0.01327	0.02322	0.01575	0.01824	0.01078	0.01244	0.00995	0.00663	0.00498	0.00166	0.00829	0.00415	0.00332	0.00995
3	0.75334	0.01493	0.01165	0.01034	0.01518	0.01716	0.00851	0.02337	0.01354	0.05994	0.01156	0.01313	0.00882	0.00729	0.00491	0.00240	0.00602	0.00434	0.00498	0.00858
4	0.02947	0.02172	0.02327	0.01784	0.02404	0.02404	0.01474	0.65329	0.03646	0.04887	0.01862	0.01862	0.01319	0.00931	0.00776	0.00233	0.00853	0.00698	0.00776	0.01319
5	0.01112	0.00745	0.00850	0.00866	0.00870	0.00741	0.00491	0.01123	0.01158	0.01545	0.02601	0.10875	0.03018	0.66677	0.03691	0.00714	0.00726	0.01221	0.00491	0.00484
6	0.00958	0.00685	0.00915	0.01095	0.01146	0.00642	0.00743	0.01103	0.01498	0.01995	0.04266	0.69405	0.05098	0.02416	0.00993	0.00317	0.00462	0.04910	0.00719	0.00634
7	0.01258	0.00867	0.01146	0.01165	0.01358	0.00834	0.00923	0.01667	0.04623	0.05463	0.35900	0.14079	0.05781	0.01801	0.00959	0.00287	0.00502	0.19830	0.00798	0.00759
8	0.01438	0.01343	0.02254	0.67377	0.05128	0.01668	0.02081	0.01936	0.01547	0.01981	0.01524	0.05596	0.01239	0.00858	0.00786	0.00261	0.01004	0.00765	0.00363	0.00850
9	0.01112	0.00814	0.01162	0.01162	0.01271	0.00923	0.00864	0.01330	0.01221	0.01737	0.02154	0.03473	0.02124	0.19921	0.55826	0.01142	0.01798	0.00893	0.00427	0.00645
10	0.01464	0.01378	0.02326	0.70887	0.05340	0.01723	0.02153	0.01981	0.01550	0.01981	0.01378	0.02067	0.01034	0.00775	0.00775	0.00258	0.01034	0.00689	0.00345	0.00861
11	0.00968	0.00691	0.00926	0.01106	0.01161	0.00649	0.00759	0.01119	0.01507	0.02005	0.04261	0.67486	0.05078	0.02408	0.00996	0.00318	0.00470	0.06738	0.00719	0.00636
12	0.01108	0.00831	0.01246	0.01246	0.01385	0.00969	0.00969	0.01385	0.01246	0.01800	0.02077	0.03046	0.01938	0.05815	0.69678	0.01246	0.02077	0.00831	0.00415	0.00692
13	0.46738	0.01866	0.04883	0.01338	0.01866	0.04923	0.01138	0.13630	0.11254	0.03569	0.01539	0.01627	0.01160	0.00809	0.00599	0.00240	0.00709	0.00546	0.00565	0.00998
14	0.02562	0.01980	0.02110	0.01706	0.02257	0.02224	0.01380	0.42148	0.27455	0.04264	0.02352	0.02252	0.01716	0.00977	0.00781	0.00244	0.00762	0.00766	0.00781	0.01284
15	0.02909	0.01415	0.01766	0.01398	0.01930	0.01355	0.01139	0.14157	0.07227	0.42747	0.10540	0.03048	0.04624	0.01067	0.00800	0.00242	0.00647	0.00873	0.00895	0.01222
16	0.01592	0.01199	0.01524	0.01339	0.01647	0.01215	0.03436	0.10792	0.08380	0.05624	0.21933	0.21580	0.04180	0.01507	0.00937	0.00257	0.03534	0.01309	0.00733	0.07282
17	0.05433	0.01981	0.04787	0.03000	0.28039	0.04377	0.06473	0.15222	0.09126	0.08478	0.01817	0.02021	0.01382	0.00828	0.00834	0.00241	0.03499	0.00714	0.00554	0.01195
18	0.74079	0.05407	0.01299	0.01036	0.01526	0.01812	0.00866	0.02282	0.01333	0.03389	0.01080	0.01259	0.00848	0.00717	0.00481	0.00236	0.00612	0.00420	0.00472	0.00848
19	0.00945	0.00675	0.00900	0.01080	0.01125	0.00630	0.00720	0.01080	0.01484	0.01979	0.04274	0.72245	0.05128	0.02429	0.00990	0.00315	0.00450	0.02204	0.00720	0.00630
20	0.01854	0.01776	0.03049	0.07062	0.59664	0.01781	0.04433	0.02318	0.01783	0.02541	0.05057	0.02142	0.01551	0.00742	0.00781	0.00233	0.00908	0.00737	0.00408	0.01181
21	0.01047	0.00791	0.00967	0.00923	0.01128	0.00710	0.00692	0.01366	0.02077	0.02829	0.51000	0.06254	0.23996	0.01690	0.00915	0.00249	0.00373	0.01467	0.00817	0.00710
22	0.01601	0.06437	0.60096	0.02279	0.03372	0.01864	0.08817	0.02453	0.01653	0.02434	0.01397	0.01666	0.01001	0.00726	0.00745	0.00244	0.01150	0.00600	0.00334	0.01131
23	0.01071	0.00787	0.01003	0.00959	0.01145	0.00719	0.00716	0.01408	0.02117	0.02950	0.58276	0.08869	0.13763	0.01663	0.00918	0.00249	0.00372	0.01463	0.00833	0.00719
24	0.01106	0.00823	0.01135	0.01178	0.01277	0.00793	0.03945	0.03864	0.01530	0.02043	0.03714	0.53932	0.04363	0.14653	0.01497	0.00386	0.00563	0.01886	0.00662	0.00652
25	0.01537	0.01461	0.02069	0.01821	0.01859	0.01993	0.01499	0.01735	0.01203	0.01848	0.01305	0.02063	0.01268	0.02567	0.20762	0.00585	0.52538	0.00720	0.00360	0.00806
26	0.07739	0.01888	0.02994	0.21871	0.15274	0.08073	0.20690	0.02294	0.01695	0.02332	0.01486	0.04159	0.01223	0.00801	0.00872	0.00253	0.04220	0.00766	0.00393	0.00975
27	0.07539	0.54327	0.06576	0.01484	0.02121	0.02798	0.03848	0.05738	0.01661	0.02166	0.01150	0.01354	0.01009	0.00724	0.00653	0.00192	0.04817	0.00472	0.00369	0.01002
28	0.02208	0.01468	0.02214	0.08679	0.20192	0.01458	0.04532	0.04789	0.07721	0.21826	0.11744	0.02983	0.04723	0.00987	0.00807	0.00243	0.00746	0.00879	0.00675	0.01124
29	0.02379	0.01410	0.01870	0.01401	0.02003	0.01222	0.03752	0.02705	0.01830	0.29075	0.02036	0.02051	0.01450	0.00796	0.00829	0.00189	0.06294	0.00625	0.00649	0.37434
30	0.01196	0.00814	0.01068	0.00992	0.01192	0.00749	0.00749	0.01559	0.02196	0.05822	0.64830	0.05661	0.07092	0.01559	0.00909	0.00244	0.00378	0.01376	0.00858	0.00756
31	0.07212	0.01369	0.01791	0.01381	0.01975	0.01230	0.01140	0.06611	0.02241	0.62181	0.02903	0.02533	0.01837	0.00946	0.00764	0.00240	0.00666	0.00758	0.00927	0.01295
32	0.05183	0.05007	0.03030	0.14760	0.38869	0.04706	0.09796	0.02322	0.01729	0.02412	0.01514	0.02141	0.01275	0.00759	0.00771	0.00240	0.00981	0.03026	0.00393	0.01086
33	0.02947	0.02172	0.02327	0.01784	0.02404	0.02404	0.01474	0.65329	0.03646	0.04887	0.01862	0.01862	0.01319	0.00931	0.00776	0.00233	0.00853	0.00698	0.00776	0.01319
34	0.01608	0.01378	0.01608	0.01148	0.01837	0.01034	0.00919	0.01952	0.01608	0.02527	0.01378	0.01608	0.01148	0.00574	0.00574	0.00115	0.00574	0.00459	0.00459	0.77491
35	0.01108	0.00831	0.01246	0.01246	0.01385	0.00969	0.00969	0.01385	0.01246	0.01800	0.02077	0.03046	0.01938	0.05815	0.69678	0.01246	0.02077	0.00831	0.00415	0.00692
36	0.01577	0.01321	0.01394	0.01263	0.01632	0.01416	0.00979	0.07321	0.33837	0.02940	0.09481	0.04678	0.26180	0.01411	0.00843	0.00259	0.00533	0.01176	0.00768	0.00991
37	0.00966	0.00731	0.00895	0.00991	0.01123	0.00659	0.00701	0.01156	0.01667	0.02163	0.12970	0.42142	0.24368	0.02175	0.00961	0.00292	0.00432	0.04218	0.00736	0.00653
38	0.01828	0.02023	0.06434	0.09003	0.13013	0.04676	0.29343	0.02557	0.08923	0.02482	0.01648	0.02044	0.01278	0.00746	0.00888	0.00244	0.03991	0.00775	0.00431	0.07671
39	0.78228	0.01499	0.01140	0.01020	0.01499	0.01739	0.00840	0.02279	0.01320	0.03479	0.01080	0.01260	0.00840	0.00720	0.00480	0.00240	0.00600	0.00420	0.00480	0.00840
40	0.01694	0.01353	0.01597	0.01155	0.01820	0.01028	0.00924	0.02037	0.01664	0.06261	0.03921	0.01821	0.01420	0.00633	0.00598	0.00127	0.00571	0.00512	0.00502	0.70359
41	0.01084	0.00792	0.01017	0.00961	0.01150	0.00726	0.00721	0.01437	0.02162	0.03032	0.62966	0.05919	0.11903	0.01614	0.00915	0.00245	0.00368	0.01420	0.00843	0.00726
42	0.01122	0.00852	0.01257	0.01254	0.01378	0.00997	0.00967	0.01379	0.01251	0.01801	0.02154	0.06332	0.02084	0.07670	0.61872	0.01153	0.04458	0.00900	0.00429	0.00688
43	0.01696	0.01696	0.02375	0.02036	0.02036	0.02375	0.01696	0.01866	0.01187	0.01866	0.01018	0.01696	0.01018	0.01357	0.02545	0.00339	0.71332	0.00679	0.00339	0.00848
44	0.01555	0.04011	0.68733	0.02210	0.03356	0.01801	0.02865	0.02455	0.01637	0.02455	0.01391	0.01637	0.00982	0.00737	0.00737	0.00246	0.01146	0.00573	0.00327	0.01146
45	0.01162	0.04907	0.01405	0.01251	0.01419	0.01087	0.00989	0.01437	0.01265	0.01801	0.02021	0.02945	0.01885	0.05525	0.65782	0.01185	0.02007	0.00807	0.00411	0.00709
46	0.01445	0.00723	0.00723	0.00723	0.00903	0.00723	0.00542	0.01807	0.01626	0.02891	0.02529	0.02891	0.01987	0.00903	0.00542	0.00181	0.00361	0.00723	0.77055	0.00723
47	0.01998	0.67664	0.03831	0.01300	0.01926	0.02889	0.01281	0.02256	0.01623	0.01923	0.06171	0.01593	0.01480	0.00734	0.00529	0.00172	0.00794	0.00490	0.00372	0.00975
48	0.01445	0.00723	0.00723	0.00723	0.00903	0.00723	0.00542	0.01807	0.01626	0.02891	0.02529	0.02891	0.01987	0.00903	0.00542	0.00181	0.00361	0.00723	0.77055	0.00723
49	0.01608	0.01378	0.01608	0.01148	0.01837	0.01034	0.00919	0.01952	0.01608	0.02527	0.01378	0.01608	0.01148	0.00574	0.00574	0.00115	0.00574	0.00459	0.00459	0.77491
50	0.01632	0.07622	0.56445	0.02496	0.11789	0.01878	0.02714	0.02438	0.01650	0.02430	0.01383	0.01652	0.01015	0.00726	0.00727	0.00239	0.01098	0.00580	0.00335	0.01148
51	0.02188	0.02029	0.14266	0.04697	0.02410	0.01626	0.01545	0.15373	0.05192	0.14308	0.04377	0.02091	0.01566	0.00867	0.00847	0.00218	0.05573	0.00665	0.00603	0.19558
52	0.04458	0.55943	0.05926	0.01472	0.02081	0.12021	0.01406	0.02410	0.01637	0.01908	0.01103	0.01299	0.00991	0.00717	0.00624	0.00183	0.04054	0.00444	0.00346	0.00976
53	0.09598	0.01328	0.01615	0.01266	0.01810	0.01206	0.01029	0.07667	0.02118	0.36062	0.09797	0.02851	0.05337	0.00986	0.00738	0.00219	0.00610	0.00795	0.00793	0.14177
54	0.02525	0.02069	0.09486	0.04524	0.02448	0.01932	0.01535	0.35902	0.02747	0.12149	0.01956	0.04836	0.01474	0.00951	0.00839	0.00232	0.03965	0.00732	0.00678	0.09020
55	0.02246	0.01308	0.05139	0.01287	0.01732	0.01114	0.01081	0.05655	0.06578	0.30276	0.25771	0.05940	0.06001	0.01250	0.00836	0.00246	0.00574	0.01061	0.00853	0.01055
56	0.01347	0.00673	0.01010	0.01010	0.01010	0.00673	0.00673	0.01010	0.01010	0.01347	0.01347	0.02357	0.01347	0.02694	0.03030	0.77441	0.00673	0.00673	0.00337	0.00337
57	0.01702	0.01962	0.06619	0.08588	0.03773	0.01832	0.48466	0.02290	0.01730	0.02359	0.01699	0.06048	0.01406	0.01019	0.03958	0.00309	0.03906	0.00942	0.00403	0.00988
58	0.05669	0.01996	0.02286	0.09668	0.05398	0.02210	0.01546	0.49770	0.03163	0.07869	0.01825	0.01906	0.01297	0.00897	0.00764	0.00236	0.00856	0.00690	0.00709	0.01245
59	0.01858	0.01163	0.04103	0.01176	0.01549	0.00997	0.00965	0.04973	0.04827	0.21017	0.30628	0.07213	0.13511	0.01412	0.00862	0.00248	0.00518	0.01207	0.00831	0.00943
60	0.01142	0.00816	0.01126	0.01305	0.01437	0.00800	0.01063	0.01421	0.01679	0.02200	0.04164	0.31073	0.04696	0.02243	0.01042	0.00342	0.00621	0.41426	0.00716	0.00684
61	0.01804	0.05941	0.08672	0.10213	0.07316	0.01935	0.37736	0.05018	0.05112	0.02560	0.04708	0.02204	0.01495	0.00751	0.00843	0.00251	0.01120	0.00837	0.00436	0.01046
62	0.01445	0.00723	0.00723	0.00723	0.00903	0.00723	0.00542	0.01807	0.01626	0.02891	0.02529	0.02891	0.01987	0.00903	0.00542	0.00181	0.00361	0.00723	0.77055	0.00723
63	0.01608	0.01378	0.01608	0.01148	0.01837	0.01034	0.00919	0.01952	0.01608	0.02527	0.01378	0.01608	0.01148	0.00574	0.00574	0.00115	0.00574	0.00459	0.00459	0.77491
64	0.02775	0.04358	0.05155	0.01765	0.04961	0.01749	0.04040	0.22404	0.09059	0.28471	0.02480	0.05391	0.01789	0.00981	0.00782	0.00241	0.00771	0.00808	0.00777	0.01244
65	0.08927	0.11141	0.31266	0.02105	0.05507	0.05916	0.10417	0.02423	0.01687	0.04944	0.03826	0.01872	0.01320	0.01012	0.04182	0.00284	0.01085	0.00637	0.00405	0.01044
66	0.01677	0.20316	0.53497	0.02002	0.03034	0.02099	0.02502	0.02424	0.01622	0.02307	0.01318	0.01544	0.00985	0.00719	0.00680	0.00227	0.01071	0.00536	0.00328	0.01110
67	0.01699	0.01406	0.01741	0.01248	0.01937	0.01077	0.03631	0.02054	0.01644	0.05398	0.01459	0.01673	0.01183	0.00594	0.00598	0.00126	0.00609	0.00493	0.00478	0.70952
68	0.01830	0.02092	0.04575	0.03268	0.04052	0.01961	0.65098	0.02484	0.01830	0.02484	0.01569	0.02092	0.01176	0.00654	0.00915	0.00261	0.01307	0.00915	0.00392	0.01046
69	0.00933	0.00786	0.00809	0.00803	0.01058	0.00662	0.00602	0.01145	0.01807	0.02189	0.13404	0.07307	0.61991	0.01928	0.00916	0.00260	0.00390	0.01615	0.00732	0.00662
70	0.01351	0.01525	0.11002	0.01821	0.05736	0.01193	0.11204	0.04329	0.04018	0.02415	0.08578	0.36633	0.03657	0.01640	0.00909	0.00281	0.00721	0.01517	0.00612	0.00857

[dist]
# distance from previous block
# <min> <max>
0	1

[block]
# block no. 5 follows, 25 sequences, length 24
# corresponding to MSA columns:
# 197-220
name=unknown_F
#
# <colnr> <probs for GDERKNQSTAVLIFYWHMCP>
#	G	D	E	R	K	N	Q	S	T	A	V	L	I	F	Y	W	H	M	C	P
0	0.02073	0.73217	0.04063	0.01327	0.01990	0.03068	0.01327	0.02322	0.01575	0.01824	0.01078	0.01244	0.00995	0.00663	0.00498	0.00166	0.00829	0.00415	0.00332	0.00995
1	0.01115	0.00746	0.00849	0.00862	0.00865	0.00743	0.00487	0.01124	0.01152	0.01536	0.02568	0.09647	0.02976	0.67964	0.03745	0.00722	0.00731	0.01201	0.00487	0.00481
2	0.02117	0.01952	0.05029	0.03224	0.35839	0.04027	0.01892	0.19449	0.04968	0.03172	0.04699	0.02438	0.05915	0.00896	0.00783	0.00235	0.00856	0.00781	0.00546	0.01181
3	0.03048	0.01898	0.02149	0.01644	0.02261	0.01991	0.01357	0.45318	0.03160	0.22975	0.02186	0.02074	0.01484	0.00925	0.00769	0.00230	0.00787	0.00712	0.00816	0.04213
4	0.01115	0.00754	0.00842	0.00842	0.00858	0.00746	0.00477	0.01127	0.01166	0.01539	0.02767	0.05217	0.06698	0.68512	0.03765	0.00722	0.00730	0.01158	0.00485	0.00481
5	0.01608	0.01378	0.01608	0.01148	0.01837	0.01034	0.00919	0.01952	0.01608	0.02527	0.01378	0.01608	0.01148	0.00574	0.00574	0.00115	0.00574	0.00459	0.00459	0.77491
6	0.02687	0.01925	0.02093	0.01677	0.02239	0.02124	0.01362	0.39855	0.23011	0.11061	0.02389	0.02263	0.01707	0.00971	0.00780	0.00243	0.00758	0.00762	0.00799	0.01290
7	0.00976	0.00788	0.00868	0.00848	0.01084	0.00680	0.00636	0.01228	0.01908	0.02430	0.27552	0.06910	0.47693	0.01839	0.00916	0.00256	0.00384	0.01559	0.00764	0.00680
8	0.02147	0.61382	0.07168	0.01436	0.02108	0.06261	0.01424	0.06656	0.01750	0.02069	0.01153	0.01314	0.01017	0.00692	0.00539	0.00176	0.00875	0.00446	0.00365	0.01020
9	0.00945	0.00675	0.00900	0.01080	0.01125	0.00630	0.00720	0.01080	0.01484	0.01979	0.04274	0.72245	0.05128	0.02429	0.00990	0.00315	0.00450	0.02204	0.00720	0.00630
10	0.01747	0.02083	0.07778	0.06245	0.03662	0.04828	0.47927	0.02337	0.01810	0.02418	0.04382	0.07502	0.01696	0.00843	0.00893	0.00261	0.01185	0.00982	0.00430	0.00992
11	0.01581	0.01580	0.02756	0.36343	0.04062	0.01897	0.15149	0.02029	0.01504	0.02049	0.01363	0.02028	0.01103	0.01137	0.04572	0.00327	0.18534	0.00741	0.00357	0.00888
12	0.00951	0.00686	0.00901	0.01060	0.01123	0.00636	0.00714	0.01101	0.01535	0.02043	0.07689	0.65707	0.08259	0.02363	0.00982	0.00309	0.00443	0.02136	0.00727	0.00636
13	0.01316	0.01178	0.01919	0.50989	0.04139	0.01411	0.01745	0.01724	0.01532	0.01981	0.02203	0.22071	0.02201	0.01247	0.00836	0.00275	0.00867	0.01121	0.00451	0.00795
14	0.01759	0.02470	0.18425	0.05885	0.06684	0.01911	0.46241	0.02452	0.01774	0.02459	0.01517	0.01984	0.01130	0.00678	0.00864	0.00257	0.01244	0.00821	0.00376	0.01068
15	0.01593	0.06721	0.62213	0.02238	0.03342	0.01862	0.06564	0.02452	0.01646	0.02431	0.01389	0.01648	0.00994	0.00729	0.00738	0.00243	0.01143	0.00587	0.00331	0.01134
16	0.05760	0.00835	0.01043	0.00978	0.01179	0.00793	0.00738	0.01513	0.02142	0.03132	0.63489	0.05518	0.06924	0.01533	0.00888	0.00244	0.00380	0.01343	0.00831	0.00738
17	0.01608	0.01378	0.01608	0.01148	0.01837	0.01034	0.00919	0.01952	0.01608	0.02527	0.01378	0.01608	0.01148	0.00574	0.00574	0.00115	0.00574	0.00459	0.00459	0.77491
18	0.01569	0.01552	0.02835	0.26494	0.11768	0.01658	0.20419	0.02113	0.04248	0.02244	0.01977	0.13538	0.01821	0.01028	0.00906	0.00268	0.03171	0.01010	0.00442	0.00937
19	0.01485	0.01399	0.02363	0.67858	0.08207	0.01728	0.02164	0.01999	0.01560	0.02006	0.01382	0.02060	0.01043	0.00771	0.00775	0.00257	0.01028	0.00689	0.00346	0.00878
20	0.01128	0.00752	0.00846	0.00846	0.00846	0.00752	0.00470	0.01128	0.01128	0.01503	0.02443	0.05074	0.02819	0.72751	0.03946	0.00752	0.00752	0.01128	0.00470	0.00470
21	0.03048	0.01915	0.02156	0.01663	0.02270	0.02035	0.01371	0.45644	0.06076	0.22304	0.02249	0.02122	0.01531	0.00944	0.00777	0.00236	0.00789	0.00729	0.00827	0.01315
22	0.02663	0.02990	0.02561	0.04506	0.05320	0.43479	0.10336	0.08095	0.02196	0.06238	0.01427	0.01659	0.01116	0.00812	0.00805	0.00221	0.03518	0.00610	0.00459	0.00989
23	0.01464	0.01378	0.02326	0.70887	0.05340	0.01723	0.02153	0.01981	0.01550	0.01981	0.01378	0.02067	0.01034	0.00775	0.00775	0.00258	0.01034	0.00689	0.00345	0.00861

[dist]
# distance from previous block
# <min> <max>
0	1

[block]
# block no. 6 follows, 25 sequences, length 59
# corresponding to MSA columns:
# 222-280
name=unknown_G
#
# <colnr> <probs for GDERKNQSTAVLIFYWHMCP>
#	G	D	E	R	K	N	Q	S	T	A	V	L	I	F	Y	W	H	M	C	P
0	0.78228	0.01499	0.01140	0.01020	0.01499	0.01739	0.00840	0.02279	0.01320	0.03479	0.01080	0.01260	0.00840	0.00720	0.00480	0.00240	0.00600	0.00420	0.00480	0.00840
1	0.00950	0.00685	0.00901	0.01063	0.01123	0.00635	0.00715	0.01099	0.01529	0.02036	0.07317	0.66518	0.07817	0.02371	0.00983	0.00309	0.00444	0.02144	0.00726	0.00635
2	0.00952	0.00787	0.00835	0.00823	0.01069	0.00670	0.00617	0.01182	0.01852	0.02295	0.19635	0.07132	0.55695	0.01889	0.00916	0.00258	0.00387	0.01590	0.00746	0.00670
3	0.01696	0.01696	0.02375	0.02036	0.02036	0.02375	0.01696	0.01866	0.01187	0.01866	0.01018	0.01696	0.01018	0.01357	0.02545	0.00339	0.71332	0.00679	0.00339	0.00848
4	0.01108	0.00831	0.01246	0.01246	0.01385	0.00969	0.00969	0.01385	0.01246	0.01800	0.02077	0.03046	0.01938	0.05815	0.69678	0.01246	0.02077	0.00831	0.00415	0.00692
5	0.02618	0.01535	0.01795	0.01491	0.02001	0.01601	0.01193	0.09648	0.31672	0.29866	0.05796	0.02819	0.02302	0.01026	0.00789	0.00250	0.00644	0.00843	0.00860	0.01252
6	0.00964	0.00782	0.00856	0.00848	0.01080	0.00673	0.00632	0.01202	0.01864	0.02351	0.23101	0.10094	0.49066	0.01888	0.00919	0.00260	0.00388	0.01603	0.00755	0.00673
7	0.00973	0.00789	0.00868	0.00912	0.01114	0.00702	0.00659	0.01238	0.04335	0.02145	0.08805	0.26394	0.44224	0.02050	0.00933	0.00277	0.00418	0.01765	0.00728	0.00673
8	0.02654	0.24301	0.02758	0.01788	0.02276	0.46762	0.01446	0.05715	0.02079	0.02013	0.01193	0.01374	0.01012	0.00765	0.00643	0.00191	0.01204	0.00483	0.00397	0.00947
9	0.02896	0.03695	0.02197	0.01998	0.02397	0.69638	0.01498	0.03096	0.02197	0.01898	0.01199	0.01398	0.00999	0.00799	0.00699	0.00200	0.01398	0.00499	0.00400	0.00899
10	0.01794	0.01953	0.04008	0.11719	0.13559	0.01929	0.45812	0.02384	0.01763	0.02407	0.01509	0.02049	0.01161	0.00700	0.00936	0.00259	0.03787	0.00846	0.00383	0.01043
11	0.01018	0.00738	0.00962	0.01015	0.01138	0.00681	0.00720	0.01270	0.01846	0.02540	0.35512	0.36679	0.09005	0.01993	0.00949	0.00278	0.00406	0.01785	0.00786	0.00681
12	0.01266	0.01060	0.01534	0.01443	0.01539	0.01338	0.01145	0.01504	0.01226	0.01806	0.01807	0.02761	0.01725	0.07153	0.49182	0.00984	0.20604	0.00801	0.00397	0.00726
13	0.01464	0.01378	0.02326	0.70887	0.05340	0.01723	0.02153	0.01981	0.01550	0.01981	0.01378	0.02067	0.01034	0.00775	0.00775	0.00258	0.01034	0.00689	0.00345	0.00861
14	0.01494	0.01412	0.02366	0.65254	0.08172	0.01752	0.02147	0.01996	0.01547	0.02003	0.01369	0.02047	0.01042	0.00792	0.00839	0.00260	0.03595	0.00689	0.00346	0.00878
15	0.02336	0.01744	0.01882	0.01587	0.02082	0.01950	0.01264	0.21449	0.40539	0.09386	0.02755	0.02577	0.02015	0.01004	0.00775	0.00249	0.00676	0.00811	0.03677	0.01242
16	0.01038	0.00824	0.01286	0.01310	0.01432	0.00770	0.07487	0.01227	0.01521	0.02032	0.03989	0.64870	0.04713	0.02243	0.00982	0.00309	0.00540	0.02069	0.00685	0.00674
17	0.78228	0.01499	0.01140	0.01020	0.01499	0.01739	0.00840	0.02279	0.01320	0.03479	0.01080	0.01260	0.00840	0.00720	0.00480	0.00240	0.00600	0.00420	0.00480	0.00840
18	0.01795	0.01731	0.02997	0.22172	0.48351	0.01816	0.05286	0.02279	0.01712	0.02385	0.01442	0.01966	0.01174	0.00711	0.00777	0.00239	0.00969	0.00701	0.00374	0.01123
19	0.01108	0.00831	0.01246	0.01246	0.01385	0.00969	0.00969	0.01385	0.01246	0.01800	0.02077	0.03046	0.01938	0.05815	0.69678	0.01246	0.02077	0.00831	0.00415	0.00692
20	0.01929	0.01666	0.01753	0.01578	0.02016	0.01929	0.01227	0.04120	0.66513	0.03243	0.03156	0.02893	0.02367	0.01052	0.00789	0.00263	0.00614	0.00877	0.00789	0.01227
21	0.02073	0.73217	0.04063	0.01327	0.01990	0.03068	0.01327	0.02322	0.01575	0.01824	0.01078	0.01244	0.00995	0.00663	0.00498	0.00166	0.00829	0.00415	0.00332	0.00995
22	0.01128	0.00752	0.00846	0.00846	0.00846	0.00752	0.00470	0.01128	0.01128	0.01503	0.02443	0.05074	0.02819	0.72751	0.03946	0.00752	0.00752	0.01128	0.00470	0.00470
23	0.01919	0.01842	0.03147	0.04759	0.67914	0.01842	0.02380	0.02380	0.01765	0.02533	0.01458	0.01919	0.01228	0.00691	0.00768	0.00230	0.00921	0.00691	0.00384	0.01228
24	0.01249	0.00892	0.01249	0.01428	0.01606	0.00892	0.01249	0.01606	0.01785	0.02320	0.04105	0.08746	0.04462	0.02142	0.01071	0.00357	0.00714	0.62695	0.00714	0.00714
25	0.01128	0.00752	0.00846	0.00846	0.00846	0.00752	0.00470	0.01128	0.01128	0.01503	0.02443	0.05074	0.02819	0.72751	0.03946	0.00752	0.00752	0.01128	0.00470	0.00470
26	0.02947	0.02172	0.02327	0.01784	0.02404	0.02404	0.01474	0.65329	0.03646	0.04887	0.01862	0.01862	0.01319	0.00931	0.00776	0.00233	0.00853	0.00698	0.00776	0.01319
27	0.02073	0.73217	0.04063	0.01327	0.01990	0.03068	0.01327	0.02322	0.01575	0.01824	0.01078	0.01244	0.00995	0.00663	0.00498	0.00166	0.00829	0.00415	0.00332	0.00995
28	0.01555	0.04011	0.68733	0.02210	0.03356	0.01801	0.02865	0.02455	0.01637	0.02455	0.01391	0.01637	0.00982	0.00737	0.00737	0.00246	0.01146	0.00573	0.00327	0.01146
29	0.01183	0.00871	0.01157	0.01300	0.01495	0.00845	0.01118	0.01508	0.01781	0.02275	0.04851	0.08491	0.17022	0.02106	0.01040	0.00338	0.00650	0.50549	0.00715	0.00702
30	0.00953	0.00678	0.00897	0.01069	0.01111	0.00636	0.00708	0.01082	0.01468	0.01957	0.04187	0.69076	0.05019	0.05747	0.01129	0.00335	0.00464	0.02153	0.00708	0.00622
31	0.00998	0.00760	0.01121	0.01212	0.01301	0.00710	0.04600	0.01164	0.01505	0.02010	0.04110	0.68016	0.04890	0.02322	0.00985	0.00312	0.00502	0.02127	0.00700	0.00655
32	0.02947	0.02172	0.02327	0.01784	0.02404	0.02404	0.01474	0.65329	0.03646	0.04887	0.01862	0.01862	0.01319	0.00931	0.00776	0.00233	0.00853	0.00698	0.00776	0.01319
33	0.00945	0.00675	0.00900	0.01080	0.01125	0.00630	0.00720	0.01080	0.01484	0.01979	0.04274	0.72245	0.05128	0.02429	0.00990	0.00315	0.00450	0.02204	0.00720	0.00630
34	0.02282	0.01514	0.01738	0.01526	0.01980	0.01632	0.01229	0.08484	0.37137	0.18767	0.03165	0.03578	0.02474	0.01174	0.00826	0.00268	0.00658	0.09567	0.00818	0.01184
35	0.01464	0.01378	0.02326	0.70887	0.05340	0.01723	0.02153	0.01981	0.01550	0.01981	0.01378	0.02067	0.01034	0.00775	0.00775	0.00258	0.01034	0.00689	0.00345	0.00861
36	0.01919	0.01842	0.03147	0.04759	0.67914	0.01842	0.02380	0.02380	0.01765	0.02533	0.01458	0.01919	0.01228	0.00691	0.00768	0.00230	0.00921	0.00691	0.00384	0.01228
37	0.01097	0.00793	0.01036	0.00975	0.01158	0.00732	0.00732	0.01463	0.02195	0.03109	0.67505	0.05792	0.07316	0.01585	0.00914	0.00244	0.00366	0.01402	0.00854	0.00732
38	0.01613	0.01505	0.02540	0.41357	0.23140	0.01672	0.04408	0.02066	0.01600	0.02162	0.01407	0.02012	0.01118	0.00830	0.00879	0.04110	0.00965	0.00683	0.00364	0.05568
39	0.01010	0.00725	0.00958	0.01035	0.01139	0.00674	0.00725	0.01244	0.01790	0.02465	0.31438	0.43696	0.06068	0.02067	0.00957	0.00284	0.00414	0.01860	0.00777	0.00674
40	0.01608	0.01378	0.01608	0.01148	0.01837	0.01034	0.00919	0.01952	0.01608	0.02527	0.01378	0.01608	0.01148	0.00574	0.00574	0.00115	0.00574	0.00459	0.00459	0.77491
41	0.02073	0.73217	0.04063	0.01327	0.01990	0.03068	0.01327	0.02322	0.01575	0.01824	0.01078	0.01244	0.00995	0.00663	0.00498	0.00166	0.00829	0.00415	0.00332	0.00995
42	0.01097	0.00793	0.01036	0.00975	0.01158	0.00732	0.00732	0.01463	0.02195	0.03109	0.67505	0.05792	0.07316	0.01585	0.00914	0.00244	0.00366	0.01402	0.00854	0.00732
43	0.01555	0.04011	0.68733	0.02210	0.03356	0.01801	0.02865	0.02455	0.01637	0.02455	0.01391	0.01637	0.00982	0.00737	0.00737	0.00246	0.01146	0.00573	0.00327	0.01146
44	0.01118	0.00748	0.00848	0.00857	0.00860	0.00746	0.00482	0.01125	0.01145	0.01527	0.02535	0.08440	0.02935	0.69226	0.03798	0.00730	0.00737	0.01182	0.00482	0.00478
45	0.01114	0.00806	0.01123	0.01123	0.01219	0.00902	0.00815	0.01305	0.01210	0.01709	0.02190	0.03671	0.02210	0.26435	0.49429	0.01094	0.01669	0.00922	0.00432	0.00624
46	0.00953	0.00793	0.00836	0.00841	0.01091	0.00676	0.00642	0.01174	0.01807	0.02199	0.12961	0.07390	0.58405	0.01941	0.00926	0.00266	0.00410	0.05296	0.00732	0.00665
47	0.02896	0.03695	0.02197	0.01998	0.02397	0.69638	0.01498	0.03096	0.02197	0.01898	0.01199	0.01398	0.00999	0.00799	0.00699	0.00200	0.01398	0.00499	0.00400	0.00899
48	0.01097	0.00793	0.01036	0.00975	0.01158	0.00732	0.00732	0.01463	0.02195	0.03109	0.67505	0.05792	0.07316	0.01585	0.00914	0.00244	0.00366	0.01402	0.00854	0.00732
49	0.78228	0.01499	0.01140	0.01020	0.01499	0.01739	0.00840	0.02279	0.01320	0.03479	0.01080	0.01260	0.00840	0.00720	0.00480	0.00240	0.00600	0.00420	0.00480	0.00840
50	0.02073	0.73217	0.04063	0.01327	0.01990	0.03068	0.01327	0.02322	0.01575	0.01824	0.01078	0.01244	0.00995	0.00663	0.00498	0.00166	0.00829	0.00415	0.00332	0.00995
51	0.01347	0.00673	0.01010	0.01010	0.01010	0.00673	0.00673	0.01010	0.01010	0.01347	0.01347	0.02357	0.01347	0.02694	0.03030	0.77441	0.00673	0.00673	0.00337	0.00337
52	0.01608	0.01378	0.01608	0.01148	0.01837	0.01034	0.00919	0.01952	0.01608	0.02527	0.01378	0.01608	0.01148	0.00574	0.00574	0.00115	0.00574	0.00459	0.00459	0.77491
53	0.01028	0.00741	0.00992	0.01162	0.01255	0.00704	0.00861	0.01228	0.01583	0.02080	0.04406	0.51262	0.08073	0.02326	0.01009	0.00324	0.00521	0.19072	0.00718	0.00655
54	0.01555	0.04011	0.68733	0.02210	0.03356	0.01801	0.02865	0.02455	0.01637	0.02455	0.01391	0.01637	0.00982	0.00737	0.00737	0.00246	0.01146	0.00573	0.00327	0.01146
55	0.02106	0.01903	0.01892	0.01811	0.06032	0.09925	0.01325	0.03880	0.52363	0.05695	0.02817	0.02646	0.02118	0.00996	0.00777	0.00253	0.00727	0.00817	0.00725	0.01192
56	0.01581	0.01537	0.02413	0.60236	0.12295	0.04850	0.02149	0.02077	0.01604	0.02040	0.01379	0.02020	0.01054	0.00767	0.00771	0.00253	0.01038	0.00681	0.00352	0.00905
57	0.01978	0.01774	0.02442	0.13207	0.30831	0.05829	0.01841	0.05492	0.13452	0.05929	0.02123	0.02359	0.04467	0.00852	0.00768	0.00236	0.00857	0.00751	0.00516	0.04296
58	0.05253	0.04301	0.11813	0.01605	0.05057	0.01427	0.01397	0.07073	0.07202	0.28217	0.15474	0.02956	0.02754	0.01025	0.00779	0.00240	0.00698	0.00845	0.00751	0.01134

[dist]
# distance from previous block
# <min> <max>
0	4

[block]
# block no. 7 follows, 25 sequences, length 234
# corresponding to MSA columns:
# 285-518
name=unknown_H
#
# <colnr> <probs for GDERKNQSTAVLIFYWHMCP>
#	G	D	E	R	K	N	Q	S	T	A	V	L	I	F	Y	W	H	M	C	P
