[name]
unknown

[dist]
# distance from previous block
# <min> <max>
0	30

[block]
# block no. 0 follows, 24 sequences, length 60
# corresponding to MSA columns:
# 39-98
name=unknown_A
#
# <colnr> <probs for GDERKNQSTAVLIFYWHMCP>
#	G	D	E	R	K	N	Q	S	T	A	V	L	I	F	Y	W	H	M	C	P
0	0.01278	0.00913	0.01278	0.01460	0.01643	0.00913	0.01278	0.01643	0.01825	0.02373	0.04199	0.08945	0.04564	0.02191	0.01095	0.00365	0.00730	0.61847	0.00730	0.00730
1	0.01590	0.04102	0.68023	0.02260	0.03432	0.01842	0.02930	0.02511	0.01674	0.02511	0.01423	0.01674	0.01005	0.00753	0.00753	0.00251	0.01172	0.00586	0.00335	0.01172
2	0.01153	0.00769	0.00865	0.00865	0.00865	0.00769	0.00480	0.01153	0.01153	0.01538	0.02499	0.05189	0.02883	0.72131	0.04036	0.00769	0.00769	0.01153	0.00480	0.00480
3	0.01644	0.01409	0.01644	0.01175	0.01879	0.01057	0.00940	0.01997	0.01644	0.02584	0.01409	0.01644	0.01175	0.00587	0.00587	0.00117	0.00587	0.00470	0.00470	0.76979
4	0.19169	0.02134	0.08179	0.02744	0.03500	0.01943	0.45654	0.02490	0.01739	0.02770	0.01478	0.01913	0.01111	0.00690	0.00822	0.00261	0.01161	0.00796	0.00417	0.01028
5	0.01735	0.01735	0.02429	0.02082	0.02082	0.02429	0.01735	0.01908	0.01214	0.01908	0.01041	0.01735	0.01041	0.01388	0.02602	0.00347	0.70680	0.00694	0.00347	0.00867
6	0.02986	0.02154	0.02329	0.01783	0.02419	0.02352	0.01471	0.59617	0.03588	0.07562	0.01937	0.01928	0.01368	0.00939	0.00786	0.00234	0.00853	0.00708	0.00789	0.04197
7	0.01822	0.02060	0.04474	0.03220	0.03981	0.01931	0.60836	0.02462	0.01852	0.02512	0.01755	0.05930	0.01424	0.00768	0.00940	0.00270	0.01289	0.01008	0.00419	0.01046
8	0.01863	0.02112	0.04530	0.03259	0.04008	0.02033	0.60153	0.02498	0.01828	0.02498	0.01567	0.02112	0.01192	0.00716	0.01046	0.00273	0.05939	0.00920	0.00397	0.01056
9	0.00966	0.00690	0.00920	0.01104	0.01150	0.00644	0.00736	0.01104	0.01518	0.02024	0.04371	0.71614	0.05245	0.02484	0.01012	0.00322	0.00460	0.02254	0.00736	0.00644
10	0.00966	0.00690	0.00920	0.01104	0.01150	0.00644	0.00736	0.01104	0.01518	0.02024	0.04371	0.71614	0.05245	0.02484	0.01012	0.00322	0.00460	0.02254	0.00736	0.00644
11	0.03225	0.01884	0.02171	0.01664	0.02291	0.01958	0.01375	0.41059	0.03164	0.29277	0.02378	0.02212	0.01586	0.00963	0.00795	0.00241	0.00796	0.00746	0.00866	0.01349
12	0.07393	0.01771	0.02006	0.01561	0.02165	0.04866	0.01282	0.24340	0.02713	0.39807	0.02512	0.02292	0.01649	0.00950	0.00775	0.00241	0.00775	0.00735	0.00864	0.01302
13	0.00966	0.00690	0.00920	0.01104	0.01150	0.00644	0.00736	0.01104	0.01518	0.02024	0.04371	0.71614	0.05245	0.02484	0.01012	0.00322	0.00460	0.02254	0.00736	0.00644
14	0.01498	0.01409	0.02378	0.70226	0.05462	0.01762	0.02202	0.02026	0.01586	0.02026	0.01409	0.02114	0.01057	0.00793	0.00793	0.00264	0.01057	0.00705	0.00352	0.00881
15	0.02990	0.02071	0.02252	0.01735	0.02346	0.02259	0.01430	0.56012	0.03496	0.10598	0.02048	0.02027	0.01437	0.00953	0.00782	0.00236	0.00830	0.00723	0.04456	0.01319
16	0.01872	0.02139	0.04679	0.03342	0.04144	0.02005	0.64305	0.02540	0.01872	0.02540	0.01604	0.02139	0.01203	0.00668	0.00936	0.00267	0.01337	0.00936	0.00401	0.01070
17	0.01523	0.01459	0.02535	0.65683	0.05372	0.01778	0.06420	0.02061	0.01605	0.02061	0.01423	0.02116	0.01067	0.00784	0.00803	0.00264	0.01076	0.00720	0.00356	0.00894
18	0.01557	0.01627	0.03323	0.07170	0.03278	0.01554	0.39803	0.02047	0.01739	0.02341	0.02474	0.24306	0.02483	0.01256	0.00950	0.00285	0.01038	0.01341	0.00505	0.00921
19	0.01654	0.01707	0.03271	0.41112	0.04792	0.01888	0.26214	0.02219	0.01679	0.02219	0.01467	0.02106	0.01113	0.00773	0.00934	0.00269	0.04465	0.00794	0.00371	0.00953
20	0.73573	0.01527	0.01232	0.04818	0.01748	0.01778	0.00932	0.02314	0.01362	0.03474	0.01121	0.01333	0.00870	0.00739	0.00507	0.00246	0.00638	0.00444	0.00483	0.00860
21	0.01144	0.00765	0.00868	0.00876	0.00878	0.00763	0.00493	0.01151	0.01170	0.01561	0.02587	0.08337	0.02995	0.68831	0.03893	0.00748	0.00754	0.01205	0.00493	0.00488
22	0.00966	0.00690	0.00920	0.01104	0.01150	0.00644	0.00736	0.01104	0.01518	0.02024	0.04371	0.71614	0.05245	0.02484	0.01012	0.00322	0.00460	0.02254	0.00736	0.00644
23	0.01478	0.00739	0.00739	0.00739	0.00924	0.00739	0.00554	0.01848	0.01663	0.02956	0.02587	0.02956	0.02033	0.00924	0.00554	0.00185	0.00370	0.00739	0.76534	0.00739
24	0.02120	0.72609	0.04155	0.01357	0.02035	0.03138	0.01357	0.02374	0.01611	0.01866	0.01102	0.01272	0.01018	0.00678	0.00509	0.00170	0.00848	0.00424	0.00339	0.01018
25	0.01478	0.00739	0.00739	0.00739	0.00924	0.00739	0.00554	0.01848	0.01663	0.02956	0.02587	0.02956	0.02033	0.00924	0.00554	0.00185	0.00370	0.00739	0.76534	0.00739
26	0.01799	0.01553	0.01627	0.01478	0.01896	0.01754	0.01146	0.03698	0.55031	0.03120	0.04033	0.03742	0.13226	0.01232	0.00829	0.00269	0.00590	0.01027	0.00795	0.01157
27	0.01122	0.00811	0.01060	0.00998	0.01185	0.00748	0.00748	0.01496	0.02245	0.03180	0.66766	0.05923	0.07482	0.01621	0.00935	0.00249	0.00374	0.01434	0.00873	0.00748
28	0.01555	0.01444	0.02525	0.04924	0.07432	0.03721	0.22716	0.01925	0.01722	0.05059	0.02923	0.34358	0.03103	0.01538	0.00940	0.00287	0.00864	0.01500	0.00579	0.00885
29	0.01122	0.00811	0.01060	0.00998	0.01185	0.00748	0.00748	0.01496	0.02245	0.03180	0.66766	0.05923	0.07482	0.01621	0.00935	0.00249	0.00374	0.01434	0.00873	0.00748
30	0.77733	0.01534	0.01166	0.01043	0.01534	0.01779	0.00859	0.02331	0.01350	0.03558	0.01104	0.01288	0.00859	0.00736	0.00491	0.00245	0.00613	0.00429	0.00491	0.00859
31	0.02721	0.02072	0.02181	0.01668	0.02307	0.05281	0.01363	0.44591	0.03115	0.07006	0.01811	0.01856	0.01319	0.00863	0.00742	0.00209	0.00825	0.00652	0.00709	0.18709
32	0.02720	0.02021	0.02174	0.01740	0.02316	0.02248	0.01413	0.43110	0.22722	0.07469	0.02369	0.02266	0.01707	0.00991	0.00798	0.00248	0.00788	0.00774	0.00806	0.01320
33	0.01585	0.01418	0.02254	0.56977	0.04738	0.01760	0.02009	0.05013	0.01670	0.02234	0.01501	0.02145	0.01146	0.00850	0.00894	0.00262	0.05615	0.00707	0.06331	0.00891
34	0.01153	0.00769	0.00865	0.00865	0.00865	0.00769	0.00480	0.01153	0.01153	0.01538	0.02499	0.05189	0.02883	0.72131	0.04036	0.00769	0.00769	0.01153	0.00480	0.00480
35	0.04659	0.00881	0.01290	0.05835	0.01659	0.00869	0.05157	0.01339	0.01574	0.02187	0.06837	0.55834	0.04595	0.02125	0.00964	0.00307	0.00562	0.01937	0.00683	0.00704
36	0.03558	0.01350	0.01840	0.01411	0.02024	0.01166	0.01166	0.03865	0.02270	0.67734	0.03128	0.02699	0.01963	0.00981	0.00797	0.00245	0.00675	0.00797	0.00981	0.01350
37	0.01735	0.01735	0.02429	0.02082	0.02082	0.02429	0.01735	0.01908	0.01214	0.01908	0.01041	0.01735	0.01041	0.01388	0.02602	0.00347	0.70680	0.00694	0.00347	0.00867
38	0.01517	0.01430	0.02414	0.67422	0.08109	0.01767	0.02212	0.02044	0.01595	0.02050	0.01413	0.02108	0.01066	0.00789	0.00792	0.00263	0.01052	0.00705	0.00354	0.00897
39	0.03371	0.01401	0.01802	0.01406	0.01983	0.03599	0.01150	0.03678	0.02267	0.60960	0.07381	0.02872	0.02304	0.01019	0.00804	0.00244	0.00682	0.00830	0.00953	0.01293
40	0.01122	0.00811	0.01060	0.00998	0.01185	0.00748	0.00748	0.01496	0.02245	0.03180	0.66766	0.05923	0.07482	0.01621	0.00935	0.00249	0.00374	0.01434	0.00873	0.00748
41	0.00966	0.00690	0.00920	0.01104	0.01150	0.00644	0.00736	0.01104	0.01518	0.02024	0.04371	0.71614	0.05245	0.02484	0.01012	0.00322	0.00460	0.02254	0.00736	0.00644
42	0.03558	0.01350	0.01840	0.01411	0.02024	0.01166	0.01166	0.03865	0.02270	0.67734	0.03128	0.02699	0.01963	0.00981	0.00797	0.00245	0.00675	0.00797	0.00981	0.01350
43	0.02945	0.02187	0.02341	0.01811	0.02433	0.02427	0.01490	0.60537	0.07844	0.04886	0.01992	0.01974	0.01420	0.00960	0.00794	0.00240	0.00856	0.00726	0.00794	0.01342
44	0.01441	0.00742	0.00753	0.00753	0.00917	0.00742	0.00546	0.01769	0.01605	0.02796	0.02577	0.03209	0.02129	0.08978	0.00948	0.00251	0.00415	0.00786	0.67931	0.00710
45	0.03014	0.02221	0.02380	0.01825	0.02459	0.02459	0.01507	0.64541	0.03728	0.04998	0.01904	0.01904	0.01349	0.00952	0.00793	0.00238	0.00873	0.00714	0.00793	0.01349
46	0.01644	0.01409	0.01644	0.01175	0.01879	0.01057	0.00940	0.01997	0.01644	0.02584	0.01409	0.01644	0.01175	0.00587	0.00587	0.00117	0.00587	0.00470	0.00470	0.76979
47	0.01153	0.00769	0.00865	0.00865	0.00865	0.00769	0.00480	0.01153	0.01153	0.01538	0.02499	0.05189	0.02883	0.72131	0.04036	0.00769	0.00769	0.01153	0.00480	0.00480
48	0.01153	0.00769	0.00865	0.00865	0.00865	0.00769	0.00480	0.01153	0.01153	0.01538	0.02499	0.05189	0.02883	0.72131	0.04036	0.00769	0.00769	0.01153	0.00480	0.00480
49	0.01735	0.01735	0.02429	0.02082	0.02082	0.02429	0.01735	0.01908	0.01214	0.01908	0.01041	0.01735	0.01041	0.01388	0.02602	0.00347	0.70680	0.00694	0.00347	0.00867
50	0.01278	0.00913	0.01278	0.01460	0.01643	0.00913	0.01278	0.01643	0.01825	0.02373	0.04199	0.08945	0.04564	0.02191	0.01095	0.00365	0.00730	0.61847	0.00730	0.00730
51	0.01153	0.00769	0.00865	0.00865	0.00865	0.00769	0.00480	0.01153	0.01153	0.01538	0.02499	0.05189	0.02883	0.72131	0.04036	0.00769	0.00769	0.01153	0.00480	0.00480
52	0.01133	0.00850	0.01274	0.01274	0.01416	0.00991	0.00991	0.01416	0.01274	0.01841	0.02124	0.03115	0.01982	0.05947	0.68989	0.01274	0.02124	0.00850	0.00425	0.00708
53	0.03014	0.02221	0.02380	0.01825	0.02459	0.02459	0.01507	0.64541	0.03728	0.04998	0.01904	0.01904	0.01349	0.00952	0.00793	0.00238	0.00873	0.00714	0.00793	0.01349
54	0.01975	0.53845	0.21648	0.01604	0.02418	0.02783	0.01788	0.02412	0.01629	0.02043	0.01190	0.01382	0.01014	0.00699	0.00576	0.00192	0.00937	0.00468	0.00338	0.01060
55	0.02417	0.02038	0.02788	0.02119	0.02679	0.02228	0.14302	0.34489	0.02692	0.03702	0.01638	0.01896	0.01246	0.00939	0.01134	0.00252	0.13720	0.00732	0.00601	0.08388
56	0.01751	0.01470	0.01789	0.01330	0.01975	0.01219	0.03548	0.09017	0.01879	0.02808	0.01724	0.07625	0.01540	0.00793	0.00661	0.00154	0.00639	0.00668	0.00526	0.58885
57	0.40007	0.01222	0.01205	0.03676	0.01596	0.01327	0.00911	0.02049	0.01634	0.07641	0.13840	0.13781	0.03015	0.01262	0.00715	0.00265	0.00572	0.03809	0.00640	0.00834
58	0.49039	0.01574	0.01433	0.01215	0.01701	0.01760	0.00992	0.15226	0.02000	0.06524	0.09938	0.02082	0.01873	0.00907	0.00625	0.00244	0.00639	0.00635	0.00624	0.00967
59	0.02791	0.02740	0.02246	0.02121	0.08215	0.33186	0.01523	0.18040	0.06852	0.08888	0.01852	0.04651	0.01474	0.00940	0.00766	0.00228	0.01087	0.00701	0.00593	0.01105

[dist]
# distance from previous block
# <min> <max>
0	12

[block]
# block no. 1 follows, 24 sequences, length 63
# corresponding to MSA columns:
# 111-173
name=unknown_B
#
# <colnr> <probs for GDERKNQSTAVLIFYWHMCP>
#	G	D	E	R	K	N	Q	S	T	A	V	L	I	F	Y	W	H	M	C	P
0	0.02518	0.02240	0.06259	0.20282	0.03272	0.11611	0.01744	0.27312	0.05195	0.09120	0.01807	0.01992	0.01300	0.00885	0.00780	0.00243	0.00993	0.00689	0.00609	0.01147
1	0.06138	0.17147	0.09215	0.01720	0.02400	0.02479	0.01572	0.38697	0.06718	0.03921	0.01730	0.01783	0.01286	0.00872	0.00716	0.00227	0.00870	0.00638	0.00639	0.01233
2	0.02348	0.01765	0.01870	0.01544	0.02034	0.01956	0.01239	0.33111	0.22555	0.04014	0.02782	0.02727	0.05741	0.01050	0.00772	0.00242	0.00697	0.00832	0.11528	0.01192
3	0.01122	0.00811	0.01060	0.00998	0.01185	0.00748	0.00748	0.01496	0.02245	0.03180	0.66766	0.05923	0.07482	0.01621	0.00935	0.00249	0.00374	0.01434	0.00873	0.00748
4	0.02007	0.01779	0.01766	0.01594	0.02026	0.05959	0.01235	0.04027	0.58579	0.03215	0.03073	0.02866	0.02316	0.01052	0.00788	0.00261	0.00663	0.00865	0.04719	0.01208
5	0.00955	0.00732	0.00877	0.00993	0.01121	0.00653	0.00687	0.01117	0.01625	0.02068	0.05728	0.47900	0.28082	0.02308	0.00984	0.00302	0.00438	0.02039	0.00736	0.00653
6	0.02432	0.47099	0.03448	0.01611	0.02190	0.27529	0.01422	0.02668	0.01847	0.01893	0.01148	0.01331	0.01019	0.00730	0.00585	0.00182	0.01064	0.00456	0.00365	0.00981
7	0.34492	0.02151	0.01763	0.01483	0.01992	0.14559	0.01192	0.23719	0.02346	0.03717	0.01472	0.01606	0.01113	0.00834	0.00639	0.00232	0.00843	0.00557	0.04257	0.01032
8	0.02035	0.61624	0.14396	0.01502	0.02259	0.02930	0.01609	0.02396	0.01621	0.01969	0.01154	0.01337	0.01016	0.00690	0.00548	0.00183	0.00900	0.00450	0.00339	0.01042
9	0.00937	0.00803	0.00803	0.00803	0.01071	0.00669	0.00602	0.01138	0.01807	0.02142	0.08033	0.07632	0.66863	0.02008	0.00937	0.00268	0.00402	0.01674	0.00736	0.00669
10	0.01122	0.00811	0.01060	0.00998	0.01185	0.00748	0.00748	0.01496	0.02245	0.03180	0.66766	0.05923	0.07482	0.01621	0.00935	0.00249	0.00374	0.01434	0.00873	0.00748
11	0.01972	0.01703	0.01793	0.01614	0.02062	0.01972	0.01255	0.04214	0.65752	0.03317	0.03228	0.02959	0.02421	0.01076	0.00807	0.00269	0.00628	0.00897	0.00807	0.01255
12	0.02687	0.01630	0.01928	0.01446	0.02100	0.01509	0.01183	0.21180	0.02471	0.24969	0.02128	0.02072	0.01488	0.00827	0.00718	0.00196	0.00701	0.00651	0.00736	0.29379
13	0.02942	0.01429	0.02032	0.01568	0.02152	0.01283	0.06857	0.08123	0.02222	0.44797	0.02872	0.09378	0.02107	0.01068	0.00813	0.00244	0.00722	0.00921	0.00846	0.07624
14	0.03558	0.01350	0.01840	0.01411	0.02024	0.01166	0.01166	0.03865	0.02270	0.67734	0.03128	0.02699	0.01963	0.00981	0.00797	0.00245	0.00675	0.00797	0.00981	0.01350
15	0.01153	0.00769	0.00865	0.00865	0.00865	0.00769	0.00480	0.01153	0.01153	0.01538	0.02499	0.05189	0.02883	0.72131	0.04036	0.00769	0.00769	0.01153	0.00480	0.00480
16	0.68145	0.01622	0.01321	0.01143	0.01652	0.01866	0.00942	0.10314	0.01655	0.03743	0.01207	0.01367	0.00922	0.00764	0.00530	0.00244	0.00647	0.00466	0.00530	0.00922
17	0.00966	0.00690	0.00920	0.01104	0.01150	0.00644	0.00736	0.01104	0.01518	0.02024	0.04371	0.71614	0.05245	0.02484	0.01012	0.00322	0.00460	0.02254	0.00736	0.00644
18	0.00966	0.00690	0.00920	0.01104	0.01150	0.00644	0.00736	0.01104	0.01518	0.02024	0.04371	0.71614	0.05245	0.02484	0.01012	0.00322	0.00460	0.02254	0.00736	0.00644
19	0.00966	0.00690	0.00920	0.01104	0.01150	0.00644	0.00736	0.01104	0.01518	0.02024	0.04371	0.71614	0.05245	0.02484	0.01012	0.00322	0.00460	0.02254	0.00736	0.00644
20	0.02120	0.72609	0.04155	0.01357	0.02035	0.03138	0.01357	0.02374	0.01611	0.01866	0.01102	0.01272	0.01018	0.00678	0.00509	0.00170	0.00848	0.00424	0.00339	0.01018
21	0.01153	0.00769	0.00865	0.00865	0.00865	0.00769	0.00480	0.01153	0.01153	0.01538	0.02499	0.05189	0.02883	0.72131	0.04036	0.00769	0.00769	0.01153	0.00480	0.00480
22	0.01188	0.00854	0.01152	0.01193	0.01378	0.00818	0.00972	0.01558	0.02068	0.02839	0.40338	0.07200	0.06249	0.01862	0.01003	0.00298	0.00525	0.26953	0.00813	0.00741
23	0.01133	0.00850	0.01274	0.01274	0.01416	0.00991	0.00991	0.01416	0.01274	0.01841	0.02124	0.03115	0.01982	0.05947	0.68989	0.01274	0.02124	0.00850	0.00425	0.00708
24	0.01590	0.04102	0.68023	0.02260	0.03432	0.01842	0.02930	0.02511	0.01674	0.02511	0.01423	0.01674	0.01005	0.00753	0.00753	0.00251	0.01172	0.00586	0.00335	0.01172
25	0.77733	0.01534	0.01166	0.01043	0.01534	0.01779	0.00859	0.02331	0.01350	0.03558	0.01104	0.01288	0.00859	0.00736	0.00491	0.00245	0.00613	0.00429	0.00491	0.00859
26	0.01207	0.00900	0.01133	0.01059	0.01272	0.00870	0.00799	0.01768	0.08586	0.03194	0.60422	0.05627	0.06977	0.01567	0.00922	0.00251	0.00399	0.01380	0.00866	0.00799
27	0.00966	0.00690	0.00920	0.01104	0.01150	0.00644	0.00736	0.01104	0.01518	0.02024	0.04371	0.71614	0.05245	0.02484	0.01012	0.00322	0.00460	0.02254	0.00736	0.00644
28	0.01744	0.01864	0.03791	0.19368	0.10456	0.01865	0.40112	0.02332	0.01778	0.02395	0.01691	0.05728	0.01384	0.00796	0.00891	0.00266	0.01186	0.00927	0.00406	0.01021
29	0.01021	0.00771	0.01122	0.01215	0.01307	0.00720	0.04041	0.01197	0.01571	0.02105	0.07163	0.64911	0.05140	0.02349	0.01005	0.00316	0.00502	0.02147	0.00725	0.00671
30	0.05263	0.12789	0.29389	0.01745	0.02568	0.04145	0.01904	0.02914	0.01893	0.24011	0.04554	0.02103	0.01579	0.00855	0.00729	0.00236	0.00917	0.00658	0.00579	0.01170
31	0.02357	0.11399	0.29334	0.01920	0.05406	0.01793	0.01976	0.03095	0.07768	0.24054	0.02116	0.02093	0.01464	0.00847	0.00744	0.00240	0.00907	0.00669	0.00595	0.01223
32	0.02421	0.02016	0.02587	0.02025	0.02477	0.02332	0.07821	0.35122	0.02633	0.03641	0.01573	0.01860	0.01227	0.01044	0.01374	0.00269	0.23183	0.00717	0.00595	0.05083
33	0.01629	0.01390	0.01618	0.01193	0.01854	0.01082	0.00945	0.02062	0.04740	0.02593	0.01635	0.04964	0.01424	0.00699	0.00618	0.00134	0.00583	0.00574	0.00499	0.69763
34	0.01644	0.01409	0.01644	0.01175	0.01879	0.01057	0.00940	0.01997	0.01644	0.02584	0.01409	0.01644	0.01175	0.00587	0.00587	0.00117	0.00587	0.00470	0.00470	0.76979
35	0.01429	0.01051	0.01306	0.01093	0.01483	0.00876	0.00840	0.01773	0.01966	0.06210	0.34291	0.09390	0.04681	0.01273	0.00805	0.00206	0.00476	0.01109	0.00718	0.29024
36	0.01590	0.04102	0.68023	0.02260	0.03432	0.01842	0.02930	0.02511	0.01674	0.02511	0.01423	0.01674	0.01005	0.00753	0.00753	0.00251	0.01172	0.00586	0.00335	0.01172
37	0.02120	0.72609	0.04155	0.01357	0.02035	0.03138	0.01357	0.02374	0.01611	0.01866	0.01102	0.01272	0.01018	0.00678	0.00509	0.00170	0.00848	0.00424	0.00339	0.01018
38	0.01057	0.00808	0.00969	0.00929	0.01144	0.00720	0.00697	0.01370	0.02090	0.02812	0.45964	0.06528	0.28514	0.01758	0.00936	0.00256	0.00384	0.01519	0.00825	0.00720
39	0.00966	0.00690	0.00920	0.01104	0.01150	0.00644	0.00736	0.01104	0.01518	0.02024	0.04371	0.71614	0.05245	0.02484	0.01012	0.00322	0.00460	0.02254	0.00736	0.00644
40	0.03558	0.01350	0.01840	0.01411	0.02024	0.01166	0.01166	0.03865	0.02270	0.67734	0.03128	0.02699	0.01963	0.00981	0.00797	0.00245	0.00675	0.00797	0.00981	0.01350
41	0.03558	0.01350	0.01840	0.01411	0.02024	0.01166	0.01166	0.03865	0.02270	0.67734	0.03128	0.02699	0.01963	0.00981	0.00797	0.00245	0.00675	0.00797	0.00981	0.01350
42	0.03558	0.01350	0.01840	0.01411	0.02024	0.01166	0.01166	0.03865	0.02270	0.67734	0.03128	0.02699	0.01963	0.00981	0.00797	0.00245	0.00675	0.00797	0.00981	0.01350
43	0.03014	0.02221	0.02380	0.01825	0.02459	0.02459	0.01507	0.64541	0.03728	0.04998	0.01904	0.01904	0.01349	0.00952	0.00793	0.00238	0.00873	0.00714	0.00793	0.01349
44	0.01153	0.00769	0.00865	0.00865	0.00865	0.00769	0.00480	0.01153	0.01153	0.01538	0.02499	0.05189	0.02883	0.72131	0.04036	0.00769	0.00769	0.01153	0.00480	0.00480
45	0.00966	0.00690	0.00920	0.01104	0.01150	0.00644	0.00736	0.01104	0.01518	0.02024	0.04371	0.71614	0.05245	0.02484	0.01012	0.00322	0.00460	0.02254	0.00736	0.00644
46	0.01735	0.01735	0.02429	0.02082	0.02082	0.02429	0.01735	0.01908	0.01214	0.01908	0.01041	0.01735	0.01041	0.01388	0.02602	0.00347	0.70680	0.00694	0.00347	0.00867
47	0.01278	0.00913	0.01278	0.01460	0.01643	0.00913	0.01278	0.01643	0.01825	0.02373	0.04199	0.08945	0.04564	0.02191	0.01095	0.00365	0.00730	0.61847	0.00730	0.00730
48	0.02962	0.03779	0.02247	0.02043	0.02451	0.68948	0.01532	0.03166	0.02247	0.01941	0.01226	0.01430	0.01021	0.00817	0.00715	0.00204	0.01430	0.00511	0.00409	0.00919
49	0.01787	0.29492	0.44352	0.01925	0.02914	0.02322	0.02347	0.02461	0.01651	0.02272	0.01304	0.01525	0.01009	0.00726	0.00663	0.00221	0.01052	0.00526	0.00336	0.01115
50	0.01095	0.00809	0.01022	0.00969	0.01168	0.00737	0.00727	0.01443	0.02180	0.03026	0.58060	0.06177	0.16284	0.01679	0.00936	0.00252	0.00378	0.01470	0.00853	0.00737
51	0.01122	0.00811	0.01060	0.00998	0.01185	0.00748	0.00748	0.01496	0.02245	0.03180	0.66766	0.05923	0.07482	0.01621	0.00935	0.00249	0.00374	0.01434	0.00873	0.00748
52	0.01520	0.01454	0.02518	0.66180	0.05382	0.01777	0.05959	0.02057	0.01603	0.02057	0.01421	0.02116	0.01066	0.00785	0.00801	0.00264	0.01074	0.00719	0.00355	0.00892
53	0.01122	0.00811	0.01060	0.00998	0.01185	0.00748	0.00748	0.01496	0.02245	0.03180	0.66766	0.05923	0.07482	0.01621	0.00935	0.00249	0.00374	0.01434	0.00873	0.00748
54	0.01478	0.00739	0.00739	0.00739	0.00924	0.00739	0.00554	0.01848	0.01663	0.02956	0.02587	0.02956	0.02033	0.00924	0.00554	0.00185	0.00370	0.00739	0.76534	0.00739
55	0.01963	0.01884	0.03219	0.04867	0.67185	0.01884	0.02434	0.02434	0.01806	0.02591	0.01492	0.01963	0.01256	0.00707	0.00785	0.00236	0.00942	0.00707	0.00393	0.01256
56	0.01720	0.01637	0.02780	0.38953	0.34995	0.01820	0.02313	0.02221	0.01691	0.02296	0.01449	0.02042	0.01152	0.00752	0.00789	0.00251	0.01002	0.00706	0.00372	0.01060
57	0.01498	0.01409	0.02378	0.70226	0.05462	0.01762	0.02202	0.02026	0.01586	0.02026	0.01409	0.02114	0.01057	0.00793	0.00793	0.00264	0.01057	0.00705	0.00352	0.00881
58	0.00966	0.00690	0.00920	0.01104	0.01150	0.00644	0.00736	0.01104	0.01518	0.02024	0.04371	0.71614	0.05245	0.02484	0.01012	0.00322	0.00460	0.02254	0.00736	0.00644
59	0.01872	0.02139	0.04679	0.03342	0.04144	0.02005	0.64305	0.02540	0.01872	0.02540	0.01604	0.02139	0.01203	0.00668	0.00936	0.00267	0.01337	0.00936	0.00401	0.01070
60	0.29852	0.01530	0.01972	0.34956	0.06688	0.01839	0.01661	0.04838	0.01582	0.02743	0.01302	0.01772	0.01005	0.00805	0.00774	0.00259	0.04484	0.00603	0.00424	0.00910
61	0.01515	0.01443	0.02486	0.67113	0.05400	0.01773	0.05093	0.02050	0.01599	0.02050	0.01419	0.02115	0.01064	0.00787	0.00799	0.00264	0.01070	0.00715	0.00355	0.00890
62	0.70759	0.01494	0.01181	0.01052	0.01536	0.01697	0.00858	0.02265	0.01371	0.03447	0.01249	0.04086	0.01048	0.00797	0.00516	0.00242	0.00606	0.00504	0.00499	0.04792

[dist]
# distance from previous block
# <min> <max>
0	1

[block]
# block no. 2 follows, 24 sequences, length 16
# corresponding to MSA columns:
# 175-190
name=unknown_C
#
# <colnr> <probs for GDERKNQSTAVLIFYWHMCP>
#	G	D	E	R	K	N	Q	S	T	A	V	L	I	F	Y	W	H	M	C	P
0	0.01045	0.00761	0.01003	0.01120	0.01230	0.00699	0.00788	0.01241	0.01639	0.02226	0.12115	0.54962	0.05258	0.02250	0.00985	0.00305	0.00476	0.06339	0.00739	0.04819
1	0.03558	0.01350	0.01840	0.01411	0.02024	0.01166	0.01166	0.03865	0.02270	0.67734	0.03128	0.02699	0.01963	0.00981	0.00797	0.00245	0.00675	0.00797	0.00981	0.01350
2	0.01590	0.04102	0.68023	0.02260	0.03432	0.01842	0.02930	0.02511	0.01674	0.02511	0.01423	0.01674	0.01005	0.00753	0.00753	0.00251	0.01172	0.00586	0.00335	0.01172
3	0.03558	0.01350	0.01840	0.01411	0.02024	0.01166	0.01166	0.03865	0.02270	0.67734	0.03128	0.02699	0.01963	0.00981	0.00797	0.00245	0.00675	0.00797	0.00981	0.01350
4	0.02120	0.72609	0.04155	0.01357	0.02035	0.03138	0.01357	0.02374	0.01611	0.01866	0.01102	0.01272	0.01018	0.00678	0.00509	0.00170	0.00848	0.00424	0.00339	0.01018
5	0.03014	0.02221	0.02380	0.01825	0.02459	0.02459	0.01507	0.64541	0.03728	0.04998	0.01904	0.01904	0.01349	0.00952	0.00793	0.00238	0.00873	0.00714	0.00793	0.01349
6	0.01972	0.01703	0.01793	0.01614	0.02062	0.01972	0.01255	0.04214	0.65752	0.03317	0.03228	0.02959	0.02421	0.01076	0.00807	0.00269	0.00628	0.00897	0.00807	0.01255
7	0.01557	0.01470	0.02485	0.61915	0.13310	0.01777	0.02232	0.02078	0.01614	0.02098	0.01420	0.02095	0.01082	0.00782	0.00792	0.00261	0.01042	0.00705	0.00357	0.00929
8	0.02792	0.01707	0.01981	0.01534	0.02112	0.01725	0.01254	0.32657	0.02908	0.22664	0.10544	0.02624	0.02297	0.01010	0.00792	0.00230	0.00723	0.00806	0.00826	0.08813
9	0.01590	0.04102	0.68023	0.02260	0.03432	0.01842	0.02930	0.02511	0.01674	0.02511	0.01423	0.01674	0.01005	0.00753	0.00753	0.00251	0.01172	0.00586	0.00335	0.01172
10	0.01530	0.03679	0.59417	0.02098	0.03143	0.01701	0.02649	0.02381	0.01748	0.02597	0.09821	0.02220	0.01837	0.00865	0.00777	0.00251	0.01069	0.00695	0.00404	0.01117
11	0.17856	0.05796	0.10474	0.01661	0.02297	0.07608	0.01502	0.30517	0.02630	0.06538	0.04616	0.01898	0.01470	0.00890	0.00713	0.00236	0.00872	0.00646	0.00631	0.01148
12	0.27621	0.01639	0.01566	0.01327	0.01811	0.05055	0.01068	0.11801	0.12536	0.15236	0.02131	0.02127	0.01544	0.00895	0.00661	0.00238	0.00674	0.00657	0.10341	0.01071
13	0.33818	0.01855	0.01571	0.01471	0.04954	0.13491	0.01095	0.07182	0.01908	0.06390	0.09226	0.02440	0.06283	0.00959	0.00669	0.00233	0.00755	0.00699	0.00579	0.04422
14	0.05525	0.01928	0.20655	0.01470	0.02032	0.01224	0.01470	0.04301	0.01899	0.12245	0.14578	0.16472	0.07660	0.01365	0.00838	0.00259	0.00705	0.01160	0.00661	0.03553
15	0.02091	0.01519	0.02284	0.28320	0.09543	0.01648	0.04761	0.10468	0.04585	0.14361	0.10177	0.02695	0.02151	0.00949	0.00819	0.00253	0.00865	0.00834	0.00611	0.01066

[dist]
# distance from previous block
# <min> <max>
25	54

[block]
# block no. 3 follows, 24 sequences, length 9
# corresponding to MSA columns:
# 249-257
name=unknown_D
#
# <colnr> <probs for GDERKNQSTAVLIFYWHMCP>
#	G	D	E	R	K	N	Q	S	T	A	V	L	I	F	Y	W	H	M	C	P
0	0.04977	0.01089	0.01397	0.04109	0.01674	0.01094	0.03562	0.05096	0.04044	0.07317	0.14648	0.04039	0.07065	0.05506	0.08130	0.00375	0.00749	0.04952	0.15314	0.04863
1	0.05051	0.01221	0.01509	0.01256	0.01704	0.01117	0.01011	0.04445	0.01962	0.24911	0.07515	0.08294	0.13388	0.01304	0.00903	0.00243	0.04118	0.04644	0.00753	0.14650
2	0.09853	0.12736	0.22083	0.02121	0.02837	0.01944	0.17586	0.02288	0.01661	0.02464	0.01791	0.06209	0.01611	0.00984	0.00881	0.00262	0.04741	0.06516	0.00429	0.01003
3	0.05504	0.01602	0.02350	0.20683	0.08778	0.01743	0.08327	0.09982	0.07930	0.02749	0.01957	0.09567	0.01710	0.01007	0.00887	0.00253	0.04388	0.00877	0.00519	0.09187
4	0.02497	0.02542	0.08445	0.13191	0.02959	0.17934	0.01708	0.28049	0.05765	0.03373	0.01711	0.01903	0.01273	0.00880	0.00761	0.00235	0.01029	0.00662	0.03962	0.01121
5	0.01774	0.02095	0.08073	0.09417	0.03977	0.01918	0.47957	0.02405	0.01803	0.02453	0.01722	0.02538	0.01391	0.00815	0.00989	0.00276	0.04083	0.04876	0.00412	0.01028
6	0.03217	0.01238	0.01977	0.08178	0.04600	0.01246	0.12784	0.05810	0.01866	0.02580	0.17794	0.15441	0.03734	0.12615	0.01406	0.00351	0.00764	0.02965	0.00615	0.00820
7	0.04101	0.09325	0.29607	0.01960	0.02763	0.01813	0.10239	0.05051	0.07087	0.02669	0.05691	0.02658	0.06199	0.00938	0.00777	0.00244	0.00949	0.02546	0.00483	0.04901
8	0.04512	0.01718	0.01896	0.01503	0.02024	0.01827	0.01223	0.31003	0.07932	0.08522	0.02067	0.02148	0.01532	0.00922	0.00814	0.00221	0.04398	0.00694	0.12497	0.12547

[dist]
# distance from previous block
# <min> <max>
14	23

[block]
# block no. 4 follows, 24 sequences, length 15
# corresponding to MSA columns:
# 284-298
name=unknown_E
#
# <colnr> <probs for GDERKNQSTAVLIFYWHMCP>
#	G	D	E	R	K	N	Q	S	T	A	V	L	I	F	Y	W	H	M	C	P
0	0.01908	0.01387	0.01687	0.05929	0.02078	0.01243	0.01091	0.11029	0.02031	0.09642	0.06659	0.10939	0.02233	0.01007	0.00731	0.00193	0.00638	0.00848	0.00624	0.38102
1	0.13963	0.01438	0.10401	0.01417	0.01783	0.01122	0.05101	0.01811	0.01594	0.07668	0.03157	0.40579	0.03426	0.01725	0.00869	0.00290	0.00655	0.01526	0.00640	0.00835
2	0.03014	0.02221	0.02380	0.01825	0.02459	0.02459	0.01507	0.64541	0.03728	0.04998	0.01904	0.01904	0.01349	0.00952	0.00793	0.00238	0.00873	0.00714	0.00793	0.01349
3	0.01831	0.01520	0.01744	0.01263	0.01958	0.01248	0.01017	0.10505	0.01928	0.02912	0.01477	0.01680	0.01198	0.00637	0.00615	0.00134	0.00626	0.00503	0.00514	0.66690
4	0.02116	0.53496	0.15060	0.01586	0.02322	0.09798	0.01649	0.02481	0.01689	0.01986	0.01171	0.01358	0.01016	0.00706	0.00573	0.00187	0.00965	0.00461	0.00346	0.01034
5	0.01067	0.00769	0.01030	0.01188	0.01294	0.00732	0.00891	0.01291	0.01672	0.02211	0.08702	0.45655	0.08103	0.02317	0.01028	0.00327	0.00531	0.19770	0.00744	0.00678
6	0.03558	0.01350	0.01840	0.01411	0.02024	0.01166	0.01166	0.03865	0.02270	0.67734	0.03128	0.02699	0.01963	0.00981	0.00797	0.00245	0.00675	0.00797	0.00981	0.01350
7	0.02120	0.72609	0.04155	0.01357	0.02035	0.03138	0.01357	0.02374	0.01611	0.01866	0.01102	0.01272	0.01018	0.00678	0.00509	0.00170	0.00848	0.00424	0.00339	0.01018
8	0.01972	0.01703	0.01793	0.01614	0.02062	0.01972	0.01255	0.04214	0.65752	0.03317	0.03228	0.02959	0.02421	0.01076	0.00807	0.00269	0.00628	0.00897	0.00807	0.01255
9	0.01972	0.01703	0.01793	0.01614	0.02062	0.01972	0.01255	0.04214	0.65752	0.03317	0.03228	0.02959	0.02421	0.01076	0.00807	0.00269	0.00628	0.00897	0.00807	0.01255
10	0.01872	0.02139	0.04679	0.03342	0.04144	0.02005	0.64305	0.02540	0.01872	0.02540	0.01604	0.02139	0.01203	0.00668	0.00936	0.00267	0.01337	0.00936	0.00401	0.01070
11	0.01644	0.01409	0.01644	0.01175	0.01879	0.01057	0.00940	0.01997	0.01644	0.02584	0.01409	0.01644	0.01175	0.00587	0.00587	0.00117	0.00587	0.00470	0.00470	0.76979
12	0.77733	0.01534	0.01166	0.01043	0.01534	0.01779	0.00859	0.02331	0.01350	0.03558	0.01104	0.01288	0.00859	0.00736	0.00491	0.00245	0.00613	0.00429	0.00491	0.00859
13	0.01278	0.00913	0.01278	0.01460	0.01643	0.00913	0.01278	0.01643	0.01825	0.02373	0.04199	0.08945	0.04564	0.02191	0.01095	0.00365	0.00730	0.61847	0.00730	0.00730
14	0.12550	0.54795	0.11154	0.01418	0.02128	0.02799	0.01470	0.02384	0.01582	0.02175	0.01140	0.01321	0.00994	0.00695	0.00535	0.00190	0.00853	0.00444	0.00360	0.01014

[dist]
# distance from previous block
# <min> <max>
6	33

[block]
# block no. 5 follows, 24 sequences, length 18
# corresponding to MSA columns:
# 333-350
name=unknown_F
#
# <colnr> <probs for GDERKNQSTAVLIFYWHMCP>
#	G	D	E	R	K	N	Q	S	T	A	V	L	I	F	Y	W	H	M	C	P
0	0.11218	0.01858	0.03011	0.02272	0.02853	0.01934	0.26887	0.12951	0.04887	0.09312	0.06019	0.02294	0.01706	0.00908	0.01011	0.00265	0.08125	0.00831	0.00576	0.01084
1	0.26736	0.05203	0.04252	0.05311	0.05068	0.10143	0.06652	0.09933	0.04768	0.03153	0.09756	0.02200	0.01918	0.00894	0.00701	0.00240	0.00844	0.00696	0.00548	0.00982
2	0.12976	0.06833	0.24524	0.02119	0.07505	0.01684	0.10698	0.02200	0.01679	0.02605	0.05322	0.10773	0.02092	0.01070	0.00788	0.00261	0.00920	0.04483	0.00472	0.00995
3	0.39091	0.06905	0.23184	0.01474	0.02182	0.01785	0.01572	0.02402	0.01579	0.06013	0.06043	0.01812	0.01445	0.00813	0.00624	0.00243	0.00796	0.00569	0.00480	0.00986
4	0.02672	0.01843	0.02043	0.01651	0.02181	0.01997	0.01330	0.40267	0.12139	0.12200	0.02560	0.11032	0.02075	0.01168	0.00824	0.00254	0.00760	0.00947	0.00811	0.01246
5	0.07992	0.01396	0.01745	0.01401	0.01953	0.01329	0.01139	0.03697	0.13747	0.48266	0.06522	0.02832	0.02278	0.01018	0.00787	0.00250	0.00646	0.00826	0.00912	0.01267
6	0.00972	0.00702	0.00909	0.01072	0.01132	0.00652	0.00715	0.01109	0.01523	0.02011	0.04551	0.64008	0.09589	0.05580	0.01143	0.00338	0.00470	0.02163	0.00725	0.00639
7	0.02410	0.01478	0.01606	0.01306	0.01743	0.01564	0.01055	0.30368	0.02665	0.11325	0.02341	0.02452	0.01716	0.00943	0.00690	0.00216	0.00632	0.00734	0.33671	0.01084
8	0.03014	0.02221	0.02380	0.01825	0.02459	0.02459	0.01507	0.64541	0.03728	0.04998	0.01904	0.01904	0.01349	0.00952	0.00793	0.00238	0.00873	0.00714	0.00793	0.01349
9	0.01644	0.01409	0.01644	0.01175	0.01879	0.01057	0.00940	0.01997	0.01644	0.02584	0.01409	0.01644	0.01175	0.00587	0.00587	0.00117	0.00587	0.00470	0.00470	0.76979
10	0.01478	0.00739	0.00739	0.00739	0.00924	0.00739	0.00554	0.01848	0.01663	0.02956	0.02587	0.02956	0.02033	0.00924	0.00554	0.00185	0.00370	0.00739	0.76534	0.00739
11	0.03014	0.02221	0.02380	0.01825	0.02459	0.02459	0.01507	0.64541	0.03728	0.04998	0.01904	0.01904	0.01349	0.00952	0.00793	0.00238	0.00873	0.00714	0.00793	0.01349
12	0.02261	0.01847	0.01956	0.01672	0.02172	0.02107	0.01325	0.20942	0.48554	0.03783	0.02860	0.02666	0.02123	0.01041	0.00803	0.00260	0.00696	0.00846	0.00803	0.01281
13	0.01972	0.01703	0.01793	0.01614	0.02062	0.01972	0.01255	0.04214	0.65752	0.03317	0.03228	0.02959	0.02421	0.01076	0.00807	0.00269	0.00628	0.00897	0.00807	0.01255
14	0.01590	0.04102	0.68023	0.02260	0.03432	0.01842	0.02930	0.02511	0.01674	0.02511	0.01423	0.01674	0.01005	0.00753	0.00753	0.00251	0.01172	0.00586	0.00335	0.01172
15	0.01727	0.01271	0.01484	0.01374	0.01732	0.01290	0.01083	0.08891	0.17593	0.07089	0.03665	0.18997	0.07988	0.01580	0.00887	0.00276	0.00617	0.12270	0.00745	0.09441
16	0.01255	0.01022	0.01508	0.01380	0.01566	0.01147	0.05116	0.01546	0.01478	0.02121	0.06692	0.06430	0.10840	0.03658	0.34217	0.00761	0.10249	0.01027	0.07238	0.00749
17	0.02615	0.01985	0.02613	0.01997	0.02583	0.02123	0.12710	0.40728	0.02987	0.08234	0.02051	0.05681	0.01582	0.01000	0.00898	0.00251	0.03895	0.00840	0.04014	0.01214

[dist]
# distance from previous block
# <min> <max>
80	152

[block]
# block no. 6 follows, 24 sequences, length 23
# corresponding to MSA columns:
# 535-557
name=unknown_G
#
# <colnr> <probs for GDERKNQSTAVLIFYWHMCP>
#	G	D	E	R	K	N	Q	S	T	A	V	L	I	F	Y	W	H	M	C	P
0	0.05619	0.05970	0.12042	0.07730	0.07743	0.19941	0.04389	0.10434	0.06480	0.02661	0.01862	0.02101	0.04113	0.01125	0.04175	0.00287	0.01119	0.00683	0.00483	0.01043
1	0.02247	0.31372	0.15411	0.04366	0.02614	0.11856	0.04333	0.08591	0.04899	0.05285	0.01475	0.01638	0.01162	0.00774	0.00666	0.00212	0.01003	0.00564	0.00444	0.01087
2	0.20051	0.17757	0.30811	0.09538	0.02909	0.02093	0.02013	0.02383	0.01572	0.02571	0.01276	0.01546	0.00978	0.00738	0.00643	0.00234	0.00955	0.00527	0.00375	0.01030
3	0.07811	0.20869	0.40523	0.01925	0.02855	0.02118	0.05083	0.02416	0.01669	0.02466	0.04433	0.01766	0.01313	0.00771	0.00688	0.00231	0.01015	0.00589	0.00377	0.01083
4	0.10458	0.08334	0.02110	0.05892	0.05337	0.29354	0.01367	0.05551	0.04951	0.05252	0.07601	0.02432	0.06246	0.00967	0.00728	0.00225	0.00991	0.00715	0.00531	0.00956
5	0.05170	0.00883	0.01104	0.01048	0.01265	0.00829	0.00785	0.01676	0.02019	0.08752	0.41863	0.13048	0.08778	0.05907	0.01102	0.00293	0.00460	0.03429	0.00813	0.00776
6	0.02039	0.02417	0.11482	0.03952	0.44841	0.10461	0.05144	0.02623	0.04746	0.02528	0.01533	0.01910	0.01244	0.00742	0.00780	0.00237	0.01038	0.00685	0.00406	0.01194
7	0.01080	0.00809	0.01001	0.00953	0.01159	0.00730	0.00715	0.01415	0.02145	0.02943	0.53367	0.06313	0.21029	0.01709	0.00936	0.00254	0.00380	0.01489	0.00842	0.00730
8	0.01963	0.01884	0.03219	0.04867	0.67185	0.01884	0.02434	0.02434	0.01806	0.02591	0.01492	0.01963	0.01256	0.00707	0.00785	0.00236	0.00942	0.00707	0.00393	0.01256
9	0.01214	0.01474	0.14627	0.01279	0.01657	0.00970	0.01211	0.01684	0.02068	0.02942	0.47210	0.09148	0.05916	0.01521	0.00910	0.00259	0.00555	0.03778	0.00750	0.00827
10	0.01590	0.04102	0.68023	0.02260	0.03432	0.01842	0.02930	0.02511	0.01674	0.02511	0.01423	0.01674	0.01005	0.00753	0.00753	0.00251	0.01172	0.00586	0.00335	0.01172
11	0.03558	0.01350	0.01840	0.01411	0.02024	0.01166	0.01166	0.03865	0.02270	0.67734	0.03128	0.02699	0.01963	0.00981	0.00797	0.00245	0.00675	0.00797	0.00981	0.01350
12	0.00937	0.00803	0.00803	0.00803	0.01071	0.00669	0.00602	0.01138	0.01807	0.02142	0.08033	0.07632	0.66863	0.02008	0.00937	0.00268	0.00402	0.01674	0.00736	0.00669
13	0.01110	0.00810	0.01042	0.00984	0.01177	0.00743	0.00738	0.01472	0.02214	0.03108	0.62709	0.06041	0.11584	0.01648	0.00935	0.00251	0.00376	0.01451	0.00863	0.00743
14	0.00937	0.00803	0.00803	0.00803	0.01071	0.00669	0.00602	0.01138	0.01807	0.02142	0.08033	0.07632	0.66863	0.02008	0.00937	0.00268	0.00402	0.01674	0.00736	0.00669
15	0.03014	0.02221	0.02380	0.01825	0.02459	0.02459	0.01507	0.64541	0.03728	0.04998	0.01904	0.01904	0.01349	0.00952	0.00793	0.00238	0.00873	0.00714	0.00793	0.01349
16	0.02120	0.72609	0.04155	0.01357	0.02035	0.03138	0.01357	0.02374	0.01611	0.01866	0.01102	0.01272	0.01018	0.00678	0.00509	0.00170	0.00848	0.00424	0.00339	0.01018
17	0.01590	0.04102	0.68023	0.02260	0.03432	0.01842	0.02930	0.02511	0.01674	0.02511	0.01423	0.01674	0.01005	0.00753	0.00753	0.00251	0.01172	0.00586	0.00335	0.01172
18	0.01590	0.04102	0.68023	0.02260	0.03432	0.01842	0.02930	0.02511	0.01674	0.02511	0.01423	0.01674	0.01005	0.00753	0.00753	0.00251	0.01172	0.00586	0.00335	0.01172
19	0.01420	0.01104	0.01530	0.01414	0.01656	0.01085	0.06552	0.11196	0.01944	0.02626	0.07856	0.42543	0.04159	0.04847	0.01079	0.00312	0.00623	0.03731	0.00704	0.03620
20	0.01735	0.22860	0.50535	0.02013	0.03050	0.02197	0.02499	0.02474	0.01657	0.02335	0.01335	0.01564	0.01008	0.00733	0.00686	0.00229	0.01083	0.00542	0.00336	0.01130
21	0.01783	0.29038	0.44775	0.01931	0.02924	0.02313	0.02357	0.02462	0.01651	0.02276	0.01306	0.01528	0.01009	0.00726	0.00664	0.00221	0.01054	0.00527	0.00336	0.01116
22	0.04561	0.06003	0.36872	0.01921	0.04859	0.01568	0.02108	0.02284	0.01792	0.05861	0.10351	0.03490	0.02497	0.01116	0.00817	0.00266	0.00924	0.11163	0.00512	0.01035

[dist]
# distance from previous block
# <min> <max>
14	42

[block]
# block no. 7 follows, 24 sequences, length 8
# corresponding to MSA columns:
# 605-612
name=unknown_H
#
# <colnr> <probs for GDERKNQSTAVLIFYWHMCP>
#	G	D	E	R	K	N	Q	S	T	A	V	L	I	F	Y	W	H	M	C	P
0	0.01506	0.07430	0.46700	0.01857	0.02716	0.01640	0.02227	0.02188	0.01656	0.02401	0.08812	0.02644	0.02003	0.11462	0.01247	0.00323	0.01004	0.00755	0.00416	0.01013
1	0.10539	0.08269	0.49299	0.01915	0.02887	0.01813	0.02355	0.02350	0.01644	0.02554	0.01991	0.02167	0.07244	0.00865	0.00723	0.00246	0.01010	0.00660	0.00392	0.01077
2	0.04789	0.06197	0.06479	0.01237	0.01504	0.01105	0.01010	0.01679	0.07674	0.02271	0.04049	0.42090	0.10954	0.01943	0.00907	0.00293	0.00569	0.03793	0.00672	0.00786
3	0.02593	0.05863	0.02285	0.09897	0.02688	0.27669	0.01537	0.15480	0.12969	0.06494	0.01812	0.01933	0.01377	0.00904	0.00807	0.00234	0.03145	0.00656	0.00573	0.01084
4	0.02652	0.11331	0.07598	0.05630	0.02571	0.13596	0.01587	0.26566	0.08522	0.09526	0.01861	0.01911	0.01365	0.00884	0.00743	0.00230	0.00957	0.00657	0.00629	0.01185
5	0.01971	0.01691	0.02639	0.01998	0.02558	0.01681	0.18041	0.02580	0.08854	0.09755	0.01786	0.02057	0.01384	0.00857	0.01106	0.00232	0.13937	0.00720	0.00523	0.25631
6	0.01642	0.01630	0.02807	0.02217	0.02580	0.01821	0.23041	0.02220	0.07566	0.02438	0.11341	0.02773	0.02293	0.01683	0.09437	0.00407	0.21749	0.00925	0.00496	0.00936
7	0.01545	0.01074	0.01183	0.01067	0.01200	0.01124	0.00696	0.14481	0.01695	0.02265	0.02374	0.04499	0.02560	0.57165	0.03354	0.00657	0.00791	0.01061	0.00546	0.00663

[dist]
# distance from previous block
# <min> <max>
4	18

[block]
# block no. 8 follows, 24 sequences, length 8
# corresponding to MSA columns:
# 631-638
name=unknown_I
#
# <colnr> <probs for GDERKNQSTAVLIFYWHMCP>
#	G	D	E	R	K	N	Q	S	T	A	V	L	I	F	Y	W	H	M	C	P
0	0.02268	0.14443	0.25114	0.01947	0.02687	0.21289	0.01965	0.11086	0.02089	0.02564	0.01366	0.01573	0.01066	0.00805	0.00773	0.00222	0.03783	0.00556	0.00425	0.03980
1	0.01881	0.31910	0.02710	0.01358	0.01925	0.06823	0.01188	0.02290	0.05706	0.02160	0.01495	0.01788	0.01305	0.01525	0.11443	0.00339	0.01005	0.00541	0.00424	0.22184
2	0.01078	0.00785	0.01011	0.01049	0.01144	0.00807	0.00728	0.01232	0.01359	0.01826	0.03500	0.18701	0.11613	0.25124	0.25614	0.00784	0.01127	0.01348	0.00549	0.00619
3	0.02977	0.02047	0.02244	0.01746	0.02357	0.02231	0.01434	0.49822	0.10163	0.13366	0.02212	0.02125	0.01547	0.00969	0.00795	0.00242	0.00819	0.00745	0.00820	0.01339
4	0.01274	0.00896	0.01038	0.01017	0.01112	0.00911	0.00662	0.06856	0.01498	0.01993	0.03107	0.15456	0.07600	0.44453	0.08184	0.00655	0.00810	0.01302	0.00563	0.00616
5	0.01862	0.01538	0.01761	0.01278	0.01971	0.01280	0.01030	0.11932	0.01975	0.02967	0.01488	0.01686	0.01202	0.00645	0.00620	0.00137	0.00633	0.00509	0.00521	0.64965
6	0.01355	0.01060	0.01327	0.01269	0.01489	0.01050	0.00941	0.06525	0.01692	0.02356	0.03207	0.40103	0.03627	0.05229	0.01205	0.00302	0.06850	0.04456	0.00642	0.15316
7	0.03014	0.02221	0.02380	0.01825	0.02459	0.02459	0.01507	0.64541	0.03728	0.04998	0.01904	0.01904	0.01349	0.00952	0.00793	0.00238	0.00873	0.00714	0.00793	0.01349

[dist]
# distance from previous block
# <min> <max>
19	32

[block]
# block no. 9 follows, 24 sequences, length 6
# corresponding to MSA columns:
# 686-691
name=unknown_J
#
# <colnr> <probs for GDERKNQSTAVLIFYWHMCP>
#	G	D	E	R	K	N	Q	S	T	A	V	L	I	F	Y	W	H	M	C	P
0	0.01912	0.32841	0.16058	0.02156	0.02892	0.02506	0.19317	0.02399	0.01655	0.02180	0.01297	0.01637	0.01070	0.00762	0.00888	0.00230	0.08174	0.00625	0.00357	0.01046
1	0.01983	0.01797	0.02967	0.02197	0.02819	0.01752	0.24948	0.06948	0.04657	0.06988	0.01660	0.01989	0.01286	0.00802	0.01036	0.00229	0.10604	0.00734	0.00499	0.24104
2	0.09757	0.01583	0.01791	0.01397	0.01993	0.01536	0.01133	0.15751	0.09531	0.19205	0.04975	0.02259	0.01791	0.00875	0.00712	0.00209	0.00666	0.00688	0.00720	0.23429
3	0.06850	0.01109	0.01416	0.01238	0.01641	0.01010	0.01004	0.02588	0.02047	0.32507	0.13662	0.08210	0.11701	0.01452	0.00873	0.00270	0.00586	0.09968	0.00854	0.01013
4	0.01136	0.00836	0.01204	0.01204	0.01321	0.00953	0.00903	0.01371	0.01254	0.01789	0.02188	0.03472	0.02137	0.17330	0.57818	0.01187	0.01891	0.00902	0.00434	0.00669
5	0.01114	0.00752	0.00877	0.00916	0.00925	0.00742	0.00535	0.01143	0.01230	0.01641	0.02895	0.19252	0.03383	0.57387	0.03396	0.00674	0.00703	0.01386	0.00535	0.00515

[dist]
# distance from previous block
# <min> <max>
0	3

[block]
# block no. 10 follows, 24 sequences, length 82
# corresponding to MSA columns:
# 695-776
name=unknown_K
#
# <colnr> <probs for GDERKNQSTAVLIFYWHMCP>
#	G	D	E	R	K	N	Q	S	T	A	V	L	I	F	Y	W	H	M	C	P
0	0.01859	0.02102	0.04472	0.03226	0.03955	0.02044	0.58554	0.02482	0.01811	0.02482	0.01553	0.02102	0.01188	0.00735	0.01089	0.00275	0.07710	0.00914	0.00396	0.01051
1	0.02076	0.66913	0.09465	0.01432	0.02151	0.03030	0.01488	0.02386	0.01616	0.01919	0.01129	0.01305	0.01017	0.00685	0.00529	0.00176	0.00875	0.00437	0.00339	0.01030
