[name]
unknown

[dist]
# distance from previous block
# <min> <max>
0	10

[block]
# block no. 0 follows, 23 sequences, length 7
# corresponding to MSA columns:
# 10-16
name=unknown_A
#
# <colnr> <probs for GDERKNQSTAVLIFYWHMCP>
#	G	D	E	R	K	N	Q	S	T	A	V	L	I	F	Y	W	H	M	C	P
0	0.01478	0.01063	0.01416	0.01530	0.01761	0.01086	0.01330	0.07645	0.02055	0.02687	0.04071	0.08460	0.04354	0.02120	0.01091	0.00361	0.00761	0.55170	0.00753	0.00808
1	0.01802	0.01789	0.03501	0.14454	0.19022	0.01788	0.29573	0.02264	0.01727	0.02354	0.01547	0.02181	0.01245	0.01020	0.01213	0.11172	0.01128	0.00825	0.00392	0.01002
2	0.11178	0.01144	0.01358	0.03653	0.01658	0.01118	0.00935	0.02408	0.05758	0.20557	0.20416	0.04387	0.11668	0.08833	0.01189	0.00315	0.00586	0.01102	0.00792	0.00946
3	0.01230	0.00804	0.01053	0.01084	0.01222	0.00745	0.00764	0.01470	0.01876	0.06440	0.29543	0.34871	0.05911	0.07625	0.01239	0.00331	0.00473	0.01781	0.00805	0.00733
4	0.01438	0.00774	0.00843	0.00843	0.01012	0.00795	0.00624	0.01775	0.01606	0.02755	0.02574	0.03221	0.02138	0.07000	0.10347	0.00391	0.00661	0.00804	0.59667	0.00732
5	0.02173	0.00965	0.01354	0.01204	0.01456	0.00886	0.00895	0.02175	0.01676	0.25873	0.07839	0.09268	0.02530	0.02024	0.01913	0.34684	0.00650	0.00960	0.00677	0.00796
6	0.01046	0.00743	0.00977	0.01115	0.01185	0.00701	0.00764	0.01220	0.01633	0.02198	0.12173	0.52727	0.05392	0.08840	0.01319	0.00365	0.00506	0.05685	0.00746	0.00663

[dist]
# distance from previous block
# <min> <max>
0	5

[block]
# block no. 1 follows, 23 sequences, length 10
# corresponding to MSA columns:
# 22-31
name=unknown_B
#
# <colnr> <probs for GDERKNQSTAVLIFYWHMCP>
#	G	D	E	R	K	N	Q	S	T	A	V	L	I	F	Y	W	H	M	C	P
0	0.01009	0.00719	0.00949	0.01110	0.01165	0.00673	0.00742	0.01161	0.01588	0.02132	0.08754	0.63194	0.05414	0.05785	0.01178	0.00346	0.00480	0.02193	0.00751	0.00659
1	0.01668	0.00839	0.00994	0.00947	0.01162	0.00844	0.00722	0.01972	0.01651	0.09481	0.02534	0.02986	0.02016	0.01993	0.12740	0.05810	0.00752	0.00779	0.49323	0.00788
2	0.09089	0.00810	0.00960	0.01087	0.01175	0.00801	0.00727	0.01270	0.01479	0.02163	0.03832	0.53780	0.04531	0.12645	0.01441	0.00389	0.00535	0.01941	0.00688	0.00657
3	0.61434	0.01693	0.01428	0.01227	0.01751	0.01944	0.01007	0.12561	0.04819	0.03871	0.01368	0.01503	0.01038	0.00806	0.00569	0.00251	0.00672	0.00510	0.00569	0.00981
4	0.01163	0.00881	0.01093	0.01218	0.01335	0.00889	0.00843	0.01668	0.12272	0.02295	0.04275	0.59470	0.04878	0.02298	0.01000	0.00320	0.00500	0.02072	0.00765	0.00765
5	0.02173	0.01161	0.01490	0.01262	0.01671	0.01049	0.00985	0.04847	0.04561	0.25729	0.22866	0.13843	0.04191	0.01399	0.00870	0.00251	0.00557	0.01208	0.00862	0.09025
6	0.49323	0.01673	0.06325	0.01300	0.03748	0.01598	0.01087	0.02241	0.01530	0.03279	0.06488	0.01845	0.01518	0.00869	0.00667	0.02608	0.00660	0.00558	0.00511	0.12172
7	0.03135	0.01506	0.02080	0.01986	0.11677	0.01392	0.01388	0.03701	0.09358	0.47608	0.02893	0.02637	0.01922	0.00957	0.00807	0.00247	0.00722	0.00800	0.00873	0.04309
8	0.01754	0.01078	0.01329	0.01280	0.01511	0.01063	0.00929	0.12095	0.02017	0.12231	0.03691	0.43441	0.03984	0.08048	0.01234	0.00343	0.00602	0.01721	0.00778	0.00874
9	0.02592	0.04493	0.02705	0.09110	0.02935	0.01694	0.15159	0.12023	0.02297	0.25059	0.05513	0.02469	0.01829	0.00895	0.00823	0.00243	0.00896	0.00814	0.00698	0.07752

[dist]
# distance from previous block
# <min> <max>
7	22

[block]
# block no. 2 follows, 23 sequences, length 169
# corresponding to MSA columns:
# 56-224
name=unknown_C
#
# <colnr> <probs for GDERKNQSTAVLIFYWHMCP>
#	G	D	E	R	K	N	Q	S	T	A	V	L	I	F	Y	W	H	M	C	P
0	0.02304	0.01415	0.01759	0.04238	0.05153	0.01398	0.01208	0.03224	0.21034	0.23686	0.06956	0.06172	0.08239	0.01169	0.00827	0.00251	0.00644	0.00986	0.00805	0.08531
1	0.01811	0.01937	0.06182	0.02543	0.06424	0.02082	0.19871	0.05010	0.01655	0.02391	0.01575	0.05980	0.01431	0.01320	0.04169	0.00340	0.30029	0.00869	0.00426	0.03957
2	0.60050	0.05609	0.01560	0.07216	0.02017	0.01904	0.01071	0.05116	0.01562	0.05958	0.01275	0.01477	0.00973	0.00775	0.00557	0.00248	0.00696	0.00492	0.00514	0.00932
3	0.01790	0.01825	0.02815	0.17861	0.06374	0.05911	0.12991	0.02143	0.01537	0.02109	0.01346	0.02015	0.01160	0.01320	0.04347	0.03334	0.29071	0.00753	0.00375	0.00923
4	0.05364	0.01993	0.02632	0.14481	0.03230	0.02208	0.10667	0.31293	0.13049	0.03847	0.02000	0.02175	0.01463	0.00914	0.00823	0.00258	0.00946	0.00781	0.00660	0.01215
5	0.01409	0.00705	0.01057	0.01057	0.01057	0.00705	0.00705	0.01057	0.01057	0.01409	0.01409	0.02467	0.01409	0.02819	0.03171	0.76392	0.00705	0.00705	0.00352	0.00352
6	0.01119	0.00807	0.01058	0.01041	0.01206	0.00746	0.00763	0.01458	0.02161	0.03037	0.54720	0.17952	0.07237	0.01821	0.00971	0.00269	0.00399	0.01621	0.00868	0.00746
7	0.03057	0.01539	0.01843	0.01492	0.02032	0.04100	0.01201	0.09374	0.10070	0.42959	0.06737	0.07036	0.02500	0.01139	0.00835	0.00257	0.00704	0.00937	0.00918	0.01271
8	0.11002	0.05990	0.23818	0.04798	0.08311	0.22087	0.02056	0.08082	0.02042	0.02702	0.01393	0.01638	0.01071	0.00801	0.00726	0.00236	0.01148	0.00578	0.00431	0.01089
9	0.02923	0.03687	0.02315	0.02094	0.02476	0.62577	0.01586	0.03130	0.02209	0.01983	0.01238	0.01490	0.01047	0.00886	0.00898	0.00222	0.07352	0.00539	0.00413	0.00936
10	0.01513	0.00756	0.00756	0.00756	0.00945	0.00756	0.00567	0.01891	0.01702	0.03025	0.02647	0.03025	0.02080	0.00945	0.00567	0.00189	0.00378	0.00756	0.75988	0.00756
11	0.01741	0.01642	0.02773	0.34218	0.34867	0.01803	0.02282	0.02244	0.01771	0.02422	0.05230	0.02314	0.01562	0.00818	0.00816	0.00255	0.00984	0.00765	0.00411	0.01080
12	0.01588	0.01523	0.02682	0.45057	0.04572	0.01797	0.12165	0.02048	0.01598	0.02110	0.01570	0.05170	0.01312	0.01042	0.01163	0.04700	0.07802	0.00828	0.00385	0.00889
13	0.00989	0.00706	0.00942	0.01130	0.01177	0.00659	0.00753	0.01130	0.01554	0.02071	0.04472	0.70954	0.05367	0.02542	0.01036	0.00330	0.00471	0.02307	0.00753	0.00659
14	0.09521	0.01411	0.01617	0.01340	0.01765	0.01447	0.01072	0.20096	0.02653	0.14135	0.30895	0.03869	0.04257	0.01266	0.00848	0.00251	0.00605	0.01048	0.00849	0.01055
15	0.58429	0.01801	0.01465	0.01269	0.01785	0.05408	0.01033	0.11360	0.05363	0.03752	0.01377	0.01513	0.01050	0.00809	0.00577	0.00249	0.00710	0.00513	0.00561	0.00977
16	0.00989	0.00706	0.00942	0.01130	0.01177	0.00659	0.00753	0.01130	0.01554	0.02071	0.04472	0.70954	0.05367	0.02542	0.01036	0.00330	0.00471	0.02307	0.00753	0.00659
17	0.01008	0.00720	0.00964	0.01152	0.01208	0.00676	0.00787	0.01164	0.01573	0.02093	0.04461	0.67165	0.05324	0.02524	0.01041	0.00332	0.00488	0.05903	0.00753	0.00664
18	0.01562	0.01483	0.02440	0.61200	0.05161	0.01887	0.02194	0.02058	0.01576	0.02058	0.01396	0.02115	0.01080	0.00887	0.01040	0.00281	0.09602	0.00720	0.00360	0.00900
19	0.01881	0.02100	0.04475	0.10238	0.07393	0.02021	0.54274	0.02540	0.01882	0.02548	0.01616	0.02177	0.01219	0.00699	0.00935	0.00272	0.01319	0.00922	0.00405	0.01084
20	0.02008	0.01928	0.03294	0.04981	0.66422	0.01928	0.02490	0.02490	0.01848	0.02651	0.01526	0.02008	0.01285	0.00723	0.00803	0.00241	0.00964	0.00723	0.00402	0.01285
21	0.02879	0.03171	0.02585	0.02157	0.02681	0.40807	0.08280	0.19136	0.05427	0.02938	0.01570	0.01739	0.01217	0.00868	0.00781	0.00228	0.01266	0.00642	0.00539	0.01088
22	0.02095	0.01218	0.01505	0.01279	0.01652	0.01192	0.01000	0.09183	0.08616	0.19978	0.33686	0.04422	0.04784	0.04446	0.01032	0.00278	0.00562	0.01151	0.00889	0.01032
23	0.02511	0.01131	0.01521	0.01252	0.01682	0.00999	0.00999	0.02856	0.02311	0.38092	0.31668	0.04258	0.04569	0.01301	0.00880	0.00253	0.00551	0.01111	0.00954	0.01102
24	0.01114	0.00832	0.01028	0.00997	0.01201	0.00757	0.00753	0.01439	0.02122	0.02886	0.45964	0.06646	0.21420	0.04311	0.01082	0.00286	0.00427	0.05164	0.00836	0.00735
25	0.01987	0.02184	0.06857	0.21905	0.37939	0.10370	0.02339	0.02478	0.01836	0.02405	0.01464	0.01962	0.01184	0.00764	0.00794	0.00246	0.01074	0.00689	0.00389	0.01132
26	0.01981	0.01901	0.03245	0.08620	0.62992	0.01921	0.02477	0.02467	0.01835	0.02618	0.01522	0.02017	0.01274	0.00728	0.00804	0.00243	0.00971	0.00723	0.00399	0.01264
27	0.00989	0.00706	0.00942	0.01130	0.01177	0.00659	0.00753	0.01130	0.01554	0.02071	0.04472	0.70954	0.05367	0.02542	0.01036	0.00330	0.00471	0.02307	0.00753	0.00659
28	0.17279	0.05899	0.09889	0.01551	0.02231	0.01751	0.01425	0.14279	0.02303	0.32159	0.02249	0.02129	0.01505	0.00905	0.00733	0.00246	0.00787	0.00681	0.00756	0.01244
29	0.02812	0.01510	0.05524	0.01432	0.01991	0.01283	0.01225	0.08063	0.05905	0.40238	0.13944	0.03500	0.06552	0.01165	0.00846	0.00254	0.00665	0.00964	0.00907	0.01221
30	0.03641	0.01381	0.01883	0.01444	0.02071	0.01193	0.01193	0.03954	0.02322	0.66984	0.03201	0.02762	0.02009	0.01004	0.00816	0.00251	0.00690	0.00816	0.01004	0.01381
31	0.06988	0.01284	0.01656	0.01314	0.01864	0.01132	0.01073	0.03355	0.02202	0.51327	0.06591	0.03574	0.11633	0.01175	0.00827	0.00255	0.00633	0.00957	0.00936	0.01225
32	0.02776	0.17523	0.02440	0.01621	0.04726	0.08797	0.01296	0.05541	0.04956	0.29681	0.10180	0.02652	0.02353	0.00989	0.00758	0.00230	0.00791	0.00777	0.00740	0.01174
33	0.03641	0.01381	0.01883	0.01444	0.02071	0.01193	0.01193	0.03954	0.02322	0.66984	0.03201	0.02762	0.02009	0.01004	0.00816	0.00251	0.00690	0.00816	0.01004	0.01381
34	0.01331	0.00860	0.01133	0.01067	0.01277	0.00788	0.00799	0.01682	0.02218	0.08235	0.54269	0.12853	0.06954	0.01702	0.00954	0.00263	0.00417	0.01506	0.00887	0.00803
35	0.26248	0.02604	0.26365	0.12408	0.06916	0.01869	0.07801	0.02432	0.01618	0.02850	0.01369	0.01715	0.01021	0.00760	0.00709	0.00258	0.00997	0.00607	0.00407	0.01045
36	0.01607	0.01527	0.02622	0.52923	0.15633	0.01788	0.04922	0.02128	0.01671	0.02194	0.01589	0.04947	0.01298	0.00861	0.00826	0.00268	0.01049	0.00797	0.00386	0.00965
37	0.02307	0.62786	0.03976	0.01458	0.02123	0.09353	0.01398	0.02565	0.01736	0.04379	0.01219	0.01372	0.01078	0.00720	0.00552	0.00180	0.00918	0.00457	0.00379	0.01045
38	0.04855	0.02032	0.10341	0.27218	0.04324	0.01875	0.26571	0.02417	0.04323	0.02508	0.04421	0.02295	0.01472	0.00803	0.00859	0.00269	0.01141	0.00831	0.00427	0.01019
39	0.07117	0.02124	0.05663	0.01719	0.02272	0.08102	0.01441	0.19369	0.25655	0.10476	0.02563	0.02714	0.01942	0.01053	0.00805	0.00261	0.00825	0.03918	0.00752	0.01230
40	0.00989	0.00706	0.00942	0.01130	0.01177	0.00659	0.00753	0.01130	0.01554	0.02071	0.04472	0.70954	0.05367	0.02542	0.01036	0.00330	0.00471	0.02307	0.00753	0.00659
41	0.03106	0.02157	0.02353	0.01813	0.02453	0.02354	0.01495	0.55072	0.05862	0.11779	0.02133	0.02076	0.01488	0.00982	0.00813	0.00245	0.00862	0.00747	0.00833	0.01377
42	0.06423	0.23184	0.38009	0.01850	0.02810	0.02174	0.02185	0.02461	0.01671	0.02454	0.01340	0.01568	0.01042	0.00729	0.00664	0.00218	0.01004	0.00529	0.00369	0.09316
43	0.02367	0.04403	0.01869	0.01330	0.01995	0.01295	0.01084	0.02890	0.07845	0.23454	0.02172	0.02142	0.01576	0.00782	0.00688	0.00179	0.00645	0.00628	0.00677	0.41980
44	0.01627	0.04197	0.67279	0.02313	0.03512	0.01884	0.02998	0.02570	0.01713	0.02570	0.01456	0.01713	0.01028	0.00771	0.00771	0.00257	0.01199	0.00600	0.00343	0.01199
45	0.01803	0.01718	0.02922	0.32850	0.40158	0.01874	0.02388	0.02310	0.01750	0.02401	0.01490	0.02075	0.01197	0.00761	0.00807	0.00254	0.01015	0.00722	0.00384	0.01120
46	0.01479	0.01411	0.02007	0.01803	0.01925	0.04188	0.07592	0.01693	0.01495	0.02074	0.02688	0.33419	0.03047	0.01835	0.01670	0.00329	0.28534	0.01458	0.00545	0.00806
47	0.01180	0.00787	0.00885	0.00885	0.00885	0.00787	0.00492	0.01180	0.01180	0.01573	0.02557	0.05310	0.02950	0.71483	0.04130	0.00787	0.00787	0.01180	0.00492	0.00492
48	0.01858	0.02076	0.04433	0.13376	0.04444	0.02014	0.54255	0.02520	0.01871	0.02520	0.01612	0.02185	0.01209	0.00703	0.00936	0.00273	0.01325	0.00922	0.00403	0.01065
49	0.01119	0.00828	0.01043	0.00990	0.01194	0.00753	0.00742	0.01474	0.02227	0.03087	0.56910	0.06336	0.16844	0.01721	0.00957	0.00258	0.00387	0.01506	0.00871	0.00753
50	0.01775	0.01775	0.02485	0.02130	0.02130	0.02485	0.01775	0.01953	0.01243	0.01953	0.01065	0.01775	0.01065	0.01420	0.02663	0.00355	0.69998	0.00710	0.00355	0.00888
51	0.02018	0.01743	0.01835	0.01651	0.02110	0.02018	0.01284	0.04312	0.64956	0.03394	0.03303	0.03027	0.02477	0.01101	0.00826	0.00275	0.00642	0.00917	0.00826	0.01284
52	0.00999	0.00718	0.00931	0.01097	0.01154	0.00668	0.00729	0.01135	0.01548	0.02048	0.04572	0.63264	0.08743	0.06741	0.01221	0.00354	0.00487	0.02203	0.00737	0.00650
53	0.01644	0.04081	0.63652	0.02377	0.03554	0.01894	0.06508	0.02571	0.01725	0.02571	0.01467	0.01741	0.01040	0.00766	0.00782	0.00258	0.01209	0.00620	0.00347	0.01193
54	0.01121	0.00828	0.01046	0.00992	0.01195	0.00754	0.00744	0.01477	0.02231	0.03098	0.57487	0.06319	0.16260	0.01717	0.00957	0.00258	0.00387	0.01504	0.00873	0.00754
55	0.01173	0.00784	0.00887	0.00894	0.00896	0.00782	0.00501	0.01178	0.01193	0.01591	0.02626	0.07680	0.03037	0.68994	0.04018	0.00770	0.00775	0.01221	0.00501	0.00498
56	0.01899	0.02302	0.08311	0.03358	0.04200	0.02043	0.60065	0.02598	0.01904	0.02598	0.01631	0.02162	0.01220	0.00689	0.00947	0.00273	0.01358	0.00937	0.00407	0.01100
57	0.01957	0.01875	0.03200	0.12000	0.59807	0.01914	0.02465	0.02445	0.01823	0.02588	0.01517	0.02025	0.01263	0.00733	0.00804	0.00244	0.00977	0.00723	0.00397	0.01244
58	0.01627	0.04197	0.67279	0.02313	0.03512	0.01884	0.02998	0.02570	0.01713	0.02570	0.01456	0.01713	0.01028	0.00771	0.00771	0.00257	0.01199	0.00600	0.00343	0.01199
59	0.00989	0.00706	0.00942	0.01130	0.01177	0.00659	0.00753	0.01130	0.01554	0.02071	0.04472	0.70954	0.05367	0.02542	0.01036	0.00330	0.00471	0.02307	0.00753	0.00659
60	0.03031	0.03867	0.02299	0.02090	0.02508	0.68226	0.01568	0.03240	0.02299	0.01986	0.01254	0.01463	0.01045	0.00836	0.00732	0.00209	0.01463	0.00523	0.00418	0.00941
61	0.01627	0.04197	0.67279	0.02313	0.03512	0.01884	0.02998	0.02570	0.01713	0.02570	0.01456	0.01713	0.01028	0.00771	0.00771	0.00257	0.01199	0.00600	0.00343	0.01199
62	0.03042	0.02252	0.02411	0.01858	0.02500	0.02497	0.01532	0.61363	0.06237	0.05046	0.02002	0.01991	0.01423	0.00979	0.00812	0.00245	0.00883	0.00738	0.00812	0.01376
63	0.04621	0.04093	0.64662	0.02263	0.03435	0.01882	0.02914	0.02562	0.01700	0.02612	0.01443	0.01697	0.01022	0.00770	0.00760	0.00257	0.01177	0.00593	0.00349	0.01187
64	0.01918	0.02011	0.02513	0.20495	0.08641	0.12076	0.01934	0.02224	0.01555	0.02050	0.01234	0.01853	0.01086	0.01109	0.01717	0.00301	0.35294	0.00686	0.00370	0.00933
65	0.01879	0.01371	0.01584	0.01458	0.01764	0.01448	0.01114	0.27208	0.02513	0.03358	0.03412	0.38649	0.03667	0.01872	0.00947	0.00296	0.00662	0.05055	0.00777	0.00964
66	0.01112	0.00810	0.01046	0.01026	0.01200	0.00744	0.00755	0.01446	0.02154	0.03005	0.52903	0.16240	0.10884	0.01820	0.00969	0.00268	0.00398	0.01613	0.00863	0.00744
67	0.01172	0.00783	0.00887	0.00896	0.00898	0.00781	0.00503	0.01178	0.01196	0.01595	0.02641	0.08194	0.03056	0.68454	0.03994	0.00767	0.00773	0.01230	0.00503	0.00499
68	0.01902	0.02282	0.07692	0.03369	0.04207	0.02044	0.60665	0.02598	0.01906	0.02598	0.01633	0.02167	0.01222	0.00688	0.00949	0.00273	0.01360	0.00941	0.00407	0.01099
69	0.03641	0.01381	0.01883	0.01444	0.02071	0.01193	0.01193	0.03954	0.02322	0.66984	0.03201	0.02762	0.02009	0.01004	0.00816	0.00251	0.00690	0.00816	0.01004	0.01381
70	0.01144	0.00824	0.01089	0.01085	0.01257	0.00769	0.00821	0.01494	0.02154	0.03011	0.51367	0.14938	0.07039	0.01837	0.00985	0.00278	0.00433	0.07866	0.00859	0.00750
71	0.01590	0.01835	0.09460	0.02070	0.02326	0.01918	0.09803	0.01918	0.01488	0.02181	0.04441	0.16297	0.02232	0.01494	0.01828	0.00324	0.36341	0.01091	0.00465	0.00897
72	0.42102	0.01902	0.01781	0.01446	0.02018	0.02150	0.01193	0.31436	0.02534	0.04338	0.01517	0.01617	0.01116	0.00858	0.00649	0.00247	0.00753	0.00577	0.00649	0.01116
73	0.01000	0.00711	0.00938	0.01115	0.01159	0.00667	0.00737	0.01133	0.01531	0.02041	0.04355	0.66929	0.05219	0.06769	0.01225	0.00358	0.00490	0.02238	0.00737	0.00649
74	0.01907	0.02165	0.04656	0.03346	0.04120	0.02077	0.59945	0.02562	0.01877	0.02562	0.01609	0.02165	0.01222	0.00726	0.01055	0.00278	0.05294	0.00943	0.00407	0.01083
75	0.01532	0.01442	0.02434	0.69533	0.05589	0.01803	0.02253	0.02073	0.01622	0.02073	0.01442	0.02163	0.01082	0.00811	0.00811	0.00270	0.01082	0.00721	0.00361	0.00901
76	0.02750	0.01184	0.01598	0.01293	0.01764	0.01040	0.01040	0.03088	0.02313	0.44201	0.25649	0.03941	0.04028	0.01238	0.00866	0.00253	0.00580	0.01049	0.00965	0.01161
77	0.01017	0.00726	0.00974	0.01162	0.01222	0.00684	0.00803	0.01179	0.01582	0.02103	0.04457	0.65443	0.05305	0.02515	0.01043	0.00333	0.00495	0.07537	0.00753	0.00667
78	0.01937	0.02129	0.04445	0.03778	0.18518	0.02024	0.49473	0.02574	0.01900	0.02611	0.01615	0.02147	0.01244	0.00693	0.00922	0.00266	0.01275	0.00904	0.00408	0.01138
79	0.77215	0.01569	0.01193	0.01067	0.01569	0.01820	0.00879	0.02385	0.01381	0.03641	0.01130	0.01318	0.00879	0.00753	0.00502	0.00251	0.00628	0.00439	0.00502	0.00879
80	0.02263	0.64566	0.04040	0.01465	0.02129	0.10280	0.01408	0.02518	0.01719	0.01917	0.01142	0.01319	0.01042	0.00710	0.00544	0.00177	0.00933	0.00444	0.00355	0.01030
81	0.01215	0.00897	0.01272	0.01271	0.01413	0.01013	0.00962	0.03733	0.01415	0.02000	0.02447	0.10686	0.02444	0.10954	0.53080	0.01115	0.01825	0.01046	0.00488	0.00723
82	0.05157	0.01559	0.02572	0.51674	0.19234	0.01832	0.02243	0.02183	0.01662	0.02277	0.01447	0.02089	0.01119	0.00788	0.00795	0.00263	0.01034	0.00708	0.00376	0.00988
83	0.02169	0.71972	0.04252	0.01388	0.02083	0.03211	0.01388	0.02430	0.01649	0.01909	0.01128	0.01302	0.01041	0.00694	0.00521	0.00174	0.00868	0.00434	0.00347	0.01041
84	0.01148	0.00829	0.01085	0.01021	0.01212	0.00766	0.00766	0.01531	0.02297	0.03254	0.65994	0.06061	0.07656	0.01659	0.00957	0.00255	0.00383	0.01467	0.00893	0.00766
85	0.05680	0.00898	0.01128	0.01043	0.01273	0.00847	0.00792	0.01693	0.02245	0.06238	0.59311	0.05633	0.07000	0.01576	0.00924	0.00255	0.00411	0.01378	0.00876	0.00801
86	0.03031	0.03867	0.02299	0.02090	0.02508	0.68226	0.01568	0.03240	0.02299	0.01986	0.01254	0.01463	0.01045	0.00836	0.00732	0.00209	0.01463	0.00523	0.00418	0.00941
87	0.01235	0.00906	0.01207	0.01342	0.01544	0.00878	0.01146	0.01581	0.01899	0.02454	0.09879	0.08677	0.15417	0.02163	0.01080	0.00347	0.00661	0.46087	0.00760	0.00738
88	0.02008	0.01928	0.03294	0.04981	0.66422	0.01928	0.02490	0.02490	0.01848	0.02651	0.01526	0.02008	0.01285	0.00723	0.00803	0.00241	0.00964	0.00723	0.00402	0.01285
89	0.01675	0.10194	0.61702	0.02231	0.03385	0.02002	0.02856	0.02557	0.01707	0.02511	0.01427	0.01677	0.01029	0.00764	0.00749	0.00250	0.01170	0.00585	0.00343	0.01185
90	0.03044	0.02253	0.02412	0.01859	0.02501	0.02497	0.01533	0.61468	0.06129	0.05049	0.01999	0.01989	0.01421	0.00979	0.00812	0.00245	0.00883	0.00738	0.00812	0.01376
91	0.03085	0.02273	0.02435	0.01867	0.02516	0.02516	0.01542	0.63716	0.03815	0.05114	0.01948	0.01948	0.01380	0.00974	0.00812	0.00244	0.00893	0.00731	0.00812	0.01380
92	0.01593	0.01507	0.02527	0.60006	0.11933	0.01843	0.02260	0.02113	0.01632	0.02130	0.01436	0.02132	0.01103	0.00826	0.00883	0.00271	0.03779	0.00721	0.00365	0.00942
93	0.01870	0.02117	0.04601	0.03309	0.04092	0.01984	0.60434	0.02528	0.01898	0.02574	0.01779	0.05523	0.01432	0.00774	0.00961	0.00276	0.01324	0.01023	0.00427	0.01073
94	0.01532	0.01442	0.02434	0.69533	0.05589	0.01803	0.02253	0.02073	0.01622	0.02073	0.01442	0.02163	0.01082	0.00811	0.00811	0.00270	0.01082	0.00721	0.00361	0.00901
95	0.00989	0.00706	0.00942	0.01130	0.01177	0.00659	0.00753	0.01130	0.01554	0.02071	0.04472	0.70954	0.05367	0.02542	0.01036	0.00330	0.00471	0.02307	0.00753	0.00659
96	0.01725	0.03977	0.61337	0.02335	0.03491	0.01865	0.06091	0.02628	0.01749	0.05202	0.01537	0.01781	0.01079	0.00776	0.00783	0.00258	0.01187	0.00627	0.00373	0.01201
97	0.03641	0.01381	0.01883	0.01444	0.02071	0.01193	0.01193	0.03954	0.02322	0.66984	0.03201	0.02762	0.02009	0.01004	0.00816	0.00251	0.00690	0.00816	0.01004	0.01381
98	0.00989	0.00706	0.00942	0.01130	0.01177	0.00659	0.00753	0.01130	0.01554	0.02071	0.04472	0.70954	0.05367	0.02542	0.01036	0.00330	0.00471	0.02307	0.00753	0.00659
99	0.01532	0.01442	0.02434	0.69533	0.05589	0.01803	0.02253	0.02073	0.01622	0.02073	0.01442	0.02163	0.01082	0.00811	0.00811	0.00270	0.01082	0.00721	0.00361	0.00901
100	0.01627	0.04197	0.67279	0.02313	0.03512	0.01884	0.02998	0.02570	0.01713	0.02570	0.01456	0.01713	0.01028	0.00771	0.00771	0.00257	0.01199	0.00600	0.00343	0.01199
101	0.03641	0.01381	0.01883	0.01444	0.02071	0.01193	0.01193	0.03954	0.02322	0.66984	0.03201	0.02762	0.02009	0.01004	0.00816	0.00251	0.00690	0.00816	0.01004	0.01381
102	0.03641	0.01381	0.01883	0.01444	0.02071	0.01193	0.01193	0.03954	0.02322	0.66984	0.03201	0.02762	0.02009	0.01004	0.00816	0.00251	0.00690	0.00816	0.01004	0.01381
103	0.00959	0.00822	0.00822	0.00822	0.01096	0.00685	0.00617	0.01165	0.01850	0.02192	0.08220	0.07809	0.66092	0.02055	0.00959	0.00274	0.00411	0.01713	0.00754	0.00685
104	0.02003	0.01943	0.03380	0.04890	0.62812	0.01935	0.06030	0.02497	0.01852	0.02648	0.01533	0.02019	0.01282	0.00721	0.00812	0.00243	0.00987	0.00737	0.00402	0.01274
105	0.01627	0.04197	0.67279	0.02313	0.03512	0.01884	0.02998	0.02570	0.01713	0.02570	0.01456	0.01713	0.01028	0.00771	0.00771	0.00257	0.01199	0.00600	0.00343	0.01199
106	0.01627	0.04197	0.67279	0.02313	0.03512	0.01884	0.02998	0.02570	0.01713	0.02570	0.01456	0.01713	0.01028	0.00771	0.00771	0.00257	0.01199	0.00600	0.00343	0.01199
107	0.01894	0.02338	0.09437	0.03338	0.04187	0.02040	0.58975	0.02597	0.01900	0.02597	0.01628	0.02153	0.01216	0.00690	0.00944	0.00272	0.01355	0.00931	0.00405	0.01102
108	0.01627	0.04197	0.67279	0.02313	0.03512	0.01884	0.02998	0.02570	0.01713	0.02570	0.01456	0.01713	0.01028	0.00771	0.00771	0.00257	0.01199	0.00600	0.00343	0.01199
109	0.01159	0.00869	0.01304	0.01304	0.01449	0.01014	0.01014	0.01449	0.01304	0.01884	0.02173	0.03188	0.02029	0.06086	0.68268	0.01304	0.02173	0.00869	0.00435	0.00724
110	0.01180	0.00850	0.01129	0.01115	0.01306	0.00799	0.00874	0.01561	0.02211	0.03089	0.53675	0.06678	0.07060	0.01775	0.00990	0.00279	0.00456	0.13346	0.00864	0.00762
111	0.01627	0.04197	0.67279	0.02313	0.03512	0.01884	0.02998	0.02570	0.01713	0.02570	0.01456	0.01713	0.01028	0.00771	0.00771	0.00257	0.01199	0.00600	0.00343	0.01199
112	0.00989	0.00706	0.00942	0.01130	0.01177	0.00659	0.00753	0.01130	0.01554	0.02071	0.04472	0.70954	0.05367	0.02542	0.01036	0.00330	0.00471	0.02307	0.00753	0.00659
113	0.01122	0.00821	0.01053	0.01010	0.01200	0.00752	0.00752	0.01475	0.02213	0.03090	0.57257	0.10190	0.12537	0.01747	0.00962	0.00261	0.00391	0.01540	0.00873	0.00752
114	0.03641	0.01381	0.01883	0.01444	0.02071	0.01193	0.01193	0.03954	0.02322	0.66984	0.03201	0.02762	0.02009	0.01004	0.00816	0.00251	0.00690	0.00816	0.01004	0.01381
115	0.03641	0.01381	0.01883	0.01444	0.02071	0.01193	0.01193	0.03954	0.02322	0.66984	0.03201	0.02762	0.02009	0.01004	0.00816	0.00251	0.00690	0.00816	0.01004	0.01381
116	0.01605	0.04041	0.64203	0.02253	0.03405	0.01832	0.02894	0.02521	0.01740	0.02601	0.04455	0.01915	0.01336	0.00812	0.00780	0.00257	0.01161	0.00640	0.00368	0.01179
117	0.02008	0.01928	0.03294	0.04981	0.66422	0.01928	0.02490	0.02490	0.01848	0.02651	0.01526	0.02008	0.01285	0.00723	0.00803	0.00241	0.00964	0.00723	0.00402	0.01285
118	0.01775	0.01775	0.02485	0.02130	0.02130	0.02485	0.01775	0.01953	0.01243	0.01953	0.01065	0.01775	0.01065	0.01420	0.02663	0.00355	0.69998	0.00710	0.00355	0.00888
119	0.01915	0.02189	0.04788	0.03420	0.04241	0.02052	0.63475	0.02599	0.01915	0.02599	0.01642	0.02189	0.01231	0.00684	0.00958	0.00274	0.01368	0.00958	0.00410	0.01094
120	0.02021	0.02139	0.04610	0.03299	0.04108	0.01999	0.59656	0.02682	0.01940	0.06547	0.01737	0.02224	0.01279	0.00704	0.00949	0.00272	0.01326	0.00949	0.00447	0.01112
121	0.01710	0.04082	0.64609	0.02277	0.03453	0.01856	0.02924	0.02626	0.01738	0.05200	0.01527	0.01756	0.01068	0.00780	0.00773	0.00257	0.01178	0.00608	0.00370	0.01207
122	0.03618	0.01417	0.01905	0.01461	0.02089	0.01246	0.01207	0.06364	0.02383	0.64489	0.03151	0.02729	0.01983	0.01003	0.00816	0.00251	0.00699	0.00813	0.00997	0.01381
123	0.01359	0.00832	0.01115	0.01172	0.01332	0.00769	0.00854	0.01597	0.01843	0.09860	0.18724	0.42581	0.05456	0.02132	0.00999	0.00307	0.00499	0.06978	0.00814	0.00775
124	0.02008	0.01928	0.03294	0.04981	0.66422	0.01928	0.02490	0.02490	0.01848	0.02651	0.01526	0.02008	0.01285	0.00723	0.00803	0.00241	0.00964	0.00723	0.00402	0.01285
125	0.02370	0.01912	0.01919	0.01574	0.02051	0.07838	0.01259	0.35059	0.05524	0.04029	0.17304	0.03508	0.09645	0.01238	0.00854	0.00248	0.00767	0.00992	0.00789	0.01122
126	0.03117	0.01267	0.01703	0.01345	0.01888	0.01100	0.01096	0.03435	0.02290	0.53836	0.12549	0.03546	0.06751	0.01163	0.00845	0.00253	0.00629	0.00965	0.00973	0.01250
127	0.01353	0.01276	0.02409	0.02011	0.02356	0.01197	0.24416	0.01710	0.01705	0.02288	0.03397	0.42044	0.03775	0.01827	0.01010	0.00311	0.00822	0.04642	0.00624	0.00827
128	0.06099	0.17608	0.05466	0.01507	0.02125	0.01824	0.01347	0.03370	0.04657	0.39905	0.02436	0.02272	0.01658	0.00942	0.00847	0.00241	0.04999	0.00701	0.00756	0.01240
129	0.01774	0.01913	0.03920	0.27801	0.04738	0.01960	0.40898	0.02405	0.01807	0.02405	0.01568	0.02179	0.01176	0.00731	0.00904	0.00272	0.01262	0.00870	0.00392	0.01023
130	0.03031	0.03867	0.02299	0.02090	0.02508	0.68226	0.01568	0.03240	0.02299	0.01986	0.01254	0.01463	0.01045	0.00836	0.00732	0.00209	0.01463	0.00523	0.00418	0.00941
131	0.02009	0.01917	0.03210	0.04790	0.62743	0.01933	0.02421	0.02594	0.05458	0.02693	0.01628	0.02067	0.01353	0.00745	0.00805	0.00243	0.00946	0.00734	0.00426	0.01285
132	0.02276	0.01871	0.01980	0.01704	0.02208	0.02139	0.01347	0.18690	0.50157	0.03811	0.02975	0.02766	0.02211	0.01070	0.00822	0.00268	0.00703	0.00872	0.00822	0.01307
133	0.01025	0.00720	0.00969	0.01149	0.01203	0.00678	0.00785	0.01161	0.01553	0.02067	0.04338	0.64403	0.05164	0.02535	0.01127	0.03400	0.00497	0.05838	0.00737	0.00652
134	0.03085	0.02273	0.02435	0.01867	0.02516	0.02516	0.01542	0.63716	0.03815	0.05114	0.01948	0.01948	0.01380	0.00974	0.00812	0.00244	0.00893	0.00731	0.00812	0.01380
135	0.01180	0.00887	0.01130	0.01230	0.01444	0.00837	0.01029	0.01502	0.01911	0.02448	0.12535	0.08380	0.24279	0.02117	0.01051	0.00329	0.00600	0.35615	0.00766	0.00730
136	0.01007	0.00720	0.00958	0.01117	0.01181	0.00671	0.00755	0.01176	0.01639	0.02208	0.11563	0.63475	0.05631	0.02440	0.01027	0.00321	0.00461	0.02210	0.00769	0.00671
137	0.02132	0.67238	0.08654	0.01453	0.02182	0.03118	0.01501	0.02439	0.01653	0.01955	0.01151	0.01330	0.01040	0.00700	0.00538	0.00179	0.00891	0.00445	0.00347	0.01052
138	0.05308	0.03978	0.61495	0.02360	0.05955	0.01883	0.02875	0.02558	0.01702	0.02625	0.01443	0.01706	0.01031	0.00768	0.00759	0.00256	0.01162	0.00597	0.00353	0.01187
139	0.00959	0.00822	0.00822	0.00822	0.01096	0.00685	0.00617	0.01165	0.01850	0.02192	0.08220	0.07809	0.66092	0.02055	0.00959	0.00274	0.00411	0.01713	0.00754	0.00685
140	0.00989	0.00706	0.00942	0.01130	0.01177	0.00659	0.00753	0.01130	0.01554	0.02071	0.04472	0.70954	0.05367	0.02542	0.01036	0.00330	0.00471	0.02307	0.00753	0.00659
141	0.01674	0.10021	0.61863	0.02233	0.03389	0.01998	0.02860	0.02558	0.01708	0.02513	0.01428	0.01678	0.01029	0.00764	0.00749	0.00250	0.01171	0.00585	0.00343	0.01186
142	0.02138	0.68095	0.07857	0.01441	0.02164	0.03135	0.01480	0.02438	0.01652	0.01947	0.01147	0.01325	0.01041	0.00699	0.00535	0.00178	0.00887	0.00443	0.00347	0.01050
143	0.01138	0.00829	0.01070	0.01009	0.01206	0.00761	0.00757	0.01510	0.02271	0.03193	0.62689	0.06161	0.10999	0.01682	0.00957	0.00256	0.00384	0.01481	0.00885	0.00761
144	0.01575	0.01486	0.02511	0.63702	0.11084	0.01814	0.02275	0.02111	0.01643	0.02125	0.01450	0.02149	0.01100	0.00803	0.00811	0.00268	0.01071	0.00721	0.00364	0.00936
145	0.01903	0.01821	0.03104	0.19195	0.53026	0.01900	0.02438	0.02398	0.01798	0.02524	0.01508	0.02042	0.01240	0.00742	0.00805	0.00247	0.00990	0.00723	0.00393	0.01201
146	0.03641	0.01381	0.01883	0.01444	0.02071	0.01193	0.01193	0.03954	0.02322	0.66984	0.03201	0.02762	0.02009	0.01004	0.00816	0.00251	0.00690	0.00816	0.01004	0.01381
147	0.03641	0.01381	0.01883	0.01444	0.02071	0.01193	0.01193	0.03954	0.02322	0.66984	0.03201	0.02762	0.02009	0.01004	0.00816	0.00251	0.00690	0.00816	0.01004	0.01381
148	0.02169	0.71972	0.04252	0.01388	0.02083	0.03211	0.01388	0.02430	0.01649	0.01909	0.01128	0.01302	0.01041	0.00694	0.00521	0.00174	0.00868	0.00434	0.00347	0.01041
149	0.01532	0.01442	0.02434	0.69533	0.05589	0.01803	0.02253	0.02073	0.01622	0.02073	0.01442	0.02163	0.01082	0.00811	0.00811	0.00270	0.01082	0.00721	0.00361	0.00901
150	0.00989	0.00706	0.00942	0.01130	0.01177	0.00659	0.00753	0.01130	0.01554	0.02071	0.04472	0.70954	0.05367	0.02542	0.01036	0.00330	0.00471	0.02307	0.00753	0.00659
151	0.01627	0.04197	0.67279	0.02313	0.03512	0.01884	0.02998	0.02570	0.01713	0.02570	0.01456	0.01713	0.01028	0.00771	0.00771	0.00257	0.01199	0.00600	0.00343	0.01199
152	0.01627	0.04197	0.67279	0.02313	0.03512	0.01884	0.02998	0.02570	0.01713	0.02570	0.01456	0.01713	0.01028	0.00771	0.00771	0.00257	0.01199	0.00600	0.00343	0.01199
153	0.01802	0.11406	0.56685	0.02163	0.03274	0.01989	0.02720	0.02634	0.01741	0.06183	0.01520	0.01728	0.01085	0.00776	0.00746	0.00248	0.01134	0.00594	0.00381	0.01192
154	0.00959	0.00822	0.00822	0.00822	0.01096	0.00685	0.00617	0.01165	0.01850	0.02192	0.08220	0.07809	0.66092	0.02055	0.00959	0.00274	0.00411	0.01713	0.00754	0.00685
155	0.04738	0.07087	0.61794	0.02221	0.03369	0.01940	0.02840	0.02556	0.01697	0.02584	0.01428	0.01679	0.01022	0.00767	0.00749	0.00253	0.01161	0.00586	0.00349	0.01179
156	0.01794	0.25029	0.47906	0.02029	0.03073	0.02292	0.02503	0.02527	0.01693	0.02367	0.01355	0.01587	0.01032	0.00747	0.00694	0.00231	0.01097	0.00549	0.00344	0.01151
157	0.01775	0.01775	0.02485	0.02130	0.02130	0.02485	0.01775	0.01953	0.01243	0.01953	0.01065	0.01775	0.01065	0.01420	0.02663	0.00355	0.69998	0.00710	0.00355	0.00888
158	0.03010	0.01241	0.01681	0.01337	0.01854	0.01085	0.01085	0.03342	0.02316	0.50864	0.19083	0.03596	0.03437	0.01170	0.00852	0.00252	0.00613	0.00981	0.00976	0.01225
159	0.01180	0.00787	0.00885	0.00885	0.00885	0.00787	0.00492	0.01180	0.01180	0.01573	0.02557	0.05310	0.02950	0.71483	0.04130	0.00787	0.00787	0.01180	0.00492	0.00492
160	0.02169	0.71972	0.04252	0.01388	0.02083	0.03211	0.01388	0.02430	0.01649	0.01909	0.01128	0.01302	0.01041	0.00694	0.00521	0.00174	0.00868	0.00434	0.00347	0.01041
161	0.02682	0.03308	0.02114	0.01944	0.02311	0.55690	0.01465	0.02906	0.02114	0.01967	0.01426	0.01785	0.01229	0.01815	0.13328	0.00413	0.01596	0.00587	0.00421	0.00900
162	0.03031	0.03867	0.02299	0.02090	0.02508	0.68226	0.01568	0.03240	0.02299	0.01986	0.01254	0.01463	0.01045	0.00836	0.00732	0.00209	0.01463	0.00523	0.00418	0.00941
163	0.01981	0.01900	0.03244	0.08673	0.62942	0.01921	0.02477	0.02466	0.01835	0.02618	0.01521	0.02017	0.01274	0.00728	0.00804	0.00243	0.00971	0.00723	0.00399	0.01263
164	0.01830	0.02295	0.10679	0.03171	0.03981	0.01950	0.53700	0.02506	0.01873	0.02564	0.01797	0.06358	0.01465	0.00806	0.00944	0.00275	0.01296	0.01005	0.00425	0.01078
165	0.01301	0.00930	0.01298	0.01475	0.01662	0.00927	0.01285	0.01675	0.01886	0.02463	0.06878	0.09023	0.04795	0.02217	0.01114	0.00369	0.00732	0.58470	0.00753	0.00748
166	0.01911	0.02100	0.09527	0.07019	0.51506	0.01877	0.05998	0.02448	0.01848	0.02642	0.04221	0.02166	0.01515	0.00768	0.00816	0.00246	0.00991	0.00756	0.00415	0.01229
167	0.77215	0.01569	0.01193	0.01067	0.01569	0.01820	0.00879	0.02385	0.01381	0.03641	0.01130	0.01318	0.00879	0.00753	0.00502	0.00251	0.00628	0.00439	0.00502	0.00879
168	0.01148	0.00829	0.01085	0.01021	0.01212	0.00766	0.00766	0.01531	0.02297	0.03254	0.65994	0.06061	0.07656	0.01659	0.00957	0.00255	0.00383	0.01467	0.00893	0.00766

[dist]
# distance from previous block
# <min> <max>
0	3

[block]
# block no. 3 follows, 23 sequences, length 12
# corresponding to MSA columns:
# 228-239
name=unknown_D
#
# <colnr> <probs for GDERKNQSTAVLIFYWHMCP>
#	G	D	E	R	K	N	Q	S	T	A	V	L	I	F	Y	W	H	M	C	P
0	0.03031	0.03867	0.02299	0.02090	0.02508	0.68226	0.01568	0.03240	0.02299	0.01986	0.01254	0.01463	0.01045	0.00836	0.00732	0.00209	0.01463	0.00523	0.00418	0.00941
1	0.01148	0.00829	0.01085	0.01021	0.01212	0.00766	0.00766	0.01531	0.02297	0.03254	0.65994	0.06061	0.07656	0.01659	0.00957	0.00255	0.00383	0.01467	0.00893	0.00766
2	0.01627	0.04197	0.67279	0.02313	0.03512	0.01884	0.02998	0.02570	0.01713	0.02570	0.01456	0.01713	0.01028	0.00771	0.00771	0.00257	0.01199	0.00600	0.00343	0.01199
3	0.03641	0.01381	0.01883	0.01444	0.02071	0.01193	0.01193	0.03954	0.02322	0.66984	0.03201	0.02762	0.02009	0.01004	0.00816	0.00251	0.00690	0.00816	0.01004	0.01381
4	0.01148	0.00829	0.01085	0.01021	0.01212	0.00766	0.00766	0.01531	0.02297	0.03254	0.65994	0.06061	0.07656	0.01659	0.00957	0.00255	0.00383	0.01467	0.00893	0.00766
5	0.00989	0.00706	0.00942	0.01130	0.01177	0.00659	0.00753	0.01130	0.01554	0.02071	0.04472	0.70954	0.05367	0.02542	0.01036	0.00330	0.00471	0.02307	0.00753	0.00659
6	0.01532	0.01442	0.02434	0.69533	0.05589	0.01803	0.02253	0.02073	0.01622	0.02073	0.01442	0.02163	0.01082	0.00811	0.00811	0.00270	0.01082	0.00721	0.00361	0.00901
7	0.01148	0.00829	0.01085	0.01021	0.01212	0.00766	0.00766	0.01531	0.02297	0.03254	0.65994	0.06061	0.07656	0.01659	0.00957	0.00255	0.00383	0.01467	0.00893	0.00766
8	0.01627	0.04197	0.67279	0.02313	0.03512	0.01884	0.02998	0.02570	0.01713	0.02570	0.01456	0.01713	0.01028	0.00771	0.00771	0.00257	0.01199	0.00600	0.00343	0.01199
9	0.01870	0.19917	0.47234	0.02079	0.03096	0.07706	0.02505	0.02593	0.01747	0.02368	0.01363	0.01597	0.01032	0.00759	0.00710	0.00234	0.01144	0.00555	0.00350	0.01141
10	0.02091	0.62118	0.13416	0.01523	0.02290	0.03018	0.01622	0.02450	0.01658	0.02005	0.01176	0.01361	0.01039	0.00705	0.00557	0.00186	0.00916	0.00458	0.00346	0.01064
11	0.01673	0.09836	0.62035	0.02236	0.03393	0.01995	0.02864	0.02558	0.01708	0.02515	0.01429	0.01679	0.01029	0.00765	0.00750	0.00250	0.01172	0.00586	0.00343	0.01186

[dist]
# distance from previous block
# <min> <max>
7	11

[block]
# block no. 4 follows, 23 sequences, length 171
# corresponding to MSA columns:
# 252-422
name=unknown_E
#
# <colnr> <probs for GDERKNQSTAVLIFYWHMCP>
#	G	D	E	R	K	N	Q	S	T	A	V	L	I	F	Y	W	H	M	C	P
0	0.06811	0.01973	0.02685	0.15714	0.15621	0.02165	0.06605	0.28906	0.05323	0.03687	0.01753	0.02029	0.01309	0.00863	0.00804	0.00252	0.00954	0.00736	0.00595	0.01213
1	0.05280	0.01749	0.03285	0.22740	0.14924	0.01810	0.25527	0.02284	0.01777	0.02488	0.05326	0.02350	0.01567	0.00885	0.00966	0.03677	0.01092	0.00842	0.00424	0.01008
2	0.05320	0.01959	0.08390	0.19195	0.26394	0.01816	0.12971	0.02349	0.01780	0.02567	0.03915	0.02152	0.01421	0.00770	0.00809	0.00249	0.01022	0.00753	0.00417	0.05752
3	0.01561	0.03481	0.51779	0.02154	0.03152	0.01698	0.06336	0.02389	0.01828	0.02692	0.12821	0.02507	0.02207	0.00922	0.00815	0.00258	0.01066	0.00774	0.00444	0.01116
4	0.01618	0.04392	0.01374	0.01110	0.01399	0.00957	0.00868	0.01983	0.02270	0.13917	0.52259	0.05274	0.06383	0.01502	0.00912	0.00251	0.00458	0.01307	0.00885	0.00883
5	0.01664	0.03963	0.60303	0.02511	0.06625	0.01897	0.06704	0.02568	0.01732	0.02575	0.01471	0.01757	0.01053	0.00763	0.00784	0.00257	0.01198	0.00628	0.00350	0.01197
6	0.16731	0.52482	0.06176	0.01385	0.02061	0.02856	0.01363	0.05112	0.01694	0.02412	0.01178	0.01350	0.01024	0.00721	0.00540	0.00195	0.00836	0.00455	0.00397	0.01031
7	0.05554	0.54582	0.03709	0.01523	0.02151	0.16885	0.01405	0.02599	0.01775	0.01999	0.01155	0.01336	0.01035	0.00727	0.00564	0.00184	0.00983	0.00453	0.00369	0.01013
8	0.00989	0.00706	0.00942	0.01130	0.01177	0.00659	0.00753	0.01130	0.01554	0.02071	0.04472	0.70954	0.05367	0.02542	0.01036	0.00330	0.00471	0.02307	0.00753	0.00659
9	0.77215	0.01569	0.01193	0.01067	0.01569	0.01820	0.00879	0.02385	0.01381	0.03641	0.01130	0.01318	0.00879	0.00753	0.00502	0.00251	0.00628	0.00439	0.00502	0.00879
10	0.00989	0.00706	0.00942	0.01130	0.01177	0.00659	0.00753	0.01130	0.01554	0.02071	0.04472	0.70954	0.05367	0.02542	0.01036	0.00330	0.00471	0.02307	0.00753	0.00659
11	0.03085	0.02273	0.02435	0.01867	0.02516	0.02516	0.01542	0.63716	0.03815	0.05114	0.01948	0.01948	0.01380	0.00974	0.00812	0.00244	0.00893	0.00731	0.00812	0.01380
12	0.01308	0.00934	0.01308	0.01494	0.01681	0.00934	0.01308	0.01681	0.01868	0.02428	0.04296	0.09153	0.04670	0.02242	0.01121	0.00374	0.00747	0.60960	0.00747	0.00747
13	0.00989	0.00706	0.00942	0.01130	0.01177	0.00659	0.00753	0.01130	0.01554	0.02071	0.04472	0.70954	0.05367	0.02542	0.01036	0.00330	0.00471	0.02307	0.00753	0.00659
14	0.00959	0.00822	0.00822	0.00822	0.01096	0.00685	0.00617	0.01165	0.01850	0.02192	0.08220	0.07809	0.66092	0.02055	0.00959	0.00274	0.00411	0.01713	0.00754	0.00685
15	0.02169	0.71972	0.04252	0.01388	0.02083	0.03211	0.01388	0.02430	0.01649	0.01909	0.01128	0.01302	0.01041	0.00694	0.00521	0.00174	0.00868	0.00434	0.00347	0.01041
16	0.03085	0.02273	0.02435	0.01867	0.02516	0.02516	0.01542	0.63716	0.03815	0.05114	0.01948	0.01948	0.01380	0.00974	0.00812	0.00244	0.00893	0.00731	0.00812	0.01380
17	0.01915	0.02189	0.04788	0.03420	0.04241	0.02052	0.63475	0.02599	0.01915	0.02599	0.01642	0.02189	0.01231	0.00684	0.00958	0.00274	0.01368	0.00958	0.00410	0.01094
18	0.03031	0.03867	0.02299	0.02090	0.02508	0.68226	0.01568	0.03240	0.02299	0.01986	0.01254	0.01463	0.01045	0.00836	0.00732	0.00209	0.01463	0.00523	0.00418	0.00941
19	0.03031	0.03867	0.02299	0.02090	0.02508	0.68226	0.01568	0.03240	0.02299	0.01986	0.01254	0.01463	0.01045	0.00836	0.00732	0.00209	0.01463	0.00523	0.00418	0.00941
20	0.01897	0.02154	0.04678	0.06518	0.04304	0.02040	0.60606	0.02575	0.01901	0.02575	0.01632	0.02188	0.01224	0.00690	0.00951	0.00273	0.01355	0.00947	0.00408	0.01085
21	0.01159	0.00869	0.01304	0.01304	0.01449	0.01014	0.01014	0.01449	0.01304	0.01884	0.02173	0.03188	0.02029	0.06086	0.68268	0.01304	0.02173	0.00869	0.00435	0.00724
22	0.01130	0.00829	0.01059	0.01002	0.01201	0.00758	0.00751	0.01496	0.02254	0.03151	0.60406	0.06230	0.13308	0.01697	0.00957	0.00257	0.00386	0.01491	0.00880	0.00758
23	0.00989	0.00706	0.00942	0.01130	0.01177	0.00659	0.00753	0.01130	0.01554	0.02071	0.04472	0.70954	0.05367	0.02542	0.01036	0.00330	0.00471	0.02307	0.00753	0.00659
24	0.02114	0.01722	0.01838	0.01639	0.02108	0.01970	0.01279	0.04291	0.61260	0.07147	0.03297	0.03012	0.02449	0.01095	0.00825	0.00274	0.00645	0.00911	0.00836	0.01290
25	0.02008	0.01928	0.03294	0.04981	0.66422	0.01928	0.02490	0.02490	0.01848	0.02651	0.01526	0.02008	0.01285	0.00723	0.00803	0.00241	0.00964	0.00723	0.00402	0.01285
26	0.01683	0.01442	0.01683	0.01202	0.01923	0.01082	0.00961	0.02043	0.01683	0.02644	0.01442	0.01683	0.01202	0.00601	0.00601	0.00120	0.00601	0.00481	0.00481	0.76444
27	0.01532	0.01442	0.02434	0.69533	0.05589	0.01803	0.02253	0.02073	0.01622	0.02073	0.01442	0.02163	0.01082	0.00811	0.00811	0.00270	0.01082	0.00721	0.00361	0.00901
28	0.02169	0.71972	0.04252	0.01388	0.02083	0.03211	0.01388	0.02430	0.01649	0.01909	0.01128	0.01302	0.01041	0.00694	0.00521	0.00174	0.00868	0.00434	0.00347	0.01041
29	0.03119	0.02218	0.02401	0.01841	0.02489	0.02435	0.01521	0.60029	0.03723	0.08931	0.02025	0.01998	0.01419	0.00976	0.00812	0.00244	0.00880	0.00736	0.00824	0.01380
30	0.02018	0.01743	0.01835	0.01651	0.02110	0.02018	0.01284	0.04312	0.64956	0.03394	0.03303	0.03027	0.02477	0.01101	0.00826	0.00275	0.00642	0.00917	0.00826	0.01284
31	0.01211	0.00903	0.01174	0.01309	0.01520	0.00865	0.01117	0.01539	0.01863	0.02363	0.05379	0.08782	0.21618	0.02190	0.01076	0.00346	0.00654	0.44612	0.00749	0.00730
32	0.01683	0.01442	0.01683	0.01202	0.01923	0.01082	0.00961	0.02043	0.01683	0.02644	0.01442	0.01683	0.01202	0.00601	0.00601	0.00120	0.00601	0.00481	0.00481	0.76444
33	0.01532	0.01442	0.02434	0.69533	0.05589	0.01803	0.02253	0.02073	0.01622	0.02073	0.01442	0.02163	0.01082	0.00811	0.00811	0.00270	0.01082	0.00721	0.00361	0.00901
34	0.03467	0.01390	0.01862	0.01439	0.02042	0.01229	0.01184	0.06612	0.02391	0.60323	0.06848	0.02918	0.02312	0.01042	0.00824	0.00251	0.00682	0.00850	0.00989	0.01345
35	0.02169	0.71972	0.04252	0.01388	0.02083	0.03211	0.01388	0.02430	0.01649	0.01909	0.01128	0.01302	0.01041	0.00694	0.00521	0.00174	0.00868	0.00434	0.00347	0.01041
36	0.01776	0.01775	0.02546	0.02136	0.02217	0.02382	0.04619	0.01988	0.01300	0.02024	0.01114	0.01789	0.01081	0.01337	0.02461	0.00337	0.62687	0.00708	0.00365	0.05356
37	0.01775	0.01775	0.02485	0.02130	0.02130	0.02485	0.01775	0.01953	0.01243	0.01953	0.01065	0.01775	0.01065	0.01420	0.02663	0.00355	0.69998	0.00710	0.00355	0.00888
38	0.01154	0.00776	0.00893	0.00919	0.00925	0.00769	0.00528	0.01173	0.01231	0.01642	0.02820	0.14333	0.03282	0.62007	0.03705	0.00724	0.00743	0.01335	0.00528	0.00515
