[name]
unknown

[dist]
# distance from previous block
# <min> <max>
7	520

[block]
# block no. 0 follows, 20 sequences, length 6
# corresponding to MSA columns:
# 684-689
name=unknown_A
#
# <colnr> <probs for GDERKNQSTAVLIFYWHMCP>
#	G	D	E	R	K	N	Q	S	T	A	V	L	I	F	Y	W	H	M	C	P
0	0.01862	0.05917	0.23070	0.02505	0.07091	0.04790	0.11543	0.02634	0.06998	0.02696	0.05367	0.10336	0.02234	0.01188	0.01101	0.00293	0.07705	0.01014	0.00518	0.01137
1	0.02248	0.10436	0.13274	0.02667	0.16244	0.15227	0.01980	0.06011	0.04932	0.02766	0.05148	0.07430	0.02021	0.01043	0.00826	0.00250	0.01062	0.00848	0.00526	0.05060
2	0.06451	0.07809	0.08787	0.02151	0.09990	0.02042	0.01657	0.08798	0.14977	0.08105	0.02508	0.02818	0.04213	0.06709	0.01250	0.00317	0.05331	0.00843	0.00644	0.04601
3	0.02626	0.12140	0.02491	0.01678	0.02228	0.02334	0.01375	0.37210	0.03106	0.04096	0.02605	0.07298	0.05392	0.09966	0.01310	0.00334	0.00882	0.00973	0.00746	0.01212
4	0.02070	0.08563	0.02210	0.01585	0.02024	0.01806	0.01297	0.10057	0.02012	0.06361	0.05400	0.04954	0.01992	0.01737	0.06875	0.06511	0.12853	0.00805	0.00580	0.20310
5	0.01799	0.01574	0.01843	0.08611	0.07376	0.06784	0.01341	0.08655	0.02167	0.02896	0.10099	0.24721	0.03612	0.01577	0.00926	0.00272	0.00772	0.01379	0.00682	0.12914

[dist]
# distance from previous block
# <min> <max>
132	387

[block]
# block no. 1 follows, 20 sequences, length 20
# corresponding to MSA columns:
# 1112-1131
name=unknown_B
#
# <colnr> <probs for GDERKNQSTAVLIFYWHMCP>
#	G	D	E	R	K	N	Q	S	T	A	V	L	I	F	Y	W	H	M	C	P
0	0.01963	0.01912	0.02835	0.02461	0.07618	0.07735	0.17106	0.02367	0.01927	0.05357	0.05681	0.09567	0.06945	0.01494	0.03967	0.00333	0.11256	0.01102	0.00561	0.07813
1	0.01210	0.00913	0.01142	0.01189	0.01378	0.00802	0.00819	0.01395	0.01679	0.02300	0.04277	0.48576	0.07840	0.07721	0.01295	0.00351	0.00555	0.01999	0.00735	0.13824
2	0.01829	0.15783	0.49965	0.02252	0.03373	0.02208	0.02796	0.02672	0.01841	0.02627	0.01708	0.02300	0.01370	0.00920	0.00807	0.00269	0.01194	0.04461	0.00398	0.01227
3	0.03316	0.02443	0.02618	0.02007	0.02705	0.02705	0.01658	0.60995	0.04101	0.05497	0.02094	0.02094	0.01483	0.01047	0.00873	0.00262	0.00960	0.00785	0.00873	0.01483
4	0.01809	0.01550	0.01809	0.01292	0.02067	0.01163	0.01034	0.02196	0.01809	0.02842	0.01550	0.01809	0.01292	0.00646	0.00646	0.00129	0.00646	0.00517	0.00517	0.74677
5	0.01297	0.00951	0.01266	0.01434	0.01630	0.00920	0.01202	0.01635	0.01959	0.02516	0.05338	0.17665	0.14752	0.02421	0.01164	0.00378	0.00703	0.41186	0.00805	0.00779
6	0.01948	0.01633	0.01883	0.01358	0.02126	0.01305	0.01091	0.07613	0.02020	0.03087	0.01600	0.01835	0.01310	0.00683	0.00667	0.00141	0.00675	0.00542	0.00550	0.67934
7	0.01814	0.01550	0.02117	0.21012	0.03155	0.01741	0.01609	0.06832	0.01869	0.02706	0.01946	0.08583	0.01758	0.01156	0.01214	0.00266	0.14154	0.00880	0.07295	0.18341
8	0.01809	0.01550	0.01809	0.01292	0.02067	0.01163	0.01034	0.02196	0.01809	0.02842	0.01550	0.01809	0.01292	0.00646	0.00646	0.00129	0.00646	0.00517	0.00517	0.74677
9	0.01404	0.01274	0.02278	0.05890	0.05550	0.01227	0.16131	0.01747	0.01789	0.02402	0.03689	0.44755	0.04156	0.02021	0.01065	0.00331	0.00815	0.01928	0.00673	0.00876
10	0.01229	0.00893	0.01118	0.01177	0.01199	0.00932	0.00765	0.01312	0.01453	0.01963	0.03535	0.33458	0.04163	0.34226	0.02832	0.00590	0.06105	0.01767	0.00642	0.00643
11	0.03154	0.03984	0.02487	0.02250	0.02665	0.60975	0.01703	0.03377	0.02384	0.02132	0.01333	0.01599	0.01125	0.00947	0.00946	0.00237	0.06672	0.00577	0.00444	0.01007
12	0.03316	0.02443	0.02618	0.02007	0.02705	0.02705	0.01658	0.60995	0.04101	0.05497	0.02094	0.02094	0.01483	0.01047	0.00873	0.00262	0.00960	0.00785	0.00873	0.01483
13	0.02170	0.01874	0.01972	0.01775	0.02268	0.02170	0.01381	0.04635	0.62327	0.03649	0.03550	0.03254	0.02663	0.01183	0.00888	0.00296	0.00690	0.00986	0.00888	0.01381
14	0.02768	0.01706	0.06919	0.01591	0.02169	0.01463	0.01369	0.06493	0.13217	0.31398	0.14617	0.06365	0.03429	0.01280	0.00914	0.00279	0.00716	0.01074	0.00943	0.01292
15	0.01108	0.00808	0.01043	0.01151	0.01268	0.00743	0.00800	0.01339	0.01924	0.02595	0.21631	0.45743	0.11783	0.02418	0.01082	0.00326	0.00474	0.02168	0.00852	0.00743
16	0.35602	0.01829	0.01650	0.01404	0.01925	0.05570	0.01122	0.11967	0.06783	0.07906	0.05040	0.02322	0.01797	0.03833	0.00854	0.00283	0.00758	0.00701	0.03962	0.04692
17	0.07407	0.01916	0.02373	0.01952	0.02402	0.07962	0.08722	0.11737	0.02251	0.13732	0.02341	0.06512	0.01951	0.01763	0.07884	0.00406	0.10068	0.02924	0.04580	0.01115
18	0.02439	0.02116	0.06432	0.03241	0.26784	0.06302	0.05897	0.02904	0.02073	0.14883	0.02132	0.05761	0.01715	0.00929	0.00849	0.00247	0.00971	0.00840	0.00591	0.12895
19	0.01911	0.01428	0.01788	0.04094	0.02073	0.01357	0.03631	0.12811	0.02180	0.05280	0.02769	0.19717	0.02751	0.07731	0.01194	0.00302	0.00730	0.01209	0.05611	0.21432

[dist]
# distance from previous block
# <min> <max>
11	42

[block]
# block no. 2 follows, 20 sequences, length 28
# corresponding to MSA columns:
# 1188-1215
name=unknown_C
#
# <colnr> <probs for GDERKNQSTAVLIFYWHMCP>
#	G	D	E	R	K	N	Q	S	T	A	V	L	I	F	Y	W	H	M	C	P
0	0.10060	0.30914	0.06882	0.01611	0.02185	0.05005	0.01482	0.02704	0.04521	0.09074	0.01999	0.09644	0.01829	0.01128	0.00920	0.00255	0.07336	0.00814	0.00544	0.01094
1	0.07350	0.01178	0.01363	0.01195	0.01555	0.01074	0.00874	0.02090	0.03967	0.10260	0.08324	0.13749	0.06996	0.17864	0.01720	0.00393	0.00657	0.01223	0.00704	0.17466
2	0.01936	0.01657	0.02198	0.05829	0.02527	0.01458	0.07162	0.08766	0.02030	0.02975	0.01759	0.02340	0.01506	0.07957	0.01125	0.00247	0.00819	0.00695	0.00542	0.46472
3	0.05386	0.01045	0.01320	0.04433	0.01721	0.01003	0.00989	0.01841	0.04233	0.06986	0.07138	0.40146	0.04467	0.04068	0.01094	0.00327	0.00601	0.03815	0.00767	0.08619
4	0.09262	0.01036	0.01148	0.01095	0.01394	0.00972	0.00841	0.01811	0.01999	0.08702	0.16711	0.06632	0.28312	0.09151	0.01350	0.00356	0.00569	0.07023	0.00805	0.00831
5	0.11268	0.01633	0.02106	0.08467	0.02601	0.01531	0.06942	0.06966	0.01942	0.03089	0.01718	0.02184	0.01411	0.04310	0.00906	0.00233	0.00804	0.00668	0.05277	0.35946
6	0.02245	0.22903	0.24185	0.02383	0.09758	0.06054	0.02224	0.08580	0.08468	0.02887	0.01719	0.01906	0.01342	0.00861	0.00762	0.00246	0.01077	0.00652	0.00485	0.01263
7	0.42884	0.02147	0.12345	0.01596	0.02264	0.01862	0.05224	0.05416	0.01870	0.07195	0.08041	0.02209	0.01861	0.00938	0.00707	0.00273	0.00820	0.00692	0.00596	0.01062
8	0.01922	0.01772	0.02593	0.01877	0.02632	0.01519	0.13814	0.04438	0.01920	0.02889	0.01595	0.01940	0.01298	0.00725	0.00850	0.00182	0.04305	0.00648	0.00507	0.52574
9	0.01093	0.00772	0.01003	0.01175	0.01218	0.00729	0.00768	0.01223	0.01610	0.02147	0.04500	0.59359	0.05381	0.12679	0.01610	0.00428	0.00557	0.02299	0.00768	0.00682
10	0.02059	0.02353	0.05147	0.03676	0.04559	0.02206	0.60735	0.02794	0.02059	0.02794	0.01765	0.02353	0.01324	0.00735	0.01029	0.00294	0.01471	0.01029	0.00441	0.01176
11	0.02019	0.02627	0.12735	0.03525	0.04459	0.02183	0.53422	0.02790	0.02031	0.02790	0.01739	0.02288	0.01296	0.00747	0.01004	0.00292	0.01448	0.00980	0.00432	0.01191
12	0.02059	0.02353	0.05147	0.03676	0.04559	0.02206	0.60735	0.02794	0.02059	0.02794	0.01765	0.02353	0.01324	0.00735	0.01029	0.00294	0.01471	0.01029	0.00441	0.01176
13	0.01063	0.00759	0.01012	0.01215	0.01265	0.00709	0.00810	0.01215	0.01670	0.02227	0.04808	0.68775	0.05769	0.02733	0.01113	0.00354	0.00506	0.02480	0.00810	0.00709
14	0.01453	0.01298	0.02081	0.45527	0.04444	0.01536	0.01883	0.01898	0.01740	0.02236	0.02880	0.20269	0.06401	0.01450	0.00946	0.00308	0.00943	0.01294	0.00526	0.00885
15	0.02068	0.02282	0.04745	0.03886	0.14449	0.02208	0.47830	0.02738	0.02008	0.02767	0.01711	0.02297	0.01324	0.00784	0.01098	0.00293	0.04904	0.00973	0.00436	0.01199
16	0.01384	0.00997	0.01375	0.01564	0.01771	0.00988	0.01363	0.01775	0.02007	0.02596	0.04863	0.09756	0.08416	0.02398	0.01195	0.00395	0.00782	0.54772	0.00804	0.00799
17	0.08821	0.01453	0.01911	0.01528	0.02147	0.01304	0.01270	0.03893	0.02377	0.54160	0.03395	0.03522	0.02349	0.01189	0.00885	0.00283	0.00743	0.06378	0.01014	0.01380
18	0.01866	0.11015	0.47770	0.02595	0.03754	0.02208	0.13355	0.02752	0.01873	0.02693	0.01564	0.01887	0.01146	0.00803	0.00836	0.00270	0.01284	0.00695	0.00382	0.01251
19	0.01182	0.00809	0.00977	0.01063	0.01084	0.00788	0.00647	0.01246	0.01438	0.01918	0.03619	0.32363	0.04269	0.41191	0.03034	0.00638	0.00702	0.01780	0.00647	0.00605
20	0.01063	0.00759	0.01012	0.01215	0.01265	0.00709	0.00810	0.01215	0.01670	0.02227	0.04808	0.68775	0.05769	0.02733	0.01113	0.00354	0.00506	0.02480	0.00810	0.00709
21	0.01087	0.00880	0.00963	0.01012	0.01254	0.00767	0.00762	0.01311	0.01923	0.02345	0.07609	0.16341	0.47130	0.04708	0.01184	0.00334	0.00506	0.08352	0.00799	0.00733
22	0.01425	0.00980	0.01346	0.08256	0.01934	0.00986	0.01095	0.01791	0.04948	0.06883	0.07523	0.45208	0.04936	0.02258	0.01062	0.00338	0.00622	0.06771	0.00796	0.00841
23	0.03560	0.01582	0.02166	0.01943	0.08198	0.01452	0.01427	0.04139	0.08755	0.52126	0.03279	0.02921	0.02137	0.01061	0.00877	0.00272	0.00765	0.00879	0.00997	0.01464
24	0.03048	0.02185	0.02331	0.01818	0.02437	0.02405	0.01492	0.51638	0.03741	0.05141	0.02213	0.02278	0.01603	0.01042	0.00831	0.00252	0.00872	0.00790	0.12507	0.01377
25	0.70935	0.01862	0.05220	0.01230	0.01816	0.01961	0.01086	0.02576	0.01507	0.03842	0.01236	0.01443	0.00955	0.00811	0.00558	0.00270	0.00713	0.00483	0.00529	0.00966
26	0.09361	0.02285	0.03380	0.04442	0.45142	0.08799	0.08558	0.02763	0.01997	0.02871	0.01582	0.02046	0.01306	0.00789	0.00842	0.00260	0.01104	0.00752	0.00445	0.01279
27	0.01473	0.01091	0.01369	0.01448	0.01701	0.01080	0.01207	0.07351	0.02171	0.02794	0.05304	0.14992	0.17386	0.02269	0.01126	0.00360	0.00709	0.34512	0.00812	0.00845

[dist]
# distance from previous block
# <min> <max>
0	27

[block]
# block no. 3 follows, 20 sequences, length 24
# corresponding to MSA columns:
# 1243-1266
name=unknown_D
#
# <colnr> <probs for GDERKNQSTAVLIFYWHMCP>
#	G	D	E	R	K	N	Q	S	T	A	V	L	I	F	Y	W	H	M	C	P
0	0.02551	0.01382	0.01721	0.01446	0.01912	0.01347	0.01147	0.06009	0.14020	0.27296	0.25815	0.04308	0.04492	0.01361	0.00936	0.00276	0.00619	0.01155	0.00989	0.01217
1	0.07885	0.03140	0.30923	0.02574	0.07745	0.02035	0.11071	0.10652	0.02236	0.07481	0.04671	0.02238	0.01602	0.00901	0.00857	0.00275	0.01127	0.00776	0.00541	0.01270
2	0.02423	0.01860	0.02296	0.01845	0.02336	0.02054	0.06086	0.21746	0.12298	0.05827	0.02325	0.02511	0.01770	0.01078	0.01097	0.00266	0.10073	0.00824	0.15050	0.06235
3	0.01781	0.01687	0.02524	0.12959	0.02847	0.02188	0.05879	0.02077	0.01497	0.02230	0.01618	0.04723	0.01541	0.05997	0.02285	0.00378	0.40191	0.00883	0.05790	0.00924
4	0.08478	0.02351	0.02524	0.01964	0.02602	0.02648	0.01623	0.52620	0.03717	0.05144	0.01964	0.02032	0.01421	0.01063	0.00987	0.00271	0.05608	0.00761	0.00814	0.01407
5	0.01726	0.01007	0.01317	0.01191	0.01490	0.00911	0.00925	0.02110	0.02418	0.14717	0.45652	0.06146	0.10863	0.01712	0.01009	0.00281	0.00494	0.04129	0.00964	0.00939
6	0.16065	0.01073	0.01070	0.00979	0.01312	0.01097	0.00767	0.02441	0.01856	0.11865	0.02616	0.02862	0.01978	0.00986	0.00633	0.00225	0.00504	0.00757	0.49982	0.00931
7	0.01301	0.00961	0.01223	0.01145	0.01371	0.00918	0.00862	0.01857	0.06696	0.03509	0.59214	0.06285	0.07837	0.01741	0.01019	0.00276	0.00431	0.01536	0.00955	0.00862
8	0.54509	0.01423	0.01241	0.01144	0.01531	0.01616	0.00892	0.02159	0.01386	0.03233	0.01300	0.01767	0.01107	0.01440	0.01354	0.21370	0.00698	0.00553	0.00494	0.00784
9	0.02197	0.01856	0.01955	0.01732	0.02231	0.02117	0.01355	0.09799	0.52340	0.03732	0.03796	0.03518	0.06986	0.01245	0.00897	0.00292	0.00698	0.01029	0.00880	0.01344
10	0.02774	0.02113	0.02268	0.01869	0.02464	0.02369	0.01502	0.30176	0.33010	0.07449	0.02885	0.02714	0.02103	0.01117	0.00880	0.00279	0.00815	0.00890	0.00890	0.01432
11	0.01899	0.01529	0.01795	0.01315	0.02047	0.01194	0.01050	0.02370	0.04345	0.05908	0.04674	0.02149	0.01721	0.00743	0.00685	0.00150	0.00641	0.00604	0.00580	0.64603
12	0.01400	0.00986	0.01259	0.01195	0.01430	0.00945	0.00905	0.01953	0.07156	0.05594	0.50114	0.10685	0.07272	0.01801	0.01025	0.00286	0.00467	0.03701	0.00942	0.00882
13	0.02120	0.02032	0.03134	0.14522	0.34124	0.05097	0.06100	0.07146	0.02075	0.02825	0.01839	0.06720	0.01622	0.01004	0.01030	0.00280	0.05732	0.00900	0.00483	0.01215
14	0.01481	0.01314	0.02237	0.06182	0.02511	0.01308	0.15100	0.02019	0.06023	0.02594	0.07668	0.28542	0.04121	0.02082	0.03754	0.00377	0.00902	0.10183	0.00696	0.00906
15	0.01955	0.01438	0.01917	0.01885	0.07032	0.05671	0.05959	0.02342	0.02233	0.12895	0.21459	0.10125	0.08828	0.01644	0.01009	0.00299	0.00756	0.10741	0.00812	0.01000
16	0.02102	0.44045	0.28379	0.01885	0.02846	0.02888	0.02176	0.02671	0.01800	0.02333	0.01352	0.01574	0.01114	0.00779	0.00666	0.00222	0.01074	0.00537	0.00371	0.01186
17	0.01772	0.01680	0.02667	0.32983	0.04103	0.02139	0.06199	0.02204	0.01621	0.02305	0.01521	0.02248	0.01256	0.01119	0.01606	0.00318	0.26031	0.00792	0.06471	0.00965
18	0.03316	0.02443	0.02618	0.02007	0.02705	0.02705	0.01658	0.60995	0.04101	0.05497	0.02094	0.02094	0.01483	0.01047	0.00873	0.00262	0.00960	0.00785	0.00873	0.01483
19	0.01486	0.00968	0.01244	0.01245	0.01450	0.00924	0.00905	0.01942	0.06886	0.08696	0.27693	0.32837	0.06153	0.02080	0.01040	0.00310	0.00506	0.01855	0.00901	0.00880
20	0.03262	0.04040	0.02482	0.02231	0.02697	0.61533	0.01684	0.07409	0.02583	0.02364	0.01399	0.01609	0.01148	0.00909	0.00792	0.00227	0.01531	0.00577	0.00478	0.01043
21	0.02170	0.01874	0.01972	0.01775	0.02268	0.02170	0.01381	0.04635	0.62327	0.03649	0.03550	0.03254	0.02663	0.01183	0.00888	0.00296	0.00690	0.00986	0.00888	0.01381
22	0.03316	0.02443	0.02618	0.02007	0.02705	0.02705	0.01658	0.60995	0.04101	0.05497	0.02094	0.02094	0.01483	0.01047	0.00873	0.00262	0.00960	0.00785	0.00873	0.01483
23	0.59918	0.01622	0.01369	0.01212	0.01731	0.01834	0.00986	0.02742	0.05588	0.08022	0.06468	0.02048	0.01719	0.00930	0.00624	0.00272	0.00659	0.00621	0.00633	0.01000

[dist]
# distance from previous block
# <min> <max>
0	1

[block]
# block no. 4 follows, 20 sequences, length 18
# corresponding to MSA columns:
# 1268-1285
name=unknown_E
#
# <colnr> <probs for GDERKNQSTAVLIFYWHMCP>
#	G	D	E	R	K	N	Q	S	T	A	V	L	I	F	Y	W	H	M	C	P
0	0.01357	0.00953	0.01090	0.01081	0.01154	0.00975	0.00687	0.01636	0.06915	0.02058	0.07171	0.05830	0.03606	0.53840	0.03657	0.00725	0.00799	0.05211	0.00610	0.00645
1	0.01642	0.03541	0.46700	0.02212	0.03223	0.01747	0.05453	0.02497	0.02002	0.02940	0.16366	0.02984	0.02819	0.01052	0.00886	0.00277	0.01088	0.00886	0.00513	0.01172
2	0.01592	0.01701	0.06874	0.39610	0.07609	0.01717	0.07614	0.02129	0.01806	0.02361	0.02632	0.10948	0.07379	0.01199	0.00927	0.00297	0.01049	0.01094	0.00483	0.00979
3	0.02056	0.01884	0.03172	0.08636	0.41385	0.01905	0.07750	0.05279	0.02095	0.03008	0.06073	0.02587	0.01919	0.00884	0.00869	0.00261	0.00982	0.00860	0.07145	0.01248
4	0.02037	0.01827	0.02872	0.40437	0.21526	0.02089	0.02379	0.11086	0.02161	0.02886	0.01656	0.02245	0.01271	0.00872	0.00870	0.00278	0.01098	0.00777	0.00472	0.01160
5	0.01915	0.14579	0.38673	0.02620	0.09089	0.02248	0.07912	0.02785	0.04767	0.02723	0.03682	0.02067	0.01464	0.00851	0.00815	0.00262	0.01166	0.00710	0.00426	0.01249
6	0.01519	0.00972	0.01124	0.01086	0.01229	0.00949	0.00711	0.01777	0.05793	0.07694	0.05833	0.12069	0.10849	0.41219	0.03003	0.00619	0.00727	0.01417	0.00681	0.00728
7	0.02715	0.02448	0.06680	0.01890	0.02540	0.07974	0.01616	0.32402	0.05298	0.04125	0.01921	0.02067	0.01449	0.00986	0.00948	0.00243	0.05590	0.00716	0.04277	0.14113
8	0.01383	0.01110	0.01270	0.01187	0.01418	0.04432	0.00893	0.01866	0.04871	0.03429	0.57645	0.06115	0.07619	0.01711	0.01010	0.00272	0.00486	0.01498	0.00929	0.00856
9	0.02707	0.01689	0.01968	0.01609	0.02134	0.01752	0.01292	0.21105	0.13423	0.19357	0.19123	0.03700	0.03666	0.01276	0.00918	0.00273	0.00712	0.01056	0.00950	0.01289
10	0.02275	0.63512	0.10431	0.01589	0.02388	0.03313	0.01661	0.02627	0.01779	0.02121	0.01247	0.01442	0.01118	0.00754	0.00586	0.00195	0.00967	0.00484	0.00373	0.01136
11	0.03468	0.01904	0.02235	0.01732	0.02388	0.01941	0.01425	0.30011	0.05391	0.32472	0.02803	0.02594	0.01873	0.01066	0.00863	0.00264	0.00823	0.00836	0.04462	0.01448
12	0.01943	0.01119	0.01151	0.01037	0.01333	0.01168	0.00806	0.13090	0.02255	0.03673	0.02705	0.03035	0.02095	0.01022	0.00659	0.00214	0.00510	0.00808	0.60438	0.00939
13	0.02333	0.01837	0.01977	0.01754	0.02264	0.02086	0.01371	0.04599	0.56706	0.09367	0.03540	0.03228	0.02615	0.01174	0.00887	0.00293	0.00695	0.00976	0.00906	0.01390
14	0.02347	0.02105	0.10823	0.01785	0.02349	0.01847	0.01589	0.28715	0.02884	0.06980	0.05262	0.20518	0.03044	0.01565	0.00954	0.00296	0.00845	0.04107	0.00795	0.01190
15	0.02170	0.01874	0.01972	0.01775	0.02268	0.02170	0.01381	0.04635	0.62327	0.03649	0.03550	0.03254	0.02663	0.01183	0.00888	0.00296	0.00690	0.00986	0.00888	0.01381
16	0.02305	0.58351	0.12067	0.01655	0.02455	0.06381	0.01720	0.02674	0.01816	0.02146	0.01264	0.01464	0.01118	0.00764	0.00605	0.00200	0.01010	0.00494	0.00376	0.01135
17	0.02443	0.01931	0.02148	0.01607	0.02338	0.01840	0.01305	0.26393	0.05508	0.03967	0.01864	0.01992	0.01433	0.00835	0.00750	0.00191	0.00777	0.00648	0.00679	0.41352

[dist]
# distance from previous block
# <min> <max>
0	2

[block]
# block no. 5 follows, 20 sequences, length 41
# corresponding to MSA columns:
# 1288-1293,1295-1329
name=unknown_F
#
# <colnr> <probs for GDERKNQSTAVLIFYWHMCP>
#	G	D	E	R	K	N	Q	S	T	A	V	L	I	F	Y	W	H	M	C	P
0	0.01063	0.00759	0.01012	0.01215	0.01265	0.00709	0.00810	0.01215	0.01670	0.02227	0.04808	0.68775	0.05769	0.02733	0.01113	0.00354	0.00506	0.02480	0.00810	0.00709
1	0.01108	0.00798	0.01055	0.01213	0.01303	0.00745	0.00846	0.01315	0.01815	0.02433	0.13094	0.54109	0.08085	0.02561	0.01105	0.00344	0.00510	0.05999	0.00830	0.00732
2	0.01515	0.00758	0.01136	0.01136	0.01136	0.00758	0.00758	0.01136	0.01136	0.01515	0.01515	0.02652	0.01515	0.03030	0.03409	0.74621	0.00758	0.00758	0.00379	0.00379
3	0.03187	0.03712	0.02458	0.02174	0.02666	0.50972	0.01658	0.12800	0.07186	0.02787	0.01632	0.01782	0.01296	0.00944	0.00808	0.00236	0.01409	0.00629	0.00550	0.01115
4	0.01173	0.00815	0.01052	0.01132	0.01246	0.00764	0.00787	0.01429	0.01951	0.02730	0.25956	0.38486	0.06299	0.05714	0.01221	0.00341	0.00483	0.01978	0.05694	0.00748
5	0.02582	0.01880	0.02127	0.01605	0.02322	0.01790	0.01304	0.23177	0.07184	0.10239	0.02086	0.02137	0.01551	0.00871	0.00767	0.00203	0.00769	0.00683	0.00727	0.35995
6	0.01903	0.01512	0.01866	0.07549	0.02412	0.01227	0.01171	0.02307	0.01882	0.06889	0.04872	0.02177	0.01695	0.00755	0.00702	0.00161	0.00689	0.00620	0.00565	0.59046
7	0.60604	0.01769	0.01475	0.01270	0.01820	0.02026	0.01044	0.11919	0.01920	0.04138	0.01429	0.01608	0.01089	0.00857	0.00596	0.00266	0.00708	0.00538	0.03898	0.01025
8	0.03244	0.02668	0.02560	0.02030	0.02680	0.12097	0.01647	0.49304	0.07070	0.04894	0.02063	0.02080	0.01495	0.01033	0.00861	0.00258	0.01036	0.00763	0.00810	0.01407
9	0.01061	0.00766	0.01005	0.01195	0.01260	0.00710	0.00801	0.01217	0.01688	0.02234	0.05041	0.65276	0.09118	0.02702	0.01109	0.00351	0.00502	0.02443	0.00810	0.00710
10	0.01944	0.08117	0.44582	0.02391	0.03473	0.02057	0.09235	0.02901	0.05370	0.05735	0.01827	0.02070	0.01323	0.00854	0.00829	0.00270	0.01185	0.00714	0.03866	0.01258
11	0.15113	0.01891	0.01981	0.01600	0.02127	0.02101	0.01309	0.32458	0.02943	0.07616	0.02123	0.02261	0.01569	0.01028	0.00869	0.00258	0.04420	0.00742	0.16370	0.01221
12	0.01449	0.00874	0.01159	0.01224	0.01375	0.00804	0.00857	0.01661	0.01889	0.10019	0.14511	0.47336	0.05630	0.05358	0.01219	0.00352	0.00534	0.02077	0.00856	0.00815
13	0.02300	0.01868	0.02114	0.01607	0.02290	0.01804	0.01302	0.20047	0.08205	0.03674	0.01881	0.02037	0.01471	0.00866	0.00859	0.00199	0.04445	0.00655	0.00651	0.41725
14	0.01703	0.01607	0.02717	0.60492	0.12327	0.01953	0.02450	0.02278	0.01771	0.02296	0.01560	0.02307	0.01187	0.00862	0.00871	0.00287	0.01149	0.00775	0.00392	0.01014
15	0.02069	0.02733	0.20668	0.02630	0.05960	0.02002	0.19370	0.11425	0.05528	0.03201	0.02062	0.07256	0.01700	0.00979	0.00902	0.00271	0.01125	0.00931	0.00545	0.08644
16	0.01782	0.08117	0.61502	0.02431	0.03691	0.02104	0.03127	0.02754	0.01838	0.02723	0.01546	0.01817	0.01106	0.00824	0.00814	0.00271	0.01269	0.00635	0.00369	0.01280
17	0.01063	0.00759	0.01012	0.01215	0.01265	0.00709	0.00810	0.01215	0.01670	0.02227	0.04808	0.68775	0.05769	0.02733	0.01113	0.00354	0.00506	0.02480	0.00810	0.00709
18	0.01773	0.04351	0.60386	0.02575	0.03834	0.02039	0.07501	0.02765	0.01858	0.02765	0.01580	0.01880	0.01121	0.00822	0.00844	0.00278	0.01303	0.00673	0.00374	0.01281
19	0.02035	0.02306	0.05000	0.07361	0.04643	0.02190	0.57356	0.02761	0.02041	0.02761	0.01752	0.02351	0.01314	0.00743	0.01020	0.00294	0.01453	0.01015	0.00438	0.01164
20	0.01729	0.01634	0.02765	0.57313	0.15301	0.01960	0.02463	0.02301	0.01783	0.02328	0.01565	0.02299	0.01198	0.00857	0.00871	0.00286	0.01142	0.00776	0.00395	0.01035
21	0.01095	0.00782	0.01049	0.01252	0.01317	0.00737	0.00866	0.01271	0.01702	0.02263	0.04790	0.63190	0.05698	0.02702	0.01122	0.00359	0.00534	0.07744	0.00809	0.00717
22	0.01774	0.01578	0.01871	0.17049	0.02897	0.04620	0.01514	0.02964	0.24970	0.02883	0.06255	0.08771	0.08764	0.01485	0.00956	0.00308	0.00810	0.08739	0.00729	0.01060
23	0.03263	0.02417	0.02588	0.01996	0.02685	0.02680	0.01645	0.58384	0.06799	0.05412	0.02162	0.02148	0.01538	0.01053	0.00873	0.00263	0.00947	0.00795	0.00873	0.01479
24	0.02728	0.02109	0.02262	0.01863	0.02438	0.02360	0.01493	0.35891	0.25262	0.04577	0.02830	0.07479	0.02234	0.01222	0.00896	0.00281	0.00827	0.00985	0.00873	0.01388
25	0.01314	0.00970	0.01271	0.01433	0.01590	0.00975	0.01115	0.01796	0.07721	0.02526	0.04606	0.37694	0.05153	0.02446	0.01130	0.00368	0.00649	0.25614	0.00815	0.00814
26	0.01087	0.00921	0.00943	0.00931	0.01227	0.00795	0.00700	0.01403	0.04254	0.02480	0.12246	0.08080	0.57643	0.02143	0.01025	0.00293	0.00449	0.01792	0.00823	0.00766
27	0.01406	0.01004	0.01406	0.01606	0.01807	0.01004	0.01406	0.01807	0.02008	0.02610	0.04618	0.09839	0.05020	0.02410	0.01205	0.00402	0.00803	0.58032	0.00803	0.00803
28	0.01225	0.00884	0.01157	0.01104	0.01301	0.00816	0.00822	0.01621	0.02423	0.03425	0.60072	0.10095	0.08089	0.01838	0.01034	0.00279	0.00417	0.01629	0.00952	0.00816
29	0.01750	0.04512	0.64825	0.02486	0.03775	0.02026	0.03223	0.02762	0.01842	0.02762	0.01565	0.01842	0.01105	0.00829	0.00829	0.00276	0.01289	0.00645	0.00368	0.01289
30	0.02984	0.01279	0.01727	0.01394	0.01906	0.01123	0.01123	0.03347	0.02487	0.43346	0.24253	0.04199	0.04265	0.01324	0.00930	0.00271	0.00628	0.01120	0.01038	0.01255
31	0.01063	0.00759	0.01012	0.01215	0.01265	0.00709	0.00810	0.01215	0.01670	0.02227	0.04808	0.68775	0.05769	0.02733	0.01113	0.00354	0.00506	0.02480	0.00810	0.00709
32	0.01988	0.01409	0.01657	0.01411	0.01791	0.01448	0.01109	0.18689	0.06192	0.06670	0.40291	0.04938	0.05762	0.01513	0.00971	0.00272	0.00596	0.01292	0.00937	0.01068
33	0.02059	0.02353	0.05147	0.03676	0.04559	0.02206	0.60735	0.02794	0.02059	0.02794	0.01765	0.02353	0.01324	0.00735	0.01029	0.00294	0.01471	0.01029	0.00441	0.01176
34	0.02059	0.02353	0.05147	0.03676	0.04559	0.02206	0.60735	0.02794	0.02059	0.02794	0.01765	0.02353	0.01324	0.00735	0.01029	0.00294	0.01471	0.01029	0.00441	0.01176
35	0.01063	0.00759	0.01012	0.01215	0.01265	0.00709	0.00810	0.01215	0.01670	0.02227	0.04808	0.68775	0.05769	0.02733	0.01113	0.00354	0.00506	0.02480	0.00810	0.00709
36	0.03165	0.01799	0.02099	0.01693	0.02300	0.01862	0.01371	0.18201	0.19853	0.29880	0.03114	0.02848	0.02140	0.01098	0.00867	0.00272	0.00765	0.00883	0.04366	0.01424
37	0.03319	0.01721	0.02078	0.01636	0.02250	0.01710	0.01336	0.20423	0.07584	0.35749	0.06993	0.02986	0.02407	0.01122	0.00874	0.00267	0.00763	0.00902	0.04481	0.01400
38	0.03379	0.01501	0.01934	0.01532	0.02138	0.01384	0.01248	0.07041	0.08228	0.48027	0.08098	0.03471	0.05547	0.01194	0.00897	0.00273	0.00710	0.00981	0.01028	0.01390
39	0.01720	0.01661	0.02917	0.57154	0.09677	0.01972	0.07965	0.02312	0.01790	0.02323	0.01577	0.02317	0.01192	0.00853	0.00886	0.00289	0.01184	0.00799	0.00396	0.01016
40	0.16475	0.01859	0.01970	0.01589	0.02209	0.07665	0.01291	0.07631	0.05887	0.40387	0.02764	0.02519	0.01829	0.01018	0.00809	0.00267	0.00820	0.00775	0.00899	0.01337

[dist]
# distance from previous block
# <min> <max>
3	5

[block]
# block no. 6 follows, 20 sequences, length 62
# corresponding to MSA columns:
# 1335-1358,1365-1402
name=unknown_G
#
# <colnr> <probs for GDERKNQSTAVLIFYWHMCP>
#	G	D	E	R	K	N	Q	S	T	A	V	L	I	F	Y	W	H	M	C	P
0	0.02859	0.01629	0.02163	0.09184	0.07608	0.01664	0.01550	0.06360	0.16840	0.30265	0.03153	0.05572	0.02335	0.01175	0.00901	0.00286	0.00804	0.03444	0.00873	0.01336
1	0.58551	0.07371	0.06805	0.01291	0.01877	0.02001	0.01169	0.02495	0.01550	0.03556	0.01481	0.05901	0.01291	0.00933	0.00603	0.00269	0.00735	0.00619	0.00530	0.00972
2	0.01960	0.01523	0.01797	0.01331	0.02052	0.01196	0.01059	0.02426	0.04556	0.07834	0.01943	0.05070	0.01631	0.00802	0.00697	0.00158	0.00649	0.00658	0.00592	0.62066
3	0.20748	0.01694	0.01932	0.01515	0.02167	0.01669	0.01249	0.13025	0.02478	0.36764	0.02579	0.02387	0.01708	0.00984	0.00782	0.00260	0.00756	0.00744	0.00884	0.05675
4	0.01809	0.01550	0.01809	0.01292	0.02067	0.01163	0.01034	0.02196	0.01809	0.02842	0.01550	0.01809	0.01292	0.00646	0.00646	0.00129	0.00646	0.00517	0.00517	0.74677
5	0.03316	0.02443	0.02618	0.02007	0.02705	0.02705	0.01658	0.60995	0.04101	0.05497	0.02094	0.02094	0.01483	0.01047	0.00873	0.00262	0.00960	0.00785	0.00873	0.01483
6	0.02173	0.35070	0.27692	0.02048	0.03007	0.02766	0.05670	0.07527	0.02009	0.02656	0.01455	0.01684	0.01156	0.00802	0.00717	0.00234	0.01104	0.00595	0.00417	0.01218
7	0.01063	0.00759	0.01012	0.01215	0.01265	0.00709	0.00810	0.01215	0.01670	0.02227	0.04808	0.68775	0.05769	0.02733	0.01113	0.00354	0.00506	0.02480	0.00810	0.00709
8	0.01647	0.01550	0.02616	0.67248	0.06008	0.01938	0.02422	0.02229	0.01744	0.02229	0.01550	0.02326	0.01163	0.00872	0.00872	0.00291	0.01163	0.00775	0.00388	0.00969
9	0.01992	0.21695	0.45285	0.02211	0.03307	0.06167	0.02677	0.02765	0.01861	0.02538	0.01460	0.01709	0.01110	0.00811	0.00755	0.00250	0.01212	0.00593	0.00374	0.01228
10	0.02048	0.01959	0.03340	0.18760	0.51363	0.02043	0.02622	0.02580	0.01934	0.02715	0.01621	0.02195	0.01334	0.00798	0.00865	0.00266	0.01064	0.00777	0.00422	0.01292
11	0.01146	0.00860	0.01146	0.01287	0.01330	0.00880	0.00883	0.01291	0.01617	0.02182	0.04372	0.59196	0.05219	0.06887	0.01471	0.00388	0.06110	0.02260	0.00756	0.00717
12	0.01205	0.00890	0.01125	0.01066	0.01285	0.00811	0.00800	0.01589	0.02400	0.03333	0.55541	0.06788	0.16235	0.01845	0.01029	0.00277	0.00416	0.01616	0.00938	0.00811
13	0.02059	0.02353	0.05147	0.03676	0.04559	0.02206	0.60735	0.02794	0.02059	0.02794	0.01765	0.02353	0.01324	0.00735	0.01029	0.00294	0.01471	0.01029	0.00441	0.01176
14	0.02170	0.01874	0.01972	0.01775	0.02268	0.02170	0.01381	0.04635	0.62327	0.03649	0.03550	0.03254	0.02663	0.01183	0.00888	0.00296	0.00690	0.00986	0.00888	0.01381
15	0.02244	0.60031	0.13641	0.01642	0.02470	0.03237	0.01753	0.02635	0.01783	0.02159	0.01266	0.01466	0.01117	0.00759	0.00600	0.00200	0.00986	0.00493	0.00372	0.01145
16	0.01887	0.01879	0.02667	0.07682	0.02599	0.02611	0.01951	0.02110	0.01370	0.02110	0.01179	0.01943	0.01147	0.01472	0.02697	0.00374	0.62221	0.00764	0.00382	0.00955
17	0.02170	0.01874	0.01972	0.01775	0.02268	0.02170	0.01381	0.04635	0.62327	0.03649	0.03550	0.03254	0.02663	0.01183	0.00888	0.00296	0.00690	0.00986	0.00888	0.01381
18	0.01770	0.04366	0.60795	0.02567	0.03828	0.02038	0.07106	0.02765	0.01856	0.02765	0.01579	0.01876	0.01120	0.00822	0.00842	0.00277	0.01301	0.00671	0.00373	0.01282
19	0.01063	0.00759	0.01012	0.01215	0.01265	0.00709	0.00810	0.01215	0.01670	0.02227	0.04808	0.68775	0.05769	0.02733	0.01113	0.00354	0.00506	0.02480	0.00810	0.00709
20	0.03096	0.02625	0.02550	0.07306	0.02942	0.13349	0.01706	0.42737	0.07480	0.04539	0.02020	0.02101	0.01474	0.01017	0.00859	0.00260	0.01063	0.00760	0.00762	0.01355
21	0.02059	0.02353	0.05147	0.03676	0.04559	0.02206	0.60735	0.02794	0.02059	0.02794	0.01765	0.02353	0.01324	0.00735	0.01029	0.00294	0.01471	0.01029	0.00441	0.01176
22	0.02089	0.01876	0.01873	0.01717	0.02151	0.07069	0.01337	0.03976	0.45901	0.03437	0.10964	0.03973	0.03397	0.01319	0.00919	0.00295	0.00734	0.04878	0.00856	0.01242
23	0.19022	0.01601	0.01643	0.01479	0.01921	0.01785	0.01156	0.06102	0.28956	0.05907	0.13332	0.07653	0.03354	0.01292	0.00845	0.00287	0.00641	0.01054	0.00821	0.01148
24	0.05008	0.01274	0.01515	0.01494	0.01864	0.01269	0.01245	0.02390	0.13625	0.02880	0.04237	0.06813	0.09990	0.01812	0.01010	0.00323	0.00714	0.29738	0.00765	0.12035
25	0.01321	0.01038	0.01521	0.01479	0.01610	0.01254	0.01154	0.01604	0.01388	0.02017	0.02224	0.03368	0.02113	0.08996	0.55959	0.01262	0.09514	0.00932	0.00461	0.00786
26	0.01827	0.01734	0.02942	0.45455	0.26393	0.01985	0.02512	0.02387	0.01829	0.02447	0.01582	0.02267	0.01240	0.00839	0.00869	0.00280	0.01118	0.00776	0.00403	0.01114
27	0.02158	0.42939	0.26651	0.01891	0.02824	0.05662	0.02138	0.02706	0.01829	0.02317	0.01348	0.01570	0.01114	0.00783	0.00669	0.00221	0.01092	0.00536	0.00375	0.01177
28	0.01063	0.00759	0.01012	0.01215	0.01265	0.00709	0.00810	0.01215	0.01670	0.02227	0.04808	0.68775	0.05769	0.02733	0.01113	0.00354	0.00506	0.02480	0.00810	0.00709
29	0.01246	0.00935	0.01402	0.01402	0.01558	0.01090	0.01090	0.01558	0.01402	0.02025	0.02336	0.03427	0.02181	0.06542	0.65888	0.01402	0.02336	0.00935	0.00467	0.00779
30	0.07391	0.01241	0.05168	0.01351	0.01652	0.01076	0.01130	0.01937	0.04924	0.05040	0.21552	0.19638	0.09075	0.01952	0.01019	0.00320	0.00614	0.13225	0.00816	0.00877
31	0.02246	0.03205	0.31897	0.02581	0.10780	0.02118	0.02448	0.11968	0.13944	0.07000	0.02149	0.02259	0.01560	0.00939	0.00854	0.00275	0.01060	0.00762	0.00595	0.01359
32	0.03914	0.01484	0.02024	0.01552	0.02227	0.01282	0.01282	0.04251	0.02497	0.64507	0.03441	0.02969	0.02159	0.01080	0.00877	0.00270	0.00742	0.00877	0.01080	0.01484
33	0.01089	0.00779	0.01040	0.01224	0.01292	0.00729	0.00837	0.01270	0.01739	0.02329	0.08759	0.61987	0.05903	0.02655	0.01112	0.00351	0.00513	0.04854	0.00820	0.00720
34	0.02347	0.10556	0.32040	0.07205	0.03412	0.02407	0.02434	0.22876	0.02609	0.03593	0.01710	0.01919	0.01242	0.00899	0.00819	0.00263	0.01127	0.00684	0.00545	0.01314
35	0.01712	0.01616	0.02732	0.59477	0.13276	0.01955	0.02454	0.02285	0.01775	0.02307	0.01562	0.02305	0.01190	0.00860	0.00871	0.00287	0.01147	0.00775	0.00393	0.01021
36	0.01044	0.00884	0.00902	0.00898	0.01186	0.00742	0.00673	0.01278	0.02020	0.02432	0.12444	0.08271	0.59895	0.02181	0.01031	0.00293	0.00440	0.01824	0.00820	0.00742
37	0.16885	0.02118	0.05355	0.11891	0.08727	0.04328	0.06567	0.12766	0.04390	0.07398	0.01743	0.02069	0.01323	0.00979	0.01072	0.00287	0.09622	0.00738	0.00574	0.01170
38	0.02030	0.05385	0.30970	0.02263	0.05672	0.05676	0.05074	0.02873	0.06966	0.06772	0.06094	0.02472	0.01901	0.00991	0.00957	0.00272	0.05175	0.00785	0.06476	0.01195
39	0.01061	0.00765	0.01006	0.01199	0.01261	0.00710	0.00803	0.01216	0.01685	0.02233	0.04996	0.65959	0.08464	0.02708	0.01110	0.00351	0.00503	0.02450	0.00810	0.00710
40	0.01750	0.04512	0.64825	0.02486	0.03775	0.02026	0.03223	0.02762	0.01842	0.02762	0.01565	0.01842	0.01105	0.00829	0.00829	0.00276	0.01289	0.00645	0.00368	0.01289
41	0.01181	0.01285	0.09160	0.03537	0.01755	0.00949	0.01179	0.01475	0.01699	0.02289	0.04425	0.47824	0.09534	0.02695	0.06298	0.00422	0.00769	0.02013	0.00712	0.00799
42	0.05315	0.67090	0.04437	0.01478	0.02216	0.03391	0.01470	0.02610	0.01761	0.02128	0.01213	0.01400	0.01112	0.00749	0.00559	0.00190	0.00922	0.00467	0.00380	0.01112
43	0.38512	0.01968	0.02989	0.04480	0.03042	0.02102	0.25445	0.02618	0.01718	0.03288	0.01446	0.01860	0.01119	0.00826	0.00894	0.00287	0.05153	0.00728	0.00485	0.01041
44	0.02352	0.07694	0.23393	0.11341	0.03400	0.10922	0.02221	0.16121	0.05245	0.03241	0.01781	0.02031	0.01327	0.00914	0.00814	0.00259	0.01143	0.00695	0.03884	0.01221
45	0.02912	0.02045	0.02233	0.01797	0.02406	0.02222	0.01457	0.34204	0.18794	0.12432	0.03191	0.03017	0.06893	0.01181	0.00890	0.00274	0.00820	0.00935	0.00898	0.01397
46	0.01138	0.00825	0.01114	0.04218	0.01491	0.00801	0.00897	0.01327	0.01708	0.02281	0.07937	0.53204	0.05443	0.08102	0.01379	0.00390	0.00577	0.05675	0.00776	0.00718
47	0.06571	0.02221	0.04400	0.03400	0.07800	0.02258	0.43701	0.02659	0.01900	0.02753	0.01621	0.02210	0.01275	0.00872	0.01289	0.00305	0.12253	0.00935	0.00437	0.01139
48	0.03082	0.03648	0.06134	0.02173	0.02723	0.44397	0.01743	0.14421	0.08138	0.02944	0.01701	0.01839	0.01329	0.00948	0.00814	0.00241	0.01361	0.00647	0.00564	0.01150
49	0.01063	0.00759	0.01012	0.01215	0.01265	0.00709	0.00810	0.01215	0.01670	0.02227	0.04808	0.68775	0.05769	0.02733	0.01113	0.00354	0.00506	0.02480	0.00810	0.00709
50	0.01268	0.01027	0.01276	0.01286	0.01472	0.01076	0.00968	0.01687	0.06783	0.02458	0.10005	0.23665	0.21419	0.02830	0.10822	0.00485	0.06358	0.03556	0.00742	0.00815
51	0.07001	0.06413	0.03603	0.06484	0.03408	0.07459	0.25790	0.05278	0.04435	0.02776	0.03849	0.02254	0.01537	0.00992	0.01297	0.00296	0.14688	0.00859	0.00485	0.01096
52	0.07563	0.01840	0.02076	0.01666	0.02196	0.02002	0.01364	0.30175	0.02942	0.15665	0.02357	0.02459	0.01710	0.01389	0.04780	0.00330	0.05309	0.00794	0.12112	0.01270
53	0.01332	0.00964	0.01309	0.01464	0.01662	0.00941	0.01239	0.01701	0.02031	0.02658	0.11327	0.13688	0.10153	0.02349	0.01165	0.00376	0.00710	0.43316	0.00821	0.00793
54	0.05309	0.02347	0.06925	0.06569	0.08130	0.02168	0.49699	0.02749	0.02006	0.02820	0.01715	0.02279	0.01295	0.00751	0.00983	0.00290	0.01387	0.00963	0.00440	0.01173
55	0.02337	0.37277	0.09552	0.01839	0.02506	0.08502	0.05630	0.02701	0.01884	0.07244	0.01770	0.07275	0.01604	0.01011	0.00862	0.00239	0.05425	0.00750	0.00478	0.01114
56	0.01648	0.01258	0.01543	0.01555	0.01855	0.01320	0.01291	0.06259	0.14874	0.03144	0.13535	0.07362	0.07593	0.01956	0.01081	0.00345	0.00712	0.30849	0.00850	0.00969
57	0.01938	0.01770	0.02818	0.43372	0.20041	0.02046	0.02375	0.07329	0.04760	0.02720	0.01709	0.02307	0.01312	0.00877	0.00871	0.00281	0.01093	0.00786	0.00462	0.01134
58	0.05568	0.01755	0.01708	0.01491	0.01917	0.11032	0.01160	0.05673	0.11128	0.16008	0.23052	0.04282	0.08845	0.01374	0.00912	0.00270	0.00735	0.01129	0.00863	0.01099
59	0.08497	0.01710	0.01875	0.01611	0.02137	0.01849	0.01272	0.06803	0.35079	0.18553	0.03483	0.03302	0.05182	0.03486	0.00984	0.00304	0.00708	0.00958	0.00890	0.01317
60	0.01310	0.00944	0.01286	0.01443	0.01624	0.00920	0.01198	0.01664	0.02012	0.02651	0.12485	0.18998	0.08226	0.02372	0.01159	0.00372	0.00687	0.39035	0.00825	0.00787
61	0.02610	0.01933	0.02140	0.01790	0.02319	0.07012	0.04184	0.11180	0.26405	0.15828	0.11875	0.03348	0.03040	0.01189	0.00903	0.00277	0.00803	0.00993	0.00878	0.01293

[dist]
# distance from previous block
# <min> <max>
0	1

[block]
# block no. 7 follows, 20 sequences, length 53
# corresponding to MSA columns:
# 1404-1456
name=unknown_H
#
# <colnr> <probs for GDERKNQSTAVLIFYWHMCP>
#	G	D	E	R	K	N	Q	S	T	A	V	L	I	F	Y	W	H	M	C	P
0	0.03477	0.05340	0.02505	0.01824	0.02516	0.02246	0.01519	0.38462	0.03432	0.25856	0.02521	0.02365	0.01701	0.01044	0.00859	0.00261	0.00883	0.00802	0.00921	0.01466
1	0.01386	0.00871	0.01112	0.01154	0.01316	0.00801	0.00812	0.01617	0.01925	0.07938	0.18041	0.36653	0.10318	0.07273	0.01296	0.00355	0.00521	0.01925	0.03891	0.00795
2	0.05110	0.02150	0.02655	0.05110	0.16341	0.02317	0.01826	0.32357	0.09763	0.10166	0.02236	0.02309	0.01628	0.00991	0.00863	0.00267	0.00925	0.00805	0.00767	0.01414
3	0.19310	0.01928	0.02006	0.03926	0.02333	0.02140	0.01356	0.27075	0.12059	0.09405	0.02279	0.02304	0.01655	0.01008	0.00776	0.00265	0.00794	0.00755	0.07359	0.01268
4	0.08291	0.42395	0.19621	0.01758	0.02623	0.02906	0.01904	0.07040	0.01942	0.02647	0.01370	0.01567	0.01129	0.00795	0.00651	0.00222	0.01005	0.00537	0.00423	0.01176
5	0.02093	0.01790	0.01910	0.01734	0.02201	0.02056	0.01353	0.04374	0.56950	0.03601	0.06618	0.03676	0.03036	0.01262	0.00907	0.00299	0.00681	0.03242	0.00888	0.01330
6	0.02106	0.31998	0.33686	0.02012	0.02988	0.02622	0.02342	0.02742	0.01822	0.05371	0.01487	0.01710	0.01163	0.00835	0.00801	0.00242	0.03870	0.00585	0.00405	0.01212
7	0.03054	0.13244	0.16851	0.01739	0.02549	0.01787	0.01745	0.03541	0.02227	0.37787	0.05000	0.02594	0.01986	0.00995	0.00821	0.00258	0.00886	0.00785	0.00797	0.01354
8	0.03554	0.01469	0.01951	0.01534	0.02156	0.01318	0.01253	0.04073	0.07428	0.54582	0.08276	0.03278	0.02689	0.01145	0.00890	0.00272	0.00711	0.00943	0.01054	0.01423
9	0.01060	0.00768	0.01002	0.01190	0.01259	0.00711	0.00799	0.01217	0.01694	0.02236	0.05111	0.64232	0.10117	0.02693	0.01107	0.00350	0.00501	0.02432	0.00810	0.00711
10	0.07705	0.01955	0.02099	0.01715	0.02276	0.02141	0.01382	0.33213	0.13695	0.09505	0.02668	0.07436	0.02094	0.01182	0.00850	0.00271	0.00797	0.00937	0.06762	0.01317
11	0.02918	0.06378	0.02814	0.08259	0.12616	0.24245	0.01886	0.23940	0.02883	0.03464	0.01674	0.01910	0.01297	0.00923	0.00825	0.00247	0.01199	0.00690	0.00590	0.01242
12	0.01299	0.00929	0.01281	0.01469	0.01627	0.00911	0.01206	0.01631	0.01936	0.02548	0.07730	0.26408	0.05400	0.02469	0.01170	0.00382	0.00698	0.39317	0.00813	0.00777
13	0.05768	0.02279	0.03138	0.06648	0.46207	0.10007	0.02355	0.02918	0.06990	0.02855	0.01738	0.02147	0.01427	0.00831	0.00841	0.00259	0.01062	0.00753	0.00475	0.01300
14	0.01935	0.03289	0.32068	0.03418	0.14251	0.02101	0.24697	0.02760	0.01948	0.02789	0.01653	0.02087	0.01234	0.00785	0.00910	0.00280	0.01314	0.00811	0.00406	0.01263
15	0.01227	0.00947	0.01080	0.01134	0.01384	0.00877	0.00891	0.01594	0.05051	0.02495	0.06710	0.12910	0.36763	0.02210	0.01119	0.02444	0.00554	0.15325	0.04507	0.00777
16	0.25122	0.02680	0.24131	0.09291	0.03044	0.01948	0.02008	0.03013	0.09661	0.08542	0.01875	0.02046	0.01356	0.00896	0.00755	0.00278	0.00956	0.00670	0.00554	0.01173
17	0.08321	0.22301	0.11600	0.01696	0.02334	0.06870	0.01623	0.06682	0.02058	0.10637	0.04725	0.02164	0.01695	0.00976	0.00900	0.00247	0.06722	0.00680	0.06630	0.01139
18	0.01487	0.01229	0.01306	0.01244	0.01522	0.04158	0.00931	0.06287	0.07775	0.03057	0.24936	0.17120	0.21783	0.01916	0.01008	0.00293	0.00559	0.01647	0.00854	0.00888
19	0.01793	0.01083	0.01372	0.01209	0.01531	0.01004	0.00936	0.05565	0.02527	0.13843	0.44673	0.05825	0.11846	0.01659	0.00994	0.00275	0.00503	0.01436	0.00962	0.00966
20	0.02032	0.01903	0.02566	0.33821	0.13885	0.06293	0.02096	0.07815	0.11480	0.02833	0.02278	0.02680	0.04608	0.00990	0.00875	0.00280	0.01043	0.00849	0.00540	0.01135
21	0.07999	0.09590	0.46745	0.02177	0.03283	0.02052	0.02650	0.02917	0.01888	0.10398	0.01738	0.01908	0.01223	0.00851	0.00788	0.00267	0.01141	0.00644	0.00470	0.01271
22	0.02281	0.64191	0.09805	0.01579	0.02372	0.03328	0.01643	0.02625	0.01778	0.02114	0.01243	0.01438	0.01118	0.00753	0.00583	0.00194	0.00964	0.00482	0.00373	0.01134
23	0.01906	0.01992	0.03457	0.02720	0.03043	0.02371	0.23152	0.02292	0.01620	0.02360	0.01616	0.06560	0.01520	0.01321	0.02081	0.00348	0.39216	0.00975	0.00432	0.01018
24	0.01936	0.14082	0.17757	0.09151	0.03849	0.02296	0.26015	0.02583	0.01874	0.02541	0.01732	0.05505	0.01446	0.00915	0.00987	0.00279	0.04607	0.00885	0.00424	0.01136
25	0.08559	0.08057	0.02278	0.05070	0.02423	0.10258	0.01420	0.24866	0.07308	0.03714	0.03056	0.06113	0.10798	0.01235	0.00843	0.00265	0.00904	0.00954	0.00712	0.01166
26	0.01172	0.00910	0.01371	0.01393	0.01537	0.00848	0.05632	0.01415	0.01837	0.02488	0.14492	0.52890	0.05828	0.02411	0.01092	0.00336	0.00568	0.02210	0.00806	0.00766
27	0.02453	0.01385	0.01652	0.01390	0.01810	0.01376	0.01093	0.16444	0.02650	0.19169	0.16816	0.09600	0.03756	0.03936	0.01025	0.00288	0.00650	0.01163	0.12219	0.01125
28	0.02560	0.02102	0.02729	0.07440	0.12341	0.02271	0.06503	0.29983	0.11524	0.04105	0.02720	0.02827	0.06716	0.01082	0.00899	0.00274	0.00947	0.00919	0.00730	0.01328
29	0.01980	0.02120	0.03847	0.02948	0.03368	0.02451	0.29845	0.02429	0.01679	0.02429	0.01439	0.02120	0.01230	0.01151	0.01992	0.00340	0.36273	0.00890	0.00410	0.01060
30	0.01497	0.01012	0.01445	0.01458	0.01641	0.01103	0.01160	0.01798	0.01640	0.06867	0.03133	0.10224	0.03150	0.07895	0.34856	0.00927	0.04182	0.14568	0.00620	0.00826
31	0.37346	0.02118	0.09376	0.05145	0.07437	0.02011	0.01554	0.13101	0.02142	0.03854	0.06874	0.02141	0.01742	0.00940	0.00721	0.00270	0.00832	0.00686	0.00600	0.01110
32	0.01941	0.02443	0.11597	0.06549	0.04095	0.02177	0.40297	0.02602	0.01900	0.02642	0.01762	0.04832	0.01438	0.00942	0.01257	0.00306	0.10663	0.00990	0.00436	0.01130
