[name]
unknown

[dist]
# distance from previous block
# <min> <max>
0	109

[block]
# block no. 0 follows, 25 sequences, length 14
# corresponding to MSA columns:
# 112-125
name=unknown_A
#
# <colnr> <probs for GDERKNQSTAVLIFYWHMCP>
#	G	D	E	R	K	N	Q	S	T	A	V	L	I	F	Y	W	H	M	C	P
0	0.01302	0.00976	0.01415	0.01713	0.07904	0.00972	0.01320	0.01670	0.01812	0.02397	0.08400	0.07882	0.04358	0.01963	0.01031	0.00337	0.00709	0.52380	0.00692	0.00764
1	0.01827	0.01723	0.02915	0.08537	0.57708	0.01744	0.02258	0.02281	0.01754	0.02479	0.01706	0.02580	0.01525	0.00835	0.00797	0.00244	0.00908	0.06610	0.00413	0.01156
2	0.07199	0.02767	0.37416	0.02078	0.08869	0.01594	0.02108	0.02556	0.05486	0.10262	0.10192	0.02360	0.01999	0.00884	0.00752	0.00244	0.00899	0.00721	0.00511	0.01103
3	0.01871	0.01794	0.03061	0.11702	0.61344	0.01830	0.02356	0.02338	0.01743	0.02475	0.01450	0.01935	0.01208	0.00700	0.00768	0.00233	0.00933	0.00691	0.00380	0.01190
4	0.02779	0.03456	0.02200	0.02076	0.05033	0.61418	0.01512	0.03150	0.07366	0.02032	0.01367	0.01540	0.01118	0.00815	0.00709	0.00206	0.01316	0.00538	0.00430	0.00939
5	0.01687	0.01423	0.01646	0.01215	0.01866	0.01165	0.00971	0.05692	0.05732	0.02681	0.01540	0.01751	0.01261	0.00803	0.02951	0.00169	0.00644	0.00512	0.00496	0.65797
6	0.01347	0.00673	0.01010	0.01010	0.01010	0.00673	0.00673	0.01010	0.01010	0.01347	0.01347	0.02357	0.01347	0.02694	0.03030	0.77441	0.00673	0.00673	0.00337	0.00337
7	0.01783	0.01840	0.02411	0.02045	0.02123	0.07075	0.03804	0.01977	0.01295	0.01912	0.01061	0.01686	0.01026	0.01267	0.02292	0.00319	0.61614	0.00666	0.00349	0.03455
8	0.01932	0.01662	0.02233	0.25200	0.12753	0.01900	0.01748	0.13858	0.22438	0.02981	0.02116	0.02468	0.01634	0.00918	0.00787	0.00254	0.00844	0.02591	0.00577	0.01106
9	0.07975	0.01450	0.01637	0.01200	0.01863	0.01207	0.00967	0.07249	0.01777	0.05568	0.01464	0.01644	0.01170	0.00631	0.00592	0.00140	0.00603	0.00489	0.00508	0.61865
10	0.07601	0.01006	0.01452	0.03859	0.06875	0.00992	0.04604	0.01610	0.01766	0.04226	0.29041	0.16583	0.04437	0.01641	0.01138	0.09943	0.00568	0.01254	0.00654	0.00749
11	0.01391	0.01155	0.01262	0.01171	0.01484	0.01208	0.00897	0.02469	0.28906	0.02868	0.23185	0.05071	0.22907	0.01474	0.00863	0.00257	0.00477	0.01252	0.00787	0.00916
12	0.00931	0.00786	0.00806	0.00801	0.01056	0.00661	0.00601	0.01141	0.01802	0.02178	0.12743	0.07325	0.62659	0.01933	0.00916	0.00260	0.00391	0.01617	0.00731	0.00661
13	0.01364	0.00848	0.00942	0.00896	0.01125	0.00777	0.00655	0.03212	0.01741	0.08624	0.08531	0.10075	0.29001	0.12133	0.01279	0.00318	0.00480	0.01299	0.15976	0.00724

[dist]
# distance from previous block
# <min> <max>
0	1

[block]
# block no. 1 follows, 25 sequences, length 148
# corresponding to MSA columns:
# 127-274
name=unknown_B
#
# <colnr> <probs for GDERKNQSTAVLIFYWHMCP>
#	G	D	E	R	K	N	Q	S	T	A	V	L	I	F	Y	W	H	M	C	P
0	0.00956	0.00772	0.00851	0.00863	0.01080	0.00667	0.00635	0.01178	0.01814	0.02280	0.19208	0.15815	0.47265	0.01951	0.00926	0.00265	0.00395	0.01666	0.00746	0.00667
1	0.02482	0.01486	0.01733	0.01475	0.01962	0.01554	0.01181	0.06032	0.34598	0.27778	0.03289	0.03197	0.04663	0.01097	0.00803	0.00257	0.00636	0.03710	0.00847	0.01221
2	0.01385	0.00858	0.01117	0.01015	0.01254	0.00778	0.00774	0.01732	0.02172	0.11223	0.55904	0.05496	0.10217	0.01529	0.00898	0.00244	0.00404	0.01338	0.00859	0.00801
3	0.00985	0.00762	0.00861	0.00881	0.01053	0.00678	0.00622	0.01174	0.01704	0.02177	0.17441	0.18325	0.36108	0.12112	0.01363	0.00338	0.00449	0.01621	0.00709	0.00638
4	0.42455	0.01182	0.01044	0.00959	0.01283	0.01283	0.00723	0.01867	0.01406	0.05481	0.05427	0.03270	0.10196	0.18920	0.01434	0.00371	0.00603	0.00812	0.00545	0.00739
5	0.01533	0.00894	0.01149	0.01027	0.01302	0.00800	0.00791	0.01863	0.02140	0.15619	0.46697	0.05415	0.14690	0.01517	0.00889	0.00246	0.00426	0.01314	0.00855	0.00835
6	0.01218	0.00838	0.00966	0.00930	0.01192	0.00728	0.00712	0.01467	0.01894	0.08638	0.20515	0.09836	0.41669	0.01814	0.00914	0.00263	0.00430	0.04466	0.00773	0.00737
7	0.22765	0.01366	0.01629	0.01287	0.01856	0.01294	0.01062	0.03392	0.01987	0.51687	0.02548	0.02283	0.01641	0.00898	0.00702	0.00240	0.00644	0.00687	0.00836	0.01196
8	0.00936	0.00780	0.00817	0.00822	0.01063	0.00661	0.00611	0.01146	0.01794	0.02190	0.13655	0.11053	0.57902	0.01953	0.00920	0.00263	0.00393	0.01646	0.00733	0.00661
9	0.01046	0.00791	0.00966	0.00922	0.01127	0.00710	0.00691	0.01364	0.02074	0.02823	0.50683	0.06263	0.24316	0.01692	0.00915	0.00249	0.00373	0.01468	0.00816	0.00710
10	0.11008	0.01347	0.01622	0.01306	0.01835	0.01282	0.01063	0.06229	0.08568	0.43639	0.03399	0.03083	0.10036	0.01067	0.00765	0.00245	0.00624	0.00854	0.00852	0.01176
11	0.01027	0.00733	0.00994	0.01173	0.01254	0.00700	0.00862	0.01221	0.01565	0.02071	0.04228	0.55179	0.04949	0.02352	0.01012	0.00326	0.00521	0.18461	0.00718	0.00652
12	0.01090	0.00787	0.01030	0.00980	0.01157	0.00727	0.00731	0.01445	0.02161	0.03055	0.64464	0.08988	0.07211	0.01626	0.00918	0.00247	0.00370	0.01441	0.00847	0.00727
13	0.02147	0.01514	0.01685	0.01465	0.01913	0.01650	0.01153	0.06525	0.43605	0.15274	0.08352	0.03246	0.05762	0.01115	0.00803	0.00256	0.00603	0.00928	0.00822	0.01182
14	0.01220	0.00964	0.01121	0.01051	0.01303	0.00951	0.00797	0.01909	0.14846	0.02902	0.41005	0.05602	0.20225	0.01567	0.00890	0.00252	0.00421	0.01352	0.00810	0.00812
15	0.16863	0.01347	0.01605	0.01291	0.01800	0.01299	0.01046	0.08416	0.02098	0.41977	0.06084	0.05515	0.02132	0.03980	0.00871	0.00264	0.00644	0.00814	0.00820	0.01135
16	0.03765	0.00815	0.01029	0.00969	0.01152	0.00768	0.00720	0.01472	0.02103	0.03029	0.61433	0.05593	0.06831	0.05685	0.01075	0.00273	0.00396	0.01352	0.00818	0.00720
17	0.01013	0.00735	0.00956	0.01014	0.01136	0.00678	0.00717	0.01258	0.01828	0.02505	0.33530	0.37878	0.09839	0.02014	0.00951	0.00279	0.00408	0.01802	0.00781	0.00678
18	0.01830	0.02092	0.04575	0.03268	0.04052	0.01961	0.65098	0.02484	0.01830	0.02484	0.01569	0.02092	0.01176	0.00654	0.00915	0.00261	0.01307	0.00915	0.00392	0.01046
19	0.02794	0.03524	0.02212	0.02001	0.02366	0.63873	0.01515	0.02991	0.02111	0.01895	0.01183	0.01424	0.01000	0.00847	0.00857	0.00212	0.07392	0.00515	0.00394	0.00895
20	0.01735	0.01643	0.02785	0.27415	0.43600	0.01762	0.02255	0.02210	0.01692	0.02334	0.01540	0.02253	0.01295	0.00780	0.00783	0.00245	0.00951	0.03257	0.00384	0.01080
21	0.01867	0.01432	0.01705	0.01266	0.01892	0.01212	0.01021	0.04563	0.04449	0.09321	0.01621	0.01782	0.01277	0.00693	0.00728	0.00151	0.04792	0.00531	0.00529	0.59167
22	0.00968	0.00727	0.00897	0.00982	0.01111	0.00656	0.00688	0.01164	0.01699	0.02233	0.17730	0.42160	0.21884	0.02140	0.00956	0.00287	0.00418	0.01897	0.00746	0.00656
23	0.01765	0.01550	0.01944	0.05745	0.05326	0.04134	0.03917	0.04757	0.06967	0.04466	0.01773	0.06392	0.01563	0.03378	0.01033	0.00222	0.09451	0.00719	0.00501	0.34397
24	0.01826	0.02051	0.04388	0.03257	0.07067	0.01918	0.59511	0.02458	0.01818	0.02488	0.01556	0.02064	0.01178	0.00652	0.00894	0.00254	0.01259	0.00886	0.00394	0.04080
25	0.01919	0.01842	0.03147	0.04759	0.67914	0.01842	0.02380	0.02380	0.01765	0.02533	0.01458	0.01919	0.01228	0.00691	0.00768	0.00230	0.00921	0.00691	0.00384	0.01228
26	0.01111	0.00819	0.01188	0.01188	0.01307	0.00938	0.00897	0.01347	0.01229	0.01757	0.02130	0.03339	0.02066	0.15493	0.60174	0.01175	0.01885	0.00874	0.00423	0.00660
27	0.01919	0.01842	0.03147	0.04759	0.67914	0.01842	0.02380	0.02380	0.01765	0.02533	0.01458	0.01919	0.01228	0.00691	0.00768	0.00230	0.00921	0.00691	0.00384	0.01228
28	0.01108	0.00831	0.01246	0.01246	0.01385	0.00969	0.00969	0.01385	0.01246	0.01800	0.02077	0.03046	0.01938	0.05815	0.69678	0.01246	0.02077	0.00831	0.00415	0.00692
29	0.78228	0.01499	0.01140	0.01020	0.01499	0.01739	0.00840	0.02279	0.01320	0.03479	0.01080	0.01260	0.00840	0.00720	0.00480	0.00240	0.00600	0.00420	0.00480	0.00840
30	0.00916	0.00785	0.00785	0.00785	0.01047	0.00655	0.00589	0.01113	0.01767	0.02095	0.07855	0.07462	0.67599	0.01964	0.00916	0.00262	0.00393	0.01636	0.00720	0.00655
31	0.01097	0.00793	0.01036	0.00975	0.01158	0.00732	0.00732	0.01463	0.02195	0.03109	0.67505	0.05792	0.07316	0.01585	0.00914	0.00244	0.00366	0.01402	0.00854	0.00732
32	0.00961	0.00686	0.00918	0.01098	0.01151	0.00644	0.00748	0.01108	0.01501	0.01998	0.04264	0.68830	0.05092	0.02414	0.00994	0.00317	0.00464	0.05458	0.00719	0.00634
33	0.02073	0.73217	0.04063	0.01327	0.01990	0.03068	0.01327	0.02322	0.01575	0.01824	0.01078	0.01244	0.00995	0.00663	0.00498	0.00166	0.00829	0.00415	0.00332	0.00995
34	0.03479	0.01320	0.01799	0.01380	0.01979	0.01140	0.01140	0.03779	0.02219	0.68451	0.03059	0.02639	0.01919	0.00960	0.00780	0.00240	0.00660	0.00780	0.00960	0.01320
35	0.78228	0.01499	0.01140	0.01020	0.01499	0.01739	0.00840	0.02279	0.01320	0.03479	0.01080	0.01260	0.00840	0.00720	0.00480	0.00240	0.00600	0.00420	0.00480	0.00840
36	0.02947	0.02172	0.02327	0.01784	0.02404	0.02404	0.01474	0.65329	0.03646	0.04887	0.01862	0.01862	0.01319	0.00931	0.00776	0.00233	0.00853	0.00698	0.00776	0.01319
37	0.02947	0.02172	0.02327	0.01784	0.02404	0.02404	0.01474	0.65329	0.03646	0.04887	0.01862	0.01862	0.01319	0.00931	0.00776	0.00233	0.00853	0.00698	0.00776	0.01319
38	0.01696	0.01696	0.02375	0.02036	0.02036	0.02375	0.01696	0.01866	0.01187	0.01866	0.01018	0.01696	0.01018	0.01357	0.02545	0.00339	0.71332	0.00679	0.00339	0.00848
39	0.01929	0.01666	0.01753	0.01578	0.02016	0.01929	0.01227	0.04120	0.66513	0.03243	0.03156	0.02893	0.02367	0.01052	0.00789	0.00263	0.00614	0.00877	0.00789	0.01227
40	0.03170	0.01727	0.02041	0.01574	0.02177	0.01756	0.01297	0.32183	0.05539	0.36432	0.02511	0.02291	0.01661	0.00950	0.00778	0.00238	0.00747	0.00746	0.00868	0.01315
41	0.01029	0.00739	0.00979	0.01044	0.01160	0.00689	0.00746	0.01283	0.01834	0.02530	0.34317	0.38151	0.06142	0.02017	0.00957	0.00283	0.00420	0.04217	0.00783	0.00681
42	0.01110	0.00821	0.01195	0.01195	0.01316	0.00942	0.00906	0.01352	0.01231	0.01762	0.02123	0.03303	0.02050	0.14307	0.61339	0.01183	0.01909	0.00868	0.00422	0.00664
43	0.00936	0.00786	0.00812	0.00806	0.01059	0.00663	0.00604	0.01150	0.01813	0.02204	0.14262	0.07283	0.61124	0.01923	0.00916	0.00260	0.00390	0.01611	0.00734	0.00663
44	0.01108	0.00831	0.01246	0.01246	0.01385	0.00969	0.00969	0.01385	0.01246	0.01800	0.02077	0.03046	0.01938	0.05815	0.69678	0.01246	0.02077	0.00831	0.00415	0.00692
45	0.01696	0.02892	0.33270	0.06596	0.11033	0.01862	0.26508	0.02432	0.01721	0.02450	0.01466	0.01865	0.01087	0.00702	0.00810	0.00251	0.01176	0.00723	0.00359	0.01102
46	0.01347	0.00673	0.01010	0.01010	0.01010	0.00673	0.00673	0.01010	0.01010	0.01347	0.01347	0.02357	0.01347	0.02694	0.03030	0.77441	0.00673	0.00673	0.00337	0.00337
47	0.01603	0.01378	0.01630	0.03275	0.01944	0.01055	0.00956	0.01953	0.01606	0.02510	0.01378	0.01622	0.01145	0.00580	0.00580	0.00119	0.00588	0.00466	0.00456	0.75154
48	0.03450	0.01365	0.01828	0.01401	0.02002	0.01208	0.01158	0.07089	0.02296	0.65032	0.02995	0.02597	0.01887	0.00958	0.00780	0.00240	0.00670	0.00775	0.00950	0.01319
49	0.01555	0.04011	0.68733	0.02210	0.03356	0.01801	0.02865	0.02455	0.01637	0.02455	0.01391	0.01637	0.00982	0.00737	0.00737	0.00246	0.01146	0.00573	0.00327	0.01146
50	0.01919	0.01842	0.03147	0.04759	0.67914	0.01842	0.02380	0.02380	0.01765	0.02533	0.01458	0.01919	0.01228	0.00691	0.00768	0.00230	0.00921	0.00691	0.00384	0.01228
51	0.01845	0.40895	0.31062	0.01789	0.02660	0.02486	0.05067	0.02385	0.01613	0.02120	0.01233	0.01449	0.00998	0.00693	0.00618	0.00204	0.00985	0.00505	0.00333	0.01060
52	0.02896	0.03695	0.02197	0.01998	0.02397	0.69638	0.01498	0.03096	0.02197	0.01898	0.01199	0.01398	0.00999	0.00799	0.00699	0.00200	0.01398	0.00499	0.00400	0.00899
53	0.02744	0.16574	0.02543	0.01873	0.02322	0.57306	0.01466	0.02953	0.02082	0.01884	0.01176	0.01370	0.00998	0.00774	0.00662	0.00193	0.01293	0.00484	0.00387	0.00917
54	0.01929	0.01666	0.01753	0.01578	0.02016	0.01929	0.01227	0.04120	0.66513	0.03243	0.03156	0.02893	0.02367	0.01052	0.00789	0.00263	0.00614	0.00877	0.00789	0.01227
55	0.78228	0.01499	0.01140	0.01020	0.01499	0.01739	0.00840	0.02279	0.01320	0.03479	0.01080	0.01260	0.00840	0.00720	0.00480	0.00240	0.00600	0.00420	0.00480	0.00840
56	0.01366	0.01168	0.01860	0.41451	0.03737	0.01363	0.01745	0.01815	0.01670	0.02163	0.05613	0.04752	0.02624	0.01327	0.00893	0.00295	0.00881	0.23969	0.00508	0.00800
57	0.01263	0.00830	0.01083	0.00998	0.01214	0.00758	0.00756	0.01618	0.02182	0.07783	0.60799	0.05622	0.09011	0.01553	0.00905	0.00244	0.00388	0.01365	0.00857	0.00771
58	0.01660	0.03004	0.38371	0.09345	0.09507	0.01840	0.16946	0.02489	0.04805	0.02461	0.01522	0.01869	0.01121	0.00732	0.00787	0.00250	0.01126	0.00688	0.00371	0.01107
59	0.01815	0.02195	0.08026	0.03211	0.04015	0.01952	0.61751	0.02482	0.01820	0.02482	0.01559	0.02067	0.01166	0.00658	0.00905	0.00261	0.01299	0.00897	0.00389	0.01051
60	0.01693	0.01617	0.04463	0.06971	0.31564	0.01638	0.01803	0.02460	0.14460	0.02580	0.05875	0.06488	0.04175	0.01096	0.00903	0.00261	0.04032	0.06315	0.00538	0.01069
61	0.01714	0.05090	0.02355	0.01939	0.01992	0.04957	0.01610	0.01891	0.01259	0.01867	0.01184	0.04322	0.01199	0.01492	0.04576	0.00355	0.60275	0.00721	0.00358	0.00844
62	0.02478	0.01816	0.01931	0.01564	0.02052	0.04725	0.01253	0.36064	0.12154	0.09465	0.12386	0.02804	0.02505	0.04079	0.00930	0.00260	0.00745	0.00850	0.00776	0.01161
63	0.01445	0.00723	0.00723	0.00723	0.00903	0.00723	0.00542	0.01807	0.01626	0.02891	0.02529	0.02891	0.01987	0.00903	0.00542	0.00181	0.00361	0.00723	0.77055	0.00723
64	0.02337	0.02503	0.02888	0.03236	0.28600	0.26131	0.10616	0.02707	0.01927	0.06092	0.01452	0.01787	0.01169	0.00772	0.00850	0.00229	0.04551	0.00658	0.00422	0.01072
65	0.01097	0.00793	0.01036	0.00975	0.01158	0.00732	0.00732	0.01463	0.02195	0.03109	0.67505	0.05792	0.07316	0.01585	0.00914	0.00244	0.00366	0.01402	0.00854	0.00732
66	0.01972	0.01783	0.02993	0.04196	0.55950	0.01737	0.04653	0.02421	0.01778	0.06076	0.01542	0.01937	0.01256	0.00693	0.00757	0.00222	0.00891	0.00684	0.00422	0.08038
67	0.78228	0.01499	0.01140	0.01020	0.01499	0.01739	0.00840	0.02279	0.01320	0.03479	0.01080	0.01260	0.00840	0.00720	0.00480	0.00240	0.00600	0.00420	0.00480	0.00840
68	0.01760	0.01614	0.02455	0.03190	0.39314	0.01478	0.01739	0.02172	0.01725	0.02558	0.04550	0.01982	0.01485	0.00688	0.00700	0.00186	0.00761	0.00635	0.00435	0.30570
69	0.78228	0.01499	0.01140	0.01020	0.01499	0.01739	0.00840	0.02279	0.01320	0.03479	0.01080	0.01260	0.00840	0.00720	0.00480	0.00240	0.00600	0.00420	0.00480	0.00840
70	0.00916	0.00785	0.00785	0.00785	0.01047	0.00655	0.00589	0.01113	0.01767	0.02095	0.07855	0.07462	0.67599	0.01964	0.00916	0.00262	0.00393	0.01636	0.00720	0.00655
71	0.02947	0.02172	0.02327	0.01784	0.02404	0.02404	0.01474	0.65329	0.03646	0.04887	0.01862	0.01862	0.01319	0.00931	0.00776	0.00233	0.00853	0.00698	0.00776	0.01319
72	0.06507	0.02140	0.02271	0.01748	0.02362	0.02373	0.01444	0.62348	0.03536	0.04820	0.01825	0.01833	0.01296	0.00921	0.00762	0.00233	0.00841	0.00685	0.00762	0.01296
73	0.01108	0.00831	0.01246	0.01246	0.01385	0.00969	0.00969	0.01385	0.01246	0.01800	0.02077	0.03046	0.01938	0.05815	0.69678	0.01246	0.02077	0.00831	0.00415	0.00692
74	0.03170	0.01525	0.01888	0.01466	0.02037	0.01476	0.01197	0.19314	0.05234	0.46470	0.02730	0.02564	0.01827	0.04264	0.00925	0.00263	0.00711	0.00779	0.00883	0.01276
75	0.13085	0.05133	0.04307	0.01740	0.05331	0.04102	0.05005	0.19446	0.08456	0.12896	0.01998	0.04903	0.01536	0.00897	0.00718	0.00228	0.00780	0.00718	0.00642	0.08077
76	0.02336	0.08671	0.14388	0.02036	0.09188	0.10588	0.01694	0.11995	0.13563	0.12300	0.04249	0.02142	0.01657	0.00878	0.00741	0.00231	0.00894	0.00692	0.00597	0.01159
77	0.01776	0.01421	0.01659	0.01196	0.01877	0.01118	0.00962	0.05718	0.01755	0.05834	0.01487	0.01672	0.01195	0.00613	0.00596	0.00128	0.00595	0.00489	0.00502	0.69406
78	0.01733	0.06190	0.14653	0.02030	0.10313	0.04800	0.04089	0.08130	0.01702	0.02312	0.03563	0.09173	0.01745	0.01437	0.01438	0.17647	0.06904	0.00823	0.00443	0.00876
79	0.12806	0.01607	0.02561	0.17557	0.31213	0.01693	0.06634	0.02310	0.01690	0.06442	0.01703	0.02459	0.01428	0.00842	0.00764	0.00251	0.00895	0.05648	0.00451	0.01046
80	0.03479	0.01320	0.01799	0.01380	0.01979	0.01140	0.01140	0.03779	0.02219	0.68451	0.03059	0.02639	0.01919	0.00960	0.00780	0.00240	0.00660	0.00780	0.00960	0.01320
81	0.75270	0.01492	0.01166	0.01034	0.01518	0.01716	0.00852	0.02339	0.01355	0.06050	0.01158	0.01314	0.00882	0.00729	0.00492	0.00240	0.00602	0.00434	0.00499	0.00859
82	0.01991	0.06171	0.33496	0.02079	0.02932	0.01826	0.10880	0.06419	0.06021	0.11450	0.01750	0.01911	0.01254	0.00802	0.00830	0.00241	0.03972	0.00667	0.00485	0.04823
83	0.02979	0.02121	0.02296	0.01760	0.02379	0.02329	0.01454	0.61677	0.03561	0.08657	0.01933	0.01908	0.01354	0.00932	0.00776	0.00233	0.00842	0.00703	0.00787	0.01319
84	0.00945	0.00675	0.00900	0.01080	0.01125	0.00630	0.00720	0.01080	0.01484	0.01979	0.04274	0.72245	0.05128	0.02429	0.00990	0.00315	0.00450	0.02204	0.00720	0.00630
85	0.06240	0.01768	0.05606	0.16710	0.22866	0.03964	0.09898	0.02359	0.08055	0.02517	0.05881	0.02620	0.06380	0.00889	0.00788	0.00246	0.00900	0.00819	0.00472	0.01023
86	0.01774	0.07191	0.41044	0.01838	0.02673	0.01671	0.02117	0.07953	0.01883	0.08199	0.06380	0.09916	0.01988	0.01016	0.00770	0.00247	0.00928	0.00831	0.00501	0.01081
87	0.01445	0.00723	0.00723	0.00723	0.00903	0.00723	0.00542	0.01807	0.01626	0.02891	0.02529	0.02891	0.01987	0.00903	0.00542	0.00181	0.00361	0.00723	0.77055	0.00723
88	0.01203	0.00873	0.01188	0.01349	0.01530	0.00858	0.01161	0.01535	0.01771	0.02283	0.04488	0.11287	0.10820	0.02136	0.01052	0.00346	0.00671	0.54031	0.00715	0.00704
89	0.04607	0.11323	0.20443	0.13943	0.09124	0.05287	0.19759	0.02386	0.01695	0.02324	0.01385	0.01785	0.01063	0.00709	0.00755	0.00238	0.01106	0.00669	0.00363	0.01036
90	0.01633	0.10094	0.57347	0.02345	0.08676	0.01919	0.02685	0.02437	0.01642	0.02405	0.01369	0.01625	0.01004	0.00726	0.00718	0.00237	0.01098	0.00569	0.00333	0.01139
91	0.03461	0.01348	0.01817	0.01393	0.01994	0.01182	0.01151	0.05849	0.02267	0.66313	0.03019	0.02613	0.01899	0.00959	0.00780	0.00240	0.00666	0.00777	0.00953	0.01320
92	0.01625	0.02485	0.27439	0.12832	0.24899	0.01694	0.04900	0.02256	0.01736	0.02485	0.08584	0.02261	0.01766	0.00816	0.00779	0.00243	0.00977	0.00733	0.00408	0.01083
93	0.06244	0.04571	0.08566	0.08635	0.14465	0.04244	0.15737	0.08899	0.01926	0.02686	0.05056	0.09482	0.01955	0.00996	0.00810	0.00252	0.00942	0.03031	0.00492	0.01011
94	0.01969	0.02017	0.02619	0.08775	0.15394	0.14206	0.13319	0.05519	0.09193	0.02404	0.01938	0.02300	0.04457	0.01173	0.03726	0.04852	0.03921	0.00767	0.00462	0.00989
95	0.01016	0.00789	0.00924	0.00890	0.01109	0.00697	0.00668	0.01306	0.02003	0.02655	0.40807	0.06539	0.34298	0.01755	0.00915	0.00252	0.00378	0.01507	0.00794	0.00697
96	0.01608	0.01378	0.01608	0.01148	0.01837	0.01034	0.00919	0.01952	0.01608	0.02527	0.01378	0.01608	0.01148	0.00574	0.00574	0.00115	0.00574	0.00459	0.00459	0.77491
97	0.06773	0.01946	0.07488	0.07122	0.12425	0.07398	0.05015	0.05437	0.12874	0.17049	0.02045	0.02166	0.01497	0.00943	0.00907	0.03490	0.03013	0.00712	0.00591	0.01109
98	0.01754	0.06235	0.14028	0.14763	0.17695	0.01990	0.07735	0.04733	0.01630	0.02293	0.01341	0.01840	0.01098	0.00927	0.01212	0.02929	0.15743	0.00672	0.00370	0.01013
99	0.01491	0.01398	0.02330	0.61330	0.08680	0.01721	0.02110	0.01984	0.01558	0.02023	0.01483	0.02324	0.01188	0.00851	0.00859	0.00264	0.03872	0.03295	0.00362	0.00876
100	0.01770	0.01706	0.02484	0.02085	0.02153	0.02305	0.05437	0.01973	0.01264	0.04360	0.01126	0.01755	0.01060	0.01301	0.02383	0.00331	0.64570	0.00696	0.00365	0.00877
101	0.01922	0.02057	0.09357	0.06458	0.06696	0.05167	0.15371	0.07725	0.01779	0.05190	0.01477	0.01950	0.01198	0.03217	0.01299	0.00269	0.17766	0.00706	0.00437	0.09957
102	0.01574	0.03876	0.64248	0.02284	0.03405	0.01812	0.07215	0.02457	0.01650	0.02457	0.01404	0.01669	0.00996	0.00731	0.00749	0.00247	0.01157	0.00597	0.00332	0.01139
103	0.01929	0.01666	0.01753	0.01578	0.02016	0.01929	0.01227	0.04120	0.66513	0.03243	0.03156	0.02893	0.02367	0.01052	0.00789	0.00263	0.00614	0.00877	0.00789	0.01227
104	0.01734	0.01453	0.01676	0.01208	0.01891	0.01163	0.00971	0.07938	0.01800	0.02749	0.01424	0.01632	0.01165	0.00608	0.00593	0.00126	0.00601	0.00482	0.00489	0.70297
105	0.01009	0.00725	0.00958	0.01036	0.01139	0.00673	0.00725	0.01242	0.01785	0.02458	0.31050	0.44104	0.06055	0.02072	0.00958	0.00285	0.00414	0.01865	0.00776	0.00673
106	0.01108	0.00831	0.01246	0.01246	0.01385	0.00969	0.00969	0.01385	0.01246	0.01800	0.02077	0.03046	0.01938	0.05815	0.69678	0.01246	0.02077	0.00831	0.00415	0.00692
107	0.00945	0.00675	0.00900	0.01080	0.01125	0.00630	0.00720	0.01080	0.01484	0.01979	0.04274	0.72245	0.05128	0.02429	0.00990	0.00315	0.00450	0.02204	0.00720	0.00630
108	0.78228	0.01499	0.01140	0.01020	0.01499	0.01739	0.00840	0.02279	0.01320	0.03479	0.01080	0.01260	0.00840	0.00720	0.00480	0.00240	0.00600	0.00420	0.00480	0.00840
109	0.03479	0.01320	0.01799	0.01380	0.01979	0.01140	0.01140	0.03779	0.02219	0.68451	0.03059	0.02639	0.01919	0.00960	0.00780	0.00240	0.00660	0.00780	0.00960	0.01320
110	0.01929	0.01666	0.01753	0.01578	0.02016	0.01929	0.01227	0.04120	0.66513	0.03243	0.03156	0.02893	0.02367	0.01052	0.00789	0.00263	0.00614	0.00877	0.00789	0.01227
111	0.03479	0.01320	0.01799	0.01380	0.01979	0.01140	0.01140	0.03779	0.02219	0.68451	0.03059	0.02639	0.01919	0.00960	0.00780	0.00240	0.00660	0.00780	0.00960	0.01320
112	0.78228	0.01499	0.01140	0.01020	0.01499	0.01739	0.00840	0.02279	0.01320	0.03479	0.01080	0.01260	0.00840	0.00720	0.00480	0.00240	0.00600	0.00420	0.00480	0.00840
113	0.01249	0.00892	0.01249	0.01428	0.01606	0.00892	0.01249	0.01606	0.01785	0.02320	0.04105	0.08746	0.04462	0.02142	0.01071	0.00357	0.00714	0.62695	0.00714	0.00714
114	0.01464	0.01378	0.02326	0.70887	0.05340	0.01723	0.02153	0.01981	0.01550	0.01981	0.01378	0.02067	0.01034	0.00775	0.00775	0.00258	0.01034	0.00689	0.00345	0.00861
115	0.00945	0.00675	0.00900	0.01080	0.01125	0.00630	0.00720	0.01080	0.01484	0.01979	0.04274	0.72245	0.05128	0.02429	0.00990	0.00315	0.00450	0.02204	0.00720	0.00630
116	0.00945	0.00675	0.00900	0.01080	0.01125	0.00630	0.00720	0.01080	0.01484	0.01979	0.04274	0.72245	0.05128	0.02429	0.00990	0.00315	0.00450	0.02204	0.00720	0.00630
117	0.02085	0.10787	0.05801	0.22823	0.16009	0.19430	0.01913	0.05812	0.01867	0.02223	0.01327	0.01725	0.01070	0.00777	0.00777	0.00227	0.03362	0.00603	0.00387	0.00996
118	0.01233	0.00956	0.01319	0.01597	0.07864	0.00936	0.01169	0.01595	0.03692	0.02279	0.04448	0.17719	0.14303	0.01985	0.00996	0.00320	0.00638	0.35508	0.00686	0.00756
119	0.01603	0.06341	0.54192	0.02355	0.06342	0.01829	0.08890	0.02413	0.01680	0.02461	0.03839	0.01833	0.01247	0.00755	0.00753	0.00243	0.01110	0.00637	0.00356	0.01119
120	0.02690	0.21156	0.02666	0.01829	0.02295	0.52919	0.01455	0.02902	0.02041	0.01879	0.01168	0.01359	0.00998	0.00765	0.00648	0.00191	0.01255	0.00478	0.00382	0.00923
121	0.02586	0.08365	0.08411	0.02145	0.07525	0.04927	0.08094	0.38097	0.02847	0.06884	0.01725	0.01836	0.01257	0.00841	0.00759	0.00230	0.00940	0.00681	0.00625	0.01225
122	0.02510	0.01970	0.08474	0.01650	0.02230	0.01868	0.01448	0.34255	0.09734	0.13429	0.06717	0.05013	0.02161	0.01079	0.00804	0.00247	0.00775	0.03672	0.00761	0.01202
123	0.03341	0.01342	0.01792	0.01390	0.01968	0.01191	0.01141	0.07237	0.02271	0.61956	0.03041	0.05533	0.02020	0.01020	0.00788	0.00243	0.00662	0.00835	0.00939	0.01290
124	0.02943	0.02015	0.02200	0.01694	0.02294	0.02192	0.01397	0.55764	0.03401	0.11910	0.02024	0.01992	0.01414	0.00933	0.00766	0.00231	0.00811	0.00708	0.04017	0.01294
125	0.01979	0.46207	0.22126	0.01749	0.04836	0.07329	0.01811	0.02416	0.01643	0.02033	0.01189	0.01390	0.01000	0.00695	0.00589	0.00193	0.00962	0.00475	0.00337	0.01039
126	0.04156	0.02293	0.15936	0.08930	0.34918	0.04311	0.11193	0.02378	0.01735	0.02467	0.01514	0.02067	0.01235	0.00750	0.00781	0.00243	0.01030	0.02561	0.00384	0.01118
127	0.01097	0.00793	0.01036	0.00975	0.01158	0.00732	0.00732	0.01463	0.02195	0.03109	0.67505	0.05792	0.07316	0.01585	0.00914	0.00244	0.00366	0.01402	0.00854	0.00732
128	0.01050	0.00724	0.00894	0.00987	0.01019	0.00704	0.00630	0.01133	0.01330	0.01770	0.03384	0.36282	0.03980	0.36204	0.02415	0.00527	0.00610	0.05197	0.00599	0.00558
129	0.05128	0.08252	0.10830	0.11023	0.08464	0.01918	0.18291	0.05611	0.08535	0.06475	0.01812	0.04856	0.01440	0.00852	0.00834	0.00249	0.03103	0.00786	0.00482	0.01062
130	0.03231	0.01716	0.02045	0.01568	0.02177	0.01729	0.01295	0.32442	0.02883	0.38850	0.02501	0.02277	0.01640	0.00946	0.00778	0.00237	0.00750	0.00742	0.00874	0.01319
131	0.01097	0.00793	0.01036	0.00975	0.01158	0.00732	0.00732	0.01463	0.02195	0.03109	0.67505	0.05792	0.07316	0.01585	0.00914	0.00244	0.00366	0.01402	0.00854	0.00732
132	0.02101	0.05914	0.39229	0.02049	0.06567	0.01712	0.02187	0.07772	0.01956	0.16808	0.04958	0.02070	0.01530	0.00835	0.00749	0.00239	0.00954	0.00667	0.00528	0.01176
133	0.06437	0.05164	0.15553	0.11408	0.20645	0.05901	0.06282	0.02492	0.04252	0.06231	0.01512	0.01858	0.01174	0.00802	0.00894	0.00246	0.07001	0.00656	0.00419	0.01075
134	0.02446	0.01478	0.01713	0.01410	0.01855	0.01536	0.01108	0.18392	0.16886	0.22627	0.08466	0.03139	0.02485	0.11400	0.01250	0.00318	0.00684	0.00887	0.00796	0.01123
135	0.00945	0.00675	0.00900	0.01080	0.01125	0.00630	0.00720	0.01080	0.01484	0.01979	0.04274	0.72245	0.05128	0.02429	0.00990	0.00315	0.00450	0.02204	0.00720	0.00630
136	0.01794	0.01956	0.04081	0.06220	0.13211	0.01872	0.49665	0.02397	0.01806	0.02460	0.01692	0.02452	0.01369	0.00750	0.00897	0.00262	0.01205	0.04458	0.00408	0.01045
137	0.08394	0.01849	0.02309	0.07041	0.23071	0.04428	0.01666	0.19607	0.13388	0.03343	0.05731	0.02237	0.01757	0.00882	0.00757	0.00239	0.00816	0.00738	0.00593	0.01155
138	0.01669	0.01203	0.01402	0.01258	0.01498	0.01318	0.00928	0.14222	0.11466	0.04552	0.02361	0.03524	0.02204	0.28567	0.19719	0.00689	0.01090	0.00919	0.00578	0.00832
139	0.01608	0.01378	0.01608	0.01148	0.01837	0.01034	0.00919	0.01952	0.01608	0.02527	0.01378	0.01608	0.01148	0.00574	0.00574	0.00115	0.00574	0.00459	0.00459	0.77491
140	0.01117	0.00747	0.00849	0.00860	0.00862	0.00744	0.00485	0.01125	0.01149	0.01532	0.02552	0.09059	0.02956	0.68579	0.03771	0.00726	0.00734	0.01191	0.00485	0.00479
141	0.02676	0.09181	0.02511	0.01764	0.02366	0.02327	0.04503	0.46804	0.08816	0.06093	0.01925	0.01961	0.01408	0.01048	0.02817	0.00261	0.00883	0.00702	0.00708	0.01246
142	0.01113	0.00811	0.01145	0.01145	0.01249	0.00914	0.00843	0.01320	0.01216	0.01725	0.02169	0.03558	0.02161	0.22703	0.53094	0.01121	0.01743	0.00906	0.00429	0.00636
143	0.01798	0.02119	0.06919	0.05915	0.03979	0.01965	0.56992	0.02432	0.01780	0.02432	0.01527	0.02053	0.01155	0.00696	0.00981	0.00264	0.04692	0.00881	0.00385	0.01033
144	0.78228	0.01499	0.01140	0.01020	0.01499	0.01739	0.00840	0.02279	0.01320	0.03479	0.01080	0.01260	0.00840	0.00720	0.00480	0.00240	0.00600	0.00420	0.00480	0.00840
145	0.03450	0.01365	0.01828	0.01401	0.02002	0.01208	0.01158	0.07089	0.02296	0.65032	0.02995	0.02597	0.01887	0.00958	0.00780	0.00240	0.00670	0.00775	0.00950	0.01319
146	0.01463	0.01339	0.02230	0.66725	0.05077	0.01663	0.02058	0.01971	0.01555	0.02035	0.01446	0.02116	0.01090	0.00783	0.00761	0.00254	0.00994	0.00691	0.04895	0.00853
147	0.00983	0.00832	0.00857	0.00861	0.01121	0.00730	0.00650	0.01289	0.05239	0.02159	0.07334	0.09892	0.59499	0.01939	0.00918	0.00267	0.00417	0.03604	0.00724	0.00686

[dist]
# distance from previous block
# <min> <max>
0	49

[block]
# block no. 2 follows, 25 sequences, length 24
# corresponding to MSA columns:
# 324-347
name=unknown_C
#
# <colnr> <probs for GDERKNQSTAVLIFYWHMCP>
#	G	D	E	R	K	N	Q	S	T	A	V	L	I	F	Y	W	H	M	C	P
0	0.00932	0.00724	0.00848	0.00948	0.01090	0.00641	0.00661	0.01094	0.01611	0.02031	0.05882	0.43154	0.33181	0.02220	0.00957	0.00291	0.00424	0.01949	0.00720	0.00641
1	0.02693	0.02045	0.02184	0.01733	0.02308	0.02286	0.01412	0.50039	0.19350	0.04476	0.02185	0.02119	0.01580	0.00961	0.00779	0.00240	0.00793	0.00743	0.00779	0.01296
2	0.78228	0.01499	0.01140	0.01020	0.01499	0.01739	0.00840	0.02279	0.01320	0.03479	0.01080	0.01260	0.00840	0.00720	0.00480	0.00240	0.00600	0.00420	0.00480	0.00840
3	0.01830	0.02092	0.04575	0.03268	0.04052	0.01961	0.65098	0.02484	0.01830	0.02484	0.01569	0.02092	0.01176	0.00654	0.00915	0.00261	0.01307	0.00915	0.00392	0.01046
4	0.01583	0.07688	0.65297	0.02163	0.03283	0.01868	0.02783	0.02448	0.01634	0.02422	0.01375	0.01616	0.00983	0.00733	0.00724	0.00241	0.01129	0.00565	0.00328	0.01138
5	0.01555	0.04011	0.68733	0.02210	0.03356	0.01801	0.02865	0.02455	0.01637	0.02455	0.01391	0.01637	0.00982	0.00737	0.00737	0.00246	0.01146	0.00573	0.00327	0.01146
6	0.78228	0.01499	0.01140	0.01020	0.01499	0.01739	0.00840	0.02279	0.01320	0.03479	0.01080	0.01260	0.00840	0.00720	0.00480	0.00240	0.00600	0.00420	0.00480	0.00840
7	0.03479	0.01320	0.01799	0.01380	0.01979	0.01140	0.01140	0.03779	0.02219	0.68451	0.03059	0.02639	0.01919	0.00960	0.00780	0.00240	0.00660	0.00780	0.00960	0.01320
8	0.01124	0.00765	0.00911	0.00911	0.00934	0.00787	0.00551	0.01169	0.01147	0.01552	0.02383	0.04743	0.02675	0.61834	0.14667	0.00832	0.00968	0.01079	0.00461	0.00506
9	0.78228	0.01499	0.01140	0.01020	0.01499	0.01739	0.00840	0.02279	0.01320	0.03479	0.01080	0.01260	0.00840	0.00720	0.00480	0.00240	0.00600	0.00420	0.00480	0.00840
10	0.01347	0.00673	0.01010	0.01010	0.01010	0.00673	0.00673	0.01010	0.01010	0.01347	0.01347	0.02357	0.01347	0.02694	0.03030	0.77441	0.00673	0.00673	0.00337	0.00337
11	0.01014	0.00789	0.00921	0.00888	0.01107	0.00696	0.00666	0.01302	0.01999	0.02643	0.40115	0.06559	0.34996	0.01759	0.00915	0.00252	0.00378	0.01510	0.00792	0.00696
12	0.01929	0.01666	0.01753	0.01578	0.02016	0.01929	0.01227	0.04120	0.66513	0.03243	0.03156	0.02893	0.02367	0.01052	0.00789	0.00263	0.00614	0.00877	0.00789	0.01227
13	0.01097	0.00793	0.01036	0.00975	0.01158	0.00732	0.00732	0.01463	0.02195	0.03109	0.67505	0.05792	0.07316	0.01585	0.00914	0.00244	0.00366	0.01402	0.00854	0.00732
14	0.02896	0.03695	0.02197	0.01998	0.02397	0.69638	0.01498	0.03096	0.02197	0.01898	0.01199	0.01398	0.00999	0.00799	0.00699	0.00200	0.01398	0.00499	0.00400	0.00899
15	0.01108	0.00831	0.01246	0.01246	0.01385	0.00969	0.00969	0.01385	0.01246	0.01800	0.02077	0.03046	0.01938	0.05815	0.69678	0.01246	0.02077	0.00831	0.00415	0.00692
16	0.00945	0.00675	0.00900	0.01080	0.01125	0.00630	0.00720	0.01080	0.01484	0.01979	0.04274	0.72245	0.05128	0.02429	0.00990	0.00315	0.00450	0.02204	0.00720	0.00630
17	0.11149	0.38313	0.03059	0.01486	0.02089	0.09515	0.01329	0.19759	0.02180	0.02866	0.01306	0.01432	0.01067	0.00757	0.00593	0.00196	0.00867	0.00502	0.00478	0.01057
18	0.01934	0.49081	0.19258	0.01909	0.09488	0.02635	0.01805	0.02360	0.01611	0.02051	0.01194	0.01410	0.01017	0.00684	0.00583	0.00192	0.00914	0.00482	0.00336	0.01056
19	0.01975	0.02110	0.02278	0.39364	0.07696	0.22091	0.01874	0.05441	0.01844	0.02122	0.01389	0.01899	0.01096	0.01049	0.04363	0.00290	0.01182	0.00640	0.00388	0.00907
20	0.00993	0.00695	0.00885	0.01018	0.01051	0.00662	0.00653	0.01092	0.01390	0.01853	0.03788	0.54416	0.04515	0.21094	0.01774	0.00431	0.00530	0.01918	0.00653	0.00587
21	0.01737	0.01648	0.02755	0.31188	0.39861	0.01798	0.02238	0.02296	0.04540	0.02343	0.01501	0.02022	0.01200	0.00741	0.00772	0.00243	0.00953	0.00698	0.00386	0.01081
22	0.01861	0.02004	0.04072	0.03793	0.26551	0.01919	0.43002	0.02447	0.01807	0.02501	0.01530	0.02031	0.01195	0.00667	0.00863	0.00250	0.01171	0.00836	0.00389	0.01110
23	0.43590	0.01390	0.01379	0.01139	0.01657	0.01430	0.00933	0.02660	0.01675	0.23315	0.05722	0.01988	0.01590	0.00832	0.00607	0.00229	0.00602	0.00593	0.00648	0.08021

[dist]
# distance from previous block
# <min> <max>
1	17

[block]
# block no. 3 follows, 25 sequences, length 23
# corresponding to MSA columns:
# 365-387
name=unknown_D
#
# <colnr> <probs for GDERKNQSTAVLIFYWHMCP>
#	G	D	E	R	K	N	Q	S	T	A	V	L	I	F	Y	W	H	M	C	P
0	0.22881	0.02537	0.27293	0.11638	0.08076	0.01818	0.07351	0.05290	0.01658	0.02796	0.01345	0.01662	0.01001	0.00736	0.00690	0.00245	0.00962	0.00590	0.00403	0.01028
1	0.01929	0.01666	0.01753	0.01578	0.02016	0.01929	0.01227	0.04120	0.66513	0.03243	0.03156	0.02893	0.02367	0.01052	0.00789	0.00263	0.00614	0.00877	0.00789	0.01227
2	0.01563	0.01292	0.01554	0.04159	0.04799	0.01423	0.01213	0.02794	0.33442	0.02748	0.06228	0.15549	0.03398	0.01515	0.00888	0.00290	0.00628	0.14807	0.00729	0.00981
3	0.78228	0.01499	0.01140	0.01020	0.01499	0.01739	0.00840	0.02279	0.01320	0.03479	0.01080	0.01260	0.00840	0.00720	0.00480	0.00240	0.00600	0.00420	0.00480	0.00840
4	0.03479	0.01320	0.01799	0.01380	0.01979	0.01140	0.01140	0.03779	0.02219	0.68451	0.03059	0.02639	0.01919	0.00960	0.00780	0.00240	0.00660	0.00780	0.00960	0.01320
5	0.00945	0.00675	0.00900	0.01080	0.01125	0.00630	0.00720	0.01080	0.01484	0.01979	0.04274	0.72245	0.05128	0.02429	0.00990	0.00315	0.00450	0.02204	0.00720	0.00630
6	0.02073	0.73217	0.04063	0.01327	0.01990	0.03068	0.01327	0.02322	0.01575	0.01824	0.01078	0.01244	0.00995	0.00663	0.00498	0.00166	0.00829	0.00415	0.00332	0.00995
7	0.00945	0.00675	0.00900	0.01080	0.01125	0.00630	0.00720	0.01080	0.01484	0.01979	0.04274	0.72245	0.05128	0.02429	0.00990	0.00315	0.00450	0.02204	0.00720	0.00630
8	0.78228	0.01499	0.01140	0.01020	0.01499	0.01739	0.00840	0.02279	0.01320	0.03479	0.01080	0.01260	0.00840	0.00720	0.00480	0.00240	0.00600	0.00420	0.00480	0.00840
9	0.78228	0.01499	0.01140	0.01020	0.01499	0.01739	0.00840	0.02279	0.01320	0.03479	0.01080	0.01260	0.00840	0.00720	0.00480	0.00240	0.00600	0.00420	0.00480	0.00840
10	0.03479	0.01320	0.01799	0.01380	0.01979	0.01140	0.01140	0.03779	0.02219	0.68451	0.03059	0.02639	0.01919	0.00960	0.00780	0.00240	0.00660	0.00780	0.00960	0.01320
11	0.02947	0.02172	0.02327	0.01784	0.02404	0.02404	0.01474	0.65329	0.03646	0.04887	0.01862	0.01862	0.01319	0.00931	0.00776	0.00233	0.00853	0.00698	0.00776	0.01319
12	0.01929	0.01666	0.01753	0.01578	0.02016	0.01929	0.01227	0.04120	0.66513	0.03243	0.03156	0.02893	0.02367	0.01052	0.00789	0.00263	0.00614	0.00877	0.00789	0.01227
13	0.01830	0.02092	0.04575	0.03268	0.04052	0.01961	0.65098	0.02484	0.01830	0.02484	0.01569	0.02092	0.01176	0.00654	0.00915	0.00261	0.01307	0.00915	0.00392	0.01046
14	0.00916	0.00785	0.00785	0.00785	0.01047	0.00655	0.00589	0.01113	0.01767	0.02095	0.07855	0.07462	0.67599	0.01964	0.00916	0.00262	0.00393	0.01636	0.00720	0.00655
15	0.02431	0.01915	0.02036	0.01680	0.02208	0.02163	0.01349	0.34327	0.35487	0.04054	0.02517	0.02384	0.01850	0.00992	0.00782	0.00248	0.00732	0.00789	0.00782	0.01272
16	0.01128	0.00752	0.00846	0.00846	0.00846	0.00752	0.00470	0.01128	0.01128	0.01503	0.02443	0.05074	0.02819	0.72751	0.03946	0.00752	0.00752	0.01128	0.00470	0.00470
17	0.01269	0.01005	0.04778	0.01050	0.01324	0.00810	0.00861	0.01640	0.02118	0.07530	0.52706	0.05530	0.13323	0.01537	0.00896	0.00246	0.00432	0.01339	0.00817	0.00787
18	0.02599	0.01972	0.02138	0.01638	0.02260	0.02088	0.01342	0.47948	0.07622	0.04284	0.01852	0.01881	0.01357	0.00866	0.00735	0.00210	0.00779	0.00661	0.00711	0.17056
19	0.18601	0.29619	0.02989	0.07143	0.07379	0.07085	0.06733	0.02319	0.01563	0.02314	0.01175	0.01483	0.00999	0.00755	0.00762	0.00219	0.06999	0.00529	0.00379	0.00953
20	0.02044	0.09018	0.08837	0.04895	0.05416	0.19933	0.21749	0.02561	0.04287	0.02270	0.04405	0.02222	0.01529	0.00852	0.00867	0.00240	0.04275	0.03189	0.00426	0.00982
21	0.01511	0.06665	0.10642	0.01527	0.04496	0.06676	0.01262	0.04261	0.01501	0.01989	0.02098	0.03157	0.04618	0.21184	0.20613	0.00649	0.05095	0.00834	0.00433	0.00786
22	0.01815	0.32299	0.07323	0.01394	0.01924	0.04473	0.03919	0.05537	0.01847	0.05170	0.10516	0.08478	0.10162	0.01114	0.00708	0.00217	0.00746	0.00895	0.00531	0.00933

[dist]
# distance from previous block
# <min> <max>
0	2

[block]
# block no. 4 follows, 25 sequences, length 44
# corresponding to MSA columns:
# 390-433
name=unknown_E
#
# <colnr> <probs for GDERKNQSTAVLIFYWHMCP>
#	G	D	E	R	K	N	Q	S	T	A	V	L	I	F	Y	W	H	M	C	P
0	0.01562	0.03569	0.56436	0.02268	0.03308	0.01755	0.10605	0.02398	0.01696	0.02499	0.05498	0.01951	0.01398	0.00779	0.00770	0.00247	0.01118	0.00667	0.00368	0.01108
1	0.02947	0.02172	0.02327	0.01784	0.02404	0.02404	0.01474	0.65329	0.03646	0.04887	0.01862	0.01862	0.01319	0.00931	0.00776	0.00233	0.00853	0.00698	0.00776	0.01319
2	0.01707	0.01397	0.01778	0.01472	0.05959	0.01148	0.02964	0.04420	0.01702	0.05276	0.01637	0.04737	0.01403	0.00979	0.04426	0.00207	0.00709	0.00603	0.00494	0.56984
3	0.04425	0.35117	0.08035	0.01633	0.02290	0.04962	0.05148	0.19364	0.04523	0.02845	0.01662	0.01776	0.03512	0.00807	0.00647	0.00206	0.00877	0.00595	0.00492	0.01085
4	0.02792	0.12489	0.02433	0.01913	0.02346	0.61217	0.01476	0.02998	0.02119	0.01888	0.01183	0.01379	0.00998	0.00782	0.00674	0.00195	0.01326	0.00489	0.00391	0.00911
5	0.02788	0.01791	0.02004	0.01571	0.02101	0.01908	0.01266	0.41659	0.05622	0.17837	0.02242	0.02475	0.01679	0.10027	0.01178	0.00301	0.00790	0.00777	0.00776	0.01208
6	0.01077	0.00838	0.01054	0.01126	0.03970	0.00764	0.00809	0.01374	0.01941	0.02580	0.33326	0.10637	0.27237	0.01792	0.00931	0.00266	0.00442	0.08353	0.00764	0.00718
7	0.02143	0.24762	0.05408	0.01578	0.02076	0.04656	0.01398	0.05298	0.20877	0.09507	0.02050	0.02251	0.01638	0.00968	0.00921	0.00238	0.09696	0.02885	0.00567	0.01084
8	0.01128	0.00752	0.00846	0.00846	0.00846	0.00752	0.00470	0.01128	0.01128	0.01503	0.02443	0.05074	0.02819	0.72751	0.03946	0.00752	0.00752	0.01128	0.00470	0.00470
9	0.01480	0.01410	0.02425	0.67903	0.05283	0.01733	0.04931	0.02003	0.01563	0.02003	0.01387	0.02068	0.01040	0.00770	0.00781	0.00259	0.01046	0.00699	0.00347	0.00869
10	0.00945	0.00675	0.00900	0.01080	0.01125	0.00630	0.00720	0.01080	0.01484	0.01979	0.04274	0.72245	0.05128	0.02429	0.00990	0.00315	0.00450	0.02204	0.00720	0.00630
11	0.01108	0.00831	0.01246	0.01246	0.01385	0.00969	0.00969	0.01385	0.01246	0.01800	0.02077	0.03046	0.01938	0.05815	0.69678	0.01246	0.02077	0.00831	0.00415	0.00692
12	0.78228	0.01499	0.01140	0.01020	0.01499	0.01739	0.00840	0.02279	0.01320	0.03479	0.01080	0.01260	0.00840	0.00720	0.00480	0.00240	0.00600	0.00420	0.00480	0.00840
13	0.02772	0.03473	0.02271	0.02188	0.06859	0.61787	0.01568	0.02988	0.02119	0.01940	0.01208	0.01448	0.01015	0.00818	0.00792	0.00209	0.04709	0.00521	0.00396	0.00919
14	0.04694	0.58698	0.12014	0.01424	0.02119	0.02767	0.01488	0.02296	0.01560	0.01962	0.01162	0.01374	0.01029	0.00902	0.03580	0.00226	0.00916	0.00453	0.00340	0.00995
15	0.01108	0.00831	0.01246	0.01246	0.01385	0.00969	0.00969	0.01385	0.01246	0.01800	0.02077	0.03046	0.01938	0.05815	0.69678	0.01246	0.02077	0.00831	0.00415	0.00692
16	0.02316	0.02610	0.02525	0.02254	0.06483	0.31275	0.09303	0.06897	0.04329	0.02239	0.01386	0.01825	0.01187	0.03898	0.01310	0.00270	0.17861	0.00658	0.00426	0.00948
17	0.00981	0.00703	0.00932	0.01055	0.01133	0.00654	0.00723	0.01170	0.01652	0.02246	0.19201	0.56557	0.05645	0.02230	0.00972	0.00298	0.00430	0.02015	0.00751	0.00654
18	0.01108	0.00831	0.01246	0.01246	0.01385	0.00969	0.00969	0.01385	0.01246	0.01800	0.02077	0.03046	0.01938	0.05815	0.69678	0.01246	0.02077	0.00831	0.00415	0.00692
19	0.01929	0.01666	0.01753	0.01578	0.02016	0.01929	0.01227	0.04120	0.66513	0.03243	0.03156	0.02893	0.02367	0.01052	0.00789	0.00263	0.00614	0.00877	0.00789	0.01227
20	0.01696	0.01696	0.02375	0.02036	0.02036	0.02375	0.01696	0.01866	0.01187	0.01866	0.01018	0.01696	0.01018	0.01357	0.02545	0.00339	0.71332	0.00679	0.00339	0.00848
21	0.02947	0.02172	0.02327	0.01784	0.02404	0.02404	0.01474	0.65329	0.03646	0.04887	0.01862	0.01862	0.01319	0.00931	0.00776	0.00233	0.00853	0.00698	0.00776	0.01319
22	0.01128	0.00752	0.00846	0.00846	0.00846	0.00752	0.00470	0.01128	0.01128	0.01503	0.02443	0.05074	0.02819	0.72751	0.03946	0.00752	0.00752	0.01128	0.00470	0.00470
23	0.00945	0.00675	0.00900	0.01080	0.01125	0.00630	0.00720	0.01080	0.01484	0.01979	0.04274	0.72245	0.05128	0.02429	0.00990	0.00315	0.00450	0.02204	0.00720	0.00630
24	0.01445	0.00723	0.00723	0.00723	0.00903	0.00723	0.00542	0.01807	0.01626	0.02891	0.02529	0.02891	0.01987	0.00903	0.00542	0.00181	0.00361	0.00723	0.77055	0.00723
25	0.01108	0.00831	0.01246	0.01246	0.01385	0.00969	0.00969	0.01385	0.01246	0.01800	0.02077	0.03046	0.01938	0.05815	0.69678	0.01246	0.02077	0.00831	0.00415	0.00692
26	0.78228	0.01499	0.01140	0.01020	0.01499	0.01739	0.00840	0.02279	0.01320	0.03479	0.01080	0.01260	0.00840	0.00720	0.00480	0.00240	0.00600	0.00420	0.00480	0.00840
27	0.01914	0.01856	0.03226	0.04677	0.64406	0.01849	0.05825	0.02385	0.01769	0.02530	0.01465	0.01928	0.01225	0.00689	0.00776	0.00232	0.00942	0.00703	0.00384	0.01218
