[name]
unknown

[dist]
# distance from previous block
# <min> <max>
0	2

[block]
# block no. 0 follows, 26 sequences, length 16
# corresponding to MSA columns:
# 2-17
name=unknown_A
#
# <colnr> <probs for GDERKNQSTAVLIFYWHMCP>
#	G	D	E	R	K	N	Q	S	T	A	V	L	I	F	Y	W	H	M	C	P
0	0.02624	0.01930	0.02112	0.01691	0.02231	0.02122	0.01407	0.56028	0.03283	0.04389	0.02163	0.02871	0.01769	0.01095	0.00804	0.00247	0.00813	0.10475	0.00749	0.01198
1	0.02767	0.07119	0.02365	0.01687	0.02300	0.02340	0.01408	0.58853	0.03339	0.04471	0.01747	0.01768	0.01261	0.00877	0.00731	0.00218	0.00821	0.00653	0.00715	0.04558
2	0.01103	0.00735	0.00827	0.00827	0.00827	0.00735	0.00460	0.01103	0.01103	0.01471	0.02390	0.04964	0.02758	0.73343	0.03861	0.00735	0.00735	0.01103	0.00460	0.00460
3	0.01103	0.00735	0.00827	0.00827	0.00827	0.00735	0.00460	0.01103	0.01103	0.01471	0.02390	0.04964	0.02758	0.73343	0.03861	0.00735	0.00735	0.01103	0.00460	0.00460
4	0.00922	0.00766	0.00810	0.00830	0.01063	0.00654	0.00626	0.01124	0.01723	0.02086	0.09272	0.12222	0.58032	0.01952	0.00910	0.00264	0.00404	0.04985	0.00708	0.00644
5	0.01851	0.01775	0.03031	0.08661	0.64814	0.01795	0.02315	0.02304	0.01715	0.02446	0.01422	0.01886	0.01190	0.00681	0.00751	0.00227	0.00908	0.00676	0.00373	0.01180
6	0.10429	0.01833	0.02379	0.03024	0.34485	0.06892	0.01732	0.05761	0.13655	0.09616	0.01846	0.02011	0.01418	0.00788	0.00721	0.00231	0.00819	0.00675	0.00534	0.01150
7	0.01982	0.01929	0.02901	0.08958	0.54968	0.07077	0.02191	0.06317	0.01859	0.02536	0.01426	0.01845	0.01176	0.00704	0.00747	0.00225	0.00940	0.00662	0.00398	0.01157
8	0.21948	0.02015	0.13835	0.01890	0.06419	0.01679	0.09181	0.11025	0.01987	0.05211	0.11648	0.05572	0.02263	0.01018	0.00774	0.00263	0.00821	0.00824	0.00588	0.01040
9	0.07806	0.02416	0.02172	0.02158	0.12127	0.31545	0.05268	0.02785	0.04362	0.11275	0.04728	0.02085	0.03673	0.00846	0.00718	0.00215	0.01008	0.00660	0.00513	0.03641
10	0.01946	0.01502	0.01829	0.01385	0.01957	0.01394	0.03300	0.14342	0.04395	0.07913	0.06618	0.02069	0.01700	0.00796	0.00774	0.00176	0.04907	0.00629	0.00576	0.41792
11	0.02103	0.01674	0.02777	0.06153	0.38302	0.01635	0.08830	0.05318	0.01872	0.13631	0.01814	0.02271	0.01429	0.00781	0.00770	0.00230	0.00872	0.03270	0.00503	0.05765
12	0.01773	0.01081	0.01401	0.01396	0.05490	0.01049	0.00986	0.05104	0.08007	0.16824	0.13939	0.19841	0.03675	0.08551	0.01149	0.00307	0.00580	0.05111	0.00734	0.03002
13	0.02343	0.04836	0.01832	0.05572	0.02074	0.01485	0.01168	0.12059	0.13172	0.23870	0.02487	0.05451	0.01940	0.04986	0.00915	0.00254	0.00683	0.03082	0.00711	0.11079
14	0.12451	0.01966	0.05896	0.11131	0.38899	0.07068	0.07194	0.02337	0.01675	0.02490	0.01353	0.01766	0.01095	0.00696	0.00718	0.00230	0.00947	0.00637	0.00383	0.01066
15	0.01890	0.01783	0.02614	0.10914	0.43144	0.05005	0.01980	0.07181	0.08152	0.02603	0.01984	0.02293	0.05455	0.00819	0.00760	0.00232	0.00869	0.00742	0.00459	0.01120

[dist]
# distance from previous block
# <min> <max>
2	7

[block]
# block no. 1 follows, 26 sequences, length 10
# corresponding to MSA columns:
# 25-34
name=unknown_B
#
# <colnr> <probs for GDERKNQSTAVLIFYWHMCP>
#	G	D	E	R	K	N	Q	S	T	A	V	L	I	F	Y	W	H	M	C	P
0	0.05801	0.01448	0.01991	0.04302	0.06307	0.01464	0.09807	0.11894	0.11051	0.02845	0.05303	0.17048	0.04636	0.01177	0.00790	0.00239	0.00704	0.01055	0.00603	0.11536
1	0.06369	0.01758	0.02921	0.07976	0.61313	0.01790	0.02228	0.02301	0.01690	0.02504	0.01401	0.01847	0.01169	0.00682	0.00735	0.00227	0.00888	0.00660	0.00379	0.01160
2	0.01446	0.01348	0.02209	0.64876	0.04901	0.01622	0.01993	0.01935	0.01522	0.01988	0.01348	0.01980	0.01022	0.00740	0.00740	0.00240	0.00969	0.00653	0.00348	0.08123
3	0.01877	0.01802	0.03079	0.04656	0.68612	0.01802	0.02328	0.02328	0.01727	0.02478	0.01427	0.01877	0.01201	0.00676	0.00751	0.00225	0.00901	0.00676	0.00375	0.01201
4	0.37565	0.01629	0.01493	0.01254	0.01732	0.07281	0.01015	0.11415	0.01957	0.17784	0.08368	0.02067	0.01769	0.00876	0.00634	0.00231	0.00676	0.00629	0.00642	0.00983
5	0.06227	0.53177	0.09684	0.01419	0.02078	0.08099	0.01416	0.02432	0.01622	0.06171	0.01215	0.01352	0.01021	0.00687	0.00541	0.00181	0.00863	0.00450	0.00376	0.00992
6	0.36349	0.06229	0.07932	0.01271	0.01793	0.05270	0.01137	0.02578	0.06957	0.13237	0.08791	0.02089	0.01820	0.00860	0.00621	0.00231	0.00678	0.00623	0.00579	0.00954
7	0.12921	0.40025	0.02968	0.01379	0.01948	0.02357	0.04625	0.08195	0.04818	0.05184	0.07660	0.01867	0.01672	0.00794	0.00594	0.00198	0.00747	0.00584	0.00481	0.00982
8	0.25397	0.07428	0.01911	0.01538	0.06015	0.01866	0.01181	0.19137	0.09024	0.09389	0.04780	0.01937	0.01540	0.00838	0.00647	0.00222	0.00684	0.00623	0.00617	0.05225
9	0.43039	0.11461	0.01801	0.01476	0.08262	0.01806	0.01087	0.02469	0.07750	0.07642	0.05629	0.01818	0.01493	0.00794	0.00576	0.00226	0.00640	0.00564	0.00525	0.00942

[dist]
# distance from previous block
# <min> <max>
4	10

[block]
# block no. 2 follows, 26 sequences, length 24
# corresponding to MSA columns:
# 45-68
name=unknown_C
#
# <colnr> <probs for GDERKNQSTAVLIFYWHMCP>
#	G	D	E	R	K	N	Q	S	T	A	V	L	I	F	Y	W	H	M	C	P
0	0.02595	0.02333	0.02214	0.02102	0.11275	0.20604	0.01483	0.28622	0.04645	0.07374	0.01856	0.01939	0.03328	0.00860	0.00731	0.00214	0.00940	0.00654	0.00598	0.05633
1	0.02392	0.02084	0.02597	0.06355	0.29898	0.08019	0.01843	0.31097	0.02582	0.03435	0.01578	0.01815	0.01213	0.00795	0.00749	0.00225	0.00917	0.00663	0.00548	0.01196
2	0.05252	0.01555	0.02564	0.30518	0.37095	0.01695	0.02087	0.02124	0.01646	0.02339	0.04859	0.02101	0.01419	0.00755	0.00748	0.00237	0.00901	0.00699	0.00389	0.01018
3	0.01355	0.01086	0.01660	0.01530	0.01694	0.01246	0.06007	0.01617	0.01408	0.05074	0.02485	0.16452	0.02560	0.03074	0.25448	0.00628	0.16131	0.09282	0.00508	0.00755
4	0.02798	0.06888	0.02247	0.01907	0.02326	0.61910	0.01456	0.07764	0.02227	0.02074	0.01216	0.01395	0.01001	0.00785	0.00680	0.00196	0.01301	0.00499	0.00415	0.00915
5	0.01565	0.09999	0.63724	0.02087	0.03167	0.01869	0.02672	0.02391	0.01596	0.02348	0.01335	0.01568	0.00962	0.00714	0.00700	0.00233	0.01094	0.00547	0.00321	0.01108
6	0.01521	0.03923	0.69413	0.02162	0.03283	0.01762	0.02802	0.02402	0.01601	0.02402	0.01361	0.01601	0.00961	0.00721	0.00721	0.00240	0.01121	0.00560	0.00320	0.01121
7	0.00896	0.00768	0.00768	0.00768	0.01025	0.00640	0.00576	0.01089	0.01729	0.02049	0.07684	0.07300	0.68304	0.01921	0.00896	0.00256	0.00384	0.01601	0.00704	0.00640
8	0.02883	0.02125	0.02276	0.01745	0.02352	0.02352	0.01442	0.66082	0.03566	0.04780	0.01821	0.01821	0.01290	0.00911	0.00759	0.00228	0.00835	0.00683	0.00759	0.01290
9	0.02883	0.02125	0.02276	0.01745	0.02352	0.02352	0.01442	0.66082	0.03566	0.04780	0.01821	0.01821	0.01290	0.00911	0.00759	0.00228	0.00835	0.00683	0.00759	0.01290
10	0.01829	0.46319	0.29710	0.01638	0.02472	0.02514	0.01890	0.02323	0.01565	0.02027	0.01175	0.01368	0.00968	0.00677	0.00579	0.00193	0.00933	0.00467	0.00323	0.01031
11	0.02883	0.02125	0.02276	0.01745	0.02352	0.02352	0.01442	0.66082	0.03566	0.04780	0.01821	0.01821	0.01290	0.00911	0.00759	0.00228	0.00835	0.00683	0.00759	0.01290
12	0.01521	0.03923	0.69413	0.02162	0.03283	0.01762	0.02802	0.02402	0.01601	0.02402	0.01361	0.01601	0.00961	0.00721	0.00721	0.00240	0.01121	0.00560	0.00320	0.01121
13	0.02229	0.02070	0.01800	0.01590	0.02026	0.19568	0.01229	0.03537	0.38533	0.08947	0.04899	0.02468	0.02045	0.00952	0.00742	0.00231	0.00794	0.00751	0.00674	0.04914
14	0.01521	0.03923	0.69413	0.02162	0.03283	0.01762	0.02802	0.02402	0.01601	0.02402	0.01361	0.01601	0.00961	0.00721	0.00721	0.00240	0.01121	0.00560	0.00320	0.01121
15	0.21743	0.02117	0.01971	0.04092	0.02234	0.10591	0.01314	0.40026	0.02749	0.03972	0.01533	0.01625	0.01124	0.00838	0.00677	0.00226	0.00845	0.00591	0.00626	0.01106
16	0.02044	0.16740	0.02158	0.01251	0.01893	0.04229	0.01059	0.04836	0.01757	0.12363	0.01544	0.01650	0.01205	0.00659	0.00589	0.00149	0.00669	0.00498	0.00506	0.44201
17	0.02016	0.16915	0.05466	0.01414	0.01954	0.04185	0.04301	0.02664	0.13072	0.14832	0.10323	0.02764	0.06317	0.00953	0.00708	0.00211	0.00693	0.00779	0.00620	0.09812
18	0.09375	0.01089	0.03875	0.01113	0.01447	0.00942	0.00913	0.01895	0.01917	0.12279	0.35078	0.09343	0.04678	0.01358	0.00813	0.00239	0.00497	0.05164	0.00742	0.07243
19	0.07429	0.01785	0.02007	0.01585	0.02106	0.08480	0.06060	0.16203	0.04253	0.09814	0.01765	0.04633	0.01413	0.01009	0.02947	0.00239	0.05523	0.00674	0.00569	0.21506
20	0.01709	0.01663	0.02568	0.26400	0.35596	0.05377	0.02054	0.02143	0.01684	0.02276	0.06420	0.02174	0.01567	0.00807	0.00845	0.00239	0.04356	0.00717	0.00396	0.01010
21	0.01820	0.01744	0.02975	0.13299	0.60418	0.01787	0.02299	0.02277	0.01700	0.02408	0.01417	0.01896	0.01177	0.00686	0.00752	0.00229	0.00915	0.00676	0.00370	0.01155
22	0.01652	0.01573	0.02690	0.37048	0.23081	0.01729	0.09486	0.05409	0.01727	0.02305	0.01731	0.02234	0.04433	0.00786	0.00779	0.00244	0.00970	0.00747	0.00394	0.00981
23	0.01742	0.05372	0.03890	0.16390	0.10499	0.01914	0.44180	0.02317	0.01719	0.02309	0.01465	0.01985	0.01120	0.00666	0.00835	0.00248	0.01167	0.00807	0.00371	0.01004

[dist]
# distance from previous block
# <min> <max>
1	6

[block]
# block no. 3 follows, 26 sequences, length 129
# corresponding to MSA columns:
# 75-203
name=unknown_D
#
# <colnr> <probs for GDERKNQSTAVLIFYWHMCP>
#	G	D	E	R	K	N	Q	S	T	A	V	L	I	F	Y	W	H	M	C	P
0	0.06869	0.06490	0.51097	0.01964	0.02914	0.01716	0.05029	0.02379	0.01651	0.05638	0.06084	0.01908	0.01436	0.00781	0.00714	0.00237	0.01001	0.00624	0.00398	0.01069
1	0.01706	0.22687	0.44781	0.04467	0.02989	0.02119	0.04715	0.04216	0.01647	0.02288	0.01297	0.01535	0.00983	0.00705	0.00666	0.00220	0.01030	0.00539	0.00337	0.01072
2	0.01517	0.09865	0.23228	0.01617	0.02188	0.03744	0.03938	0.04683	0.04231	0.02336	0.08259	0.05356	0.11079	0.01570	0.07910	0.00341	0.05865	0.00872	0.00482	0.00920
3	0.08021	0.11334	0.46890	0.05428	0.02904	0.01817	0.02261	0.02262	0.01565	0.02383	0.03725	0.01762	0.01221	0.00990	0.04142	0.00280	0.01053	0.00578	0.00357	0.01028
4	0.01031	0.00776	0.00996	0.01005	0.01136	0.00803	0.00728	0.01213	0.01337	0.01779	0.03693	0.08030	0.19554	0.19900	0.33700	0.00813	0.01229	0.01151	0.00511	0.00615
5	0.01839	0.37106	0.32849	0.01695	0.02541	0.02339	0.01955	0.02457	0.04688	0.04230	0.01347	0.01506	0.01059	0.00708	0.00613	0.00204	0.00934	0.00507	0.00363	0.01060
6	0.01521	0.03923	0.69413	0.02162	0.03283	0.01762	0.02802	0.02402	0.01601	0.02402	0.01361	0.01601	0.00961	0.00721	0.00721	0.00240	0.01121	0.00560	0.00320	0.01121
7	0.01887	0.01629	0.01715	0.01544	0.01972	0.01887	0.01201	0.04031	0.67241	0.03173	0.03087	0.02830	0.02315	0.01029	0.00772	0.00257	0.00600	0.00858	0.00772	0.01201
8	0.01900	0.01338	0.01606	0.01164	0.01822	0.01030	0.00937	0.02230	0.01680	0.14401	0.01642	0.01753	0.01258	0.00629	0.00598	0.00134	0.00577	0.00505	0.00537	0.64256
9	0.01790	0.02046	0.04476	0.03197	0.03964	0.01918	0.65857	0.02430	0.01790	0.02430	0.01535	0.02046	0.01151	0.00639	0.00895	0.00256	0.01279	0.00895	0.00384	0.01023
10	0.01521	0.03923	0.69413	0.02162	0.03283	0.01762	0.02802	0.02402	0.01601	0.02402	0.01361	0.01601	0.00961	0.00721	0.00721	0.00240	0.01121	0.00560	0.00320	0.01121
11	0.01877	0.01802	0.03079	0.04656	0.68612	0.01802	0.02328	0.02328	0.01727	0.02478	0.01427	0.01877	0.01201	0.00676	0.00751	0.00225	0.00901	0.00676	0.00375	0.01201
12	0.01877	0.01802	0.03079	0.04656	0.68612	0.01802	0.02328	0.02328	0.01727	0.02478	0.01427	0.01877	0.01201	0.00676	0.00751	0.00225	0.00901	0.00676	0.00375	0.01201
13	0.00924	0.00660	0.00880	0.01056	0.01100	0.00616	0.00704	0.01056	0.01452	0.01936	0.04181	0.72848	0.05017	0.02376	0.00968	0.00308	0.00440	0.02156	0.00704	0.00616
14	0.01432	0.01348	0.02275	0.71520	0.05224	0.01685	0.02107	0.01938	0.01517	0.01938	0.01348	0.02022	0.01011	0.00758	0.00758	0.00253	0.01011	0.00674	0.00337	0.00843
15	0.00924	0.00660	0.00880	0.01056	0.01100	0.00616	0.00704	0.01056	0.01452	0.01936	0.04181	0.72848	0.05017	0.02376	0.00968	0.00308	0.00440	0.02156	0.00704	0.00616
16	0.03403	0.01291	0.01760	0.01350	0.01936	0.01115	0.01115	0.03697	0.02171	0.69137	0.02992	0.02582	0.01878	0.00939	0.00763	0.00235	0.00645	0.00763	0.00939	0.01291
17	0.01877	0.01802	0.03079	0.04656	0.68612	0.01802	0.02328	0.02328	0.01727	0.02478	0.01427	0.01877	0.01201	0.00676	0.00751	0.00225	0.00901	0.00676	0.00375	0.01201
18	0.04489	0.00758	0.01009	0.01247	0.04753	0.00729	0.00797	0.01178	0.01460	0.02032	0.03891	0.65790	0.04622	0.02209	0.00934	0.00300	0.00472	0.01998	0.00676	0.00657
19	0.01084	0.00813	0.01219	0.01219	0.01354	0.00948	0.00948	0.01354	0.01219	0.01761	0.02032	0.02980	0.01896	0.05689	0.70337	0.01219	0.02032	0.00813	0.00406	0.00677
20	0.00923	0.00664	0.00876	0.01046	0.01097	0.00617	0.00699	0.01057	0.01462	0.01940	0.04308	0.70473	0.07310	0.02360	0.00966	0.00306	0.00438	0.02136	0.00704	0.00617
21	0.01823	0.31800	0.38170	0.01801	0.02678	0.07468	0.02100	0.02398	0.01619	0.02114	0.01224	0.01430	0.00967	0.00697	0.00624	0.00206	0.01016	0.00493	0.00327	0.01044
22	0.01790	0.02046	0.04476	0.03197	0.03964	0.01918	0.65857	0.02430	0.01790	0.02430	0.01535	0.02046	0.01151	0.00639	0.00895	0.00256	0.01279	0.00895	0.00384	0.01023
23	0.00924	0.00660	0.00880	0.01056	0.01100	0.00616	0.00704	0.01056	0.01452	0.01936	0.04181	0.72848	0.05017	0.02376	0.00968	0.00308	0.00440	0.02156	0.00704	0.00616
24	0.01661	0.01582	0.02689	0.37107	0.37848	0.01745	0.02220	0.02139	0.01625	0.02216	0.01389	0.01948	0.01109	0.00716	0.00755	0.00239	0.00954	0.00675	0.00357	0.01027
25	0.01731	0.13322	0.54691	0.01996	0.03000	0.04368	0.02465	0.02471	0.01641	0.05616	0.01394	0.01589	0.01009	0.00724	0.00689	0.00228	0.01064	0.00547	0.00354	0.01101
26	0.01621	0.03724	0.63635	0.02165	0.03246	0.01737	0.05233	0.02464	0.01636	0.05553	0.01445	0.01665	0.01012	0.00728	0.00730	0.00241	0.01105	0.00583	0.00352	0.01125
27	0.01568	0.10378	0.63369	0.02082	0.03159	0.01876	0.02663	0.02390	0.01596	0.02345	0.01333	0.01566	0.00962	0.00714	0.00699	0.00233	0.01092	0.00546	0.00321	0.01107
28	0.01612	0.14620	0.56951	0.02118	0.05415	0.01954	0.02554	0.02379	0.01597	0.02310	0.01316	0.01552	0.00971	0.00708	0.00686	0.00228	0.01065	0.00541	0.00323	0.01101
29	0.01923	0.04638	0.05746	0.06220	0.52229	0.07169	0.06398	0.02378	0.01746	0.02382	0.01396	0.01818	0.01157	0.00685	0.00745	0.00224	0.00971	0.00661	0.00372	0.01142
30	0.01900	0.01710	0.02842	0.12742	0.53909	0.01756	0.02182	0.02434	0.04981	0.05860	0.01580	0.01979	0.01268	0.00717	0.00753	0.00231	0.00887	0.00689	0.00419	0.01161
31	0.03154	0.01374	0.04764	0.01358	0.01941	0.01116	0.01163	0.03479	0.02144	0.61471	0.07508	0.02754	0.02208	0.00972	0.00770	0.00235	0.00647	0.00796	0.00904	0.01243
32	0.01591	0.13516	0.60429	0.02043	0.03099	0.01932	0.02596	0.02384	0.01593	0.02317	0.01319	0.01549	0.00963	0.00711	0.00689	0.00230	0.01078	0.00539	0.00321	0.01101
33	0.01894	0.46687	0.21956	0.01608	0.02373	0.02481	0.04144	0.02332	0.01578	0.04321	0.01259	0.01463	0.01040	0.00852	0.02976	0.00226	0.00951	0.00493	0.00350	0.01017
34	0.05555	0.18295	0.46290	0.02019	0.06207	0.01997	0.02299	0.02411	0.01601	0.04851	0.01347	0.01553	0.01004	0.00711	0.00662	0.00223	0.01000	0.00534	0.00355	0.01086
35	0.02617	0.07828	0.09744	0.01691	0.02352	0.02164	0.01523	0.44002	0.05299	0.09366	0.01831	0.01837	0.01307	0.00861	0.00726	0.00221	0.00829	0.00651	0.00678	0.04473
36	0.01110	0.00735	0.00844	0.00851	0.00869	0.00740	0.00498	0.01147	0.01148	0.01573	0.02451	0.07615	0.02768	0.63286	0.06979	0.00714	0.00770	0.01113	0.04300	0.00490
37	0.05164	0.03808	0.66190	0.02107	0.03197	0.01759	0.02709	0.02394	0.01587	0.02449	0.01347	0.01584	0.00954	0.00720	0.00709	0.00240	0.01096	0.00553	0.00327	0.01107
38	0.02484	0.01792	0.01936	0.01684	0.04352	0.05083	0.01297	0.19952	0.32772	0.16330	0.02593	0.02419	0.01863	0.00957	0.00762	0.00241	0.00716	0.00770	0.00769	0.01226
39	0.02157	0.58261	0.08794	0.01398	0.02067	0.05539	0.01404	0.02454	0.01633	0.08465	0.01274	0.01387	0.01062	0.00689	0.00540	0.00177	0.00842	0.00456	0.00387	0.01012
40	0.00968	0.00718	0.01014	0.01117	0.01199	0.00670	0.02882	0.01140	0.01534	0.02064	0.10556	0.63700	0.05104	0.02235	0.00958	0.00299	0.00460	0.02035	0.00707	0.00640
41	0.00939	0.00770	0.00828	0.00813	0.01051	0.00659	0.00610	0.01171	0.01830	0.02289	0.22302	0.06905	0.53536	0.01832	0.00896	0.00252	0.00378	0.01545	0.00736	0.00659
42	0.03403	0.01291	0.01760	0.01350	0.01936	0.01115	0.01115	0.03697	0.02171	0.69137	0.02992	0.02582	0.01878	0.00939	0.00763	0.00235	0.00645	0.00763	0.00939	0.01291
43	0.78701	0.01467	0.01115	0.00997	0.01467	0.01702	0.00821	0.02230	0.01291	0.03403	0.01056	0.01232	0.00821	0.00704	0.00469	0.00235	0.00587	0.00411	0.00469	0.00821
44	0.01453	0.01370	0.02313	0.68365	0.08215	0.01691	0.02117	0.01956	0.01527	0.01963	0.01352	0.02015	0.01020	0.00754	0.00758	0.00251	0.01006	0.00674	0.00339	0.00860
45	0.00924	0.00660	0.00880	0.01056	0.01100	0.00616	0.00704	0.01056	0.01452	0.01936	0.04181	0.72848	0.05017	0.02376	0.00968	0.00308	0.00440	0.02156	0.00704	0.00616
46	0.01754	0.02245	0.11822	0.03029	0.03805	0.01917	0.55995	0.02402	0.01743	0.02402	0.01493	0.01979	0.01123	0.00677	0.00941	0.00257	0.04170	0.00847	0.00374	0.01026
47	0.01541	0.06573	0.66932	0.02129	0.03232	0.01809	0.02745	0.02397	0.01599	0.02379	0.01350	0.01587	0.00961	0.00718	0.00712	0.00237	0.01109	0.00555	0.00320	0.01115
48	0.01654	0.22271	0.52231	0.01935	0.02932	0.02087	0.02407	0.02368	0.01586	0.02240	0.01281	0.01500	0.00964	0.00702	0.00659	0.00220	0.01040	0.00520	0.00321	0.01082
49	0.01074	0.00775	0.01014	0.00954	0.01133	0.00716	0.00716	0.01431	0.02147	0.03042	0.68211	0.05666	0.07157	0.01551	0.00895	0.00239	0.00358	0.01372	0.00835	0.00716
50	0.00924	0.00660	0.00880	0.01056	0.01100	0.00616	0.00704	0.01056	0.01452	0.01936	0.04181	0.72848	0.05017	0.02376	0.00968	0.00308	0.00440	0.02156	0.00704	0.00616
51	0.01521	0.03923	0.69413	0.02162	0.03283	0.01762	0.02802	0.02402	0.01601	0.02402	0.01361	0.01601	0.00961	0.00721	0.00721	0.00240	0.01121	0.00560	0.00320	0.01121
52	0.01790	0.02046	0.04476	0.03197	0.03964	0.01918	0.65857	0.02430	0.01790	0.02430	0.01535	0.02046	0.01151	0.00639	0.00895	0.00256	0.01279	0.00895	0.00384	0.01023
53	0.01762	0.01699	0.02937	0.21303	0.50050	0.01778	0.04948	0.02235	0.01677	0.02341	0.01412	0.01921	0.01152	0.00695	0.00759	0.00233	0.00944	0.00685	0.00366	0.01104
54	0.78701	0.01467	0.01115	0.00997	0.01467	0.01702	0.00821	0.02230	0.01291	0.03403	0.01056	0.01232	0.00821	0.00704	0.00469	0.00235	0.00587	0.00411	0.00469	0.00821
55	0.01852	0.01766	0.03007	0.04530	0.66019	0.01766	0.02285	0.02299	0.01728	0.02470	0.01527	0.02136	0.01324	0.00731	0.00762	0.00230	0.00893	0.03106	0.00388	0.01182
56	0.00924	0.00660	0.00880	0.01056	0.01100	0.00616	0.00704	0.01056	0.01452	0.01936	0.04181	0.72848	0.05017	0.02376	0.00968	0.00308	0.00440	0.02156	0.00704	0.00616
57	0.01790	0.02046	0.04476	0.03197	0.03964	0.01918	0.65857	0.02430	0.01790	0.02430	0.01535	0.02046	0.01151	0.00639	0.00895	0.00256	0.01279	0.00895	0.00384	0.01023
58	0.01432	0.01348	0.02275	0.71520	0.05224	0.01685	0.02107	0.01938	0.01517	0.01938	0.01348	0.02022	0.01011	0.00758	0.00758	0.00253	0.01011	0.00674	0.00337	0.00843
59	0.01009	0.00733	0.00971	0.03497	0.01267	0.00701	0.00765	0.01160	0.01435	0.01920	0.03740	0.54665	0.04403	0.11278	0.01320	0.00356	0.00520	0.06197	0.00651	0.03413
60	0.00945	0.00769	0.00839	0.00840	0.01069	0.00663	0.00633	0.01175	0.01805	0.02257	0.19928	0.09541	0.50998	0.01868	0.00904	0.00258	0.00392	0.03728	0.00731	0.00657
61	0.03403	0.01291	0.01760	0.01350	0.01936	0.01115	0.01115	0.03697	0.02171	0.69137	0.02992	0.02582	0.01878	0.00939	0.00763	0.00235	0.00645	0.00763	0.00939	0.01291
62	0.01883	0.04922	0.05469	0.07593	0.51095	0.04950	0.08408	0.02350	0.01730	0.02386	0.01404	0.01841	0.01159	0.00682	0.00750	0.00226	0.00968	0.00673	0.00371	0.01139
63	0.01936	0.51886	0.21036	0.01558	0.02317	0.06124	0.01701	0.02344	0.01588	0.01950	0.01141	0.01325	0.00970	0.00675	0.00558	0.00184	0.00921	0.00450	0.00327	0.01007
64	0.00937	0.00687	0.00902	0.01042	0.01118	0.00652	0.00715	0.01090	0.01458	0.01931	0.04336	0.58823	0.11433	0.02662	0.07963	0.00394	0.00595	0.01962	0.00674	0.00625
65	0.01013	0.00812	0.01073	0.01153	0.03422	0.00737	0.02967	0.01236	0.01677	0.02168	0.13019	0.31826	0.28002	0.01977	0.00929	0.00279	0.00471	0.05865	0.00698	0.00676
66	0.02139	0.01283	0.01584	0.01198	0.01784	0.01052	0.00964	0.02539	0.04580	0.24529	0.08713	0.02371	0.02031	0.00805	0.00670	0.00171	0.00570	0.00663	0.00663	0.41689
67	0.01573	0.01348	0.01573	0.01123	0.01798	0.01011	0.00899	0.01910	0.01573	0.02472	0.01348	0.01573	0.01123	0.00562	0.00562	0.00112	0.00562	0.00449	0.00449	0.77980
68	0.01987	0.68142	0.09273	0.01368	0.02055	0.02901	0.01420	0.02282	0.01546	0.01835	0.01079	0.01248	0.00972	0.00655	0.00506	0.00169	0.00836	0.00418	0.00324	0.00985
69	0.02656	0.01431	0.04142	0.01316	0.01936	0.01159	0.01112	0.06375	0.02038	0.40177	0.04579	0.02295	0.01757	0.00832	0.00703	0.00196	0.00637	0.00674	0.00750	0.25234
70	0.02886	0.01814	0.02051	0.01591	0.02163	0.01921	0.01308	0.43615	0.05805	0.21688	0.05586	0.02262	0.01790	0.00956	0.00767	0.00231	0.00750	0.00747	0.00811	0.01257
71	0.01629	0.18833	0.55451	0.01978	0.02998	0.02026	0.02481	0.02374	0.01589	0.02270	0.01296	0.01519	0.00964	0.00705	0.00671	0.00224	0.01055	0.00527	0.00321	0.01089
72	0.00917	0.00758	0.00791	0.00803	0.01025	0.00646	0.00587	0.01101	0.01691	0.02052	0.09655	0.12604	0.57080	0.05603	0.01054	0.00284	0.00406	0.01612	0.00697	0.00632
73	0.01432	0.01326	0.02222	0.69122	0.05077	0.01652	0.02053	0.01932	0.01519	0.01968	0.01386	0.02050	0.01043	0.00763	0.00751	0.00250	0.00989	0.00675	0.02952	0.00838
74	0.00991	0.00711	0.00942	0.01031	0.01130	0.00663	0.00728	0.01214	0.01720	0.02357	0.27788	0.45639	0.05781	0.02061	0.00944	0.00284	0.00420	0.04189	0.00752	0.00656
75	0.00931	0.00663	0.00878	0.01047	0.01090	0.00621	0.00695	0.01058	0.01439	0.01919	0.04113	0.70279	0.04931	0.05062	0.01078	0.00324	0.00451	0.02116	0.00695	0.00610
76	0.01432	0.01348	0.02275	0.71520	0.05224	0.01685	0.02107	0.01938	0.01517	0.01938	0.01348	0.02022	0.01011	0.00758	0.00758	0.00253	0.01011	0.00674	0.00337	0.00843
77	0.78701	0.01467	0.01115	0.00997	0.01467	0.01702	0.00821	0.02230	0.01291	0.03403	0.01056	0.01232	0.00821	0.00704	0.00469	0.00235	0.00587	0.00411	0.00469	0.00821
78	0.01659	0.01659	0.02323	0.01991	0.01991	0.02323	0.01659	0.01825	0.01162	0.01825	0.00996	0.01659	0.00996	0.01328	0.02489	0.00332	0.71955	0.00664	0.00332	0.00830
79	0.01871	0.01821	0.03184	0.04546	0.63747	0.01811	0.07108	0.02336	0.01732	0.02474	0.01435	0.01890	0.01198	0.00673	0.00762	0.00228	0.00930	0.00692	0.00376	0.01188
80	0.00924	0.00660	0.00880	0.01056	0.01100	0.00616	0.00704	0.01056	0.01452	0.01936	0.04181	0.72848	0.05017	0.02376	0.00968	0.00308	0.00440	0.02156	0.00704	0.00616
81	0.01664	0.01402	0.01622	0.01167	0.01836	0.01104	0.00936	0.06367	0.01711	0.02632	0.01381	0.01590	0.01135	0.00586	0.00575	0.00120	0.00581	0.00466	0.00471	0.72654
82	0.00996	0.00772	0.00906	0.00873	0.01086	0.00683	0.00655	0.01281	0.01964	0.02607	0.41675	0.06382	0.33964	0.01713	0.00895	0.00246	0.00369	0.01472	0.00778	0.00683
83	0.01842	0.01590	0.01672	0.01509	0.01930	0.01830	0.01172	0.03898	0.64282	0.03122	0.03295	0.03032	0.05297	0.01069	0.00777	0.00257	0.00591	0.00891	0.00769	0.01175
84	0.01414	0.00707	0.00707	0.00707	0.00884	0.00707	0.00530	0.01767	0.01591	0.02828	0.02474	0.02828	0.01944	0.00884	0.00530	0.00177	0.00353	0.00707	0.77554	0.00707
85	0.00930	0.00665	0.00886	0.01052	0.01102	0.00620	0.00705	0.01072	0.01481	0.01983	0.06864	0.70033	0.05106	0.02342	0.00965	0.00305	0.00437	0.02123	0.00710	0.00620
86	0.01074	0.00775	0.01014	0.00954	0.01133	0.00716	0.00716	0.01431	0.02147	0.03042	0.68211	0.05666	0.07157	0.01551	0.00895	0.00239	0.00358	0.01372	0.00835	0.00716
87	0.00906	0.00764	0.00785	0.00790	0.01033	0.00643	0.00589	0.01104	0.01738	0.02094	0.10546	0.09979	0.62599	0.01922	0.00899	0.00257	0.00385	0.01613	0.00711	0.00643
88	0.02360	0.01826	0.01953	0.01621	0.02131	0.02055	0.01299	0.30124	0.38125	0.06210	0.02551	0.02397	0.01868	0.00976	0.00766	0.00244	0.00701	0.00781	0.00772	0.01241
89	0.01789	0.01476	0.01689	0.01226	0.01889	0.01232	0.00988	0.12499	0.01902	0.02853	0.01426	0.01614	0.01151	0.00619	0.00594	0.00131	0.00607	0.00488	0.00500	0.65326
90	0.02056	0.71388	0.03912	0.01320	0.01960	0.05313	0.01304	0.02297	0.01562	0.01787	0.01059	0.01222	0.00974	0.00653	0.00493	0.00163	0.00830	0.00408	0.00327	0.00970
91	0.01909	0.57363	0.19367	0.01501	0.02261	0.02710	0.01652	0.02302	0.01555	0.01930	0.01127	0.01307	0.00970	0.00666	0.00542	0.00181	0.00884	0.00442	0.00323	0.01008
92	0.01849	0.01773	0.03027	0.08933	0.64557	0.01795	0.02314	0.02303	0.01714	0.02443	0.01422	0.01887	0.01189	0.00681	0.00751	0.00227	0.00908	0.00676	0.00373	0.01179
93	0.01505	0.01221	0.01441	0.01294	0.01457	0.06291	0.03848	0.03905	0.01471	0.02169	0.01954	0.02869	0.01790	0.15091	0.15744	0.00524	0.13191	0.00785	0.22726	0.00724
94	0.00909	0.00769	0.00785	0.00781	0.01032	0.00646	0.00586	0.01112	0.01758	0.02118	0.11888	0.07186	0.64057	0.01895	0.00896	0.00255	0.00382	0.01585	0.00713	0.00646
95	0.01103	0.00735	0.00827	0.00827	0.00827	0.00735	0.00460	0.01103	0.01103	0.01471	0.02390	0.04964	0.02758	0.73343	0.03861	0.00735	0.00735	0.01103	0.00460	0.00460
96	0.02883	0.02125	0.02276	0.01745	0.02352	0.02352	0.01442	0.66082	0.03566	0.04780	0.01821	0.01821	0.01290	0.00911	0.00759	0.00228	0.00835	0.00683	0.00759	0.01290
97	0.06482	0.01331	0.01754	0.01351	0.01934	0.01188	0.01116	0.06120	0.02190	0.63869	0.02866	0.02496	0.01811	0.00928	0.00751	0.00234	0.00651	0.00745	0.00912	0.01271
98	0.03228	0.01571	0.01934	0.01483	0.02076	0.01531	0.01225	0.24669	0.02640	0.47502	0.02599	0.02326	0.01680	0.00929	0.00761	0.00232	0.00709	0.00736	0.00878	0.01291
99	0.01877	0.01802	0.03079	0.04656	0.68612	0.01802	0.02328	0.02328	0.01727	0.02478	0.01427	0.01877	0.01201	0.00676	0.00751	0.00225	0.00901	0.00676	0.00375	0.01201
100	0.02028	0.73799	0.03975	0.01298	0.01947	0.03001	0.01298	0.02271	0.01541	0.01785	0.01055	0.01217	0.00973	0.00649	0.00487	0.00162	0.00811	0.00406	0.00324	0.00973
101	0.01414	0.00707	0.00707	0.00707	0.00884	0.00707	0.00530	0.01767	0.01591	0.02828	0.02474	0.02828	0.01944	0.00884	0.00530	0.00177	0.00353	0.00707	0.77554	0.00707
102	0.02815	0.02071	0.02220	0.01710	0.02293	0.02290	0.01404	0.63569	0.03471	0.04652	0.01843	0.01943	0.01347	0.03712	0.00879	0.00247	0.00831	0.00699	0.00747	0.01258
103	0.00896	0.00768	0.00768	0.00768	0.01025	0.00640	0.00576	0.01089	0.01729	0.02049	0.07684	0.07300	0.68304	0.01921	0.00896	0.00256	0.00384	0.01601	0.00704	0.00640
104	0.00896	0.00768	0.00768	0.00768	0.01025	0.00640	0.00576	0.01089	0.01729	0.02049	0.07684	0.07300	0.68304	0.01921	0.00896	0.00256	0.00384	0.01601	0.00704	0.00640
105	0.01877	0.01802	0.03079	0.04656	0.68612	0.01802	0.02328	0.02328	0.01727	0.02478	0.01427	0.01877	0.01201	0.00676	0.00751	0.00225	0.00901	0.00676	0.00375	0.01201
106	0.01318	0.00659	0.00988	0.00988	0.00988	0.00659	0.00659	0.00988	0.00988	0.01318	0.01318	0.02306	0.01318	0.02635	0.02964	0.77931	0.00659	0.00659	0.00329	0.00329
107	0.01972	0.57608	0.13552	0.01481	0.02164	0.05610	0.01543	0.02305	0.01561	0.01881	0.01103	0.01298	0.00973	0.00692	0.00609	0.00182	0.03713	0.00442	0.00327	0.00986
108	0.01048	0.00773	0.00970	0.00922	0.01106	0.00705	0.00686	0.01368	0.02047	0.02836	0.56766	0.05885	0.16151	0.04207	0.01002	0.00259	0.00375	0.01396	0.00802	0.00695
109	0.06913	0.03293	0.52252	0.01956	0.02914	0.01692	0.02379	0.05883	0.01740	0.07982	0.01633	0.02024	0.01218	0.00818	0.00726	0.00244	0.01010	0.03798	0.00423	0.01102
110	0.02844	0.05224	0.02339	0.01740	0.02335	0.06757	0.01437	0.59347	0.03390	0.04466	0.01747	0.01767	0.01257	0.00891	0.00743	0.00223	0.00868	0.00659	0.00717	0.01250
111	0.78701	0.01467	0.01115	0.00997	0.01467	0.01702	0.00821	0.02230	0.01291	0.03403	0.01056	0.01232	0.00821	0.00704	0.00469	0.00235	0.00587	0.00411	0.00469	0.00821
112	0.01780	0.01720	0.02983	0.18516	0.52089	0.01784	0.05536	0.02252	0.01686	0.02363	0.01416	0.01916	0.01159	0.00691	0.00760	0.00233	0.00943	0.00687	0.00368	0.01118
113	0.01822	0.01746	0.02979	0.12931	0.60766	0.01788	0.02300	0.02280	0.01701	0.02411	0.01417	0.01895	0.01178	0.00686	0.00752	0.00229	0.00915	0.00676	0.00371	0.01157
114	0.01045	0.00709	0.00934	0.01037	0.01135	0.00654	0.00717	0.01227	0.01619	0.04694	0.16149	0.55237	0.07690	0.02151	0.00944	0.00290	0.00430	0.01937	0.00737	0.00661
115	0.01663	0.01702	0.02709	0.08435	0.02639	0.02193	0.13342	0.01945	0.01307	0.01945	0.01125	0.01762	0.01025	0.01152	0.02045	0.00311	0.52786	0.00707	0.00342	0.00866
116	0.01927	0.01631	0.02105	0.02459	0.22254	0.01776	0.01521	0.03391	0.41441	0.06235	0.05169	0.02640	0.02147	0.00938	0.00770	0.00246	0.00685	0.00818	0.00662	0.01186
117	0.00921	0.00769	0.00803	0.00794	0.01040	0.00651	0.00596	0.01136	0.01787	0.02188	0.16135	0.07072	0.59766	0.01869	0.00896	0.00254	0.00381	0.01569	0.00723	0.00651
118	0.02078	0.01434	0.01885	0.01583	0.05479	0.01400	0.01216	0.02368	0.01634	0.19332	0.01686	0.01868	0.01289	0.00851	0.01093	0.00203	0.17986	0.00594	0.00542	0.35481
119	0.78701	0.01467	0.01115	0.00997	0.01467	0.01702	0.00821	0.02230	0.01291	0.03403	0.01056	0.01232	0.00821	0.00704	0.00469	0.00235	0.00587	0.00411	0.00469	0.00821
120	0.74520	0.01430	0.01109	0.00995	0.01449	0.01648	0.00816	0.02187	0.01337	0.03384	0.04673	0.01471	0.01163	0.00750	0.00492	0.00235	0.00574	0.00462	0.00489	0.00816
121	0.01432	0.01348	0.02275	0.71520	0.05224	0.01685	0.02107	0.01938	0.01517	0.01938	0.01348	0.02022	0.01011	0.00758	0.00758	0.00253	0.01011	0.00674	0.00337	0.00843
122	0.01877	0.01802	0.03079	0.04656	0.68612	0.01802	0.02328	0.02328	0.01727	0.02478	0.01427	0.01877	0.01201	0.00676	0.00751	0.00225	0.00901	0.00676	0.00375	0.01201
123	0.78701	0.01467	0.01115	0.00997	0.01467	0.01702	0.00821	0.02230	0.01291	0.03403	0.01056	0.01232	0.00821	0.00704	0.00469	0.00235	0.00587	0.00411	0.00469	0.00821
124	0.01940	0.01656	0.01745	0.01554	0.01993	0.01912	0.01214	0.07373	0.63811	0.03260	0.03019	0.02776	0.02260	0.01023	0.00771	0.00256	0.00613	0.00848	0.00771	0.01205
125	0.05679	0.03791	0.65734	0.02099	0.03185	0.01758	0.02696	0.02393	0.01585	0.02456	0.01345	0.01582	0.00953	0.00720	0.00707	0.00240	0.01092	0.00552	0.00328	0.01105
126	0.01985	0.55772	0.15386	0.01590	0.04926	0.02662	0.01598	0.02351	0.01583	0.04476	0.01197	0.01363	0.01015	0.00674	0.00549	0.00181	0.00863	0.00458	0.00349	0.01021
127	0.01469	0.01383	0.02375	0.62763	0.07623	0.01670	0.05498	0.01975	0.01543	0.02016	0.01398	0.02044	0.01057	0.00753	0.00758	0.00249	0.00999	0.00687	0.02876	0.00863
128	0.01667	0.01680	0.02439	0.02056	0.02098	0.02301	0.05117	0.01858	0.01195	0.01858	0.01025	0.01680	0.01004	0.01291	0.02403	0.00328	0.68148	0.00676	0.00335	0.00840

[dist]
# distance from previous block
# <min> <max>
0	3

[block]
# block no. 4 follows, 26 sequences, length 195
# corresponding to MSA columns:
# 207-401
name=unknown_E
#
# <colnr> <probs for GDERKNQSTAVLIFYWHMCP>
#	G	D	E	R	K	N	Q	S	T	A	V	L	I	F	Y	W	H	M	C	P
0	0.01932	0.01652	0.01741	0.01553	0.01990	0.01908	0.01212	0.06879	0.64318	0.03247	0.03029	0.02784	0.02268	0.01024	0.00771	0.00256	0.00611	0.00850	0.00771	0.01205
1	0.12977	0.01325	0.01676	0.01311	0.01877	0.01215	0.01080	0.03520	0.04203	0.58562	0.02748	0.02417	0.01757	0.00912	0.00726	0.00235	0.00636	0.00721	0.00873	0.01228
2	0.01653	0.01630	0.02330	0.01978	0.02014	0.02234	0.04013	0.01845	0.01205	0.01894	0.01084	0.01728	0.01045	0.01281	0.02340	0.00322	0.66020	0.00674	0.03879	0.00831
3	0.00939	0.00770	0.00827	0.00813	0.01051	0.00658	0.00610	0.01171	0.01829	0.02286	0.22158	0.06909	0.53682	0.01832	0.00896	0.00252	0.00378	0.01546	0.00736	0.00658
4	0.00924	0.00660	0.00880	0.01056	0.01100	0.00616	0.00704	0.01056	0.01452	0.01936	0.04181	0.72848	0.05017	0.02376	0.00968	0.00308	0.00440	0.02156	0.00704	0.00616
5	0.01478	0.00769	0.00775	0.00752	0.00948	0.00779	0.00570	0.04574	0.01677	0.02913	0.02446	0.02784	0.01916	0.00885	0.00540	0.00179	0.00374	0.00706	0.74203	0.00732
6	0.01211	0.00869	0.01206	0.01374	0.01552	0.00865	0.01199	0.01554	0.01745	0.02262	0.04147	0.08511	0.06650	0.02089	0.01042	0.00346	0.00687	0.61294	0.00699	0.00696
7	0.03164	0.01425	0.01813	0.01417	0.01988	0.01346	0.01162	0.10787	0.10068	0.54018	0.02871	0.02525	0.01863	0.00946	0.00763	0.00237	0.00661	0.00765	0.00899	0.01280
8	0.00915	0.00769	0.00794	0.00787	0.01036	0.00648	0.00591	0.01124	0.01772	0.02151	0.13889	0.07132	0.62035	0.01883	0.00896	0.00254	0.00381	0.01577	0.00718	0.00648
9	0.02883	0.02125	0.02276	0.01745	0.02352	0.02352	0.01442	0.66082	0.03566	0.04780	0.01821	0.01821	0.01290	0.00911	0.00759	0.00228	0.00835	0.00683	0.00759	0.01290
10	0.02883	0.02125	0.02276	0.01745	0.02352	0.02352	0.01442	0.66082	0.03566	0.04780	0.01821	0.01821	0.01290	0.00911	0.00759	0.00228	0.00835	0.00683	0.00759	0.01290
11	0.02028	0.73799	0.03975	0.01298	0.01947	0.03001	0.01298	0.02271	0.01541	0.01785	0.01055	0.01217	0.00973	0.00649	0.00487	0.00162	0.00811	0.00406	0.00324	0.00973
12	0.76004	0.01461	0.01138	0.01010	0.01484	0.01681	0.00832	0.02282	0.01322	0.05757	0.01125	0.01281	0.00859	0.00713	0.00480	0.00235	0.00589	0.00423	0.00486	0.00838
13	0.01877	0.01802	0.03079	0.04656	0.68612	0.01802	0.02328	0.02328	0.01727	0.02478	0.01427	0.01877	0.01201	0.00676	0.00751	0.00225	0.00901	0.00676	0.00375	0.01201
14	0.01084	0.00813	0.01219	0.01219	0.01354	0.00948	0.00948	0.01354	0.01219	0.01761	0.02032	0.02980	0.01896	0.05689	0.70337	0.01219	0.02032	0.00813	0.00406	0.00677
15	0.00924	0.00660	0.00880	0.01056	0.01100	0.00616	0.00704	0.01056	0.01452	0.01936	0.04181	0.72848	0.05017	0.02376	0.00968	0.00308	0.00440	0.02156	0.00704	0.00616
16	0.03403	0.01291	0.01760	0.01350	0.01936	0.01115	0.01115	0.03697	0.02171	0.69137	0.02992	0.02582	0.01878	0.00939	0.00763	0.00235	0.00645	0.00763	0.00939	0.01291
17	0.02009	0.01690	0.01784	0.01568	0.02019	0.01944	0.01230	0.11626	0.59447	0.03370	0.02932	0.02706	0.02190	0.01015	0.00770	0.00254	0.00629	0.00836	0.00770	0.01212
18	0.78701	0.01467	0.01115	0.00997	0.01467	0.01702	0.00821	0.02230	0.01291	0.03403	0.01056	0.01232	0.00821	0.00704	0.00469	0.00235	0.00587	0.00411	0.00469	0.00821
19	0.02028	0.73799	0.03975	0.01298	0.01947	0.03001	0.01298	0.02271	0.01541	0.01785	0.01055	0.01217	0.00973	0.00649	0.00487	0.00162	0.00811	0.00406	0.00324	0.00973
20	0.01238	0.00886	0.01211	0.01352	0.01525	0.00893	0.01152	0.01634	0.04814	0.02290	0.06657	0.10714	0.04286	0.02057	0.01108	0.03724	0.00666	0.52398	0.00692	0.00703
21	0.02833	0.03615	0.02149	0.01954	0.02345	0.70298	0.01466	0.03029	0.02149	0.01856	0.01172	0.01368	0.00977	0.00782	0.00684	0.00195	0.01368	0.00489	0.00391	0.00879
22	0.02005	0.02044	0.02955	0.04296	0.59790	0.10921	0.02213	0.02421	0.01783	0.02395	0.01393	0.01809	0.01172	0.00690	0.00742	0.00221	0.00963	0.00651	0.00378	0.01159
23	0.00958	0.00706	0.00946	0.01099	0.01141	0.00694	0.00748	0.01091	0.01439	0.01931	0.04035	0.69603	0.04833	0.02329	0.01037	0.00309	0.03700	0.02088	0.00687	0.00626
24	0.00896	0.00768	0.00768	0.00768	0.01025	0.00640	0.00576	0.01089	0.01729	0.02049	0.07684	0.07300	0.68304	0.01921	0.00896	0.00256	0.00384	0.01601	0.00704	0.00640
25	0.01210	0.00865	0.01209	0.01383	0.01553	0.00863	0.01202	0.01551	0.01734	0.02257	0.04023	0.11116	0.04391	0.02107	0.01045	0.00348	0.00688	0.61064	0.00699	0.00695
26	0.00896	0.00768	0.00768	0.00768	0.01025	0.00640	0.00576	0.01089	0.01729	0.02049	0.07684	0.07300	0.68304	0.01921	0.00896	0.00256	0.00384	0.01601	0.00704	0.00640
27	0.01318	0.00659	0.00988	0.00988	0.00988	0.00659	0.00659	0.00988	0.00988	0.01318	0.01318	0.02306	0.01318	0.02635	0.02964	0.77931	0.00659	0.00659	0.00329	0.00329
28	0.01591	0.13552	0.60396	0.02043	0.03099	0.01932	0.02595	0.02384	0.01593	0.02317	0.01319	0.01548	0.00963	0.00711	0.00688	0.00229	0.01078	0.00539	0.00321	0.01101
29	0.11845	0.01316	0.01670	0.01289	0.01870	0.01173	0.01062	0.03369	0.02017	0.55662	0.02624	0.02337	0.01689	0.00878	0.00711	0.00224	0.00631	0.00695	0.00841	0.08096
30	0.02360	0.12793	0.25845	0.01664	0.02414	0.04649	0.01758	0.02927	0.04551	0.27362	0.02109	0.02259	0.01513	0.00868	0.00717	0.00230	0.00868	0.03383	0.00591	0.01138
31	0.01924	0.01648	0.01736	0.01551	0.01987	0.01904	0.01210	0.06374	0.64837	0.03234	0.03039	0.02792	0.02277	0.01025	0.00771	0.00256	0.00609	0.00851	0.00771	0.01204
32	0.01414	0.00707	0.00707	0.00707	0.00884	0.00707	0.00530	0.01767	0.01591	0.02828	0.02474	0.02828	0.01944	0.00884	0.00530	0.00177	0.00353	0.00707	0.77554	0.00707
33	0.01913	0.01870	0.03044	0.04554	0.66129	0.04369	0.02296	0.02354	0.01743	0.02455	0.01417	0.01858	0.01193	0.00680	0.00748	0.00224	0.00919	0.00669	0.00376	0.01189
34	0.01635	0.01619	0.02257	0.01940	0.01940	0.02253	0.01607	0.01794	0.01159	0.01810	0.01057	0.01805	0.01073	0.04494	0.02550	0.00350	0.68823	0.00683	0.00338	0.00813
35	0.00929	0.00668	0.00881	0.01042	0.01099	0.00621	0.00700	0.01072	0.01489	0.01982	0.06746	0.67883	0.07424	0.02328	0.00963	0.00303	0.00435	0.02106	0.00709	0.00621
36	0.01120	0.00865	0.01341	0.01279	0.01432	0.00976	0.04043	0.01383	0.01236	0.01767	0.02040	0.03116	0.01939	0.11634	0.60897	0.01128	0.01877	0.00843	0.00410	0.00674
37	0.01856	0.01781	0.03041	0.07817	0.65615	0.01797	0.02317	0.02309	0.01717	0.02453	0.01423	0.01884	0.01192	0.00680	0.00751	0.00227	0.00906	0.00676	0.00374	0.01185
38	0.01094	0.00732	0.00830	0.00838	0.00840	0.00730	0.00471	0.01101	0.01120	0.01493	0.02477	0.08247	0.02867	0.69911	0.03721	0.00715	0.00721	0.01154	0.00471	0.00467
39	0.01857	0.01606	0.01749	0.01659	0.04864	0.01840	0.01232	0.03862	0.62007	0.03138	0.05377	0.02891	0.02442	0.01033	0.00775	0.00255	0.00605	0.00868	0.00757	0.01183
40	0.78701	0.01467	0.01115	0.00997	0.01467	0.01702	0.00821	0.02230	0.01291	0.03403	0.01056	0.01232	0.00821	0.00704	0.00469	0.00235	0.00587	0.00411	0.00469	0.00821
41	0.01659	0.01659	0.02323	0.01991	0.01991	0.02323	0.01659	0.01825	0.01162	0.01825	0.00996	0.01659	0.00996	0.01328	0.02489	0.00332	0.71955	0.00664	0.00332	0.00830
42	0.01687	0.01608	0.02734	0.33322	0.41435	0.01752	0.02233	0.02161	0.01637	0.02246	0.01393	0.01939	0.01120	0.00711	0.00754	0.00237	0.00948	0.00675	0.00359	0.01048
43	0.52206	0.24114	0.02032	0.01103	0.01633	0.02089	0.00980	0.02291	0.01398	0.05064	0.01119	0.01272	0.00904	0.00695	0.00484	0.00212	0.00659	0.00421	0.00439	0.00885
44	0.02367	0.01323	0.01654	0.01222	0.01858	0.01056	0.00993	0.02685	0.01832	0.31404	0.02062	0.02011	0.01451	0.00725	0.00649	0.00165	0.00598	0.00585	0.00662	0.44698
45	0.01051	0.00770	0.00986	0.00940	0.01122	0.00705	0.00702	0.01386	0.02083	0.02908	0.60202	0.08257	0.12824	0.01615	0.00897	0.00243	0.00363	0.01422	0.00818	0.00705
46	0.02883	0.02125	0.02276	0.01745	0.02352	0.02352	0.01442	0.66082	0.03566	0.04780	0.01821	0.01821	0.01290	0.00911	0.00759	0.00228	0.00835	0.00683	0.00759	0.01290
47	0.78701	0.01467	0.01115	0.00997	0.01467	0.01702	0.00821	0.02230	0.01291	0.03403	0.01056	0.01232	0.00821	0.00704	0.00469	0.00235	0.00587	0.00411	0.00469	0.00821
48	0.00924	0.00660	0.00880	0.01056	0.01100	0.00616	0.00704	0.01056	0.01452	0.01936	0.04181	0.72848	0.05017	0.02376	0.00968	0.00308	0.00440	0.02156	0.00704	0.00616
49	0.03020	0.01905	0.02140	0.01641	0.02243	0.02026	0.01356	0.49646	0.03199	0.21736	0.02130	0.02021	0.01445	0.00918	0.00760	0.00229	0.00785	0.00704	0.00806	0.01290
50	0.01103	0.00735	0.00827	0.00827	0.00827	0.00735	0.00460	0.01103	0.01103	0.01471	0.02390	0.04964	0.02758	0.73343	0.03861	0.00735	0.00735	0.01103	0.00460	0.00460
51	0.01432	0.01348	0.02275	0.71520	0.05224	0.01685	0.02107	0.01938	0.01517	0.01938	0.01348	0.02022	0.01011	0.00758	0.00758	0.00253	0.01011	0.00674	0.00337	0.00843
52	0.01658	0.01578	0.02682	0.37690	0.37295	0.01744	0.02218	0.02135	0.01623	0.02211	0.01388	0.01949	0.01107	0.00717	0.00755	0.00239	0.00955	0.00675	0.00356	0.01024
53	0.78701	0.01467	0.01115	0.00997	0.01467	0.01702	0.00821	0.02230	0.01291	0.03403	0.01056	0.01232	0.00821	0.00704	0.00469	0.00235	0.00587	0.00411	0.00469	0.00821
54	0.01999	0.01685	0.01778	0.01566	0.02015	0.01939	0.01228	0.11015	0.60074	0.03354	0.02945	0.02716	0.02200	0.01016	0.00770	0.00254	0.00627	0.00838	0.00770	0.01211
55	0.01659	0.01659	0.02323	0.01991	0.01991	0.02323	0.01659	0.01825	0.01162	0.01825	0.00996	0.01659	0.00996	0.01328	0.02489	0.00332	0.71955	0.00664	0.00332	0.00830
56	0.02015	0.67345	0.03773	0.01320	0.01949	0.02902	0.01289	0.02429	0.07417	0.01909	0.01236	0.01361	0.01093	0.00683	0.00512	0.00171	0.00792	0.00446	0.00364	0.00994
57	0.00924	0.00660	0.00880	0.01056	0.01100	0.00616	0.00704	0.01056	0.01452	0.01936	0.04181	0.72848	0.05017	0.02376	0.00968	0.00308	0.00440	0.02156	0.00704	0.00616
