[name]
unknown

[dist]
# distance from previous block
# <min> <max>
0	14

[block]
# block no. 0 follows, 26 sequences, length 59
# corresponding to MSA columns:
# 14-72
name=unknown_A
#
# <colnr> <probs for GDERKNQSTAVLIFYWHMCP>
#	G	D	E	R	K	N	Q	S	T	A	V	L	I	F	Y	W	H	M	C	P
0	0.01675	0.01618	0.02630	0.02215	0.05860	0.01819	0.18427	0.05485	0.05086	0.02406	0.06855	0.05324	0.01997	0.01148	0.01427	0.00280	0.25654	0.05130	0.00477	0.04487
1	0.02438	0.02033	0.02419	0.01837	0.02446	0.08628	0.11810	0.32895	0.02647	0.06545	0.01700	0.01837	0.01255	0.00791	0.00731	0.00207	0.00886	0.00661	0.03199	0.15035
2	0.01764	0.01686	0.02874	0.21703	0.52451	0.01772	0.02271	0.02228	0.01673	0.02340	0.01407	0.01914	0.01153	0.00697	0.00753	0.00232	0.00929	0.00675	0.00366	0.01110
3	0.01598	0.01394	0.01714	0.01240	0.01906	0.01095	0.03918	0.02036	0.04742	0.02503	0.01440	0.01655	0.01182	0.00588	0.00587	0.00126	0.00597	0.00490	0.00462	0.70726
4	0.00924	0.00660	0.00880	0.01056	0.01100	0.00616	0.00704	0.01056	0.01452	0.01936	0.04181	0.72848	0.05017	0.02376	0.00968	0.00308	0.00440	0.02156	0.00704	0.00616
5	0.00977	0.00689	0.00858	0.00971	0.01012	0.00654	0.00622	0.01072	0.01360	0.01800	0.03819	0.48540	0.07704	0.24104	0.01851	0.00436	0.00528	0.01804	0.00629	0.00569
6	0.00964	0.00775	0.00867	0.00883	0.01105	0.00677	0.00675	0.01200	0.01794	0.02252	0.18493	0.10621	0.46922	0.01894	0.00915	0.00265	0.00414	0.07896	0.00728	0.00659
7	0.01581	0.01376	0.01687	0.01205	0.01883	0.01047	0.03457	0.01930	0.01581	0.02470	0.01356	0.01591	0.01125	0.00565	0.00575	0.00118	0.00590	0.00467	0.00447	0.74950
8	0.01318	0.00659	0.00988	0.00988	0.00988	0.00659	0.00659	0.00988	0.00988	0.01318	0.01318	0.02306	0.01318	0.02635	0.02964	0.77931	0.00659	0.00659	0.00329	0.00329
9	0.00924	0.00660	0.00880	0.01056	0.01100	0.00616	0.00704	0.01056	0.01452	0.01936	0.04181	0.72848	0.05017	0.02376	0.00968	0.00308	0.00440	0.02156	0.00704	0.00616
10	0.01371	0.01234	0.02004	0.44663	0.10195	0.01440	0.01763	0.01812	0.01598	0.02112	0.08911	0.03035	0.05151	0.01393	0.07022	0.00340	0.00978	0.03711	0.00434	0.00833
11	0.01947	0.07966	0.33691	0.05671	0.05237	0.01805	0.07042	0.04940	0.09634	0.12050	0.01810	0.01934	0.01292	0.00784	0.00734	0.00237	0.00957	0.00654	0.00486	0.01131
12	0.01855	0.02022	0.03963	0.05880	0.13460	0.04060	0.47588	0.04585	0.01822	0.02461	0.01492	0.01978	0.01147	0.00686	0.00911	0.00251	0.03579	0.00826	0.00392	0.01041
13	0.00924	0.00769	0.00807	0.00797	0.01041	0.00652	0.00598	0.01142	0.01794	0.02204	0.17121	0.07045	0.58770	0.01863	0.00896	0.00253	0.00380	0.01565	0.00725	0.00652
14	0.02261	0.45245	0.03444	0.01675	0.02253	0.24123	0.07132	0.02524	0.01755	0.01865	0.01135	0.01339	0.00990	0.00690	0.00585	0.00181	0.01029	0.00476	0.00351	0.00948
15	0.02883	0.02125	0.02276	0.01745	0.02352	0.02352	0.01442	0.66082	0.03566	0.04780	0.01821	0.01821	0.01290	0.00911	0.00759	0.00228	0.00835	0.00683	0.00759	0.01290
16	0.58112	0.01724	0.04024	0.01351	0.04040	0.05865	0.03385	0.02460	0.04951	0.06252	0.01304	0.01454	0.00990	0.00734	0.00547	0.00234	0.00694	0.00488	0.00491	0.00899
17	0.01736	0.01596	0.02819	0.28679	0.16088	0.01700	0.17666	0.05058	0.03885	0.04998	0.01716	0.05362	0.01384	0.00815	0.00794	0.00247	0.00975	0.00809	0.02685	0.00989
18	0.01086	0.00803	0.01172	0.01172	0.01291	0.00923	0.00889	0.01324	0.01205	0.01726	0.02075	0.03219	0.02000	0.13833	0.62335	0.01161	0.01876	0.00848	0.00413	0.00651
19	0.01599	0.03998	0.01792	0.01225	0.01902	0.01125	0.03885	0.01947	0.01582	0.02445	0.01346	0.01582	0.01119	0.00568	0.00574	0.00121	0.00604	0.00468	0.00442	0.71676
20	0.78701	0.01467	0.01115	0.00997	0.01467	0.01702	0.00821	0.02230	0.01291	0.03403	0.01056	0.01232	0.00821	0.00704	0.00469	0.00235	0.00587	0.00411	0.00469	0.00821
21	0.01061	0.00766	0.01003	0.00963	0.01130	0.00707	0.00715	0.01400	0.02088	0.02948	0.62805	0.11339	0.06976	0.01620	0.00901	0.00244	0.00365	0.01438	0.00824	0.00707
22	0.01946	0.01915	0.02764	0.05787	0.02783	0.12702	0.26714	0.05303	0.03854	0.04880	0.01802	0.04509	0.01447	0.00853	0.00883	0.00237	0.05727	0.00797	0.14163	0.00935
23	0.01318	0.00659	0.00988	0.00988	0.00988	0.00659	0.00659	0.00988	0.00988	0.01318	0.01318	0.02306	0.01318	0.02635	0.02964	0.77931	0.00659	0.00659	0.00329	0.00329
24	0.01698	0.01442	0.01618	0.01582	0.04824	0.01622	0.01163	0.03350	0.49881	0.02974	0.08570	0.10145	0.03012	0.01230	0.00811	0.00263	0.00582	0.03400	0.00750	0.01084
25	0.02833	0.03615	0.02149	0.01954	0.02345	0.70298	0.01466	0.03029	0.02149	0.01856	0.01172	0.01368	0.00977	0.00782	0.00684	0.00195	0.01368	0.00489	0.00391	0.00879
26	0.01777	0.01842	0.10672	0.01986	0.05406	0.01502	0.15713	0.04379	0.01725	0.07608	0.04697	0.04570	0.01584	0.00836	0.00917	0.00214	0.08254	0.00731	0.00479	0.25106
27	0.01563	0.09633	0.64066	0.02091	0.03174	0.01863	0.02680	0.02391	0.01596	0.02352	0.01336	0.01570	0.00962	0.00715	0.00702	0.00234	0.01096	0.00548	0.00321	0.01109
28	0.01670	0.01757	0.05505	0.24208	0.20886	0.01777	0.21310	0.02191	0.01642	0.02278	0.01458	0.01994	0.01142	0.00735	0.00876	0.00247	0.04730	0.00738	0.03863	0.00994
29	0.01866	0.01625	0.01803	0.04779	0.05199	0.01874	0.01293	0.03859	0.61307	0.03086	0.02934	0.02750	0.02206	0.01001	0.00770	0.00256	0.00632	0.00841	0.00734	0.01185
30	0.01524	0.03209	0.49804	0.02410	0.10058	0.01667	0.08191	0.02264	0.01617	0.02367	0.01662	0.08696	0.01403	0.00872	0.00764	0.00247	0.01045	0.00760	0.00370	0.01071
31	0.01103	0.00735	0.00827	0.00827	0.00827	0.00735	0.00460	0.01103	0.01103	0.01471	0.02390	0.04964	0.02758	0.73343	0.03861	0.00735	0.00735	0.01103	0.00460	0.00460
32	0.02313	0.01527	0.01635	0.01326	0.01762	0.01649	0.01072	0.35841	0.05718	0.07323	0.02186	0.02285	0.01613	0.00907	0.00674	0.00210	0.00634	0.00704	0.29551	0.01067
33	0.00931	0.00770	0.00816	0.00805	0.01046	0.00655	0.00603	0.01155	0.01810	0.02242	0.19457	0.06982	0.56411	0.01849	0.00896	0.00253	0.00379	0.01556	0.00730	0.00655
34	0.01573	0.01348	0.01573	0.01123	0.01798	0.01011	0.00899	0.01910	0.01573	0.02472	0.01348	0.01573	0.01123	0.00562	0.00562	0.00112	0.00562	0.00449	0.00449	0.77980
35	0.01318	0.00659	0.00988	0.00988	0.00988	0.00659	0.00659	0.00988	0.00988	0.01318	0.01318	0.02306	0.01318	0.02635	0.02964	0.77931	0.00659	0.00659	0.00329	0.00329
36	0.01877	0.01802	0.03079	0.04656	0.68612	0.01802	0.02328	0.02328	0.01727	0.02478	0.01427	0.01877	0.01201	0.00676	0.00751	0.00225	0.00901	0.00676	0.00375	0.01201
37	0.01659	0.01659	0.02323	0.01991	0.01991	0.02323	0.01659	0.01825	0.01162	0.01825	0.00996	0.01659	0.00996	0.01328	0.02489	0.00332	0.71955	0.00664	0.00332	0.00830
38	0.14493	0.01317	0.01665	0.01298	0.01867	0.01201	0.01072	0.03480	0.02041	0.59456	0.02707	0.02383	0.01722	0.00904	0.00720	0.00235	0.00637	0.00711	0.00870	0.01222
39	0.00924	0.00660	0.00880	0.01056	0.01100	0.00616	0.00704	0.01056	0.01452	0.01936	0.04181	0.72848	0.05017	0.02376	0.00968	0.00308	0.00440	0.02156	0.00704	0.00616
40	0.01432	0.01348	0.02275	0.71520	0.05224	0.01685	0.02107	0.01938	0.01517	0.01938	0.01348	0.02022	0.01011	0.00758	0.00758	0.00253	0.01011	0.00674	0.00337	0.00843
41	0.05305	0.02006	0.04247	0.03054	0.03781	0.01922	0.60641	0.02399	0.01745	0.02453	0.01494	0.01995	0.01130	0.00666	0.00931	0.00257	0.03713	0.00865	0.00386	0.01007
42	0.02028	0.73799	0.03975	0.01298	0.01947	0.03001	0.01298	0.02271	0.01541	0.01785	0.01055	0.01217	0.00973	0.00649	0.00487	0.00162	0.00811	0.00406	0.00324	0.00973
43	0.02883	0.02125	0.02276	0.01745	0.02352	0.02352	0.01442	0.66082	0.03566	0.04780	0.01821	0.01821	0.01290	0.00911	0.00759	0.00228	0.00835	0.00683	0.00759	0.01290
44	0.02780	0.02428	0.02171	0.01756	0.02288	0.19147	0.01409	0.45612	0.06067	0.03921	0.01738	0.01786	0.01279	0.00883	0.00734	0.00219	0.00941	0.00643	0.03031	0.01166
45	0.08956	0.26269	0.06304	0.01594	0.02191	0.14984	0.01418	0.24441	0.02334	0.03002	0.01357	0.01475	0.01070	0.00772	0.00628	0.00201	0.00919	0.00525	0.00499	0.01060
46	0.01988	0.22843	0.06705	0.01495	0.02007	0.02115	0.01334	0.07498	0.25436	0.06972	0.05000	0.02261	0.01857	0.01147	0.04128	0.00274	0.04584	0.00698	0.00584	0.01075
47	0.02028	0.73799	0.03975	0.01298	0.01947	0.03001	0.01298	0.02271	0.01541	0.01785	0.01055	0.01217	0.00973	0.00649	0.00487	0.00162	0.00811	0.00406	0.00324	0.00973
48	0.01173	0.00910	0.01033	0.00961	0.01205	0.00862	0.00725	0.05891	0.05508	0.02703	0.33135	0.05863	0.30496	0.04946	0.01017	0.00269	0.00432	0.01375	0.00757	0.00740
49	0.00990	0.00739	0.01036	0.08023	0.01531	0.00735	0.00869	0.01170	0.01474	0.01954	0.03893	0.62503	0.04588	0.02202	0.00952	0.00305	0.00510	0.05217	0.00668	0.00643
50	0.00896	0.00768	0.00768	0.00768	0.01025	0.00640	0.00576	0.01089	0.01729	0.02049	0.07684	0.07300	0.68304	0.01921	0.00896	0.00256	0.00384	0.01601	0.00704	0.00640
51	0.01103	0.00735	0.00827	0.00827	0.00827	0.00735	0.00460	0.01103	0.01103	0.01471	0.02390	0.04964	0.02758	0.73343	0.03861	0.00735	0.00735	0.01103	0.00460	0.00460
52	0.01877	0.01802	0.03079	0.04656	0.68612	0.01802	0.02328	0.02328	0.01727	0.02478	0.01427	0.01877	0.01201	0.00676	0.00751	0.00225	0.00901	0.00676	0.00375	0.01201
53	0.03403	0.01291	0.01760	0.01350	0.01936	0.01115	0.01115	0.03697	0.02171	0.69137	0.02992	0.02582	0.01878	0.00939	0.00763	0.00235	0.00645	0.00763	0.00939	0.01291
54	0.01318	0.00659	0.00988	0.00988	0.00988	0.00659	0.00659	0.00988	0.00988	0.01318	0.01318	0.02306	0.01318	0.02635	0.02964	0.77931	0.00659	0.00659	0.00329	0.00329
55	0.03384	0.01322	0.01780	0.01364	0.01952	0.01161	0.01127	0.06039	0.02223	0.66720	0.02948	0.02553	0.01856	0.00938	0.00763	0.00234	0.00653	0.00760	0.00932	0.01291
56	0.01539	0.03025	0.43755	0.05574	0.05864	0.01685	0.15140	0.02285	0.01696	0.02454	0.08184	0.02133	0.01640	0.00789	0.00776	0.00243	0.01061	0.00720	0.00388	0.01050
57	0.01764	0.01198	0.01463	0.01381	0.04783	0.01220	0.01013	0.04975	0.20673	0.13334	0.30689	0.04139	0.07649	0.01261	0.00827	0.00243	0.00517	0.01084	0.00801	0.00984
58	0.06778	0.02064	0.02187	0.01696	0.02286	0.02294	0.01397	0.59515	0.06776	0.04625	0.01847	0.01843	0.01319	0.00906	0.00744	0.00230	0.00810	0.00678	0.00744	0.01261

[dist]
# distance from previous block
# <min> <max>
1	6

[block]
# block no. 1 follows, 26 sequences, length 49
# corresponding to MSA columns:
# 79-127
name=unknown_B
#
# <colnr> <probs for GDERKNQSTAVLIFYWHMCP>
#	G	D	E	R	K	N	Q	S	T	A	V	L	I	F	Y	W	H	M	C	P
0	0.71760	0.01604	0.04097	0.01083	0.01587	0.01735	0.00936	0.05297	0.01413	0.03426	0.01106	0.01276	0.00850	0.00715	0.00494	0.00235	0.00622	0.00430	0.00477	0.00857
1	0.01459	0.01555	0.06612	0.46808	0.04392	0.01613	0.12747	0.01991	0.01631	0.02156	0.07114	0.02587	0.01692	0.00860	0.00803	0.00255	0.00995	0.03456	0.00401	0.00873
2	0.06720	0.07216	0.01612	0.05107	0.01796	0.01180	0.01011	0.02359	0.01842	0.26342	0.08175	0.06412	0.15055	0.01219	0.00766	0.00234	0.00595	0.04787	0.00711	0.06860
3	0.01764	0.01861	0.02847	0.08171	0.06921	0.08960	0.23534	0.02175	0.01649	0.02227	0.01508	0.05792	0.01314	0.00844	0.01009	0.00231	0.10924	0.00765	0.00405	0.17098
4	0.63421	0.01452	0.01277	0.01105	0.01565	0.01651	0.00911	0.02420	0.01412	0.12870	0.01334	0.01452	0.00985	0.00773	0.00626	0.00240	0.04611	0.00476	0.00530	0.00890
5	0.02039	0.64368	0.08716	0.01402	0.02070	0.06985	0.01420	0.02327	0.01583	0.01835	0.01084	0.01254	0.00973	0.00662	0.00516	0.00170	0.00868	0.00422	0.00328	0.00979
6	0.01908	0.01441	0.01710	0.01273	0.01881	0.01255	0.01030	0.07993	0.03680	0.10006	0.01599	0.01748	0.01248	0.00698	0.00733	0.00155	0.05231	0.00531	0.00533	0.55347
7	0.02828	0.02092	0.02247	0.01719	0.02329	0.02296	0.01419	0.63378	0.03482	0.04683	0.01801	0.01811	0.01283	0.00896	0.00750	0.00223	0.00823	0.00673	0.00746	0.04522
8	0.01056	0.00780	0.00990	0.00954	0.01144	0.00714	0.00726	0.01389	0.02060	0.02846	0.55208	0.06088	0.16145	0.01640	0.00904	0.00248	0.00383	0.05216	0.00807	0.00703
9	0.01318	0.00659	0.00988	0.00988	0.00988	0.00659	0.00659	0.00988	0.00988	0.01318	0.01318	0.02306	0.01318	0.02635	0.02964	0.77931	0.00659	0.00659	0.00329	0.00329
10	0.01877	0.01802	0.03079	0.04656	0.68612	0.01802	0.02328	0.02328	0.01727	0.02478	0.01427	0.01877	0.01201	0.00676	0.00751	0.00225	0.00901	0.00676	0.00375	0.01201
11	0.01432	0.01348	0.02275	0.71520	0.05224	0.01685	0.02107	0.01938	0.01517	0.01938	0.01348	0.02022	0.01011	0.00758	0.00758	0.00253	0.01011	0.00674	0.00337	0.00843
12	0.02833	0.03615	0.02149	0.01954	0.02345	0.70298	0.01466	0.03029	0.02149	0.01856	0.01172	0.01368	0.00977	0.00782	0.00684	0.00195	0.01368	0.00489	0.00391	0.00879
13	0.01103	0.00735	0.00827	0.00827	0.00827	0.00735	0.00460	0.01103	0.01103	0.01471	0.02390	0.04964	0.02758	0.73343	0.03861	0.00735	0.00735	0.01103	0.00460	0.00460
14	0.01432	0.01348	0.02275	0.71520	0.05224	0.01685	0.02107	0.01938	0.01517	0.01938	0.01348	0.02022	0.01011	0.00758	0.00758	0.00253	0.01011	0.00674	0.00337	0.00843
15	0.02732	0.01898	0.02050	0.01592	0.02144	0.02072	0.01308	0.54298	0.03236	0.08434	0.01973	0.01992	0.01407	0.00909	0.00731	0.00222	0.00763	0.00691	0.10330	0.01217
16	0.03403	0.01291	0.01760	0.01350	0.01936	0.01115	0.01115	0.03697	0.02171	0.69137	0.02992	0.02582	0.01878	0.00939	0.00763	0.00235	0.00645	0.00763	0.00939	0.01291
17	0.00924	0.00660	0.00880	0.01056	0.01100	0.00616	0.00704	0.01056	0.01452	0.01936	0.04181	0.72848	0.05017	0.02376	0.00968	0.00308	0.00440	0.02156	0.00704	0.00616
18	0.01555	0.01524	0.02335	0.61688	0.10377	0.05850	0.02086	0.02037	0.01573	0.01978	0.01344	0.01970	0.01025	0.00753	0.00753	0.00247	0.01023	0.00663	0.00344	0.00875
19	0.03292	0.01266	0.01724	0.01331	0.01898	0.01096	0.01096	0.03588	0.02170	0.65970	0.06118	0.02730	0.02131	0.00968	0.00769	0.00235	0.00632	0.00792	0.00934	0.01263
20	0.01810	0.01734	0.02958	0.14714	0.59076	0.01785	0.02295	0.02269	0.01695	0.02397	0.01415	0.01899	0.01173	0.00688	0.00752	0.00229	0.00918	0.00676	0.00370	0.01147
21	0.67114	0.03343	0.01366	0.07080	0.04511	0.01738	0.01003	0.02210	0.01334	0.03201	0.01096	0.01324	0.00857	0.00706	0.00506	0.00234	0.00641	0.00443	0.00451	0.00843
22	0.01101	0.00739	0.00843	0.00838	0.00853	0.00734	0.00481	0.01131	0.01191	0.01603	0.07922	0.05023	0.03127	0.67309	0.03611	0.00694	0.00704	0.01126	0.00491	0.00481
23	0.01837	0.02074	0.11784	0.03756	0.44779	0.01800	0.08377	0.05016	0.05773	0.02618	0.03748	0.02038	0.01432	0.00738	0.00767	0.00233	0.00928	0.00716	0.00424	0.01161
24	0.01120	0.00816	0.01090	0.01227	0.01371	0.00799	0.00982	0.01452	0.03844	0.02246	0.09589	0.29114	0.07440	0.02099	0.00993	0.00319	0.00569	0.33528	0.00714	0.00687
25	0.01057	0.00891	0.03045	0.01010	0.01208	0.00788	0.00788	0.01359	0.01914	0.02626	0.42736	0.14343	0.18927	0.01698	0.00968	0.00255	0.03465	0.01465	0.00755	0.00704
26	0.02174	0.03576	0.04688	0.01724	0.04556	0.01664	0.06659	0.23667	0.08304	0.11491	0.06411	0.07912	0.02329	0.06583	0.01038	0.00284	0.00767	0.04428	0.00683	0.01062
27	0.02028	0.73799	0.03975	0.01298	0.01947	0.03001	0.01298	0.02271	0.01541	0.01785	0.01055	0.01217	0.00973	0.00649	0.00487	0.00162	0.00811	0.00406	0.00324	0.00973
28	0.02583	0.02989	0.02282	0.02176	0.08356	0.46827	0.03248	0.09855	0.02160	0.02282	0.01302	0.01552	0.01068	0.00832	0.00851	0.00214	0.07165	0.00559	0.02751	0.00949
29	0.01935	0.01801	0.02962	0.08511	0.59156	0.01841	0.02240	0.07662	0.01869	0.02638	0.01455	0.01881	0.01197	0.00701	0.00752	0.00227	0.00902	0.00676	0.00405	0.01187
30	0.02762	0.03480	0.02219	0.02155	0.07275	0.65202	0.01530	0.02977	0.02118	0.01903	0.01191	0.01406	0.00994	0.00774	0.00689	0.00198	0.01333	0.00502	0.00390	0.00903
31	0.02008	0.71079	0.06523	0.01332	0.01999	0.02953	0.01356	0.02276	0.01544	0.01809	0.01066	0.01232	0.00973	0.00652	0.00496	0.00165	0.00823	0.00412	0.00324	0.00979
32	0.07669	0.04083	0.05619	0.01423	0.02002	0.03455	0.01221	0.10560	0.10126	0.32971	0.05047	0.02339	0.01837	0.00898	0.00719	0.00223	0.00693	0.00709	0.00750	0.07657
33	0.03272	0.01262	0.01718	0.01327	0.01891	0.01092	0.01092	0.03569	0.02170	0.65418	0.06662	0.02755	0.02175	0.00973	0.00770	0.00235	0.00629	0.00797	0.00933	0.01258
34	0.02726	0.06124	0.02230	0.01932	0.02307	0.63293	0.01472	0.02921	0.02062	0.01852	0.01156	0.01381	0.00978	0.00813	0.00795	0.00203	0.05994	0.00497	0.00384	0.00880
35	0.01573	0.01348	0.01573	0.01123	0.01798	0.01011	0.00899	0.01910	0.01573	0.02472	0.01348	0.01573	0.01123	0.00562	0.00562	0.00112	0.00562	0.00449	0.00449	0.77980
36	0.01708	0.01740	0.02316	0.01990	0.02006	0.05132	0.01651	0.01875	0.01202	0.01827	0.01003	0.01647	0.00995	0.01305	0.02415	0.00326	0.69038	0.00657	0.00334	0.00832
37	0.01877	0.01802	0.03079	0.04656	0.68612	0.01802	0.02328	0.02328	0.01727	0.02478	0.01427	0.01877	0.01201	0.00676	0.00751	0.00225	0.00901	0.00676	0.00375	0.01201
38	0.01021	0.00762	0.00948	0.00925	0.01107	0.00690	0.00685	0.01321	0.01988	0.02720	0.48911	0.12855	0.19847	0.01713	0.00902	0.00249	0.00372	0.01500	0.00794	0.00690
39	0.01096	0.00761	0.00959	0.00959	0.01005	0.00807	0.00624	0.01188	0.01142	0.01568	0.02269	0.04296	0.02468	0.50582	0.26226	0.00898	0.01171	0.01005	0.00442	0.00533
40	0.01520	0.01472	0.02586	0.41150	0.12890	0.01680	0.11406	0.01988	0.01567	0.02088	0.01636	0.06568	0.01426	0.00915	0.00912	0.00262	0.05530	0.03123	0.00385	0.00897
41	0.01235	0.00671	0.00940	0.00966	0.00979	0.00665	0.00634	0.01043	0.01094	0.01484	0.01922	0.12941	0.02074	0.12149	0.02706	0.53271	0.00626	0.00939	0.03261	0.00403
42	0.01573	0.01348	0.01573	0.01123	0.01798	0.01011	0.00899	0.01910	0.01573	0.02472	0.01348	0.01573	0.01123	0.00562	0.00562	0.00112	0.00562	0.00449	0.00449	0.77980
43	0.08427	0.24153	0.24816	0.04706	0.05786	0.06361	0.03651	0.07482	0.01773	0.04465	0.01326	0.01531	0.01027	0.00720	0.00639	0.00213	0.00951	0.00532	0.00397	0.01045
44	0.16406	0.15429	0.34830	0.01732	0.04611	0.01854	0.01905	0.02235	0.01596	0.02559	0.08733	0.01926	0.01638	0.00796	0.00651	0.00225	0.00871	0.00599	0.00409	0.00995
45	0.11020	0.01929	0.06383	0.01747	0.02383	0.01847	0.10367	0.28945	0.04441	0.08340	0.03545	0.01928	0.01408	0.00812	0.00720	0.00219	0.00815	0.00672	0.00619	0.11862
46	0.09224	0.01603	0.02275	0.05757	0.04431	0.01679	0.11404	0.11174	0.06414	0.16562	0.05037	0.02183	0.01629	0.00895	0.00946	0.00240	0.09094	0.00728	0.00602	0.08124
47	0.02456	0.02006	0.06058	0.07668	0.02650	0.02058	0.05478	0.41685	0.08231	0.06583	0.02022	0.02361	0.01534	0.00953	0.00784	0.00242	0.00858	0.04510	0.00680	0.01183
48	0.46964	0.01600	0.03538	0.04227	0.05768	0.01669	0.05090	0.06799	0.01662	0.14127	0.01497	0.01622	0.01080	0.00754	0.00598	0.00236	0.00705	0.00546	0.00546	0.00973

[dist]
# distance from previous block
# <min> <max>
5	86

[block]
# block no. 2 follows, 26 sequences, length 15
# corresponding to MSA columns:
# 214-228
name=unknown_C
#
# <colnr> <probs for GDERKNQSTAVLIFYWHMCP>
#	G	D	E	R	K	N	Q	S	T	A	V	L	I	F	Y	W	H	M	C	P
0	0.07349	0.12868	0.01614	0.01117	0.01469	0.06475	0.00896	0.09387	0.01878	0.02420	0.05961	0.12206	0.28219	0.03834	0.00873	0.00253	0.00613	0.01167	0.00604	0.00797
1	0.01066	0.00810	0.01031	0.01071	0.01252	0.00702	0.00747	0.01243	0.01479	0.02053	0.03562	0.57285	0.04167	0.01980	0.00879	0.00265	0.00467	0.01784	0.00648	0.17508
2	0.01702	0.18291	0.13676	0.05612	0.03189	0.02001	0.32537	0.02233	0.01660	0.02209	0.01649	0.08674	0.01452	0.00828	0.00778	0.00237	0.01056	0.00847	0.00390	0.00979
3	0.01874	0.05540	0.28328	0.02560	0.06846	0.08507	0.25017	0.02576	0.04152	0.05095	0.01527	0.01823	0.01131	0.00713	0.00776	0.00238	0.01139	0.00693	0.00395	0.01071
4	0.01777	0.06563	0.01681	0.01241	0.01572	0.01238	0.08669	0.04821	0.01725	0.09167	0.02183	0.02471	0.01681	0.00871	0.00727	0.00203	0.05045	0.00709	0.46803	0.00855
5	0.00957	0.00680	0.00898	0.01061	0.01110	0.00642	0.00719	0.01093	0.01445	0.01923	0.04035	0.63561	0.04804	0.07714	0.01192	0.00343	0.00479	0.06050	0.00685	0.00610
6	0.06961	0.01709	0.06176	0.04904	0.16014	0.03815	0.10907	0.02647	0.10827	0.13746	0.04345	0.09241	0.02035	0.00997	0.00787	0.00248	0.00817	0.02188	0.00581	0.01054
7	0.53363	0.08624	0.10046	0.01298	0.01878	0.04099	0.03526	0.02352	0.01438	0.05870	0.01199	0.01369	0.00916	0.00711	0.00538	0.00228	0.00728	0.00464	0.00452	0.00902
8	0.00969	0.00692	0.00931	0.01107	0.01170	0.00654	0.00781	0.01133	0.01496	0.01986	0.04156	0.63280	0.04920	0.02335	0.00980	0.00314	0.00479	0.11287	0.00703	0.00628
9	0.02414	0.02832	0.02331	0.10438	0.02769	0.42531	0.06837	0.05560	0.08369	0.02164	0.01426	0.01683	0.01140	0.00831	0.00835	0.00223	0.05652	0.00600	0.00433	0.00932
10	0.00923	0.00750	0.00818	0.00843	0.01051	0.00645	0.00616	0.01124	0.01729	0.02149	0.14383	0.18962	0.49445	0.01959	0.00909	0.00263	0.00391	0.01674	0.00720	0.00645
11	0.30663	0.05078	0.03989	0.01466	0.02006	0.01635	0.09980	0.08949	0.01738	0.05884	0.04583	0.01881	0.01407	0.01075	0.05138	0.00281	0.00812	0.00610	0.02559	0.10266
12	0.16604	0.13496	0.14778	0.01474	0.02194	0.01670	0.06072	0.02160	0.01534	0.02526	0.01261	0.01490	0.01012	0.00639	0.00586	0.00179	0.00764	0.00488	0.00404	0.30667
13	0.07101	0.04727	0.14277	0.01550	0.02136	0.01551	0.05168	0.12038	0.08777	0.02915	0.08427	0.10770	0.02276	0.01028	0.00735	0.00224	0.00730	0.00867	0.00568	0.14135
14	0.04811	0.01925	0.07205	0.02036	0.10288	0.08218	0.07086	0.08218	0.09905	0.17010	0.02136	0.06628	0.01672	0.00905	0.00746	0.00227	0.00825	0.00774	0.00607	0.08777

[dist]
# distance from previous block
# <min> <max>
28	97

[block]
# block no. 3 follows, 26 sequences, length 46
# corresponding to MSA columns:
# 336-381
name=unknown_D
#
# <colnr> <probs for GDERKNQSTAVLIFYWHMCP>
#	G	D	E	R	K	N	Q	S	T	A	V	L	I	F	Y	W	H	M	C	P
0	0.01803	0.07107	0.07902	0.02060	0.02504	0.12373	0.19576	0.02205	0.01704	0.02270	0.09306	0.02261	0.01842	0.00945	0.01133	0.00246	0.16254	0.00764	0.06845	0.00901
1	0.06709	0.08352	0.04444	0.01598	0.04624	0.04228	0.01280	0.08207	0.24591	0.05434	0.02378	0.02390	0.05744	0.00953	0.00846	0.00229	0.06622	0.00722	0.00593	0.10056
2	0.01337	0.05308	0.05523	0.01348	0.01631	0.01223	0.01173	0.01937	0.11454	0.02421	0.12909	0.11002	0.09771	0.01653	0.01003	0.00290	0.05036	0.23505	0.00663	0.00813
3	0.02665	0.02564	0.02320	0.01924	0.02366	0.31553	0.06890	0.14012	0.04058	0.12678	0.01625	0.01767	0.01223	0.00892	0.00958	0.00231	0.10072	0.00631	0.00541	0.01029
4	0.06856	0.02236	0.06525	0.07840	0.15553	0.13945	0.12908	0.10657	0.09647	0.02739	0.01658	0.01996	0.01299	0.00795	0.00754	0.00235	0.01004	0.01812	0.00480	0.01060
5	0.02034	0.08879	0.01931	0.01467	0.01910	0.05147	0.01177	0.10782	0.36925	0.06879	0.11976	0.02870	0.02664	0.01035	0.00755	0.00237	0.00654	0.00842	0.00726	0.01108
6	0.04653	0.01754	0.01997	0.18036	0.09145	0.09356	0.01511	0.19208	0.02197	0.02866	0.02409	0.02952	0.09342	0.01020	0.00766	0.00236	0.00853	0.05550	0.00543	0.05606
7	0.13259	0.29454	0.07680	0.01266	0.01866	0.03832	0.01193	0.02187	0.01629	0.05238	0.09014	0.01900	0.01736	0.00766	0.00582	0.00182	0.00707	0.00557	0.00458	0.16494
8	0.37723	0.07577	0.07993	0.01186	0.01697	0.01591	0.01074	0.05993	0.01596	0.07073	0.01895	0.07721	0.04307	0.00924	0.00599	0.00227	0.00640	0.00679	0.04892	0.04616
9	0.06069	0.19652	0.06764	0.01608	0.02172	0.21332	0.01395	0.11687	0.10046	0.05801	0.01573	0.01652	0.01227	0.00786	0.00647	0.00201	0.00932	0.00553	0.00502	0.05399
10	0.02004	0.02053	0.02309	0.03986	0.06419	0.17132	0.08207	0.09676	0.04471	0.02433	0.04289	0.07807	0.01697	0.01067	0.01187	0.00251	0.18162	0.00800	0.00479	0.05572
11	0.01194	0.00830	0.00962	0.00968	0.01039	0.00833	0.00616	0.06500	0.01427	0.01897	0.03009	0.24451	0.05115	0.44745	0.02681	0.00556	0.00648	0.01387	0.00562	0.00579
12	0.06502	0.01791	0.06548	0.06919	0.31633	0.01688	0.01809	0.10864	0.03792	0.12157	0.01752	0.01974	0.01317	0.00766	0.00720	0.00224	0.00814	0.00663	0.03567	0.04502
13	0.01887	0.01629	0.01715	0.01544	0.01972	0.01887	0.01201	0.04031	0.67241	0.03173	0.03087	0.02830	0.02315	0.01029	0.00772	0.00257	0.00600	0.00858	0.00772	0.01201
14	0.06031	0.07597	0.07812	0.01922	0.02286	0.06508	0.14579	0.02002	0.01428	0.02034	0.01424	0.02178	0.01311	0.09992	0.08551	0.00417	0.21981	0.00723	0.00375	0.00847
15	0.01101	0.00742	0.00863	0.00863	0.00876	0.00755	0.00504	0.01126	0.01114	0.01497	0.02357	0.04781	0.02678	0.67129	0.09967	0.00780	0.00854	0.01076	0.00455	0.00480
16	0.06010	0.01614	0.02271	0.41338	0.14379	0.07409	0.01928	0.02077	0.01573	0.02110	0.01452	0.02240	0.01217	0.00867	0.00895	0.00255	0.06889	0.04208	0.00375	0.00892
17	0.00990	0.00772	0.00899	0.00867	0.01082	0.00680	0.00650	0.01271	0.01951	0.02576	0.39814	0.06432	0.35845	0.01724	0.00895	0.00247	0.00370	0.01479	0.00774	0.00680
18	0.02038	0.01703	0.01933	0.02015	0.13563	0.05600	0.01343	0.21961	0.16804	0.03197	0.02639	0.09297	0.06135	0.03951	0.00897	0.00259	0.00734	0.00925	0.03935	0.01069
19	0.01079	0.00779	0.01021	0.00970	0.01149	0.00721	0.00733	0.01436	0.02133	0.03015	0.65967	0.05767	0.07059	0.01570	0.00900	0.00242	0.00370	0.03544	0.00830	0.00715
20	0.01175	0.00943	0.01378	0.01326	0.01435	0.01156	0.01042	0.01419	0.01206	0.01760	0.01882	0.02846	0.01787	0.07507	0.57214	0.01062	0.12973	0.00800	0.00397	0.00693
21	0.01085	0.00806	0.01186	0.01186	0.01311	0.00930	0.00907	0.01334	0.01209	0.01737	0.02062	0.03145	0.01968	0.11323	0.64801	0.01179	0.01924	0.00837	0.00411	0.00659
22	0.01507	0.01424	0.02409	0.60356	0.15808	0.01705	0.02143	0.02003	0.01552	0.02028	0.01361	0.01998	0.01043	0.00745	0.00757	0.00248	0.00993	0.00674	0.00343	0.00903
23	0.78701	0.01467	0.01115	0.00997	0.01467	0.01702	0.00821	0.02230	0.01291	0.03403	0.01056	0.01232	0.00821	0.00704	0.00469	0.00235	0.00587	0.00411	0.00469	0.00821
24	0.01461	0.01252	0.01924	0.02108	0.17179	0.01236	0.07355	0.04727	0.06828	0.02898	0.36366	0.06512	0.04514	0.01225	0.00849	0.00241	0.00613	0.01126	0.00673	0.00915
25	0.01751	0.01798	0.05051	0.03619	0.45320	0.05715	0.05609	0.02170	0.01738	0.02361	0.02164	0.06735	0.05804	0.00967	0.00799	0.00242	0.00884	0.05771	0.00439	0.01061
26	0.01079	0.00779	0.01021	0.00970	0.01149	0.00721	0.00734	0.01436	0.02132	0.03014	0.65875	0.05771	0.07055	0.01570	0.00900	0.00243	0.00370	0.03634	0.00830	0.00715
27	0.01669	0.01237	0.01610	0.10176	0.06179	0.01310	0.01214	0.18266	0.02110	0.05188	0.06848	0.31087	0.03299	0.01574	0.00867	0.00271	0.00659	0.04878	0.00669	0.00890
28	0.01644	0.07747	0.57894	0.02216	0.05498	0.05726	0.04204	0.02428	0.01638	0.02340	0.01340	0.01587	0.00976	0.00716	0.00711	0.00233	0.01114	0.00560	0.00328	0.01099
29	0.01742	0.02194	0.12012	0.05641	0.10077	0.01913	0.44244	0.02348	0.01699	0.02363	0.01451	0.01942	0.01115	0.00715	0.00987	0.00257	0.07098	0.00805	0.00369	0.01030
30	0.01141	0.01158	0.09319	0.01296	0.01533	0.00861	0.03327	0.01454	0.03019	0.03982	0.07314	0.51178	0.04332	0.01984	0.00926	0.00293	0.00570	0.04918	0.00662	0.00733
31	0.01063	0.00775	0.01000	0.00944	0.01127	0.00711	0.00708	0.01412	0.02123	0.02985	0.64778	0.05759	0.10626	0.01572	0.00895	0.00240	0.00359	0.01385	0.00828	0.00711
32	0.01706	0.07566	0.42402	0.01958	0.02854	0.01803	0.05809	0.02713	0.13846	0.04847	0.01729	0.01863	0.01267	0.00767	0.00717	0.00231	0.00962	0.00625	0.00438	0.05897
33	0.02753	0.07707	0.02249	0.01892	0.02308	0.61087	0.01445	0.05548	0.04489	0.02016	0.01260	0.01429	0.01037	0.00788	0.00678	0.00197	0.01286	0.00504	0.00415	0.00913
34	0.01732	0.15194	0.44595	0.01880	0.02806	0.04642	0.02217	0.04987	0.04494	0.02412	0.01394	0.01587	0.01048	0.00719	0.00671	0.00215	0.00999	0.00540	0.00371	0.07498
35	0.02923	0.01378	0.01805	0.07233	0.02217	0.01334	0.01217	0.07070	0.11723	0.48402	0.04612	0.02614	0.01983	0.00952	0.00767	0.00239	0.00672	0.00782	0.00851	0.01224
36	0.75483	0.01459	0.01142	0.01013	0.01487	0.01677	0.00834	0.02292	0.01328	0.06212	0.01139	0.01290	0.00867	0.00714	0.00482	0.00235	0.00589	0.00426	0.00489	0.00842
37	0.01078	0.00741	0.00852	0.00850	0.00896	0.00722	0.00514	0.01148	0.01311	0.01757	0.12421	0.07739	0.07986	0.55338	0.03117	0.00614	0.00645	0.01215	0.00540	0.00515
38	0.01431	0.01312	0.02186	0.67503	0.04978	0.01630	0.02017	0.01928	0.01521	0.01988	0.01412	0.02068	0.01064	0.00765	0.00745	0.00248	0.00974	0.00676	0.04718	0.00835
39	0.00950	0.00691	0.00889	0.01005	0.01092	0.00638	0.00688	0.01122	0.01585	0.02117	0.14919	0.53758	0.11659	0.03843	0.01016	0.00301	0.00428	0.01948	0.00720	0.00631
40	0.01232	0.00822	0.01084	0.01043	0.01249	0.00763	0.00817	0.01578	0.02069	0.06858	0.51757	0.06006	0.08526	0.01615	0.00912	0.00257	0.00431	0.11421	0.00815	0.00745
41	0.01194	0.00849	0.01180	0.01155	0.01277	0.00954	0.00860	0.04406	0.01292	0.01818	0.02026	0.03225	0.01974	0.17373	0.49408	0.07472	0.01626	0.00846	0.00427	0.00639
42	0.01662	0.01517	0.02368	0.49966	0.04381	0.01825	0.05887	0.09078	0.07209	0.02373	0.01536	0.02049	0.01158	0.00822	0.00866	0.00255	0.04993	0.00703	0.00421	0.00931
43	0.06589	0.07591	0.01953	0.05395	0.05293	0.04463	0.01149	0.08293	0.03276	0.02655	0.01387	0.01606	0.01127	0.00649	0.00599	0.00156	0.00688	0.00501	0.00465	0.46165
44	0.01931	0.25579	0.25658	0.01785	0.02518	0.14148	0.03618	0.02398	0.01656	0.02085	0.01214	0.01452	0.00988	0.00728	0.00732	0.00203	0.05042	0.00505	0.00347	0.07413
45	0.01325	0.05449	0.01826	0.01480	0.01776	0.01148	0.11115	0.01615	0.01556	0.02179	0.02883	0.31080	0.03122	0.01557	0.00937	0.00262	0.04690	0.08716	0.06977	0.10307

[dist]
# distance from previous block
# <min> <max>
2	9

[block]
# block no. 4 follows, 26 sequences, length 15
# corresponding to MSA columns:
# 391-405
name=unknown_E
#
# <colnr> <probs for GDERKNQSTAVLIFYWHMCP>
#	G	D	E	R	K	N	Q	S	T	A	V	L	I	F	Y	W	H	M	C	P
0	0.05526	0.07955	0.01986	0.01463	0.01881	0.01456	0.07713	0.07200	0.01738	0.02534	0.05986	0.03177	0.03801	0.01581	0.08869	0.00338	0.05871	0.09237	0.05073	0.16618
1	0.08123	0.25267	0.13447	0.01755	0.06228	0.06281	0.03637	0.05885	0.06310	0.10856	0.01585	0.01685	0.01208	0.00747	0.00636	0.00206	0.00853	0.00560	0.00480	0.04250
2	0.02454	0.11718	0.05226	0.01663	0.02290	0.02079	0.05177	0.31128	0.10232	0.10256	0.01902	0.01914	0.01389	0.00834	0.00711	0.00214	0.00796	0.00658	0.00649	0.08710
3	0.47885	0.05182	0.01632	0.01255	0.01773	0.01692	0.04779	0.02606	0.09093	0.10926	0.01565	0.01644	0.01164	0.00754	0.00571	0.00228	0.00646	0.00535	0.00546	0.05523
4	0.00982	0.00729	0.01013	0.01273	0.05176	0.00688	0.00802	0.01133	0.01469	0.01969	0.04014	0.68564	0.04786	0.02274	0.00955	0.00303	0.00468	0.02067	0.00684	0.00651
5	0.02077	0.01908	0.08669	0.05123	0.02301	0.04095	0.01402	0.18991	0.12944	0.07023	0.01880	0.02011	0.01423	0.01120	0.04965	0.00270	0.03185	0.00649	0.00584	0.19379
6	0.01101	0.00835	0.01034	0.01085	0.01248	0.00815	0.00803	0.01549	0.08960	0.02433	0.22506	0.31827	0.12424	0.01913	0.00926	0.00281	0.00456	0.08336	0.00748	0.00720
7	0.01052	0.00766	0.00981	0.00944	0.01113	0.00705	0.00696	0.01371	0.02035	0.02844	0.57450	0.10245	0.11084	0.04141	0.01003	0.00262	0.00378	0.01431	0.00804	0.00695
8	0.02012	0.01884	0.10359	0.09651	0.02435	0.01769	0.01461	0.28810	0.09012	0.03279	0.02273	0.02669	0.05493	0.09207	0.04044	0.00334	0.00868	0.00791	0.02615	0.01036
9	0.00924	0.00660	0.00880	0.01056	0.01100	0.00616	0.00704	0.01056	0.01452	0.01936	0.04181	0.72848	0.05017	0.02376	0.00968	0.00308	0.00440	0.02156	0.00704	0.00616
10	0.01573	0.01348	0.01573	0.01123	0.01798	0.01011	0.00899	0.01910	0.01573	0.02472	0.01348	0.01573	0.01123	0.00562	0.00562	0.00112	0.00562	0.00449	0.00449	0.77980
11	0.18689	0.06870	0.02064	0.03649	0.02152	0.08317	0.04707	0.25121	0.05380	0.03371	0.02039	0.02122	0.06763	0.00889	0.00681	0.00222	0.00797	0.00672	0.00580	0.04917
12	0.01630	0.01310	0.01514	0.01162	0.01743	0.01086	0.00918	0.02178	0.10044	0.05876	0.02211	0.05502	0.05988	0.00817	0.00640	0.00156	0.00553	0.00674	0.00544	0.55453
13	0.16227	0.23400	0.23277	0.01677	0.05838	0.02033	0.01677	0.04926	0.01657	0.02566	0.06419	0.01758	0.01451	0.00761	0.00616	0.00210	0.00827	0.00557	0.00416	0.03706
14	0.12367	0.11839	0.02196	0.01500	0.01996	0.06448	0.07934	0.14804	0.03590	0.08561	0.03868	0.05246	0.05583	0.03317	0.00795	0.00237	0.00767	0.00768	0.04500	0.03684

[dist]
# distance from previous block
# <min> <max>
0	2

[block]
# block no. 5 follows, 26 sequences, length 18
# corresponding to MSA columns:
# 408-425
name=unknown_F
#
# <colnr> <probs for GDERKNQSTAVLIFYWHMCP>
#	G	D	E	R	K	N	Q	S	T	A	V	L	I	F	Y	W	H	M	C	P
0	0.00998	0.00781	0.00920	0.00982	0.01182	0.00702	0.00768	0.01237	0.01734	0.02180	0.11836	0.16323	0.38114	0.01992	0.00944	0.00285	0.00468	0.17181	0.00715	0.00659
1	0.01149	0.00943	0.01418	0.11238	0.04625	0.00924	0.04218	0.01414	0.01576	0.02151	0.10372	0.42981	0.04011	0.01747	0.00883	0.00270	0.00582	0.01593	0.00616	0.07287
2	0.02028	0.73799	0.03975	0.01298	0.01947	0.03001	0.01298	0.02271	0.01541	0.01785	0.01055	0.01217	0.00973	0.00649	0.00487	0.00162	0.00811	0.00406	0.00324	0.00973
3	0.01748	0.02191	0.11174	0.06879	0.08464	0.01881	0.51272	0.02393	0.01751	0.02404	0.01498	0.01986	0.01127	0.00657	0.00859	0.00252	0.01221	0.00832	0.00374	0.01036
4	0.05026	0.01540	0.01662	0.01678	0.06804	0.04111	0.01222	0.03233	0.43549	0.02875	0.03343	0.03713	0.08513	0.01186	0.00798	0.00262	0.00641	0.08080	0.00701	0.01063
5	0.01790	0.02046	0.04476	0.03197	0.03964	0.01918	0.65857	0.02430	0.01790	0.02430	0.01535	0.02046	0.01151	0.00639	0.00895	0.00256	0.01279	0.00895	0.00384	0.01023
6	0.03123	0.01333	0.01742	0.01364	0.01916	0.01220	0.01117	0.06681	0.07777	0.56777	0.06466	0.02732	0.02171	0.00978	0.00770	0.00236	0.00635	0.00800	0.00910	0.01252
7	0.02087	0.02067	0.05000	0.13897	0.22663	0.08929	0.09441	0.15434	0.07797	0.02848	0.01623	0.01930	0.01249	0.00775	0.00765	0.00234	0.00979	0.00696	0.00482	0.01105
8	0.01155	0.00867	0.01098	0.01178	0.01281	0.00893	0.00831	0.06216	0.04582	0.02205	0.03790	0.60640	0.04406	0.02150	0.01020	0.00301	0.04083	0.01909	0.00693	0.00705
9	0.01887	0.01629	0.01715	0.01544	0.01972	0.01887	0.01201	0.04031	0.67241	0.03173	0.03087	0.02830	0.02315	0.01029	0.00772	0.00257	0.00600	0.00858	0.00772	0.01201
10	0.04797	0.02208	0.06823	0.11280	0.03641	0.10856	0.39419	0.02396	0.01731	0.02287	0.01399	0.01874	0.01078	0.00728	0.00938	0.00251	0.06190	0.00763	0.00375	0.00965
11	0.01579	0.14244	0.09100	0.40327	0.04007	0.01870	0.08328	0.02077	0.01562	0.02073	0.01403	0.01906	0.01085	0.00733	0.00704	0.00230	0.00963	0.00641	0.06265	0.00900
12	0.00896	0.00768	0.00768	0.00768	0.01025	0.00640	0.00576	0.01089	0.01729	0.02049	0.07684	0.07300	0.68304	0.01921	0.00896	0.00256	0.00384	0.01601	0.00704	0.00640
13	0.00924	0.00660	0.00880	0.01056	0.01100	0.00616	0.00704	0.01056	0.01452	0.01936	0.04181	0.72848	0.05017	0.02376	0.00968	0.00308	0.00440	0.02156	0.00704	0.00616
14	0.02072	0.41479	0.11662	0.01576	0.02214	0.12291	0.04754	0.02421	0.01731	0.05735	0.06391	0.01746	0.01506	0.00762	0.00612	0.00192	0.00911	0.00556	0.00410	0.00979
15	0.05955	0.02130	0.02184	0.02549	0.22085	0.20326	0.01605	0.11837	0.04500	0.02663	0.01965	0.06579	0.01819	0.01042	0.00773	0.00241	0.00938	0.09283	0.00518	0.01007
16	0.00924	0.00660	0.00880	0.01056	0.01100	0.00616	0.00704	0.01056	0.01452	0.01936	0.04181	0.72848	0.05017	0.02376	0.00968	0.00308	0.00440	0.02156	0.00704	0.00616
17	0.78701	0.01467	0.01115	0.00997	0.01467	0.01702	0.00821	0.02230	0.01291	0.03403	0.01056	0.01232	0.00821	0.00704	0.00469	0.00235	0.00587	0.00411	0.00469	0.00821

[dist]
# distance from previous block
# <min> <max>
0	1

[block]
# block no. 6 follows, 26 sequences, length 39
# corresponding to MSA columns:
# 427-465
name=unknown_G
#
# <colnr> <probs for GDERKNQSTAVLIFYWHMCP>
#	G	D	E	R	K	N	Q	S	T	A	V	L	I	F	Y	W	H	M	C	P
0	0.72551	0.01458	0.01154	0.01026	0.01481	0.01683	0.00838	0.04620	0.01365	0.03368	0.01096	0.01300	0.00860	0.00793	0.00585	0.03497	0.00599	0.00432	0.00475	0.00819
1	0.00923	0.00665	0.00875	0.01043	0.01097	0.00617	0.00698	0.01058	0.01465	0.01941	0.04341	0.69841	0.07920	0.02355	0.00965	0.00306	0.00438	0.02131	0.00704	0.00617
2	0.01655	0.22365	0.52143	0.01934	0.02930	0.02089	0.02405	0.02368	0.01586	0.02239	0.01280	0.01500	0.00964	0.00702	0.00659	0.00220	0.01039	0.00520	0.00321	0.01082
3	0.01035	0.00765	0.00966	0.00934	0.01114	0.00696	0.00694	0.01349	0.02028	0.02802	0.53869	0.11298	0.16291	0.01673	0.00901	0.00247	0.00368	0.01469	0.00805	0.00696
4	0.40250	0.01397	0.01599	0.29505	0.02991	0.01658	0.01349	0.02153	0.04723	0.02741	0.01563	0.01894	0.03893	0.00795	0.00620	0.00244	0.00750	0.00591	0.00441	0.00841
5	0.01365	0.01127	0.03596	0.11316	0.09072	0.01077	0.01219	0.01844	0.04787	0.05503	0.39723	0.04576	0.04850	0.01311	0.00855	0.00247	0.00577	0.05420	0.00693	0.00841
6	0.02274	0.02015	0.08350	0.01937	0.06045	0.01932	0.07504	0.39216	0.02797	0.03800	0.08631	0.04603	0.02027	0.04234	0.00928	0.00258	0.00840	0.00827	0.00655	0.01127
7	0.59487	0.07751	0.03685	0.01199	0.01728	0.01834	0.03458	0.05864	0.01504	0.06017	0.01207	0.01363	0.00921	0.00719	0.00523	0.00229	0.00665	0.00463	0.00485	0.00897
8	0.15394	0.03612	0.02159	0.05199	0.02282	0.06763	0.07476	0.13378	0.01920	0.12127	0.01595	0.01849	0.01218	0.01196	0.05545	0.00307	0.12612	0.00642	0.00533	0.04191
9	0.05239	0.00907	0.01118	0.01048	0.01296	0.00867	0.00814	0.01789	0.05335	0.09138	0.42644	0.07442	0.11132	0.01527	0.00870	0.00252	0.00443	0.06556	0.00796	0.00789
10	0.01026	0.00765	0.00940	0.00910	0.01090	0.00694	0.00670	0.01314	0.01958	0.02670	0.47280	0.09675	0.21011	0.05372	0.01052	0.00272	0.00388	0.01454	0.00778	0.00680
11	0.01171	0.00893	0.01300	0.04768	0.01528	0.01058	0.01000	0.01400	0.01242	0.01799	0.02030	0.06699	0.01966	0.08285	0.47181	0.04167	0.08080	0.00870	0.03892	0.00671
12	0.66643	0.01494	0.01252	0.01080	0.01569	0.01690	0.00890	0.06584	0.01524	0.09649	0.01288	0.01397	0.00951	0.00740	0.00516	0.00234	0.00609	0.00462	0.00532	0.00896
13	0.01612	0.01531	0.02769	0.07889	0.02791	0.01673	0.25362	0.01988	0.01532	0.05467	0.01963	0.14932	0.01882	0.01434	0.05092	0.00336	0.19378	0.01036	0.00454	0.00879
14	0.01432	0.01348	0.02275	0.71520	0.05224	0.01685	0.02107	0.01938	0.01517	0.01938	0.01348	0.02022	0.01011	0.00758	0.00758	0.00253	0.01011	0.00674	0.00337	0.00843
15	0.01462	0.01182	0.01978	0.23821	0.05573	0.01336	0.08377	0.01658	0.01365	0.01875	0.01527	0.02431	0.01349	0.01479	0.01654	0.25665	0.07470	0.03577	0.05529	0.00692
16	0.78701	0.01467	0.01115	0.00997	0.01467	0.01702	0.00821	0.02230	0.01291	0.03403	0.01056	0.01232	0.00821	0.00704	0.00469	0.00235	0.00587	0.00411	0.00469	0.00821
17	0.05038	0.29434	0.30592	0.01731	0.02541	0.02170	0.04581	0.04893	0.01672	0.05350	0.01462	0.04729	0.01206	0.00782	0.00645	0.00214	0.00926	0.00597	0.00394	0.01041
18	0.01907	0.01489	0.01610	0.01371	0.01786	0.01606	0.01093	0.25092	0.20223	0.03470	0.12556	0.03949	0.16190	0.01273	0.00818	0.00247	0.00609	0.02916	0.00760	0.01036
19	0.01740	0.01672	0.02783	0.20786	0.44375	0.01841	0.02187	0.02167	0.01602	0.02261	0.01352	0.01885	0.01128	0.00780	0.00978	0.00246	0.10120	0.00674	0.00360	0.01065
20	0.02326	0.01058	0.01382	0.01139	0.01557	0.00922	0.00911	0.02619	0.02087	0.39286	0.21660	0.04253	0.14973	0.01278	0.00822	0.00240	0.00521	0.01076	0.00869	0.01019
21	0.01094	0.00772	0.01011	0.01011	0.01075	0.00835	0.00689	0.01221	0.01157	0.01607	0.02222	0.04033	0.02354	0.41616	0.35036	0.00962	0.01343	0.00967	0.00435	0.00562
22	0.01318	0.00659	0.00988	0.00988	0.00988	0.00659	0.00659	0.00988	0.00988	0.01318	0.01318	0.02306	0.01318	0.02635	0.02964	0.77931	0.00659	0.00659	0.00329	0.00329
23	0.21565	0.01963	0.01990	0.01561	0.02134	0.02192	0.01289	0.50349	0.03006	0.04441	0.01633	0.01676	0.01174	0.00860	0.00687	0.00229	0.00774	0.00616	0.00687	0.01174
24	0.01012	0.00718	0.00907	0.03131	0.01127	0.00699	0.00654	0.01121	0.01371	0.01826	0.06838	0.40226	0.06172	0.28316	0.02017	0.00458	0.00560	0.01666	0.00610	0.00572
25	0.02224	0.15507	0.02077	0.01310	0.01780	0.01925	0.01107	0.32118	0.02510	0.03545	0.01893	0.02043	0.01449	0.00851	0.00629	0.00198	0.00668	0.00637	0.26497	0.01033
26	0.01846	0.01805	0.02911	0.15271	0.55657	0.04660	0.02256	0.02295	0.01711	0.02365	0.01403	0.01879	0.01162	0.00694	0.00749	0.00228	0.00938	0.00668	0.00370	0.01130
27	0.01386	0.01147	0.01480	0.01333	0.01368	0.01417	0.00988	0.04105	0.01236	0.01764	0.01815	0.03443	0.01970	0.38273	0.08042	0.00597	0.27668	0.00899	0.00420	0.00650
28	0.01885	0.54086	0.22436	0.01542	0.02324	0.02652	0.01722	0.02308	0.01558	0.01959	0.01141	0.01325	0.00970	0.00669	0.00553	0.00184	0.00899	0.00449	0.00323	0.01015
29	0.04058	0.01979	0.04961	0.23796	0.09215	0.09866	0.20559	0.06655	0.01827	0.02381	0.01526	0.02181	0.01230	0.00803	0.00837	0.00248	0.02918	0.03589	0.00409	0.00961
30	0.06634	0.02017	0.02147	0.01683	0.02257	0.02239	0.01389	0.56996	0.06930	0.04528	0.01933	0.02095	0.01436	0.00950	0.00755	0.00234	0.00804	0.02990	0.00743	0.01239
31	0.14144	0.08099	0.02478	0.33667	0.08843	0.01777	0.08572	0.02187	0.01565	0.05713	0.01384	0.01816	0.01057	0.00719	0.00690	0.00231	0.00901	0.00623	0.00402	0.05131
