[name]
unknown

[dist]
# distance from previous block
# <min> <max>
14	446

[block]
# block no. 0 follows, 21 sequences, length 129
# corresponding to MSA columns:
# 452-580
name=unknown_A
#
# <colnr> <probs for GDERKNQSTAVLIFYWHMCP>
#	G	D	E	R	K	N	Q	S	T	A	V	L	I	F	Y	W	H	M	C	P
0	0.02505	0.07859	0.02159	0.01678	0.04901	0.01735	0.01283	0.15451	0.08233	0.17538	0.05857	0.10808	0.02558	0.03888	0.00972	0.00272	0.00743	0.01005	0.00779	0.09776
1	0.02467	0.02109	0.12043	0.01700	0.02377	0.01696	0.01548	0.21590	0.02582	0.14509	0.02540	0.13363	0.02169	0.01198	0.00845	0.00251	0.00821	0.00989	0.00737	0.14467
2	0.02280	0.01918	0.05846	0.01687	0.02349	0.01712	0.04436	0.23312	0.02622	0.06317	0.05679	0.08567	0.02150	0.01056	0.00812	0.00223	0.00794	0.00884	0.00690	0.26666
3	0.03178	0.02355	0.02522	0.01946	0.02617	0.02612	0.01604	0.58996	0.07044	0.05271	0.02116	0.02101	0.01506	0.01028	0.00852	0.00257	0.00923	0.00776	0.00852	0.01442
4	0.02528	0.01754	0.01995	0.01591	0.02176	0.01762	0.01274	0.24425	0.10303	0.12379	0.06020	0.08658	0.02390	0.01145	0.00834	0.00240	0.00735	0.00938	0.00801	0.18051
5	0.01421	0.00947	0.01380	0.01340	0.01527	0.01051	0.01035	0.01717	0.01505	0.07035	0.05931	0.03594	0.02513	0.08962	0.54579	0.01190	0.01975	0.00960	0.00534	0.00804
6	0.01862	0.01862	0.02607	0.02234	0.02234	0.02607	0.01862	0.02048	0.01303	0.02048	0.01117	0.01862	0.01117	0.01489	0.02793	0.00372	0.68535	0.00745	0.00372	0.00931
7	0.02119	0.01668	0.01835	0.05429	0.02176	0.01860	0.01243	0.18886	0.25579	0.03440	0.03050	0.03656	0.05571	0.17713	0.01701	0.00408	0.00795	0.01007	0.00745	0.01118
8	0.01238	0.00825	0.00928	0.00928	0.00928	0.00825	0.00516	0.01238	0.01238	0.01650	0.02681	0.05569	0.03094	0.70092	0.04331	0.00825	0.00825	0.01238	0.00516	0.00516
9	0.02227	0.05025	0.02655	0.01965	0.02479	0.02107	0.09551	0.18427	0.02293	0.03296	0.01691	0.02048	0.01358	0.00994	0.01257	0.00252	0.17261	0.00726	0.07457	0.16931
10	0.02214	0.54264	0.12104	0.01587	0.02338	0.06660	0.01638	0.02584	0.01780	0.02163	0.01325	0.01533	0.01152	0.00762	0.00596	0.00196	0.00962	0.00502	0.04549	0.01091
11	0.02226	0.01539	0.01840	0.01340	0.02074	0.01224	0.01082	0.05180	0.01993	0.14964	0.01892	0.01995	0.01432	0.00729	0.00684	0.00158	0.00662	0.00584	0.00626	0.57776
12	0.08970	0.01724	0.05483	0.01588	0.02226	0.01559	0.01355	0.04029	0.17472	0.41604	0.03110	0.02785	0.02078	0.01044	0.00830	0.00270	0.00736	0.00838	0.00926	0.01371
13	0.02197	0.41605	0.25066	0.01826	0.02716	0.06052	0.02031	0.02713	0.01819	0.05051	0.01403	0.01588	0.01132	0.00777	0.00660	0.00217	0.01052	0.00537	0.00397	0.01159
14	0.01173	0.00895	0.01083	0.01068	0.01281	0.00829	0.00788	0.01588	0.05173	0.02947	0.38025	0.16373	0.21709	0.01959	0.01010	0.00286	0.00437	0.01711	0.00874	0.00791
15	0.10377	0.01502	0.04363	0.08653	0.05106	0.01459	0.01323	0.05634	0.09577	0.09179	0.23449	0.06134	0.03924	0.01262	0.00865	0.00266	0.00678	0.01068	0.00755	0.04424
16	0.01621	0.01368	0.02102	0.12640	0.02671	0.01462	0.09568	0.09835	0.02012	0.02709	0.06186	0.28121	0.03391	0.04601	0.04569	0.00383	0.03717	0.01489	0.00644	0.00910
17	0.01134	0.00782	0.00959	0.01060	0.01086	0.00756	0.00657	0.01210	0.01439	0.01919	0.03717	0.38527	0.04400	0.35352	0.02659	0.00578	0.00654	0.01846	0.00657	0.00606
18	0.01607	0.01513	0.02552	0.68047	0.05861	0.01891	0.02363	0.02174	0.01702	0.02174	0.01513	0.02269	0.01134	0.00851	0.00851	0.00284	0.01134	0.00756	0.00378	0.00945
19	0.08653	0.02139	0.02366	0.05268	0.06158	0.02379	0.01586	0.42878	0.09026	0.04670	0.02090	0.02162	0.01525	0.00991	0.00815	0.00258	0.00880	0.00761	0.04058	0.01337
20	0.01881	0.05688	0.06653	0.14556	0.03732	0.02327	0.22930	0.02366	0.01669	0.02338	0.01424	0.02058	0.01178	0.01030	0.01600	0.00311	0.26014	0.00817	0.00393	0.01034
21	0.01034	0.00753	0.00975	0.01153	0.01226	0.00694	0.00776	0.01189	0.01660	0.02185	0.05082	0.63429	0.11484	0.02615	0.01078	0.00340	0.00487	0.02357	0.00790	0.00694
22	0.01054	0.00753	0.01008	0.01205	0.01262	0.00706	0.00821	0.01215	0.01647	0.02192	0.04681	0.66388	0.05590	0.02650	0.01091	0.00348	0.00509	0.05395	0.00790	0.00696
23	0.02682	0.06224	0.02673	0.11247	0.06286	0.11992	0.04439	0.27920	0.02819	0.06285	0.01851	0.02123	0.01406	0.01398	0.06541	0.00348	0.01186	0.00741	0.00629	0.01210
24	0.01478	0.00739	0.01109	0.01109	0.01109	0.00739	0.00739	0.01109	0.01109	0.01478	0.01478	0.02587	0.01478	0.02956	0.03326	0.75240	0.00739	0.00739	0.00370	0.00370
25	0.01216	0.00912	0.01368	0.01368	0.01520	0.01064	0.01064	0.01520	0.01368	0.01976	0.02279	0.03343	0.02127	0.06382	0.66720	0.01368	0.02279	0.00912	0.00456	0.00760
26	0.02277	0.64368	0.07820	0.01538	0.02285	0.05685	0.01558	0.02589	0.01759	0.02044	0.01207	0.01396	0.01091	0.00738	0.00569	0.00188	0.00953	0.00468	0.00367	0.01097
27	0.01987	0.02270	0.09675	0.07428	0.21203	0.02058	0.26433	0.05464	0.01989	0.02769	0.01791	0.05610	0.01499	0.00905	0.01030	0.00282	0.05042	0.00931	0.00454	0.01182
28	0.09529	0.08809	0.29724	0.02015	0.02871	0.08519	0.02145	0.08728	0.13910	0.03112	0.01868	0.01985	0.01394	0.00894	0.00770	0.00259	0.01053	0.00668	0.00529	0.01219
29	0.02102	0.02034	0.03521	0.05154	0.62211	0.02028	0.05131	0.02617	0.01941	0.02778	0.01606	0.02114	0.01346	0.00757	0.00849	0.00254	0.01029	0.00769	0.00422	0.01339
30	0.01607	0.01513	0.02552	0.68047	0.05861	0.01891	0.02363	0.02174	0.01702	0.02174	0.01513	0.02269	0.01134	0.00851	0.00851	0.00284	0.01134	0.00756	0.00378	0.00945
31	0.01875	0.09445	0.57137	0.02296	0.03477	0.02044	0.02901	0.02768	0.01829	0.06303	0.01607	0.01827	0.01139	0.00816	0.00791	0.00262	0.01199	0.00628	0.00400	0.01256
32	0.01037	0.00741	0.00987	0.01185	0.01234	0.00691	0.00790	0.01185	0.01629	0.02172	0.04690	0.69537	0.05629	0.02666	0.01086	0.00346	0.00494	0.02419	0.00790	0.00691
33	0.01765	0.01513	0.01765	0.01260	0.02017	0.01134	0.01008	0.02143	0.01765	0.02773	0.01513	0.01765	0.01260	0.00630	0.00630	0.00126	0.00630	0.00504	0.00504	0.75295
34	0.01478	0.00739	0.01109	0.01109	0.01109	0.00739	0.00739	0.01109	0.01109	0.01478	0.01478	0.02587	0.01478	0.02956	0.03326	0.75240	0.00739	0.00739	0.00370	0.00370
35	0.01607	0.01513	0.02552	0.68047	0.05861	0.01891	0.02363	0.02174	0.01702	0.02174	0.01513	0.02269	0.01134	0.00851	0.00851	0.00284	0.01134	0.00756	0.00378	0.00945
36	0.02117	0.01828	0.01924	0.01732	0.02213	0.02117	0.01347	0.04522	0.63246	0.03560	0.03464	0.03175	0.02598	0.01155	0.00866	0.00289	0.00673	0.00962	0.00866	0.01347
37	0.01284	0.00817	0.01094	0.01216	0.01332	0.00757	0.00850	0.01478	0.01774	0.07275	0.09829	0.56359	0.05534	0.02445	0.01064	0.00334	0.00515	0.04454	0.00823	0.00764
38	0.06824	0.01456	0.01945	0.01498	0.02151	0.01278	0.01237	0.04079	0.02395	0.62814	0.03267	0.02834	0.02057	0.01042	0.00842	0.00263	0.00721	0.00839	0.01031	0.01426
39	0.01283	0.01283	0.08135	0.01419	0.01696	0.01002	0.01227	0.01752	0.05117	0.02617	0.14445	0.29592	0.07412	0.02126	0.01052	0.00332	0.00646	0.17263	0.00771	0.00832
40	0.02177	0.01809	0.02093	0.05432	0.07855	0.02052	0.01505	0.04216	0.51622	0.06588	0.03196	0.03021	0.02388	0.01099	0.00863	0.00284	0.00729	0.00928	0.00812	0.01332
41	0.01707	0.04402	0.65683	0.02426	0.03683	0.01976	0.03144	0.02695	0.01797	0.02695	0.01527	0.01797	0.01078	0.00809	0.00809	0.00270	0.01258	0.00629	0.00359	0.01258
42	0.02445	0.02047	0.02775	0.02335	0.09429	0.02007	0.10798	0.26914	0.02742	0.03833	0.01773	0.01998	0.01352	0.00819	0.00802	0.00218	0.00922	0.00717	0.00627	0.25448
43	0.05637	0.67464	0.04313	0.01441	0.02160	0.03301	0.01432	0.02546	0.01716	0.02085	0.01183	0.01366	0.01084	0.00731	0.00545	0.00186	0.00899	0.00455	0.00371	0.01084
44	0.01162	0.04505	0.01192	0.01046	0.01272	0.00888	0.00784	0.01446	0.02065	0.02728	0.30959	0.19266	0.25602	0.02007	0.00997	0.00285	0.00456	0.01741	0.00830	0.00768
45	0.03024	0.15486	0.02763	0.02066	0.02554	0.55802	0.01612	0.03252	0.02294	0.02069	0.01293	0.01506	0.01095	0.00851	0.00729	0.00213	0.01427	0.00532	0.00426	0.01005
46	0.01179	0.01010	0.01159	0.01279	0.06237	0.00911	0.00859	0.01564	0.05497	0.02537	0.14158	0.07214	0.49469	0.01940	0.00985	0.00282	0.00487	0.01637	0.00782	0.00814
47	0.01628	0.01534	0.02591	0.65368	0.08374	0.01896	0.02374	0.02193	0.01712	0.02200	0.01516	0.02262	0.01144	0.00847	0.00850	0.00282	0.01129	0.00756	0.00380	0.00963
48	0.02053	0.01773	0.01864	0.01682	0.02152	0.02037	0.01307	0.04333	0.59743	0.03488	0.03758	0.03462	0.06132	0.01212	0.00874	0.00289	0.00660	0.01010	0.00862	0.01311
49	0.01216	0.00912	0.01368	0.01368	0.01520	0.01064	0.01064	0.01520	0.01368	0.01976	0.02279	0.03343	0.02127	0.06382	0.66720	0.01368	0.02279	0.00912	0.00456	0.00760
50	0.17654	0.01486	0.01836	0.01439	0.02072	0.01377	0.01188	0.03832	0.02247	0.53591	0.02942	0.02607	0.01880	0.01003	0.00793	0.00263	0.00712	0.00780	0.00952	0.01347
51	0.01204	0.00870	0.01138	0.01071	0.01271	0.00803	0.00803	0.01606	0.02409	0.03413	0.64335	0.06357	0.08030	0.01740	0.01004	0.00268	0.00401	0.01539	0.00937	0.00803
52	0.01478	0.00739	0.01109	0.01109	0.01109	0.00739	0.00739	0.01109	0.01109	0.01478	0.01478	0.02587	0.01478	0.02956	0.03326	0.75240	0.00739	0.00739	0.00370	0.00370
53	0.01204	0.00870	0.01138	0.01071	0.01271	0.00803	0.00803	0.01606	0.02409	0.03413	0.64335	0.06357	0.08030	0.01740	0.01004	0.00268	0.00401	0.01539	0.00937	0.00803
54	0.03235	0.02384	0.02554	0.01958	0.02639	0.02639	0.01618	0.61946	0.04001	0.05363	0.02043	0.02043	0.01447	0.01022	0.00851	0.00255	0.00936	0.00766	0.00851	0.01447
55	0.01707	0.04402	0.65683	0.02426	0.03683	0.01976	0.03144	0.02695	0.01797	0.02695	0.01527	0.01797	0.01078	0.00809	0.00809	0.00270	0.01258	0.00629	0.00359	0.01258
56	0.01046	0.00864	0.00918	0.00904	0.01174	0.00736	0.00678	0.01299	0.02035	0.02525	0.19932	0.07818	0.52986	0.02071	0.01005	0.00283	0.00425	0.01744	0.00820	0.00736
57	0.01371	0.00980	0.01371	0.01567	0.01763	0.00980	0.01371	0.01763	0.01959	0.02547	0.04506	0.09599	0.04898	0.02351	0.01175	0.00392	0.00784	0.59056	0.00784	0.00784
58	0.01037	0.00741	0.00987	0.01185	0.01234	0.00691	0.00790	0.01185	0.01629	0.02172	0.04690	0.69537	0.05629	0.02666	0.01086	0.00346	0.00494	0.02419	0.00790	0.00691
59	0.02009	0.02296	0.05022	0.03587	0.04448	0.02152	0.61693	0.02726	0.02009	0.02726	0.01722	0.02296	0.01291	0.00717	0.01004	0.00287	0.01435	0.01004	0.00430	0.01148
60	0.02009	0.02296	0.05022	0.03587	0.04448	0.02152	0.61693	0.02726	0.02009	0.02726	0.01722	0.02296	0.01291	0.00717	0.01004	0.00287	0.01435	0.01004	0.00430	0.01148
61	0.02117	0.01828	0.01924	0.01732	0.02213	0.02117	0.01347	0.04522	0.63246	0.03560	0.03464	0.03175	0.02598	0.01155	0.00866	0.00289	0.00673	0.00962	0.00866	0.01347
62	0.02009	0.02296	0.05022	0.03587	0.04448	0.02152	0.61693	0.02726	0.02009	0.02726	0.01722	0.02296	0.01291	0.00717	0.01004	0.00287	0.01435	0.01004	0.00430	0.01148
63	0.01204	0.00870	0.01138	0.01071	0.01271	0.00803	0.00803	0.01606	0.02409	0.03413	0.64335	0.06357	0.08030	0.01740	0.01004	0.00268	0.00401	0.01539	0.00937	0.00803
64	0.03789	0.01494	0.02004	0.01536	0.02195	0.01319	0.01269	0.07001	0.02513	0.62411	0.03292	0.02854	0.02074	0.01052	0.00856	0.00263	0.00735	0.00851	0.01043	0.01448
65	0.02117	0.01828	0.01924	0.01732	0.02213	0.02117	0.01347	0.04522	0.63246	0.03560	0.03464	0.03175	0.02598	0.01155	0.00866	0.00289	0.00673	0.00962	0.00866	0.01347
66	0.01204	0.00870	0.01138	0.01071	0.01271	0.00803	0.00803	0.01606	0.02409	0.03413	0.64335	0.06357	0.08030	0.01740	0.01004	0.00268	0.00401	0.01539	0.00937	0.00803
67	0.01419	0.01223	0.01681	0.02144	0.17336	0.01168	0.01315	0.01864	0.05014	0.02631	0.11198	0.06479	0.29909	0.01748	0.00987	0.00295	0.00647	0.11302	0.00714	0.00927
68	0.02218	0.63929	0.10633	0.01554	0.02335	0.03227	0.01626	0.02563	0.01736	0.02072	0.01218	0.01409	0.01091	0.00736	0.00573	0.00191	0.00945	0.00473	0.00364	0.01109
69	0.01216	0.00912	0.01368	0.01368	0.01520	0.01064	0.01064	0.01520	0.01368	0.01976	0.02279	0.03343	0.02127	0.06382	0.66720	0.01368	0.02279	0.00912	0.00456	0.00760
70	0.01217	0.00908	0.01350	0.01350	0.01496	0.01054	0.01042	0.01509	0.01363	0.01963	0.02295	0.03431	0.02166	0.08897	0.64258	0.01346	0.02222	0.00925	0.00458	0.00750
71	0.02841	0.03536	0.02263	0.02175	0.05623	0.54779	0.01564	0.03075	0.02326	0.02147	0.02281	0.02430	0.09353	0.01037	0.00802	0.00230	0.01364	0.00721	0.00483	0.00970
72	0.01888	0.01800	0.03061	0.32646	0.39064	0.01965	0.02503	0.02421	0.01835	0.02516	0.01562	0.02177	0.01255	0.00799	0.00846	0.00266	0.01065	0.00757	0.00402	0.01172
73	0.01478	0.00739	0.01109	0.01109	0.01109	0.00739	0.00739	0.01109	0.01109	0.01478	0.01478	0.02587	0.01478	0.02956	0.03326	0.75240	0.00739	0.00739	0.00370	0.00370
74	0.01354	0.00967	0.01352	0.01548	0.01736	0.00965	0.01342	0.01734	0.01942	0.02528	0.04515	0.12671	0.04935	0.02367	0.01171	0.00389	0.00769	0.56154	0.00784	0.00779
75	0.02106	0.02022	0.03454	0.05223	0.64784	0.02022	0.02612	0.02612	0.01938	0.02780	0.01601	0.02106	0.01348	0.00758	0.00842	0.00253	0.01011	0.00758	0.00421	0.01348
76	0.01722	0.01850	0.07720	0.49357	0.18370	0.01926	0.02478	0.02309	0.01760	0.02346	0.01533	0.02197	0.01176	0.00828	0.00846	0.00276	0.01118	0.00747	0.00386	0.01057
77	0.01487	0.00743	0.01084	0.01084	0.01099	0.00743	0.00728	0.01178	0.01162	0.01612	0.01580	0.02633	0.01534	0.02802	0.03111	0.69328	0.00712	0.00743	0.06234	0.00403
78	0.01765	0.01513	0.01765	0.01260	0.02017	0.01134	0.01008	0.02143	0.01765	0.02773	0.01513	0.01765	0.01260	0.00630	0.00630	0.00126	0.00630	0.00504	0.00504	0.75295
79	0.02172	0.01856	0.01956	0.01743	0.02234	0.02143	0.01360	0.07370	0.60308	0.03649	0.03393	0.03119	0.02541	0.01148	0.00865	0.00287	0.00687	0.00952	0.00865	0.01352
80	0.07105	0.00931	0.01146	0.01074	0.01301	0.00890	0.00812	0.01676	0.02333	0.03445	0.59360	0.05965	0.07470	0.01665	0.00966	0.00267	0.00422	0.01454	0.00904	0.00812
81	0.02113	0.02607	0.13918	0.03118	0.03968	0.02214	0.41425	0.10390	0.02195	0.03026	0.01699	0.02161	0.01269	0.00815	0.01056	0.00285	0.05177	0.00901	0.00471	0.01191
82	0.02224	0.49479	0.04080	0.02457	0.18603	0.02957	0.01754	0.02655	0.04591	0.02277	0.01397	0.01642	0.01228	0.00755	0.00638	0.00205	0.00926	0.00558	0.00402	0.01171
83	0.01080	0.00745	0.00972	0.01154	0.01215	0.00699	0.00775	0.01248	0.01642	0.02251	0.04540	0.64309	0.05357	0.02534	0.01047	0.00334	0.00486	0.02291	0.06622	0.00699
84	0.03582	0.01452	0.01925	0.01493	0.02101	0.01295	0.01213	0.07164	0.02429	0.56983	0.03230	0.03059	0.02147	0.06490	0.01129	0.00307	0.00744	0.00881	0.01000	0.01375
85	0.03064	0.02199	0.16973	0.01734	0.02535	0.01501	0.01695	0.05782	0.04923	0.40813	0.02738	0.02529	0.01795	0.00966	0.00827	0.00255	0.00848	0.00776	0.00831	0.07217
86	0.03599	0.01393	0.01897	0.01488	0.02099	0.01207	0.01214	0.03914	0.02372	0.60394	0.03462	0.08146	0.02384	0.01180	0.00874	0.00270	0.00706	0.00979	0.01033	0.01389
87	0.02377	0.01957	0.02071	0.01784	0.02312	0.02238	0.01410	0.17870	0.49475	0.03979	0.03134	0.02912	0.02330	0.01124	0.00863	0.00281	0.00735	0.00917	0.00863	0.01370
88	0.01046	0.00767	0.00983	0.01133	0.01226	0.00704	0.00772	0.01223	0.01732	0.02287	0.09911	0.56408	0.13633	0.02525	0.01069	0.00332	0.00478	0.02267	0.00802	0.00704
89	0.01746	0.04132	0.57909	0.02574	0.03781	0.01999	0.10647	0.02699	0.01824	0.02699	0.01552	0.01861	0.01105	0.00797	0.00834	0.00272	0.01280	0.00677	0.00368	0.01244
90	0.01731	0.07268	0.63032	0.02384	0.03618	0.02037	0.03071	0.02689	0.01794	0.02665	0.01512	0.01778	0.01079	0.00805	0.00797	0.00266	0.01243	0.00621	0.00360	0.01251
91	0.01204	0.00870	0.01138	0.01071	0.01271	0.00803	0.00803	0.01606	0.02409	0.03413	0.64335	0.06357	0.08030	0.01740	0.01004	0.00268	0.00401	0.01539	0.00937	0.00803
92	0.03179	0.04056	0.02412	0.02192	0.02631	0.66676	0.01644	0.03398	0.02412	0.02083	0.01315	0.01535	0.01096	0.00877	0.00767	0.00219	0.01535	0.00548	0.00438	0.00987
93	0.01961	0.02416	0.09656	0.07262	0.04470	0.02123	0.53613	0.02691	0.01974	0.02691	0.01694	0.02255	0.01265	0.00732	0.00980	0.00285	0.01403	0.00960	0.00422	0.01145
94	0.01351	0.00973	0.01343	0.01528	0.01729	0.00965	0.01331	0.01733	0.01958	0.02533	0.04737	0.09520	0.08242	0.02340	0.01166	0.00386	0.00764	0.55840	0.00784	0.00780
95	0.01478	0.00739	0.01109	0.01109	0.01109	0.00739	0.00739	0.01109	0.01109	0.01478	0.01478	0.02587	0.01478	0.02956	0.03326	0.75240	0.00739	0.00739	0.00370	0.00370
96	0.03731	0.01588	0.02061	0.01580	0.02242	0.01458	0.01306	0.12783	0.02670	0.56407	0.03161	0.02769	0.02008	0.01049	0.00855	0.00262	0.00756	0.00842	0.01023	0.01448
97	0.76103	0.01646	0.01251	0.01119	0.01646	0.01909	0.00922	0.02502	0.01448	0.03818	0.01185	0.01382	0.00922	0.00790	0.00527	0.00263	0.00658	0.00461	0.00527	0.00922
98	0.01037	0.00741	0.00987	0.01185	0.01234	0.00691	0.00790	0.01185	0.01629	0.02172	0.04690	0.69537	0.05629	0.02666	0.01086	0.00346	0.00494	0.02419	0.00790	0.00691
99	0.76103	0.01646	0.01251	0.01119	0.01646	0.01909	0.00922	0.02502	0.01448	0.03818	0.01185	0.01382	0.00922	0.00790	0.00527	0.00263	0.00658	0.00461	0.00527	0.00922
100	0.01216	0.00912	0.01368	0.01368	0.01520	0.01064	0.01064	0.01520	0.01368	0.01976	0.02279	0.03343	0.02127	0.06382	0.66720	0.01368	0.02279	0.00912	0.00456	0.00760
101	0.01216	0.00912	0.01368	0.01368	0.01520	0.01064	0.01064	0.01520	0.01368	0.01976	0.02279	0.03343	0.02127	0.06382	0.66720	0.01368	0.02279	0.00912	0.00456	0.00760
102	0.03235	0.02384	0.02554	0.01958	0.02639	0.02639	0.01618	0.61946	0.04001	0.05363	0.02043	0.02043	0.01447	0.01022	0.00851	0.00255	0.00936	0.00766	0.00851	0.01447
103	0.01607	0.01513	0.02552	0.68047	0.05861	0.01891	0.02363	0.02174	0.01702	0.02174	0.01513	0.02269	0.01134	0.00851	0.00851	0.00284	0.01134	0.00756	0.00378	0.00945
104	0.76103	0.01646	0.01251	0.01119	0.01646	0.01909	0.00922	0.02502	0.01448	0.03818	0.01185	0.01382	0.00922	0.00790	0.00527	0.00263	0.00658	0.00461	0.00527	0.00922
105	0.01843	0.01753	0.02978	0.38394	0.33673	0.01953	0.02481	0.02381	0.01813	0.02460	0.01554	0.02192	0.01235	0.00807	0.00847	0.00269	0.01076	0.00757	0.00398	0.01135
106	0.01607	0.01513	0.02552	0.68047	0.05861	0.01891	0.02363	0.02174	0.01702	0.02174	0.01513	0.02269	0.01134	0.00851	0.00851	0.00284	0.01134	0.00756	0.00378	0.00945
107	0.01037	0.00741	0.00987	0.01185	0.01234	0.00691	0.00790	0.01185	0.01629	0.02172	0.04690	0.69537	0.05629	0.02666	0.01086	0.00346	0.00494	0.02419	0.00790	0.00691
108	0.01831	0.01826	0.02638	0.02242	0.02287	0.02499	0.04354	0.02047	0.01337	0.02073	0.01209	0.01965	0.01182	0.01736	0.06370	0.00426	0.61903	0.00765	0.00380	0.00930
109	0.01707	0.04402	0.65683	0.02426	0.03683	0.01976	0.03144	0.02695	0.01797	0.02695	0.01527	0.01797	0.01078	0.00809	0.00809	0.00270	0.01258	0.00629	0.00359	0.01258
110	0.76103	0.01646	0.01251	0.01119	0.01646	0.01909	0.00922	0.02502	0.01448	0.03818	0.01185	0.01382	0.00922	0.00790	0.00527	0.00263	0.00658	0.00461	0.00527	0.00922
111	0.03764	0.01535	0.02029	0.01555	0.02216	0.01380	0.01285	0.09531	0.02582	0.59784	0.03235	0.02817	0.02045	0.01050	0.00855	0.00263	0.00744	0.00847	0.01034	0.01448
112	0.02018	0.02268	0.04863	0.03752	0.10539	0.02139	0.55728	0.02714	0.02001	0.02731	0.01709	0.02276	0.01297	0.00721	0.00988	0.00283	0.01392	0.00979	0.00429	0.01168
113	0.02106	0.02022	0.03454	0.05223	0.64784	0.02022	0.02612	0.02612	0.01938	0.02780	0.01601	0.02106	0.01348	0.00758	0.00842	0.00253	0.01011	0.00758	0.00421	0.01348
114	0.01204	0.00870	0.01138	0.01071	0.01271	0.00803	0.00803	0.01606	0.02409	0.03413	0.64335	0.06357	0.08030	0.01740	0.01004	0.00268	0.00401	0.01539	0.00937	0.00803
115	0.01204	0.00870	0.01138	0.01071	0.01271	0.00803	0.00803	0.01606	0.02409	0.03413	0.64335	0.06357	0.08030	0.01740	0.01004	0.00268	0.00401	0.01539	0.00937	0.00803
116	0.02631	0.02005	0.02223	0.05673	0.02557	0.02233	0.01498	0.39424	0.14666	0.04405	0.02638	0.11433	0.02213	0.01260	0.00886	0.00276	0.00839	0.01027	0.00818	0.01296
117	0.01770	0.08059	0.56012	0.02486	0.03672	0.02075	0.08927	0.02690	0.01814	0.02658	0.01527	0.01822	0.01100	0.00795	0.00813	0.00266	0.01255	0.00656	0.00367	0.01237
118	0.01037	0.00741	0.00987	0.01185	0.01234	0.00691	0.00790	0.01185	0.01629	0.02172	0.04690	0.69537	0.05629	0.02666	0.01086	0.00346	0.00494	0.02419	0.00790	0.00691
119	0.34627	0.08687	0.05079	0.02870	0.25898	0.02108	0.04334	0.02565	0.01700	0.03154	0.01379	0.01712	0.01123	0.00769	0.00680	0.00253	0.00874	0.00603	0.00460	0.01123
120	0.72801	0.01640	0.01308	0.04086	0.01833	0.01908	0.00986	0.02487	0.01460	0.03745	0.01199	0.01422	0.00931	0.00793	0.00541	0.00264	0.00679	0.00474	0.00520	0.00923
121	0.01900	0.02889	0.23444	0.06614	0.07264	0.02078	0.37759	0.02683	0.01924	0.02691	0.01645	0.02132	0.01221	0.00754	0.00928	0.00280	0.01344	0.00864	0.00405	0.01181
122	0.01371	0.00980	0.01371	0.01567	0.01763	0.00980	0.01371	0.01763	0.01959	0.02547	0.04506	0.09599	0.04898	0.02351	0.01175	0.00392	0.00784	0.59056	0.00784	0.00784
123	0.01765	0.01513	0.01765	0.01260	0.02017	0.01134	0.01008	0.02143	0.01765	0.02773	0.01513	0.01765	0.01260	0.00630	0.00630	0.00126	0.00630	0.00504	0.00504	0.75295
124	0.01838	0.05331	0.03295	0.36177	0.19156	0.02069	0.12696	0.02388	0.01797	0.02400	0.01538	0.02174	0.01209	0.00823	0.00932	0.00275	0.03639	0.00784	0.00396	0.01082
125	0.02193	0.01863	0.02021	0.05629	0.02467	0.02153	0.01432	0.09853	0.54008	0.03651	0.03214	0.03014	0.02403	0.01124	0.00864	0.00285	0.00725	0.00931	0.00836	0.01333
126	0.01953	0.01152	0.01454	0.01276	0.01626	0.01110	0.00991	0.02646	0.11798	0.17837	0.40773	0.05062	0.05815	0.01490	0.00948	0.00270	0.00518	0.01291	0.00953	0.01037
127	0.02161	0.32867	0.32843	0.01915	0.02884	0.02509	0.02225	0.02774	0.01830	0.08541	0.01557	0.01717	0.01185	0.00798	0.00699	0.00231	0.01054	0.00576	0.00429	0.01204
128	0.09983	0.22864	0.06336	0.01946	0.05969	0.02440	0.05079	0.17848	0.02434	0.14616	0.01866	0.01933	0.01374	0.00872	0.00734	0.00238	0.00913	0.00665	0.00635	0.01256

[dist]
# distance from previous block
# <min> <max>
0	1

[block]
# block no. 1 follows, 21 sequences, length 118
# corresponding to MSA columns:
# 582-699
name=unknown_B
#
# <colnr> <probs for GDERKNQSTAVLIFYWHMCP>
#	G	D	E	R	K	N	Q	S	T	A	V	L	I	F	Y	W	H	M	C	P
0	0.01047	0.00748	0.00997	0.01178	0.01237	0.00698	0.00791	0.01211	0.01677	0.02248	0.08332	0.65679	0.05775	0.02610	0.01081	0.00341	0.00488	0.02366	0.00799	0.00698
1	0.02052	0.01967	0.03356	0.12054	0.58377	0.02008	0.02585	0.02564	0.01912	0.02714	0.01591	0.02124	0.01325	0.00768	0.00843	0.00256	0.01024	0.00758	0.00417	0.01304
2	0.01934	0.02155	0.04522	0.03299	0.04020	0.02110	0.51712	0.02561	0.01912	0.02621	0.01840	0.06356	0.01538	0.00917	0.01196	0.00299	0.08400	0.01064	0.00446	0.01097
3	0.01037	0.00741	0.00987	0.01185	0.01234	0.00691	0.00790	0.01185	0.01629	0.02172	0.04690	0.69537	0.05629	0.02666	0.01086	0.00346	0.00494	0.02419	0.00790	0.00691
4	0.01765	0.01513	0.01765	0.01260	0.02017	0.01134	0.01008	0.02143	0.01765	0.02773	0.01513	0.01765	0.01260	0.00630	0.00630	0.00126	0.00630	0.00504	0.00504	0.75295
5	0.76103	0.01646	0.01251	0.01119	0.01646	0.01909	0.00922	0.02502	0.01448	0.03818	0.01185	0.01382	0.00922	0.00790	0.00527	0.00263	0.00658	0.00461	0.00527	0.00922
6	0.01204	0.00870	0.01138	0.01071	0.01271	0.00803	0.00803	0.01606	0.02409	0.03413	0.64335	0.06357	0.08030	0.01740	0.01004	0.00268	0.00401	0.01539	0.00937	0.00803
7	0.76103	0.01646	0.01251	0.01119	0.01646	0.01909	0.00922	0.02502	0.01448	0.03818	0.01185	0.01382	0.00922	0.00790	0.00527	0.00263	0.00658	0.00461	0.00527	0.00922
8	0.01607	0.01513	0.02552	0.68047	0.05861	0.01891	0.02363	0.02174	0.01702	0.02174	0.01513	0.02269	0.01134	0.00851	0.00851	0.00284	0.01134	0.00756	0.00378	0.00945
9	0.01216	0.00912	0.01368	0.01368	0.01520	0.01064	0.01064	0.01520	0.01368	0.01976	0.02279	0.03343	0.02127	0.06382	0.66720	0.01368	0.02279	0.00912	0.00456	0.00760
10	0.02117	0.01828	0.01924	0.01732	0.02213	0.02117	0.01347	0.04522	0.63246	0.03560	0.03464	0.03175	0.02598	0.01155	0.00866	0.00289	0.00673	0.00962	0.00866	0.01347
11	0.03818	0.01448	0.01975	0.01514	0.02172	0.01251	0.01251	0.04147	0.02436	0.65373	0.03357	0.02897	0.02107	0.01053	0.00856	0.00263	0.00724	0.00856	0.01053	0.01448
12	0.37568	0.01579	0.01660	0.01348	0.01946	0.01615	0.01112	0.05757	0.02039	0.34143	0.02288	0.02154	0.01526	0.00929	0.00702	0.00263	0.00702	0.00668	0.00799	0.01202
13	0.03818	0.01448	0.01975	0.01514	0.02172	0.01251	0.01251	0.04147	0.02436	0.65373	0.03357	0.02897	0.02107	0.01053	0.00856	0.00263	0.00724	0.00856	0.01053	0.01448
14	0.01081	0.00865	0.00966	0.00941	0.01196	0.00750	0.00706	0.01367	0.02117	0.02720	0.29697	0.07497	0.43100	0.01998	0.01005	0.00280	0.00420	0.01699	0.00846	0.00750
15	0.56153	0.01739	0.01541	0.01298	0.01864	0.01947	0.01070	0.12062	0.01966	0.11272	0.01575	0.01664	0.01143	0.00857	0.00616	0.00262	0.00710	0.00555	0.00640	0.01066
16	0.03235	0.02384	0.02554	0.01958	0.02639	0.02639	0.01618	0.61946	0.04001	0.05363	0.02043	0.02043	0.01447	0.01022	0.00851	0.00255	0.00936	0.00766	0.00851	0.01447
17	0.01006	0.00862	0.00862	0.00862	0.01149	0.00718	0.00647	0.01221	0.01940	0.02299	0.08621	0.08190	0.64438	0.02155	0.01006	0.00287	0.00431	0.01796	0.00790	0.00718
18	0.03792	0.01490	0.02001	0.01534	0.02193	0.01313	0.01267	0.06746	0.02506	0.62675	0.03298	0.02858	0.02077	0.01052	0.00856	0.00263	0.00734	0.00852	0.01044	0.01448
19	0.01160	0.00919	0.01436	0.01462	0.01605	0.00863	0.07247	0.01383	0.01689	0.02254	0.04366	0.58788	0.05127	0.02441	0.01083	0.00342	0.00611	0.05728	0.00752	0.00745
20	0.76103	0.01646	0.01251	0.01119	0.01646	0.01909	0.00922	0.02502	0.01448	0.03818	0.01185	0.01382	0.00922	0.00790	0.00527	0.00263	0.00658	0.00461	0.00527	0.00922
21	0.01938	0.02453	0.11207	0.03368	0.04238	0.02075	0.53101	0.02660	0.01971	0.02700	0.01821	0.04963	0.01444	0.00806	0.00987	0.00287	0.01378	0.01022	0.00438	0.01141
22	0.01204	0.00870	0.01138	0.01071	0.01271	0.00803	0.00803	0.01606	0.02409	0.03413	0.64335	0.06357	0.08030	0.01740	0.01004	0.00268	0.00401	0.01539	0.00937	0.00803
23	0.02294	0.01789	0.01930	0.01709	0.02209	0.02027	0.01337	0.04483	0.56923	0.09987	0.03453	0.03146	0.02547	0.01144	0.00865	0.00286	0.00679	0.00951	0.00885	0.01358
24	0.76103	0.01646	0.01251	0.01119	0.01646	0.01909	0.00922	0.02502	0.01448	0.03818	0.01185	0.01382	0.00922	0.00790	0.00527	0.00263	0.00658	0.00461	0.00527	0.00922
25	0.03380	0.01351	0.01835	0.01440	0.02021	0.01176	0.01176	0.03722	0.02431	0.54994	0.13571	0.03476	0.03099	0.01168	0.00881	0.00264	0.00670	0.00970	0.01034	0.01340
26	0.01204	0.00870	0.01138	0.01071	0.01271	0.00803	0.00803	0.01606	0.02409	0.03413	0.64335	0.06357	0.08030	0.01740	0.01004	0.00268	0.00401	0.01539	0.00937	0.00803
27	0.02275	0.70604	0.04459	0.01456	0.02184	0.03367	0.01456	0.02548	0.01729	0.02002	0.01183	0.01365	0.01092	0.00728	0.00546	0.00182	0.00910	0.00455	0.00364	0.01092
28	0.76103	0.01646	0.01251	0.01119	0.01646	0.01909	0.00922	0.02502	0.01448	0.03818	0.01185	0.01382	0.00922	0.00790	0.00527	0.00263	0.00658	0.00461	0.00527	0.00922
29	0.03179	0.04056	0.02412	0.02192	0.02631	0.66676	0.01644	0.03398	0.02412	0.02083	0.01315	0.01535	0.01096	0.00877	0.00767	0.00219	0.01535	0.00548	0.00438	0.00987
30	0.01204	0.00870	0.01138	0.01071	0.01271	0.00803	0.00803	0.01606	0.02409	0.03413	0.64335	0.06357	0.08030	0.01740	0.01004	0.00268	0.00401	0.01539	0.00937	0.00803
31	0.01152	0.00980	0.01008	0.00980	0.01286	0.00893	0.00741	0.01644	0.09390	0.02520	0.11399	0.07471	0.53508	0.02009	0.00989	0.00286	0.00459	0.01679	0.00808	0.00800
32	0.01607	0.01513	0.02552	0.68047	0.05861	0.01891	0.02363	0.02174	0.01702	0.02174	0.01513	0.02269	0.01134	0.00851	0.00851	0.00284	0.01134	0.00756	0.00378	0.00945
33	0.01204	0.00870	0.01138	0.01071	0.01271	0.00803	0.00803	0.01606	0.02409	0.03413	0.64335	0.06357	0.08030	0.01740	0.01004	0.00268	0.00401	0.01539	0.00937	0.00803
34	0.01049	0.00746	0.00984	0.01169	0.01216	0.00699	0.00773	0.01188	0.01605	0.02141	0.04568	0.65631	0.05474	0.06783	0.01284	0.00375	0.00514	0.02347	0.00773	0.00681
35	0.01586	0.00793	0.00793	0.00793	0.00991	0.00793	0.00595	0.01983	0.01785	0.03173	0.02776	0.03173	0.02181	0.00991	0.00595	0.00198	0.00397	0.00793	0.74817	0.00793
36	0.01607	0.01513	0.02552	0.68047	0.05861	0.01891	0.02363	0.02174	0.01702	0.02174	0.01513	0.02269	0.01134	0.00851	0.00851	0.00284	0.01134	0.00756	0.00378	0.00945
37	0.01139	0.00818	0.01088	0.01181	0.01306	0.00767	0.00858	0.01414	0.01972	0.02702	0.28164	0.38133	0.06495	0.02267	0.01063	0.00320	0.00489	0.08231	0.00847	0.00745
38	0.01607	0.01513	0.02552	0.68047	0.05861	0.01891	0.02363	0.02174	0.01702	0.02174	0.01513	0.02269	0.01134	0.00851	0.00851	0.00284	0.01134	0.00756	0.00378	0.00945
39	0.03689	0.01420	0.01933	0.01492	0.02128	0.01229	0.01229	0.04022	0.02434	0.62308	0.06374	0.03068	0.02400	0.01087	0.00863	0.00264	0.00708	0.00890	0.01048	0.01416
40	0.01006	0.00862	0.00862	0.00862	0.01149	0.00718	0.00647	0.01221	0.01940	0.02299	0.08621	0.08190	0.64438	0.02155	0.01006	0.00287	0.00431	0.01796	0.00790	0.00718
41	0.76103	0.01646	0.01251	0.01119	0.01646	0.01909	0.00922	0.02502	0.01448	0.03818	0.01185	0.01382	0.00922	0.00790	0.00527	0.00263	0.00658	0.00461	0.00527	0.00922
42	0.03818	0.01448	0.01975	0.01514	0.02172	0.01251	0.01251	0.04147	0.02436	0.65373	0.03357	0.02897	0.02107	0.01053	0.00856	0.00263	0.00724	0.00856	0.01053	0.01448
43	0.02296	0.64862	0.06760	0.01529	0.02264	0.06309	0.01531	0.02594	0.01764	0.02033	0.01203	0.01390	0.01092	0.00738	0.00567	0.00187	0.00953	0.00466	0.00367	0.01094
44	0.02997	0.02154	0.02299	0.01790	0.02401	0.02372	0.01470	0.53276	0.03681	0.05047	0.02149	0.02206	0.01553	0.01017	0.00814	0.00247	0.00858	0.00770	0.11546	0.01353
45	0.02113	0.01793	0.01904	0.01700	0.02173	0.02057	0.01325	0.07173	0.56363	0.03640	0.07349	0.03326	0.02894	0.01186	0.00874	0.00286	0.00669	0.00990	0.00870	0.01317
46	0.10679	0.02266	0.02419	0.05003	0.02689	0.02528	0.01581	0.52979	0.03629	0.05053	0.01929	0.01986	0.01378	0.00990	0.00818	0.00258	0.00917	0.00734	0.00795	0.01369
47	0.02044	0.01595	0.01857	0.01346	0.02089	0.01291	0.01085	0.08211	0.02030	0.07098	0.01685	0.01866	0.01334	0.00697	0.00667	0.00148	0.00667	0.00553	0.00574	0.63163
48	0.06105	0.01495	0.01920	0.01519	0.02098	0.01412	0.01241	0.03661	0.07929	0.43958	0.06066	0.02864	0.02262	0.01076	0.00956	0.00260	0.05098	0.00844	0.00913	0.08324
49	0.01351	0.00902	0.01184	0.01095	0.01322	0.00828	0.00828	0.01748	0.02410	0.06887	0.60915	0.06163	0.07698	0.01701	0.00995	0.00267	0.00420	0.01501	0.00943	0.00839
50	0.02117	0.01828	0.01924	0.01732	0.02213	0.02117	0.01347	0.04522	0.63246	0.03560	0.03464	0.03175	0.02598	0.01155	0.00866	0.00289	0.00673	0.00962	0.00866	0.01347
51	0.01813	0.14619	0.52723	0.02339	0.03492	0.02203	0.06164	0.02674	0.01798	0.02589	0.01484	0.01757	0.01092	0.00791	0.00779	0.00257	0.01213	0.00623	0.00364	0.01226
52	0.03818	0.01448	0.01975	0.01514	0.02172	0.01251	0.01251	0.04147	0.02436	0.65373	0.03357	0.02897	0.02107	0.01053	0.00856	0.00263	0.00724	0.00856	0.01053	0.01448
53	0.01037	0.00741	0.00987	0.01185	0.01234	0.00691	0.00790	0.01185	0.01629	0.02172	0.04690	0.69537	0.05629	0.02666	0.01086	0.00346	0.00494	0.02419	0.00790	0.00691
54	0.01478	0.00739	0.01109	0.01109	0.01109	0.00739	0.00739	0.01109	0.01109	0.01478	0.01478	0.02587	0.01478	0.02956	0.03326	0.75240	0.00739	0.00739	0.00370	0.00370
55	0.08403	0.05452	0.02583	0.05904	0.18290	0.10904	0.01763	0.16098	0.06138	0.06536	0.01855	0.02087	0.01433	0.00922	0.00864	0.00252	0.03747	0.00712	0.04847	0.01211
56	0.01173	0.00890	0.01101	0.01231	0.01372	0.00867	0.00882	0.01582	0.07921	0.02366	0.05107	0.48378	0.13608	0.02411	0.01061	0.00336	0.00531	0.07616	0.00797	0.00770
57	0.03645	0.01511	0.01992	0.01536	0.02176	0.01362	0.01265	0.09507	0.02583	0.56904	0.05974	0.02971	0.02310	0.01081	0.00862	0.00263	0.00730	0.00878	0.01029	0.01419
58	0.02876	0.20846	0.06150	0.02019	0.02572	0.47425	0.01673	0.03148	0.02208	0.02094	0.01293	0.01505	0.01094	0.00836	0.00714	0.00212	0.01363	0.00529	0.00416	0.01027
59	0.02054	0.01503	0.01759	0.01716	0.04772	0.01611	0.01272	0.06593	0.30436	0.10294	0.03892	0.15599	0.06704	0.01547	0.00937	0.00301	0.00673	0.06334	0.00842	0.01163
60	0.01045	0.00747	0.00995	0.01179	0.01236	0.00697	0.00791	0.01205	0.01667	0.02232	0.07547	0.66511	0.05744	0.02622	0.01082	0.00342	0.00489	0.02377	0.00797	0.00697
61	0.01204	0.00870	0.01138	0.01071	0.01271	0.00803	0.00803	0.01606	0.02409	0.03413	0.64335	0.06357	0.08030	0.01740	0.01004	0.00268	0.00401	0.01539	0.00937	0.00803
62	0.02349	0.61066	0.06723	0.01546	0.02290	0.03238	0.01540	0.08547	0.01961	0.02369	0.01284	0.01451	0.01127	0.00761	0.00587	0.00193	0.00927	0.00493	0.00413	0.01135
63	0.01767	0.01547	0.01947	0.04794	0.02320	0.01218	0.03721	0.02170	0.01772	0.02740	0.01522	0.01814	0.01255	0.00645	0.00658	0.00141	0.00691	0.00539	0.00495	0.68244
64	0.01823	0.11140	0.49951	0.02662	0.09811	0.02138	0.05629	0.02672	0.01814	0.02631	0.01507	0.01805	0.01117	0.00791	0.00793	0.00259	0.01203	0.00641	0.00369	0.01244
65	0.01607	0.01513	0.02552	0.68047	0.05861	0.01891	0.02363	0.02174	0.01702	0.02174	0.01513	0.02269	0.01134	0.00851	0.00851	0.00284	0.01134	0.00756	0.00378	0.00945
66	0.01765	0.01513	0.01765	0.01260	0.02017	0.01134	0.01008	0.02143	0.01765	0.02773	0.01513	0.01765	0.01260	0.00630	0.00630	0.00126	0.00630	0.00504	0.00504	0.75295
67	0.72422	0.01636	0.01288	0.01139	0.01673	0.01876	0.00938	0.02585	0.01499	0.06953	0.01296	0.01460	0.00982	0.00803	0.00543	0.00263	0.00662	0.00481	0.00553	0.00948
68	0.02275	0.70604	0.04459	0.01456	0.02184	0.03367	0.01456	0.02548	0.01729	0.02002	0.01183	0.01365	0.01092	0.00728	0.00546	0.00182	0.00910	0.00455	0.00364	0.01092
69	0.01238	0.00825	0.00928	0.00928	0.00928	0.00825	0.00516	0.01238	0.01238	0.01650	0.02681	0.05569	0.03094	0.70092	0.04331	0.00825	0.00825	0.01238	0.00516	0.00516
70	0.03179	0.04056	0.02412	0.02192	0.02631	0.66676	0.01644	0.03398	0.02412	0.02083	0.01315	0.01535	0.01096	0.00877	0.00767	0.00219	0.01535	0.00548	0.00438	0.00987
71	0.02009	0.02296	0.05022	0.03587	0.04448	0.02152	0.61693	0.02726	0.02009	0.02726	0.01722	0.02296	0.01291	0.00717	0.01004	0.00287	0.01435	0.01004	0.00430	0.01148
72	0.03818	0.01448	0.01975	0.01514	0.02172	0.01251	0.01251	0.04147	0.02436	0.65373	0.03357	0.02897	0.02107	0.01053	0.00856	0.00263	0.00724	0.00856	0.01053	0.01448
73	0.01264	0.00903	0.01249	0.01445	0.01594	0.00887	0.01185	0.01578	0.01854	0.02427	0.04565	0.28761	0.05131	0.02452	0.01147	0.00377	0.00691	0.40949	0.00786	0.00754
74	0.01371	0.00980	0.01371	0.01567	0.01763	0.00980	0.01371	0.01763	0.01959	0.02547	0.04506	0.09599	0.04898	0.02351	0.01175	0.00392	0.00784	0.59056	0.00784	0.00784
75	0.01707	0.04402	0.65683	0.02426	0.03683	0.01976	0.03144	0.02695	0.01797	0.02695	0.01527	0.01797	0.01078	0.00809	0.00809	0.00270	0.01258	0.00629	0.00359	0.01258
76	0.01037	0.00741	0.00987	0.01185	0.01234	0.00691	0.00790	0.01185	0.01629	0.02172	0.04690	0.69537	0.05629	0.02666	0.01086	0.00346	0.00494	0.02419	0.00790	0.00691
77	0.76103	0.01646	0.01251	0.01119	0.01646	0.01909	0.00922	0.02502	0.01448	0.03818	0.01185	0.01382	0.00922	0.00790	0.00527	0.00263	0.00658	0.00461	0.00527	0.00922
78	0.03818	0.01448	0.01975	0.01514	0.02172	0.01251	0.01251	0.04147	0.02436	0.65373	0.03357	0.02897	0.02107	0.01053	0.00856	0.00263	0.00724	0.00856	0.01053	0.01448
79	0.01710	0.01602	0.02566	0.54025	0.05191	0.01940	0.05007	0.02589	0.11894	0.02430	0.01845	0.02420	0.01384	0.00895	0.00861	0.00285	0.01072	0.00802	0.00461	0.01021
80	0.01193	0.00869	0.01122	0.01059	0.01264	0.00798	0.00794	0.01584	0.02382	0.03349	0.61140	0.06462	0.11264	0.01764	0.01004	0.00269	0.00403	0.01554	0.00928	0.00798
81	0.01586	0.00793	0.00793	0.00793	0.00991	0.00793	0.00595	0.01983	0.01785	0.03173	0.02776	0.03173	0.02181	0.00991	0.00595	0.00198	0.00397	0.00793	0.74817	0.00793
82	0.02189	0.01864	0.01965	0.01747	0.02241	0.02151	0.01365	0.08254	0.59396	0.03677	0.03371	0.03102	0.02523	0.01146	0.00865	0.00286	0.00691	0.00949	0.00865	0.01354
83	0.02036	0.01697	0.01941	0.01448	0.02198	0.01294	0.01123	0.02315	0.01923	0.02996	0.01790	0.02154	0.01526	0.00827	0.00754	0.00183	0.00726	0.00599	0.00598	0.71874
84	0.02106	0.02022	0.03454	0.05223	0.64784	0.02022	0.02612	0.02612	0.01938	0.02780	0.01601	0.02106	0.01348	0.00758	0.00842	0.00253	0.01011	0.00758	0.00421	0.01348
85	0.39796	0.02002	0.01802	0.04893	0.02238	0.08464	0.01257	0.14853	0.02217	0.12726	0.01701	0.01795	0.01227	0.00887	0.00681	0.00258	0.00837	0.00603	0.00652	0.01112
86	0.01765	0.01513	0.01765	0.01260	0.02017	0.01134	0.01008	0.02143	0.01765	0.02773	0.01513	0.01765	0.01260	0.00630	0.00630	0.00126	0.00630	0.00504	0.00504	0.75295
87	0.05157	0.01030	0.01540	0.05754	0.01906	0.01006	0.06495	0.01661	0.01774	0.05961	0.09245	0.46209	0.04715	0.02102	0.01015	0.00321	0.00635	0.01916	0.00745	0.00814
88	0.01586	0.00793	0.00793	0.00793	0.00991	0.00793	0.00595	0.01983	0.01785	0.03173	0.02776	0.03173	0.02181	0.00991	0.00595	0.00198	0.00397	0.00793	0.74817	0.00793
89	0.05920	0.02217	0.05386	0.01759	0.02358	0.07573	0.01470	0.27639	0.11851	0.14218	0.02687	0.02727	0.04718	0.04376	0.01005	0.00288	0.00890	0.00843	0.00794	0.01282
90	0.01925	0.02053	0.04142	0.13395	0.10155	0.02031	0.40732	0.02659	0.04796	0.02675	0.01919	0.02733	0.01540	0.00856	0.00969	0.00289	0.01276	0.04269	0.00462	0.01124
91	0.01586	0.00793	0.00793	0.00793	0.00991	0.00793	0.00595	0.01983	0.01785	0.03173	0.02776	0.03173	0.02181	0.00991	0.00595	0.00198	0.00397	0.00793	0.74817	0.00793
92	0.01765	0.01513	0.01765	0.01260	0.02017	0.01134	0.01008	0.02143	0.01765	0.02773	0.01513	0.01765	0.01260	0.00630	0.00630	0.00126	0.00630	0.00504	0.00504	0.75295
93	0.01148	0.00868	0.01059	0.01011	0.01237	0.00779	0.00758	0.01496	0.02275	0.03095	0.48454	0.06879	0.24108	0.01858	0.01004	0.00273	0.00410	0.01612	0.00895	0.00779
94	0.01939	0.02161	0.04596	0.14703	0.04691	0.02107	0.51461	0.02631	0.01956	0.02631	0.01686	0.02291	0.01264	0.00740	0.00978	0.00286	0.01383	0.00962	0.00421	0.01113
95	0.02799	0.02141	0.02293	0.01854	0.02446	0.02391	0.01498	0.42064	0.21398	0.04677	0.02590	0.05611	0.01988	0.01140	0.00867	0.00270	0.00838	0.00903	0.00853	0.01381
96	0.01842	0.01860	0.02799	0.02336	0.02431	0.02474	0.08321	0.02084	0.01394	0.02127	0.01338	0.04856	0.01333	0.01457	0.02524	0.00362	0.58276	0.00846	0.00397	0.00944
97	0.01586	0.00793	0.00793	0.00793	0.00991	0.00793	0.00595	0.01983	0.01785	0.03173	0.02776	0.03173	0.02181	0.00991	0.00595	0.00198	0.00397	0.00793	0.74817	0.00793
98	0.01766	0.01730	0.02586	0.27098	0.03605	0.02336	0.02051	0.02096	0.01454	0.02096	0.01267	0.02016	0.01124	0.01248	0.02059	0.00339	0.43071	0.00749	0.00375	0.00936
99	0.03447	0.02043	0.02343	0.01796	0.02469	0.02134	0.01484	0.40906	0.03431	0.27208	0.02522	0.02354	0.01687	0.01033	0.00853	0.00258	0.00859	0.00799	0.00925	0.01448
100	0.01258	0.00958	0.01383	0.01360	0.01482	0.01125	0.01037	0.01513	0.01346	0.01935	0.02264	0.03559	0.02199	0.14849	0.54233	0.01232	0.06125	0.00946	0.00459	0.00737
101	0.06721	0.01813	0.02800	0.24365	0.15805	0.02188	0.05456	0.04960	0.01729	0.02535	0.01421	0.02044	0.01180	0.01027	0.01439	0.00303	0.21995	0.00748	0.00419	0.01052
102	0.02086	0.02001	0.03417	0.07809	0.62359	0.02017	0.02602	0.02594	0.01928	0.02755	0.01597	0.02113	0.01339	0.00762	0.00843	0.00254	0.01016	0.00758	0.00419	0.01331
103	0.01315	0.00896	0.01162	0.01081	0.01307	0.00819	0.00816	0.01704	0.02387	0.06200	0.58782	0.06289	0.10548	0.01729	0.00997	0.00268	0.00418	0.01520	0.00935	0.00828
104	0.02225	0.01888	0.02759	0.06503	0.02801	0.02216	0.10984	0.16281	0.02176	0.06821	0.01962	0.09085	0.01752	0.01314	0.01637	0.00316	0.26636	0.00971	0.00579	0.01094
105	0.01555	0.00935	0.01224	0.01163	0.01399	0.00855	0.00874	0.01878	0.02188	0.11975	0.37566	0.16507	0.08748	0.04977	0.01157	0.00312	0.00503	0.04428	0.00896	0.00860
106	0.02061	0.02170	0.07276	0.04777	0.54004	0.02064	0.05518	0.02586	0.01891	0.02725	0.01571	0.02081	0.01314	0.00807	0.00975	0.00263	0.05435	0.00762	0.00415	0.01305
107	0.01939	0.02177	0.04692	0.06652	0.04352	0.02064	0.55628	0.02619	0.01974	0.02670	0.01864	0.05750	0.01506	0.00824	0.01001	0.00290	0.01372	0.01065	0.00446	0.01114
108	0.05265	0.08573	0.58655	0.02301	0.03489	0.02064	0.02929	0.02676	0.01776	0.02703	0.01489	0.01749	0.01072	0.00802	0.00778	0.00264	0.01207	0.00610	0.00368	0.01231
109	0.01917	0.02436	0.13695	0.11311	0.18478	0.05034	0.22583	0.02549	0.01934	0.02610	0.02042	0.02737	0.04052	0.00906	0.00913	0.00278	0.01200	0.03737	0.00443	0.01145
110	0.12037	0.16341	0.05685	0.02186	0.07778	0.37860	0.01669	0.03023	0.02090	0.02374	0.01308	0.01544	0.01094	0.00824	0.00703	0.00223	0.01247	0.00541	0.00430	0.01042
111	0.03092	0.01936	0.02187	0.01721	0.02329	0.02051	0.01406	0.35569	0.09237	0.20328	0.05637	0.02642	0.02091	0.01077	0.00849	0.00258	0.00803	0.00848	0.04567	0.01373
