[name]
unknown

[dist]
# distance from previous block
# <min> <max>
0	32

[block]
# block no. 0 follows, 21 sequences, length 7
# corresponding to MSA columns:
# 33-39
name=unknown_A
#
# <colnr> <probs for GDERKNQSTAVLIFYWHMCP>
#	G	D	E	R	K	N	Q	S	T	A	V	L	I	F	Y	W	H	M	C	P
0	0.01655	0.01185	0.01380	0.01320	0.01613	0.01190	0.01020	0.12640	0.05316	0.05241	0.09700	0.23827	0.16980	0.01955	0.00995	0.00305	0.00603	0.08744	0.03415	0.00917
1	0.01678	0.01052	0.01292	0.01252	0.01502	0.01010	0.00917	0.06367	0.05084	0.11671	0.11534	0.33855	0.12057	0.05176	0.01155	0.00330	0.00566	0.01767	0.00840	0.00897
2	0.01642	0.01102	0.01317	0.01271	0.01527	0.01076	0.00951	0.10667	0.02164	0.07910	0.09366	0.28704	0.15235	0.07133	0.01260	0.00348	0.00607	0.06033	0.00811	0.00874
3	0.01570	0.01167	0.01513	0.01743	0.09309	0.01155	0.01112	0.05251	0.08279	0.06239	0.04446	0.34470	0.12996	0.05235	0.01150	0.00333	0.00621	0.01730	0.00758	0.00922
4	0.01546	0.01410	0.02310	0.01910	0.02255	0.01425	0.16736	0.02101	0.08154	0.02554	0.09876	0.21456	0.03578	0.10056	0.01553	0.00367	0.06336	0.01430	0.00640	0.04309
5	0.09643	0.01269	0.07766	0.01266	0.01554	0.01015	0.01055	0.01540	0.01655	0.02414	0.04439	0.34481	0.15770	0.02620	0.09104	0.00443	0.00801	0.01701	0.00674	0.00790
6	0.02552	0.01680	0.02116	0.01695	0.02259	0.01690	0.05728	0.10045	0.21789	0.19900	0.02824	0.02983	0.02127	0.08183	0.01203	0.00314	0.00784	0.00887	0.00801	0.10439

[dist]
# distance from previous block
# <min> <max>
0	1

[block]
# block no. 1 follows, 21 sequences, length 12
# corresponding to MSA columns:
# 41-52
name=unknown_B
#
# <colnr> <probs for GDERKNQSTAVLIFYWHMCP>
#	G	D	E	R	K	N	Q	S	T	A	V	L	I	F	Y	W	H	M	C	P
0	0.01447	0.01186	0.01637	0.01384	0.01747	0.01056	0.07419	0.03712	0.01809	0.02519	0.06897	0.19408	0.11405	0.12757	0.01459	0.00345	0.00680	0.01373	0.03457	0.18304
1	0.09731	0.01613	0.01921	0.01887	0.08767	0.01675	0.01321	0.17864	0.07673	0.09688	0.09530	0.15130	0.03041	0.01348	0.00868	0.00271	0.00716	0.01138	0.00773	0.05046
2	0.07094	0.01913	0.04980	0.04104	0.02258	0.08614	0.01360	0.11889	0.06246	0.21594	0.17408	0.03306	0.03203	0.01166	0.00860	0.00261	0.00800	0.00942	0.00826	0.01176
3	0.01710	0.01203	0.01539	0.08614	0.02073	0.01251	0.01153	0.13561	0.02228	0.06540	0.09371	0.39056	0.04335	0.01963	0.00993	0.00309	0.00656	0.01738	0.00786	0.00923
4	0.02069	0.02071	0.02623	0.06846	0.02732	0.09019	0.07933	0.05429	0.13673	0.02570	0.01797	0.02255	0.01498	0.01512	0.05690	0.00380	0.29535	0.00805	0.00508	0.01054
5	0.68371	0.01625	0.01328	0.01161	0.01702	0.01839	0.00957	0.02678	0.01554	0.10403	0.01417	0.01544	0.01048	0.00818	0.00562	0.00263	0.00665	0.00503	0.00583	0.00978
6	0.13955	0.04282	0.04974	0.03908	0.02189	0.01481	0.01296	0.03349	0.05017	0.36549	0.08510	0.02894	0.02388	0.01300	0.03882	0.00314	0.00802	0.00838	0.00841	0.01230
7	0.02096	0.02052	0.03625	0.05046	0.58226	0.02036	0.09034	0.02624	0.01945	0.02774	0.01614	0.02127	0.01342	0.00754	0.00860	0.00256	0.01057	0.00785	0.00422	0.01326
8	0.01478	0.00739	0.01109	0.01109	0.01109	0.00739	0.00739	0.01109	0.01109	0.01478	0.01478	0.02587	0.01478	0.02956	0.03326	0.75240	0.00739	0.00739	0.00370	0.00370
9	0.07076	0.01793	0.01883	0.01679	0.02173	0.02051	0.01313	0.04367	0.55525	0.07301	0.03308	0.03041	0.02458	0.01125	0.00843	0.00285	0.00676	0.00923	0.00855	0.01325
10	0.01216	0.00912	0.01368	0.01368	0.01520	0.01064	0.01064	0.01520	0.01368	0.01976	0.02279	0.03343	0.02127	0.06382	0.66720	0.01368	0.02279	0.00912	0.00456	0.00760
11	0.02561	0.09646	0.02348	0.01905	0.04588	0.24671	0.01438	0.08306	0.18146	0.05734	0.02551	0.02707	0.05544	0.04988	0.01003	0.00279	0.01030	0.00802	0.00631	0.01122

[dist]
# distance from previous block
# <min> <max>
0	2

[block]
# block no. 2 follows, 21 sequences, length 253
# corresponding to MSA columns:
# 55-307
name=unknown_C
#
# <colnr> <probs for GDERKNQSTAVLIFYWHMCP>
#	G	D	E	R	K	N	Q	S	T	A	V	L	I	F	Y	W	H	M	C	P
0	0.02158	0.36968	0.19801	0.01961	0.02730	0.08751	0.05004	0.02623	0.01781	0.02229	0.01304	0.01589	0.01102	0.00840	0.00887	0.00233	0.07992	0.00566	0.00374	0.01111
1	0.76103	0.01646	0.01251	0.01119	0.01646	0.01909	0.00922	0.02502	0.01448	0.03818	0.01185	0.01382	0.00922	0.00790	0.00527	0.00263	0.00658	0.00461	0.00527	0.00922
2	0.01738	0.03753	0.49283	0.02580	0.03691	0.01940	0.14988	0.02634	0.01878	0.02746	0.05438	0.02180	0.01550	0.00847	0.00861	0.00273	0.01241	0.00762	0.00409	0.01207
3	0.02066	0.08851	0.02893	0.02200	0.02381	0.05644	0.04634	0.06337	0.01617	0.02307	0.01226	0.01830	0.01145	0.01316	0.02256	0.00334	0.50836	0.00721	0.00411	0.00996
4	0.01869	0.05192	0.02553	0.02100	0.02171	0.05290	0.01746	0.02074	0.01380	0.02039	0.01256	0.01985	0.01225	0.01959	0.09569	0.00465	0.55080	0.00740	0.00384	0.00923
5	0.01478	0.00739	0.01109	0.01109	0.01109	0.00739	0.00739	0.01109	0.01109	0.01478	0.01478	0.02587	0.01478	0.02956	0.03326	0.75240	0.00739	0.00739	0.00370	0.00370
6	0.02776	0.05474	0.02474	0.01795	0.02453	0.02337	0.01489	0.42035	0.03226	0.04418	0.01826	0.01937	0.01368	0.00949	0.00907	0.00230	0.05033	0.00691	0.00721	0.17860
7	0.02031	0.02161	0.09326	0.10111	0.44110	0.01979	0.02468	0.05233	0.04970	0.02855	0.01857	0.02556	0.01564	0.00891	0.00860	0.00267	0.01014	0.03998	0.00472	0.01276
8	0.02172	0.02414	0.02755	0.05664	0.02739	0.19445	0.08929	0.02458	0.01707	0.02140	0.01343	0.01950	0.01203	0.01540	0.06365	0.00386	0.34692	0.00736	0.00403	0.00961
9	0.01219	0.00900	0.01306	0.01306	0.01437	0.01030	0.00987	0.01480	0.01349	0.01930	0.02336	0.03654	0.02263	0.15285	0.58002	0.01292	0.02076	0.00957	0.00464	0.00726
10	0.01765	0.01513	0.01765	0.01260	0.02017	0.01134	0.01008	0.02143	0.01765	0.02773	0.01513	0.01765	0.01260	0.00630	0.00630	0.00126	0.00630	0.00504	0.00504	0.75295
11	0.01223	0.00885	0.01230	0.01230	0.01335	0.00989	0.00893	0.01432	0.01327	0.01874	0.02405	0.04039	0.02429	0.26288	0.47227	0.01198	0.01825	0.01014	0.00475	0.00684
12	0.01586	0.00793	0.00793	0.00793	0.00991	0.00793	0.00595	0.01983	0.01785	0.03173	0.02776	0.03173	0.02181	0.00991	0.00595	0.00198	0.00397	0.00793	0.74817	0.00793
13	0.76103	0.01646	0.01251	0.01119	0.01646	0.01909	0.00922	0.02502	0.01448	0.03818	0.01185	0.01382	0.00922	0.00790	0.00527	0.00263	0.00658	0.00461	0.00527	0.00922
14	0.71915	0.01634	0.01293	0.01142	0.01676	0.01871	0.00941	0.02597	0.01505	0.07385	0.01311	0.01470	0.00990	0.00805	0.00546	0.00263	0.00662	0.00484	0.00557	0.00952
15	0.03041	0.01553	0.01914	0.01550	0.02112	0.01526	0.01251	0.09856	0.15988	0.37465	0.11223	0.03323	0.02922	0.01162	0.00877	0.00269	0.00693	0.00959	0.00976	0.01341
16	0.01227	0.00821	0.00931	0.00941	0.00944	0.00818	0.00530	0.01235	0.01257	0.01677	0.02783	0.08815	0.03222	0.66671	0.04167	0.00801	0.00808	0.01298	0.00530	0.00525
17	0.02009	0.02296	0.05022	0.03587	0.04448	0.02152	0.61693	0.02726	0.02009	0.02726	0.01722	0.02296	0.01291	0.00717	0.01004	0.00287	0.01435	0.01004	0.00430	0.01148
18	0.03235	0.02384	0.02554	0.01958	0.02639	0.02639	0.01618	0.61946	0.04001	0.05363	0.02043	0.02043	0.01447	0.01022	0.00851	0.00255	0.00936	0.00766	0.00851	0.01447
19	0.01765	0.01513	0.01765	0.01260	0.02017	0.01134	0.01008	0.02143	0.01765	0.02773	0.01513	0.01765	0.01260	0.00630	0.00630	0.00126	0.00630	0.00504	0.00504	0.75295
20	0.01027	0.00863	0.00892	0.00885	0.01163	0.00728	0.00663	0.01263	0.01990	0.02419	0.14624	0.07992	0.58361	0.02110	0.01006	0.00285	0.00428	0.01768	0.00806	0.00728
21	0.02449	0.57805	0.04066	0.01598	0.02270	0.15543	0.01492	0.02712	0.01860	0.02018	0.01209	0.01398	0.01093	0.00757	0.00589	0.00189	0.01030	0.00473	0.00378	0.01072
22	0.01104	0.00839	0.00897	0.00909	0.01063	0.00761	0.00601	0.01226	0.01630	0.02022	0.05919	0.10886	0.35414	0.30316	0.02388	0.00514	0.00598	0.01603	0.00677	0.00633
23	0.02026	0.02198	0.06951	0.06663	0.24469	0.02042	0.30452	0.05177	0.02045	0.02823	0.01838	0.02619	0.01509	0.00849	0.00937	0.00279	0.01212	0.04246	0.00460	0.01203
24	0.02512	0.01995	0.02197	0.04826	0.02531	0.02147	0.01448	0.28912	0.22974	0.04130	0.02385	0.02373	0.01776	0.00983	0.00814	0.00243	0.00801	0.00781	0.00768	0.15404
25	0.05014	0.07029	0.43752	0.06142	0.03689	0.02097	0.11981	0.02624	0.01782	0.02653	0.01504	0.01864	0.01110	0.00825	0.00912	0.00273	0.04501	0.00684	0.00380	0.01184
26	0.01091	0.00827	0.01212	0.01319	0.01413	0.00772	0.04178	0.01271	0.01650	0.02203	0.04525	0.65796	0.05387	0.02558	0.01082	0.00342	0.00546	0.02341	0.00770	0.00717
27	0.01115	0.00837	0.01213	0.01335	0.01436	0.00788	0.03681	0.01314	0.01680	0.02235	0.04534	0.60481	0.05354	0.02544	0.01091	0.00347	0.00566	0.07955	0.00773	0.00722
28	0.01746	0.01624	0.02728	0.53175	0.09039	0.01919	0.06400	0.05547	0.01876	0.02443	0.01691	0.02564	0.01338	0.00910	0.00875	0.00285	0.01121	0.03285	0.00428	0.01005
29	0.01231	0.00853	0.01069	0.01069	0.01117	0.00901	0.00691	0.01328	0.01279	0.01754	0.02553	0.04858	0.02785	0.49728	0.24273	0.00998	0.01290	0.01133	0.00497	0.00594
30	0.02328	0.66749	0.04341	0.01499	0.02210	0.07035	0.01467	0.02597	0.01769	0.02007	0.01191	0.01375	0.01092	0.00737	0.00559	0.00184	0.00946	0.00460	0.00368	0.01086
31	0.01952	0.01623	0.01865	0.01349	0.02096	0.01326	0.01086	0.09746	0.02049	0.03102	0.01580	0.01800	0.01284	0.00680	0.00658	0.00142	0.00669	0.00537	0.00548	0.65906
32	0.05856	0.05409	0.02120	0.01759	0.02267	0.11342	0.01385	0.07352	0.42777	0.06161	0.02860	0.02697	0.02149	0.01066	0.00820	0.00270	0.00823	0.00840	0.00773	0.01274
33	0.01057	0.00755	0.01011	0.01209	0.01267	0.00709	0.00826	0.01221	0.01650	0.02195	0.04679	0.65843	0.05583	0.02647	0.01092	0.00348	0.00512	0.05910	0.00790	0.00697
34	0.05257	0.01443	0.02217	0.40625	0.08475	0.01626	0.01878	0.02199	0.01727	0.06219	0.01973	0.08689	0.01730	0.04453	0.01010	0.00297	0.00956	0.00905	0.00487	0.07834
35	0.01867	0.01509	0.01775	0.01273	0.02025	0.01140	0.01020	0.02243	0.01798	0.05891	0.01604	0.01821	0.01303	0.00651	0.00641	0.00133	0.00635	0.00522	0.00532	0.71617
36	0.01024	0.00863	0.00888	0.00882	0.01161	0.00726	0.00661	0.01257	0.01984	0.02404	0.13858	0.08018	0.59137	0.02116	0.01006	0.00286	0.00428	0.01772	0.00804	0.00726
37	0.06435	0.03718	0.44308	0.02608	0.03687	0.05160	0.16763	0.02725	0.01855	0.02742	0.01542	0.01876	0.01120	0.00789	0.00835	0.00271	0.01276	0.00703	0.00390	0.01198
38	0.01155	0.00837	0.01090	0.01091	0.01258	0.00772	0.00794	0.01486	0.02197	0.03061	0.47351	0.22196	0.09552	0.01987	0.01024	0.00288	0.00426	0.01768	0.00895	0.00772
39	0.01920	0.02082	0.04350	0.10950	0.04280	0.02061	0.47480	0.02522	0.01876	0.02545	0.01647	0.02285	0.01274	0.00916	0.01233	0.04911	0.05244	0.00944	0.00417	0.01063
40	0.03116	0.08661	0.02553	0.02141	0.02600	0.62295	0.01631	0.03339	0.02364	0.02077	0.01306	0.01523	0.01096	0.00867	0.00752	0.00217	0.01491	0.00542	0.00433	0.00994
41	0.01216	0.00912	0.01368	0.01368	0.01520	0.01064	0.01064	0.01520	0.01368	0.01976	0.02279	0.03343	0.02127	0.06382	0.66720	0.01368	0.02279	0.00912	0.00456	0.00760
42	0.02971	0.09306	0.02552	0.02189	0.04868	0.56205	0.01622	0.03205	0.02317	0.02112	0.01630	0.01829	0.03833	0.00915	0.00762	0.00220	0.01416	0.00602	0.00447	0.00997
43	0.01037	0.00741	0.00987	0.01185	0.01234	0.00691	0.00790	0.01185	0.01629	0.02172	0.04690	0.69537	0.05629	0.02666	0.01086	0.00346	0.00494	0.02419	0.00790	0.00691
44	0.03198	0.02304	0.02494	0.01908	0.02591	0.02512	0.01575	0.56784	0.03835	0.07944	0.02079	0.02069	0.01469	0.01006	0.00842	0.00250	0.00914	0.00759	0.00845	0.04621
45	0.07024	0.01720	0.01972	0.01515	0.02168	0.01644	0.01230	0.14165	0.07956	0.14336	0.02080	0.02127	0.01541	0.00874	0.00821	0.00209	0.03635	0.00666	0.00696	0.33621
46	0.02653	0.11914	0.02875	0.05601	0.08428	0.25217	0.05375	0.14573	0.06717	0.02935	0.01967	0.02150	0.04054	0.00938	0.00797	0.00240	0.01152	0.00719	0.00549	0.01145
47	0.01707	0.04402	0.65683	0.02426	0.03683	0.01976	0.03144	0.02695	0.01797	0.02695	0.01527	0.01797	0.01078	0.00809	0.00809	0.00270	0.01258	0.00629	0.00359	0.01258
48	0.01967	0.02229	0.04848	0.03483	0.04309	0.02089	0.59070	0.02660	0.01992	0.02702	0.01850	0.05191	0.01478	0.00801	0.01008	0.00289	0.01394	0.01065	0.00446	0.01128
49	0.01037	0.00741	0.00987	0.01185	0.01234	0.00691	0.00790	0.01185	0.01629	0.02172	0.04690	0.69537	0.05629	0.02666	0.01086	0.00346	0.00494	0.02419	0.00790	0.00691
50	0.02117	0.01828	0.01924	0.01732	0.02213	0.02117	0.01347	0.04522	0.63246	0.03560	0.03464	0.03175	0.02598	0.01155	0.00866	0.00289	0.00673	0.00962	0.00866	0.01347
51	0.01047	0.00745	0.00985	0.01172	0.01219	0.00698	0.00777	0.01188	0.01610	0.02147	0.04593	0.66427	0.05505	0.05944	0.01244	0.00369	0.00510	0.02362	0.00777	0.00683
52	0.52943	0.01730	0.01579	0.05185	0.02085	0.01981	0.01167	0.13586	0.01977	0.03925	0.01595	0.02126	0.01308	0.00945	0.00651	0.00272	0.00747	0.04590	0.00597	0.01012
53	0.03179	0.04056	0.02412	0.02192	0.02631	0.66676	0.01644	0.03398	0.02412	0.02083	0.01315	0.01535	0.01096	0.00877	0.00767	0.00219	0.01535	0.00548	0.00438	0.00987
54	0.03182	0.03959	0.02420	0.02179	0.02631	0.62966	0.01643	0.06790	0.02504	0.02273	0.01358	0.01564	0.01117	0.00885	0.00772	0.00221	0.01500	0.00561	0.00462	0.01013
55	0.76103	0.01646	0.01251	0.01119	0.01646	0.01909	0.00922	0.02502	0.01448	0.03818	0.01185	0.01382	0.00922	0.00790	0.00527	0.00263	0.00658	0.00461	0.00527	0.00922
56	0.01862	0.01862	0.02607	0.02234	0.02234	0.02607	0.01862	0.02048	0.01303	0.02048	0.01117	0.01862	0.01117	0.01489	0.02793	0.00372	0.68535	0.00745	0.00372	0.00931
57	0.03295	0.02287	0.02494	0.01912	0.02591	0.02496	0.01580	0.55990	0.03840	0.11547	0.02179	0.02131	0.01515	0.01025	0.00852	0.00256	0.00915	0.00775	0.00872	0.01447
58	0.01169	0.00857	0.01098	0.01084	0.01275	0.00787	0.00809	0.01517	0.02238	0.03094	0.48001	0.14861	0.13688	0.01931	0.01022	0.00285	0.00433	0.04177	0.00895	0.00779
59	0.01970	0.02199	0.04709	0.03548	0.07990	0.02069	0.54664	0.02657	0.02027	0.02768	0.05197	0.02510	0.01670	0.00777	0.00994	0.00284	0.01351	0.01019	0.00458	0.01141
60	0.01055	0.00794	0.00981	0.01112	0.01243	0.00720	0.00784	0.01247	0.01769	0.02283	0.08341	0.46213	0.22117	0.02465	0.01065	0.00329	0.00489	0.05489	0.00796	0.00709
61	0.03235	0.02384	0.02554	0.01958	0.02639	0.02639	0.01618	0.61946	0.04001	0.05363	0.02043	0.02043	0.01447	0.01022	0.00851	0.00255	0.00936	0.00766	0.00851	0.01447
62	0.01037	0.00741	0.00987	0.01185	0.01234	0.00691	0.00790	0.01185	0.01629	0.02172	0.04690	0.69537	0.05629	0.02666	0.01086	0.00346	0.00494	0.02419	0.00790	0.00691
63	0.01908	0.01597	0.01841	0.01328	0.02077	0.01281	0.01068	0.07959	0.01982	0.03025	0.01564	0.01792	0.01279	0.00668	0.00652	0.00139	0.00660	0.00530	0.00538	0.68112
64	0.02764	0.01995	0.02338	0.08785	0.02788	0.02112	0.01548	0.34762	0.03018	0.10628	0.01974	0.02092	0.01430	0.00951	0.00900	0.00239	0.04083	0.00721	0.00730	0.16143
65	0.01843	0.01737	0.02879	0.24546	0.33914	0.01934	0.02323	0.02323	0.01777	0.02468	0.01709	0.02577	0.01478	0.01216	0.04323	0.00336	0.07347	0.03722	0.00423	0.01123
66	0.01371	0.00980	0.01371	0.01567	0.01763	0.00980	0.01371	0.01763	0.01959	0.02547	0.04506	0.09599	0.04898	0.02351	0.01175	0.00392	0.00784	0.59056	0.00784	0.00784
67	0.01558	0.01340	0.01953	0.01737	0.01891	0.01652	0.04310	0.04784	0.01502	0.02179	0.01917	0.02962	0.01824	0.09826	0.35049	0.00904	0.22427	0.00886	0.00454	0.00846
68	0.01022	0.00840	0.00900	0.00933	0.01172	0.00718	0.00681	0.01234	0.01905	0.02331	0.10681	0.19665	0.50513	0.02231	0.01021	0.00297	0.00441	0.01901	0.00798	0.00718
69	0.03247	0.02247	0.02455	0.01895	0.02563	0.02451	0.01561	0.52348	0.06769	0.12269	0.02267	0.02199	0.01581	0.01032	0.00853	0.00258	0.00899	0.00786	0.00876	0.01442
70	0.21739	0.02269	0.02217	0.01755	0.02386	0.05233	0.01442	0.44308	0.03284	0.04829	0.01794	0.01853	0.01299	0.00956	0.00765	0.00256	0.00892	0.00679	0.00751	0.01294
71	0.01086	0.00819	0.01190	0.01306	0.01396	0.00765	0.03852	0.01262	0.01648	0.02200	0.04541	0.66156	0.05410	0.02568	0.01082	0.00343	0.00541	0.02348	0.00772	0.00714
72	0.01760	0.01546	0.01951	0.12863	0.02701	0.01389	0.01303	0.02263	0.04822	0.02672	0.01591	0.01928	0.01299	0.00738	0.00790	0.00174	0.04165	0.00583	0.00494	0.54968
73	0.01933	0.02010	0.02536	0.02177	0.02300	0.10039	0.05047	0.02170	0.01485	0.02079	0.01345	0.02064	0.01273	0.02091	0.11830	0.00495	0.47045	0.00760	0.00396	0.00925
74	0.01617	0.01535	0.02622	0.59274	0.05454	0.01888	0.05293	0.02166	0.01687	0.02188	0.01547	0.02308	0.01190	0.01135	0.04128	0.00340	0.03521	0.00776	0.00384	0.00946
75	0.01216	0.00912	0.01368	0.01368	0.01520	0.01064	0.01064	0.01520	0.01368	0.01976	0.02279	0.03343	0.02127	0.06382	0.66720	0.01368	0.02279	0.00912	0.00456	0.00760
76	0.02749	0.02090	0.02242	0.01836	0.02424	0.02341	0.01478	0.33244	0.30984	0.07119	0.02748	0.02597	0.02001	0.01084	0.00858	0.00271	0.00807	0.00860	0.00867	0.01402
77	0.03818	0.01448	0.01975	0.01514	0.02172	0.01251	0.01251	0.04147	0.02436	0.65373	0.03357	0.02897	0.02107	0.01053	0.00856	0.00263	0.00724	0.00856	0.01053	0.01448
78	0.03818	0.01448	0.01975	0.01514	0.02172	0.01251	0.01251	0.04147	0.02436	0.65373	0.03357	0.02897	0.02107	0.01053	0.00856	0.00263	0.00724	0.00856	0.01053	0.01448
79	0.02009	0.02296	0.05022	0.03587	0.04448	0.02152	0.61693	0.02726	0.02009	0.02726	0.01722	0.02296	0.01291	0.00717	0.01004	0.00287	0.01435	0.01004	0.00430	0.01148
80	0.01037	0.00741	0.00987	0.01185	0.01234	0.00691	0.00790	0.01185	0.01629	0.02172	0.04690	0.69537	0.05629	0.02666	0.01086	0.00346	0.00494	0.02419	0.00790	0.00691
81	0.01862	0.01862	0.02607	0.02234	0.02234	0.02607	0.01862	0.02048	0.01303	0.02048	0.01117	0.01862	0.01117	0.01489	0.02793	0.00372	0.68535	0.00745	0.00372	0.00931
82	0.01217	0.00816	0.00934	0.00955	0.00960	0.00811	0.00544	0.01232	0.01278	0.01704	0.02889	0.12164	0.03355	0.63141	0.03997	0.00776	0.00791	0.01359	0.00544	0.00534
83	0.01862	0.01862	0.02607	0.02234	0.02234	0.02607	0.01862	0.02048	0.01303	0.02048	0.01117	0.01862	0.01117	0.01489	0.02793	0.00372	0.68535	0.00745	0.00372	0.00931
84	0.01478	0.00739	0.01109	0.01109	0.01109	0.00739	0.00739	0.01109	0.01109	0.01478	0.01478	0.02587	0.01478	0.02956	0.03326	0.75240	0.00739	0.00739	0.00370	0.00370
85	0.76103	0.01646	0.01251	0.01119	0.01646	0.01909	0.00922	0.02502	0.01448	0.03818	0.01185	0.01382	0.00922	0.00790	0.00527	0.00263	0.00658	0.00461	0.00527	0.00922
86	0.03115	0.02324	0.02486	0.01934	0.02593	0.02583	0.01588	0.55759	0.10384	0.05169	0.02196	0.02165	0.01571	0.01036	0.00853	0.00259	0.00908	0.00787	0.00853	0.01436
87	0.02915	0.02313	0.05706	0.01954	0.02670	0.02324	0.04589	0.43891	0.06282	0.07777	0.02078	0.02110	0.01489	0.00961	0.00834	0.00246	0.00921	0.00757	0.00779	0.09406
88	0.11911	0.02567	0.02223	0.01869	0.02358	0.19726	0.01491	0.25335	0.06501	0.03644	0.02110	0.02230	0.04973	0.01077	0.01004	0.00263	0.08178	0.00739	0.00646	0.01154
89	0.01464	0.01272	0.02002	0.23757	0.09091	0.01385	0.04188	0.01976	0.05360	0.02473	0.08883	0.25194	0.03569	0.01608	0.00965	0.00305	0.00811	0.04164	0.00621	0.00911
90	0.01841	0.01411	0.01802	0.01374	0.02008	0.01117	0.04009	0.02193	0.01830	0.08676	0.02436	0.11586	0.04567	0.01021	0.00749	0.00184	0.00652	0.00883	0.00605	0.51055
91	0.03124	0.01548	0.01923	0.01554	0.02128	0.01497	0.01269	0.11689	0.10864	0.39641	0.06564	0.03569	0.05470	0.01213	0.00887	0.00273	0.00719	0.03767	0.00969	0.01335
92	0.76103	0.01646	0.01251	0.01119	0.01646	0.01909	0.00922	0.02502	0.01448	0.03818	0.01185	0.01382	0.00922	0.00790	0.00527	0.00263	0.00658	0.00461	0.00527	0.00922
93	0.03235	0.02384	0.02554	0.01958	0.02639	0.02639	0.01618	0.61946	0.04001	0.05363	0.02043	0.02043	0.01447	0.01022	0.00851	0.00255	0.00936	0.00766	0.00851	0.01447
94	0.01707	0.04402	0.65683	0.02426	0.03683	0.01976	0.03144	0.02695	0.01797	0.02695	0.01527	0.01797	0.01078	0.00809	0.00809	0.00270	0.01258	0.00629	0.00359	0.01258
95	0.01862	0.01862	0.02607	0.02234	0.02234	0.02607	0.01862	0.02048	0.01303	0.02048	0.01117	0.01862	0.01117	0.01489	0.02793	0.00372	0.68535	0.00745	0.00372	0.00931
96	0.01991	0.01538	0.01734	0.01633	0.02032	0.01707	0.01291	0.03659	0.41647	0.07514	0.03769	0.10735	0.03285	0.01517	0.00944	0.00312	0.00680	0.11968	0.00856	0.01186
97	0.01160	0.00868	0.01076	0.01024	0.01244	0.00784	0.00768	0.01520	0.02305	0.03165	0.51940	0.06765	0.20579	0.01832	0.01004	0.00272	0.00408	0.01596	0.00904	0.00784
98	0.03116	0.08661	0.02553	0.02141	0.02600	0.62295	0.01631	0.03339	0.02364	0.02077	0.01306	0.01523	0.01096	0.00867	0.00752	0.00217	0.01491	0.00542	0.00433	0.00994
99	0.40693	0.02099	0.01831	0.04404	0.02241	0.08562	0.01278	0.19535	0.05859	0.03997	0.01587	0.01727	0.01194	0.00888	0.00676	0.00259	0.00846	0.00598	0.00623	0.01103
100	0.02023	0.01960	0.03364	0.13133	0.50793	0.02044	0.05342	0.02529	0.01875	0.02658	0.01568	0.02123	0.01305	0.00809	0.00960	0.00265	0.04803	0.00769	0.00413	0.01263
101	0.01946	0.02174	0.04637	0.13633	0.04668	0.02111	0.52446	0.02640	0.01961	0.02640	0.01689	0.02291	0.01267	0.00738	0.00980	0.00286	0.01388	0.00966	0.00422	0.01116
102	0.01226	0.00871	0.01160	0.01160	0.01240	0.00951	0.00805	0.01386	0.01306	0.01822	0.02470	0.04396	0.02585	0.36513	0.37215	0.01111	0.01592	0.01066	0.00484	0.00644
103	0.03818	0.01448	0.01975	0.01514	0.02172	0.01251	0.01251	0.04147	0.02436	0.65373	0.03357	0.02897	0.02107	0.01053	0.00856	0.00263	0.00724	0.00856	0.01053	0.01448
104	0.10249	0.01443	0.01848	0.01456	0.02063	0.01318	0.01193	0.03835	0.04961	0.52731	0.07380	0.03008	0.02428	0.01081	0.00836	0.00265	0.00694	0.00871	0.00988	0.01351
105	0.01707	0.04402	0.65683	0.02426	0.03683	0.01976	0.03144	0.02695	0.01797	0.02695	0.01527	0.01797	0.01078	0.00809	0.00809	0.00270	0.01258	0.00629	0.00359	0.01258
106	0.01338	0.00956	0.01334	0.01530	0.01711	0.00951	0.01314	0.01706	0.01927	0.02510	0.04524	0.15485	0.04969	0.02382	0.01167	0.00387	0.00755	0.53494	0.00784	0.00775
107	0.01862	0.01862	0.02607	0.02234	0.02234	0.02607	0.01862	0.02048	0.01303	0.02048	0.01117	0.01862	0.01117	0.01489	0.02793	0.00372	0.68535	0.00745	0.00372	0.00931
108	0.01174	0.00861	0.01103	0.01084	0.01279	0.00791	0.00813	0.01528	0.02254	0.03119	0.49040	0.13230	0.13844	0.01912	0.01021	0.00284	0.00433	0.04550	0.00898	0.00781
109	0.01204	0.00870	0.01138	0.01071	0.01271	0.00803	0.00803	0.01606	0.02409	0.03413	0.64335	0.06357	0.08030	0.01740	0.01004	0.00268	0.00401	0.01539	0.00937	0.00803
110	0.01820	0.01805	0.02525	0.02181	0.02184	0.02510	0.01808	0.02005	0.01320	0.02054	0.01297	0.05265	0.01344	0.01549	0.02707	0.00371	0.65114	0.00829	0.00393	0.00919
111	0.01231	0.00852	0.01063	0.01063	0.01110	0.00898	0.00684	0.01324	0.01277	0.01750	0.02558	0.04886	0.02798	0.50556	0.23462	0.00991	0.01271	0.01138	0.00497	0.00591
112	0.03179	0.04056	0.02412	0.02192	0.02631	0.66676	0.01644	0.03398	0.02412	0.02083	0.01315	0.01535	0.01096	0.00877	0.00767	0.00219	0.01535	0.00548	0.00438	0.00987
113	0.03235	0.02384	0.02554	0.01958	0.02639	0.02639	0.01618	0.61946	0.04001	0.05363	0.02043	0.02043	0.01447	0.01022	0.00851	0.00255	0.00936	0.00766	0.00851	0.01447
114	0.09435	0.57716	0.06779	0.01470	0.02199	0.03064	0.01471	0.02626	0.01739	0.05211	0.01302	0.01459	0.01123	0.00753	0.00571	0.00198	0.00893	0.00482	0.00412	0.01100
115	0.02016	0.01914	0.03244	0.08431	0.57111	0.01930	0.02473	0.02518	0.01957	0.02790	0.05937	0.02409	0.01798	0.00831	0.00854	0.00255	0.00976	0.00812	0.00455	0.01288
116	0.01216	0.00912	0.01368	0.01368	0.01520	0.01064	0.01064	0.01520	0.01368	0.01976	0.02279	0.03343	0.02127	0.06382	0.66720	0.01368	0.02279	0.00912	0.00456	0.00760
117	0.01976	0.01559	0.01823	0.01317	0.02062	0.01229	0.01059	0.05731	0.01936	0.06782	0.01657	0.01851	0.01323	0.00679	0.00657	0.00142	0.00654	0.00541	0.00558	0.66464
118	0.03179	0.04056	0.02412	0.02192	0.02631	0.66676	0.01644	0.03398	0.02412	0.02083	0.01315	0.01535	0.01096	0.00877	0.00767	0.00219	0.01535	0.00548	0.00438	0.00987
119	0.01247	0.00993	0.01101	0.01098	0.01389	0.00911	0.00875	0.05557	0.02109	0.02618	0.09998	0.07974	0.44718	0.02098	0.01031	0.00306	0.00539	0.13852	0.00800	0.00787
120	0.03217	0.02304	0.02491	0.01922	0.02592	0.02534	0.01584	0.55926	0.06667	0.08756	0.02185	0.02145	0.01539	0.01030	0.00852	0.00257	0.00912	0.00780	0.00864	0.01443
121	0.01520	0.01110	0.01439	0.01501	0.01746	0.01132	0.01260	0.06926	0.05307	0.02975	0.15090	0.10888	0.05092	0.02082	0.01097	0.00350	0.00708	0.38089	0.00822	0.00867
122	0.03818	0.01448	0.01975	0.01514	0.02172	0.01251	0.01251	0.04147	0.02436	0.65373	0.03357	0.02897	0.02107	0.01053	0.00856	0.00263	0.00724	0.00856	0.01053	0.01448
123	0.01804	0.01000	0.01313	0.01169	0.01476	0.00899	0.00899	0.02166	0.02352	0.17959	0.43896	0.08583	0.09784	0.01644	0.00973	0.00271	0.00484	0.01433	0.00949	0.00946
124	0.02275	0.70604	0.04459	0.01456	0.02184	0.03367	0.01456	0.02548	0.01729	0.02002	0.01183	0.01365	0.01092	0.00728	0.00546	0.00182	0.00910	0.00455	0.00364	0.01092
125	0.02106	0.02022	0.03454	0.05223	0.64784	0.02022	0.02612	0.02612	0.01938	0.02780	0.01601	0.02106	0.01348	0.00758	0.00842	0.00253	0.01011	0.00758	0.00421	0.01348
126	0.03030	0.02310	0.02621	0.02210	0.06902	0.02593	0.01709	0.52301	0.03609	0.04878	0.01927	0.02031	0.01410	0.01047	0.01030	0.00266	0.07193	0.00764	0.00777	0.01393
127	0.02275	0.70604	0.04459	0.01456	0.02184	0.03367	0.01456	0.02548	0.01729	0.02002	0.01183	0.01365	0.01092	0.00728	0.00546	0.00182	0.00910	0.00455	0.00364	0.01092
128	0.76103	0.01646	0.01251	0.01119	0.01646	0.01909	0.00922	0.02502	0.01448	0.03818	0.01185	0.01382	0.00922	0.00790	0.00527	0.00263	0.00658	0.00461	0.00527	0.00922
129	0.01037	0.00741	0.00987	0.01185	0.01234	0.00691	0.00790	0.01185	0.01629	0.02172	0.04690	0.69537	0.05629	0.02666	0.01086	0.00346	0.00494	0.02419	0.00790	0.00691
130	0.03818	0.01448	0.01975	0.01514	0.02172	0.01251	0.01251	0.04147	0.02436	0.65373	0.03357	0.02897	0.02107	0.01053	0.00856	0.00263	0.00724	0.00856	0.01053	0.01448
131	0.01204	0.00870	0.01138	0.01071	0.01271	0.00803	0.00803	0.01606	0.02409	0.03413	0.64335	0.06357	0.08030	0.01740	0.01004	0.00268	0.00401	0.01539	0.00937	0.00803
132	0.01037	0.00741	0.00987	0.01185	0.01234	0.00691	0.00790	0.01185	0.01629	0.02172	0.04690	0.69537	0.05629	0.02666	0.01086	0.00346	0.00494	0.02419	0.00790	0.00691
133	0.71648	0.01634	0.01295	0.01143	0.01678	0.01869	0.00942	0.02603	0.01509	0.07612	0.01319	0.01476	0.00995	0.00806	0.00547	0.00263	0.00662	0.00485	0.00559	0.00954
134	0.01191	0.00869	0.01118	0.01056	0.01263	0.00797	0.00792	0.01579	0.02376	0.03336	0.60480	0.06484	0.11933	0.01769	0.01004	0.00269	0.00404	0.01557	0.00927	0.00797
135	0.01089	0.00762	0.00972	0.01118	0.01155	0.00726	0.00719	0.01199	0.01528	0.02037	0.04170	0.52978	0.04972	0.20120	0.01926	0.00470	0.00579	0.02113	0.00719	0.00646
136	0.01025	0.00863	0.00888	0.00882	0.01161	0.00726	0.00662	0.01258	0.01985	0.02405	0.13947	0.08015	0.59046	0.02116	0.01006	0.00285	0.00428	0.01771	0.00804	0.00726
137	0.01707	0.04402	0.65683	0.02426	0.03683	0.01976	0.03144	0.02695	0.01797	0.02695	0.01527	0.01797	0.01078	0.00809	0.00809	0.00270	0.01258	0.00629	0.00359	0.01258
138	0.01155	0.00868	0.01069	0.01019	0.01241	0.00782	0.00764	0.01510	0.02292	0.03135	0.50456	0.06813	0.22082	0.01843	0.01004	0.00273	0.00409	0.01603	0.00900	0.00782
139	0.76103	0.01646	0.01251	0.01119	0.01646	0.01909	0.00922	0.02502	0.01448	0.03818	0.01185	0.01382	0.00922	0.00790	0.00527	0.00263	0.00658	0.00461	0.00527	0.00922
140	0.01736	0.07052	0.55476	0.02419	0.03571	0.02000	0.07030	0.02643	0.01817	0.02659	0.01676	0.02208	0.01287	0.00877	0.00829	0.00273	0.01230	0.03611	0.00386	0.01219
141	0.01362	0.00860	0.01003	0.00981	0.01021	0.00859	0.00582	0.01395	0.01303	0.04762	0.02692	0.05315	0.02992	0.63197	0.07633	0.00828	0.00901	0.01201	0.00538	0.00575
142	0.03181	0.03998	0.02417	0.02184	0.02631	0.64476	0.01643	0.05409	0.02466	0.02195	0.01340	0.01552	0.01108	0.00882	0.00770	0.00220	0.01514	0.00556	0.00453	0.01002
143	0.01765	0.01513	0.01765	0.01260	0.02017	0.01134	0.01008	0.02143	0.01765	0.02773	0.01513	0.01765	0.01260	0.00630	0.00630	0.00126	0.00630	0.00504	0.00504	0.75295
144	0.03602	0.01432	0.01926	0.01498	0.02124	0.01262	0.01230	0.04021	0.04952	0.59367	0.06754	0.03101	0.02456	0.01096	0.00864	0.00265	0.00704	0.00898	0.01039	0.01408
145	0.01234	0.00835	0.00978	0.00975	0.00999	0.00845	0.00580	0.01283	0.01314	0.01777	0.06076	0.05417	0.03284	0.60695	0.09626	0.00842	0.00929	0.01226	0.00534	0.00553
146	0.01927	0.21407	0.46760	0.02165	0.03245	0.05587	0.02635	0.02693	0.01810	0.02486	0.01428	0.01673	0.01083	0.00791	0.00739	0.00244	0.01182	0.00580	0.00365	0.01201
147	0.01961	0.02205	0.06619	0.03326	0.12273	0.02275	0.31137	0.02486	0.01758	0.02510	0.01498	0.02105	0.01233	0.00980	0.01560	0.00309	0.23380	0.00868	0.00407	0.01110
148	0.01202	0.00817	0.00932	0.00955	0.00975	0.00804	0.00555	0.01231	0.01319	0.01744	0.03219	0.13234	0.06505	0.58707	0.03781	0.00741	0.00766	0.01405	0.00562	0.00547
149	0.01065	0.00753	0.00979	0.01148	0.01191	0.00710	0.00751	0.01192	0.01574	0.02098	0.04405	0.60435	0.05268	0.12260	0.01548	0.00414	0.00541	0.02251	0.00751	0.00666
150	0.01927	0.01822	0.03086	0.22255	0.44960	0.01926	0.02472	0.02443	0.01874	0.02600	0.01745	0.02585	0.01495	0.00876	0.00864	0.00269	0.01032	0.04135	0.00430	0.01205
151	0.01230	0.00857	0.01088	0.01088	0.01143	0.00912	0.00714	0.01340	0.01285	0.01768	0.02536	0.04762	0.02743	0.46982	0.26962	0.01022	0.01353	0.01119	0.00494	0.00604
152	0.01052	0.00862	0.00930	0.00939	0.01198	0.00741	0.00708	0.01299	0.01993	0.02464	0.16255	0.10971	0.50857	0.02129	0.01017	0.00292	0.00445	0.04305	0.00811	0.00732
153	0.03071	0.08411	0.02616	0.02263	0.05545	0.53344	0.01675	0.08685	0.02488	0.02412	0.01387	0.01597	0.01140	0.00874	0.00763	0.00222	0.01412	0.00572	0.00470	0.01053
154	0.67597	0.04905	0.01453	0.01162	0.01708	0.01933	0.00970	0.02618	0.01530	0.07991	0.01335	0.01486	0.01012	0.00805	0.00550	0.00259	0.00675	0.00488	0.00555	0.00966
155	0.01115	0.00910	0.00991	0.00963	0.01235	0.00809	0.00724	0.01487	0.04978	0.02676	0.24243	0.07430	0.45445	0.01990	0.00999	0.00282	0.00434	0.01683	0.00836	0.00772
156	0.02106	0.02022	0.03454	0.05223	0.64784	0.02022	0.02612	0.02612	0.01938	0.02780	0.01601	0.02106	0.01348	0.00758	0.00842	0.00253	0.01011	0.00758	0.00421	0.01348
157	0.01216	0.00912	0.01368	0.01368	0.01520	0.01064	0.01064	0.01520	0.01368	0.01976	0.02279	0.03343	0.02127	0.06382	0.66720	0.01368	0.02279	0.00912	0.00456	0.00760
158	0.01795	0.01667	0.02752	0.51015	0.18741	0.01955	0.02383	0.05108	0.01863	0.02460	0.01557	0.02222	0.01197	0.00838	0.00849	0.00275	0.01098	0.00757	0.00410	0.01058
159	0.02328	0.66749	0.04341	0.01499	0.02210	0.07035	0.01467	0.02597	0.01769	0.02007	0.01191	0.01375	0.01092	0.00737	0.00559	0.00184	0.00946	0.00460	0.00368	0.01086
160	0.02002	0.02276	0.04913	0.03526	0.04348	0.02172	0.59009	0.02696	0.01977	0.02696	0.01695	0.02276	0.01283	0.00752	0.01085	0.00291	0.04444	0.00993	0.00428	0.01138
161	0.02019	0.01998	0.03090	0.25364	0.41396	0.06453	0.02464	0.02524	0.01894	0.02536	0.01552	0.02119	0.01261	0.00796	0.00840	0.00260	0.01087	0.00743	0.00408	0.01193
162	0.01170	0.00863	0.01093	0.01047	0.01253	0.00786	0.00781	0.01534	0.02310	0.03204	0.54022	0.09332	0.15767	0.01837	0.01008	0.00274	0.00410	0.01613	0.00910	0.00786
163	0.01990	0.02236	0.04799	0.07404	0.07591	0.02130	0.55258	0.02688	0.01987	0.02697	0.01703	0.02284	0.01285	0.00727	0.00987	0.00285	0.01396	0.00977	0.00427	0.01146
164	0.01169	0.00863	0.01091	0.01046	0.01252	0.00786	0.00780	0.01532	0.02308	0.03199	0.53737	0.09362	0.16034	0.01840	0.01008	0.00274	0.00410	0.01614	0.00909	0.00786
165	0.01913	0.01540	0.01802	0.01297	0.02046	0.01192	0.01041	0.04310	0.01874	0.05829	0.01618	0.01828	0.01307	0.00664	0.00649	0.00137	0.00645	0.00530	0.00542	0.69238
166	0.42236	0.01553	0.01590	0.01304	0.01893	0.01601	0.01076	0.03273	0.01911	0.32658	0.02203	0.02092	0.01477	0.00913	0.00681	0.00263	0.00689	0.00646	0.00773	0.01168
167	0.01238	0.00825	0.00928	0.00928	0.00928	0.00825	0.00516	0.01238	0.01238	0.01650	0.02681	0.05569	0.03094	0.70092	0.04331	0.00825	0.00825	0.01238	0.00516	0.00516
168	0.03179	0.04056	0.02412	0.02192	0.02631	0.66676	0.01644	0.03398	0.02412	0.02083	0.01315	0.01535	0.01096	0.00877	0.00767	0.00219	0.01535	0.00548	0.00438	0.00987
169	0.01035	0.00863	0.00903	0.00893	0.01168	0.00731	0.00670	0.01279	0.02010	0.02465	0.16953	0.07916	0.56002	0.02093	0.01005	0.00284	0.00427	0.01758	0.00812	0.00731
170	0.01646	0.01582	0.02726	0.60695	0.05604	0.01940	0.06447	0.02207	0.01705	0.02207	0.01510	0.02253	0.01145	0.00870	0.00947	0.00288	0.04116	0.00773	0.00382	0.00959
171	0.07323	0.05318	0.12743	0.01712	0.02470	0.01729	0.01616	0.13019	0.02493	0.38939	0.02620	0.02421	0.01716	0.00978	0.00814	0.00259	0.00852	0.00763	0.00844	0.01371
172	0.01037	0.00741	0.00987	0.01185	0.01234	0.00691	0.00790	0.01185	0.01629	0.02172	0.04690	0.69537	0.05629	0.02666	0.01086	0.00346	0.00494	0.02419	0.00790	0.00691
173	0.01037	0.00741	0.00987	0.01185	0.01234	0.00691	0.00790	0.01185	0.01629	0.02172	0.04690	0.69537	0.05629	0.02666	0.01086	0.00346	0.00494	0.02419	0.00790	0.00691
174	0.01765	0.01513	0.01765	0.01260	0.02017	0.01134	0.01008	0.02143	0.01765	0.02773	0.01513	0.01765	0.01260	0.00630	0.00630	0.00126	0.00630	0.00504	0.00504	0.75295
175	0.02985	0.04973	0.02172	0.01831	0.06497	0.01703	0.01379	0.06829	0.19849	0.34344	0.05990	0.02969	0.02394	0.01077	0.00850	0.00266	0.00734	0.00888	0.00907	0.01364
176	0.01632	0.01558	0.02601	0.52763	0.05076	0.01939	0.05102	0.02135	0.01660	0.02184	0.01630	0.05598	0.01366	0.01021	0.01129	0.00299	0.10116	0.00850	0.00401	0.00940
177	0.01037	0.00741	0.00987	0.01185	0.01234	0.00691	0.00790	0.01185	0.01629	0.02172	0.04690	0.69537	0.05629	0.02666	0.01086	0.00346	0.00494	0.02419	0.00790	0.00691
178	0.02319	0.67369	0.04360	0.01492	0.02206	0.06445	0.01465	0.02590	0.01762	0.02006	0.01190	0.01373	0.01092	0.00735	0.00557	0.00184	0.00940	0.00460	0.00368	0.01087
179	0.01722	0.04300	0.62738	0.02482	0.03720	0.01985	0.05986	0.02697	0.01807	0.02697	0.01537	0.01821	0.01088	0.00804	0.00818	0.00270	0.01266	0.00647	0.00363	0.01252
180	0.01217	0.00909	0.01351	0.01351	0.01497	0.01055	0.01043	0.01509	0.01363	0.01963	0.02295	0.03427	0.02164	0.08779	0.64373	0.01347	0.02225	0.00924	0.00458	0.00751
181	0.01217	0.00908	0.01347	0.01347	0.01492	0.01052	0.01038	0.01506	0.01362	0.01960	0.02299	0.03449	0.02173	0.09407	0.63759	0.01342	0.02210	0.00927	0.00459	0.00748
182	0.01607	0.01513	0.02552	0.68047	0.05861	0.01891	0.02363	0.02174	0.01702	0.02174	0.01513	0.02269	0.01134	0.00851	0.00851	0.00284	0.01134	0.00756	0.00378	0.00945
183	0.01216	0.00912	0.01368	0.01368	0.01520	0.01064	0.01064	0.01520	0.01368	0.01976	0.02279	0.03343	0.02127	0.06382	0.66720	0.01368	0.02279	0.00912	0.00456	0.00760
184	0.02275	0.70604	0.04459	0.01456	0.02184	0.03367	0.01456	0.02548	0.01729	0.02002	0.01183	0.01365	0.01092	0.00728	0.00546	0.00182	0.00910	0.00455	0.00364	0.01092
185	0.76103	0.01646	0.01251	0.01119	0.01646	0.01909	0.00922	0.02502	0.01448	0.03818	0.01185	0.01382	0.00922	0.00790	0.00527	0.00263	0.00658	0.00461	0.00527	0.00922
186	0.03235	0.02384	0.02554	0.01958	0.02639	0.02639	0.01618	0.61946	0.04001	0.05363	0.02043	0.02043	0.01447	0.01022	0.00851	0.00255	0.00936	0.00766	0.00851	0.01447
187	0.01037	0.00741	0.00987	0.01185	0.01234	0.00691	0.00790	0.01185	0.01629	0.02172	0.04690	0.69537	0.05629	0.02666	0.01086	0.00346	0.00494	0.02419	0.00790	0.00691
188	0.02117	0.01828	0.01924	0.01732	0.02213	0.02117	0.01347	0.04522	0.63246	0.03560	0.03464	0.03175	0.02598	0.01155	0.00866	0.00289	0.00673	0.00962	0.00866	0.01347
189	0.02117	0.01828	0.01924	0.01732	0.02213	0.02117	0.01347	0.04522	0.63246	0.03560	0.03464	0.03175	0.02598	0.01155	0.00866	0.00289	0.00673	0.00962	0.00866	0.01347
190	0.01765	0.01513	0.01765	0.01260	0.02017	0.01134	0.01008	0.02143	0.01765	0.02773	0.01513	0.01765	0.01260	0.00630	0.00630	0.00126	0.00630	0.00504	0.00504	0.75295
191	0.01765	0.01513	0.01765	0.01260	0.02017	0.01134	0.01008	0.02143	0.01765	0.02773	0.01513	0.01765	0.01260	0.00630	0.00630	0.00126	0.00630	0.00504	0.00504	0.75295
192	0.01586	0.00793	0.00793	0.00793	0.00991	0.00793	0.00595	0.01983	0.01785	0.03173	0.02776	0.03173	0.02181	0.00991	0.00595	0.00198	0.00397	0.00793	0.74817	0.00793
193	0.01217	0.00907	0.01346	0.01346	0.01490	0.01052	0.01036	0.01506	0.01361	0.01959	0.02299	0.03454	0.02176	0.09556	0.63613	0.01341	0.02207	0.00928	0.00459	0.00748
194	0.01765	0.01513	0.01765	0.01260	0.02017	0.01134	0.01008	0.02143	0.01765	0.02773	0.01513	0.01765	0.01260	0.00630	0.00630	0.00126	0.00630	0.00504	0.00504	0.75295
195	0.03235	0.02384	0.02554	0.01958	0.02639	0.02639	0.01618	0.61946	0.04001	0.05363	0.02043	0.02043	0.01447	0.01022	0.00851	0.00255	0.00936	0.00766	0.00851	0.01447
196	0.01204	0.00870	0.01138	0.01071	0.01271	0.00803	0.00803	0.01606	0.02409	0.03413	0.64335	0.06357	0.08030	0.01740	0.01004	0.00268	0.00401	0.01539	0.00937	0.00803
197	0.01037	0.00741	0.00987	0.01185	0.01234	0.00691	0.00790	0.01185	0.01629	0.02172	0.04690	0.69537	0.05629	0.02666	0.01086	0.00346	0.00494	0.02419	0.00790	0.00691
198	0.01478	0.00739	0.01109	0.01109	0.01109	0.00739	0.00739	0.01109	0.01109	0.01478	0.01478	0.02587	0.01478	0.02956	0.03326	0.75240	0.00739	0.00739	0.00370	0.00370
199	0.02117	0.01828	0.01924	0.01732	0.02213	0.02117	0.01347	0.04522	0.63246	0.03560	0.03464	0.03175	0.02598	0.01155	0.00866	0.00289	0.00673	0.00962	0.00866	0.01347
200	0.01171	0.00869	0.01092	0.01036	0.01251	0.00789	0.00777	0.01542	0.02331	0.03227	0.55027	0.06663	0.17453	0.01809	0.01004	0.00271	0.00406	0.01582	0.00912	0.00789
201	0.01238	0.00825	0.00928	0.00928	0.00928	0.00825	0.00516	0.01238	0.01238	0.01650	0.02681	0.05569	0.03094	0.70092	0.04331	0.00825	0.00825	0.01238	0.00516	0.00516
202	0.01682	0.01589	0.02688	0.58575	0.14745	0.01911	0.02401	0.02240	0.01737	0.02266	0.01526	0.02244	0.01167	0.00837	0.00850	0.00279	0.01116	0.00757	0.00385	0.01006
203	0.02791	0.10173	0.02797	0.05190	0.05794	0.40542	0.04686	0.06795	0.05699	0.02427	0.01500	0.01753	0.01226	0.00900	0.00869	0.00237	0.04456	0.00626	0.00473	0.01067
204	0.01813	0.01646	0.02060	0.01614	0.02100	0.01680	0.01315	0.02209	0.04152	0.02557	0.01458	0.01856	0.01267	0.00947	0.01382	0.00217	0.23940	0.00606	0.00474	0.46708
205	0.01201	0.00874	0.01133	0.01081	0.01286	0.00806	0.00819	0.01593	0.02366	0.03320	0.59030	0.06584	0.10762	0.01786	0.01011	0.00274	0.00419	0.03934	0.00923	0.00798
206	0.02247	0.01893	0.01998	0.01758	0.02263	0.02178	0.01379	0.11216	0.56340	0.03770	0.03298	0.03043	0.02464	0.01139	0.00864	0.00285	0.00704	0.00939	0.00864	0.01359
207	0.01047	0.00864	0.00923	0.00939	0.01202	0.00740	0.00711	0.01286	0.01966	0.02403	0.12901	0.11104	0.53125	0.02157	0.01020	0.00295	0.00453	0.05334	0.00802	0.00728
208	0.03235	0.02384	0.02554	0.01958	0.02639	0.02639	0.01618	0.61946	0.04001	0.05363	0.02043	0.02043	0.01447	0.01022	0.00851	0.00255	0.00936	0.00766	0.00851	0.01447
209	0.01644	0.01621	0.02845	0.24743	0.03801	0.01866	0.16285	0.02080	0.01675	0.02280	0.02121	0.15792	0.02077	0.01323	0.01354	0.00316	0.15613	0.01150	0.00473	0.00940
210	0.05486	0.02204	0.10539	0.14623	0.45286	0.01991	0.02555	0.02547	0.01861	0.02724	0.01558	0.02061	0.01262	0.00780	0.00825	0.00260	0.01043	0.00729	0.00412	0.01254
211	0.02009	0.02296	0.05022	0.03587	0.04448	0.02152	0.61693	0.02726	0.02009	0.02726	0.01722	0.02296	0.01291	0.00717	0.01004	0.00287	0.01435	0.01004	0.00430	0.01148
212	0.01233	0.00842	0.01013	0.01013	0.01042	0.00871	0.00621	0.01292	0.01263	0.01713	0.02604	0.05141	0.02908	0.57839	0.16330	0.00929	0.01105	0.01175	0.00504	0.00563
213	0.01328	0.01048	0.01271	0.05034	0.01692	0.03641	0.01026	0.05138	0.01847	0.02405	0.04191	0.52432	0.04855	0.02356	0.01055	0.00336	0.00631	0.08183	0.00756	0.00774
214	0.06504	0.04152	0.02043	0.01561	0.02169	0.01559	0.01294	0.08846	0.09377	0.44302	0.03152	0.03145	0.02189	0.01118	0.00850	0.00270	0.00744	0.04415	0.00949	0.01359
215	0.01064	0.00760	0.01018	0.01216	0.01277	0.00714	0.00837	0.01232	0.01656	0.02203	0.04676	0.64701	0.05570	0.02641	0.01093	0.00349	0.00517	0.06989	0.00789	0.00699
216	0.03706	0.01523	0.02008	0.01551	0.02203	0.01375	0.01278	0.07727	0.05260	0.58902	0.03281	0.02856	0.02088	0.01056	0.00856	0.00264	0.00735	0.00855	0.01032	0.01444
217	0.02117	0.01828	0.01924	0.01732	0.02213	0.02117	0.01347	0.04522	0.63246	0.03560	0.03464	0.03175	0.02598	0.01155	0.00866	0.00289	0.00673	0.00962	0.00866	0.01347
218	0.03548	0.01555	0.02001	0.01570	0.02205	0.01452	0.01285	0.07548	0.10988	0.53295	0.03296	0.02886	0.02137	0.01066	0.00857	0.00266	0.00729	0.00865	0.01016	0.01434
219	0.01068	0.00770	0.01019	0.01206	0.01282	0.00721	0.00840	0.01244	0.01677	0.02216	0.04870	0.60542	0.08513	0.02609	0.01091	0.00347	0.00519	0.07972	0.00789	0.00702
220	0.01220	0.00896	0.01290	0.01290	0.01415	0.01021	0.00967	0.01470	0.01345	0.01918	0.02351	0.03738	0.02299	0.17670	0.55667	0.01272	0.02022	0.00970	0.00466	0.00717
