[name]
unknown

[dist]
# distance from previous block
# <min> <max>
0	6

[block]
# block no. 0 follows, 23 sequences, length 34
# corresponding to MSA columns:
# 6-39
name=unknown_A
#
# <colnr> <probs for GDERKNQSTAVLIFYWHMCP>
#	G	D	E	R	K	N	Q	S	T	A	V	L	I	F	Y	W	H	M	C	P
0	0.01308	0.00934	0.01308	0.01494	0.01681	0.00934	0.01308	0.01681	0.01868	0.02428	0.04296	0.09153	0.04670	0.02242	0.01121	0.00374	0.00747	0.60960	0.00747	0.00747
1	0.01923	0.01295	0.01584	0.01234	0.01814	0.01025	0.00967	0.02235	0.01779	0.14654	0.02332	0.14644	0.02121	0.01034	0.00721	0.00183	0.00594	0.00880	0.00630	0.48351
2	0.01532	0.01442	0.02434	0.69533	0.05589	0.01803	0.02253	0.02073	0.01622	0.02073	0.01442	0.02163	0.01082	0.00811	0.00811	0.00270	0.01082	0.00721	0.00361	0.00901
3	0.01070	0.00800	0.00975	0.00983	0.01153	0.00725	0.00706	0.01333	0.01957	0.02631	0.34589	0.19498	0.21685	0.06769	0.01193	0.00312	0.00436	0.01678	0.00802	0.00705
4	0.03031	0.03867	0.02299	0.02090	0.02508	0.68226	0.01568	0.03240	0.02299	0.01986	0.01254	0.01463	0.01045	0.00836	0.00732	0.00209	0.01463	0.00523	0.00418	0.00941
5	0.01701	0.01615	0.02739	0.46603	0.27198	0.01847	0.02338	0.02221	0.01702	0.02278	0.01472	0.02108	0.01154	0.00780	0.00808	0.00260	0.01040	0.00722	0.00375	0.01038
6	0.02130	0.01876	0.01893	0.01685	0.02153	0.05199	0.01313	0.07793	0.58339	0.03430	0.03125	0.02889	0.02344	0.01081	0.00820	0.00270	0.00696	0.00887	0.00805	0.01274
7	0.02084	0.01069	0.01360	0.01185	0.01493	0.01002	0.00883	0.02467	0.06301	0.25206	0.20596	0.07965	0.04025	0.18732	0.01688	0.00391	0.00614	0.01174	0.00821	0.00944
8	0.01123	0.00820	0.01055	0.01013	0.01201	0.00752	0.00753	0.01476	0.02212	0.03092	0.57361	0.10659	0.11949	0.01750	0.00963	0.00262	0.00391	0.01544	0.00873	0.00752
9	0.00998	0.00710	0.00939	0.01118	0.01163	0.00665	0.00740	0.01132	0.01535	0.02047	0.04378	0.67733	0.05248	0.05925	0.01188	0.00352	0.00486	0.02251	0.00740	0.00651
10	0.02490	0.01355	0.01669	0.01411	0.01841	0.01346	0.01109	0.11177	0.12321	0.27382	0.11881	0.11223	0.03148	0.01415	0.01025	0.05502	0.00642	0.01081	0.00860	0.01123
11	0.00997	0.00713	0.00949	0.01124	0.01179	0.00665	0.00754	0.01151	0.01593	0.02134	0.07752	0.67495	0.05489	0.02495	0.01031	0.00326	0.00466	0.02262	0.00761	0.00665
12	0.00989	0.00706	0.00942	0.01130	0.01177	0.00659	0.00753	0.01130	0.01554	0.02071	0.04472	0.70954	0.05367	0.02542	0.01036	0.00330	0.00471	0.02307	0.00753	0.00659
13	0.04913	0.00934	0.00983	0.00977	0.01241	0.00876	0.00729	0.01566	0.07935	0.02482	0.13256	0.15142	0.42244	0.01918	0.00933	0.00278	0.00449	0.01623	0.00763	0.00758
14	0.02503	0.01229	0.01564	0.01301	0.01755	0.01142	0.01037	0.03093	0.10697	0.35264	0.20848	0.04146	0.09277	0.01289	0.00869	0.00257	0.00575	0.01087	0.00928	0.01138
15	0.06154	0.01852	0.01996	0.01634	0.02170	0.02041	0.01317	0.30484	0.23160	0.09924	0.06089	0.02610	0.02146	0.01045	0.00801	0.00254	0.00734	0.00827	0.03493	0.01269
16	0.06420	0.02241	0.02379	0.01831	0.02474	0.02485	0.01512	0.60956	0.03706	0.05048	0.01911	0.01920	0.01357	0.00964	0.00798	0.00244	0.00881	0.00717	0.00798	0.01357
17	0.02526	0.01788	0.01927	0.01561	0.02048	0.01949	0.01257	0.44112	0.03130	0.04341	0.02386	0.10370	0.01992	0.01155	0.00790	0.00243	0.00741	0.00923	0.15588	0.01172
18	0.01404	0.00888	0.01096	0.01026	0.01287	0.00787	0.00775	0.01701	0.02094	0.11209	0.34317	0.12334	0.24450	0.01777	0.00947	0.00267	0.00440	0.01536	0.00852	0.00812
19	0.01180	0.00787	0.00885	0.00885	0.00885	0.00787	0.00492	0.01180	0.01180	0.01573	0.02557	0.05310	0.02950	0.71483	0.04130	0.00787	0.00787	0.01180	0.00492	0.00492
20	0.00989	0.00706	0.00942	0.01130	0.01177	0.00659	0.00753	0.01130	0.01554	0.02071	0.04472	0.70954	0.05367	0.02542	0.01036	0.00330	0.00471	0.02307	0.00753	0.00659
21	0.00989	0.00706	0.00942	0.01130	0.01177	0.00659	0.00753	0.01130	0.01554	0.02071	0.04472	0.70954	0.05367	0.02542	0.01036	0.00330	0.00471	0.02307	0.00753	0.00659
22	0.01180	0.00787	0.00885	0.00885	0.00885	0.00787	0.00492	0.01180	0.01180	0.01573	0.02557	0.05310	0.02950	0.71483	0.04130	0.00787	0.00787	0.01180	0.00492	0.00492
23	0.01915	0.02189	0.04788	0.03420	0.04241	0.02052	0.63475	0.02599	0.01915	0.02599	0.01642	0.02189	0.01231	0.00684	0.00958	0.00274	0.01368	0.00958	0.00410	0.01094
24	0.00989	0.00706	0.00942	0.01130	0.01177	0.00659	0.00753	0.01130	0.01554	0.02071	0.04472	0.70954	0.05367	0.02542	0.01036	0.00330	0.00471	0.02307	0.00753	0.00659
25	0.01328	0.01113	0.01633	0.06168	0.01863	0.01396	0.01249	0.01594	0.01306	0.01897	0.01887	0.02898	0.01788	0.07904	0.45335	0.00989	0.17641	0.00838	0.00414	0.00763
26	0.01400	0.01250	0.01491	0.01445	0.01608	0.08243	0.01126	0.01674	0.01405	0.01899	0.01999	0.02907	0.01858	0.05206	0.56567	0.01122	0.06792	0.00822	0.00427	0.00759
27	0.01292	0.00966	0.01382	0.01343	0.01523	0.01118	0.01051	0.05758	0.01478	0.02107	0.02158	0.03102	0.01984	0.05732	0.63600	0.01231	0.02085	0.00860	0.00461	0.00770
28	0.01561	0.01471	0.02485	0.65695	0.09206	0.01810	0.02268	0.02098	0.01636	0.02108	0.01447	0.02154	0.01094	0.00806	0.00811	0.00269	0.01075	0.00721	0.00363	0.00924
29	0.01961	0.02081	0.03285	0.03459	0.26539	0.09684	0.20669	0.02405	0.01832	0.02426	0.01828	0.09956	0.01693	0.00999	0.01039	0.00268	0.07403	0.00953	0.00443	0.01078
30	0.01352	0.01059	0.01486	0.01393	0.01595	0.01218	0.01100	0.05033	0.01467	0.02123	0.02024	0.02903	0.01860	0.05054	0.54662	0.01088	0.07294	0.00822	0.00453	0.06014
31	0.01618	0.00978	0.01237	0.01121	0.01402	0.00902	0.00856	0.04940	0.02242	0.13672	0.38732	0.12632	0.13137	0.01660	0.00935	0.00264	0.00472	0.01444	0.00876	0.00877
32	0.05478	0.02384	0.02320	0.01837	0.02442	0.10927	0.01493	0.47931	0.06104	0.08067	0.01961	0.01957	0.01403	0.00956	0.00792	0.00241	0.00936	0.00707	0.00762	0.01302
33	0.01956	0.02087	0.07761	0.06777	0.50534	0.01938	0.08952	0.02571	0.04572	0.02652	0.01608	0.02057	0.01306	0.00742	0.00819	0.00248	0.01013	0.00748	0.00415	0.01245

[dist]
# distance from previous block
# <min> <max>
11	17

[block]
# block no. 1 follows, 23 sequences, length 41
# corresponding to MSA columns:
# 57-97
name=unknown_B
#
# <colnr> <probs for GDERKNQSTAVLIFYWHMCP>
#	G	D	E	R	K	N	Q	S	T	A	V	L	I	F	Y	W	H	M	C	P
0	0.01227	0.01020	0.01666	0.01538	0.01773	0.00952	0.11172	0.01531	0.01773	0.02406	0.13560	0.39673	0.04832	0.02001	0.01008	0.00308	0.00643	0.09153	0.00710	0.03056
1	0.02138	0.01645	0.01812	0.01559	0.02016	0.01782	0.01220	0.19648	0.28519	0.05881	0.05430	0.13944	0.02746	0.01286	0.00845	0.00262	0.00671	0.01081	0.00794	0.06722
2	0.26345	0.08244	0.06853	0.01471	0.02093	0.05359	0.01306	0.09406	0.04414	0.24118	0.02002	0.01954	0.01394	0.00871	0.00683	0.00242	0.00785	0.00626	0.00680	0.01152
3	0.02597	0.02133	0.02589	0.06272	0.19465	0.04503	0.01802	0.35587	0.09990	0.04004	0.01939	0.02080	0.01451	0.00909	0.00808	0.00247	0.00913	0.00742	0.00668	0.01304
4	0.08875	0.41462	0.14515	0.01742	0.02494	0.02618	0.07791	0.02534	0.01686	0.05710	0.01343	0.01552	0.01095	0.00749	0.00682	0.00214	0.02921	0.00543	0.00402	0.01072
5	0.02256	0.01225	0.01745	0.01413	0.01867	0.01111	0.06590	0.02713	0.05559	0.29133	0.22370	0.04465	0.13356	0.01333	0.00893	0.00259	0.00616	0.01163	0.00870	0.01063
6	0.01894	0.02125	0.04434	0.03222	0.03916	0.02119	0.53988	0.02500	0.01812	0.02500	0.01553	0.02125	0.01206	0.00797	0.01220	0.00286	0.11920	0.00920	0.00402	0.01063
7	0.01346	0.00743	0.01108	0.04569	0.01308	0.00753	0.00792	0.01121	0.01168	0.01553	0.01916	0.13743	0.02045	0.02671	0.02698	0.59960	0.00685	0.00970	0.00419	0.00431
8	0.01844	0.01998	0.03888	0.03039	0.06835	0.02121	0.39735	0.02348	0.01700	0.02392	0.01572	0.04627	0.01340	0.00972	0.01453	0.00298	0.21481	0.00923	0.00406	0.01028
9	0.01513	0.01222	0.01358	0.01290	0.01545	0.03781	0.00964	0.06619	0.15938	0.03070	0.29453	0.21405	0.05226	0.01679	0.00929	0.00276	0.00541	0.01470	0.00818	0.00904
10	0.01174	0.00873	0.01107	0.01119	0.01298	0.00839	0.00832	0.01628	0.06669	0.02855	0.38598	0.22343	0.09474	0.01901	0.00979	0.00285	0.00452	0.05968	0.00836	0.00772
11	0.01983	0.01902	0.03248	0.08416	0.63184	0.01921	0.02478	0.02468	0.01836	0.02620	0.01522	0.02017	0.01274	0.00728	0.00804	0.00243	0.00970	0.00723	0.00399	0.01265
12	0.01885	0.01757	0.02831	0.14042	0.44263	0.01846	0.02214	0.02597	0.09792	0.02641	0.01946	0.02695	0.01659	0.00898	0.00831	0.00260	0.00925	0.05257	0.00475	0.01187
13	0.01180	0.00787	0.00885	0.00885	0.00885	0.00787	0.00492	0.01180	0.01180	0.01573	0.02557	0.05310	0.02950	0.71483	0.04130	0.00787	0.00787	0.01180	0.00492	0.00492
14	0.01042	0.00744	0.01003	0.01191	0.01262	0.00705	0.00846	0.01222	0.01606	0.02131	0.04443	0.60584	0.05250	0.02492	0.01050	0.00337	0.00517	0.12149	0.00752	0.00674
15	0.29156	0.08076	0.06744	0.06342	0.02287	0.01784	0.01334	0.07203	0.01938	0.24974	0.01939	0.01943	0.01339	0.00854	0.00675	0.00245	0.00764	0.00620	0.00659	0.01125
16	0.00989	0.00706	0.00942	0.01130	0.01177	0.00659	0.00753	0.01130	0.01554	0.02071	0.04472	0.70954	0.05367	0.02542	0.01036	0.00330	0.00471	0.02307	0.00753	0.00659
17	0.02351	0.01202	0.01534	0.01297	0.01720	0.01119	0.01045	0.07128	0.04477	0.29781	0.23238	0.04674	0.09709	0.01397	0.00896	0.00264	0.00587	0.05600	0.00908	0.01076
18	0.02154	0.01932	0.03142	0.07328	0.03094	0.02212	0.20821	0.12493	0.01982	0.07469	0.01574	0.02032	0.01239	0.01044	0.01560	0.00298	0.27263	0.00799	0.00496	0.01070
19	0.01740	0.01655	0.02715	0.31643	0.28492	0.01914	0.02204	0.02182	0.01635	0.02260	0.01462	0.02168	0.01231	0.03636	0.01217	0.00292	0.11403	0.00738	0.00381	0.01032
20	0.01217	0.00888	0.01148	0.01122	0.01173	0.00991	0.00768	0.01330	0.01228	0.01709	0.02314	0.04312	0.02491	0.43597	0.26314	0.00935	0.06362	0.01037	0.00462	0.00602
21	0.02362	0.02411	0.02672	0.23837	0.11388	0.20692	0.06386	0.15286	0.02317	0.02788	0.01519	0.01904	0.01169	0.00832	0.00799	0.00244	0.01156	0.00685	0.00479	0.01073
22	0.01014	0.00725	0.00967	0.01137	0.01200	0.00678	0.00777	0.01182	0.01622	0.02174	0.09071	0.63582	0.05510	0.02464	0.01033	0.00326	0.00475	0.04630	0.00763	0.00671
23	0.01859	0.01437	0.01701	0.01224	0.01936	0.01092	0.00982	0.02215	0.01740	0.08436	0.01601	0.01780	0.01274	0.00637	0.00620	0.00132	0.00609	0.00511	0.00528	0.69687
24	0.01092	0.00786	0.01037	0.01079	0.01215	0.00730	0.00779	0.01382	0.01996	0.02770	0.40200	0.31151	0.06673	0.02019	0.00993	0.00288	0.00429	0.03823	0.00834	0.00724
25	0.01178	0.00793	0.00916	0.00916	0.00927	0.00803	0.00530	0.01200	0.01189	0.01596	0.02528	0.05154	0.02882	0.66671	0.08850	0.00825	0.00889	0.01157	0.00487	0.00509
26	0.00989	0.00706	0.00942	0.01130	0.01177	0.00659	0.00753	0.01130	0.01554	0.02071	0.04472	0.70954	0.05367	0.02542	0.01036	0.00330	0.00471	0.02307	0.00753	0.00659
27	0.02199	0.01135	0.01436	0.01220	0.01623	0.01043	0.00963	0.02708	0.08161	0.28589	0.26389	0.04715	0.13584	0.01403	0.00889	0.00258	0.00534	0.01191	0.00911	0.01049
28	0.02169	0.71972	0.04252	0.01388	0.02083	0.03211	0.01388	0.02430	0.01649	0.01909	0.01128	0.01302	0.01041	0.00694	0.00521	0.00174	0.00868	0.00434	0.00347	0.01041
29	0.01916	0.01542	0.01788	0.01701	0.06750	0.01610	0.01225	0.05600	0.33500	0.06448	0.10759	0.03390	0.07083	0.01122	0.00815	0.00245	0.00626	0.00947	0.00755	0.12177
30	0.02885	0.01299	0.01727	0.03679	0.02005	0.01208	0.01145	0.03393	0.08905	0.44490	0.12942	0.03274	0.02884	0.01208	0.00964	0.04307	0.00651	0.00920	0.00911	0.01203
31	0.02893	0.01552	0.01879	0.01512	0.02043	0.01547	0.01221	0.19896	0.08311	0.33047	0.09422	0.07853	0.02704	0.01184	0.00846	0.00257	0.00694	0.00977	0.00906	0.01256
32	0.00989	0.00706	0.00942	0.01130	0.01177	0.00659	0.00753	0.01130	0.01554	0.02071	0.04472	0.70954	0.05367	0.02542	0.01036	0.00330	0.00471	0.02307	0.00753	0.00659
33	0.28996	0.05458	0.01936	0.01595	0.04415	0.06586	0.01251	0.15476	0.08618	0.13424	0.01951	0.02098	0.01460	0.00916	0.00693	0.00248	0.00780	0.02309	0.00666	0.01125
34	0.01189	0.01015	0.01171	0.07343	0.01669	0.05822	0.00942	0.01375	0.01631	0.02072	0.04159	0.56179	0.07908	0.02233	0.00989	0.00312	0.00597	0.01999	0.00693	0.00703
35	0.00989	0.00706	0.00942	0.01130	0.01177	0.00659	0.00753	0.01130	0.01554	0.02071	0.04472	0.70954	0.05367	0.02542	0.01036	0.00330	0.00471	0.02307	0.00753	0.00659
36	0.03007	0.02234	0.02392	0.01851	0.02487	0.02480	0.01524	0.59404	0.08253	0.04989	0.02046	0.02026	0.01460	0.00983	0.00813	0.00246	0.00875	0.00744	0.00813	0.01373
37	0.01915	0.02189	0.04788	0.03420	0.04241	0.02052	0.63475	0.02599	0.01915	0.02599	0.01642	0.02189	0.01231	0.00684	0.00958	0.00274	0.01368	0.00958	0.00410	0.01094
38	0.06032	0.53886	0.06144	0.07514	0.02361	0.02775	0.01455	0.02333	0.01683	0.02143	0.06025	0.01752	0.01531	0.00783	0.00588	0.00196	0.00851	0.00544	0.00397	0.01006
39	0.03124	0.01507	0.01898	0.01462	0.02092	0.01371	0.01195	0.09300	0.07822	0.44999	0.02802	0.02530	0.01857	0.00943	0.00781	0.00231	0.00691	0.00762	0.00884	0.13749
40	0.01392	0.00947	0.01248	0.01242	0.01433	0.00917	0.00932	0.01631	0.01770	0.08178	0.13925	0.35796	0.07107	0.01986	0.01095	0.00299	0.05627	0.07285	0.00748	0.06441

[dist]
# distance from previous block
# <min> <max>
0	2

[block]
# block no. 2 follows, 23 sequences, length 81
# corresponding to MSA columns:
# 100-180
name=unknown_C
#
# <colnr> <probs for GDERKNQSTAVLIFYWHMCP>
#	G	D	E	R	K	N	Q	S	T	A	V	L	I	F	Y	W	H	M	C	P
0	0.01711	0.01638	0.02698	0.39991	0.23163	0.01945	0.02251	0.02179	0.01631	0.02227	0.01409	0.02058	0.01140	0.00878	0.01093	0.00275	0.11609	0.00720	0.00372	0.01014
1	0.07310	0.51758	0.14878	0.01564	0.02318	0.06303	0.01642	0.02494	0.01676	0.02148	0.01192	0.01383	0.01028	0.00719	0.00574	0.00195	0.00940	0.00468	0.00361	0.01052
2	0.02216	0.01784	0.02466	0.24453	0.03516	0.02010	0.07056	0.29232	0.02556	0.03404	0.01734	0.02165	0.01317	0.01388	0.05901	0.05319	0.01078	0.00756	0.00569	0.01081
3	0.01604	0.01529	0.02803	0.11607	0.08851	0.01526	0.23175	0.04952	0.01873	0.02525	0.05294	0.21934	0.02835	0.01362	0.00947	0.00289	0.00944	0.04448	0.00556	0.00945
4	0.04505	0.01169	0.01428	0.04172	0.01739	0.01174	0.01021	0.10844	0.04363	0.07547	0.24129	0.20641	0.04624	0.01608	0.00905	0.00270	0.00573	0.03622	0.00788	0.04878
5	0.10244	0.01903	0.02763	0.18764	0.26976	0.06565	0.05903	0.02358	0.01686	0.02470	0.01381	0.01906	0.01139	0.00859	0.01062	0.00266	0.11611	0.00690	0.00398	0.01055
6	0.10040	0.09934	0.49685	0.02172	0.03221	0.02010	0.07030	0.02539	0.01685	0.02630	0.01404	0.01667	0.01027	0.00756	0.00732	0.00250	0.01118	0.00593	0.00366	0.01142
7	0.01779	0.01500	0.02017	0.06625	0.06969	0.01321	0.03740	0.02152	0.01695	0.05626	0.01629	0.04426	0.01386	0.00778	0.00815	0.00177	0.05492	0.00636	0.00490	0.50748
8	0.01811	0.06903	0.02735	0.02144	0.02238	0.02515	0.04991	0.02021	0.01308	0.01984	0.01100	0.01763	0.01072	0.01329	0.02417	0.00338	0.61361	0.00703	0.00357	0.00910
9	0.01513	0.00756	0.00756	0.00756	0.00945	0.00756	0.00567	0.01891	0.01702	0.03025	0.02647	0.03025	0.02080	0.00945	0.00567	0.00189	0.00378	0.00756	0.75988	0.00756
10	0.02500	0.01928	0.02164	0.09202	0.02637	0.02154	0.01484	0.39675	0.14325	0.04156	0.02598	0.06097	0.05156	0.01118	0.00834	0.00258	0.00821	0.00897	0.00758	0.01236
11	0.01165	0.00787	0.00919	0.00932	0.00946	0.00794	0.00548	0.01196	0.01215	0.01630	0.02661	0.09695	0.03050	0.61959	0.08581	0.00793	0.00866	0.01235	0.00506	0.00520
12	0.00986	0.00715	0.00933	0.01107	0.01171	0.00661	0.00743	0.01132	0.01575	0.02080	0.04745	0.66361	0.09784	0.02507	0.01030	0.00325	0.00466	0.02264	0.00753	0.00661
13	0.01513	0.00756	0.00756	0.00756	0.00945	0.00756	0.00567	0.01891	0.01702	0.03025	0.02647	0.03025	0.02080	0.00945	0.00567	0.00189	0.00378	0.00756	0.75988	0.00756
14	0.02143	0.01805	0.01905	0.01677	0.02158	0.02077	0.01315	0.11277	0.57787	0.03596	0.03144	0.02901	0.02348	0.01086	0.00824	0.00271	0.00672	0.00895	0.00824	0.01296
15	0.31303	0.02084	0.02114	0.06696	0.02420	0.12509	0.05894	0.08974	0.01814	0.03005	0.01284	0.01626	0.01037	0.00924	0.01065	0.00268	0.14951	0.00597	0.00475	0.00961
16	0.01552	0.01481	0.02558	0.66057	0.05518	0.01816	0.05473	0.02101	0.01638	0.02101	0.01453	0.02165	0.01090	0.00805	0.00819	0.00271	0.01097	0.00734	0.00363	0.00912
17	0.07214	0.19474	0.15419	0.01584	0.02357	0.01920	0.03638	0.02593	0.05685	0.08124	0.01621	0.01764	0.01256	0.00737	0.00653	0.00196	0.00824	0.00562	0.00486	0.23893
18	0.01131	0.00808	0.00943	0.00921	0.01035	0.00762	0.00608	0.01299	0.01684	0.02263	0.25529	0.06005	0.15563	0.35207	0.02479	0.00513	0.00581	0.01372	0.00676	0.00620
19	0.01722	0.01362	0.01502	0.01396	0.01757	0.01477	0.01076	0.03129	0.37481	0.06096	0.10836	0.10909	0.12641	0.01479	0.00890	0.00281	0.00570	0.03508	0.00821	0.01065
20	0.02577	0.02021	0.02149	0.01764	0.02323	0.02279	0.01419	0.35432	0.32926	0.04295	0.02593	0.02462	0.01902	0.01034	0.00818	0.00259	0.00774	0.00820	0.00818	0.01334
21	0.01180	0.00787	0.00885	0.00885	0.00885	0.00787	0.00492	0.01180	0.01180	0.01573	0.02557	0.05310	0.02950	0.71483	0.04130	0.00787	0.00787	0.01180	0.00492	0.00492
22	0.17799	0.01417	0.01750	0.01371	0.01975	0.01313	0.01132	0.03652	0.02141	0.54794	0.02803	0.02484	0.01791	0.00956	0.00756	0.00251	0.00678	0.00744	0.00908	0.01284
23	0.01032	0.00739	0.00986	0.01140	0.01217	0.00693	0.00793	0.01222	0.01676	0.02256	0.12802	0.57881	0.05629	0.02402	0.01031	0.00323	0.00478	0.06249	0.00772	0.00680
24	0.01374	0.01244	0.01769	0.01610	0.01780	0.03783	0.08051	0.01593	0.01528	0.02083	0.02989	0.36019	0.03384	0.07187	0.05069	0.00399	0.14030	0.01546	0.00578	0.03985
25	0.23088	0.01518	0.01715	0.01367	0.01954	0.03715	0.01123	0.03514	0.02072	0.47938	0.02585	0.02334	0.01676	0.00932	0.00730	0.00250	0.00701	0.00706	0.00851	0.01233
26	0.02817	0.03283	0.02527	0.02688	0.16242	0.47064	0.01763	0.09445	0.02362	0.02458	0.01386	0.01631	0.01132	0.00826	0.00755	0.00220	0.01296	0.00588	0.00456	0.01061
27	0.01364	0.00974	0.01380	0.01324	0.01489	0.00941	0.05847	0.05315	0.01681	0.05320	0.03612	0.43679	0.04101	0.17033	0.01670	0.00414	0.00648	0.01785	0.00685	0.00738
28	0.01409	0.00705	0.01057	0.01057	0.01057	0.00705	0.00705	0.01057	0.01057	0.01409	0.01409	0.02467	0.01409	0.02819	0.03171	0.76392	0.00705	0.00705	0.00352	0.00352
29	0.01975	0.01900	0.03233	0.08797	0.56868	0.01930	0.05017	0.02556	0.04872	0.02648	0.01611	0.02075	0.01328	0.00745	0.00811	0.00246	0.00973	0.00742	0.00420	0.01253
30	0.01477	0.01269	0.01563	0.01481	0.01657	0.06146	0.01161	0.05521	0.01538	0.02109	0.02067	0.05717	0.01952	0.04715	0.48981	0.01011	0.09499	0.00879	0.00462	0.00797
31	0.02346	0.54092	0.06203	0.01556	0.02232	0.10718	0.01486	0.08981	0.01956	0.02280	0.01242	0.01404	0.01077	0.00743	0.00585	0.00188	0.00953	0.00482	0.00404	0.01071
32	0.02589	0.01437	0.01779	0.01356	0.01987	0.01237	0.01098	0.05364	0.06693	0.30957	0.05756	0.02493	0.01993	0.00884	0.00738	0.00201	0.00643	0.00721	0.00769	0.31308
33	0.32876	0.08543	0.02019	0.06360	0.02246	0.02071	0.01259	0.19016	0.04608	0.11410	0.01704	0.01786	0.01241	0.00854	0.00659	0.00244	0.00763	0.00601	0.00633	0.01106
34	0.01082	0.00745	0.00914	0.01011	0.01035	0.00721	0.00626	0.01154	0.01372	0.01830	0.03542	0.39092	0.04194	0.36004	0.02538	0.00551	0.00624	0.01760	0.00626	0.00578
35	0.01450	0.00905	0.01204	0.04446	0.01568	0.00829	0.00897	0.01670	0.01739	0.11406	0.08065	0.45440	0.07716	0.02017	0.00953	0.00293	0.00532	0.01801	0.00759	0.06311
36	0.01644	0.06882	0.12551	0.06765	0.06706	0.01577	0.01570	0.06173	0.05738	0.04740	0.02778	0.28512	0.02871	0.01536	0.01005	0.00286	0.05801	0.01306	0.00592	0.00965
37	0.03220	0.01542	0.05917	0.01482	0.02102	0.01262	0.01281	0.03716	0.06614	0.53902	0.07681	0.02955	0.02392	0.01044	0.00824	0.00253	0.00697	0.00857	0.00942	0.01318
38	0.03620	0.01415	0.01904	0.01460	0.02088	0.01242	0.01206	0.06206	0.02379	0.64653	0.03154	0.02731	0.01985	0.01003	0.00816	0.00251	0.00698	0.00813	0.00997	0.01381
39	0.02168	0.03124	0.38657	0.06421	0.03343	0.01838	0.08081	0.09374	0.02062	0.14420	0.01840	0.02000	0.01265	0.00829	0.00803	0.00257	0.01083	0.00694	0.00520	0.01223
40	0.01749	0.03367	0.42119	0.02644	0.03670	0.01949	0.23273	0.02689	0.05742	0.02631	0.01634	0.01956	0.01187	0.00762	0.00837	0.00264	0.01221	0.00740	0.00396	0.01169
41	0.01902	0.01653	0.02721	0.22857	0.35002	0.01791	0.02155	0.02343	0.01753	0.07073	0.01794	0.06859	0.01545	0.00946	0.00958	0.00265	0.05981	0.00838	0.00455	0.01109
42	0.77215	0.01569	0.01193	0.01067	0.01569	0.01820	0.00879	0.02385	0.01381	0.03641	0.01130	0.01318	0.00879	0.00753	0.00502	0.00251	0.00628	0.00439	0.00502	0.00879
43	0.01111	0.00762	0.00930	0.01014	0.01043	0.00744	0.00639	0.01186	0.01365	0.01816	0.03410	0.31640	0.04002	0.40407	0.02740	0.00583	0.00659	0.04768	0.00609	0.00572
44	0.01672	0.06763	0.59792	0.02363	0.03512	0.01951	0.07726	0.02566	0.01727	0.02545	0.01458	0.01734	0.01045	0.00761	0.00776	0.00255	0.01199	0.00621	0.00348	0.01185
45	0.01017	0.00723	0.00950	0.01102	0.01159	0.00678	0.00735	0.01170	0.01594	0.02143	0.09923	0.60282	0.05399	0.07477	0.01254	0.00356	0.00486	0.02149	0.00747	0.00657
46	0.01001	0.00715	0.00956	0.01144	0.01196	0.00670	0.00774	0.01151	0.01566	0.02085	0.04466	0.68584	0.05340	0.02531	0.01039	0.00331	0.00481	0.04556	0.00753	0.00662
47	0.01663	0.03959	0.60265	0.02370	0.03514	0.01902	0.07404	0.02636	0.04044	0.02602	0.01537	0.01796	0.01096	0.00777	0.00787	0.00259	0.01191	0.00638	0.00365	0.01195
48	0.01034	0.00783	0.00954	0.00999	0.01164	0.00703	0.00716	0.01277	0.01896	0.02510	0.26544	0.29731	0.24552	0.02094	0.00986	0.00287	0.00423	0.01841	0.00801	0.00703
49	0.04643	0.01592	0.02685	0.48930	0.07174	0.01896	0.09590	0.02239	0.03949	0.02261	0.01498	0.02130	0.01149	0.00845	0.00952	0.00275	0.06105	0.00745	0.00390	0.00951
50	0.77215	0.01569	0.01193	0.01067	0.01569	0.01820	0.00879	0.02385	0.01381	0.03641	0.01130	0.01318	0.00879	0.00753	0.00502	0.00251	0.00628	0.00439	0.00502	0.00879
51	0.01924	0.02623	0.20246	0.06598	0.37495	0.06709	0.04803	0.02516	0.01855	0.02577	0.03961	0.02059	0.01433	0.00782	0.00802	0.00246	0.01061	0.00713	0.00405	0.01194
52	0.02169	0.71972	0.04252	0.01388	0.02083	0.03211	0.01388	0.02430	0.01649	0.01909	0.01128	0.01302	0.01041	0.00694	0.00521	0.00174	0.00868	0.00434	0.00347	0.01041
53	0.01683	0.01442	0.01683	0.01202	0.01923	0.01082	0.00961	0.02043	0.01683	0.02644	0.01442	0.01683	0.01202	0.00601	0.00601	0.00120	0.00601	0.00481	0.00481	0.76444
54	0.01532	0.01442	0.02434	0.69533	0.05589	0.01803	0.02253	0.02073	0.01622	0.02073	0.01442	0.02163	0.01082	0.00811	0.00811	0.00270	0.01082	0.00721	0.00361	0.00901
55	0.00989	0.00706	0.00942	0.01130	0.01177	0.00659	0.00753	0.01130	0.01554	0.02071	0.04472	0.70954	0.05367	0.02542	0.01036	0.00330	0.00471	0.02307	0.00753	0.00659
56	0.02491	0.01193	0.01546	0.01269	0.01711	0.01081	0.01015	0.06600	0.02372	0.34870	0.26656	0.04296	0.08727	0.01321	0.00878	0.00254	0.00569	0.01116	0.00933	0.01103
57	0.19013	0.02122	0.02168	0.01695	0.02313	0.02367	0.01400	0.50538	0.03292	0.04797	0.01772	0.01813	0.01272	0.00927	0.00745	0.00245	0.00836	0.00668	0.00745	0.01272
58	0.01162	0.00859	0.01125	0.01250	0.01399	0.00814	0.00934	0.01463	0.04086	0.02257	0.04161	0.47154	0.04770	0.02267	0.01018	0.00324	0.00559	0.17444	0.00735	0.06219
59	0.02169	0.71972	0.04252	0.01388	0.02083	0.03211	0.01388	0.02430	0.01649	0.01909	0.01128	0.01302	0.01041	0.00694	0.00521	0.00174	0.00868	0.00434	0.00347	0.01041
60	0.02055	0.32808	0.02846	0.01503	0.02026	0.07232	0.01293	0.03075	0.25450	0.02563	0.06175	0.05608	0.02202	0.01006	0.00702	0.00227	0.00777	0.00776	0.00585	0.01089
61	0.00989	0.00706	0.00942	0.01130	0.01177	0.00659	0.00753	0.01130	0.01554	0.02071	0.04472	0.70954	0.05367	0.02542	0.01036	0.00330	0.00471	0.02307	0.00753	0.00659
62	0.02893	0.02086	0.02261	0.01775	0.02379	0.02286	0.01461	0.51724	0.08055	0.08033	0.02439	0.02539	0.04175	0.01069	0.00829	0.00252	0.00840	0.02761	0.00818	0.01325
63	0.66722	0.01604	0.01329	0.01150	0.01671	0.01823	0.00948	0.06741	0.01618	0.08363	0.01338	0.01467	0.00996	0.00787	0.00546	0.00251	0.00651	0.00487	0.00560	0.00950
64	0.01960	0.02938	0.27865	0.08407	0.07796	0.09618	0.04687	0.07217	0.10943	0.02755	0.01949	0.02510	0.01558	0.00944	0.00816	0.00262	0.01075	0.05070	0.00492	0.01137
65	0.01766	0.17792	0.49695	0.02077	0.03119	0.02164	0.02546	0.02668	0.06315	0.02496	0.01524	0.01725	0.01136	0.00779	0.00724	0.00241	0.01091	0.00589	0.00379	0.01173
66	0.00960	0.00817	0.00827	0.00834	0.01099	0.00684	0.00622	0.01163	0.01838	0.02187	0.08069	0.10348	0.63651	0.02075	0.00962	0.00276	0.00413	0.01736	0.00753	0.00684
67	0.01683	0.01442	0.01683	0.01202	0.01923	0.01082	0.00961	0.02043	0.01683	0.02644	0.01442	0.01683	0.01202	0.00601	0.00601	0.00120	0.00601	0.00481	0.00481	0.76444
68	0.00989	0.00706	0.00942	0.01130	0.01177	0.00659	0.00753	0.01130	0.01554	0.02071	0.04472	0.70954	0.05367	0.02542	0.01036	0.00330	0.00471	0.02307	0.00753	0.00659
69	0.01775	0.01775	0.02485	0.02130	0.02130	0.02485	0.01775	0.01953	0.01243	0.01953	0.01065	0.01775	0.01065	0.01420	0.02663	0.00355	0.69998	0.00710	0.00355	0.00888
70	0.01084	0.00746	0.00913	0.01008	0.01031	0.00723	0.00623	0.01155	0.01367	0.01823	0.03515	0.38161	0.04159	0.36982	0.02581	0.00558	0.00629	0.01744	0.00623	0.00575
71	0.00989	0.00706	0.00942	0.01130	0.01177	0.00659	0.00753	0.01130	0.01554	0.02071	0.04472	0.70954	0.05367	0.02542	0.01036	0.00330	0.00471	0.02307	0.00753	0.00659
72	0.01146	0.00773	0.00895	0.00928	0.00936	0.00764	0.00537	0.01171	0.01245	0.01661	0.02892	0.16811	0.03373	0.59405	0.03588	0.00707	0.00731	0.01377	0.00537	0.00521
73	0.01671	0.01528	0.02479	0.61206	0.08559	0.01861	0.02214	0.06593	0.01794	0.02325	0.01484	0.02139	0.01114	0.00818	0.00811	0.00267	0.01062	0.00722	0.00396	0.00956
74	0.01375	0.01008	0.01267	0.01392	0.04740	0.01013	0.00909	0.10105	0.01822	0.02443	0.03608	0.45503	0.04143	0.14851	0.01558	0.00396	0.00615	0.01793	0.00695	0.00764
75	0.06141	0.08683	0.02672	0.07136	0.07222	0.16698	0.03887	0.06641	0.01790	0.02346	0.01258	0.01712	0.01094	0.01040	0.01475	0.00276	0.27892	0.00642	0.00413	0.00984
76	0.40950	0.04339	0.01954	0.01491	0.02075	0.01975	0.05433	0.17795	0.02158	0.12444	0.01648	0.01729	0.01186	0.00835	0.00653	0.00248	0.00762	0.00598	0.00635	0.01092
77	0.01403	0.01234	0.01869	0.17593	0.02597	0.01573	0.01499	0.01724	0.01364	0.01946	0.01720	0.02589	0.01561	0.03661	0.35758	0.00820	0.19090	0.00794	0.00397	0.00807
78	0.01265	0.00887	0.01046	0.01031	0.01268	0.00807	0.00762	0.01618	0.05249	0.07210	0.21404	0.21053	0.29504	0.01938	0.00958	0.00280	0.00450	0.01678	0.00811	0.00782
79	0.01050	0.00821	0.00951	0.00929	0.01154	0.00722	0.00693	0.01337	0.02050	0.02691	0.35505	0.09491	0.35928	0.01886	0.00961	0.00267	0.00400	0.01620	0.00820	0.00722
80	0.01819	0.01906	0.03213	0.02538	0.02797	0.02348	0.21261	0.02157	0.01455	0.02157	0.01247	0.01906	0.01118	0.01188	0.02124	0.00329	0.48323	0.00788	0.00373	0.00953

[dist]
# distance from previous block
# <min> <max>
0	12

[block]
# block no. 3 follows, 23 sequences, length 131
# corresponding to MSA columns:
# 193-323
name=unknown_D
#
# <colnr> <probs for GDERKNQSTAVLIFYWHMCP>
#	G	D	E	R	K	N	Q	S	T	A	V	L	I	F	Y	W	H	M	C	P
0	0.01213	0.00826	0.01087	0.01059	0.01239	0.00761	0.00780	0.01544	0.02148	0.05495	0.51107	0.19057	0.06973	0.01812	0.00967	0.00270	0.00413	0.01612	0.00869	0.00768
1	0.01140	0.00823	0.01077	0.01027	0.01210	0.00760	0.00765	0.01509	0.02256	0.03188	0.62590	0.09652	0.07530	0.01708	0.00961	0.00259	0.00388	0.01514	0.00885	0.00760
2	0.01128	0.00795	0.00972	0.00972	0.01073	0.00754	0.00649	0.01318	0.01733	0.02374	0.29412	0.14878	0.08851	0.29026	0.02205	0.00474	0.00554	0.01486	0.00709	0.00639
3	0.01019	0.00719	0.00933	0.01091	0.01131	0.00679	0.00712	0.01138	0.01494	0.01992	0.04168	0.60527	0.04983	0.13493	0.01527	0.00402	0.00521	0.02128	0.00712	0.00632
4	0.01159	0.00869	0.01304	0.01304	0.01449	0.01014	0.01014	0.01449	0.01304	0.01884	0.02173	0.03188	0.02029	0.06086	0.68268	0.01304	0.02173	0.00869	0.00435	0.00724
5	0.01627	0.04197	0.67279	0.02313	0.03512	0.01884	0.02998	0.02570	0.01713	0.02570	0.01456	0.01713	0.01028	0.00771	0.00771	0.00257	0.01199	0.00600	0.00343	0.01199
6	0.01532	0.01442	0.02434	0.69533	0.05589	0.01803	0.02253	0.02073	0.01622	0.02073	0.01442	0.02163	0.01082	0.00811	0.00811	0.00270	0.01082	0.00721	0.00361	0.00901
7	0.02989	0.02225	0.02381	0.01848	0.02480	0.02471	0.01519	0.58366	0.09321	0.04959	0.02070	0.02045	0.01479	0.00985	0.00813	0.00246	0.00870	0.00747	0.00813	0.01371
8	0.77215	0.01569	0.01193	0.01067	0.01569	0.01820	0.00879	0.02385	0.01381	0.03641	0.01130	0.01318	0.00879	0.00753	0.00502	0.00251	0.00628	0.00439	0.00502	0.00879
9	0.09991	0.03318	0.02361	0.02481	0.13241	0.50614	0.01658	0.03031	0.02135	0.02258	0.01288	0.01542	0.01070	0.00809	0.00722	0.00218	0.01298	0.00549	0.00423	0.00993
10	0.01159	0.00869	0.01304	0.01304	0.01449	0.01014	0.01014	0.01449	0.01304	0.01884	0.02173	0.03188	0.02029	0.06086	0.68268	0.01304	0.02173	0.00869	0.00435	0.00724
11	0.01014	0.00725	0.00969	0.01146	0.01207	0.00679	0.00785	0.01179	0.01605	0.02145	0.07230	0.64545	0.05430	0.02485	0.01037	0.00329	0.00482	0.05581	0.00759	0.00669
12	0.01409	0.00705	0.01057	0.01057	0.01057	0.00705	0.00705	0.01057	0.01057	0.01409	0.01409	0.02467	0.01409	0.02819	0.03171	0.76392	0.00705	0.00705	0.00352	0.00352
13	0.01742	0.01719	0.02395	0.02060	0.02060	0.02389	0.01703	0.01909	0.01239	0.01931	0.01149	0.01975	0.01172	0.05376	0.02746	0.00379	0.66090	0.00737	0.00363	0.00865
14	0.77215	0.01569	0.01193	0.01067	0.01569	0.01820	0.00879	0.02385	0.01381	0.03641	0.01130	0.01318	0.00879	0.00753	0.00502	0.00251	0.00628	0.00439	0.00502	0.00879
15	0.02290	0.01346	0.01677	0.01269	0.01891	0.01079	0.01018	0.02627	0.01945	0.24847	0.07105	0.05086	0.02136	0.00896	0.00719	0.00184	0.00610	0.00743	0.00703	0.41829
16	0.00997	0.00713	0.00949	0.01124	0.01179	0.00665	0.00754	0.01151	0.01593	0.02134	0.07753	0.67494	0.05489	0.02495	0.01031	0.00326	0.00466	0.02262	0.00761	0.00665
17	0.01532	0.01442	0.02434	0.69533	0.05589	0.01803	0.02253	0.02073	0.01622	0.02073	0.01442	0.02163	0.01082	0.00811	0.00811	0.00270	0.01082	0.00721	0.00361	0.00901
18	0.00989	0.00706	0.00942	0.01130	0.01177	0.00659	0.00753	0.01130	0.01554	0.02071	0.04472	0.70954	0.05367	0.02542	0.01036	0.00330	0.00471	0.02307	0.00753	0.00659
19	0.05352	0.01912	0.02918	0.17253	0.45518	0.05437	0.02274	0.02516	0.04334	0.02576	0.01549	0.02020	0.01262	0.00763	0.00788	0.00247	0.00986	0.00707	0.00416	0.01173
20	0.12562	0.01558	0.01822	0.01410	0.02036	0.01472	0.01153	0.11401	0.05585	0.32958	0.02384	0.02243	0.01626	0.00884	0.00728	0.00223	0.00687	0.00688	0.00789	0.17792
21	0.14011	0.09409	0.02328	0.01749	0.02293	0.26883	0.01409	0.21023	0.02552	0.08729	0.01596	0.01681	0.01202	0.00865	0.00708	0.00226	0.01047	0.00589	0.00591	0.01109
22	0.01817	0.01056	0.01395	0.01393	0.01697	0.01011	0.01169	0.02260	0.05533	0.16948	0.06598	0.09604	0.10268	0.01872	0.01010	0.00325	0.00671	0.33647	0.00815	0.00910
23	0.02169	0.71972	0.04252	0.01388	0.02083	0.03211	0.01388	0.02430	0.01649	0.01909	0.01128	0.01302	0.01041	0.00694	0.00521	0.00174	0.00868	0.00434	0.00347	0.01041
24	0.01572	0.01500	0.02531	0.59641	0.05184	0.01823	0.05440	0.02094	0.01620	0.02118	0.01433	0.02124	0.01094	0.00828	0.00909	0.00269	0.04735	0.00723	0.00368	0.03995
25	0.06297	0.02053	0.05415	0.02659	0.20524	0.02120	0.01759	0.20830	0.23018	0.03657	0.02205	0.02274	0.01669	0.00923	0.00796	0.00254	0.00831	0.00768	0.00662	0.01287
26	0.01169	0.00782	0.00888	0.00899	0.00902	0.00779	0.00507	0.01177	0.01201	0.01602	0.02666	0.09070	0.03088	0.67535	0.03953	0.00760	0.00769	0.01245	0.00507	0.00501
27	0.03349	0.01318	0.01778	0.01385	0.01968	0.01140	0.01136	0.03661	0.02294	0.59747	0.06963	0.03233	0.05992	0.01101	0.00832	0.00253	0.00657	0.00903	0.00984	0.01307
28	0.01761	0.01440	0.01691	0.01212	0.01929	0.01086	0.00971	0.02120	0.01708	0.05216	0.01513	0.01726	0.01234	0.00617	0.00610	0.00125	0.00605	0.00494	0.00502	0.73443
29	0.01180	0.00787	0.00885	0.00885	0.00885	0.00787	0.00492	0.01180	0.01180	0.01573	0.02557	0.05310	0.02950	0.71483	0.04130	0.00787	0.00787	0.01180	0.00492	0.00492
30	0.10639	0.01686	0.02734	0.29519	0.21664	0.01845	0.08831	0.02485	0.04576	0.05980	0.01629	0.02095	0.01244	0.00789	0.00790	0.00259	0.00987	0.00729	0.00449	0.01070
31	0.01545	0.04514	0.02449	0.08319	0.24430	0.01461	0.08374	0.01911	0.01734	0.02369	0.05209	0.28314	0.03054	0.01452	0.00903	0.00278	0.00803	0.01366	0.00550	0.00964
32	0.01006	0.00718	0.00961	0.01149	0.01204	0.00674	0.00783	0.01159	0.01570	0.02090	0.04463	0.67674	0.05330	0.02526	0.01040	0.00332	0.00485	0.05420	0.00753	0.00664
33	0.02121	0.65939	0.09862	0.01471	0.02210	0.03093	0.01532	0.02442	0.01654	0.01968	0.01157	0.01338	0.01040	0.00701	0.00543	0.00181	0.00897	0.00449	0.00347	0.01055
34	0.01167	0.00839	0.01151	0.01151	0.01242	0.00931	0.00823	0.01350	0.01259	0.01770	0.02314	0.03965	0.02366	0.30041	0.44774	0.01115	0.01665	0.00983	0.00456	0.00639
35	0.77215	0.01569	0.01193	0.01067	0.01569	0.01820	0.00879	0.02385	0.01381	0.03641	0.01130	0.01318	0.00879	0.00753	0.00502	0.00251	0.00628	0.00439	0.00502	0.00879
36	0.01594	0.01548	0.02657	0.56054	0.05086	0.01901	0.07848	0.02109	0.01608	0.02109	0.01419	0.02123	0.01094	0.00866	0.01027	0.00280	0.08654	0.00742	0.00365	0.00918
37	0.01754	0.01772	0.02345	0.02024	0.02122	0.07080	0.04463	0.01980	0.01365	0.01972	0.01324	0.02049	0.01261	0.02261	0.15350	0.00527	0.48366	0.00739	0.00378	0.00869
38	0.03616	0.01420	0.01907	0.01462	0.02091	0.01250	0.01208	0.06559	0.02388	0.64287	0.03147	0.02726	0.01981	0.01003	0.00816	0.00251	0.00699	0.00812	0.00996	0.01381
39	0.77215	0.01569	0.01193	0.01067	0.01569	0.01820	0.00879	0.02385	0.01381	0.03641	0.01130	0.01318	0.00879	0.00753	0.00502	0.00251	0.00628	0.00439	0.00502	0.00879
40	0.03641	0.01381	0.01883	0.01444	0.02071	0.01193	0.01193	0.03954	0.02322	0.66984	0.03201	0.02762	0.02009	0.01004	0.00816	0.00251	0.00690	0.00816	0.01004	0.01381
41	0.01153	0.00847	0.01217	0.01228	0.01344	0.00958	0.00917	0.01388	0.01298	0.01845	0.02364	0.07351	0.02363	0.16273	0.54284	0.01167	0.01857	0.01000	0.00462	0.00684
42	0.02227	0.62860	0.04002	0.01483	0.02122	0.08882	0.01421	0.02479	0.01688	0.01918	0.01136	0.01337	0.01043	0.00739	0.00635	0.00185	0.04009	0.00454	0.00354	0.01026
43	0.01532	0.01442	0.02434	0.69533	0.05589	0.01803	0.02253	0.02073	0.01622	0.02073	0.01442	0.02163	0.01082	0.00811	0.00811	0.00270	0.01082	0.00721	0.00361	0.00901
44	0.01677	0.01462	0.01827	0.01348	0.02024	0.01166	0.04498	0.02151	0.05190	0.02653	0.01718	0.05479	0.01496	0.00737	0.00657	0.00149	0.00640	0.00629	0.00510	0.63990
45	0.01698	0.09471	0.56386	0.02341	0.03465	0.02007	0.08496	0.02561	0.01727	0.02519	0.01447	0.01724	0.01048	0.00757	0.00768	0.00252	0.01188	0.00620	0.00349	0.01177
46	0.00989	0.00706	0.00942	0.01130	0.01177	0.00659	0.00753	0.01130	0.01554	0.02071	0.04472	0.70954	0.05367	0.02542	0.01036	0.00330	0.00471	0.02307	0.00753	0.00659
47	0.01145	0.00827	0.00979	0.00974	0.01193	0.00729	0.00718	0.01403	0.01966	0.05341	0.26845	0.18897	0.32094	0.01967	0.00967	0.00277	0.00425	0.01703	0.00812	0.00738
48	0.00989	0.00706	0.00942	0.01130	0.01177	0.00659	0.00753	0.01130	0.01554	0.02071	0.04472	0.70954	0.05367	0.02542	0.01036	0.00330	0.00471	0.02307	0.00753	0.00659
49	0.02129	0.01798	0.01897	0.01674	0.02152	0.02070	0.01311	0.10461	0.58627	0.03572	0.03162	0.02916	0.02363	0.01088	0.00824	0.00272	0.00668	0.00898	0.00824	0.01294
50	0.01697	0.01309	0.01511	0.01345	0.01681	0.01388	0.01052	0.12163	0.19378	0.03551	0.36275	0.04726	0.05136	0.01425	0.00906	0.00264	0.00549	0.03785	0.00856	0.01002
51	0.01044	0.00749	0.00991	0.01092	0.01189	0.00696	0.00758	0.01269	0.01811	0.02481	0.25809	0.48448	0.06161	0.02236	0.01008	0.00304	0.00440	0.02016	0.00802	0.00696
52	0.02169	0.71972	0.04252	0.01388	0.02083	0.03211	0.01388	0.02430	0.01649	0.01909	0.01128	0.01302	0.01041	0.00694	0.00521	0.00174	0.00868	0.00434	0.00347	0.01041
53	0.77215	0.01569	0.01193	0.01067	0.01569	0.01820	0.00879	0.02385	0.01381	0.03641	0.01130	0.01318	0.00879	0.00753	0.00502	0.00251	0.00628	0.00439	0.00502	0.00879
54	0.00989	0.00706	0.00942	0.01130	0.01177	0.00659	0.00753	0.01130	0.01554	0.02071	0.04472	0.70954	0.05367	0.02542	0.01036	0.00330	0.00471	0.02307	0.00753	0.00659
55	0.02217	0.68204	0.04144	0.01427	0.02106	0.06808	0.01398	0.02475	0.01685	0.01913	0.01135	0.01311	0.01042	0.00702	0.00532	0.00176	0.00901	0.00439	0.00351	0.01036
56	0.01120	0.00828	0.01045	0.00991	0.01195	0.00753	0.00743	0.01476	0.02229	0.03093	0.57213	0.06327	0.16538	0.01719	0.00957	0.00258	0.00387	0.01505	0.00872	0.00753
57	0.01702	0.01482	0.02608	0.47344	0.07408	0.01695	0.10079	0.02155	0.01649	0.05543	0.01562	0.02223	0.01193	0.01009	0.01075	0.08148	0.01054	0.00756	0.00402	0.00912
58	0.01025	0.00818	0.00918	0.00906	0.01140	0.00711	0.00674	0.01287	0.01986	0.02547	0.27662	0.10582	0.42987	0.01946	0.00962	0.00271	0.00405	0.01661	0.00801	0.00711
59	0.01683	0.01442	0.01683	0.01202	0.01923	0.01082	0.00961	0.02043	0.01683	0.02644	0.01442	0.01683	0.01202	0.00601	0.00601	0.00120	0.00601	0.00481	0.00481	0.76444
60	0.05236	0.01651	0.02808	0.27192	0.26199	0.01804	0.08840	0.02204	0.01700	0.02403	0.01731	0.08159	0.01540	0.00944	0.00913	0.00268	0.04076	0.00875	0.00422	0.01035
61	0.03031	0.03867	0.02299	0.02090	0.02508	0.68226	0.01568	0.03240	0.02299	0.01986	0.01254	0.01463	0.01045	0.00836	0.00732	0.00209	0.01463	0.00523	0.00418	0.00941
62	0.01100	0.00867	0.00955	0.00942	0.01147	0.00806	0.00673	0.01412	0.05365	0.02278	0.14893	0.08850	0.36676	0.15781	0.04349	0.00417	0.00569	0.01513	0.00713	0.00694
63	0.02959	0.02210	0.02364	0.01841	0.02468	0.02457	0.01512	0.56695	0.11041	0.04911	0.02108	0.02076	0.01510	0.00989	0.00813	0.00247	0.00863	0.00753	0.00813	0.01369
64	0.20767	0.04776	0.02152	0.33479	0.03603	0.05470	0.01712	0.02187	0.01533	0.02432	0.01320	0.01866	0.01066	0.01104	0.03896	0.00314	0.10395	0.00631	0.00401	0.00894
65	0.01180	0.00787	0.00885	0.00885	0.00885	0.00787	0.00492	0.01180	0.01180	0.01573	0.02557	0.05310	0.02950	0.71483	0.04130	0.00787	0.00787	0.01180	0.00492	0.00492
66	0.01032	0.00766	0.01040	0.01286	0.04065	0.00717	0.00824	0.01192	0.01580	0.02103	0.04517	0.64952	0.08019	0.02439	0.01022	0.00323	0.00490	0.02209	0.00738	0.00688
67	0.04792	0.01832	0.01943	0.01890	0.06961	0.11186	0.01394	0.09716	0.10397	0.08791	0.05241	0.06378	0.05260	0.01560	0.04870	0.00335	0.08994	0.06778	0.00650	0.01033
68	0.01717	0.03569	0.47747	0.02659	0.03740	0.01937	0.21900	0.02579	0.01776	0.02579	0.01514	0.01862	0.01091	0.00744	0.00829	0.00262	0.01252	0.00711	0.00364	0.01166
69	0.01630	0.01646	0.02801	0.07993	0.02868	0.04000	0.21582	0.02032	0.01627	0.02245	0.05386	0.08740	0.02044	0.02027	0.12922	0.00472	0.17629	0.01000	0.00456	0.00902
70	0.02348	0.01981	0.02871	0.23760	0.06342	0.02187	0.12392	0.31232	0.02715	0.03619	0.01718	0.02060	0.01256	0.00863	0.00836	0.00257	0.01037	0.00766	0.00583	0.01175
71	0.05472	0.05441	0.05495	0.05818	0.02780	0.12667	0.11875	0.07351	0.01792	0.02426	0.01303	0.01785	0.01105	0.01050	0.01561	0.00288	0.29689	0.00695	0.00417	0.00990
72	0.03505	0.01651	0.02011	0.01553	0.02178	0.03811	0.01278	0.16222	0.02629	0.51983	0.02875	0.02549	0.01846	0.00992	0.00812	0.00248	0.00759	0.00788	0.00944	0.01365
73	0.01561	0.01481	0.02440	0.61699	0.05187	0.01882	0.02198	0.02059	0.01578	0.02059	0.01398	0.02118	0.01080	0.00882	0.01026	0.00280	0.09091	0.00720	0.00360	0.00900
74	0.01180	0.00787	0.00885	0.00885	0.00885	0.00787	0.00492	0.01180	0.01180	0.01573	0.02557	0.05310	0.02950	0.71483	0.04130	0.00787	0.00787	0.01180	0.00492	0.00492
75	0.00998	0.00713	0.00950	0.01124	0.01179	0.00665	0.00754	0.01153	0.01596	0.02139	0.07996	0.67237	0.05498	0.02492	0.01031	0.00325	0.00466	0.02259	0.00761	0.00665
76	0.01627	0.04197	0.67279	0.02313	0.03512	0.01884	0.02998	0.02570	0.01713	0.02570	0.01456	0.01713	0.01028	0.00771	0.00771	0.00257	0.01199	0.00600	0.00343	0.01199
77	0.01513	0.00756	0.00756	0.00756	0.00945	0.00756	0.00567	0.01891	0.01702	0.03025	0.02647	0.03025	0.02080	0.00945	0.00567	0.00189	0.00378	0.00756	0.75988	0.00756
78	0.01549	0.01456	0.02403	0.63791	0.05287	0.01800	0.02178	0.02067	0.01609	0.02093	0.01427	0.02126	0.01086	0.00827	0.00878	0.00267	0.03899	0.00710	0.00366	0.04180
79	0.01315	0.01001	0.01389	0.01331	0.01464	0.01181	0.01024	0.03976	0.01398	0.02026	0.02124	0.03272	0.02031	0.13882	0.47707	0.01052	0.08645	0.00884	0.03561	0.00737
80	0.01644	0.01591	0.02656	0.47418	0.11078	0.01951	0.05457	0.02122	0.01593	0.02138	0.01394	0.02080	0.01107	0.00904	0.01149	0.00283	0.13389	0.00732	0.00366	0.00948
81	0.05411	0.40205	0.30625	0.01762	0.02660	0.02588	0.02042	0.02487	0.01663	0.02267	0.01266	0.01476	0.01028	0.00729	0.00625	0.00212	0.00996	0.00504	0.00352	0.01100
82	0.03641	0.01381	0.01883	0.01444	0.02071	0.01193	0.01193	0.03954	0.02322	0.66984	0.03201	0.02762	0.02009	0.01004	0.00816	0.00251	0.00690	0.00816	0.01004	0.01381
