[name]
unknown

[dist]
# distance from previous block
# <min> <max>
7	75

[block]
# block no. 0 follows, 22 sequences, length 22
# corresponding to MSA columns:
# 79-100
name=unknown_A
#
# <colnr> <probs for GDERKNQSTAVLIFYWHMCP>
#	G	D	E	R	K	N	Q	S	T	A	V	L	I	F	Y	W	H	M	C	P
0	0.19756	0.28982	0.06726	0.01347	0.01972	0.02162	0.01271	0.02607	0.01796	0.13875	0.04814	0.02435	0.07344	0.00954	0.00658	0.00229	0.00758	0.00688	0.00572	0.01054
1	0.01061	0.00766	0.01010	0.01155	0.01248	0.00715	0.00812	0.01264	0.01744	0.02335	0.13739	0.52938	0.08631	0.02420	0.01052	0.00327	0.00488	0.06805	0.00792	0.00699
2	0.01157	0.00773	0.00994	0.01139	0.01235	0.00741	0.00816	0.01379	0.01677	0.02354	0.06496	0.45966	0.04864	0.04767	0.01112	0.00336	0.00518	0.10596	0.12378	0.00702
3	0.01549	0.00774	0.00774	0.00774	0.00968	0.00774	0.00581	0.01936	0.01742	0.03097	0.02710	0.03097	0.02129	0.00968	0.00581	0.00194	0.00387	0.00774	0.75416	0.00774
4	0.70854	0.01591	0.01277	0.01123	0.01648	0.01812	0.00925	0.02570	0.01491	0.08710	0.01326	0.01467	0.00992	0.00792	0.00540	0.00257	0.00648	0.00481	0.00555	0.00941
5	0.03594	0.01443	0.01924	0.01495	0.02124	0.01289	0.01229	0.04078	0.07320	0.61177	0.03286	0.02849	0.02095	0.01036	0.00836	0.00259	0.00703	0.00844	0.01014	0.01406
6	0.01027	0.00823	0.00919	0.00939	0.01161	0.00714	0.00687	0.01264	0.01936	0.02448	0.19534	0.18457	0.42956	0.02106	0.00995	0.00286	0.00425	0.01807	0.00801	0.00714
7	0.01087	0.00780	0.01031	0.01106	0.01221	0.00724	0.00777	0.01344	0.01937	0.02672	0.32201	0.41067	0.06563	0.02190	0.01024	0.00303	0.00441	0.01970	0.00836	0.00724
8	0.01012	0.00723	0.00964	0.01157	0.01205	0.00675	0.00771	0.01157	0.01591	0.02121	0.04579	0.70262	0.05495	0.02603	0.01060	0.00337	0.00482	0.02362	0.00771	0.00675
9	0.32630	0.01908	0.01834	0.01528	0.02086	0.02168	0.01242	0.24671	0.17068	0.04211	0.01982	0.01994	0.01470	0.00936	0.00706	0.00260	0.00744	0.00672	0.00706	0.01182
10	0.01268	0.00807	0.00984	0.00977	0.01150	0.00765	0.00719	0.01622	0.02049	0.03079	0.36702	0.14740	0.05710	0.01605	0.00867	0.00251	0.00404	0.01403	0.24135	0.00765
11	0.02054	0.00988	0.01334	0.01280	0.01556	0.00884	0.00944	0.02266	0.01893	0.26707	0.04079	0.44388	0.04175	0.01999	0.00974	0.00307	0.00568	0.01776	0.00870	0.00958
12	0.01042	0.00738	0.00964	0.01123	0.01171	0.00695	0.00740	0.01181	0.01579	0.02114	0.06984	0.59878	0.05306	0.10558	0.01428	0.00389	0.00516	0.02189	0.00746	0.00659
13	0.01072	0.00817	0.00989	0.01030	0.01213	0.00734	0.00755	0.01333	0.01963	0.02584	0.26111	0.24761	0.26617	0.02116	0.01011	0.00295	0.00445	0.04612	0.00819	0.00725
14	0.01025	0.00733	0.00975	0.01148	0.01208	0.00683	0.00772	0.01188	0.01649	0.02213	0.09224	0.65353	0.05674	0.02533	0.01054	0.00332	0.00475	0.02296	0.00782	0.00683
15	0.03288	0.01452	0.01892	0.01456	0.02100	0.01268	0.01191	0.03772	0.07008	0.51513	0.03005	0.02677	0.01965	0.00972	0.00802	0.00238	0.00689	0.00790	0.00931	0.12991
16	0.01100	0.00821	0.01023	0.01026	0.01208	0.00743	0.00749	0.01401	0.02094	0.02846	0.40375	0.20198	0.19409	0.01976	0.00997	0.00282	0.00417	0.01738	0.00854	0.00743
17	0.02060	0.01901	0.02799	0.03791	0.41272	0.02009	0.02076	0.03265	0.25769	0.03006	0.02260	0.02456	0.01784	0.00889	0.00831	0.00260	0.00861	0.00817	0.00578	0.01316
18	0.01124	0.00770	0.00931	0.01013	0.01034	0.00750	0.00618	0.01186	0.01371	0.01829	0.03455	0.33128	0.04077	0.41671	0.02875	0.00605	0.00667	0.01701	0.00618	0.00577
19	0.02154	0.01969	0.01919	0.01729	0.02195	0.07626	0.01340	0.04321	0.58871	0.03353	0.03203	0.02963	0.02411	0.01104	0.00837	0.00276	0.00729	0.00905	0.00810	0.01285
20	0.01549	0.00774	0.00774	0.00774	0.00968	0.00774	0.00581	0.01936	0.01742	0.03097	0.02710	0.03097	0.02129	0.00968	0.00581	0.00194	0.00387	0.00774	0.75416	0.00774
21	0.09875	0.02261	0.02377	0.01837	0.02488	0.02511	0.01517	0.57333	0.03678	0.05098	0.01918	0.01936	0.01366	0.00977	0.00802	0.00250	0.00889	0.00721	0.00802	0.01366

[dist]
# distance from previous block
# <min> <max>
0	1

[block]
# block no. 1 follows, 22 sequences, length 86
# corresponding to MSA columns:
# 102-187
name=unknown_B
#
# <colnr> <probs for GDERKNQSTAVLIFYWHMCP>
#	G	D	E	R	K	N	Q	S	T	A	V	L	I	F	Y	W	H	M	C	P
0	0.01569	0.01477	0.02492	0.68808	0.05722	0.01846	0.02307	0.02123	0.01661	0.02123	0.01477	0.02215	0.01107	0.00831	0.00831	0.00277	0.01107	0.00738	0.00369	0.00923
1	0.03372	0.01335	0.01814	0.01418	0.01998	0.01160	0.01160	0.03703	0.02374	0.57452	0.11889	0.03297	0.02861	0.01121	0.00856	0.00258	0.00663	0.00928	0.01012	0.01326
2	0.02035	0.01952	0.03333	0.07912	0.62977	0.01968	0.02539	0.02531	0.01881	0.02688	0.01559	0.02063	0.01307	0.00744	0.00823	0.00248	0.00992	0.00740	0.00409	0.01299
3	0.02957	0.15656	0.02740	0.01965	0.02492	0.42652	0.01567	0.15417	0.02554	0.02678	0.01407	0.01571	0.01140	0.00859	0.00727	0.00215	0.01269	0.00563	0.00498	0.01074
4	0.01176	0.00849	0.01110	0.01045	0.01241	0.00784	0.00784	0.01568	0.02352	0.03331	0.65184	0.06206	0.07839	0.01698	0.00980	0.00261	0.00392	0.01502	0.00914	0.00784
5	0.01176	0.00849	0.01110	0.01045	0.01241	0.00784	0.00784	0.01568	0.02352	0.03331	0.65184	0.06206	0.07839	0.01698	0.00980	0.00261	0.00392	0.01502	0.00914	0.00784
6	0.03507	0.01433	0.01906	0.01475	0.02088	0.01278	0.01213	0.07714	0.02476	0.57716	0.07623	0.03015	0.02428	0.01074	0.00845	0.00257	0.00698	0.00877	0.01007	0.01369
7	0.02506	0.01419	0.01902	0.01475	0.02054	0.01242	0.04543	0.07239	0.02234	0.27902	0.11396	0.07402	0.02783	0.01095	0.00819	0.00228	0.00677	0.00940	0.00802	0.21342
8	0.03502	0.01421	0.01905	0.01450	0.02104	0.01208	0.01194	0.03829	0.02304	0.59058	0.03075	0.02703	0.01964	0.00982	0.00811	0.00242	0.00697	0.00797	0.00968	0.09787
9	0.01623	0.01523	0.02456	0.51127	0.04838	0.01758	0.04494	0.02133	0.01666	0.02242	0.01467	0.02110	0.01135	0.00816	0.00887	0.00254	0.04200	0.00704	0.00393	0.14172
10	0.02009	0.01492	0.01761	0.01298	0.02003	0.01195	0.01040	0.02523	0.06568	0.11018	0.01856	0.01971	0.01437	0.00708	0.00661	0.00153	0.00630	0.00571	0.00589	0.60514
11	0.01723	0.01477	0.01723	0.01230	0.01969	0.01107	0.00984	0.02092	0.01723	0.02707	0.01477	0.01723	0.01230	0.00615	0.00615	0.00123	0.00615	0.00492	0.00492	0.75883
12	0.01188	0.00875	0.01181	0.04685	0.01506	0.00839	0.00899	0.01559	0.02196	0.03069	0.50685	0.13754	0.07005	0.01798	0.00992	0.00279	0.00465	0.05388	0.00859	0.00777
13	0.01569	0.01477	0.02492	0.68808	0.05722	0.01846	0.02307	0.02123	0.01661	0.02123	0.01477	0.02215	0.01107	0.00831	0.00831	0.00277	0.01107	0.00738	0.00369	0.00923
14	0.01208	0.00805	0.00906	0.00906	0.00906	0.00805	0.00503	0.01208	0.01208	0.01611	0.02618	0.05436	0.03020	0.70804	0.04228	0.00805	0.00805	0.01208	0.00503	0.00503
15	0.01185	0.00802	0.00907	0.00920	0.00936	0.00792	0.00527	0.01204	0.01265	0.01674	0.03018	0.09874	0.06078	0.63069	0.03866	0.00750	0.00766	0.01310	0.00534	0.00524
16	0.03012	0.02122	0.02332	0.01776	0.02449	0.02243	0.01462	0.48820	0.03457	0.10669	0.02044	0.02036	0.01448	0.00947	0.00801	0.00232	0.00853	0.00721	0.00803	0.11772
17	0.02854	0.01563	0.01937	0.01488	0.02108	0.01444	0.01214	0.11473	0.04870	0.32829	0.05235	0.02533	0.01979	0.00962	0.00855	0.00225	0.03347	0.00760	0.00818	0.21507
18	0.01960	0.21552	0.37070	0.02350	0.07184	0.02347	0.07044	0.06602	0.01905	0.02633	0.01455	0.01715	0.01113	0.00772	0.00741	0.00240	0.01115	0.00614	0.00393	0.01195
19	0.03070	0.01337	0.01757	0.01384	0.01925	0.01186	0.01112	0.06000	0.02318	0.46982	0.11178	0.03373	0.02815	0.06416	0.01101	0.00292	0.00677	0.00929	0.00936	0.05213
20	0.01723	0.01477	0.01723	0.01230	0.01969	0.01107	0.00984	0.02092	0.01723	0.02707	0.01477	0.01723	0.01230	0.00615	0.00615	0.00123	0.00615	0.00492	0.00492	0.75883
21	0.01156	0.00844	0.01089	0.01060	0.01251	0.00777	0.00797	0.01515	0.02239	0.03118	0.53439	0.11218	0.12026	0.01825	0.00994	0.00274	0.00418	0.04305	0.00886	0.00768
22	0.01353	0.00883	0.01161	0.01084	0.01304	0.00809	0.00815	0.01724	0.02304	0.07890	0.56657	0.10142	0.07259	0.01708	0.00974	0.00266	0.00421	0.01509	0.00914	0.00823
23	0.02221	0.71304	0.04353	0.01421	0.02132	0.03287	0.01421	0.02488	0.01688	0.01955	0.01155	0.01333	0.01066	0.00711	0.00533	0.00178	0.00888	0.00444	0.00355	0.01066
24	0.01012	0.00723	0.00964	0.01157	0.01205	0.00675	0.00771	0.01157	0.01591	0.02121	0.04579	0.70262	0.05495	0.02603	0.01060	0.00337	0.00482	0.02362	0.00771	0.00675
25	0.01195	0.00856	0.01164	0.01164	0.01253	0.00945	0.00825	0.01373	0.01284	0.01802	0.02382	0.04131	0.02454	0.32018	0.42240	0.01124	0.01658	0.01017	0.00468	0.00647
26	0.01073	0.00821	0.01217	0.01307	0.01407	0.00766	0.04745	0.01253	0.01614	0.02155	0.04393	0.65891	0.05222	0.02480	0.01055	0.00334	0.00541	0.02273	0.00749	0.00703
27	0.76672	0.01607	0.01221	0.01092	0.01607	0.01864	0.00900	0.02442	0.01414	0.03727	0.01157	0.01350	0.00900	0.00771	0.00514	0.00257	0.00643	0.00450	0.00514	0.00900
28	0.01961	0.02241	0.04902	0.03501	0.04342	0.02101	0.62605	0.02661	0.01961	0.02661	0.01681	0.02241	0.01261	0.00700	0.00980	0.00280	0.01401	0.00980	0.00420	0.01120
29	0.01206	0.01047	0.01770	0.01617	0.01848	0.00972	0.13570	0.01471	0.01692	0.02243	0.04294	0.51040	0.09543	0.02167	0.01037	0.00321	0.00667	0.02025	0.00698	0.00769
30	0.02087	0.55102	0.19380	0.01650	0.02486	0.02959	0.01820	0.02522	0.01704	0.02118	0.01236	0.01434	0.01063	0.00730	0.00595	0.00198	0.00970	0.00485	0.00354	0.01105
31	0.01920	0.02527	0.13471	0.03344	0.04238	0.02077	0.54323	0.02657	0.01932	0.02657	0.01654	0.02173	0.01232	0.00713	0.00954	0.00278	0.01377	0.00929	0.00411	0.01135
32	0.01588	0.00940	0.01243	0.01115	0.01383	0.00854	0.00854	0.01968	0.02356	0.13487	0.55183	0.05660	0.06904	0.01590	0.00956	0.00261	0.00443	0.01395	0.00933	0.00886
33	0.01815	0.22286	0.49816	0.02114	0.03203	0.02294	0.02627	0.02592	0.01736	0.02449	0.01401	0.01641	0.01056	0.00768	0.00720	0.00240	0.01137	0.00568	0.00352	0.01184
34	0.01601	0.01510	0.02550	0.64564	0.09712	0.01854	0.02323	0.02151	0.01676	0.02162	0.01482	0.02204	0.01121	0.00825	0.00830	0.00275	0.01099	0.00738	0.00372	0.00949
35	0.01012	0.00723	0.00964	0.01157	0.01205	0.00675	0.00771	0.01157	0.01591	0.02121	0.04579	0.70262	0.05495	0.02603	0.01060	0.00337	0.00482	0.02362	0.00771	0.00675
36	0.01512	0.01386	0.02302	0.59335	0.05122	0.01700	0.02129	0.02025	0.01673	0.02147	0.01900	0.07711	0.01676	0.01059	0.00869	0.00288	0.01038	0.04808	0.00425	0.00894
37	0.02698	0.02969	0.24595	0.02032	0.02882	0.04334	0.02059	0.34015	0.02953	0.10489	0.01929	0.01981	0.01343	0.00924	0.00814	0.00254	0.01021	0.00704	0.00672	0.01334
38	0.11326	0.01746	0.15293	0.01463	0.01951	0.01232	0.01438	0.02058	0.01971	0.06305	0.22118	0.05287	0.07662	0.01511	0.00910	0.00291	0.00712	0.15104	0.00703	0.00919
39	0.03689	0.01475	0.01966	0.01507	0.02151	0.01311	0.01245	0.07966	0.02480	0.62136	0.03192	0.02772	0.02014	0.01026	0.00835	0.00257	0.00721	0.00830	0.01015	0.01414
40	0.01883	0.30430	0.42263	0.01999	0.03025	0.02459	0.02427	0.02575	0.01728	0.02367	0.01360	0.01590	0.01058	0.00759	0.00689	0.00230	0.01095	0.00548	0.00353	0.01165
41	0.01165	0.00849	0.01096	0.01034	0.01235	0.00779	0.00776	0.01548	0.02327	0.03274	0.62172	0.06300	0.10886	0.01720	0.00980	0.00262	0.00393	0.01516	0.00907	0.00779
42	0.02932	0.02109	0.02252	0.01752	0.02350	0.02323	0.01439	0.54290	0.03602	0.04935	0.02095	0.02150	0.01513	0.00993	0.00796	0.00241	0.00840	0.00752	0.11315	0.01323
43	0.01080	0.00767	0.00997	0.01097	0.01179	0.00720	0.00743	0.01275	0.01753	0.02390	0.20863	0.45143	0.05841	0.10417	0.01413	0.00372	0.00496	0.01991	0.00779	0.00684
44	0.01033	0.00806	0.00938	0.00985	0.01174	0.00711	0.00708	0.01262	0.01896	0.02439	0.19388	0.27302	0.34046	0.02175	0.01006	0.00294	0.00434	0.01892	0.00802	0.00711
45	0.01204	0.00812	0.00935	0.00926	0.00953	0.00802	0.00543	0.01259	0.01369	0.01853	0.11412	0.05545	0.03697	0.61091	0.03772	0.00729	0.00747	0.01249	0.00561	0.00543
46	0.01187	0.00823	0.01031	0.01046	0.01092	0.00861	0.00675	0.01281	0.01274	0.01740	0.02661	0.09900	0.02949	0.47324	0.21760	0.00918	0.01179	0.01209	0.00508	0.00584
47	0.01187	0.00890	0.01335	0.01335	0.01483	0.01038	0.01038	0.01483	0.01335	0.01928	0.02225	0.03264	0.02077	0.06231	0.67512	0.01335	0.02225	0.00890	0.00445	0.00742
48	0.03727	0.01414	0.01928	0.01478	0.02121	0.01221	0.01221	0.04049	0.02378	0.66198	0.03277	0.02828	0.02056	0.01028	0.00835	0.00257	0.00707	0.00835	0.01028	0.01414
49	0.01723	0.01477	0.01723	0.01230	0.01969	0.01107	0.00984	0.02092	0.01723	0.02707	0.01477	0.01723	0.01230	0.00615	0.00615	0.00123	0.00615	0.00492	0.00492	0.75883
50	0.01443	0.00722	0.01082	0.01082	0.01082	0.00722	0.00722	0.01082	0.01082	0.01443	0.01443	0.02525	0.01443	0.02886	0.03247	0.75830	0.00722	0.00722	0.00361	0.00361
51	0.01549	0.00774	0.00774	0.00774	0.00968	0.00774	0.00581	0.01936	0.01742	0.03097	0.02710	0.03097	0.02129	0.00968	0.00581	0.00194	0.00387	0.00774	0.75416	0.00774
52	0.03727	0.01414	0.01928	0.01478	0.02121	0.01221	0.01221	0.04049	0.02378	0.66198	0.03277	0.02828	0.02056	0.01028	0.00835	0.00257	0.00707	0.00835	0.01028	0.01414
53	0.01818	0.01818	0.02545	0.02181	0.02181	0.02545	0.01818	0.01999	0.01272	0.01999	0.01091	0.01818	0.01091	0.01454	0.02726	0.00364	0.69284	0.00727	0.00364	0.00909
54	0.03039	0.02212	0.02366	0.01828	0.02458	0.02443	0.01505	0.58359	0.03746	0.05078	0.02047	0.02076	0.01466	0.00995	0.00813	0.00245	0.00875	0.00750	0.06333	0.01366
55	0.01180	0.00905	0.01117	0.01223	0.01454	0.00843	0.01023	0.01485	0.01904	0.02378	0.06189	0.08757	0.31754	0.02210	0.01074	0.00337	0.00612	0.34050	0.00768	0.00737
56	0.03380	0.01770	0.02022	0.01610	0.02215	0.06556	0.01307	0.11128	0.11149	0.45232	0.02985	0.02664	0.01970	0.01025	0.00830	0.00256	0.00785	0.00816	0.00933	0.01366
57	0.03601	0.01442	0.01924	0.01494	0.02124	0.01285	0.01228	0.04076	0.07088	0.61412	0.03285	0.02848	0.02093	0.01036	0.00836	0.00259	0.00703	0.00843	0.01014	0.01406
58	0.01569	0.01477	0.02492	0.68808	0.05722	0.01846	0.02307	0.02123	0.01661	0.02123	0.01477	0.02215	0.01107	0.00831	0.00831	0.00277	0.01107	0.00738	0.00369	0.00923
59	0.01928	0.11732	0.15947	0.02898	0.03717	0.02266	0.38065	0.02573	0.01824	0.02502	0.01523	0.01993	0.01181	0.00786	0.01043	0.00271	0.07423	0.00819	0.00394	0.01114
60	0.01744	0.03350	0.41042	0.02452	0.03287	0.02123	0.09889	0.02456	0.01643	0.02456	0.01401	0.01831	0.01088	0.00966	0.01359	0.00293	0.20442	0.00690	0.00363	0.01125
61	0.01102	0.00830	0.01019	0.01007	0.01205	0.00747	0.00742	0.01412	0.02126	0.02877	0.41846	0.15555	0.22630	0.01930	0.00992	0.00277	0.00412	0.01688	0.00857	0.00747
62	0.01965	0.02221	0.04770	0.03422	0.04247	0.02099	0.59930	0.02738	0.04674	0.02697	0.01755	0.02278	0.01316	0.00719	0.00974	0.00280	0.01368	0.00979	0.00439	0.01129
63	0.01825	0.02130	0.07157	0.03092	0.03807	0.01946	0.48968	0.02441	0.01868	0.02557	0.01988	0.10394	0.01752	0.00976	0.01079	0.00291	0.05098	0.01116	0.00456	0.01060
64	0.01176	0.00849	0.01110	0.01045	0.01241	0.00784	0.00784	0.01568	0.02352	0.03331	0.65184	0.06206	0.07839	0.01698	0.00980	0.00261	0.00392	0.01502	0.00914	0.00784
65	0.03727	0.01414	0.01928	0.01478	0.02121	0.01221	0.01221	0.04049	0.02378	0.66198	0.03277	0.02828	0.02056	0.01028	0.00835	0.00257	0.00707	0.00835	0.01028	0.01414
66	0.01612	0.01481	0.02467	0.12269	0.28868	0.01538	0.05244	0.01991	0.01732	0.02393	0.02581	0.25697	0.02721	0.01427	0.00998	0.00289	0.03837	0.01314	0.00528	0.01011
67	0.01883	0.01831	0.02881	0.33455	0.33783	0.04778	0.02357	0.02456	0.03959	0.02445	0.01575	0.02139	0.01254	0.00799	0.00824	0.00260	0.01052	0.00737	0.00408	0.01124
68	0.01058	0.00756	0.01017	0.01209	0.01277	0.00714	0.00851	0.01236	0.01636	0.02172	0.04553	0.61703	0.05394	0.02559	0.01073	0.00344	0.00522	0.10468	0.00770	0.00687
69	0.07582	0.01422	0.01853	0.01463	0.02061	0.01304	0.01200	0.03847	0.06381	0.55098	0.03109	0.02786	0.02024	0.01296	0.04356	0.00316	0.00781	0.00824	0.00956	0.01343
70	0.02103	0.06684	0.03168	0.10606	0.37647	0.11339	0.06633	0.02556	0.01955	0.02542	0.05585	0.02226	0.01658	0.00823	0.00816	0.00244	0.01058	0.00758	0.00439	0.01160
71	0.01887	0.02755	0.20291	0.03218	0.04155	0.02058	0.47731	0.02654	0.01909	0.02654	0.01633	0.02119	0.01209	0.00723	0.00933	0.00276	0.01357	0.00889	0.00403	0.01147
72	0.01176	0.00849	0.01110	0.01045	0.01241	0.00784	0.00784	0.01568	0.02352	0.03331	0.65184	0.06206	0.07839	0.01698	0.00980	0.00261	0.00392	0.01502	0.00914	0.00784
73	0.01827	0.02017	0.04288	0.08228	0.04104	0.01926	0.51248	0.02456	0.01897	0.02561	0.01982	0.09672	0.01711	0.00918	0.00978	0.00286	0.01278	0.01113	0.00455	0.01057
74	0.01208	0.00805	0.00906	0.00906	0.00906	0.00805	0.00503	0.01208	0.01208	0.01611	0.02618	0.05436	0.03020	0.70804	0.04228	0.00805	0.00805	0.01208	0.00503	0.00503
75	0.01142	0.00840	0.01069	0.01029	0.01225	0.00767	0.00765	0.01497	0.02248	0.03125	0.54563	0.10601	0.14425	0.01805	0.00985	0.00269	0.00401	0.01588	0.00888	0.00767
76	0.09292	0.01428	0.01874	0.01449	0.02081	0.01270	0.01196	0.03926	0.02304	0.61432	0.03116	0.02715	0.01968	0.01009	0.00811	0.00257	0.00702	0.00806	0.00989	0.01375
77	0.01159	0.00849	0.01088	0.01028	0.01231	0.00777	0.00771	0.01536	0.02313	0.03239	0.60377	0.06357	0.12703	0.01733	0.00980	0.00263	0.00394	0.01524	0.00902	0.00777
78	0.03103	0.03959	0.02354	0.02140	0.02568	0.67469	0.01605	0.03317	0.02354	0.02033	0.01284	0.01498	0.01070	0.00856	0.00749	0.00214	0.01498	0.00535	0.00428	0.00963
79	0.01549	0.00774	0.00774	0.00774	0.00968	0.00774	0.00581	0.01936	0.01742	0.03097	0.02710	0.03097	0.02129	0.00968	0.00581	0.00194	0.00387	0.00774	0.75416	0.00774
80	0.01443	0.00722	0.01082	0.01082	0.01082	0.00722	0.00722	0.01082	0.01082	0.01443	0.01443	0.02525	0.01443	0.02886	0.03247	0.75830	0.00722	0.00722	0.00361	0.00361
81	0.01433	0.00728	0.01092	0.01092	0.01097	0.00733	0.00733	0.01097	0.01092	0.01461	0.01473	0.02553	0.01467	0.03013	0.05680	0.73010	0.00778	0.00728	0.00364	0.00375
82	0.02867	0.02686	0.02464	0.02032	0.02493	0.21025	0.01635	0.33402	0.02923	0.03659	0.01607	0.01817	0.01249	0.01051	0.01198	0.00263	0.15146	0.00683	0.00620	0.01181
83	0.01871	0.02083	0.04419	0.06131	0.04089	0.02010	0.53001	0.02504	0.01892	0.02571	0.01848	0.06968	0.01542	0.00872	0.01056	0.00288	0.04291	0.01055	0.00440	0.01071
84	0.76672	0.01607	0.01221	0.01092	0.01607	0.01864	0.00900	0.02442	0.01414	0.03727	0.01157	0.01350	0.00900	0.00771	0.00514	0.00257	0.00643	0.00450	0.00514	0.00900
85	0.01967	0.01883	0.03211	0.16746	0.54671	0.01950	0.02505	0.02471	0.01849	0.02606	0.01547	0.02085	0.01278	0.00757	0.00824	0.00252	0.01009	0.00740	0.00404	0.01244

[dist]
# distance from previous block
# <min> <max>
0	50

[block]
# block no. 2 follows, 22 sequences, length 192
# corresponding to MSA columns:
# 238-429
name=unknown_C
#
# <colnr> <probs for GDERKNQSTAVLIFYWHMCP>
#	G	D	E	R	K	N	Q	S	T	A	V	L	I	F	Y	W	H	M	C	P
0	0.01549	0.00774	0.00774	0.00774	0.00968	0.00774	0.00581	0.01936	0.01742	0.03097	0.02710	0.03097	0.02129	0.00968	0.00581	0.00194	0.00387	0.00774	0.75416	0.00774
1	0.01569	0.01477	0.02492	0.68808	0.05722	0.01846	0.02307	0.02123	0.01661	0.02123	0.01477	0.02215	0.01107	0.00831	0.00831	0.00277	0.01107	0.00738	0.00369	0.00923
2	0.01864	0.01778	0.03025	0.30215	0.42008	0.01923	0.02454	0.02381	0.01801	0.02481	0.01529	0.02119	0.01234	0.00776	0.00826	0.00259	0.01034	0.00739	0.00395	0.01161
3	0.01925	0.02131	0.04081	0.03214	0.08616	0.05767	0.44562	0.02505	0.01940	0.02591	0.04639	0.07308	0.01846	0.00926	0.01032	0.00280	0.04052	0.01049	0.00465	0.01071
4	0.02499	0.02831	0.02960	0.03589	0.32259	0.30023	0.05601	0.02967	0.04829	0.02453	0.01530	0.01874	0.01261	0.00804	0.00801	0.00236	0.01215	0.00675	0.00438	0.01153
5	0.02175	0.02099	0.02388	0.28306	0.03668	0.13120	0.01860	0.15107	0.02199	0.02752	0.01864	0.02293	0.04641	0.01046	0.01150	0.00275	0.12782	0.00759	0.00498	0.01019
6	0.01182	0.00799	0.00909	0.00927	0.00941	0.00790	0.00533	0.01203	0.01267	0.01680	0.03002	0.11507	0.05435	0.62099	0.03822	0.00744	0.00762	0.01334	0.00537	0.00526
7	0.01194	0.00862	0.01191	0.01191	0.01289	0.00960	0.00858	0.01391	0.01292	0.01821	0.02357	0.03996	0.02395	0.27990	0.46188	0.01157	0.01747	0.00997	0.00465	0.00661
8	0.01947	0.02148	0.04382	0.03442	0.09790	0.02159	0.47259	0.02545	0.01845	0.02561	0.01576	0.02156	0.01239	0.00824	0.01243	0.00290	0.12160	0.00917	0.00410	0.01105
9	0.01187	0.00890	0.01335	0.01335	0.01483	0.01038	0.01038	0.01483	0.01335	0.01928	0.02225	0.03264	0.02077	0.06231	0.67512	0.01335	0.02225	0.00890	0.00445	0.00742
10	0.01723	0.01477	0.01723	0.01230	0.01969	0.01107	0.00984	0.02092	0.01723	0.02707	0.01477	0.01723	0.01230	0.00615	0.00615	0.00123	0.00615	0.00492	0.00492	0.75883
11	0.01322	0.00994	0.01177	0.01077	0.01343	0.00940	0.00823	0.07572	0.02385	0.03233	0.43848	0.06260	0.22421	0.01736	0.00966	0.00265	0.00452	0.01494	0.00868	0.00825
12	0.00984	0.00832	0.00851	0.00866	0.01129	0.00699	0.00642	0.01189	0.01870	0.02234	0.08113	0.12905	0.60570	0.02143	0.00988	0.00285	0.00426	0.01801	0.00771	0.00699
13	0.01832	0.01861	0.02784	0.02315	0.02401	0.02499	0.08004	0.02067	0.01342	0.02067	0.01151	0.01861	0.01108	0.01377	0.02549	0.00355	0.62375	0.00753	0.00369	0.00930
14	0.01025	0.00733	0.00976	0.01148	0.01208	0.00683	0.00772	0.01189	0.01651	0.02216	0.09358	0.65211	0.05679	0.02531	0.01054	0.00331	0.00475	0.02294	0.00782	0.00683
15	0.01204	0.00821	0.00986	0.00986	0.01014	0.00849	0.00603	0.01260	0.01232	0.01670	0.02544	0.05030	0.02844	0.58732	0.16059	0.00904	0.01071	0.01149	0.00492	0.00548
16	0.01237	0.00963	0.01430	0.01402	0.01538	0.01157	0.01100	0.01524	0.01330	0.01934	0.02136	0.03150	0.01999	0.05854	0.62403	0.01258	0.07513	0.00877	0.00439	0.00755
17	0.01561	0.01458	0.02450	0.66399	0.05578	0.01814	0.02272	0.02108	0.01670	0.02136	0.01581	0.02471	0.01239	0.00883	0.00842	0.00281	0.01095	0.02861	0.00383	0.00917
18	0.01586	0.01494	0.02523	0.66530	0.07863	0.01850	0.02316	0.02138	0.01669	0.02144	0.01480	0.02209	0.01115	0.00827	0.00830	0.00276	0.01103	0.00738	0.00371	0.00937
19	0.01198	0.00804	0.00920	0.00924	0.00936	0.00799	0.00530	0.01225	0.01286	0.01725	0.06089	0.08127	0.03382	0.64272	0.03923	0.00757	0.00770	0.01271	0.00537	0.00526
20	0.76672	0.01607	0.01221	0.01092	0.01607	0.01864	0.00900	0.02442	0.01414	0.03727	0.01157	0.01350	0.00900	0.00771	0.00514	0.00257	0.00643	0.00450	0.00514	0.00900
21	0.01723	0.01477	0.01723	0.01230	0.01969	0.01107	0.00984	0.02092	0.01723	0.02707	0.01477	0.01723	0.01230	0.00615	0.00615	0.00123	0.00615	0.00492	0.00492	0.75883
22	0.00982	0.00842	0.00842	0.00842	0.01122	0.00701	0.00631	0.01192	0.01894	0.02244	0.08416	0.07995	0.65285	0.02104	0.00982	0.00281	0.00421	0.01753	0.00771	0.00701
23	0.04567	0.03988	0.56733	0.02297	0.03373	0.04277	0.02837	0.02598	0.01724	0.02602	0.01439	0.01735	0.01050	0.00843	0.00930	0.00269	0.06582	0.00614	0.00361	0.01181
24	0.01187	0.00890	0.01335	0.01335	0.01483	0.01038	0.01038	0.01483	0.01335	0.01928	0.02225	0.03264	0.02077	0.06231	0.67512	0.01335	0.02225	0.00890	0.00445	0.00742
25	0.01937	0.01820	0.03038	0.26500	0.42786	0.01955	0.02428	0.04884	0.01896	0.02618	0.01551	0.02107	0.01249	0.00781	0.00826	0.00257	0.01025	0.00740	0.00414	0.01187
26	0.76672	0.01607	0.01221	0.01092	0.01607	0.01864	0.00900	0.02442	0.01414	0.03727	0.01157	0.01350	0.00900	0.00771	0.00514	0.00257	0.00643	0.00450	0.00514	0.00900
27	0.01723	0.01477	0.01723	0.01230	0.01969	0.01107	0.00984	0.02092	0.01723	0.02707	0.01477	0.01723	0.01230	0.00615	0.00615	0.00123	0.00615	0.00492	0.00492	0.75883
28	0.01161	0.00799	0.00945	0.00968	0.01017	0.00776	0.00597	0.01253	0.01473	0.01984	0.12672	0.16847	0.06497	0.45973	0.03067	0.00622	0.00672	0.01472	0.00622	0.00583
29	0.01265	0.00965	0.01320	0.09020	0.01864	0.00977	0.01059	0.01735	0.04975	0.02938	0.39439	0.13697	0.06117	0.01760	0.00989	0.00290	0.00549	0.09423	0.00811	0.00809
30	0.07336	0.01530	0.01958	0.01509	0.02148	0.01411	0.01246	0.10794	0.02507	0.55974	0.03022	0.02656	0.01923	0.01012	0.00819	0.00256	0.00728	0.00806	0.00979	0.01388
31	0.05303	0.06505	0.16632	0.01586	0.02377	0.01622	0.01555	0.09498	0.02004	0.06670	0.01756	0.04953	0.01432	0.00829	0.00704	0.00197	0.00807	0.00652	0.00537	0.34383
32	0.01187	0.00890	0.01335	0.01335	0.01483	0.01038	0.01038	0.01483	0.01335	0.01928	0.02225	0.03264	0.02077	0.06231	0.67512	0.01335	0.02225	0.00890	0.00445	0.00742
33	0.01147	0.00852	0.01083	0.01132	0.01321	0.00789	0.00877	0.01459	0.02034	0.02718	0.29731	0.17527	0.18738	0.02064	0.01032	0.00305	0.00498	0.15122	0.00827	0.00745
34	0.01666	0.04297	0.66500	0.02368	0.03596	0.01929	0.03069	0.02631	0.01754	0.02631	0.01491	0.01754	0.01052	0.00789	0.00789	0.00263	0.01228	0.00614	0.00351	0.01228
35	0.03018	0.02331	0.02539	0.05198	0.06406	0.05054	0.01670	0.54186	0.03624	0.04819	0.01917	0.01989	0.01380	0.00969	0.00827	0.00249	0.00950	0.00739	0.00769	0.01367
36	0.01208	0.00805	0.00906	0.00906	0.00906	0.00805	0.00503	0.01208	0.01208	0.01611	0.02618	0.05436	0.03020	0.70804	0.04228	0.00805	0.00805	0.01208	0.00503	0.00503
37	0.01056	0.00873	0.00930	0.00929	0.01188	0.00768	0.00691	0.01375	0.04553	0.02431	0.15435	0.12337	0.50430	0.02047	0.00982	0.00282	0.00432	0.01732	0.00793	0.00736
38	0.01236	0.01050	0.01713	0.17032	0.02564	0.01089	0.07334	0.01531	0.01644	0.02175	0.03571	0.47701	0.04055	0.02002	0.00999	0.00318	0.00719	0.01848	0.00643	0.00777
39	0.01685	0.01624	0.02836	0.52529	0.16076	0.01888	0.07105	0.02240	0.01725	0.02268	0.01508	0.02189	0.01156	0.00805	0.00841	0.00272	0.01109	0.00758	0.00381	0.01007
40	0.01176	0.00849	0.01110	0.01045	0.01241	0.00784	0.00784	0.01568	0.02352	0.03331	0.65184	0.06206	0.07839	0.01698	0.00980	0.00261	0.00392	0.01502	0.00914	0.00784
41	0.01341	0.01015	0.01078	0.01022	0.01319	0.00953	0.00787	0.08864	0.02131	0.02768	0.09453	0.09863	0.41500	0.01850	0.00928	0.00273	0.00494	0.04108	0.09450	0.00802
42	0.02501	0.01767	0.01951	0.01672	0.02195	0.01953	0.01323	0.10291	0.45956	0.15881	0.03220	0.02934	0.02328	0.01095	0.00842	0.00274	0.00693	0.00900	0.00880	0.01344
43	0.01723	0.01477	0.01723	0.01230	0.01969	0.01107	0.00984	0.02092	0.01723	0.02707	0.01477	0.01723	0.01230	0.00615	0.00615	0.00123	0.00615	0.00492	0.00492	0.75883
44	0.01022	0.00727	0.00961	0.01144	0.01190	0.00681	0.00757	0.01159	0.01571	0.02094	0.04478	0.66930	0.05367	0.06108	0.01223	0.00361	0.00499	0.02302	0.00757	0.00666
45	0.01954	0.01661	0.01788	0.01638	0.02069	0.01899	0.01284	0.04026	0.55393	0.03388	0.07286	0.03786	0.03041	0.01255	0.00877	0.00288	0.00650	0.05634	0.00843	0.01239
46	0.01187	0.00890	0.01335	0.01335	0.01483	0.01038	0.01038	0.01483	0.01335	0.01928	0.02225	0.03264	0.02077	0.06231	0.67512	0.01335	0.02225	0.00890	0.00445	0.00742
47	0.01012	0.00723	0.00964	0.01157	0.01205	0.00675	0.00771	0.01157	0.01591	0.02121	0.04579	0.70262	0.05495	0.02603	0.01060	0.00337	0.00482	0.02362	0.00771	0.00675
48	0.01723	0.01477	0.01723	0.01230	0.01969	0.01107	0.00984	0.02092	0.01723	0.02707	0.01477	0.01723	0.01230	0.00615	0.00615	0.00123	0.00615	0.00492	0.00492	0.75883
49	0.02901	0.02199	0.02349	0.01859	0.02478	0.02456	0.01517	0.49112	0.18064	0.04822	0.02321	0.02254	0.01677	0.01028	0.00834	0.00257	0.00854	0.00793	0.00834	0.01390
50	0.01710	0.01598	0.05642	0.54319	0.04975	0.01764	0.02149	0.02348	0.04758	0.06245	0.05133	0.02488	0.01597	0.00902	0.00838	0.00274	0.01028	0.00789	0.00461	0.00980
51	0.07844	0.04663	0.02091	0.05175	0.02347	0.01632	0.01323	0.11406	0.07656	0.42853	0.02798	0.02552	0.01847	0.00992	0.00802	0.00256	0.00755	0.00786	0.00890	0.01332
52	0.02374	0.01528	0.02231	0.05050	0.02425	0.01619	0.08155	0.03019	0.10865	0.23793	0.06192	0.03665	0.05318	0.01278	0.01216	0.00296	0.12297	0.06804	0.00747	0.01129
53	0.01032	0.00738	0.00982	0.01143	0.01209	0.00688	0.00773	0.01206	0.01683	0.02267	0.11906	0.62518	0.05778	0.02493	0.01051	0.00328	0.00471	0.02258	0.00788	0.00688
54	0.01890	0.02891	0.25271	0.06236	0.13553	0.08167	0.08379	0.02471	0.01748	0.02420	0.01560	0.04888	0.01325	0.00990	0.01202	0.00281	0.14458	0.00769	0.00397	0.01105
55	0.02078	0.21948	0.25583	0.02023	0.05195	0.05137	0.02043	0.06749	0.16053	0.02776	0.01853	0.01959	0.01426	0.00858	0.00734	0.00240	0.00987	0.00651	0.00500	0.01207
56	0.01208	0.00805	0.00906	0.00906	0.00906	0.00805	0.00503	0.01208	0.01208	0.01611	0.02618	0.05436	0.03020	0.70804	0.04228	0.00805	0.00805	0.01208	0.00503	0.00503
57	0.01011	0.00729	0.00958	0.01141	0.01201	0.00676	0.00764	0.01159	0.01606	0.02127	0.04772	0.67125	0.08507	0.02578	0.01056	0.00335	0.00479	0.02331	0.00771	0.00676
58	0.03056	0.02224	0.02397	0.01867	0.02508	0.02457	0.01533	0.53484	0.10829	0.07711	0.02212	0.02159	0.01571	0.01014	0.00833	0.00253	0.00875	0.00774	0.00841	0.01401
59	0.01634	0.01524	0.02130	0.01827	0.02090	0.07366	0.10908	0.01978	0.01564	0.02210	0.01919	0.02674	0.01694	0.03404	0.31610	0.00760	0.13388	0.00830	0.09636	0.00854
60	0.01818	0.01818	0.02545	0.02181	0.02181	0.02545	0.01818	0.01999	0.01272	0.01999	0.01091	0.01818	0.01091	0.01454	0.02726	0.00364	0.69284	0.00727	0.00364	0.00909
61	0.01700	0.04058	0.59350	0.02499	0.03682	0.01949	0.09980	0.02634	0.01778	0.02634	0.01513	0.01810	0.01077	0.00779	0.00811	0.00265	0.01248	0.00656	0.00359	0.01215
62	0.01960	0.01797	0.02731	0.01966	0.02725	0.01566	0.18851	0.09376	0.02047	0.02990	0.01596	0.01904	0.01261	0.00685	0.00746	0.00183	0.00877	0.00663	0.00511	0.45564
63	0.36203	0.01533	0.01877	0.34038	0.03635	0.01820	0.01601	0.02374	0.01586	0.06333	0.01427	0.01850	0.01063	0.00814	0.00685	0.00267	0.00872	0.00611	0.00471	0.00939
64	0.01176	0.00849	0.01110	0.01045	0.01241	0.00784	0.00784	0.01568	0.02352	0.03331	0.65184	0.06206	0.07839	0.01698	0.00980	0.00261	0.00392	0.01502	0.00914	0.00784
65	0.01176	0.00849	0.01110	0.01045	0.01241	0.00784	0.00784	0.01568	0.02352	0.03331	0.65184	0.06206	0.07839	0.01698	0.00980	0.00261	0.00392	0.01502	0.00914	0.00784
66	0.76672	0.01607	0.01221	0.01092	0.01607	0.01864	0.00900	0.02442	0.01414	0.03727	0.01157	0.01350	0.00900	0.00771	0.00514	0.00257	0.00643	0.00450	0.00514	0.00900
67	0.01204	0.00820	0.00981	0.00981	0.01007	0.00846	0.00597	0.01256	0.01230	0.01666	0.02549	0.05057	0.02856	0.59535	0.15273	0.00898	0.01053	0.01153	0.00493	0.00545
68	0.01208	0.00805	0.00906	0.00906	0.00906	0.00805	0.00503	0.01208	0.01208	0.01611	0.02618	0.05436	0.03020	0.70804	0.04228	0.00805	0.00805	0.01208	0.00503	0.00503
69	0.01829	0.07913	0.16517	0.10504	0.03954	0.02032	0.33911	0.02494	0.01839	0.02517	0.01688	0.04828	0.01358	0.00808	0.00878	0.00264	0.01222	0.00874	0.00413	0.04158
70	0.01208	0.00805	0.00906	0.00906	0.00906	0.00805	0.00503	0.01208	0.01208	0.01611	0.02618	0.05436	0.03020	0.70804	0.04228	0.00805	0.00805	0.01208	0.00503	0.00503
71	0.03044	0.03660	0.02380	0.02116	0.02549	0.56599	0.01613	0.10160	0.02479	0.02403	0.01357	0.01572	0.01111	0.00903	0.00860	0.00226	0.04914	0.00570	0.00472	0.01012
72	0.03085	0.02174	0.02373	0.01835	0.02457	0.02382	0.01505	0.55593	0.03642	0.08564	0.02035	0.02076	0.01452	0.01116	0.00981	0.04927	0.00890	0.00751	0.00813	0.01348
73	0.03158	0.02327	0.02493	0.01911	0.02576	0.02576	0.01579	0.62852	0.03906	0.05236	0.01995	0.01995	0.01413	0.00997	0.00831	0.00249	0.00914	0.00748	0.00831	0.01413
74	0.01723	0.01477	0.01723	0.01230	0.01969	0.01107	0.00984	0.02092	0.01723	0.02707	0.01477	0.01723	0.01230	0.00615	0.00615	0.00123	0.00615	0.00492	0.00492	0.75883
75	0.01961	0.02241	0.04902	0.03501	0.04342	0.02101	0.62605	0.02661	0.01961	0.02661	0.01681	0.02241	0.01261	0.00700	0.00980	0.00280	0.01401	0.00980	0.00420	0.01120
76	0.01723	0.01477	0.01723	0.01230	0.01969	0.01107	0.00984	0.02092	0.01723	0.02707	0.01477	0.01723	0.01230	0.00615	0.00615	0.00123	0.00615	0.00492	0.00492	0.75883
77	0.01955	0.01469	0.01746	0.01259	0.01986	0.01121	0.01012	0.02319	0.01799	0.10077	0.01686	0.01851	0.01326	0.00663	0.00641	0.00139	0.00626	0.00532	0.00554	0.67238
78	0.76672	0.01607	0.01221	0.01092	0.01607	0.01864	0.00900	0.02442	0.01414	0.03727	0.01157	0.01350	0.00900	0.00771	0.00514	0.00257	0.00643	0.00450	0.00514	0.00900
79	0.01187	0.00890	0.01335	0.01335	0.01483	0.01038	0.01038	0.01483	0.01335	0.01928	0.02225	0.03264	0.02077	0.06231	0.67512	0.01335	0.02225	0.00890	0.00445	0.00742
80	0.01043	0.00870	0.00915	0.00925	0.01183	0.00763	0.00685	0.01349	0.04629	0.02339	0.10619	0.14742	0.52848	0.02097	0.00985	0.00286	0.00437	0.01774	0.00782	0.00730
81	0.02014	0.01730	0.01834	0.01653	0.02107	0.01991	0.01284	0.04248	0.60511	0.03467	0.06993	0.03281	0.02846	0.01160	0.00853	0.00281	0.00642	0.00972	0.00849	0.01284
82	0.01198	0.00846	0.01111	0.01111	0.01182	0.00917	0.00759	0.01340	0.01269	0.01762	0.02430	0.04399	0.02570	0.39972	0.34445	0.01058	0.01483	0.01056	0.00476	0.00617
83	0.01036	0.00736	0.00967	0.01131	0.01183	0.00691	0.00751	0.01182	0.01599	0.02143	0.07539	0.61858	0.05420	0.07935	0.01306	0.00370	0.00503	0.02227	0.00757	0.00667
84	0.02421	0.01705	0.01899	0.01601	0.02049	0.01840	0.01251	0.31082	0.12244	0.08883	0.02915	0.17225	0.02642	0.06871	0.01151	0.00318	0.00757	0.01168	0.00810	0.01167
85	0.03158	0.02327	0.02493	0.01911	0.02576	0.02576	0.01579	0.62852	0.03906	0.05236	0.01995	0.01995	0.01413	0.00997	0.00831	0.00249	0.00914	0.00748	0.00831	0.01413
86	0.03727	0.01414	0.01928	0.01478	0.02121	0.01221	0.01221	0.04049	0.02378	0.66198	0.03277	0.02828	0.02056	0.01028	0.00835	0.00257	0.00707	0.00835	0.01028	0.01414
87	0.01012	0.00723	0.00964	0.01157	0.01205	0.00675	0.00771	0.01157	0.01591	0.02121	0.04579	0.70262	0.05495	0.02603	0.01060	0.00337	0.00482	0.02362	0.00771	0.00675
88	0.01912	0.02097	0.04100	0.03052	0.03607	0.02252	0.41924	0.02436	0.01727	0.02436	0.01480	0.02097	0.01203	0.00957	0.01574	0.00308	0.24496	0.00894	0.00401	0.01048
89	0.03469	0.01393	0.01879	0.01491	0.02091	0.01236	0.01234	0.03880	0.04943	0.58531	0.03370	0.03355	0.02291	0.01132	0.00860	0.00268	0.00709	0.05508	0.01000	0.01358
90	0.01012	0.00723	0.00964	0.01157	0.01205	0.00675	0.00771	0.01157	0.01591	0.02121	0.04579	0.70262	0.05495	0.02603	0.01060	0.00337	0.00482	0.02362	0.00771	0.00675
91	0.01796	0.01708	0.02902	0.39122	0.33632	0.01905	0.02420	0.02322	0.01769	0.02398	0.01517	0.02141	0.01205	0.00788	0.00827	0.00263	0.01051	0.00739	0.00389	0.01106
92	0.01602	0.01483	0.02499	0.60806	0.10241	0.01806	0.02257	0.02110	0.01654	0.02139	0.01482	0.02216	0.01139	0.00914	0.00936	0.03596	0.01081	0.00738	0.00372	0.00929
93	0.02221	0.71304	0.04353	0.01421	0.02132	0.03287	0.01421	0.02488	0.01688	0.01955	0.01155	0.01333	0.01066	0.00711	0.00533	0.00178	0.00888	0.00444	0.00355	0.01066
94	0.01578	0.01201	0.01517	0.01301	0.01505	0.01243	0.04157	0.09421	0.01696	0.02331	0.04925	0.04261	0.02628	0.43099	0.05172	0.00618	0.05104	0.01052	0.00547	0.06644
95	0.01762	0.01830	0.03448	0.32719	0.04626	0.02055	0.25956	0.02315	0.01718	0.02315	0.01497	0.02163	0.01165	0.00877	0.01185	0.00292	0.11857	0.00832	0.00388	0.00998
96	0.72913	0.01625	0.01329	0.01294	0.04832	0.01869	0.00983	0.02447	0.01438	0.03676	0.01177	0.01385	0.00921	0.00770	0.00530	0.00257	0.00660	0.00464	0.00509	0.00921
97	0.04606	0.04158	0.05050	0.01276	0.01690	0.01168	0.01078	0.04815	0.02329	0.18819	0.39010	0.04589	0.05261	0.01382	0.00893	0.00256	0.00565	0.01179	0.00872	0.01005
98	0.01291	0.00876	0.01139	0.01058	0.01279	0.00802	0.00799	0.01673	0.02335	0.06319	0.59973	0.06113	0.09814	0.01682	0.00973	0.00262	0.00408	0.01480	0.00914	0.00811
99	0.01552	0.01454	0.02420	0.62933	0.05365	0.01817	0.02214	0.02071	0.01642	0.02118	0.01611	0.05479	0.01318	0.00940	0.00916	0.00283	0.03753	0.00816	0.00388	0.00910
100	0.01208	0.00805	0.00906	0.00906	0.00906	0.00805	0.00503	0.01208	0.01208	0.01611	0.02618	0.05436	0.03020	0.70804	0.04228	0.00805	0.00805	0.01208	0.00503	0.00503
101	0.63942	0.01573	0.01344	0.01160	0.01696	0.01751	0.00956	0.02722	0.01582	0.14630	0.01527	0.01607	0.01102	0.00816	0.00570	0.00257	0.00654	0.00517	0.00604	0.00989
102	0.01161	0.00849	0.01089	0.01029	0.01232	0.00777	0.00772	0.01538	0.02316	0.03246	0.60715	0.06346	0.12360	0.01730	0.00980	0.00263	0.00394	0.01522	0.00903	0.00777
103	0.01176	0.00849	0.01110	0.01045	0.01241	0.00784	0.00784	0.01568	0.02352	0.03331	0.65184	0.06206	0.07839	0.01698	0.00980	0.00261	0.00392	0.01502	0.00914	0.00784
104	0.02066	0.01785	0.01878	0.01691	0.02160	0.02066	0.01315	0.04414	0.64121	0.03475	0.03381	0.03099	0.02536	0.01127	0.00845	0.00282	0.00657	0.00939	0.00845	0.01315
105	0.03122	0.03391	0.02403	0.02061	0.02571	0.44895	0.01596	0.24028	0.02894	0.03147	0.01531	0.01671	0.01189	0.00905	0.00778	0.00226	0.01295	0.00609	0.00568	0.01120
106	0.01834	0.01808	0.03254	0.31768	0.30097	0.01941	0.12444	0.02388	0.01806	0.02455	0.01546	0.02154	0.01219	0.00772	0.00852	0.00265	0.01107	0.00779	0.00395	0.01117
107	0.02079	0.07580	0.09391	0.08483	0.03366	0.02089	0.23086	0.02583	0.01781	0.09791	0.01651	0.02069	0.01266	0.00915	0.01247	0.00276	0.15631	0.00783	0.00467	0.05467
108	0.01176	0.00849	0.01110	0.01045	0.01241	0.00784	0.00784	0.01568	0.02352	0.03331	0.65184	0.06206	0.07839	0.01698	0.00980	0.00261	0.00392	0.01502	0.00914	0.00784
109	0.03727	0.01414	0.01928	0.01478	0.02121	0.01221	0.01221	0.04049	0.02378	0.66198	0.03277	0.02828	0.02056	0.01028	0.00835	0.00257	0.00707	0.00835	0.01028	0.01414
110	0.05141	0.03846	0.55372	0.02300	0.03430	0.01879	0.05888	0.02736	0.01799	0.07693	0.01627	0.01846	0.01136	0.00803	0.00791	0.00263	0.01170	0.00643	0.00415	0.01222
111	0.24557	0.01541	0.01735	0.01394	0.01973	0.01543	0.01144	0.08910	0.04576	0.37121	0.05534	0.02497	0.01960	0.00987	0.00750	0.00257	0.00690	0.00752	0.00849	0.01231
112	0.01055	0.00836	0.00954	0.00983	0.01206	0.00735	0.00738	0.01307	0.01948	0.02473	0.19401	0.16476	0.40133	0.02104	0.01006	0.00293	0.00451	0.06382	0.00801	0.00720
113	0.02931	0.02073	0.02282	0.01761	0.02379	0.02223	0.01439	0.49246	0.03404	0.08279	0.01981	0.02061	0.01437	0.01115	0.01003	0.06199	0.00861	0.00729	0.00776	0.07824
114	0.01068	0.00766	0.01014	0.01119	0.01217	0.00712	0.00775	0.01297	0.01850	0.02533	0.25241	0.48423	0.06294	0.02294	0.01033	0.00311	0.00451	0.02069	0.00820	0.00712
115	0.04889	0.01807	0.05037	0.32325	0.11393	0.01917	0.08358	0.04933	0.12039	0.02702	0.01827	0.02258	0.01389	0.00846	0.00822	0.00264	0.01003	0.00768	0.00486	0.04935
116	0.01716	0.10271	0.60959	0.02283	0.03465	0.02050	0.02922	0.02618	0.01748	0.02571	0.01461	0.01716	0.01054	0.00782	0.00766	0.00255	0.01197	0.00599	0.00351	0.01213
117	0.02170	0.65122	0.10087	0.01509	0.02267	0.03162	0.01574	0.02501	0.01694	0.02017	0.01186	0.01371	0.01065	0.00718	0.00557	0.00186	0.00920	0.00460	0.00355	0.01081
118	0.09967	0.03586	0.47152	0.02516	0.06042	0.01951	0.12072	0.02611	0.01754	0.02759	0.01487	0.01798	0.01079	0.00771	0.00790	0.00264	0.01180	0.00658	0.00382	0.01179
119	0.02622	0.02061	0.02192	0.01803	0.02372	0.02326	0.01449	0.34183	0.33447	0.04372	0.02675	0.02537	0.01964	0.01061	0.00838	0.00265	0.00788	0.00842	0.00838	0.01365
120	0.01154	0.00848	0.01080	0.01022	0.01227	0.00774	0.00766	0.01525	0.02299	0.03207	0.58683	0.06410	0.14417	0.01745	0.00980	0.00263	0.00395	0.01531	0.00898	0.00774
121	0.01188	0.00886	0.01316	0.01316	0.01458	0.01028	0.01015	0.01471	0.01330	0.01915	0.02242	0.03359	0.02118	0.09069	0.64730	0.01312	0.02163	0.00904	0.00448	0.00731
122	0.01031	0.00737	0.00986	0.01179	0.01235	0.00691	0.00804	0.01190	0.01609	0.02142	0.04568	0.66703	0.05453	0.02585	0.01065	0.00340	0.00499	0.05732	0.00771	0.00680
123	0.01857	0.01806	0.02495	0.02135	0.02173	0.02487	0.01775	0.04912	0.01402	0.02152	0.01179	0.01883	0.01145	0.01619	0.05177	0.00396	0.63357	0.00734	0.00389	0.00926
124	0.01569	0.01477	0.02492	0.68808	0.05722	0.01846	0.02307	0.02123	0.01661	0.02123	0.01477	0.02215	0.01107	0.00831	0.00831	0.00277	0.01107	0.00738	0.00369	0.00923
125	0.01605	0.01526	0.02499	0.59107	0.05206	0.01947	0.02236	0.02105	0.01605	0.02105	0.01420	0.02157	0.01105	0.00921	0.01107	0.00289	0.11034	0.00737	0.00368	0.00921
126	0.01154	0.00783	0.00922	0.00976	0.00989	0.00769	0.00578	0.01194	0.01314	0.01752	0.03162	0.23420	0.03707	0.51885	0.03350	0.00676	0.00716	0.01528	0.00578	0.00551
127	0.03103	0.03959	0.02354	0.02140	0.02568	0.67469	0.01605	0.03317	0.02354	0.02033	0.01284	0.01498	0.01070	0.00856	0.00749	0.00214	0.01498	0.00535	0.00428	0.00963
128	0.02906	0.02202	0.02351	0.01860	0.02480	0.02458	0.01518	0.49342	0.17827	0.04829	0.02315	0.02250	0.01672	0.01027	0.00834	0.00257	0.00855	0.00792	0.00834	0.01390
129	0.03158	0.02327	0.02493	0.01911	0.02576	0.02576	0.01579	0.62852	0.03906	0.05236	0.01995	0.01995	0.01413	0.00997	0.00831	0.00249	0.00914	0.00748	0.00831	0.01413
130	0.01012	0.00723	0.00964	0.01157	0.01205	0.00675	0.00771	0.01157	0.01591	0.02121	0.04579	0.70262	0.05495	0.02603	0.01060	0.00337	0.00482	0.02362	0.00771	0.00675
131	0.01063	0.00845	0.00955	0.00927	0.01172	0.00736	0.00695	0.01350	0.02086	0.02701	0.32265	0.07243	0.41151	0.01934	0.00981	0.00272	0.00409	0.01648	0.00832	0.00736
