[name]
unknown

[dist]
# distance from previous block
# <min> <max>
0	30

[block]
# block no. 0 follows, 24 sequences, length 18
# corresponding to MSA columns:
# 30-47
name=unknown_A
#
# <colnr> <probs for GDERKNQSTAVLIFYWHMCP>
#	G	D	E	R	K	N	Q	S	T	A	V	L	I	F	Y	W	H	M	C	P
0	0.04525	0.01658	0.02123	0.04323	0.14032	0.01714	0.01501	0.20224	0.08153	0.14138	0.06022	0.03096	0.02189	0.01062	0.00814	0.00250	0.00770	0.07288	0.00710	0.05408
1	0.29506	0.01199	0.01286	0.01343	0.06171	0.01269	0.00962	0.01972	0.04417	0.03160	0.27027	0.04128	0.07780	0.01271	0.00767	0.00257	0.00542	0.05428	0.00675	0.00841
2	0.06017	0.01286	0.01555	0.01527	0.07324	0.01261	0.01075	0.09368	0.07648	0.12741	0.14066	0.09740	0.16225	0.01367	0.00837	0.00250	0.00586	0.01155	0.00750	0.05224
3	0.19782	0.01704	0.01870	0.01486	0.02036	0.04323	0.05192	0.17130	0.04813	0.07131	0.07724	0.04313	0.01939	0.00919	0.00707	0.00221	0.00726	0.00730	0.00633	0.16621
4	0.55708	0.06420	0.01620	0.05078	0.01944	0.09817	0.01081	0.05815	0.01615	0.03251	0.01179	0.01384	0.00926	0.00757	0.00552	0.00236	0.00764	0.00470	0.00480	0.00904
5	0.37299	0.01964	0.05334	0.01490	0.01925	0.13210	0.05213	0.02275	0.01634	0.02865	0.06356	0.09818	0.01915	0.01046	0.00776	0.00254	0.04466	0.00782	0.00511	0.00868
6	0.01823	0.02053	0.04444	0.03190	0.03952	0.01924	0.60181	0.02472	0.01896	0.02582	0.05832	0.02385	0.01611	0.00730	0.00936	0.00266	0.01274	0.00968	0.00432	0.01049
7	0.05101	0.01885	0.02989	0.16887	0.29291	0.01998	0.10755	0.15952	0.02173	0.03036	0.01566	0.01978	0.01213	0.00773	0.00798	0.00247	0.00992	0.00729	0.00477	0.01160
8	0.02601	0.09481	0.02548	0.01989	0.02439	0.38419	0.05321	0.09316	0.09655	0.02440	0.01525	0.01712	0.01231	0.00889	0.00891	0.00228	0.07207	0.00610	0.00482	0.01016
9	0.00941	0.00790	0.00817	0.00839	0.01080	0.00666	0.00618	0.01134	0.01774	0.02128	0.07605	0.15115	0.59656	0.02064	0.00946	0.00274	0.00408	0.01742	0.00736	0.00666
10	0.02847	0.02048	0.02223	0.01746	0.02333	0.02251	0.01426	0.52297	0.09394	0.08266	0.02219	0.05448	0.01675	0.01040	0.00805	0.00245	0.00818	0.00811	0.00802	0.01305
11	0.03035	0.01934	0.02171	0.01692	0.02300	0.02066	0.01389	0.41753	0.10523	0.21149	0.02376	0.02233	0.01633	0.00974	0.00796	0.00243	0.00793	0.00757	0.00844	0.01338
12	0.01153	0.00769	0.00865	0.00865	0.00865	0.00769	0.00480	0.01153	0.01153	0.01538	0.02499	0.05189	0.02883	0.72131	0.04036	0.00769	0.00769	0.01153	0.00480	0.00480
13	0.01153	0.00769	0.00865	0.00865	0.00865	0.00769	0.00480	0.01153	0.01153	0.01538	0.02499	0.05189	0.02883	0.72131	0.04036	0.00769	0.00769	0.01153	0.00480	0.00480
14	0.02368	0.01681	0.01867	0.01531	0.01981	0.01825	0.01226	0.38041	0.05858	0.06380	0.07046	0.05301	0.02335	0.07544	0.04664	0.00346	0.00828	0.03372	0.04696	0.01111
15	0.07234	0.01897	0.02382	0.02084	0.09026	0.01985	0.06446	0.35152	0.02823	0.11660	0.02071	0.06477	0.01615	0.00976	0.00790	0.00241	0.00837	0.00812	0.00706	0.04784
16	0.14346	0.02077	0.02676	0.05367	0.28650	0.12887	0.09511	0.02467	0.01815	0.02641	0.04384	0.01953	0.01420	0.00762	0.00739	0.00230	0.00973	0.00675	0.00438	0.05990
17	0.02315	0.05859	0.02378	0.02276	0.13981	0.19806	0.04368	0.06047	0.02070	0.10042	0.08502	0.04880	0.02047	0.00964	0.00856	0.00226	0.04344	0.00773	0.00552	0.07713

[dist]
# distance from previous block
# <min> <max>
13	33

[block]
# block no. 1 follows, 24 sequences, length 20
# corresponding to MSA columns:
# 82-101
name=unknown_B
#
# <colnr> <probs for GDERKNQSTAVLIFYWHMCP>
#	G	D	E	R	K	N	Q	S	T	A	V	L	I	F	Y	W	H	M	C	P
0	0.01894	0.11994	0.02115	0.12730	0.02457	0.09405	0.01339	0.09073	0.05937	0.04255	0.04208	0.16068	0.02420	0.01241	0.00790	0.00244	0.00813	0.04671	0.00574	0.07770
1	0.01634	0.01470	0.01727	0.03918	0.05887	0.07540	0.02406	0.07679	0.03982	0.02731	0.21951	0.08222	0.08828	0.01644	0.04082	0.00315	0.09656	0.04802	0.00651	0.00877
2	0.02459	0.05558	0.02163	0.01780	0.06036	0.06541	0.01344	0.27583	0.09814	0.08691	0.02154	0.06454	0.01753	0.03706	0.00887	0.00247	0.00806	0.00794	0.00680	0.10549
3	0.01986	0.11718	0.02135	0.01437	0.01964	0.08067	0.01180	0.11272	0.06484	0.02866	0.10975	0.02324	0.02153	0.00908	0.00809	0.00194	0.05076	0.00685	0.00566	0.27201
4	0.01533	0.01208	0.01347	0.01230	0.01496	0.04188	0.00908	0.11496	0.02010	0.02732	0.16349	0.22012	0.03902	0.10626	0.05965	0.00384	0.00720	0.01308	0.00674	0.09912
5	0.01634	0.01514	0.02508	0.09251	0.26651	0.01579	0.08528	0.02158	0.05602	0.02488	0.07427	0.12167	0.02623	0.01221	0.00985	0.00275	0.05079	0.06777	0.00527	0.01007
6	0.09271	0.01551	0.02454	0.31639	0.26943	0.01717	0.02040	0.02243	0.01687	0.04912	0.01697	0.02546	0.01424	0.00875	0.00784	0.00259	0.00931	0.05571	0.00435	0.01020
7	0.02457	0.06540	0.06379	0.05893	0.02553	0.08158	0.01554	0.29285	0.22163	0.03690	0.02140	0.02144	0.01588	0.00939	0.00771	0.00243	0.00875	0.00726	0.00681	0.01223
8	0.08670	0.01265	0.01507	0.06901	0.05753	0.01318	0.01098	0.13876	0.02213	0.03120	0.21603	0.04573	0.16468	0.05020	0.01011	0.00281	0.00620	0.03118	0.00699	0.00886
9	0.01377	0.08394	0.05573	0.01283	0.01551	0.01328	0.01041	0.01866	0.09997	0.02261	0.09183	0.23415	0.07287	0.12175	0.01472	0.00347	0.06196	0.01331	0.00616	0.03307
10	0.28543	0.01649	0.06765	0.03770	0.14389	0.01570	0.01370	0.02304	0.07619	0.02911	0.07569	0.02195	0.01788	0.01044	0.00918	0.08038	0.00716	0.00668	0.00505	0.05668
11	0.11908	0.27254	0.22201	0.08357	0.05508	0.04845	0.05149	0.02417	0.01638	0.02361	0.01272	0.01551	0.01016	0.00725	0.00646	0.00222	0.00983	0.00540	0.00367	0.01038
12	0.06197	0.14563	0.01665	0.01167	0.01470	0.06735	0.00916	0.01818	0.05554	0.02236	0.03972	0.26238	0.17465	0.01630	0.00809	0.00257	0.00612	0.01366	0.04533	0.00797
13	0.01845	0.05398	0.46597	0.02255	0.07583	0.01848	0.02463	0.02859	0.11084	0.07831	0.01818	0.01952	0.01306	0.00813	0.00760	0.00250	0.01027	0.00652	0.00460	0.01200
14	0.02876	0.03378	0.02222	0.01974	0.02416	0.53856	0.01503	0.11358	0.08439	0.02474	0.01504	0.01637	0.01197	0.00859	0.00734	0.00215	0.01281	0.00574	0.00497	0.01008
15	0.01345	0.05248	0.01295	0.01100	0.01297	0.01056	0.00801	0.08590	0.01908	0.02551	0.19087	0.23862	0.10346	0.16099	0.01546	0.00371	0.00567	0.01489	0.00700	0.00742
16	0.01553	0.01273	0.01506	0.01276	0.01708	0.01163	0.00975	0.06231	0.07783	0.02610	0.02563	0.24537	0.02622	0.01309	0.00844	0.00216	0.03482	0.01116	0.00605	0.36627
17	0.01498	0.01120	0.01336	0.01133	0.01549	0.00948	0.00860	0.03615	0.03130	0.04595	0.08898	0.21289	0.03042	0.01270	0.00751	0.00203	0.00523	0.01102	0.07693	0.35446
18	0.02612	0.01897	0.02044	0.01612	0.02133	0.02069	0.01298	0.49955	0.03196	0.04343	0.02097	0.05177	0.01698	0.07726	0.01087	0.00285	0.00803	0.00815	0.05982	0.03172
19	0.02077	0.01628	0.01828	0.01394	0.01995	0.01529	0.01113	0.24829	0.02377	0.03382	0.01845	0.06734	0.01598	0.04145	0.00851	0.00206	0.00691	0.00714	0.00607	0.40457

[dist]
# distance from previous block
# <min> <max>
0	6

[block]
# block no. 2 follows, 24 sequences, length 12
# corresponding to MSA columns:
# 108-119
name=unknown_C
#
# <colnr> <probs for GDERKNQSTAVLIFYWHMCP>
#	G	D	E	R	K	N	Q	S	T	A	V	L	I	F	Y	W	H	M	C	P
0	0.01446	0.01053	0.01234	0.01201	0.01393	0.01077	0.00861	0.14859	0.01952	0.02590	0.03767	0.36114	0.09731	0.13668	0.04875	0.00420	0.00678	0.01615	0.00691	0.00775
1	0.02488	0.01602	0.01824	0.01506	0.01967	0.01707	0.01194	0.27029	0.12997	0.16385	0.02637	0.07972	0.02127	0.07009	0.04687	0.00346	0.00801	0.00922	0.03647	0.01153
2	0.01059	0.00808	0.00971	0.00931	0.01146	0.00721	0.00698	0.01373	0.02094	0.02822	0.46515	0.06512	0.27957	0.01755	0.00936	0.00256	0.00384	0.01517	0.00826	0.00721
3	0.01644	0.01409	0.01644	0.01175	0.01879	0.01057	0.00940	0.01997	0.01644	0.02584	0.01409	0.01644	0.01175	0.00587	0.00587	0.00117	0.00587	0.00470	0.00470	0.76979
4	0.01590	0.04102	0.68023	0.02260	0.03432	0.01842	0.02930	0.02511	0.01674	0.02511	0.01423	0.01674	0.01005	0.00753	0.00753	0.00251	0.01172	0.00586	0.00335	0.01172
5	0.01972	0.01703	0.01793	0.01614	0.02062	0.01972	0.01255	0.04214	0.65752	0.03317	0.03228	0.02959	0.02421	0.01076	0.00807	0.00269	0.00628	0.00897	0.00807	0.01255
6	0.01644	0.01409	0.01644	0.01175	0.01879	0.01057	0.00940	0.01997	0.01644	0.02584	0.01409	0.01644	0.01175	0.00587	0.00587	0.00117	0.00587	0.00470	0.00470	0.76979
7	0.02280	0.31819	0.13828	0.01891	0.05857	0.14651	0.01715	0.10425	0.06118	0.02507	0.01434	0.01590	0.01160	0.00777	0.00656	0.00208	0.01001	0.00548	0.00441	0.01094
8	0.08511	0.02231	0.02279	0.06451	0.02594	0.07327	0.01508	0.51023	0.03293	0.04458	0.01759	0.01837	0.01267	0.00915	0.00765	0.00238	0.00907	0.00677	0.00712	0.01248
9	0.01668	0.02026	0.09541	0.02804	0.03489	0.01722	0.46298	0.02253	0.01784	0.02436	0.02135	0.15842	0.01985	0.01035	0.00935	0.00277	0.01149	0.01166	0.00461	0.00994
10	0.01413	0.01308	0.01503	0.10419	0.07779	0.05500	0.01193	0.01989	0.10969	0.02346	0.05085	0.05481	0.32792	0.01544	0.00888	0.00270	0.00666	0.07355	0.00645	0.00855
11	0.05540	0.01528	0.02369	0.29811	0.24502	0.01689	0.01926	0.06703	0.01787	0.02484	0.01961	0.05650	0.04960	0.01018	0.00907	0.04014	0.00901	0.00819	0.00444	0.00988

[dist]
# distance from previous block
# <min> <max>
6	25

[block]
# block no. 3 follows, 24 sequences, length 20
# corresponding to MSA columns:
# 146-165
name=unknown_D
#
# <colnr> <probs for GDERKNQSTAVLIFYWHMCP>
#	G	D	E	R	K	N	Q	S	T	A	V	L	I	F	Y	W	H	M	C	P
0	0.07807	0.02444	0.12378	0.02659	0.20548	0.09753	0.01884	0.15552	0.11306	0.03173	0.01752	0.01927	0.01344	0.00828	0.00749	0.00237	0.00939	0.00666	0.00537	0.03515
1	0.12863	0.06151	0.06793	0.01677	0.06933	0.04229	0.01297	0.13631	0.05622	0.02975	0.04854	0.11420	0.02183	0.06727	0.04254	0.00330	0.00827	0.00905	0.00576	0.05752
2	0.29965	0.05449	0.14229	0.04679	0.14209	0.01828	0.01639	0.07136	0.01754	0.03109	0.04134	0.01846	0.01352	0.00797	0.00652	0.00238	0.00803	0.00601	0.04553	0.01026
3	0.02125	0.07224	0.02672	0.02237	0.10740	0.04972	0.10949	0.02485	0.01793	0.13462	0.06293	0.02222	0.01728	0.00926	0.01110	0.00238	0.14163	0.00736	0.00528	0.13396
4	0.01561	0.01201	0.01766	0.12066	0.02306	0.01276	0.07216	0.09135	0.01836	0.03787	0.02943	0.22948	0.05709	0.01618	0.01123	0.06223	0.03595	0.04702	0.08167	0.00821
5	0.02833	0.02086	0.02253	0.01745	0.02337	0.02295	0.01434	0.58481	0.03586	0.04823	0.08138	0.02290	0.01938	0.01016	0.00807	0.00239	0.00825	0.00783	0.00801	0.01291
6	0.01766	0.01481	0.01709	0.01232	0.01931	0.01181	0.00990	0.07535	0.01829	0.02798	0.01453	0.01667	0.01190	0.00620	0.00606	0.00128	0.00613	0.00491	0.00498	0.70282
7	0.01130	0.00901	0.01253	0.01127	0.01356	0.00823	0.05616	0.01438	0.01972	0.02668	0.38287	0.09713	0.20805	0.07934	0.01215	0.00305	0.00495	0.01475	0.00761	0.00724
8	0.02215	0.01292	0.01430	0.01172	0.01591	0.01294	0.00938	0.18964	0.02305	0.13104	0.02371	0.02510	0.01756	0.00908	0.00658	0.00202	0.00571	0.00715	0.37686	0.08321
9	0.01453	0.01229	0.01934	0.49151	0.04142	0.01456	0.01733	0.01912	0.01596	0.02211	0.01876	0.08395	0.01602	0.00957	0.00762	0.00249	0.00865	0.00838	0.13620	0.04017
10	0.09314	0.01988	0.02277	0.09381	0.07271	0.02179	0.01550	0.43170	0.02993	0.04197	0.01713	0.01857	0.01254	0.00871	0.00751	0.00232	0.00854	0.00669	0.00666	0.06814
11	0.01742	0.01421	0.01664	0.01307	0.01846	0.01268	0.01030	0.11820	0.01934	0.02835	0.02019	0.14633	0.01949	0.01034	0.00792	0.00185	0.03861	0.00849	0.00565	0.47244
12	0.08405	0.06631	0.02082	0.24307	0.06625	0.01750	0.01532	0.07751	0.01714	0.02491	0.01877	0.10824	0.01754	0.04387	0.01108	0.00286	0.08658	0.00877	0.06044	0.00894
13	0.02593	0.01895	0.02063	0.01648	0.02182	0.02061	0.01324	0.43929	0.10812	0.06674	0.02306	0.07369	0.01869	0.05113	0.00987	0.00273	0.00787	0.00867	0.00766	0.04484
14	0.07348	0.01722	0.02895	0.21023	0.35761	0.01804	0.08115	0.02437	0.01757	0.07304	0.01574	0.02025	0.01223	0.00747	0.00781	0.00247	0.00967	0.00715	0.00433	0.01120
15	0.40640	0.08841	0.06925	0.06363	0.02160	0.01858	0.01251	0.07016	0.01702	0.09399	0.01426	0.01583	0.01065	0.00765	0.00594	0.00230	0.00736	0.00520	0.00521	0.06405
16	0.04786	0.01244	0.01643	0.04003	0.01842	0.01242	0.06993	0.07404	0.07849	0.02621	0.10383	0.13270	0.05167	0.17583	0.01570	0.00368	0.00700	0.01149	0.00618	0.09567
17	0.11821	0.01776	0.02113	0.24690	0.06913	0.06200	0.01625	0.18242	0.04049	0.07782	0.03008	0.02080	0.01388	0.00866	0.00742	0.00245	0.00889	0.00688	0.03828	0.01056
18	0.08353	0.01284	0.06119	0.01198	0.01545	0.01116	0.01000	0.08939	0.02028	0.07954	0.17376	0.18986	0.10050	0.01510	0.00833	0.00259	0.00556	0.01284	0.08739	0.00872
19	0.04273	0.01593	0.02647	0.14831	0.28933	0.01684	0.07906	0.02219	0.01715	0.06098	0.02108	0.08646	0.03784	0.01048	0.00971	0.00267	0.06312	0.03447	0.00475	0.01041

[dist]
# distance from previous block
# <min> <max>
8	33

[block]
# block no. 4 follows, 24 sequences, length 9
# corresponding to MSA columns:
# 199-207
name=unknown_E
#
# <colnr> <probs for GDERKNQSTAVLIFYWHMCP>
#	G	D	E	R	K	N	Q	S	T	A	V	L	I	F	Y	W	H	M	C	P
0	0.37630	0.07710	0.01510	0.01112	0.01561	0.01605	0.00921	0.06537	0.01781	0.10290	0.08946	0.02255	0.01946	0.00900	0.00605	0.00229	0.00594	0.00648	0.12290	0.00928
1	0.02645	0.01980	0.02148	0.01690	0.02266	0.02143	0.01372	0.49561	0.07264	0.04413	0.02164	0.08179	0.01749	0.01065	0.00796	0.00237	0.00795	0.00842	0.00761	0.07930
2	0.01357	0.01032	0.01290	0.05545	0.01657	0.01064	0.00983	0.05997	0.08825	0.02776	0.25625	0.14518	0.08219	0.07983	0.01212	0.00325	0.00574	0.09463	0.00747	0.00807
3	0.01911	0.01831	0.03125	0.12175	0.60283	0.01870	0.02408	0.02388	0.01781	0.02528	0.01482	0.01980	0.01234	0.00716	0.00786	0.00239	0.00955	0.00706	0.00388	0.01214
4	0.01498	0.01409	0.02378	0.70226	0.05462	0.01762	0.02202	0.02026	0.01586	0.02026	0.01409	0.02114	0.01057	0.00793	0.00793	0.00264	0.01057	0.00705	0.00352	0.00881
5	0.01125	0.00852	0.01073	0.01146	0.01301	0.00797	0.00799	0.01462	0.06576	0.02244	0.07143	0.55425	0.04703	0.02127	0.00947	0.00292	0.00482	0.01916	0.00720	0.08869
6	0.01129	0.00842	0.01002	0.01004	0.01174	0.00762	0.00704	0.01302	0.01570	0.02096	0.09765	0.20936	0.16085	0.22707	0.01848	0.00419	0.00569	0.06652	0.00644	0.08789
7	0.02432	0.01892	0.02097	0.05106	0.02299	0.04398	0.01415	0.39495	0.02847	0.03865	0.02061	0.09421	0.01753	0.01158	0.01030	0.00257	0.09878	0.00871	0.06598	0.01125
8	0.08370	0.09523	0.04510	0.01266	0.01903	0.01534	0.01092	0.10350	0.01894	0.02943	0.01541	0.01748	0.01238	0.00701	0.00601	0.00163	0.00656	0.00527	0.08637	0.40802

[dist]
# distance from previous block
# <min> <max>
0	2

[block]
# block no. 5 follows, 24 sequences, length 14
# corresponding to MSA columns:
# 210-223
name=unknown_F
#
# <colnr> <probs for GDERKNQSTAVLIFYWHMCP>
#	G	D	E	R	K	N	Q	S	T	A	V	L	I	F	Y	W	H	M	C	P
0	0.10773	0.12607	0.38732	0.01986	0.02864	0.01967	0.07483	0.02378	0.01668	0.02577	0.06043	0.01921	0.01473	0.00820	0.00785	0.00244	0.03577	0.00640	0.00399	0.01063
1	0.22411	0.11451	0.28657	0.01758	0.02530	0.12691	0.01879	0.02633	0.04770	0.02664	0.01355	0.01545	0.01038	0.00766	0.00650	0.00233	0.00997	0.00527	0.00412	0.01033
2	0.02121	0.01459	0.01702	0.01444	0.01824	0.01544	0.01155	0.26614	0.02616	0.09787	0.15116	0.10565	0.07470	0.03887	0.01073	0.00284	0.04050	0.05484	0.00780	0.01024
3	0.01626	0.01661	0.03053	0.09369	0.03112	0.01805	0.27419	0.02056	0.01578	0.02214	0.01762	0.08842	0.01620	0.01579	0.08436	0.00391	0.17980	0.00953	0.00421	0.04123
4	0.02243	0.08484	0.04710	0.05681	0.21237	0.15700	0.06940	0.12480	0.02185	0.02750	0.04137	0.02267	0.01573	0.00887	0.00820	0.00237	0.02590	0.03497	0.00486	0.01095
5	0.03202	0.01702	0.01927	0.01554	0.02083	0.09449	0.01259	0.03674	0.08333	0.48891	0.02760	0.02503	0.01828	0.01000	0.00918	0.00250	0.05796	0.00765	0.00850	0.01254
6	0.01862	0.01756	0.02960	0.04404	0.59284	0.01748	0.02232	0.02321	0.01858	0.02661	0.09306	0.02437	0.02001	0.00816	0.00803	0.00237	0.00874	0.00794	0.00450	0.01195
7	0.01583	0.01522	0.02680	0.42525	0.17170	0.01707	0.09541	0.02080	0.01657	0.02200	0.01736	0.08811	0.01519	0.00924	0.00830	0.00265	0.01010	0.00883	0.00403	0.00955
8	0.02169	0.01496	0.01807	0.08040	0.02267	0.01463	0.01208	0.17496	0.05265	0.12720	0.04644	0.08995	0.02043	0.01012	0.00752	0.00214	0.00689	0.00840	0.03293	0.23587
9	0.01635	0.01534	0.02585	0.45066	0.25189	0.01752	0.02223	0.02135	0.01671	0.02229	0.01600	0.02466	0.01327	0.00847	0.00808	0.00261	0.01001	0.04292	0.00388	0.00993
10	0.02014	0.01818	0.01890	0.01802	0.06721	0.07474	0.01315	0.07967	0.37510	0.03087	0.02887	0.03016	0.05119	0.01055	0.00790	0.00245	0.00726	0.03624	0.00695	0.10247
11	0.05715	0.01340	0.01590	0.04652	0.01912	0.01407	0.01129	0.14627	0.09968	0.13552	0.09460	0.11953	0.03122	0.08222	0.01167	0.00320	0.00682	0.07430	0.00754	0.00997
12	0.02234	0.04751	0.02288	0.01783	0.02298	0.16397	0.08377	0.19378	0.02352	0.02977	0.02036	0.14010	0.01902	0.01084	0.00783	0.00224	0.00922	0.00911	0.00580	0.14713
13	0.10539	0.15257	0.02099	0.01437	0.04218	0.01604	0.03723	0.04449	0.04827	0.06948	0.11686	0.12666	0.04775	0.01162	0.00738	0.00227	0.00649	0.00972	0.00608	0.11417

[dist]
# distance from previous block
# <min> <max>
15	114

[block]
# block no. 6 follows, 24 sequences, length 9
# corresponding to MSA columns:
# 347-355
name=unknown_G
#
# <colnr> <probs for GDERKNQSTAVLIFYWHMCP>
#	G	D	E	R	K	N	Q	S	T	A	V	L	I	F	Y	W	H	M	C	P
0	0.15480	0.07328	0.01839	0.01588	0.07565	0.06046	0.01154	0.04532	0.05608	0.19276	0.08424	0.04785	0.02224	0.00987	0.00706	0.00232	0.00684	0.00781	0.09720	0.01040
1	0.01405	0.04114	0.01285	0.01127	0.01278	0.05615	0.00796	0.01727	0.07213	0.02059	0.08089	0.08626	0.07295	0.32004	0.05897	0.00529	0.04194	0.01123	0.04931	0.00693
2	0.08985	0.01977	0.01868	0.01570	0.02098	0.09994	0.01239	0.14145	0.29464	0.03332	0.02224	0.02194	0.01691	0.00902	0.00724	0.00225	0.00759	0.00697	0.00665	0.15245
3	0.04741	0.01001	0.01304	0.01304	0.03584	0.00983	0.00959	0.04859	0.01967	0.10802	0.25010	0.17448	0.04664	0.04429	0.07103	0.00382	0.00685	0.07179	0.00758	0.00839
4	0.01408	0.01456	0.05925	0.07240	0.09784	0.04845	0.01236	0.05854	0.01924	0.02409	0.06571	0.09614	0.35593	0.01553	0.00878	0.00260	0.00664	0.01309	0.00625	0.00851
5	0.02103	0.06418	0.02018	0.01688	0.05551	0.01904	0.01261	0.14603	0.32623	0.05426	0.02703	0.02841	0.03914	0.07348	0.01061	0.00289	0.00710	0.00836	0.00704	0.06000
6	0.03855	0.06976	0.39645	0.02131	0.03027	0.07356	0.09482	0.02616	0.07466	0.02510	0.02006	0.02190	0.05561	0.00857	0.00768	0.00247	0.01079	0.00708	0.00422	0.01096
7	0.01969	0.01645	0.02643	0.02018	0.02586	0.01587	0.22229	0.11598	0.05623	0.08770	0.04952	0.07704	0.08868	0.01106	0.00898	0.00251	0.02256	0.02790	0.00624	0.09883
8	0.02014	0.10274	0.02800	0.03121	0.33037	0.01877	0.03879	0.06627	0.05335	0.07051	0.07201	0.06966	0.02111	0.00973	0.00846	0.00242	0.03113	0.00859	0.00536	0.01138

[dist]
# distance from previous block
# <min> <max>
31	82

[block]
# block no. 7 follows, 24 sequences, length 18
# corresponding to MSA columns:
# 444-461
name=unknown_H
#
# <colnr> <probs for GDERKNQSTAVLIFYWHMCP>
#	G	D	E	R	K	N	Q	S	T	A	V	L	I	F	Y	W	H	M	C	P
0	0.05765	0.17354	0.14004	0.01607	0.02327	0.07843	0.05350	0.02285	0.01690	0.02382	0.01457	0.04665	0.01263	0.00753	0.00647	0.00185	0.00864	0.00590	0.00421	0.28547
1	0.06224	0.24158	0.04734	0.01640	0.02145	0.07912	0.08251	0.03999	0.04857	0.02369	0.04659	0.09460	0.04093	0.01121	0.00797	0.00238	0.02914	0.05953	0.00506	0.03969
2	0.01412	0.09730	0.27296	0.01588	0.02149	0.01452	0.03719	0.01845	0.01501	0.02080	0.02281	0.16672	0.02377	0.20545	0.01680	0.00398	0.00890	0.01071	0.00458	0.00857
3	0.04647	0.12114	0.32138	0.01751	0.02543	0.01822	0.01938	0.07758	0.04525	0.08500	0.02365	0.08295	0.06230	0.01034	0.00756	0.00247	0.00899	0.00824	0.00521	0.01093
4	0.29662	0.16437	0.03905	0.06496	0.02147	0.01844	0.06648	0.02108	0.01587	0.02690	0.04513	0.05772	0.07264	0.01039	0.00681	0.00246	0.00748	0.04832	0.00498	0.00882
5	0.01201	0.12101	0.01440	0.01096	0.01256	0.01064	0.00803	0.01342	0.01548	0.02025	0.09143	0.42200	0.06739	0.08965	0.01325	0.04193	0.00554	0.01683	0.00640	0.00682
6	0.01899	0.37721	0.27009	0.01709	0.02514	0.06563	0.01905	0.02394	0.01690	0.02136	0.01631	0.01984	0.03868	0.00827	0.00651	0.00213	0.00979	0.02890	0.00373	0.01042
7	0.02087	0.33806	0.29561	0.01765	0.02634	0.02416	0.01990	0.07957	0.01868	0.07084	0.01446	0.01591	0.01108	0.00754	0.00653	0.00214	0.00968	0.00541	0.00423	0.01132
8	0.06282	0.10664	0.02161	0.01592	0.04084	0.07849	0.01237	0.30403	0.02552	0.03453	0.01848	0.02372	0.01557	0.12156	0.01227	0.00306	0.00844	0.00717	0.07647	0.01048
9	0.01377	0.00689	0.01033	0.01033	0.01033	0.00689	0.00689	0.01033	0.01033	0.01377	0.01377	0.02410	0.01377	0.02755	0.03099	0.76928	0.00689	0.00689	0.00344	0.00344
10	0.01316	0.00895	0.00997	0.00949	0.01004	0.00916	0.00570	0.06682	0.01378	0.01839	0.02447	0.04903	0.02749	0.65923	0.03753	0.00722	0.00778	0.01115	0.00508	0.00556
11	0.02403	0.34426	0.07031	0.01532	0.02156	0.07399	0.01420	0.05362	0.10632	0.14682	0.01958	0.02139	0.01541	0.00876	0.00669	0.00216	0.00846	0.03033	0.00562	0.01116
12	0.01882	0.39859	0.31320	0.01843	0.02738	0.02528	0.05278	0.02441	0.01651	0.02175	0.01265	0.01488	0.01022	0.00710	0.00635	0.00209	0.01011	0.00519	0.00341	0.01086
13	0.13101	0.01976	0.09374	0.02900	0.17163	0.01737	0.26020	0.02294	0.01746	0.02686	0.05108	0.08637	0.01847	0.00915	0.00826	0.00260	0.00994	0.00925	0.00462	0.01033
14	0.01236	0.00892	0.01224	0.01393	0.01574	0.00880	0.01199	0.01576	0.01807	0.02337	0.04481	0.12453	0.09034	0.02194	0.01079	0.00356	0.00691	0.54142	0.00731	0.00721
15	0.01841	0.27604	0.42784	0.01939	0.02903	0.05668	0.02319	0.02497	0.01681	0.02261	0.01303	0.01524	0.01010	0.00731	0.00667	0.00221	0.01074	0.00527	0.00340	0.01106
16	0.01908	0.08873	0.17926	0.02053	0.02720	0.05645	0.14706	0.02400	0.01719	0.08002	0.01763	0.06839	0.01492	0.01109	0.03431	0.00280	0.08056	0.00783	0.00458	0.09837
17	0.07153	0.19184	0.04979	0.02177	0.11779	0.22250	0.01614	0.14029	0.02213	0.02717	0.01478	0.01857	0.01245	0.00841	0.00694	0.00217	0.01032	0.02996	0.00476	0.01068

[dist]
# distance from previous block
# <min> <max>
5	13

[block]
# block no. 8 follows, 24 sequences, length 30
# corresponding to MSA columns:
# 475-504
name=unknown_I
#
# <colnr> <probs for GDERKNQSTAVLIFYWHMCP>
#	G	D	E	R	K	N	Q	S	T	A	V	L	I	F	Y	W	H	M	C	P
0	0.01867	0.01759	0.02919	0.04327	0.57261	0.01769	0.02206	0.02402	0.05258	0.02575	0.01864	0.08746	0.01705	0.00898	0.00808	0.00246	0.00878	0.00866	0.00448	0.01197
1	0.01825	0.02112	0.12143	0.02170	0.11334	0.07293	0.05737	0.07344	0.01865	0.02589	0.01885	0.12312	0.01770	0.01023	0.00885	0.00227	0.05373	0.00859	0.00488	0.20765
2	0.04480	0.01354	0.02113	0.22896	0.22343	0.01490	0.01724	0.01962	0.01612	0.02332	0.02027	0.10194	0.01909	0.03448	0.01030	0.02363	0.03462	0.03790	0.08554	0.00916
3	0.12436	0.05044	0.02620	0.12839	0.36782	0.01822	0.01932	0.04710	0.01776	0.05389	0.01682	0.06471	0.01457	0.00859	0.00748	0.00244	0.00863	0.00760	0.00461	0.01104
4	0.01022	0.00798	0.00926	0.00911	0.01127	0.00703	0.00677	0.01295	0.01982	0.02596	0.33943	0.11441	0.36001	0.01870	0.00942	0.00263	0.00394	0.01608	0.00797	0.00703
5	0.01644	0.01409	0.01644	0.01175	0.01879	0.01057	0.00940	0.01997	0.01644	0.02584	0.01409	0.01644	0.01175	0.00587	0.00587	0.00117	0.00587	0.00470	0.00470	0.76979
6	0.01940	0.49279	0.25905	0.01664	0.02511	0.02696	0.01893	0.02421	0.01633	0.02086	0.01212	0.01409	0.01013	0.00704	0.00592	0.00197	0.00958	0.00479	0.00338	0.01070
7	0.01832	0.08662	0.02504	0.01956	0.02063	0.07785	0.01633	0.02023	0.01340	0.01902	0.01133	0.01757	0.01099	0.01574	0.06618	0.00379	0.53844	0.00663	0.00356	0.00876
8	0.01406	0.00873	0.01151	0.01046	0.01283	0.00797	0.00797	0.01773	0.02248	0.10711	0.59342	0.05547	0.06838	0.01547	0.00919	0.00249	0.00409	0.01360	0.00886	0.00818
9	0.00977	0.00803	0.00849	0.00838	0.01082	0.00687	0.00622	0.01199	0.01854	0.02291	0.17628	0.07248	0.54380	0.04748	0.01061	0.00285	0.00412	0.01613	0.00749	0.00675
10	0.00966	0.00690	0.00920	0.01104	0.01150	0.00644	0.00736	0.01104	0.01518	0.02024	0.04371	0.71614	0.05245	0.02484	0.01012	0.00322	0.00460	0.02254	0.00736	0.00644
11	0.02818	0.01844	0.02033	0.01603	0.02161	0.01985	0.01310	0.40674	0.09474	0.15215	0.02326	0.02271	0.01643	0.00966	0.00767	0.00236	0.00754	0.00749	0.09906	0.01266
12	0.38992	0.01915	0.04538	0.01423	0.01972	0.04747	0.01202	0.17013	0.11974	0.06675	0.01729	0.01776	0.01277	0.00854	0.00644	0.00246	0.00736	0.00594	0.00621	0.01071
13	0.77733	0.01534	0.01166	0.01043	0.01534	0.01779	0.00859	0.02331	0.01350	0.03558	0.01104	0.01288	0.00859	0.00736	0.00491	0.00245	0.00613	0.00429	0.00491	0.00859
14	0.01174	0.00904	0.01138	0.01107	0.01354	0.00772	0.00793	0.01406	0.01662	0.02351	0.13000	0.42646	0.04476	0.01838	0.00885	0.00255	0.00482	0.01645	0.00684	0.21427
15	0.02258	0.02607	0.02260	0.02114	0.05338	0.33423	0.01595	0.02472	0.01733	0.01949	0.01263	0.01748	0.01141	0.01567	0.08618	0.00372	0.27635	0.00625	0.00386	0.00894
16	0.02962	0.03779	0.02247	0.02043	0.02451	0.68948	0.01532	0.03166	0.02247	0.01941	0.01226	0.01430	0.01021	0.00817	0.00715	0.00204	0.01430	0.00511	0.00409	0.00919
17	0.01498	0.01409	0.02378	0.70226	0.05462	0.01762	0.02202	0.02026	0.01586	0.02026	0.01409	0.02114	0.01057	0.00793	0.00793	0.00264	0.01057	0.00705	0.00352	0.00881
18	0.01133	0.00850	0.01274	0.01274	0.01416	0.00991	0.00991	0.01416	0.01274	0.01841	0.02124	0.03115	0.01982	0.05947	0.68989	0.01274	0.02124	0.00850	0.00425	0.00708
19	0.01329	0.00697	0.01026	0.01036	0.01052	0.00689	0.00696	0.01070	0.01152	0.01548	0.06032	0.07846	0.02081	0.02658	0.02796	0.65980	0.00650	0.00857	0.00410	0.00394
20	0.01113	0.00810	0.01046	0.00987	0.01179	0.00744	0.00740	0.01477	0.02221	0.03125	0.63651	0.06014	0.10632	0.01642	0.00935	0.00250	0.00376	0.01447	0.00866	0.00744
21	0.00985	0.00711	0.00932	0.01076	0.01151	0.00659	0.00731	0.01156	0.01625	0.02178	0.12519	0.60124	0.08515	0.02351	0.00999	0.00310	0.00446	0.02121	0.00754	0.00659
22	0.02180	0.67691	0.04019	0.01406	0.02065	0.07839	0.01369	0.02431	0.01657	0.01871	0.01111	0.01283	0.01018	0.00688	0.00524	0.00172	0.00890	0.00430	0.00344	0.01011
23	0.01107	0.00810	0.01039	0.00982	0.01175	0.00742	0.00736	0.01467	0.02209	0.03095	0.61981	0.06063	0.12320	0.01653	0.00935	0.00251	0.00376	0.01454	0.00862	0.00742
24	0.01798	0.03138	0.35066	0.02934	0.11073	0.05095	0.24382	0.02544	0.01786	0.02504	0.01485	0.01860	0.01105	0.00721	0.00819	0.00253	0.01215	0.00719	0.00368	0.01134
25	0.01655	0.12396	0.60290	0.02151	0.03263	0.01999	0.02739	0.02495	0.01667	0.02433	0.01384	0.01626	0.01006	0.00744	0.00724	0.00241	0.01133	0.00566	0.00335	0.01153
26	0.04427	0.01391	0.01988	0.20167	0.14184	0.01510	0.01556	0.04848	0.10589	0.06389	0.20962	0.03314	0.03217	0.01074	0.00825	0.00253	0.00734	0.00941	0.00630	0.01002
27	0.01637	0.01372	0.01598	0.01309	0.01786	0.01301	0.01026	0.04534	0.15906	0.02851	0.12611	0.07640	0.02761	0.01053	0.00837	0.00203	0.04281	0.00868	0.00633	0.35795
28	0.57876	0.01951	0.05798	0.01294	0.01842	0.06668	0.01126	0.10315	0.01738	0.03557	0.01236	0.01402	0.00942	0.00770	0.00563	0.00242	0.00741	0.00482	0.00513	0.00946
29	0.02108	0.01509	0.02084	0.04148	0.03864	0.01645	0.05807	0.14472	0.02070	0.13067	0.05187	0.07656	0.02044	0.01719	0.09177	0.00382	0.13519	0.00893	0.03489	0.05160

[dist]
# distance from previous block
# <min> <max>
0	5

[block]
# block no. 9 follows, 24 sequences, length 42
# corresponding to MSA columns:
# 510-551
name=unknown_J
#
# <colnr> <probs for GDERKNQSTAVLIFYWHMCP>
#	G	D	E	R	K	N	Q	S	T	A	V	L	I	F	Y	W	H	M	C	P
0	0.01963	0.01884	0.03219	0.04867	0.67185	0.01884	0.02434	0.02434	0.01806	0.02591	0.01492	0.01963	0.01256	0.00707	0.00785	0.00236	0.00942	0.00707	0.00393	0.01256
1	0.01760	0.01609	0.02008	0.01841	0.04283	0.01999	0.01429	0.04909	0.23897	0.02565	0.02675	0.06020	0.08028	0.01350	0.01611	0.00303	0.31194	0.00933	0.00581	0.01005
2	0.00980	0.00700	0.00936	0.01120	0.01173	0.00656	0.00761	0.01129	0.01532	0.02040	0.04363	0.68772	0.05214	0.02471	0.01016	0.00324	0.00472	0.04957	0.00736	0.00648
3	0.01914	0.01648	0.01869	0.01877	0.08676	0.01847	0.01323	0.06540	0.49272	0.03234	0.05852	0.03251	0.06948	0.01119	0.00818	0.00263	0.00646	0.00944	0.00761	0.01199
4	0.00946	0.00804	0.00816	0.00813	0.01077	0.00673	0.00609	0.01155	0.01828	0.02192	0.10848	0.07550	0.64017	0.01990	0.00937	0.00267	0.00400	0.01662	0.00743	0.00673
5	0.02393	0.01912	0.02030	0.01699	0.02222	0.02169	0.01357	0.28536	0.40746	0.03995	0.02694	0.02533	0.01988	0.01026	0.00801	0.00256	0.00726	0.00823	0.00801	0.01293
6	0.02113	0.01094	0.01261	0.01084	0.01395	0.01107	0.00845	0.09560	0.01977	0.17839	0.02562	0.02934	0.01977	0.07581	0.01043	0.00266	0.03322	0.00786	0.40324	0.00931
7	0.02524	0.04699	0.02162	0.01643	0.02110	0.02164	0.01339	0.43720	0.02941	0.04019	0.01900	0.02292	0.01520	0.08464	0.01292	0.00298	0.08119	0.00749	0.06899	0.01144
8	0.01798	0.01705	0.02889	0.21670	0.47727	0.01794	0.02287	0.02279	0.01771	0.02474	0.04834	0.02206	0.01525	0.00776	0.00795	0.00244	0.00943	0.00744	0.00407	0.01132
9	0.02371	0.01837	0.01974	0.01643	0.02147	0.02041	0.01322	0.34773	0.24581	0.04013	0.02929	0.06161	0.05979	0.01177	0.00828	0.00259	0.00736	0.03220	0.00789	0.01219
10	0.05495	0.01160	0.01531	0.03965	0.01815	0.01193	0.05095	0.08827	0.07135	0.06296	0.03397	0.37258	0.03589	0.01766	0.00907	0.00292	0.00632	0.05197	0.03581	0.00868
11	0.01715	0.05211	0.05470	0.02310	0.02662	0.02074	0.21685	0.02094	0.01497	0.02181	0.01498	0.04535	0.01348	0.01394	0.05757	0.00357	0.32503	0.00823	0.03960	0.00927
12	0.01815	0.01437	0.01670	0.01259	0.01889	0.01199	0.00999	0.08077	0.04413	0.05579	0.01845	0.07492	0.01608	0.00814	0.00659	0.00157	0.00610	0.00670	0.00558	0.57252
13	0.02028	0.01675	0.01819	0.04342	0.02196	0.01926	0.01289	0.04110	0.60200	0.06301	0.03150	0.02913	0.02345	0.01060	0.00806	0.00268	0.00647	0.00884	0.00797	0.01245
14	0.01590	0.04102	0.68023	0.02260	0.03432	0.01842	0.02930	0.02511	0.01674	0.02511	0.01423	0.01674	0.01005	0.00753	0.00753	0.00251	0.01172	0.00586	0.00335	0.01172
15	0.01970	0.01606	0.01785	0.01699	0.05088	0.01799	0.01253	0.07371	0.48329	0.05796	0.03338	0.09144	0.04887	0.01207	0.00828	0.00269	0.00636	0.01022	0.00784	0.01189
16	0.01478	0.00739	0.00739	0.00739	0.00924	0.00739	0.00554	0.01848	0.01663	0.02956	0.02587	0.02956	0.02033	0.00924	0.00554	0.00185	0.00370	0.00739	0.76534	0.00739
17	0.00979	0.00744	0.00902	0.00991	0.01129	0.00667	0.00694	0.01171	0.01715	0.02226	0.14405	0.41540	0.25556	0.02208	0.00977	0.00294	0.00429	0.01950	0.00756	0.00667
18	0.00966	0.00690	0.00920	0.01104	0.01150	0.00644	0.00736	0.01104	0.01518	0.02024	0.04371	0.71614	0.05245	0.02484	0.01012	0.00322	0.00460	0.02254	0.00736	0.00644
19	0.01941	0.01853	0.03112	0.07794	0.61219	0.01883	0.02367	0.02498	0.04798	0.02598	0.01569	0.02017	0.01301	0.00728	0.00786	0.00238	0.00933	0.00715	0.00410	0.01238
20	0.02088	0.68468	0.08016	0.01411	0.02120	0.03059	0.01452	0.02383	0.01615	0.01905	0.01122	0.01296	0.01017	0.00683	0.00524	0.00175	0.00868	0.00434	0.00339	0.01027
21	0.69653	0.05544	0.01395	0.01101	0.01609	0.01890	0.00920	0.05540	0.01487	0.03537	0.01145	0.01319	0.00893	0.00744	0.00507	0.00241	0.00640	0.00444	0.00498	0.00893
22	0.01377	0.00689	0.01033	0.01033	0.01033	0.00689	0.00689	0.01033	0.01033	0.01377	0.01377	0.02410	0.01377	0.02755	0.03099	0.76928	0.00689	0.00689	0.00344	0.00344
23	0.01585	0.03794	0.60663	0.02335	0.06863	0.01783	0.02780	0.02450	0.01713	0.02553	0.05081	0.01928	0.01381	0.00799	0.00765	0.00250	0.01114	0.00640	0.00368	0.01153
24	0.02032	0.01579	0.01753	0.01603	0.01985	0.03799	0.01318	0.24014	0.13504	0.03408	0.03150	0.10349	0.03015	0.01546	0.00921	0.00296	0.00762	0.23174	0.00756	0.01035
25	0.01994	0.01695	0.01800	0.01618	0.02064	0.01951	0.01268	0.07039	0.60023	0.03359	0.03204	0.03161	0.02459	0.01117	0.00818	0.00272	0.00644	0.03473	0.00803	0.01237
26	0.01693	0.01391	0.01767	0.01296	0.01952	0.01084	0.04468	0.02052	0.01705	0.05538	0.04397	0.04888	0.01653	0.00735	0.00649	0.00146	0.00619	0.00628	0.00518	0.62823
27	0.01112	0.00810	0.01046	0.00987	0.01178	0.00744	0.00740	0.01476	0.02220	0.03122	0.63482	0.06019	0.10803	0.01643	0.00935	0.00250	0.00376	0.01447	0.00865	0.00744
28	0.05258	0.01349	0.01795	0.10952	0.02328	0.01406	0.04440	0.10186	0.04805	0.20384	0.05003	0.05958	0.02068	0.01027	0.00803	0.00242	0.02590	0.00852	0.17514	0.01040
29	0.01344	0.01070	0.01503	0.25851	0.02731	0.01158	0.01251	0.01812	0.04130	0.02550	0.18843	0.06439	0.10167	0.01217	0.00805	0.00244	0.00644	0.01052	0.12797	0.04392
30	0.77733	0.01534	0.01166	0.01043	0.01534	0.01779	0.00859	0.02331	0.01350	0.03558	0.01104	0.01288	0.00859	0.00736	0.00491	0.00245	0.00613	0.00429	0.00491	0.00859
31	0.02120	0.72609	0.04155	0.01357	0.02035	0.03138	0.01357	0.02374	0.01611	0.01866	0.01102	0.01272	0.01018	0.00678	0.00509	0.00170	0.00848	0.00424	0.00339	0.01018
32	0.01063	0.00808	0.00977	0.00935	0.01148	0.00723	0.00701	0.01381	0.02104	0.02846	0.47842	0.06474	0.26616	0.01746	0.00936	0.00255	0.00383	0.01511	0.00829	0.00723
33	0.01088	0.00809	0.01013	0.00962	0.01164	0.00734	0.00721	0.01430	0.02164	0.02989	0.55941	0.06238	0.18427	0.01693	0.00936	0.00253	0.00379	0.01478	0.00848	0.00734
34	0.01735	0.01735	0.02429	0.02082	0.02082	0.02429	0.01735	0.01908	0.01214	0.01908	0.01041	0.01735	0.01041	0.01388	0.02602	0.00347	0.70680	0.00694	0.00347	0.00867
35	0.00966	0.00690	0.00920	0.01104	0.01150	0.00644	0.00736	0.01104	0.01518	0.02024	0.04371	0.71614	0.05245	0.02484	0.01012	0.00322	0.00460	0.02254	0.00736	0.00644
36	0.01590	0.04102	0.68023	0.02260	0.03432	0.01842	0.02930	0.02511	0.01674	0.02511	0.01423	0.01674	0.01005	0.00753	0.00753	0.00251	0.01172	0.00586	0.00335	0.01172
37	0.77733	0.01534	0.01166	0.01043	0.01534	0.01779	0.00859	0.02331	0.01350	0.03558	0.01104	0.01288	0.00859	0.00736	0.00491	0.00245	0.00613	0.00429	0.00491	0.00859
38	0.01815	0.02090	0.17348	0.20417	0.06167	0.01665	0.09555	0.08675	0.01932	0.06062	0.03714	0.04587	0.01594	0.00888	0.00784	0.00249	0.00951	0.00790	0.09688	0.01030
39	0.02361	0.01686	0.01740	0.03441	0.01968	0.05405	0.01150	0.30725	0.02662	0.06344	0.02089	0.02248	0.01562	0.00902	0.00692	0.00210	0.00709	0.00694	0.26193	0.07221
40	0.01665	0.34079	0.10571	0.01437	0.02001	0.02034	0.04395	0.02050	0.01814	0.02348	0.18036	0.03405	0.07670	0.01102	0.00728	0.00222	0.00754	0.04236	0.00524	0.00930
41	0.35792	0.01880	0.01799	0.05595	0.02201	0.05255	0.01240	0.25861	0.02371	0.08773	0.01582	0.01683	0.01146	0.00843	0.00657	0.00242	0.00782	0.00585	0.00629	0.01084

[dist]
# distance from previous block
# <min> <max>
0	1

[block]
# block no. 10 follows, 24 sequences, length 124
# corresponding to MSA columns:
# 553-676
name=unknown_K
#
# <colnr> <probs for GDERKNQSTAVLIFYWHMCP>
#	G	D	E	R	K	N	Q	S	T	A	V	L	I	F	Y	W	H	M	C	P
0	0.05416	0.01704	0.01911	0.06589	0.02309	0.01897	0.01338	0.27391	0.20440	0.06280	0.02663	0.11520	0.02262	0.01214	0.00825	0.00265	0.00740	0.03335	0.00750	0.01153
1	0.01377	0.00689	0.01033	0.01033	0.01033	0.00689	0.00689	0.01033	0.01033	0.01377	0.01377	0.02410	0.01377	0.02755	0.03099	0.76928	0.00689	0.00689	0.00344	0.00344
2	0.01185	0.00879	0.01084	0.01100	0.01259	0.00860	0.00787	0.03495	0.07208	0.02648	0.28442	0.31452	0.08241	0.06225	0.01140	0.00312	0.00470	0.01683	0.00781	0.00748
3	0.01026	0.00807	0.00926	0.00896	0.01126	0.00707	0.00672	0.01310	0.02017	0.02639	0.36177	0.06813	0.38409	0.01823	0.00936	0.00259	0.00388	0.01559	0.00802	0.00707
4	0.12266	0.51961	0.11332	0.01452	0.02153	0.05544	0.01486	0.02418	0.01610	0.02174	0.01146	0.01329	0.00995	0.00701	0.00544	0.00191	0.00880	0.00448	0.00362	0.01011
5	0.01551	0.01495	0.02620	0.61476	0.07944	0.01789	0.07780	0.02089	0.01621	0.02096	0.01430	0.02110	0.01079	0.00778	0.00805	0.00263	0.01077	0.00726	0.00358	0.00914
6	0.01928	0.27876	0.38476	0.01922	0.02837	0.09790	0.02227	0.02537	0.01716	0.02223	0.01290	0.01507	0.01011	0.00734	0.00664	0.00218	0.01088	0.00521	0.00345	0.01090
7	0.02295	0.02011	0.03156	0.10946	0.05758	0.02112	0.23854	0.29537	0.02613	0.03507	0.01748	0.02167	0.01328	0.04110	0.00993	0.00276	0.01058	0.00812	0.00570	0.01148
8	0.74548	0.01526	0.01194	0.01059	0.01555	0.01753	0.00872	0.02397	0.01389	0.06313	0.01191	0.01349	0.00906	0.00747	0.00504	0.00245	0.00616	0.00445	0.00512	0.00880
9	0.01127	0.00765	0.00907	0.00931	0.00949	0.00772	0.00557	0.01169	0.01211	0.01627	0.02710	0.13643	0.03113	0.57450	0.09171	0.00754	0.00844	0.01270	0.00509	0.00521
10	0.00966	0.00690	0.00920	0.01104	0.01150	0.00644	0.00736	0.01104	0.01518	0.02024	0.04371	0.71614	0.05245	0.02484	0.01012	0.00322	0.00460	0.02254	0.00736	0.00644
11	0.01084	0.00809	0.01007	0.00957	0.01161	0.00732	0.00718	0.01422	0.02154	0.02964	0.54547	0.06279	0.19836	0.01702	0.00936	0.00253	0.00380	0.01484	0.00845	0.00732
12	0.00966	0.00690	0.00920	0.01104	0.01150	0.00644	0.00736	0.01104	0.01518	0.02024	0.04371	0.71614	0.05245	0.02484	0.01012	0.00322	0.00460	0.02254	0.00736	0.00644
13	0.01405	0.01187	0.01831	0.01638	0.01868	0.01222	0.11404	0.08257	0.01788	0.02420	0.03354	0.46454	0.03786	0.01922	0.01116	0.00306	0.06845	0.01733	0.00653	0.00810
14	0.01644	0.01409	0.01644	0.01175	0.01879	0.01057	0.00940	0.01997	0.01644	0.02584	0.01409	0.01644	0.01175	0.00587	0.00587	0.00117	0.00587	0.00470	0.00470	0.76979
15	0.02120	0.72609	0.04155	0.01357	0.02035	0.03138	0.01357	0.02374	0.01611	0.01866	0.01102	0.01272	0.01018	0.00678	0.00509	0.00170	0.00848	0.00424	0.00339	0.01018
16	0.01920	0.01445	0.01619	0.01410	0.01777	0.01541	0.01096	0.26352	0.10604	0.03572	0.15174	0.19368	0.07732	0.01517	0.00882	0.00265	0.00622	0.01291	0.00793	0.01017
17	0.00966	0.00690	0.00920	0.01104	0.01150	0.00644	0.00736	0.01104	0.01518	0.02024	0.04371	0.71614	0.05245	0.02484	0.01012	0.00322	0.00460	0.02254	0.00736	0.00644
18	0.00973	0.00805	0.00853	0.00841	0.01093	0.00685	0.00631	0.01207	0.01892	0.02343	0.19387	0.07301	0.55384	0.01933	0.00937	0.00264	0.00396	0.01627	0.00763	0.00685
19	0.03014	0.02221	0.02380	0.01825	0.02459	0.02459	0.01507	0.64541	0.03728	0.04998	0.01904	0.01904	0.01349	0.00952	0.00793	0.00238	0.00873	0.00714	0.00793	0.01349
20	0.68284	0.01529	0.01217	0.01074	0.01556	0.01759	0.00882	0.06285	0.01521	0.03613	0.01246	0.01430	0.00962	0.00761	0.00514	0.00241	0.00615	0.00467	0.05162	0.00883
21	0.01972	0.01703	0.01793	0.01614	0.02062	0.01972	0.01255	0.04214	0.65752	0.03317	0.03228	0.02959	0.02421	0.01076	0.00807	0.00269	0.00628	0.00897	0.00807	0.01255
22	0.03014	0.02221	0.02380	0.01825	0.02459	0.02459	0.01507	0.64541	0.03728	0.04998	0.01904	0.01904	0.01349	0.00952	0.00793	0.00238	0.00873	0.00714	0.00793	0.01349
23	0.00937	0.00803	0.00803	0.00803	0.01071	0.00669	0.00602	0.01138	0.01807	0.02142	0.08033	0.07632	0.66863	0.02008	0.00937	0.00268	0.00402	0.01674	0.00736	0.00669
24	0.03267	0.01816	0.02129	0.01632	0.02257	0.01857	0.01348	0.36312	0.03050	0.34185	0.02474	0.02274	0.01634	0.00966	0.00795	0.00241	0.00781	0.00753	0.00881	0.01349
25	0.02997	0.02754	0.02334	0.01899	0.02457	0.25187	0.01516	0.43561	0.03222	0.03953	0.01672	0.01742	0.01237	0.00906	0.00767	0.00226	0.01063	0.00644	0.00662	0.01202
26	0.12164	0.02137	0.02231	0.01729	0.02346	0.02376	0.01428	0.56923	0.03437	0.04821	0.01806	0.01828	0.01289	0.00925	0.00756	0.00239	0.00841	0.00679	0.00756	0.01289
27	0.00946	0.00804	0.00815	0.00812	0.01076	0.00673	0.00609	0.01155	0.01828	0.02190	0.10746	0.07553	0.64121	0.01990	0.00937	0.00267	0.00400	0.01663	0.00743	0.00673
28	0.01498	0.01409	0.02378	0.70226	0.05462	0.01762	0.02202	0.02026	0.01586	0.02026	0.01409	0.02114	0.01057	0.00793	0.00793	0.00264	0.01057	0.00705	0.00352	0.00881
29	0.01478	0.00739	0.00739	0.00739	0.00924	0.00739	0.00554	0.01848	0.01663	0.02956	0.02587	0.02956	0.02033	0.00924	0.00554	0.00185	0.00370	0.00739	0.76534	0.00739
30	0.01278	0.00913	0.01278	0.01460	0.01643	0.00913	0.01278	0.01643	0.01825	0.02373	0.04199	0.08945	0.04564	0.02191	0.01095	0.00365	0.00730	0.61847	0.00730	0.00730
31	0.01498	0.01409	0.02378	0.70226	0.05462	0.01762	0.02202	0.02026	0.01586	0.02026	0.01409	0.02114	0.01057	0.00793	0.00793	0.00264	0.01057	0.00705	0.00352	0.00881
32	0.01498	0.01409	0.02378	0.70226	0.05462	0.01762	0.02202	0.02026	0.01586	0.02026	0.01409	0.02114	0.01057	0.00793	0.00793	0.00264	0.01057	0.00705	0.00352	0.00881
33	0.14485	0.01377	0.01741	0.01357	0.01952	0.01256	0.01120	0.03639	0.02134	0.58280	0.02830	0.02491	0.01800	0.00945	0.00752	0.00245	0.00666	0.00743	0.00909	0.01277
34	0.01122	0.00811	0.01060	0.00998	0.01185	0.00748	0.00748	0.01496	0.02245	0.03180	0.66766	0.05923	0.07482	0.01621	0.00935	0.00249	0.00374	0.01434	0.00873	0.00748
35	0.00966	0.00690	0.00920	0.01104	0.01150	0.00644	0.00736	0.01104	0.01518	0.02024	0.04371	0.71614	0.05245	0.02484	0.01012	0.00322	0.00460	0.02254	0.00736	0.00644
