[name]
unknown

[dist]
# distance from previous block
# <min> <max>
0	4

[block]
# block no. 0 follows, 19 sequences, length 9
# corresponding to MSA columns:
# 4-12
name=unknown_A
#
# <colnr> <probs for GDERKNQSTAVLIFYWHMCP>
#	G	D	E	R	K	N	Q	S	T	A	V	L	I	F	Y	W	H	M	C	P
0	0.01947	0.14731	0.32160	0.02612	0.03621	0.02276	0.17810	0.02721	0.01952	0.02702	0.01901	0.02744	0.01584	0.00967	0.00895	0.00285	0.01261	0.06178	0.00442	0.01213
1	0.01840	0.02050	0.13783	0.07133	0.02831	0.01649	0.10336	0.06111	0.06354	0.03036	0.02311	0.02807	0.01821	0.01979	0.12303	0.00474	0.01223	0.00865	0.20019	0.01074
2	0.02541	0.01959	0.02072	0.01737	0.02280	0.02177	0.01386	0.26573	0.26924	0.04351	0.03456	0.03333	0.07629	0.01236	0.00889	0.00280	0.00768	0.00990	0.08077	0.01341
3	0.02038	0.01404	0.01962	0.01569	0.02044	0.01250	0.07672	0.02439	0.04874	0.12887	0.02731	0.09875	0.02555	0.20334	0.01917	0.00417	0.00823	0.01097	0.00672	0.21441
4	0.22172	0.02615	0.16776	0.12275	0.03183	0.07033	0.01933	0.08061	0.02139	0.10261	0.04296	0.02184	0.01563	0.00948	0.00791	0.00278	0.01021	0.00708	0.00591	0.01171
5	0.02576	0.01989	0.02332	0.12755	0.03021	0.02123	0.01580	0.32515	0.03017	0.04105	0.02024	0.02558	0.01627	0.08696	0.01270	0.00316	0.00946	0.00808	0.00701	0.15042
6	0.02484	0.13275	0.05791	0.02154	0.06648	0.15747	0.01705	0.05615	0.08955	0.07590	0.02425	0.07714	0.02192	0.01286	0.01059	0.00285	0.07020	0.06282	0.00622	0.01152
7	0.01940	0.01237	0.01782	0.01985	0.12037	0.01174	0.01279	0.02328	0.02256	0.14815	0.27451	0.07758	0.09017	0.02147	0.08327	0.00415	0.00830	0.01324	0.00841	0.01057
8	0.02058	0.01826	0.02133	0.01875	0.02158	0.08039	0.04357	0.14202	0.02207	0.02923	0.02573	0.17128	0.02608	0.06091	0.13039	0.00552	0.13371	0.01231	0.00629	0.00999

[dist]
# distance from previous block
# <min> <max>
8	19

[block]
# block no. 1 follows, 19 sequences, length 22
# corresponding to MSA columns:
# 33-54
name=unknown_B
#
# <colnr> <probs for GDERKNQSTAVLIFYWHMCP>
#	G	D	E	R	K	N	Q	S	T	A	V	L	I	F	Y	W	H	M	C	P
0	0.09503	0.21643	0.04813	0.01567	0.02129	0.09135	0.01354	0.10552	0.02233	0.07430	0.02749	0.07188	0.08097	0.06668	0.01088	0.00302	0.00917	0.00922	0.00622	0.01087
1	0.02035	0.01997	0.14693	0.01467	0.02006	0.01510	0.01418	0.14383	0.02331	0.03607	0.02470	0.02943	0.01947	0.05468	0.00990	0.00281	0.00759	0.00822	0.37810	0.01064
2	0.02146	0.01847	0.02869	0.25560	0.04025	0.02132	0.10950	0.10417	0.05385	0.05596	0.01952	0.02549	0.01525	0.03434	0.01350	0.00323	0.11239	0.00872	0.04711	0.01118
3	0.02356	0.48155	0.03837	0.01569	0.02243	0.03036	0.01462	0.08693	0.07958	0.02793	0.08314	0.02272	0.02144	0.00958	0.00693	0.00220	0.00876	0.00690	0.00553	0.01179
4	0.03148	0.02425	0.02887	0.02791	0.15619	0.02636	0.01923	0.47780	0.03744	0.05059	0.02049	0.02162	0.01499	0.01015	0.00893	0.00268	0.01001	0.00804	0.00799	0.01499
5	0.52398	0.01714	0.01613	0.08463	0.02334	0.01960	0.01216	0.02980	0.07834	0.09614	0.01754	0.01906	0.01297	0.00904	0.00662	0.00282	0.00756	0.00614	0.00627	0.01072
6	0.01713	0.01165	0.01634	0.06859	0.02077	0.01306	0.01237	0.02261	0.07769	0.09010	0.02617	0.03541	0.02281	0.10076	0.41083	0.01052	0.01817	0.00972	0.00591	0.00938
7	0.07235	0.01983	0.02508	0.07409	0.02803	0.02299	0.04955	0.25774	0.02709	0.03812	0.02276	0.07792	0.02057	0.01396	0.01369	0.00321	0.15029	0.06406	0.00687	0.01180
8	0.25899	0.07782	0.19721	0.01773	0.02513	0.08194	0.01792	0.02920	0.08439	0.03280	0.07953	0.02340	0.02013	0.00985	0.00756	0.00271	0.00957	0.00719	0.00565	0.01127
9	0.10952	0.15790	0.02171	0.01422	0.01850	0.01848	0.01152	0.06760	0.07873	0.07972	0.09681	0.20408	0.03561	0.03489	0.00976	0.00301	0.00706	0.01297	0.00745	0.01046
10	0.10949	0.01056	0.01195	0.01180	0.01397	0.01020	0.00813	0.01607	0.01580	0.02439	0.03246	0.29071	0.03675	0.21061	0.04735	0.00508	0.00743	0.01555	0.00653	0.11517
11	0.01942	0.14363	0.03233	0.08490	0.02893	0.02546	0.08792	0.02277	0.01593	0.02233	0.01465	0.02161	0.01333	0.01928	0.10212	0.00471	0.31860	0.00783	0.00409	0.01016
12	0.02936	0.02047	0.02243	0.01821	0.02434	0.02222	0.01471	0.29735	0.21560	0.13435	0.03381	0.03178	0.06974	0.01219	0.00914	0.00283	0.00822	0.00972	0.00926	0.01426
13	0.02033	0.01666	0.01917	0.01433	0.02154	0.01401	0.01141	0.11185	0.02210	0.03288	0.01955	0.07399	0.01738	0.00905	0.00739	0.00173	0.00701	0.00740	0.00612	0.56611
14	0.04048	0.02063	0.08175	0.20347	0.20778	0.01920	0.13197	0.02496	0.01993	0.02817	0.07677	0.04233	0.02099	0.00964	0.00923	0.00283	0.01104	0.00938	0.00495	0.03450
15	0.17881	0.01764	0.01887	0.07888	0.02455	0.03932	0.01377	0.17408	0.04595	0.08689	0.06916	0.07276	0.07031	0.01360	0.00885	0.00294	0.00819	0.05645	0.00768	0.01127
16	0.09869	0.06057	0.16121	0.02696	0.19428	0.01784	0.01978	0.02449	0.03306	0.04635	0.05222	0.06343	0.14047	0.01244	0.00875	0.00280	0.00891	0.01043	0.00579	0.01154
17	0.05089	0.01549	0.01827	0.01577	0.01986	0.01625	0.01237	0.16388	0.10580	0.14183	0.04187	0.03731	0.02448	0.06723	0.01751	0.16059	0.00814	0.06373	0.00784	0.01088
18	0.37899	0.09283	0.04102	0.01476	0.02114	0.02129	0.01279	0.07852	0.07829	0.15347	0.02005	0.02013	0.01451	0.00935	0.00695	0.00270	0.00781	0.00647	0.00698	0.01196
19	0.09455	0.07145	0.11319	0.01973	0.07343	0.01910	0.01648	0.14824	0.02544	0.10447	0.14416	0.03361	0.05019	0.03560	0.00998	0.00291	0.00849	0.00957	0.00737	0.01204
20	0.10577	0.21896	0.02807	0.01756	0.05583	0.02132	0.03367	0.03100	0.06977	0.19039	0.03068	0.05734	0.08124	0.01146	0.00796	0.00260	0.00809	0.00909	0.00711	0.01209
21	0.10154	0.02071	0.08645	0.02597	0.17217	0.01871	0.01778	0.15000	0.02305	0.03423	0.02221	0.09948	0.02055	0.06486	0.04752	0.00382	0.01000	0.00978	0.00608	0.06509

[dist]
# distance from previous block
# <min> <max>
22	55

[block]
# block no. 2 follows, 19 sequences, length 8
# corresponding to MSA columns:
# 114-121
name=unknown_C
#
# <colnr> <probs for GDERKNQSTAVLIFYWHMCP>
#	G	D	E	R	K	N	Q	S	T	A	V	L	I	F	Y	W	H	M	C	P
0	0.08028	0.01805	0.01752	0.01533	0.01994	0.08047	0.01194	0.09241	0.16092	0.07706	0.13856	0.06709	0.11382	0.01412	0.00909	0.00277	0.00739	0.01152	0.00825	0.05348
1	0.16118	0.02217	0.02245	0.05345	0.02606	0.05657	0.01515	0.36882	0.03220	0.04605	0.02219	0.09264	0.01868	0.01202	0.00855	0.00280	0.00924	0.00926	0.00775	0.01278
2	0.01689	0.00981	0.01339	0.01292	0.01387	0.01016	0.00908	0.07691	0.01578	0.02118	0.02035	0.09594	0.02059	0.03105	0.07283	0.52986	0.00886	0.00979	0.00497	0.00578
3	0.01795	0.00962	0.01017	0.00967	0.01194	0.00983	0.00728	0.06630	0.01988	0.03332	0.02713	0.03175	0.02153	0.01263	0.00950	0.07992	0.00500	0.00826	0.59989	0.00842
4	0.01866	0.12345	0.56833	0.02428	0.03683	0.02253	0.03093	0.02815	0.01880	0.02746	0.01562	0.01835	0.01135	0.00840	0.00817	0.00272	0.01278	0.00639	0.00378	0.01301
5	0.02225	0.01922	0.02023	0.01821	0.02326	0.02225	0.01416	0.04754	0.61361	0.03742	0.03641	0.03338	0.02731	0.01214	0.00910	0.00303	0.00708	0.01011	0.00910	0.01416
6	0.01855	0.01590	0.01855	0.01325	0.02120	0.01193	0.01060	0.02253	0.01855	0.02915	0.01590	0.01855	0.01325	0.00663	0.00663	0.00133	0.00663	0.00530	0.00530	0.74028
7	0.02101	0.02010	0.03426	0.18696	0.50662	0.02096	0.02689	0.02646	0.01983	0.02785	0.01663	0.02251	0.01368	0.00818	0.00888	0.00273	0.01091	0.00797	0.00433	0.01325

[dist]
# distance from previous block
# <min> <max>
0	3

[block]
# block no. 3 follows, 19 sequences, length 17
# corresponding to MSA columns:
# 125-141
name=unknown_D
#
# <colnr> <probs for GDERKNQSTAVLIFYWHMCP>
#	G	D	E	R	K	N	Q	S	T	A	V	L	I	F	Y	W	H	M	C	P
0	0.01987	0.01813	0.02921	0.44886	0.20092	0.02099	0.02474	0.07993	0.02085	0.02771	0.01667	0.02319	0.01281	0.00887	0.00892	0.00287	0.01140	0.00797	0.00457	0.01151
1	0.02304	0.52656	0.10492	0.01595	0.02363	0.03089	0.01639	0.05225	0.01939	0.02461	0.01485	0.01699	0.01274	0.00815	0.00623	0.00206	0.00944	0.00547	0.07492	0.01153
2	0.03061	0.01644	0.02037	0.01618	0.02193	0.01611	0.01317	0.14441	0.05214	0.31704	0.11641	0.03512	0.05504	0.01254	0.01018	0.00275	0.04123	0.01002	0.00956	0.05878
3	0.06766	0.02360	0.02515	0.01965	0.02631	0.02609	0.01610	0.53518	0.03919	0.05350	0.02277	0.06215	0.01768	0.01170	0.00894	0.00275	0.00941	0.00898	0.00874	0.01445
4	0.01090	0.00779	0.01038	0.01246	0.01298	0.00727	0.00830	0.01246	0.01713	0.02284	0.04931	0.67975	0.05917	0.02803	0.01142	0.00363	0.00519	0.02543	0.00830	0.00727
5	0.01721	0.01652	0.02879	0.61694	0.06050	0.02008	0.06793	0.02329	0.01813	0.02329	0.01607	0.02387	0.01205	0.00884	0.00907	0.00298	0.01216	0.00815	0.00402	0.01010
6	0.01870	0.01884	0.03190	0.30290	0.04431	0.02326	0.12986	0.02344	0.01690	0.02344	0.01473	0.02227	0.01216	0.01124	0.01703	0.00334	0.26296	0.00839	0.00405	0.01028
7	0.01690	0.01590	0.02683	0.66408	0.06162	0.01988	0.02485	0.02286	0.01789	0.02286	0.01590	0.02385	0.01193	0.00894	0.00894	0.00298	0.01193	0.00795	0.00398	0.00994
8	0.01146	0.00855	0.01192	0.07360	0.01754	0.00845	0.00986	0.01343	0.01720	0.02284	0.04617	0.61820	0.05474	0.02624	0.01119	0.00357	0.00582	0.02379	0.00790	0.00752
9	0.01652	0.00964	0.01305	0.04612	0.01691	0.00911	0.00975	0.01866	0.01876	0.12868	0.07720	0.44523	0.04958	0.07983	0.01374	0.00383	0.00619	0.02010	0.00840	0.00868
10	0.01523	0.01279	0.04246	0.01540	0.01829	0.01166	0.01306	0.06767	0.04394	0.02853	0.04941	0.22016	0.12235	0.02281	0.01132	0.00364	0.00737	0.27678	0.00815	0.00897
11	0.02268	0.01556	0.01825	0.04443	0.07178	0.01674	0.01277	0.21867	0.02630	0.03896	0.02459	0.02919	0.01949	0.04427	0.04712	0.00340	0.00835	0.00848	0.31787	0.01110
12	0.02216	0.02231	0.03341	0.12996	0.40798	0.08124	0.05815	0.02728	0.02040	0.02761	0.01641	0.02160	0.01350	0.00808	0.00870	0.00257	0.01126	0.00768	0.00446	0.07524
13	0.02667	0.01772	0.02124	0.01694	0.02270	0.01785	0.01366	0.15886	0.07574	0.17282	0.02603	0.08534	0.02107	0.01200	0.01074	0.00260	0.07709	0.00933	0.00790	0.20370
14	0.03069	0.01876	0.02154	0.01778	0.02386	0.01989	0.01427	0.13913	0.30507	0.25673	0.03349	0.03032	0.02341	0.01152	0.00904	0.00288	0.00774	0.00936	0.00979	0.01472
15	0.02359	0.01844	0.02419	0.02258	0.08318	0.01969	0.06948	0.06460	0.33396	0.10661	0.10387	0.03463	0.03057	0.01187	0.00937	0.00292	0.00801	0.01047	0.00854	0.01344
16	0.05718	0.35757	0.09967	0.01753	0.02465	0.08107	0.01691	0.02805	0.01889	0.06984	0.01492	0.01710	0.01238	0.00884	0.00884	0.00229	0.07388	0.00572	0.00466	0.07999

[dist]
# distance from previous block
# <min> <max>
12	25

[block]
# block no. 4 follows, 19 sequences, length 15
# corresponding to MSA columns:
# 167-181
name=unknown_E
#
# <colnr> <probs for GDERKNQSTAVLIFYWHMCP>
#	G	D	E	R	K	N	Q	S	T	A	V	L	I	F	Y	W	H	M	C	P
0	0.09285	0.08036	0.11958	0.02174	0.02936	0.02589	0.07276	0.30681	0.05693	0.04253	0.01896	0.02058	0.01405	0.00998	0.00962	0.00277	0.04736	0.00760	0.00678	0.01348
1	0.16720	0.12806	0.29940	0.02050	0.05459	0.02106	0.02173	0.02603	0.01795	0.02940	0.01712	0.06316	0.01463	0.00949	0.00754	0.00260	0.01014	0.00723	0.00462	0.07755
2	0.06958	0.11104	0.08447	0.04260	0.02539	0.04043	0.04309	0.02286	0.01626	0.02420	0.01704	0.07917	0.01656	0.01621	0.05255	0.00379	0.27648	0.00874	0.00456	0.04498
3	0.05350	0.06608	0.01808	0.01699	0.07097	0.01380	0.01176	0.05565	0.01816	0.02592	0.07944	0.09776	0.02879	0.02692	0.10668	0.21055	0.00983	0.04169	0.03920	0.00824
4	0.19556	0.01578	0.01628	0.01452	0.01832	0.01716	0.01103	0.20586	0.02413	0.03703	0.02837	0.21621	0.02918	0.11423	0.01422	0.00386	0.00762	0.01305	0.00743	0.01015
5	0.02679	0.07543	0.02303	0.01708	0.02240	0.08217	0.01374	0.30815	0.06257	0.04049	0.02860	0.03160	0.07456	0.07448	0.01194	0.00314	0.00916	0.00918	0.07335	0.01214
6	0.18028	0.01481	0.04850	0.01392	0.01841	0.01347	0.01159	0.02703	0.04907	0.18161	0.15961	0.09899	0.03841	0.06091	0.01150	0.00336	0.00689	0.04275	0.00831	0.01059
7	0.02571	0.02409	0.07821	0.07887	0.02841	0.07988	0.01702	0.30708	0.03164	0.04121	0.08681	0.03399	0.10294	0.01255	0.00920	0.00275	0.00968	0.00993	0.00761	0.01241
8	0.01350	0.00942	0.01117	0.01110	0.01128	0.00999	0.00695	0.01408	0.01389	0.01925	0.02944	0.12810	0.03349	0.51475	0.03792	0.00731	0.06111	0.01381	0.04727	0.00616
9	0.02288	0.62736	0.04385	0.01522	0.02231	0.03314	0.01492	0.02578	0.01782	0.02102	0.01351	0.01629	0.01250	0.01320	0.06589	0.00308	0.01091	0.00523	0.00392	0.01115
10	0.03374	0.02408	0.02607	0.02014	0.02717	0.02647	0.01659	0.53190	0.07358	0.09337	0.02324	0.02275	0.01636	0.01084	0.00896	0.00271	0.00954	0.00823	0.00910	0.01516
11	0.01539	0.01260	0.01507	0.01253	0.01759	0.01004	0.00951	0.01866	0.01909	0.02796	0.09865	0.19685	0.07539	0.01450	0.00856	0.00220	0.00584	0.01259	0.00679	0.42019
12	0.09072	0.53769	0.12681	0.01641	0.02464	0.03192	0.01727	0.02696	0.01800	0.02385	0.01295	0.01500	0.01129	0.00783	0.00611	0.00212	0.00983	0.00505	0.00398	0.01156
13	0.07368	0.01999	0.01931	0.01743	0.02214	0.10962	0.01392	0.03471	0.23459	0.08789	0.03193	0.04073	0.04134	0.01345	0.00978	0.00295	0.03150	0.10757	0.00768	0.07979
14	0.12522	0.06406	0.05080	0.07118	0.08028	0.01872	0.01544	0.10987	0.06140	0.03375	0.10475	0.04003	0.02974	0.07703	0.01234	0.00346	0.00856	0.07584	0.00674	0.01079

[dist]
# distance from previous block
# <min> <max>
9	14

[block]
# block no. 5 follows, 19 sequences, length 8
# corresponding to MSA columns:
# 197-204
name=unknown_F
#
# <colnr> <probs for GDERKNQSTAVLIFYWHMCP>
#	G	D	E	R	K	N	Q	S	T	A	V	L	I	F	Y	W	H	M	C	P
0	0.01223	0.01112	0.05498	0.01335	0.01527	0.00889	0.01055	0.01504	0.01874	0.02526	0.12973	0.39632	0.08506	0.07237	0.01365	0.00386	0.00622	0.09152	0.00799	0.00786
1	0.02726	0.01617	0.01954	0.01538	0.02191	0.01462	0.01230	0.07368	0.10914	0.24739	0.02874	0.07605	0.02213	0.01095	0.00836	0.00236	0.00716	0.00906	0.00839	0.26941
2	0.01306	0.00849	0.01094	0.01218	0.01335	0.00780	0.00829	0.01471	0.01774	0.06544	0.05081	0.53337	0.10922	0.07279	0.01358	0.00387	0.00554	0.02278	0.00829	0.00772
3	0.02699	0.01920	0.02065	0.01619	0.02214	0.02012	0.01315	0.35572	0.03219	0.04600	0.02263	0.02415	0.01694	0.01001	0.00787	0.00231	0.00784	0.00769	0.20006	0.12816
4	0.36591	0.01353	0.01209	0.01102	0.01499	0.01487	0.00875	0.05036	0.01922	0.03808	0.11515	0.02911	0.02598	0.01067	0.00672	0.00255	0.00576	0.00790	0.23800	0.00933
5	0.13273	0.01612	0.02467	0.56084	0.05460	0.01991	0.02245	0.02340	0.01747	0.02559	0.01536	0.02238	0.01157	0.00884	0.00841	0.00295	0.01113	0.00746	0.00422	0.00990
6	0.02340	0.02472	0.08031	0.04636	0.44517	0.05155	0.08119	0.08245	0.02263	0.03134	0.01720	0.02175	0.01388	0.00829	0.00897	0.00269	0.01143	0.00803	0.00483	0.01382
7	0.01624	0.01339	0.02090	0.40140	0.04235	0.01577	0.01837	0.04389	0.01821	0.02420	0.02379	0.16001	0.02281	0.01515	0.01177	0.07309	0.00959	0.01157	0.04854	0.00894

[dist]
# distance from previous block
# <min> <max>
0	1

[block]
# block no. 6 follows, 19 sequences, length 19
# corresponding to MSA columns:
# 206-224
name=unknown_G
#
# <colnr> <probs for GDERKNQSTAVLIFYWHMCP>
#	G	D	E	R	K	N	Q	S	T	A	V	L	I	F	Y	W	H	M	C	P
0	0.01441	0.01114	0.01413	0.01414	0.01516	0.01216	0.01015	0.06024	0.01834	0.02495	0.06240	0.38467	0.06374	0.13145	0.01940	0.00437	0.10500	0.01884	0.00729	0.00802
1	0.01370	0.00894	0.01201	0.01338	0.01473	0.00844	0.00986	0.01607	0.01884	0.06235	0.08756	0.44356	0.05590	0.05115	0.01274	0.00383	0.00609	0.14442	0.00846	0.00799
2	0.01299	0.00876	0.01022	0.01022	0.01038	0.00892	0.00600	0.01331	0.01315	0.01769	0.02777	0.05621	0.03151	0.62381	0.10593	0.00924	0.01020	0.01267	0.00536	0.00568
3	0.03033	0.02323	0.02478	0.01984	0.02634	0.02602	0.01611	0.42689	0.22112	0.05044	0.02616	0.02521	0.01900	0.01118	0.00900	0.00279	0.00898	0.00870	0.00900	0.01488
4	0.02167	0.02460	0.04454	0.03309	0.04003	0.08524	0.43094	0.02762	0.02031	0.02671	0.01818	0.05225	0.01517	0.00978	0.01301	0.00310	0.10741	0.01036	0.00462	0.01136
5	0.01800	0.01252	0.01408	0.01271	0.01586	0.05037	0.00973	0.02263	0.04822	0.11774	0.42699	0.05912	0.12292	0.01690	0.01012	0.00280	0.00560	0.01454	0.00950	0.00965
6	0.01741	0.01625	0.02683	0.42782	0.19135	0.01856	0.02309	0.02282	0.01911	0.02524	0.05691	0.03090	0.06599	0.01035	0.00915	0.00290	0.01058	0.00930	0.00477	0.01068
7	0.02308	0.01963	0.02069	0.01837	0.02358	0.02264	0.01436	0.08628	0.57354	0.03875	0.03537	0.03254	0.02646	0.01204	0.00909	0.00301	0.00727	0.00997	0.00909	0.01423
8	0.03401	0.02506	0.02685	0.02058	0.02774	0.02774	0.01700	0.59995	0.04206	0.05638	0.02148	0.02148	0.01521	0.01074	0.00895	0.00268	0.00984	0.00805	0.00895	0.01521
9	0.02225	0.01922	0.02023	0.01821	0.02326	0.02225	0.01416	0.04754	0.61361	0.03742	0.03641	0.03338	0.02731	0.01214	0.00910	0.00303	0.00708	0.01011	0.00910	0.01416
10	0.01126	0.00827	0.01136	0.05112	0.01586	0.00801	0.00929	0.01307	0.01717	0.02284	0.04733	0.64083	0.05637	0.02690	0.01127	0.00359	0.00559	0.02440	0.00805	0.00743
11	0.01850	0.12999	0.45752	0.02449	0.07058	0.02159	0.02780	0.02692	0.01953	0.02814	0.07644	0.02325	0.01883	0.00933	0.00835	0.00269	0.01166	0.00740	0.00443	0.01256
12	0.08241	0.55810	0.08041	0.01597	0.02377	0.03281	0.01607	0.05956	0.01935	0.02506	0.01318	0.01506	0.01154	0.00794	0.00608	0.00208	0.00960	0.00509	0.00425	0.01166
13	0.51636	0.06307	0.05773	0.06522	0.02371	0.04385	0.01358	0.07265	0.01837	0.03749	0.01373	0.01615	0.01059	0.00855	0.00637	0.00271	0.00844	0.00549	0.00544	0.01051
14	0.02177	0.02258	0.08061	0.13075	0.40465	0.02190	0.02586	0.06736	0.04141	0.02999	0.01732	0.02230	0.01401	0.00896	0.01012	0.00281	0.05158	0.00793	0.00476	0.01332
15	0.02112	0.01728	0.01888	0.01649	0.01961	0.05764	0.01280	0.15818	0.04669	0.03306	0.06716	0.14260	0.02930	0.06780	0.01539	0.00338	0.12139	0.01178	0.08586	0.05360
16	0.13003	0.03229	0.02232	0.01971	0.02458	0.39029	0.01520	0.08904	0.02489	0.06710	0.02174	0.02296	0.06061	0.01062	0.00874	0.00254	0.03350	0.00717	0.00585	0.01083
17	0.12367	0.01400	0.01489	0.01345	0.01707	0.01487	0.01044	0.12470	0.08303	0.03666	0.16651	0.08963	0.08564	0.05671	0.01128	0.00323	0.00644	0.03733	0.08041	0.01004
18	0.22511	0.02088	0.02001	0.03920	0.02412	0.07029	0.01376	0.05423	0.16090	0.09906	0.02783	0.06968	0.02293	0.01319	0.00923	0.00333	0.00894	0.00947	0.03734	0.07048

[dist]
# distance from previous block
# <min> <max>
6	10

[block]
# block no. 7 follows, 19 sequences, length 6
# corresponding to MSA columns:
# 236-241
name=unknown_H
#
# <colnr> <probs for GDERKNQSTAVLIFYWHMCP>
#	G	D	E	R	K	N	Q	S	T	A	V	L	I	F	Y	W	H	M	C	P
0	0.22860	0.02334	0.12026	0.09470	0.02917	0.02109	0.01755	0.19718	0.02556	0.07672	0.06686	0.02359	0.01864	0.01011	0.00805	0.00278	0.00923	0.00762	0.00676	0.01217
1	0.20001	0.01557	0.01400	0.01333	0.01654	0.08515	0.00993	0.02299	0.05544	0.05804	0.14026	0.16686	0.07681	0.07277	0.01199	0.00343	0.00717	0.01322	0.00741	0.00908
2	0.02438	0.01652	0.01877	0.01569	0.02054	0.01672	0.01226	0.25373	0.02846	0.10867	0.03717	0.18183	0.09633	0.04927	0.01132	0.00313	0.00757	0.01337	0.00848	0.07577
3	0.07840	0.01206	0.01447	0.01368	0.01664	0.01192	0.01014	0.08836	0.02209	0.13517	0.10517	0.33601	0.04518	0.05333	0.01185	0.00346	0.00636	0.01722	0.00867	0.00981
4	0.08504	0.07743	0.02202	0.01652	0.02200	0.02100	0.01328	0.20545	0.15680	0.03846	0.02769	0.14321	0.02493	0.01327	0.00860	0.00272	0.00774	0.01082	0.00771	0.09531
5	0.02095	0.34496	0.24827	0.01914	0.02806	0.02725	0.02110	0.02909	0.08800	0.02549	0.01723	0.01946	0.01396	0.01218	0.04724	0.00314	0.01145	0.00635	0.00449	0.01218

[dist]
# distance from previous block
# <min> <max>
0	1

[block]
# block no. 8 follows, 19 sequences, length 9
# corresponding to MSA columns:
# 243-251
name=unknown_I
#
# <colnr> <probs for GDERKNQSTAVLIFYWHMCP>
#	G	D	E	R	K	N	Q	S	T	A	V	L	I	F	Y	W	H	M	C	P
0	0.02294	0.58555	0.14374	0.01697	0.02554	0.03301	0.01821	0.02704	0.01829	0.02224	0.01303	0.01509	0.01146	0.00779	0.00619	0.00206	0.01017	0.00508	0.00382	0.01177
1	0.01424	0.01009	0.01183	0.01202	0.01323	0.01006	0.00810	0.07048	0.01819	0.02402	0.04041	0.26785	0.08624	0.31352	0.02609	0.00572	0.00728	0.04622	0.00710	0.00731
2	0.10081	0.08519	0.02453	0.06375	0.02623	0.09363	0.01517	0.30063	0.03026	0.04146	0.02248	0.02388	0.04307	0.01044	0.00802	0.00256	0.00957	0.00770	0.07826	0.01236
3	0.06790	0.11916	0.41335	0.02566	0.03689	0.02287	0.13672	0.02807	0.01898	0.02829	0.01576	0.01904	0.01167	0.00820	0.00836	0.00275	0.01271	0.00702	0.00404	0.01255
4	0.02985	0.02510	0.02527	0.02040	0.02574	0.10904	0.01656	0.38769	0.03428	0.04496	0.07812	0.02493	0.02101	0.01195	0.01180	0.00282	0.10105	0.00851	0.00776	0.01316
5	0.01480	0.01293	0.01219	0.01158	0.01465	0.05556	0.00859	0.07345	0.02201	0.02654	0.06925	0.12385	0.42069	0.07775	0.01330	0.00347	0.00631	0.01692	0.00786	0.00832
6	0.02511	0.01923	0.02121	0.01718	0.02225	0.02102	0.01396	0.35366	0.03285	0.04376	0.09757	0.04108	0.16563	0.01472	0.01124	0.00288	0.06450	0.01140	0.00846	0.01227
7	0.03110	0.01628	0.02010	0.01658	0.02217	0.01626	0.01329	0.12726	0.12603	0.33394	0.03383	0.09513	0.02566	0.01720	0.05843	0.00378	0.00889	0.01073	0.00964	0.01369
8	0.10240	0.01985	0.02154	0.01701	0.02302	0.02124	0.01381	0.34849	0.03231	0.15711	0.02430	0.02601	0.01781	0.05542	0.01081	0.00305	0.00855	0.00827	0.07560	0.01339

[dist]
# distance from previous block
# <min> <max>
2	10

[block]
# block no. 9 follows, 19 sequences, length 6
# corresponding to MSA columns:
# 262-267
name=unknown_J
#
# <colnr> <probs for GDERKNQSTAVLIFYWHMCP>
#	G	D	E	R	K	N	Q	S	T	A	V	L	I	F	Y	W	H	M	C	P
0	0.01938	0.01771	0.02273	0.05460	0.02565	0.08061	0.11143	0.02531	0.07828	0.06462	0.07044	0.12881	0.12976	0.01438	0.00953	0.00276	0.00877	0.01283	0.00693	0.11549
1	0.06767	0.03543	0.29054	0.02921	0.10395	0.12779	0.12549	0.03027	0.02070	0.06182	0.01697	0.02008	0.01258	0.00853	0.00867	0.00275	0.01305	0.00733	0.00464	0.01254
2	0.02703	0.01815	0.02037	0.01759	0.02315	0.01982	0.01389	0.04649	0.45647	0.19739	0.03611	0.03260	0.02593	0.01185	0.00907	0.00296	0.00722	0.00982	0.00963	0.01445
3	0.02020	0.01802	0.02503	0.01799	0.02607	0.01499	0.11102	0.06897	0.02084	0.03121	0.01671	0.01973	0.01346	0.00711	0.00748	0.00172	0.00832	0.00641	0.00546	0.55926
4	0.10021	0.01528	0.02100	0.12655	0.02734	0.01690	0.08449	0.08460	0.02071	0.03277	0.02495	0.02911	0.05051	0.01071	0.00951	0.00269	0.06015	0.00868	0.26381	0.01003
5	0.04834	0.04364	0.01514	0.01262	0.01489	0.01389	0.00899	0.12404	0.02022	0.02830	0.06291	0.10614	0.03209	0.33462	0.05699	0.00612	0.00877	0.01237	0.04160	0.00832

[dist]
# distance from previous block
# <min> <max>
29	52

[block]
# block no. 10 follows, 19 sequences, length 11
# corresponding to MSA columns:
# 321-331
name=unknown_K
#
# <colnr> <probs for GDERKNQSTAVLIFYWHMCP>
#	G	D	E	R	K	N	Q	S	T	A	V	L	I	F	Y	W	H	M	C	P
0	0.02273	0.01670	0.02352	0.35109	0.04247	0.01888	0.01915	0.12114	0.05550	0.12052	0.02945	0.03215	0.08582	0.01131	0.00915	0.00291	0.00983	0.00950	0.00663	0.01155
1	0.03396	0.02660	0.02672	0.02080	0.02774	0.08240	0.01703	0.55036	0.04060	0.05335	0.02081	0.02101	0.01489	0.01061	0.00887	0.00265	0.01040	0.00785	0.00857	0.01479
2	0.02443	0.01205	0.01578	0.01325	0.01774	0.01052	0.01044	0.02802	0.02423	0.28863	0.26694	0.08244	0.09381	0.01538	0.00970	0.00276	0.00588	0.01318	0.00990	0.05494
3	0.02437	0.01777	0.01819	0.01549	0.01976	0.05601	0.01226	0.27195	0.02870	0.04055	0.02590	0.07675	0.02160	0.01769	0.07451	0.00375	0.00949	0.00949	0.24444	0.01133
4	0.01990	0.04354	0.58468	0.02465	0.03732	0.02010	0.03130	0.02968	0.01948	0.08193	0.01775	0.01991	0.01229	0.00873	0.00854	0.00283	0.01273	0.00682	0.00442	0.01340
5	0.02392	0.69097	0.04688	0.01531	0.02296	0.03540	0.01531	0.02679	0.01818	0.02105	0.01244	0.01435	0.01148	0.00765	0.00574	0.00191	0.00957	0.00478	0.00383	0.01148
6	0.03401	0.02506	0.02685	0.02058	0.02774	0.02774	0.01700	0.59995	0.04206	0.05638	0.02148	0.02148	0.01521	0.01074	0.00895	0.00268	0.00984	0.00805	0.00895	0.01521
7	0.74878	0.01730	0.01315	0.01177	0.01730	0.02007	0.00969	0.02630	0.01523	0.04014	0.01246	0.01453	0.00969	0.00830	0.00554	0.00277	0.00692	0.00484	0.00554	0.00969
8	0.01301	0.00867	0.00976	0.00976	0.00976	0.00867	0.00542	0.01301	0.01301	0.01735	0.02819	0.05855	0.03253	0.68559	0.04554	0.00867	0.00867	0.01301	0.00542	0.00542
9	0.10426	0.02361	0.02471	0.01943	0.02618	0.02634	0.01594	0.47862	0.10544	0.05256	0.02230	0.02216	0.01606	0.01066	0.00863	0.00273	0.00923	0.00797	0.00863	0.01454
10	0.03401	0.02506	0.02685	0.02058	0.02774	0.02774	0.01700	0.59995	0.04206	0.05638	0.02148	0.02148	0.01521	0.01074	0.00895	0.00268	0.00984	0.00805	0.00895	0.01521

[dist]
# distance from previous block
# <min> <max>
13	15

[block]
# block no. 11 follows, 19 sequences, length 6
# corresponding to MSA columns:
# 347-352
name=unknown_L
#
# <colnr> <probs for GDERKNQSTAVLIFYWHMCP>
#	G	D	E	R	K	N	Q	S	T	A	V	L	I	F	Y	W	H	M	C	P
0	0.03401	0.02506	0.02685	0.02058	0.02774	0.02774	0.01700	0.59995	0.04206	0.05638	0.02148	0.02148	0.01521	0.01074	0.00895	0.00268	0.00984	0.00805	0.00895	0.01521
1	0.01301	0.00867	0.00976	0.00976	0.00976	0.00867	0.00542	0.01301	0.01301	0.01735	0.02819	0.05855	0.03253	0.68559	0.04554	0.00867	0.00867	0.01301	0.00542	0.00542
2	0.01996	0.02229	0.04800	0.03485	0.04294	0.02089	0.53071	0.02683	0.02067	0.02800	0.02163	0.09824	0.01873	0.00986	0.01066	0.00309	0.01396	0.01224	0.00495	0.01152
3	0.01942	0.20556	0.49288	0.02298	0.03483	0.02439	0.02867	0.02795	0.01871	0.02653	0.01516	0.01777	0.01137	0.00829	0.00782	0.00261	0.01232	0.00616	0.00379	0.01279
4	0.01173	0.00839	0.01127	0.01298	0.01397	0.00794	0.00936	0.01408	0.01881	0.02524	0.12572	0.50003	0.06123	0.02617	0.01146	0.00361	0.00558	0.11635	0.00850	0.00759
5	0.01163	0.00832	0.01113	0.01267	0.01367	0.00783	0.00901	0.01398	0.01909	0.02578	0.15959	0.49803	0.06317	0.02579	0.01136	0.00353	0.00534	0.08390	0.00859	0.00760

[dist]
# distance from previous block
# <min> <max>
5	15

[block]
# block no. 12 follows, 19 sequences, length 35
# corresponding to MSA columns:
# 368-402
name=unknown_M
#
# <colnr> <probs for GDERKNQSTAVLIFYWHMCP>
#	G	D	E	R	K	N	Q	S	T	A	V	L	I	F	Y	W	H	M	C	P
0	0.01290	0.01017	0.01304	0.01370	0.01502	0.01046	0.00980	0.01634	0.05694	0.02461	0.07017	0.48644	0.07997	0.02409	0.01266	0.00344	0.06821	0.02106	0.00786	0.04313
1	0.03137	0.01944	0.06195	0.01724	0.02384	0.01771	0.01484	0.18902	0.08332	0.29889	0.08248	0.03379	0.06045	0.01218	0.00918	0.00279	0.00808	0.00986	0.00957	0.01398
2	0.01857	0.14433	0.41271	0.05469	0.06216	0.02183	0.02705	0.02656	0.01923	0.02720	0.04779	0.02636	0.01781	0.00992	0.00845	0.00277	0.01167	0.04425	0.00442	0.01226
3	0.05954	0.01900	0.07885	0.01801	0.02380	0.01701	0.04401	0.08649	0.16301	0.17903	0.06517	0.11936	0.03047	0.01408	0.00946	0.00303	0.00810	0.04045	0.00855	0.01258
4	0.02132	0.02041	0.03482	0.15096	0.54020	0.02104	0.02705	0.02673	0.01998	0.02822	0.01668	0.02241	0.01382	0.00812	0.00887	0.00271	0.01083	0.00797	0.00436	0.01350
5	0.01690	0.01590	0.02683	0.66408	0.06162	0.01988	0.02485	0.02286	0.01789	0.02286	0.01590	0.02385	0.01193	0.00894	0.00894	0.00298	0.01193	0.00795	0.00398	0.00994
6	0.01715	0.01585	0.02588	0.56543	0.05508	0.01998	0.02331	0.02262	0.01753	0.02330	0.01622	0.02395	0.01251	0.00968	0.01080	0.00302	0.07598	0.00796	0.04390	0.00984
7	0.03322	0.02488	0.02667	0.02096	0.02803	0.02632	0.01683	0.47264	0.07933	0.05278	0.02415	0.02538	0.01815	0.01198	0.00972	0.00302	0.01001	0.00863	0.00924	0.09806
8	0.01710	0.01592	0.02671	0.58138	0.09822	0.01937	0.02437	0.02291	0.01823	0.02354	0.01794	0.02856	0.01456	0.00987	0.00915	0.00303	0.01161	0.04313	0.00427	0.01012
9	0.01119	0.00791	0.01030	0.01209	0.01254	0.00746	0.00791	0.01253	0.01656	0.02209	0.04642	0.59470	0.05552	0.11805	0.01609	0.00432	0.00567	0.02373	0.00791	0.00701
10	0.02003	0.09516	0.27012	0.02955	0.03912	0.02363	0.27134	0.02763	0.01925	0.02709	0.01615	0.02077	0.01235	0.00874	0.01124	0.00293	0.08033	0.00825	0.00412	0.01221
11	0.01690	0.01590	0.02683	0.66408	0.06162	0.01988	0.02485	0.02286	0.01789	0.02286	0.01590	0.02385	0.01193	0.00894	0.00894	0.00298	0.01193	0.00795	0.00398	0.00994
12	0.02101	0.02381	0.05098	0.03669	0.04510	0.02297	0.55607	0.02815	0.02059	0.02815	0.01765	0.02381	0.01344	0.00812	0.01190	0.00308	0.06175	0.01036	0.00448	0.01190
13	0.01890	0.01835	0.02582	0.28149	0.03822	0.05021	0.02072	0.02264	0.01624	0.02287	0.01467	0.02207	0.01255	0.01232	0.01864	0.00335	0.33088	0.00782	0.05246	0.00978
14	0.01690	0.01590	0.02683	0.66408	0.06162	0.01988	0.02485	0.02286	0.01789	0.02286	0.01590	0.02385	0.01193	0.00894	0.00894	0.00298	0.01193	0.00795	0.00398	0.00994
15	0.01090	0.00779	0.01038	0.01246	0.01298	0.00727	0.00830	0.01246	0.01713	0.02284	0.04931	0.67975	0.05917	0.02803	0.01142	0.00363	0.00519	0.02543	0.00830	0.00727
16	0.03197	0.02385	0.02576	0.01962	0.02688	0.02566	0.01616	0.52383	0.03896	0.05279	0.02074	0.02109	0.01496	0.01020	0.00864	0.00251	0.00942	0.00769	0.00847	0.11079
17	0.02225	0.01922	0.02023	0.01821	0.02326	0.02225	0.01416	0.04754	0.61361	0.03742	0.03641	0.03338	0.02731	0.01214	0.00910	0.00303	0.00708	0.01011	0.00910	0.01416
18	0.01090	0.00779	0.01038	0.01246	0.01298	0.00727	0.00830	0.01246	0.01713	0.02284	0.04931	0.67975	0.05917	0.02803	0.01142	0.00363	0.00519	0.02543	0.00830	0.00727
19	0.01999	0.01906	0.03243	0.30476	0.39675	0.02069	0.02639	0.02557	0.01935	0.02662	0.01645	0.02284	0.01325	0.00837	0.00889	0.00279	0.01116	0.00796	0.00424	0.01244
20	0.01794	0.04628	0.63923	0.02550	0.03872	0.02078	0.03305	0.02833	0.01889	0.02833	0.01606	0.01889	0.01133	0.00850	0.00850	0.00283	0.01322	0.00661	0.00378	0.01322
21	0.69656	0.01720	0.01413	0.05831	0.02046	0.02006	0.01077	0.02605	0.01542	0.03891	0.01270	0.01520	0.00985	0.00835	0.00578	0.00278	0.00728	0.00507	0.00543	0.00971
22	0.67381	0.01956	0.01599	0.01426	0.01993	0.02173	0.01132	0.06114	0.01855	0.04277	0.01599	0.01912	0.01290	0.01038	0.00705	0.00328	0.00805	0.00603	0.00668	0.01145
23	0.03401	0.02506	0.02685	0.02058	0.02774	0.02774	0.01700	0.59995	0.04206	0.05638	0.02148	0.02148	0.01521	0.01074	0.00895	0.00268	0.00984	0.00805	0.00895	0.01521
24	0.02052	0.02318	0.05031	0.03623	0.04479	0.02173	0.56290	0.02771	0.02088	0.02832	0.01992	0.06240	0.01624	0.00874	0.01061	0.00305	0.01451	0.01143	0.00475	0.01179
25	0.03401	0.02506	0.02685	0.02058	0.02774	0.02774	0.01700	0.59995	0.04206	0.05638	0.02148	0.02148	0.01521	0.01074	0.00895	0.00268	0.00984	0.00805	0.00895	0.01521
26	0.01864	0.12133	0.57027	0.02431	0.03689	0.02248	0.03099	0.02815	0.01881	0.02748	0.01563	0.01836	0.01135	0.00840	0.00818	0.00273	0.01280	0.00640	0.00378	0.01302
27	0.05708	0.17844	0.48396	0.02267	0.03434	0.02377	0.02816	0.02791	0.01855	0.02743	0.01512	0.01772	0.01128	0.00831	0.00777	0.00264	0.01214	0.00614	0.00388	0.01268
28	0.07065	0.41965	0.22226	0.01853	0.02757	0.06046	0.02039	0.02767	0.01855	0.02455	0.01360	0.01582	0.01132	0.00803	0.00667	0.00227	0.01082	0.00539	0.00396	0.01183
29	0.01781	0.05947	0.01987	0.04810	0.02158	0.01543	0.01223	0.05260	0.04633	0.02923	0.10193	0.10044	0.06988	0.01299	0.01035	0.00239	0.06945	0.01045	0.00647	0.29299
30	0.06178	0.05246	0.02311	0.20769	0.05967	0.06327	0.01718	0.06143	0.07470	0.10592	0.05419	0.06830	0.02353	0.01499	0.04395	0.00352	0.01038	0.03620	0.00656	0.01117
31	0.02528	0.21972	0.14374	0.01754	0.02468	0.09760	0.01715	0.02987	0.02210	0.15565	0.13290	0.02867	0.02738	0.01072	0.00813	0.00248	0.00964	0.00827	0.00658	0.01190
32	0.02051	0.01823	0.02653	0.30199	0.07427	0.05002	0.07420	0.02903	0.11860	0.06718	0.02315	0.07189	0.01888	0.01066	0.00911	0.00287	0.01046	0.00960	0.00580	0.05701
33	0.02303	0.11885	0.07407	0.12605	0.21394	0.08781	0.10565	0.06012	0.05349	0.02820	0.01722	0.02134	0.01370	0.00854	0.00859	0.00265	0.01180	0.00770	0.00477	0.01249
34	0.01967	0.04387	0.02195	0.01770	0.02107	0.04859	0.03721	0.09807	0.02126	0.02963	0.08201	0.10868	0.05704	0.01707	0.04244	0.00343	0.17847	0.01104	0.04609	0.09469

[dist]
# distance from previous block
# <min> <max>
5	26

[block]
# block no. 13 follows, 19 sequences, length 8
# corresponding to MSA columns:
# 432-439
name=unknown_N
#
# <colnr> <probs for GDERKNQSTAVLIFYWHMCP>
#	G	D	E	R	K	N	Q	S	T	A	V	L	I	F	Y	W	H	M	C	P
0	0.02137	0.06805	0.16750	0.03297	0.25413	0.02151	0.02300	0.09826	0.02119	0.02980	0.01823	0.02577	0.01591	0.10407	0.01509	0.00358	0.05407	0.00817	0.00493	0.01240
1	0.10564	0.26135	0.19485	0.02052	0.06499	0.02602	0.01976	0.10675	0.02118	0.03041	0.01599	0.01998	0.01332	0.05298	0.00972	0.00286	0.01029	0.00648	0.00487	0.01204
2	0.02379	0.33087	0.15116	0.02435	0.11187	0.08648	0.02089	0.06406	0.02051	0.02591	0.01439	0.01725	0.01209	0.00872	0.00865	0.00240	0.05404	0.00607	0.00431	0.01221
3	0.06765	0.31555	0.27868	0.02365	0.09811	0.02700	0.02338	0.02745	0.01852	0.02609	0.01438	0.01705	0.01161	0.00807	0.00718	0.00242	0.01097	0.00588	0.00399	0.01236
4	0.01226	0.00884	0.01160	0.01153	0.01328	0.00818	0.00841	0.01588	0.02348	0.03293	0.49515	0.20512	0.07872	0.02049	0.01075	0.00300	0.00444	0.01827	0.00950	0.00818
5	0.01271	0.00855	0.00985	0.01014	0.01021	0.00848	0.00583	0.01293	0.01359	0.01812	0.03115	0.14576	0.03627	0.59326	0.04075	0.00797	0.00818	0.01475	0.00583	0.00568
6	0.02312	0.01184	0.01539	0.01422	0.01773	0.01108	0.01072	0.02803	0.08113	0.25439	0.09601	0.31559	0.04447	0.01920	0.01020	0.00317	0.00620	0.01690	0.00956	0.01104
7	0.05400	0.27479	0.26669	0.07935	0.03233	0.02618	0.02258	0.02936	0.08625	0.02674	0.01688	0.01914	0.01319	0.00864	0.00747	0.00253	0.01078	0.00639	0.00450	0.01223

[dist]
# distance from previous block
# <min> <max>
0	28

[block]
# block no. 14 follows, 19 sequences, length 7
# corresponding to MSA columns:
# 468-474
name=unknown_O
#
# <colnr> <probs for GDERKNQSTAVLIFYWHMCP>
#	G	D	E	R	K	N	Q	S	T	A	V	L	I	F	Y	W	H	M	C	P
0	0.17333	0.01953	0.09011	0.06584	0.09884	0.01723	0.01656	0.03107	0.09194	0.16472	0.07474	0.03154	0.06533	0.01120	0.00845	0.00283	0.00823	0.00907	0.00727	0.01215
1	0.02374	0.01996	0.02107	0.01851	0.02383	0.02295	0.01452	0.11752	0.54121	0.03983	0.03452	0.03187	0.02578	0.01196	0.00908	0.00299	0.00743	0.00985	0.00908	0.01429
2	0.01855	0.01590	0.01855	0.01325	0.02120	0.01193	0.01060	0.02253	0.01855	0.02915	0.01590	0.01855	0.01325	0.00663	0.00663	0.00133	0.00663	0.00530	0.00530	0.74028
3	0.01362	0.01162	0.01841	0.08943	0.02347	0.01115	0.08613	0.01690	0.01871	0.02526	0.09029	0.38648	0.07573	0.02045	0.01054	0.00320	0.00722	0.01884	0.00723	0.06530
4	0.16657	0.02169	0.02519	0.25925	0.11476	0.09310	0.01980	0.13892	0.02328	0.03354	0.01620	0.02046	0.01237	0.00908	0.00817	0.00276	0.01085	0.00712	0.00539	0.01151
5	0.02741	0.02118	0.12504	0.02210	0.09353	0.01665	0.01804	0.03664	0.13974	0.26929	0.07307	0.03478	0.02658	0.01180	0.00922	0.00290	0.00858	0.04130	0.00846	0.01367
6	0.02783	0.02257	0.02342	0.06613	0.05769	0.10128	0.01635	0.14263	0.28473	0.11834	0.02828	0.02741	0.02069	0.01094	0.00891	0.00282	0.00932	0.00878	0.00818	0.01372

[dist]
# distance from previous block
# <min> <max>
4	27

[block]
# block no. 15 follows, 19 sequences, length 25
# corresponding to MSA columns:
# 502-526
name=unknown_P
#
# <colnr> <probs for GDERKNQSTAVLIFYWHMCP>
#	G	D	E	R	K	N	Q	S	T	A	V	L	I	F	Y	W	H	M	C	P
0	0.02631	0.46822	0.04050	0.02024	0.07081	0.15998	0.01674	0.06157	0.02119	0.02388	0.01358	0.01572	0.01191	0.00818	0.00664	0.00210	0.01101	0.00542	0.00433	0.01167
1	0.01122	0.00792	0.01029	0.01205	0.01249	0.00748	0.00787	0.01254	0.01650	0.02200	0.04610	0.58522	0.05512	0.12809	0.01661	0.00440	0.00572	0.02354	0.00787	0.00699
2	0.03299	0.02288	0.02497	0.01931	0.02590	0.02490	0.01575	0.50236	0.03828	0.10833	0.02330	0.02516	0.01719	0.06234	0.01175	0.00315	0.00954	0.00852	0.00888	0.01447
3	0.01160	0.00861	0.01190	0.07405	0.01739	0.00855	0.00969	0.01348	0.01695	0.02250	0.04484	0.57928	0.05305	0.06676	0.01329	0.00388	0.00604	0.02301	0.00772	0.00741
4	0.02225	0.01922	0.02023	0.01821	0.02326	0.02225	0.01416	0.04754	0.61361	0.03742	0.03641	0.03338	0.02731	0.01214	0.00910	0.00303	0.00708	0.01011	0.00910	0.01416
5	0.01855	0.01590	0.01855	0.01325	0.02120	0.01193	0.01060	0.02253	0.01855	0.02915	0.01590	0.01855	0.01325	0.00663	0.00663	0.00133	0.00663	0.00530	0.00530	0.74028
6	0.04014	0.01523	0.02076	0.01592	0.02284	0.01315	0.01315	0.04360	0.02561	0.63597	0.03530	0.03045	0.02215	0.01107	0.00900	0.00277	0.00761	0.00900	0.01107	0.01523
7	0.01090	0.00779	0.01038	0.01246	0.01298	0.00727	0.00830	0.01246	0.01713	0.02284	0.04931	0.67975	0.05917	0.02803	0.01142	0.00363	0.00519	0.02543	0.00830	0.00727
8	0.02112	0.02413	0.05279	0.03771	0.04676	0.02262	0.59729	0.02866	0.02112	0.02866	0.01810	0.02413	0.01357	0.00754	0.01056	0.00302	0.01508	0.01056	0.00452	0.01207
9	0.01252	0.00896	0.01220	0.01400	0.01531	0.00863	0.01084	0.01540	0.01936	0.02573	0.10437	0.38119	0.05845	0.02571	0.01172	0.00375	0.00636	0.24929	0.00843	0.00778
10	0.01250	0.00914	0.01174	0.01109	0.01327	0.00837	0.00832	0.01657	0.02495	0.03498	0.58401	0.06831	0.12602	0.01863	0.01055	0.00283	0.00424	0.01639	0.00973	0.00837
11	0.01952	0.01920	0.02866	0.02385	0.02497	0.02544	0.08026	0.02224	0.01488	0.02320	0.01376	0.02111	0.01279	0.01439	0.02559	0.00368	0.54852	0.00816	0.05987	0.00992
12	0.03846	0.01674	0.02155	0.01665	0.02352	0.01554	0.01371	0.11845	0.05593	0.52957	0.03349	0.02939	0.02146	0.01108	0.00900	0.00277	0.00789	0.00892	0.01069	0.01517
13	0.01325	0.00965	0.01270	0.01430	0.01613	0.00935	0.01175	0.01643	0.01951	0.02512	0.05269	0.17424	0.13778	0.07536	0.01450	0.00424	0.00730	0.36988	0.00804	0.00779
14	0.02171	0.01337	0.01395	0.01207	0.01559	0.01417	0.00944	0.19417	0.02549	0.03955	0.02683	0.03091	0.02104	0.04045	0.00880	0.00256	0.00607	0.00846	0.48508	0.01027
15	0.02008	0.02391	0.09250	0.09432	0.04510	0.02119	0.45860	0.02690	0.01998	0.02717	0.01756	0.02392	0.01338	0.00939	0.01195	0.05435	0.01413	0.00981	0.00437	0.01138
16	0.01900	0.01981	0.03774	0.32025	0.05051	0.02199	0.26319	0.02511	0.01870	0.02511	0.01629	0.02342	0.01259	0.00922	0.01224	0.00312	0.09768	0.00902	0.00420	0.01081
17	0.02577	0.02234	0.02853	0.08851	0.22040	0.04814	0.02059	0.21186	0.14209	0.03820	0.02167	0.02392	0.01664	0.01014	0.00984	0.00281	0.03976	0.00832	0.00671	0.01378
18	0.03099	0.01613	0.02088	0.01855	0.06397	0.01558	0.01383	0.11429	0.07841	0.34177	0.15015	0.03616	0.03353	0.01235	0.00930	0.00278	0.00741	0.01033	0.00990	0.01370
19	0.02116	0.02264	0.03780	0.17597	0.12203	0.08099	0.25903	0.02823	0.05530	0.02673	0.01809	0.02384	0.01417	0.01094	0.03487	0.00337	0.03959	0.00901	0.00466	0.01159
20	0.01375	0.01034	0.01424	0.07591	0.02059	0.01045	0.01312	0.01745	0.02007	0.02608	0.09638	0.12097	0.11931	0.05971	0.01347	0.00400	0.00765	0.34056	0.00782	0.00812
21	0.01184	0.00818	0.01010	0.01126	0.01154	0.00789	0.00702	0.01270	0.01530	0.02040	0.03992	0.40346	0.04732	0.32048	0.02659	0.00588	0.00674	0.01991	0.00702	0.00645
22	0.02672	0.01738	0.02170	0.01737	0.02311	0.01719	0.04557	0.18868	0.07770	0.17431	0.05258	0.11842	0.02692	0.03953	0.01060	0.00294	0.00805	0.01112	0.00851	0.11160
23	0.37650	0.02575	0.18914	0.01971	0.05701	0.01956	0.05806	0.02664	0.01729	0.03428	0.01446	0.01725	0.01105	0.00809	0.00699	0.00263	0.00937	0.00594	0.00490	0.09537
24	0.02142	0.02378	0.04470	0.03304	0.03991	0.06616	0.43675	0.02709	0.01976	0.02636	0.01671	0.02308	0.01328	0.01025	0.01460	0.04680	0.11112	0.00966	0.00440	0.01113

[dist]
# distance from previous block
# <min> <max>
0	1

[block]
# block no. 16 follows, 19 sequences, length 9
# corresponding to MSA columns:
# 528-536
name=unknown_Q
#
# <colnr> <probs for GDERKNQSTAVLIFYWHMCP>
#	G	D	E	R	K	N	Q	S	T	A	V	L	I	F	Y	W	H	M	C	P
0	0.02317	0.01802	0.01891	0.01512	0.02126	0.06802	0.01174	0.03081	0.13910	0.11790	0.02391	0.02706	0.01916	0.07645	0.01148	0.00270	0.00787	0.00762	0.00686	0.35284
1	0.03392	0.02763	0.02663	0.02095	0.02773	0.11883	0.01705	0.51731	0.03962	0.05133	0.02036	0.02070	0.01467	0.01052	0.00882	0.00263	0.01077	0.00772	0.00831	0.01451
2	0.01124	0.00803	0.01077	0.01285	0.01352	0.00756	0.00890	0.01305	0.01747	0.02322	0.04912	0.62340	0.05842	0.02771	0.01151	0.00368	0.00549	0.07840	0.00830	0.00736
3	0.02088	0.07754	0.24934	0.03620	0.24281	0.02215	0.11103	0.05370	0.02081	0.02940	0.01785	0.02383	0.01442	0.00886	0.00890	0.00278	0.01198	0.02984	0.00453	0.01315
4	0.01888	0.10693	0.53034	0.02701	0.08739	0.02224	0.03085	0.02811	0.01895	0.02770	0.01577	0.01872	0.01159	0.00837	0.00826	0.00273	0.01265	0.00655	0.00384	0.01313
5	0.01479	0.01855	0.12640	0.02135	0.02625	0.01360	0.16912	0.01941	0.01848	0.02530	0.03547	0.39526	0.03907	0.01933	0.01070	0.00334	0.00916	0.01834	0.00655	0.00954
6	0.01202	0.00950	0.01471	0.01491	0.01637	0.00887	0.06717	0.01433	0.01800	0.02417	0.07953	0.57873	0.05608	0.02542	0.01128	0.00352	0.00612	0.02341	0.00802	0.00781
7	0.09242	0.02153	0.02782	0.19949	0.27417	0.11173	0.02226	0.02648	0.01998	0.02733	0.01878	0.02883	0.01650	0.01011	0.00879	0.00285	0.01117	0.06346	0.00483	0.01149
