[name]
unknown

[dist]
# distance from previous block
# <min> <max>
0	15

[block]
# block no. 0 follows, 25 sequences, length 16
# corresponding to MSA columns:
# 15-30
name=unknown_A
#
# <colnr> <probs for GDERKNQSTAVLIFYWHMCP>
#	G	D	E	R	K	N	Q	S	T	A	V	L	I	F	Y	W	H	M	C	P
0	0.02124	0.04667	0.01884	0.05608	0.02159	0.04631	0.01229	0.12712	0.16162	0.11052	0.07072	0.02886	0.02209	0.00997	0.00754	0.00223	0.00708	0.05280	0.00675	0.16968
1	0.06139	0.12236	0.33181	0.02001	0.05756	0.02097	0.02091	0.19165	0.02176	0.05895	0.01533	0.01681	0.01117	0.00785	0.00705	0.00230	0.00967	0.00592	0.00485	0.01167
2	0.02116	0.01801	0.02179	0.04026	0.12485	0.06103	0.04465	0.09138	0.22824	0.07714	0.02130	0.02192	0.01614	0.00833	0.00738	0.00218	0.00776	0.00707	0.00611	0.17331
3	0.02124	0.07083	0.04634	0.01407	0.01980	0.05595	0.01181	0.09853	0.11074	0.12279	0.06851	0.04777	0.02018	0.00905	0.00705	0.00198	0.00696	0.00727	0.00633	0.25280
4	0.02533	0.07348	0.02376	0.01876	0.02361	0.34149	0.06062	0.15790	0.09881	0.02720	0.02016	0.02104	0.05579	0.00912	0.00742	0.00220	0.01086	0.00683	0.00538	0.01024
5	0.24982	0.01915	0.04804	0.12136	0.08161	0.11268	0.04763	0.04975	0.05643	0.02795	0.05098	0.02427	0.01667	0.00913	0.00710	0.00247	0.00872	0.05191	0.00497	0.00936
6	0.01376	0.00867	0.01172	0.01231	0.03855	0.00789	0.00849	0.01624	0.01811	0.10723	0.23279	0.37371	0.05074	0.01839	0.00914	0.00272	0.00474	0.01646	0.00767	0.04069
7	0.01344	0.01101	0.01600	0.22953	0.02563	0.01277	0.01278	0.01731	0.05049	0.02286	0.22568	0.03594	0.03322	0.08240	0.03387	0.07435	0.08013	0.00968	0.00542	0.00748
8	0.01739	0.01788	0.02460	0.14365	0.02745	0.06606	0.04805	0.01996	0.01349	0.01918	0.01120	0.01762	0.01027	0.01183	0.02031	0.00312	0.50902	0.00680	0.00347	0.00863
9	0.01464	0.01378	0.02326	0.70887	0.05340	0.01723	0.02153	0.01981	0.01550	0.01981	0.01378	0.02067	0.01034	0.00775	0.00775	0.00258	0.01034	0.00689	0.00345	0.00861
10	0.02429	0.09229	0.02453	0.02170	0.09790	0.35927	0.04527	0.06915	0.08924	0.02300	0.01577	0.01936	0.01333	0.06087	0.00952	0.00253	0.01121	0.00633	0.00462	0.00983
11	0.01782	0.01458	0.01635	0.05726	0.07315	0.05907	0.01167	0.07983	0.14253	0.07624	0.13607	0.04054	0.18542	0.01254	0.00820	0.00242	0.00648	0.01049	0.00693	0.04241
12	0.22332	0.01817	0.02276	0.02941	0.33033	0.06742	0.01673	0.07543	0.01834	0.05619	0.01621	0.06292	0.01397	0.00850	0.00702	0.00237	0.00824	0.00707	0.00488	0.01073
13	0.06562	0.01712	0.02073	0.05907	0.05289	0.08155	0.05975	0.06606	0.10929	0.28537	0.02427	0.05511	0.01780	0.00949	0.00768	0.00239	0.00802	0.00796	0.00710	0.04274
14	0.05108	0.01524	0.02026	0.10239	0.02455	0.01681	0.07390	0.09835	0.15762	0.08437	0.02113	0.02307	0.01593	0.00922	0.00911	0.00241	0.07955	0.00739	0.13102	0.05661
15	0.02203	0.06022	0.09965	0.02576	0.08215	0.04667	0.24969	0.21420	0.06545	0.03198	0.01693	0.01945	0.01265	0.00780	0.00806	0.00242	0.01058	0.00754	0.00523	0.01156

[dist]
# distance from previous block
# <min> <max>
5	20

[block]
# block no. 1 follows, 25 sequences, length 7
# corresponding to MSA columns:
# 51-57
name=unknown_B
#
# <colnr> <probs for GDERKNQSTAVLIFYWHMCP>
#	G	D	E	R	K	N	Q	S	T	A	V	L	I	F	Y	W	H	M	C	P
0	0.22083	0.13545	0.16014	0.01471	0.02127	0.01883	0.01460	0.09405	0.04593	0.12113	0.06855	0.02020	0.01673	0.00853	0.00658	0.00230	0.00769	0.00628	0.00565	0.01055
1	0.08306	0.05839	0.04736	0.02309	0.17188	0.21121	0.01540	0.09264	0.02010	0.02606	0.05452	0.01909	0.01498	0.00923	0.00848	0.05103	0.00949	0.00621	0.00466	0.07312
2	0.06839	0.08546	0.12361	0.13000	0.02998	0.02101	0.09692	0.08884	0.01715	0.02500	0.01314	0.01740	0.01059	0.00902	0.01199	0.00260	0.19496	0.00646	0.00405	0.04342
3	0.06405	0.11632	0.04869	0.06283	0.06413	0.10118	0.01421	0.06588	0.10346	0.11452	0.02015	0.07729	0.01679	0.00981	0.00813	0.00233	0.04581	0.00759	0.00564	0.05120
4	0.05815	0.06058	0.17953	0.07907	0.10647	0.17948	0.01900	0.06328	0.01837	0.02431	0.01384	0.01711	0.01101	0.00831	0.00887	0.00235	0.08292	0.00592	0.05140	0.01005
5	0.01713	0.01832	0.12642	0.01752	0.07252	0.08506	0.01431	0.02078	0.01808	0.09777	0.13046	0.16679	0.07406	0.01407	0.00990	0.00265	0.06577	0.03320	0.00610	0.00909
6	0.06182	0.02048	0.11020	0.02192	0.05847	0.03953	0.16517	0.11062	0.06239	0.06234	0.05449	0.05849	0.01941	0.01033	0.00983	0.00264	0.07459	0.04138	0.00549	0.01042

[dist]
# distance from previous block
# <min> <max>
0	2

[block]
# block no. 2 follows, 25 sequences, length 19
# corresponding to MSA columns:
# 60-78
name=unknown_C
#
# <colnr> <probs for GDERKNQSTAVLIFYWHMCP>
#	G	D	E	R	K	N	Q	S	T	A	V	L	I	F	Y	W	H	M	C	P
0	0.01861	0.47867	0.17321	0.01493	0.02187	0.04314	0.01584	0.02252	0.01653	0.02073	0.06796	0.04451	0.01678	0.00827	0.00607	0.00196	0.00858	0.00602	0.00391	0.00988
1	0.01610	0.00978	0.01352	0.01267	0.01536	0.00903	0.03363	0.01933	0.04428	0.15515	0.08080	0.36516	0.03897	0.01962	0.04215	0.00323	0.00625	0.04314	0.00734	0.06452
2	0.01490	0.01382	0.06528	0.24943	0.08018	0.01316	0.01533	0.02021	0.06417	0.06767	0.07982	0.14144	0.11739	0.01287	0.00837	0.00263	0.00745	0.01126	0.00571	0.00893
3	0.01641	0.01935	0.09072	0.04717	0.06250	0.01827	0.31769	0.02124	0.01614	0.02263	0.01821	0.12238	0.01703	0.01076	0.01246	0.00283	0.16039	0.01006	0.00421	0.00955
4	0.01350	0.00813	0.01257	0.14022	0.01827	0.00873	0.00953	0.01224	0.01197	0.01594	0.06197	0.02554	0.01726	0.02255	0.02455	0.57413	0.00718	0.00730	0.00376	0.00463
5	0.01997	0.02382	0.12581	0.10972	0.22203	0.11740	0.12754	0.02582	0.04735	0.05117	0.01545	0.01913	0.01199	0.00774	0.00859	0.00243	0.04213	0.00695	0.00415	0.01082
6	0.01815	0.06990	0.12238	0.23593	0.24591	0.07016	0.02143	0.02472	0.07322	0.02321	0.01526	0.01922	0.01200	0.00761	0.00744	0.00237	0.00991	0.00656	0.00397	0.01065
7	0.01710	0.14577	0.02398	0.01688	0.01870	0.02175	0.01432	0.04694	0.01404	0.02043	0.01329	0.01912	0.01235	0.01910	0.12894	0.00441	0.39804	0.00659	0.04963	0.00863
8	0.01830	0.01066	0.01340	0.01234	0.01569	0.01013	0.01007	0.05245	0.05938	0.18895	0.17378	0.05725	0.15430	0.01581	0.00908	0.00276	0.00572	0.17264	0.00812	0.00916
9	0.01702	0.03008	0.35668	0.02849	0.07801	0.01875	0.30835	0.02463	0.01732	0.02473	0.01475	0.01860	0.01085	0.00696	0.00819	0.00252	0.01204	0.00734	0.00360	0.01106
10	0.01822	0.01823	0.04649	0.33604	0.25304	0.06752	0.05236	0.02294	0.01696	0.04648	0.01450	0.01965	0.01133	0.00771	0.00840	0.00247	0.03675	0.00686	0.00386	0.01018
11	0.01200	0.00804	0.01017	0.01026	0.01217	0.00729	0.00765	0.01462	0.01885	0.07212	0.28697	0.24059	0.18786	0.01888	0.00937	0.00275	0.00441	0.06085	0.00787	0.00729
12	0.01919	0.01842	0.03147	0.04759	0.67914	0.01842	0.02380	0.02380	0.01765	0.02533	0.01458	0.01919	0.01228	0.00691	0.00768	0.00230	0.00921	0.00691	0.00384	0.01228
13	0.10247	0.01286	0.04482	0.01263	0.01684	0.01146	0.01063	0.05607	0.04006	0.24508	0.18048	0.08191	0.07338	0.01321	0.00823	0.00257	0.00592	0.06360	0.00790	0.00988
14	0.05119	0.05150	0.25116	0.10208	0.34546	0.01857	0.02414	0.02359	0.01674	0.02467	0.01397	0.01785	0.01100	0.00715	0.00735	0.00236	0.00991	0.00629	0.00363	0.01138
15	0.01037	0.00755	0.00976	0.00994	0.01140	0.00694	0.00718	0.01318	0.01942	0.02683	0.43468	0.26685	0.10948	0.01876	0.00938	0.00267	0.00394	0.01670	0.00802	0.00694
16	0.00956	0.00713	0.00895	0.01033	0.01136	0.00651	0.00722	0.01119	0.01567	0.02026	0.05080	0.53667	0.19337	0.02306	0.00978	0.00305	0.00453	0.05697	0.00719	0.00640
17	0.01752	0.07548	0.42917	0.11949	0.06374	0.01834	0.06975	0.02476	0.01683	0.07187	0.01508	0.01791	0.01084	0.00746	0.00744	0.00242	0.01076	0.00624	0.00384	0.01106
18	0.01783	0.02099	0.07089	0.07727	0.03962	0.01968	0.53463	0.02403	0.01756	0.02403	0.01508	0.02041	0.01147	0.00717	0.01016	0.00266	0.06379	0.00867	0.00382	0.01023

[dist]
# distance from previous block
# <min> <max>
0	4

[block]
# block no. 3 follows, 25 sequences, length 19
# corresponding to MSA columns:
# 83-101
name=unknown_D
#
# <colnr> <probs for GDERKNQSTAVLIFYWHMCP>
#	G	D	E	R	K	N	Q	S	T	A	V	L	I	F	Y	W	H	M	C	P
0	0.00990	0.00705	0.00941	0.01114	0.01174	0.00667	0.00777	0.01148	0.01508	0.02004	0.04182	0.61705	0.04956	0.05088	0.01113	0.00337	0.00495	0.09751	0.00709	0.00634
1	0.13327	0.02366	0.04896	0.03757	0.04193	0.13028	0.01490	0.40452	0.02895	0.03965	0.01602	0.01701	0.01176	0.00861	0.00720	0.00230	0.00924	0.00622	0.00633	0.01162
2	0.04420	0.43099	0.27430	0.01663	0.02472	0.02538	0.01883	0.02353	0.01575	0.02111	0.01190	0.01403	0.00986	0.00717	0.00657	0.00203	0.03443	0.00482	0.00335	0.01039
3	0.01163	0.00789	0.00946	0.00970	0.01168	0.00696	0.00702	0.01368	0.01757	0.07668	0.14180	0.30924	0.30811	0.02003	0.00932	0.00277	0.00432	0.01745	0.00758	0.00711
4	0.00970	0.00700	0.00918	0.01048	0.01127	0.00649	0.00716	0.01148	0.01621	0.02181	0.15428	0.57705	0.08393	0.02261	0.00973	0.00300	0.00433	0.02039	0.00743	0.00649
5	0.01985	0.61514	0.15000	0.01476	0.02221	0.02854	0.01587	0.02344	0.01586	0.01931	0.01131	0.01310	0.00993	0.00676	0.00538	0.00179	0.00883	0.00441	0.00331	0.01021
6	0.01795	0.01765	0.02960	0.25832	0.41210	0.03795	0.06866	0.02280	0.01714	0.02333	0.01433	0.01964	0.01155	0.00718	0.00779	0.00241	0.00999	0.00701	0.00372	0.01087
7	0.03074	0.01506	0.06911	0.01423	0.02026	0.01200	0.01247	0.03521	0.05413	0.55185	0.07749	0.02810	0.02273	0.00994	0.00787	0.00242	0.00673	0.00815	0.00894	0.01258
8	0.00975	0.00711	0.00923	0.01064	0.01153	0.00659	0.00744	0.01151	0.01593	0.02108	0.09856	0.55637	0.11765	0.02291	0.00981	0.00306	0.00455	0.06250	0.00730	0.00647
9	0.02039	0.04573	0.01867	0.01676	0.06447	0.04197	0.01234	0.13371	0.32771	0.05148	0.03064	0.02968	0.08233	0.01054	0.00760	0.00241	0.00668	0.00858	0.07707	0.01123
10	0.01689	0.21916	0.52001	0.01981	0.03002	0.02129	0.02467	0.02421	0.01621	0.02292	0.01310	0.01535	0.00986	0.00718	0.00675	0.00225	0.01064	0.00532	0.00329	0.01107
11	0.02803	0.02167	0.02243	0.01738	0.02346	0.05638	0.01423	0.55011	0.05793	0.04493	0.01840	0.01858	0.01329	0.00901	0.00757	0.00223	0.00850	0.00676	0.00733	0.07179
12	0.01148	0.00808	0.01000	0.00985	0.01180	0.00735	0.00741	0.01428	0.01931	0.05167	0.35530	0.11916	0.21290	0.06014	0.01110	0.00294	0.00444	0.06791	0.00778	0.00710
13	0.01734	0.02431	0.19687	0.05523	0.03501	0.01894	0.33779	0.02516	0.07051	0.02473	0.01596	0.01990	0.01207	0.00762	0.00964	0.00256	0.06572	0.00777	0.00406	0.04879
14	0.02307	0.01705	0.01944	0.01553	0.04313	0.01658	0.01214	0.29124	0.04214	0.08622	0.02089	0.02134	0.04664	0.00842	0.00705	0.00190	0.00703	0.00664	0.00652	0.30703
15	0.01318	0.00983	0.01189	0.01098	0.01320	0.00938	0.00776	0.06283	0.01529	0.02140	0.02588	0.20802	0.02814	0.24788	0.11801	0.00541	0.00839	0.01186	0.00547	0.16521
16	0.02420	0.01869	0.01876	0.03997	0.02132	0.10470	0.01266	0.24705	0.12763	0.11404	0.07427	0.02668	0.04296	0.01259	0.04214	0.00285	0.00854	0.00805	0.04184	0.01108
17	0.01941	0.02017	0.02973	0.13637	0.03266	0.09475	0.21310	0.06976	0.07128	0.02411	0.01504	0.01957	0.01200	0.00927	0.01276	0.00273	0.19562	0.00752	0.00432	0.00982
18	0.04524	0.01691	0.01876	0.09773	0.05530	0.08846	0.01376	0.12556	0.06489	0.02623	0.02898	0.09508	0.13208	0.01290	0.01133	0.00267	0.13945	0.00982	0.00560	0.00924

[dist]
# distance from previous block
# <min> <max>
5	15

[block]
# block no. 4 follows, 25 sequences, length 69
# corresponding to MSA columns:
# 117-185
name=unknown_E
#
# <colnr> <probs for GDERKNQSTAVLIFYWHMCP>
#	G	D	E	R	K	N	Q	S	T	A	V	L	I	F	Y	W	H	M	C	P
0	0.04737	0.02101	0.10980	0.05606	0.09921	0.07503	0.05782	0.09352	0.05148	0.02681	0.01710	0.07063	0.01477	0.00908	0.00863	0.00226	0.05938	0.00738	0.00482	0.16785
1	0.02496	0.04394	0.02152	0.01802	0.07063	0.01934	0.01366	0.31654	0.09711	0.12194	0.02484	0.02454	0.06468	0.00987	0.00827	0.00232	0.03347	0.00769	0.00711	0.06954
2	0.10097	0.01926	0.02014	0.01647	0.02125	0.07443	0.01352	0.29998	0.04290	0.11817	0.01966	0.02376	0.01543	0.01033	0.00963	0.00250	0.09086	0.05303	0.00671	0.04099
3	0.07099	0.07411	0.02385	0.59972	0.04780	0.01837	0.01988	0.02031	0.01536	0.02077	0.01331	0.01939	0.01016	0.00762	0.00730	0.00249	0.00985	0.00646	0.00353	0.00871
4	0.02449	0.04482	0.02161	0.12677	0.02693	0.08197	0.01473	0.25575	0.16183	0.10252	0.02103	0.02172	0.01540	0.01088	0.03236	0.00275	0.00904	0.00719	0.00666	0.01154
5	0.01715	0.02019	0.08417	0.02623	0.03107	0.02034	0.33760	0.02182	0.01561	0.02228	0.01490	0.05482	0.01304	0.01010	0.01506	0.00292	0.27059	0.00868	0.00384	0.00959
6	0.01615	0.01513	0.02510	0.44309	0.24549	0.01731	0.02145	0.02175	0.04266	0.02220	0.01599	0.02357	0.01304	0.00822	0.00787	0.00254	0.00967	0.03502	0.00392	0.00984
7	0.01401	0.01347	0.07330	0.01916	0.11107	0.01134	0.01471	0.01869	0.04247	0.02386	0.03241	0.11960	0.03398	0.01664	0.00938	0.00301	0.00741	0.35463	0.00616	0.07471
8	0.01926	0.42759	0.24339	0.01924	0.08095	0.04935	0.01909	0.02397	0.01633	0.02087	0.01214	0.01431	0.01011	0.00694	0.00603	0.00198	0.00957	0.00491	0.00337	0.01059
9	0.10576	0.48535	0.03504	0.01560	0.02152	0.09603	0.06657	0.02387	0.01612	0.02073	0.01129	0.01355	0.00995	0.00718	0.00655	0.00194	0.04490	0.00479	0.00361	0.00965
10	0.78228	0.01499	0.01140	0.01020	0.01499	0.01739	0.00840	0.02279	0.01320	0.03479	0.01080	0.01260	0.00840	0.00720	0.00480	0.00240	0.00600	0.00420	0.00480	0.00840
11	0.01919	0.01842	0.03147	0.04759	0.67914	0.01842	0.02380	0.02380	0.01765	0.02533	0.01458	0.01919	0.01228	0.00691	0.00768	0.00230	0.00921	0.00691	0.00384	0.01228
12	0.01089	0.00792	0.01025	0.00967	0.01153	0.00728	0.00725	0.01447	0.02175	0.03063	0.64807	0.05867	0.10043	0.01602	0.00915	0.00245	0.00367	0.01413	0.00847	0.00728
13	0.01128	0.00752	0.00846	0.00846	0.00846	0.00752	0.00470	0.01128	0.01128	0.01503	0.02443	0.05074	0.02819	0.72751	0.03946	0.00752	0.00752	0.01128	0.00470	0.00470
14	0.01247	0.00936	0.01244	0.01355	0.03445	0.00929	0.01071	0.01733	0.06752	0.02620	0.23900	0.09009	0.08306	0.01843	0.00982	0.00305	0.00580	0.32222	0.00754	0.00768
15	0.02449	0.15166	0.24601	0.01697	0.02445	0.01800	0.01791	0.02931	0.01831	0.29418	0.01992	0.01983	0.01372	0.00862	0.00848	0.00236	0.06183	0.00637	0.00589	0.01168
16	0.01464	0.01378	0.02326	0.70887	0.05340	0.01723	0.02153	0.01981	0.01550	0.01981	0.01378	0.02067	0.01034	0.00775	0.00775	0.00258	0.01034	0.00689	0.00345	0.00861
17	0.02114	0.01347	0.01992	0.15530	0.08486	0.01284	0.04593	0.02509	0.01812	0.21349	0.02179	0.02694	0.01676	0.00885	0.00742	0.00221	0.00751	0.05357	0.07012	0.17466
18	0.02947	0.02172	0.02327	0.01784	0.02404	0.02404	0.01474	0.65329	0.03646	0.04887	0.01862	0.01862	0.01319	0.00931	0.00776	0.00233	0.00853	0.00698	0.00776	0.01319
19	0.00949	0.00706	0.00884	0.01011	0.01110	0.00642	0.00693	0.01111	0.01590	0.02077	0.09110	0.54226	0.18513	0.02276	0.00969	0.00299	0.00432	0.02032	0.00728	0.00642
20	0.00945	0.00675	0.00900	0.01080	0.01125	0.00630	0.00720	0.01080	0.01484	0.01979	0.04274	0.72245	0.05128	0.02429	0.00990	0.00315	0.00450	0.02204	0.00720	0.00630
21	0.02073	0.73217	0.04063	0.01327	0.01990	0.03068	0.01327	0.02322	0.01575	0.01824	0.01078	0.01244	0.00995	0.00663	0.00498	0.00166	0.00829	0.00415	0.00332	0.00995
22	0.01610	0.11367	0.61859	0.02116	0.03211	0.01935	0.02701	0.02441	0.01630	0.02388	0.01358	0.01595	0.00984	0.00729	0.00711	0.00237	0.01112	0.00556	0.00328	0.01130
23	0.00945	0.00675	0.00900	0.01080	0.01125	0.00630	0.00720	0.01080	0.01484	0.01979	0.04274	0.72245	0.05128	0.02429	0.00990	0.00315	0.00450	0.02204	0.00720	0.00630
24	0.01128	0.00752	0.00846	0.00846	0.00846	0.00752	0.00470	0.01128	0.01128	0.01503	0.02443	0.05074	0.02819	0.72751	0.03946	0.00752	0.00752	0.01128	0.00470	0.00470
25	0.01544	0.03894	0.66214	0.02181	0.03291	0.01767	0.02804	0.02424	0.01643	0.02450	0.01493	0.01902	0.01112	0.00789	0.00749	0.00250	0.01130	0.02892	0.00342	0.01130
26	0.00916	0.00785	0.00785	0.00785	0.01047	0.00655	0.00589	0.01113	0.01767	0.02095	0.07855	0.07462	0.67599	0.01964	0.00916	0.00262	0.00393	0.01636	0.00720	0.00655
27	0.02927	0.02783	0.02275	0.01870	0.02401	0.29390	0.01484	0.40351	0.03064	0.03687	0.01595	0.01676	0.01190	0.00878	0.00745	0.00219	0.01072	0.00618	0.00625	0.01150
28	0.01696	0.01696	0.02375	0.02036	0.02036	0.02375	0.01696	0.01866	0.01187	0.01866	0.01018	0.01696	0.01018	0.01357	0.02545	0.00339	0.71332	0.00679	0.00339	0.00848
29	0.00923	0.00786	0.00795	0.00792	0.01051	0.00657	0.00594	0.01126	0.01783	0.02132	0.10060	0.07400	0.65371	0.01950	0.00916	0.00261	0.00392	0.01628	0.00725	0.00657
30	0.01473	0.01390	0.02327	0.68351	0.05218	0.01747	0.02136	0.01977	0.01537	0.01977	0.01365	0.02054	0.01033	0.00797	0.00840	0.00261	0.03623	0.00689	0.00344	0.00861
31	0.01968	0.01685	0.01775	0.01586	0.02031	0.01947	0.01237	0.06464	0.64106	0.03306	0.03106	0.02853	0.02327	0.01047	0.00788	0.00262	0.00623	0.00870	0.00788	0.01231
32	0.00918	0.00780	0.00791	0.00800	0.01051	0.00653	0.00596	0.01111	0.01753	0.02089	0.07672	0.10759	0.64420	0.01987	0.00920	0.00265	0.00396	0.01665	0.00720	0.00653
33	0.01108	0.00831	0.01246	0.01246	0.01385	0.00969	0.00969	0.01385	0.01246	0.01800	0.02077	0.03046	0.01938	0.05815	0.69678	0.01246	0.02077	0.00831	0.00415	0.00692
34	0.01696	0.01696	0.02375	0.02036	0.02036	0.02375	0.01696	0.01866	0.01187	0.01866	0.01018	0.01696	0.01018	0.01357	0.02545	0.00339	0.71332	0.00679	0.00339	0.00848
35	0.01249	0.00892	0.01249	0.01428	0.01606	0.00892	0.01249	0.01606	0.01785	0.02320	0.04105	0.08746	0.04462	0.02142	0.01071	0.00357	0.00714	0.62695	0.00714	0.00714
36	0.01128	0.00752	0.00846	0.00846	0.00846	0.00752	0.00470	0.01128	0.01128	0.01503	0.02443	0.05074	0.02819	0.72751	0.03946	0.00752	0.00752	0.01128	0.00470	0.00470
37	0.00953	0.00778	0.00842	0.00844	0.01074	0.00667	0.00626	0.01178	0.01828	0.02281	0.19046	0.12028	0.51304	0.01926	0.00922	0.00262	0.00392	0.01634	0.00746	0.00667
38	0.03433	0.01393	0.01845	0.01414	0.02016	0.01248	0.01168	0.09062	0.02342	0.62994	0.02956	0.02572	0.01868	0.00957	0.00779	0.00239	0.00676	0.00773	0.00944	0.01319
39	0.01796	0.00948	0.01253	0.01088	0.01397	0.00850	0.00847	0.02136	0.02186	0.22431	0.46153	0.04921	0.07998	0.01414	0.00875	0.00243	0.00454	0.01227	0.00880	0.00903
40	0.00958	0.00681	0.00896	0.01062	0.01104	0.00639	0.00701	0.01083	0.01458	0.01943	0.04135	0.67178	0.04954	0.07734	0.01213	0.00348	0.00473	0.02123	0.00701	0.00618
41	0.01021	0.00713	0.00883	0.00995	0.01055	0.00676	0.00657	0.01143	0.01429	0.01914	0.03985	0.44936	0.08984	0.20574	0.01736	0.00420	0.00530	0.03986	0.03766	0.00597
42	0.00955	0.00743	0.00871	0.00949	0.01110	0.00659	0.00681	0.01145	0.01681	0.02132	0.10763	0.34709	0.34179	0.02138	0.00953	0.00287	0.00427	0.04234	0.00730	0.00652
43	0.01118	0.00748	0.00848	0.00858	0.00860	0.00745	0.00483	0.01125	0.01146	0.01528	0.02536	0.08493	0.02936	0.69172	0.03796	0.00729	0.00736	0.01182	0.00483	0.00478
44	0.01308	0.00860	0.00888	0.00847	0.01061	0.00829	0.00618	0.06226	0.01749	0.02514	0.04461	0.04888	0.26675	0.13166	0.01262	0.00309	0.00475	0.01130	0.30034	0.00700
45	0.00965	0.00729	0.00882	0.00985	0.01110	0.00660	0.00691	0.01132	0.01599	0.02051	0.07695	0.42310	0.25330	0.05784	0.01116	0.00319	0.00456	0.04835	0.00712	0.00638
46	0.02947	0.02172	0.02327	0.01784	0.02404	0.02404	0.01474	0.65329	0.03646	0.04887	0.01862	0.01862	0.01319	0.00931	0.00776	0.00233	0.00853	0.00698	0.00776	0.01319
47	0.01929	0.01666	0.01753	0.01578	0.02016	0.01929	0.01227	0.04120	0.66513	0.03243	0.03156	0.02893	0.02367	0.01052	0.00789	0.00263	0.00614	0.00877	0.00789	0.01227
48	0.00942	0.00685	0.00889	0.01053	0.01118	0.00632	0.00708	0.01083	0.01510	0.01990	0.04600	0.66333	0.10829	0.02387	0.00983	0.00310	0.00445	0.02152	0.00720	0.00632
49	0.03127	0.01315	0.01718	0.01355	0.01913	0.01184	0.01107	0.03613	0.08773	0.56764	0.03431	0.03029	0.06920	0.01045	0.00791	0.00244	0.00635	0.00854	0.00924	0.01260
50	0.01097	0.00793	0.01036	0.00975	0.01158	0.00732	0.00732	0.01463	0.02195	0.03109	0.67505	0.05792	0.07316	0.01585	0.00914	0.00244	0.00366	0.01402	0.00854	0.00732
51	0.02073	0.73217	0.04063	0.01327	0.01990	0.03068	0.01327	0.02322	0.01575	0.01824	0.01078	0.01244	0.00995	0.00663	0.00498	0.00166	0.00829	0.00415	0.00332	0.00995
52	0.01109	0.00824	0.01210	0.01210	0.01335	0.00949	0.00924	0.01361	0.01235	0.01773	0.02110	0.03231	0.02019	0.11923	0.63680	0.01201	0.01956	0.00858	0.00420	0.00672
53	0.00919	0.00777	0.00794	0.00808	0.01053	0.00653	0.00599	0.01110	0.01746	0.02086	0.07585	0.12349	0.62887	0.01999	0.00922	0.00266	0.00397	0.01679	0.00720	0.00653
54	0.02034	0.67997	0.08941	0.01393	0.02093	0.02972	0.01443	0.02332	0.01580	0.01872	0.01102	0.01273	0.00994	0.00669	0.00516	0.00172	0.00853	0.00427	0.00331	0.01006
55	0.01810	0.02132	0.06753	0.03136	0.03875	0.01986	0.58042	0.02436	0.01775	0.02436	0.01521	0.02045	0.01157	0.00710	0.01031	0.00267	0.06583	0.00885	0.00386	0.01035
56	0.78228	0.01499	0.01140	0.01020	0.01499	0.01739	0.00840	0.02279	0.01320	0.03479	0.01080	0.01260	0.00840	0.00720	0.00480	0.00240	0.00600	0.00420	0.00480	0.00840
57	0.01464	0.01378	0.02326	0.70887	0.05340	0.01723	0.02153	0.01981	0.01550	0.01981	0.01378	0.02067	0.01034	0.00775	0.00775	0.00258	0.01034	0.00689	0.00345	0.00861
58	0.00981	0.00683	0.00882	0.01041	0.01105	0.00638	0.00701	0.01135	0.01506	0.02052	0.04282	0.64527	0.07324	0.02297	0.00953	0.00303	0.00441	0.02071	0.06439	0.00638
59	0.01116	0.00822	0.01102	0.04506	0.01370	0.00782	0.00803	0.01489	0.02162	0.03052	0.64166	0.05604	0.06999	0.01544	0.00907	0.00245	0.00400	0.01366	0.00828	0.00738
60	0.00994	0.00727	0.00953	0.01085	0.01178	0.00660	0.00735	0.01145	0.01494	0.02020	0.04057	0.66952	0.04830	0.02290	0.00959	0.00300	0.00459	0.02073	0.00700	0.06389
61	0.01657	0.18348	0.50176	0.07170	0.03218	0.02061	0.02488	0.02392	0.01618	0.02287	0.01325	0.01587	0.00989	0.00724	0.00689	0.00230	0.01071	0.00548	0.00330	0.01093
62	0.01144	0.00795	0.00959	0.06105	0.01196	0.00819	0.00608	0.01189	0.01176	0.01562	0.02451	0.08069	0.02796	0.63987	0.03567	0.00694	0.00758	0.01146	0.00472	0.00507
63	0.05712	0.64432	0.03854	0.01569	0.06906	0.02912	0.01382	0.02324	0.01577	0.01957	0.01107	0.01295	0.01005	0.00668	0.00517	0.00174	0.00825	0.00436	0.00343	0.01005
64	0.01005	0.00735	0.00966	0.01098	0.01196	0.00670	0.00754	0.01164	0.01505	0.02033	0.04050	0.64633	0.04806	0.02280	0.00961	0.00301	0.00469	0.04283	0.00700	0.06392
65	0.00982	0.00695	0.00884	0.01019	0.01063	0.00656	0.00662	0.01091	0.01420	0.01884	0.04025	0.55713	0.07008	0.17152	0.01607	0.00404	0.00511	0.01957	0.00667	0.00597
66	0.01306	0.00903	0.01041	0.00996	0.01077	0.00936	0.00637	0.07967	0.01432	0.01923	0.02488	0.09595	0.02759	0.54238	0.08900	0.00705	0.00851	0.01138	0.00516	0.00591
67	0.01138	0.00803	0.01105	0.01105	0.01212	0.00895	0.00810	0.01351	0.01244	0.01806	0.02204	0.03550	0.02166	0.22461	0.47791	0.01041	0.01611	0.00898	0.06171	0.00638
68	0.03320	0.01354	0.01804	0.01377	0.01984	0.01177	0.01135	0.05835	0.02224	0.61247	0.02890	0.02534	0.01840	0.00930	0.00764	0.00230	0.00660	0.00753	0.00916	0.07027

[dist]
# distance from previous block
# <min> <max>
0	2

[block]
# block no. 5 follows, 25 sequences, length 15
# corresponding to MSA columns:
# 188-202
name=unknown_F
#
# <colnr> <probs for GDERKNQSTAVLIFYWHMCP>
#	G	D	E	R	K	N	Q	S	T	A	V	L	I	F	Y	W	H	M	C	P
0	0.01128	0.00752	0.00846	0.00846	0.00846	0.00752	0.00470	0.01128	0.01128	0.01503	0.02443	0.05074	0.02819	0.72751	0.03946	0.00752	0.00752	0.01128	0.00470	0.00470
1	0.64585	0.01478	0.01223	0.01043	0.01560	0.01614	0.00854	0.02221	0.01371	0.03309	0.01133	0.01322	0.00895	0.00694	0.00497	0.00218	0.00595	0.00427	0.00476	0.14488
2	0.01807	0.01826	0.02766	0.03503	0.38641	0.08749	0.10202	0.02197	0.01761	0.02344	0.02034	0.16582	0.02012	0.01061	0.00826	0.00249	0.00924	0.01016	0.00457	0.01044
3	0.00986	0.00702	0.00933	0.01104	0.01160	0.00664	0.00762	0.01137	0.01497	0.01990	0.04159	0.62056	0.04936	0.06124	0.01155	0.00342	0.00493	0.08464	0.00706	0.00630
4	0.34632	0.01603	0.01710	0.04343	0.02002	0.01847	0.03287	0.09107	0.13190	0.03168	0.01580	0.01785	0.01238	0.00933	0.00929	0.02798	0.09098	0.00600	0.00535	0.05614
5	0.01928	0.01581	0.01690	0.01478	0.01905	0.01768	0.01160	0.14458	0.42474	0.03419	0.10410	0.03436	0.08550	0.01170	0.00812	0.00255	0.00609	0.00970	0.00788	0.01138
6	0.01381	0.00978	0.01208	0.01106	0.01358	0.00968	0.00843	0.02068	0.13649	0.06855	0.52376	0.05096	0.06127	0.01455	0.00884	0.00247	0.00427	0.01273	0.00848	0.00853
7	0.01780	0.01268	0.01593	0.13678	0.02308	0.01366	0.01201	0.02757	0.24076	0.12663	0.13738	0.07876	0.09922	0.01255	0.00831	0.00259	0.00622	0.01074	0.00735	0.00999
8	0.01297	0.00779	0.01032	0.01056	0.01135	0.00773	0.00739	0.04472	0.01410	0.01915	0.04413	0.20209	0.05262	0.06055	0.02070	0.36642	0.00598	0.04664	0.04946	0.00533
9	0.02719	0.01199	0.01533	0.01230	0.01719	0.01068	0.00997	0.06235	0.02177	0.45202	0.08100	0.03681	0.13945	0.01175	0.00799	0.00240	0.00585	0.00966	0.05300	0.01128
10	0.01347	0.00673	0.01010	0.01010	0.01010	0.00673	0.00673	0.01010	0.01010	0.01347	0.01347	0.02357	0.01347	0.02694	0.03030	0.77441	0.00673	0.00673	0.00337	0.00337
11	0.04623	0.01779	0.01955	0.01875	0.02196	0.01602	0.01315	0.02758	0.10477	0.12900	0.07077	0.24705	0.10801	0.06849	0.01499	0.00496	0.00911	0.03736	0.01057	0.01388
12	0.02302	0.01607	0.01776	0.01734	0.01997	0.01379	0.01194	0.02190	0.02396	0.07592	0.21174	0.24767	0.18402	0.04598	0.01429	0.00474	0.00827	0.01814	0.01072	0.01278
13	0.01543	0.01392	0.01418	0.01529	0.01747	0.13133	0.01294	0.01872	0.01858	0.02245	0.03588	0.07438	0.03846	0.01903	0.01005	0.00329	0.00836	0.51621	0.00658	0.00747
14	0.01204	0.00860	0.00984	0.00911	0.01036	0.00796	0.00562	0.01272	0.01230	0.01708	0.02341	0.07680	0.02632	0.56524	0.03204	0.00617	0.00706	0.01060	0.00480	0.14192

[dist]
# distance from previous block
# <min> <max>
0	14

[block]
# block no. 6 follows, 25 sequences, length 16
# corresponding to MSA columns:
# 217-232
name=unknown_G
#
# <colnr> <probs for GDERKNQSTAVLIFYWHMCP>
#	G	D	E	R	K	N	Q	S	T	A	V	L	I	F	Y	W	H	M	C	P
0	0.07671	0.01234	0.01363	0.01188	0.01543	0.01252	0.00925	0.16104	0.05077	0.09689	0.15694	0.10910	0.18342	0.04336	0.00961	0.00273	0.00564	0.01204	0.00755	0.00914
1	0.01270	0.00996	0.01347	0.01312	0.01510	0.01159	0.01020	0.01927	0.14188	0.02086	0.02291	0.03016	0.02023	0.04871	0.56018	0.01051	0.01787	0.00840	0.00489	0.00798
2	0.02105	0.01704	0.01816	0.01591	0.02056	0.01944	0.01250	0.10617	0.56984	0.06299	0.03014	0.02772	0.02236	0.01035	0.00787	0.00259	0.00641	0.00853	0.00795	0.01241
3	0.00939	0.00697	0.00877	0.01021	0.01109	0.00635	0.00694	0.01086	0.01541	0.02002	0.04984	0.59399	0.17515	0.02337	0.00975	0.00304	0.00439	0.02092	0.00720	0.00635
4	0.01560	0.00876	0.01061	0.01038	0.01228	0.00839	0.00744	0.05024	0.01719	0.12025	0.05603	0.29793	0.05211	0.11532	0.01256	0.00327	0.00520	0.01399	0.17476	0.00769
5	0.18419	0.00928	0.01020	0.00997	0.01223	0.00934	0.00746	0.01553	0.01836	0.02918	0.37031	0.18032	0.08441	0.01577	0.00832	0.00258	0.00436	0.01352	0.00736	0.00732
6	0.01608	0.01378	0.01608	0.01148	0.01837	0.01034	0.00919	0.01952	0.01608	0.02527	0.01378	0.01608	0.01148	0.00574	0.00574	0.00115	0.00574	0.00459	0.00459	0.77491
7	0.16401	0.00959	0.01204	0.01180	0.01379	0.01111	0.00917	0.01548	0.01254	0.02117	0.01898	0.02798	0.01767	0.08316	0.52509	0.01021	0.01714	0.00765	0.00431	0.00710
8	0.01257	0.01018	0.01522	0.01499	0.04801	0.01140	0.03868	0.01544	0.01496	0.02166	0.15001	0.06255	0.03012	0.07879	0.31800	0.00733	0.09706	0.00993	0.03564	0.00746
9	0.01909	0.01262	0.01475	0.01237	0.01685	0.01196	0.00971	0.05110	0.16596	0.16133	0.12490	0.06709	0.12500	0.01205	0.00789	0.00227	0.00550	0.01013	0.00753	0.16191
10	0.00993	0.00699	0.00903	0.01047	0.01089	0.00664	0.00691	0.01110	0.01426	0.01899	0.03904	0.56390	0.04644	0.16362	0.01579	0.00403	0.00520	0.04406	0.00670	0.00601
11	0.01924	0.03858	0.06063	0.09386	0.02384	0.14961	0.04177	0.09024	0.06298	0.04753	0.14532	0.07259	0.02844	0.01141	0.00801	0.00243	0.00849	0.04144	0.04427	0.00932
12	0.01208	0.00915	0.01266	0.01172	0.01308	0.00891	0.06240	0.04113	0.01523	0.02042	0.09048	0.23311	0.06281	0.34528	0.02327	0.00499	0.00672	0.01432	0.00591	0.00633
13	0.01399	0.00813	0.01129	0.01038	0.01174	0.00745	0.00722	0.01197	0.01129	0.01581	0.01353	0.02208	0.01307	0.02273	0.02543	0.62108	0.00654	0.00631	0.00361	0.15635
14	0.47426	0.01621	0.01552	0.04251	0.01937	0.01805	0.01082	0.16740	0.01982	0.12830	0.01547	0.01624	0.01108	0.00803	0.00601	0.00239	0.00684	0.00545	0.00608	0.01016
15	0.10722	0.05191	0.06932	0.01621	0.02250	0.03835	0.01417	0.33621	0.04757	0.19010	0.02011	0.01955	0.01393	0.00890	0.00729	0.00233	0.00809	0.00667	0.00726	0.01228

[dist]
# distance from previous block
# <min> <max>
5	9

[block]
# block no. 7 follows, 25 sequences, length 74
# corresponding to MSA columns:
# 243-316
name=unknown_H
#
# <colnr> <probs for GDERKNQSTAVLIFYWHMCP>
#	G	D	E	R	K	N	Q	S	T	A	V	L	I	F	Y	W	H	M	C	P
0	0.01841	0.01814	0.02887	0.21025	0.44150	0.05293	0.04464	0.02305	0.01730	0.02360	0.01426	0.01924	0.01163	0.00712	0.00764	0.00233	0.00975	0.00680	0.00378	0.03876
1	0.06756	0.01001	0.01241	0.08383	0.01786	0.01070	0.01015	0.01827	0.12392	0.02341	0.03674	0.38811	0.06208	0.01856	0.00904	0.00298	0.00575	0.08410	0.00675	0.00779
2	0.31353	0.01316	0.04023	0.01123	0.01518	0.01290	0.00931	0.05398	0.01765	0.11261	0.13141	0.11193	0.02747	0.01138	0.00686	0.00244	0.00561	0.00903	0.08530	0.00881
3	0.01169	0.00802	0.01148	0.01173	0.01314	0.00742	0.03632	0.01387	0.01699	0.06211	0.17919	0.50410	0.05239	0.02077	0.00957	0.00292	0.00482	0.01886	0.00749	0.00712
4	0.02654	0.02048	0.02119	0.01694	0.02245	0.04742	0.01375	0.46866	0.16674	0.04326	0.02143	0.02114	0.01561	0.00950	0.00763	0.00235	0.00798	0.00729	0.04711	0.01253
5	0.01126	0.00755	0.00987	0.01041	0.01176	0.00693	0.00738	0.01354	0.01786	0.05789	0.26445	0.41672	0.09448	0.02032	0.00948	0.00283	0.00428	0.01818	0.00779	0.00702
6	0.49148	0.01466	0.01358	0.01150	0.01639	0.01597	0.00941	0.09149	0.01793	0.14936	0.05267	0.02119	0.04866	0.00893	0.00609	0.00240	0.00615	0.00626	0.00627	0.00960
7	0.02143	0.01356	0.01568	0.01380	0.01785	0.01434	0.01080	0.03377	0.34038	0.19883	0.08753	0.05763	0.02847	0.03844	0.00920	0.00274	0.00594	0.03048	0.04797	0.01115
8	0.53034	0.01430	0.01327	0.01130	0.01627	0.01550	0.00926	0.02697	0.03949	0.20144	0.04445	0.01863	0.01444	0.00830	0.00586	0.00241	0.00606	0.00570	0.00630	0.00972
9	0.00972	0.00708	0.00906	0.01022	0.01111	0.00653	0.00698	0.01144	0.01613	0.02150	0.14396	0.52357	0.12340	0.04747	0.01075	0.00314	0.00441	0.01979	0.00732	0.00643
10	0.01279	0.00931	0.01085	0.01018	0.01287	0.00856	0.00766	0.04234	0.05261	0.06026	0.23454	0.16064	0.27513	0.01714	0.00890	0.00255	0.00448	0.01474	0.00764	0.04681
11	0.00963	0.00685	0.00906	0.01068	0.01112	0.00649	0.00709	0.01092	0.01451	0.01939	0.04072	0.65214	0.04862	0.07669	0.03315	0.00375	0.00522	0.02083	0.00692	0.00620
12	0.09798	0.01296	0.01434	0.01239	0.01621	0.01348	0.00988	0.17914	0.04234	0.14298	0.05324	0.10569	0.02406	0.01167	0.00734	0.00239	0.00593	0.04052	0.19759	0.00987
13	0.02735	0.01178	0.01566	0.01261	0.01738	0.01043	0.01018	0.03105	0.04196	0.47506	0.18998	0.03632	0.06193	0.01160	0.00819	0.00243	0.00575	0.00973	0.00918	0.01143
14	0.01686	0.00905	0.01150	0.01056	0.01337	0.00806	0.00802	0.01957	0.01953	0.20099	0.23531	0.18193	0.16338	0.01620	0.00875	0.00257	0.00465	0.01403	0.04714	0.00853
15	0.01796	0.02329	0.12512	0.03137	0.03966	0.01941	0.57399	0.02480	0.01806	0.02480	0.01547	0.02035	0.01152	0.00664	0.00893	0.00259	0.01287	0.00873	0.00384	0.01058
16	0.01938	0.01326	0.01539	0.01393	0.01780	0.01402	0.01118	0.06247	0.28396	0.13930	0.07836	0.04447	0.10093	0.01505	0.03199	0.00305	0.00660	0.11047	0.00788	0.01051
17	0.05994	0.01154	0.01267	0.01089	0.01432	0.01198	0.00866	0.15117	0.02083	0.12735	0.02361	0.02570	0.01777	0.01262	0.05607	0.00280	0.00641	0.00718	0.40914	0.00935
18	0.01164	0.00820	0.01042	0.01004	0.01214	0.00749	0.00775	0.01498	0.02082	0.05082	0.48830	0.06267	0.16894	0.01684	0.00926	0.00258	0.00416	0.07735	0.00820	0.00737
19	0.00945	0.00675	0.00900	0.01080	0.01125	0.00630	0.00720	0.01080	0.01484	0.01979	0.04274	0.72245	0.05128	0.02429	0.00990	0.00315	0.00450	0.02204	0.00720	0.00630
20	0.73272	0.01447	0.01124	0.01023	0.01475	0.01668	0.00832	0.02202	0.01330	0.03383	0.01284	0.05811	0.01115	0.00829	0.00513	0.00245	0.00590	0.00534	0.00495	0.00826
21	0.01219	0.00857	0.01186	0.01156	0.01330	0.00832	0.02760	0.01471	0.01740	0.06572	0.22446	0.29614	0.11377	0.02329	0.08643	0.00387	0.03052	0.01578	0.00717	0.00733
22	0.01133	0.00755	0.00877	0.00884	0.00905	0.00765	0.00525	0.01177	0.01171	0.01604	0.02480	0.07206	0.02790	0.61439	0.09385	0.00755	0.00839	0.01123	0.03681	0.00505
23	0.01608	0.01378	0.01608	0.01148	0.01837	0.01034	0.00919	0.01952	0.01608	0.02527	0.01378	0.01608	0.01148	0.00574	0.00574	0.00115	0.00574	0.00459	0.00459	0.77491
24	0.01005	0.00789	0.00908	0.00878	0.01102	0.00692	0.00659	0.01284	0.01976	0.02591	0.37015	0.06645	0.38129	0.01779	0.00915	0.00253	0.00380	0.01522	0.00785	0.00692
25	0.01218	0.00984	0.01422	0.01359	0.01460	0.01211	0.01062	0.01452	0.01226	0.01788	0.01912	0.02963	0.01841	0.10479	0.51908	0.01038	0.14743	0.00827	0.00406	0.00703
26	0.01234	0.00940	0.01156	0.01100	0.01328	0.00933	0.00847	0.01883	0.12432	0.03012	0.48794	0.05663	0.09375	0.01566	0.00908	0.00257	0.00436	0.06505	0.00825	0.00805
27	0.01079	0.00792	0.01011	0.00957	0.01147	0.00724	0.00717	0.01428	0.02152	0.03008	0.61560	0.05958	0.13324	0.01623	0.00915	0.00246	0.00368	0.01426	0.00840	0.00724
28	0.01037	0.00761	0.00950	0.00959	0.01108	0.00698	0.00685	0.01294	0.01880	0.02563	0.38494	0.21065	0.15994	0.07567	0.01176	0.00304	0.00420	0.01599	0.00771	0.00675
29	0.01729	0.06873	0.02686	0.07511	0.02501	0.04151	0.08751	0.01991	0.01346	0.01939	0.01161	0.01785	0.01073	0.01354	0.04838	0.00346	0.48051	0.00688	0.00350	0.00877
30	0.01616	0.01610	0.01880	0.01701	0.01814	0.11029	0.01366	0.01834	0.01351	0.01843	0.01484	0.02218	0.01399	0.03139	0.30282	0.00698	0.32850	0.00717	0.00379	0.00790
31	0.01887	0.02096	0.04461	0.03192	0.03968	0.01983	0.61855	0.05687	0.01923	0.02606	0.01584	0.02080	0.01184	0.00668	0.00908	0.00260	0.01284	0.00904	0.00412	0.01060
32	0.00945	0.00675	0.00900	0.01080	0.01125	0.00630	0.00720	0.01080	0.01484	0.01979	0.04274	0.72245	0.05128	0.02429	0.00990	0.00315	0.00450	0.02204	0.00720	0.00630
33	0.01608	0.01378	0.01608	0.01148	0.01837	0.01034	0.00919	0.01952	0.01608	0.02527	0.01378	0.01608	0.01148	0.00574	0.00574	0.00115	0.00574	0.00459	0.00459	0.77491
34	0.01705	0.01375	0.01618	0.01160	0.01845	0.01039	0.00930	0.02048	0.01640	0.05963	0.01466	0.01662	0.01189	0.00594	0.00585	0.00121	0.00579	0.00476	0.00485	0.73520
35	0.03479	0.01320	0.01799	0.01380	0.01979	0.01140	0.01140	0.03779	0.02219	0.68451	0.03059	0.02639	0.01919	0.00960	0.00780	0.00240	0.00660	0.00780	0.00960	0.01320
36	0.02947	0.02172	0.02327	0.01784	0.02404	0.02404	0.01474	0.65329	0.03646	0.04887	0.01862	0.01862	0.01319	0.00931	0.00776	0.00233	0.00853	0.00698	0.00776	0.01319
37	0.01464	0.01378	0.02326	0.70887	0.05340	0.01723	0.02153	0.01981	0.01550	0.01981	0.01378	0.02067	0.01034	0.00775	0.00775	0.00258	0.01034	0.00689	0.00345	0.00861
38	0.01128	0.00752	0.00846	0.00846	0.00846	0.00752	0.00470	0.01128	0.01128	0.01503	0.02443	0.05074	0.02819	0.72751	0.03946	0.00752	0.00752	0.01128	0.00470	0.00470
39	0.00916	0.00785	0.00785	0.00785	0.01047	0.00655	0.00589	0.01113	0.01767	0.02095	0.07855	0.07462	0.67599	0.01964	0.00916	0.00262	0.00393	0.01636	0.00720	0.00655
40	0.01041	0.00795	0.00958	0.00929	0.01139	0.00712	0.00705	0.01347	0.02026	0.02718	0.43739	0.06510	0.28336	0.01743	0.00922	0.00255	0.00391	0.04231	0.00800	0.00704
41	0.01088	0.00820	0.00861	0.00832	0.01112	0.00689	0.00630	0.01299	0.01814	0.06392	0.10084	0.07082	0.60825	0.01883	0.00908	0.00260	0.00409	0.01572	0.00741	0.00700
42	0.00945	0.00675	0.00900	0.01080	0.01125	0.00630	0.00720	0.01080	0.01484	0.01979	0.04274	0.72245	0.05128	0.02429	0.00990	0.00315	0.00450	0.02204	0.00720	0.00630
43	0.01555	0.04011	0.68733	0.02210	0.03356	0.01801	0.02865	0.02455	0.01637	0.02455	0.01391	0.01637	0.00982	0.00737	0.00737	0.00246	0.01146	0.00573	0.00327	0.01146
44	0.01830	0.02092	0.04575	0.03268	0.04052	0.01961	0.65098	0.02484	0.01830	0.02484	0.01569	0.02092	0.01176	0.00654	0.00915	0.00261	0.01307	0.00915	0.00392	0.01046
45	0.00926	0.00786	0.00799	0.00795	0.01053	0.00659	0.00597	0.01131	0.01790	0.02147	0.10964	0.07375	0.64457	0.01944	0.00916	0.00261	0.00391	0.01624	0.00727	0.00659
46	0.01464	0.01378	0.02326	0.70887	0.05340	0.01723	0.02153	0.01981	0.01550	0.01981	0.01378	0.02067	0.01034	0.00775	0.00775	0.00258	0.01034	0.00689	0.00345	0.00861
47	0.01128	0.00752	0.00846	0.00846	0.00846	0.00752	0.00470	0.01128	0.01128	0.01503	0.02443	0.05074	0.02819	0.72751	0.03946	0.00752	0.00752	0.01128	0.00470	0.00470
48	0.01049	0.00802	0.01188	0.01239	0.01362	0.00753	0.04974	0.01268	0.01628	0.02193	0.12524	0.53295	0.05104	0.02176	0.00982	0.00306	0.00517	0.07247	0.00716	0.00678
49	0.01249	0.00892	0.01249	0.01428	0.01606	0.00892	0.01249	0.01606	0.01785	0.02320	0.04105	0.08746	0.04462	0.02142	0.01071	0.00357	0.00714	0.62695	0.00714	0.00714
50	0.01919	0.01842	0.03147	0.04759	0.67914	0.01842	0.02380	0.02380	0.01765	0.02533	0.01458	0.01919	0.01228	0.00691	0.00768	0.00230	0.00921	0.00691	0.00384	0.01228
51	0.02743	0.02023	0.02177	0.01721	0.02300	0.02245	0.01405	0.49117	0.17587	0.07185	0.02200	0.02124	0.01577	0.00959	0.00779	0.00240	0.00792	0.00741	0.00786	0.01298
52	0.01108	0.00831	0.01246	0.01246	0.01385	0.00969	0.00969	0.01385	0.01246	0.01800	0.02077	0.03046	0.01938	0.05815	0.69678	0.01246	0.02077	0.00831	0.00415	0.00692
53	0.02947	0.02172	0.02327	0.01784	0.02404	0.02404	0.01474	0.65329	0.03646	0.04887	0.01862	0.01862	0.01319	0.00931	0.00776	0.00233	0.00853	0.00698	0.00776	0.01319
54	0.01126	0.00756	0.00870	0.00870	0.00878	0.00765	0.00500	0.01143	0.01135	0.01521	0.02421	0.04953	0.02766	0.68762	0.07864	0.00781	0.00831	0.01110	0.00467	0.00483
55	0.00961	0.00795	0.00849	0.00872	0.01116	0.00683	0.00672	0.01179	0.01776	0.02152	0.09399	0.09360	0.56669	0.01984	0.00936	0.00273	0.00430	0.08506	0.00724	0.00663
56	0.01464	0.01378	0.02326	0.70887	0.05340	0.01723	0.02153	0.01981	0.01550	0.01981	0.01378	0.02067	0.01034	0.00775	0.00775	0.00258	0.01034	0.00689	0.00345	0.00861
57	0.01555	0.04011	0.68733	0.02210	0.03356	0.01801	0.02865	0.02455	0.01637	0.02455	0.01391	0.01637	0.00982	0.00737	0.00737	0.00246	0.01146	0.00573	0.00327	0.01146
58	0.02197	0.02120	0.01872	0.01663	0.02099	0.16806	0.01288	0.09249	0.44065	0.03089	0.05307	0.02594	0.02180	0.01008	0.00773	0.00246	0.00797	0.00800	0.00705	0.01142
59	0.04327	0.01101	0.01385	0.01188	0.01551	0.01051	0.00934	0.02598	0.10419	0.24847	0.35838	0.04236	0.04693	0.01283	0.00840	0.00245	0.00502	0.01098	0.00869	0.00994
60	0.01648	0.01310	0.01554	0.01141	0.01769	0.01005	0.00909	0.01992	0.01705	0.06002	0.08826	0.02127	0.01875	0.00707	0.00623	0.00136	0.00555	0.00581	0.00529	0.65006
61	0.01902	0.01372	0.08801	0.01281	0.01702	0.01061	0.01125	0.06270	0.02184	0.20806	0.34196	0.08746	0.04618	0.01337	0.00854	0.00247	0.00569	0.01151	0.00810	0.00968
62	0.01113	0.00816	0.00927	0.00883	0.01135	0.00707	0.00668	0.01375	0.01942	0.05887	0.28713	0.06621	0.42871	0.01778	0.00909	0.00254	0.00397	0.01509	0.00780	0.00716
63	0.01053	0.00785	0.01001	0.01123	0.01276	0.00734	0.00874	0.01293	0.01697	0.02186	0.08380	0.30301	0.20622	0.02168	0.00996	0.00313	0.00524	0.23278	0.00725	0.00671
64	0.02090	0.04810	0.02978	0.11176	0.39839	0.13010	0.06138	0.06209	0.01922	0.02479	0.01424	0.01832	0.01163	0.00729	0.00757	0.00228	0.01029	0.00664	0.00404	0.01119
65	0.02528	0.02934	0.05696	0.02150	0.07091	0.39513	0.01631	0.05507	0.05861	0.05565	0.01436	0.01670	0.01160	0.00911	0.01030	0.00235	0.13053	0.00592	0.00452	0.00986
66	0.01935	0.01552	0.02136	0.02550	0.24990	0.01557	0.01533	0.02855	0.20910	0.09360	0.05253	0.02884	0.04964	0.00954	0.00773	0.00232	0.00704	0.02943	0.00617	0.11298
67	0.01782	0.01428	0.01647	0.01246	0.01869	0.01212	0.00991	0.06037	0.09635	0.05685	0.01821	0.04829	0.01510	0.00750	0.00639	0.00154	0.00594	0.00613	0.00552	0.57007
68	0.02032	0.01968	0.03265	0.06103	0.46207	0.06172	0.14255	0.02506	0.01823	0.05875	0.01543	0.01960	0.01233	0.00707	0.00792	0.00236	0.01015	0.00726	0.00415	0.01166
69	0.05687	0.02959	0.37572	0.02993	0.24407	0.01787	0.05689	0.02401	0.01671	0.02539	0.01406	0.01732	0.01072	0.00710	0.00736	0.00235	0.01028	0.00616	0.00363	0.04398
70	0.74272	0.01463	0.01134	0.01017	0.01482	0.01688	0.00834	0.02237	0.01364	0.03460	0.04486	0.01492	0.01172	0.00764	0.00502	0.00240	0.00588	0.00470	0.00499	0.00834
71	0.01548	0.03800	0.64373	0.02115	0.03199	0.01732	0.02716	0.02414	0.01636	0.02483	0.01464	0.01717	0.01047	0.00747	0.00724	0.00241	0.01096	0.00583	0.05247	0.01119
