[name]
unknown

[dist]
# distance from previous block
# <min> <max>
0	31

[block]
# block no. 0 follows, 22 sequences, length 10
# corresponding to MSA columns:
# 31-40
name=unknown_A
#
# <colnr> <probs for GDERKNQSTAVLIFYWHMCP>
#	G	D	E	R	K	N	Q	S	T	A	V	L	I	F	Y	W	H	M	C	P
0	0.01451	0.01115	0.01656	0.02087	0.11692	0.01115	0.01528	0.01850	0.01909	0.02522	0.03956	0.08229	0.04240	0.02052	0.01097	0.00361	0.00800	0.50779	0.00710	0.00851
1	0.02945	0.02138	0.02458	0.12322	0.03039	0.02378	0.01670	0.49723	0.03461	0.08537	0.01993	0.02081	0.01405	0.00973	0.00831	0.00254	0.00931	0.00752	0.00771	0.01336
2	0.05809	0.02106	0.02823	0.24826	0.33399	0.12147	0.02242	0.02527	0.01866	0.02469	0.01471	0.01984	0.01190	0.00789	0.00798	0.00252	0.01088	0.00693	0.00406	0.01114
3	0.02092	0.39250	0.20644	0.02283	0.12450	0.05959	0.02045	0.02577	0.01771	0.02257	0.01314	0.01566	0.01102	0.00744	0.00657	0.00213	0.01025	0.00540	0.00367	0.01143
4	0.02153	0.01828	0.01927	0.01708	0.02193	0.02107	0.01336	0.09073	0.59321	0.03616	0.03271	0.03011	0.02446	0.01117	0.00844	0.00279	0.00678	0.00924	0.00844	0.01323
5	0.01208	0.00805	0.00906	0.00906	0.00906	0.00805	0.00503	0.01208	0.01208	0.01611	0.02618	0.05436	0.03020	0.70804	0.04228	0.00805	0.00805	0.01208	0.00503	0.00503
6	0.02272	0.01420	0.01737	0.01310	0.01959	0.01162	0.01052	0.02732	0.05211	0.21155	0.07661	0.02505	0.02114	0.00856	0.00723	0.00182	0.00624	0.00703	0.00702	0.43920
7	0.01207	0.00812	0.00938	0.00938	0.00949	0.00823	0.00543	0.01229	0.01218	0.01635	0.02588	0.05274	0.02950	0.65978	0.08958	0.00845	0.00912	0.01184	0.00499	0.00521
8	0.02379	0.01940	0.02055	0.01754	0.02279	0.02212	0.01391	0.21162	0.46864	0.03980	0.02984	0.02783	0.02214	0.01090	0.00841	0.00272	0.00731	0.00884	0.00841	0.01343
9	0.03158	0.02327	0.02493	0.01911	0.02576	0.02576	0.01579	0.62852	0.03906	0.05236	0.01995	0.01995	0.01413	0.00997	0.00831	0.00249	0.00914	0.00748	0.00831	0.01413

[dist]
# distance from previous block
# <min> <max>
0	2

[block]
# block no. 1 follows, 22 sequences, length 38
# corresponding to MSA columns:
# 43-80
name=unknown_B
#
# <colnr> <probs for GDERKNQSTAVLIFYWHMCP>
#	G	D	E	R	K	N	Q	S	T	A	V	L	I	F	Y	W	H	M	C	P
0	0.03025	0.01630	0.01951	0.01595	0.02171	0.01658	0.01285	0.08607	0.27016	0.36710	0.03222	0.02873	0.02199	0.01065	0.00839	0.00266	0.00703	0.00870	0.00941	0.01374
1	0.02963	0.02230	0.02383	0.01872	0.02502	0.02485	0.01532	0.52401	0.14675	0.04921	0.02243	0.02192	0.01614	0.01020	0.00834	0.00255	0.00868	0.00782	0.00834	0.01395
2	0.01012	0.00723	0.00964	0.01157	0.01205	0.00675	0.00771	0.01157	0.01591	0.02121	0.04579	0.70262	0.05495	0.02603	0.01060	0.00337	0.00482	0.02362	0.00771	0.00675
3	0.01569	0.01477	0.02492	0.68808	0.05722	0.01846	0.02307	0.02123	0.01661	0.02123	0.01477	0.02215	0.01107	0.00831	0.00831	0.00277	0.01107	0.00738	0.00369	0.00923
4	0.03186	0.02282	0.02465	0.01890	0.02554	0.02510	0.01561	0.59958	0.03831	0.08236	0.02058	0.02036	0.01444	0.00999	0.00831	0.00250	0.00904	0.00752	0.00841	0.01413
5	0.01033	0.00732	0.00958	0.01130	0.01174	0.00688	0.00743	0.01162	0.01550	0.02067	0.04373	0.63450	0.05234	0.09770	0.01393	0.00387	0.00516	0.02240	0.00743	0.00657
6	0.01569	0.01477	0.02492	0.68808	0.05722	0.01846	0.02307	0.02123	0.01661	0.02123	0.01477	0.02215	0.01107	0.00831	0.00831	0.00277	0.01107	0.00738	0.00369	0.00923
7	0.01028	0.00734	0.00982	0.01174	0.01229	0.00688	0.00798	0.01183	0.01606	0.02138	0.04570	0.67389	0.05461	0.02588	0.01064	0.00340	0.00495	0.05083	0.00771	0.00679
8	0.01728	0.06612	0.55755	0.02485	0.03640	0.02005	0.11066	0.02629	0.01779	0.02609	0.01504	0.01804	0.01081	0.00774	0.00805	0.00262	0.01238	0.00657	0.00360	0.01207
9	0.01920	0.02161	0.04649	0.10358	0.04487	0.02074	0.56275	0.02605	0.01929	0.02605	0.01659	0.02238	0.01244	0.00714	0.00965	0.00280	0.01370	0.00955	0.00415	0.01100
10	0.01770	0.06453	0.59102	0.02360	0.03531	0.01962	0.05879	0.02675	0.01783	0.04757	0.01549	0.01799	0.01097	0.00790	0.00791	0.00261	0.01207	0.00633	0.00377	0.01223
11	0.01254	0.01003	0.01435	0.01396	0.01492	0.01085	0.04234	0.01436	0.01501	0.02063	0.05480	0.31320	0.03849	0.17853	0.08206	0.00535	0.10092	0.04447	0.00612	0.00707
12	0.01832	0.02035	0.04369	0.03184	0.03917	0.01908	0.54233	0.02457	0.01911	0.02588	0.02073	0.11450	0.01834	0.00958	0.00991	0.00288	0.01276	0.01167	0.00468	0.01060
13	0.02014	0.46313	0.27531	0.01774	0.02678	0.02781	0.02036	0.02541	0.01713	0.02207	0.01280	0.01490	0.01061	0.00740	0.00629	0.00210	0.01015	0.00507	0.00354	0.01126
14	0.01443	0.00722	0.01082	0.01082	0.01082	0.00722	0.00722	0.01082	0.01082	0.01443	0.01443	0.02525	0.01443	0.02886	0.03247	0.75830	0.00722	0.00722	0.00361	0.00361
15	0.01679	0.04206	0.63769	0.02418	0.03629	0.01937	0.05709	0.02632	0.01763	0.02632	0.01499	0.01776	0.01062	0.00785	0.00798	0.00264	0.01235	0.00630	0.00354	0.01223
16	0.02060	0.53035	0.12277	0.10669	0.02811	0.02913	0.01758	0.02457	0.01693	0.02066	0.01243	0.01507	0.01070	0.00737	0.00607	0.00202	0.00963	0.00506	0.00357	0.01068
17	0.03127	0.02077	0.16024	0.01692	0.02446	0.01452	0.01633	0.03772	0.07838	0.46632	0.02897	0.02618	0.01881	0.00985	0.00826	0.00261	0.00816	0.00796	0.00864	0.01364
18	0.01569	0.01477	0.02492	0.68808	0.05722	0.01846	0.02307	0.02123	0.01661	0.02123	0.01477	0.02215	0.01107	0.00831	0.00831	0.00277	0.01107	0.00738	0.00369	0.00923
19	0.01569	0.01477	0.02492	0.68808	0.05722	0.01846	0.02307	0.02123	0.01661	0.02123	0.01477	0.02215	0.01107	0.00831	0.00831	0.00277	0.01107	0.00738	0.00369	0.00923
20	0.03367	0.01832	0.08442	0.01631	0.02325	0.01500	0.01454	0.11086	0.05667	0.49212	0.02948	0.02633	0.01902	0.01006	0.00831	0.00258	0.00782	0.00808	0.00927	0.01390
21	0.01012	0.00723	0.00964	0.01157	0.01205	0.00675	0.00771	0.01157	0.01591	0.02121	0.04579	0.70262	0.05495	0.02603	0.01060	0.00337	0.00482	0.02362	0.00771	0.00675
22	0.03698	0.01461	0.01957	0.01500	0.02144	0.01290	0.01239	0.07058	0.02456	0.63078	0.03212	0.02785	0.02023	0.01027	0.00835	0.00257	0.00718	0.00831	0.01018	0.01414
23	0.01833	0.01882	0.02847	0.14964	0.03156	0.04526	0.10112	0.02156	0.01475	0.02113	0.01250	0.01939	0.01116	0.01214	0.02066	0.00331	0.44947	0.00757	0.00374	0.00942
24	0.01622	0.01580	0.02818	0.59966	0.05535	0.01880	0.10471	0.02195	0.01702	0.02195	0.01504	0.02218	0.01128	0.00813	0.00851	0.00277	0.01147	0.00771	0.00376	0.00950
25	0.01861	0.01468	0.02415	0.59692	0.05234	0.01761	0.02160	0.02383	0.01758	0.10798	0.01720	0.02298	0.01236	0.00857	0.00831	0.00274	0.01053	0.00751	0.00458	0.00989
26	0.03051	0.01520	0.02009	0.10629	0.02600	0.01501	0.01386	0.11267	0.06438	0.40549	0.07813	0.02923	0.02336	0.01057	0.00846	0.00261	0.00760	0.00871	0.00893	0.01291
27	0.01359	0.01012	0.01322	0.01462	0.01657	0.01039	0.01199	0.01950	0.10258	0.02532	0.04304	0.23138	0.04648	0.02211	0.01086	0.00358	0.00682	0.38188	0.00777	0.00818
28	0.02193	0.01665	0.01834	0.01623	0.02087	0.01834	0.01302	0.14285	0.35268	0.08045	0.03679	0.04136	0.07810	0.01336	0.00894	0.00288	0.00702	0.08965	0.00839	0.01214
29	0.01569	0.01477	0.02492	0.68808	0.05722	0.01846	0.02307	0.02123	0.01661	0.02123	0.01477	0.02215	0.01107	0.00831	0.00831	0.00277	0.01107	0.00738	0.00369	0.00923
30	0.02355	0.04846	0.02222	0.24348	0.03338	0.01742	0.01605	0.07794	0.11695	0.19154	0.04772	0.02566	0.01870	0.00951	0.00808	0.00252	0.00840	0.00791	0.00680	0.07370
31	0.01723	0.01477	0.01723	0.01230	0.01969	0.01107	0.00984	0.02092	0.01723	0.02707	0.01477	0.01723	0.01230	0.00615	0.00615	0.00123	0.00615	0.00492	0.00492	0.75883
32	0.01020	0.00729	0.00971	0.01152	0.01207	0.00680	0.00772	0.01176	0.01626	0.02177	0.07412	0.67267	0.05604	0.02560	0.01057	0.00334	0.00478	0.02321	0.00778	0.00680
33	0.01989	0.01503	0.01774	0.01283	0.02008	0.01177	0.01032	0.04669	0.01877	0.09478	0.01686	0.01849	0.01324	0.00674	0.00647	0.00142	0.00637	0.00538	0.00562	0.65150
34	0.02193	0.01499	0.02171	0.33414	0.03814	0.01550	0.01696	0.05271	0.01947	0.17743	0.01931	0.02233	0.01378	0.00833	0.00780	0.00234	0.00884	0.00703	0.00577	0.19148
35	0.03162	0.01311	0.01766	0.01386	0.01950	0.01134	0.01129	0.03499	0.02344	0.51645	0.14753	0.03409	0.03099	0.01135	0.00853	0.00252	0.00644	0.00945	0.00983	0.04601
36	0.01667	0.01440	0.01790	0.10376	0.02440	0.01186	0.01153	0.02050	0.01708	0.02599	0.01628	0.05126	0.01421	0.00741	0.00666	0.00154	0.00675	0.00617	0.00489	0.62073
37	0.01775	0.01619	0.02611	0.54287	0.13555	0.01927	0.02276	0.07532	0.01890	0.02477	0.01534	0.02174	0.01163	0.00833	0.00830	0.00270	0.01074	0.00739	0.00416	0.01019

[dist]
# distance from previous block
# <min> <max>
0	11

[block]
# block no. 2 follows, 22 sequences, length 139
# corresponding to MSA columns:
# 92-230
name=unknown_C
#
# <colnr> <probs for GDERKNQSTAVLIFYWHMCP>
#	G	D	E	R	K	N	Q	S	T	A	V	L	I	F	Y	W	H	M	C	P
0	0.01454	0.00937	0.01197	0.04979	0.01613	0.00850	0.00897	0.01677	0.01791	0.11067	0.05045	0.36646	0.20207	0.02035	0.00969	0.00295	0.00541	0.01787	0.00767	0.05245
1	0.01929	0.02027	0.04062	0.02964	0.03683	0.01944	0.46937	0.06168	0.05673	0.02953	0.10595	0.02825	0.02254	0.00880	0.00964	0.00276	0.01190	0.01037	0.00537	0.01102
2	0.12177	0.03187	0.38485	0.01992	0.02899	0.01960	0.02254	0.03128	0.20014	0.03031	0.01999	0.02093	0.01467	0.00886	0.00768	0.00268	0.00979	0.00687	0.00519	0.01208
3	0.01450	0.01024	0.01287	0.01134	0.01446	0.00929	0.00868	0.01950	0.05918	0.06837	0.49174	0.05208	0.06280	0.01476	0.00913	0.00243	0.00457	0.01291	0.00858	0.11257
4	0.01685	0.01554	0.02534	0.58681	0.05273	0.01856	0.04331	0.05731	0.01808	0.02359	0.01514	0.02175	0.01138	0.00824	0.00824	0.00267	0.01078	0.00733	0.00405	0.05231
5	0.03178	0.01430	0.02071	0.18626	0.03038	0.01380	0.01498	0.03558	0.02195	0.49878	0.02819	0.02672	0.01815	0.00978	0.00834	0.00262	0.00809	0.00811	0.00860	0.01289
6	0.02006	0.01487	0.01759	0.01290	0.02000	0.01179	0.01035	0.02486	0.05498	0.11095	0.01826	0.01949	0.01416	0.00700	0.00658	0.00150	0.00630	0.00564	0.00583	0.61689
7	0.01675	0.01432	0.01708	0.03878	0.02071	0.01111	0.01024	0.02038	0.01712	0.02649	0.01660	0.05794	0.01478	0.00741	0.00650	0.00142	0.00627	0.00612	0.00504	0.68495
8	0.06144	0.04585	0.10750	0.01404	0.02165	0.01343	0.01306	0.02182	0.01718	0.02715	0.01614	0.02126	0.01382	0.00748	0.00660	0.00167	0.00721	0.03898	0.00484	0.53888
9	0.02005	0.02013	0.03979	0.02848	0.03653	0.01815	0.44507	0.02605	0.01928	0.06293	0.01723	0.02152	0.01299	0.00699	0.00886	0.00242	0.01175	0.00856	0.00472	0.18850
10	0.01366	0.01123	0.01691	0.01445	0.01758	0.01081	0.09420	0.01725	0.02020	0.05042	0.26938	0.05788	0.23022	0.01938	0.05016	0.00344	0.04604	0.04104	0.00741	0.00833
11	0.01585	0.01499	0.02440	0.42571	0.04322	0.01894	0.04472	0.02029	0.01545	0.02091	0.01506	0.02276	0.01244	0.01707	0.10481	0.00442	0.15844	0.00767	0.00381	0.00903
12	0.01549	0.00774	0.00774	0.00774	0.00968	0.00774	0.00581	0.01936	0.01742	0.03097	0.02710	0.03097	0.02129	0.00968	0.00581	0.00194	0.00387	0.00774	0.75416	0.00774
13	0.01569	0.01477	0.02492	0.68808	0.05722	0.01846	0.02307	0.02123	0.01661	0.02123	0.01477	0.02215	0.01107	0.00831	0.00831	0.00277	0.01107	0.00738	0.00369	0.00923
14	0.02221	0.71304	0.04353	0.01421	0.02132	0.03287	0.01421	0.02488	0.01688	0.01955	0.01155	0.01333	0.01066	0.00711	0.00533	0.00178	0.00888	0.00444	0.00355	0.01066
15	0.02034	0.01534	0.01748	0.01405	0.01998	0.01442	0.01112	0.03112	0.24509	0.10416	0.05013	0.02752	0.04426	0.00945	0.00752	0.00207	0.00626	0.00779	0.00709	0.34481
16	0.03246	0.01443	0.01870	0.01471	0.02046	0.01333	0.01201	0.09654	0.05123	0.48699	0.11730	0.03223	0.02813	0.01122	0.00855	0.00258	0.00682	0.00923	0.00985	0.01322
17	0.01063	0.00845	0.00955	0.00927	0.01172	0.00736	0.00695	0.01350	0.02086	0.02702	0.32297	0.07242	0.41118	0.01933	0.00981	0.00272	0.00409	0.01648	0.00832	0.00736
18	0.01683	0.01624	0.02283	0.02003	0.02027	0.02225	0.01648	0.01878	0.01300	0.01997	0.01454	0.06065	0.01488	0.02184	0.11605	0.00497	0.55924	0.00846	0.00399	0.00872
19	0.03111	0.03733	0.02373	0.02108	0.02569	0.58477	0.01602	0.11567	0.02569	0.02477	0.01383	0.01567	0.01118	0.00876	0.00760	0.00219	0.01417	0.00565	0.00484	0.01025
20	0.02022	0.01746	0.01836	0.01656	0.02118	0.02011	0.01287	0.04284	0.61598	0.03425	0.03585	0.03298	0.05081	0.01167	0.00851	0.00282	0.00648	0.00972	0.00842	0.01290
21	0.01181	0.00794	0.00914	0.00941	0.00947	0.00787	0.00540	0.01201	0.01261	0.01681	0.02889	0.14419	0.03363	0.61354	0.03789	0.00741	0.00761	0.01368	0.00540	0.00527
22	0.01410	0.00936	0.01298	0.01453	0.01642	0.00916	0.01220	0.01742	0.01875	0.06045	0.04370	0.21035	0.04767	0.02284	0.01112	0.00366	0.00706	0.45256	0.00781	0.00784
23	0.01808	0.01086	0.01210	0.01095	0.01345	0.01149	0.00835	0.13800	0.02028	0.03144	0.02357	0.02906	0.01927	0.04282	0.07148	0.10162	0.00716	0.00789	0.41381	0.00834
24	0.76672	0.01607	0.01221	0.01092	0.01607	0.01864	0.00900	0.02442	0.01414	0.03727	0.01157	0.01350	0.00900	0.00771	0.00514	0.00257	0.00643	0.00450	0.00514	0.00900
25	0.02221	0.71304	0.04353	0.01421	0.02132	0.03287	0.01421	0.02488	0.01688	0.01955	0.01155	0.01333	0.01066	0.00711	0.00533	0.00178	0.00888	0.00444	0.00355	0.01066
26	0.01292	0.00934	0.01273	0.01416	0.01614	0.00915	0.01214	0.01664	0.01972	0.02587	0.13094	0.08839	0.09314	0.02199	0.01113	0.00359	0.00690	0.47963	0.00786	0.00763
27	0.02132	0.02164	0.11791	0.09271	0.41369	0.01823	0.02363	0.02669	0.01899	0.09812	0.01734	0.02095	0.01341	0.00780	0.00808	0.00246	0.00977	0.00719	0.00474	0.05533
28	0.51332	0.01669	0.01774	0.12293	0.11164	0.01907	0.01379	0.05065	0.01628	0.03402	0.01300	0.01611	0.01012	0.00786	0.00620	0.00258	0.00775	0.00548	0.00491	0.00984
29	0.01165	0.00849	0.01096	0.01034	0.01235	0.00779	0.00776	0.01548	0.02327	0.03273	0.62139	0.06301	0.10920	0.01720	0.00980	0.00262	0.00393	0.01516	0.00907	0.00779
30	0.01360	0.01118	0.01718	0.01927	0.10429	0.01294	0.01313	0.01674	0.01407	0.02043	0.02039	0.02976	0.01889	0.05071	0.52862	0.01103	0.07653	0.00856	0.00434	0.00835
31	0.03336	0.01501	0.01916	0.01528	0.02130	0.01420	0.01243	0.04135	0.16925	0.51420	0.03302	0.02892	0.02169	0.01052	0.00838	0.00263	0.00695	0.00860	0.00985	0.01390
32	0.01133	0.00847	0.01051	0.01000	0.01215	0.00766	0.00750	0.01484	0.02250	0.03090	0.52573	0.06603	0.20600	0.01788	0.00980	0.00266	0.00398	0.01558	0.00883	0.00766
33	0.01039	0.00734	0.00956	0.01122	0.01164	0.00693	0.00734	0.01164	0.01538	0.02050	0.04307	0.61280	0.05152	0.12053	0.01499	0.00402	0.00527	0.02202	0.00734	0.00651
34	0.01992	0.01979	0.03589	0.10767	0.48016	0.01987	0.14271	0.02531	0.01883	0.02648	0.01578	0.02107	0.01285	0.00741	0.00854	0.00256	0.01079	0.00787	0.00409	0.01241
35	0.02115	0.58539	0.16192	0.01602	0.02411	0.03028	0.01735	0.02515	0.01701	0.02083	0.01219	0.01413	0.01063	0.00726	0.00582	0.00194	0.00953	0.00477	0.00354	0.01097
36	0.01793	0.01865	0.10707	0.01398	0.02200	0.01226	0.01283	0.02243	0.01753	0.05188	0.01549	0.01770	0.01238	0.00656	0.00648	0.00148	0.00704	0.00523	0.00494	0.62616
37	0.26372	0.01517	0.01701	0.01382	0.01964	0.01520	0.01131	0.03588	0.09246	0.39356	0.02626	0.02396	0.01750	0.00959	0.00736	0.00260	0.00681	0.00727	0.00846	0.01241
38	0.01339	0.00956	0.01339	0.01530	0.01721	0.00956	0.01339	0.01721	0.01912	0.02486	0.04399	0.09371	0.04781	0.02295	0.01147	0.00382	0.00765	0.60031	0.00765	0.00765
39	0.01529	0.00927	0.01224	0.01105	0.01363	0.00844	0.00844	0.01911	0.02355	0.12042	0.56606	0.05737	0.07037	0.01605	0.00960	0.00261	0.00436	0.01410	0.00930	0.00871
40	0.03103	0.03959	0.02354	0.02140	0.02568	0.67469	0.01605	0.03317	0.02354	0.02033	0.01284	0.01498	0.01070	0.00856	0.00749	0.00214	0.01498	0.00535	0.00428	0.00963
41	0.03374	0.01336	0.01815	0.01418	0.01999	0.01160	0.01160	0.03705	0.02374	0.57487	0.11855	0.03296	0.02858	0.01121	0.00855	0.00258	0.00663	0.00928	0.01012	0.01327
42	0.01025	0.00752	0.00965	0.01121	0.01212	0.00692	0.00771	0.01196	0.01671	0.02195	0.07354	0.57248	0.13843	0.02490	0.01049	0.00328	0.00479	0.04148	0.00776	0.00685
43	0.01324	0.00945	0.01321	0.01513	0.01697	0.00943	0.01312	0.01695	0.01898	0.02469	0.04407	0.12184	0.04814	0.02309	0.01143	0.00380	0.00752	0.57366	0.00765	0.00761
44	0.01666	0.04297	0.66500	0.02368	0.03596	0.01929	0.03069	0.02631	0.01754	0.02631	0.01491	0.01754	0.01052	0.00789	0.00789	0.00263	0.01228	0.00614	0.00351	0.01228
45	0.01817	0.01541	0.01662	0.01552	0.01957	0.01726	0.01225	0.03600	0.46985	0.03170	0.04211	0.04638	0.11435	0.01423	0.00906	0.00296	0.00640	0.09239	0.00824	0.01155
46	0.01176	0.00849	0.01110	0.01045	0.01241	0.00784	0.00784	0.01568	0.02352	0.03331	0.65184	0.06206	0.07839	0.01698	0.00980	0.00261	0.00392	0.01502	0.00914	0.00784
47	0.01873	0.01955	0.03310	0.02723	0.05778	0.02381	0.20594	0.02229	0.01513	0.02236	0.01294	0.01959	0.01153	0.01189	0.02100	0.00332	0.45199	0.00806	0.00383	0.00993
48	0.01790	0.19242	0.52639	0.02157	0.03269	0.02232	0.02702	0.02599	0.01739	0.02480	0.01416	0.01660	0.01055	0.00772	0.00732	0.00244	0.01152	0.00576	0.00352	0.01192
49	0.01688	0.06926	0.64062	0.02331	0.03538	0.01983	0.03005	0.02625	0.01751	0.02604	0.01478	0.01737	0.01053	0.00786	0.00779	0.00260	0.01214	0.00607	0.00351	0.01221
50	0.01339	0.00956	0.01339	0.01530	0.01721	0.00956	0.01339	0.01721	0.01912	0.02486	0.04399	0.09371	0.04781	0.02295	0.01147	0.00382	0.00765	0.60031	0.00765	0.00765
51	0.01358	0.00972	0.01212	0.01135	0.01374	0.00940	0.00856	0.01955	0.09468	0.05578	0.50425	0.09219	0.08940	0.01670	0.00963	0.00268	0.00440	0.01467	0.00898	0.00860
52	0.01443	0.00722	0.01082	0.01082	0.01082	0.00722	0.00722	0.01082	0.01082	0.01443	0.01443	0.02525	0.01443	0.02886	0.03247	0.75830	0.00722	0.00722	0.00361	0.00361
53	0.03124	0.01657	0.01991	0.01605	0.02196	0.01676	0.01300	0.12312	0.22074	0.37957	0.03132	0.02798	0.02119	0.01055	0.00838	0.00264	0.00720	0.00856	0.00943	0.01382
54	0.01922	0.01594	0.01829	0.01325	0.02053	0.01311	0.01067	0.10511	0.02025	0.03057	0.01548	0.01760	0.01256	0.00668	0.00645	0.00141	0.00657	0.00528	0.00539	0.65564
55	0.01666	0.04297	0.66500	0.02368	0.03596	0.01929	0.03069	0.02631	0.01754	0.02631	0.01491	0.01754	0.01052	0.00789	0.00789	0.00263	0.01228	0.00614	0.00351	0.01228
56	0.01274	0.00918	0.01260	0.01441	0.01618	0.00904	0.01222	0.01615	0.01867	0.02423	0.04639	0.17734	0.08125	0.02327	0.01126	0.00371	0.00707	0.48914	0.00766	0.00749
57	0.76672	0.01607	0.01221	0.01092	0.01607	0.01864	0.00900	0.02442	0.01414	0.03727	0.01157	0.01350	0.00900	0.00771	0.00514	0.00257	0.00643	0.00450	0.00514	0.00900
58	0.01282	0.00916	0.01273	0.01465	0.01631	0.00907	0.01240	0.01623	0.01856	0.02423	0.04430	0.19971	0.04905	0.02348	0.01132	0.00375	0.00716	0.49991	0.00766	0.00749
59	0.01443	0.00722	0.01082	0.01082	0.01082	0.00722	0.00722	0.01082	0.01082	0.01443	0.01443	0.02525	0.01443	0.02886	0.03247	0.75830	0.00722	0.00722	0.00361	0.00361
60	0.02296	0.01733	0.01885	0.01661	0.02155	0.01949	0.01302	0.04364	0.55566	0.12166	0.03367	0.03062	0.02469	0.01113	0.00844	0.00278	0.00664	0.00925	0.00871	0.01329
61	0.01054	0.00753	0.01012	0.01204	0.01271	0.00711	0.00843	0.01229	0.01631	0.02167	0.04556	0.62516	0.05404	0.02564	0.01071	0.00343	0.00518	0.09698	0.00770	0.00686
62	0.02948	0.01999	0.02200	0.01733	0.02329	0.02165	0.01416	0.42335	0.10513	0.13292	0.04932	0.02465	0.01929	0.01044	0.00827	0.00252	0.00808	0.00814	0.04655	0.01344
63	0.02795	0.02095	0.02259	0.01749	0.02387	0.02251	0.01431	0.46750	0.08727	0.04641	0.02074	0.02100	0.01516	0.00954	0.00792	0.00232	0.00828	0.00730	0.03994	0.11696
64	0.01993	0.01903	0.03208	0.13245	0.55740	0.01960	0.02477	0.02556	0.03937	0.02663	0.01612	0.02111	0.01330	0.00765	0.00824	0.00252	0.00992	0.00747	0.00420	0.01265
65	0.01392	0.01082	0.01294	0.01200	0.01466	0.01101	0.00911	0.02266	0.17730	0.03334	0.48033	0.05487	0.08288	0.01568	0.00946	0.00267	0.00459	0.01370	0.00893	0.00914
66	0.02035	0.01952	0.03333	0.07893	0.62995	0.01968	0.02539	0.02531	0.01881	0.02688	0.01559	0.02063	0.01307	0.00744	0.00823	0.00248	0.00992	0.00740	0.00409	0.01299
67	0.01946	0.02212	0.04812	0.05937	0.04393	0.02091	0.60356	0.02641	0.01950	0.02641	0.01673	0.02240	0.01255	0.00705	0.00975	0.00280	0.01390	0.00971	0.00418	0.01113
68	0.02066	0.01785	0.01878	0.01691	0.02160	0.02066	0.01315	0.04414	0.64121	0.03475	0.03381	0.03099	0.02536	0.01127	0.00845	0.00282	0.00657	0.00939	0.00845	0.01315
69	0.03110	0.02303	0.02466	0.01902	0.02558	0.02554	0.01567	0.60289	0.06547	0.05158	0.02055	0.02043	0.01462	0.01003	0.00832	0.00251	0.00903	0.00756	0.00832	0.01408
70	0.03635	0.01417	0.01918	0.01467	0.02114	0.01216	0.01210	0.03958	0.02347	0.63264	0.03194	0.02777	0.02018	0.01009	0.00825	0.00251	0.00703	0.00820	0.01003	0.04854
71	0.01012	0.00723	0.00964	0.01157	0.01205	0.00675	0.00771	0.01157	0.01591	0.02121	0.04579	0.70262	0.05495	0.02603	0.01060	0.00337	0.00482	0.02362	0.00771	0.00675
72	0.01591	0.01507	0.02496	0.62955	0.05411	0.01907	0.02264	0.02112	0.01627	0.02112	0.01443	0.02180	0.01106	0.00885	0.00997	0.00284	0.07097	0.00737	0.00369	0.00922
73	0.01035	0.00740	0.00984	0.01141	0.01210	0.00690	0.00773	0.01214	0.01696	0.02288	0.12976	0.61386	0.05819	0.02477	0.01049	0.00327	0.00469	0.02243	0.00791	0.00690
74	0.03374	0.01336	0.01815	0.01418	0.01999	0.01160	0.01160	0.03705	0.02374	0.57487	0.11855	0.03296	0.02858	0.01121	0.00855	0.00258	0.00663	0.00928	0.01012	0.01327
75	0.03682	0.01486	0.01972	0.01512	0.02157	0.01328	0.01249	0.08685	0.02498	0.61391	0.03176	0.02762	0.02006	0.01026	0.00835	0.00256	0.00723	0.00829	0.01013	0.01414
76	0.24294	0.02083	0.02126	0.04553	0.02432	0.02339	0.01414	0.42815	0.03091	0.04667	0.01731	0.01818	0.01252	0.00925	0.00740	0.00253	0.00844	0.00662	0.00720	0.01244
77	0.01601	0.01505	0.02467	0.62989	0.05413	0.01885	0.02242	0.02218	0.04392	0.02177	0.01544	0.02237	0.01170	0.00870	0.00913	0.00281	0.04021	0.00747	0.00390	0.00939
78	0.76672	0.01607	0.01221	0.01092	0.01607	0.01864	0.00900	0.02442	0.01414	0.03727	0.01157	0.01350	0.00900	0.00771	0.00514	0.00257	0.00643	0.00450	0.00514	0.00900
79	0.01710	0.01646	0.02313	0.08192	0.02333	0.02239	0.01681	0.01901	0.01299	0.01957	0.01338	0.02356	0.01359	0.11006	0.02758	0.00417	0.53464	0.00795	0.00383	0.00854
80	0.02874	0.01702	0.01998	0.01619	0.02173	0.01777	0.01312	0.22129	0.15132	0.26116	0.02988	0.02855	0.04294	0.01572	0.07165	0.00363	0.00895	0.00868	0.00865	0.01304
81	0.28214	0.08019	0.01945	0.01366	0.01972	0.01703	0.01150	0.06515	0.02070	0.35845	0.02295	0.02144	0.01539	0.00910	0.00698	0.00249	0.00713	0.00664	0.00781	0.01208
82	0.01549	0.00774	0.00774	0.00774	0.00968	0.00774	0.00581	0.01936	0.01742	0.03097	0.02710	0.03097	0.02129	0.00968	0.00581	0.00194	0.00387	0.00774	0.75416	0.00774
83	0.01166	0.00849	0.01097	0.01035	0.01235	0.00780	0.00776	0.01549	0.02328	0.03276	0.62298	0.06296	0.10759	0.01719	0.00980	0.00262	0.00393	0.01515	0.00907	0.00780
84	0.01720	0.03975	0.57753	0.02746	0.12190	0.01935	0.02997	0.02620	0.01773	0.02642	0.01501	0.01796	0.01089	0.00782	0.00794	0.00261	0.01194	0.00631	0.00359	0.01240
85	0.01952	0.03898	0.57553	0.02245	0.03391	0.01831	0.02813	0.02827	0.01840	0.11439	0.01738	0.01903	0.01191	0.00822	0.00796	0.00262	0.01156	0.00645	0.00445	0.01254
86	0.01012	0.00723	0.00964	0.01157	0.01205	0.00675	0.00771	0.01157	0.01591	0.02121	0.04579	0.70262	0.05495	0.02603	0.01060	0.00337	0.00482	0.02362	0.00771	0.00675
87	0.01030	0.00735	0.00984	0.01177	0.01233	0.00690	0.00802	0.01187	0.01608	0.02140	0.04569	0.66996	0.05456	0.02586	0.01065	0.00340	0.00497	0.05455	0.00771	0.00680
88	0.01557	0.00890	0.01048	0.00985	0.01074	0.00863	0.00603	0.01602	0.01370	0.10560	0.02709	0.05075	0.02887	0.61136	0.03758	0.00729	0.00792	0.01156	0.00576	0.00630
89	0.01623	0.01582	0.02826	0.59759	0.05530	0.01881	0.10662	0.02197	0.01703	0.02197	0.01505	0.02218	0.01129	0.00813	0.00851	0.00277	0.01148	0.00772	0.00376	0.00950
90	0.70943	0.01812	0.06207	0.01190	0.01759	0.01869	0.01065	0.02456	0.01440	0.03644	0.01182	0.01380	0.00911	0.00773	0.00535	0.00258	0.00687	0.00462	0.00502	0.00925
91	0.03727	0.01414	0.01928	0.01478	0.02121	0.01221	0.01221	0.04049	0.02378	0.66198	0.03277	0.02828	0.02056	0.01028	0.00835	0.00257	0.00707	0.00835	0.01028	0.01414
92	0.01811	0.06943	0.60070	0.02275	0.03447	0.01945	0.02891	0.02709	0.01788	0.06361	0.01582	0.01800	0.01112	0.00800	0.00781	0.00259	0.01183	0.00620	0.00391	0.01232
93	0.01176	0.00849	0.01110	0.01045	0.01241	0.00784	0.00784	0.01568	0.02352	0.03331	0.65184	0.06206	0.07839	0.01698	0.00980	0.00261	0.00392	0.01502	0.00914	0.00784
94	0.02821	0.25472	0.02993	0.01911	0.02429	0.46967	0.01546	0.03052	0.02141	0.02008	0.01243	0.01445	0.01069	0.00810	0.00680	0.00202	0.01303	0.00506	0.00405	0.00996
95	0.03608	0.06948	0.02120	0.01474	0.02122	0.01385	0.01237	0.03925	0.02323	0.61110	0.03109	0.02709	0.01978	0.01003	0.00811	0.00251	0.00721	0.00804	0.00975	0.01386
96	0.02361	0.49474	0.03659	0.01575	0.02215	0.10955	0.01438	0.06297	0.10547	0.02362	0.01527	0.01635	0.01290	0.00803	0.00620	0.00201	0.00933	0.00541	0.00459	0.01108
97	0.01770	0.01519	0.01744	0.01294	0.01995	0.01240	0.01030	0.02414	0.10369	0.02813	0.01740	0.01913	0.01411	0.00686	0.00647	0.00145	0.00621	0.00554	0.00541	0.65550
98	0.76672	0.01607	0.01221	0.01092	0.01607	0.01864	0.00900	0.02442	0.01414	0.03727	0.01157	0.01350	0.00900	0.00771	0.00514	0.00257	0.00643	0.00450	0.00514	0.00900
99	0.76672	0.01607	0.01221	0.01092	0.01607	0.01864	0.00900	0.02442	0.01414	0.03727	0.01157	0.01350	0.00900	0.00771	0.00514	0.00257	0.00643	0.00450	0.00514	0.00900
100	0.02554	0.02374	0.02495	0.25304	0.06000	0.16432	0.01873	0.26572	0.02714	0.03364	0.01644	0.01965	0.01229	0.00899	0.00813	0.00251	0.01111	0.00698	0.00567	0.01141
101	0.02267	0.01786	0.01919	0.01686	0.02182	0.02027	0.01323	0.07840	0.55515	0.08705	0.03291	0.03012	0.02430	0.01111	0.00844	0.00278	0.00677	0.00919	0.00859	0.01329
102	0.03727	0.01414	0.01928	0.01478	0.02121	0.01221	0.01221	0.04049	0.02378	0.66198	0.03277	0.02828	0.02056	0.01028	0.00835	0.00257	0.00707	0.00835	0.01028	0.01414
103	0.01012	0.00723	0.00964	0.01157	0.01205	0.00675	0.00771	0.01157	0.01591	0.02121	0.04579	0.70262	0.05495	0.02603	0.01060	0.00337	0.00482	0.02362	0.00771	0.00675
104	0.01818	0.01818	0.02545	0.02181	0.02181	0.02545	0.01818	0.01999	0.01272	0.01999	0.01091	0.01818	0.01091	0.01454	0.02726	0.00364	0.69284	0.00727	0.00364	0.00909
105	0.02221	0.71304	0.04353	0.01421	0.02132	0.03287	0.01421	0.02488	0.01688	0.01955	0.01155	0.01333	0.01066	0.00711	0.00533	0.00178	0.00888	0.00444	0.00355	0.01066
106	0.03727	0.01414	0.01928	0.01478	0.02121	0.01221	0.01221	0.04049	0.02378	0.66198	0.03277	0.02828	0.02056	0.01028	0.00835	0.00257	0.00707	0.00835	0.01028	0.01414
107	0.01549	0.00774	0.00774	0.00774	0.00968	0.00774	0.00581	0.01936	0.01742	0.03097	0.02710	0.03097	0.02129	0.00968	0.00581	0.00194	0.00387	0.00774	0.75416	0.00774
108	0.02799	0.01501	0.01830	0.03838	0.02121	0.01467	0.01213	0.16646	0.05321	0.31987	0.08178	0.03752	0.13124	0.01250	0.00870	0.00261	0.00695	0.01021	0.00900	0.01225
109	0.72679	0.05345	0.01389	0.01110	0.01635	0.01940	0.00928	0.02444	0.01428	0.03632	0.01157	0.01349	0.00909	0.00768	0.00515	0.00253	0.00656	0.00450	0.00506	0.00909
110	0.73473	0.01598	0.01252	0.01109	0.01629	0.01835	0.00914	0.02512	0.01456	0.06467	0.01250	0.01414	0.00950	0.00782	0.00528	0.00257	0.00645	0.00467	0.00537	0.00922
111	0.01785	0.01770	0.02483	0.02138	0.02146	0.02468	0.01778	0.01973	0.01275	0.01996	0.01148	0.01891	0.01141	0.01697	0.06020	0.00413	0.65875	0.00735	0.00368	0.00900
112	0.02724	0.12409	0.06147	0.01730	0.02330	0.04900	0.01509	0.16143	0.13220	0.18912	0.02278	0.02237	0.01649	0.00994	0.00938	0.00251	0.06628	0.00731	0.00717	0.03552
113	0.02069	0.13616	0.02061	0.01362	0.01802	0.01678	0.01122	0.12091	0.08179	0.11259	0.25992	0.06533	0.06221	0.01324	0.00850	0.00250	0.00632	0.01101	0.00800	0.01056
114	0.01549	0.00774	0.00774	0.00774	0.00968	0.00774	0.00581	0.01936	0.01742	0.03097	0.02710	0.03097	0.02129	0.00968	0.00581	0.00194	0.00387	0.00774	0.75416	0.00774
115	0.01176	0.00849	0.01110	0.01045	0.01241	0.00784	0.00784	0.01568	0.02352	0.03331	0.65184	0.06206	0.07839	0.01698	0.00980	0.00261	0.00392	0.01502	0.00914	0.00784
116	0.04721	0.02110	0.04303	0.08765	0.15371	0.02049	0.44835	0.02591	0.01905	0.02668	0.01624	0.02173	0.01245	0.00720	0.00923	0.00273	0.01275	0.00899	0.00418	0.01132
117	0.01012	0.00723	0.00964	0.01157	0.01205	0.00675	0.00771	0.01157	0.01591	0.02121	0.04579	0.70262	0.05495	0.02603	0.01060	0.00337	0.00482	0.02362	0.00771	0.00675
118	0.01012	0.00723	0.00964	0.01157	0.01205	0.00675	0.00771	0.01157	0.01591	0.02121	0.04579	0.70262	0.05495	0.02603	0.01060	0.00337	0.00482	0.02362	0.00771	0.00675
119	0.01012	0.00723	0.00964	0.01157	0.01205	0.00675	0.00771	0.01157	0.01591	0.02121	0.04579	0.70262	0.05495	0.02603	0.01060	0.00337	0.00482	0.02362	0.00771	0.00675
120	0.05692	0.11743	0.05385	0.01804	0.02445	0.14849	0.01541	0.28098	0.02856	0.14840	0.01922	0.01925	0.01381	0.00920	0.00763	0.00235	0.00990	0.00665	0.00693	0.01254
121	0.01799	0.01804	0.02367	0.02062	0.02105	0.05818	0.01698	0.01998	0.01339	0.01991	0.01258	0.02001	0.01226	0.02084	0.11597	0.00490	0.56356	0.00739	0.00378	0.00889
122	0.72854	0.01600	0.01286	0.04535	0.01816	0.01863	0.00971	0.02426	0.01426	0.03646	0.01173	0.01394	0.00910	0.00774	0.00530	0.00258	0.00666	0.00465	0.00507	0.00901
123	0.03727	0.01414	0.01928	0.01478	0.02121	0.01221	0.01221	0.04049	0.02378	0.66198	0.03277	0.02828	0.02056	0.01028	0.00835	0.00257	0.00707	0.00835	0.01028	0.01414
124	0.02299	0.56642	0.09020	0.01596	0.02309	0.12072	0.01578	0.02614	0.01786	0.02019	0.01200	0.01389	0.01066	0.00737	0.00583	0.00190	0.01000	0.00470	0.00365	0.01065
125	0.01990	0.01507	0.01777	0.01286	0.02011	0.01183	0.01035	0.04956	0.01885	0.09303	0.01683	0.01847	0.01323	0.00674	0.00647	0.00142	0.00638	0.00538	0.00562	0.65010
126	0.04831	0.28678	0.26005	0.01978	0.02816	0.15390	0.04658	0.02708	0.01845	0.02304	0.01323	0.01555	0.01064	0.00769	0.00686	0.00223	0.01143	0.00546	0.00377	0.01100
127	0.01434	0.01090	0.01444	0.08204	0.04165	0.01124	0.01104	0.09932	0.02076	0.02806	0.15446	0.39187	0.04787	0.01961	0.00981	0.00301	0.00606	0.01751	0.00754	0.00846
128	0.01103	0.00829	0.01128	0.01197	0.01308	0.00766	0.03042	0.01261	0.01572	0.02101	0.04264	0.52696	0.07854	0.11873	0.01474	0.00388	0.00564	0.02041	0.00709	0.03830
129	0.03258	0.01749	0.02084	0.01644	0.02261	0.01772	0.01343	0.21324	0.14079	0.36925	0.02921	0.02633	0.01955	0.01037	0.00836	0.00259	0.00759	0.00829	0.00937	0.01395
130	0.02987	0.04922	0.07726	0.01559	0.02192	0.01495	0.01378	0.03725	0.13136	0.41741	0.07767	0.02969	0.02447	0.01061	0.00830	0.00259	0.00729	0.00867	0.00896	0.01316
131	0.02183	0.59057	0.12877	0.01584	0.02354	0.05923	0.01658	0.02544	0.01726	0.02052	0.01207	0.01398	0.01064	0.00728	0.00578	0.00191	0.00962	0.00472	0.00358	0.01084
132	0.76672	0.01607	0.01221	0.01092	0.01607	0.01864	0.00900	0.02442	0.01414	0.03727	0.01157	0.01350	0.00900	0.00771	0.00514	0.00257	0.00643	0.00450	0.00514	0.00900
133	0.03053	0.05713	0.02487	0.01910	0.02504	0.18453	0.01547	0.43695	0.03360	0.04239	0.01806	0.01878	0.01336	0.00949	0.00790	0.00236	0.01040	0.00683	0.03052	0.01267
134	0.07785	0.01489	0.01916	0.01488	0.02117	0.01366	0.01226	0.07126	0.05000	0.56731	0.03092	0.02710	0.01976	0.01016	0.00817	0.00258	0.00712	0.00813	0.00981	0.01380
135	0.02030	0.01467	0.01754	0.01268	0.01992	0.01125	0.01021	0.02392	0.01823	0.12436	0.01753	0.01892	0.01357	0.00679	0.00649	0.00144	0.00629	0.00545	0.00574	0.64471
136	0.01012	0.00723	0.00964	0.01157	0.01205	0.00675	0.00771	0.01157	0.01591	0.02121	0.04579	0.70262	0.05495	0.02603	0.01060	0.00337	0.00482	0.02362	0.00771	0.00675
137	0.01818	0.01818	0.02545	0.02181	0.02181	0.02545	0.01818	0.01999	0.01272	0.01999	0.01091	0.01818	0.01091	0.01454	0.02726	0.00364	0.69284	0.00727	0.00364	0.00909
138	0.01019	0.00726	0.00962	0.01147	0.01194	0.00680	0.00761	0.01159	0.01576	0.02102	0.04506	0.67863	0.05403	0.05127	0.01178	0.00355	0.00494	0.02319	0.00761	0.00668

[dist]
# distance from previous block
# <min> <max>
0	1

[block]
# block no. 3 follows, 22 sequences, length 15
# corresponding to MSA columns:
# 232-246
name=unknown_D
#
# <colnr> <probs for GDERKNQSTAVLIFYWHMCP>
#	G	D	E	R	K	N	Q	S	T	A	V	L	I	F	Y	W	H	M	C	P
0	0.01703	0.00923	0.00939	0.00883	0.01122	0.00947	0.00677	0.07780	0.01950	0.03302	0.02641	0.02991	0.02061	0.00971	0.00605	0.00199	0.00438	0.00772	0.68260	0.00836
1	0.02834	0.02727	0.02213	0.01903	0.02415	0.27242	0.01484	0.18129	0.21911	0.07321	0.02234	0.02200	0.01671	0.00985	0.00804	0.00246	0.01045	0.00731	0.00693	0.01210
2	0.02698	0.01927	0.02102	0.01718	0.02269	0.02118	0.01382	0.33813	0.21772	0.10195	0.02710	0.06351	0.02074	0.01130	0.00840	0.00263	0.00772	0.00907	0.03642	0.01317
3	0.03161	0.01366	0.01812	0.01403	0.02013	0.01157	0.01142	0.03486	0.02237	0.50112	0.06067	0.05813	0.02359	0.01065	0.00817	0.00239	0.00667	0.00881	0.00925	0.13280
4	0.09211	0.12597	0.09634	0.02466	0.03189	0.05832	0.29887	0.02586	0.01859	0.05775	0.01847	0.07957	0.01580	0.00910	0.00837	0.00261	0.01125	0.00904	0.00475	0.01068
5	0.02771	0.02135	0.02276	0.01833	0.02429	0.02396	0.01485	0.42161	0.25227	0.04612	0.02486	0.02386	0.01810	0.01043	0.00836	0.00261	0.00823	0.00816	0.00836	0.01378
6	0.01154	0.00820	0.01090	0.01135	0.01205	0.00867	0.00778	0.01305	0.01348	0.01856	0.02918	0.19663	0.03222	0.29295	0.28613	0.00907	0.01294	0.01350	0.00543	0.00638
7	0.02143	0.01965	0.06834	0.06027	0.03147	0.01955	0.23743	0.05469	0.01894	0.11890	0.01940	0.05241	0.01550	0.01054	0.01341	0.00293	0.17588	0.00904	0.03935	0.01086
8	0.01549	0.00774	0.00774	0.00774	0.00968	0.00774	0.00581	0.01936	0.01742	0.03097	0.02710	0.03097	0.02129	0.00968	0.00581	0.00194	0.00387	0.00774	0.75416	0.00774
9	0.03417	0.01416	0.01875	0.01473	0.02072	0.01276	0.01204	0.03937	0.08300	0.56453	0.06957	0.03054	0.02445	0.01077	0.00845	0.00260	0.00683	0.00885	0.01004	0.01367
10	0.01834	0.03541	0.46626	0.05968	0.11271	0.01915	0.08790	0.02665	0.01816	0.05556	0.01600	0.01911	0.01154	0.00787	0.00816	0.00263	0.01186	0.00682	0.00397	0.01222
11	0.01088	0.00826	0.01113	0.01253	0.01297	0.00851	0.00870	0.01236	0.01560	0.02109	0.04250	0.63806	0.05079	0.02494	0.01217	0.00340	0.06972	0.02207	0.00733	0.00697
12	0.01012	0.00723	0.00964	0.01157	0.01205	0.00675	0.00771	0.01157	0.01591	0.02121	0.04579	0.70262	0.05495	0.02603	0.01060	0.00337	0.00482	0.02362	0.00771	0.00675
13	0.01084	0.00786	0.01023	0.01090	0.01217	0.00725	0.00769	0.01343	0.01947	0.02669	0.31900	0.38256	0.09758	0.02171	0.01020	0.00300	0.00438	0.01945	0.00835	0.00725
14	0.02138	0.07045	0.30679	0.02428	0.06110	0.02195	0.10677	0.16658	0.08164	0.03280	0.01796	0.01993	0.01317	0.00850	0.00817	0.00258	0.01095	0.00722	0.00521	0.01259

[dist]
# distance from previous block
# <min> <max>
0	1

[block]
# block no. 4 follows, 22 sequences, length 182
# corresponding to MSA columns:
# 248-429
name=unknown_E
#
# <colnr> <probs for GDERKNQSTAVLIFYWHMCP>
#	G	D	E	R	K	N	Q	S	T	A	V	L	I	F	Y	W	H	M	C	P
0	0.45007	0.01741	0.01586	0.04019	0.01999	0.05113	0.01149	0.12189	0.01944	0.07089	0.01665	0.02110	0.01339	0.01296	0.05454	0.00338	0.00871	0.03504	0.00591	0.00997
1	0.73724	0.04367	0.01345	0.01106	0.01627	0.01920	0.00920	0.02444	0.01425	0.03657	0.01157	0.01349	0.00906	0.00769	0.00515	0.00254	0.00652	0.00450	0.00508	0.00906
2	0.03727	0.01414	0.01928	0.01478	0.02121	0.01221	0.01221	0.04049	0.02378	0.66198	0.03277	0.02828	0.02056	0.01028	0.00835	0.00257	0.00707	0.00835	0.01028	0.01414
3	0.02203	0.30296	0.22279	0.01934	0.02759	0.08150	0.04928	0.08873	0.06490	0.02639	0.01537	0.01710	0.01213	0.00805	0.00702	0.00226	0.01052	0.00595	0.00447	0.01161
4	0.01299	0.00879	0.01134	0.01053	0.01279	0.00801	0.00796	0.01672	0.02317	0.06643	0.57415	0.06162	0.12004	0.01694	0.00972	0.00263	0.00411	0.01486	0.00909	0.00811
5	0.03036	0.03768	0.02371	0.02132	0.02548	0.60967	0.01615	0.05993	0.02367	0.02179	0.01306	0.01538	0.01087	0.00895	0.00860	0.00224	0.05133	0.00555	0.00443	0.00981
6	0.01424	0.00909	0.01162	0.01091	0.01341	0.00822	0.00835	0.01767	0.02223	0.09935	0.43530	0.09543	0.15831	0.01763	0.00977	0.00274	0.00454	0.04397	0.00890	0.00833
7	0.01832	0.01522	0.02249	0.45861	0.04454	0.01790	0.01922	0.05628	0.10498	0.05709	0.01923	0.02381	0.01429	0.00887	0.00809	0.00263	0.00953	0.00762	0.04552	0.04575
8	0.02178	0.01696	0.02352	0.01951	0.02403	0.01821	0.10451	0.17948	0.10316	0.07904	0.06244	0.07112	0.02785	0.01393	0.01112	0.00301	0.07096	0.13094	0.00732	0.01109
9	0.12048	0.01698	0.02389	0.38723	0.11681	0.04152	0.01992	0.05650	0.01825	0.06482	0.01556	0.02060	0.01177	0.00864	0.00878	0.00270	0.04370	0.00698	0.00461	0.01024
10	0.05313	0.24627	0.41272	0.02077	0.03093	0.02352	0.05506	0.02580	0.01729	0.02475	0.01382	0.01631	0.01060	0.00760	0.00708	0.00237	0.01105	0.00573	0.00363	0.01158
11	0.06649	0.02175	0.02346	0.01818	0.02464	0.02382	0.01498	0.51215	0.06603	0.11184	0.02152	0.02102	0.01508	0.00996	0.00817	0.00252	0.00868	0.00752	0.00836	0.01384
12	0.05326	0.04780	0.02499	0.44682	0.07825	0.01791	0.06303	0.02191	0.01696	0.02400	0.01637	0.02247	0.01260	0.00827	0.00776	0.00258	0.00988	0.00733	0.10838	0.00943
13	0.01053	0.00779	0.01053	0.04878	0.01454	0.00749	0.00851	0.01241	0.01663	0.02214	0.08940	0.59019	0.08179	0.02417	0.01038	0.00326	0.00507	0.02182	0.00759	0.00698
14	0.02066	0.01785	0.01878	0.01691	0.02160	0.02066	0.01315	0.04414	0.64121	0.03475	0.03381	0.03099	0.02536	0.01127	0.00845	0.00282	0.00657	0.00939	0.00845	0.01315
15	0.01834	0.01473	0.01734	0.01244	0.01977	0.01114	0.00997	0.02200	0.01759	0.06221	0.01576	0.01784	0.01276	0.00638	0.00627	0.00130	0.00620	0.00511	0.00522	0.71761
16	0.01012	0.00723	0.00964	0.01157	0.01205	0.00675	0.00771	0.01157	0.01591	0.02121	0.04579	0.70262	0.05495	0.02603	0.01060	0.00337	0.00482	0.02362	0.00771	0.00675
17	0.01818	0.01818	0.02545	0.02181	0.02181	0.02545	0.01818	0.01999	0.01272	0.01999	0.01091	0.01818	0.01091	0.01454	0.02726	0.00364	0.69284	0.00727	0.00364	0.00909
18	0.01179	0.00879	0.01106	0.01096	0.01299	0.00823	0.00833	0.01588	0.04311	0.02982	0.43167	0.12777	0.15417	0.01881	0.00999	0.00284	0.00450	0.07287	0.00863	0.00778
19	0.03686	0.01479	0.01969	0.01509	0.02153	0.01318	0.01247	0.08275	0.02488	0.61816	0.03185	0.02768	0.02010	0.01026	0.00835	0.00256	0.00722	0.00829	0.01014	0.01414
20	0.03273	0.01365	0.01755	0.01380	0.01939	0.01243	0.01129	0.08257	0.02378	0.49543	0.03070	0.02813	0.02020	0.01014	0.00787	0.00244	0.00663	0.00817	0.15017	0.01293
21	0.01592	0.01534	0.02670	0.53785	0.05100	0.01840	0.08920	0.02117	0.01669	0.02176	0.01668	0.06351	0.01391	0.00958	0.00964	0.00286	0.04785	0.00864	0.00399	0.00929
22	0.01683	0.01538	0.02492	0.64000	0.05496	0.01898	0.02255	0.06487	0.01822	0.02346	0.01514	0.02199	0.01129	0.00843	0.00831	0.00275	0.01094	0.00739	0.00402	0.00958
23	0.74145	0.01600	0.01245	0.01106	0.01624	0.01841	0.00911	0.02498	0.01447	0.05892	0.01230	0.01401	0.00940	0.00780	0.00525	0.00257	0.00645	0.00463	0.00532	0.00918
24	0.01012	0.00723	0.00964	0.01157	0.01205	0.00675	0.00771	0.01157	0.01591	0.02121	0.04579	0.70262	0.05495	0.02603	0.01060	0.00337	0.00482	0.02362	0.00771	0.00675
25	0.01692	0.07425	0.63599	0.02324	0.03527	0.01993	0.02992	0.02624	0.01751	0.02599	0.01475	0.01734	0.01053	0.00786	0.00777	0.00259	0.01212	0.00606	0.00351	0.01220
26	0.01851	0.07197	0.53727	0.02447	0.06364	0.01963	0.05599	0.02708	0.01805	0.06485	0.01596	0.01835	0.01136	0.00794	0.00790	0.00259	0.01176	0.00642	0.00398	0.01230
27	0.01818	0.01818	0.02545	0.02181	0.02181	0.02545	0.01818	0.01999	0.01272	0.01999	0.01091	0.01818	0.01091	0.01454	0.02726	0.00364	0.69284	0.00727	0.00364	0.00909
28	0.01164	0.00840	0.01100	0.01053	0.01239	0.00776	0.00783	0.01538	0.02297	0.03244	0.60828	0.10810	0.07670	0.01763	0.00986	0.00267	0.00398	0.01564	0.00904	0.00776
29	0.01858	0.06754	0.55057	0.02342	0.03479	0.01947	0.06928	0.02729	0.01810	0.07173	0.01618	0.01847	0.01139	0.00797	0.00795	0.00260	0.01188	0.00648	0.00404	0.01227
30	0.01012	0.00723	0.00964	0.01157	0.01205	0.00675	0.00771	0.01157	0.01591	0.02121	0.04579	0.70262	0.05495	0.02603	0.01060	0.00337	0.00482	0.02362	0.00771	0.00675
31	0.01127	0.00783	0.00984	0.01061	0.01099	0.00783	0.00678	0.01223	0.01377	0.01854	0.03349	0.30999	0.03886	0.35405	0.11016	0.00686	0.00857	0.01627	0.00603	0.00602
32	0.01011	0.00729	0.00958	0.01141	0.01201	0.00676	0.00764	0.01159	0.01606	0.02127	0.04775	0.67080	0.08550	0.02577	0.01056	0.00334	0.00479	0.02331	0.00771	0.00676
33	0.02453	0.01852	0.02214	0.11982	0.06236	0.02045	0.01560	0.37460	0.03018	0.04102	0.05327	0.08364	0.02095	0.01133	0.00840	0.00258	0.00845	0.00928	0.06098	0.01191
34	0.01760	0.01726	0.02242	0.01964	0.02040	0.05328	0.01608	0.02073	0.04300	0.02140	0.05284	0.02339	0.01711	0.02117	0.11826	0.00487	0.48924	0.00799	0.00434	0.00898
