[name]
unknown

[dist]
# distance from previous block
# <min> <max>
0	6

[block]
# block no. 0 follows, 23 sequences, length 27
# corresponding to MSA columns:
# 6-32
name=unknown_A
#
# <colnr> <probs for GDERKNQSTAVLIFYWHMCP>
#	G	D	E	R	K	N	Q	S	T	A	V	L	I	F	Y	W	H	M	C	P
0	0.01308	0.00934	0.01308	0.01494	0.01681	0.00934	0.01308	0.01681	0.01868	0.02428	0.04296	0.09153	0.04670	0.02242	0.01121	0.00374	0.00747	0.60960	0.00747	0.00747
1	0.01180	0.00787	0.00885	0.00885	0.00885	0.00787	0.00492	0.01180	0.01180	0.01573	0.02557	0.05310	0.02950	0.71483	0.04130	0.00787	0.00787	0.01180	0.00492	0.00492
2	0.08118	0.03292	0.02338	0.07923	0.09590	0.50802	0.01675	0.03001	0.02129	0.02184	0.01290	0.01570	0.01062	0.00816	0.00730	0.00221	0.01318	0.00555	0.00418	0.00970
3	0.02008	0.01928	0.03294	0.04981	0.66422	0.01928	0.02490	0.02490	0.01848	0.02651	0.01526	0.02008	0.01285	0.00723	0.00803	0.00241	0.00964	0.00723	0.00402	0.01285
4	0.01981	0.01864	0.02970	0.08314	0.50750	0.01937	0.02252	0.02803	0.13557	0.02754	0.01851	0.02207	0.01494	0.00799	0.00808	0.00249	0.00911	0.00759	0.00478	0.01262
5	0.02161	0.01672	0.01809	0.01396	0.02038	0.05477	0.01112	0.05585	0.12444	0.11876	0.02011	0.02057	0.01526	0.00772	0.00686	0.00176	0.00687	0.00615	0.00623	0.45277
6	0.01616	0.01528	0.02585	0.58188	0.16280	0.01825	0.02295	0.02146	0.01662	0.02175	0.01457	0.02136	0.01117	0.00796	0.00810	0.00265	0.01061	0.00721	0.00368	0.00969
7	0.01557	0.01468	0.02479	0.66150	0.08777	0.01809	0.02266	0.02095	0.01634	0.02103	0.01447	0.02155	0.01092	0.00807	0.00811	0.00269	0.01075	0.00721	0.00363	0.00922
8	0.02848	0.03598	0.02169	0.01978	0.02384	0.62252	0.01484	0.03057	0.02260	0.02004	0.01870	0.02025	0.06798	0.00944	0.00752	0.00215	0.01370	0.00628	0.00448	0.00918
9	0.01162	0.00790	0.00880	0.00880	0.00903	0.00778	0.00502	0.01179	0.01236	0.01625	0.03026	0.05517	0.08187	0.65725	0.03867	0.00744	0.00756	0.01224	0.00513	0.00508
10	0.01532	0.01442	0.02434	0.69533	0.05589	0.01803	0.02253	0.02073	0.01622	0.02073	0.01442	0.02163	0.01082	0.00811	0.00811	0.00270	0.01082	0.00721	0.00361	0.00901
11	0.01971	0.02252	0.09623	0.07948	0.04143	0.01967	0.50209	0.02643	0.01903	0.06547	0.01708	0.02183	0.01252	0.00720	0.00923	0.00271	0.01291	0.00902	0.00438	0.01107
12	0.01532	0.01442	0.02434	0.69533	0.05589	0.01803	0.02253	0.02073	0.01622	0.02073	0.01442	0.02163	0.01082	0.00811	0.00811	0.00270	0.01082	0.00721	0.00361	0.00901
13	0.01927	0.01866	0.03248	0.15185	0.52908	0.01916	0.06186	0.02430	0.01816	0.02556	0.01520	0.02044	0.01249	0.00735	0.00814	0.00248	0.01007	0.00737	0.00396	0.01212
14	0.19597	0.16879	0.16588	0.02040	0.05939	0.05013	0.09741	0.02574	0.01690	0.06617	0.01416	0.01671	0.01100	0.00794	0.00799	0.00243	0.05199	0.00598	0.00438	0.01064
15	0.05426	0.16529	0.21792	0.01875	0.02671	0.04390	0.03843	0.22896	0.02434	0.05958	0.01650	0.01786	0.01222	0.00837	0.00724	0.00232	0.00976	0.00627	0.02935	0.01197
16	0.03085	0.02273	0.02435	0.01867	0.02516	0.02516	0.01542	0.63716	0.03815	0.05114	0.01948	0.01948	0.01380	0.00974	0.00812	0.00244	0.00893	0.00731	0.00812	0.01380
17	0.02950	0.02361	0.06210	0.01883	0.02556	0.02456	0.01616	0.57402	0.06500	0.04886	0.01981	0.01984	0.01410	0.00968	0.00810	0.00246	0.00899	0.00731	0.00785	0.01365
18	0.07354	0.42025	0.27185	0.01705	0.02571	0.02624	0.01943	0.02478	0.01653	0.02276	0.01249	0.01454	0.01025	0.00727	0.00611	0.00210	0.00972	0.00495	0.00357	0.01088
19	0.01819	0.21418	0.48770	0.02069	0.03110	0.04756	0.02534	0.02560	0.01719	0.02379	0.01365	0.01599	0.01032	0.00754	0.00706	0.00234	0.01125	0.00555	0.00347	0.01149
20	0.01776	0.22787	0.49991	0.02059	0.03120	0.02248	0.02556	0.02531	0.01695	0.02388	0.01366	0.01600	0.01032	0.00750	0.00702	0.00234	0.01108	0.00554	0.00344	0.01156
21	0.06258	0.25694	0.37931	0.02034	0.02998	0.02322	0.07372	0.02516	0.01690	0.02422	0.01347	0.01597	0.01040	0.00738	0.00690	0.00231	0.01073	0.00567	0.00359	0.01121
22	0.09983	0.02050	0.07466	0.06286	0.14264	0.04622	0.19022	0.05022	0.01939	0.10518	0.01827	0.02321	0.01418	0.00828	0.00811	0.00251	0.01015	0.03307	0.00518	0.06532
23	0.05354	0.05465	0.18160	0.09144	0.05998	0.09034	0.14085	0.07091	0.04680	0.06485	0.01661	0.01937	0.01235	0.00791	0.00785	0.00243	0.01090	0.00694	0.00477	0.05592
24	0.13041	0.07758	0.05698	0.03498	0.35652	0.01996	0.09236	0.02548	0.05073	0.02756	0.01651	0.02201	0.01389	0.00804	0.00766	0.00249	0.00938	0.03141	0.00447	0.01157
25	0.13034	0.09848	0.09937	0.05017	0.06496	0.20499	0.01614	0.08423	0.02085	0.07350	0.04141	0.04826	0.01580	0.00924	0.00725	0.00235	0.01009	0.00687	0.00522	0.01047
26	0.13131	0.02587	0.16117	0.04686	0.02605	0.10235	0.01720	0.20694	0.02391	0.06164	0.04218	0.01936	0.01439	0.00894	0.00799	0.00241	0.03113	0.00652	0.00574	0.05803

[dist]
# distance from previous block
# <min> <max>
14	22

[block]
# block no. 1 follows, 23 sequences, length 11
# corresponding to MSA columns:
# 55-65
name=unknown_B
#
# <colnr> <probs for GDERKNQSTAVLIFYWHMCP>
#	G	D	E	R	K	N	Q	S	T	A	V	L	I	F	Y	W	H	M	C	P
0	0.01925	0.01796	0.03146	0.02478	0.05040	0.01854	0.27430	0.08447	0.05130	0.04869	0.01829	0.02332	0.01468	0.01843	0.13805	0.00463	0.09003	0.00846	0.00494	0.05802
1	0.13111	0.05810	0.14573	0.09485	0.09130	0.09878	0.01843	0.15167	0.04419	0.04682	0.01617	0.01843	0.01218	0.00836	0.00729	0.00242	0.00978	0.00633	0.02685	0.01123
2	0.01759	0.01956	0.14625	0.50108	0.04849	0.01758	0.02289	0.02353	0.01709	0.08584	0.01619	0.02137	0.01163	0.00823	0.00804	0.00266	0.01065	0.00708	0.00421	0.01005
3	0.77215	0.01569	0.01193	0.01067	0.01569	0.01820	0.00879	0.02385	0.01381	0.03641	0.01130	0.01318	0.00879	0.00753	0.00502	0.00251	0.00628	0.00439	0.00502	0.00879
4	0.01385	0.01097	0.01161	0.01045	0.01379	0.01041	0.00811	0.13024	0.02279	0.02882	0.14548	0.06475	0.46274	0.01799	0.00931	0.00266	0.00498	0.01495	0.00783	0.00827
5	0.02581	0.01976	0.02258	0.01945	0.07594	0.02074	0.01453	0.40248	0.06766	0.04152	0.01871	0.01994	0.01406	0.00985	0.00893	0.04112	0.00819	0.00693	0.00693	0.15489
6	0.01999	0.01517	0.01262	0.01152	0.01429	0.13688	0.00867	0.08269	0.02001	0.05082	0.02326	0.02804	0.01885	0.06767	0.00926	0.00250	0.00678	0.00747	0.45497	0.00852
7	0.02949	0.02185	0.02357	0.01832	0.02449	0.02425	0.01507	0.58197	0.06465	0.04889	0.02020	0.02053	0.01459	0.01212	0.03882	0.00293	0.00940	0.00745	0.00795	0.01346
8	0.02918	0.02148	0.02560	0.02427	0.14554	0.02317	0.01698	0.48170	0.03344	0.08773	0.01952	0.02014	0.01404	0.00929	0.00810	0.00244	0.00893	0.00735	0.00747	0.01362
9	0.01930	0.01878	0.02769	0.15647	0.39075	0.06166	0.02098	0.02381	0.01806	0.02502	0.01477	0.01938	0.01217	0.00723	0.00762	0.00221	0.00950	0.00664	0.00410	0.15386
10	0.07894	0.01694	0.08432	0.29378	0.05318	0.01604	0.01741	0.07294	0.01938	0.02811	0.13653	0.02711	0.02345	0.00951	0.00787	0.00245	0.00853	0.00802	0.00523	0.09026

[dist]
# distance from previous block
# <min> <max>
17	33

[block]
# block no. 2 follows, 23 sequences, length 20
# corresponding to MSA columns:
# 99-118
name=unknown_C
#
# <colnr> <probs for GDERKNQSTAVLIFYWHMCP>
#	G	D	E	R	K	N	Q	S	T	A	V	L	I	F	Y	W	H	M	C	P
0	0.02096	0.19247	0.17056	0.06138	0.13155	0.02168	0.05771	0.06210	0.07415	0.07875	0.04096	0.02089	0.01557	0.00833	0.00747	0.00236	0.00948	0.00693	0.00501	0.01169
1	0.02013	0.04988	0.07775	0.06558	0.21265	0.12240	0.03849	0.02764	0.12108	0.02654	0.06497	0.02365	0.01888	0.00878	0.00776	0.00234	0.00937	0.00749	0.03495	0.05966
2	0.04377	0.27394	0.10329	0.06340	0.17511	0.02299	0.05814	0.02333	0.01708	0.02333	0.04627	0.01976	0.01493	0.01080	0.04364	0.00284	0.03613	0.00655	0.00402	0.01069
3	0.22478	0.14014	0.04443	0.05030	0.10595	0.02007	0.01448	0.06148	0.09410	0.06976	0.03842	0.02505	0.01748	0.00948	0.00703	0.00249	0.00776	0.05044	0.00567	0.01068
4	0.11890	0.01684	0.04513	0.05938	0.16049	0.04050	0.01469	0.02483	0.12435	0.02800	0.05524	0.10143	0.04134	0.01075	0.00771	0.00242	0.00742	0.00914	0.00570	0.12576
5	0.14091	0.02077	0.08369	0.08088	0.23927	0.08248	0.01833	0.02639	0.06952	0.06328	0.05043	0.05361	0.01804	0.00928	0.00767	0.00251	0.00897	0.00778	0.00520	0.01098
6	0.02050	0.02062	0.05084	0.03542	0.34736	0.06011	0.08423	0.05708	0.08320	0.02716	0.01690	0.02074	0.01372	0.00893	0.00992	0.03468	0.04185	0.00736	0.00466	0.05474
7	0.02084	0.01956	0.02553	0.03229	0.32989	0.07226	0.01844	0.07292	0.15397	0.02902	0.02068	0.05974	0.01744	0.00920	0.00796	0.00239	0.00868	0.00813	0.00550	0.08556
8	0.02118	0.05345	0.07788	0.03032	0.26521	0.02042	0.05023	0.11721	0.17373	0.03141	0.01993	0.02179	0.01548	0.00843	0.00789	0.00242	0.00887	0.00744	0.00562	0.06110
9	0.10083	0.04776	0.04653	0.05555	0.05082	0.10610	0.01458	0.16362	0.20643	0.03322	0.02581	0.02591	0.06817	0.01020	0.00772	0.00251	0.00852	0.00790	0.00649	0.01136
10	0.02354	0.02240	0.02615	0.02386	0.10216	0.14208	0.11540	0.14494	0.15348	0.05101	0.02333	0.04639	0.04027	0.00976	0.00827	0.00248	0.00983	0.00848	0.00617	0.04000
11	0.01561	0.01100	0.01316	0.01235	0.01528	0.01106	0.00953	0.02368	0.17573	0.08671	0.29067	0.10717	0.11971	0.01622	0.00931	0.00277	0.00511	0.05716	0.00849	0.00929
12	0.01013	0.00717	0.00934	0.01098	0.01139	0.00675	0.00720	0.01136	0.01505	0.02007	0.04226	0.62512	0.05056	0.11408	0.01434	0.00388	0.00511	0.02162	0.00720	0.00638
13	0.03085	0.02273	0.02435	0.01867	0.02516	0.02516	0.01542	0.63716	0.03815	0.05114	0.01948	0.01948	0.01380	0.00974	0.00812	0.00244	0.00893	0.00731	0.00812	0.01380
14	0.01180	0.00787	0.00885	0.00885	0.00885	0.00787	0.00492	0.01180	0.01180	0.01573	0.02557	0.05310	0.02950	0.71483	0.04130	0.00787	0.00787	0.01180	0.00492	0.00492
15	0.08862	0.02071	0.02182	0.01739	0.02323	0.02308	0.01417	0.47111	0.12879	0.04608	0.02191	0.04854	0.01668	0.01039	0.00798	0.00252	0.00816	0.00799	0.00786	0.01295
16	0.09610	0.42352	0.19348	0.01597	0.02365	0.05216	0.01716	0.02454	0.01691	0.02308	0.03960	0.01613	0.01302	0.00766	0.00608	0.00207	0.00929	0.00523	0.00388	0.01048
17	0.01890	0.40118	0.30023	0.01764	0.02635	0.02542	0.02030	0.02433	0.01656	0.02179	0.01321	0.01576	0.01091	0.01026	0.04401	0.00271	0.01077	0.00526	0.00350	0.01089
18	0.06711	0.02016	0.03035	0.08683	0.53819	0.06756	0.02308	0.02512	0.01837	0.02626	0.01476	0.01936	0.01229	0.00739	0.00780	0.00241	0.00987	0.00691	0.00406	0.01210
19	0.06485	0.22883	0.40427	0.02066	0.03050	0.02266	0.07331	0.02521	0.01691	0.02453	0.01359	0.01612	0.01039	0.00741	0.00699	0.00235	0.01085	0.00572	0.00359	0.01127

[dist]
# distance from previous block
# <min> <max>
1	4

[block]
# block no. 3 follows, 23 sequences, length 21
# corresponding to MSA columns:
# 123-143
name=unknown_D
#
# <colnr> <probs for GDERKNQSTAVLIFYWHMCP>
#	G	D	E	R	K	N	Q	S	T	A	V	L	I	F	Y	W	H	M	C	P
0	0.09210	0.06701	0.08080	0.01593	0.02231	0.04782	0.01411	0.28662	0.02641	0.03774	0.06034	0.02094	0.01696	0.00895	0.00721	0.00217	0.00812	0.00674	0.04312	0.13461
1	0.05755	0.20317	0.23332	0.01772	0.02545	0.02266	0.01848	0.06430	0.20073	0.05079	0.01978	0.02018	0.01496	0.00865	0.00714	0.00240	0.00892	0.00656	0.00540	0.01184
2	0.01180	0.00787	0.00885	0.00885	0.00885	0.00787	0.00492	0.01180	0.01180	0.01573	0.02557	0.05310	0.02950	0.71483	0.04130	0.00787	0.00787	0.01180	0.00492	0.00492
3	0.01916	0.02189	0.11033	0.09495	0.47715	0.01926	0.08885	0.02479	0.01821	0.02591	0.01523	0.02004	0.01233	0.00731	0.00816	0.00249	0.01043	0.00733	0.00392	0.01225
4	0.01057	0.00759	0.01003	0.01083	0.01192	0.00705	0.00759	0.01301	0.01871	0.02577	0.30758	0.43228	0.06345	0.02165	0.01002	0.00298	0.00433	0.01948	0.00813	0.00705
5	0.02078	0.02059	0.03226	0.04785	0.62093	0.06418	0.02428	0.02541	0.01878	0.02606	0.01508	0.01971	0.01269	0.00731	0.00798	0.00239	0.00998	0.00709	0.00403	0.01262
6	0.01814	0.01729	0.02942	0.31355	0.41567	0.01877	0.02394	0.02320	0.01756	0.02415	0.01492	0.02072	0.01202	0.00759	0.00807	0.00253	0.01012	0.00722	0.00385	0.01128
7	0.02737	0.02091	0.02242	0.01772	0.02380	0.02303	0.01442	0.45430	0.18347	0.04540	0.02240	0.02190	0.01632	0.00980	0.00801	0.00243	0.00814	0.00759	0.00793	0.06263
8	0.02340	0.01700	0.02066	0.02014	0.11348	0.01782	0.01401	0.27010	0.08546	0.09643	0.14867	0.03389	0.07953	0.01170	0.00852	0.00251	0.00725	0.00974	0.00782	0.01184
9	0.02219	0.49013	0.14758	0.01664	0.02399	0.13783	0.01695	0.02588	0.01768	0.02035	0.01205	0.01399	0.01040	0.00731	0.00599	0.00194	0.01024	0.00477	0.00358	0.01052
10	0.01889	0.01806	0.03078	0.21151	0.51183	0.01897	0.02431	0.02386	0.01791	0.02506	0.01505	0.02047	0.01234	0.00745	0.00805	0.00248	0.00993	0.00723	0.00391	0.01189
11	0.02803	0.04591	0.12051	0.01584	0.02269	0.01441	0.01485	0.05500	0.05597	0.37873	0.02734	0.02924	0.01954	0.01019	0.00802	0.00248	0.00777	0.05394	0.00792	0.08162
12	0.01134	0.00829	0.01064	0.01005	0.01203	0.00759	0.00754	0.01503	0.02262	0.03172	0.61522	0.06196	0.12179	0.01690	0.00957	0.00257	0.00385	0.01486	0.00882	0.00759
13	0.01083	0.00785	0.01016	0.01088	0.01218	0.00731	0.00787	0.01335	0.01868	0.02534	0.27569	0.33396	0.10965	0.04930	0.01133	0.00320	0.00471	0.07275	0.00794	0.00702
14	0.01180	0.00787	0.00885	0.00885	0.00885	0.00787	0.00492	0.01180	0.01180	0.01573	0.02557	0.05310	0.02950	0.71483	0.04130	0.00787	0.00787	0.01180	0.00492	0.00492
15	0.01996	0.02121	0.04263	0.06234	0.11195	0.02077	0.47178	0.07274	0.02021	0.02757	0.01625	0.02135	0.01237	0.00740	0.00976	0.00270	0.03445	0.00895	0.00437	0.01124
16	0.02442	0.01208	0.01614	0.05898	0.01979	0.01129	0.01103	0.06101	0.02329	0.33119	0.26452	0.04091	0.06457	0.01272	0.00873	0.00254	0.00603	0.01080	0.00899	0.01094
17	0.01598	0.01496	0.02460	0.56169	0.11947	0.01750	0.02161	0.02116	0.01653	0.02189	0.01451	0.02102	0.01115	0.00782	0.00791	0.00253	0.01025	0.00699	0.00376	0.07865
18	0.01965	0.01871	0.03119	0.10685	0.56637	0.01922	0.02390	0.02571	0.05952	0.02647	0.01635	0.02089	0.01344	0.00756	0.00805	0.00246	0.00954	0.00736	0.00426	0.01250
19	0.02066	0.02038	0.03237	0.04817	0.62799	0.05686	0.02438	0.02533	0.01873	0.02613	0.01511	0.01977	0.01272	0.00729	0.00799	0.00239	0.00992	0.00712	0.00403	0.01266
20	0.01720	0.11137	0.54770	0.02460	0.09125	0.02028	0.02782	0.02548	0.01719	0.02507	0.01428	0.01697	0.01053	0.00758	0.00747	0.00247	0.01143	0.00593	0.00349	0.01190

[dist]
# distance from previous block
# <min> <max>
42	79

[block]
# block no. 4 follows, 23 sequences, length 48
# corresponding to MSA columns:
# 235-282
name=unknown_E
#
# <colnr> <probs for GDERKNQSTAVLIFYWHMCP>
#	G	D	E	R	K	N	Q	S	T	A	V	L	I	F	Y	W	H	M	C	P
0	0.02846	0.04061	0.05138	0.05141	0.02568	0.05776	0.01572	0.39712	0.03090	0.12415	0.04524	0.02167	0.01640	0.00997	0.00899	0.00249	0.04454	0.00745	0.00741	0.01266
1	0.08015	0.02006	0.02128	0.01712	0.02270	0.02226	0.01387	0.45953	0.11015	0.04502	0.02301	0.08689	0.01865	0.01125	0.00813	0.00256	0.00802	0.00885	0.00786	0.01263
2	0.02508	0.26217	0.03122	0.05410	0.09537	0.02589	0.01603	0.29881	0.02642	0.03470	0.01570	0.01730	0.01229	0.00824	0.00701	0.00215	0.00888	0.00615	0.00568	0.04680
3	0.02931	0.02174	0.02366	0.01914	0.04536	0.02401	0.01521	0.56159	0.06848	0.04860	0.02032	0.02049	0.01462	0.00971	0.00802	0.00243	0.00862	0.00741	0.03780	0.01347
4	0.02701	0.12484	0.02646	0.07708	0.02653	0.05884	0.01571	0.36127	0.05592	0.07079	0.01806	0.01922	0.01343	0.00950	0.00897	0.00243	0.05822	0.00686	0.00661	0.01226
5	0.02315	0.01716	0.02058	0.14836	0.02773	0.01950	0.01488	0.26608	0.12502	0.06837	0.02188	0.02379	0.01628	0.01181	0.03532	0.00294	0.03632	0.00770	0.10165	0.01148
6	0.02833	0.02148	0.02483	0.01892	0.02523	0.02322	0.05829	0.53055	0.03437	0.04628	0.01933	0.02127	0.01442	0.04604	0.00984	0.00268	0.00906	0.00757	0.00750	0.05080
7	0.07742	0.01658	0.05108	0.08748	0.15546	0.01583	0.01601	0.05458	0.09830	0.22974	0.05895	0.06068	0.02157	0.01024	0.00808	0.00258	0.00777	0.00872	0.00704	0.01189
8	0.02377	0.05238	0.02105	0.01535	0.02131	0.01649	0.03207	0.13832	0.09300	0.16364	0.04661	0.02321	0.01811	0.01047	0.02768	0.00243	0.03419	0.00716	0.00688	0.24590
9	0.02020	0.09182	0.03131	0.09887	0.30630	0.02102	0.08186	0.08405	0.06567	0.02743	0.01756	0.04878	0.01488	0.00888	0.00899	0.00252	0.04547	0.00796	0.00475	0.01166
10	0.01809	0.01583	0.02133	0.08039	0.07739	0.01404	0.05684	0.08021	0.01921	0.02803	0.01865	0.02134	0.04593	0.00748	0.00701	0.00175	0.00748	0.00645	0.00504	0.46749
11	0.11959	0.00992	0.01122	0.01048	0.01309	0.00987	0.00800	0.01793	0.06129	0.03212	0.47038	0.05370	0.12191	0.01534	0.00884	0.00258	0.00437	0.01311	0.00820	0.00807
12	0.01593	0.05536	0.06979	0.01308	0.01695	0.12060	0.01113	0.04959	0.02160	0.02702	0.26525	0.04991	0.22324	0.01479	0.00874	0.00248	0.00687	0.01219	0.00695	0.00853
13	0.00987	0.00821	0.00850	0.00844	0.01098	0.00697	0.00625	0.01201	0.01863	0.02267	0.13539	0.07530	0.57675	0.05079	0.01099	0.00295	0.00425	0.01665	0.00755	0.00684
14	0.01821	0.01532	0.01779	0.01294	0.01986	0.01262	0.01042	0.07985	0.01875	0.02861	0.01480	0.01711	0.01215	0.00662	0.00683	0.00139	0.02715	0.00512	0.00509	0.66937
15	0.02491	0.30184	0.03189	0.02132	0.10757	0.19808	0.01595	0.11393	0.06645	0.02583	0.01483	0.01651	0.01224	0.00803	0.00676	0.00209	0.01023	0.00571	0.00472	0.01112
16	0.03585	0.01471	0.01939	0.01486	0.02116	0.01326	0.01228	0.09971	0.02473	0.60755	0.03075	0.02680	0.01945	0.01001	0.00816	0.00250	0.00711	0.00807	0.00985	0.01381
17	0.01755	0.04144	0.13391	0.22015	0.28013	0.01866	0.08258	0.02322	0.01748	0.02420	0.01651	0.05741	0.01396	0.00849	0.00820	0.00258	0.01044	0.00803	0.00399	0.01105
18	0.01860	0.09539	0.27385	0.05117	0.16235	0.02042	0.15816	0.04845	0.01862	0.02605	0.01610	0.02156	0.01285	0.00802	0.00811	0.00254	0.01123	0.03089	0.00404	0.01158
19	0.00959	0.00822	0.00822	0.00822	0.01096	0.00685	0.00617	0.01165	0.01850	0.02192	0.08220	0.07809	0.66092	0.02055	0.00959	0.00274	0.00411	0.01713	0.00754	0.00685
20	0.01749	0.05195	0.18588	0.18764	0.08426	0.02061	0.17429	0.02345	0.01671	0.02336	0.01426	0.01953	0.01116	0.00860	0.01131	0.00276	0.12517	0.00737	0.00370	0.01051
21	0.03340	0.01625	0.08149	0.01515	0.02174	0.01238	0.01349	0.03708	0.02233	0.58177	0.03084	0.05390	0.02048	0.01043	0.00820	0.00255	0.00731	0.00855	0.00930	0.01335
22	0.03518	0.01354	0.01844	0.01423	0.02029	0.01172	0.01172	0.03835	0.02321	0.63847	0.06292	0.02924	0.02287	0.01037	0.00823	0.00251	0.00675	0.00848	0.00999	0.01351
23	0.01750	0.01649	0.02728	0.35410	0.31185	0.01787	0.02230	0.02248	0.01724	0.02375	0.01478	0.02051	0.01180	0.00753	0.00788	0.00243	0.00985	0.00699	0.00390	0.08347
24	0.01744	0.05622	0.12453	0.32321	0.16753	0.06542	0.02207	0.02274	0.01751	0.02268	0.01875	0.02491	0.04573	0.00894	0.00801	0.00257	0.01047	0.02708	0.00402	0.01018
25	0.01915	0.01943	0.03928	0.07737	0.11238	0.01898	0.41745	0.02485	0.01851	0.05733	0.01867	0.07059	0.01553	0.00879	0.01006	0.00276	0.04359	0.00991	0.00458	0.01078
26	0.01556	0.01474	0.02439	0.63036	0.05255	0.01869	0.02207	0.02062	0.01586	0.02062	0.01406	0.02126	0.01080	0.00870	0.00990	0.00279	0.07725	0.00720	0.00360	0.00900
27	0.01685	0.01530	0.02530	0.45618	0.11114	0.01793	0.06384	0.04779	0.01752	0.02388	0.01586	0.02206	0.01222	0.00840	0.00879	0.00262	0.04053	0.00741	0.07677	0.00961
28	0.02699	0.01604	0.02393	0.14436	0.05934	0.04123	0.09602	0.03200	0.05298	0.34255	0.02593	0.06203	0.01871	0.00996	0.00842	0.00261	0.00880	0.00887	0.00734	0.01189
29	0.03019	0.01834	0.01921	0.01713	0.04916	0.14033	0.01313	0.03435	0.05809	0.39092	0.03082	0.03328	0.04829	0.01130	0.00835	0.00257	0.00841	0.06597	0.00820	0.01196
30	0.01494	0.01390	0.02328	0.64675	0.05275	0.01722	0.02147	0.02006	0.01618	0.02073	0.01657	0.07049	0.01386	0.00934	0.00827	0.00275	0.01038	0.00834	0.00388	0.00884
31	0.03259	0.01388	0.01820	0.01440	0.02015	0.01267	0.01174	0.03827	0.10236	0.54422	0.07673	0.03030	0.02469	0.01063	0.00827	0.00254	0.00663	0.00875	0.00974	0.01325
32	0.01855	0.02040	0.04270	0.15085	0.08892	0.02000	0.48444	0.02500	0.01859	0.02511	0.01599	0.02172	0.01209	0.00709	0.00921	0.00271	0.01289	0.00900	0.00401	0.01074
33	0.01895	0.01859	0.03343	0.07518	0.40308	0.01857	0.16280	0.02485	0.04278	0.02616	0.01884	0.02785	0.01634	0.00880	0.00871	0.00264	0.01029	0.06590	0.00451	0.01170
34	0.01974	0.47549	0.26963	0.01721	0.02598	0.02733	0.01968	0.02480	0.01672	0.02147	0.01246	0.01450	0.01036	0.00722	0.00611	0.00204	0.00987	0.00494	0.00345	0.01098
35	0.01168	0.00833	0.01119	0.01119	0.01200	0.00914	0.00783	0.01330	0.01249	0.01746	0.02343	0.04126	0.02436	0.35009	0.39901	0.01075	0.01560	0.01007	0.00460	0.00622
36	0.00959	0.00822	0.00822	0.00822	0.01096	0.00685	0.00617	0.01165	0.01850	0.02192	0.08220	0.07809	0.66092	0.02055	0.00959	0.00274	0.00411	0.01713	0.00754	0.00685
37	0.02182	0.01742	0.01988	0.04456	0.02299	0.01632	0.01228	0.24319	0.02450	0.03511	0.01625	0.01800	0.01261	0.00745	0.00686	0.00171	0.00728	0.00582	0.00595	0.46001
38	0.00989	0.00706	0.00942	0.01130	0.01177	0.00659	0.00753	0.01130	0.01554	0.02071	0.04472	0.70954	0.05367	0.02542	0.01036	0.00330	0.00471	0.02307	0.00753	0.00659
39	0.24346	0.34246	0.06132	0.04317	0.02196	0.02498	0.01361	0.08443	0.01819	0.06300	0.01351	0.01506	0.01080	0.00764	0.00585	0.00216	0.00816	0.00506	0.00474	0.01047
40	0.14601	0.01820	0.08765	0.33228	0.10841	0.01822	0.01945	0.05489	0.05167	0.02731	0.01588	0.02037	0.01206	0.00818	0.00742	0.00257	0.00933	0.00674	0.04327	0.01008
41	0.04243	0.50273	0.09846	0.05215	0.02424	0.08346	0.01569	0.02471	0.01703	0.02074	0.01204	0.01422	0.01046	0.00717	0.00582	0.00189	0.00941	0.00475	0.00365	0.04894
42	0.45487	0.01638	0.02045	0.16956	0.02882	0.01885	0.09966	0.02321	0.01503	0.03049	0.01268	0.01656	0.00984	0.00793	0.00753	0.00264	0.04597	0.00590	0.00449	0.00914
43	0.09244	0.02286	0.18956	0.14838	0.03237	0.01920	0.08219	0.02344	0.04850	0.02538	0.04772	0.02109	0.01474	0.00959	0.01171	0.00276	0.15406	0.00722	0.00430	0.04249
44	0.09430	0.02295	0.02244	0.01773	0.02382	0.08690	0.01444	0.46316	0.06493	0.04469	0.01854	0.01888	0.01351	0.00929	0.00767	0.00236	0.00897	0.00682	0.00731	0.05130
45	0.06587	0.02211	0.05620	0.01805	0.02431	0.02316	0.01540	0.46968	0.11590	0.04567	0.02157	0.02345	0.01617	0.01021	0.00808	0.00254	0.00856	0.03227	0.00771	0.01306
46	0.11905	0.01732	0.04483	0.01443	0.02060	0.04322	0.01209	0.08902	0.07023	0.23539	0.02272	0.04851	0.01687	0.00918	0.00725	0.00220	0.00721	0.00720	0.00712	0.20557
47	0.47908	0.01821	0.07540	0.06093	0.02077	0.04933	0.01217	0.02423	0.01600	0.07746	0.05025	0.05345	0.01593	0.00922	0.00635	0.00255	0.00737	0.00656	0.00543	0.00932

[dist]
# distance from previous block
# <min> <max>
7	23

[block]
# block no. 5 follows, 23 sequences, length 34
# corresponding to MSA columns:
# 306-339
name=unknown_F
#
# <colnr> <probs for GDERKNQSTAVLIFYWHMCP>
#	G	D	E	R	K	N	Q	S	T	A	V	L	I	F	Y	W	H	M	C	P
0	0.12561	0.45030	0.03260	0.01443	0.02009	0.11936	0.01314	0.02466	0.01679	0.02202	0.01236	0.01472	0.01093	0.00936	0.02852	0.00234	0.03527	0.00484	0.03289	0.00978
1	0.02502	0.42916	0.05701	0.01604	0.02298	0.02899	0.01502	0.25954	0.02482	0.03161	0.01454	0.01564	0.01171	0.00804	0.00641	0.00203	0.00889	0.00553	0.00525	0.01177
2	0.02225	0.67758	0.04142	0.01417	0.02109	0.03169	0.01398	0.06135	0.01780	0.02103	0.01178	0.01341	0.01062	0.00711	0.00538	0.00178	0.00869	0.00452	0.00375	0.01062
3	0.02249	0.60873	0.06765	0.01513	0.02196	0.10929	0.01480	0.02533	0.01729	0.01947	0.01157	0.01339	0.01041	0.00715	0.00557	0.00181	0.00953	0.00452	0.00355	0.01036
4	0.07005	0.17266	0.50346	0.02045	0.03097	0.02139	0.02535	0.02529	0.01677	0.02515	0.01369	0.01605	0.01020	0.00755	0.00703	0.00240	0.01095	0.00556	0.00355	0.01146
5	0.01591	0.01384	0.01811	0.01406	0.01986	0.01147	0.06194	0.02071	0.06090	0.02582	0.02175	0.15216	0.02099	0.01018	0.00731	0.00184	0.00643	0.00904	0.00552	0.50216
6	0.02169	0.71972	0.04252	0.01388	0.02083	0.03211	0.01388	0.02430	0.01649	0.01909	0.01128	0.01302	0.01041	0.00694	0.00521	0.00174	0.00868	0.00434	0.00347	0.01041
7	0.02169	0.71972	0.04252	0.01388	0.02083	0.03211	0.01388	0.02430	0.01649	0.01909	0.01128	0.01302	0.01041	0.00694	0.00521	0.00174	0.00868	0.00434	0.00347	0.01041
8	0.01775	0.01775	0.02485	0.02130	0.02130	0.02485	0.01775	0.01953	0.01243	0.01953	0.01065	0.01775	0.01065	0.01420	0.02663	0.00355	0.69998	0.00710	0.00355	0.00888
9	0.01700	0.07241	0.54303	0.02441	0.03556	0.01977	0.12451	0.02567	0.01742	0.02542	0.01469	0.01768	0.01061	0.00753	0.00788	0.00255	0.01209	0.00648	0.00354	0.01175
10	0.01556	0.01466	0.02476	0.66329	0.08608	0.01809	0.02265	0.02094	0.01634	0.02102	0.01446	0.02156	0.01092	0.00807	0.00811	0.00269	0.01076	0.00721	0.00363	0.00920
11	0.01548	0.01434	0.02327	0.61507	0.05136	0.01768	0.02114	0.02203	0.06072	0.02222	0.04673	0.02411	0.01495	0.00872	0.00819	0.00270	0.01017	0.00771	0.00419	0.00922
12	0.00959	0.00822	0.00822	0.00822	0.01096	0.00685	0.00617	0.01165	0.01850	0.02192	0.08220	0.07809	0.66092	0.02055	0.00959	0.00274	0.00411	0.01713	0.00754	0.00685
13	0.01871	0.03319	0.42837	0.02461	0.03493	0.01828	0.17876	0.02667	0.01813	0.07991	0.01648	0.01919	0.01170	0.00760	0.00813	0.00254	0.01168	0.00701	0.00422	0.04988
14	0.01180	0.00787	0.00885	0.00885	0.00885	0.00787	0.00492	0.01180	0.01180	0.01573	0.02557	0.05310	0.02950	0.71483	0.04130	0.00787	0.00787	0.01180	0.00492	0.00492
15	0.03641	0.01381	0.01883	0.01444	0.02071	0.01193	0.01193	0.03954	0.02322	0.66984	0.03201	0.02762	0.02009	0.01004	0.00816	0.00251	0.00690	0.00816	0.01004	0.01381
16	0.01683	0.01442	0.01683	0.01202	0.01923	0.01082	0.00961	0.02043	0.01683	0.02644	0.01442	0.01683	0.01202	0.00601	0.00601	0.00120	0.00601	0.00481	0.00481	0.76444
17	0.01757	0.01711	0.03023	0.37481	0.28786	0.01878	0.09084	0.02291	0.01741	0.02353	0.01496	0.02107	0.01176	0.00763	0.00824	0.00259	0.01068	0.00748	0.00382	0.01070
18	0.01713	0.01305	0.01541	0.01373	0.01765	0.01252	0.01080	0.16262	0.02182	0.02999	0.03183	0.24958	0.05029	0.01612	0.00883	0.00261	0.00647	0.11063	0.00697	0.20194
19	0.01968	0.01887	0.03221	0.10447	0.61270	0.01917	0.02470	0.02455	0.01829	0.02602	0.01519	0.02021	0.01268	0.00730	0.00804	0.00243	0.00974	0.00723	0.00398	0.01253
20	0.02586	0.02161	0.02145	0.01786	0.02327	0.07804	0.01425	0.31085	0.32045	0.04054	0.02518	0.02408	0.01861	0.01021	0.00811	0.00255	0.00825	0.00800	0.00785	0.01299
21	0.00982	0.00794	0.00873	0.00913	0.01125	0.00685	0.00662	0.01186	0.01814	0.02250	0.12073	0.23054	0.46472	0.02141	0.00978	0.00286	0.00423	0.01837	0.00765	0.00685
22	0.01607	0.01535	0.02645	0.58777	0.12785	0.01829	0.05110	0.02147	0.01663	0.02166	0.01461	0.02146	0.01113	0.00795	0.00817	0.00267	0.01081	0.00732	0.00368	0.00956
23	0.01699	0.08024	0.55064	0.02406	0.03524	0.01987	0.11034	0.02565	0.01736	0.02534	0.01461	0.01752	0.01056	0.00755	0.00781	0.00254	0.01202	0.00638	0.00352	0.01176
24	0.01569	0.01486	0.02505	0.63851	0.05382	0.01822	0.04733	0.02192	0.04394	0.02152	0.01531	0.02202	0.01149	0.00819	0.00818	0.00271	0.01074	0.00739	0.00383	0.00926
25	0.01054	0.00852	0.00954	0.01005	0.01255	0.00753	0.00805	0.01305	0.01855	0.02256	0.07151	0.08175	0.49366	0.02106	0.01003	0.00301	0.00503	0.17847	0.00752	0.00702
26	0.03282	0.01355	0.01800	0.01435	0.01999	0.01217	0.01163	0.03747	0.07512	0.56198	0.03316	0.08512	0.02330	0.01142	0.00835	0.00260	0.00668	0.00950	0.00968	0.01312
27	0.01797	0.03961	0.61786	0.02240	0.03391	0.01826	0.02846	0.02686	0.01764	0.07980	0.01603	0.01801	0.01110	0.00791	0.00775	0.00256	0.01156	0.00618	0.00398	0.01214
28	0.02048	0.01960	0.03317	0.04433	0.52139	0.01975	0.09076	0.05457	0.06347	0.02811	0.01682	0.02096	0.01367	0.00757	0.00822	0.00247	0.00983	0.00763	0.00451	0.01269
29	0.01119	0.00818	0.01079	0.01240	0.01378	0.00779	0.00968	0.01367	0.01728	0.02239	0.04922	0.36055	0.13570	0.02347	0.01061	0.00340	0.00579	0.26959	0.00751	0.00700
30	0.63027	0.01786	0.06800	0.01210	0.01761	0.01804	0.01084	0.05452	0.01581	0.03604	0.04691	0.01639	0.01282	0.00815	0.00565	0.00251	0.00676	0.00523	0.00525	0.00925
31	0.46610	0.09709	0.13392	0.01397	0.02055	0.02000	0.01370	0.05621	0.03716	0.05763	0.01380	0.01530	0.01044	0.00782	0.00590	0.00244	0.00772	0.00512	0.00502	0.01011
32	0.07030	0.05729	0.02459	0.01800	0.02444	0.02514	0.01499	0.57342	0.03575	0.04874	0.01863	0.01882	0.01336	0.00948	0.00780	0.00240	0.00877	0.00700	0.00772	0.01336
33	0.10913	0.38055	0.12765	0.01562	0.02268	0.05135	0.01565	0.10821	0.01981	0.02716	0.04510	0.01695	0.01395	0.00804	0.00625	0.00210	0.00891	0.00554	0.00458	0.01075

[dist]
# distance from previous block
# <min> <max>
8	12

[block]
# block no. 6 follows, 23 sequences, length 21
# corresponding to MSA columns:
# 352-372
name=unknown_G
#
# <colnr> <probs for GDERKNQSTAVLIFYWHMCP>
#	G	D	E	R	K	N	Q	S	T	A	V	L	I	F	Y	W	H	M	C	P
0	0.02001	0.31888	0.36461	0.01867	0.02816	0.02379	0.02201	0.02615	0.01732	0.07096	0.01451	0.01622	0.01106	0.00757	0.00671	0.00222	0.01025	0.00547	0.00394	0.01148
1	0.01930	0.02175	0.04157	0.12852	0.04209	0.06612	0.47178	0.02534	0.01865	0.02448	0.01557	0.02114	0.01188	0.00750	0.01007	0.00273	0.04823	0.00881	0.00401	0.01045
2	0.02109	0.06117	0.24522	0.02253	0.02969	0.13898	0.10349	0.07359	0.08933	0.02646	0.01623	0.01885	0.01250	0.00899	0.01020	0.00260	0.09651	0.00685	0.00455	0.01117
3	0.01020	0.00729	0.00975	0.01145	0.01212	0.00684	0.00790	0.01193	0.01626	0.02178	0.08819	0.62408	0.05484	0.02460	0.01036	0.00327	0.00482	0.05995	0.00763	0.00672
4	0.01409	0.00705	0.01057	0.01057	0.01057	0.00705	0.00705	0.01057	0.01057	0.01409	0.01409	0.02467	0.01409	0.02819	0.03171	0.76392	0.00705	0.00705	0.00352	0.00352
5	0.01592	0.03947	0.62366	0.02217	0.03341	0.01801	0.02832	0.02493	0.01756	0.02620	0.06247	0.02036	0.01520	0.00837	0.00785	0.00257	0.01139	0.00664	0.00383	0.01167
6	0.01816	0.03720	0.54080	0.02396	0.03502	0.01855	0.10923	0.02677	0.01785	0.07372	0.01611	0.01855	0.01128	0.00777	0.00799	0.00259	0.01184	0.00663	0.00401	0.01199
7	0.01931	0.01953	0.03436	0.02617	0.03264	0.01990	0.35493	0.03256	0.27563	0.02915	0.02432	0.02830	0.01886	0.00921	0.00911	0.00279	0.01046	0.03526	0.00594	0.01157
8	0.01915	0.02189	0.04788	0.03420	0.04241	0.02052	0.63475	0.02599	0.01915	0.02599	0.01642	0.02189	0.01231	0.00684	0.00958	0.00274	0.01368	0.00958	0.00410	0.01094
9	0.00961	0.00814	0.00830	0.00844	0.01102	0.00683	0.00626	0.01162	0.01829	0.02184	0.07956	0.12257	0.61815	0.02089	0.00964	0.00278	0.00415	0.01754	0.00753	0.00683
10	0.50134	0.02261	0.18996	0.07594	0.02453	0.01836	0.01570	0.02406	0.01492	0.03212	0.01245	0.01500	0.00937	0.00763	0.00602	0.00254	0.00822	0.00508	0.00447	0.00967
11	0.02008	0.01928	0.03294	0.04981	0.66422	0.01928	0.02490	0.02490	0.01848	0.02651	0.01526	0.02008	0.01285	0.00723	0.00803	0.00241	0.00964	0.00723	0.00402	0.01285
12	0.77215	0.01569	0.01193	0.01067	0.01569	0.01820	0.00879	0.02385	0.01381	0.03641	0.01130	0.01318	0.00879	0.00753	0.00502	0.00251	0.00628	0.00439	0.00502	0.00879
13	0.01132	0.00823	0.01057	0.01031	0.01209	0.00761	0.00767	0.01468	0.02143	0.02981	0.51813	0.11015	0.11286	0.04829	0.01109	0.00291	0.00426	0.04274	0.00849	0.00739
14	0.01973	0.01892	0.03230	0.09770	0.61908	0.01919	0.02473	0.02459	0.01831	0.02608	0.01520	0.02020	0.01270	0.00730	0.00804	0.00243	0.00973	0.00723	0.00399	0.01257
15	0.01532	0.01442	0.02434	0.69533	0.05589	0.01803	0.02253	0.02073	0.01622	0.02073	0.01442	0.02163	0.01082	0.00811	0.00811	0.00270	0.01082	0.00721	0.00361	0.00901
16	0.01709	0.01704	0.02770	0.24739	0.03599	0.02086	0.11557	0.02101	0.01508	0.02146	0.01309	0.01963	0.01107	0.01041	0.01625	0.00297	0.31097	0.00736	0.00375	0.06533
17	0.01727	0.01678	0.02873	0.02487	0.11970	0.01481	0.22156	0.02188	0.01770	0.02563	0.01874	0.09970	0.01709	0.00873	0.00801	0.00214	0.00896	0.00889	0.00477	0.31405
18	0.35549	0.01540	0.01534	0.06424	0.09769	0.06448	0.01159	0.02136	0.01554	0.02865	0.01899	0.12000	0.01838	0.06280	0.00929	0.00295	0.00736	0.00847	0.05332	0.00867
19	0.04123	0.02741	0.26552	0.02139	0.05730	0.06624	0.09536	0.06706	0.01929	0.02742	0.06107	0.02303	0.01702	0.05332	0.00990	0.00267	0.01017	0.00729	0.00466	0.12267
20	0.02178	0.12400	0.03585	0.02565	0.07114	0.02197	0.27268	0.18832	0.02344	0.03121	0.01932	0.09063	0.01672	0.00957	0.00852	0.00254	0.01048	0.00943	0.00544	0.01131

[dist]
# distance from previous block
# <min> <max>
21	40

[block]
# block no. 7 follows, 23 sequences, length 127
# corresponding to MSA columns:
# 413-539
name=unknown_H
#
# <colnr> <probs for GDERKNQSTAVLIFYWHMCP>
#	G	D	E	R	K	N	Q	S	T	A	V	L	I	F	Y	W	H	M	C	P
0	0.01084	0.00812	0.00969	0.00952	0.01131	0.00736	0.00684	0.01344	0.01956	0.02621	0.35531	0.11543	0.24208	0.11199	0.01389	0.00338	0.00452	0.01567	0.00787	0.00697
1	0.05723	0.16281	0.02713	0.05855	0.02556	0.07717	0.01513	0.37417	0.02955	0.07140	0.01730	0.01810	0.01280	0.00890	0.00735	0.00229	0.00924	0.00647	0.00657	0.01228
2	0.01253	0.00954	0.01186	0.01214	0.01446	0.00932	0.00983	0.01782	0.08114	0.02760	0.26258	0.07230	0.17545	0.01894	0.01004	0.00304	0.00545	0.22996	0.00806	0.00793
3	0.01034	0.00825	0.00926	0.00901	0.01142	0.00717	0.00675	0.01309	0.02026	0.02612	0.31045	0.07118	0.43006	0.01898	0.00958	0.00267	0.00400	0.01616	0.00809	0.00717
4	0.02008	0.01928	0.03294	0.04981	0.66422	0.01928	0.02490	0.02490	0.01848	0.02651	0.01526	0.02008	0.01285	0.00723	0.00803	0.00241	0.00964	0.00723	0.00402	0.01285
5	0.01871	0.01788	0.03045	0.23617	0.48859	0.01892	0.02422	0.02370	0.01783	0.02484	0.01502	0.02053	0.01227	0.00748	0.00806	0.00249	0.00998	0.00722	0.00390	0.01174
6	0.01602	0.01513	0.02560	0.60088	0.14490	0.01821	0.02288	0.02134	0.01655	0.02158	0.01455	0.02141	0.01111	0.00798	0.00810	0.00266	0.01064	0.00721	0.00367	0.00958
7	0.00961	0.00814	0.00831	0.00844	0.01102	0.00683	0.00626	0.01162	0.01828	0.02183	0.07946	0.12423	0.61655	0.02091	0.00965	0.00278	0.00415	0.01756	0.00753	0.00683
8	0.02087	0.01566	0.01731	0.01534	0.01974	0.01735	0.01197	0.03862	0.48205	0.11072	0.12463	0.03439	0.03178	0.01171	0.00844	0.00269	0.00610	0.00986	0.00857	0.01220
9	0.57196	0.01756	0.06031	0.01341	0.03892	0.01790	0.01123	0.06955	0.01683	0.03610	0.06841	0.01827	0.01527	0.00849	0.00594	0.00251	0.00678	0.00571	0.00545	0.00943
10	0.01955	0.01867	0.03149	0.12182	0.57461	0.01917	0.02425	0.02502	0.03857	0.02609	0.01574	0.02059	0.01301	0.00745	0.00805	0.00245	0.00967	0.00729	0.00411	0.01242
11	0.00997	0.00712	0.00949	0.01124	0.01179	0.00665	0.00754	0.01150	0.01591	0.02132	0.07614	0.67639	0.05484	0.02497	0.01032	0.00326	0.00466	0.02264	0.00760	0.00665
12	0.01959	0.40678	0.28059	0.01755	0.02619	0.02592	0.01992	0.04812	0.01743	0.02283	0.01326	0.01558	0.01088	0.00947	0.03296	0.00253	0.01046	0.00526	0.00367	0.01102
13	0.02855	0.07593	0.02464	0.01774	0.02381	0.02430	0.01471	0.54213	0.03475	0.04634	0.02075	0.07103	0.01654	0.01071	0.00806	0.00245	0.00859	0.00826	0.00771	0.01299
14	0.01013	0.00723	0.00969	0.01157	0.01215	0.00680	0.00795	0.01171	0.01577	0.02098	0.04459	0.66292	0.05314	0.02519	0.01042	0.00333	0.00492	0.06731	0.00753	0.00666
15	0.01850	0.01752	0.02902	0.26356	0.41497	0.01892	0.02326	0.02480	0.06245	0.02510	0.01624	0.02132	0.01302	0.00779	0.00808	0.00253	0.00981	0.00736	0.00418	0.01157
16	0.06230	0.04037	0.63255	0.02237	0.03394	0.01881	0.02869	0.02558	0.01693	0.02635	0.01436	0.01689	0.01019	0.00770	0.00755	0.00257	0.01164	0.00590	0.00352	0.01180
17	0.01136	0.00820	0.01074	0.01029	0.01210	0.00758	0.00765	0.01501	0.02241	0.03165	0.61353	0.10957	0.07484	0.01725	0.00963	0.00261	0.00389	0.01531	0.00883	0.00758
18	0.01723	0.01708	0.02475	0.02109	0.02159	0.02327	0.04424	0.01934	0.01278	0.01975	0.01196	0.01927	0.01164	0.01830	0.08806	0.00441	0.60544	0.00736	0.00365	0.00881
19	0.01616	0.01487	0.02434	0.65875	0.05423	0.01841	0.02215	0.05406	0.01741	0.02238	0.01470	0.02152	0.01098	0.00820	0.00811	0.00269	0.01071	0.00722	0.00385	0.00927
20	0.03367	0.01411	0.01921	0.06595	0.02339	0.01297	0.01279	0.03838	0.06709	0.57580	0.03076	0.02735	0.01972	0.00997	0.00816	0.00254	0.00717	0.00816	0.00943	0.01338
21	0.01549	0.01466	0.02333	0.48362	0.04434	0.01879	0.02027	0.01973	0.01527	0.02044	0.01581	0.07261	0.01401	0.01086	0.01268	0.00295	0.17406	0.00838	0.00389	0.00880
22	0.01748	0.03171	0.36474	0.06430	0.03943	0.01953	0.29377	0.02556	0.01797	0.02556	0.01536	0.01945	0.01120	0.00735	0.00855	0.00265	0.01267	0.00763	0.00373	0.01137
23	0.03212	0.01424	0.02032	0.01571	0.02168	0.01282	0.05718	0.03698	0.06730	0.52964	0.07831	0.02988	0.02411	0.01037	0.00838	0.00255	0.00713	0.00883	0.00940	0.01307
24	0.01757	0.15574	0.48633	0.02293	0.03358	0.02133	0.10301	0.02549	0.01727	0.02460	0.01423	0.01702	0.01056	0.00747	0.00751	0.00245	0.01163	0.00616	0.00352	0.01159
25	0.01099	0.00864	0.01285	0.01327	0.01426	0.00845	0.05367	0.01275	0.01548	0.02079	0.04023	0.59647	0.04759	0.05880	0.01257	0.00350	0.03496	0.02083	0.00698	0.00692
26	0.01537	0.01394	0.02304	0.55929	0.09453	0.01677	0.02067	0.02053	0.01694	0.02256	0.06383	0.02493	0.01646	0.00876	0.00808	0.00263	0.00982	0.00779	0.04492	0.00911
27	0.01713	0.01695	0.02546	0.55228	0.14042	0.06831	0.02236	0.02221	0.01706	0.02149	0.01440	0.02088	0.01108	0.00801	0.00804	0.00262	0.01094	0.00706	0.00371	0.00959
28	0.01240	0.00896	0.01224	0.01397	0.01572	0.00880	0.01184	0.01571	0.01825	0.02364	0.04606	0.17198	0.09250	0.02268	0.01098	0.00361	0.00686	0.48902	0.00748	0.00731
29	0.01977	0.08241	0.32000	0.02520	0.03444	0.01996	0.23047	0.02684	0.01819	0.09084	0.01656	0.01952	0.01199	0.00787	0.00900	0.00260	0.04106	0.00735	0.00434	0.01157
30	0.31636	0.01238	0.01382	0.01257	0.01614	0.01292	0.03656	0.02161	0.01624	0.12230	0.05015	0.16676	0.02657	0.05679	0.01063	0.03251	0.00650	0.05413	0.00649	0.00859
31	0.02169	0.71972	0.04252	0.01388	0.02083	0.03211	0.01388	0.02430	0.01649	0.01909	0.01128	0.01302	0.01041	0.00694	0.00521	0.00174	0.00868	0.00434	0.00347	0.01041
32	0.01611	0.00954	0.01230	0.01205	0.01486	0.00870	0.00973	0.01918	0.02009	0.14737	0.17018	0.11682	0.19486	0.01872	0.00986	0.00300	0.00564	0.19422	0.00826	0.00849
33	0.01699	0.13179	0.58926	0.02190	0.03323	0.02060	0.02785	0.02551	0.01705	0.02482	0.01413	0.01659	0.01030	0.00761	0.00738	0.00246	0.01155	0.00578	0.00343	0.01178
34	0.07144	0.02435	0.06021	0.01761	0.02286	0.16707	0.01468	0.28958	0.07457	0.03592	0.01899	0.02232	0.01496	0.01106	0.00943	0.05640	0.00963	0.03022	0.03759	0.01111
35	0.03597	0.01451	0.01926	0.01477	0.02106	0.01296	0.01220	0.08617	0.02439	0.62156	0.03103	0.02698	0.01960	0.01002	0.00816	0.00250	0.00706	0.00809	0.00989	0.01381
36	0.01842	0.01792	0.03128	0.25845	0.37230	0.01904	0.09220	0.02430	0.04008	0.02482	0.01574	0.02115	0.01255	0.00761	0.00824	0.00256	0.01037	0.00756	0.00404	0.01138
37	0.02598	0.01969	0.02010	0.01681	0.02204	0.06707	0.01339	0.23050	0.30291	0.11396	0.02679	0.02540	0.01949	0.01022	0.00800	0.00253	0.00773	0.00809	0.04653	0.01275
38	0.03085	0.02273	0.02435	0.01867	0.02516	0.02516	0.01542	0.63716	0.03815	0.05114	0.01948	0.01948	0.01380	0.00974	0.00812	0.00244	0.00893	0.00731	0.00812	0.01380
39	0.01290	0.00866	0.01125	0.01145	0.01312	0.00819	0.00834	0.04109	0.02006	0.06016	0.29684	0.35588	0.05947	0.02022	0.00986	0.00293	0.00473	0.03887	0.00826	0.00774
40	0.01627	0.04197	0.67279	0.02313	0.03512	0.01884	0.02998	0.02570	0.01713	0.02570	0.01456	0.01713	0.01028	0.00771	0.00771	0.00257	0.01199	0.00600	0.00343	0.01199
41	0.05117	0.02266	0.02081	0.01810	0.02214	0.24287	0.08337	0.07771	0.10484	0.02670	0.02540	0.14592	0.04314	0.01218	0.00818	0.00252	0.00968	0.01017	0.06280	0.00965
42	0.01008	0.00720	0.00964	0.01152	0.01208	0.00676	0.00787	0.01163	0.01573	0.02093	0.04462	0.67191	0.05324	0.02524	0.01041	0.00332	0.00488	0.05878	0.00753	0.00664
43	0.01715	0.03730	0.55106	0.02233	0.03304	0.01860	0.05236	0.07110	0.01921	0.02811	0.06075	0.02059	0.01533	0.00846	0.00795	0.00257	0.01125	0.00686	0.00420	0.01178
44	0.07717	0.06074	0.35230	0.02076	0.02934	0.19420	0.02233	0.10213	0.02098	0.02783	0.01428	0.01633	0.01065	0.00809	0.00737	0.00239	0.01178	0.00578	0.00432	0.01124
45	0.14760	0.01759	0.01822	0.01514	0.01965	0.04457	0.01227	0.24339	0.06301	0.08343	0.04648	0.02623	0.06254	0.01266	0.03384	0.00293	0.06784	0.00793	0.06377	0.01090
46	0.02948	0.02193	0.02339	0.01809	0.02425	0.04885	0.01486	0.50115	0.03383	0.08424	0.01918	0.01950	0.01377	0.00961	0.00874	0.00238	0.03927	0.00707	0.00762	0.07281
47	0.02791	0.01819	0.02048	0.01618	0.02177	0.01909	0.01303	0.35987	0.07551	0.16859	0.02440	0.05937	0.01890	0.06044	0.01047	0.00283	0.00787	0.00859	0.00806	0.05844
48	0.02002	0.28043	0.38185	0.01923	0.02875	0.05135	0.02256	0.02633	0.01752	0.06232	0.01437	0.01620	0.01093	0.00761	0.00683	0.00225	0.01062	0.00551	0.00388	0.01143
49	0.06922	0.02547	0.19555	0.05116	0.12638	0.04292	0.06504	0.18334	0.02306	0.05364	0.01990	0.05588	0.03332	0.00949	0.00804	0.00255	0.00988	0.00798	0.00547	0.01174
50	0.01845	0.02184	0.07641	0.12881	0.04398	0.02008	0.51573	0.02522	0.01863	0.02522	0.01603	0.02161	0.01199	0.00707	0.00927	0.00272	0.01318	0.00905	0.00400	0.01072
