[name]
unknown

[dist]
# distance from previous block
# <min> <max>
0	63

[block]
# block no. 0 follows, 24 sequences, length 11
# corresponding to MSA columns:
# 63-73
name=unknown_A
#
# <colnr> <probs for GDERKNQSTAVLIFYWHMCP>
#	G	D	E	R	K	N	Q	S	T	A	V	L	I	F	Y	W	H	M	C	P
0	0.01278	0.00913	0.01278	0.01460	0.01643	0.00913	0.01278	0.01643	0.01825	0.02373	0.04199	0.08945	0.04564	0.02191	0.01095	0.00365	0.00730	0.61847	0.00730	0.00730
1	0.03136	0.01759	0.08852	0.01561	0.02218	0.01443	0.01393	0.09567	0.08853	0.48262	0.02842	0.02542	0.01850	0.00964	0.00793	0.00248	0.00741	0.00777	0.00878	0.01321
2	0.02861	0.02145	0.02293	0.01793	0.02401	0.02387	0.01470	0.55657	0.12862	0.04750	0.02099	0.02059	0.01506	0.00970	0.00795	0.00243	0.00837	0.00741	0.00795	0.01335
3	0.03066	0.02138	0.02328	0.01785	0.02418	0.02335	0.01475	0.58732	0.03589	0.11004	0.02021	0.01980	0.01407	0.00955	0.00794	0.00239	0.00854	0.00722	0.00811	0.01349
4	0.16309	0.01139	0.01342	0.01200	0.01584	0.01071	0.00921	0.02329	0.01745	0.23794	0.03040	0.28566	0.02922	0.01466	0.00799	0.00261	0.00572	0.01249	0.00742	0.08947
5	0.02493	0.01912	0.02100	0.01577	0.02238	0.01925	0.01291	0.40723	0.02935	0.04078	0.01716	0.01805	0.01282	0.00813	0.00715	0.00192	0.00764	0.00621	0.00670	0.30149
6	0.01028	0.00733	0.00968	0.01095	0.01175	0.00689	0.00762	0.01219	0.01659	0.02244	0.16259	0.51080	0.05500	0.06089	0.01168	0.00335	0.00479	0.06109	0.00748	0.00661
7	0.09168	0.20886	0.41750	0.01979	0.02939	0.02170	0.05978	0.02461	0.01638	0.02453	0.01322	0.01563	0.01005	0.00728	0.00677	0.00231	0.01046	0.00551	0.00355	0.01097
8	0.02068	0.01751	0.01847	0.01633	0.02099	0.02017	0.01278	0.09776	0.60034	0.03472	0.03106	0.02861	0.02322	0.01064	0.00806	0.00266	0.00650	0.00880	0.00806	0.01264
9	0.01601	0.00964	0.01243	0.01119	0.01393	0.00906	0.00857	0.02090	0.06874	0.14345	0.48381	0.07968	0.06057	0.01507	0.00905	0.00253	0.00449	0.01319	0.00881	0.00885
10	0.01557	0.01072	0.01402	0.01481	0.01738	0.01101	0.01266	0.02219	0.12121	0.07317	0.03964	0.07526	0.04029	0.01923	0.01027	0.00341	0.00710	0.47586	0.00761	0.00860

[dist]
# distance from previous block
# <min> <max>
3	13

[block]
# block no. 1 follows, 24 sequences, length 24
# corresponding to MSA columns:
# 91-114
name=unknown_B
#
# <colnr> <probs for GDERKNQSTAVLIFYWHMCP>
#	G	D	E	R	K	N	Q	S	T	A	V	L	I	F	Y	W	H	M	C	P
0	0.01434	0.01308	0.02156	0.58535	0.04739	0.01591	0.01957	0.01937	0.01697	0.02221	0.12446	0.02757	0.02142	0.00933	0.00817	0.00262	0.00942	0.00828	0.00440	0.00858
1	0.15061	0.02016	0.01840	0.01605	0.02086	0.10252	0.01264	0.13766	0.36792	0.03467	0.02404	0.02314	0.01807	0.00966	0.00740	0.00252	0.00764	0.00740	0.00702	0.01162
2	0.65238	0.01503	0.01279	0.01105	0.01616	0.01676	0.00910	0.02589	0.01505	0.14368	0.01445	0.01526	0.01045	0.00777	0.00542	0.00245	0.00624	0.00491	0.00573	0.00941
3	0.20477	0.01382	0.01526	0.01179	0.01774	0.01232	0.00953	0.02434	0.01749	0.16596	0.06579	0.02100	0.01735	0.00784	0.00634	0.00185	0.00596	0.00601	0.00613	0.36870
4	0.09719	0.02016	0.06930	0.01642	0.02246	0.01993	0.01421	0.34337	0.10197	0.12668	0.06984	0.02358	0.01943	0.00985	0.00775	0.00245	0.00779	0.00764	0.00763	0.01234
5	0.12349	0.01404	0.01752	0.01372	0.01947	0.01311	0.01129	0.08068	0.02266	0.51383	0.06634	0.02664	0.02117	0.00988	0.00768	0.00245	0.00664	0.00785	0.00901	0.01254
6	0.05557	0.01562	0.01877	0.01487	0.02072	0.01537	0.01211	0.12865	0.15281	0.39230	0.02794	0.02522	0.01879	0.00964	0.00776	0.00241	0.00688	0.00773	0.00871	0.05814
7	0.01824	0.01404	0.01663	0.01197	0.01893	0.01067	0.00961	0.02172	0.01703	0.08689	0.01571	0.01743	0.01248	0.00624	0.00607	0.00129	0.00595	0.00501	0.00518	0.69892
8	0.01963	0.01884	0.03219	0.04867	0.67185	0.01884	0.02434	0.02434	0.01806	0.02591	0.01492	0.01963	0.01256	0.00707	0.00785	0.00236	0.00942	0.00707	0.00393	0.01256
9	0.02513	0.01725	0.01951	0.01524	0.02134	0.01730	0.01234	0.23123	0.16287	0.15558	0.02280	0.02207	0.01646	0.00884	0.00740	0.00213	0.00705	0.00702	0.00742	0.22101
10	0.00966	0.00690	0.00920	0.01104	0.01150	0.00644	0.00736	0.01104	0.01518	0.02024	0.04371	0.71614	0.05245	0.02484	0.01012	0.00322	0.00460	0.02254	0.00736	0.00644
11	0.03478	0.01367	0.01838	0.01421	0.02026	0.01206	0.01170	0.03882	0.05471	0.64486	0.03133	0.02712	0.01986	0.00986	0.00798	0.00247	0.00672	0.00802	0.00973	0.01345
12	0.01153	0.00769	0.00865	0.00865	0.00865	0.00769	0.00480	0.01153	0.01153	0.01538	0.02499	0.05189	0.02883	0.72131	0.04036	0.00769	0.00769	0.01153	0.00480	0.00480
13	0.03014	0.02221	0.02380	0.01825	0.02459	0.02459	0.01507	0.64541	0.03728	0.04998	0.01904	0.01904	0.01349	0.00952	0.00793	0.00238	0.00873	0.00714	0.00793	0.01349
14	0.00937	0.00803	0.00803	0.00803	0.01071	0.00669	0.00602	0.01138	0.01807	0.02142	0.08033	0.07632	0.66863	0.02008	0.00937	0.00268	0.00402	0.01674	0.00736	0.00669
15	0.02088	0.68473	0.08011	0.01411	0.02120	0.03059	0.01452	0.02383	0.01615	0.01905	0.01122	0.01296	0.01017	0.00683	0.00524	0.00175	0.00868	0.00434	0.00339	0.01027
16	0.01491	0.01372	0.02309	0.66672	0.05234	0.01707	0.02125	0.01975	0.01557	0.01993	0.01408	0.02129	0.01074	0.00894	0.00911	0.04201	0.01038	0.00704	0.00352	0.00853
17	0.00937	0.00803	0.00803	0.00803	0.01071	0.00669	0.00602	0.01138	0.01807	0.02142	0.08033	0.07632	0.66863	0.02008	0.00937	0.00268	0.00402	0.01674	0.00736	0.00669
18	0.01278	0.00913	0.01278	0.01460	0.01643	0.00913	0.01278	0.01643	0.01825	0.02373	0.04199	0.08945	0.04564	0.02191	0.01095	0.00365	0.00730	0.61847	0.00730	0.00730
19	0.03047	0.02169	0.02348	0.01800	0.02433	0.02382	0.01487	0.60930	0.03642	0.08731	0.01977	0.01951	0.01385	0.00954	0.00794	0.00238	0.00861	0.00719	0.00804	0.01349
20	0.01749	0.01645	0.02697	0.03982	0.52189	0.01622	0.02057	0.02169	0.01807	0.02502	0.02755	0.03328	0.12529	0.01013	0.00829	0.00249	0.00838	0.04444	0.00470	0.01126
21	0.05213	0.06121	0.02430	0.02228	0.13229	0.02252	0.01566	0.32613	0.19191	0.03923	0.02100	0.02127	0.01572	0.00919	0.00768	0.00242	0.00810	0.00733	0.00692	0.01272
22	0.02711	0.01927	0.02130	0.01633	0.02266	0.02004	0.01337	0.41031	0.07785	0.10771	0.02026	0.02010	0.01456	0.00889	0.00752	0.00216	0.00776	0.00686	0.00747	0.16844
23	0.01719	0.03593	0.53166	0.02189	0.03255	0.01824	0.06224	0.07127	0.01837	0.02707	0.01469	0.01716	0.01058	0.00748	0.00751	0.00239	0.01104	0.00605	0.00386	0.08283

[dist]
# distance from previous block
# <min> <max>
10	23

[block]
# block no. 2 follows, 24 sequences, length 20
# corresponding to MSA columns:
# 138-157
name=unknown_C
#
# <colnr> <probs for GDERKNQSTAVLIFYWHMCP>
#	G	D	E	R	K	N	Q	S	T	A	V	L	I	F	Y	W	H	M	C	P
0	0.68383	0.01543	0.01244	0.01104	0.01584	0.01774	0.00901	0.06909	0.01535	0.03590	0.01325	0.04796	0.01111	0.00838	0.00539	0.00249	0.00625	0.00540	0.00525	0.00885
1	0.22738	0.00941	0.00978	0.01053	0.01239	0.00974	0.00749	0.01457	0.01474	0.02444	0.03620	0.43726	0.08392	0.05382	0.01008	0.00318	0.00514	0.01640	0.00654	0.00699
2	0.02068	0.00912	0.01051	0.00930	0.01236	0.00860	0.00728	0.02420	0.01835	0.21322	0.02740	0.02883	0.02013	0.00940	0.00623	0.00202	0.00456	0.00756	0.55113	0.00912
3	0.02518	0.01813	0.02355	0.01841	0.02388	0.01901	0.10435	0.35138	0.04820	0.11007	0.02411	0.11743	0.02000	0.01128	0.00833	0.00253	0.00829	0.00975	0.04435	0.01178
4	0.23217	0.01445	0.01509	0.01137	0.01781	0.01262	0.00917	0.02091	0.01561	0.02860	0.01323	0.01543	0.01085	0.00629	0.00560	0.00154	0.00595	0.00458	0.00476	0.55398
5	0.01155	0.00976	0.01065	0.00926	0.01311	0.00787	0.00711	0.01414	0.01801	0.02362	0.11510	0.05778	0.42825	0.01570	0.00838	0.00223	0.00452	0.01310	0.00673	0.22312
6	0.01603	0.01409	0.01852	0.20751	0.02895	0.01257	0.01298	0.02005	0.01628	0.02426	0.01409	0.01778	0.01141	0.00646	0.00646	0.00159	0.00720	0.00536	0.00437	0.55404
7	0.02068	0.00912	0.01051	0.00930	0.01236	0.00860	0.00728	0.02420	0.01835	0.21322	0.02740	0.02883	0.02013	0.00940	0.00623	0.00202	0.00456	0.00756	0.55113	0.00912
8	0.01189	0.00850	0.01176	0.01359	0.01503	0.00837	0.01124	0.01490	0.01738	0.02274	0.04247	0.26712	0.04757	0.02274	0.01072	0.00353	0.00654	0.44952	0.00732	0.00706
9	0.01151	0.00976	0.01061	0.00923	0.01309	0.00785	0.00709	0.01408	0.01793	0.02343	0.10451	0.05809	0.43896	0.01577	0.00838	0.00224	0.00452	0.01315	0.00671	0.22310
10	0.02187	0.01392	0.01700	0.01242	0.01920	0.01088	0.01004	0.02526	0.01822	0.21055	0.01897	0.01943	0.01398	0.00699	0.00647	0.00154	0.00612	0.00563	0.00615	0.55537
11	0.01217	0.01125	0.01961	0.01675	0.01982	0.01035	0.18730	0.01518	0.01680	0.02196	0.04365	0.38319	0.17195	0.01868	0.00975	0.00295	0.00696	0.01757	0.00641	0.00770
12	0.01791	0.01882	0.03608	0.02577	0.03345	0.01671	0.41950	0.02348	0.01791	0.02556	0.01536	0.01965	0.01193	0.00640	0.00813	0.00214	0.01072	0.00771	0.00425	0.27850
13	0.01644	0.01409	0.01644	0.01175	0.01879	0.01057	0.00940	0.01997	0.01644	0.02584	0.01409	0.01644	0.01175	0.00587	0.00587	0.00117	0.00587	0.00470	0.00470	0.76979
14	0.01238	0.00787	0.00939	0.00949	0.00993	0.00777	0.00578	0.01288	0.01274	0.04853	0.02827	0.16108	0.03196	0.54187	0.06134	0.00690	0.00770	0.01307	0.00545	0.00560
15	0.12874	0.01945	0.02027	0.01642	0.02203	0.02176	0.01334	0.36504	0.20930	0.06908	0.02221	0.02152	0.01611	0.00959	0.00756	0.00248	0.00760	0.00731	0.00764	0.01256
16	0.01133	0.00850	0.01274	0.01274	0.01416	0.00991	0.00991	0.01416	0.01274	0.01841	0.02124	0.03115	0.01982	0.05947	0.68989	0.01274	0.02124	0.00850	0.00425	0.00708
17	0.02083	0.67862	0.08580	0.01419	0.02132	0.03048	0.01466	0.02384	0.01616	0.01910	0.01125	0.01300	0.01017	0.00684	0.00526	0.00175	0.00870	0.00435	0.00339	0.01028
18	0.00964	0.00698	0.00912	0.01082	0.01144	0.00646	0.00726	0.01107	0.01539	0.02033	0.04639	0.66934	0.09752	0.02450	0.01007	0.00318	0.00456	0.02212	0.00736	0.00646
19	0.01837	0.02036	0.04103	0.03020	0.03616	0.02114	0.48288	0.02378	0.01703	0.02378	0.01460	0.02036	0.01162	0.00853	0.01362	0.00288	0.19088	0.00874	0.00387	0.01018

[dist]
# distance from previous block
# <min> <max>
0	1

[block]
# block no. 3 follows, 24 sequences, length 22
# corresponding to MSA columns:
# 159-180
name=unknown_D
#
# <colnr> <probs for GDERKNQSTAVLIFYWHMCP>
#	G	D	E	R	K	N	Q	S	T	A	V	L	I	F	Y	W	H	M	C	P
0	0.03380	0.01459	0.01887	0.01466	0.02068	0.01351	0.01205	0.09583	0.07468	0.56714	0.03021	0.02645	0.01942	0.00986	0.00798	0.00247	0.00690	0.00798	0.00950	0.01342
1	0.02125	0.01707	0.02807	0.04031	0.52494	0.01683	0.02092	0.02565	0.01853	0.11099	0.01807	0.02152	0.01421	0.00763	0.00765	0.00232	0.00854	0.00721	0.07611	0.01220
2	0.03238	0.01383	0.01887	0.07881	0.02350	0.01286	0.01270	0.03720	0.07267	0.56436	0.02975	0.02665	0.01914	0.00971	0.00798	0.00249	0.00707	0.00797	0.00909	0.01298
3	0.01007	0.00719	0.00967	0.01151	0.01215	0.00679	0.00807	0.01175	0.01558	0.02070	0.04348	0.63413	0.05156	0.02446	0.01023	0.00328	0.00495	0.10053	0.00735	0.00655
4	0.01227	0.00894	0.01207	0.01355	0.01549	0.00874	0.01167	0.01571	0.01841	0.02377	0.07355	0.08645	0.12840	0.02143	0.01068	0.00347	0.00672	0.51410	0.00737	0.00723
5	0.02964	0.03713	0.02253	0.02034	0.02452	0.66111	0.01531	0.05786	0.02310	0.02071	0.01255	0.01450	0.01035	0.00823	0.00718	0.00206	0.01406	0.00519	0.00425	0.00938
6	0.01133	0.00850	0.01274	0.01274	0.01416	0.00991	0.00991	0.01416	0.01274	0.01841	0.02124	0.03115	0.01982	0.05947	0.68989	0.01274	0.02124	0.00850	0.00425	0.00708
7	0.03085	0.02108	0.02310	0.01771	0.02403	0.02291	0.01463	0.56648	0.03539	0.13159	0.02063	0.02007	0.01428	0.00956	0.00794	0.00239	0.00847	0.00725	0.00818	0.01349
8	0.01614	0.07081	0.65245	0.02221	0.03371	0.01898	0.02861	0.02505	0.01671	0.02483	0.01409	0.01657	0.01005	0.00750	0.00743	0.00248	0.01158	0.00579	0.00335	0.01165
9	0.01019	0.00712	0.00905	0.01037	0.01070	0.00679	0.00664	0.01118	0.01416	0.01888	0.03846	0.53006	0.04583	0.21995	0.01859	0.00447	0.00547	0.01946	0.00664	0.00598
10	0.01324	0.00689	0.01018	0.01042	0.01048	0.00683	0.00695	0.01042	0.01097	0.01462	0.01769	0.11466	0.01883	0.02719	0.02826	0.66904	0.00659	0.00894	0.00396	0.00384
11	0.01630	0.01545	0.02618	0.51565	0.23084	0.01797	0.02268	0.02142	0.01648	0.02187	0.01433	0.02071	0.01114	0.00768	0.00791	0.00256	0.01024	0.00705	0.00364	0.00988
12	0.03204	0.10638	0.02090	0.01376	0.01969	0.01395	0.01162	0.03509	0.02182	0.54725	0.07191	0.02732	0.02215	0.00985	0.00769	0.00236	0.00677	0.00792	0.00890	0.01265
13	0.12710	0.02847	0.02161	0.01823	0.02335	0.32875	0.01434	0.28290	0.02739	0.03408	0.01489	0.01606	0.01135	0.00862	0.00718	0.00223	0.01095	0.00584	0.00577	0.01088
14	0.01119	0.00759	0.00893	0.00918	0.00943	0.00746	0.00549	0.01177	0.01317	0.01774	0.08842	0.16464	0.03713	0.53769	0.03235	0.00645	0.00680	0.01365	0.00560	0.00533
15	0.01535	0.01447	0.02445	0.65015	0.10382	0.01772	0.02221	0.02059	0.01603	0.02071	0.01416	0.02102	0.01073	0.00786	0.00792	0.00262	0.01048	0.00705	0.00356	0.00911
16	0.74162	0.01566	0.01224	0.01080	0.01578	0.01811	0.00890	0.05304	0.01463	0.03627	0.01142	0.01318	0.00882	0.00746	0.00505	0.00245	0.00626	0.00443	0.00505	0.00882
17	0.02596	0.01602	0.01925	0.01610	0.02072	0.01753	0.01298	0.07003	0.30011	0.27558	0.02833	0.02644	0.02010	0.01074	0.01038	0.00269	0.09825	0.00823	0.00812	0.01245
18	0.01408	0.00803	0.01000	0.01036	0.01173	0.00751	0.00711	0.01572	0.01571	0.10598	0.03728	0.37635	0.06212	0.16371	0.01543	0.00384	0.00537	0.01619	0.10634	0.00716
19	0.01366	0.00747	0.00833	0.00857	0.01018	0.00760	0.00635	0.01695	0.01593	0.02689	0.02758	0.11908	0.02444	0.01784	0.09569	0.00345	0.00611	0.00951	0.56714	0.00723
20	0.31516	0.01532	0.01492	0.01268	0.01744	0.01690	0.01025	0.13223	0.12760	0.11505	0.02074	0.02104	0.01521	0.00889	0.00642	0.00239	0.00629	0.00649	0.12450	0.01049
21	0.02986	0.02076	0.02388	0.02056	0.08473	0.02237	0.01550	0.50823	0.03358	0.12933	0.02024	0.02013	0.01420	0.00933	0.00793	0.00239	0.00853	0.00724	0.00780	0.01340

[dist]
# distance from previous block
# <min> <max>
0	7

[block]
# block no. 4 follows, 24 sequences, length 10
# corresponding to MSA columns:
# 188-197
name=unknown_E
#
# <colnr> <probs for GDERKNQSTAVLIFYWHMCP>
#	G	D	E	R	K	N	Q	S	T	A	V	L	I	F	Y	W	H	M	C	P
0	0.40103	0.01607	0.01562	0.01313	0.01839	0.01765	0.01070	0.10526	0.12806	0.17234	0.01990	0.01945	0.01417	0.00872	0.00646	0.00248	0.00660	0.00621	0.00685	0.01089
1	0.08332	0.02879	0.01981	0.01751	0.02144	0.41766	0.01318	0.13727	0.02278	0.02546	0.01529	0.02071	0.01348	0.11591	0.01213	0.00299	0.01170	0.00638	0.00494	0.00925
2	0.01478	0.00739	0.00739	0.00739	0.00924	0.00739	0.00554	0.01848	0.01663	0.02956	0.02587	0.02956	0.02033	0.00924	0.00554	0.00185	0.00370	0.00739	0.76534	0.00739
3	0.66293	0.01574	0.01311	0.01132	0.01643	0.01786	0.00933	0.07318	0.01605	0.08506	0.01319	0.01443	0.00980	0.00771	0.00538	0.00245	0.00638	0.00479	0.00551	0.00934
4	0.01691	0.01055	0.01369	0.01325	0.01599	0.01032	0.01081	0.08361	0.02163	0.11732	0.20845	0.13600	0.04746	0.01776	0.00971	0.00299	0.00610	0.24058	0.00810	0.00874
5	0.01529	0.00839	0.00848	0.00830	0.01042	0.00867	0.00627	0.02093	0.08303	0.02994	0.02653	0.02957	0.02073	0.00940	0.00580	0.00193	0.00396	0.00755	0.68688	0.00793
6	0.42605	0.01509	0.01454	0.01220	0.01731	0.01633	0.00998	0.08824	0.05560	0.19296	0.01903	0.01907	0.01349	0.00850	0.00618	0.00242	0.00637	0.00596	0.06027	0.01041
7	0.13357	0.01796	0.02847	0.09132	0.52711	0.01859	0.02179	0.02388	0.01721	0.02695	0.01427	0.01872	0.01181	0.00717	0.00741	0.00239	0.00901	0.00665	0.00404	0.01168
8	0.14137	0.01455	0.01686	0.01359	0.01909	0.01426	0.01103	0.07291	0.11967	0.34333	0.04926	0.02684	0.04378	0.00986	0.00746	0.00239	0.00644	0.00780	0.00815	0.07138
9	0.02245	0.34733	0.22278	0.01713	0.02505	0.07467	0.01821	0.07317	0.01905	0.09120	0.01476	0.01597	0.01137	0.00763	0.00647	0.00209	0.00970	0.00538	0.00444	0.01115

[dist]
# distance from previous block
# <min> <max>
2	9

[block]
# block no. 5 follows, 24 sequences, length 18
# corresponding to MSA columns:
# 207-224
name=unknown_F
#
# <colnr> <probs for GDERKNQSTAVLIFYWHMCP>
#	G	D	E	R	K	N	Q	S	T	A	V	L	I	F	Y	W	H	M	C	P
0	0.02124	0.01659	0.01866	0.01410	0.02061	0.01545	0.01138	0.18972	0.10017	0.05886	0.01830	0.01915	0.01403	0.00759	0.00677	0.00173	0.00672	0.00600	0.00617	0.44675
1	0.54759	0.01572	0.01533	0.15569	0.02441	0.01840	0.01201	0.08135	0.01623	0.03374	0.01243	0.01519	0.00946	0.00768	0.00582	0.00249	0.00731	0.00514	0.00490	0.00910
2	0.03005	0.02172	0.02244	0.01764	0.02363	0.07331	0.01439	0.46162	0.08406	0.13732	0.02136	0.02068	0.01499	0.00956	0.00789	0.00239	0.00867	0.00725	0.00792	0.01308
3	0.01498	0.01409	0.02378	0.70226	0.05462	0.01762	0.02202	0.02026	0.01586	0.02026	0.01409	0.02114	0.01057	0.00793	0.00793	0.00264	0.01057	0.00705	0.00352	0.00881
4	0.01124	0.00810	0.01066	0.01036	0.01214	0.00753	0.00784	0.01483	0.02172	0.03054	0.58677	0.10125	0.07146	0.01713	0.00951	0.00262	0.00404	0.05631	0.00855	0.00741
5	0.01037	0.00807	0.00942	0.00908	0.01133	0.00712	0.00681	0.01332	0.02044	0.02704	0.39813	0.06707	0.34733	0.01799	0.00936	0.00258	0.00387	0.01544	0.00810	0.00712
6	0.01963	0.01884	0.03219	0.04867	0.67185	0.01884	0.02434	0.02434	0.01806	0.02591	0.01492	0.01963	0.01256	0.00707	0.00785	0.00236	0.00942	0.00707	0.00393	0.01256
7	0.01644	0.01409	0.01644	0.01175	0.01879	0.01057	0.00940	0.01997	0.01644	0.02584	0.01409	0.01644	0.01175	0.00587	0.00587	0.00117	0.00587	0.00470	0.00470	0.76979
8	0.01872	0.02139	0.04679	0.03342	0.04144	0.02005	0.64305	0.02540	0.01872	0.02540	0.01604	0.02139	0.01203	0.00668	0.00936	0.00267	0.01337	0.00936	0.00401	0.01070
9	0.01122	0.00811	0.01060	0.00998	0.01185	0.00748	0.00748	0.01496	0.02245	0.03180	0.66766	0.05923	0.07482	0.01621	0.00935	0.00249	0.00374	0.01434	0.00873	0.00748
10	0.00955	0.00787	0.00839	0.00861	0.01091	0.00671	0.00632	0.01159	0.01797	0.02200	0.11737	0.16745	0.53689	0.02049	0.00948	0.00274	0.00408	0.01740	0.00746	0.00671
11	0.01823	0.01882	0.02416	0.02079	0.02109	0.07222	0.01720	0.01999	0.01289	0.01911	0.01054	0.01713	0.01040	0.01347	0.02466	0.00337	0.65690	0.00681	0.00351	0.00871
12	0.01819	0.02037	0.04356	0.12724	0.04329	0.01971	0.55594	0.02468	0.01832	0.02468	0.01577	0.02136	0.01183	0.00686	0.00916	0.00267	0.01298	0.00903	0.00394	0.01043
13	0.03304	0.01406	0.01833	0.01443	0.02030	0.01295	0.01180	0.03921	0.12445	0.57408	0.03144	0.02741	0.02036	0.00997	0.00799	0.00249	0.00667	0.00813	0.00953	0.01334
14	0.01113	0.00802	0.01057	0.01041	0.01210	0.00746	0.00782	0.01457	0.02127	0.02983	0.54874	0.14313	0.07011	0.01766	0.00955	0.00266	0.00408	0.05507	0.00846	0.00734
15	0.03357	0.01394	0.01834	0.01437	0.02029	0.01268	0.01177	0.03909	0.10302	0.59583	0.03141	0.02732	0.02021	0.00993	0.00799	0.00248	0.00669	0.00810	0.00959	0.01338
16	0.01512	0.00916	0.01242	0.01237	0.01472	0.00861	0.01005	0.01857	0.02041	0.11852	0.30041	0.11116	0.05458	0.01805	0.00981	0.00297	0.00556	0.24108	0.00825	0.00819
17	0.01913	0.01401	0.01672	0.01208	0.01900	0.01072	0.00971	0.02259	0.01732	0.11722	0.01651	0.01792	0.01285	0.00643	0.00617	0.00135	0.00600	0.00516	0.00542	0.66371

[dist]
# distance from previous block
# <min> <max>
0	3

[block]
# block no. 6 follows, 24 sequences, length 14
# corresponding to MSA columns:
# 228-241
name=unknown_G
#
# <colnr> <probs for GDERKNQSTAVLIFYWHMCP>
#	G	D	E	R	K	N	Q	S	T	A	V	L	I	F	Y	W	H	M	C	P
0	0.51276	0.08964	0.01648	0.01168	0.01709	0.01769	0.00988	0.02718	0.01607	0.19389	0.01609	0.01638	0.01151	0.00791	0.00569	0.00237	0.00653	0.00521	0.00597	0.00998
1	0.02593	0.01971	0.02154	0.01625	0.02281	0.02028	0.01333	0.45299	0.03087	0.04255	0.01752	0.01824	0.01295	0.00840	0.00730	0.00201	0.00785	0.00639	0.00694	0.24616
2	0.00988	0.00703	0.00926	0.01082	0.01134	0.00659	0.00720	0.01133	0.01541	0.02067	0.08260	0.63125	0.05237	0.06904	0.01202	0.00346	0.00474	0.02131	0.00728	0.00640
3	0.01161	0.00841	0.01231	0.01231	0.01376	0.00971	0.00956	0.01451	0.01306	0.01931	0.02161	0.03102	0.01986	0.05542	0.63467	0.01186	0.01982	0.00841	0.06567	0.00711
4	0.01133	0.00850	0.01274	0.01274	0.01416	0.00991	0.00991	0.01416	0.01274	0.01841	0.02124	0.03115	0.01982	0.05947	0.68989	0.01274	0.02124	0.00850	0.00425	0.00708
5	0.01069	0.00733	0.00890	0.00973	0.00993	0.00713	0.00596	0.01131	0.01318	0.01757	0.03342	0.35104	0.03947	0.40765	0.02674	0.00568	0.00630	0.01649	0.00596	0.00554
6	0.18099	0.03325	0.02028	0.01840	0.02266	0.55350	0.01396	0.02997	0.02065	0.02268	0.01201	0.01401	0.00989	0.00801	0.00670	0.00213	0.01265	0.00494	0.00425	0.00907
7	0.01239	0.00816	0.01110	0.01110	0.01265	0.00914	0.00857	0.01549	0.01394	0.02184	0.02266	0.03066	0.01998	0.04402	0.47935	0.00939	0.01584	0.00816	0.23839	0.00718
8	0.00988	0.00699	0.00914	0.01076	0.01116	0.00659	0.00706	0.01110	0.01475	0.01967	0.04149	0.63756	0.04965	0.10724	0.01370	0.00375	0.00497	0.02124	0.00706	0.00625
9	0.02179	0.61531	0.07532	0.01480	0.02157	0.09988	0.01463	0.02465	0.01682	0.01910	0.01133	0.01311	0.01017	0.00697	0.00544	0.00178	0.00927	0.00442	0.00346	0.01016
10	0.03097	0.02089	0.02298	0.01762	0.02393	0.02262	0.01455	0.55306	0.03506	0.14546	0.02090	0.02025	0.01442	0.00956	0.00794	0.00239	0.00842	0.00727	0.00822	0.01349
11	0.08200	0.01420	0.01816	0.01417	0.02013	0.01310	0.01166	0.06308	0.06350	0.56866	0.02954	0.02592	0.01896	0.00971	0.00778	0.00247	0.00676	0.00777	0.00931	0.01312
12	0.01203	0.00827	0.01166	0.01166	0.01316	0.00940	0.00903	0.01503	0.01353	0.02067	0.02218	0.03083	0.01993	0.04930	0.55135	0.01054	0.01769	0.00827	0.15833	0.00714
13	0.01782	0.01868	0.03262	0.02507	0.02892	0.02136	0.26781	0.02170	0.01517	0.02222	0.01300	0.01889	0.01118	0.01028	0.01753	0.00295	0.36586	0.00771	0.00380	0.07745

[dist]
# distance from previous block
# <min> <max>
0	1

[block]
# block no. 7 follows, 24 sequences, length 8
# corresponding to MSA columns:
# 243-250
name=unknown_H
#
# <colnr> <probs for GDERKNQSTAVLIFYWHMCP>
#	G	D	E	R	K	N	Q	S	T	A	V	L	I	F	Y	W	H	M	C	P
0	0.09106	0.02010	0.02216	0.01731	0.02294	0.02236	0.01431	0.46024	0.03119	0.12583	0.01916	0.01939	0.01359	0.00978	0.00933	0.00249	0.07162	0.00699	0.00752	0.01265
1	0.01756	0.25566	0.48012	0.01977	0.02994	0.02248	0.02437	0.02468	0.01654	0.02309	0.01323	0.01548	0.01009	0.00730	0.00677	0.00226	0.01070	0.00535	0.00336	0.01124
2	0.01000	0.00710	0.00939	0.01110	0.01161	0.00671	0.00753	0.01143	0.01511	0.02011	0.04222	0.62653	0.05027	0.07591	0.01240	0.00358	0.00500	0.06046	0.00717	0.00638
3	0.00990	0.00700	0.00913	0.01074	0.01114	0.00660	0.00704	0.01110	0.01472	0.01962	0.04132	0.63161	0.04944	0.11347	0.01397	0.00379	0.00499	0.02114	0.00704	0.00623
4	0.03097	0.02027	0.02110	0.01686	0.02241	0.10855	0.01367	0.25255	0.06997	0.29357	0.02352	0.02221	0.01608	0.00973	0.00866	0.00243	0.03951	0.00731	0.00798	0.01264
5	0.77733	0.01534	0.01166	0.01043	0.01534	0.01779	0.00859	0.02331	0.01350	0.03558	0.01104	0.01288	0.00859	0.00736	0.00491	0.00245	0.00613	0.00429	0.00491	0.00859
6	0.01695	0.01662	0.02351	0.11168	0.02518	0.02215	0.01726	0.01932	0.01303	0.01986	0.01124	0.01778	0.01055	0.01235	0.02176	0.00315	0.54950	0.00675	0.00359	0.07777
7	0.01162	0.00695	0.00966	0.01055	0.01077	0.00673	0.00696	0.01076	0.01276	0.01701	0.02904	0.35976	0.03354	0.07810	0.02163	0.34309	0.00584	0.01478	0.00543	0.00499

[dist]
# distance from previous block
# <min> <max>
5	24

[block]
# block no. 8 follows, 24 sequences, length 14
# corresponding to MSA columns:
# 281-294
name=unknown_I
#
# <colnr> <probs for GDERKNQSTAVLIFYWHMCP>
#	G	D	E	R	K	N	Q	S	T	A	V	L	I	F	Y	W	H	M	C	P
0	0.18477	0.01924	0.02007	0.01593	0.02177	0.02116	0.01308	0.38602	0.08941	0.12105	0.02011	0.01972	0.01423	0.00922	0.00732	0.00243	0.00772	0.00682	0.00755	0.01238
1	0.03230	0.01420	0.01919	0.01513	0.02034	0.01379	0.01248	0.03611	0.05191	0.55532	0.02845	0.02578	0.01858	0.01042	0.01047	0.00261	0.10340	0.00788	0.00885	0.01278
2	0.01930	0.01858	0.02731	0.02220	0.02418	0.02375	0.10305	0.10644	0.01652	0.02422	0.01238	0.01814	0.01106	0.01229	0.02123	0.00321	0.51508	0.00730	0.00416	0.00962
3	0.01753	0.01835	0.03191	0.02500	0.02801	0.02197	0.24601	0.02113	0.01458	0.02136	0.01305	0.01957	0.01151	0.01368	0.05544	0.00367	0.41627	0.00791	0.00371	0.00933
4	0.01940	0.01550	0.02490	0.38342	0.21398	0.01727	0.02056	0.02541	0.06186	0.11341	0.01795	0.02213	0.01330	0.00815	0.00792	0.00254	0.00944	0.00731	0.00482	0.01073
5	0.01324	0.00781	0.01047	0.01147	0.01271	0.00716	0.00795	0.01485	0.01622	0.11098	0.04199	0.62097	0.04792	0.02277	0.00982	0.00311	0.00490	0.02053	0.00770	0.00742
6	0.00993	0.00711	0.00924	0.01083	0.01142	0.00667	0.00729	0.01132	0.01514	0.02003	0.04390	0.60229	0.08131	0.08353	0.01268	0.00359	0.00494	0.04528	0.00714	0.00635
7	0.00966	0.00690	0.00920	0.01104	0.01150	0.00644	0.00736	0.01104	0.01518	0.02024	0.04371	0.71614	0.05245	0.02484	0.01012	0.00322	0.00460	0.02254	0.00736	0.00644
8	0.01030	0.00777	0.01096	0.09439	0.01670	0.00779	0.00913	0.01215	0.01526	0.02025	0.04014	0.63233	0.04740	0.02280	0.00986	0.00315	0.00532	0.02067	0.00690	0.00673
9	0.01654	0.12363	0.60321	0.02151	0.03264	0.01998	0.02740	0.02495	0.01667	0.02433	0.01384	0.01626	0.01006	0.00744	0.00724	0.00241	0.01133	0.00566	0.00335	0.01153
10	0.18477	0.03057	0.02045	0.01799	0.02262	0.44055	0.01388	0.13112	0.02305	0.02780	0.01312	0.01479	0.01042	0.00823	0.00681	0.00218	0.01169	0.00527	0.00489	0.00978
11	0.03521	0.01409	0.01877	0.01439	0.02054	0.01254	0.01189	0.08001	0.02369	0.63457	0.03045	0.02645	0.01921	0.00979	0.00797	0.00245	0.00688	0.00792	0.00969	0.01349
12	0.01963	0.01884	0.03219	0.04867	0.67185	0.01884	0.02434	0.02434	0.01806	0.02591	0.01492	0.01963	0.01256	0.00707	0.00785	0.00236	0.00942	0.00707	0.00393	0.01256
13	0.00966	0.00690	0.00920	0.01104	0.01150	0.00644	0.00736	0.01104	0.01518	0.02024	0.04371	0.71614	0.05245	0.02484	0.01012	0.00322	0.00460	0.02254	0.00736	0.00644

[dist]
# distance from previous block
# <min> <max>
0	7

[block]
# block no. 9 follows, 24 sequences, length 24
# corresponding to MSA columns:
# 302-325
name=unknown_J
#
# <colnr> <probs for GDERKNQSTAVLIFYWHMCP>
#	G	D	E	R	K	N	Q	S	T	A	V	L	I	F	Y	W	H	M	C	P
0	0.01827	0.31507	0.32048	0.01867	0.02658	0.02457	0.02108	0.02363	0.01578	0.02157	0.01234	0.01521	0.01015	0.00821	0.00939	0.00233	0.11729	0.00537	0.00338	0.01063
1	0.01908	0.01829	0.03120	0.12516	0.59961	0.01870	0.02407	0.02386	0.01780	0.02525	0.01482	0.01980	0.01233	0.00717	0.00786	0.00239	0.00956	0.00706	0.00388	0.01212
2	0.01032	0.00732	0.00924	0.01037	0.01098	0.00693	0.00689	0.01166	0.01511	0.02013	0.08817	0.45350	0.07861	0.19061	0.01730	0.00422	0.00534	0.04028	0.00685	0.00617
3	0.01644	0.01409	0.01644	0.01175	0.01879	0.01057	0.00940	0.01997	0.01644	0.02584	0.01409	0.01644	0.01175	0.00587	0.00587	0.00117	0.00587	0.00470	0.00470	0.76979
4	0.01972	0.01712	0.01863	0.01773	0.05241	0.01968	0.01313	0.04127	0.62631	0.03282	0.03143	0.02910	0.02364	0.01058	0.00806	0.00267	0.00643	0.00887	0.00787	0.01255
5	0.01859	0.01550	0.01796	0.01319	0.01978	0.01340	0.01066	0.11610	0.01944	0.02922	0.01467	0.01689	0.01195	0.00683	0.00718	0.00147	0.04085	0.00518	0.00513	0.61599
6	0.01872	0.02139	0.04679	0.03342	0.04144	0.02005	0.64305	0.02540	0.01872	0.02540	0.01604	0.02139	0.01203	0.00668	0.00936	0.00267	0.01337	0.00936	0.00401	0.01070
7	0.01296	0.01089	0.01587	0.01493	0.01596	0.01381	0.01193	0.01549	0.01258	0.01859	0.01831	0.02741	0.01727	0.04713	0.51012	0.01023	0.20689	0.00807	0.00404	0.00751
8	0.01644	0.01409	0.01644	0.01175	0.01879	0.01057	0.00940	0.01997	0.01644	0.02584	0.01409	0.01644	0.01175	0.00587	0.00587	0.00117	0.00587	0.00470	0.00470	0.76979
9	0.01735	0.01735	0.02429	0.02082	0.02082	0.02429	0.01735	0.01908	0.01214	0.01908	0.01041	0.01735	0.01041	0.01388	0.02602	0.00347	0.70680	0.00694	0.00347	0.00867
10	0.01891	0.01811	0.03090	0.14917	0.57694	0.01865	0.02398	0.02371	0.01772	0.02504	0.01479	0.01986	0.01225	0.00720	0.00786	0.00240	0.00960	0.00706	0.00386	0.01198
11	0.01634	0.03800	0.58283	0.02427	0.03542	0.01867	0.12367	0.02516	0.01705	0.02516	0.01451	0.01746	0.01035	0.00740	0.00781	0.00254	0.01197	0.00640	0.00345	0.01156
12	0.01689	0.01672	0.02419	0.15211	0.02733	0.02300	0.01825	0.01931	0.01286	0.01931	0.01112	0.01808	0.01044	0.01273	0.02254	0.00331	0.57266	0.00696	0.00348	0.00870
13	0.00966	0.00690	0.00920	0.01104	0.01150	0.00644	0.00736	0.01104	0.01518	0.02024	0.04371	0.71614	0.05245	0.02484	0.01012	0.00322	0.00460	0.02254	0.00736	0.00644
14	0.01855	0.01534	0.01757	0.01274	0.01968	0.01273	0.01027	0.11614	0.01965	0.02955	0.01485	0.01684	0.01201	0.00643	0.00619	0.00136	0.00631	0.00507	0.00520	0.65350
15	0.77733	0.01534	0.01166	0.01043	0.01534	0.01779	0.00859	0.02331	0.01350	0.03558	0.01104	0.01288	0.00859	0.00736	0.00491	0.00245	0.00613	0.00429	0.00491	0.00859
16	0.01872	0.02139	0.04679	0.03342	0.04144	0.02005	0.64305	0.02540	0.01872	0.02540	0.01604	0.02139	0.01203	0.00668	0.00936	0.00267	0.01337	0.00936	0.00401	0.01070
17	0.00966	0.00690	0.00920	0.01104	0.01150	0.00644	0.00736	0.01104	0.01518	0.02024	0.04371	0.71614	0.05245	0.02484	0.01012	0.00322	0.00460	0.02254	0.00736	0.00644
18	0.13747	0.61679	0.03696	0.01309	0.01958	0.02929	0.01280	0.02368	0.01571	0.02126	0.01103	0.01275	0.00993	0.00687	0.00506	0.00181	0.00812	0.00425	0.00363	0.00993
19	0.01824	0.01999	0.03900	0.02906	0.03430	0.02152	0.42628	0.02321	0.01644	0.02321	0.01409	0.01999	0.01147	0.00918	0.01513	0.00295	0.25360	0.00852	0.00382	0.01000
20	0.01120	0.00934	0.00994	0.00973	0.01243	0.00877	0.00730	0.01650	0.11669	0.02435	0.13891	0.11553	0.45343	0.01856	0.00923	0.00270	0.00438	0.01570	0.00763	0.00767
21	0.01134	0.00818	0.01076	0.01033	0.01219	0.00761	0.00788	0.01508	0.02213	0.03119	0.62033	0.06152	0.07261	0.01664	0.00947	0.00258	0.00401	0.06004	0.00862	0.00747
22	0.01927	0.01848	0.03155	0.09838	0.62490	0.01875	0.02416	0.02403	0.01789	0.02548	0.01485	0.01974	0.01241	0.00713	0.00786	0.00238	0.00951	0.00706	0.00389	0.01228
23	0.01616	0.07405	0.64944	0.02217	0.03365	0.01904	0.02854	0.02505	0.01671	0.02480	0.01408	0.01655	0.01005	0.00750	0.00742	0.00247	0.01156	0.00578	0.00335	0.01165

[dist]
# distance from previous block
# <min> <max>
5	11

[block]
# block no. 10 follows, 24 sequences, length 13
# corresponding to MSA columns:
# 337-349
name=unknown_K
#
# <colnr> <probs for GDERKNQSTAVLIFYWHMCP>
#	G	D	E	R	K	N	Q	S	T	A	V	L	I	F	Y	W	H	M	C	P
0	0.01795	0.30505	0.43408	0.01912	0.02894	0.02341	0.02324	0.02459	0.01650	0.02262	0.01299	0.01519	0.01010	0.00724	0.00659	0.00220	0.01047	0.00524	0.00337	0.01112
1	0.01850	0.01770	0.03016	0.20640	0.52289	0.01855	0.02378	0.02335	0.01753	0.02454	0.01472	0.01999	0.01208	0.00727	0.00787	0.00242	0.00970	0.00706	0.00383	0.01166
2	0.02900	0.02969	0.02263	0.01918	0.02422	0.36183	0.01499	0.28282	0.08210	0.03303	0.01671	0.01752	0.01273	0.00894	0.00755	0.00223	0.01135	0.00626	0.00599	0.01123
3	0.62111	0.01540	0.01279	0.01143	0.01613	0.01770	0.00925	0.06285	0.06943	0.03536	0.01528	0.05665	0.01283	0.00883	0.00567	0.00251	0.00622	0.00595	0.00551	0.00910
4	0.02215	0.01271	0.01453	0.01261	0.01620	0.06673	0.00989	0.02519	0.02141	0.27549	0.26565	0.04530	0.06204	0.05892	0.01075	0.00286	0.00629	0.05319	0.00836	0.00971
5	0.11004	0.01712	0.02710	0.03939	0.51299	0.01734	0.02040	0.02308	0.01804	0.02778	0.09321	0.02359	0.01959	0.00820	0.00768	0.00238	0.00834	0.00761	0.00462	0.01147
6	0.02125	0.01582	0.02064	0.02276	0.17675	0.01637	0.01454	0.03310	0.29317	0.13635	0.08792	0.02870	0.02466	0.00990	0.00797	0.00245	0.00684	0.00856	0.00718	0.06508
7	0.02121	0.01569	0.02182	0.01852	0.02003	0.01999	0.01528	0.02324	0.01490	0.17802	0.01777	0.06845	0.01557	0.01366	0.02056	0.00321	0.48884	0.00828	0.00527	0.00968
8	0.04526	0.02110	0.02285	0.02013	0.06405	0.08647	0.01544	0.31991	0.04800	0.03537	0.01993	0.02183	0.05171	0.01090	0.01223	0.00264	0.17734	0.00745	0.00612	0.01128
9	0.01973	0.01597	0.02615	0.06039	0.44945	0.01576	0.01960	0.02393	0.01888	0.10466	0.09748	0.07011	0.02342	0.00967	0.00820	0.00245	0.00814	0.00905	0.00542	0.01154
10	0.01899	0.01695	0.01582	0.01483	0.01760	0.17404	0.02930	0.06151	0.04971	0.08196	0.09819	0.31901	0.03671	0.01640	0.00887	0.00270	0.00764	0.01417	0.00690	0.00870
11	0.32158	0.02317	0.01803	0.01535	0.02034	0.20199	0.01222	0.21020	0.02313	0.03522	0.01434	0.01576	0.01095	0.00830	0.00644	0.00230	0.00903	0.00548	0.03602	0.01016
12	0.19248	0.02355	0.02242	0.02429	0.17848	0.19218	0.01578	0.16244	0.06213	0.03208	0.01535	0.01725	0.01200	0.00818	0.00705	0.00232	0.00960	0.00608	0.00532	0.01102

[dist]
# distance from previous block
# <min> <max>
0	5

[block]
# block no. 11 follows, 24 sequences, length 177
# corresponding to MSA columns:
# 355-531
name=unknown_L
#
# <colnr> <probs for GDERKNQSTAVLIFYWHMCP>
#	G	D	E	R	K	N	Q	S	T	A	V	L	I	F	Y	W	H	M	C	P
0	0.09036	0.01424	0.01736	0.01420	0.01940	0.01394	0.01166	0.11128	0.07842	0.37918	0.08303	0.03302	0.02520	0.01121	0.00809	0.00257	0.00670	0.05943	0.00872	0.01198
1	0.02097	0.69630	0.06933	0.01396	0.02096	0.03081	0.01425	0.02380	0.01614	0.01894	0.01116	0.01290	0.01017	0.00682	0.00519	0.00173	0.00862	0.00431	0.00339	0.01024
2	0.77733	0.01534	0.01166	0.01043	0.01534	0.01779	0.00859	0.02331	0.01350	0.03558	0.01104	0.01288	0.00859	0.00736	0.00491	0.00245	0.00613	0.00429	0.00491	0.00859
3	0.01963	0.01884	0.03219	0.04867	0.67185	0.01884	0.02434	0.02434	0.01806	0.02591	0.01492	0.01963	0.01256	0.00707	0.00785	0.00236	0.00942	0.00707	0.00393	0.01256
4	0.01659	0.01463	0.01774	0.01325	0.01913	0.01284	0.01071	0.01982	0.01573	0.02472	0.01348	0.01659	0.01152	0.00720	0.00921	0.00155	0.12197	0.00507	0.00449	0.64372
5	0.01963	0.01884	0.03219	0.04867	0.67185	0.01884	0.02434	0.02434	0.01806	0.02591	0.01492	0.01963	0.01256	0.00707	0.00785	0.00236	0.00942	0.00707	0.00393	0.01256
6	0.02916	0.03561	0.02266	0.02026	0.02437	0.60504	0.01538	0.08360	0.02331	0.02201	0.01276	0.01483	0.01050	0.00852	0.00800	0.00213	0.04257	0.00536	0.00439	0.00954
7	0.01153	0.00769	0.00865	0.00865	0.00865	0.00769	0.00480	0.01153	0.01153	0.01538	0.02499	0.05189	0.02883	0.72131	0.04036	0.00769	0.00769	0.01153	0.00480	0.00480
8	0.01972	0.01703	0.01793	0.01614	0.02062	0.01972	0.01255	0.04214	0.65752	0.03317	0.03228	0.02959	0.02421	0.01076	0.00807	0.00269	0.00628	0.00897	0.00807	0.01255
9	0.01478	0.00739	0.00739	0.00739	0.00924	0.00739	0.00554	0.01848	0.01663	0.02956	0.02587	0.02956	0.02033	0.00924	0.00554	0.00185	0.00370	0.00739	0.76534	0.00739
10	0.01590	0.04102	0.68023	0.02260	0.03432	0.01842	0.02930	0.02511	0.01674	0.02511	0.01423	0.01674	0.01005	0.00753	0.00753	0.00251	0.01172	0.00586	0.00335	0.01172
11	0.01122	0.00811	0.01060	0.00998	0.01185	0.00748	0.00748	0.01496	0.02245	0.03180	0.66766	0.05923	0.07482	0.01621	0.00935	0.00249	0.00374	0.01434	0.00873	0.00748
12	0.01478	0.00739	0.00739	0.00739	0.00924	0.00739	0.00554	0.01848	0.01663	0.02956	0.02587	0.02956	0.02033	0.00924	0.00554	0.00185	0.00370	0.00739	0.76534	0.00739
13	0.77733	0.01534	0.01166	0.01043	0.01534	0.01779	0.00859	0.02331	0.01350	0.03558	0.01104	0.01288	0.00859	0.00736	0.00491	0.00245	0.00613	0.00429	0.00491	0.00859
14	0.01963	0.01884	0.03219	0.04867	0.67185	0.01884	0.02434	0.02434	0.01806	0.02591	0.01492	0.01963	0.01256	0.00707	0.00785	0.00236	0.00942	0.00707	0.00393	0.01256
15	0.01122	0.00811	0.01060	0.00998	0.01185	0.00748	0.00748	0.01496	0.02245	0.03180	0.66766	0.05923	0.07482	0.01621	0.00935	0.00249	0.00374	0.01434	0.00873	0.00748
16	0.01153	0.00769	0.00865	0.00865	0.00865	0.00769	0.00480	0.01153	0.01153	0.01538	0.02499	0.05189	0.02883	0.72131	0.04036	0.00769	0.00769	0.01153	0.00480	0.00480
17	0.02962	0.03779	0.02247	0.02043	0.02451	0.68948	0.01532	0.03166	0.02247	0.01941	0.01226	0.01430	0.01021	0.00817	0.00715	0.00204	0.01430	0.00511	0.00409	0.00919
18	0.03558	0.01350	0.01840	0.01411	0.02024	0.01166	0.01166	0.03865	0.02270	0.67734	0.03128	0.02699	0.01963	0.00981	0.00797	0.00245	0.00675	0.00797	0.00981	0.01350
19	0.01735	0.01735	0.02429	0.02082	0.02082	0.02429	0.01735	0.01908	0.01214	0.01908	0.01041	0.01735	0.01041	0.01388	0.02602	0.00347	0.70680	0.00694	0.00347	0.00867
20	0.01133	0.00850	0.01274	0.01274	0.01416	0.00991	0.00991	0.01416	0.01274	0.01841	0.02124	0.03115	0.01982	0.05947	0.68989	0.01274	0.02124	0.00850	0.00425	0.00708
21	0.02962	0.03779	0.02247	0.02043	0.02451	0.68948	0.01532	0.03166	0.02247	0.01941	0.01226	0.01430	0.01021	0.00817	0.00715	0.00204	0.01430	0.00511	0.00409	0.00919
22	0.00966	0.00690	0.00920	0.01104	0.01150	0.00644	0.00736	0.01104	0.01518	0.02024	0.04371	0.71614	0.05245	0.02484	0.01012	0.00322	0.00460	0.02254	0.00736	0.00644
23	0.01972	0.01703	0.01793	0.01614	0.02062	0.01972	0.01255	0.04214	0.65752	0.03317	0.03228	0.02959	0.02421	0.01076	0.00807	0.00269	0.00628	0.00897	0.00807	0.01255
24	0.01498	0.01409	0.02378	0.70226	0.05462	0.01762	0.02202	0.02026	0.01586	0.02026	0.01409	0.02114	0.01057	0.00793	0.00793	0.00264	0.01057	0.00705	0.00352	0.00881
25	0.01735	0.01735	0.02429	0.02082	0.02082	0.02429	0.01735	0.01908	0.01214	0.01908	0.01041	0.01735	0.01041	0.01388	0.02602	0.00347	0.70680	0.00694	0.00347	0.00867
26	0.01278	0.00913	0.01278	0.01460	0.01643	0.00913	0.01278	0.01643	0.01825	0.02373	0.04199	0.08945	0.04564	0.02191	0.01095	0.00365	0.00730	0.61847	0.00730	0.00730
27	0.01644	0.01409	0.01644	0.01175	0.01879	0.01057	0.00940	0.01997	0.01644	0.02584	0.01409	0.01644	0.01175	0.00587	0.00587	0.00117	0.00587	0.00470	0.00470	0.76979
28	0.01122	0.00811	0.01060	0.00998	0.01185	0.00748	0.00748	0.01496	0.02245	0.03180	0.66766	0.05923	0.07482	0.01621	0.00935	0.00249	0.00374	0.01434	0.00873	0.00748
29	0.01735	0.01735	0.02429	0.02082	0.02082	0.02429	0.01735	0.01908	0.01214	0.01908	0.01041	0.01735	0.01041	0.01388	0.02602	0.00347	0.70680	0.00694	0.00347	0.00867
30	0.01972	0.01703	0.01793	0.01614	0.02062	0.01972	0.01255	0.04214	0.65752	0.03317	0.03228	0.02959	0.02421	0.01076	0.00807	0.00269	0.00628	0.00897	0.00807	0.01255
31	0.77733	0.01534	0.01166	0.01043	0.01534	0.01779	0.00859	0.02331	0.01350	0.03558	0.01104	0.01288	0.00859	0.00736	0.00491	0.00245	0.00613	0.00429	0.00491	0.00859
32	0.03558	0.01350	0.01840	0.01411	0.02024	0.01166	0.01166	0.03865	0.02270	0.67734	0.03128	0.02699	0.01963	0.00981	0.00797	0.00245	0.00675	0.00797	0.00981	0.01350
33	0.01498	0.01409	0.02378	0.70226	0.05462	0.01762	0.02202	0.02026	0.01586	0.02026	0.01409	0.02114	0.01057	0.00793	0.00793	0.00264	0.01057	0.00705	0.00352	0.00881
34	0.01644	0.01409	0.01644	0.01175	0.01879	0.01057	0.00940	0.01997	0.01644	0.02584	0.01409	0.01644	0.01175	0.00587	0.00587	0.00117	0.00587	0.00470	0.00470	0.76979
35	0.01153	0.00769	0.00865	0.00865	0.00865	0.00769	0.00480	0.01153	0.01153	0.01538	0.02499	0.05189	0.02883	0.72131	0.04036	0.00769	0.00769	0.01153	0.00480	0.00480
36	0.01122	0.00811	0.01060	0.00998	0.01185	0.00748	0.00748	0.01496	0.02245	0.03180	0.66766	0.05923	0.07482	0.01621	0.00935	0.00249	0.00374	0.01434	0.00873	0.00748
37	0.01478	0.00739	0.00739	0.00739	0.00924	0.00739	0.00554	0.01848	0.01663	0.02956	0.02587	0.02956	0.02033	0.00924	0.00554	0.00185	0.00370	0.00739	0.76534	0.00739
38	0.01963	0.01884	0.03219	0.04867	0.67185	0.01884	0.02434	0.02434	0.01806	0.02591	0.01492	0.01963	0.01256	0.00707	0.00785	0.00236	0.00942	0.00707	0.00393	0.01256
39	0.01122	0.00811	0.01060	0.00998	0.01185	0.00748	0.00748	0.01496	0.02245	0.03180	0.66766	0.05923	0.07482	0.01621	0.00935	0.00249	0.00374	0.01434	0.00873	0.00748
40	0.01478	0.00739	0.00739	0.00739	0.00924	0.00739	0.00554	0.01848	0.01663	0.02956	0.02587	0.02956	0.02033	0.00924	0.00554	0.00185	0.00370	0.00739	0.76534	0.00739
41	0.77733	0.01534	0.01166	0.01043	0.01534	0.01779	0.00859	0.02331	0.01350	0.03558	0.01104	0.01288	0.00859	0.00736	0.00491	0.00245	0.00613	0.00429	0.00491	0.00859
42	0.01963	0.01884	0.03219	0.04867	0.67185	0.01884	0.02434	0.02434	0.01806	0.02591	0.01492	0.01963	0.01256	0.00707	0.00785	0.00236	0.00942	0.00707	0.00393	0.01256
43	0.77733	0.01534	0.01166	0.01043	0.01534	0.01779	0.00859	0.02331	0.01350	0.03558	0.01104	0.01288	0.00859	0.00736	0.00491	0.00245	0.00613	0.00429	0.00491	0.00859
44	0.01153	0.00769	0.00865	0.00865	0.00865	0.00769	0.00480	0.01153	0.01153	0.01538	0.02499	0.05189	0.02883	0.72131	0.04036	0.00769	0.00769	0.01153	0.00480	0.00480
45	0.01498	0.01409	0.02378	0.70226	0.05462	0.01762	0.02202	0.02026	0.01586	0.02026	0.01409	0.02114	0.01057	0.00793	0.00793	0.00264	0.01057	0.00705	0.00352	0.00881
46	0.01872	0.02139	0.04679	0.03342	0.04144	0.02005	0.64305	0.02540	0.01872	0.02540	0.01604	0.02139	0.01203	0.00668	0.00936	0.00267	0.01337	0.00936	0.00401	0.01070
47	0.03558	0.01350	0.01840	0.01411	0.02024	0.01166	0.01166	0.03865	0.02270	0.67734	0.03128	0.02699	0.01963	0.00981	0.00797	0.00245	0.00675	0.00797	0.00981	0.01350
48	0.03014	0.02221	0.02380	0.01825	0.02459	0.02459	0.01507	0.64541	0.03728	0.04998	0.01904	0.01904	0.01349	0.00952	0.00793	0.00238	0.00873	0.00714	0.00793	0.01349
