[name]
unknown

[dist]
# distance from previous block
# <min> <max>
0	23

[block]
# block no. 0 follows, 24 sequences, length 169
# corresponding to MSA columns:
# 26-194
name=unknown_A
#
# <colnr> <probs for GDERKNQSTAVLIFYWHMCP>
#	G	D	E	R	K	N	Q	S	T	A	V	L	I	F	Y	W	H	M	C	P
0	0.10685	0.04956	0.12774	0.01470	0.02096	0.01419	0.01394	0.05231	0.02006	0.29372	0.08540	0.02844	0.02230	0.01157	0.02920	0.00274	0.00781	0.03679	0.00715	0.05457
1	0.08995	0.01633	0.02045	0.05873	0.02370	0.01583	0.05586	0.18067	0.02253	0.14084	0.01939	0.05022	0.01497	0.00861	0.00722	0.00209	0.00752	0.00709	0.00638	0.25164
2	0.06085	0.28449	0.02804	0.06138	0.02324	0.05119	0.01372	0.12029	0.12212	0.13286	0.01910	0.01927	0.01436	0.00847	0.00671	0.00219	0.00816	0.00625	0.00595	0.01136
3	0.10108	0.17625	0.08218	0.07439	0.02650	0.05199	0.05499	0.19755	0.02277	0.08614	0.01599	0.01751	0.01194	0.00803	0.00694	0.00223	0.00907	0.00612	0.00548	0.04287
4	0.02195	0.09891	0.02109	0.01406	0.02002	0.01820	0.01163	0.25514	0.04885	0.03435	0.01772	0.01980	0.01402	0.03008	0.00768	0.00201	0.00712	0.00618	0.07595	0.27524
5	0.01329	0.00816	0.01025	0.01049	0.01187	0.00826	0.00763	0.01580	0.01629	0.05851	0.09893	0.28861	0.03778	0.04570	0.07087	0.00371	0.03709	0.01402	0.23544	0.00731
6	0.01137	0.00831	0.01181	0.01181	0.01290	0.00941	0.00875	0.01356	0.01247	0.01772	0.02209	0.03588	0.02188	0.21024	0.54193	0.01159	0.01815	0.00919	0.00437	0.00656
7	0.00966	0.00690	0.00920	0.01104	0.01150	0.00644	0.00736	0.01104	0.01518	0.02024	0.04371	0.71614	0.05245	0.02484	0.01012	0.00322	0.00460	0.02254	0.00736	0.00644
8	0.77733	0.01534	0.01166	0.01043	0.01534	0.01779	0.00859	0.02331	0.01350	0.03558	0.01104	0.01288	0.00859	0.00736	0.00491	0.00245	0.00613	0.00429	0.00491	0.00859
9	0.01094	0.00749	0.00878	0.00928	0.00951	0.00731	0.00555	0.01139	0.01279	0.01694	0.03226	0.23511	0.06003	0.50311	0.03087	0.00627	0.00670	0.01475	0.00561	0.00533
10	0.02120	0.72609	0.04155	0.01357	0.02035	0.03138	0.01357	0.02374	0.01611	0.01866	0.01102	0.01272	0.01018	0.00678	0.00509	0.00170	0.00848	0.00424	0.00339	0.01018
11	0.01145	0.00768	0.00874	0.00879	0.00888	0.00763	0.00500	0.01165	0.01209	0.01619	0.05050	0.07638	0.03147	0.66870	0.03806	0.00732	0.00742	0.01204	0.00505	0.00497
12	0.03014	0.02221	0.02380	0.01825	0.02459	0.02459	0.01507	0.64541	0.03728	0.04998	0.01904	0.01904	0.01349	0.00952	0.00793	0.00238	0.00873	0.00714	0.00793	0.01349
13	0.01972	0.01703	0.01793	0.01614	0.02062	0.01972	0.01255	0.04214	0.65752	0.03317	0.03228	0.02959	0.02421	0.01076	0.00807	0.00269	0.00628	0.00897	0.00807	0.01255
14	0.01872	0.02139	0.04679	0.03342	0.04144	0.02005	0.64305	0.02540	0.01872	0.02540	0.01604	0.02139	0.01203	0.00668	0.00936	0.00267	0.01337	0.00936	0.00401	0.01070
15	0.01872	0.02139	0.04679	0.03342	0.04144	0.02005	0.64305	0.02540	0.01872	0.02540	0.01604	0.02139	0.01203	0.00668	0.00936	0.00267	0.01337	0.00936	0.00401	0.01070
16	0.00966	0.00690	0.00920	0.01104	0.01150	0.00644	0.00736	0.01104	0.01518	0.02024	0.04371	0.71614	0.05245	0.02484	0.01012	0.00322	0.00460	0.02254	0.00736	0.00644
17	0.01963	0.01884	0.03219	0.04867	0.67185	0.01884	0.02434	0.02434	0.01806	0.02591	0.01492	0.01963	0.01256	0.00707	0.00785	0.00236	0.00942	0.00707	0.00393	0.01256
18	0.01390	0.00866	0.01142	0.01049	0.01278	0.00791	0.00795	0.01746	0.02215	0.10395	0.56818	0.08492	0.06761	0.01588	0.00923	0.00252	0.00412	0.01399	0.00879	0.00811
19	0.01208	0.00826	0.01071	0.01011	0.01213	0.00755	0.00757	0.01555	0.02175	0.05865	0.56700	0.10027	0.10487	0.01670	0.00934	0.00255	0.00394	0.01472	0.00861	0.00763
20	0.03288	0.01290	0.01754	0.01365	0.01931	0.01119	0.01119	0.03603	0.02267	0.60594	0.10168	0.03056	0.02573	0.01052	0.00813	0.00246	0.00642	0.00868	0.00969	0.01283
21	0.01003	0.00795	0.00902	0.00899	0.01117	0.00694	0.00665	0.01256	0.01927	0.02483	0.27626	0.13365	0.40608	0.01924	0.00944	0.00267	0.00398	0.01650	0.00783	0.00694
22	0.02195	0.66485	0.03986	0.01418	0.02072	0.08993	0.01372	0.02445	0.01668	0.01872	0.01113	0.01286	0.01018	0.00691	0.00527	0.00173	0.00900	0.00432	0.00345	0.01009
23	0.41317	0.02504	0.25611	0.05181	0.02489	0.01844	0.01723	0.06308	0.01630	0.03188	0.01287	0.01511	0.00953	0.00759	0.00621	0.00248	0.00856	0.00519	0.00446	0.01005
24	0.02300	0.17041	0.14454	0.02031	0.05327	0.25347	0.01790	0.02752	0.04898	0.04586	0.01389	0.01631	0.01133	0.00875	0.00965	0.00233	0.11240	0.00571	0.00412	0.01024
25	0.00966	0.00690	0.00920	0.01104	0.01150	0.00644	0.00736	0.01104	0.01518	0.02024	0.04371	0.71614	0.05245	0.02484	0.01012	0.00322	0.00460	0.02254	0.00736	0.00644
26	0.07899	0.12919	0.08096	0.04843	0.05900	0.19192	0.12945	0.08991	0.02043	0.05288	0.01444	0.01708	0.01126	0.00794	0.00798	0.00231	0.03644	0.00631	0.00455	0.01051
27	0.01263	0.00869	0.01127	0.01040	0.01273	0.00781	0.00781	0.01610	0.02134	0.06129	0.53133	0.11565	0.06548	0.01595	0.00910	0.00246	0.00412	0.01409	0.00836	0.06336
28	0.01141	0.00863	0.01023	0.00987	0.01205	0.00810	0.00738	0.01591	0.06685	0.02835	0.40005	0.10173	0.22297	0.01707	0.00915	0.00257	0.00405	0.01479	0.04125	0.00758
29	0.01668	0.01651	0.02210	0.01937	0.01969	0.04503	0.01589	0.01852	0.01276	0.01910	0.01367	0.06276	0.01401	0.01899	0.09167	0.00434	0.56868	0.00802	0.00382	0.00839
30	0.01790	0.02253	0.11350	0.11083	0.04131	0.01977	0.47401	0.02448	0.01787	0.02448	0.01536	0.02067	0.01157	0.00724	0.00971	0.00269	0.04312	0.00859	0.00386	0.01050
31	0.02721	0.26458	0.02931	0.01699	0.02296	0.17822	0.01448	0.26909	0.02611	0.05810	0.01527	0.01614	0.01187	0.00829	0.00679	0.00207	0.00983	0.00572	0.00559	0.01138
32	0.08065	0.02623	0.02304	0.04379	0.02488	0.28868	0.04798	0.18318	0.02362	0.05397	0.01501	0.01747	0.01178	0.01098	0.03500	0.00279	0.08907	0.00630	0.00525	0.01033
33	0.01116	0.00806	0.01055	0.01002	0.01183	0.00744	0.00748	0.01482	0.02217	0.03137	0.64432	0.08381	0.07399	0.01653	0.00938	0.00252	0.00377	0.01465	0.00868	0.00744
34	0.01804	0.01982	0.03961	0.02935	0.03502	0.02067	0.45781	0.02325	0.01688	0.02358	0.01556	0.04503	0.01305	0.00920	0.01372	0.00290	0.19330	0.00920	0.00399	0.01002
35	0.01153	0.00769	0.00865	0.00865	0.00865	0.00769	0.00480	0.01153	0.01153	0.01538	0.02499	0.05189	0.02883	0.72131	0.04036	0.00769	0.00769	0.01153	0.00480	0.00480
36	0.02097	0.69570	0.06988	0.01397	0.02097	0.03080	0.01427	0.02381	0.01614	0.01894	0.01117	0.01290	0.01017	0.00682	0.00520	0.00173	0.00862	0.00431	0.00339	0.01024
37	0.02938	0.02215	0.02282	0.01776	0.02380	0.06124	0.01456	0.55979	0.03504	0.06980	0.02185	0.02163	0.04298	0.00993	0.00795	0.00238	0.00876	0.00749	0.00776	0.01294
38	0.01701	0.16352	0.53166	0.02154	0.03218	0.02084	0.05881	0.02488	0.01673	0.02396	0.01375	0.01626	0.01017	0.00735	0.00719	0.00237	0.01122	0.00575	0.00339	0.01139
39	0.00964	0.00697	0.00913	0.01087	0.01146	0.00646	0.00728	0.01106	0.01535	0.02031	0.04580	0.67965	0.08759	0.02457	0.01008	0.00319	0.00457	0.02221	0.00736	0.00646
40	0.01648	0.01421	0.01673	0.01208	0.01887	0.01107	0.00969	0.01993	0.01629	0.02559	0.01396	0.01648	0.01170	0.00616	0.00661	0.00126	0.03141	0.00478	0.00465	0.74206
41	0.01590	0.04102	0.68023	0.02260	0.03432	0.01842	0.02930	0.02511	0.01674	0.02511	0.01423	0.01674	0.01005	0.00753	0.00753	0.00251	0.01172	0.00586	0.00335	0.01172
42	0.01151	0.00777	0.00908	0.00908	0.00923	0.00792	0.00534	0.01181	0.01166	0.01569	0.02459	0.04971	0.02788	0.65178	0.10860	0.00822	0.00911	0.01121	0.00475	0.00504
43	0.11940	0.01460	0.02213	0.57957	0.04802	0.01793	0.01990	0.04672	0.01643	0.02358	0.01388	0.01993	0.01042	0.00792	0.00752	0.00261	0.00989	0.00668	0.00390	0.00897
44	0.01972	0.01703	0.01793	0.01614	0.02062	0.01972	0.01255	0.04214	0.65752	0.03317	0.03228	0.02959	0.02421	0.01076	0.00807	0.00269	0.00628	0.00897	0.00807	0.01255
45	0.01806	0.02209	0.10013	0.09217	0.07064	0.01996	0.45252	0.02437	0.01773	0.02444	0.01521	0.02054	0.01162	0.00746	0.01030	0.00270	0.06713	0.00853	0.00386	0.01055
46	0.70470	0.08361	0.01453	0.01073	0.01582	0.01909	0.00907	0.02335	0.01375	0.03395	0.01104	0.01287	0.00874	0.00731	0.00492	0.00238	0.00636	0.00429	0.00476	0.00874
47	0.77733	0.01534	0.01166	0.01043	0.01534	0.01779	0.00859	0.02331	0.01350	0.03558	0.01104	0.01288	0.00859	0.00736	0.00491	0.00245	0.00613	0.00429	0.00491	0.00859
48	0.01122	0.00811	0.01060	0.00998	0.01185	0.00748	0.00748	0.01496	0.02245	0.03180	0.66766	0.05923	0.07482	0.01621	0.00935	0.00249	0.00374	0.01434	0.00873	0.00748
49	0.01686	0.01663	0.02334	0.02016	0.02027	0.02311	0.01674	0.01868	0.01219	0.01903	0.01130	0.01848	0.01118	0.01761	0.08031	0.00423	0.65075	0.00707	0.00353	0.00854
50	0.00979	0.00782	0.00861	0.00885	0.01088	0.00681	0.00638	0.01179	0.01776	0.02222	0.14700	0.18586	0.44601	0.06042	0.01127	0.00304	0.00429	0.01715	0.00739	0.00664
51	0.05741	0.01724	0.02362	0.02027	0.02053	0.02395	0.01689	0.01931	0.01222	0.01995	0.01044	0.01711	0.01031	0.01354	0.02491	0.00342	0.66987	0.00680	0.00355	0.00867
52	0.02630	0.02256	0.21371	0.01699	0.02449	0.01531	0.01715	0.12497	0.02276	0.31149	0.05236	0.02612	0.01899	0.00969	0.00793	0.00246	0.00837	0.03022	0.00729	0.04084
53	0.02161	0.69303	0.04064	0.01390	0.02055	0.06299	0.01365	0.02413	0.01642	0.01869	0.01108	0.01280	0.01018	0.00685	0.00519	0.00171	0.00876	0.00428	0.00343	0.01013
54	0.21388	0.01572	0.02288	0.37416	0.13247	0.01820	0.04618	0.04401	0.01645	0.02633	0.01368	0.01872	0.01051	0.00766	0.00720	0.00254	0.00931	0.00644	0.00412	0.00955
55	0.00973	0.00695	0.00926	0.01099	0.01152	0.00649	0.00737	0.01122	0.01550	0.02076	0.07138	0.68700	0.05344	0.02446	0.01009	0.00319	0.00456	0.02218	0.00742	0.00649
56	0.01950	0.01689	0.01821	0.04909	0.02225	0.01962	0.01301	0.04109	0.62670	0.03255	0.03140	0.02918	0.02355	0.01062	0.00806	0.00269	0.00648	0.00887	0.00785	0.01237
57	0.01122	0.00811	0.01060	0.00998	0.01185	0.00748	0.00748	0.01496	0.02245	0.03180	0.66766	0.05923	0.07482	0.01621	0.00935	0.00249	0.00374	0.01434	0.00873	0.00748
58	0.01972	0.01703	0.01793	0.01614	0.02062	0.01972	0.01255	0.04214	0.65752	0.03317	0.03228	0.02959	0.02421	0.01076	0.00807	0.00269	0.00628	0.00897	0.00807	0.01255
59	0.03175	0.02281	0.02451	0.01910	0.02544	0.02465	0.01551	0.60065	0.03707	0.07811	0.02125	0.02187	0.01545	0.01071	0.00869	0.00272	0.00918	0.00773	0.00853	0.01427
60	0.01644	0.01409	0.01644	0.01175	0.01879	0.01057	0.00940	0.01997	0.01644	0.02584	0.01409	0.01644	0.01175	0.00587	0.00587	0.00117	0.00587	0.00470	0.00470	0.76979
61	0.01362	0.00887	0.01157	0.01043	0.01292	0.00800	0.00794	0.01729	0.02218	0.08845	0.58015	0.05434	0.06693	0.01515	0.00906	0.00243	0.00411	0.01332	0.00863	0.04463
62	0.01012	0.00729	0.00966	0.01125	0.01174	0.00710	0.00764	0.01160	0.01513	0.02055	0.04186	0.66570	0.04976	0.02387	0.01051	0.00318	0.02919	0.02142	0.03586	0.00656
63	0.01278	0.00913	0.01278	0.01460	0.01643	0.00913	0.01278	0.01643	0.01825	0.02373	0.04199	0.08945	0.04564	0.02191	0.01095	0.00365	0.00730	0.61847	0.00730	0.00730
64	0.01377	0.00689	0.01033	0.01033	0.01033	0.00689	0.00689	0.01033	0.01033	0.01377	0.01377	0.02410	0.01377	0.02755	0.03099	0.76928	0.00689	0.00689	0.00344	0.00344
65	0.01116	0.00806	0.01055	0.01002	0.01183	0.00744	0.00748	0.01482	0.02217	0.03136	0.64409	0.08405	0.07398	0.01654	0.00938	0.00252	0.00377	0.01465	0.00868	0.00744
66	0.01957	0.01900	0.03311	0.04771	0.63205	0.01892	0.06340	0.02440	0.01810	0.02587	0.01499	0.01974	0.01253	0.00704	0.00795	0.00238	0.00967	0.00721	0.00393	0.01244
67	0.03558	0.01350	0.01840	0.01411	0.02024	0.01166	0.01166	0.03865	0.02270	0.67734	0.03128	0.02699	0.01963	0.00981	0.00797	0.00245	0.00675	0.00797	0.00981	0.01350
68	0.00975	0.00697	0.00928	0.01098	0.01152	0.00650	0.00737	0.01127	0.01560	0.02090	0.07929	0.67867	0.05372	0.02435	0.01008	0.00318	0.00455	0.02208	0.00744	0.00650
69	0.02120	0.72609	0.04155	0.01357	0.02035	0.03138	0.01357	0.02374	0.01611	0.01866	0.01102	0.01272	0.01018	0.00678	0.00509	0.00170	0.00848	0.00424	0.00339	0.01018
70	0.01175	0.00972	0.01169	0.01383	0.05416	0.04645	0.00908	0.01381	0.01697	0.02223	0.12065	0.49019	0.07964	0.02132	0.00971	0.00300	0.00544	0.04605	0.00713	0.00717
71	0.04172	0.00801	0.00964	0.01065	0.01197	0.00765	0.00744	0.01338	0.04517	0.02276	0.10784	0.48754	0.15337	0.02188	0.00962	0.00301	0.00456	0.01944	0.00742	0.00695
72	0.00980	0.00700	0.00936	0.01120	0.01172	0.00656	0.00760	0.01128	0.01532	0.02040	0.04363	0.68818	0.05214	0.02471	0.01016	0.00324	0.00472	0.04913	0.00736	0.00648
73	0.07679	0.29766	0.31586	0.01767	0.02606	0.06529	0.02001	0.02439	0.01644	0.02281	0.01295	0.01539	0.01042	0.00954	0.03616	0.00261	0.01064	0.00519	0.00357	0.01053
74	0.01884	0.01823	0.03163	0.15107	0.54116	0.01871	0.05658	0.02375	0.01774	0.02499	0.01485	0.01996	0.01222	0.00718	0.00794	0.00242	0.00981	0.00718	0.00387	0.01187
75	0.01271	0.00908	0.01269	0.01441	0.01624	0.00906	0.01256	0.01637	0.01843	0.02407	0.06806	0.08819	0.04685	0.02167	0.01089	0.00360	0.00715	0.59330	0.00736	0.00731
76	0.01899	0.01838	0.03189	0.13049	0.56060	0.01875	0.05666	0.02388	0.01781	0.02517	0.01487	0.01991	0.01228	0.00715	0.00794	0.00241	0.00977	0.00718	0.00388	0.01199
77	0.05213	0.05204	0.05782	0.20109	0.08665	0.14273	0.01739	0.14387	0.02202	0.08131	0.01972	0.02206	0.04939	0.00896	0.00761	0.00239	0.00992	0.00705	0.00528	0.01056
78	0.02927	0.05178	0.07718	0.01701	0.05090	0.01608	0.01427	0.13432	0.07510	0.37861	0.05398	0.02542	0.01982	0.00966	0.00785	0.00243	0.00753	0.00780	0.00820	0.01280
79	0.75001	0.01529	0.01209	0.03522	0.01674	0.01778	0.00907	0.02320	0.01358	0.03503	0.01115	0.01318	0.00866	0.00738	0.00502	0.00246	0.00629	0.00439	0.00486	0.00860
80	0.01120	0.00755	0.00875	0.00907	0.00916	0.00747	0.00526	0.01144	0.01218	0.01624	0.02831	0.16982	0.03302	0.59767	0.03499	0.00689	0.00714	0.01349	0.00526	0.00510
81	0.04938	0.59674	0.10668	0.01471	0.02182	0.05887	0.01511	0.02423	0.01636	0.02000	0.01142	0.01322	0.01010	0.00695	0.00543	0.00183	0.00899	0.00445	0.00348	0.01024
82	0.01153	0.00769	0.00865	0.00865	0.00865	0.00769	0.00480	0.01153	0.01153	0.01538	0.02499	0.05189	0.02883	0.72131	0.04036	0.00769	0.00769	0.01153	0.00480	0.00480
83	0.02955	0.02192	0.02346	0.01813	0.02436	0.02431	0.01493	0.61100	0.07266	0.04902	0.01979	0.01964	0.01410	0.00959	0.00794	0.00240	0.00859	0.00724	0.00794	0.01343
84	0.01547	0.01453	0.02253	0.59067	0.04854	0.04059	0.02046	0.02037	0.01609	0.02076	0.01566	0.02419	0.01256	0.00884	0.00861	0.00266	0.03655	0.03427	0.03797	0.00869
85	0.01122	0.00811	0.01060	0.00998	0.01185	0.00748	0.00748	0.01496	0.02245	0.03180	0.66766	0.05923	0.07482	0.01621	0.00935	0.00249	0.00374	0.01434	0.00873	0.00748
86	0.01755	0.01713	0.05823	0.39997	0.28185	0.01788	0.02283	0.02272	0.01698	0.04798	0.01507	0.02059	0.01164	0.00766	0.00788	0.00252	0.01005	0.00703	0.00391	0.01053
87	0.03534	0.01388	0.01864	0.01429	0.02044	0.01223	0.01181	0.06572	0.02335	0.64935	0.03074	0.02664	0.01936	0.00980	0.00797	0.00245	0.00684	0.00794	0.00973	0.01349
88	0.00990	0.00713	0.00938	0.01076	0.01153	0.00662	0.00733	0.01168	0.01645	0.02214	0.14519	0.58796	0.07790	0.02329	0.00997	0.00308	0.00444	0.02102	0.00758	0.00662
89	0.03014	0.02221	0.02380	0.01825	0.02459	0.02459	0.01507	0.64541	0.03728	0.04998	0.01904	0.01904	0.01349	0.00952	0.00793	0.00238	0.00873	0.00714	0.00793	0.01349
90	0.77733	0.01534	0.01166	0.01043	0.01534	0.01779	0.00859	0.02331	0.01350	0.03558	0.01104	0.01288	0.00859	0.00736	0.00491	0.00245	0.00613	0.00429	0.00491	0.00859
91	0.02963	0.02114	0.02279	0.01755	0.02367	0.02323	0.01447	0.59001	0.03568	0.07514	0.01988	0.01988	0.01407	0.00952	0.00782	0.00236	0.00840	0.00719	0.04439	0.01319
92	0.77733	0.01534	0.01166	0.01043	0.01534	0.01779	0.00859	0.02331	0.01350	0.03558	0.01104	0.01288	0.00859	0.00736	0.00491	0.00245	0.00613	0.00429	0.00491	0.00859
93	0.01872	0.02139	0.04679	0.03342	0.04144	0.02005	0.64305	0.02540	0.01872	0.02540	0.01604	0.02139	0.01203	0.00668	0.00936	0.00267	0.01337	0.00936	0.00401	0.01070
94	0.01872	0.02139	0.04679	0.03342	0.04144	0.02005	0.64305	0.02540	0.01872	0.02540	0.01604	0.02139	0.01203	0.00668	0.00936	0.00267	0.01337	0.00936	0.00401	0.01070
95	0.01735	0.01735	0.02429	0.02082	0.02082	0.02429	0.01735	0.01908	0.01214	0.01908	0.01041	0.01735	0.01041	0.01388	0.02602	0.00347	0.70680	0.00694	0.00347	0.00867
96	0.77733	0.01534	0.01166	0.01043	0.01534	0.01779	0.00859	0.02331	0.01350	0.03558	0.01104	0.01288	0.00859	0.00736	0.00491	0.00245	0.00613	0.00429	0.00491	0.00859
97	0.03035	0.02188	0.02360	0.01809	0.02443	0.02411	0.01494	0.62265	0.03674	0.07351	0.01950	0.01934	0.01372	0.00953	0.00793	0.00238	0.00865	0.00717	0.00800	0.01349
98	0.01112	0.00810	0.01045	0.00987	0.01178	0.00744	0.00740	0.01476	0.02220	0.03121	0.63417	0.06021	0.10869	0.01643	0.00935	0.00250	0.00376	0.01448	0.00865	0.00744
99	0.01142	0.00814	0.01095	0.01095	0.01174	0.00894	0.00767	0.01301	0.01221	0.01708	0.02288	0.04025	0.02377	0.34975	0.40502	0.01053	0.01530	0.00983	0.00449	0.00608
100	0.01377	0.00689	0.01033	0.01033	0.01033	0.00689	0.00689	0.01033	0.01033	0.01377	0.01377	0.02410	0.01377	0.02755	0.03099	0.76928	0.00689	0.00689	0.00344	0.00344
101	0.01746	0.01663	0.02828	0.35278	0.38466	0.01827	0.02326	0.02244	0.01703	0.02328	0.01453	0.02033	0.01163	0.00747	0.00789	0.00249	0.00996	0.00706	0.00374	0.01082
102	0.01952	0.01991	0.05913	0.16914	0.38225	0.05428	0.02187	0.05268	0.09317	0.02630	0.01678	0.02064	0.01332	0.00785	0.00784	0.00244	0.00962	0.00713	0.00448	0.01164
103	0.77733	0.01534	0.01166	0.01043	0.01534	0.01779	0.00859	0.02331	0.01350	0.03558	0.01104	0.01288	0.00859	0.00736	0.00491	0.00245	0.00613	0.00429	0.00491	0.00859
104	0.03376	0.01473	0.01897	0.01472	0.02076	0.01371	0.01210	0.10636	0.07285	0.55835	0.03000	0.02630	0.01930	0.00985	0.00798	0.00246	0.00693	0.00796	0.00947	0.01342
105	0.02544	0.02017	0.06048	0.18242	0.03165	0.06996	0.04666	0.24019	0.02525	0.15567	0.01954	0.02114	0.01374	0.00883	0.00782	0.00243	0.00939	0.00716	0.04054	0.01153
106	0.04530	0.02142	0.14184	0.10262	0.11391	0.01760	0.24273	0.02507	0.05444	0.06006	0.04733	0.05587	0.01731	0.00873	0.00843	0.00260	0.01043	0.00880	0.00478	0.01072
107	0.01969	0.01391	0.01587	0.01414	0.01807	0.01498	0.01098	0.03374	0.38038	0.13121	0.18150	0.06911	0.03672	0.01257	0.00845	0.00263	0.00567	0.01072	0.00846	0.01122
108	0.00966	0.00690	0.00920	0.01104	0.01150	0.00644	0.00736	0.01104	0.01518	0.02024	0.04371	0.71614	0.05245	0.02484	0.01012	0.00322	0.00460	0.02254	0.00736	0.00644
109	0.02124	0.04715	0.09261	0.14766	0.19717	0.09280	0.12890	0.02706	0.04713	0.09626	0.01706	0.02034	0.01284	0.00778	0.00794	0.00244	0.01060	0.00721	0.00465	0.01115
110	0.09690	0.07425	0.02922	0.07506	0.02857	0.08748	0.17991	0.09246	0.01861	0.02640	0.01412	0.01833	0.01141	0.00907	0.01172	0.00262	0.16895	0.00697	0.03810	0.00985
111	0.00966	0.00690	0.00920	0.01104	0.01150	0.00644	0.00736	0.01104	0.01518	0.02024	0.04371	0.71614	0.05245	0.02484	0.01012	0.00322	0.00460	0.02254	0.00736	0.00644
112	0.02084	0.44899	0.03452	0.05185	0.02280	0.05513	0.03856	0.02355	0.01631	0.05679	0.01552	0.01788	0.03958	0.00876	0.00912	0.00216	0.11795	0.00580	0.00400	0.00988
113	0.05309	0.01451	0.01707	0.01268	0.01885	0.01242	0.01023	0.02003	0.01583	0.02557	0.01354	0.01637	0.01145	0.00682	0.00804	0.00149	0.08281	0.00492	0.00457	0.64970
114	0.26858	0.26314	0.10641	0.01644	0.02331	0.02290	0.09631	0.05225	0.01685	0.05084	0.01315	0.01518	0.01037	0.00728	0.00611	0.00223	0.00869	0.00538	0.00440	0.01017
115	0.01775	0.01829	0.03498	0.14430	0.23602	0.01865	0.27764	0.02300	0.01748	0.02407	0.01683	0.06445	0.01443	0.00853	0.00959	0.00265	0.04769	0.00898	0.00409	0.01059
116	0.06108	0.12088	0.06496	0.04714	0.05154	0.12199	0.01492	0.09733	0.09690	0.02694	0.01610	0.01838	0.01298	0.01063	0.03846	0.00265	0.05931	0.00608	0.00494	0.12680
117	0.00966	0.00690	0.00920	0.01104	0.01150	0.00644	0.00736	0.01104	0.01518	0.02024	0.04371	0.71614	0.05245	0.02484	0.01012	0.00322	0.00460	0.02254	0.00736	0.00644
118	0.05820	0.01756	0.02263	0.01942	0.02026	0.04360	0.01602	0.05882	0.01413	0.02177	0.01190	0.01871	0.01142	0.03714	0.04743	0.00377	0.55755	0.00696	0.00392	0.00881
119	0.01871	0.02293	0.15093	0.11626	0.06658	0.01974	0.24625	0.09703	0.04821	0.02724	0.01703	0.04490	0.01353	0.00875	0.00987	0.00267	0.06568	0.00831	0.00454	0.01082
120	0.01233	0.01125	0.01994	0.01723	0.02014	0.01045	0.18908	0.01537	0.01662	0.02197	0.03981	0.42447	0.10916	0.01902	0.00985	0.00302	0.00714	0.03903	0.00640	0.00772
121	0.00984	0.00703	0.00941	0.01124	0.01178	0.00659	0.00767	0.01135	0.01536	0.02044	0.04361	0.68040	0.05206	0.02468	0.01017	0.00325	0.00475	0.05653	0.00736	0.00649
122	0.01851	0.02233	0.10304	0.06532	0.19628	0.01949	0.40492	0.02489	0.01824	0.02527	0.01551	0.02050	0.01191	0.00691	0.00875	0.00258	0.01212	0.00836	0.00390	0.01117
123	0.24662	0.41586	0.05255	0.01301	0.01898	0.05236	0.01233	0.02343	0.01601	0.02480	0.05265	0.01591	0.01378	0.00764	0.00547	0.00202	0.00783	0.00499	0.00421	0.00955
124	0.09879	0.01707	0.01970	0.07394	0.02336	0.01865	0.04097	0.33343	0.02695	0.07048	0.01981	0.02145	0.01451	0.00899	0.00717	0.00231	0.00762	0.00705	0.17663	0.01112
125	0.01153	0.00769	0.00865	0.00865	0.00865	0.00769	0.00480	0.01153	0.01153	0.01538	0.02499	0.05189	0.02883	0.72131	0.04036	0.00769	0.00769	0.01153	0.00480	0.00480
126	0.03205	0.01826	0.02124	0.01638	0.02256	0.01884	0.01350	0.36032	0.05648	0.31845	0.02484	0.02288	0.01656	0.00970	0.00796	0.00242	0.00778	0.00757	0.00875	0.01345
127	0.01116	0.00805	0.01054	0.01002	0.01183	0.00744	0.00748	0.01480	0.02214	0.03130	0.64090	0.08741	0.07386	0.01658	0.00939	0.00253	0.00378	0.01469	0.00867	0.00744
128	0.06601	0.01647	0.02688	0.10718	0.03009	0.01643	0.22387	0.11294	0.01984	0.02850	0.02013	0.12180	0.01808	0.00996	0.00815	0.00245	0.00914	0.00962	0.03839	0.11404
129	0.02155	0.69741	0.04076	0.01385	0.02053	0.05880	0.01364	0.02407	0.01638	0.01869	0.01108	0.01279	0.01018	0.00684	0.00517	0.00171	0.00872	0.00428	0.00342	0.01014
130	0.05732	0.02033	0.02173	0.01686	0.02277	0.02233	0.01388	0.54289	0.03402	0.07510	0.01984	0.02003	0.01414	0.00943	0.00762	0.00234	0.00812	0.00709	0.07137	0.01279
131	0.01644	0.01409	0.01644	0.01175	0.01879	0.01057	0.00940	0.01997	0.01644	0.02584	0.01409	0.01644	0.01175	0.00587	0.00587	0.00117	0.00587	0.00470	0.00470	0.76979
132	0.01114	0.00810	0.01048	0.00989	0.01180	0.00745	0.00742	0.01480	0.02225	0.03133	0.64125	0.06000	0.10152	0.01639	0.00935	0.00250	0.00375	0.01445	0.00867	0.00745
133	0.01377	0.00689	0.01033	0.01033	0.01033	0.00689	0.00689	0.01033	0.01033	0.01377	0.01377	0.02410	0.01377	0.02755	0.03099	0.76928	0.00689	0.00689	0.00344	0.00344
134	0.01278	0.00913	0.01278	0.01460	0.01643	0.00913	0.01278	0.01643	0.01825	0.02373	0.04199	0.08945	0.04564	0.02191	0.01095	0.00365	0.00730	0.61847	0.00730	0.00730
135	0.02120	0.72609	0.04155	0.01357	0.02035	0.03138	0.01357	0.02374	0.01611	0.01866	0.01102	0.01272	0.01018	0.00678	0.00509	0.00170	0.00848	0.00424	0.00339	0.01018
136	0.03014	0.02221	0.02380	0.01825	0.02459	0.02459	0.01507	0.64541	0.03728	0.04998	0.01904	0.01904	0.01349	0.00952	0.00793	0.00238	0.00873	0.00714	0.00793	0.01349
137	0.03014	0.02221	0.02380	0.01825	0.02459	0.02459	0.01507	0.64541	0.03728	0.04998	0.01904	0.01904	0.01349	0.00952	0.00793	0.00238	0.00873	0.00714	0.00793	0.01349
138	0.02486	0.01958	0.02082	0.01718	0.02258	0.02212	0.01379	0.33925	0.35206	0.04145	0.02576	0.02439	0.01893	0.01015	0.00800	0.00254	0.00748	0.00807	0.00800	0.01301
139	0.15312	0.01773	0.01943	0.08067	0.02422	0.01978	0.01350	0.23693	0.19973	0.12085	0.02243	0.02212	0.01612	0.00938	0.00746	0.00251	0.00753	0.00726	0.00728	0.01196
140	0.01862	0.08045	0.23309	0.02356	0.05495	0.01843	0.20406	0.06326	0.01863	0.05517	0.01742	0.05590	0.01412	0.01016	0.03347	0.00279	0.01096	0.00787	0.00450	0.07258
141	0.01860	0.02223	0.07396	0.03296	0.04114	0.01998	0.61672	0.02539	0.01863	0.02539	0.01597	0.02119	0.01195	0.00672	0.00928	0.00267	0.01330	0.00921	0.00398	0.01074
142	0.01478	0.00739	0.00739	0.00739	0.00924	0.00739	0.00554	0.01848	0.01663	0.02956	0.02587	0.02956	0.02033	0.00924	0.00554	0.00185	0.00370	0.00739	0.76534	0.00739
143	0.01838	0.09424	0.14294	0.02579	0.06019	0.04740	0.29577	0.05142	0.01875	0.02519	0.04528	0.07960	0.01760	0.00921	0.00899	0.00256	0.03266	0.00914	0.00448	0.01040
144	0.02053	0.15144	0.06495	0.11792	0.02535	0.07432	0.01520	0.07730	0.01837	0.08928	0.01810	0.05960	0.01533	0.01364	0.05952	0.00319	0.10023	0.00739	0.05856	0.00978
145	0.00966	0.00690	0.00920	0.01104	0.01150	0.00644	0.00736	0.01104	0.01518	0.02024	0.04371	0.71614	0.05245	0.02484	0.01012	0.00322	0.00460	0.02254	0.00736	0.00644
146	0.01699	0.03345	0.43590	0.02678	0.03707	0.01905	0.26604	0.02522	0.01750	0.02522	0.01493	0.01853	0.01081	0.00721	0.00824	0.00257	0.01236	0.00721	0.00360	0.01132
147	0.02375	0.01964	0.13135	0.06114	0.02641	0.01591	0.08440	0.10036	0.09366	0.22797	0.07854	0.02656	0.02119	0.00957	0.00807	0.00249	0.00832	0.00825	0.04071	0.01170
148	0.03510	0.01426	0.01888	0.01447	0.02062	0.01279	0.01196	0.09196	0.02398	0.62222	0.03021	0.02629	0.01909	0.00979	0.00797	0.00245	0.00692	0.00790	0.00965	0.01349
149	0.02057	0.01048	0.01376	0.01186	0.01544	0.00953	0.00938	0.02469	0.04597	0.27043	0.36153	0.04802	0.07230	0.01401	0.00886	0.00254	0.00511	0.03666	0.00900	0.00987
150	0.77733	0.01534	0.01166	0.01043	0.01534	0.01779	0.00859	0.02331	0.01350	0.03558	0.01104	0.01288	0.00859	0.00736	0.00491	0.00245	0.00613	0.00429	0.00491	0.00859
151	0.74304	0.01498	0.01146	0.01029	0.01506	0.01732	0.00845	0.02309	0.01364	0.03531	0.01171	0.01363	0.00912	0.00745	0.00494	0.00243	0.00602	0.00443	0.03910	0.00853
152	0.03479	0.01352	0.01832	0.01401	0.02018	0.01161	0.01156	0.03788	0.02244	0.65060	0.03058	0.02656	0.01931	0.00965	0.00789	0.00240	0.00671	0.00784	0.00960	0.04454
153	0.05506	0.01501	0.02895	0.02256	0.02733	0.01425	0.33483	0.01967	0.01775	0.02498	0.08944	0.23296	0.03129	0.01361	0.00941	0.00284	0.00921	0.03633	0.00564	0.00888
154	0.01664	0.01606	0.02744	0.41716	0.07807	0.01841	0.13243	0.04874	0.04615	0.02333	0.01826	0.02364	0.04103	0.00874	0.00928	0.00267	0.05016	0.00798	0.00419	0.00961
155	0.00978	0.00699	0.00931	0.01096	0.01153	0.00652	0.00737	0.01134	0.01574	0.02113	0.09141	0.66592	0.05416	0.02418	0.01006	0.00316	0.00453	0.02192	0.00747	0.00652
156	0.03558	0.01350	0.01840	0.01411	0.02024	0.01166	0.01166	0.03865	0.02270	0.67734	0.03128	0.02699	0.01963	0.00981	0.00797	0.00245	0.00675	0.00797	0.00981	0.01350
157	0.01949	0.45276	0.20767	0.01861	0.02684	0.02648	0.10331	0.02432	0.01663	0.02125	0.01254	0.01494	0.01039	0.00696	0.00630	0.00204	0.00998	0.00536	0.00346	0.01065
158	0.00951	0.00799	0.00826	0.00830	0.01082	0.00674	0.00618	0.01161	0.01825	0.02209	0.11932	0.10306	0.60071	0.02002	0.00940	0.00269	0.00402	0.01682	0.00746	0.00674
159	0.01972	0.01703	0.01793	0.01614	0.02062	0.01972	0.01255	0.04214	0.65752	0.03317	0.03228	0.02959	0.02421	0.01076	0.00807	0.00269	0.00628	0.00897	0.00807	0.01255
160	0.77733	0.01534	0.01166	0.01043	0.01534	0.01779	0.00859	0.02331	0.01350	0.03558	0.01104	0.01288	0.00859	0.00736	0.00491	0.00245	0.00613	0.00429	0.00491	0.00859
161	0.03014	0.02221	0.02380	0.01825	0.02459	0.02459	0.01507	0.64541	0.03728	0.04998	0.01904	0.01904	0.01349	0.00952	0.00793	0.00238	0.00873	0.00714	0.00793	0.01349
162	0.01527	0.01439	0.02431	0.66099	0.09358	0.01770	0.02217	0.02052	0.01600	0.02062	0.01415	0.02105	0.01070	0.00787	0.00792	0.00262	0.01050	0.00705	0.00355	0.00905
163	0.03558	0.01350	0.01840	0.01411	0.02024	0.01166	0.01166	0.03865	0.02270	0.67734	0.03128	0.02699	0.01963	0.00981	0.00797	0.00245	0.00675	0.00797	0.00981	0.01350
164	0.01133	0.00850	0.01274	0.01274	0.01416	0.00991	0.00991	0.01416	0.01274	0.01841	0.02124	0.03115	0.01982	0.05947	0.68989	0.01274	0.02124	0.00850	0.00425	0.00708
165	0.01590	0.04102	0.68023	0.02260	0.03432	0.01842	0.02930	0.02511	0.01674	0.02511	0.01423	0.01674	0.01005	0.00753	0.00753	0.00251	0.01172	0.00586	0.00335	0.01172
166	0.01496	0.01367	0.02275	0.65839	0.05175	0.01697	0.02098	0.02015	0.01591	0.02085	0.01484	0.02167	0.01119	0.00801	0.00778	0.00259	0.01014	0.00707	0.05162	0.00872
167	0.01151	0.00771	0.00877	0.00873	0.00885	0.00767	0.00497	0.01175	0.01222	0.01641	0.06556	0.05236	0.03173	0.67680	0.03840	0.00736	0.00744	0.01171	0.00505	0.00497
168	0.01909	0.01639	0.01738	0.01582	0.02004	0.01889	0.01222	0.04017	0.61697	0.03236	0.03300	0.07293	0.02599	0.01165	0.00820	0.00272	0.00617	0.00982	0.00802	0.01217

[dist]
# distance from previous block
# <min> <max>
0	17

[block]
# block no. 1 follows, 24 sequences, length 94
# corresponding to MSA columns:
# 212-305
name=unknown_B
#
# <colnr> <probs for GDERKNQSTAVLIFYWHMCP>
#	G	D	E	R	K	N	Q	S	T	A	V	L	I	F	Y	W	H	M	C	P
0	0.02047	0.01613	0.01736	0.01548	0.01980	0.01828	0.01197	0.03984	0.56349	0.08427	0.03172	0.03084	0.02414	0.05745	0.01019	0.00300	0.00641	0.00905	0.00800	0.01212
1	0.01609	0.03973	0.63854	0.02331	0.03479	0.01852	0.06969	0.02513	0.01687	0.02513	0.01435	0.01705	0.01018	0.00748	0.00765	0.00252	0.01183	0.00609	0.00339	0.01165
2	0.01498	0.01409	0.02378	0.70226	0.05462	0.01762	0.02202	0.02026	0.01586	0.02026	0.01409	0.02114	0.01057	0.00793	0.00793	0.00264	0.01057	0.00705	0.00352	0.00881
3	0.00937	0.00803	0.00803	0.00803	0.01071	0.00669	0.00602	0.01138	0.01807	0.02142	0.08033	0.07632	0.66863	0.02008	0.00937	0.00268	0.00402	0.01674	0.00736	0.00669
4	0.02935	0.02162	0.02323	0.01796	0.02408	0.02388	0.01477	0.62069	0.03642	0.04882	0.02000	0.04620	0.01500	0.01012	0.00802	0.00241	0.00857	0.00774	0.00791	0.01321
5	0.00966	0.00690	0.00920	0.01104	0.01150	0.00644	0.00736	0.01104	0.01518	0.02024	0.04371	0.71614	0.05245	0.02484	0.01012	0.00322	0.00460	0.02254	0.00736	0.00644
6	0.01105	0.00810	0.01035	0.00979	0.01174	0.00741	0.00734	0.01462	0.02203	0.03081	0.61153	0.06087	0.13157	0.01658	0.00935	0.00251	0.00377	0.01457	0.00860	0.00741
7	0.03014	0.02221	0.02380	0.01825	0.02459	0.02459	0.01507	0.64541	0.03728	0.04998	0.01904	0.01904	0.01349	0.00952	0.00793	0.00238	0.00873	0.00714	0.00793	0.01349
8	0.03014	0.02221	0.02380	0.01825	0.02459	0.02459	0.01507	0.64541	0.03728	0.04998	0.01904	0.01904	0.01349	0.00952	0.00793	0.00238	0.00873	0.00714	0.00793	0.01349
9	0.01153	0.00769	0.00865	0.00865	0.00865	0.00769	0.00480	0.01153	0.01153	0.01538	0.02499	0.05189	0.02883	0.72131	0.04036	0.00769	0.00769	0.01153	0.00480	0.00480
10	0.09883	0.01365	0.01783	0.01379	0.01982	0.01218	0.01139	0.03734	0.02191	0.62261	0.02956	0.02579	0.01869	0.00961	0.00771	0.00245	0.00670	0.00766	0.00940	0.01308
11	0.03529	0.01395	0.01869	0.01433	0.02047	0.01234	0.01184	0.07064	0.02347	0.64426	0.03064	0.02657	0.01931	0.00980	0.00797	0.00245	0.00685	0.00793	0.00972	0.01349
12	0.03014	0.02221	0.02380	0.01825	0.02459	0.02459	0.01507	0.64541	0.03728	0.04998	0.01904	0.01904	0.01349	0.00952	0.00793	0.00238	0.00873	0.00714	0.00793	0.01349
13	0.00972	0.00699	0.00922	0.01088	0.01149	0.00649	0.00732	0.01122	0.01560	0.02077	0.07127	0.66420	0.07688	0.02430	0.01006	0.00317	0.00454	0.02198	0.00742	0.00649
14	0.01144	0.00765	0.00867	0.00876	0.00878	0.00763	0.00493	0.01151	0.01170	0.01561	0.02587	0.08326	0.02994	0.68842	0.03893	0.00748	0.00754	0.01205	0.00493	0.00488
15	0.00966	0.00690	0.00920	0.01104	0.01150	0.00644	0.00736	0.01104	0.01518	0.02024	0.04371	0.71614	0.05245	0.02484	0.01012	0.00322	0.00460	0.02254	0.00736	0.00644
16	0.77733	0.01534	0.01166	0.01043	0.01534	0.01779	0.00859	0.02331	0.01350	0.03558	0.01104	0.01288	0.00859	0.00736	0.00491	0.00245	0.00613	0.00429	0.00491	0.00859
17	0.18593	0.36470	0.03119	0.07873	0.05443	0.02490	0.04362	0.04904	0.01667	0.04497	0.01267	0.01512	0.01050	0.00747	0.00655	0.00214	0.03197	0.00521	0.00418	0.01003
18	0.01174	0.00902	0.01319	0.01296	0.01417	0.01069	0.01000	0.01428	0.01261	0.01822	0.02082	0.03186	0.01991	0.10796	0.59567	0.01174	0.06531	0.00863	0.00424	0.00701
19	0.03558	0.01350	0.01840	0.01411	0.02024	0.01166	0.01166	0.03865	0.02270	0.67734	0.03128	0.02699	0.01963	0.00981	0.00797	0.00245	0.00675	0.00797	0.00981	0.01350
20	0.02970	0.01644	0.07869	0.01455	0.02139	0.01250	0.01293	0.05482	0.02139	0.46332	0.02580	0.02363	0.01694	0.00879	0.00751	0.00220	0.00709	0.00709	0.00812	0.16710
21	0.00968	0.00805	0.00846	0.00835	0.01090	0.00682	0.00626	0.01197	0.01879	0.02313	0.17691	0.07351	0.57099	0.01945	0.00937	0.00265	0.00397	0.01634	0.00759	0.00682
22	0.02120	0.72609	0.04155	0.01357	0.02035	0.03138	0.01357	0.02374	0.01611	0.01866	0.01102	0.01272	0.01018	0.00678	0.00509	0.00170	0.00848	0.00424	0.00339	0.01018
23	0.01147	0.00860	0.01232	0.01231	0.01340	0.00988	0.00925	0.01374	0.01270	0.01810	0.02288	0.07884	0.02298	0.15478	0.52336	0.01102	0.04330	0.00982	0.00451	0.00676
24	0.03014	0.02221	0.02380	0.01825	0.02459	0.02459	0.01507	0.64541	0.03728	0.04998	0.01904	0.01904	0.01349	0.00952	0.00793	0.00238	0.00873	0.00714	0.00793	0.01349
25	0.02120	0.72609	0.04155	0.01357	0.02035	0.03138	0.01357	0.02374	0.01611	0.01866	0.01102	0.01272	0.01018	0.00678	0.00509	0.00170	0.00848	0.00424	0.00339	0.01018
26	0.77733	0.01534	0.01166	0.01043	0.01534	0.01779	0.00859	0.02331	0.01350	0.03558	0.01104	0.01288	0.00859	0.00736	0.00491	0.00245	0.00613	0.00429	0.00491	0.00859
27	0.02958	0.02167	0.02320	0.01785	0.02403	0.02396	0.01472	0.62238	0.03653	0.04923	0.01929	0.01943	0.01374	0.00951	0.00784	0.00236	0.00854	0.00715	0.03576	0.01326
28	0.77733	0.01534	0.01166	0.01043	0.01534	0.01779	0.00859	0.02331	0.01350	0.03558	0.01104	0.01288	0.00859	0.00736	0.00491	0.00245	0.00613	0.00429	0.00491	0.00859
29	0.01278	0.00913	0.01278	0.01460	0.01643	0.00913	0.01278	0.01643	0.01825	0.02373	0.04199	0.08945	0.04564	0.02191	0.01095	0.00365	0.00730	0.61847	0.00730	0.00730
30	0.02962	0.03779	0.02247	0.02043	0.02451	0.68948	0.01532	0.03166	0.02247	0.01941	0.01226	0.01430	0.01021	0.00817	0.00715	0.00204	0.01430	0.00511	0.00409	0.00919
31	0.00966	0.00690	0.00920	0.01104	0.01150	0.00644	0.00736	0.01104	0.01518	0.02024	0.04371	0.71614	0.05245	0.02484	0.01012	0.00322	0.00460	0.02254	0.00736	0.00644
32	0.01118	0.00798	0.01094	0.01277	0.01390	0.00775	0.00999	0.01366	0.01668	0.02194	0.04287	0.41153	0.04914	0.02342	0.01053	0.00343	0.00591	0.31220	0.00733	0.00686
33	0.02160	0.69360	0.04065	0.01389	0.02055	0.06243	0.01365	0.02412	0.01641	0.01869	0.01108	0.01280	0.01018	0.00685	0.00519	0.00171	0.00875	0.00428	0.00342	0.01013
34	0.00939	0.00796	0.00811	0.00823	0.01076	0.00668	0.00611	0.01136	0.01788	0.02134	0.07792	0.11842	0.62808	0.02040	0.00942	0.00271	0.00406	0.01712	0.00736	0.00668
35	0.01462	0.01212	0.01811	0.32119	0.03174	0.01379	0.04130	0.05777	0.01548	0.02028	0.01932	0.03461	0.01890	0.32331	0.02233	0.00486	0.00930	0.00914	0.00440	0.00743
36	0.02184	0.05280	0.05700	0.06277	0.02538	0.02095	0.04183	0.20663	0.31921	0.03516	0.02517	0.02708	0.01938	0.01022	0.00804	0.00259	0.00799	0.03683	0.00705	0.01208
37	0.01812	0.01731	0.02947	0.25984	0.47242	0.01845	0.02359	0.02302	0.01735	0.02408	0.01465	0.02012	0.01192	0.00734	0.00788	0.00245	0.00979	0.00706	0.00380	0.01135
38	0.02056	0.06745	0.05719	0.11158	0.13886	0.08880	0.15964	0.04895	0.12258	0.04889	0.01846	0.02133	0.01416	0.00806	0.00789	0.00243	0.01015	0.00750	0.03454	0.01099
39	0.01377	0.00689	0.01033	0.01033	0.01033	0.00689	0.00689	0.01033	0.01033	0.01377	0.01377	0.02410	0.01377	0.02755	0.03099	0.76928	0.00689	0.00689	0.00344	0.00344
40	0.03064	0.05475	0.02363	0.01742	0.02363	0.05735	0.01442	0.47843	0.03297	0.15608	0.02044	0.01988	0.01423	0.00937	0.00776	0.00234	0.00866	0.00704	0.00785	0.01311
41	0.01852	0.10242	0.27384	0.05902	0.05430	0.01971	0.15914	0.08007	0.01893	0.02659	0.01472	0.01784	0.01113	0.00724	0.00754	0.00228	0.01061	0.00654	0.00411	0.10544
42	0.01522	0.01165	0.01440	0.01189	0.01612	0.01025	0.03511	0.07211	0.02035	0.06162	0.17594	0.08924	0.21056	0.01384	0.00831	0.00224	0.00543	0.01186	0.00700	0.20687
43	0.01434	0.00735	0.00755	0.00770	0.00943	0.00731	0.00570	0.01784	0.01651	0.02877	0.02739	0.08819	0.02307	0.01057	0.00593	0.00196	0.00377	0.00868	0.70061	0.00731
44	0.00966	0.00690	0.00920	0.01104	0.01150	0.00644	0.00736	0.01104	0.01518	0.02024	0.04371	0.71614	0.05245	0.02484	0.01012	0.00322	0.00460	0.02254	0.00736	0.00644
45	0.01821	0.20623	0.25066	0.07653	0.09192	0.04533	0.08902	0.02466	0.04520	0.02312	0.01578	0.05035	0.01321	0.00822	0.00730	0.00234	0.01028	0.00694	0.00392	0.01076
46	0.03511	0.01425	0.01887	0.01447	0.02062	0.01277	0.01195	0.09104	0.02396	0.62317	0.03023	0.02630	0.01910	0.00979	0.00797	0.00245	0.00692	0.00790	0.00965	0.01349
47	0.02012	0.01591	0.01706	0.01520	0.01952	0.01800	0.01186	0.05778	0.52941	0.06735	0.06454	0.03067	0.02602	0.01085	0.00796	0.00260	0.00607	0.00903	0.05803	0.01203
48	0.03449	0.01318	0.01783	0.01376	0.01967	0.01143	0.01134	0.03759	0.02238	0.64354	0.03100	0.02712	0.01967	0.00978	0.00785	0.00242	0.00659	0.00794	0.04923	0.01318
49	0.01674	0.01436	0.01658	0.01214	0.01896	0.01139	0.00968	0.02194	0.07355	0.02649	0.01571	0.01761	0.01286	0.00631	0.00607	0.00131	0.00591	0.00508	0.00500	0.70233
50	0.16237	0.07278	0.08904	0.08198	0.02804	0.07375	0.12855	0.02301	0.01544	0.02401	0.01242	0.01693	0.01030	0.00926	0.01267	0.00273	0.21693	0.00644	0.00387	0.00947
51	0.00966	0.00690	0.00920	0.01104	0.01150	0.00644	0.00736	0.01104	0.01518	0.02024	0.04371	0.71614	0.05245	0.02484	0.01012	0.00322	0.00460	0.02254	0.00736	0.00644
52	0.07386	0.20616	0.16773	0.06515	0.08442	0.02102	0.04564	0.05311	0.01832	0.14468	0.01652	0.01819	0.01225	0.00799	0.00758	0.00231	0.03271	0.00615	0.00495	0.01124
53	0.01720	0.02510	0.28886	0.24466	0.03812	0.01662	0.06428	0.02378	0.01735	0.07752	0.04979	0.02154	0.01463	0.00814	0.00781	0.00247	0.01024	0.00703	0.00435	0.06051
54	0.01387	0.01206	0.01923	0.11838	0.24837	0.01230	0.01530	0.01695	0.01628	0.02223	0.02960	0.37780	0.03279	0.01632	0.00903	0.00284	0.00710	0.01502	0.00564	0.00890
55	0.00966	0.00690	0.00920	0.01104	0.01150	0.00644	0.00736	0.01104	0.01518	0.02024	0.04371	0.71614	0.05245	0.02484	0.01012	0.00322	0.00460	0.02254	0.00736	0.00644
56	0.66543	0.01567	0.01342	0.01241	0.03955	0.01775	0.00966	0.05434	0.01541	0.07816	0.01290	0.01435	0.00969	0.00762	0.00536	0.00245	0.00642	0.00477	0.00534	0.00929
57	0.02370	0.09323	0.15093	0.01621	0.02258	0.07786	0.01534	0.05610	0.10559	0.20911	0.07856	0.04890	0.02192	0.00997	0.00765	0.00237	0.00825	0.00796	0.00670	0.03706
58	0.01550	0.01305	0.01533	0.01180	0.01765	0.01034	0.00920	0.01963	0.04675	0.02562	0.04105	0.11384	0.02001	0.00904	0.00667	0.00157	0.00565	0.00766	0.00536	0.60429
59	0.01402	0.01032	0.01398	0.03888	0.03946	0.01034	0.03171	0.01989	0.11018	0.05875	0.26227	0.24117	0.04900	0.01637	0.00904	0.00271	0.00529	0.01465	0.04343	0.00853
60	0.01682	0.01428	0.01678	0.01239	0.01881	0.01161	0.00990	0.04966	0.01721	0.02646	0.01558	0.04959	0.01369	0.00727	0.00699	0.00142	0.03447	0.00575	0.00493	0.66638
61	0.02950	0.02183	0.02345	0.01794	0.02432	0.02393	0.01480	0.61589	0.03630	0.04884	0.01881	0.01892	0.01340	0.00935	0.00784	0.00232	0.00859	0.00702	0.00778	0.04918
62	0.07176	0.01741	0.01830	0.01593	0.02077	0.01981	0.01257	0.11905	0.50148	0.06912	0.02911	0.02698	0.02155	0.01032	0.00784	0.00262	0.00661	0.00837	0.00793	0.01246
63	0.03113	0.01772	0.02066	0.01616	0.02216	0.01829	0.01324	0.30005	0.11352	0.32174	0.02615	0.02392	0.01760	0.00981	0.00797	0.00245	0.00754	0.00775	0.00877	0.01337
64	0.01240	0.00837	0.01098	0.01018	0.01225	0.00768	0.00768	0.01611	0.02246	0.06291	0.63699	0.05768	0.07216	0.01590	0.00929	0.00249	0.00389	0.01403	0.00878	0.00777
65	0.01009	0.00759	0.01098	0.01210	0.01292	0.00709	0.03748	0.01172	0.01535	0.02049	0.04240	0.68322	0.05053	0.02398	0.01009	0.00319	0.00502	0.02192	0.00720	0.00664
66	0.77733	0.01534	0.01166	0.01043	0.01534	0.01779	0.00859	0.02331	0.01350	0.03558	0.01104	0.01288	0.00859	0.00736	0.00491	0.00245	0.00613	0.00429	0.00491	0.00859
67	0.01956	0.04130	0.01867	0.03751	0.02035	0.01330	0.04027	0.09935	0.01945	0.09067	0.01920	0.04947	0.01593	0.04243	0.00834	0.00205	0.00676	0.00692	0.07828	0.37019
68	0.01096	0.00805	0.01027	0.00981	0.01171	0.00736	0.00732	0.01442	0.02168	0.03022	0.57928	0.08779	0.13761	0.01698	0.00939	0.00254	0.00381	0.01493	0.00853	0.00736
69	0.02947	0.02156	0.02308	0.01777	0.02392	0.02383	0.01465	0.61780	0.03637	0.04908	0.01934	0.01950	0.01379	0.00951	0.00783	0.00236	0.00850	0.00715	0.04128	0.01322
70	0.02427	0.01827	0.02009	0.01554	0.02141	0.04108	0.01259	0.29990	0.02618	0.08936	0.01903	0.05533	0.01520	0.00929	0.00820	0.00207	0.04123	0.00712	0.00662	0.26724
71	0.01127	0.00839	0.01240	0.01248	0.01379	0.00966	0.00956	0.01390	0.01279	0.01834	0.02238	0.06139	0.02164	0.08920	0.63023	0.01210	0.01989	0.00924	0.00441	0.00695
