[name]
unknown

[dist]
# distance from previous block
# <min> <max>
18	53

[block]
# block no. 0 follows, 23 sequences, length 284
# corresponding to MSA columns:
# 63-346
name=unknown_A
#
# <colnr> <probs for GDERKNQSTAVLIFYWHMCP>
#	G	D	E	R	K	N	Q	S	T	A	V	L	I	F	Y	W	H	M	C	P
0	0.11635	0.08837	0.22857	0.08790	0.05931	0.05249	0.01952	0.05873	0.05094	0.13684	0.01792	0.01930	0.01286	0.00833	0.00731	0.00246	0.00958	0.00638	0.00532	0.01150
1	0.17139	0.01503	0.04886	0.03887	0.01918	0.01443	0.04207	0.12286	0.02023	0.03161	0.11285	0.03247	0.08369	0.05237	0.01110	0.05474	0.00696	0.00883	0.06028	0.05218
2	0.02255	0.09182	0.05093	0.01590	0.05200	0.04867	0.01255	0.05521	0.07089	0.17966	0.07837	0.06126	0.02378	0.06452	0.01021	0.00266	0.00746	0.00853	0.00671	0.13632
3	0.14539	0.10711	0.02577	0.01990	0.08710	0.01957	0.08035	0.15120	0.02260	0.19135	0.01988	0.02061	0.01427	0.00853	0.00727	0.00238	0.00826	0.00693	0.04972	0.01181
4	0.02403	0.01699	0.01948	0.07760	0.04679	0.05061	0.01360	0.24088	0.02533	0.12299	0.02603	0.08492	0.05071	0.01159	0.00908	0.00253	0.04741	0.00919	0.10923	0.01101
5	0.05634	0.01788	0.05615	0.07433	0.04999	0.04464	0.01316	0.05146	0.04164	0.02754	0.01515	0.01774	0.01217	0.00689	0.00656	0.00168	0.00748	0.00546	0.00486	0.48887
6	0.01933	0.04407	0.02542	0.16606	0.03124	0.05001	0.09323	0.09030	0.09981	0.02687	0.01827	0.05339	0.01527	0.00990	0.01074	0.00256	0.11226	0.00797	0.00512	0.11819
7	0.01243	0.04075	0.01579	0.05280	0.01773	0.01139	0.04111	0.01468	0.01543	0.02094	0.03458	0.42268	0.05921	0.02356	0.06973	0.00392	0.07686	0.01675	0.00616	0.04349
8	0.02442	0.01865	0.02012	0.01692	0.02208	0.02087	0.01346	0.26478	0.35181	0.07137	0.02855	0.06498	0.02206	0.01131	0.00832	0.00265	0.00729	0.00922	0.00825	0.01289
9	0.01860	0.12263	0.26308	0.05248	0.16722	0.02086	0.07256	0.05020	0.04121	0.02623	0.04729	0.02052	0.01502	0.00837	0.00854	0.00248	0.03989	0.00702	0.00427	0.01152
10	0.01730	0.03358	0.42091	0.02643	0.03620	0.01989	0.21815	0.02525	0.01735	0.02525	0.01480	0.01867	0.01095	0.00800	0.00994	0.00271	0.07235	0.00721	0.00365	0.01139
11	0.03517	0.01354	0.01843	0.01423	0.02029	0.01171	0.01171	0.03834	0.02321	0.63819	0.06319	0.02926	0.02289	0.01037	0.00823	0.00251	0.00675	0.00848	0.00999	0.01350
12	0.07358	0.02187	0.02336	0.01800	0.02440	0.02410	0.01487	0.57186	0.03600	0.08153	0.01965	0.01953	0.01383	0.00963	0.00794	0.00244	0.00867	0.00718	0.00804	0.01351
13	0.00987	0.00712	0.00935	0.01114	0.01173	0.00660	0.00746	0.01132	0.01568	0.02077	0.04662	0.67765	0.08433	0.02518	0.01032	0.00327	0.00468	0.02277	0.00753	0.00660
14	0.01159	0.00869	0.01304	0.01304	0.01449	0.01014	0.01014	0.01449	0.01304	0.01884	0.02173	0.03188	0.02029	0.06086	0.68268	0.01304	0.02173	0.00869	0.00435	0.00724
15	0.01131	0.00829	0.01060	0.01002	0.01201	0.00758	0.00752	0.01497	0.02255	0.03154	0.60547	0.06226	0.13165	0.01696	0.00957	0.00257	0.00385	0.01491	0.00880	0.00758
16	0.01775	0.01775	0.02485	0.02130	0.02130	0.02485	0.01775	0.01953	0.01243	0.01953	0.01065	0.01775	0.01065	0.01420	0.02663	0.00355	0.69998	0.00710	0.00355	0.00888
17	0.01409	0.00705	0.01057	0.01057	0.01057	0.00705	0.00705	0.01057	0.01057	0.01409	0.01409	0.02467	0.01409	0.02819	0.03171	0.76392	0.00705	0.00705	0.00352	0.00352
18	0.01683	0.01442	0.01683	0.01202	0.01923	0.01082	0.00961	0.02043	0.01683	0.02644	0.01442	0.01683	0.01202	0.00601	0.00601	0.00120	0.00601	0.00481	0.00481	0.76444
19	0.01160	0.00865	0.01280	0.01280	0.01417	0.01001	0.00984	0.01434	0.01297	0.01866	0.02195	0.03309	0.02081	0.09831	0.64594	0.01274	0.02094	0.00887	0.00438	0.00711
20	0.01513	0.00756	0.00756	0.00756	0.00945	0.00756	0.00567	0.01891	0.01702	0.03025	0.02647	0.03025	0.02080	0.00945	0.00567	0.00189	0.00378	0.00756	0.75988	0.00756
21	0.01020	0.00748	0.01027	0.05047	0.01430	0.00725	0.00839	0.01184	0.01557	0.02071	0.04299	0.67014	0.05121	0.02443	0.01023	0.00326	0.00506	0.02216	0.00731	0.00673
22	0.01688	0.01602	0.02716	0.48363	0.25538	0.01844	0.02331	0.02210	0.01696	0.02263	0.01470	0.02112	0.01148	0.00782	0.00809	0.00261	0.01043	0.00722	0.00374	0.01027
23	0.01532	0.01442	0.02434	0.69533	0.05589	0.01803	0.02253	0.02073	0.01622	0.02073	0.01442	0.02163	0.01082	0.00811	0.00811	0.00270	0.01082	0.00721	0.00361	0.00901
24	0.01513	0.00756	0.00756	0.00756	0.00945	0.00756	0.00567	0.01891	0.01702	0.03025	0.02647	0.03025	0.02080	0.00945	0.00567	0.00189	0.00378	0.00756	0.75988	0.00756
25	0.02790	0.02107	0.02252	0.01786	0.02371	0.02348	0.01450	0.48877	0.16673	0.04622	0.02257	0.02298	0.01669	0.03542	0.00934	0.00270	0.00836	0.00786	0.00803	0.01328
26	0.01159	0.00869	0.01304	0.01304	0.01449	0.01014	0.01014	0.01449	0.01304	0.01884	0.02173	0.03188	0.02029	0.06086	0.68268	0.01304	0.02173	0.00869	0.00435	0.00724
27	0.01513	0.00756	0.00756	0.00756	0.00945	0.00756	0.00567	0.01891	0.01702	0.03025	0.02647	0.03025	0.02080	0.00945	0.00567	0.00189	0.00378	0.00756	0.75988	0.00756
28	0.03033	0.03798	0.02305	0.02081	0.02509	0.65374	0.01567	0.05864	0.02365	0.02122	0.01284	0.01484	0.01060	0.00842	0.00735	0.00211	0.01439	0.00532	0.00435	0.00960
29	0.01180	0.00787	0.00885	0.00885	0.00885	0.00787	0.00492	0.01180	0.01180	0.01573	0.02557	0.05310	0.02950	0.71483	0.04130	0.00787	0.00787	0.01180	0.00492	0.00492
30	0.03031	0.03867	0.02299	0.02090	0.02508	0.68226	0.01568	0.03240	0.02299	0.01986	0.01254	0.01463	0.01045	0.00836	0.00732	0.00209	0.01463	0.00523	0.00418	0.00941
31	0.02008	0.01928	0.03294	0.04981	0.66422	0.01928	0.02490	0.02490	0.01848	0.02651	0.01526	0.02008	0.01285	0.00723	0.00803	0.00241	0.00964	0.00723	0.00402	0.01285
32	0.01159	0.00869	0.01304	0.01304	0.01449	0.01014	0.01014	0.01449	0.01304	0.01884	0.02173	0.03188	0.02029	0.06086	0.68268	0.01304	0.02173	0.00869	0.00435	0.00724
33	0.00986	0.00823	0.00859	0.00850	0.01112	0.00696	0.00638	0.01216	0.01913	0.02342	0.16378	0.07562	0.57841	0.01999	0.00959	0.00271	0.00407	0.01678	0.00773	0.00696
34	0.02223	0.01709	0.01936	0.01428	0.02122	0.01552	0.01160	0.22152	0.02403	0.06238	0.01683	0.01816	0.01295	0.00740	0.00679	0.00166	0.00700	0.00576	0.00611	0.48812
35	0.01710	0.01644	0.02851	0.44580	0.25458	0.01858	0.05837	0.02240	0.01713	0.02293	0.01481	0.02114	0.01157	0.00775	0.00817	0.00261	0.01059	0.00735	0.00377	0.01038
36	0.02295	0.15812	0.26034	0.05897	0.05107	0.02291	0.02091	0.21775	0.02391	0.06472	0.01639	0.01799	0.01202	0.00833	0.00743	0.00237	0.01001	0.00632	0.00527	0.01222
37	0.02129	0.17728	0.05551	0.01582	0.02022	0.27625	0.01325	0.02445	0.02127	0.02432	0.23389	0.03014	0.03306	0.01083	0.00765	0.00219	0.00950	0.00830	0.00561	0.00916
38	0.02791	0.13821	0.02710	0.02293	0.09508	0.47798	0.01641	0.06089	0.02228	0.02206	0.01300	0.01524	0.01088	0.00809	0.00712	0.00209	0.01290	0.00542	0.00425	0.01016
39	0.05565	0.20443	0.08774	0.02128	0.02657	0.09587	0.13118	0.05087	0.01744	0.02332	0.01283	0.01677	0.01089	0.00928	0.01245	0.00259	0.20026	0.00643	0.00396	0.01019
40	0.02147	0.16406	0.05997	0.04577	0.02419	0.07111	0.05097	0.05555	0.04583	0.08706	0.04352	0.02080	0.01560	0.01185	0.03568	0.00292	0.18593	0.00696	0.00500	0.04577
41	0.01444	0.01127	0.04291	0.01130	0.01459	0.00952	0.00915	0.01953	0.08336	0.09569	0.24006	0.11453	0.26822	0.01708	0.00927	0.00270	0.00498	0.01461	0.00810	0.00866
42	0.01298	0.00928	0.01295	0.01467	0.01654	0.00924	0.01277	0.01673	0.01893	0.02476	0.07830	0.08976	0.04841	0.02208	0.01111	0.00367	0.00726	0.57553	0.00756	0.00748
43	0.02223	0.01664	0.01961	0.12174	0.02652	0.01877	0.01429	0.09651	0.38614	0.11632	0.02909	0.05200	0.02195	0.01083	0.00828	0.00270	0.00735	0.00905	0.00773	0.01224
44	0.01882	0.09579	0.37484	0.02783	0.12713	0.02010	0.13792	0.02617	0.01793	0.05594	0.01554	0.01856	0.01151	0.00752	0.00789	0.00250	0.01141	0.00679	0.00396	0.01187
45	0.01649	0.00888	0.00902	0.00853	0.01082	0.00909	0.00652	0.07258	0.01885	0.03206	0.02586	0.02932	0.02019	0.00948	0.00588	0.00194	0.00423	0.00754	0.69462	0.00810
46	0.00997	0.00710	0.00939	0.01119	0.01164	0.00665	0.00742	0.01132	0.01537	0.02050	0.04389	0.68105	0.05262	0.05534	0.01170	0.00349	0.00484	0.02258	0.00742	0.00652
47	0.01885	0.02260	0.07847	0.06072	0.04259	0.02033	0.57913	0.02576	0.01893	0.02576	0.01624	0.02164	0.01215	0.00694	0.00942	0.00273	0.01348	0.00930	0.00405	0.01092
48	0.01604	0.01489	0.02509	0.42105	0.15946	0.01700	0.05564	0.02145	0.04249	0.02241	0.01841	0.08920	0.01616	0.01037	0.00921	0.02845	0.00986	0.00898	0.00428	0.00956
49	0.01627	0.04197	0.67279	0.02313	0.03512	0.01884	0.02998	0.02570	0.01713	0.02570	0.01456	0.01713	0.01028	0.00771	0.00771	0.00257	0.01199	0.00600	0.00343	0.01199
50	0.02111	0.01659	0.01796	0.01597	0.02055	0.01874	0.01247	0.04121	0.55861	0.08976	0.06884	0.03178	0.02732	0.01124	0.00832	0.00272	0.00632	0.00940	0.00845	0.01263
51	0.01811	0.10009	0.49856	0.02339	0.03413	0.01997	0.11060	0.02626	0.01764	0.05536	0.01533	0.01790	0.01103	0.00763	0.00776	0.00251	0.01168	0.00644	0.00383	0.01179
52	0.02146	0.01751	0.01865	0.01652	0.02127	0.02002	0.01292	0.07083	0.59104	0.06503	0.03234	0.02964	0.02403	0.01090	0.00825	0.00273	0.00656	0.00904	0.00834	0.01293
53	0.00989	0.00706	0.00942	0.01130	0.01177	0.00659	0.00753	0.01130	0.01554	0.02071	0.04472	0.70954	0.05367	0.02542	0.01036	0.00330	0.00471	0.02307	0.00753	0.00659
54	0.00989	0.00706	0.00942	0.01130	0.01177	0.00659	0.00753	0.01130	0.01554	0.02071	0.04472	0.70954	0.05367	0.02542	0.01036	0.00330	0.00471	0.02307	0.00753	0.00659
55	0.01828	0.01910	0.03593	0.16782	0.15449	0.02063	0.27998	0.02347	0.01713	0.02377	0.01468	0.02070	0.01179	0.00860	0.01232	0.00283	0.14590	0.00819	0.00388	0.01050
56	0.01002	0.00722	0.00950	0.01107	0.01177	0.00670	0.00748	0.01168	0.01634	0.02185	0.10265	0.62305	0.08180	0.02440	0.01025	0.00320	0.00460	0.02204	0.00766	0.00670
57	0.03085	0.02273	0.02435	0.01867	0.02516	0.02516	0.01542	0.63716	0.03815	0.05114	0.01948	0.01948	0.01380	0.00974	0.00812	0.00244	0.00893	0.00731	0.00812	0.01380
58	0.01909	0.02140	0.04515	0.03405	0.07631	0.02080	0.54971	0.02540	0.01857	0.02550	0.01588	0.02145	0.01221	0.00746	0.01087	0.00278	0.06918	0.00924	0.00405	0.01089
59	0.01148	0.00829	0.01085	0.01021	0.01212	0.00766	0.00766	0.01531	0.02297	0.03254	0.65994	0.06061	0.07656	0.01659	0.00957	0.00255	0.00383	0.01467	0.00893	0.00766
60	0.03085	0.02273	0.02435	0.01867	0.02516	0.02516	0.01542	0.63716	0.03815	0.05114	0.01948	0.01948	0.01380	0.00974	0.00812	0.00244	0.00893	0.00731	0.00812	0.01380
61	0.01657	0.01236	0.01798	0.28728	0.03135	0.01401	0.04513	0.07140	0.01841	0.02747	0.02033	0.02552	0.01574	0.01091	0.03479	0.00276	0.00828	0.00755	0.32333	0.00883
62	0.00995	0.00823	0.00872	0.00860	0.01118	0.00700	0.00645	0.01234	0.01934	0.02393	0.19143	0.07479	0.55044	0.01980	0.00959	0.00270	0.00406	0.01666	0.00780	0.00700
63	0.02133	0.01800	0.01899	0.01675	0.02154	0.02072	0.01312	0.10704	0.58377	0.03579	0.03157	0.02911	0.02359	0.01087	0.00824	0.00272	0.00669	0.00897	0.00824	0.01295
64	0.03085	0.02273	0.02435	0.01867	0.02516	0.02516	0.01542	0.63716	0.03815	0.05114	0.01948	0.01948	0.01380	0.00974	0.00812	0.00244	0.00893	0.00731	0.00812	0.01380
65	0.01148	0.00829	0.01085	0.01021	0.01212	0.00766	0.00766	0.01531	0.02297	0.03254	0.65994	0.06061	0.07656	0.01659	0.00957	0.00255	0.00383	0.01467	0.00893	0.00766
66	0.01180	0.00787	0.00885	0.00885	0.00885	0.00787	0.00492	0.01180	0.01180	0.01573	0.02557	0.05310	0.02950	0.71483	0.04130	0.00787	0.00787	0.01180	0.00492	0.00492
67	0.01180	0.00787	0.00885	0.00885	0.00885	0.00787	0.00492	0.01180	0.01180	0.01573	0.02557	0.05310	0.02950	0.71483	0.04130	0.00787	0.00787	0.01180	0.00492	0.00492
68	0.77215	0.01569	0.01193	0.01067	0.01569	0.01820	0.00879	0.02385	0.01381	0.03641	0.01130	0.01318	0.00879	0.00753	0.00502	0.00251	0.00628	0.00439	0.00502	0.00879
69	0.77215	0.01569	0.01193	0.01067	0.01569	0.01820	0.00879	0.02385	0.01381	0.03641	0.01130	0.01318	0.00879	0.00753	0.00502	0.00251	0.00628	0.00439	0.00502	0.00879
70	0.77215	0.01569	0.01193	0.01067	0.01569	0.01820	0.00879	0.02385	0.01381	0.03641	0.01130	0.01318	0.00879	0.00753	0.00502	0.00251	0.00628	0.00439	0.00502	0.00879
71	0.02018	0.01743	0.01835	0.01651	0.02110	0.02018	0.01284	0.04312	0.64956	0.03394	0.03303	0.03027	0.02477	0.01101	0.00826	0.00275	0.00642	0.00917	0.00826	0.01284
72	0.01683	0.01442	0.01683	0.01202	0.01923	0.01082	0.00961	0.02043	0.01683	0.02644	0.01442	0.01683	0.01202	0.00601	0.00601	0.00120	0.00601	0.00481	0.00481	0.76444
73	0.03085	0.02273	0.02435	0.01867	0.02516	0.02516	0.01542	0.63716	0.03815	0.05114	0.01948	0.01948	0.01380	0.00974	0.00812	0.00244	0.00893	0.00731	0.00812	0.01380
74	0.00989	0.00706	0.00942	0.01130	0.01177	0.00659	0.00753	0.01130	0.01554	0.02071	0.04472	0.70954	0.05367	0.02542	0.01036	0.00330	0.00471	0.02307	0.00753	0.00659
75	0.03586	0.01393	0.01881	0.01451	0.02073	0.01221	0.01196	0.03967	0.04441	0.64833	0.03205	0.02771	0.02024	0.01008	0.00816	0.00252	0.00689	0.00819	0.00998	0.01378
76	0.01751	0.04303	0.02658	0.11617	0.02865	0.01980	0.10398	0.02104	0.01524	0.02244	0.01303	0.01847	0.01127	0.00984	0.01529	0.00262	0.29413	0.00676	0.00397	0.21018
77	0.01860	0.01437	0.01701	0.01224	0.01936	0.01092	0.00982	0.02216	0.01740	0.08458	0.01601	0.01780	0.01275	0.00637	0.00620	0.00132	0.00609	0.00511	0.00528	0.69660
78	0.03060	0.06220	0.02512	0.01819	0.02469	0.02490	0.01516	0.57239	0.03617	0.08002	0.01963	0.01952	0.01392	0.00960	0.00795	0.00240	0.00881	0.00718	0.00795	0.01361
79	0.02090	0.01718	0.01826	0.01623	0.02090	0.01959	0.01268	0.06603	0.57768	0.05968	0.03414	0.03139	0.04626	0.01125	0.00829	0.00273	0.00646	0.00933	0.00830	0.01271
80	0.01003	0.00822	0.00874	0.00862	0.01111	0.00704	0.00641	0.01235	0.01912	0.02373	0.19060	0.07388	0.52733	0.04394	0.01069	0.00288	0.00419	0.01647	0.00771	0.00694
81	0.06508	0.01514	0.01933	0.01488	0.02114	0.01404	0.01229	0.12291	0.02495	0.55752	0.02942	0.02590	0.01875	0.00990	0.00803	0.00250	0.00716	0.00789	0.00957	0.01361
82	0.03248	0.05454	0.02079	0.01697	0.07094	0.01371	0.01283	0.03635	0.04384	0.53008	0.03186	0.02861	0.04871	0.01016	0.00805	0.00248	0.00708	0.00832	0.00901	0.01318
83	0.01070	0.00821	0.00979	0.00951	0.01167	0.00730	0.00709	0.01374	0.02094	0.02799	0.41368	0.09764	0.29536	0.01849	0.00961	0.00266	0.00398	0.01599	0.00834	0.00730
84	0.00989	0.00706	0.00942	0.01130	0.01177	0.00659	0.00753	0.01130	0.01554	0.02071	0.04472	0.70954	0.05367	0.02542	0.01036	0.00330	0.00471	0.02307	0.00753	0.00659
85	0.01672	0.09708	0.62155	0.02238	0.03396	0.01992	0.02867	0.02558	0.01708	0.02516	0.01429	0.01680	0.01029	0.00765	0.00751	0.00250	0.01172	0.00586	0.00343	0.01186
86	0.02225	0.01728	0.01864	0.01639	0.02123	0.01955	0.01286	0.06691	0.56164	0.09866	0.03237	0.02957	0.02385	0.01086	0.00824	0.00271	0.00657	0.00900	0.00843	0.01298
87	0.01247	0.00851	0.01091	0.01027	0.01242	0.00774	0.00771	0.01597	0.02217	0.06306	0.53959	0.09121	0.13309	0.01708	0.00954	0.00260	0.00405	0.01499	0.00878	0.00783
88	0.03087	0.01968	0.02198	0.01706	0.02319	0.02101	0.01402	0.43952	0.06418	0.19321	0.02340	0.02242	0.01614	0.00986	0.00802	0.00244	0.00809	0.00761	0.04386	0.01346
89	0.01884	0.01708	0.02933	0.32048	0.34346	0.01844	0.05353	0.02393	0.01780	0.05642	0.01581	0.02121	0.01233	0.00773	0.00815	0.00256	0.01020	0.00739	0.00415	0.01118
90	0.01832	0.01900	0.03068	0.11790	0.03201	0.05438	0.20466	0.02226	0.01578	0.02229	0.01392	0.02010	0.01175	0.01056	0.01673	0.00302	0.32229	0.00780	0.04707	0.00947
91	0.02951	0.01361	0.01753	0.01408	0.01934	0.01272	0.01139	0.06512	0.09567	0.44437	0.15148	0.03382	0.03110	0.01139	0.00844	0.00254	0.00636	0.00948	0.00953	0.01252
92	0.05317	0.05783	0.02720	0.08003	0.02910	0.18174	0.10018	0.22257	0.05102	0.05862	0.01688	0.01898	0.01273	0.00895	0.00881	0.00246	0.04572	0.00696	0.00575	0.01130
93	0.00997	0.00710	0.00939	0.01119	0.01164	0.00665	0.00742	0.01132	0.01538	0.02050	0.04390	0.68139	0.05263	0.05498	0.01168	0.00349	0.00484	0.02258	0.00742	0.00652
94	0.02544	0.01798	0.02025	0.01572	0.02145	0.01858	0.01275	0.31644	0.05864	0.10502	0.02050	0.02217	0.01548	0.03976	0.00981	0.00243	0.03952	0.00711	0.04505	0.18587
95	0.16753	0.34296	0.14407	0.01503	0.02195	0.02388	0.01541	0.02519	0.01683	0.08078	0.04453	0.01748	0.01407	0.00817	0.00682	0.00220	0.03245	0.00556	0.00460	0.01049
96	0.05732	0.16055	0.23543	0.02385	0.08095	0.08774	0.12771	0.05046	0.01868	0.02531	0.01566	0.05160	0.01312	0.00840	0.00756	0.00241	0.01096	0.00715	0.00415	0.01097
97	0.03641	0.01381	0.01883	0.01444	0.02071	0.01193	0.01193	0.03954	0.02322	0.66984	0.03201	0.02762	0.02009	0.01004	0.00816	0.00251	0.00690	0.00816	0.01004	0.01381
98	0.01627	0.04197	0.67279	0.02313	0.03512	0.01884	0.02998	0.02570	0.01713	0.02570	0.01456	0.01713	0.01028	0.00771	0.00771	0.00257	0.01199	0.00600	0.00343	0.01199
99	0.01140	0.00829	0.01073	0.01012	0.01207	0.00762	0.00759	0.01515	0.02277	0.03208	0.63487	0.06137	0.10192	0.01676	0.00957	0.00256	0.00384	0.01478	0.00887	0.00762
100	0.02123	0.01795	0.01894	0.01672	0.02150	0.02067	0.01310	0.10130	0.58968	0.03563	0.03170	0.02922	0.02370	0.01088	0.00824	0.00272	0.00667	0.00899	0.00824	0.01294
101	0.00989	0.00706	0.00942	0.01130	0.01177	0.00659	0.00753	0.01130	0.01554	0.02071	0.04472	0.70954	0.05367	0.02542	0.01036	0.00330	0.00471	0.02307	0.00753	0.00659
102	0.01627	0.04197	0.67279	0.02313	0.03512	0.01884	0.02998	0.02570	0.01713	0.02570	0.01456	0.01713	0.01028	0.00771	0.00771	0.00257	0.01199	0.00600	0.00343	0.01199
103	0.01139	0.00829	0.01072	0.01011	0.01207	0.00762	0.00759	0.01514	0.02276	0.03203	0.63242	0.06144	0.10439	0.01678	0.00957	0.00256	0.00384	0.01479	0.00887	0.00762
104	0.03031	0.03867	0.02299	0.02090	0.02508	0.68226	0.01568	0.03240	0.02299	0.01986	0.01254	0.01463	0.01045	0.00836	0.00732	0.00209	0.01463	0.00523	0.00418	0.00941
105	0.01683	0.01442	0.01683	0.01202	0.01923	0.01082	0.00961	0.02043	0.01683	0.02644	0.01442	0.01683	0.01202	0.00601	0.00601	0.00120	0.00601	0.00481	0.00481	0.76444
106	0.02100	0.01725	0.01837	0.01641	0.02108	0.01977	0.01280	0.04294	0.61803	0.06595	0.03297	0.03014	0.02453	0.01096	0.00825	0.00274	0.00645	0.00912	0.00835	0.01289
107	0.01651	0.01408	0.01648	0.01199	0.01889	0.01062	0.00952	0.02001	0.01677	0.02618	0.01582	0.04881	0.01394	0.00691	0.00621	0.00130	0.00595	0.00565	0.00493	0.72945
108	0.02287	0.01645	0.12088	0.01440	0.01987	0.01180	0.01341	0.04762	0.02226	0.28596	0.23041	0.04124	0.06385	0.01275	0.00874	0.00260	0.00673	0.03886	0.00834	0.01098
109	0.66764	0.05558	0.01386	0.01103	0.01603	0.01826	0.00916	0.02400	0.01442	0.06072	0.01352	0.04244	0.01119	0.00834	0.00538	0.00250	0.00638	0.00531	0.00524	0.00900
110	0.01752	0.01367	0.02006	0.12674	0.15837	0.01438	0.01653	0.06903	0.04970	0.05963	0.06538	0.08187	0.03125	0.01472	0.00940	0.00300	0.00813	0.22428	0.00646	0.00986
111	0.03014	0.01990	0.02220	0.01746	0.02354	0.02142	0.01437	0.43211	0.10027	0.17057	0.02429	0.02492	0.01744	0.01041	0.00826	0.00253	0.00820	0.03002	0.00849	0.01346
112	0.02089	0.01825	0.02945	0.19010	0.43236	0.01921	0.02279	0.08477	0.02014	0.06001	0.01633	0.02075	0.01285	0.00782	0.00807	0.00248	0.00970	0.00728	0.00463	0.01213
113	0.00989	0.00706	0.00942	0.01130	0.01177	0.00659	0.00753	0.01130	0.01554	0.02071	0.04472	0.70954	0.05367	0.02542	0.01036	0.00330	0.00471	0.02307	0.00753	0.00659
114	0.09420	0.02712	0.27797	0.08727	0.20909	0.01874	0.04882	0.05941	0.01865	0.02836	0.04457	0.02028	0.01424	0.00808	0.00775	0.00253	0.01017	0.00691	0.00432	0.01151
115	0.02092	0.62348	0.13201	0.01520	0.02286	0.03022	0.01617	0.02450	0.01658	0.02003	0.01175	0.01360	0.01039	0.00705	0.00556	0.00185	0.00915	0.00457	0.00346	0.01064
116	0.01174	0.00809	0.00998	0.00998	0.01037	0.00848	0.00632	0.01252	0.01213	0.01657	0.02453	0.04738	0.02702	0.53866	0.21408	0.00926	0.01160	0.01096	0.00476	0.00554
117	0.01579	0.01239	0.01659	0.13433	0.05460	0.01421	0.01283	0.05480	0.04977	0.02727	0.11232	0.08466	0.05884	0.01270	0.01082	0.00263	0.11364	0.01013	0.19286	0.00881
118	0.01961	0.01606	0.02347	0.12444	0.02734	0.01900	0.07150	0.10847	0.01917	0.08206	0.05224	0.11510	0.02121	0.01323	0.01492	0.00301	0.24371	0.00999	0.00563	0.00984
119	0.03546	0.01360	0.01853	0.01428	0.02039	0.01176	0.01176	0.03863	0.02321	0.64577	0.05572	0.02886	0.02222	0.01029	0.00821	0.00251	0.00679	0.00841	0.01000	0.01358
120	0.77215	0.01569	0.01193	0.01067	0.01569	0.01820	0.00879	0.02385	0.01381	0.03641	0.01130	0.01318	0.00879	0.00753	0.00502	0.00251	0.00628	0.00439	0.00502	0.00879
121	0.01231	0.00850	0.01101	0.01027	0.01238	0.00777	0.00774	0.01603	0.02276	0.05566	0.60795	0.06026	0.10348	0.01654	0.00952	0.00256	0.00396	0.01455	0.00890	0.00784
122	0.03033	0.03802	0.02305	0.02081	0.02509	0.65534	0.01567	0.05717	0.02362	0.02114	0.01283	0.01483	0.01059	0.00842	0.00735	0.00210	0.01440	0.00531	0.00434	0.00959
123	0.01532	0.01442	0.02434	0.69533	0.05589	0.01803	0.02253	0.02073	0.01622	0.02073	0.01442	0.02163	0.01082	0.00811	0.00811	0.00270	0.01082	0.00721	0.00361	0.00901
124	0.01169	0.00785	0.00896	0.00903	0.00914	0.00779	0.00517	0.01193	0.01247	0.01671	0.05405	0.08602	0.03274	0.65030	0.03839	0.00741	0.00753	0.01248	0.00522	0.00512
125	0.03085	0.02273	0.02435	0.01867	0.02516	0.02516	0.01542	0.63716	0.03815	0.05114	0.01948	0.01948	0.01380	0.00974	0.00812	0.00244	0.00893	0.00731	0.00812	0.01380
126	0.00978	0.00823	0.00848	0.00842	0.01108	0.00693	0.00632	0.01201	0.01895	0.02299	0.14045	0.07633	0.60200	0.02015	0.00959	0.00272	0.00408	0.01688	0.00768	0.00693
127	0.77215	0.01569	0.01193	0.01067	0.01569	0.01820	0.00879	0.02385	0.01381	0.03641	0.01130	0.01318	0.00879	0.00753	0.00502	0.00251	0.00628	0.00439	0.00502	0.00879
128	0.01153	0.00831	0.01096	0.01068	0.01251	0.00774	0.00812	0.01521	0.02217	0.03114	0.57114	0.10046	0.07266	0.01760	0.00976	0.00270	0.00419	0.06680	0.00873	0.00758
129	0.01915	0.02189	0.04788	0.03420	0.04241	0.02052	0.63475	0.02599	0.01915	0.02599	0.01642	0.02189	0.01231	0.00684	0.00958	0.00274	0.01368	0.00958	0.00410	0.01094
130	0.03085	0.02273	0.02435	0.01867	0.02516	0.02516	0.01542	0.63716	0.03815	0.05114	0.01948	0.01948	0.01380	0.00974	0.00812	0.00244	0.00893	0.00731	0.00812	0.01380
131	0.01002	0.00715	0.00956	0.01145	0.01197	0.00670	0.00776	0.01152	0.01566	0.02086	0.04465	0.68441	0.05338	0.02530	0.01039	0.00331	0.00482	0.04692	0.00753	0.00663
132	0.02076	0.02382	0.03449	0.07609	0.03426	0.17682	0.31166	0.02528	0.01860	0.02285	0.01608	0.05890	0.01387	0.00950	0.01163	0.00274	0.11982	0.00876	0.00420	0.00987
133	0.02258	0.61659	0.07209	0.01473	0.02175	0.06271	0.01469	0.02553	0.01718	0.05191	0.01254	0.01403	0.01089	0.00721	0.00558	0.00183	0.00905	0.00466	0.00383	0.01061
134	0.02249	0.15336	0.33792	0.02156	0.07615	0.04303	0.02218	0.05450	0.01939	0.14929	0.01753	0.01866	0.01254	0.00810	0.00738	0.00238	0.01021	0.00624	0.00498	0.01212
135	0.02345	0.55551	0.03802	0.01494	0.02144	0.02983	0.01419	0.10884	0.01958	0.05450	0.01336	0.01483	0.01135	0.00784	0.00681	0.00196	0.04310	0.00507	0.00443	0.01096
136	0.00989	0.00706	0.00942	0.01130	0.01177	0.00659	0.00753	0.01130	0.01554	0.02071	0.04472	0.70954	0.05367	0.02542	0.01036	0.00330	0.00471	0.02307	0.00753	0.00659
137	0.01760	0.02012	0.11256	0.25058	0.32013	0.01833	0.02330	0.02413	0.05372	0.02477	0.01882	0.02329	0.04066	0.00837	0.00810	0.00256	0.00990	0.00760	0.00420	0.01124
138	0.01592	0.01207	0.01478	0.08274	0.01927	0.01251	0.01063	0.15462	0.02422	0.03279	0.31632	0.08631	0.12345	0.04546	0.01052	0.00284	0.00596	0.01290	0.00777	0.00890
139	0.00998	0.00710	0.00939	0.01118	0.01163	0.00665	0.00741	0.01132	0.01536	0.02048	0.04381	0.67828	0.05252	0.05825	0.01183	0.00351	0.00486	0.02253	0.00741	0.00651
140	0.77215	0.01569	0.01193	0.01067	0.01569	0.01820	0.00879	0.02385	0.01381	0.03641	0.01130	0.01318	0.00879	0.00753	0.00502	0.00251	0.00628	0.00439	0.00502	0.00879
141	0.01532	0.01442	0.02434	0.69533	0.05589	0.01803	0.02253	0.02073	0.01622	0.02073	0.01442	0.02163	0.01082	0.00811	0.00811	0.00270	0.01082	0.00721	0.00361	0.00901
142	0.02169	0.71972	0.04252	0.01388	0.02083	0.03211	0.01388	0.02430	0.01649	0.01909	0.01128	0.01302	0.01041	0.00694	0.00521	0.00174	0.00868	0.00434	0.00347	0.01041
143	0.01775	0.01775	0.02485	0.02130	0.02130	0.02485	0.01775	0.01953	0.01243	0.01953	0.01065	0.01775	0.01065	0.01420	0.02663	0.00355	0.69998	0.00710	0.00355	0.00888
144	0.02903	0.08443	0.02513	0.01847	0.02442	0.14273	0.01511	0.42459	0.08747	0.04131	0.01874	0.01902	0.01388	0.00937	0.00774	0.00234	0.00971	0.00685	0.00703	0.01264
145	0.02844	0.01970	0.02171	0.01673	0.02284	0.02089	0.01373	0.46313	0.03302	0.10778	0.05248	0.02255	0.01768	0.00975	0.00789	0.00231	0.00798	0.00754	0.04066	0.08319
146	0.01813	0.01777	0.03351	0.05328	0.03164	0.01882	0.32631	0.02270	0.01704	0.05344	0.01958	0.10724	0.01771	0.01126	0.01356	0.00296	0.17946	0.01041	0.03538	0.00981
147	0.01838	0.14492	0.21936	0.02409	0.03093	0.02318	0.18908	0.02387	0.01630	0.02298	0.01345	0.01790	0.01096	0.00910	0.01293	0.00274	0.19859	0.00699	0.00365	0.01059
148	0.03641	0.01381	0.01883	0.01444	0.02071	0.01193	0.01193	0.03954	0.02322	0.66984	0.03201	0.02762	0.02009	0.01004	0.00816	0.00251	0.00690	0.00816	0.01004	0.01381
149	0.00989	0.00706	0.00942	0.01130	0.01177	0.00659	0.00753	0.01130	0.01554	0.02071	0.04472	0.70954	0.05367	0.02542	0.01036	0.00330	0.00471	0.02307	0.00753	0.00659
150	0.01833	0.02085	0.06586	0.13071	0.08359	0.02061	0.39058	0.02422	0.01764	0.02432	0.01515	0.02095	0.01181	0.00813	0.01159	0.00282	0.10982	0.00857	0.00392	0.01054
151	0.02088	0.01677	0.01788	0.01598	0.02054	0.01913	0.01246	0.04179	0.58448	0.07019	0.03267	0.03012	0.02432	0.01088	0.00813	0.00270	0.00633	0.00904	0.04306	0.01265
152	0.01021	0.00787	0.00932	0.00975	0.01154	0.00699	0.00701	0.01254	0.01878	0.02445	0.22901	0.27540	0.30593	0.02102	0.00983	0.00287	0.00422	0.01835	0.00792	0.00699
153	0.08666	0.02708	0.28496	0.04988	0.02860	0.01800	0.02014	0.14312	0.02244	0.21113	0.02008	0.02038	0.01358	0.00874	0.00771	0.00253	0.00948	0.00677	0.00629	0.01244
154	0.01654	0.07950	0.60626	0.05415	0.03528	0.01957	0.02871	0.02538	0.01705	0.02509	0.01437	0.01711	0.01031	0.00768	0.00758	0.00253	0.01175	0.00596	0.00344	0.01176
155	0.03641	0.01381	0.01883	0.01444	0.02071	0.01193	0.01193	0.03954	0.02322	0.66984	0.03201	0.02762	0.02009	0.01004	0.00816	0.00251	0.00690	0.00816	0.01004	0.01381
156	0.01611	0.01592	0.02927	0.51303	0.05106	0.01822	0.16325	0.02177	0.01701	0.02210	0.01614	0.02476	0.01274	0.00845	0.00859	0.00276	0.01133	0.03422	0.00389	0.00939
157	0.01828	0.01590	0.02454	0.44890	0.13637	0.01859	0.02078	0.05411	0.10473	0.05154	0.01806	0.02274	0.01355	0.00854	0.00812	0.00265	0.00979	0.00753	0.00478	0.01052
158	0.01001	0.00715	0.00955	0.01143	0.01196	0.00669	0.00774	0.01150	0.01565	0.02085	0.04466	0.68644	0.05341	0.02531	0.01039	0.00331	0.00481	0.04499	0.00753	0.00662
159	0.01513	0.00756	0.00756	0.00756	0.00945	0.00756	0.00567	0.01891	0.01702	0.03025	0.02647	0.03025	0.02080	0.00945	0.00567	0.00189	0.00378	0.00756	0.75988	0.00756
160	0.01683	0.01442	0.01683	0.01202	0.01923	0.01082	0.00961	0.02043	0.01683	0.02644	0.01442	0.01683	0.01202	0.00601	0.00601	0.00120	0.00601	0.00481	0.00481	0.76444
161	0.77215	0.01569	0.01193	0.01067	0.01569	0.01820	0.00879	0.02385	0.01381	0.03641	0.01130	0.01318	0.00879	0.00753	0.00502	0.00251	0.00628	0.00439	0.00502	0.00879
162	0.07537	0.01500	0.02421	0.57788	0.11261	0.01816	0.02169	0.02139	0.01626	0.02253	0.01426	0.02082	0.01086	0.00798	0.00786	0.00266	0.01034	0.00699	0.00376	0.00937
163	0.01148	0.00829	0.01085	0.01021	0.01212	0.00766	0.00766	0.01531	0.02297	0.03254	0.65994	0.06061	0.07656	0.01659	0.00957	0.00255	0.00383	0.01467	0.00893	0.00766
164	0.03085	0.02273	0.02435	0.01867	0.02516	0.02516	0.01542	0.63716	0.03815	0.05114	0.01948	0.01948	0.01380	0.00974	0.00812	0.00244	0.00893	0.00731	0.00812	0.01380
165	0.01140	0.00829	0.01073	0.01012	0.01207	0.00762	0.00759	0.01515	0.02277	0.03208	0.63487	0.06137	0.10192	0.01676	0.00957	0.00256	0.00384	0.01478	0.00887	0.00762
166	0.02169	0.71972	0.04252	0.01388	0.02083	0.03211	0.01388	0.02430	0.01649	0.01909	0.01128	0.01302	0.01041	0.00694	0.00521	0.00174	0.00868	0.00434	0.00347	0.01041
167	0.01106	0.00823	0.01030	0.00989	0.01189	0.00746	0.00737	0.01445	0.02181	0.03005	0.52553	0.09237	0.18417	0.01771	0.00961	0.00262	0.00392	0.01550	0.00861	0.00746
168	0.01253	0.00917	0.01232	0.01390	0.01590	0.00895	0.01200	0.01601	0.01865	0.02392	0.04906	0.08944	0.14214	0.02213	0.01096	0.00358	0.00695	0.51754	0.00748	0.00738
169	0.01180	0.00787	0.00885	0.00885	0.00885	0.00787	0.00492	0.01180	0.01180	0.01573	0.02557	0.05310	0.02950	0.71483	0.04130	0.00787	0.00787	0.01180	0.00492	0.00492
170	0.69211	0.01553	0.01298	0.05007	0.01824	0.01788	0.00973	0.02446	0.01442	0.06709	0.01251	0.01439	0.00947	0.00769	0.00536	0.00252	0.00657	0.00474	0.00519	0.00905
171	0.01409	0.01283	0.02093	0.54187	0.04596	0.01548	0.01910	0.01864	0.01622	0.02079	0.02310	0.14402	0.05099	0.01175	0.00858	0.00281	0.00942	0.01047	0.00449	0.00848
172	0.01683	0.01442	0.01683	0.01202	0.01923	0.01082	0.00961	0.02043	0.01683	0.02644	0.01442	0.01683	0.01202	0.00601	0.00601	0.00120	0.00601	0.00481	0.00481	0.76444
173	0.47823	0.07842	0.01955	0.07062	0.11284	0.04495	0.01317	0.05244	0.01637	0.03232	0.01253	0.01516	0.00996	0.00762	0.00594	0.00242	0.00776	0.00518	0.00474	0.00978
174	0.01915	0.02189	0.04788	0.03420	0.04241	0.02052	0.63475	0.02599	0.01915	0.02599	0.01642	0.02189	0.01231	0.00684	0.00958	0.00274	0.01368	0.00958	0.00410	0.01094
175	0.02590	0.02038	0.02241	0.01958	0.06011	0.02280	0.01492	0.36085	0.28532	0.04274	0.02474	0.02390	0.01820	0.01011	0.00817	0.00256	0.00795	0.00806	0.00794	0.01336
176	0.01475	0.01136	0.04046	0.01175	0.01477	0.01007	0.00938	0.02083	0.10648	0.08554	0.35870	0.09063	0.12782	0.04809	0.01070	0.00289	0.00507	0.01362	0.00827	0.00880
177	0.09114	0.11438	0.28697	0.02031	0.05370	0.01925	0.05553	0.05908	0.01940	0.17820	0.01833	0.01923	0.01286	0.00818	0.00740	0.00244	0.00972	0.00647	0.00542	0.01200
178	0.02730	0.01988	0.02146	0.01700	0.02242	0.02182	0.01374	0.52132	0.03385	0.04573	0.02235	0.08252	0.01841	0.04469	0.00977	0.00274	0.00825	0.00892	0.04540	0.01243
179	0.01409	0.00705	0.01057	0.01057	0.01057	0.00705	0.00705	0.01057	0.01057	0.01409	0.01409	0.02467	0.01409	0.02819	0.03171	0.76392	0.00705	0.00705	0.00352	0.00352
180	0.01701	0.03704	0.53530	0.08105	0.03718	0.01917	0.08489	0.04839	0.01804	0.02626	0.01491	0.01804	0.01065	0.00774	0.00793	0.00259	0.01193	0.00648	0.00368	0.01171
181	0.02175	0.02033	0.07426	0.09921	0.14824	0.09338	0.01713	0.08467	0.10603	0.09580	0.05188	0.07705	0.02104	0.01047	0.00813	0.00253	0.00884	0.00885	0.03923	0.01119
182	0.01652	0.04023	0.61844	0.02409	0.03575	0.01899	0.08258	0.02572	0.01731	0.02572	0.01472	0.01755	0.01046	0.00763	0.00787	0.00258	0.01214	0.00631	0.00349	0.01190
183	0.00989	0.00706	0.00942	0.01130	0.01177	0.00659	0.00753	0.01130	0.01554	0.02071	0.04472	0.70954	0.05367	0.02542	0.01036	0.00330	0.00471	0.02307	0.00753	0.00659
184	0.02509	0.08393	0.24903	0.01994	0.02825	0.05481	0.02033	0.35044	0.02852	0.03841	0.01682	0.01794	0.01217	0.00876	0.00771	0.00241	0.01024	0.00653	0.00596	0.01271
185	0.01689	0.07885	0.57925	0.02429	0.06228	0.01970	0.05722	0.02560	0.01725	0.02537	0.01449	0.01725	0.01050	0.00760	0.00767	0.00252	0.01178	0.00612	0.00349	0.01189
186	0.01036	0.00741	0.00990	0.01144	0.01221	0.00695	0.00799	0.01228	0.01680	0.02262	0.12896	0.57189	0.05626	0.02397	0.01032	0.00323	0.00480	0.06809	0.00772	0.00681
187	0.00989	0.00706	0.00942	0.01130	0.01177	0.00659	0.00753	0.01130	0.01554	0.02071	0.04472	0.70954	0.05367	0.02542	0.01036	0.00330	0.00471	0.02307	0.00753	0.00659
188	0.05156	0.01768	0.02369	0.24836	0.08796	0.04368	0.04596	0.18439	0.04610	0.06265	0.01938	0.06088	0.01565	0.01222	0.04180	0.00312	0.01015	0.00826	0.00568	0.01084
189	0.01496	0.00906	0.01196	0.01080	0.01332	0.00825	0.00825	0.01869	0.02300	0.12137	0.57242	0.05601	0.06869	0.01568	0.00937	0.00255	0.00426	0.01377	0.00909	0.00851
190	0.01603	0.00843	0.00852	0.00820	0.01035	0.00857	0.00623	0.05432	0.01823	0.03145	0.02607	0.02963	0.02040	0.00947	0.00581	0.00192	0.00408	0.00755	0.71682	0.00792
191	0.02169	0.71972	0.04252	0.01388	0.02083	0.03211	0.01388	0.02430	0.01649	0.01909	0.01128	0.01302	0.01041	0.00694	0.00521	0.00174	0.00868	0.00434	0.00347	0.01041
192	0.02169	0.71972	0.04252	0.01388	0.02083	0.03211	0.01388	0.02430	0.01649	0.01909	0.01128	0.01302	0.01041	0.00694	0.00521	0.00174	0.00868	0.00434	0.00347	0.01041
193	0.01775	0.01775	0.02485	0.02130	0.02130	0.02485	0.01775	0.01953	0.01243	0.01953	0.01065	0.01775	0.01065	0.01420	0.02663	0.00355	0.69998	0.00710	0.00355	0.00888
194	0.01131	0.00829	0.01061	0.01003	0.01202	0.00758	0.00752	0.01498	0.02256	0.03157	0.60734	0.06220	0.12976	0.01695	0.00957	0.00257	0.00385	0.01490	0.00881	0.00758
195	0.03085	0.02273	0.02435	0.01867	0.02516	0.02516	0.01542	0.63716	0.03815	0.05114	0.01948	0.01948	0.01380	0.00974	0.00812	0.00244	0.00893	0.00731	0.00812	0.01380
196	0.00989	0.00706	0.00942	0.01130	0.01177	0.00659	0.00753	0.01130	0.01554	0.02071	0.04472	0.70954	0.05367	0.02542	0.01036	0.00330	0.00471	0.02307	0.00753	0.00659
197	0.01159	0.00869	0.01304	0.01304	0.01449	0.01014	0.01014	0.01449	0.01304	0.01884	0.02173	0.03188	0.02029	0.06086	0.68268	0.01304	0.02173	0.00869	0.00435	0.00724
198	0.01915	0.02189	0.04788	0.03420	0.04241	0.02052	0.63475	0.02599	0.01915	0.02599	0.01642	0.02189	0.01231	0.00684	0.00958	0.00274	0.01368	0.00958	0.00410	0.01094
199	0.00989	0.00706	0.00942	0.01130	0.01177	0.00659	0.00753	0.01130	0.01554	0.02071	0.04472	0.70954	0.05367	0.02542	0.01036	0.00330	0.00471	0.02307	0.00753	0.00659
200	0.02018	0.01743	0.01835	0.01651	0.02110	0.02018	0.01284	0.04312	0.64956	0.03394	0.03303	0.03027	0.02477	0.01101	0.00826	0.00275	0.00642	0.00917	0.00826	0.01284
201	0.01036	0.00754	0.00991	0.01129	0.01221	0.00689	0.00766	0.01202	0.01598	0.02163	0.07353	0.63764	0.05242	0.02387	0.01007	0.00314	0.00474	0.02160	0.00745	0.05005
202	0.01627	0.04197	0.67279	0.02313	0.03512	0.01884	0.02998	0.02570	0.01713	0.02570	0.01456	0.01713	0.01028	0.00771	0.00771	0.00257	0.01199	0.00600	0.00343	0.01199
203	0.01532	0.01442	0.02434	0.69533	0.05589	0.01803	0.02253	0.02073	0.01622	0.02073	0.01442	0.02163	0.01082	0.00811	0.00811	0.00270	0.01082	0.00721	0.00361	0.00901
204	0.73534	0.01604	0.01254	0.01107	0.01616	0.01855	0.00912	0.05430	0.01502	0.03714	0.01170	0.01349	0.00904	0.00764	0.00518	0.00251	0.00641	0.00454	0.00518	0.00904
205	0.02018	0.01743	0.01835	0.01651	0.02110	0.02018	0.01284	0.04312	0.64956	0.03394	0.03303	0.03027	0.02477	0.01101	0.00826	0.00275	0.00642	0.00917	0.00826	0.01284
206	0.04955	0.01843	0.03556	0.08591	0.03519	0.01899	0.36769	0.02391	0.01747	0.06128	0.01802	0.06116	0.01503	0.01196	0.04555	0.00338	0.10675	0.00946	0.00457	0.01013
207	0.00989	0.00706	0.00942	0.01130	0.01177	0.00659	0.00753	0.01130	0.01554	0.02071	0.04472	0.70954	0.05367	0.02542	0.01036	0.00330	0.00471	0.02307	0.00753	0.00659
208	0.01179	0.00791	0.00906	0.00906	0.00913	0.00798	0.00518	0.01194	0.01186	0.01589	0.02537	0.05203	0.02904	0.68192	0.07358	0.00813	0.00856	0.01164	0.00489	0.00503
209	0.01995	0.01884	0.03155	0.12621	0.56469	0.01937	0.02423	0.04961	0.01902	0.02683	0.01534	0.02024	0.01265	0.00744	0.00805	0.00245	0.00975	0.00723	0.00414	0.01243
210	0.01897	0.02135	0.04592	0.07270	0.06846	0.02033	0.57489	0.02565	0.01896	0.02571	0.01625	0.02180	0.01225	0.00693	0.00943	0.00272	0.01335	0.00935	0.00407	0.01091
211	0.01130	0.00822	0.01063	0.01017	0.01204	0.00756	0.00758	0.01490	0.02232	0.03133	0.59601	0.09865	0.10427	0.01729	0.00962	0.00260	0.00389	0.01528	0.00878	0.00756
212	0.01858	0.02532	0.15892	0.03169	0.04024	0.02040	0.50110	0.02567	0.01851	0.02567	0.01585	0.02087	0.01188	0.00730	0.00994	0.00274	0.04149	0.00883	0.00396	0.01105
213	0.05583	0.04421	0.02483	0.16797	0.07972	0.01761	0.10324	0.13511	0.02142	0.09284	0.02110	0.08167	0.01734	0.00993	0.00799	0.00253	0.00881	0.00883	0.08842	0.01060
214	0.68755	0.01599	0.01303	0.01134	0.01652	0.01824	0.00935	0.05988	0.01574	0.07353	0.01295	0.01437	0.00972	0.00780	0.00538	0.00251	0.00646	0.00478	0.00549	0.00936
215	0.04686	0.08297	0.27088	0.02546	0.06410	0.05038	0.20297	0.02538	0.01783	0.04734	0.01665	0.05345	0.01352	0.00863	0.00887	0.00260	0.03902	0.00787	0.00420	0.01103
216	0.01230	0.00837	0.01090	0.01110	0.01271	0.00787	0.00800	0.01579	0.04325	0.05750	0.34674	0.33249	0.06229	0.01981	0.00979	0.00287	0.00444	0.01771	0.00837	0.00769
217	0.06194	0.04758	0.02101	0.01696	0.02201	0.05074	0.01363	0.18939	0.35608	0.06416	0.02574	0.02466	0.01919	0.01033	0.00868	0.00261	0.03726	0.00796	0.00756	0.01250
218	0.01223	0.00890	0.01178	0.01224	0.01410	0.00864	0.00976	0.01653	0.04577	0.02846	0.35356	0.13791	0.06159	0.01934	0.01018	0.00305	0.00531	0.22474	0.00825	0.00769
219	0.01651	0.01408	0.01648	0.01199	0.01889	0.01062	0.00952	0.02001	0.01677	0.02618	0.01582	0.04881	0.01394	0.00691	0.00621	0.00130	0.00595	0.00565	0.00493	0.72945
220	0.26502	0.09055	0.05274	0.01448	0.02048	0.01932	0.01263	0.10936	0.11709	0.19157	0.02094	0.02034	0.01490	0.00891	0.00684	0.00246	0.00733	0.00650	0.00691	0.01162
221	0.01921	0.40907	0.33141	0.01812	0.02738	0.02603	0.02126	0.02494	0.01678	0.02212	0.01278	0.01490	0.01035	0.00729	0.00635	0.00212	0.01020	0.00510	0.00345	0.01114
222	0.05558	0.41844	0.21916	0.01715	0.02491	0.06008	0.01856	0.02481	0.01664	0.02185	0.01225	0.01455	0.01031	0.00768	0.00725	0.00213	0.04941	0.00502	0.00357	0.01065
223	0.01464	0.01293	0.07345	0.01308	0.01682	0.01020	0.03599	0.01970	0.05285	0.08469	0.34208	0.05608	0.15722	0.01566	0.00934	0.00269	0.00571	0.06008	0.00794	0.00883
224	0.01914	0.01628	0.01752	0.01608	0.02030	0.01862	0.01262	0.03945	0.56352	0.03300	0.06287	0.03722	0.02915	0.01230	0.00858	0.00283	0.00640	0.06378	0.00822	0.01212
225	0.03615	0.01422	0.01909	0.01463	0.02092	0.01254	0.01209	0.06714	0.02391	0.64127	0.03143	0.02724	0.01980	0.01003	0.00816	0.00251	0.00700	0.00812	0.00995	0.01381
226	0.01667	0.06696	0.30476	0.01988	0.02723	0.01822	0.07637	0.05390	0.04584	0.02688	0.10498	0.02926	0.07914	0.01083	0.01018	0.00265	0.08195	0.00868	0.00503	0.01058
227	0.01308	0.00934	0.01308	0.01494	0.01681	0.00934	0.01308	0.01681	0.01868	0.02428	0.04296	0.09153	0.04670	0.02242	0.01121	0.00374	0.00747	0.60960	0.00747	0.00747
228	0.01159	0.00869	0.01304	0.01304	0.01449	0.01014	0.01014	0.01449	0.01304	0.01884	0.02173	0.03188	0.02029	0.06086	0.68268	0.01304	0.02173	0.00869	0.00435	0.00724
229	0.01807	0.06028	0.19103	0.14588	0.13085	0.02010	0.26662	0.02478	0.01794	0.02475	0.01521	0.02000	0.01155	0.00733	0.00844	0.00259	0.01196	0.00771	0.00381	0.01111
230	0.06061	0.01636	0.01879	0.07080	0.02231	0.01871	0.01317	0.22002	0.11335	0.07224	0.02180	0.02358	0.01643	0.01018	0.00971	0.00252	0.09251	0.00750	0.17840	0.01099
231	0.03641	0.01381	0.01883	0.01444	0.02071	0.01193	0.01193	0.03954	0.02322	0.66984	0.03201	0.02762	0.02009	0.01004	0.00816	0.00251	0.00690	0.00816	0.01004	0.01381
232	0.01531	0.01408	0.02350	0.66103	0.05357	0.01751	0.02169	0.02064	0.01626	0.02121	0.01502	0.02206	0.01131	0.00818	0.00799	0.00266	0.01047	0.00723	0.04132	0.00894
233	0.01967	0.02263	0.13247	0.30767	0.16449	0.08043	0.02241	0.05227	0.04265	0.05490	0.01619	0.02045	0.01219	0.00817	0.00796	0.00255	0.01070	0.00695	0.00439	0.01087
234	0.01425	0.01183	0.01283	0.01213	0.01530	0.01230	0.00931	0.02464	0.26241	0.02803	0.14525	0.05677	0.26703	0.04461	0.01045	0.00298	0.00531	0.04741	0.00791	0.00924
235	0.00989	0.00706	0.00942	0.01130	0.01177	0.00659	0.00753	0.01130	0.01554	0.02071	0.04472	0.70954	0.05367	0.02542	0.01036	0.00330	0.00471	0.02307	0.00753	0.00659
236	0.13502	0.02287	0.15296	0.02339	0.05474	0.02100	0.14001	0.02293	0.01531	0.02519	0.01299	0.01780	0.01077	0.00983	0.01463	0.00290	0.26656	0.00687	0.00393	0.04029
237	0.01930	0.02178	0.07273	0.03896	0.27080	0.02013	0.35825	0.02535	0.01857	0.02595	0.01570	0.02084	0.01235	0.00728	0.00950	0.00264	0.03577	0.00845	0.00402	0.01163
238	0.02049	0.01769	0.05338	0.22132	0.03335	0.02041	0.04935	0.05429	0.01700	0.11991	0.01589	0.02066	0.01234	0.01089	0.01574	0.00300	0.29196	0.00738	0.00479	0.01014
239	0.77215	0.01569	0.01193	0.01067	0.01569	0.01820	0.00879	0.02385	0.01381	0.03641	0.01130	0.01318	0.00879	0.00753	0.00502	0.00251	0.00628	0.00439	0.00502	0.00879
240	0.01178	0.00793	0.00917	0.00917	0.00929	0.00804	0.00532	0.01201	0.01190	0.01597	0.02527	0.05146	0.02879	0.66434	0.09082	0.00827	0.00894	0.01156	0.00487	0.00510
241	0.01235	0.01179	0.04409	0.04986	0.02029	0.01083	0.10985	0.01526	0.01633	0.02214	0.05860	0.47886	0.04188	0.01999	0.01080	0.00313	0.04138	0.01832	0.00648	0.00778
