[name]
unknown

[dist]
# distance from previous block
# <min> <max>
0	3

[block]
# block no. 0 follows, 23 sequences, length 79
# corresponding to MSA columns:
# 3-81
name=unknown_A
#
# <colnr> <probs for GDERKNQSTAVLIFYWHMCP>
#	G	D	E	R	K	N	Q	S	T	A	V	L	I	F	Y	W	H	M	C	P
0	0.01322	0.00948	0.01353	0.01591	0.04251	0.00945	0.01290	0.01647	0.01805	0.02362	0.04044	0.12332	0.04405	0.02228	0.01210	0.04330	0.00737	0.51743	0.00713	0.00743
1	0.08866	0.05491	0.21956	0.04572	0.02719	0.01683	0.05938	0.05138	0.04508	0.23446	0.06063	0.02376	0.01826	0.00912	0.00780	0.00253	0.00895	0.00748	0.00644	0.01187
2	0.04547	0.01654	0.04754	0.01642	0.05342	0.01575	0.01293	0.18358	0.09067	0.18802	0.11817	0.03609	0.11575	0.01210	0.00843	0.00255	0.00692	0.00993	0.00811	0.01162
3	0.01158	0.04211	0.01191	0.01148	0.01291	0.00860	0.00825	0.01345	0.01611	0.02168	0.08409	0.44258	0.04698	0.10194	0.01342	0.00360	0.00557	0.07913	0.00695	0.05765
4	0.19950	0.02949	0.36040	0.03775	0.02963	0.01783	0.07865	0.02586	0.01721	0.08012	0.04057	0.01929	0.01350	0.00813	0.00736	0.00257	0.01002	0.00649	0.00462	0.01102
5	0.05019	0.29674	0.22488	0.01886	0.02652	0.08728	0.07588	0.02452	0.01737	0.02262	0.01574	0.07527	0.01422	0.00892	0.00700	0.00228	0.01027	0.00702	0.00400	0.01044
6	0.09135	0.02253	0.02191	0.19533	0.03097	0.19629	0.01649	0.14549	0.02166	0.02781	0.01624	0.06432	0.01398	0.01032	0.00991	0.00261	0.09039	0.00750	0.00504	0.00987
7	0.01046	0.00752	0.01005	0.01186	0.01267	0.00711	0.00851	0.01233	0.01622	0.02141	0.04572	0.57327	0.07383	0.02469	0.01049	0.00336	0.00520	0.13102	0.00752	0.00676
8	0.07030	0.01874	0.03099	0.08706	0.58307	0.01913	0.02367	0.02457	0.01802	0.02682	0.01494	0.01972	0.01245	0.00730	0.00784	0.00243	0.00949	0.00704	0.00406	0.01234
9	0.01555	0.01079	0.01295	0.01261	0.01516	0.01096	0.00933	0.02337	0.18625	0.09088	0.16735	0.29700	0.07900	0.01803	0.00938	0.00289	0.00517	0.01589	0.00826	0.00919
10	0.01225	0.00903	0.01239	0.04554	0.01663	0.00890	0.01117	0.01577	0.01936	0.02576	0.20335	0.13685	0.09306	0.02039	0.01045	0.00328	0.00622	0.33447	0.00767	0.00747
11	0.01423	0.00892	0.01163	0.01059	0.01305	0.00810	0.00807	0.01790	0.02278	0.10464	0.56072	0.05769	0.09812	0.01603	0.00941	0.00256	0.00419	0.01405	0.00899	0.00832
12	0.01839	0.01755	0.02987	0.27993	0.44735	0.01883	0.02406	0.02342	0.01767	0.02445	0.01496	0.02064	0.01213	0.00754	0.00806	0.00251	0.01006	0.00722	0.00387	0.01148
13	0.01782	0.01323	0.01495	0.01345	0.01715	0.01404	0.01041	0.03067	0.32624	0.09143	0.23806	0.04464	0.10647	0.01368	0.00880	0.00266	0.00540	0.01165	0.00856	0.01066
14	0.01179	0.00788	0.00892	0.00890	0.00897	0.00786	0.00501	0.01192	0.01219	0.01633	0.04790	0.05336	0.03116	0.69025	0.04018	0.00768	0.00772	0.01190	0.00506	0.00501
15	0.01532	0.01442	0.02434	0.69533	0.05589	0.01803	0.02253	0.02073	0.01622	0.02073	0.01442	0.02163	0.01082	0.00811	0.00811	0.00270	0.01082	0.00721	0.00361	0.00901
16	0.01554	0.01464	0.02472	0.66633	0.08321	0.01808	0.02264	0.02092	0.01633	0.02099	0.01446	0.02156	0.01091	0.00807	0.00811	0.00269	0.01076	0.00721	0.00362	0.00919
17	0.01678	0.10504	0.61414	0.02227	0.03379	0.02008	0.02848	0.02557	0.01707	0.02508	0.01426	0.01675	0.01029	0.00764	0.00748	0.00249	0.01168	0.00584	0.00343	0.01185
18	0.01639	0.00904	0.00954	0.03414	0.01245	0.00937	0.00708	0.06858	0.01868	0.03157	0.02546	0.02907	0.01986	0.00943	0.00596	0.00196	0.00446	0.00753	0.67131	0.00812
19	0.01737	0.01663	0.02312	0.02000	0.02046	0.02273	0.01656	0.04294	0.01352	0.02066	0.01261	0.01987	0.01217	0.02080	0.12117	0.00488	0.57449	0.00734	0.00384	0.00883
20	0.01532	0.01442	0.02434	0.69533	0.05589	0.01803	0.02253	0.02073	0.01622	0.02073	0.01442	0.02163	0.01082	0.00811	0.00811	0.00270	0.01082	0.00721	0.00361	0.00901
21	0.01219	0.00836	0.01102	0.01069	0.01256	0.00773	0.00800	0.01567	0.02181	0.05260	0.53152	0.14749	0.07037	0.01778	0.00969	0.00270	0.00420	0.03919	0.00873	0.00772
22	0.01066	0.00816	0.01214	0.01282	0.01383	0.00774	0.04967	0.01245	0.01552	0.02079	0.04104	0.60725	0.04845	0.05271	0.04172	0.00387	0.00620	0.02108	0.00706	0.00685
23	0.08908	0.20483	0.18526	0.02295	0.03105	0.02272	0.23131	0.02484	0.01716	0.02488	0.01390	0.01736	0.01095	0.00739	0.00814	0.00240	0.03787	0.00666	0.00387	0.03738
24	0.03085	0.02273	0.02435	0.01867	0.02516	0.02516	0.01542	0.63716	0.03815	0.05114	0.01948	0.01948	0.01380	0.00974	0.00812	0.00244	0.00893	0.00731	0.00812	0.01380
25	0.01627	0.04197	0.67279	0.02313	0.03512	0.01884	0.02998	0.02570	0.01713	0.02570	0.01456	0.01713	0.01028	0.00771	0.00771	0.00257	0.01199	0.00600	0.00343	0.01199
26	0.01519	0.01412	0.02366	0.65453	0.05354	0.01751	0.02197	0.02050	0.01637	0.02094	0.01613	0.02582	0.01297	0.00897	0.00830	0.00277	0.01062	0.04333	0.00384	0.00892
27	0.01920	0.01657	0.01741	0.01574	0.02016	0.01894	0.01222	0.04019	0.59083	0.03282	0.03760	0.03472	0.08397	0.01190	0.00838	0.00275	0.00621	0.00991	0.00819	0.01229
28	0.01927	0.01664	0.01747	0.01580	0.02023	0.01903	0.01227	0.04040	0.59516	0.03291	0.03726	0.03440	0.07960	0.01183	0.00837	0.00275	0.00622	0.00986	0.00819	0.01233
29	0.00999	0.00824	0.00877	0.00864	0.01120	0.00702	0.00648	0.01242	0.01944	0.02415	0.20377	0.07441	0.53796	0.01972	0.00959	0.00270	0.00405	0.01661	0.00783	0.00702
30	0.01729	0.01679	0.02613	0.13161	0.02856	0.02157	0.09697	0.02050	0.01434	0.02156	0.01348	0.02008	0.01184	0.01182	0.01946	0.00315	0.43430	0.00748	0.07401	0.00904
31	0.70312	0.01783	0.01296	0.01162	0.01657	0.08000	0.00943	0.02465	0.01466	0.03487	0.01141	0.01332	0.00894	0.00761	0.00524	0.00247	0.00705	0.00447	0.00494	0.00885
32	0.03445	0.01389	0.01858	0.01437	0.02036	0.01231	0.01182	0.06839	0.02397	0.59549	0.07354	0.02942	0.02356	0.01047	0.00825	0.00251	0.00680	0.00855	0.00987	0.01340
33	0.02169	0.71972	0.04252	0.01388	0.02083	0.03211	0.01388	0.02430	0.01649	0.01909	0.01128	0.01302	0.01041	0.00694	0.00521	0.00174	0.00868	0.00434	0.00347	0.01041
34	0.31770	0.11455	0.05496	0.01532	0.02124	0.04636	0.01347	0.23902	0.02314	0.03746	0.01435	0.01580	0.01097	0.00853	0.00719	0.00241	0.03523	0.00562	0.00573	0.01095
35	0.01308	0.00934	0.01308	0.01494	0.01681	0.00934	0.01308	0.01681	0.01868	0.02428	0.04296	0.09153	0.04670	0.02242	0.01121	0.00374	0.00747	0.60960	0.00747	0.00747
36	0.01045	0.00757	0.01001	0.01155	0.01202	0.00741	0.00786	0.01185	0.01523	0.02037	0.04179	0.59897	0.04976	0.08909	0.01379	0.00375	0.02695	0.04787	0.00716	0.00655
37	0.01334	0.00990	0.01305	0.01437	0.01649	0.01003	0.01223	0.01868	0.07740	0.02519	0.06636	0.10846	0.08282	0.02115	0.01074	0.00353	0.00693	0.47380	0.00760	0.00791
38	0.01792	0.00974	0.01297	0.01146	0.01449	0.00881	0.00894	0.02157	0.02288	0.19549	0.47731	0.05325	0.06104	0.01512	0.00927	0.00258	0.00474	0.03401	0.00917	0.00923
39	0.00989	0.00706	0.00942	0.01130	0.01177	0.00659	0.00753	0.01130	0.01554	0.02071	0.04472	0.70954	0.05367	0.02542	0.01036	0.00330	0.00471	0.02307	0.00753	0.00659
40	0.01915	0.02189	0.04788	0.03420	0.04241	0.02052	0.63475	0.02599	0.01915	0.02599	0.01642	0.02189	0.01231	0.00684	0.00958	0.00274	0.01368	0.00958	0.00410	0.01094
41	0.01000	0.00715	0.00951	0.01122	0.01179	0.00666	0.00754	0.01157	0.01604	0.02152	0.08675	0.66520	0.05523	0.02482	0.01030	0.00324	0.00465	0.02249	0.00763	0.00666
42	0.02933	0.01300	0.01708	0.01368	0.01882	0.01182	0.01107	0.05675	0.05567	0.45946	0.18358	0.03543	0.03375	0.01167	0.00850	0.00253	0.00621	0.00976	0.00961	0.01227
43	0.01527	0.00963	0.01274	0.01330	0.01589	0.00909	0.01127	0.01862	0.01951	0.10630	0.09039	0.07881	0.16089	0.02010	0.01041	0.00331	0.00652	0.38186	0.00791	0.00817
44	0.03641	0.01381	0.01883	0.01444	0.02071	0.01193	0.01193	0.03954	0.02322	0.66984	0.03201	0.02762	0.02009	0.01004	0.00816	0.00251	0.00690	0.00816	0.01004	0.01381
45	0.06326	0.07569	0.59909	0.02188	0.03317	0.01950	0.02783	0.02551	0.01689	0.02601	0.01419	0.01667	0.01019	0.00766	0.00741	0.00252	0.01147	0.00581	0.00353	0.01171
46	0.01298	0.00862	0.01133	0.01046	0.01264	0.00791	0.00791	0.01677	0.02298	0.07075	0.62229	0.05863	0.07318	0.01620	0.00949	0.00255	0.00401	0.01428	0.00900	0.00803
47	0.02821	0.03401	0.02223	0.02069	0.04373	0.55212	0.01527	0.05307	0.02244	0.02204	0.01390	0.01637	0.01148	0.00874	0.00816	0.00217	0.04623	0.00564	0.06398	0.00951
48	0.02008	0.01928	0.03294	0.04981	0.66422	0.01928	0.02490	0.02490	0.01848	0.02651	0.01526	0.02008	0.01285	0.00723	0.00803	0.00241	0.00964	0.00723	0.00402	0.01285
49	0.01908	0.02078	0.04256	0.07959	0.12381	0.02017	0.47614	0.02652	0.05667	0.02618	0.01713	0.02214	0.01303	0.00723	0.00920	0.00269	0.01252	0.00908	0.00431	0.01118
50	0.01623	0.02919	0.35532	0.09896	0.03298	0.01935	0.06520	0.02262	0.01594	0.02333	0.01602	0.07005	0.01382	0.01055	0.01252	0.00288	0.17286	0.00791	0.00383	0.01045
51	0.25519	0.01760	0.02114	0.21651	0.09062	0.04554	0.03780	0.07465	0.11214	0.03069	0.01669	0.01969	0.01272	0.00837	0.00718	0.00258	0.00874	0.00664	0.00518	0.01033
52	0.71958	0.01577	0.01309	0.03613	0.03946	0.01823	0.00983	0.02378	0.01406	0.03551	0.01155	0.01372	0.00900	0.00754	0.00523	0.00251	0.00655	0.00459	0.00494	0.00894
53	0.01722	0.16074	0.56234	0.02151	0.03261	0.02117	0.02716	0.02545	0.01702	0.02454	0.01399	0.01641	0.01030	0.00757	0.00727	0.00242	0.01141	0.00571	0.00343	0.01172
54	0.01180	0.00787	0.00885	0.00885	0.00885	0.00787	0.00492	0.01180	0.01180	0.01573	0.02557	0.05310	0.02950	0.71483	0.04130	0.00787	0.00787	0.01180	0.00492	0.00492
55	0.17202	0.01805	0.02248	0.07650	0.21803	0.04812	0.01675	0.09210	0.09086	0.09089	0.02014	0.02516	0.01617	0.00938	0.00767	0.00258	0.00845	0.04734	0.00589	0.01143
56	0.01148	0.00829	0.01085	0.01021	0.01212	0.00766	0.00766	0.01531	0.02297	0.03254	0.65994	0.06061	0.07656	0.01659	0.00957	0.00255	0.00383	0.01467	0.00893	0.00766
57	0.05836	0.01551	0.01911	0.01493	0.02106	0.01478	0.01222	0.11601	0.09912	0.44591	0.02854	0.02561	0.01886	0.00975	0.00790	0.00244	0.00703	0.00780	0.00904	0.06603
58	0.00989	0.00706	0.00942	0.01130	0.01177	0.00659	0.00753	0.01130	0.01554	0.02071	0.04472	0.70954	0.05367	0.02542	0.01036	0.00330	0.00471	0.02307	0.00753	0.00659
59	0.03085	0.02273	0.02435	0.01867	0.02516	0.02516	0.01542	0.63716	0.03815	0.05114	0.01948	0.01948	0.01380	0.00974	0.00812	0.00244	0.00893	0.00731	0.00812	0.01380
60	0.02085	0.61477	0.14012	0.01532	0.02304	0.03005	0.01638	0.02451	0.01659	0.02011	0.01179	0.01365	0.01039	0.00706	0.00559	0.00186	0.00919	0.00460	0.00346	0.01066
61	0.01129	0.00829	0.01057	0.01000	0.01200	0.00757	0.00750	0.01493	0.02250	0.03143	0.59982	0.06243	0.13737	0.01700	0.00957	0.00257	0.00386	0.01493	0.00879	0.00757
62	0.00984	0.00724	0.00923	0.01083	0.01165	0.00663	0.00732	0.01135	0.01599	0.02090	0.05046	0.61292	0.14659	0.02468	0.01024	0.00321	0.00462	0.02216	0.00753	0.00663
63	0.01388	0.01065	0.04396	0.01324	0.01581	0.00915	0.01138	0.01777	0.02043	0.06733	0.28548	0.10327	0.05550	0.01879	0.01016	0.00311	0.00607	0.27789	0.00802	0.00811
64	0.03044	0.01351	0.01741	0.01400	0.01937	0.01256	0.01134	0.03671	0.11872	0.47858	0.09233	0.03133	0.02628	0.01079	0.00818	0.00252	0.00638	0.00891	0.04789	0.01275
65	0.01409	0.00705	0.01057	0.01057	0.01057	0.00705	0.00705	0.01057	0.01057	0.01409	0.01409	0.02467	0.01409	0.02819	0.03171	0.76392	0.00705	0.00705	0.00352	0.00352
66	0.02150	0.01906	0.03330	0.04476	0.53462	0.01873	0.09206	0.02639	0.01899	0.08632	0.01695	0.02099	0.01347	0.00745	0.00822	0.00246	0.00984	0.00758	0.00459	0.01273
67	0.01586	0.01387	0.01930	0.05756	0.01986	0.01832	0.01432	0.01845	0.01360	0.02136	0.01599	0.02313	0.01446	0.02265	0.15759	0.00517	0.39444	0.00752	0.13824	0.00831
68	0.01000	0.00711	0.00938	0.01115	0.01159	0.00667	0.00737	0.01133	0.01530	0.02041	0.04354	0.66898	0.05217	0.06802	0.01227	0.00358	0.00490	0.02237	0.00737	0.00649
69	0.00987	0.00714	0.00934	0.01109	0.01171	0.00661	0.00744	0.01132	0.01573	0.02079	0.04724	0.66713	0.09445	0.02509	0.01031	0.00326	0.00467	0.02267	0.00753	0.00661
70	0.01150	0.00907	0.01333	0.09153	0.07744	0.00909	0.01084	0.01377	0.01616	0.02170	0.06156	0.54402	0.04592	0.02146	0.00986	0.00312	0.00582	0.01950	0.00682	0.00748
71	0.07395	0.50723	0.12312	0.01557	0.02257	0.02861	0.01600	0.04589	0.01688	0.02237	0.01197	0.01413	0.01042	0.00767	0.00707	0.00205	0.05539	0.00486	0.00374	0.01053
72	0.01965	0.01884	0.03216	0.10834	0.60905	0.01917	0.02469	0.02452	0.01827	0.02599	0.01519	0.02022	0.01267	0.00731	0.00804	0.00244	0.00975	0.00723	0.00398	0.01250
73	0.00989	0.00706	0.00942	0.01130	0.01177	0.00659	0.00753	0.01130	0.01554	0.02071	0.04472	0.70954	0.05367	0.02542	0.01036	0.00330	0.00471	0.02307	0.00753	0.00659
74	0.01983	0.02119	0.02651	0.02219	0.02385	0.12905	0.08655	0.02230	0.01505	0.02071	0.01219	0.01818	0.01118	0.01226	0.02084	0.00316	0.48710	0.00710	0.03162	0.00915
75	0.00989	0.00706	0.00942	0.01130	0.01177	0.00659	0.00753	0.01130	0.01554	0.02071	0.04472	0.70954	0.05367	0.02542	0.01036	0.00330	0.00471	0.02307	0.00753	0.00659
76	0.01862	0.01515	0.01811	0.01372	0.01970	0.01331	0.03232	0.13557	0.02038	0.02970	0.01852	0.06740	0.01679	0.07401	0.01011	0.00225	0.00692	0.00733	0.00560	0.47449
77	0.05425	0.01396	0.01750	0.04672	0.01997	0.01407	0.01173	0.01879	0.01539	0.02405	0.01874	0.13956	0.01884	0.01154	0.01165	0.00226	0.16830	0.00867	0.00495	0.37906
78	0.01957	0.20051	0.08617	0.01659	0.06154	0.04321	0.01413	0.05962	0.01838	0.02572	0.01391	0.01615	0.01154	0.00679	0.00626	0.00165	0.00797	0.00511	0.00446	0.38071

[dist]
# distance from previous block
# <min> <max>
0	2

[block]
# block no. 1 follows, 23 sequences, length 38
# corresponding to MSA columns:
# 85-122
name=unknown_B
#
# <colnr> <probs for GDERKNQSTAVLIFYWHMCP>
#	G	D	E	R	K	N	Q	S	T	A	V	L	I	F	Y	W	H	M	C	P
0	0.02574	0.01743	0.01918	0.01542	0.02030	0.01861	0.01229	0.39465	0.02990	0.10393	0.02738	0.07428	0.05952	0.08712	0.01178	0.00307	0.00774	0.00955	0.05054	0.01158
1	0.02666	0.01460	0.01841	0.01403	0.02007	0.01297	0.01144	0.07508	0.02148	0.32491	0.05858	0.02448	0.01939	0.00917	0.00845	0.00210	0.04347	0.00721	0.00763	0.27988
2	0.01699	0.01373	0.02111	0.39562	0.03910	0.01596	0.01770	0.02105	0.01642	0.08246	0.01980	0.11539	0.01765	0.01114	0.01031	0.00272	0.08673	0.00923	0.00486	0.08203
3	0.01427	0.01120	0.01357	0.01224	0.01588	0.00971	0.00912	0.06050	0.01779	0.02532	0.03078	0.36305	0.03397	0.01646	0.00849	0.00241	0.00562	0.03439	0.00649	0.30872
4	0.01645	0.04072	0.63383	0.02382	0.03557	0.01895	0.06768	0.02572	0.01726	0.02572	0.01468	0.01743	0.01041	0.00765	0.00783	0.00258	0.01210	0.00622	0.00347	0.01193
5	0.03037	0.03679	0.02315	0.02064	0.02509	0.60478	0.01565	0.10371	0.02478	0.02355	0.01336	0.01520	0.01085	0.00852	0.00741	0.00213	0.01396	0.00547	0.00464	0.00992
6	0.01307	0.01003	0.01437	0.01384	0.01550	0.01186	0.01088	0.05130	0.01448	0.02077	0.02097	0.03035	0.01936	0.05521	0.60589	0.01188	0.05946	0.00852	0.00452	0.00772
7	0.02274	0.43754	0.12783	0.01847	0.05711	0.13458	0.01713	0.05990	0.01894	0.02232	0.01262	0.01459	0.01071	0.00745	0.00621	0.00199	0.01018	0.00503	0.00387	0.01079
8	0.00983	0.00729	0.00918	0.01069	0.01161	0.00664	0.00726	0.01137	0.01612	0.02095	0.05217	0.58414	0.17426	0.02445	0.01020	0.00319	0.00459	0.02189	0.00753	0.00664
9	0.01002	0.00819	0.00857	0.00850	0.01088	0.00704	0.00620	0.01206	0.01832	0.02246	0.13947	0.07370	0.53439	0.08927	0.01275	0.00323	0.00445	0.01633	0.00743	0.00675
10	0.01272	0.01082	0.01696	0.35171	0.03376	0.01237	0.01501	0.01632	0.01648	0.02168	0.07920	0.31483	0.03418	0.01609	0.00918	0.00294	0.00768	0.01450	0.00569	0.00788
11	0.01769	0.02962	0.33602	0.10902	0.26536	0.01900	0.05862	0.02487	0.01762	0.02545	0.01490	0.01895	0.01138	0.00754	0.00797	0.00254	0.01110	0.00676	0.00370	0.01191
12	0.06470	0.02603	0.28032	0.01923	0.02766	0.01646	0.06065	0.03268	0.08637	0.26967	0.02304	0.02258	0.01556	0.00887	0.00792	0.00257	0.00930	0.00730	0.00656	0.01253
13	0.01159	0.00869	0.01304	0.01304	0.01449	0.01014	0.01014	0.01449	0.01304	0.01884	0.02173	0.03188	0.02029	0.06086	0.68268	0.01304	0.02173	0.00869	0.00435	0.00724
14	0.01977	0.37769	0.20686	0.02270	0.09360	0.02578	0.10196	0.02495	0.01722	0.02250	0.01323	0.01600	0.01088	0.00716	0.00673	0.00216	0.01031	0.00577	0.00360	0.01115
15	0.06186	0.02148	0.02277	0.01763	0.02378	0.02377	0.01453	0.57215	0.03578	0.04920	0.01956	0.01988	0.01402	0.00963	0.00783	0.00240	0.00849	0.00720	0.05485	0.01319
16	0.01173	0.00784	0.00887	0.00895	0.00896	0.00782	0.00502	0.01178	0.01195	0.01593	0.02631	0.07863	0.03044	0.68802	0.04010	0.00769	0.00774	0.01224	0.00502	0.00498
17	0.00987	0.00712	0.00935	0.01114	0.01173	0.00660	0.00746	0.01132	0.01569	0.02078	0.04666	0.67684	0.08511	0.02517	0.01032	0.00327	0.00468	0.02276	0.00753	0.00660
18	0.01982	0.01915	0.03308	0.07974	0.61253	0.01927	0.04729	0.02475	0.01839	0.02622	0.01527	0.02022	0.01274	0.00726	0.00809	0.00244	0.00984	0.00732	0.00400	0.01260
19	0.01547	0.01402	0.02283	0.58718	0.04931	0.01752	0.02067	0.02048	0.01604	0.02152	0.01528	0.02216	0.01172	0.00864	0.00913	0.00269	0.05623	0.00724	0.07299	0.00887
20	0.02640	0.02052	0.02185	0.01777	0.02347	0.02309	0.01435	0.38932	0.29323	0.04396	0.02513	0.02398	0.01838	0.01027	0.00818	0.00257	0.00788	0.00809	0.00818	0.01340
21	0.03031	0.03867	0.02299	0.02090	0.02508	0.68226	0.01568	0.03240	0.02299	0.01986	0.01254	0.01463	0.01045	0.00836	0.00732	0.00209	0.01463	0.00523	0.00418	0.00941
22	0.02018	0.01743	0.01835	0.01651	0.02110	0.02018	0.01284	0.04312	0.64956	0.03394	0.03303	0.03027	0.02477	0.01101	0.00826	0.00275	0.00642	0.00917	0.00826	0.01284
23	0.01147	0.00832	0.01090	0.01082	0.01264	0.00775	0.00828	0.01501	0.02161	0.03003	0.50424	0.11898	0.09677	0.01824	0.00985	0.00277	0.00438	0.09186	0.00857	0.00751
24	0.02169	0.71972	0.04252	0.01388	0.02083	0.03211	0.01388	0.02430	0.01649	0.01909	0.01128	0.01302	0.01041	0.00694	0.00521	0.00174	0.00868	0.00434	0.00347	0.01041
25	0.00989	0.00706	0.00942	0.01130	0.01177	0.00659	0.00753	0.01130	0.01554	0.02071	0.04472	0.70954	0.05367	0.02542	0.01036	0.00330	0.00471	0.02307	0.00753	0.00659
26	0.01090	0.00869	0.00984	0.00966	0.01203	0.00789	0.00719	0.01475	0.05684	0.02625	0.27905	0.12150	0.36809	0.01900	0.00957	0.00272	0.00420	0.01629	0.00807	0.00746
27	0.02169	0.71972	0.04252	0.01388	0.02083	0.03211	0.01388	0.02430	0.01649	0.01909	0.01128	0.01302	0.01041	0.00694	0.00521	0.00174	0.00868	0.00434	0.00347	0.01041
28	0.01076	0.00821	0.00987	0.00957	0.01170	0.00733	0.00713	0.01386	0.02108	0.02832	0.43187	0.09549	0.27861	0.01836	0.00961	0.00265	0.00397	0.01590	0.00838	0.00733
29	0.01289	0.00983	0.01270	0.01257	0.01347	0.01100	0.00912	0.04211	0.01504	0.02095	0.03102	0.26377	0.05506	0.17801	0.14125	0.00598	0.10713	0.01418	0.03687	0.00705
30	0.06532	0.01976	0.02020	0.09266	0.02497	0.09574	0.01382	0.25883	0.08784	0.09825	0.02112	0.02544	0.01673	0.10879	0.01255	0.00323	0.00906	0.00780	0.00674	0.01114
31	0.01458	0.01136	0.04137	0.01536	0.01799	0.01046	0.01373	0.01961	0.05459	0.05151	0.04075	0.08229	0.04282	0.02064	0.01077	0.00358	0.00758	0.52535	0.00745	0.00823
32	0.01438	0.01052	0.01292	0.01256	0.01431	0.04915	0.00953	0.01700	0.01441	0.05432	0.02264	0.03290	0.02080	0.12468	0.46783	0.01016	0.01719	0.00871	0.07850	0.00749
33	0.01919	0.02218	0.12243	0.08690	0.47616	0.01923	0.05279	0.02565	0.04799	0.02634	0.01600	0.02034	0.01289	0.00752	0.00807	0.00248	0.01008	0.00725	0.00411	0.01239
34	0.01840	0.02712	0.21078	0.03131	0.04051	0.02008	0.47710	0.02591	0.01863	0.02591	0.01593	0.02065	0.01178	0.00707	0.00909	0.00269	0.01324	0.00864	0.00393	0.01122
35	0.00989	0.00706	0.00942	0.01130	0.01177	0.00659	0.00753	0.01130	0.01554	0.02071	0.04472	0.70954	0.05367	0.02542	0.01036	0.00330	0.00471	0.02307	0.00753	0.00659
36	0.01739	0.01704	0.02646	0.49203	0.20968	0.05603	0.02275	0.02246	0.01718	0.02216	0.01453	0.02084	0.01132	0.00790	0.00805	0.00259	0.01073	0.00710	0.00374	0.01002
37	0.01612	0.04376	0.01504	0.09076	0.01928	0.01116	0.01050	0.02055	0.06172	0.12041	0.23291	0.19781	0.09553	0.01617	0.00908	0.00272	0.00571	0.01413	0.00774	0.00888

[dist]
# distance from previous block
# <min> <max>
1	3

[block]
# block no. 2 follows, 23 sequences, length 18
# corresponding to MSA columns:
# 126-143
name=unknown_C
#
# <colnr> <probs for GDERKNQSTAVLIFYWHMCP>
#	G	D	E	R	K	N	Q	S	T	A	V	L	I	F	Y	W	H	M	C	P
0	0.02169	0.71972	0.04252	0.01388	0.02083	0.03211	0.01388	0.02430	0.01649	0.01909	0.01128	0.01302	0.01041	0.00694	0.00521	0.00174	0.00868	0.00434	0.00347	0.01041
1	0.01773	0.01439	0.01692	0.01213	0.01930	0.01087	0.00972	0.02131	0.01712	0.05604	0.01523	0.01732	0.01239	0.00619	0.00611	0.00126	0.00605	0.00496	0.00505	0.72991
2	0.01695	0.12693	0.59378	0.02197	0.03333	0.02051	0.02796	0.02552	0.01705	0.02487	0.01415	0.01662	0.01030	0.00761	0.00740	0.00247	0.01158	0.00579	0.00343	0.01179
3	0.01720	0.12363	0.50152	0.02061	0.03075	0.05759	0.02517	0.02474	0.01750	0.02422	0.01966	0.02154	0.06439	0.00872	0.00753	0.00245	0.01107	0.00667	0.00382	0.01122
4	0.01791	0.01485	0.01758	0.05201	0.02146	0.01267	0.01091	0.09641	0.01934	0.02871	0.01755	0.07452	0.01560	0.00819	0.00675	0.00161	0.00654	0.00676	0.00537	0.56525
5	0.01049	0.00761	0.00990	0.01069	0.01186	0.00702	0.00750	0.01288	0.01861	0.02539	0.28661	0.41883	0.09906	0.02169	0.01000	0.00297	0.00433	0.01944	0.00808	0.00702
6	0.06132	0.02182	0.02177	0.01768	0.02340	0.07739	0.01426	0.36689	0.19794	0.07881	0.02287	0.02214	0.01658	0.00988	0.00795	0.00250	0.00850	0.00755	0.00780	0.01296
7	0.02526	0.01599	0.01890	0.01423	0.02088	0.01438	0.01156	0.14310	0.06016	0.21552	0.02151	0.02121	0.01542	0.00816	0.00715	0.00190	0.00684	0.00649	0.00713	0.36422
8	0.01485	0.01115	0.01290	0.01232	0.01534	0.01128	0.00963	0.02331	0.19171	0.06229	0.21031	0.08237	0.19887	0.01679	0.00939	0.00283	0.00528	0.09204	0.00822	0.00913
9	0.01870	0.02303	0.09859	0.03140	0.03876	0.02100	0.49413	0.02504	0.01801	0.02504	0.01543	0.02088	0.01190	0.00797	0.01186	0.00284	0.11181	0.00891	0.00397	0.01074
10	0.01036	0.00740	0.00995	0.01183	0.01251	0.00699	0.00835	0.01211	0.01600	0.02124	0.04446	0.61865	0.05264	0.02498	0.01048	0.00336	0.00511	0.10932	0.00752	0.00672
11	0.01162	0.00771	0.00889	0.00921	0.00938	0.00763	0.00540	0.01204	0.01268	0.01726	0.02891	0.16532	0.03327	0.56370	0.03434	0.00681	0.00714	0.01355	0.03982	0.00533
12	0.05161	0.06990	0.40549	0.07963	0.03616	0.02001	0.14959	0.02497	0.01711	0.02526	0.01446	0.01809	0.01069	0.00775	0.00855	0.00260	0.03658	0.00670	0.00366	0.01119
13	0.01171	0.00793	0.00931	0.00934	0.00956	0.00800	0.00556	0.01216	0.01252	0.01691	0.05416	0.07347	0.03163	0.60646	0.09217	0.00791	0.00873	0.01204	0.00514	0.00529
14	0.00986	0.00716	0.00932	0.01104	0.01170	0.00661	0.00742	0.01133	0.01578	0.02081	0.04781	0.65750	0.10371	0.02502	0.01029	0.00325	0.00466	0.02258	0.00753	0.00661
15	0.02679	0.01949	0.02339	0.01844	0.02356	0.02166	0.04692	0.38073	0.06292	0.10310	0.02073	0.02330	0.01577	0.05409	0.04012	0.00336	0.08823	0.00791	0.00724	0.01224
16	0.66503	0.01816	0.01360	0.01203	0.01705	0.07888	0.00977	0.05751	0.01595	0.03569	0.01185	0.01365	0.00921	0.00773	0.00540	0.00247	0.00718	0.00463	0.00511	0.00911
17	0.06696	0.08971	0.06221	0.01899	0.02435	0.40232	0.01559	0.09998	0.04542	0.07857	0.01560	0.01674	0.01203	0.00855	0.00724	0.00221	0.01198	0.00577	0.00519	0.01059

[dist]
# distance from previous block
# <min> <max>
5	18

[block]
# block no. 3 follows, 23 sequences, length 7
# corresponding to MSA columns:
# 162-168
name=unknown_D
#
# <colnr> <probs for GDERKNQSTAVLIFYWHMCP>
#	G	D	E	R	K	N	Q	S	T	A	V	L	I	F	Y	W	H	M	C	P
0	0.01742	0.01054	0.01249	0.01100	0.01387	0.01029	0.00842	0.09604	0.02258	0.10496	0.30187	0.04570	0.07376	0.06927	0.01096	0.00283	0.00514	0.01144	0.16258	0.00885
1	0.01724	0.01522	0.01939	0.01408	0.02119	0.01223	0.05924	0.02244	0.06084	0.02693	0.01587	0.01816	0.01293	0.00642	0.00645	0.00143	0.00664	0.00549	0.00499	0.65283
2	0.02774	0.01955	0.02406	0.01877	0.02471	0.02078	0.07494	0.38283	0.08947	0.13364	0.02437	0.07979	0.01893	0.01093	0.00847	0.00258	0.00852	0.00915	0.00796	0.01283
3	0.02018	0.01743	0.01835	0.01651	0.02110	0.02018	0.01284	0.04312	0.64956	0.03394	0.03303	0.03027	0.02477	0.01101	0.00826	0.00275	0.00642	0.00917	0.00826	0.01284
4	0.01683	0.01442	0.01683	0.01202	0.01923	0.01082	0.00961	0.02043	0.01683	0.02644	0.01442	0.01683	0.01202	0.00601	0.00601	0.00120	0.00601	0.00481	0.00481	0.76444
5	0.02920	0.02114	0.02260	0.01751	0.02352	0.02332	0.01440	0.57249	0.03594	0.04895	0.02021	0.02061	0.01453	0.00971	0.00786	0.00238	0.00839	0.00733	0.08676	0.01315
6	0.06496	0.02220	0.02250	0.12415	0.02852	0.10788	0.01563	0.39243	0.03020	0.04026	0.01780	0.01954	0.01308	0.00918	0.00770	0.00240	0.00951	0.00689	0.05334	0.01184

[dist]
# distance from previous block
# <min> <max>
0	1

[block]
# block no. 4 follows, 23 sequences, length 58
# corresponding to MSA columns:
# 170-227
name=unknown_E
#
# <colnr> <probs for GDERKNQSTAVLIFYWHMCP>
#	G	D	E	R	K	N	Q	S	T	A	V	L	I	F	Y	W	H	M	C	P
0	0.01928	0.01968	0.03113	0.23149	0.23024	0.07041	0.15124	0.02655	0.08997	0.02502	0.01707	0.02166	0.01330	0.00792	0.00835	0.00258	0.01086	0.00779	0.00441	0.01105
1	0.11154	0.03856	0.01932	0.01453	0.02051	0.01722	0.01189	0.20599	0.07316	0.15745	0.06763	0.02336	0.01937	0.00923	0.00733	0.00220	0.00702	0.00717	0.00732	0.17921
2	0.01826	0.01579	0.02520	0.50012	0.12872	0.01871	0.02158	0.06969	0.01840	0.05545	0.01563	0.02141	0.01175	0.00846	0.00884	0.00267	0.03764	0.00726	0.00432	0.01011
3	0.02004	0.05185	0.02494	0.12875	0.02909	0.04443	0.10373	0.14127	0.04729	0.02846	0.01899	0.02246	0.04048	0.01031	0.01039	0.06629	0.03223	0.00734	0.00517	0.16649
4	0.01615	0.01090	0.01075	0.04079	0.01394	0.05482	0.00802	0.02125	0.06999	0.02784	0.02513	0.03006	0.02037	0.04800	0.06008	0.00317	0.00664	0.00782	0.51626	0.00804
5	0.02661	0.02016	0.02298	0.09381	0.05119	0.02238	0.01563	0.46366	0.06322	0.04384	0.02254	0.02335	0.04350	0.01000	0.00809	0.00247	0.00862	0.00784	0.03749	0.01262
6	0.02520	0.01780	0.01995	0.01610	0.02151	0.01862	0.01302	0.34287	0.08116	0.09738	0.02484	0.08000	0.02088	0.03522	0.00936	0.00265	0.00770	0.04921	0.00768	0.10885
7	0.01903	0.02275	0.07479	0.03372	0.04209	0.02045	0.60870	0.02598	0.01906	0.02598	0.01634	0.02168	0.01222	0.00688	0.00950	0.00273	0.01361	0.00942	0.00407	0.01099
8	0.01103	0.00826	0.01028	0.01021	0.01219	0.00751	0.00773	0.01423	0.02094	0.02837	0.42214	0.12177	0.21049	0.01873	0.00977	0.00275	0.00426	0.06360	0.00837	0.00736
9	0.04858	0.01759	0.03147	0.18688	0.30851	0.01816	0.15708	0.02302	0.01768	0.02501	0.01764	0.07850	0.01554	0.00888	0.00846	0.00263	0.01025	0.00896	0.00428	0.01087
10	0.07488	0.01342	0.01916	0.19298	0.10813	0.01474	0.01656	0.02316	0.08427	0.05479	0.02823	0.04937	0.02687	0.01396	0.00909	0.00305	0.00837	0.24341	0.00606	0.00949
11	0.02577	0.01172	0.01553	0.01291	0.01722	0.01059	0.01027	0.02967	0.04579	0.38565	0.21780	0.04193	0.03874	0.06008	0.01095	0.00295	0.00607	0.03609	0.00919	0.01108
12	0.01261	0.00847	0.01122	0.01097	0.01289	0.00785	0.00830	0.01605	0.02155	0.06138	0.48834	0.15541	0.06797	0.01803	0.00975	0.00276	0.00441	0.06558	0.00866	0.00779
13	0.01572	0.01483	0.02506	0.64107	0.10702	0.01813	0.02273	0.02108	0.01641	0.02122	0.01449	0.02150	0.01099	0.00804	0.00811	0.00268	0.01072	0.00721	0.00364	0.00934
14	0.01532	0.01442	0.02434	0.69533	0.05589	0.01803	0.02253	0.02073	0.01622	0.02073	0.01442	0.02163	0.01082	0.00811	0.00811	0.00270	0.01082	0.00721	0.00361	0.00901
15	0.01090	0.00803	0.01020	0.01016	0.01189	0.00733	0.00743	0.01400	0.02085	0.02869	0.45602	0.19474	0.15185	0.01892	0.00973	0.00273	0.00405	0.01671	0.00846	0.00733
16	0.01161	0.00790	0.00880	0.00880	0.00903	0.00778	0.00502	0.01179	0.01236	0.01625	0.03033	0.05520	0.08257	0.65647	0.03863	0.00744	0.00755	0.01225	0.00514	0.00508
17	0.01513	0.00756	0.00756	0.00756	0.00945	0.00756	0.00567	0.01891	0.01702	0.03025	0.02647	0.03025	0.02080	0.00945	0.00567	0.00189	0.00378	0.00756	0.75988	0.00756
18	0.03131	0.02198	0.02389	0.01831	0.02479	0.02405	0.01513	0.58693	0.03690	0.10314	0.02053	0.02017	0.01433	0.00977	0.00812	0.00244	0.00876	0.00738	0.00828	0.01380
19	0.01159	0.00869	0.01304	0.01304	0.01449	0.01014	0.01014	0.01449	0.01304	0.01884	0.02173	0.03188	0.02029	0.06086	0.68268	0.01304	0.02173	0.00869	0.00435	0.00724
20	0.00989	0.00706	0.00942	0.01130	0.01177	0.00659	0.00753	0.01130	0.01554	0.02071	0.04472	0.70954	0.05367	0.02542	0.01036	0.00330	0.00471	0.02307	0.00753	0.00659
21	0.18664	0.13270	0.07466	0.01798	0.02395	0.19657	0.01536	0.16598	0.05209	0.03287	0.01638	0.01837	0.01305	0.00942	0.00744	0.00257	0.01042	0.00616	0.00582	0.01157
22	0.01092	0.00849	0.01293	0.01351	0.01474	0.00798	0.06036	0.01298	0.01609	0.02145	0.04222	0.60157	0.04964	0.02362	0.01036	0.00328	0.00568	0.06991	0.00724	0.00703
23	0.00989	0.00706	0.00942	0.01130	0.01177	0.00659	0.00753	0.01130	0.01554	0.02071	0.04472	0.70954	0.05367	0.02542	0.01036	0.00330	0.00471	0.02307	0.00753	0.00659
24	0.01109	0.00818	0.01036	0.01002	0.01193	0.00745	0.00744	0.01446	0.02172	0.03006	0.52768	0.11759	0.15610	0.01788	0.00964	0.00264	0.00394	0.01572	0.00862	0.00745
25	0.03031	0.03867	0.02299	0.02090	0.02508	0.68226	0.01568	0.03240	0.02299	0.01986	0.01254	0.01463	0.01045	0.00836	0.00732	0.00209	0.01463	0.00523	0.00418	0.00941
26	0.02763	0.02026	0.02178	0.01740	0.02318	0.02247	0.01414	0.43144	0.19038	0.07257	0.02378	0.02308	0.01718	0.01006	0.00803	0.00249	0.00796	0.00783	0.04509	0.01325
27	0.01955	0.01874	0.03198	0.12170	0.59647	0.01914	0.02464	0.02444	0.01823	0.02587	0.01517	0.02026	0.01263	0.00733	0.00804	0.00244	0.00977	0.00723	0.00397	0.01243
28	0.03031	0.03867	0.02299	0.02090	0.02508	0.68226	0.01568	0.03240	0.02299	0.01986	0.01254	0.01463	0.01045	0.00836	0.00732	0.00209	0.01463	0.00523	0.00418	0.00941
29	0.02169	0.71972	0.04252	0.01388	0.02083	0.03211	0.01388	0.02430	0.01649	0.01909	0.01128	0.01302	0.01041	0.00694	0.00521	0.00174	0.00868	0.00434	0.00347	0.01041
30	0.01109	0.00797	0.01076	0.01258	0.01365	0.00764	0.00959	0.01340	0.01683	0.02211	0.04534	0.45336	0.07184	0.02411	0.01065	0.00344	0.00574	0.24545	0.00751	0.00693
31	0.03641	0.01381	0.01883	0.01444	0.02071	0.01193	0.01193	0.03954	0.02322	0.66984	0.03201	0.02762	0.02009	0.01004	0.00816	0.00251	0.00690	0.00816	0.01004	0.01381
32	0.01127	0.00806	0.01037	0.01148	0.01243	0.00774	0.00797	0.03919	0.01735	0.02336	0.12028	0.52459	0.05289	0.06998	0.01229	0.00349	0.00512	0.04761	0.00756	0.00697
33	0.03388	0.01393	0.01847	0.01447	0.02041	0.01254	0.01184	0.03892	0.08266	0.58422	0.05699	0.02918	0.02277	0.01039	0.00822	0.00254	0.00674	0.00851	0.00983	0.01347
34	0.01419	0.01321	0.01815	0.01679	0.01798	0.04676	0.05970	0.01630	0.01500	0.02054	0.02837	0.34783	0.03207	0.02285	0.07537	0.00414	0.22241	0.01493	0.00559	0.00783
35	0.02020	0.01481	0.01644	0.01449	0.01876	0.01601	0.01133	0.06184	0.37884	0.11235	0.13834	0.03921	0.09675	0.01270	0.00859	0.00267	0.00594	0.01066	0.00851	0.01156
36	0.00989	0.00706	0.00942	0.01130	0.01177	0.00659	0.00753	0.01130	0.01554	0.02071	0.04472	0.70954	0.05367	0.02542	0.01036	0.00330	0.00471	0.02307	0.00753	0.00659
37	0.02458	0.49194	0.03599	0.01623	0.02225	0.24955	0.01448	0.02701	0.01866	0.01935	0.01170	0.01356	0.01043	0.00742	0.00591	0.00185	0.01067	0.00464	0.00371	0.01008
38	0.01669	0.01198	0.01332	0.01206	0.01500	0.04320	0.00914	0.02328	0.13111	0.10455	0.35438	0.05019	0.10366	0.06188	0.01121	0.00293	0.00546	0.01251	0.00832	0.00911
39	0.01683	0.01442	0.01683	0.01202	0.01923	0.01082	0.00961	0.02043	0.01683	0.02644	0.01442	0.01683	0.01202	0.00601	0.00601	0.00120	0.00601	0.00481	0.00481	0.76444
40	0.02312	0.15537	0.02217	0.01542	0.04822	0.07985	0.01210	0.18287	0.04455	0.05802	0.02033	0.02208	0.01574	0.00891	0.00666	0.00210	0.00755	0.00671	0.25766	0.01057
41	0.01532	0.01442	0.02434	0.69533	0.05589	0.01803	0.02253	0.02073	0.01622	0.02073	0.01442	0.02163	0.01082	0.00811	0.00811	0.00270	0.01082	0.00721	0.00361	0.00901
42	0.19782	0.01836	0.01876	0.01524	0.02070	0.02032	0.01242	0.31157	0.11895	0.08981	0.02114	0.02116	0.01534	0.00942	0.00722	0.00246	0.00736	0.00700	0.07299	0.01197
43	0.00989	0.00706	0.00942	0.01130	0.01177	0.00659	0.00753	0.01130	0.01554	0.02071	0.04472	0.70954	0.05367	0.02542	0.01036	0.00330	0.00471	0.02307	0.00753	0.00659
44	0.65888	0.01819	0.06193	0.01221	0.01786	0.01879	0.01087	0.07130	0.01593	0.03675	0.01217	0.01396	0.00928	0.00772	0.00546	0.00251	0.00691	0.00474	0.00514	0.00941
45	0.01642	0.01550	0.02643	0.37012	0.04135	0.01847	0.12470	0.02118	0.01611	0.02257	0.01552	0.02200	0.01226	0.00921	0.01157	0.00277	0.14085	0.00764	0.09620	0.00914
46	0.01813	0.04859	0.03020	0.07161	0.03013	0.01641	0.27872	0.02467	0.07658	0.08019	0.10381	0.07876	0.08246	0.01124	0.00908	0.00269	0.00937	0.01120	0.00603	0.01014
47	0.03641	0.01381	0.01883	0.01444	0.02071	0.01193	0.01193	0.03954	0.02322	0.66984	0.03201	0.02762	0.02009	0.01004	0.00816	0.00251	0.00690	0.00816	0.01004	0.01381
48	0.01180	0.00787	0.00885	0.00885	0.00885	0.00787	0.00492	0.01180	0.01180	0.01573	0.02557	0.05310	0.02950	0.71483	0.04130	0.00787	0.00787	0.01180	0.00492	0.00492
49	0.01985	0.01723	0.01875	0.06230	0.02345	0.02004	0.01350	0.04161	0.60684	0.03305	0.03177	0.02969	0.02383	0.01081	0.00825	0.00275	0.00672	0.00904	0.00794	0.01259
50	0.02261	0.60481	0.03942	0.01497	0.02138	0.08162	0.01426	0.05298	0.01781	0.02065	0.01173	0.01364	0.01058	0.00749	0.00643	0.00187	0.03892	0.00466	0.00374	0.01043
51	0.00982	0.00764	0.00894	0.00987	0.01142	0.00675	0.00692	0.01163	0.01719	0.02177	0.08819	0.39782	0.32742	0.02285	0.00998	0.00301	0.00440	0.02003	0.00759	0.00675
52	0.01953	0.01871	0.03194	0.12484	0.59350	0.01913	0.02463	0.02442	0.01821	0.02584	0.01517	0.02026	0.01262	0.00733	0.00804	0.00244	0.00978	0.00723	0.00397	0.01241
53	0.01719	0.01698	0.02473	0.17847	0.02937	0.02326	0.01887	0.01981	0.01331	0.01981	0.01153	0.01866	0.01069	0.01278	0.02231	0.00335	0.53929	0.00713	0.00356	0.00891
54	0.02957	0.01879	0.11993	0.01850	0.04844	0.01407	0.06302	0.03489	0.04878	0.44191	0.05655	0.02695	0.02054	0.00968	0.00827	0.00255	0.00814	0.00825	0.00823	0.01295
55	0.03641	0.01381	0.01883	0.01444	0.02071	0.01193	0.01193	0.03954	0.02322	0.66984	0.03201	0.02762	0.02009	0.01004	0.00816	0.00251	0.00690	0.00816	0.01004	0.01381
56	0.01580	0.01482	0.02425	0.48761	0.04535	0.01860	0.04693	0.02044	0.01559	0.02114	0.01466	0.02170	0.01166	0.01101	0.03415	0.00317	0.13626	0.00736	0.04055	0.00894
57	0.02701	0.29685	0.03101	0.01950	0.07842	0.20150	0.01521	0.09676	0.02178	0.11758	0.01587	0.01689	0.01241	0.00811	0.00677	0.00208	0.01013	0.00571	0.00517	0.01122

[dist]
# distance from previous block
# <min> <max>
0	2

[block]
# block no. 5 follows, 23 sequences, length 55
# corresponding to MSA columns:
# 230-284
name=unknown_F
#
# <colnr> <probs for GDERKNQSTAVLIFYWHMCP>
#	G	D	E	R	K	N	Q	S	T	A	V	L	I	F	Y	W	H	M	C	P
0	0.02024	0.01697	0.01825	0.01651	0.02095	0.01940	0.01307	0.08624	0.53441	0.03423	0.03305	0.03603	0.02628	0.01214	0.00856	0.00283	0.00673	0.07360	0.00816	0.01234
1	0.03085	0.02273	0.02435	0.01867	0.02516	0.02516	0.01542	0.63716	0.03815	0.05114	0.01948	0.01948	0.01380	0.00974	0.00812	0.00244	0.00893	0.00731	0.00812	0.01380
2	0.00989	0.00706	0.00942	0.01130	0.01177	0.00659	0.00753	0.01130	0.01554	0.02071	0.04472	0.70954	0.05367	0.02542	0.01036	0.00330	0.00471	0.02307	0.00753	0.00659
3	0.01180	0.00787	0.00885	0.00885	0.00885	0.00787	0.00492	0.01180	0.01180	0.01573	0.02557	0.05310	0.02950	0.71483	0.04130	0.00787	0.00787	0.01180	0.00492	0.00492
4	0.00989	0.00706	0.00942	0.01130	0.01177	0.00659	0.00753	0.01130	0.01554	0.02071	0.04472	0.70954	0.05367	0.02542	0.01036	0.00330	0.00471	0.02307	0.00753	0.00659
5	0.03515	0.01409	0.01879	0.01460	0.02074	0.01256	0.01200	0.03982	0.07168	0.62065	0.03209	0.02782	0.02045	0.01012	0.00817	0.00253	0.00687	0.00824	0.00990	0.01373
6	0.01725	0.01001	0.01297	0.01157	0.01452	0.00935	0.00890	0.02211	0.06442	0.16655	0.46022	0.07860	0.06025	0.01520	0.00922	0.00259	0.00469	0.01328	0.00906	0.00925
7	0.01957	0.01679	0.01782	0.01607	0.02047	0.01930	0.01248	0.04116	0.60542	0.03384	0.07718	0.03241	0.02842	0.01140	0.00835	0.00274	0.00624	0.00956	0.00830	0.01248
8	0.03085	0.02273	0.02435	0.01867	0.02516	0.02516	0.01542	0.63716	0.03815	0.05114	0.01948	0.01948	0.01380	0.00974	0.00812	0.00244	0.00893	0.00731	0.00812	0.01380
9	0.01180	0.00787	0.00885	0.00885	0.00885	0.00787	0.00492	0.01180	0.01180	0.01573	0.02557	0.05310	0.02950	0.71483	0.04130	0.00787	0.00787	0.01180	0.00492	0.00492
10	0.01132	0.00834	0.01062	0.01019	0.01221	0.00764	0.00774	0.01492	0.02218	0.03077	0.55527	0.06439	0.14962	0.01739	0.00965	0.00264	0.00405	0.04484	0.00868	0.00754
11	0.01532	0.01442	0.02434	0.69533	0.05589	0.01803	0.02253	0.02073	0.01622	0.02073	0.01442	0.02163	0.01082	0.00811	0.00811	0.00270	0.01082	0.00721	0.00361	0.00901
12	0.03519	0.01354	0.01844	0.01423	0.02029	0.01172	0.01172	0.03836	0.02321	0.63871	0.06268	0.02923	0.02284	0.01036	0.00823	0.00251	0.00675	0.00848	0.00999	0.01351
13	0.01007	0.00814	0.00895	0.00895	0.01131	0.00702	0.00664	0.01250	0.01933	0.02437	0.21795	0.12586	0.47053	0.02000	0.00965	0.00274	0.00409	0.01703	0.00787	0.00702
14	0.01894	0.02267	0.07731	0.03303	0.04102	0.02065	0.57504	0.02566	0.01872	0.02566	0.01604	0.02145	0.01213	0.00724	0.01032	0.00277	0.04711	0.00928	0.00404	0.01089
15	0.00989	0.00706	0.00942	0.01130	0.01177	0.00659	0.00753	0.01130	0.01554	0.02071	0.04472	0.70954	0.05367	0.02542	0.01036	0.00330	0.00471	0.02307	0.00753	0.00659
16	0.77215	0.01569	0.01193	0.01067	0.01569	0.01820	0.00879	0.02385	0.01381	0.03641	0.01130	0.01318	0.00879	0.00753	0.00502	0.00251	0.00628	0.00439	0.00502	0.00879
17	0.77215	0.01569	0.01193	0.01067	0.01569	0.01820	0.00879	0.02385	0.01381	0.03641	0.01130	0.01318	0.00879	0.00753	0.00502	0.00251	0.00628	0.00439	0.00502	0.00879
18	0.01977	0.01896	0.03236	0.09277	0.62373	0.01920	0.02474	0.02463	0.01833	0.02612	0.01521	0.02019	0.01272	0.00729	0.00804	0.00243	0.00972	0.00723	0.00399	0.01260
19	0.73914	0.01601	0.01248	0.01103	0.01611	0.01851	0.00908	0.05116	0.01489	0.03706	0.01166	0.01346	0.00901	0.00763	0.00516	0.00251	0.00639	0.00452	0.00516	0.00901
20	0.01159	0.00869	0.01304	0.01304	0.01449	0.01014	0.01014	0.01449	0.01304	0.01884	0.02173	0.03188	0.02029	0.06086	0.68268	0.01304	0.02173	0.00869	0.00435	0.00724
21	0.03641	0.01381	0.01883	0.01444	0.02071	0.01193	0.01193	0.03954	0.02322	0.66984	0.03201	0.02762	0.02009	0.01004	0.00816	0.00251	0.00690	0.00816	0.01004	0.01381
22	0.01683	0.01442	0.01683	0.01202	0.01923	0.01082	0.00961	0.02043	0.01683	0.02644	0.01442	0.01683	0.01202	0.00601	0.00601	0.00120	0.00601	0.00481	0.00481	0.76444
23	0.02957	0.01527	0.01900	0.01430	0.02089	0.01348	0.01171	0.11915	0.02338	0.38269	0.02479	0.02312	0.01670	0.00875	0.00749	0.00210	0.00692	0.00700	0.00815	0.24554
24	0.01715	0.13391	0.55804	0.02236	0.03349	0.02074	0.05527	0.02552	0.01713	0.02481	0.01420	0.01678	0.01039	0.00756	0.00745	0.00246	0.01161	0.00593	0.00346	0.01173
25	0.02987	0.02224	0.02380	0.01847	0.02479	0.02471	0.01519	0.58277	0.09413	0.04956	0.02072	0.02047	0.01480	0.00986	0.00813	0.00246	0.00870	0.00748	0.00813	0.01371
26	0.02152	0.47644	0.03627	0.01631	0.02135	0.05692	0.01502	0.05499	0.01684	0.02089	0.01160	0.01462	0.01065	0.00900	0.01091	0.00225	0.18529	0.00523	0.00376	0.01015
27	0.01683	0.01442	0.01683	0.01202	0.01923	0.01082	0.00961	0.02043	0.01683	0.02644	0.01442	0.01683	0.01202	0.00601	0.00601	0.00120	0.00601	0.00481	0.00481	0.76444
28	0.00989	0.00706	0.00942	0.01130	0.01177	0.00659	0.00753	0.01130	0.01554	0.02071	0.04472	0.70954	0.05367	0.02542	0.01036	0.00330	0.00471	0.02307	0.00753	0.00659
29	0.01532	0.01442	0.02434	0.69533	0.05589	0.01803	0.02253	0.02073	0.01622	0.02073	0.01442	0.02163	0.01082	0.00811	0.00811	0.00270	0.01082	0.00721	0.00361	0.00901
30	0.07306	0.01903	0.03146	0.04705	0.61854	0.01920	0.02377	0.02483	0.01815	0.02721	0.01498	0.01960	0.01257	0.00725	0.00782	0.00242	0.00940	0.00703	0.00409	0.01257
31	0.01775	0.01775	0.02485	0.02130	0.02130	0.02485	0.01775	0.01953	0.01243	0.01953	0.01065	0.01775	0.01065	0.01420	0.02663	0.00355	0.69998	0.00710	0.00355	0.00888
32	0.01069	0.00794	0.01000	0.01039	0.01200	0.00724	0.00758	0.01341	0.01957	0.02640	0.32746	0.27035	0.17930	0.02040	0.00990	0.00288	0.00433	0.04484	0.00816	0.00716
33	0.02008	0.01928	0.03294	0.04981	0.66422	0.01928	0.02490	0.02490	0.01848	0.02651	0.01526	0.02008	0.01285	0.00723	0.00803	0.00241	0.00964	0.00723	0.00402	0.01285
34	0.77215	0.01569	0.01193	0.01067	0.01569	0.01820	0.00879	0.02385	0.01381	0.03641	0.01130	0.01318	0.00879	0.00753	0.00502	0.00251	0.00628	0.00439	0.00502	0.00879
35	0.00989	0.00706	0.00942	0.01130	0.01177	0.00659	0.00753	0.01130	0.01554	0.02071	0.04472	0.70954	0.05367	0.02542	0.01036	0.00330	0.00471	0.02307	0.00753	0.00659
