[name]
unknown

[dist]
# distance from previous block
# <min> <max>
5	74

[block]
# block no. 0 follows, 25 sequences, length 6
# corresponding to MSA columns:
# 107-112
name=unknown_A
#
# <colnr> <probs for GDERKNQSTAVLIFYWHMCP>
#	G	D	E	R	K	N	Q	S	T	A	V	L	I	F	Y	W	H	M	C	P
0	0.01359	0.00866	0.01075	0.01091	0.01273	0.00829	0.00798	0.05930	0.01845	0.07392	0.13919	0.37860	0.08624	0.01881	0.00898	0.00276	0.00478	0.03992	0.08853	0.00760
1	0.06654	0.01256	0.01342	0.01222	0.01533	0.03068	0.00917	0.06452	0.17776	0.09937	0.09541	0.12678	0.11068	0.11563	0.01268	0.00330	0.00602	0.01164	0.00720	0.00908
2	0.10962	0.01653	0.01967	0.07704	0.02330	0.01799	0.04862	0.28436	0.06574	0.07907	0.08870	0.02532	0.02063	0.03651	0.00872	0.00258	0.00756	0.00786	0.04944	0.01075
3	0.07192	0.01282	0.01334	0.01190	0.01543	0.04918	0.00900	0.08362	0.01784	0.02524	0.02994	0.20512	0.08788	0.08230	0.01083	0.00280	0.00629	0.04702	0.00596	0.21157
4	0.01531	0.00964	0.01189	0.01096	0.01353	0.00931	0.00835	0.03901	0.05484	0.12196	0.28163	0.15005	0.14652	0.01586	0.00924	0.00257	0.02613	0.01358	0.05124	0.00837
5	0.06206	0.01419	0.01607	0.01397	0.01785	0.01479	0.01098	0.25549	0.04724	0.07954	0.06425	0.23351	0.03006	0.01456	0.00837	0.00260	0.00647	0.04759	0.00739	0.05302

[dist]
# distance from previous block
# <min> <max>
5	14

[block]
# block no. 1 follows, 25 sequences, length 58
# corresponding to MSA columns:
# 127-184
name=unknown_B
#
# <colnr> <probs for GDERKNQSTAVLIFYWHMCP>
#	G	D	E	R	K	N	Q	S	T	A	V	L	I	F	Y	W	H	M	C	P
0	0.01789	0.05234	0.11758	0.07491	0.14306	0.05086	0.21940	0.02282	0.01644	0.02262	0.01457	0.04149	0.01233	0.00882	0.01152	0.00264	0.14905	0.00773	0.00377	0.01016
1	0.01310	0.01143	0.06497	0.01178	0.01440	0.00937	0.00959	0.06944	0.01986	0.04803	0.28749	0.27108	0.08013	0.04064	0.01008	0.00284	0.00521	0.01524	0.00745	0.00788
2	0.01608	0.01378	0.01608	0.01148	0.01837	0.01034	0.00919	0.01952	0.01608	0.02527	0.01378	0.01608	0.01148	0.00574	0.00574	0.00115	0.00574	0.00459	0.00459	0.77491
3	0.01128	0.00752	0.00846	0.00846	0.00846	0.00752	0.00470	0.01128	0.01128	0.01503	0.02443	0.05074	0.02819	0.72751	0.03946	0.00752	0.00752	0.01128	0.00470	0.00470
4	0.01084	0.00774	0.00960	0.01049	0.01130	0.00746	0.00702	0.04239	0.01566	0.02086	0.06937	0.49480	0.07475	0.16132	0.01554	0.00391	0.00522	0.01855	0.00680	0.00638
5	0.02106	0.01754	0.01853	0.01614	0.02084	0.02011	0.01270	0.14757	0.55588	0.03529	0.02931	0.02714	0.02185	0.01031	0.00787	0.00258	0.00655	0.00846	0.00787	0.01243
6	0.01072	0.00792	0.01001	0.00949	0.01143	0.00721	0.00711	0.01414	0.02134	0.02966	0.59072	0.06028	0.15838	0.01639	0.00915	0.00246	0.00370	0.01435	0.00835	0.00721
7	0.01347	0.00673	0.01010	0.01010	0.01010	0.00673	0.00673	0.01010	0.01010	0.01347	0.01347	0.02357	0.01347	0.02694	0.03030	0.77441	0.00673	0.00673	0.00337	0.00337
8	0.02896	0.03695	0.02197	0.01998	0.02397	0.69638	0.01498	0.03096	0.02197	0.01898	0.01199	0.01398	0.00999	0.00799	0.00699	0.00200	0.01398	0.00499	0.00400	0.00899
9	0.03479	0.01320	0.01799	0.01380	0.01979	0.01140	0.01140	0.03779	0.02219	0.68451	0.03059	0.02639	0.01919	0.00960	0.00780	0.00240	0.00660	0.00780	0.00960	0.01320
10	0.01608	0.01378	0.01608	0.01148	0.01837	0.01034	0.00919	0.01952	0.01608	0.02527	0.01378	0.01608	0.01148	0.00574	0.00574	0.00115	0.00574	0.00459	0.00459	0.77491
11	0.02011	0.01707	0.01800	0.01595	0.02048	0.01967	0.01247	0.09070	0.61429	0.03376	0.03051	0.02809	0.02282	0.01042	0.00788	0.00261	0.00633	0.00862	0.00788	0.01235
12	0.08353	0.02340	0.26212	0.01825	0.05755	0.01461	0.01808	0.03113	0.01916	0.36174	0.02221	0.02133	0.01461	0.00847	0.00741	0.00241	0.00846	0.00673	0.00664	0.01215
13	0.02368	0.01962	0.02374	0.11498	0.09285	0.08685	0.06133	0.23722	0.05621	0.08771	0.01869	0.04259	0.01440	0.00878	0.00767	0.00229	0.00906	0.00736	0.00599	0.07896
14	0.01445	0.00723	0.00723	0.00723	0.00903	0.00723	0.00542	0.01807	0.01626	0.02891	0.02529	0.02891	0.01987	0.00903	0.00542	0.00181	0.00361	0.00723	0.77055	0.00723
15	0.01578	0.01247	0.04894	0.01824	0.12384	0.01125	0.01205	0.05448	0.04840	0.08826	0.03157	0.33211	0.03344	0.09138	0.01212	0.00331	0.00657	0.04054	0.00649	0.00876
16	0.02781	0.02032	0.02223	0.04243	0.02437	0.02253	0.01448	0.51671	0.12059	0.07683	0.02079	0.02048	0.01481	0.00943	0.00778	0.00238	0.00818	0.00726	0.00771	0.01290
17	0.01663	0.01732	0.03366	0.28466	0.09974	0.01834	0.30567	0.02205	0.01675	0.02251	0.01558	0.04592	0.01263	0.00802	0.00934	0.00263	0.04655	0.00846	0.00383	0.00968
18	0.01159	0.00896	0.01303	0.01274	0.01388	0.01066	0.00983	0.01401	0.01230	0.01777	0.02023	0.03124	0.01944	0.11755	0.57857	0.01124	0.07751	0.00846	0.00414	0.00684
19	0.75036	0.04505	0.01262	0.01033	0.01520	0.01795	0.00860	0.02281	0.01330	0.03409	0.01080	0.01259	0.00846	0.00717	0.00481	0.00237	0.00609	0.00420	0.00474	0.00846
20	0.01084	0.00792	0.01018	0.00961	0.01150	0.00726	0.00721	0.01437	0.02163	0.03034	0.63064	0.05916	0.11804	0.01613	0.00915	0.00245	0.00368	0.01420	0.00844	0.00726
21	0.01980	0.59691	0.13263	0.01489	0.02188	0.02851	0.01566	0.02318	0.01565	0.01917	0.01120	0.01323	0.00994	0.00709	0.00635	0.00186	0.04414	0.00451	0.00331	0.01009
22	0.00945	0.00675	0.00900	0.01080	0.01125	0.00630	0.00720	0.01080	0.01484	0.01979	0.04274	0.72245	0.05128	0.02429	0.00990	0.00315	0.00450	0.02204	0.00720	0.00630
23	0.02105	0.70501	0.03990	0.01353	0.02006	0.05669	0.01333	0.02352	0.01600	0.01827	0.01083	0.01250	0.00995	0.00669	0.00505	0.00167	0.00851	0.00418	0.00334	0.00991
24	0.00945	0.00675	0.00900	0.01080	0.01125	0.00630	0.00720	0.01080	0.01484	0.01979	0.04274	0.72245	0.05128	0.02429	0.00990	0.00315	0.00450	0.02204	0.00720	0.00630
25	0.48911	0.01761	0.01602	0.01317	0.01852	0.01998	0.01087	0.26833	0.02225	0.04027	0.01384	0.01494	0.01026	0.00802	0.00595	0.00237	0.00698	0.00528	0.00595	0.01026
26	0.01288	0.01001	0.01212	0.01214	0.01455	0.01018	0.00968	0.02007	0.15661	0.02727	0.24861	0.09090	0.13291	0.01719	0.00937	0.00286	0.00527	0.19145	0.00776	0.00817
27	0.01128	0.00752	0.00846	0.00846	0.00846	0.00752	0.00470	0.01128	0.01128	0.01503	0.02443	0.05074	0.02819	0.72751	0.03946	0.00752	0.00752	0.01128	0.00470	0.00470
28	0.02630	0.27173	0.02888	0.01690	0.02259	0.22849	0.01430	0.24851	0.02495	0.02930	0.01391	0.01509	0.01111	0.00799	0.00657	0.00200	0.01009	0.00540	0.00509	0.01081
29	0.00916	0.00785	0.00785	0.00785	0.01047	0.00655	0.00589	0.01113	0.01767	0.02095	0.07855	0.07462	0.67599	0.01964	0.00916	0.00262	0.00393	0.01636	0.00720	0.00655
30	0.01225	0.04345	0.01179	0.00981	0.01219	0.00852	0.00757	0.01556	0.02099	0.05877	0.51942	0.05688	0.16237	0.01571	0.00888	0.00243	0.00406	0.01362	0.00812	0.00759
31	0.01863	0.01755	0.03080	0.02364	0.02781	0.01924	0.28087	0.06731	0.01749	0.06170	0.04659	0.05251	0.01687	0.03684	0.01544	0.00303	0.24030	0.00900	0.00473	0.00963
32	0.02896	0.03695	0.02197	0.01998	0.02397	0.69638	0.01498	0.03096	0.02197	0.01898	0.01199	0.01398	0.00999	0.00799	0.00699	0.00200	0.01398	0.00499	0.00400	0.00899
33	0.01768	0.02042	0.06960	0.09705	0.07074	0.01905	0.46475	0.02369	0.01744	0.02403	0.01496	0.02015	0.01146	0.00707	0.00963	0.00257	0.05195	0.00832	0.00384	0.04559
34	0.02726	0.13177	0.02463	0.01907	0.02324	0.57304	0.01484	0.02932	0.02064	0.01886	0.01173	0.01391	0.00999	0.00807	0.00758	0.00202	0.04611	0.00496	0.00387	0.00910
35	0.01830	0.02092	0.04575	0.03268	0.04052	0.01961	0.65098	0.02484	0.01830	0.02484	0.01569	0.02092	0.01176	0.00654	0.00915	0.00261	0.01307	0.00915	0.00392	0.01046
36	0.02169	0.01737	0.01863	0.01581	0.02051	0.01956	0.01255	0.23533	0.39540	0.03758	0.09490	0.02865	0.02549	0.01069	0.00798	0.00251	0.00665	0.00874	0.00791	0.01205
37	0.01128	0.00752	0.00846	0.00846	0.00846	0.00752	0.00470	0.01128	0.01128	0.01503	0.02443	0.05074	0.02819	0.72751	0.03946	0.00752	0.00752	0.01128	0.00470	0.00470
38	0.01426	0.01063	0.01277	0.01368	0.01591	0.04291	0.01156	0.01810	0.04179	0.05602	0.04247	0.07601	0.11196	0.04205	0.01102	0.00342	0.00706	0.45375	0.00707	0.00758
39	0.78228	0.01499	0.01140	0.01020	0.01499	0.01739	0.00840	0.02279	0.01320	0.03479	0.01080	0.01260	0.00840	0.00720	0.00480	0.00240	0.00600	0.00420	0.00480	0.00840
40	0.13220	0.31123	0.16995	0.01746	0.05553	0.05702	0.03676	0.05468	0.01703	0.02452	0.01241	0.01449	0.01012	0.00703	0.00600	0.00202	0.00898	0.00499	0.00390	0.05370
41	0.02818	0.10354	0.02376	0.01933	0.02358	0.63262	0.01482	0.03022	0.02138	0.01891	0.01187	0.01383	0.00998	0.00786	0.00680	0.00197	0.01344	0.00491	0.00393	0.00908
42	0.00950	0.00793	0.00832	0.00840	0.01092	0.00675	0.00642	0.01168	0.01796	0.02174	0.11392	0.07441	0.59572	0.01951	0.00927	0.00267	0.00412	0.05684	0.00728	0.00663
43	0.01955	0.01605	0.01708	0.01529	0.01967	0.01827	0.01192	0.03955	0.60164	0.06398	0.03382	0.03105	0.05552	0.01092	0.00795	0.00262	0.00605	0.00909	0.00794	0.01204
44	0.00916	0.00785	0.00785	0.00785	0.01047	0.00655	0.00589	0.01113	0.01767	0.02095	0.07855	0.07462	0.67599	0.01964	0.00916	0.00262	0.00393	0.01636	0.00720	0.00655
45	0.01128	0.00752	0.00846	0.00846	0.00846	0.00752	0.00470	0.01128	0.01128	0.01503	0.02443	0.05074	0.02819	0.72751	0.03946	0.00752	0.00752	0.01128	0.00470	0.00470
46	0.01108	0.00831	0.01246	0.01246	0.01385	0.00969	0.00969	0.01385	0.01246	0.01800	0.02077	0.03046	0.01938	0.05815	0.69678	0.01246	0.02077	0.00831	0.00415	0.00692
47	0.05504	0.05004	0.11872	0.01822	0.04985	0.04150	0.01594	0.29657	0.05799	0.18826	0.02037	0.02001	0.01416	0.00883	0.00747	0.00234	0.00849	0.00680	0.00698	0.01242
48	0.09141	0.31486	0.16199	0.01735	0.05970	0.07349	0.01630	0.05364	0.03868	0.05053	0.04552	0.01730	0.01392	0.00776	0.00628	0.00208	0.00884	0.00559	0.00438	0.01039
49	0.01897	0.01839	0.03198	0.07116	0.61979	0.01845	0.05931	0.02371	0.01761	0.02510	0.01462	0.01934	0.01218	0.00692	0.00776	0.00233	0.00947	0.00704	0.00383	0.01204
50	0.00960	0.00681	0.00895	0.01059	0.01101	0.00640	0.00698	0.01084	0.01454	0.01938	0.04116	0.66456	0.04929	0.08489	0.01244	0.00353	0.00476	0.02111	0.00698	0.00616
51	0.78228	0.01499	0.01140	0.01020	0.01499	0.01739	0.00840	0.02279	0.01320	0.03479	0.01080	0.01260	0.00840	0.00720	0.00480	0.00240	0.00600	0.00420	0.00480	0.00840
52	0.01073	0.00935	0.04330	0.04248	0.04460	0.00810	0.00928	0.01270	0.01494	0.02019	0.06715	0.50285	0.04368	0.11661	0.01354	0.00361	0.00567	0.01807	0.00642	0.00675
53	0.01108	0.00831	0.01246	0.01246	0.01385	0.00969	0.00969	0.01385	0.01246	0.01800	0.02077	0.03046	0.01938	0.05815	0.69678	0.01246	0.02077	0.00831	0.00415	0.00692
54	0.01608	0.01378	0.01608	0.01148	0.01837	0.01034	0.00919	0.01952	0.01608	0.02527	0.01378	0.01608	0.01148	0.00574	0.00574	0.00115	0.00574	0.00459	0.00459	0.77491
55	0.01448	0.01424	0.04721	0.35413	0.03533	0.01693	0.01784	0.01819	0.01388	0.01914	0.01431	0.02168	0.01219	0.01985	0.15013	0.03237	0.17928	0.00710	0.00356	0.00817
56	0.01097	0.00828	0.01220	0.01220	0.01365	0.00951	0.00948	0.01369	0.01276	0.01817	0.02405	0.03297	0.05665	0.05597	0.65776	0.01190	0.01981	0.00876	0.00433	0.00690
57	0.09691	0.09130	0.02175	0.01597	0.02123	0.09597	0.01314	0.29702	0.12218	0.06374	0.04576	0.02284	0.01740	0.00959	0.00730	0.00233	0.00819	0.02929	0.00673	0.01136

[dist]
# distance from previous block
# <min> <max>
2	3

[block]
# block no. 2 follows, 25 sequences, length 121
# corresponding to MSA columns:
# 188-308
name=unknown_C
#
# <colnr> <probs for GDERKNQSTAVLIFYWHMCP>
#	G	D	E	R	K	N	Q	S	T	A	V	L	I	F	Y	W	H	M	C	P
0	0.01539	0.05617	0.28222	0.01878	0.04531	0.05833	0.07244	0.02165	0.03722	0.02528	0.16799	0.03426	0.08424	0.01094	0.00811	0.00246	0.00882	0.03552	0.00521	0.00966
1	0.02967	0.01418	0.01804	0.01363	0.01986	0.01238	0.01118	0.09382	0.02209	0.46027	0.02529	0.02310	0.01671	0.00862	0.00729	0.00209	0.00658	0.00693	0.00819	0.20008
2	0.01025	0.00790	0.00936	0.00899	0.01114	0.00701	0.00674	0.01323	0.02023	0.02702	0.43588	0.06461	0.31487	0.01737	0.00915	0.00251	0.00377	0.01496	0.00800	0.00701
3	0.02384	0.02875	0.01925	0.01782	0.02107	0.49975	0.01347	0.02606	0.01925	0.01870	0.01450	0.01870	0.01268	0.02235	0.20451	0.00499	0.01593	0.00594	0.00404	0.00840
4	0.78228	0.01499	0.01140	0.01020	0.01499	0.01739	0.00840	0.02279	0.01320	0.03479	0.01080	0.01260	0.00840	0.00720	0.00480	0.00240	0.00600	0.00420	0.00480	0.00840
5	0.78228	0.01499	0.01140	0.01020	0.01499	0.01739	0.00840	0.02279	0.01320	0.03479	0.01080	0.01260	0.00840	0.00720	0.00480	0.00240	0.00600	0.00420	0.00480	0.00840
6	0.01081	0.00792	0.01013	0.00958	0.01148	0.00725	0.00719	0.01431	0.02156	0.03016	0.62038	0.05945	0.12841	0.01620	0.00915	0.00246	0.00368	0.01424	0.00841	0.00725
7	0.01608	0.01378	0.01608	0.01148	0.01837	0.01034	0.00919	0.01952	0.01608	0.02527	0.01378	0.01608	0.01148	0.00574	0.00574	0.00115	0.00574	0.00459	0.00459	0.77491
8	0.01830	0.02092	0.04575	0.03268	0.04052	0.01961	0.65098	0.02484	0.01830	0.02484	0.01569	0.02092	0.01176	0.00654	0.00915	0.00261	0.01307	0.00915	0.00392	0.01046
9	0.02896	0.03695	0.02197	0.01998	0.02397	0.69638	0.01498	0.03096	0.02197	0.01898	0.01199	0.01398	0.00999	0.00799	0.00699	0.00200	0.01398	0.00499	0.00400	0.00899
10	0.06277	0.01507	0.01823	0.01420	0.01974	0.01474	0.01160	0.20319	0.02493	0.42258	0.02596	0.02496	0.01756	0.04364	0.00907	0.00260	0.00701	0.00756	0.04228	0.01232
11	0.02946	0.02225	0.02322	0.01791	0.02404	0.04733	0.01475	0.63173	0.03595	0.04783	0.01839	0.01845	0.01308	0.00926	0.00773	0.00232	0.00872	0.00691	0.00763	0.01304
12	0.00945	0.00675	0.00900	0.01080	0.01125	0.00630	0.00720	0.01080	0.01484	0.01979	0.04274	0.72245	0.05128	0.02429	0.00990	0.00315	0.00450	0.02204	0.00720	0.00630
13	0.02012	0.26258	0.17994	0.01974	0.06271	0.05721	0.06613	0.09687	0.01877	0.02484	0.01330	0.01571	0.01072	0.00744	0.00746	0.00208	0.04314	0.00558	0.00406	0.08161
14	0.01816	0.13742	0.31944	0.10512	0.13654	0.01893	0.02235	0.02419	0.01679	0.07693	0.01605	0.04620	0.01275	0.00809	0.00723	0.00235	0.00979	0.00664	0.00407	0.01095
15	0.01696	0.01696	0.02375	0.02036	0.02036	0.02375	0.01696	0.01866	0.01187	0.01866	0.01018	0.01696	0.01018	0.01357	0.02545	0.00339	0.71332	0.00679	0.00339	0.00848
16	0.00961	0.00693	0.00914	0.01085	0.01148	0.00646	0.00743	0.01111	0.01516	0.02005	0.04445	0.65346	0.08252	0.02389	0.00991	0.00315	0.00462	0.05624	0.00719	0.00636
17	0.01687	0.01443	0.02297	0.42793	0.10246	0.01669	0.04422	0.09677	0.01758	0.02315	0.01448	0.02072	0.01140	0.01071	0.01121	0.11902	0.00957	0.00697	0.00402	0.00881
18	0.02334	0.01383	0.02204	0.02023	0.10728	0.01285	0.11135	0.02800	0.04820	0.29905	0.17212	0.05403	0.03053	0.01069	0.00837	0.00246	0.00720	0.00979	0.00757	0.01106
19	0.03236	0.01361	0.01786	0.01395	0.01966	0.01237	0.01143	0.06425	0.07114	0.57929	0.05786	0.02759	0.02159	0.00992	0.00786	0.00242	0.00652	0.00810	0.00934	0.01287
20	0.11698	0.16156	0.04852	0.12159	0.02568	0.02072	0.03991	0.17618	0.06682	0.02968	0.01602	0.01878	0.01257	0.01110	0.03752	0.03953	0.00883	0.00627	0.03171	0.01004
21	0.02239	0.10258	0.25234	0.02015	0.07526	0.06949	0.01906	0.11012	0.05736	0.13735	0.01911	0.04839	0.01458	0.00882	0.00737	0.00234	0.00934	0.00696	0.00545	0.01152
22	0.02341	0.50547	0.03455	0.01545	0.02123	0.24776	0.01383	0.02574	0.01778	0.01848	0.01117	0.01294	0.00996	0.00708	0.00563	0.00177	0.01015	0.00442	0.00354	0.00964
23	0.00933	0.00754	0.00829	0.00878	0.01074	0.00651	0.00633	0.01119	0.01706	0.02107	0.09487	0.25880	0.47084	0.02080	0.00937	0.00276	0.00408	0.01788	0.00726	0.00651
24	0.01881	0.04140	0.02480	0.35396	0.03839	0.04890	0.07519	0.09842	0.04588	0.05726	0.01678	0.04863	0.01343	0.00922	0.00948	0.00259	0.07486	0.00766	0.00467	0.00967
25	0.02223	0.01910	0.02022	0.02128	0.13208	0.12899	0.01428	0.05772	0.27253	0.10886	0.02456	0.05400	0.01940	0.01309	0.05361	0.00311	0.00901	0.00818	0.00649	0.01127
26	0.01629	0.15873	0.01868	0.01269	0.01558	0.04865	0.01035	0.01861	0.01509	0.08099	0.04735	0.05353	0.02184	0.08397	0.30246	0.03148	0.01324	0.03761	0.00492	0.00797
27	0.00986	0.00805	0.00883	0.00912	0.01155	0.00702	0.00717	0.01221	0.01792	0.02187	0.10189	0.07612	0.53015	0.01977	0.00945	0.00278	0.00450	0.12778	0.00726	0.00669
28	0.01688	0.01394	0.01659	0.01208	0.01855	0.01114	0.00972	0.02021	0.01609	0.05151	0.01425	0.01655	0.01172	0.00634	0.00695	0.00133	0.04612	0.00485	0.00473	0.70044
29	0.04553	0.55976	0.06458	0.04937	0.02297	0.05116	0.04006	0.02420	0.04393	0.02004	0.01220	0.01413	0.01058	0.00695	0.00557	0.00185	0.00875	0.00478	0.00362	0.00998
30	0.06730	0.01470	0.02387	0.40000	0.11907	0.01622	0.07230	0.02130	0.01617	0.05177	0.01584	0.05020	0.01283	0.00812	0.00758	0.00243	0.00931	0.00739	0.00416	0.07944
31	0.12656	0.41580	0.08673	0.01381	0.02007	0.05269	0.01342	0.02466	0.01645	0.10178	0.01532	0.05503	0.01320	0.00820	0.00586	0.00202	0.00807	0.00579	0.00453	0.01001
32	0.01128	0.00752	0.00846	0.00846	0.00846	0.00752	0.00470	0.01128	0.01128	0.01503	0.02443	0.05074	0.02819	0.72751	0.03946	0.00752	0.00752	0.01128	0.00470	0.00470
33	0.01849	0.02090	0.08666	0.06057	0.03419	0.01957	0.36309	0.07865	0.01845	0.02579	0.01471	0.01933	0.01140	0.00790	0.01098	0.00256	0.11746	0.00782	0.00416	0.07730
34	0.78228	0.01499	0.01140	0.01020	0.01499	0.01739	0.00840	0.02279	0.01320	0.03479	0.01080	0.01260	0.00840	0.00720	0.00480	0.00240	0.00600	0.00420	0.00480	0.00840
35	0.00957	0.00684	0.00914	0.01094	0.01145	0.00641	0.00742	0.01102	0.01497	0.01994	0.04266	0.69572	0.05100	0.02417	0.00993	0.00317	0.00461	0.04750	0.00720	0.00633
36	0.08982	0.01333	0.01751	0.01353	0.01944	0.01184	0.01118	0.03668	0.02153	0.63668	0.02913	0.02538	0.01840	0.00942	0.00758	0.00240	0.00655	0.00753	0.00924	0.01284
37	0.01078	0.00792	0.01009	0.00955	0.01146	0.00723	0.00716	0.01425	0.02149	0.03000	0.61065	0.05972	0.13825	0.01626	0.00915	0.00246	0.00369	0.01428	0.00839	0.00723
38	0.01062	0.00786	0.00992	0.00952	0.01140	0.00715	0.00709	0.01391	0.02094	0.02899	0.55281	0.09408	0.16325	0.01685	0.00919	0.00250	0.00374	0.01478	0.00827	0.00715
39	0.02073	0.73217	0.04063	0.01327	0.01990	0.03068	0.01327	0.02322	0.01575	0.01824	0.01078	0.01244	0.00995	0.00663	0.00498	0.00166	0.00829	0.00415	0.00332	0.00995
40	0.01347	0.00673	0.01010	0.01010	0.01010	0.00673	0.00673	0.01010	0.01010	0.01347	0.01347	0.02357	0.01347	0.02694	0.03030	0.77441	0.00673	0.00673	0.00337	0.00337
41	0.01555	0.04011	0.68733	0.02210	0.03356	0.01801	0.02865	0.02455	0.01637	0.02455	0.01391	0.01637	0.00982	0.00737	0.00737	0.00246	0.01146	0.00573	0.00327	0.01146
42	0.02693	0.02123	0.02399	0.09311	0.08887	0.05173	0.01631	0.50083	0.03187	0.04232	0.01744	0.01869	0.01266	0.00886	0.00772	0.00234	0.00902	0.00688	0.00677	0.01244
43	0.01347	0.00673	0.01010	0.01010	0.01010	0.00673	0.00673	0.01010	0.01010	0.01347	0.01347	0.02357	0.01347	0.02694	0.03030	0.77441	0.00673	0.00673	0.00337	0.00337
44	0.01464	0.01378	0.02326	0.70887	0.05340	0.01723	0.02153	0.01981	0.01550	0.01981	0.01378	0.02067	0.01034	0.00775	0.00775	0.00258	0.01034	0.00689	0.00345	0.00861
45	0.01608	0.01378	0.01608	0.01148	0.01837	0.01034	0.00919	0.01952	0.01608	0.02527	0.01378	0.01608	0.01148	0.00574	0.00574	0.00115	0.00574	0.00459	0.00459	0.77491
46	0.01050	0.00884	0.03988	0.01076	0.01241	0.00734	0.00821	0.01338	0.01856	0.02581	0.36634	0.34959	0.06068	0.01920	0.00940	0.00275	0.00438	0.01720	0.00771	0.00705
47	0.01347	0.00673	0.01010	0.01010	0.01010	0.00673	0.00673	0.01010	0.01010	0.01347	0.01347	0.02357	0.01347	0.02694	0.03030	0.77441	0.00673	0.00673	0.00337	0.00337
48	0.01836	0.10237	0.48862	0.02068	0.05112	0.01849	0.02404	0.05078	0.01791	0.08652	0.03967	0.01863	0.01325	0.00788	0.00727	0.00236	0.01022	0.00616	0.00426	0.01142
49	0.01464	0.01378	0.02326	0.70887	0.05340	0.01723	0.02153	0.01981	0.01550	0.01981	0.01378	0.02067	0.01034	0.00775	0.00775	0.00258	0.01034	0.00689	0.00345	0.00861
50	0.02896	0.03695	0.02197	0.01998	0.02397	0.69638	0.01498	0.03096	0.02197	0.01898	0.01199	0.01398	0.00999	0.00799	0.00699	0.00200	0.01398	0.00499	0.00400	0.00899
51	0.01347	0.00673	0.01010	0.01010	0.01010	0.00673	0.00673	0.01010	0.01010	0.01347	0.01347	0.02357	0.01347	0.02694	0.03030	0.77441	0.00673	0.00673	0.00337	0.00337
52	0.04929	0.58797	0.08856	0.01419	0.02098	0.06015	0.01430	0.02429	0.01628	0.04742	0.01192	0.01341	0.01027	0.00690	0.00537	0.00180	0.00866	0.00447	0.00366	0.01010
53	0.05506	0.02095	0.02165	0.01715	0.02292	0.05126	0.01398	0.48002	0.13441	0.07200	0.02063	0.02018	0.01481	0.00938	0.00764	0.00237	0.00821	0.00712	0.00759	0.01269
54	0.01838	0.01727	0.02916	0.04354	0.59847	0.01727	0.02242	0.02286	0.01768	0.02507	0.01780	0.02750	0.01622	0.00867	0.00805	0.00246	0.00896	0.08234	0.00424	0.01166
55	0.01894	0.02702	0.23530	0.05598	0.08793	0.04831	0.29689	0.08606	0.01948	0.02668	0.01511	0.01887	0.01122	0.00720	0.00821	0.00249	0.01176	0.00745	0.00408	0.01104
56	0.01058	0.00791	0.00981	0.00934	0.01134	0.00715	0.00700	0.01386	0.02101	0.02887	0.54433	0.06158	0.20527	0.01668	0.00915	0.00248	0.00372	0.01454	0.00824	0.00715
57	0.01108	0.00831	0.01246	0.01246	0.01385	0.00969	0.00969	0.01385	0.01246	0.01800	0.02077	0.03046	0.01938	0.05815	0.69678	0.01246	0.02077	0.00831	0.00415	0.00692
58	0.01456	0.01008	0.01788	0.07519	0.04026	0.01016	0.11629	0.01384	0.01218	0.01629	0.01390	0.02274	0.01288	0.02123	0.02410	0.55430	0.00818	0.00716	0.00348	0.00529
59	0.01795	0.07298	0.45356	0.02483	0.09358	0.01851	0.11012	0.02540	0.01714	0.07205	0.01524	0.01775	0.01100	0.00733	0.00753	0.00241	0.01093	0.00636	0.00387	0.01144
60	0.53075	0.01439	0.01362	0.01141	0.01661	0.01538	0.00941	0.02784	0.01622	0.25342	0.01746	0.01724	0.01203	0.00800	0.00581	0.00240	0.00620	0.00541	0.00641	0.01001
61	0.02947	0.02172	0.02327	0.01784	0.02404	0.02404	0.01474	0.65329	0.03646	0.04887	0.01862	0.01862	0.01319	0.00931	0.00776	0.00233	0.00853	0.00698	0.00776	0.01319
62	0.01616	0.01645	0.05527	0.46373	0.25578	0.01765	0.02258	0.02131	0.01624	0.02181	0.01405	0.02000	0.01095	0.00746	0.00771	0.00249	0.01002	0.00685	0.00357	0.00993
63	0.03150	0.01296	0.01726	0.01357	0.01907	0.01159	0.01109	0.03592	0.06855	0.57789	0.08942	0.02945	0.02444	0.01023	0.00793	0.00242	0.00630	0.00843	0.00938	0.01259
64	0.00943	0.00680	0.00894	0.01065	0.01121	0.00631	0.00713	0.01081	0.01499	0.01985	0.04456	0.68944	0.08311	0.02405	0.00986	0.00312	0.00447	0.02175	0.00720	0.00631
65	0.01216	0.00819	0.01074	0.00996	0.01199	0.00752	0.00752	0.01579	0.02196	0.06370	0.64289	0.05634	0.07047	0.01554	0.00908	0.00244	0.00380	0.01371	0.00859	0.00761
66	0.01670	0.01563	0.02650	0.37240	0.34149	0.01733	0.02195	0.02124	0.01627	0.02210	0.01414	0.02011	0.01137	0.00819	0.00869	0.03565	0.00966	0.00689	0.00362	0.01009
67	0.07349	0.01671	0.01921	0.04962	0.02226	0.05012	0.01269	0.21180	0.02513	0.36894	0.02475	0.05240	0.01732	0.00984	0.00766	0.00240	0.00759	0.00778	0.00810	0.01218
68	0.05564	0.04724	0.02780	0.29057	0.38455	0.01845	0.02173	0.02224	0.01655	0.02344	0.01393	0.01912	0.01126	0.00723	0.00744	0.00238	0.00943	0.00665	0.00372	0.01062
69	0.01696	0.01696	0.02375	0.02036	0.02036	0.02375	0.01696	0.01866	0.01187	0.01866	0.01018	0.01696	0.01018	0.01357	0.02545	0.00339	0.71332	0.00679	0.00339	0.00848
70	0.01666	0.01412	0.01639	0.01176	0.01862	0.01093	0.00943	0.04697	0.01696	0.02629	0.01399	0.01619	0.01156	0.00590	0.00583	0.00120	0.00586	0.00470	0.00473	0.74192
71	0.02038	0.63678	0.06457	0.01386	0.02048	0.02909	0.01379	0.02497	0.07699	0.01983	0.01286	0.01415	0.01124	0.00703	0.00535	0.00178	0.00822	0.00465	0.00375	0.01023
72	0.01347	0.00673	0.01010	0.01010	0.01010	0.00673	0.00673	0.01010	0.01010	0.01347	0.01347	0.02357	0.01347	0.02694	0.03030	0.77441	0.00673	0.00673	0.00337	0.00337
73	0.02489	0.06095	0.02500	0.08505	0.13397	0.04673	0.01641	0.38022	0.05061	0.03775	0.01703	0.01861	0.01276	0.00843	0.00746	0.00225	0.00877	0.00667	0.00617	0.05026
74	0.01673	0.01376	0.01614	0.01156	0.01842	0.01037	0.00926	0.02016	0.01629	0.04822	0.01437	0.01644	0.01175	0.00588	0.00581	0.00119	0.00577	0.00471	0.00477	0.74838
75	0.02824	0.08693	0.14585	0.01780	0.05279	0.01573	0.04299	0.06350	0.02085	0.41035	0.02369	0.02228	0.01566	0.00864	0.00750	0.00234	0.00815	0.00705	0.00724	0.01241
76	0.01791	0.02075	0.06340	0.09660	0.06899	0.01928	0.54500	0.02431	0.01795	0.02438	0.01540	0.02067	0.01159	0.00669	0.00890	0.00259	0.01260	0.00873	0.00385	0.01039
77	0.01044	0.00790	0.00963	0.00920	0.01126	0.00709	0.00690	0.01361	0.02070	0.02813	0.50062	0.06280	0.24944	0.01696	0.00915	0.00249	0.00374	0.01471	0.00814	0.00709
78	0.01730	0.13810	0.54531	0.02069	0.03090	0.07103	0.02543	0.02485	0.01671	0.02324	0.01332	0.01563	0.00985	0.00731	0.00700	0.00231	0.01120	0.00545	0.00333	0.01106
79	0.02720	0.04576	0.01969	0.05601	0.07377	0.01404	0.01281	0.06327	0.08225	0.39332	0.10378	0.02848	0.02428	0.00996	0.00783	0.00239	0.00680	0.00830	0.00813	0.01193
80	0.02294	0.02462	0.31111	0.01863	0.05637	0.01415	0.01909	0.02865	0.01917	0.29142	0.07358	0.04614	0.02001	0.00945	0.00778	0.00245	0.00856	0.00779	0.00639	0.01171
81	0.03479	0.01320	0.01799	0.01380	0.01979	0.01140	0.01140	0.03779	0.02219	0.68451	0.03059	0.02639	0.01919	0.00960	0.00780	0.00240	0.00660	0.00780	0.00960	0.01320
82	0.01509	0.01577	0.05884	0.47134	0.07567	0.01689	0.09829	0.02034	0.01649	0.02196	0.07628	0.02381	0.01650	0.00849	0.00859	0.00258	0.03227	0.00778	0.00399	0.00903
83	0.04244	0.01457	0.05250	0.08798	0.21001	0.01333	0.04254	0.02229	0.01874	0.13465	0.16343	0.08444	0.05753	0.01123	0.00821	0.00248	0.00728	0.01009	0.00617	0.01008
84	0.01760	0.12964	0.48186	0.02235	0.05194	0.01956	0.08782	0.02504	0.01681	0.05668	0.01452	0.01688	0.01058	0.00728	0.00725	0.00236	0.01088	0.00600	0.00368	0.01127
85	0.01128	0.00752	0.00846	0.00846	0.00846	0.00752	0.00470	0.01128	0.01128	0.01503	0.02443	0.05074	0.02819	0.72751	0.03946	0.00752	0.00752	0.01128	0.00470	0.00470
86	0.01627	0.03681	0.56845	0.02264	0.03300	0.04794	0.08500	0.02449	0.01686	0.02427	0.01519	0.01983	0.01155	0.00794	0.00766	0.00250	0.01153	0.03346	0.00354	0.01107
87	0.05865	0.16244	0.14327	0.04820	0.13539	0.01943	0.08648	0.06069	0.01848	0.11121	0.04440	0.02024	0.01488	0.00965	0.03190	0.00263	0.00952	0.00674	0.00487	0.01092
88	0.05688	0.01409	0.01805	0.01397	0.01970	0.01302	0.01144	0.11385	0.02325	0.55550	0.02819	0.02600	0.01847	0.03970	0.00903	0.00261	0.00686	0.00773	0.00901	0.01268
89	0.31969	0.01469	0.01597	0.01280	0.01836	0.01488	0.01057	0.09008	0.02010	0.37652	0.02190	0.02039	0.01450	0.00865	0.00665	0.00239	0.00655	0.00635	0.00759	0.01136
90	0.01503	0.01450	0.02575	0.58215	0.04976	0.01713	0.10609	0.02030	0.01600	0.02066	0.01543	0.02411	0.01228	0.00828	0.00809	0.00264	0.01054	0.03879	0.00370	0.00879
91	0.02626	0.04817	0.02596	0.04867	0.28352	0.06746	0.04447	0.03002	0.01974	0.29639	0.02085	0.02160	0.01478	0.00810	0.00762	0.00231	0.00865	0.00711	0.00620	0.01212
92	0.01128	0.00752	0.00846	0.00846	0.00846	0.00752	0.00470	0.01128	0.01128	0.01503	0.02443	0.05074	0.02819	0.72751	0.03946	0.00752	0.00752	0.01128	0.00470	0.00470
93	0.01249	0.00892	0.01249	0.01428	0.01606	0.00892	0.01249	0.01606	0.01785	0.02320	0.04105	0.08746	0.04462	0.02142	0.01071	0.00357	0.00714	0.62695	0.00714	0.00714
94	0.01603	0.06336	0.54785	0.02058	0.03056	0.01727	0.04696	0.02394	0.01717	0.04681	0.08155	0.02092	0.01664	0.00824	0.00753	0.00243	0.01043	0.00669	0.00404	0.01100
95	0.11473	0.10350	0.50673	0.02021	0.03017	0.01924	0.05424	0.02421	0.01599	0.02527	0.01329	0.01572	0.00974	0.00723	0.00689	0.00238	0.01052	0.00554	0.00350	0.01087
96	0.01929	0.01666	0.01753	0.01578	0.02016	0.01929	0.01227	0.04120	0.66513	0.03243	0.03156	0.02893	0.02367	0.01052	0.00789	0.00263	0.00614	0.00877	0.00789	0.01227
97	0.01009	0.00780	0.01145	0.01207	0.01317	0.00724	0.04998	0.01192	0.01552	0.02068	0.07058	0.61549	0.07943	0.02251	0.00978	0.00306	0.00500	0.02056	0.00704	0.00663
98	0.01846	0.01870	0.05691	0.13155	0.57264	0.01825	0.02370	0.02331	0.01733	0.02459	0.01445	0.01927	0.01193	0.00704	0.00767	0.00235	0.00945	0.00686	0.00376	0.01178
99	0.01016	0.00766	0.01117	0.01221	0.01315	0.00720	0.04025	0.01197	0.01529	0.02035	0.04122	0.63066	0.04869	0.02314	0.00993	0.00316	0.00517	0.07501	0.00703	0.00658
100	0.69944	0.01420	0.01113	0.01002	0.01450	0.01630	0.00818	0.02209	0.01385	0.03428	0.04940	0.01601	0.01267	0.00778	0.00508	0.00237	0.00574	0.00491	0.04377	0.00828
101	0.04990	0.01963	0.08181	0.21755	0.09701	0.01862	0.31381	0.02419	0.05399	0.02433	0.01563	0.02047	0.01181	0.00722	0.00825	0.00256	0.01117	0.00785	0.00400	0.01020
102	0.02096	0.05486	0.09883	0.17962	0.15250	0.04638	0.13004	0.10908	0.02018	0.08871	0.01629	0.01959	0.01207	0.00769	0.00778	0.00241	0.01018	0.00706	0.00476	0.01102
103	0.01565	0.02783	0.39685	0.02095	0.04850	0.01513	0.07457	0.02235	0.01698	0.05331	0.02247	0.09075	0.02066	0.01151	0.00840	0.00273	0.00989	0.12656	0.00470	0.01021
104	0.01484	0.01398	0.02361	0.68043	0.08031	0.01728	0.02163	0.01998	0.01560	0.02005	0.01382	0.02061	0.01042	0.00772	0.00775	0.00257	0.01029	0.00689	0.00346	0.00877
105	0.01676	0.01419	0.01644	0.01181	0.01866	0.01103	0.00947	0.05181	0.01712	0.02647	0.01403	0.01621	0.01157	0.00592	0.00584	0.00121	0.00588	0.00472	0.00475	0.73610
106	0.26737	0.15602	0.04741	0.04745	0.07860	0.22073	0.01409	0.04542	0.01761	0.02566	0.01196	0.01422	0.00978	0.00740	0.00604	0.00214	0.00953	0.00492	0.00418	0.00947
107	0.78228	0.01499	0.01140	0.01020	0.01499	0.01739	0.00840	0.02279	0.01320	0.03479	0.01080	0.01260	0.00840	0.00720	0.00480	0.00240	0.00600	0.00420	0.00480	0.00840
108	0.00969	0.00692	0.00927	0.01107	0.01162	0.00650	0.00761	0.01121	0.01508	0.02006	0.04260	0.67252	0.05076	0.02407	0.00996	0.00318	0.00471	0.06961	0.00719	0.00636
109	0.01347	0.00673	0.01010	0.01010	0.01010	0.00673	0.00673	0.01010	0.01010	0.01347	0.01347	0.02357	0.01347	0.02694	0.03030	0.77441	0.00673	0.00673	0.00337	0.00337
110	0.78228	0.01499	0.01140	0.01020	0.01499	0.01739	0.00840	0.02279	0.01320	0.03479	0.01080	0.01260	0.00840	0.00720	0.00480	0.00240	0.00600	0.00420	0.00480	0.00840
111	0.01124	0.00767	0.00923	0.00923	0.00949	0.00793	0.00566	0.01177	0.01150	0.01560	0.02373	0.04684	0.02650	0.59892	0.16574	0.00847	0.01006	0.01071	0.00459	0.00513
112	0.01108	0.00831	0.01246	0.01246	0.01385	0.00969	0.00969	0.01385	0.01246	0.01800	0.02077	0.03046	0.01938	0.05815	0.69678	0.01246	0.02077	0.00831	0.00415	0.00692
113	0.78228	0.01499	0.01140	0.01020	0.01499	0.01739	0.00840	0.02279	0.01320	0.03479	0.01080	0.01260	0.00840	0.00720	0.00480	0.00240	0.00600	0.00420	0.00480	0.00840
114	0.01128	0.00752	0.00846	0.00846	0.00846	0.00752	0.00470	0.01128	0.01128	0.01503	0.02443	0.05074	0.02819	0.72751	0.03946	0.00752	0.00752	0.01128	0.00470	0.00470
115	0.01608	0.01378	0.01608	0.01148	0.01837	0.01034	0.00919	0.01952	0.01608	0.02527	0.01378	0.01608	0.01148	0.00574	0.00574	0.00115	0.00574	0.00459	0.00459	0.77491
116	0.02458	0.02309	0.01717	0.01506	0.01886	0.30750	0.01161	0.14544	0.02286	0.06114	0.01855	0.02039	0.01431	0.00866	0.00666	0.00202	0.00916	0.00625	0.25728	0.00942
117	0.01445	0.00723	0.00723	0.00723	0.00903	0.00723	0.00542	0.01807	0.01626	0.02891	0.02529	0.02891	0.01987	0.00903	0.00542	0.00181	0.00361	0.00723	0.77055	0.00723
118	0.01108	0.00831	0.01246	0.01246	0.01385	0.00969	0.00969	0.01385	0.01246	0.01800	0.02077	0.03046	0.01938	0.05815	0.69678	0.01246	0.02077	0.00831	0.00415	0.00692
119	0.02896	0.03695	0.02197	0.01998	0.02397	0.69638	0.01498	0.03096	0.02197	0.01898	0.01199	0.01398	0.00999	0.00799	0.00699	0.00200	0.01398	0.00499	0.00400	0.00899
120	0.01466	0.01338	0.01565	0.01459	0.01682	0.10549	0.03763	0.04493	0.01508	0.01979	0.01925	0.02726	0.01749	0.04690	0.54222	0.01016	0.01897	0.00783	0.00428	0.00763

[dist]
# distance from previous block
# <min> <max>
2	5

[block]
# block no. 3 follows, 25 sequences, length 17
# corresponding to MSA columns:
# 314-330
name=unknown_D
#
# <colnr> <probs for GDERKNQSTAVLIFYWHMCP>
#	G	D	E	R	K	N	Q	S	T	A	V	L	I	F	Y	W	H	M	C	P
0	0.02489	0.02226	0.02130	0.01927	0.06744	0.14550	0.01433	0.29210	0.21296	0.03584	0.02334	0.02310	0.04309	0.00968	0.00771	0.00236	0.00870	0.00751	0.00681	0.01181
1	0.07504	0.01767	0.09290	0.03523	0.02194	0.01584	0.03601	0.09028	0.20187	0.16056	0.05059	0.02869	0.07194	0.01178	0.03067	0.00279	0.00763	0.00835	0.00696	0.03325
2	0.05251	0.02971	0.02102	0.01879	0.02260	0.44769	0.01443	0.06267	0.13997	0.02349	0.01571	0.01722	0.01263	0.00904	0.00893	0.00228	0.08077	0.00594	0.00487	0.00973
3	0.01108	0.00831	0.01246	0.01246	0.01385	0.00969	0.00969	0.01385	0.01246	0.01800	0.02077	0.03046	0.01938	0.05815	0.69678	0.01246	0.02077	0.00831	0.00415	0.00692
4	0.02051	0.01726	0.01822	0.01603	0.02063	0.01986	0.01257	0.11450	0.58985	0.03440	0.03001	0.02769	0.02241	0.01037	0.00787	0.00259	0.00642	0.00855	0.00787	0.01238
5	0.78228	0.01499	0.01140	0.01020	0.01499	0.01739	0.00840	0.02279	0.01320	0.03479	0.01080	0.01260	0.00840	0.00720	0.00480	0.00240	0.00600	0.00420	0.00480	0.00840
6	0.01557	0.03634	0.58806	0.02302	0.06195	0.01747	0.05579	0.02395	0.01685	0.02499	0.05302	0.01916	0.01376	0.00781	0.00757	0.00245	0.01097	0.00643	0.00364	0.01121
7	0.01445	0.00723	0.00723	0.00723	0.00903	0.00723	0.00542	0.01807	0.01626	0.02891	0.02529	0.02891	0.01987	0.00903	0.00542	0.00181	0.00361	0.00723	0.77055	0.00723
8	0.01608	0.01378	0.01608	0.01148	0.01837	0.01034	0.00919	0.01952	0.01608	0.02527	0.01378	0.01608	0.01148	0.00574	0.00574	0.00115	0.00574	0.00459	0.00459	0.77491
9	0.02275	0.07420	0.06572	0.01613	0.02288	0.01486	0.09278	0.02859	0.08339	0.22724	0.02072	0.02086	0.01487	0.00768	0.00706	0.00199	0.00754	0.00661	0.00618	0.25794
10	0.01280	0.06011	0.05344	0.01182	0.01472	0.00987	0.03251	0.01601	0.01883	0.05855	0.31079	0.21740	0.12024	0.01658	0.00888	0.00259	0.00517	0.01462	0.00727	0.00781
11	0.01682	0.07638	0.61780	0.02119	0.03211	0.01836	0.02693	0.02516	0.01664	0.05808	0.01460	0.01667	0.01031	0.00744	0.00726	0.00241	0.01104	0.00575	0.00360	0.01147
12	0.01287	0.00989	0.01320	0.04911	0.05843	0.00986	0.01066	0.06536	0.01908	0.02541	0.15476	0.24360	0.12170	0.01841	0.00944	0.00290	0.00580	0.15470	0.00706	0.00775
13	0.01977	0.01858	0.03072	0.07512	0.48589	0.01902	0.08062	0.07913	0.06379	0.02752	0.01616	0.02005	0.01300	0.00737	0.00784	0.00237	0.00936	0.00725	0.00444	0.01200
14	0.01464	0.01378	0.02326	0.70887	0.05340	0.01723	0.02153	0.01981	0.01550	0.01981	0.01378	0.02067	0.01034	0.00775	0.00775	0.00258	0.01034	0.00689	0.00345	0.00861
15	0.02896	0.03695	0.02197	0.01998	0.02397	0.69638	0.01498	0.03096	0.02197	0.01898	0.01199	0.01398	0.00999	0.00799	0.00699	0.00200	0.01398	0.00499	0.00400	0.00899
16	0.02314	0.53039	0.03532	0.01507	0.02108	0.17970	0.01375	0.06549	0.01848	0.02038	0.01155	0.01318	0.01017	0.00711	0.00561	0.00178	0.00958	0.00452	0.00375	0.00994

[dist]
# distance from previous block
# <min> <max>
0	1

[block]
# block no. 4 follows, 25 sequences, length 43
# corresponding to MSA columns:
# 332-374
name=unknown_E
#
# <colnr> <probs for GDERKNQSTAVLIFYWHMCP>
#	G	D	E	R	K	N	Q	S	T	A	V	L	I	F	Y	W	H	M	C	P
0	0.06358	0.04984	0.17248	0.05987	0.18310	0.01818	0.18719	0.02399	0.01718	0.05710	0.01674	0.02329	0.01364	0.00825	0.00846	0.00253	0.03126	0.04834	0.00425	0.01073
1	0.00945	0.00675	0.00900	0.01080	0.01125	0.00630	0.00720	0.01080	0.01484	0.01979	0.04274	0.72245	0.05128	0.02429	0.00990	0.00315	0.00450	0.02204	0.00720	0.00630
2	0.04526	0.01170	0.01386	0.03758	0.01617	0.01213	0.00940	0.13773	0.04805	0.11076	0.04686	0.17281	0.02866	0.21216	0.01768	0.02733	0.00682	0.02994	0.00665	0.00843
3	0.01347	0.00673	0.01010	0.01010	0.01010	0.00673	0.00673	0.01010	0.01010	0.01347	0.01347	0.02357	0.01347	0.02694	0.03030	0.77441	0.00673	0.00673	0.00337	0.00337
4	0.00977	0.00698	0.00936	0.01116	0.01175	0.00657	0.00775	0.01135	0.01516	0.02015	0.04256	0.65593	0.05058	0.02399	0.00998	0.00319	0.00478	0.08541	0.00719	0.00639
5	0.01347	0.00673	0.01010	0.01010	0.01010	0.00673	0.00673	0.01010	0.01010	0.01347	0.01347	0.02357	0.01347	0.02694	0.03030	0.77441	0.00673	0.00673	0.00337	0.00337
6	0.02857	0.03485	0.02250	0.02102	0.05313	0.60992	0.01535	0.08275	0.02299	0.02176	0.01266	0.01460	0.01036	0.00805	0.00709	0.00204	0.01331	0.00525	0.00430	0.00949
7	0.01985	0.01093	0.01382	0.01181	0.01539	0.01033	0.00928	0.05088	0.08037	0.23559	0.36018	0.04459	0.07767	0.01332	0.00855	0.00245	0.00502	0.01142	0.00871	0.00981
8	0.02947	0.02172	0.02327	0.01784	0.02404	0.02404	0.01474	0.65329	0.03646	0.04887	0.01862	0.01862	0.01319	0.00931	0.00776	0.00233	0.00853	0.00698	0.00776	0.01319
9	0.02745	0.02071	0.02213	0.01743	0.02327	0.02310	0.01425	0.53187	0.16117	0.04561	0.02118	0.02066	0.01527	0.00955	0.00778	0.00239	0.00806	0.00733	0.00778	0.01300
10	0.03479	0.01320	0.01799	0.01380	0.01979	0.01140	0.01140	0.03779	0.02219	0.68451	0.03059	0.02639	0.01919	0.00960	0.00780	0.00240	0.00660	0.00780	0.00960	0.01320
11	0.00945	0.00675	0.00900	0.01080	0.01125	0.00630	0.00720	0.01080	0.01484	0.01979	0.04274	0.72245	0.05128	0.02429	0.00990	0.00315	0.00450	0.02204	0.00720	0.00630
12	0.01110	0.00823	0.01209	0.01209	0.01334	0.00949	0.00922	0.01360	0.01235	0.01772	0.02111	0.03236	0.02021	0.12096	0.63510	0.01200	0.01953	0.00859	0.00420	0.00671
13	0.01608	0.01378	0.01608	0.01148	0.01837	0.01034	0.00919	0.01952	0.01608	0.02527	0.01378	0.01608	0.01148	0.00574	0.00574	0.00115	0.00574	0.00459	0.00459	0.77491
14	0.02042	0.69109	0.07902	0.01379	0.02071	0.02993	0.01418	0.02330	0.01579	0.01862	0.01097	0.01267	0.00994	0.00668	0.00512	0.00171	0.00848	0.00424	0.00331	0.01004
15	0.00918	0.00780	0.00791	0.00799	0.01051	0.00653	0.00595	0.01111	0.01754	0.02089	0.07687	0.10490	0.64679	0.01985	0.00920	0.00264	0.00395	0.01663	0.00720	0.00653
16	0.01108	0.00831	0.01246	0.01246	0.01385	0.00969	0.00969	0.01385	0.01246	0.01800	0.02077	0.03046	0.01938	0.05815	0.69678	0.01246	0.02077	0.00831	0.00415	0.00692
17	0.00945	0.00675	0.00900	0.01080	0.01125	0.00630	0.00720	0.01080	0.01484	0.01979	0.04274	0.72245	0.05128	0.02429	0.00990	0.00315	0.00450	0.02204	0.00720	0.00630
18	0.08765	0.26697	0.09888	0.01609	0.02288	0.02513	0.01518	0.31766	0.02528	0.03460	0.01477	0.01576	0.01132	0.00801	0.00651	0.00212	0.00855	0.00564	0.00551	0.01149
19	0.01046	0.00801	0.01117	0.01196	0.01313	0.00763	0.03635	0.01318	0.04427	0.02132	0.07356	0.57416	0.07617	0.02216	0.00974	0.00306	0.00499	0.04468	0.00715	0.00684
20	0.13257	0.07924	0.24116	0.01834	0.02559	0.04810	0.08198	0.08687	0.01858	0.09471	0.01660	0.02052	0.01279	0.00940	0.00856	0.04823	0.00944	0.03209	0.00486	0.01037
21	0.01057	0.00788	0.01140	0.01257	0.01366	0.00750	0.03550	0.01268	0.01573	0.02084	0.04119	0.53719	0.04799	0.02284	0.01006	0.00323	0.00551	0.16995	0.00705	0.00668
22	0.01529	0.01478	0.02573	0.58831	0.08353	0.01774	0.07836	0.02043	0.01574	0.02051	0.01386	0.02048	0.01056	0.00781	0.00852	0.00260	0.03617	0.00709	0.00351	0.00897
23	0.49409	0.13563	0.01873	0.04369	0.01907	0.05063	0.01088	0.10159	0.01701	0.03242	0.01195	0.01375	0.00941	0.00743	0.00543	0.00226	0.00725	0.00469	0.00482	0.00929
24	0.01171	0.00977	0.01430	0.17597	0.02233	0.01114	0.01181	0.01414	0.01505	0.02033	0.06987	0.42789	0.03775	0.01853	0.01132	0.00300	0.09590	0.01606	0.00591	0.00718
25	0.37514	0.13137	0.05588	0.01419	0.01943	0.08020	0.01250	0.12699	0.01825	0.03137	0.01230	0.01421	0.00978	0.00802	0.00721	0.00232	0.06141	0.00499	0.00480	0.00965
26	0.07822	0.09159	0.05987	0.28997	0.07556	0.04571	0.14148	0.02320	0.04651	0.02287	0.01426	0.01891	0.01111	0.00769	0.00826	0.00247	0.04203	0.00679	0.00387	0.00962
27	0.04814	0.21903	0.38875	0.01785	0.02675	0.02017	0.02100	0.02497	0.01694	0.08988	0.04709	0.01822	0.01385	0.00781	0.00676	0.00223	0.00953	0.00586	0.00424	0.01091
28	0.01036	0.00790	0.00951	0.00911	0.01120	0.00705	0.00683	0.01344	0.02049	0.02763	0.47155	0.06362	0.27882	0.01714	0.00915	0.00250	0.00375	0.01482	0.00808	0.00705
29	0.01144	0.00898	0.01322	0.07924	0.01759	0.00897	0.04653	0.04139	0.01644	0.02198	0.07014	0.54823	0.04448	0.02056	0.00951	0.00299	0.00570	0.01875	0.00674	0.00712
30	0.01062	0.00834	0.01241	0.11586	0.01846	0.00846	0.03205	0.01266	0.01491	0.01976	0.03663	0.56275	0.04273	0.05248	0.01086	0.00324	0.00581	0.01884	0.00641	0.00672
31	0.01109	0.00827	0.01225	0.01225	0.01356	0.00958	0.00943	0.01371	0.01240	0.01784	0.02096	0.03154	0.01985	0.09391	0.66166	0.01220	0.02006	0.00847	0.00418	0.00680
32	0.02330	0.01597	0.01780	0.01493	0.01965	0.01732	0.01190	0.18680	0.30566	0.14609	0.09687	0.02908	0.02548	0.01057	0.00787	0.00246	0.00643	0.00866	0.04126	0.01190
33	0.01651	0.01660	0.02413	0.27333	0.03342	0.05354	0.05115	0.01979	0.01406	0.01939	0.01234	0.01898	0.01072	0.01276	0.04680	0.00339	0.35406	0.00693	0.00350	0.00859
34	0.01600	0.01554	0.02190	0.01906	0.01929	0.02144	0.01577	0.01787	0.01197	0.01855	0.01192	0.01918	0.01169	0.02089	0.13563	0.00488	0.59965	0.00704	0.00352	0.00823
