[name]
unknown

[dist]
# distance from previous block
# <min> <max>
0	43

[block]
# block no. 0 follows, 24 sequences, length 24
# corresponding to MSA columns:
# 43-66
name=unknown_A
#
# <colnr> <probs for GDERKNQSTAVLIFYWHMCP>
#	G	D	E	R	K	N	Q	S	T	A	V	L	I	F	Y	W	H	M	C	P
0	0.01278	0.00913	0.01278	0.01460	0.01643	0.00913	0.01278	0.01643	0.01825	0.02373	0.04199	0.08945	0.04564	0.02191	0.01095	0.00365	0.00730	0.61847	0.00730	0.00730
1	0.02496	0.12156	0.19945	0.02018	0.02662	0.43199	0.01882	0.02897	0.02018	0.02083	0.01263	0.01476	0.01016	0.00784	0.00700	0.00213	0.01291	0.00520	0.00381	0.00998
2	0.01806	0.01385	0.01782	0.01670	0.10314	0.01176	0.01140	0.02154	0.01699	0.08214	0.01807	0.05511	0.01531	0.00792	0.00723	0.00168	0.03127	0.00652	0.06840	0.47507
3	0.01376	0.00922	0.01160	0.01126	0.01367	0.00839	0.00853	0.03173	0.01879	0.07927	0.19333	0.22855	0.12293	0.05456	0.01092	0.00300	0.00523	0.09400	0.00754	0.07373
4	0.01022	0.00774	0.00881	0.00901	0.01078	0.00686	0.00640	0.01174	0.01701	0.02149	0.14443	0.16643	0.38243	0.08174	0.01397	0.06694	0.00463	0.01604	0.00700	0.00633
5	0.01498	0.01409	0.02378	0.70226	0.05462	0.01762	0.02202	0.02026	0.01586	0.02026	0.01409	0.02114	0.01057	0.00793	0.00793	0.00264	0.01057	0.00705	0.00352	0.00881
6	0.11492	0.01482	0.02320	0.53038	0.04628	0.01827	0.04591	0.02078	0.01538	0.02238	0.01349	0.01978	0.01036	0.00827	0.00901	0.00268	0.06475	0.00678	0.00372	0.00885
7	0.05935	0.01566	0.02403	0.48569	0.13255	0.01851	0.02059	0.07855	0.04333	0.02508	0.01520	0.02062	0.01154	0.00804	0.00776	0.00257	0.00983	0.00698	0.00423	0.00988
8	0.01101	0.00844	0.01026	0.01103	0.01271	0.00807	0.00814	0.01487	0.07063	0.02353	0.13289	0.34332	0.20058	0.02104	0.00977	0.00300	0.00481	0.09103	0.00759	0.00725
9	0.01644	0.01409	0.01644	0.01175	0.01879	0.01057	0.00940	0.01997	0.01644	0.02584	0.01409	0.01644	0.01175	0.00587	0.00587	0.00117	0.00587	0.00470	0.00470	0.76979
10	0.02517	0.01447	0.02013	0.04234	0.02265	0.01282	0.06607	0.06084	0.03687	0.30796	0.02444	0.07005	0.01833	0.00934	0.00762	0.00216	0.00716	0.00807	0.00724	0.23625
11	0.02505	0.01737	0.01915	0.05058	0.02167	0.01898	0.01260	0.41496	0.02946	0.06632	0.02108	0.02423	0.01618	0.06860	0.01017	0.00273	0.00768	0.00758	0.15427	0.01134
12	0.01129	0.00813	0.01076	0.01067	0.01242	0.00761	0.00816	0.01482	0.02127	0.02974	0.53180	0.12017	0.06907	0.01770	0.00963	0.00271	0.00428	0.09398	0.00842	0.00737
13	0.01616	0.01754	0.07294	0.47887	0.13595	0.01816	0.10397	0.02182	0.01659	0.02204	0.01447	0.02067	0.01100	0.00762	0.00808	0.00260	0.01086	0.00727	0.00363	0.00977
14	0.02511	0.02085	0.02186	0.06291	0.05199	0.07946	0.01492	0.34778	0.18165	0.03881	0.02243	0.05777	0.01759	0.01030	0.00801	0.00248	0.00855	0.00820	0.00715	0.01218
15	0.01005	0.00717	0.00898	0.01025	0.01080	0.00674	0.00668	0.01118	0.01463	0.01927	0.04275	0.51408	0.10069	0.17809	0.01673	0.00416	0.00523	0.01961	0.00680	0.00610
16	0.01007	0.00719	0.00967	0.01151	0.01215	0.00679	0.00807	0.01175	0.01558	0.02070	0.04348	0.63426	0.05156	0.02446	0.01023	0.00328	0.00495	0.10040	0.00735	0.00655
17	0.01779	0.01520	0.01621	0.01495	0.01898	0.01714	0.01172	0.03598	0.52081	0.03085	0.03936	0.04067	0.11018	0.01290	0.00848	0.00277	0.00607	0.06068	0.00791	0.01135
18	0.02178	0.67890	0.04025	0.01404	0.02064	0.07649	0.01369	0.02429	0.01655	0.01871	0.01111	0.01283	0.01018	0.00688	0.00523	0.00172	0.00888	0.00430	0.00344	0.01011
19	0.01128	0.00887	0.00986	0.00978	0.01220	0.00810	0.00751	0.04562	0.01909	0.02400	0.13719	0.08922	0.42123	0.06751	0.01165	0.00313	0.00493	0.09437	0.00737	0.00709
20	0.23461	0.06723	0.06723	0.01470	0.02050	0.01942	0.01289	0.16437	0.14842	0.11006	0.02277	0.02236	0.04452	0.00935	0.00696	0.00245	0.00727	0.00695	0.00666	0.01127
21	0.01751	0.01384	0.01628	0.01211	0.01853	0.01093	0.00961	0.04888	0.01762	0.06055	0.01768	0.07531	0.01562	0.00782	0.00643	0.00147	0.00594	0.00647	0.00534	0.63207
22	0.01856	0.02095	0.11519	0.18691	0.39859	0.01883	0.04823	0.05206	0.01831	0.02565	0.01488	0.01962	0.01182	0.00741	0.00789	0.00245	0.01010	0.00700	0.00395	0.01160
23	0.07452	0.06070	0.36880	0.02633	0.14407	0.10537	0.06149	0.02565	0.01757	0.02505	0.01385	0.01678	0.01053	0.00744	0.00736	0.00240	0.01121	0.00601	0.00370	0.01119

[dist]
# distance from previous block
# <min> <max>
22	32

[block]
# block no. 1 follows, 24 sequences, length 10
# corresponding to MSA columns:
# 103-112
name=unknown_B
#
# <colnr> <probs for GDERKNQSTAVLIFYWHMCP>
#	G	D	E	R	K	N	Q	S	T	A	V	L	I	F	Y	W	H	M	C	P
0	0.15086	0.05455	0.38169	0.06102	0.10135	0.01904	0.02298	0.04867	0.04144	0.02780	0.01450	0.01707	0.01077	0.00765	0.00708	0.00246	0.00999	0.00590	0.00405	0.01114
1	0.01988	0.09110	0.43937	0.02147	0.06474	0.01858	0.02373	0.02833	0.06586	0.12596	0.01799	0.01911	0.01274	0.00804	0.00745	0.00244	0.01015	0.00635	0.00474	0.01197
2	0.01121	0.04290	0.01082	0.01017	0.01087	0.00844	0.00671	0.01226	0.01395	0.01864	0.06830	0.32470	0.03984	0.32323	0.05776	0.00551	0.00692	0.01574	0.00599	0.00602
3	0.00960	0.00713	0.00897	0.01044	0.01134	0.00649	0.00710	0.01111	0.01576	0.02048	0.05099	0.58883	0.17505	0.02390	0.00997	0.00311	0.00448	0.02139	0.00736	0.00649
4	0.02234	0.01822	0.05518	0.05191	0.02353	0.01883	0.01441	0.16209	0.34358	0.09702	0.02838	0.03130	0.02197	0.01107	0.00825	0.00268	0.00744	0.06201	0.00765	0.01213
5	0.01670	0.01490	0.01980	0.01415	0.02130	0.01162	0.07956	0.02057	0.01670	0.02579	0.01431	0.01699	0.01178	0.00596	0.00626	0.00134	0.00670	0.00521	0.00462	0.68573
6	0.03414	0.01448	0.01885	0.01460	0.02065	0.01328	0.01201	0.09240	0.06241	0.58299	0.03026	0.02645	0.01936	0.00985	0.00798	0.00246	0.00689	0.00796	0.00954	0.01344
7	0.11764	0.04468	0.02407	0.05076	0.25805	0.04387	0.01687	0.13000	0.06327	0.08818	0.05494	0.02350	0.01767	0.00893	0.00755	0.00241	0.00827	0.02196	0.00583	0.01154
8	0.12217	0.02040	0.11315	0.04341	0.02321	0.03771	0.01470	0.11006	0.23402	0.11743	0.02672	0.02595	0.05710	0.00995	0.00759	0.00254	0.00768	0.00783	0.00684	0.01154
9	0.01904	0.11607	0.07740	0.07676	0.07642	0.05700	0.10564	0.06253	0.09224	0.02584	0.02022	0.02257	0.05026	0.00857	0.00805	0.00225	0.03312	0.00725	0.02210	0.11667

[dist]
# distance from previous block
# <min> <max>
1	12

[block]
# block no. 2 follows, 24 sequences, length 76
# corresponding to MSA columns:
# 125-200
name=unknown_C
#
# <colnr> <probs for GDERKNQSTAVLIFYWHMCP>
#	G	D	E	R	K	N	Q	S	T	A	V	L	I	F	Y	W	H	M	C	P
0	0.07759	0.01503	0.02005	0.12518	0.11459	0.01555	0.01493	0.11892	0.04282	0.16909	0.05880	0.03183	0.04002	0.01060	0.00803	0.00253	0.00771	0.06904	0.00668	0.05100
1	0.04561	0.01740	0.02584	0.20625	0.05890	0.01854	0.12098	0.18806	0.04385	0.09656	0.01924	0.05030	0.01479	0.00898	0.00807	0.00249	0.00934	0.00806	0.00583	0.05090
2	0.06037	0.05565	0.02026	0.05877	0.02267	0.08101	0.01326	0.26023	0.06601	0.09882	0.02707	0.07861	0.06908	0.01172	0.00800	0.00251	0.00813	0.03985	0.00699	0.01097
3	0.05034	0.01536	0.02368	0.21420	0.15323	0.01584	0.04904	0.02984	0.06075	0.27387	0.02199	0.02337	0.01530	0.00859	0.00791	0.00251	0.00861	0.00755	0.00637	0.01164
4	0.01306	0.00944	0.01176	0.01072	0.01371	0.00814	0.00816	0.01616	0.01940	0.05765	0.30880	0.15416	0.12175	0.01588	0.00879	0.00242	0.00467	0.04530	0.00752	0.16252
5	0.01478	0.00739	0.00739	0.00739	0.00924	0.00739	0.00554	0.01848	0.01663	0.02956	0.02587	0.02956	0.02033	0.00924	0.00554	0.00185	0.00370	0.00739	0.76534	0.00739
6	0.35072	0.01221	0.01245	0.01268	0.01599	0.01340	0.01074	0.02063	0.04644	0.02968	0.04868	0.05180	0.02923	0.01477	0.00809	0.00304	0.00662	0.29837	0.00633	0.00812
7	0.00988	0.00712	0.00927	0.01090	0.01155	0.00665	0.00741	0.01135	0.01535	0.02026	0.04519	0.61196	0.09219	0.05723	0.01154	0.00342	0.00484	0.05025	0.00724	0.00642
8	0.01478	0.00739	0.00739	0.00739	0.00924	0.00739	0.00554	0.01848	0.01663	0.02956	0.02587	0.02956	0.02033	0.00924	0.00554	0.00185	0.00370	0.00739	0.76534	0.00739
9	0.01507	0.01534	0.06138	0.02792	0.28998	0.04124	0.01618	0.01836	0.01679	0.02288	0.02848	0.35108	0.03131	0.01561	0.00888	0.00276	0.00747	0.01428	0.00553	0.00945
10	0.02126	0.01507	0.01769	0.10423	0.05634	0.01647	0.01266	0.28026	0.02528	0.03636	0.02303	0.02538	0.04099	0.00949	0.00712	0.00223	0.00700	0.00759	0.28120	0.01036
11	0.02077	0.02277	0.06419	0.07729	0.50299	0.12532	0.02304	0.02533	0.01857	0.02453	0.01441	0.01871	0.01195	0.00731	0.00773	0.00233	0.01038	0.00669	0.00390	0.01178
12	0.01789	0.01462	0.01696	0.01234	0.01922	0.01171	0.00989	0.05492	0.04257	0.04735	0.01559	0.01741	0.01256	0.00638	0.00613	0.00134	0.00607	0.00509	0.00516	0.67681
13	0.02704	0.01836	0.02168	0.01692	0.02254	0.01944	0.04331	0.40925	0.03010	0.13264	0.02223	0.05793	0.01696	0.01263	0.04265	0.00291	0.00872	0.00817	0.04828	0.03824
14	0.01783	0.01433	0.01584	0.15295	0.02319	0.09760	0.04149	0.06402	0.01861	0.02722	0.02065	0.02485	0.01617	0.01041	0.02946	0.00248	0.00784	0.00715	0.39943	0.00848
15	0.01133	0.00850	0.01274	0.01274	0.01416	0.00991	0.00991	0.01416	0.01274	0.01841	0.02124	0.03115	0.01982	0.05947	0.68989	0.01274	0.02124	0.00850	0.00425	0.00708
16	0.02042	0.01738	0.01832	0.01628	0.02089	0.02005	0.01272	0.08246	0.61606	0.03430	0.03139	0.02888	0.02349	0.01068	0.00806	0.00267	0.00644	0.00884	0.00806	0.01261
17	0.01478	0.00739	0.00739	0.00739	0.00924	0.00739	0.00554	0.01848	0.01663	0.02956	0.02587	0.02956	0.02033	0.00924	0.00554	0.00185	0.00370	0.00739	0.76534	0.00739
18	0.01644	0.01409	0.01644	0.01175	0.01879	0.01057	0.00940	0.01997	0.01644	0.02584	0.01409	0.01644	0.01175	0.00587	0.00587	0.00117	0.00587	0.00470	0.00470	0.76979
19	0.01498	0.01409	0.02378	0.70226	0.05462	0.01762	0.02202	0.02026	0.01586	0.02026	0.01409	0.02114	0.01057	0.00793	0.00793	0.00264	0.01057	0.00705	0.00352	0.00881
20	0.01478	0.00739	0.00739	0.00739	0.00924	0.00739	0.00554	0.01848	0.01663	0.02956	0.02587	0.02956	0.02033	0.00924	0.00554	0.00185	0.00370	0.00739	0.76534	0.00739
21	0.02962	0.03779	0.02247	0.02043	0.02451	0.68948	0.01532	0.03166	0.02247	0.01941	0.01226	0.01430	0.01021	0.00817	0.00715	0.00204	0.01430	0.00511	0.00409	0.00919
22	0.01103	0.00882	0.01220	0.01184	0.01379	0.00820	0.04982	0.01435	0.04286	0.02450	0.22035	0.33358	0.17898	0.01975	0.00963	0.00285	0.00490	0.01771	0.00754	0.00730
23	0.01695	0.01616	0.02450	0.01864	0.02387	0.01589	0.14273	0.02069	0.01593	0.02395	0.01500	0.02141	0.01320	0.00886	0.01188	0.00218	0.18251	0.03747	0.00438	0.38378
24	0.01133	0.00850	0.01274	0.01274	0.01416	0.00991	0.00991	0.01416	0.01274	0.01841	0.02124	0.03115	0.01982	0.05947	0.68989	0.01274	0.02124	0.00850	0.00425	0.00708
25	0.01478	0.00739	0.00739	0.00739	0.00924	0.00739	0.00554	0.01848	0.01663	0.02956	0.02587	0.02956	0.02033	0.00924	0.00554	0.00185	0.00370	0.00739	0.76534	0.00739
26	0.54521	0.01684	0.01504	0.01256	0.01790	0.01896	0.01036	0.17249	0.01983	0.08598	0.01443	0.01538	0.01056	0.00805	0.00585	0.00244	0.00680	0.00524	0.00599	0.01011
27	0.00981	0.00702	0.00933	0.01094	0.01153	0.00654	0.00737	0.01141	0.01587	0.02134	0.10279	0.65393	0.05457	0.02403	0.01005	0.00315	0.00452	0.02177	0.00749	0.00654
28	0.02919	0.01876	0.08733	0.01590	0.02243	0.01613	0.01415	0.22783	0.02638	0.33327	0.06727	0.02501	0.01996	0.00971	0.00790	0.00237	0.00764	0.00774	0.00821	0.05280
29	0.01478	0.00739	0.00739	0.00739	0.00924	0.00739	0.00554	0.01848	0.01663	0.02956	0.02587	0.02956	0.02033	0.00924	0.00554	0.00185	0.00370	0.00739	0.76534	0.00739
30	0.01133	0.00850	0.01274	0.01274	0.01416	0.00991	0.00991	0.01416	0.01274	0.01841	0.02124	0.03115	0.01982	0.05947	0.68989	0.01274	0.02124	0.00850	0.00425	0.00708
31	0.01748	0.01764	0.03324	0.36455	0.09325	0.01898	0.26061	0.05249	0.01814	0.02407	0.01514	0.02103	0.01142	0.00746	0.00847	0.00262	0.01147	0.00794	0.00395	0.01003
32	0.15089	0.02110	0.02184	0.01698	0.02310	0.02349	0.01402	0.54487	0.03344	0.04765	0.01775	0.01804	0.01269	0.00917	0.00744	0.00239	0.00831	0.00668	0.00744	0.01269
33	0.01778	0.01545	0.01978	0.04677	0.02278	0.01329	0.05967	0.06770	0.06186	0.02781	0.01585	0.01813	0.01269	0.00663	0.00654	0.00155	0.00691	0.00564	0.00506	0.56811
34	0.06473	0.28775	0.05884	0.01527	0.02136	0.09345	0.01380	0.05399	0.05296	0.21574	0.01868	0.01856	0.01375	0.00842	0.00718	0.00217	0.03028	0.00596	0.00586	0.01125
35	0.01735	0.01735	0.02429	0.02082	0.02082	0.02429	0.01735	0.01908	0.01214	0.01908	0.01041	0.01735	0.01041	0.01388	0.02602	0.00347	0.70680	0.00694	0.00347	0.00867
36	0.02981	0.02114	0.02294	0.01776	0.02396	0.02321	0.01462	0.55313	0.08153	0.09850	0.02098	0.02044	0.01476	0.00963	0.00795	0.00241	0.00839	0.00734	0.00809	0.01342
37	0.13185	0.01235	0.01486	0.01361	0.04171	0.01217	0.01034	0.04953	0.06363	0.22226	0.23037	0.04024	0.07064	0.01253	0.00818	0.00254	0.00574	0.03921	0.00809	0.01013
38	0.01478	0.00739	0.00739	0.00739	0.00924	0.00739	0.00554	0.01848	0.01663	0.02956	0.02587	0.02956	0.02033	0.00924	0.00554	0.00185	0.00370	0.00739	0.76534	0.00739
39	0.03014	0.02221	0.02380	0.01825	0.02459	0.02459	0.01507	0.64541	0.03728	0.04998	0.01904	0.01904	0.01349	0.00952	0.00793	0.00238	0.00873	0.00714	0.00793	0.01349
40	0.01590	0.04102	0.68023	0.02260	0.03432	0.01842	0.02930	0.02511	0.01674	0.02511	0.01423	0.01674	0.01005	0.00753	0.00753	0.00251	0.01172	0.00586	0.00335	0.01172
41	0.01641	0.03776	0.58246	0.02387	0.05347	0.01861	0.07327	0.02593	0.04769	0.02555	0.01525	0.01779	0.01095	0.00761	0.00770	0.00253	0.01151	0.00630	0.00364	0.01171
42	0.01153	0.00769	0.00865	0.00865	0.00865	0.00769	0.00480	0.01153	0.01153	0.01538	0.02499	0.05189	0.02883	0.72131	0.04036	0.00769	0.00769	0.01153	0.00480	0.00480
43	0.01133	0.00850	0.01274	0.01274	0.01416	0.00991	0.00991	0.01416	0.01274	0.01841	0.02124	0.03115	0.01982	0.05947	0.68989	0.01274	0.02124	0.00850	0.00425	0.00708
44	0.01963	0.01884	0.03219	0.04867	0.67185	0.01884	0.02434	0.02434	0.01806	0.02591	0.01492	0.01963	0.01256	0.00707	0.00785	0.00236	0.00942	0.00707	0.00393	0.01256
45	0.01629	0.09116	0.63348	0.02194	0.03330	0.01936	0.02815	0.02501	0.01670	0.02464	0.01400	0.01645	0.01005	0.00748	0.00735	0.00245	0.01148	0.00574	0.00335	0.01161
46	0.02641	0.01821	0.01960	0.01546	0.02059	0.01982	0.01254	0.46494	0.03131	0.07069	0.02119	0.02316	0.01589	0.04763	0.00921	0.00256	0.00762	0.00746	0.15386	0.01185
47	0.01122	0.00811	0.01060	0.00998	0.01185	0.00748	0.00748	0.01496	0.02245	0.03180	0.66766	0.05923	0.07482	0.01621	0.00935	0.00249	0.00374	0.01434	0.00873	0.00748
48	0.01269	0.00907	0.01116	0.01180	0.01302	0.00906	0.00826	0.09183	0.01763	0.02351	0.03785	0.50117	0.04382	0.12101	0.01415	0.00377	0.00570	0.05029	0.00707	0.00715
49	0.01811	0.02388	0.15350	0.08202	0.14564	0.01939	0.38861	0.02481	0.01806	0.02507	0.01540	0.02027	0.01167	0.00699	0.00869	0.00259	0.01223	0.00820	0.00385	0.01105
50	0.01610	0.03985	0.64605	0.02398	0.06795	0.01844	0.02904	0.02507	0.01681	0.02515	0.01427	0.01689	0.01018	0.00751	0.00755	0.00250	0.01160	0.00592	0.00338	0.01176
51	0.00966	0.00690	0.00920	0.01104	0.01150	0.00644	0.00736	0.01104	0.01518	0.02024	0.04371	0.71614	0.05245	0.02484	0.01012	0.00322	0.00460	0.02254	0.00736	0.00644
52	0.01883	0.01802	0.03074	0.16111	0.56567	0.01863	0.02394	0.02364	0.01768	0.02494	0.01477	0.01989	0.01222	0.00721	0.00786	0.00240	0.00962	0.00706	0.00386	0.01192
53	0.02056	0.21874	0.16487	0.05407	0.02636	0.08457	0.06311	0.10174	0.01946	0.02576	0.01488	0.01767	0.01182	0.00820	0.00805	0.00224	0.05636	0.00606	0.08510	0.01039
54	0.01510	0.01229	0.01808	0.09351	0.02367	0.01292	0.07123	0.05388	0.08512	0.02580	0.03552	0.06519	0.05526	0.01707	0.00996	0.00325	0.00808	0.37873	0.00669	0.00863
55	0.63051	0.05362	0.01451	0.01134	0.01654	0.01832	0.00947	0.05753	0.01572	0.09330	0.01329	0.01447	0.00993	0.00767	0.00535	0.00241	0.00645	0.00477	0.00543	0.00937
56	0.01986	0.01869	0.10355	0.12439	0.27351	0.01635	0.01967	0.05735	0.04136	0.11084	0.07925	0.05986	0.02111	0.00960	0.00810	0.00250	0.00860	0.00856	0.00553	0.01132
57	0.01972	0.01703	0.01793	0.01614	0.02062	0.01972	0.01255	0.04214	0.65752	0.03317	0.03228	0.02959	0.02421	0.01076	0.00807	0.00269	0.00628	0.00897	0.00807	0.01255
58	0.08095	0.16520	0.47020	0.05574	0.03119	0.02074	0.02424	0.02445	0.01630	0.02453	0.01336	0.01590	0.00997	0.00740	0.00688	0.00236	0.01058	0.00549	0.00350	0.01101
59	0.02304	0.10722	0.11186	0.02023	0.05781	0.05282	0.07568	0.17477	0.06516	0.09315	0.04936	0.02162	0.01654	0.00921	0.00896	0.00242	0.06017	0.00727	0.03125	0.01144
60	0.01615	0.03954	0.63691	0.02434	0.07693	0.01844	0.02897	0.02506	0.01683	0.02517	0.01428	0.01693	0.01021	0.00750	0.00756	0.00250	0.01157	0.00594	0.00339	0.01178
61	0.60758	0.11515	0.01670	0.01139	0.01668	0.01982	0.00972	0.05558	0.01539	0.05628	0.01215	0.01366	0.00944	0.00748	0.00519	0.00234	0.00662	0.00456	0.00502	0.00923
62	0.01620	0.01534	0.02599	0.53058	0.21675	0.01794	0.02263	0.02133	0.01643	0.02174	0.01431	0.02074	0.01109	0.00770	0.00791	0.00257	0.01027	0.00705	0.00363	0.00979
63	0.01962	0.01801	0.05909	0.17483	0.32198	0.01767	0.02032	0.10378	0.02028	0.06226	0.02289	0.02598	0.08038	0.00908	0.00803	0.00247	0.00899	0.00806	0.00500	0.01129
64	0.01937	0.01976	0.03209	0.12945	0.40166	0.06409	0.11817	0.02406	0.01773	0.02414	0.01447	0.01958	0.01190	0.00769	0.00938	0.00250	0.06155	0.00728	0.00386	0.01126
65	0.01255	0.00905	0.01246	0.01416	0.01605	0.00896	0.01233	0.01609	0.01824	0.02358	0.04455	0.08857	0.08728	0.02178	0.01085	0.00359	0.00708	0.57825	0.00731	0.00726
66	0.01826	0.02104	0.06298	0.08137	0.05996	0.02017	0.50210	0.02441	0.01783	0.02446	0.01530	0.02080	0.01173	0.00746	0.01065	0.00273	0.07558	0.00879	0.00390	0.01047
67	0.01729	0.19619	0.50346	0.02179	0.06174	0.02139	0.02547	0.02476	0.01666	0.02368	0.01353	0.01596	0.01020	0.00734	0.00699	0.00232	0.01087	0.00555	0.00339	0.01141
68	0.00983	0.00816	0.00868	0.00886	0.01141	0.00700	0.00686	0.01210	0.01826	0.02209	0.09866	0.07716	0.57409	0.02014	0.00955	0.00278	0.00438	0.08575	0.00741	0.00679
69	0.00966	0.00690	0.00920	0.01104	0.01150	0.00644	0.00736	0.01104	0.01518	0.02024	0.04371	0.71614	0.05245	0.02484	0.01012	0.00322	0.00460	0.02254	0.00736	0.00644
70	0.01027	0.00736	0.00978	0.01090	0.01184	0.00687	0.00766	0.01245	0.01746	0.02380	0.22641	0.49367	0.05868	0.02217	0.00994	0.00303	0.00448	0.04870	0.00776	0.00679
71	0.37823	0.01507	0.01802	0.34043	0.03450	0.01803	0.01530	0.05172	0.01576	0.02897	0.01288	0.01711	0.00977	0.00773	0.00649	0.00254	0.00837	0.00574	0.00439	0.00893
72	0.00996	0.00709	0.00944	0.01121	0.01175	0.00669	0.00766	0.01145	0.01527	0.02031	0.04286	0.64466	0.05104	0.05148	0.01135	0.00342	0.00492	0.06574	0.00726	0.00644
73	0.01602	0.01532	0.02643	0.54924	0.16871	0.01796	0.05174	0.02126	0.01640	0.02155	0.01434	0.02087	0.01101	0.00771	0.00798	0.00259	0.01049	0.00716	0.00362	0.00960
74	0.01880	0.02204	0.10165	0.04990	0.03469	0.02072	0.35811	0.05912	0.08455	0.02628	0.01671	0.02097	0.01286	0.00858	0.01168	0.00277	0.12701	0.00837	0.00447	0.01074
75	0.02209	0.02004	0.05856	0.10064	0.31472	0.05275	0.04035	0.13900	0.02190	0.07691	0.01850	0.02462	0.01505	0.00888	0.00809	0.00249	0.00955	0.04878	0.00527	0.01179

[dist]
# distance from previous block
# <min> <max>
0	4

[block]
# block no. 3 follows, 24 sequences, length 13
# corresponding to MSA columns:
# 205-217
name=unknown_D
#
# <colnr> <probs for GDERKNQSTAVLIFYWHMCP>
#	G	D	E	R	K	N	Q	S	T	A	V	L	I	F	Y	W	H	M	C	P
0	0.01824	0.14804	0.38415	0.07065	0.03145	0.04141	0.03973	0.06358	0.01765	0.02452	0.01361	0.01666	0.01042	0.00819	0.00904	0.00246	0.07960	0.00594	0.00371	0.01096
1	0.69622	0.01643	0.04939	0.01109	0.01624	0.01731	0.00970	0.02300	0.01412	0.03480	0.04385	0.01540	0.01196	0.00781	0.00528	0.00246	0.00633	0.00488	0.00501	0.00871
2	0.64269	0.01665	0.05233	0.01160	0.01706	0.01709	0.01019	0.02526	0.01480	0.11217	0.01367	0.01481	0.01000	0.00767	0.00543	0.00246	0.00654	0.00483	0.00540	0.00937
3	0.01280	0.00936	0.01276	0.01399	0.01615	0.00899	0.01193	0.01621	0.01778	0.02358	0.03960	0.14548	0.04321	0.02073	0.01040	0.00338	0.00690	0.50260	0.00707	0.07707
4	0.08651	0.11960	0.49420	0.02122	0.03144	0.02004	0.07196	0.02481	0.01652	0.02532	0.01369	0.01626	0.01008	0.00736	0.00714	0.00242	0.01094	0.00579	0.00355	0.01117
5	0.14440	0.02367	0.02352	0.07889	0.04521	0.19851	0.06575	0.17155	0.03823	0.03021	0.01448	0.01725	0.01134	0.00894	0.00954	0.00249	0.09427	0.00634	0.00509	0.01031
6	0.01039	0.00764	0.00957	0.01024	0.01154	0.00704	0.00729	0.01258	0.01768	0.02361	0.22762	0.32695	0.16563	0.07406	0.01211	0.00328	0.00465	0.05386	0.00756	0.00671
7	0.01312	0.00973	0.01182	0.01233	0.01393	0.00989	0.00877	0.09039	0.07702	0.02553	0.06825	0.53930	0.04620	0.02131	0.00963	0.00304	0.00521	0.01907	0.00756	0.00790
8	0.01758	0.01988	0.10727	0.27004	0.38312	0.01837	0.02414	0.02303	0.01714	0.02387	0.01455	0.01980	0.01157	0.00742	0.00784	0.00247	0.01009	0.00691	0.00372	0.01117
9	0.01769	0.10737	0.35978	0.02215	0.03063	0.04698	0.13263	0.02491	0.03617	0.02430	0.01512	0.01828	0.01152	0.00801	0.00886	0.00247	0.06369	0.00654	0.05211	0.01079
10	0.01633	0.01241	0.07889	0.01280	0.01601	0.00952	0.01066	0.04246	0.01891	0.15112	0.14082	0.35853	0.06333	0.01806	0.00921	0.00283	0.00573	0.01594	0.00768	0.00878
11	0.36082	0.12603	0.13658	0.01624	0.06155	0.04432	0.01461	0.02320	0.01579	0.02878	0.03377	0.02238	0.01471	0.00891	0.00636	0.00244	0.00803	0.06133	0.00464	0.00951
12	0.07168	0.05355	0.33447	0.01627	0.02344	0.01449	0.01848	0.02038	0.01776	0.02608	0.13670	0.03831	0.12884	0.01201	0.00809	0.00258	0.00826	0.05371	0.00531	0.00958

[dist]
# distance from previous block
# <min> <max>
5	16

[block]
# block no. 4 follows, 24 sequences, length 19
# corresponding to MSA columns:
# 234-252
name=unknown_E
#
# <colnr> <probs for GDERKNQSTAVLIFYWHMCP>
#	G	D	E	R	K	N	Q	S	T	A	V	L	I	F	Y	W	H	M	C	P
0	0.01828	0.01165	0.01559	0.05907	0.01886	0.01164	0.03390	0.02509	0.13203	0.16282	0.31270	0.04293	0.04476	0.06209	0.01091	0.00290	0.00590	0.01122	0.00804	0.00963
1	0.01745	0.08302	0.18197	0.02698	0.06056	0.01948	0.33040	0.02363	0.01784	0.02475	0.06112	0.04470	0.01706	0.00852	0.00941	0.00259	0.04709	0.00871	0.00422	0.01049
2	0.02127	0.01115	0.01425	0.01225	0.01607	0.01040	0.00971	0.02668	0.09160	0.27427	0.29532	0.04612	0.08716	0.01368	0.00875	0.00256	0.00530	0.03428	0.00892	0.01024
3	0.01039	0.00745	0.00994	0.01114	0.01211	0.00699	0.00796	0.01262	0.01738	0.02359	0.20466	0.48059	0.05751	0.02231	0.01001	0.00308	0.00466	0.08309	0.00771	0.00680
4	0.01763	0.12146	0.48404	0.01997	0.02977	0.01933	0.02413	0.02658	0.07082	0.05683	0.04476	0.01967	0.01454	0.00820	0.00738	0.00242	0.01027	0.00639	0.00430	0.01150
5	0.01044	0.00796	0.01073	0.01203	0.01245	0.00825	0.00838	0.01186	0.01487	0.02013	0.04033	0.64518	0.04818	0.02373	0.01174	0.00325	0.07591	0.02096	0.00697	0.00667
6	0.00966	0.00690	0.00920	0.01104	0.01150	0.00644	0.00736	0.01104	0.01518	0.02024	0.04371	0.71614	0.05245	0.02484	0.01012	0.00322	0.00460	0.02254	0.00736	0.00644
7	0.02873	0.02069	0.02226	0.01733	0.02328	0.02280	0.01423	0.54585	0.07873	0.06998	0.02079	0.02066	0.01484	0.00960	0.00781	0.00237	0.00820	0.00731	0.05148	0.01307
8	0.01578	0.01509	0.02607	0.58241	0.13468	0.01790	0.05422	0.02106	0.01629	0.02126	0.01430	0.02096	0.01091	0.00775	0.00799	0.00261	0.01056	0.00717	0.00360	0.00940
9	0.00966	0.00690	0.00920	0.01104	0.01150	0.00644	0.00736	0.01104	0.01518	0.02024	0.04371	0.71614	0.05245	0.02484	0.01012	0.00322	0.00460	0.02254	0.00736	0.00644
10	0.03558	0.01350	0.01840	0.01411	0.02024	0.01166	0.01166	0.03865	0.02270	0.67734	0.03128	0.02699	0.01963	0.00981	0.00797	0.00245	0.00675	0.00797	0.00981	0.01350
11	0.01642	0.03770	0.57780	0.02540	0.07932	0.01859	0.08451	0.02509	0.01701	0.02519	0.01444	0.01736	0.01040	0.00742	0.00772	0.00252	0.01171	0.00626	0.00345	0.01169
12	0.00975	0.00733	0.00908	0.01042	0.01155	0.00665	0.00729	0.01142	0.01613	0.02075	0.05354	0.50947	0.21900	0.02340	0.00996	0.00310	0.00459	0.05268	0.00736	0.00656
13	0.01872	0.02139	0.04679	0.03342	0.04144	0.02005	0.64305	0.02540	0.01872	0.02540	0.01604	0.02139	0.01203	0.00668	0.00936	0.00267	0.01337	0.00936	0.00401	0.01070
14	0.02480	0.02039	0.06533	0.02398	0.03112	0.01895	0.28917	0.15465	0.07671	0.17928	0.02138	0.02264	0.01497	0.00835	0.00856	0.00256	0.01025	0.00839	0.00643	0.01210
15	0.07211	0.02194	0.02289	0.01799	0.02359	0.05912	0.01479	0.50410	0.03253	0.06617	0.01791	0.01856	0.01298	0.00970	0.00923	0.00246	0.06722	0.00688	0.00724	0.01257
16	0.61339	0.01861	0.10060	0.06992	0.02112	0.01786	0.01244	0.02329	0.01412	0.03292	0.01172	0.01408	0.00895	0.00743	0.00551	0.00248	0.00724	0.00473	0.00459	0.00902
17	0.07732	0.15208	0.30447	0.02197	0.11639	0.01956	0.02077	0.02556	0.04540	0.06941	0.06137	0.02037	0.01612	0.00823	0.00712	0.00234	0.00926	0.00649	0.00458	0.01118
18	0.28405	0.06571	0.39049	0.01758	0.02647	0.01862	0.02063	0.02488	0.01578	0.05095	0.01354	0.01554	0.00987	0.00751	0.00650	0.00245	0.00942	0.00530	0.00412	0.01060

[dist]
# distance from previous block
# <min> <max>
1	3

[block]
# block no. 5 follows, 24 sequences, length 16
# corresponding to MSA columns:
# 256-271
name=unknown_F
#
# <colnr> <probs for GDERKNQSTAVLIFYWHMCP>
#	G	D	E	R	K	N	Q	S	T	A	V	L	I	F	Y	W	H	M	C	P
0	0.09071	0.06702	0.17658	0.01851	0.06516	0.01797	0.01667	0.02756	0.16009	0.06267	0.01899	0.02079	0.01472	0.01223	0.05719	0.00311	0.05524	0.00662	0.00519	0.10298
1	0.01590	0.04102	0.68023	0.02260	0.03432	0.01842	0.02930	0.02511	0.01674	0.02511	0.01423	0.01674	0.01005	0.00753	0.00753	0.00251	0.01172	0.00586	0.00335	0.01172
2	0.01178	0.00851	0.00966	0.00942	0.01208	0.00740	0.00730	0.01436	0.01928	0.06706	0.19173	0.07080	0.45039	0.01879	0.00942	0.00271	0.00444	0.06973	0.00779	0.00736
3	0.04131	0.03162	0.41464	0.02383	0.03355	0.01778	0.18975	0.02419	0.01708	0.02538	0.01581	0.04650	0.01239	0.00789	0.00792	0.00249	0.01127	0.00734	0.00384	0.06543
4	0.05477	0.08635	0.23022	0.01918	0.07067	0.01681	0.01823	0.03166	0.05996	0.30055	0.02221	0.02158	0.01512	0.00859	0.00746	0.00241	0.00861	0.00683	0.00648	0.01232
5	0.01024	0.00859	0.00898	0.00894	0.01154	0.00765	0.00667	0.01376	0.06342	0.02282	0.11119	0.11777	0.54157	0.01952	0.00933	0.00271	0.00420	0.01645	0.00750	0.00714
6	0.01056	0.00774	0.01003	0.01145	0.01233	0.00749	0.00795	0.01356	0.05677	0.02210	0.09011	0.59421	0.05203	0.02316	0.00997	0.00315	0.00477	0.04817	0.00751	0.00695
7	0.07357	0.01706	0.04331	0.26899	0.03611	0.05216	0.12329	0.02613	0.06381	0.13442	0.02043	0.07092	0.01612	0.00940	0.00808	0.00261	0.00959	0.00850	0.00539	0.01011
8	0.01995	0.02038	0.05834	0.10715	0.48173	0.05466	0.02274	0.04963	0.05947	0.02637	0.01593	0.01998	0.01291	0.00756	0.00782	0.00240	0.00967	0.00703	0.00429	0.01201
9	0.00966	0.00690	0.00920	0.01104	0.01150	0.00644	0.00736	0.01104	0.01518	0.02024	0.04371	0.71614	0.05245	0.02484	0.01012	0.00322	0.00460	0.02254	0.00736	0.00644
10	0.06542	0.02755	0.32023	0.18853	0.17052	0.01835	0.05166	0.02370	0.01668	0.02481	0.01421	0.01833	0.01068	0.00748	0.00760	0.00251	0.01068	0.00644	0.00364	0.01096
11	0.01784	0.17483	0.51234	0.02069	0.03095	0.06476	0.02531	0.02527	0.01699	0.02348	0.01347	0.01580	0.01008	0.00743	0.00703	0.00232	0.01125	0.00549	0.00341	0.01125
12	0.01222	0.00897	0.00990	0.00981	0.01245	0.00812	0.00747	0.01560	0.05886	0.06532	0.06492	0.11597	0.44902	0.05662	0.01104	0.00306	0.00488	0.07088	0.00743	0.00746
13	0.53836	0.11720	0.13469	0.01302	0.01940	0.01976	0.01295	0.02369	0.01443	0.03140	0.01161	0.01355	0.00906	0.00731	0.00540	0.00236	0.00745	0.00457	0.00442	0.00936
14	0.28379	0.16693	0.29076	0.04582	0.02577	0.02074	0.01860	0.02400	0.01544	0.02729	0.01247	0.01478	0.00958	0.00734	0.00614	0.00233	0.00907	0.00504	0.00391	0.01019
15	0.30332	0.16257	0.10146	0.01603	0.04553	0.01969	0.05352	0.04440	0.01724	0.09999	0.05636	0.01880	0.01505	0.00811	0.00636	0.00232	0.00785	0.00603	0.00519	0.01018

[dist]
# distance from previous block
# <min> <max>
0	22

[block]
# block no. 6 follows, 24 sequences, length 61
# corresponding to MSA columns:
# 294-354
name=unknown_G
#
# <colnr> <probs for GDERKNQSTAVLIFYWHMCP>
#	G	D	E	R	K	N	Q	S	T	A	V	L	I	F	Y	W	H	M	C	P
0	0.08372	0.08251	0.42212	0.02023	0.02963	0.06435	0.04227	0.07167	0.01878	0.07185	0.01519	0.01699	0.01092	0.00779	0.00723	0.00241	0.01069	0.00591	0.00433	0.01140
1	0.23977	0.16482	0.21020	0.03934	0.06282	0.01958	0.01682	0.02280	0.01527	0.02605	0.01265	0.01560	0.01017	0.00856	0.00778	0.05371	0.00858	0.00519	0.00394	0.05634
2	0.01819	0.15833	0.43886	0.02364	0.09127	0.02120	0.05161	0.06281	0.01810	0.02558	0.01410	0.01664	0.01060	0.00744	0.00723	0.00235	0.01082	0.00591	0.00372	0.01159
3	0.01400	0.02213	0.29251	0.01600	0.02201	0.01207	0.01693	0.01907	0.01681	0.05189	0.07665	0.29317	0.03209	0.01493	0.00859	0.00269	0.00771	0.01303	0.00570	0.06203
4	0.02144	0.54772	0.10140	0.01515	0.02216	0.05240	0.01521	0.06337	0.05670	0.02212	0.01317	0.01459	0.01122	0.00732	0.00576	0.00189	0.00889	0.00490	0.00398	0.01064
5	0.00986	0.00705	0.00938	0.01091	0.01155	0.00657	0.00738	0.01154	0.01610	0.02171	0.12295	0.63271	0.05529	0.02375	0.01002	0.00313	0.00449	0.02150	0.00753	0.00657
6	0.03398	0.01314	0.01789	0.01384	0.01969	0.01138	0.01138	0.03709	0.02268	0.63491	0.07312	0.02911	0.02326	0.01024	0.00807	0.00246	0.00655	0.00839	0.00974	0.01310
7	0.01731	0.25780	0.29707	0.05909	0.02689	0.02115	0.01954	0.02405	0.05848	0.02314	0.01722	0.06854	0.01478	0.00890	0.00686	0.00228	0.00922	0.00692	0.05031	0.01044
8	0.01722	0.01704	0.02667	0.46633	0.21489	0.05918	0.04267	0.02220	0.01694	0.02186	0.01426	0.02033	0.01112	0.00767	0.00791	0.00253	0.01059	0.00701	0.00368	0.00988
9	0.01018	0.00724	0.00960	0.01121	0.01185	0.00685	0.00777	0.01181	0.01556	0.02076	0.06799	0.57819	0.05106	0.07093	0.01221	0.00354	0.00506	0.08450	0.00724	0.00647
10	0.03182	0.02194	0.02440	0.01998	0.05100	0.02332	0.01560	0.52349	0.03505	0.13091	0.02216	0.02262	0.01597	0.01066	0.00870	0.00273	0.00905	0.00781	0.00854	0.01425
11	0.59300	0.07043	0.08472	0.01345	0.01940	0.01900	0.05366	0.02367	0.01437	0.03258	0.01170	0.01384	0.00908	0.00729	0.00549	0.00242	0.00736	0.00479	0.00458	0.00917
12	0.01019	0.00728	0.00978	0.01147	0.01220	0.00688	0.00812	0.01202	0.01605	0.02143	0.08141	0.58957	0.05287	0.02391	0.01019	0.00324	0.00492	0.10442	0.00744	0.00662
13	0.02272	0.56737	0.05752	0.01522	0.02162	0.16245	0.01441	0.02537	0.01740	0.01901	0.01137	0.01316	0.01018	0.00708	0.00558	0.00179	0.00974	0.00446	0.00353	0.01003
14	0.01014	0.00814	0.00910	0.00929	0.01143	0.00725	0.00680	0.01307	0.04106	0.02353	0.18054	0.20061	0.41082	0.01999	0.00947	0.00275	0.00416	0.01719	0.00764	0.00700
15	0.02136	0.63920	0.08238	0.01458	0.02152	0.07054	0.01471	0.02432	0.01654	0.01913	0.01131	0.01308	0.01017	0.00692	0.00537	0.00177	0.00905	0.00440	0.00343	0.01022
16	0.02430	0.01858	0.02666	0.05818	0.34259	0.01926	0.01919	0.17999	0.07713	0.12472	0.01968	0.02142	0.01470	0.00840	0.00791	0.00241	0.00865	0.00737	0.00608	0.01278
17	0.00972	0.00698	0.00913	0.01082	0.01136	0.00650	0.00720	0.01108	0.01516	0.02010	0.04455	0.66242	0.07808	0.05205	0.01128	0.00337	0.00470	0.02186	0.00726	0.00639
18	0.02806	0.02118	0.02263	0.01782	0.02380	0.02362	0.01457	0.52489	0.16119	0.04662	0.02168	0.02115	0.01563	0.00977	0.00796	0.00244	0.00824	0.00750	0.00796	0.01330
19	0.01590	0.04102	0.68023	0.02260	0.03432	0.01842	0.02930	0.02511	0.01674	0.02511	0.01423	0.01674	0.01005	0.00753	0.00753	0.00251	0.01172	0.00586	0.00335	0.01172
20	0.01631	0.06713	0.61214	0.02297	0.03424	0.01904	0.06986	0.02508	0.01685	0.02487	0.01422	0.01689	0.01018	0.00745	0.00756	0.00249	0.01170	0.00603	0.00339	0.01159
21	0.01779	0.03540	0.51447	0.02407	0.03470	0.01826	0.14459	0.02610	0.01753	0.07003	0.01575	0.01833	0.01108	0.00753	0.00791	0.00254	0.01169	0.00667	0.00392	0.01165
22	0.00966	0.00690	0.00920	0.01104	0.01150	0.00644	0.00736	0.01104	0.01518	0.02024	0.04371	0.71614	0.05245	0.02484	0.01012	0.00322	0.00460	0.02254	0.00736	0.00644
23	0.01377	0.00689	0.01033	0.01033	0.01033	0.00689	0.00689	0.01033	0.01033	0.01377	0.01377	0.02410	0.01377	0.02755	0.03099	0.76928	0.00689	0.00689	0.00344	0.00344
24	0.05031	0.14119	0.24177	0.01852	0.02628	0.09558	0.03849	0.08264	0.06836	0.13617	0.01808	0.01872	0.01307	0.00825	0.00721	0.00232	0.00984	0.00627	0.00535	0.01156
25	0.00969	0.00706	0.00914	0.01070	0.01144	0.00650	0.00723	0.01122	0.01574	0.02079	0.07033	0.62795	0.11492	0.02405	0.01002	0.00314	0.00451	0.02166	0.00741	0.00650
26	0.00966	0.00690	0.00920	0.01104	0.01150	0.00644	0.00736	0.01104	0.01518	0.02024	0.04371	0.71614	0.05245	0.02484	0.01012	0.00322	0.00460	0.02254	0.00736	0.00644
27	0.05389	0.06593	0.02216	0.01632	0.02238	0.15192	0.01323	0.29209	0.02648	0.03490	0.01556	0.01678	0.01198	0.00801	0.00693	0.00195	0.00893	0.00579	0.00590	0.21888
28	0.08025	0.02276	0.06828	0.02257	0.09602	0.08273	0.07867	0.27846	0.05343	0.06388	0.01766	0.01928	0.01312	0.00880	0.00847	0.00244	0.03954	0.00699	0.02483	0.01184
29	0.06502	0.02145	0.10319	0.08639	0.30999	0.01905	0.22934	0.02441	0.01770	0.02583	0.01492	0.01961	0.01173	0.00707	0.00814	0.00250	0.01086	0.00753	0.00392	0.01133
30	0.01775	0.27934	0.45804	0.01946	0.02946	0.02293	0.02383	0.02464	0.01652	0.02287	0.01312	0.01534	0.01009	0.00727	0.00668	0.00223	0.01059	0.00530	0.00336	0.01118
31	0.01869	0.01836	0.03270	0.16093	0.47846	0.01879	0.10777	0.02377	0.01776	0.02485	0.01492	0.02013	0.01214	0.00716	0.00807	0.00245	0.01016	0.00737	0.00387	0.01165
32	0.01625	0.03874	0.61129	0.02305	0.03422	0.01858	0.06895	0.02583	0.04328	0.02546	0.01509	0.01758	0.01076	0.00761	0.00768	0.00253	0.01160	0.00622	0.00359	0.01169
33	0.04035	0.01908	0.05263	0.06389	0.43906	0.01866	0.05941	0.06950	0.05621	0.04852	0.01775	0.02315	0.01458	0.00818	0.00801	0.00247	0.00930	0.03243	0.00477	0.01205
34	0.01153	0.00769	0.00865	0.00865	0.00865	0.00769	0.00480	0.01153	0.01153	0.01538	0.02499	0.05189	0.02883	0.72131	0.04036	0.00769	0.00769	0.01153	0.00480	0.00480
35	0.01470	0.02272	0.26065	0.03795	0.04477	0.04005	0.01822	0.02135	0.05726	0.02510	0.09650	0.06708	0.09486	0.01379	0.00882	0.00280	0.00853	0.14968	0.00569	0.00948
36	0.20785	0.10680	0.09348	0.08831	0.02689	0.07389	0.05669	0.17459	0.02156	0.05872	0.01488	0.01686	0.01113	0.00801	0.00684	0.00235	0.00923	0.00597	0.00522	0.01070
37	0.01012	0.00723	0.00972	0.01156	0.01222	0.00683	0.00815	0.01183	0.01563	0.02075	0.04346	0.62472	0.05145	0.02442	0.01024	0.00328	0.00499	0.10948	0.00735	0.00657
38	0.01156	0.00859	0.01099	0.01157	0.01327	0.00832	0.00885	0.01574	0.06177	0.02606	0.26574	0.24893	0.10490	0.01983	0.00984	0.00298	0.00496	0.15080	0.00788	0.00743
39	0.01839	0.01742	0.02953	0.16133	0.52365	0.01804	0.02323	0.02314	0.01768	0.02478	0.01642	0.02414	0.01422	0.00812	0.00805	0.00248	0.00949	0.04424	0.00406	0.01158
40	0.32776	0.11621	0.07568	0.07698	0.02303	0.02009	0.01354	0.13462	0.01953	0.07238	0.04258	0.01790	0.01351	0.00826	0.00635	0.00236	0.00773	0.00584	0.00544	0.01021
41	0.72195	0.06739	0.01384	0.01066	0.01570	0.01878	0.00895	0.02334	0.01369	0.03434	0.01104	0.01287	0.00870	0.00732	0.00492	0.00240	0.00631	0.00429	0.00480	0.00870
42	0.18673	0.06410	0.01941	0.01411	0.01995	0.01691	0.01176	0.13146	0.06780	0.35322	0.02381	0.02200	0.01604	0.00912	0.00714	0.00241	0.00702	0.00689	0.00793	0.01218
43	0.01174	0.00799	0.00964	0.00995	0.01182	0.00711	0.00713	0.01377	0.01772	0.07032	0.14627	0.31804	0.27502	0.04278	0.01054	0.00300	0.00452	0.01784	0.00766	0.00715
44	0.40832	0.06341	0.01727	0.01276	0.01835	0.01780	0.01069	0.11063	0.01955	0.22570	0.01808	0.01785	0.01260	0.00833	0.00623	0.00239	0.00682	0.00575	0.00666	0.01079
45	0.42888	0.01829	0.11088	0.06048	0.04800	0.01633	0.01333	0.02512	0.01578	0.11852	0.01568	0.01739	0.01144	0.00788	0.00607	0.00243	0.00728	0.00554	0.06090	0.00979
46	0.01001	0.00716	0.00954	0.01105	0.01176	0.00670	0.00761	0.01180	0.01630	0.02196	0.12805	0.60022	0.05518	0.02355	0.01005	0.00314	0.00460	0.04715	0.00754	0.00662
47	0.01103	0.00810	0.01033	0.00977	0.01173	0.00740	0.00733	0.01459	0.02199	0.03072	0.60638	0.06102	0.13678	0.01662	0.00935	0.00251	0.00377	0.01459	0.00859	0.00740
48	0.01607	0.01566	0.06461	0.01255	0.01940	0.01122	0.01080	0.02073	0.04057	0.02657	0.07115	0.02064	0.01752	0.00707	0.00638	0.00144	0.00613	0.00577	0.00507	0.62066
49	0.01075	0.00836	0.01086	0.06124	0.01530	0.00779	0.00855	0.01292	0.01639	0.02173	0.08375	0.43495	0.15562	0.02060	0.00946	0.00289	0.00507	0.03806	0.00695	0.06877
50	0.01377	0.00689	0.01033	0.01033	0.01033	0.00689	0.00689	0.01033	0.01033	0.01377	0.01377	0.02410	0.01377	0.02755	0.03099	0.76928	0.00689	0.00689	0.00344	0.00344
51	0.01777	0.01668	0.02705	0.21505	0.32161	0.01771	0.06127	0.05017	0.06760	0.02551	0.02274	0.02649	0.07770	0.00895	0.00814	0.00251	0.00918	0.00832	0.00465	0.01089
52	0.01644	0.01409	0.01644	0.01175	0.01879	0.01057	0.00940	0.01997	0.01644	0.02584	0.01409	0.01644	0.01175	0.00587	0.00587	0.00117	0.00587	0.00470	0.00470	0.76979
53	0.01377	0.00689	0.01033	0.01033	0.01033	0.00689	0.00689	0.01033	0.01033	0.01377	0.01377	0.02410	0.01377	0.02755	0.03099	0.76928	0.00689	0.00689	0.00344	0.00344
54	0.01377	0.00689	0.01033	0.01033	0.01033	0.00689	0.00689	0.01033	0.01033	0.01377	0.01377	0.02410	0.01377	0.02755	0.03099	0.76928	0.00689	0.00689	0.00344	0.00344
55	0.01590	0.04102	0.68023	0.02260	0.03432	0.01842	0.02930	0.02511	0.01674	0.02511	0.01423	0.01674	0.01005	0.00753	0.00753	0.00251	0.01172	0.00586	0.00335	0.01172
56	0.01647	0.03122	0.41618	0.09532	0.08194	0.01817	0.09471	0.02540	0.06427	0.02558	0.04394	0.02070	0.01434	0.00806	0.00792	0.00254	0.01087	0.00706	0.00406	0.01124
57	0.01735	0.01735	0.02429	0.02082	0.02082	0.02429	0.01735	0.01908	0.01214	0.01908	0.01041	0.01735	0.01041	0.01388	0.02602	0.00347	0.70680	0.00694	0.00347	0.00867
58	0.01674	0.18679	0.49749	0.01999	0.02995	0.02064	0.02460	0.02408	0.01634	0.02327	0.01401	0.01684	0.01073	0.01086	0.05281	0.00302	0.01166	0.00569	0.00342	0.01107
59	0.04850	0.07473	0.35861	0.07224	0.13861	0.01950	0.12832	0.02456	0.01705	0.02499	0.01430	0.01786	0.01077	0.00729	0.00765	0.00247	0.01111	0.00655	0.00363	0.01127
60	0.26571	0.12269	0.10262	0.08251	0.02406	0.06845	0.01446	0.05305	0.05643	0.09483	0.01765	0.01892	0.03174	0.00835	0.00650	0.00236	0.00832	0.00598	0.00520	0.01017

[dist]
# distance from previous block
# <min> <max>
0	2

[block]
# block no. 7 follows, 24 sequences, length 9
# corresponding to MSA columns:
# 357-365
name=unknown_H
#
# <colnr> <probs for GDERKNQSTAVLIFYWHMCP>
#	G	D	E	R	K	N	Q	S	T	A	V	L	I	F	Y	W	H	M	C	P
0	0.05481	0.01412	0.01736	0.01490	0.04218	0.01365	0.01143	0.06461	0.14781	0.29362	0.12989	0.03030	0.02754	0.01039	0.00786	0.00236	0.00625	0.00862	0.00824	0.09405
1	0.01045	0.00762	0.01036	0.04642	0.01400	0.00741	0.00844	0.01238	0.01599	0.02141	0.10229	0.52804	0.05068	0.05987	0.01161	0.00339	0.00521	0.07064	0.00716	0.00665
2	0.01047	0.00798	0.00967	0.00980	0.01174	0.00718	0.00735	0.01326	0.01958	0.02597	0.32991	0.16482	0.27181	0.01922	0.00959	0.00275	0.00422	0.05969	0.00796	0.00705
3	0.01653	0.08867	0.58024	0.02287	0.03392	0.01949	0.08049	0.02504	0.01687	0.02467	0.01415	0.01685	0.01022	0.00741	0.00751	0.00247	0.01163	0.00604	0.00341	0.01152
4	0.01519	0.02149	0.27362	0.01571	0.02173	0.01221	0.01682	0.02090	0.01955	0.08302	0.27659	0.07203	0.04128	0.01314	0.00869	0.00263	0.00746	0.06181	0.00653	0.00959
5	0.01029	0.00737	0.00984	0.01117	0.01206	0.00692	0.00792	0.01238	0.01698	0.02297	0.17205	0.51934	0.05639	0.02278	0.01004	0.00311	0.00469	0.07934	0.00764	0.00674
6	0.09043	0.08340	0.17169	0.05293	0.10837	0.02022	0.18455	0.10862	0.01989	0.02875	0.01786	0.02080	0.04103	0.00803	0.00776	0.00246	0.01028	0.00736	0.00456	0.01102
7	0.06804	0.09275	0.29884	0.04647	0.08100	0.01925	0.02083	0.08335	0.01803	0.02643	0.01696	0.04942	0.01478	0.03835	0.01014	0.00277	0.05990	0.03774	0.00438	0.01057
8	0.11058	0.15382	0.26061	0.01897	0.07833	0.01830	0.01839	0.02379	0.01718	0.08258	0.06846	0.07843	0.01956	0.00966	0.00719	0.00239	0.00860	0.00772	0.00492	0.01051

[dist]
# distance from previous block
# <min> <max>
15	108

[block]
# block no. 8 follows, 24 sequences, length 22
# corresponding to MSA columns:
# 480-501
name=unknown_I
#
# <colnr> <probs for GDERKNQSTAVLIFYWHMCP>
#	G	D	E	R	K	N	Q	S	T	A	V	L	I	F	Y	W	H	M	C	P
0	0.24427	0.05521	0.11751	0.08579	0.06645	0.06616	0.01615	0.09076	0.01845	0.05939	0.01617	0.03634	0.01339	0.00923	0.00788	0.00253	0.04333	0.03591	0.00500	0.01009
1	0.06308	0.05608	0.05515	0.04446	0.14161	0.04475	0.01587	0.26375	0.02513	0.03490	0.05446	0.06422	0.01826	0.00964	0.00760	0.00230	0.00833	0.00785	0.00602	0.07653
2	0.11053	0.06298	0.02321	0.02068	0.12982	0.01969	0.01454	0.26839	0.02523	0.10945	0.01757	0.01854	0.01300	0.00817	0.00709	0.00216	0.00787	0.00634	0.00635	0.12838
