[name]
unknown

[dist]
# distance from previous block
# <min> <max>
0	22

[block]
# block no. 0 follows, 24 sequences, length 17
# corresponding to MSA columns:
# 22-38
name=unknown_A
#
# <colnr> <probs for GDERKNQSTAVLIFYWHMCP>
#	G	D	E	R	K	N	Q	S	T	A	V	L	I	F	Y	W	H	M	C	P
0	0.05570	0.05160	0.26290	0.01732	0.02321	0.01400	0.01875	0.02035	0.01734	0.02467	0.02865	0.05494	0.02886	0.01512	0.00910	0.00308	0.00894	0.33079	0.00553	0.00914
1	0.01814	0.02473	0.27048	0.01700	0.02505	0.01525	0.01796	0.06334	0.01789	0.06851	0.01576	0.01823	0.01207	0.01025	0.04384	0.00258	0.04711	0.00583	0.00463	0.30134
2	0.13441	0.01335	0.01786	0.20709	0.05443	0.01500	0.01411	0.02410	0.05734	0.14389	0.02269	0.12260	0.01953	0.01131	0.00902	0.00267	0.05988	0.00918	0.05194	0.00958
3	0.01648	0.01600	0.02257	0.07947	0.02297	0.02140	0.01649	0.01869	0.01289	0.01963	0.01277	0.04416	0.01256	0.01564	0.05745	0.00373	0.53816	0.00746	0.00374	0.05774
4	0.77733	0.01534	0.01166	0.01043	0.01534	0.01779	0.00859	0.02331	0.01350	0.03558	0.01104	0.01288	0.00859	0.00736	0.00491	0.00245	0.00613	0.00429	0.00491	0.00859
5	0.00948	0.00804	0.00819	0.00815	0.01078	0.00674	0.00611	0.01160	0.01834	0.02205	0.11595	0.07528	0.63262	0.01985	0.00937	0.00267	0.00400	0.01659	0.00745	0.00674
6	0.01201	0.00855	0.01162	0.01293	0.01442	0.00839	0.01058	0.01507	0.01793	0.02381	0.13643	0.16799	0.04968	0.07780	0.01296	0.00374	0.00642	0.39533	0.00733	0.00701
7	0.01963	0.01884	0.03219	0.04867	0.67185	0.01884	0.02434	0.02434	0.01806	0.02591	0.01492	0.01963	0.01256	0.00707	0.00785	0.00236	0.00942	0.00707	0.00393	0.01256
8	0.03398	0.01314	0.01789	0.01384	0.01969	0.01138	0.01138	0.03709	0.02268	0.63487	0.07315	0.02911	0.02326	0.01024	0.00807	0.00246	0.00655	0.00839	0.00974	0.01310
9	0.01153	0.00769	0.00865	0.00865	0.00865	0.00769	0.00480	0.01153	0.01153	0.01538	0.02499	0.05189	0.02883	0.72131	0.04036	0.00769	0.00769	0.01153	0.00480	0.00480
10	0.01631	0.01409	0.01709	0.07257	0.02195	0.01119	0.01051	0.01999	0.01639	0.02535	0.01409	0.01686	0.01164	0.00605	0.00605	0.00130	0.00629	0.00491	0.00459	0.70276
11	0.01963	0.01884	0.03219	0.04867	0.67185	0.01884	0.02434	0.02434	0.01806	0.02591	0.01492	0.01963	0.01256	0.00707	0.00785	0.00236	0.00942	0.00707	0.00393	0.01256
12	0.01107	0.00810	0.01039	0.00982	0.01176	0.00742	0.00736	0.01468	0.02209	0.03096	0.62034	0.06061	0.12267	0.01652	0.00935	0.00251	0.00376	0.01453	0.00862	0.00742
13	0.01963	0.01884	0.03219	0.04867	0.67185	0.01884	0.02434	0.02434	0.01806	0.02591	0.01492	0.01963	0.01256	0.00707	0.00785	0.00236	0.00942	0.00707	0.00393	0.01256
14	0.01498	0.01409	0.02378	0.70226	0.05462	0.01762	0.02202	0.02026	0.01586	0.02026	0.01409	0.02114	0.01057	0.00793	0.00793	0.00264	0.01057	0.00705	0.00352	0.00881
15	0.02796	0.01485	0.02215	0.01690	0.02261	0.01386	0.10330	0.05686	0.02111	0.40605	0.03017	0.02877	0.07422	0.01030	0.00953	0.00250	0.06051	0.00862	0.00786	0.06188
16	0.12595	0.01714	0.02545	0.28453	0.23005	0.01911	0.04239	0.11291	0.01940	0.02862	0.01470	0.01923	0.01137	0.00777	0.00753	0.00249	0.00943	0.00676	0.00450	0.01066

[dist]
# distance from previous block
# <min> <max>
1	3

[block]
# block no. 1 follows, 24 sequences, length 16
# corresponding to MSA columns:
# 42-57
name=unknown_B
#
# <colnr> <probs for GDERKNQSTAVLIFYWHMCP>
#	G	D	E	R	K	N	Q	S	T	A	V	L	I	F	Y	W	H	M	C	P
0	0.01664	0.01252	0.01432	0.07670	0.01873	0.07460	0.01075	0.04414	0.01753	0.10465	0.03305	0.41043	0.03584	0.04289	0.01114	0.00309	0.04226	0.01580	0.00675	0.00817
1	0.01746	0.07399	0.35395	0.02689	0.06688	0.01955	0.25134	0.02491	0.01748	0.02489	0.01472	0.01832	0.01096	0.00709	0.00800	0.00246	0.01180	0.00705	0.00367	0.03858
2	0.46508	0.01783	0.05586	0.06409	0.07451	0.01825	0.07260	0.05133	0.03890	0.05585	0.01403	0.01637	0.01061	0.00762	0.00627	0.00249	0.00783	0.00569	0.00498	0.00982
3	0.01904	0.02215	0.12791	0.04309	0.53019	0.01886	0.04912	0.02511	0.04012	0.02602	0.01546	0.01962	0.01257	0.00725	0.00787	0.00240	0.00981	0.00704	0.00399	0.01236
4	0.02107	0.53465	0.17323	0.01549	0.02326	0.02733	0.01672	0.02504	0.01669	0.06484	0.01307	0.01453	0.01079	0.00715	0.00579	0.00192	0.00904	0.00483	0.00382	0.01072
5	0.08797	0.01723	0.10277	0.01477	0.02130	0.01325	0.01351	0.05893	0.02163	0.45912	0.06578	0.02594	0.02047	0.00960	0.00770	0.00242	0.00721	0.00768	0.00831	0.03442
6	0.01644	0.01409	0.01644	0.01175	0.01879	0.01057	0.00940	0.01997	0.01644	0.02584	0.01409	0.01644	0.01175	0.00587	0.00587	0.00117	0.00587	0.00470	0.00470	0.76979
7	0.01652	0.01481	0.02029	0.01460	0.02155	0.01172	0.09517	0.02048	0.01702	0.02605	0.04382	0.01904	0.01463	0.00645	0.00650	0.00144	0.00679	0.00576	0.00479	0.63257
8	0.04691	0.01487	0.01491	0.05144	0.01853	0.11111	0.01078	0.05969	0.05493	0.09436	0.08170	0.25690	0.03372	0.04991	0.01018	0.00292	0.00723	0.03688	0.00680	0.03620
9	0.01963	0.01884	0.03219	0.04867	0.67185	0.01884	0.02434	0.02434	0.01806	0.02591	0.01492	0.01963	0.01256	0.00707	0.00785	0.00236	0.00942	0.00707	0.00393	0.01256
10	0.01891	0.01811	0.03090	0.14912	0.57698	0.01865	0.02398	0.02371	0.01772	0.02504	0.01479	0.01986	0.01225	0.00720	0.00786	0.00240	0.00960	0.00706	0.00386	0.01198
11	0.01989	0.01848	0.02773	0.03370	0.33995	0.01974	0.06878	0.05483	0.23766	0.02896	0.02089	0.02304	0.01644	0.00874	0.00897	0.00255	0.04403	0.00790	0.00549	0.01225
12	0.02206	0.01610	0.02035	0.01554	0.02136	0.01529	0.06146	0.21863	0.02388	0.09766	0.06332	0.05353	0.01933	0.01010	0.00866	0.03944	0.00730	0.00773	0.00651	0.27177
13	0.05987	0.27847	0.13812	0.01982	0.07579	0.08349	0.05938	0.04692	0.04965	0.06455	0.04297	0.01857	0.01454	0.00795	0.00678	0.00217	0.00942	0.00615	0.00461	0.01080
14	0.01804	0.10084	0.45067	0.02470	0.07831	0.01959	0.11392	0.02563	0.01735	0.05669	0.01507	0.01773	0.01099	0.00742	0.00760	0.00244	0.01124	0.00639	0.00381	0.01157
15	0.01876	0.01358	0.01556	0.01356	0.01691	0.03737	0.02961	0.06331	0.14804	0.08417	0.02635	0.10855	0.02272	0.04101	0.01017	0.00261	0.05939	0.00944	0.20548	0.07342

[dist]
# distance from previous block
# <min> <max>
1	3

[block]
# block no. 2 follows, 24 sequences, length 102
# corresponding to MSA columns:
# 61-162
name=unknown_C
#
# <colnr> <probs for GDERKNQSTAVLIFYWHMCP>
#	G	D	E	R	K	N	Q	S	T	A	V	L	I	F	Y	W	H	M	C	P
0	0.05671	0.01653	0.01728	0.01557	0.01995	0.01906	0.01212	0.03994	0.59600	0.03323	0.06099	0.03015	0.02581	0.01085	0.00797	0.00267	0.00615	0.00899	0.00794	0.01212
1	0.77733	0.01534	0.01166	0.01043	0.01534	0.01779	0.00859	0.02331	0.01350	0.03558	0.01104	0.01288	0.00859	0.00736	0.00491	0.00245	0.00613	0.00429	0.00491	0.00859
2	0.02544	0.11609	0.02380	0.01828	0.02280	0.35187	0.01443	0.07735	0.19273	0.02520	0.01789	0.01867	0.01421	0.00903	0.00798	0.00226	0.03987	0.00626	0.00532	0.01051
3	0.01440	0.01071	0.01220	0.01121	0.01387	0.01076	0.00824	0.02143	0.18084	0.04931	0.18462	0.04817	0.15900	0.13757	0.01554	0.05197	0.00554	0.01176	0.00712	0.04574
4	0.01131	0.00759	0.00871	0.00893	0.00899	0.00754	0.00511	0.01147	0.01196	0.01595	0.02720	0.13047	0.03162	0.63893	0.03678	0.00716	0.00732	0.01283	0.00511	0.00500
5	0.02438	0.02588	0.03108	0.02615	0.08286	0.25505	0.24023	0.09241	0.02199	0.05623	0.01619	0.01922	0.01241	0.00782	0.00803	0.00234	0.01203	0.00727	0.04787	0.01055
6	0.67249	0.11388	0.01580	0.01086	0.01603	0.01967	0.00928	0.02337	0.01386	0.03323	0.01104	0.01286	0.00881	0.00728	0.00493	0.00235	0.00646	0.00429	0.00470	0.00881
7	0.01205	0.00912	0.01125	0.01066	0.01282	0.00886	0.00800	0.01781	0.09877	0.03065	0.51805	0.09396	0.10502	0.01628	0.00924	0.00257	0.00411	0.01431	0.00849	0.00799
8	0.02117	0.01801	0.04902	0.01743	0.05621	0.01890	0.01346	0.18455	0.33998	0.03528	0.02619	0.02694	0.02009	0.04443	0.00929	0.00274	0.00709	0.00822	0.08918	0.01181
9	0.01345	0.00868	0.01084	0.00997	0.01250	0.00775	0.00759	0.01670	0.02143	0.10000	0.45792	0.05978	0.21039	0.01643	0.00921	0.00253	0.00414	0.01422	0.00852	0.00795
10	0.01382	0.01217	0.01753	0.01609	0.01692	0.01587	0.01300	0.01620	0.01250	0.01869	0.01675	0.02543	0.01592	0.04057	0.41463	0.00890	0.30549	0.00785	0.00393	0.00774
11	0.00964	0.00781	0.00856	0.00887	0.01100	0.00673	0.00646	0.01170	0.01796	0.02232	0.13738	0.20610	0.47654	0.02064	0.00952	0.00277	0.00411	0.01767	0.00751	0.00673
12	0.00990	0.00724	0.00931	0.01051	0.01147	0.00665	0.00723	0.01177	0.01680	0.02242	0.15811	0.52663	0.12718	0.02277	0.00990	0.00303	0.00438	0.02043	0.00760	0.00665
13	0.01734	0.01500	0.01877	0.01348	0.02055	0.01194	0.04983	0.05469	0.01773	0.02714	0.01449	0.01690	0.01186	0.00612	0.00621	0.00134	0.00650	0.00513	0.00483	0.68015
14	0.03350	0.01431	0.01860	0.01454	0.02049	0.01319	0.01192	0.06758	0.09630	0.57384	0.03082	0.02691	0.01987	0.00991	0.00798	0.00248	0.00679	0.00805	0.00953	0.01339
15	0.73527	0.01523	0.01204	0.01064	0.01561	0.01744	0.00876	0.02418	0.01402	0.07196	0.01219	0.01368	0.00921	0.00750	0.00508	0.00245	0.00617	0.00450	0.00519	0.00887
16	0.00946	0.00804	0.00815	0.00812	0.01076	0.00673	0.00609	0.01155	0.01828	0.02191	0.10784	0.07552	0.64082	0.01990	0.00937	0.00267	0.00400	0.01662	0.00743	0.00673
17	0.77733	0.01534	0.01166	0.01043	0.01534	0.01779	0.00859	0.02331	0.01350	0.03558	0.01104	0.01288	0.00859	0.00736	0.00491	0.00245	0.00613	0.00429	0.00491	0.00859
18	0.02746	0.03278	0.02468	0.02651	0.16661	0.50573	0.01729	0.06379	0.02232	0.02251	0.01321	0.01573	0.01091	0.00800	0.00735	0.00213	0.01292	0.00565	0.00426	0.01017
19	0.03533	0.01390	0.01865	0.01430	0.02044	0.01225	0.01181	0.06654	0.02337	0.64850	0.03072	0.02662	0.01935	0.00980	0.00797	0.00245	0.00684	0.00794	0.00973	0.01349
20	0.01498	0.01409	0.02378	0.70226	0.05462	0.01762	0.02202	0.02026	0.01586	0.02026	0.01409	0.02114	0.01057	0.00793	0.00793	0.00264	0.01057	0.00705	0.00352	0.00881
21	0.01622	0.00824	0.00887	0.00844	0.01047	0.00844	0.00648	0.01978	0.01681	0.07010	0.02550	0.02884	0.01982	0.00949	0.00664	0.00196	0.03635	0.00741	0.68232	0.00784
22	0.01986	0.18359	0.07151	0.02732	0.06479	0.05928	0.36597	0.02636	0.05866	0.02404	0.01558	0.01924	0.01221	0.00711	0.00802	0.00239	0.01159	0.00766	0.00410	0.01075
23	0.00937	0.00803	0.00803	0.00803	0.01071	0.00669	0.00602	0.01138	0.01807	0.02142	0.08033	0.07632	0.66863	0.02008	0.00937	0.00268	0.00402	0.01674	0.00736	0.00669
24	0.01153	0.00769	0.00865	0.00865	0.00865	0.00769	0.00480	0.01153	0.01153	0.01538	0.02499	0.05189	0.02883	0.72131	0.04036	0.00769	0.00769	0.01153	0.00480	0.00480
25	0.01786	0.02194	0.10508	0.06178	0.03560	0.02095	0.37400	0.02335	0.01654	0.02335	0.01419	0.01977	0.01130	0.00884	0.01375	0.00288	0.20672	0.00821	0.00377	0.01014
26	0.01647	0.01600	0.02792	0.47068	0.13682	0.01827	0.11162	0.02296	0.05721	0.02261	0.01564	0.02150	0.01192	0.00781	0.00813	0.00261	0.01054	0.00751	0.00394	0.00984
27	0.01872	0.02139	0.04679	0.03342	0.04144	0.02005	0.64305	0.02540	0.01872	0.02540	0.01604	0.02139	0.01203	0.00668	0.00936	0.00267	0.01337	0.00936	0.00401	0.01070
28	0.00955	0.00804	0.00828	0.00822	0.01082	0.00677	0.00616	0.01172	0.01849	0.02241	0.13597	0.07470	0.61237	0.01972	0.00937	0.00266	0.00399	0.01651	0.00749	0.00677
29	0.01742	0.01682	0.06574	0.02122	0.05504	0.01514	0.20808	0.05445	0.10370	0.06452	0.18177	0.07352	0.06341	0.01159	0.00891	0.00261	0.00828	0.01112	0.00650	0.01016
30	0.01829	0.02071	0.04503	0.03237	0.04004	0.01942	0.61327	0.02473	0.01855	0.02516	0.01734	0.05393	0.01393	0.00754	0.00939	0.00270	0.01296	0.00998	0.00417	0.01050
31	0.02879	0.03638	0.02199	0.02014	0.02412	0.65591	0.01520	0.03091	0.02226	0.01962	0.01372	0.01801	0.01196	0.00885	0.00734	0.00212	0.01395	0.03537	0.00424	0.00910
32	0.77733	0.01534	0.01166	0.01043	0.01534	0.01779	0.00859	0.02331	0.01350	0.03558	0.01104	0.01288	0.00859	0.00736	0.00491	0.00245	0.00613	0.00429	0.00491	0.00859
33	0.77733	0.01534	0.01166	0.01043	0.01534	0.01779	0.00859	0.02331	0.01350	0.03558	0.01104	0.01288	0.00859	0.00736	0.00491	0.00245	0.00613	0.00429	0.00491	0.00859
34	0.01708	0.01824	0.03701	0.08265	0.12094	0.01754	0.41187	0.02258	0.01801	0.02432	0.02226	0.09632	0.05341	0.00947	0.00913	0.00269	0.01119	0.01066	0.00450	0.01013
35	0.01496	0.01158	0.01303	0.01209	0.01508	0.01208	0.00914	0.02510	0.26061	0.05318	0.23332	0.08188	0.15553	0.05378	0.01056	0.00292	0.00512	0.01275	0.00799	0.00928
36	0.01549	0.03428	0.52047	0.02180	0.03171	0.01697	0.08567	0.02365	0.01777	0.02612	0.11030	0.02343	0.01974	0.00872	0.00798	0.00252	0.01071	0.00744	0.00420	0.01100
37	0.02674	0.09993	0.02431	0.08313	0.02603	0.12681	0.01473	0.30043	0.02709	0.09486	0.01725	0.01828	0.01272	0.00851	0.00729	0.00216	0.00928	0.00632	0.00625	0.08786
38	0.02766	0.01787	0.02001	0.01598	0.02149	0.01903	0.01293	0.32622	0.15477	0.19376	0.02795	0.02713	0.05138	0.03524	0.00918	0.00266	0.00749	0.00835	0.00827	0.01265
39	0.01061	0.00739	0.00936	0.01043	0.01084	0.00721	0.00683	0.01167	0.01389	0.01855	0.03563	0.40266	0.04181	0.28560	0.05177	0.00533	0.00665	0.05160	0.00627	0.00591
40	0.09372	0.01633	0.01703	0.01376	0.01847	0.01776	0.01118	0.35717	0.02769	0.06537	0.02104	0.02227	0.01554	0.00924	0.00686	0.00221	0.00674	0.00699	0.25961	0.01101
41	0.01889	0.01446	0.01700	0.01230	0.01922	0.01139	0.00989	0.05391	0.01809	0.08638	0.01591	0.01754	0.01255	0.00642	0.00617	0.00135	0.00610	0.00512	0.00533	0.66198
42	0.13779	0.01928	0.01946	0.01571	0.02111	0.04312	0.01277	0.36927	0.10963	0.07379	0.02054	0.02067	0.01494	0.00930	0.00726	0.00237	0.00766	0.00695	0.07643	0.01195
43	0.01195	0.00794	0.00975	0.00930	0.01120	0.00743	0.00697	0.01560	0.02092	0.03081	0.49413	0.05325	0.08980	0.01480	0.00848	0.00236	0.00374	0.01287	0.18128	0.00743
44	0.01972	0.01703	0.01793	0.01614	0.02062	0.01972	0.01255	0.04214	0.65752	0.03317	0.03228	0.02959	0.02421	0.01076	0.00807	0.00269	0.00628	0.00897	0.00807	0.01255
45	0.01735	0.01735	0.02429	0.02082	0.02082	0.02429	0.01735	0.01908	0.01214	0.01908	0.01041	0.01735	0.01041	0.01388	0.02602	0.00347	0.70680	0.00694	0.00347	0.00867
46	0.01122	0.00811	0.01060	0.00998	0.01185	0.00748	0.00748	0.01496	0.02245	0.03180	0.66766	0.05923	0.07482	0.01621	0.00935	0.00249	0.00374	0.01434	0.00873	0.00748
47	0.01074	0.00809	0.00993	0.00947	0.01155	0.00728	0.00710	0.01403	0.02131	0.02910	0.51482	0.06368	0.22936	0.01722	0.00936	0.00254	0.00381	0.01496	0.00837	0.00728
48	0.01115	0.00805	0.01053	0.01003	0.01183	0.00743	0.00748	0.01477	0.02209	0.03124	0.63724	0.09127	0.07373	0.01663	0.00939	0.00253	0.00378	0.01474	0.00866	0.00743
49	0.02099	0.63527	0.10242	0.01469	0.02185	0.05384	0.01515	0.02416	0.01640	0.01931	0.01138	0.01316	0.01017	0.00691	0.00540	0.00179	0.00900	0.00443	0.00341	0.01029
50	0.02043	0.62694	0.13398	0.01488	0.02237	0.02950	0.01584	0.02394	0.01620	0.01959	0.01149	0.01330	0.01016	0.00689	0.00544	0.00181	0.00895	0.00447	0.00339	0.01040
51	0.02788	0.04899	0.02280	0.01771	0.02327	0.13767	0.01434	0.42241	0.10072	0.04081	0.01935	0.01964	0.01430	0.00931	0.00760	0.00231	0.00917	0.00690	0.04260	0.01224
52	0.01223	0.00883	0.01201	0.01318	0.01506	0.00861	0.01119	0.01581	0.01920	0.02544	0.18691	0.08181	0.08762	0.02050	0.01050	0.00333	0.00630	0.44653	0.00763	0.00731
53	0.02151	0.65396	0.06695	0.01438	0.02120	0.07251	0.01433	0.02430	0.01654	0.01897	0.01124	0.01299	0.01017	0.00690	0.00532	0.00175	0.00898	0.00436	0.00343	0.01018
54	0.08110	0.01331	0.01630	0.14073	0.05606	0.01475	0.01223	0.15830	0.02049	0.03089	0.04964	0.02716	0.01885	0.07369	0.05310	0.00341	0.00804	0.00775	0.20508	0.00914
55	0.04243	0.46953	0.18050	0.01865	0.07766	0.02681	0.01793	0.02392	0.01620	0.02121	0.01204	0.01435	0.01031	0.00724	0.00659	0.00202	0.03360	0.00493	0.00348	0.01062
56	0.01498	0.01409	0.02378	0.70226	0.05462	0.01762	0.02202	0.02026	0.01586	0.02026	0.01409	0.02114	0.01057	0.00793	0.00793	0.00264	0.01057	0.00705	0.00352	0.00881
57	0.03558	0.01350	0.01840	0.01411	0.02024	0.01166	0.01166	0.03865	0.02270	0.67734	0.03128	0.02699	0.01963	0.00981	0.00797	0.00245	0.00675	0.00797	0.00981	0.01350
58	0.01075	0.00768	0.00989	0.01118	0.01194	0.00737	0.00757	0.03956	0.01630	0.02183	0.07035	0.61704	0.05040	0.06325	0.01170	0.00340	0.00492	0.02085	0.00730	0.00671
59	0.01498	0.01409	0.02378	0.70226	0.05462	0.01762	0.02202	0.02026	0.01586	0.02026	0.01409	0.02114	0.01057	0.00793	0.00793	0.00264	0.01057	0.00705	0.00352	0.00881
60	0.00966	0.00690	0.00920	0.01104	0.01150	0.00644	0.00736	0.01104	0.01518	0.02024	0.04371	0.71614	0.05245	0.02484	0.01012	0.00322	0.00460	0.02254	0.00736	0.00644
61	0.00976	0.00702	0.00928	0.01104	0.01164	0.00654	0.00749	0.01124	0.01541	0.02041	0.04517	0.66792	0.07789	0.02454	0.01012	0.00321	0.00467	0.04280	0.00736	0.00648
62	0.01940	0.01861	0.03178	0.08040	0.64189	0.01878	0.02422	0.02414	0.01795	0.02563	0.01488	0.01970	0.01246	0.00711	0.00785	0.00237	0.00948	0.00706	0.00391	0.01238
63	0.01173	0.00866	0.01107	0.01066	0.01270	0.00824	0.00820	0.01634	0.05455	0.03056	0.54409	0.06154	0.09813	0.01669	0.00945	0.00263	0.00424	0.07435	0.00849	0.00769
64	0.02019	0.49015	0.19225	0.01604	0.02386	0.06462	0.01724	0.02435	0.01664	0.02058	0.01200	0.01394	0.01022	0.00700	0.00583	0.00189	0.00947	0.00470	0.00348	0.04556
65	0.01802	0.01329	0.01718	0.18557	0.06670	0.01484	0.01343	0.06901	0.16430	0.05636	0.05461	0.02745	0.02044	0.00950	0.00731	0.00236	0.00683	0.00799	0.23486	0.00993
66	0.01071	0.00761	0.01016	0.01165	0.01253	0.00729	0.00852	0.01274	0.01625	0.02167	0.09241	0.45519	0.05072	0.07792	0.01263	0.00362	0.00544	0.16907	0.00726	0.00661
67	0.01707	0.01447	0.01678	0.01204	0.01906	0.01122	0.00966	0.04872	0.01740	0.02695	0.01432	0.01656	0.01183	0.00604	0.00597	0.00123	0.00600	0.00481	0.00485	0.73502
68	0.02322	0.01760	0.01945	0.01508	0.02073	0.01789	0.01211	0.36908	0.02811	0.03882	0.05485	0.05638	0.01914	0.04997	0.00938	0.00239	0.00739	0.00785	0.00687	0.22369
69	0.40054	0.05928	0.01662	0.01254	0.01786	0.01702	0.01041	0.09176	0.01889	0.22235	0.01931	0.05069	0.01448	0.00909	0.00637	0.00244	0.00666	0.00652	0.00667	0.01052
70	0.01102	0.00810	0.01031	0.00976	0.01172	0.00739	0.00732	0.01456	0.02196	0.03064	0.60208	0.06114	0.14113	0.01664	0.00935	0.00251	0.00377	0.01461	0.00858	0.00739
71	0.01751	0.02224	0.13412	0.02669	0.06078	0.02106	0.24670	0.02238	0.01555	0.02261	0.01365	0.01933	0.01139	0.01161	0.04034	0.00332	0.28929	0.00771	0.00370	0.01001
72	0.00966	0.00690	0.00920	0.01104	0.01150	0.00644	0.00736	0.01104	0.01518	0.02024	0.04371	0.71614	0.05245	0.02484	0.01012	0.00322	0.00460	0.02254	0.00736	0.00644
73	0.01115	0.00809	0.01053	0.01010	0.01195	0.00747	0.00760	0.01474	0.02188	0.03072	0.60198	0.08473	0.09527	0.01686	0.00944	0.00257	0.00390	0.03504	0.00858	0.00741
74	0.01963	0.01884	0.03219	0.04867	0.67185	0.01884	0.02434	0.02434	0.01806	0.02591	0.01492	0.01963	0.01256	0.00707	0.00785	0.00236	0.00942	0.00707	0.00393	0.01256
75	0.01725	0.00977	0.01002	0.00913	0.01170	0.01015	0.00707	0.11905	0.01994	0.03284	0.02477	0.02788	0.01923	0.00928	0.00593	0.00193	0.00450	0.00735	0.64383	0.00837
76	0.02376	0.01901	0.02064	0.05237	0.02401	0.02162	0.01408	0.28903	0.36945	0.03942	0.02590	0.02481	0.01910	0.01010	0.00801	0.00256	0.00750	0.00812	0.00778	0.01274
77	0.01377	0.00689	0.01033	0.01033	0.01033	0.00689	0.00689	0.01033	0.01033	0.01377	0.01377	0.02410	0.01377	0.02755	0.03099	0.76928	0.00689	0.00689	0.00344	0.00344
78	0.00966	0.00690	0.00920	0.01104	0.01150	0.00644	0.00736	0.01104	0.01518	0.02024	0.04371	0.71614	0.05245	0.02484	0.01012	0.00322	0.00460	0.02254	0.00736	0.00644
79	0.03014	0.02221	0.02380	0.01825	0.02459	0.02459	0.01507	0.64541	0.03728	0.04998	0.01904	0.01904	0.01349	0.00952	0.00793	0.00238	0.00873	0.00714	0.00793	0.01349
80	0.02059	0.01373	0.01767	0.01693	0.05553	0.04398	0.04624	0.09809	0.04384	0.17215	0.03274	0.28240	0.03226	0.01605	0.00907	0.00283	0.00711	0.07143	0.00747	0.00988
81	0.01478	0.00739	0.00739	0.00739	0.00924	0.00739	0.00554	0.01848	0.01663	0.02956	0.02587	0.02956	0.02033	0.00924	0.00554	0.00185	0.00370	0.00739	0.76534	0.00739
82	0.00937	0.00803	0.00803	0.00803	0.01071	0.00669	0.00602	0.01138	0.01807	0.02142	0.08033	0.07632	0.66863	0.02008	0.00937	0.00268	0.00402	0.01674	0.00736	0.00669
83	0.02847	0.02186	0.02283	0.01798	0.02396	0.04388	0.01468	0.53101	0.13541	0.04638	0.02094	0.02057	0.01509	0.00968	0.00793	0.00242	0.00850	0.00737	0.00784	0.01321
84	0.03847	0.06494	0.63758	0.02192	0.03326	0.01886	0.02812	0.02501	0.01662	0.02519	0.01402	0.01648	0.01001	0.00750	0.00737	0.00248	0.01144	0.00576	0.00340	0.01157
85	0.01936	0.01870	0.03230	0.08037	0.61851	0.01882	0.04668	0.02417	0.01797	0.02561	0.01492	0.01977	0.01244	0.00709	0.00791	0.00238	0.00962	0.00715	0.00391	0.01231
86	0.01914	0.01973	0.05143	0.18395	0.30076	0.04255	0.15278	0.05337	0.04989	0.02577	0.01590	0.02052	0.01247	0.00752	0.00817	0.00250	0.01056	0.00754	0.00423	0.01125
87	0.00972	0.00694	0.00925	0.01100	0.01151	0.00648	0.00737	0.01118	0.01543	0.02064	0.06517	0.69354	0.05322	0.02455	0.01010	0.00320	0.00457	0.02226	0.00741	0.00648
88	0.01036	0.00780	0.01128	0.01212	0.01314	0.00729	0.03839	0.01232	0.01622	0.02183	0.10877	0.59366	0.05266	0.02295	0.01003	0.00313	0.00502	0.03890	0.00734	0.00678
89	0.02271	0.51398	0.06654	0.01523	0.02190	0.07090	0.01458	0.11531	0.05075	0.02425	0.01345	0.01474	0.01133	0.00750	0.00589	0.00190	0.00893	0.00502	0.00432	0.01078
90	0.01606	0.01706	0.10383	0.01460	0.01932	0.01491	0.01284	0.02939	0.32561	0.03073	0.21395	0.03829	0.07100	0.01217	0.00834	0.00254	0.00614	0.01032	0.00743	0.04548
91	0.06020	0.11467	0.17688	0.01989	0.08480	0.01941	0.01768	0.13915	0.05204	0.20877	0.02012	0.02014	0.01414	0.00851	0.00734	0.00236	0.00868	0.00664	0.00629	0.01229
92	0.11009	0.21535	0.06044	0.07130	0.02508	0.20512	0.01513	0.13030	0.02141	0.05744	0.01407	0.01578	0.01103	0.00796	0.00659	0.00214	0.01009	0.00545	0.00482	0.01041
93	0.04972	0.00971	0.01383	0.01343	0.01487	0.01172	0.01058	0.01510	0.01272	0.01932	0.01967	0.02889	0.01834	0.05241	0.59065	0.01132	0.08807	0.00814	0.00420	0.00731
94	0.06407	0.02124	0.02323	0.07230	0.02655	0.02372	0.01532	0.56641	0.03446	0.04693	0.01827	0.01892	0.01302	0.00929	0.00779	0.00240	0.00875	0.00700	0.00744	0.01288
95	0.00976	0.00698	0.00929	0.01097	0.01152	0.00651	0.00737	0.01129	0.01564	0.02097	0.08322	0.67454	0.05386	0.02430	0.01007	0.00317	0.00455	0.02202	0.00745	0.00651
96	0.01140	0.00887	0.01151	0.03724	0.01450	0.00841	0.00848	0.01322	0.01513	0.02082	0.03628	0.48530	0.05957	0.06464	0.01196	0.00315	0.03655	0.01753	0.00645	0.12899
97	0.01608	0.01431	0.01587	0.01395	0.01767	0.06792	0.04550	0.08504	0.07890	0.02599	0.03674	0.25040	0.13565	0.01535	0.00853	0.00250	0.00662	0.01333	0.00656	0.14307
98	0.01784	0.01438	0.01811	0.01434	0.04655	0.01177	0.03974	0.05300	0.01810	0.05861	0.01959	0.02143	0.04989	0.00730	0.00651	0.00153	0.00636	0.00610	0.03915	0.54970
99	0.01973	0.20049	0.16150	0.05646	0.24225	0.05164	0.02074	0.05504	0.04070	0.02474	0.01571	0.02069	0.01325	0.00811	0.00722	0.00229	0.00967	0.03433	0.00416	0.01129
100	0.02100	0.04627	0.02401	0.37485	0.06284	0.01978	0.01848	0.22011	0.02317	0.06068	0.01876	0.02233	0.03569	0.00888	0.00786	0.00250	0.00944	0.00735	0.00537	0.01063
101	0.02024	0.17431	0.10218	0.01661	0.02262	0.13880	0.04496	0.08380	0.01952	0.02474	0.03612	0.07225	0.01663	0.01180	0.04453	0.00262	0.00995	0.00716	0.00474	0.14642

[dist]
# distance from previous block
# <min> <max>
35	67

[block]
# block no. 3 follows, 24 sequences, length 27
# corresponding to MSA columns:
# 234-260
name=unknown_D
#
# <colnr> <probs for GDERKNQSTAVLIFYWHMCP>
#	G	D	E	R	K	N	Q	S	T	A	V	L	I	F	Y	W	H	M	C	P
0	0.10147	0.04851	0.19283	0.01553	0.02180	0.04295	0.01539	0.08377	0.05888	0.07526	0.16982	0.04465	0.02802	0.01040	0.00762	0.00238	0.00773	0.00837	0.00616	0.05846
1	0.03860	0.06381	0.06305	0.13322	0.02939	0.03636	0.13255	0.02076	0.01527	0.02166	0.01458	0.02149	0.01275	0.06165	0.06420	0.00368	0.16657	0.00724	0.00390	0.08925
2	0.28222	0.01419	0.01715	0.15130	0.07904	0.01609	0.01339	0.02258	0.05700	0.06228	0.01952	0.12543	0.01788	0.01086	0.00833	0.00264	0.05269	0.00856	0.00530	0.03356
3	0.01732	0.19682	0.49910	0.02193	0.06533	0.02141	0.02543	0.02476	0.01667	0.02368	0.01353	0.01598	0.01021	0.00734	0.00699	0.00232	0.01085	0.00555	0.00339	0.01141
4	0.01656	0.12570	0.60128	0.02149	0.03259	0.02002	0.02735	0.02494	0.01666	0.02431	0.01383	0.01624	0.01006	0.00744	0.00723	0.00241	0.01132	0.00566	0.00335	0.01153
5	0.02097	0.56705	0.09702	0.01438	0.02121	0.02742	0.01464	0.02418	0.01637	0.06208	0.01334	0.01529	0.01144	0.01068	0.05269	0.00258	0.00955	0.00493	0.00386	0.01032
6	0.59098	0.09563	0.01508	0.01088	0.01566	0.01806	0.00912	0.02274	0.01467	0.05001	0.05423	0.04541	0.01505	0.00864	0.00551	0.00240	0.00620	0.00578	0.00521	0.00874
7	0.01111	0.00810	0.01045	0.00986	0.01178	0.00744	0.00740	0.01475	0.02219	0.03119	0.63315	0.06024	0.10972	0.01644	0.00935	0.00250	0.00376	0.01448	0.00865	0.00744
8	0.02868	0.02106	0.02252	0.01749	0.02348	0.02332	0.01438	0.57620	0.06935	0.04787	0.02015	0.02022	0.01446	0.00957	0.00780	0.00237	0.00830	0.00725	0.05245	0.01308
9	0.01872	0.02139	0.04679	0.03342	0.04144	0.02005	0.64305	0.02540	0.01872	0.02540	0.01604	0.02139	0.01203	0.00668	0.00936	0.00267	0.01337	0.00936	0.00401	0.01070
10	0.08658	0.08997	0.02462	0.01983	0.06557	0.21940	0.01511	0.32009	0.02791	0.03548	0.01543	0.01663	0.01178	0.00855	0.00720	0.00222	0.01018	0.00605	0.00590	0.01148
11	0.02097	0.68337	0.04051	0.01401	0.02038	0.03095	0.01380	0.02346	0.01587	0.01868	0.01099	0.01300	0.01019	0.00721	0.00635	0.00180	0.05057	0.00440	0.00340	0.01009
12	0.00964	0.00697	0.00913	0.01085	0.01145	0.00646	0.00728	0.01106	0.01537	0.02032	0.04603	0.67561	0.09148	0.02454	0.01007	0.00319	0.00456	0.02218	0.00736	0.00646
13	0.01707	0.19158	0.53986	0.02062	0.03125	0.02126	0.02584	0.02481	0.01660	0.02369	0.01353	0.01586	0.01007	0.00737	0.00700	0.00233	0.01101	0.00550	0.00336	0.01138
14	0.03558	0.01350	0.01840	0.01411	0.02024	0.01166	0.01166	0.03865	0.02270	0.67734	0.03128	0.02699	0.01963	0.00981	0.00797	0.00245	0.00675	0.00797	0.00981	0.01350
15	0.00966	0.00690	0.00920	0.01104	0.01150	0.00644	0.00736	0.01104	0.01518	0.02024	0.04371	0.71614	0.05245	0.02484	0.01012	0.00322	0.00460	0.02254	0.00736	0.00644
16	0.00987	0.00803	0.00881	0.00916	0.01146	0.00697	0.00696	0.01208	0.01804	0.02214	0.10656	0.14557	0.50235	0.02056	0.00962	0.00283	0.00441	0.08037	0.00744	0.00678
17	0.05438	0.01974	0.02062	0.01862	0.05833	0.05257	0.01401	0.23854	0.36160	0.03775	0.02515	0.02416	0.01873	0.00988	0.00784	0.00253	0.00763	0.00789	0.00748	0.01254
18	0.77733	0.01534	0.01166	0.01043	0.01534	0.01779	0.00859	0.02331	0.01350	0.03558	0.01104	0.01288	0.00859	0.00736	0.00491	0.00245	0.00613	0.00429	0.00491	0.00859
19	0.01476	0.01417	0.02588	0.06765	0.02653	0.01435	0.24816	0.01901	0.01768	0.02460	0.12912	0.15006	0.06756	0.01308	0.01080	0.00276	0.07786	0.01232	0.05497	0.00867
20	0.01807	0.01840	0.02407	0.10186	0.12444	0.08959	0.01798	0.02081	0.01460	0.02023	0.01282	0.01924	0.01171	0.01625	0.08742	0.00401	0.37868	0.00694	0.00369	0.00918
21	0.01650	0.01430	0.01694	0.01232	0.01892	0.01143	0.00990	0.01991	0.01617	0.02542	0.01386	0.01650	0.01166	0.00638	0.00714	0.00132	0.04994	0.00484	0.00462	0.72194
22	0.02058	0.06464	0.04901	0.03372	0.33260	0.04847	0.09257	0.08732	0.10321	0.02866	0.04790	0.02218	0.01669	0.00821	0.00792	0.00239	0.00936	0.00763	0.00505	0.01188
23	0.05401	0.07902	0.40158	0.01878	0.02784	0.01814	0.02170	0.06071	0.06008	0.06969	0.05444	0.02037	0.01560	0.00834	0.00733	0.00237	0.00956	0.00651	0.00480	0.05915
24	0.16529	0.07727	0.44017	0.02046	0.05563	0.01953	0.02315	0.06501	0.01746	0.02839	0.01375	0.01601	0.01010	0.00756	0.00691	0.00243	0.01014	0.00559	0.00398	0.01116
25	0.02214	0.01863	0.06140	0.01685	0.04857	0.06003	0.01344	0.08908	0.25482	0.13186	0.06556	0.02899	0.05794	0.01032	0.00787	0.00239	0.00727	0.00843	0.00725	0.08714
26	0.01942	0.01566	0.01935	0.01464	0.02098	0.01404	0.05179	0.11689	0.08522	0.05763	0.01921	0.05809	0.01591	0.00820	0.00696	0.00178	0.00680	0.00694	0.00585	0.45463

[dist]
# distance from previous block
# <min> <max>
1	16

[block]
# block no. 4 follows, 24 sequences, length 237
# corresponding to MSA columns:
# 277-513
name=unknown_E
#
# <colnr> <probs for GDERKNQSTAVLIFYWHMCP>
#	G	D	E	R	K	N	Q	S	T	A	V	L	I	F	Y	W	H	M	C	P
0	0.07927	0.01415	0.04038	0.01354	0.01839	0.01284	0.01113	0.07882	0.08174	0.26369	0.10592	0.12786	0.02917	0.01223	0.00804	0.00248	0.00625	0.01025	0.00797	0.07591
1	0.08595	0.05014	0.17462	0.01891	0.02632	0.01614	0.13087	0.05248	0.01970	0.22376	0.04904	0.02449	0.04325	0.00891	0.00778	0.00243	0.00892	0.00774	0.00618	0.04238
2	0.01850	0.02276	0.12195	0.06026	0.17627	0.04638	0.31264	0.02420	0.01784	0.02448	0.01511	0.01997	0.01182	0.00794	0.00949	0.03876	0.01153	0.00777	0.00389	0.04845
3	0.01877	0.05405	0.05435	0.03295	0.36380	0.04378	0.03971	0.02392	0.04680	0.02530	0.01655	0.05052	0.01440	0.00782	0.00740	0.00212	0.00865	0.00715	0.00440	0.17756
4	0.01958	0.01392	0.01574	0.01247	0.01768	0.04190	0.00986	0.05315	0.04673	0.13920	0.17511	0.03137	0.05534	0.01005	0.00744	0.00193	0.00598	0.00834	0.00690	0.32732
5	0.01205	0.00965	0.01097	0.01103	0.01275	0.03594	0.00795	0.01622	0.07081	0.02637	0.32566	0.25868	0.10476	0.04733	0.01067	0.00294	0.00483	0.01613	0.00780	0.00747
6	0.02235	0.01665	0.01868	0.01483	0.02033	0.01663	0.01183	0.29838	0.05758	0.06188	0.02271	0.13288	0.02009	0.01099	0.00767	0.00217	0.00699	0.00904	0.00694	0.24137
7	0.74044	0.01658	0.04405	0.01102	0.01626	0.01782	0.00959	0.02340	0.01365	0.03507	0.01120	0.01307	0.00866	0.00737	0.00503	0.00246	0.00640	0.00437	0.00483	0.00874
8	0.01963	0.01884	0.03219	0.04867	0.67185	0.01884	0.02434	0.02434	0.01806	0.02591	0.01492	0.01963	0.01256	0.00707	0.00785	0.00236	0.00942	0.00707	0.00393	0.01256
9	0.01377	0.00689	0.01033	0.01033	0.01033	0.00689	0.00689	0.01033	0.01033	0.01377	0.01377	0.02410	0.01377	0.02755	0.03099	0.76928	0.00689	0.00689	0.00344	0.00344
10	0.01122	0.00811	0.01060	0.00998	0.01185	0.00748	0.00748	0.01496	0.02245	0.03180	0.66766	0.05923	0.07482	0.01621	0.00935	0.00249	0.00374	0.01434	0.00873	0.00748
11	0.01478	0.00739	0.00739	0.00739	0.00924	0.00739	0.00554	0.01848	0.01663	0.02956	0.02587	0.02956	0.02033	0.00924	0.00554	0.00185	0.00370	0.00739	0.76534	0.00739
12	0.03513	0.01421	0.01885	0.01445	0.02060	0.01272	0.01194	0.08858	0.02390	0.62571	0.03028	0.02634	0.01912	0.00979	0.00797	0.00245	0.00691	0.00791	0.00966	0.01349
13	0.01866	0.02123	0.04590	0.03292	0.04062	0.02022	0.61821	0.02515	0.01846	0.02515	0.01582	0.02123	0.01197	0.00697	0.01002	0.00271	0.04090	0.00926	0.00399	0.01061
14	0.02902	0.02154	0.02319	0.01771	0.02411	0.02344	0.01461	0.59394	0.03557	0.04799	0.01863	0.01883	0.01334	0.00922	0.00776	0.00228	0.00849	0.00694	0.00767	0.07572
15	0.03014	0.02221	0.02380	0.01825	0.02459	0.02459	0.01507	0.64541	0.03728	0.04998	0.01904	0.01904	0.01349	0.00952	0.00793	0.00238	0.00873	0.00714	0.00793	0.01349
16	0.01714	0.01848	0.06285	0.05699	0.14749	0.01738	0.28052	0.02396	0.07104	0.02630	0.10904	0.06030	0.02363	0.00967	0.00953	0.00264	0.03764	0.00989	0.00508	0.01042
17	0.02810	0.01907	0.02093	0.01650	0.02224	0.02061	0.01348	0.42673	0.11284	0.13817	0.02558	0.02456	0.04588	0.01019	0.00793	0.00242	0.00772	0.00794	0.03627	0.01283
18	0.01963	0.01884	0.03219	0.04867	0.67185	0.01884	0.02434	0.02434	0.01806	0.02591	0.01492	0.01963	0.01256	0.00707	0.00785	0.00236	0.00942	0.00707	0.00393	0.01256
19	0.21678	0.01824	0.01751	0.01450	0.01945	0.05236	0.01171	0.29095	0.08205	0.03946	0.07668	0.02493	0.05170	0.01011	0.00723	0.00241	0.00725	0.00758	0.03828	0.01083
20	0.02343	0.15598	0.14311	0.02129	0.05538	0.33212	0.04962	0.02724	0.01934	0.02107	0.01403	0.01871	0.01205	0.00856	0.00793	0.00224	0.03971	0.03431	0.00395	0.00993
21	0.02962	0.03779	0.02247	0.02043	0.02451	0.68948	0.01532	0.03166	0.02247	0.01941	0.01226	0.01430	0.01021	0.00817	0.00715	0.00204	0.01430	0.00511	0.00409	0.00919
22	0.01417	0.01212	0.01595	0.01438	0.01445	0.01534	0.01075	0.01509	0.01187	0.01721	0.01818	0.03519	0.02002	0.36777	0.06532	0.00602	0.32604	0.00930	0.00417	0.00667
23	0.02962	0.03779	0.02247	0.02043	0.02451	0.68948	0.01532	0.03166	0.02247	0.01941	0.01226	0.01430	0.01021	0.00817	0.00715	0.00204	0.01430	0.00511	0.00409	0.00919
24	0.01999	0.01996	0.03321	0.04586	0.57910	0.04957	0.08596	0.02478	0.01832	0.02556	0.01491	0.01956	0.01240	0.00708	0.00797	0.00237	0.01004	0.00721	0.00394	0.01222
25	0.01725	0.01698	0.02366	0.02032	0.02039	0.02366	0.01691	0.01906	0.01231	0.01947	0.01098	0.01780	0.01078	0.01371	0.02526	0.00341	0.68075	0.00696	0.03170	0.00863
26	0.00941	0.00789	0.00818	0.00842	0.01081	0.00666	0.00620	0.01134	0.01770	0.02127	0.07563	0.15838	0.58960	0.02069	0.00947	0.00275	0.00409	0.01748	0.00736	0.00666
27	0.01972	0.01703	0.01793	0.01614	0.02062	0.01972	0.01255	0.04214	0.65752	0.03317	0.03228	0.02959	0.02421	0.01076	0.00807	0.00269	0.00628	0.00897	0.00807	0.01255
28	0.02120	0.72609	0.04155	0.01357	0.02035	0.03138	0.01357	0.02374	0.01611	0.01866	0.01102	0.01272	0.01018	0.00678	0.00509	0.00170	0.00848	0.00424	0.00339	0.01018
29	0.01963	0.01884	0.03219	0.04867	0.67185	0.01884	0.02434	0.02434	0.01806	0.02591	0.01492	0.01963	0.01256	0.00707	0.00785	0.00236	0.00942	0.00707	0.00393	0.01256
30	0.00966	0.00690	0.00920	0.01104	0.01150	0.00644	0.00736	0.01104	0.01518	0.02024	0.04371	0.71614	0.05245	0.02484	0.01012	0.00322	0.00460	0.02254	0.00736	0.00644
31	0.01590	0.04102	0.68023	0.02260	0.03432	0.01842	0.02930	0.02511	0.01674	0.02511	0.01423	0.01674	0.01005	0.00753	0.00753	0.00251	0.01172	0.00586	0.00335	0.01172
32	0.01256	0.01047	0.01599	0.01360	0.01674	0.00938	0.09553	0.01613	0.01951	0.02741	0.34438	0.18415	0.07313	0.01545	0.00906	0.00250	0.00554	0.01416	0.00722	0.10708
33	0.00966	0.00690	0.00920	0.01104	0.01150	0.00644	0.00736	0.01104	0.01518	0.02024	0.04371	0.71614	0.05245	0.02484	0.01012	0.00322	0.00460	0.02254	0.00736	0.00644
34	0.03460	0.01407	0.01863	0.01440	0.02046	0.01263	0.01186	0.06734	0.05232	0.61847	0.03075	0.02673	0.01955	0.00984	0.00798	0.00246	0.00682	0.00798	0.00965	0.01345
35	0.01963	0.01884	0.03219	0.04867	0.67185	0.01884	0.02434	0.02434	0.01806	0.02591	0.01492	0.01963	0.01256	0.00707	0.00785	0.00236	0.00942	0.00707	0.00393	0.01256
36	0.03447	0.01325	0.01805	0.01392	0.01986	0.01146	0.01146	0.03756	0.02269	0.64788	0.06033	0.02846	0.02215	0.01011	0.00804	0.00246	0.00661	0.00827	0.00977	0.01322
37	0.01133	0.00850	0.01274	0.01274	0.01416	0.00991	0.00991	0.01416	0.01274	0.01841	0.02124	0.03115	0.01982	0.05947	0.68989	0.01274	0.02124	0.00850	0.00425	0.00708
38	0.01972	0.01703	0.01793	0.01614	0.02062	0.01972	0.01255	0.04214	0.65752	0.03317	0.03228	0.02959	0.02421	0.01076	0.00807	0.00269	0.00628	0.00897	0.00807	0.01255
39	0.01786	0.01820	0.02421	0.02080	0.02097	0.05197	0.01726	0.01961	0.01257	0.01910	0.01049	0.01722	0.01040	0.01364	0.02524	0.00341	0.67798	0.00686	0.00350	0.00870
40	0.01898	0.02031	0.03972	0.03034	0.06717	0.01992	0.47424	0.02904	0.15957	0.02714	0.01957	0.02311	0.01474	0.00760	0.00900	0.00266	0.01161	0.00916	0.00490	0.01119
41	0.74560	0.01528	0.01216	0.03922	0.01697	0.01778	0.00915	0.02318	0.01359	0.03494	0.01117	0.01323	0.00867	0.00738	0.00503	0.00246	0.00632	0.00441	0.00485	0.00860
42	0.02120	0.72609	0.04155	0.01357	0.02035	0.03138	0.01357	0.02374	0.01611	0.01866	0.01102	0.01272	0.01018	0.00678	0.00509	0.00170	0.00848	0.00424	0.00339	0.01018
43	0.01900	0.01821	0.03106	0.13601	0.58937	0.01868	0.02403	0.02379	0.01776	0.02515	0.01481	0.01983	0.01229	0.00718	0.00786	0.00239	0.00957	0.00706	0.00387	0.01206
44	0.01377	0.00689	0.01033	0.01033	0.01033	0.00689	0.00689	0.01033	0.01033	0.01377	0.01377	0.02410	0.01377	0.02755	0.03099	0.76928	0.00689	0.00689	0.00344	0.00344
45	0.01498	0.01409	0.02378	0.70226	0.05462	0.01762	0.02202	0.02026	0.01586	0.02026	0.01409	0.02114	0.01057	0.00793	0.00793	0.00264	0.01057	0.00705	0.00352	0.00881
46	0.03408	0.01364	0.01827	0.01410	0.02003	0.01207	0.01161	0.06685	0.02339	0.61428	0.06290	0.02824	0.02212	0.01012	0.00804	0.00245	0.00669	0.00826	0.00967	0.01319
47	0.00966	0.00690	0.00920	0.01104	0.01150	0.00644	0.00736	0.01104	0.01518	0.02024	0.04371	0.71614	0.05245	0.02484	0.01012	0.00322	0.00460	0.02254	0.00736	0.00644
48	0.57850	0.01717	0.01489	0.01251	0.01780	0.01960	0.01031	0.18885	0.01983	0.03941	0.01317	0.01452	0.00989	0.00794	0.00571	0.00243	0.00682	0.00505	0.00571	0.00989
49	0.01133	0.00850	0.01274	0.01274	0.01416	0.00991	0.00991	0.01416	0.01274	0.01841	0.02124	0.03115	0.01982	0.05947	0.68989	0.01274	0.02124	0.00850	0.00425	0.00708
50	0.03014	0.02221	0.02380	0.01825	0.02459	0.02459	0.01507	0.64541	0.03728	0.04998	0.01904	0.01904	0.01349	0.00952	0.00793	0.00238	0.00873	0.00714	0.00793	0.01349
51	0.01963	0.01884	0.03219	0.04867	0.67185	0.01884	0.02434	0.02434	0.01806	0.02591	0.01492	0.01963	0.01256	0.00707	0.00785	0.00236	0.00942	0.00707	0.00393	0.01256
52	0.03536	0.01384	0.01862	0.01427	0.02042	0.01217	0.01179	0.06273	0.02328	0.65244	0.03080	0.02667	0.01939	0.00980	0.00797	0.00245	0.00683	0.00794	0.00974	0.01349
53	0.01052	0.00808	0.00963	0.00924	0.01142	0.00718	0.00693	0.01361	0.02079	0.02787	0.44512	0.06571	0.29982	0.01768	0.00936	0.00256	0.00385	0.01525	0.00821	0.00718
54	0.02965	0.03704	0.02254	0.02032	0.02452	0.65726	0.01531	0.06140	0.02319	0.02089	0.01259	0.01453	0.01037	0.00824	0.00719	0.00206	0.01403	0.00521	0.00427	0.00940
55	0.03558	0.01350	0.01840	0.01411	0.02024	0.01166	0.01166	0.03865	0.02270	0.67734	0.03128	0.02699	0.01963	0.00981	0.00797	0.00245	0.00675	0.00797	0.00981	0.01350
56	0.00966	0.00690	0.00920	0.01104	0.01150	0.00644	0.00736	0.01104	0.01518	0.02024	0.04371	0.71614	0.05245	0.02484	0.01012	0.00322	0.00460	0.02254	0.00736	0.00644
57	0.01963	0.01884	0.03219	0.04867	0.67185	0.01884	0.02434	0.02434	0.01806	0.02591	0.01492	0.01963	0.01256	0.00707	0.00785	0.00236	0.00942	0.00707	0.00393	0.01256
58	0.03014	0.02221	0.02380	0.01825	0.02459	0.02459	0.01507	0.64541	0.03728	0.04998	0.01904	0.01904	0.01349	0.00952	0.00793	0.00238	0.00873	0.00714	0.00793	0.01349
59	0.01181	0.00917	0.01350	0.01323	0.01448	0.01097	0.01031	0.01445	0.01265	0.01835	0.02052	0.03083	0.01941	0.08040	0.61337	0.01182	0.07490	0.00849	0.00421	0.00712
60	0.01735	0.01735	0.02429	0.02082	0.02082	0.02429	0.01735	0.01908	0.01214	0.01908	0.01041	0.01735	0.01041	0.01388	0.02602	0.00347	0.70680	0.00694	0.00347	0.00867
61	0.01963	0.01884	0.03219	0.04867	0.67185	0.01884	0.02434	0.02434	0.01806	0.02591	0.01492	0.01963	0.01256	0.00707	0.00785	0.00236	0.00942	0.00707	0.00393	0.01256
62	0.01714	0.01451	0.01682	0.01207	0.01909	0.01128	0.00968	0.05162	0.01750	0.02706	0.01434	0.01657	0.01183	0.00606	0.00598	0.00124	0.00602	0.00482	0.00486	0.73152
63	0.01044	0.00808	0.00951	0.00915	0.01137	0.00715	0.00687	0.01345	0.02060	0.02741	0.41934	0.06646	0.32588	0.01785	0.00936	0.00257	0.00386	0.01535	0.00815	0.00715
64	0.02194	0.05351	0.01998	0.01622	0.02116	0.02067	0.01292	0.12692	0.51059	0.06141	0.02928	0.02712	0.02178	0.01034	0.00789	0.00259	0.00676	0.00843	0.00788	0.01260
65	0.03014	0.02221	0.02380	0.01825	0.02459	0.02459	0.01507	0.64541	0.03728	0.04998	0.01904	0.01904	0.01349	0.00952	0.00793	0.00238	0.00873	0.00714	0.00793	0.01349
66	0.01134	0.00846	0.01255	0.01255	0.01389	0.00980	0.00966	0.01403	0.01269	0.01826	0.02142	0.03216	0.02026	0.09154	0.65842	0.01250	0.02058	0.00864	0.00428	0.00697
67	0.01743	0.03037	0.33646	0.02847	0.03819	0.01930	0.36238	0.02527	0.01781	0.02527	0.01521	0.01926	0.01112	0.00707	0.00852	0.00260	0.01261	0.00776	0.00371	0.01116
68	0.01590	0.04102	0.68023	0.02260	0.03432	0.01842	0.02930	0.02511	0.01674	0.02511	0.01423	0.01674	0.01005	0.00753	0.00753	0.00251	0.01172	0.00586	0.00335	0.01172
69	0.03558	0.01350	0.01840	0.01411	0.02024	0.01166	0.01166	0.03865	0.02270	0.67734	0.03128	0.02699	0.01963	0.00981	0.00797	0.00245	0.00675	0.00797	0.00981	0.01350
70	0.01515	0.00884	0.00838	0.00829	0.01013	0.03861	0.00615	0.01855	0.01648	0.02792	0.02500	0.02999	0.02024	0.04497	0.03849	0.00263	0.00517	0.00753	0.66013	0.00734
71	0.01854	0.02079	0.06974	0.03751	0.26818	0.01898	0.36385	0.02441	0.01824	0.02536	0.01669	0.04923	0.01380	0.00761	0.00876	0.00257	0.01150	0.00891	0.00409	0.01124
72	0.00937	0.00803	0.00803	0.00803	0.01071	0.00669	0.00602	0.01138	0.01807	0.02142	0.08033	0.07632	0.66863	0.02008	0.00937	0.00268	0.00402	0.01674	0.00736	0.00669
73	0.01685	0.01563	0.02320	0.05059	0.02534	0.01292	0.14343	0.02113	0.01689	0.02547	0.01450	0.01772	0.01175	0.00615	0.00671	0.00156	0.00768	0.00580	0.00450	0.57219
74	0.77733	0.01534	0.01166	0.01043	0.01534	0.01779	0.00859	0.02331	0.01350	0.03558	0.01104	0.01288	0.00859	0.00736	0.00491	0.00245	0.00613	0.00429	0.00491	0.00859
