[name]
unknown

[dist]
# distance from previous block
# <min> <max>
7	79

[block]
# block no. 0 follows, 25 sequences, length 74
# corresponding to MSA columns:
# 93-166
name=unknown_A
#
# <colnr> <probs for GDERKNQSTAVLIFYWHMCP>
#	G	D	E	R	K	N	Q	S	T	A	V	L	I	F	Y	W	H	M	C	P
0	0.01383	0.00923	0.01140	0.01112	0.01309	0.00893	0.00808	0.06773	0.03944	0.07522	0.22352	0.31500	0.08954	0.06336	0.01111	0.00305	0.00495	0.01596	0.00767	0.00777
1	0.55695	0.01521	0.01343	0.04104	0.01761	0.01711	0.00961	0.10092	0.01658	0.03491	0.01302	0.01496	0.01001	0.00751	0.00540	0.00228	0.00633	0.00488	0.05385	0.05839
2	0.02696	0.01421	0.01829	0.09540	0.02325	0.01406	0.01243	0.11323	0.08453	0.36135	0.04680	0.02700	0.01973	0.05576	0.00978	0.00270	0.00716	0.00794	0.00786	0.05156
3	0.05288	0.01484	0.01777	0.01444	0.01972	0.01494	0.01167	0.10217	0.20624	0.37332	0.06561	0.02763	0.02255	0.01011	0.00780	0.00246	0.00648	0.00822	0.00870	0.01244
4	0.08958	0.19065	0.06839	0.06670	0.02377	0.19996	0.01480	0.11557	0.01996	0.02536	0.01430	0.04003	0.01214	0.00866	0.00761	0.00219	0.04983	0.00598	0.03480	0.00971
5	0.07660	0.01370	0.01778	0.01379	0.01967	0.01243	0.01137	0.05748	0.04445	0.60383	0.02910	0.02544	0.01853	0.00948	0.00763	0.00240	0.00661	0.00760	0.00920	0.01289
6	0.00966	0.00697	0.00915	0.01052	0.01126	0.00646	0.00716	0.01138	0.01602	0.02152	0.13809	0.59604	0.08134	0.02284	0.00975	0.00302	0.00435	0.02061	0.00740	0.00646
7	0.01108	0.00831	0.01246	0.01246	0.01385	0.00969	0.00969	0.01385	0.01246	0.01800	0.02077	0.03046	0.01938	0.05815	0.69678	0.01246	0.02077	0.00831	0.00415	0.00692
8	0.01919	0.01842	0.03147	0.04759	0.67914	0.01842	0.02380	0.02380	0.01765	0.02533	0.01458	0.01919	0.01228	0.00691	0.00768	0.00230	0.00921	0.00691	0.00384	0.01228
9	0.01835	0.02077	0.04494	0.03353	0.07691	0.01954	0.61525	0.02478	0.01826	0.02486	0.01562	0.02082	0.01179	0.00656	0.00907	0.00260	0.01285	0.00902	0.00392	0.01056
10	0.01347	0.00673	0.01010	0.01010	0.01010	0.00673	0.00673	0.01010	0.01010	0.01347	0.01347	0.02357	0.01347	0.02694	0.03030	0.77441	0.00673	0.00673	0.00337	0.00337
11	0.00941	0.00780	0.00824	0.00827	0.01066	0.00663	0.00615	0.01155	0.01805	0.02217	0.15238	0.11152	0.56156	0.01943	0.00921	0.00263	0.00393	0.01641	0.00737	0.00663
12	0.01568	0.01336	0.01565	0.01144	0.01795	0.01009	0.00907	0.01900	0.01600	0.02494	0.01553	0.05863	0.01388	0.00686	0.00599	0.00127	0.00567	0.00564	0.00475	0.72860
13	0.02169	0.65068	0.03844	0.01405	0.02038	0.10871	0.01347	0.02412	0.01648	0.01833	0.01092	0.01262	0.00995	0.00679	0.00521	0.00170	0.00896	0.00425	0.00340	0.00984
14	0.01929	0.01666	0.01753	0.01578	0.02016	0.01929	0.01227	0.04120	0.66513	0.03243	0.03156	0.02893	0.02367	0.01052	0.00789	0.00263	0.00614	0.00877	0.00789	0.01227
15	0.02896	0.03695	0.02197	0.01998	0.02397	0.69638	0.01498	0.03096	0.02197	0.01898	0.01199	0.01398	0.00999	0.00799	0.00699	0.00200	0.01398	0.00499	0.00400	0.00899
16	0.01117	0.00795	0.01066	0.01066	0.01142	0.00871	0.00745	0.01269	0.01193	0.01667	0.02241	0.03957	0.02334	0.35882	0.40152	0.01024	0.01482	0.00964	0.00440	0.00592
17	0.09215	0.03760	0.61980	0.02091	0.03170	0.01795	0.02662	0.02438	0.01605	0.02558	0.01360	0.01599	0.00968	0.00735	0.00711	0.00245	0.01091	0.00558	0.00343	0.01115
18	0.02792	0.03527	0.02207	0.07011	0.02611	0.64696	0.01546	0.03015	0.02150	0.01904	0.01212	0.01447	0.01001	0.00797	0.00705	0.00204	0.01372	0.00513	0.00396	0.00896
19	0.16222	0.01613	0.02352	0.03000	0.34771	0.01598	0.01704	0.02810	0.01830	0.23828	0.01903	0.02030	0.01379	0.00782	0.00719	0.00235	0.00779	0.00670	0.00586	0.01187
20	0.02003	0.01702	0.01795	0.01593	0.02044	0.01963	0.01245	0.08574	0.61938	0.03363	0.03062	0.02818	0.02291	0.01043	0.00788	0.00261	0.00631	0.00864	0.00788	0.01234
21	0.02896	0.03695	0.02197	0.01998	0.02397	0.69638	0.01498	0.03096	0.02197	0.01898	0.01199	0.01398	0.00999	0.00799	0.00699	0.00200	0.01398	0.00499	0.00400	0.00899
22	0.01347	0.00673	0.01010	0.01010	0.01010	0.00673	0.00673	0.01010	0.01010	0.01347	0.01347	0.02357	0.01347	0.02694	0.03030	0.77441	0.00673	0.00673	0.00337	0.00337
23	0.02073	0.73217	0.04063	0.01327	0.01990	0.03068	0.01327	0.02322	0.01575	0.01824	0.01078	0.01244	0.00995	0.00663	0.00498	0.00166	0.00829	0.00415	0.00332	0.00995
24	0.06778	0.01820	0.03019	0.04521	0.63685	0.01836	0.02282	0.02373	0.01737	0.02593	0.01434	0.01877	0.01203	0.00693	0.00749	0.00231	0.00901	0.00674	0.00390	0.01203
25	0.65005	0.04132	0.08439	0.01182	0.01744	0.01812	0.01092	0.04486	0.01442	0.03365	0.01140	0.01320	0.00876	0.00727	0.00518	0.00238	0.00674	0.00446	0.00469	0.00894
26	0.02424	0.16243	0.04527	0.06686	0.04153	0.02129	0.01441	0.25172	0.10055	0.11827	0.06129	0.02218	0.01802	0.00913	0.00729	0.00227	0.00788	0.00712	0.00661	0.01164
27	0.01092	0.00792	0.01028	0.00969	0.01155	0.00729	0.00727	0.01452	0.02181	0.03076	0.65568	0.05846	0.09274	0.01597	0.00915	0.00244	0.00367	0.01410	0.00849	0.00729
28	0.01608	0.01378	0.01608	0.01148	0.01837	0.01034	0.00919	0.01952	0.01608	0.02527	0.01378	0.01608	0.01148	0.00574	0.00574	0.00115	0.00574	0.00459	0.00459	0.77491
29	0.01445	0.00723	0.00723	0.00723	0.00903	0.00723	0.00542	0.01807	0.01626	0.02891	0.02529	0.02891	0.01987	0.00903	0.00542	0.00181	0.00361	0.00723	0.77055	0.00723
30	0.63964	0.01565	0.01327	0.01135	0.01640	0.01774	0.00936	0.09779	0.01658	0.08372	0.01315	0.01431	0.00974	0.00762	0.00536	0.00239	0.00634	0.00479	0.00549	0.00931
31	0.02805	0.02849	0.02288	0.02064	0.06552	0.34331	0.01530	0.28520	0.06116	0.03229	0.01588	0.01699	0.01215	0.00859	0.00739	0.00218	0.01104	0.00612	0.00572	0.01108
32	0.02129	0.68694	0.03952	0.01356	0.02016	0.03026	0.01336	0.06334	0.01707	0.02019	0.01128	0.01283	0.01016	0.00680	0.00515	0.00170	0.00831	0.00433	0.00360	0.01016
33	0.01433	0.01367	0.02253	0.25857	0.05315	0.01450	0.13877	0.02049	0.08101	0.02350	0.09122	0.03764	0.17534	0.01131	0.00850	0.00258	0.00830	0.01041	0.00534	0.00884
34	0.01352	0.00847	0.01089	0.01009	0.01242	0.00764	0.00763	0.01673	0.02096	0.10786	0.48142	0.10443	0.13572	0.01616	0.00904	0.00251	0.00411	0.01413	0.00841	0.00786
35	0.01710	0.06336	0.07172	0.02286	0.05792	0.01756	0.25450	0.06667	0.01871	0.02584	0.13925	0.02803	0.02395	0.04753	0.01252	0.02685	0.08214	0.00906	0.00495	0.00946
36	0.01128	0.00752	0.00846	0.00846	0.00846	0.00752	0.00470	0.01128	0.01128	0.01503	0.02443	0.05074	0.02819	0.72751	0.03946	0.00752	0.00752	0.01128	0.00470	0.00470
37	0.02016	0.01391	0.01626	0.01340	0.01804	0.01325	0.01046	0.20436	0.02237	0.10688	0.02589	0.23152	0.02490	0.01284	0.00783	0.00224	0.00628	0.01094	0.00689	0.23158
38	0.03101	0.01399	0.01805	0.01379	0.01978	0.01246	0.01133	0.09953	0.02289	0.51028	0.04854	0.02528	0.01935	0.00927	0.00757	0.00223	0.00659	0.00750	0.00872	0.11182
39	0.01879	0.02372	0.11836	0.03043	0.03849	0.04292	0.53178	0.04990	0.01892	0.02555	0.01547	0.02006	0.01153	0.00679	0.00881	0.00256	0.01274	0.00852	0.00400	0.01063
40	0.13496	0.01573	0.02251	0.41505	0.12441	0.01840	0.01882	0.11340	0.01849	0.02707	0.01414	0.01894	0.01071	0.00779	0.00729	0.00248	0.00926	0.00649	0.00433	0.00972
41	0.01867	0.02335	0.15613	0.07494	0.45059	0.05073	0.06541	0.02414	0.01755	0.02456	0.01436	0.01860	0.01157	0.00707	0.00769	0.00235	0.01018	0.00674	0.00372	0.01166
42	0.01089	0.00792	0.01024	0.00966	0.01153	0.00728	0.00725	0.01446	0.02174	0.03061	0.64657	0.05872	0.10194	0.01603	0.00915	0.00245	0.00367	0.01413	0.00847	0.00728
43	0.03017	0.02060	0.02258	0.01731	0.02349	0.02239	0.01430	0.57265	0.03459	0.13214	0.02018	0.01963	0.01397	0.00935	0.00776	0.00234	0.00828	0.00709	0.00800	0.01319
44	0.01097	0.00793	0.01036	0.00975	0.01158	0.00732	0.00732	0.01463	0.02195	0.03109	0.67505	0.05792	0.07316	0.01585	0.00914	0.00244	0.00366	0.01402	0.00854	0.00732
45	0.01117	0.00792	0.01052	0.01052	0.01123	0.00864	0.00727	0.01260	0.01189	0.01656	0.02255	0.04031	0.02366	0.38327	0.37751	0.01006	0.01433	0.00975	0.00442	0.00584
46	0.01097	0.00793	0.01036	0.00975	0.01158	0.00732	0.00732	0.01463	0.02195	0.03109	0.67505	0.05792	0.07316	0.01585	0.00914	0.00244	0.00366	0.01402	0.00854	0.00732
47	0.05966	0.03557	0.55045	0.02420	0.08395	0.01812	0.07240	0.02442	0.01643	0.02522	0.01392	0.01671	0.01008	0.00726	0.00737	0.00245	0.01109	0.00598	0.00345	0.01128
48	0.02066	0.01581	0.01717	0.01517	0.01956	0.01766	0.01185	0.08263	0.49570	0.09762	0.03279	0.06896	0.04670	0.01144	0.00803	0.00261	0.00619	0.00956	0.00799	0.01189
49	0.02274	0.01286	0.01564	0.01343	0.01771	0.01283	0.01076	0.05089	0.20457	0.27266	0.15362	0.03985	0.06954	0.01243	0.00836	0.00257	0.00587	0.05411	0.00854	0.01103
50	0.01696	0.01696	0.02375	0.02036	0.02036	0.02375	0.01696	0.01866	0.01187	0.01866	0.01018	0.01696	0.01018	0.01357	0.02545	0.00339	0.71332	0.00679	0.00339	0.00848
51	0.09599	0.01626	0.01871	0.01493	0.02056	0.01678	0.01218	0.19827	0.15085	0.33356	0.02591	0.02364	0.01755	0.00949	0.00754	0.00243	0.00696	0.00746	0.00836	0.01259
52	0.01012	0.00771	0.00931	0.00930	0.01116	0.00689	0.00682	0.01284	0.01936	0.02586	0.37280	0.17355	0.26912	0.01850	0.00928	0.00262	0.00389	0.01613	0.00787	0.00689
53	0.01967	0.01736	0.03120	0.06891	0.07270	0.01718	0.30664	0.09528	0.06171	0.08730	0.02213	0.12319	0.01904	0.01006	0.00871	0.00262	0.00986	0.01034	0.00557	0.01053
54	0.16565	0.05924	0.53270	0.01947	0.02945	0.01833	0.02415	0.02416	0.01573	0.02634	0.01320	0.01550	0.00955	0.00731	0.00678	0.00242	0.01028	0.00538	0.00357	0.01081
55	0.01188	0.00854	0.01175	0.01346	0.01508	0.00841	0.01139	0.01503	0.01738	0.02258	0.04292	0.18553	0.07276	0.02179	0.01052	0.00346	0.00659	0.50680	0.00715	0.00698
56	0.01880	0.01724	0.02060	0.33904	0.03554	0.09683	0.01663	0.12162	0.10709	0.02565	0.01896	0.07533	0.01587	0.01060	0.00893	0.03938	0.00929	0.00811	0.00507	0.00943
57	0.00954	0.00682	0.00911	0.01090	0.01140	0.00638	0.00736	0.01096	0.01494	0.01990	0.04268	0.70273	0.05108	0.02420	0.00992	0.00316	0.00458	0.04083	0.00720	0.00632
58	0.01608	0.01378	0.01608	0.01148	0.01837	0.01034	0.00919	0.01952	0.01608	0.02527	0.01378	0.01608	0.01148	0.00574	0.00574	0.00115	0.00574	0.00459	0.00459	0.77491
59	0.01100	0.00833	0.01103	0.06089	0.01486	0.00799	0.00863	0.01431	0.01986	0.02711	0.42803	0.12198	0.14552	0.01708	0.00926	0.00265	0.00458	0.07196	0.00773	0.00719
60	0.02116	0.59888	0.03624	0.01380	0.01968	0.11265	0.01294	0.02343	0.01625	0.01813	0.01180	0.01507	0.01112	0.05270	0.00742	0.00207	0.00896	0.00471	0.00349	0.00950
61	0.78228	0.01499	0.01140	0.01020	0.01499	0.01739	0.00840	0.02279	0.01320	0.03479	0.01080	0.01260	0.00840	0.00720	0.00480	0.00240	0.00600	0.00420	0.00480	0.00840
62	0.01555	0.04011	0.68733	0.02210	0.03356	0.01801	0.02865	0.02455	0.01637	0.02455	0.01391	0.01637	0.00982	0.00737	0.00737	0.00246	0.01146	0.00573	0.00327	0.01146
63	0.01092	0.00743	0.00866	0.00904	0.00926	0.00731	0.00543	0.01134	0.01232	0.01632	0.02989	0.17250	0.05278	0.55785	0.03234	0.00646	0.00686	0.03287	0.00530	0.00512
64	0.00927	0.00786	0.00800	0.00796	0.01054	0.00659	0.00597	0.01133	0.01792	0.02152	0.11248	0.07367	0.64170	0.01942	0.00916	0.00261	0.00391	0.01623	0.00728	0.00659
65	0.00945	0.00675	0.00900	0.01080	0.01125	0.00630	0.00720	0.01080	0.01484	0.01979	0.04274	0.72245	0.05128	0.02429	0.00990	0.00315	0.00450	0.02204	0.00720	0.00630
66	0.02890	0.04536	0.02053	0.01654	0.02177	0.32554	0.01299	0.06889	0.02195	0.23487	0.01855	0.01847	0.01333	0.00824	0.00707	0.00202	0.01002	0.00593	0.00608	0.11293
67	0.02585	0.02025	0.02466	0.01848	0.02500	0.02116	0.08836	0.47025	0.03081	0.04198	0.01744	0.01845	0.01273	0.00837	0.00757	0.00216	0.00858	0.00682	0.00676	0.14432
68	0.65700	0.06866	0.05461	0.03267	0.01765	0.01839	0.01038	0.02284	0.01364	0.03251	0.01107	0.01306	0.00866	0.00718	0.00506	0.00235	0.00663	0.00437	0.00456	0.00870
69	0.09205	0.01333	0.01749	0.01352	0.01943	0.01186	0.01117	0.03664	0.02150	0.63473	0.02907	0.02533	0.01837	0.00941	0.00757	0.00240	0.00655	0.00752	0.00923	0.01283
70	0.74329	0.01490	0.01174	0.01038	0.01525	0.01708	0.00855	0.02357	0.01366	0.06868	0.01183	0.01332	0.00896	0.00732	0.00495	0.00240	0.00603	0.00439	0.00505	0.00865
71	0.01128	0.00752	0.00846	0.00846	0.00846	0.00752	0.00470	0.01128	0.01128	0.01503	0.02443	0.05074	0.02819	0.72751	0.03946	0.00752	0.00752	0.01128	0.00470	0.00470
72	0.01629	0.01173	0.01465	0.01337	0.01597	0.01296	0.01046	0.10299	0.10965	0.06374	0.10551	0.03681	0.02793	0.09770	0.25619	0.00659	0.03608	0.04639	0.00622	0.00876
73	0.01670	0.00918	0.01197	0.01064	0.01352	0.00821	0.00820	0.01991	0.02123	0.19372	0.42257	0.08627	0.11663	0.01509	0.00885	0.00248	0.00447	0.01310	0.00860	0.00867

[dist]
# distance from previous block
# <min> <max>
2	4

[block]
# block no. 1 follows, 25 sequences, length 7
# corresponding to MSA columns:
# 171-177
name=unknown_B
#
# <colnr> <probs for GDERKNQSTAVLIFYWHMCP>
#	G	D	E	R	K	N	Q	S	T	A	V	L	I	F	Y	W	H	M	C	P
0	0.02017	0.43222	0.23737	0.01682	0.02461	0.11001	0.01822	0.02460	0.01672	0.02028	0.01190	0.01384	0.00992	0.00703	0.00596	0.00195	0.00998	0.00474	0.00339	0.01029
1	0.01870	0.10372	0.01943	0.01221	0.01882	0.01356	0.01011	0.02316	0.05822	0.08945	0.01619	0.01746	0.01283	0.00654	0.00599	0.00143	0.00617	0.00512	0.00514	0.55576
2	0.51490	0.13134	0.01811	0.01195	0.01730	0.02013	0.01022	0.11114	0.01732	0.06909	0.01294	0.01415	0.00989	0.00753	0.00540	0.00227	0.00675	0.00477	0.00523	0.00957
3	0.01445	0.00723	0.00723	0.00723	0.00903	0.00723	0.00542	0.01807	0.01626	0.02891	0.02529	0.02891	0.01987	0.00903	0.00542	0.00181	0.00361	0.00723	0.77055	0.00723
4	0.63313	0.01988	0.14288	0.01251	0.01861	0.01751	0.01234	0.02313	0.01381	0.03280	0.01140	0.01333	0.00867	0.00723	0.00530	0.00241	0.00706	0.00450	0.00450	0.00899
5	0.14755	0.01579	0.01979	0.01520	0.02125	0.01531	0.06773	0.12245	0.06636	0.25736	0.02121	0.02077	0.01477	0.00823	0.00705	0.00219	0.00717	0.00668	0.00699	0.15615
6	0.66242	0.01607	0.01329	0.01141	0.01644	0.01845	0.00941	0.12317	0.01690	0.03703	0.01204	0.01355	0.00916	0.00753	0.00527	0.00239	0.00640	0.00464	0.00527	0.00916

[dist]
# distance from previous block
# <min> <max>
0	1

[block]
# block no. 2 follows, 25 sequences, length 63
# corresponding to MSA columns:
# 179-241
name=unknown_C
#
# <colnr> <probs for GDERKNQSTAVLIFYWHMCP>
#	G	D	E	R	K	N	Q	S	T	A	V	L	I	F	Y	W	H	M	C	P
0	0.01793	0.01692	0.05629	0.06195	0.02252	0.01784	0.01367	0.03591	0.51104	0.03040	0.05523	0.03311	0.02546	0.01117	0.00811	0.00268	0.00670	0.05439	0.00729	0.01141
1	0.02042	0.01340	0.01538	0.01343	0.01757	0.01401	0.01054	0.03262	0.33422	0.18424	0.14849	0.03816	0.09938	0.01218	0.00822	0.00254	0.00558	0.01025	0.00833	0.01103
2	0.01864	0.02033	0.05222	0.07416	0.19725	0.08463	0.21639	0.02526	0.08488	0.02430	0.02013	0.02524	0.04524	0.00880	0.00914	0.00254	0.04505	0.03081	0.00451	0.01048
3	0.01128	0.00752	0.00846	0.00846	0.00846	0.00752	0.00470	0.01128	0.01128	0.01503	0.02443	0.05074	0.02819	0.72751	0.03946	0.00752	0.00752	0.01128	0.00470	0.00470
4	0.01868	0.01803	0.03115	0.11690	0.58841	0.01834	0.04771	0.02341	0.01745	0.02473	0.01454	0.01941	0.01206	0.00698	0.00774	0.00234	0.00948	0.00699	0.00380	0.01182
5	0.02102	0.66423	0.06459	0.01401	0.02067	0.06956	0.01396	0.02373	0.01615	0.01853	0.01097	0.01268	0.00995	0.00674	0.00519	0.00171	0.00875	0.00426	0.00336	0.00995
6	0.02625	0.01787	0.01999	0.01550	0.02123	0.01856	0.01259	0.38287	0.06645	0.13714	0.04924	0.02297	0.01764	0.03703	0.00877	0.00239	0.00746	0.00734	0.00750	0.12121
7	0.01763	0.30003	0.42074	0.01856	0.02795	0.02283	0.02229	0.02462	0.03838	0.02245	0.01334	0.01532	0.01034	0.00720	0.00648	0.00216	0.01008	0.00524	0.00345	0.01092
8	0.08538	0.05350	0.02206	0.01638	0.02218	0.02227	0.01352	0.51277	0.03163	0.04372	0.01886	0.05877	0.01482	0.00975	0.00744	0.00230	0.00798	0.00742	0.00716	0.04207
9	0.00970	0.00709	0.00970	0.04516	0.01332	0.00684	0.00790	0.01124	0.01488	0.01979	0.04131	0.68790	0.04927	0.02348	0.00979	0.00312	0.00479	0.02130	0.00701	0.00641
10	0.01735	0.01802	0.03555	0.09813	0.21717	0.01765	0.34148	0.02274	0.01763	0.02411	0.01826	0.06518	0.01600	0.00866	0.00874	0.00261	0.01089	0.04523	0.00423	0.01036
11	0.01347	0.00673	0.01010	0.01010	0.01010	0.00673	0.00673	0.01010	0.01010	0.01347	0.01347	0.02357	0.01347	0.02694	0.03030	0.77441	0.00673	0.00673	0.00337	0.00337
12	0.01112	0.00748	0.00863	0.00877	0.00885	0.00749	0.00506	0.01132	0.01160	0.01551	0.02576	0.10319	0.02973	0.65009	0.05855	0.00733	0.00771	0.01203	0.00488	0.00490
13	0.02416	0.44233	0.03285	0.01606	0.02160	0.30822	0.01398	0.02645	0.01835	0.01855	0.01128	0.01308	0.00997	0.00720	0.00582	0.00180	0.01066	0.00450	0.00360	0.00955
14	0.01608	0.01378	0.01608	0.01148	0.01837	0.01034	0.00919	0.01952	0.01608	0.02527	0.01378	0.01608	0.01148	0.00574	0.00574	0.00115	0.00574	0.00459	0.00459	0.77491
15	0.02975	0.04914	0.09785	0.01550	0.02204	0.01553	0.01405	0.12353	0.08225	0.42817	0.02616	0.02374	0.01725	0.00925	0.00763	0.00238	0.00747	0.00737	0.00817	0.01277
16	0.01022	0.00776	0.01144	0.01237	0.01336	0.00730	0.04516	0.01207	0.01530	0.02038	0.04101	0.62718	0.04841	0.02301	0.00992	0.00315	0.00522	0.07310	0.00700	0.00661
17	0.01347	0.00673	0.01010	0.01010	0.01010	0.00673	0.00673	0.01010	0.01010	0.01347	0.01347	0.02357	0.01347	0.02694	0.03030	0.77441	0.00673	0.00673	0.00337	0.00337
18	0.01824	0.01929	0.03899	0.03237	0.14484	0.01843	0.45617	0.05103	0.01933	0.02656	0.07840	0.02405	0.01776	0.00761	0.00884	0.00253	0.01133	0.00914	0.00451	0.01059
19	0.09236	0.01411	0.01775	0.01391	0.01969	0.01324	0.01143	0.07328	0.07289	0.54426	0.02839	0.02504	0.01834	0.00946	0.00756	0.00241	0.00663	0.00754	0.00897	0.01274
20	0.03460	0.01350	0.01818	0.01394	0.01995	0.01185	0.01152	0.05997	0.02271	0.66160	0.03016	0.02611	0.01898	0.00959	0.00780	0.00240	0.00667	0.00777	0.00953	0.01320
21	0.02867	0.01669	0.04230	0.01530	0.02104	0.01613	0.01282	0.18742	0.15500	0.34658	0.05500	0.02601	0.02062	0.00990	0.00785	0.00243	0.00702	0.00799	0.00854	0.01269
22	0.02331	0.01865	0.01980	0.01659	0.02169	0.02116	0.01325	0.28282	0.41696	0.03892	0.02645	0.02486	0.01953	0.01004	0.00784	0.00251	0.00708	0.00806	0.00784	0.01263
23	0.01340	0.01071	0.01678	0.01452	0.01703	0.01030	0.12096	0.06252	0.01756	0.02353	0.12927	0.24744	0.09756	0.05986	0.01399	0.11042	0.00662	0.01412	0.00618	0.00723
24	0.02252	0.53656	0.06141	0.01524	0.02142	0.19156	0.01428	0.02515	0.01729	0.01867	0.01119	0.01297	0.00995	0.00699	0.00556	0.00177	0.00980	0.00441	0.00348	0.00978
25	0.02155	0.60890	0.03874	0.01519	0.02159	0.10820	0.05081	0.02422	0.01663	0.01871	0.01121	0.01312	0.01006	0.00679	0.00546	0.00175	0.00924	0.00454	0.00343	0.00987
26	0.00960	0.00681	0.00895	0.01060	0.01102	0.00640	0.00699	0.01084	0.01455	0.01940	0.04123	0.66736	0.04939	0.08197	0.01232	0.00351	0.00475	0.02116	0.00699	0.00617
27	0.01689	0.02446	0.20488	0.02702	0.03429	0.01897	0.36816	0.02310	0.01674	0.02363	0.01609	0.06071	0.01339	0.00875	0.01093	0.00271	0.10648	0.00872	0.00388	0.01020
28	0.02011	0.06236	0.02766	0.14828	0.22922	0.08289	0.06439	0.07917	0.01857	0.04656	0.01545	0.04566	0.01309	0.00897	0.01002	0.00249	0.10298	0.00732	0.00437	0.01044
29	0.70415	0.01628	0.04167	0.01292	0.05508	0.01748	0.01018	0.02293	0.01360	0.03379	0.01115	0.01315	0.00869	0.00719	0.00508	0.00240	0.00642	0.00442	0.00468	0.00876
30	0.04952	0.02470	0.02166	0.07018	0.07546	0.27425	0.01507	0.13160	0.08320	0.02703	0.01534	0.01745	0.01216	0.00840	0.00821	0.00218	0.05295	0.00600	0.00500	0.09965
31	0.01123	0.00768	0.00928	0.00926	0.00958	0.00792	0.00573	0.01187	0.01184	0.01611	0.04440	0.04711	0.02794	0.57771	0.16341	0.00830	0.00991	0.01080	0.00472	0.00520
32	0.01029	0.00810	0.01250	0.01288	0.01403	0.00756	0.06848	0.01213	0.01517	0.02027	0.04016	0.65566	0.04752	0.02260	0.00983	0.00310	0.00531	0.02082	0.00689	0.00669
33	0.01128	0.00752	0.00846	0.00846	0.00846	0.00752	0.00470	0.01128	0.01128	0.01503	0.02443	0.05074	0.02819	0.72751	0.03946	0.00752	0.00752	0.01128	0.00470	0.00470
34	0.02711	0.01941	0.02099	0.01637	0.02169	0.02125	0.01320	0.54027	0.03239	0.06747	0.01987	0.02342	0.01552	0.11044	0.01222	0.00306	0.00832	0.00762	0.00739	0.01199
35	0.01097	0.00793	0.01036	0.00975	0.01158	0.00732	0.00732	0.01463	0.02195	0.03109	0.67505	0.05792	0.07316	0.01585	0.00914	0.00244	0.00366	0.01402	0.00854	0.00732
36	0.01696	0.01696	0.02375	0.02036	0.02036	0.02375	0.01696	0.01866	0.01187	0.01866	0.01018	0.01696	0.01018	0.01357	0.02545	0.00339	0.71332	0.00679	0.00339	0.00848
37	0.06134	0.07004	0.58715	0.02061	0.03121	0.01827	0.02596	0.02499	0.01642	0.05475	0.01434	0.01642	0.01017	0.00742	0.00712	0.00241	0.01077	0.00566	0.00365	0.01129
38	0.01555	0.04011	0.68733	0.02210	0.03356	0.01801	0.02865	0.02455	0.01637	0.02455	0.01391	0.01637	0.00982	0.00737	0.00737	0.00246	0.01146	0.00573	0.00327	0.01146
39	0.02888	0.02142	0.02293	0.01772	0.02382	0.02377	0.01459	0.61745	0.07326	0.04790	0.01937	0.01922	0.01380	0.00938	0.00776	0.00234	0.00839	0.00709	0.00776	0.01313
40	0.01076	0.00792	0.01007	0.00953	0.01145	0.00723	0.00715	0.01422	0.02144	0.02990	0.60484	0.05988	0.14411	0.01630	0.00915	0.00246	0.00369	0.01430	0.00838	0.00723
41	0.01608	0.01378	0.01608	0.01148	0.01837	0.01034	0.00919	0.01952	0.01608	0.02527	0.01378	0.01608	0.01148	0.00574	0.00574	0.00115	0.00574	0.00459	0.00459	0.77491
42	0.01445	0.00723	0.00723	0.00723	0.00903	0.00723	0.00542	0.01807	0.01626	0.02891	0.02529	0.02891	0.01987	0.00903	0.00542	0.00181	0.00361	0.00723	0.77055	0.00723
43	0.01737	0.01934	0.05770	0.07911	0.07426	0.01818	0.41321	0.02292	0.01719	0.02392	0.01574	0.04354	0.01282	0.00769	0.00973	0.00251	0.06148	0.00853	0.00400	0.09076
44	0.01702	0.01793	0.02381	0.01985	0.02295	0.13963	0.15944	0.02033	0.01544	0.01986	0.01617	0.02293	0.01433	0.02942	0.29669	0.00672	0.13755	0.00763	0.00394	0.00838
45	0.02073	0.73217	0.04063	0.01327	0.01990	0.03068	0.01327	0.02322	0.01575	0.01824	0.01078	0.01244	0.00995	0.00663	0.00498	0.00166	0.00829	0.00415	0.00332	0.00995
46	0.02046	0.62104	0.08055	0.01449	0.02095	0.05276	0.01453	0.02330	0.01578	0.01870	0.01099	0.01301	0.00996	0.00714	0.00641	0.00182	0.05040	0.00443	0.00334	0.00993
47	0.01097	0.00793	0.01036	0.00975	0.01158	0.00732	0.00732	0.01463	0.02195	0.03109	0.67505	0.05792	0.07316	0.01585	0.00914	0.00244	0.00366	0.01402	0.00854	0.00732
48	0.01064	0.00785	0.00996	0.00970	0.01153	0.00717	0.00726	0.01387	0.02064	0.02849	0.51921	0.11343	0.15807	0.01724	0.00926	0.00256	0.00387	0.03395	0.00819	0.00712
49	0.01128	0.00752	0.00846	0.00846	0.00846	0.00752	0.00470	0.01128	0.01128	0.01503	0.02443	0.05074	0.02819	0.72751	0.03946	0.00752	0.00752	0.01128	0.00470	0.00470
50	0.01699	0.01587	0.02668	0.30056	0.36645	0.01753	0.02160	0.02121	0.01611	0.02218	0.01400	0.01991	0.01150	0.00872	0.00986	0.04745	0.04269	0.00689	0.00364	0.01016
51	0.02572	0.23344	0.05736	0.01381	0.02013	0.01790	0.01251	0.03024	0.06405	0.31189	0.04118	0.02163	0.01699	0.00841	0.00674	0.00206	0.00714	0.00649	0.00667	0.09565
52	0.15746	0.05603	0.04695	0.05669	0.01963	0.01497	0.01177	0.11099	0.01886	0.13439	0.02532	0.23672	0.02448	0.01345	0.00841	0.00263	0.03432	0.01105	0.00645	0.00945
53	0.02766	0.02082	0.02225	0.01747	0.02335	0.02320	0.01430	0.54420	0.14850	0.04594	0.02092	0.02045	0.01505	0.00952	0.00778	0.00238	0.00811	0.00730	0.00778	0.01302
54	0.02909	0.02153	0.02305	0.01776	0.02390	0.02387	0.01464	0.63019	0.06017	0.04825	0.01910	0.01900	0.01358	0.00935	0.00776	0.00234	0.00844	0.00705	0.00776	0.01315
55	0.01128	0.00752	0.00846	0.00846	0.00846	0.00752	0.00470	0.01128	0.01128	0.01503	0.02443	0.05074	0.02819	0.72751	0.03946	0.00752	0.00752	0.01128	0.00470	0.00470
56	0.01535	0.01425	0.02361	0.65673	0.07932	0.01751	0.02140	0.04170	0.01631	0.02104	0.01398	0.02054	0.01052	0.00777	0.00775	0.00256	0.01023	0.00689	0.00361	0.00893
57	0.01171	0.00847	0.01087	0.01007	0.01208	0.00798	0.00761	0.03987	0.02252	0.03180	0.64911	0.05636	0.07079	0.01559	0.00909	0.00243	0.00385	0.01374	0.00850	0.00755
58	0.02086	0.66887	0.06951	0.01398	0.02071	0.06025	0.01405	0.02363	0.01606	0.01857	0.01098	0.01269	0.00995	0.00673	0.00518	0.00171	0.00870	0.00426	0.00335	0.00998
59	0.01696	0.01430	0.01548	0.01407	0.01780	0.01602	0.01087	0.03387	0.49144	0.03161	0.17772	0.03752	0.06473	0.01213	0.00823	0.00259	0.00548	0.01029	0.00800	0.01090
60	0.02727	0.02062	0.02203	0.01739	0.02320	0.02301	0.01420	0.52067	0.17267	0.04531	0.02142	0.02085	0.01546	0.00957	0.00779	0.00239	0.00801	0.00737	0.00779	0.01299
61	0.12531	0.01838	0.01942	0.01543	0.02092	0.02014	0.01263	0.40162	0.08990	0.10980	0.02058	0.02040	0.01469	0.00916	0.00721	0.00233	0.00740	0.00689	0.06576	0.01203
62	0.05453	0.16699	0.02599	0.01735	0.02265	0.20018	0.01440	0.30512	0.02626	0.03268	0.01454	0.01586	0.01136	0.00860	0.00793	0.00217	0.05107	0.00578	0.00553	0.01100

[dist]
# distance from previous block
# <min> <max>
0	1

[block]
# block no. 3 follows, 25 sequences, length 69
# corresponding to MSA columns:
# 243-311
name=unknown_D
#
# <colnr> <probs for GDERKNQSTAVLIFYWHMCP>
#	G	D	E	R	K	N	Q	S	T	A	V	L	I	F	Y	W	H	M	C	P
0	0.06173	0.01998	0.02064	0.01691	0.02159	0.11572	0.04381	0.22467	0.08724	0.03191	0.01911	0.08373	0.01645	0.01028	0.00920	0.00233	0.07696	0.00786	0.00595	0.12394
1	0.02242	0.08830	0.06148	0.05372	0.02414	0.02007	0.04704	0.22240	0.20117	0.08357	0.02645	0.02603	0.06898	0.00989	0.00769	0.00241	0.00783	0.00805	0.00677	0.01160
2	0.01009	0.00793	0.00914	0.00894	0.01118	0.00698	0.00677	0.01286	0.01956	0.02549	0.33913	0.06778	0.38673	0.01804	0.00922	0.00258	0.00393	0.03898	0.00778	0.00691
3	0.01736	0.01504	0.01661	0.01235	0.01880	0.03639	0.00982	0.06400	0.03951	0.02672	0.01559	0.03966	0.01326	0.00684	0.00613	0.00138	0.00621	0.00548	0.00499	0.64387
4	0.01097	0.00793	0.01036	0.00975	0.01158	0.00732	0.00732	0.01463	0.02195	0.03109	0.67505	0.05792	0.07316	0.01585	0.00914	0.00244	0.00366	0.01402	0.00854	0.00732
5	0.01890	0.01877	0.03031	0.14975	0.46982	0.05343	0.07307	0.02424	0.04093	0.02433	0.01502	0.01965	0.01222	0.00720	0.00778	0.00237	0.00984	0.00705	0.00394	0.01138
6	0.02947	0.02172	0.02327	0.01784	0.02404	0.02404	0.01474	0.65329	0.03646	0.04887	0.01862	0.01862	0.01319	0.00931	0.00776	0.00233	0.00853	0.00698	0.00776	0.01319
7	0.01089	0.00786	0.01028	0.00982	0.01156	0.00726	0.00731	0.01441	0.02154	0.03044	0.63832	0.09651	0.07189	0.01634	0.00919	0.00248	0.00371	0.01449	0.00846	0.00726
8	0.02862	0.02137	0.02334	0.01891	0.04952	0.02362	0.01498	0.60178	0.06332	0.04722	0.01903	0.01909	0.01361	0.00927	0.00776	0.00234	0.00845	0.00706	0.00761	0.01311
9	0.01052	0.00791	0.00974	0.00928	0.01131	0.00712	0.00696	0.01376	0.02089	0.02857	0.52678	0.06207	0.22301	0.01679	0.00915	0.00248	0.00372	0.01460	0.00820	0.00712
10	0.01018	0.00781	0.01162	0.01225	0.01321	0.00732	0.05353	0.01183	0.01491	0.01991	0.03984	0.63707	0.04724	0.05939	0.01137	0.00334	0.00527	0.02055	0.00683	0.00652
11	0.72945	0.01491	0.01221	0.05828	0.01764	0.01738	0.00930	0.02259	0.01335	0.03376	0.01100	0.01315	0.00853	0.00724	0.00500	0.00241	0.00630	0.00438	0.00471	0.00841
12	0.01955	0.02094	0.05175	0.03938	0.44822	0.09303	0.12034	0.02420	0.01789	0.02410	0.01481	0.01945	0.01228	0.00996	0.04785	0.00291	0.01108	0.00709	0.00387	0.01130
13	0.01740	0.01577	0.02462	0.13007	0.37273	0.01651	0.01910	0.04595	0.08523	0.02642	0.08433	0.03001	0.04272	0.00963	0.00808	0.00248	0.00819	0.04483	0.00510	0.01082
14	0.01127	0.00755	0.00861	0.00861	0.00866	0.00760	0.00489	0.01137	0.01132	0.01515	0.02429	0.04997	0.02786	0.70225	0.06427	0.00770	0.00802	0.01116	0.00468	0.00478
15	0.07568	0.13214	0.11416	0.01764	0.02418	0.04690	0.04840	0.25828	0.14639	0.03452	0.01830	0.01885	0.01370	0.00853	0.00714	0.00231	0.00869	0.00656	0.00596	0.01166
16	0.02600	0.10590	0.02481	0.08441	0.02604	0.02372	0.01499	0.45732	0.09199	0.04078	0.01844	0.01906	0.01352	0.00895	0.00743	0.00230	0.00845	0.00680	0.00682	0.01226
17	0.14301	0.02216	0.05886	0.11508	0.10481	0.13179	0.06085	0.16845	0.04622	0.05391	0.01561	0.01795	0.01174	0.00802	0.00724	0.00236	0.00968	0.00637	0.00518	0.01069
18	0.02771	0.05698	0.06212	0.01738	0.02394	0.02283	0.01505	0.52950	0.03266	0.06780	0.01813	0.01833	0.01296	0.00888	0.00749	0.00224	0.00847	0.00667	0.00718	0.05370
19	0.01734	0.16767	0.49973	0.02081	0.03091	0.02076	0.05840	0.05487	0.01733	0.02457	0.01365	0.01599	0.01011	0.00728	0.00703	0.00231	0.01081	0.00568	0.00353	0.01121
20	0.01128	0.00752	0.00846	0.00846	0.00846	0.00752	0.00470	0.01128	0.01128	0.01503	0.02443	0.05074	0.02819	0.72751	0.03946	0.00752	0.00752	0.01128	0.00470	0.00470
21	0.02839	0.02063	0.02225	0.01737	0.02332	0.02279	0.01425	0.54196	0.11903	0.07794	0.02092	0.02036	0.01487	0.00948	0.00778	0.00237	0.00812	0.00726	0.00786	0.01307
22	0.01767	0.02201	0.10826	0.09328	0.06109	0.01934	0.48603	0.02409	0.01759	0.02414	0.01509	0.02023	0.01139	0.00700	0.00939	0.00261	0.03819	0.00843	0.00379	0.01038
23	0.01109	0.00825	0.01219	0.01219	0.01347	0.00954	0.00935	0.01367	0.01238	0.01780	0.02102	0.03186	0.01999	0.10422	0.65154	0.01212	0.01986	0.00851	0.00419	0.00677
24	0.01001	0.00725	0.00954	0.01121	0.01189	0.00694	0.00774	0.01224	0.03810	0.02048	0.04222	0.65417	0.04985	0.02361	0.00988	0.00316	0.00474	0.06320	0.00722	0.00657
25	0.18061	0.01960	0.02226	0.04269	0.02438	0.04000	0.08028	0.32152	0.12703	0.03898	0.01837	0.01918	0.01350	0.00868	0.00730	0.00242	0.00833	0.00686	0.00650	0.01149
26	0.02828	0.02113	0.02260	0.01760	0.02359	0.02349	0.01445	0.58166	0.11002	0.04694	0.02013	0.01982	0.01441	0.00945	0.00777	0.00236	0.00825	0.00719	0.00777	0.01308
27	0.04867	0.01741	0.02344	0.22722	0.03224	0.04549	0.06675	0.12473	0.06334	0.02672	0.01504	0.01911	0.01184	0.00901	0.01101	0.00252	0.14878	0.00676	0.00468	0.09526
28	0.02396	0.01782	0.01947	0.01603	0.02075	0.01953	0.01278	0.45139	0.08666	0.04072	0.02531	0.18183	0.02289	0.01287	0.00826	0.00254	0.00739	0.01061	0.00764	0.01152
29	0.78228	0.01499	0.01140	0.01020	0.01499	0.01739	0.00840	0.02279	0.01320	0.03479	0.01080	0.01260	0.00840	0.00720	0.00480	0.00240	0.00600	0.00420	0.00480	0.00840
30	0.01715	0.01734	0.03234	0.25011	0.24942	0.01823	0.21221	0.02233	0.01691	0.02308	0.01531	0.03959	0.01253	0.00775	0.00875	0.00254	0.03229	0.00800	0.00382	0.01029
31	0.00976	0.00695	0.00926	0.01098	0.01152	0.00656	0.00752	0.01124	0.01495	0.01988	0.04189	0.64558	0.04985	0.05139	0.01111	0.00335	0.00483	0.06998	0.00710	0.00630
32	0.01769	0.01994	0.04322	0.03117	0.03851	0.01869	0.60667	0.02387	0.01806	0.02449	0.01755	0.06920	0.01448	0.00776	0.00920	0.00265	0.01248	0.01004	0.00415	0.01017
33	0.01128	0.00752	0.00846	0.00846	0.00846	0.00752	0.00470	0.01128	0.01128	0.01503	0.02443	0.05074	0.02819	0.72751	0.03946	0.00752	0.00752	0.01128	0.00470	0.00470
34	0.01666	0.01652	0.02316	0.01995	0.02002	0.02302	0.01659	0.01841	0.01190	0.01863	0.01073	0.01766	0.01065	0.01588	0.06018	0.00386	0.67749	0.00686	0.00343	0.00840
35	0.78228	0.01499	0.01140	0.01020	0.01499	0.01739	0.00840	0.02279	0.01320	0.03479	0.01080	0.01260	0.00840	0.00720	0.00480	0.00240	0.00600	0.00420	0.00480	0.00840
36	0.02742	0.09992	0.02419	0.01686	0.02286	0.02354	0.01408	0.47217	0.11617	0.07453	0.02003	0.01967	0.01450	0.00918	0.00747	0.00230	0.00809	0.00694	0.00737	0.01271
37	0.02912	0.02096	0.02299	0.01774	0.02360	0.02329	0.01466	0.58325	0.03430	0.08449	0.01887	0.01898	0.01338	0.00955	0.00871	0.00239	0.04614	0.00702	0.00763	0.01293
38	0.03068	0.01756	0.02105	0.01743	0.05418	0.01800	0.01359	0.31945	0.06618	0.32252	0.02437	0.02262	0.01636	0.00939	0.00778	0.00237	0.00759	0.00744	0.00837	0.01309
39	0.01151	0.00886	0.01093	0.00993	0.01264	0.00766	0.00746	0.01466	0.01955	0.02749	0.40850	0.12392	0.13814	0.01541	0.00861	0.00230	0.00416	0.01347	0.00750	0.14731
40	0.01969	0.01642	0.02120	0.09138	0.07578	0.01850	0.04848	0.11780	0.30197	0.05282	0.05529	0.02627	0.02064	0.01271	0.04884	0.00315	0.04303	0.00830	0.00653	0.01121
41	0.01190	0.00842	0.01078	0.00987	0.01217	0.00757	0.00747	0.01542	0.02136	0.05028	0.58184	0.05550	0.10324	0.01529	0.00891	0.00237	0.00389	0.01342	0.00826	0.05203
42	0.52815	0.06689	0.06189	0.01252	0.01799	0.01917	0.01112	0.08411	0.08235	0.03403	0.01387	0.01508	0.01061	0.00771	0.00558	0.00237	0.00679	0.00503	0.00518	0.00956
43	0.15191	0.02657	0.12303	0.01967	0.08034	0.23710	0.01598	0.08218	0.02026	0.11395	0.01543	0.01672	0.01146	0.00788	0.00686	0.00220	0.01000	0.00567	0.00510	0.04769
44	0.02009	0.01604	0.01980	0.01446	0.02122	0.01412	0.05402	0.16431	0.02112	0.05952	0.01574	0.01743	0.01223	0.00677	0.00652	0.00157	0.00691	0.00558	0.00548	0.51706
45	0.33012	0.01774	0.04249	0.05120	0.02151	0.01860	0.01246	0.21992	0.05062	0.13946	0.01749	0.01790	0.01239	0.00840	0.00657	0.00240	0.00732	0.00602	0.00647	0.01092
46	0.01445	0.00723	0.00723	0.00723	0.00903	0.00723	0.00542	0.01807	0.01626	0.02891	0.02529	0.02891	0.01987	0.00903	0.00542	0.00181	0.00361	0.00723	0.77055	0.00723
47	0.27570	0.04995	0.12712	0.01747	0.06668	0.07595	0.01488	0.10352	0.11609	0.03150	0.01586	0.01711	0.01210	0.00795	0.00647	0.00232	0.00819	0.00574	0.00518	0.04023
48	0.02043	0.69162	0.07852	0.01378	0.02070	0.02994	0.01417	0.02330	0.01579	0.01861	0.01096	0.01267	0.00994	0.00668	0.00512	0.00171	0.00848	0.00424	0.00331	0.01004
49	0.02042	0.01389	0.01729	0.01441	0.05070	0.01239	0.01093	0.06813	0.01902	0.16801	0.04951	0.02583	0.07811	0.00912	0.00823	0.00190	0.05474	0.00719	0.00618	0.36397
50	0.02410	0.01883	0.02018	0.01675	0.02192	0.02118	0.01353	0.34925	0.31564	0.04028	0.02549	0.02659	0.01940	0.01044	0.00796	0.00252	0.00740	0.03825	0.00779	0.01248
51	0.78228	0.01499	0.01140	0.01020	0.01499	0.01739	0.00840	0.02279	0.01320	0.03479	0.01080	0.01260	0.00840	0.00720	0.00480	0.00240	0.00600	0.00420	0.00480	0.00840
52	0.01445	0.00723	0.00723	0.00723	0.00903	0.00723	0.00542	0.01807	0.01626	0.02891	0.02529	0.02891	0.01987	0.00903	0.00542	0.00181	0.00361	0.00723	0.77055	0.00723
53	0.01722	0.24663	0.20588	0.01501	0.02132	0.04857	0.01556	0.02251	0.05463	0.04725	0.07711	0.06435	0.08400	0.03822	0.00835	0.00244	0.00818	0.00826	0.00491	0.00963
54	0.01445	0.00723	0.00723	0.00723	0.00903	0.00723	0.00542	0.01807	0.01626	0.02891	0.02529	0.02891	0.01987	0.00903	0.00542	0.00181	0.00361	0.00723	0.77055	0.00723
55	0.60113	0.16253	0.03974	0.01122	0.01661	0.02013	0.01006	0.02294	0.01382	0.03106	0.01090	0.01269	0.00876	0.00709	0.00492	0.00225	0.00665	0.00424	0.00444	0.00882
56	0.02896	0.03695	0.02197	0.01998	0.02397	0.69638	0.01498	0.03096	0.02197	0.01898	0.01199	0.01398	0.00999	0.00799	0.00699	0.00200	0.01398	0.00499	0.00400	0.00899
57	0.02973	0.02130	0.02301	0.01764	0.02384	0.02343	0.01457	0.62338	0.03576	0.07975	0.01920	0.01899	0.01348	0.00932	0.00776	0.00233	0.00844	0.00702	0.00785	0.01319
58	0.12877	0.01463	0.09459	0.05341	0.01948	0.01178	0.01202	0.02385	0.01972	0.21532	0.27946	0.03534	0.03733	0.01135	0.00785	0.00243	0.00615	0.00944	0.00737	0.00971
59	0.02770	0.03484	0.02216	0.02002	0.02359	0.62533	0.01519	0.02966	0.02091	0.01894	0.01179	0.01430	0.01001	0.00858	0.00894	0.00214	0.08785	0.00518	0.00393	0.00894
60	0.01694	0.01703	0.02361	0.13473	0.02595	0.04284	0.01766	0.01922	0.01278	0.01886	0.01083	0.01749	0.01020	0.01244	0.02195	0.00322	0.57554	0.00675	0.00342	0.00852
61	0.01833	0.18662	0.22235	0.06084	0.07674	0.04624	0.23411	0.02429	0.01713	0.02283	0.01377	0.01734	0.01070	0.00693	0.00746	0.00231	0.01117	0.00664	0.00358	0.01060
62	0.01455	0.01371	0.02335	0.50538	0.08230	0.01625	0.06131	0.01913	0.01559	0.02042	0.01768	0.11410	0.01600	0.01005	0.00881	0.00268	0.03699	0.00906	0.00400	0.00864
63	0.00916	0.00785	0.00785	0.00785	0.01047	0.00655	0.00589	0.01113	0.01767	0.02095	0.07855	0.07462	0.67599	0.01964	0.00916	0.00262	0.00393	0.01636	0.00720	0.00655
64	0.01445	0.00723	0.00723	0.00723	0.00903	0.00723	0.00542	0.01807	0.01626	0.02891	0.02529	0.02891	0.01987	0.00903	0.00542	0.00181	0.00361	0.00723	0.77055	0.00723
65	0.08066	0.01871	0.02090	0.01612	0.02217	0.01980	0.01331	0.42639	0.03063	0.23938	0.02171	0.02056	0.01468	0.00926	0.00757	0.00235	0.00778	0.00704	0.00812	0.01287
66	0.02614	0.02086	0.01975	0.03700	0.05081	0.18026	0.01345	0.09845	0.21362	0.19350	0.02377	0.02377	0.01746	0.03539	0.00877	0.00255	0.00869	0.00739	0.00695	0.01143
67	0.01120	0.00842	0.01043	0.00984	0.01193	0.00790	0.00740	0.01568	0.05870	0.02974	0.55358	0.05859	0.15527	0.01608	0.00907	0.00248	0.00384	0.01405	0.00831	0.00750
68	0.01927	0.01869	0.06929	0.06536	0.17708	0.01859	0.06370	0.03343	0.35963	0.05447	0.02416	0.02464	0.01824	0.00897	0.00789	0.00253	0.00799	0.00801	0.00615	0.01191

[dist]
# distance from previous block
# <min> <max>
2	4

[block]
# block no. 4 follows, 25 sequences, length 59
# corresponding to MSA columns:
# 317-375
name=unknown_E
#
# <colnr> <probs for GDERKNQSTAVLIFYWHMCP>
#	G	D	E	R	K	N	Q	S	T	A	V	L	I	F	Y	W	H	M	C	P
0	0.02260	0.02058	0.08687	0.01791	0.02451	0.01894	0.07443	0.27637	0.10293	0.05671	0.01849	0.01949	0.01371	0.00834	0.00796	0.00217	0.03004	0.00676	0.00619	0.18500
1	0.01281	0.00982	0.01197	0.01218	0.01424	0.00980	0.00899	0.04458	0.12244	0.02495	0.10209	0.40194	0.04393	0.01896	0.00918	0.00285	0.00519	0.07399	0.00728	0.06281
2	0.04738	0.22270	0.08688	0.01654	0.02308	0.06722	0.01512	0.30361	0.04761	0.07431	0.01652	0.01704	0.01236	0.00830	0.00681	0.00215	0.00880	0.00598	0.00590	0.01169
3	0.01445	0.00723	0.00723	0.00723	0.00903	0.00723	0.00542	0.01807	0.01626	0.02891	0.02529	0.02891	0.01987	0.00903	0.00542	0.00181	0.00361	0.00723	0.77055	0.00723
4	0.01872	0.01809	0.03112	0.10609	0.56003	0.01842	0.06177	0.02409	0.03968	0.02504	0.01516	0.01977	0.01246	0.00709	0.00778	0.00236	0.00945	0.00711	0.00395	0.01183
5	0.01859	0.01803	0.02706	0.10165	0.41244	0.06318	0.04426	0.02456	0.07539	0.02473	0.01906	0.02812	0.01682	0.00911	0.00808	0.00250	0.00927	0.08156	0.00457	0.01102
6	0.01608	0.01378	0.01608	0.01148	0.01837	0.01034	0.00919	0.01952	0.01608	0.02527	0.01378	0.01608	0.01148	0.00574	0.00574	0.00115	0.00574	0.00459	0.00459	0.77491
7	0.00945	0.00675	0.00900	0.01080	0.01125	0.00630	0.00720	0.01080	0.01484	0.01979	0.04274	0.72245	0.05128	0.02429	0.00990	0.00315	0.00450	0.02204	0.00720	0.00630
8	0.01410	0.01225	0.01833	0.16632	0.02495	0.01437	0.04850	0.06129	0.01592	0.02176	0.02479	0.27665	0.02641	0.01993	0.08016	0.00391	0.14448	0.01267	0.00521	0.00801
9	0.01892	0.01369	0.01637	0.01184	0.01859	0.01050	0.00952	0.02230	0.01701	0.12535	0.01633	0.01764	0.01265	0.00633	0.00605	0.00134	0.00587	0.00508	0.00535	0.65926
10	0.01604	0.01014	0.01264	0.01162	0.01450	0.00984	0.00905	0.02217	0.11969	0.13550	0.35222	0.08392	0.09240	0.01511	0.00890	0.00260	0.00485	0.06153	0.00835	0.00892
11	0.78228	0.01499	0.01140	0.01020	0.01499	0.01739	0.00840	0.02279	0.01320	0.03479	0.01080	0.01260	0.00840	0.00720	0.00480	0.00240	0.00600	0.00420	0.00480	0.00840
12	0.01696	0.01696	0.02375	0.02036	0.02036	0.02375	0.01696	0.01866	0.01187	0.01866	0.01018	0.01696	0.01018	0.01357	0.02545	0.00339	0.71332	0.00679	0.00339	0.00848
13	0.01445	0.00723	0.00723	0.00723	0.00903	0.00723	0.00542	0.01807	0.01626	0.02891	0.02529	0.02891	0.01987	0.00903	0.00542	0.00181	0.00361	0.00723	0.77055	0.00723
14	0.01445	0.00723	0.00723	0.00723	0.00903	0.00723	0.00542	0.01807	0.01626	0.02891	0.02529	0.02891	0.01987	0.00903	0.00542	0.00181	0.00361	0.00723	0.77055	0.00723
15	0.01968	0.31910	0.20354	0.02048	0.09349	0.09021	0.01875	0.02506	0.05228	0.02152	0.01322	0.01555	0.01094	0.00769	0.00768	0.00214	0.05909	0.00537	0.00368	0.01052
16	0.01105	0.00798	0.01048	0.00999	0.01182	0.00740	0.00759	0.01471	0.02173	0.03068	0.64155	0.05948	0.07165	0.01615	0.00923	0.00250	0.00384	0.04641	0.00846	0.00731
17	0.01445	0.00723	0.00723	0.00723	0.00903	0.00723	0.00542	0.01807	0.01626	0.02891	0.02529	0.02891	0.01987	0.00903	0.00542	0.00181	0.00361	0.00723	0.77055	0.00723
18	0.78228	0.01499	0.01140	0.01020	0.01499	0.01739	0.00840	0.02279	0.01320	0.03479	0.01080	0.01260	0.00840	0.00720	0.00480	0.00240	0.00600	0.00420	0.00480	0.00840
19	0.03292	0.01305	0.01757	0.01366	0.01937	0.01149	0.01121	0.03670	0.04728	0.62453	0.06468	0.02816	0.02222	0.00996	0.00787	0.00241	0.00642	0.00816	0.00947	0.01285
20	0.00926	0.00777	0.00805	0.00817	0.01058	0.00656	0.00606	0.01125	0.01762	0.02127	0.10041	0.12637	0.60040	0.01986	0.00922	0.00265	0.00396	0.01673	0.00726	0.00656
21	0.01069	0.00801	0.00997	0.00976	0.01178	0.00730	0.00751	0.01393	0.02048	0.02780	0.46390	0.06505	0.21710	0.01735	0.00931	0.00260	0.00408	0.07819	0.00807	0.00711
22	0.01980	0.04558	0.01881	0.01589	0.01970	0.07544	0.01247	0.09279	0.39311	0.02943	0.02615	0.06046	0.02135	0.03814	0.04344	0.00324	0.05789	0.00868	0.00673	0.01091
23	0.00954	0.00757	0.00858	0.00897	0.01087	0.00661	0.00648	0.01162	0.01762	0.02232	0.16790	0.24760	0.40639	0.02027	0.00936	0.00273	0.00404	0.01752	0.00742	0.00661
