[name]
unknown

[dist]
# distance from previous block
# <min> <max>
4	128

[block]
# block no. 0 follows, 26 sequences, length 19
# corresponding to MSA columns:
# 192-210
name=unknown_A
#
# <colnr> <probs for GDERKNQSTAVLIFYWHMCP>
#	G	D	E	R	K	N	Q	S	T	A	V	L	I	F	Y	W	H	M	C	P
0	0.19019	0.01327	0.01626	0.01277	0.01839	0.01237	0.01054	0.03392	0.01988	0.55505	0.02591	0.02302	0.01659	0.00890	0.00702	0.00235	0.00633	0.00690	0.00841	0.01194
1	0.01716	0.01901	0.04019	0.17366	0.04225	0.01870	0.52636	0.02328	0.01734	0.02328	0.01496	0.02041	0.01122	0.00664	0.00867	0.00255	0.01223	0.00849	0.00374	0.00986
2	0.01449	0.01055	0.01276	0.01118	0.01386	0.01055	0.00866	0.14839	0.02441	0.03402	0.54443	0.04869	0.05940	0.01418	0.00866	0.00236	0.00457	0.01229	0.00819	0.00835
3	0.01438	0.01205	0.01429	0.01110	0.01653	0.00929	0.00858	0.01733	0.01548	0.02361	0.01936	0.16354	0.01931	0.00938	0.00646	0.00153	0.00537	0.00803	0.00502	0.61936
4	0.01923	0.59308	0.17546	0.01477	0.02224	0.02744	0.01610	0.02298	0.01554	0.01913	0.01118	0.01297	0.00971	0.00664	0.00535	0.00178	0.00875	0.00438	0.00324	0.01004
5	0.02833	0.03615	0.02149	0.01954	0.02345	0.70298	0.01466	0.03029	0.02149	0.01856	0.01172	0.01368	0.00977	0.00782	0.00684	0.00195	0.01368	0.00489	0.00391	0.00879
6	0.02028	0.73799	0.03975	0.01298	0.01947	0.03001	0.01298	0.02271	0.01541	0.01785	0.01055	0.01217	0.00973	0.00649	0.00487	0.00162	0.00811	0.00406	0.00324	0.00973
7	0.01521	0.03923	0.69413	0.02162	0.03283	0.01762	0.02802	0.02402	0.01601	0.02402	0.01361	0.01601	0.00961	0.00721	0.00721	0.00240	0.01121	0.00560	0.00320	0.01121
8	0.01790	0.02046	0.04476	0.03197	0.03964	0.01918	0.65857	0.02430	0.01790	0.02430	0.01535	0.02046	0.01151	0.00639	0.00895	0.00256	0.01279	0.00895	0.00384	0.01023
9	0.01103	0.00735	0.00827	0.00827	0.00827	0.00735	0.00460	0.01103	0.01103	0.01471	0.02390	0.04964	0.02758	0.73343	0.03861	0.00735	0.00735	0.01103	0.00460	0.00460
10	0.01074	0.00775	0.01014	0.00954	0.01133	0.00716	0.00716	0.01431	0.02147	0.03042	0.68211	0.05666	0.07157	0.01551	0.00895	0.00239	0.00358	0.01372	0.00835	0.00716
11	0.01573	0.01348	0.01573	0.01123	0.01798	0.01011	0.00899	0.01910	0.01573	0.02472	0.01348	0.01573	0.01123	0.00562	0.00562	0.00112	0.00562	0.00449	0.00449	0.77980
12	0.02028	0.73799	0.03975	0.01298	0.01947	0.03001	0.01298	0.02271	0.01541	0.01785	0.01055	0.01217	0.00973	0.00649	0.00487	0.00162	0.00811	0.00406	0.00324	0.00973
13	0.01102	0.00740	0.00849	0.00849	0.00856	0.00747	0.00486	0.01117	0.01109	0.01487	0.02370	0.04855	0.02710	0.69642	0.07497	0.00762	0.00806	0.01087	0.00457	0.00472
14	0.01763	0.01966	0.04029	0.02947	0.03555	0.02002	0.52543	0.02304	0.01660	0.02304	0.01423	0.01966	0.01119	0.00782	0.01226	0.00272	0.15936	0.00847	0.00373	0.00983
15	0.05552	0.01802	0.01911	0.01591	0.02098	0.02028	0.01275	0.28182	0.36887	0.06569	0.02504	0.02359	0.01834	0.00965	0.00754	0.00244	0.00693	0.00767	0.00761	0.01223
16	0.01595	0.03484	0.55656	0.02679	0.16831	0.01770	0.02704	0.02387	0.01627	0.02418	0.01375	0.01659	0.01011	0.00711	0.00727	0.00237	0.01075	0.00584	0.00332	0.01138
17	0.02833	0.03615	0.02149	0.01954	0.02345	0.70298	0.01466	0.03029	0.02149	0.01856	0.01172	0.01368	0.00977	0.00782	0.00684	0.00195	0.01368	0.00489	0.00391	0.00879
18	0.00924	0.00660	0.00880	0.01056	0.01100	0.00616	0.00704	0.01056	0.01452	0.01936	0.04181	0.72848	0.05017	0.02376	0.00968	0.00308	0.00440	0.02156	0.00704	0.00616

[dist]
# distance from previous block
# <min> <max>
0	1

[block]
# block no. 1 follows, 26 sequences, length 43
# corresponding to MSA columns:
# 212-254
name=unknown_B
#
# <colnr> <probs for GDERKNQSTAVLIFYWHMCP>
#	G	D	E	R	K	N	Q	S	T	A	V	L	I	F	Y	W	H	M	C	P
0	0.07694	0.01372	0.01767	0.01363	0.01945	0.01254	0.01126	0.08905	0.02239	0.59893	0.02782	0.02439	0.01767	0.00923	0.00746	0.00234	0.00658	0.00736	0.00897	0.01264
1	0.01083	0.00727	0.00833	0.00853	0.00858	0.00722	0.00487	0.01098	0.01143	0.01524	0.02594	0.12688	0.03015	0.65268	0.03532	0.00687	0.00702	0.01223	0.00487	0.00477
2	0.01659	0.01659	0.02323	0.01991	0.01991	0.02323	0.01659	0.01825	0.01162	0.01825	0.00996	0.01659	0.00996	0.01328	0.02489	0.00332	0.71955	0.00664	0.00332	0.00830
3	0.68941	0.01485	0.01262	0.07012	0.01823	0.01728	0.00957	0.04903	0.01406	0.03337	0.01113	0.01324	0.00857	0.00717	0.00506	0.00236	0.00633	0.00445	0.00470	0.00843
4	0.00924	0.00660	0.00880	0.01056	0.01100	0.00616	0.00704	0.01056	0.01452	0.01936	0.04181	0.72848	0.05017	0.02376	0.00968	0.00308	0.00440	0.02156	0.00704	0.00616
5	0.01776	0.02001	0.04290	0.03064	0.03825	0.01860	0.61693	0.02396	0.01776	0.02432	0.01523	0.02016	0.01149	0.00634	0.00874	0.00247	0.01233	0.00867	0.00388	0.05956
6	0.00924	0.00660	0.00880	0.01056	0.01100	0.00616	0.00704	0.01056	0.01452	0.01936	0.04181	0.72848	0.05017	0.02376	0.00968	0.00308	0.00440	0.02156	0.00704	0.00616
7	0.01784	0.01707	0.02911	0.18652	0.55343	0.01778	0.02282	0.02246	0.01683	0.02365	0.01410	0.01908	0.01162	0.00693	0.00752	0.00231	0.00924	0.00675	0.00367	0.01126
8	0.00898	0.00762	0.00775	0.00785	0.01029	0.00639	0.00584	0.01087	0.01713	0.02043	0.07482	0.11073	0.64661	0.01947	0.00901	0.00259	0.00387	0.01633	0.00704	0.00639
9	0.01877	0.01802	0.03079	0.04656	0.68612	0.01802	0.02328	0.02328	0.01727	0.02478	0.01427	0.01877	0.01201	0.00676	0.00751	0.00225	0.00901	0.00676	0.00375	0.01201
10	0.01545	0.01448	0.02362	0.54416	0.15535	0.01722	0.02067	0.02181	0.07128	0.02133	0.01509	0.02067	0.01154	0.00768	0.00758	0.00249	0.00958	0.00690	0.00380	0.00933
11	0.01521	0.03923	0.69413	0.02162	0.03283	0.01762	0.02802	0.02402	0.01601	0.02402	0.01361	0.01601	0.00961	0.00721	0.00721	0.00240	0.01121	0.00560	0.00320	0.01121
12	0.01342	0.01066	0.01284	0.01129	0.01498	0.00904	0.00839	0.05400	0.01636	0.02356	0.02731	0.35663	0.02995	0.01450	0.00768	0.00213	0.00520	0.01280	0.00590	0.36335
13	0.01676	0.01708	0.02592	0.02142	0.02238	0.02273	0.09674	0.01901	0.01240	0.01901	0.01063	0.01708	0.01015	0.01242	0.02290	0.00322	0.63132	0.00693	0.00338	0.00854
14	0.02883	0.02125	0.02276	0.01745	0.02352	0.02352	0.01442	0.66082	0.03566	0.04780	0.01821	0.01821	0.01290	0.00911	0.00759	0.00228	0.00835	0.00683	0.00759	0.01290
15	0.01573	0.01348	0.01573	0.01123	0.01798	0.01011	0.00899	0.01910	0.01573	0.02472	0.01348	0.01573	0.01123	0.00562	0.00562	0.00112	0.00562	0.00449	0.00449	0.77980
16	0.01414	0.00707	0.00707	0.00707	0.00884	0.00707	0.00530	0.01767	0.01591	0.02828	0.02474	0.02828	0.01944	0.00884	0.00530	0.00177	0.00353	0.00707	0.77554	0.00707
17	0.02738	0.01724	0.01959	0.01557	0.02085	0.01820	0.01263	0.40140	0.05884	0.20363	0.02446	0.10364	0.01919	0.01094	0.00785	0.00240	0.00731	0.00883	0.00798	0.01207
18	0.01749	0.11100	0.53656	0.02045	0.03019	0.11058	0.02468	0.02472	0.01669	0.02265	0.01304	0.01530	0.00964	0.00721	0.00692	0.00226	0.01122	0.00535	0.00330	0.01073
19	0.00960	0.00718	0.01031	0.01146	0.01220	0.00671	0.03431	0.01114	0.01466	0.01957	0.04070	0.69885	0.04855	0.02304	0.00965	0.00306	0.00475	0.02104	0.00691	0.00633
20	0.25388	0.01929	0.01932	0.01523	0.02089	0.02159	0.01258	0.47129	0.02891	0.04372	0.01594	0.01646	0.01151	0.00849	0.00673	0.00230	0.00761	0.00602	0.00673	0.01151
21	0.02669	0.02013	0.02193	0.01719	0.02261	0.02261	0.01412	0.54944	0.08779	0.04411	0.03903	0.02014	0.01538	0.00965	0.00869	0.00237	0.05120	0.00718	0.00736	0.01237
22	0.02850	0.02220	0.01927	0.01628	0.02118	0.24834	0.01279	0.08832	0.15817	0.27147	0.02296	0.02157	0.01614	0.00902	0.00738	0.00225	0.00897	0.00683	0.00703	0.01132
23	0.01414	0.00707	0.00707	0.00707	0.00884	0.00707	0.00530	0.01767	0.01591	0.02828	0.02474	0.02828	0.01944	0.00884	0.00530	0.00177	0.00353	0.00707	0.77554	0.00707
24	0.05245	0.01993	0.02121	0.01656	0.02213	0.02210	0.01351	0.56343	0.07434	0.04446	0.01909	0.02042	0.01422	0.04963	0.00924	0.00258	0.00806	0.00709	0.00733	0.01222
25	0.01790	0.02046	0.04476	0.03197	0.03964	0.01918	0.65857	0.02430	0.01790	0.02430	0.01535	0.02046	0.01151	0.00639	0.00895	0.00256	0.01279	0.00895	0.00384	0.01023
26	0.01612	0.16420	0.57711	0.02007	0.03044	0.01983	0.02533	0.02379	0.01591	0.02292	0.01306	0.01533	0.00963	0.00708	0.00679	0.00226	0.01066	0.00533	0.00321	0.01095
27	0.01473	0.01387	0.02294	0.57213	0.04643	0.01598	0.05493	0.01961	0.01540	0.02045	0.01359	0.01957	0.01036	0.00722	0.00737	0.00232	0.00959	0.00653	0.00356	0.12341
28	0.01915	0.01486	0.01845	0.01341	0.02004	0.01249	0.04623	0.10622	0.01901	0.08432	0.01561	0.01718	0.01211	0.00644	0.00624	0.00146	0.00645	0.00532	0.00528	0.56972
29	0.01139	0.00813	0.00974	0.00955	0.00964	0.00872	0.00596	0.01172	0.01133	0.01539	0.02357	0.08416	0.02699	0.60384	0.06391	0.00698	0.06816	0.01113	0.00460	0.00509
30	0.01795	0.01703	0.02814	0.16826	0.51170	0.01788	0.02191	0.02400	0.07246	0.02437	0.01553	0.01985	0.01261	0.00721	0.00754	0.00233	0.00896	0.00691	0.00402	0.01135
31	0.00934	0.00670	0.00872	0.01028	0.01079	0.00625	0.00683	0.01061	0.01442	0.01912	0.04226	0.65500	0.07766	0.06904	0.01150	0.00333	0.00456	0.02063	0.00688	0.00607
32	0.01926	0.01922	0.03344	0.02527	0.02995	0.02134	0.32315	0.12826	0.01863	0.02607	0.01391	0.01871	0.01119	0.00929	0.01439	0.00278	0.26310	0.00778	0.00428	0.00999
33	0.01084	0.00813	0.01219	0.01219	0.01354	0.00948	0.00948	0.01354	0.01219	0.01761	0.02032	0.02980	0.01896	0.05689	0.70337	0.01219	0.02032	0.00813	0.00406	0.00677
34	0.78701	0.01467	0.01115	0.00997	0.01467	0.01702	0.00821	0.02230	0.01291	0.03403	0.01056	0.01232	0.00821	0.00704	0.00469	0.00235	0.00587	0.00411	0.00469	0.00821
35	0.05889	0.10668	0.59147	0.02012	0.03050	0.01880	0.02543	0.02380	0.01578	0.02397	0.01314	0.01543	0.00954	0.00713	0.00684	0.00232	0.01061	0.00537	0.00329	0.01090
36	0.01877	0.01802	0.03079	0.04656	0.68612	0.01802	0.02328	0.02328	0.01727	0.02478	0.01427	0.01877	0.01201	0.00676	0.00751	0.00225	0.00901	0.00676	0.00375	0.01201
37	0.03906	0.00735	0.00737	0.00733	0.00918	0.00747	0.00553	0.01769	0.01569	0.02812	0.02414	0.02781	0.01906	0.01031	0.02758	0.00212	0.00415	0.00701	0.72594	0.00710
38	0.01232	0.00982	0.01210	0.01103	0.01439	0.00807	0.00818	0.01468	0.01521	0.02195	0.02891	0.37446	0.03223	0.01541	0.00788	0.00221	0.00508	0.04386	0.00589	0.35632
39	0.01085	0.00808	0.01195	0.01195	0.01322	0.00935	0.00918	0.01339	0.01212	0.01743	0.02053	0.03100	0.01949	0.09798	0.66300	0.01190	0.01953	0.00830	0.00410	0.00664
40	0.02853	0.03042	0.02198	0.01874	0.02348	0.44186	0.01456	0.27261	0.02694	0.02980	0.01422	0.01542	0.01097	0.00831	0.00713	0.00208	0.01163	0.00563	0.00532	0.01037
41	0.01051	0.00844	0.00899	0.00859	0.01107	0.00755	0.00643	0.04803	0.01870	0.02343	0.17590	0.06577	0.50229	0.05795	0.01054	0.00278	0.00425	0.01482	0.00716	0.00680
42	0.02842	0.02040	0.02247	0.05137	0.02469	0.02250	0.01456	0.59436	0.03388	0.08260	0.01864	0.01874	0.01309	0.00905	0.00759	0.00229	0.00833	0.00687	0.00748	0.01268

[dist]
# distance from previous block
# <min> <max>
3	17

[block]
# block no. 2 follows, 26 sequences, length 12
# corresponding to MSA columns:
# 273-284
name=unknown_C
#
# <colnr> <probs for GDERKNQSTAVLIFYWHMCP>
#	G	D	E	R	K	N	Q	S	T	A	V	L	I	F	Y	W	H	M	C	P
0	0.01877	0.01802	0.03079	0.04656	0.68612	0.01802	0.02328	0.02328	0.01727	0.02478	0.01427	0.01877	0.01201	0.00676	0.00751	0.00225	0.00901	0.00676	0.00375	0.01201
1	0.01682	0.01712	0.02850	0.02179	0.02593	0.01875	0.22565	0.02044	0.01467	0.02179	0.01257	0.01766	0.01077	0.00918	0.01503	0.00254	0.31610	0.00688	0.00377	0.19402
2	0.05577	0.01373	0.01758	0.01343	0.01881	0.01230	0.05967	0.04571	0.01669	0.06005	0.02255	0.04706	0.09084	0.00891	0.00814	0.00182	0.06531	0.00717	0.00512	0.42935
3	0.02740	0.01327	0.01673	0.01355	0.01858	0.01257	0.01089	0.07407	0.12744	0.43017	0.06280	0.08118	0.02392	0.01079	0.00778	0.00239	0.00616	0.00899	0.00857	0.04273
4	0.69447	0.01409	0.01140	0.01012	0.01467	0.01603	0.00829	0.02247	0.01395	0.06676	0.05891	0.01613	0.01321	0.00776	0.00514	0.00235	0.00574	0.00496	0.00519	0.00838
5	0.01188	0.00848	0.01183	0.01357	0.01517	0.00843	0.01162	0.01512	0.01712	0.02231	0.04035	0.16028	0.04441	0.02128	0.01038	0.00344	0.00668	0.56376	0.00699	0.00689
6	0.01877	0.01802	0.03079	0.04656	0.68612	0.01802	0.02328	0.02328	0.01727	0.02478	0.01427	0.01877	0.01201	0.00676	0.00751	0.00225	0.00901	0.00676	0.00375	0.01201
7	0.06054	0.01312	0.01560	0.01177	0.01774	0.01089	0.00946	0.02409	0.04560	0.18461	0.06516	0.02138	0.01764	0.00749	0.00637	0.00163	0.00570	0.00605	0.00608	0.46910
8	0.02883	0.02125	0.02276	0.01745	0.02352	0.02352	0.01442	0.66082	0.03566	0.04780	0.01821	0.01821	0.01290	0.00911	0.00759	0.00228	0.00835	0.00683	0.00759	0.01290
9	0.02878	0.02298	0.02262	0.01769	0.02351	0.10249	0.01444	0.58754	0.03402	0.04440	0.01746	0.01768	0.01254	0.00896	0.00750	0.00224	0.00897	0.00660	0.00716	0.01242
10	0.01573	0.01348	0.01573	0.01123	0.01798	0.01011	0.00899	0.01910	0.01573	0.02472	0.01348	0.01573	0.01123	0.00562	0.00562	0.00112	0.00562	0.00449	0.00449	0.77980
11	0.01761	0.01001	0.01287	0.01108	0.01416	0.00936	0.00866	0.06959	0.02262	0.18716	0.47748	0.04644	0.05462	0.01357	0.00853	0.00237	0.00462	0.01175	0.00853	0.00895

[dist]
# distance from previous block
# <min> <max>
0	1

[block]
# block no. 3 follows, 26 sequences, length 8
# corresponding to MSA columns:
# 286-293
name=unknown_D
#
# <colnr> <probs for GDERKNQSTAVLIFYWHMCP>
#	G	D	E	R	K	N	Q	S	T	A	V	L	I	F	Y	W	H	M	C	P
0	0.01654	0.01421	0.01610	0.01233	0.01843	0.01238	0.00977	0.02460	0.18617	0.02654	0.01800	0.01899	0.01433	0.00683	0.00616	0.00150	0.00572	0.00555	0.00533	0.58052
1	0.01573	0.01348	0.01573	0.01123	0.01798	0.01011	0.00899	0.01910	0.01573	0.02472	0.01348	0.01573	0.01123	0.00562	0.00562	0.00112	0.00562	0.00449	0.00449	0.77980
2	0.01581	0.00868	0.00885	0.00825	0.01050	0.00894	0.00634	0.09067	0.01815	0.03049	0.02400	0.02714	0.01870	0.00887	0.00556	0.00183	0.00408	0.00704	0.68838	0.00773
3	0.02883	0.02125	0.02276	0.01745	0.02352	0.02352	0.01442	0.66082	0.03566	0.04780	0.01821	0.01821	0.01290	0.00911	0.00759	0.00228	0.00835	0.00683	0.00759	0.01290
4	0.02775	0.02348	0.02295	0.02107	0.02562	0.08281	0.01545	0.04191	0.52468	0.03675	0.03532	0.03729	0.02850	0.01547	0.01119	0.00407	0.00962	0.01063	0.00984	0.01561
5	0.01573	0.01348	0.01573	0.01123	0.01798	0.01011	0.00899	0.01910	0.01573	0.02472	0.01348	0.01573	0.01123	0.00562	0.00562	0.00112	0.00562	0.00449	0.00449	0.77980
6	0.01052	0.00759	0.00994	0.00969	0.01128	0.00701	0.00714	0.01377	0.02046	0.02881	0.58895	0.15441	0.06846	0.01671	0.00905	0.00249	0.00370	0.01486	0.00816	0.00701
7	0.02705	0.02057	0.02283	0.01781	0.02300	0.02348	0.01473	0.56733	0.03216	0.04350	0.01701	0.01798	0.01247	0.00971	0.01011	0.00243	0.11183	0.00680	0.00697	0.01223

[dist]
# distance from previous block
# <min> <max>
3	12

[block]
# block no. 4 follows, 26 sequences, length 11
# corresponding to MSA columns:
# 306-316
name=unknown_E
#
# <colnr> <probs for GDERKNQSTAVLIFYWHMCP>
#	G	D	E	R	K	N	Q	S	T	A	V	L	I	F	Y	W	H	M	C	P
0	0.01706	0.01455	0.01588	0.01391	0.01834	0.01540	0.01075	0.03202	0.44545	0.02871	0.02804	0.10374	0.02340	0.01071	0.00745	0.00229	0.00573	0.00908	0.00689	0.19061
1	0.01867	0.01877	0.01707	0.01317	0.01925	0.17188	0.01031	0.02171	0.01707	0.02328	0.01307	0.01525	0.01089	0.00613	0.00590	0.00132	0.00750	0.00459	0.00436	0.59979
2	0.01806	0.01696	0.02727	0.03831	0.53012	0.01618	0.01994	0.02230	0.01691	0.02477	0.01408	0.01806	0.01183	0.00649	0.00707	0.00199	0.00822	0.00623	0.00393	0.19127
3	0.01949	0.01455	0.01694	0.01237	0.01892	0.01216	0.00999	0.11383	0.01922	0.09607	0.01584	0.01712	0.01225	0.00651	0.00611	0.00142	0.00610	0.00515	0.00544	0.59053
4	0.01963	0.44568	0.23788	0.01636	0.02400	0.10155	0.01777	0.02396	0.01628	0.01982	0.01162	0.01351	0.00970	0.00686	0.00580	0.00190	0.00968	0.00462	0.00331	0.01008
5	0.01432	0.01348	0.02275	0.71520	0.05224	0.01685	0.02107	0.01938	0.01517	0.01938	0.01348	0.02022	0.01011	0.00758	0.00758	0.00253	0.01011	0.00674	0.00337	0.00843
6	0.02119	0.01745	0.01846	0.01591	0.02061	0.01995	0.01257	0.18518	0.52375	0.03548	0.02792	0.02594	0.02076	0.01001	0.00769	0.00250	0.00655	0.00817	0.00769	0.01221
7	0.01088	0.00796	0.01135	0.01135	0.01242	0.00903	0.00844	0.01301	0.01194	0.01699	0.02108	0.03404	0.02081	0.20164	0.56114	0.01116	0.01754	0.00875	0.00418	0.00631
8	0.10237	0.01542	0.01746	0.01336	0.01938	0.01468	0.01089	0.17499	0.05637	0.20382	0.01946	0.01923	0.01390	0.00780	0.00661	0.00191	0.00652	0.00603	0.00667	0.28311
9	0.01804	0.01657	0.02281	0.01927	0.02101	0.02139	0.05312	0.02466	0.16675	0.05425	0.01612	0.02000	0.01356	0.01199	0.01911	0.00305	0.47685	0.00727	0.00467	0.00950
10	0.01264	0.01020	0.01331	0.01291	0.01416	0.01152	0.01010	0.01451	0.01506	0.04953	0.04149	0.25605	0.20581	0.01867	0.01377	0.00302	0.20610	0.07784	0.00609	0.00721

[dist]
# distance from previous block
# <min> <max>
2	5

[block]
# block no. 5 follows, 26 sequences, length 11
# corresponding to MSA columns:
# 322-332
name=unknown_F
#
# <colnr> <probs for GDERKNQSTAVLIFYWHMCP>
#	G	D	E	R	K	N	Q	S	T	A	V	L	I	F	Y	W	H	M	C	P
0	0.01732	0.01372	0.01780	0.01327	0.01936	0.01123	0.05922	0.05509	0.01731	0.07446	0.01789	0.08746	0.01575	0.00794	0.00653	0.00158	0.00626	0.00688	0.00522	0.54571
1	0.01091	0.00842	0.01045	0.01082	0.01281	0.00753	0.00782	0.01355	0.03916	0.02111	0.04004	0.46252	0.10775	0.01945	0.00890	0.00270	0.00481	0.06476	0.00662	0.13988
2	0.01863	0.08610	0.01908	0.01230	0.01889	0.01384	0.01017	0.10227	0.01850	0.05530	0.01449	0.01612	0.01162	0.00631	0.00588	0.00137	0.00625	0.00488	0.00497	0.57301
3	0.02087	0.63230	0.07067	0.01385	0.02053	0.02875	0.01387	0.08588	0.01744	0.02112	0.01146	0.01296	0.01004	0.00678	0.00525	0.00173	0.00829	0.00441	0.00367	0.01012
4	0.06820	0.05274	0.02066	0.01618	0.02140	0.14252	0.01304	0.25623	0.16517	0.13591	0.02080	0.02014	0.01504	0.00894	0.00721	0.00227	0.00837	0.00671	0.00688	0.01158
5	0.02888	0.01487	0.01814	0.01430	0.01995	0.01445	0.01165	0.12907	0.15333	0.41487	0.02716	0.02444	0.01822	0.00925	0.00749	0.00229	0.00658	0.00747	0.00843	0.06915
6	0.01087	0.00800	0.01155	0.01155	0.01268	0.00913	0.00868	0.01313	0.01200	0.01713	0.02090	0.03305	0.02038	0.16792	0.59427	0.01140	0.01819	0.00860	0.00415	0.00642
7	0.02601	0.04198	0.02088	0.01583	0.02161	0.05374	0.01293	0.35983	0.12164	0.11807	0.02026	0.01984	0.01461	0.00870	0.00723	0.00214	0.00768	0.00669	0.00710	0.11323
8	0.01166	0.00843	0.01150	0.01311	0.01479	0.00828	0.01117	0.01480	0.01716	0.02219	0.04341	0.14769	0.09805	0.02108	0.01027	0.00337	0.00647	0.52272	0.00699	0.00685
9	0.02028	0.73799	0.03975	0.01298	0.01947	0.03001	0.01298	0.02271	0.01541	0.01785	0.01055	0.01217	0.00973	0.00649	0.00487	0.00162	0.00811	0.00406	0.00324	0.00973
10	0.01738	0.01790	0.02312	0.01989	0.02015	0.06844	0.01647	0.01905	0.01227	0.01827	0.01007	0.01640	0.00994	0.01291	0.02369	0.00323	0.67260	0.00652	0.00336	0.00833

[dist]
# distance from previous block
# <min> <max>
0	4

[block]
# block no. 6 follows, 26 sequences, length 16
# corresponding to MSA columns:
# 337-352
name=unknown_G
#
# <colnr> <probs for GDERKNQSTAVLIFYWHMCP>
#	G	D	E	R	K	N	Q	S	T	A	V	L	I	F	Y	W	H	M	C	P
0	0.01432	0.01348	0.02275	0.71520	0.05224	0.01685	0.02107	0.01938	0.01517	0.01938	0.01348	0.02022	0.01011	0.00758	0.00758	0.00253	0.01011	0.00674	0.00337	0.00843
1	0.01103	0.00735	0.00827	0.00827	0.00827	0.00735	0.00460	0.01103	0.01103	0.01471	0.02390	0.04964	0.02758	0.73343	0.03861	0.00735	0.00735	0.01103	0.00460	0.00460
2	0.01432	0.01348	0.02275	0.71520	0.05224	0.01685	0.02107	0.01938	0.01517	0.01938	0.01348	0.02022	0.01011	0.00758	0.00758	0.00253	0.01011	0.00674	0.00337	0.00843
3	0.01432	0.01348	0.02275	0.71520	0.05224	0.01685	0.02107	0.01938	0.01517	0.01938	0.01348	0.02022	0.01011	0.00758	0.00758	0.00253	0.01011	0.00674	0.00337	0.00843
4	0.01790	0.02046	0.04476	0.03197	0.03964	0.01918	0.65857	0.02430	0.01790	0.02430	0.01535	0.02046	0.01151	0.00639	0.00895	0.00256	0.01279	0.00895	0.00384	0.01023
5	0.00924	0.00660	0.00880	0.01056	0.01100	0.00616	0.00704	0.01056	0.01452	0.01936	0.04181	0.72848	0.05017	0.02376	0.00968	0.00308	0.00440	0.02156	0.00704	0.00616
6	0.02883	0.02125	0.02276	0.01745	0.02352	0.02352	0.01442	0.66082	0.03566	0.04780	0.01821	0.01821	0.01290	0.00911	0.00759	0.00228	0.00835	0.00683	0.00759	0.01290
7	0.01521	0.03923	0.69413	0.02162	0.03283	0.01762	0.02802	0.02402	0.01601	0.02402	0.01361	0.01601	0.00961	0.00721	0.00721	0.00240	0.01121	0.00560	0.00320	0.01121
8	0.01573	0.01348	0.01573	0.01123	0.01798	0.01011	0.00899	0.01910	0.01573	0.02472	0.01348	0.01573	0.01123	0.00562	0.00562	0.00112	0.00562	0.00449	0.00449	0.77980
9	0.01414	0.00707	0.00707	0.00707	0.00884	0.00707	0.00530	0.01767	0.01591	0.02828	0.02474	0.02828	0.01944	0.00884	0.00530	0.00177	0.00353	0.00707	0.77554	0.00707
10	0.01694	0.01704	0.02239	0.05869	0.02174	0.05387	0.01602	0.01897	0.01269	0.01896	0.01059	0.01658	0.01008	0.01195	0.02117	0.00300	0.57600	0.00635	0.00346	0.08352
11	0.02883	0.02125	0.02276	0.01745	0.02352	0.02352	0.01442	0.66082	0.03566	0.04780	0.01821	0.01821	0.01290	0.00911	0.00759	0.00228	0.00835	0.00683	0.00759	0.01290
12	0.01103	0.00735	0.00827	0.00827	0.00827	0.00735	0.00460	0.01103	0.01103	0.01471	0.02390	0.04964	0.02758	0.73343	0.03861	0.00735	0.00735	0.01103	0.00460	0.00460
13	0.01701	0.01424	0.01641	0.01184	0.01852	0.01142	0.00952	0.08164	0.01767	0.02697	0.01394	0.01597	0.01140	0.00596	0.00581	0.00124	0.00588	0.00472	0.00480	0.70506
14	0.02812	0.02032	0.02194	0.01704	0.02293	0.02241	0.01401	0.56661	0.09801	0.07998	0.02008	0.01961	0.01422	0.00924	0.00760	0.00231	0.00802	0.00704	0.00770	0.01281
15	0.01756	0.01359	0.01631	0.01191	0.01821	0.01090	0.00960	0.02080	0.01610	0.08935	0.01490	0.01676	0.01190	0.00639	0.00683	0.00136	0.04319	0.00491	0.00491	0.66454

[dist]
# distance from previous block
# <min> <max>
1	6

[block]
# block no. 7 follows, 26 sequences, length 35
# corresponding to MSA columns:
# 359-393
name=unknown_H
#
# <colnr> <probs for GDERKNQSTAVLIFYWHMCP>
#	G	D	E	R	K	N	Q	S	T	A	V	L	I	F	Y	W	H	M	C	P
0	0.01335	0.00919	0.01232	0.01342	0.01540	0.00912	0.01136	0.04734	0.01813	0.04886	0.04040	0.16260	0.06814	0.02022	0.01006	0.00330	0.00657	0.47572	0.00712	0.00737
1	0.06249	0.01588	0.01824	0.01448	0.01999	0.01619	0.01177	0.20996	0.15191	0.26731	0.04580	0.02361	0.01852	0.00923	0.00735	0.00226	0.00670	0.00733	0.00785	0.08311
2	0.01471	0.01397	0.02362	0.60159	0.04815	0.01638	0.06428	0.01970	0.01541	0.02022	0.01361	0.01982	0.01031	0.00732	0.00749	0.00240	0.00988	0.00668	0.00351	0.08096
3	0.02028	0.73799	0.03975	0.01298	0.01947	0.03001	0.01298	0.02271	0.01541	0.01785	0.01055	0.01217	0.00973	0.00649	0.00487	0.00162	0.00811	0.00406	0.00324	0.00973
4	0.54477	0.01633	0.01459	0.01216	0.01728	0.01844	0.01003	0.19354	0.01945	0.07248	0.01363	0.01461	0.01002	0.00772	0.00562	0.00233	0.00656	0.00502	0.00571	0.00971
5	0.01432	0.01348	0.02275	0.71520	0.05224	0.01685	0.02107	0.01938	0.01517	0.01938	0.01348	0.02022	0.01011	0.00758	0.00758	0.00253	0.01011	0.00674	0.00337	0.00843
6	0.01573	0.01348	0.01573	0.01123	0.01798	0.01011	0.00899	0.01910	0.01573	0.02472	0.01348	0.01573	0.01123	0.00562	0.00562	0.00112	0.00562	0.00449	0.00449	0.77980
7	0.01028	0.00783	0.00968	0.01068	0.01245	0.00723	0.00845	0.01271	0.01691	0.02145	0.08049	0.22101	0.28601	0.02069	0.00967	0.00301	0.00510	0.24265	0.00707	0.00659
8	0.01114	0.00803	0.01172	0.01172	0.01311	0.00926	0.00910	0.01393	0.01253	0.01859	0.02073	0.02966	0.01901	0.05245	0.63893	0.01123	0.01877	0.00803	0.07528	0.00680
9	0.01666	0.01680	0.02437	0.02055	0.02096	0.02302	0.05056	0.01857	0.01195	0.01857	0.01024	0.01680	0.01004	0.01291	0.02405	0.00328	0.68216	0.00676	0.00335	0.00840
10	0.01432	0.01348	0.02275	0.71520	0.05224	0.01685	0.02107	0.01938	0.01517	0.01938	0.01348	0.02022	0.01011	0.00758	0.00758	0.00253	0.01011	0.00674	0.00337	0.00843
11	0.01790	0.02046	0.04476	0.03197	0.03964	0.01918	0.65857	0.02430	0.01790	0.02430	0.01535	0.02046	0.01151	0.00639	0.00895	0.00256	0.01279	0.00895	0.00384	0.01023
12	0.01139	0.00814	0.01127	0.01302	0.01440	0.00802	0.01078	0.01428	0.01664	0.02177	0.04062	0.26442	0.04547	0.02174	0.01026	0.00338	0.00627	0.46439	0.00700	0.00676
13	0.02883	0.02125	0.02276	0.01745	0.02352	0.02352	0.01442	0.66082	0.03566	0.04780	0.01821	0.01821	0.01290	0.00911	0.00759	0.00228	0.00835	0.00683	0.00759	0.01290
14	0.01521	0.03923	0.69413	0.02162	0.03283	0.01762	0.02802	0.02402	0.01601	0.02402	0.01361	0.01601	0.00961	0.00721	0.00721	0.00240	0.01121	0.00560	0.00320	0.01121
15	0.01573	0.01348	0.01573	0.01123	0.01798	0.01011	0.00899	0.01910	0.01573	0.02472	0.01348	0.01573	0.01123	0.00562	0.00562	0.00112	0.00562	0.00449	0.00449	0.77980
16	0.02860	0.02814	0.02218	0.01842	0.02349	0.33774	0.01453	0.36923	0.02911	0.03428	0.01521	0.01611	0.01145	0.00851	0.00724	0.00213	0.01081	0.00593	0.00589	0.01100
17	0.00899	0.00758	0.00779	0.00795	0.01032	0.00638	0.00588	0.01086	0.01703	0.02039	0.07361	0.13351	0.62462	0.01963	0.00903	0.00261	0.00389	0.01652	0.00704	0.00638
18	0.01491	0.01261	0.01485	0.01115	0.01709	0.00961	0.00874	0.01802	0.01558	0.02404	0.01707	0.10598	0.01616	0.00791	0.00613	0.00137	0.00546	0.00666	0.00482	0.68184
19	0.01102	0.00739	0.00847	0.00847	0.00853	0.00746	0.00484	0.01115	0.01109	0.01485	0.02372	0.04866	0.02715	0.70020	0.07126	0.00759	0.00799	0.01089	0.00457	0.00470
20	0.01752	0.01376	0.01726	0.01242	0.01912	0.01063	0.03967	0.02099	0.01638	0.08624	0.01509	0.01688	0.01194	0.00600	0.00596	0.00130	0.00603	0.00499	0.00491	0.67289
21	0.01757	0.01457	0.01672	0.01211	0.01876	0.01200	0.00975	0.10946	0.01854	0.02797	0.01415	0.01608	0.01147	0.00611	0.00589	0.00129	0.00600	0.00482	0.00493	0.67182
22	0.01790	0.02046	0.04476	0.03197	0.03964	0.01918	0.65857	0.02430	0.01790	0.02430	0.01535	0.02046	0.01151	0.00639	0.00895	0.00256	0.01279	0.00895	0.00384	0.01023
23	0.75420	0.01495	0.01165	0.01030	0.01505	0.01730	0.00848	0.04993	0.01389	0.03463	0.01089	0.01258	0.00842	0.00713	0.00482	0.00234	0.00597	0.00423	0.00482	0.00842
24	0.01103	0.00735	0.00827	0.00827	0.00827	0.00735	0.00460	0.01103	0.01103	0.01471	0.02390	0.04964	0.02758	0.73343	0.03861	0.00735	0.00735	0.01103	0.00460	0.00460
25	0.01877	0.01802	0.03079	0.04656	0.68612	0.01802	0.02328	0.02328	0.01727	0.02478	0.01427	0.01877	0.01201	0.00676	0.00751	0.00225	0.00901	0.00676	0.00375	0.01201
26	0.01790	0.02046	0.04476	0.03197	0.03964	0.01918	0.65857	0.02430	0.01790	0.02430	0.01535	0.02046	0.01151	0.00639	0.00895	0.00256	0.01279	0.00895	0.00384	0.01023
27	0.01521	0.03923	0.69413	0.02162	0.03283	0.01762	0.02802	0.02402	0.01601	0.02402	0.01361	0.01601	0.00961	0.00721	0.00721	0.00240	0.01121	0.00560	0.00320	0.01121
28	0.01085	0.00808	0.01194	0.01194	0.01320	0.00934	0.00917	0.01338	0.01212	0.01742	0.02055	0.03108	0.01952	0.10066	0.66037	0.01188	0.01948	0.00831	0.00410	0.00663
29	0.04384	0.01492	0.01834	0.01380	0.01955	0.01377	0.03461	0.11124	0.01890	0.09195	0.03662	0.01850	0.01391	0.00757	0.00807	0.00174	0.07220	0.00577	0.00540	0.44931
30	0.02028	0.73799	0.03975	0.01298	0.01947	0.03001	0.01298	0.02271	0.01541	0.01785	0.01055	0.01217	0.00973	0.00649	0.00487	0.00162	0.00811	0.00406	0.00324	0.00973
31	0.01702	0.01449	0.01708	0.01262	0.01867	0.01258	0.01020	0.07826	0.01718	0.02624	0.01359	0.01604	0.01127	0.00666	0.00761	0.00144	0.07289	0.00491	0.00467	0.63658
32	0.00932	0.00673	0.00883	0.01035	0.01098	0.00624	0.00698	0.01082	0.01511	0.02014	0.08503	0.65126	0.08415	0.02299	0.00960	0.00301	0.00432	0.02077	0.00713	0.00624
33	0.01102	0.00740	0.00853	0.00853	0.00861	0.00749	0.00491	0.01119	0.01111	0.01489	0.02367	0.04835	0.02702	0.68966	0.08161	0.00767	0.00819	0.01084	0.00456	0.00474
34	0.01521	0.03923	0.69413	0.02162	0.03283	0.01762	0.02802	0.02402	0.01601	0.02402	0.01361	0.01601	0.00961	0.00721	0.00721	0.00240	0.01121	0.00560	0.00320	0.01121

[dist]
# distance from previous block
# <min> <max>
0	1

[block]
# block no. 8 follows, 26 sequences, length 30
# corresponding to MSA columns:
# 395-424
name=unknown_I
#
# <colnr> <probs for GDERKNQSTAVLIFYWHMCP>
#	G	D	E	R	K	N	Q	S	T	A	V	L	I	F	Y	W	H	M	C	P
0	0.01659	0.01659	0.02323	0.01991	0.01991	0.02323	0.01659	0.01825	0.01162	0.01825	0.00996	0.01659	0.00996	0.01328	0.02489	0.00332	0.71955	0.00664	0.00332	0.00830
1	0.01711	0.01535	0.01640	0.01205	0.01857	0.05873	0.00959	0.04463	0.01690	0.02518	0.01354	0.01568	0.01120	0.00590	0.00578	0.00123	0.00628	0.00461	0.00457	0.69669
2	0.02946	0.01186	0.01610	0.01277	0.01779	0.01034	0.01037	0.03243	0.02140	0.56274	0.13175	0.05769	0.02819	0.01089	0.00791	0.00238	0.00593	0.00911	0.00914	0.01175
3	0.01222	0.00873	0.01222	0.01397	0.01572	0.00873	0.01222	0.01572	0.01746	0.02270	0.04016	0.08556	0.04365	0.02095	0.01048	0.00349	0.00698	0.63506	0.00698	0.00698
4	0.01368	0.00876	0.01204	0.01276	0.01480	0.00844	0.01071	0.01699	0.01848	0.08465	0.17356	0.11874	0.04769	0.01896	0.00984	0.00313	0.00604	0.40574	0.00749	0.00750
5	0.78701	0.01467	0.01115	0.00997	0.01467	0.01702	0.00821	0.02230	0.01291	0.03403	0.01056	0.01232	0.00821	0.00704	0.00469	0.00235	0.00587	0.00411	0.00469	0.00821
6	0.03145	0.01349	0.01753	0.01383	0.01942	0.01246	0.01129	0.03753	0.13267	0.57889	0.03009	0.02624	0.01952	0.00954	0.00764	0.00239	0.00638	0.00779	0.00910	0.01275
7	0.01581	0.01376	0.01641	0.01202	0.01815	0.01130	0.00968	0.01902	0.01536	0.02413	0.01316	0.01581	0.01112	0.00631	0.00736	0.00132	0.07029	0.00469	0.00439	0.70992
8	0.00958	0.00703	0.00899	0.00994	0.01099	0.00644	0.00691	0.01153	0.01660	0.02224	0.20485	0.47786	0.13684	0.02113	0.00941	0.00284	0.00413	0.01891	0.00737	0.00644
9	0.04952	0.01460	0.01692	0.01264	0.01879	0.01288	0.01023	0.09824	0.04014	0.09924	0.01613	0.01742	0.01247	0.00694	0.00684	0.00157	0.03328	0.00531	0.00546	0.52140
10	0.01789	0.01820	0.03099	0.02381	0.02763	0.02083	0.26314	0.06527	0.01598	0.02306	0.01284	0.01814	0.01084	0.00983	0.01628	0.00281	0.35086	0.00740	0.00389	0.06031
11	0.12334	0.01667	0.01713	0.01458	0.01937	0.06373	0.01186	0.16312	0.15607	0.14186	0.02401	0.02971	0.01933	0.01043	0.00744	0.00242	0.00720	0.09475	0.00696	0.07001
12	0.01085	0.00809	0.01199	0.01199	0.01328	0.00937	0.00924	0.01342	0.01213	0.01746	0.02050	0.03079	0.01939	0.09068	0.67016	0.01195	0.01967	0.00827	0.00409	0.00666
13	0.01593	0.01387	0.01646	0.01219	0.01822	0.01164	0.00980	0.01985	0.04112	0.02441	0.01384	0.01630	0.01159	0.00649	0.00745	0.00138	0.07030	0.00485	0.00451	0.67979
14	0.02264	0.01377	0.01785	0.01406	0.01865	0.01357	0.01149	0.02617	0.04239	0.27344	0.05293	0.02222	0.01725	0.00938	0.01085	0.00218	0.16251	0.00675	0.00638	0.25551
15	0.12932	0.01814	0.01919	0.01547	0.02089	0.02002	0.01259	0.34690	0.18839	0.11861	0.02170	0.02082	0.01550	0.00915	0.00723	0.00237	0.00721	0.00699	0.00744	0.01205
16	0.01200	0.00866	0.01191	0.01353	0.01534	0.00857	0.01177	0.01538	0.01745	0.02255	0.04271	0.08469	0.08806	0.02083	0.01037	0.00343	0.00677	0.59206	0.00699	0.00694
17	0.01170	0.00856	0.01150	0.01296	0.01484	0.00836	0.01119	0.01494	0.01743	0.02235	0.04603	0.08355	0.14596	0.02067	0.01023	0.00334	0.00648	0.53601	0.00699	0.00689
18	0.00896	0.00768	0.00768	0.00768	0.01025	0.00640	0.00576	0.01089	0.01729	0.02049	0.07684	0.07300	0.68304	0.01921	0.00896	0.00256	0.00384	0.01601	0.00704	0.00640
19	0.01877	0.01802	0.03079	0.04656	0.68612	0.01802	0.02328	0.02328	0.01727	0.02478	0.01427	0.01877	0.01201	0.00676	0.00751	0.00225	0.00901	0.00676	0.00375	0.01201
20	0.01790	0.02046	0.04476	0.03197	0.03964	0.01918	0.65857	0.02430	0.01790	0.02430	0.01535	0.02046	0.01151	0.00639	0.00895	0.00256	0.01279	0.00895	0.00384	0.01023
21	0.01521	0.03923	0.69413	0.02162	0.03283	0.01762	0.02802	0.02402	0.01601	0.02402	0.01361	0.01601	0.00961	0.00721	0.00721	0.00240	0.01121	0.00560	0.00320	0.01121
22	0.01573	0.01348	0.01573	0.01123	0.01798	0.01011	0.00899	0.01910	0.01573	0.02472	0.01348	0.01573	0.01123	0.00562	0.00562	0.00112	0.00562	0.00449	0.00449	0.77980
23	0.01465	0.01411	0.02474	0.65331	0.05110	0.01706	0.07881	0.01983	0.01541	0.01983	0.01365	0.02024	0.01024	0.00748	0.00771	0.00253	0.01035	0.00694	0.00341	0.00859
24	0.02028	0.73799	0.03975	0.01298	0.01947	0.03001	0.01298	0.02271	0.01541	0.01785	0.01055	0.01217	0.00973	0.00649	0.00487	0.00162	0.00811	0.00406	0.00324	0.00973
25	0.01103	0.00735	0.00827	0.00827	0.00827	0.00735	0.00460	0.01103	0.01103	0.01471	0.02390	0.04964	0.02758	0.73343	0.03861	0.00735	0.00735	0.01103	0.00460	0.00460
26	0.01934	0.01728	0.01737	0.01564	0.01991	0.05284	0.01214	0.03981	0.64009	0.03108	0.02992	0.02757	0.02249	0.01017	0.00767	0.00254	0.00638	0.00839	0.00753	0.01185
27	0.01084	0.00813	0.01219	0.01219	0.01354	0.00948	0.00948	0.01354	0.01219	0.01761	0.02032	0.02980	0.01896	0.05689	0.70337	0.01219	0.02032	0.00813	0.00406	0.00677
28	0.02028	0.73799	0.03975	0.01298	0.01947	0.03001	0.01298	0.02271	0.01541	0.01785	0.01055	0.01217	0.00973	0.00649	0.00487	0.00162	0.00811	0.00406	0.00324	0.00973
29	0.02716	0.02033	0.02184	0.01687	0.02285	0.02223	0.01385	0.56861	0.08317	0.04497	0.01885	0.01881	0.01357	0.00895	0.00746	0.00222	0.00798	0.00680	0.00738	0.06610

[dist]
# distance from previous block
# <min> <max>
3	5

[block]
# block no. 9 follows, 26 sequences, length 43
# corresponding to MSA columns:
# 430-472
name=unknown_J
#
# <colnr> <probs for GDERKNQSTAVLIFYWHMCP>
#	G	D	E	R	K	N	Q	S	T	A	V	L	I	F	Y	W	H	M	C	P
0	0.02674	0.02401	0.12587	0.01809	0.02495	0.02262	0.01651	0.56302	0.03265	0.04415	0.01750	0.01787	0.01239	0.00881	0.00753	0.00230	0.00879	0.00664	0.00691	0.01264
1	0.01640	0.00925	0.00948	0.00866	0.01109	0.00960	0.00670	0.11645	0.01894	0.03128	0.02374	0.02673	0.01844	0.00888	0.00565	0.00185	0.00427	0.00703	0.65760	0.00796
2	0.13492	0.01630	0.02138	0.01839	0.01911	0.02228	0.01531	0.01888	0.01181	0.02068	0.01005	0.01594	0.00969	0.01232	0.02179	0.00317	0.60994	0.00625	0.00353	0.00828
3	0.02661	0.02005	0.02276	0.12461	0.02793	0.02250	0.01544	0.56231	0.03251	0.04344	0.01748	0.01852	0.01247	0.00887	0.00759	0.00231	0.00862	0.00682	0.00694	0.01221
4	0.01183	0.00906	0.01100	0.01029	0.01253	0.00889	0.00778	0.01801	0.12108	0.02977	0.53009	0.05371	0.11667	0.01502	0.00876	0.00243	0.00397	0.01312	0.00814	0.00784
5	0.01384	0.01006	0.01344	0.01262	0.01473	0.01146	0.00993	0.11326	0.01607	0.02303	0.02032	0.02791	0.01807	0.04603	0.54541	0.00990	0.01725	0.00785	0.06109	0.00774
6	0.01035	0.00696	0.00954	0.01103	0.01162	0.00666	0.00785	0.01133	0.01431	0.01898	0.03713	0.51167	0.04339	0.02369	0.01288	0.12237	0.00517	0.12277	0.00646	0.00586
7	0.01432	0.01348	0.02275	0.71520	0.05224	0.01685	0.02107	0.01938	0.01517	0.01938	0.01348	0.02022	0.01011	0.00758	0.00758	0.00253	0.01011	0.00674	0.00337	0.00843
8	0.01817	0.13038	0.04241	0.02817	0.03510	0.02114	0.51242	0.02361	0.01706	0.02286	0.01421	0.01890	0.01112	0.00691	0.00949	0.00247	0.06381	0.00803	0.00371	0.01001
9	0.01748	0.35202	0.40121	0.01775	0.02685	0.02316	0.02129	0.02344	0.01574	0.02126	0.01224	0.01429	0.00966	0.00689	0.00616	0.00205	0.00982	0.00491	0.00322	0.01055
10	0.72186	0.01523	0.01215	0.01062	0.01543	0.01757	0.00875	0.07716	0.01486	0.03521	0.01122	0.01283	0.00862	0.00722	0.00494	0.00234	0.00608	0.00434	0.00494	0.00862
11	0.01121	0.00782	0.01150	0.01150	0.01253	0.00885	0.00862	0.01277	0.01174	0.01668	0.01953	0.03047	0.01881	0.11033	0.54278	0.12959	0.01709	0.00814	0.00399	0.00605
12	0.01922	0.01383	0.01580	0.01687	0.01822	0.01206	0.01119	0.01775	0.02009	0.02778	0.04660	0.63179	0.05290	0.02739	0.01313	0.00464	0.00775	0.02208	0.00974	0.01117
13	0.03125	0.01438	0.01824	0.01402	0.01992	0.01330	0.01153	0.13161	0.05117	0.51559	0.02696	0.02402	0.01751	0.00911	0.00748	0.00226	0.00666	0.00732	0.00868	0.06901
14	0.01527	0.01462	0.02041	0.01776	0.01813	0.01976	0.01462	0.01730	0.01317	0.02007	0.11395	0.02371	0.02008	0.01681	0.07212	0.00383	0.55840	0.00783	0.00415	0.00801
15	0.02575	0.12730	0.02176	0.01460	0.02021	0.03929	0.01215	0.14114	0.18423	0.24424	0.02341	0.02192	0.01664	0.00879	0.00705	0.00218	0.00708	0.00686	0.00719	0.06821
16	0.05228	0.03126	0.02108	0.01855	0.02291	0.50593	0.01421	0.14656	0.07147	0.02540	0.01428	0.01554	0.01127	0.00821	0.00697	0.00207	0.01188	0.00549	0.00489	0.00976
17	0.01655	0.01467	0.02275	0.60804	0.04783	0.01788	0.02004	0.11789	0.01831	0.02375	0.01421	0.01991	0.01054	0.00782	0.00758	0.00249	0.00984	0.00675	0.00402	0.00911
18	0.01850	0.01456	0.01590	0.01455	0.01836	0.01635	0.01118	0.03549	0.52373	0.07812	0.03248	0.13565	0.02698	0.01229	0.00801	0.00263	0.00579	0.01050	0.00774	0.01117
19	0.01550	0.06332	0.56368	0.01968	0.03001	0.01696	0.02450	0.02321	0.01595	0.02388	0.01347	0.01582	0.00986	0.00693	0.00687	0.00217	0.01023	0.00537	0.00340	0.12919
20	0.78701	0.01467	0.01115	0.00997	0.01467	0.01702	0.00821	0.02230	0.01291	0.03403	0.01056	0.01232	0.00821	0.00704	0.00469	0.00235	0.00587	0.00411	0.00469	0.00821
21	0.01414	0.00707	0.00707	0.00707	0.00884	0.00707	0.00530	0.01767	0.01591	0.02828	0.02474	0.02828	0.01944	0.00884	0.00530	0.00177	0.00353	0.00707	0.77554	0.00707
22	0.01194	0.00864	0.01183	0.01343	0.01525	0.00853	0.01167	0.01530	0.01745	0.02251	0.04331	0.08448	0.09859	0.02080	0.01035	0.00341	0.00671	0.58187	0.00699	0.00693
23	0.01101	0.00742	0.00861	0.00861	0.00873	0.00754	0.00502	0.01125	0.01113	0.01496	0.02359	0.04793	0.02684	0.67530	0.09573	0.00777	0.00847	0.01078	0.00455	0.00478
24	0.02028	0.73799	0.03975	0.01298	0.01947	0.03001	0.01298	0.02271	0.01541	0.01785	0.01055	0.01217	0.00973	0.00649	0.00487	0.00162	0.00811	0.00406	0.00324	0.00973
25	0.01877	0.01802	0.03079	0.04656	0.68612	0.01802	0.02328	0.02328	0.01727	0.02478	0.01427	0.01877	0.01201	0.00676	0.00751	0.00225	0.00901	0.00676	0.00375	0.01201
26	0.04180	0.00803	0.01018	0.00956	0.01147	0.00755	0.00720	0.01463	0.02113	0.03056	0.65524	0.05488	0.06903	0.01517	0.00878	0.00238	0.00367	0.01333	0.00820	0.00720
27	0.02805	0.01334	0.01694	0.01340	0.01877	0.01233	0.01087	0.06053	0.11382	0.45540	0.08531	0.02768	0.02312	0.00972	0.00758	0.00227	0.00615	0.00799	0.00856	0.07817
28	0.01432	0.01348	0.02275	0.71520	0.05224	0.01685	0.02107	0.01938	0.01517	0.01938	0.01348	0.02022	0.01011	0.00758	0.00758	0.00253	0.01011	0.00674	0.00337	0.00843
29	0.01659	0.01659	0.02323	0.01991	0.01991	0.02323	0.01659	0.01825	0.01162	0.01825	0.00996	0.01659	0.00996	0.01328	0.02489	0.00332	0.71955	0.00664	0.00332	0.00830
30	0.01103	0.00735	0.00827	0.00827	0.00827	0.00735	0.00460	0.01103	0.01103	0.01471	0.02390	0.04964	0.02758	0.73343	0.03861	0.00735	0.00735	0.01103	0.00460	0.00460
31	0.01084	0.00813	0.01219	0.01219	0.01354	0.00948	0.00948	0.01354	0.01219	0.01761	0.02032	0.02980	0.01896	0.05689	0.70337	0.01219	0.02032	0.00813	0.00406	0.00677
32	0.02028	0.73799	0.03975	0.01298	0.01947	0.03001	0.01298	0.02271	0.01541	0.01785	0.01055	0.01217	0.00973	0.00649	0.00487	0.00162	0.00811	0.00406	0.00324	0.00973
33	0.02028	0.73799	0.03975	0.01298	0.01947	0.03001	0.01298	0.02271	0.01541	0.01785	0.01055	0.01217	0.00973	0.00649	0.00487	0.00162	0.00811	0.00406	0.00324	0.00973
34	0.01887	0.01629	0.01715	0.01544	0.01972	0.01887	0.01201	0.04031	0.67241	0.03173	0.03087	0.02830	0.02315	0.01029	0.00772	0.00257	0.00600	0.00858	0.00772	0.01201
35	0.01414	0.00707	0.00707	0.00707	0.00884	0.00707	0.00530	0.01767	0.01591	0.02828	0.02474	0.02828	0.01944	0.00884	0.00530	0.00177	0.00353	0.00707	0.77554	0.00707
36	0.01074	0.00775	0.01014	0.00954	0.01133	0.00716	0.00716	0.01431	0.02147	0.03042	0.68211	0.05666	0.07157	0.01551	0.00895	0.00239	0.00358	0.01372	0.00835	0.00716
37	0.01074	0.00775	0.01014	0.00954	0.01133	0.00716	0.00716	0.01431	0.02147	0.03042	0.68211	0.05666	0.07157	0.01551	0.00895	0.00239	0.00358	0.01372	0.00835	0.00716
38	0.01573	0.01348	0.01573	0.01123	0.01798	0.01011	0.00899	0.01910	0.01573	0.02472	0.01348	0.01573	0.01123	0.00562	0.00562	0.00112	0.00562	0.00449	0.00449	0.77980
39	0.01521	0.03923	0.69413	0.02162	0.03283	0.01762	0.02802	0.02402	0.01601	0.02402	0.01361	0.01601	0.00961	0.00721	0.00721	0.00240	0.01121	0.00560	0.00320	0.01121
40	0.01877	0.01802	0.03079	0.04656	0.68612	0.01802	0.02328	0.02328	0.01727	0.02478	0.01427	0.01877	0.01201	0.00676	0.00751	0.00225	0.00901	0.00676	0.00375	0.01201
41	0.04324	0.01004	0.01301	0.01123	0.01428	0.00946	0.00870	0.02210	0.01957	0.25906	0.30389	0.07143	0.06252	0.07517	0.01157	0.00287	0.03375	0.01118	0.00798	0.00896
42	0.01521	0.03923	0.69413	0.02162	0.03283	0.01762	0.02802	0.02402	0.01601	0.02402	0.01361	0.01601	0.00961	0.00721	0.00721	0.00240	0.01121	0.00560	0.00320	0.01121

[dist]
# distance from previous block
# <min> <max>
0	1

[block]
# block no. 10 follows, 26 sequences, length 149
# corresponding to MSA columns:
# 474-622
name=unknown_K
#
# <colnr> <probs for GDERKNQSTAVLIFYWHMCP>
#	G	D	E	R	K	N	Q	S	T	A	V	L	I	F	Y	W	H	M	C	P
