[name]
unknown

[dist]
# distance from previous block
# <min> <max>
0	27

[block]
# block no. 0 follows, 22 sequences, length 7
# corresponding to MSA columns:
# 30-36
name=unknown_A
#
# <colnr> <probs for GDERKNQSTAVLIFYWHMCP>
#	G	D	E	R	K	N	Q	S	T	A	V	L	I	F	Y	W	H	M	C	P
0	0.01295	0.00928	0.01278	0.01401	0.01594	0.00910	0.01191	0.01680	0.02029	0.02710	0.20525	0.08531	0.05592	0.02137	0.01103	0.00350	0.00666	0.44503	0.00805	0.00770
1	0.21675	0.01695	0.02480	0.27276	0.26788	0.01898	0.02023	0.02365	0.01681	0.02767	0.01424	0.01927	0.01129	0.00781	0.00744	0.00260	0.00940	0.00662	0.00423	0.01062
2	0.01009	0.00736	0.00951	0.01122	0.01196	0.00678	0.00756	0.01161	0.01624	0.02134	0.04999	0.63446	0.12039	0.02548	0.01052	0.00331	0.00475	0.02295	0.00771	0.00678
3	0.21760	0.01770	0.02601	0.07209	0.41339	0.01855	0.01986	0.02410	0.01733	0.02913	0.01641	0.06199	0.01459	0.00871	0.00756	0.00257	0.00870	0.00766	0.00459	0.01144
4	0.01772	0.20060	0.03169	0.45970	0.04665	0.02247	0.06651	0.02260	0.01691	0.02119	0.01407	0.01983	0.01108	0.00789	0.00763	0.00251	0.01072	0.00679	0.00369	0.00976
5	0.01345	0.01069	0.01375	0.01321	0.01340	0.01254	0.00944	0.01439	0.01328	0.01848	0.02636	0.15330	0.03015	0.37285	0.03133	0.00587	0.18918	0.04651	0.00525	0.00654
6	0.01245	0.00988	0.01229	0.01215	0.01331	0.01084	0.00903	0.01434	0.01579	0.02181	0.04432	0.24228	0.19758	0.08583	0.04361	0.00397	0.13964	0.01539	0.08824	0.00725

[dist]
# distance from previous block
# <min> <max>
0	3

[block]
# block no. 1 follows, 22 sequences, length 34
# corresponding to MSA columns:
# 40-73
name=unknown_B
#
# <colnr> <probs for GDERKNQSTAVLIFYWHMCP>
#	G	D	E	R	K	N	Q	S	T	A	V	L	I	F	Y	W	H	M	C	P
0	0.01175	0.00872	0.01279	0.01294	0.01425	0.00995	0.00984	0.01441	0.01347	0.01923	0.02432	0.08584	0.02401	0.10072	0.58333	0.01224	0.02000	0.01024	0.00474	0.00721
1	0.01749	0.01500	0.01735	0.01266	0.01984	0.01182	0.01010	0.02271	0.06549	0.02766	0.01624	0.01829	0.01331	0.00655	0.00633	0.00135	0.00618	0.00527	0.00519	0.70116
2	0.01681	0.01431	0.01693	0.01239	0.01931	0.01102	0.00989	0.02045	0.01693	0.02647	0.01534	0.01842	0.01296	0.01050	0.05789	0.00217	0.00740	0.00523	0.00489	0.70071
3	0.70862	0.01542	0.01186	0.01068	0.01557	0.01779	0.00875	0.02403	0.01439	0.03679	0.01277	0.01485	0.00995	0.00786	0.00519	0.00252	0.00623	0.00475	0.06307	0.00890
4	0.00982	0.00842	0.00842	0.00842	0.01122	0.00701	0.00631	0.01192	0.01894	0.02244	0.08416	0.07995	0.65285	0.02104	0.00982	0.00281	0.00421	0.01753	0.00771	0.00701
5	0.01006	0.00844	0.00863	0.00871	0.01134	0.00716	0.00652	0.01213	0.01861	0.02223	0.07984	0.07923	0.59996	0.05441	0.01145	0.00310	0.00452	0.03914	0.00758	0.00694
6	0.01010	0.00731	0.00956	0.01136	0.01199	0.00677	0.00762	0.01159	0.01611	0.02129	0.04834	0.66123	0.09469	0.02570	0.01055	0.00334	0.00478	0.02321	0.00771	0.00677
7	0.01781	0.18181	0.53623	0.02172	0.03292	0.02211	0.02728	0.02601	0.01740	0.02491	0.01421	0.01667	0.01055	0.00773	0.00736	0.00245	0.01157	0.00579	0.00352	0.01194
8	0.01188	0.00886	0.01313	0.01313	0.01453	0.01026	0.01011	0.01469	0.01329	0.01912	0.02246	0.03377	0.02126	0.09592	0.64218	0.01308	0.02151	0.00907	0.00448	0.00729
9	0.01706	0.08698	0.54874	0.02410	0.07336	0.01971	0.02808	0.02563	0.01788	0.02623	0.04609	0.01963	0.01404	0.00825	0.00783	0.00256	0.01147	0.00654	0.00383	0.01200
10	0.01988	0.02078	0.07323	0.10588	0.56338	0.01960	0.02561	0.02517	0.01862	0.02656	0.01550	0.02051	0.01281	0.00751	0.00821	0.00250	0.01013	0.00732	0.00404	0.01275
11	0.60548	0.01689	0.01425	0.04616	0.01923	0.04910	0.01043	0.02662	0.01588	0.11117	0.01435	0.01579	0.01058	0.00809	0.00580	0.00256	0.00715	0.00515	0.00565	0.00966
12	0.71686	0.01785	0.05560	0.01177	0.01739	0.01868	0.01044	0.02455	0.01436	0.03654	0.01179	0.01376	0.00910	0.00772	0.00532	0.00257	0.00682	0.00461	0.00503	0.00921
13	0.01866	0.01899	0.10314	0.02310	0.05892	0.01617	0.20347	0.06129	0.01868	0.07298	0.02191	0.07482	0.01930	0.08813	0.10564	0.00476	0.03306	0.00991	0.03693	0.01016
14	0.01136	0.01065	0.05664	0.01297	0.01494	0.00849	0.03256	0.01396	0.01727	0.02329	0.12150	0.44952	0.08990	0.05688	0.01187	0.00342	0.00581	0.04424	0.00734	0.00741
15	0.01747	0.01705	0.02667	0.52238	0.17978	0.05184	0.02322	0.02271	0.01744	0.02241	0.01485	0.02146	0.01149	0.00813	0.00825	0.00267	0.01102	0.00728	0.00381	0.01006
16	0.02248	0.01957	0.01975	0.01739	0.02230	0.05348	0.01361	0.11356	0.53871	0.03615	0.03112	0.02888	0.02329	0.01098	0.00839	0.00275	0.00730	0.00896	0.00823	0.01309
17	0.02022	0.01939	0.03311	0.09501	0.61483	0.01965	0.02533	0.02520	0.01876	0.02673	0.01557	0.02067	0.01301	0.00746	0.00823	0.00249	0.00995	0.00740	0.00408	0.01289
18	0.02969	0.02144	0.02291	0.01778	0.02387	0.02364	0.01462	0.55690	0.03652	0.04984	0.02079	0.02124	0.01497	0.00994	0.00802	0.00243	0.00852	0.00751	0.09600	0.01338
19	0.00982	0.00842	0.00842	0.00842	0.01122	0.00701	0.00631	0.01192	0.01894	0.02244	0.08416	0.07995	0.65285	0.02104	0.00982	0.00281	0.00421	0.01753	0.00771	0.00701
20	0.02221	0.71304	0.04353	0.01421	0.02132	0.03287	0.01421	0.02488	0.01688	0.01955	0.01155	0.01333	0.01066	0.00711	0.00533	0.00178	0.00888	0.00444	0.00355	0.01066
21	0.01028	0.00734	0.00982	0.01175	0.01230	0.00688	0.00798	0.01184	0.01606	0.02138	0.04570	0.67361	0.05461	0.02588	0.01064	0.00340	0.00495	0.05109	0.00771	0.00679
22	0.01022	0.00727	0.00961	0.01144	0.01190	0.00681	0.00758	0.01159	0.01571	0.02095	0.04479	0.66981	0.05369	0.06055	0.01221	0.00361	0.00498	0.02303	0.00758	0.00666
23	0.04543	0.53631	0.08087	0.01593	0.02239	0.06180	0.01568	0.02481	0.01670	0.02065	0.01176	0.01423	0.01063	0.00808	0.00804	0.00208	0.08555	0.00492	0.00365	0.01049
24	0.01012	0.00723	0.00964	0.01157	0.01205	0.00675	0.00771	0.01157	0.01591	0.02121	0.04579	0.70262	0.05495	0.02603	0.01060	0.00337	0.00482	0.02362	0.00771	0.00675
25	0.02401	0.02046	0.02165	0.02006	0.06674	0.05414	0.01483	0.19448	0.41100	0.03810	0.02791	0.02661	0.02087	0.01053	0.00835	0.00268	0.00788	0.00856	0.00791	0.01323
26	0.01650	0.01396	0.01631	0.01251	0.01879	0.01113	0.00978	0.02121	0.05853	0.02679	0.02020	0.11016	0.01890	0.00916	0.00690	0.00162	0.00600	0.00773	0.00553	0.60829
27	0.08715	0.12873	0.49962	0.02220	0.05396	0.02105	0.02631	0.02591	0.01718	0.02646	0.01418	0.01671	0.01049	0.00775	0.00731	0.00251	0.01120	0.00581	0.00369	0.01179
28	0.02002	0.01564	0.01688	0.01528	0.01944	0.01777	0.01189	0.03845	0.48346	0.05969	0.03201	0.03099	0.02426	0.01460	0.05503	0.00343	0.00732	0.00908	0.11272	0.01203
29	0.02455	0.42845	0.03427	0.01646	0.02222	0.25505	0.01441	0.02712	0.01967	0.02079	0.05709	0.01734	0.01544	0.00831	0.00640	0.00196	0.01066	0.00550	0.00420	0.01010
30	0.01735	0.01353	0.01579	0.01311	0.01809	0.01237	0.01016	0.02554	0.16717	0.06253	0.14233	0.09874	0.03249	0.01162	0.00795	0.00215	0.00575	0.00994	0.00711	0.32626
31	0.02248	0.33649	0.19798	0.01763	0.02515	0.15135	0.01820	0.02696	0.01860	0.04256	0.01444	0.01646	0.01169	0.00787	0.00654	0.00211	0.01054	0.00542	0.05675	0.01079
32	0.01691	0.05762	0.51333	0.02629	0.11896	0.01888	0.02786	0.02512	0.01759	0.02586	0.01708	0.06607	0.01402	0.00908	0.00805	0.00263	0.01132	0.00749	0.00389	0.01196
33	0.01033	0.00739	0.00982	0.01143	0.01209	0.00688	0.00773	0.01208	0.01685	0.02272	0.12141	0.62270	0.05787	0.02490	0.01050	0.00328	0.00471	0.02254	0.00789	0.00688

[dist]
# distance from previous block
# <min> <max>
0	4

[block]
# block no. 2 follows, 22 sequences, length 8
# corresponding to MSA columns:
# 78-85
name=unknown_C
#
# <colnr> <probs for GDERKNQSTAVLIFYWHMCP>
#	G	D	E	R	K	N	Q	S	T	A	V	L	I	F	Y	W	H	M	C	P
0	0.04733	0.01635	0.02711	0.35313	0.08705	0.01951	0.09439	0.02168	0.01676	0.02358	0.05947	0.02376	0.01608	0.00992	0.01225	0.00290	0.14682	0.00808	0.00422	0.00962
1	0.01797	0.02097	0.13366	0.14872	0.09092	0.01769	0.18740	0.02390	0.01842	0.05320	0.02187	0.03571	0.01934	0.01112	0.01020	0.00297	0.04423	0.12631	0.00492	0.01050
2	0.02574	0.01993	0.02674	0.02062	0.02678	0.02096	0.13607	0.31920	0.10607	0.08651	0.05084	0.05380	0.04543	0.01093	0.00884	0.00265	0.00907	0.00959	0.00764	0.01259
3	0.01570	0.03617	0.53485	0.02162	0.03174	0.01751	0.02664	0.02402	0.01670	0.02491	0.01638	0.02055	0.01257	0.01876	0.14116	0.00477	0.01427	0.00669	0.00370	0.01131
4	0.01783	0.01493	0.01735	0.01264	0.01963	0.01185	0.01011	0.06095	0.01907	0.02914	0.05538	0.02024	0.01660	0.00709	0.00653	0.00140	0.00621	0.00573	0.00541	0.66189
5	0.01012	0.00723	0.00964	0.01157	0.01205	0.00675	0.00771	0.01157	0.01591	0.02121	0.04579	0.70262	0.05495	0.02603	0.01060	0.00337	0.00482	0.02362	0.00771	0.00675
6	0.01117	0.00829	0.00859	0.00851	0.01105	0.00725	0.00639	0.01384	0.01916	0.02539	0.13777	0.06812	0.46092	0.01831	0.00901	0.00261	0.00411	0.01529	0.15697	0.00725
7	0.01773	0.01529	0.01598	0.01461	0.01879	0.01697	0.01130	0.03542	0.47269	0.03142	0.04745	0.04425	0.19530	0.01392	0.00882	0.00281	0.00593	0.01160	0.00825	0.01149

[dist]
# distance from previous block
# <min> <max>
0	7

[block]
# block no. 3 follows, 22 sequences, length 13
# corresponding to MSA columns:
# 93-105
name=unknown_D
#
# <colnr> <probs for GDERKNQSTAVLIFYWHMCP>
#	G	D	E	R	K	N	Q	S	T	A	V	L	I	F	Y	W	H	M	C	P
0	0.01784	0.01661	0.02781	0.13745	0.44442	0.01706	0.02173	0.02220	0.01800	0.02513	0.02128	0.15147	0.02086	0.01110	0.00869	0.00269	0.00908	0.01051	0.00474	0.01135
1	0.01836	0.02239	0.17191	0.02149	0.04589	0.01735	0.12872	0.13699	0.02164	0.02983	0.05481	0.14345	0.05384	0.04695	0.01164	0.00308	0.04389	0.01141	0.00584	0.01054
2	0.01072	0.00767	0.01025	0.01168	0.01257	0.00720	0.00823	0.01284	0.01764	0.02384	0.16174	0.52703	0.05882	0.02403	0.01052	0.00327	0.00489	0.07204	0.00798	0.00703
3	0.01054	0.00837	0.00992	0.01007	0.01220	0.00775	0.00750	0.01301	0.01818	0.02333	0.15357	0.14712	0.36877	0.02896	0.13738	0.00487	0.00770	0.01627	0.00731	0.00718
4	0.01526	0.01343	0.02111	0.19800	0.06052	0.01459	0.08598	0.04887	0.01814	0.02453	0.03262	0.18818	0.10982	0.01459	0.01037	0.00289	0.05678	0.01284	0.06258	0.00890
5	0.01585	0.01360	0.02079	0.38419	0.10074	0.01583	0.01760	0.02149	0.06382	0.02271	0.01957	0.02961	0.01693	0.14262	0.01460	0.00368	0.00941	0.00847	0.06951	0.00899
6	0.01043	0.00747	0.00992	0.01135	0.01212	0.00696	0.00774	0.01235	0.01736	0.02353	0.16190	0.57990	0.05944	0.02429	0.01045	0.00323	0.00465	0.02197	0.00799	0.00696
7	0.01979	0.02190	0.04609	0.03807	0.16082	0.02077	0.51099	0.02640	0.01948	0.02671	0.01658	0.02205	0.01271	0.00708	0.00950	0.00274	0.01321	0.00934	0.00418	0.01158
8	0.01901	0.12809	0.26047	0.02891	0.06790	0.02205	0.30314	0.02620	0.01847	0.02552	0.01534	0.01934	0.01163	0.00735	0.00843	0.00258	0.01247	0.00765	0.00386	0.01159
9	0.02056	0.01974	0.03372	0.05099	0.65622	0.01974	0.02550	0.02550	0.01892	0.02714	0.01563	0.02056	0.01316	0.00740	0.00822	0.00247	0.00987	0.00740	0.00411	0.01316
10	0.01585	0.01596	0.03147	0.02664	0.08366	0.01505	0.31802	0.02050	0.01840	0.02503	0.05927	0.27144	0.03136	0.01445	0.00996	0.00297	0.00980	0.01488	0.00572	0.00958
11	0.18504	0.02322	0.02024	0.04813	0.02392	0.17819	0.01387	0.16258	0.10872	0.12754	0.02000	0.02022	0.01455	0.00930	0.00747	0.00249	0.00942	0.00672	0.00676	0.01160
12	0.01962	0.02178	0.04545	0.03605	0.11776	0.02117	0.50849	0.02600	0.01903	0.02621	0.01624	0.02188	0.01255	0.00759	0.01085	0.00282	0.06174	0.00933	0.00415	0.01130

[dist]
# distance from previous block
# <min> <max>
0	2

[block]
# block no. 4 follows, 22 sequences, length 10
# corresponding to MSA columns:
# 108-117
name=unknown_E
#
# <colnr> <probs for GDERKNQSTAVLIFYWHMCP>
#	G	D	E	R	K	N	Q	S	T	A	V	L	I	F	Y	W	H	M	C	P
0	0.02350	0.16454	0.11151	0.02098	0.02585	0.26175	0.04373	0.02682	0.01837	0.02112	0.01250	0.01617	0.01081	0.00975	0.01259	0.00257	0.19752	0.00598	0.00386	0.01009
1	0.14574	0.01827	0.02288	0.23895	0.03276	0.06973	0.01807	0.02212	0.01504	0.02336	0.01243	0.01845	0.01062	0.01089	0.01581	0.00306	0.30202	0.00669	0.00396	0.00916
2	0.02089	0.01904	0.02685	0.36935	0.18556	0.05780	0.02175	0.14577	0.02208	0.02882	0.01590	0.02093	0.01215	0.00845	0.00824	0.00261	0.01063	0.00729	0.00476	0.01114
3	0.01208	0.00805	0.00906	0.00906	0.00906	0.00805	0.00503	0.01208	0.01208	0.01611	0.02618	0.05436	0.03020	0.70804	0.04228	0.00805	0.00805	0.01208	0.00503	0.00503
4	0.01808	0.04743	0.01625	0.01339	0.01631	0.01512	0.01075	0.12420	0.06540	0.03006	0.02296	0.02775	0.01891	0.02564	0.20596	0.00559	0.06191	0.00796	0.25695	0.00938
5	0.01163	0.00870	0.01233	0.01229	0.01316	0.00834	0.05262	0.01290	0.01462	0.01952	0.03561	0.38676	0.04167	0.30369	0.02351	0.00525	0.00683	0.01787	0.00635	0.00638
6	0.01637	0.01190	0.01402	0.01254	0.01405	0.01327	0.00905	0.11549	0.01804	0.02547	0.07020	0.04126	0.02736	0.35160	0.06026	0.00583	0.09644	0.01034	0.07885	0.00764
7	0.02009	0.01973	0.03506	0.09439	0.53453	0.01981	0.10269	0.02533	0.01884	0.02665	0.01572	0.02091	0.01294	0.00741	0.00843	0.00253	0.01049	0.00771	0.00409	0.01263
8	0.01998	0.06015	0.28589	0.01932	0.05213	0.01631	0.01979	0.02790	0.07679	0.13850	0.14352	0.03199	0.02822	0.01087	0.00841	0.00263	0.00880	0.03078	0.00641	0.01161
9	0.01031	0.00748	0.00974	0.01119	0.01203	0.00691	0.00762	0.01212	0.01711	0.02286	0.12676	0.57320	0.10300	0.02449	0.01044	0.00323	0.00466	0.02205	0.00790	0.00691

[dist]
# distance from previous block
# <min> <max>
0	1

[block]
# block no. 5 follows, 22 sequences, length 162
# corresponding to MSA columns:
# 119-280
name=unknown_F
#
# <colnr> <probs for GDERKNQSTAVLIFYWHMCP>
#	G	D	E	R	K	N	Q	S	T	A	V	L	I	F	Y	W	H	M	C	P
0	0.03439	0.01587	0.01922	0.01511	0.02104	0.05543	0.01231	0.07401	0.02468	0.53068	0.08240	0.02973	0.02436	0.01071	0.00842	0.00254	0.00744	0.00866	0.00968	0.01332
1	0.01778	0.01752	0.02439	0.02099	0.02099	0.02432	0.01733	0.01948	0.01268	0.01974	0.01189	0.02051	0.01215	0.05930	0.02823	0.00392	0.64864	0.00758	0.00373	0.00883
2	0.00997	0.00817	0.00879	0.00916	0.01145	0.00699	0.00667	0.01201	0.01850	0.02266	0.10077	0.20955	0.50272	0.02191	0.00998	0.00292	0.00432	0.01870	0.00778	0.00699
3	0.01070	0.00816	0.01205	0.01301	0.01397	0.00762	0.04564	0.01249	0.01613	0.02154	0.04401	0.66090	0.05235	0.02486	0.01055	0.00334	0.00538	0.02277	0.00750	0.00702
4	0.01811	0.01529	0.01770	0.01272	0.02006	0.01198	0.01021	0.05818	0.01857	0.02862	0.01508	0.01739	0.01242	0.00639	0.00628	0.00131	0.00634	0.00508	0.00513	0.71315
5	0.01012	0.00723	0.00964	0.01157	0.01205	0.00675	0.00771	0.01157	0.01591	0.02121	0.04579	0.70262	0.05495	0.02603	0.01060	0.00337	0.00482	0.02362	0.00771	0.00675
6	0.02066	0.01785	0.01878	0.01691	0.02160	0.02066	0.01315	0.04414	0.64121	0.03475	0.03381	0.03099	0.02536	0.01127	0.00845	0.00282	0.00657	0.00939	0.00845	0.01315
7	0.03039	0.03838	0.02417	0.02322	0.06435	0.63452	0.01663	0.03270	0.02326	0.02075	0.01301	0.01532	0.01085	0.00849	0.00754	0.00216	0.01467	0.00548	0.00427	0.00985
8	0.01289	0.00939	0.01184	0.01090	0.01318	0.00890	0.00826	0.05311	0.02428	0.03402	0.58918	0.06023	0.09864	0.01672	0.00971	0.00261	0.00425	0.01467	0.00903	0.00819
9	0.03657	0.04663	0.02041	0.01475	0.02121	0.01317	0.01230	0.03976	0.02346	0.63211	0.03179	0.02758	0.02010	0.01013	0.00821	0.00253	0.00715	0.00817	0.00997	0.01398
10	0.01206	0.00808	0.00919	0.00915	0.00927	0.00804	0.00521	0.01230	0.01278	0.01716	0.06455	0.05484	0.03316	0.66566	0.04029	0.00772	0.00780	0.01226	0.00529	0.00521
11	0.02824	0.25426	0.03003	0.01896	0.02429	0.42935	0.01545	0.06703	0.02236	0.02204	0.01286	0.01476	0.01090	0.00818	0.00685	0.00205	0.01267	0.00519	0.00429	0.01024
12	0.02050	0.01990	0.03466	0.05001	0.61864	0.01982	0.06233	0.02556	0.01896	0.02711	0.01570	0.02067	0.01313	0.00738	0.00832	0.00249	0.01012	0.00755	0.00412	0.01304
13	0.02986	0.02220	0.02425	0.01900	0.02506	0.02475	0.01575	0.56341	0.03664	0.04920	0.02101	0.02439	0.01605	0.01098	0.00936	0.00263	0.04008	0.04383	0.00806	0.01350
14	0.72425	0.01837	0.01480	0.01342	0.01864	0.02023	0.01053	0.02644	0.01638	0.03954	0.01533	0.01874	0.01261	0.01014	0.00680	0.00322	0.00764	0.00575	0.00634	0.01082
15	0.03092	0.02294	0.02456	0.01898	0.02551	0.02545	0.01563	0.59294	0.07572	0.05128	0.02079	0.02062	0.01481	0.01005	0.00832	0.00251	0.00899	0.00760	0.00832	0.01407
16	0.02035	0.01702	0.02488	0.34269	0.15762	0.01937	0.02010	0.16578	0.02244	0.03068	0.01737	0.02220	0.01320	0.00867	0.00804	0.00256	0.00968	0.00744	0.07892	0.01098
17	0.01208	0.00805	0.00906	0.00906	0.00906	0.00805	0.00503	0.01208	0.01208	0.01611	0.02618	0.05436	0.03020	0.70804	0.04228	0.00805	0.00805	0.01208	0.00503	0.00503
18	0.00984	0.00832	0.00851	0.00866	0.01129	0.00699	0.00642	0.01189	0.01870	0.02235	0.08119	0.12815	0.60657	0.02143	0.00988	0.00285	0.00426	0.01800	0.00771	0.00699
19	0.02066	0.01785	0.01878	0.01691	0.02160	0.02066	0.01315	0.04414	0.64121	0.03475	0.03381	0.03099	0.02536	0.01127	0.00845	0.00282	0.00657	0.00939	0.00845	0.01315
20	0.72231	0.01595	0.01264	0.01116	0.01638	0.01825	0.00919	0.02540	0.01472	0.07531	0.01286	0.01440	0.00970	0.00787	0.00534	0.00257	0.00647	0.00473	0.00545	0.00931
21	0.03158	0.02327	0.02493	0.01911	0.02576	0.02576	0.01579	0.62852	0.03906	0.05236	0.01995	0.01995	0.01413	0.00997	0.00831	0.00249	0.00914	0.00748	0.00831	0.01413
22	0.01187	0.00890	0.01335	0.01335	0.01483	0.01038	0.01038	0.01483	0.01335	0.01928	0.02225	0.03264	0.02077	0.06231	0.67512	0.01335	0.02225	0.00890	0.00445	0.00742
23	0.02221	0.71304	0.04353	0.01421	0.02132	0.03287	0.01421	0.02488	0.01688	0.01955	0.01155	0.01333	0.01066	0.00711	0.00533	0.00178	0.00888	0.00444	0.00355	0.01066
24	0.01569	0.01477	0.02492	0.68808	0.05722	0.01846	0.02307	0.02123	0.01661	0.02123	0.01477	0.02215	0.01107	0.00831	0.00831	0.00277	0.01107	0.00738	0.00369	0.00923
25	0.02025	0.01759	0.01930	0.07295	0.02458	0.02048	0.01398	0.04223	0.58906	0.03362	0.03222	0.03026	0.02417	0.01102	0.00844	0.00281	0.00695	0.00922	0.00806	0.01282
26	0.01549	0.00774	0.00774	0.00774	0.00968	0.00774	0.00581	0.01936	0.01742	0.03097	0.02710	0.03097	0.02129	0.00968	0.00581	0.00194	0.00387	0.00774	0.75416	0.00774
27	0.01743	0.01654	0.02806	0.46066	0.27104	0.01891	0.02394	0.02275	0.01743	0.02334	0.01507	0.02158	0.01182	0.00798	0.00828	0.00266	0.01064	0.00739	0.00384	0.01063
28	0.01074	0.00845	0.00969	0.00938	0.01178	0.00740	0.00704	0.01370	0.02111	0.02759	0.35319	0.07147	0.38060	0.01912	0.00981	0.00271	0.00407	0.01634	0.00839	0.00740
29	0.01443	0.00722	0.01082	0.01082	0.01082	0.00722	0.00722	0.01082	0.01082	0.01443	0.01443	0.02525	0.01443	0.02886	0.03247	0.75830	0.00722	0.00722	0.00361	0.00361
30	0.02221	0.71304	0.04353	0.01421	0.02132	0.03287	0.01421	0.02488	0.01688	0.01955	0.01155	0.01333	0.01066	0.00711	0.00533	0.00178	0.00888	0.00444	0.00355	0.01066
31	0.02066	0.01785	0.01878	0.01691	0.02160	0.02066	0.01315	0.04414	0.64121	0.03475	0.03381	0.03099	0.02536	0.01127	0.00845	0.00282	0.00657	0.00939	0.00845	0.01315
32	0.03324	0.01388	0.01828	0.01442	0.02030	0.01244	0.01177	0.03812	0.07507	0.54637	0.06437	0.03282	0.05727	0.01125	0.00851	0.00261	0.00673	0.00924	0.00994	0.01338
33	0.03158	0.02327	0.02493	0.01911	0.02576	0.02576	0.01579	0.62852	0.03906	0.05236	0.01995	0.01995	0.01413	0.00997	0.00831	0.00249	0.00914	0.00748	0.00831	0.01413
34	0.67291	0.01621	0.01359	0.04189	0.01852	0.01864	0.01004	0.04903	0.01565	0.06346	0.01294	0.01476	0.00978	0.00794	0.00555	0.00258	0.00677	0.00491	0.00542	0.00943
35	0.01942	0.02887	0.28759	0.02284	0.05831	0.02032	0.07221	0.06081	0.27789	0.03105	0.02318	0.02378	0.01714	0.00929	0.00832	0.00271	0.00980	0.00791	0.00586	0.01267
36	0.01683	0.03898	0.57114	0.02360	0.03488	0.01869	0.07880	0.02589	0.01770	0.02664	0.01585	0.01881	0.01139	0.00793	0.00792	0.00260	0.01188	0.00655	0.05201	0.01190
37	0.01024	0.00740	0.00972	0.01153	0.01222	0.00688	0.00787	0.01183	0.01623	0.02144	0.04805	0.63907	0.09105	0.02559	0.01059	0.00336	0.00490	0.04753	0.00771	0.00680
38	0.01685	0.01637	0.02506	0.07158	0.02503	0.02094	0.08611	0.01957	0.01446	0.02146	0.01768	0.12080	0.01805	0.01471	0.02051	0.00337	0.43429	0.01001	0.03422	0.00894
39	0.02149	0.01735	0.01856	0.01636	0.02111	0.01960	0.01281	0.09023	0.51137	0.06384	0.05844	0.03335	0.05470	0.01178	0.00855	0.00277	0.00660	0.00977	0.00852	0.01279
40	0.01012	0.00723	0.00964	0.01157	0.01205	0.00675	0.00771	0.01157	0.01591	0.02121	0.04579	0.70262	0.05495	0.02603	0.01060	0.00337	0.00482	0.02362	0.00771	0.00675
41	0.01636	0.04087	0.62519	0.02287	0.03452	0.01860	0.02930	0.02566	0.01790	0.02674	0.05369	0.02025	0.01466	0.00845	0.00801	0.00263	0.01177	0.00668	0.00385	0.01201
42	0.71928	0.01653	0.01303	0.01145	0.01669	0.01910	0.00944	0.06341	0.01575	0.03825	0.01211	0.01391	0.00933	0.00786	0.00535	0.00257	0.00660	0.00469	0.00535	0.00933
43	0.01818	0.01818	0.02545	0.02181	0.02181	0.02545	0.01818	0.01999	0.01272	0.01999	0.01091	0.01818	0.01091	0.01454	0.02726	0.00364	0.69284	0.00727	0.00364	0.00909
44	0.01702	0.01619	0.02716	0.50341	0.13466	0.01898	0.06149	0.02407	0.06927	0.02351	0.01660	0.02269	0.01265	0.00835	0.00840	0.00273	0.01072	0.00771	0.00418	0.01022
45	0.03107	0.03854	0.02363	0.02125	0.02569	0.63281	0.01603	0.07160	0.02454	0.02240	0.01330	0.01530	0.01092	0.00865	0.00754	0.00216	0.01460	0.00549	0.00454	0.00992
46	0.01160	0.00849	0.01088	0.01028	0.01231	0.00777	0.00771	0.01536	0.02313	0.03241	0.60443	0.06355	0.12636	0.01732	0.00980	0.00263	0.00394	0.01523	0.00903	0.00777
47	0.01176	0.00849	0.01110	0.01045	0.01241	0.00784	0.00784	0.01568	0.02352	0.03331	0.65184	0.06206	0.07839	0.01698	0.00980	0.00261	0.00392	0.01502	0.00914	0.00784
48	0.01399	0.00934	0.01385	0.01347	0.01537	0.01054	0.01054	0.01698	0.01422	0.07295	0.02313	0.03227	0.02075	0.05796	0.61944	0.01245	0.02098	0.00886	0.00494	0.00798
49	0.03727	0.01414	0.01928	0.01478	0.02121	0.01221	0.01221	0.04049	0.02378	0.66198	0.03277	0.02828	0.02056	0.01028	0.00835	0.00257	0.00707	0.00835	0.01028	0.01414
50	0.01025	0.00843	0.00901	0.00887	0.01148	0.00720	0.00665	0.01275	0.01995	0.02485	0.20974	0.07599	0.52577	0.02014	0.00981	0.00276	0.00414	0.01698	0.00803	0.00720
51	0.03551	0.01501	0.01958	0.01523	0.02152	0.01375	0.01251	0.07660	0.07718	0.57155	0.03208	0.02800	0.02058	0.01035	0.00836	0.00259	0.00715	0.00839	0.01001	0.01405
52	0.01208	0.00805	0.00906	0.00906	0.00906	0.00805	0.00503	0.01208	0.01208	0.01611	0.02618	0.05436	0.03020	0.70804	0.04228	0.00805	0.00805	0.01208	0.00503	0.00503
53	0.03103	0.03959	0.02354	0.02140	0.02568	0.67469	0.01605	0.03317	0.02354	0.02033	0.01284	0.01498	0.01070	0.00856	0.00749	0.00214	0.01498	0.00535	0.00428	0.00963
54	0.03103	0.03959	0.02354	0.02140	0.02568	0.67469	0.01605	0.03317	0.02354	0.02033	0.01284	0.01498	0.01070	0.00856	0.00749	0.00214	0.01498	0.00535	0.00428	0.00963
55	0.01723	0.01477	0.01723	0.01230	0.01969	0.01107	0.00984	0.02092	0.01723	0.02707	0.01477	0.01723	0.01230	0.00615	0.00615	0.00123	0.00615	0.00492	0.00492	0.75883
56	0.01189	0.00881	0.01290	0.01290	0.01423	0.01014	0.00982	0.01455	0.01322	0.01895	0.02266	0.03492	0.02176	0.13007	0.60871	0.01280	0.02076	0.00923	0.00451	0.00717
57	0.76672	0.01607	0.01221	0.01092	0.01607	0.01864	0.00900	0.02442	0.01414	0.03727	0.01157	0.01350	0.00900	0.00771	0.00514	0.00257	0.00643	0.00450	0.00514	0.00900
58	0.02261	0.68273	0.04263	0.01454	0.02152	0.06176	0.01430	0.02525	0.01718	0.01958	0.01161	0.01340	0.01066	0.00717	0.00543	0.00179	0.00916	0.00448	0.00359	0.01061
59	0.02056	0.01974	0.03372	0.05099	0.65622	0.01974	0.02550	0.02550	0.01892	0.02714	0.01563	0.02056	0.01316	0.00740	0.00822	0.00247	0.00987	0.00740	0.00411	0.01316
60	0.00999	0.00842	0.00866	0.00860	0.01133	0.00709	0.00645	0.01226	0.01935	0.02343	0.13554	0.07833	0.60085	0.02067	0.00982	0.00279	0.00418	0.01731	0.00784	0.00709
61	0.03727	0.01414	0.01928	0.01478	0.02121	0.01221	0.01221	0.04049	0.02378	0.66198	0.03277	0.02828	0.02056	0.01028	0.00835	0.00257	0.00707	0.00835	0.01028	0.01414
62	0.02066	0.01785	0.01878	0.01691	0.02160	0.02066	0.01315	0.04414	0.64121	0.03475	0.03381	0.03099	0.02536	0.01127	0.00845	0.00282	0.00657	0.00939	0.00845	0.01315
63	0.71928	0.01653	0.01303	0.01145	0.01669	0.01910	0.00944	0.06341	0.01575	0.03825	0.01211	0.01391	0.00933	0.00786	0.00535	0.00257	0.00660	0.00469	0.00535	0.00933
64	0.03158	0.02327	0.02493	0.01911	0.02576	0.02576	0.01579	0.62852	0.03906	0.05236	0.01995	0.01995	0.01413	0.00997	0.00831	0.00249	0.00914	0.00748	0.00831	0.01413
65	0.01208	0.00805	0.00906	0.00906	0.00906	0.00805	0.00503	0.01208	0.01208	0.01611	0.02618	0.05436	0.03020	0.70804	0.04228	0.00805	0.00805	0.01208	0.00503	0.00503
66	0.02221	0.71304	0.04353	0.01421	0.02132	0.03287	0.01421	0.02488	0.01688	0.01955	0.01155	0.01333	0.01066	0.00711	0.00533	0.00178	0.00888	0.00444	0.00355	0.01066
67	0.02015	0.01932	0.03298	0.10419	0.60620	0.01963	0.02529	0.02514	0.01872	0.02665	0.01555	0.02069	0.01298	0.00748	0.00823	0.00249	0.00997	0.00740	0.00408	0.01283
68	0.02066	0.01785	0.01878	0.01691	0.02160	0.02066	0.01315	0.04414	0.64121	0.03475	0.03381	0.03099	0.02536	0.01127	0.00845	0.00282	0.00657	0.00939	0.00845	0.01315
69	0.01605	0.00829	0.00834	0.00814	0.01024	0.00837	0.00616	0.04068	0.01818	0.03172	0.02685	0.03059	0.02104	0.00969	0.00589	0.00196	0.00406	0.00773	0.72805	0.00797
70	0.01908	0.01822	0.03104	0.24497	0.47384	0.01935	0.02476	0.02420	0.01821	0.02534	0.01536	0.02104	0.01252	0.00768	0.00825	0.00256	0.01024	0.00740	0.00398	0.01196
71	0.01012	0.00723	0.00964	0.01157	0.01205	0.00675	0.00771	0.01157	0.01591	0.02121	0.04579	0.70262	0.05495	0.02603	0.01060	0.00337	0.00482	0.02362	0.00771	0.00675
72	0.01443	0.00722	0.01082	0.01082	0.01082	0.00722	0.00722	0.01082	0.01082	0.01443	0.01443	0.02525	0.01443	0.02886	0.03247	0.75830	0.00722	0.00722	0.00361	0.00361
73	0.02134	0.01339	0.01400	0.01188	0.01553	0.01430	0.00944	0.24107	0.02530	0.03875	0.02450	0.02696	0.01869	0.00979	0.00672	0.00214	0.00579	0.00765	0.48271	0.01007
74	0.03236	0.01395	0.01830	0.01455	0.02026	0.01275	0.01183	0.03813	0.09921	0.51436	0.10278	0.03242	0.02768	0.01116	0.00853	0.00261	0.00665	0.00923	0.00993	0.01331
75	0.01691	0.04125	0.61356	0.02462	0.03658	0.01944	0.08041	0.02633	0.01771	0.02633	0.01507	0.01795	0.01070	0.00782	0.00805	0.00265	0.01242	0.00644	0.00357	0.01219
76	0.02066	0.01785	0.01878	0.01691	0.02160	0.02066	0.01315	0.04414	0.64121	0.03475	0.03381	0.03099	0.02536	0.01127	0.00845	0.00282	0.00657	0.00939	0.00845	0.01315
77	0.76672	0.01607	0.01221	0.01092	0.01607	0.01864	0.00900	0.02442	0.01414	0.03727	0.01157	0.01350	0.00900	0.00771	0.00514	0.00257	0.00643	0.00450	0.00514	0.00900
78	0.02076	0.01942	0.03209	0.07477	0.52440	0.01968	0.04725	0.07511	0.02052	0.02875	0.01897	0.02323	0.04089	0.00823	0.00837	0.00251	0.00978	0.00794	0.00460	0.01272
79	0.01549	0.00774	0.00774	0.00774	0.00968	0.00774	0.00581	0.01936	0.01742	0.03097	0.02710	0.03097	0.02129	0.00968	0.00581	0.00194	0.00387	0.00774	0.75416	0.00774
80	0.01189	0.00807	0.00956	0.00972	0.00992	0.00819	0.00582	0.01233	0.01253	0.01687	0.02740	0.10620	0.03127	0.58270	0.10666	0.00822	0.00929	0.01271	0.00520	0.00543
81	0.01676	0.01610	0.02273	0.01991	0.02025	0.02207	0.01643	0.01884	0.01286	0.01983	0.01345	0.02142	0.01312	0.02525	0.17255	0.00581	0.54245	0.00764	0.00382	0.00871
82	0.02157	0.01830	0.01930	0.01709	0.02195	0.02109	0.01337	0.09294	0.59093	0.03622	0.03265	0.03007	0.02442	0.01116	0.00844	0.00279	0.00679	0.00923	0.00844	0.01323
83	0.01189	0.00810	0.00967	0.00983	0.01007	0.00825	0.00596	0.01240	0.01257	0.01695	0.02730	0.10565	0.03103	0.56642	0.12262	0.00836	0.00965	0.01263	0.00518	0.00549
84	0.01608	0.01510	0.02521	0.56889	0.05124	0.01878	0.04590	0.02124	0.01639	0.02173	0.01499	0.02215	0.01155	0.00892	0.01010	0.00282	0.07690	0.00748	0.03531	0.00923
85	0.76672	0.01607	0.01221	0.01092	0.01607	0.01864	0.00900	0.02442	0.01414	0.03727	0.01157	0.01350	0.00900	0.00771	0.00514	0.00257	0.00643	0.00450	0.00514	0.00900
86	0.01818	0.01818	0.02545	0.02181	0.02181	0.02545	0.01818	0.01999	0.01272	0.01999	0.01091	0.01818	0.01091	0.01454	0.02726	0.00364	0.69284	0.00727	0.00364	0.00909
87	0.01927	0.01601	0.01825	0.06878	0.02340	0.01813	0.01388	0.08443	0.39245	0.03268	0.03542	0.04386	0.05594	0.01366	0.00908	0.00298	0.00724	0.12507	0.00788	0.01157
88	0.06484	0.01458	0.01923	0.01481	0.02119	0.01299	0.01223	0.06331	0.02402	0.61388	0.03145	0.02738	0.01987	0.01017	0.00823	0.00257	0.00713	0.00817	0.01001	0.01394
89	0.01666	0.04297	0.66500	0.02368	0.03596	0.01929	0.03069	0.02631	0.01754	0.02631	0.01491	0.01754	0.01052	0.00789	0.00789	0.00263	0.01228	0.00614	0.00351	0.01228
90	0.00991	0.00842	0.00854	0.00851	0.01127	0.00705	0.00638	0.01209	0.01914	0.02294	0.10992	0.07914	0.62678	0.02086	0.00982	0.00280	0.00419	0.01742	0.00778	0.00705
91	0.01196	0.00901	0.01208	0.06691	0.01608	0.00867	0.00901	0.01590	0.02264	0.03160	0.56200	0.05988	0.10984	0.01652	0.00967	0.00264	0.00454	0.01455	0.00860	0.00790
92	0.01549	0.00774	0.00774	0.00774	0.00968	0.00774	0.00581	0.01936	0.01742	0.03097	0.02710	0.03097	0.02129	0.00968	0.00581	0.00194	0.00387	0.00774	0.75416	0.00774
93	0.01020	0.00729	0.00971	0.01152	0.01207	0.00680	0.00772	0.01176	0.01626	0.02177	0.07396	0.67285	0.05603	0.02561	0.01057	0.00334	0.00478	0.02322	0.00778	0.00680
94	0.03624	0.01472	0.01951	0.01507	0.02143	0.01321	0.01241	0.06714	0.05317	0.60537	0.03224	0.02803	0.02050	0.01031	0.00836	0.00258	0.00714	0.00836	0.01011	0.01409
95	0.01208	0.00805	0.00906	0.00906	0.00906	0.00805	0.00503	0.01208	0.01208	0.01611	0.02618	0.05436	0.03020	0.70804	0.04228	0.00805	0.00805	0.01208	0.00503	0.00503
96	0.03106	0.03888	0.02360	0.02130	0.02569	0.64652	0.01604	0.05902	0.02422	0.02172	0.01315	0.01520	0.01085	0.00862	0.00753	0.00216	0.01473	0.00544	0.00446	0.00983
97	0.01723	0.01477	0.01723	0.01230	0.01969	0.01107	0.00984	0.02092	0.01723	0.02707	0.01477	0.01723	0.01230	0.00615	0.00615	0.00123	0.00615	0.00492	0.00492	0.75883
98	0.01961	0.02241	0.04902	0.03501	0.04342	0.02101	0.62605	0.02661	0.01961	0.02661	0.01681	0.02241	0.01261	0.00700	0.00980	0.00280	0.01401	0.00980	0.00420	0.01120
99	0.03158	0.02327	0.02493	0.01911	0.02576	0.02576	0.01579	0.62852	0.03906	0.05236	0.01995	0.01995	0.01413	0.00997	0.00831	0.00249	0.00914	0.00748	0.00831	0.01413
100	0.02110	0.01806	0.01903	0.01699	0.02177	0.02087	0.01325	0.06729	0.61736	0.03545	0.03326	0.03056	0.02491	0.01122	0.00845	0.00280	0.00668	0.00932	0.00845	0.01319
101	0.01073	0.00788	0.01058	0.01215	0.01278	0.00773	0.00849	0.01247	0.01638	0.02202	0.07650	0.60384	0.05398	0.02489	0.01129	0.00337	0.03274	0.05761	0.00762	0.00696
102	0.01173	0.00854	0.01106	0.01059	0.01259	0.00788	0.00804	0.01553	0.02300	0.03220	0.58495	0.06483	0.11173	0.01755	0.00989	0.00269	0.00414	0.04630	0.00898	0.00778
103	0.03727	0.01414	0.01928	0.01478	0.02121	0.01221	0.01221	0.04049	0.02378	0.66198	0.03277	0.02828	0.02056	0.01028	0.00835	0.00257	0.00707	0.00835	0.01028	0.01414
104	0.02066	0.01785	0.01878	0.01691	0.02160	0.02066	0.01315	0.04414	0.64121	0.03475	0.03381	0.03099	0.02536	0.01127	0.00845	0.00282	0.00657	0.00939	0.00845	0.01315
105	0.73871	0.01634	0.01269	0.01124	0.01644	0.01891	0.00926	0.04744	0.01509	0.03785	0.01189	0.01374	0.00919	0.00780	0.00526	0.00257	0.00653	0.00461	0.00526	0.00919
106	0.03158	0.02327	0.02493	0.01911	0.02576	0.02576	0.01579	0.62852	0.03906	0.05236	0.01995	0.01995	0.01413	0.00997	0.00831	0.00249	0.00914	0.00748	0.00831	0.01413
107	0.01339	0.00956	0.01339	0.01530	0.01721	0.00956	0.01339	0.01721	0.01912	0.02486	0.04399	0.09371	0.04781	0.02295	0.01147	0.00382	0.00765	0.60031	0.00765	0.00765
108	0.02221	0.71304	0.04353	0.01421	0.02132	0.03287	0.01421	0.02488	0.01688	0.01955	0.01155	0.01333	0.01066	0.00711	0.00533	0.00178	0.00888	0.00444	0.00355	0.01066
109	0.02654	0.01751	0.01876	0.01608	0.02120	0.05714	0.01270	0.04120	0.37318	0.24029	0.03190	0.02912	0.02271	0.01071	0.00825	0.00266	0.00713	0.00873	0.04117	0.01303
110	0.02157	0.01830	0.01930	0.01709	0.02195	0.02109	0.01337	0.09294	0.59093	0.03622	0.03265	0.03007	0.02442	0.01116	0.00844	0.00279	0.00679	0.00923	0.00844	0.01323
111	0.03414	0.01345	0.01828	0.01425	0.02013	0.01167	0.01167	0.03744	0.02375	0.58487	0.10870	0.03242	0.02766	0.01110	0.00853	0.00258	0.00668	0.00917	0.01014	0.01337
112	0.02026	0.01944	0.03318	0.08978	0.61975	0.01966	0.02535	0.02524	0.01878	0.02678	0.01557	0.02066	0.01303	0.00746	0.00823	0.00249	0.00994	0.00740	0.00409	0.01292
113	0.01012	0.00723	0.00964	0.01157	0.01205	0.00675	0.00771	0.01157	0.01591	0.02121	0.04579	0.70262	0.05495	0.02603	0.01060	0.00337	0.00482	0.02362	0.00771	0.00675
114	0.01443	0.00722	0.01082	0.01082	0.01082	0.00722	0.00722	0.01082	0.01082	0.01443	0.01443	0.02525	0.01443	0.02886	0.03247	0.75830	0.00722	0.00722	0.00361	0.00361
115	0.02308	0.64691	0.04157	0.01492	0.02175	0.09590	0.01440	0.02569	0.01753	0.01962	0.01168	0.01349	0.01066	0.00725	0.00554	0.00181	0.00948	0.00453	0.00363	0.01056
116	0.01138	0.00848	0.01059	0.01006	0.01218	0.00768	0.00754	0.01495	0.02263	0.03121	0.54215	0.06551	0.18938	0.01777	0.00980	0.00265	0.00398	0.01551	0.00887	0.00768
117	0.06396	0.03503	0.45271	0.02706	0.10706	0.01922	0.09873	0.02671	0.01799	0.05279	0.01574	0.01866	0.01139	0.00782	0.00801	0.00263	0.01164	0.00671	0.00403	0.01213
118	0.02557	0.02045	0.02280	0.02075	0.07647	0.02288	0.01537	0.30569	0.31814	0.04204	0.02605	0.02515	0.01928	0.01036	0.00837	0.00264	0.00801	0.00836	0.00803	0.01359
119	0.76672	0.01607	0.01221	0.01092	0.01607	0.01864	0.00900	0.02442	0.01414	0.03727	0.01157	0.01350	0.00900	0.00771	0.00514	0.00257	0.00643	0.00450	0.00514	0.00900
120	0.01696	0.03363	0.44376	0.02671	0.11429	0.01804	0.07800	0.02470	0.01794	0.02616	0.04163	0.02445	0.01584	0.00976	0.00936	0.03322	0.01133	0.03860	0.00409	0.01153
121	0.01666	0.04297	0.66500	0.02368	0.03596	0.01929	0.03069	0.02631	0.01754	0.02631	0.01491	0.01754	0.01052	0.00789	0.00789	0.00263	0.01228	0.00614	0.00351	0.01228
122	0.01302	0.00881	0.01167	0.01125	0.01334	0.00818	0.00866	0.01678	0.02268	0.06011	0.52735	0.09298	0.07124	0.01777	0.00996	0.00278	0.00453	0.08187	0.00896	0.00805
123	0.03482	0.01525	0.01980	0.01537	0.02153	0.01423	0.01266	0.13130	0.02554	0.52678	0.03011	0.02723	0.01957	0.01342	0.04924	0.00322	0.00833	0.00825	0.00961	0.01372
124	0.02100	0.01724	0.01852	0.01673	0.02135	0.01971	0.01312	0.04255	0.58133	0.06145	0.03431	0.03421	0.02634	0.01185	0.00861	0.00286	0.00665	0.04077	0.00849	0.01290
125	0.01012	0.00723	0.00964	0.01157	0.01205	0.00675	0.00771	0.01157	0.01591	0.02121	0.04579	0.70262	0.05495	0.02603	0.01060	0.00337	0.00482	0.02362	0.00771	0.00675
126	0.02385	0.01869	0.05409	0.01904	0.07438	0.04187	0.01446	0.11765	0.24186	0.14164	0.10364	0.03061	0.02693	0.01095	0.00838	0.00260	0.00746	0.00908	0.04042	0.01239
127	0.69209	0.04173	0.01383	0.01130	0.01659	0.01875	0.00940	0.02547	0.01486	0.07694	0.01294	0.01444	0.00981	0.00786	0.00536	0.00254	0.00656	0.00475	0.00541	0.00939
128	0.01818	0.01818	0.02545	0.02181	0.02181	0.02545	0.01818	0.01999	0.01272	0.01999	0.01091	0.01818	0.01091	0.01454	0.02726	0.00364	0.69284	0.00727	0.00364	0.00909
129	0.02705	0.02004	0.02250	0.01976	0.06415	0.02206	0.01490	0.33442	0.22963	0.08919	0.02532	0.02545	0.01876	0.03632	0.00962	0.00281	0.00817	0.00833	0.00811	0.01341
130	0.03457	0.01625	0.06091	0.01540	0.02203	0.01320	0.01341	0.06980	0.02418	0.56206	0.05701	0.02856	0.02201	0.01039	0.00838	0.00257	0.00738	0.00845	0.00969	0.01375
131	0.01666	0.04297	0.66500	0.02368	0.03596	0.01929	0.03069	0.02631	0.01754	0.02631	0.01491	0.01754	0.01052	0.00789	0.00789	0.00263	0.01228	0.00614	0.00351	0.01228
132	0.01078	0.00845	0.00975	0.00942	0.01181	0.00742	0.00707	0.01378	0.02120	0.02782	0.36516	0.07109	0.36849	0.01903	0.00981	0.00271	0.00407	0.01629	0.00842	0.00742
133	0.01008	0.00782	0.00918	0.01012	0.01170	0.00692	0.00710	0.01194	0.01764	0.02239	0.09490	0.39460	0.31925	0.02335	0.01022	0.00308	0.00450	0.02048	0.00779	0.00692
134	0.03023	0.02155	0.02323	0.01806	0.02429	0.02370	0.01484	0.53080	0.06897	0.07838	0.02174	0.02163	0.01549	0.01004	0.00816	0.00248	0.00857	0.00764	0.05655	0.01366
135	0.01020	0.00729	0.00971	0.01152	0.01207	0.00680	0.00772	0.01175	0.01625	0.02175	0.07307	0.67379	0.05600	0.02562	0.01057	0.00334	0.00478	0.02323	0.00778	0.00680
136	0.02235	0.01378	0.01461	0.01226	0.01613	0.01464	0.00978	0.24728	0.02574	0.06394	0.02466	0.02675	0.01859	0.00981	0.00684	0.00217	0.00596	0.00767	0.44665	0.01038
137	0.01208	0.00805	0.00906	0.00906	0.00906	0.00805	0.00503	0.01208	0.01208	0.01611	0.02618	0.05436	0.03020	0.70804	0.04228	0.00805	0.00805	0.01208	0.00503	0.00503
138	0.03103	0.03959	0.02354	0.02140	0.02568	0.67469	0.01605	0.03317	0.02354	0.02033	0.01284	0.01498	0.01070	0.00856	0.00749	0.00214	0.01498	0.00535	0.00428	0.00963
139	0.02202	0.01852	0.01955	0.01718	0.02212	0.02129	0.01348	0.11655	0.56660	0.03693	0.03209	0.02963	0.02397	0.01111	0.00844	0.00278	0.00689	0.00916	0.00844	0.01327
140	0.01372	0.04682	0.01348	0.01123	0.01382	0.01022	0.00865	0.01884	0.07023	0.05407	0.48551	0.08602	0.10278	0.01644	0.00944	0.00263	0.00456	0.01433	0.00868	0.00852
141	0.76672	0.01607	0.01221	0.01092	0.01607	0.01864	0.00900	0.02442	0.01414	0.03727	0.01157	0.01350	0.00900	0.00771	0.00514	0.00257	0.00643	0.00450	0.00514	0.00900
142	0.02918	0.18861	0.02853	0.01907	0.02471	0.33286	0.01555	0.21030	0.02669	0.02978	0.01468	0.01610	0.01172	0.00865	0.00724	0.00216	0.01183	0.00578	0.00533	0.01122
143	0.01839	0.01986	0.04026	0.15400	0.07045	0.02018	0.41237	0.02437	0.01832	0.02488	0.01723	0.05282	0.01414	0.00871	0.01086	0.00287	0.06584	0.00968	0.00422	0.01056
144	0.01009	0.00733	0.00953	0.01129	0.01198	0.00677	0.00759	0.01160	0.01617	0.02132	0.04918	0.64755	0.10782	0.02559	0.01053	0.00332	0.00477	0.02308	0.00771	0.00677
145	0.01155	0.00848	0.01081	0.01023	0.01228	0.00775	0.00767	0.01527	0.02301	0.03212	0.58964	0.06402	0.14133	0.01743	0.00980	0.00263	0.00395	0.01530	0.00899	0.00775
146	0.02066	0.01785	0.01878	0.01691	0.02160	0.02066	0.01315	0.04414	0.64121	0.03475	0.03381	0.03099	0.02536	0.01127	0.00845	0.00282	0.00657	0.00939	0.00845	0.01315
147	0.76672	0.01607	0.01221	0.01092	0.01607	0.01864	0.00900	0.02442	0.01414	0.03727	0.01157	0.01350	0.00900	0.00771	0.00514	0.00257	0.00643	0.00450	0.00514	0.00900
148	0.03158	0.02327	0.02493	0.01911	0.02576	0.02576	0.01579	0.62852	0.03906	0.05236	0.01995	0.01995	0.01413	0.00997	0.00831	0.00249	0.00914	0.00748	0.00831	0.01413
149	0.01371	0.00932	0.01039	0.00990	0.01046	0.00953	0.00593	0.06356	0.01433	0.01913	0.02566	0.05149	0.02886	0.64975	0.03945	0.00759	0.00814	0.01170	0.00531	0.00579
150	0.02221	0.71304	0.04353	0.01421	0.02132	0.03287	0.01421	0.02488	0.01688	0.01955	0.01155	0.01333	0.01066	0.00711	0.00533	0.00178	0.00888	0.00444	0.00355	0.01066
151	0.01780	0.01780	0.02647	0.02225	0.02307	0.02390	0.06833	0.02014	0.01335	0.02049	0.01228	0.01966	0.01182	0.01764	0.07637	0.00432	0.58381	0.00761	0.00375	0.00913
152	0.02174	0.01761	0.01882	0.01677	0.02158	0.02012	0.01309	0.04391	0.60136	0.07523	0.03375	0.03082	0.02505	0.01121	0.00845	0.00280	0.00661	0.00933	0.00857	0.01321
153	0.01517	0.00927	0.01217	0.01131	0.01385	0.00846	0.00872	0.01879	0.02271	0.11715	0.47474	0.09009	0.09333	0.01706	0.00975	0.00273	0.00464	0.05241	0.00907	0.00859
154	0.02804	0.01631	0.01915	0.01527	0.02068	0.01649	0.01240	0.25174	0.05771	0.25366	0.13454	0.03493	0.07713	0.01216	0.00870	0.00258	0.00707	0.00990	0.00908	0.01249
155	0.01031	0.00808	0.00938	0.01011	0.01198	0.00715	0.00736	0.01244	0.01828	0.02308	0.11628	0.29676	0.35836	0.02256	0.01019	0.00305	0.00461	0.05519	0.00783	0.00703
156	0.01443	0.00722	0.01082	0.01082	0.01082	0.00722	0.00722	0.01082	0.01082	0.01443	0.01443	0.02525	0.01443	0.02886	0.03247	0.75830	0.00722	0.00722	0.00361	0.00361
157	0.02221	0.71304	0.04353	0.01421	0.02132	0.03287	0.01421	0.02488	0.01688	0.01955	0.01155	0.01333	0.01066	0.00711	0.00533	0.00178	0.00888	0.00444	0.00355	0.01066
158	0.01164	0.00849	0.01094	0.01033	0.01234	0.00779	0.00775	0.01545	0.02324	0.03265	0.61728	0.06314	0.11336	0.01723	0.00980	0.00262	0.00394	0.01518	0.00906	0.00779
159	0.02789	0.01565	0.02029	0.01525	0.02187	0.01385	0.03934	0.11224	0.02354	0.31247	0.05743	0.02512	0.01974	0.00912	0.00778	0.00214	0.00720	0.00755	0.00795	0.25356
160	0.03158	0.02327	0.02493	0.01911	0.02576	0.02576	0.01579	0.62852	0.03906	0.05236	0.01995	0.01995	0.01413	0.00997	0.00831	0.00249	0.00914	0.00748	0.00831	0.01413
161	0.52146	0.01878	0.07107	0.04915	0.12430	0.01863	0.01425	0.02520	0.01567	0.05710	0.01344	0.01592	0.01033	0.00780	0.00614	0.00257	0.00771	0.00538	0.00496	0.01015

[dist]
# distance from previous block
# <min> <max>
0	1

[block]
# block no. 6 follows, 22 sequences, length 164
# corresponding to MSA columns:
# 282-445
name=unknown_G
#
# <colnr> <probs for GDERKNQSTAVLIFYWHMCP>
#	G	D	E	R	K	N	Q	S	T	A	V	L	I	F	Y	W	H	M	C	P
