[name]
unknown

[dist]
# distance from previous block
# <min> <max>
0	183

[block]
# block no. 0 follows, 25 sequences, length 6
# corresponding to MSA columns:
# 183-188
name=unknown_A
#
# <colnr> <probs for GDERKNQSTAVLIFYWHMCP>
#	G	D	E	R	K	N	Q	S	T	A	V	L	I	F	Y	W	H	M	C	P
0	0.01480	0.01058	0.01466	0.07686	0.01876	0.01098	0.05419	0.07827	0.01895	0.02761	0.10691	0.10160	0.03154	0.01559	0.04178	0.00302	0.00692	0.12160	0.23733	0.00805
1	0.08193	0.01336	0.01400	0.06568	0.06236	0.08034	0.01017	0.04403	0.04216	0.02429	0.13869	0.09992	0.13197	0.14202	0.01376	0.00340	0.00689	0.01130	0.00597	0.00777
2	0.01714	0.01040	0.01278	0.01181	0.01467	0.01002	0.00892	0.07074	0.07280	0.15647	0.18088	0.25665	0.11171	0.01672	0.00890	0.00268	0.00512	0.01458	0.00807	0.00894
3	0.01385	0.01058	0.01300	0.07220	0.01707	0.01043	0.00937	0.08462	0.01797	0.02427	0.10071	0.13013	0.10005	0.18195	0.01579	0.00368	0.00644	0.07394	0.00614	0.10780
4	0.01407	0.00998	0.01235	0.06682	0.01616	0.01017	0.00897	0.10321	0.01820	0.04985	0.06910	0.31393	0.10131	0.15199	0.01480	0.00369	0.00608	0.01514	0.00667	0.00750
5	0.01590	0.01131	0.01413	0.01490	0.07200	0.01166	0.00984	0.15682	0.01943	0.02678	0.05484	0.26397	0.03098	0.10588	0.01458	0.08126	0.00631	0.01290	0.06851	0.00799

[dist]
# distance from previous block
# <min> <max>
0	2

[block]
# block no. 1 follows, 25 sequences, length 11
# corresponding to MSA columns:
# 191-201
name=unknown_B
#
# <colnr> <probs for GDERKNQSTAVLIFYWHMCP>
#	G	D	E	R	K	N	Q	S	T	A	V	L	I	F	Y	W	H	M	C	P
0	0.01366	0.00935	0.01156	0.01164	0.01326	0.00943	0.00828	0.07522	0.05492	0.05752	0.08742	0.40087	0.04144	0.10856	0.05553	0.00405	0.00639	0.01630	0.00703	0.00757
1	0.02309	0.01234	0.01604	0.01476	0.05203	0.01214	0.01087	0.04301	0.08909	0.30541	0.06846	0.10861	0.07017	0.05457	0.01099	0.00285	0.04703	0.01045	0.03759	0.01050
2	0.01783	0.04897	0.01637	0.01528	0.06359	0.01344	0.01072	0.06070	0.17520	0.11132	0.09167	0.21915	0.03350	0.07288	0.01096	0.00303	0.00610	0.01247	0.00719	0.00962
3	0.11280	0.00868	0.01072	0.01005	0.01177	0.00873	0.00731	0.01646	0.01380	0.09590	0.07116	0.02616	0.01938	0.01875	0.01888	0.40447	0.00588	0.00721	0.12584	0.00605
4	0.02407	0.01408	0.01623	0.01330	0.01760	0.01434	0.01045	0.21428	0.06991	0.20705	0.02571	0.07032	0.02064	0.09952	0.01145	0.00295	0.00668	0.00874	0.11443	0.03825
5	0.13261	0.01275	0.01373	0.01184	0.01494	0.01365	0.00895	0.18089	0.01922	0.02922	0.04470	0.02975	0.01979	0.20257	0.09583	0.04184	0.00852	0.00797	0.05712	0.05411
6	0.06476	0.00883	0.01088	0.00998	0.01241	0.00827	0.00762	0.01683	0.02107	0.08417	0.53452	0.05348	0.10779	0.01503	0.00874	0.00245	0.00408	0.01302	0.00827	0.00782
7	0.05734	0.10266	0.29445	0.06125	0.04796	0.01734	0.04565	0.06371	0.01769	0.02559	0.09967	0.02252	0.01875	0.01033	0.00950	0.07533	0.00909	0.00699	0.00441	0.00975
8	0.18454	0.01118	0.01087	0.00972	0.01299	0.01196	0.00768	0.08847	0.04533	0.06915	0.02199	0.02413	0.01679	0.00876	0.00577	0.00206	0.00493	0.00664	0.44839	0.00866
9	0.02827	0.10005	0.02396	0.01898	0.02360	0.51823	0.01478	0.13689	0.02387	0.02403	0.01301	0.01463	0.01053	0.00809	0.00693	0.00202	0.01251	0.00525	0.00458	0.00980
10	0.01608	0.01378	0.01608	0.01148	0.01837	0.01034	0.00919	0.01952	0.01608	0.02527	0.01378	0.01608	0.01148	0.00574	0.00574	0.00115	0.00574	0.00459	0.00459	0.77491

[dist]
# distance from previous block
# <min> <max>
3	5

[block]
# block no. 2 follows, 25 sequences, length 200
# corresponding to MSA columns:
# 207-406
name=unknown_C
#
# <colnr> <probs for GDERKNQSTAVLIFYWHMCP>
#	G	D	E	R	K	N	Q	S	T	A	V	L	I	F	Y	W	H	M	C	P
0	0.02052	0.70349	0.06743	0.01363	0.02047	0.03015	0.01390	0.02327	0.01578	0.01850	0.01091	0.01260	0.00994	0.00666	0.00507	0.00169	0.00842	0.00421	0.00331	0.01001
1	0.01066	0.00791	0.00994	0.00943	0.01139	0.00718	0.00707	0.01403	0.02122	0.02936	0.57310	0.06077	0.17619	0.01650	0.00915	0.00247	0.00370	0.01442	0.00831	0.00718
2	0.01333	0.01018	0.01221	0.04719	0.01513	0.03882	0.00884	0.01794	0.05937	0.05564	0.51965	0.08061	0.06106	0.01489	0.00888	0.00247	0.00476	0.01305	0.00802	0.00794
3	0.01068	0.00791	0.00996	0.00945	0.01141	0.00719	0.00709	0.01407	0.02127	0.02947	0.57980	0.06058	0.16942	0.01646	0.00915	0.00247	0.00370	0.01440	0.00832	0.00719
4	0.02073	0.73217	0.04063	0.01327	0.01990	0.03068	0.01327	0.02322	0.01575	0.01824	0.01078	0.01244	0.00995	0.00663	0.00498	0.00166	0.00829	0.00415	0.00332	0.00995
5	0.01533	0.01411	0.02288	0.64389	0.05036	0.01715	0.02061	0.04605	0.01640	0.02130	0.01398	0.02035	0.01051	0.00771	0.00765	0.00250	0.01002	0.00677	0.00368	0.04873
6	0.01153	0.00893	0.01336	0.01385	0.03736	0.01034	0.01029	0.01429	0.01306	0.01882	0.04413	0.06077	0.02205	0.05156	0.59096	0.01097	0.04716	0.00900	0.00440	0.00716
7	0.01780	0.03985	0.05662	0.01281	0.01587	0.01447	0.01008	0.22453	0.02026	0.02722	0.02205	0.06528	0.02215	0.36592	0.04781	0.00527	0.00846	0.00963	0.00566	0.00825
8	0.01054	0.00859	0.00999	0.04552	0.01365	0.00795	0.00764	0.01407	0.04571	0.02454	0.25412	0.06527	0.40778	0.01755	0.00909	0.00260	0.00438	0.03644	0.00744	0.00715
9	0.01608	0.01378	0.01608	0.01148	0.01837	0.01034	0.00919	0.01952	0.01608	0.02527	0.01378	0.01608	0.01148	0.00574	0.00574	0.00115	0.00574	0.00459	0.00459	0.77491
10	0.01976	0.01915	0.07211	0.03999	0.51257	0.01726	0.04425	0.02451	0.01778	0.07171	0.01564	0.01931	0.01252	0.00702	0.00755	0.00223	0.00902	0.00678	0.00427	0.07656
11	0.01655	0.13393	0.04290	0.14110	0.02414	0.07074	0.01352	0.04649	0.08282	0.02419	0.14626	0.08285	0.07405	0.01191	0.00890	0.00244	0.05311	0.00959	0.00558	0.00893
12	0.01445	0.00723	0.00723	0.00723	0.00903	0.00723	0.00542	0.01807	0.01626	0.02891	0.02529	0.02891	0.01987	0.00903	0.00542	0.00181	0.00361	0.00723	0.77055	0.00723
13	0.04747	0.01432	0.04529	0.04279	0.01984	0.01263	0.01136	0.06783	0.08830	0.24674	0.08349	0.03243	0.11037	0.01066	0.00765	0.00226	0.00629	0.00874	0.00738	0.13415
14	0.01464	0.01378	0.02326	0.70887	0.05340	0.01723	0.02153	0.01981	0.01550	0.01981	0.01378	0.02067	0.01034	0.00775	0.00775	0.00258	0.01034	0.00689	0.00345	0.00861
15	0.01618	0.06096	0.58838	0.02175	0.03220	0.04620	0.05207	0.02430	0.01661	0.02396	0.01482	0.04120	0.01137	0.00793	0.00743	0.00244	0.01128	0.00636	0.00347	0.01108
16	0.02069	0.01077	0.01398	0.01176	0.01537	0.00995	0.00928	0.06856	0.02307	0.26245	0.40107	0.04400	0.04986	0.01318	0.00857	0.00242	0.00504	0.01133	0.00885	0.00981
17	0.01887	0.01994	0.07144	0.04285	0.53310	0.01858	0.10115	0.02473	0.04600	0.02553	0.01542	0.01966	0.01257	0.00705	0.00785	0.00236	0.00969	0.00720	0.00399	0.01201
18	0.02305	0.16189	0.06885	0.05291	0.02426	0.10877	0.01504	0.19903	0.21014	0.03119	0.01942	0.01976	0.01481	0.00876	0.00713	0.00226	0.00877	0.00660	0.00593	0.01140
19	0.78228	0.01499	0.01140	0.01020	0.01499	0.01739	0.00840	0.02279	0.01320	0.03479	0.01080	0.01260	0.00840	0.00720	0.00480	0.00240	0.00600	0.00420	0.00480	0.00840
20	0.02073	0.73217	0.04063	0.01327	0.01990	0.03068	0.01327	0.02322	0.01575	0.01824	0.01078	0.01244	0.00995	0.00663	0.00498	0.00166	0.00829	0.00415	0.00332	0.00995
21	0.01376	0.01223	0.01519	0.01399	0.01510	0.06320	0.03580	0.01551	0.01307	0.01766	0.02022	0.06859	0.02103	0.24589	0.25868	0.00763	0.14189	0.00943	0.00432	0.00680
22	0.01097	0.00793	0.01036	0.00975	0.01158	0.00732	0.00732	0.01463	0.02195	0.03109	0.67505	0.05792	0.07316	0.01585	0.00914	0.00244	0.00366	0.01402	0.00854	0.00732
23	0.01464	0.01378	0.02326	0.70887	0.05340	0.01723	0.02153	0.01981	0.01550	0.01981	0.01378	0.02067	0.01034	0.00775	0.00775	0.00258	0.01034	0.00689	0.00345	0.00861
24	0.01108	0.00831	0.01246	0.01246	0.01385	0.00969	0.00969	0.01385	0.01246	0.01800	0.02077	0.03046	0.01938	0.05815	0.69678	0.01246	0.02077	0.00831	0.00415	0.00692
25	0.01696	0.01696	0.02375	0.02036	0.02036	0.02375	0.01696	0.01866	0.01187	0.01866	0.01018	0.01696	0.01018	0.01357	0.02545	0.00339	0.71332	0.00679	0.00339	0.00848
26	0.01108	0.00831	0.01246	0.01246	0.01385	0.00969	0.00969	0.01385	0.01246	0.01800	0.02077	0.03046	0.01938	0.05815	0.69678	0.01246	0.02077	0.00831	0.00415	0.00692
27	0.02896	0.03695	0.02197	0.01998	0.02397	0.69638	0.01498	0.03096	0.02197	0.01898	0.01199	0.01398	0.00999	0.00799	0.00699	0.00200	0.01398	0.00499	0.00400	0.00899
28	0.22644	0.01326	0.01571	0.01256	0.01793	0.01264	0.01031	0.03216	0.01985	0.46717	0.07399	0.02519	0.02046	0.00945	0.00712	0.00240	0.00622	0.00733	0.00827	0.01151
29	0.02001	0.01702	0.01794	0.01593	0.02044	0.01962	0.01245	0.08470	0.62045	0.03360	0.03064	0.02820	0.02292	0.01043	0.00788	0.00261	0.00631	0.00864	0.00788	0.01234
30	0.01120	0.00749	0.00848	0.00855	0.00857	0.00747	0.00480	0.01126	0.01142	0.01523	0.02519	0.07858	0.02915	0.69836	0.03824	0.00734	0.00739	0.01172	0.00480	0.00476
31	0.01499	0.01153	0.01531	0.01362	0.01683	0.01149	0.05751	0.02291	0.18116	0.06652	0.22529	0.16537	0.07045	0.01485	0.00878	0.00262	0.00558	0.03986	0.00753	0.04777
32	0.02073	0.73217	0.04063	0.01327	0.01990	0.03068	0.01327	0.02322	0.01575	0.01824	0.01078	0.01244	0.00995	0.00663	0.00498	0.00166	0.00829	0.00415	0.00332	0.00995
33	0.78228	0.01499	0.01140	0.01020	0.01499	0.01739	0.00840	0.02279	0.01320	0.03479	0.01080	0.01260	0.00840	0.00720	0.00480	0.00240	0.00600	0.00420	0.00480	0.00840
34	0.01955	0.01854	0.03118	0.04654	0.65597	0.01862	0.02348	0.04606	0.01832	0.02616	0.01473	0.01917	0.01231	0.00699	0.00768	0.00230	0.00919	0.00691	0.00398	0.01231
35	0.01936	0.01639	0.02496	0.05169	0.05930	0.01705	0.18017	0.03150	0.29776	0.09606	0.02922	0.05644	0.06349	0.01023	0.00836	0.00260	0.00813	0.00963	0.00655	0.01111
36	0.01103	0.00741	0.00853	0.00877	0.00883	0.00736	0.00503	0.01121	0.01175	0.01567	0.02686	0.13986	0.03125	0.63421	0.03554	0.00694	0.00712	0.01270	0.00503	0.00491
37	0.02073	0.73217	0.04063	0.01327	0.01990	0.03068	0.01327	0.02322	0.01575	0.01824	0.01078	0.01244	0.00995	0.00663	0.00498	0.00166	0.00829	0.00415	0.00332	0.00995
38	0.02947	0.02172	0.02327	0.01784	0.02404	0.02404	0.01474	0.65329	0.03646	0.04887	0.01862	0.01862	0.01319	0.00931	0.00776	0.00233	0.00853	0.00698	0.00776	0.01319
39	0.02947	0.02172	0.02327	0.01784	0.02404	0.02404	0.01474	0.65329	0.03646	0.04887	0.01862	0.01862	0.01319	0.00931	0.00776	0.00233	0.00853	0.00698	0.00776	0.01319
40	0.01421	0.01292	0.01848	0.01667	0.01732	0.01719	0.01357	0.01641	0.01215	0.01835	0.01512	0.02327	0.01448	0.03439	0.33889	0.00763	0.38997	0.00750	0.00375	0.00775
41	0.01830	0.21512	0.20413	0.02551	0.06119	0.02211	0.29811	0.02429	0.01711	0.02303	0.01389	0.01744	0.01082	0.00679	0.00753	0.00231	0.01123	0.00686	0.00359	0.01065
42	0.01572	0.01488	0.02520	0.55278	0.20111	0.01751	0.02207	0.02075	0.01601	0.02111	0.01397	0.02032	0.01080	0.00755	0.00773	0.00252	0.01007	0.00689	0.00354	0.00948
43	0.74878	0.01609	0.04093	0.01072	0.01581	0.01742	0.00928	0.02287	0.01333	0.03434	0.01093	0.01276	0.00846	0.00720	0.00491	0.00240	0.00624	0.00427	0.00473	0.00853
44	0.05900	0.06578	0.04216	0.01394	0.01915	0.01480	0.01175	0.06899	0.13929	0.32908	0.09224	0.06282	0.02521	0.01072	0.00770	0.00243	0.00650	0.00878	0.00806	0.01159
45	0.03176	0.01338	0.01772	0.01354	0.01961	0.01148	0.01112	0.03538	0.04044	0.57473	0.02831	0.02505	0.01827	0.00910	0.00752	0.00223	0.00647	0.00739	0.00886	0.11764
46	0.01790	0.01518	0.02258	0.03035	0.36418	0.01549	0.01612	0.10421	0.01803	0.02501	0.01846	0.02978	0.01778	0.25097	0.01844	0.00407	0.00855	0.00840	0.00466	0.00984
47	0.01309	0.00932	0.01123	0.01027	0.01205	0.00921	0.00738	0.08379	0.02047	0.02843	0.41583	0.05154	0.05364	0.21983	0.01771	0.00389	0.00530	0.01246	0.00735	0.00721
48	0.57338	0.01504	0.04100	0.01107	0.01594	0.01555	0.00948	0.02364	0.01539	0.10868	0.09074	0.01964	0.01726	0.00849	0.00576	0.00241	0.00603	0.00582	0.00572	0.00895
49	0.01292	0.01198	0.02203	0.01962	0.05543	0.01127	0.21379	0.01629	0.01671	0.02267	0.08734	0.40413	0.03852	0.01698	0.00948	0.00287	0.00741	0.01644	0.00609	0.00803
50	0.01073	0.00829	0.00989	0.01008	0.01197	0.00779	0.00742	0.01467	0.06715	0.02503	0.26622	0.23302	0.23964	0.01893	0.00930	0.00273	0.00426	0.03798	0.00770	0.00719
51	0.78228	0.01499	0.01140	0.01020	0.01499	0.01739	0.00840	0.02279	0.01320	0.03479	0.01080	0.01260	0.00840	0.00720	0.00480	0.00240	0.00600	0.00420	0.00480	0.00840
52	0.01577	0.06608	0.37828	0.06738	0.03339	0.01773	0.17825	0.02274	0.01659	0.02347	0.01734	0.09509	0.01489	0.00901	0.00798	0.00254	0.01085	0.00836	0.00388	0.01038
53	0.71769	0.01508	0.01272	0.04274	0.04322	0.01743	0.00960	0.02270	0.01348	0.03374	0.01108	0.01322	0.00864	0.00721	0.00504	0.00240	0.00632	0.00443	0.00470	0.00856
54	0.01454	0.01319	0.02215	0.64992	0.04975	0.01634	0.02028	0.01899	0.01505	0.01928	0.01375	0.02092	0.01060	0.00937	0.00965	0.06770	0.01003	0.00688	0.00344	0.00817
55	0.01198	0.01087	0.01952	0.01697	0.01964	0.01014	0.19232	0.01485	0.01596	0.02129	0.03644	0.49381	0.06581	0.01899	0.00965	0.00297	0.00694	0.01810	0.00626	0.00750
56	0.00923	0.00759	0.00812	0.00855	0.01065	0.00649	0.00620	0.01105	0.01701	0.02067	0.07013	0.22696	0.52909	0.02073	0.00934	0.00274	0.00406	0.01770	0.00720	0.00649
57	0.03252	0.01417	0.04186	0.01406	0.02004	0.01190	0.01193	0.03671	0.05452	0.60604	0.05140	0.02720	0.02087	0.00977	0.00783	0.00241	0.00665	0.00798	0.00925	0.01289
58	0.78228	0.01499	0.01140	0.01020	0.01499	0.01739	0.00840	0.02279	0.01320	0.03479	0.01080	0.01260	0.00840	0.00720	0.00480	0.00240	0.00600	0.00420	0.00480	0.00840
59	0.01074	0.00810	0.01008	0.01033	0.01233	0.00744	0.00814	0.01378	0.01939	0.02569	0.31761	0.09760	0.24451	0.01868	0.00956	0.00280	0.00462	0.16387	0.00774	0.00700
60	0.02052	0.70408	0.06688	0.01363	0.02045	0.03017	0.01389	0.02327	0.01578	0.01850	0.01091	0.01260	0.00995	0.00666	0.00507	0.00169	0.00842	0.00421	0.00332	0.01001
61	0.01869	0.01791	0.03057	0.12020	0.61044	0.01829	0.02355	0.02336	0.01742	0.02472	0.01450	0.01935	0.01207	0.00700	0.00768	0.00233	0.00933	0.00691	0.00379	0.01188
62	0.78228	0.01499	0.01140	0.01020	0.01499	0.01739	0.00840	0.02279	0.01320	0.03479	0.01080	0.01260	0.00840	0.00720	0.00480	0.00240	0.00600	0.00420	0.00480	0.00840
63	0.00941	0.00720	0.00864	0.00968	0.01098	0.00643	0.00673	0.01108	0.01619	0.02071	0.08341	0.45733	0.27990	0.02223	0.00960	0.00292	0.00425	0.01962	0.00726	0.00643
64	0.01525	0.01596	0.03241	0.02433	0.02980	0.01489	0.41512	0.02025	0.01820	0.02463	0.11557	0.14387	0.06964	0.01157	0.00927	0.00268	0.00978	0.01239	0.00531	0.00909
65	0.78228	0.01499	0.01140	0.01020	0.01499	0.01739	0.00840	0.02279	0.01320	0.03479	0.01080	0.01260	0.00840	0.00720	0.00480	0.00240	0.00600	0.00420	0.00480	0.00840
66	0.01249	0.00892	0.01249	0.01428	0.01606	0.00892	0.01249	0.01606	0.01785	0.02320	0.04105	0.08746	0.04462	0.02142	0.01071	0.00357	0.00714	0.62695	0.00714	0.00714
67	0.01445	0.00723	0.00723	0.00723	0.00903	0.00723	0.00542	0.01807	0.01626	0.02891	0.02529	0.02891	0.01987	0.00903	0.00542	0.00181	0.00361	0.00723	0.77055	0.00723
68	0.01054	0.00791	0.00976	0.00930	0.01132	0.00713	0.00697	0.01379	0.02092	0.02865	0.53143	0.06194	0.21831	0.01676	0.00915	0.00248	0.00372	0.01459	0.00821	0.00713
69	0.02815	0.03448	0.02215	0.02063	0.04696	0.60309	0.01514	0.06365	0.05513	0.02144	0.01341	0.01516	0.01093	0.00815	0.00710	0.00206	0.01313	0.00536	0.00438	0.00949
70	0.01555	0.04011	0.68733	0.02210	0.03356	0.01801	0.02865	0.02455	0.01637	0.02455	0.01391	0.01637	0.00982	0.00737	0.00737	0.00246	0.01146	0.00573	0.00327	0.01146
71	0.01501	0.01422	0.02361	0.62608	0.07444	0.01782	0.02124	0.01987	0.01528	0.01992	0.01351	0.02031	0.01040	0.00821	0.00923	0.00264	0.06913	0.00688	0.00346	0.00874
72	0.01464	0.01378	0.02326	0.70887	0.05340	0.01723	0.02153	0.01981	0.01550	0.01981	0.01378	0.02067	0.01034	0.00775	0.00775	0.00258	0.01034	0.00689	0.00345	0.00861
73	0.01851	0.01701	0.02577	0.19473	0.34380	0.01856	0.02007	0.04989	0.17894	0.02664	0.01876	0.02194	0.01469	0.00809	0.00775	0.00245	0.00869	0.00737	0.00489	0.01145
74	0.00961	0.00783	0.00851	0.00843	0.01077	0.00672	0.00629	0.01196	0.01859	0.02335	0.22102	0.09688	0.50519	0.01891	0.00919	0.00260	0.00389	0.01603	0.00752	0.00672
75	0.01929	0.01666	0.01753	0.01578	0.02016	0.01929	0.01227	0.04120	0.66513	0.03243	0.03156	0.02893	0.02367	0.01052	0.00789	0.00263	0.00614	0.00877	0.00789	0.01227
76	0.01055	0.00791	0.00977	0.00931	0.01132	0.00713	0.00698	0.01380	0.02094	0.02869	0.53398	0.06187	0.21573	0.01675	0.00915	0.00248	0.00372	0.01458	0.00822	0.00713
77	0.01608	0.01378	0.01608	0.01148	0.01837	0.01034	0.00919	0.01952	0.01608	0.02527	0.01378	0.01608	0.01148	0.00574	0.00574	0.00115	0.00574	0.00459	0.00459	0.77491
78	0.01608	0.01378	0.01608	0.01148	0.01837	0.01034	0.00919	0.01952	0.01608	0.02527	0.01378	0.01608	0.01148	0.00574	0.00574	0.00115	0.00574	0.00459	0.00459	0.77491
79	0.01711	0.01740	0.02616	0.02171	0.02256	0.02330	0.08636	0.01934	0.01258	0.01934	0.01078	0.01740	0.01035	0.01280	0.02366	0.00331	0.63667	0.00704	0.00345	0.00870
80	0.00968	0.00691	0.00927	0.01106	0.01162	0.00650	0.00760	0.01120	0.01508	0.02005	0.04261	0.67376	0.05077	0.02407	0.00996	0.00318	0.00470	0.06843	0.00719	0.00636
81	0.06175	0.01326	0.01776	0.01367	0.01962	0.01161	0.01129	0.03725	0.02187	0.66108	0.02988	0.02589	0.01880	0.00951	0.00769	0.00240	0.00658	0.00767	0.00942	0.01302
82	0.01134	0.00869	0.01296	0.01281	0.01413	0.01032	0.01002	0.01406	0.01243	0.01803	0.02030	0.02986	0.01897	0.05617	0.66695	0.01206	0.05155	0.00824	0.00412	0.00699
83	0.78228	0.01499	0.01140	0.01020	0.01499	0.01739	0.00840	0.02279	0.01320	0.03479	0.01080	0.01260	0.00840	0.00720	0.00480	0.00240	0.00600	0.00420	0.00480	0.00840
84	0.06140	0.04713	0.02333	0.01742	0.02351	0.04603	0.01442	0.58353	0.03425	0.04620	0.01779	0.01799	0.01276	0.00908	0.00751	0.00230	0.00859	0.00670	0.00735	0.01273
85	0.01900	0.01707	0.02653	0.02290	0.07851	0.01773	0.20583	0.07371	0.26892	0.05210	0.02586	0.11224	0.02174	0.01064	0.00849	0.00263	0.00846	0.01025	0.00633	0.01107
86	0.78228	0.01499	0.01140	0.01020	0.01499	0.01739	0.00840	0.02279	0.01320	0.03479	0.01080	0.01260	0.00840	0.00720	0.00480	0.00240	0.00600	0.00420	0.00480	0.00840
87	0.03479	0.01320	0.01799	0.01380	0.01979	0.01140	0.01140	0.03779	0.02219	0.68451	0.03059	0.02639	0.01919	0.00960	0.00780	0.00240	0.00660	0.00780	0.00960	0.01320
88	0.78228	0.01499	0.01140	0.01020	0.01499	0.01739	0.00840	0.02279	0.01320	0.03479	0.01080	0.01260	0.00840	0.00720	0.00480	0.00240	0.00600	0.00420	0.00480	0.00840
89	0.02049	0.57921	0.10972	0.01660	0.06061	0.06227	0.01566	0.02379	0.01625	0.01939	0.01141	0.01334	0.01008	0.00680	0.00550	0.00180	0.00898	0.00453	0.00338	0.01020
90	0.01663	0.01111	0.01403	0.01348	0.04161	0.01112	0.01000	0.02431	0.16541	0.12320	0.37250	0.04733	0.05017	0.01378	0.00872	0.00254	0.00508	0.05129	0.00826	0.00944
91	0.01038	0.00790	0.00954	0.00913	0.01122	0.00706	0.00685	0.01348	0.02054	0.02774	0.47816	0.06343	0.27214	0.01710	0.00915	0.00250	0.00375	0.01480	0.00809	0.00706
92	0.01628	0.01408	0.01707	0.01382	0.06107	0.01086	0.01013	0.01980	0.01618	0.02527	0.01383	0.01628	0.01154	0.00582	0.00587	0.00122	0.00597	0.00474	0.00454	0.72563
93	0.01826	0.01371	0.01630	0.01175	0.01854	0.01046	0.00945	0.02166	0.01679	0.10222	0.01574	0.01728	0.01238	0.00619	0.00598	0.00129	0.00584	0.00497	0.00518	0.68600
94	0.02055	0.70763	0.06357	0.01358	0.02038	0.03023	0.01381	0.02326	0.01578	0.01847	0.01089	0.01258	0.00995	0.00666	0.00506	0.00169	0.00840	0.00420	0.00332	0.01000
95	0.02683	0.01614	0.01862	0.01535	0.02064	0.01703	0.01233	0.13703	0.31962	0.28428	0.02913	0.02632	0.02029	0.00997	0.00783	0.00249	0.00669	0.00811	0.00852	0.01277
96	0.02020	0.01645	0.01756	0.01566	0.02014	0.01882	0.01222	0.04100	0.62708	0.07103	0.03150	0.02878	0.02340	0.01046	0.00788	0.00262	0.00616	0.00871	0.00799	0.01233
97	0.00954	0.00682	0.00908	0.01073	0.01127	0.00636	0.00720	0.01102	0.01527	0.02046	0.08016	0.68312	0.05258	0.02379	0.00985	0.00311	0.00445	0.02157	0.00728	0.00636
98	0.01083	0.00795	0.01017	0.00971	0.01162	0.00729	0.00734	0.01430	0.02134	0.02971	0.58805	0.06077	0.13750	0.01646	0.00920	0.00250	0.00381	0.03587	0.00834	0.00723
99	0.01116	0.00747	0.00849	0.00861	0.00864	0.00744	0.00486	0.01124	0.01151	0.01534	0.02561	0.09415	0.02968	0.68207	0.03755	0.00723	0.00732	0.01197	0.00486	0.00480
100	0.02060	0.65712	0.08906	0.01415	0.02107	0.05134	0.01449	0.02357	0.01600	0.01874	0.01106	0.01279	0.00994	0.00673	0.00522	0.00173	0.00872	0.00429	0.00334	0.01003
101	0.00978	0.00746	0.00900	0.00950	0.01108	0.00667	0.00679	0.01200	0.01782	0.02339	0.23428	0.31432	0.26924	0.02032	0.00943	0.00277	0.00407	0.01784	0.00758	0.00667
102	0.01380	0.01238	0.01766	0.01598	0.01691	0.01521	0.03502	0.01621	0.01551	0.02238	0.17615	0.16907	0.03569	0.01653	0.01688	0.00311	0.32987	0.05824	0.00565	0.00775
103	0.00956	0.00683	0.00912	0.01092	0.01142	0.00639	0.00739	0.01098	0.01495	0.01991	0.04268	0.69984	0.05104	0.02419	0.00993	0.00316	0.00459	0.04358	0.00720	0.00633
104	0.00962	0.00688	0.00918	0.01087	0.01143	0.00644	0.00739	0.01115	0.01526	0.02041	0.07035	0.67075	0.05200	0.02382	0.00989	0.00313	0.00456	0.04323	0.00725	0.00637
105	0.02073	0.73217	0.04063	0.01327	0.01990	0.03068	0.01327	0.02322	0.01575	0.01824	0.01078	0.01244	0.00995	0.00663	0.00498	0.00166	0.00829	0.00415	0.00332	0.00995
106	0.00981	0.00740	0.00912	0.01005	0.01143	0.00671	0.00723	0.01183	0.01690	0.02198	0.14201	0.39145	0.23682	0.02153	0.00964	0.00293	0.00441	0.06480	0.00738	0.00658
107	0.01298	0.00691	0.00973	0.00973	0.00973	0.00691	0.00628	0.01036	0.01036	0.01382	0.01591	0.02963	0.01675	0.18317	0.03235	0.60338	0.00691	0.00775	0.00366	0.00366
108	0.02896	0.03695	0.02197	0.01998	0.02397	0.69638	0.01498	0.03096	0.02197	0.01898	0.01199	0.01398	0.00999	0.00799	0.00699	0.00200	0.01398	0.00499	0.00400	0.00899
109	0.01930	0.01786	0.02697	0.15066	0.34735	0.07028	0.06076	0.02367	0.01788	0.06267	0.01758	0.02551	0.01499	0.00851	0.00791	0.00241	0.00952	0.06224	0.00446	0.04947
110	0.03315	0.04990	0.01994	0.01577	0.05882	0.01279	0.01222	0.03622	0.02160	0.61178	0.02864	0.02526	0.01832	0.00929	0.00765	0.00236	0.00684	0.00756	0.00894	0.01298
111	0.02073	0.73217	0.04063	0.01327	0.01990	0.03068	0.01327	0.02322	0.01575	0.01824	0.01078	0.01244	0.00995	0.00663	0.00498	0.00166	0.00829	0.00415	0.00332	0.00995
112	0.01300	0.01169	0.02036	0.05711	0.12118	0.01136	0.13468	0.01611	0.01606	0.02171	0.03167	0.42451	0.03538	0.01727	0.00933	0.00290	0.00725	0.03442	0.00586	0.00816
113	0.01151	0.00849	0.01083	0.01014	0.01214	0.00809	0.00764	0.01635	0.06351	0.03118	0.63347	0.05604	0.06996	0.01551	0.00906	0.00245	0.00382	0.01368	0.00849	0.00764
114	0.01448	0.01264	0.02245	0.06352	0.05747	0.01209	0.18991	0.01899	0.02004	0.05093	0.36768	0.06556	0.04602	0.01233	0.00896	0.00251	0.00715	0.01189	0.00666	0.00871
115	0.01929	0.01666	0.01753	0.01578	0.02016	0.01929	0.01227	0.04120	0.66513	0.03243	0.03156	0.02893	0.02367	0.01052	0.00789	0.00263	0.00614	0.00877	0.00789	0.01227
116	0.01752	0.01878	0.07777	0.19684	0.32331	0.01888	0.05470	0.02347	0.05904	0.02358	0.01497	0.01979	0.01210	0.00819	0.00996	0.00255	0.09682	0.00704	0.00392	0.01078
117	0.01808	0.01441	0.01589	0.01415	0.01798	0.01597	0.01101	0.07315	0.42305	0.05336	0.21228	0.03636	0.03682	0.01192	0.00823	0.00255	0.00561	0.01010	0.00812	0.01096
118	0.01093	0.00860	0.00960	0.00937	0.01172	0.00782	0.00698	0.05338	0.01945	0.02491	0.20650	0.16243	0.40276	0.01878	0.00918	0.00264	0.00425	0.01605	0.00754	0.00712
119	0.02380	0.05493	0.02303	0.02072	0.11284	0.02121	0.01486	0.34864	0.16080	0.03824	0.04222	0.02252	0.01742	0.01220	0.04846	0.00296	0.00868	0.00751	0.00683	0.01214
120	0.02024	0.01729	0.02015	0.06432	0.09515	0.01965	0.01444	0.11416	0.47374	0.03289	0.02693	0.02604	0.02025	0.00979	0.00784	0.00255	0.00704	0.00822	0.00714	0.01215
121	0.01679	0.01425	0.01645	0.01194	0.01870	0.01131	0.00956	0.04763	0.04531	0.02659	0.01477	0.01675	0.01209	0.00610	0.00592	0.00126	0.00588	0.00488	0.00487	0.70895
122	0.01790	0.01751	0.03115	0.16138	0.45524	0.01792	0.10930	0.02275	0.01726	0.02408	0.01564	0.04589	0.01332	0.00765	0.00798	0.00243	0.00977	0.00778	0.00391	0.01116
123	0.02179	0.49635	0.08460	0.01572	0.02178	0.16463	0.01499	0.02462	0.01684	0.01889	0.01123	0.01332	0.00996	0.00738	0.00678	0.00189	0.05141	0.00459	0.00346	0.00978
124	0.01445	0.00723	0.00723	0.00723	0.00903	0.00723	0.00542	0.01807	0.01626	0.02891	0.02529	0.02891	0.01987	0.00903	0.00542	0.00181	0.00361	0.00723	0.77055	0.00723
125	0.01972	0.01899	0.02833	0.11376	0.48093	0.05874	0.02154	0.05243	0.08051	0.02604	0.01614	0.01995	0.01306	0.00751	0.00767	0.00235	0.00929	0.00697	0.00436	0.01172
126	0.01464	0.01378	0.02326	0.70887	0.05340	0.01723	0.02153	0.01981	0.01550	0.01981	0.01378	0.02067	0.01034	0.00775	0.00775	0.00258	0.01034	0.00689	0.00345	0.00861
127	0.02836	0.02116	0.02264	0.01761	0.02362	0.02352	0.01447	0.58608	0.10548	0.04706	0.02004	0.01975	0.01434	0.00944	0.00777	0.00236	0.00827	0.00718	0.00777	0.01309
128	0.01097	0.00793	0.01036	0.00975	0.01158	0.00732	0.00732	0.01463	0.02195	0.03109	0.67505	0.05792	0.07316	0.01585	0.00914	0.00244	0.00366	0.01402	0.00854	0.00732
129	0.01420	0.01206	0.01975	0.01970	0.07013	0.01190	0.12429	0.01926	0.05177	0.02430	0.05609	0.06624	0.05906	0.01692	0.00996	0.00319	0.00805	0.39836	0.00642	0.00836
130	0.01569	0.01460	0.02420	0.60832	0.12448	0.01760	0.02155	0.04259	0.01649	0.02147	0.01404	0.02043	0.01066	0.00771	0.00774	0.00254	0.01014	0.00690	0.00364	0.00920
131	0.05487	0.01767	0.01850	0.01598	0.02077	0.02023	0.01263	0.17200	0.50143	0.03607	0.02787	0.02600	0.02075	0.01011	0.00773	0.00255	0.00665	0.00818	0.00773	0.01230
132	0.02073	0.73217	0.04063	0.01327	0.01990	0.03068	0.01327	0.02322	0.01575	0.01824	0.01078	0.01244	0.00995	0.00663	0.00498	0.00166	0.00829	0.00415	0.00332	0.00995
133	0.01128	0.00752	0.00846	0.00846	0.00846	0.00752	0.00470	0.01128	0.01128	0.01503	0.02443	0.05074	0.02819	0.72751	0.03946	0.00752	0.00752	0.01128	0.00470	0.00470
134	0.01088	0.00792	0.01024	0.00966	0.01153	0.00728	0.00724	0.01445	0.02173	0.03058	0.64486	0.05876	0.10367	0.01604	0.00915	0.00245	0.00367	0.01414	0.00847	0.00728
135	0.01464	0.01378	0.02326	0.70887	0.05340	0.01723	0.02153	0.01981	0.01550	0.01981	0.01378	0.02067	0.01034	0.00775	0.00775	0.00258	0.01034	0.00689	0.00345	0.00861
136	0.01113	0.00808	0.01131	0.01131	0.01230	0.00907	0.00826	0.01311	0.01212	0.01715	0.02182	0.03629	0.02192	0.25068	0.50771	0.01104	0.01696	0.00916	0.00431	0.00628
137	0.01696	0.01696	0.02375	0.02036	0.02036	0.02375	0.01696	0.01866	0.01187	0.01866	0.01018	0.01696	0.01018	0.01357	0.02545	0.00339	0.71332	0.00679	0.00339	0.00848
138	0.01125	0.00764	0.00906	0.00906	0.00927	0.00784	0.00545	0.01166	0.01145	0.01548	0.02388	0.04769	0.02686	0.62685	0.13832	0.00826	0.00951	0.01083	0.00462	0.00503
139	0.02896	0.03695	0.02197	0.01998	0.02397	0.69638	0.01498	0.03096	0.02197	0.01898	0.01199	0.01398	0.00999	0.00799	0.00699	0.00200	0.01398	0.00499	0.00400	0.00899
140	0.78228	0.01499	0.01140	0.01020	0.01499	0.01739	0.00840	0.02279	0.01320	0.03479	0.01080	0.01260	0.00840	0.00720	0.00480	0.00240	0.00600	0.00420	0.00480	0.00840
141	0.02057	0.01729	0.01826	0.01604	0.02065	0.01989	0.01258	0.11832	0.58592	0.03451	0.02993	0.02763	0.02235	0.01037	0.00787	0.00259	0.00644	0.00854	0.00787	0.01239
142	0.00945	0.00675	0.00900	0.01080	0.01125	0.00630	0.00720	0.01080	0.01484	0.01979	0.04274	0.72245	0.05128	0.02429	0.00990	0.00315	0.00450	0.02204	0.00720	0.00630
143	0.00945	0.00675	0.00900	0.01080	0.01125	0.00630	0.00720	0.01080	0.01484	0.01979	0.04274	0.72245	0.05128	0.02429	0.00990	0.00315	0.00450	0.02204	0.00720	0.00630
144	0.02073	0.73217	0.04063	0.01327	0.01990	0.03068	0.01327	0.02322	0.01575	0.01824	0.01078	0.01244	0.00995	0.00663	0.00498	0.00166	0.00829	0.00415	0.00332	0.00995
145	0.78228	0.01499	0.01140	0.01020	0.01499	0.01739	0.00840	0.02279	0.01320	0.03479	0.01080	0.01260	0.00840	0.00720	0.00480	0.00240	0.00600	0.00420	0.00480	0.00840
146	0.02013	0.01707	0.01801	0.01595	0.02048	0.01968	0.01248	0.09187	0.61309	0.03379	0.03049	0.02807	0.02280	0.01042	0.00788	0.00260	0.00633	0.00862	0.00788	0.01235
147	0.01879	0.01292	0.01572	0.01400	0.04595	0.01225	0.01041	0.02691	0.18377	0.14447	0.19280	0.03393	0.05355	0.01073	0.00772	0.00217	0.00555	0.00912	0.00737	0.19188
148	0.01128	0.00752	0.00846	0.00846	0.00846	0.00752	0.00470	0.01128	0.01128	0.01503	0.02443	0.05074	0.02819	0.72751	0.03946	0.00752	0.00752	0.01128	0.00470	0.00470
149	0.02039	0.68631	0.08349	0.01385	0.02081	0.02984	0.01429	0.02331	0.01580	0.01866	0.01099	0.01270	0.00994	0.00668	0.00513	0.00171	0.00850	0.00425	0.00331	0.01005
150	0.02947	0.02172	0.02327	0.01784	0.02404	0.02404	0.01474	0.65329	0.03646	0.04887	0.01862	0.01862	0.01319	0.00931	0.00776	0.00233	0.00853	0.00698	0.00776	0.01319
151	0.02852	0.02121	0.02327	0.06249	0.02594	0.02360	0.01518	0.61235	0.03510	0.04699	0.01830	0.01875	0.01300	0.00921	0.00776	0.00234	0.00865	0.00697	0.00748	0.01289
152	0.01108	0.00831	0.01246	0.01246	0.01385	0.00969	0.00969	0.01385	0.01246	0.01800	0.02077	0.03046	0.01938	0.05815	0.69678	0.01246	0.02077	0.00831	0.00415	0.00692
153	0.06969	0.08967	0.04904	0.01797	0.07545	0.17498	0.01354	0.05974	0.18521	0.02675	0.07302	0.02768	0.08525	0.01015	0.00738	0.00231	0.00835	0.00793	0.00578	0.01011
154	0.01514	0.01428	0.02415	0.63716	0.12126	0.01736	0.02178	0.02024	0.01574	0.02041	0.01387	0.02051	0.01055	0.00766	0.00774	0.00255	0.01021	0.00689	0.00349	0.00901
155	0.07802	0.01810	0.02678	0.03508	0.41664	0.01937	0.01958	0.13549	0.01978	0.02908	0.01453	0.01856	0.01199	0.00890	0.01024	0.03615	0.07905	0.00670	0.00455	0.01138
156	0.01830	0.02092	0.04575	0.03268	0.04052	0.01961	0.65098	0.02484	0.01830	0.02484	0.01569	0.02092	0.01176	0.00654	0.00915	0.00261	0.01307	0.00915	0.00392	0.01046
157	0.01929	0.01666	0.01753	0.01578	0.02016	0.01929	0.01227	0.04120	0.66513	0.03243	0.03156	0.02893	0.02367	0.01052	0.00789	0.00263	0.00614	0.00877	0.00789	0.01227
158	0.01672	0.01761	0.03317	0.05337	0.03088	0.01946	0.33335	0.02113	0.01532	0.02170	0.01455	0.02097	0.01226	0.01602	0.10999	0.00423	0.23807	0.00818	0.00377	0.00926
159	0.02407	0.45008	0.03306	0.01599	0.02155	0.30079	0.01396	0.02636	0.01828	0.01854	0.01127	0.01306	0.00997	0.00718	0.00579	0.00180	0.01060	0.00449	0.00359	0.00956
160	0.02677	0.02118	0.02169	0.01741	0.02302	0.05783	0.01410	0.45987	0.20106	0.04299	0.02167	0.02109	0.01578	0.00956	0.00775	0.00239	0.00819	0.00735	0.00760	0.01273
161	0.00989	0.00712	0.00961	0.01080	0.01159	0.00684	0.00749	0.01179	0.01580	0.02153	0.14839	0.53289	0.05152	0.02657	0.08519	0.00405	0.00614	0.01916	0.00709	0.00654
162	0.01088	0.00792	0.01023	0.00966	0.01153	0.00728	0.00724	0.01445	0.02173	0.03056	0.64397	0.05879	0.10457	0.01605	0.00915	0.00245	0.00367	0.01414	0.00847	0.00728
163	0.78228	0.01499	0.01140	0.01020	0.01499	0.01739	0.00840	0.02279	0.01320	0.03479	0.01080	0.01260	0.00840	0.00720	0.00480	0.00240	0.00600	0.00420	0.00480	0.00840
164	0.01604	0.07488	0.61482	0.02315	0.07105	0.01869	0.02756	0.02444	0.01641	0.02427	0.01379	0.01633	0.00997	0.00730	0.00726	0.00240	0.01116	0.00572	0.00331	0.01143
165	0.73712	0.01509	0.01176	0.01053	0.01530	0.01751	0.00863	0.02388	0.05178	0.03465	0.01202	0.01356	0.00930	0.00739	0.00498	0.00241	0.00601	0.00447	0.00498	0.00863
166	0.01329	0.00673	0.01005	0.01013	0.01015	0.00671	0.00675	0.01013	0.01031	0.01375	0.01477	0.05463	0.01515	0.02682	0.02940	0.74013	0.00663	0.00741	0.00354	0.00350
167	0.00998	0.00746	0.01069	0.01177	0.01263	0.00698	0.03406	0.01172	0.01540	0.02061	0.06924	0.64347	0.05038	0.02309	0.00986	0.00311	0.00490	0.04098	0.00712	0.00654
168	0.00948	0.00787	0.00829	0.00818	0.01067	0.00668	0.00614	0.01173	0.01841	0.02270	0.18190	0.07173	0.57155	0.01898	0.00916	0.00259	0.00388	0.01596	0.00743	0.00668
169	0.01995	0.01803	0.03109	0.07347	0.57135	0.01799	0.06001	0.02459	0.01789	0.06766	0.01565	0.01982	0.01261	0.00710	0.00777	0.00234	0.00932	0.00710	0.00420	0.01207
170	0.78228	0.01499	0.01140	0.01020	0.01499	0.01739	0.00840	0.02279	0.01320	0.03479	0.01080	0.01260	0.00840	0.00720	0.00480	0.00240	0.00600	0.00420	0.00480	0.00840
171	0.01105	0.00789	0.01084	0.01263	0.01378	0.00768	0.00998	0.01357	0.01643	0.02159	0.04185	0.38837	0.04778	0.02278	0.01032	0.00337	0.00589	0.34030	0.00717	0.00674
172	0.01946	0.56222	0.19944	0.01544	0.02325	0.02757	0.01704	0.02355	0.01591	0.01979	0.01155	0.01340	0.00992	0.00681	0.00556	0.00185	0.00907	0.00453	0.00331	0.01032
173	0.01555	0.04011	0.68733	0.02210	0.03356	0.01801	0.02865	0.02455	0.01637	0.02455	0.01391	0.01637	0.00982	0.00737	0.00737	0.00246	0.01146	0.00573	0.00327	0.01146
174	0.78228	0.01499	0.01140	0.01020	0.01499	0.01739	0.00840	0.02279	0.01320	0.03479	0.01080	0.01260	0.00840	0.00720	0.00480	0.00240	0.00600	0.00420	0.00480	0.00840
175	0.00944	0.00679	0.00895	0.01068	0.01122	0.00631	0.00715	0.01081	0.01495	0.01984	0.04410	0.69780	0.07505	0.02411	0.00987	0.00313	0.00448	0.02183	0.00720	0.00631
176	0.01175	0.00842	0.01061	0.01225	0.01291	0.00766	0.00815	0.01245	0.01612	0.02173	0.04381	0.70025	0.05188	0.02511	0.01069	0.00351	0.00527	0.02215	0.00782	0.00745
177	0.78228	0.01499	0.01140	0.01020	0.01499	0.01739	0.00840	0.02279	0.01320	0.03479	0.01080	0.01260	0.00840	0.00720	0.00480	0.00240	0.00600	0.00420	0.00480	0.00840
178	0.01249	0.00892	0.01249	0.01428	0.01606	0.00892	0.01249	0.01606	0.01785	0.02320	0.04105	0.08746	0.04462	0.02142	0.01071	0.00357	0.00714	0.62695	0.00714	0.00714
179	0.01445	0.00723	0.00723	0.00723	0.00903	0.00723	0.00542	0.01807	0.01626	0.02891	0.02529	0.02891	0.01987	0.00903	0.00542	0.00181	0.00361	0.00723	0.77055	0.00723
180	0.01097	0.00793	0.01036	0.00975	0.01158	0.00732	0.00732	0.01463	0.02195	0.03109	0.67505	0.05792	0.07316	0.01585	0.00914	0.00244	0.00366	0.01402	0.00854	0.00732
181	0.78228	0.01499	0.01140	0.01020	0.01499	0.01739	0.00840	0.02279	0.01320	0.03479	0.01080	0.01260	0.00840	0.00720	0.00480	0.00240	0.00600	0.00420	0.00480	0.00840
182	0.01555	0.04011	0.68733	0.02210	0.03356	0.01801	0.02865	0.02455	0.01637	0.02455	0.01391	0.01637	0.00982	0.00737	0.00737	0.00246	0.01146	0.00573	0.00327	0.01146
183	0.01138	0.01006	0.01217	0.05811	0.08739	0.00950	0.00935	0.01534	0.06628	0.02222	0.06380	0.06161	0.51099	0.01678	0.00881	0.00258	0.00509	0.01414	0.00664	0.00774
184	0.01464	0.01378	0.02326	0.70887	0.05340	0.01723	0.02153	0.01981	0.01550	0.01981	0.01378	0.02067	0.01034	0.00775	0.00775	0.00258	0.01034	0.00689	0.00345	0.00861
185	0.02470	0.02874	0.02296	0.02087	0.04425	0.40799	0.01591	0.06687	0.01942	0.02101	0.01190	0.01544	0.01033	0.00989	0.01317	0.00249	0.24505	0.00578	0.00403	0.00920
186	0.00965	0.00771	0.00806	0.00818	0.01007	0.00675	0.00571	0.01114	0.01606	0.01955	0.06416	0.11116	0.49116	0.17780	0.01597	0.00375	0.00476	0.01560	0.00664	0.00612
187	0.01164	0.00909	0.01031	0.00963	0.01219	0.00847	0.00732	0.05525	0.04369	0.02767	0.33860	0.06195	0.34168	0.01696	0.00902	0.00252	0.00418	0.01445	0.00785	0.00752
188	0.00954	0.00787	0.00837	0.00825	0.01070	0.00670	0.00619	0.01185	0.01856	0.02304	0.20190	0.07117	0.55133	0.01885	0.00916	0.00258	0.00387	0.01588	0.00748	0.00670
189	0.01608	0.01378	0.01608	0.01148	0.01837	0.01034	0.00919	0.01952	0.01608	0.02527	0.01378	0.01608	0.01148	0.00574	0.00574	0.00115	0.00574	0.00459	0.00459	0.77491
190	0.01608	0.01378	0.01608	0.01148	0.01837	0.01034	0.00919	0.01952	0.01608	0.02527	0.01378	0.01608	0.01148	0.00574	0.00574	0.00115	0.00574	0.00459	0.00459	0.77491
191	0.01128	0.00752	0.00846	0.00846	0.00846	0.00752	0.00470	0.01128	0.01128	0.01503	0.02443	0.05074	0.02819	0.72751	0.03946	0.00752	0.00752	0.01128	0.00470	0.00470
192	0.01507	0.01356	0.02180	0.03082	0.36399	0.01382	0.01658	0.01816	0.01613	0.02264	0.02579	0.30605	0.02806	0.01443	0.00973	0.00272	0.05279	0.01308	0.00518	0.00959
193	0.09785	0.01335	0.01744	0.01349	0.01939	0.01190	0.01114	0.03652	0.02143	0.62970	0.02892	0.02523	0.01828	0.00939	0.00754	0.00240	0.00655	0.00749	0.00919	0.01279
194	0.01112	0.00813	0.01157	0.01157	0.01264	0.00921	0.00858	0.01327	0.01220	0.01734	0.02159	0.03498	0.02135	0.20743	0.55019	0.01136	0.01781	0.00897	0.00428	0.00643
195	0.78228	0.01499	0.01140	0.01020	0.01499	0.01739	0.00840	0.02279	0.01320	0.03479	0.01080	0.01260	0.00840	0.00720	0.00480	0.00240	0.00600	0.00420	0.00480	0.00840
196	0.01565	0.03939	0.66343	0.02249	0.03382	0.01807	0.05183	0.02457	0.01644	0.02457	0.01398	0.01654	0.00989	0.00734	0.00743	0.00246	0.01152	0.00586	0.00330	0.01142
197	0.01916	0.01843	0.03128	0.04505	0.61176	0.01853	0.05099	0.02487	0.05600	0.02573	0.01564	0.01984	0.01293	0.00711	0.00775	0.00234	0.00920	0.00712	0.00408	0.01220
198	0.78228	0.01499	0.01140	0.01020	0.01499	0.01739	0.00840	0.02279	0.01320	0.03479	0.01080	0.01260	0.00840	0.00720	0.00480	0.00240	0.00600	0.00420	0.00480	0.00840
199	0.02240	0.01602	0.01874	0.01553	0.01981	0.01779	0.01259	0.37221	0.02629	0.06442	0.02000	0.02366	0.01591	0.02873	0.28160	0.00636	0.01331	0.00754	0.00641	0.01070

[dist]
# distance from previous block
# <min> <max>
0	1

[block]
# block no. 3 follows, 25 sequences, length 147
# corresponding to MSA columns:
# 408-554
name=unknown_D
#
# <colnr> <probs for GDERKNQSTAVLIFYWHMCP>
#	G	D	E	R	K	N	Q	S	T	A	V	L	I	F	Y	W	H	M	C	P
0	0.78228	0.01499	0.01140	0.01020	0.01499	0.01739	0.00840	0.02279	0.01320	0.03479	0.01080	0.01260	0.00840	0.00720	0.00480	0.00240	0.00600	0.00420	0.00480	0.00840
1	0.02190	0.01797	0.02191	0.02434	0.19498	0.04310	0.01555	0.08821	0.35781	0.09144	0.02517	0.02470	0.01886	0.00928	0.00778	0.00247	0.00748	0.00790	0.00682	0.01232
2	0.05828	0.06845	0.49702	0.01966	0.02889	0.05384	0.02371	0.02358	0.01688	0.02477	0.05188	0.02322	0.01574	0.00883	0.00743	0.00247	0.01040	0.05045	0.00397	0.01055
3	0.00938	0.00786	0.00816	0.00808	0.01061	0.00664	0.00606	0.01155	0.01819	0.02217	0.15080	0.07260	0.60297	0.01918	0.00916	0.00260	0.00389	0.01608	0.00736	0.00664
4	0.01608	0.01378	0.01608	0.01148	0.01837	0.01034	0.00919	0.01952	0.01608	0.02527	0.01378	0.01608	0.01148	0.00574	0.00574	0.00115	0.00574	0.00459	0.00459	0.77491
5	0.01922	0.01457	0.01702	0.01237	0.01911	0.01188	0.00998	0.08821	0.01880	0.08866	0.01585	0.01730	0.01238	0.00648	0.00614	0.00139	0.00612	0.00514	0.00539	0.62401
6	0.01778	0.01936	0.03711	0.02784	0.03260	0.02123	0.40194	0.02241	0.01578	0.02241	0.01352	0.01936	0.01114	0.00930	0.01555	0.00292	0.28812	0.00822	0.00371	0.00968
7	0.03479	0.01320	0.01799	0.01380	0.01979	0.01140	0.01140	0.03779	0.02219	0.68451	0.03059	0.02639	0.01919	0.00960	0.00780	0.00240	0.00660	0.00780	0.00960	0.01320
8	0.02146	0.01774	0.01876	0.01622	0.02099	0.02030	0.01280	0.17198	0.53081	0.03595	0.02879	0.02672	0.02143	0.01026	0.00786	0.00257	0.00665	0.00838	0.00786	0.01247
9	0.00960	0.00687	0.00913	0.01069	0.01128	0.00640	0.00721	0.01118	0.01556	0.02092	0.10598	0.65598	0.05347	0.02345	0.00982	0.00308	0.00441	0.02124	0.00733	0.00640
10	0.01168	0.01016	0.04807	0.01104	0.01347	0.00859	0.00901	0.01651	0.05652	0.02981	0.53810	0.09122	0.06437	0.01582	0.00909	0.00254	0.00444	0.04373	0.00807	0.00775
11	0.01119	0.00784	0.01011	0.01011	0.01068	0.00841	0.00676	0.01234	0.01176	0.01626	0.02292	0.04237	0.02456	0.45135	0.31066	0.00956	0.01298	0.01005	0.00447	0.00562
12	0.02125	0.57498	0.03666	0.01480	0.02041	0.10542	0.01387	0.02360	0.01603	0.01837	0.01085	0.01311	0.00998	0.00755	0.00745	0.00189	0.08617	0.00453	0.00340	0.00968
13	0.01030	0.00780	0.00949	0.00928	0.01122	0.00700	0.00688	0.01325	0.02004	0.02706	0.44086	0.12183	0.25123	0.01773	0.00922	0.00256	0.00381	0.01543	0.00802	0.00700
14	0.00965	0.00689	0.00920	0.01087	0.01145	0.00645	0.00741	0.01121	0.01534	0.02053	0.07668	0.66229	0.05220	0.02373	0.00989	0.00313	0.00455	0.04487	0.00727	0.00638
15	0.00956	0.00683	0.00913	0.01093	0.01142	0.00640	0.00739	0.01099	0.01496	0.01992	0.04267	0.69890	0.05104	0.02418	0.00993	0.00316	0.00460	0.04448	0.00720	0.00633
16	0.01374	0.02120	0.28578	0.01493	0.02083	0.01182	0.01614	0.01955	0.01969	0.05332	0.38182	0.03983	0.04536	0.01216	0.00837	0.00244	0.00694	0.01042	0.00644	0.00922
17	0.02073	0.73217	0.04063	0.01327	0.01990	0.03068	0.01327	0.02322	0.01575	0.01824	0.01078	0.01244	0.00995	0.00663	0.00498	0.00166	0.00829	0.00415	0.00332	0.00995
18	0.00937	0.00731	0.00851	0.00938	0.01090	0.00645	0.00659	0.01108	0.01642	0.02072	0.08133	0.39588	0.34485	0.02182	0.00953	0.00288	0.00420	0.01910	0.00724	0.00645
19	0.01696	0.01696	0.02375	0.02036	0.02036	0.02375	0.01696	0.01866	0.01187	0.01866	0.01018	0.01696	0.01018	0.01357	0.02545	0.00339	0.71332	0.00679	0.00339	0.00848
20	0.02896	0.03695	0.02197	0.01998	0.02397	0.69638	0.01498	0.03096	0.02197	0.01898	0.01199	0.01398	0.00999	0.00799	0.00699	0.00200	0.01398	0.00499	0.00400	0.00899
