[name]
unknown

[dist]
# distance from previous block
# <min> <max>
0	35

[block]
# block no. 0 follows, 21 sequences, length 32
# corresponding to MSA columns:
# 35-66
name=unknown_A
#
# <colnr> <probs for GDERKNQSTAVLIFYWHMCP>
#	G	D	E	R	K	N	Q	S	T	A	V	L	I	F	Y	W	H	M	C	P
0	0.08957	0.12714	0.02751	0.06733	0.20658	0.04923	0.01780	0.06452	0.05158	0.10455	0.02163	0.02954	0.01832	0.01031	0.00808	0.00263	0.00911	0.07691	0.00589	0.01179
1	0.02223	0.08644	0.05539	0.11025	0.33760	0.11696	0.02228	0.05671	0.02064	0.02652	0.01705	0.02408	0.01471	0.00895	0.00824	0.00254	0.01085	0.04209	0.00455	0.01193
2	0.02790	0.02041	0.02106	0.01732	0.02277	0.06204	0.01387	0.30320	0.17190	0.11085	0.02657	0.05479	0.02018	0.01117	0.00837	0.00261	0.00822	0.00884	0.07491	0.01302
3	0.01201	0.00932	0.01113	0.03246	0.01436	0.00896	0.00838	0.04603	0.01875	0.02409	0.08666	0.25692	0.28435	0.06791	0.07472	0.00438	0.00699	0.01765	0.00739	0.00753
4	0.01086	0.00862	0.00965	0.01010	0.01234	0.00763	0.00761	0.01314	0.01887	0.02338	0.10406	0.14945	0.42371	0.06860	0.01265	0.00344	0.00511	0.09584	0.00779	0.00715
5	0.02945	0.06156	0.02535	0.01838	0.02517	0.02482	0.01524	0.48171	0.07639	0.04768	0.02033	0.02051	0.01485	0.00971	0.00811	0.00239	0.00884	0.00733	0.00787	0.09433
6	0.05234	0.18022	0.14023	0.02237	0.06504	0.13629	0.08992	0.02930	0.05036	0.08321	0.01743	0.01987	0.01360	0.01185	0.04978	0.00312	0.01198	0.00678	0.00489	0.01142
7	0.01037	0.00741	0.00987	0.01185	0.01234	0.00691	0.00790	0.01185	0.01629	0.02172	0.04690	0.69537	0.05629	0.02666	0.01086	0.00346	0.00494	0.02419	0.00790	0.00691
8	0.01890	0.01800	0.02699	0.19945	0.06499	0.02278	0.05652	0.05886	0.05195	0.02444	0.01515	0.02147	0.01284	0.01358	0.04065	0.00360	0.32741	0.00784	0.00440	0.01018
9	0.02116	0.01584	0.02047	0.01888	0.05917	0.01695	0.04931	0.18719	0.07671	0.06628	0.06008	0.20034	0.03022	0.01493	0.01041	0.00287	0.05371	0.01271	0.07184	0.01094
10	0.02106	0.02022	0.03454	0.05223	0.64784	0.02022	0.02612	0.02612	0.01938	0.02780	0.01601	0.02106	0.01348	0.00758	0.00842	0.00253	0.01011	0.00758	0.00421	0.01348
11	0.01225	0.00874	0.01178	0.01178	0.01264	0.00960	0.00827	0.01398	0.01311	0.01835	0.02453	0.04306	0.02546	0.33942	0.39732	0.01133	0.01650	0.01053	0.00482	0.00654
12	0.03439	0.01704	0.06332	0.01590	0.02261	0.01408	0.01386	0.09608	0.02545	0.50943	0.07229	0.02971	0.02372	0.01080	0.00862	0.00263	0.00760	0.00878	0.00978	0.01391
13	0.08595	0.03643	0.46181	0.02512	0.07613	0.01990	0.06368	0.05772	0.01926	0.05378	0.01611	0.01867	0.01155	0.00818	0.00802	0.00268	0.01161	0.00662	0.00435	0.01244
14	0.01982	0.01896	0.03230	0.20814	0.50162	0.01989	0.02550	0.02503	0.01879	0.02630	0.01579	0.02147	0.01295	0.00781	0.00845	0.00260	0.01042	0.00758	0.00411	0.01248
15	0.02388	0.01957	0.02056	0.01630	0.02271	0.05168	0.01302	0.18676	0.19274	0.05688	0.02238	0.02250	0.01696	0.00904	0.00768	0.00214	0.00772	0.00713	0.00709	0.29325
16	0.01478	0.00739	0.01109	0.01109	0.01109	0.00739	0.00739	0.01109	0.01109	0.01478	0.01478	0.02587	0.01478	0.02956	0.03326	0.75240	0.00739	0.00739	0.00370	0.00370
17	0.02997	0.03092	0.02646	0.02737	0.15610	0.34064	0.01822	0.18056	0.02715	0.05878	0.01650	0.01843	0.01283	0.00897	0.00808	0.00237	0.01238	0.00661	0.00567	0.01199
18	0.01863	0.21412	0.46382	0.02164	0.03216	0.02371	0.02637	0.02622	0.01752	0.02480	0.01416	0.01688	0.01084	0.00825	0.00849	0.00252	0.04838	0.00590	0.00361	0.01197
19	0.02173	0.01856	0.01956	0.01743	0.02234	0.02143	0.01361	0.07425	0.60251	0.03651	0.03392	0.03118	0.02540	0.01148	0.00865	0.00287	0.00687	0.00952	0.00865	0.01352
20	0.01251	0.00951	0.01295	0.01192	0.01312	0.00913	0.06062	0.01362	0.01448	0.01898	0.03617	0.13930	0.11112	0.46398	0.03185	0.00646	0.00786	0.01442	0.00579	0.00621
21	0.02037	0.02292	0.04443	0.03504	0.10006	0.06417	0.48114	0.02665	0.02006	0.02654	0.01866	0.06374	0.01551	0.00852	0.00978	0.00283	0.01342	0.01037	0.00452	0.01128
22	0.01090	0.00812	0.01091	0.01252	0.01298	0.00814	0.00858	0.01240	0.01608	0.02164	0.04462	0.65210	0.05340	0.02591	0.01195	0.00347	0.04844	0.02312	0.00763	0.00707
23	0.01194	0.00869	0.01124	0.01060	0.01265	0.00799	0.00795	0.01587	0.02385	0.03357	0.61531	0.06449	0.10869	0.01761	0.01004	0.00269	0.00403	0.01552	0.00929	0.00799
24	0.01646	0.01533	0.02589	0.55551	0.05226	0.01876	0.05873	0.02188	0.01702	0.02268	0.01587	0.02307	0.01214	0.00891	0.00960	0.00283	0.05166	0.00773	0.05419	0.00947
25	0.01665	0.01571	0.02656	0.60805	0.12653	0.01906	0.02392	0.02225	0.01729	0.02244	0.01523	0.02250	0.01159	0.00840	0.00850	0.00280	0.01120	0.00757	0.00383	0.00992
26	0.01566	0.00800	0.00825	0.00825	0.01020	0.00808	0.00620	0.01958	0.01762	0.03107	0.02749	0.03182	0.02178	0.01286	0.04203	0.00262	0.00499	0.00800	0.70759	0.00791
27	0.01341	0.00958	0.01337	0.01533	0.01716	0.00954	0.01319	0.01711	0.01929	0.02513	0.04522	0.14982	0.04963	0.02379	0.01167	0.00388	0.00758	0.53969	0.00784	0.00775
28	0.10850	0.28453	0.29603	0.01829	0.02750	0.02421	0.02085	0.02748	0.01788	0.08198	0.01523	0.01686	0.01157	0.00798	0.00682	0.00236	0.01010	0.00565	0.00443	0.01174
29	0.02147	0.01993	0.03264	0.12542	0.52063	0.02062	0.02492	0.07888	0.02094	0.02939	0.01630	0.02120	0.01331	0.00793	0.00844	0.00257	0.01019	0.00759	0.00455	0.01308
30	0.02937	0.02108	0.02371	0.06304	0.02718	0.02272	0.01552	0.41938	0.08544	0.10129	0.02194	0.02204	0.01565	0.00986	0.00831	0.00248	0.00878	0.00765	0.00805	0.08651
31	0.01903	0.01658	0.02465	0.47588	0.10764	0.05473	0.02129	0.02399	0.01847	0.07913	0.02162	0.02672	0.05569	0.00951	0.00856	0.00275	0.01060	0.00825	0.00475	0.01017

[dist]
# distance from previous block
# <min> <max>
5	15

[block]
# block no. 1 follows, 21 sequences, length 39
# corresponding to MSA columns:
# 82-120
name=unknown_B
#
# <colnr> <probs for GDERKNQSTAVLIFYWHMCP>
#	G	D	E	R	K	N	Q	S	T	A	V	L	I	F	Y	W	H	M	C	P
0	0.01787	0.03505	0.43675	0.02885	0.14906	0.01895	0.06285	0.02605	0.01854	0.02742	0.03653	0.02034	0.01387	0.00812	0.00820	0.00257	0.01148	0.00697	0.00405	0.06649
1	0.01664	0.01432	0.01844	0.01377	0.02025	0.01130	0.04847	0.02058	0.01874	0.02845	0.11369	0.05259	0.02486	0.00890	0.00730	0.00167	0.00641	0.00774	0.00578	0.56009
2	0.01271	0.00816	0.01066	0.01177	0.01306	0.00746	0.00816	0.01454	0.01766	0.07419	0.08269	0.55205	0.10595	0.02438	0.01056	0.00329	0.00502	0.02188	0.00820	0.00762
3	0.04202	0.01182	0.04882	0.01251	0.01558	0.00995	0.01037	0.04146	0.02108	0.06076	0.22657	0.17679	0.17652	0.01919	0.00999	0.00301	0.00571	0.09120	0.00814	0.00853
4	0.05077	0.06228	0.02622	0.43706	0.07758	0.07305	0.02080	0.06807	0.01974	0.06236	0.01615	0.02128	0.01211	0.00862	0.00811	0.00266	0.01088	0.00715	0.00465	0.01044
5	0.02390	0.01534	0.01632	0.01357	0.01790	0.01647	0.01086	0.26752	0.06367	0.06817	0.02543	0.02699	0.01902	0.01016	0.00727	0.00230	0.00648	0.00795	0.36946	0.01122
6	0.01104	0.00837	0.01229	0.01335	0.01435	0.00784	0.04229	0.01294	0.01663	0.02218	0.04517	0.63427	0.05357	0.02545	0.01085	0.00344	0.00558	0.04550	0.00770	0.00720
7	0.01963	0.03507	0.42146	0.02729	0.06675	0.01970	0.15956	0.02871	0.04153	0.07306	0.01779	0.02054	0.01269	0.00816	0.00859	0.00273	0.01225	0.00748	0.00447	0.01255
8	0.04449	0.01625	0.02668	0.45140	0.21577	0.01870	0.02294	0.02259	0.01768	0.02406	0.01872	0.02481	0.04278	0.00887	0.00844	0.00275	0.01049	0.00797	0.00416	0.01043
9	0.01034	0.00752	0.00976	0.01154	0.01226	0.00694	0.00776	0.01188	0.01659	0.02184	0.05064	0.63704	0.11220	0.02618	0.01079	0.00340	0.00488	0.02360	0.00790	0.00694
10	0.02155	0.02326	0.03912	0.02940	0.03560	0.09107	0.36972	0.07450	0.02063	0.02716	0.01655	0.02205	0.01318	0.01288	0.06023	0.00369	0.11498	0.00890	0.00459	0.01094
11	0.07875	0.07061	0.48193	0.02686	0.12506	0.02046	0.02801	0.02660	0.01786	0.02766	0.01493	0.01788	0.01106	0.00796	0.00778	0.00262	0.01155	0.00626	0.00382	0.01236
12	0.02557	0.01946	0.15242	0.01596	0.02244	0.01338	0.01535	0.05901	0.02369	0.30556	0.21223	0.03661	0.03636	0.01206	0.00890	0.00266	0.00751	0.01009	0.00861	0.01214
13	0.01278	0.00933	0.01240	0.01274	0.01392	0.00914	0.02991	0.04786	0.01730	0.02312	0.05907	0.40627	0.04621	0.19480	0.01893	0.00460	0.00654	0.06074	0.00716	0.00717
14	0.02653	0.05853	0.02728	0.02689	0.13624	0.35963	0.04108	0.05330	0.05241	0.02430	0.01620	0.04334	0.01408	0.00987	0.00989	0.00250	0.07519	0.00717	0.00476	0.01081
15	0.01850	0.01262	0.06037	0.01273	0.01657	0.00993	0.01078	0.02277	0.02371	0.17784	0.45562	0.05219	0.06144	0.01512	0.00955	0.00267	0.00539	0.01314	0.00922	0.00986
16	0.02577	0.01836	0.02015	0.01599	0.02179	0.01911	0.01290	0.31753	0.09026	0.07656	0.02390	0.05600	0.01866	0.01045	0.00792	0.00234	0.00753	0.00829	0.10423	0.14225
17	0.03125	0.02412	0.02487	0.01948	0.02598	0.05720	0.01593	0.53573	0.09609	0.05030	0.02144	0.02127	0.01540	0.01027	0.00849	0.00257	0.00940	0.00774	0.00833	0.01415
18	0.01305	0.00979	0.01185	0.01214	0.01421	0.00951	0.00920	0.04667	0.05026	0.02725	0.17708	0.22006	0.17554	0.06461	0.01253	0.00349	0.00566	0.12104	0.00809	0.00797
19	0.03169	0.03033	0.02422	0.02023	0.02584	0.30590	0.01593	0.29662	0.07012	0.06887	0.01883	0.01936	0.01401	0.00968	0.00816	0.00242	0.01171	0.00688	0.00682	0.01239
20	0.02905	0.06049	0.02116	0.01698	0.04463	0.04160	0.01318	0.03838	0.19899	0.33137	0.08587	0.03108	0.02648	0.01106	0.00848	0.00264	0.00735	0.00907	0.00897	0.01317
21	0.01431	0.01089	0.01379	0.01470	0.01721	0.01112	0.01237	0.02117	0.11547	0.02747	0.09714	0.08168	0.11743	0.02092	0.01093	0.00353	0.00694	0.38616	0.00810	0.00865
22	0.01600	0.01279	0.01957	0.15920	0.15699	0.01314	0.01575	0.02027	0.02046	0.05820	0.22073	0.08044	0.08578	0.01452	0.00952	0.00285	0.00743	0.06987	0.00684	0.00965
23	0.02766	0.02060	0.02208	0.01781	0.02350	0.02285	0.01440	0.42715	0.15239	0.04663	0.02527	0.06211	0.01967	0.01139	0.00848	0.00263	0.00819	0.00901	0.06483	0.01335
24	0.01648	0.01554	0.02626	0.62911	0.10678	0.01901	0.02384	0.02210	0.01721	0.02224	0.01520	0.02256	0.01152	0.00843	0.00850	0.00281	0.01124	0.00756	0.00382	0.00978
25	0.01037	0.00741	0.00987	0.01185	0.01234	0.00691	0.00790	0.01185	0.01629	0.02172	0.04690	0.69537	0.05629	0.02666	0.01086	0.00346	0.00494	0.02419	0.00790	0.00691
26	0.01707	0.04402	0.65683	0.02426	0.03683	0.01976	0.03144	0.02695	0.01797	0.02695	0.01527	0.01797	0.01078	0.00809	0.00809	0.00270	0.01258	0.00629	0.00359	0.01258
27	0.01396	0.01111	0.01351	0.04077	0.01784	0.01137	0.01134	0.02125	0.13831	0.02717	0.10490	0.10961	0.20116	0.01972	0.01038	0.00327	0.00634	0.22121	0.00798	0.00879
28	0.01191	0.00903	0.00953	0.00936	0.01241	0.00763	0.00719	0.01422	0.01970	0.06054	0.08104	0.07946	0.57776	0.02100	0.01005	0.00291	0.00466	0.04590	0.00806	0.00765
29	0.03818	0.01448	0.01975	0.01514	0.02172	0.01251	0.01251	0.04147	0.02436	0.65373	0.03357	0.02897	0.02107	0.01053	0.00856	0.00263	0.00724	0.00856	0.01053	0.01448
30	0.02006	0.01921	0.03322	0.09995	0.51794	0.01943	0.06007	0.02521	0.01924	0.02710	0.01812	0.02677	0.01586	0.00879	0.00877	0.00267	0.01030	0.05021	0.00445	0.01262
31	0.01934	0.02361	0.09578	0.09875	0.04386	0.02141	0.47127	0.02625	0.01915	0.02625	0.01646	0.02224	0.01247	0.00788	0.01087	0.00291	0.05679	0.00932	0.00416	0.01123
32	0.01840	0.01918	0.03775	0.27404	0.12089	0.01996	0.30291	0.02460	0.01861	0.02499	0.01653	0.02306	0.01275	0.01004	0.03624	0.00326	0.01308	0.00880	0.00411	0.01081
33	0.73238	0.01641	0.01301	0.03693	0.01808	0.01908	0.00977	0.02489	0.01458	0.03755	0.01198	0.01417	0.00930	0.00792	0.00539	0.00264	0.00677	0.00472	0.00521	0.00923
34	0.01219	0.00878	0.01192	0.01378	0.01520	0.00851	0.01101	0.01504	0.01825	0.02384	0.04785	0.33641	0.08155	0.02468	0.01131	0.00368	0.00649	0.33422	0.00787	0.00743
35	0.71934	0.01688	0.01325	0.01167	0.01703	0.01951	0.00961	0.05903	0.01594	0.03907	0.01234	0.01420	0.00952	0.00803	0.00545	0.00263	0.00674	0.00478	0.00545	0.00952
36	0.02212	0.01585	0.01721	0.01431	0.01763	0.01710	0.01053	0.30855	0.02586	0.03462	0.02370	0.03849	0.02291	0.36395	0.02634	0.00547	0.00879	0.01008	0.00679	0.00970
37	0.01862	0.01862	0.02607	0.02234	0.02234	0.02607	0.01862	0.02048	0.01303	0.02048	0.01117	0.01862	0.01117	0.01489	0.02793	0.00372	0.68535	0.00745	0.00372	0.00931
38	0.01141	0.00837	0.01061	0.04812	0.01402	0.00812	0.00786	0.01307	0.01647	0.02181	0.11185	0.33396	0.11739	0.21457	0.01972	0.00462	0.00606	0.01820	0.00706	0.00672

[dist]
# distance from previous block
# <min> <max>
0	2

[block]
# block no. 2 follows, 21 sequences, length 17
# corresponding to MSA columns:
# 123-139
name=unknown_C
#
# <colnr> <probs for GDERKNQSTAVLIFYWHMCP>
#	G	D	E	R	K	N	Q	S	T	A	V	L	I	F	Y	W	H	M	C	P
0	0.02543	0.01820	0.02001	0.01717	0.02252	0.02018	0.01359	0.10663	0.45936	0.14840	0.03291	0.03003	0.02385	0.01122	0.00863	0.00281	0.00711	0.00922	0.00898	0.01376
1	0.09991	0.09970	0.53121	0.02195	0.03325	0.02092	0.02749	0.02661	0.01752	0.02758	0.01459	0.01713	0.01062	0.00799	0.00754	0.00261	0.01161	0.00595	0.00378	0.01206
2	0.06442	0.11497	0.02329	0.01608	0.02196	0.02062	0.01333	0.12765	0.22417	0.21326	0.05276	0.02706	0.02206	0.01051	0.00804	0.00259	0.00750	0.00828	0.00832	0.01312
3	0.02158	0.01916	0.08867	0.01679	0.02226	0.01786	0.01450	0.03825	0.39093	0.11636	0.12532	0.03472	0.03194	0.01192	0.00879	0.00280	0.00703	0.00999	0.00846	0.01267
4	0.01586	0.00793	0.00793	0.00793	0.00991	0.00793	0.00595	0.01983	0.01785	0.03173	0.02776	0.03173	0.02181	0.00991	0.00595	0.00198	0.00397	0.00793	0.74817	0.00793
5	0.01218	0.00902	0.01319	0.01319	0.01454	0.01037	0.01003	0.01488	0.01353	0.01940	0.02324	0.03590	0.02234	0.13433	0.59815	0.01308	0.02119	0.00948	0.00463	0.00733
6	0.01033	0.00754	0.00974	0.01150	0.01225	0.00694	0.00774	0.01189	0.01663	0.02186	0.05115	0.62905	0.11986	0.02611	0.01078	0.00339	0.00487	0.02352	0.00790	0.00694
7	0.02193	0.01866	0.01968	0.01747	0.02242	0.02153	0.01366	0.08465	0.59178	0.03684	0.03366	0.03097	0.02519	0.01145	0.00865	0.00286	0.00692	0.00949	0.00865	0.01354
8	0.03666	0.01693	0.02126	0.01630	0.02295	0.01614	0.01347	0.19271	0.02845	0.49671	0.03013	0.02673	0.01934	0.01045	0.00855	0.00261	0.00780	0.00832	0.01000	0.01448
9	0.02275	0.70604	0.04459	0.01456	0.02184	0.03367	0.01456	0.02548	0.01729	0.02002	0.01183	0.01365	0.01092	0.00728	0.00546	0.00182	0.00910	0.00455	0.00364	0.01092
10	0.01130	0.00820	0.01071	0.01238	0.01349	0.00775	0.00914	0.01342	0.01731	0.02260	0.04977	0.44435	0.11683	0.05544	0.01246	0.00373	0.00577	0.17049	0.00776	0.00710
11	0.01238	0.00825	0.00928	0.00928	0.00928	0.00825	0.00516	0.01238	0.01238	0.01650	0.02681	0.05569	0.03094	0.70092	0.04331	0.00825	0.00825	0.01238	0.00516	0.00516
12	0.01216	0.00912	0.01368	0.01368	0.01520	0.01064	0.01064	0.01520	0.01368	0.01976	0.02279	0.03343	0.02127	0.06382	0.66720	0.01368	0.02279	0.00912	0.00456	0.00760
13	0.01096	0.00798	0.01032	0.01116	0.01241	0.00735	0.00783	0.01343	0.01942	0.02639	0.26955	0.41102	0.11500	0.02282	0.01049	0.00312	0.00454	0.02043	0.00844	0.00735
14	0.01707	0.04402	0.65683	0.02426	0.03683	0.01976	0.03144	0.02695	0.01797	0.02695	0.01527	0.01797	0.01078	0.00809	0.00809	0.00270	0.01258	0.00629	0.00359	0.01258
15	0.01409	0.00915	0.01203	0.01105	0.01342	0.00838	0.00838	0.01805	0.02411	0.08261	0.59563	0.06086	0.07566	0.01686	0.00992	0.00267	0.00427	0.01486	0.00946	0.00853
16	0.01287	0.00821	0.01094	0.01189	0.01315	0.00756	0.00829	0.01498	0.01842	0.07356	0.16043	0.52186	0.05814	0.02362	0.01052	0.00324	0.00494	0.02128	0.00839	0.00772

[dist]
# distance from previous block
# <min> <max>
0	1

[block]
# block no. 3 follows, 21 sequences, length 77
# corresponding to MSA columns:
# 141-217
name=unknown_D
#
# <colnr> <probs for GDERKNQSTAVLIFYWHMCP>
#	G	D	E	R	K	N	Q	S	T	A	V	L	I	F	Y	W	H	M	C	P
0	0.01230	0.01277	0.07624	0.01690	0.04767	0.00995	0.05990	0.01521	0.01691	0.02296	0.04001	0.54429	0.04640	0.02241	0.01041	0.00329	0.00667	0.02055	0.00702	0.00814
1	0.02020	0.01577	0.01834	0.01353	0.02064	0.01297	0.01084	0.09210	0.02058	0.06582	0.01820	0.04875	0.01524	0.00790	0.00689	0.00159	0.00665	0.00640	0.00589	0.59169
2	0.25066	0.04862	0.05452	0.01249	0.01713	0.01614	0.01092	0.07917	0.01916	0.08436	0.02043	0.02268	0.01555	0.00932	0.00716	0.00239	0.03310	0.00664	0.27961	0.00994
3	0.67431	0.05618	0.05413	0.01219	0.01801	0.01994	0.01089	0.02516	0.01485	0.03649	0.01206	0.01407	0.00941	0.00788	0.00545	0.00259	0.00709	0.00471	0.00507	0.00952
4	0.48539	0.02533	0.22205	0.04632	0.02501	0.01930	0.01709	0.02549	0.01573	0.03378	0.01311	0.01558	0.00982	0.00799	0.00633	0.00266	0.00875	0.00529	0.00466	0.01032
5	0.01204	0.00870	0.01138	0.01071	0.01271	0.00803	0.00803	0.01606	0.02409	0.03413	0.64335	0.06357	0.08030	0.01740	0.01004	0.00268	0.00401	0.01539	0.00937	0.00803
6	0.02035	0.07452	0.32990	0.02838	0.07172	0.02066	0.22406	0.02808	0.01922	0.07697	0.01722	0.02042	0.01248	0.00790	0.00863	0.00268	0.01238	0.00769	0.00443	0.01231
7	0.01972	0.30917	0.35345	0.02287	0.08594	0.02542	0.02415	0.02628	0.01782	0.02423	0.01395	0.01650	0.01108	0.00771	0.00706	0.00233	0.01095	0.00570	0.00367	0.01199
8	0.01204	0.00870	0.01138	0.01071	0.01271	0.00803	0.00803	0.01606	0.02409	0.03413	0.64335	0.06357	0.08030	0.01740	0.01004	0.00268	0.00401	0.01539	0.00937	0.00803
9	0.02062	0.01964	0.03278	0.10667	0.55576	0.02016	0.02511	0.02691	0.05736	0.02774	0.01709	0.02187	0.01407	0.00791	0.00845	0.00258	0.01001	0.00771	0.00445	0.01312
10	0.01180	0.00851	0.01116	0.01087	0.01266	0.00787	0.00801	0.01545	0.02296	0.03232	0.55671	0.15534	0.07681	0.01874	0.01016	0.00279	0.00415	0.01667	0.00915	0.00787
11	0.03724	0.01427	0.01945	0.01498	0.02140	0.01235	0.01235	0.04056	0.02435	0.63143	0.05552	0.03021	0.02320	0.01078	0.00861	0.00263	0.00713	0.00880	0.01049	0.01425
12	0.01657	0.01540	0.02373	0.01855	0.02371	0.01430	0.13831	0.02028	0.01726	0.02530	0.02255	0.17844	0.02277	0.01236	0.01090	0.00243	0.09351	0.01091	0.00539	0.32733
13	0.01882	0.01922	0.02940	0.02421	0.02539	0.02544	0.10113	0.02142	0.01401	0.02142	0.01200	0.01922	0.01141	0.01383	0.02546	0.00361	0.59281	0.00781	0.00380	0.00961
14	0.71526	0.01669	0.01387	0.01373	0.05551	0.01916	0.01026	0.02508	0.01479	0.03754	0.01211	0.01427	0.00948	0.00788	0.00546	0.00263	0.00680	0.00479	0.00520	0.00948
15	0.12761	0.03558	0.46694	0.06099	0.03380	0.01896	0.02601	0.02767	0.01798	0.08513	0.01642	0.01864	0.01152	0.00831	0.00774	0.00269	0.01114	0.00633	0.00448	0.01207
16	0.06809	0.01569	0.01919	0.01539	0.02082	0.01551	0.01249	0.09930	0.06054	0.30074	0.02940	0.06719	0.04737	0.01168	0.01005	0.00261	0.06951	0.00906	0.00822	0.11716
17	0.01738	0.01485	0.01737	0.01258	0.01989	0.01118	0.01001	0.02108	0.01760	0.02751	0.01627	0.04205	0.01418	0.00704	0.00647	0.00134	0.00625	0.00573	0.00514	0.72609
18	0.01822	0.01577	0.10049	0.01461	0.01905	0.01223	0.01315	0.06025	0.05782	0.11929	0.31406	0.08156	0.05136	0.01546	0.00960	0.00284	0.00652	0.06912	0.00844	0.01017
19	0.02471	0.01925	0.02170	0.05759	0.02528	0.01934	0.01387	0.32951	0.02925	0.04046	0.02188	0.02302	0.04915	0.00932	0.00779	0.00212	0.00808	0.00728	0.00692	0.28349
20	0.03127	0.02477	0.02429	0.01913	0.02536	0.09878	0.01557	0.51514	0.03682	0.04851	0.02005	0.02055	0.01452	0.01003	0.00826	0.00248	0.00972	0.00743	0.05379	0.01354
21	0.02151	0.06699	0.38978	0.05205	0.09285	0.01918	0.02532	0.04844	0.01975	0.12454	0.01817	0.02002	0.01288	0.00838	0.00801	0.00256	0.01089	0.00672	0.00497	0.04699
22	0.02497	0.01842	0.02023	0.01665	0.02194	0.01968	0.01345	0.34071	0.10175	0.06207	0.03207	0.06748	0.08215	0.03862	0.01021	0.00292	0.00795	0.05651	0.00814	0.05409
23	0.01072	0.00756	0.00977	0.01140	0.01180	0.00715	0.00741	0.01194	0.01560	0.02080	0.04335	0.58216	0.05180	0.14599	0.01661	0.00430	0.00552	0.02210	0.00741	0.00660
24	0.01176	0.00821	0.01131	0.01217	0.01323	0.00778	0.03423	0.01382	0.01653	0.02333	0.04166	0.53180	0.04777	0.05313	0.01149	0.00341	0.00534	0.02046	0.12538	0.00720
25	0.02145	0.02591	0.07599	0.03239	0.07137	0.11363	0.39002	0.02726	0.01959	0.02548	0.01569	0.02094	0.01232	0.00847	0.01182	0.00286	0.10077	0.00872	0.00420	0.01114
26	0.01141	0.00848	0.01087	0.01219	0.01336	0.00796	0.00834	0.01426	0.04982	0.02285	0.04426	0.61712	0.05192	0.02457	0.01046	0.00329	0.00512	0.02221	0.00776	0.05375
27	0.01037	0.00741	0.00987	0.01185	0.01234	0.00691	0.00790	0.01185	0.01629	0.02172	0.04690	0.69537	0.05629	0.02666	0.01086	0.00346	0.00494	0.02419	0.00790	0.00691
28	0.01624	0.01530	0.02583	0.65931	0.07846	0.01895	0.02372	0.02189	0.01710	0.02195	0.01516	0.02263	0.01142	0.00848	0.00851	0.00283	0.01130	0.00756	0.00380	0.00959
29	0.02115	0.01602	0.01992	0.05687	0.02319	0.01714	0.04211	0.27494	0.02690	0.03587	0.03084	0.22179	0.03120	0.05523	0.01162	0.00333	0.00822	0.08554	0.00758	0.01055
30	0.02223	0.05672	0.03454	0.04659	0.52962	0.08819	0.04635	0.02695	0.01979	0.02667	0.01555	0.02017	0.01307	0.00768	0.00826	0.00247	0.01076	0.00730	0.00421	0.01290
31	0.02439	0.16011	0.03427	0.03247	0.24603	0.21840	0.07405	0.02813	0.02008	0.02369	0.01415	0.01792	0.01203	0.00828	0.00894	0.00239	0.05249	0.00657	0.00413	0.01146
32	0.01236	0.00830	0.00952	0.00952	0.00961	0.00838	0.00546	0.01253	0.01245	0.01668	0.02659	0.05446	0.03041	0.66580	0.07771	0.00855	0.00905	0.01220	0.00512	0.00529
33	0.02695	0.02687	0.24753	0.02414	0.11565	0.01799	0.02154	0.09473	0.05008	0.25401	0.02331	0.02320	0.01589	0.00926	0.00837	0.00264	0.00973	0.00757	0.00690	0.01362
34	0.06306	0.26267	0.32853	0.02065	0.05610	0.02380	0.02253	0.02762	0.01818	0.08186	0.01560	0.01740	0.01179	0.00800	0.00710	0.00238	0.01047	0.00587	0.00436	0.01204
35	0.01238	0.00825	0.00928	0.00928	0.00928	0.00825	0.00516	0.01238	0.01238	0.01650	0.02681	0.05569	0.03094	0.70092	0.04331	0.00825	0.00825	0.01238	0.00516	0.00516
36	0.09108	0.02283	0.02424	0.01871	0.02539	0.02519	0.01545	0.54605	0.03727	0.07908	0.02033	0.02028	0.01434	0.01004	0.00825	0.00256	0.00905	0.00746	0.00834	0.01405
37	0.01846	0.01384	0.05017	0.05848	0.13572	0.01228	0.01495	0.02248	0.02057	0.13094	0.17178	0.15869	0.04221	0.01596	0.00970	0.00296	0.00722	0.09587	0.00753	0.01019
38	0.01909	0.01997	0.07992	0.26080	0.33939	0.01941	0.02463	0.04756	0.01928	0.02656	0.01740	0.02541	0.01450	0.00891	0.00861	0.00272	0.01058	0.03912	0.00438	0.01177
39	0.01052	0.00751	0.01005	0.01202	0.01258	0.00704	0.00816	0.01211	0.01644	0.02189	0.04682	0.66822	0.05595	0.02652	0.01090	0.00348	0.00507	0.04984	0.00790	0.00695
40	0.16497	0.11526	0.15998	0.04679	0.11964	0.01966	0.04007	0.02850	0.01867	0.14756	0.01841	0.02016	0.01349	0.00840	0.00732	0.00251	0.00918	0.00662	0.04099	0.01183
41	0.24359	0.27434	0.11274	0.05547	0.02343	0.02328	0.01494	0.02542	0.01685	0.05252	0.01483	0.01712	0.01182	0.00802	0.00611	0.00229	0.00841	0.00546	0.07295	0.01041
42	0.01037	0.00741	0.00987	0.01185	0.01234	0.00691	0.00790	0.01185	0.01629	0.02172	0.04690	0.69537	0.05629	0.02666	0.01086	0.00346	0.00494	0.02419	0.00790	0.00691
43	0.02200	0.01439	0.01578	0.01360	0.01644	0.04942	0.01005	0.11824	0.02038	0.14355	0.02738	0.03929	0.04534	0.29399	0.04633	0.00530	0.05063	0.01005	0.04859	0.00924
44	0.03045	0.01991	0.02232	0.01768	0.02380	0.02133	0.01441	0.35619	0.13930	0.18064	0.06326	0.02687	0.02189	0.01095	0.00864	0.00264	0.00812	0.00867	0.00903	0.01391
45	0.01582	0.01581	0.03118	0.05727	0.03074	0.01510	0.31917	0.02026	0.01787	0.02402	0.02813	0.25384	0.02934	0.08411	0.01361	0.00361	0.01039	0.01494	0.00558	0.00919
46	0.01217	0.00905	0.01332	0.01332	0.01472	0.01045	0.01020	0.01497	0.01357	0.01949	0.02312	0.03522	0.02205	0.11495	0.61713	0.01324	0.02163	0.00938	0.00461	0.00740
47	0.02992	0.18002	0.02852	0.02023	0.02537	0.49462	0.01603	0.06740	0.02363	0.02263	0.01331	0.01529	0.01116	0.00854	0.00726	0.00214	0.01367	0.00542	0.00448	0.01037
48	0.01131	0.00945	0.00997	0.00982	0.01272	0.00850	0.00748	0.01549	0.06911	0.02530	0.14040	0.07646	0.51066	0.02038	0.01001	0.00289	0.00461	0.03952	0.00812	0.00781
49	0.01889	0.01603	0.01879	0.01375	0.02080	0.01344	0.01109	0.06936	0.01916	0.02937	0.01531	0.01793	0.01267	0.00713	0.00778	0.00151	0.04739	0.00540	0.00524	0.64896
50	0.71632	0.01634	0.01296	0.01144	0.01678	0.01868	0.00942	0.02603	0.01509	0.07626	0.01319	0.01476	0.00995	0.00806	0.00547	0.00263	0.00662	0.00485	0.00559	0.00954
51	0.02330	0.66602	0.04336	0.01500	0.02211	0.07175	0.01467	0.02599	0.01770	0.02007	0.01191	0.01375	0.01092	0.00737	0.00559	0.00184	0.00948	0.00461	0.00369	0.01086
52	0.06398	0.03448	0.02321	0.02035	0.02523	0.47125	0.01562	0.15805	0.02688	0.02874	0.01786	0.01929	0.03947	0.00960	0.00785	0.00232	0.01318	0.00646	0.00546	0.01071
53	0.01915	0.26549	0.42485	0.02218	0.05756	0.02446	0.02554	0.02642	0.01780	0.02466	0.01415	0.01665	0.01094	0.00779	0.00722	0.00239	0.01130	0.00576	0.00364	0.01206
54	0.01688	0.01327	0.01624	0.01500	0.01856	0.01385	0.03788	0.02812	0.25469	0.05996	0.13108	0.12058	0.13230	0.01674	0.00975	0.00303	0.00630	0.08708	0.00836	0.01031
55	0.02170	0.02162	0.03330	0.07825	0.57128	0.07204	0.02523	0.02655	0.01965	0.02697	0.01574	0.02068	0.01318	0.00772	0.00837	0.00251	0.01059	0.00741	0.00421	0.01301
56	0.01293	0.00963	0.01150	0.01195	0.01386	0.00926	0.00880	0.06889	0.01988	0.02585	0.08981	0.33078	0.19992	0.06493	0.01252	0.00353	0.00567	0.08467	0.00787	0.00774
57	0.02106	0.02022	0.03454	0.05223	0.64784	0.02022	0.02612	0.02612	0.01938	0.02780	0.01601	0.02106	0.01348	0.00758	0.00842	0.00253	0.01011	0.00758	0.00421	0.01348
58	0.01127	0.00816	0.01073	0.01179	0.01306	0.00762	0.00857	0.01386	0.01924	0.02603	0.23039	0.39587	0.09512	0.02317	0.01068	0.00324	0.00498	0.09050	0.00834	0.00738
59	0.01172	0.00814	0.01061	0.01137	0.01205	0.00836	0.00770	0.01328	0.01448	0.02009	0.03345	0.29247	0.03759	0.24111	0.19534	0.00757	0.01066	0.01580	0.04159	0.00661
60	0.02630	0.02223	0.08524	0.02311	0.11429	0.05534	0.01736	0.11187	0.24871	0.16393	0.02685	0.02594	0.01938	0.01010	0.00848	0.00268	0.00871	0.00830	0.00766	0.01352
61	0.03361	0.02052	0.02333	0.01803	0.02465	0.02163	0.01485	0.40173	0.06764	0.24583	0.02545	0.02380	0.01723	0.01039	0.00854	0.00260	0.00854	0.00806	0.00917	0.01442
62	0.01049	0.00746	0.00984	0.01169	0.01215	0.00700	0.00773	0.01188	0.01605	0.02140	0.04565	0.65552	0.05471	0.06867	0.01288	0.00375	0.00514	0.02346	0.00773	0.00680
63	0.01973	0.02203	0.04695	0.10143	0.07606	0.02119	0.52780	0.02665	0.01974	0.02673	0.01695	0.02283	0.01278	0.00733	0.00981	0.00285	0.01383	0.00967	0.00425	0.01137
64	0.01715	0.01223	0.01550	0.01394	0.01517	0.01454	0.01064	0.04825	0.01582	0.05127	0.02177	0.03352	0.02047	0.19724	0.08643	0.03101	0.20118	0.00906	0.17679	0.00804
65	0.01081	0.00773	0.01035	0.01211	0.01286	0.00727	0.00844	0.01272	0.01722	0.02306	0.09460	0.58965	0.05754	0.02563	0.01088	0.00344	0.00513	0.07548	0.00801	0.00709
66	0.16152	0.02228	0.20454	0.09650	0.02836	0.01596	0.06494	0.02226	0.01632	0.04763	0.04935	0.02277	0.01575	0.01353	0.01362	0.17404	0.00957	0.00723	0.00457	0.00926
67	0.02080	0.01985	0.03335	0.08472	0.58697	0.02019	0.02540	0.02676	0.04755	0.02783	0.01682	0.02164	0.01394	0.00782	0.00844	0.00256	0.01002	0.00768	0.00439	0.01326
68	0.02275	0.70604	0.04459	0.01456	0.02184	0.03367	0.01456	0.02548	0.01729	0.02002	0.01183	0.01365	0.01092	0.00728	0.00546	0.00182	0.00910	0.00455	0.00364	0.01092
69	0.01058	0.00755	0.01011	0.01209	0.01267	0.00709	0.00826	0.01221	0.01650	0.02196	0.04679	0.65803	0.05583	0.02646	0.01092	0.00348	0.00512	0.05948	0.00790	0.00697
70	0.01608	0.02007	0.12232	0.04832	0.03186	0.01588	0.28525	0.02154	0.01846	0.02532	0.05546	0.21131	0.02858	0.04525	0.01147	0.00324	0.01061	0.01368	0.00546	0.00985
71	0.02080	0.01927	0.03432	0.03868	0.32880	0.01932	0.17660	0.02671	0.04856	0.06606	0.02070	0.08102	0.01798	0.00995	0.01025	0.00279	0.05104	0.00982	0.00513	0.01220
72	0.01060	0.00866	0.00947	0.00995	0.01244	0.00752	0.00763	0.01294	0.01910	0.02321	0.07633	0.14784	0.49948	0.02236	0.01038	0.00308	0.00487	0.09900	0.00789	0.00725
73	0.03075	0.02259	0.02423	0.01875	0.02502	0.02494	0.01529	0.57075	0.03779	0.05065	0.02094	0.02326	0.01579	0.06564	0.01131	0.00301	0.00928	0.00804	0.00824	0.01372
74	0.06143	0.10165	0.06069	0.09052	0.02944	0.14955	0.08944	0.02482	0.01741	0.02278	0.01460	0.04816	0.01321	0.01105	0.01427	0.00289	0.22637	0.00759	0.00418	0.00993
75	0.01114	0.00976	0.04521	0.01246	0.01391	0.00798	0.00943	0.01326	0.01670	0.02214	0.04696	0.51567	0.09881	0.06551	0.01268	0.00370	0.00577	0.07420	0.00750	0.00722
76	0.01884	0.01677	0.02288	0.01642	0.02409	0.01369	0.09967	0.05604	0.01927	0.02912	0.01573	0.01858	0.01276	0.00665	0.00698	0.00157	0.00766	0.00593	0.00513	0.60223

[dist]
# distance from previous block
# <min> <max>
4	9

[block]
# block no. 4 follows, 21 sequences, length 37
# corresponding to MSA columns:
# 227-263
name=unknown_E
#
# <colnr> <probs for GDERKNQSTAVLIFYWHMCP>
#	G	D	E	R	K	N	Q	S	T	A	V	L	I	F	Y	W	H	M	C	P
0	0.02155	0.01582	0.02027	0.01599	0.02164	0.01496	0.05778	0.12826	0.08610	0.10386	0.12573	0.08222	0.02980	0.01148	0.00844	0.00233	0.00712	0.00995	0.00751	0.22919
1	0.01821	0.02088	0.09777	0.05603	0.07180	0.01969	0.22900	0.02440	0.05394	0.02500	0.01908	0.02839	0.01647	0.01487	0.05341	0.04301	0.13984	0.05320	0.00461	0.01042
2	0.03854	0.01204	0.01667	0.01660	0.05513	0.01176	0.04913	0.02199	0.08016	0.07702	0.20288	0.09400	0.13042	0.01719	0.00997	0.00303	0.00654	0.13948	0.00803	0.00941
3	0.06061	0.62779	0.04329	0.01572	0.02298	0.03216	0.05198	0.02557	0.01732	0.02141	0.01217	0.01424	0.01096	0.00731	0.00574	0.00193	0.00930	0.00490	0.00377	0.01087
4	0.01472	0.01256	0.01494	0.01664	0.05310	0.04585	0.01194	0.02003	0.09832	0.02474	0.04242	0.31179	0.08846	0.02089	0.01132	0.00334	0.04282	0.15009	0.00736	0.00867
5	0.01123	0.00913	0.01002	0.00986	0.01248	0.00820	0.00736	0.01509	0.05614	0.02648	0.22264	0.11269	0.42786	0.02023	0.01002	0.00286	0.00442	0.01721	0.00832	0.00775
6	0.02413	0.02858	0.01910	0.01843	0.02146	0.42629	0.01360	0.02618	0.02142	0.02133	0.02537	0.23554	0.02715	0.01515	0.00888	0.00267	0.01169	0.03854	0.00566	0.00883
7	0.02867	0.08671	0.02588	0.02261	0.06215	0.48070	0.01665	0.05665	0.02283	0.02253	0.01399	0.01698	0.01186	0.01211	0.04628	0.00294	0.04984	0.00594	0.00447	0.01020
8	0.61335	0.01736	0.01479	0.01261	0.01818	0.01969	0.01040	0.10885	0.01867	0.07968	0.01443	0.01571	0.01071	0.00839	0.00593	0.00262	0.00701	0.00529	0.00606	0.01028
9	0.01646	0.01497	0.02354	0.49335	0.08278	0.01783	0.02076	0.04202	0.05732	0.02410	0.02282	0.07784	0.04961	0.01079	0.00878	0.00286	0.01005	0.00953	0.00481	0.00979
10	0.01229	0.00968	0.01104	0.01072	0.01321	0.00915	0.00806	0.01729	0.08348	0.02788	0.27151	0.06906	0.29912	0.07127	0.01256	0.00328	0.00496	0.04915	0.00829	0.00801
11	0.76103	0.01646	0.01251	0.01119	0.01646	0.01909	0.00922	0.02502	0.01448	0.03818	0.01185	0.01382	0.00922	0.00790	0.00527	0.00263	0.00658	0.00461	0.00527	0.00922
12	0.01954	0.04841	0.01916	0.01859	0.07950	0.10596	0.01299	0.09359	0.02011	0.02678	0.02434	0.10869	0.02369	0.08507	0.09687	0.00460	0.05281	0.04078	0.10918	0.00934
13	0.01075	0.00791	0.00997	0.01098	0.01216	0.00725	0.00758	0.01282	0.01828	0.02434	0.17857	0.43660	0.15532	0.05135	0.01188	0.00339	0.00478	0.02084	0.00810	0.00712
14	0.01445	0.01186	0.01439	0.01334	0.01659	0.01175	0.03759	0.05824	0.12364	0.02883	0.13597	0.13277	0.27554	0.01868	0.00997	0.00299	0.00587	0.07038	0.00809	0.00905
15	0.04956	0.01642	0.04321	0.01521	0.02143	0.01458	0.01278	0.06108	0.13187	0.27488	0.06073	0.03063	0.02347	0.01057	0.00819	0.00244	0.00709	0.03468	0.00830	0.17288
16	0.43052	0.01966	0.09763	0.09630	0.02468	0.01867	0.01427	0.07769	0.01828	0.03558	0.05363	0.01989	0.01512	0.00888	0.00665	0.00264	0.00792	0.00627	0.03569	0.01002
17	0.06499	0.02042	0.03171	0.11971	0.42092	0.05379	0.06868	0.04491	0.01978	0.02798	0.01792	0.02254	0.03243	0.00826	0.00839	0.00259	0.01044	0.00781	0.00449	0.01224
18	0.02042	0.03696	0.45985	0.02357	0.03440	0.05257	0.08309	0.02857	0.01915	0.09366	0.01729	0.01946	0.01220	0.00819	0.00819	0.00259	0.01195	0.00677	0.00453	0.05657
19	0.29195	0.45460	0.03289	0.01333	0.01988	0.02836	0.01261	0.02531	0.01627	0.02664	0.01184	0.01371	0.01030	0.00751	0.00539	0.00212	0.00818	0.00457	0.00423	0.01030
20	0.01880	0.01488	0.01469	0.05264	0.01838	0.08478	0.01064	0.08754	0.07667	0.02948	0.02816	0.03297	0.05962	0.05802	0.10682	0.00434	0.00955	0.00883	0.27398	0.00920
21	0.01849	0.01562	0.01810	0.01300	0.02052	0.01220	0.01043	0.05555	0.01892	0.02921	0.01543	0.01781	0.01271	0.00653	0.00643	0.00133	0.00648	0.00519	0.00524	0.71081
22	0.01225	0.00885	0.01187	0.01338	0.01484	0.00842	0.01034	0.01481	0.01757	0.02337	0.04357	0.37850	0.04980	0.05508	0.01249	0.00376	0.00638	0.26150	0.00760	0.04564
23	0.02445	0.01875	0.02133	0.01972	0.06001	0.02075	0.01498	0.20587	0.31664	0.07438	0.03064	0.03546	0.02442	0.01232	0.00897	0.00288	0.00785	0.07910	0.00836	0.01314
24	0.01034	0.00845	0.00913	0.00936	0.01177	0.00724	0.00687	0.01261	0.01947	0.02410	0.14546	0.17315	0.48880	0.02184	0.01018	0.00294	0.00437	0.01861	0.00807	0.00724
25	0.01774	0.02395	0.16163	0.05754	0.03580	0.01971	0.29569	0.02392	0.01772	0.02497	0.01830	0.06443	0.01569	0.01507	0.07459	0.00401	0.10465	0.00962	0.00431	0.01066
26	0.01230	0.00857	0.01088	0.01088	0.01144	0.00912	0.00716	0.01340	0.01285	0.01769	0.02535	0.04757	0.02742	0.46862	0.27080	0.01023	0.01355	0.01119	0.00494	0.00605
27	0.01340	0.00982	0.01352	0.01316	0.01470	0.01111	0.00989	0.05058	0.01499	0.02113	0.02344	0.03704	0.02277	0.18592	0.50533	0.01195	0.01914	0.00967	0.00491	0.00753
28	0.01792	0.01437	0.05397	0.01292	0.01732	0.01245	0.01084	0.11464	0.05894	0.09897	0.09536	0.10201	0.32223	0.01722	0.00950	0.00282	0.00612	0.01436	0.00816	0.00988
29	0.02601	0.01961	0.02181	0.04388	0.02477	0.02048	0.01408	0.32222	0.11994	0.06238	0.02175	0.02224	0.01610	0.00939	0.00790	0.00228	0.00803	0.00735	0.03622	0.19358
30	0.01858	0.01585	0.01861	0.01359	0.02067	0.01310	0.01094	0.05700	0.01871	0.02885	0.01521	0.01787	0.01263	0.00704	0.00769	0.00148	0.04608	0.00534	0.00517	0.66560
31	0.02485	0.05862	0.02187	0.01772	0.02275	0.14710	0.01417	0.14776	0.20839	0.06155	0.02489	0.02864	0.02003	0.01537	0.06431	0.00350	0.01050	0.04493	0.00699	0.05606
32	0.02288	0.54387	0.07949	0.01576	0.02285	0.05972	0.01550	0.07079	0.01934	0.02317	0.01464	0.05077	0.01360	0.00866	0.00625	0.00204	0.00941	0.00599	0.00427	0.01104
33	0.23546	0.05618	0.06389	0.01294	0.01750	0.01481	0.01132	0.02344	0.05755	0.07890	0.11106	0.09745	0.08914	0.01361	0.00798	0.00275	0.00649	0.04486	0.04511	0.00954
34	0.01655	0.05278	0.01689	0.01712	0.07371	0.01272	0.01163	0.04674	0.08519	0.07377	0.03837	0.40425	0.04142	0.01998	0.00985	0.00314	0.00640	0.05245	0.00762	0.00943
35	0.02039	0.06316	0.05819	0.02932	0.24543	0.06708	0.01853	0.02682	0.09044	0.06381	0.02686	0.11596	0.02549	0.01306	0.00900	0.00284	0.00904	0.09716	0.00605	0.01139
36	0.11489	0.02525	0.16573	0.02105	0.06343	0.07952	0.05360	0.03247	0.12229	0.14431	0.02237	0.02454	0.01666	0.00948	0.00804	0.00262	0.00962	0.02623	0.00629	0.05160

[dist]
# distance from previous block
# <min> <max>
1	17

[block]
# block no. 5 follows, 21 sequences, length 7
# corresponding to MSA columns:
# 281-287
name=unknown_F
#
# <colnr> <probs for GDERKNQSTAVLIFYWHMCP>
#	G	D	E	R	K	N	Q	S	T	A	V	L	I	F	Y	W	H	M	C	P
0	0.08850	0.02075	0.04330	0.09541	0.02746	0.06910	0.01538	0.19062	0.11599	0.09404	0.02201	0.02491	0.01677	0.00990	0.00803	0.00252	0.00888	0.03139	0.00692	0.10812
1	0.08504	0.05742	0.01812	0.08954	0.02161	0.01324	0.05010	0.02207	0.01976	0.10709	0.18334	0.12162	0.03750	0.01339	0.00842	0.00264	0.00661	0.01160	0.12153	0.00936
2	0.26621	0.04948	0.01625	0.01469	0.05791	0.01623	0.01077	0.06836	0.07275	0.03405	0.16191	0.03869	0.13642	0.01272	0.00787	0.00265	0.00623	0.01007	0.00698	0.00975
3	0.02037	0.02265	0.03599	0.16389	0.04020	0.12024	0.29546	0.02560	0.01887	0.02388	0.01587	0.02196	0.01266	0.01235	0.05549	0.00358	0.08800	0.00848	0.00416	0.01031
4	0.07436	0.07522	0.05698	0.02024	0.11668	0.01580	0.01463	0.02989	0.06085	0.24215	0.12760	0.07574	0.03008	0.01177	0.00843	0.00263	0.00738	0.00992	0.00774	0.01193
5	0.03415	0.01359	0.01846	0.01446	0.02033	0.01182	0.01182	0.03755	0.02432	0.55819	0.12760	0.03430	0.03020	0.01159	0.00879	0.00264	0.00674	0.00961	0.01035	0.01349
6	0.01484	0.01352	0.02431	0.08354	0.02660	0.01329	0.20016	0.01854	0.01747	0.02346	0.07535	0.17023	0.03353	0.17958	0.01817	0.00434	0.00946	0.05945	0.00582	0.00833

[dist]
# distance from previous block
# <min> <max>
0	1

[block]
# block no. 6 follows, 21 sequences, length 19
# corresponding to MSA columns:
# 289-307
name=unknown_G
#
# <colnr> <probs for GDERKNQSTAVLIFYWHMCP>
#	G	D	E	R	K	N	Q	S	T	A	V	L	I	F	Y	W	H	M	C	P
0	0.01360	0.00897	0.01180	0.01108	0.01327	0.00823	0.00831	0.01737	0.02351	0.07309	0.55806	0.11007	0.07463	0.01767	0.01001	0.00273	0.00429	0.01563	0.00933	0.00836
1	0.02074	0.01647	0.01809	0.01643	0.02086	0.01850	0.01292	0.04005	0.48963	0.07197	0.09269	0.03970	0.03263	0.01299	0.00903	0.00293	0.00660	0.05642	0.00877	0.01257
2	0.01729	0.00984	0.01268	0.01146	0.01446	0.00879	0.00877	0.02068	0.02286	0.16572	0.38490	0.10904	0.14541	0.01724	0.00979	0.00276	0.00483	0.01498	0.00930	0.00922
3	0.50332	0.07336	0.06304	0.05281	0.02029	0.01880	0.01194	0.02335	0.01516	0.03253	0.03592	0.01762	0.01275	0.01029	0.00850	0.07327	0.00750	0.00557	0.00493	0.00905
4	0.02326	0.03420	0.01810	0.01462	0.01926	0.01505	0.01158	0.13292	0.11616	0.17240	0.17316	0.11630	0.03787	0.01382	0.00895	0.00265	0.00650	0.01171	0.00873	0.06276
5	0.02772	0.02124	0.02340	0.07121	0.02731	0.02371	0.01571	0.43265	0.14317	0.04603	0.02648	0.02631	0.05384	0.01099	0.00863	0.00266	0.00875	0.00862	0.00813	0.01346
6	0.08610	0.31751	0.03188	0.01667	0.02284	0.10332	0.01467	0.14249	0.02283	0.10282	0.01617	0.01728	0.01269	0.00892	0.00802	0.00228	0.05030	0.00591	0.00562	0.01167
7	0.06164	0.01306	0.01469	0.01321	0.01652	0.01377	0.01018	0.11979	0.12683	0.03640	0.30030	0.10883	0.04979	0.01508	0.00907	0.00272	0.00559	0.01288	0.05971	0.00995
8	0.02092	0.01739	0.01908	0.01620	0.02107	0.01908	0.01284	0.11647	0.33114	0.03462	0.03124	0.03063	0.06634	0.01145	0.00973	0.00261	0.05907	0.00899	0.04288	0.12823
9	0.01809	0.01829	0.02914	0.06636	0.02792	0.02331	0.12564	0.02118	0.01473	0.02181	0.01459	0.05091	0.01394	0.01558	0.04814	0.00390	0.46416	0.00875	0.00405	0.00953
10	0.01805	0.01688	0.02897	0.33216	0.28773	0.01852	0.05161	0.02305	0.01800	0.02433	0.01732	0.02650	0.01463	0.00986	0.00980	0.03500	0.01062	0.04194	0.00421	0.01081
11	0.01037	0.00741	0.00987	0.01185	0.01234	0.00691	0.00790	0.01185	0.01629	0.02172	0.04690	0.69537	0.05629	0.02666	0.01086	0.00346	0.00494	0.02419	0.00790	0.00691
12	0.01954	0.02119	0.04289	0.03063	0.03901	0.01923	0.48041	0.02595	0.01954	0.02737	0.01675	0.02176	0.01284	0.00698	0.00920	0.00251	0.01254	0.00892	0.00447	0.17829
13	0.01567	0.01167	0.01482	0.01549	0.01807	0.01214	0.01296	0.06487	0.10183	0.02924	0.08817	0.12727	0.04641	0.02074	0.01091	0.00355	0.00728	0.38178	0.00812	0.00901
14	0.03283	0.02017	0.10402	0.01723	0.02446	0.01646	0.01565	0.12889	0.08637	0.41787	0.02926	0.02649	0.01919	0.01026	0.00850	0.00265	0.00822	0.00823	0.00913	0.01413
15	0.03235	0.02384	0.02554	0.01958	0.02639	0.02639	0.01618	0.61946	0.04001	0.05363	0.02043	0.02043	0.01447	0.01022	0.00851	0.00255	0.00936	0.00766	0.00851	0.01447
16	0.01339	0.00998	0.01279	0.01249	0.01420	0.01010	0.00923	0.06133	0.02184	0.03033	0.34201	0.28657	0.06246	0.02005	0.01127	0.00301	0.04480	0.01752	0.00844	0.00820
17	0.01027	0.00857	0.00894	0.00897	0.01165	0.00725	0.00668	0.01257	0.01972	0.02402	0.13870	0.10731	0.56340	0.02137	0.01009	0.00288	0.00431	0.01799	0.00805	0.00725
18	0.02167	0.01619	0.01969	0.01508	0.02138	0.01456	0.03376	0.15625	0.02284	0.07833	0.02104	0.09018	0.01830	0.01064	0.00874	0.03423	0.00726	0.00817	0.00644	0.39525

[dist]
# distance from previous block
# <min> <max>
0	3

[block]
# block no. 7 follows, 21 sequences, length 49
# corresponding to MSA columns:
# 311-359
name=unknown_H
#
# <colnr> <probs for GDERKNQSTAVLIFYWHMCP>
#	G	D	E	R	K	N	Q	S	T	A	V	L	I	F	Y	W	H	M	C	P
0	0.02031	0.02474	0.11742	0.05756	0.04322	0.02087	0.50405	0.02759	0.01990	0.05193	0.01757	0.02261	0.01293	0.00746	0.00970	0.00284	0.01375	0.00946	0.00445	0.01165
1	0.01155	0.00868	0.01073	0.01180	0.01324	0.00828	0.00848	0.01494	0.05542	0.02403	0.10370	0.40329	0.15786	0.05271	0.01200	0.00351	0.00530	0.07905	0.00795	0.00748
2	0.02408	0.55268	0.03923	0.01533	0.02214	0.06960	0.01444	0.02900	0.08126	0.06044	0.01558	0.01655	0.01309	0.00801	0.00611	0.00200	0.00912	0.00537	0.00462	0.01134
3	0.02711	0.02034	0.02044	0.01612	0.02235	0.10687	0.01281	0.15751	0.06684	0.16358	0.02171	0.02292	0.01627	0.03895	0.00921	0.00237	0.00854	0.00704	0.00710	0.25193
4	0.01795	0.02219	0.12423	0.07262	0.03465	0.01973	0.26995	0.02444	0.04326	0.02561	0.02003	0.09233	0.01766	0.01109	0.01263	0.00301	0.12961	0.01024	0.03822	0.01056
