[name]
unknown

[dist]
# distance from previous block
# <min> <max>
0	104

[block]
# block no. 0 follows, 24 sequences, length 11
# corresponding to MSA columns:
# 104-114
name=unknown_A
#
# <colnr> <probs for GDERKNQSTAVLIFYWHMCP>
#	G	D	E	R	K	N	Q	S	T	A	V	L	I	F	Y	W	H	M	C	P
0	0.16713	0.01703	0.06927	0.25308	0.11681	0.01730	0.01779	0.08947	0.01837	0.02837	0.01764	0.02649	0.01491	0.00941	0.00752	0.00261	0.00880	0.07256	0.03567	0.00976
1	0.05920	0.01844	0.02033	0.13281	0.10236	0.12968	0.01535	0.05794	0.06563	0.02559	0.04969	0.06172	0.01837	0.01055	0.01034	0.00255	0.11532	0.00799	0.08665	0.00947
2	0.06020	0.01751	0.02506	0.44382	0.07059	0.06857	0.06499	0.07484	0.01814	0.02411	0.01419	0.01975	0.01086	0.00824	0.00876	0.00260	0.04729	0.00692	0.00407	0.00951
3	0.02336	0.01549	0.01805	0.04482	0.06802	0.07115	0.01242	0.08990	0.04460	0.21417	0.07553	0.10274	0.02503	0.03910	0.00995	0.00265	0.03450	0.00957	0.04920	0.04974
4	0.77733	0.01534	0.01166	0.01043	0.01534	0.01779	0.00859	0.02331	0.01350	0.03558	0.01104	0.01288	0.00859	0.00736	0.00491	0.00245	0.00613	0.00429	0.00491	0.00859
5	0.01498	0.01409	0.02378	0.70226	0.05462	0.01762	0.02202	0.02026	0.01586	0.02026	0.01409	0.02114	0.01057	0.00793	0.00793	0.00264	0.01057	0.00705	0.00352	0.00881
6	0.02296	0.01404	0.02022	0.30831	0.03456	0.01529	0.01601	0.03013	0.12197	0.25951	0.05693	0.02657	0.01934	0.00949	0.00804	0.00257	0.00815	0.00807	0.00679	0.01103
7	0.11593	0.01575	0.04809	0.01439	0.02038	0.01414	0.01230	0.09647	0.05326	0.44934	0.05815	0.02583	0.02024	0.00976	0.00768	0.00246	0.00694	0.00774	0.00864	0.01252
8	0.01498	0.01409	0.02378	0.70226	0.05462	0.01762	0.02202	0.02026	0.01586	0.02026	0.01409	0.02114	0.01057	0.00793	0.00793	0.00264	0.01057	0.00705	0.00352	0.00881
9	0.01939	0.01807	0.02937	0.16390	0.48566	0.01900	0.02272	0.06004	0.05514	0.02667	0.01599	0.02044	0.01291	0.00757	0.00788	0.00243	0.00941	0.00717	0.00432	0.01193
10	0.01696	0.01612	0.02738	0.42294	0.31840	0.01814	0.02301	0.02200	0.01680	0.02267	0.01445	0.02049	0.01142	0.00756	0.00789	0.00252	0.01008	0.00706	0.00370	0.01041

[dist]
# distance from previous block
# <min> <max>
4	9

[block]
# block no. 1 follows, 24 sequences, length 168
# corresponding to MSA columns:
# 124-291
name=unknown_B
#
# <colnr> <probs for GDERKNQSTAVLIFYWHMCP>
#	G	D	E	R	K	N	Q	S	T	A	V	L	I	F	Y	W	H	M	C	P
0	0.02427	0.11129	0.07704	0.05166	0.02428	0.04890	0.01468	0.17972	0.11879	0.13105	0.02019	0.02036	0.01478	0.00856	0.00722	0.00218	0.00819	0.00661	0.00641	0.12383
1	0.01635	0.01042	0.01274	0.01164	0.01449	0.01018	0.00890	0.02262	0.12800	0.13019	0.31312	0.07572	0.10175	0.06800	0.01134	0.00300	0.00515	0.03916	0.00827	0.00897
2	0.01728	0.01895	0.06373	0.14343	0.03667	0.01883	0.32740	0.05032	0.01770	0.02414	0.01832	0.02375	0.04054	0.01287	0.06763	0.00358	0.09219	0.00867	0.00418	0.00984
3	0.06454	0.01996	0.02123	0.01765	0.05126	0.04909	0.01370	0.38674	0.06061	0.07122	0.02149	0.02168	0.04331	0.00930	0.00753	0.00224	0.00805	0.00713	0.00706	0.11622
4	0.01228	0.00982	0.04282	0.01078	0.01322	0.00811	0.00867	0.01615	0.02185	0.05486	0.58427	0.08613	0.06866	0.01596	0.00925	0.00253	0.00427	0.01408	0.00845	0.00786
5	0.02625	0.02198	0.02149	0.01770	0.02312	0.09443	0.01417	0.35700	0.26423	0.04049	0.02319	0.02241	0.01708	0.00983	0.00790	0.00246	0.00842	0.00759	0.00757	0.01268
6	0.00966	0.00690	0.00920	0.01104	0.01150	0.00644	0.00736	0.01104	0.01518	0.02024	0.04371	0.71614	0.05245	0.02484	0.01012	0.00322	0.00460	0.02254	0.00736	0.00644
7	0.02386	0.01636	0.01732	0.01404	0.01860	0.01786	0.01135	0.38085	0.05721	0.04149	0.02222	0.02350	0.01656	0.00947	0.00703	0.00219	0.00671	0.00732	0.29494	0.01113
8	0.05592	0.01710	0.02330	0.01989	0.02045	0.02336	0.01656	0.01934	0.01240	0.02022	0.01060	0.01708	0.01038	0.01320	0.02407	0.00332	0.64054	0.00671	0.00360	0.04196
9	0.01681	0.02887	0.32442	0.02762	0.06591	0.01822	0.29222	0.02412	0.01754	0.02490	0.01732	0.07275	0.01429	0.00848	0.00854	0.00263	0.01177	0.00871	0.00397	0.01091
10	0.02481	0.04469	0.02263	0.01643	0.02265	0.01593	0.08228	0.18140	0.02344	0.20214	0.02225	0.07483	0.01739	0.00943	0.00763	0.00216	0.00766	0.00806	0.00693	0.20724
11	0.01835	0.02028	0.06499	0.13026	0.03952	0.01871	0.41486	0.05611	0.01889	0.02594	0.01559	0.02044	0.01177	0.00696	0.00857	0.00247	0.01173	0.00819	0.00420	0.10217
12	0.01215	0.00877	0.01181	0.01159	0.01272	0.00975	0.00840	0.03852	0.01332	0.01865	0.02241	0.03764	0.02260	0.28001	0.44423	0.01063	0.01618	0.00946	0.00458	0.00657
13	0.01115	0.00810	0.01049	0.00990	0.01180	0.00745	0.00742	0.01482	0.02227	0.03137	0.64355	0.05994	0.09920	0.01637	0.00935	0.00250	0.00375	0.01444	0.00867	0.00745
14	0.01896	0.08024	0.18372	0.22651	0.09589	0.04404	0.02042	0.06737	0.01856	0.07629	0.01827	0.08187	0.01529	0.00945	0.00776	0.00250	0.00974	0.00793	0.00469	0.01049
15	0.00966	0.00690	0.00920	0.01104	0.01150	0.00644	0.00736	0.01104	0.01518	0.02024	0.04371	0.71614	0.05245	0.02484	0.01012	0.00322	0.00460	0.02254	0.00736	0.00644
16	0.01349	0.01157	0.01802	0.37927	0.03597	0.01329	0.01682	0.01776	0.01683	0.02152	0.03090	0.07812	0.08685	0.01443	0.00916	0.00300	0.00861	0.21107	0.00530	0.00801
17	0.01685	0.01601	0.02717	0.43871	0.30350	0.01811	0.02296	0.02190	0.01674	0.02254	0.01443	0.02053	0.01137	0.00758	0.00790	0.00253	0.01011	0.00705	0.00369	0.01032
18	0.01263	0.00729	0.00948	0.00948	0.00948	0.00729	0.00583	0.01094	0.01094	0.01459	0.01948	0.03824	0.02143	0.38036	0.03576	0.38198	0.00729	0.00925	0.00414	0.00414
19	0.00966	0.00690	0.00920	0.01104	0.01150	0.00644	0.00736	0.01104	0.01518	0.02024	0.04371	0.71614	0.05245	0.02484	0.01012	0.00322	0.00460	0.02254	0.00736	0.00644
20	0.01897	0.01915	0.02875	0.03219	0.26967	0.05183	0.06960	0.02305	0.04044	0.02274	0.01350	0.01887	0.01188	0.01034	0.01625	0.00289	0.32832	0.00718	0.00389	0.01048
21	0.05155	0.02222	0.12756	0.08281	0.08707	0.01887	0.38318	0.02388	0.01757	0.02501	0.01657	0.05539	0.01354	0.00808	0.00919	0.00266	0.03141	0.00889	0.00407	0.01047
22	0.01606	0.01542	0.02633	0.52254	0.15412	0.01832	0.05263	0.02112	0.01615	0.02138	0.01412	0.02069	0.01096	0.00806	0.00902	0.00264	0.05015	0.00716	0.00361	0.00951
23	0.71128	0.01556	0.01364	0.01170	0.01681	0.01766	0.03986	0.02401	0.01411	0.06000	0.01207	0.01385	0.00919	0.00742	0.00525	0.00246	0.00651	0.00469	0.00505	0.00888
24	0.01153	0.00769	0.00865	0.00865	0.00865	0.00769	0.00480	0.01153	0.01153	0.01538	0.02499	0.05189	0.02883	0.72131	0.04036	0.00769	0.00769	0.01153	0.00480	0.00480
25	0.02563	0.01965	0.02191	0.02011	0.08918	0.04644	0.01466	0.28110	0.23029	0.09869	0.02351	0.02291	0.01718	0.00948	0.00785	0.00242	0.00792	0.00761	0.00745	0.04601
26	0.02890	0.02118	0.02265	0.01755	0.02358	0.02344	0.01444	0.58809	0.05835	0.04821	0.01990	0.02002	0.01426	0.00955	0.00780	0.00236	0.00835	0.00722	0.05105	0.01311
27	0.02111	0.01909	0.02528	0.08330	0.13661	0.05763	0.09692	0.08020	0.30525	0.05418	0.02351	0.02435	0.01772	0.00909	0.00812	0.00256	0.00875	0.00814	0.00628	0.01191
28	0.01694	0.01248	0.01426	0.01263	0.01614	0.01223	0.00959	0.18590	0.02171	0.03029	0.03182	0.30121	0.06336	0.01550	0.00828	0.00246	0.00584	0.01337	0.07824	0.14775
29	0.00966	0.00690	0.00920	0.01104	0.01150	0.00644	0.00736	0.01104	0.01518	0.02024	0.04371	0.71614	0.05245	0.02484	0.01012	0.00322	0.00460	0.02254	0.00736	0.00644
30	0.01391	0.01394	0.02541	0.01965	0.02424	0.01306	0.27482	0.01813	0.01871	0.02467	0.14629	0.08144	0.23826	0.01383	0.01000	0.00270	0.03313	0.01318	0.00604	0.00857
31	0.01644	0.01409	0.01644	0.01175	0.01879	0.01057	0.00940	0.01997	0.01644	0.02584	0.01409	0.01644	0.01175	0.00587	0.00587	0.00117	0.00587	0.00470	0.00470	0.76979
32	0.03011	0.01259	0.01685	0.01339	0.01861	0.01119	0.01088	0.03416	0.05042	0.52260	0.15610	0.03343	0.03065	0.01111	0.00825	0.00247	0.00614	0.00927	0.00953	0.01228
33	0.01754	0.01625	0.01984	0.01746	0.01985	0.10151	0.08049	0.07003	0.01820	0.04686	0.05009	0.29287	0.02998	0.01624	0.01281	0.00294	0.15911	0.01340	0.00592	0.00861
34	0.01153	0.00769	0.00865	0.00865	0.00865	0.00769	0.00480	0.01153	0.01153	0.01538	0.02499	0.05189	0.02883	0.72131	0.04036	0.00769	0.00769	0.01153	0.00480	0.00480
35	0.02575	0.01970	0.02173	0.01748	0.02276	0.02218	0.01422	0.37534	0.20404	0.06406	0.02213	0.02196	0.01630	0.01011	0.00951	0.00252	0.07071	0.00755	0.00750	0.04445
36	0.02120	0.72609	0.04155	0.01357	0.02035	0.03138	0.01357	0.02374	0.01611	0.01866	0.01102	0.01272	0.01018	0.00678	0.00509	0.00170	0.00848	0.00424	0.00339	0.01018
37	0.01932	0.01669	0.01755	0.01582	0.02024	0.01922	0.01230	0.04095	0.63280	0.03272	0.03413	0.03139	0.04912	0.01112	0.00812	0.00269	0.00619	0.00927	0.00804	0.01233
38	0.74120	0.04929	0.01308	0.01058	0.01558	0.01844	0.00883	0.02333	0.01362	0.03477	0.01104	0.01287	0.00866	0.00733	0.00492	0.00242	0.00625	0.00429	0.00483	0.00866
39	0.01498	0.01409	0.02378	0.70226	0.05462	0.01762	0.02202	0.02026	0.01586	0.02026	0.01409	0.02114	0.01057	0.00793	0.00793	0.00264	0.01057	0.00705	0.00352	0.00881
40	0.75341	0.01528	0.01187	0.01055	0.01549	0.01759	0.00869	0.02380	0.01379	0.05627	0.01169	0.01334	0.00894	0.00744	0.00501	0.00245	0.00615	0.00441	0.00507	0.00875
41	0.00966	0.00690	0.00920	0.01104	0.01150	0.00644	0.00736	0.01104	0.01518	0.02024	0.04371	0.71614	0.05245	0.02484	0.01012	0.00322	0.00460	0.02254	0.00736	0.00644
42	0.01584	0.01525	0.02944	0.02484	0.05673	0.01463	0.30624	0.02095	0.01846	0.02460	0.02874	0.05476	0.02857	0.01418	0.01008	0.00314	0.01021	0.30861	0.00562	0.00911
43	0.02521	0.01608	0.01833	0.01548	0.02054	0.01723	0.01232	0.09314	0.38512	0.23256	0.05359	0.02892	0.02367	0.01055	0.00807	0.00258	0.00655	0.00869	0.00862	0.01274
44	0.01445	0.01189	0.01305	0.01337	0.01543	0.04162	0.00976	0.05281	0.18937	0.02536	0.03789	0.43508	0.04067	0.01939	0.00937	0.00300	0.00582	0.04563	0.00743	0.00860
45	0.01825	0.02081	0.09477	0.18836	0.18034	0.01949	0.24897	0.05208	0.01827	0.02513	0.01505	0.02022	0.01162	0.00761	0.00926	0.00261	0.04462	0.00778	0.00397	0.01080
46	0.02267	0.01735	0.01817	0.01491	0.02048	0.06664	0.01179	0.05948	0.28597	0.14144	0.02469	0.02368	0.01825	0.00891	0.00733	0.00214	0.00695	0.00717	0.00707	0.23489
47	0.01002	0.00839	0.00876	0.00860	0.01124	0.00730	0.00647	0.01303	0.04297	0.02327	0.15792	0.07223	0.56385	0.01921	0.00932	0.00265	0.00407	0.01612	0.00758	0.00702
48	0.01898	0.02007	0.06718	0.04296	0.48904	0.01866	0.14534	0.02426	0.01813	0.02568	0.01621	0.02269	0.01369	0.00762	0.00826	0.00248	0.01022	0.03255	0.00405	0.01194
49	0.02473	0.01355	0.01705	0.01272	0.01912	0.01091	0.01032	0.02806	0.01951	0.31643	0.05172	0.02311	0.01815	0.00810	0.00697	0.00181	0.00616	0.00660	0.00716	0.39783
50	0.52460	0.04734	0.01689	0.01607	0.07655	0.15834	0.01160	0.02516	0.01588	0.03070	0.01164	0.01378	0.00934	0.00748	0.00565	0.00233	0.00822	0.00471	0.00459	0.00913
51	0.05635	0.30696	0.22044	0.01997	0.02815	0.05395	0.13386	0.02540	0.01721	0.05005	0.01376	0.01613	0.01080	0.00720	0.00677	0.00219	0.01038	0.00584	0.00387	0.01073
52	0.01261	0.00918	0.01196	0.03273	0.01507	0.00917	0.00967	0.07029	0.01916	0.02575	0.15273	0.38075	0.05028	0.02078	0.00990	0.00309	0.00557	0.14627	0.00753	0.00752
53	0.00998	0.00748	0.00927	0.01004	0.01140	0.00676	0.00707	0.01211	0.01771	0.02343	0.20930	0.39504	0.20847	0.02151	0.00975	0.00291	0.00424	0.01907	0.00771	0.00676
54	0.00954	0.00804	0.00826	0.00821	0.01081	0.00676	0.00615	0.01170	0.01846	0.02234	0.13250	0.07480	0.61588	0.01974	0.00937	0.00266	0.00399	0.01652	0.00749	0.00676
55	0.03045	0.02172	0.02349	0.01801	0.02434	0.02386	0.01488	0.61087	0.03645	0.08569	0.01974	0.01949	0.01384	0.00954	0.00794	0.00238	0.00861	0.00719	0.00804	0.01349
56	0.00966	0.00690	0.00920	0.01104	0.01150	0.00644	0.00736	0.01104	0.01518	0.02024	0.04371	0.71614	0.05245	0.02484	0.01012	0.00322	0.00460	0.02254	0.00736	0.00644
57	0.01644	0.01409	0.01644	0.01175	0.01879	0.01057	0.00940	0.01997	0.01644	0.02584	0.01409	0.01644	0.01175	0.00587	0.00587	0.00117	0.00587	0.00470	0.00470	0.76979
58	0.01702	0.03865	0.61488	0.02275	0.03400	0.01817	0.06026	0.02579	0.01714	0.05715	0.01516	0.01749	0.01062	0.00760	0.00765	0.00252	0.01156	0.00614	0.00370	0.01175
59	0.02393	0.01968	0.05381	0.13713	0.14260	0.02036	0.01807	0.30846	0.05703	0.06993	0.01985	0.02431	0.01534	0.00951	0.00808	0.00252	0.00899	0.04198	0.00636	0.01207
60	0.01478	0.00739	0.00739	0.00739	0.00924	0.00739	0.00554	0.01848	0.01663	0.02956	0.02587	0.02956	0.02033	0.00924	0.00554	0.00185	0.00370	0.00739	0.76534	0.00739
61	0.00975	0.00694	0.00918	0.01093	0.01137	0.00650	0.00725	0.01106	0.01502	0.02003	0.04287	0.68642	0.05139	0.05601	0.01147	0.00342	0.00474	0.02205	0.00725	0.00637
62	0.00965	0.00695	0.00915	0.01091	0.01147	0.00645	0.00730	0.01106	0.01531	0.02029	0.04531	0.68815	0.07940	0.02464	0.01009	0.00320	0.00458	0.02229	0.00736	0.00645
63	0.02025	0.01730	0.01823	0.01624	0.02082	0.01997	0.01268	0.07279	0.62601	0.03403	0.03160	0.02905	0.02366	0.01070	0.00806	0.00267	0.00640	0.00887	0.00806	0.01260
64	0.01972	0.01703	0.01793	0.01614	0.02062	0.01972	0.01255	0.04214	0.65752	0.03317	0.03228	0.02959	0.02421	0.01076	0.00807	0.00269	0.00628	0.00897	0.00807	0.01255
65	0.02802	0.04905	0.05273	0.01773	0.02406	0.02316	0.01510	0.47502	0.12114	0.08102	0.02106	0.02061	0.01505	0.00951	0.00783	0.00241	0.00840	0.00727	0.00768	0.01315
66	0.02017	0.01726	0.01818	0.01623	0.02079	0.01993	0.01266	0.06816	0.63077	0.03390	0.03170	0.02913	0.02374	0.01071	0.00806	0.00268	0.00638	0.00889	0.00806	0.01259
67	0.01122	0.00811	0.01060	0.00998	0.01185	0.00748	0.00748	0.01496	0.02245	0.03180	0.66766	0.05923	0.07482	0.01621	0.00935	0.00249	0.00374	0.01434	0.00873	0.00748
68	0.00966	0.00690	0.00920	0.01104	0.01150	0.00644	0.00736	0.01104	0.01518	0.02024	0.04371	0.71614	0.05245	0.02484	0.01012	0.00322	0.00460	0.02254	0.00736	0.00644
69	0.02161	0.17256	0.02905	0.14381	0.13652	0.15976	0.05283	0.08022	0.04838	0.02418	0.01597	0.05109	0.01370	0.00860	0.00734	0.00228	0.01022	0.00702	0.00448	0.01038
70	0.03014	0.02221	0.02380	0.01825	0.02459	0.02459	0.01507	0.64541	0.03728	0.04998	0.01904	0.01904	0.01349	0.00952	0.00793	0.00238	0.00873	0.00714	0.00793	0.01349
71	0.01253	0.00960	0.01386	0.01342	0.01499	0.01134	0.01054	0.04439	0.01388	0.01994	0.02059	0.02988	0.01905	0.05478	0.62377	0.01178	0.05548	0.00835	0.00438	0.00747
72	0.01032	0.00754	0.00985	0.01145	0.01250	0.00707	0.00840	0.01228	0.01623	0.02117	0.04798	0.49522	0.12932	0.02358	0.01021	0.00325	0.00513	0.15448	0.00735	0.00666
73	0.74373	0.01525	0.01196	0.01059	0.01556	0.01751	0.00873	0.02400	0.01391	0.06464	0.01196	0.01352	0.00909	0.00747	0.00505	0.00245	0.00616	0.00446	0.00513	0.00881
74	0.06114	0.09106	0.30331	0.06766	0.03072	0.01876	0.08848	0.07072	0.01816	0.02683	0.01429	0.01710	0.01079	0.00725	0.00713	0.00222	0.00996	0.00598	0.00411	0.14435
75	0.01118	0.00823	0.01187	0.01206	0.01321	0.00928	0.00902	0.01352	0.01284	0.01822	0.02401	0.10404	0.02429	0.13773	0.53981	0.01114	0.01786	0.01031	0.00464	0.00673
76	0.00953	0.00802	0.00829	0.00845	0.01099	0.00678	0.00637	0.01157	0.01794	0.02146	0.07698	0.10743	0.61320	0.02039	0.00947	0.00274	0.00418	0.04211	0.00736	0.00671
77	0.01900	0.01919	0.05594	0.11593	0.58317	0.01870	0.02428	0.02394	0.01778	0.02529	0.01480	0.01967	0.01226	0.00717	0.00785	0.00239	0.00963	0.00702	0.00386	0.01214
78	0.05997	0.01708	0.02316	0.42026	0.04178	0.02014	0.01883	0.24535	0.02344	0.03175	0.01572	0.01996	0.01152	0.00847	0.00777	0.00254	0.00968	0.00694	0.00518	0.01048
79	0.01383	0.00724	0.01099	0.04431	0.01251	0.00741	0.00763	0.01082	0.01060	0.01409	0.01379	0.02396	0.01362	0.02658	0.02986	0.73164	0.00707	0.00689	0.00345	0.00371
80	0.01902	0.01785	0.02952	0.06719	0.47445	0.01867	0.04605	0.05017	0.01832	0.02590	0.01724	0.02607	0.01541	0.00920	0.00984	0.00260	0.07218	0.06444	0.00436	0.01154
81	0.01637	0.01422	0.01730	0.06317	0.02152	0.01164	0.01065	0.01995	0.01623	0.02516	0.01395	0.01683	0.01161	0.00634	0.00683	0.00137	0.03425	0.00496	0.00456	0.68308
82	0.01766	0.01466	0.01997	0.24292	0.03121	0.01473	0.01465	0.04534	0.01704	0.06141	0.01494	0.01879	0.01175	0.00763	0.00852	0.00198	0.06908	0.00596	0.00462	0.37715
83	0.01130	0.00847	0.01039	0.01021	0.01241	0.00742	0.00740	0.01390	0.01803	0.02513	0.23112	0.29424	0.14051	0.01812	0.00896	0.00257	0.00439	0.01598	0.04461	0.11484
84	0.03037	0.02185	0.02357	0.01807	0.02441	0.02405	0.01493	0.62010	0.03668	0.07615	0.01955	0.01937	0.01374	0.00953	0.00793	0.00238	0.00864	0.00717	0.00801	0.01349
85	0.01804	0.01445	0.01689	0.01217	0.01914	0.01129	0.00978	0.05077	0.01775	0.05898	0.01517	0.01709	0.01222	0.00624	0.00607	0.00129	0.00605	0.00498	0.00510	0.69652
86	0.00973	0.00696	0.00927	0.01099	0.01152	0.00649	0.00737	0.01122	0.01552	0.02077	0.07231	0.68602	0.05347	0.02445	0.01009	0.00319	0.00456	0.02217	0.00742	0.00649
87	0.01069	0.00773	0.00993	0.01107	0.01205	0.00733	0.00764	0.03759	0.01712	0.02296	0.12244	0.57763	0.08023	0.02293	0.00990	0.00307	0.00464	0.02063	0.00756	0.00687
88	0.03059	0.01239	0.01680	0.01326	0.01852	0.01080	0.01080	0.03379	0.02265	0.54509	0.16166	0.03360	0.03094	0.01113	0.00826	0.00246	0.00613	0.00928	0.00959	0.01226
89	0.00965	0.00695	0.00915	0.01090	0.01146	0.00645	0.00730	0.01106	0.01532	0.02030	0.04545	0.68575	0.08171	0.02462	0.01009	0.00319	0.00457	0.02227	0.00736	0.00645
90	0.01478	0.00739	0.00739	0.00739	0.00924	0.00739	0.00554	0.01848	0.01663	0.02956	0.02587	0.02956	0.02033	0.00924	0.00554	0.00185	0.00370	0.00739	0.76534	0.00739
91	0.01620	0.01082	0.01294	0.01152	0.01448	0.01081	0.00890	0.07230	0.10645	0.08710	0.40343	0.04716	0.07037	0.01389	0.00861	0.00245	0.00474	0.01195	0.07675	0.00911
92	0.01153	0.00769	0.00865	0.00865	0.00865	0.00769	0.00480	0.01153	0.01153	0.01538	0.02499	0.05189	0.02883	0.72131	0.04036	0.00769	0.00769	0.01153	0.00480	0.00480
93	0.00966	0.00690	0.00920	0.01104	0.01150	0.00644	0.00736	0.01104	0.01518	0.02024	0.04371	0.71614	0.05245	0.02484	0.01012	0.00322	0.00460	0.02254	0.00736	0.00644
94	0.01029	0.00805	0.00935	0.00925	0.01144	0.00710	0.00696	0.01306	0.01979	0.02583	0.32521	0.10100	0.36447	0.01875	0.00946	0.00266	0.00405	0.03830	0.00794	0.00704
95	0.02321	0.01281	0.01441	0.01204	0.01598	0.01306	0.00960	0.19804	0.02362	0.17163	0.02602	0.06168	0.01993	0.01025	0.00696	0.00220	0.00580	0.00823	0.35420	0.01034
96	0.01590	0.04102	0.68023	0.02260	0.03432	0.01842	0.02930	0.02511	0.01674	0.02511	0.01423	0.01674	0.01005	0.00753	0.00753	0.00251	0.01172	0.00586	0.00335	0.01172
97	0.01498	0.01409	0.02378	0.70226	0.05462	0.01762	0.02202	0.02026	0.01586	0.02026	0.01409	0.02114	0.01057	0.00793	0.00793	0.00264	0.01057	0.00705	0.00352	0.00881
98	0.01719	0.01725	0.02538	0.02136	0.02199	0.02337	0.06125	0.01932	0.01263	0.01950	0.01127	0.01823	0.01093	0.01534	0.05348	0.00381	0.62822	0.00718	0.00354	0.00875
99	0.01565	0.01288	0.02004	0.37408	0.03633	0.01510	0.03518	0.05047	0.01634	0.05127	0.01999	0.09817	0.01846	0.09877	0.06876	0.00414	0.04183	0.00943	0.00466	0.00845
100	0.73760	0.01496	0.01160	0.01040	0.01515	0.01725	0.00853	0.02288	0.01396	0.03538	0.04509	0.01529	0.01202	0.00782	0.00514	0.00246	0.00601	0.00481	0.00511	0.00853
101	0.01939	0.11926	0.35417	0.02030	0.02934	0.02021	0.07133	0.08499	0.08800	0.05484	0.01707	0.01862	0.01256	0.00791	0.00740	0.00236	0.01006	0.00642	0.00468	0.05109
102	0.02738	0.04477	0.05782	0.07635	0.02408	0.01362	0.04320	0.05732	0.02087	0.40465	0.02842	0.12076	0.02183	0.01132	0.00819	0.00256	0.00754	0.00968	0.00792	0.01172
103	0.03125	0.02044	0.02270	0.01740	0.02371	0.02196	0.01438	0.52191	0.03431	0.17767	0.02153	0.02066	0.01474	0.00958	0.00794	0.00239	0.00832	0.00731	0.00832	0.01349
104	0.01828	0.34666	0.25945	0.05201	0.05742	0.02376	0.05541	0.02353	0.01651	0.02176	0.01440	0.05106	0.01251	0.00802	0.00669	0.00219	0.00982	0.00628	0.00364	0.01059
105	0.01377	0.00689	0.01033	0.01033	0.01033	0.00689	0.00689	0.01033	0.01033	0.01377	0.01377	0.02410	0.01377	0.02755	0.03099	0.76928	0.00689	0.00689	0.00344	0.00344
106	0.01841	0.01521	0.01925	0.02269	0.19926	0.04528	0.01324	0.14752	0.01937	0.02599	0.02072	0.05332	0.02049	0.28559	0.05578	0.00496	0.00930	0.00925	0.00522	0.00915
107	0.01712	0.01449	0.01680	0.01206	0.01908	0.01126	0.00967	0.05068	0.01747	0.02702	0.01434	0.01657	0.01183	0.00605	0.00597	0.00123	0.00601	0.00482	0.00486	0.73266
108	0.01133	0.00850	0.01274	0.01274	0.01416	0.00991	0.00991	0.01416	0.01274	0.01841	0.02124	0.03115	0.01982	0.05947	0.68989	0.01274	0.02124	0.00850	0.00425	0.00708
109	0.00939	0.00797	0.00810	0.00820	0.01076	0.00668	0.00610	0.01136	0.01791	0.02135	0.07825	0.11274	0.63356	0.02035	0.00941	0.00271	0.00405	0.01707	0.00736	0.00668
110	0.02192	0.46354	0.03543	0.07339	0.07716	0.11748	0.01557	0.04926	0.01781	0.02075	0.01205	0.01460	0.01055	0.00746	0.00671	0.00197	0.03538	0.00503	0.00372	0.01021
111	0.01289	0.00849	0.01081	0.01007	0.01235	0.00767	0.00761	0.01623	0.02156	0.08268	0.50616	0.08344	0.15674	0.01658	0.00927	0.00254	0.00406	0.01448	0.00857	0.00782
112	0.00966	0.00690	0.00920	0.01104	0.01150	0.00644	0.00736	0.01104	0.01518	0.02024	0.04371	0.71614	0.05245	0.02484	0.01012	0.00322	0.00460	0.02254	0.00736	0.00644
113	0.01644	0.01409	0.01644	0.01175	0.01879	0.01057	0.00940	0.01997	0.01644	0.02584	0.01409	0.01644	0.01175	0.00587	0.00587	0.00117	0.00587	0.00470	0.00470	0.76979
114	0.02097	0.01801	0.02837	0.03149	0.28040	0.01846	0.12621	0.05568	0.19131	0.08031	0.02172	0.02360	0.01654	0.00841	0.00808	0.00249	0.00877	0.00806	0.03899	0.01212
115	0.02603	0.01877	0.02135	0.04415	0.05065	0.02062	0.01434	0.32311	0.22376	0.11440	0.04245	0.02443	0.01906	0.00996	0.00802	0.00250	0.00771	0.00799	0.00788	0.01281
116	0.01133	0.00850	0.01274	0.01274	0.01416	0.00991	0.00991	0.01416	0.01274	0.01841	0.02124	0.03115	0.01982	0.05947	0.68989	0.01274	0.02124	0.00850	0.00425	0.00708
117	0.02133	0.01809	0.01844	0.01635	0.02097	0.05033	0.01276	0.07034	0.57271	0.05979	0.03068	0.02827	0.02286	0.01054	0.00802	0.00264	0.00678	0.00866	0.00795	0.01248
118	0.01478	0.00739	0.00739	0.00739	0.00924	0.00739	0.00554	0.01848	0.01663	0.02956	0.02587	0.02956	0.02033	0.00924	0.00554	0.00185	0.00370	0.00739	0.76534	0.00739
119	0.01644	0.01409	0.01644	0.01175	0.01879	0.01057	0.00940	0.01997	0.01644	0.02584	0.01409	0.01644	0.01175	0.00587	0.00587	0.00117	0.00587	0.00470	0.00470	0.76979
120	0.02348	0.01101	0.01468	0.01216	0.01633	0.00965	0.00964	0.02677	0.02195	0.35107	0.29265	0.07095	0.04343	0.01294	0.00854	0.00244	0.00537	0.01110	0.00901	0.04684
121	0.01147	0.00845	0.01252	0.01252	0.01396	0.00981	0.00973	0.01434	0.01290	0.01887	0.02143	0.03109	0.01984	0.05741	0.66180	0.01230	0.02052	0.00845	0.03549	0.00709
122	0.01145	0.00765	0.00867	0.00875	0.00877	0.00764	0.00491	0.01151	0.01168	0.01558	0.02577	0.07969	0.02982	0.69216	0.03910	0.00750	0.00756	0.01199	0.00491	0.00487
123	0.02732	0.01965	0.02181	0.04776	0.02449	0.02148	0.01431	0.41450	0.15507	0.10307	0.02232	0.02182	0.01594	0.00955	0.00787	0.00240	0.00802	0.00746	0.00779	0.04735
124	0.02169	0.60425	0.07156	0.01465	0.02126	0.05805	0.01453	0.02454	0.01651	0.04461	0.01200	0.01374	0.01055	0.00730	0.00629	0.00186	0.03806	0.00462	0.00367	0.01028
125	0.04312	0.40043	0.20263	0.01662	0.02426	0.05588	0.01769	0.08338	0.01859	0.02405	0.01391	0.01751	0.01183	0.00792	0.00632	0.00209	0.00949	0.02954	0.00405	0.01069
126	0.01135	0.00855	0.01055	0.00997	0.01210	0.00797	0.00750	0.01575	0.05399	0.03015	0.53825	0.06055	0.17045	0.01657	0.00929	0.00253	0.00392	0.01446	0.00847	0.00761
127	0.01214	0.00866	0.01079	0.01109	0.01341	0.00796	0.00900	0.01521	0.01945	0.05233	0.21462	0.07450	0.27144	0.01931	0.00986	0.00296	0.00521	0.22688	0.00779	0.00739
128	0.02684	0.19643	0.13305	0.01684	0.02374	0.11085	0.01598	0.11489	0.04126	0.21666	0.01936	0.01912	0.01379	0.00847	0.00708	0.00222	0.00925	0.00625	0.00611	0.01179
129	0.01191	0.00774	0.01027	0.01090	0.01220	0.00713	0.00769	0.01417	0.01805	0.06819	0.24580	0.45615	0.05752	0.02103	0.00973	0.00293	0.00447	0.01890	0.00797	0.00725
130	0.00966	0.00690	0.00920	0.01104	0.01150	0.00644	0.00736	0.01104	0.01518	0.02024	0.04371	0.71614	0.05245	0.02484	0.01012	0.00322	0.00460	0.02254	0.00736	0.00644
131	0.01644	0.01409	0.01644	0.01175	0.01879	0.01057	0.00940	0.01997	0.01644	0.02584	0.01409	0.01644	0.01175	0.00587	0.00587	0.00117	0.00587	0.00470	0.00470	0.76979
132	0.11997	0.01440	0.01862	0.14319	0.05904	0.01494	0.01361	0.10714	0.02083	0.23252	0.05081	0.05514	0.03975	0.01200	0.03405	0.00287	0.00800	0.00826	0.00684	0.03804
133	0.18645	0.10562	0.01955	0.01355	0.01852	0.04633	0.01126	0.19404	0.02342	0.11299	0.11933	0.02467	0.02266	0.00972	0.00696	0.00229	0.00701	0.00732	0.05784	0.01049
134	0.01051	0.00755	0.01000	0.01070	0.01187	0.00703	0.00764	0.01308	0.01867	0.02573	0.33223	0.38616	0.06251	0.02073	0.00980	0.00290	0.00432	0.04361	0.00799	0.00696
135	0.01668	0.01648	0.03014	0.47932	0.06826	0.01857	0.18672	0.04550	0.01750	0.02292	0.01482	0.02108	0.01113	0.00763	0.00831	0.00263	0.01121	0.00766	0.00383	0.00960
136	0.04659	0.04528	0.02641	0.41375	0.24082	0.01830	0.02140	0.02262	0.01677	0.05265	0.01489	0.02028	0.01151	0.00768	0.00767	0.00250	0.00978	0.00687	0.00398	0.01023
137	0.01818	0.01798	0.03208	0.21063	0.37614	0.01902	0.12667	0.02321	0.01730	0.02403	0.01466	0.02019	0.01186	0.00757	0.00906	0.00254	0.04654	0.00744	0.00381	0.01110
138	0.09211	0.01333	0.01743	0.01359	0.01938	0.01190	0.01118	0.03610	0.02196	0.59048	0.06593	0.02772	0.02191	0.00999	0.00781	0.00246	0.00653	0.00805	0.00937	0.01277
139	0.01289	0.01090	0.04495	0.03789	0.01679	0.00974	0.03884	0.01731	0.07441	0.04860	0.11356	0.39736	0.04453	0.05374	0.01104	0.00321	0.00596	0.04333	0.00708	0.00788
140	0.01830	0.12299	0.40665	0.02201	0.06253	0.05192	0.05156	0.06077	0.04618	0.02616	0.04698	0.01924	0.01428	0.00808	0.00744	0.00238	0.01059	0.00646	0.00418	0.01133
141	0.01872	0.02139	0.04679	0.03342	0.04144	0.02005	0.64305	0.02540	0.01872	0.02540	0.01604	0.02139	0.01203	0.00668	0.00936	0.00267	0.01337	0.00936	0.00401	0.01070
142	0.01618	0.01533	0.02597	0.53252	0.21492	0.01794	0.02262	0.02132	0.01643	0.02173	0.01431	0.02075	0.01109	0.00770	0.00791	0.00257	0.01027	0.00705	0.00363	0.00978
143	0.05100	0.09737	0.47120	0.02005	0.02988	0.05686	0.02393	0.02707	0.01766	0.11046	0.01594	0.01743	0.01127	0.00780	0.00724	0.00240	0.01069	0.00589	0.00431	0.01154
144	0.02549	0.01572	0.02395	0.07754	0.05376	0.01556	0.12177	0.06427	0.12133	0.29318	0.05074	0.02943	0.02100	0.00996	0.00841	0.00260	0.00826	0.03762	0.00751	0.01191
145	0.01111	0.00795	0.00997	0.00964	0.01109	0.00743	0.00683	0.01384	0.01954	0.02718	0.46820	0.09092	0.09784	0.16540	0.01592	0.00363	0.00463	0.01429	0.00776	0.00682
146	0.01616	0.01746	0.06030	0.20702	0.05641	0.01675	0.31021	0.02120	0.01674	0.02246	0.01834	0.08632	0.01630	0.05035	0.01168	0.03813	0.01102	0.00974	0.00417	0.00923
147	0.01647	0.06530	0.55959	0.02324	0.03383	0.01938	0.08988	0.02480	0.01670	0.02460	0.01410	0.01708	0.01027	0.00772	0.00850	0.00254	0.04496	0.00620	0.00342	0.01141
148	0.01046	0.00760	0.01004	0.01169	0.01273	0.00718	0.00867	0.01250	0.01628	0.02128	0.04685	0.48701	0.11121	0.02360	0.01027	0.00328	0.00526	0.18004	0.00735	0.00669
149	0.01533	0.01437	0.02088	0.01820	0.01891	0.01893	0.04044	0.01742	0.01253	0.01886	0.01472	0.02402	0.01449	0.08392	0.20262	0.00624	0.43845	0.00783	0.00381	0.00802
150	0.02651	0.02031	0.05421	0.01669	0.02245	0.02094	0.01411	0.44296	0.09382	0.07380	0.02155	0.02259	0.01589	0.03717	0.00897	0.00258	0.00804	0.00749	0.07754	0.01240
151	0.02876	0.02144	0.02336	0.01816	0.02395	0.02399	0.01495	0.58930	0.03514	0.04726	0.01934	0.04142	0.01457	0.01026	0.00903	0.00247	0.04833	0.00762	0.00766	0.01298
152	0.02984	0.02755	0.02275	0.01887	0.02396	0.29704	0.01495	0.30418	0.02858	0.09655	0.01702	0.01778	0.01259	0.00920	0.00848	0.00230	0.04418	0.00637	0.00632	0.01149
153	0.01674	0.01732	0.06020	0.05754	0.05415	0.01595	0.32984	0.02165	0.01773	0.05391	0.05557	0.17908	0.02443	0.01185	0.01008	0.00280	0.04431	0.01204	0.00519	0.00963
154	0.08879	0.30540	0.09726	0.01460	0.02126	0.02205	0.01406	0.05771	0.07622	0.08597	0.01735	0.02023	0.01412	0.00826	0.00637	0.00207	0.00790	0.03288	0.00511	0.10240
155	0.01143	0.00770	0.00862	0.00862	0.00875	0.00764	0.00486	0.01152	0.01185	0.01567	0.02770	0.05309	0.06024	0.68688	0.03884	0.00744	0.00751	0.01179	0.00493	0.00490
156	0.01192	0.00813	0.00909	0.00900	0.00922	0.00826	0.00517	0.01299	0.04221	0.01622	0.02533	0.05083	0.02861	0.68757	0.03883	0.00745	0.00762	0.01141	0.00496	0.00517
157	0.01845	0.01575	0.02394	0.32052	0.15353	0.01839	0.01930	0.09493	0.01854	0.05477	0.01754	0.07733	0.01510	0.01025	0.01059	0.00271	0.10523	0.00836	0.00471	0.01005
158	0.02763	0.02059	0.02216	0.01750	0.02322	0.02289	0.01424	0.51594	0.13514	0.04541	0.02088	0.02099	0.01522	0.01065	0.00915	0.04220	0.00824	0.00742	0.00772	0.01282
159	0.00966	0.00690	0.00920	0.01104	0.01150	0.00644	0.00736	0.01104	0.01518	0.02024	0.04371	0.71614	0.05245	0.02484	0.01012	0.00322	0.00460	0.02254	0.00736	0.00644
160	0.01872	0.02139	0.04679	0.03342	0.04144	0.02005	0.64305	0.02540	0.01872	0.02540	0.01604	0.02139	0.01203	0.00668	0.00936	0.00267	0.01337	0.00936	0.00401	0.01070
161	0.01617	0.01381	0.01615	0.01172	0.01850	0.01041	0.00931	0.01961	0.01639	0.02562	0.01528	0.04442	0.01337	0.00663	0.00604	0.00126	0.00582	0.00541	0.00480	0.73927
162	0.01123	0.00773	0.00986	0.01040	0.01187	0.00703	0.00739	0.01351	0.01818	0.05273	0.24114	0.38891	0.14877	0.02082	0.00968	0.00288	0.00434	0.01852	0.00789	0.00711
163	0.01058	0.00731	0.00903	0.00992	0.01025	0.00705	0.00623	0.01146	0.01393	0.01867	0.06772	0.38608	0.04308	0.33475	0.02356	0.00517	0.00593	0.01721	0.00629	0.00577
164	0.02581	0.02132	0.02198	0.01787	0.02331	0.09630	0.04255	0.31655	0.20752	0.06900	0.02562	0.02493	0.05033	0.01015	0.00802	0.00246	0.00854	0.00806	0.00742	0.01226
165	0.01756	0.02151	0.10246	0.17541	0.04241	0.01961	0.41397	0.02391	0.01753	0.02391	0.01513	0.02065	0.01143	0.00744	0.00982	0.00270	0.05208	0.00838	0.00381	0.01027
166	0.01714	0.01451	0.01682	0.01208	0.01909	0.01128	0.00968	0.05174	0.01750	0.02707	0.01435	0.01658	0.01183	0.00606	0.00598	0.00124	0.00602	0.00482	0.00486	0.73137
167	0.01714	0.01146	0.01378	0.01221	0.01546	0.01152	0.00946	0.05229	0.16584	0.11820	0.38853	0.04715	0.07632	0.01399	0.00882	0.00253	0.00494	0.01206	0.00864	0.00966

[dist]
# distance from previous block
# <min> <max>
0	1

[block]
# block no. 2 follows, 24 sequences, length 7
# corresponding to MSA columns:
# 293-299
name=unknown_C
#
# <colnr> <probs for GDERKNQSTAVLIFYWHMCP>
#	G	D	E	R	K	N	Q	S	T	A	V	L	I	F	Y	W	H	M	C	P
0	0.05373	0.27772	0.23370	0.01724	0.02476	0.08719	0.01815	0.06127	0.07537	0.02518	0.04535	0.01818	0.01454	0.00813	0.00667	0.00218	0.00954	0.00589	0.00444	0.01077
1	0.01064	0.00786	0.00993	0.00988	0.01161	0.00716	0.00723	0.01366	0.02037	0.02797	0.45685	0.18837	0.16217	0.01847	0.00950	0.00266	0.00395	0.01629	0.00826	0.00716
2	0.01085	0.00740	0.00885	0.00952	0.00969	0.00723	0.00574	0.01135	0.01286	0.01715	0.03180	0.29381	0.03743	0.46766	0.02935	0.00606	0.00656	0.01554	0.00574	0.00540
3	0.02139	0.01786	0.01887	0.01647	0.02125	0.02050	0.01295	0.13848	0.55847	0.03586	0.03016	0.02790	0.02249	0.01056	0.00805	0.00264	0.00667	0.00867	0.00805	0.01270
4	0.01458	0.01340	0.02371	0.01934	0.02241	0.01466	0.19368	0.01827	0.01458	0.02110	0.01866	0.02732	0.01671	0.06940	0.31703	0.00750	0.11684	0.00861	0.05395	0.00826
5	0.01867	0.43856	0.26010	0.01644	0.02458	0.02521	0.01857	0.02360	0.01678	0.02182	0.05856	0.01740	0.01470	0.00771	0.00623	0.00203	0.00926	0.00551	0.00375	0.01052
6	0.03558	0.01350	0.01840	0.01411	0.02024	0.01166	0.01166	0.03865	0.02270	0.67734	0.03128	0.02699	0.01963	0.00981	0.00797	0.00245	0.00675	0.00797	0.00981	0.01350

[dist]
# distance from previous block
# <min> <max>
0	23

[block]
# block no. 3 follows, 24 sequences, length 25
# corresponding to MSA columns:
# 323-347
name=unknown_D
#
# <colnr> <probs for GDERKNQSTAVLIFYWHMCP>
#	G	D	E	R	K	N	Q	S	T	A	V	L	I	F	Y	W	H	M	C	P
0	0.01000	0.00719	0.00914	0.01040	0.01109	0.00670	0.00692	0.01143	0.01549	0.02057	0.09130	0.52658	0.10195	0.11521	0.01397	0.00371	0.00489	0.02000	0.00713	0.00633
1	0.01496	0.01351	0.02236	0.64208	0.05069	0.01673	0.02060	0.02011	0.01592	0.02107	0.01511	0.02187	0.01142	0.00804	0.00772	0.00257	0.00998	0.00708	0.06949	0.00869
2	0.01377	0.00689	0.01033	0.01033	0.01033	0.00689	0.00689	0.01033	0.01033	0.01377	0.01377	0.02410	0.01377	0.02755	0.03099	0.76928	0.00689	0.00689	0.00344	0.00344
3	0.03533	0.01389	0.01865	0.01430	0.02044	0.01225	0.01181	0.06639	0.02336	0.64865	0.03072	0.02663	0.01935	0.00980	0.00797	0.00245	0.00684	0.00794	0.00973	0.01349
4	0.01377	0.00689	0.01033	0.01033	0.01033	0.00689	0.00689	0.01033	0.01033	0.01377	0.01377	0.02410	0.01377	0.02755	0.03099	0.76928	0.00689	0.00689	0.00344	0.00344
5	0.01562	0.00820	0.00828	0.00798	0.01007	0.00833	0.00606	0.05258	0.01775	0.03067	0.02550	0.02899	0.01995	0.00925	0.00567	0.00188	0.00397	0.00738	0.72413	0.00772
6	0.02884	0.02157	0.02307	0.01798	0.02410	0.02398	0.01476	0.57010	0.11471	0.04788	0.02069	0.02036	0.01482	0.00967	0.00795	0.00242	0.00842	0.00737	0.00795	0.01337
7	0.01105	0.00810	0.01036	0.00979	0.01174	0.00741	0.00735	0.01463	0.02204	0.03083	0.61276	0.06083	0.13033	0.01657	0.00935	0.00251	0.00377	0.01456	0.00860	0.00741
8	0.02962	0.03779	0.02247	0.02043	0.02451	0.68948	0.01532	0.03166	0.02247	0.01941	0.01226	0.01430	0.01021	0.00817	0.00715	0.00204	0.01430	0.00511	0.00409	0.00919
9	0.02120	0.01777	0.01876	0.01644	0.02118	0.02041	0.01291	0.12758	0.56967	0.03555	0.03040	0.02809	0.02269	0.01058	0.00805	0.00265	0.00662	0.00871	0.00805	0.01268
10	0.01498	0.01409	0.02378	0.70226	0.05462	0.01762	0.02202	0.02026	0.01586	0.02026	0.01409	0.02114	0.01057	0.00793	0.00793	0.00264	0.01057	0.00705	0.00352	0.00881
11	0.02425	0.01928	0.02048	0.01705	0.02234	0.02184	0.01365	0.30409	0.38820	0.04047	0.02653	0.02501	0.01955	0.01022	0.00801	0.00256	0.00734	0.00817	0.00801	0.01296
12	0.01122	0.00811	0.01060	0.00998	0.01185	0.00748	0.00748	0.01496	0.02245	0.03180	0.66766	0.05923	0.07482	0.01621	0.00935	0.00249	0.00374	0.01434	0.00873	0.00748
13	0.01142	0.00812	0.01086	0.01086	0.01163	0.00889	0.00756	0.01295	0.01219	0.01701	0.02296	0.04069	0.02396	0.36378	0.39125	0.01042	0.01501	0.00989	0.00450	0.00603
14	0.01265	0.00904	0.01260	0.01422	0.01605	0.00899	0.01234	0.01631	0.01860	0.02440	0.09369	0.08695	0.04805	0.02144	0.01082	0.00356	0.00701	0.56855	0.00742	0.00732
15	0.02123	0.02678	0.26925	0.07803	0.05848	0.01911	0.07252	0.18326	0.05349	0.08036	0.01904	0.04950	0.01445	0.00905	0.00800	0.00253	0.00996	0.00765	0.00549	0.01183
16	0.01677	0.01655	0.02473	0.19093	0.03003	0.02178	0.04459	0.01969	0.01356	0.01997	0.01175	0.01842	0.01058	0.01170	0.01983	0.00312	0.46985	0.00696	0.00357	0.04563
17	0.01894	0.07001	0.01950	0.01343	0.01926	0.01338	0.04725	0.07441	0.01913	0.08390	0.05420	0.06350	0.01908	0.00864	0.00679	0.00177	0.00647	0.00726	0.06850	0.38459
18	0.02277	0.02066	0.03329	0.02447	0.03125	0.02102	0.29495	0.26223	0.02519	0.03449	0.01664	0.01970	0.01246	0.00812	0.00944	0.00245	0.05291	0.00785	0.00556	0.09456
19	0.03002	0.02593	0.02348	0.01877	0.02457	0.18324	0.01513	0.49897	0.03375	0.04268	0.01742	0.01791	0.01271	0.00920	0.00775	0.00230	0.01006	0.00665	0.00701	0.01246
20	0.02087	0.22354	0.05741	0.01742	0.04481	0.06192	0.06523	0.11400	0.01988	0.02673	0.01427	0.01661	0.01167	0.00737	0.00713	0.00188	0.03233	0.00563	0.02945	0.22186
21	0.01246	0.05062	0.01195	0.01015	0.01089	0.01019	0.00682	0.01337	0.01228	0.01692	0.02290	0.04333	0.02492	0.49645	0.15429	0.00781	0.03984	0.01017	0.03885	0.00582
22	0.00985	0.00704	0.00942	0.01126	0.01180	0.00660	0.00769	0.01137	0.01537	0.02045	0.04360	0.67806	0.05203	0.02467	0.01017	0.00325	0.00476	0.05876	0.00736	0.00649
23	0.02938	0.02048	0.02265	0.04669	0.02487	0.02242	0.01468	0.53803	0.03421	0.10552	0.02022	0.02028	0.01420	0.00947	0.00784	0.00238	0.00842	0.00722	0.03800	0.01304
24	0.42880	0.01480	0.01662	0.20729	0.06540	0.01723	0.01377	0.02280	0.04225	0.02971	0.01537	0.02209	0.01284	0.00874	0.00652	0.00260	0.00767	0.05177	0.00478	0.00896

[dist]
# distance from previous block
# <min> <max>
0	1

[block]
# block no. 4 follows, 24 sequences, length 14
# corresponding to MSA columns:
# 349-362
name=unknown_E
#
# <colnr> <probs for GDERKNQSTAVLIFYWHMCP>
#	G	D	E	R	K	N	Q	S	T	A	V	L	I	F	Y	W	H	M	C	P
0	0.01695	0.02164	0.16225	0.09150	0.14743	0.01605	0.14071	0.02256	0.01713	0.02487	0.01577	0.04508	0.01303	0.00751	0.00761	0.00217	0.00958	0.00718	0.00413	0.22686
1	0.02201	0.65964	0.03971	0.01423	0.02075	0.09491	0.01374	0.02451	0.01673	0.01873	0.01114	0.01287	0.01018	0.00692	0.00529	0.00173	0.00904	0.00432	0.00346	0.01008
2	0.01443	0.05950	0.01467	0.03830	0.01583	0.09155	0.00948	0.01854	0.04600	0.02832	0.45462	0.04938	0.10037	0.01437	0.00870	0.00241	0.00570	0.01225	0.00750	0.00806
3	0.01142	0.00831	0.01204	0.01213	0.01342	0.00948	0.00923	0.01402	0.01294	0.01877	0.02274	0.06371	0.02199	0.10395	0.58078	0.01145	0.01871	0.00931	0.03870	0.00690
4	0.03558	0.01350	0.01840	0.01411	0.02024	0.01166	0.01166	0.03865	0.02270	0.67734	0.03128	0.02699	0.01963	0.00981	0.00797	0.00245	0.00675	0.00797	0.00981	0.01350
5	0.00993	0.00710	0.00951	0.01135	0.01193	0.00668	0.00784	0.01151	0.01545	0.02055	0.04356	0.66124	0.05185	0.02459	0.01019	0.00326	0.00484	0.07475	0.00736	0.00652
6	0.03558	0.01350	0.01840	0.01411	0.02024	0.01166	0.01166	0.03865	0.02270	0.67734	0.03128	0.02699	0.01963	0.00981	0.00797	0.00245	0.00675	0.00797	0.00981	0.01350
7	0.01644	0.01409	0.01644	0.01175	0.01879	0.01057	0.00940	0.01997	0.01644	0.02584	0.01409	0.01644	0.01175	0.00587	0.00587	0.00117	0.00587	0.00470	0.00470	0.76979
8	0.01141	0.00817	0.01110	0.01110	0.01195	0.00902	0.00786	0.01311	0.01226	0.01719	0.02274	0.03947	0.02344	0.32498	0.42932	0.01072	0.01580	0.00971	0.00447	0.00617
9	0.01019	0.00728	0.00980	0.01164	0.01233	0.00689	0.00827	0.01195	0.01570	0.02083	0.04342	0.61043	0.05130	0.02435	0.01026	0.00329	0.00506	0.12307	0.00735	0.00659
10	0.02055	0.60654	0.03864	0.01479	0.02043	0.03018	0.01421	0.02296	0.01544	0.01873	0.01092	0.01350	0.01022	0.00798	0.00862	0.00200	0.12627	0.00470	0.00341	0.00992
11	0.00966	0.00690	0.00920	0.01104	0.01150	0.00644	0.00736	0.01104	0.01518	0.02024	0.04371	0.71614	0.05245	0.02484	0.01012	0.00322	0.00460	0.02254	0.00736	0.00644
12	0.00998	0.00703	0.00911	0.01064	0.01102	0.00665	0.00693	0.01112	0.01457	0.01942	0.04055	0.60409	0.04846	0.14232	0.01522	0.00397	0.00512	0.02069	0.00693	0.00616
13	0.02795	0.03429	0.02171	0.01971	0.02386	0.57650	0.01485	0.03343	0.12959	0.02173	0.01563	0.01688	0.01257	0.00861	0.00731	0.00215	0.01295	0.00576	0.00476	0.00976

[dist]
# distance from previous block
# <min> <max>
0	5

[block]
# block no. 5 follows, 24 sequences, length 8
# corresponding to MSA columns:
# 368-375
name=unknown_F
#
# <colnr> <probs for GDERKNQSTAVLIFYWHMCP>
#	G	D	E	R	K	N	Q	S	T	A	V	L	I	F	Y	W	H	M	C	P
0	0.01872	0.02139	0.04679	0.03342	0.04144	0.02005	0.64305	0.02540	0.01872	0.02540	0.01604	0.02139	0.01203	0.00668	0.00936	0.00267	0.01337	0.00936	0.00401	0.01070
1	0.01122	0.00811	0.01060	0.00998	0.01185	0.00748	0.00748	0.01496	0.02245	0.03180	0.66766	0.05923	0.07482	0.01621	0.00935	0.00249	0.00374	0.01434	0.00873	0.00748
2	0.01932	0.02507	0.21212	0.03340	0.32533	0.01959	0.02318	0.07720	0.09587	0.02815	0.01690	0.01984	0.01321	0.00821	0.00878	0.00250	0.04759	0.00695	0.00456	0.01219
3	0.03558	0.01350	0.01840	0.01411	0.02024	0.01166	0.01166	0.03865	0.02270	0.67734	0.03128	0.02699	0.01963	0.00981	0.00797	0.00245	0.00675	0.00797	0.00981	0.01350
4	0.46372	0.02038	0.06823	0.01394	0.01967	0.07362	0.01221	0.14263	0.01961	0.08039	0.01430	0.01544	0.01052	0.00802	0.00608	0.00241	0.00778	0.00528	0.00563	0.01015
5	0.01153	0.00769	0.00865	0.00865	0.00865	0.00769	0.00480	0.01153	0.01153	0.01538	0.02499	0.05189	0.02883	0.72131	0.04036	0.00769	0.00769	0.01153	0.00480	0.00480
6	0.02975	0.03402	0.02279	0.01990	0.02453	0.52845	0.01526	0.18031	0.02606	0.02681	0.01390	0.01545	0.01101	0.00850	0.00734	0.00212	0.01295	0.00560	0.00502	0.01023
7	0.02048	0.14365	0.15584	0.05437	0.11442	0.02219	0.11985	0.09907	0.01917	0.05419	0.01483	0.01818	0.01162	0.00846	0.01015	0.00250	0.10875	0.00675	0.00439	0.01114

[dist]
# distance from previous block
# <min> <max>
0	2

[block]
# block no. 6 follows, 24 sequences, length 59
# corresponding to MSA columns:
# 378-436
name=unknown_G
#
# <colnr> <probs for GDERKNQSTAVLIFYWHMCP>
#	G	D	E	R	K	N	Q	S	T	A	V	L	I	F	Y	W	H	M	C	P
0	0.11658	0.01611	0.02375	0.40959	0.15867	0.01871	0.01985	0.09767	0.01857	0.02691	0.01445	0.01954	0.01103	0.00789	0.00752	0.00253	0.00956	0.00670	0.00431	0.01004
