[name]
unknown

[dist]
# distance from previous block
# <min> <max>
4	155

[block]
# block no. 0 follows, 19 sequences, length 7
# corresponding to MSA columns:
# 166-172
name=unknown_A
#
# <colnr> <probs for GDERKNQSTAVLIFYWHMCP>
#	G	D	E	R	K	N	Q	S	T	A	V	L	I	F	Y	W	H	M	C	P
0	0.01311	0.01116	0.01449	0.01746	0.11756	0.01013	0.01076	0.01642	0.02173	0.02821	0.22313	0.06998	0.37495	0.01897	0.01028	0.00290	0.00548	0.01629	0.00807	0.00892
1	0.01991	0.02434	0.13793	0.21360	0.31897	0.02093	0.08244	0.02647	0.01952	0.02729	0.01657	0.02224	0.01302	0.00828	0.00898	0.00281	0.01185	0.00798	0.00420	0.01266
2	0.02386	0.10905	0.34439	0.02369	0.03401	0.05333	0.06067	0.18368	0.02554	0.03488	0.01716	0.01929	0.01255	0.00899	0.00843	0.00268	0.01216	0.00701	0.00527	0.01337
3	0.01935	0.03159	0.29924	0.02387	0.06801	0.08447	0.02392	0.02848	0.08475	0.02828	0.02658	0.04264	0.02417	0.01334	0.00959	0.00314	0.01134	0.15979	0.00570	0.01173
4	0.02459	0.02675	0.03084	0.03751	0.29755	0.19791	0.02248	0.02815	0.01995	0.02510	0.01461	0.01977	0.01278	0.01041	0.01420	0.00290	0.19092	0.00732	0.00434	0.01192
5	0.02191	0.20710	0.14111	0.03463	0.28937	0.02513	0.02350	0.02987	0.09177	0.02785	0.01789	0.02084	0.01455	0.00848	0.00798	0.00253	0.01036	0.00713	0.00472	0.01328
6	0.01682	0.02057	0.14969	0.01533	0.02283	0.01288	0.01482	0.02224	0.02046	0.03080	0.18128	0.03173	0.03216	0.01019	0.00809	0.00205	0.00739	0.00853	0.00621	0.38592

[dist]
# distance from previous block
# <min> <max>
3	7

[block]
# block no. 1 follows, 19 sequences, length 32
# corresponding to MSA columns:
# 183-214
name=unknown_B
#
# <colnr> <probs for GDERKNQSTAVLIFYWHMCP>
#	G	D	E	R	K	N	Q	S	T	A	V	L	I	F	Y	W	H	M	C	P
0	0.02012	0.01577	0.01853	0.01378	0.02104	0.01258	0.01095	0.05763	0.02026	0.06509	0.01998	0.07153	0.01750	0.00881	0.00728	0.00167	0.00676	0.00726	0.00609	0.59737
1	0.02000	0.01586	0.01870	0.01343	0.02131	0.01201	0.01077	0.02395	0.01903	0.07000	0.01721	0.01935	0.01385	0.00692	0.00679	0.00142	0.00669	0.00555	0.00569	0.69147
2	0.01996	0.01642	0.02098	0.01505	0.02302	0.01272	0.05024	0.02415	0.01913	0.06392	0.01716	0.01961	0.01378	0.00694	0.00703	0.00152	0.00725	0.00587	0.00558	0.64967
3	0.02147	0.01672	0.01948	0.01412	0.02193	0.01350	0.01138	0.07833	0.02124	0.07285	0.01774	0.01963	0.01404	0.00731	0.00701	0.00155	0.00700	0.00581	0.00604	0.62286
4	0.01162	0.00852	0.01113	0.01244	0.01365	0.00771	0.00850	0.01355	0.01780	0.02422	0.08570	0.58609	0.05726	0.02568	0.01098	0.00340	0.00524	0.02322	0.00817	0.06512
5	0.03255	0.02420	0.02607	0.01989	0.02713	0.02625	0.01640	0.54558	0.03985	0.05382	0.02095	0.02120	0.01503	0.01035	0.00873	0.00256	0.00954	0.00780	0.00861	0.08349
6	0.02955	0.01288	0.01737	0.01412	0.01919	0.01133	0.01133	0.03330	0.02550	0.40468	0.26261	0.04447	0.04615	0.01385	0.00960	0.00279	0.00631	0.01177	0.01060	0.01261
7	0.01154	0.00838	0.01088	0.01178	0.01306	0.00773	0.00825	0.01414	0.02041	0.02780	0.26726	0.41047	0.10703	0.02403	0.01104	0.00329	0.00478	0.02153	0.00888	0.00773
8	0.02001	0.01676	0.01933	0.01394	0.02182	0.01342	0.01120	0.07690	0.02077	0.03172	0.01643	0.01883	0.01344	0.00701	0.00684	0.00145	0.00693	0.00556	0.00564	0.67200
9	0.74878	0.01730	0.01315	0.01177	0.01730	0.02007	0.00969	0.02630	0.01523	0.04014	0.01246	0.01453	0.00969	0.00830	0.00554	0.00277	0.00692	0.00484	0.00554	0.00969
10	0.74878	0.01730	0.01315	0.01177	0.01730	0.02007	0.00969	0.02630	0.01523	0.04014	0.01246	0.01453	0.00969	0.00830	0.00554	0.00277	0.00692	0.00484	0.00554	0.00969
11	0.01248	0.00852	0.00985	0.01025	0.01050	0.00834	0.00605	0.01289	0.01417	0.01875	0.03533	0.18134	0.06638	0.52503	0.03718	0.00742	0.00779	0.01572	0.00612	0.00588
12	0.01090	0.00779	0.01038	0.01246	0.01298	0.00727	0.00830	0.01246	0.01713	0.02284	0.04931	0.67975	0.05917	0.02803	0.01142	0.00363	0.00519	0.02543	0.00830	0.00727
13	0.02214	0.02126	0.03631	0.05491	0.62978	0.02126	0.02746	0.02746	0.02037	0.02923	0.01683	0.02214	0.01417	0.00797	0.00886	0.00266	0.01063	0.00797	0.00443	0.01417
14	0.02112	0.02413	0.05279	0.03771	0.04676	0.02262	0.59729	0.02866	0.02112	0.02866	0.01810	0.02413	0.01357	0.00754	0.01056	0.00302	0.01508	0.01056	0.00452	0.01207
15	0.01090	0.00779	0.01038	0.01246	0.01298	0.00727	0.00830	0.01246	0.01713	0.02284	0.04931	0.67975	0.05917	0.02803	0.01142	0.00363	0.00519	0.02543	0.00830	0.00727
16	0.01266	0.00914	0.01196	0.01126	0.01337	0.00844	0.00844	0.01688	0.02532	0.03588	0.62506	0.06683	0.08441	0.01829	0.01055	0.00281	0.00422	0.01618	0.00985	0.00844
17	0.01690	0.01590	0.02683	0.66408	0.06162	0.01988	0.02485	0.02286	0.01789	0.02286	0.01590	0.02385	0.01193	0.00894	0.00894	0.00298	0.01193	0.00795	0.00398	0.00994
18	0.02146	0.31986	0.34991	0.02086	0.03134	0.02743	0.02452	0.06201	0.01998	0.02691	0.01484	0.01711	0.01163	0.00827	0.00735	0.00243	0.01146	0.00592	0.00411	0.01260
19	0.02921	0.02268	0.02415	0.01961	0.02592	0.02550	0.01584	0.37454	0.27529	0.04865	0.02757	0.02633	0.02015	0.01131	0.00901	0.00283	0.00872	0.00890	0.00901	0.01478
20	0.01794	0.04628	0.63923	0.02550	0.03872	0.02078	0.03305	0.02833	0.01889	0.02833	0.01606	0.01889	0.01133	0.00850	0.00850	0.00283	0.01322	0.00661	0.00378	0.01322
21	0.02209	0.02141	0.03719	0.05400	0.59884	0.02133	0.05769	0.02752	0.02041	0.02920	0.01690	0.02225	0.01414	0.00795	0.00895	0.00268	0.01086	0.00811	0.00443	0.01406
22	0.01794	0.04628	0.63923	0.02550	0.03872	0.02078	0.03305	0.02833	0.01889	0.02833	0.01606	0.01889	0.01133	0.00850	0.00850	0.00283	0.01322	0.00661	0.00378	0.01322
23	0.02204	0.01925	0.02079	0.01862	0.02328	0.02266	0.01459	0.04549	0.56633	0.03617	0.03447	0.03229	0.02608	0.01242	0.01070	0.00310	0.05927	0.00993	0.00869	0.01382
24	0.02090	0.01998	0.03406	0.19961	0.49483	0.02093	0.02684	0.02636	0.01978	0.02772	0.01661	0.02255	0.01364	0.00820	0.00888	0.00273	0.01094	0.00797	0.00432	0.01317
25	0.01820	0.01862	0.03306	0.02632	0.02982	0.02108	0.23295	0.02215	0.01724	0.02449	0.02257	0.16987	0.02310	0.01541	0.01829	0.00352	0.27527	0.01281	0.00513	0.01007
26	0.02179	0.02090	0.03569	0.09529	0.59212	0.02117	0.02728	0.02715	0.02021	0.02881	0.01677	0.02226	0.01402	0.00804	0.00886	0.00268	0.01071	0.00797	0.00440	0.01389
27	0.01794	0.04628	0.63923	0.02550	0.03872	0.02078	0.03305	0.02833	0.01889	0.02833	0.01606	0.01889	0.01133	0.00850	0.00850	0.00283	0.01322	0.00661	0.00378	0.01322
28	0.01950	0.01623	0.01879	0.01389	0.02127	0.01311	0.01105	0.07623	0.02067	0.03130	0.01864	0.06265	0.01648	0.00843	0.00716	0.00161	0.00683	0.00689	0.00584	0.62342
29	0.01916	0.17735	0.51880	0.02343	0.03552	0.02375	0.02945	0.02802	0.01874	0.02685	0.01532	0.01797	0.01136	0.00833	0.00794	0.00265	0.01248	0.00624	0.00379	0.01287
30	0.01376	0.01011	0.01250	0.01201	0.01428	0.00962	0.00892	0.06149	0.02441	0.03354	0.40117	0.19350	0.13030	0.02019	0.01061	0.00300	0.00490	0.01776	0.00929	0.00864
31	0.02214	0.02126	0.03631	0.05491	0.62978	0.02126	0.02746	0.02746	0.02037	0.02923	0.01683	0.02214	0.01417	0.00797	0.00886	0.00266	0.01063	0.00797	0.00443	0.01417

[dist]
# distance from previous block
# <min> <max>
2	5

[block]
# block no. 2 follows, 19 sequences, length 39
# corresponding to MSA columns:
# 222-260
name=unknown_C
#
# <colnr> <probs for GDERKNQSTAVLIFYWHMCP>
#	G	D	E	R	K	N	Q	S	T	A	V	L	I	F	Y	W	H	M	C	P
0	0.02008	0.01890	0.03079	0.26476	0.35087	0.02026	0.02460	0.02688	0.05930	0.02753	0.01776	0.02328	0.01421	0.00851	0.00877	0.00271	0.01060	0.00794	0.00464	0.05763
1	0.03105	0.01670	0.02410	0.01843	0.02530	0.01515	0.08816	0.03795	0.09949	0.36696	0.05841	0.03006	0.02340	0.01047	0.00895	0.00263	0.00821	0.00916	0.00910	0.11629
2	0.01855	0.01590	0.01855	0.01325	0.02120	0.01193	0.01060	0.02253	0.01855	0.02915	0.01590	0.01855	0.01325	0.00663	0.00663	0.00133	0.00663	0.00530	0.00530	0.74028
3	0.03173	0.02598	0.02816	0.02203	0.02830	0.08249	0.04835	0.45784	0.03644	0.04814	0.01958	0.02095	0.01443	0.01096	0.01113	0.00280	0.08090	0.00796	0.00779	0.01404
4	0.02183	0.02094	0.03575	0.09137	0.59577	0.02117	0.02730	0.02718	0.02022	0.02885	0.01677	0.02224	0.01404	0.00803	0.00886	0.00268	0.01071	0.00797	0.00440	0.01392
5	0.01090	0.00779	0.01038	0.01246	0.01298	0.00727	0.00830	0.01246	0.01713	0.02284	0.04931	0.67975	0.05917	0.02803	0.01142	0.00363	0.00519	0.02543	0.00830	0.00727
6	0.03401	0.02506	0.02685	0.02058	0.02774	0.02774	0.01700	0.59995	0.04206	0.05638	0.02148	0.02148	0.01521	0.01074	0.00895	0.00268	0.00984	0.00805	0.00895	0.01521
7	0.02497	0.43726	0.14454	0.01877	0.02672	0.16767	0.01881	0.02902	0.01988	0.02249	0.01337	0.01553	0.01146	0.00814	0.00673	0.00216	0.01164	0.00531	0.00399	0.01154
8	0.06382	0.10840	0.02701	0.02285	0.06628	0.42455	0.01677	0.05991	0.04930	0.02555	0.01862	0.02042	0.04033	0.00972	0.00794	0.00239	0.01339	0.00665	0.00512	0.01098
9	0.01090	0.00779	0.01038	0.01246	0.01298	0.00727	0.00830	0.01246	0.01713	0.02284	0.04931	0.67975	0.05917	0.02803	0.01142	0.00363	0.00519	0.02543	0.00830	0.00727
10	0.01266	0.00914	0.01196	0.01126	0.01337	0.00844	0.00844	0.01688	0.02532	0.03588	0.62506	0.06683	0.08441	0.01829	0.01055	0.00281	0.00422	0.01618	0.00985	0.00844
11	0.02112	0.02413	0.05279	0.03771	0.04676	0.02262	0.59729	0.02866	0.02112	0.02866	0.01810	0.02413	0.01357	0.00754	0.01056	0.00302	0.01508	0.01056	0.00452	0.01207
12	0.02112	0.02413	0.05279	0.03771	0.04676	0.02262	0.59729	0.02866	0.02112	0.02866	0.01810	0.02413	0.01357	0.00754	0.01056	0.00302	0.01508	0.01056	0.00452	0.01207
13	0.01301	0.00867	0.00976	0.00976	0.00976	0.00867	0.00542	0.01301	0.01301	0.01735	0.02819	0.05855	0.03253	0.68559	0.04554	0.00867	0.00867	0.01301	0.00542	0.00542
14	0.01090	0.00779	0.01038	0.01246	0.01298	0.00727	0.00830	0.01246	0.01713	0.02284	0.04931	0.67975	0.05917	0.02803	0.01142	0.00363	0.00519	0.02543	0.00830	0.00727
15	0.01423	0.01189	0.01357	0.01392	0.01563	0.03979	0.01008	0.01950	0.09771	0.02710	0.15120	0.37844	0.08856	0.02226	0.01180	0.00332	0.04463	0.01941	0.00827	0.00870
16	0.01855	0.01590	0.01855	0.01325	0.02120	0.01193	0.01060	0.02253	0.01855	0.02915	0.01590	0.01855	0.01325	0.00663	0.00663	0.00133	0.00663	0.00530	0.00530	0.74028
17	0.02524	0.63575	0.04475	0.01536	0.02295	0.03358	0.01513	0.02816	0.01879	0.07130	0.01431	0.01567	0.01235	0.00793	0.00601	0.00198	0.00941	0.00513	0.00442	0.01179
18	0.02041	0.02905	0.18292	0.03500	0.04497	0.02221	0.47209	0.02859	0.02062	0.02859	0.01765	0.02297	0.01308	0.00775	0.01010	0.00298	0.01467	0.00968	0.00436	0.01232
19	0.02225	0.01922	0.02023	0.01821	0.02326	0.02225	0.01416	0.04754	0.61361	0.03742	0.03641	0.03338	0.02731	0.01214	0.00910	0.00303	0.00708	0.01011	0.00910	0.01416
20	0.01959	0.01652	0.01911	0.01374	0.02164	0.01299	0.01103	0.06138	0.02013	0.03098	0.01628	0.01875	0.01338	0.00690	0.00678	0.00142	0.00684	0.00549	0.00555	0.69149
21	0.01946	0.01644	0.01904	0.01368	0.02159	0.01285	0.01098	0.05636	0.01993	0.03075	0.01623	0.01872	0.01337	0.00687	0.00676	0.00140	0.00681	0.00546	0.00551	0.69779
22	0.01057	0.00906	0.00906	0.00906	0.01208	0.00755	0.00680	0.01284	0.02039	0.02417	0.09063	0.08610	0.62615	0.02266	0.01057	0.00302	0.00453	0.01888	0.00831	0.00755
23	0.01090	0.00779	0.01038	0.01246	0.01298	0.00727	0.00830	0.01246	0.01713	0.02284	0.04931	0.67975	0.05917	0.02803	0.01142	0.00363	0.00519	0.02543	0.00830	0.00727
24	0.01794	0.04628	0.63923	0.02550	0.03872	0.02078	0.03305	0.02833	0.01889	0.02833	0.01606	0.01889	0.01133	0.00850	0.00850	0.00283	0.01322	0.00661	0.00378	0.01322
25	0.04014	0.01523	0.02076	0.01592	0.02284	0.01315	0.01315	0.04360	0.02561	0.63597	0.03530	0.03045	0.02215	0.01107	0.00900	0.00277	0.00761	0.00900	0.01107	0.01523
26	0.01794	0.04628	0.63923	0.02550	0.03872	0.02078	0.03305	0.02833	0.01889	0.02833	0.01606	0.01889	0.01133	0.00850	0.00850	0.00283	0.01322	0.00661	0.00378	0.01322
27	0.01410	0.01020	0.01398	0.01587	0.01801	0.01007	0.01379	0.01807	0.02058	0.02656	0.05090	0.09971	0.09845	0.02455	0.01221	0.00403	0.00794	0.52456	0.00824	0.00818
28	0.03508	0.01878	0.02246	0.01763	0.02415	0.01889	0.01440	0.25783	0.06008	0.34391	0.03085	0.06730	0.02200	0.01205	0.00913	0.00280	0.00830	0.00970	0.00998	0.01468
29	0.01090	0.00779	0.01038	0.01246	0.01298	0.00727	0.00830	0.01246	0.01713	0.02284	0.04931	0.67975	0.05917	0.02803	0.01142	0.00363	0.00519	0.02543	0.00830	0.00727
30	0.01748	0.01650	0.02789	0.59599	0.12513	0.02003	0.02514	0.02337	0.01817	0.02357	0.01601	0.02366	0.01218	0.00884	0.00893	0.00295	0.01178	0.00795	0.00403	0.01041
31	0.03976	0.01679	0.02102	0.01632	0.02311	0.04949	0.01339	0.04315	0.02559	0.60091	0.03407	0.02963	0.02154	0.01097	0.00894	0.00274	0.00810	0.00881	0.01070	0.01495
32	0.01833	0.08798	0.60091	0.02484	0.03770	0.02172	0.03191	0.02823	0.01884	0.02786	0.01582	0.01859	0.01134	0.00845	0.00832	0.00277	0.01299	0.00649	0.00378	0.01311
33	0.02065	0.02287	0.04847	0.03825	0.11211	0.02159	0.49789	0.02759	0.02080	0.02839	0.01973	0.06134	0.01625	0.00876	0.01041	0.00301	0.01400	0.01111	0.00473	0.01204
34	0.01308	0.01051	0.01582	0.01509	0.01727	0.00972	0.07367	0.01564	0.01803	0.02424	0.07034	0.39150	0.07847	0.09694	0.01484	0.00396	0.00693	0.06489	0.00745	0.05161
35	0.07981	0.01972	0.01644	0.01514	0.01860	0.17212	0.01146	0.08330	0.02461	0.03176	0.21659	0.12824	0.11505	0.01621	0.00947	0.00280	0.00819	0.01332	0.00770	0.00949
36	0.06893	0.03626	0.06488	0.02210	0.02760	0.40086	0.01799	0.15801	0.02736	0.03083	0.01546	0.01762	0.01224	0.00986	0.00948	0.00255	0.05451	0.00640	0.00552	0.01155
37	0.26213	0.06195	0.02262	0.01787	0.02374	0.17512	0.01440	0.20376	0.07484	0.03941	0.01747	0.01855	0.01334	0.00954	0.00748	0.00261	0.01018	0.00646	0.00655	0.01199
38	0.10221	0.02943	0.22382	0.02834	0.16117	0.02209	0.02336	0.18522	0.02570	0.08709	0.01890	0.02079	0.01372	0.00919	0.00843	0.00274	0.01061	0.00731	0.00611	0.01376

[dist]
# distance from previous block
# <min> <max>
34	113

[block]
# block no. 3 follows, 19 sequences, length 31
# corresponding to MSA columns:
# 382-412
name=unknown_D
#
# <colnr> <probs for GDERKNQSTAVLIFYWHMCP>
#	G	D	E	R	K	N	Q	S	T	A	V	L	I	F	Y	W	H	M	C	P
0	0.02160	0.06414	0.23638	0.03387	0.17704	0.02180	0.17014	0.03048	0.06698	0.06251	0.01923	0.02252	0.01443	0.00852	0.00903	0.00280	0.01210	0.00824	0.00494	0.01325
1	0.02028	0.09570	0.15758	0.05045	0.04698	0.01928	0.10471	0.05801	0.04799	0.05596	0.09196	0.05803	0.02444	0.01048	0.00871	0.00257	0.00983	0.00928	0.00592	0.12182
2	0.05969	0.08124	0.07192	0.10334	0.15089	0.05438	0.08280	0.02710	0.02025	0.09945	0.04832	0.06513	0.02192	0.03804	0.01040	0.00305	0.01035	0.03436	0.00581	0.01156
3	0.13484	0.02844	0.24767	0.05910	0.09437	0.01985	0.11130	0.02802	0.06461	0.03150	0.07728	0.02540	0.02014	0.00953	0.00865	0.00285	0.01082	0.00835	0.00525	0.01201
4	0.05131	0.02600	0.18089	0.03364	0.20923	0.01955	0.13994	0.05136	0.02133	0.05790	0.06732	0.05913	0.02142	0.01013	0.00925	0.00285	0.01105	0.00963	0.00545	0.01261
5	0.05137	0.06320	0.21670	0.05348	0.11285	0.01885	0.09067	0.02871	0.02110	0.12703	0.10425	0.02830	0.02390	0.01006	0.00891	0.00277	0.01042	0.00887	0.00606	0.01249
6	0.06115	0.10353	0.16521	0.12852	0.12717	0.02083	0.02141	0.02874	0.09131	0.05964	0.06999	0.02752	0.03770	0.01014	0.00846	0.00274	0.00982	0.00839	0.00564	0.01210
7	0.01926	0.02518	0.17314	0.06318	0.26664	0.01929	0.09317	0.02673	0.05055	0.02849	0.02619	0.03404	0.06541	0.01089	0.00943	0.00293	0.01095	0.05690	0.00514	0.01249
8	0.10703	0.02929	0.21527	0.10751	0.15621	0.08724	0.04227	0.02712	0.01974	0.02902	0.04920	0.02215	0.01601	0.00892	0.00831	0.00268	0.01133	0.00734	0.00467	0.04868
9	0.05220	0.03397	0.38512	0.02496	0.07829	0.01896	0.05529	0.05119	0.02122	0.06191	0.10752	0.02701	0.02313	0.01008	0.00885	0.00281	0.01108	0.00844	0.00543	0.01255
10	0.17798	0.03284	0.30152	0.10203	0.11264	0.07283	0.02498	0.02774	0.01871	0.02982	0.01517	0.01873	0.01143	0.00850	0.00792	0.00277	0.01161	0.00649	0.00434	0.01195
11	0.12859	0.02161	0.15396	0.05332	0.15949	0.01643	0.01960	0.02403	0.01931	0.05668	0.06132	0.11250	0.05540	0.01364	0.00912	0.00302	0.00901	0.06581	0.00606	0.01110
12	0.01602	0.01380	0.01972	0.20390	0.09356	0.01501	0.01650	0.02328	0.10150	0.02789	0.11167	0.08687	0.12427	0.01581	0.01002	0.00314	0.00816	0.09189	0.00695	0.01003
13	0.10617	0.09466	0.39113	0.02441	0.07950	0.02220	0.02601	0.03018	0.08942	0.03025	0.01780	0.01995	0.01328	0.00879	0.00800	0.00275	0.01121	0.00676	0.00468	0.01283
14	0.01815	0.03448	0.39800	0.02237	0.03237	0.01904	0.05085	0.02970	0.11660	0.03083	0.09655	0.02753	0.02339	0.01018	0.00884	0.00279	0.01080	0.00850	0.00553	0.05350
15	0.01753	0.01630	0.02605	0.58733	0.05706	0.02016	0.02358	0.02579	0.08869	0.02459	0.01834	0.02498	0.01375	0.00932	0.00896	0.00299	0.01135	0.00821	0.00458	0.01044
16	0.01908	0.02038	0.04153	0.03052	0.03799	0.01875	0.42760	0.02518	0.02014	0.02773	0.02312	0.13448	0.02126	0.01090	0.01023	0.00292	0.01240	0.01245	0.00526	0.09809
17	0.01848	0.04252	0.53970	0.02757	0.04009	0.02109	0.12882	0.02839	0.01927	0.02839	0.01640	0.01978	0.01171	0.00834	0.00885	0.00286	0.01354	0.00728	0.00390	0.01303
18	0.02296	0.01691	0.01980	0.01444	0.02218	0.01396	0.01167	0.09388	0.02219	0.10452	0.01887	0.02031	0.01454	0.00764	0.00718	0.00166	0.00713	0.00607	0.00642	0.56765
19	0.01827	0.04431	0.59174	0.02782	0.08528	0.02082	0.03261	0.02826	0.01901	0.02840	0.01612	0.01914	0.01156	0.00846	0.00853	0.00282	0.01302	0.00672	0.00383	0.01330
20	0.66171	0.01713	0.01379	0.01194	0.01777	0.01910	0.00980	0.02585	0.01562	0.03883	0.01287	0.01501	0.01011	0.00810	0.00567	0.00260	0.00689	0.00490	0.00551	0.09680
21	0.01840	0.01831	0.03346	0.40268	0.10431	0.02064	0.16268	0.02443	0.01879	0.02491	0.01758	0.02666	0.01410	0.00948	0.01044	0.00305	0.04386	0.03114	0.00432	0.01075
22	0.01783	0.01754	0.03226	0.02497	0.03047	0.01684	0.29104	0.02503	0.08975	0.02707	0.02843	0.17758	0.02778	0.09326	0.01452	0.00374	0.01065	0.01387	0.00608	0.05129
23	0.03359	0.01570	0.02019	0.01546	0.02248	0.01358	0.01262	0.03889	0.07024	0.44435	0.03077	0.02785	0.02044	0.01010	0.00844	0.00245	0.00734	0.00820	0.00954	0.18776
24	0.05377	0.44646	0.16743	0.01826	0.02609	0.03071	0.01929	0.02647	0.01767	0.02347	0.01312	0.01593	0.01140	0.00881	0.00912	0.00238	0.08861	0.00553	0.00390	0.01157
25	0.02959	0.02103	0.05273	0.02570	0.14493	0.02070	0.01799	0.16447	0.18015	0.20479	0.02799	0.02705	0.01988	0.01055	0.00896	0.00280	0.00882	0.00877	0.00845	0.01465
26	0.02434	0.13028	0.02442	0.01686	0.02268	0.08771	0.01372	0.05988	0.25870	0.08265	0.05437	0.02965	0.04899	0.01101	0.00826	0.00252	0.00832	0.00867	0.00747	0.09951
27	0.04521	0.01429	0.08634	0.01277	0.01665	0.01075	0.01125	0.01876	0.04880	0.03154	0.33164	0.09170	0.21074	0.01802	0.01007	0.00292	0.00567	0.01542	0.00843	0.00903
28	0.02152	0.01727	0.01918	0.01650	0.02206	0.01802	0.01302	0.03843	0.38060	0.06837	0.05771	0.03487	0.02749	0.01173	0.00875	0.00266	0.00694	0.04005	0.00829	0.18652
29	0.01832	0.04364	0.56954	0.02695	0.03968	0.02100	0.10011	0.02837	0.01915	0.02837	0.01630	0.01951	0.01160	0.00839	0.00874	0.00286	0.01344	0.00708	0.00387	0.01308
30	0.02105	0.02683	0.13341	0.09882	0.03417	0.10669	0.11883	0.02864	0.08956	0.02602	0.01831	0.02403	0.01503	0.04767	0.01509	0.00332	0.14450	0.00830	0.00484	0.03488

[dist]
# distance from previous block
# <min> <max>
1	6

[block]
# block no. 4 follows, 19 sequences, length 125
# corresponding to MSA columns:
# 419-543
name=unknown_E
#
# <colnr> <probs for GDERKNQSTAVLIFYWHMCP>
#	G	D	E	R	K	N	Q	S	T	A	V	L	I	F	Y	W	H	M	C	P
0	0.06663	0.02074	0.07412	0.19259	0.30790	0.01977	0.02363	0.02794	0.04461	0.06850	0.01826	0.02266	0.01416	0.00857	0.00853	0.00270	0.01032	0.00767	0.00502	0.05568
1	0.01749	0.03272	0.37277	0.02154	0.03170	0.01709	0.05913	0.02519	0.01925	0.02869	0.05830	0.06464	0.01980	0.00989	0.00850	0.00253	0.01065	0.00837	0.00488	0.18688
2	0.01559	0.01153	0.01795	0.01507	0.01841	0.01063	0.08675	0.02020	0.02479	0.07436	0.50590	0.05878	0.07094	0.01639	0.01045	0.00284	0.00588	0.01496	0.00922	0.00937
3	0.01844	0.01737	0.02889	0.45415	0.21487	0.01973	0.02463	0.02410	0.01861	0.02502	0.01616	0.02303	0.01263	0.00853	0.00877	0.00278	0.01122	0.00778	0.00419	0.05910
4	0.02392	0.69097	0.04688	0.01531	0.02296	0.03540	0.01531	0.02679	0.01818	0.02105	0.01244	0.01435	0.01148	0.00765	0.00574	0.00191	0.00957	0.00478	0.00383	0.01148
5	0.01252	0.00914	0.01177	0.01111	0.01328	0.00838	0.00833	0.01662	0.02500	0.03511	0.58994	0.06809	0.12002	0.01858	0.01055	0.00283	0.00424	0.01636	0.00975	0.00838
6	0.01554	0.00777	0.01166	0.01166	0.01166	0.00777	0.00777	0.01166	0.01166	0.01554	0.01554	0.02720	0.01554	0.03108	0.03497	0.73970	0.00777	0.00777	0.00389	0.00389
7	0.01278	0.00959	0.01438	0.01438	0.01598	0.01118	0.01118	0.01598	0.01438	0.02077	0.02396	0.03515	0.02237	0.06710	0.65013	0.01438	0.02396	0.00959	0.00479	0.00799
8	0.01794	0.04628	0.63923	0.02550	0.03872	0.02078	0.03305	0.02833	0.01889	0.02833	0.01606	0.01889	0.01133	0.00850	0.00850	0.00283	0.01322	0.00661	0.00378	0.01322
9	0.03706	0.01454	0.01977	0.01539	0.02178	0.01262	0.01262	0.04060	0.02557	0.56863	0.10148	0.03453	0.02913	0.01188	0.00917	0.00277	0.00723	0.00980	0.01094	0.01446
10	0.65000	0.05901	0.01625	0.05992	0.02091	0.02101	0.01115	0.02608	0.01560	0.03768	0.01271	0.01521	0.00996	0.00831	0.00580	0.00273	0.00745	0.00507	0.00532	0.00982
11	0.02170	0.01871	0.02155	0.05978	0.06975	0.02057	0.01525	0.07299	0.40735	0.03556	0.03280	0.03181	0.04837	0.01137	0.00885	0.00279	0.00764	0.00953	0.00797	0.09565
12	0.01255	0.00914	0.01181	0.01114	0.01330	0.00840	0.00836	0.01667	0.02507	0.03527	0.59751	0.06782	0.11234	0.01852	0.01055	0.00282	0.00424	0.01632	0.00977	0.00840
13	0.01554	0.00777	0.01166	0.01166	0.01166	0.00777	0.00777	0.01166	0.01166	0.01554	0.01554	0.02720	0.01554	0.03108	0.03497	0.73970	0.00777	0.00777	0.00389	0.00389
14	0.01278	0.00920	0.01294	0.01315	0.01438	0.01024	0.00971	0.01530	0.01459	0.02089	0.02746	0.10422	0.02785	0.16722	0.45612	0.01182	0.01865	0.01173	0.03425	0.00749
15	0.01953	0.01223	0.01523	0.01336	0.01690	0.01193	0.01037	0.05930	0.09337	0.13574	0.42547	0.05436	0.06359	0.01596	0.01004	0.00282	0.00544	0.01383	0.00991	0.01061
16	0.01993	0.04908	0.03180	0.06715	0.02985	0.05071	0.12470	0.02332	0.01605	0.02286	0.01419	0.02147	0.01285	0.01691	0.06832	0.00431	0.40395	0.00825	0.00412	0.01018
17	0.02214	0.02126	0.03631	0.05491	0.62978	0.02126	0.02746	0.02746	0.02037	0.02923	0.01683	0.02214	0.01417	0.00797	0.00886	0.00266	0.01063	0.00797	0.00443	0.01417
18	0.02479	0.49780	0.11850	0.01793	0.02577	0.13891	0.01790	0.02852	0.01950	0.02212	0.01314	0.01523	0.01147	0.00803	0.00649	0.00210	0.01116	0.00518	0.00395	0.01151
19	0.71779	0.04610	0.01459	0.01192	0.01754	0.02073	0.00993	0.02632	0.01535	0.03932	0.01246	0.01453	0.00977	0.00828	0.00555	0.00273	0.00703	0.00484	0.00546	0.00977
20	0.01298	0.00878	0.01028	0.01028	0.01046	0.00896	0.00607	0.01335	0.01316	0.01773	0.02771	0.05590	0.03138	0.61572	0.11383	0.00932	0.01040	0.01262	0.00535	0.00571
21	0.02570	0.01810	0.01984	0.01709	0.02242	0.01986	0.01351	0.10496	0.39036	0.13851	0.03645	0.03382	0.05044	0.01215	0.00896	0.00289	0.00719	0.00997	0.05398	0.01381
22	0.01339	0.01102	0.01642	0.23196	0.02986	0.01180	0.01402	0.01658	0.01747	0.02323	0.03601	0.41824	0.04044	0.02029	0.01029	0.00327	0.00755	0.01831	0.00666	0.05320
23	0.04014	0.01523	0.02076	0.01592	0.02284	0.01315	0.01315	0.04360	0.02561	0.63597	0.03530	0.03045	0.02215	0.01107	0.00900	0.00277	0.00761	0.00900	0.01107	0.01523
24	0.02155	0.01848	0.01962	0.01770	0.02254	0.02124	0.01374	0.04529	0.57038	0.03731	0.07967	0.03584	0.03151	0.01259	0.00921	0.00302	0.00687	0.01056	0.00916	0.01374
25	0.02095	0.02364	0.05004	0.03617	0.04424	0.02314	0.53478	0.02789	0.02031	0.02789	0.01741	0.02364	0.01338	0.00842	0.01259	0.00311	0.08586	0.01026	0.00446	0.01182
26	0.01130	0.00807	0.01084	0.01291	0.01361	0.00761	0.00900	0.01315	0.01752	0.02328	0.04909	0.61415	0.05830	0.02765	0.01153	0.00369	0.00554	0.08709	0.00830	0.00738
27	0.02214	0.02126	0.03631	0.05491	0.62978	0.02126	0.02746	0.02746	0.02037	0.02923	0.01683	0.02214	0.01417	0.00797	0.00886	0.00266	0.01063	0.00797	0.00443	0.01417
28	0.01855	0.01590	0.01855	0.01325	0.02120	0.01193	0.01060	0.02253	0.01855	0.02915	0.01590	0.01855	0.01325	0.00663	0.00663	0.00133	0.00663	0.00530	0.00530	0.74028
29	0.02392	0.69097	0.04688	0.01531	0.02296	0.03540	0.01531	0.02679	0.01818	0.02105	0.01244	0.01435	0.01148	0.00765	0.00574	0.00191	0.00957	0.00478	0.00383	0.01148
30	0.01830	0.08447	0.60414	0.02490	0.03779	0.02164	0.03200	0.02824	0.01885	0.02790	0.01584	0.01862	0.01134	0.00845	0.00834	0.00278	0.01301	0.00650	0.00378	0.01312
31	0.74878	0.01730	0.01315	0.01177	0.01730	0.02007	0.00969	0.02630	0.01523	0.04014	0.01246	0.01453	0.00969	0.00830	0.00554	0.00277	0.00692	0.00484	0.00554	0.00969
32	0.02225	0.01922	0.02023	0.01821	0.02326	0.02225	0.01416	0.04754	0.61361	0.03742	0.03641	0.03338	0.02731	0.01214	0.00910	0.00303	0.00708	0.01011	0.00910	0.01416
33	0.01855	0.01590	0.01855	0.01325	0.02120	0.01193	0.01060	0.02253	0.01855	0.02915	0.01590	0.01855	0.01325	0.00663	0.00663	0.00133	0.00663	0.00530	0.00530	0.74028
34	0.01958	0.22255	0.47727	0.02271	0.03441	0.02478	0.02820	0.02791	0.01869	0.02634	0.01507	0.01765	0.01137	0.00827	0.00775	0.00258	0.01222	0.00611	0.00379	0.01275
35	0.01090	0.00779	0.01038	0.01246	0.01298	0.00727	0.00830	0.01246	0.01713	0.02284	0.04931	0.67975	0.05917	0.02803	0.01142	0.00363	0.00519	0.02543	0.00830	0.00727
36	0.01855	0.01590	0.01855	0.01325	0.02120	0.01193	0.01060	0.02253	0.01855	0.02915	0.01590	0.01855	0.01325	0.00663	0.00663	0.00133	0.00663	0.00530	0.00530	0.74028
37	0.02359	0.26358	0.21447	0.01990	0.02879	0.02440	0.05600	0.05773	0.02050	0.10401	0.01813	0.02024	0.01389	0.01225	0.04878	0.00317	0.01154	0.00672	0.00517	0.04715
38	0.74878	0.01730	0.01315	0.01177	0.01730	0.02007	0.00969	0.02630	0.01523	0.04014	0.01246	0.01453	0.00969	0.00830	0.00554	0.00277	0.00692	0.00484	0.00554	0.00969
39	0.01821	0.01680	0.02740	0.37025	0.21764	0.01905	0.02331	0.02474	0.05402	0.02580	0.02137	0.06894	0.01882	0.01099	0.00929	0.00300	0.01062	0.04366	0.00494	0.01114
40	0.01401	0.00944	0.01239	0.01148	0.01383	0.00867	0.00867	0.01820	0.02534	0.06542	0.59603	0.06504	0.08135	0.01793	0.01048	0.00281	0.00439	0.01583	0.00991	0.00878
41	0.01690	0.01590	0.02683	0.66408	0.06162	0.01988	0.02485	0.02286	0.01789	0.02286	0.01590	0.02385	0.01193	0.00894	0.00894	0.00298	0.01193	0.00795	0.00398	0.00994
42	0.01221	0.00897	0.01144	0.01116	0.01317	0.00820	0.00824	0.01588	0.02375	0.03294	0.49340	0.14470	0.14269	0.01999	0.01066	0.00294	0.00438	0.01763	0.00948	0.00820
43	0.01735	0.01678	0.02961	0.59716	0.06003	0.02017	0.08601	0.02348	0.01823	0.02348	0.01614	0.02388	0.01210	0.00879	0.00912	0.00299	0.01226	0.00823	0.00403	0.01017
44	0.01112	0.00794	0.01063	0.01270	0.01332	0.00745	0.00868	0.01283	0.01734	0.02308	0.04919	0.64420	0.05870	0.02783	0.01148	0.00366	0.00538	0.05885	0.00830	0.00733
45	0.01923	0.09971	0.27183	0.02500	0.03254	0.02375	0.11690	0.02561	0.01807	0.02614	0.05070	0.02229	0.01614	0.01088	0.01461	0.00307	0.19966	0.00797	0.00430	0.01159
46	0.02286	0.01952	0.02057	0.01833	0.02349	0.02254	0.01431	0.07601	0.58416	0.03840	0.03564	0.03277	0.02669	0.01207	0.00910	0.00302	0.00722	0.01001	0.00910	0.01422
47	0.02392	0.69097	0.04688	0.01531	0.02296	0.03540	0.01531	0.02679	0.01818	0.02105	0.01244	0.01435	0.01148	0.00765	0.00574	0.00191	0.00957	0.00478	0.00383	0.01148
48	0.74878	0.01730	0.01315	0.01177	0.01730	0.02007	0.00969	0.02630	0.01523	0.04014	0.01246	0.01453	0.00969	0.00830	0.00554	0.00277	0.00692	0.00484	0.00554	0.00969
49	0.03149	0.02381	0.02543	0.02008	0.02678	0.02657	0.01640	0.48166	0.16445	0.05232	0.02468	0.02403	0.01780	0.01104	0.00898	0.00276	0.00925	0.00850	0.00898	0.01499
50	0.01138	0.00825	0.01074	0.01190	0.01303	0.00762	0.00825	0.01373	0.01965	0.02661	0.21469	0.46845	0.10265	0.02493	0.01112	0.00336	0.00487	0.02240	0.00874	0.00762
51	0.01861	0.01826	0.02551	0.02226	0.02232	0.02516	0.01832	0.02052	0.01408	0.02168	0.01592	0.09304	0.01702	0.01704	0.02736	0.00388	0.59531	0.00979	0.00440	0.00951
52	0.02392	0.69097	0.04688	0.01531	0.02296	0.03540	0.01531	0.02679	0.01818	0.02105	0.01244	0.01435	0.01148	0.00765	0.00574	0.00191	0.00957	0.00478	0.00383	0.01148
53	0.01266	0.00914	0.01196	0.01126	0.01337	0.00844	0.00844	0.01688	0.02532	0.03588	0.62506	0.06683	0.08441	0.01829	0.01055	0.00281	0.00422	0.01618	0.00985	0.00844
54	0.02534	0.01834	0.02057	0.01809	0.02327	0.02018	0.01463	0.14772	0.33280	0.11169	0.03528	0.04219	0.02847	0.01387	0.00961	0.00312	0.00787	0.10432	0.00917	0.01349
55	0.01868	0.04117	0.50405	0.02831	0.04057	0.02120	0.16311	0.02841	0.01940	0.02841	0.01653	0.02010	0.01185	0.00828	0.00897	0.00288	0.01365	0.00752	0.00395	0.01296
56	0.01498	0.05399	0.01703	0.01468	0.01625	0.04046	0.01123	0.01726	0.01486	0.02031	0.02366	0.06692	0.02398	0.17930	0.36823	0.01038	0.08321	0.01040	0.00493	0.00793
57	0.01917	0.15575	0.50099	0.02450	0.03651	0.02341	0.06502	0.02809	0.01890	0.02710	0.01556	0.01843	0.01150	0.00829	0.00815	0.00269	0.01271	0.00654	0.00383	0.01285
58	0.01186	0.00971	0.01054	0.01022	0.01312	0.00870	0.00770	0.01608	0.05819	0.02819	0.23352	0.07759	0.44114	0.02082	0.01048	0.00297	0.00460	0.01760	0.00878	0.00820
59	0.01867	0.08379	0.53622	0.02625	0.03865	0.02189	0.09569	0.02827	0.01910	0.02792	0.01606	0.01920	0.01160	0.00834	0.00856	0.00280	0.01321	0.00694	0.00387	0.01298
60	0.02180	0.02308	0.07695	0.05192	0.55511	0.02131	0.06283	0.02759	0.02032	0.02913	0.01686	0.02205	0.01395	0.00798	0.00894	0.00269	0.01107	0.00804	0.00439	0.01398
61	0.01450	0.00843	0.00943	0.00968	0.01154	0.00811	0.00707	0.01808	0.01979	0.03135	0.14829	0.16072	0.07811	0.01586	0.00827	0.00256	0.00439	0.01357	0.42213	0.00811
62	0.03342	0.04264	0.02535	0.02305	0.02766	0.64967	0.01729	0.03572	0.02535	0.02190	0.01383	0.01613	0.01152	0.00922	0.00807	0.00230	0.01613	0.00576	0.00461	0.01037
63	0.01855	0.01590	0.01855	0.01325	0.02120	0.01193	0.01060	0.02253	0.01855	0.02915	0.01590	0.01855	0.01325	0.00663	0.00663	0.00133	0.00663	0.00530	0.00530	0.74028
64	0.02586	0.01877	0.02215	0.01786	0.05467	0.01717	0.01365	0.19372	0.02636	0.11055	0.01992	0.02103	0.01495	0.00843	0.00771	0.00196	0.00789	0.00669	0.00702	0.40365
65	0.01805	0.04462	0.60126	0.02537	0.03778	0.02119	0.03222	0.02791	0.01857	0.02791	0.01579	0.01893	0.01136	0.00894	0.00979	0.00290	0.05394	0.00669	0.00379	0.01301
66	0.01323	0.01058	0.01627	0.01588	0.01775	0.01009	0.07964	0.04236	0.01880	0.02514	0.04423	0.56948	0.05159	0.02474	0.01120	0.00351	0.00660	0.02282	0.00788	0.00822
67	0.02427	0.62554	0.06907	0.01619	0.02388	0.07256	0.01613	0.02740	0.01865	0.02139	0.01267	0.01464	0.01148	0.00778	0.00599	0.00197	0.01012	0.00492	0.00387	0.01148
68	0.01099	0.00785	0.01046	0.01240	0.01300	0.00733	0.00831	0.01268	0.01755	0.02350	0.07857	0.64860	0.06045	0.02753	0.01138	0.00359	0.00514	0.02496	0.00838	0.00733
69	0.01702	0.00934	0.00982	0.00956	0.01183	0.00942	0.00719	0.05428	0.02045	0.03411	0.06937	0.08235	0.02918	0.01225	0.00708	0.00228	0.00458	0.01009	0.59112	0.00867
70	0.01848	0.10406	0.58614	0.02459	0.03731	0.02209	0.03146	0.02819	0.01882	0.02768	0.01573	0.01848	0.01135	0.00842	0.00825	0.00275	0.01289	0.00645	0.00378	0.01307
71	0.02392	0.69097	0.04688	0.01531	0.02296	0.03540	0.01531	0.02679	0.01818	0.02105	0.01244	0.01435	0.01148	0.00765	0.00574	0.00191	0.00957	0.00478	0.00383	0.01148
72	0.01090	0.00779	0.01038	0.01246	0.01298	0.00727	0.00830	0.01246	0.01713	0.02284	0.04931	0.67975	0.05917	0.02803	0.01142	0.00363	0.00519	0.02543	0.00830	0.00727
73	0.03401	0.02506	0.02685	0.02058	0.02774	0.02774	0.01700	0.59995	0.04206	0.05638	0.02148	0.02148	0.01521	0.01074	0.00895	0.00268	0.00984	0.00805	0.00895	0.01521
74	0.02397	0.38510	0.18272	0.02047	0.02900	0.13694	0.05712	0.02881	0.01977	0.02339	0.01389	0.01635	0.01159	0.00812	0.00710	0.00227	0.01191	0.00575	0.00399	0.01174
75	0.01090	0.00779	0.01038	0.01246	0.01298	0.00727	0.00830	0.01246	0.01713	0.02284	0.04931	0.67975	0.05917	0.02803	0.01142	0.00363	0.00519	0.02543	0.00830	0.00727
76	0.01916	0.02046	0.04219	0.03117	0.03819	0.01958	0.43368	0.02567	0.02150	0.02949	0.12480	0.03626	0.02819	0.01084	0.01146	0.00309	0.04027	0.04725	0.00566	0.01110
77	0.03057	0.02263	0.02506	0.05123	0.02745	0.02543	0.01649	0.47902	0.03684	0.05033	0.02136	0.02265	0.01560	0.01092	0.00994	0.00272	0.04990	0.00806	0.07986	0.01394
78	0.01260	0.00928	0.01188	0.01162	0.01385	0.00856	0.00898	0.01654	0.02405	0.03313	0.47915	0.07378	0.15366	0.01970	0.01078	0.00301	0.00477	0.08691	0.00943	0.00830
79	0.03346	0.04135	0.02546	0.02287	0.02766	0.60396	0.01727	0.07719	0.02658	0.02443	0.01439	0.01653	0.01180	0.00933	0.00813	0.00233	0.01567	0.00593	0.00493	0.01073
80	0.01794	0.04628	0.63923	0.02550	0.03872	0.02078	0.03305	0.02833	0.01889	0.02833	0.01606	0.01889	0.01133	0.00850	0.00850	0.00283	0.01322	0.00661	0.00378	0.01322
81	0.02371	0.01554	0.01645	0.01357	0.01810	0.01632	0.01085	0.25129	0.02801	0.04220	0.02514	0.02754	0.01915	0.01027	0.00735	0.00227	0.00661	0.00800	0.39274	0.06486
82	0.45167	0.02006	0.01856	0.01521	0.02141	0.02257	0.01255	0.23851	0.02561	0.07448	0.01687	0.01785	0.01232	0.00933	0.00696	0.00274	0.00803	0.00623	0.00706	0.01199
83	0.01253	0.00914	0.01177	0.01111	0.01328	0.00838	0.00834	0.01662	0.02501	0.03513	0.59080	0.06806	0.11914	0.01857	0.01055	0.00283	0.00424	0.01635	0.00975	0.00838
84	0.01090	0.00779	0.01038	0.01246	0.01298	0.00727	0.00830	0.01246	0.01713	0.02284	0.04931	0.67975	0.05917	0.02803	0.01142	0.00363	0.00519	0.02543	0.00830	0.00727
85	0.02001	0.02038	0.02648	0.02290	0.02328	0.06464	0.01892	0.02206	0.01446	0.02151	0.01262	0.02032	0.01238	0.01842	0.06618	0.00446	0.58946	0.00781	0.00401	0.00971
86	0.02098	0.01788	0.01913	0.01728	0.02195	0.02042	0.01340	0.04347	0.53553	0.03722	0.11455	0.03782	0.03489	0.01295	0.00930	0.00301	0.00670	0.01092	0.00920	0.01340
87	0.01090	0.00779	0.01038	0.01246	0.01298	0.00727	0.00830	0.01246	0.01713	0.02284	0.04931	0.67975	0.05917	0.02803	0.01142	0.00363	0.00519	0.02543	0.00830	0.00727
88	0.02105	0.01581	0.01682	0.01503	0.01952	0.01718	0.01172	0.07068	0.34123	0.07378	0.04509	0.04283	0.14350	0.01382	0.00898	0.00286	0.00638	0.01139	0.11015	0.01218
89	0.03271	0.02442	0.02612	0.02032	0.02725	0.02714	0.01669	0.53904	0.10508	0.05429	0.02313	0.02279	0.01655	0.01089	0.00897	0.00272	0.00954	0.00828	0.00897	0.01510
90	0.01690	0.01590	0.02683	0.66408	0.06162	0.01988	0.02485	0.02286	0.01789	0.02286	0.01590	0.02385	0.01193	0.00894	0.00894	0.00298	0.01193	0.00795	0.00398	0.00994
91	0.03914	0.01588	0.02105	0.01624	0.02310	0.01424	0.01338	0.07202	0.04907	0.58349	0.03464	0.03011	0.02199	0.01110	0.00900	0.00277	0.00771	0.00899	0.01089	0.01518
92	0.02056	0.01964	0.03345	0.23884	0.45823	0.02084	0.02667	0.02607	0.01962	0.02730	0.01655	0.02266	0.01349	0.00827	0.00888	0.00276	0.01102	0.00797	0.00429	0.01289
93	0.03911	0.01652	0.02093	0.01631	0.02305	0.03965	0.01336	0.04344	0.05041	0.58552	0.03446	0.02999	0.02193	0.01104	0.00896	0.00276	0.00794	0.00891	0.01072	0.01498
94	0.02878	0.07329	0.03259	0.02516	0.03065	0.31642	0.13235	0.11775	0.02517	0.02838	0.01549	0.01885	0.01252	0.00982	0.01118	0.00268	0.09512	0.00726	0.00512	0.01144
95	0.01500	0.01118	0.01482	0.01683	0.04227	0.01133	0.01269	0.05274	0.05693	0.02774	0.04467	0.31607	0.04934	0.02373	0.01144	0.00372	0.00716	0.26527	0.00820	0.00888
96	0.01973	0.01558	0.01849	0.01358	0.02118	0.01192	0.01095	0.02368	0.01910	0.06793	0.01869	0.02337	0.01570	0.00780	0.00706	0.00156	0.00677	0.03331	0.00582	0.65777
97	0.01113	0.00788	0.01031	0.01217	0.01263	0.00742	0.00799	0.01252	0.01669	0.02225	0.04704	0.61301	0.05631	0.09867	0.01508	0.00417	0.00556	0.02410	0.00799	0.00707
98	0.02225	0.01922	0.02023	0.01821	0.02326	0.02225	0.01416	0.04754	0.61361	0.03742	0.03641	0.03338	0.02731	0.01214	0.00910	0.00303	0.00708	0.01011	0.00910	0.01416
99	0.01967	0.04730	0.03013	0.15104	0.03329	0.02498	0.08066	0.04690	0.01673	0.02396	0.01426	0.02151	0.01262	0.01541	0.05140	0.00400	0.38353	0.00811	0.00424	0.01027
100	0.03983	0.01573	0.02107	0.01615	0.02309	0.01389	0.01335	0.07187	0.02644	0.60652	0.03459	0.02999	0.02179	0.01106	0.00899	0.00276	0.00773	0.00895	0.01097	0.01522
101	0.74878	0.01730	0.01315	0.01177	0.01730	0.02007	0.00969	0.02630	0.01523	0.04014	0.01246	0.01453	0.00969	0.00830	0.00554	0.00277	0.00692	0.00484	0.00554	0.00969
102	0.01855	0.01590	0.01855	0.01325	0.02120	0.01193	0.01060	0.02253	0.01855	0.02915	0.01590	0.01855	0.01325	0.00663	0.00663	0.00133	0.00663	0.00530	0.00530	0.74028
103	0.03342	0.04264	0.02535	0.02305	0.02766	0.64967	0.01729	0.03572	0.02535	0.02190	0.01383	0.01613	0.01152	0.00922	0.00807	0.00230	0.01613	0.00576	0.00461	0.01037
104	0.01103	0.00789	0.01050	0.01237	0.01300	0.00735	0.00831	0.01278	0.01773	0.02380	0.09162	0.63470	0.06103	0.02731	0.01136	0.00357	0.00512	0.02475	0.00842	0.00735
105	0.01170	0.00850	0.01103	0.01169	0.01310	0.00783	0.00827	0.01454	0.02115	0.02899	0.32004	0.35742	0.10612	0.02316	0.01096	0.00321	0.00470	0.02072	0.00902	0.00783
106	0.03497	0.02916	0.02393	0.02005	0.02592	0.28820	0.01576	0.15379	0.06353	0.22065	0.02339	0.02269	0.01651	0.01028	0.00860	0.00257	0.01167	0.00749	0.00777	0.01309
107	0.01174	0.00814	0.01013	0.01138	0.01169	0.00783	0.00716	0.01268	0.01549	0.02065	0.04089	0.43225	0.04856	0.29001	0.02501	0.00564	0.00658	0.02048	0.00716	0.00653
108	0.01554	0.00777	0.01166	0.01166	0.01166	0.00777	0.00777	0.01166	0.01166	0.01554	0.01554	0.02720	0.01554	0.03108	0.03497	0.73970	0.00777	0.00777	0.00389	0.00389
109	0.01855	0.01590	0.01855	0.01325	0.02120	0.01193	0.01060	0.02253	0.01855	0.02915	0.01590	0.01855	0.01325	0.00663	0.00663	0.00133	0.00663	0.00530	0.00530	0.74028
110	0.01855	0.01590	0.01855	0.01325	0.02120	0.01193	0.01060	0.02253	0.01855	0.02915	0.01590	0.01855	0.01325	0.00663	0.00663	0.00133	0.00663	0.00530	0.00530	0.74028
111	0.01324	0.00985	0.01215	0.01265	0.01455	0.00922	0.00896	0.05677	0.02019	0.02714	0.10601	0.46812	0.11207	0.02385	0.01075	0.00327	0.00547	0.02127	0.00831	0.05617
112	0.02718	0.02274	0.03958	0.02894	0.03701	0.05863	0.34583	0.07426	0.02383	0.17439	0.02204	0.02462	0.01558	0.00866	0.00968	0.00279	0.01249	0.00940	0.00645	0.05589
113	0.02553	0.01851	0.02237	0.01835	0.02437	0.01925	0.04937	0.10329	0.30450	0.13944	0.03131	0.06014	0.02389	0.01155	0.00894	0.00275	0.00782	0.00982	0.00860	0.11019
114	0.01986	0.01867	0.02688	0.02105	0.02539	0.02051	0.09359	0.05224	0.01781	0.02673	0.01534	0.02181	0.01369	0.04346	0.01867	0.00306	0.28561	0.00758	0.00481	0.26324
115	0.22713	0.02261	0.02274	0.01805	0.02465	0.02534	0.01485	0.41167	0.06865	0.05086	0.01992	0.02030	0.01443	0.01016	0.00803	0.00273	0.00889	0.00731	0.00803	0.01365
116	0.02214	0.02126	0.03631	0.05491	0.62978	0.02126	0.02746	0.02746	0.02037	0.02923	0.01683	0.02214	0.01417	0.00797	0.00886	0.00266	0.01063	0.00797	0.00443	0.01417
117	0.24982	0.01872	0.01845	0.01620	0.02165	0.02133	0.01288	0.07327	0.35747	0.07654	0.02802	0.02664	0.02080	0.01080	0.00798	0.00291	0.00723	0.00829	0.00811	0.01290
118	0.01800	0.01499	0.01788	0.01417	0.02002	0.01289	0.01106	0.05827	0.01951	0.02915	0.02313	0.15940	0.02306	0.01198	0.00914	0.00206	0.04561	0.00991	0.00610	0.49368
119	0.01941	0.01785	0.03010	0.22958	0.37817	0.01900	0.02406	0.02401	0.01880	0.02594	0.01845	0.06341	0.01637	0.01119	0.01096	0.05698	0.01047	0.00902	0.00449	0.01174
120	0.08388	0.02213	0.02362	0.01889	0.02525	0.02445	0.01536	0.40692	0.13115	0.08468	0.02539	0.05476	0.01928	0.01163	0.00884	0.00280	0.00883	0.00904	0.00882	0.01426
121	0.01718	0.01614	0.02633	0.58025	0.05652	0.01984	0.02357	0.02275	0.01766	0.02319	0.01563	0.02323	0.01200	0.00922	0.01010	0.00293	0.05371	0.00777	0.00406	0.05793
122	0.01690	0.01590	0.02683	0.66408	0.06162	0.01988	0.02485	0.02286	0.01789	0.02286	0.01590	0.02385	0.01193	0.00894	0.00894	0.00298	0.01193	0.00795	0.00398	0.00994
123	0.52723	0.01567	0.01381	0.01239	0.01677	0.01780	0.00978	0.06508	0.01637	0.03566	0.01383	0.01796	0.01144	0.01373	0.01257	0.17263	0.00733	0.00575	0.00541	0.00876
124	0.02034	0.30476	0.40173	0.02141	0.03240	0.02664	0.02594	0.02771	0.01860	0.02541	0.01460	0.01707	0.01139	0.00816	0.00739	0.00246	0.01176	0.00588	0.00380	0.01252

[dist]
# distance from previous block
# <min> <max>
0	1

[block]
# block no. 5 follows, 19 sequences, length 255
# corresponding to MSA columns:
# 545-799
name=unknown_F
#
# <colnr> <probs for GDERKNQSTAVLIFYWHMCP>
#	G	D	E	R	K	N	Q	S	T	A	V	L	I	F	Y	W	H	M	C	P
0	0.01820	0.01213	0.01568	0.01538	0.05402	0.01157	0.01102	0.02464	0.08710	0.10427	0.35163	0.05212	0.05647	0.01510	0.00963	0.00272	0.00564	0.03521	0.05718	0.06029
