[name]
unknown

[dist]
# distance from previous block
# <min> <max>
0	0

[block]
# block no. 0 follows, 24 sequences, length 103
# corresponding to MSA columns:
# 0-102
name=unknown_A
#
# <colnr> <probs for GDERKNQSTAVLIFYWHMCP>
#	G	D	E	R	K	N	Q	S	T	A	V	L	I	F	Y	W	H	M	C	P
0	0.01278	0.00913	0.01278	0.01460	0.01643	0.00913	0.01278	0.01643	0.01825	0.02373	0.04199	0.08945	0.04564	0.02191	0.01095	0.00365	0.00730	0.61847	0.00730	0.00730
1	0.03558	0.01350	0.01840	0.01411	0.02024	0.01166	0.01166	0.03865	0.02270	0.67734	0.03128	0.02699	0.01963	0.00981	0.00797	0.00245	0.00675	0.00797	0.00981	0.01350
2	0.02056	0.58104	0.15361	0.01540	0.02296	0.05217	0.01641	0.02426	0.01645	0.01982	0.01163	0.01349	0.01015	0.00697	0.00559	0.00185	0.00926	0.00456	0.00341	0.01041
3	0.02297	0.01712	0.01869	0.01595	0.02082	0.01906	0.01264	0.15887	0.42756	0.10623	0.06859	0.02905	0.02471	0.01075	0.00811	0.00259	0.00665	0.00883	0.00827	0.01253
4	0.00966	0.00690	0.00920	0.01104	0.01150	0.00644	0.00736	0.01104	0.01518	0.02024	0.04371	0.71614	0.05245	0.02484	0.01012	0.00322	0.00460	0.02254	0.00736	0.00644
5	0.01656	0.01666	0.02364	0.62833	0.05135	0.09046	0.02130	0.02150	0.01657	0.02017	0.01390	0.02040	0.01053	0.00795	0.00784	0.00258	0.01098	0.00684	0.00358	0.00885
6	0.01721	0.01403	0.02320	0.62765	0.05089	0.01697	0.02090	0.02225	0.01660	0.09150	0.01596	0.02178	0.01155	0.00813	0.00793	0.00262	0.01016	0.00715	0.00421	0.00932
7	0.00966	0.00690	0.00920	0.01104	0.01150	0.00644	0.00736	0.01104	0.01518	0.02024	0.04371	0.71614	0.05245	0.02484	0.01012	0.00322	0.00460	0.02254	0.00736	0.00644
8	0.01682	0.01216	0.01420	0.01302	0.01621	0.01280	0.00995	0.02794	0.28339	0.09116	0.27898	0.11524	0.04640	0.01431	0.00878	0.00265	0.00516	0.01242	0.00841	0.01002
9	0.02602	0.03031	0.02310	0.02024	0.02415	0.43275	0.04205	0.06440	0.12245	0.02345	0.01572	0.01768	0.01271	0.00933	0.00988	0.00238	0.10234	0.00625	0.00484	0.00995
10	0.02264	0.01773	0.02182	0.01804	0.02331	0.01944	0.08111	0.11225	0.44292	0.10639	0.02882	0.02714	0.02109	0.01006	0.00818	0.00262	0.00739	0.00868	0.00781	0.01257
11	0.03035	0.02188	0.02359	0.01809	0.02443	0.02410	0.01494	0.62218	0.03673	0.07399	0.01951	0.01934	0.01372	0.00953	0.00793	0.00238	0.00865	0.00717	0.00800	0.01349
12	0.02668	0.01942	0.02098	0.01642	0.02213	0.02099	0.01351	0.50253	0.03263	0.04479	0.02041	0.02308	0.01551	0.00976	0.00765	0.00229	0.00790	0.03386	0.08977	0.06969
13	0.01150	0.00780	0.00923	0.00923	0.00943	0.00800	0.00553	0.01191	0.01170	0.01581	0.02445	0.04894	0.02755	0.62704	0.13288	0.00841	0.00962	0.01110	0.00473	0.00513
14	0.02844	0.02134	0.02321	0.04811	0.02551	0.02380	0.01513	0.55758	0.09838	0.04699	0.02015	0.02019	0.01443	0.00957	0.00795	0.00242	0.00856	0.00732	0.00775	0.01319
15	0.01242	0.00830	0.01096	0.01056	0.01249	0.00766	0.00796	0.01583	0.02137	0.06467	0.52634	0.13878	0.06768	0.01720	0.00945	0.00264	0.00419	0.04528	0.00855	0.00767
16	0.00966	0.00690	0.00920	0.01104	0.01150	0.00644	0.00736	0.01104	0.01518	0.02024	0.04371	0.71614	0.05245	0.02484	0.01012	0.00322	0.00460	0.02254	0.00736	0.00644
17	0.01872	0.02139	0.04679	0.03342	0.04144	0.02005	0.64305	0.02540	0.01872	0.02540	0.01604	0.02139	0.01203	0.00668	0.00936	0.00267	0.01337	0.00936	0.00401	0.01070
18	0.02037	0.56509	0.10142	0.01715	0.02457	0.02861	0.10217	0.02410	0.01653	0.02019	0.01202	0.01429	0.01042	0.00684	0.00591	0.00191	0.00946	0.00510	0.00347	0.01039
19	0.01912	0.01833	0.03128	0.11953	0.60493	0.01871	0.02409	0.02389	0.01782	0.02529	0.01483	0.01979	0.01235	0.00716	0.00786	0.00239	0.00955	0.00706	0.00388	0.01215
20	0.00966	0.00690	0.00920	0.01104	0.01150	0.00644	0.00736	0.01104	0.01518	0.02024	0.04371	0.71614	0.05245	0.02484	0.01012	0.00322	0.00460	0.02254	0.00736	0.00644
21	0.01663	0.13531	0.59232	0.02136	0.03240	0.02020	0.02713	0.02492	0.01666	0.02422	0.01379	0.01619	0.01006	0.00743	0.00720	0.00240	0.01127	0.00564	0.00335	0.01151
22	0.02850	0.02135	0.02346	0.02102	0.09390	0.06294	0.01547	0.41490	0.09525	0.11066	0.02081	0.02072	0.01492	0.00933	0.00789	0.00240	0.00869	0.00728	0.00748	0.01303
23	0.01377	0.00689	0.01033	0.01033	0.01033	0.00689	0.00689	0.01033	0.01033	0.01377	0.01377	0.02410	0.01377	0.02755	0.03099	0.76928	0.00689	0.00689	0.00344	0.00344
24	0.01497	0.01421	0.02286	0.01936	0.02118	0.01743	0.11349	0.01787	0.01357	0.01990	0.01703	0.06055	0.01635	0.02989	0.26370	0.00670	0.30988	0.00873	0.00405	0.00830
25	0.01781	0.01703	0.02935	0.34133	0.31729	0.01859	0.07569	0.04395	0.01778	0.02414	0.01478	0.02044	0.01165	0.00751	0.00802	0.00251	0.01025	0.00726	0.00389	0.01074
26	0.02063	0.65181	0.11080	0.01455	0.02187	0.02997	0.01527	0.02389	0.01618	0.01936	0.01137	0.01316	0.01016	0.00687	0.00535	0.00178	0.00883	0.00442	0.00339	0.01034
27	0.01133	0.00850	0.01274	0.01274	0.01416	0.00991	0.00991	0.01416	0.01274	0.01841	0.02124	0.03115	0.01982	0.05947	0.68989	0.01274	0.02124	0.00850	0.00425	0.00708
28	0.01702	0.01690	0.02422	0.11436	0.02546	0.02337	0.01799	0.01925	0.01265	0.01925	0.01092	0.01787	0.01043	0.01306	0.02354	0.00336	0.61123	0.00695	0.00348	0.00869
29	0.01318	0.00881	0.01128	0.01050	0.01276	0.00821	0.00792	0.01746	0.04909	0.07762	0.53104	0.09177	0.09737	0.01617	0.00924	0.00255	0.00413	0.01421	0.00864	0.00804
30	0.01173	0.00984	0.01010	0.01002	0.01244	0.03199	0.00748	0.05133	0.01848	0.02262	0.06230	0.15681	0.43470	0.05632	0.03811	0.00341	0.00576	0.04241	0.00703	0.00711
31	0.03014	0.02221	0.02380	0.01825	0.02459	0.02459	0.01507	0.64541	0.03728	0.04998	0.01904	0.01904	0.01349	0.00952	0.00793	0.00238	0.00873	0.00714	0.00793	0.01349
32	0.01478	0.00739	0.00739	0.00739	0.00924	0.00739	0.00554	0.01848	0.01663	0.02956	0.02587	0.02956	0.02033	0.00924	0.00554	0.00185	0.00370	0.00739	0.76534	0.00739
33	0.02120	0.72609	0.04155	0.01357	0.02035	0.03138	0.01357	0.02374	0.01611	0.01866	0.01102	0.01272	0.01018	0.00678	0.00509	0.00170	0.00848	0.00424	0.00339	0.01018
34	0.01880	0.02410	0.11460	0.03179	0.04007	0.04371	0.55416	0.02559	0.01864	0.02516	0.01571	0.02063	0.01175	0.00683	0.00908	0.00263	0.01322	0.00883	0.00394	0.01075
35	0.02965	0.03701	0.02254	0.02032	0.02452	0.65615	0.01531	0.06243	0.02321	0.02094	0.01260	0.01454	0.01038	0.00824	0.00719	0.00206	0.01402	0.00521	0.00428	0.00941
36	0.01010	0.00722	0.00968	0.01136	0.01206	0.00680	0.00796	0.01187	0.01596	0.02133	0.08185	0.60784	0.05308	0.02399	0.01016	0.00322	0.00484	0.08665	0.00744	0.00660
37	0.02922	0.07145	0.02348	0.01999	0.02431	0.62741	0.01522	0.05826	0.02281	0.02071	0.01249	0.01443	0.01036	0.00816	0.00708	0.00204	0.01376	0.00515	0.00422	0.00943
38	0.01534	0.01447	0.02445	0.65085	0.10316	0.01771	0.02220	0.02058	0.01603	0.02070	0.01416	0.02102	0.01073	0.00786	0.00792	0.00262	0.01048	0.00705	0.00356	0.00910
39	0.01478	0.00739	0.00739	0.00739	0.00924	0.00739	0.00554	0.01848	0.01663	0.02956	0.02587	0.02956	0.02033	0.00924	0.00554	0.00185	0.00370	0.00739	0.76534	0.00739
40	0.01478	0.00739	0.00739	0.00739	0.00924	0.00739	0.00554	0.01848	0.01663	0.02956	0.02587	0.02956	0.02033	0.00924	0.00554	0.00185	0.00370	0.00739	0.76534	0.00739
41	0.01590	0.04102	0.68023	0.02260	0.03432	0.01842	0.02930	0.02511	0.01674	0.02511	0.01423	0.01674	0.01005	0.00753	0.00753	0.00251	0.01172	0.00586	0.00335	0.01172
42	0.01000	0.00714	0.00959	0.01143	0.01204	0.00673	0.00795	0.01163	0.01552	0.02062	0.04352	0.64820	0.05171	0.02453	0.01021	0.00327	0.00489	0.08715	0.00735	0.00653
43	0.01046	0.00818	0.00954	0.00950	0.01177	0.00726	0.00732	0.01331	0.01978	0.02568	0.30316	0.07114	0.37160	0.01878	0.00954	0.00271	0.00427	0.08105	0.00788	0.00706
44	0.01590	0.04102	0.68023	0.02260	0.03432	0.01842	0.02930	0.02511	0.01674	0.02511	0.01423	0.01674	0.01005	0.00753	0.00753	0.00251	0.01172	0.00586	0.00335	0.01172
45	0.00986	0.00702	0.00911	0.01069	0.01117	0.00658	0.00704	0.01110	0.01487	0.01975	0.04275	0.62536	0.06796	0.10021	0.01338	0.00369	0.00492	0.02118	0.00708	0.00627
46	0.01972	0.01703	0.01793	0.01614	0.02062	0.01972	0.01255	0.04214	0.65752	0.03317	0.03228	0.02959	0.02421	0.01076	0.00807	0.00269	0.00628	0.00897	0.00807	0.01255
47	0.03278	0.01688	0.02036	0.01573	0.02186	0.01682	0.01296	0.26200	0.06006	0.41411	0.02683	0.02420	0.01760	0.00975	0.00796	0.00244	0.00745	0.00772	0.00903	0.01344
48	0.01986	0.01902	0.03022	0.13887	0.52842	0.04301	0.02322	0.05533	0.01887	0.02609	0.01491	0.01962	0.01224	0.00735	0.00784	0.00239	0.00972	0.00700	0.00408	0.01195
49	0.00971	0.00800	0.00853	0.00850	0.01094	0.00682	0.00634	0.01200	0.01872	0.02320	0.18199	0.10075	0.53784	0.01961	0.00940	0.00267	0.00399	0.01656	0.00760	0.00682
50	0.01872	0.02139	0.04679	0.03342	0.04144	0.02005	0.64305	0.02540	0.01872	0.02540	0.01604	0.02139	0.01203	0.00668	0.00936	0.00267	0.01337	0.00936	0.00401	0.01070
51	0.73966	0.01568	0.01227	0.01082	0.01580	0.01813	0.00891	0.05467	0.01469	0.03630	0.01144	0.01319	0.00883	0.00747	0.00506	0.00245	0.00626	0.00444	0.00506	0.00883
52	0.01872	0.02139	0.04679	0.03342	0.04144	0.02005	0.64305	0.02540	0.01872	0.02540	0.01604	0.02139	0.01203	0.00668	0.00936	0.00267	0.01337	0.00936	0.00401	0.01070
53	0.00966	0.00690	0.00920	0.01104	0.01150	0.00644	0.00736	0.01104	0.01518	0.02024	0.04371	0.71614	0.05245	0.02484	0.01012	0.00322	0.00460	0.02254	0.00736	0.00644
54	0.01153	0.00769	0.00865	0.00865	0.00865	0.00769	0.00480	0.01153	0.01153	0.01538	0.02499	0.05189	0.02883	0.72131	0.04036	0.00769	0.00769	0.01153	0.00480	0.00480
55	0.02877	0.01605	0.01821	0.01507	0.02034	0.05599	0.01205	0.03862	0.24651	0.38716	0.05278	0.02826	0.02260	0.01027	0.00801	0.00251	0.00694	0.00837	0.00881	0.01269
56	0.00956	0.00804	0.00830	0.00824	0.01083	0.00678	0.00618	0.01175	0.01853	0.02250	0.14149	0.07454	0.60680	0.01968	0.00937	0.00266	0.00399	0.01649	0.00751	0.00678
57	0.00966	0.00690	0.00920	0.01104	0.01150	0.00644	0.00736	0.01104	0.01518	0.02024	0.04371	0.71614	0.05245	0.02484	0.01012	0.00322	0.00460	0.02254	0.00736	0.00644
58	0.02969	0.03573	0.02265	0.02014	0.02452	0.60162	0.01529	0.11276	0.02443	0.02345	0.01315	0.01493	0.01065	0.00835	0.00725	0.00209	0.01356	0.00538	0.00459	0.00976
59	0.01322	0.01065	0.01536	0.04851	0.01805	0.01084	0.06622	0.08187	0.01797	0.02395	0.03773	0.48646	0.07208	0.02008	0.01023	0.00303	0.03110	0.01807	0.00679	0.00780
60	0.02004	0.01579	0.01717	0.01531	0.01964	0.01777	0.01193	0.03892	0.53909	0.08333	0.10108	0.03260	0.02934	0.01128	0.00820	0.00265	0.00604	0.00947	0.00828	0.01208
61	0.03531	0.01393	0.01867	0.01432	0.02046	0.01230	0.01183	0.06906	0.02343	0.64589	0.03067	0.02659	0.01932	0.00980	0.00797	0.00245	0.00685	0.00793	0.00972	0.01349
62	0.02924	0.01569	0.02494	0.08978	0.02816	0.01504	0.13499	0.06607	0.02162	0.42594	0.02515	0.02453	0.01656	0.00914	0.00888	0.00255	0.03364	0.00806	0.00771	0.01229
63	0.01590	0.04102	0.68023	0.02260	0.03432	0.01842	0.02930	0.02511	0.01674	0.02511	0.01423	0.01674	0.01005	0.00753	0.00753	0.00251	0.01172	0.00586	0.00335	0.01172
64	0.77733	0.01534	0.01166	0.01043	0.01534	0.01779	0.00859	0.02331	0.01350	0.03558	0.01104	0.01288	0.00859	0.00736	0.00491	0.00245	0.00613	0.00429	0.00491	0.00859
65	0.67226	0.01620	0.01584	0.01316	0.01845	0.01824	0.07757	0.04254	0.01479	0.03491	0.01183	0.01399	0.00911	0.00735	0.00548	0.00248	0.00700	0.00493	0.00490	0.00897
66	0.01744	0.01784	0.02808	0.06482	0.02640	0.02316	0.12392	0.02023	0.01349	0.02023	0.01159	0.01827	0.01069	0.01229	0.02208	0.00328	0.54624	0.00736	0.00356	0.00903
67	0.01245	0.00935	0.01298	0.01278	0.01456	0.01082	0.00993	0.01746	0.08289	0.02069	0.02272	0.03089	0.02033	0.05111	0.57393	0.01098	0.01854	0.00848	0.05142	0.00769
68	0.10365	0.15219	0.02246	0.01382	0.01997	0.01658	0.01187	0.05853	0.02112	0.46307	0.02493	0.02255	0.01649	0.00898	0.00712	0.00230	0.00710	0.00686	0.00802	0.01238
69	0.77733	0.01534	0.01166	0.01043	0.01534	0.01779	0.00859	0.02331	0.01350	0.03558	0.01104	0.01288	0.00859	0.00736	0.00491	0.00245	0.00613	0.00429	0.00491	0.00859
70	0.01333	0.00857	0.01128	0.01033	0.01257	0.00784	0.00784	0.01702	0.02247	0.08770	0.61256	0.05644	0.07004	0.01566	0.00923	0.00249	0.00400	0.01379	0.00882	0.00800
71	0.02173	0.59312	0.09245	0.01482	0.02197	0.02957	0.01503	0.09126	0.01846	0.02259	0.01216	0.01374	0.01052	0.00714	0.00560	0.00184	0.00877	0.00469	0.00388	0.01066
72	0.01863	0.01598	0.01694	0.01531	0.01953	0.01824	0.01188	0.03875	0.58233	0.03249	0.07784	0.03394	0.05995	0.01160	0.00822	0.00268	0.00599	0.00972	0.00808	0.01191
73	0.00966	0.00690	0.00920	0.01104	0.01150	0.00644	0.00736	0.01104	0.01518	0.02024	0.04371	0.71614	0.05245	0.02484	0.01012	0.00322	0.00460	0.02254	0.00736	0.00644
74	0.01963	0.01884	0.03219	0.04867	0.67185	0.01884	0.02434	0.02434	0.01806	0.02591	0.01492	0.01963	0.01256	0.00707	0.00785	0.00236	0.00942	0.00707	0.00393	0.01256
75	0.02373	0.01903	0.02019	0.01695	0.02215	0.02160	0.01352	0.27434	0.41878	0.03964	0.02718	0.02553	0.02008	0.01028	0.00802	0.00257	0.00722	0.00826	0.00802	0.01291
76	0.01498	0.01409	0.02378	0.70226	0.05462	0.01762	0.02202	0.02026	0.01586	0.02026	0.01409	0.02114	0.01057	0.00793	0.00793	0.00264	0.01057	0.00705	0.00352	0.00881
77	0.00978	0.00695	0.00917	0.01089	0.01133	0.00652	0.00720	0.01107	0.01496	0.01994	0.04256	0.67533	0.05100	0.06763	0.01198	0.00349	0.00479	0.02187	0.00720	0.00634
78	0.00966	0.00690	0.00920	0.01104	0.01150	0.00644	0.00736	0.01104	0.01518	0.02024	0.04371	0.71614	0.05245	0.02484	0.01012	0.00322	0.00460	0.02254	0.00736	0.00644
79	0.01644	0.01409	0.01644	0.01175	0.01879	0.01057	0.00940	0.01997	0.01644	0.02584	0.01409	0.01644	0.01175	0.00587	0.00587	0.00117	0.00587	0.00470	0.00470	0.76979
80	0.01377	0.00689	0.01033	0.01033	0.01033	0.00689	0.00689	0.01033	0.01033	0.01377	0.01377	0.02410	0.01377	0.02755	0.03099	0.76928	0.00689	0.00689	0.00344	0.00344
81	0.00966	0.00690	0.00920	0.01104	0.01150	0.00644	0.00736	0.01104	0.01518	0.02024	0.04371	0.71614	0.05245	0.02484	0.01012	0.00322	0.00460	0.02254	0.00736	0.00644
82	0.74991	0.01559	0.01210	0.01072	0.01568	0.01804	0.00883	0.04614	0.01437	0.03611	0.01134	0.01311	0.00877	0.00744	0.00502	0.00245	0.00623	0.00440	0.00502	0.00877
83	0.02527	0.01891	0.01976	0.01661	0.02180	0.05323	0.01322	0.19898	0.37039	0.13138	0.02767	0.02568	0.02003	0.01017	0.00797	0.00254	0.00739	0.00815	0.00809	0.01277
84	0.01680	0.00934	0.00955	0.00882	0.01125	0.00965	0.00679	0.10079	0.01934	0.03224	0.02497	0.02818	0.01943	0.00928	0.00586	0.00192	0.00436	0.00736	0.66589	0.00819
85	0.01153	0.00769	0.00865	0.00865	0.00865	0.00769	0.00480	0.01153	0.01153	0.01538	0.02499	0.05189	0.02883	0.72131	0.04036	0.00769	0.00769	0.01153	0.00480	0.00480
86	0.02768	0.02037	0.02195	0.01746	0.02331	0.02261	0.01422	0.45305	0.20076	0.07923	0.02320	0.02226	0.01665	0.00986	0.00797	0.00247	0.00797	0.00767	0.00807	0.01324
87	0.01257	0.00954	0.01221	0.01269	0.01518	0.00899	0.01046	0.01658	0.04557	0.02453	0.10653	0.13448	0.12681	0.01916	0.00983	0.00306	0.00605	0.32849	0.00721	0.09005
88	0.09558	0.01380	0.01681	0.01377	0.01864	0.01347	0.01103	0.11842	0.05433	0.36614	0.05554	0.10068	0.02363	0.01239	0.00914	0.04080	0.00660	0.00937	0.00839	0.01148
89	0.02013	0.01709	0.02549	0.34599	0.05874	0.01941	0.08624	0.15365	0.11096	0.05517	0.01859	0.02211	0.01366	0.00857	0.00810	0.00258	0.00971	0.00762	0.00539	0.01080
90	0.02223	0.01645	0.01880	0.01389	0.02064	0.01483	0.01128	0.20733	0.02319	0.09137	0.01710	0.01816	0.01297	0.00731	0.00667	0.00165	0.00680	0.00572	0.00612	0.47750
91	0.06753	0.01971	0.02120	0.01650	0.02253	0.02120	0.01350	0.45024	0.08122	0.06969	0.04269	0.02100	0.01630	0.00936	0.00761	0.00228	0.00783	0.00715	0.00753	0.09493
92	0.01096	0.00808	0.01015	0.00964	0.01156	0.00737	0.00717	0.01431	0.02141	0.02967	0.55771	0.06150	0.16097	0.04213	0.01047	0.00271	0.00392	0.01459	0.00839	0.00727
93	0.02508	0.01915	0.02126	0.01746	0.02239	0.02189	0.01414	0.30787	0.27256	0.07869	0.02395	0.02341	0.01766	0.01049	0.00995	0.00262	0.08334	0.00787	0.00762	0.01260
94	0.02348	0.31143	0.03008	0.01863	0.09165	0.10234	0.01436	0.07452	0.07479	0.08753	0.01631	0.01735	0.01298	0.00773	0.00646	0.00197	0.00866	0.00569	0.00503	0.08901
95	0.06765	0.68242	0.03972	0.01338	0.02004	0.03054	0.01326	0.02372	0.01595	0.01970	0.01103	0.01273	0.01008	0.00682	0.00508	0.00174	0.00834	0.00424	0.00349	0.01008
96	0.02010	0.01717	0.01816	0.01606	0.02074	0.01958	0.01254	0.07130	0.59935	0.03370	0.03084	0.02850	0.02314	0.01049	0.00797	0.00261	0.00638	0.00869	0.00792	0.04475
97	0.11070	0.05659	0.02337	0.01716	0.02338	0.02419	0.01429	0.54694	0.03365	0.04685	0.01777	0.01806	0.01279	0.00915	0.00746	0.00235	0.00843	0.00669	0.00738	0.01279
98	0.00986	0.00699	0.00914	0.01078	0.01119	0.00658	0.00708	0.01109	0.01479	0.01972	0.04168	0.64412	0.04989	0.10035	0.01340	0.00370	0.00494	0.02135	0.00708	0.00626
99	0.02416	0.02545	0.03370	0.02568	0.03182	0.18901	0.29389	0.17821	0.02379	0.02952	0.01548	0.01879	0.01183	0.00819	0.00948	0.00249	0.05506	0.00760	0.00496	0.01088
100	0.00966	0.00690	0.00920	0.01104	0.01150	0.00644	0.00736	0.01104	0.01518	0.02024	0.04371	0.71614	0.05245	0.02484	0.01012	0.00322	0.00460	0.02254	0.00736	0.00644
101	0.00983	0.00792	0.00839	0.00863	0.01068	0.00690	0.00621	0.01154	0.01687	0.02052	0.06764	0.13261	0.49790	0.12157	0.01396	0.00348	0.00471	0.03722	0.00699	0.00642
102	0.01866	0.02122	0.04584	0.03289	0.04057	0.02023	0.61648	0.02513	0.01844	0.02513	0.01580	0.02122	0.01196	0.00699	0.01007	0.00271	0.04282	0.00926	0.00399	0.01061

[dist]
# distance from previous block
# <min> <max>
0	1

[block]
# block no. 1 follows, 24 sequences, length 74
# corresponding to MSA columns:
# 104-177
name=unknown_B
#
# <colnr> <probs for GDERKNQSTAVLIFYWHMCP>
#	G	D	E	R	K	N	Q	S	T	A	V	L	I	F	Y	W	H	M	C	P
0	0.06643	0.45189	0.25413	0.01641	0.02473	0.02618	0.01854	0.02418	0.01616	0.02188	0.01210	0.01408	0.01003	0.00707	0.00590	0.00202	0.00942	0.00479	0.00347	0.01060
1	0.02697	0.01996	0.02033	0.01667	0.02171	0.09153	0.01332	0.36288	0.05765	0.12611	0.02389	0.11227	0.01981	0.01333	0.03328	0.00286	0.00887	0.00919	0.00757	0.01182
2	0.02017	0.01014	0.01359	0.01182	0.01523	0.00912	0.00939	0.02366	0.02223	0.26523	0.39056	0.04979	0.05265	0.01431	0.00897	0.00257	0.00510	0.05684	0.00902	0.00965
3	0.01590	0.04102	0.68023	0.02260	0.03432	0.01842	0.02930	0.02511	0.01674	0.02511	0.01423	0.01674	0.01005	0.00753	0.00753	0.00251	0.01172	0.00586	0.00335	0.01172
4	0.01963	0.01884	0.03219	0.04867	0.67185	0.01884	0.02434	0.02434	0.01806	0.02591	0.01492	0.01963	0.01256	0.00707	0.00785	0.00236	0.00942	0.00707	0.00393	0.01256
5	0.06887	0.43089	0.27133	0.01664	0.02509	0.02578	0.01895	0.02421	0.01617	0.02211	0.01219	0.01419	0.01002	0.00709	0.00596	0.00204	0.00950	0.00483	0.00348	0.01063
6	0.01550	0.01463	0.02473	0.62845	0.12432	0.01776	0.02228	0.02072	0.01610	0.02090	0.01419	0.02097	0.01080	0.00783	0.00792	0.00261	0.01044	0.00705	0.00357	0.00923
7	0.01809	0.01727	0.02940	0.26515	0.46741	0.01844	0.02357	0.02299	0.01733	0.02404	0.01464	0.02013	0.01190	0.00735	0.00788	0.00245	0.00980	0.00706	0.00379	0.01132
8	0.01005	0.00846	0.00879	0.00890	0.01142	0.00747	0.00659	0.01325	0.05748	0.02201	0.07296	0.15001	0.55480	0.02007	0.00938	0.00274	0.00423	0.01695	0.00741	0.00703
9	0.01566	0.01479	0.02502	0.60620	0.14533	0.01780	0.02236	0.02086	0.01618	0.02109	0.01422	0.02092	0.01086	0.00780	0.00792	0.00260	0.01040	0.00705	0.00358	0.00936
10	0.01645	0.09387	0.60166	0.02238	0.03355	0.01951	0.05566	0.02502	0.01678	0.02462	0.01406	0.01664	0.01014	0.00744	0.00742	0.00245	0.01154	0.00589	0.00338	0.01155
11	0.00966	0.00690	0.00920	0.01104	0.01150	0.00644	0.00736	0.01104	0.01518	0.02024	0.04371	0.71614	0.05245	0.02484	0.01012	0.00322	0.00460	0.02254	0.00736	0.00644
12	0.02843	0.02099	0.02259	0.01731	0.02355	0.02279	0.01425	0.56991	0.03478	0.04720	0.01886	0.01920	0.01358	0.00920	0.00767	0.00226	0.00830	0.00694	0.03479	0.07740
13	0.02106	0.01173	0.01555	0.01333	0.01679	0.01118	0.03433	0.10049	0.02139	0.22851	0.14928	0.20022	0.03761	0.08632	0.01207	0.00317	0.00628	0.01297	0.00805	0.00969
14	0.09234	0.02033	0.02170	0.01693	0.02281	0.02242	0.01394	0.52645	0.03340	0.06867	0.04523	0.02080	0.01597	0.01117	0.02894	0.00272	0.00862	0.00726	0.00766	0.01263
15	0.01776	0.01837	0.02413	0.02066	0.02155	0.07878	0.05515	0.01980	0.01371	0.01961	0.01400	0.08213	0.01439	0.01396	0.02191	0.00328	0.53986	0.00838	0.00392	0.00864
16	0.04248	0.18195	0.43594	0.02010	0.02953	0.02044	0.05259	0.02404	0.01672	0.02399	0.01588	0.02214	0.01314	0.00855	0.00730	0.00244	0.01055	0.05758	0.00378	0.01086
17	0.02947	0.02717	0.02338	0.01907	0.02442	0.24443	0.01524	0.41793	0.03140	0.03866	0.01646	0.01741	0.01228	0.00924	0.00838	0.00231	0.03792	0.00646	0.00649	0.01188
18	0.02042	0.52554	0.15605	0.01686	0.02451	0.05502	0.06051	0.02443	0.01667	0.02032	0.01200	0.01411	0.01028	0.00697	0.00591	0.00193	0.00964	0.00492	0.00346	0.01045
19	0.01227	0.00937	0.01241	0.01432	0.04416	0.00916	0.01106	0.01620	0.04780	0.02357	0.06677	0.17481	0.15971	0.02065	0.01021	0.00327	0.00623	0.34325	0.00725	0.00755
20	0.01820	0.02142	0.07256	0.07312	0.03968	0.02029	0.50758	0.02438	0.01773	0.02438	0.01522	0.02072	0.01167	0.00758	0.01100	0.00275	0.08862	0.00879	0.00389	0.01041
21	0.01923	0.01822	0.02962	0.07572	0.56524	0.03955	0.02245	0.02319	0.01744	0.02440	0.01469	0.01991	0.01249	0.00888	0.00979	0.06740	0.00942	0.00699	0.00387	0.01150
22	0.01199	0.00899	0.01231	0.01457	0.04592	0.00870	0.01127	0.01500	0.01761	0.02281	0.04658	0.20913	0.13549	0.02152	0.01041	0.00336	0.00639	0.38348	0.00716	0.00729
23	0.01669	0.14262	0.58551	0.02126	0.03225	0.02034	0.02697	0.02491	0.01665	0.02416	0.01376	0.01615	0.01006	0.00742	0.00717	0.00239	0.01124	0.00562	0.00335	0.01149
24	0.02329	0.12229	0.02201	0.01544	0.02063	0.02038	0.01268	0.13571	0.33421	0.12215	0.06632	0.02684	0.02289	0.01017	0.00767	0.00245	0.00691	0.00816	0.00763	0.01217
25	0.01783	0.02374	0.14718	0.10884	0.04181	0.01951	0.47154	0.02476	0.01807	0.02476	0.01552	0.02061	0.01154	0.00697	0.00890	0.00264	0.01278	0.00852	0.00385	0.01064
26	0.00966	0.00690	0.00920	0.01104	0.01150	0.00644	0.00736	0.01104	0.01518	0.02024	0.04371	0.71614	0.05245	0.02484	0.01012	0.00322	0.00460	0.02254	0.00736	0.00644
27	0.07194	0.01263	0.01171	0.01046	0.01350	0.05376	0.00816	0.13761	0.02066	0.03319	0.02270	0.02547	0.01759	0.00909	0.00605	0.00200	0.00547	0.00699	0.52228	0.00873
28	0.03014	0.02221	0.02380	0.01825	0.02459	0.02459	0.01507	0.64541	0.03728	0.04998	0.01904	0.01904	0.01349	0.00952	0.00793	0.00238	0.00873	0.00714	0.00793	0.01349
29	0.02213	0.01677	0.01820	0.01595	0.02071	0.01886	0.01253	0.06330	0.55394	0.11634	0.03167	0.02888	0.02324	0.01059	0.00805	0.00265	0.00642	0.00877	0.00829	0.01271
30	0.01614	0.01499	0.02465	0.61013	0.05102	0.01839	0.04416	0.05927	0.01716	0.02225	0.01434	0.02088	0.01080	0.00820	0.00865	0.00266	0.03622	0.00713	0.00381	0.00916
31	0.00968	0.00718	0.00893	0.01029	0.01121	0.00655	0.00696	0.01114	0.01563	0.02027	0.05065	0.55019	0.18244	0.05514	0.01132	0.00331	0.00462	0.02081	0.00725	0.00642
32	0.01786	0.02679	0.22598	0.02978	0.03849	0.01978	0.44045	0.02504	0.01786	0.02504	0.01528	0.01989	0.01139	0.00725	0.00959	0.00266	0.04393	0.00825	0.00380	0.01090
33	0.00966	0.00690	0.00920	0.01104	0.01150	0.00644	0.00736	0.01104	0.01518	0.02024	0.04371	0.71614	0.05245	0.02484	0.01012	0.00322	0.00460	0.02254	0.00736	0.00644
34	0.05404	0.47220	0.22099	0.01618	0.02426	0.02682	0.01787	0.04821	0.01699	0.02247	0.01225	0.01412	0.01020	0.00713	0.00589	0.00199	0.00930	0.00482	0.00362	0.01067
35	0.02929	0.02179	0.02332	0.01807	0.02427	0.02419	0.01487	0.59617	0.08790	0.04860	0.02012	0.01990	0.01436	0.00962	0.00794	0.00241	0.00853	0.00729	0.00794	0.01341
36	0.01124	0.00815	0.01062	0.01013	0.01203	0.00753	0.00769	0.01491	0.02210	0.03107	0.61805	0.06125	0.09338	0.01661	0.00943	0.00256	0.00392	0.04327	0.00862	0.00745
37	0.01761	0.01660	0.02717	0.33058	0.34107	0.01839	0.02221	0.02424	0.07762	0.02413	0.01620	0.02123	0.01280	0.00779	0.00791	0.00251	0.00962	0.00724	0.00414	0.01092
38	0.06282	0.01747	0.04892	0.04903	0.02935	0.01571	0.23202	0.05071	0.02087	0.35453	0.02344	0.02358	0.01562	0.00846	0.00830	0.00254	0.00939	0.00815	0.00705	0.01205
39	0.01787	0.08754	0.54169	0.02213	0.03283	0.01900	0.07124	0.02598	0.01726	0.07029	0.01532	0.01750	0.01087	0.00758	0.00752	0.00246	0.01125	0.00614	0.00385	0.01166
40	0.00988	0.00706	0.00945	0.01129	0.01185	0.00663	0.00774	0.01142	0.01540	0.02049	0.04359	0.67230	0.05197	0.02464	0.01018	0.00325	0.00479	0.06423	0.00736	0.00650
41	0.01955	0.01504	0.06993	0.01347	0.01735	0.06777	0.01140	0.02377	0.04522	0.18938	0.24010	0.09260	0.05973	0.04581	0.01018	0.00282	0.00664	0.05205	0.00772	0.00945
42	0.07333	0.47629	0.19900	0.01564	0.02351	0.02640	0.01710	0.02464	0.01635	0.04731	0.01263	0.01430	0.01040	0.00713	0.00580	0.00198	0.00906	0.00480	0.00374	0.01058
43	0.03105	0.01336	0.01752	0.01392	0.01940	0.01220	0.01132	0.03656	0.10070	0.52968	0.09891	0.03073	0.02605	0.01061	0.00813	0.00249	0.00637	0.00877	0.00948	0.01274
44	0.01846	0.01992	0.03854	0.03201	0.12215	0.02106	0.38438	0.02350	0.01680	0.02372	0.01432	0.02003	0.01165	0.00874	0.01378	0.00285	0.20548	0.00837	0.00385	0.01039
45	0.01784	0.01944	0.07133	0.08596	0.22543	0.07963	0.09724	0.04336	0.04867	0.02503	0.04944	0.10988	0.07011	0.01099	0.00842	0.00255	0.00925	0.01007	0.00507	0.01027
46	0.01819	0.11575	0.42758	0.02377	0.07189	0.01991	0.09943	0.02634	0.04608	0.05532	0.01572	0.01806	0.01154	0.00757	0.00753	0.00243	0.01092	0.00640	0.00398	0.01159
47	0.00966	0.00690	0.00920	0.01104	0.01150	0.00644	0.00736	0.01104	0.01518	0.02024	0.04371	0.71614	0.05245	0.02484	0.01012	0.00322	0.00460	0.02254	0.00736	0.00644
48	0.02199	0.62157	0.06241	0.01469	0.02134	0.10718	0.01434	0.02471	0.01687	0.01898	0.01128	0.01305	0.01018	0.00697	0.00542	0.00177	0.00927	0.00440	0.00347	0.01012
49	0.01945	0.19405	0.27966	0.02088	0.08086	0.04643	0.02044	0.09555	0.01927	0.02641	0.04537	0.01871	0.01415	0.00844	0.00819	0.00231	0.05307	0.00622	0.02952	0.01100
50	0.01973	0.01690	0.01779	0.01592	0.02041	0.01943	0.01241	0.06282	0.61222	0.03336	0.03352	0.03088	0.04691	0.01105	0.00811	0.00268	0.00628	0.00918	0.00804	0.01238
51	0.01923	0.01843	0.03146	0.10491	0.61874	0.01874	0.02414	0.02399	0.01787	0.02542	0.01485	0.01976	0.01239	0.00714	0.00786	0.00238	0.00952	0.00706	0.00389	0.01224
52	0.02792	0.02807	0.02198	0.05120	0.02492	0.33550	0.01486	0.27063	0.04604	0.03243	0.01642	0.01787	0.01255	0.00883	0.00742	0.00221	0.01105	0.00625	0.05300	0.01084
53	0.01825	0.01856	0.06045	0.11352	0.52234	0.01779	0.02308	0.02307	0.01777	0.02499	0.01872	0.02476	0.04281	0.00831	0.00803	0.00246	0.00933	0.02997	0.00413	0.01167
54	0.02926	0.02177	0.02330	0.01807	0.02425	0.02418	0.01486	0.59425	0.08988	0.04855	0.02016	0.01993	0.01439	0.00962	0.00794	0.00241	0.00852	0.00729	0.00794	0.01341
55	0.03292	0.01367	0.01805	0.01417	0.01996	0.01237	0.01159	0.03811	0.09147	0.58253	0.05605	0.02852	0.02226	0.01016	0.00804	0.00248	0.00658	0.00833	0.00958	0.01316
56	0.01972	0.01703	0.01793	0.01614	0.02062	0.01972	0.01255	0.04214	0.65752	0.03317	0.03228	0.02959	0.02421	0.01076	0.00807	0.00269	0.00628	0.00897	0.00807	0.01255
57	0.02083	0.01679	0.01796	0.01600	0.02059	0.01916	0.01249	0.04189	0.61311	0.07824	0.03221	0.02940	0.02389	0.01069	0.00806	0.00267	0.00631	0.00890	0.00819	0.01262
58	0.00973	0.00693	0.00918	0.01095	0.01140	0.00649	0.00727	0.01106	0.01505	0.02006	0.04302	0.69182	0.05158	0.05034	0.01123	0.00338	0.00471	0.02214	0.00727	0.00638
59	0.01043	0.00813	0.01239	0.01294	0.01404	0.00760	0.06127	0.01226	0.01548	0.02068	0.04136	0.65722	0.04902	0.02330	0.01006	0.00317	0.00534	0.02143	0.00708	0.00680
60	0.03423	0.01380	0.01836	0.01428	0.02027	0.01234	0.01173	0.03894	0.07653	0.62271	0.03137	0.02721	0.02002	0.00989	0.00798	0.00247	0.00671	0.00806	0.00967	0.01342
61	0.02045	0.01740	0.01834	0.01629	0.02090	0.02006	0.01273	0.08434	0.61413	0.03435	0.03135	0.02885	0.02346	0.01067	0.00806	0.00267	0.00645	0.00884	0.00806	0.01262
62	0.01590	0.04102	0.68023	0.02260	0.03432	0.01842	0.02930	0.02511	0.01674	0.02511	0.01423	0.01674	0.01005	0.00753	0.00753	0.00251	0.01172	0.00586	0.00335	0.01172
63	0.02006	0.57847	0.17917	0.01551	0.02336	0.02858	0.01696	0.02404	0.01625	0.02005	0.01172	0.01359	0.01015	0.00695	0.00562	0.00187	0.00918	0.00459	0.00338	0.01051
64	0.01590	0.04102	0.68023	0.02260	0.03432	0.01842	0.02930	0.02511	0.01674	0.02511	0.01423	0.01674	0.01005	0.00753	0.00753	0.00251	0.01172	0.00586	0.00335	0.01172
65	0.00940	0.00794	0.00813	0.00829	0.01078	0.00667	0.00614	0.01135	0.01783	0.02132	0.07723	0.13057	0.61638	0.02049	0.00944	0.00272	0.00407	0.01723	0.00736	0.00667
66	0.01108	0.00801	0.01018	0.01144	0.01239	0.00772	0.00785	0.05543	0.01683	0.02236	0.04326	0.64503	0.07124	0.02361	0.00994	0.00314	0.00487	0.02126	0.00740	0.00694
67	0.01851	0.02079	0.04344	0.03155	0.03838	0.02068	0.54999	0.02446	0.01774	0.02446	0.01520	0.02079	0.01179	0.00775	0.01184	0.00279	0.11650	0.00900	0.00393	0.01039
68	0.00966	0.00690	0.00920	0.01104	0.01150	0.00644	0.00736	0.01104	0.01518	0.02024	0.04371	0.71614	0.05245	0.02484	0.01012	0.00322	0.00460	0.02254	0.00736	0.00644
69	0.01869	0.01789	0.03050	0.17966	0.54815	0.01860	0.02387	0.02352	0.01762	0.02478	0.01475	0.01993	0.01216	0.00724	0.00787	0.00241	0.00965	0.00706	0.00384	0.01181
70	0.03316	0.01630	0.07473	0.01506	0.02163	0.01302	0.01332	0.06229	0.04386	0.57513	0.02937	0.02588	0.01872	0.00964	0.00794	0.00246	0.00723	0.00779	0.00913	0.01331
71	0.01901	0.44286	0.30560	0.01730	0.02613	0.02602	0.02007	0.02431	0.01637	0.02133	0.01235	0.01438	0.01012	0.00709	0.00610	0.00203	0.00982	0.00491	0.00337	0.01081
72	0.00975	0.00694	0.00918	0.01093	0.01137	0.00650	0.00725	0.01106	0.01502	0.02003	0.04287	0.68641	0.05139	0.05601	0.01147	0.00342	0.00474	0.02205	0.00725	0.00637
73	0.01573	0.01538	0.02655	0.53369	0.04860	0.01879	0.09432	0.02071	0.01570	0.02071	0.01384	0.02067	0.01072	0.00857	0.01049	0.00276	0.10289	0.00730	0.00357	0.00901

[dist]
# distance from previous block
# <min> <max>
0	2

[block]
# block no. 2 follows, 24 sequences, length 41
# corresponding to MSA columns:
# 180-220
name=unknown_C
#
# <colnr> <probs for GDERKNQSTAVLIFYWHMCP>
#	G	D	E	R	K	N	Q	S	T	A	V	L	I	F	Y	W	H	M	C	P
0	0.02940	0.01778	0.04906	0.01573	0.02168	0.01705	0.01336	0.27894	0.05588	0.30141	0.07335	0.02596	0.02111	0.01010	0.00798	0.00242	0.00743	0.00805	0.03058	0.01274
1	0.03442	0.01397	0.01853	0.01436	0.02039	0.01254	0.01181	0.05638	0.06315	0.61861	0.03099	0.02692	0.01974	0.00987	0.00798	0.00247	0.00677	0.00801	0.00965	0.01344
2	0.01762	0.01746	0.02298	0.06420	0.02325	0.08571	0.07274	0.02042	0.01460	0.02095	0.01427	0.02050	0.01267	0.01629	0.08564	0.00394	0.37702	0.00720	0.09393	0.00861
3	0.01715	0.28419	0.37859	0.01811	0.02686	0.02181	0.02129	0.02312	0.01635	0.02227	0.01622	0.08986	0.01461	0.00911	0.00693	0.00229	0.00979	0.00706	0.00379	0.01060
4	0.01861	0.02214	0.07089	0.03301	0.04117	0.01999	0.61969	0.02539	0.01864	0.02539	0.01597	0.02121	0.01196	0.00672	0.00929	0.00267	0.01331	0.00923	0.00399	0.01073
5	0.01419	0.01017	0.01442	0.01555	0.08401	0.00966	0.02634	0.01829	0.04666	0.07760	0.33734	0.18196	0.08130	0.01632	0.00923	0.00268	0.00522	0.03274	0.00778	0.00853
6	0.04533	0.27138	0.39811	0.01857	0.02802	0.02238	0.02212	0.02544	0.01679	0.06441	0.01411	0.01589	0.01064	0.00742	0.00664	0.00223	0.01011	0.00539	0.00383	0.01120
7	0.01226	0.00879	0.01050	0.01065	0.01264	0.00824	0.00773	0.04754	0.03642	0.05101	0.16178	0.33568	0.22664	0.02017	0.00951	0.00285	0.00464	0.01768	0.00775	0.00752
8	0.01133	0.00850	0.01274	0.01274	0.01416	0.00991	0.00991	0.01416	0.01274	0.01841	0.02124	0.03115	0.01982	0.05947	0.68989	0.01274	0.02124	0.00850	0.00425	0.00708
9	0.01881	0.01978	0.07158	0.12219	0.52767	0.01874	0.05728	0.02397	0.01776	0.02518	0.01484	0.01972	0.01215	0.00717	0.00792	0.00242	0.00990	0.00711	0.00385	0.01197
10	0.01558	0.01508	0.02661	0.60232	0.08024	0.01793	0.08834	0.02099	0.01626	0.02106	0.01434	0.02110	0.01081	0.00776	0.00808	0.00263	0.01082	0.00729	0.00359	0.00917
11	0.01935	0.01856	0.03170	0.08681	0.63583	0.01877	0.02420	0.02410	0.01793	0.02558	0.01487	0.01971	0.01244	0.00712	0.00786	0.00237	0.00949	0.00706	0.00390	0.01234
12	0.01040	0.00793	0.01176	0.01264	0.01365	0.00744	0.04774	0.01223	0.01557	0.02075	0.04187	0.63899	0.04954	0.02354	0.01012	0.00321	0.00530	0.05341	0.00715	0.00676
13	0.02221	0.47721	0.07287	0.01513	0.02140	0.05392	0.01456	0.08591	0.01890	0.05782	0.04229	0.01674	0.01389	0.00815	0.00716	0.00200	0.04938	0.00546	0.00445	0.01052
14	0.02444	0.01310	0.01627	0.01363	0.01804	0.01270	0.01099	0.13130	0.05885	0.28841	0.17193	0.07268	0.06279	0.01326	0.00865	0.00260	0.00621	0.05434	0.00876	0.01104
15	0.01058	0.00777	0.01001	0.01071	0.01189	0.00731	0.00741	0.01237	0.01553	0.02112	0.10429	0.42348	0.08424	0.10130	0.08548	0.00449	0.00666	0.01761	0.00674	0.05100
16	0.07974	0.40893	0.12928	0.01559	0.02159	0.02585	0.01575	0.02246	0.01543	0.02119	0.01508	0.01750	0.04509	0.00885	0.00922	0.00223	0.12703	0.00561	0.00373	0.00984
17	0.02120	0.72609	0.04155	0.01357	0.02035	0.03138	0.01357	0.02374	0.01611	0.01866	0.01102	0.01272	0.01018	0.00678	0.00509	0.00170	0.00848	0.00424	0.00339	0.01018
18	0.01134	0.00846	0.01255	0.01255	0.01390	0.00981	0.00967	0.01403	0.01269	0.01826	0.02142	0.03215	0.02026	0.09133	0.65863	0.01250	0.02059	0.00864	0.00427	0.00697
19	0.01619	0.07840	0.64537	0.02211	0.03356	0.01912	0.02844	0.02504	0.01671	0.02476	0.01406	0.01652	0.01005	0.00749	0.00740	0.00247	0.01154	0.00577	0.00335	0.01164
20	0.01535	0.01453	0.02419	0.62595	0.07971	0.01813	0.02180	0.02036	0.01570	0.02043	0.01388	0.02081	0.01065	0.00830	0.00918	0.00269	0.05880	0.00704	0.00354	0.00897
21	0.01849	0.02094	0.04539	0.07428	0.04225	0.01990	0.60511	0.02509	0.01854	0.02509	0.01592	0.02138	0.01194	0.00676	0.00927	0.00267	0.01320	0.00922	0.00398	0.01058
22	0.01050	0.00821	0.00960	0.00965	0.01192	0.00732	0.00749	0.01335	0.01962	0.02537	0.27968	0.07223	0.37290	0.01899	0.00959	0.00275	0.00439	0.10154	0.00783	0.00706
23	0.01698	0.01536	0.02486	0.51382	0.04676	0.01834	0.07007	0.08719	0.01825	0.02424	0.01519	0.02118	0.01146	0.00831	0.00868	0.00261	0.03934	0.00725	0.04070	0.00938
24	0.01088	0.00833	0.01181	0.01515	0.08215	0.00792	0.00942	0.01276	0.01575	0.02108	0.04177	0.58629	0.06842	0.02263	0.00990	0.00313	0.00524	0.05322	0.00699	0.00715
25	0.00966	0.00690	0.00920	0.01104	0.01150	0.00644	0.00736	0.01104	0.01518	0.02024	0.04371	0.71614	0.05245	0.02484	0.01012	0.00322	0.00460	0.02254	0.00736	0.00644
26	0.01671	0.01586	0.02692	0.45848	0.28483	0.01807	0.02289	0.02178	0.01668	0.02237	0.01440	0.02058	0.01131	0.00761	0.00790	0.00254	0.01014	0.00705	0.00367	0.01021
27	0.01970	0.53135	0.22311	0.01614	0.02432	0.02769	0.01804	0.02413	0.01629	0.02049	0.01194	0.01386	0.01014	0.00700	0.00578	0.00193	0.00940	0.00470	0.00338	0.01062
28	0.01590	0.04102	0.68023	0.02260	0.03432	0.01842	0.02930	0.02511	0.01674	0.02511	0.01423	0.01674	0.01005	0.00753	0.00753	0.00251	0.01172	0.00586	0.00335	0.01172
29	0.01105	0.00793	0.01031	0.01002	0.01161	0.00737	0.00730	0.01428	0.02090	0.02939	0.55264	0.13855	0.06930	0.06034	0.01134	0.00290	0.00409	0.01517	0.00832	0.00719
30	0.02760	0.01975	0.02149	0.01702	0.02260	0.02164	0.01380	0.48761	0.09643	0.08492	0.02278	0.06242	0.01775	0.03522	0.00920	0.00265	0.00808	0.00843	0.00792	0.01268
31	0.01164	0.00873	0.01183	0.01163	0.01257	0.00985	0.00848	0.01344	0.01261	0.01763	0.02505	0.03954	0.05760	0.26925	0.40342	0.01001	0.05591	0.00984	0.00455	0.00641
32	0.00966	0.00690	0.00920	0.01104	0.01150	0.00644	0.00736	0.01104	0.01518	0.02024	0.04371	0.71614	0.05245	0.02484	0.01012	0.00322	0.00460	0.02254	0.00736	0.00644
33	0.02566	0.02377	0.02091	0.01773	0.02268	0.18915	0.01396	0.25887	0.24486	0.03580	0.04894	0.02313	0.01889	0.00988	0.00784	0.00241	0.00908	0.00755	0.00705	0.01184
34	0.02916	0.01673	0.01955	0.01576	0.02141	0.01736	0.01276	0.18542	0.23113	0.31880	0.02866	0.02592	0.01963	0.01005	0.00799	0.00251	0.00707	0.00809	0.00880	0.01319
35	0.01672	0.10536	0.55075	0.02288	0.03373	0.01985	0.09321	0.02501	0.01689	0.02452	0.01411	0.01685	0.01027	0.00737	0.00749	0.00245	0.01158	0.00608	0.00342	0.01146
36	0.01913	0.01834	0.03129	0.11836	0.60604	0.01871	0.02409	0.02390	0.01782	0.02530	0.01483	0.01979	0.01235	0.00716	0.00786	0.00239	0.00954	0.00706	0.00388	0.01216
37	0.02654	0.01573	0.01843	0.01514	0.02014	0.01625	0.01212	0.21409	0.15173	0.25391	0.06932	0.10067	0.02570	0.01192	0.00830	0.00256	0.00682	0.00988	0.00858	0.01217
38	0.01491	0.00958	0.01277	0.01316	0.01546	0.00935	0.01079	0.01940	0.05838	0.09543	0.18349	0.14648	0.04903	0.01898	0.00999	0.00315	0.00605	0.30743	0.00795	0.00822
39	0.01023	0.00767	0.01076	0.08474	0.01610	0.00763	0.00892	0.01202	0.01525	0.02024	0.04055	0.64204	0.04798	0.02304	0.00989	0.00316	0.00524	0.02089	0.00695	0.00669
40	0.01952	0.02218	0.04032	0.08751	0.06486	0.09144	0.46133	0.02521	0.01845	0.02397	0.01509	0.02030	0.01164	0.00740	0.00996	0.00264	0.05544	0.00847	0.00394	0.01033

[dist]
# distance from previous block
# <min> <max>
11	22

[block]
# block no. 3 follows, 24 sequences, length 80
# corresponding to MSA columns:
# 243-322
name=unknown_D
#
# <colnr> <probs for GDERKNQSTAVLIFYWHMCP>
#	G	D	E	R	K	N	Q	S	T	A	V	L	I	F	Y	W	H	M	C	P
0	0.03510	0.00806	0.01059	0.04261	0.01418	0.00785	0.00863	0.01332	0.01722	0.02369	0.17822	0.41817	0.08377	0.02108	0.00974	0.00303	0.00501	0.08538	0.00740	0.00695
1	0.01516	0.01429	0.02413	0.67561	0.07978	0.01767	0.02212	0.02043	0.01595	0.02049	0.01413	0.02108	0.01065	0.00789	0.00792	0.00263	0.01052	0.00705	0.00354	0.00896
2	0.14237	0.02232	0.02161	0.01717	0.02302	0.08153	0.01401	0.47297	0.05801	0.04444	0.01779	0.01813	0.01290	0.00913	0.00741	0.00237	0.00872	0.00661	0.00715	0.01233
3	0.01667	0.10017	0.56636	0.02186	0.03264	0.01970	0.04956	0.02587	0.04934	0.02496	0.01493	0.01721	0.01085	0.00760	0.00741	0.00245	0.01121	0.00600	0.00362	0.01159
4	0.02903	0.02166	0.02317	0.01802	0.02417	0.02407	0.01480	0.58071	0.10380	0.04817	0.02046	0.02017	0.01464	0.00965	0.00795	0.00241	0.00846	0.00734	0.00795	0.01339
5	0.01680	0.01441	0.01660	0.01222	0.01899	0.01155	0.00973	0.02234	0.08519	0.02663	0.01604	0.01785	0.01308	0.00640	0.00611	0.00134	0.00592	0.00516	0.00506	0.68859
6	0.02043	0.01725	0.01837	0.01588	0.02083	0.01924	0.01247	0.10106	0.52575	0.03409	0.02898	0.02710	0.02178	0.01011	0.00782	0.00250	0.00648	0.00832	0.00769	0.09385
7	0.01498	0.01409	0.02378	0.70226	0.05462	0.01762	0.02202	0.02026	0.01586	0.02026	0.01409	0.02114	0.01057	0.00793	0.00793	0.00264	0.01057	0.00705	0.00352	0.00881
8	0.03500	0.01443	0.01898	0.01455	0.02071	0.01304	0.01202	0.10371	0.02426	0.61006	0.02997	0.02614	0.01897	0.00978	0.00797	0.00245	0.00696	0.00788	0.00961	0.01349
9	0.01834	0.02065	0.04445	0.10138	0.04278	0.01981	0.57995	0.02488	0.01843	0.02488	0.01584	0.02137	0.01188	0.00681	0.00921	0.00267	0.01308	0.00912	0.00396	0.01050
10	0.00966	0.00690	0.00920	0.01104	0.01150	0.00644	0.00736	0.01104	0.01518	0.02024	0.04371	0.71614	0.05245	0.02484	0.01012	0.00322	0.00460	0.02254	0.00736	0.00644
11	0.01972	0.01703	0.01793	0.01614	0.02062	0.01972	0.01255	0.04214	0.65752	0.03317	0.03228	0.02959	0.02421	0.01076	0.00807	0.00269	0.00628	0.00897	0.00807	0.01255
12	0.02868	0.03073	0.06129	0.01956	0.02472	0.36897	0.01598	0.22912	0.02642	0.06224	0.01541	0.01675	0.01174	0.00893	0.00840	0.00227	0.04630	0.00604	0.00554	0.01091
13	0.03014	0.02221	0.02380	0.01825	0.02459	0.02459	0.01507	0.64541	0.03728	0.04998	0.01904	0.01904	0.01349	0.00952	0.00793	0.00238	0.00873	0.00714	0.00793	0.01349
14	0.03033	0.02191	0.02361	0.01810	0.02444	0.02415	0.01495	0.62457	0.03678	0.07152	0.01946	0.01931	0.01370	0.00953	0.00793	0.00238	0.00866	0.00717	0.00800	0.01349
15	0.01498	0.01409	0.02378	0.70226	0.05462	0.01762	0.02202	0.02026	0.01586	0.02026	0.01409	0.02114	0.01057	0.00793	0.00793	0.00264	0.01057	0.00705	0.00352	0.00881
16	0.01599	0.01555	0.02299	0.12024	0.02531	0.02067	0.04036	0.01844	0.01329	0.01959	0.01516	0.09354	0.01537	0.01570	0.04717	0.00366	0.47575	0.00878	0.00395	0.00847
17	0.03313	0.01303	0.01780	0.01416	0.01983	0.01138	0.01178	0.03626	0.02222	0.60725	0.03243	0.03369	0.02242	0.01111	0.00829	0.00258	0.00681	0.07344	0.00955	0.01283
18	0.01618	0.01406	0.02347	0.66198	0.05260	0.01727	0.02142	0.02134	0.01626	0.05872	0.01510	0.02148	0.01110	0.00804	0.00793	0.00263	0.01035	0.00710	0.00389	0.00908
19	0.00983	0.00703	0.00935	0.01093	0.01154	0.00655	0.00737	0.01146	0.01596	0.02148	0.11062	0.64569	0.05485	0.02392	0.01004	0.00314	0.00451	0.02166	0.00751	0.00655
20	0.01092	0.00804	0.01021	0.00979	0.01169	0.00733	0.00730	0.01432	0.02154	0.02993	0.56345	0.09504	0.14667	0.01713	0.00939	0.00255	0.00382	0.01506	0.00849	0.00733
