[name]
unknown

[dist]
# distance from previous block
# <min> <max>
8	27

[block]
# block no. 0 follows, 23 sequences, length 56
# corresponding to MSA columns:
# 31-86
name=unknown_A
#
# <colnr> <probs for GDERKNQSTAVLIFYWHMCP>
#	G	D	E	R	K	N	Q	S	T	A	V	L	I	F	Y	W	H	M	C	P
0	0.01529	0.01275	0.04560	0.10181	0.08026	0.01203	0.01316	0.07181	0.01897	0.05322	0.08144	0.24708	0.09034	0.01913	0.03954	0.03328	0.00757	0.04149	0.00650	0.00872
1	0.06037	0.04471	0.05166	0.05806	0.24324	0.04338	0.01692	0.02618	0.10165	0.08181	0.02296	0.02808	0.04821	0.09775	0.01272	0.00320	0.03467	0.00823	0.00537	0.01083
2	0.11019	0.17178	0.02031	0.03934	0.01826	0.01706	0.01083	0.02481	0.10015	0.10549	0.11053	0.06169	0.05490	0.04443	0.04186	0.00315	0.00731	0.00905	0.03920	0.00967
3	0.05285	0.01291	0.01576	0.01446	0.04613	0.01269	0.03659	0.07750	0.09648	0.08885	0.08435	0.09403	0.14752	0.01311	0.00813	0.00246	0.00598	0.01113	0.10691	0.07216
4	0.02126	0.04769	0.02147	0.13317	0.02718	0.01732	0.04479	0.11079	0.16810	0.10582	0.05304	0.02753	0.04677	0.00981	0.00787	0.00239	0.00768	0.00825	0.03516	0.10390
5	0.04940	0.01569	0.01969	0.22348	0.03067	0.03806	0.01498	0.12580	0.07426	0.16519	0.07906	0.03084	0.07646	0.01079	0.00825	0.00259	0.00813	0.00890	0.00693	0.01082
6	0.01751	0.01364	0.02238	0.42469	0.04154	0.01572	0.05128	0.02186	0.01703	0.10685	0.02181	0.13846	0.01935	0.01149	0.00939	0.00282	0.03957	0.01014	0.00514	0.00934
7	0.01710	0.01883	0.05889	0.16809	0.03746	0.01955	0.28821	0.02223	0.01698	0.02348	0.04419	0.05939	0.01658	0.01015	0.01290	0.00292	0.15970	0.00935	0.00425	0.00976
8	0.01405	0.01279	0.01886	0.01909	0.07431	0.01485	0.04619	0.01633	0.01545	0.02166	0.05563	0.29206	0.08665	0.01816	0.01565	0.00320	0.24654	0.01457	0.00571	0.00823
9	0.01974	0.01821	0.02470	0.10537	0.02632	0.02405	0.01794	0.12777	0.01741	0.02521	0.01267	0.01854	0.01122	0.01266	0.02107	0.00325	0.49261	0.00715	0.00436	0.00976
10	0.24970	0.01987	0.02066	0.07886	0.02519	0.02244	0.01411	0.39791	0.02889	0.04395	0.01658	0.01781	0.01203	0.00893	0.00720	0.00248	0.00832	0.00643	0.00678	0.01187
11	0.02437	0.01823	0.01983	0.01658	0.02173	0.02024	0.01323	0.24541	0.33953	0.08783	0.08013	0.02886	0.02492	0.01096	0.00831	0.00261	0.00711	0.00891	0.00840	0.01282
12	0.01311	0.00861	0.01125	0.01110	0.01252	0.00966	0.00844	0.01602	0.01430	0.02260	0.02326	0.03257	0.02086	0.09823	0.36090	0.00827	0.04302	0.00850	0.26954	0.00722
13	0.02169	0.71972	0.04252	0.01388	0.02083	0.03211	0.01388	0.02430	0.01649	0.01909	0.01128	0.01302	0.01041	0.00694	0.00521	0.00174	0.00868	0.00434	0.00347	0.01041
14	0.01139	0.00829	0.01071	0.01011	0.01206	0.00762	0.00758	0.01513	0.02274	0.03201	0.63098	0.06149	0.10585	0.01679	0.00957	0.00256	0.00384	0.01480	0.00886	0.00762
15	0.03401	0.01328	0.01806	0.01403	0.01989	0.01152	0.01152	0.03721	0.02320	0.60853	0.09242	0.03079	0.02552	0.01067	0.00830	0.00251	0.00661	0.00879	0.00994	0.01322
16	0.01116	0.00828	0.01039	0.00987	0.01192	0.00752	0.00740	0.01468	0.02220	0.03071	0.56062	0.06362	0.17702	0.01727	0.00957	0.00258	0.00388	0.01510	0.00869	0.00752
17	0.01124	0.00828	0.01050	0.00995	0.01197	0.00755	0.00746	0.01483	0.02238	0.03115	0.58410	0.06291	0.15327	0.01711	0.00957	0.00258	0.00387	0.01500	0.00875	0.00755
18	0.77215	0.01569	0.01193	0.01067	0.01569	0.01820	0.00879	0.02385	0.01381	0.03641	0.01130	0.01318	0.00879	0.00753	0.00502	0.00251	0.00628	0.00439	0.00502	0.00879
19	0.53061	0.01507	0.01419	0.01191	0.01734	0.01614	0.00982	0.02900	0.01690	0.24435	0.01810	0.01792	0.01250	0.00836	0.00605	0.00251	0.00648	0.00563	0.00667	0.01044
20	0.77215	0.01569	0.01193	0.01067	0.01569	0.01820	0.00879	0.02385	0.01381	0.03641	0.01130	0.01318	0.00879	0.00753	0.00502	0.00251	0.00628	0.00439	0.00502	0.00879
21	0.00959	0.00822	0.00822	0.00822	0.01096	0.00685	0.00617	0.01165	0.01850	0.02192	0.08220	0.07809	0.66092	0.02055	0.00959	0.00274	0.00411	0.01713	0.00754	0.00685
22	0.01148	0.00829	0.01085	0.01021	0.01212	0.00766	0.00766	0.01531	0.02297	0.03254	0.65994	0.06061	0.07656	0.01659	0.00957	0.00255	0.00383	0.01467	0.00893	0.00766
23	0.77215	0.01569	0.01193	0.01067	0.01569	0.01820	0.00879	0.02385	0.01381	0.03641	0.01130	0.01318	0.00879	0.00753	0.00502	0.00251	0.00628	0.00439	0.00502	0.00879
24	0.00989	0.00706	0.00942	0.01130	0.01177	0.00659	0.00753	0.01130	0.01554	0.02071	0.04472	0.70954	0.05367	0.02542	0.01036	0.00330	0.00471	0.02307	0.00753	0.00659
25	0.03641	0.01381	0.01883	0.01444	0.02071	0.01193	0.01193	0.03954	0.02322	0.66984	0.03201	0.02762	0.02009	0.01004	0.00816	0.00251	0.00690	0.00816	0.01004	0.01381
26	0.02598	0.01977	0.02121	0.01744	0.02301	0.02216	0.01402	0.32421	0.33113	0.07147	0.02657	0.02504	0.01936	0.01036	0.00819	0.00259	0.00763	0.00824	0.00827	0.01334
27	0.03539	0.01359	0.01851	0.01427	0.02037	0.01175	0.01175	0.03856	0.02321	0.64398	0.05749	0.02896	0.02238	0.01031	0.00822	0.00251	0.00678	0.00842	0.01000	0.01356
28	0.01532	0.01442	0.02434	0.69533	0.05589	0.01803	0.02253	0.02073	0.01622	0.02073	0.01442	0.02163	0.01082	0.00811	0.00811	0.00270	0.01082	0.00721	0.00361	0.00901
29	0.01627	0.04197	0.67279	0.02313	0.03512	0.01884	0.02998	0.02570	0.01713	0.02570	0.01456	0.01713	0.01028	0.00771	0.00771	0.00257	0.01199	0.00600	0.00343	0.01199
30	0.00989	0.00706	0.00942	0.01130	0.01177	0.00659	0.00753	0.01130	0.01554	0.02071	0.04472	0.70954	0.05367	0.02542	0.01036	0.00330	0.00471	0.02307	0.00753	0.00659
31	0.00960	0.00817	0.00827	0.00834	0.01099	0.00684	0.00622	0.01163	0.01838	0.02187	0.08069	0.10346	0.63652	0.02075	0.00962	0.00276	0.00413	0.01736	0.00753	0.00684
32	0.01054	0.00804	0.01172	0.04894	0.01534	0.00775	0.03283	0.01238	0.01571	0.02092	0.04199	0.64573	0.04975	0.02377	0.01021	0.00324	0.00539	0.02169	0.00719	0.00689
33	0.01532	0.01442	0.02434	0.69533	0.05589	0.01803	0.02253	0.02073	0.01622	0.02073	0.01442	0.02163	0.01082	0.00811	0.00811	0.00270	0.01082	0.00721	0.00361	0.00901
34	0.01775	0.01775	0.02485	0.02130	0.02130	0.02485	0.01775	0.01953	0.01243	0.01953	0.01065	0.01775	0.01065	0.01420	0.02663	0.00355	0.69998	0.00710	0.00355	0.00888
35	0.01683	0.01442	0.01683	0.01202	0.01923	0.01082	0.00961	0.02043	0.01683	0.02644	0.01442	0.01683	0.01202	0.00601	0.00601	0.00120	0.00601	0.00481	0.00481	0.76444
36	0.02745	0.02408	0.02085	0.01783	0.02280	0.21620	0.01395	0.18382	0.20248	0.11636	0.02403	0.05403	0.01855	0.01045	0.00803	0.00247	0.00946	0.00805	0.00721	0.01190
37	0.00989	0.00706	0.00942	0.01130	0.01177	0.00659	0.00753	0.01130	0.01554	0.02071	0.04472	0.70954	0.05367	0.02542	0.01036	0.00330	0.00471	0.02307	0.00753	0.00659
38	0.02784	0.02124	0.02266	0.01806	0.02402	0.02376	0.01470	0.46990	0.21030	0.04630	0.02330	0.02252	0.01689	0.01010	0.00816	0.00252	0.00822	0.00783	0.00816	0.01353
39	0.01180	0.00787	0.00885	0.00885	0.00885	0.00787	0.00492	0.01180	0.01180	0.01573	0.02557	0.05310	0.02950	0.71483	0.04130	0.00787	0.00787	0.01180	0.00492	0.00492
40	0.01495	0.01065	0.01237	0.01133	0.01441	0.01040	0.00869	0.02217	0.15133	0.08588	0.31476	0.05629	0.22308	0.01596	0.00918	0.00264	0.00471	0.01364	0.00850	0.00905
41	0.00996	0.00712	0.00949	0.01124	0.01179	0.00664	0.00754	0.01149	0.01590	0.02129	0.07486	0.67775	0.05479	0.02499	0.01032	0.00326	0.00466	0.02266	0.00760	0.00664
42	0.00996	0.00712	0.00948	0.01125	0.01179	0.00664	0.00754	0.01148	0.01587	0.02125	0.07258	0.68015	0.05470	0.02502	0.01032	0.00326	0.00467	0.02269	0.00760	0.00664
43	0.01627	0.04197	0.67279	0.02313	0.03512	0.01884	0.02998	0.02570	0.01713	0.02570	0.01456	0.01713	0.01028	0.00771	0.00771	0.00257	0.01199	0.00600	0.00343	0.01199
44	0.02008	0.01928	0.03294	0.04981	0.66422	0.01928	0.02490	0.02490	0.01848	0.02651	0.01526	0.02008	0.01285	0.00723	0.00803	0.00241	0.00964	0.00723	0.00402	0.01285
45	0.01627	0.04197	0.67279	0.02313	0.03512	0.01884	0.02998	0.02570	0.01713	0.02570	0.01456	0.01713	0.01028	0.00771	0.00771	0.00257	0.01199	0.00600	0.00343	0.01199
46	0.01984	0.01904	0.03250	0.08215	0.63373	0.01922	0.02478	0.02469	0.01836	0.02622	0.01522	0.02016	0.01275	0.00727	0.00804	0.00242	0.00970	0.00723	0.00400	0.01266
47	0.01652	0.07217	0.64471	0.02272	0.03448	0.01944	0.02926	0.02563	0.01710	0.02540	0.01442	0.01695	0.01028	0.00767	0.00760	0.00253	0.01184	0.00592	0.00343	0.01192
48	0.00989	0.00706	0.00942	0.01130	0.01177	0.00659	0.00753	0.01130	0.01554	0.02071	0.04472	0.70954	0.05367	0.02542	0.01036	0.00330	0.00471	0.02307	0.00753	0.00659
49	0.09586	0.01621	0.01965	0.01519	0.02142	0.01578	0.01255	0.18889	0.02621	0.46149	0.02714	0.02437	0.01757	0.00976	0.00789	0.00249	0.00736	0.00763	0.00914	0.01339
50	0.01469	0.01177	0.06638	0.01264	0.01537	0.00946	0.01037	0.01868	0.04780	0.09645	0.20941	0.25618	0.04867	0.08063	0.01242	0.00336	0.00590	0.06382	0.00765	0.00834
51	0.01795	0.01773	0.02432	0.02091	0.02129	0.02447	0.01735	0.02148	0.06512	0.02072	0.01250	0.01879	0.01182	0.01394	0.02511	0.00348	0.64262	0.00727	0.00394	0.00920
52	0.01915	0.02189	0.04788	0.03420	0.04241	0.02052	0.63475	0.02599	0.01915	0.02599	0.01642	0.02189	0.01231	0.00684	0.00958	0.00274	0.01368	0.00958	0.00410	0.01094
53	0.02727	0.02052	0.02208	0.01769	0.02335	0.02277	0.01432	0.48266	0.14202	0.04565	0.02391	0.07842	0.01899	0.01126	0.00833	0.00256	0.00815	0.00893	0.00809	0.01304
54	0.71084	0.01627	0.01295	0.01133	0.01648	0.01878	0.00934	0.07458	0.01582	0.03762	0.01198	0.01370	0.00920	0.00771	0.00528	0.00250	0.00650	0.00463	0.00528	0.00920
55	0.01710	0.01687	0.02358	0.02048	0.02051	0.02334	0.01691	0.01885	0.01268	0.01963	0.01347	0.07497	0.01421	0.01513	0.02528	0.00353	0.64248	0.00842	0.00388	0.00869

[dist]
# distance from previous block
# <min> <max>
0	3

[block]
# block no. 1 follows, 23 sequences, length 19
# corresponding to MSA columns:
# 90-108
name=unknown_B
#
# <colnr> <probs for GDERKNQSTAVLIFYWHMCP>
#	G	D	E	R	K	N	Q	S	T	A	V	L	I	F	Y	W	H	M	C	P
0	0.01457	0.01153	0.01351	0.01244	0.01531	0.01210	0.00950	0.02518	0.24523	0.03304	0.43756	0.04985	0.05819	0.01461	0.00910	0.00262	0.00475	0.01272	0.00869	0.00950
1	0.00973	0.00823	0.00841	0.00836	0.01104	0.00691	0.00627	0.01191	0.01882	0.02268	0.12381	0.07683	0.61884	0.02026	0.00959	0.00273	0.00409	0.01695	0.00764	0.00691
2	0.01775	0.01775	0.02485	0.02130	0.02130	0.02485	0.01775	0.01953	0.01243	0.01953	0.01065	0.01775	0.01065	0.01420	0.02663	0.00355	0.69998	0.00710	0.00355	0.00888
3	0.02620	0.02218	0.03242	0.02408	0.03109	0.02328	0.23498	0.39263	0.05996	0.04142	0.01903	0.02084	0.01378	0.00877	0.00864	0.00256	0.01050	0.00820	0.00670	0.01274
4	0.50538	0.01696	0.01938	0.02455	0.24573	0.01858	0.01450	0.02422	0.01546	0.03290	0.01270	0.01563	0.01023	0.00742	0.00609	0.00247	0.00747	0.00540	0.00467	0.01023
5	0.01331	0.01214	0.01699	0.02297	0.24268	0.01126	0.01281	0.01635	0.01849	0.02355	0.05846	0.05751	0.43104	0.01583	0.00904	0.00262	0.00607	0.01362	0.00629	0.00898
6	0.01159	0.00869	0.01304	0.01304	0.01449	0.01014	0.01014	0.01449	0.01304	0.01884	0.02173	0.03188	0.02029	0.06086	0.68268	0.01304	0.02173	0.00869	0.00435	0.00724
7	0.01088	0.00853	0.01133	0.01133	0.01324	0.00897	0.00873	0.01348	0.01498	0.01993	0.04318	0.04827	0.24753	0.04656	0.44392	0.00939	0.01548	0.01168	0.00548	0.00710
8	0.02018	0.01754	0.01925	0.01857	0.06077	0.02013	0.01359	0.04199	0.61063	0.03348	0.03193	0.02965	0.02403	0.01078	0.00824	0.00273	0.00662	0.00905	0.00799	0.01284
9	0.01504	0.01210	0.01400	0.01089	0.01555	0.00977	0.00795	0.01737	0.01504	0.02264	0.01838	0.02969	0.01822	0.25744	0.01853	0.00357	0.00667	0.00729	0.00485	0.49503
10	0.50901	0.02384	0.01585	0.01430	0.01902	0.25375	0.01123	0.02688	0.01707	0.03054	0.01174	0.01370	0.00938	0.00783	0.00584	0.00236	0.00924	0.00469	0.00472	0.00901
11	0.02409	0.01746	0.01885	0.01519	0.01938	0.01903	0.01170	0.41534	0.02880	0.03858	0.02164	0.03141	0.01937	0.25985	0.01989	0.00436	0.00855	0.00890	0.00698	0.01065
12	0.00978	0.00747	0.00899	0.01021	0.01148	0.00668	0.00705	0.01142	0.01659	0.02114	0.05802	0.48555	0.26907	0.02369	0.01008	0.00310	0.00450	0.02096	0.00753	0.00668
13	0.01839	0.01756	0.02989	0.27878	0.44843	0.01884	0.02406	0.02342	0.01768	0.02446	0.01496	0.02063	0.01213	0.00754	0.00806	0.00251	0.01006	0.00722	0.00387	0.01149
14	0.03443	0.01697	0.02079	0.01594	0.02229	0.01662	0.01317	0.25153	0.02852	0.45038	0.02757	0.02473	0.01786	0.00994	0.00814	0.00248	0.00762	0.00786	0.00936	0.01381
15	0.01677	0.01648	0.02686	0.36572	0.08011	0.02072	0.06793	0.02097	0.01524	0.02106	0.01329	0.02018	0.01100	0.01012	0.01479	0.00299	0.25542	0.00735	0.00365	0.00935
16	0.01407	0.25985	0.02116	0.01222	0.01498	0.01564	0.00979	0.01591	0.01587	0.02014	0.03286	0.46247	0.03832	0.01887	0.00853	0.00274	0.00612	0.01642	0.00609	0.00795
17	0.01746	0.26017	0.01996	0.00981	0.01349	0.01627	0.00859	0.02082	0.01683	0.02629	0.02108	0.02414	0.01711	0.00856	0.00551	0.00184	0.00552	0.00642	0.49157	0.00857
18	0.04893	0.00866	0.01090	0.01023	0.01230	0.00818	0.00771	0.01573	0.02252	0.03273	0.62801	0.05828	0.07323	0.01614	0.00935	0.00255	0.00395	0.01417	0.00874	0.00771

[dist]
# distance from previous block
# <min> <max>
0	1

[block]
# block no. 2 follows, 23 sequences, length 182
# corresponding to MSA columns:
# 110-291
name=unknown_C
#
# <colnr> <probs for GDERKNQSTAVLIFYWHMCP>
#	G	D	E	R	K	N	Q	S	T	A	V	L	I	F	Y	W	H	M	C	P
0	0.01568	0.01479	0.02498	0.64697	0.10146	0.01812	0.02271	0.02104	0.01639	0.02116	0.01449	0.02152	0.01097	0.00805	0.00811	0.00268	0.01073	0.00721	0.00364	0.00930
1	0.71037	0.01506	0.01168	0.01052	0.01514	0.01736	0.00847	0.02287	0.01365	0.03473	0.01246	0.01642	0.01047	0.06500	0.00797	0.00295	0.00641	0.00500	0.00501	0.00847
2	0.03591	0.01583	0.01917	0.01496	0.02107	0.06639	0.01223	0.03896	0.02321	0.61703	0.03043	0.02656	0.01930	0.00991	0.00809	0.00248	0.00753	0.00792	0.00957	0.01345
3	0.02350	0.01797	0.01905	0.01660	0.02148	0.04197	0.01316	0.11443	0.44471	0.11335	0.03101	0.03106	0.02341	0.01120	0.00834	0.00271	0.00712	0.03794	0.00828	0.01270
4	0.01038	0.00741	0.00998	0.01186	0.01255	0.00702	0.00839	0.01215	0.01602	0.02127	0.04445	0.61389	0.05259	0.02496	0.01049	0.00336	0.00514	0.11384	0.00752	0.00673
5	0.03392	0.01527	0.01943	0.01517	0.02128	0.01442	0.01244	0.11079	0.09537	0.52504	0.03064	0.02695	0.01987	0.01012	0.00817	0.00253	0.00709	0.00817	0.00961	0.01370
6	0.01145	0.00856	0.01275	0.01290	0.01427	0.00985	0.00993	0.01423	0.01324	0.01899	0.02360	0.08694	0.02300	0.05798	0.62805	0.01225	0.02035	0.00986	0.00461	0.00719
7	0.01875	0.07190	0.48071	0.02411	0.05840	0.02047	0.07981	0.10118	0.01992	0.02856	0.01519	0.01774	0.01100	0.00783	0.00781	0.00252	0.01150	0.00643	0.00409	0.01208
8	0.01146	0.00852	0.01253	0.01268	0.01398	0.00974	0.00966	0.01409	0.01318	0.01883	0.02380	0.08803	0.02347	0.09170	0.59498	0.01198	0.01964	0.01002	0.00464	0.00707
9	0.01586	0.00877	0.00912	0.00881	0.01088	0.00893	0.00658	0.06826	0.01840	0.03062	0.02727	0.08255	0.02312	0.03984	0.00770	0.00229	0.00444	0.00891	0.60977	0.00789
10	0.01824	0.28176	0.30490	0.02026	0.02908	0.02297	0.10558	0.02439	0.01765	0.02390	0.06606	0.01983	0.01599	0.00803	0.00721	0.00229	0.01036	0.00659	0.00398	0.01092
11	0.01912	0.01821	0.03117	0.07910	0.55329	0.01834	0.04896	0.02367	0.01785	0.02531	0.01611	0.02292	0.01408	0.06475	0.01081	0.00288	0.00973	0.00770	0.00407	0.01193
12	0.02141	0.01883	0.03179	0.04693	0.61193	0.01868	0.02385	0.02609	0.01886	0.07878	0.01662	0.02069	0.01344	0.00746	0.00804	0.00242	0.00942	0.00731	0.00451	0.01293
13	0.59537	0.01794	0.01581	0.01331	0.01867	0.07291	0.05416	0.02444	0.01520	0.03348	0.01202	0.01422	0.00944	0.00743	0.00562	0.00239	0.00748	0.00487	0.00487	0.07039
14	0.01095	0.00851	0.01006	0.01054	0.01235	0.00799	0.00756	0.01480	0.06947	0.02455	0.17963	0.32671	0.24505	0.02095	0.00979	0.00293	0.00448	0.01839	0.00787	0.00739
15	0.01690	0.01469	0.01748	0.01277	0.01940	0.01196	0.01028	0.02036	0.01647	0.02588	0.01412	0.01690	0.01191	0.00667	0.00768	0.00139	0.06239	0.00499	0.00471	0.70305
16	0.01188	0.00860	0.01260	0.01260	0.01408	0.00993	0.00978	0.01485	0.01336	0.01976	0.02212	0.03175	0.02033	0.05668	0.62767	0.01213	0.02028	0.00860	0.06573	0.00727
17	0.02017	0.01997	0.02867	0.13555	0.44565	0.09933	0.02198	0.02406	0.01806	0.02386	0.01471	0.02001	0.01237	0.00920	0.00988	0.06428	0.01021	0.00697	0.00394	0.01112
18	0.01614	0.01534	0.02646	0.45949	0.18167	0.01753	0.06078	0.02119	0.01684	0.02230	0.01719	0.07721	0.01483	0.00925	0.00837	0.00269	0.01025	0.00865	0.00404	0.00976
19	0.01513	0.00756	0.00756	0.00756	0.00945	0.00756	0.00567	0.01891	0.01702	0.03025	0.02647	0.03025	0.02080	0.00945	0.00567	0.00189	0.00378	0.00756	0.75988	0.00756
20	0.71035	0.01509	0.01184	0.01063	0.01540	0.01735	0.00870	0.02316	0.01455	0.03609	0.06400	0.01704	0.01429	0.00827	0.00539	0.00251	0.00608	0.00523	0.00534	0.00870
21	0.02001	0.01949	0.03415	0.04854	0.61370	0.01938	0.07445	0.02499	0.01853	0.02647	0.01536	0.02023	0.01281	0.00720	0.00816	0.00244	0.00997	0.00742	0.00402	0.01270
22	0.00989	0.00706	0.00942	0.01130	0.01177	0.00659	0.00753	0.01130	0.01554	0.02071	0.04472	0.70954	0.05367	0.02542	0.01036	0.00330	0.00471	0.02307	0.00753	0.00659
23	0.00959	0.00822	0.00822	0.00822	0.01096	0.00685	0.00617	0.01165	0.01850	0.02192	0.08220	0.07809	0.66092	0.02055	0.00959	0.00274	0.00411	0.01713	0.00754	0.00685
24	0.01148	0.00829	0.01085	0.01021	0.01212	0.00766	0.00766	0.01531	0.02297	0.03254	0.65994	0.06061	0.07656	0.01659	0.00957	0.00255	0.00383	0.01467	0.00893	0.00766
25	0.03641	0.01381	0.01883	0.01444	0.02071	0.01193	0.01193	0.03954	0.02322	0.66984	0.03201	0.02762	0.02009	0.01004	0.00816	0.00251	0.00690	0.00816	0.01004	0.01381
26	0.01166	0.00853	0.01099	0.01059	0.01245	0.00805	0.00785	0.01599	0.04765	0.03127	0.56539	0.13218	0.07189	0.01735	0.00961	0.00264	0.00403	0.01539	0.00875	0.00775
27	0.01714	0.15067	0.57171	0.02164	0.03283	0.02097	0.02740	0.02547	0.01703	0.02464	0.01404	0.01647	0.01030	0.00759	0.00731	0.00244	0.01146	0.00573	0.00343	0.01174
28	0.01772	0.01909	0.03905	0.28229	0.04747	0.01958	0.40501	0.02402	0.01805	0.02402	0.01567	0.02179	0.01175	0.00732	0.00903	0.00272	0.01261	0.00869	0.00392	0.01022
29	0.01627	0.04197	0.67279	0.02313	0.03512	0.01884	0.02998	0.02570	0.01713	0.02570	0.01456	0.01713	0.01028	0.00771	0.00771	0.00257	0.01199	0.00600	0.00343	0.01199
30	0.01627	0.04197	0.67279	0.02313	0.03512	0.01884	0.02998	0.02570	0.01713	0.02570	0.01456	0.01713	0.01028	0.00771	0.00771	0.00257	0.01199	0.00600	0.00343	0.01199
31	0.00976	0.00817	0.00850	0.00854	0.01110	0.00690	0.00636	0.01193	0.01871	0.02272	0.12721	0.10923	0.58213	0.02048	0.00963	0.00275	0.00412	0.01723	0.00765	0.00690
32	0.01731	0.01471	0.01708	0.01225	0.01943	0.01131	0.00981	0.04159	0.01756	0.02729	0.01460	0.01692	0.01208	0.00614	0.00608	0.00124	0.00611	0.00489	0.00492	0.73868
33	0.01532	0.01442	0.02434	0.69533	0.05589	0.01803	0.02253	0.02073	0.01622	0.02073	0.01442	0.02163	0.01082	0.00811	0.00811	0.00270	0.01082	0.00721	0.00361	0.00901
34	0.01005	0.00718	0.00960	0.01149	0.01203	0.00673	0.00782	0.01158	0.01570	0.02090	0.04463	0.67767	0.05331	0.02527	0.01040	0.00332	0.00485	0.05331	0.00753	0.00664
35	0.01996	0.01969	0.03279	0.10437	0.54942	0.04200	0.06319	0.02486	0.01848	0.02574	0.01517	0.02015	0.01256	0.00732	0.00811	0.00245	0.01017	0.00731	0.00399	0.01228
36	0.03641	0.01381	0.01883	0.01444	0.02071	0.01193	0.01193	0.03954	0.02322	0.66984	0.03201	0.02762	0.02009	0.01004	0.00816	0.00251	0.00690	0.00816	0.01004	0.01381
37	0.00989	0.00706	0.00942	0.01130	0.01177	0.00659	0.00753	0.01130	0.01554	0.02071	0.04472	0.70954	0.05367	0.02542	0.01036	0.00330	0.00471	0.02307	0.00753	0.00659
38	0.01159	0.00869	0.01304	0.01304	0.01449	0.01014	0.01014	0.01449	0.01304	0.01884	0.02173	0.03188	0.02029	0.06086	0.68268	0.01304	0.02173	0.00869	0.00435	0.00724
39	0.01664	0.06899	0.61631	0.02329	0.03488	0.01947	0.05878	0.02565	0.01720	0.02544	0.01452	0.01719	0.01038	0.00764	0.00770	0.00254	0.01194	0.00610	0.00346	0.01188
40	0.01532	0.01442	0.02434	0.69533	0.05589	0.01803	0.02253	0.02073	0.01622	0.02073	0.01442	0.02163	0.01082	0.00811	0.00811	0.00270	0.01082	0.00721	0.00361	0.00901
41	0.77215	0.01569	0.01193	0.01067	0.01569	0.01820	0.00879	0.02385	0.01381	0.03641	0.01130	0.01318	0.00879	0.00753	0.00502	0.00251	0.00628	0.00439	0.00502	0.00879
42	0.01381	0.01234	0.02206	0.02019	0.05017	0.01176	0.18210	0.01760	0.01788	0.02398	0.06691	0.29264	0.03984	0.01826	0.01023	0.00318	0.00808	0.17413	0.00649	0.00835
43	0.01954	0.01909	0.03387	0.04578	0.54898	0.01888	0.10592	0.02458	0.01879	0.02673	0.04683	0.02230	0.01588	0.00763	0.00832	0.00246	0.00990	0.00791	0.00427	0.01234
44	0.03031	0.03867	0.02299	0.02090	0.02508	0.68226	0.01568	0.03240	0.02299	0.01986	0.01254	0.01463	0.01045	0.00836	0.00732	0.00209	0.01463	0.00523	0.00418	0.00941
45	0.12844	0.03488	0.02191	0.02065	0.04835	0.56864	0.01512	0.03098	0.02160	0.02231	0.01248	0.01465	0.01032	0.00821	0.00704	0.00216	0.01333	0.00519	0.00429	0.00946
46	0.01148	0.00829	0.01085	0.01021	0.01212	0.00766	0.00766	0.01531	0.02297	0.03254	0.65994	0.06061	0.07656	0.01659	0.00957	0.00255	0.00383	0.01467	0.00893	0.00766
47	0.01636	0.01568	0.02693	0.50865	0.12725	0.01789	0.07569	0.02169	0.01680	0.02232	0.01470	0.02112	0.01129	0.00774	0.00808	0.00256	0.01058	0.00725	0.00379	0.06365
48	0.07466	0.58565	0.11821	0.01480	0.02223	0.02947	0.01551	0.02444	0.01638	0.02114	0.01169	0.01354	0.01028	0.00708	0.00550	0.00189	0.00892	0.00455	0.00358	0.01049
49	0.01003	0.00716	0.00958	0.01146	0.01199	0.00671	0.00778	0.01154	0.01567	0.02087	0.04465	0.68242	0.05336	0.02529	0.01039	0.00331	0.00483	0.04880	0.00753	0.00663
50	0.02442	0.01943	0.02345	0.20721	0.03298	0.02241	0.01710	0.35276	0.12391	0.03891	0.01981	0.02166	0.01452	0.00964	0.00880	0.00260	0.03398	0.00756	0.00672	0.01214
51	0.01026	0.00802	0.00938	0.01006	0.01197	0.00714	0.00749	0.01250	0.01812	0.02290	0.12464	0.25827	0.35910	0.02176	0.00999	0.00299	0.00464	0.08615	0.00767	0.00693
52	0.01066	0.00826	0.00970	0.00934	0.01161	0.00730	0.00701	0.01371	0.02102	0.02790	0.40765	0.06824	0.33174	0.01832	0.00958	0.00263	0.00395	0.01574	0.00832	0.00730
53	0.02169	0.71972	0.04252	0.01388	0.02083	0.03211	0.01388	0.02430	0.01649	0.01909	0.01128	0.01302	0.01041	0.00694	0.00521	0.00174	0.00868	0.00434	0.00347	0.01041
54	0.06096	0.01401	0.01858	0.01439	0.02056	0.01245	0.01185	0.03914	0.04618	0.62455	0.03134	0.02722	0.01987	0.00999	0.00806	0.00252	0.00687	0.00807	0.00980	0.01360
55	0.01949	0.01868	0.03187	0.12957	0.58905	0.01912	0.02461	0.02439	0.01820	0.02580	0.01516	0.02027	0.01260	0.00734	0.00804	0.00245	0.00979	0.00723	0.00397	0.01238
56	0.50656	0.01610	0.03959	0.01236	0.01805	0.01621	0.01061	0.02897	0.01696	0.23960	0.01808	0.01797	0.01248	0.00835	0.00613	0.00251	0.00670	0.00567	0.00657	0.01053
57	0.00971	0.00822	0.00839	0.00835	0.01103	0.00690	0.00626	0.01188	0.01878	0.02260	0.11897	0.07698	0.62374	0.02030	0.00959	0.00273	0.00409	0.01697	0.00762	0.00690
58	0.01563	0.01473	0.02488	0.65425	0.09460	0.01811	0.02269	0.02100	0.01637	0.02110	0.01448	0.02153	0.01095	0.00806	0.00811	0.00269	0.01074	0.00721	0.00363	0.00926
59	0.01620	0.03978	0.63046	0.02214	0.03349	0.01813	0.02843	0.02526	0.01712	0.02599	0.01532	0.01797	0.01095	0.00782	0.00758	0.00253	0.01147	0.00610	0.05157	0.01171
60	0.01554	0.01450	0.02431	0.58917	0.11206	0.01749	0.02182	0.02079	0.01687	0.02204	0.05558	0.02396	0.01520	0.00857	0.00820	0.00267	0.01026	0.00769	0.00398	0.00930
61	0.01614	0.03975	0.63065	0.02233	0.03356	0.01809	0.02852	0.02473	0.01671	0.02496	0.01453	0.01761	0.01052	0.00901	0.00924	0.05102	0.01168	0.00606	0.00343	0.01145
62	0.01772	0.01495	0.01730	0.01244	0.01961	0.01173	0.00998	0.05968	0.01818	0.02801	0.01474	0.01699	0.01213	0.00625	0.00614	0.00128	0.00620	0.00497	0.00502	0.71667
63	0.01321	0.00887	0.01267	0.01239	0.01390	0.00986	0.00934	0.01561	0.01347	0.05972	0.02306	0.03533	0.02189	0.17226	0.52733	0.01146	0.01836	0.00920	0.00481	0.00725
64	0.01648	0.00796	0.00828	0.00800	0.01017	0.00784	0.00607	0.02022	0.01741	0.07095	0.02682	0.03008	0.02075	0.00949	0.00583	0.00193	0.00398	0.00760	0.71216	0.00796
65	0.01557	0.01490	0.02584	0.65326	0.05503	0.01819	0.06150	0.02107	0.01641	0.02107	0.01455	0.02165	0.01091	0.00803	0.00821	0.00271	0.01100	0.00736	0.00364	0.00914
66	0.77215	0.01569	0.01193	0.01067	0.01569	0.01820	0.00879	0.02385	0.01381	0.03641	0.01130	0.01318	0.00879	0.00753	0.00502	0.00251	0.00628	0.00439	0.00502	0.00879
67	0.00988	0.00794	0.00882	0.00922	0.01130	0.00688	0.00668	0.01197	0.01825	0.02281	0.13788	0.23570	0.44156	0.02133	0.00978	0.00286	0.00423	0.01835	0.00769	0.00688
68	0.01428	0.00957	0.01337	0.01492	0.01701	0.00947	0.01302	0.01798	0.01891	0.05757	0.04240	0.08823	0.04533	0.02178	0.01105	0.00367	0.00744	0.57859	0.00760	0.00780
69	0.03641	0.01381	0.01883	0.01444	0.02071	0.01193	0.01193	0.03954	0.02322	0.66984	0.03201	0.02762	0.02009	0.01004	0.00816	0.00251	0.00690	0.00816	0.01004	0.01381
70	0.00987	0.00711	0.00936	0.01116	0.01173	0.00660	0.00747	0.01131	0.01567	0.02077	0.04637	0.68183	0.08031	0.02521	0.01032	0.00327	0.00468	0.02281	0.00753	0.00660
71	0.02169	0.71972	0.04252	0.01388	0.02083	0.03211	0.01388	0.02430	0.01649	0.01909	0.01128	0.01302	0.01041	0.00694	0.00521	0.00174	0.00868	0.00434	0.00347	0.01041
72	0.03085	0.02273	0.02435	0.01867	0.02516	0.02516	0.01542	0.63716	0.03815	0.05114	0.01948	0.01948	0.01380	0.00974	0.00812	0.00244	0.00893	0.00731	0.00812	0.01380
73	0.01683	0.01442	0.01683	0.01202	0.01923	0.01082	0.00961	0.02043	0.01683	0.02644	0.01442	0.01683	0.01202	0.00601	0.00601	0.00120	0.00601	0.00481	0.00481	0.76444
74	0.01565	0.01506	0.01670	0.01574	0.01737	0.11980	0.01236	0.01823	0.01452	0.01912	0.01833	0.02666	0.01703	0.04432	0.46018	0.00963	0.13939	0.00786	0.00418	0.00787
75	0.02018	0.01743	0.01835	0.01651	0.02110	0.02018	0.01284	0.04312	0.64956	0.03394	0.03303	0.03027	0.02477	0.01101	0.00826	0.00275	0.00642	0.00917	0.00826	0.01284
76	0.77215	0.01569	0.01193	0.01067	0.01569	0.01820	0.00879	0.02385	0.01381	0.03641	0.01130	0.01318	0.00879	0.00753	0.00502	0.00251	0.00628	0.00439	0.00502	0.00879
77	0.00959	0.00822	0.00822	0.00822	0.01096	0.00685	0.00617	0.01165	0.01850	0.02192	0.08220	0.07809	0.66092	0.02055	0.00959	0.00274	0.00411	0.01713	0.00754	0.00685
78	0.01148	0.00829	0.01085	0.01021	0.01212	0.00766	0.00766	0.01531	0.02297	0.03254	0.65994	0.06061	0.07656	0.01659	0.00957	0.00255	0.00383	0.01467	0.00893	0.00766
79	0.02169	0.71972	0.04252	0.01388	0.02083	0.03211	0.01388	0.02430	0.01649	0.01909	0.01128	0.01302	0.01041	0.00694	0.00521	0.00174	0.00868	0.00434	0.00347	0.01041
80	0.01409	0.00705	0.01057	0.01057	0.01057	0.00705	0.00705	0.01057	0.01057	0.01409	0.01409	0.02467	0.01409	0.02819	0.03171	0.76392	0.00705	0.00705	0.00352	0.00352
81	0.01551	0.01479	0.02548	0.66312	0.05523	0.01815	0.05237	0.02099	0.01637	0.02099	0.01452	0.02165	0.01089	0.00805	0.00818	0.00271	0.01096	0.00733	0.00363	0.00911
82	0.01330	0.01227	0.04898	0.04565	0.05375	0.01098	0.08171	0.01706	0.01773	0.02372	0.06037	0.26463	0.04125	0.01933	0.01024	0.00328	0.00762	0.25333	0.00664	0.00815
83	0.01159	0.00836	0.01099	0.01051	0.01242	0.00776	0.00800	0.01541	0.02270	0.03201	0.62067	0.06258	0.07466	0.01696	0.00967	0.00263	0.00406	0.05254	0.00884	0.00764
84	0.06549	0.01528	0.01941	0.01495	0.02121	0.01425	0.01235	0.13235	0.02518	0.54730	0.02921	0.02576	0.01864	0.00989	0.00803	0.00250	0.00720	0.00787	0.00954	0.01360
85	0.00996	0.00709	0.00939	0.01121	0.01166	0.00664	0.00743	0.01132	0.01540	0.02053	0.04401	0.68505	0.05277	0.05114	0.01151	0.00347	0.00483	0.02265	0.00743	0.00653
86	0.02179	0.01733	0.02605	0.25936	0.06006	0.01908	0.10527	0.11197	0.15322	0.10975	0.02152	0.02388	0.01559	0.00897	0.00835	0.00265	0.00952	0.00809	0.00608	0.01147
87	0.01159	0.00869	0.01304	0.01304	0.01449	0.01014	0.01014	0.01449	0.01304	0.01884	0.02173	0.03188	0.02029	0.06086	0.68268	0.01304	0.02173	0.00869	0.00435	0.00724
88	0.55709	0.01527	0.01379	0.01171	0.01697	0.01672	0.00963	0.04932	0.01690	0.17873	0.01671	0.01717	0.01187	0.00823	0.00586	0.00249	0.00644	0.00544	0.02961	0.01006
89	0.02020	0.02049	0.08623	0.11383	0.35656	0.01927	0.04902	0.05331	0.12133	0.05115	0.01881	0.02198	0.01459	0.00818	0.00813	0.00253	0.00951	0.00757	0.00499	0.01232
90	0.02169	0.71972	0.04252	0.01388	0.02083	0.03211	0.01388	0.02430	0.01649	0.01909	0.01128	0.01302	0.01041	0.00694	0.00521	0.00174	0.00868	0.00434	0.00347	0.01041
91	0.01180	0.00787	0.00885	0.00885	0.00885	0.00787	0.00492	0.01180	0.01180	0.01573	0.02557	0.05310	0.02950	0.71483	0.04130	0.00787	0.00787	0.01180	0.00492	0.00492
92	0.01835	0.02939	0.30910	0.02894	0.08102	0.01891	0.28830	0.02588	0.01855	0.05017	0.04090	0.02145	0.01425	0.00773	0.00862	0.00263	0.01205	0.00804	0.00422	0.01150
93	0.01651	0.04034	0.62202	0.02403	0.03571	0.01898	0.07912	0.02572	0.01730	0.02572	0.01471	0.01752	0.01044	0.00764	0.00786	0.00258	0.01213	0.00629	0.00348	0.01191
94	0.03492	0.01352	0.01846	0.01447	0.02047	0.01176	0.01200	0.03810	0.02294	0.62875	0.03271	0.03169	0.02178	0.01083	0.00835	0.00259	0.00694	0.04644	0.00988	0.01341
95	0.77215	0.01569	0.01193	0.01067	0.01569	0.01820	0.00879	0.02385	0.01381	0.03641	0.01130	0.01318	0.00879	0.00753	0.00502	0.00251	0.00628	0.00439	0.00502	0.00879
96	0.77215	0.01569	0.01193	0.01067	0.01569	0.01820	0.00879	0.02385	0.01381	0.03641	0.01130	0.01318	0.00879	0.00753	0.00502	0.00251	0.00628	0.00439	0.00502	0.00879
97	0.02418	0.01795	0.04582	0.04966	0.09312	0.01824	0.01509	0.11084	0.29291	0.17055	0.02968	0.02832	0.04584	0.01037	0.00822	0.00261	0.00750	0.00863	0.00774	0.01273
98	0.01133	0.00829	0.01063	0.01005	0.01203	0.00759	0.00754	0.01501	0.02261	0.03168	0.61300	0.06203	0.12404	0.01691	0.00957	0.00257	0.00385	0.01487	0.00882	0.00759
99	0.04398	0.00913	0.01156	0.03905	0.01457	0.00895	0.00870	0.01643	0.04647	0.02990	0.44661	0.13806	0.09308	0.01719	0.00944	0.00272	0.00462	0.04353	0.00821	0.00779
100	0.02018	0.01743	0.01835	0.01651	0.02110	0.02018	0.01284	0.04312	0.64956	0.03394	0.03303	0.03027	0.02477	0.01101	0.00826	0.00275	0.00642	0.00917	0.00826	0.01284
101	0.14080	0.18986	0.35457	0.02019	0.02949	0.02194	0.08789	0.02511	0.01666	0.02597	0.01348	0.01606	0.01029	0.00741	0.00690	0.00239	0.01049	0.00574	0.00377	0.01100
102	0.01262	0.00881	0.01120	0.01097	0.01192	0.00952	0.00758	0.03867	0.01360	0.01904	0.02374	0.04189	0.02463	0.38277	0.30946	0.00960	0.01361	0.01014	0.03387	0.00636
103	0.01643	0.04103	0.64636	0.02423	0.06111	0.01886	0.02977	0.02566	0.01719	0.02573	0.01459	0.01725	0.01039	0.00769	0.00772	0.00256	0.01189	0.00605	0.00345	0.01203
104	0.02040	0.01027	0.01370	0.01172	0.01520	0.00918	0.00918	0.02398	0.02306	0.26047	0.43536	0.04881	0.05636	0.01425	0.00907	0.00254	0.00493	0.01234	0.00933	0.00986
105	0.02949	0.04692	0.02440	0.04067	0.04935	0.14726	0.01567	0.39984	0.05714	0.08105	0.01895	0.01941	0.01378	0.00932	0.00788	0.00237	0.00985	0.00694	0.00706	0.01264
106	0.02249	0.65687	0.04072	0.01453	0.02122	0.09210	0.01405	0.02504	0.01709	0.01916	0.01140	0.01317	0.01042	0.00707	0.00540	0.00177	0.00923	0.00442	0.00354	0.01032
107	0.01002	0.00836	0.00882	0.00906	0.01169	0.00716	0.00702	0.01229	0.01852	0.02221	0.07732	0.07976	0.58457	0.02078	0.00979	0.00286	0.00453	0.09077	0.00753	0.00693
108	0.02987	0.01972	0.02258	0.01890	0.05466	0.02112	0.01469	0.37911	0.13123	0.18552	0.02423	0.02305	0.01691	0.00989	0.00814	0.00250	0.00811	0.00779	0.00837	0.01360
109	0.01548	0.01113	0.01404	0.01407	0.01677	0.01145	0.01163	0.04492	0.12920	0.05542	0.20408	0.06749	0.04857	0.01793	0.01003	0.00315	0.00635	0.30122	0.00812	0.00894
110	0.02372	0.01141	0.01498	0.01243	0.01657	0.01028	0.00988	0.05037	0.02352	0.32849	0.32428	0.04432	0.06793	0.01342	0.00886	0.00253	0.00546	0.01145	0.00937	0.01072
111	0.02403	0.01932	0.02457	0.05616	0.25293	0.07108	0.01775	0.06487	0.21150	0.13760	0.02343	0.02404	0.01745	0.00910	0.00807	0.00252	0.00861	0.00782	0.00652	0.01263
112	0.01627	0.04197	0.67279	0.02313	0.03512	0.01884	0.02998	0.02570	0.01713	0.02570	0.01456	0.01713	0.01028	0.00771	0.00771	0.00257	0.01199	0.00600	0.00343	0.01199
113	0.03085	0.02273	0.02435	0.01867	0.02516	0.02516	0.01542	0.63716	0.03815	0.05114	0.01948	0.01948	0.01380	0.00974	0.00812	0.00244	0.00893	0.00731	0.00812	0.01380
114	0.01789	0.01475	0.01842	0.01321	0.02042	0.01134	0.03985	0.02163	0.01725	0.05777	0.01538	0.01760	0.01243	0.00625	0.00629	0.00134	0.00642	0.00520	0.00503	0.69155
115	0.03417	0.01552	0.04765	0.01499	0.02137	0.01309	0.01283	0.08391	0.02409	0.57040	0.05362	0.02776	0.02127	0.01016	0.00819	0.00251	0.00717	0.00824	0.00956	0.01350
116	0.67380	0.04987	0.01443	0.03904	0.01798	0.01916	0.00987	0.04970	0.01507	0.03556	0.01177	0.01378	0.00916	0.00762	0.00529	0.00248	0.00669	0.00463	0.00502	0.00909
117	0.08306	0.02173	0.02237	0.01754	0.02359	0.04814	0.01437	0.50275	0.05722	0.07172	0.01988	0.01996	0.01422	0.00958	0.00778	0.00242	0.00860	0.00713	0.03492	0.01302
118	0.02535	0.01689	0.01897	0.01563	0.02109	0.01778	0.01252	0.16319	0.28925	0.18670	0.03179	0.02950	0.06096	0.01078	0.00813	0.00252	0.00689	0.00875	0.00837	0.06497
119	0.01754	0.11514	0.57328	0.02202	0.03309	0.05225	0.02755	0.02587	0.01734	0.02470	0.01411	0.01657	0.01030	0.00766	0.00742	0.00246	0.01176	0.00578	0.00347	0.01170
120	0.77215	0.01569	0.01193	0.01067	0.01569	0.01820	0.00879	0.02385	0.01381	0.03641	0.01130	0.01318	0.00879	0.00753	0.00502	0.00251	0.00628	0.00439	0.00502	0.00879
121	0.01219	0.00921	0.01333	0.01430	0.01615	0.00890	0.04091	0.01528	0.01779	0.02316	0.04529	0.26292	0.09559	0.02237	0.01076	0.00348	0.00672	0.36698	0.00733	0.00734
122	0.02015	0.01962	0.03219	0.08221	0.61339	0.03940	0.02450	0.02492	0.01850	0.02601	0.01514	0.02000	0.01267	0.00731	0.00802	0.00242	0.00985	0.00717	0.00400	0.01255
123	0.01185	0.00897	0.01313	0.01300	0.01426	0.01051	0.00998	0.01445	0.01291	0.01860	0.02164	0.03316	0.02071	0.11544	0.60223	0.01223	0.04655	0.00890	0.00437	0.00711
124	0.01683	0.01442	0.01683	0.01202	0.01923	0.01082	0.00961	0.02043	0.01683	0.02644	0.01442	0.01683	0.01202	0.00601	0.00601	0.00120	0.00601	0.00481	0.00481	0.76444
125	0.00978	0.00809	0.00857	0.00874	0.01115	0.00689	0.00645	0.01190	0.01851	0.02264	0.12475	0.15069	0.54226	0.02080	0.00968	0.00279	0.00416	0.01762	0.00765	0.00689
126	0.02728	0.01438	0.04204	0.01394	0.01926	0.01261	0.01169	0.07940	0.06773	0.38224	0.14043	0.03718	0.09111	0.01211	0.00852	0.00255	0.00644	0.01004	0.00908	0.01197
127	0.00997	0.00820	0.00877	0.00870	0.01121	0.00700	0.00650	0.01234	0.01926	0.02393	0.19266	0.09497	0.52850	0.01994	0.00961	0.00272	0.00407	0.01684	0.00780	0.00700
128	0.01607	0.01519	0.02569	0.59366	0.15169	0.01822	0.02291	0.02139	0.01658	0.02164	0.01455	0.02139	0.01114	0.00797	0.00810	0.00266	0.01063	0.00721	0.00367	0.00962
129	0.02565	0.41737	0.03457	0.01605	0.02271	0.05429	0.01456	0.26750	0.02532	0.03182	0.01458	0.01564	0.01176	0.00811	0.00644	0.00203	0.00901	0.00555	0.00534	0.01172
130	0.02585	0.02190	0.05285	0.02840	0.22873	0.04424	0.01858	0.29676	0.10006	0.07109	0.01990	0.02107	0.01482	0.00897	0.00806	0.00246	0.00908	0.00742	0.00660	0.01316
131	0.01996	0.01962	0.03486	0.04779	0.58400	0.01944	0.10358	0.02504	0.01856	0.02644	0.01541	0.02032	0.01278	0.00718	0.00823	0.00245	0.01016	0.00753	0.00403	0.01261
132	0.77215	0.01569	0.01193	0.01067	0.01569	0.01820	0.00879	0.02385	0.01381	0.03641	0.01130	0.01318	0.00879	0.00753	0.00502	0.00251	0.00628	0.00439	0.00502	0.00879
133	0.02339	0.13874	0.17743	0.05141	0.11393	0.25301	0.02010	0.05973	0.04506	0.02419	0.01442	0.01684	0.01148	0.00801	0.00729	0.00226	0.01167	0.00588	0.00421	0.01097
134	0.01655	0.04022	0.62074	0.02464	0.05966	0.01893	0.05632	0.02568	0.01727	0.02574	0.01467	0.01745	0.01047	0.00765	0.00780	0.00257	0.01198	0.00620	0.00348	0.01198
135	0.01129	0.00814	0.01067	0.01034	0.01208	0.00753	0.00764	0.01482	0.02205	0.03108	0.58424	0.14045	0.07375	0.01768	0.00967	0.00264	0.00394	0.01571	0.00876	0.00753
136	0.01575	0.01498	0.02610	0.57484	0.05129	0.01810	0.08167	0.02078	0.01612	0.02092	0.01445	0.02163	0.01109	0.00907	0.00998	0.03419	0.03900	0.00743	0.00365	0.00897
137	0.01582	0.00823	0.00830	0.00805	0.01014	0.00834	0.00610	0.04603	0.01794	0.03117	0.02616	0.02978	0.02049	0.00947	0.00578	0.00191	0.00401	0.00755	0.72689	0.00784
138	0.01665	0.01499	0.02595	0.60973	0.05311	0.01793	0.07091	0.02206	0.01680	0.05243	0.01543	0.02194	0.01138	0.00810	0.00823	0.00270	0.01086	0.00745	0.00396	0.00940
139	0.01163	0.00854	0.01227	0.01227	0.01346	0.00973	0.00919	0.01400	0.01281	0.01827	0.02244	0.03576	0.02197	0.18061	0.56523	0.01209	0.01920	0.00926	0.00445	0.00682
140	0.01148	0.00829	0.01085	0.01021	0.01212	0.00766	0.00766	0.01531	0.02297	0.03254	0.65994	0.06061	0.07656	0.01659	0.00957	0.00255	0.00383	0.01467	0.00893	0.00766
141	0.00989	0.00706	0.00942	0.01130	0.01177	0.00659	0.00753	0.01130	0.01554	0.02071	0.04472	0.70954	0.05367	0.02542	0.01036	0.00330	0.00471	0.02307	0.00753	0.00659
142	0.02096	0.01726	0.01837	0.01641	0.02108	0.01978	0.01280	0.04295	0.61937	0.06459	0.03298	0.03015	0.02454	0.01096	0.00825	0.00274	0.00644	0.00913	0.00834	0.01289
143	0.01513	0.00756	0.00756	0.00756	0.00945	0.00756	0.00567	0.01891	0.01702	0.03025	0.02647	0.03025	0.02080	0.00945	0.00567	0.00189	0.00378	0.00756	0.75988	0.00756
144	0.77215	0.01569	0.01193	0.01067	0.01569	0.01820	0.00879	0.02385	0.01381	0.03641	0.01130	0.01318	0.00879	0.00753	0.00502	0.00251	0.00628	0.00439	0.00502	0.00879
145	0.77215	0.01569	0.01193	0.01067	0.01569	0.01820	0.00879	0.02385	0.01381	0.03641	0.01130	0.01318	0.00879	0.00753	0.00502	0.00251	0.00628	0.00439	0.00502	0.00879
146	0.00989	0.00706	0.00942	0.01130	0.01177	0.00659	0.00753	0.01130	0.01554	0.02071	0.04472	0.70954	0.05367	0.02542	0.01036	0.00330	0.00471	0.02307	0.00753	0.00659
147	0.01160	0.00866	0.01288	0.01288	0.01427	0.01005	0.00994	0.01438	0.01299	0.01872	0.02188	0.03271	0.02065	0.08645	0.65758	0.01284	0.02119	0.00882	0.00437	0.00715
148	0.03085	0.02273	0.02435	0.01867	0.02516	0.02516	0.01542	0.63716	0.03815	0.05114	0.01948	0.01948	0.01380	0.00974	0.00812	0.00244	0.00893	0.00731	0.00812	0.01380
149	0.02169	0.71972	0.04252	0.01388	0.02083	0.03211	0.01388	0.02430	0.01649	0.01909	0.01128	0.01302	0.01041	0.00694	0.00521	0.00174	0.00868	0.00434	0.00347	0.01041
150	0.01532	0.01442	0.02434	0.69533	0.05589	0.01803	0.02253	0.02073	0.01622	0.02073	0.01442	0.02163	0.01082	0.00811	0.00811	0.00270	0.01082	0.00721	0.00361	0.00901
151	0.00989	0.00706	0.00942	0.01130	0.01177	0.00659	0.00753	0.01130	0.01554	0.02071	0.04472	0.70954	0.05367	0.02542	0.01036	0.00330	0.00471	0.02307	0.00753	0.00659
152	0.03085	0.02273	0.02435	0.01867	0.02516	0.02516	0.01542	0.63716	0.03815	0.05114	0.01948	0.01948	0.01380	0.00974	0.00812	0.00244	0.00893	0.00731	0.00812	0.01380
153	0.01852	0.02632	0.18566	0.03176	0.04080	0.02015	0.50140	0.02593	0.01871	0.02593	0.01601	0.02084	0.01186	0.00703	0.00916	0.00270	0.01331	0.00879	0.00395	0.01117
154	0.00991	0.00828	0.00870	0.00894	0.01151	0.00706	0.00683	0.01209	0.01840	0.02208	0.07727	0.10350	0.58302	0.02090	0.00976	0.00285	0.00443	0.07003	0.00753	0.00690
155	0.03085	0.02273	0.02435	0.01867	0.02516	0.02516	0.01542	0.63716	0.03815	0.05114	0.01948	0.01948	0.01380	0.00974	0.00812	0.00244	0.00893	0.00731	0.00812	0.01380
156	0.77215	0.01569	0.01193	0.01067	0.01569	0.01820	0.00879	0.02385	0.01381	0.03641	0.01130	0.01318	0.00879	0.00753	0.00502	0.00251	0.00628	0.00439	0.00502	0.00879
157	0.01513	0.00756	0.00756	0.00756	0.00945	0.00756	0.00567	0.01891	0.01702	0.03025	0.02647	0.03025	0.02080	0.00945	0.00567	0.00189	0.00378	0.00756	0.75988	0.00756
158	0.02958	0.02205	0.02435	0.07365	0.02766	0.02458	0.01600	0.58708	0.03637	0.04867	0.01907	0.01966	0.01356	0.00961	0.00812	0.00246	0.00908	0.00730	0.00775	0.01341
159	0.05010	0.01534	0.02040	0.26955	0.03362	0.01566	0.01531	0.08288	0.04333	0.07966	0.01693	0.02013	0.01275	0.00774	0.00722	0.00210	0.00820	0.00638	0.00524	0.28746
160	0.01648	0.06756	0.64899	0.02278	0.03458	0.01935	0.02937	0.02564	0.01711	0.02545	0.01444	0.01698	0.01028	0.00768	0.00761	0.00254	0.01187	0.00593	0.00343	0.01193
161	0.01683	0.01442	0.01683	0.01202	0.01923	0.01082	0.00961	0.02043	0.01683	0.02644	0.01442	0.01683	0.01202	0.00601	0.00601	0.00120	0.00601	0.00481	0.00481	0.76444
162	0.01532	0.01442	0.02434	0.69533	0.05589	0.01803	0.02253	0.02073	0.01622	0.02073	0.01442	0.02163	0.01082	0.00811	0.00811	0.00270	0.01082	0.00721	0.00361	0.00901
163	0.00959	0.00822	0.00822	0.00822	0.01096	0.00685	0.00617	0.01165	0.01850	0.02192	0.08220	0.07809	0.66092	0.02055	0.00959	0.00274	0.00411	0.01713	0.00754	0.00685
164	0.06585	0.00882	0.01092	0.01024	0.01238	0.00841	0.00774	0.01592	0.02231	0.03282	0.61358	0.05722	0.07172	0.01594	0.00925	0.00255	0.00400	0.01394	0.00865	0.00774
