[name]
unknown

[dist]
# distance from previous block
# <min> <max>
1	76

[block]
# block no. 0 follows, 22 sequences, length 7
# corresponding to MSA columns:
# 100-106
name=unknown_A
#
# <colnr> <probs for GDERKNQSTAVLIFYWHMCP>
#	G	D	E	R	K	N	Q	S	T	A	V	L	I	F	Y	W	H	M	C	P
0	0.01760	0.01784	0.05240	0.07406	0.02976	0.01848	0.20921	0.07925	0.01876	0.02587	0.02311	0.19675	0.02313	0.01395	0.01341	0.00309	0.15593	0.01228	0.00532	0.00977
1	0.01669	0.01610	0.02780	0.02083	0.02713	0.01418	0.24063	0.02126	0.01757	0.02539	0.02024	0.10864	0.01871	0.01447	0.07296	0.00327	0.01049	0.00954	0.00496	0.30915
2	0.01901	0.01415	0.01616	0.01282	0.01808	0.01289	0.01020	0.14919	0.02380	0.06963	0.15214	0.03886	0.14657	0.01209	0.00813	0.00214	0.00605	0.00998	0.00729	0.27082
3	0.01912	0.02054	0.03422	0.16889	0.03830	0.06951	0.26538	0.02399	0.01745	0.02343	0.01452	0.02044	0.01171	0.00915	0.01326	0.00284	0.17588	0.00803	0.00401	0.05931
4	0.01638	0.01499	0.02473	0.34294	0.23600	0.01659	0.02058	0.02138	0.01881	0.02567	0.15117	0.03018	0.02611	0.00988	0.00860	0.00264	0.00917	0.00902	0.00499	0.01017
5	0.01779	0.01075	0.01361	0.01237	0.01379	0.01129	0.00877	0.14298	0.01702	0.02275	0.01712	0.02786	0.01639	0.11200	0.02857	0.50049	0.00773	0.00790	0.00480	0.00604
6	0.02203	0.01401	0.01637	0.01426	0.01793	0.01491	0.01082	0.08835	0.21518	0.16389	0.02890	0.03541	0.02389	0.19223	0.09942	0.00535	0.00924	0.00960	0.00748	0.01071

[dist]
# distance from previous block
# <min> <max>
1	2

[block]
# block no. 1 follows, 22 sequences, length 59
# corresponding to MSA columns:
# 109-167
name=unknown_B
#
# <colnr> <probs for GDERKNQSTAVLIFYWHMCP>
#	G	D	E	R	K	N	Q	S	T	A	V	L	I	F	Y	W	H	M	C	P
0	0.03425	0.01418	0.01878	0.01474	0.02075	0.01278	0.01206	0.03946	0.08325	0.56651	0.06737	0.03042	0.02425	0.01075	0.00844	0.00260	0.00685	0.00883	0.01004	0.01369
1	0.02221	0.71304	0.04353	0.01421	0.02132	0.03287	0.01421	0.02488	0.01688	0.01955	0.01155	0.01333	0.01066	0.00711	0.00533	0.00178	0.00888	0.00444	0.00355	0.01066
2	0.01038	0.00860	0.00920	0.00950	0.01217	0.00742	0.00743	0.01276	0.01897	0.02282	0.07781	0.08212	0.55730	0.02134	0.01008	0.00297	0.00475	0.10956	0.00770	0.00711
3	0.02379	0.01940	0.02055	0.01754	0.02279	0.02212	0.01391	0.21164	0.46862	0.03980	0.02984	0.02783	0.02214	0.01090	0.00841	0.00272	0.00731	0.00884	0.00841	0.01343
4	0.02464	0.01242	0.01598	0.01325	0.01761	0.01160	0.01055	0.06714	0.05904	0.30857	0.30735	0.04292	0.04614	0.01330	0.00900	0.00260	0.00577	0.01132	0.00955	0.01128
5	0.02982	0.08713	0.02303	0.01640	0.02233	0.09118	0.01353	0.26184	0.02843	0.22207	0.02944	0.02804	0.08794	0.01089	0.00812	0.00244	0.00858	0.00836	0.00793	0.01250
6	0.01818	0.01818	0.02545	0.02181	0.02181	0.02545	0.01818	0.01999	0.01272	0.01999	0.01091	0.01818	0.01091	0.01454	0.02726	0.00364	0.69284	0.00727	0.00364	0.00909
7	0.01952	0.02216	0.04761	0.03422	0.04212	0.02127	0.58962	0.02621	0.01920	0.02621	0.01645	0.02216	0.01250	0.00745	0.01085	0.00285	0.05468	0.00965	0.00417	0.01108
8	0.06619	0.02276	0.02273	0.01801	0.02399	0.07043	0.01467	0.48278	0.07000	0.04691	0.02029	0.02062	0.01474	0.00982	0.00794	0.00245	0.00894	0.00731	0.05633	0.01308
9	0.02484	0.02508	0.01937	0.05967	0.02309	0.30576	0.01362	0.13256	0.02349	0.02831	0.01830	0.02158	0.01466	0.01422	0.07164	0.00328	0.01193	0.00673	0.17211	0.00976
10	0.01025	0.00733	0.00976	0.01148	0.01208	0.00684	0.00772	0.01190	0.01652	0.02218	0.09452	0.65112	0.05683	0.02530	0.01054	0.00331	0.00475	0.02293	0.00783	0.00684
11	0.01012	0.00723	0.00964	0.01157	0.01205	0.00675	0.00771	0.01157	0.01591	0.02121	0.04579	0.70262	0.05495	0.02603	0.01060	0.00337	0.00482	0.02362	0.00771	0.00675
12	0.02050	0.01991	0.03470	0.04997	0.61716	0.01982	0.06377	0.02557	0.01896	0.02711	0.01570	0.02068	0.01312	0.00738	0.00833	0.00249	0.01013	0.00756	0.00412	0.01303
13	0.01961	0.02241	0.04902	0.03501	0.04342	0.02101	0.62605	0.02661	0.01961	0.02661	0.01681	0.02241	0.01261	0.00700	0.00980	0.00280	0.01401	0.00980	0.00420	0.01120
14	0.01012	0.00723	0.00964	0.01157	0.01205	0.00675	0.00771	0.01157	0.01591	0.02121	0.04579	0.70262	0.05495	0.02603	0.01060	0.00337	0.00482	0.02362	0.00771	0.00675
15	0.02716	0.33503	0.03231	0.01825	0.02377	0.39313	0.01525	0.02953	0.02062	0.01999	0.01227	0.01426	0.01068	0.00792	0.00654	0.00198	0.01231	0.00495	0.00396	0.01008
16	0.01953	0.02694	0.16327	0.03174	0.04036	0.05153	0.46215	0.02661	0.01914	0.02601	0.01604	0.02098	0.01206	0.00753	0.00999	0.00277	0.03923	0.00881	0.00405	0.01125
17	0.01961	0.02241	0.04902	0.03501	0.04342	0.02101	0.62605	0.02661	0.01961	0.02661	0.01681	0.02241	0.01261	0.00700	0.00980	0.00280	0.01401	0.00980	0.00420	0.01120
18	0.01569	0.01477	0.02492	0.68808	0.05722	0.01846	0.02307	0.02123	0.01661	0.02123	0.01477	0.02215	0.01107	0.00831	0.00831	0.00277	0.01107	0.00738	0.00369	0.00923
19	0.01629	0.01563	0.02686	0.58762	0.08716	0.01896	0.05913	0.02173	0.01676	0.02182	0.01478	0.02192	0.01127	0.00843	0.00916	0.00279	0.03887	0.00752	0.00374	0.00955
20	0.01967	0.02224	0.04803	0.03605	0.08323	0.02093	0.58703	0.02654	0.01956	0.02665	0.01673	0.02229	0.01264	0.00703	0.00970	0.00278	0.01374	0.00965	0.00420	0.01133
21	0.01685	0.04164	0.62498	0.02441	0.03644	0.01940	0.06937	0.02633	0.01767	0.02633	0.01503	0.01786	0.01066	0.00783	0.00802	0.00264	0.01239	0.00638	0.00355	0.01221
22	0.01012	0.00723	0.00964	0.01157	0.01205	0.00675	0.00771	0.01157	0.01591	0.02121	0.04579	0.70262	0.05495	0.02603	0.01060	0.00337	0.00482	0.02362	0.00771	0.00675
23	0.01208	0.00805	0.00906	0.00906	0.00906	0.00805	0.00503	0.01208	0.01208	0.01611	0.02618	0.05436	0.03020	0.70804	0.04228	0.00805	0.00805	0.01208	0.00503	0.00503
24	0.01549	0.00774	0.00774	0.00774	0.00968	0.00774	0.00581	0.01936	0.01742	0.03097	0.02710	0.03097	0.02129	0.00968	0.00581	0.00194	0.00387	0.00774	0.75416	0.00774
25	0.02221	0.71304	0.04353	0.01421	0.02132	0.03287	0.01421	0.02488	0.01688	0.01955	0.01155	0.01333	0.01066	0.00711	0.00533	0.00178	0.00888	0.00444	0.00355	0.01066
26	0.01529	0.00776	0.00782	0.00782	0.00964	0.00776	0.00576	0.01894	0.01711	0.03012	0.02705	0.03232	0.02181	0.04991	0.00791	0.00229	0.00411	0.00799	0.71101	0.00759
27	0.03136	0.02975	0.02438	0.02002	0.02573	0.28332	0.01589	0.39223	0.03290	0.03965	0.01713	0.01797	0.01277	0.00941	0.00799	0.00235	0.01146	0.00663	0.00671	0.01234
28	0.01157	0.00844	0.01087	0.01036	0.01232	0.00774	0.00773	0.01527	0.02291	0.03212	0.59067	0.08888	0.11477	0.01761	0.00983	0.00266	0.00397	0.01553	0.00899	0.00774
29	0.01012	0.00723	0.00964	0.01157	0.01205	0.00675	0.00771	0.01157	0.01591	0.02121	0.04579	0.70262	0.05495	0.02603	0.01060	0.00337	0.00482	0.02362	0.00771	0.00675
30	0.01176	0.00849	0.01110	0.01045	0.01241	0.00784	0.00784	0.01568	0.02352	0.03331	0.65184	0.06206	0.07839	0.01698	0.00980	0.00261	0.00392	0.01502	0.00914	0.00784
31	0.01666	0.04297	0.66500	0.02368	0.03596	0.01929	0.03069	0.02631	0.01754	0.02631	0.01491	0.01754	0.01052	0.00789	0.00789	0.00263	0.01228	0.00614	0.00351	0.01228
32	0.76672	0.01607	0.01221	0.01092	0.01607	0.01864	0.00900	0.02442	0.01414	0.03727	0.01157	0.01350	0.00900	0.00771	0.00514	0.00257	0.00643	0.00450	0.00514	0.00900
33	0.01885	0.02060	0.04105	0.10597	0.04017	0.02171	0.42256	0.02453	0.01774	0.02453	0.01526	0.02144	0.01205	0.00883	0.01352	0.00298	0.16473	0.00897	0.00402	0.01051
34	0.01051	0.00788	0.01023	0.01155	0.01237	0.00759	0.00798	0.01221	0.01661	0.02207	0.08738	0.56365	0.12266	0.02442	0.01113	0.00327	0.03218	0.02172	0.00764	0.00694
35	0.01208	0.00805	0.00906	0.00906	0.00906	0.00805	0.00503	0.01208	0.01208	0.01611	0.02618	0.05436	0.03020	0.70804	0.04228	0.00805	0.00805	0.01208	0.00503	0.00503
36	0.01676	0.01587	0.02615	0.44272	0.18032	0.01897	0.02231	0.02155	0.01663	0.02236	0.01598	0.05365	0.01359	0.00966	0.01055	0.00283	0.08803	0.00814	0.00397	0.00994
37	0.03696	0.01465	0.01959	0.01502	0.02146	0.01297	0.01241	0.07325	0.02463	0.62801	0.03206	0.02781	0.02021	0.01026	0.00835	0.00257	0.00718	0.00831	0.01017	0.01414
38	0.01818	0.01818	0.02545	0.02181	0.02181	0.02545	0.01818	0.01999	0.01272	0.01999	0.01091	0.01818	0.01091	0.01454	0.02726	0.00364	0.69284	0.00727	0.00364	0.00909
39	0.01569	0.01477	0.02492	0.68808	0.05722	0.01846	0.02307	0.02123	0.01661	0.02123	0.01477	0.02215	0.01107	0.00831	0.00831	0.00277	0.01107	0.00738	0.00369	0.00923
40	0.03103	0.03959	0.02354	0.02140	0.02568	0.67469	0.01605	0.03317	0.02354	0.02033	0.01284	0.01498	0.01070	0.00856	0.00749	0.00214	0.01498	0.00535	0.00428	0.00963
41	0.01167	0.00849	0.01098	0.01035	0.01235	0.00780	0.00777	0.01550	0.02330	0.03280	0.62489	0.06290	0.10565	0.01718	0.00980	0.00262	0.00393	0.01514	0.00908	0.00780
42	0.01012	0.00723	0.00964	0.01157	0.01205	0.00675	0.00771	0.01157	0.01591	0.02121	0.04579	0.70262	0.05495	0.02603	0.01060	0.00337	0.00482	0.02362	0.00771	0.00675
43	0.01225	0.00813	0.00947	0.00947	0.00975	0.00830	0.00569	0.01281	0.01253	0.01733	0.02578	0.05055	0.02862	0.59439	0.11214	0.00830	0.00943	0.01147	0.04812	0.00546
44	0.31079	0.01486	0.01663	0.01333	0.01928	0.01462	0.01101	0.03446	0.02016	0.42774	0.02482	0.02273	0.01623	0.00932	0.00715	0.00257	0.00683	0.00691	0.00835	0.01221
45	0.03158	0.02327	0.02493	0.01911	0.02576	0.02576	0.01579	0.62852	0.03906	0.05236	0.01995	0.01995	0.01413	0.00997	0.00831	0.00249	0.00914	0.00748	0.00831	0.01413
46	0.03158	0.02327	0.02493	0.01911	0.02576	0.02576	0.01579	0.62852	0.03906	0.05236	0.01995	0.01995	0.01413	0.00997	0.00831	0.00249	0.00914	0.00748	0.00831	0.01413
47	0.76672	0.01607	0.01221	0.01092	0.01607	0.01864	0.00900	0.02442	0.01414	0.03727	0.01157	0.01350	0.00900	0.00771	0.00514	0.00257	0.00643	0.00450	0.00514	0.00900
48	0.01187	0.00890	0.01335	0.01335	0.01483	0.01038	0.01038	0.01483	0.01335	0.01928	0.02225	0.03264	0.02077	0.06231	0.67512	0.01335	0.02225	0.00890	0.00445	0.00742
49	0.01208	0.00805	0.00906	0.00906	0.00906	0.00805	0.00503	0.01208	0.01208	0.01611	0.02618	0.05436	0.03020	0.70804	0.04228	0.00805	0.00805	0.01208	0.00503	0.00503
50	0.01569	0.01477	0.02492	0.68808	0.05722	0.01846	0.02307	0.02123	0.01661	0.02123	0.01477	0.02215	0.01107	0.00831	0.00831	0.00277	0.01107	0.00738	0.00369	0.00923
51	0.01339	0.00956	0.01339	0.01530	0.01721	0.00956	0.01339	0.01721	0.01912	0.02486	0.04399	0.09371	0.04781	0.02295	0.01147	0.00382	0.00765	0.60031	0.00765	0.00765
52	0.01012	0.00723	0.00964	0.01157	0.01205	0.00675	0.00771	0.01157	0.01591	0.02121	0.04579	0.70262	0.05495	0.02603	0.01060	0.00337	0.00482	0.02362	0.00771	0.00675
53	0.01012	0.00723	0.00964	0.01157	0.01205	0.00675	0.00771	0.01157	0.01591	0.02121	0.04579	0.70262	0.05495	0.02603	0.01060	0.00337	0.00482	0.02362	0.00771	0.00675
54	0.02992	0.02244	0.02400	0.01878	0.02513	0.02499	0.01539	0.53970	0.13059	0.04968	0.02205	0.02162	0.01583	0.01017	0.00833	0.00254	0.00875	0.00777	0.00833	0.01398
55	0.01925	0.02151	0.04475	0.05910	0.04093	0.02153	0.51665	0.02547	0.01852	0.02547	0.01590	0.02180	0.01231	0.00811	0.01220	0.00292	0.10931	0.00935	0.00410	0.01083
56	0.70680	0.01626	0.01301	0.01141	0.01666	0.01864	0.00940	0.04865	0.01552	0.06465	0.01280	0.01438	0.00969	0.00791	0.00540	0.00257	0.00656	0.00478	0.00549	0.00942
57	0.02687	0.01480	0.01836	0.01394	0.02045	0.01261	0.01128	0.08208	0.02193	0.30747	0.02491	0.06180	0.01854	0.00944	0.00756	0.00205	0.00674	0.00773	0.00773	0.32371
58	0.02158	0.47586	0.04115	0.02579	0.19962	0.02846	0.05635	0.02516	0.01762	0.02211	0.01302	0.01592	0.01148	0.00718	0.00642	0.00203	0.00949	0.00561	0.00375	0.01139

[dist]
# distance from previous block
# <min> <max>
0	3

[block]
# block no. 2 follows, 22 sequences, length 69
# corresponding to MSA columns:
# 171-239
name=unknown_C
#
# <colnr> <probs for GDERKNQSTAVLIFYWHMCP>
#	G	D	E	R	K	N	Q	S	T	A	V	L	I	F	Y	W	H	M	C	P
0	0.01944	0.35331	0.33462	0.02004	0.02965	0.02572	0.06292	0.02566	0.01737	0.02318	0.01347	0.01591	0.01073	0.00747	0.00683	0.00224	0.01081	0.00560	0.00358	0.01145
1	0.02379	0.01897	0.02066	0.01631	0.02260	0.01961	0.01313	0.26221	0.21247	0.03912	0.02247	0.02240	0.01692	0.00916	0.00767	0.00219	0.00743	0.00725	0.00729	0.24836
2	0.01548	0.00931	0.01230	0.01108	0.01369	0.00848	0.00848	0.01929	0.02355	0.12495	0.56160	0.05713	0.06996	0.01601	0.00959	0.00261	0.00438	0.01405	0.00931	0.00876
3	0.03089	0.06302	0.02517	0.01993	0.02552	0.32167	0.01584	0.32907	0.03095	0.03623	0.01632	0.01737	0.01240	0.00920	0.00780	0.00230	0.01179	0.00637	0.00625	0.01192
4	0.03647	0.01432	0.01926	0.01488	0.02123	0.01262	0.01226	0.04066	0.05349	0.63179	0.03282	0.02841	0.02080	0.01033	0.00836	0.00258	0.00705	0.00840	0.01019	0.01409
5	0.02565	0.02032	0.02159	0.01791	0.02350	0.02299	0.01436	0.31105	0.36618	0.04279	0.02748	0.02595	0.02023	0.01068	0.00839	0.00267	0.00775	0.00852	0.00839	0.01360
6	0.01208	0.00805	0.00906	0.00906	0.00906	0.00805	0.00503	0.01208	0.01208	0.01611	0.02618	0.05436	0.03020	0.70804	0.04228	0.00805	0.00805	0.01208	0.00503	0.00503
7	0.02134	0.60763	0.14130	0.01570	0.02362	0.03074	0.01681	0.02510	0.01698	0.02061	0.01208	0.01399	0.01064	0.00723	0.00573	0.00191	0.00942	0.00471	0.00355	0.01092
8	0.01666	0.01013	0.01307	0.01156	0.01445	0.00945	0.00892	0.05197	0.02438	0.12922	0.52483	0.05472	0.06624	0.01560	0.00950	0.00260	0.00467	0.01362	0.00927	0.00912
9	0.01208	0.00805	0.00906	0.00906	0.00906	0.00805	0.00503	0.01208	0.01208	0.01611	0.02618	0.05436	0.03020	0.70804	0.04228	0.00805	0.00805	0.01208	0.00503	0.00503
10	0.03158	0.02327	0.02493	0.01911	0.02576	0.02576	0.01579	0.62852	0.03906	0.05236	0.01995	0.01995	0.01413	0.00997	0.00831	0.00249	0.00914	0.00748	0.00831	0.01413
11	0.01739	0.01528	0.01936	0.01383	0.02128	0.01174	0.05113	0.02130	0.01739	0.02704	0.01490	0.01757	0.01232	0.00621	0.00640	0.00134	0.00668	0.00525	0.00487	0.70873
12	0.01841	0.25460	0.46872	0.02069	0.03133	0.02358	0.02549	0.02586	0.01733	0.02417	0.01385	0.01621	0.01057	0.00764	0.00708	0.00236	0.01121	0.00560	0.00352	0.01177
13	0.01780	0.01535	0.01604	0.01466	0.01886	0.01705	0.01134	0.03562	0.47666	0.03150	0.04713	0.04394	0.19129	0.01385	0.00881	0.00281	0.00595	0.01154	0.00826	0.01153
14	0.01208	0.00805	0.00906	0.00906	0.00906	0.00805	0.00503	0.01208	0.01208	0.01611	0.02618	0.05436	0.03020	0.70804	0.04228	0.00805	0.00805	0.01208	0.00503	0.00503
15	0.02198	0.01787	0.01906	0.01688	0.02175	0.02042	0.01321	0.06736	0.58448	0.06859	0.03320	0.03041	0.02466	0.01117	0.00844	0.00279	0.00670	0.00926	0.00854	0.01324
16	0.01137	0.00848	0.01056	0.01004	0.01217	0.00767	0.00753	0.01492	0.02260	0.03113	0.53784	0.06565	0.19375	0.01780	0.00980	0.00265	0.00398	0.01553	0.00886	0.00767
17	0.00982	0.00842	0.00842	0.00842	0.01122	0.00701	0.00631	0.01192	0.01894	0.02244	0.08416	0.07995	0.65285	0.02104	0.00982	0.00281	0.00421	0.01753	0.00771	0.00701
18	0.01033	0.00738	0.00988	0.01180	0.01237	0.00692	0.00807	0.01192	0.01611	0.02144	0.04567	0.66428	0.05450	0.02583	0.01066	0.00340	0.00500	0.05993	0.00771	0.00680
19	0.02221	0.71304	0.04353	0.01421	0.02132	0.03287	0.01421	0.02488	0.01688	0.01955	0.01155	0.01333	0.01066	0.00711	0.00533	0.00178	0.00888	0.00444	0.00355	0.01066
20	0.01208	0.00805	0.00906	0.00906	0.00906	0.00805	0.00503	0.01208	0.01208	0.01611	0.02618	0.05436	0.03020	0.70804	0.04228	0.00805	0.00805	0.01208	0.00503	0.00503
21	0.01036	0.00850	0.00917	0.00920	0.01181	0.00731	0.00703	0.01287	0.01967	0.02432	0.17094	0.07805	0.52177	0.02053	0.00993	0.00284	0.00439	0.05619	0.00794	0.00719
22	0.01187	0.00890	0.01335	0.01335	0.01483	0.01038	0.01038	0.01483	0.01335	0.01928	0.02225	0.03264	0.02077	0.06231	0.67512	0.01335	0.02225	0.00890	0.00445	0.00742
23	0.03109	0.02303	0.02466	0.01902	0.02558	0.02553	0.01567	0.60245	0.06593	0.05157	0.02056	0.02044	0.01463	0.01003	0.00832	0.00251	0.00903	0.00756	0.00832	0.01408
24	0.76672	0.01607	0.01221	0.01092	0.01607	0.01864	0.00900	0.02442	0.01414	0.03727	0.01157	0.01350	0.00900	0.00771	0.00514	0.00257	0.00643	0.00450	0.00514	0.00900
25	0.01924	0.02101	0.04335	0.03587	0.14304	0.02034	0.46459	0.02536	0.01896	0.02610	0.01770	0.05456	0.01464	0.00837	0.01048	0.00282	0.04810	0.00994	0.00433	0.01121
26	0.01012	0.00723	0.00964	0.01157	0.01205	0.00675	0.00771	0.01157	0.01591	0.02121	0.04579	0.70262	0.05495	0.02603	0.01060	0.00337	0.00482	0.02362	0.00771	0.00675
27	0.02077	0.53924	0.20473	0.01667	0.02512	0.02935	0.01849	0.02525	0.01705	0.02130	0.01242	0.01442	0.01063	0.00731	0.00600	0.00200	0.00976	0.00488	0.00354	0.01108
28	0.01012	0.00723	0.00964	0.01157	0.01205	0.00675	0.00771	0.01157	0.01591	0.02121	0.04579	0.70262	0.05495	0.02603	0.01060	0.00337	0.00482	0.02362	0.00771	0.00675
29	0.03005	0.02601	0.02384	0.01931	0.02520	0.16224	0.01550	0.42675	0.11404	0.04330	0.02025	0.02033	0.01486	0.00984	0.00816	0.00246	0.01004	0.00728	0.00748	0.01305
30	0.07062	0.02289	0.02426	0.01868	0.02525	0.02538	0.01543	0.59644	0.03774	0.05156	0.01950	0.01960	0.01386	0.00985	0.00814	0.00250	0.00900	0.00732	0.00814	0.01386
31	0.02086	0.01908	0.02502	0.02093	0.02350	0.02411	0.04889	0.11729	0.16758	0.02873	0.01806	0.02174	0.01494	0.01267	0.01899	0.00322	0.38998	0.00794	0.00552	0.01093
32	0.03048	0.08200	0.02480	0.02095	0.02541	0.63428	0.01594	0.03265	0.02312	0.02028	0.01276	0.01488	0.01070	0.00847	0.00735	0.00212	0.01460	0.00529	0.00423	0.00970
33	0.01185	0.00855	0.01124	0.01073	0.01269	0.00794	0.00816	0.01577	0.02326	0.03283	0.61678	0.06388	0.07662	0.01733	0.00989	0.00268	0.00413	0.04878	0.00906	0.00783
34	0.00982	0.00842	0.00842	0.00842	0.01122	0.00701	0.00631	0.01192	0.01894	0.02244	0.08416	0.07995	0.65285	0.02104	0.00982	0.00281	0.00421	0.01753	0.00771	0.00701
35	0.01666	0.04297	0.66500	0.02368	0.03596	0.01929	0.03069	0.02631	0.01754	0.02631	0.01491	0.01754	0.01052	0.00789	0.00789	0.00263	0.01228	0.00614	0.00351	0.01228
36	0.01168	0.00849	0.01099	0.01036	0.01236	0.00780	0.00777	0.01552	0.02332	0.03285	0.62766	0.06282	0.10285	0.01716	0.00980	0.00262	0.00393	0.01513	0.00908	0.00780
37	0.01339	0.00956	0.01339	0.01530	0.01721	0.00956	0.01339	0.01721	0.01912	0.02486	0.04399	0.09371	0.04781	0.02295	0.01147	0.00382	0.00765	0.60031	0.00765	0.00765
38	0.03158	0.02327	0.02493	0.01911	0.02576	0.02576	0.01579	0.62852	0.03906	0.05236	0.01995	0.01995	0.01413	0.00997	0.00831	0.00249	0.00914	0.00748	0.00831	0.01413
39	0.03727	0.01414	0.01928	0.01478	0.02121	0.01221	0.01221	0.04049	0.02378	0.66198	0.03277	0.02828	0.02056	0.01028	0.00835	0.00257	0.00707	0.00835	0.01028	0.01414
40	0.03727	0.01414	0.01928	0.01478	0.02121	0.01221	0.01221	0.04049	0.02378	0.66198	0.03277	0.02828	0.02056	0.01028	0.00835	0.00257	0.00707	0.00835	0.01028	0.01414
41	0.03158	0.02327	0.02493	0.01911	0.02576	0.02576	0.01579	0.62852	0.03906	0.05236	0.01995	0.01995	0.01413	0.00997	0.00831	0.00249	0.00914	0.00748	0.00831	0.01413
42	0.01187	0.00890	0.01335	0.01335	0.01483	0.01038	0.01038	0.01483	0.01335	0.01928	0.02225	0.03264	0.02077	0.06231	0.67512	0.01335	0.02225	0.00890	0.00445	0.00742
43	0.01012	0.00723	0.00964	0.01157	0.01205	0.00675	0.00771	0.01157	0.01591	0.02121	0.04579	0.70262	0.05495	0.02603	0.01060	0.00337	0.00482	0.02362	0.00771	0.00675
44	0.01961	0.02241	0.04902	0.03501	0.04342	0.02101	0.62605	0.02661	0.01961	0.02661	0.01681	0.02241	0.01261	0.00700	0.00980	0.00280	0.01401	0.00980	0.00420	0.01120
45	0.01339	0.00956	0.01339	0.01530	0.01721	0.00956	0.01339	0.01721	0.01912	0.02486	0.04399	0.09371	0.04781	0.02295	0.01147	0.00382	0.00765	0.60031	0.00765	0.00765
46	0.02937	0.11193	0.02541	0.02031	0.02493	0.56054	0.01566	0.03300	0.06420	0.02121	0.01410	0.01587	0.01168	0.00858	0.00732	0.00215	0.01375	0.00552	0.00448	0.00998
47	0.02785	0.25486	0.03018	0.01836	0.02411	0.29360	0.01527	0.16353	0.05038	0.02780	0.01487	0.01621	0.01206	0.00851	0.00701	0.00213	0.01134	0.00570	0.00511	0.01111
48	0.01165	0.00841	0.01101	0.01052	0.01239	0.00777	0.00783	0.01542	0.02304	0.03255	0.61368	0.10239	0.07691	0.01755	0.00985	0.00266	0.00398	0.01556	0.00905	0.00777
49	0.00982	0.00842	0.00842	0.00842	0.01122	0.00701	0.00631	0.01192	0.01894	0.02244	0.08416	0.07995	0.65285	0.02104	0.00982	0.00281	0.00421	0.01753	0.00771	0.00701
50	0.08009	0.02547	0.02194	0.01826	0.02381	0.21560	0.01449	0.23896	0.11198	0.13551	0.02117	0.02085	0.01530	0.00963	0.00788	0.00245	0.01002	0.00704	0.00723	0.01231
51	0.01188	0.00886	0.01315	0.01315	0.01456	0.01028	0.01013	0.01471	0.01329	0.01914	0.02244	0.03365	0.02121	0.09256	0.64547	0.01310	0.02159	0.00905	0.00448	0.00731
52	0.01549	0.00774	0.00774	0.00774	0.00968	0.00774	0.00581	0.01936	0.01742	0.03097	0.02710	0.03097	0.02129	0.00968	0.00581	0.00194	0.00387	0.00774	0.75416	0.00774
53	0.02056	0.01974	0.03372	0.05099	0.65622	0.01974	0.02550	0.02550	0.01892	0.02714	0.01563	0.02056	0.01316	0.00740	0.00822	0.00247	0.00987	0.00740	0.00411	0.01316
54	0.03054	0.12729	0.02612	0.01933	0.02464	0.40390	0.01536	0.13789	0.02538	0.09117	0.01595	0.01698	0.01230	0.00878	0.00742	0.00220	0.01230	0.00591	0.00550	0.01103
55	0.01208	0.00805	0.00906	0.00906	0.00906	0.00805	0.00503	0.01208	0.01208	0.01611	0.02618	0.05436	0.03020	0.70804	0.04228	0.00805	0.00805	0.01208	0.00503	0.00503
56	0.00982	0.00842	0.00842	0.00842	0.01122	0.00701	0.00631	0.01192	0.01894	0.02244	0.08416	0.07995	0.65285	0.02104	0.00982	0.00281	0.00421	0.01753	0.00771	0.00701
57	0.02056	0.01974	0.03372	0.05099	0.65622	0.01974	0.02550	0.02550	0.01892	0.02714	0.01563	0.02056	0.01316	0.00740	0.00822	0.00247	0.00987	0.00740	0.00411	0.01316
58	0.03158	0.02327	0.02493	0.01911	0.02576	0.02576	0.01579	0.62852	0.03906	0.05236	0.01995	0.01995	0.01413	0.00997	0.00831	0.00249	0.00914	0.00748	0.00831	0.01413
59	0.02960	0.02172	0.02332	0.01809	0.02406	0.02396	0.01470	0.56579	0.03631	0.04867	0.02058	0.02345	0.01576	0.08101	0.01177	0.00306	0.00903	0.00795	0.00798	0.01320
60	0.01012	0.00723	0.00964	0.01157	0.01205	0.00675	0.00771	0.01157	0.01591	0.02121	0.04579	0.70262	0.05495	0.02603	0.01060	0.00337	0.00482	0.02362	0.00771	0.00675
61	0.02001	0.44733	0.28997	0.01797	0.02712	0.02749	0.02075	0.02544	0.01714	0.02223	0.01288	0.01500	0.01061	0.00742	0.00635	0.00212	0.01023	0.00511	0.00354	0.01130
62	0.00982	0.00842	0.00842	0.00842	0.01122	0.00701	0.00631	0.01192	0.01894	0.02244	0.08416	0.07995	0.65285	0.02104	0.00982	0.00281	0.00421	0.01753	0.00771	0.00701
63	0.03158	0.02327	0.02493	0.01911	0.02576	0.02576	0.01579	0.62852	0.03906	0.05236	0.01995	0.01995	0.01413	0.00997	0.00831	0.00249	0.00914	0.00748	0.00831	0.01413
64	0.01974	0.01144	0.01443	0.01259	0.01614	0.01101	0.00981	0.02660	0.12207	0.19527	0.39405	0.04841	0.05506	0.01435	0.00921	0.00263	0.00515	0.01241	0.00933	0.01031
65	0.02056	0.01974	0.03372	0.05099	0.65622	0.01974	0.02550	0.02550	0.01892	0.02714	0.01563	0.02056	0.01316	0.00740	0.00822	0.00247	0.00987	0.00740	0.00411	0.01316
66	0.01907	0.33401	0.39507	0.01957	0.02960	0.02519	0.02354	0.02569	0.01725	0.02337	0.01345	0.01571	0.01058	0.00755	0.00678	0.00226	0.01080	0.00540	0.00353	0.01158
67	0.01828	0.23864	0.48353	0.02091	0.03168	0.02326	0.02588	0.02589	0.01735	0.02433	0.01393	0.01631	0.01056	0.00766	0.00714	0.00238	0.01129	0.00564	0.00352	0.01181
68	0.02165	0.64507	0.10658	0.01517	0.02281	0.03149	0.01589	0.02502	0.01695	0.02023	0.01189	0.01375	0.01065	0.00719	0.00559	0.00186	0.00923	0.00461	0.00355	0.01082

[dist]
# distance from previous block
# <min> <max>
0	1

[block]
# block no. 3 follows, 22 sequences, length 13
# corresponding to MSA columns:
# 241-253
name=unknown_D
#
# <colnr> <probs for GDERKNQSTAVLIFYWHMCP>
#	G	D	E	R	K	N	Q	S	T	A	V	L	I	F	Y	W	H	M	C	P
0	0.02247	0.29703	0.16210	0.01861	0.04617	0.09654	0.01780	0.12278	0.02206	0.02794	0.07724	0.02051	0.01798	0.00888	0.00711	0.00221	0.00983	0.00653	0.00497	0.01124
1	0.01623	0.01550	0.02503	0.54432	0.04958	0.01996	0.02201	0.02096	0.01577	0.02096	0.01393	0.02129	0.01104	0.00965	0.01240	0.00296	0.15818	0.00736	0.00368	0.00920
2	0.05572	0.00883	0.01099	0.01091	0.01279	0.00976	0.00843	0.01723	0.01506	0.02509	0.02364	0.03088	0.02032	0.03766	0.36300	0.00806	0.01382	0.00818	0.31198	0.00764
3	0.01143	0.00888	0.01183	0.01274	0.01357	0.00907	0.00899	0.01305	0.01563	0.02142	0.04012	0.58689	0.04758	0.02359	0.01218	0.00328	0.08087	0.02072	0.00710	0.05107
4	0.02590	0.01779	0.01887	0.01510	0.02009	0.01940	0.01227	0.41358	0.03142	0.04481	0.02247	0.02384	0.01666	0.00987	0.00743	0.00230	0.00728	0.00757	0.27148	0.01187
5	0.01024	0.00732	0.00974	0.01149	0.01207	0.00682	0.00772	0.01186	0.01644	0.02206	0.08843	0.65755	0.05659	0.02539	0.01055	0.00332	0.00476	0.02301	0.00781	0.00682
6	0.03158	0.02327	0.02493	0.01911	0.02576	0.02576	0.01579	0.62852	0.03906	0.05236	0.01995	0.01995	0.01413	0.00997	0.00831	0.00249	0.00914	0.00748	0.00831	0.01413
7	0.01837	0.24896	0.47395	0.02077	0.03146	0.02347	0.02563	0.02587	0.01734	0.02423	0.01388	0.01624	0.01057	0.00765	0.00711	0.00237	0.01123	0.00562	0.00352	0.01178
8	0.14521	0.02327	0.01969	0.01728	0.02224	0.16910	0.01352	0.12364	0.31229	0.03446	0.02345	0.02293	0.01776	0.00989	0.00768	0.00258	0.00883	0.00741	0.00695	0.01182
9	0.02454	0.01528	0.01645	0.01346	0.01789	0.01625	0.01084	0.29631	0.02772	0.09233	0.02433	0.02577	0.01800	0.00986	0.00715	0.00224	0.00651	0.00767	0.35624	0.01115
10	0.02664	0.01876	0.02128	0.01691	0.02274	0.01970	0.01392	0.38240	0.03052	0.09600	0.02251	0.02754	0.01782	0.01570	0.07425	0.00351	0.00972	0.05553	0.00757	0.11696
11	0.07627	0.01181	0.01355	0.06679	0.01730	0.01218	0.00907	0.06980	0.04886	0.02425	0.02468	0.11091	0.02580	0.33651	0.02389	0.00507	0.00760	0.01094	0.00567	0.09904
12	0.02229	0.02067	0.02931	0.08083	0.03150	0.06692	0.18889	0.08212	0.23210	0.06570	0.02280	0.02456	0.01711	0.00972	0.01027	0.00279	0.06569	0.00866	0.00624	0.01182

[dist]
# distance from previous block
# <min> <max>
8	26

[block]
# block no. 4 follows, 22 sequences, length 18
# corresponding to MSA columns:
# 280-297
name=unknown_E
#
# <colnr> <probs for GDERKNQSTAVLIFYWHMCP>
#	G	D	E	R	K	N	Q	S	T	A	V	L	I	F	Y	W	H	M	C	P
0	0.02141	0.01718	0.05400	0.02147	0.02741	0.01547	0.19742	0.02881	0.09941	0.15541	0.02902	0.04260	0.02485	0.01232	0.00944	0.00291	0.00940	0.16200	0.00688	0.06260
1	0.25314	0.01236	0.03548	0.03215	0.01560	0.01215	0.00919	0.02170	0.01664	0.08567	0.02525	0.14627	0.02274	0.01197	0.00685	0.00250	0.00567	0.00958	0.26636	0.00873
2	0.07102	0.12293	0.15347	0.01938	0.09519	0.01751	0.01661	0.02504	0.01779	0.08183	0.01577	0.01781	0.01230	0.00725	0.00674	0.00194	0.00831	0.00565	0.00483	0.29865
3	0.07274	0.01261	0.01476	0.08347	0.01975	0.01321	0.01067	0.11064	0.05016	0.03431	0.24023	0.03697	0.03765	0.01180	0.00792	0.00238	0.00590	0.00984	0.16461	0.06038
4	0.03034	0.02168	0.02367	0.01805	0.02476	0.02318	0.01487	0.51965	0.03555	0.09102	0.02023	0.02020	0.01436	0.00956	0.00807	0.00236	0.00866	0.00725	0.00806	0.09847
5	0.01650	0.03867	0.01587	0.01376	0.01721	0.01368	0.01091	0.09106	0.14742	0.03156	0.19709	0.13333	0.07148	0.01614	0.00929	0.00280	0.00606	0.09855	0.00795	0.06068
6	0.09595	0.02368	0.02300	0.01820	0.02439	0.10641	0.01482	0.43249	0.03316	0.11707	0.01979	0.01971	0.01399	0.00963	0.00794	0.00246	0.00941	0.00705	0.00775	0.01311
7	0.02634	0.02048	0.02088	0.01602	0.02267	0.09262	0.01292	0.23500	0.02634	0.11608	0.01863	0.01932	0.01381	0.00828	0.00733	0.00194	0.00832	0.00629	0.00670	0.32002
8	0.01829	0.02163	0.10678	0.02437	0.03280	0.01672	0.30405	0.02423	0.01839	0.02677	0.01575	0.01972	0.01224	0.00676	0.00808	0.00214	0.01058	0.00737	0.00442	0.31893
9	0.02258	0.01993	0.01996	0.01536	0.02201	0.09171	0.01226	0.17275	0.07014	0.03306	0.01724	0.01867	0.01355	0.00775	0.00701	0.00176	0.00793	0.00593	0.00594	0.43446
10	0.02669	0.01356	0.01816	0.11223	0.02463	0.01325	0.01290	0.03281	0.10109	0.36065	0.10593	0.03610	0.08130	0.01182	0.00865	0.00266	0.00698	0.00991	0.00873	0.01195
11	0.01251	0.00920	0.01122	0.01202	0.01350	0.00894	0.00845	0.08149	0.01891	0.02489	0.04776	0.54583	0.12664	0.02357	0.01024	0.00320	0.00523	0.02101	0.00778	0.00762
12	0.01443	0.00722	0.01082	0.01082	0.01082	0.00722	0.00722	0.01082	0.01082	0.01443	0.01443	0.02525	0.01443	0.02886	0.03247	0.75830	0.00722	0.00722	0.00361	0.00361
13	0.02304	0.25910	0.02821	0.01625	0.02148	0.02437	0.01397	0.03424	0.27417	0.10785	0.02335	0.02305	0.01800	0.01007	0.00949	0.00252	0.08516	0.00730	0.00644	0.01195
14	0.01639	0.02169	0.15475	0.23927	0.03901	0.01903	0.13645	0.02199	0.01695	0.02318	0.02237	0.02714	0.08391	0.01050	0.01198	0.00290	0.12963	0.00873	0.00420	0.00993
15	0.01975	0.39407	0.08326	0.01884	0.02596	0.02533	0.13807	0.02389	0.01710	0.02199	0.01430	0.01794	0.01231	0.01332	0.08233	0.00331	0.01147	0.00619	0.00389	0.06668
16	0.02449	0.12146	0.20535	0.02145	0.02896	0.22791	0.06284	0.11543	0.06504	0.02788	0.01597	0.01780	0.01227	0.00847	0.00767	0.00237	0.01198	0.00635	0.00483	0.01149
17	0.02410	0.08636	0.19143	0.01851	0.02618	0.02230	0.01833	0.34033	0.02895	0.03890	0.02610	0.02640	0.09441	0.01059	0.00814	0.00251	0.00931	0.00815	0.00657	0.01244

[dist]
# distance from previous block
# <min> <max>
28	44

[block]
# block no. 5 follows, 22 sequences, length 6
# corresponding to MSA columns:
# 356-361
name=unknown_F
#
# <colnr> <probs for GDERKNQSTAVLIFYWHMCP>
#	G	D	E	R	K	N	Q	S	T	A	V	L	I	F	Y	W	H	M	C	P
0	0.02184	0.39931	0.23728	0.01793	0.02660	0.02753	0.01966	0.11448	0.02036	0.02653	0.01385	0.01564	0.01113	0.00778	0.00658	0.00215	0.01000	0.00543	0.00424	0.01168
1	0.01873	0.11989	0.13064	0.01489	0.02176	0.01523	0.01444	0.02328	0.01877	0.08686	0.08999	0.03137	0.02389	0.01008	0.00754	0.00212	0.00760	0.07371	0.00577	0.28344
2	0.13122	0.02273	0.10774	0.02753	0.03522	0.01988	0.37617	0.02721	0.01858	0.08839	0.01701	0.02087	0.01251	0.00794	0.00975	0.00277	0.05019	0.00833	0.00481	0.01116
3	0.12997	0.16902	0.08506	0.01606	0.02046	0.02138	0.01457	0.02444	0.06085	0.07047	0.01705	0.02236	0.01478	0.07396	0.07118	0.00405	0.16267	0.00692	0.00485	0.00989
4	0.01757	0.01446	0.01982	0.01583	0.02078	0.01365	0.07996	0.12251	0.02142	0.03044	0.11318	0.10309	0.02825	0.01897	0.10675	0.00385	0.00945	0.01004	0.00627	0.24369
5	0.01874	0.01764	0.03186	0.02429	0.02972	0.01726	0.31770	0.12439	0.02127	0.02864	0.02469	0.17318	0.02404	0.09076	0.01339	0.00347	0.01051	0.01266	0.00576	0.01004

[dist]
# distance from previous block
# <min> <max>
3	5

[block]
# block no. 6 follows, 22 sequences, length 8
# corresponding to MSA columns:
# 367-374
name=unknown_G
#
# <colnr> <probs for GDERKNQSTAVLIFYWHMCP>
#	G	D	E	R	K	N	Q	S	T	A	V	L	I	F	Y	W	H	M	C	P
0	0.02337	0.03030	0.32780	0.02021	0.02908	0.01965	0.02184	0.18567	0.08036	0.11805	0.02156	0.04866	0.01594	0.00979	0.00822	0.00263	0.00995	0.00779	0.00627	0.01286
1	0.19778	0.05750	0.33083	0.11815	0.03232	0.01886	0.02185	0.02457	0.01653	0.02798	0.01393	0.01705	0.01040	0.00773	0.00703	0.00248	0.01002	0.00575	0.00405	0.07518
2	0.19691	0.01508	0.02185	0.52468	0.04729	0.01850	0.01968	0.02200	0.01601	0.02510	0.01399	0.02006	0.01057	0.00816	0.00754	0.00272	0.00995	0.00669	0.00404	0.00917
3	0.02124	0.01496	0.02418	0.48075	0.09071	0.01704	0.02062	0.02617	0.01850	0.17625	0.01917	0.02352	0.01351	0.00872	0.00831	0.00270	0.01002	0.00762	0.00531	0.01069
4	0.19691	0.01508	0.02185	0.52468	0.04729	0.01850	0.01968	0.02200	0.01601	0.02510	0.01399	0.02006	0.01057	0.00816	0.00754	0.00272	0.00995	0.00669	0.00404	0.00917
5	0.43368	0.02255	0.17243	0.05905	0.06378	0.01834	0.01640	0.02604	0.01619	0.08323	0.01453	0.01664	0.01068	0.00798	0.00645	0.00259	0.00839	0.00557	0.00501	0.01048
6	0.11591	0.01968	0.02356	0.12337	0.18717	0.07590	0.01759	0.07781	0.17045	0.07595	0.02070	0.02245	0.01567	0.00901	0.00786	0.00259	0.00900	0.00741	0.00601	0.01190
7	0.44335	0.01537	0.01607	0.12264	0.02410	0.01677	0.01201	0.02689	0.01671	0.15987	0.01659	0.01816	0.01190	0.00822	0.00638	0.00251	0.00730	0.00578	0.00592	0.06346

[dist]
# distance from previous block
# <min> <max>
4	7

[block]
# block no. 7 follows, 22 sequences, length 8
# corresponding to MSA columns:
# 382-389
name=unknown_H
#
# <colnr> <probs for GDERKNQSTAVLIFYWHMCP>
#	G	D	E	R	K	N	Q	S	T	A	V	L	I	F	Y	W	H	M	C	P
0	0.07631	0.01834	0.01996	0.01585	0.02204	0.01896	0.01279	0.22434	0.18979	0.09771	0.02295	0.02253	0.01690	0.00923	0.00759	0.00227	0.00733	0.00722	0.00746	0.20042
1	0.09262	0.02244	0.01900	0.01680	0.02038	0.21949	0.01319	0.12532	0.02192	0.02788	0.04701	0.02878	0.09837	0.01934	0.10965	0.00419	0.09016	0.00830	0.00561	0.00954
2	0.06714	0.01777	0.02508	0.25266	0.03638	0.01986	0.09583	0.22383	0.02442	0.03450	0.01814	0.02205	0.01347	0.00883	0.00799	0.00256	0.00961	0.00760	0.10139	0.01091
3	0.02025	0.01751	0.01746	0.01558	0.01970	0.09859	0.01212	0.10827	0.16415	0.04890	0.02941	0.12528	0.04608	0.01899	0.08493	0.00382	0.00948	0.04507	0.00687	0.10754
4	0.02200	0.01483	0.02195	0.29975	0.03634	0.01619	0.03990	0.06446	0.07962	0.18286	0.11067	0.02995	0.02442	0.01034	0.00860	0.00269	0.00866	0.00898	0.00682	0.01098
5	0.02985	0.01879	0.02152	0.01654	0.02310	0.01900	0.01355	0.31084	0.07992	0.21906	0.02382	0.02273	0.01655	0.00951	0.00797	0.00233	0.00784	0.00745	0.00830	0.14135
6	0.08757	0.10791	0.11460	0.01881	0.02532	0.18890	0.01686	0.19830	0.10565	0.03330	0.01758	0.01849	0.01339	0.00898	0.00746	0.00239	0.01047	0.00641	0.00583	0.01178
7	0.02014	0.26183	0.04011	0.11018	0.03471	0.02477	0.25590	0.02755	0.09779	0.02449	0.01688	0.02030	0.01336	0.00775	0.00788	0.00244	0.01089	0.00757	0.00445	0.01101

[dist]
# distance from previous block
# <min> <max>
5	13

[block]
# block no. 8 follows, 22 sequences, length 14
# corresponding to MSA columns:
# 403-416
name=unknown_I
#
# <colnr> <probs for GDERKNQSTAVLIFYWHMCP>
#	G	D	E	R	K	N	Q	S	T	A	V	L	I	F	Y	W	H	M	C	P
0	0.01692	0.01743	0.03211	0.06881	0.03160	0.01828	0.28685	0.02136	0.01712	0.02377	0.02297	0.13275	0.04815	0.01239	0.01346	0.00298	0.16103	0.01135	0.00481	0.05588
1	0.02177	0.01859	0.02740	0.03665	0.40361	0.01929	0.02009	0.12832	0.08331	0.03264	0.01963	0.02283	0.01558	0.00851	0.00795	0.00244	0.00865	0.00765	0.10246	0.01262
2	0.03358	0.01548	0.01965	0.01525	0.02129	0.01459	0.01252	0.16013	0.02692	0.47367	0.09092	0.02986	0.02491	0.01088	0.00849	0.00256	0.00719	0.00883	0.00976	0.01352
3	0.01772	0.03448	0.41879	0.02715	0.03723	0.02032	0.21947	0.02591	0.01782	0.02591	0.01520	0.01914	0.01122	0.00813	0.01001	0.00276	0.06591	0.00740	0.00374	0.01169
4	0.02056	0.01974	0.03372	0.05099	0.65622	0.01974	0.02550	0.02550	0.01892	0.02714	0.01563	0.02056	0.01316	0.00740	0.00822	0.00247	0.00987	0.00740	0.00411	0.01316
5	0.03458	0.01358	0.01821	0.01416	0.02023	0.01170	0.01163	0.03768	0.02330	0.59916	0.03782	0.03335	0.08267	0.01134	0.00850	0.00259	0.00679	0.00926	0.01003	0.01344
6	0.02069	0.42528	0.27182	0.01814	0.02699	0.06629	0.02041	0.02590	0.01752	0.02209	0.01287	0.01498	0.01061	0.00748	0.00641	0.00211	0.01050	0.00512	0.00358	0.01120
7	0.01685	0.04169	0.62673	0.02438	0.03642	0.01940	0.06768	0.02633	0.01767	0.02633	0.01503	0.01784	0.01065	0.00784	0.00801	0.00264	0.01238	0.00637	0.00355	0.01221
8	0.01012	0.00723	0.00964	0.01157	0.01205	0.00675	0.00771	0.01157	0.01591	0.02121	0.04579	0.70262	0.05495	0.02603	0.01060	0.00337	0.00482	0.02362	0.00771	0.00675
9	0.01187	0.00890	0.01335	0.01335	0.01483	0.01038	0.01038	0.01483	0.01335	0.01928	0.02225	0.03264	0.02077	0.06231	0.67512	0.01335	0.02225	0.00890	0.00445	0.00742
10	0.03562	0.01599	0.01950	0.01535	0.02151	0.05378	0.01252	0.04031	0.07076	0.57460	0.03162	0.02766	0.02032	0.01025	0.00831	0.00256	0.00752	0.00825	0.00977	0.01378
11	0.02397	0.02240	0.02046	0.01800	0.02289	0.13601	0.01402	0.12218	0.45055	0.03463	0.02824	0.02668	0.02125	0.01062	0.00826	0.00265	0.00840	0.00842	0.00770	0.01267
12	0.01055	0.00754	0.01013	0.01206	0.01273	0.00712	0.00846	0.01231	0.01633	0.02169	0.04555	0.62259	0.05401	0.02562	0.01072	0.00343	0.00519	0.09941	0.00770	0.00687
13	0.01723	0.01477	0.01723	0.01230	0.01969	0.01107	0.00984	0.02092	0.01723	0.02707	0.01477	0.01723	0.01230	0.00615	0.00615	0.00123	0.00615	0.00492	0.00492	0.75883

[dist]
# distance from previous block
# <min> <max>
0	3

[block]
# block no. 9 follows, 22 sequences, length 11
# corresponding to MSA columns:
# 420-430
name=unknown_J
#
# <colnr> <probs for GDERKNQSTAVLIFYWHMCP>
#	G	D	E	R	K	N	Q	S	T	A	V	L	I	F	Y	W	H	M	C	P
0	0.02029	0.01738	0.02141	0.01687	0.02303	0.01723	0.06603	0.10902	0.24076	0.03271	0.02269	0.02360	0.01756	0.01105	0.03747	0.00264	0.00810	0.00745	0.00653	0.29817
1	0.00982	0.00842	0.00842	0.00842	0.01122	0.00701	0.00631	0.01192	0.01894	0.02244	0.08416	0.07995	0.65285	0.02104	0.00982	0.00281	0.00421	0.01753	0.00771	0.00701
2	0.01163	0.00840	0.01099	0.01054	0.01238	0.00776	0.00783	0.01536	0.02293	0.03239	0.60549	0.11104	0.07659	0.01768	0.00986	0.00267	0.00399	0.01568	0.00904	0.00776
3	0.76672	0.01607	0.01221	0.01092	0.01607	0.01864	0.00900	0.02442	0.01414	0.03727	0.01157	0.01350	0.00900	0.00771	0.00514	0.00257	0.00643	0.00450	0.00514	0.00900
4	0.01176	0.00849	0.01110	0.01045	0.01241	0.00784	0.00784	0.01568	0.02352	0.03331	0.65184	0.06206	0.07839	0.01698	0.00980	0.00261	0.00392	0.01502	0.00914	0.00784
5	0.01075	0.00845	0.00971	0.00940	0.01179	0.00741	0.00705	0.01373	0.02114	0.02768	0.35757	0.07133	0.37617	0.01909	0.00981	0.00271	0.00407	0.01632	0.00840	0.00741
6	0.60377	0.01780	0.04686	0.01256	0.01830	0.01861	0.01092	0.07245	0.01713	0.09656	0.01437	0.01558	0.01056	0.00814	0.00583	0.00257	0.00699	0.00517	0.00578	0.01004
7	0.01685	0.01653	0.02074	0.01834	0.01972	0.07936	0.04246	0.01946	0.01714	0.02368	0.15981	0.11148	0.03292	0.01592	0.01800	0.00321	0.33083	0.03932	0.00562	0.00862
8	0.01206	0.00813	0.00944	0.00944	0.00957	0.00826	0.00550	0.01232	0.01219	0.01639	0.02583	0.05245	0.02937	0.65123	0.09796	0.00852	0.00930	0.01180	0.00498	0.00524
9	0.03107	0.03835	0.02365	0.02123	0.02569	0.62507	0.01603	0.07870	0.02473	0.02278	0.01338	0.01536	0.01096	0.00867	0.00755	0.00217	0.01453	0.00551	0.00459	0.00997
10	0.02028	0.08442	0.03385	0.10480	0.54274	0.02086	0.02422	0.02505	0.01852	0.02590	0.01517	0.02002	0.01274	0.00746	0.00796	0.00243	0.00989	0.00712	0.00402	0.01257

[dist]
# distance from previous block
# <min> <max>
0	3

[block]
# block no. 10 follows, 22 sequences, length 90
# corresponding to MSA columns:
# 434-523
name=unknown_K
#
# <colnr> <probs for GDERKNQSTAVLIFYWHMCP>
#	G	D	E	R	K	N	Q	S	T	A	V	L	I	F	Y	W	H	M	C	P
0	0.02815	0.06518	0.02328	0.01958	0.02395	0.44934	0.01512	0.08923	0.08620	0.02542	0.01635	0.01808	0.01315	0.00921	0.00828	0.00227	0.04071	0.00614	0.05002	0.01033
1	0.01833	0.01473	0.01734	0.01244	0.01977	0.01114	0.00997	0.02200	0.01759	0.06208	0.01576	0.01784	0.01276	0.00638	0.00627	0.00130	0.00620	0.00511	0.00522	0.71777
2	0.01859	0.01430	0.01540	0.01325	0.01731	0.01490	0.01045	0.20212	0.12203	0.03556	0.15392	0.04915	0.23646	0.01501	0.00898	0.00264	0.00598	0.01240	0.04129	0.01027
3	0.01331	0.00951	0.01327	0.01506	0.01697	0.00948	0.01311	0.01714	0.01934	0.02528	0.07419	0.09214	0.04933	0.02265	0.01139	0.00376	0.00746	0.57123	0.00772	0.00766
4	0.01569	0.01477	0.02492	0.68808	0.05722	0.01846	0.02307	0.02123	0.01661	0.02123	0.01477	0.02215	0.01107	0.00831	0.00831	0.00277	0.01107	0.00738	0.00369	0.00923
5	0.01206	0.00814	0.00949	0.00949	0.00964	0.00829	0.00557	0.01236	0.01221	0.01643	0.02578	0.05217	0.02925	0.64290	0.10612	0.00859	0.00949	0.01176	0.00497	0.00527
6	0.02056	0.01974	0.03372	0.05099	0.65622	0.01974	0.02550	0.02550	0.01892	0.02714	0.01563	0.02056	0.01316	0.00740	0.00822	0.00247	0.00987	0.00740	0.00411	0.01316
7	0.01549	0.00774	0.00774	0.00774	0.00968	0.00774	0.00581	0.01936	0.01742	0.03097	0.02710	0.03097	0.02129	0.00968	0.00581	0.00194	0.00387	0.00774	0.75416	0.00774
8	0.01723	0.01477	0.01723	0.01230	0.01969	0.01107	0.00984	0.02092	0.01723	0.02707	0.01477	0.01723	0.01230	0.00615	0.00615	0.00123	0.00615	0.00492	0.00492	0.75883
9	0.01208	0.00805	0.00906	0.00906	0.00906	0.00805	0.00503	0.01208	0.01208	0.01611	0.02618	0.05436	0.03020	0.70804	0.04228	0.00805	0.00805	0.01208	0.00503	0.00503
10	0.01549	0.00774	0.00774	0.00774	0.00968	0.00774	0.00581	0.01936	0.01742	0.03097	0.02710	0.03097	0.02129	0.00968	0.00581	0.00194	0.00387	0.00774	0.75416	0.00774
11	0.02066	0.01785	0.01878	0.01691	0.02160	0.02066	0.01315	0.04414	0.64121	0.03475	0.03381	0.03099	0.02536	0.01127	0.00845	0.00282	0.00657	0.00939	0.00845	0.01315
12	0.01818	0.01818	0.02545	0.02181	0.02181	0.02545	0.01818	0.01999	0.01272	0.01999	0.01091	0.01818	0.01091	0.01454	0.02726	0.00364	0.69284	0.00727	0.00364	0.00909
13	0.02066	0.01785	0.01878	0.01691	0.02160	0.02066	0.01315	0.04414	0.64121	0.03475	0.03381	0.03099	0.02536	0.01127	0.00845	0.00282	0.00657	0.00939	0.00845	0.01315
14	0.01176	0.00849	0.01110	0.01045	0.01241	0.00784	0.00784	0.01568	0.02352	0.03331	0.65184	0.06206	0.07839	0.01698	0.00980	0.00261	0.00392	0.01502	0.00914	0.00784
