[name]
unknown

[dist]
# distance from previous block
# <min> <max>
7	33

[block]
# block no. 0 follows, 26 sequences, length 42
# corresponding to MSA columns:
# 36-77
name=unknown_A
#
# <colnr> <probs for GDERKNQSTAVLIFYWHMCP>
#	G	D	E	R	K	N	Q	S	T	A	V	L	I	F	Y	W	H	M	C	P
0	0.24157	0.01115	0.01133	0.01098	0.01365	0.01202	0.00833	0.06450	0.04356	0.02652	0.03555	0.27769	0.15210	0.01582	0.00851	0.00269	0.03709	0.01303	0.00625	0.00766
1	0.01456	0.03409	0.01599	0.21946	0.02480	0.03054	0.01182	0.04026	0.03460	0.04120	0.02065	0.09019	0.02025	0.22074	0.08456	0.00473	0.00920	0.00915	0.00468	0.06852
2	0.01453	0.02231	0.24690	0.05648	0.04400	0.01586	0.15076	0.01969	0.01541	0.02190	0.02044	0.19350	0.02016	0.01199	0.01067	0.00273	0.10863	0.01047	0.00432	0.00923
3	0.01488	0.01341	0.02144	0.11034	0.34380	0.01374	0.01674	0.01910	0.04544	0.02258	0.02557	0.25291	0.04242	0.01290	0.00828	0.00258	0.00736	0.01192	0.00505	0.00953
4	0.01531	0.03204	0.01832	0.26395	0.02970	0.01394	0.01365	0.04887	0.08016	0.02361	0.02016	0.10345	0.03289	0.00941	0.00715	0.00210	0.00727	0.00807	0.00487	0.26508
5	0.06966	0.01365	0.02194	0.52572	0.12904	0.01623	0.01940	0.01944	0.01523	0.02113	0.01547	0.07185	0.01319	0.00863	0.00752	0.00252	0.00924	0.00765	0.00379	0.00871
6	0.51639	0.01442	0.01487	0.21437	0.02585	0.01708	0.01217	0.02256	0.05394	0.02965	0.01265	0.01559	0.00968	0.00740	0.00572	0.00241	0.00710	0.00514	0.00450	0.00851
7	0.24361	0.01544	0.04401	0.29723	0.03292	0.01667	0.05780	0.02062	0.01453	0.02481	0.01250	0.01692	0.00976	0.00748	0.00777	0.00235	0.05847	0.00577	0.00393	0.10741
8	0.02326	0.01466	0.01929	0.14339	0.06972	0.01521	0.01392	0.05266	0.21049	0.25368	0.02438	0.02394	0.01719	0.00881	0.00746	0.00233	0.00714	0.00739	0.00695	0.07810
9	0.07204	0.01345	0.02149	0.57467	0.07534	0.01624	0.01920	0.02001	0.01511	0.04584	0.01391	0.01991	0.01052	0.00841	0.00836	0.03725	0.00945	0.00657	0.00371	0.00851
10	0.01665	0.00919	0.01069	0.00948	0.01269	0.00793	0.00721	0.01862	0.01779	0.21830	0.05616	0.05604	0.40233	0.10797	0.01237	0.00311	0.00507	0.01289	0.00742	0.00810
11	0.01488	0.01157	0.01228	0.01092	0.01426	0.01144	0.00848	0.20320	0.02240	0.02844	0.05534	0.13433	0.40984	0.01676	0.00864	0.00254	0.00524	0.01395	0.00720	0.00830
12	0.24391	0.01497	0.02182	0.18779	0.04629	0.01687	0.13352	0.02187	0.06544	0.02542	0.01593	0.06467	0.01359	0.00954	0.00914	0.03194	0.05667	0.00747	0.00443	0.00872
13	0.01554	0.00980	0.01005	0.00955	0.01206	0.01056	0.00729	0.02437	0.21020	0.02930	0.02656	0.02828	0.02054	0.00927	0.00602	0.00201	0.00427	0.00752	0.54830	0.00853
14	0.00959	0.00750	0.00877	0.00947	0.01125	0.00668	0.00707	0.01165	0.01678	0.02112	0.10348	0.26748	0.37154	0.02053	0.00937	0.00282	0.00439	0.09694	0.00713	0.00646
15	0.01028	0.00800	0.01086	0.01086	0.01257	0.00857	0.00838	0.01276	0.01370	0.01846	0.03704	0.04258	0.21550	0.04574	0.49786	0.00934	0.01544	0.01046	0.00495	0.00666
16	0.24040	0.00981	0.01024	0.00962	0.01225	0.01008	0.00742	0.01632	0.01805	0.02981	0.38837	0.04544	0.09740	0.04351	0.00898	0.00263	0.00454	0.03089	0.00697	0.00730
17	0.01763	0.00928	0.01235	0.01071	0.01371	0.00834	0.00834	0.02102	0.02154	0.22603	0.48910	0.04753	0.05594	0.01370	0.00856	0.00237	0.00443	0.01192	0.00866	0.00886
18	0.78701	0.01467	0.01115	0.00997	0.01467	0.01702	0.00821	0.02230	0.01291	0.03403	0.01056	0.01232	0.00821	0.00704	0.00469	0.00235	0.00587	0.00411	0.00469	0.00821
19	0.01306	0.01123	0.01907	0.01529	0.01756	0.01085	0.19814	0.01496	0.01306	0.01755	0.02137	0.04100	0.02282	0.51826	0.02983	0.00593	0.00896	0.01042	0.00437	0.00626
20	0.01714	0.01243	0.01534	0.01500	0.01803	0.01311	0.01287	0.20664	0.02285	0.03013	0.03366	0.06563	0.03455	0.01745	0.00962	0.00313	0.00739	0.44914	0.00716	0.00873
21	0.01745	0.52188	0.03098	0.01196	0.01706	0.02325	0.01126	0.02023	0.01721	0.02157	0.20930	0.02533	0.02803	0.00916	0.00607	0.00185	0.00677	0.00692	0.00476	0.00897
22	0.01209	0.00947	0.01127	0.01200	0.01358	0.00992	0.00851	0.01936	0.20923	0.02302	0.03857	0.52126	0.04217	0.01978	0.00910	0.00293	0.00487	0.01772	0.00724	0.00789
23	0.01784	0.00900	0.01103	0.00982	0.01155	0.00848	0.00654	0.01871	0.01419	0.21497	0.02568	0.04259	0.02497	0.51915	0.02944	0.00587	0.00709	0.01002	0.00601	0.00706
24	0.55727	0.01262	0.01085	0.00985	0.01368	0.01410	0.00790	0.01993	0.01544	0.03296	0.20931	0.02544	0.02696	0.00955	0.00595	0.00236	0.00519	0.00695	0.00578	0.00790
25	0.24047	0.00980	0.01044	0.00967	0.01232	0.01007	0.00747	0.01668	0.01894	0.03149	0.48337	0.04354	0.05282	0.01300	0.00769	0.00237	0.00426	0.01087	0.00727	0.00747
26	0.02454	0.01895	0.02276	0.22395	0.03202	0.02155	0.01638	0.47099	0.02960	0.03939	0.01681	0.01881	0.01207	0.00865	0.00759	0.00235	0.00887	0.00680	0.00634	0.01158
27	0.01178	0.00844	0.01161	0.01266	0.01442	0.00826	0.01072	0.01530	0.01865	0.02498	0.23015	0.07701	0.05191	0.01934	0.01002	0.00316	0.00598	0.45117	0.00739	0.00704
28	0.00914	0.00737	0.00814	0.00863	0.01052	0.00637	0.00621	0.01096	0.01668	0.02066	0.09709	0.26616	0.46480	0.02037	0.00918	0.00271	0.00399	0.01754	0.00711	0.00637
29	0.01652	0.00924	0.01081	0.00955	0.01303	0.00787	0.00747	0.01888	0.01893	0.21983	0.11117	0.05773	0.43774	0.01601	0.00857	0.00248	0.00459	0.01335	0.00784	0.00839
30	0.01573	0.01348	0.01573	0.01123	0.01798	0.01011	0.00899	0.01910	0.01573	0.02472	0.01348	0.01573	0.01123	0.00562	0.00562	0.00112	0.00562	0.00449	0.00449	0.77980
31	0.00924	0.00660	0.00880	0.01056	0.01100	0.00616	0.00704	0.01056	0.01452	0.01936	0.04181	0.72848	0.05017	0.02376	0.00968	0.00308	0.00440	0.02156	0.00704	0.00616
32	0.00916	0.00692	0.00847	0.00971	0.01078	0.00623	0.00666	0.01066	0.01534	0.01970	0.05217	0.53449	0.23747	0.02242	0.00947	0.00293	0.00424	0.01992	0.00704	0.00623
33	0.02883	0.02125	0.02276	0.01745	0.02352	0.02352	0.01442	0.66082	0.03566	0.04780	0.01821	0.01821	0.01290	0.00911	0.00759	0.00228	0.00835	0.00683	0.00759	0.01290
34	0.24460	0.01602	0.01966	0.01697	0.01836	0.02139	0.01411	0.01945	0.01200	0.02292	0.01014	0.01533	0.00944	0.01143	0.01891	0.00303	0.50833	0.00589	0.00373	0.00827
35	0.01442	0.01364	0.01896	0.01715	0.01728	0.01818	0.01377	0.01598	0.01248	0.01858	0.01938	0.22728	0.02186	0.01638	0.02039	0.00325	0.50790	0.01106	0.00442	0.00767
36	0.01754	0.00928	0.01222	0.01062	0.01365	0.00830	0.00827	0.02084	0.02133	0.22552	0.45848	0.04836	0.08688	0.01388	0.00856	0.00238	0.00444	0.01203	0.00859	0.00882
37	0.01852	0.01874	0.03492	0.04224	0.49479	0.01837	0.21129	0.02358	0.01746	0.02464	0.01459	0.01927	0.01187	0.00665	0.00794	0.00234	0.01013	0.00741	0.00378	0.01149
38	0.02639	0.04463	0.21929	0.01656	0.02393	0.01585	0.01674	0.14549	0.02208	0.33554	0.02207	0.02123	0.01472	0.01003	0.02837	0.00262	0.00868	0.00679	0.00688	0.01212
39	0.00924	0.00660	0.00880	0.01056	0.01100	0.00616	0.00704	0.01056	0.01452	0.01936	0.04181	0.72848	0.05017	0.02376	0.00968	0.00308	0.00440	0.02156	0.00704	0.00616
40	0.56263	0.01662	0.01459	0.01219	0.01729	0.01894	0.01005	0.21127	0.01964	0.03811	0.01283	0.01406	0.00960	0.00765	0.00555	0.00233	0.00660	0.00491	0.00555	0.00960
41	0.02861	0.01308	0.01705	0.01283	0.01895	0.01084	0.01051	0.03168	0.01994	0.49407	0.02506	0.02283	0.01654	0.00827	0.00703	0.00198	0.00621	0.00670	0.00794	0.23987

[dist]
# distance from previous block
# <min> <max>
0	1

[block]
# block no. 1 follows, 26 sequences, length 11
# corresponding to MSA columns:
# 79-89
name=unknown_B
#
# <colnr> <probs for GDERKNQSTAVLIFYWHMCP>
#	G	D	E	R	K	N	Q	S	T	A	V	L	I	F	Y	W	H	M	C	P
0	0.21318	0.01939	0.01964	0.01552	0.02117	0.02170	0.01278	0.47313	0.06295	0.04362	0.01700	0.01730	0.01229	0.00866	0.00689	0.00231	0.00762	0.00626	0.00689	0.01171
1	0.01573	0.01348	0.01573	0.01123	0.01798	0.01011	0.00899	0.01910	0.01573	0.02472	0.01348	0.01573	0.01123	0.00562	0.00562	0.00112	0.00562	0.00449	0.00449	0.77980
2	0.01782	0.01518	0.01634	0.01391	0.01875	0.01599	0.01090	0.06304	0.43042	0.02993	0.02959	0.02822	0.07102	0.00979	0.00730	0.00220	0.00586	0.00807	0.00687	0.19882
3	0.01529	0.01113	0.01341	0.01189	0.01471	0.01129	0.00940	0.17208	0.02456	0.03393	0.46017	0.04999	0.05465	0.01446	0.00876	0.00246	0.00506	0.07018	0.00804	0.00854
4	0.02758	0.01202	0.01586	0.01309	0.01765	0.01089	0.01040	0.07900	0.02104	0.47752	0.03191	0.19655	0.02597	0.01287	0.00813	0.00252	0.00610	0.01096	0.00868	0.01126
5	0.78701	0.01467	0.01115	0.00997	0.01467	0.01702	0.00821	0.02230	0.01291	0.03403	0.01056	0.01232	0.00821	0.00704	0.00469	0.00235	0.00587	0.00411	0.00469	0.00821
6	0.00974	0.00761	0.00883	0.00874	0.01078	0.00670	0.00647	0.01231	0.01881	0.02459	0.33021	0.12694	0.36502	0.01806	0.00902	0.00254	0.00378	0.01555	0.00760	0.00670
7	0.01074	0.00775	0.01014	0.00954	0.01133	0.00716	0.00716	0.01431	0.02147	0.03042	0.68211	0.05666	0.07157	0.01551	0.00895	0.00239	0.00358	0.01372	0.00835	0.00716
8	0.59737	0.01270	0.01058	0.01012	0.01377	0.01437	0.00793	0.01944	0.01330	0.03045	0.01818	0.18694	0.01844	0.01112	0.00591	0.00253	0.00551	0.00836	0.00527	0.00771
9	0.03040	0.01874	0.02121	0.01626	0.02227	0.01980	0.01343	0.47303	0.03146	0.24153	0.02174	0.02050	0.01467	0.00919	0.00760	0.00230	0.00778	0.00707	0.00813	0.01290
10	0.01652	0.01393	0.01512	0.01425	0.01760	0.01577	0.01080	0.03305	0.51200	0.02871	0.03354	0.19902	0.02974	0.01358	0.00820	0.00270	0.00561	0.01174	0.00755	0.01058

[dist]
# distance from previous block
# <min> <max>
0	2

[block]
# block no. 2 follows, 26 sequences, length 7
# corresponding to MSA columns:
# 92-98
name=unknown_C
#
# <colnr> <probs for GDERKNQSTAVLIFYWHMCP>
#	G	D	E	R	K	N	Q	S	T	A	V	L	I	F	Y	W	H	M	C	P
0	0.01080	0.00801	0.01156	0.01137	0.01286	0.00876	0.00876	0.01378	0.01505	0.02156	0.22455	0.03809	0.03520	0.04412	0.48907	0.00916	0.01515	0.00985	0.00539	0.00689
1	0.78701	0.01467	0.01115	0.00997	0.01467	0.01702	0.00821	0.02230	0.01291	0.03403	0.01056	0.01232	0.00821	0.00704	0.00469	0.00235	0.00587	0.00411	0.00469	0.00821
2	0.01086	0.00766	0.00911	0.00929	0.01123	0.00676	0.00676	0.01300	0.01756	0.06069	0.18976	0.26917	0.32192	0.01928	0.00911	0.00267	0.00411	0.01676	0.00745	0.00686
3	0.00924	0.00660	0.00880	0.01056	0.01100	0.00616	0.00704	0.01056	0.01452	0.01936	0.04181	0.72848	0.05017	0.02376	0.00968	0.00308	0.00440	0.02156	0.00704	0.00616
4	0.01523	0.01618	0.03366	0.02536	0.03080	0.01516	0.45750	0.02006	0.01686	0.02277	0.02351	0.23896	0.02344	0.01175	0.00918	0.00272	0.01020	0.01284	0.00483	0.00897
5	0.01706	0.00862	0.01147	0.01125	0.01333	0.00781	0.00808	0.01875	0.01641	0.22631	0.03646	0.44786	0.03836	0.08600	0.01176	0.00326	0.00531	0.01627	0.00754	0.00810
6	0.01205	0.00924	0.01274	0.22644	0.02184	0.01028	0.00968	0.01361	0.01231	0.01615	0.02068	0.04056	0.02219	0.50943	0.02903	0.00586	0.00820	0.00971	0.00422	0.00578

[dist]
# distance from previous block
# <min> <max>
0	7

[block]
# block no. 3 follows, 26 sequences, length 10
# corresponding to MSA columns:
# 106-115
name=unknown_D
#
# <colnr> <probs for GDERKNQSTAVLIFYWHMCP>
#	G	D	E	R	K	N	Q	S	T	A	V	L	I	F	Y	W	H	M	C	P
0	0.30203	0.01888	0.01858	0.01476	0.02033	0.02118	0.01218	0.43074	0.02746	0.04284	0.01545	0.01609	0.01121	0.00836	0.00655	0.00230	0.00745	0.00585	0.00655	0.01121
1	0.30203	0.01888	0.01858	0.01476	0.02033	0.02118	0.01218	0.43074	0.02746	0.04284	0.01545	0.01609	0.01121	0.00836	0.00655	0.00230	0.00745	0.00585	0.00655	0.01121
2	0.01774	0.01528	0.01664	0.01392	0.01909	0.01571	0.01092	0.03266	0.43579	0.02920	0.02461	0.02377	0.01886	0.00861	0.00696	0.00205	0.00586	0.00710	0.00656	0.28867
3	0.01825	0.00950	0.01167	0.01023	0.01373	0.00820	0.00798	0.02072	0.01924	0.26348	0.13846	0.10079	0.31646	0.01550	0.00853	0.00250	0.00479	0.01308	0.00806	0.00883
4	0.01913	0.00961	0.01283	0.01097	0.01423	0.00860	0.00860	0.02248	0.02156	0.26858	0.44711	0.04555	0.05255	0.01330	0.00847	0.00237	0.00461	0.01152	0.00872	0.00923
5	0.35841	0.01037	0.00923	0.00904	0.01186	0.01134	0.00694	0.01837	0.01430	0.02913	0.02170	0.15629	0.02036	0.01092	0.00588	0.00228	0.00474	0.00854	0.28291	0.00741
6	0.02179	0.02304	0.15251	0.01914	0.02402	0.02228	0.01783	0.30638	0.02321	0.03257	0.01435	0.01720	0.01120	0.01024	0.01375	0.00268	0.26517	0.00652	0.00520	0.01092
7	0.01340	0.00792	0.01237	0.14601	0.01806	0.00857	0.00938	0.01171	0.01090	0.01437	0.01323	0.02251	0.01258	0.02273	0.02539	0.62939	0.00727	0.00662	0.00331	0.00428
8	0.01962	0.01474	0.01754	0.14881	0.02357	0.01641	0.01216	0.30288	0.02283	0.03039	0.01935	0.02992	0.01765	0.26981	0.01876	0.00415	0.00833	0.00833	0.00570	0.00904
9	0.16611	0.33733	0.02810	0.26543	0.03035	0.02276	0.01497	0.02143	0.01484	0.02152	0.01161	0.01510	0.00958	0.00699	0.00581	0.00209	0.00840	0.00503	0.00357	0.00897

[dist]
# distance from previous block
# <min> <max>
0	3

[block]
# block no. 4 follows, 26 sequences, length 6
# corresponding to MSA columns:
# 119-124
name=unknown_E
#
# <colnr> <probs for GDERKNQSTAVLIFYWHMCP>
#	G	D	E	R	K	N	Q	S	T	A	V	L	I	F	Y	W	H	M	C	P
0	0.09015	0.17431	0.01696	0.01037	0.01351	0.01333	0.00858	0.01702	0.01924	0.02792	0.46274	0.04214	0.05122	0.01262	0.00760	0.00221	0.00484	0.01057	0.00683	0.00785
1	0.01036	0.00746	0.00980	0.00980	0.01125	0.00690	0.00713	0.01336	0.01971	0.02761	0.51947	0.22730	0.06613	0.01760	0.00913	0.00256	0.00379	0.01571	0.00802	0.00690
2	0.42210	0.02122	0.01645	0.01405	0.01891	0.17448	0.01125	0.18630	0.02064	0.03402	0.01277	0.01413	0.00976	0.00774	0.00592	0.00224	0.00827	0.00498	0.00525	0.00954
3	0.01851	0.01203	0.01858	0.37668	0.03460	0.01320	0.01539	0.02270	0.01826	0.19257	0.16953	0.02992	0.02627	0.00984	0.00790	0.00245	0.00770	0.00855	0.00603	0.00928
4	0.01512	0.19662	0.02575	0.30062	0.06216	0.01798	0.05897	0.01873	0.01536	0.01956	0.01933	0.17900	0.01929	0.01086	0.00746	0.00241	0.00844	0.00958	0.00422	0.00853
5	0.01187	0.00906	0.01326	0.05574	0.01669	0.00962	0.03321	0.03696	0.01513	0.02044	0.02985	0.21994	0.03206	0.07947	0.23278	0.00629	0.01105	0.15404	0.00559	0.00696

[dist]
# distance from previous block
# <min> <max>
0	2

[block]
# block no. 5 follows, 26 sequences, length 12
# corresponding to MSA columns:
# 127-138
name=unknown_F
#
# <colnr> <probs for GDERKNQSTAVLIFYWHMCP>
#	G	D	E	R	K	N	Q	S	T	A	V	L	I	F	Y	W	H	M	C	P
0	0.01707	0.01126	0.01905	0.01605	0.01945	0.01031	0.15529	0.02001	0.01725	0.17851	0.05825	0.37719	0.03491	0.01614	0.00901	0.00276	0.00675	0.01514	0.00692	0.00870
1	0.01840	0.01741	0.02654	0.02630	0.17490	0.01841	0.16619	0.03188	0.34893	0.02811	0.02379	0.02622	0.01859	0.00893	0.00805	0.00253	0.00831	0.02919	0.00589	0.01142
2	0.19049	0.01205	0.01293	0.01149	0.01382	0.01431	0.00927	0.06572	0.01566	0.02865	0.01759	0.02120	0.01420	0.00949	0.00993	0.00230	0.17233	0.00628	0.36424	0.00804
3	0.01414	0.01042	0.01225	0.01162	0.01393	0.01048	0.00865	0.16394	0.02136	0.02866	0.18495	0.33647	0.11730	0.01795	0.00894	0.00268	0.00508	0.01571	0.00747	0.00799
4	0.01604	0.00964	0.01406	0.17647	0.02256	0.00980	0.01126	0.01860	0.01630	0.17127	0.03248	0.40355	0.03368	0.01672	0.00873	0.00279	0.00620	0.01494	0.00671	0.00822
5	0.01232	0.00952	0.01129	0.01185	0.01352	0.00985	0.00845	0.04756	0.16435	0.02353	0.03986	0.50672	0.07170	0.01982	0.00911	0.00290	0.00492	0.01768	0.00722	0.00781
6	0.02543	0.01943	0.02276	0.18109	0.03026	0.02196	0.01598	0.51039	0.03086	0.04114	0.01710	0.01868	0.01225	0.00875	0.00759	0.00234	0.00876	0.00681	0.00660	0.01185
7	0.05364	0.01499	0.01811	0.01374	0.01982	0.01390	0.01128	0.17331	0.02317	0.36766	0.02278	0.02128	0.01533	0.00836	0.00705	0.00204	0.00667	0.00660	0.00768	0.19260
8	0.01613	0.00848	0.01059	0.01002	0.01163	0.00794	0.00682	0.01739	0.01488	0.17555	0.04846	0.20444	0.03178	0.34269	0.02216	0.00478	0.00617	0.01263	0.04038	0.00710
9	0.61680	0.01427	0.01261	0.01077	0.01573	0.01569	0.00888	0.02561	0.01490	0.18262	0.01494	0.01537	0.01060	0.00757	0.00536	0.00235	0.00600	0.00490	0.00576	0.00928
10	0.01487	0.18114	0.01977	0.01311	0.01633	0.01642	0.01087	0.02174	0.16219	0.02086	0.02041	0.02532	0.01775	0.03454	0.38231	0.00754	0.01422	0.00727	0.00470	0.00865
11	0.46413	0.01254	0.01135	0.01011	0.01400	0.01370	0.00811	0.04548	0.01661	0.06689	0.17310	0.02721	0.05573	0.00988	0.00618	0.00234	0.00526	0.00734	0.04180	0.00826

[dist]
# distance from previous block
# <min> <max>
0	18

[block]
# block no. 6 follows, 26 sequences, length 6
# corresponding to MSA columns:
# 157-162
name=unknown_G
#
# <colnr> <probs for GDERKNQSTAVLIFYWHMCP>
#	G	D	E	R	K	N	Q	S	T	A	V	L	I	F	Y	W	H	M	C	P
0	0.01560	0.01384	0.02335	0.01897	0.02283	0.01359	0.22733	0.12970	0.01938	0.02603	0.02876	0.36542	0.03061	0.01534	0.00907	0.00276	0.00791	0.01473	0.00606	0.00872
1	0.01171	0.00996	0.01365	0.01370	0.01400	0.01190	0.01025	0.01315	0.01355	0.01899	0.03110	0.48921	0.03665	0.02024	0.01479	0.00316	0.24477	0.01655	0.00579	0.00688
2	0.52730	0.01427	0.01505	0.24701	0.02730	0.01696	0.01253	0.02132	0.01367	0.02911	0.01154	0.01498	0.00885	0.00722	0.00567	0.00241	0.00729	0.00499	0.00425	0.00829
3	0.01135	0.00805	0.00973	0.01032	0.01117	0.00804	0.00727	0.01353	0.04421	0.01848	0.03379	0.14417	0.07336	0.38565	0.02457	0.00532	0.00662	0.17272	0.00581	0.00586
4	0.02016	0.01421	0.01576	0.01297	0.01684	0.01512	0.01037	0.33026	0.02741	0.03852	0.24251	0.03291	0.03377	0.01121	0.00764	0.00222	0.00590	0.00919	0.14309	0.00994
5	0.02050	0.01287	0.01415	0.01239	0.01621	0.01380	0.00974	0.06645	0.30192	0.14763	0.02794	0.02730	0.02057	0.00958	0.00688	0.00225	0.00538	0.00781	0.26608	0.01056

[dist]
# distance from previous block
# <min> <max>
0	2

[block]
# block no. 7 follows, 26 sequences, length 100
# corresponding to MSA columns:
# 165-264
name=unknown_H
#
# <colnr> <probs for GDERKNQSTAVLIFYWHMCP>
#	G	D	E	R	K	N	Q	S	T	A	V	L	I	F	Y	W	H	M	C	P
0	0.02661	0.01407	0.01764	0.06169	0.02147	0.01422	0.01202	0.06006	0.22382	0.38264	0.06136	0.02746	0.02197	0.00984	0.00772	0.00243	0.00649	0.00814	0.00834	0.01204
1	0.01165	0.05517	0.01144	0.01092	0.01213	0.00807	0.00771	0.01315	0.01507	0.06488	0.03894	0.63363	0.04537	0.02165	0.00923	0.00293	0.00478	0.01946	0.00695	0.00685
2	0.01275	0.00889	0.00984	0.00937	0.01006	0.00921	0.00575	0.05707	0.05623	0.01807	0.02397	0.04610	0.02629	0.63666	0.03447	0.00669	0.00733	0.01058	0.00500	0.00565
3	0.01098	0.00804	0.01051	0.05716	0.01383	0.00770	0.00785	0.01440	0.01999	0.02814	0.51008	0.08318	0.11898	0.01523	0.00865	0.00240	0.00408	0.01336	0.05833	0.00712
4	0.06101	0.00787	0.01000	0.01111	0.01186	0.00808	0.00777	0.01204	0.01457	0.02081	0.06971	0.59931	0.04575	0.02154	0.01035	0.00301	0.05301	0.01901	0.00670	0.00649
5	0.03096	0.01293	0.01766	0.06103	0.02123	0.01176	0.01169	0.05866	0.02180	0.57709	0.07128	0.02717	0.02143	0.00966	0.00771	0.00236	0.00659	0.00794	0.00884	0.01223
6	0.01504	0.01360	0.02189	0.62137	0.04757	0.01663	0.01968	0.06126	0.01694	0.02200	0.05919	0.02256	0.01447	0.00822	0.00768	0.00250	0.00955	0.00722	0.00399	0.00863
7	0.01044	0.00851	0.00895	0.00867	0.01126	0.00758	0.00653	0.05392	0.01865	0.02303	0.12020	0.11255	0.54586	0.01855	0.00892	0.00256	0.00415	0.01559	0.00719	0.00688
8	0.01555	0.01358	0.01733	0.01253	0.01901	0.01053	0.05297	0.01914	0.01625	0.02506	0.05762	0.01874	0.01522	0.00632	0.00606	0.00130	0.00597	0.00540	0.00470	0.67670
9	0.01351	0.00899	0.01148	0.01033	0.01268	0.00851	0.00791	0.05840	0.02242	0.07643	0.59414	0.05203	0.06412	0.01467	0.00877	0.00238	0.00409	0.01285	0.00837	0.00793
10	0.78701	0.01467	0.01115	0.00997	0.01467	0.01702	0.00821	0.02230	0.01291	0.03403	0.01056	0.01232	0.00821	0.00704	0.00469	0.00235	0.00587	0.00411	0.00469	0.00821
11	0.00923	0.00666	0.00875	0.01042	0.01096	0.00617	0.00698	0.01058	0.01466	0.01942	0.04356	0.69560	0.08192	0.02353	0.00965	0.00305	0.00437	0.02128	0.00704	0.00617
12	0.01103	0.00735	0.00827	0.00827	0.00827	0.00735	0.00460	0.01103	0.01103	0.01471	0.02390	0.04964	0.02758	0.73343	0.03861	0.00735	0.00735	0.01103	0.00460	0.00460
13	0.01877	0.01802	0.03079	0.04656	0.68612	0.01802	0.02328	0.02328	0.01727	0.02478	0.01427	0.01877	0.01201	0.00676	0.00751	0.00225	0.00901	0.00676	0.00375	0.01201
14	0.01659	0.01659	0.02323	0.01991	0.01991	0.02323	0.01659	0.01825	0.01162	0.01825	0.00996	0.01659	0.00996	0.01328	0.02489	0.00332	0.71955	0.00664	0.00332	0.00830
15	0.02883	0.02125	0.02276	0.01745	0.02352	0.02352	0.01442	0.66082	0.03566	0.04780	0.01821	0.01821	0.01290	0.00911	0.00759	0.00228	0.00835	0.00683	0.00759	0.01290
16	0.00923	0.00665	0.00876	0.01044	0.01097	0.00617	0.00699	0.01057	0.01464	0.01941	0.04324	0.70158	0.07614	0.02358	0.00965	0.00306	0.00438	0.02134	0.00704	0.00617
17	0.02883	0.02125	0.02276	0.01745	0.02352	0.02352	0.01442	0.66082	0.03566	0.04780	0.01821	0.01821	0.01290	0.00911	0.00759	0.00228	0.00835	0.00683	0.00759	0.01290
18	0.00904	0.00769	0.00779	0.00777	0.01029	0.00644	0.00582	0.01104	0.01747	0.02092	0.10326	0.07228	0.65635	0.01905	0.00896	0.00255	0.00383	0.01591	0.00710	0.00644
19	0.01414	0.00707	0.00707	0.00707	0.00884	0.00707	0.00530	0.01767	0.01591	0.02828	0.02474	0.02828	0.01944	0.00884	0.00530	0.00177	0.00353	0.00707	0.77554	0.00707
20	0.01432	0.01348	0.02275	0.71520	0.05224	0.01685	0.02107	0.01938	0.01517	0.01938	0.01348	0.02022	0.01011	0.00758	0.00758	0.00253	0.01011	0.00674	0.00337	0.00843
21	0.03403	0.01291	0.01760	0.01350	0.01936	0.01115	0.01115	0.03697	0.02171	0.69137	0.02992	0.02582	0.01878	0.00939	0.00763	0.00235	0.00645	0.00763	0.00939	0.01291
22	0.00924	0.00660	0.00880	0.01056	0.01100	0.00616	0.00704	0.01056	0.01452	0.01936	0.04181	0.72848	0.05017	0.02376	0.00968	0.00308	0.00440	0.02156	0.00704	0.00616
23	0.00924	0.00660	0.00880	0.01056	0.01100	0.00616	0.00704	0.01056	0.01452	0.01936	0.04181	0.72848	0.05017	0.02376	0.00968	0.00308	0.00440	0.02156	0.00704	0.00616
24	0.02883	0.02125	0.02276	0.01745	0.02352	0.02352	0.01442	0.66082	0.03566	0.04780	0.01821	0.01821	0.01290	0.00911	0.00759	0.00228	0.00835	0.00683	0.00759	0.01290
25	0.02028	0.73799	0.03975	0.01298	0.01947	0.03001	0.01298	0.02271	0.01541	0.01785	0.01055	0.01217	0.00973	0.00649	0.00487	0.00162	0.00811	0.00406	0.00324	0.00973
26	0.00930	0.00664	0.00885	0.01052	0.01101	0.00620	0.00705	0.01070	0.01478	0.01977	0.06516	0.70398	0.05095	0.02346	0.00965	0.00306	0.00437	0.02128	0.00709	0.00620
27	0.01153	0.00834	0.01069	0.00989	0.01186	0.00787	0.00747	0.04253	0.02209	0.03118	0.65314	0.05498	0.06901	0.01523	0.00889	0.00238	0.00379	0.01342	0.00832	0.00741
28	0.02628	0.01943	0.02100	0.01661	0.02199	0.02142	0.01351	0.56519	0.05725	0.04404	0.02131	0.09757	0.01743	0.01078	0.00783	0.00238	0.00782	0.00853	0.00753	0.01212
29	0.01667	0.06800	0.62104	0.02071	0.03136	0.01773	0.02626	0.02482	0.01636	0.06768	0.01455	0.01649	0.01022	0.00732	0.00713	0.00236	0.01076	0.00567	0.00361	0.01126
30	0.02404	0.01744	0.01995	0.01756	0.06488	0.01879	0.01322	0.30810	0.20581	0.10624	0.07538	0.02478	0.02088	0.00968	0.00766	0.00233	0.00707	0.00785	0.00750	0.04084
31	0.01556	0.08667	0.64971	0.02103	0.03192	0.01846	0.02700	0.02393	0.01597	0.02360	0.01340	0.01575	0.00962	0.00716	0.00705	0.00235	0.01100	0.00550	0.00321	0.01111
32	0.01432	0.01348	0.02275	0.71520	0.05224	0.01685	0.02107	0.01938	0.01517	0.01938	0.01348	0.02022	0.01011	0.00758	0.00758	0.00253	0.01011	0.00674	0.00337	0.00843
33	0.01573	0.01348	0.01573	0.01123	0.01798	0.01011	0.00899	0.01910	0.01573	0.02472	0.01348	0.01573	0.01123	0.00562	0.00562	0.00112	0.00562	0.00449	0.00449	0.77980
34	0.00931	0.00666	0.00886	0.01051	0.01102	0.00621	0.00705	0.01074	0.01485	0.01989	0.07210	0.69669	0.05118	0.02337	0.00965	0.00305	0.00436	0.02119	0.00710	0.00621
35	0.01184	0.00800	0.01049	0.00973	0.01171	0.00735	0.00735	0.01539	0.02148	0.06169	0.65125	0.05520	0.06907	0.01522	0.00888	0.00238	0.00371	0.01343	0.00840	0.00743
36	0.01222	0.00873	0.01222	0.01397	0.01572	0.00873	0.01222	0.01572	0.01746	0.02270	0.04016	0.08556	0.04365	0.02095	0.01048	0.00349	0.00698	0.63506	0.00698	0.00698
37	0.78701	0.01467	0.01115	0.00997	0.01467	0.01702	0.00821	0.02230	0.01291	0.03403	0.01056	0.01232	0.00821	0.00704	0.00469	0.00235	0.00587	0.00411	0.00469	0.00821
38	0.01659	0.01659	0.02323	0.01991	0.01991	0.02323	0.01659	0.01825	0.01162	0.01825	0.00996	0.01659	0.00996	0.01328	0.02489	0.00332	0.71955	0.00664	0.00332	0.00830
39	0.01103	0.00735	0.00827	0.00827	0.00827	0.00735	0.00460	0.01103	0.01103	0.01471	0.02390	0.04964	0.02758	0.73343	0.03861	0.00735	0.00735	0.01103	0.00460	0.00460
40	0.02833	0.03615	0.02149	0.01954	0.02345	0.70298	0.01466	0.03029	0.02149	0.01856	0.01172	0.01368	0.00977	0.00782	0.00684	0.00195	0.01368	0.00489	0.00391	0.00879
41	0.03301	0.01268	0.01728	0.01332	0.01901	0.01097	0.01097	0.03598	0.02170	0.66247	0.05844	0.02717	0.02108	0.00966	0.00769	0.00235	0.00633	0.00789	0.00934	0.01266
42	0.03403	0.01291	0.01760	0.01350	0.01936	0.01115	0.01115	0.03697	0.02171	0.69137	0.02992	0.02582	0.01878	0.00939	0.00763	0.00235	0.00645	0.00763	0.00939	0.01291
43	0.02883	0.02125	0.02276	0.01745	0.02352	0.02352	0.01442	0.66082	0.03566	0.04780	0.01821	0.01821	0.01290	0.00911	0.00759	0.00228	0.00835	0.00683	0.00759	0.01290
44	0.02883	0.02125	0.02276	0.01745	0.02352	0.02352	0.01442	0.66082	0.03566	0.04780	0.01821	0.01821	0.01290	0.00911	0.00759	0.00228	0.00835	0.00683	0.00759	0.01290
45	0.01080	0.00780	0.01023	0.00974	0.01152	0.00723	0.00738	0.01438	0.02130	0.03008	0.65405	0.05792	0.07035	0.01574	0.00901	0.00243	0.00373	0.04088	0.00829	0.00715
46	0.78701	0.01467	0.01115	0.00997	0.01467	0.01702	0.00821	0.02230	0.01291	0.03403	0.01056	0.01232	0.00821	0.00704	0.00469	0.00235	0.00587	0.00411	0.00469	0.00821
47	0.01103	0.00735	0.00827	0.00827	0.00827	0.00735	0.00460	0.01103	0.01103	0.01471	0.02390	0.04964	0.02758	0.73343	0.03861	0.00735	0.00735	0.01103	0.00460	0.00460
48	0.00896	0.00768	0.00768	0.00768	0.01025	0.00640	0.00576	0.01089	0.01729	0.02049	0.07684	0.07300	0.68304	0.01921	0.00896	0.00256	0.00384	0.01601	0.00704	0.00640
49	0.00924	0.00660	0.00880	0.01056	0.01100	0.00616	0.00704	0.01056	0.01452	0.01936	0.04181	0.72848	0.05017	0.02376	0.00968	0.00308	0.00440	0.02156	0.00704	0.00616
50	0.78701	0.01467	0.01115	0.00997	0.01467	0.01702	0.00821	0.02230	0.01291	0.03403	0.01056	0.01232	0.00821	0.00704	0.00469	0.00235	0.00587	0.00411	0.00469	0.00821
51	0.01573	0.01348	0.01573	0.01123	0.01798	0.01011	0.00899	0.01910	0.01573	0.02472	0.01348	0.01573	0.01123	0.00562	0.00562	0.00112	0.00562	0.00449	0.00449	0.77980
52	0.01084	0.00782	0.01028	0.00984	0.01163	0.00726	0.00750	0.01441	0.02120	0.02989	0.63853	0.05862	0.06967	0.01588	0.00905	0.00246	0.00381	0.05590	0.00826	0.00715
53	0.01074	0.00775	0.01014	0.00954	0.01133	0.00716	0.00716	0.01431	0.02147	0.03042	0.68211	0.05666	0.07157	0.01551	0.00895	0.00239	0.00358	0.01372	0.00835	0.00716
54	0.78701	0.01467	0.01115	0.00997	0.01467	0.01702	0.00821	0.02230	0.01291	0.03403	0.01056	0.01232	0.00821	0.00704	0.00469	0.00235	0.00587	0.00411	0.00469	0.00821
55	0.78701	0.01467	0.01115	0.00997	0.01467	0.01702	0.00821	0.02230	0.01291	0.03403	0.01056	0.01232	0.00821	0.00704	0.00469	0.00235	0.00587	0.00411	0.00469	0.00821
56	0.01151	0.00862	0.01259	0.01239	0.01392	0.01001	0.00967	0.03787	0.01307	0.01874	0.02024	0.02936	0.01873	0.05509	0.67722	0.01182	0.01987	0.00808	0.00420	0.00700
57	0.00932	0.00663	0.00878	0.01047	0.01089	0.00621	0.00694	0.01058	0.01438	0.01917	0.04107	0.70043	0.04923	0.05309	0.01088	0.00326	0.00452	0.02113	0.00694	0.00610
58	0.02058	0.01665	0.01734	0.01540	0.01982	0.04125	0.01202	0.03966	0.59068	0.09187	0.03014	0.02758	0.02230	0.01012	0.00768	0.00253	0.00630	0.00836	0.00774	0.01198
59	0.01521	0.03923	0.69413	0.02162	0.03283	0.01762	0.02802	0.02402	0.01601	0.02402	0.01361	0.01601	0.00961	0.00721	0.00721	0.00240	0.01121	0.00560	0.00320	0.01121
60	0.01631	0.01627	0.02365	0.05105	0.02191	0.02222	0.04303	0.01836	0.01206	0.01853	0.01076	0.01746	0.01040	0.01453	0.05131	0.00362	0.63005	0.00680	0.00337	0.00832
61	0.01543	0.06874	0.66649	0.02125	0.03226	0.01814	0.02739	0.02397	0.01599	0.02376	0.01348	0.01585	0.00961	0.00718	0.00711	0.00237	0.01108	0.00554	0.00320	0.01115
62	0.78701	0.01467	0.01115	0.00997	0.01467	0.01702	0.00821	0.02230	0.01291	0.03403	0.01056	0.01232	0.00821	0.00704	0.00469	0.00235	0.00587	0.00411	0.00469	0.00821
63	0.78701	0.01467	0.01115	0.00997	0.01467	0.01702	0.00821	0.02230	0.01291	0.03403	0.01056	0.01232	0.00821	0.00704	0.00469	0.00235	0.00587	0.00411	0.00469	0.00821
64	0.01103	0.00735	0.00827	0.00827	0.00827	0.00735	0.00460	0.01103	0.01103	0.01471	0.02390	0.04964	0.02758	0.73343	0.03861	0.00735	0.00735	0.01103	0.00460	0.00460
65	0.01084	0.00813	0.01219	0.01219	0.01354	0.00948	0.00948	0.01354	0.01219	0.01761	0.02032	0.02980	0.01896	0.05689	0.70337	0.01219	0.02032	0.00813	0.00406	0.00677
66	0.01703	0.01440	0.01559	0.01450	0.01809	0.01636	0.01117	0.03446	0.53584	0.02973	0.05955	0.12286	0.02943	0.01265	0.00813	0.00266	0.00573	0.03333	0.00763	0.01086
67	0.02883	0.02125	0.02276	0.01745	0.02352	0.02352	0.01442	0.66082	0.03566	0.04780	0.01821	0.01821	0.01290	0.00911	0.00759	0.00228	0.00835	0.00683	0.00759	0.01290
68	0.02947	0.02023	0.02213	0.01697	0.02301	0.02201	0.01402	0.58449	0.03396	0.12655	0.01964	0.01914	0.01362	0.00914	0.00759	0.00228	0.00812	0.00693	0.00781	0.01290
69	0.01103	0.00735	0.00827	0.00827	0.00827	0.00735	0.00460	0.01103	0.01103	0.01471	0.02390	0.04964	0.02758	0.73343	0.03861	0.00735	0.00735	0.01103	0.00460	0.00460
70	0.01957	0.01314	0.01516	0.01342	0.01734	0.01390	0.01057	0.03192	0.34861	0.16562	0.16252	0.03816	0.06586	0.01205	0.00813	0.00253	0.00555	0.03712	0.00812	0.01073
71	0.01414	0.00707	0.00707	0.00707	0.00884	0.00707	0.00530	0.01767	0.01591	0.02828	0.02474	0.02828	0.01944	0.00884	0.00530	0.00177	0.00353	0.00707	0.77554	0.00707
72	0.03340	0.01393	0.01823	0.01398	0.01987	0.01266	0.01155	0.11331	0.02342	0.61262	0.02849	0.02489	0.01806	0.00935	0.00762	0.00234	0.00669	0.00753	0.00917	0.01291
73	0.06832	0.01337	0.01687	0.01338	0.01878	0.01252	0.01093	0.05755	0.09800	0.51584	0.05175	0.02759	0.04007	0.00986	0.00757	0.00238	0.00627	0.00799	0.00879	0.01218
74	0.00896	0.00768	0.00768	0.00768	0.01025	0.00640	0.00576	0.01089	0.01729	0.02049	0.07684	0.07300	0.68304	0.01921	0.00896	0.00256	0.00384	0.01601	0.00704	0.00640
75	0.01103	0.00735	0.00827	0.00827	0.00827	0.00735	0.00460	0.01103	0.01103	0.01471	0.02390	0.04964	0.02758	0.73343	0.03861	0.00735	0.00735	0.01103	0.00460	0.00460
76	0.00934	0.00681	0.00881	0.01019	0.01096	0.00627	0.00692	0.01092	0.01540	0.02043	0.10083	0.60519	0.11479	0.02260	0.00955	0.00297	0.00427	0.02033	0.00715	0.00627
77	0.01005	0.00736	0.00870	0.00934	0.01097	0.00650	0.00663	0.01184	0.01644	0.04298	0.10058	0.37361	0.32615	0.02074	0.00925	0.00278	0.00417	0.01814	0.00721	0.00656
78	0.02833	0.03615	0.02149	0.01954	0.02345	0.70298	0.01466	0.03029	0.02149	0.01856	0.01172	0.01368	0.00977	0.00782	0.00684	0.00195	0.01368	0.00489	0.00391	0.00879
79	0.03283	0.01392	0.01812	0.01399	0.01981	0.01277	0.01153	0.10192	0.05161	0.59567	0.02875	0.02514	0.01836	0.00940	0.00763	0.00235	0.00663	0.00759	0.00913	0.01287
80	0.78701	0.01467	0.01115	0.00997	0.01467	0.01702	0.00821	0.02230	0.01291	0.03403	0.01056	0.01232	0.00821	0.00704	0.00469	0.00235	0.00587	0.00411	0.00469	0.00821
81	0.00924	0.00660	0.00880	0.01056	0.01100	0.00616	0.00704	0.01056	0.01452	0.01936	0.04181	0.72848	0.05017	0.02376	0.00968	0.00308	0.00440	0.02156	0.00704	0.00616
82	0.01074	0.00775	0.01014	0.00954	0.01133	0.00716	0.00716	0.01431	0.02147	0.03042	0.68211	0.05666	0.07157	0.01551	0.00895	0.00239	0.00358	0.01372	0.00835	0.00716
83	0.01411	0.00767	0.01060	0.01028	0.01079	0.00782	0.00704	0.05631	0.01212	0.01643	0.01530	0.04738	0.01515	0.05088	0.02688	0.64158	0.00656	0.00729	0.03157	0.00425
84	0.01162	0.00841	0.01147	0.01307	0.01474	0.00825	0.01111	0.01474	0.01712	0.02214	0.04336	0.15669	0.09688	0.02113	0.01026	0.00337	0.00644	0.51537	0.00700	0.00684
85	0.00933	0.00675	0.00885	0.01049	0.01112	0.00627	0.00714	0.01077	0.01481	0.01956	0.04405	0.66220	0.09159	0.02336	0.00966	0.00306	0.00446	0.04328	0.00704	0.00621
86	0.01577	0.01361	0.01605	0.01160	0.01806	0.01067	0.00931	0.01906	0.01555	0.02444	0.01333	0.01577	0.01118	0.00594	0.00643	0.00122	0.03577	0.00458	0.00444	0.74722
87	0.01349	0.00750	0.01218	0.01134	0.01184	0.00742	0.04950	0.01083	0.01041	0.01391	0.01332	0.02289	0.01307	0.02504	0.02828	0.72819	0.00700	0.00674	0.00333	0.00375
88	0.05794	0.02407	0.02180	0.01754	0.02300	0.17304	0.01413	0.47105	0.05796	0.04015	0.01700	0.01740	0.01245	0.00879	0.00731	0.00222	0.00933	0.00637	0.00667	0.01177
89	0.01695	0.16008	0.50091	0.02129	0.05473	0.05228	0.04586	0.02407	0.01628	0.02272	0.01307	0.01548	0.00979	0.00707	0.00685	0.00224	0.01075	0.00546	0.00329	0.01083
90	0.01924	0.01425	0.01630	0.01497	0.03796	0.01563	0.01136	0.03296	0.40330	0.12609	0.07898	0.03439	0.10408	0.01162	0.00874	0.00255	0.03950	0.00953	0.00760	0.01096
91	0.01040	0.00781	0.00984	0.01026	0.01185	0.00690	0.00713	0.01222	0.01543	0.02115	0.10815	0.48156	0.08342	0.05562	0.01043	0.00291	0.00460	0.01743	0.00670	0.11619
92	0.05521	0.01686	0.01572	0.01492	0.05058	0.15944	0.01088	0.02617	0.10736	0.16814	0.11757	0.06221	0.13949	0.01199	0.00782	0.00236	0.00714	0.00975	0.00687	0.00952
93	0.01713	0.13623	0.02346	0.05051	0.05395	0.09262	0.03992	0.01955	0.01503	0.01959	0.01890	0.06984	0.06312	0.04311	0.01371	0.00265	0.22097	0.00780	0.00412	0.08778
94	0.01569	0.01292	0.01985	0.41190	0.03701	0.01506	0.04254	0.02178	0.07962	0.05214	0.01858	0.04870	0.01473	0.00880	0.00792	0.00242	0.03229	0.00758	0.11768	0.03279
95	0.02240	0.09406	0.02185	0.01759	0.04302	0.29660	0.03932	0.09794	0.11431	0.02448	0.04117	0.02516	0.08350	0.03594	0.00840	0.00235	0.00973	0.00739	0.00526	0.00953
96	0.12821	0.40481	0.07401	0.01331	0.01944	0.02284	0.01280	0.05285	0.01698	0.13084	0.01580	0.05086	0.01315	0.00807	0.00581	0.00199	0.00757	0.00575	0.00482	0.01010
97	0.02486	0.01617	0.01875	0.01565	0.02065	0.04841	0.04060	0.03789	0.37274	0.27380	0.02893	0.02634	0.02039	0.00967	0.00770	0.00246	0.00683	0.00807	0.00798	0.01211
98	0.02687	0.06178	0.02097	0.01784	0.02192	0.52995	0.01363	0.03002	0.05390	0.08176	0.05843	0.01829	0.01533	0.00853	0.00701	0.00204	0.01172	0.00587	0.00487	0.00927
99	0.04855	0.04770	0.01925	0.04019	0.02061	0.07621	0.01227	0.24677	0.02437	0.20336	0.02112	0.04021	0.01554	0.00938	0.00780	0.00225	0.03695	0.00709	0.10944	0.01096

[dist]
# distance from previous block
# <min> <max>
3	53

[block]
# block no. 8 follows, 26 sequences, length 6
# corresponding to MSA columns:
# 320-325
name=unknown_I
#
# <colnr> <probs for GDERKNQSTAVLIFYWHMCP>
#	G	D	E	R	K	N	Q	S	T	A	V	L	I	F	Y	W	H	M	C	P
0	0.07289	0.05685	0.01779	0.07320	0.04667	0.01422	0.03307	0.11234	0.01773	0.02537	0.09734	0.10153	0.02347	0.04037	0.01337	0.13721	0.04379	0.00890	0.00522	0.05867
1	0.15016	0.10032	0.02138	0.20716	0.02828	0.01716	0.03845	0.06344	0.05104	0.10071	0.01658	0.03870	0.01294	0.00795	0.00662	0.00218	0.00772	0.00637	0.00503	0.11783
2	0.01611	0.00958	0.01488	0.10653	0.09810	0.00979	0.01103	0.01582	0.01307	0.09211	0.01694	0.06457	0.01547	0.01948	0.02043	0.45071	0.00719	0.00764	0.00427	0.00627
3	0.10694	0.01360	0.02059	0.28194	0.08382	0.01483	0.06885	0.02016	0.05568	0.02231	0.01439	0.01966	0.01160	0.01040	0.01078	0.13056	0.00840	0.00645	0.00398	0.09506
4	0.06628	0.10887	0.19233	0.15019	0.07974	0.08955	0.08142	0.02434	0.01707	0.07869	0.03318	0.01847	0.01252	0.00755	0.00708	0.00228	0.00995	0.00627	0.00417	0.01008
5	0.01600	0.01350	0.08993	0.04109	0.01836	0.01106	0.01211	0.02236	0.10627	0.12342	0.25389	0.08830	0.04213	0.01408	0.00864	0.00264	0.00605	0.11379	0.00733	0.00906

[dist]
# distance from previous block
# <min> <max>
0	5

[block]
# block no. 9 follows, 26 sequences, length 50
# corresponding to MSA columns:
# 331-380
name=unknown_J
#
# <colnr> <probs for GDERKNQSTAVLIFYWHMCP>
#	G	D	E	R	K	N	Q	S	T	A	V	L	I	F	Y	W	H	M	C	P
0	0.09253	0.01190	0.01526	0.01222	0.01711	0.01071	0.00994	0.03047	0.02072	0.48672	0.14661	0.03236	0.05821	0.01074	0.00768	0.00236	0.00577	0.00880	0.00870	0.01118
1	0.01312	0.00936	0.06781	0.01092	0.01189	0.00750	0.00843	0.01112	0.01067	0.01445	0.01487	0.06325	0.01501	0.02458	0.02659	0.66858	0.00685	0.00737	0.00350	0.00413
2	0.11059	0.01594	0.02191	0.48042	0.09459	0.07088	0.01891	0.02084	0.01535	0.02148	0.01285	0.01842	0.01000	0.00780	0.00817	0.00248	0.05081	0.00627	0.00360	0.00871
3	0.01772	0.01987	0.04230	0.03021	0.03781	0.01841	0.60351	0.02386	0.01772	0.02433	0.01519	0.02006	0.01149	0.00633	0.00867	0.00244	0.01218	0.00857	0.00389	0.07545
4	0.01008	0.00725	0.00935	0.01041	0.01150	0.00657	0.00712	0.01176	0.01492	0.02062	0.05989	0.61131	0.04607	0.02122	0.00910	0.00283	0.00443	0.01914	0.04461	0.07181
5	0.02678	0.01930	0.02092	0.01661	0.02222	0.02131	0.01354	0.45281	0.19368	0.09833	0.02237	0.02138	0.01596	0.00943	0.00762	0.00236	0.00760	0.00733	0.00777	0.01268
6	0.02722	0.02004	0.02161	0.01688	0.02249	0.02209	0.01381	0.60714	0.03392	0.04546	0.02016	0.07685	0.01598	0.01032	0.00776	0.00234	0.00802	0.00805	0.00754	0.01234
7	0.01084	0.00783	0.01029	0.00987	0.01165	0.00727	0.00753	0.01442	0.02118	0.02985	0.63483	0.05879	0.06951	0.01591	0.00906	0.00247	0.00383	0.05948	0.00825	0.00714
8	0.38922	0.01244	0.01177	0.01085	0.01419	0.01373	0.00842	0.09776	0.01663	0.03082	0.06815	0.16303	0.02283	0.01271	0.00810	0.05519	0.00565	0.00900	0.04160	0.00792
9	0.02338	0.01620	0.02002	0.01589	0.02082	0.01688	0.06641	0.32398	0.05867	0.12830	0.07312	0.08640	0.06705	0.01133	0.00800	0.00240	0.00721	0.00956	0.03334	0.01102
10	0.01623	0.01562	0.02710	0.41993	0.29398	0.01743	0.05878	0.02116	0.01613	0.02173	0.01389	0.01968	0.01092	0.00720	0.00763	0.00242	0.00985	0.00688	0.00354	0.00990
11	0.00911	0.00769	0.00789	0.00784	0.01034	0.00647	0.00588	0.01118	0.01764	0.02133	0.12814	0.07161	0.63121	0.01890	0.00896	0.00255	0.00382	0.01581	0.00715	0.00647
12	0.01612	0.01616	0.02374	0.32306	0.03485	0.04743	0.04189	0.01945	0.01379	0.01898	0.01176	0.01820	0.01007	0.01033	0.01605	0.00289	0.35671	0.00670	0.00338	0.00844
13	0.01706	0.01079	0.01404	0.01382	0.01659	0.01099	0.01158	0.04708	0.08302	0.13741	0.06665	0.09429	0.05669	0.01702	0.00999	0.00305	0.03304	0.34075	0.00742	0.00871
14	0.01061	0.00766	0.01003	0.00963	0.01130	0.00707	0.00715	0.01400	0.02089	0.02950	0.62889	0.11250	0.06979	0.01619	0.00901	0.00244	0.00365	0.01437	0.00824	0.00707
15	0.03238	0.01301	0.01741	0.01345	0.01908	0.01152	0.01107	0.06624	0.02238	0.62006	0.06853	0.02730	0.02166	0.00974	0.00771	0.00235	0.00637	0.00795	0.00924	0.01256
16	0.02730	0.02032	0.02176	0.01696	0.02266	0.02255	0.01387	0.58058	0.09535	0.04519	0.01960	0.02020	0.01435	0.03295	0.00862	0.00247	0.00809	0.00713	0.00750	0.01254
17	0.02815	0.02059	0.02203	0.01697	0.02284	0.02276	0.01399	0.63088	0.03474	0.04689	0.01851	0.01868	0.01320	0.00909	0.00748	0.00225	0.00812	0.00684	0.04335	0.01263
18	0.02028	0.73799	0.03975	0.01298	0.01947	0.03001	0.01298	0.02271	0.01541	0.01785	0.01055	0.01217	0.00973	0.00649	0.00487	0.00162	0.00811	0.00406	0.00324	0.00973
19	0.01222	0.00873	0.01222	0.01397	0.01572	0.00873	0.01222	0.01572	0.01746	0.02270	0.04016	0.08556	0.04365	0.02095	0.01048	0.00349	0.00698	0.63506	0.00698	0.00698
20	0.01318	0.00659	0.00988	0.00988	0.00988	0.00659	0.00659	0.00988	0.00988	0.01318	0.01318	0.02306	0.01318	0.02635	0.02964	0.77931	0.00659	0.00659	0.00329	0.00329
21	0.02028	0.73799	0.03975	0.01298	0.01947	0.03001	0.01298	0.02271	0.01541	0.01785	0.01055	0.01217	0.00973	0.00649	0.00487	0.00162	0.00811	0.00406	0.00324	0.00973
22	0.00998	0.00717	0.00946	0.01006	0.01117	0.00665	0.00710	0.01242	0.01797	0.02484	0.35909	0.39558	0.06077	0.01967	0.00932	0.00274	0.00399	0.01768	0.00769	0.00665
23	0.01103	0.00735	0.00827	0.00827	0.00827	0.00735	0.00460	0.01103	0.01103	0.01471	0.02390	0.04964	0.02758	0.73343	0.03861	0.00735	0.00735	0.01103	0.00460	0.00460
24	0.00939	0.00671	0.00897	0.01073	0.01123	0.00629	0.00729	0.01081	0.01467	0.01953	0.04173	0.69704	0.04985	0.02363	0.00972	0.00310	0.00453	0.05156	0.00704	0.00620
25	0.01080	0.00780	0.01023	0.00974	0.01152	0.00723	0.00738	0.01438	0.02130	0.03008	0.65400	0.05792	0.07035	0.01575	0.00901	0.00243	0.00373	0.04093	0.00829	0.00715
26	0.01432	0.01348	0.02275	0.71520	0.05224	0.01685	0.02107	0.01938	0.01517	0.01938	0.01348	0.02022	0.01011	0.00758	0.00758	0.00253	0.01011	0.00674	0.00337	0.00843
27	0.00950	0.00671	0.00872	0.01023	0.01061	0.00633	0.00669	0.01063	0.01402	0.01869	0.03921	0.63016	0.04690	0.12654	0.01387	0.00370	0.00483	0.02004	0.00669	0.00593
28	0.00947	0.00670	0.00873	0.01027	0.01065	0.00631	0.00673	0.01062	0.01407	0.01876	0.03950	0.64122	0.04726	0.11499	0.01340	0.00363	0.00478	0.02021	0.00673	0.00596
29	0.01222	0.00873	0.01222	0.01397	0.01572	0.00873	0.01222	0.01572	0.01746	0.02270	0.04016	0.08556	0.04365	0.02095	0.01048	0.00349	0.00698	0.63506	0.00698	0.00698
