[name]
unknown

[dist]
# distance from previous block
# <min> <max>
6	84

[block]
# block no. 0 follows, 26 sequences, length 29
# corresponding to MSA columns:
# 105-133
name=unknown_A
#
# <colnr> <probs for GDERKNQSTAVLIFYWHMCP>
#	G	D	E	R	K	N	Q	S	T	A	V	L	I	F	Y	W	H	M	C	P
0	0.01735	0.01411	0.01539	0.01433	0.01785	0.01589	0.01092	0.03386	0.50945	0.05236	0.03317	0.17723	0.02875	0.01313	0.00813	0.00267	0.00568	0.01131	0.00763	0.01079
1	0.01030	0.00742	0.00975	0.00984	0.01124	0.00687	0.00712	0.01322	0.01944	0.02719	0.49521	0.25276	0.06532	0.01792	0.00916	0.00259	0.00382	0.01601	0.00797	0.00687
2	0.00992	0.00730	0.00951	0.01057	0.01166	0.00658	0.00723	0.01154	0.01498	0.02041	0.07090	0.62911	0.04762	0.02167	0.00927	0.00286	0.00447	0.01959	0.00687	0.07795
3	0.01154	0.00719	0.00962	0.01083	0.01178	0.00662	0.00742	0.01301	0.01519	0.08168	0.04070	0.66332	0.04726	0.02243	0.00949	0.00301	0.00459	0.02027	0.00726	0.00679
4	0.01013	0.00750	0.00958	0.01101	0.01181	0.00734	0.00750	0.01332	0.07553	0.02051	0.04079	0.66355	0.04766	0.02251	0.00950	0.00303	0.00455	0.02036	0.00710	0.00670
5	0.01052	0.00759	0.00995	0.00969	0.01128	0.00701	0.00714	0.01377	0.02047	0.02883	0.59005	0.15325	0.06849	0.01669	0.00905	0.00249	0.00370	0.01485	0.00816	0.00701
6	0.01934	0.01143	0.01160	0.01135	0.01333	0.01058	0.00788	0.02056	0.01855	0.03091	0.02912	0.03740	0.02492	0.09943	0.01179	0.00350	0.00610	0.00920	0.61332	0.00971
7	0.03335	0.01639	0.01984	0.01662	0.02165	0.01463	0.01258	0.03610	0.09350	0.48153	0.03330	0.03573	0.02487	0.09996	0.01363	0.00398	0.00835	0.00974	0.01005	0.01421
8	0.03128	0.02255	0.02381	0.01938	0.02495	0.02350	0.01514	0.52763	0.03469	0.04791	0.02408	0.02691	0.01879	0.01262	0.00959	0.00323	0.00943	0.00854	0.10139	0.01460
9	0.01526	0.01097	0.01303	0.01437	0.01536	0.00972	0.00955	0.01490	0.01788	0.02445	0.04470	0.67010	0.05182	0.02595	0.01176	0.00402	0.00643	0.02188	0.00867	0.00918
10	0.49580	0.01776	0.01709	0.01489	0.02009	0.01782	0.01149	0.02993	0.01905	0.23427	0.02214	0.02439	0.01692	0.01148	0.00812	0.00336	0.00793	0.00709	0.00795	0.01245
11	0.01050	0.00770	0.00984	0.00940	0.01121	0.00704	0.00701	0.01382	0.02077	0.02897	0.59556	0.08643	0.13100	0.01622	0.00898	0.00243	0.00364	0.01427	0.00817	0.00704
12	0.01790	0.02046	0.04476	0.03197	0.03964	0.01918	0.65857	0.02430	0.01790	0.02430	0.01535	0.02046	0.01151	0.00639	0.00895	0.00256	0.01279	0.00895	0.00384	0.01023
13	0.01085	0.00809	0.01199	0.01199	0.01328	0.00937	0.00923	0.01342	0.01213	0.01746	0.02050	0.03081	0.01940	0.09142	0.66944	0.01194	0.01966	0.00827	0.00409	0.00666
14	0.01804	0.01557	0.01636	0.01479	0.01893	0.01782	0.01148	0.03784	0.61746	0.03079	0.03473	0.03205	0.07851	0.01104	0.00782	0.00257	0.00582	0.00920	0.00766	0.01154
15	0.03403	0.01291	0.01760	0.01350	0.01936	0.01115	0.01115	0.03697	0.02171	0.69137	0.02992	0.02582	0.01878	0.00939	0.00763	0.00235	0.00645	0.00763	0.00939	0.01291
16	0.00900	0.00755	0.00782	0.00803	0.01034	0.00637	0.00592	0.01085	0.01696	0.02036	0.07263	0.15171	0.60704	0.01976	0.00905	0.00262	0.00391	0.01668	0.00704	0.00637
17	0.01466	0.01413	0.02479	0.65184	0.05107	0.01707	0.08018	0.01984	0.01542	0.01984	0.01365	0.02024	0.01024	0.00747	0.00771	0.00253	0.01036	0.00695	0.00341	0.00859
18	0.02373	0.01871	0.01989	0.01642	0.02158	0.02114	0.01318	0.34306	0.36173	0.03957	0.02469	0.02338	0.01815	0.00971	0.00765	0.00243	0.00715	0.00772	0.00765	0.01244
19	0.00936	0.00679	0.00862	0.01002	0.01068	0.00629	0.00668	0.01064	0.01456	0.01911	0.04451	0.59282	0.12427	0.08275	0.01202	0.00338	0.00458	0.02001	0.00684	0.00606
20	0.01533	0.01521	0.02736	0.51307	0.07102	0.01776	0.14485	0.02041	0.01555	0.02046	0.01365	0.01998	0.01044	0.00769	0.00896	0.00257	0.05616	0.00716	0.00347	0.00890
21	0.06027	0.60597	0.09206	0.01357	0.02033	0.02736	0.01390	0.02351	0.01564	0.05256	0.01176	0.01317	0.01009	0.00672	0.00519	0.00176	0.00817	0.00437	0.00362	0.00994
22	0.02524	0.01849	0.01998	0.01584	0.02076	0.02029	0.01269	0.53440	0.03113	0.04171	0.02065	0.07484	0.01743	0.09718	0.01147	0.00295	0.00793	0.00843	0.00719	0.01140
23	0.00993	0.00703	0.00886	0.00991	0.01050	0.00667	0.00659	0.01120	0.01438	0.01913	0.08268	0.44275	0.07828	0.20644	0.01712	0.00413	0.00520	0.04684	0.00650	0.00588
24	0.05798	0.01750	0.01932	0.01459	0.02082	0.01743	0.01195	0.35233	0.02642	0.09512	0.01723	0.01774	0.01262	0.00781	0.00677	0.00188	0.00711	0.00596	0.00653	0.28291
25	0.49142	0.01656	0.05024	0.12738	0.02313	0.01767	0.01228	0.10764	0.01680	0.05712	0.01293	0.01509	0.00961	0.00750	0.00579	0.00237	0.00719	0.00511	0.00496	0.00920
26	0.01683	0.01413	0.01632	0.01176	0.01844	0.01124	0.00944	0.07293	0.01740	0.02665	0.01388	0.01594	0.01137	0.00591	0.00578	0.00122	0.00585	0.00469	0.00475	0.71547
27	0.01414	0.00707	0.00707	0.00707	0.00884	0.00707	0.00530	0.01767	0.01591	0.02828	0.02474	0.02828	0.01944	0.00884	0.00530	0.00177	0.00353	0.00707	0.77554	0.00707
28	0.05836	0.01995	0.05402	0.04506	0.03449	0.01877	0.44372	0.02355	0.01735	0.02517	0.01545	0.02058	0.01221	0.00784	0.01018	0.00266	0.07627	0.00814	0.00430	0.10193

[dist]
# distance from previous block
# <min> <max>
0	1

[block]
# block no. 1 follows, 26 sequences, length 13
# corresponding to MSA columns:
# 135-147
name=unknown_B
#
# <colnr> <probs for GDERKNQSTAVLIFYWHMCP>
#	G	D	E	R	K	N	Q	S	T	A	V	L	I	F	Y	W	H	M	C	P
0	0.46541	0.21347	0.01959	0.04956	0.01777	0.01973	0.01014	0.02156	0.01447	0.02845	0.06925	0.01658	0.01426	0.00766	0.00527	0.00216	0.00652	0.00508	0.00454	0.00855
1	0.10295	0.01541	0.01669	0.01333	0.01832	0.05630	0.01065	0.15288	0.02204	0.27519	0.07305	0.02529	0.01992	0.06521	0.00955	0.00256	0.00697	0.00732	0.00720	0.09917
2	0.15473	0.09469	0.01715	0.01288	0.01645	0.01580	0.01057	0.10915	0.05968	0.05322	0.01825	0.02279	0.01541	0.03059	0.32800	0.00681	0.01317	0.00677	0.00503	0.00882
3	0.01633	0.01644	0.04520	0.23595	0.03274	0.01926	0.11013	0.06293	0.01561	0.02175	0.01486	0.07118	0.01340	0.01083	0.01440	0.00285	0.27521	0.00809	0.00397	0.00886
4	0.01414	0.00707	0.00707	0.00707	0.00884	0.00707	0.00530	0.01767	0.01591	0.02828	0.02474	0.02828	0.01944	0.00884	0.00530	0.00177	0.00353	0.00707	0.77554	0.00707
5	0.01696	0.01791	0.03485	0.09627	0.03462	0.01809	0.40748	0.03850	0.01693	0.02338	0.01605	0.06337	0.01358	0.00847	0.01059	0.00257	0.10076	0.00883	0.00407	0.06671
6	0.17517	0.01822	0.06113	0.07854	0.07447	0.01901	0.01453	0.25810	0.03743	0.03430	0.05915	0.02098	0.01589	0.03748	0.00957	0.00261	0.06058	0.00684	0.00569	0.01033
7	0.01430	0.01327	0.02148	0.56698	0.04478	0.01624	0.01905	0.01883	0.01474	0.01953	0.01378	0.02042	0.01086	0.01165	0.06256	0.00323	0.05716	0.00669	0.00350	0.06094
8	0.01595	0.06915	0.02755	0.07505	0.02643	0.01825	0.19218	0.01959	0.01501	0.02129	0.04893	0.04901	0.01596	0.01327	0.06271	0.00327	0.22520	0.00794	0.00405	0.08922
9	0.16922	0.01678	0.06992	0.01559	0.01877	0.01804	0.01341	0.06037	0.07191	0.02540	0.01633	0.08346	0.01523	0.03130	0.01424	0.00282	0.26875	0.00755	0.00471	0.07619
10	0.08294	0.01625	0.02647	0.26290	0.42070	0.01755	0.02127	0.02191	0.01621	0.02380	0.01369	0.01870	0.01107	0.00705	0.00729	0.00235	0.00910	0.00653	0.00371	0.01051
11	0.07104	0.34438	0.26710	0.01780	0.02580	0.05865	0.07429	0.02367	0.01598	0.02172	0.01210	0.01433	0.00974	0.00684	0.00613	0.00204	0.00974	0.00507	0.00341	0.01014
12	0.02129	0.08137	0.02439	0.01792	0.02228	0.06698	0.08209	0.25479	0.02254	0.02998	0.01741	0.03881	0.02856	0.01511	0.08934	0.00351	0.13061	0.00731	0.00529	0.04043

[dist]
# distance from previous block
# <min> <max>
1	11

[block]
# block no. 2 follows, 26 sequences, length 10
# corresponding to MSA columns:
# 159-168
name=unknown_C
#
# <colnr> <probs for GDERKNQSTAVLIFYWHMCP>
#	G	D	E	R	K	N	Q	S	T	A	V	L	I	F	Y	W	H	M	C	P
0	0.02367	0.01619	0.01898	0.08270	0.02308	0.01688	0.01260	0.26883	0.10258	0.14545	0.02098	0.02306	0.01578	0.06722	0.00982	0.00258	0.00742	0.00715	0.00678	0.12822
1	0.01534	0.01018	0.01244	0.01224	0.01430	0.01021	0.00892	0.14936	0.01954	0.07903	0.03590	0.52304	0.03983	0.01953	0.00908	0.00285	0.00539	0.01735	0.00734	0.00812
2	0.01331	0.00714	0.00778	0.00795	0.00954	0.00724	0.00591	0.01655	0.01538	0.02629	0.02594	0.09652	0.02238	0.01535	0.07928	0.00299	0.00539	0.00859	0.61954	0.00695
3	0.01915	0.53910	0.08430	0.01658	0.08966	0.02560	0.01444	0.02238	0.01570	0.02005	0.01255	0.01472	0.01091	0.00680	0.00536	0.00176	0.00799	0.00475	0.07839	0.00982
4	0.08016	0.49687	0.08370	0.01654	0.07378	0.02644	0.01470	0.09005	0.01754	0.02327	0.01188	0.01363	0.01012	0.00688	0.00553	0.00186	0.00826	0.00468	0.00385	0.01024
5	0.14029	0.02291	0.02076	0.07092	0.02442	0.16984	0.01406	0.37900	0.02761	0.03719	0.01530	0.01651	0.01131	0.00840	0.00699	0.00224	0.00927	0.00599	0.00603	0.01096
6	0.01696	0.01212	0.01545	0.04838	0.01766	0.01224	0.03023	0.15770	0.03848	0.02472	0.02020	0.05050	0.04796	0.04822	0.01687	0.28231	0.00702	0.02335	0.00505	0.12457
7	0.01393	0.00981	0.01359	0.01235	0.01535	0.00878	0.04031	0.01709	0.01805	0.07806	0.21973	0.15544	0.04312	0.03501	0.00953	0.00266	0.00560	0.15209	0.00693	0.14256
8	0.01826	0.01508	0.01813	0.01342	0.01974	0.01314	0.03839	0.15435	0.01997	0.02930	0.01600	0.05263	0.01357	0.00731	0.00639	0.00153	0.00644	0.00605	0.00525	0.54507
9	0.09188	0.04086	0.14759	0.01424	0.01937	0.03761	0.01352	0.02429	0.12014	0.09017	0.14303	0.03575	0.04281	0.02622	0.00831	0.00255	0.00702	0.08170	0.00622	0.04672

[dist]
# distance from previous block
# <min> <max>
1	11

[block]
# block no. 3 follows, 26 sequences, length 50
# corresponding to MSA columns:
# 180-229
name=unknown_D
#
# <colnr> <probs for GDERKNQSTAVLIFYWHMCP>
#	G	D	E	R	K	N	Q	S	T	A	V	L	I	F	Y	W	H	M	C	P
0	0.11555	0.01456	0.01667	0.03553	0.01970	0.01334	0.01048	0.10137	0.04443	0.15919	0.01759	0.01822	0.01297	0.00720	0.00628	0.00175	0.00630	0.00557	0.00594	0.38736
1	0.01505	0.01489	0.02720	0.57697	0.04969	0.01732	0.15004	0.02037	0.01572	0.02037	0.01386	0.02027	0.01039	0.00734	0.00786	0.00253	0.01065	0.00719	0.00346	0.00879
2	0.01783	0.01749	0.02769	0.23679	0.44214	0.04971	0.02193	0.02225	0.01660	0.02264	0.01373	0.01885	0.01127	0.00734	0.00830	0.00237	0.04211	0.00666	0.00363	0.01066
3	0.01659	0.01659	0.02323	0.01991	0.01991	0.02323	0.01659	0.01825	0.01162	0.01825	0.00996	0.01659	0.00996	0.01328	0.02489	0.00332	0.71955	0.00664	0.00332	0.00830
4	0.00896	0.00768	0.00768	0.00768	0.01025	0.00640	0.00576	0.01089	0.01729	0.02049	0.07684	0.07300	0.68304	0.01921	0.00896	0.00256	0.00384	0.01601	0.00704	0.00640
5	0.00996	0.00764	0.01018	0.01135	0.01185	0.00786	0.00793	0.01134	0.01436	0.01931	0.04028	0.62767	0.07556	0.02252	0.01115	0.00308	0.07509	0.01983	0.00667	0.00638
6	0.00937	0.00670	0.00892	0.01047	0.01103	0.00625	0.00705	0.01088	0.01511	0.02030	0.09635	0.67125	0.05199	0.02306	0.00962	0.00302	0.00433	0.02089	0.00715	0.00625
7	0.01103	0.00735	0.00827	0.00827	0.00827	0.00735	0.00460	0.01103	0.01103	0.01471	0.02390	0.04964	0.02758	0.73343	0.03861	0.00735	0.00735	0.01103	0.00460	0.00460
8	0.03283	0.01412	0.01827	0.01408	0.01992	0.01304	0.01161	0.11927	0.04568	0.58415	0.02841	0.02490	0.01815	0.00938	0.00763	0.00235	0.00669	0.00755	0.00909	0.01288
9	0.01980	0.01699	0.02349	0.01907	0.02425	0.01835	0.15966	0.03639	0.47328	0.08031	0.02725	0.02632	0.02016	0.00933	0.00799	0.00255	0.00759	0.00859	0.00696	0.01167
10	0.01887	0.01629	0.01715	0.01544	0.01972	0.01887	0.01201	0.04031	0.67241	0.03173	0.03087	0.02830	0.02315	0.01029	0.00772	0.00257	0.00600	0.00858	0.00772	0.01201
11	0.01432	0.01348	0.02275	0.71520	0.05224	0.01685	0.02107	0.01938	0.01517	0.01938	0.01348	0.02022	0.01011	0.00758	0.00758	0.00253	0.01011	0.00674	0.00337	0.00843
12	0.02883	0.02125	0.02276	0.01745	0.02352	0.02352	0.01442	0.66082	0.03566	0.04780	0.01821	0.01821	0.01290	0.00911	0.00759	0.00228	0.00835	0.00683	0.00759	0.01290
13	0.78701	0.01467	0.01115	0.00997	0.01467	0.01702	0.00821	0.02230	0.01291	0.03403	0.01056	0.01232	0.00821	0.00704	0.00469	0.00235	0.00587	0.00411	0.00469	0.00821
14	0.02883	0.02125	0.02276	0.01745	0.02352	0.02352	0.01442	0.66082	0.03566	0.04780	0.01821	0.01821	0.01290	0.00911	0.00759	0.00228	0.00835	0.00683	0.00759	0.01290
15	0.02883	0.02125	0.02276	0.01745	0.02352	0.02352	0.01442	0.66082	0.03566	0.04780	0.01821	0.01821	0.01290	0.00911	0.00759	0.00228	0.00835	0.00683	0.00759	0.01290
16	0.01103	0.00735	0.00827	0.00827	0.00827	0.00735	0.00460	0.01103	0.01103	0.01471	0.02390	0.04964	0.02758	0.73343	0.03861	0.00735	0.00735	0.01103	0.00460	0.00460
17	0.02037	0.01596	0.01720	0.01524	0.01969	0.01810	0.01192	0.03998	0.60807	0.09695	0.03078	0.02805	0.02272	0.01020	0.00771	0.00255	0.00605	0.00848	0.00788	0.01210
18	0.78701	0.01467	0.01115	0.00997	0.01467	0.01702	0.00821	0.02230	0.01291	0.03403	0.01056	0.01232	0.00821	0.00704	0.00469	0.00235	0.00587	0.00411	0.00469	0.00821
19	0.01790	0.02046	0.04476	0.03197	0.03964	0.01918	0.65857	0.02430	0.01790	0.02430	0.01535	0.02046	0.01151	0.00639	0.00895	0.00256	0.01279	0.00895	0.00384	0.01023
20	0.00932	0.00666	0.00887	0.01051	0.01102	0.00621	0.00705	0.01075	0.01488	0.01993	0.07473	0.69394	0.05127	0.02334	0.00964	0.00304	0.00436	0.02116	0.00711	0.00621
21	0.01012	0.00697	0.00854	0.00944	0.00967	0.00674	0.00585	0.01079	0.01282	0.01709	0.03306	0.39682	0.03913	0.37049	0.02381	0.00517	0.00584	0.01642	0.00585	0.00540
22	0.02833	0.03615	0.02149	0.01954	0.02345	0.70298	0.01466	0.03029	0.02149	0.01856	0.01172	0.01368	0.00977	0.00782	0.00684	0.00195	0.01368	0.00489	0.00391	0.00879
23	0.01785	0.02029	0.04382	0.03144	0.03878	0.01936	0.63055	0.02403	0.01763	0.02403	0.01511	0.02029	0.01144	0.00669	0.00965	0.00259	0.04364	0.00885	0.00381	0.01015
24	0.01659	0.01659	0.02323	0.01991	0.01991	0.02323	0.01659	0.01825	0.01162	0.01825	0.00996	0.01659	0.00996	0.01328	0.02489	0.00332	0.71955	0.00664	0.00332	0.00830
25	0.01744	0.01450	0.01665	0.01205	0.01870	0.01186	0.00970	0.10300	0.01833	0.02773	0.01410	0.01605	0.01145	0.00607	0.00587	0.00127	0.00597	0.00480	0.00490	0.67953
26	0.46260	0.12488	0.14976	0.01341	0.01947	0.01954	0.01338	0.04512	0.01463	0.02949	0.01140	0.01343	0.00895	0.00735	0.00624	0.00229	0.04004	0.00460	0.00423	0.00919
27	0.00938	0.00763	0.00817	0.00815	0.01035	0.00657	0.00599	0.01144	0.01751	0.02175	0.17143	0.09909	0.51819	0.05776	0.01061	0.00282	0.00402	0.01562	0.00712	0.00642
28	0.01103	0.00735	0.00827	0.00827	0.00827	0.00735	0.00460	0.01103	0.01103	0.01471	0.02390	0.04964	0.02758	0.73343	0.03861	0.00735	0.00735	0.01103	0.00460	0.00460
29	0.01084	0.00813	0.01219	0.01219	0.01354	0.00948	0.00948	0.01354	0.01219	0.01761	0.02032	0.02980	0.01896	0.05689	0.70337	0.01219	0.02032	0.00813	0.00406	0.00677
30	0.01075	0.00779	0.01023	0.01016	0.01187	0.00727	0.00779	0.01408	0.02021	0.02810	0.51973	0.11456	0.08946	0.01705	0.00922	0.00260	0.00412	0.09998	0.00801	0.00703
31	0.01101	0.00745	0.00875	0.00875	0.00892	0.00761	0.00519	0.01134	0.01117	0.01506	0.02346	0.04722	0.02652	0.65085	0.11975	0.00794	0.00894	0.01068	0.00453	0.00486
32	0.05730	0.03789	0.65689	0.02098	0.03184	0.01758	0.02694	0.02393	0.01584	0.02457	0.01345	0.01581	0.00953	0.00720	0.00707	0.00240	0.01092	0.00552	0.00328	0.01105
33	0.01573	0.01348	0.01573	0.01123	0.01798	0.01011	0.00899	0.01910	0.01573	0.02472	0.01348	0.01573	0.01123	0.00562	0.00562	0.00112	0.00562	0.00449	0.00449	0.77980
34	0.00924	0.00660	0.00880	0.01056	0.01100	0.00616	0.00704	0.01056	0.01452	0.01936	0.04181	0.72848	0.05017	0.02376	0.00968	0.00308	0.00440	0.02156	0.00704	0.00616
35	0.01086	0.00802	0.01163	0.01163	0.01279	0.00918	0.00878	0.01319	0.01202	0.01719	0.02083	0.03263	0.02019	0.15339	0.60855	0.01150	0.01847	0.00854	0.00414	0.00646
36	0.01647	0.01642	0.02321	0.05783	0.02168	0.02288	0.01684	0.01832	0.01181	0.01832	0.01015	0.01679	0.00997	0.01297	0.02395	0.00328	0.68086	0.00664	0.00332	0.00830
37	0.01304	0.00826	0.01088	0.00993	0.01213	0.00755	0.00755	0.01655	0.02149	0.09577	0.61763	0.05361	0.06635	0.01490	0.00882	0.00238	0.00386	0.01312	0.00845	0.00773
38	0.01754	0.01940	0.04210	0.03029	0.03737	0.01822	0.60887	0.02320	0.01729	0.02345	0.01518	0.02066	0.01164	0.00791	0.01053	0.06176	0.01232	0.00877	0.00379	0.00970
39	0.01790	0.02046	0.04476	0.03197	0.03964	0.01918	0.65857	0.02430	0.01790	0.02430	0.01535	0.02046	0.01151	0.00639	0.00895	0.00256	0.01279	0.00895	0.00384	0.01023
40	0.03134	0.01440	0.01821	0.01417	0.01983	0.01366	0.01163	0.14561	0.06520	0.51365	0.05103	0.02573	0.01989	0.00961	0.00767	0.00235	0.00666	0.00776	0.00893	0.01265
41	0.01083	0.00739	0.00821	0.00821	0.00847	0.00726	0.00471	0.01102	0.01165	0.01528	0.02913	0.05195	0.09239	0.66281	0.03568	0.00688	0.00701	0.01152	0.00484	0.00477
42	0.01867	0.01528	0.01629	0.01465	0.01858	0.01743	0.01124	0.03728	0.58208	0.05533	0.03015	0.03031	0.02342	0.08176	0.01077	0.00304	0.00615	0.00878	0.00747	0.01131
43	0.02833	0.03615	0.02149	0.01954	0.02345	0.70298	0.01466	0.03029	0.02149	0.01856	0.01172	0.01368	0.00977	0.00782	0.00684	0.00195	0.01368	0.00489	0.00391	0.00879
44	0.02745	0.01931	0.02132	0.01663	0.02222	0.02119	0.01368	0.54927	0.03228	0.09387	0.01931	0.01994	0.01395	0.01385	0.07639	0.00326	0.00939	0.00702	0.00738	0.01229
45	0.02832	0.02099	0.02247	0.01735	0.02333	0.02328	0.01429	0.62892	0.06840	0.04698	0.01886	0.01873	0.01343	0.00917	0.00759	0.00229	0.00823	0.00692	0.00759	0.01285
46	0.05568	0.01936	0.02165	0.01915	0.08740	0.02126	0.01425	0.49519	0.06101	0.04276	0.01861	0.01927	0.01360	0.00883	0.00730	0.00225	0.00784	0.00682	0.06564	0.01214
47	0.01424	0.01206	0.01944	0.56042	0.04279	0.01469	0.01767	0.01867	0.01507	0.02067	0.01544	0.02176	0.01188	0.00862	0.00815	0.03630	0.00881	0.00679	0.13857	0.00796
48	0.00999	0.00782	0.01156	0.01191	0.01315	0.00724	0.05662	0.01191	0.01549	0.02064	0.08963	0.57732	0.09473	0.02150	0.00952	0.00295	0.00494	0.01962	0.00689	0.00656
49	0.09097	0.01406	0.02307	0.60004	0.04769	0.01702	0.06218	0.02000	0.01513	0.02116	0.01332	0.01946	0.01002	0.00745	0.00739	0.00251	0.00987	0.00663	0.00353	0.00853

[dist]
# distance from previous block
# <min> <max>
4	5

[block]
# block no. 4 follows, 26 sequences, length 57
# corresponding to MSA columns:
# 235-291
name=unknown_E
#
# <colnr> <probs for GDERKNQSTAVLIFYWHMCP>
#	G	D	E	R	K	N	Q	S	T	A	V	L	I	F	Y	W	H	M	C	P
0	0.01432	0.01348	0.02275	0.71520	0.05224	0.01685	0.02107	0.01938	0.01517	0.01938	0.01348	0.02022	0.01011	0.00758	0.00758	0.00253	0.01011	0.00674	0.00337	0.00843
1	0.02939	0.01401	0.05178	0.01349	0.01885	0.01175	0.01136	0.05260	0.05010	0.52388	0.02802	0.02810	0.01939	0.09799	0.01140	0.00297	0.00685	0.00796	0.00835	0.01176
2	0.00942	0.00674	0.00897	0.01044	0.01104	0.00628	0.00706	0.01102	0.01537	0.02072	0.12023	0.64620	0.05279	0.02275	0.00959	0.00300	0.00430	0.02060	0.00720	0.00628
3	0.01030	0.00830	0.01321	0.01318	0.01451	0.00776	0.08684	0.01224	0.01494	0.01997	0.03857	0.64176	0.04543	0.02164	0.00959	0.00302	0.00543	0.02002	0.00665	0.00666
4	0.78701	0.01467	0.01115	0.00997	0.01467	0.01702	0.00821	0.02230	0.01291	0.03403	0.01056	0.01232	0.00821	0.00704	0.00469	0.00235	0.00587	0.00411	0.00469	0.00821
5	0.03100	0.01214	0.01652	0.01314	0.01834	0.01054	0.01065	0.03373	0.02083	0.60906	0.03138	0.11188	0.02262	0.01115	0.00788	0.00244	0.00620	0.00933	0.00910	0.01208
6	0.01110	0.00851	0.01269	0.01254	0.01383	0.01011	0.00980	0.01376	0.01216	0.01764	0.01985	0.02920	0.01855	0.05491	0.67255	0.01179	0.05208	0.00806	0.00403	0.00684
7	0.01432	0.01348	0.02275	0.71520	0.05224	0.01685	0.02107	0.01938	0.01517	0.01938	0.01348	0.02022	0.01011	0.00758	0.00758	0.00253	0.01011	0.00674	0.00337	0.00843
8	0.02028	0.73799	0.03975	0.01298	0.01947	0.03001	0.01298	0.02271	0.01541	0.01785	0.01055	0.01217	0.00973	0.00649	0.00487	0.00162	0.00811	0.00406	0.00324	0.00973
9	0.00924	0.00660	0.00880	0.01056	0.01100	0.00616	0.00704	0.01056	0.01452	0.01936	0.04181	0.72848	0.05017	0.02376	0.00968	0.00308	0.00440	0.02156	0.00704	0.00616
10	0.00924	0.00660	0.00880	0.01056	0.01100	0.00616	0.00704	0.01056	0.01452	0.01936	0.04181	0.72848	0.05017	0.02376	0.00968	0.00308	0.00440	0.02156	0.00704	0.00616
11	0.00989	0.00728	0.00958	0.01083	0.01119	0.00731	0.00730	0.01107	0.01392	0.01873	0.03774	0.60350	0.04504	0.11007	0.01412	0.00362	0.04679	0.01940	0.00652	0.00609
12	0.02833	0.03615	0.02149	0.01954	0.02345	0.70298	0.01466	0.03029	0.02149	0.01856	0.01172	0.01368	0.00977	0.00782	0.00684	0.00195	0.01368	0.00489	0.00391	0.00879
13	0.00936	0.00669	0.00894	0.01070	0.01119	0.00627	0.00725	0.01077	0.01464	0.01950	0.04174	0.70242	0.04990	0.02365	0.00971	0.00310	0.00451	0.04643	0.00704	0.00619
14	0.01084	0.00813	0.01219	0.01219	0.01354	0.00948	0.00948	0.01354	0.01219	0.01761	0.02032	0.02980	0.01896	0.05689	0.70337	0.01219	0.02032	0.00813	0.00406	0.00677
15	0.02071	0.01940	0.01848	0.01711	0.04164	0.11551	0.01286	0.06993	0.52742	0.03047	0.02700	0.02542	0.02039	0.00977	0.00758	0.00246	0.00730	0.00791	0.00705	0.01160
16	0.01414	0.00707	0.00707	0.00707	0.00884	0.00707	0.00530	0.01767	0.01591	0.02828	0.02474	0.02828	0.01944	0.00884	0.00530	0.00177	0.00353	0.00707	0.77554	0.00707
17	0.01867	0.56533	0.07967	0.01444	0.02067	0.02612	0.04711	0.02176	0.01519	0.01856	0.01219	0.01501	0.01095	0.01270	0.09079	0.00302	0.01005	0.00491	0.00337	0.00949
18	0.00971	0.00701	0.00879	0.00996	0.01070	0.00656	0.00674	0.01107	0.01465	0.01925	0.06403	0.47835	0.12422	0.14306	0.01451	0.00374	0.00494	0.05006	0.00667	0.00600
19	0.01926	0.01880	0.02188	0.08581	0.02356	0.10483	0.01579	0.10716	0.05734	0.02316	0.01352	0.01830	0.01169	0.01388	0.05750	0.00341	0.38401	0.00667	0.00429	0.00913
20	0.01099	0.00740	0.00850	0.00843	0.00865	0.00733	0.00491	0.01143	0.01231	0.01663	0.10452	0.05050	0.03296	0.64550	0.03497	0.00675	0.00689	0.01136	0.00506	0.00491
21	0.01044	0.00750	0.01014	0.01183	0.01288	0.00721	0.00909	0.01265	0.01581	0.02075	0.04240	0.44533	0.07030	0.02247	0.00998	0.00323	0.00542	0.26906	0.00702	0.00650
22	0.01521	0.03923	0.69413	0.02162	0.03283	0.01762	0.02802	0.02402	0.01601	0.02402	0.01361	0.01601	0.00961	0.00721	0.00721	0.00240	0.01121	0.00560	0.00320	0.01121
23	0.02844	0.03292	0.02177	0.01909	0.02346	0.55561	0.01460	0.16705	0.02457	0.02491	0.01313	0.01466	0.01045	0.00810	0.00700	0.00202	0.01252	0.00531	0.00471	0.00968
24	0.01084	0.00813	0.01219	0.01219	0.01354	0.00948	0.00948	0.01354	0.01219	0.01761	0.02032	0.02980	0.01896	0.05689	0.70337	0.01219	0.02032	0.00813	0.00406	0.00677
25	0.00896	0.00768	0.00768	0.00768	0.01025	0.00640	0.00576	0.01089	0.01729	0.02049	0.07684	0.07300	0.68304	0.01921	0.00896	0.00256	0.00384	0.01601	0.00704	0.00640
26	0.01523	0.01488	0.02596	0.52976	0.08504	0.01778	0.09887	0.02011	0.01531	0.02020	0.01344	0.01984	0.01038	0.00790	0.00930	0.00259	0.07411	0.00700	0.00345	0.00885
27	0.01573	0.01348	0.01573	0.01123	0.01798	0.01011	0.00899	0.01910	0.01573	0.02472	0.01348	0.01573	0.01123	0.00562	0.00562	0.00112	0.00562	0.00449	0.00449	0.77980
28	0.01535	0.03826	0.66036	0.02216	0.03318	0.01770	0.06082	0.02404	0.01611	0.02404	0.01370	0.01625	0.00971	0.00716	0.00730	0.00241	0.01129	0.00578	0.00324	0.01116
29	0.01645	0.01359	0.01585	0.01150	0.01810	0.01054	0.00919	0.02063	0.04575	0.04628	0.01480	0.01662	0.01202	0.00595	0.00578	0.00123	0.00566	0.00478	0.00480	0.72048
30	0.01780	0.01975	0.04175	0.07390	0.11956	0.01890	0.54330	0.02388	0.01766	0.02407	0.01510	0.02024	0.01149	0.00651	0.00869	0.00252	0.01217	0.00855	0.00380	0.01034
31	0.01992	0.61966	0.12501	0.01436	0.02137	0.05385	0.01502	0.02317	0.01572	0.01868	0.01099	0.01273	0.00972	0.00663	0.00525	0.00174	0.00873	0.00429	0.00326	0.00989
32	0.01659	0.01659	0.02323	0.01991	0.01991	0.02323	0.01659	0.01825	0.01162	0.01825	0.00996	0.01659	0.00996	0.01328	0.02489	0.00332	0.71955	0.00664	0.00332	0.00830
33	0.01035	0.00765	0.00977	0.01013	0.01176	0.00706	0.00768	0.01316	0.01867	0.02522	0.34581	0.20752	0.16424	0.01873	0.00934	0.00273	0.00432	0.11143	0.00764	0.00679
34	0.01887	0.01629	0.01715	0.01544	0.01972	0.01887	0.01201	0.04031	0.67241	0.03173	0.03087	0.02830	0.02315	0.01029	0.00772	0.00257	0.00600	0.00858	0.00772	0.01201
35	0.21353	0.01971	0.01851	0.01515	0.02041	0.09399	0.01226	0.28892	0.10495	0.11259	0.01852	0.01838	0.01334	0.00864	0.00682	0.00230	0.00782	0.00626	0.00670	0.01120
36	0.02935	0.01936	0.02147	0.01657	0.02251	0.02086	0.01365	0.50692	0.06533	0.17318	0.02115	0.02022	0.01457	0.00922	0.00760	0.00231	0.00786	0.00707	0.00795	0.01286
37	0.01073	0.00723	0.00836	0.00866	0.00873	0.00715	0.00501	0.01095	0.01162	0.01549	0.02692	0.16412	0.03139	0.61375	0.03373	0.00663	0.00686	0.01281	0.00501	0.00486
38	0.01103	0.00735	0.00827	0.00827	0.00827	0.00735	0.00460	0.01103	0.01103	0.01471	0.02390	0.04964	0.02758	0.73343	0.03861	0.00735	0.00735	0.01103	0.00460	0.00460
39	0.01460	0.01386	0.02281	0.63004	0.04828	0.01763	0.02052	0.01924	0.01473	0.01924	0.01305	0.01978	0.01009	0.00828	0.00970	0.00262	0.09700	0.00673	0.00336	0.00841
40	0.01476	0.01434	0.02545	0.63152	0.05070	0.01714	0.09915	0.01998	0.01550	0.01998	0.01371	0.02025	0.01028	0.00744	0.00775	0.00253	0.01044	0.00701	0.00343	0.00865
41	0.02995	0.01946	0.02166	0.01661	0.02263	0.02088	0.01372	0.52738	0.03268	0.18546	0.02072	0.01984	0.01416	0.00917	0.00760	0.00229	0.00794	0.00700	0.00797	0.01290
42	0.02883	0.02125	0.02276	0.01745	0.02352	0.02352	0.01442	0.66082	0.03566	0.04780	0.01821	0.01821	0.01290	0.00911	0.00759	0.00228	0.00835	0.00683	0.00759	0.01290
43	0.02883	0.02125	0.02276	0.01745	0.02352	0.02352	0.01442	0.66082	0.03566	0.04780	0.01821	0.01821	0.01290	0.00911	0.00759	0.00228	0.00835	0.00683	0.00759	0.01290
44	0.01831	0.01799	0.02380	0.06386	0.02316	0.05731	0.03832	0.08295	0.01494	0.02148	0.01127	0.01697	0.01030	0.01199	0.02062	0.00307	0.54436	0.00665	0.00379	0.00885
45	0.03403	0.01291	0.01760	0.01350	0.01936	0.01115	0.01115	0.03697	0.02171	0.69137	0.02992	0.02582	0.01878	0.00939	0.00763	0.00235	0.00645	0.00763	0.00939	0.01291
46	0.00924	0.00660	0.00880	0.01056	0.01100	0.00616	0.00704	0.01056	0.01452	0.01936	0.04181	0.72848	0.05017	0.02376	0.00968	0.00308	0.00440	0.02156	0.00704	0.00616
47	0.01414	0.00707	0.00707	0.00707	0.00884	0.00707	0.00530	0.01767	0.01591	0.02828	0.02474	0.02828	0.01944	0.00884	0.00530	0.00177	0.00353	0.00707	0.77554	0.00707
48	0.02772	0.02050	0.02208	0.01722	0.02303	0.02269	0.01423	0.60872	0.05872	0.04608	0.01967	0.02160	0.01466	0.00968	0.00772	0.00234	0.00820	0.03499	0.00757	0.01260
49	0.01592	0.01379	0.01623	0.01193	0.01817	0.01127	0.00957	0.02000	0.04485	0.02465	0.01405	0.01634	0.01169	0.00628	0.00684	0.00132	0.04759	0.00480	0.00457	0.70013
50	0.01573	0.01348	0.01573	0.01123	0.01798	0.01011	0.00899	0.01910	0.01573	0.02472	0.01348	0.01573	0.01123	0.00562	0.00562	0.00112	0.00562	0.00449	0.00449	0.77980
51	0.01052	0.00774	0.00984	0.00931	0.01120	0.00706	0.00699	0.01389	0.02096	0.02920	0.60798	0.05866	0.14646	0.01596	0.00895	0.00241	0.00361	0.01400	0.00819	0.00706
52	0.01414	0.00707	0.00707	0.00707	0.00884	0.00707	0.00530	0.01767	0.01591	0.02828	0.02474	0.02828	0.01944	0.00884	0.00530	0.00177	0.00353	0.00707	0.77554	0.00707
53	0.01790	0.01534	0.02302	0.02003	0.06194	0.01420	0.15513	0.09924	0.01973	0.02751	0.02634	0.22685	0.02665	0.01386	0.00908	0.00277	0.00818	0.05364	0.00625	0.17232
54	0.01573	0.11032	0.62756	0.02074	0.03147	0.01888	0.02649	0.02389	0.01595	0.02339	0.01330	0.01562	0.00962	0.00713	0.00697	0.00232	0.01089	0.00545	0.00321	0.01106
55	0.51551	0.01744	0.05205	0.03167	0.01806	0.07003	0.01069	0.05666	0.01582	0.08551	0.01473	0.05635	0.01204	0.00841	0.00577	0.00236	0.00699	0.00578	0.00518	0.00894
56	0.28090	0.03900	0.03554	0.01575	0.09843	0.01454	0.01136	0.05157	0.01759	0.13759	0.09932	0.02444	0.05297	0.00897	0.00654	0.00221	0.00628	0.00697	0.00592	0.08411

[dist]
# distance from previous block
# <min> <max>
0	5

[block]
# block no. 5 follows, 26 sequences, length 166
# corresponding to MSA columns:
# 297-462
name=unknown_F
#
# <colnr> <probs for GDERKNQSTAVLIFYWHMCP>
#	G	D	E	R	K	N	Q	S	T	A	V	L	I	F	Y	W	H	M	C	P
0	0.02142	0.05548	0.01920	0.04068	0.02020	0.01351	0.06044	0.11954	0.02141	0.21592	0.11445	0.10142	0.05306	0.01229	0.00815	0.00245	0.00680	0.06477	0.00725	0.04157
1	0.07872	0.01687	0.05416	0.01428	0.01992	0.01578	0.01208	0.23403	0.06182	0.17320	0.04143	0.05219	0.01784	0.03388	0.00823	0.00234	0.00697	0.00743	0.00690	0.14190
2	0.31909	0.28446	0.13288	0.01325	0.01976	0.02142	0.01341	0.02392	0.01504	0.07965	0.01262	0.01396	0.00985	0.00705	0.00540	0.00209	0.00761	0.00462	0.00430	0.00964
3	0.04657	0.01884	0.12384	0.01845	0.02471	0.01483	0.16907	0.11000	0.01904	0.02750	0.04638	0.13203	0.01983	0.00988	0.00768	0.00223	0.00830	0.00914	0.00515	0.18655
4	0.01651	0.01318	0.01556	0.01134	0.01778	0.01001	0.00903	0.01978	0.01602	0.06232	0.01553	0.04436	0.01320	0.00655	0.00589	0.00127	0.00562	0.00534	0.00487	0.70585
5	0.02045	0.67391	0.06696	0.01367	0.02023	0.06216	0.01371	0.02314	0.01573	0.01815	0.01073	0.01241	0.00973	0.00658	0.00506	0.00167	0.00851	0.00416	0.00328	0.00975
6	0.01521	0.03923	0.69413	0.02162	0.03283	0.01762	0.02802	0.02402	0.01601	0.02402	0.01361	0.01601	0.00961	0.00721	0.00721	0.00240	0.01121	0.00560	0.00320	0.01121
7	0.02180	0.01485	0.01602	0.01360	0.01796	0.04106	0.01076	0.15174	0.19956	0.17516	0.06265	0.06386	0.15337	0.01229	0.00801	0.00245	0.00626	0.01009	0.00777	0.01071
8	0.01394	0.00730	0.01051	0.01025	0.01054	0.00741	0.00697	0.04149	0.01113	0.01486	0.01342	0.02282	0.01316	0.02551	0.02857	0.74158	0.00667	0.00660	0.00350	0.00376
9	0.01414	0.00707	0.00707	0.00707	0.00884	0.00707	0.00530	0.01767	0.01591	0.02828	0.02474	0.02828	0.01944	0.00884	0.00530	0.00177	0.00353	0.00707	0.77554	0.00707
10	0.01853	0.01564	0.01822	0.01398	0.01982	0.01379	0.01105	0.05874	0.04572	0.02718	0.01594	0.01907	0.01345	0.00815	0.00877	0.00187	0.08554	0.00567	0.00530	0.59357
11	0.01858	0.01783	0.03045	0.07501	0.65914	0.01797	0.02318	0.02311	0.01718	0.02455	0.01423	0.01883	0.01193	0.00679	0.00751	0.00226	0.00906	0.00676	0.00374	0.01186
12	0.01820	0.01743	0.02975	0.13328	0.60390	0.01787	0.02299	0.02277	0.01700	0.02408	0.01417	0.01896	0.01177	0.00687	0.00752	0.00229	0.00915	0.00676	0.00370	0.01155
13	0.01414	0.00707	0.00707	0.00707	0.00884	0.00707	0.00530	0.01767	0.01591	0.02828	0.02474	0.02828	0.01944	0.00884	0.00530	0.00177	0.00353	0.00707	0.77554	0.00707
14	0.49669	0.01512	0.01835	0.18721	0.02718	0.01725	0.09531	0.02183	0.01411	0.02915	0.01190	0.01533	0.00911	0.00709	0.00596	0.00242	0.00781	0.00538	0.00426	0.00853
15	0.02482	0.01280	0.01562	0.01287	0.01771	0.01220	0.01032	0.03236	0.18678	0.37268	0.06109	0.03451	0.12373	0.01123	0.00784	0.00240	0.00580	0.00928	0.00840	0.03758
16	0.00924	0.00660	0.00880	0.01056	0.01100	0.00616	0.00704	0.01056	0.01452	0.01936	0.04181	0.72848	0.05017	0.02376	0.00968	0.00308	0.00440	0.02156	0.00704	0.00616
17	0.02833	0.03615	0.02149	0.01954	0.02345	0.70298	0.01466	0.03029	0.02149	0.01856	0.01172	0.01368	0.00977	0.00782	0.00684	0.00195	0.01368	0.00489	0.00391	0.00879
18	0.00931	0.00663	0.00878	0.01047	0.01090	0.00621	0.00695	0.01058	0.01439	0.01918	0.04111	0.70227	0.04929	0.05116	0.01080	0.00325	0.00451	0.02116	0.00695	0.00610
19	0.01925	0.01648	0.01737	0.01551	0.01987	0.01905	0.01210	0.06425	0.64784	0.03235	0.03038	0.02791	0.02276	0.01024	0.00771	0.00256	0.00609	0.00851	0.00771	0.01204
20	0.00923	0.00665	0.00876	0.01044	0.01097	0.00617	0.00699	0.01057	0.01464	0.01941	0.04325	0.70154	0.07618	0.02358	0.00965	0.00306	0.00438	0.02133	0.00704	0.00617
21	0.03403	0.01291	0.01760	0.01350	0.01936	0.01115	0.01115	0.03697	0.02171	0.69137	0.02992	0.02582	0.01878	0.00939	0.00763	0.00235	0.00645	0.00763	0.00939	0.01291
22	0.02931	0.02048	0.02229	0.01709	0.02314	0.02238	0.01411	0.60321	0.03437	0.10724	0.01929	0.01891	0.01344	0.00913	0.00759	0.00228	0.00817	0.00690	0.00775	0.01290
23	0.01322	0.01286	0.05718	0.05905	0.05071	0.01145	0.12386	0.01738	0.01732	0.02298	0.07160	0.10782	0.08359	0.01604	0.00947	0.00300	0.00787	0.30066	0.00597	0.00799
24	0.03045	0.01847	0.05311	0.01592	0.02215	0.01782	0.01365	0.35701	0.02861	0.32816	0.02311	0.02143	0.01531	0.00914	0.00759	0.00231	0.00766	0.00712	0.00816	0.01282
25	0.01414	0.00707	0.00707	0.00707	0.00884	0.00707	0.00530	0.01767	0.01591	0.02828	0.02474	0.02828	0.01944	0.00884	0.00530	0.00177	0.00353	0.00707	0.77554	0.00707
26	0.01203	0.01067	0.01829	0.05577	0.02024	0.01067	0.14675	0.01491	0.01561	0.02104	0.05897	0.42672	0.03794	0.01806	0.01026	0.00295	0.04534	0.06042	0.00600	0.00737
27	0.02718	0.04976	0.06070	0.01839	0.06176	0.02071	0.01491	0.40779	0.08151	0.14925	0.02036	0.01994	0.01433	0.00889	0.00747	0.00229	0.00804	0.00691	0.00724	0.01255
28	0.01512	0.01429	0.02418	0.59614	0.16511	0.01706	0.02146	0.02007	0.01554	0.02034	0.01362	0.01996	0.01045	0.00744	0.00757	0.00248	0.00992	0.00674	0.00344	0.00907
29	0.54610	0.01832	0.06167	0.03963	0.01922	0.04633	0.01139	0.12874	0.01735	0.03442	0.01221	0.01392	0.00923	0.00745	0.00555	0.00233	0.00714	0.00480	0.00499	0.00923
30	0.01741	0.01712	0.02259	0.01940	0.01990	0.04471	0.01604	0.05605	0.01346	0.02004	0.01173	0.04406	0.01167	0.01326	0.02270	0.00320	0.62725	0.00717	0.00373	0.00850
31	0.01051	0.00780	0.00983	0.00947	0.01140	0.00712	0.00721	0.01379	0.02050	0.02822	0.53785	0.06123	0.17762	0.01648	0.00904	0.00248	0.00382	0.05058	0.00804	0.00701
32	0.03403	0.01291	0.01760	0.01350	0.01936	0.01115	0.01115	0.03697	0.02171	0.69137	0.02992	0.02582	0.01878	0.00939	0.00763	0.00235	0.00645	0.00763	0.00939	0.01291
33	0.00908	0.00769	0.00785	0.00781	0.01032	0.00645	0.00586	0.01112	0.01757	0.02116	0.11771	0.07189	0.64174	0.01896	0.00896	0.00255	0.00382	0.01585	0.00713	0.00645
34	0.01877	0.01802	0.03079	0.04656	0.68612	0.01802	0.02328	0.02328	0.01727	0.02478	0.01427	0.01877	0.01201	0.00676	0.00751	0.00225	0.00901	0.00676	0.00375	0.01201
35	0.01973	0.01610	0.01718	0.01533	0.01970	0.01843	0.01196	0.04012	0.63551	0.06914	0.03082	0.02816	0.02291	0.01024	0.00771	0.00256	0.00603	0.00852	0.00781	0.01206
36	0.01074	0.00775	0.01014	0.00954	0.01133	0.00716	0.00716	0.01431	0.02147	0.03042	0.68211	0.05666	0.07157	0.01551	0.00895	0.00239	0.00358	0.01372	0.00835	0.00716
37	0.01432	0.01348	0.02275	0.71520	0.05224	0.01685	0.02107	0.01938	0.01517	0.01938	0.01348	0.02022	0.01011	0.00758	0.00758	0.00253	0.01011	0.00674	0.00337	0.00843
38	0.00975	0.00771	0.00878	0.00851	0.01073	0.00674	0.00639	0.01242	0.01916	0.02492	0.34695	0.06571	0.41016	0.01756	0.00896	0.00248	0.00372	0.01499	0.00763	0.00674
39	0.01573	0.01348	0.01573	0.01123	0.01798	0.01011	0.00899	0.01910	0.01573	0.02472	0.01348	0.01573	0.01123	0.00562	0.00562	0.00112	0.00562	0.00449	0.00449	0.77980
40	0.01507	0.03346	0.54488	0.05828	0.03174	0.01687	0.04740	0.02383	0.05341	0.02429	0.04109	0.04532	0.01434	0.00831	0.00748	0.00245	0.01037	0.00686	0.00383	0.01073
41	0.01042	0.00774	0.00971	0.00921	0.01114	0.00702	0.00691	0.01371	0.02073	0.02866	0.57523	0.05954	0.17955	0.01616	0.00895	0.00242	0.00362	0.01412	0.00812	0.00702
42	0.61139	0.01572	0.01581	0.01617	0.10525	0.01759	0.03822	0.05705	0.01493	0.03314	0.01167	0.01384	0.00911	0.00709	0.00541	0.00234	0.00671	0.00481	0.00469	0.00906
43	0.02028	0.73799	0.03975	0.01298	0.01947	0.03001	0.01298	0.02271	0.01541	0.01785	0.01055	0.01217	0.00973	0.00649	0.00487	0.00162	0.00811	0.00406	0.00324	0.00973
44	0.00924	0.00660	0.00880	0.01056	0.01100	0.00616	0.00704	0.01056	0.01452	0.01936	0.04181	0.72848	0.05017	0.02376	0.00968	0.00308	0.00440	0.02156	0.00704	0.00616
45	0.01459	0.01375	0.02322	0.67597	0.08943	0.01692	0.02119	0.01961	0.01529	0.01970	0.01353	0.02014	0.01022	0.00754	0.00758	0.00251	0.01005	0.00674	0.00339	0.00864
46	0.01752	0.01507	0.01592	0.01451	0.01852	0.01712	0.01131	0.03615	0.57623	0.03015	0.03637	0.03529	0.09827	0.01166	0.00795	0.00260	0.00579	0.03075	0.00762	0.01120
47	0.00924	0.00660	0.00880	0.01056	0.01100	0.00616	0.00704	0.01056	0.01452	0.01936	0.04181	0.72848	0.05017	0.02376	0.00968	0.00308	0.00440	0.02156	0.00704	0.00616
48	0.02210	0.01771	0.01887	0.01591	0.02073	0.02004	0.01266	0.26238	0.41543	0.03745	0.05428	0.02589	0.02154	0.01009	0.00772	0.00246	0.00674	0.00817	0.00770	0.01212
49	0.01521	0.03923	0.69413	0.02162	0.03283	0.01762	0.02802	0.02402	0.01601	0.02402	0.01361	0.01601	0.00961	0.00721	0.00721	0.00240	0.01121	0.00560	0.00320	0.01121
50	0.02028	0.73799	0.03975	0.01298	0.01947	0.03001	0.01298	0.02271	0.01541	0.01785	0.01055	0.01217	0.00973	0.00649	0.00487	0.00162	0.00811	0.00406	0.00324	0.00973
51	0.01573	0.01348	0.01573	0.01123	0.01798	0.01011	0.00899	0.01910	0.01573	0.02472	0.01348	0.01573	0.01123	0.00562	0.00562	0.00112	0.00562	0.00449	0.00449	0.77980
52	0.01432	0.01348	0.02275	0.71520	0.05224	0.01685	0.02107	0.01938	0.01517	0.01938	0.01348	0.02022	0.01011	0.00758	0.00758	0.00253	0.01011	0.00674	0.00337	0.00843
53	0.00924	0.00660	0.00880	0.01056	0.01100	0.00616	0.00704	0.01056	0.01452	0.01936	0.04181	0.72848	0.05017	0.02376	0.00968	0.00308	0.00440	0.02156	0.00704	0.00616
54	0.02031	0.63093	0.03715	0.04776	0.02131	0.06857	0.01362	0.02281	0.01560	0.01798	0.01073	0.01284	0.00976	0.00691	0.00597	0.00176	0.03881	0.00434	0.00329	0.00955
55	0.00924	0.00660	0.00880	0.01056	0.01100	0.00616	0.00704	0.01056	0.01452	0.01936	0.04181	0.72848	0.05017	0.02376	0.00968	0.00308	0.00440	0.02156	0.00704	0.00616
56	0.01670	0.01591	0.02704	0.35810	0.39078	0.01748	0.02225	0.02146	0.01629	0.02226	0.01390	0.01945	0.01113	0.00714	0.00754	0.00238	0.00952	0.00675	0.00358	0.01034
57	0.00897	0.00764	0.00773	0.00779	0.01027	0.00639	0.00581	0.01087	0.01719	0.02045	0.07554	0.09739	0.65949	0.01938	0.00899	0.00258	0.00386	0.01621	0.00704	0.00639
58	0.00972	0.00767	0.00876	0.00858	0.01073	0.00671	0.00640	0.01231	0.01894	0.02461	0.32955	0.09143	0.40196	0.01783	0.00898	0.00251	0.00375	0.01526	0.00759	0.00671
59	0.01659	0.01659	0.02323	0.01991	0.01991	0.02323	0.01659	0.01825	0.01162	0.01825	0.00996	0.01659	0.00996	0.01328	0.02489	0.00332	0.71955	0.00664	0.00332	0.00830
60	0.00924	0.00660	0.00880	0.01056	0.01100	0.00616	0.00704	0.01056	0.01452	0.01936	0.04181	0.72848	0.05017	0.02376	0.00968	0.00308	0.00440	0.02156	0.00704	0.00616
61	0.01074	0.00775	0.01014	0.00954	0.01133	0.00716	0.00716	0.01431	0.02147	0.03042	0.68211	0.05666	0.07157	0.01551	0.00895	0.00239	0.00358	0.01372	0.00835	0.00716
62	0.01432	0.01348	0.02275	0.71520	0.05224	0.01685	0.02107	0.01938	0.01517	0.01938	0.01348	0.02022	0.01011	0.00758	0.00758	0.00253	0.01011	0.00674	0.00337	0.00843
63	0.02028	0.73799	0.03975	0.01298	0.01947	0.03001	0.01298	0.02271	0.01541	0.01785	0.01055	0.01217	0.00973	0.00649	0.00487	0.00162	0.00811	0.00406	0.00324	0.00973
64	0.01573	0.01348	0.01573	0.01123	0.01798	0.01011	0.00899	0.01910	0.01573	0.02472	0.01348	0.01573	0.01123	0.00562	0.00562	0.00112	0.00562	0.00449	0.00449	0.77980
65	0.01432	0.01348	0.02275	0.71520	0.05224	0.01685	0.02107	0.01938	0.01517	0.01938	0.01348	0.02022	0.01011	0.00758	0.00758	0.00253	0.01011	0.00674	0.00337	0.00843
66	0.14682	0.01317	0.01664	0.01297	0.01866	0.01203	0.01071	0.03477	0.02039	0.59291	0.02702	0.02380	0.01719	0.00904	0.00719	0.00235	0.00637	0.00710	0.00868	0.01221
67	0.00896	0.00768	0.00768	0.00768	0.01025	0.00640	0.00576	0.01089	0.01729	0.02049	0.07684	0.07300	0.68304	0.01921	0.00896	0.00256	0.00384	0.01601	0.00704	0.00640
68	0.00924	0.00660	0.00880	0.01056	0.01100	0.00616	0.00704	0.01056	0.01452	0.01936	0.04181	0.72848	0.05017	0.02376	0.00968	0.00308	0.00440	0.02156	0.00704	0.00616
69	0.03206	0.01335	0.01754	0.01375	0.01941	0.01215	0.01126	0.03740	0.10639	0.60552	0.03005	0.02614	0.01935	0.00951	0.00764	0.00238	0.00640	0.00775	0.00917	0.01279
70	0.02883	0.02125	0.02276	0.01745	0.02352	0.02352	0.01442	0.66082	0.03566	0.04780	0.01821	0.01821	0.01290	0.00911	0.00759	0.00228	0.00835	0.00683	0.00759	0.01290
71	0.01432	0.01348	0.02275	0.71520	0.05224	0.01685	0.02107	0.01938	0.01517	0.01938	0.01348	0.02022	0.01011	0.00758	0.00758	0.00253	0.01011	0.00674	0.00337	0.00843
72	0.01139	0.00846	0.01106	0.01236	0.01431	0.00813	0.01056	0.01448	0.01742	0.02213	0.04958	0.08233	0.20780	0.02051	0.01009	0.00325	0.00618	0.47613	0.00700	0.00684
73	0.08631	0.01251	0.01425	0.01394	0.01716	0.01369	0.01143	0.02724	0.28915	0.05332	0.07089	0.05117	0.03261	0.01450	0.00861	0.00290	0.00626	0.25739	0.00725	0.00941
74	0.03271	0.01262	0.01718	0.01327	0.01891	0.01092	0.01092	0.03568	0.02170	0.65388	0.06691	0.02757	0.02177	0.00974	0.00770	0.00235	0.00629	0.00797	0.00933	0.01258
75	0.01103	0.00735	0.00827	0.00827	0.00827	0.00735	0.00460	0.01103	0.01103	0.01471	0.02390	0.04964	0.02758	0.73343	0.03861	0.00735	0.00735	0.01103	0.00460	0.00460
76	0.02825	0.01757	0.02009	0.01576	0.02146	0.01835	0.01301	0.38666	0.06428	0.22657	0.02330	0.02476	0.01685	0.00980	0.00770	0.00234	0.00749	0.04391	0.00794	0.04390
