[name]
unknown

[dist]
# distance from previous block
# <min> <max>
0	62

[block]
# block no. 0 follows, 26 sequences, length 79
# corresponding to MSA columns:
# 62-140
name=unknown_A
#
# <colnr> <probs for GDERKNQSTAVLIFYWHMCP>
#	G	D	E	R	K	N	Q	S	T	A	V	L	I	F	Y	W	H	M	C	P
0	0.00942	0.00671	0.00892	0.01063	0.01110	0.00630	0.00717	0.01078	0.01453	0.01935	0.04117	0.68083	0.04918	0.04636	0.01064	0.00323	0.00460	0.04597	0.00696	0.00614
1	0.01887	0.01629	0.01715	0.01544	0.01972	0.01887	0.01201	0.04031	0.67241	0.03173	0.03087	0.02830	0.02315	0.01029	0.00772	0.00257	0.00600	0.00858	0.00772	0.01201
2	0.01037	0.00774	0.00963	0.00916	0.01111	0.00700	0.00687	0.01360	0.02060	0.02836	0.55643	0.06005	0.19854	0.01628	0.00895	0.00242	0.00363	0.01419	0.00808	0.00700
3	0.01595	0.01514	0.02569	0.47095	0.28379	0.01728	0.02187	0.02080	0.01594	0.02135	0.01377	0.01969	0.01081	0.00728	0.00756	0.00243	0.00971	0.00675	0.00351	0.00974
4	0.02028	0.73799	0.03975	0.01298	0.01947	0.03001	0.01298	0.02271	0.01541	0.01785	0.01055	0.01217	0.00973	0.00649	0.00487	0.00162	0.00811	0.00406	0.00324	0.00973
5	0.01432	0.01348	0.02275	0.71520	0.05224	0.01685	0.02107	0.01938	0.01517	0.01938	0.01348	0.02022	0.01011	0.00758	0.00758	0.00253	0.01011	0.00674	0.00337	0.00843
6	0.00973	0.00695	0.00936	0.01112	0.01177	0.00658	0.00789	0.01140	0.01500	0.01991	0.04154	0.62352	0.04910	0.02330	0.00981	0.00315	0.00482	0.12172	0.00703	0.00630
7	0.01573	0.01348	0.01573	0.01123	0.01798	0.01011	0.00899	0.01910	0.01573	0.02472	0.01348	0.01573	0.01123	0.00562	0.00562	0.00112	0.00562	0.00449	0.00449	0.77980
8	0.01886	0.01639	0.01790	0.01715	0.05634	0.01882	0.01263	0.03937	0.63641	0.03135	0.02996	0.02778	0.02254	0.01010	0.00771	0.00256	0.00617	0.00848	0.00750	0.01201
9	0.00896	0.00768	0.00768	0.00768	0.01025	0.00640	0.00576	0.01089	0.01729	0.02049	0.07684	0.07300	0.68304	0.01921	0.00896	0.00256	0.00384	0.01601	0.00704	0.00640
10	0.00924	0.00660	0.00880	0.01056	0.01100	0.00616	0.00704	0.01056	0.01452	0.01936	0.04181	0.72848	0.05017	0.02376	0.00968	0.00308	0.00440	0.02156	0.00704	0.00616
11	0.01887	0.01629	0.01715	0.01544	0.01972	0.01887	0.01201	0.04031	0.67241	0.03173	0.03087	0.02830	0.02315	0.01029	0.00772	0.00257	0.00600	0.00858	0.00772	0.01201
12	0.01790	0.01713	0.02921	0.17759	0.56189	0.01779	0.02284	0.02251	0.01686	0.02372	0.01411	0.01906	0.01164	0.00692	0.00752	0.00231	0.00923	0.00675	0.00368	0.01131
13	0.01170	0.00797	0.01045	0.00971	0.01166	0.00732	0.00732	0.01525	0.02148	0.05779	0.65510	0.05538	0.06938	0.01525	0.00889	0.00238	0.00370	0.01347	0.00839	0.00740
14	0.00911	0.00769	0.00789	0.00784	0.01034	0.00647	0.00588	0.01117	0.01764	0.02131	0.12697	0.07164	0.63239	0.01890	0.00896	0.00255	0.00382	0.01582	0.00715	0.00647
15	0.02028	0.73799	0.03975	0.01298	0.01947	0.03001	0.01298	0.02271	0.01541	0.01785	0.01055	0.01217	0.00973	0.00649	0.00487	0.00162	0.00811	0.00406	0.00324	0.00973
16	0.01887	0.01629	0.01715	0.01544	0.01972	0.01887	0.01201	0.04031	0.67241	0.03173	0.03087	0.02830	0.02315	0.01029	0.00772	0.00257	0.00600	0.00858	0.00772	0.01201
17	0.00901	0.00752	0.00785	0.00811	0.01036	0.00637	0.00595	0.01084	0.01688	0.02032	0.07167	0.16964	0.58973	0.01988	0.00907	0.00264	0.00392	0.01683	0.00704	0.00637
18	0.01659	0.01659	0.02323	0.01991	0.01991	0.02323	0.01659	0.01825	0.01162	0.01825	0.00996	0.01659	0.00996	0.01328	0.02489	0.00332	0.71955	0.00664	0.00332	0.00830
19	0.01432	0.01348	0.02275	0.71520	0.05224	0.01685	0.02107	0.01938	0.01517	0.01938	0.01348	0.02022	0.01011	0.00758	0.00758	0.00253	0.01011	0.00674	0.00337	0.00843
20	0.02737	0.03461	0.02098	0.01914	0.02290	0.66487	0.01437	0.02937	0.02098	0.01851	0.01220	0.01456	0.01028	0.01051	0.04512	0.00252	0.01404	0.00506	0.00392	0.00868
21	0.01859	0.01783	0.03046	0.07421	0.65990	0.01797	0.02319	0.02312	0.01718	0.02456	0.01423	0.01883	0.01194	0.00679	0.00751	0.00226	0.00906	0.00676	0.00374	0.01187
22	0.02715	0.13963	0.02419	0.01857	0.02286	0.60376	0.01441	0.02917	0.02060	0.01846	0.01155	0.01346	0.00977	0.00762	0.00655	0.00191	0.01286	0.00476	0.00381	0.00893
23	0.02099	0.02076	0.02736	0.03588	0.43591	0.14025	0.04601	0.05011	0.03986	0.05076	0.01805	0.02100	0.04327	0.00782	0.00753	0.00224	0.00954	0.00704	0.00444	0.01117
24	0.01103	0.00735	0.00827	0.00827	0.00827	0.00735	0.00460	0.01103	0.01103	0.01471	0.02390	0.04964	0.02758	0.73343	0.03861	0.00735	0.00735	0.01103	0.00460	0.00460
25	0.01086	0.00733	0.00852	0.00867	0.00878	0.00735	0.00506	0.01111	0.01140	0.01527	0.02532	0.10925	0.02916	0.63627	0.06923	0.00721	0.00774	0.01183	0.00479	0.00484
26	0.01555	0.03722	0.63113	0.02399	0.09488	0.01765	0.02757	0.02395	0.01613	0.02409	0.01367	0.01628	0.00984	0.00716	0.00724	0.00239	0.01100	0.00571	0.00326	0.01129
27	0.01555	0.03717	0.63129	0.02252	0.06329	0.01769	0.02706	0.02474	0.04642	0.02441	0.01444	0.01671	0.01035	0.00733	0.00724	0.00240	0.01086	0.00580	0.00344	0.01128
28	0.01246	0.01044	0.01499	0.01406	0.01494	0.01317	0.01111	0.01468	0.01194	0.01757	0.01768	0.02757	0.01708	0.09473	0.46444	0.00935	0.21492	0.00793	0.00389	0.00704
29	0.78701	0.01467	0.01115	0.00997	0.01467	0.01702	0.00821	0.02230	0.01291	0.03403	0.01056	0.01232	0.00821	0.00704	0.00469	0.00235	0.00587	0.00411	0.00469	0.00821
30	0.01569	0.03627	0.59858	0.02454	0.09684	0.01773	0.05755	0.02396	0.01623	0.02411	0.01376	0.01649	0.00993	0.00712	0.00732	0.00239	0.01107	0.00588	0.00329	0.01124
31	0.01662	0.09162	0.54146	0.02081	0.05076	0.04314	0.02464	0.02409	0.01665	0.04559	0.04565	0.01797	0.01295	0.00762	0.00711	0.00232	0.01047	0.00594	0.00370	0.01089
32	0.78701	0.01467	0.01115	0.00997	0.01467	0.01702	0.00821	0.02230	0.01291	0.03403	0.01056	0.01232	0.00821	0.00704	0.00469	0.00235	0.00587	0.00411	0.00469	0.00821
33	0.01012	0.00806	0.00902	0.00884	0.01103	0.00729	0.00654	0.01343	0.05094	0.02392	0.26321	0.10064	0.39413	0.04666	0.01013	0.00273	0.00404	0.01501	0.00739	0.00684
34	0.01912	0.05337	0.24123	0.02551	0.03387	0.04480	0.32302	0.11657	0.01993	0.02717	0.01492	0.01821	0.01099	0.00709	0.00799	0.00241	0.01152	0.00728	0.00416	0.01085
35	0.03403	0.01291	0.01760	0.01350	0.01936	0.01115	0.01115	0.03697	0.02171	0.69137	0.02992	0.02582	0.01878	0.00939	0.00763	0.00235	0.00645	0.00763	0.00939	0.01291
36	0.01521	0.03923	0.69413	0.02162	0.03283	0.01762	0.02802	0.02402	0.01601	0.02402	0.01361	0.01601	0.00961	0.00721	0.00721	0.00240	0.01121	0.00560	0.00320	0.01121
37	0.01877	0.01802	0.03079	0.04656	0.68612	0.01802	0.02328	0.02328	0.01727	0.02478	0.01427	0.01877	0.01201	0.00676	0.00751	0.00225	0.00901	0.00676	0.00375	0.01201
38	0.01671	0.01747	0.03408	0.28430	0.10501	0.01820	0.33407	0.02311	0.04630	0.02287	0.01526	0.02056	0.01157	0.00704	0.00825	0.00252	0.01114	0.00791	0.00383	0.00982
39	0.02791	0.01427	0.01742	0.01428	0.01951	0.01426	0.01149	0.03831	0.28418	0.42529	0.03031	0.02682	0.02054	0.00975	0.00766	0.00244	0.00627	0.00801	0.00871	0.01254
40	0.00896	0.00768	0.00768	0.00768	0.01025	0.00640	0.00576	0.01089	0.01729	0.02049	0.07684	0.07300	0.68304	0.01921	0.00896	0.00256	0.00384	0.01601	0.00704	0.00640
41	0.13593	0.01950	0.02062	0.01601	0.02187	0.02139	0.01322	0.50949	0.03109	0.10938	0.01829	0.01813	0.01282	0.00884	0.00718	0.00229	0.00781	0.00653	0.00736	0.01224
42	0.00991	0.00688	0.00860	0.00970	0.00998	0.00661	0.00613	0.01074	0.01322	0.01762	0.03510	0.47438	0.04171	0.28940	0.02051	0.00468	0.00551	0.01762	0.00613	0.00558
43	0.00924	0.00660	0.00880	0.01056	0.01100	0.00616	0.00704	0.01056	0.01452	0.01936	0.04181	0.72848	0.05017	0.02376	0.00968	0.00308	0.00440	0.02156	0.00704	0.00616
44	0.02907	0.02086	0.02252	0.01727	0.02333	0.02295	0.01427	0.63198	0.03502	0.07756	0.01875	0.01856	0.01317	0.00912	0.00759	0.00228	0.00826	0.00687	0.00767	0.01290
45	0.01838	0.01762	0.03007	0.10623	0.62954	0.01792	0.02308	0.02293	0.01708	0.02430	0.01420	0.01890	0.01184	0.00683	0.00752	0.00228	0.00911	0.00676	0.00372	0.01169
46	0.00978	0.00698	0.00941	0.01117	0.01185	0.00662	0.00797	0.01148	0.01505	0.01996	0.04151	0.61331	0.04900	0.02326	0.00982	0.00315	0.00486	0.13146	0.00703	0.00631
47	0.01457	0.01373	0.02319	0.67846	0.08708	0.01692	0.02119	0.01959	0.01528	0.01968	0.01352	0.02014	0.01022	0.00754	0.00758	0.00251	0.01005	0.00674	0.00339	0.00862
48	0.02833	0.03615	0.02149	0.01954	0.02345	0.70298	0.01466	0.03029	0.02149	0.01856	0.01172	0.01368	0.00977	0.00782	0.00684	0.00195	0.01368	0.00489	0.00391	0.00879
49	0.01521	0.03923	0.69413	0.02162	0.03283	0.01762	0.02802	0.02402	0.01601	0.02402	0.01361	0.01601	0.00961	0.00721	0.00721	0.00240	0.01121	0.00560	0.00320	0.01121
50	0.00952	0.00681	0.00909	0.01066	0.01128	0.00638	0.00732	0.01114	0.01524	0.02044	0.09408	0.63981	0.05158	0.02294	0.00966	0.00305	0.00447	0.05311	0.00715	0.00629
51	0.01720	0.01934	0.04184	0.03023	0.03732	0.01813	0.60574	0.02318	0.01763	0.02390	0.01749	0.07786	0.01464	0.00780	0.00901	0.00260	0.01211	0.00997	0.00410	0.00990
52	0.01887	0.01629	0.01715	0.01544	0.01972	0.01887	0.01201	0.04031	0.67241	0.03173	0.03087	0.02830	0.02315	0.01029	0.00772	0.00257	0.00600	0.00858	0.00772	0.01201
53	0.02028	0.73799	0.03975	0.01298	0.01947	0.03001	0.01298	0.02271	0.01541	0.01785	0.01055	0.01217	0.00973	0.00649	0.00487	0.00162	0.00811	0.00406	0.00324	0.00973
54	0.01877	0.01802	0.03079	0.04656	0.68612	0.01802	0.02328	0.02328	0.01727	0.02478	0.01427	0.01877	0.01201	0.00676	0.00751	0.00225	0.00901	0.00676	0.00375	0.01201
55	0.01573	0.01348	0.01573	0.01123	0.01798	0.01011	0.00899	0.01910	0.01573	0.02472	0.01348	0.01573	0.01123	0.00562	0.00562	0.00112	0.00562	0.00449	0.00449	0.77980
56	0.00990	0.00764	0.00904	0.00886	0.01086	0.00677	0.00658	0.01263	0.01923	0.02552	0.38625	0.11477	0.31929	0.01765	0.00901	0.00251	0.00375	0.01525	0.00772	0.00677
57	0.00949	0.00688	0.00897	0.01019	0.01101	0.00636	0.00698	0.01126	0.01595	0.02142	0.15897	0.56433	0.09616	0.02198	0.00950	0.00292	0.00422	0.01979	0.00728	0.00636
58	0.02163	0.01748	0.13999	0.01402	0.02048	0.01196	0.01319	0.05401	0.01899	0.25138	0.06489	0.07328	0.02030	0.00929	0.00719	0.00205	0.00683	0.00769	0.00649	0.23886
59	0.00929	0.00668	0.00881	0.01042	0.01099	0.00621	0.00700	0.01072	0.01489	0.01983	0.06809	0.67915	0.07326	0.02328	0.00963	0.00304	0.00435	0.02106	0.00709	0.00621
60	0.01889	0.01605	0.04358	0.01496	0.01929	0.01708	0.01222	0.05886	0.50100	0.05840	0.02987	0.03136	0.02322	0.01073	0.00770	0.00255	0.00620	0.05236	0.06434	0.01133
61	0.02004	0.70476	0.07087	0.01339	0.02010	0.02942	0.01369	0.02277	0.01544	0.01814	0.01069	0.01235	0.00973	0.00652	0.00498	0.00166	0.00826	0.00413	0.00324	0.00980
62	0.42224	0.04618	0.04229	0.01312	0.01804	0.13628	0.01101	0.10609	0.01806	0.05749	0.01351	0.01497	0.01031	0.00763	0.00569	0.00221	0.00771	0.00497	0.05300	0.00920
63	0.05212	0.00917	0.01278	0.03458	0.01558	0.00869	0.03422	0.01775	0.01624	0.16303	0.03579	0.46898	0.03845	0.01861	0.00894	0.00287	0.00552	0.04155	0.00718	0.00796
64	0.01737	0.08653	0.25218	0.04799	0.02904	0.01701	0.15563	0.04923	0.01762	0.05173	0.05127	0.01947	0.01426	0.00731	0.00723	0.00213	0.00946	0.00660	0.00430	0.15364
65	0.02028	0.73799	0.03975	0.01298	0.01947	0.03001	0.01298	0.02271	0.01541	0.01785	0.01055	0.01217	0.00973	0.00649	0.00487	0.00162	0.00811	0.00406	0.00324	0.00973
66	0.02266	0.01486	0.01697	0.01469	0.01924	0.01599	0.01170	0.06495	0.40835	0.20741	0.05685	0.03148	0.02461	0.01079	0.00789	0.00254	0.00618	0.04288	0.00814	0.01181
67	0.01766	0.27572	0.38566	0.01841	0.02727	0.02131	0.05294	0.02374	0.01633	0.04835	0.03780	0.01679	0.01238	0.00731	0.00657	0.00214	0.00976	0.00562	0.00368	0.01057
68	0.05625	0.01560	0.01785	0.01436	0.01933	0.01611	0.01171	0.31208	0.02636	0.23348	0.02704	0.05677	0.05349	0.03283	0.00866	0.00255	0.00702	0.04270	0.03448	0.01133
69	0.01318	0.00659	0.00988	0.00988	0.00988	0.00659	0.00659	0.00988	0.00988	0.01318	0.01318	0.02306	0.01318	0.02635	0.02964	0.77931	0.00659	0.00659	0.00329	0.00329
70	0.02833	0.03615	0.02149	0.01954	0.02345	0.70298	0.01466	0.03029	0.02149	0.01856	0.01172	0.01368	0.00977	0.00782	0.00684	0.00195	0.01368	0.00489	0.00391	0.00879
71	0.01724	0.02411	0.19673	0.11491	0.03896	0.01868	0.40193	0.04862	0.01780	0.02454	0.01481	0.01928	0.01093	0.00684	0.00831	0.00251	0.01190	0.00779	0.00377	0.01034
72	0.01084	0.00813	0.01219	0.01219	0.01354	0.00948	0.00948	0.01354	0.01219	0.01761	0.02032	0.02980	0.01896	0.05689	0.70337	0.01219	0.02032	0.00813	0.00406	0.00677
73	0.00996	0.00717	0.00960	0.01128	0.01213	0.00680	0.00826	0.01184	0.01535	0.02022	0.04278	0.54521	0.07341	0.02290	0.00985	0.00316	0.00501	0.17168	0.00703	0.00637
74	0.01705	0.02287	0.15376	0.08525	0.03812	0.01900	0.45269	0.02343	0.01691	0.02343	0.01452	0.01940	0.01096	0.00711	0.00965	0.00258	0.06146	0.00803	0.00365	0.01012
75	0.01484	0.01401	0.02369	0.63738	0.12601	0.01699	0.02132	0.01983	0.01541	0.02001	0.01357	0.02005	0.01033	0.00749	0.00757	0.00250	0.00998	0.00674	0.00342	0.00884
76	0.01755	0.01943	0.03901	0.02875	0.03437	0.02026	0.48716	0.02268	0.01622	0.02268	0.01391	0.01943	0.01109	0.00823	0.01321	0.00276	0.20149	0.00833	0.00370	0.00971
77	0.01772	0.02009	0.04360	0.06781	0.04030	0.01906	0.62512	0.02404	0.01776	0.02404	0.01525	0.02045	0.01144	0.00646	0.00888	0.00256	0.01265	0.00884	0.00381	0.01014
78	0.11867	0.17488	0.07560	0.23684	0.03140	0.02011	0.04973	0.08423	0.04397	0.05262	0.01627	0.01905	0.03075	0.00786	0.00671	0.00227	0.00867	0.00623	0.00447	0.00969

[dist]
# distance from previous block
# <min> <max>
2	4

[block]
# block no. 1 follows, 26 sequences, length 107
# corresponding to MSA columns:
# 145-251
name=unknown_B
#
# <colnr> <probs for GDERKNQSTAVLIFYWHMCP>
#	G	D	E	R	K	N	Q	S	T	A	V	L	I	F	Y	W	H	M	C	P
0	0.07808	0.47993	0.10392	0.01695	0.05570	0.07664	0.05283	0.02350	0.01598	0.02049	0.01142	0.01351	0.00983	0.00671	0.00562	0.00187	0.00900	0.00471	0.00346	0.00985
1	0.15878	0.01961	0.07049	0.07507	0.07594	0.04885	0.34085	0.02284	0.01657	0.02515	0.01579	0.06619	0.01326	0.00791	0.00783	0.00250	0.01045	0.00823	0.00414	0.00957
2	0.06110	0.10573	0.37934	0.04459	0.02943	0.01797	0.12210	0.02234	0.01595	0.02349	0.04465	0.02037	0.01391	0.05654	0.00930	0.00268	0.01016	0.00666	0.00373	0.00999
3	0.02091	0.01501	0.01835	0.01405	0.01962	0.01401	0.04168	0.20468	0.02223	0.10954	0.04727	0.07061	0.01852	0.03853	0.00835	0.00211	0.00675	0.00759	0.00627	0.31392
4	0.01259	0.00861	0.01112	0.00994	0.01244	0.00768	0.00757	0.01611	0.02093	0.06878	0.57931	0.05090	0.06265	0.01419	0.00855	0.00226	0.00394	0.01247	0.00804	0.08193
5	0.02883	0.02125	0.02276	0.01745	0.02352	0.02352	0.01442	0.66082	0.03566	0.04780	0.01821	0.01821	0.01290	0.00911	0.00759	0.00228	0.00835	0.00683	0.00759	0.01290
6	0.01318	0.00659	0.00988	0.00988	0.00988	0.00659	0.00659	0.00988	0.00988	0.01318	0.01318	0.02306	0.01318	0.02635	0.02964	0.77931	0.00659	0.00659	0.00329	0.00329
7	0.01103	0.00735	0.00827	0.00827	0.00827	0.00735	0.00460	0.01103	0.01103	0.01471	0.02390	0.04964	0.02758	0.73343	0.03861	0.00735	0.00735	0.01103	0.00460	0.00460
8	0.01833	0.01757	0.02999	0.11325	0.62289	0.01791	0.02306	0.02289	0.01706	0.02424	0.01419	0.01892	0.01182	0.00684	0.00752	0.00228	0.00912	0.00676	0.00372	0.01166
9	0.02825	0.02068	0.02214	0.01704	0.02293	0.02286	0.01405	0.63509	0.03487	0.04702	0.01847	0.01861	0.01316	0.00909	0.00750	0.00226	0.00815	0.00684	0.03831	0.01267
10	0.01573	0.01348	0.01573	0.01123	0.01798	0.01011	0.00899	0.01910	0.01573	0.02472	0.01348	0.01573	0.01123	0.00562	0.00562	0.00112	0.00562	0.00449	0.00449	0.77980
11	0.01318	0.00659	0.00988	0.00988	0.00988	0.00659	0.00659	0.00988	0.00988	0.01318	0.01318	0.02306	0.01318	0.02635	0.02964	0.77931	0.00659	0.00659	0.00329	0.00329
12	0.00924	0.00660	0.00880	0.01056	0.01100	0.00616	0.00704	0.01056	0.01452	0.01936	0.04181	0.72848	0.05017	0.02376	0.00968	0.00308	0.00440	0.02156	0.00704	0.00616
13	0.01084	0.00813	0.01219	0.01219	0.01354	0.00948	0.00948	0.01354	0.01219	0.01761	0.02032	0.02980	0.01896	0.05689	0.70337	0.01219	0.02032	0.00813	0.00406	0.00677
14	0.01067	0.00775	0.01005	0.00948	0.01129	0.00713	0.00711	0.01419	0.02132	0.03006	0.66032	0.05725	0.09359	0.01564	0.00895	0.00239	0.00359	0.01380	0.00830	0.00713
15	0.01521	0.03923	0.69413	0.02162	0.03283	0.01762	0.02802	0.02402	0.01601	0.02402	0.01361	0.01601	0.00961	0.00721	0.00721	0.00240	0.01121	0.00560	0.00320	0.01121
16	0.01468	0.00760	0.00765	0.00745	0.00938	0.00768	0.00564	0.04154	0.01664	0.02900	0.02450	0.02790	0.01920	0.00885	0.00539	0.00179	0.00371	0.00706	0.74704	0.00729
17	0.01084	0.00813	0.01219	0.01219	0.01354	0.00948	0.00948	0.01354	0.01219	0.01761	0.02032	0.02980	0.01896	0.05689	0.70337	0.01219	0.02032	0.00813	0.00406	0.00677
18	0.01205	0.00861	0.01202	0.01377	0.01544	0.00858	0.01192	0.01541	0.01729	0.02250	0.04026	0.12341	0.04404	0.02112	0.01043	0.00347	0.00683	0.59895	0.00699	0.00694
19	0.01084	0.00813	0.01219	0.01219	0.01354	0.00948	0.00948	0.01354	0.01219	0.01761	0.02032	0.02980	0.01896	0.05689	0.70337	0.01219	0.02032	0.00813	0.00406	0.00677
20	0.01432	0.01348	0.02275	0.71520	0.05224	0.01685	0.02107	0.01938	0.01517	0.01938	0.01348	0.02022	0.01011	0.00758	0.00758	0.00253	0.01011	0.00674	0.00337	0.00843
21	0.01432	0.01348	0.02275	0.71520	0.05224	0.01685	0.02107	0.01938	0.01517	0.01938	0.01348	0.02022	0.01011	0.00758	0.00758	0.00253	0.01011	0.00674	0.00337	0.00843
22	0.00917	0.00770	0.00800	0.00818	0.01060	0.00653	0.00620	0.01116	0.01718	0.02057	0.07320	0.10149	0.61860	0.01951	0.00908	0.00264	0.00405	0.05269	0.00704	0.00643
23	0.01739	0.01910	0.04036	0.05849	0.03711	0.01861	0.55100	0.02284	0.01690	0.02304	0.01478	0.02035	0.01145	0.00807	0.01117	0.04833	0.05909	0.00857	0.00375	0.00962
24	0.01521	0.03923	0.69413	0.02162	0.03283	0.01762	0.02802	0.02402	0.01601	0.02402	0.01361	0.01601	0.00961	0.00721	0.00721	0.00240	0.01121	0.00560	0.00320	0.01121
25	0.03377	0.01333	0.01786	0.01370	0.01957	0.01177	0.01131	0.06853	0.02242	0.65881	0.02933	0.02543	0.01848	0.00937	0.00763	0.00234	0.00655	0.00759	0.00930	0.01291
26	0.00959	0.00723	0.00939	0.04218	0.01279	0.00680	0.00747	0.01143	0.01580	0.02077	0.11647	0.50714	0.16241	0.02132	0.00938	0.00289	0.00447	0.01905	0.00702	0.00642
27	0.01304	0.00790	0.01082	0.01066	0.01133	0.00828	0.00756	0.03706	0.01257	0.01714	0.02253	0.11261	0.06833	0.02570	0.07516	0.46235	0.04317	0.00926	0.03959	0.00495
28	0.01006	0.00770	0.01150	0.01227	0.01330	0.00724	0.05154	0.01189	0.01498	0.01995	0.03989	0.63121	0.04705	0.02237	0.00969	0.00308	0.00517	0.06780	0.00682	0.00650
29	0.02836	0.03543	0.02156	0.01944	0.02345	0.67027	0.01464	0.06064	0.02218	0.01997	0.01204	0.01390	0.00992	0.00788	0.00688	0.00197	0.01342	0.00498	0.00409	0.00899
30	0.01573	0.01348	0.01573	0.01123	0.01798	0.01011	0.00899	0.01910	0.01573	0.02472	0.01348	0.01573	0.01123	0.00562	0.00562	0.00112	0.00562	0.00449	0.00449	0.77980
31	0.01573	0.01348	0.01573	0.01123	0.01798	0.01011	0.00899	0.01910	0.01573	0.02472	0.01348	0.01573	0.01123	0.00562	0.00562	0.00112	0.00562	0.00449	0.00449	0.77980
32	0.00951	0.00778	0.00844	0.00847	0.01084	0.00671	0.00649	0.01182	0.01799	0.02229	0.17330	0.07128	0.53367	0.01874	0.00908	0.00260	0.00404	0.06315	0.00725	0.00657
33	0.05261	0.04598	0.02046	0.01587	0.02072	0.11424	0.01291	0.40691	0.02826	0.03812	0.01741	0.01860	0.01304	0.00890	0.00767	0.00218	0.03783	0.00640	0.12089	0.01100
34	0.09881	0.40925	0.09880	0.01614	0.04471	0.15240	0.01476	0.04977	0.01723	0.02168	0.01152	0.01333	0.00978	0.00698	0.00566	0.00188	0.00928	0.00458	0.00370	0.00976
35	0.01099	0.00751	0.00904	0.00904	0.00931	0.00777	0.00556	0.01152	0.01126	0.01528	0.02320	0.04574	0.02588	0.60049	0.16924	0.00830	0.00990	0.01046	0.00449	0.00502
36	0.02028	0.73799	0.03975	0.01298	0.01947	0.03001	0.01298	0.02271	0.01541	0.01785	0.01055	0.01217	0.00973	0.00649	0.00487	0.00162	0.00811	0.00406	0.00324	0.00973
37	0.01197	0.00822	0.01051	0.00964	0.01180	0.00744	0.00723	0.01526	0.02056	0.06075	0.55942	0.05414	0.10065	0.04542	0.01000	0.00255	0.00398	0.01306	0.00800	0.03940
38	0.01102	0.00738	0.00841	0.00841	0.00846	0.00743	0.00477	0.01112	0.01107	0.01481	0.02377	0.04895	0.02728	0.70989	0.06174	0.00752	0.00780	0.01093	0.00458	0.00467
39	0.02310	0.02745	0.05499	0.02918	0.27311	0.36593	0.01798	0.02597	0.01886	0.02080	0.01287	0.01634	0.01084	0.00864	0.00865	0.05470	0.01132	0.00574	0.00378	0.00975
40	0.01521	0.03923	0.69413	0.02162	0.03283	0.01762	0.02802	0.02402	0.01601	0.02402	0.01361	0.01601	0.00961	0.00721	0.00721	0.00240	0.01121	0.00560	0.00320	0.01121
41	0.50574	0.01498	0.01397	0.01168	0.01668	0.01642	0.00960	0.11468	0.01813	0.16106	0.04219	0.01750	0.01342	0.00812	0.00583	0.00234	0.00624	0.00555	0.00614	0.00973
42	0.01877	0.01802	0.03079	0.04656	0.68612	0.01802	0.02328	0.02328	0.01727	0.02478	0.01427	0.01877	0.01201	0.00676	0.00751	0.00225	0.00901	0.00676	0.00375	0.01201
43	0.01867	0.01592	0.01674	0.01509	0.01928	0.01838	0.01173	0.03938	0.64558	0.03159	0.03062	0.02830	0.02300	0.01023	0.00762	0.00254	0.00590	0.00851	0.03910	0.01180
44	0.01732	0.02024	0.06866	0.05935	0.05933	0.01875	0.53196	0.02330	0.01727	0.02364	0.01577	0.04320	0.01258	0.00739	0.00956	0.00259	0.04623	0.00895	0.00387	0.01003
45	0.08924	0.02006	0.02133	0.01655	0.02244	0.02211	0.01364	0.55122	0.05557	0.08402	0.01874	0.01855	0.01323	0.00900	0.00736	0.00230	0.00795	0.00672	0.00747	0.01249
46	0.01099	0.00752	0.00913	0.00913	0.00942	0.00782	0.00566	0.01158	0.01128	0.01534	0.02312	0.04532	0.02570	0.58613	0.18334	0.00841	0.01018	0.01040	0.00448	0.00507
47	0.01114	0.00764	0.00881	0.00893	0.00919	0.00775	0.00531	0.01218	0.03615	0.01593	0.02582	0.11622	0.02934	0.60815	0.06106	0.00694	0.00752	0.01188	0.00494	0.00512
48	0.01589	0.11370	0.59904	0.02161	0.05563	0.01897	0.02623	0.02385	0.01600	0.02338	0.01331	0.01570	0.00971	0.00711	0.00697	0.00231	0.01079	0.00548	0.00323	0.01108
49	0.02883	0.02125	0.02276	0.01745	0.02352	0.02352	0.01442	0.66082	0.03566	0.04780	0.01821	0.01821	0.01290	0.00911	0.00759	0.00228	0.00835	0.00683	0.00759	0.01290
50	0.01940	0.01998	0.04210	0.03018	0.03767	0.01880	0.59067	0.04895	0.01882	0.07033	0.01644	0.02074	0.01205	0.00670	0.00881	0.00253	0.01219	0.00878	0.00435	0.01051
51	0.01759	0.01933	0.04021	0.07730	0.09066	0.01832	0.52133	0.02354	0.01752	0.02404	0.01501	0.01999	0.01144	0.00645	0.00852	0.00243	0.01182	0.00833	0.00384	0.06234
52	0.03403	0.01291	0.01760	0.01350	0.01936	0.01115	0.01115	0.03697	0.02171	0.69137	0.02992	0.02582	0.01878	0.00939	0.00763	0.00235	0.00645	0.00763	0.00939	0.01291
53	0.01208	0.00883	0.01030	0.00954	0.01207	0.00816	0.00727	0.04432	0.04195	0.05385	0.36988	0.05906	0.30191	0.01623	0.00880	0.00245	0.00409	0.01388	0.00783	0.00752
54	0.01273	0.01012	0.01388	0.01684	0.10008	0.01003	0.01212	0.01716	0.06160	0.02299	0.04346	0.10014	0.16325	0.01821	0.00958	0.00307	0.00644	0.36383	0.00664	0.00781
55	0.02680	0.01460	0.01747	0.01417	0.01918	0.01476	0.01141	0.15293	0.16572	0.34237	0.02944	0.02808	0.04932	0.03759	0.03772	0.00298	0.00720	0.00821	0.00818	0.01186
56	0.00920	0.00675	0.00865	0.01016	0.01090	0.00619	0.00686	0.01061	0.01490	0.01952	0.04665	0.63786	0.13766	0.02313	0.00958	0.00301	0.00432	0.02080	0.00704	0.00619
57	0.01414	0.00707	0.00707	0.00707	0.00884	0.00707	0.00530	0.01767	0.01591	0.02828	0.02474	0.02828	0.01944	0.00884	0.00530	0.00177	0.00353	0.00707	0.77554	0.00707
58	0.01954	0.01663	0.01753	0.01557	0.01998	0.01918	0.01217	0.08231	0.62931	0.03282	0.03002	0.02762	0.02246	0.01021	0.00771	0.00255	0.00616	0.00846	0.00771	0.01207
59	0.01242	0.01042	0.01506	0.01415	0.01508	0.01317	0.01124	0.01474	0.01199	0.01767	0.01762	0.02697	0.01684	0.07190	0.49072	0.00956	0.21163	0.00783	0.00388	0.00710
60	0.00990	0.00757	0.01121	0.01191	0.01283	0.00709	0.05104	0.01151	0.01460	0.01950	0.03927	0.65213	0.04660	0.05231	0.01084	0.00322	0.00509	0.02027	0.00672	0.00637
61	0.12362	0.02501	0.27070	0.10216	0.03164	0.01831	0.14543	0.04534	0.01629	0.05181	0.01393	0.01740	0.01037	0.00789	0.00921	0.00253	0.08790	0.00642	0.00396	0.01009
62	0.31605	0.22136	0.19761	0.01417	0.02110	0.02059	0.01495	0.02408	0.03700	0.05439	0.01285	0.01435	0.00994	0.00714	0.00562	0.00217	0.00791	0.00478	0.00420	0.00974
63	0.01008	0.00759	0.00920	0.00968	0.01107	0.00707	0.00681	0.01284	0.04295	0.02269	0.21639	0.32967	0.19413	0.07029	0.01130	0.00306	0.00433	0.01700	0.00724	0.00660
64	0.01713	0.04806	0.02135	0.02058	0.10797	0.16817	0.08415	0.02003	0.01735	0.02119	0.06403	0.14728	0.07500	0.01475	0.03741	0.00293	0.06649	0.05263	0.00504	0.00846
65	0.01907	0.02055	0.09962	0.10540	0.37644	0.04401	0.02093	0.07474	0.11354	0.02668	0.01673	0.01977	0.01315	0.00763	0.00750	0.00233	0.00905	0.00683	0.00453	0.01150
66	0.15404	0.08235	0.02194	0.06602	0.07288	0.30861	0.01435	0.11510	0.05212	0.02634	0.01357	0.01549	0.01077	0.00778	0.00657	0.00213	0.01021	0.00540	0.00463	0.00971
67	0.01355	0.01008	0.01299	0.03256	0.03847	0.01024	0.01094	0.01948	0.12074	0.05076	0.09509	0.13909	0.12049	0.01762	0.00934	0.00298	0.00599	0.27440	0.00712	0.00807
68	0.06236	0.18865	0.35443	0.02030	0.07573	0.01999	0.04783	0.02400	0.04588	0.02370	0.01365	0.01587	0.01054	0.00700	0.00655	0.00214	0.00949	0.00546	0.00366	0.06278
69	0.08530	0.11452	0.17510	0.02510	0.18048	0.14108	0.06219	0.02599	0.04515	0.05578	0.01443	0.01675	0.01124	0.00729	0.00687	0.00220	0.00996	0.00588	0.00412	0.01058
70	0.01174	0.00882	0.01086	0.01138	0.01311	0.00846	0.00824	0.05708	0.04813	0.02262	0.03975	0.49891	0.08543	0.02022	0.00915	0.00285	0.00500	0.06536	0.00691	0.06598
71	0.02597	0.02076	0.02094	0.01663	0.02210	0.07813	0.01347	0.46956	0.10248	0.04141	0.05790	0.02108	0.01713	0.00933	0.00752	0.00223	0.00812	0.00715	0.00718	0.05092
72	0.01733	0.13599	0.32019	0.02922	0.27435	0.01934	0.02322	0.02335	0.01638	0.02340	0.01339	0.01645	0.01059	0.00687	0.00690	0.00218	0.00970	0.00576	0.00347	0.04194
73	0.02289	0.08274	0.05309	0.02018	0.09887	0.29078	0.01490	0.12164	0.04504	0.02504	0.01984	0.02281	0.06400	0.00908	0.00715	0.00211	0.01002	0.02971	0.00489	0.05523
74	0.01744	0.02087	0.08490	0.02973	0.03696	0.01864	0.55949	0.02334	0.01714	0.02350	0.01491	0.02013	0.01140	0.00769	0.01048	0.03997	0.04127	0.00852	0.00375	0.00988
75	0.01002	0.00769	0.01131	0.05923	0.01510	0.00749	0.03476	0.01186	0.01479	0.01966	0.03876	0.63354	0.04569	0.02188	0.00953	0.00303	0.00520	0.03728	0.00666	0.00650
76	0.04537	0.01140	0.01594	0.12845	0.02135	0.01216	0.06450	0.08666	0.01653	0.02297	0.02399	0.09211	0.02445	0.24818	0.01816	0.00421	0.00781	0.09783	0.05057	0.00736
77	0.05716	0.18230	0.47920	0.01992	0.02930	0.02072	0.02343	0.02438	0.01689	0.02484	0.01581	0.04124	0.01292	0.00899	0.00754	0.00264	0.01060	0.00640	0.00416	0.01155
78	0.01744	0.01881	0.06146	0.01883	0.02130	0.11604	0.07805	0.02024	0.01435	0.04113	0.01438	0.02088	0.01295	0.04599	0.16887	0.00505	0.30488	0.00707	0.00386	0.00842
79	0.01091	0.00730	0.00831	0.00843	0.00846	0.00727	0.00476	0.01100	0.01127	0.01502	0.02511	0.09559	0.02911	0.68540	0.03665	0.00706	0.00715	0.01174	0.00476	0.00470
80	0.01837	0.03961	0.01678	0.01578	0.03912	0.22854	0.01148	0.08463	0.01899	0.02216	0.02862	0.28393	0.07862	0.01509	0.00942	0.00255	0.06021	0.01231	0.00563	0.00814
81	0.01840	0.01781	0.03091	0.09476	0.60701	0.01800	0.05525	0.02304	0.01715	0.02436	0.01426	0.01896	0.01185	0.00680	0.00759	0.00229	0.00928	0.00687	0.00373	0.01166
82	0.00945	0.00669	0.00874	0.01029	0.01068	0.00630	0.00676	0.01062	0.01412	0.01882	0.03972	0.64942	0.04754	0.10642	0.01305	0.00358	0.00474	0.02034	0.00676	0.00598
83	0.00934	0.00673	0.00888	0.01057	0.01115	0.00627	0.00718	0.01077	0.01475	0.01953	0.04320	0.67720	0.07623	0.02347	0.00968	0.00307	0.00447	0.04427	0.00704	0.00620
84	0.01703	0.01906	0.04114	0.02981	0.03676	0.01787	0.59294	0.02291	0.01756	0.02380	0.01801	0.09178	0.01540	0.00814	0.00902	0.00261	0.01194	0.01022	0.00416	0.00982
85	0.01060	0.00775	0.00996	0.00940	0.01125	0.00710	0.00705	0.01406	0.02116	0.02968	0.63691	0.05788	0.11723	0.01578	0.00895	0.00240	0.00360	0.01389	0.00825	0.00710
86	0.02755	0.02000	0.02139	0.01654	0.02224	0.02208	0.01362	0.60447	0.03393	0.04609	0.01878	0.01909	0.01347	0.00908	0.00739	0.00223	0.00792	0.00685	0.07488	0.01239
87	0.00924	0.00660	0.00880	0.01056	0.01100	0.00616	0.00704	0.01056	0.01452	0.01936	0.04181	0.72848	0.05017	0.02376	0.00968	0.00308	0.00440	0.02156	0.00704	0.00616
88	0.01318	0.00659	0.00988	0.00988	0.00988	0.00659	0.00659	0.00988	0.00988	0.01318	0.01318	0.02306	0.01318	0.02635	0.02964	0.77931	0.00659	0.00659	0.00329	0.00329
89	0.78701	0.01467	0.01115	0.00997	0.01467	0.01702	0.00821	0.02230	0.01291	0.03403	0.01056	0.01232	0.00821	0.00704	0.00469	0.00235	0.00587	0.00411	0.00469	0.00821
90	0.02833	0.03615	0.02149	0.01954	0.02345	0.70298	0.01466	0.03029	0.02149	0.01856	0.01172	0.01368	0.00977	0.00782	0.00684	0.00195	0.01368	0.00489	0.00391	0.00879
91	0.01753	0.01675	0.02854	0.23392	0.50849	0.01769	0.02266	0.02219	0.01668	0.02327	0.01405	0.01918	0.01148	0.00699	0.00753	0.00233	0.00932	0.00675	0.00365	0.01101
92	0.01414	0.00707	0.00707	0.00707	0.00884	0.00707	0.00530	0.01767	0.01591	0.02828	0.02474	0.02828	0.01944	0.00884	0.00530	0.00177	0.00353	0.00707	0.77554	0.00707
93	0.02028	0.73799	0.03975	0.01298	0.01947	0.03001	0.01298	0.02271	0.01541	0.01785	0.01055	0.01217	0.00973	0.00649	0.00487	0.00162	0.00811	0.00406	0.00324	0.00973
94	0.00924	0.00660	0.00880	0.01056	0.01100	0.00616	0.00704	0.01056	0.01452	0.01936	0.04181	0.72848	0.05017	0.02376	0.00968	0.00308	0.00440	0.02156	0.00704	0.00616
95	0.02883	0.02125	0.02276	0.01745	0.02352	0.02352	0.01442	0.66082	0.03566	0.04780	0.01821	0.01821	0.01290	0.00911	0.00759	0.00228	0.00835	0.00683	0.00759	0.01290
96	0.00896	0.00768	0.00768	0.00768	0.01025	0.00640	0.00576	0.01089	0.01729	0.02049	0.07684	0.07300	0.68304	0.01921	0.00896	0.00256	0.00384	0.01601	0.00704	0.00640
97	0.02883	0.02125	0.02276	0.01745	0.02352	0.02352	0.01442	0.66082	0.03566	0.04780	0.01821	0.01821	0.01290	0.00911	0.00759	0.00228	0.00835	0.00683	0.00759	0.01290
98	0.03403	0.01291	0.01760	0.01350	0.01936	0.01115	0.01115	0.03697	0.02171	0.69137	0.02992	0.02582	0.01878	0.00939	0.00763	0.00235	0.00645	0.00763	0.00939	0.01291
99	0.78701	0.01467	0.01115	0.00997	0.01467	0.01702	0.00821	0.02230	0.01291	0.03403	0.01056	0.01232	0.00821	0.00704	0.00469	0.00235	0.00587	0.00411	0.00469	0.00821
100	0.01689	0.01806	0.03721	0.03076	0.12726	0.01712	0.46233	0.02245	0.01777	0.02427	0.04620	0.06058	0.01831	0.00873	0.00889	0.00260	0.01104	0.05523	0.00440	0.00992
101	0.01695	0.25758	0.46073	0.01996	0.05630	0.02152	0.02310	0.02358	0.01588	0.02212	0.01268	0.01492	0.00975	0.00696	0.00649	0.00215	0.01014	0.00517	0.00324	0.01078
102	0.02833	0.03615	0.02149	0.01954	0.02345	0.70298	0.01466	0.03029	0.02149	0.01856	0.01172	0.01368	0.00977	0.00782	0.00684	0.00195	0.01368	0.00489	0.00391	0.00879
103	0.02798	0.01945	0.02121	0.01641	0.02201	0.02119	0.01339	0.55536	0.03255	0.10420	0.01971	0.02125	0.01453	0.06309	0.00990	0.00266	0.00810	0.00722	0.00753	0.01228
104	0.01790	0.02046	0.04476	0.03197	0.03964	0.01918	0.65857	0.02430	0.01790	0.02430	0.01535	0.02046	0.01151	0.00639	0.00895	0.00256	0.01279	0.00895	0.00384	0.01023
105	0.01884	0.04851	0.03117	0.04514	0.65789	0.01853	0.02284	0.02325	0.01719	0.02449	0.01411	0.01849	0.01192	0.00675	0.00740	0.00223	0.00897	0.00664	0.00373	0.01192
106	0.07368	0.03957	0.01718	0.01393	0.01850	0.01699	0.01116	0.16685	0.27016	0.12186	0.02966	0.05673	0.07083	0.01074	0.00743	0.00241	0.00627	0.00866	0.04632	0.01106

[dist]
# distance from previous block
# <min> <max>
0	1

[block]
# block no. 2 follows, 26 sequences, length 26
# corresponding to MSA columns:
# 253-278
name=unknown_C
#
# <colnr> <probs for GDERKNQSTAVLIFYWHMCP>
#	G	D	E	R	K	N	Q	S	T	A	V	L	I	F	Y	W	H	M	C	P
0	0.10067	0.06903	0.02280	0.01644	0.02240	0.02334	0.01373	0.55673	0.03212	0.04446	0.01696	0.01724	0.01224	0.00873	0.00713	0.00224	0.00809	0.00638	0.00702	0.01224
1	0.01696	0.01344	0.01586	0.01139	0.01807	0.01018	0.00913	0.02031	0.01613	0.06975	0.01459	0.01641	0.01174	0.00587	0.00575	0.00121	0.00567	0.00471	0.00482	0.72800
2	0.00929	0.00750	0.00829	0.00872	0.01073	0.00650	0.00642	0.01126	0.01698	0.02101	0.10836	0.21522	0.47554	0.02003	0.00919	0.00270	0.00409	0.04461	0.00713	0.00643
3	0.01967	0.65418	0.11824	0.01401	0.02107	0.02853	0.01478	0.02287	0.01548	0.01859	0.01091	0.01263	0.00972	0.00658	0.00515	0.00172	0.00848	0.00424	0.00324	0.00991
4	0.02945	0.02025	0.02215	0.01698	0.02303	0.02204	0.01403	0.58633	0.03400	0.12465	0.01961	0.01912	0.01360	0.00914	0.00759	0.00228	0.00812	0.00692	0.00780	0.01290
5	0.00924	0.00660	0.00880	0.01056	0.01100	0.00616	0.00704	0.01056	0.01452	0.01936	0.04181	0.72848	0.05017	0.02376	0.00968	0.00308	0.00440	0.02156	0.00704	0.00616
6	0.02243	0.13555	0.10579	0.01546	0.02141	0.09989	0.01406	0.16896	0.02164	0.10946	0.04167	0.04406	0.01592	0.01136	0.04611	0.00261	0.00911	0.00666	0.00557	0.10228
7	0.07801	0.17183	0.04599	0.01600	0.02210	0.05882	0.01392	0.39170	0.02765	0.07936	0.01636	0.01673	0.01203	0.00831	0.00677	0.00214	0.00838	0.00598	0.00627	0.01165
8	0.00932	0.00663	0.00878	0.01046	0.01088	0.00621	0.00694	0.01058	0.01437	0.01916	0.04104	0.69943	0.04920	0.05413	0.01092	0.00326	0.00453	0.02111	0.00694	0.00609
9	0.01727	0.01847	0.03753	0.09926	0.18268	0.01797	0.42000	0.02283	0.01731	0.02366	0.01642	0.05996	0.01367	0.00757	0.00854	0.00252	0.01122	0.00896	0.00395	0.01022
10	0.01746	0.01444	0.01786	0.09881	0.02289	0.01339	0.01167	0.07397	0.04027	0.04883	0.01479	0.01734	0.01182	0.00702	0.00762	0.00165	0.06038	0.00538	0.00481	0.50959
11	0.01091	0.00736	0.00857	0.00868	0.00880	0.00742	0.00508	0.01117	0.01133	0.01519	0.02478	0.09083	0.02841	0.64338	0.08159	0.00741	0.00804	0.01149	0.00471	0.00484
12	0.00913	0.00759	0.00798	0.00811	0.01040	0.00644	0.00600	0.01113	0.01736	0.02117	0.12139	0.13431	0.57421	0.01935	0.00903	0.00260	0.00387	0.01636	0.00715	0.00644
13	0.00924	0.00660	0.00880	0.01056	0.01100	0.00616	0.00704	0.01056	0.01452	0.01936	0.04181	0.72848	0.05017	0.02376	0.00968	0.00308	0.00440	0.02156	0.00704	0.00616
14	0.01059	0.00764	0.01001	0.00964	0.01130	0.00706	0.00715	0.01396	0.02081	0.02936	0.62095	0.12083	0.06952	0.01630	0.00902	0.00245	0.00366	0.01447	0.00822	0.00706
15	0.02137	0.64278	0.03727	0.01387	0.02001	0.12131	0.01321	0.02374	0.01624	0.01794	0.01071	0.01237	0.00974	0.00667	0.00513	0.00167	0.00887	0.00417	0.00333	0.00961
16	0.01960	0.62330	0.08105	0.01421	0.02039	0.02855	0.01431	0.02237	0.01509	0.01829	0.01069	0.01284	0.00975	0.00718	0.00693	0.00184	0.07627	0.00440	0.00325	0.00969
17	0.02827	0.02097	0.02245	0.01734	0.02331	0.02326	0.01428	0.62586	0.07154	0.04690	0.01892	0.01878	0.01348	0.00917	0.00760	0.00229	0.00821	0.00693	0.00760	0.01285
18	0.07482	0.17537	0.05621	0.02216	0.14756	0.21446	0.01589	0.11638	0.06325	0.02587	0.01414	0.01594	0.01139	0.00760	0.00659	0.00207	0.00973	0.00556	0.00453	0.01046
19	0.01585	0.01263	0.02061	0.10972	0.11378	0.01282	0.09588	0.04331	0.01806	0.06607	0.04717	0.09633	0.02958	0.01436	0.00913	0.00291	0.00813	0.26895	0.00591	0.00880
20	0.01072	0.00781	0.01012	0.00972	0.01156	0.00721	0.00741	0.01418	0.02093	0.02925	0.59909	0.05968	0.10975	0.01612	0.00905	0.00247	0.00383	0.05584	0.00817	0.00710
21	0.01318	0.00659	0.00988	0.00988	0.00988	0.00659	0.00659	0.00988	0.00988	0.01318	0.01318	0.02306	0.01318	0.02635	0.02964	0.77931	0.00659	0.00659	0.00329	0.00329
22	0.02533	0.01879	0.02038	0.01624	0.02142	0.02067	0.01316	0.52319	0.07459	0.04308	0.05588	0.09006	0.02025	0.01094	0.00787	0.00238	0.00756	0.00874	0.00758	0.01189
23	0.02261	0.01418	0.01643	0.01410	0.01858	0.01501	0.01114	0.03605	0.38844	0.23808	0.11087	0.03102	0.02775	0.01065	0.00784	0.00248	0.00585	0.00891	0.00832	0.01169
24	0.00924	0.00660	0.00880	0.01056	0.01100	0.00616	0.00704	0.01056	0.01452	0.01936	0.04181	0.72848	0.05017	0.02376	0.00968	0.00308	0.00440	0.02156	0.00704	0.00616
25	0.01646	0.01410	0.01477	0.01385	0.01704	0.05522	0.01097	0.08436	0.25504	0.02790	0.08094	0.09099	0.12749	0.01459	0.00897	0.00271	0.02394	0.12416	0.00713	0.00935

[dist]
# distance from previous block
# <min> <max>
6	11

[block]
# block no. 3 follows, 26 sequences, length 198
# corresponding to MSA columns:
# 290-487
name=unknown_D
#
# <colnr> <probs for GDERKNQSTAVLIFYWHMCP>
#	G	D	E	R	K	N	Q	S	T	A	V	L	I	F	Y	W	H	M	C	P
0	0.04797	0.01686	0.01954	0.04404	0.07025	0.01788	0.01318	0.20384	0.24138	0.10117	0.02222	0.02192	0.01636	0.00872	0.00725	0.00222	0.00701	0.00705	0.00682	0.12432
1	0.18360	0.01555	0.02027	0.01570	0.02109	0.01575	0.09506	0.10158	0.04194	0.19854	0.04037	0.02034	0.01507	0.00844	0.00819	0.00227	0.05927	0.00667	0.00621	0.12410
2	0.18368	0.12803	0.04018	0.08765	0.04768	0.01558	0.01194	0.02381	0.01757	0.17804	0.14576	0.02563	0.02384	0.00923	0.00673	0.00224	0.00659	0.00728	0.02900	0.00956
3	0.01432	0.01348	0.02275	0.71520	0.05224	0.01685	0.02107	0.01938	0.01517	0.01938	0.01348	0.02022	0.01011	0.00758	0.00758	0.00253	0.01011	0.00674	0.00337	0.00843
4	0.01065	0.00769	0.01006	0.00960	0.01131	0.00710	0.00715	0.01410	0.02108	0.02980	0.64609	0.09445	0.07037	0.01597	0.00899	0.00242	0.00362	0.01416	0.00828	0.00710
5	0.02028	0.73799	0.03975	0.01298	0.01947	0.03001	0.01298	0.02271	0.01541	0.01785	0.01055	0.01217	0.00973	0.00649	0.00487	0.00162	0.00811	0.00406	0.00324	0.00973
6	0.00955	0.00759	0.00810	0.00810	0.01003	0.00665	0.00575	0.01127	0.01648	0.02045	0.13135	0.09198	0.47124	0.15112	0.01447	0.00345	0.00448	0.01505	0.00673	0.00614
7	0.01036	0.00774	0.00962	0.00915	0.01110	0.00700	0.00686	0.01359	0.02059	0.02832	0.55408	0.06012	0.20091	0.01629	0.00895	0.00242	0.00363	0.01420	0.00807	0.00700
8	0.00924	0.00660	0.00880	0.01056	0.01100	0.00616	0.00704	0.01056	0.01452	0.01936	0.04181	0.72848	0.05017	0.02376	0.00968	0.00308	0.00440	0.02156	0.00704	0.00616
9	0.02028	0.73799	0.03975	0.01298	0.01947	0.03001	0.01298	0.02271	0.01541	0.01785	0.01055	0.01217	0.00973	0.00649	0.00487	0.00162	0.00811	0.00406	0.00324	0.00973
10	0.02833	0.03615	0.02149	0.01954	0.02345	0.70298	0.01466	0.03029	0.02149	0.01856	0.01172	0.01368	0.00977	0.00782	0.00684	0.00195	0.01368	0.00489	0.00391	0.00879
11	0.03381	0.01326	0.01782	0.01366	0.01954	0.01168	0.01129	0.06357	0.02230	0.66393	0.02942	0.02549	0.01853	0.00938	0.00763	0.00234	0.00653	0.00759	0.00931	0.01291
12	0.74436	0.01504	0.01180	0.01040	0.01517	0.01738	0.00856	0.05822	0.01419	0.03481	0.01099	0.01265	0.00848	0.00716	0.00486	0.00234	0.00601	0.00426	0.00486	0.00848
13	0.01103	0.00735	0.00827	0.00827	0.00827	0.00735	0.00460	0.01103	0.01103	0.01471	0.02390	0.04964	0.02758	0.73343	0.03861	0.00735	0.00735	0.01103	0.00460	0.00460
14	0.01521	0.03923	0.69413	0.02162	0.03283	0.01762	0.02802	0.02402	0.01601	0.02402	0.01361	0.01601	0.00961	0.00721	0.00721	0.00240	0.01121	0.00560	0.00320	0.01121
15	0.00924	0.00660	0.00880	0.01056	0.01100	0.00616	0.00704	0.01056	0.01452	0.01936	0.04181	0.72848	0.05017	0.02376	0.00968	0.00308	0.00440	0.02156	0.00704	0.00616
16	0.01048	0.00774	0.00978	0.00927	0.01118	0.00705	0.00696	0.01382	0.02087	0.02899	0.59483	0.05901	0.15974	0.01604	0.00895	0.00241	0.00362	0.01405	0.00816	0.00705
17	0.02023	0.01599	0.01719	0.01526	0.01969	0.01817	0.01193	0.04001	0.61409	0.09085	0.03079	0.02808	0.02276	0.01021	0.00771	0.00255	0.00604	0.00849	0.00787	0.01209
18	0.02028	0.73799	0.03975	0.01298	0.01947	0.03001	0.01298	0.02271	0.01541	0.01785	0.01055	0.01217	0.00973	0.00649	0.00487	0.00162	0.00811	0.00406	0.00324	0.00973
19	0.00924	0.00660	0.00880	0.01056	0.01100	0.00616	0.00704	0.01056	0.01452	0.01936	0.04181	0.72848	0.05017	0.02376	0.00968	0.00308	0.00440	0.02156	0.00704	0.00616
20	0.01139	0.00795	0.01006	0.00941	0.01148	0.00720	0.00710	0.01468	0.02083	0.05514	0.56276	0.05796	0.16387	0.01584	0.00890	0.00241	0.00373	0.01383	0.00819	0.00727
21	0.00931	0.00663	0.00878	0.01048	0.01090	0.00620	0.00695	0.01058	0.01440	0.01919	0.04116	0.70382	0.04935	0.04954	0.01073	0.00324	0.00451	0.02118	0.00695	0.00610
22	0.06284	0.01298	0.01736	0.01336	0.01918	0.01137	0.01104	0.03640	0.02137	0.66622	0.02918	0.02530	0.01837	0.00930	0.00752	0.00235	0.00643	0.00749	0.00921	0.01273
23	0.02055	0.71431	0.03913	0.01320	0.01960	0.05272	0.01304	0.02297	0.01562	0.01787	0.01058	0.01222	0.00974	0.00653	0.00493	0.00163	0.00830	0.00408	0.00327	0.00970
24	0.01103	0.00735	0.00827	0.00827	0.00827	0.00735	0.00460	0.01103	0.01103	0.01471	0.02390	0.04964	0.02758	0.73343	0.03861	0.00735	0.00735	0.01103	0.00460	0.00460
25	0.00940	0.00671	0.00898	0.01074	0.01125	0.00630	0.00732	0.01084	0.01468	0.01954	0.04172	0.69412	0.04982	0.02361	0.00972	0.00310	0.00454	0.05435	0.00704	0.00620
26	0.01051	0.00768	0.00987	0.00945	0.01123	0.00704	0.00704	0.01384	0.02076	0.02902	0.59889	0.09492	0.11888	0.01625	0.00899	0.00244	0.00364	0.01433	0.00817	0.00704
