[name]
unknown

[dist]
# distance from previous block
# <min> <max>
0	99

[block]
# block no. 0 follows, 23 sequences, length 71
# corresponding to MSA columns:
# 99-169
name=unknown_A
#
# <colnr> <probs for GDERKNQSTAVLIFYWHMCP>
#	G	D	E	R	K	N	Q	S	T	A	V	L	I	F	Y	W	H	M	C	P
0	0.01488	0.01169	0.01416	0.01546	0.01767	0.05086	0.01333	0.04433	0.01978	0.02517	0.04011	0.08377	0.04309	0.02102	0.01084	0.00358	0.00797	0.54711	0.00730	0.00786
1	0.02890	0.02670	0.02411	0.02175	0.08106	0.22578	0.01601	0.37061	0.03111	0.03855	0.04441	0.01981	0.01538	0.00939	0.00793	0.00233	0.01053	0.00698	0.00658	0.01210
2	0.05360	0.01624	0.01857	0.07637	0.02288	0.01769	0.01277	0.22798	0.14476	0.12372	0.05642	0.02787	0.02115	0.05371	0.00990	0.00282	0.00738	0.00833	0.08635	0.01148
3	0.01822	0.01265	0.01958	0.05359	0.02198	0.01171	0.10663	0.02280	0.04417	0.14606	0.21001	0.14168	0.03916	0.01329	0.00887	0.00254	0.00681	0.01218	0.00735	0.10071
4	0.02230	0.01495	0.01936	0.01442	0.02110	0.01251	0.04915	0.05245	0.04301	0.18664	0.02086	0.04444	0.01603	0.00808	0.00709	0.00180	0.00680	0.00683	0.00642	0.44578
5	0.01626	0.01284	0.01907	0.09830	0.02387	0.01238	0.08524	0.06992	0.01927	0.06082	0.07872	0.25691	0.03280	0.01481	0.00890	0.00264	0.00724	0.03393	0.00647	0.13963
6	0.02175	0.01915	0.03154	0.04573	0.58563	0.01918	0.02352	0.06297	0.01996	0.06779	0.01655	0.02051	0.01336	0.00756	0.00805	0.00242	0.00943	0.00729	0.00464	0.01297
7	0.01532	0.01442	0.02434	0.69533	0.05589	0.01803	0.02253	0.02073	0.01622	0.02073	0.01442	0.02163	0.01082	0.00811	0.00811	0.00270	0.01082	0.00721	0.00361	0.00901
8	0.01449	0.01096	0.01310	0.04354	0.01589	0.01125	0.00917	0.08781	0.08369	0.02975	0.29738	0.10089	0.10173	0.12747	0.01434	0.00349	0.00573	0.01333	0.00766	0.00834
9	0.01159	0.00869	0.01304	0.01304	0.01449	0.01014	0.01014	0.01449	0.01304	0.01884	0.02173	0.03188	0.02029	0.06086	0.68268	0.01304	0.02173	0.00869	0.00435	0.00724
10	0.05090	0.04413	0.02761	0.05676	0.29994	0.01857	0.04772	0.11994	0.02131	0.08155	0.01683	0.01965	0.01308	0.00765	0.00756	0.00222	0.00875	0.00679	0.00528	0.14377
11	0.01956	0.12191	0.14921	0.12948	0.21496	0.07871	0.08223	0.02477	0.01771	0.02342	0.01405	0.01835	0.01135	0.00790	0.00883	0.00246	0.05363	0.00665	0.00377	0.01106
12	0.00998	0.00714	0.00950	0.01123	0.01179	0.00666	0.00754	0.01154	0.01599	0.02143	0.08207	0.67015	0.05506	0.02489	0.01031	0.00325	0.00465	0.02256	0.00762	0.00666
13	0.01683	0.01442	0.01683	0.01202	0.01923	0.01082	0.00961	0.02043	0.01683	0.02644	0.01442	0.01683	0.01202	0.00601	0.00601	0.00120	0.00601	0.00481	0.00481	0.76444
14	0.01138	0.00829	0.01070	0.01010	0.01206	0.00761	0.00757	0.01511	0.02272	0.03195	0.62767	0.06159	0.10920	0.01681	0.00957	0.00256	0.00384	0.01481	0.00885	0.00761
15	0.01414	0.00707	0.01045	0.01045	0.01052	0.00707	0.00699	0.01092	0.01084	0.01477	0.01461	0.02490	0.01437	0.02741	0.03062	0.73209	0.00691	0.00707	0.03511	0.00369
16	0.00986	0.00823	0.00860	0.00850	0.01113	0.00697	0.00638	0.01217	0.01914	0.02344	0.16494	0.07559	0.57723	0.01998	0.00959	0.00271	0.00407	0.01677	0.00774	0.00697
17	0.01148	0.00829	0.01085	0.01021	0.01212	0.00766	0.00766	0.01531	0.02297	0.03254	0.65994	0.06061	0.07656	0.01659	0.00957	0.00255	0.00383	0.01467	0.00893	0.00766
18	0.01627	0.04197	0.67279	0.02313	0.03512	0.01884	0.02998	0.02570	0.01713	0.02570	0.01456	0.01713	0.01028	0.00771	0.00771	0.00257	0.01199	0.00600	0.00343	0.01199
19	0.02169	0.71972	0.04252	0.01388	0.02083	0.03211	0.01388	0.02430	0.01649	0.01909	0.01128	0.01302	0.01041	0.00694	0.00521	0.00174	0.00868	0.00434	0.00347	0.01041
20	0.01775	0.01775	0.02485	0.02130	0.02130	0.02485	0.01775	0.01953	0.01243	0.01953	0.01065	0.01775	0.01065	0.01420	0.02663	0.00355	0.69998	0.00710	0.00355	0.00888
21	0.01879	0.01902	0.02329	0.02017	0.02073	0.08872	0.01658	0.02076	0.01384	0.02042	0.01210	0.01844	0.01144	0.01324	0.02304	0.00327	0.57636	0.00695	0.06402	0.00882
22	0.01981	0.46091	0.20780	0.01717	0.02467	0.02777	0.01859	0.02413	0.01620	0.02089	0.01208	0.01464	0.01040	0.00796	0.00828	0.00216	0.08730	0.00509	0.00347	0.01066
23	0.01148	0.00829	0.01085	0.01021	0.01212	0.00766	0.00766	0.01531	0.02297	0.03254	0.65994	0.06061	0.07656	0.01659	0.00957	0.00255	0.00383	0.01467	0.00893	0.00766
24	0.01139	0.00822	0.01076	0.01027	0.01210	0.00759	0.00765	0.01507	0.02252	0.03182	0.62259	0.10000	0.07517	0.01712	0.00962	0.00260	0.00388	0.01518	0.00885	0.00759
25	0.04794	0.01606	0.02456	0.05780	0.05285	0.01673	0.14741	0.07060	0.01815	0.02769	0.01698	0.02147	0.01371	0.01066	0.03553	0.00275	0.11764	0.00725	0.13780	0.15642
26	0.01738	0.01713	0.02390	0.02049	0.02085	0.02350	0.01702	0.01929	0.01264	0.01977	0.01140	0.01847	0.01122	0.01638	0.06106	0.00397	0.63578	0.00709	0.00364	0.03901
27	0.00959	0.00822	0.00822	0.00822	0.01096	0.00685	0.00617	0.01165	0.01850	0.02192	0.08220	0.07809	0.66092	0.02055	0.00959	0.00274	0.00411	0.01713	0.00754	0.00685
28	0.01159	0.00869	0.01304	0.01304	0.01449	0.01014	0.01014	0.01449	0.01304	0.01884	0.02173	0.03188	0.02029	0.06086	0.68268	0.01304	0.02173	0.00869	0.00435	0.00724
29	0.01532	0.01442	0.02434	0.69533	0.05589	0.01803	0.02253	0.02073	0.01622	0.02073	0.01442	0.02163	0.01082	0.00811	0.00811	0.00270	0.01082	0.00721	0.00361	0.00901
30	0.03615	0.01423	0.01909	0.01463	0.02092	0.01255	0.01209	0.06750	0.02392	0.64090	0.03143	0.02724	0.01979	0.01003	0.00816	0.00251	0.00700	0.00812	0.00995	0.01381
31	0.00983	0.00827	0.00856	0.00861	0.01127	0.00700	0.00654	0.01204	0.01872	0.02253	0.10806	0.07784	0.60638	0.02044	0.00966	0.00277	0.00424	0.04272	0.00760	0.00692
32	0.28567	0.01445	0.01649	0.01316	0.01901	0.01405	0.01086	0.03423	0.02003	0.45523	0.02499	0.02273	0.01626	0.00919	0.00710	0.00251	0.00669	0.00688	0.00834	0.01211
33	0.03085	0.02273	0.02435	0.01867	0.02516	0.02516	0.01542	0.63716	0.03815	0.05114	0.01948	0.01948	0.01380	0.00974	0.00812	0.00244	0.00893	0.00731	0.00812	0.01380
34	0.01577	0.01488	0.02514	0.63492	0.11281	0.01814	0.02276	0.02112	0.01644	0.02127	0.01450	0.02149	0.01101	0.00803	0.00811	0.00268	0.01071	0.00721	0.00364	0.00937
35	0.01775	0.01775	0.02485	0.02130	0.02130	0.02485	0.01775	0.01953	0.01243	0.01953	0.01065	0.01775	0.01065	0.01420	0.02663	0.00355	0.69998	0.00710	0.00355	0.00888
36	0.00999	0.00733	0.00938	0.01079	0.01169	0.00672	0.00736	0.01171	0.01660	0.02194	0.10534	0.56605	0.13735	0.02397	0.01018	0.00315	0.00455	0.02151	0.00766	0.00672
37	0.01683	0.01442	0.01683	0.01202	0.01923	0.01082	0.00961	0.02043	0.01683	0.02644	0.01442	0.01683	0.01202	0.00601	0.00601	0.00120	0.00601	0.00481	0.00481	0.76444
38	0.01480	0.01069	0.01544	0.01484	0.01732	0.01049	0.05662	0.01850	0.04495	0.07820	0.04003	0.29832	0.07773	0.01968	0.01082	0.00319	0.03960	0.18433	0.00721	0.03723
39	0.02466	0.05877	0.03016	0.03431	0.33068	0.12734	0.04644	0.19134	0.02443	0.03170	0.01582	0.01877	0.01258	0.00806	0.00786	0.00235	0.01037	0.00689	0.00513	0.01235
40	0.19713	0.08321	0.02244	0.01952	0.05490	0.45001	0.01445	0.02948	0.02020	0.02388	0.01230	0.01446	0.01019	0.00801	0.00668	0.00218	0.01205	0.00507	0.00431	0.00952
41	0.00991	0.00823	0.00867	0.00856	0.01116	0.00699	0.00642	0.01227	0.01926	0.02374	0.18099	0.07510	0.56100	0.01987	0.00959	0.00271	0.00406	0.01671	0.00777	0.00699
42	0.01953	0.01882	0.03226	0.09514	0.55929	0.01885	0.05311	0.02444	0.01826	0.02605	0.01522	0.02013	0.01264	0.00722	0.00802	0.00239	0.00975	0.00723	0.00403	0.04763
43	0.01228	0.00877	0.01216	0.01403	0.01555	0.00865	0.01169	0.01543	0.01789	0.02339	0.04340	0.24587	0.04844	0.02317	0.01100	0.00363	0.00678	0.46312	0.00749	0.00725
44	0.01122	0.00828	0.01048	0.00993	0.01196	0.00754	0.00745	0.01480	0.02234	0.03104	0.57858	0.06307	0.15885	0.01715	0.00957	0.00258	0.00387	0.01502	0.00874	0.00754
45	0.01775	0.01775	0.02485	0.02130	0.02130	0.02485	0.01775	0.01953	0.01243	0.01953	0.01065	0.01775	0.01065	0.01420	0.02663	0.00355	0.69998	0.00710	0.00355	0.00888
46	0.00989	0.00706	0.00942	0.01130	0.01177	0.00659	0.00753	0.01130	0.01554	0.02071	0.04472	0.70954	0.05367	0.02542	0.01036	0.00330	0.00471	0.02307	0.00753	0.00659
47	0.02169	0.71972	0.04252	0.01388	0.02083	0.03211	0.01388	0.02430	0.01649	0.01909	0.01128	0.01302	0.01041	0.00694	0.00521	0.00174	0.00868	0.00434	0.00347	0.01041
48	0.03085	0.02273	0.02435	0.01867	0.02516	0.02516	0.01542	0.63716	0.03815	0.05114	0.01948	0.01948	0.01380	0.00974	0.00812	0.00244	0.00893	0.00731	0.00812	0.01380
49	0.01775	0.01775	0.02485	0.02130	0.02130	0.02485	0.01775	0.01953	0.01243	0.01953	0.01065	0.01775	0.01065	0.01420	0.02663	0.00355	0.69998	0.00710	0.00355	0.00888
50	0.01683	0.01442	0.01683	0.01202	0.01923	0.01082	0.00961	0.02043	0.01683	0.02644	0.01442	0.01683	0.01202	0.00601	0.00601	0.00120	0.00601	0.00481	0.00481	0.76444
51	0.02169	0.71972	0.04252	0.01388	0.02083	0.03211	0.01388	0.02430	0.01649	0.01909	0.01128	0.01302	0.01041	0.00694	0.00521	0.00174	0.00868	0.00434	0.00347	0.01041
52	0.01006	0.00718	0.00961	0.01149	0.01204	0.00674	0.00783	0.01159	0.01570	0.02091	0.04463	0.67632	0.05329	0.02526	0.01040	0.00332	0.00486	0.05459	0.00753	0.00664
53	0.00989	0.00706	0.00942	0.01130	0.01177	0.00659	0.00753	0.01130	0.01554	0.02071	0.04472	0.70954	0.05367	0.02542	0.01036	0.00330	0.00471	0.02307	0.00753	0.00659
54	0.00959	0.00822	0.00822	0.00822	0.01096	0.00685	0.00617	0.01165	0.01850	0.02192	0.08220	0.07809	0.66092	0.02055	0.00959	0.00274	0.00411	0.01713	0.00754	0.00685
55	0.01855	0.01476	0.01728	0.01245	0.01958	0.01153	0.01001	0.04942	0.01815	0.06349	0.01563	0.01755	0.01255	0.00640	0.00622	0.00133	0.00619	0.00511	0.00525	0.68853
56	0.01148	0.00829	0.01085	0.01021	0.01212	0.00766	0.00766	0.01531	0.02297	0.03254	0.65994	0.06061	0.07656	0.01659	0.00957	0.00255	0.00383	0.01467	0.00893	0.00766
57	0.02993	0.03710	0.02345	0.02193	0.05029	0.62295	0.01603	0.06263	0.02358	0.02170	0.01300	0.01509	0.01072	0.00839	0.00739	0.00212	0.01415	0.00541	0.00437	0.00976
58	0.01288	0.00920	0.01285	0.01472	0.01650	0.00917	0.01273	0.01647	0.01848	0.02406	0.04307	0.12975	0.04713	0.02260	0.01116	0.00371	0.00730	0.57333	0.00748	0.00742
59	0.02212	0.01662	0.01875	0.01398	0.02059	0.01525	0.01134	0.21836	0.02395	0.06466	0.01761	0.01901	0.01351	0.00760	0.00676	0.00170	0.00685	0.00593	0.05281	0.44259
60	0.03641	0.01381	0.01883	0.01444	0.02071	0.01193	0.01193	0.03954	0.02322	0.66984	0.03201	0.02762	0.02009	0.01004	0.00816	0.00251	0.00690	0.00816	0.01004	0.01381
61	0.02127	0.64973	0.04021	0.01517	0.04934	0.03021	0.01394	0.02403	0.01661	0.02003	0.01228	0.01426	0.01108	0.00709	0.00536	0.00177	0.00846	0.00464	0.04415	0.01037
62	0.02078	0.01686	0.01799	0.01607	0.02069	0.01917	0.01253	0.04170	0.58683	0.07281	0.03483	0.03193	0.04866	0.01131	0.00830	0.00274	0.00636	0.00941	0.00834	0.01268
63	0.01148	0.00829	0.01085	0.01021	0.01212	0.00766	0.00766	0.01531	0.02297	0.03254	0.65994	0.06061	0.07656	0.01659	0.00957	0.00255	0.00383	0.01467	0.00893	0.00766
64	0.01178	0.00793	0.00919	0.00919	0.00930	0.00805	0.00534	0.01202	0.01190	0.01598	0.02526	0.05139	0.02876	0.66209	0.09303	0.00828	0.00899	0.01155	0.00487	0.00510
65	0.02136	0.67780	0.08150	0.01446	0.02171	0.03129	0.01488	0.02438	0.01653	0.01950	0.01148	0.01327	0.01040	0.00699	0.00536	0.00179	0.00888	0.00444	0.00347	0.01051
66	0.02008	0.01928	0.03294	0.04981	0.66422	0.01928	0.02490	0.02490	0.01848	0.02651	0.01526	0.02008	0.01285	0.00723	0.00803	0.00241	0.00964	0.00723	0.00402	0.01285
67	0.01755	0.20205	0.52392	0.02094	0.03174	0.02198	0.02618	0.02537	0.01698	0.02414	0.01379	0.01616	0.01031	0.00753	0.00712	0.00237	0.01121	0.00560	0.00344	0.01162
68	0.02367	0.01906	0.06592	0.03408	0.36274	0.01770	0.02006	0.03157	0.13088	0.17752	0.02225	0.02346	0.01648	0.00858	0.00808	0.00250	0.00858	0.00771	0.00613	0.01302
69	0.00999	0.00711	0.00938	0.01116	0.01161	0.00666	0.00739	0.01133	0.01533	0.02044	0.04365	0.67288	0.05232	0.06392	0.01208	0.00355	0.00488	0.02244	0.00739	0.00650
70	0.01092	0.00750	0.00911	0.00997	0.01019	0.00728	0.00611	0.01157	0.01351	0.01801	0.03433	0.35351	0.04056	0.39933	0.02714	0.00577	0.00642	0.01696	0.00611	0.00568

[dist]
# distance from previous block
# <min> <max>
0	35

[block]
# block no. 1 follows, 23 sequences, length 95
# corresponding to MSA columns:
# 205-299
name=unknown_B
#
# <colnr> <probs for GDERKNQSTAVLIFYWHMCP>
#	G	D	E	R	K	N	Q	S	T	A	V	L	I	F	Y	W	H	M	C	P
0	0.05820	0.02134	0.02305	0.04815	0.02540	0.02371	0.01501	0.55542	0.03519	0.04818	0.01928	0.01986	0.01381	0.00957	0.00788	0.00242	0.00866	0.00720	0.04460	0.01308
1	0.01627	0.04197	0.67279	0.02313	0.03512	0.01884	0.02998	0.02570	0.01713	0.02570	0.01456	0.01713	0.01028	0.00771	0.00771	0.00257	0.01199	0.00600	0.00343	0.01199
2	0.00989	0.00706	0.00942	0.01130	0.01177	0.00659	0.00753	0.01130	0.01554	0.02071	0.04472	0.70954	0.05367	0.02542	0.01036	0.00330	0.00471	0.02307	0.00753	0.00659
3	0.03082	0.02347	0.02429	0.01877	0.02516	0.05591	0.01543	0.60886	0.03744	0.04967	0.01916	0.01925	0.01364	0.00968	0.00808	0.00242	0.00920	0.00721	0.00793	0.01359
4	0.00959	0.00822	0.00822	0.00822	0.01096	0.00685	0.00617	0.01165	0.01850	0.02192	0.08220	0.07809	0.66092	0.02055	0.00959	0.00274	0.00411	0.01713	0.00754	0.00685
5	0.01627	0.04197	0.67279	0.02313	0.03512	0.01884	0.02998	0.02570	0.01713	0.02570	0.01456	0.01713	0.01028	0.00771	0.00771	0.00257	0.01199	0.00600	0.00343	0.01199
6	0.03031	0.03867	0.02299	0.02090	0.02508	0.68226	0.01568	0.03240	0.02299	0.01986	0.01254	0.01463	0.01045	0.00836	0.00732	0.00209	0.01463	0.00523	0.00418	0.00941
7	0.01409	0.00705	0.01057	0.01057	0.01057	0.00705	0.00705	0.01057	0.01057	0.01409	0.01409	0.02467	0.01409	0.02819	0.03171	0.76392	0.00705	0.00705	0.00352	0.00352
8	0.00959	0.00822	0.00822	0.00822	0.01096	0.00685	0.00617	0.01165	0.01850	0.02192	0.08220	0.07809	0.66092	0.02055	0.00959	0.00274	0.00411	0.01713	0.00754	0.00685
9	0.01284	0.00927	0.01275	0.01450	0.01642	0.00917	0.01262	0.01647	0.01867	0.02413	0.04557	0.09063	0.08756	0.02229	0.01110	0.00367	0.00725	0.57019	0.00748	0.00743
10	0.01683	0.01442	0.01683	0.01202	0.01923	0.01082	0.00961	0.02043	0.01683	0.02644	0.01442	0.01683	0.01202	0.00601	0.00601	0.00120	0.00601	0.00481	0.00481	0.76444
11	0.01290	0.00928	0.01283	0.01460	0.01651	0.00921	0.01272	0.01655	0.01867	0.02416	0.04496	0.09085	0.07794	0.02232	0.01113	0.00369	0.00730	0.57947	0.00747	0.00744
12	0.01148	0.00829	0.01085	0.01021	0.01212	0.00766	0.00766	0.01531	0.02297	0.03254	0.65994	0.06061	0.07656	0.01659	0.00957	0.00255	0.00383	0.01467	0.00893	0.00766
13	0.01161	0.00862	0.01265	0.01265	0.01397	0.00993	0.00966	0.01424	0.01293	0.01855	0.02209	0.03383	0.02113	0.12113	0.62357	0.01256	0.02046	0.00898	0.00440	0.00703
14	0.03641	0.01381	0.01883	0.01444	0.02071	0.01193	0.01193	0.03954	0.02322	0.66984	0.03201	0.02762	0.02009	0.01004	0.00816	0.00251	0.00690	0.00816	0.01004	0.01381
15	0.77215	0.01569	0.01193	0.01067	0.01569	0.01820	0.00879	0.02385	0.01381	0.03641	0.01130	0.01318	0.00879	0.00753	0.00502	0.00251	0.00628	0.00439	0.00502	0.00879
16	0.01775	0.01775	0.02485	0.02130	0.02130	0.02485	0.01775	0.01953	0.01243	0.01953	0.01065	0.01775	0.01065	0.01420	0.02663	0.00355	0.69998	0.00710	0.00355	0.00888
17	0.01109	0.00805	0.01046	0.01033	0.01200	0.00742	0.00757	0.01438	0.02134	0.02980	0.51642	0.18678	0.09703	0.01846	0.00972	0.00270	0.00401	0.01640	0.00860	0.00742
18	0.03085	0.02273	0.02435	0.01867	0.02516	0.02516	0.01542	0.63716	0.03815	0.05114	0.01948	0.01948	0.01380	0.00974	0.00812	0.00244	0.00893	0.00731	0.00812	0.01380
19	0.01927	0.01560	0.01804	0.01564	0.01764	0.05155	0.01267	0.11953	0.01875	0.02835	0.01826	0.02297	0.01519	0.01401	0.05015	0.00322	0.27531	0.00728	0.26743	0.00916
20	0.01148	0.00835	0.01084	0.01036	0.01232	0.00771	0.00787	0.01522	0.02253	0.03159	0.59945	0.06309	0.10307	0.01709	0.00966	0.00262	0.00403	0.04633	0.00879	0.00761
21	0.02828	0.01203	0.01635	0.01356	0.01833	0.01063	0.01104	0.03151	0.02234	0.45876	0.14706	0.07450	0.03459	0.01321	0.00882	0.00268	0.00629	0.06882	0.00946	0.01171
22	0.01409	0.00705	0.01057	0.01057	0.01057	0.00705	0.00705	0.01057	0.01057	0.01409	0.01409	0.02467	0.01409	0.02819	0.03171	0.76392	0.00705	0.00705	0.00352	0.00352
23	0.00989	0.00706	0.00942	0.01130	0.01177	0.00659	0.00753	0.01130	0.01554	0.02071	0.04472	0.70954	0.05367	0.02542	0.01036	0.00330	0.00471	0.02307	0.00753	0.00659
24	0.01775	0.01775	0.02485	0.02130	0.02130	0.02485	0.01775	0.01953	0.01243	0.01953	0.01065	0.01775	0.01065	0.01420	0.02663	0.00355	0.69998	0.00710	0.00355	0.00888
25	0.01683	0.01442	0.01683	0.01202	0.01923	0.01082	0.00961	0.02043	0.01683	0.02644	0.01442	0.01683	0.01202	0.00601	0.00601	0.00120	0.00601	0.00481	0.00481	0.76444
26	0.01257	0.00941	0.01362	0.01333	0.01503	0.01091	0.01041	0.04616	0.01432	0.02048	0.02162	0.03125	0.01996	0.05826	0.64837	0.01250	0.02108	0.00862	0.00454	0.00758
27	0.01409	0.00705	0.01057	0.01057	0.01057	0.00705	0.00705	0.01057	0.01057	0.01409	0.01409	0.02467	0.01409	0.02819	0.03171	0.76392	0.00705	0.00705	0.00352	0.00352
28	0.03534	0.01552	0.01989	0.01525	0.02157	0.01447	0.01260	0.15426	0.02609	0.55107	0.02961	0.02606	0.01888	0.00998	0.00815	0.00250	0.00729	0.00800	0.00967	0.01381
29	0.01915	0.02189	0.04788	0.03420	0.04241	0.02052	0.63475	0.02599	0.01915	0.02599	0.01642	0.02189	0.01231	0.00684	0.00958	0.00274	0.01368	0.00958	0.00410	0.01094
30	0.01915	0.02189	0.04788	0.03420	0.04241	0.02052	0.63475	0.02599	0.01915	0.02599	0.01642	0.02189	0.01231	0.00684	0.00958	0.00274	0.01368	0.00958	0.00410	0.01094
31	0.00959	0.00822	0.00822	0.00822	0.01096	0.00685	0.00617	0.01165	0.01850	0.02192	0.08220	0.07809	0.66092	0.02055	0.00959	0.00274	0.00411	0.01713	0.00754	0.00685
32	0.01883	0.01698	0.02635	0.22710	0.24661	0.01834	0.05074	0.08514	0.08261	0.02761	0.01977	0.05671	0.01681	0.00954	0.00833	0.00260	0.00934	0.03337	0.00507	0.03816
33	0.01664	0.08706	0.63087	0.02251	0.03417	0.01973	0.02891	0.02560	0.01709	0.02526	0.01434	0.01686	0.01029	0.00766	0.00754	0.00251	0.01177	0.00589	0.00343	0.01189
34	0.77215	0.01569	0.01193	0.01067	0.01569	0.01820	0.00879	0.02385	0.01381	0.03641	0.01130	0.01318	0.00879	0.00753	0.00502	0.00251	0.00628	0.00439	0.00502	0.00879
35	0.01674	0.07314	0.58401	0.02309	0.03411	0.01985	0.05574	0.02536	0.01697	0.02510	0.01430	0.01717	0.01039	0.00793	0.00854	0.00258	0.04366	0.00613	0.00346	0.01172
36	0.01785	0.01803	0.02639	0.02216	0.02271	0.02457	0.05880	0.01996	0.01287	0.01996	0.01103	0.01803	0.01076	0.01371	0.02549	0.00350	0.65433	0.00727	0.00359	0.00901
37	0.02227	0.01924	0.02403	0.10800	0.09713	0.08404	0.07477	0.17796	0.08039	0.05616	0.02333	0.02893	0.03937	0.01247	0.03808	0.00304	0.01002	0.04984	0.03989	0.01105
38	0.01263	0.00900	0.01218	0.01373	0.01533	0.00893	0.01150	0.01571	0.01764	0.02293	0.04232	0.11459	0.06848	0.11158	0.01498	0.00421	0.00727	0.48277	0.00715	0.00708
39	0.02016	0.05146	0.01689	0.01382	0.01680	0.10726	0.01065	0.07866	0.08971	0.06789	0.04804	0.03240	0.05254	0.13579	0.01517	0.00338	0.07283	0.00870	0.14872	0.00913
40	0.01139	0.00829	0.01072	0.01011	0.01207	0.00762	0.00758	0.01513	0.02275	0.03202	0.63165	0.06147	0.10517	0.01678	0.00957	0.00256	0.00384	0.01479	0.00886	0.00762
41	0.77215	0.01569	0.01193	0.01067	0.01569	0.01820	0.00879	0.02385	0.01381	0.03641	0.01130	0.01318	0.00879	0.00753	0.00502	0.00251	0.00628	0.00439	0.00502	0.00879
42	0.01671	0.01584	0.02684	0.50749	0.23291	0.01839	0.02322	0.02195	0.01688	0.02241	0.01467	0.02118	0.01141	0.00786	0.00809	0.00262	0.01047	0.00722	0.00373	0.01013
43	0.02142	0.68579	0.07407	0.01435	0.02154	0.03144	0.01469	0.02437	0.01652	0.01942	0.01145	0.01322	0.01041	0.00698	0.00533	0.00178	0.00884	0.00442	0.00347	0.01049
44	0.02936	0.02225	0.02554	0.02298	0.11356	0.02435	0.01673	0.55247	0.03543	0.04773	0.01890	0.01956	0.01367	0.00939	0.00811	0.00243	0.00903	0.00730	0.00755	0.01367
45	0.03085	0.02273	0.02435	0.01867	0.02516	0.02516	0.01542	0.63716	0.03815	0.05114	0.01948	0.01948	0.01380	0.00974	0.00812	0.00244	0.00893	0.00731	0.00812	0.01380
46	0.02018	0.01743	0.01835	0.01651	0.02110	0.02018	0.01284	0.04312	0.64956	0.03394	0.03303	0.03027	0.02477	0.01101	0.00826	0.00275	0.00642	0.00917	0.00826	0.01284
47	0.05435	0.01862	0.01858	0.01657	0.02125	0.05153	0.01293	0.07150	0.56141	0.03425	0.03043	0.02824	0.02284	0.01067	0.00806	0.00269	0.00693	0.00868	0.00791	0.01255
48	0.02018	0.01743	0.01835	0.01651	0.02110	0.02018	0.01284	0.04312	0.64956	0.03394	0.03303	0.03027	0.02477	0.01101	0.00826	0.00275	0.00642	0.00917	0.00826	0.01284
49	0.00959	0.00822	0.00822	0.00822	0.01096	0.00685	0.00617	0.01165	0.01850	0.02192	0.08220	0.07809	0.66092	0.02055	0.00959	0.00274	0.00411	0.01713	0.00754	0.00685
50	0.01532	0.01442	0.02434	0.69533	0.05589	0.01803	0.02253	0.02073	0.01622	0.02073	0.01442	0.02163	0.01082	0.00811	0.00811	0.00270	0.01082	0.00721	0.00361	0.00901
51	0.01125	0.00812	0.01064	0.01037	0.01207	0.00750	0.00764	0.01474	0.02190	0.03084	0.57149	0.15390	0.07327	0.01786	0.00968	0.00266	0.00395	0.01588	0.00873	0.00750
52	0.02089	0.01778	0.01875	0.01666	0.02137	0.02051	0.01302	0.08263	0.60889	0.03509	0.03213	0.02956	0.02404	0.01092	0.00825	0.00273	0.00659	0.00905	0.00825	0.01291
53	0.03006	0.02197	0.02351	0.01811	0.02438	0.02428	0.01493	0.60621	0.03709	0.05009	0.01983	0.02002	0.01415	0.00973	0.00799	0.00241	0.00867	0.00732	0.04575	0.01349
54	0.02090	0.01793	0.02363	0.02843	0.25315	0.01948	0.01715	0.03638	0.39293	0.06061	0.02657	0.02647	0.02025	0.00960	0.00817	0.00262	0.00761	0.00843	0.00681	0.01289
55	0.02068	0.59320	0.16018	0.01561	0.02349	0.02963	0.01689	0.02456	0.01661	0.02032	0.01189	0.01378	0.01039	0.00709	0.00567	0.00189	0.00930	0.00465	0.00346	0.01071
56	0.02612	0.30134	0.03069	0.01777	0.02313	0.30235	0.01493	0.09780	0.04420	0.02360	0.01349	0.01524	0.01134	0.00830	0.00742	0.00208	0.04000	0.00534	0.00447	0.01040
57	0.01159	0.00869	0.01304	0.01304	0.01449	0.01014	0.01014	0.01449	0.01304	0.01884	0.02173	0.03188	0.02029	0.06086	0.68268	0.01304	0.02173	0.00869	0.00435	0.00724
58	0.01180	0.00787	0.00885	0.00885	0.00885	0.00787	0.00492	0.01180	0.01180	0.01573	0.02557	0.05310	0.02950	0.71483	0.04130	0.00787	0.00787	0.01180	0.00492	0.00492
59	0.00989	0.00706	0.00942	0.01130	0.01177	0.00659	0.00753	0.01130	0.01554	0.02071	0.04472	0.70954	0.05367	0.02542	0.01036	0.00330	0.00471	0.02307	0.00753	0.00659
60	0.03085	0.02273	0.02435	0.01867	0.02516	0.02516	0.01542	0.63716	0.03815	0.05114	0.01948	0.01948	0.01380	0.00974	0.00812	0.00244	0.00893	0.00731	0.00812	0.01380
61	0.02169	0.71972	0.04252	0.01388	0.02083	0.03211	0.01388	0.02430	0.01649	0.01909	0.01128	0.01302	0.01041	0.00694	0.00521	0.00174	0.00868	0.00434	0.00347	0.01041
62	0.61518	0.01529	0.01340	0.01147	0.01676	0.01686	0.00946	0.02720	0.01582	0.17155	0.01572	0.01626	0.01120	0.00807	0.00569	0.00251	0.00641	0.00520	0.00609	0.00986
63	0.00989	0.00706	0.00942	0.01130	0.01177	0.00659	0.00753	0.01130	0.01554	0.02071	0.04472	0.70954	0.05367	0.02542	0.01036	0.00330	0.00471	0.02307	0.00753	0.00659
64	0.01161	0.00864	0.01276	0.01276	0.01411	0.00999	0.00980	0.01431	0.01296	0.01863	0.02199	0.03329	0.02090	0.10436	0.64001	0.01270	0.02081	0.00890	0.00438	0.00709
65	0.01148	0.00829	0.01085	0.01021	0.01212	0.00766	0.00766	0.01531	0.02297	0.03254	0.65994	0.06061	0.07656	0.01659	0.00957	0.00255	0.00383	0.01467	0.00893	0.00766
66	0.01950	0.01395	0.01610	0.04625	0.01954	0.01272	0.01028	0.12145	0.02062	0.06087	0.01921	0.02151	0.01492	0.00781	0.00647	0.00172	0.00618	0.00621	0.20297	0.37172
67	0.01682	0.12408	0.30331	0.02285	0.09074	0.01909	0.06784	0.02365	0.04509	0.02469	0.04977	0.10673	0.01999	0.01056	0.00879	0.00259	0.03918	0.00890	0.00454	0.01080
68	0.05038	0.25094	0.38672	0.02014	0.02950	0.02334	0.05194	0.02490	0.01666	0.02380	0.01329	0.01593	0.01037	0.00773	0.00781	0.00236	0.04386	0.00563	0.00355	0.01116
69	0.01846	0.02052	0.04260	0.03117	0.03781	0.02039	0.51456	0.02430	0.01801	0.02480	0.01710	0.05776	0.01427	0.00886	0.01202	0.00288	0.10990	0.00994	0.00421	0.01042
70	0.00989	0.00706	0.00942	0.01130	0.01177	0.00659	0.00753	0.01130	0.01554	0.02071	0.04472	0.70954	0.05367	0.02542	0.01036	0.00330	0.00471	0.02307	0.00753	0.00659
71	0.01597	0.04033	0.64154	0.02257	0.03402	0.01827	0.02892	0.02502	0.01706	0.02546	0.01598	0.04975	0.01232	0.00854	0.00783	0.00260	0.01165	0.00680	0.00362	0.01174
72	0.02772	0.09988	0.05909	0.02101	0.02584	0.52816	0.04530	0.03044	0.02144	0.02036	0.01263	0.01509	0.01054	0.00839	0.00811	0.00218	0.04463	0.00547	0.00405	0.00968
73	0.02524	0.02040	0.05505	0.01811	0.05603	0.01924	0.01459	0.34562	0.02842	0.06948	0.01795	0.01891	0.01328	0.00831	0.00741	0.00204	0.00807	0.00646	0.00668	0.25872
74	0.02008	0.01928	0.03294	0.04981	0.66422	0.01928	0.02490	0.02490	0.01848	0.02651	0.01526	0.02008	0.01285	0.00723	0.00803	0.00241	0.00964	0.00723	0.00402	0.01285
75	0.01690	0.01681	0.07024	0.05077	0.02321	0.01314	0.04156	0.04992	0.01767	0.02647	0.01733	0.07944	0.01559	0.00853	0.00771	0.00180	0.03409	0.00709	0.00496	0.49679
76	0.01028	0.00723	0.00930	0.01080	0.01118	0.00685	0.00700	0.01140	0.01478	0.01970	0.04083	0.57605	0.04875	0.16562	0.01665	0.00422	0.00535	0.02078	0.00700	0.00625
77	0.07439	0.01641	0.02487	0.30199	0.06943	0.01981	0.07074	0.04642	0.05862	0.02449	0.01781	0.02291	0.03906	0.01007	0.01226	0.00286	0.16602	0.00772	0.00441	0.00967
78	0.00989	0.00706	0.00942	0.01130	0.01177	0.00659	0.00753	0.01130	0.01554	0.02071	0.04472	0.70954	0.05367	0.02542	0.01036	0.00330	0.00471	0.02307	0.00753	0.00659
79	0.05570	0.05361	0.02411	0.11328	0.02850	0.26798	0.01641	0.22052	0.02524	0.03047	0.01472	0.01732	0.01152	0.00924	0.00936	0.00243	0.07733	0.00627	0.00529	0.01071
80	0.01138	0.00829	0.01071	0.01010	0.01206	0.00761	0.00758	0.01512	0.02273	0.03198	0.62931	0.06154	0.10754	0.01680	0.00957	0.00256	0.00384	0.01480	0.00886	0.00761
81	0.01082	0.00828	0.00996	0.00976	0.01193	0.00741	0.00739	0.01392	0.02087	0.02785	0.39741	0.09100	0.28651	0.01863	0.00969	0.00271	0.00415	0.04611	0.00830	0.00732
82	0.01710	0.01673	0.02689	0.45295	0.19779	0.04729	0.05165	0.02213	0.01718	0.02233	0.01580	0.04746	0.01301	0.00852	0.00822	0.00263	0.01061	0.00785	0.00390	0.00995
83	0.01148	0.00829	0.01085	0.01021	0.01212	0.00766	0.00766	0.01531	0.02297	0.03254	0.65994	0.06061	0.07656	0.01659	0.00957	0.00255	0.00383	0.01467	0.00893	0.00766
84	0.02490	0.23788	0.02942	0.01881	0.02351	0.35661	0.04344	0.02733	0.01958	0.01998	0.01570	0.01803	0.04363	0.00908	0.00885	0.00219	0.08143	0.00596	0.00407	0.00960
85	0.01776	0.01497	0.01733	0.01246	0.01962	0.01177	0.01000	0.06146	0.01824	0.02808	0.01476	0.01700	0.01214	0.00626	0.00615	0.00128	0.00620	0.00497	0.00503	0.71450
86	0.01347	0.00873	0.01125	0.01044	0.01277	0.00792	0.00789	0.01698	0.02229	0.08806	0.52545	0.08344	0.12680	0.01671	0.00948	0.00259	0.00416	0.01464	0.00885	0.00809
87	0.05292	0.07902	0.11526	0.05702	0.28177	0.04654	0.04907	0.02464	0.01807	0.05050	0.04388	0.02044	0.01490	0.00801	0.00822	0.00233	0.03422	0.00687	0.00444	0.08188
88	0.05761	0.04720	0.01939	0.04290	0.02173	0.05061	0.01212	0.13536	0.13751	0.08659	0.02076	0.02145	0.01567	0.00850	0.00702	0.00206	0.00727	0.00662	0.06347	0.23616
89	0.14709	0.01782	0.02087	0.04094	0.05546	0.01871	0.03913	0.25760	0.04509	0.12379	0.01980	0.02066	0.01432	0.00879	0.00730	0.00233	0.00779	0.00688	0.06392	0.08170
90	0.01899	0.01751	0.02638	0.02103	0.02429	0.02047	0.13614	0.08194	0.05064	0.02570	0.01540	0.02050	0.01301	0.01181	0.01752	0.04159	0.31738	0.00754	0.05478	0.07739
91	0.11405	0.06349	0.02249	0.07140	0.10900	0.01904	0.03665	0.16042	0.10826	0.06339	0.04392	0.08080	0.02020	0.01046	0.00774	0.00253	0.00780	0.00871	0.03850	0.01115
92	0.02337	0.02078	0.07725	0.06830	0.05893	0.04674	0.04713	0.23994	0.05328	0.07676	0.02017	0.05393	0.01620	0.03884	0.00931	0.00257	0.00892	0.00791	0.00630	0.12336
93	0.01764	0.06721	0.05303	0.04686	0.07595	0.01416	0.04295	0.02254	0.07023	0.11240	0.09083	0.25692	0.03419	0.01527	0.00967	0.00280	0.03751	0.01339	0.00674	0.00972
94	0.05469	0.04971	0.11420	0.07603	0.08034	0.01793	0.01640	0.05861	0.21424	0.02922	0.02271	0.05545	0.01876	0.00988	0.00772	0.00245	0.00798	0.03094	0.00585	0.12688

[dist]
# distance from previous block
# <min> <max>
1	7

[block]
# block no. 2 follows, 23 sequences, length 17
# corresponding to MSA columns:
# 307-323
name=unknown_C
#
# <colnr> <probs for GDERKNQSTAVLIFYWHMCP>
#	G	D	E	R	K	N	Q	S	T	A	V	L	I	F	Y	W	H	M	C	P
0	0.02062	0.09865	0.07809	0.01604	0.02165	0.10211	0.01384	0.10023	0.20536	0.02911	0.02737	0.06529	0.07279	0.01080	0.00769	0.00234	0.00814	0.00857	0.00624	0.10507
1	0.21405	0.14329	0.13443	0.01565	0.02156	0.01926	0.04630	0.02446	0.05795	0.05474	0.12985	0.02467	0.02317	0.00974	0.00814	0.00248	0.04742	0.00737	0.00545	0.01000
2	0.07826	0.02093	0.08645	0.12667	0.05023	0.09144	0.07050	0.02806	0.13759	0.05658	0.04918	0.02331	0.01737	0.00922	0.00878	0.00252	0.04759	0.00750	0.03409	0.05374
3	0.06100	0.01226	0.01386	0.04459	0.01681	0.01322	0.00978	0.11448	0.08361	0.02992	0.02458	0.05827	0.04305	0.01355	0.01150	0.12088	0.02859	0.00834	0.24751	0.04419
4	0.11923	0.01534	0.01665	0.01415	0.01836	0.01631	0.01097	0.22325	0.08216	0.10625	0.02614	0.14515	0.02387	0.10668	0.01250	0.00332	0.00716	0.01047	0.00731	0.03473
5	0.02804	0.01358	0.01743	0.04138	0.02037	0.01301	0.01163	0.10179	0.05620	0.38111	0.12091	0.06276	0.02897	0.01160	0.00832	0.00253	0.00655	0.00967	0.05217	0.01199
6	0.02008	0.01928	0.03294	0.04981	0.66422	0.01928	0.02490	0.02490	0.01848	0.02651	0.01526	0.02008	0.01285	0.00723	0.00803	0.00241	0.00964	0.00723	0.00402	0.01285
7	0.01718	0.01688	0.02660	0.37386	0.23643	0.04934	0.05019	0.02202	0.01758	0.02281	0.02062	0.02578	0.06847	0.00888	0.00825	0.00259	0.01018	0.00810	0.00413	0.01011
8	0.02394	0.01564	0.02030	0.05879	0.02378	0.01419	0.04411	0.12479	0.02197	0.19911	0.02139	0.05312	0.01632	0.00876	0.00744	0.00202	0.00736	0.00735	0.00673	0.32289
9	0.01708	0.01579	0.02646	0.41101	0.27915	0.01782	0.02233	0.02217	0.01711	0.02349	0.01551	0.02161	0.01222	0.00787	0.00793	0.00254	0.00993	0.00724	0.05240	0.01035
10	0.02064	0.01623	0.01776	0.04012	0.02116	0.01799	0.01240	0.13862	0.36921	0.06540	0.03724	0.07293	0.10936	0.01274	0.00852	0.00271	0.00663	0.01059	0.00801	0.01176
11	0.05378	0.20764	0.29840	0.01923	0.02800	0.05792	0.05534	0.02807	0.01833	0.13673	0.01663	0.01788	0.01209	0.00790	0.00712	0.00233	0.01026	0.00604	0.00474	0.01157
12	0.06408	0.01758	0.07177	0.01813	0.06243	0.03705	0.06966	0.13207	0.02186	0.09658	0.07619	0.08030	0.02298	0.01128	0.00873	0.03026	0.00777	0.00903	0.10910	0.05315
13	0.02612	0.04743	0.02428	0.08870	0.09315	0.17872	0.01649	0.24897	0.05752	0.05898	0.02044	0.02190	0.04302	0.00959	0.00840	0.00242	0.02897	0.00727	0.00608	0.01157
14	0.21067	0.05210	0.14864	0.05500	0.05375	0.07932	0.11122	0.05255	0.01804	0.02806	0.01946	0.07510	0.04384	0.00966	0.00752	0.00256	0.00966	0.00805	0.00478	0.01001
15	0.06618	0.15385	0.16176	0.01614	0.02326	0.06148	0.01588	0.07048	0.04604	0.15873	0.04225	0.02086	0.01603	0.00858	0.00704	0.00221	0.00859	0.00647	0.03344	0.08073
16	0.39636	0.11275	0.01828	0.04524	0.01939	0.07499	0.01096	0.02482	0.03763	0.06546	0.04016	0.05654	0.01569	0.00909	0.00620	0.00237	0.00738	0.00643	0.00534	0.04492

[dist]
# distance from previous block
# <min> <max>
6	26

[block]
# block no. 3 follows, 23 sequences, length 12
# corresponding to MSA columns:
# 350-361
name=unknown_D
#
# <colnr> <probs for GDERKNQSTAVLIFYWHMCP>
#	G	D	E	R	K	N	Q	S	T	A	V	L	I	F	Y	W	H	M	C	P
0	0.14000	0.26274	0.02632	0.01457	0.02016	0.05940	0.01271	0.15913	0.06066	0.05503	0.03904	0.02167	0.01631	0.00914	0.00663	0.00223	0.00801	0.02919	0.04629	0.01076
1	0.02475	0.01746	0.01981	0.04477	0.02292	0.01909	0.01359	0.26489	0.21721	0.11848	0.02857	0.09734	0.02331	0.01226	0.00853	0.00270	0.00750	0.03641	0.00813	0.01230
2	0.01679	0.01123	0.01399	0.01207	0.01568	0.01022	0.02543	0.07079	0.02018	0.09368	0.14538	0.17484	0.08556	0.03599	0.00936	0.00255	0.00556	0.01246	0.08874	0.14950
3	0.01967	0.02233	0.08870	0.07845	0.09745	0.05553	0.31106	0.08658	0.02034	0.02721	0.01844	0.08114	0.01573	0.00926	0.00944	0.00269	0.03088	0.00953	0.00470	0.01084
4	0.01721	0.01435	0.01669	0.01244	0.01897	0.01147	0.00985	0.06467	0.01827	0.02772	0.01760	0.08122	0.01601	0.00808	0.00657	0.00149	0.00610	0.00668	0.00530	0.63932
5	0.02601	0.01520	0.04406	0.01539	0.02167	0.01247	0.05718	0.03064	0.05236	0.33802	0.02676	0.08515	0.02027	0.01008	0.00788	0.00227	0.00713	0.00868	0.00766	0.21112
6	0.17884	0.16393	0.34433	0.01802	0.02681	0.02139	0.02063	0.02681	0.08070	0.02755	0.01512	0.01684	0.01146	0.00786	0.00671	0.00242	0.00957	0.00566	0.00427	0.01109
7	0.54703	0.11773	0.01704	0.01159	0.01669	0.01967	0.00983	0.06084	0.01654	0.03444	0.07191	0.01794	0.01561	0.00842	0.00566	0.00240	0.00656	0.00552	0.00535	0.00923
8	0.10405	0.02074	0.02263	0.08017	0.02669	0.02293	0.01506	0.48054	0.03236	0.04534	0.01788	0.01888	0.01291	0.00914	0.00767	0.00239	0.00866	0.00685	0.00719	0.05793
9	0.02325	0.09975	0.02285	0.07637	0.06476	0.15293	0.01424	0.15963	0.04552	0.04938	0.05477	0.02380	0.03908	0.00939	0.00738	0.00221	0.00897	0.00724	0.08259	0.05590
10	0.02241	0.01750	0.01752	0.05673	0.02113	0.12210	0.01220	0.09863	0.12200	0.13483	0.16119	0.06835	0.05665	0.01302	0.00937	0.03069	0.00769	0.01014	0.00749	0.01032
11	0.10062	0.02182	0.04138	0.06327	0.08505	0.09875	0.08225	0.19251	0.06558	0.06025	0.01751	0.01940	0.01315	0.00833	0.00761	0.00233	0.00953	0.00683	0.00584	0.09799

[dist]
# distance from previous block
# <min> <max>
4	23

[block]
# block no. 4 follows, 23 sequences, length 65
# corresponding to MSA columns:
# 386-450
name=unknown_E
#
# <colnr> <probs for GDERKNQSTAVLIFYWHMCP>
#	G	D	E	R	K	N	Q	S	T	A	V	L	I	F	Y	W	H	M	C	P
0	0.12127	0.24641	0.11791	0.02259	0.14781	0.04916	0.04370	0.02493	0.01784	0.05595	0.06761	0.02006	0.01668	0.00818	0.00685	0.00225	0.00897	0.00643	0.00460	0.01080
1	0.04566	0.21967	0.13759	0.01955	0.08240	0.04640	0.04568	0.02680	0.04417	0.11465	0.02048	0.02154	0.04820	0.00841	0.00703	0.00217	0.00885	0.00665	0.00510	0.08900
2	0.06421	0.30057	0.08492	0.04813	0.06001	0.08706	0.07103	0.02549	0.01786	0.07473	0.01840	0.02035	0.05056	0.00859	0.00762	0.00224	0.03677	0.00650	0.00450	0.01047
3	0.01868	0.16872	0.39599	0.02056	0.05909	0.01970	0.02275	0.02523	0.01758	0.08090	0.01996	0.05765	0.04084	0.00924	0.00749	0.00244	0.01005	0.00731	0.00444	0.01137
4	0.73127	0.05404	0.01359	0.01085	0.01597	0.01896	0.00907	0.02388	0.01396	0.03546	0.01130	0.01317	0.00888	0.00750	0.00503	0.00247	0.00641	0.00439	0.00494	0.00888
5	0.02957	0.02167	0.02332	0.01822	0.02444	0.02399	0.01494	0.53320	0.12213	0.07138	0.02181	0.02127	0.01555	0.00993	0.00814	0.00248	0.00851	0.00760	0.00821	0.01367
6	0.02141	0.01748	0.05335	0.01612	0.02114	0.01787	0.01334	0.03905	0.47127	0.12057	0.03465	0.03409	0.05459	0.01164	0.00840	0.00275	0.00673	0.03496	0.00817	0.01242
7	0.05493	0.09755	0.06116	0.01743	0.02394	0.04527	0.01514	0.35754	0.09077	0.12485	0.02077	0.02039	0.01484	0.00936	0.00766	0.00240	0.00866	0.00703	0.00738	0.01291
8	0.01458	0.05006	0.01879	0.01703	0.05612	0.01421	0.04146	0.04682	0.01516	0.02171	0.01969	0.02784	0.01784	0.04381	0.46021	0.00957	0.07445	0.00817	0.03408	0.00839
9	0.01329	0.00904	0.01097	0.01001	0.01272	0.00795	0.00755	0.01634	0.02081	0.08067	0.37392	0.06025	0.23672	0.05031	0.01080	0.00279	0.00448	0.01418	0.00820	0.04902
10	0.01327	0.00924	0.01173	0.01113	0.01331	0.00888	0.00832	0.01851	0.07974	0.06151	0.49250	0.14037	0.06613	0.01691	0.00948	0.00266	0.00433	0.01495	0.00874	0.00829
11	0.12117	0.09060	0.10889	0.02916	0.23893	0.11829	0.04311	0.08159	0.01975	0.02799	0.01413	0.01727	0.01139	0.00796	0.00802	0.00239	0.03739	0.00623	0.00441	0.01133
12	0.07822	0.01812	0.02377	0.40962	0.07589	0.05734	0.01953	0.16846	0.02176	0.02942	0.01532	0.02000	0.01146	0.00842	0.00783	0.00258	0.01017	0.00691	0.00484	0.01036
13	0.01004	0.00760	0.00930	0.01045	0.01178	0.00686	0.00737	0.01190	0.01703	0.02193	0.09116	0.44543	0.24502	0.02325	0.01011	0.00310	0.00460	0.04868	0.00761	0.00677
14	0.01911	0.01232	0.01466	0.01365	0.01662	0.01259	0.01024	0.15651	0.07507	0.11514	0.03580	0.38416	0.03675	0.01811	0.00922	0.00290	0.00604	0.01586	0.03556	0.00971
15	0.05909	0.01790	0.02044	0.04863	0.02355	0.01855	0.01336	0.29155	0.08424	0.16274	0.02282	0.04998	0.01703	0.00982	0.00778	0.00234	0.00767	0.00778	0.00763	0.12711
16	0.01148	0.00791	0.00981	0.00984	0.01090	0.00753	0.00667	0.01368	0.01786	0.02506	0.32244	0.16903	0.05504	0.23890	0.01957	0.00433	0.00526	0.01488	0.04321	0.00660
17	0.00980	0.00765	0.00891	0.00982	0.01140	0.00675	0.00690	0.01160	0.01718	0.02170	0.08404	0.39076	0.33898	0.02283	0.00997	0.00301	0.00440	0.01999	0.00758	0.00675
18	0.09875	0.06457	0.17463	0.02274	0.10457	0.04912	0.05225	0.16814	0.05215	0.03225	0.03822	0.02099	0.01504	0.03459	0.00955	0.00269	0.03593	0.00706	0.00531	0.01145
19	0.01783	0.02657	0.23680	0.02833	0.08729	0.01928	0.26638	0.02527	0.04279	0.02603	0.04344	0.02169	0.01482	0.00829	0.01006	0.00265	0.06788	0.00806	0.00424	0.04233
20	0.02286	0.01974	0.01939	0.01704	0.02185	0.08073	0.01332	0.10107	0.50472	0.06164	0.02977	0.02766	0.02217	0.01060	0.00815	0.00265	0.00744	0.00858	0.00795	0.01267
21	0.01971	0.47362	0.20604	0.01729	0.02541	0.02697	0.05291	0.02438	0.01708	0.02177	0.03952	0.01658	0.01325	0.00754	0.00629	0.00204	0.00962	0.00550	0.00372	0.01074
22	0.02366	0.01619	0.02117	0.01554	0.02251	0.01408	0.06639	0.11776	0.02171	0.17881	0.01942	0.02017	0.01418	0.00757	0.00714	0.00183	0.00733	0.00638	0.00645	0.41172
23	0.01163	0.00854	0.01228	0.01228	0.01347	0.00973	0.00920	0.01400	0.01282	0.01827	0.02243	0.03572	0.02195	0.17929	0.56653	0.01210	0.01922	0.00926	0.00445	0.00682
24	0.00984	0.00823	0.00857	0.00849	0.01112	0.00696	0.00636	0.01214	0.01909	0.02334	0.15965	0.07575	0.58259	0.02002	0.00959	0.00271	0.00407	0.01680	0.00772	0.00696
25	0.00989	0.00706	0.00942	0.01130	0.01177	0.00659	0.00753	0.01130	0.01554	0.02071	0.04472	0.70954	0.05367	0.02542	0.01036	0.00330	0.00471	0.02307	0.00753	0.00659
26	0.02169	0.71972	0.04252	0.01388	0.02083	0.03211	0.01388	0.02430	0.01649	0.01909	0.01128	0.01302	0.01041	0.00694	0.00521	0.00174	0.00868	0.00434	0.00347	0.01041
27	0.00959	0.00822	0.00822	0.00822	0.01096	0.00685	0.00617	0.01165	0.01850	0.02192	0.08220	0.07809	0.66092	0.02055	0.00959	0.00274	0.00411	0.01713	0.00754	0.00685
28	0.02169	0.71972	0.04252	0.01388	0.02083	0.03211	0.01388	0.02430	0.01649	0.01909	0.01128	0.01302	0.01041	0.00694	0.00521	0.00174	0.00868	0.00434	0.00347	0.01041
29	0.00989	0.00706	0.00942	0.01130	0.01177	0.00659	0.00753	0.01130	0.01554	0.02071	0.04472	0.70954	0.05367	0.02542	0.01036	0.00330	0.00471	0.02307	0.00753	0.00659
30	0.02169	0.71972	0.04252	0.01388	0.02083	0.03211	0.01388	0.02430	0.01649	0.01909	0.01128	0.01302	0.01041	0.00694	0.00521	0.00174	0.00868	0.00434	0.00347	0.01041
31	0.01180	0.00787	0.00885	0.00885	0.00885	0.00787	0.00492	0.01180	0.01180	0.01573	0.02557	0.05310	0.02950	0.71483	0.04130	0.00787	0.00787	0.01180	0.00492	0.00492
32	0.01180	0.00787	0.00885	0.00885	0.00885	0.00787	0.00492	0.01180	0.01180	0.01573	0.02557	0.05310	0.02950	0.71483	0.04130	0.00787	0.00787	0.01180	0.00492	0.00492
33	0.03085	0.02273	0.02435	0.01867	0.02516	0.02516	0.01542	0.63716	0.03815	0.05114	0.01948	0.01948	0.01380	0.00974	0.00812	0.00244	0.00893	0.00731	0.00812	0.01380
34	0.01513	0.00756	0.00756	0.00756	0.00945	0.00756	0.00567	0.01891	0.01702	0.03025	0.02647	0.03025	0.02080	0.00945	0.00567	0.00189	0.00378	0.00756	0.75988	0.00756
35	0.02008	0.01928	0.03294	0.04981	0.66422	0.01928	0.02490	0.02490	0.01848	0.02651	0.01526	0.02008	0.01285	0.00723	0.00803	0.00241	0.00964	0.00723	0.00402	0.01285
36	0.03031	0.03867	0.02299	0.02090	0.02508	0.68226	0.01568	0.03240	0.02299	0.01986	0.01254	0.01463	0.01045	0.00836	0.00732	0.00209	0.01463	0.00523	0.00418	0.00941
37	0.01683	0.01442	0.01683	0.01202	0.01923	0.01082	0.00961	0.02043	0.01683	0.02644	0.01442	0.01683	0.01202	0.00601	0.00601	0.00120	0.00601	0.00481	0.00481	0.76444
38	0.01180	0.00787	0.00885	0.00885	0.00885	0.00787	0.00492	0.01180	0.01180	0.01573	0.02557	0.05310	0.02950	0.71483	0.04130	0.00787	0.00787	0.01180	0.00492	0.00492
39	0.01981	0.01900	0.03245	0.08629	0.62984	0.01921	0.02477	0.02467	0.01835	0.02618	0.01522	0.02017	0.01274	0.00728	0.00804	0.00243	0.00971	0.00723	0.00399	0.01264
40	0.01729	0.16843	0.55519	0.02140	0.03245	0.02132	0.02698	0.02544	0.01701	0.02446	0.01395	0.01636	0.01030	0.00757	0.00724	0.00241	0.01137	0.00569	0.00343	0.01170
41	0.01075	0.00780	0.01032	0.01203	0.01310	0.00738	0.00895	0.01286	0.01668	0.02181	0.04762	0.48080	0.10663	0.02415	0.01052	0.00337	0.00542	0.18544	0.00752	0.00686
