[name]
unknown

[dist]
# distance from previous block
# <min> <max>
0	7

[block]
# block no. 0 follows, 22 sequences, length 15
# corresponding to MSA columns:
# 13-27
name=unknown_A
#
# <colnr> <probs for GDERKNQSTAVLIFYWHMCP>
#	G	D	E	R	K	N	Q	S	T	A	V	L	I	F	Y	W	H	M	C	P
0	0.34242	0.09004	0.11244	0.01505	0.02156	0.02028	0.01427	0.11806	0.04553	0.05616	0.01706	0.02128	0.01372	0.00913	0.00671	0.00253	0.00803	0.04169	0.00569	0.03838
1	0.17531	0.16993	0.22160	0.01825	0.02621	0.05052	0.06458	0.02721	0.01812	0.10297	0.04186	0.01920	0.01439	0.00831	0.00706	0.00242	0.00966	0.00632	0.00498	0.01110
2	0.02635	0.10114	0.06272	0.01721	0.02334	0.02190	0.01487	0.27501	0.15835	0.11918	0.02524	0.07552	0.01988	0.01108	0.00815	0.00257	0.00816	0.00882	0.00770	0.01283
3	0.03089	0.01567	0.01927	0.01497	0.02121	0.01464	0.01222	0.13262	0.07327	0.39510	0.03142	0.02870	0.05537	0.01040	0.00816	0.00242	0.00709	0.00838	0.00898	0.10924
4	0.11995	0.29771	0.15830	0.01850	0.06035	0.05118	0.01740	0.08300	0.01891	0.02686	0.01416	0.01682	0.01168	0.01200	0.05855	0.00308	0.01061	0.00564	0.00435	0.01095
5	0.01817	0.01479	0.02121	0.22435	0.10562	0.01582	0.01646	0.06931	0.05028	0.05984	0.02241	0.13288	0.02051	0.01355	0.03616	0.00302	0.03350	0.00986	0.00557	0.12668
6	0.01187	0.00890	0.01335	0.01335	0.01483	0.01038	0.01038	0.01483	0.01335	0.01928	0.02225	0.03264	0.02077	0.06231	0.67512	0.01335	0.02225	0.00890	0.00445	0.00742
7	0.02148	0.15908	0.38833	0.05564	0.03166	0.02094	0.02374	0.05528	0.01931	0.12405	0.01727	0.01878	0.01229	0.00823	0.00753	0.00247	0.01065	0.00630	0.00479	0.01219
8	0.01235	0.00810	0.01007	0.01007	0.01035	0.00837	0.00630	0.01242	0.01215	0.01647	0.02392	0.04658	0.02641	0.50116	0.15654	0.10732	0.01054	0.01086	0.00474	0.00528
9	0.02221	0.71304	0.04353	0.01421	0.02132	0.03287	0.01421	0.02488	0.01688	0.01955	0.01155	0.01333	0.01066	0.00711	0.00533	0.00178	0.00888	0.00444	0.00355	0.01066
10	0.03727	0.01414	0.01928	0.01478	0.02121	0.01221	0.01221	0.04049	0.02378	0.66198	0.03277	0.02828	0.02056	0.01028	0.00835	0.00257	0.00707	0.00835	0.01028	0.01414
11	0.01723	0.01477	0.01723	0.01230	0.01969	0.01107	0.00984	0.02092	0.01723	0.02707	0.01477	0.01723	0.01230	0.00615	0.00615	0.00123	0.00615	0.00492	0.00492	0.75883
12	0.02940	0.02124	0.02209	0.01749	0.02334	0.05320	0.01424	0.44370	0.08173	0.09381	0.02245	0.02240	0.01611	0.01000	0.00801	0.00245	0.00849	0.00762	0.08908	0.01315
13	0.01833	0.01937	0.06224	0.02138	0.02245	0.02434	0.01841	0.04550	0.01414	0.02168	0.01209	0.01894	0.01152	0.01638	0.05812	0.00402	0.59055	0.00730	0.00386	0.00940
14	0.01445	0.00911	0.01181	0.01078	0.01330	0.00826	0.00821	0.01815	0.02319	0.10239	0.53954	0.05967	0.11593	0.01655	0.00964	0.00262	0.00429	0.01447	0.00916	0.00848

[dist]
# distance from previous block
# <min> <max>
6	12

[block]
# block no. 1 follows, 22 sequences, length 12
# corresponding to MSA columns:
# 41-52
name=unknown_B
#
# <colnr> <probs for GDERKNQSTAVLIFYWHMCP>
#	G	D	E	R	K	N	Q	S	T	A	V	L	I	F	Y	W	H	M	C	P
0	0.02117	0.35712	0.31201	0.01839	0.02769	0.02506	0.02121	0.02693	0.01780	0.08136	0.01496	0.01653	0.01151	0.00774	0.00672	0.00222	0.01020	0.00554	0.00415	0.01168
1	0.11240	0.08927	0.02226	0.04681	0.02364	0.26794	0.01403	0.07754	0.16866	0.02791	0.01893	0.02137	0.01535	0.04851	0.00931	0.00271	0.01042	0.00676	0.00563	0.01055
2	0.02969	0.34914	0.03112	0.01494	0.02155	0.06464	0.01341	0.03257	0.02047	0.31431	0.02137	0.02029	0.01521	0.00866	0.00686	0.00216	0.00844	0.00630	0.00669	0.01219
3	0.02174	0.65651	0.09596	0.01501	0.02256	0.03173	0.01560	0.02500	0.01694	0.02012	0.01183	0.01368	0.01065	0.00717	0.00555	0.00185	0.00917	0.00459	0.00355	0.01080
4	0.05160	0.01982	0.06058	0.05797	0.17112	0.01900	0.21776	0.07567	0.02042	0.06299	0.02295	0.02948	0.05548	0.00998	0.01000	0.00278	0.04904	0.04680	0.00526	0.01131
5	0.01443	0.00722	0.01082	0.01082	0.01082	0.00722	0.00722	0.01082	0.01082	0.01443	0.01443	0.02525	0.01443	0.02886	0.03247	0.75830	0.00722	0.00722	0.00361	0.00361
6	0.01208	0.00805	0.00906	0.00906	0.00906	0.00805	0.00503	0.01208	0.01208	0.01611	0.02618	0.05436	0.03020	0.70804	0.04228	0.00805	0.00805	0.01208	0.00503	0.00503
7	0.05360	0.33459	0.33024	0.01850	0.02789	0.02487	0.02155	0.02631	0.01741	0.05603	0.01419	0.01605	0.01102	0.00766	0.00667	0.00225	0.01026	0.00543	0.00394	0.01152
8	0.01834	0.01914	0.10157	0.08176	0.08914	0.01670	0.19358	0.02328	0.01807	0.08265	0.02423	0.16442	0.02288	0.01270	0.01090	0.00295	0.06864	0.03322	0.00543	0.01038
9	0.01890	0.01793	0.02843	0.13090	0.09121	0.04586	0.16776	0.07777	0.01991	0.02724	0.05404	0.06453	0.02065	0.01126	0.01147	0.00285	0.10413	0.04271	0.05231	0.01014
10	0.03078	0.01664	0.01879	0.01530	0.02063	0.07405	0.01226	0.09947	0.05829	0.39609	0.10130	0.06693	0.02772	0.01177	0.00856	0.00258	0.00751	0.00964	0.00915	0.01255
11	0.13328	0.05971	0.15975	0.01580	0.02230	0.01613	0.01524	0.05102	0.06993	0.17867	0.02528	0.13362	0.02146	0.01164	0.00786	0.00262	0.00784	0.00946	0.00671	0.05167

[dist]
# distance from previous block
# <min> <max>
0	60

[block]
# block no. 2 follows, 22 sequences, length 18
# corresponding to MSA columns:
# 115-132
name=unknown_C
#
# <colnr> <probs for GDERKNQSTAVLIFYWHMCP>
#	G	D	E	R	K	N	Q	S	T	A	V	L	I	F	Y	W	H	M	C	P
0	0.02138	0.04977	0.02607	0.02720	0.20588	0.01875	0.06308	0.08095	0.18408	0.07437	0.02493	0.09394	0.02107	0.01064	0.00839	0.00257	0.00824	0.00956	0.00645	0.06270
1	0.05491	0.13659	0.06689	0.01583	0.02190	0.05116	0.01403	0.24316	0.02555	0.08073	0.01923	0.02074	0.01459	0.01153	0.04010	0.00276	0.00907	0.00668	0.10787	0.05667
2	0.01818	0.01454	0.01777	0.04733	0.02144	0.01358	0.02838	0.02694	0.17771	0.06713	0.08525	0.06348	0.04466	0.01037	0.00777	0.00213	0.00644	0.00885	0.00670	0.33137
3	0.01902	0.01548	0.01780	0.01343	0.01997	0.01321	0.01067	0.12685	0.02093	0.03091	0.01889	0.08862	0.01704	0.00888	0.00699	0.00167	0.00654	0.00731	0.00581	0.55000
4	0.02687	0.01955	0.02210	0.05513	0.02520	0.02052	0.01433	0.40466	0.03125	0.07979	0.02131	0.06885	0.01692	0.01035	0.00808	0.00235	0.00828	0.00821	0.00751	0.14874
5	0.03103	0.03959	0.02354	0.02140	0.02568	0.67469	0.01605	0.03317	0.02354	0.02033	0.01284	0.01498	0.01070	0.00856	0.00749	0.00214	0.01498	0.00535	0.00428	0.00963
6	0.01068	0.00853	0.00967	0.01008	0.01246	0.00753	0.00782	0.01323	0.01924	0.02396	0.13648	0.12807	0.43872	0.02131	0.01016	0.00301	0.00482	0.11919	0.00786	0.00719
7	0.01149	0.00848	0.01074	0.01018	0.01225	0.00773	0.00763	0.01517	0.02289	0.03184	0.57478	0.06448	0.15637	0.01753	0.00980	0.00264	0.00396	0.01536	0.00895	0.00773
8	0.02165	0.01824	0.02034	0.01957	0.07033	0.02064	0.01420	0.12054	0.48291	0.03593	0.03109	0.05974	0.02427	0.01148	0.00852	0.00277	0.00709	0.00964	0.00807	0.01299
9	0.03080	0.02288	0.02449	0.01896	0.02547	0.02540	0.01560	0.58676	0.08209	0.05110	0.02094	0.02073	0.01493	0.01007	0.00832	0.00252	0.00896	0.00762	0.00832	0.01406
10	0.01473	0.01207	0.09963	0.01257	0.01423	0.00885	0.01040	0.01292	0.01173	0.01604	0.01449	0.02421	0.01390	0.02601	0.02913	0.65572	0.00790	0.00707	0.00359	0.00478
11	0.57088	0.02017	0.10217	0.01348	0.01977	0.01894	0.01263	0.07178	0.01701	0.06924	0.01376	0.01530	0.01020	0.00804	0.00592	0.00257	0.00746	0.00515	0.00543	0.01010
12	0.06556	0.19080	0.05103	0.01689	0.02309	0.21217	0.01448	0.07323	0.02204	0.18675	0.01822	0.01846	0.01344	0.00854	0.00707	0.00218	0.01008	0.00601	0.00596	0.05401
13	0.13740	0.06234	0.15380	0.02570	0.18946	0.01955	0.01916	0.10717	0.04610	0.07060	0.07397	0.02296	0.01875	0.00906	0.00768	0.00251	0.00883	0.00736	0.00568	0.01190
14	0.02038	0.01657	0.02313	0.15568	0.17829	0.01725	0.01721	0.06254	0.14845	0.07803	0.06610	0.02603	0.02042	0.00924	0.00809	0.00243	0.00817	0.00805	0.00612	0.12784
15	0.02318	0.01793	0.02796	0.04114	0.02832	0.01758	0.18524	0.10963	0.06679	0.14081	0.06582	0.02536	0.01960	0.00933	0.00959	0.00248	0.04953	0.00849	0.00655	0.14467
16	0.12593	0.01677	0.02088	0.13363	0.07914	0.01787	0.01515	0.10085	0.14002	0.17870	0.02280	0.02334	0.01633	0.00921	0.00775	0.00254	0.00798	0.00743	0.00698	0.06672
17	0.12296	0.03700	0.02869	0.02122	0.02737	0.01665	0.24185	0.02781	0.05512	0.15567	0.09226	0.06198	0.02388	0.01006	0.00857	0.00264	0.00911	0.00972	0.00653	0.04090

[dist]
# distance from previous block
# <min> <max>
0	12

[block]
# block no. 3 follows, 22 sequences, length 16
# corresponding to MSA columns:
# 145-160
name=unknown_D
#
# <colnr> <probs for GDERKNQSTAVLIFYWHMCP>
#	G	D	E	R	K	N	Q	S	T	A	V	L	I	F	Y	W	H	M	C	P
0	0.14229	0.02302	0.13442	0.02355	0.08155	0.04200	0.15088	0.07200	0.04403	0.08371	0.01789	0.02073	0.01347	0.01169	0.05279	0.00325	0.01098	0.00728	0.00528	0.05917
1	0.01933	0.01757	0.02003	0.05587	0.02303	0.08144	0.04875	0.10750	0.05168	0.03023	0.13233	0.05199	0.05955	0.01112	0.00914	0.00228	0.04401	0.00914	0.00630	0.21871
2	0.02006	0.01591	0.01925	0.01568	0.05065	0.01407	0.01187	0.09881	0.02011	0.06498	0.01764	0.04938	0.01488	0.00832	0.00810	0.00176	0.04751	0.00654	0.00566	0.50880
3	0.07447	0.01398	0.01852	0.01438	0.02052	0.01234	0.01184	0.03848	0.02326	0.59970	0.06061	0.02908	0.02266	0.01046	0.00825	0.00257	0.00689	0.00846	0.00996	0.01357
4	0.01938	0.02169	0.04634	0.08402	0.08089	0.02075	0.54595	0.02615	0.01935	0.02625	0.01659	0.02228	0.01253	0.00712	0.00960	0.00278	0.01354	0.00948	0.00416	0.01118
5	0.01730	0.01533	0.02006	0.05713	0.02383	0.01228	0.05603	0.02136	0.01736	0.02666	0.01492	0.01792	0.01225	0.00635	0.00656	0.00144	0.00704	0.00544	0.00479	0.65595
6	0.01636	0.01407	0.02262	0.46739	0.04451	0.01657	0.05263	0.05273	0.01805	0.02468	0.01905	0.06687	0.01571	0.00967	0.00815	0.00267	0.00962	0.00862	0.12084	0.00921
7	0.01569	0.01477	0.02492	0.68808	0.05722	0.01846	0.02307	0.02123	0.01661	0.02123	0.01477	0.02215	0.01107	0.00831	0.00831	0.00277	0.01107	0.00738	0.00369	0.00923
8	0.01156	0.00842	0.01087	0.01039	0.01232	0.00773	0.00774	0.01524	0.02285	0.03204	0.58693	0.09606	0.11133	0.01769	0.00984	0.00266	0.00398	0.01561	0.00899	0.00773
9	0.02593	0.01901	0.02077	0.01691	0.02187	0.02073	0.01343	0.46240	0.03257	0.04362	0.02558	0.16015	0.02345	0.06022	0.01106	0.00305	0.00820	0.01105	0.00797	0.01202
10	0.02056	0.01974	0.03372	0.05099	0.65622	0.01974	0.02550	0.02550	0.01892	0.02714	0.01563	0.02056	0.01316	0.00740	0.00822	0.00247	0.00987	0.00740	0.00411	0.01316
11	0.01569	0.01477	0.02492	0.68808	0.05722	0.01846	0.02307	0.02123	0.01661	0.02123	0.01477	0.02215	0.01107	0.00831	0.00831	0.00277	0.01107	0.00738	0.00369	0.00923
12	0.01932	0.01812	0.02908	0.10365	0.45208	0.01762	0.02166	0.02403	0.01831	0.02655	0.01535	0.01995	0.01276	0.00720	0.00776	0.00221	0.00913	0.00683	0.00426	0.18413
13	0.12257	0.02565	0.26974	0.01738	0.02470	0.01698	0.01844	0.10378	0.05429	0.05785	0.15070	0.05372	0.02779	0.01100	0.00811	0.00264	0.00852	0.00886	0.00623	0.01105
14	0.05877	0.01650	0.09063	0.01661	0.02146	0.01388	0.05513	0.02531	0.12896	0.06349	0.12676	0.05063	0.03573	0.01440	0.00925	0.00292	0.00762	0.18890	0.00712	0.06593
15	0.05587	0.01863	0.05269	0.04580	0.11604	0.01762	0.01576	0.13319	0.12311	0.21167	0.02378	0.02354	0.01690	0.00919	0.00793	0.00243	0.00800	0.00753	0.00735	0.10299

[dist]
# distance from previous block
# <min> <max>
0	13

[block]
# block no. 4 follows, 22 sequences, length 8
# corresponding to MSA columns:
# 188-195
name=unknown_E
#
# <colnr> <probs for GDERKNQSTAVLIFYWHMCP>
#	G	D	E	R	K	N	Q	S	T	A	V	L	I	F	Y	W	H	M	C	P
0	0.02372	0.01752	0.02190	0.01657	0.02313	0.01667	0.06139	0.19890	0.06978	0.10907	0.06494	0.02387	0.01942	0.00893	0.00774	0.00209	0.00762	0.00748	0.00701	0.29226
1	0.12037	0.01763	0.02164	0.01709	0.02321	0.01816	0.05671	0.16224	0.14792	0.28753	0.02655	0.02484	0.01818	0.00986	0.00808	0.00262	0.00783	0.00801	0.00844	0.01310
2	0.02711	0.01717	0.05598	0.01684	0.02273	0.01594	0.04601	0.03856	0.25554	0.31172	0.07565	0.03081	0.02553	0.01083	0.00855	0.00268	0.00732	0.00918	0.00881	0.01306
3	0.01723	0.01477	0.01723	0.01230	0.01969	0.01107	0.00984	0.02092	0.01723	0.02707	0.01477	0.01723	0.01230	0.00615	0.00615	0.00123	0.00615	0.00492	0.00492	0.75883
4	0.01723	0.01477	0.01723	0.01230	0.01969	0.01107	0.00984	0.02092	0.01723	0.02707	0.01477	0.01723	0.01230	0.00615	0.00615	0.00123	0.00615	0.00492	0.00492	0.75883
5	0.01754	0.01417	0.01539	0.01368	0.01715	0.04833	0.01043	0.13492	0.07631	0.03295	0.23946	0.18751	0.04555	0.01555	0.00906	0.00260	0.00618	0.01341	0.00788	0.09192
6	0.01899	0.01766	0.02955	0.04356	0.53316	0.01758	0.02250	0.02372	0.01949	0.02773	0.09475	0.03074	0.02351	0.00966	0.00864	0.00258	0.00899	0.05010	0.00497	0.01213
7	0.01984	0.01900	0.03241	0.14561	0.56726	0.01955	0.02514	0.02486	0.01857	0.02626	0.01550	0.02080	0.01285	0.00754	0.00824	0.00251	0.01005	0.00740	0.00405	0.01258

[dist]
# distance from previous block
# <min> <max>
6	67

[block]
# block no. 5 follows, 22 sequences, length 10
# corresponding to MSA columns:
# 276-285
name=unknown_F
#
# <colnr> <probs for GDERKNQSTAVLIFYWHMCP>
#	G	D	E	R	K	N	Q	S	T	A	V	L	I	F	Y	W	H	M	C	P
0	0.01613	0.02325	0.19387	0.02538	0.03249	0.01646	0.29689	0.02220	0.01802	0.02498	0.02468	0.21719	0.02428	0.01271	0.00955	0.00292	0.01092	0.01285	0.00504	0.01019
1	0.01666	0.04297	0.66500	0.02368	0.03596	0.01929	0.03069	0.02631	0.01754	0.02631	0.01491	0.01754	0.01052	0.00789	0.00789	0.00263	0.01228	0.00614	0.00351	0.01228
2	0.01285	0.01096	0.01883	0.01736	0.01984	0.01039	0.14044	0.01599	0.01739	0.02315	0.03923	0.42590	0.04439	0.02131	0.01062	0.00335	0.00739	0.14576	0.00695	0.00789
3	0.01692	0.04114	0.61026	0.02469	0.03662	0.01945	0.08360	0.02634	0.01772	0.02634	0.01508	0.01797	0.01071	0.00781	0.00806	0.00265	0.01243	0.00646	0.00357	0.01218
4	0.01927	0.01685	0.02496	0.49158	0.04765	0.02058	0.02112	0.15027	0.02107	0.02775	0.01555	0.02136	0.01171	0.00917	0.00985	0.00278	0.06615	0.00739	0.00467	0.01026
5	0.01212	0.01042	0.01062	0.01022	0.01343	0.00992	0.00777	0.01877	0.15127	0.02506	0.07345	0.06954	0.51941	0.01896	0.00953	0.00281	0.00471	0.01580	0.00787	0.00832
6	0.01826	0.02627	0.27757	0.31502	0.09887	0.01839	0.02541	0.02517	0.01776	0.07591	0.01636	0.02069	0.01181	0.00822	0.00814	0.00267	0.01112	0.00697	0.00419	0.01118
7	0.02660	0.08212	0.02172	0.01729	0.04562	0.16257	0.01326	0.08984	0.07319	0.19422	0.15626	0.03027	0.02925	0.01098	0.00820	0.00242	0.00859	0.00872	0.00753	0.01137
8	0.01012	0.00723	0.00964	0.01157	0.01205	0.00675	0.00771	0.01157	0.01591	0.02121	0.04579	0.70262	0.05495	0.02603	0.01060	0.00337	0.00482	0.02362	0.00771	0.00675
9	0.02016	0.16928	0.04785	0.03059	0.03872	0.02353	0.49594	0.02624	0.01903	0.02511	0.01569	0.02048	0.01219	0.00703	0.00885	0.00258	0.01292	0.00866	0.00406	0.01109

[dist]
# distance from previous block
# <min> <max>
0	1

[block]
# block no. 6 follows, 22 sequences, length 24
# corresponding to MSA columns:
# 287-310
name=unknown_G
#
# <colnr> <probs for GDERKNQSTAVLIFYWHMCP>
#	G	D	E	R	K	N	Q	S	T	A	V	L	I	F	Y	W	H	M	C	P
0	0.01730	0.03852	0.53172	0.02613	0.03757	0.01966	0.15951	0.02637	0.01799	0.02637	0.01532	0.01859	0.01097	0.00770	0.00831	0.00267	0.01265	0.00693	0.00366	0.01205
1	0.01338	0.01654	0.15307	0.01372	0.01808	0.01112	0.01312	0.01977	0.06113	0.03189	0.47510	0.05047	0.06036	0.01466	0.00930	0.00263	0.00589	0.01275	0.00788	0.00913
2	0.02959	0.01247	0.01685	0.01421	0.01917	0.01115	0.01183	0.03301	0.02228	0.45507	0.05533	0.04376	0.02844	0.01320	0.00888	0.00279	0.00685	0.13661	0.06646	0.01204
3	0.01513	0.06453	0.17032	0.01673	0.02168	0.01502	0.04052	0.02359	0.15181	0.02546	0.03246	0.32221	0.03340	0.01652	0.00912	0.00295	0.00761	0.01459	0.00646	0.00988
4	0.01924	0.02013	0.03622	0.03316	0.16732	0.02252	0.25153	0.02371	0.01669	0.02406	0.01418	0.02031	0.01204	0.01012	0.01649	0.00306	0.28624	0.00826	0.00395	0.01078
5	0.01560	0.01419	0.02209	0.49022	0.04565	0.01597	0.01904	0.02042	0.01669	0.02249	0.01713	0.07303	0.01469	0.00919	0.00802	0.00248	0.00953	0.00809	0.00426	0.17123
6	0.01694	0.01553	0.02576	0.18324	0.35841	0.01625	0.02064	0.02121	0.01776	0.02445	0.02306	0.17133	0.02308	0.01224	0.00888	0.00278	0.00896	0.03388	0.00493	0.01068
7	0.01898	0.01843	0.03226	0.24565	0.42210	0.01945	0.07363	0.02427	0.01826	0.02528	0.01546	0.02120	0.01247	0.00765	0.00838	0.00259	0.01058	0.00759	0.00399	0.01179
8	0.19022	0.03450	0.02109	0.01913	0.02360	0.53274	0.01452	0.03128	0.02151	0.02400	0.01257	0.01466	0.01033	0.00838	0.00698	0.00223	0.01313	0.00517	0.00447	0.00949
9	0.01989	0.03871	0.52651	0.02269	0.03375	0.02069	0.02747	0.15661	0.02220	0.03194	0.01600	0.01806	0.01130	0.00834	0.00798	0.00260	0.01160	0.00643	0.00455	0.01268
10	0.03368	0.01494	0.01917	0.01524	0.02129	0.01404	0.01241	0.04128	0.15737	0.52626	0.03300	0.02886	0.02160	0.01050	0.00838	0.00262	0.00696	0.00858	0.00989	0.01392
11	0.03158	0.02327	0.02493	0.01911	0.02576	0.02576	0.01579	0.62852	0.03906	0.05236	0.01995	0.01995	0.01413	0.00997	0.00831	0.00249	0.00914	0.00748	0.00831	0.01413
12	0.01174	0.00867	0.01245	0.01243	0.01389	0.00951	0.00944	0.01469	0.01566	0.02231	0.16013	0.08213	0.03579	0.07775	0.46233	0.01017	0.01658	0.01129	0.00570	0.00736
13	0.01974	0.01890	0.03223	0.15864	0.55501	0.01952	0.02509	0.02477	0.01853	0.02614	0.01548	0.02083	0.01281	0.00755	0.00824	0.00252	0.01007	0.00740	0.00404	0.01249
14	0.03368	0.01494	0.01917	0.01524	0.02129	0.01404	0.01241	0.04128	0.15737	0.52626	0.03300	0.02886	0.02160	0.01050	0.00838	0.00262	0.00696	0.00858	0.00989	0.01392
15	0.03727	0.01414	0.01928	0.01478	0.02121	0.01221	0.01221	0.04049	0.02378	0.66198	0.03277	0.02828	0.02056	0.01028	0.00835	0.00257	0.00707	0.00835	0.01028	0.01414
16	0.01038	0.00772	0.00975	0.01126	0.01238	0.00709	0.00797	0.01221	0.01688	0.02184	0.05391	0.50719	0.18360	0.02464	0.01052	0.00330	0.00497	0.07979	0.00771	0.00689
17	0.03614	0.01389	0.01891	0.01459	0.02081	0.01202	0.01202	0.03938	0.02377	0.63395	0.06037	0.02978	0.02314	0.01058	0.00842	0.00257	0.00693	0.00865	0.01023	0.01386
18	0.70989	0.06927	0.01460	0.01118	0.01647	0.01972	0.00940	0.02445	0.01435	0.03592	0.01157	0.01348	0.00912	0.00767	0.00516	0.00251	0.00661	0.00449	0.00502	0.00912
19	0.02988	0.02859	0.02510	0.05027	0.07517	0.26136	0.01693	0.34032	0.03093	0.03747	0.01681	0.01828	0.01268	0.00919	0.00801	0.00237	0.01140	0.00669	0.00633	0.01221
20	0.01848	0.01770	0.03168	0.04308	0.03108	0.01597	0.29187	0.02356	0.01861	0.05087	0.04470	0.05636	0.01760	0.00848	0.00900	0.00229	0.03116	0.00879	0.00504	0.27369
21	0.01579	0.01345	0.01692	0.01310	0.01903	0.01056	0.03538	0.01913	0.01704	0.02578	0.02158	0.16602	0.02156	0.01050	0.00727	0.00176	0.00619	0.00918	0.00550	0.56426
22	0.01685	0.01287	0.01553	0.01197	0.01767	0.01017	0.00941	0.02048	0.01916	0.06839	0.17637	0.05551	0.03099	0.00989	0.00737	0.00174	0.00560	0.00838	0.00642	0.49523
23	0.02037	0.02090	0.06528	0.04963	0.62521	0.01972	0.02576	0.02554	0.01885	0.02710	0.01559	0.02041	0.01303	0.00743	0.00821	0.00248	0.00999	0.00734	0.00408	0.01311

[dist]
# distance from previous block
# <min> <max>
0	1

[block]
# block no. 7 follows, 22 sequences, length 23
# corresponding to MSA columns:
# 312-334
name=unknown_H
#
# <colnr> <probs for GDERKNQSTAVLIFYWHMCP>
#	G	D	E	R	K	N	Q	S	T	A	V	L	I	F	Y	W	H	M	C	P
0	0.02056	0.01974	0.03372	0.05099	0.65622	0.01974	0.02550	0.02550	0.01892	0.02714	0.01563	0.02056	0.01316	0.00740	0.00822	0.00247	0.00987	0.00740	0.00411	0.01316
1	0.01736	0.01351	0.02121	0.07379	0.02468	0.01368	0.10683	0.02194	0.04570	0.08917	0.03067	0.18234	0.03068	0.01584	0.01111	0.00305	0.06440	0.14686	0.00652	0.08066
2	0.01664	0.01020	0.01299	0.01179	0.01456	0.00970	0.00894	0.02200	0.08115	0.13392	0.43233	0.09410	0.06080	0.04041	0.01064	0.00287	0.00488	0.01385	0.00903	0.00919
3	0.01124	0.00833	0.01071	0.01210	0.01321	0.00794	0.00840	0.01429	0.05586	0.02248	0.04363	0.60383	0.05094	0.02411	0.01032	0.00327	0.00511	0.04753	0.00764	0.03907
4	0.02993	0.01959	0.02185	0.01702	0.02309	0.02072	0.01392	0.43105	0.03296	0.15604	0.02368	0.05682	0.01766	0.01065	0.00820	0.00246	0.00813	0.00835	0.04914	0.04877
5	0.02130	0.01579	0.01751	0.01542	0.01989	0.01722	0.01216	0.09121	0.37289	0.10233	0.11394	0.03952	0.07485	0.01291	0.00882	0.00278	0.00641	0.03440	0.00864	0.01203
6	0.02066	0.01785	0.01878	0.01691	0.02160	0.02066	0.01315	0.04414	0.64121	0.03475	0.03381	0.03099	0.02536	0.01127	0.00845	0.00282	0.00657	0.00939	0.00845	0.01315
7	0.01130	0.00847	0.01047	0.00997	0.01213	0.00764	0.00748	0.01479	0.02244	0.03075	0.51799	0.06627	0.21383	0.01794	0.00980	0.00266	0.00399	0.01562	0.00881	0.00764
8	0.01723	0.01477	0.01723	0.01230	0.01969	0.01107	0.00984	0.02092	0.01723	0.02707	0.01477	0.01723	0.01230	0.00615	0.00615	0.00123	0.00615	0.00492	0.00492	0.75883
9	0.01936	0.01961	0.06045	0.04422	0.51618	0.01843	0.05588	0.02448	0.01916	0.02725	0.05231	0.02785	0.01897	0.00900	0.00860	0.00259	0.00972	0.04897	0.00461	0.01234
10	0.01864	0.28154	0.44373	0.02031	0.03075	0.02413	0.02483	0.02580	0.01730	0.02390	0.01371	0.01604	0.01057	0.00761	0.00698	0.00233	0.01107	0.00553	0.00352	0.01170
11	0.01208	0.00805	0.00906	0.00906	0.00906	0.00805	0.00503	0.01208	0.01208	0.01611	0.02618	0.05436	0.03020	0.70804	0.04228	0.00805	0.00805	0.01208	0.00503	0.00503
12	0.02322	0.02480	0.02617	0.02223	0.02446	0.22286	0.05932	0.02557	0.01709	0.05471	0.01307	0.01803	0.01147	0.01196	0.01900	0.00306	0.40215	0.00692	0.00423	0.00967
13	0.01208	0.00805	0.00906	0.00906	0.00906	0.00805	0.00503	0.01208	0.01208	0.01611	0.02618	0.05436	0.03020	0.70804	0.04228	0.00805	0.00805	0.01208	0.00503	0.00503
14	0.02409	0.02221	0.02405	0.23334	0.08685	0.14752	0.01812	0.22064	0.02530	0.03187	0.01711	0.02153	0.01334	0.03589	0.00935	0.00270	0.01068	0.00722	0.03722	0.01100
15	0.02333	0.01917	0.02029	0.01745	0.02262	0.02191	0.01379	0.18693	0.49408	0.03905	0.03042	0.02829	0.02261	0.01095	0.00842	0.00274	0.00720	0.00892	0.00842	0.01339
16	0.02275	0.55764	0.10577	0.01611	0.02340	0.11300	0.01617	0.02608	0.01780	0.02035	0.01206	0.01398	0.01065	0.00737	0.00587	0.00191	0.01001	0.00473	0.00364	0.01070
17	0.12621	0.07119	0.05678	0.01718	0.02299	0.12480	0.01447	0.14422	0.20698	0.09999	0.02228	0.02184	0.01645	0.00955	0.00757	0.00251	0.00888	0.00711	0.00690	0.01210
18	0.01601	0.01540	0.02692	0.63373	0.05607	0.01867	0.07325	0.02167	0.01686	0.02167	0.01494	0.02217	0.01120	0.00820	0.00843	0.00277	0.01132	0.00758	0.00373	0.00939
19	0.01519	0.01067	0.01287	0.01228	0.01475	0.01052	0.00914	0.09437	0.05401	0.06039	0.24428	0.27898	0.11179	0.01903	0.00975	0.00289	0.00521	0.01670	0.00842	0.00875
20	0.02000	0.01917	0.03271	0.12395	0.58762	0.01959	0.02522	0.02501	0.01865	0.02646	0.01553	0.02074	0.01292	0.00751	0.00823	0.00250	0.01001	0.00740	0.00406	0.01271
21	0.03039	0.07847	0.05267	0.05083	0.02426	0.13722	0.01442	0.03549	0.07338	0.35032	0.05051	0.02534	0.01968	0.00984	0.00799	0.00246	0.00896	0.00767	0.00776	0.01234
22	0.07951	0.01909	0.02267	0.01801	0.02360	0.04475	0.05476	0.20359	0.10431	0.18007	0.02258	0.02291	0.01629	0.01176	0.03294	0.00296	0.06519	0.00766	0.00739	0.05998

[dist]
# distance from previous block
# <min> <max>
1	7

[block]
# block no. 8 follows, 22 sequences, length 15
# corresponding to MSA columns:
# 342-356
name=unknown_I
#
# <colnr> <probs for GDERKNQSTAVLIFYWHMCP>
#	G	D	E	R	K	N	Q	S	T	A	V	L	I	F	Y	W	H	M	C	P
0	0.05970	0.19860	0.07885	0.01821	0.02402	0.21970	0.04572	0.08701	0.06501	0.02650	0.01743	0.05235	0.01487	0.00930	0.00720	0.00228	0.01052	0.00692	0.04523	0.01059
1	0.07893	0.02033	0.02004	0.01644	0.02206	0.11385	0.01315	0.15810	0.13601	0.22720	0.05226	0.02500	0.01998	0.01005	0.00797	0.00247	0.00834	0.00777	0.00799	0.05207
2	0.03083	0.01978	0.02181	0.01704	0.02322	0.04478	0.01391	0.34300	0.06452	0.22222	0.05725	0.02482	0.01975	0.01025	0.00827	0.00246	0.00821	0.00802	0.00860	0.05127
3	0.01692	0.01823	0.06315	0.02456	0.05805	0.01969	0.17514	0.02096	0.01525	0.02222	0.01589	0.02319	0.01405	0.02451	0.19225	0.00588	0.26817	0.00831	0.00402	0.00957
4	0.07066	0.01850	0.03031	0.13940	0.49570	0.01912	0.02340	0.02552	0.01849	0.05729	0.01605	0.02069	0.01293	0.00769	0.00804	0.00252	0.00968	0.00725	0.00441	0.01235
5	0.01666	0.03845	0.56431	0.02203	0.03319	0.01830	0.02752	0.02626	0.04520	0.02704	0.04385	0.02008	0.01429	0.00833	0.00788	0.00254	0.01125	0.00659	0.00407	0.06216
6	0.04662	0.00991	0.01188	0.01108	0.01350	0.00974	0.00839	0.04447	0.05786	0.03330	0.48207	0.08799	0.08651	0.01622	0.00932	0.00263	0.00446	0.01411	0.04155	0.00838
7	0.02303	0.60464	0.04008	0.01510	0.02179	0.09807	0.01434	0.02682	0.05283	0.02048	0.01294	0.01449	0.01150	0.00749	0.00573	0.00187	0.00938	0.00481	0.00391	0.01070
8	0.01207	0.00811	0.00933	0.00933	0.00943	0.00820	0.00537	0.01226	0.01216	0.01631	0.02593	0.05298	0.02960	0.66692	0.08259	0.00839	0.00896	0.01188	0.00500	0.00519
9	0.01933	0.01220	0.01443	0.01284	0.01667	0.01205	0.01007	0.02784	0.18425	0.16881	0.21414	0.05140	0.17019	0.01508	0.00919	0.00274	0.00550	0.03396	0.00886	0.01043
10	0.02949	0.02011	0.02274	0.05353	0.02509	0.06389	0.01521	0.29437	0.02832	0.20363	0.02252	0.05175	0.01681	0.01118	0.01087	0.00269	0.09928	0.00825	0.00767	0.01258
11	0.01961	0.02241	0.04902	0.03501	0.04342	0.02101	0.62605	0.02661	0.01961	0.02661	0.01681	0.02241	0.01261	0.00700	0.00980	0.00280	0.01401	0.00980	0.00420	0.01120
12	0.01012	0.00723	0.00964	0.01157	0.01205	0.00675	0.00771	0.01157	0.01591	0.02121	0.04579	0.70262	0.05495	0.02603	0.01060	0.00337	0.00482	0.02362	0.00771	0.00675
13	0.01569	0.01477	0.02492	0.68808	0.05722	0.01846	0.02307	0.02123	0.01661	0.02123	0.01477	0.02215	0.01107	0.00831	0.00831	0.00277	0.01107	0.00738	0.00369	0.00923
14	0.02010	0.01951	0.03401	0.10244	0.56628	0.01972	0.06506	0.02522	0.01877	0.02662	0.01563	0.02081	0.01295	0.00745	0.00834	0.00251	0.01024	0.00756	0.00408	0.01271

[dist]
# distance from previous block
# <min> <max>
0	1

[block]
# block no. 9 follows, 22 sequences, length 7
# corresponding to MSA columns:
# 358-364
name=unknown_J
#
# <colnr> <probs for GDERKNQSTAVLIFYWHMCP>
#	G	D	E	R	K	N	Q	S	T	A	V	L	I	F	Y	W	H	M	C	P
0	0.01732	0.01548	0.02088	0.07345	0.02519	0.01265	0.06885	0.02148	0.01740	0.02652	0.01496	0.01814	0.01223	0.00642	0.00668	0.00151	0.00732	0.00560	0.00475	0.62318
1	0.03057	0.02045	0.02265	0.01785	0.02407	0.02215	0.01458	0.40145	0.15258	0.16716	0.02512	0.02370	0.01755	0.01028	0.00835	0.00257	0.00824	0.00802	0.00872	0.01394
2	0.02879	0.02188	0.02336	0.01855	0.02470	0.02446	0.01511	0.47905	0.19308	0.04785	0.02349	0.02277	0.01700	0.01030	0.00835	0.00258	0.00848	0.00797	0.00835	0.01388
3	0.02000	0.01641	0.01872	0.01362	0.02086	0.01392	0.01099	0.13846	0.02145	0.03196	0.01577	0.01775	0.01266	0.00689	0.00657	0.00147	0.00673	0.00542	0.00558	0.61476
4	0.08947	0.01384	0.01634	0.01405	0.01850	0.01396	0.01106	0.07604	0.14237	0.25054	0.12871	0.12843	0.03394	0.01352	0.00864	0.00273	0.00626	0.01137	0.00879	0.01146
5	0.02000	0.01917	0.03271	0.12372	0.58784	0.01959	0.02522	0.02501	0.01865	0.02647	0.01553	0.02074	0.01292	0.00751	0.00823	0.00250	0.01001	0.00740	0.00406	0.01271
6	0.02689	0.01488	0.01814	0.01459	0.02037	0.01406	0.01170	0.03597	0.19693	0.31811	0.07627	0.02951	0.02472	0.01029	0.00808	0.00239	0.00652	0.00850	0.00867	0.15341

[dist]
# distance from previous block
# <min> <max>
0	2

[block]
# block no. 10 follows, 22 sequences, length 17
# corresponding to MSA columns:
# 367-383
name=unknown_K
#
# <colnr> <probs for GDERKNQSTAVLIFYWHMCP>
#	G	D	E	R	K	N	Q	S	T	A	V	L	I	F	Y	W	H	M	C	P
0	0.01756	0.01502	0.02047	0.22687	0.05607	0.01568	0.01559	0.08064	0.04672	0.02789	0.06856	0.05580	0.02126	0.01029	0.00882	0.00237	0.03673	0.03541	0.00551	0.23275
1	0.01928	0.01896	0.02973	0.29573	0.38812	0.05704	0.02401	0.02429	0.01829	0.02446	0.01513	0.02085	0.01221	0.00782	0.00821	0.00256	0.01063	0.00728	0.00396	0.01143
2	0.71670	0.01598	0.01306	0.05603	0.01881	0.01862	0.00993	0.02421	0.01430	0.03620	0.01178	0.01407	0.00914	0.00775	0.00535	0.00258	0.00674	0.00469	0.00504	0.00901
3	0.03161	0.01540	0.01911	0.01550	0.02134	0.01509	0.01253	0.04173	0.23420	0.44821	0.03313	0.02920	0.02220	0.01062	0.00839	0.00265	0.00690	0.00871	0.00966	0.01380
4	0.02066	0.01785	0.01878	0.01691	0.02160	0.02066	0.01315	0.04414	0.64121	0.03475	0.03381	0.03099	0.02536	0.01127	0.00845	0.00282	0.00657	0.00939	0.00845	0.01315
5	0.01107	0.00852	0.01016	0.00991	0.01221	0.00761	0.00754	0.01426	0.02143	0.02847	0.38939	0.07104	0.30691	0.01895	0.00990	0.00276	0.00425	0.04962	0.00849	0.00750
6	0.01723	0.01477	0.01723	0.01230	0.01969	0.01107	0.00984	0.02092	0.01723	0.02707	0.01477	0.01723	0.01230	0.00615	0.00615	0.00123	0.00615	0.00492	0.00492	0.75883
7	0.02056	0.01974	0.03372	0.05099	0.65622	0.01974	0.02550	0.02550	0.01892	0.02714	0.01563	0.02056	0.01316	0.00740	0.00822	0.00247	0.00987	0.00740	0.00411	0.01316
8	0.01723	0.01477	0.01723	0.01230	0.01969	0.01107	0.00984	0.02092	0.01723	0.02707	0.01477	0.01723	0.01230	0.00615	0.00615	0.00123	0.00615	0.00492	0.00492	0.75883
9	0.01208	0.00805	0.00906	0.00906	0.00906	0.00805	0.00503	0.01208	0.01208	0.01611	0.02618	0.05436	0.03020	0.70804	0.04228	0.00805	0.00805	0.01208	0.00503	0.00503
10	0.03103	0.03959	0.02354	0.02140	0.02568	0.67469	0.01605	0.03317	0.02354	0.02033	0.01284	0.01498	0.01070	0.00856	0.00749	0.00214	0.01498	0.00535	0.00428	0.00963
11	0.01026	0.00729	0.00960	0.01139	0.01183	0.00684	0.00752	0.01160	0.01563	0.02084	0.04438	0.65609	0.05317	0.07498	0.01288	0.00371	0.00505	0.02279	0.00752	0.00662
12	0.03158	0.02327	0.02493	0.01911	0.02576	0.02576	0.01579	0.62852	0.03906	0.05236	0.01995	0.01995	0.01413	0.00997	0.00831	0.00249	0.00914	0.00748	0.00831	0.01413
13	0.07617	0.01635	0.01993	0.13186	0.05319	0.01812	0.01469	0.08098	0.26798	0.13435	0.07625	0.02897	0.02382	0.01054	0.00826	0.00270	0.00754	0.00875	0.00756	0.01199
14	0.70907	0.01791	0.01310	0.01175	0.01682	0.07005	0.00955	0.02511	0.01487	0.03595	0.01167	0.01361	0.00913	0.00778	0.00533	0.00254	0.00710	0.00457	0.00507	0.00905
15	0.02451	0.02513	0.02588	0.02781	0.18042	0.20305	0.01831	0.11091	0.11656	0.02848	0.01732	0.02007	0.01404	0.01000	0.01165	0.00265	0.13923	0.00712	0.00530	0.01155
16	0.01908	0.01822	0.03104	0.24515	0.47367	0.01935	0.02476	0.02419	0.01821	0.02534	0.01536	0.02104	0.01252	0.00768	0.00825	0.00256	0.01024	0.00740	0.00398	0.01196

[dist]
# distance from previous block
# <min> <max>
2	3

[block]
# block no. 11 follows, 22 sequences, length 34
# corresponding to MSA columns:
# 388-421
name=unknown_L
#
# <colnr> <probs for GDERKNQSTAVLIFYWHMCP>
#	G	D	E	R	K	N	Q	S	T	A	V	L	I	F	Y	W	H	M	C	P
0	0.08175	0.24309	0.35120	0.02039	0.02969	0.02377	0.06304	0.02546	0.01698	0.02491	0.01355	0.01626	0.01059	0.00787	0.00785	0.00242	0.04039	0.00578	0.00371	0.01130
1	0.10714	0.12089	0.47725	0.02161	0.03219	0.02097	0.05842	0.02592	0.01716	0.02681	0.01420	0.01680	0.01047	0.00773	0.00735	0.00253	0.01126	0.00593	0.00375	0.01163
2	0.01965	0.01722	0.04657	0.06007	0.02353	0.01625	0.01320	0.08348	0.23327	0.05064	0.05386	0.04880	0.02167	0.00980	0.00775	0.00223	0.00703	0.00813	0.00675	0.27009
3	0.25951	0.07965	0.09953	0.01820	0.06544	0.05162	0.01537	0.14312	0.02200	0.14609	0.01764	0.01836	0.01270	0.00859	0.00698	0.00247	0.00861	0.00618	0.00621	0.01173
4	0.02646	0.09650	0.04959	0.01491	0.02132	0.01658	0.01289	0.11363	0.05879	0.25446	0.08842	0.02648	0.02278	0.00973	0.00772	0.00223	0.00726	0.00778	0.00770	0.15475
5	0.01188	0.00884	0.01306	0.01306	0.01444	0.01023	0.01002	0.01465	0.01327	0.01907	0.02252	0.03411	0.02141	0.10600	0.63230	0.01299	0.02129	0.00912	0.00449	0.00726
6	0.01157	0.00848	0.01084	0.01025	0.01230	0.00776	0.00769	0.01531	0.02307	0.03226	0.59668	0.06379	0.13421	0.01738	0.00980	0.00263	0.00395	0.01527	0.00901	0.00776
7	0.01978	0.01628	0.01860	0.01352	0.02077	0.01369	0.01090	0.12893	0.02111	0.03157	0.01569	0.01771	0.01263	0.00683	0.00654	0.00145	0.00668	0.00538	0.00552	0.62645
8	0.01339	0.00956	0.01339	0.01530	0.01721	0.00956	0.01339	0.01721	0.01912	0.02486	0.04399	0.09371	0.04781	0.02295	0.01147	0.00382	0.00765	0.60031	0.00765	0.00765
9	0.03727	0.01414	0.01928	0.01478	0.02121	0.01221	0.01221	0.04049	0.02378	0.66198	0.03277	0.02828	0.02056	0.01028	0.00835	0.00257	0.00707	0.00835	0.01028	0.01414
10	0.01947	0.02339	0.07852	0.03447	0.04306	0.02093	0.59754	0.02660	0.01951	0.02660	0.01672	0.02218	0.01251	0.00705	0.00971	0.00279	0.01392	0.00963	0.00417	0.01126
11	0.01818	0.01912	0.03934	0.03173	0.09829	0.01811	0.43571	0.02408	0.01905	0.02624	0.02179	0.09254	0.01951	0.01007	0.00964	0.00285	0.01180	0.05074	0.04065	0.01057
12	0.01024	0.00843	0.00900	0.00886	0.01148	0.00719	0.00664	0.01274	0.01993	0.02480	0.20707	0.07607	0.52847	0.02016	0.00981	0.00276	0.00415	0.01699	0.00802	0.00719
13	0.01871	0.06909	0.49120	0.02309	0.03380	0.01905	0.08828	0.02698	0.01849	0.07854	0.04371	0.02063	0.01448	0.00835	0.00809	0.00260	0.01151	0.00700	0.00438	0.01205
14	0.01829	0.02014	0.04228	0.05887	0.03927	0.01953	0.49794	0.02432	0.01869	0.02542	0.01968	0.09912	0.01724	0.00962	0.01078	0.00291	0.04972	0.01113	0.00455	0.01050
15	0.01207	0.00809	0.00926	0.00926	0.00932	0.00816	0.00528	0.01221	0.01214	0.01625	0.02600	0.05337	0.02977	0.67856	0.07118	0.00830	0.00870	0.01194	0.00501	0.00514
16	0.01930	0.02457	0.11377	0.03382	0.04263	0.02083	0.56346	0.02658	0.01939	0.02658	0.01661	0.02190	0.01239	0.00710	0.00960	0.00278	0.01382	0.00942	0.00413	0.01132
17	0.01936	0.01852	0.03156	0.20765	0.50893	0.01942	0.02490	0.02445	0.01835	0.02569	0.01541	0.02095	0.01265	0.00762	0.00824	0.00254	0.01017	0.00740	0.00401	0.01219
18	0.01645	0.01579	0.02745	0.57875	0.11753	0.01876	0.06412	0.02203	0.01705	0.02219	0.01499	0.02200	0.01139	0.00813	0.00840	0.00274	0.01115	0.00755	0.00377	0.00976
19	0.02066	0.01785	0.01878	0.01691	0.02160	0.02066	0.01315	0.04414	0.64121	0.03475	0.03381	0.03099	0.02536	0.01127	0.00845	0.00282	0.00657	0.00939	0.00845	0.01315
20	0.01723	0.01477	0.01723	0.01230	0.01969	0.01107	0.00984	0.02092	0.01723	0.02707	0.01477	0.01723	0.01230	0.00615	0.00615	0.00123	0.00615	0.00492	0.00492	0.75883
21	0.02175	0.07751	0.12444	0.01733	0.02355	0.02018	0.01580	0.06592	0.36991	0.09201	0.06184	0.02831	0.02368	0.01055	0.00817	0.00265	0.00770	0.00859	0.00747	0.01266
22	0.01569	0.01477	0.02492	0.68808	0.05722	0.01846	0.02307	0.02123	0.01661	0.02123	0.01477	0.02215	0.01107	0.00831	0.00831	0.00277	0.01107	0.00738	0.00369	0.00923
23	0.01187	0.00890	0.01335	0.01335	0.01483	0.01038	0.01038	0.01483	0.01335	0.01928	0.02225	0.03264	0.02077	0.06231	0.67512	0.01335	0.02225	0.00890	0.00445	0.00742
24	0.01818	0.01818	0.02545	0.02181	0.02181	0.02545	0.01818	0.01999	0.01272	0.01999	0.01091	0.01818	0.01091	0.01454	0.02726	0.00364	0.69284	0.00727	0.00364	0.00909
25	0.01042	0.00745	0.00999	0.01191	0.01253	0.00701	0.00824	0.01209	0.01620	0.02154	0.04562	0.64636	0.05429	0.02574	0.01068	0.00342	0.00508	0.07690	0.00771	0.00683
26	0.01602	0.01522	0.02499	0.60002	0.05254	0.01938	0.02242	0.02106	0.01610	0.02106	0.01426	0.02162	0.01105	0.00913	0.01081	0.00288	0.10118	0.00737	0.00368	0.00921
27	0.03158	0.02327	0.02493	0.01911	0.02576	0.02576	0.01579	0.62852	0.03906	0.05236	0.01995	0.01995	0.01413	0.00997	0.00831	0.00249	0.00914	0.00748	0.00831	0.01413
28	0.01675	0.01533	0.02492	0.64340	0.05512	0.01894	0.02259	0.06178	0.01811	0.02330	0.01511	0.02200	0.01128	0.00842	0.00831	0.00275	0.01095	0.00739	0.00400	0.00956
29	0.01879	0.01946	0.03801	0.27781	0.08264	0.02022	0.33774	0.05412	0.01941	0.02590	0.01614	0.02209	0.01214	0.00766	0.00908	0.00275	0.01244	0.00865	0.00421	0.01073
30	0.02634	0.02186	0.02226	0.09423	0.02724	0.09466	0.01531	0.35458	0.11050	0.04031	0.02419	0.02487	0.04995	0.01038	0.00820	0.00252	0.00916	0.00804	0.04317	0.01225
31	0.01914	0.09976	0.04365	0.02989	0.03687	0.02181	0.46058	0.02482	0.01843	0.02485	0.01761	0.06642	0.01506	0.00896	0.01091	0.00280	0.07358	0.00989	0.00431	0.01066
32	0.01874	0.16962	0.51449	0.02143	0.03243	0.02154	0.02664	0.02673	0.01772	0.05625	0.01514	0.01726	0.01104	0.00786	0.00743	0.00246	0.01137	0.00592	0.00385	0.01206
33	0.01680	0.01590	0.02692	0.54333	0.19331	0.01875	0.02362	0.02220	0.01713	0.02257	0.01496	0.02179	0.01155	0.00810	0.00829	0.00270	0.01080	0.00739	0.00379	0.01012

[dist]
# distance from previous block
# <min> <max>
0	4

[block]
# block no. 12 follows, 22 sequences, length 94
# corresponding to MSA columns:
# 426-519
name=unknown_M
#
# <colnr> <probs for GDERKNQSTAVLIFYWHMCP>
#	G	D	E	R	K	N	Q	S	T	A	V	L	I	F	Y	W	H	M	C	P
0	0.01376	0.01028	0.04019	0.01151	0.01408	0.00854	0.00917	0.01756	0.02230	0.08072	0.49753	0.13979	0.06787	0.01722	0.00971	0.00271	0.00465	0.01522	0.00880	0.00839
1	0.02029	0.01946	0.03323	0.08657	0.62277	0.01967	0.02536	0.02526	0.01879	0.02681	0.01558	0.02065	0.01304	0.00745	0.00823	0.00248	0.00994	0.00740	0.00409	0.01294
2	0.33985	0.01890	0.01723	0.01459	0.02001	0.07918	0.01175	0.09659	0.12384	0.17063	0.02081	0.02039	0.01490	0.00917	0.00694	0.00256	0.00767	0.00653	0.00705	0.01139
3	0.02085	0.25287	0.25628	0.02204	0.03061	0.07798	0.12124	0.05367	0.01895	0.02463	0.01404	0.01691	0.01111	0.00791	0.00815	0.00238	0.03892	0.00624	0.00392	0.01132
4	0.01951	0.01865	0.03032	0.08697	0.15943	0.02242	0.10949	0.02312	0.01585	0.05106	0.01406	0.02008	0.01207	0.01122	0.01827	0.00315	0.36201	0.00773	0.00412	0.01048
5	0.01289	0.00984	0.01230	0.01223	0.01473	0.00871	0.00884	0.03893	0.01732	0.02408	0.03703	0.47704	0.04247	0.02034	0.00946	0.00283	0.00546	0.04638	0.00705	0.19207
6	0.02076	0.01914	0.03200	0.07784	0.54646	0.01989	0.02421	0.02539	0.01845	0.05093	0.01583	0.02073	0.01315	0.00819	0.00992	0.00259	0.07016	0.00743	0.00429	0.01265
7	0.01024	0.00775	0.00945	0.01047	0.01184	0.00697	0.00730	0.01220	0.01779	0.02312	0.13425	0.43297	0.23884	0.02337	0.01026	0.00311	0.00452	0.02069	0.00789	0.00697
8	0.02066	0.01785	0.01878	0.01691	0.02160	0.02066	0.01315	0.04414	0.64121	0.03475	0.03381	0.03099	0.02536	0.01127	0.00845	0.00282	0.00657	0.00939	0.00845	0.01315
9	0.02044	0.02552	0.10049	0.02749	0.03288	0.11468	0.27440	0.02528	0.01763	0.02347	0.01407	0.01944	0.01155	0.00985	0.01516	0.00297	0.24242	0.00795	0.00395	0.01038
10	0.01723	0.01477	0.01723	0.01230	0.01969	0.01107	0.00984	0.02092	0.01723	0.02707	0.01477	0.01723	0.01230	0.00615	0.00615	0.00123	0.00615	0.00492	0.00492	0.75883
11	0.01811	0.01804	0.02743	0.06210	0.07552	0.02347	0.06886	0.02091	0.01431	0.02141	0.01358	0.02258	0.01302	0.01341	0.02250	0.00343	0.51174	0.03614	0.00392	0.00952
12	0.02368	0.01935	0.02048	0.01752	0.02275	0.02207	0.01388	0.20576	0.47468	0.03962	0.02998	0.02794	0.02225	0.01091	0.00841	0.00273	0.00728	0.00886	0.00841	0.01342
13	0.01723	0.01477	0.01723	0.01230	0.01969	0.01107	0.00984	0.02092	0.01723	0.02707	0.01477	0.01723	0.01230	0.00615	0.00615	0.00123	0.00615	0.00492	0.00492	0.75883
14	0.01900	0.02060	0.03897	0.02938	0.03420	0.02290	0.36686	0.02379	0.01667	0.02379	0.01429	0.02060	0.01188	0.01022	0.01725	0.00316	0.30345	0.00872	0.00396	0.01030
15	0.01012	0.00723	0.00964	0.01157	0.01205	0.00675	0.00771	0.01157	0.01591	0.02121	0.04579	0.70262	0.05495	0.02603	0.01060	0.00337	0.00482	0.02362	0.00771	0.00675
16	0.01358	0.00925	0.01258	0.01392	0.01586	0.00895	0.01161	0.01690	0.01912	0.05264	0.08978	0.18428	0.08683	0.02234	0.01098	0.00355	0.00670	0.40547	0.00789	0.00777
17	0.02066	0.01785	0.01878	0.01691	0.02160	0.02066	0.01315	0.04414	0.64121	0.03475	0.03381	0.03099	0.02536	0.01127	0.00845	0.00282	0.00657	0.00939	0.00845	0.01315
18	0.01711	0.01697	0.02750	0.55533	0.09745	0.05053	0.07353	0.02256	0.01736	0.02206	0.01491	0.02171	0.01133	0.00814	0.00839	0.00272	0.01142	0.00749	0.00379	0.00970
19	0.01948	0.02351	0.08573	0.03522	0.07719	0.02083	0.55620	0.02653	0.01944	0.02662	0.01663	0.02201	0.01251	0.00708	0.00960	0.00277	0.01367	0.00945	0.00415	0.01138
20	0.01569	0.01477	0.02492	0.68808	0.05722	0.01846	0.02307	0.02123	0.01661	0.02123	0.01477	0.02215	0.01107	0.00831	0.00831	0.00277	0.01107	0.00738	0.00369	0.00923
21	0.20846	0.02004	0.02087	0.01664	0.02217	0.02263	0.01373	0.38202	0.02932	0.06971	0.01804	0.01908	0.01322	0.00978	0.00893	0.00258	0.06223	0.00679	0.04158	0.01219
22	0.01569	0.01477	0.02492	0.68808	0.05722	0.01846	0.02307	0.02123	0.01661	0.02123	0.01477	0.02215	0.01107	0.00831	0.00831	0.00277	0.01107	0.00738	0.00369	0.00923
23	0.01826	0.01510	0.01885	0.01351	0.02090	0.01160	0.03962	0.02208	0.01764	0.05600	0.01569	0.01798	0.01270	0.00638	0.00643	0.00137	0.00657	0.00531	0.00513	0.68887
24	0.01876	0.01423	0.01772	0.01446	0.01952	0.01354	0.04024	0.02834	0.20008	0.09220	0.19821	0.03491	0.03515	0.01106	0.00821	0.00228	0.00612	0.00957	0.00759	0.22780
25	0.02123	0.01639	0.01873	0.01690	0.02095	0.01843	0.01367	0.14013	0.30257	0.06473	0.03261	0.07385	0.02842	0.01438	0.01031	0.00304	0.04905	0.13495	0.00802	0.01165
