[name]
unknown

[dist]
# distance from previous block
# <min> <max>
5	72

[block]
# block no. 0 follows, 26 sequences, length 16
# corresponding to MSA columns:
# 95-110
name=unknown_A
#
# <colnr> <probs for GDERKNQSTAVLIFYWHMCP>
#	G	D	E	R	K	N	Q	S	T	A	V	L	I	F	Y	W	H	M	C	P
0	0.01958	0.01955	0.03000	0.04427	0.63014	0.07589	0.02255	0.02387	0.01763	0.02426	0.01405	0.01834	0.01183	0.00685	0.00745	0.00223	0.00941	0.00660	0.00377	0.01174
1	0.57434	0.07547	0.01561	0.01195	0.01681	0.09761	0.00986	0.07719	0.01602	0.03212	0.01134	0.01296	0.00891	0.00726	0.00520	0.00224	0.00716	0.00442	0.00473	0.00880
2	0.01281	0.00911	0.01172	0.01137	0.01283	0.00941	0.00846	0.03318	0.01718	0.06438	0.21204	0.26130	0.10694	0.07844	0.01344	0.00317	0.08705	0.03301	0.00692	0.00720
3	0.01103	0.00735	0.00827	0.00827	0.00827	0.00735	0.00460	0.01103	0.01103	0.01471	0.02390	0.04964	0.02758	0.73343	0.03861	0.00735	0.00735	0.01103	0.00460	0.00460
4	0.00982	0.00824	0.00984	0.09005	0.01531	0.00767	0.00784	0.01223	0.01721	0.02138	0.13523	0.13974	0.46264	0.01796	0.00888	0.00260	0.00460	0.01531	0.00677	0.00670
5	0.00924	0.00660	0.00880	0.01056	0.01100	0.00616	0.00704	0.01056	0.01452	0.01936	0.04181	0.72848	0.05017	0.02376	0.00968	0.00308	0.00440	0.02156	0.00704	0.00616
6	0.01540	0.03791	0.64823	0.02235	0.03331	0.01773	0.07259	0.02404	0.01615	0.02404	0.01373	0.01633	0.00974	0.00715	0.00733	0.00241	0.01132	0.00584	0.00325	0.01114
7	0.02883	0.02125	0.02276	0.01745	0.02352	0.02352	0.01442	0.66082	0.03566	0.04780	0.01821	0.01821	0.01290	0.00911	0.00759	0.00228	0.00835	0.00683	0.00759	0.01290
8	0.01404	0.01680	0.16065	0.01460	0.04297	0.01207	0.01314	0.09151	0.05311	0.02792	0.22591	0.12834	0.14034	0.01401	0.00839	0.00250	0.00626	0.01200	0.00657	0.00888
9	0.01891	0.09947	0.02560	0.01731	0.02333	0.01716	0.15128	0.15196	0.05388	0.02868	0.03847	0.07250	0.01689	0.00851	0.00717	0.00199	0.00788	0.00767	0.00532	0.24599
10	0.01183	0.01303	0.09385	0.01534	0.01831	0.01016	0.11541	0.01550	0.03987	0.02084	0.03258	0.45686	0.03659	0.06868	0.01125	0.00320	0.00682	0.01644	0.00593	0.00751
11	0.01837	0.01828	0.03232	0.04098	0.49822	0.01882	0.13175	0.02287	0.01673	0.02395	0.01396	0.01881	0.01169	0.00745	0.00976	0.00243	0.09149	0.00712	0.00372	0.01128
12	0.01703	0.01511	0.02334	0.42028	0.11568	0.01762	0.03891	0.12413	0.01865	0.02475	0.01639	0.07290	0.01384	0.00916	0.00851	0.00253	0.03941	0.00794	0.00439	0.00945
13	0.01414	0.00707	0.00707	0.00707	0.00884	0.00707	0.00530	0.01767	0.01591	0.02828	0.02474	0.02828	0.01944	0.00884	0.00530	0.00177	0.00353	0.00707	0.77554	0.00707
14	0.00958	0.00748	0.00869	0.00886	0.01074	0.00659	0.00646	0.01190	0.01805	0.02340	0.26102	0.20167	0.36052	0.01897	0.00911	0.00261	0.00387	0.01642	0.00746	0.00659
15	0.01945	0.01650	0.02104	0.04120	0.12351	0.01828	0.04433	0.15693	0.28000	0.03083	0.02421	0.08370	0.02031	0.04060	0.00995	0.00274	0.04000	0.00902	0.00639	0.01103

[dist]
# distance from previous block
# <min> <max>
0	6

[block]
# block no. 1 follows, 26 sequences, length 40
# corresponding to MSA columns:
# 117-156
name=unknown_B
#
# <colnr> <probs for GDERKNQSTAVLIFYWHMCP>
#	G	D	E	R	K	N	Q	S	T	A	V	L	I	F	Y	W	H	M	C	P
0	0.09478	0.01968	0.02105	0.01634	0.02221	0.02158	0.01347	0.52201	0.05525	0.10902	0.01915	0.01881	0.01344	0.00900	0.00735	0.00230	0.00786	0.00673	0.00752	0.01246
1	0.26946	0.02389	0.01815	0.01794	0.08100	0.30334	0.01272	0.07730	0.01951	0.02753	0.07029	0.01782	0.01510	0.00824	0.00646	0.00217	0.00943	0.00573	0.00483	0.00910
2	0.00932	0.00673	0.00882	0.01033	0.01098	0.00624	0.00697	0.01081	0.01510	0.02010	0.08271	0.64994	0.08791	0.02300	0.00960	0.00301	0.00432	0.02077	0.00712	0.00624
3	0.01563	0.01280	0.03971	0.07309	0.01867	0.01244	0.01087	0.17690	0.02400	0.03292	0.39284	0.04343	0.08962	0.01315	0.00842	0.00238	0.00564	0.01124	0.00745	0.00881
4	0.00942	0.00677	0.00898	0.01068	0.01128	0.00633	0.00733	0.01090	0.01480	0.01961	0.04289	0.66536	0.07118	0.02343	0.00971	0.00309	0.00455	0.06042	0.00704	0.00622
5	0.07224	0.07081	0.32473	0.04809	0.02705	0.01879	0.01962	0.09213	0.15991	0.06663	0.01834	0.01915	0.01333	0.00815	0.00708	0.00238	0.00891	0.00634	0.00509	0.01123
6	0.02438	0.39249	0.03145	0.01528	0.02142	0.07177	0.01369	0.28953	0.02427	0.03040	0.01382	0.01479	0.01106	0.00767	0.00613	0.00192	0.00858	0.00527	0.00510	0.01099
7	0.01414	0.00707	0.00707	0.00707	0.00884	0.00707	0.00530	0.01767	0.01591	0.02828	0.02474	0.02828	0.01944	0.00884	0.00530	0.00177	0.00353	0.00707	0.77554	0.00707
8	0.01719	0.18559	0.46211	0.02141	0.06661	0.02060	0.04922	0.05128	0.01688	0.02379	0.01326	0.01562	0.00999	0.00708	0.00681	0.00223	0.01036	0.00553	0.00346	0.01097
9	0.01558	0.01515	0.02216	0.56194	0.07076	0.06145	0.01933	0.02022	0.01573	0.02015	0.01340	0.01921	0.01029	0.00734	0.00730	0.00232	0.00978	0.00636	0.00355	0.09797
10	0.01600	0.01338	0.01558	0.01157	0.01772	0.01062	0.00916	0.05920	0.01689	0.02572	0.01624	0.07774	0.01472	0.00741	0.00610	0.00137	0.00569	0.00612	0.00491	0.66385
11	0.02068	0.01719	0.01817	0.01580	0.02041	0.01971	0.01244	0.15320	0.55656	0.03465	0.02857	0.02646	0.02129	0.01008	0.00769	0.00252	0.00643	0.00826	0.00769	0.01217
12	0.01830	0.04285	0.02276	0.47287	0.08488	0.01640	0.01845	0.04270	0.01696	0.11973	0.01598	0.02028	0.01166	0.00767	0.00735	0.00235	0.00908	0.00663	0.00448	0.05861
13	0.04813	0.01427	0.02022	0.26296	0.03082	0.01679	0.01575	0.06351	0.05132	0.18029	0.01821	0.02148	0.01349	0.01259	0.05684	0.00326	0.14789	0.00703	0.00536	0.00980
14	0.01260	0.00904	0.01217	0.01351	0.01525	0.00909	0.01135	0.05187	0.01794	0.02350	0.03921	0.20577	0.04314	0.02081	0.01016	0.00334	0.00656	0.48048	0.00703	0.00717
15	0.00924	0.00660	0.00880	0.01056	0.01100	0.00616	0.00704	0.01056	0.01452	0.01936	0.04181	0.72848	0.05017	0.02376	0.00968	0.00308	0.00440	0.02156	0.00704	0.00616
16	0.01318	0.00659	0.00988	0.00988	0.00988	0.00659	0.00659	0.00988	0.00988	0.01318	0.01318	0.02306	0.01318	0.02635	0.02964	0.77931	0.00659	0.00659	0.00329	0.00329
17	0.01877	0.01802	0.03079	0.04656	0.68612	0.01802	0.02328	0.02328	0.01727	0.02478	0.01427	0.01877	0.01201	0.00676	0.00751	0.00225	0.00901	0.00676	0.00375	0.01201
18	0.01318	0.00659	0.00988	0.00988	0.00988	0.00659	0.00659	0.00988	0.00988	0.01318	0.01318	0.02306	0.01318	0.02635	0.02964	0.77931	0.00659	0.00659	0.00329	0.00329
19	0.01074	0.00775	0.01014	0.00954	0.01133	0.00716	0.00716	0.01431	0.02147	0.03042	0.68211	0.05666	0.07157	0.01551	0.00895	0.00239	0.00358	0.01372	0.00835	0.00716
20	0.02883	0.02125	0.02276	0.01745	0.02352	0.02352	0.01442	0.66082	0.03566	0.04780	0.01821	0.01821	0.01290	0.00911	0.00759	0.00228	0.00835	0.00683	0.00759	0.01290
21	0.01546	0.01473	0.02530	0.52496	0.07336	0.01738	0.09660	0.04550	0.01623	0.02128	0.01468	0.04248	0.01174	0.00823	0.00856	0.00256	0.04085	0.00748	0.00373	0.00889
22	0.01676	0.01708	0.02593	0.02142	0.02238	0.02273	0.09701	0.01901	0.01240	0.01901	0.01063	0.01708	0.01015	0.01241	0.02290	0.00322	0.63102	0.00693	0.00338	0.00854
23	0.01463	0.01409	0.02466	0.65591	0.05115	0.01705	0.07639	0.01981	0.01540	0.01981	0.01364	0.02024	0.01023	0.00748	0.00770	0.00253	0.01034	0.00693	0.00341	0.00858
24	0.00924	0.00660	0.00880	0.01056	0.01100	0.00616	0.00704	0.01056	0.01452	0.01936	0.04181	0.72848	0.05017	0.02376	0.00968	0.00308	0.00440	0.02156	0.00704	0.00616
25	0.01100	0.00747	0.00887	0.00887	0.00908	0.00768	0.00534	0.01142	0.01121	0.01515	0.02335	0.04660	0.02626	0.62985	0.14039	0.00809	0.00934	0.01059	0.00451	0.00493
26	0.02833	0.03615	0.02149	0.01954	0.02345	0.70298	0.01466	0.03029	0.02149	0.01856	0.01172	0.01368	0.00977	0.00782	0.00684	0.00195	0.01368	0.00489	0.00391	0.00879
27	0.01041	0.00695	0.00927	0.01062	0.01139	0.00644	0.00723	0.01195	0.01529	0.04919	0.08360	0.65367	0.05022	0.02260	0.00954	0.00300	0.00444	0.02044	0.00723	0.00652
28	0.75497	0.04489	0.01234	0.01010	0.01487	0.01756	0.00841	0.02231	0.01301	0.03336	0.01056	0.01232	0.00828	0.00702	0.00470	0.00232	0.00596	0.00411	0.00463	0.00828
29	0.04903	0.01742	0.01776	0.01538	0.01995	0.04442	0.01213	0.15263	0.46029	0.05600	0.02683	0.02524	0.01994	0.00978	0.00746	0.00245	0.00664	0.00787	0.03705	0.01175
30	0.12462	0.02083	0.02147	0.01801	0.05686	0.06113	0.01400	0.48956	0.03054	0.06449	0.01705	0.01748	0.01227	0.00866	0.00717	0.00227	0.00831	0.00639	0.00687	0.01202
31	0.01634	0.01353	0.02065	0.12277	0.08997	0.01431	0.09398	0.02440	0.16987	0.06423	0.02805	0.12767	0.02621	0.01298	0.00865	0.00278	0.00777	0.14028	0.00607	0.00951
32	0.01414	0.00707	0.00707	0.00707	0.00884	0.00707	0.00530	0.01767	0.01591	0.02828	0.02474	0.02828	0.01944	0.00884	0.00530	0.00177	0.00353	0.00707	0.77554	0.00707
33	0.00924	0.00660	0.00880	0.01056	0.01100	0.00616	0.00704	0.01056	0.01452	0.01936	0.04181	0.72848	0.05017	0.02376	0.00968	0.00308	0.00440	0.02156	0.00704	0.00616
34	0.78701	0.01467	0.01115	0.00997	0.01467	0.01702	0.00821	0.02230	0.01291	0.03403	0.01056	0.01232	0.00821	0.00704	0.00469	0.00235	0.00587	0.00411	0.00469	0.00821
35	0.00938	0.00690	0.00869	0.00990	0.01079	0.00632	0.00673	0.01092	0.01538	0.02020	0.09486	0.53766	0.16064	0.05067	0.01066	0.00311	0.00436	0.01960	0.00704	0.00621
36	0.02750	0.03458	0.02230	0.02189	0.08095	0.64354	0.01540	0.02968	0.02113	0.01910	0.01195	0.01412	0.00997	0.00772	0.00690	0.00198	0.01327	0.00505	0.00389	0.00907
37	0.01644	0.01156	0.01314	0.01201	0.01539	0.01173	0.00941	0.06055	0.20355	0.10874	0.12174	0.08780	0.21953	0.01487	0.00853	0.00260	0.00527	0.06017	0.00770	0.00927
38	0.02391	0.01978	0.01971	0.01640	0.02129	0.07963	0.01306	0.34015	0.25848	0.03789	0.04392	0.05105	0.01959	0.01020	0.00770	0.00239	0.00767	0.00809	0.00732	0.01178
39	0.02182	0.31810	0.02911	0.01906	0.09777	0.19550	0.01438	0.02858	0.16269	0.02191	0.01578	0.01689	0.01298	0.00770	0.00630	0.00199	0.00915	0.00558	0.00446	0.01026

[dist]
# distance from previous block
# <min> <max>
2	4

[block]
# block no. 2 follows, 26 sequences, length 42
# corresponding to MSA columns:
# 161-202
name=unknown_C
#
# <colnr> <probs for GDERKNQSTAVLIFYWHMCP>
#	G	D	E	R	K	N	Q	S	T	A	V	L	I	F	Y	W	H	M	C	P
0	0.01609	0.08883	0.12684	0.01307	0.02050	0.01327	0.01243	0.02024	0.01574	0.02393	0.01321	0.01542	0.01083	0.00596	0.00580	0.00138	0.00676	0.00463	0.00416	0.58090
1	0.00963	0.00690	0.00915	0.01030	0.01109	0.00642	0.00707	0.01153	0.01632	0.02222	0.20739	0.55475	0.05570	0.02163	0.00949	0.00290	0.00419	0.01953	0.00738	0.00642
2	0.70816	0.01623	0.01228	0.01087	0.01558	0.05747	0.00887	0.05177	0.01444	0.03375	0.01098	0.01267	0.00852	0.00718	0.00495	0.00232	0.00644	0.00428	0.00478	0.00846
3	0.01454	0.01105	0.01321	0.01329	0.01610	0.01158	0.01094	0.02342	0.22315	0.04923	0.07550	0.06221	0.12859	0.01667	0.00922	0.00297	0.00603	0.29625	0.00738	0.00869
4	0.01101	0.00743	0.00868	0.00868	0.00882	0.00758	0.00511	0.01129	0.01115	0.01501	0.02353	0.04757	0.02668	0.66281	0.10800	0.00786	0.00871	0.01073	0.00454	0.00482
5	0.01537	0.03683	0.61992	0.05104	0.03412	0.01770	0.07284	0.02385	0.01611	0.02385	0.01373	0.01651	0.00977	0.00716	0.00735	0.00242	0.01128	0.00589	0.00326	0.01102
6	0.01414	0.00707	0.00707	0.00707	0.00884	0.00707	0.00530	0.01767	0.01591	0.02828	0.02474	0.02828	0.01944	0.00884	0.00530	0.00177	0.00353	0.00707	0.77554	0.00707
7	0.02073	0.69851	0.03872	0.01335	0.01969	0.06787	0.01307	0.02314	0.01575	0.01789	0.01061	0.01225	0.00974	0.00656	0.00498	0.00164	0.00842	0.00410	0.00328	0.00968
8	0.01811	0.01126	0.01425	0.01350	0.03470	0.01113	0.01047	0.07567	0.09287	0.16021	0.22120	0.08020	0.07324	0.01458	0.00873	0.00264	0.00569	0.13431	0.00790	0.00933
9	0.03850	0.04257	0.01965	0.01487	0.02028	0.03647	0.04100	0.19911	0.10459	0.11887	0.05117	0.06714	0.01927	0.00943	0.00724	0.00210	0.00701	0.00777	0.00663	0.18632
10	0.01112	0.00806	0.01051	0.01124	0.01237	0.00808	0.00799	0.06097	0.01644	0.02232	0.09776	0.50411	0.04462	0.02689	0.11486	0.00434	0.00704	0.01765	0.00675	0.00686
11	0.01559	0.01345	0.01697	0.11298	0.02253	0.01313	0.01167	0.04633	0.07290	0.02421	0.01851	0.10984	0.01709	0.00953	0.00853	0.00196	0.07459	0.00768	0.00496	0.39756
12	0.01695	0.01392	0.01492	0.01366	0.01685	0.05231	0.01075	0.12378	0.20632	0.03107	0.22787	0.09016	0.04008	0.01389	0.00852	0.00259	0.00608	0.09332	0.00753	0.00943
13	0.01066	0.00762	0.01043	0.01219	0.01325	0.00739	0.00951	0.01302	0.01592	0.02095	0.04102	0.42197	0.04706	0.02242	0.01006	0.00328	0.00563	0.31405	0.00701	0.00655
14	0.01318	0.00659	0.00988	0.00988	0.00988	0.00659	0.00659	0.00988	0.00988	0.01318	0.01318	0.02306	0.01318	0.02635	0.02964	0.77931	0.00659	0.00659	0.00329	0.00329
15	0.01318	0.00659	0.00988	0.00988	0.00988	0.00659	0.00659	0.00988	0.00988	0.01318	0.01318	0.02306	0.01318	0.02635	0.02964	0.77931	0.00659	0.00659	0.00329	0.00329
16	0.01432	0.01348	0.02275	0.71520	0.05224	0.01685	0.02107	0.01938	0.01517	0.01938	0.01348	0.02022	0.01011	0.00758	0.00758	0.00253	0.01011	0.00674	0.00337	0.00843
17	0.01414	0.00707	0.00707	0.00707	0.00884	0.00707	0.00530	0.01767	0.01591	0.02828	0.02474	0.02828	0.01944	0.00884	0.00530	0.00177	0.00353	0.00707	0.77554	0.00707
18	0.09743	0.01942	0.02361	0.13058	0.02834	0.09306	0.10051	0.20777	0.05161	0.05377	0.01647	0.03942	0.01295	0.00908	0.00923	0.00247	0.08156	0.00715	0.00535	0.01022
19	0.61119	0.06451	0.01466	0.04283	0.01747	0.01786	0.00964	0.05636	0.01494	0.07542	0.01234	0.01385	0.00933	0.00729	0.00518	0.00230	0.00638	0.00459	0.00499	0.00888
20	0.08275	0.05541	0.02223	0.02028	0.06754	0.47879	0.01481	0.08325	0.02096	0.02264	0.01222	0.01446	0.01009	0.00811	0.00789	0.00211	0.05771	0.00521	0.00422	0.00933
21	0.06811	0.01163	0.01334	0.01316	0.01623	0.01236	0.01078	0.02451	0.23204	0.05688	0.06869	0.05615	0.11556	0.01551	0.00879	0.00289	0.00601	0.25121	0.00725	0.00892
22	0.00935	0.00681	0.00885	0.01043	0.01114	0.00630	0.00715	0.01083	0.01493	0.01963	0.04522	0.63404	0.11286	0.02318	0.00965	0.00305	0.00446	0.04888	0.00704	0.00622
23	0.01153	0.00893	0.01361	0.01379	0.04413	0.00985	0.03598	0.01393	0.01243	0.01764	0.02054	0.03283	0.02004	0.18624	0.51167	0.01038	0.01693	0.00867	0.00415	0.00672
24	0.72873	0.01517	0.01204	0.01055	0.01535	0.01752	0.00869	0.07138	0.01466	0.03509	0.01115	0.01277	0.00857	0.00720	0.00492	0.00234	0.00606	0.00432	0.00492	0.00857
25	0.03124	0.01329	0.01743	0.01354	0.01930	0.01186	0.01109	0.03608	0.08702	0.57897	0.02889	0.02538	0.01870	0.00922	0.00750	0.00229	0.00635	0.00751	0.00888	0.06547
26	0.02375	0.01695	0.01874	0.01544	0.02003	0.01846	0.01245	0.39737	0.10259	0.07668	0.02413	0.06174	0.02055	0.08126	0.01099	0.00296	0.00756	0.06991	0.00733	0.01111
27	0.01748	0.02243	0.12025	0.05027	0.03193	0.08558	0.32851	0.02259	0.01689	0.02228	0.01874	0.02394	0.05776	0.00901	0.01096	0.00262	0.12053	0.02476	0.00397	0.00951
28	0.01578	0.01316	0.01316	0.01399	0.05610	0.14249	0.00902	0.01493	0.01326	0.01583	0.01742	0.10020	0.01827	0.11241	0.02280	0.39532	0.00798	0.00845	0.00401	0.00540
29	0.01804	0.01727	0.02946	0.15690	0.58151	0.01783	0.02291	0.02264	0.01692	0.02389	0.01414	0.01901	0.01170	0.00689	0.00752	0.00230	0.00919	0.00676	0.00369	0.01142
30	0.00980	0.00703	0.00930	0.01018	0.01113	0.00654	0.00708	0.01197	0.01713	0.02352	0.28239	0.47606	0.05821	0.02066	0.00941	0.00282	0.00409	0.01862	0.00753	0.00654
31	0.02474	0.01497	0.01710	0.01434	0.01904	0.03596	0.01148	0.09786	0.25281	0.27942	0.10111	0.03074	0.02604	0.01065	0.00786	0.00245	0.00641	0.02710	0.00826	0.01165
32	0.01303	0.00905	0.01140	0.01049	0.01273	0.00872	0.00795	0.04631	0.05985	0.06125	0.54735	0.08960	0.06240	0.01509	0.00879	0.00243	0.00412	0.01326	0.00825	0.00791
33	0.02225	0.01542	0.01738	0.01586	0.05177	0.05497	0.01197	0.13622	0.17979	0.17324	0.16021	0.03422	0.03036	0.01133	0.00804	0.00244	0.00666	0.04928	0.00771	0.01085
34	0.64741	0.12181	0.01578	0.03414	0.01664	0.01894	0.00935	0.02226	0.01336	0.03114	0.01066	0.01256	0.00850	0.00698	0.00482	0.00225	0.00634	0.00419	0.00443	0.00845
35	0.04486	0.06583	0.02289	0.39805	0.03820	0.04401	0.01763	0.18578	0.02077	0.02727	0.01584	0.02232	0.01262	0.00864	0.00744	0.00243	0.00933	0.04177	0.00472	0.00960
36	0.01347	0.01104	0.01630	0.06550	0.18356	0.01114	0.01255	0.06148	0.01725	0.02353	0.07535	0.40775	0.03681	0.01684	0.00880	0.00273	0.00615	0.01530	0.00611	0.00833
37	0.01057	0.00763	0.00999	0.00966	0.01130	0.00705	0.00714	0.01390	0.02070	0.02919	0.61130	0.13096	0.06920	0.01642	0.00903	0.00246	0.00367	0.01459	0.00820	0.00705
38	0.01303	0.00918	0.01135	0.01044	0.01284	0.00890	0.00795	0.01885	0.10797	0.06719	0.52321	0.05210	0.09795	0.01468	0.00871	0.00242	0.00408	0.01282	0.00825	0.00808
39	0.01640	0.00901	0.01195	0.01050	0.01328	0.00813	0.00813	0.01982	0.02153	0.19107	0.52359	0.04916	0.05874	0.01402	0.00863	0.00238	0.00428	0.01224	0.00860	0.00855
40	0.01864	0.01852	0.03023	0.12696	0.53292	0.05211	0.06360	0.02321	0.01726	0.02377	0.01411	0.01881	0.01163	0.00689	0.00758	0.00229	0.00962	0.00680	0.00372	0.01129
41	0.01700	0.01621	0.02758	0.31305	0.43348	0.01756	0.02240	0.02172	0.01643	0.02263	0.01395	0.01935	0.01126	0.00709	0.00754	0.00236	0.00945	0.00675	0.00360	0.01058

[dist]
# distance from previous block
# <min> <max>
0	1

[block]
# block no. 3 follows, 26 sequences, length 80
# corresponding to MSA columns:
# 204-283
name=unknown_D
#
# <colnr> <probs for GDERKNQSTAVLIFYWHMCP>
#	G	D	E	R	K	N	Q	S	T	A	V	L	I	F	Y	W	H	M	C	P
0	0.08639	0.02519	0.01891	0.01676	0.02099	0.34169	0.01298	0.11026	0.12192	0.08118	0.01936	0.05225	0.01598	0.00966	0.00723	0.00226	0.00993	0.03141	0.00573	0.00991
1	0.05860	0.04249	0.01754	0.01364	0.01848	0.03859	0.01115	0.26264	0.04642	0.16267	0.03531	0.03515	0.18113	0.01186	0.00778	0.00238	0.00679	0.02941	0.00737	0.01060
2	0.01127	0.00875	0.01262	0.01259	0.01370	0.01019	0.00976	0.01370	0.01307	0.01862	0.05135	0.12037	0.02585	0.06713	0.46172	0.00914	0.08429	0.04437	0.00472	0.00680
3	0.01565	0.01520	0.02142	0.01864	0.01887	0.02097	0.01542	0.01748	0.01171	0.01815	0.01166	0.01877	0.01144	0.02045	0.13649	0.00478	0.60454	0.00688	0.00344	0.00805
4	0.01690	0.03015	0.39178	0.02333	0.03207	0.05339	0.20961	0.02381	0.01682	0.04532	0.01624	0.05325	0.01300	0.02991	0.00878	0.00261	0.01120	0.00756	0.00386	0.01040
5	0.01318	0.00659	0.00988	0.00988	0.00988	0.00659	0.00659	0.00988	0.00988	0.01318	0.01318	0.02306	0.01318	0.02635	0.02964	0.77931	0.00659	0.00659	0.00329	0.00329
6	0.01689	0.01610	0.02739	0.32951	0.41788	0.01753	0.02234	0.02163	0.01638	0.02250	0.01393	0.01939	0.01121	0.00711	0.00754	0.00237	0.00948	0.00675	0.00359	0.01050
7	0.01314	0.01220	0.01941	0.55821	0.04292	0.01453	0.01767	0.01750	0.01564	0.01963	0.02754	0.03193	0.15942	0.01016	0.00789	0.00254	0.00872	0.00880	0.00419	0.00798
8	0.01208	0.00987	0.01424	0.01353	0.01449	0.01225	0.01061	0.01435	0.01198	0.01752	0.01839	0.02855	0.01772	0.10110	0.50597	0.00991	0.16854	0.00804	0.00395	0.00693
9	0.25706	0.05875	0.01799	0.04083	0.02018	0.28722	0.01189	0.09020	0.01891	0.02624	0.01477	0.06991	0.01333	0.03360	0.00749	0.00238	0.00941	0.00636	0.00474	0.00873
10	0.02208	0.01742	0.05484	0.01563	0.02072	0.01792	0.01295	0.09371	0.47143	0.14292	0.02865	0.02632	0.02077	0.00987	0.00766	0.00250	0.00657	0.00810	0.00774	0.01219
11	0.01947	0.04836	0.01707	0.01266	0.01778	0.01253	0.01015	0.04823	0.05981	0.15801	0.02172	0.11842	0.01890	0.00980	0.00779	0.00192	0.04379	0.00796	0.00604	0.35958
12	0.31740	0.04907	0.01998	0.28391	0.11690	0.05412	0.01563	0.02176	0.01491	0.02568	0.01222	0.01623	0.00958	0.00723	0.00628	0.00235	0.00841	0.00549	0.00396	0.00889
13	0.04054	0.03843	0.67172	0.02124	0.03223	0.01760	0.02737	0.02396	0.01591	0.02435	0.01351	0.01589	0.00956	0.00720	0.00712	0.00240	0.01103	0.00556	0.00325	0.01111
14	0.68374	0.01480	0.01226	0.01063	0.01550	0.01677	0.00876	0.05226	0.01474	0.09514	0.01269	0.01383	0.00940	0.00735	0.00509	0.00234	0.00603	0.00455	0.00526	0.00886
15	0.01573	0.01348	0.01573	0.01123	0.01798	0.01011	0.00899	0.01910	0.01573	0.02472	0.01348	0.01573	0.01123	0.00562	0.00562	0.00112	0.00562	0.00449	0.00449	0.77980
16	0.01414	0.00707	0.00707	0.00707	0.00884	0.00707	0.00530	0.01767	0.01591	0.02828	0.02474	0.02828	0.01944	0.00884	0.00530	0.00177	0.00353	0.00707	0.77554	0.00707
17	0.03086	0.01799	0.02075	0.01591	0.02190	0.01869	0.01314	0.41741	0.03022	0.29891	0.02278	0.02118	0.01519	0.00922	0.00760	0.00230	0.00761	0.00714	0.00829	0.01290
18	0.01344	0.01213	0.01612	0.10200	0.02018	0.05697	0.01256	0.01620	0.01305	0.01801	0.01702	0.02516	0.01562	0.03962	0.44797	0.00871	0.14655	0.00748	0.00383	0.00739
19	0.01573	0.01348	0.01573	0.01123	0.01798	0.01011	0.00899	0.01910	0.01573	0.02472	0.01348	0.01573	0.01123	0.00562	0.00562	0.00112	0.00562	0.00449	0.00449	0.77980
20	0.01084	0.00810	0.01205	0.01205	0.01336	0.00941	0.00931	0.01346	0.01215	0.01751	0.02044	0.03050	0.01927	0.08076	0.67991	0.01202	0.01986	0.00823	0.00408	0.00670
21	0.01535	0.03830	0.66195	0.02213	0.03317	0.01769	0.05928	0.02403	0.01611	0.02403	0.01370	0.01623	0.00970	0.00717	0.00729	0.00241	0.01129	0.00577	0.00323	0.01116
22	0.01758	0.35081	0.37609	0.01816	0.02713	0.02322	0.04611	0.02345	0.01582	0.02127	0.01231	0.01447	0.00974	0.00685	0.00623	0.00206	0.00989	0.00504	0.00325	0.01051
23	0.00905	0.00769	0.00781	0.00778	0.01030	0.00644	0.00583	0.01106	0.01750	0.02098	0.10684	0.07219	0.65273	0.01903	0.00896	0.00255	0.00383	0.01589	0.00711	0.00644
24	0.01629	0.01614	0.02265	0.01950	0.01958	0.02250	0.01622	0.01800	0.01165	0.01822	0.01051	0.01730	0.01044	0.01559	0.06093	0.00379	0.68241	0.00672	0.00336	0.00822
25	0.01887	0.01629	0.01715	0.01544	0.01972	0.01887	0.01201	0.04031	0.67241	0.03173	0.03087	0.02830	0.02315	0.01029	0.00772	0.00257	0.00600	0.00858	0.00772	0.01201
26	0.00931	0.00665	0.00886	0.01051	0.01102	0.00621	0.00705	0.01073	0.01484	0.01987	0.07126	0.69757	0.05115	0.02338	0.00965	0.00305	0.00436	0.02120	0.00710	0.00621
27	0.01089	0.00914	0.01527	0.01432	0.01604	0.00857	0.12460	0.01306	0.01496	0.02003	0.03616	0.56784	0.04209	0.05488	0.01095	0.00319	0.00606	0.01878	0.00634	0.00682
28	0.78701	0.01467	0.01115	0.00997	0.01467	0.01702	0.00821	0.02230	0.01291	0.03403	0.01056	0.01232	0.00821	0.00704	0.00469	0.00235	0.00587	0.00411	0.00469	0.00821
29	0.02833	0.03615	0.02149	0.01954	0.02345	0.70298	0.01466	0.03029	0.02149	0.01856	0.01172	0.01368	0.00977	0.00782	0.00684	0.00195	0.01368	0.00489	0.00391	0.00879
30	0.06096	0.01399	0.01800	0.01385	0.01970	0.01287	0.01144	0.11264	0.02309	0.58868	0.02778	0.02439	0.01767	0.00927	0.00752	0.00234	0.00666	0.00740	0.00900	0.01274
31	0.01700	0.01753	0.02570	0.07825	0.02505	0.04746	0.09365	0.01952	0.01303	0.01908	0.01096	0.01725	0.01015	0.01178	0.02090	0.00311	0.55077	0.00686	0.00341	0.00856
32	0.78701	0.01467	0.01115	0.00997	0.01467	0.01702	0.00821	0.02230	0.01291	0.03403	0.01056	0.01232	0.00821	0.00704	0.00469	0.00235	0.00587	0.00411	0.00469	0.00821
33	0.01270	0.00998	0.01252	0.01380	0.01553	0.04558	0.01164	0.01587	0.01669	0.02150	0.03565	0.10832	0.03837	0.02600	0.11809	0.00474	0.00927	0.47037	0.00637	0.00700
34	0.01658	0.01399	0.01597	0.01185	0.01815	0.01160	0.00947	0.06400	0.07299	0.02669	0.01812	0.01953	0.04247	0.00686	0.00608	0.00139	0.00576	0.00552	0.00509	0.62790
35	0.01414	0.00707	0.00707	0.00707	0.00884	0.00707	0.00530	0.01767	0.01591	0.02828	0.02474	0.02828	0.01944	0.00884	0.00530	0.00177	0.00353	0.00707	0.77554	0.00707
36	0.02656	0.04757	0.01730	0.01297	0.01782	0.01257	0.01061	0.08410	0.05710	0.41127	0.18377	0.03201	0.03068	0.01073	0.00781	0.00233	0.00598	0.00889	0.00860	0.01133
37	0.00991	0.00698	0.00850	0.00943	0.00988	0.00664	0.00599	0.01077	0.01341	0.01766	0.03785	0.40985	0.09524	0.29820	0.02082	0.00469	0.00550	0.01701	0.00609	0.00558
38	0.01573	0.01348	0.01573	0.01123	0.01798	0.01011	0.00899	0.01910	0.01573	0.02472	0.01348	0.01573	0.01123	0.00562	0.00562	0.00112	0.00562	0.00449	0.00449	0.77980
39	0.01103	0.00735	0.00827	0.00827	0.00827	0.00735	0.00460	0.01103	0.01103	0.01471	0.02390	0.04964	0.02758	0.73343	0.03861	0.00735	0.00735	0.01103	0.00460	0.00460
40	0.02071	0.02154	0.02932	0.06204	0.41765	0.14579	0.07932	0.05591	0.01869	0.02423	0.01387	0.01791	0.01143	0.00736	0.00830	0.00228	0.04208	0.00661	0.00395	0.01100
41	0.01084	0.00813	0.01219	0.01219	0.01354	0.00948	0.00948	0.01354	0.01219	0.01761	0.02032	0.02980	0.01896	0.05689	0.70337	0.01219	0.02032	0.00813	0.00406	0.00677
42	0.02790	0.03446	0.02201	0.02073	0.05544	0.63266	0.01506	0.06453	0.02207	0.02047	0.01220	0.01417	0.01005	0.00784	0.00691	0.00199	0.01316	0.00508	0.00410	0.00917
43	0.06931	0.03214	0.02071	0.01848	0.02259	0.55919	0.01407	0.10240	0.02230	0.02277	0.01275	0.01476	0.01041	0.00985	0.03422	0.00242	0.01289	0.00520	0.00438	0.00916
44	0.01852	0.01788	0.03085	0.07922	0.63352	0.01800	0.04398	0.02312	0.01719	0.02450	0.01426	0.01890	0.01190	0.00679	0.00756	0.00228	0.00919	0.00683	0.00374	0.01178
45	0.01318	0.00659	0.00988	0.00988	0.00988	0.00659	0.00659	0.00988	0.00988	0.01318	0.01318	0.02306	0.01318	0.02635	0.02964	0.77931	0.00659	0.00659	0.00329	0.00329
46	0.01088	0.00795	0.01132	0.01132	0.01237	0.00901	0.00839	0.01299	0.01193	0.01696	0.02111	0.03421	0.02088	0.20738	0.55550	0.01111	0.01743	0.00877	0.00418	0.00629
47	0.02330	0.01554	0.01809	0.01465	0.01889	0.01661	0.01167	0.32293	0.05908	0.10547	0.01859	0.02100	0.01424	0.01525	0.04680	0.17515	0.02961	0.00686	0.00634	0.05992
48	0.01606	0.15596	0.58482	0.02018	0.03060	0.01969	0.02551	0.02380	0.01591	0.02299	0.01310	0.01537	0.00963	0.00709	0.00682	0.00227	0.01069	0.00535	0.00321	0.01096
49	0.01414	0.00707	0.00707	0.00707	0.00884	0.00707	0.00530	0.01767	0.01591	0.02828	0.02474	0.02828	0.01944	0.00884	0.00530	0.00177	0.00353	0.00707	0.77554	0.00707
50	0.01887	0.01629	0.01715	0.01544	0.01972	0.01887	0.01201	0.04031	0.67241	0.03173	0.03087	0.02830	0.02315	0.01029	0.00772	0.00257	0.00600	0.00858	0.00772	0.01201
51	0.02391	0.01713	0.01876	0.01569	0.02071	0.01896	0.01253	0.20950	0.39873	0.13703	0.02726	0.02516	0.01968	0.00983	0.00767	0.00246	0.00671	0.00795	0.00794	0.01239
52	0.01521	0.03923	0.69413	0.02162	0.03283	0.01762	0.02802	0.02402	0.01601	0.02402	0.01361	0.01601	0.00961	0.00721	0.00721	0.00240	0.01121	0.00560	0.00320	0.01121
53	0.78701	0.01467	0.01115	0.00997	0.01467	0.01702	0.00821	0.02230	0.01291	0.03403	0.01056	0.01232	0.00821	0.00704	0.00469	0.00235	0.00587	0.00411	0.00469	0.00821
54	0.01408	0.01315	0.02208	0.68119	0.05025	0.01634	0.02039	0.01895	0.01514	0.01938	0.01485	0.05441	0.01204	0.00836	0.00768	0.00255	0.00984	0.00746	0.00355	0.00832
55	0.01546	0.07329	0.66224	0.02120	0.03218	0.01822	0.02729	0.02396	0.01598	0.02372	0.01346	0.01583	0.00961	0.00717	0.00709	0.00236	0.01106	0.00553	0.00320	0.01114
56	0.05729	0.70308	0.03837	0.01283	0.01924	0.02939	0.01275	0.02269	0.01529	0.01863	0.01055	0.01217	0.00966	0.00652	0.00486	0.00166	0.00800	0.00406	0.00331	0.00966
57	0.01742	0.04651	0.02687	0.08047	0.02598	0.07495	0.12674	0.02022	0.01403	0.01944	0.01253	0.04364	0.01171	0.01130	0.01791	0.00294	0.42772	0.00736	0.00359	0.00866
58	0.01209	0.01045	0.01457	0.04165	0.01587	0.01272	0.01106	0.01374	0.01342	0.01889	0.02853	0.41872	0.03305	0.02097	0.04685	0.00356	0.25625	0.01513	0.00545	0.00703
59	0.01321	0.01174	0.01716	0.09003	0.02050	0.01274	0.05542	0.01566	0.01425	0.02021	0.02428	0.29665	0.02667	0.04133	0.01316	0.00286	0.16568	0.01243	0.00507	0.14094
60	0.01318	0.00659	0.00988	0.00988	0.00988	0.00659	0.00659	0.00988	0.00988	0.01318	0.01318	0.02306	0.01318	0.02635	0.02964	0.77931	0.00659	0.00659	0.00329	0.00329
61	0.01414	0.00707	0.00707	0.00707	0.00884	0.00707	0.00530	0.01767	0.01591	0.02828	0.02474	0.02828	0.01944	0.00884	0.00530	0.00177	0.00353	0.00707	0.77554	0.00707
62	0.03253	0.01531	0.01909	0.01464	0.02056	0.01471	0.01209	0.21672	0.02573	0.50593	0.02655	0.02363	0.01708	0.00931	0.00762	0.00233	0.00700	0.00740	0.00887	0.01291
63	0.01848	0.01596	0.01678	0.01513	0.01935	0.01838	0.01176	0.03915	0.64666	0.03129	0.03268	0.03006	0.04909	0.01064	0.00777	0.00257	0.00592	0.00887	0.00769	0.01179
64	0.01988	0.01680	0.01772	0.01564	0.02011	0.01934	0.01225	0.10350	0.60756	0.03337	0.02958	0.02727	0.02211	0.01017	0.00770	0.00254	0.00624	0.00840	0.00770	0.01210
65	0.02291	0.13162	0.02279	0.01547	0.02107	0.07907	0.01277	0.25135	0.19045	0.03302	0.01897	0.01907	0.01450	0.00836	0.00683	0.00205	0.00775	0.00632	0.00616	0.12951
66	0.01552	0.01455	0.02381	0.57470	0.04679	0.01797	0.04957	0.05467	0.01606	0.02105	0.01347	0.01975	0.01031	0.00819	0.00941	0.00260	0.08239	0.00684	0.00362	0.00874
67	0.01084	0.00813	0.01219	0.01219	0.01354	0.00948	0.00948	0.01354	0.01219	0.01761	0.02032	0.02980	0.01896	0.05689	0.70337	0.01219	0.02032	0.00813	0.00406	0.00677
68	0.02028	0.73799	0.03975	0.01298	0.01947	0.03001	0.01298	0.02271	0.01541	0.01785	0.01055	0.01217	0.00973	0.00649	0.00487	0.00162	0.00811	0.00406	0.00324	0.00973
69	0.01695	0.05821	0.17657	0.07945	0.07816	0.01869	0.38560	0.02326	0.01703	0.02342	0.01545	0.04331	0.01228	0.00728	0.00822	0.00248	0.01151	0.00814	0.00375	0.01025
70	0.04983	0.39555	0.02938	0.01355	0.01959	0.02280	0.01232	0.07402	0.07316	0.21431	0.01833	0.01785	0.01361	0.00784	0.00608	0.00198	0.00741	0.00565	0.00573	0.01101
71	0.01571	0.06116	0.60373	0.02311	0.06458	0.01815	0.06185	0.02396	0.01616	0.02386	0.01363	0.01626	0.00983	0.00712	0.00724	0.00238	0.01108	0.00579	0.00327	0.01114
72	0.01683	0.01604	0.02727	0.33902	0.40886	0.01751	0.02231	0.02157	0.01635	0.02242	0.01392	0.01941	0.01118	0.00712	0.00754	0.00237	0.00949	0.00675	0.00359	0.01045
73	0.01318	0.00659	0.00988	0.00988	0.00988	0.00659	0.00659	0.00988	0.00988	0.01318	0.01318	0.02306	0.01318	0.02635	0.02964	0.77931	0.00659	0.00659	0.00329	0.00329
74	0.78701	0.01467	0.01115	0.00997	0.01467	0.01702	0.00821	0.02230	0.01291	0.03403	0.01056	0.01232	0.00821	0.00704	0.00469	0.00235	0.00587	0.00411	0.00469	0.00821
75	0.01103	0.00735	0.00827	0.00827	0.00827	0.00735	0.00460	0.01103	0.01103	0.01471	0.02390	0.04964	0.02758	0.73343	0.03861	0.00735	0.00735	0.01103	0.00460	0.00460
76	0.01414	0.00707	0.00707	0.00707	0.00884	0.00707	0.00530	0.01767	0.01591	0.02828	0.02474	0.02828	0.01944	0.00884	0.00530	0.00177	0.00353	0.00707	0.77554	0.00707
77	0.01573	0.01348	0.01573	0.01123	0.01798	0.01011	0.00899	0.01910	0.01573	0.02472	0.01348	0.01573	0.01123	0.00562	0.00562	0.00112	0.00562	0.00449	0.00449	0.77980
78	0.01682	0.01387	0.01440	0.01267	0.01582	0.07092	0.00987	0.15649	0.08412	0.03260	0.37824	0.04368	0.07593	0.01332	0.00841	0.00238	0.00579	0.02809	0.00765	0.00893
79	0.01884	0.05730	0.09245	0.02428	0.12197	0.01655	0.21103	0.02428	0.03944	0.08557	0.01602	0.01882	0.01226	0.00694	0.00784	0.00209	0.03004	0.00675	0.00453	0.20301

[dist]
# distance from previous block
# <min> <max>
0	47

[block]
# block no. 4 follows, 26 sequences, length 97
# corresponding to MSA columns:
# 331-427
name=unknown_E
#
# <colnr> <probs for GDERKNQSTAVLIFYWHMCP>
#	G	D	E	R	K	N	Q	S	T	A	V	L	I	F	Y	W	H	M	C	P
0	0.04581	0.25725	0.16923	0.01376	0.01972	0.01780	0.01410	0.02204	0.01799	0.09932	0.21683	0.02802	0.02940	0.00972	0.00691	0.00213	0.00714	0.00772	0.00553	0.00958
1	0.02444	0.01761	0.01949	0.01563	0.02064	0.01908	0.01260	0.43809	0.07639	0.07351	0.02180	0.08061	0.01781	0.03379	0.05382	0.00310	0.00837	0.00833	0.00719	0.04771
2	0.40706	0.04980	0.01722	0.01342	0.01861	0.04286	0.01107	0.24312	0.07306	0.03734	0.01482	0.01564	0.01112	0.00801	0.00600	0.00230	0.00709	0.00542	0.00583	0.01021
3	0.01414	0.00707	0.00707	0.00707	0.00884	0.00707	0.00530	0.01767	0.01591	0.02828	0.02474	0.02828	0.01944	0.00884	0.00530	0.00177	0.00353	0.00707	0.77554	0.00707
4	0.09506	0.31005	0.26279	0.01747	0.04198	0.11369	0.01826	0.02415	0.01624	0.02188	0.01187	0.01390	0.00961	0.00698	0.00600	0.00203	0.00974	0.00478	0.00347	0.01004
5	0.06105	0.01819	0.08068	0.11699	0.02701	0.01947	0.07944	0.05766	0.16137	0.02543	0.04464	0.02155	0.01567	0.01013	0.01283	0.00274	0.22315	0.00738	0.00485	0.00977
6	0.01075	0.00724	0.00835	0.00863	0.00870	0.00717	0.00498	0.01096	0.01157	0.01543	0.02668	0.15516	0.03109	0.62312	0.03411	0.00669	0.00689	0.01267	0.00498	0.00484
7	0.01318	0.00659	0.00988	0.00988	0.00988	0.00659	0.00659	0.00988	0.00988	0.01318	0.01318	0.02306	0.01318	0.02635	0.02964	0.77931	0.00659	0.00659	0.00329	0.00329
8	0.01651	0.21744	0.52725	0.01942	0.02942	0.02078	0.02419	0.02369	0.01586	0.02245	0.01283	0.01503	0.00964	0.00702	0.00661	0.00220	0.01042	0.00521	0.00321	0.01083
9	0.02479	0.01897	0.02244	0.05204	0.05208	0.02086	0.04263	0.45671	0.09056	0.04014	0.01967	0.02277	0.01509	0.01029	0.00882	0.03867	0.00829	0.03662	0.00684	0.01172
10	0.02737	0.03300	0.02177	0.01937	0.02315	0.57758	0.01480	0.09108	0.02203	0.02140	0.01221	0.01438	0.01009	0.00841	0.00847	0.00210	0.07418	0.00523	0.00422	0.00915
11	0.05508	0.05591	0.05584	0.02437	0.03128	0.01762	0.39527	0.05400	0.01833	0.08927	0.01746	0.05344	0.01379	0.00763	0.00804	0.00236	0.01034	0.00836	0.00474	0.07686
12	0.01647	0.19400	0.52427	0.02061	0.05369	0.02039	0.02450	0.02370	0.01593	0.02267	0.01295	0.01526	0.00972	0.00703	0.00670	0.00222	0.01044	0.00530	0.00323	0.01091
13	0.01217	0.00912	0.01109	0.01179	0.01321	0.00931	0.00832	0.06922	0.10370	0.02340	0.03837	0.57571	0.04344	0.02074	0.00924	0.00295	0.00495	0.01860	0.00718	0.00750
14	0.07134	0.05284	0.02668	0.21882	0.18059	0.07791	0.09123	0.07169	0.01777	0.02439	0.01354	0.01786	0.01078	0.00754	0.00823	0.00232	0.05015	0.00642	0.00402	0.04588
15	0.03259	0.01323	0.01756	0.01368	0.01940	0.01188	0.01123	0.03728	0.08350	0.62873	0.03001	0.02605	0.01919	0.00947	0.00764	0.00237	0.00641	0.00772	0.00923	0.01282
16	0.01414	0.00707	0.00707	0.00707	0.00884	0.00707	0.00530	0.01767	0.01591	0.02828	0.02474	0.02828	0.01944	0.00884	0.00530	0.00177	0.00353	0.00707	0.77554	0.00707
17	0.01084	0.00813	0.01219	0.01219	0.01354	0.00948	0.00948	0.01354	0.01219	0.01761	0.02032	0.02980	0.01896	0.05689	0.70337	0.01219	0.02032	0.00813	0.00406	0.00677
18	0.01790	0.02046	0.04476	0.03197	0.03964	0.01918	0.65857	0.02430	0.01790	0.02430	0.01535	0.02046	0.01151	0.00639	0.00895	0.00256	0.01279	0.00895	0.00384	0.01023
19	0.01103	0.00735	0.00827	0.00827	0.00827	0.00735	0.00460	0.01103	0.01103	0.01471	0.02390	0.04964	0.02758	0.73343	0.03861	0.00735	0.00735	0.01103	0.00460	0.00460
20	0.02833	0.03615	0.02149	0.01954	0.02345	0.70298	0.01466	0.03029	0.02149	0.01856	0.01172	0.01368	0.00977	0.00782	0.00684	0.00195	0.01368	0.00489	0.00391	0.00879
21	0.00924	0.00660	0.00880	0.01056	0.01100	0.00616	0.00704	0.01056	0.01452	0.01936	0.04181	0.72848	0.05017	0.02376	0.00968	0.00308	0.00440	0.02156	0.00704	0.00616
22	0.01111	0.00852	0.01271	0.01255	0.01384	0.01012	0.00981	0.01376	0.01216	0.01764	0.01983	0.02918	0.01854	0.05485	0.67163	0.01178	0.05303	0.00806	0.00403	0.00684
23	0.02208	0.01789	0.01896	0.01609	0.02095	0.02037	0.01278	0.24038	0.46711	0.03691	0.02679	0.02505	0.01985	0.00991	0.00768	0.00248	0.00676	0.00801	0.00768	0.01229
24	0.01022	0.00830	0.00883	0.00876	0.01117	0.00738	0.00651	0.04802	0.01812	0.02235	0.09725	0.16752	0.52054	0.01914	0.00899	0.00261	0.00417	0.01621	0.00714	0.00677
25	0.00966	0.00695	0.00922	0.01067	0.01144	0.00651	0.00748	0.01143	0.01561	0.02086	0.10996	0.57803	0.07267	0.02249	0.00965	0.00303	0.00453	0.07628	0.00717	0.00635
26	0.01985	0.01678	0.01771	0.01564	0.02010	0.01933	0.01224	0.10171	0.60940	0.03332	0.02962	0.02730	0.02214	0.01017	0.00771	0.00254	0.00623	0.00840	0.00771	0.01209
27	0.01318	0.00659	0.00988	0.00988	0.00988	0.00659	0.00659	0.00988	0.00988	0.01318	0.01318	0.02306	0.01318	0.02635	0.02964	0.77931	0.00659	0.00659	0.00329	0.00329
28	0.06389	0.02073	0.02134	0.01674	0.02238	0.05082	0.01370	0.54644	0.06309	0.04440	0.04724	0.01989	0.01559	0.00929	0.00748	0.00228	0.00813	0.00700	0.00733	0.01221
29	0.01790	0.02046	0.04476	0.03197	0.03964	0.01918	0.65857	0.02430	0.01790	0.02430	0.01535	0.02046	0.01151	0.00639	0.00895	0.00256	0.01279	0.00895	0.00384	0.01023
30	0.03403	0.01291	0.01760	0.01350	0.01936	0.01115	0.01115	0.03697	0.02171	0.69137	0.02992	0.02582	0.01878	0.00939	0.00763	0.00235	0.00645	0.00763	0.00939	0.01291
31	0.01256	0.01122	0.01737	0.01595	0.01720	0.01279	0.08518	0.01474	0.01417	0.01975	0.02882	0.38123	0.03276	0.01981	0.03909	0.00344	0.20956	0.05154	0.00550	0.00731
32	0.02467	0.01705	0.01887	0.01527	0.02028	0.01837	0.01232	0.36431	0.14553	0.12529	0.06094	0.06511	0.05525	0.01102	0.00787	0.00240	0.00698	0.00890	0.00783	0.01173
33	0.02442	0.01905	0.02028	0.01656	0.02184	0.02146	0.01335	0.38614	0.31754	0.04069	0.02382	0.02268	0.01744	0.00963	0.00765	0.00241	0.00731	0.00760	0.00765	0.01250
34	0.01414	0.00707	0.00707	0.00707	0.00884	0.00707	0.00530	0.01767	0.01591	0.02828	0.02474	0.02828	0.01944	0.00884	0.00530	0.00177	0.00353	0.00707	0.77554	0.00707
35	0.01629	0.01747	0.03551	0.21852	0.04049	0.01782	0.41597	0.02181	0.01669	0.02239	0.01640	0.06738	0.01364	0.00813	0.00920	0.00261	0.03727	0.00910	0.00390	0.00939
36	0.03325	0.01416	0.01838	0.01409	0.01999	0.01301	0.01164	0.13064	0.02380	0.59473	0.02817	0.02467	0.01789	0.00935	0.00762	0.00234	0.00674	0.00751	0.00912	0.01291
37	0.01790	0.02046	0.04476	0.03197	0.03964	0.01918	0.65857	0.02430	0.01790	0.02430	0.01535	0.02046	0.01151	0.00639	0.00895	0.00256	0.01279	0.00895	0.00384	0.01023
38	0.78701	0.01467	0.01115	0.00997	0.01467	0.01702	0.00821	0.02230	0.01291	0.03403	0.01056	0.01232	0.00821	0.00704	0.00469	0.00235	0.00587	0.00411	0.00469	0.00821
39	0.71202	0.01449	0.01179	0.01033	0.01514	0.01643	0.00851	0.02376	0.01379	0.09949	0.01249	0.01367	0.00927	0.00727	0.00499	0.00235	0.00593	0.00446	0.00516	0.00868
40	0.06041	0.08575	0.02302	0.01795	0.02257	0.36218	0.01427	0.23088	0.02461	0.02854	0.01356	0.01512	0.01071	0.00840	0.00785	0.00213	0.05138	0.00551	0.00504	0.01013
41	0.00924	0.00660	0.00880	0.01056	0.01100	0.00616	0.00704	0.01056	0.01452	0.01936	0.04181	0.72848	0.05017	0.02376	0.00968	0.00308	0.00440	0.02156	0.00704	0.00616
42	0.00933	0.00664	0.00877	0.01044	0.01086	0.00622	0.00691	0.01059	0.01434	0.01912	0.04087	0.69312	0.04899	0.06073	0.01119	0.00330	0.00455	0.02101	0.00691	0.00608
43	0.02883	0.02125	0.02276	0.01745	0.02352	0.02352	0.01442	0.66082	0.03566	0.04780	0.01821	0.01821	0.01290	0.00911	0.00759	0.00228	0.00835	0.00683	0.00759	0.01290
44	0.00905	0.00769	0.00780	0.00777	0.01030	0.00644	0.00583	0.01105	0.01748	0.02095	0.10510	0.07223	0.65448	0.01904	0.00896	0.00255	0.00383	0.01590	0.00710	0.00644
45	0.01919	0.01645	0.01733	0.01550	0.01985	0.01902	0.01208	0.06015	0.65205	0.03224	0.03047	0.02798	0.02283	0.01025	0.00771	0.00256	0.00608	0.00852	0.00771	0.01203
46	0.02419	0.17599	0.02842	0.01811	0.02349	0.02451	0.07012	0.37085	0.02612	0.03483	0.01506	0.01685	0.01165	0.00893	0.00971	0.00232	0.11547	0.00638	0.00568	0.01129
47	0.01222	0.00918	0.01119	0.01167	0.01330	0.00911	0.00827	0.07014	0.08093	0.02331	0.03722	0.56128	0.04227	0.02023	0.00910	0.00286	0.00496	0.01813	0.00702	0.04762
48	0.02930	0.01664	0.07075	0.01498	0.02102	0.01461	0.01304	0.11965	0.13370	0.44170	0.02726	0.02446	0.01803	0.00933	0.00761	0.00238	0.00700	0.00753	0.00838	0.01262
49	0.01521	0.03923	0.69413	0.02162	0.03283	0.01762	0.02802	0.02402	0.01601	0.02402	0.01361	0.01601	0.00961	0.00721	0.00721	0.00240	0.01121	0.00560	0.00320	0.01121
50	0.01647	0.01734	0.03178	0.04777	0.02924	0.01966	0.30866	0.02044	0.01477	0.02107	0.01456	0.05247	0.01302	0.01271	0.05168	0.00340	0.30372	0.00847	0.00377	0.00900
51	0.01855	0.05391	0.02465	0.37828	0.15742	0.04759	0.01927	0.13556	0.01958	0.02546	0.01521	0.02127	0.01214	0.00814	0.00750	0.00240	0.00953	0.02929	0.00434	0.00991
52	0.01084	0.00813	0.01219	0.01219	0.01354	0.00948	0.00948	0.01354	0.01219	0.01761	0.02032	0.02980	0.01896	0.05689	0.70337	0.01219	0.02032	0.00813	0.00406	0.00677
53	0.00903	0.00769	0.00777	0.00775	0.01028	0.00643	0.00581	0.01101	0.01744	0.02084	0.09826	0.07242	0.66140	0.01908	0.00896	0.00256	0.00383	0.01593	0.00709	0.00643
54	0.01490	0.01409	0.02301	0.54090	0.07269	0.01694	0.04956	0.02110	0.06986	0.02087	0.01773	0.02305	0.04113	0.00843	0.00833	0.00255	0.03468	0.00740	0.00393	0.00887
55	0.08517	0.48239	0.21808	0.01511	0.02274	0.02546	0.01672	0.02304	0.01536	0.02095	0.01139	0.01324	0.00957	0.00674	0.00550	0.00190	0.00877	0.00449	0.00336	0.01001
56	0.01432	0.01348	0.02275	0.71520	0.05224	0.01685	0.02107	0.01938	0.01517	0.01938	0.01348	0.02022	0.01011	0.00758	0.00758	0.00253	0.01011	0.00674	0.00337	0.00843
57	0.00943	0.00674	0.00902	0.01078	0.01130	0.00632	0.00737	0.01089	0.01471	0.01958	0.04170	0.68747	0.04975	0.02358	0.00973	0.00311	0.00457	0.06069	0.00704	0.00621
58	0.02942	0.03827	0.05397	0.01505	0.02075	0.07363	0.01278	0.13843	0.05712	0.40840	0.02559	0.05385	0.01791	0.00969	0.00755	0.00233	0.00757	0.00772	0.00793	0.01203
