[name]
unknown

[dist]
# distance from previous block
# <min> <max>
0	970

[block]
# block no. 0 follows, 25 sequences, length 63
# corresponding to MSA columns:
# 975-1037
name=unknown_A
#
# <colnr> <probs for GDERKNQSTAVLIFYWHMCP>
#	G	D	E	R	K	N	Q	S	T	A	V	L	I	F	Y	W	H	M	C	P
0	0.02633	0.01957	0.02038	0.01655	0.02189	0.07058	0.01348	0.37847	0.09059	0.10767	0.02295	0.04611	0.01824	0.01063	0.00792	0.00241	0.00814	0.05965	0.00745	0.05100
1	0.01249	0.00987	0.01272	0.01355	0.04756	0.00988	0.00959	0.01650	0.07108	0.02325	0.12850	0.22930	0.08953	0.08946	0.01304	0.00329	0.04090	0.10941	0.00664	0.06343
2	0.01145	0.00866	0.01075	0.01129	0.01300	0.00826	0.00828	0.01519	0.07036	0.02265	0.10501	0.35994	0.09180	0.06770	0.01141	0.00320	0.00519	0.10581	0.00702	0.06301
3	0.02415	0.03840	0.01705	0.01326	0.01810	0.01204	0.01083	0.04924	0.04144	0.32639	0.08274	0.08231	0.02632	0.01158	0.00837	0.00235	0.02666	0.06085	0.00775	0.14017
4	0.01210	0.00769	0.00980	0.01028	0.01152	0.00710	0.00707	0.01378	0.01624	0.07695	0.14243	0.40076	0.09631	0.13366	0.01427	0.00363	0.00498	0.01741	0.00721	0.00681
5	0.02061	0.01802	0.02326	0.07018	0.02384	0.05554	0.03357	0.12829	0.01777	0.07260	0.01404	0.01872	0.01177	0.01350	0.04619	0.00336	0.40747	0.00694	0.00467	0.00965
6	0.02812	0.02071	0.02233	0.01725	0.02314	0.02282	0.01420	0.60669	0.03540	0.04757	0.06651	0.02148	0.01756	0.00979	0.00786	0.00234	0.00818	0.00749	0.00781	0.01276
7	0.02014	0.25465	0.13228	0.07468	0.17563	0.02263	0.05067	0.07794	0.05377	0.04606	0.01502	0.01747	0.01190	0.00742	0.00685	0.00217	0.00922	0.00607	0.00429	0.01114
8	0.02634	0.02237	0.07015	0.01727	0.02333	0.08494	0.01473	0.34343	0.14791	0.10059	0.02094	0.02054	0.01507	0.00911	0.00758	0.00231	0.00850	0.00699	0.00711	0.05079
9	0.01672	0.01660	0.02327	0.02002	0.02008	0.02316	0.01666	0.01846	0.01190	0.01863	0.01062	0.01753	0.01057	0.01544	0.05367	0.00377	0.68420	0.00685	0.00342	0.00842
10	0.01894	0.02051	0.07873	0.09875	0.53002	0.04760	0.04514	0.02387	0.01759	0.02453	0.01439	0.01894	0.01182	0.00705	0.00768	0.00233	0.00981	0.00682	0.00377	0.01171
11	0.01809	0.24930	0.06667	0.02348	0.03025	0.02163	0.33754	0.02295	0.01721	0.02234	0.01734	0.05408	0.01558	0.00863	0.00789	0.00240	0.01059	0.06002	0.00411	0.00988
12	0.02302	0.01959	0.01977	0.06700	0.02368	0.08469	0.01368	0.24138	0.31436	0.03553	0.02377	0.02346	0.01771	0.00960	0.00763	0.00242	0.00786	0.00760	0.04550	0.01174
13	0.00945	0.00787	0.00825	0.00815	0.01065	0.00667	0.00612	0.01168	0.01835	0.02254	0.17234	0.07199	0.58120	0.01904	0.00916	0.00259	0.00388	0.01600	0.00741	0.00667
14	0.00945	0.00675	0.00900	0.01080	0.01125	0.00630	0.00720	0.01080	0.01484	0.01979	0.04274	0.72245	0.05128	0.02429	0.00990	0.00315	0.00450	0.02204	0.00720	0.00630
15	0.05600	0.02243	0.02252	0.10076	0.08859	0.16849	0.01589	0.28260	0.02534	0.03282	0.01566	0.01822	0.01208	0.01038	0.03119	0.00267	0.05108	0.00645	0.02602	0.01081
16	0.01887	0.02000	0.06976	0.12090	0.53988	0.04752	0.02345	0.02369	0.01752	0.02437	0.01434	0.01897	0.01181	0.00708	0.00764	0.00233	0.00968	0.00675	0.00377	0.01167
17	0.01112	0.00745	0.00850	0.00865	0.00869	0.00741	0.00491	0.01124	0.01158	0.01544	0.02597	0.10735	0.03014	0.66824	0.03697	0.00715	0.00726	0.01218	0.00491	0.00483
18	0.02225	0.44325	0.12411	0.01582	0.02239	0.12483	0.01564	0.02557	0.01713	0.07539	0.01303	0.01458	0.01073	0.00748	0.00673	0.00196	0.04005	0.00491	0.00394	0.01023
19	0.01767	0.01954	0.10190	0.08812	0.30827	0.01887	0.02074	0.02469	0.10747	0.02448	0.01739	0.02345	0.01472	0.00948	0.01102	0.00265	0.13552	0.03870	0.00440	0.01094
20	0.00954	0.00679	0.00897	0.01068	0.01111	0.00636	0.00707	0.01082	0.01467	0.01955	0.04181	0.68867	0.05012	0.05965	0.01138	0.00337	0.00465	0.02150	0.00707	0.00622
21	0.01464	0.01378	0.02326	0.70887	0.05340	0.01723	0.02153	0.01981	0.01550	0.01981	0.01378	0.02067	0.01034	0.00775	0.00775	0.00258	0.01034	0.00689	0.00345	0.00861
22	0.05323	0.01717	0.02824	0.12938	0.50542	0.01755	0.02165	0.02456	0.01761	0.08789	0.01584	0.01978	0.01252	0.00729	0.00757	0.00235	0.00897	0.00687	0.00438	0.01172
23	0.07429	0.01576	0.02271	0.26107	0.21066	0.01758	0.01813	0.12075	0.04272	0.02830	0.01709	0.02266	0.01364	0.00840	0.00743	0.00242	0.00860	0.02825	0.06926	0.01028
24	0.09138	0.38562	0.27597	0.01687	0.02514	0.02438	0.03953	0.02372	0.01582	0.02236	0.01210	0.01418	0.00981	0.00695	0.00598	0.00205	0.00940	0.00490	0.00346	0.01037
25	0.01049	0.00844	0.01186	0.01207	0.01370	0.00788	0.05425	0.01316	0.03919	0.02097	0.04786	0.48867	0.17897	0.02142	0.00964	0.00299	0.00515	0.03941	0.00698	0.00690
26	0.00945	0.00675	0.00900	0.01080	0.01125	0.00630	0.00720	0.01080	0.01484	0.01979	0.04274	0.72245	0.05128	0.02429	0.00990	0.00315	0.00450	0.02204	0.00720	0.00630
27	0.01445	0.00723	0.00723	0.00723	0.00903	0.00723	0.00542	0.01807	0.01626	0.02891	0.02529	0.02891	0.01987	0.00903	0.00542	0.00181	0.00361	0.00723	0.77055	0.00723
28	0.02073	0.73217	0.04063	0.01327	0.01990	0.03068	0.01327	0.02322	0.01575	0.01824	0.01078	0.01244	0.00995	0.00663	0.00498	0.00166	0.00829	0.00415	0.00332	0.00995
29	0.00981	0.00788	0.00875	0.00854	0.01087	0.00682	0.00640	0.01238	0.01920	0.02458	0.29229	0.06863	0.45998	0.01828	0.00916	0.00255	0.00383	0.01552	0.00768	0.00682
30	0.01893	0.01889	0.08141	0.01638	0.02144	0.01916	0.01383	0.03961	0.60326	0.03168	0.02988	0.02773	0.02235	0.01022	0.00784	0.00261	0.00664	0.00848	0.00745	0.01220
31	0.00960	0.00695	0.00891	0.01033	0.01101	0.00644	0.00692	0.01102	0.01519	0.02007	0.07112	0.59151	0.11033	0.06717	0.01163	0.00334	0.00460	0.02050	0.00710	0.00626
32	0.01093	0.00904	0.01277	0.01138	0.01394	0.00814	0.06821	0.01409	0.01955	0.02610	0.35666	0.11606	0.26982	0.01696	0.00922	0.00258	0.00472	0.01503	0.00753	0.00727
33	0.01097	0.00793	0.01036	0.00975	0.01158	0.00732	0.00732	0.01463	0.02195	0.03109	0.67505	0.05792	0.07316	0.01585	0.00914	0.00244	0.00366	0.01402	0.00854	0.00732
34	0.01555	0.04011	0.68733	0.02210	0.03356	0.01801	0.02865	0.02455	0.01637	0.02455	0.01391	0.01637	0.00982	0.00737	0.00737	0.00246	0.01146	0.00573	0.00327	0.01146
35	0.08548	0.57667	0.03685	0.01457	0.02088	0.08521	0.04559	0.02392	0.01619	0.02004	0.01113	0.01301	0.00992	0.00679	0.00534	0.00180	0.00882	0.00448	0.00353	0.00976
36	0.01299	0.01179	0.06972	0.07900	0.04178	0.00973	0.01123	0.01725	0.02072	0.05623	0.50589	0.04817	0.05741	0.01378	0.00875	0.00245	0.00527	0.01213	0.00748	0.00821
37	0.01641	0.01588	0.02491	0.16618	0.02903	0.01989	0.10206	0.01972	0.01404	0.02086	0.01310	0.01925	0.01129	0.01070	0.01705	0.00289	0.38268	0.00708	0.06818	0.03880
38	0.01128	0.00752	0.00846	0.00846	0.00846	0.00752	0.00470	0.01128	0.01128	0.01503	0.02443	0.05074	0.02819	0.72751	0.03946	0.00752	0.00752	0.01128	0.00470	0.00470
39	0.01838	0.01760	0.03001	0.16530	0.56776	0.01821	0.02339	0.02309	0.01727	0.02435	0.01444	0.01945	0.01194	0.00706	0.00769	0.00235	0.00941	0.00691	0.00377	0.01163
40	0.03479	0.01320	0.01799	0.01380	0.01979	0.01140	0.01140	0.03779	0.02219	0.68451	0.03059	0.02639	0.01919	0.00960	0.00780	0.00240	0.00660	0.00780	0.00960	0.01320
41	0.01696	0.01696	0.02375	0.02036	0.02036	0.02375	0.01696	0.01866	0.01187	0.01866	0.01018	0.01696	0.01018	0.01357	0.02545	0.00339	0.71332	0.00679	0.00339	0.00848
42	0.02001	0.01771	0.02991	0.09165	0.58701	0.01783	0.02273	0.02454	0.01783	0.07304	0.01570	0.01982	0.01265	0.00716	0.00769	0.00233	0.00910	0.00697	0.00423	0.01209
43	0.03108	0.01303	0.01723	0.01361	0.01906	0.01177	0.01110	0.03594	0.08349	0.56108	0.09108	0.02959	0.02468	0.01027	0.00793	0.00242	0.00628	0.00847	0.00933	0.01256
44	0.00942	0.00685	0.00889	0.01052	0.01117	0.00632	0.00707	0.01083	0.01511	0.01990	0.04615	0.66066	0.11086	0.02385	0.00983	0.00310	0.00444	0.02150	0.00720	0.00632
45	0.00945	0.00675	0.00900	0.01080	0.01125	0.00630	0.00720	0.01080	0.01484	0.01979	0.04274	0.72245	0.05128	0.02429	0.00990	0.00315	0.00450	0.02204	0.00720	0.00630
46	0.03479	0.01320	0.01799	0.01380	0.01979	0.01140	0.01140	0.03779	0.02219	0.68451	0.03059	0.02639	0.01919	0.00960	0.00780	0.00240	0.00660	0.00780	0.00960	0.01320
47	0.03479	0.01320	0.01799	0.01380	0.01979	0.01140	0.01140	0.03779	0.02219	0.68451	0.03059	0.02639	0.01919	0.00960	0.00780	0.00240	0.00660	0.00780	0.00960	0.01320
48	0.02850	0.02124	0.02272	0.01764	0.02367	0.02359	0.01450	0.59491	0.09641	0.04730	0.01985	0.01960	0.01419	0.00942	0.00777	0.00236	0.00830	0.00715	0.00777	0.01310
49	0.02947	0.02172	0.02327	0.01784	0.02404	0.02404	0.01474	0.65329	0.03646	0.04887	0.01862	0.01862	0.01319	0.00931	0.00776	0.00233	0.00853	0.00698	0.00776	0.01319
50	0.03939	0.25236	0.41622	0.01955	0.05053	0.02165	0.02240	0.02464	0.01639	0.05139	0.01360	0.01557	0.01031	0.00721	0.00658	0.00220	0.01004	0.00533	0.00362	0.01101
51	0.01111	0.00819	0.01186	0.01186	0.01304	0.00937	0.00894	0.01346	0.01228	0.01755	0.02132	0.03351	0.02071	0.15870	0.59804	0.01172	0.01878	0.00875	0.00424	0.00659
52	0.01128	0.00752	0.00846	0.00846	0.00846	0.00752	0.00470	0.01128	0.01128	0.01503	0.02443	0.05074	0.02819	0.72751	0.03946	0.00752	0.00752	0.01128	0.00470	0.00470
53	0.02603	0.01918	0.02104	0.01673	0.02199	0.02118	0.01362	0.53815	0.03235	0.04347	0.02085	0.07906	0.01699	0.01523	0.07365	0.00336	0.00936	0.00838	0.00737	0.01201
54	0.01487	0.01299	0.01638	0.01508	0.01700	0.06927	0.06399	0.04886	0.01739	0.04403	0.09620	0.38046	0.03807	0.01785	0.01147	0.00290	0.10361	0.01537	0.00637	0.00785
55	0.01169	0.00835	0.01157	0.01336	0.01480	0.00823	0.01110	0.01468	0.01706	0.02231	0.04150	0.25443	0.04637	0.02217	0.01050	0.00346	0.00645	0.46789	0.00715	0.00692
56	0.01110	0.00744	0.00851	0.00868	0.00872	0.00740	0.00493	0.01123	0.01161	0.01548	0.02616	0.11406	0.03037	0.66122	0.03668	0.00711	0.00723	0.01229	0.00493	0.00485
57	0.01955	0.01612	0.01729	0.01562	0.01994	0.01845	0.01225	0.03978	0.60678	0.05760	0.03201	0.03182	0.02456	0.01104	0.00803	0.00267	0.00621	0.04032	0.00792	0.01205
58	0.03257	0.01513	0.01900	0.01474	0.02066	0.01448	0.01212	0.15920	0.07365	0.51005	0.02831	0.02505	0.01835	0.00961	0.00780	0.00240	0.00694	0.00771	0.00911	0.01312
59	0.09969	0.05272	0.41469	0.02351	0.08536	0.01804	0.11086	0.02379	0.01667	0.02591	0.04757	0.01883	0.01338	0.00761	0.00738	0.00243	0.01040	0.00651	0.00385	0.01080
60	0.16922	0.37543	0.08694	0.01420	0.02083	0.05733	0.03511	0.02320	0.01575	0.02324	0.01169	0.01367	0.00991	0.00675	0.00550	0.00185	0.00822	0.00457	0.00383	0.11277
61	0.05157	0.01816	0.03362	0.02477	0.03085	0.01792	0.37653	0.05514	0.01848	0.04686	0.07083	0.02276	0.01689	0.00829	0.01031	0.00250	0.08919	0.00844	0.00473	0.09216
62	0.01651	0.07220	0.01633	0.01367	0.06306	0.01218	0.00993	0.07858	0.02019	0.09084	0.15796	0.07755	0.21950	0.01347	0.00804	0.00228	0.00558	0.01131	0.00684	0.10398

[dist]
# distance from previous block
# <min> <max>
0	4

[block]
# block no. 1 follows, 25 sequences, length 52
# corresponding to MSA columns:
# 1042-1093
name=unknown_B
#
# <colnr> <probs for GDERKNQSTAVLIFYWHMCP>
#	G	D	E	R	K	N	Q	S	T	A	V	L	I	F	Y	W	H	M	C	P
0	0.02788	0.01972	0.02155	0.01680	0.02277	0.02136	0.01376	0.47174	0.12072	0.10978	0.02135	0.02069	0.01515	0.00931	0.00767	0.00231	0.00785	0.00718	0.00779	0.05463
1	0.01544	0.01333	0.01483	0.01450	0.04986	0.03241	0.01041	0.02606	0.28262	0.02780	0.14093	0.11913	0.11300	0.01338	0.00822	0.00247	0.00560	0.01149	0.00716	0.09138
2	0.01100	0.00793	0.01134	0.01164	0.01281	0.00884	0.00873	0.01342	0.01302	0.01877	0.02501	0.15032	0.02539	0.08781	0.50141	0.00997	0.01623	0.01077	0.04887	0.00671
3	0.01605	0.01548	0.02693	0.42187	0.18728	0.01766	0.08733	0.02098	0.01621	0.02167	0.01533	0.02350	0.01261	0.00841	0.00893	0.00261	0.04588	0.03797	0.00376	0.00954
4	0.00977	0.00698	0.00937	0.01117	0.01176	0.00658	0.00776	0.01136	0.01517	0.02016	0.04256	0.65465	0.05057	0.02398	0.00998	0.00319	0.00478	0.08663	0.00719	0.00639
5	0.04433	0.61062	0.09602	0.01499	0.02205	0.02856	0.04925	0.02341	0.01587	0.01967	0.01132	0.01325	0.00999	0.00671	0.00540	0.00180	0.00875	0.00456	0.00339	0.01006
6	0.61172	0.09293	0.01588	0.01151	0.01659	0.04449	0.00968	0.07453	0.01569	0.03358	0.01148	0.01312	0.00901	0.00734	0.00514	0.00230	0.00675	0.00445	0.00485	0.00898
7	0.01232	0.00884	0.01225	0.01386	0.01567	0.00877	0.01204	0.01585	0.01805	0.02354	0.07457	0.08558	0.06420	0.02108	0.01059	0.00348	0.00687	0.57807	0.00721	0.00713
8	0.02910	0.03835	0.05527	0.01487	0.02077	0.01479	0.01272	0.05567	0.18988	0.43868	0.02896	0.02584	0.01938	0.00961	0.00771	0.00244	0.00685	0.00780	0.00855	0.01276
9	0.03225	0.01327	0.01773	0.01348	0.01960	0.01125	0.01110	0.03531	0.02136	0.59509	0.02831	0.02499	0.01815	0.00907	0.00752	0.00223	0.00648	0.00736	0.00892	0.11651
10	0.05787	0.17028	0.10429	0.06294	0.16403	0.08389	0.12678	0.02442	0.01753	0.05677	0.01750	0.02021	0.04495	0.00778	0.00721	0.00225	0.00988	0.00680	0.00419	0.01044
11	0.01773	0.01244	0.01476	0.01415	0.01757	0.01305	0.01164	0.05785	0.22931	0.10337	0.03998	0.05653	0.10625	0.01571	0.00913	0.00296	0.00645	0.25369	0.00770	0.00973
12	0.01144	0.00750	0.00839	0.00839	0.00849	0.00750	0.00474	0.01162	0.01153	0.01574	0.02447	0.04962	0.02776	0.69074	0.03772	0.00722	0.00732	0.01107	0.04389	0.00483
13	0.17439	0.01646	0.01891	0.06613	0.02281	0.01725	0.01271	0.24163	0.02480	0.29605	0.02151	0.02070	0.01444	0.00890	0.00721	0.00239	0.00741	0.00677	0.00760	0.01193
14	0.02882	0.01455	0.01775	0.01421	0.01933	0.01435	0.01137	0.13545	0.13081	0.40085	0.02815	0.02815	0.01993	0.08635	0.01119	0.00297	0.00693	0.00820	0.00849	0.01213
15	0.01249	0.00824	0.01086	0.01024	0.01226	0.00758	0.00776	0.01598	0.02143	0.07260	0.57564	0.09321	0.06742	0.01611	0.00916	0.00252	0.00402	0.03636	0.00848	0.00764
16	0.00942	0.00687	0.00887	0.01048	0.01116	0.00632	0.00706	0.01083	0.01515	0.01992	0.04656	0.65328	0.11798	0.02379	0.00982	0.00309	0.00444	0.02144	0.00720	0.00632
17	0.01693	0.22393	0.51556	0.01975	0.02993	0.02137	0.02456	0.02420	0.01621	0.02288	0.01308	0.01533	0.00986	0.00717	0.00673	0.00224	0.01062	0.00531	0.00329	0.01106
18	0.01128	0.00752	0.00846	0.00846	0.00846	0.00752	0.00470	0.01128	0.01128	0.01503	0.02443	0.05074	0.02819	0.72751	0.03946	0.00752	0.00752	0.01128	0.00470	0.00470
19	0.00938	0.00792	0.00815	0.00826	0.01083	0.00670	0.00631	0.01144	0.01768	0.02109	0.07615	0.07544	0.63570	0.01975	0.00926	0.00268	0.00413	0.05534	0.00720	0.00658
20	0.01108	0.00831	0.01246	0.01246	0.01385	0.00969	0.00969	0.01385	0.01246	0.01800	0.02077	0.03046	0.01938	0.05815	0.69678	0.01246	0.02077	0.00831	0.00415	0.00692
21	0.07671	0.02126	0.02154	0.01713	0.02285	0.05698	0.01395	0.48500	0.13260	0.04386	0.01980	0.01960	0.01435	0.00929	0.00755	0.00236	0.00827	0.00698	0.00739	0.01252
22	0.15177	0.01348	0.01696	0.01323	0.01904	0.01233	0.01093	0.03544	0.02078	0.58283	0.02749	0.02423	0.01750	0.00922	0.00733	0.00240	0.00650	0.00723	0.00885	0.01244
23	0.01868	0.01994	0.03184	0.09480	0.03249	0.08830	0.29532	0.04149	0.06952	0.02424	0.05753	0.02239	0.01605	0.00910	0.01167	0.00268	0.14142	0.00828	0.00450	0.00977
24	0.01078	0.00792	0.01010	0.00955	0.01147	0.00723	0.00716	0.01426	0.02149	0.03001	0.61136	0.05970	0.13752	0.01626	0.00915	0.00246	0.00369	0.01427	0.00839	0.00723
25	0.02299	0.01661	0.01854	0.05992	0.02156	0.01822	0.01250	0.41218	0.02842	0.03900	0.02288	0.12256	0.01987	0.03311	0.00870	0.00255	0.00736	0.00931	0.11291	0.01081
26	0.01069	0.00785	0.01001	0.00961	0.01144	0.00717	0.00716	0.01403	0.02106	0.02932	0.57303	0.09999	0.13620	0.01677	0.00919	0.00250	0.00374	0.01476	0.00831	0.00717
27	0.01639	0.15186	0.58291	0.02067	0.03135	0.02005	0.02616	0.02434	0.01627	0.02354	0.01341	0.01574	0.00984	0.00725	0.00698	0.00233	0.01095	0.00547	0.00328	0.01122
28	0.01613	0.07001	0.50744	0.02267	0.05260	0.01808	0.08918	0.02391	0.01661	0.02428	0.01494	0.01929	0.01146	0.00765	0.00747	0.00240	0.01092	0.02858	0.00357	0.05281
29	0.10384	0.02158	0.02258	0.06523	0.09482	0.09322	0.01543	0.39175	0.05285	0.03925	0.01686	0.01809	0.01247	0.00864	0.00737	0.00232	0.00895	0.00654	0.00636	0.01183
30	0.02828	0.01679	0.01939	0.01572	0.02055	0.05583	0.01275	0.15403	0.10682	0.33386	0.04193	0.04140	0.01928	0.01051	0.00972	0.00252	0.08267	0.00800	0.00794	0.01201
31	0.06072	0.01567	0.01750	0.04943	0.02124	0.01729	0.01239	0.11398	0.35554	0.12703	0.03090	0.03169	0.05698	0.01102	0.00792	0.00259	0.00665	0.04226	0.00766	0.01155
32	0.01694	0.03754	0.61920	0.02252	0.05697	0.01759	0.02735	0.02539	0.01680	0.06742	0.01502	0.01713	0.01052	0.00749	0.00741	0.00245	0.01106	0.00591	0.00371	0.01160
33	0.01777	0.02027	0.06400	0.02864	0.03613	0.01820	0.51172	0.02471	0.05072	0.02511	0.01702	0.04115	0.01342	0.00721	0.00870	0.00248	0.01167	0.00892	0.00426	0.08790
34	0.00945	0.00675	0.00900	0.01080	0.01125	0.00630	0.00720	0.01080	0.01484	0.01979	0.04274	0.72245	0.05128	0.02429	0.00990	0.00315	0.00450	0.02204	0.00720	0.00630
35	0.00964	0.00689	0.00922	0.01102	0.01155	0.00647	0.00754	0.01113	0.01504	0.02001	0.04263	0.68192	0.05086	0.02411	0.00995	0.00318	0.00467	0.06065	0.00719	0.00635
36	0.02705	0.18680	0.06591	0.01423	0.02031	0.01744	0.01289	0.10187	0.02190	0.34053	0.09223	0.02489	0.02146	0.00938	0.00724	0.00222	0.00722	0.00737	0.00737	0.01168
37	0.02157	0.01200	0.01498	0.01341	0.01730	0.01181	0.01082	0.02909	0.17292	0.26273	0.11115	0.07947	0.06868	0.01400	0.00869	0.00272	0.00599	0.12384	0.00837	0.01047
38	0.03479	0.01320	0.01799	0.01380	0.01979	0.01140	0.01140	0.03779	0.02219	0.68451	0.03059	0.02639	0.01919	0.00960	0.00780	0.00240	0.00660	0.00780	0.00960	0.01320
39	0.01602	0.01548	0.02472	0.40884	0.04070	0.01924	0.07405	0.02225	0.08422	0.02131	0.01497	0.02067	0.01185	0.00936	0.01219	0.00279	0.18100	0.00726	0.00395	0.00913
40	0.01120	0.00879	0.01272	0.19758	0.02201	0.00947	0.01055	0.01331	0.01432	0.01886	0.03137	0.40218	0.03576	0.15808	0.01513	0.00386	0.00666	0.01586	0.00570	0.00660
41	0.01056	0.00770	0.01010	0.01132	0.01248	0.00735	0.00836	0.01330	0.03383	0.02269	0.14509	0.43550	0.08439	0.02176	0.00985	0.00308	0.00492	0.14351	0.00742	0.00680
42	0.05493	0.07492	0.41752	0.02555	0.15684	0.01822	0.04779	0.02361	0.01685	0.02526	0.05596	0.01931	0.01436	0.00773	0.00733	0.00238	0.01011	0.00644	0.00382	0.01107
43	0.01047	0.00783	0.00971	0.00940	0.01131	0.00708	0.00699	0.01360	0.02053	0.02809	0.50053	0.10478	0.20664	0.01725	0.00920	0.00252	0.00377	0.01507	0.00815	0.00708
44	0.15740	0.01916	0.02102	0.04267	0.11117	0.06047	0.01449	0.24035	0.08796	0.05879	0.01710	0.01849	0.01293	0.00862	0.00803	0.00234	0.04654	0.00641	0.00598	0.06009
45	0.15009	0.42527	0.20735	0.01509	0.02269	0.02503	0.01652	0.02350	0.01548	0.02276	0.01161	0.01351	0.00965	0.00692	0.00558	0.00200	0.00874	0.00458	0.00356	0.01008
46	0.00945	0.00675	0.00900	0.01080	0.01125	0.00630	0.00720	0.01080	0.01484	0.01979	0.04274	0.72245	0.05128	0.02429	0.00990	0.00315	0.00450	0.02204	0.00720	0.00630
47	0.01280	0.00902	0.01124	0.01056	0.01281	0.00866	0.00795	0.01808	0.08977	0.06215	0.48374	0.10947	0.10185	0.01591	0.00901	0.00253	0.00416	0.01397	0.00832	0.00800
48	0.01839	0.11415	0.02996	0.14042	0.43631	0.01954	0.02084	0.02263	0.01679	0.02346	0.01432	0.01890	0.01197	0.00735	0.00786	0.00227	0.03505	0.00654	0.04222	0.01101
49	0.02629	0.01224	0.01724	0.01624	0.08784	0.01098	0.01155	0.02965	0.02164	0.42673	0.21372	0.03466	0.03393	0.01110	0.00817	0.00240	0.00603	0.00949	0.00868	0.01141
50	0.01227	0.04622	0.01503	0.01376	0.01446	0.01273	0.01046	0.01387	0.01389	0.01927	0.03039	0.44015	0.03538	0.02253	0.05858	0.00375	0.20850	0.01589	0.00572	0.00715
51	0.06311	0.01762	0.08341	0.01606	0.02194	0.01585	0.04590	0.04958	0.26032	0.28049	0.02854	0.02645	0.03572	0.00970	0.00774	0.00251	0.00717	0.00805	0.00772	0.01213

[dist]
# distance from previous block
# <min> <max>
2	47

[block]
# block no. 2 follows, 25 sequences, length 16
# corresponding to MSA columns:
# 1143-1158
name=unknown_C
#
# <colnr> <probs for GDERKNQSTAVLIFYWHMCP>
#	G	D	E	R	K	N	Q	S	T	A	V	L	I	F	Y	W	H	M	C	P
0	0.01907	0.01458	0.01736	0.08080	0.02194	0.01453	0.01174	0.16693	0.09878	0.06256	0.06531	0.11703	0.02302	0.01068	0.00754	0.00215	0.00661	0.00899	0.00645	0.24393
1	0.01785	0.01685	0.02823	0.16936	0.49548	0.01733	0.02209	0.02245	0.01718	0.02418	0.01567	0.02262	0.01344	0.00771	0.00774	0.00236	0.00915	0.03680	0.00396	0.04955
2	0.01463	0.01326	0.02197	0.65273	0.04985	0.01643	0.02024	0.01967	0.01556	0.02054	0.01470	0.02133	0.01110	0.00785	0.00757	0.00252	0.00980	0.00692	0.06482	0.00850
3	0.01893	0.01816	0.03101	0.08489	0.64385	0.01836	0.02367	0.02357	0.01753	0.02502	0.01454	0.01927	0.01217	0.00696	0.00768	0.00232	0.00927	0.00691	0.00382	0.01207
4	0.08923	0.01412	0.02184	0.54479	0.07666	0.01666	0.01923	0.02026	0.01544	0.02203	0.01353	0.01939	0.01035	0.00747	0.00728	0.00242	0.00944	0.00642	0.00370	0.07973
5	0.78228	0.01499	0.01140	0.01020	0.01499	0.01739	0.00840	0.02279	0.01320	0.03479	0.01080	0.01260	0.00840	0.00720	0.00480	0.00240	0.00600	0.00420	0.00480	0.00840
6	0.01464	0.01378	0.02326	0.70887	0.05340	0.01723	0.02153	0.01981	0.01550	0.01981	0.01378	0.02067	0.01034	0.00775	0.00775	0.00258	0.01034	0.00689	0.00345	0.00861
7	0.01789	0.01372	0.01626	0.01171	0.01851	0.01044	0.00940	0.02129	0.01667	0.08902	0.01541	0.01708	0.01223	0.00611	0.00594	0.00127	0.00582	0.00490	0.00508	0.70125
8	0.01685	0.01603	0.02724	0.38792	0.35711	0.01781	0.02263	0.02174	0.01655	0.02249	0.01417	0.01995	0.01128	0.00734	0.00772	0.00245	0.00979	0.00690	0.00364	0.01039
9	0.01877	0.01799	0.03071	0.10883	0.62120	0.01831	0.02359	0.02343	0.01746	0.02482	0.01451	0.01933	0.01210	0.00699	0.00768	0.00233	0.00932	0.00691	0.00380	0.01194
10	0.02479	0.09387	0.02325	0.08271	0.04953	0.34264	0.01494	0.14584	0.04660	0.02552	0.01900	0.02053	0.06013	0.00900	0.00723	0.00216	0.01087	0.00651	0.00497	0.00990
11	0.01545	0.07962	0.06199	0.01359	0.01729	0.01324	0.03600	0.02252	0.14497	0.06785	0.20739	0.13129	0.06279	0.03732	0.00950	0.00275	0.00614	0.05425	0.00701	0.00905
12	0.09039	0.09186	0.02135	0.09943	0.02352	0.13408	0.04499	0.02309	0.05244	0.05518	0.08602	0.08978	0.02181	0.01086	0.00951	0.00245	0.09196	0.00840	0.00515	0.03774
13	0.04291	0.03806	0.09930	0.04827	0.01999	0.04178	0.01258	0.02364	0.05696	0.16185	0.19455	0.06381	0.07438	0.01210	0.00804	0.00242	0.00668	0.03300	0.00691	0.05279
14	0.01988	0.01601	0.04347	0.08194	0.02311	0.04805	0.03468	0.09831	0.05114	0.11242	0.05325	0.07104	0.02093	0.01036	0.00821	0.00225	0.03215	0.04713	0.03449	0.19118
15	0.04285	0.06905	0.14043	0.05954	0.08623	0.01516	0.04007	0.05561	0.04664	0.02718	0.14608	0.05392	0.04342	0.00997	0.00749	0.00224	0.00746	0.00850	0.03274	0.10542

[dist]
# distance from previous block
# <min> <max>
8	70

[block]
# block no. 3 follows, 25 sequences, length 22
# corresponding to MSA columns:
# 1236-1257
name=unknown_D
#
# <colnr> <probs for GDERKNQSTAVLIFYWHMCP>
#	G	D	E	R	K	N	Q	S	T	A	V	L	I	F	Y	W	H	M	C	P
0	0.06214	0.01750	0.06137	0.23187	0.03170	0.01791	0.03567	0.20030	0.07331	0.05212	0.01862	0.04323	0.01435	0.00887	0.00744	0.00238	0.00844	0.00733	0.05142	0.05405
1	0.01503	0.01423	0.02415	0.59566	0.04882	0.01752	0.05909	0.01998	0.01544	0.02033	0.01401	0.02068	0.01072	0.00814	0.00903	0.00262	0.06074	0.00703	0.02811	0.00867
2	0.01777	0.01846	0.08017	0.02326	0.02773	0.01839	0.25393	0.02205	0.01564	0.07432	0.01673	0.04910	0.01422	0.01592	0.09644	0.00403	0.22951	0.00847	0.00432	0.00955
3	0.17089	0.02046	0.02104	0.01640	0.02234	0.02280	0.01355	0.53485	0.03209	0.04622	0.01715	0.01748	0.01229	0.00891	0.00720	0.00234	0.00806	0.00646	0.00720	0.01229
4	0.01835	0.01893	0.06548	0.14001	0.55578	0.01823	0.02374	0.02327	0.01728	0.02451	0.01443	0.01925	0.01187	0.00705	0.00767	0.00235	0.00949	0.00684	0.00375	0.01172
5	0.01464	0.01378	0.02326	0.70887	0.05340	0.01723	0.02153	0.01981	0.01550	0.01981	0.01378	0.02067	0.01034	0.00775	0.00775	0.00258	0.01034	0.00689	0.00345	0.00861
6	0.01859	0.01817	0.03134	0.09501	0.47727	0.01884	0.09853	0.02423	0.05194	0.02481	0.01530	0.01991	0.01255	0.00752	0.00894	0.00245	0.05178	0.00727	0.00401	0.01154
7	0.00941	0.00786	0.00820	0.00812	0.01063	0.00665	0.00609	0.01161	0.01827	0.02235	0.16118	0.07231	0.59249	0.01911	0.00916	0.00259	0.00389	0.01604	0.00739	0.00665
8	0.01700	0.01638	0.02533	0.41884	0.24635	0.04441	0.02125	0.02320	0.06807	0.02252	0.01538	0.02060	0.01199	0.00772	0.00771	0.00248	0.00979	0.00697	0.00394	0.01007
9	0.01700	0.01437	0.02088	0.05567	0.02350	0.01303	0.11991	0.02327	0.10511	0.06458	0.02161	0.11878	0.01918	0.00948	0.00744	0.00204	0.00719	0.00872	0.00553	0.34272
10	0.01625	0.01394	0.01616	0.01172	0.01847	0.01082	0.00935	0.02070	0.05129	0.02565	0.01475	0.01678	0.01215	0.00600	0.00586	0.00123	0.00576	0.00482	0.00477	0.73353
11	0.01368	0.00870	0.01116	0.01073	0.01299	0.00804	0.00819	0.01727	0.03973	0.10357	0.36402	0.16130	0.12600	0.01715	0.00920	0.00266	0.00452	0.06502	0.00817	0.00789
12	0.01884	0.01807	0.03085	0.09799	0.63145	0.01833	0.02362	0.02349	0.01749	0.02491	0.01452	0.01930	0.01213	0.00697	0.00768	0.00232	0.00930	0.00691	0.00381	0.01200
13	0.01054	0.00763	0.01058	0.01120	0.01203	0.00814	0.00798	0.01235	0.01309	0.01812	0.02904	0.27483	0.03198	0.15967	0.34635	0.00838	0.01286	0.01359	0.00531	0.00633
14	0.01893	0.07561	0.04990	0.09537	0.45449	0.04262	0.04012	0.04343	0.01791	0.02450	0.01582	0.05725	0.01394	0.00803	0.00760	0.00233	0.00930	0.00749	0.00407	0.01129
15	0.47328	0.01656	0.01485	0.05393	0.01916	0.05469	0.01053	0.11995	0.01797	0.08561	0.01464	0.01750	0.01140	0.05173	0.00790	0.00269	0.00723	0.00555	0.00550	0.00933
16	0.01113	0.00811	0.01146	0.01146	0.01249	0.00915	0.00844	0.01320	0.01216	0.01726	0.02169	0.03554	0.02159	0.22595	0.53200	0.01122	0.01745	0.00905	0.00429	0.00637
17	0.01745	0.01672	0.02834	0.29135	0.37052	0.01809	0.05677	0.02343	0.05639	0.02368	0.01538	0.02043	0.01222	0.00742	0.00780	0.00244	0.00966	0.00714	0.00394	0.01081
18	0.01202	0.00811	0.01046	0.01055	0.01244	0.00744	0.00802	0.01490	0.01931	0.06537	0.33549	0.20606	0.14366	0.01855	0.00943	0.00276	0.00451	0.09567	0.00795	0.00732
19	0.51423	0.16534	0.09506	0.01243	0.01841	0.02040	0.01191	0.04320	0.01483	0.03067	0.01140	0.01319	0.00903	0.00717	0.00522	0.00225	0.00717	0.00445	0.00441	0.00922
20	0.17627	0.17667	0.08547	0.01683	0.02299	0.04263	0.08764	0.14731	0.04520	0.03018	0.01468	0.01664	0.01146	0.00782	0.00710	0.00222	0.03244	0.00587	0.03561	0.03496
21	0.01766	0.29772	0.31166	0.04871	0.02675	0.04854	0.01977	0.02360	0.03820	0.02163	0.01544	0.06922	0.01353	0.00853	0.00667	0.00220	0.00960	0.00650	0.00378	0.01030

[dist]
# distance from previous block
# <min> <max>
0	4

[block]
# block no. 4 follows, 25 sequences, length 99
# corresponding to MSA columns:
# 1262-1360
name=unknown_E
#
# <colnr> <probs for GDERKNQSTAVLIFYWHMCP>
#	G	D	E	R	K	N	Q	S	T	A	V	L	I	F	Y	W	H	M	C	P
0	0.07141	0.01850	0.06727	0.01551	0.02160	0.03839	0.01345	0.19758	0.08393	0.28563	0.02381	0.02392	0.01673	0.00938	0.00753	0.00235	0.00759	0.02665	0.00764	0.06114
1	0.22045	0.08471	0.33626	0.01816	0.05834	0.01773	0.01926	0.02376	0.01626	0.05803	0.06640	0.01897	0.01507	0.00802	0.00667	0.00236	0.00879	0.00601	0.00443	0.01032
2	0.28737	0.01828	0.01978	0.03758	0.07425	0.06712	0.05877	0.17387	0.02054	0.03367	0.01470	0.01701	0.01133	0.00794	0.00699	0.00228	0.02814	0.00589	0.06048	0.05401
3	0.16458	0.01851	0.07256	0.10376	0.34355	0.01820	0.01950	0.02452	0.05850	0.04587	0.01507	0.01861	0.01199	0.00774	0.00804	0.00244	0.04484	0.00644	0.00435	0.01092
4	0.01556	0.06723	0.52803	0.02154	0.03143	0.01767	0.08660	0.02342	0.01685	0.02456	0.05824	0.04244	0.01553	0.00836	0.00763	0.00246	0.01073	0.00707	0.00381	0.01085
5	0.01973	0.01483	0.01858	0.01507	0.05365	0.01272	0.03177	0.08338	0.04496	0.10603	0.01802	0.04178	0.01442	0.00743	0.00661	0.00164	0.00650	0.00622	0.00565	0.49100
6	0.61966	0.01551	0.04883	0.03947	0.01719	0.01626	0.00992	0.02182	0.01447	0.03319	0.08780	0.01837	0.01603	0.00823	0.00556	0.00241	0.00621	0.00553	0.00509	0.00845
7	0.01771	0.01691	0.02880	0.26267	0.47562	0.01803	0.02306	0.02250	0.01696	0.02354	0.01432	0.01967	0.01165	0.00718	0.00770	0.00239	0.00958	0.00690	0.00371	0.01109
8	0.01548	0.01434	0.02367	0.64749	0.08349	0.01757	0.02137	0.04596	0.01647	0.02128	0.01402	0.02051	0.01055	0.00777	0.00775	0.00256	0.01021	0.00690	0.00364	0.00898
9	0.66074	0.05375	0.01300	0.01032	0.01508	0.01723	0.00860	0.02313	0.01390	0.06012	0.01253	0.01420	0.00966	0.00738	0.00497	0.00232	0.00600	0.00454	0.05394	0.00860
10	0.01511	0.01336	0.02151	0.59645	0.04703	0.01639	0.01947	0.04540	0.01632	0.02172	0.01521	0.02163	0.01158	0.00966	0.03128	0.00285	0.01005	0.00697	0.06939	0.00862
11	0.01771	0.01691	0.02880	0.26272	0.47557	0.01803	0.02306	0.02250	0.01696	0.02354	0.01432	0.01967	0.01165	0.00718	0.00770	0.00239	0.00958	0.00690	0.00371	0.01109
12	0.01489	0.01404	0.02371	0.67261	0.08771	0.01729	0.02166	0.02003	0.01562	0.02011	0.01383	0.02059	0.01044	0.00771	0.00775	0.00257	0.01027	0.00689	0.00347	0.00881
13	0.01886	0.01802	0.03036	0.09430	0.60947	0.01837	0.02321	0.02415	0.04143	0.02519	0.01515	0.01966	0.01256	0.00710	0.00769	0.00234	0.00918	0.00698	0.00396	0.01202
14	0.01150	0.00893	0.01328	0.01303	0.01432	0.01071	0.01022	0.01419	0.01242	0.01805	0.02000	0.02948	0.01872	0.05492	0.64817	0.01180	0.07092	0.00820	0.00410	0.00704
15	0.01613	0.01398	0.01657	0.01205	0.01850	0.01119	0.00969	0.01947	0.01581	0.02484	0.01355	0.01613	0.01140	0.00624	0.00700	0.00129	0.05104	0.00473	0.00452	0.72584
16	0.02631	0.17696	0.02430	0.01654	0.02153	0.37830	0.01330	0.02865	0.02009	0.11572	0.01736	0.01816	0.03950	0.00827	0.00668	0.00195	0.01069	0.00567	0.00484	0.06516
17	0.02161	0.01675	0.01864	0.01720	0.05107	0.01878	0.01290	0.08436	0.52333	0.10039	0.02973	0.02747	0.02192	0.01017	0.00786	0.00257	0.00650	0.00845	0.00787	0.01243
18	0.01555	0.04011	0.68733	0.02210	0.03356	0.01801	0.02865	0.02455	0.01637	0.02455	0.01391	0.01637	0.00982	0.00737	0.00737	0.00246	0.01146	0.00573	0.00327	0.01146
19	0.03273	0.01361	0.01803	0.01374	0.01983	0.01183	0.01132	0.06194	0.02219	0.59293	0.02843	0.02505	0.01818	0.00921	0.00759	0.00227	0.00660	0.00745	0.00903	0.08805
20	0.01466	0.01352	0.02247	0.65364	0.05032	0.01655	0.02047	0.01944	0.01533	0.01981	0.01377	0.02059	0.01050	0.00838	0.00850	0.03105	0.01001	0.00679	0.00349	0.04073
21	0.01445	0.00723	0.00723	0.00723	0.00903	0.00723	0.00542	0.01807	0.01626	0.02891	0.02529	0.02891	0.01987	0.00903	0.00542	0.00181	0.00361	0.00723	0.77055	0.00723
22	0.07200	0.14850	0.49153	0.01970	0.02916	0.02038	0.02395	0.02383	0.01575	0.02390	0.01294	0.01550	0.00976	0.00763	0.00795	0.00238	0.05549	0.00543	0.00340	0.01080
23	0.02005	0.59545	0.08902	0.01626	0.02339	0.02841	0.09115	0.02351	0.01611	0.01950	0.01160	0.01375	0.01016	0.00668	0.00565	0.00183	0.00910	0.00487	0.00339	0.01012
24	0.01445	0.00723	0.00723	0.00723	0.00903	0.00723	0.00542	0.01807	0.01626	0.02891	0.02529	0.02891	0.01987	0.00903	0.00542	0.00181	0.00361	0.00723	0.77055	0.00723
25	0.62895	0.05110	0.07597	0.01192	0.01750	0.01848	0.01089	0.06237	0.01506	0.03395	0.01157	0.01331	0.00890	0.00732	0.00523	0.00237	0.00677	0.00451	0.00477	0.00905
26	0.01919	0.01842	0.03147	0.04759	0.67914	0.01842	0.02380	0.02380	0.01765	0.02533	0.01458	0.01919	0.01228	0.00691	0.00768	0.00230	0.00921	0.00691	0.00384	0.01228
27	0.06035	0.00838	0.01043	0.00978	0.01180	0.00796	0.00739	0.01515	0.02139	0.03133	0.63252	0.05502	0.06901	0.01530	0.00887	0.00244	0.00381	0.01339	0.00830	0.00739
28	0.01128	0.00752	0.00846	0.00846	0.00846	0.00752	0.00470	0.01128	0.01128	0.01503	0.02443	0.05074	0.02819	0.72751	0.03946	0.00752	0.00752	0.01128	0.00470	0.00470
29	0.01919	0.01842	0.03147	0.04759	0.67914	0.01842	0.02380	0.02380	0.01765	0.02533	0.01458	0.01919	0.01228	0.00691	0.00768	0.00230	0.00921	0.00691	0.00384	0.01228
30	0.02621	0.03091	0.02250	0.01987	0.02313	0.47871	0.01542	0.08418	0.02092	0.02160	0.01216	0.01510	0.01032	0.00941	0.01137	0.00235	0.17680	0.00559	0.00419	0.00925
31	0.01700	0.01702	0.02479	0.02061	0.02167	0.02248	0.06231	0.01917	0.01264	0.01958	0.01084	0.01719	0.01039	0.01250	0.02285	0.00317	0.61165	0.00680	0.00352	0.06382
32	0.00952	0.00689	0.00900	0.01055	0.01122	0.00637	0.00712	0.01104	0.01543	0.02052	0.08136	0.64279	0.09253	0.02351	0.00981	0.00307	0.00441	0.02122	0.00727	0.00637
33	0.01128	0.00752	0.00846	0.00846	0.00846	0.00752	0.00470	0.01128	0.01128	0.01503	0.02443	0.05074	0.02819	0.72751	0.03946	0.00752	0.00752	0.01128	0.00470	0.00470
34	0.00945	0.00675	0.00900	0.01080	0.01125	0.00630	0.00720	0.01080	0.01484	0.01979	0.04274	0.72245	0.05128	0.02429	0.00990	0.00315	0.00450	0.02204	0.00720	0.00630
35	0.01837	0.01742	0.02862	0.09103	0.54954	0.01781	0.02185	0.02422	0.06746	0.02526	0.01903	0.02282	0.04621	0.00788	0.00777	0.00236	0.00879	0.00752	0.00429	0.01173
36	0.00940	0.00786	0.00818	0.00810	0.01062	0.00665	0.00608	0.01158	0.01823	0.02226	0.15601	0.07245	0.59771	0.01915	0.00916	0.00259	0.00389	0.01606	0.00737	0.00665
37	0.01696	0.01696	0.02375	0.02036	0.02036	0.02375	0.01696	0.01866	0.01187	0.01866	0.01018	0.01696	0.01018	0.01357	0.02545	0.00339	0.71332	0.00679	0.00339	0.00848
38	0.01758	0.01945	0.04117	0.09723	0.07233	0.01870	0.52932	0.02365	0.01784	0.02414	0.01671	0.05345	0.01349	0.00750	0.00898	0.00262	0.01222	0.00942	0.00402	0.01018
39	0.01464	0.01378	0.02326	0.70887	0.05340	0.01723	0.02153	0.01981	0.01550	0.01981	0.01378	0.02067	0.01034	0.00775	0.00775	0.00258	0.01034	0.00689	0.00345	0.00861
40	0.01929	0.01666	0.01753	0.01578	0.02016	0.01929	0.01227	0.04120	0.66513	0.03243	0.03156	0.02893	0.02367	0.01052	0.00789	0.00263	0.00614	0.00877	0.00789	0.01227
41	0.01696	0.01696	0.02375	0.02036	0.02036	0.02375	0.01696	0.01866	0.01187	0.01866	0.01018	0.01696	0.01018	0.01357	0.02545	0.00339	0.71332	0.00679	0.00339	0.00848
42	0.01929	0.01666	0.01753	0.01578	0.02016	0.01929	0.01227	0.04120	0.66513	0.03243	0.03156	0.02893	0.02367	0.01052	0.00789	0.00263	0.00614	0.00877	0.00789	0.01227
43	0.78228	0.01499	0.01140	0.01020	0.01499	0.01739	0.00840	0.02279	0.01320	0.03479	0.01080	0.01260	0.00840	0.00720	0.00480	0.00240	0.00600	0.00420	0.00480	0.00840
44	0.01555	0.04011	0.68733	0.02210	0.03356	0.01801	0.02865	0.02455	0.01637	0.02455	0.01391	0.01637	0.00982	0.00737	0.00737	0.00246	0.01146	0.00573	0.00327	0.01146
45	0.01893	0.01816	0.03100	0.08559	0.64319	0.01835	0.02367	0.02357	0.01753	0.02501	0.01454	0.01928	0.01217	0.00696	0.00768	0.00232	0.00928	0.00691	0.00382	0.01207
46	0.01608	0.01378	0.01608	0.01148	0.01837	0.01034	0.00919	0.01952	0.01608	0.02527	0.01378	0.01608	0.01148	0.00574	0.00574	0.00115	0.00574	0.00459	0.00459	0.77491
47	0.01126	0.00759	0.00885	0.00885	0.00898	0.00773	0.00519	0.01153	0.01139	0.01532	0.02407	0.04876	0.02733	0.66215	0.10365	0.00800	0.00881	0.01099	0.00464	0.00492
48	0.06066	0.01509	0.02260	0.29932	0.12361	0.01747	0.03654	0.06059	0.01660	0.02409	0.01527	0.04813	0.01290	0.00912	0.01008	0.00252	0.11360	0.00727	0.03979	0.06476
49	0.01445	0.00723	0.00723	0.00723	0.00903	0.00723	0.00542	0.01807	0.01626	0.02891	0.02529	0.02891	0.01987	0.00903	0.00542	0.00181	0.00361	0.00723	0.77055	0.00723
50	0.01947	0.01614	0.02222	0.01795	0.02151	0.01779	0.11438	0.23456	0.04032	0.02990	0.02164	0.12500	0.02079	0.13446	0.01646	0.00355	0.11819	0.01023	0.00586	0.00955
51	0.01368	0.03700	0.03954	0.01094	0.01389	0.00970	0.00892	0.01863	0.06770	0.07669	0.47719	0.05169	0.11500	0.01467	0.00873	0.00244	0.00456	0.01270	0.00804	0.00829
52	0.01445	0.00723	0.00723	0.00723	0.00903	0.00723	0.00542	0.01807	0.01626	0.02891	0.02529	0.02891	0.01987	0.00903	0.00542	0.00181	0.00361	0.00723	0.77055	0.00723
53	0.66937	0.06248	0.05068	0.01127	0.01659	0.01847	0.01001	0.04144	0.01422	0.03358	0.01120	0.01297	0.00872	0.00723	0.00504	0.00235	0.00652	0.00436	0.00471	0.00881
54	0.02042	0.01870	0.02819	0.13232	0.45247	0.06288	0.02146	0.04478	0.01825	0.06677	0.01523	0.01938	0.01223	0.00769	0.00857	0.00238	0.04572	0.00683	0.00427	0.01145
55	0.12902	0.05759	0.03979	0.03575	0.04677	0.01773	0.01235	0.23177	0.05872	0.10778	0.02004	0.02100	0.01473	0.00870	0.00670	0.00223	0.00698	0.00663	0.16490	0.01082
56	0.01127	0.00755	0.00862	0.00862	0.00868	0.00761	0.00490	0.01138	0.01132	0.01516	0.02428	0.04991	0.02783	0.70004	0.06644	0.00772	0.00806	0.01115	0.00468	0.00479
57	0.02011	0.01707	0.01800	0.01595	0.02048	0.01967	0.01247	0.09071	0.61428	0.03376	0.03051	0.02809	0.02282	0.01042	0.00788	0.00261	0.00633	0.00862	0.00788	0.01235
58	0.01830	0.02092	0.04575	0.03268	0.04052	0.01961	0.65098	0.02484	0.01830	0.02484	0.01569	0.02092	0.01176	0.00654	0.00915	0.00261	0.01307	0.00915	0.00392	0.01046
59	0.01968	0.01935	0.03100	0.04621	0.64637	0.05233	0.02335	0.02415	0.01787	0.02501	0.01445	0.01893	0.01217	0.00696	0.00764	0.00229	0.00945	0.00681	0.00385	0.01212
60	0.01718	0.01737	0.02311	0.01995	0.02018	0.05140	0.01652	0.01894	0.01233	0.01864	0.01078	0.01751	0.01063	0.01557	0.05824	0.00379	0.64920	0.00679	0.00346	0.00843
61	0.02045	0.01705	0.01799	0.01572	0.02031	0.01943	0.01236	0.14012	0.52961	0.03456	0.03178	0.02952	0.05457	0.01078	0.00793	0.00258	0.00642	0.00885	0.00783	0.01214
62	0.00945	0.00675	0.00900	0.01080	0.01125	0.00630	0.00720	0.01080	0.01484	0.01979	0.04274	0.72245	0.05128	0.02429	0.00990	0.00315	0.00450	0.02204	0.00720	0.00630
63	0.01033	0.00824	0.01267	0.01287	0.01418	0.00766	0.07254	0.01224	0.01534	0.02036	0.04183	0.61783	0.07942	0.02225	0.00978	0.00307	0.00534	0.02044	0.00686	0.00673
64	0.01933	0.03943	0.01404	0.01116	0.01464	0.00961	0.00886	0.02262	0.02153	0.25119	0.39534	0.04634	0.08693	0.01357	0.00852	0.00240	0.00486	0.01164	0.00860	0.00937
65	0.01696	0.01696	0.02375	0.02036	0.02036	0.02375	0.01696	0.01866	0.01187	0.01866	0.01018	0.01696	0.01018	0.01357	0.02545	0.00339	0.71332	0.00679	0.00339	0.00848
66	0.01830	0.02092	0.04575	0.03268	0.04052	0.01961	0.65098	0.02484	0.01830	0.02484	0.01569	0.02092	0.01176	0.00654	0.00915	0.00261	0.01307	0.00915	0.00392	0.01046
67	0.01485	0.01419	0.02455	0.67002	0.05266	0.01736	0.05770	0.02010	0.01566	0.02010	0.01389	0.02069	0.01042	0.00768	0.00783	0.00259	0.01049	0.00702	0.00347	0.00872
68	0.01341	0.00985	0.01355	0.01596	0.08999	0.00937	0.01151	0.01667	0.01844	0.05775	0.11466	0.07015	0.20127	0.01811	0.00966	0.00301	0.00617	0.30552	0.00705	0.00791
69	0.01696	0.01696	0.02375	0.02036	0.02036	0.02375	0.01696	0.01866	0.01187	0.01866	0.01018	0.01696	0.01018	0.01357	0.02545	0.00339	0.71332	0.00679	0.00339	0.00848
70	0.02002	0.01702	0.01795	0.01593	0.02044	0.01963	0.01245	0.08552	0.61961	0.03362	0.03062	0.02818	0.02291	0.01043	0.00788	0.00261	0.00631	0.00864	0.00788	0.01234
71	0.78228	0.01499	0.01140	0.01020	0.01499	0.01739	0.00840	0.02279	0.01320	0.03479	0.01080	0.01260	0.00840	0.00720	0.00480	0.00240	0.00600	0.00420	0.00480	0.00840
72	0.01555	0.04011	0.68733	0.02210	0.03356	0.01801	0.02865	0.02455	0.01637	0.02455	0.01391	0.01637	0.00982	0.00737	0.00737	0.00246	0.01146	0.00573	0.00327	0.01146
73	0.01845	0.01755	0.02923	0.15405	0.53429	0.01828	0.02269	0.02426	0.05875	0.02488	0.01554	0.02006	0.01269	0.00728	0.00770	0.00237	0.00920	0.00702	0.00403	0.01168
74	0.01608	0.01378	0.01608	0.01148	0.01837	0.01034	0.00919	0.01952	0.01608	0.02527	0.01378	0.01608	0.01148	0.00574	0.00574	0.00115	0.00574	0.00459	0.00459	0.77491
75	0.01158	0.00814	0.00976	0.00956	0.00971	0.00868	0.00593	0.01197	0.01143	0.01555	0.02323	0.04667	0.02623	0.61619	0.10769	0.00780	0.04946	0.01071	0.00457	0.00515
76	0.01066	0.00791	0.00994	0.00943	0.01139	0.00718	0.00707	0.01403	0.02122	0.02936	0.57304	0.06077	0.17625	0.01650	0.00915	0.00247	0.00370	0.01442	0.00831	0.00718
77	0.01445	0.00723	0.00723	0.00723	0.00903	0.00723	0.00542	0.01807	0.01626	0.02891	0.02529	0.02891	0.01987	0.00903	0.00542	0.00181	0.00361	0.00723	0.77055	0.00723
78	0.04952	0.01903	0.01953	0.01633	0.02148	0.04307	0.01302	0.26517	0.36553	0.03786	0.02476	0.02359	0.01837	0.00970	0.00762	0.00243	0.00726	0.00767	0.00748	0.04056
79	0.01018	0.00789	0.00927	0.00892	0.01110	0.00698	0.00669	0.01310	0.02008	0.02666	0.41457	0.06521	0.33641	0.01750	0.00915	0.00252	0.00378	0.01504	0.00795	0.00698
80	0.01445	0.00723	0.00723	0.00723	0.00903	0.00723	0.00542	0.01807	0.01626	0.02891	0.02529	0.02891	0.01987	0.00903	0.00542	0.00181	0.00361	0.00723	0.77055	0.00723
81	0.02886	0.02231	0.02367	0.01966	0.06168	0.05832	0.01527	0.58509	0.03463	0.04598	0.01804	0.01841	0.01297	0.00910	0.00771	0.00231	0.00885	0.00687	0.00734	0.01292
82	0.01919	0.01842	0.03147	0.04759	0.67914	0.01842	0.02380	0.02380	0.01765	0.02533	0.01458	0.01919	0.01228	0.00691	0.00768	0.00230	0.00921	0.00691	0.00384	0.01228
83	0.03223	0.01350	0.01782	0.01375	0.01953	0.01201	0.01130	0.08025	0.02300	0.57395	0.07040	0.02749	0.02195	0.00984	0.00781	0.00235	0.00652	0.00803	0.00922	0.03905
