[name]
unknown

[dist]
# distance from previous block
# <min> <max>
13	30

[block]
# block no. 0 follows, 26 sequences, length 10
# corresponding to MSA columns:
# 34-43
name=unknown_A
#
# <colnr> <probs for GDERKNQSTAVLIFYWHMCP>
#	G	D	E	R	K	N	Q	S	T	A	V	L	I	F	Y	W	H	M	C	P
0	0.02367	0.44709	0.03244	0.01535	0.02112	0.20022	0.01363	0.12465	0.02013	0.02272	0.01205	0.01350	0.01024	0.00724	0.00580	0.00181	0.00956	0.00470	0.00409	0.00999
1	0.08054	0.08790	0.55369	0.02130	0.06438	0.01851	0.02500	0.02374	0.01577	0.02444	0.01316	0.01556	0.00963	0.00712	0.00684	0.00233	0.01042	0.00542	0.00336	0.01089
2	0.19564	0.05780	0.05229	0.01665	0.02180	0.29920	0.01372	0.20424	0.02303	0.03040	0.01332	0.01469	0.01029	0.00792	0.00651	0.00214	0.01010	0.00525	0.00505	0.00997
3	0.02710	0.01867	0.02052	0.01632	0.02190	0.02039	0.01329	0.40442	0.19625	0.14456	0.02328	0.02198	0.01644	0.00945	0.00763	0.00236	0.00745	0.00740	0.00790	0.01267
4	0.19459	0.38394	0.14545	0.01386	0.02029	0.02346	0.01434	0.02210	0.01486	0.02278	0.01415	0.01590	0.04072	0.00763	0.00631	0.00204	0.03938	0.00501	0.00375	0.00943
5	0.01977	0.66789	0.10540	0.01385	0.02081	0.02877	0.01449	0.02284	0.01547	0.01847	0.01085	0.01255	0.00972	0.00656	0.00510	0.00170	0.00842	0.00421	0.00324	0.00988
6	0.02298	0.01668	0.01881	0.01417	0.02028	0.01616	0.01155	0.31256	0.02560	0.09146	0.05094	0.01978	0.01569	0.00802	0.00685	0.00182	0.00683	0.00629	0.00651	0.32704
7	0.02514	0.24196	0.02708	0.01754	0.02202	0.42684	0.01429	0.05381	0.01959	0.01956	0.01152	0.01363	0.00990	0.00786	0.00757	0.00197	0.06184	0.00485	0.00383	0.00921
8	0.00939	0.00683	0.00859	0.00991	0.01061	0.00632	0.00660	0.01066	0.01456	0.01904	0.04498	0.56386	0.13875	0.09676	0.01258	0.00345	0.00463	0.01967	0.00679	0.00603
9	0.01669	0.01979	0.08686	0.02845	0.07945	0.01815	0.41554	0.02200	0.01656	0.02302	0.01719	0.09298	0.01521	0.00917	0.01083	0.00268	0.10207	0.00955	0.00405	0.00976

[dist]
# distance from previous block
# <min> <max>
0	9

[block]
# block no. 1 follows, 26 sequences, length 20
# corresponding to MSA columns:
# 53-72
name=unknown_B
#
# <colnr> <probs for GDERKNQSTAVLIFYWHMCP>
#	G	D	E	R	K	N	Q	S	T	A	V	L	I	F	Y	W	H	M	C	P
0	0.04753	0.00817	0.01022	0.01083	0.01230	0.00804	0.00797	0.01470	0.05671	0.02486	0.25476	0.36057	0.05308	0.01909	0.00916	0.00282	0.00456	0.08020	0.00740	0.00703
1	0.01587	0.03490	0.54905	0.02495	0.08003	0.01788	0.12304	0.02401	0.01639	0.02412	0.01392	0.01688	0.01007	0.00705	0.00749	0.00242	0.01129	0.00619	0.00334	0.01112
2	0.00924	0.00660	0.00880	0.01056	0.01100	0.00616	0.00704	0.01056	0.01452	0.01936	0.04181	0.72848	0.05017	0.02376	0.00968	0.00308	0.00440	0.02156	0.00704	0.00616
3	0.02714	0.02668	0.02215	0.01970	0.05923	0.29982	0.01477	0.31018	0.08924	0.03310	0.01655	0.01735	0.01255	0.00856	0.00729	0.00217	0.01033	0.00620	0.00589	0.01109
4	0.02660	0.01342	0.06346	0.01303	0.01821	0.01056	0.01130	0.03012	0.02124	0.47123	0.19945	0.03320	0.03194	0.01084	0.00794	0.00236	0.00604	0.00908	0.00868	0.01128
5	0.01103	0.00735	0.00827	0.00827	0.00827	0.00735	0.00460	0.01103	0.01103	0.01471	0.02390	0.04964	0.02758	0.73343	0.03861	0.00735	0.00735	0.01103	0.00460	0.00460
6	0.01432	0.01348	0.02275	0.71520	0.05224	0.01685	0.02107	0.01938	0.01517	0.01938	0.01348	0.02022	0.01011	0.00758	0.00758	0.00253	0.01011	0.00674	0.00337	0.00843
7	0.02989	0.01468	0.05818	0.01404	0.01984	0.01232	0.01209	0.03552	0.10279	0.53702	0.06000	0.02700	0.02127	0.00966	0.00768	0.00238	0.00655	0.00791	0.00876	0.01242
8	0.01768	0.01946	0.04072	0.09901	0.13092	0.01880	0.50939	0.02369	0.01755	0.02390	0.01502	0.02020	0.01145	0.00656	0.00862	0.00251	0.01201	0.00844	0.00378	0.01031
9	0.01318	0.00659	0.00988	0.00988	0.00988	0.00659	0.00659	0.00988	0.00988	0.01318	0.01318	0.02306	0.01318	0.02635	0.02964	0.77931	0.00659	0.00659	0.00329	0.00329
10	0.01194	0.00864	0.01183	0.01343	0.01524	0.00853	0.01167	0.01530	0.01745	0.02251	0.04332	0.08448	0.09868	0.02080	0.01035	0.00341	0.00671	0.58178	0.00699	0.00693
11	0.02798	0.02082	0.02228	0.01728	0.02320	0.02312	0.01421	0.60742	0.09047	0.04642	0.01930	0.01908	0.01378	0.00921	0.00760	0.00230	0.00814	0.00698	0.00760	0.01282
12	0.01521	0.03923	0.69413	0.02162	0.03283	0.01762	0.02802	0.02402	0.01601	0.02402	0.01361	0.01601	0.00961	0.00721	0.00721	0.00240	0.01121	0.00560	0.00320	0.01121
13	0.00924	0.00660	0.00880	0.01056	0.01100	0.00616	0.00704	0.01056	0.01452	0.01936	0.04181	0.72848	0.05017	0.02376	0.00968	0.00308	0.00440	0.02156	0.00704	0.00616
14	0.01677	0.01594	0.02710	0.06628	0.48518	0.01586	0.06128	0.02095	0.01706	0.02371	0.02266	0.07176	0.07357	0.00959	0.00801	0.00242	0.00847	0.03834	0.00439	0.01066
15	0.01592	0.01365	0.01581	0.01149	0.01808	0.01064	0.00917	0.02038	0.05528	0.02514	0.01453	0.01649	0.01195	0.00590	0.00574	0.00121	0.00564	0.00474	0.00469	0.73356
16	0.05886	0.02121	0.02095	0.01671	0.02215	0.10164	0.01355	0.41203	0.08648	0.08589	0.01861	0.01869	0.01349	0.00895	0.00780	0.00225	0.02901	0.00658	0.00690	0.04826
17	0.02692	0.01922	0.02076	0.01615	0.02181	0.02096	0.01325	0.52326	0.07141	0.07499	0.01985	0.01985	0.01423	0.00905	0.00736	0.00222	0.00766	0.00691	0.06483	0.03933
18	0.56675	0.04983	0.09419	0.05015	0.01940	0.01725	0.01167	0.02338	0.01413	0.07725	0.01243	0.01412	0.00929	0.00723	0.00536	0.00233	0.00687	0.00467	0.00471	0.00898
19	0.13610	0.01350	0.01587	0.03938	0.01874	0.01371	0.01064	0.11003	0.07210	0.28797	0.02437	0.06735	0.01895	0.07407	0.03890	0.00321	0.00722	0.00812	0.00719	0.03256

[dist]
# distance from previous block
# <min> <max>
2	9

[block]
# block no. 2 follows, 26 sequences, length 7
# corresponding to MSA columns:
# 82-88
name=unknown_C
#
# <colnr> <probs for GDERKNQSTAVLIFYWHMCP>
#	G	D	E	R	K	N	Q	S	T	A	V	L	I	F	Y	W	H	M	C	P
0	0.01567	0.01565	0.02888	0.47805	0.12028	0.01754	0.17268	0.02098	0.01605	0.02115	0.01401	0.02012	0.01066	0.00721	0.00790	0.00250	0.01062	0.00727	0.00352	0.00926
1	0.02846	0.01469	0.01693	0.01359	0.01864	0.06265	0.01098	0.08813	0.05290	0.42754	0.05282	0.02562	0.01975	0.01106	0.03219	0.00259	0.00725	0.00752	0.06874	0.03796
2	0.08447	0.01591	0.02414	0.12099	0.22987	0.01609	0.06058	0.08056	0.01967	0.24347	0.01936	0.02082	0.01369	0.00792	0.00744	0.00235	0.00829	0.00699	0.00593	0.01147
3	0.34327	0.30724	0.07381	0.01282	0.01885	0.02296	0.01223	0.08979	0.01653	0.02826	0.01158	0.01315	0.00942	0.00705	0.00525	0.00205	0.00742	0.00448	0.00431	0.00954
4	0.01181	0.00987	0.01578	0.01404	0.01658	0.00892	0.11450	0.01423	0.01568	0.02162	0.09328	0.42524	0.03919	0.01793	0.00989	0.03824	0.00596	0.01589	0.00614	0.10522
5	0.01740	0.01662	0.02830	0.25352	0.48991	0.01766	0.02259	0.02207	0.01662	0.02311	0.01402	0.01922	0.01143	0.00701	0.00753	0.00234	0.00935	0.00675	0.00364	0.01090
6	0.06830	0.01458	0.02371	0.36118	0.27563	0.01636	0.01969	0.02013	0.01530	0.02177	0.01354	0.01942	0.01095	0.00894	0.00935	0.07263	0.00911	0.00655	0.00359	0.00925

[dist]
# distance from previous block
# <min> <max>
0	1

[block]
# block no. 3 follows, 26 sequences, length 51
# corresponding to MSA columns:
# 90-140
name=unknown_D
#
# <colnr> <probs for GDERKNQSTAVLIFYWHMCP>
#	G	D	E	R	K	N	Q	S	T	A	V	L	I	F	Y	W	H	M	C	P
0	0.01856	0.02145	0.04329	0.03119	0.03862	0.06220	0.61806	0.02467	0.01813	0.02394	0.01512	0.02003	0.01140	0.00648	0.00882	0.00252	0.01284	0.00870	0.00384	0.01014
1	0.01816	0.28011	0.42444	0.01811	0.02734	0.02151	0.02174	0.02438	0.01616	0.06386	0.01357	0.01530	0.01023	0.00709	0.00642	0.00213	0.00984	0.00519	0.00361	0.01080
2	0.01024	0.00811	0.00935	0.00990	0.01179	0.00756	0.00732	0.01375	0.06873	0.02183	0.09671	0.28213	0.33133	0.01990	0.00923	0.00280	0.00445	0.07082	0.00717	0.00687
3	0.03063	0.01275	0.01694	0.01322	0.01857	0.01140	0.01083	0.07322	0.02256	0.56379	0.11513	0.02940	0.02536	0.01018	0.00780	0.00235	0.00619	0.00838	0.00914	0.01215
4	0.01527	0.01495	0.02397	0.54720	0.09991	0.04767	0.06029	0.02002	0.01576	0.02009	0.01513	0.05857	0.01253	0.00834	0.00774	0.00251	0.01004	0.00761	0.00366	0.00873
5	0.01521	0.03923	0.69413	0.02162	0.03283	0.01762	0.02802	0.02402	0.01601	0.02402	0.01361	0.01601	0.00961	0.00721	0.00721	0.00240	0.01121	0.00560	0.00320	0.01121
6	0.05262	0.03585	0.58849	0.02291	0.06389	0.01770	0.06651	0.02392	0.01604	0.02456	0.01361	0.01625	0.00978	0.00713	0.00721	0.00240	0.01095	0.00580	0.00334	0.01104
7	0.01854	0.01923	0.06735	0.04344	0.59866	0.01808	0.05009	0.02398	0.04094	0.02497	0.01488	0.01904	0.01226	0.00690	0.00756	0.00229	0.00918	0.00685	0.00387	0.01189
8	0.03403	0.01291	0.01760	0.01350	0.01936	0.01115	0.01115	0.03697	0.02171	0.69137	0.02992	0.02582	0.01878	0.00939	0.00763	0.00235	0.00645	0.00763	0.00939	0.01291
9	0.01877	0.01476	0.01948	0.29990	0.03291	0.01716	0.01559	0.03141	0.33003	0.10273	0.02369	0.02473	0.01734	0.00909	0.00765	0.00253	0.00773	0.00772	0.00614	0.01065
10	0.04976	0.03699	0.62781	0.02245	0.06739	0.01761	0.02689	0.02390	0.01594	0.02451	0.01351	0.01600	0.00968	0.00717	0.00711	0.00239	0.01085	0.00560	0.00330	0.01112
11	0.00924	0.00660	0.00880	0.01056	0.01100	0.00616	0.00704	0.01056	0.01452	0.01936	0.04181	0.72848	0.05017	0.02376	0.00968	0.00308	0.00440	0.02156	0.00704	0.00616
12	0.01102	0.00740	0.00849	0.00849	0.00856	0.00747	0.00486	0.01117	0.01109	0.01487	0.02370	0.04855	0.02710	0.69624	0.07515	0.00762	0.00807	0.01087	0.00457	0.00472
13	0.00939	0.00670	0.00897	0.01073	0.01123	0.00628	0.00729	0.01081	0.01466	0.01952	0.04173	0.69747	0.04985	0.02363	0.00972	0.00310	0.00453	0.05115	0.00704	0.00620
14	0.01622	0.01541	0.02617	0.43088	0.32178	0.01735	0.02201	0.02104	0.01606	0.02168	0.01382	0.01961	0.01092	0.00723	0.00755	0.00241	0.00964	0.00675	0.00353	0.00995
15	0.03403	0.01291	0.01760	0.01350	0.01936	0.01115	0.01115	0.03697	0.02171	0.69137	0.02992	0.02582	0.01878	0.00939	0.00763	0.00235	0.00645	0.00763	0.00939	0.01291
16	0.01074	0.00775	0.01014	0.00954	0.01133	0.00716	0.00716	0.01431	0.02147	0.03042	0.68211	0.05666	0.07157	0.01551	0.00895	0.00239	0.00358	0.01372	0.00835	0.00716
17	0.01743	0.02732	0.30073	0.02712	0.06441	0.01841	0.31771	0.02431	0.01693	0.05019	0.01489	0.01861	0.01098	0.00723	0.00901	0.00252	0.05040	0.00734	0.00377	0.01070
18	0.01541	0.03809	0.65822	0.02297	0.06820	0.01764	0.02777	0.02398	0.01608	0.02406	0.01365	0.01616	0.00974	0.00718	0.00722	0.00239	0.01109	0.00567	0.00323	0.01125
19	0.01521	0.03923	0.69413	0.02162	0.03283	0.01762	0.02802	0.02402	0.01601	0.02402	0.01361	0.01601	0.00961	0.00721	0.00721	0.00240	0.01121	0.00560	0.00320	0.01121
20	0.01755	0.02158	0.09274	0.06019	0.03966	0.01896	0.58402	0.02407	0.01764	0.02407	0.01514	0.02012	0.01131	0.00651	0.00876	0.00254	0.01256	0.00861	0.00377	0.01023
21	0.02635	0.03274	0.02090	0.01982	0.05084	0.59857	0.01439	0.02947	0.05633	0.01965	0.01643	0.01793	0.04742	0.00853	0.00703	0.00203	0.01253	0.00577	0.00428	0.00897
22	0.78701	0.01467	0.01115	0.00997	0.01467	0.01702	0.00821	0.02230	0.01291	0.03403	0.01056	0.01232	0.00821	0.00704	0.00469	0.00235	0.00587	0.00411	0.00469	0.00821
23	0.03307	0.01344	0.01781	0.01377	0.01957	0.01207	0.01134	0.06490	0.05371	0.63091	0.02945	0.02560	0.01873	0.00942	0.00763	0.00235	0.00652	0.00764	0.00923	0.01286
24	0.01077	0.00770	0.00990	0.00938	0.01093	0.00718	0.00682	0.01389	0.02011	0.02837	0.59631	0.05574	0.06583	0.10909	0.01281	0.00303	0.00407	0.01337	0.00786	0.00682
25	0.01084	0.00813	0.01219	0.01219	0.01354	0.00948	0.00948	0.01354	0.01219	0.01761	0.02032	0.02980	0.01896	0.05689	0.70337	0.01219	0.02032	0.00813	0.00406	0.00677
26	0.01502	0.03789	0.66491	0.02110	0.03191	0.01717	0.02713	0.02361	0.01625	0.02429	0.04217	0.01775	0.01226	0.00756	0.00728	0.00240	0.01088	0.00595	0.00342	0.01104
27	0.03403	0.01291	0.01760	0.01350	0.01936	0.01115	0.01115	0.03697	0.02171	0.69137	0.02992	0.02582	0.01878	0.00939	0.00763	0.00235	0.00645	0.00763	0.00939	0.01291
28	0.00896	0.00768	0.00768	0.00768	0.01025	0.00640	0.00576	0.01089	0.01729	0.02049	0.07684	0.07300	0.68304	0.01921	0.00896	0.00256	0.00384	0.01601	0.00704	0.00640
29	0.01877	0.01802	0.03079	0.04656	0.68612	0.01802	0.02328	0.02328	0.01727	0.02478	0.01427	0.01877	0.01201	0.00676	0.00751	0.00225	0.00901	0.00676	0.00375	0.01201
30	0.01095	0.00768	0.00991	0.00991	0.01047	0.00824	0.00663	0.01208	0.01151	0.01592	0.02241	0.04136	0.02398	0.45130	0.31583	0.00937	0.01276	0.00982	0.00437	0.00550
31	0.01084	0.00813	0.01219	0.01219	0.01354	0.00948	0.00948	0.01354	0.01219	0.01761	0.02032	0.02980	0.01896	0.05689	0.70337	0.01219	0.02032	0.00813	0.00406	0.00677
32	0.01511	0.01428	0.02417	0.59735	0.16397	0.01706	0.02146	0.02007	0.01554	0.02033	0.01362	0.01997	0.01045	0.00744	0.00757	0.00248	0.00992	0.00674	0.00344	0.00906
33	0.01490	0.01151	0.01566	0.17543	0.02435	0.01258	0.01337	0.12900	0.01942	0.02554	0.03055	0.21708	0.03210	0.01647	0.00910	0.00295	0.00731	0.22825	0.00627	0.00816
34	0.03403	0.01291	0.01760	0.01350	0.01936	0.01115	0.01115	0.03697	0.02171	0.69137	0.02992	0.02582	0.01878	0.00939	0.00763	0.00235	0.00645	0.00763	0.00939	0.01291
35	0.01206	0.00861	0.01204	0.01378	0.01546	0.00859	0.01194	0.01543	0.01730	0.02252	0.04025	0.12073	0.04401	0.02111	0.01043	0.00347	0.00684	0.60150	0.00699	0.00694
36	0.01790	0.02046	0.04476	0.03197	0.03964	0.01918	0.65857	0.02430	0.01790	0.02430	0.01535	0.02046	0.01151	0.00639	0.00895	0.00256	0.01279	0.00895	0.00384	0.01023
37	0.00922	0.00668	0.00872	0.01034	0.01094	0.00618	0.00694	0.01059	0.01473	0.01945	0.04444	0.67911	0.09784	0.02342	0.00963	0.00304	0.00436	0.02114	0.00704	0.00618
38	0.01155	0.07046	0.01268	0.00984	0.01203	0.00912	0.00766	0.01504	0.02095	0.02934	0.62444	0.05284	0.06626	0.01473	0.00860	0.00232	0.00397	0.01289	0.00791	0.00738
39	0.01573	0.01348	0.01573	0.01123	0.01798	0.01011	0.00899	0.01910	0.01573	0.02472	0.01348	0.01573	0.01123	0.00562	0.00562	0.00112	0.00562	0.00449	0.00449	0.77980
40	0.02028	0.73799	0.03975	0.01298	0.01947	0.03001	0.01298	0.02271	0.01541	0.01785	0.01055	0.01217	0.00973	0.00649	0.00487	0.00162	0.00811	0.00406	0.00324	0.00973
41	0.00896	0.00768	0.00768	0.00768	0.01025	0.00640	0.00576	0.01089	0.01729	0.02049	0.07684	0.07300	0.68304	0.01921	0.00896	0.00256	0.00384	0.01601	0.00704	0.00640
42	0.01521	0.03923	0.69413	0.02162	0.03283	0.01762	0.02802	0.02402	0.01601	0.02402	0.01361	0.01601	0.00961	0.00721	0.00721	0.00240	0.01121	0.00560	0.00320	0.01121
43	0.01298	0.00888	0.00986	0.00928	0.00995	0.00913	0.00567	0.08230	0.01373	0.01834	0.02328	0.04619	0.02597	0.65399	0.03520	0.00680	0.00746	0.01057	0.00492	0.00551
44	0.01775	0.01698	0.02894	0.20055	0.54013	0.01775	0.02277	0.02238	0.01679	0.02354	0.01409	0.01911	0.01158	0.00695	0.00753	0.00232	0.00926	0.00675	0.00367	0.01119
45	0.00896	0.00768	0.00768	0.00768	0.01025	0.00640	0.00576	0.01089	0.01729	0.02049	0.07684	0.07300	0.68304	0.01921	0.00896	0.00256	0.00384	0.01601	0.00704	0.00640
46	0.02788	0.03520	0.02129	0.01934	0.02327	0.67013	0.01453	0.03077	0.05275	0.01920	0.01264	0.01438	0.01041	0.00794	0.00688	0.00198	0.01331	0.00506	0.00409	0.00895
47	0.01084	0.00813	0.01219	0.01219	0.01354	0.00948	0.00948	0.01354	0.01219	0.01761	0.02032	0.02980	0.01896	0.05689	0.70337	0.01219	0.02032	0.00813	0.00406	0.00677
48	0.02684	0.02189	0.02092	0.01678	0.02207	0.11944	0.01355	0.47217	0.08086	0.04084	0.01876	0.01912	0.01375	0.00899	0.00731	0.00221	0.00855	0.00670	0.06745	0.01178
49	0.01455	0.01379	0.02280	0.64541	0.04900	0.01749	0.02062	0.01927	0.01481	0.01927	0.01313	0.01986	0.01010	0.00815	0.00932	0.00261	0.08133	0.00673	0.00337	0.00841
50	0.01946	0.01584	0.01769	0.01344	0.01962	0.01482	0.01081	0.18045	0.12617	0.03153	0.01744	0.01836	0.01356	0.00723	0.00644	0.00164	0.00635	0.00572	0.00577	0.46766

[dist]
# distance from previous block
# <min> <max>
11	16

[block]
# block no. 4 follows, 26 sequences, length 94
# corresponding to MSA columns:
# 157-250
name=unknown_E
#
# <colnr> <probs for GDERKNQSTAVLIFYWHMCP>
#	G	D	E	R	K	N	Q	S	T	A	V	L	I	F	Y	W	H	M	C	P
0	0.05398	0.56968	0.10618	0.01435	0.02086	0.05676	0.01459	0.02296	0.01546	0.01927	0.01089	0.01284	0.00966	0.00695	0.00608	0.00183	0.04023	0.00437	0.00334	0.00972
1	0.52301	0.01609	0.01371	0.07235	0.01887	0.06668	0.01010	0.08294	0.01596	0.03183	0.01286	0.01605	0.01031	0.03968	0.00691	0.00252	0.00700	0.00509	0.03953	0.00851
2	0.01571	0.10713	0.63055	0.02078	0.03153	0.01882	0.02656	0.02389	0.01596	0.02342	0.01331	0.01564	0.00962	0.00714	0.00698	0.00233	0.01091	0.00545	0.00321	0.01107
3	0.00943	0.00777	0.00834	0.00840	0.01080	0.00668	0.00643	0.01168	0.01781	0.02188	0.14810	0.07197	0.55869	0.01889	0.00908	0.00261	0.00405	0.06364	0.00720	0.00654
4	0.04995	0.20158	0.42492	0.01806	0.02721	0.01973	0.02150	0.02528	0.01647	0.10736	0.01482	0.01619	0.01074	0.00730	0.00660	0.00221	0.00965	0.00543	0.00406	0.01095
5	0.02028	0.73799	0.03975	0.01298	0.01947	0.03001	0.01298	0.02271	0.01541	0.01785	0.01055	0.01217	0.00973	0.00649	0.00487	0.00162	0.00811	0.00406	0.00324	0.00973
6	0.00924	0.00660	0.00880	0.01056	0.01100	0.00616	0.00704	0.01056	0.01452	0.01936	0.04181	0.72848	0.05017	0.02376	0.00968	0.00308	0.00440	0.02156	0.00704	0.00616
7	0.00943	0.00674	0.00900	0.01066	0.01121	0.00631	0.00726	0.01093	0.01494	0.01997	0.06940	0.67352	0.05083	0.02329	0.00968	0.00307	0.00447	0.04598	0.00710	0.00624
8	0.02902	0.04128	0.01890	0.01435	0.01983	0.01515	0.01177	0.13499	0.14901	0.41606	0.04906	0.02561	0.02010	0.00961	0.00758	0.00235	0.00663	0.00775	0.00852	0.01243
9	0.01161	0.00937	0.01260	0.01252	0.01399	0.04034	0.00971	0.01429	0.01260	0.01765	0.01993	0.02908	0.01855	0.05470	0.67238	0.01173	0.02002	0.00798	0.00406	0.00686
10	0.01097	0.00733	0.00829	0.00835	0.00837	0.00731	0.00468	0.01101	0.01115	0.01487	0.02451	0.07266	0.02834	0.70936	0.03763	0.00721	0.00725	0.01139	0.00468	0.00465
11	0.01639	0.03005	0.38497	0.02561	0.03456	0.01866	0.27811	0.02369	0.01643	0.02369	0.01403	0.01783	0.01039	0.00734	0.00924	0.00253	0.06538	0.00701	0.00346	0.01060
12	0.01765	0.02068	0.06597	0.03014	0.03702	0.01961	0.55817	0.02356	0.01708	0.02356	0.01463	0.01983	0.01125	0.00725	0.01081	0.00264	0.09782	0.00855	0.00375	0.01003
13	0.01803	0.05932	0.04449	0.03094	0.03855	0.01977	0.62361	0.02421	0.01777	0.02395	0.01509	0.02001	0.01141	0.00640	0.00873	0.00251	0.01253	0.00869	0.00380	0.01020
14	0.00942	0.00671	0.00890	0.01060	0.01107	0.00630	0.00713	0.01076	0.01449	0.01930	0.04107	0.67966	0.04907	0.05069	0.01081	0.00326	0.00461	0.04307	0.00695	0.00613
15	0.02081	0.01703	0.01736	0.01528	0.01972	0.05503	0.01196	0.07801	0.51412	0.08531	0.03099	0.02865	0.05077	0.01040	0.00771	0.00250	0.00651	0.00852	0.00761	0.01171
16	0.00945	0.00676	0.00898	0.01042	0.01105	0.00630	0.00706	0.01108	0.01548	0.02088	0.12968	0.63628	0.05310	0.02263	0.00958	0.00299	0.00429	0.02049	0.00722	0.00630
17	0.05031	0.09703	0.38316	0.02187	0.03084	0.01841	0.17986	0.02417	0.01653	0.05295	0.01481	0.01755	0.01086	0.00710	0.00724	0.00233	0.01054	0.00637	0.03748	0.01059
18	0.08093	0.19556	0.02436	0.01509	0.01995	0.05209	0.01289	0.27378	0.05147	0.03249	0.01574	0.01728	0.01237	0.00872	0.00831	0.00218	0.08368	0.00594	0.07666	0.01052
19	0.05977	0.05142	0.02156	0.01644	0.02198	0.07301	0.01352	0.43705	0.08346	0.06084	0.01929	0.02134	0.01467	0.00932	0.00736	0.00227	0.00823	0.03449	0.00694	0.03703
20	0.04779	0.01296	0.01431	0.01239	0.01518	0.01397	0.00913	0.21635	0.07775	0.05670	0.02326	0.07117	0.02224	0.30834	0.06125	0.00501	0.00805	0.00950	0.00611	0.00853
21	0.01505	0.01366	0.02065	0.04673	0.02276	0.01162	0.13708	0.01887	0.01614	0.02362	0.01937	0.10357	0.01846	0.00924	0.00724	0.00189	0.00721	0.06210	0.00482	0.43991
22	0.01877	0.01802	0.03079	0.04656	0.68612	0.01802	0.02328	0.02328	0.01727	0.02478	0.01427	0.01877	0.01201	0.00676	0.00751	0.00225	0.00901	0.00676	0.00375	0.01201
23	0.00912	0.00753	0.00786	0.00807	0.01022	0.00643	0.00585	0.01085	0.01658	0.02001	0.06943	0.15189	0.56693	0.06184	0.01080	0.00291	0.00412	0.01640	0.00690	0.00627
24	0.01414	0.00707	0.00707	0.00707	0.00884	0.00707	0.00530	0.01767	0.01591	0.02828	0.02474	0.02828	0.01944	0.00884	0.00530	0.00177	0.00353	0.00707	0.77554	0.00707
25	0.01772	0.02256	0.19424	0.01818	0.02458	0.03884	0.08499	0.07242	0.26951	0.02884	0.07332	0.02625	0.04264	0.00941	0.00773	0.00241	0.00820	0.00808	0.00589	0.04418
26	0.01579	0.01371	0.01629	0.01188	0.01812	0.01109	0.00956	0.01904	0.01542	0.02423	0.01322	0.01579	0.01114	0.00619	0.00706	0.00129	0.05888	0.00465	0.00441	0.72224
27	0.01536	0.03822	0.65897	0.02218	0.03320	0.01770	0.06217	0.02404	0.01612	0.02404	0.01371	0.01625	0.00971	0.00716	0.00730	0.00241	0.01130	0.00579	0.00324	0.01116
28	0.01152	0.00874	0.01097	0.01108	0.01256	0.00889	0.00810	0.01629	0.09894	0.02520	0.29683	0.27665	0.05247	0.06134	0.01143	0.00302	0.02799	0.04330	0.00738	0.00730
29	0.01659	0.22953	0.51593	0.01927	0.02919	0.02099	0.02393	0.02366	0.01585	0.02234	0.01278	0.01497	0.00964	0.00701	0.00657	0.00219	0.01037	0.00518	0.00321	0.01081
30	0.04858	0.01069	0.01325	0.01393	0.04386	0.01102	0.01053	0.04763	0.11425	0.04783	0.13659	0.13029	0.06381	0.05523	0.01061	0.00312	0.00600	0.21751	0.00705	0.00823
31	0.02308	0.01733	0.01874	0.01580	0.02074	0.01940	0.01259	0.21096	0.43417	0.09981	0.02729	0.02528	0.01991	0.00988	0.00767	0.00247	0.00669	0.00800	0.00784	0.01234
32	0.01728	0.01926	0.04082	0.05506	0.03759	0.01834	0.56745	0.02318	0.01741	0.02375	0.01622	0.05116	0.01310	0.00736	0.00927	0.00255	0.03187	0.00921	0.00397	0.03514
33	0.01324	0.01033	0.01247	0.01236	0.01478	0.01076	0.00980	0.02159	0.20195	0.02765	0.26543	0.10025	0.07264	0.01616	0.00906	0.00278	0.00522	0.17750	0.00768	0.00838
34	0.01659	0.01659	0.02323	0.01991	0.01991	0.02323	0.01659	0.01825	0.01162	0.01825	0.00996	0.01659	0.00996	0.01328	0.02489	0.00332	0.71955	0.00664	0.00332	0.00830
35	0.00911	0.00768	0.00792	0.00806	0.01050	0.00649	0.00608	0.01107	0.01718	0.02053	0.07385	0.10182	0.62990	0.01948	0.00906	0.00262	0.00399	0.04123	0.00704	0.00642
36	0.02883	0.02125	0.02276	0.01745	0.02352	0.02352	0.01442	0.66082	0.03566	0.04780	0.01821	0.01821	0.01290	0.00911	0.00759	0.00228	0.00835	0.00683	0.00759	0.01290
37	0.03059	0.01380	0.05346	0.01352	0.01926	0.01108	0.01165	0.03391	0.02138	0.58651	0.09685	0.02849	0.02377	0.00991	0.00774	0.00235	0.00641	0.00815	0.00895	0.01222
38	0.00924	0.00660	0.00880	0.01056	0.01100	0.00616	0.00704	0.01056	0.01452	0.01936	0.04181	0.72848	0.05017	0.02376	0.00968	0.00308	0.00440	0.02156	0.00704	0.00616
39	0.01573	0.01348	0.01573	0.01123	0.01798	0.01011	0.00899	0.01910	0.01573	0.02472	0.01348	0.01573	0.01123	0.00562	0.00562	0.00112	0.00562	0.00449	0.00449	0.77980
40	0.01316	0.01154	0.01786	0.40988	0.03516	0.01336	0.01547	0.01673	0.01467	0.01945	0.02079	0.16361	0.02080	0.07428	0.01131	0.00301	0.03543	0.03315	0.00441	0.06590
41	0.01521	0.03923	0.69413	0.02162	0.03283	0.01762	0.02802	0.02402	0.01601	0.02402	0.01361	0.01601	0.00961	0.00721	0.00721	0.00240	0.01121	0.00560	0.00320	0.01121
42	0.00974	0.00771	0.00877	0.00850	0.01072	0.00674	0.00638	0.01240	0.01913	0.02486	0.34352	0.06580	0.41363	0.01758	0.00896	0.00248	0.00373	0.01500	0.00762	0.00674
43	0.00958	0.00690	0.00914	0.01068	0.01141	0.00646	0.00745	0.01125	0.01531	0.02036	0.08090	0.60343	0.07819	0.02283	0.00968	0.00305	0.00456	0.07540	0.00711	0.00630
44	0.01222	0.00873	0.01222	0.01397	0.01572	0.00873	0.01222	0.01572	0.01746	0.02270	0.04016	0.08556	0.04365	0.02095	0.01048	0.00349	0.00698	0.63506	0.00698	0.00698
45	0.01084	0.00813	0.01219	0.01219	0.01354	0.00948	0.00948	0.01354	0.01219	0.01761	0.02032	0.02980	0.01896	0.05689	0.70337	0.01219	0.02032	0.00813	0.00406	0.00677
46	0.00903	0.00769	0.00778	0.00775	0.01029	0.00643	0.00582	0.01102	0.01745	0.02087	0.09985	0.07238	0.65980	0.01907	0.00896	0.00255	0.00383	0.01592	0.00709	0.00643
47	0.01103	0.00735	0.00827	0.00827	0.00827	0.00735	0.00460	0.01103	0.01103	0.01471	0.02390	0.04964	0.02758	0.73343	0.03861	0.00735	0.00735	0.01103	0.00460	0.00460
48	0.01432	0.01348	0.02275	0.71520	0.05224	0.01685	0.02107	0.01938	0.01517	0.01938	0.01348	0.02022	0.01011	0.00758	0.00758	0.00253	0.01011	0.00674	0.00337	0.00843
49	0.01318	0.00659	0.00988	0.00988	0.00988	0.00659	0.00659	0.00988	0.00988	0.01318	0.01318	0.02306	0.01318	0.02635	0.02964	0.77931	0.00659	0.00659	0.00329	0.00329
50	0.01074	0.00775	0.01014	0.00954	0.01133	0.00716	0.00716	0.01431	0.02147	0.03042	0.68211	0.05666	0.07157	0.01551	0.00895	0.00239	0.00358	0.01372	0.00835	0.00716
51	0.01074	0.00775	0.01014	0.00954	0.01133	0.00716	0.00716	0.01431	0.02147	0.03042	0.68211	0.05666	0.07157	0.01551	0.00895	0.00239	0.00358	0.01372	0.00835	0.00716
52	0.02883	0.02125	0.02276	0.01745	0.02352	0.02352	0.01442	0.66082	0.03566	0.04780	0.01821	0.01821	0.01290	0.00911	0.00759	0.00228	0.00835	0.00683	0.00759	0.01290
53	0.02532	0.01836	0.02026	0.07216	0.02350	0.02036	0.01350	0.50640	0.03086	0.04239	0.01887	0.01998	0.01372	0.00894	0.00722	0.00222	0.00772	0.00686	0.12976	0.01161
54	0.01915	0.58161	0.18620	0.01491	0.02246	0.02724	0.01635	0.02301	0.01555	0.01923	0.01123	0.01303	0.00971	0.00665	0.00539	0.00180	0.00880	0.00440	0.00324	0.01006
55	0.00924	0.00660	0.00880	0.01056	0.01100	0.00616	0.00704	0.01056	0.01452	0.01936	0.04181	0.72848	0.05017	0.02376	0.00968	0.00308	0.00440	0.02156	0.00704	0.00616
56	0.02028	0.73799	0.03975	0.01298	0.01947	0.03001	0.01298	0.02271	0.01541	0.01785	0.01055	0.01217	0.00973	0.00649	0.00487	0.00162	0.00811	0.00406	0.00324	0.00973
57	0.01124	0.00803	0.01110	0.01285	0.01416	0.00788	0.01052	0.01402	0.01649	0.02160	0.04070	0.29719	0.04580	0.02188	0.01021	0.00336	0.00613	0.43312	0.00700	0.00671
58	0.01432	0.01348	0.02275	0.71520	0.05224	0.01685	0.02107	0.01938	0.01517	0.01938	0.01348	0.02022	0.01011	0.00758	0.00758	0.00253	0.01011	0.00674	0.00337	0.00843
59	0.03234	0.01356	0.01776	0.01384	0.01956	0.01238	0.01136	0.06116	0.08635	0.60176	0.02957	0.02577	0.01898	0.00947	0.00764	0.00237	0.00648	0.00769	0.00915	0.01282
60	0.00924	0.00660	0.00880	0.01056	0.01100	0.00616	0.00704	0.01056	0.01452	0.01936	0.04181	0.72848	0.05017	0.02376	0.00968	0.00308	0.00440	0.02156	0.00704	0.00616
61	0.01536	0.03822	0.65897	0.02218	0.03320	0.01770	0.06217	0.02404	0.01612	0.02404	0.01371	0.01625	0.00971	0.00716	0.00730	0.00241	0.01130	0.00579	0.00324	0.01116
62	0.01790	0.02046	0.04476	0.03197	0.03964	0.01918	0.65857	0.02430	0.01790	0.02430	0.01535	0.02046	0.01151	0.00639	0.00895	0.00256	0.01279	0.00895	0.00384	0.01023
63	0.00924	0.00660	0.00880	0.01056	0.01100	0.00616	0.00704	0.01056	0.01452	0.01936	0.04181	0.72848	0.05017	0.02376	0.00968	0.00308	0.00440	0.02156	0.00704	0.00616
64	0.02903	0.02093	0.02257	0.01730	0.02337	0.02306	0.01429	0.63738	0.03514	0.07198	0.01865	0.01850	0.01312	0.00912	0.00759	0.00228	0.00828	0.00686	0.00766	0.01290
65	0.00990	0.00709	0.00927	0.01079	0.01142	0.00675	0.00729	0.03244	0.01523	0.02032	0.04101	0.70458	0.04891	0.02327	0.00961	0.00305	0.00453	0.02107	0.00706	0.00639
66	0.01074	0.00775	0.01014	0.00954	0.01133	0.00716	0.00716	0.01431	0.02147	0.03042	0.68211	0.05666	0.07157	0.01551	0.00895	0.00239	0.00358	0.01372	0.00835	0.00716
67	0.01414	0.00707	0.00707	0.00707	0.00884	0.00707	0.00530	0.01767	0.01591	0.02828	0.02474	0.02828	0.01944	0.00884	0.00530	0.00177	0.00353	0.00707	0.77554	0.00707
68	0.01452	0.01368	0.02310	0.68595	0.07997	0.01690	0.02116	0.01955	0.01526	0.01962	0.01352	0.02016	0.01019	0.00755	0.00758	0.00252	0.01006	0.00674	0.00339	0.00858
69	0.78701	0.01467	0.01115	0.00997	0.01467	0.01702	0.00821	0.02230	0.01291	0.03403	0.01056	0.01232	0.00821	0.00704	0.00469	0.00235	0.00587	0.00411	0.00469	0.00821
70	0.01103	0.00735	0.00827	0.00827	0.00827	0.00735	0.00460	0.01103	0.01103	0.01471	0.02390	0.04964	0.02758	0.73343	0.03861	0.00735	0.00735	0.01103	0.00460	0.00460
71	0.01084	0.00813	0.01219	0.01219	0.01354	0.00948	0.00948	0.01354	0.01219	0.01761	0.02032	0.02980	0.01896	0.05689	0.70337	0.01219	0.02032	0.00813	0.00406	0.00677
72	0.00912	0.00769	0.00790	0.00785	0.01034	0.00647	0.00589	0.01119	0.01766	0.02137	0.13065	0.07154	0.62868	0.01888	0.00896	0.00255	0.00382	0.01580	0.00716	0.00647
73	0.01462	0.00753	0.00758	0.00741	0.00932	0.00761	0.00560	0.03863	0.01655	0.02891	0.02453	0.02795	0.01923	0.00885	0.00538	0.00178	0.00369	0.00706	0.75051	0.00726
74	0.03403	0.01291	0.01760	0.01350	0.01936	0.01115	0.01115	0.03697	0.02171	0.69137	0.02992	0.02582	0.01878	0.00939	0.00763	0.00235	0.00645	0.00763	0.00939	0.01291
75	0.01432	0.01348	0.02275	0.71520	0.05224	0.01685	0.02107	0.01938	0.01517	0.01938	0.01348	0.02022	0.01011	0.00758	0.00758	0.00253	0.01011	0.00674	0.00337	0.00843
76	0.02028	0.73799	0.03975	0.01298	0.01947	0.03001	0.01298	0.02271	0.01541	0.01785	0.01055	0.01217	0.00973	0.00649	0.00487	0.00162	0.00811	0.00406	0.00324	0.00973
77	0.05126	0.01399	0.01594	0.01154	0.01815	0.01121	0.00927	0.05705	0.01678	0.02650	0.01363	0.01572	0.01120	0.00589	0.00569	0.00125	0.00579	0.00461	0.00469	0.69985
78	0.01521	0.03923	0.69413	0.02162	0.03283	0.01762	0.02802	0.02402	0.01601	0.02402	0.01361	0.01601	0.00961	0.00721	0.00721	0.00240	0.01121	0.00560	0.00320	0.01121
79	0.00898	0.00764	0.00773	0.00781	0.01028	0.00639	0.00582	0.01087	0.01716	0.02044	0.07526	0.10254	0.65452	0.01942	0.00900	0.00258	0.00387	0.01626	0.00704	0.00639
80	0.01318	0.00659	0.00988	0.00988	0.00988	0.00659	0.00659	0.00988	0.00988	0.01318	0.01318	0.02306	0.01318	0.02635	0.02964	0.77931	0.00659	0.00659	0.00329	0.00329
81	0.01479	0.01412	0.02285	0.57179	0.04557	0.01817	0.02014	0.01915	0.01443	0.01915	0.01275	0.01947	0.01008	0.00876	0.01115	0.00269	0.15644	0.00672	0.00336	0.00840
82	0.02590	0.01860	0.02034	0.01621	0.02137	0.02029	0.01312	0.53394	0.03177	0.06713	0.02241	0.13181	0.01906	0.01145	0.00792	0.00241	0.00765	0.00921	0.00757	0.01182
83	0.03403	0.01291	0.01760	0.01350	0.01936	0.01115	0.01115	0.03697	0.02171	0.69137	0.02992	0.02582	0.01878	0.00939	0.00763	0.00235	0.00645	0.00763	0.00939	0.01291
84	0.01414	0.00707	0.00707	0.00707	0.00884	0.00707	0.00530	0.01767	0.01591	0.02828	0.02474	0.02828	0.01944	0.00884	0.00530	0.00177	0.00353	0.00707	0.77554	0.00707
85	0.01223	0.00872	0.01179	0.01195	0.01339	0.00848	0.03576	0.04874	0.04115	0.04876	0.06060	0.52831	0.04325	0.07464	0.01155	0.00326	0.00531	0.01808	0.00692	0.00711
86	0.01490	0.01407	0.02379	0.62834	0.13459	0.01700	0.02135	0.01989	0.01544	0.02008	0.01358	0.02003	0.01036	0.00748	0.00757	0.00249	0.00997	0.00674	0.00342	0.00889
87	0.01154	0.00794	0.01033	0.00962	0.01159	0.00728	0.00725	0.01503	0.02132	0.05488	0.63455	0.05612	0.09288	0.01542	0.00890	0.00239	0.00370	0.01358	0.00834	0.00734
88	0.01318	0.00659	0.00988	0.00988	0.00988	0.00659	0.00659	0.00988	0.00988	0.01318	0.01318	0.02306	0.01318	0.02635	0.02964	0.77931	0.00659	0.00659	0.00329	0.00329
89	0.78701	0.01467	0.01115	0.00997	0.01467	0.01702	0.00821	0.02230	0.01291	0.03403	0.01056	0.01232	0.00821	0.00704	0.00469	0.00235	0.00587	0.00411	0.00469	0.00821
90	0.01458	0.01350	0.02263	0.64884	0.08793	0.01655	0.02060	0.01954	0.01532	0.02004	0.01396	0.02044	0.01058	0.00758	0.00749	0.00248	0.00980	0.00675	0.03280	0.00859
91	0.06090	0.02846	0.02122	0.01894	0.04293	0.39263	0.01429	0.20543	0.09222	0.02890	0.01553	0.01654	0.01202	0.00836	0.00706	0.00213	0.01092	0.00583	0.00535	0.01034
92	0.01507	0.00835	0.00917	0.00986	0.04940	0.00846	0.00677	0.04699	0.01688	0.02895	0.02383	0.02726	0.01871	0.00873	0.00554	0.00182	0.00407	0.00704	0.69546	0.00762
93	0.01830	0.01572	0.01666	0.01515	0.01921	0.01812	0.01171	0.03855	0.63365	0.03100	0.03152	0.06955	0.02475	0.01108	0.00783	0.00260	0.00591	0.00934	0.00768	0.01166

[dist]
# distance from previous block
# <min> <max>
0	1

[block]
# block no. 5 follows, 26 sequences, length 111
# corresponding to MSA columns:
# 252-362
name=unknown_F
#
# <colnr> <probs for GDERKNQSTAVLIFYWHMCP>
#	G	D	E	R	K	N	Q	S	T	A	V	L	I	F	Y	W	H	M	C	P
0	0.01245	0.00938	0.01135	0.01142	0.01360	0.00908	0.00876	0.07739	0.03875	0.02495	0.12144	0.28799	0.15704	0.01874	0.00916	0.00279	0.00517	0.13023	0.00715	0.04315
1	0.07650	0.01043	0.01340	0.01345	0.05384	0.03052	0.03924	0.01665	0.01869	0.06063	0.33498	0.18449	0.08740	0.01522	0.00853	0.00252	0.00517	0.01345	0.00713	0.00777
2	0.01590	0.01406	0.01784	0.01291	0.01937	0.01132	0.04812	0.01937	0.01565	0.02436	0.01341	0.01605	0.01119	0.00605	0.00679	0.00132	0.04225	0.00487	0.00440	0.69478
3	0.01100	0.00747	0.00887	0.00887	0.00908	0.00768	0.00534	0.01142	0.01121	0.01515	0.02335	0.04660	0.02626	0.62972	0.14051	0.00810	0.00934	0.01059	0.00451	0.00493
4	0.02063	0.02029	0.02372	0.02944	0.30731	0.13567	0.01723	0.07094	0.20268	0.02691	0.02014	0.05652	0.01674	0.00895	0.00757	0.00233	0.00869	0.00770	0.00531	0.01122
5	0.02883	0.02125	0.02276	0.01745	0.02352	0.02352	0.01442	0.66082	0.03566	0.04780	0.01821	0.01821	0.01290	0.00911	0.00759	0.00228	0.00835	0.00683	0.00759	0.01290
6	0.01318	0.00659	0.00988	0.00988	0.00988	0.00659	0.00659	0.00988	0.00988	0.01318	0.01318	0.02306	0.01318	0.02635	0.02964	0.77931	0.00659	0.00659	0.00329	0.00329
7	0.01432	0.01348	0.02275	0.71520	0.05224	0.01685	0.02107	0.01938	0.01517	0.01938	0.01348	0.02022	0.01011	0.00758	0.00758	0.00253	0.01011	0.00674	0.00337	0.00843
8	0.01610	0.10288	0.54428	0.02012	0.02999	0.01799	0.04647	0.02369	0.01655	0.04470	0.05636	0.01869	0.01391	0.00770	0.00717	0.00233	0.01033	0.00615	0.00375	0.01083
9	0.01222	0.00873	0.01222	0.01397	0.01572	0.00873	0.01222	0.01572	0.01746	0.02270	0.04016	0.08556	0.04365	0.02095	0.01048	0.00349	0.00698	0.63506	0.00698	0.00698
10	0.01103	0.00735	0.00827	0.00827	0.00827	0.00735	0.00460	0.01103	0.01103	0.01471	0.02390	0.04964	0.02758	0.73343	0.03861	0.00735	0.00735	0.01103	0.00460	0.00460
11	0.00923	0.00664	0.00876	0.01046	0.01097	0.00617	0.00699	0.01057	0.01462	0.01940	0.04309	0.70452	0.07330	0.02360	0.00966	0.00306	0.00438	0.02136	0.00704	0.00617
12	0.01653	0.02613	0.26857	0.09831	0.03765	0.01858	0.34254	0.02341	0.01667	0.02341	0.01430	0.01870	0.01063	0.00712	0.00894	0.00254	0.04469	0.00745	0.00354	0.01030
13	0.01459	0.01375	0.02323	0.67532	0.09005	0.01692	0.02120	0.01961	0.01529	0.01970	0.01353	0.02014	0.01022	0.00753	0.00758	0.00251	0.01005	0.00674	0.00339	0.00864
14	0.01573	0.01348	0.01573	0.01123	0.01798	0.01011	0.00899	0.01910	0.01573	0.02472	0.01348	0.01573	0.01123	0.00562	0.00562	0.00112	0.00562	0.00449	0.00449	0.77980
15	0.01453	0.01376	0.02279	0.65260	0.04933	0.01743	0.02066	0.01928	0.01485	0.01928	0.01316	0.01990	0.01010	0.00810	0.00914	0.00260	0.07398	0.00673	0.00337	0.00841
16	0.01063	0.00775	0.00999	0.00943	0.01127	0.00711	0.00707	0.01411	0.02122	0.02983	0.64611	0.05763	0.10794	0.01573	0.00895	0.00240	0.00359	0.01385	0.00827	0.00711
17	0.01432	0.01348	0.02275	0.71520	0.05224	0.01685	0.02107	0.01938	0.01517	0.01938	0.01348	0.02022	0.01011	0.00758	0.00758	0.00253	0.01011	0.00674	0.00337	0.00843
18	0.01100	0.00748	0.00893	0.00893	0.00915	0.00771	0.00541	0.01145	0.01122	0.01519	0.02330	0.04633	0.02614	0.62059	0.14948	0.00816	0.00952	0.01055	0.00451	0.00496
19	0.02028	0.73799	0.03975	0.01298	0.01947	0.03001	0.01298	0.02271	0.01541	0.01785	0.01055	0.01217	0.00973	0.00649	0.00487	0.00162	0.00811	0.00406	0.00324	0.00973
20	0.78701	0.01467	0.01115	0.00997	0.01467	0.01702	0.00821	0.02230	0.01291	0.03403	0.01056	0.01232	0.00821	0.00704	0.00469	0.00235	0.00587	0.00411	0.00469	0.00821
21	0.01039	0.00769	0.00969	0.00930	0.01115	0.00699	0.00693	0.01360	0.02049	0.02833	0.55670	0.09089	0.16677	0.01648	0.00898	0.00245	0.00366	0.01445	0.00808	0.00699
22	0.01084	0.00813	0.01219	0.01219	0.01354	0.00948	0.00948	0.01354	0.01219	0.01761	0.02032	0.02980	0.01896	0.05689	0.70337	0.01219	0.02032	0.00813	0.00406	0.00677
23	0.00896	0.00768	0.00768	0.00768	0.01025	0.00640	0.00576	0.01089	0.01729	0.02049	0.07684	0.07300	0.68304	0.01921	0.00896	0.00256	0.00384	0.01601	0.00704	0.00640
24	0.02883	0.02125	0.02276	0.01745	0.02352	0.02352	0.01442	0.66082	0.03566	0.04780	0.01821	0.01821	0.01290	0.00911	0.00759	0.00228	0.00835	0.00683	0.00759	0.01290
25	0.01834	0.01758	0.03000	0.11198	0.62410	0.01791	0.02306	0.02290	0.01707	0.02425	0.01419	0.01891	0.01183	0.00684	0.00752	0.00228	0.00912	0.00676	0.00372	0.01166
26	0.01887	0.01629	0.01715	0.01544	0.01972	0.01887	0.01201	0.04031	0.67241	0.03173	0.03087	0.02830	0.02315	0.01029	0.00772	0.00257	0.00600	0.00858	0.00772	0.01201
27	0.02748	0.02021	0.02173	0.01701	0.02280	0.02239	0.01394	0.54474	0.13288	0.06688	0.02055	0.02001	0.01467	0.00930	0.00761	0.00232	0.00792	0.00712	0.00767	0.01276
28	0.01084	0.00813	0.01219	0.01219	0.01354	0.00948	0.00948	0.01354	0.01219	0.01761	0.02032	0.02980	0.01896	0.05689	0.70337	0.01219	0.02032	0.00813	0.00406	0.00677
29	0.00941	0.00811	0.00853	0.00835	0.01075	0.00723	0.00634	0.01139	0.01722	0.02084	0.10172	0.06958	0.62300	0.01876	0.00971	0.00259	0.03756	0.01546	0.00693	0.00653
30	0.01432	0.01348	0.02275	0.71520	0.05224	0.01685	0.02107	0.01938	0.01517	0.01938	0.01348	0.02022	0.01011	0.00758	0.00758	0.00253	0.01011	0.00674	0.00337	0.00843
31	0.01790	0.02046	0.04476	0.03197	0.03964	0.01918	0.65857	0.02430	0.01790	0.02430	0.01535	0.02046	0.01151	0.00639	0.00895	0.00256	0.01279	0.00895	0.00384	0.01023
32	0.78701	0.01467	0.01115	0.00997	0.01467	0.01702	0.00821	0.02230	0.01291	0.03403	0.01056	0.01232	0.00821	0.00704	0.00469	0.00235	0.00587	0.00411	0.00469	0.00821
33	0.01521	0.03923	0.69413	0.02162	0.03283	0.01762	0.02802	0.02402	0.01601	0.02402	0.01361	0.01601	0.00961	0.00721	0.00721	0.00240	0.01121	0.00560	0.00320	0.01121
34	0.01686	0.03350	0.51522	0.02502	0.10204	0.01751	0.09869	0.02464	0.01665	0.05821	0.01471	0.01731	0.01055	0.00718	0.00746	0.00240	0.01091	0.00621	0.00365	0.01127
35	0.02883	0.02125	0.02276	0.01745	0.02352	0.02352	0.01442	0.66082	0.03566	0.04780	0.01821	0.01821	0.01290	0.00911	0.00759	0.00228	0.00835	0.00683	0.00759	0.01290
36	0.00924	0.00660	0.00880	0.01056	0.01100	0.00616	0.00704	0.01056	0.01452	0.01936	0.04181	0.72848	0.05017	0.02376	0.00968	0.00308	0.00440	0.02156	0.00704	0.00616
37	0.02028	0.73799	0.03975	0.01298	0.01947	0.03001	0.01298	0.02271	0.01541	0.01785	0.01055	0.01217	0.00973	0.00649	0.00487	0.00162	0.00811	0.00406	0.00324	0.00973
38	0.78701	0.01467	0.01115	0.00997	0.01467	0.01702	0.00821	0.02230	0.01291	0.03403	0.01056	0.01232	0.00821	0.00704	0.00469	0.00235	0.00587	0.00411	0.00469	0.00821
39	0.01103	0.00735	0.00827	0.00827	0.00827	0.00735	0.00460	0.01103	0.01103	0.01471	0.02390	0.04964	0.02758	0.73343	0.03861	0.00735	0.00735	0.01103	0.00460	0.00460
40	0.01084	0.00813	0.01219	0.01219	0.01354	0.00948	0.00948	0.01354	0.01219	0.01761	0.02032	0.02980	0.01896	0.05689	0.70337	0.01219	0.02032	0.00813	0.00406	0.00677
41	0.01432	0.01348	0.02275	0.71520	0.05224	0.01685	0.02107	0.01938	0.01517	0.01938	0.01348	0.02022	0.01011	0.00758	0.00758	0.00253	0.01011	0.00674	0.00337	0.00843
42	0.03097	0.01332	0.01830	0.01550	0.06473	0.01150	0.01174	0.03406	0.02075	0.57229	0.02704	0.02422	0.01748	0.00879	0.00740	0.00221	0.00654	0.00722	0.00846	0.09748
43	0.01322	0.00661	0.00975	0.00975	0.00983	0.00661	0.00653	0.01024	0.01016	0.01387	0.01371	0.02330	0.01347	0.02554	0.02852	0.74331	0.00645	0.00661	0.03906	0.00347
44	0.01667	0.01683	0.02452	0.02063	0.02109	0.02299	0.05489	0.01861	0.01199	0.01861	0.01028	0.01683	0.01005	0.01287	0.02394	0.00327	0.67739	0.00678	0.00335	0.00841
45	0.01737	0.01889	0.03601	0.02707	0.03163	0.02083	0.39781	0.02184	0.01535	0.02184	0.01316	0.01889	0.01088	0.00919	0.01543	0.00287	0.29986	0.00801	0.00363	0.00945
46	0.01064	0.00775	0.01001	0.00945	0.01128	0.00712	0.00709	0.01414	0.02126	0.02991	0.65121	0.05749	0.10279	0.01570	0.00895	0.00239	0.00359	0.01383	0.00828	0.00712
47	0.01631	0.10092	0.61241	0.02057	0.03117	0.01851	0.02610	0.02435	0.01615	0.04626	0.01389	0.01600	0.00993	0.00722	0.00701	0.00233	0.01077	0.00554	0.00342	0.01114
48	0.01087	0.00798	0.01145	0.01145	0.01255	0.00908	0.00856	0.01307	0.01197	0.01706	0.02100	0.03356	0.02059	0.18506	0.57744	0.01127	0.01786	0.00868	0.00416	0.00636
49	0.01085	0.00806	0.01187	0.01187	0.01312	0.00931	0.00909	0.01334	0.01210	0.01737	0.02061	0.03139	0.01966	0.11133	0.64988	0.01180	0.01927	0.00836	0.00411	0.00660
50	0.01432	0.01348	0.02275	0.71520	0.05224	0.01685	0.02107	0.01938	0.01517	0.01938	0.01348	0.02022	0.01011	0.00758	0.00758	0.00253	0.01011	0.00674	0.00337	0.00843
51	0.01084	0.00813	0.01219	0.01219	0.01354	0.00948	0.00948	0.01354	0.01219	0.01761	0.02032	0.02980	0.01896	0.05689	0.70337	0.01219	0.02032	0.00813	0.00406	0.00677
52	0.00935	0.00665	0.00877	0.01042	0.01083	0.00624	0.00689	0.01059	0.01430	0.01907	0.04067	0.68535	0.04873	0.06885	0.01152	0.00335	0.00459	0.02089	0.00689	0.00606
53	0.01432	0.01348	0.02275	0.71520	0.05224	0.01685	0.02107	0.01938	0.01517	0.01938	0.01348	0.02022	0.01011	0.00758	0.00758	0.00253	0.01011	0.00674	0.00337	0.00843
