[name]
unknown

[dist]
# distance from previous block
# <min> <max>
6	45

[block]
# block no. 0 follows, 26 sequences, length 22
# corresponding to MSA columns:
# 45-66
name=unknown_A
#
# <colnr> <probs for GDERKNQSTAVLIFYWHMCP>
#	G	D	E	R	K	N	Q	S	T	A	V	L	I	F	Y	W	H	M	C	P
0	0.01173	0.01921	0.24635	0.01446	0.02003	0.01105	0.05592	0.01623	0.01650	0.02179	0.04614	0.14294	0.31814	0.01490	0.00846	0.00258	0.00704	0.01276	0.00551	0.00827
1	0.01554	0.08453	0.65171	0.02106	0.03196	0.01842	0.02705	0.02394	0.01598	0.02362	0.01341	0.01576	0.00962	0.00716	0.00705	0.00235	0.01101	0.00550	0.00321	0.01111
2	0.01815	0.44396	0.31511	0.01661	0.02509	0.02480	0.01931	0.02326	0.01567	0.02044	0.01184	0.01379	0.00968	0.00679	0.00585	0.00195	0.00942	0.00471	0.00323	0.01036
3	0.03028	0.01375	0.01749	0.01398	0.01945	0.01306	0.01136	0.03779	0.18276	0.52810	0.03016	0.02643	0.01986	0.00961	0.00765	0.00240	0.00634	0.00786	0.00897	0.01269
4	0.01432	0.01348	0.02275	0.71520	0.05224	0.01685	0.02107	0.01938	0.01517	0.01938	0.01348	0.02022	0.01011	0.00758	0.00758	0.00253	0.01011	0.00674	0.00337	0.00843
5	0.01084	0.00813	0.01219	0.01219	0.01354	0.00948	0.00948	0.01354	0.01219	0.01761	0.02032	0.02980	0.01896	0.05689	0.70337	0.01219	0.02032	0.00813	0.00406	0.00677
6	0.78701	0.01467	0.01115	0.00997	0.01467	0.01702	0.00821	0.02230	0.01291	0.03403	0.01056	0.01232	0.00821	0.00704	0.00469	0.00235	0.00587	0.00411	0.00469	0.00821
7	0.02883	0.02125	0.02276	0.01745	0.02352	0.02352	0.01442	0.66082	0.03566	0.04780	0.01821	0.01821	0.01290	0.00911	0.00759	0.00228	0.00835	0.00683	0.00759	0.01290
8	0.02883	0.02125	0.02276	0.01745	0.02352	0.02352	0.01442	0.66082	0.03566	0.04780	0.01821	0.01821	0.01290	0.00911	0.00759	0.00228	0.00835	0.00683	0.00759	0.01290
9	0.01709	0.01429	0.01646	0.01188	0.01855	0.01150	0.00955	0.08560	0.01779	0.02711	0.01397	0.01599	0.01141	0.00598	0.00582	0.00124	0.00590	0.00474	0.00481	0.70033
10	0.00943	0.00668	0.00875	0.01032	0.01072	0.00628	0.00679	0.01061	0.01416	0.01888	0.03995	0.65813	0.04783	0.09730	0.01268	0.00352	0.00471	0.02047	0.00679	0.00600
11	0.03403	0.01291	0.01760	0.01350	0.01936	0.01115	0.01115	0.03697	0.02171	0.69137	0.02992	0.02582	0.01878	0.00939	0.00763	0.00235	0.00645	0.00763	0.00939	0.01291
12	0.01222	0.00873	0.01222	0.01397	0.01572	0.00873	0.01222	0.01572	0.01746	0.02270	0.04016	0.08556	0.04365	0.02095	0.01048	0.00349	0.00698	0.63506	0.00698	0.00698
13	0.00924	0.00660	0.00880	0.01056	0.01100	0.00616	0.00704	0.01056	0.01452	0.01936	0.04181	0.72848	0.05017	0.02376	0.00968	0.00308	0.00440	0.02156	0.00704	0.00616
14	0.01887	0.01629	0.01715	0.01544	0.01972	0.01887	0.01201	0.04031	0.67241	0.03173	0.03087	0.02830	0.02315	0.01029	0.00772	0.00257	0.00600	0.00858	0.00772	0.01201
15	0.03403	0.01291	0.01760	0.01350	0.01936	0.01115	0.01115	0.03697	0.02171	0.69137	0.02992	0.02582	0.01878	0.00939	0.00763	0.00235	0.00645	0.00763	0.00939	0.01291
16	0.01969	0.01611	0.01718	0.01533	0.01970	0.01845	0.01196	0.04012	0.63706	0.06757	0.03082	0.02816	0.02292	0.01024	0.00771	0.00256	0.00603	0.00852	0.00781	0.01205
17	0.01566	0.00854	0.00870	0.00815	0.01036	0.00877	0.00625	0.08432	0.01795	0.03030	0.02407	0.02724	0.01876	0.00886	0.00554	0.00182	0.00403	0.00704	0.69596	0.00767
18	0.02833	0.03615	0.02149	0.01954	0.02345	0.70298	0.01466	0.03029	0.02149	0.01856	0.01172	0.01368	0.00977	0.00782	0.00684	0.00195	0.01368	0.00489	0.00391	0.00879
19	0.01877	0.01802	0.03079	0.04656	0.68612	0.01802	0.02328	0.02328	0.01727	0.02478	0.01427	0.01877	0.01201	0.00676	0.00751	0.00225	0.00901	0.00676	0.00375	0.01201
20	0.01103	0.00735	0.00827	0.00827	0.00827	0.00735	0.00460	0.01103	0.01103	0.01471	0.02390	0.04964	0.02758	0.73343	0.03861	0.00735	0.00735	0.01103	0.00460	0.00460
21	0.78701	0.01467	0.01115	0.00997	0.01467	0.01702	0.00821	0.02230	0.01291	0.03403	0.01056	0.01232	0.00821	0.00704	0.00469	0.00235	0.00587	0.00411	0.00469	0.00821

[dist]
# distance from previous block
# <min> <max>
0	2

[block]
# block no. 1 follows, 26 sequences, length 13
# corresponding to MSA columns:
# 69-81
name=unknown_B
#
# <colnr> <probs for GDERKNQSTAVLIFYWHMCP>
#	G	D	E	R	K	N	Q	S	T	A	V	L	I	F	Y	W	H	M	C	P
0	0.02883	0.02125	0.02276	0.01745	0.02352	0.02352	0.01442	0.66082	0.03566	0.04780	0.01821	0.01821	0.01290	0.00911	0.00759	0.00228	0.00835	0.00683	0.00759	0.01290
1	0.01573	0.01348	0.01573	0.01123	0.01798	0.01011	0.00899	0.01910	0.01573	0.02472	0.01348	0.01573	0.01123	0.00562	0.00562	0.00112	0.00562	0.00449	0.00449	0.77980
2	0.01031	0.00774	0.00955	0.00910	0.01107	0.00698	0.00682	0.01350	0.02047	0.02805	0.53765	0.06056	0.21751	0.01639	0.00895	0.00243	0.00364	0.01426	0.00804	0.00698
3	0.01432	0.01348	0.02275	0.71520	0.05224	0.01685	0.02107	0.01938	0.01517	0.01938	0.01348	0.02022	0.01011	0.00758	0.00758	0.00253	0.01011	0.00674	0.00337	0.00843
4	0.02028	0.73799	0.03975	0.01298	0.01947	0.03001	0.01298	0.02271	0.01541	0.01785	0.01055	0.01217	0.00973	0.00649	0.00487	0.00162	0.00811	0.00406	0.00324	0.00973
5	0.02697	0.02032	0.02171	0.01708	0.02281	0.02265	0.01397	0.54483	0.15469	0.04480	0.02058	0.02010	0.01482	0.00933	0.00761	0.00233	0.00791	0.00716	0.00761	0.01273
6	0.03403	0.01291	0.01760	0.01350	0.01936	0.01115	0.01115	0.03697	0.02171	0.69137	0.02992	0.02582	0.01878	0.00939	0.00763	0.00235	0.00645	0.00763	0.00939	0.01291
7	0.01887	0.01629	0.01715	0.01544	0.01972	0.01887	0.01201	0.04031	0.67241	0.03173	0.03087	0.02830	0.02315	0.01029	0.00772	0.00257	0.00600	0.00858	0.00772	0.01201
8	0.01573	0.01348	0.01573	0.01123	0.01798	0.01011	0.00899	0.01910	0.01573	0.02472	0.01348	0.01573	0.01123	0.00562	0.00562	0.00112	0.00562	0.00449	0.00449	0.77980
9	0.69760	0.05977	0.01329	0.01036	0.01523	0.01750	0.00867	0.02313	0.01355	0.06924	0.01163	0.01306	0.00889	0.00714	0.00487	0.00230	0.00604	0.00430	0.00486	0.00857
10	0.01877	0.01802	0.03079	0.04656	0.68612	0.01802	0.02328	0.02328	0.01727	0.02478	0.01427	0.01877	0.01201	0.00676	0.00751	0.00225	0.00901	0.00676	0.00375	0.01201
11	0.02152	0.01665	0.01706	0.01487	0.01940	0.07260	0.01159	0.03576	0.42301	0.14236	0.02830	0.06030	0.02170	0.01023	0.00756	0.00239	0.00660	0.00843	0.00740	0.07228
12	0.62992	0.01517	0.01274	0.01102	0.01572	0.01733	0.00903	0.11298	0.01670	0.03577	0.05388	0.01595	0.01287	0.00787	0.00537	0.00234	0.00608	0.00510	0.00534	0.00882

[dist]
# distance from previous block
# <min> <max>
1	4

[block]
# block no. 2 follows, 26 sequences, length 15
# corresponding to MSA columns:
# 86-100
name=unknown_C
#
# <colnr> <probs for GDERKNQSTAVLIFYWHMCP>
#	G	D	E	R	K	N	Q	S	T	A	V	L	I	F	Y	W	H	M	C	P
0	0.02563	0.01410	0.01685	0.01373	0.01863	0.01410	0.01106	0.13660	0.16467	0.32444	0.09681	0.03180	0.07517	0.01090	0.00788	0.00240	0.00618	0.00895	0.00844	0.01164
1	0.01667	0.01432	0.01744	0.01265	0.01929	0.01159	0.03773	0.05535	0.04278	0.02624	0.01451	0.01657	0.01181	0.00603	0.00595	0.00131	0.00609	0.00498	0.00476	0.67395
2	0.27093	0.00999	0.01000	0.00946	0.01226	0.01028	0.00728	0.01621	0.01749	0.02935	0.31985	0.08789	0.14524	0.01378	0.00757	0.00245	0.00444	0.01136	0.00683	0.00733
3	0.01877	0.01802	0.03079	0.04656	0.68612	0.01802	0.02328	0.02328	0.01727	0.02478	0.01427	0.01877	0.01201	0.00676	0.00751	0.00225	0.00901	0.00676	0.00375	0.01201
4	0.01877	0.01802	0.03079	0.04656	0.68612	0.01802	0.02328	0.02328	0.01727	0.02478	0.01427	0.01877	0.01201	0.00676	0.00751	0.00225	0.00901	0.00676	0.00375	0.01201
5	0.01926	0.01512	0.02281	0.01687	0.02302	0.01334	0.15551	0.05753	0.01794	0.12237	0.01803	0.05932	0.01467	0.00789	0.00779	0.00189	0.03658	0.00714	0.00533	0.37759
6	0.01084	0.00813	0.01219	0.01219	0.01354	0.00948	0.00948	0.01354	0.01219	0.01761	0.02032	0.02980	0.01896	0.05689	0.70337	0.01219	0.02032	0.00813	0.00406	0.00677
7	0.05188	0.01929	0.01843	0.01540	0.02034	0.11249	0.01222	0.21167	0.22751	0.09842	0.02593	0.02492	0.06258	0.00974	0.00740	0.00228	0.00760	0.00758	0.00697	0.05734
8	0.01173	0.00838	0.01166	0.01341	0.01494	0.00831	0.01137	0.01486	0.01698	0.02215	0.04043	0.19166	0.04473	0.02142	0.01035	0.00342	0.00656	0.53381	0.00699	0.00685
9	0.06051	0.01799	0.01777	0.01564	0.02014	0.06028	0.01226	0.11297	0.52306	0.03298	0.02716	0.02539	0.02035	0.00983	0.00749	0.00249	0.00674	0.00791	0.00732	0.01172
10	0.02712	0.02011	0.02163	0.01693	0.02257	0.02224	0.01385	0.58733	0.07096	0.04522	0.02031	0.06018	0.01566	0.01003	0.00772	0.00234	0.00798	0.00779	0.00756	0.01246
11	0.01953	0.63505	0.13615	0.01425	0.02144	0.02819	0.01520	0.02291	0.01550	0.01876	0.01100	0.01273	0.00972	0.00659	0.00521	0.00174	0.00857	0.00428	0.00324	0.00995
12	0.00924	0.00660	0.00880	0.01056	0.01100	0.00616	0.00704	0.01056	0.01452	0.01936	0.04181	0.72848	0.05017	0.02376	0.00968	0.00308	0.00440	0.02156	0.00704	0.00616
13	0.01790	0.02046	0.04476	0.03197	0.03964	0.01918	0.65857	0.02430	0.01790	0.02430	0.01535	0.02046	0.01151	0.00639	0.00895	0.00256	0.01279	0.00895	0.00384	0.01023
14	0.06699	0.01576	0.01843	0.01639	0.05858	0.01646	0.01235	0.11878	0.27543	0.23878	0.02588	0.02408	0.01832	0.00922	0.00738	0.00235	0.00660	0.00748	0.00765	0.05308

[dist]
# distance from previous block
# <min> <max>
5	9

[block]
# block no. 3 follows, 26 sequences, length 8
# corresponding to MSA columns:
# 110-117
name=unknown_D
#
# <colnr> <probs for GDERKNQSTAVLIFYWHMCP>
#	G	D	E	R	K	N	Q	S	T	A	V	L	I	F	Y	W	H	M	C	P
0	0.02008	0.15272	0.35278	0.01859	0.02712	0.02146	0.02065	0.20097	0.06338	0.03003	0.01546	0.01675	0.01141	0.00781	0.00694	0.00224	0.00955	0.00587	0.00471	0.01147
1	0.49343	0.01902	0.01512	0.01295	0.01782	0.12525	0.01045	0.13126	0.01862	0.07571	0.01325	0.01438	0.00991	0.00766	0.00570	0.00227	0.00754	0.00491	0.00535	0.00939
2	0.01001	0.00738	0.00953	0.01084	0.01205	0.00689	0.00810	0.01211	0.01613	0.02103	0.08515	0.41730	0.15951	0.02180	0.00971	0.00305	0.00489	0.17095	0.00710	0.00646
3	0.07090	0.01916	0.17404	0.01485	0.02172	0.01314	0.01453	0.03025	0.05569	0.35568	0.05236	0.02312	0.01777	0.00864	0.00719	0.00224	0.00728	0.00692	0.00698	0.09752
4	0.02215	0.57471	0.03550	0.01451	0.02039	0.18658	0.01337	0.02447	0.01683	0.01801	0.01082	0.01252	0.00974	0.00680	0.00533	0.00170	0.00941	0.00425	0.00340	0.00952
5	0.02727	0.02047	0.02188	0.01714	0.02293	0.02279	0.01404	0.56356	0.13547	0.04528	0.02020	0.01979	0.01451	0.00929	0.00761	0.00232	0.00798	0.00710	0.00761	0.01276
6	0.01084	0.00813	0.01219	0.01219	0.01354	0.00948	0.00948	0.01354	0.01219	0.01761	0.02032	0.02980	0.01896	0.05689	0.70337	0.01219	0.02032	0.00813	0.00406	0.00677
7	0.02260	0.01732	0.01864	0.01581	0.02068	0.01949	0.01257	0.20119	0.45790	0.08574	0.02751	0.02549	0.02016	0.00991	0.00768	0.00248	0.00665	0.00805	0.00781	0.01231

[dist]
# distance from previous block
# <min> <max>
4	11

[block]
# block no. 4 follows, 26 sequences, length 12
# corresponding to MSA columns:
# 129-140
name=unknown_E
#
# <colnr> <probs for GDERKNQSTAVLIFYWHMCP>
#	G	D	E	R	K	N	Q	S	T	A	V	L	I	F	Y	W	H	M	C	P
0	0.67460	0.01518	0.01259	0.01086	0.01575	0.01729	0.00895	0.08219	0.01551	0.07221	0.01236	0.01362	0.00924	0.00736	0.00513	0.00234	0.00613	0.00456	0.00523	0.00891
1	0.62929	0.01687	0.01349	0.01165	0.01651	0.05648	0.00952	0.11974	0.01685	0.03526	0.01179	0.01329	0.00901	0.00740	0.00525	0.00231	0.00668	0.00456	0.00509	0.00896
2	0.78701	0.01467	0.01115	0.00997	0.01467	0.01702	0.00821	0.02230	0.01291	0.03403	0.01056	0.01232	0.00821	0.00704	0.00469	0.00235	0.00587	0.00411	0.00469	0.00821
3	0.00924	0.00660	0.00880	0.01056	0.01100	0.00616	0.00704	0.01056	0.01452	0.01936	0.04181	0.72848	0.05017	0.02376	0.00968	0.00308	0.00440	0.02156	0.00704	0.00616
4	0.00924	0.00660	0.00880	0.01056	0.01100	0.00616	0.00704	0.01056	0.01452	0.01936	0.04181	0.72848	0.05017	0.02376	0.00968	0.00308	0.00440	0.02156	0.00704	0.00616
5	0.01984	0.01678	0.01770	0.01563	0.02009	0.01932	0.01224	0.10071	0.61043	0.03329	0.02964	0.02732	0.02216	0.01018	0.00771	0.00254	0.00623	0.00841	0.00771	0.01209
6	0.01573	0.01348	0.01573	0.01123	0.01798	0.01011	0.00899	0.01910	0.01573	0.02472	0.01348	0.01573	0.01123	0.00562	0.00562	0.00112	0.00562	0.00449	0.00449	0.77980
7	0.02060	0.01812	0.01806	0.01593	0.02039	0.06323	0.01245	0.10960	0.55893	0.03270	0.02822	0.02623	0.02114	0.01000	0.00765	0.00250	0.00676	0.00814	0.00746	0.01190
8	0.73331	0.01638	0.05866	0.01078	0.01593	0.01706	0.00959	0.02242	0.01312	0.03334	0.01077	0.01258	0.00831	0.00705	0.00487	0.00235	0.00624	0.00421	0.00459	0.00842
9	0.02883	0.02125	0.02276	0.01745	0.02352	0.02352	0.01442	0.66082	0.03566	0.04780	0.01821	0.01821	0.01290	0.00911	0.00759	0.00228	0.00835	0.00683	0.00759	0.01290
10	0.01573	0.01348	0.01573	0.01123	0.01798	0.01011	0.00899	0.01910	0.01573	0.02472	0.01348	0.01573	0.01123	0.00562	0.00562	0.00112	0.00562	0.00449	0.00449	0.77980
11	0.01573	0.01348	0.01573	0.01123	0.01798	0.01011	0.00899	0.01910	0.01573	0.02472	0.01348	0.01573	0.01123	0.00562	0.00562	0.00112	0.00562	0.00449	0.00449	0.77980

[dist]
# distance from previous block
# <min> <max>
0	2

[block]
# block no. 5 follows, 26 sequences, length 13
# corresponding to MSA columns:
# 143-155
name=unknown_F
#
# <colnr> <probs for GDERKNQSTAVLIFYWHMCP>
#	G	D	E	R	K	N	Q	S	T	A	V	L	I	F	Y	W	H	M	C	P
0	0.02292	0.01819	0.02154	0.01619	0.02250	0.01826	0.05776	0.35651	0.06320	0.03716	0.01706	0.01807	0.01279	0.00776	0.00700	0.00191	0.00757	0.00626	0.00625	0.28108
1	0.07065	0.01511	0.01745	0.01400	0.01938	0.01519	0.01132	0.13833	0.18393	0.27566	0.05153	0.02442	0.01950	0.00923	0.00729	0.00225	0.00641	0.00740	0.00777	0.10319
2	0.78701	0.01467	0.01115	0.00997	0.01467	0.01702	0.00821	0.02230	0.01291	0.03403	0.01056	0.01232	0.00821	0.00704	0.00469	0.00235	0.00587	0.00411	0.00469	0.00821
3	0.62992	0.01430	0.01249	0.01071	0.01565	0.01579	0.00883	0.02536	0.01474	0.17117	0.01460	0.01514	0.01042	0.00753	0.00531	0.00235	0.00599	0.00484	0.00567	0.00919
4	0.01084	0.00813	0.01219	0.01219	0.01354	0.00948	0.00948	0.01354	0.01219	0.01761	0.02032	0.02980	0.01896	0.05689	0.70337	0.01219	0.02032	0.00813	0.00406	0.00677
5	0.16760	0.01661	0.01744	0.01444	0.01960	0.01816	0.01164	0.19134	0.26349	0.13295	0.02296	0.02184	0.01660	0.00904	0.00701	0.00236	0.00662	0.00698	0.00722	0.04612
6	0.02571	0.01900	0.02049	0.01650	0.02194	0.02113	0.01337	0.40627	0.25553	0.08291	0.02334	0.02219	0.01683	0.00953	0.00764	0.00238	0.00741	0.00749	0.00775	0.01259
7	0.01649	0.21519	0.52935	0.01944	0.02946	0.02074	0.02424	0.02369	0.01586	0.02247	0.01284	0.01505	0.00964	0.00703	0.00662	0.00221	0.01043	0.00521	0.00321	0.01084
8	0.01084	0.00813	0.01219	0.01219	0.01354	0.00948	0.00948	0.01354	0.01219	0.01761	0.02032	0.02980	0.01896	0.05689	0.70337	0.01219	0.02032	0.00813	0.00406	0.00677
9	0.02674	0.03257	0.02102	0.01884	0.02261	0.58143	0.01432	0.07307	0.02171	0.02070	0.01522	0.01703	0.04251	0.00878	0.00806	0.00209	0.05441	0.00566	0.00428	0.00894
10	0.01573	0.01348	0.01573	0.01123	0.01798	0.01011	0.00899	0.01910	0.01573	0.02472	0.01348	0.01573	0.01123	0.00562	0.00562	0.00112	0.00562	0.00449	0.00449	0.77980
11	0.01103	0.00735	0.00827	0.00827	0.00827	0.00735	0.00460	0.01103	0.01103	0.01471	0.02390	0.04964	0.02758	0.73343	0.03861	0.00735	0.00735	0.01103	0.00460	0.00460
12	0.02883	0.02125	0.02276	0.01745	0.02352	0.02352	0.01442	0.66082	0.03566	0.04780	0.01821	0.01821	0.01290	0.00911	0.00759	0.00228	0.00835	0.00683	0.00759	0.01290

[dist]
# distance from previous block
# <min> <max>
0	1

[block]
# block no. 6 follows, 26 sequences, length 6
# corresponding to MSA columns:
# 157-162
name=unknown_G
#
# <colnr> <probs for GDERKNQSTAVLIFYWHMCP>
#	G	D	E	R	K	N	Q	S	T	A	V	L	I	F	Y	W	H	M	C	P
0	0.02778	0.02072	0.02217	0.01724	0.02312	0.02303	0.01416	0.59519	0.10301	0.04610	0.01955	0.01928	0.01398	0.00923	0.00760	0.00231	0.00810	0.00701	0.00760	0.01280
1	0.01103	0.00735	0.00827	0.00827	0.00827	0.00735	0.00460	0.01103	0.01103	0.01471	0.02390	0.04964	0.02758	0.73343	0.03861	0.00735	0.00735	0.01103	0.00460	0.00460
2	0.01790	0.02046	0.04476	0.03197	0.03964	0.01918	0.65857	0.02430	0.01790	0.02430	0.01535	0.02046	0.01151	0.00639	0.00895	0.00256	0.01279	0.00895	0.00384	0.01023
3	0.02087	0.01643	0.01764	0.01545	0.02000	0.01863	0.01213	0.09030	0.56943	0.08515	0.02977	0.02729	0.02198	0.01012	0.00770	0.00253	0.00623	0.00836	0.00784	0.01215
4	0.02878	0.02282	0.02263	0.01767	0.02351	0.09539	0.01444	0.59413	0.03416	0.04471	0.01752	0.01773	0.01257	0.00897	0.00751	0.00224	0.00891	0.00662	0.00720	0.01247
5	0.05716	0.01450	0.01651	0.01364	0.01800	0.01511	0.01103	0.25789	0.06985	0.14483	0.19934	0.03558	0.06178	0.01183	0.00802	0.00241	0.00624	0.03784	0.00791	0.01055

[dist]
# distance from previous block
# <min> <max>
0	2

[block]
# block no. 7 follows, 26 sequences, length 12
# corresponding to MSA columns:
# 165-176
name=unknown_H
#
# <colnr> <probs for GDERKNQSTAVLIFYWHMCP>
#	G	D	E	R	K	N	Q	S	T	A	V	L	I	F	Y	W	H	M	C	P
0	0.09440	0.02068	0.02176	0.01681	0.02276	0.02296	0.01388	0.60561	0.03370	0.04661	0.01755	0.01770	0.01249	0.00893	0.00734	0.00228	0.00813	0.00659	0.00734	0.01249
1	0.01790	0.02046	0.04476	0.03197	0.03964	0.01918	0.65857	0.02430	0.01790	0.02430	0.01535	0.02046	0.01151	0.00639	0.00895	0.00256	0.01279	0.00895	0.00384	0.01023
2	0.01984	0.67757	0.09633	0.01373	0.02062	0.02894	0.01428	0.02283	0.01546	0.01838	0.01081	0.01250	0.00972	0.00655	0.00507	0.00169	0.00838	0.00419	0.00324	0.00986
3	0.01610	0.01469	0.02075	0.01482	0.02172	0.01168	0.12133	0.02000	0.01610	0.02464	0.01380	0.01655	0.01128	0.00575	0.00619	0.00137	0.00686	0.00526	0.00438	0.64670
4	0.02883	0.02125	0.02276	0.01745	0.02352	0.02352	0.01442	0.66082	0.03566	0.04780	0.01821	0.01821	0.01290	0.00911	0.00759	0.00228	0.00835	0.00683	0.00759	0.01290
5	0.00924	0.00660	0.00880	0.01056	0.01100	0.00616	0.00704	0.01056	0.01452	0.01936	0.04181	0.72848	0.05017	0.02376	0.00968	0.00308	0.00440	0.02156	0.00704	0.00616
6	0.00924	0.00660	0.00880	0.01056	0.01100	0.00616	0.00704	0.01056	0.01452	0.01936	0.04181	0.72848	0.05017	0.02376	0.00968	0.00308	0.00440	0.02156	0.00704	0.00616
7	0.11097	0.00904	0.01086	0.00991	0.01240	0.00873	0.00761	0.01714	0.02040	0.08375	0.54483	0.04857	0.05932	0.01394	0.00830	0.00238	0.00410	0.01201	0.00797	0.00775
8	0.02709	0.02038	0.02178	0.01710	0.02286	0.02271	0.01399	0.55203	0.14730	0.04499	0.02043	0.01998	0.01470	0.00931	0.00761	0.00233	0.00794	0.00714	0.00761	0.01274
9	0.01877	0.01802	0.03079	0.04656	0.68612	0.01802	0.02328	0.02328	0.01727	0.02478	0.01427	0.01877	0.01201	0.00676	0.00751	0.00225	0.00901	0.00676	0.00375	0.01201
10	0.03136	0.01389	0.01781	0.01401	0.01964	0.01303	0.01146	0.07103	0.12509	0.55273	0.02944	0.02580	0.01915	0.00952	0.00764	0.00238	0.00648	0.00773	0.00903	0.01277
11	0.01688	0.01656	0.02246	0.01935	0.01989	0.02268	0.01601	0.02105	0.09535	0.01996	0.01261	0.01808	0.01163	0.01290	0.02272	0.00322	0.62913	0.00688	0.00388	0.00877

[dist]
# distance from previous block
# <min> <max>
0	3

[block]
# block no. 8 follows, 26 sequences, length 12
# corresponding to MSA columns:
# 180-191
name=unknown_I
#
# <colnr> <probs for GDERKNQSTAVLIFYWHMCP>
#	G	D	E	R	K	N	Q	S	T	A	V	L	I	F	Y	W	H	M	C	P
0	0.03236	0.01254	0.01707	0.01321	0.01879	0.01086	0.01086	0.03534	0.02169	0.64382	0.07684	0.02804	0.02257	0.00983	0.00772	0.00235	0.00625	0.00807	0.00931	0.01249
1	0.02028	0.73799	0.03975	0.01298	0.01947	0.03001	0.01298	0.02271	0.01541	0.01785	0.01055	0.01217	0.00973	0.00649	0.00487	0.00162	0.00811	0.00406	0.00324	0.00973
2	0.01414	0.00707	0.00707	0.00707	0.00884	0.00707	0.00530	0.01767	0.01591	0.02828	0.02474	0.02828	0.01944	0.00884	0.00530	0.00177	0.00353	0.00707	0.77554	0.00707
3	0.00924	0.00660	0.00880	0.01056	0.01100	0.00616	0.00704	0.01056	0.01452	0.01936	0.04181	0.72848	0.05017	0.02376	0.00968	0.00308	0.00440	0.02156	0.00704	0.00616
4	0.02034	0.01639	0.01751	0.01544	0.01993	0.01869	0.01210	0.07645	0.59702	0.07130	0.03008	0.02756	0.02230	0.01017	0.00771	0.00254	0.00617	0.00842	0.00781	0.01211
5	0.02883	0.02125	0.02276	0.01745	0.02352	0.02352	0.01442	0.66082	0.03566	0.04780	0.01821	0.01821	0.01290	0.00911	0.00759	0.00228	0.00835	0.00683	0.00759	0.01290
6	0.01074	0.00775	0.01014	0.00954	0.01133	0.00716	0.00716	0.01431	0.02147	0.03042	0.68211	0.05666	0.07157	0.01551	0.00895	0.00239	0.00358	0.01372	0.00835	0.00716
7	0.01329	0.01206	0.01350	0.01322	0.01493	0.10675	0.01021	0.01589	0.01350	0.01774	0.01911	0.02754	0.01767	0.05000	0.60567	0.01075	0.01939	0.00767	0.00404	0.00706
8	0.01887	0.01629	0.01715	0.01544	0.01972	0.01887	0.01201	0.04031	0.67241	0.03173	0.03087	0.02830	0.02315	0.01029	0.00772	0.00257	0.00600	0.00858	0.00772	0.01201
9	0.02631	0.01941	0.02128	0.01671	0.02212	0.02155	0.01372	0.57003	0.03237	0.04357	0.01851	0.01984	0.01375	0.01581	0.10518	0.00367	0.01003	0.00701	0.00709	0.01204
10	0.00924	0.00660	0.00880	0.01056	0.01100	0.00616	0.00704	0.01056	0.01452	0.01936	0.04181	0.72848	0.05017	0.02376	0.00968	0.00308	0.00440	0.02156	0.00704	0.00616
11	0.02028	0.73799	0.03975	0.01298	0.01947	0.03001	0.01298	0.02271	0.01541	0.01785	0.01055	0.01217	0.00973	0.00649	0.00487	0.00162	0.00811	0.00406	0.00324	0.00973

[dist]
# distance from previous block
# <min> <max>
0	3

[block]
# block no. 9 follows, 26 sequences, length 7
# corresponding to MSA columns:
# 195-201
name=unknown_J
#
# <colnr> <probs for GDERKNQSTAVLIFYWHMCP>
#	G	D	E	R	K	N	Q	S	T	A	V	L	I	F	Y	W	H	M	C	P
0	0.01710	0.01429	0.01646	0.01188	0.01855	0.01151	0.00955	0.08609	0.01781	0.02713	0.01398	0.01599	0.01141	0.00598	0.00582	0.00124	0.00590	0.00474	0.00482	0.69974
1	0.01084	0.00813	0.01219	0.01219	0.01354	0.00948	0.00948	0.01354	0.01219	0.01761	0.02032	0.02980	0.01896	0.05689	0.70337	0.01219	0.02032	0.00813	0.00406	0.00677
2	0.78701	0.01467	0.01115	0.00997	0.01467	0.01702	0.00821	0.02230	0.01291	0.03403	0.01056	0.01232	0.00821	0.00704	0.00469	0.00235	0.00587	0.00411	0.00469	0.00821
3	0.02883	0.02125	0.02276	0.01745	0.02352	0.02352	0.01442	0.66082	0.03566	0.04780	0.01821	0.01821	0.01290	0.00911	0.00759	0.00228	0.00835	0.00683	0.00759	0.01290
4	0.01318	0.00659	0.00988	0.00988	0.00988	0.00659	0.00659	0.00988	0.00988	0.01318	0.01318	0.02306	0.01318	0.02635	0.02964	0.77931	0.00659	0.00659	0.00329	0.00329
5	0.01084	0.00813	0.01219	0.01219	0.01354	0.00948	0.00948	0.01354	0.01219	0.01761	0.02032	0.02980	0.01896	0.05689	0.70337	0.01219	0.02032	0.00813	0.00406	0.00677
6	0.01877	0.01802	0.03079	0.04656	0.68612	0.01802	0.02328	0.02328	0.01727	0.02478	0.01427	0.01877	0.01201	0.00676	0.00751	0.00225	0.00901	0.00676	0.00375	0.01201

[dist]
# distance from previous block
# <min> <max>
3	4

[block]
# block no. 10 follows, 26 sequences, length 32
# corresponding to MSA columns:
# 206-237
name=unknown_K
#
# <colnr> <probs for GDERKNQSTAVLIFYWHMCP>
#	G	D	E	R	K	N	Q	S	T	A	V	L	I	F	Y	W	H	M	C	P
0	0.01630	0.01382	0.01604	0.01151	0.01822	0.01070	0.00923	0.04726	0.01660	0.02573	0.01369	0.01584	0.01131	0.00577	0.00570	0.00117	0.00574	0.00460	0.00463	0.74615
1	0.73621	0.01511	0.01193	0.01048	0.01526	0.01745	0.00863	0.06508	0.01443	0.03495	0.01107	0.01272	0.00853	0.00718	0.00489	0.00234	0.00603	0.00429	0.00489	0.00853
2	0.00896	0.00768	0.00768	0.00768	0.01025	0.00640	0.00576	0.01089	0.01729	0.02049	0.07684	0.07300	0.68304	0.01921	0.00896	0.00256	0.00384	0.01601	0.00704	0.00640
3	0.01887	0.01629	0.01715	0.01544	0.01972	0.01887	0.01201	0.04031	0.67241	0.03173	0.03087	0.02830	0.02315	0.01029	0.00772	0.00257	0.00600	0.00858	0.00772	0.01201
4	0.03158	0.01382	0.01780	0.01398	0.01963	0.01290	0.01144	0.06960	0.11596	0.56338	0.02946	0.02578	0.01910	0.00950	0.00764	0.00238	0.00649	0.00772	0.00906	0.01278
5	0.03370	0.01345	0.01794	0.01375	0.01963	0.01195	0.01136	0.07733	0.02261	0.64973	0.02917	0.02532	0.01840	0.00937	0.00763	0.00234	0.00658	0.00758	0.00927	0.01291
6	0.01573	0.01348	0.01573	0.01123	0.01798	0.01011	0.00899	0.01910	0.01573	0.02472	0.01348	0.01573	0.01123	0.00562	0.00562	0.00112	0.00562	0.00449	0.00449	0.77980
7	0.03329	0.01409	0.01834	0.01406	0.01995	0.01291	0.01161	0.12572	0.02369	0.59981	0.02826	0.02473	0.01794	0.00935	0.00762	0.00234	0.00672	0.00751	0.00913	0.01291
8	0.02833	0.03615	0.02149	0.01954	0.02345	0.70298	0.01466	0.03029	0.02149	0.01856	0.01172	0.01368	0.00977	0.00782	0.00684	0.00195	0.01368	0.00489	0.00391	0.00879
9	0.03376	0.01334	0.01787	0.01370	0.01958	0.01179	0.01132	0.06912	0.02243	0.65820	0.02932	0.02543	0.01847	0.00937	0.00763	0.00234	0.00655	0.00759	0.00930	0.01291
10	0.01887	0.01629	0.01715	0.01544	0.01972	0.01887	0.01201	0.04031	0.67241	0.03173	0.03087	0.02830	0.02315	0.01029	0.00772	0.00257	0.00600	0.00858	0.00772	0.01201
11	0.02837	0.02101	0.02250	0.01736	0.02334	0.02330	0.01430	0.63169	0.06556	0.04705	0.01881	0.01868	0.01338	0.00916	0.00759	0.00229	0.00824	0.00691	0.00759	0.01286
12	0.02883	0.02125	0.02276	0.01745	0.02352	0.02352	0.01442	0.66082	0.03566	0.04780	0.01821	0.01821	0.01290	0.00911	0.00759	0.00228	0.00835	0.00683	0.00759	0.01290
13	0.01318	0.00659	0.00988	0.00988	0.00988	0.00659	0.00659	0.00988	0.00988	0.01318	0.01318	0.02306	0.01318	0.02635	0.02964	0.77931	0.00659	0.00659	0.00329	0.00329
14	0.01318	0.00659	0.00988	0.00988	0.00988	0.00659	0.00659	0.00988	0.00988	0.01318	0.01318	0.02306	0.01318	0.02635	0.02964	0.77931	0.00659	0.00659	0.00329	0.00329
15	0.01994	0.69118	0.08359	0.01356	0.02036	0.02918	0.01399	0.02280	0.01545	0.01826	0.01075	0.01243	0.00973	0.00654	0.00502	0.00167	0.00832	0.00416	0.00324	0.00983
16	0.01080	0.00780	0.01023	0.00973	0.01152	0.00722	0.00738	0.01437	0.02130	0.03008	0.65443	0.05791	0.07037	0.01574	0.00901	0.00243	0.00373	0.04051	0.00829	0.00715
17	0.01659	0.01659	0.02323	0.01991	0.01991	0.02323	0.01659	0.01825	0.01162	0.01825	0.00996	0.01659	0.00996	0.01328	0.02489	0.00332	0.71955	0.00664	0.00332	0.00830
18	0.01755	0.01468	0.01668	0.01242	0.01880	0.01264	0.00995	0.09255	0.09651	0.02811	0.01609	0.01751	0.01284	0.00656	0.00609	0.00142	0.00597	0.00524	0.00522	0.60318
19	0.07973	0.03412	0.02084	0.01881	0.02286	0.63012	0.01421	0.05426	0.02146	0.02075	0.01190	0.01376	0.00979	0.00781	0.00672	0.00199	0.01294	0.00491	0.00410	0.00891
20	0.02732	0.01979	0.02139	0.01682	0.02255	0.02186	0.01376	0.50541	0.15282	0.08647	0.02132	0.02057	0.01518	0.00934	0.00761	0.00234	0.00779	0.00720	0.00773	0.01273
21	0.06043	0.03462	0.02111	0.01905	0.02308	0.64573	0.01437	0.05617	0.02172	0.02043	0.01195	0.01381	0.00983	0.00784	0.00678	0.00198	0.01313	0.00493	0.00409	0.00894
22	0.01318	0.00659	0.00988	0.00988	0.00988	0.00659	0.00659	0.00988	0.00988	0.01318	0.01318	0.02306	0.01318	0.02635	0.02964	0.77931	0.00659	0.00659	0.00329	0.00329
23	0.00924	0.00660	0.00880	0.01056	0.01100	0.00616	0.00704	0.01056	0.01452	0.01936	0.04181	0.72848	0.05017	0.02376	0.00968	0.00308	0.00440	0.02156	0.00704	0.00616
24	0.02881	0.02206	0.02269	0.01757	0.02352	0.06086	0.01443	0.62617	0.03488	0.04620	0.01785	0.01796	0.01273	0.00903	0.00755	0.00226	0.00864	0.00672	0.00739	0.01267
25	0.03168	0.01363	0.01782	0.01357	0.01955	0.01203	0.01118	0.08486	0.02219	0.56950	0.02725	0.02414	0.01751	0.00897	0.00741	0.00221	0.00652	0.00723	0.00873	0.09402
26	0.17149	0.01559	0.01670	0.01408	0.01905	0.01693	0.01130	0.10049	0.30568	0.21007	0.02540	0.02352	0.01805	0.00930	0.00710	0.00244	0.00634	0.00728	0.00757	0.01161
27	0.01790	0.02046	0.04476	0.03197	0.03964	0.01918	0.65857	0.02430	0.01790	0.02430	0.01535	0.02046	0.01151	0.00639	0.00895	0.00256	0.01279	0.00895	0.00384	0.01023
28	0.05234	0.01546	0.01676	0.01300	0.01894	0.03967	0.01038	0.07420	0.14223	0.09846	0.01868	0.01914	0.01423	0.00731	0.00638	0.00170	0.00630	0.00577	0.00584	0.43320
29	0.01790	0.02046	0.04476	0.03197	0.03964	0.01918	0.65857	0.02430	0.01790	0.02430	0.01535	0.02046	0.01151	0.00639	0.00895	0.00256	0.01279	0.00895	0.00384	0.01023
30	0.02477	0.01553	0.01818	0.01388	0.01995	0.01463	0.01128	0.18659	0.08744	0.23006	0.02129	0.02060	0.01508	0.00807	0.00692	0.00192	0.00659	0.00642	0.00704	0.28378
31	0.01980	0.67199	0.10156	0.01379	0.02073	0.02884	0.01440	0.02284	0.01547	0.01843	0.01083	0.01253	0.00972	0.00656	0.00509	0.00170	0.00840	0.00420	0.00324	0.00987

[dist]
# distance from previous block
# <min> <max>
0	1

[block]
# block no. 11 follows, 26 sequences, length 64
# corresponding to MSA columns:
# 239-302
name=unknown_L
#
# <colnr> <probs for GDERKNQSTAVLIFYWHMCP>
#	G	D	E	R	K	N	Q	S	T	A	V	L	I	F	Y	W	H	M	C	P
0	0.61481	0.01616	0.01379	0.01167	0.01668	0.01849	0.00962	0.16732	0.01808	0.03716	0.01230	0.01366	0.00928	0.00751	0.00535	0.00233	0.00643	0.00473	0.00535	0.00928
1	0.00924	0.00660	0.00880	0.01056	0.01100	0.00616	0.00704	0.01056	0.01452	0.01936	0.04181	0.72848	0.05017	0.02376	0.00968	0.00308	0.00440	0.02156	0.00704	0.00616
2	0.01790	0.02046	0.04476	0.03197	0.03964	0.01918	0.65857	0.02430	0.01790	0.02430	0.01535	0.02046	0.01151	0.00639	0.00895	0.00256	0.01279	0.00895	0.00384	0.01023
3	0.15542	0.01331	0.01654	0.01299	0.01862	0.01236	0.01070	0.03471	0.04264	0.56228	0.02682	0.02372	0.01722	0.00904	0.00716	0.00235	0.00634	0.00709	0.00857	0.01212
4	0.02717	0.02040	0.02225	0.01711	0.02290	0.02248	0.01412	0.57698	0.03284	0.04444	0.01740	0.01793	0.01261	0.00906	0.00836	0.00224	0.04629	0.00664	0.00712	0.07165
5	0.00924	0.00660	0.00880	0.01056	0.01100	0.00616	0.00704	0.01056	0.01452	0.01936	0.04181	0.72848	0.05017	0.02376	0.00968	0.00308	0.00440	0.02156	0.00704	0.00616
6	0.01790	0.02046	0.04476	0.03197	0.03964	0.01918	0.65857	0.02430	0.01790	0.02430	0.01535	0.02046	0.01151	0.00639	0.00895	0.00256	0.01279	0.00895	0.00384	0.01023
7	0.01588	0.01371	0.01608	0.01174	0.01812	0.01096	0.00940	0.01988	0.04067	0.02473	0.01401	0.01624	0.01164	0.00610	0.00646	0.00127	0.03378	0.00473	0.00457	0.72003
8	0.01052	0.00774	0.00984	0.00931	0.01120	0.00706	0.00699	0.01389	0.02096	0.02919	0.60749	0.05867	0.14695	0.01596	0.00895	0.00241	0.00361	0.01400	0.00819	0.00706
9	0.03063	0.01415	0.01748	0.01341	0.01933	0.04513	0.01095	0.03359	0.02068	0.54447	0.02622	0.02350	0.01705	0.00867	0.00725	0.00212	0.00667	0.00696	0.00828	0.14347
10	0.01573	0.01348	0.01573	0.01123	0.01798	0.01011	0.00899	0.01910	0.01573	0.02472	0.01348	0.01573	0.01123	0.00562	0.00562	0.00112	0.00562	0.00449	0.00449	0.77980
11	0.01790	0.02046	0.04476	0.03197	0.03964	0.01918	0.65857	0.02430	0.01790	0.02430	0.01535	0.02046	0.01151	0.00639	0.00895	0.00256	0.01279	0.00895	0.00384	0.01023
12	0.03328	0.01308	0.01758	0.01359	0.01938	0.01153	0.01119	0.03713	0.05384	0.65880	0.02997	0.02594	0.01899	0.00943	0.00763	0.00236	0.00643	0.00767	0.00931	0.01286
13	0.02883	0.02125	0.02276	0.01745	0.02352	0.02352	0.01442	0.66082	0.03566	0.04780	0.01821	0.01821	0.01290	0.00911	0.00759	0.00228	0.00835	0.00683	0.00759	0.01290
14	0.00924	0.00660	0.00880	0.01056	0.01100	0.00616	0.00704	0.01056	0.01452	0.01936	0.04181	0.72848	0.05017	0.02376	0.00968	0.00308	0.00440	0.02156	0.00704	0.00616
15	0.02879	0.02264	0.02265	0.01765	0.02352	0.08686	0.01444	0.60205	0.03434	0.04508	0.01761	0.01779	0.01261	0.00899	0.00752	0.00225	0.00884	0.00665	0.00724	0.01252
16	0.01573	0.01348	0.01573	0.01123	0.01798	0.01011	0.00899	0.01910	0.01573	0.02472	0.01348	0.01573	0.01123	0.00562	0.00562	0.00112	0.00562	0.00449	0.00449	0.77980
17	0.01767	0.01970	0.04160	0.02972	0.03729	0.01820	0.58795	0.02373	0.01767	0.02434	0.01514	0.01995	0.01148	0.00631	0.00859	0.00240	0.01201	0.00847	0.00391	0.09389
18	0.00995	0.00715	0.00958	0.01128	0.01211	0.00679	0.00824	0.01181	0.01533	0.02020	0.04265	0.55086	0.07103	0.02293	0.00985	0.00316	0.00500	0.16870	0.00703	0.00637
19	0.01715	0.01433	0.01649	0.01191	0.01858	0.01157	0.00958	0.08894	0.01790	0.02723	0.01400	0.01600	0.01142	0.00600	0.00583	0.00125	0.00591	0.00475	0.00483	0.69633
20	0.02883	0.02125	0.02276	0.01745	0.02352	0.02352	0.01442	0.66082	0.03566	0.04780	0.01821	0.01821	0.01290	0.00911	0.00759	0.00228	0.00835	0.00683	0.00759	0.01290
21	0.01084	0.00813	0.01219	0.01219	0.01354	0.00948	0.00948	0.01354	0.01219	0.01761	0.02032	0.02980	0.01896	0.05689	0.70337	0.01219	0.02032	0.00813	0.00406	0.00677
22	0.05675	0.01924	0.02063	0.01641	0.02199	0.02131	0.01338	0.44655	0.18327	0.08830	0.02170	0.02088	0.01553	0.00932	0.00751	0.00235	0.00757	0.00719	0.00763	0.01251
23	0.02396	0.01871	0.02005	0.01613	0.02161	0.02057	0.01303	0.37354	0.26723	0.03976	0.02241	0.02168	0.01650	0.00921	0.00745	0.00228	0.00723	0.00725	0.00735	0.08406
24	0.01979	0.66996	0.10346	0.01382	0.02077	0.02881	0.01444	0.02284	0.01547	0.01845	0.01084	0.01254	0.00972	0.00656	0.00509	0.00170	0.00841	0.00421	0.00324	0.00988
25	0.01103	0.00735	0.00827	0.00827	0.00827	0.00735	0.00460	0.01103	0.01103	0.01471	0.02390	0.04964	0.02758	0.73343	0.03861	0.00735	0.00735	0.01103	0.00460	0.00460
26	0.01963	0.01612	0.01717	0.01534	0.01971	0.01848	0.01196	0.04014	0.63953	0.06506	0.03082	0.02817	0.02293	0.01025	0.00771	0.00256	0.00603	0.00853	0.00780	0.01205
27	0.02003	0.01687	0.02183	0.01616	0.02266	0.01583	0.09968	0.20657	0.06731	0.03181	0.01631	0.01796	0.01258	0.00705	0.00679	0.00175	0.00741	0.00606	0.00552	0.39979
28	0.00922	0.00668	0.00872	0.01036	0.01095	0.00618	0.00695	0.01058	0.01471	0.01944	0.04425	0.68284	0.09423	0.02345	0.00963	0.00304	0.00436	0.02118	0.00704	0.00618
29	0.02833	0.03615	0.02149	0.01954	0.02345	0.70298	0.01466	0.03029	0.02149	0.01856	0.01172	0.01368	0.00977	0.00782	0.00684	0.00195	0.01368	0.00489	0.00391	0.00879
30	0.01700	0.01344	0.01586	0.01139	0.01807	0.01018	0.00914	0.02034	0.01615	0.07114	0.01463	0.01643	0.01176	0.00588	0.00576	0.00121	0.00568	0.00471	0.00483	0.72640
31	0.03347	0.01303	0.01759	0.01357	0.01938	0.01144	0.01118	0.03709	0.04594	0.66681	0.02996	0.02591	0.01894	0.00942	0.00763	0.00236	0.00644	0.00766	0.00933	0.01287
32	0.01614	0.01479	0.02119	0.01513	0.02205	0.01182	0.13115	0.02008	0.01614	0.02464	0.01383	0.01662	0.01129	0.00576	0.00624	0.00139	0.00697	0.00533	0.00437	0.63507
33	0.01084	0.00813	0.01219	0.01219	0.01354	0.00948	0.00948	0.01354	0.01219	0.01761	0.02032	0.02980	0.01896	0.05689	0.70337	0.01219	0.02032	0.00813	0.00406	0.00677
34	0.01725	0.01442	0.01653	0.01207	0.01864	0.01189	0.00969	0.08806	0.04454	0.02745	0.01469	0.01650	0.01190	0.00618	0.00591	0.00130	0.00592	0.00491	0.00495	0.66720
35	0.06745	0.02042	0.02187	0.01684	0.02283	0.02246	0.01391	0.59167	0.03369	0.08517	0.01852	0.01836	0.01301	0.00902	0.00744	0.00228	0.00811	0.00674	0.00755	0.01266
36	0.01074	0.00775	0.01014	0.00954	0.01133	0.00716	0.00716	0.01431	0.02147	0.03042	0.68211	0.05666	0.07157	0.01551	0.00895	0.00239	0.00358	0.01372	0.00835	0.00716
37	0.73422	0.01513	0.01196	0.01050	0.01529	0.01747	0.00865	0.06676	0.01449	0.03499	0.01109	0.01273	0.00854	0.00718	0.00490	0.00234	0.00604	0.00430	0.00490	0.00854
38	0.00924	0.00660	0.00880	0.01056	0.01100	0.00616	0.00704	0.01056	0.01452	0.01936	0.04181	0.72848	0.05017	0.02376	0.00968	0.00308	0.00440	0.02156	0.00704	0.00616
39	0.58494	0.01642	0.01424	0.01197	0.01703	0.01875	0.00987	0.19248	0.01897	0.03770	0.01260	0.01389	0.00946	0.00759	0.00547	0.00233	0.00653	0.00483	0.00547	0.00946
40	0.02824	0.02095	0.02243	0.01733	0.02330	0.02325	0.01427	0.62413	0.07332	0.04685	0.01896	0.01881	0.01351	0.00918	0.00760	0.00229	0.00821	0.00693	0.00760	0.01285
41	0.02904	0.02091	0.02256	0.01729	0.02335	0.02302	0.01428	0.63565	0.03510	0.07377	0.01868	0.01852	0.01314	0.00912	0.00759	0.00228	0.00827	0.00686	0.00766	0.01290
42	0.02842	0.02104	0.02253	0.01737	0.02336	0.02333	0.01432	0.63492	0.06224	0.04713	0.01874	0.01863	0.01333	0.00915	0.00759	0.00229	0.00825	0.00690	0.00759	0.01286
43	0.01659	0.01659	0.02323	0.01991	0.01991	0.02323	0.01659	0.01825	0.01162	0.01825	0.00996	0.01659	0.00996	0.01328	0.02489	0.00332	0.71955	0.00664	0.00332	0.00830
44	0.00924	0.00660	0.00880	0.01056	0.01100	0.00616	0.00704	0.01056	0.01452	0.01936	0.04181	0.72848	0.05017	0.02376	0.00968	0.00308	0.00440	0.02156	0.00704	0.00616
45	0.00924	0.00660	0.00880	0.01056	0.01100	0.00616	0.00704	0.01056	0.01452	0.01936	0.04181	0.72848	0.05017	0.02376	0.00968	0.00308	0.00440	0.02156	0.00704	0.00616
46	0.01777	0.02005	0.04304	0.03074	0.03836	0.01865	0.62015	0.02399	0.01777	0.02432	0.01524	0.02018	0.01149	0.00635	0.00875	0.00247	0.01236	0.00869	0.00388	0.05574
47	0.02336	0.01804	0.01981	0.01496	0.02122	0.01814	0.01222	0.38730	0.05383	0.03822	0.01690	0.01766	0.01267	0.00780	0.00683	0.00184	0.00720	0.00600	0.00640	0.30959
48	0.07333	0.02069	0.02189	0.01694	0.02287	0.02298	0.01397	0.60206	0.05587	0.04644	0.01819	0.01820	0.01297	0.00902	0.00742	0.00229	0.00812	0.00673	0.00742	0.01259
49	0.01790	0.02046	0.04476	0.03197	0.03964	0.01918	0.65857	0.02430	0.01790	0.02430	0.01535	0.02046	0.01151	0.00639	0.00895	0.00256	0.01279	0.00895	0.00384	0.01023
50	0.01659	0.01659	0.02323	0.01991	0.01991	0.02323	0.01659	0.01825	0.01162	0.01825	0.00996	0.01659	0.00996	0.01328	0.02489	0.00332	0.71955	0.00664	0.00332	0.00830
51	0.01215	0.00868	0.01212	0.01375	0.01549	0.00865	0.01197	0.01564	0.01766	0.02309	0.07260	0.08410	0.04506	0.02068	0.01040	0.00344	0.00681	0.60367	0.00705	0.00699
52	0.00924	0.00660	0.00880	0.01056	0.01100	0.00616	0.00704	0.01056	0.01452	0.01936	0.04181	0.72848	0.05017	0.02376	0.00968	0.00308	0.00440	0.02156	0.00704	0.00616
53	0.01584	0.01383	0.01716	0.01226	0.01905	0.01056	0.04106	0.01936	0.01584	0.02470	0.01357	0.01596	0.01125	0.00566	0.00578	0.00119	0.00597	0.00471	0.00446	0.74180
54	0.01790	0.02046	0.04476	0.03197	0.03964	0.01918	0.65857	0.02430	0.01790	0.02430	0.01535	0.02046	0.01151	0.00639	0.00895	0.00256	0.01279	0.00895	0.00384	0.01023
55	0.02028	0.73799	0.03975	0.01298	0.01947	0.03001	0.01298	0.02271	0.01541	0.01785	0.01055	0.01217	0.00973	0.00649	0.00487	0.00162	0.00811	0.00406	0.00324	0.00973
56	0.01222	0.00873	0.01222	0.01397	0.01572	0.00873	0.01222	0.01572	0.01746	0.02270	0.04016	0.08556	0.04365	0.02095	0.01048	0.00349	0.00698	0.63506	0.00698	0.00698
57	0.01084	0.00813	0.01219	0.01219	0.01354	0.00948	0.00948	0.01354	0.01219	0.01761	0.02032	0.02980	0.01896	0.05689	0.70337	0.01219	0.02032	0.00813	0.00406	0.00677
58	0.01877	0.01802	0.03079	0.04656	0.68612	0.01802	0.02328	0.02328	0.01727	0.02478	0.01427	0.01877	0.01201	0.00676	0.00751	0.00225	0.00901	0.00676	0.00375	0.01201
59	0.01573	0.01348	0.01573	0.01123	0.01798	0.01011	0.00899	0.01910	0.01573	0.02472	0.01348	0.01573	0.01123	0.00562	0.00562	0.00112	0.00562	0.00449	0.00449	0.77980
60	0.01877	0.01802	0.03079	0.04656	0.68612	0.01802	0.02328	0.02328	0.01727	0.02478	0.01427	0.01877	0.01201	0.00676	0.00751	0.00225	0.00901	0.00676	0.00375	0.01201
61	0.01658	0.01438	0.01813	0.01301	0.01978	0.01146	0.05451	0.05389	0.01695	0.02593	0.01387	0.01619	0.01134	0.00586	0.00596	0.00129	0.00626	0.00493	0.00461	0.68507
62	0.01074	0.00775	0.01014	0.00954	0.01133	0.00716	0.00716	0.01431	0.02147	0.03042	0.68211	0.05666	0.07157	0.01551	0.00895	0.00239	0.00358	0.01372	0.00835	0.00716
63	0.02045	0.01577	0.02055	0.01517	0.02167	0.01415	0.08357	0.13947	0.05546	0.09949	0.01722	0.01845	0.01300	0.00699	0.00668	0.00170	0.00703	0.00597	0.00567	0.43154

[dist]
# distance from previous block
# <min> <max>
0	4

[block]
# block no. 12 follows, 26 sequences, length 13
# corresponding to MSA columns:
# 307-319
name=unknown_M
#
# <colnr> <probs for GDERKNQSTAVLIFYWHMCP>
#	G	D	E	R	K	N	Q	S	T	A	V	L	I	F	Y	W	H	M	C	P
0	0.01029	0.00793	0.00965	0.01060	0.01252	0.00728	0.00851	0.01274	0.01693	0.02119	0.05702	0.17799	0.33415	0.02059	0.00967	0.00301	0.00517	0.26113	0.00702	0.00660
1	0.01599	0.14587	0.59426	0.02030	0.03079	0.01951	0.02573	0.02382	0.01592	0.02308	0.01314	0.01543	0.00963	0.00710	0.00685	0.00228	0.01074	0.00537	0.00321	0.01098
2	0.02775	0.02684	0.02175	0.01812	0.02316	0.29825	0.01430	0.35054	0.08631	0.03454	0.01671	0.01727	0.01254	0.00869	0.00730	0.00217	0.01030	0.00620	0.00611	0.01116
3	0.01875	0.01596	0.02071	0.01504	0.02176	0.01403	0.08845	0.15488	0.02019	0.02953	0.01470	0.01682	0.01162	0.00645	0.00643	0.00154	0.00706	0.00552	0.00507	0.52550
4	0.01209	0.00864	0.01204	0.01358	0.01533	0.00859	0.01177	0.01559	0.01782	0.02338	0.09701	0.08300	0.04613	0.02047	0.01034	0.00339	0.00668	0.58004	0.00711	0.00700
5	0.78701	0.01467	0.01115	0.00997	0.01467	0.01702	0.00821	0.02230	0.01291	0.03403	0.01056	0.01232	0.00821	0.00704	0.00469	0.00235	0.00587	0.00411	0.00469	0.00821
6	0.00943	0.00673	0.00901	0.01077	0.01129	0.00632	0.00736	0.01088	0.01470	0.01957	0.04170	0.68869	0.04976	0.02359	0.00973	0.00311	0.00456	0.05954	0.00704	0.00621
7	0.01877	0.01802	0.03079	0.04656	0.68612	0.01802	0.02328	0.02328	0.01727	0.02478	0.01427	0.01877	0.01201	0.00676	0.00751	0.00225	0.00901	0.00676	0.00375	0.01201
8	0.01697	0.01422	0.01640	0.01182	0.01850	0.01138	0.00950	0.07991	0.01762	0.02690	0.01393	0.01596	0.01139	0.00595	0.00580	0.00123	0.00588	0.00472	0.00479	0.70712
