[name]
unknown

[dist]
# distance from previous block
# <min> <max>
0	0

[block]
# block no. 0 follows, 24 sequences, length 40
# corresponding to MSA columns:
# 0-39
name=unknown_A
#
# <colnr> <probs for GDERKNQSTAVLIFYWHMCP>
#	G	D	E	R	K	N	Q	S	T	A	V	L	I	F	Y	W	H	M	C	P
0	0.01278	0.00913	0.01278	0.01460	0.01643	0.00913	0.01278	0.01643	0.01825	0.02373	0.04199	0.08945	0.04564	0.02191	0.01095	0.00365	0.00730	0.61847	0.00730	0.00730
1	0.01312	0.00897	0.01014	0.00967	0.01028	0.00924	0.00593	0.06600	0.01380	0.01849	0.02430	0.04809	0.02709	0.62887	0.06842	0.00747	0.00842	0.01101	0.00505	0.00566
2	0.05323	0.01416	0.02272	0.62442	0.05041	0.01719	0.02056	0.02040	0.01577	0.02138	0.01394	0.02043	0.01055	0.00777	0.00765	0.00254	0.01005	0.00676	0.00367	0.05641
3	0.03558	0.01350	0.01840	0.01411	0.02024	0.01166	0.01166	0.03865	0.02270	0.67734	0.03128	0.02699	0.01963	0.00981	0.00797	0.00245	0.00675	0.00797	0.00981	0.01350
4	0.14710	0.01377	0.01739	0.01356	0.01951	0.01258	0.01119	0.03634	0.02131	0.58085	0.02824	0.02487	0.01797	0.00945	0.00751	0.00245	0.00666	0.00742	0.00908	0.01276
5	0.02534	0.09833	0.07215	0.02142	0.06470	0.43686	0.01673	0.02813	0.01980	0.02036	0.01231	0.01508	0.01043	0.00848	0.00909	0.00219	0.09054	0.00539	0.00391	0.03875
6	0.01427	0.00924	0.01179	0.04527	0.01539	0.00887	0.00889	0.05793	0.01805	0.09839	0.04498	0.45304	0.14214	0.02048	0.00950	0.00296	0.00533	0.01813	0.00750	0.00789
7	0.01878	0.01808	0.03084	0.15851	0.50158	0.01874	0.05616	0.02454	0.04807	0.02526	0.01566	0.02045	0.01274	0.00737	0.00795	0.00244	0.00968	0.00727	0.00406	0.01182
8	0.02393	0.02055	0.02022	0.01702	0.02221	0.08382	0.01349	0.23935	0.36116	0.03707	0.02512	0.02401	0.01873	0.00986	0.00783	0.00245	0.00782	0.00779	0.00748	0.05009
9	0.01001	0.00781	0.00834	0.00855	0.01023	0.00694	0.00584	0.01138	0.01592	0.01960	0.06072	0.14278	0.41986	0.21594	0.01809	0.00414	0.00511	0.01595	0.00665	0.00614
10	0.58141	0.01641	0.04581	0.01171	0.01674	0.01726	0.01009	0.08042	0.01691	0.03596	0.08782	0.01900	0.01677	0.00859	0.00583	0.00245	0.00638	0.00580	0.00555	0.00907
11	0.01977	0.01966	0.03217	0.08713	0.55821	0.05210	0.06587	0.02452	0.01818	0.02520	0.01481	0.01958	0.01228	0.00715	0.00792	0.00238	0.01000	0.00712	0.00391	0.01203
12	0.03329	0.01327	0.01785	0.01391	0.01969	0.01169	0.01141	0.03717	0.04798	0.60771	0.07465	0.02929	0.02357	0.01029	0.00807	0.00247	0.00652	0.00845	0.00967	0.01305
13	0.63739	0.01694	0.05858	0.09120	0.02117	0.01781	0.01155	0.02308	0.01399	0.03310	0.01161	0.01410	0.00892	0.00744	0.00544	0.00248	0.00703	0.00472	0.00464	0.00883
14	0.02021	0.01805	0.01815	0.01635	0.02081	0.05254	0.01269	0.04162	0.62641	0.03250	0.03129	0.02884	0.02352	0.01063	0.00802	0.00266	0.00667	0.00878	0.00787	0.01239
15	0.50515	0.01784	0.01608	0.01328	0.01871	0.02027	0.01095	0.24992	0.02216	0.04082	0.01395	0.01512	0.01037	0.00815	0.00601	0.00243	0.00708	0.00533	0.00601	0.01037
16	0.01377	0.00689	0.01033	0.01033	0.01033	0.00689	0.00689	0.01033	0.01033	0.01377	0.01377	0.02410	0.01377	0.02755	0.03099	0.76928	0.00689	0.00689	0.00344	0.00344
17	0.01735	0.01735	0.02429	0.02082	0.02082	0.02429	0.01735	0.01908	0.01214	0.01908	0.01041	0.01735	0.01041	0.01388	0.02602	0.00347	0.70680	0.00694	0.00347	0.00867
18	0.01153	0.00769	0.00865	0.00865	0.00865	0.00769	0.00480	0.01153	0.01153	0.01538	0.02499	0.05189	0.02883	0.72131	0.04036	0.00769	0.00769	0.01153	0.00480	0.00480
19	0.01727	0.01472	0.02195	0.47430	0.04261	0.01794	0.01880	0.10791	0.01868	0.02542	0.01586	0.02152	0.01209	0.00876	0.00904	0.00258	0.06282	0.00709	0.09138	0.00929
20	0.01531	0.01475	0.02585	0.64235	0.05344	0.01784	0.07765	0.02072	0.01611	0.02072	0.01427	0.02116	0.01070	0.00782	0.00806	0.00265	0.01082	0.00725	0.00357	0.00898
21	0.01972	0.01703	0.01793	0.01614	0.02062	0.01972	0.01255	0.04214	0.65752	0.03317	0.03228	0.02959	0.02421	0.01076	0.00807	0.00269	0.00628	0.00897	0.00807	0.01255
22	0.01278	0.00913	0.01278	0.01460	0.01643	0.00913	0.01278	0.01643	0.01825	0.02373	0.04199	0.08945	0.04564	0.02191	0.01095	0.00365	0.00730	0.61847	0.00730	0.00730
23	0.02120	0.72609	0.04155	0.01357	0.02035	0.03138	0.01357	0.02374	0.01611	0.01866	0.01102	0.01272	0.01018	0.00678	0.00509	0.00170	0.00848	0.00424	0.00339	0.01018
24	0.01590	0.04102	0.68023	0.02260	0.03432	0.01842	0.02930	0.02511	0.01674	0.02511	0.01423	0.01674	0.01005	0.00753	0.00753	0.00251	0.01172	0.00586	0.00335	0.01172
25	0.00966	0.00690	0.00920	0.01104	0.01150	0.00644	0.00736	0.01104	0.01518	0.02024	0.04371	0.71614	0.05245	0.02484	0.01012	0.00322	0.00460	0.02254	0.00736	0.00644
26	0.01122	0.00811	0.01060	0.00998	0.01185	0.00748	0.00748	0.01496	0.02245	0.03180	0.66766	0.05923	0.07482	0.01621	0.00935	0.00249	0.00374	0.01434	0.00873	0.00748
27	0.01735	0.01735	0.02429	0.02082	0.02082	0.02429	0.01735	0.01908	0.01214	0.01908	0.01041	0.01735	0.01041	0.01388	0.02602	0.00347	0.70680	0.00694	0.00347	0.00867
28	0.02120	0.72609	0.04155	0.01357	0.02035	0.03138	0.01357	0.02374	0.01611	0.01866	0.01102	0.01272	0.01018	0.00678	0.00509	0.00170	0.00848	0.00424	0.00339	0.01018
29	0.00966	0.00690	0.00920	0.01104	0.01150	0.00644	0.00736	0.01104	0.01518	0.02024	0.04371	0.71614	0.05245	0.02484	0.01012	0.00322	0.00460	0.02254	0.00736	0.00644
30	0.01122	0.00811	0.01060	0.00998	0.01185	0.00748	0.00748	0.01496	0.02245	0.03180	0.66766	0.05923	0.07482	0.01621	0.00935	0.00249	0.00374	0.01434	0.00873	0.00748
31	0.03014	0.02221	0.02380	0.01825	0.02459	0.02459	0.01507	0.64541	0.03728	0.04998	0.01904	0.01904	0.01349	0.00952	0.00793	0.00238	0.00873	0.00714	0.00793	0.01349
32	0.03558	0.01350	0.01840	0.01411	0.02024	0.01166	0.01166	0.03865	0.02270	0.67734	0.03128	0.02699	0.01963	0.00981	0.00797	0.00245	0.00675	0.00797	0.00981	0.01350
33	0.00966	0.00690	0.00920	0.01104	0.01150	0.00644	0.00736	0.01104	0.01518	0.02024	0.04371	0.71614	0.05245	0.02484	0.01012	0.00322	0.00460	0.02254	0.00736	0.00644
34	0.01590	0.04102	0.68023	0.02260	0.03432	0.01842	0.02930	0.02511	0.01674	0.02511	0.01423	0.01674	0.01005	0.00753	0.00753	0.00251	0.01172	0.00586	0.00335	0.01172
35	0.01590	0.04102	0.68023	0.02260	0.03432	0.01842	0.02930	0.02511	0.01674	0.02511	0.01423	0.01674	0.01005	0.00753	0.00753	0.00251	0.01172	0.00586	0.00335	0.01172
36	0.03014	0.02221	0.02380	0.01825	0.02459	0.02459	0.01507	0.64541	0.03728	0.04998	0.01904	0.01904	0.01349	0.00952	0.00793	0.00238	0.00873	0.00714	0.00793	0.01349
37	0.03014	0.02221	0.02380	0.01825	0.02459	0.02459	0.01507	0.64541	0.03728	0.04998	0.01904	0.01904	0.01349	0.00952	0.00793	0.00238	0.00873	0.00714	0.00793	0.01349
38	0.01590	0.04102	0.68023	0.02260	0.03432	0.01842	0.02930	0.02511	0.01674	0.02511	0.01423	0.01674	0.01005	0.00753	0.00753	0.00251	0.01172	0.00586	0.00335	0.01172
39	0.01872	0.02139	0.04679	0.03342	0.04144	0.02005	0.64305	0.02540	0.01872	0.02540	0.01604	0.02139	0.01203	0.00668	0.00936	0.00267	0.01337	0.00936	0.00401	0.01070

[dist]
# distance from previous block
# <min> <max>
3	5

[block]
# block no. 1 follows, 24 sequences, length 6
# corresponding to MSA columns:
# 45-50
name=unknown_B
#
# <colnr> <probs for GDERKNQSTAVLIFYWHMCP>
#	G	D	E	R	K	N	Q	S	T	A	V	L	I	F	Y	W	H	M	C	P
0	0.77733	0.01534	0.01166	0.01043	0.01534	0.01779	0.00859	0.02331	0.01350	0.03558	0.01104	0.01288	0.00859	0.00736	0.00491	0.00245	0.00613	0.00429	0.00491	0.00859
1	0.01165	0.00782	0.00965	0.00977	0.01035	0.00816	0.00639	0.01283	0.01256	0.01780	0.02532	0.08861	0.02725	0.43512	0.20656	0.00819	0.01069	0.01109	0.07443	0.00575
2	0.58159	0.01485	0.01344	0.01140	0.01663	0.01617	0.00940	0.02736	0.01592	0.20493	0.01638	0.01660	0.01150	0.00801	0.00572	0.00245	0.00630	0.00527	0.00620	0.00988
3	0.01946	0.50085	0.25153	0.01654	0.02495	0.02712	0.01874	0.02419	0.01632	0.02078	0.01208	0.01404	0.01013	0.00703	0.00589	0.00196	0.00955	0.00477	0.00338	0.01068
4	0.58159	0.01485	0.01344	0.01140	0.01663	0.01617	0.00940	0.02736	0.01592	0.20493	0.01638	0.01660	0.01150	0.00801	0.00572	0.00245	0.00630	0.00527	0.00620	0.00988
5	0.77733	0.01534	0.01166	0.01043	0.01534	0.01779	0.00859	0.02331	0.01350	0.03558	0.01104	0.01288	0.00859	0.00736	0.00491	0.00245	0.00613	0.00429	0.00491	0.00859

[dist]
# distance from previous block
# <min> <max>
0	1

[block]
# block no. 2 follows, 24 sequences, length 35
# corresponding to MSA columns:
# 52-78,82-89
name=unknown_C
#
# <colnr> <probs for GDERKNQSTAVLIFYWHMCP>
#	G	D	E	R	K	N	Q	S	T	A	V	L	I	F	Y	W	H	M	C	P
0	0.02088	0.68500	0.07986	0.01411	0.02119	0.03060	0.01451	0.02383	0.01615	0.01904	0.01122	0.01296	0.01017	0.00683	0.00523	0.00174	0.00867	0.00434	0.00339	0.01027
1	0.01735	0.01735	0.02429	0.02082	0.02082	0.02429	0.01735	0.01908	0.01214	0.01908	0.01041	0.01735	0.01041	0.01388	0.02602	0.00347	0.70680	0.00694	0.00347	0.00867
2	0.06863	0.01429	0.01841	0.01414	0.02028	0.01289	0.01166	0.08406	0.02308	0.56548	0.02851	0.02518	0.01824	0.00948	0.00772	0.00238	0.00683	0.00757	0.00918	0.05201
3	0.00966	0.00690	0.00920	0.01104	0.01150	0.00644	0.00736	0.01104	0.01518	0.02024	0.04371	0.71614	0.05245	0.02484	0.01012	0.00322	0.00460	0.02254	0.00736	0.00644
4	0.03324	0.01633	0.01928	0.01517	0.02107	0.05458	0.01237	0.11378	0.07679	0.50699	0.02871	0.02546	0.01868	0.00976	0.00793	0.00244	0.00741	0.00778	0.00909	0.01316
5	0.01122	0.00811	0.01060	0.00998	0.01185	0.00748	0.00748	0.01496	0.02245	0.03180	0.66766	0.05923	0.07482	0.01621	0.00935	0.00249	0.00374	0.01434	0.00873	0.00748
6	0.77733	0.01534	0.01166	0.01043	0.01534	0.01779	0.00859	0.02331	0.01350	0.03558	0.01104	0.01288	0.00859	0.00736	0.00491	0.00245	0.00613	0.00429	0.00491	0.00859
7	0.01478	0.00739	0.00739	0.00739	0.00924	0.00739	0.00554	0.01848	0.01663	0.02956	0.02587	0.02956	0.02033	0.00924	0.00554	0.00185	0.00370	0.00739	0.76534	0.00739
8	0.00966	0.00690	0.00920	0.01104	0.01150	0.00644	0.00736	0.01104	0.01518	0.02024	0.04371	0.71614	0.05245	0.02484	0.01012	0.00322	0.00460	0.02254	0.00736	0.00644
9	0.00966	0.00690	0.00920	0.01104	0.01150	0.00644	0.00736	0.01104	0.01518	0.02024	0.04371	0.71614	0.05245	0.02484	0.01012	0.00322	0.00460	0.02254	0.00736	0.00644
10	0.01963	0.01884	0.03219	0.04867	0.67185	0.01884	0.02434	0.02434	0.01806	0.02591	0.01492	0.01963	0.01256	0.00707	0.00785	0.00236	0.00942	0.00707	0.00393	0.01256
11	0.01498	0.01409	0.02378	0.70226	0.05462	0.01762	0.02202	0.02026	0.01586	0.02026	0.01409	0.02114	0.01057	0.00793	0.00793	0.00264	0.01057	0.00705	0.00352	0.00881
12	0.01872	0.02139	0.04679	0.03342	0.04144	0.02005	0.64305	0.02540	0.01872	0.02540	0.01604	0.02139	0.01203	0.00668	0.00936	0.00267	0.01337	0.00936	0.00401	0.01070
13	0.03558	0.01350	0.01840	0.01411	0.02024	0.01166	0.01166	0.03865	0.02270	0.67734	0.03128	0.02699	0.01963	0.00981	0.00797	0.00245	0.00675	0.00797	0.00981	0.01350
14	0.01498	0.01409	0.02378	0.70226	0.05462	0.01762	0.02202	0.02026	0.01586	0.02026	0.01409	0.02114	0.01057	0.00793	0.00793	0.00264	0.01057	0.00705	0.00352	0.00881
15	0.01963	0.01884	0.03219	0.04867	0.67185	0.01884	0.02434	0.02434	0.01806	0.02591	0.01492	0.01963	0.01256	0.00707	0.00785	0.00236	0.00942	0.00707	0.00393	0.01256
16	0.01498	0.01409	0.02378	0.70226	0.05462	0.01762	0.02202	0.02026	0.01586	0.02026	0.01409	0.02114	0.01057	0.00793	0.00793	0.00264	0.01057	0.00705	0.00352	0.00881
17	0.01498	0.01409	0.02378	0.70226	0.05462	0.01762	0.02202	0.02026	0.01586	0.02026	0.01409	0.02114	0.01057	0.00793	0.00793	0.00264	0.01057	0.00705	0.00352	0.00881
18	0.77733	0.01534	0.01166	0.01043	0.01534	0.01779	0.00859	0.02331	0.01350	0.03558	0.01104	0.01288	0.00859	0.00736	0.00491	0.00245	0.00613	0.00429	0.00491	0.00859
19	0.01498	0.01409	0.02378	0.70226	0.05462	0.01762	0.02202	0.02026	0.01586	0.02026	0.01409	0.02114	0.01057	0.00793	0.00793	0.00264	0.01057	0.00705	0.00352	0.00881
20	0.01963	0.01884	0.03219	0.04867	0.67185	0.01884	0.02434	0.02434	0.01806	0.02591	0.01492	0.01963	0.01256	0.00707	0.00785	0.00236	0.00942	0.00707	0.00393	0.01256
21	0.01498	0.01409	0.02378	0.70226	0.05462	0.01762	0.02202	0.02026	0.01586	0.02026	0.01409	0.02114	0.01057	0.00793	0.00793	0.00264	0.01057	0.00705	0.00352	0.00881
22	0.01498	0.01409	0.02378	0.70226	0.05462	0.01762	0.02202	0.02026	0.01586	0.02026	0.01409	0.02114	0.01057	0.00793	0.00793	0.00264	0.01057	0.00705	0.00352	0.00881
23	0.03014	0.02221	0.02380	0.01825	0.02459	0.02459	0.01507	0.64541	0.03728	0.04998	0.01904	0.01904	0.01349	0.00952	0.00793	0.00238	0.00873	0.00714	0.00793	0.01349
24	0.02120	0.72609	0.04155	0.01357	0.02035	0.03138	0.01357	0.02374	0.01611	0.01866	0.01102	0.01272	0.01018	0.00678	0.00509	0.00170	0.00848	0.00424	0.00339	0.01018
25	0.02962	0.03779	0.02247	0.02043	0.02451	0.68948	0.01532	0.03166	0.02247	0.01941	0.01226	0.01430	0.01021	0.00817	0.00715	0.00204	0.01430	0.00511	0.00409	0.00919
26	0.01976	0.01399	0.01678	0.01215	0.01904	0.01076	0.00979	0.02320	0.01753	0.13871	0.01707	0.01827	0.01311	0.00656	0.00624	0.00140	0.00602	0.00527	0.00558	0.63877
27	0.01715	0.01658	0.02298	0.01978	0.01992	0.02298	0.01643	0.01904	0.01249	0.01990	0.01161	0.01830	0.01118	0.01352	0.02443	0.00334	0.65224	0.00697	0.06259	0.00857
28	0.01644	0.01409	0.01644	0.01175	0.01879	0.01057	0.00940	0.01997	0.01644	0.02584	0.01409	0.01644	0.01175	0.00587	0.00587	0.00117	0.00587	0.00470	0.00470	0.76979
29	0.01644	0.01409	0.01644	0.01175	0.01879	0.01057	0.00940	0.01997	0.01644	0.02584	0.01409	0.01644	0.01175	0.00587	0.00587	0.00117	0.00587	0.00470	0.00470	0.76979
30	0.01377	0.00689	0.01033	0.01033	0.01033	0.00689	0.00689	0.01033	0.01033	0.01377	0.01377	0.02410	0.01377	0.02755	0.03099	0.76928	0.00689	0.00689	0.00344	0.00344
31	0.01714	0.20068	0.53138	0.02050	0.03107	0.02144	0.02563	0.02479	0.01660	0.02361	0.01348	0.01580	0.01008	0.00736	0.00696	0.00232	0.01096	0.00548	0.00336	0.01136
32	0.02233	0.01689	0.01843	0.01576	0.02081	0.01853	0.01244	0.09770	0.47380	0.10996	0.02948	0.02725	0.02168	0.01015	0.00787	0.00251	0.00653	0.00834	0.00800	0.07152
33	0.45052	0.01367	0.01221	0.01065	0.01502	0.01506	0.00864	0.07194	0.01708	0.10109	0.01749	0.01902	0.01307	0.00825	0.00562	0.00229	0.00578	0.00568	0.19775	0.00917
34	0.01735	0.01735	0.02429	0.02082	0.02082	0.02429	0.01735	0.01908	0.01214	0.01908	0.01041	0.01735	0.01041	0.01388	0.02602	0.00347	0.70680	0.00694	0.00347	0.00867

[dist]
# distance from previous block
# <min> <max>
0	1

[block]
# block no. 3 follows, 24 sequences, length 16
# corresponding to MSA columns:
# 91-106
name=unknown_D
#
# <colnr> <probs for GDERKNQSTAVLIFYWHMCP>
#	G	D	E	R	K	N	Q	S	T	A	V	L	I	F	Y	W	H	M	C	P
0	0.00966	0.00690	0.00920	0.01104	0.01150	0.00644	0.00736	0.01104	0.01518	0.02024	0.04371	0.71614	0.05245	0.02484	0.01012	0.00322	0.00460	0.02254	0.00736	0.00644
1	0.03014	0.02221	0.02380	0.01825	0.02459	0.02459	0.01507	0.64541	0.03728	0.04998	0.01904	0.01904	0.01349	0.00952	0.00793	0.00238	0.00873	0.00714	0.00793	0.01349
2	0.01668	0.14083	0.58717	0.02129	0.03229	0.02030	0.02701	0.02491	0.01665	0.02417	0.01376	0.01616	0.01006	0.00742	0.00718	0.00239	0.01125	0.00562	0.00335	0.01149
3	0.77733	0.01534	0.01166	0.01043	0.01534	0.01779	0.00859	0.02331	0.01350	0.03558	0.01104	0.01288	0.00859	0.00736	0.00491	0.00245	0.00613	0.00429	0.00491	0.00859
4	0.03014	0.02221	0.02380	0.01825	0.02459	0.02459	0.01507	0.64541	0.03728	0.04998	0.01904	0.01904	0.01349	0.00952	0.00793	0.00238	0.00873	0.00714	0.00793	0.01349
5	0.01621	0.07993	0.64395	0.02209	0.03353	0.01915	0.02841	0.02504	0.01671	0.02475	0.01405	0.01651	0.01005	0.00749	0.00739	0.00246	0.01154	0.00577	0.00335	0.01163
6	0.03014	0.02221	0.02380	0.01825	0.02459	0.02459	0.01507	0.64541	0.03728	0.04998	0.01904	0.01904	0.01349	0.00952	0.00793	0.00238	0.00873	0.00714	0.00793	0.01349
7	0.03014	0.02221	0.02380	0.01825	0.02459	0.02459	0.01507	0.64541	0.03728	0.04998	0.01904	0.01904	0.01349	0.00952	0.00793	0.00238	0.00873	0.00714	0.00793	0.01349
8	0.01062	0.00779	0.01007	0.01046	0.01192	0.00708	0.00744	0.01316	0.01859	0.02564	0.32023	0.36619	0.08986	0.02001	0.00957	0.00279	0.00425	0.01790	0.00786	0.03858
9	0.01707	0.19156	0.53988	0.02062	0.03125	0.02126	0.02584	0.02481	0.01660	0.02369	0.01353	0.01586	0.01007	0.00737	0.00700	0.00233	0.01101	0.00550	0.00336	0.01138
10	0.01674	0.14915	0.57942	0.02118	0.03212	0.02046	0.02682	0.02490	0.01664	0.02409	0.01372	0.01611	0.01007	0.00742	0.00715	0.00238	0.01121	0.00560	0.00336	0.01148
11	0.02024	0.01749	0.02736	0.02204	0.02433	0.02171	0.12563	0.02304	0.01483	0.11610	0.01443	0.01946	0.01204	0.01203	0.02049	0.00318	0.48388	0.00751	0.00449	0.00973
12	0.12925	0.01761	0.02744	0.12025	0.44034	0.01905	0.02111	0.02320	0.01657	0.02599	0.01383	0.01862	0.01154	0.00785	0.00912	0.00251	0.07394	0.00665	0.00398	0.01116
13	0.20131	0.50784	0.07972	0.01346	0.02015	0.02721	0.01350	0.02374	0.01553	0.02315	0.01126	0.01304	0.00979	0.00698	0.00522	0.00193	0.00815	0.00437	0.00375	0.00991
14	0.01337	0.01135	0.01757	0.11754	0.08203	0.01362	0.01393	0.01660	0.01362	0.01946	0.01829	0.02694	0.01665	0.04153	0.44610	0.00917	0.10223	0.00796	0.00402	0.00804
15	0.01590	0.08078	0.02551	0.53892	0.04651	0.01987	0.02056	0.02041	0.01534	0.01994	0.01327	0.01981	0.01051	0.00869	0.01030	0.00268	0.11182	0.00677	0.00350	0.00892

[dist]
# distance from previous block
# <min> <max>
1	15

[block]
# block no. 4 follows, 24 sequences, length 14
# corresponding to MSA columns:
# 122-135
name=unknown_E
#
# <colnr> <probs for GDERKNQSTAVLIFYWHMCP>
#	G	D	E	R	K	N	Q	S	T	A	V	L	I	F	Y	W	H	M	C	P
0	0.02714	0.02578	0.02044	0.10120	0.02592	0.36210	0.01448	0.03084	0.04890	0.17243	0.07613	0.02271	0.01878	0.00935	0.00767	0.00228	0.01082	0.00699	0.00592	0.01013
1	0.02706	0.10920	0.02590	0.01830	0.02349	0.09741	0.01526	0.40805	0.02928	0.03816	0.01602	0.01750	0.01226	0.00970	0.01024	0.00242	0.11505	0.00653	0.00628	0.01189
2	0.01916	0.01657	0.02201	0.01853	0.02050	0.02092	0.01527	0.02381	0.09409	0.08034	0.01545	0.01962	0.01312	0.01215	0.01971	0.00300	0.47137	0.00701	0.00476	0.10262
3	0.05589	0.01457	0.01943	0.16122	0.02756	0.01435	0.01377	0.07634	0.05038	0.35736	0.02389	0.02345	0.01607	0.00886	0.00759	0.00234	0.00756	0.00722	0.00744	0.10471
4	0.01796	0.10852	0.08497	0.42470	0.08995	0.10162	0.02097	0.02282	0.01694	0.02080	0.01356	0.01875	0.01058	0.00772	0.00744	0.00242	0.01078	0.00636	0.00359	0.00956
5	0.02403	0.49477	0.03514	0.01587	0.02175	0.25254	0.01416	0.02641	0.01825	0.01891	0.01144	0.01325	0.01019	0.00725	0.00578	0.00181	0.01044	0.00453	0.00363	0.00985
6	0.02723	0.03380	0.02283	0.02051	0.02379	0.55957	0.01572	0.02921	0.02045	0.01934	0.01190	0.01490	0.01025	0.00929	0.01084	0.00232	0.14954	0.00547	0.00397	0.00909
7	0.03014	0.02221	0.02380	0.01825	0.02459	0.02459	0.01507	0.64541	0.03728	0.04998	0.01904	0.01904	0.01349	0.00952	0.00793	0.00238	0.00873	0.00714	0.00793	0.01349
8	0.02120	0.72609	0.04155	0.01357	0.02035	0.03138	0.01357	0.02374	0.01611	0.01866	0.01102	0.01272	0.01018	0.00678	0.00509	0.00170	0.00848	0.00424	0.00339	0.01018
9	0.03014	0.02221	0.02380	0.01825	0.02459	0.02459	0.01507	0.64541	0.03728	0.04998	0.01904	0.01904	0.01349	0.00952	0.00793	0.00238	0.00873	0.00714	0.00793	0.01349
10	0.02120	0.72609	0.04155	0.01357	0.02035	0.03138	0.01357	0.02374	0.01611	0.01866	0.01102	0.01272	0.01018	0.00678	0.00509	0.00170	0.00848	0.00424	0.00339	0.01018
11	0.05462	0.20146	0.49658	0.01987	0.03009	0.02144	0.02457	0.02470	0.01643	0.02410	0.01332	0.01560	0.01000	0.00735	0.00683	0.00232	0.01068	0.00540	0.00344	0.01120
12	0.01872	0.02139	0.04679	0.03342	0.04144	0.02005	0.64305	0.02540	0.01872	0.02540	0.01604	0.02139	0.01203	0.00668	0.00936	0.00267	0.01337	0.00936	0.00401	0.01070
13	0.00966	0.00690	0.00920	0.01104	0.01150	0.00644	0.00736	0.01104	0.01518	0.02024	0.04371	0.71614	0.05245	0.02484	0.01012	0.00322	0.00460	0.02254	0.00736	0.00644

[dist]
# distance from previous block
# <min> <max>
0	1

[block]
# block no. 5 follows, 24 sequences, length 7
# corresponding to MSA columns:
# 137-143
name=unknown_F
#
# <colnr> <probs for GDERKNQSTAVLIFYWHMCP>
#	G	D	E	R	K	N	Q	S	T	A	V	L	I	F	Y	W	H	M	C	P
0	0.64337	0.01462	0.01230	0.01079	0.01561	0.01640	0.00884	0.02435	0.01512	0.10381	0.06016	0.01770	0.01450	0.00826	0.00555	0.00246	0.00603	0.00541	0.00570	0.00903
1	0.09415	0.01405	0.01651	0.01225	0.01885	0.01155	0.00992	0.02527	0.01783	0.20061	0.01839	0.01892	0.01355	0.00707	0.00634	0.00164	0.00613	0.00553	0.00608	0.49536
2	0.01963	0.01884	0.03219	0.04867	0.67185	0.01884	0.02434	0.02434	0.01806	0.02591	0.01492	0.01963	0.01256	0.00707	0.00785	0.00236	0.00942	0.00707	0.00393	0.01256
3	0.01498	0.01409	0.02378	0.70226	0.05462	0.01762	0.02202	0.02026	0.01586	0.02026	0.01409	0.02114	0.01057	0.00793	0.00793	0.00264	0.01057	0.00705	0.00352	0.00881
4	0.01498	0.01409	0.02378	0.70226	0.05462	0.01762	0.02202	0.02026	0.01586	0.02026	0.01409	0.02114	0.01057	0.00793	0.00793	0.00264	0.01057	0.00705	0.00352	0.00881
5	0.01741	0.01509	0.01586	0.01392	0.01825	0.04641	0.01066	0.06105	0.26886	0.02839	0.03049	0.16447	0.05624	0.01257	0.00792	0.00236	0.00625	0.01067	0.00683	0.20631
6	0.01865	0.01407	0.01700	0.01338	0.01867	0.01277	0.01063	0.05372	0.05689	0.09574	0.02048	0.10227	0.01818	0.00981	0.00877	0.00193	0.07286	0.00778	0.00582	0.44058

[dist]
# distance from previous block
# <min> <max>
3	8

[block]
# block no. 6 follows, 24 sequences, length 12
# corresponding to MSA columns:
# 152-163
name=unknown_G
#
# <colnr> <probs for GDERKNQSTAVLIFYWHMCP>
#	G	D	E	R	K	N	Q	S	T	A	V	L	I	F	Y	W	H	M	C	P
0	0.01587	0.09033	0.02573	0.56352	0.04772	0.01972	0.02067	0.02052	0.01553	0.01998	0.01341	0.01988	0.01051	0.00838	0.00936	0.00262	0.07707	0.00674	0.00350	0.00894
1	0.25454	0.01930	0.01917	0.01528	0.02107	0.04839	0.01255	0.32812	0.02701	0.15326	0.01849	0.01838	0.01295	0.00887	0.00700	0.00240	0.00784	0.00635	0.00719	0.01184
2	0.01913	0.01834	0.03129	0.11836	0.60603	0.01871	0.02409	0.02390	0.01782	0.02530	0.01483	0.01979	0.01235	0.00716	0.00786	0.00239	0.00954	0.00706	0.00388	0.01216
3	0.01498	0.01409	0.02378	0.70226	0.05462	0.01762	0.02202	0.02026	0.01586	0.02026	0.01409	0.02114	0.01057	0.00793	0.00793	0.00264	0.01057	0.00705	0.00352	0.00881
4	0.01589	0.01373	0.01652	0.01255	0.01830	0.01150	0.00997	0.01905	0.01591	0.02467	0.01652	0.08210	0.01543	0.00842	0.00820	0.00159	0.07293	0.00659	0.00483	0.62531
5	0.01002	0.00723	0.00935	0.01090	0.01163	0.00676	0.00750	0.01154	0.01542	0.02028	0.04545	0.56421	0.10382	0.07271	0.01223	0.00352	0.00498	0.06885	0.00718	0.00642
6	0.01377	0.00689	0.01033	0.01033	0.01033	0.00689	0.00689	0.01033	0.01033	0.01377	0.01377	0.02410	0.01377	0.02755	0.03099	0.76928	0.00689	0.00689	0.00344	0.00344
7	0.01687	0.01627	0.02467	0.01924	0.02354	0.01719	0.13732	0.02103	0.04115	0.02337	0.01597	0.06585	0.01462	0.01024	0.01379	0.00245	0.24549	0.00777	0.00446	0.27870
8	0.01912	0.45629	0.29308	0.01713	0.02585	0.02627	0.01976	0.02428	0.01636	0.02120	0.01229	0.01430	0.01012	0.00708	0.00605	0.00202	0.00976	0.00488	0.00337	0.01078
9	0.02039	0.62101	0.13951	0.01495	0.02250	0.02939	0.01598	0.02395	0.01621	0.01965	0.01152	0.01334	0.01016	0.00690	0.00546	0.00182	0.00898	0.00449	0.00339	0.01041
10	0.01145	0.00880	0.01112	0.01123	0.01343	0.00753	0.00790	0.01340	0.01552	0.02172	0.03588	0.53118	0.04169	0.01983	0.00900	0.00268	0.00494	0.01783	0.00666	0.20823
11	0.26475	0.01582	0.01926	0.01504	0.02077	0.01594	0.07795	0.11684	0.02085	0.19891	0.07061	0.02232	0.01807	0.00879	0.00705	0.00235	0.00722	0.00703	0.00679	0.08364

[dist]
# distance from previous block
# <min> <max>
0	4

[block]
# block no. 7 follows, 24 sequences, length 27
# corresponding to MSA columns:
# 168-194
name=unknown_H
#
# <colnr> <probs for GDERKNQSTAVLIFYWHMCP>
#	G	D	E	R	K	N	Q	S	T	A	V	L	I	F	Y	W	H	M	C	P
0	0.02592	0.17570	0.13412	0.01795	0.02526	0.02504	0.01706	0.41187	0.02943	0.03925	0.01655	0.01732	0.01222	0.00861	0.00726	0.00226	0.00916	0.00631	0.00622	0.01249
1	0.24085	0.01408	0.01599	0.01291	0.01819	0.01396	0.01056	0.08282	0.02131	0.36354	0.10343	0.02634	0.02284	0.00989	0.00728	0.00245	0.00637	0.00766	0.00814	0.01137
2	0.01399	0.02864	0.42837	0.01830	0.02620	0.01417	0.02118	0.02039	0.01624	0.02364	0.02344	0.23553	0.02342	0.01284	0.00824	0.00265	0.00912	0.01101	0.00469	0.05795
3	0.77733	0.01534	0.01166	0.01043	0.01534	0.01779	0.00859	0.02331	0.01350	0.03558	0.01104	0.01288	0.00859	0.00736	0.00491	0.00245	0.00613	0.00429	0.00491	0.00859
4	0.06905	0.01733	0.01827	0.01607	0.02073	0.01974	0.01280	0.15422	0.45100	0.03583	0.02913	0.03096	0.02276	0.01113	0.00806	0.00269	0.00681	0.05354	0.00779	0.01209
5	0.01498	0.01409	0.02378	0.70226	0.05462	0.01762	0.02202	0.02026	0.01586	0.02026	0.01409	0.02114	0.01057	0.00793	0.00793	0.00264	0.01057	0.00705	0.00352	0.00881
6	0.03014	0.02221	0.02380	0.01825	0.02459	0.02459	0.01507	0.64541	0.03728	0.04998	0.01904	0.01904	0.01349	0.00952	0.00793	0.00238	0.00873	0.00714	0.00793	0.01349
7	0.00966	0.00690	0.00920	0.01104	0.01150	0.00644	0.00736	0.01104	0.01518	0.02024	0.04371	0.71614	0.05245	0.02484	0.01012	0.00322	0.00460	0.02254	0.00736	0.00644
8	0.01498	0.01409	0.02378	0.70226	0.05462	0.01762	0.02202	0.02026	0.01586	0.02026	0.01409	0.02114	0.01057	0.00793	0.00793	0.00264	0.01057	0.00705	0.00352	0.00881
9	0.01498	0.01409	0.02378	0.70226	0.05462	0.01762	0.02202	0.02026	0.01586	0.02026	0.01409	0.02114	0.01057	0.00793	0.00793	0.00264	0.01057	0.00705	0.00352	0.00881
10	0.01498	0.01409	0.02378	0.70226	0.05462	0.01762	0.02202	0.02026	0.01586	0.02026	0.01409	0.02114	0.01057	0.00793	0.00793	0.00264	0.01057	0.00705	0.00352	0.00881
11	0.01498	0.01409	0.02378	0.70226	0.05462	0.01762	0.02202	0.02026	0.01586	0.02026	0.01409	0.02114	0.01057	0.00793	0.00793	0.00264	0.01057	0.00705	0.00352	0.00881
12	0.01963	0.01884	0.03219	0.04867	0.67185	0.01884	0.02434	0.02434	0.01806	0.02591	0.01492	0.01963	0.01256	0.00707	0.00785	0.00236	0.00942	0.00707	0.00393	0.01256
13	0.01125	0.00807	0.01046	0.00988	0.01161	0.00750	0.00728	0.01471	0.02164	0.03058	0.61998	0.05869	0.07141	0.06852	0.01165	0.00288	0.00403	0.01413	0.00844	0.00728
14	0.01963	0.01884	0.03219	0.04867	0.67185	0.01884	0.02434	0.02434	0.01806	0.02591	0.01492	0.01963	0.01256	0.00707	0.00785	0.00236	0.00942	0.00707	0.00393	0.01256
15	0.01498	0.01409	0.02378	0.70226	0.05462	0.01762	0.02202	0.02026	0.01586	0.02026	0.01409	0.02114	0.01057	0.00793	0.00793	0.00264	0.01057	0.00705	0.00352	0.00881
16	0.01278	0.00913	0.01278	0.01460	0.01643	0.00913	0.01278	0.01643	0.01825	0.02373	0.04199	0.08945	0.04564	0.02191	0.01095	0.00365	0.00730	0.61847	0.00730	0.00730
17	0.03558	0.01350	0.01840	0.01411	0.02024	0.01166	0.01166	0.03865	0.02270	0.67734	0.03128	0.02699	0.01963	0.00981	0.00797	0.00245	0.00675	0.00797	0.00981	0.01350
18	0.01122	0.00811	0.01060	0.00998	0.01185	0.00748	0.00748	0.01496	0.02245	0.03180	0.66766	0.05923	0.07482	0.01621	0.00935	0.00249	0.00374	0.01434	0.00873	0.00748
19	0.02120	0.72609	0.04155	0.01357	0.02035	0.03138	0.01357	0.02374	0.01611	0.01866	0.01102	0.01272	0.01018	0.00678	0.00509	0.00170	0.00848	0.00424	0.00339	0.01018
20	0.01644	0.01409	0.01644	0.01175	0.01879	0.01057	0.00940	0.01997	0.01644	0.02584	0.01409	0.01644	0.01175	0.00587	0.00587	0.00117	0.00587	0.00470	0.00470	0.76979
21	0.01644	0.01409	0.01644	0.01175	0.01879	0.01057	0.00940	0.01997	0.01644	0.02584	0.01409	0.01644	0.01175	0.00587	0.00587	0.00117	0.00587	0.00470	0.00470	0.76979
22	0.01880	0.01068	0.01534	0.01316	0.01672	0.00949	0.05583	0.02180	0.01975	0.22127	0.18988	0.21390	0.09297	0.01561	0.00897	0.00263	0.00570	0.01389	0.00805	0.04554
23	0.01682	0.15999	0.56931	0.02103	0.03190	0.02067	0.02657	0.02488	0.01663	0.02399	0.01367	0.01604	0.01007	0.00740	0.00711	0.00237	0.01116	0.00558	0.00336	0.01145
24	0.01611	0.01179	0.01441	0.01128	0.01630	0.00950	0.00887	0.01968	0.01923	0.08358	0.26131	0.03343	0.03613	0.01010	0.00736	0.00178	0.00515	0.00860	0.00665	0.41872
25	0.02081	0.05693	0.34364	0.01834	0.02665	0.01709	0.02030	0.06034	0.10075	0.15727	0.08000	0.02426	0.01987	0.00926	0.00778	0.00248	0.00902	0.00745	0.00596	0.01181
26	0.10492	0.01475	0.01614	0.01309	0.01862	0.01410	0.01033	0.05657	0.17945	0.06383	0.02193	0.07778	0.01840	0.00923	0.00688	0.00200	0.00608	0.00749	0.00622	0.35220

[dist]
# distance from previous block
# <min> <max>
2	56

[block]
# block no. 8 follows, 24 sequences, length 9
# corresponding to MSA columns:
# 251-259
name=unknown_I
#
# <colnr> <probs for GDERKNQSTAVLIFYWHMCP>
#	G	D	E	R	K	N	Q	S	T	A	V	L	I	F	Y	W	H	M	C	P
0	0.02101	0.01376	0.01629	0.01349	0.01861	0.01290	0.01056	0.02962	0.20464	0.18381	0.02785	0.12505	0.02322	0.01102	0.00764	0.00222	0.00601	0.00934	0.00730	0.25566
1	0.01798	0.01267	0.01539	0.01196	0.01765	0.00996	0.00935	0.02104	0.01712	0.12000	0.02210	0.14784	0.02045	0.00997	0.00697	0.00174	0.00576	0.00849	0.00594	0.51762
2	0.09820	0.01510	0.01651	0.01269	0.01900	0.01361	0.01013	0.05011	0.13596	0.02922	0.01735	0.01861	0.01379	0.00709	0.00626	0.00164	0.00609	0.00555	0.00548	0.51759
3	0.01708	0.01267	0.01715	0.01868	0.13722	0.01196	0.01193	0.08365	0.02118	0.07891	0.23337	0.13054	0.05646	0.01313	0.00842	0.00237	0.00598	0.01156	0.00702	0.12072
4	0.01696	0.01581	0.02403	0.08983	0.07635	0.01369	0.12943	0.02134	0.01693	0.02519	0.01452	0.01809	0.01174	0.00633	0.00688	0.00169	0.00802	0.00599	0.00439	0.49281
5	0.02136	0.01716	0.02924	0.10348	0.27727	0.01644	0.13446	0.02603	0.01854	0.14196	0.01785	0.02097	0.01340	0.00740	0.00787	0.00229	0.00928	0.00731	0.00507	0.12263
6	0.16209	0.01297	0.01495	0.01296	0.01763	0.01251	0.01048	0.02664	0.08393	0.20984	0.02743	0.10487	0.02392	0.01211	0.00770	0.00250	0.00628	0.09756	0.00718	0.14645
7	0.02377	0.01618	0.02160	0.18871	0.02963	0.01861	0.01596	0.14275	0.08700	0.19157	0.02074	0.02270	0.01503	0.01157	0.03118	0.00300	0.13492	0.00752	0.00640	0.01116
8	0.07091	0.01183	0.01435	0.01232	0.01610	0.01136	0.00965	0.10004	0.02239	0.21262	0.23522	0.13763	0.06447	0.01414	0.00852	0.00254	0.00555	0.01203	0.00832	0.03000

[dist]
# distance from previous block
# <min> <max>
10	29

[block]
# block no. 9 follows, 24 sequences, length 30
# corresponding to MSA columns:
# 290-300,302-320
name=unknown_J
#
# <colnr> <probs for GDERKNQSTAVLIFYWHMCP>
#	G	D	E	R	K	N	Q	S	T	A	V	L	I	F	Y	W	H	M	C	P
0	0.49549	0.02100	0.06317	0.01374	0.01924	0.11582	0.01188	0.08497	0.01788	0.07424	0.01349	0.01484	0.01009	0.00785	0.00591	0.00239	0.00801	0.00503	0.00527	0.00968
1	0.01963	0.01884	0.03219	0.04867	0.67185	0.01884	0.02434	0.02434	0.01806	0.02591	0.01492	0.01963	0.01256	0.00707	0.00785	0.00236	0.00942	0.00707	0.00393	0.01256
2	0.10743	0.06664	0.02157	0.01769	0.02230	0.40560	0.01380	0.15090	0.02372	0.02782	0.01433	0.01604	0.01138	0.00835	0.00685	0.00212	0.01130	0.00553	0.05673	0.00991
3	0.06360	0.01499	0.02460	0.54817	0.10206	0.01812	0.04412	0.02093	0.01583	0.02184	0.01388	0.02033	0.01066	0.00804	0.00860	0.00265	0.04178	0.00696	0.00366	0.00917
4	0.01095	0.00800	0.01031	0.01014	0.01191	0.00736	0.00757	0.01426	0.02104	0.02922	0.51813	0.13992	0.12030	0.01780	0.00951	0.00264	0.00402	0.04122	0.00839	0.00729
5	0.01963	0.01884	0.03219	0.04867	0.67185	0.01884	0.02434	0.02434	0.01806	0.02591	0.01492	0.01963	0.01256	0.00707	0.00785	0.00236	0.00942	0.00707	0.00393	0.01256
6	0.01963	0.01884	0.03219	0.04867	0.67185	0.01884	0.02434	0.02434	0.01806	0.02591	0.01492	0.01963	0.01256	0.00707	0.00785	0.00236	0.00942	0.00707	0.00393	0.01256
7	0.01498	0.01409	0.02378	0.70226	0.05462	0.01762	0.02202	0.02026	0.01586	0.02026	0.01409	0.02114	0.01057	0.00793	0.00793	0.00264	0.01057	0.00705	0.00352	0.00881
8	0.01963	0.01884	0.03219	0.04867	0.67185	0.01884	0.02434	0.02434	0.01806	0.02591	0.01492	0.01963	0.01256	0.00707	0.00785	0.00236	0.00942	0.00707	0.00393	0.01256
9	0.01006	0.00712	0.00933	0.01086	0.01137	0.00673	0.00728	0.01146	0.01516	0.02027	0.06600	0.58944	0.05033	0.10500	0.01362	0.00373	0.00503	0.04376	0.00712	0.00633
10	0.05835	0.01371	0.01737	0.01418	0.01952	0.01302	0.01158	0.03631	0.13820	0.46712	0.06011	0.03210	0.02409	0.01090	0.00811	0.00257	0.00654	0.04459	0.00911	0.01250
11	0.02419	0.01383	0.01678	0.01399	0.01890	0.01349	0.01117	0.05228	0.20338	0.27978	0.10378	0.05751	0.02840	0.01136	0.00811	0.00245	0.00617	0.03095	0.00839	0.09508
12	0.01930	0.01871	0.02874	0.02276	0.02573	0.02268	0.15367	0.10356	0.01714	0.02492	0.01298	0.01841	0.01124	0.01130	0.01891	0.00303	0.42533	0.00738	0.00424	0.04998
13	0.01560	0.01474	0.02492	0.61392	0.13804	0.01778	0.02234	0.02081	0.01615	0.02102	0.01421	0.02094	0.01084	0.00781	0.00792	0.00260	0.01042	0.00705	0.00358	0.00932
14	0.01080	0.00863	0.01310	0.01340	0.01447	0.00845	0.06133	0.01264	0.01533	0.02062	0.03977	0.62383	0.04701	0.02278	0.01083	0.00319	0.03936	0.02068	0.00689	0.00691
15	0.60469	0.01511	0.01319	0.01139	0.01649	0.01682	0.00935	0.02706	0.05136	0.14791	0.01578	0.01629	0.01140	0.00798	0.00562	0.00247	0.00625	0.00520	0.00595	0.00967
16	0.01540	0.01173	0.01897	0.01626	0.01940	0.01118	0.13784	0.05716	0.01923	0.07748	0.14301	0.29542	0.04172	0.04273	0.01068	0.00306	0.00696	0.05623	0.00705	0.00849
17	0.01777	0.28213	0.45545	0.01942	0.02940	0.02298	0.02376	0.02463	0.01652	0.02284	0.01310	0.01533	0.01009	0.00727	0.00667	0.00222	0.01058	0.00529	0.00336	0.01118
18	0.03173	0.01306	0.01744	0.01374	0.01926	0.01164	0.01121	0.03603	0.06040	0.56207	0.10723	0.03099	0.02648	0.01063	0.00814	0.00247	0.00636	0.00879	0.00958	0.01272
19	0.03182	0.01434	0.01829	0.01459	0.02033	0.01357	0.01187	0.03947	0.17337	0.52445	0.03152	0.02761	0.02072	0.01004	0.00800	0.00251	0.00664	0.00821	0.00940	0.01327
20	0.02120	0.72609	0.04155	0.01357	0.02035	0.03138	0.01357	0.02374	0.01611	0.01866	0.01102	0.01272	0.01018	0.00678	0.00509	0.00170	0.00848	0.00424	0.00339	0.01018
21	0.01590	0.04102	0.68023	0.02260	0.03432	0.01842	0.02930	0.02511	0.01674	0.02511	0.01423	0.01674	0.01005	0.00753	0.00753	0.00251	0.01172	0.00586	0.00335	0.01172
22	0.77733	0.01534	0.01166	0.01043	0.01534	0.01779	0.00859	0.02331	0.01350	0.03558	0.01104	0.01288	0.00859	0.00736	0.00491	0.00245	0.00613	0.00429	0.00491	0.00859
23	0.01122	0.00811	0.01060	0.00998	0.01185	0.00748	0.00748	0.01496	0.02245	0.03180	0.66766	0.05923	0.07482	0.01621	0.00935	0.00249	0.00374	0.01434	0.00873	0.00748
24	0.01122	0.00811	0.01060	0.00998	0.01185	0.00748	0.00748	0.01496	0.02245	0.03180	0.66766	0.05923	0.07482	0.01621	0.00935	0.00249	0.00374	0.01434	0.00873	0.00748
25	0.01122	0.00811	0.01060	0.00998	0.01185	0.00748	0.00748	0.01496	0.02245	0.03180	0.66766	0.05923	0.07482	0.01621	0.00935	0.00249	0.00374	0.01434	0.00873	0.00748
26	0.01590	0.04102	0.68023	0.02260	0.03432	0.01842	0.02930	0.02511	0.01674	0.02511	0.01423	0.01674	0.01005	0.00753	0.00753	0.00251	0.01172	0.00586	0.00335	0.01172
27	0.02911	0.02166	0.02380	0.06482	0.02664	0.02412	0.01555	0.60284	0.03582	0.04795	0.01870	0.01918	0.01329	0.00941	0.00793	0.00240	0.00885	0.00713	0.00763	0.01317
28	0.06775	0.03927	0.63471	0.02177	0.03303	0.01837	0.02789	0.02499	0.01652	0.02583	0.01401	0.01648	0.00995	0.00752	0.00736	0.00251	0.01134	0.00575	0.00345	0.01151
29	0.01930	0.48067	0.27035	0.01680	0.02536	0.02673	0.01920	0.02424	0.01634	0.02097	0.01217	0.01416	0.01013	0.00705	0.00596	0.00199	0.00964	0.00482	0.00338	0.01073

[dist]
# distance from previous block
# <min> <max>
3	7

[block]
# block no. 10 follows, 24 sequences, length 21
# corresponding to MSA columns:
# 328-348
name=unknown_K
#
# <colnr> <probs for GDERKNQSTAVLIFYWHMCP>
#	G	D	E	R	K	N	Q	S	T	A	V	L	I	F	Y	W	H	M	C	P
0	0.42964	0.01696	0.05931	0.05385	0.02051	0.01700	0.01190	0.07819	0.04833	0.13053	0.05227	0.01960	0.01525	0.00860	0.00637	0.00248	0.00696	0.00612	0.00607	0.01008
1	0.09675	0.01888	0.01881	0.01506	0.02041	0.06855	0.01214	0.32921	0.02713	0.06930	0.01956	0.05009	0.01533	0.00939	0.00714	0.00218	0.00767	0.00714	0.09263	0.11264
2	0.01963	0.01884	0.03219	0.04867	0.67185	0.01884	0.02434	0.02434	0.01806	0.02591	0.01492	0.01963	0.01256	0.00707	0.00785	0.00236	0.00942	0.00707	0.00393	0.01256
3	0.02070	0.66176	0.10152	0.01442	0.02166	0.03016	0.01505	0.02387	0.01617	0.01926	0.01133	0.01310	0.01016	0.00685	0.00532	0.00177	0.00878	0.00439	0.00339	0.01032
4	0.01963	0.01884	0.03219	0.04867	0.67185	0.01884	0.02434	0.02434	0.01806	0.02591	0.01492	0.01963	0.01256	0.00707	0.00785	0.00236	0.00942	0.00707	0.00393	0.01256
5	0.01278	0.00913	0.01278	0.01460	0.01643	0.00913	0.01278	0.01643	0.01825	0.02373	0.04199	0.08945	0.04564	0.02191	0.01095	0.00365	0.00730	0.61847	0.00730	0.00730
6	0.01765	0.26736	0.46921	0.01962	0.02971	0.02270	0.02410	0.02466	0.01653	0.02298	0.01317	0.01541	0.01009	0.00729	0.00673	0.00224	0.01065	0.00532	0.00336	0.01121
7	0.01045	0.00735	0.00949	0.01053	0.01097	0.00727	0.00691	0.01160	0.01375	0.01851	0.03504	0.42327	0.04096	0.24307	0.10776	0.00583	0.00771	0.01734	0.00617	0.00602
8	0.01643	0.10847	0.61734	0.02171	0.03295	0.01969	0.02775	0.02498	0.01668	0.02448	0.01391	0.01635	0.01006	0.00746	0.00729	0.00243	0.01140	0.00570	0.00335	0.01157
9	0.01630	0.09237	0.63236	0.02192	0.03327	0.01939	0.02812	0.02501	0.01669	0.02463	0.01399	0.01644	0.01006	0.00748	0.00735	0.00245	0.01148	0.00574	0.00335	0.01160
10	0.01824	0.01997	0.03932	0.02903	0.03483	0.02077	0.44487	0.02344	0.01683	0.02371	0.01443	0.02007	0.01158	0.00860	0.01371	0.00282	0.20084	0.00849	0.00390	0.04454
11	0.01963	0.01884	0.03219	0.04867	0.67185	0.01884	0.02434	0.02434	0.01806	0.02591	0.01492	0.01963	0.01256	0.00707	0.00785	0.00236	0.00942	0.00707	0.00393	0.01256
12	0.73175	0.01491	0.01159	0.01040	0.01513	0.01718	0.00852	0.02281	0.01403	0.03535	0.05011	0.01564	0.01253	0.00789	0.00517	0.00246	0.00599	0.00489	0.00513	0.00852
13	0.03014	0.02221	0.02380	0.01825	0.02459	0.02459	0.01507	0.64541	0.03728	0.04998	0.01904	0.01904	0.01349	0.00952	0.00793	0.00238	0.00873	0.00714	0.00793	0.01349
14	0.07172	0.67860	0.03956	0.01336	0.02002	0.03047	0.01324	0.02372	0.01594	0.01979	0.01103	0.01273	0.01007	0.00682	0.00508	0.00175	0.00832	0.00424	0.00349	0.01007
15	0.01590	0.04102	0.68023	0.02260	0.03432	0.01842	0.02930	0.02511	0.01674	0.02511	0.01423	0.01674	0.01005	0.00753	0.00753	0.00251	0.01172	0.00586	0.00335	0.01172
16	0.01885	0.42219	0.32486	0.01758	0.02655	0.02563	0.02055	0.02435	0.01639	0.02152	0.01245	0.01450	0.01012	0.00712	0.00617	0.00206	0.00992	0.00496	0.00337	0.01086
17	0.01278	0.00913	0.01278	0.01460	0.01643	0.00913	0.01278	0.01643	0.01825	0.02373	0.04199	0.08945	0.04564	0.02191	0.01095	0.00365	0.00730	0.61847	0.00730	0.00730
18	0.03014	0.02221	0.02380	0.01825	0.02459	0.02459	0.01507	0.64541	0.03728	0.04998	0.01904	0.01904	0.01349	0.00952	0.00793	0.00238	0.00873	0.00714	0.00793	0.01349
19	0.02120	0.72609	0.04155	0.01357	0.02035	0.03138	0.01357	0.02374	0.01611	0.01866	0.01102	0.01272	0.01018	0.00678	0.00509	0.00170	0.00848	0.00424	0.00339	0.01018
20	0.01880	0.01614	0.02379	0.52971	0.04704	0.01938	0.02027	0.17795	0.02126	0.02776	0.01534	0.02061	0.01131	0.00833	0.00793	0.00258	0.01011	0.00707	0.00464	0.00999

[dist]
# distance from previous block
# <min> <max>
0	1

[block]
# block no. 11 follows, 24 sequences, length 34
# corresponding to MSA columns:
# 350-383
name=unknown_L
#
# <colnr> <probs for GDERKNQSTAVLIFYWHMCP>
#	G	D	E	R	K	N	Q	S	T	A	V	L	I	F	Y	W	H	M	C	P
0	0.01590	0.04102	0.68023	0.02260	0.03432	0.01842	0.02930	0.02511	0.01674	0.02511	0.01423	0.01674	0.01005	0.00753	0.00753	0.00251	0.01172	0.00586	0.00335	0.01172
1	0.01972	0.01703	0.01793	0.01614	0.02062	0.01972	0.01255	0.04214	0.65752	0.03317	0.03228	0.02959	0.02421	0.01076	0.00807	0.00269	0.00628	0.00897	0.00807	0.01255
2	0.03014	0.02221	0.02380	0.01825	0.02459	0.02459	0.01507	0.64541	0.03728	0.04998	0.01904	0.01904	0.01349	0.00952	0.00793	0.00238	0.00873	0.00714	0.00793	0.01349
3	0.03014	0.02221	0.02380	0.01825	0.02459	0.02459	0.01507	0.64541	0.03728	0.04998	0.01904	0.01904	0.01349	0.00952	0.00793	0.00238	0.00873	0.00714	0.00793	0.01349
4	0.01114	0.00804	0.01053	0.01003	0.01183	0.00743	0.00748	0.01476	0.02207	0.03120	0.63504	0.09358	0.07365	0.01666	0.00939	0.00253	0.00379	0.01477	0.00866	0.00743
5	0.03014	0.02221	0.02380	0.01825	0.02459	0.02459	0.01507	0.64541	0.03728	0.04998	0.01904	0.01904	0.01349	0.00952	0.00793	0.00238	0.00873	0.00714	0.00793	0.01349
6	0.02962	0.03779	0.02247	0.02043	0.02451	0.68948	0.01532	0.03166	0.02247	0.01941	0.01226	0.01430	0.01021	0.00817	0.00715	0.00204	0.01430	0.00511	0.00409	0.00919
7	0.03014	0.02221	0.02380	0.01825	0.02459	0.02459	0.01507	0.64541	0.03728	0.04998	0.01904	0.01904	0.01349	0.00952	0.00793	0.00238	0.00873	0.00714	0.00793	0.01349
8	0.03014	0.02221	0.02380	0.01825	0.02459	0.02459	0.01507	0.64541	0.03728	0.04998	0.01904	0.01904	0.01349	0.00952	0.00793	0.00238	0.00873	0.00714	0.00793	0.01349
9	0.02120	0.72609	0.04155	0.01357	0.02035	0.03138	0.01357	0.02374	0.01611	0.01866	0.01102	0.01272	0.01018	0.00678	0.00509	0.00170	0.00848	0.00424	0.00339	0.01018
