[name]
unknown

[dist]
# distance from previous block
# <min> <max>
49	283

[block]
# block no. 0 follows, 23 sequences, length 33
# corresponding to MSA columns:
# 322-354
name=unknown_A
#
# <colnr> <probs for GDERKNQSTAVLIFYWHMCP>
#	G	D	E	R	K	N	Q	S	T	A	V	L	I	F	Y	W	H	M	C	P
0	0.01771	0.03107	0.37288	0.03351	0.27830	0.01869	0.05495	0.02504	0.01795	0.02627	0.03777	0.02003	0.01372	0.00780	0.00799	0.00251	0.01087	0.00695	0.00388	0.01212
1	0.12986	0.09255	0.13160	0.04763	0.02458	0.07119	0.01591	0.19583	0.04988	0.06885	0.01784	0.01920	0.01324	0.00867	0.00704	0.00235	0.00887	0.00637	0.07727	0.01126
2	0.01872	0.18191	0.43812	0.02283	0.06462	0.02146	0.06207	0.02601	0.01747	0.05389	0.01482	0.01718	0.01101	0.00758	0.00733	0.00239	0.01104	0.00602	0.00381	0.01172
3	0.01132	0.00956	0.01009	0.01058	0.01263	0.03337	0.00770	0.01453	0.05511	0.02277	0.09252	0.28979	0.33880	0.02106	0.00974	0.00293	0.00495	0.03775	0.00752	0.00727
4	0.11898	0.08575	0.02182	0.01632	0.02039	0.09733	0.07888	0.05987	0.06179	0.02795	0.13755	0.06067	0.09121	0.01217	0.00971	0.00258	0.07201	0.00970	0.00599	0.00935
5	0.02053	0.01846	0.04949	0.10965	0.25962	0.01851	0.01904	0.17614	0.04553	0.03159	0.02335	0.05536	0.05082	0.01053	0.00839	0.00257	0.00883	0.04987	0.00571	0.03601
6	0.05737	0.01388	0.01528	0.06656	0.01988	0.01494	0.01105	0.11311	0.20348	0.03165	0.12329	0.04566	0.22326	0.01405	0.00863	0.00266	0.00608	0.01163	0.00756	0.00996
7	0.01672	0.01491	0.02291	0.49992	0.04576	0.01821	0.02024	0.06999	0.05255	0.02414	0.01850	0.02875	0.01541	0.01017	0.00944	0.00284	0.04769	0.06785	0.00460	0.00944
8	0.06765	0.05560	0.02245	0.01864	0.02294	0.33367	0.01465	0.14788	0.08294	0.02857	0.01616	0.01795	0.01286	0.00941	0.00920	0.00236	0.07978	0.00622	0.04063	0.01045
9	0.01899	0.01839	0.03243	0.21438	0.25690	0.01944	0.16905	0.07155	0.01928	0.02633	0.01655	0.04547	0.01364	0.00845	0.00913	0.00264	0.03360	0.00836	0.00436	0.01108
10	0.00989	0.00706	0.00942	0.01130	0.01177	0.00659	0.00753	0.01130	0.01554	0.02071	0.04472	0.70954	0.05367	0.02542	0.01036	0.00330	0.00471	0.02307	0.00753	0.00659
11	0.01829	0.02506	0.19413	0.02692	0.03500	0.01889	0.34430	0.06250	0.05437	0.02821	0.06863	0.04728	0.01903	0.00885	0.00898	0.00268	0.01150	0.00939	0.00490	0.01107
12	0.23325	0.06085	0.39534	0.01953	0.02887	0.01907	0.05917	0.02564	0.01650	0.05243	0.01425	0.01651	0.01035	0.00766	0.00697	0.00253	0.01013	0.00577	0.00417	0.01101
13	0.01994	0.01968	0.03525	0.04739	0.56780	0.01947	0.11946	0.02507	0.01858	0.02643	0.01544	0.02036	0.01277	0.00717	0.00827	0.00246	0.01027	0.00759	0.00403	0.01256
14	0.01075	0.00827	0.00983	0.00944	0.01167	0.00734	0.00708	0.01389	0.02124	0.02843	0.43617	0.06738	0.30289	0.01812	0.00958	0.00262	0.00394	0.01562	0.00839	0.00734
15	0.10888	0.01662	0.05633	0.01481	0.02068	0.01515	0.01266	0.09257	0.12028	0.32403	0.08375	0.02765	0.02321	0.01020	0.00785	0.00250	0.00695	0.00817	0.00836	0.03935
16	0.06098	0.03104	0.38761	0.02420	0.03348	0.01795	0.19505	0.02411	0.01733	0.02587	0.01815	0.09320	0.01546	0.00937	0.00836	0.00269	0.01134	0.00875	0.00415	0.01093
17	0.01308	0.00934	0.01308	0.01494	0.01681	0.00934	0.01308	0.01681	0.01868	0.02428	0.04296	0.09153	0.04670	0.02242	0.01121	0.00374	0.00747	0.60960	0.00747	0.00747
18	0.01670	0.09529	0.62321	0.02240	0.03399	0.01989	0.02871	0.02559	0.01708	0.02518	0.01430	0.01681	0.01029	0.00765	0.00751	0.00250	0.01173	0.00587	0.00343	0.01187
19	0.03038	0.03651	0.02318	0.02060	0.02510	0.59320	0.01564	0.11436	0.02505	0.02410	0.01348	0.01529	0.01091	0.00855	0.00742	0.00214	0.01386	0.00551	0.00471	0.01000
20	0.01180	0.00787	0.00885	0.00885	0.00885	0.00787	0.00492	0.01180	0.01180	0.01573	0.02557	0.05310	0.02950	0.71483	0.04130	0.00787	0.00787	0.01180	0.00492	0.00492
21	0.03198	0.01323	0.01750	0.01381	0.01946	0.01170	0.01127	0.03611	0.05544	0.54817	0.07305	0.03367	0.07407	0.01131	0.00836	0.00254	0.00648	0.00930	0.00969	0.01285
22	0.54539	0.01784	0.01573	0.01312	0.01859	0.02033	0.01082	0.21146	0.02126	0.04091	0.01380	0.01511	0.01032	0.00821	0.00597	0.00249	0.00709	0.00528	0.00597	0.01032
23	0.02067	0.02261	0.02442	0.02121	0.02218	0.17754	0.01727	0.02252	0.01488	0.01960	0.01109	0.01703	0.01061	0.01285	0.02214	0.00321	0.54080	0.00667	0.00370	0.00900
24	0.00989	0.00706	0.00942	0.01130	0.01177	0.00659	0.00753	0.01130	0.01554	0.02071	0.04472	0.70954	0.05367	0.02542	0.01036	0.00330	0.00471	0.02307	0.00753	0.00659
25	0.01627	0.04197	0.67279	0.02313	0.03512	0.01884	0.02998	0.02570	0.01713	0.02570	0.01456	0.01713	0.01028	0.00771	0.00771	0.00257	0.01199	0.00600	0.00343	0.01199
26	0.01627	0.04197	0.67279	0.02313	0.03512	0.01884	0.02998	0.02570	0.01713	0.02570	0.01456	0.01713	0.01028	0.00771	0.00771	0.00257	0.01199	0.00600	0.00343	0.01199
27	0.00959	0.00822	0.00822	0.00822	0.01096	0.00685	0.00617	0.01165	0.01850	0.02192	0.08220	0.07809	0.66092	0.02055	0.00959	0.00274	0.00411	0.01713	0.00754	0.00685
28	0.01180	0.00787	0.00885	0.00885	0.00885	0.00787	0.00492	0.01180	0.01180	0.01573	0.02557	0.05310	0.02950	0.71483	0.04130	0.00787	0.00787	0.01180	0.00492	0.00492
29	0.00977	0.00751	0.00895	0.01011	0.01146	0.00669	0.00700	0.01143	0.01668	0.02118	0.05924	0.46497	0.28886	0.02353	0.01006	0.00308	0.00448	0.02077	0.00753	0.00669
30	0.02018	0.01743	0.01835	0.01651	0.02110	0.02018	0.01284	0.04312	0.64956	0.03394	0.03303	0.03027	0.02477	0.01101	0.00826	0.00275	0.00642	0.00917	0.00826	0.01284
31	0.01148	0.00829	0.01085	0.01021	0.01212	0.00766	0.00766	0.01531	0.02297	0.03254	0.65994	0.06061	0.07656	0.01659	0.00957	0.00255	0.00383	0.01467	0.00893	0.00766
32	0.01627	0.04197	0.67279	0.02313	0.03512	0.01884	0.02998	0.02570	0.01713	0.02570	0.01456	0.01713	0.01028	0.00771	0.00771	0.00257	0.01199	0.00600	0.00343	0.01199

[dist]
# distance from previous block
# <min> <max>
0	7

[block]
# block no. 1 follows, 23 sequences, length 85
# corresponding to MSA columns:
# 362-446
name=unknown_B
#
# <colnr> <probs for GDERKNQSTAVLIFYWHMCP>
#	G	D	E	R	K	N	Q	S	T	A	V	L	I	F	Y	W	H	M	C	P
0	0.01627	0.04197	0.67279	0.02313	0.03512	0.01884	0.02998	0.02570	0.01713	0.02570	0.01456	0.01713	0.01028	0.00771	0.00771	0.00257	0.01199	0.00600	0.00343	0.01199
1	0.03031	0.03867	0.02299	0.02090	0.02508	0.68226	0.01568	0.03240	0.02299	0.01986	0.01254	0.01463	0.01045	0.00836	0.00732	0.00209	0.01463	0.00523	0.00418	0.00941
2	0.01180	0.00787	0.00885	0.00885	0.00885	0.00787	0.00492	0.01180	0.01180	0.01573	0.02557	0.05310	0.02950	0.71483	0.04130	0.00787	0.00787	0.01180	0.00492	0.00492
3	0.77215	0.01569	0.01193	0.01067	0.01569	0.01820	0.00879	0.02385	0.01381	0.03641	0.01130	0.01318	0.00879	0.00753	0.00502	0.00251	0.00628	0.00439	0.00502	0.00879
4	0.01532	0.01442	0.02434	0.69533	0.05589	0.01803	0.02253	0.02073	0.01622	0.02073	0.01442	0.02163	0.01082	0.00811	0.00811	0.00270	0.01082	0.00721	0.00361	0.00901
5	0.01837	0.02035	0.04305	0.16997	0.04518	0.02001	0.50903	0.02491	0.01855	0.02491	0.01601	0.02184	0.01200	0.00710	0.00928	0.00273	0.01309	0.00909	0.00400	0.01055
6	0.01627	0.04197	0.67279	0.02313	0.03512	0.01884	0.02998	0.02570	0.01713	0.02570	0.01456	0.01713	0.01028	0.00771	0.00771	0.00257	0.01199	0.00600	0.00343	0.01199
7	0.01915	0.02189	0.04788	0.03420	0.04241	0.02052	0.63475	0.02599	0.01915	0.02599	0.01642	0.02189	0.01231	0.00684	0.00958	0.00274	0.01368	0.00958	0.00410	0.01094
8	0.02298	0.02656	0.02339	0.02071	0.02258	0.31475	0.01641	0.02488	0.01723	0.01972	0.01290	0.04497	0.01234	0.01208	0.01742	0.00289	0.36823	0.00693	0.00399	0.00902
9	0.00989	0.00706	0.00942	0.01130	0.01177	0.00659	0.00753	0.01130	0.01554	0.02071	0.04472	0.70954	0.05367	0.02542	0.01036	0.00330	0.00471	0.02307	0.00753	0.00659
10	0.01627	0.04197	0.67279	0.02313	0.03512	0.01884	0.02998	0.02570	0.01713	0.02570	0.01456	0.01713	0.01028	0.00771	0.00771	0.00257	0.01199	0.00600	0.00343	0.01199
11	0.01907	0.02166	0.04661	0.03349	0.04124	0.02076	0.60075	0.02564	0.01878	0.02564	0.01610	0.02166	0.01222	0.00725	0.01052	0.00278	0.05150	0.00944	0.00407	0.01083
12	0.01775	0.01775	0.02485	0.02130	0.02130	0.02485	0.01775	0.01953	0.01243	0.01953	0.01065	0.01775	0.01065	0.01420	0.02663	0.00355	0.69998	0.00710	0.00355	0.00888
13	0.01159	0.00869	0.01304	0.01304	0.01449	0.01014	0.01014	0.01449	0.01304	0.01884	0.02173	0.03188	0.02029	0.06086	0.68268	0.01304	0.02173	0.00869	0.00435	0.00724
14	0.02979	0.03650	0.02282	0.02052	0.02487	0.60435	0.01551	0.07111	0.05848	0.02261	0.01411	0.01580	0.01145	0.00859	0.00742	0.00215	0.01382	0.00557	0.00465	0.00987
15	0.02053	0.57448	0.17759	0.01586	0.02389	0.02926	0.01733	0.02460	0.01663	0.02051	0.01198	0.01390	0.01038	0.00711	0.00574	0.00191	0.00939	0.00469	0.00346	0.01075
16	0.01148	0.00829	0.01085	0.01021	0.01212	0.00766	0.00766	0.01531	0.02297	0.03254	0.65994	0.06061	0.07656	0.01659	0.00957	0.00255	0.00383	0.01467	0.00893	0.00766
17	0.01006	0.00726	0.00957	0.01135	0.01202	0.00677	0.00778	0.01164	0.01588	0.02099	0.04664	0.63921	0.08607	0.02498	0.01037	0.00329	0.00484	0.05711	0.00753	0.00666
18	0.01880	0.02132	0.04641	0.03332	0.04123	0.01999	0.61070	0.02543	0.01901	0.02579	0.01750	0.04825	0.01390	0.00755	0.00961	0.00276	0.01334	0.01009	0.00424	0.01078
19	0.02168	0.01751	0.01870	0.01651	0.02130	0.01999	0.01293	0.07523	0.58100	0.07071	0.03223	0.02954	0.02391	0.01089	0.00824	0.00272	0.00659	0.00902	0.00835	0.01295
20	0.00987	0.00713	0.00935	0.01113	0.01172	0.00661	0.00746	0.01132	0.01570	0.02078	0.04679	0.67474	0.08713	0.02515	0.01031	0.00326	0.00467	0.02274	0.00753	0.00661
21	0.03090	0.02133	0.02333	0.01803	0.02438	0.02326	0.01485	0.52948	0.07215	0.12558	0.02180	0.02111	0.01521	0.00985	0.00813	0.00246	0.00854	0.00752	0.00836	0.01374
22	0.01901	0.02148	0.04562	0.03293	0.04034	0.02095	0.57416	0.02536	0.01849	0.02536	0.01585	0.02148	0.01215	0.00756	0.01125	0.00282	0.08107	0.00933	0.00405	0.01074
23	0.01547	0.01472	0.02526	0.66936	0.05536	0.01813	0.04658	0.02094	0.01634	0.02094	0.01450	0.02164	0.01088	0.00806	0.00817	0.00271	0.01093	0.00730	0.00363	0.00909
24	0.01526	0.01450	0.01609	0.01515	0.01714	0.12447	0.03106	0.01794	0.01482	0.01910	0.01977	0.02922	0.01848	0.08394	0.48547	0.01019	0.04717	0.00824	0.00431	0.00767
25	0.02111	0.46092	0.17735	0.05347	0.02631	0.02772	0.01803	0.08802	0.01886	0.02395	0.01302	0.01506	0.01076	0.00746	0.00621	0.00204	0.00954	0.00517	0.00395	0.01103
26	0.01823	0.14665	0.40796	0.02259	0.05222	0.02015	0.09171	0.02531	0.01750	0.05627	0.01689	0.05839	0.01365	0.00863	0.00769	0.00249	0.01088	0.00727	0.00410	0.01142
27	0.10112	0.01768	0.02281	0.51894	0.04685	0.09628	0.01998	0.04214	0.01745	0.02333	0.01402	0.01981	0.01065	0.00813	0.00768	0.00260	0.01070	0.00667	0.00397	0.00919
28	0.03288	0.01682	0.04326	0.01574	0.02207	0.01546	0.01330	0.14603	0.09560	0.46536	0.02926	0.02609	0.01914	0.01001	0.00815	0.00253	0.00739	0.00804	0.00926	0.01363
29	0.06735	0.01639	0.01960	0.01550	0.02149	0.01640	0.01267	0.16660	0.12885	0.40372	0.02853	0.02564	0.01898	0.01002	0.00802	0.00253	0.00723	0.00797	0.00910	0.01341
30	0.30973	0.01681	0.04619	0.13324	0.02703	0.01697	0.04865	0.06665	0.01889	0.21463	0.01870	0.01983	0.01295	0.00846	0.00702	0.00255	0.00807	0.00650	0.00629	0.01083
31	0.00989	0.00706	0.00942	0.01130	0.01177	0.00659	0.00753	0.01130	0.01554	0.02071	0.04472	0.70954	0.05367	0.02542	0.01036	0.00330	0.00471	0.02307	0.00753	0.00659
32	0.05767	0.06552	0.39077	0.02249	0.03175	0.01824	0.13846	0.02496	0.01748	0.06032	0.01839	0.08407	0.01525	0.00931	0.00807	0.00262	0.01087	0.00824	0.00439	0.01113
33	0.01863	0.33662	0.39879	0.01911	0.02891	0.02461	0.02298	0.02509	0.01685	0.02282	0.01314	0.01534	0.01034	0.00738	0.00662	0.00221	0.01055	0.00528	0.00345	0.01131
34	0.01690	0.07791	0.56694	0.02385	0.03513	0.01978	0.09714	0.02565	0.01732	0.02536	0.01459	0.01743	0.01052	0.00757	0.00778	0.00254	0.01200	0.00631	0.00351	0.01179
35	0.02008	0.01928	0.03294	0.04981	0.66422	0.01928	0.02490	0.02490	0.01848	0.02651	0.01526	0.02008	0.01285	0.00723	0.00803	0.00241	0.00964	0.00723	0.00402	0.01285
36	0.02059	0.02024	0.03244	0.04837	0.63257	0.05211	0.02445	0.02527	0.01870	0.02618	0.01513	0.01981	0.01273	0.00729	0.00800	0.00239	0.00989	0.00713	0.00402	0.01268
37	0.15911	0.01736	0.02116	0.05483	0.02407	0.04151	0.08837	0.22219	0.02372	0.03457	0.02387	0.14034	0.02267	0.01285	0.00841	0.00278	0.00847	0.07701	0.00650	0.01022
38	0.02008	0.01928	0.03294	0.04981	0.66422	0.01928	0.02490	0.02490	0.01848	0.02651	0.01526	0.02008	0.01285	0.00723	0.00803	0.00241	0.00964	0.00723	0.00402	0.01285
39	0.01002	0.00715	0.00956	0.01145	0.01197	0.00670	0.00776	0.01152	0.01566	0.02086	0.04465	0.68435	0.05338	0.02530	0.01039	0.00331	0.00482	0.04698	0.00753	0.00663
40	0.01627	0.04197	0.67279	0.02313	0.03512	0.01884	0.02998	0.02570	0.01713	0.02570	0.01456	0.01713	0.01028	0.00771	0.00771	0.00257	0.01199	0.00600	0.00343	0.01199
41	0.03355	0.01520	0.01918	0.01492	0.02093	0.01438	0.01225	0.13944	0.05867	0.50015	0.02968	0.02652	0.01931	0.01001	0.00803	0.00248	0.00707	0.00804	0.04675	0.01345
42	0.00989	0.00706	0.00942	0.01130	0.01177	0.00659	0.00753	0.01130	0.01554	0.02071	0.04472	0.70954	0.05367	0.02542	0.01036	0.00330	0.00471	0.02307	0.00753	0.00659
43	0.01159	0.00869	0.01304	0.01304	0.01449	0.01014	0.01014	0.01449	0.01304	0.01884	0.02173	0.03188	0.02029	0.06086	0.68268	0.01304	0.02173	0.00869	0.00435	0.00724
44	0.23841	0.02128	0.02020	0.06134	0.04846	0.13620	0.03575	0.11640	0.15502	0.06324	0.01880	0.01976	0.01413	0.00885	0.00717	0.00249	0.00886	0.00662	0.00607	0.01095
45	0.01920	0.02175	0.04709	0.03503	0.07540	0.02045	0.60239	0.02593	0.01912	0.02602	0.01635	0.02179	0.01234	0.00686	0.00949	0.00272	0.01347	0.00945	0.00410	0.01105
46	0.00989	0.00706	0.00942	0.01130	0.01177	0.00659	0.00753	0.01130	0.01554	0.02071	0.04472	0.70954	0.05367	0.02542	0.01036	0.00330	0.00471	0.02307	0.00753	0.00659
47	0.01000	0.00731	0.00940	0.01084	0.01171	0.00672	0.00738	0.01170	0.01655	0.02192	0.10447	0.57697	0.12708	0.02405	0.01020	0.00316	0.00456	0.02161	0.00766	0.00672
48	0.02542	0.17717	0.06139	0.08859	0.02494	0.01902	0.01452	0.10466	0.04666	0.24071	0.06450	0.05654	0.02100	0.01015	0.00765	0.00240	0.00795	0.00813	0.00697	0.01163
49	0.01513	0.00756	0.00756	0.00756	0.00945	0.00756	0.00567	0.01891	0.01702	0.03025	0.02647	0.03025	0.02080	0.00945	0.00567	0.00189	0.00378	0.00756	0.75988	0.00756
50	0.77215	0.01569	0.01193	0.01067	0.01569	0.01820	0.00879	0.02385	0.01381	0.03641	0.01130	0.01318	0.00879	0.00753	0.00502	0.00251	0.00628	0.00439	0.00502	0.00879
51	0.01870	0.05650	0.03368	0.27649	0.14899	0.02056	0.20038	0.06196	0.01865	0.02500	0.01509	0.02063	0.01175	0.00797	0.00939	0.00264	0.04919	0.00775	0.00409	0.01060
52	0.02900	0.01415	0.01780	0.01484	0.02005	0.01374	0.01196	0.03755	0.19624	0.41827	0.03368	0.07473	0.02491	0.01194	0.00849	0.00269	0.00666	0.04129	0.00925	0.01275
53	0.01021	0.00729	0.00978	0.01166	0.01227	0.00687	0.00809	0.01185	0.01585	0.02107	0.04455	0.64757	0.05297	0.02512	0.01044	0.00334	0.00498	0.08187	0.00753	0.00668
54	0.05264	0.65241	0.03994	0.01389	0.02063	0.03088	0.01362	0.02530	0.05082	0.02061	0.01246	0.01396	0.01113	0.00719	0.00536	0.00182	0.00846	0.00460	0.00380	0.01048
55	0.02794	0.01506	0.01804	0.04667	0.02138	0.04129	0.01214	0.07185	0.12241	0.36509	0.10464	0.03323	0.06071	0.01134	0.00837	0.00255	0.00695	0.00933	0.00883	0.01216
56	0.07754	0.02322	0.02349	0.01830	0.02456	0.06344	0.01502	0.56287	0.03572	0.04837	0.01856	0.01880	0.01329	0.00952	0.00787	0.00242	0.00910	0.00700	0.00769	0.01322
57	0.02008	0.01928	0.03294	0.04981	0.66422	0.01928	0.02490	0.02490	0.01848	0.02651	0.01526	0.02008	0.01285	0.00723	0.00803	0.00241	0.00964	0.00723	0.00402	0.01285
58	0.01688	0.13551	0.56336	0.02142	0.03238	0.02033	0.02701	0.02517	0.01723	0.02500	0.03500	0.01796	0.01244	0.00789	0.00742	0.00245	0.01126	0.00605	0.00361	0.01163
59	0.01043	0.00793	0.01168	0.01265	0.01357	0.00741	0.04448	0.01216	0.01575	0.02102	0.04306	0.66903	0.05123	0.02433	0.01031	0.00326	0.00524	0.02227	0.00733	0.00685
60	0.00959	0.00822	0.00822	0.00822	0.01096	0.00685	0.00617	0.01165	0.01850	0.02192	0.08220	0.07809	0.66092	0.02055	0.00959	0.00274	0.00411	0.01713	0.00754	0.00685
61	0.01627	0.04197	0.67279	0.02313	0.03512	0.01884	0.02998	0.02570	0.01713	0.02570	0.01456	0.01713	0.01028	0.00771	0.00771	0.00257	0.01199	0.00600	0.00343	0.01199
62	0.02252	0.02423	0.16641	0.01851	0.02478	0.06117	0.01735	0.10680	0.26935	0.09942	0.02504	0.02649	0.01890	0.01047	0.00916	0.00269	0.04631	0.03135	0.00680	0.01223
63	0.03641	0.01381	0.01883	0.01444	0.02071	0.01193	0.01193	0.03954	0.02322	0.66984	0.03201	0.02762	0.02009	0.01004	0.00816	0.00251	0.00690	0.00816	0.01004	0.01381
64	0.01920	0.02174	0.04706	0.03506	0.07667	0.02045	0.60114	0.02593	0.01911	0.02602	0.01635	0.02179	0.01234	0.00686	0.00949	0.00272	0.01346	0.00945	0.00410	0.01105
65	0.01777	0.03831	0.57452	0.02426	0.05880	0.01855	0.06280	0.02650	0.01766	0.06369	0.01572	0.01813	0.01107	0.00778	0.00785	0.00257	0.01170	0.00637	0.00388	0.01207
66	0.01059	0.00823	0.00968	0.01008	0.01193	0.00751	0.00726	0.01372	0.04467	0.02459	0.20786	0.28499	0.28772	0.02084	0.00979	0.00288	0.00434	0.01821	0.00790	0.00721
67	0.01337	0.01132	0.01664	0.04745	0.01822	0.01434	0.01271	0.01609	0.01303	0.01911	0.01851	0.02772	0.01733	0.04624	0.48030	0.01009	0.19747	0.00821	0.00410	0.00775
68	0.01532	0.01442	0.02434	0.69533	0.05589	0.01803	0.02253	0.02073	0.01622	0.02073	0.01442	0.02163	0.01082	0.00811	0.00811	0.00270	0.01082	0.00721	0.00361	0.00901
69	0.02338	0.09900	0.02045	0.04820	0.02093	0.09329	0.01233	0.18824	0.10114	0.06353	0.02178	0.02312	0.01655	0.00927	0.00700	0.00221	0.00775	0.00707	0.22401	0.01076
70	0.01806	0.06382	0.21552	0.04516	0.03433	0.01940	0.26637	0.02575	0.05754	0.02572	0.01613	0.01975	0.01228	0.00753	0.00878	0.00245	0.03489	0.00745	0.00420	0.11485
71	0.02321	0.59987	0.03908	0.01512	0.02158	0.14652	0.01420	0.02572	0.01763	0.01923	0.01150	0.01330	0.01042	0.00719	0.00558	0.00180	0.00973	0.00449	0.00360	0.01024
72	0.01963	0.01874	0.03163	0.08871	0.59537	0.01880	0.02403	0.02443	0.01826	0.02614	0.01517	0.02003	0.01269	0.00723	0.00794	0.00237	0.00954	0.00711	0.00403	0.04815
73	0.01596	0.01530	0.02162	0.42729	0.04098	0.05898	0.01864	0.02117	0.05168	0.02118	0.01880	0.09935	0.01695	0.01398	0.04999	0.00343	0.08238	0.00906	0.00438	0.00886
74	0.01736	0.00973	0.01273	0.01252	0.01486	0.00912	0.00929	0.05496	0.01946	0.16878	0.09929	0.42123	0.04565	0.02006	0.00971	0.00302	0.00551	0.04970	0.00826	0.00877
75	0.01170	0.00782	0.00888	0.00898	0.00900	0.00780	0.00506	0.01177	0.01200	0.01600	0.02658	0.08793	0.03078	0.67825	0.03966	0.00762	0.00770	0.01240	0.00506	0.00501
76	0.00989	0.00706	0.00942	0.01130	0.01177	0.00659	0.00753	0.01130	0.01554	0.02071	0.04472	0.70954	0.05367	0.02542	0.01036	0.00330	0.00471	0.02307	0.00753	0.00659
77	0.01967	0.02045	0.03963	0.04282	0.38571	0.01984	0.29805	0.02539	0.01878	0.02628	0.01578	0.02089	0.01261	0.00706	0.00872	0.00256	0.01145	0.00828	0.00406	0.01200
78	0.05217	0.01628	0.01840	0.01574	0.02086	0.01752	0.01257	0.07197	0.38457	0.22572	0.03157	0.03040	0.02296	0.01092	0.00821	0.00269	0.00673	0.02920	0.00864	0.01286
79	0.01150	0.00827	0.01073	0.01013	0.01193	0.00767	0.00750	0.01511	0.02231	0.03155	0.62277	0.06017	0.07381	0.05750	0.01143	0.00286	0.00406	0.01451	0.00870	0.00750
80	0.01475	0.01041	0.01430	0.01602	0.05441	0.01030	0.01254	0.01955	0.05515	0.06107	0.14110	0.07489	0.07188	0.01920	0.01036	0.00330	0.00679	0.38786	0.00769	0.00844
81	0.01904	0.01530	0.01771	0.01283	0.01993	0.01241	0.01033	0.08798	0.01937	0.05204	0.01560	0.01750	0.01250	0.00656	0.00631	0.00138	0.00636	0.00520	0.00535	0.65630
82	0.01932	0.01382	0.01526	0.01347	0.01764	0.01445	0.01054	0.06368	0.29590	0.12071	0.10747	0.04524	0.20052	0.01393	0.00873	0.00268	0.00574	0.01162	0.00837	0.01090
83	0.01053	0.00833	0.00962	0.01015	0.01238	0.00742	0.00790	0.01303	0.01863	0.02328	0.12444	0.14962	0.40978	0.02111	0.01001	0.00299	0.00485	0.14125	0.00765	0.00703
84	0.02079	0.05975	0.03225	0.08217	0.55747	0.01956	0.02342	0.02542	0.01849	0.06051	0.01589	0.02016	0.01299	0.00741	0.00788	0.00239	0.00950	0.00711	0.00429	0.01255

[dist]
# distance from previous block
# <min> <max>
0	1

[block]
# block no. 2 follows, 23 sequences, length 93
# corresponding to MSA columns:
# 448-540
name=unknown_C
#
# <colnr> <probs for GDERKNQSTAVLIFYWHMCP>
#	G	D	E	R	K	N	Q	S	T	A	V	L	I	F	Y	W	H	M	C	P
0	0.01671	0.01517	0.02434	0.63474	0.05314	0.01867	0.02190	0.07593	0.01819	0.02345	0.01488	0.02144	0.01108	0.00826	0.00811	0.00268	0.01065	0.00722	0.00401	0.00944
1	0.01085	0.00882	0.00961	0.00962	0.01213	0.00797	0.00735	0.01431	0.05251	0.02379	0.14336	0.07351	0.46123	0.05462	0.01127	0.00308	0.00473	0.07640	0.00761	0.00724
2	0.01627	0.04197	0.67279	0.02313	0.03512	0.01884	0.02998	0.02570	0.01713	0.02570	0.01456	0.01713	0.01028	0.00771	0.00771	0.00257	0.01199	0.00600	0.00343	0.01199
3	0.01943	0.16885	0.35424	0.02236	0.06565	0.06060	0.05927	0.02688	0.04961	0.04971	0.01661	0.02045	0.01304	0.00832	0.00750	0.00243	0.01082	0.02855	0.00421	0.01146
4	0.01144	0.00774	0.00909	0.00944	0.00957	0.00770	0.00557	0.01179	0.01253	0.01675	0.02899	0.17389	0.03368	0.56620	0.05623	0.00719	0.00773	0.01379	0.00538	0.00530
5	0.03079	0.01533	0.01877	0.01469	0.02043	0.01472	0.01203	0.19574	0.02671	0.40236	0.06556	0.03250	0.08988	0.01142	0.00837	0.00252	0.00699	0.00922	0.00920	0.01275
6	0.01895	0.01837	0.03181	0.11022	0.52042	0.01855	0.06945	0.02382	0.01831	0.02564	0.01904	0.02364	0.04913	0.00804	0.00824	0.00248	0.00975	0.00796	0.00418	0.01199
7	0.01740	0.18863	0.49905	0.02027	0.03061	0.02115	0.02515	0.02503	0.01698	0.02449	0.01448	0.01693	0.01087	0.00763	0.00705	0.00235	0.01083	0.00572	0.04397	0.01141
8	0.01799	0.19753	0.44924	0.02415	0.10687	0.02199	0.02562	0.02528	0.01714	0.02425	0.01388	0.01652	0.01062	0.00747	0.00716	0.00236	0.01094	0.00576	0.00351	0.01173
9	0.01533	0.01188	0.01423	0.01224	0.01612	0.01093	0.00960	0.08489	0.04549	0.03122	0.28538	0.08626	0.06515	0.01389	0.00857	0.00233	0.00543	0.05892	0.00745	0.21471
10	0.05255	0.41167	0.26452	0.01741	0.02592	0.06159	0.01949	0.02521	0.01695	0.02223	0.01252	0.01457	0.01030	0.00732	0.00620	0.00208	0.01007	0.00498	0.00356	0.01085
11	0.01004	0.00722	0.00927	0.01084	0.01144	0.00673	0.00719	0.01137	0.01541	0.02034	0.04575	0.60077	0.09706	0.08943	0.01319	0.00368	0.00496	0.02157	0.00729	0.00645
12	0.02129	0.01884	0.02561	0.03183	0.31293	0.02031	0.01859	0.09925	0.29735	0.03244	0.02351	0.02449	0.01818	0.00916	0.00814	0.00256	0.00815	0.00809	0.00632	0.01295
13	0.01013	0.00732	0.00958	0.01095	0.01178	0.00678	0.00748	0.01196	0.01690	0.02268	0.14571	0.56966	0.09157	0.02373	0.01019	0.00314	0.00453	0.02138	0.00776	0.00678
14	0.16472	0.01823	0.01974	0.01571	0.02150	0.01946	0.01285	0.32488	0.04913	0.19971	0.02291	0.05766	0.01695	0.01030	0.00769	0.00252	0.00764	0.00790	0.00801	0.01248
15	0.02206	0.01559	0.01752	0.01520	0.01972	0.01694	0.01195	0.08216	0.38797	0.13893	0.14514	0.03451	0.03254	0.01176	0.00847	0.00265	0.00622	0.00986	0.00866	0.01214
16	0.02775	0.02193	0.02430	0.09049	0.05170	0.05324	0.01636	0.47527	0.03266	0.04350	0.01797	0.01934	0.01312	0.00940	0.00861	0.00243	0.03259	0.00708	0.00702	0.04523
17	0.01101	0.00917	0.03683	0.01248	0.01394	0.00776	0.00955	0.01327	0.01624	0.02181	0.04200	0.53836	0.04899	0.02339	0.01024	0.00327	0.00557	0.13219	0.00725	0.03666
18	0.01787	0.24189	0.48688	0.02040	0.03090	0.02276	0.02523	0.02528	0.01694	0.02375	0.01359	0.01592	0.01032	0.00748	0.00697	0.00232	0.01101	0.00551	0.00344	0.01153
19	0.01174	0.00784	0.00887	0.00893	0.00895	0.00782	0.00500	0.01178	0.01193	0.01590	0.02621	0.07524	0.03032	0.69158	0.04026	0.00771	0.00776	0.01218	0.00500	0.00497
20	0.02212	0.09871	0.22833	0.02018	0.02728	0.23101	0.05218	0.06832	0.05858	0.02571	0.05717	0.02172	0.03585	0.00908	0.00768	0.00235	0.01132	0.00694	0.00478	0.01070
21	0.02071	0.02006	0.01809	0.01619	0.02061	0.13880	0.01248	0.03634	0.42355	0.03015	0.06801	0.03108	0.06028	0.01108	0.00810	0.00252	0.00761	0.00896	0.00730	0.05808
22	0.01892	0.01489	0.01726	0.01301	0.01952	0.01256	0.01036	0.07557	0.06648	0.06326	0.01899	0.05964	0.01603	0.00807	0.00673	0.00162	0.00626	0.00661	0.00579	0.55842
23	0.01581	0.01093	0.01343	0.01242	0.01579	0.00983	0.00917	0.02042	0.08819	0.09509	0.03394	0.37364	0.03563	0.01694	0.00872	0.00259	0.00549	0.01500	0.00716	0.20979
24	0.05230	0.01388	0.01721	0.01385	0.01900	0.01323	0.01121	0.10931	0.06159	0.37823	0.15078	0.03519	0.06418	0.01178	0.00840	0.00254	0.00638	0.00970	0.00919	0.01206
25	0.02169	0.71972	0.04252	0.01388	0.02083	0.03211	0.01388	0.02430	0.01649	0.01909	0.01128	0.01302	0.01041	0.00694	0.00521	0.00174	0.00868	0.00434	0.00347	0.01041
26	0.01023	0.00724	0.00946	0.01110	0.01155	0.00684	0.00737	0.01153	0.01515	0.02018	0.04220	0.60582	0.05034	0.11409	0.01437	0.00390	0.00520	0.03984	0.00719	0.00640
27	0.02879	0.02171	0.02319	0.01825	0.02438	0.02420	0.01493	0.52265	0.15601	0.04782	0.02209	0.02156	0.01591	0.00999	0.00814	0.00250	0.00845	0.00767	0.00814	0.01362
28	0.02075	0.63533	0.07963	0.01424	0.02119	0.02983	0.01451	0.02385	0.01691	0.02030	0.05019	0.01611	0.01435	0.00757	0.00562	0.00184	0.00859	0.00506	0.00379	0.01035
29	0.01148	0.00829	0.01085	0.01021	0.01212	0.00766	0.00766	0.01531	0.02297	0.03254	0.65994	0.06061	0.07656	0.01659	0.00957	0.00255	0.00383	0.01467	0.00893	0.00766
30	0.01955	0.01864	0.03123	0.12093	0.56331	0.01918	0.02403	0.02535	0.04992	0.02623	0.01606	0.02077	0.01322	0.00752	0.00805	0.00246	0.00961	0.00733	0.00418	0.01242
31	0.02078	0.01914	0.02960	0.02315	0.02890	0.02049	0.23555	0.06222	0.33262	0.05590	0.02505	0.02591	0.01876	0.00962	0.00985	0.00277	0.05207	0.00907	0.00654	0.01200
32	0.01294	0.00924	0.01292	0.01479	0.01659	0.00922	0.01284	0.01657	0.01854	0.02413	0.04304	0.11815	0.04700	0.02254	0.01117	0.00372	0.00735	0.58434	0.00747	0.00743
33	0.01308	0.00934	0.01308	0.01494	0.01681	0.00934	0.01308	0.01681	0.01868	0.02428	0.04296	0.09153	0.04670	0.02242	0.01121	0.00374	0.00747	0.60960	0.00747	0.00747
34	0.02078	0.60512	0.14909	0.01545	0.02324	0.02986	0.01661	0.02453	0.01660	0.02021	0.01184	0.01371	0.01039	0.00707	0.00563	0.00188	0.00924	0.00462	0.00346	0.01068
35	0.03045	0.02253	0.02413	0.01859	0.02501	0.02498	0.01533	0.61489	0.06108	0.05049	0.01999	0.01989	0.01421	0.00979	0.00812	0.00245	0.00883	0.00738	0.00812	0.01376
36	0.00973	0.00823	0.00842	0.00837	0.01105	0.00691	0.00628	0.01192	0.01883	0.02272	0.12563	0.07678	0.61700	0.02025	0.00959	0.00273	0.00409	0.01694	0.00764	0.00691
37	0.03031	0.03867	0.02299	0.02090	0.02508	0.68226	0.01568	0.03240	0.02299	0.01986	0.01254	0.01463	0.01045	0.00836	0.00732	0.00209	0.01463	0.00523	0.00418	0.00941
38	0.01309	0.00878	0.01058	0.00984	0.01248	0.00775	0.00748	0.01617	0.02128	0.08802	0.37950	0.06424	0.29558	0.01750	0.00945	0.00262	0.00422	0.01501	0.00850	0.00792
39	0.01110	0.00812	0.01042	0.01018	0.01197	0.00744	0.00751	0.01445	0.02157	0.03000	0.52563	0.14936	0.12573	0.01813	0.00968	0.00267	0.00397	0.01602	0.00862	0.00744
40	0.01683	0.01442	0.01683	0.01202	0.01923	0.01082	0.00961	0.02043	0.01683	0.02644	0.01442	0.01683	0.01202	0.00601	0.00601	0.00120	0.00601	0.00481	0.00481	0.76444
41	0.03641	0.01381	0.01883	0.01444	0.02071	0.01193	0.01193	0.03954	0.02322	0.66984	0.03201	0.02762	0.02009	0.01004	0.00816	0.00251	0.00690	0.00816	0.01004	0.01381
42	0.01683	0.01442	0.01683	0.01202	0.01923	0.01082	0.00961	0.02043	0.01683	0.02644	0.01442	0.01683	0.01202	0.00601	0.00601	0.00120	0.00601	0.00481	0.00481	0.76444
43	0.03085	0.02273	0.02435	0.01867	0.02516	0.02516	0.01542	0.63716	0.03815	0.05114	0.01948	0.01948	0.01380	0.00974	0.00812	0.00244	0.00893	0.00731	0.00812	0.01380
44	0.03641	0.01381	0.01883	0.01444	0.02071	0.01193	0.01193	0.03954	0.02322	0.66984	0.03201	0.02762	0.02009	0.01004	0.00816	0.00251	0.00690	0.00816	0.01004	0.01381
45	0.01683	0.01442	0.01683	0.01202	0.01923	0.01082	0.00961	0.02043	0.01683	0.02644	0.01442	0.01683	0.01202	0.00601	0.00601	0.00120	0.00601	0.00481	0.00481	0.76444
46	0.01148	0.00829	0.01085	0.01021	0.01212	0.00766	0.00766	0.01531	0.02297	0.03254	0.65994	0.06061	0.07656	0.01659	0.00957	0.00255	0.00383	0.01467	0.00893	0.00766
47	0.01042	0.00849	0.00937	0.00981	0.01235	0.00744	0.00780	0.01287	0.01854	0.02248	0.07290	0.08128	0.51530	0.02099	0.00997	0.00298	0.00491	0.15759	0.00752	0.00700
48	0.03031	0.03867	0.02299	0.02090	0.02508	0.68226	0.01568	0.03240	0.02299	0.01986	0.01254	0.01463	0.01045	0.00836	0.00732	0.00209	0.01463	0.00523	0.00418	0.00941
49	0.01683	0.01442	0.01683	0.01202	0.01923	0.01082	0.00961	0.02043	0.01683	0.02644	0.01442	0.01683	0.01202	0.00601	0.00601	0.00120	0.00601	0.00481	0.00481	0.76444
50	0.01915	0.02189	0.04788	0.03420	0.04241	0.02052	0.63475	0.02599	0.01915	0.02599	0.01642	0.02189	0.01231	0.00684	0.00958	0.00274	0.01368	0.00958	0.00410	0.01094
51	0.01534	0.01004	0.01254	0.01239	0.01516	0.00954	0.01004	0.03998	0.04554	0.10081	0.15981	0.10947	0.19513	0.01880	0.00990	0.00303	0.00578	0.21013	0.00810	0.00846
52	0.01958	0.01390	0.01667	0.01240	0.01880	0.01113	0.00993	0.04551	0.01931	0.12294	0.09567	0.02384	0.02112	0.00803	0.00684	0.00160	0.00598	0.00659	0.00620	0.53394
53	0.03031	0.03867	0.02299	0.02090	0.02508	0.68226	0.01568	0.03240	0.02299	0.01986	0.01254	0.01463	0.01045	0.00836	0.00732	0.00209	0.01463	0.00523	0.00418	0.00941
54	0.03085	0.02273	0.02435	0.01867	0.02516	0.02516	0.01542	0.63716	0.03815	0.05114	0.01948	0.01948	0.01380	0.00974	0.00812	0.00244	0.00893	0.00731	0.00812	0.01380
55	0.03641	0.01381	0.01883	0.01444	0.02071	0.01193	0.01193	0.03954	0.02322	0.66984	0.03201	0.02762	0.02009	0.01004	0.00816	0.00251	0.00690	0.00816	0.01004	0.01381
56	0.02329	0.01897	0.02010	0.01714	0.02228	0.02163	0.01359	0.21611	0.47151	0.03895	0.02908	0.02713	0.02157	0.01064	0.00822	0.00266	0.00715	0.00863	0.00822	0.01312
57	0.02112	0.06180	0.03732	0.02624	0.03342	0.02070	0.37387	0.13758	0.05981	0.03091	0.01811	0.02158	0.01367	0.00772	0.00853	0.00248	0.01105	0.00842	0.04768	0.05798
58	0.02148	0.01807	0.01908	0.01678	0.02159	0.02079	0.01316	0.11532	0.57524	0.03603	0.03138	0.02896	0.02344	0.01085	0.00824	0.00271	0.00673	0.00895	0.00824	0.01296
59	0.03031	0.02246	0.02405	0.01856	0.02496	0.02491	0.01529	0.60732	0.06886	0.05027	0.02016	0.02002	0.01435	0.00980	0.00812	0.00245	0.00880	0.00740	0.00812	0.01375
60	0.01205	0.00770	0.01028	0.01142	0.01248	0.00711	0.00788	0.01385	0.01691	0.07077	0.10967	0.58877	0.05360	0.02332	0.01011	0.00316	0.00478	0.02105	0.00787	0.00725
61	0.01574	0.01500	0.02443	0.57907	0.04992	0.01921	0.02171	0.02052	0.01557	0.02052	0.01377	0.02096	0.01079	0.00916	0.01131	0.00285	0.12968	0.00719	0.00360	0.00899
62	0.01148	0.00829	0.01085	0.01021	0.01212	0.00766	0.00766	0.01531	0.02297	0.03254	0.65994	0.06061	0.07656	0.01659	0.00957	0.00255	0.00383	0.01467	0.00893	0.00766
63	0.01500	0.00792	0.00846	0.04216	0.01176	0.00810	0.00649	0.01872	0.01677	0.02919	0.02583	0.03073	0.02064	0.03750	0.00721	0.00217	0.00430	0.00771	0.69181	0.00753
64	0.01409	0.00705	0.01057	0.01057	0.01057	0.00705	0.00705	0.01057	0.01057	0.01409	0.01409	0.02467	0.01409	0.02819	0.03171	0.76392	0.00705	0.00705	0.00352	0.00352
65	0.03085	0.02273	0.02435	0.01867	0.02516	0.02516	0.01542	0.63716	0.03815	0.05114	0.01948	0.01948	0.01380	0.00974	0.00812	0.00244	0.00893	0.00731	0.00812	0.01380
66	0.00989	0.00706	0.00942	0.01130	0.01177	0.00659	0.00753	0.01130	0.01554	0.02071	0.04472	0.70954	0.05367	0.02542	0.01036	0.00330	0.00471	0.02307	0.00753	0.00659
67	0.01180	0.00787	0.00885	0.00885	0.00885	0.00787	0.00492	0.01180	0.01180	0.01573	0.02557	0.05310	0.02950	0.71483	0.04130	0.00787	0.00787	0.01180	0.00492	0.00492
68	0.03085	0.02273	0.02435	0.01867	0.02516	0.02516	0.01542	0.63716	0.03815	0.05114	0.01948	0.01948	0.01380	0.00974	0.00812	0.00244	0.00893	0.00731	0.00812	0.01380
69	0.02234	0.66852	0.04105	0.01441	0.02115	0.08098	0.01402	0.02491	0.01698	0.01915	0.01138	0.01314	0.01042	0.00705	0.00537	0.00176	0.00913	0.00441	0.00352	0.01034
70	0.02169	0.71972	0.04252	0.01388	0.02083	0.03211	0.01388	0.02430	0.01649	0.01909	0.01128	0.01302	0.01041	0.00694	0.00521	0.00174	0.00868	0.00434	0.00347	0.01041
71	0.02018	0.01743	0.01835	0.01651	0.02110	0.02018	0.01284	0.04312	0.64956	0.03394	0.03303	0.03027	0.02477	0.01101	0.00826	0.00275	0.00642	0.00917	0.00826	0.01284
72	0.01148	0.00829	0.01085	0.01021	0.01212	0.00766	0.00766	0.01531	0.02297	0.03254	0.65994	0.06061	0.07656	0.01659	0.00957	0.00255	0.00383	0.01467	0.00893	0.00766
73	0.01734	0.17530	0.54881	0.02131	0.03231	0.02145	0.02681	0.02542	0.01700	0.02440	0.01392	0.01632	0.01031	0.00756	0.00722	0.00241	0.01134	0.00567	0.00344	0.01168
74	0.01169	0.00829	0.01100	0.01100	0.01174	0.00903	0.00759	0.01318	0.01244	0.01732	0.02360	0.04223	0.02478	0.37983	0.36985	0.01052	0.01497	0.01021	0.00462	0.00611
75	0.01159	0.00869	0.01304	0.01304	0.01449	0.01014	0.01014	0.01449	0.01304	0.01884	0.02173	0.03188	0.02029	0.06086	0.68268	0.01304	0.02173	0.00869	0.00435	0.00724
76	0.01705	0.11687	0.56474	0.02275	0.03395	0.02043	0.06426	0.02556	0.01718	0.02497	0.01430	0.01695	0.01042	0.00757	0.00754	0.00249	0.01172	0.00602	0.00347	0.01175
77	0.00989	0.00706	0.00942	0.01130	0.01177	0.00659	0.00753	0.01130	0.01554	0.02071	0.04472	0.70954	0.05367	0.02542	0.01036	0.00330	0.00471	0.02307	0.00753	0.00659
78	0.01238	0.00986	0.01456	0.01410	0.01537	0.01204	0.01112	0.01514	0.01296	0.01893	0.02031	0.03006	0.01905	0.05485	0.59824	0.01182	0.10902	0.00849	0.00424	0.00745
79	0.01325	0.00925	0.01287	0.01255	0.01425	0.01049	0.00971	0.04988	0.01479	0.02176	0.02173	0.03055	0.01962	0.04979	0.52385	0.05552	0.01796	0.00838	0.09635	0.00743
80	0.04023	0.01487	0.02365	0.58616	0.05012	0.01866	0.02121	0.02194	0.04980	0.02186	0.01503	0.02153	0.01149	0.00871	0.00941	0.00276	0.06224	0.00722	0.00390	0.00920
81	0.01638	0.01456	0.01983	0.01464	0.02127	0.01156	0.08538	0.02015	0.01697	0.02579	0.01783	0.08972	0.01640	0.00814	0.00690	0.00161	0.00681	0.00729	0.00501	0.59378
82	0.01098	0.00823	0.01017	0.00978	0.01183	0.00743	0.00730	0.01429	0.02163	0.02958	0.49990	0.08909	0.21424	0.01786	0.00960	0.00262	0.00393	0.01557	0.00855	0.00743
83	0.01378	0.00994	0.01208	0.01249	0.01403	0.01002	0.00881	0.12444	0.01941	0.02593	0.03908	0.54783	0.04510	0.06144	0.01170	0.00340	0.00565	0.01958	0.00749	0.00780
84	0.01742	0.16840	0.52616	0.02189	0.03276	0.02141	0.05427	0.02545	0.01710	0.02447	0.01403	0.01657	0.01040	0.00753	0.00732	0.00242	0.01145	0.00585	0.00347	0.01165
85	0.02208	0.68896	0.04164	0.01420	0.02102	0.06147	0.01397	0.02466	0.01678	0.01913	0.01134	0.01309	0.01041	0.00701	0.00530	0.00175	0.00895	0.00438	0.00350	0.01037
86	0.02053	0.01380	0.01592	0.01479	0.03916	0.01431	0.01129	0.08627	0.22015	0.13586	0.06453	0.04333	0.13925	0.01334	0.00851	0.00266	0.00617	0.06066	0.07858	0.01088
87	0.02062	0.01657	0.01783	0.01411	0.02027	0.04972	0.01116	0.02997	0.21015	0.09590	0.02182	0.02193	0.01666	0.00808	0.00699	0.00186	0.00669	0.00651	0.00637	0.41678
88	0.02545	0.01216	0.01565	0.01317	0.01750	0.01125	0.01046	0.05034	0.06070	0.35838	0.12943	0.07195	0.07066	0.06610	0.01123	0.00305	0.00632	0.04624	0.00890	0.01104
89	0.10037	0.35483	0.20519	0.01631	0.02392	0.04748	0.01739	0.02593	0.06446	0.02445	0.04179	0.01755	0.01413	0.00798	0.00635	0.00217	0.00914	0.00563	0.00424	0.01069
90	0.25189	0.07335	0.05452	0.01522	0.02077	0.02070	0.01319	0.22747	0.09957	0.03749	0.02048	0.05948	0.01725	0.01049	0.00725	0.00257	0.00765	0.04313	0.00651	0.01103
91	0.02050	0.05788	0.05954	0.01670	0.02178	0.03949	0.04651	0.12510	0.23349	0.04970	0.02683	0.08070	0.02289	0.03759	0.00939	0.00277	0.00779	0.04625	0.03932	0.05577
92	0.05876	0.01612	0.02432	0.02042	0.05766	0.01687	0.15712	0.11273	0.04897	0.09236	0.02209	0.06283	0.01803	0.03027	0.01066	0.00273	0.07405	0.00890	0.15467	0.01043

[dist]
# distance from previous block
# <min> <max>
1	3

[block]
# block no. 3 follows, 23 sequences, length 86
# corresponding to MSA columns:
# 545-630
name=unknown_D
#
# <colnr> <probs for GDERKNQSTAVLIFYWHMCP>
#	G	D	E	R	K	N	Q	S	T	A	V	L	I	F	Y	W	H	M	C	P
0	0.01700	0.01758	0.17037	0.01408	0.01942	0.01121	0.01379	0.02204	0.02126	0.13434	0.36590	0.04230	0.04777	0.01278	0.00869	0.00247	0.00640	0.01097	0.00756	0.05407
1	0.02648	0.06179	0.02325	0.05430	0.02466	0.05768	0.01460	0.44512	0.03193	0.04204	0.04806	0.09105	0.01998	0.01130	0.00819	0.00248	0.00868	0.00893	0.00736	0.01211
2	0.01780	0.01786	0.05962	0.06013	0.40584	0.01675	0.05628	0.02333	0.03914	0.02733	0.12435	0.03176	0.02574	0.00992	0.00858	0.00257	0.00882	0.04768	0.00515	0.01136
3	0.01335	0.00935	0.01259	0.05213	0.04916	0.00889	0.00936	0.01682	0.02070	0.06369	0.38558	0.12371	0.12730	0.01622	0.00918	0.00261	0.00483	0.01425	0.05215	0.00813
4	0.01954	0.01903	0.03012	0.18202	0.48332	0.04781	0.02352	0.02510	0.04384	0.02532	0.01569	0.02058	0.01281	0.00762	0.00803	0.00247	0.00997	0.00722	0.00411	0.01190
5	0.01273	0.00853	0.01121	0.01048	0.01256	0.00784	0.00788	0.01643	0.02268	0.06563	0.60187	0.08523	0.07266	0.01660	0.00953	0.00258	0.00403	0.01467	0.00893	0.00794
6	0.02068	0.02042	0.03235	0.04811	0.62674	0.05816	0.02436	0.02534	0.01874	0.02612	0.01510	0.01976	0.01271	0.00730	0.00799	0.00239	0.00993	0.00711	0.00403	0.01265
7	0.01627	0.04197	0.67279	0.02313	0.03512	0.01884	0.02998	0.02570	0.01713	0.02570	0.01456	0.01713	0.01028	0.00771	0.00771	0.00257	0.01199	0.00600	0.00343	0.01199
8	0.02018	0.01743	0.01835	0.01651	0.02110	0.02018	0.01284	0.04312	0.64956	0.03394	0.03303	0.03027	0.02477	0.01101	0.00826	0.00275	0.00642	0.00917	0.00826	0.01284
9	0.01672	0.01624	0.02288	0.01992	0.02017	0.02240	0.01648	0.01869	0.01253	0.01941	0.01250	0.02011	0.01226	0.02199	0.13607	0.00513	0.58683	0.00737	0.00368	0.00860
10	0.01447	0.00761	0.00792	0.00802	0.00985	0.00759	0.00598	0.01801	0.01683	0.02892	0.02957	0.06811	0.04937	0.01294	0.03476	0.00247	0.00460	0.00883	0.65667	0.00747
11	0.01870	0.01572	0.01734	0.04352	0.02096	0.01798	0.01235	0.03731	0.51895	0.03208	0.09817	0.03283	0.02910	0.01249	0.00977	0.04736	0.00636	0.00956	0.00786	0.01158
12	0.01148	0.00829	0.01085	0.01021	0.01212	0.00766	0.00766	0.01531	0.02297	0.03254	0.65994	0.06061	0.07656	0.01659	0.00957	0.00255	0.00383	0.01467	0.00893	0.00766
13	0.02235	0.01864	0.05934	0.02214	0.12578	0.01862	0.01600	0.10252	0.31597	0.10590	0.02832	0.03171	0.02216	0.01095	0.00842	0.00271	0.00769	0.06082	0.00741	0.01254
14	0.02045	0.56377	0.18755	0.01601	0.02411	0.02906	0.01759	0.02462	0.01664	0.02061	0.01204	0.01396	0.01038	0.00712	0.00578	0.00193	0.00944	0.00472	0.00346	0.01078
15	0.00989	0.00706	0.00942	0.01130	0.01177	0.00659	0.00753	0.01130	0.01554	0.02071	0.04472	0.70954	0.05367	0.02542	0.01036	0.00330	0.00471	0.02307	0.00753	0.00659
16	0.01115	0.00879	0.01280	0.04606	0.01580	0.00891	0.03519	0.01324	0.01625	0.02200	0.09913	0.54430	0.04952	0.02229	0.01109	0.00319	0.04607	0.01999	0.00710	0.00713
17	0.01683	0.01442	0.01683	0.01202	0.01923	0.01082	0.00961	0.02043	0.01683	0.02644	0.01442	0.01683	0.01202	0.00601	0.00601	0.00120	0.00601	0.00481	0.00481	0.76444
18	0.07077	0.03742	0.02239	0.02035	0.02457	0.64604	0.01530	0.03194	0.02249	0.02076	0.01247	0.01455	0.01036	0.00832	0.00719	0.00211	0.01418	0.00518	0.00423	0.00937
19	0.03508	0.01448	0.01907	0.01478	0.02096	0.01311	0.01216	0.06889	0.06459	0.59844	0.03147	0.02739	0.02008	0.01009	0.00816	0.00252	0.00697	0.00818	0.00983	0.01375
20	0.01915	0.02189	0.04788	0.03420	0.04241	0.02052	0.63475	0.02599	0.01915	0.02599	0.01642	0.02189	0.01231	0.00684	0.00958	0.00274	0.01368	0.00958	0.00410	0.01094
21	0.01159	0.00869	0.01304	0.01304	0.01449	0.01014	0.01014	0.01449	0.01304	0.01884	0.02173	0.03188	0.02029	0.06086	0.68268	0.01304	0.02173	0.00869	0.00435	0.00724
22	0.01627	0.04197	0.67279	0.02313	0.03512	0.01884	0.02998	0.02570	0.01713	0.02570	0.01456	0.01713	0.01028	0.00771	0.00771	0.00257	0.01199	0.00600	0.00343	0.01199
23	0.01060	0.00736	0.00920	0.01038	0.01068	0.00707	0.00655	0.01149	0.01414	0.01885	0.03754	0.46355	0.04461	0.28377	0.02195	0.00501	0.00589	0.01885	0.00655	0.00596
24	0.01409	0.00705	0.01057	0.01057	0.01057	0.00705	0.00705	0.01057	0.01057	0.01409	0.01409	0.02467	0.01409	0.02819	0.03171	0.76392	0.00705	0.00705	0.00352	0.00352
25	0.01148	0.00829	0.01085	0.01021	0.01212	0.00766	0.00766	0.01531	0.02297	0.03254	0.65994	0.06061	0.07656	0.01659	0.00957	0.00255	0.00383	0.01467	0.00893	0.00766
26	0.02018	0.01743	0.01835	0.01651	0.02110	0.02018	0.01284	0.04312	0.64956	0.03394	0.03303	0.03027	0.02477	0.01101	0.00826	0.00275	0.00642	0.00917	0.00826	0.01284
27	0.03641	0.01381	0.01883	0.01444	0.02071	0.01193	0.01193	0.03954	0.02322	0.66984	0.03201	0.02762	0.02009	0.01004	0.00816	0.00251	0.00690	0.00816	0.01004	0.01381
