[name]
unknown

[dist]
# distance from previous block
# <min> <max>
0	74

[block]
# block no. 0 follows, 25 sequences, length 13
# corresponding to MSA columns:
# 92-104
name=unknown_A
#
# <colnr> <probs for GDERKNQSTAVLIFYWHMCP>
#	G	D	E	R	K	N	Q	S	T	A	V	L	I	F	Y	W	H	M	C	P
0	0.01334	0.00988	0.01312	0.01447	0.01657	0.01021	0.01247	0.01918	0.09819	0.02435	0.03987	0.08020	0.04202	0.02007	0.01036	0.00345	0.00702	0.55023	0.00723	0.00778
1	0.02461	0.01947	0.01950	0.04772	0.02282	0.10291	0.01336	0.15482	0.33694	0.13419	0.02571	0.02435	0.01868	0.00971	0.00773	0.00246	0.00783	0.00772	0.00744	0.01202
2	0.02882	0.04259	0.01825	0.01362	0.01925	0.04048	0.01113	0.03333	0.07114	0.45306	0.07166	0.02643	0.02158	0.00944	0.00750	0.00222	0.00662	0.00765	0.00829	0.10695
3	0.01897	0.01467	0.01882	0.01485	0.02018	0.01409	0.06041	0.10019	0.13488	0.08211	0.06575	0.02457	0.01976	0.01460	0.09280	0.00326	0.00851	0.00735	0.00613	0.27810
4	0.01892	0.02006	0.07660	0.06498	0.29727	0.07279	0.04487	0.05569	0.12373	0.02742	0.09923	0.02504	0.02122	0.00887	0.00788	0.00239	0.00877	0.00794	0.00521	0.01111
5	0.02185	0.01501	0.01742	0.01354	0.01957	0.01387	0.01086	0.08008	0.17839	0.16621	0.02204	0.02159	0.01622	0.00801	0.00686	0.00187	0.00624	0.00648	0.00670	0.36722
6	0.01659	0.01813	0.06231	0.06738	0.03227	0.01589	0.36457	0.02168	0.01669	0.02338	0.01616	0.02335	0.01356	0.09596	0.01201	0.00290	0.01056	0.00813	0.00410	0.17437
7	0.06880	0.01792	0.02610	0.11500	0.33428	0.04484	0.04884	0.04716	0.11481	0.07899	0.01812	0.02083	0.01396	0.00788	0.00759	0.00240	0.00883	0.00711	0.00505	0.01148
8	0.06563	0.16494	0.14953	0.02194	0.10141	0.10247	0.07836	0.09542	0.01942	0.02622	0.04378	0.01802	0.01360	0.00795	0.00767	0.00222	0.03675	0.00623	0.00438	0.03405
9	0.02030	0.02073	0.02862	0.09306	0.49505	0.11959	0.02165	0.02555	0.05511	0.02436	0.01510	0.01908	0.01244	0.00734	0.00759	0.00230	0.00984	0.00673	0.00406	0.01150
10	0.07827	0.01321	0.01678	0.12254	0.02313	0.01364	0.01213	0.09891	0.06390	0.26309	0.05564	0.11176	0.02311	0.01123	0.00775	0.00249	0.00675	0.00938	0.05572	0.01057
11	0.02462	0.01475	0.01779	0.04676	0.02049	0.01481	0.01170	0.23918	0.02514	0.21432	0.10655	0.05516	0.02408	0.01116	0.00868	0.03369	0.00679	0.00851	0.03692	0.07891
12	0.02231	0.01943	0.02624	0.09568	0.33997	0.06573	0.01920	0.15937	0.05890	0.06316	0.01694	0.01965	0.01310	0.00787	0.00760	0.00229	0.00906	0.00685	0.00520	0.04148

[dist]
# distance from previous block
# <min> <max>
2	4

[block]
# block no. 1 follows, 25 sequences, length 87
# corresponding to MSA columns:
# 109-195
name=unknown_B
#
# <colnr> <probs for GDERKNQSTAVLIFYWHMCP>
#	G	D	E	R	K	N	Q	S	T	A	V	L	I	F	Y	W	H	M	C	P
0	0.05649	0.01013	0.01206	0.01180	0.04248	0.00946	0.00854	0.01954	0.06053	0.13551	0.21105	0.07666	0.28522	0.01536	0.00858	0.00253	0.00481	0.01299	0.00770	0.00855
1	0.00972	0.00712	0.00895	0.01002	0.01107	0.00649	0.00691	0.01128	0.01609	0.02110	0.12266	0.47830	0.18644	0.02242	0.01047	0.03376	0.00437	0.01928	0.00720	0.00635
2	0.00953	0.00737	0.00858	0.00930	0.01081	0.00655	0.00652	0.01128	0.01654	0.02104	0.11048	0.34958	0.33018	0.05210	0.01079	0.00304	0.00431	0.01838	0.00720	0.00642
3	0.01826	0.01478	0.01584	0.01424	0.01818	0.01650	0.01102	0.06110	0.47788	0.04864	0.03669	0.03482	0.11929	0.01293	0.00963	0.05618	0.00597	0.00965	0.00752	0.01087
4	0.01325	0.00981	0.01108	0.01019	0.01308	0.00933	0.00781	0.04714	0.09344	0.06267	0.27320	0.05850	0.32855	0.01628	0.00887	0.00253	0.00444	0.01380	0.00789	0.00813
5	0.01146	0.00737	0.00978	0.01079	0.01180	0.00682	0.00743	0.01319	0.01619	0.06710	0.12568	0.56573	0.05129	0.04307	0.01053	0.00313	0.00462	0.01967	0.00747	0.00686
6	0.01576	0.01059	0.01205	0.01139	0.01426	0.01070	0.00873	0.02321	0.18355	0.09828	0.08561	0.10884	0.16960	0.06044	0.01035	0.00292	0.00526	0.05975	0.09993	0.00879
7	0.01263	0.00829	0.01089	0.01004	0.01215	0.00760	0.00760	0.01624	0.02196	0.07645	0.63032	0.05573	0.06941	0.01542	0.00905	0.00244	0.00386	0.01359	0.00861	0.00772
8	0.01032	0.00748	0.00974	0.01005	0.01141	0.00690	0.00721	0.01304	0.01911	0.02642	0.41206	0.30582	0.09316	0.01917	0.00943	0.00271	0.00398	0.01711	0.00798	0.00690
9	0.01370	0.00876	0.01134	0.01068	0.01286	0.00823	0.00800	0.01789	0.05534	0.09885	0.46811	0.16210	0.06117	0.01628	0.00906	0.00256	0.00424	0.01439	0.00839	0.00804
10	0.01000	0.00759	0.00887	0.00912	0.01094	0.00675	0.00662	0.01240	0.01825	0.02409	0.25040	0.22347	0.31503	0.01917	0.00918	0.00266	0.00397	0.01665	0.03810	0.00675
11	0.00957	0.00685	0.00911	0.01071	0.01127	0.00638	0.00721	0.01112	0.01544	0.02074	0.09549	0.66700	0.05311	0.02359	0.00983	0.00309	0.00443	0.02137	0.00731	0.00638
12	0.48867	0.01395	0.01349	0.01134	0.01635	0.01479	0.00931	0.02717	0.01670	0.24693	0.05970	0.02000	0.01606	0.00853	0.00606	0.00240	0.00604	0.00600	0.00661	0.00990
13	0.00977	0.00799	0.00856	0.00876	0.01093	0.00707	0.00636	0.01239	0.04172	0.02141	0.09628	0.17877	0.49082	0.05090	0.01056	0.00291	0.00425	0.01669	0.00718	0.00668
14	0.00967	0.00688	0.00909	0.01077	0.01124	0.00647	0.00723	0.01102	0.01473	0.01961	0.04150	0.65635	0.04956	0.06911	0.01182	0.00344	0.00479	0.04344	0.00704	0.00623
15	0.02279	0.01117	0.01453	0.01202	0.01603	0.01019	0.00957	0.06571	0.02283	0.32540	0.32226	0.04184	0.06665	0.01276	0.00845	0.00242	0.00530	0.01086	0.00891	0.01030
16	0.01511	0.01241	0.01386	0.01271	0.01591	0.01342	0.00975	0.02803	0.35270	0.03098	0.29658	0.04432	0.09541	0.01341	0.00850	0.00255	0.00496	0.01150	0.00810	0.00981
17	0.10537	0.01312	0.01616	0.01301	0.01825	0.01238	0.01058	0.03398	0.09324	0.46919	0.05384	0.02838	0.04557	0.01005	0.00751	0.00241	0.00615	0.00807	0.04086	0.01189
18	0.44498	0.01393	0.01387	0.01153	0.01670	0.01446	0.00948	0.02824	0.01702	0.29457	0.02203	0.02115	0.04523	0.00876	0.00621	0.00241	0.00614	0.00623	0.00684	0.01023
19	0.01101	0.00821	0.01185	0.01185	0.01315	0.00933	0.00902	0.01347	0.01257	0.01783	0.02365	0.03444	0.04884	0.12449	0.60008	0.01153	0.01869	0.00896	0.00434	0.00668
20	0.01112	0.00751	0.00876	0.00890	0.00903	0.00756	0.00522	0.01140	0.01164	0.01561	0.02567	0.10347	0.02948	0.62819	0.07908	0.00748	0.00812	0.01195	0.00486	0.00497
21	0.01021	0.00823	0.00914	0.00885	0.01126	0.00733	0.00665	0.01358	0.04506	0.02503	0.28954	0.06683	0.43481	0.01792	0.00911	0.00255	0.00392	0.01522	0.00770	0.00705
22	0.02101	0.01838	0.03065	0.04071	0.50913	0.01836	0.07551	0.06577	0.04037	0.07907	0.01675	0.02019	0.01321	0.00736	0.00782	0.00235	0.00919	0.00724	0.00468	0.01226
23	0.01742	0.01947	0.06074	0.09101	0.14869	0.05732	0.31771	0.02277	0.01836	0.02463	0.09335	0.05388	0.02039	0.00867	0.00859	0.00252	0.01067	0.00928	0.00452	0.01003
24	0.00945	0.00675	0.00900	0.01080	0.01125	0.00630	0.00720	0.01080	0.01484	0.01979	0.04274	0.72245	0.05128	0.02429	0.00990	0.00315	0.00450	0.02204	0.00720	0.00630
25	0.00945	0.00787	0.00826	0.00816	0.01065	0.00667	0.00612	0.01169	0.01836	0.02257	0.17405	0.07195	0.57948	0.01903	0.00916	0.00259	0.00388	0.01599	0.00741	0.00667
26	0.01897	0.35935	0.24424	0.02082	0.06896	0.04625	0.09601	0.02412	0.01658	0.02151	0.01265	0.01519	0.01028	0.00691	0.00647	0.00208	0.01011	0.00546	0.00343	0.01061
27	0.02947	0.02172	0.02327	0.01784	0.02404	0.02404	0.01474	0.65329	0.03646	0.04887	0.01862	0.01862	0.01319	0.00931	0.00776	0.00233	0.00853	0.00698	0.00776	0.01319
28	0.01987	0.01971	0.03081	0.04567	0.63366	0.06548	0.02318	0.02429	0.01795	0.02489	0.01440	0.01883	0.01212	0.00698	0.00763	0.00228	0.00954	0.00678	0.00385	0.01205
29	0.01108	0.00827	0.01229	0.01229	0.01362	0.00960	0.00948	0.01374	0.01241	0.01788	0.02092	0.03131	0.01975	0.08609	0.66935	0.01225	0.02022	0.00843	0.00418	0.00683
30	0.01115	0.00756	0.00894	0.00903	0.00921	0.00770	0.00540	0.01154	0.01160	0.01562	0.02500	0.08452	0.02843	0.61418	0.11209	0.00784	0.00885	0.01152	0.00477	0.00504
31	0.01126	0.00757	0.00873	0.00873	0.00883	0.00767	0.00504	0.01145	0.01136	0.01524	0.02418	0.04933	0.02758	0.68105	0.08509	0.00786	0.00844	0.01107	0.00466	0.00485
32	0.01445	0.00723	0.00723	0.00723	0.00903	0.00723	0.00542	0.01807	0.01626	0.02891	0.02529	0.02891	0.01987	0.00903	0.00542	0.00181	0.00361	0.00723	0.77055	0.00723
33	0.02178	0.01799	0.02279	0.02493	0.20763	0.01937	0.01592	0.23300	0.19842	0.03486	0.04812	0.02360	0.01845	0.01115	0.03679	0.00279	0.00829	0.00770	0.00645	0.03999
34	0.01855	0.01740	0.02613	0.35310	0.22183	0.04805	0.04691	0.09170	0.05366	0.02537	0.01549	0.02020	0.01195	0.00779	0.00776	0.00246	0.00987	0.00702	0.00431	0.01043
35	0.02947	0.02172	0.02327	0.01784	0.02404	0.02404	0.01474	0.65329	0.03646	0.04887	0.01862	0.01862	0.01319	0.00931	0.00776	0.00233	0.00853	0.00698	0.00776	0.01319
36	0.01257	0.00796	0.01024	0.00992	0.01133	0.00746	0.00696	0.01467	0.01791	0.07025	0.35418	0.15738	0.05314	0.17767	0.01696	0.03840	0.00500	0.01391	0.00730	0.00680
37	0.01887	0.01824	0.03133	0.08354	0.56766	0.01848	0.06666	0.02445	0.04780	0.02531	0.01541	0.01985	0.01266	0.00710	0.00779	0.00236	0.00940	0.00715	0.00401	0.01194
38	0.01128	0.00752	0.00846	0.00846	0.00846	0.00752	0.00470	0.01128	0.01128	0.01503	0.02443	0.05074	0.02819	0.72751	0.03946	0.00752	0.00752	0.01128	0.00470	0.00470
39	0.00924	0.00786	0.00796	0.00794	0.01052	0.00658	0.00595	0.01128	0.01785	0.02138	0.10392	0.07391	0.65035	0.01948	0.00916	0.00261	0.00392	0.01626	0.00726	0.00658
40	0.01608	0.01378	0.01608	0.01148	0.01837	0.01034	0.00919	0.01952	0.01608	0.02527	0.01378	0.01608	0.01148	0.00574	0.00574	0.00115	0.00574	0.00459	0.00459	0.77491
41	0.00938	0.00701	0.00872	0.01009	0.01106	0.00636	0.00689	0.01088	0.01552	0.02007	0.05128	0.56796	0.20026	0.02318	0.00972	0.00302	0.00436	0.02069	0.00720	0.00636
42	0.07057	0.29518	0.21075	0.01704	0.02471	0.05070	0.04506	0.07645	0.01856	0.10250	0.01487	0.01610	0.01125	0.00749	0.00644	0.00212	0.00928	0.00550	0.00455	0.01089
43	0.01779	0.01812	0.05803	0.03531	0.36216	0.01694	0.15876	0.05580	0.01857	0.02599	0.04671	0.11121	0.01970	0.00958	0.00834	0.00249	0.00928	0.00960	0.00467	0.01092
44	0.03029	0.01423	0.01793	0.01429	0.01979	0.01365	0.01162	0.08014	0.15014	0.48223	0.05893	0.02777	0.02209	0.01004	0.00787	0.00244	0.00651	0.00821	0.00908	0.01275
45	0.01445	0.00723	0.00723	0.00723	0.00903	0.00723	0.00542	0.01807	0.01626	0.02891	0.02529	0.02891	0.01987	0.00903	0.00542	0.00181	0.00361	0.00723	0.77055	0.00723
46	0.02226	0.60285	0.03716	0.01451	0.02066	0.15452	0.01359	0.02466	0.01691	0.01838	0.01100	0.01273	0.00996	0.00689	0.00535	0.00172	0.00935	0.00430	0.00344	0.00977
47	0.73352	0.01521	0.01268	0.01259	0.05743	0.01746	0.00938	0.02286	0.01348	0.03418	0.01104	0.01302	0.00865	0.00718	0.00498	0.00239	0.00620	0.00437	0.00474	0.00865
48	0.01850	0.01894	0.02693	0.03264	0.33941	0.10060	0.08940	0.02294	0.03610	0.02432	0.07981	0.02730	0.07697	0.00954	0.00934	0.00243	0.06128	0.00845	0.00467	0.01043
49	0.02289	0.12639	0.06042	0.01901	0.07761	0.09043	0.06891	0.10396	0.02093	0.15763	0.02799	0.02812	0.12299	0.01010	0.00807	0.00231	0.02749	0.00817	0.00594	0.01062
50	0.02073	0.73217	0.04063	0.01327	0.01990	0.03068	0.01327	0.02322	0.01575	0.01824	0.01078	0.01244	0.00995	0.00663	0.00498	0.00166	0.00829	0.00415	0.00332	0.00995
51	0.01445	0.00723	0.00723	0.00723	0.00903	0.00723	0.00542	0.01807	0.01626	0.02891	0.02529	0.02891	0.01987	0.00903	0.00542	0.00181	0.00361	0.00723	0.77055	0.00723
52	0.02638	0.01724	0.04246	0.01517	0.02070	0.01702	0.01272	0.29316	0.09079	0.22378	0.07410	0.02954	0.07975	0.01083	0.00799	0.00242	0.00710	0.00868	0.00814	0.01203
53	0.45724	0.12923	0.06776	0.04484	0.01939	0.04351	0.01174	0.02317	0.01459	0.05663	0.01274	0.01511	0.01012	0.01082	0.05339	0.00298	0.00831	0.00490	0.00452	0.00900
54	0.63554	0.01464	0.01269	0.01090	0.01594	0.01622	0.00899	0.02574	0.01496	0.16233	0.01468	0.01530	0.01052	0.00767	0.00539	0.00240	0.00612	0.00490	0.00574	0.00934
55	0.01555	0.04011	0.68733	0.02210	0.03356	0.01801	0.02865	0.02455	0.01637	0.02455	0.01391	0.01637	0.00982	0.00737	0.00737	0.00246	0.01146	0.00573	0.00327	0.01146
56	0.02073	0.73217	0.04063	0.01327	0.01990	0.03068	0.01327	0.02322	0.01575	0.01824	0.01078	0.01244	0.00995	0.00663	0.00498	0.00166	0.00829	0.00415	0.00332	0.00995
57	0.01555	0.04011	0.68733	0.02210	0.03356	0.01801	0.02865	0.02455	0.01637	0.02455	0.01391	0.01637	0.00982	0.00737	0.00737	0.00246	0.01146	0.00573	0.00327	0.01146
58	0.01657	0.01403	0.01767	0.04513	0.02001	0.05620	0.08552	0.10259	0.07358	0.05438	0.10738	0.19519	0.14952	0.01496	0.00878	0.00263	0.00692	0.01320	0.00682	0.00890
59	0.02178	0.06360	0.02166	0.01675	0.02160	0.04559	0.04393	0.16625	0.30433	0.06160	0.02351	0.02366	0.01787	0.01293	0.05619	0.00312	0.03920	0.00764	0.00672	0.04207
60	0.01445	0.00723	0.00723	0.00723	0.00903	0.00723	0.00542	0.01807	0.01626	0.02891	0.02529	0.02891	0.01987	0.00903	0.00542	0.00181	0.00361	0.00723	0.77055	0.00723
61	0.01177	0.00855	0.01082	0.01072	0.01245	0.00819	0.00791	0.05771	0.02049	0.02824	0.39367	0.26069	0.08273	0.01830	0.00933	0.00269	0.00438	0.03600	0.00798	0.00738
62	0.02469	0.01902	0.02038	0.01668	0.02189	0.02127	0.01341	0.40178	0.25124	0.04136	0.02461	0.06713	0.01922	0.01068	0.00794	0.00248	0.00745	0.00856	0.00777	0.01243
63	0.02442	0.02591	0.06787	0.04405	0.02431	0.25581	0.01599	0.16430	0.06923	0.05534	0.01685	0.02082	0.01366	0.01002	0.01057	0.00249	0.12855	0.03421	0.00531	0.01031
64	0.01129	0.00810	0.01066	0.01043	0.01101	0.00800	0.03710	0.01210	0.01257	0.01682	0.02797	0.18049	0.03209	0.50705	0.05627	0.00649	0.00769	0.03322	0.00521	0.00545
65	0.01862	0.01925	0.09282	0.02610	0.22661	0.01816	0.01749	0.05735	0.31605	0.02924	0.02598	0.02836	0.04294	0.00982	0.00793	0.00254	0.00772	0.03515	0.00607	0.01179
66	0.01951	0.04386	0.04084	0.01238	0.01646	0.01167	0.01027	0.07172	0.04954	0.19472	0.33375	0.05918	0.04434	0.01261	0.00827	0.00236	0.00549	0.01075	0.00807	0.04421
67	0.02733	0.03343	0.02284	0.05373	0.02589	0.57054	0.04154	0.05694	0.05665	0.02124	0.01356	0.01559	0.01095	0.00811	0.00720	0.00210	0.01312	0.00554	0.00433	0.00938
68	0.02004	0.06562	0.01895	0.01507	0.01951	0.01882	0.01203	0.11065	0.43140	0.05604	0.08998	0.02929	0.02586	0.01257	0.03654	0.00291	0.00697	0.00868	0.00752	0.01156
69	0.01815	0.01543	0.01638	0.01469	0.01890	0.01727	0.01139	0.06275	0.51695	0.03114	0.03530	0.06609	0.08656	0.01181	0.00801	0.00258	0.00593	0.00989	0.00765	0.04312
70	0.01127	0.00755	0.00860	0.00860	0.00865	0.00759	0.00488	0.01137	0.01132	0.01514	0.02430	0.05001	0.02787	0.70356	0.06298	0.00769	0.00799	0.01117	0.00468	0.00478
71	0.01608	0.01378	0.01608	0.01148	0.01837	0.01034	0.00919	0.01952	0.01608	0.02527	0.01378	0.01608	0.01148	0.00574	0.00574	0.00115	0.00574	0.00459	0.00459	0.77491
72	0.01083	0.00787	0.01019	0.00972	0.01152	0.00724	0.00725	0.01431	0.02144	0.03014	0.62049	0.08853	0.09858	0.01640	0.00918	0.00248	0.00371	0.01449	0.00842	0.00724
73	0.01464	0.01378	0.02326	0.70887	0.05340	0.01723	0.02153	0.01981	0.01550	0.01981	0.01378	0.02067	0.01034	0.00775	0.00775	0.00258	0.01034	0.00689	0.00345	0.00861
74	0.00945	0.00675	0.00900	0.01080	0.01125	0.00630	0.00720	0.01080	0.01484	0.01979	0.04274	0.72245	0.05128	0.02429	0.00990	0.00315	0.00450	0.02204	0.00720	0.00630
75	0.01698	0.01051	0.01388	0.01261	0.01560	0.01014	0.03026	0.04686	0.05524	0.14996	0.17742	0.07956	0.11160	0.07570	0.04248	0.00357	0.00665	0.12479	0.00755	0.00865
76	0.02732	0.02065	0.02206	0.01740	0.02323	0.02304	0.01422	0.52408	0.16916	0.04540	0.02135	0.02079	0.01540	0.00956	0.00778	0.00239	0.00803	0.00736	0.00778	0.01299
77	0.02711	0.08041	0.05044	0.05654	0.04536	0.22031	0.01471	0.12722	0.04973	0.19568	0.04396	0.02069	0.01590	0.00883	0.00736	0.00223	0.00961	0.00665	0.00623	0.01106
78	0.01784	0.07805	0.07717	0.17322	0.05365	0.07588	0.24286	0.04887	0.01799	0.02311	0.01780	0.10401	0.01588	0.00926	0.00819	0.00251	0.01072	0.00907	0.00429	0.00962
79	0.02495	0.02462	0.02506	0.09822	0.02840	0.22144	0.07561	0.25531	0.02487	0.03052	0.01472	0.01748	0.01139	0.00904	0.00999	0.00243	0.10361	0.00656	0.00522	0.01055
80	0.01058	0.00785	0.00986	0.00949	0.01138	0.00713	0.00707	0.01383	0.02084	0.02876	0.53955	0.09644	0.17461	0.01695	0.00919	0.00251	0.00375	0.01485	0.00824	0.00713
81	0.00952	0.00678	0.00897	0.01070	0.01113	0.00635	0.00709	0.01082	0.01469	0.01959	0.04196	0.69414	0.05031	0.05393	0.01114	0.00333	0.00463	0.02159	0.00709	0.00623
82	0.01830	0.02092	0.04575	0.03268	0.04052	0.01961	0.65098	0.02484	0.01830	0.02484	0.01569	0.02092	0.01176	0.00654	0.00915	0.00261	0.01307	0.00915	0.00392	0.01046
83	0.01076	0.00792	0.01007	0.00953	0.01145	0.00722	0.00715	0.01422	0.02144	0.02989	0.60459	0.05989	0.14437	0.01630	0.00915	0.00246	0.00369	0.01430	0.00838	0.00722
84	0.01130	0.00860	0.01258	0.01249	0.01367	0.01007	0.00959	0.01376	0.01246	0.01791	0.02149	0.06233	0.02098	0.10092	0.58758	0.01126	0.05284	0.00906	0.00429	0.00682
85	0.02606	0.06040	0.02387	0.05019	0.02495	0.11178	0.04085	0.40097	0.08161	0.03872	0.04997	0.02061	0.01616	0.00922	0.00764	0.00230	0.00908	0.00714	0.00671	0.01177
86	0.11094	0.01871	0.06158	0.03498	0.02265	0.04325	0.01303	0.09070	0.02102	0.20896	0.02068	0.02195	0.01535	0.00914	0.00761	0.00236	0.00790	0.00659	0.00691	0.27568

[dist]
# distance from previous block
# <min> <max>
0	2

[block]
# block no. 2 follows, 25 sequences, length 40
# corresponding to MSA columns:
# 198-237
name=unknown_C
#
# <colnr> <probs for GDERKNQSTAVLIFYWHMCP>
#	G	D	E	R	K	N	Q	S	T	A	V	L	I	F	Y	W	H	M	C	P
0	0.02454	0.06756	0.02341	0.05326	0.08239	0.10090	0.01502	0.31187	0.13580	0.03557	0.01939	0.03765	0.01508	0.00917	0.00749	0.00229	0.00871	0.00717	0.00637	0.03636
1	0.53913	0.01705	0.01520	0.01515	0.07556	0.05274	0.01096	0.06645	0.09080	0.03379	0.01410	0.01553	0.01090	0.00773	0.00571	0.00239	0.00687	0.00519	0.00522	0.00953
2	0.01347	0.00673	0.01010	0.01010	0.01010	0.00673	0.00673	0.01010	0.01010	0.01347	0.01347	0.02357	0.01347	0.02694	0.03030	0.77441	0.00673	0.00673	0.00337	0.00337
3	0.10786	0.01503	0.02292	0.42665	0.12550	0.01750	0.04071	0.04872	0.04766	0.02477	0.03987	0.02125	0.01356	0.00804	0.00750	0.00251	0.00923	0.00701	0.00426	0.00945
4	0.02550	0.01942	0.02084	0.01684	0.02220	0.02164	0.01360	0.45123	0.19964	0.04267	0.02357	0.06712	0.01841	0.01060	0.00793	0.00246	0.00764	0.00843	0.00775	0.01250
5	0.01097	0.00793	0.01036	0.00975	0.01158	0.00732	0.00732	0.01463	0.02195	0.03109	0.67505	0.05792	0.07316	0.01585	0.00914	0.00244	0.00366	0.01402	0.00854	0.00732
6	0.01445	0.00723	0.00723	0.00723	0.00903	0.00723	0.00542	0.01807	0.01626	0.02891	0.02529	0.02891	0.01987	0.00903	0.00542	0.00181	0.00361	0.00723	0.77055	0.00723
7	0.05683	0.01927	0.02055	0.01616	0.02198	0.06903	0.01320	0.33034	0.06143	0.27630	0.02286	0.02141	0.01550	0.00930	0.00762	0.00235	0.00803	0.00712	0.00805	0.01267
8	0.01922	0.45367	0.27235	0.01673	0.02498	0.05454	0.01887	0.02403	0.01624	0.02054	0.01196	0.01392	0.00991	0.00695	0.00592	0.00196	0.00967	0.00475	0.00333	0.01045
9	0.37915	0.23260	0.07487	0.01434	0.02054	0.02210	0.06142	0.07194	0.01639	0.02938	0.01201	0.01394	0.00960	0.00715	0.00561	0.00219	0.00784	0.00490	0.00440	0.00962
10	0.01318	0.00684	0.00989	0.00989	0.00989	0.00684	0.00647	0.01025	0.01025	0.01367	0.01490	0.02711	0.01539	0.11825	0.03150	0.67445	0.00684	0.00733	0.00354	0.00354
11	0.02158	0.01780	0.02089	0.01823	0.04372	0.01989	0.05464	0.15125	0.46637	0.05569	0.02758	0.02612	0.02046	0.00989	0.00794	0.00256	0.00714	0.00837	0.00753	0.01235
12	0.01967	0.04398	0.14292	0.02398	0.03151	0.01768	0.31521	0.04815	0.06501	0.09879	0.05159	0.02256	0.01621	0.00782	0.00821	0.00242	0.01034	0.00813	0.00511	0.06072
13	0.01971	0.07633	0.09377	0.03117	0.13761	0.01949	0.40064	0.02555	0.01815	0.07677	0.01617	0.02005	0.01214	0.00691	0.00834	0.00246	0.01145	0.00802	0.00426	0.01101
14	0.01651	0.01630	0.02288	0.01975	0.01985	0.02267	0.01640	0.01829	0.01192	0.01861	0.01099	0.01800	0.01089	0.01701	0.07720	0.00409	0.65992	0.00690	0.00345	0.00836
15	0.02097	0.01663	0.01784	0.01572	0.02032	0.01890	0.01232	0.07007	0.58553	0.08361	0.03087	0.02824	0.02282	0.01039	0.00788	0.00260	0.00629	0.00861	0.00802	0.01239
16	0.01677	0.02523	0.23623	0.10090	0.03761	0.01833	0.33528	0.02449	0.05024	0.02440	0.01680	0.04729	0.01317	0.00782	0.00842	0.00258	0.01160	0.00835	0.00400	0.01049
17	0.01874	0.01524	0.01892	0.01795	0.06445	0.01652	0.05383	0.03362	0.41739	0.07699	0.03397	0.06720	0.07452	0.01189	0.00829	0.00266	0.00663	0.04262	0.00736	0.01122
18	0.03359	0.01346	0.01796	0.01395	0.01982	0.01200	0.01146	0.03805	0.07176	0.63424	0.03066	0.02659	0.01954	0.00967	0.00780	0.00242	0.00656	0.00787	0.00947	0.01312
19	0.01445	0.00723	0.00723	0.00723	0.00903	0.00723	0.00542	0.01807	0.01626	0.02891	0.02529	0.02891	0.01987	0.00903	0.00542	0.00181	0.00361	0.00723	0.77055	0.00723
20	0.01970	0.02198	0.06509	0.03183	0.21369	0.08863	0.25796	0.02828	0.14157	0.02581	0.01793	0.02102	0.01390	0.00759	0.00819	0.00246	0.01068	0.00786	0.00463	0.01121
21	0.01772	0.01952	0.04121	0.03277	0.11445	0.01844	0.52641	0.02363	0.01796	0.02451	0.01765	0.07492	0.01488	0.00795	0.00903	0.00262	0.01195	0.00988	0.00416	0.01035
22	0.00945	0.00675	0.00900	0.01080	0.01125	0.00630	0.00720	0.01080	0.01484	0.01979	0.04274	0.72245	0.05128	0.02429	0.00990	0.00315	0.00450	0.02204	0.00720	0.00630
23	0.78228	0.01499	0.01140	0.01020	0.01499	0.01739	0.00840	0.02279	0.01320	0.03479	0.01080	0.01260	0.00840	0.00720	0.00480	0.00240	0.00600	0.00420	0.00480	0.00840
24	0.01108	0.00831	0.01246	0.01246	0.01385	0.00969	0.00969	0.01385	0.01246	0.01800	0.02077	0.03046	0.01938	0.05815	0.69678	0.01246	0.02077	0.00831	0.00415	0.00692
25	0.02007	0.01705	0.01798	0.01594	0.02046	0.01965	0.01246	0.08850	0.61655	0.03370	0.03056	0.02813	0.02286	0.01043	0.00788	0.00261	0.00632	0.00863	0.00788	0.01234
26	0.02069	0.01880	0.01770	0.01725	0.06724	0.19073	0.01242	0.09789	0.05236	0.07762	0.16343	0.03268	0.04859	0.01798	0.10659	0.00378	0.01025	0.02835	0.00625	0.00942
27	0.02457	0.02707	0.04703	0.03115	0.29542	0.29247	0.01902	0.12222	0.02221	0.02632	0.01413	0.01692	0.01142	0.00772	0.00740	0.00219	0.01110	0.00611	0.00448	0.01107
28	0.01608	0.01378	0.01608	0.01148	0.01837	0.01034	0.00919	0.01952	0.01608	0.02527	0.01378	0.01608	0.01148	0.00574	0.00574	0.00115	0.00574	0.00459	0.00459	0.77491
29	0.02137	0.01759	0.02301	0.12460	0.13854	0.01931	0.03706	0.25391	0.14106	0.03493	0.08876	0.02510	0.02078	0.00949	0.00796	0.00244	0.00812	0.00809	0.00643	0.01148
30	0.02519	0.01906	0.02207	0.01728	0.02226	0.02107	0.04576	0.48107	0.03009	0.04052	0.01890	0.02332	0.01517	0.10495	0.04049	0.00348	0.04334	0.00769	0.00681	0.01146
31	0.02169	0.01744	0.02053	0.05309	0.10167	0.01917	0.01427	0.27111	0.21972	0.03647	0.07633	0.02859	0.06420	0.01049	0.00799	0.00246	0.00730	0.00866	0.00714	0.01169
32	0.02476	0.02362	0.02012	0.01827	0.04541	0.24961	0.01369	0.17433	0.17358	0.06452	0.02151	0.06617	0.01756	0.01213	0.03708	0.00277	0.01002	0.00780	0.00627	0.01079
33	0.01108	0.01034	0.05398	0.01025	0.01303	0.00826	0.00849	0.01531	0.04547	0.02782	0.43672	0.05885	0.23911	0.01617	0.00899	0.00250	0.00434	0.01395	0.00779	0.00756
34	0.01908	0.01629	0.04580	0.04020	0.04463	0.01452	0.10105	0.09925	0.06951	0.07918	0.05063	0.04417	0.01775	0.01019	0.03362	0.00240	0.00810	0.00743	0.00567	0.29054
35	0.01203	0.00814	0.01055	0.01014	0.01212	0.00746	0.00766	0.01531	0.02078	0.06357	0.50645	0.11953	0.11339	0.01685	0.00922	0.00257	0.00408	0.04436	0.00830	0.00747
36	0.10556	0.11388	0.06747	0.07354	0.02559	0.10699	0.06357	0.16042	0.09118	0.02970	0.01708	0.04523	0.01381	0.00864	0.00706	0.00227	0.00906	0.00680	0.00528	0.04689
37	0.02362	0.17671	0.02435	0.01562	0.02110	0.08510	0.01301	0.23199	0.14952	0.05585	0.02013	0.05626	0.01632	0.00936	0.00706	0.00216	0.00802	0.00716	0.00625	0.07041
38	0.00969	0.00693	0.00921	0.01063	0.01130	0.00646	0.00722	0.01140	0.01597	0.02158	0.14284	0.61725	0.05475	0.02296	0.00978	0.00304	0.00437	0.02077	0.00741	0.00646
39	0.01857	0.01432	0.01640	0.01306	0.01840	0.01320	0.01045	0.16699	0.04900	0.05076	0.04574	0.08707	0.05773	0.01051	0.00731	0.00196	0.00624	0.04359	0.00627	0.36243

[dist]
# distance from previous block
# <min> <max>
2	6

[block]
# block no. 3 follows, 25 sequences, length 10
# corresponding to MSA columns:
# 244-253
name=unknown_D
#
# <colnr> <probs for GDERKNQSTAVLIFYWHMCP>
#	G	D	E	R	K	N	Q	S	T	A	V	L	I	F	Y	W	H	M	C	P
0	0.36657	0.01507	0.01696	0.01421	0.01909	0.01625	0.07687	0.05783	0.11271	0.09690	0.02395	0.02731	0.06581	0.00987	0.00689	0.00255	0.00686	0.04850	0.00613	0.00968
1	0.02192	0.01586	0.01860	0.01545	0.05245	0.01520	0.01168	0.21765	0.05615	0.10178	0.06273	0.02316	0.01838	0.04189	0.00859	0.00216	0.00683	0.00694	0.00649	0.29609
2	0.01126	0.00760	0.00885	0.00885	0.00899	0.00773	0.00519	0.01153	0.01139	0.01533	0.02407	0.04872	0.02731	0.66094	0.10484	0.00801	0.00883	0.01098	0.00464	0.00492
3	0.10246	0.01539	0.01666	0.01396	0.01832	0.01678	0.01105	0.21834	0.16451	0.11885	0.02342	0.02603	0.01818	0.08407	0.05657	0.00356	0.00783	0.00772	0.06552	0.01077
4	0.13983	0.01353	0.01763	0.01412	0.01940	0.01279	0.04590	0.06182	0.02084	0.41385	0.05868	0.03171	0.04740	0.01065	0.00777	0.00251	0.00676	0.05529	0.00815	0.01134
5	0.01042	0.00775	0.00969	0.00953	0.01132	0.00703	0.00702	0.01344	0.02016	0.02761	0.47433	0.15048	0.18717	0.01772	0.00925	0.00257	0.00382	0.01555	0.00810	0.00703
6	0.27384	0.01415	0.01778	0.26603	0.06479	0.01634	0.01490	0.02355	0.07416	0.06311	0.01820	0.02593	0.01506	0.00930	0.00708	0.00260	0.00790	0.07106	0.00505	0.00916
7	0.02107	0.01763	0.01839	0.01456	0.02024	0.05449	0.01163	0.21536	0.15286	0.03360	0.04877	0.02278	0.03629	0.00874	0.00709	0.00195	0.00698	0.00692	0.00642	0.29425
8	0.30629	0.05150	0.05560	0.01498	0.03563	0.01930	0.01258	0.21127	0.07086	0.07626	0.01686	0.01804	0.01263	0.01161	0.05263	0.00304	0.00828	0.00602	0.00599	0.01065
9	0.02288	0.09151	0.02277	0.05120	0.10833	0.01894	0.01422	0.19427	0.14307	0.11646	0.02400	0.06216	0.03839	0.00989	0.00755	0.00233	0.00747	0.00813	0.00663	0.04979

[dist]
# distance from previous block
# <min> <max>
3	6

[block]
# block no. 4 follows, 25 sequences, length 8
# corresponding to MSA columns:
# 260-267
name=unknown_E
#
# <colnr> <probs for GDERKNQSTAVLIFYWHMCP>
#	G	D	E	R	K	N	Q	S	T	A	V	L	I	F	Y	W	H	M	C	P
0	0.01238	0.00831	0.00975	0.00966	0.01202	0.00732	0.00728	0.01462	0.01800	0.08977	0.13786	0.16628	0.36548	0.04659	0.01043	0.00292	0.00464	0.06193	0.00751	0.00726
1	0.02095	0.02300	0.03156	0.02461	0.02918	0.17073	0.26720	0.07661	0.01874	0.02367	0.01391	0.01857	0.01140	0.01105	0.04142	0.00306	0.19310	0.00740	0.00413	0.00970
2	0.01968	0.05718	0.09031	0.02390	0.06992	0.01887	0.24723	0.18274	0.02173	0.02942	0.01934	0.09318	0.01711	0.06091	0.01058	0.00286	0.01000	0.00936	0.00520	0.01050
3	0.02666	0.01669	0.01951	0.01581	0.02099	0.06398	0.04852	0.13194	0.14681	0.29615	0.03036	0.06361	0.06143	0.01084	0.00802	0.00247	0.00744	0.00901	0.00797	0.01178
4	0.01625	0.01162	0.01332	0.01204	0.01519	0.01203	0.00918	0.02604	0.25586	0.09590	0.25261	0.04558	0.11911	0.06742	0.01084	0.00291	0.00519	0.01154	0.00796	0.00944
5	0.01904	0.01439	0.01517	0.01314	0.01685	0.04441	0.01021	0.19360	0.11058	0.07529	0.13476	0.09782	0.16323	0.04390	0.00975	0.00272	0.00627	0.01161	0.00756	0.00970
6	0.02309	0.39415	0.05520	0.01881	0.08874	0.16889	0.01516	0.05008	0.04748	0.05332	0.01371	0.01524	0.01137	0.00739	0.00613	0.00193	0.00954	0.00515	0.00419	0.01042
7	0.01674	0.01524	0.02411	0.37053	0.12548	0.01712	0.07133	0.08991	0.04957	0.02484	0.02219	0.04775	0.07303	0.00944	0.00806	0.00254	0.00925	0.00852	0.00468	0.00967

[dist]
# distance from previous block
# <min> <max>
0	1

[block]
# block no. 5 follows, 25 sequences, length 14
# corresponding to MSA columns:
# 269-282
name=unknown_F
#
# <colnr> <probs for GDERKNQSTAVLIFYWHMCP>
#	G	D	E	R	K	N	Q	S	T	A	V	L	I	F	Y	W	H	M	C	P
0	0.06451	0.01882	0.02532	0.02573	0.20019	0.01953	0.07525	0.26570	0.07018	0.03518	0.01926	0.02099	0.03502	0.00837	0.00757	0.00227	0.00841	0.00722	0.00587	0.08460
1	0.04967	0.01166	0.01560	0.04911	0.01837	0.01179	0.04931	0.02388	0.14058	0.11693	0.36650	0.04218	0.04698	0.01266	0.00847	0.00249	0.00554	0.01113	0.00785	0.00932
2	0.01445	0.00723	0.00723	0.00723	0.00903	0.00723	0.00542	0.01807	0.01626	0.02891	0.02529	0.02891	0.01987	0.00903	0.00542	0.00181	0.00361	0.00723	0.77055	0.00723
3	0.02364	0.07270	0.02680	0.17029	0.11803	0.06252	0.05239	0.31560	0.02608	0.03414	0.01591	0.01853	0.01195	0.00823	0.00757	0.00233	0.00957	0.00674	0.00555	0.01145
4	0.02571	0.01956	0.02098	0.01691	0.02231	0.02180	0.01367	0.45942	0.19620	0.04298	0.02332	0.06193	0.01807	0.01048	0.00791	0.00245	0.00769	0.00831	0.00776	0.01255
5	0.70088	0.05058	0.01342	0.01093	0.01577	0.05859	0.00902	0.02330	0.01384	0.03305	0.01087	0.01267	0.00857	0.00722	0.00494	0.00234	0.00658	0.00424	0.00468	0.00851
6	0.02743	0.01923	0.02115	0.01680	0.02236	0.02096	0.01376	0.48988	0.08113	0.10336	0.02290	0.05954	0.01784	0.01072	0.00801	0.00245	0.00790	0.03421	0.00788	0.01250
7	0.01084	0.00792	0.01018	0.00961	0.01150	0.00726	0.00721	0.01437	0.02163	0.03035	0.63118	0.05915	0.11749	0.01613	0.00915	0.00245	0.00368	0.01419	0.00844	0.00726
8	0.01047	0.00795	0.00966	0.00935	0.01143	0.00714	0.00710	0.01358	0.02041	0.02752	0.45726	0.06454	0.26324	0.01730	0.00922	0.00255	0.00390	0.04226	0.00805	0.00706
9	0.02936	0.02040	0.02227	0.01724	0.02329	0.02228	0.01419	0.54096	0.07883	0.11950	0.02087	0.02021	0.01460	0.00943	0.00777	0.00236	0.00815	0.00720	0.00797	0.01312
10	0.00954	0.00682	0.00908	0.01074	0.01127	0.00636	0.00720	0.01102	0.01526	0.02045	0.07956	0.68374	0.05256	0.02380	0.00985	0.00311	0.00445	0.02158	0.00728	0.00636
11	0.02506	0.01932	0.02073	0.01694	0.02229	0.02165	0.01376	0.40571	0.25938	0.04182	0.02427	0.02549	0.01838	0.01030	0.00794	0.00249	0.00761	0.03650	0.00778	0.01258
12	0.01445	0.00723	0.00723	0.00723	0.00903	0.00723	0.00542	0.01807	0.01626	0.02891	0.02529	0.02891	0.01987	0.00903	0.00542	0.00181	0.00361	0.00723	0.77055	0.00723
13	0.02947	0.02172	0.02327	0.01784	0.02404	0.02404	0.01474	0.65329	0.03646	0.04887	0.01862	0.01862	0.01319	0.00931	0.00776	0.00233	0.00853	0.00698	0.00776	0.01319

[dist]
# distance from previous block
# <min> <max>
5	7

[block]
# block no. 6 follows, 25 sequences, length 25
# corresponding to MSA columns:
# 291-315
name=unknown_G
#
# <colnr> <probs for GDERKNQSTAVLIFYWHMCP>
#	G	D	E	R	K	N	Q	S	T	A	V	L	I	F	Y	W	H	M	C	P
0	0.38858	0.08586	0.08916	0.04166	0.01988	0.01731	0.01217	0.05219	0.01674	0.10600	0.06578	0.01883	0.01539	0.00818	0.00606	0.00230	0.00698	0.00579	0.00540	0.03573
1	0.02173	0.01741	0.01892	0.03656	0.02106	0.07710	0.03618	0.20390	0.04853	0.08110	0.04716	0.02588	0.04616	0.07938	0.01047	0.00256	0.00781	0.00752	0.00618	0.20439
2	0.01852	0.02163	0.14418	0.06784	0.11263	0.01790	0.25080	0.08593	0.04109	0.04911	0.01813	0.05530	0.01465	0.01149	0.05246	0.00317	0.01132	0.00846	0.00466	0.01074
3	0.02170	0.45274	0.12447	0.01586	0.02267	0.05165	0.01586	0.13554	0.01957	0.02460	0.01262	0.01434	0.01052	0.00758	0.00682	0.00198	0.04169	0.00502	0.00413	0.01063
4	0.01464	0.01378	0.02326	0.70887	0.05340	0.01723	0.02153	0.01981	0.01550	0.01981	0.01378	0.02067	0.01034	0.00775	0.00775	0.00258	0.01034	0.00689	0.00345	0.00861
5	0.00925	0.00786	0.00797	0.00794	0.01053	0.00658	0.00596	0.01129	0.01787	0.02142	0.10657	0.07383	0.64767	0.01946	0.00916	0.00261	0.00391	0.01625	0.00726	0.00658
6	0.01097	0.00793	0.01036	0.00975	0.01158	0.00732	0.00732	0.01463	0.02195	0.03109	0.67505	0.05792	0.07316	0.01585	0.00914	0.00244	0.00366	0.01402	0.00854	0.00732
7	0.78228	0.01499	0.01140	0.01020	0.01499	0.01739	0.00840	0.02279	0.01320	0.03479	0.01080	0.01260	0.00840	0.00720	0.00480	0.00240	0.00600	0.00420	0.00480	0.00840
8	0.78228	0.01499	0.01140	0.01020	0.01499	0.01739	0.00840	0.02279	0.01320	0.03479	0.01080	0.01260	0.00840	0.00720	0.00480	0.00240	0.00600	0.00420	0.00480	0.00840
9	0.01860	0.01577	0.01817	0.01651	0.04629	0.05924	0.03787	0.08503	0.23251	0.05928	0.20643	0.03518	0.05964	0.01196	0.00954	0.00254	0.05814	0.00987	0.00720	0.01023
10	0.05178	0.57474	0.03583	0.01402	0.02021	0.08107	0.01320	0.05065	0.05860	0.02111	0.01253	0.01387	0.01090	0.00712	0.00543	0.00180	0.00852	0.00463	0.00390	0.01009
11	0.03101	0.04558	0.01890	0.01418	0.01987	0.01385	0.01166	0.03784	0.15301	0.52219	0.02991	0.02629	0.01970	0.00965	0.00769	0.00241	0.00658	0.00783	0.00897	0.01286
12	0.01663	0.11809	0.04538	0.03848	0.04393	0.01560	0.01196	0.06968	0.09202	0.05474	0.06392	0.16431	0.02797	0.09853	0.04279	0.00360	0.04233	0.03519	0.00592	0.00894
13	0.00925	0.00786	0.00797	0.00794	0.01052	0.00658	0.00596	0.01129	0.01787	0.02142	0.10631	0.07384	0.64794	0.01946	0.00916	0.00261	0.00391	0.01625	0.00726	0.00658
14	0.01830	0.09506	0.50572	0.02196	0.05721	0.01849	0.05325	0.02582	0.01707	0.09385	0.01551	0.01741	0.01101	0.00748	0.00730	0.00238	0.01065	0.00601	0.00400	0.01150
15	0.02070	0.31615	0.16558	0.01756	0.02358	0.15940	0.01725	0.02516	0.04508	0.02036	0.01249	0.01493	0.01057	0.00824	0.00898	0.00218	0.11295	0.00523	0.00366	0.00995
16	0.01320	0.00691	0.01037	0.01037	0.01053	0.00707	0.00707	0.01053	0.01037	0.01398	0.01430	0.02435	0.01414	0.03047	0.10583	0.68806	0.00832	0.00691	0.00346	0.00377
17	0.01608	0.01378	0.01608	0.01148	0.01837	0.01034	0.00919	0.01952	0.01608	0.02527	0.01378	0.01608	0.01148	0.00574	0.00574	0.00115	0.00574	0.00459	0.00459	0.77491
18	0.01347	0.00673	0.01010	0.01010	0.01010	0.00673	0.00673	0.01010	0.01010	0.01347	0.01347	0.02357	0.01347	0.02694	0.03030	0.77441	0.00673	0.00673	0.00337	0.00337
19	0.01830	0.02092	0.04575	0.03268	0.04052	0.01961	0.65098	0.02484	0.01830	0.02484	0.01569	0.02092	0.01176	0.00654	0.00915	0.00261	0.01307	0.00915	0.00392	0.01046
20	0.01097	0.00793	0.01036	0.00975	0.01158	0.00732	0.00732	0.01463	0.02195	0.03109	0.67505	0.05792	0.07316	0.01585	0.00914	0.00244	0.00366	0.01402	0.00854	0.00732
21	0.02947	0.02172	0.02327	0.01784	0.02404	0.02404	0.01474	0.65329	0.03646	0.04887	0.01862	0.01862	0.01319	0.00931	0.00776	0.00233	0.00853	0.00698	0.00776	0.01319
22	0.00945	0.00675	0.00900	0.01080	0.01125	0.00630	0.00720	0.01080	0.01484	0.01979	0.04274	0.72245	0.05128	0.02429	0.00990	0.00315	0.00450	0.02204	0.00720	0.00630
23	0.01787	0.02014	0.04365	0.03132	0.03880	0.01888	0.61273	0.02423	0.01852	0.02521	0.05487	0.02311	0.01541	0.00709	0.00915	0.00260	0.01251	0.00944	0.00420	0.01027
24	0.01639	0.01948	0.08997	0.05633	0.03144	0.04980	0.34454	0.02152	0.01714	0.02311	0.05995	0.07228	0.01936	0.04540	0.06677	0.00364	0.03953	0.00966	0.00440	0.00928

[dist]
# distance from previous block
# <min> <max>
0	1

[block]
# block no. 7 follows, 25 sequences, length 25
# corresponding to MSA columns:
# 317-341
name=unknown_H
#
# <colnr> <probs for GDERKNQSTAVLIFYWHMCP>
#	G	D	E	R	K	N	Q	S	T	A	V	L	I	F	Y	W	H	M	C	P
0	0.65971	0.08221	0.06083	0.01130	0.01673	0.01865	0.01024	0.02295	0.01365	0.03257	0.01101	0.01284	0.00864	0.00716	0.00499	0.00234	0.00659	0.00430	0.00456	0.00875
1	0.06383	0.02017	0.04068	0.05264	0.03757	0.01984	0.52662	0.05687	0.01852	0.02619	0.01521	0.02009	0.01151	0.00712	0.00960	0.00263	0.04794	0.00855	0.00413	0.01032
2	0.01696	0.01696	0.02375	0.02036	0.02036	0.02375	0.01696	0.01866	0.01187	0.01866	0.01018	0.01696	0.01018	0.01357	0.02545	0.00339	0.71332	0.00679	0.00339	0.00848
3	0.01929	0.01624	0.01782	0.05642	0.02178	0.01861	0.01264	0.09674	0.51187	0.03316	0.08353	0.02989	0.02604	0.01069	0.00797	0.00258	0.00641	0.00893	0.00767	0.01173
4	0.01445	0.00723	0.00723	0.00723	0.00903	0.00723	0.00542	0.01807	0.01626	0.02891	0.02529	0.02891	0.01987	0.00903	0.00542	0.00181	0.00361	0.00723	0.77055	0.00723
5	0.78228	0.01499	0.01140	0.01020	0.01499	0.01739	0.00840	0.02279	0.01320	0.03479	0.01080	0.01260	0.00840	0.00720	0.00480	0.00240	0.00600	0.00420	0.00480	0.00840
6	0.78228	0.01499	0.01140	0.01020	0.01499	0.01739	0.00840	0.02279	0.01320	0.03479	0.01080	0.01260	0.00840	0.00720	0.00480	0.00240	0.00600	0.00420	0.00480	0.00840
7	0.02838	0.02064	0.02226	0.01737	0.02333	0.02281	0.01425	0.54307	0.11892	0.07693	0.02090	0.02035	0.01486	0.00948	0.00778	0.00237	0.00812	0.00726	0.00786	0.01307
8	0.00955	0.00682	0.00909	0.01073	0.01127	0.00636	0.00721	0.01104	0.01530	0.02052	0.08353	0.67957	0.05269	0.02375	0.00985	0.00310	0.00444	0.02152	0.00728	0.00636
9	0.01056	0.00770	0.00993	0.00982	0.01144	0.00707	0.00719	0.01366	0.02030	0.02825	0.51379	0.18518	0.11071	0.01771	0.00929	0.00259	0.00384	0.01571	0.00819	0.00707
10	0.02932	0.02034	0.02221	0.01721	0.02325	0.02220	0.01416	0.53463	0.08286	0.12182	0.02100	0.02031	0.01469	0.00943	0.00777	0.00236	0.00812	0.00721	0.00798	0.01312
11	0.01624	0.01484	0.04717	0.01229	0.01877	0.01114	0.01024	0.05641	0.01718	0.02613	0.01670	0.08037	0.01512	0.00771	0.00631	0.00146	0.00606	0.00637	0.00496	0.62452
12	0.01695	0.01662	0.02524	0.47340	0.11460	0.06710	0.06993	0.05063	0.01738	0.02209	0.01529	0.04846	0.01243	0.00833	0.00789	0.00252	0.01038	0.00755	0.00392	0.00930
13	0.01347	0.00673	0.01010	0.01010	0.01010	0.00673	0.00673	0.01010	0.01010	0.01347	0.01347	0.02357	0.01347	0.02694	0.03030	0.77441	0.00673	0.00673	0.00337	0.00337
14	0.01068	0.00791	0.00996	0.00945	0.01140	0.00719	0.00708	0.01406	0.02125	0.02944	0.57785	0.06064	0.17139	0.01647	0.00915	0.00247	0.00370	0.01440	0.00832	0.00719
15	0.01182	0.00813	0.01027	0.00969	0.01180	0.00735	0.00728	0.01506	0.02094	0.06213	0.51512	0.08786	0.17033	0.01653	0.00911	0.00250	0.00389	0.01444	0.00831	0.00744
16	0.01982	0.01692	0.01783	0.01589	0.02037	0.01953	0.01240	0.07323	0.63224	0.03329	0.03088	0.02839	0.02312	0.01046	0.00788	0.00261	0.00626	0.00867	0.00788	0.01232
17	0.03479	0.01320	0.01799	0.01380	0.01979	0.01140	0.01140	0.03779	0.02219	0.68451	0.03059	0.02639	0.01919	0.00960	0.00780	0.00240	0.00660	0.00780	0.00960	0.01320
18	0.03479	0.01320	0.01799	0.01380	0.01979	0.01140	0.01140	0.03779	0.02219	0.68451	0.03059	0.02639	0.01919	0.00960	0.00780	0.00240	0.00660	0.00780	0.00960	0.01320
19	0.01696	0.01696	0.02375	0.02036	0.02036	0.02375	0.01696	0.01866	0.01187	0.01866	0.01018	0.01696	0.01018	0.01357	0.02545	0.00339	0.71332	0.00679	0.00339	0.00848
20	0.01445	0.00723	0.00723	0.00723	0.00903	0.00723	0.00542	0.01807	0.01626	0.02891	0.02529	0.02891	0.01987	0.00903	0.00542	0.00181	0.00361	0.00723	0.77055	0.00723
21	0.01128	0.00752	0.00846	0.00846	0.00846	0.00752	0.00470	0.01128	0.01128	0.01503	0.02443	0.05074	0.02819	0.72751	0.03946	0.00752	0.00752	0.01128	0.00470	0.00470
22	0.02546	0.01897	0.01927	0.01561	0.02115	0.09347	0.01247	0.18410	0.19730	0.16688	0.02296	0.02202	0.01658	0.00893	0.00737	0.00218	0.00763	0.00699	0.00720	0.14347
23	0.41868	0.04827	0.05150	0.06182	0.02168	0.05500	0.01257	0.19182	0.02030	0.03550	0.01331	0.01502	0.01003	0.00783	0.00605	0.00234	0.00776	0.00525	0.00532	0.00994
24	0.02558	0.08289	0.02351	0.09289	0.04910	0.17465	0.01521	0.25195	0.07931	0.07722	0.01848	0.02110	0.01424	0.00908	0.00746	0.00230	0.00959	0.02827	0.00604	0.01115

[dist]
# distance from previous block
# <min> <max>
0	26

[block]
# block no. 8 follows, 25 sequences, length 16
# corresponding to MSA columns:
# 368-383
name=unknown_I
#
# <colnr> <probs for GDERKNQSTAVLIFYWHMCP>
#	G	D	E	R	K	N	Q	S	T	A	V	L	I	F	Y	W	H	M	C	P
0	0.08018	0.01740	0.02722	0.22189	0.29348	0.04272	0.07264	0.02311	0.01661	0.05094	0.01435	0.01914	0.01141	0.00784	0.00905	0.00250	0.06828	0.00683	0.00402	0.01040
1	0.01577	0.02700	0.40339	0.01730	0.02505	0.01378	0.02000	0.02215	0.01782	0.09141	0.13216	0.09302	0.06565	0.01131	0.00805	0.00252	0.00857	0.00947	0.00539	0.01017
2	0.01089	0.00817	0.01033	0.01110	0.01247	0.00777	0.00776	0.01441	0.06997	0.02280	0.13117	0.52609	0.04972	0.02080	0.00937	0.00288	0.00459	0.01872	0.00729	0.05369
3	0.02694	0.02040	0.02265	0.08476	0.02648	0.02287	0.01513	0.52607	0.10186	0.04428	0.01953	0.01992	0.01403	0.00929	0.00777	0.00238	0.00845	0.00716	0.00735	0.01264
4	0.04783	0.01468	0.02496	0.58078	0.04895	0.01777	0.08192	0.02037	0.01551	0.02088	0.01367	0.02018	0.01038	0.00789	0.00860	0.00262	0.04371	0.00699	0.00355	0.00878
5	0.01347	0.00673	0.01010	0.01010	0.01010	0.00673	0.00673	0.01010	0.01010	0.01347	0.01347	0.02357	0.01347	0.02694	0.03030	0.77441	0.00673	0.00673	0.00337	0.00337
6	0.01996	0.01615	0.02417	0.31608	0.16268	0.01804	0.03700	0.09877	0.11092	0.09075	0.01870	0.02188	0.01383	0.00830	0.00780	0.00249	0.00903	0.00732	0.00526	0.01087
7	0.01097	0.00793	0.01036	0.00975	0.01158	0.00732	0.00732	0.01463	0.02195	0.03109	0.67505	0.05792	0.07316	0.01585	0.00914	0.00244	0.00366	0.01402	0.00854	0.00732
8	0.01188	0.00895	0.01205	0.01185	0.01351	0.00911	0.00950	0.01535	0.02001	0.02795	0.45011	0.06241	0.06028	0.01715	0.01092	0.00282	0.06368	0.17736	0.00773	0.00737
