[name]
unknown

[dist]
# distance from previous block
# <min> <max>
0	1

[block]
# block no. 0 follows, 26 sequences, length 17
# corresponding to MSA columns:
# 1-17
name=unknown_A
#
# <colnr> <probs for GDERKNQSTAVLIFYWHMCP>
#	G	D	E	R	K	N	Q	S	T	A	V	L	I	F	Y	W	H	M	C	P
0	0.01042	0.00744	0.01015	0.01190	0.01286	0.00717	0.00908	0.01259	0.01568	0.02068	0.04116	0.47535	0.04760	0.02266	0.00999	0.00324	0.00542	0.26311	0.00702	0.00649
1	0.32216	0.45321	0.02849	0.01180	0.01758	0.02490	0.01110	0.02255	0.01443	0.02422	0.01055	0.01223	0.00914	0.00671	0.00480	0.00191	0.00723	0.00408	0.00382	0.00914
2	0.01187	0.00705	0.00891	0.00891	0.00891	0.00705	0.00538	0.01058	0.01058	0.01410	0.01968	0.03917	0.02191	0.45504	0.03508	0.31129	0.00705	0.00928	0.00408	0.00408
3	0.32954	0.01339	0.01476	0.01195	0.01719	0.01329	0.00983	0.03026	0.01823	0.40549	0.04902	0.02177	0.01678	0.00871	0.00653	0.00235	0.00611	0.00649	0.00750	0.01082
4	0.01107	0.00997	0.01362	0.28625	0.02678	0.01052	0.01179	0.01423	0.01645	0.02005	0.05189	0.05222	0.41809	0.01463	0.00842	0.00255	0.00631	0.01236	0.00560	0.00720
5	0.31655	0.01023	0.00940	0.00894	0.01079	0.01116	0.00602	0.01547	0.01177	0.02232	0.01865	0.03495	0.01995	0.44744	0.02525	0.00538	0.00677	0.00830	0.00463	0.00602
6	0.02620	0.01061	0.01346	0.01097	0.01522	0.00954	0.00885	0.02937	0.01942	0.43030	0.02788	0.02679	0.01904	0.00917	0.00671	0.00212	0.00530	0.00741	0.31104	0.01061
7	0.31637	0.01048	0.01054	0.00971	0.01265	0.01104	0.00757	0.01746	0.01810	0.03184	0.41771	0.03920	0.04663	0.01217	0.00727	0.00237	0.00448	0.00993	0.00691	0.00757
8	0.01708	0.01519	0.01936	0.29095	0.03253	0.01807	0.01557	0.03207	0.41364	0.02687	0.02403	0.02512	0.01802	0.00922	0.00767	0.00256	0.00762	0.00785	0.00601	0.01060
9	0.02009	0.00954	0.01195	0.01033	0.01264	0.00885	0.00718	0.02124	0.01524	0.28112	0.02627	0.04026	0.02411	0.44836	0.02641	0.00538	0.00700	0.00969	0.00648	0.00787
10	0.31627	0.01047	0.01040	0.00961	0.01259	0.01100	0.00750	0.01727	0.01787	0.03129	0.38440	0.04010	0.08027	0.01238	0.00727	0.00238	0.00449	0.01006	0.00684	0.00753
11	0.00999	0.00772	0.00910	0.00876	0.01087	0.00684	0.00657	0.01287	0.01971	0.02623	0.42693	0.06355	0.32937	0.01707	0.00895	0.00246	0.00369	0.01468	0.00780	0.00684
12	0.00987	0.00784	0.00957	0.00955	0.01147	0.00769	0.00721	0.01206	0.01508	0.01937	0.07200	0.05415	0.36497	0.07322	0.28400	0.00661	0.01051	0.01255	0.00578	0.00647
13	0.00924	0.00660	0.00880	0.01056	0.01100	0.00616	0.00704	0.01056	0.01452	0.01936	0.04181	0.72848	0.05017	0.02376	0.00968	0.00308	0.00440	0.02156	0.00704	0.00616
14	0.01346	0.01275	0.02363	0.01827	0.02242	0.01185	0.26355	0.01805	0.01983	0.02744	0.38513	0.04334	0.08274	0.01213	0.00895	0.00246	0.00722	0.01197	0.00650	0.00832
15	0.45367	0.01193	0.00999	0.00912	0.01271	0.01335	0.00731	0.04494	0.01496	0.03229	0.01644	0.01883	0.01281	0.00783	0.00504	0.00212	0.00504	0.00538	0.30830	0.00794
16	0.03199	0.01619	0.01963	0.01505	0.02100	0.01602	0.01244	0.28259	0.02720	0.43798	0.02531	0.02282	0.01646	0.00928	0.00761	0.00232	0.00720	0.00731	0.00868	0.01290

[dist]
# distance from previous block
# <min> <max>
0	2

[block]
# block no. 1 follows, 26 sequences, length 39
# corresponding to MSA columns:
# 20-58
name=unknown_B
#
# <colnr> <probs for GDERKNQSTAVLIFYWHMCP>
#	G	D	E	R	K	N	Q	S	T	A	V	L	I	F	Y	W	H	M	C	P
0	0.01125	0.01141	0.08951	0.01094	0.01383	0.00837	0.00958	0.01544	0.02084	0.02967	0.60454	0.05194	0.06438	0.01454	0.00874	0.00239	0.00446	0.01278	0.00775	0.00763
1	0.00993	0.00747	0.01051	0.09226	0.01581	0.00747	0.00868	0.01183	0.01505	0.02008	0.07988	0.60291	0.04690	0.02135	0.00939	0.00297	0.00501	0.01934	0.00670	0.00649
2	0.01166	0.00956	0.01597	0.01449	0.01657	0.01061	0.08480	0.01479	0.01285	0.01838	0.01974	0.02871	0.01810	0.05103	0.62280	0.01107	0.01944	0.00822	0.00404	0.00717
3	0.00999	0.00740	0.00961	0.01064	0.01181	0.00662	0.00727	0.01155	0.01466	0.01998	0.03852	0.64578	0.04565	0.02166	0.00921	0.00285	0.00454	0.01958	0.00675	0.09593
4	0.01134	0.01174	0.09132	0.01328	0.01578	0.01043	0.01163	0.01476	0.01263	0.01835	0.01954	0.02820	0.01788	0.05112	0.62259	0.01105	0.01926	0.00783	0.00396	0.00729
5	0.01598	0.01429	0.01910	0.01364	0.02049	0.01116	0.08436	0.01970	0.01598	0.02467	0.01370	0.01628	0.01127	0.00571	0.00600	0.00129	0.00645	0.00501	0.00442	0.69050
6	0.02837	0.02051	0.02213	0.01713	0.02306	0.02262	0.01409	0.58797	0.07991	0.07669	0.01965	0.01928	0.01390	0.00920	0.00760	0.00230	0.00809	0.00699	0.00768	0.01284
7	0.02883	0.02125	0.02276	0.01745	0.02352	0.02352	0.01442	0.66082	0.03566	0.04780	0.01821	0.01821	0.01290	0.00911	0.00759	0.00228	0.00835	0.00683	0.00759	0.01290
8	0.01432	0.01348	0.02275	0.71520	0.05224	0.01685	0.02107	0.01938	0.01517	0.01938	0.01348	0.02022	0.01011	0.00758	0.00758	0.00253	0.01011	0.00674	0.00337	0.00843
9	0.01673	0.01520	0.02411	0.52546	0.04541	0.01801	0.07034	0.10077	0.06381	0.02416	0.01543	0.02056	0.01148	0.00787	0.00770	0.00250	0.00982	0.00706	0.00423	0.00937
10	0.03182	0.01303	0.01734	0.01343	0.01899	0.01163	0.01104	0.07544	0.02259	0.59668	0.08159	0.02780	0.02264	0.00986	0.00773	0.00235	0.00635	0.00807	0.00919	0.01245
11	0.02883	0.02125	0.02276	0.01745	0.02352	0.02352	0.01442	0.66082	0.03566	0.04780	0.01821	0.01821	0.01290	0.00911	0.00759	0.00228	0.00835	0.00683	0.00759	0.01290
12	0.73749	0.06139	0.01300	0.01017	0.01498	0.01786	0.00852	0.02232	0.01307	0.03299	0.01056	0.01231	0.00831	0.00701	0.00471	0.00230	0.00601	0.00410	0.00460	0.00831
13	0.00944	0.00770	0.00834	0.00818	0.01054	0.00661	0.00614	0.01181	0.01841	0.02316	0.23951	0.06861	0.51870	0.01821	0.00896	0.00251	0.00377	0.01539	0.00739	0.00661
14	0.01573	0.01348	0.01573	0.01123	0.01798	0.01011	0.00899	0.01910	0.01573	0.02472	0.01348	0.01573	0.01123	0.00562	0.00562	0.00112	0.00562	0.00449	0.00449	0.77980
15	0.78701	0.01467	0.01115	0.00997	0.01467	0.01702	0.00821	0.02230	0.01291	0.03403	0.01056	0.01232	0.00821	0.00704	0.00469	0.00235	0.00587	0.00411	0.00469	0.00821
16	0.00924	0.00660	0.00880	0.01056	0.01100	0.00616	0.00704	0.01056	0.01452	0.01936	0.04181	0.72848	0.05017	0.02376	0.00968	0.00308	0.00440	0.02156	0.00704	0.00616
17	0.02317	0.02729	0.01863	0.01716	0.02045	0.46201	0.01290	0.02744	0.09505	0.01973	0.01613	0.02012	0.01390	0.05342	0.13556	0.00416	0.01368	0.00621	0.00441	0.00859
18	0.01573	0.01348	0.01573	0.01123	0.01798	0.01011	0.00899	0.01910	0.01573	0.02472	0.01348	0.01573	0.01123	0.00562	0.00562	0.00112	0.00562	0.00449	0.00449	0.77980
19	0.01887	0.01629	0.01715	0.01544	0.01972	0.01887	0.01201	0.04031	0.67241	0.03173	0.03087	0.02830	0.02315	0.01029	0.00772	0.00257	0.00600	0.00858	0.00772	0.01201
20	0.01832	0.46805	0.29255	0.01632	0.02463	0.02522	0.01879	0.02322	0.01564	0.02023	0.01173	0.01365	0.00969	0.00677	0.00577	0.00192	0.00931	0.00465	0.00323	0.01030
21	0.01521	0.03923	0.69413	0.02162	0.03283	0.01762	0.02802	0.02402	0.01601	0.02402	0.01361	0.01601	0.00961	0.00721	0.00721	0.00240	0.01121	0.00560	0.00320	0.01121
22	0.01860	0.01905	0.06297	0.04535	0.65442	0.01800	0.02351	0.02331	0.01721	0.02474	0.01424	0.01864	0.01190	0.00678	0.00749	0.00226	0.00912	0.00670	0.00373	0.01198
23	0.02028	0.73799	0.03975	0.01298	0.01947	0.03001	0.01298	0.02271	0.01541	0.01785	0.01055	0.01217	0.00973	0.00649	0.00487	0.00162	0.00811	0.00406	0.00324	0.00973
24	0.78701	0.01467	0.01115	0.00997	0.01467	0.01702	0.00821	0.02230	0.01291	0.03403	0.01056	0.01232	0.00821	0.00704	0.00469	0.00235	0.00587	0.00411	0.00469	0.00821
25	0.02833	0.03615	0.02149	0.01954	0.02345	0.70298	0.01466	0.03029	0.02149	0.01856	0.01172	0.01368	0.00977	0.00782	0.00684	0.00195	0.01368	0.00489	0.00391	0.00879
26	0.00924	0.00660	0.00880	0.01056	0.01100	0.00616	0.00704	0.01056	0.01452	0.01936	0.04181	0.72848	0.05017	0.02376	0.00968	0.00308	0.00440	0.02156	0.00704	0.00616
27	0.01758	0.01944	0.04051	0.02894	0.03647	0.01786	0.56357	0.02354	0.01758	0.02436	0.01507	0.01977	0.01147	0.00628	0.00846	0.00235	0.01174	0.00830	0.00393	0.12277
28	0.02028	0.73799	0.03975	0.01298	0.01947	0.03001	0.01298	0.02271	0.01541	0.01785	0.01055	0.01217	0.00973	0.00649	0.00487	0.00162	0.00811	0.00406	0.00324	0.00973
29	0.00896	0.00768	0.00768	0.00768	0.01025	0.00640	0.00576	0.01089	0.01729	0.02049	0.07684	0.07300	0.68304	0.01921	0.00896	0.00256	0.00384	0.01601	0.00704	0.00640
30	0.01150	0.00796	0.01020	0.00952	0.01155	0.00724	0.00718	0.01489	0.02106	0.05617	0.59556	0.05704	0.13021	0.01563	0.00889	0.00240	0.00372	0.01370	0.00826	0.00731
31	0.05355	0.09227	0.02281	0.01843	0.02283	0.54651	0.01427	0.10082	0.02230	0.02234	0.01232	0.01402	0.01007	0.00783	0.00669	0.00198	0.01234	0.00501	0.00430	0.00932
32	0.01654	0.01616	0.02868	0.36417	0.30293	0.01761	0.10120	0.02154	0.01634	0.02214	0.01403	0.01968	0.01104	0.00711	0.00772	0.00242	0.01001	0.00702	0.00358	0.01008
33	0.78701	0.01467	0.01115	0.00997	0.01467	0.01702	0.00821	0.02230	0.01291	0.03403	0.01056	0.01232	0.00821	0.00704	0.00469	0.00235	0.00587	0.00411	0.00469	0.00821
34	0.16576	0.02060	0.02062	0.01618	0.02192	0.04690	0.01331	0.52271	0.03104	0.04426	0.01659	0.01698	0.01194	0.00869	0.00704	0.00228	0.00809	0.00627	0.00693	0.01190
35	0.00933	0.00664	0.00877	0.01045	0.01086	0.00622	0.00692	0.01059	0.01435	0.01913	0.04091	0.69446	0.04904	0.05933	0.01113	0.00329	0.00455	0.02104	0.00692	0.00608
36	0.01659	0.01659	0.02323	0.01991	0.01991	0.02323	0.01659	0.01825	0.01162	0.01825	0.00996	0.01659	0.00996	0.01328	0.02489	0.00332	0.71955	0.00664	0.00332	0.00830
37	0.01580	0.12031	0.61820	0.02062	0.03128	0.01905	0.02628	0.02387	0.01594	0.02330	0.01326	0.01557	0.00962	0.00712	0.00693	0.00231	0.01085	0.00543	0.00321	0.01104
38	0.01103	0.00735	0.00827	0.00827	0.00827	0.00735	0.00460	0.01103	0.01103	0.01471	0.02390	0.04964	0.02758	0.73343	0.03861	0.00735	0.00735	0.01103	0.00460	0.00460

[dist]
# distance from previous block
# <min> <max>
0	2

[block]
# block no. 2 follows, 26 sequences, length 57
# corresponding to MSA columns:
# 61-117
name=unknown_C
#
# <colnr> <probs for GDERKNQSTAVLIFYWHMCP>
#	G	D	E	R	K	N	Q	S	T	A	V	L	I	F	Y	W	H	M	C	P
0	0.00924	0.00660	0.00880	0.01056	0.01100	0.00616	0.00704	0.01056	0.01452	0.01936	0.04181	0.72848	0.05017	0.02376	0.00968	0.00308	0.00440	0.02156	0.00704	0.00616
1	0.01239	0.00811	0.01070	0.01006	0.01207	0.00746	0.00765	0.01581	0.02099	0.07662	0.57787	0.08764	0.06560	0.01570	0.00895	0.00246	0.00397	0.04014	0.00830	0.00751
2	0.31416	0.04650	0.01871	0.04035	0.02092	0.07465	0.01215	0.29631	0.02385	0.06436	0.01482	0.01578	0.01090	0.00808	0.00633	0.00226	0.00782	0.00557	0.00596	0.01052
3	0.00924	0.00660	0.00880	0.01056	0.01100	0.00616	0.00704	0.01056	0.01452	0.01936	0.04181	0.72848	0.05017	0.02376	0.00968	0.00308	0.00440	0.02156	0.00704	0.00616
4	0.01659	0.01659	0.02323	0.01991	0.01991	0.02323	0.01659	0.01825	0.01162	0.01825	0.00996	0.01659	0.00996	0.01328	0.02489	0.00332	0.71955	0.00664	0.00332	0.00830
5	0.07249	0.26306	0.19004	0.02085	0.02847	0.02178	0.22586	0.02304	0.01615	0.02259	0.01401	0.04310	0.01172	0.00732	0.00691	0.00221	0.01005	0.00668	0.00368	0.00999
6	0.01577	0.03039	0.42884	0.13838	0.08121	0.01779	0.13423	0.02326	0.01628	0.02336	0.01393	0.01765	0.01018	0.00710	0.00759	0.00244	0.01115	0.00644	0.00338	0.01064
7	0.01099	0.00750	0.00900	0.00900	0.00925	0.00775	0.00550	0.01150	0.01125	0.01524	0.02324	0.04596	0.02598	0.60811	0.16174	0.00825	0.00975	0.01049	0.00450	0.00500
8	0.78701	0.01467	0.01115	0.00997	0.01467	0.01702	0.00821	0.02230	0.01291	0.03403	0.01056	0.01232	0.00821	0.00704	0.00469	0.00235	0.00587	0.00411	0.00469	0.00821
9	0.02365	0.01763	0.01960	0.01469	0.02102	0.01737	0.01201	0.36507	0.02673	0.06884	0.01681	0.01754	0.01249	0.00767	0.00677	0.00180	0.00712	0.00590	0.00639	0.33088
10	0.01329	0.00832	0.01096	0.00998	0.01221	0.00760	0.00760	0.01680	0.02150	0.10303	0.61046	0.05327	0.06577	0.01483	0.00880	0.00238	0.00389	0.01305	0.00846	0.00779
11	0.03403	0.01291	0.01760	0.01350	0.01936	0.01115	0.01115	0.03697	0.02171	0.69137	0.02992	0.02582	0.01878	0.00939	0.00763	0.00235	0.00645	0.00763	0.00939	0.01291
12	0.02883	0.02125	0.02276	0.01745	0.02352	0.02352	0.01442	0.66082	0.03566	0.04780	0.01821	0.01821	0.01290	0.00911	0.00759	0.00228	0.00835	0.00683	0.00759	0.01290
13	0.01103	0.00735	0.00827	0.00827	0.00827	0.00735	0.00460	0.01103	0.01103	0.01471	0.02390	0.04964	0.02758	0.73343	0.03861	0.00735	0.00735	0.01103	0.00460	0.00460
14	0.01318	0.00659	0.00988	0.00988	0.00988	0.00659	0.00659	0.00988	0.00988	0.01318	0.01318	0.02306	0.01318	0.02635	0.02964	0.77931	0.00659	0.00659	0.00329	0.00329
15	0.01103	0.00735	0.00827	0.00827	0.00827	0.00735	0.00460	0.01103	0.01103	0.01471	0.02390	0.04964	0.02758	0.73343	0.03861	0.00735	0.00735	0.01103	0.00460	0.00460
16	0.78701	0.01467	0.01115	0.00997	0.01467	0.01702	0.00821	0.02230	0.01291	0.03403	0.01056	0.01232	0.00821	0.00704	0.00469	0.00235	0.00587	0.00411	0.00469	0.00821
17	0.34217	0.01458	0.01856	0.33413	0.03343	0.01709	0.04101	0.04876	0.01544	0.05151	0.01313	0.01701	0.00980	0.00744	0.00642	0.00244	0.00822	0.00575	0.00435	0.00876
18	0.01448	0.01378	0.02369	0.68607	0.05170	0.01695	0.04824	0.01959	0.01528	0.01959	0.01356	0.02023	0.01017	0.00753	0.00764	0.00253	0.01023	0.00684	0.00339	0.00850
19	0.01503	0.01274	0.01498	0.01116	0.01722	0.00968	0.00878	0.01817	0.01560	0.02414	0.01655	0.09288	0.01545	0.00758	0.00606	0.00134	0.00549	0.00634	0.00477	0.69606
20	0.01074	0.00775	0.01014	0.00954	0.01133	0.00716	0.00716	0.01431	0.02147	0.03042	0.68211	0.05666	0.07157	0.01551	0.00895	0.00239	0.00358	0.01372	0.00835	0.00716
21	0.01074	0.00775	0.01014	0.00954	0.01133	0.00716	0.00716	0.01431	0.02147	0.03042	0.68211	0.05666	0.07157	0.01551	0.00895	0.00239	0.00358	0.01372	0.00835	0.00716
22	0.02883	0.02125	0.02276	0.01745	0.02352	0.02352	0.01442	0.66082	0.03566	0.04780	0.01821	0.01821	0.01290	0.00911	0.00759	0.00228	0.00835	0.00683	0.00759	0.01290
23	0.00924	0.00660	0.00880	0.01056	0.01100	0.00616	0.00704	0.01056	0.01452	0.01936	0.04181	0.72848	0.05017	0.02376	0.00968	0.00308	0.00440	0.02156	0.00704	0.00616
24	0.78701	0.01467	0.01115	0.00997	0.01467	0.01702	0.00821	0.02230	0.01291	0.03403	0.01056	0.01232	0.00821	0.00704	0.00469	0.00235	0.00587	0.00411	0.00469	0.00821
25	0.02877	0.01974	0.02154	0.01658	0.02245	0.02149	0.01368	0.56627	0.03332	0.11623	0.01975	0.01946	0.01381	0.00912	0.00749	0.00226	0.00794	0.00693	0.04051	0.01265
26	0.01049	0.00765	0.00986	0.00950	0.01123	0.00702	0.00705	0.01377	0.02061	0.02883	0.58840	0.11326	0.11103	0.01644	0.00901	0.00245	0.00366	0.01452	0.00815	0.00702
27	0.04576	0.28483	0.13533	0.02025	0.07365	0.14592	0.09391	0.04738	0.01767	0.02191	0.01356	0.04209	0.01171	0.00762	0.00655	0.00207	0.01002	0.00601	0.00382	0.00995
28	0.01626	0.01933	0.08846	0.05118	0.03402	0.01693	0.44408	0.02186	0.01698	0.02331	0.01880	0.10020	0.01678	0.00919	0.00931	0.00261	0.03428	0.03483	0.00425	0.03732
29	0.00924	0.00660	0.00880	0.01056	0.01100	0.00616	0.00704	0.01056	0.01452	0.01936	0.04181	0.72848	0.05017	0.02376	0.00968	0.00308	0.00440	0.02156	0.00704	0.00616
30	0.01599	0.01613	0.03016	0.42344	0.14187	0.01768	0.20189	0.02135	0.01625	0.02157	0.01412	0.02008	0.01079	0.00713	0.00796	0.00250	0.01071	0.00737	0.00356	0.00946
31	0.01790	0.02046	0.04476	0.03197	0.03964	0.01918	0.65857	0.02430	0.01790	0.02430	0.01535	0.02046	0.01151	0.00639	0.00895	0.00256	0.01279	0.00895	0.00384	0.01023
32	0.01659	0.01659	0.02323	0.01991	0.01991	0.02323	0.01659	0.01825	0.01162	0.01825	0.00996	0.01659	0.00996	0.01328	0.02489	0.00332	0.71955	0.00664	0.00332	0.00830
33	0.00896	0.00768	0.00768	0.00768	0.01025	0.00640	0.00576	0.01089	0.01729	0.02049	0.07684	0.07300	0.68304	0.01921	0.00896	0.00256	0.00384	0.01601	0.00704	0.00640
34	0.02833	0.03615	0.02149	0.01954	0.02345	0.70298	0.01466	0.03029	0.02149	0.01856	0.01172	0.01368	0.00977	0.00782	0.00684	0.00195	0.01368	0.00489	0.00391	0.00879
35	0.01573	0.01348	0.01573	0.01123	0.01798	0.01011	0.00899	0.01910	0.01573	0.02472	0.01348	0.01573	0.01123	0.00562	0.00562	0.00112	0.00562	0.00449	0.00449	0.77980
36	0.02833	0.03615	0.02149	0.01954	0.02345	0.70298	0.01466	0.03029	0.02149	0.01856	0.01172	0.01368	0.00977	0.00782	0.00684	0.00195	0.01368	0.00489	0.00391	0.00879
37	0.01547	0.01439	0.02179	0.26766	0.05370	0.01886	0.01728	0.01787	0.01288	0.01830	0.01173	0.01871	0.01045	0.01252	0.01865	0.09202	0.35979	0.00667	0.00335	0.00790
38	0.02129	0.01667	0.01791	0.01555	0.02018	0.01888	0.01225	0.11965	0.54148	0.08371	0.02918	0.02682	0.02151	0.01007	0.00769	0.00252	0.00634	0.00828	0.00783	0.01219
39	0.01926	0.01631	0.01732	0.01551	0.01981	0.01875	0.01218	0.08110	0.60168	0.03243	0.03041	0.03005	0.02333	0.01066	0.00783	0.00259	0.00620	0.03504	0.00768	0.01185
40	0.02028	0.73799	0.03975	0.01298	0.01947	0.03001	0.01298	0.02271	0.01541	0.01785	0.01055	0.01217	0.00973	0.00649	0.00487	0.00162	0.00811	0.00406	0.00324	0.00973
41	0.02795	0.02072	0.02229	0.01703	0.02315	0.02262	0.01405	0.61755	0.03432	0.04625	0.01789	0.01804	0.01279	0.00887	0.00745	0.00220	0.00816	0.00667	0.00738	0.06461
42	0.01103	0.00735	0.00827	0.00827	0.00827	0.00735	0.00460	0.01103	0.01103	0.01471	0.02390	0.04964	0.02758	0.73343	0.03861	0.00735	0.00735	0.01103	0.00460	0.00460
43	0.01521	0.03923	0.69413	0.02162	0.03283	0.01762	0.02802	0.02402	0.01601	0.02402	0.01361	0.01601	0.00961	0.00721	0.00721	0.00240	0.01121	0.00560	0.00320	0.01121
44	0.01887	0.01629	0.01715	0.01544	0.01972	0.01887	0.01201	0.04031	0.67241	0.03173	0.03087	0.02830	0.02315	0.01029	0.00772	0.00257	0.00600	0.00858	0.00772	0.01201
45	0.01208	0.00869	0.01203	0.01370	0.01548	0.00863	0.01195	0.01551	0.01745	0.02261	0.04173	0.08502	0.07097	0.02088	0.01041	0.00345	0.00685	0.60862	0.00699	0.00696
46	0.00924	0.00660	0.00880	0.01056	0.01100	0.00616	0.00704	0.01056	0.01452	0.01936	0.04181	0.72848	0.05017	0.02376	0.00968	0.00308	0.00440	0.02156	0.00704	0.00616
47	0.01877	0.01802	0.03079	0.04656	0.68612	0.01802	0.02328	0.02328	0.01727	0.02478	0.01427	0.01877	0.01201	0.00676	0.00751	0.00225	0.00901	0.00676	0.00375	0.01201
48	0.02883	0.02125	0.02276	0.01745	0.02352	0.02352	0.01442	0.66082	0.03566	0.04780	0.01821	0.01821	0.01290	0.00911	0.00759	0.00228	0.00835	0.00683	0.00759	0.01290
49	0.00924	0.00660	0.00880	0.01056	0.01100	0.00616	0.00704	0.01056	0.01452	0.01936	0.04181	0.72848	0.05017	0.02376	0.00968	0.00308	0.00440	0.02156	0.00704	0.00616
50	0.00924	0.00660	0.00880	0.01056	0.01100	0.00616	0.00704	0.01056	0.01452	0.01936	0.04181	0.72848	0.05017	0.02376	0.00968	0.00308	0.00440	0.02156	0.00704	0.00616
51	0.78701	0.01467	0.01115	0.00997	0.01467	0.01702	0.00821	0.02230	0.01291	0.03403	0.01056	0.01232	0.00821	0.00704	0.00469	0.00235	0.00587	0.00411	0.00469	0.00821
52	0.01084	0.00813	0.01219	0.01219	0.01354	0.00948	0.00948	0.01354	0.01219	0.01761	0.02032	0.02980	0.01896	0.05689	0.70337	0.01219	0.02032	0.00813	0.00406	0.00677
53	0.01758	0.01927	0.03964	0.06342	0.08319	0.01848	0.50765	0.02334	0.01730	0.02387	0.01481	0.01981	0.01139	0.00671	0.00921	0.00246	0.04194	0.00826	0.00384	0.06782
54	0.02826	0.02001	0.02183	0.01668	0.02278	0.02154	0.01375	0.56370	0.03307	0.09669	0.01878	0.01862	0.01324	0.00887	0.00744	0.00220	0.00799	0.00672	0.00750	0.07034
55	0.78701	0.01467	0.01115	0.00997	0.01467	0.01702	0.00821	0.02230	0.01291	0.03403	0.01056	0.01232	0.00821	0.00704	0.00469	0.00235	0.00587	0.00411	0.00469	0.00821
56	0.07758	0.01217	0.01433	0.01382	0.01696	0.01287	0.01131	0.11057	0.12404	0.08508	0.03270	0.15265	0.03220	0.01596	0.00882	0.00293	0.00650	0.25322	0.00722	0.00908

[dist]
# distance from previous block
# <min> <max>
0	2

[block]
# block no. 3 follows, 26 sequences, length 105
# corresponding to MSA columns:
# 120-224
name=unknown_D
#
# <colnr> <probs for GDERKNQSTAVLIFYWHMCP>
#	G	D	E	R	K	N	Q	S	T	A	V	L	I	F	Y	W	H	M	C	P
0	0.68181	0.05350	0.01335	0.01064	0.01547	0.04114	0.00884	0.02334	0.01379	0.06622	0.01159	0.01305	0.00889	0.00716	0.00493	0.00230	0.00629	0.00431	0.00483	0.00855
1	0.12947	0.01267	0.01553	0.01242	0.01744	0.01177	0.01008	0.06161	0.02058	0.41013	0.11892	0.04966	0.02507	0.01013	0.00735	0.00229	0.00594	0.00821	0.00812	0.06260
2	0.08744	0.02112	0.01836	0.01601	0.02059	0.18031	0.01252	0.10675	0.33502	0.08761	0.02313	0.02215	0.01720	0.00922	0.00724	0.00235	0.00811	0.00705	0.00670	0.01111
3	0.01565	0.09912	0.63805	0.02088	0.03168	0.01868	0.02674	0.02391	0.01596	0.02349	0.01335	0.01568	0.00962	0.00714	0.00701	0.00234	0.01094	0.00547	0.00321	0.01108
4	0.05556	0.01704	0.01892	0.01524	0.02059	0.01824	0.01237	0.28902	0.19984	0.20230	0.02664	0.02484	0.04472	0.00983	0.00758	0.00239	0.00697	0.00777	0.00794	0.01222
5	0.01019	0.00752	0.00957	0.00988	0.01144	0.00691	0.00733	0.01291	0.01866	0.02531	0.36520	0.23625	0.16159	0.01870	0.00927	0.00269	0.00412	0.06802	0.00769	0.00676
6	0.01082	0.00798	0.01041	0.01149	0.01314	0.00757	0.00927	0.01362	0.01746	0.02280	0.14355	0.20464	0.16556	0.02037	0.00982	0.00308	0.00540	0.30908	0.00721	0.00674
7	0.01432	0.01348	0.02275	0.71520	0.05224	0.01685	0.02107	0.01938	0.01517	0.01938	0.01348	0.02022	0.01011	0.00758	0.00758	0.00253	0.01011	0.00674	0.00337	0.00843
8	0.01857	0.01782	0.03043	0.07656	0.65767	0.01797	0.02318	0.02310	0.01718	0.02454	0.01423	0.01884	0.01193	0.00680	0.00751	0.00227	0.00906	0.00676	0.00374	0.01185
9	0.01863	0.01788	0.03053	0.06821	0.66558	0.01798	0.02321	0.02315	0.01720	0.02461	0.01424	0.01882	0.01195	0.00679	0.00751	0.00226	0.00905	0.00676	0.00374	0.01190
10	0.01043	0.00751	0.00990	0.00999	0.01145	0.00698	0.00736	0.01345	0.01957	0.02734	0.49497	0.22408	0.06502	0.01779	0.00920	0.00261	0.00393	0.04354	0.00796	0.00690
11	0.01162	0.00938	0.01261	0.01252	0.01399	0.04060	0.00971	0.01430	0.01261	0.01765	0.01993	0.02907	0.01855	0.05469	0.67211	0.01173	0.02002	0.00798	0.00406	0.00686
12	0.01557	0.06854	0.63261	0.02177	0.03260	0.01823	0.05959	0.02398	0.01608	0.02377	0.01357	0.01607	0.00971	0.00713	0.00719	0.00238	0.01116	0.00571	0.00324	0.01110
13	0.30230	0.02174	0.01804	0.01509	0.02013	0.16235	0.01211	0.26975	0.05431	0.03599	0.01469	0.01561	0.01104	0.00815	0.00639	0.00225	0.00845	0.00552	0.00578	0.01031
14	0.07378	0.01300	0.01726	0.01331	0.01912	0.01146	0.01099	0.03619	0.02125	0.65667	0.02890	0.02510	0.01822	0.00926	0.00747	0.00235	0.00642	0.00744	0.00914	0.01266
15	0.00911	0.00769	0.00789	0.00784	0.01034	0.00647	0.00588	0.01117	0.01764	0.02132	0.12759	0.07163	0.63177	0.01890	0.00896	0.00255	0.00382	0.01582	0.00715	0.00647
16	0.02730	0.12724	0.02393	0.01860	0.02293	0.58716	0.01443	0.05518	0.02128	0.01967	0.01184	0.01367	0.00989	0.00770	0.00661	0.00192	0.01273	0.00486	0.00397	0.00908
17	0.02377	0.02736	0.05270	0.02482	0.16478	0.34092	0.04098	0.09287	0.08398	0.02466	0.01737	0.01916	0.03655	0.00830	0.00732	0.00217	0.01090	0.00643	0.00470	0.01028
18	0.02164	0.01668	0.01798	0.01554	0.02022	0.01882	0.01227	0.12701	0.52427	0.09365	0.02901	0.02666	0.02132	0.01004	0.00769	0.00251	0.00637	0.00824	0.00785	0.01221
19	0.00943	0.00674	0.00901	0.01068	0.01123	0.00632	0.00729	0.01094	0.01491	0.01992	0.06476	0.67421	0.05063	0.02333	0.00969	0.00307	0.00449	0.05001	0.00709	0.00624
20	0.01738	0.02632	0.29018	0.03681	0.43065	0.01786	0.02513	0.02357	0.01678	0.02448	0.01401	0.01769	0.01107	0.00693	0.00739	0.00231	0.00987	0.00631	0.00354	0.01170
21	0.02501	0.03004	0.04835	0.02449	0.14563	0.43982	0.01691	0.07165	0.02057	0.02192	0.01255	0.01530	0.01041	0.00820	0.00873	0.00218	0.07891	0.00556	0.00406	0.00972
22	0.02835	0.03559	0.02154	0.01946	0.02345	0.67739	0.01465	0.05404	0.02203	0.01967	0.01197	0.01385	0.00989	0.00786	0.00687	0.00197	0.01348	0.00496	0.00405	0.00895
23	0.01095	0.00735	0.00844	0.00851	0.00858	0.00739	0.00488	0.01111	0.01121	0.01500	0.02445	0.07476	0.02811	0.68062	0.06282	0.00737	0.00773	0.01132	0.00467	0.00474
24	0.01847	0.01591	0.01714	0.01266	0.01914	0.04881	0.01015	0.12112	0.01918	0.02804	0.01414	0.01601	0.01142	0.00628	0.00599	0.00135	0.00647	0.00488	0.00495	0.61789
25	0.00992	0.00723	0.00927	0.01043	0.01125	0.00688	0.00711	0.01233	0.04239	0.02120	0.12922	0.55585	0.07040	0.05518	0.01083	0.00315	0.00447	0.01929	0.00713	0.00647
26	0.01015	0.00741	0.00958	0.01001	0.01140	0.00684	0.00731	0.01278	0.01841	0.02515	0.36182	0.29328	0.11972	0.01907	0.00930	0.00271	0.00411	0.05655	0.00769	0.00673
27	0.00931	0.00665	0.00886	0.01051	0.01102	0.00621	0.00705	0.01074	0.01485	0.01988	0.07179	0.69702	0.05117	0.02338	0.00965	0.00305	0.00436	0.02120	0.00710	0.00621
28	0.01853	0.01810	0.03189	0.06916	0.59914	0.01810	0.08627	0.02324	0.01726	0.02454	0.01435	0.01899	0.01190	0.00675	0.00766	0.00229	0.00943	0.00698	0.00375	0.01171
29	0.00977	0.00723	0.01017	0.01107	0.01197	0.00674	0.02776	0.01162	0.01579	0.02136	0.14762	0.59408	0.05250	0.02184	0.00954	0.00295	0.00453	0.01986	0.00716	0.00646
30	0.01470	0.00863	0.01141	0.01021	0.01270	0.00784	0.00784	0.01816	0.02151	0.14279	0.57123	0.05142	0.06259	0.01447	0.00872	0.00238	0.00407	0.01268	0.00853	0.00813
31	0.01652	0.21939	0.52541	0.01939	0.02938	0.02081	0.02415	0.02368	0.01586	0.02243	0.01282	0.01502	0.00964	0.00702	0.00660	0.00220	0.01041	0.00521	0.00321	0.01083
32	0.01521	0.03923	0.69413	0.02162	0.03283	0.01762	0.02802	0.02402	0.01601	0.02402	0.01361	0.01601	0.00961	0.00721	0.00721	0.00240	0.01121	0.00560	0.00320	0.01121
33	0.00924	0.00660	0.00880	0.01056	0.01100	0.00616	0.00704	0.01056	0.01452	0.01936	0.04181	0.72848	0.05017	0.02376	0.00968	0.00308	0.00440	0.02156	0.00704	0.00616
34	0.01074	0.00775	0.01014	0.00954	0.01133	0.00716	0.00716	0.01431	0.02147	0.03042	0.68211	0.05666	0.07157	0.01551	0.00895	0.00239	0.00358	0.01372	0.00835	0.00716
35	0.55127	0.05809	0.03794	0.04548	0.03784	0.01827	0.01083	0.05053	0.07875	0.03214	0.01321	0.01480	0.01020	0.00743	0.00542	0.00233	0.00658	0.00490	0.00489	0.00909
36	0.01877	0.01802	0.03079	0.04656	0.68612	0.01802	0.02328	0.02328	0.01727	0.02478	0.01427	0.01877	0.01201	0.00676	0.00751	0.00225	0.00901	0.00676	0.00375	0.01201
37	0.01318	0.00659	0.00988	0.00988	0.00988	0.00659	0.00659	0.00988	0.00988	0.01318	0.01318	0.02306	0.01318	0.02635	0.02964	0.77931	0.00659	0.00659	0.00329	0.00329
38	0.02248	0.01939	0.05316	0.05044	0.21499	0.07141	0.15469	0.07702	0.04368	0.15574	0.04712	0.02198	0.01594	0.00801	0.00785	0.00235	0.00942	0.00758	0.00549	0.01126
39	0.02662	0.01881	0.02050	0.01615	0.02149	0.02052	0.01316	0.53878	0.03208	0.07823	0.02137	0.08721	0.01706	0.01052	0.00770	0.00234	0.00767	0.00830	0.03950	0.01201
40	0.01203	0.03222	0.01051	0.00950	0.01032	0.00854	0.00627	0.01302	0.01275	0.04111	0.07600	0.07647	0.02972	0.47688	0.14666	0.00722	0.00913	0.01088	0.00504	0.00572
41	0.01573	0.01348	0.01573	0.01123	0.01798	0.01011	0.00899	0.01910	0.01573	0.02472	0.01348	0.01573	0.01123	0.00562	0.00562	0.00112	0.00562	0.00449	0.00449	0.77980
42	0.01696	0.07092	0.50062	0.02574	0.16040	0.01808	0.02559	0.02434	0.01647	0.05154	0.01426	0.01676	0.01047	0.00717	0.00716	0.00233	0.01042	0.00583	0.00357	0.01136
43	0.05088	0.15912	0.05154	0.01494	0.02118	0.01938	0.01320	0.23942	0.02459	0.29950	0.02100	0.01982	0.01437	0.00857	0.00697	0.00218	0.00759	0.00648	0.00719	0.01207
44	0.01790	0.02046	0.04476	0.03197	0.03964	0.01918	0.65857	0.02430	0.01790	0.02430	0.01535	0.02046	0.01151	0.00639	0.00895	0.00256	0.01279	0.00895	0.00384	0.01023
45	0.01659	0.01659	0.02323	0.01991	0.01991	0.02323	0.01659	0.01825	0.01162	0.01825	0.00996	0.01659	0.00996	0.01328	0.02489	0.00332	0.71955	0.00664	0.00332	0.00830
46	0.01544	0.01321	0.01396	0.01297	0.01658	0.01444	0.01010	0.02983	0.43270	0.02775	0.04551	0.04540	0.22666	0.01366	0.00826	0.00262	0.00540	0.04805	0.00747	0.00999
47	0.01573	0.01348	0.01573	0.01123	0.01798	0.01011	0.00899	0.01910	0.01573	0.02472	0.01348	0.01573	0.01123	0.00562	0.00562	0.00112	0.00562	0.00449	0.00449	0.77980
48	0.00923	0.00664	0.00876	0.01046	0.01098	0.00617	0.00700	0.01057	0.01462	0.01940	0.04298	0.70647	0.07142	0.02361	0.00966	0.00306	0.00438	0.02138	0.00704	0.00617
49	0.01414	0.00707	0.00707	0.00707	0.00884	0.00707	0.00530	0.01767	0.01591	0.02828	0.02474	0.02828	0.01944	0.00884	0.00530	0.00177	0.00353	0.00707	0.77554	0.00707
50	0.03336	0.01399	0.01827	0.01401	0.01990	0.01275	0.01157	0.11758	0.02351	0.60820	0.02841	0.02483	0.01802	0.00935	0.00762	0.00234	0.00670	0.00752	0.00916	0.01291
51	0.01659	0.01659	0.02323	0.01991	0.01991	0.02323	0.01659	0.01825	0.01162	0.01825	0.00996	0.01659	0.00996	0.01328	0.02489	0.00332	0.71955	0.00664	0.00332	0.00830
52	0.01021	0.00805	0.01246	0.01280	0.01400	0.00754	0.07105	0.01212	0.01497	0.01998	0.03915	0.63276	0.04611	0.02195	0.00964	0.00305	0.00533	0.04551	0.00672	0.00659
53	0.00956	0.00711	0.01013	0.01135	0.01206	0.00664	0.03115	0.01107	0.01465	0.01955	0.04083	0.70228	0.04874	0.02312	0.00965	0.00306	0.00471	0.02110	0.00692	0.00631
54	0.71777	0.01593	0.01289	0.01168	0.01630	0.01766	0.00923	0.02334	0.01492	0.03551	0.04746	0.01818	0.01393	0.00915	0.00605	0.00280	0.00660	0.00546	0.00571	0.00943
55	0.01194	0.00855	0.01069	0.01227	0.01295	0.00775	0.00816	0.01250	0.01603	0.02164	0.04310	0.70236	0.05091	0.02474	0.01061	0.00350	0.00531	0.02170	0.00777	0.00751
56	0.03493	0.01584	0.01989	0.01567	0.02158	0.01437	0.01258	0.13032	0.02498	0.57033	0.02997	0.02772	0.01995	0.01092	0.00864	0.00279	0.00756	0.00823	0.00975	0.01398
57	0.01414	0.01018	0.01319	0.01469	0.01642	0.00967	0.01196	0.01634	0.01831	0.02416	0.04321	0.20000	0.07017	0.02248	0.01118	0.00379	0.00720	0.47704	0.00773	0.00813
58	0.02107	0.01950	0.03177	0.04677	0.66005	0.01912	0.02373	0.02469	0.01866	0.02683	0.01670	0.02210	0.01434	0.00844	0.00853	0.00271	0.00973	0.00751	0.00462	0.01312
59	0.02728	0.01672	0.01896	0.01610	0.02110	0.01713	0.01257	0.09319	0.33324	0.27069	0.03094	0.02946	0.02241	0.01135	0.00860	0.00288	0.00711	0.00871	0.03824	0.01333
60	0.01328	0.00966	0.01185	0.01120	0.01321	0.00867	0.00820	0.01593	0.02247	0.03173	0.62591	0.05925	0.10266	0.01702	0.00991	0.00284	0.00453	0.01430	0.00896	0.00843
61	0.02116	0.01784	0.01870	0.01694	0.02131	0.01993	0.01292	0.04101	0.64662	0.03349	0.03262	0.03123	0.02501	0.01183	0.00873	0.00301	0.00684	0.00925	0.00842	0.01312
62	0.01790	0.02046	0.04476	0.03197	0.03964	0.01918	0.65857	0.02430	0.01790	0.02430	0.01535	0.02046	0.01151	0.00639	0.00895	0.00256	0.01279	0.00895	0.00384	0.01023
63	0.00934	0.00674	0.00887	0.01054	0.01114	0.00627	0.00717	0.01078	0.01478	0.01955	0.04359	0.66937	0.08333	0.02342	0.00967	0.00307	0.00447	0.04466	0.00704	0.00621
64	0.17086	0.01323	0.01643	0.01286	0.01851	0.01221	0.01062	0.03430	0.02011	0.57192	0.02641	0.02336	0.01686	0.00896	0.00709	0.00235	0.00635	0.00699	0.00854	0.01206
65	0.00999	0.00714	0.00966	0.01142	0.01218	0.00681	0.00834	0.01186	0.01526	0.02020	0.04139	0.56706	0.04853	0.02306	0.00988	0.00318	0.00505	0.17559	0.00703	0.00637
66	0.78701	0.01467	0.01115	0.00997	0.01467	0.01702	0.00821	0.02230	0.01291	0.03403	0.01056	0.01232	0.00821	0.00704	0.00469	0.00235	0.00587	0.00411	0.00469	0.00821
67	0.01878	0.17740	0.37537	0.02090	0.05177	0.02125	0.07504	0.12577	0.01924	0.02661	0.01389	0.01604	0.01040	0.00728	0.00694	0.00223	0.01017	0.00580	0.00399	0.01112
68	0.01595	0.01451	0.02259	0.57528	0.04607	0.01800	0.01981	0.07727	0.04037	0.02227	0.01426	0.02006	0.01082	0.00825	0.00890	0.00257	0.06338	0.00681	0.00390	0.00894
69	0.01102	0.00738	0.00842	0.00842	0.00847	0.00743	0.00478	0.01113	0.01107	0.01482	0.02376	0.04889	0.02725	0.70795	0.06365	0.00754	0.00784	0.01092	0.00458	0.00468
70	0.10477	0.01653	0.02578	0.27543	0.12812	0.01803	0.12104	0.12136	0.01928	0.07479	0.01547	0.01927	0.01144	0.00758	0.00748	0.00242	0.00939	0.00688	0.00473	0.01021
71	0.02009	0.55946	0.13441	0.01583	0.04332	0.07801	0.01565	0.02349	0.01601	0.01903	0.01121	0.01306	0.00979	0.00670	0.00544	0.00178	0.00901	0.00443	0.00330	0.00995
72	0.02059	0.71124	0.03905	0.01323	0.01962	0.05567	0.01304	0.02300	0.01564	0.01787	0.01059	0.01223	0.00974	0.00654	0.00494	0.00163	0.00832	0.00409	0.00327	0.00970
73	0.03039	0.01478	0.01861	0.01467	0.02006	0.01462	0.01203	0.12922	0.10672	0.47547	0.02725	0.02452	0.01800	0.00967	0.00854	0.00242	0.04432	0.00758	0.00859	0.01255
74	0.01639	0.03013	0.42494	0.06081	0.10964	0.01719	0.12730	0.02369	0.01685	0.04475	0.04577	0.01947	0.01341	0.00750	0.00764	0.00241	0.01065	0.00678	0.00381	0.01087
75	0.01062	0.00775	0.00997	0.00942	0.01126	0.00711	0.00706	0.01408	0.02119	0.02975	0.64158	0.05775	0.11252	0.01575	0.00895	0.00240	0.00360	0.01387	0.00826	0.00711
76	0.00898	0.00761	0.00776	0.00787	0.01029	0.00639	0.00585	0.01086	0.01711	0.02042	0.07455	0.11576	0.64175	0.01951	0.00901	0.00260	0.00388	0.01637	0.00704	0.00639
77	0.05284	0.01818	0.02170	0.21732	0.03082	0.04546	0.01581	0.33179	0.02585	0.11217	0.01738	0.01923	0.01238	0.00874	0.00811	0.00239	0.03582	0.00672	0.00618	0.01111
78	0.01103	0.00735	0.00827	0.00827	0.00827	0.00735	0.00460	0.01103	0.01103	0.01471	0.02390	0.04964	0.02758	0.73343	0.03861	0.00735	0.00735	0.01103	0.00460	0.00460
79	0.01453	0.01376	0.02279	0.65252	0.04933	0.01743	0.02066	0.01928	0.01485	0.01928	0.01316	0.01990	0.01010	0.00810	0.00914	0.00260	0.07406	0.00673	0.00337	0.00841
80	0.01842	0.01766	0.03015	0.09976	0.63568	0.01793	0.02310	0.02297	0.01710	0.02435	0.01420	0.01889	0.01186	0.00682	0.00752	0.00227	0.00910	0.00676	0.00372	0.01173
81	0.05984	0.03471	0.02111	0.01907	0.02309	0.64965	0.01438	0.05303	0.02166	0.02028	0.01191	0.01379	0.00982	0.00783	0.00678	0.00198	0.01316	0.00492	0.00408	0.00892
82	0.01659	0.01659	0.02323	0.01991	0.01991	0.02323	0.01659	0.01825	0.01162	0.01825	0.00996	0.01659	0.00996	0.01328	0.02489	0.00332	0.71955	0.00664	0.00332	0.00830
83	0.04736	0.46817	0.26588	0.01587	0.02393	0.02522	0.01802	0.02315	0.01553	0.02060	0.01161	0.01351	0.00963	0.00676	0.00567	0.00192	0.00910	0.00460	0.00328	0.01019
84	0.03087	0.01221	0.01659	0.01296	0.01827	0.01061	0.01061	0.03389	0.02168	0.60155	0.11855	0.03001	0.02595	0.01022	0.00781	0.00235	0.00606	0.00846	0.00925	0.01213
85	0.00921	0.00769	0.00802	0.00794	0.01039	0.00651	0.00595	0.01135	0.01786	0.02184	0.15913	0.07078	0.59990	0.01871	0.00896	0.00254	0.00381	0.01570	0.00722	0.00651
86	0.01327	0.00716	0.01095	0.06855	0.01340	0.00744	0.00779	0.01067	0.01032	0.01369	0.01320	0.02282	0.01292	0.02479	0.02781	0.71470	0.00688	0.00660	0.00330	0.00372
87	0.02946	0.02024	0.02214	0.01697	0.02302	0.02203	0.01402	0.58547	0.03398	0.12554	0.01963	0.01913	0.01361	0.00914	0.00759	0.00228	0.00812	0.00693	0.00781	0.01290
88	0.07941	0.03719	0.63732	0.02065	0.03132	0.01757	0.02638	0.02388	0.01576	0.02485	0.01336	0.01571	0.00949	0.00719	0.00700	0.00240	0.01077	0.00548	0.00333	0.01096
89	0.00921	0.00766	0.00783	0.00781	0.01013	0.00651	0.00572	0.01104	0.01694	0.02042	0.09728	0.07038	0.60342	0.07846	0.01143	0.00295	0.00412	0.01550	0.00689	0.00628
90	0.72293	0.01483	0.01215	0.01080	0.01511	0.01753	0.00891	0.02196	0.01280	0.03272	0.01051	0.01268	0.00836	0.00756	0.00637	0.00243	0.06523	0.00432	0.00458	0.00822
91	0.01843	0.01752	0.02901	0.09712	0.58030	0.01800	0.02216	0.02438	0.07160	0.02493	0.01559	0.01968	0.01279	0.00712	0.00753	0.00230	0.00885	0.00691	0.00405	0.01173
92	0.72293	0.01483	0.01215	0.01080	0.01511	0.01753	0.00891	0.02196	0.01280	0.03272	0.01051	0.01268	0.00836	0.00756	0.00637	0.00243	0.06523	0.00432	0.00458	0.00822
93	0.01105	0.00793	0.01167	0.01167	0.01279	0.00906	0.00883	0.01303	0.01190	0.01699	0.02003	0.03091	0.01921	0.11148	0.59120	0.07559	0.01808	0.00824	0.00404	0.00630
94	0.00992	0.00709	0.00958	0.01134	0.01208	0.00675	0.00823	0.01174	0.01520	0.02013	0.04143	0.58127	0.04868	0.02312	0.00986	0.00317	0.00499	0.16204	0.00703	0.00635
95	0.01951	0.67722	0.03713	0.01259	0.01854	0.02813	0.01228	0.02174	0.01505	0.01758	0.01166	0.01528	0.01122	0.06695	0.00767	0.00210	0.00805	0.00464	0.00336	0.00931
96	0.72772	0.01791	0.01474	0.01344	0.01827	0.01931	0.01036	0.02521	0.01606	0.03737	0.01575	0.01953	0.01319	0.01039	0.00698	0.00325	0.00756	0.00584	0.00635	0.01075
97	0.02883	0.02034	0.02209	0.01704	0.02301	0.02229	0.01404	0.58206	0.06208	0.10064	0.01973	0.01928	0.01383	0.00918	0.00760	0.00230	0.00809	0.00697	0.00774	0.01286
98	0.01030	0.00764	0.01092	0.01191	0.01286	0.00728	0.03598	0.01211	0.01490	0.01978	0.03888	0.52676	0.04545	0.08154	0.01220	0.00349	0.00547	0.12949	0.00669	0.00635
99	0.01559	0.12689	0.53122	0.01982	0.02952	0.01841	0.04464	0.02305	0.01645	0.02376	0.06887	0.01904	0.01484	0.00778	0.00710	0.00230	0.01022	0.00619	0.00366	0.01065
100	0.01798	0.01707	0.02896	0.04356	0.62996	0.01704	0.02193	0.02222	0.01704	0.02433	0.01656	0.07780	0.01519	0.00817	0.00769	0.00232	0.00863	0.00799	0.00403	0.01153
101	0.02774	0.02060	0.02218	0.01693	0.02306	0.02241	0.01397	0.60745	0.03400	0.04588	0.01782	0.01800	0.01276	0.00882	0.00742	0.00218	0.00812	0.00663	0.00733	0.07669
102	0.02656	0.01952	0.02115	0.01647	0.02233	0.02119	0.01348	0.49134	0.12380	0.07248	0.02014	0.01978	0.01448	0.00900	0.00744	0.00223	0.00770	0.00692	0.00743	0.07656
103	0.02720	0.02098	0.02166	0.01701	0.02270	0.05297	0.01390	0.55425	0.09000	0.04408	0.02120	0.02092	0.03845	0.00953	0.00762	0.00230	0.00821	0.00723	0.00741	0.01240
104	0.01432	0.01348	0.02275	0.71520	0.05224	0.01685	0.02107	0.01938	0.01517	0.01938	0.01348	0.02022	0.01011	0.00758	0.00758	0.00253	0.01011	0.00674	0.00337	0.00843

[dist]
# distance from previous block
# <min> <max>
0	4

[block]
# block no. 4 follows, 26 sequences, length 22
# corresponding to MSA columns:
# 229-250
name=unknown_E
#
# <colnr> <probs for GDERKNQSTAVLIFYWHMCP>
#	G	D	E	R	K	N	Q	S	T	A	V	L	I	F	Y	W	H	M	C	P
0	0.01641	0.11077	0.55857	0.01977	0.02971	0.01807	0.02460	0.02389	0.01616	0.05628	0.01542	0.04968	0.01199	0.00802	0.00709	0.00235	0.01032	0.00629	0.00370	0.01090
1	0.02211	0.11610	0.02778	0.10438	0.21707	0.02161	0.04005	0.25586	0.06616	0.03204	0.01623	0.01852	0.01252	0.00789	0.00725	0.00224	0.00871	0.00661	0.00530	0.01156
2	0.03403	0.01291	0.01760	0.01350	0.01936	0.01115	0.01115	0.03697	0.02171	0.69137	0.02992	0.02582	0.01878	0.00939	0.00763	0.00235	0.00645	0.00763	0.00939	0.01291
3	0.00924	0.00660	0.00880	0.01056	0.01100	0.00616	0.00704	0.01056	0.01452	0.01936	0.04181	0.72848	0.05017	0.02376	0.00968	0.00308	0.00440	0.02156	0.00704	0.00616
4	0.02948	0.01888	0.02114	0.01635	0.02226	0.02018	0.01346	0.46777	0.07251	0.20544	0.02190	0.02072	0.01500	0.00925	0.00761	0.00231	0.00773	0.00714	0.00804	0.01285
5	0.01586	0.12827	0.61075	0.02052	0.03113	0.01920	0.02611	0.02385	0.01594	0.02323	0.01322	0.01552	0.00962	0.00711	0.00691	0.00230	0.01082	0.00541	0.00321	0.01102
6	0.01222	0.00873	0.01222	0.01397	0.01572	0.00873	0.01222	0.01572	0.01746	0.02270	0.04016	0.08556	0.04365	0.02095	0.01048	0.00349	0.00698	0.63506	0.00698	0.00698
7	0.01543	0.03774	0.64256	0.02244	0.03337	0.01774	0.07810	0.02404	0.01616	0.02404	0.01375	0.01637	0.00976	0.00714	0.00734	0.00241	0.01134	0.00587	0.00325	0.01113
8	0.06223	0.01906	0.02067	0.01627	0.02197	0.02085	0.01332	0.45185	0.13224	0.13048	0.02140	0.02053	0.01507	0.00923	0.00748	0.00234	0.00762	0.00709	0.00772	0.01255
9	0.05381	0.00854	0.01076	0.01076	0.01268	0.00834	0.00842	0.01563	0.04132	0.02824	0.44256	0.10884	0.05908	0.01661	0.00905	0.00267	0.00456	0.14310	0.00775	0.00727
10	0.00924	0.00660	0.00880	0.01056	0.01100	0.00616	0.00704	0.01056	0.01452	0.01936	0.04181	0.72848	0.05017	0.02376	0.00968	0.00308	0.00440	0.02156	0.00704	0.00616
11	0.01334	0.01133	0.01781	0.02503	0.27467	0.01112	0.01404	0.01619	0.01598	0.02191	0.03086	0.36820	0.03445	0.01677	0.00894	0.00281	0.00653	0.09572	0.00575	0.00855
12	0.02858	0.02035	0.02205	0.01705	0.02299	0.02236	0.01404	0.57844	0.07431	0.09195	0.01982	0.01937	0.01395	0.00920	0.00760	0.00230	0.00807	0.00699	0.00772	0.01284
13	0.01065	0.00769	0.01007	0.00960	0.01131	0.00710	0.00715	0.01411	0.02109	0.02981	0.64697	0.09353	0.07039	0.01596	0.00899	0.00242	0.00362	0.01415	0.00828	0.00710
14	0.02400	0.01069	0.01414	0.01167	0.01586	0.00935	0.00931	0.02692	0.02086	0.41241	0.21038	0.06829	0.10759	0.01271	0.00821	0.00241	0.00531	0.01076	0.00875	0.01037
15	0.01774	0.01854	0.07129	0.16687	0.52922	0.01778	0.02318	0.02261	0.01681	0.02375	0.01408	0.01886	0.01152	0.00694	0.00750	0.00231	0.00935	0.00668	0.00365	0.01131
16	0.01673	0.19286	0.45560	0.02116	0.03081	0.02061	0.11415	0.02377	0.01615	0.02268	0.01317	0.01578	0.00991	0.00693	0.00693	0.00225	0.01074	0.00573	0.00330	0.01074
17	0.01476	0.01362	0.02212	0.61176	0.07589	0.01649	0.01989	0.04498	0.01623	0.02084	0.01784	0.02352	0.05417	0.00837	0.00767	0.00251	0.00958	0.00735	0.00380	0.00863
18	0.01989	0.01804	0.02848	0.08434	0.51934	0.01847	0.02125	0.11911	0.01985	0.02790	0.01478	0.01867	0.01199	0.00712	0.00745	0.00223	0.00885	0.00668	0.00434	0.04121
