[name]
unknown

[dist]
# distance from previous block
# <min> <max>
0	65

[block]
# block no. 0 follows, 23 sequences, length 12
# corresponding to MSA columns:
# 69-80
name=unknown_A
#
# <colnr> <probs for GDERKNQSTAVLIFYWHMCP>
#	G	D	E	R	K	N	Q	S	T	A	V	L	I	F	Y	W	H	M	C	P
0	0.02087	0.01581	0.01830	0.06352	0.02188	0.01699	0.01265	0.27930	0.07963	0.03660	0.12128	0.09953	0.03073	0.05849	0.01079	0.00295	0.00737	0.04591	0.00746	0.04994
1	0.11976	0.01502	0.02231	0.38040	0.07746	0.01742	0.04231	0.06854	0.01821	0.02631	0.01895	0.03110	0.01653	0.01028	0.00822	0.00280	0.00957	0.10060	0.00479	0.00941
2	0.02394	0.01776	0.01962	0.05351	0.02246	0.07367	0.01359	0.18893	0.11094	0.12488	0.02221	0.02444	0.01696	0.01919	0.12310	0.02708	0.06057	0.00773	0.03843	0.01101
3	0.01188	0.00812	0.00962	0.00976	0.01071	0.00768	0.00626	0.01314	0.01451	0.02041	0.07915	0.23349	0.03794	0.35747	0.02465	0.00519	0.00619	0.01433	0.06954	0.05996
4	0.01041	0.00715	0.00944	0.01098	0.01137	0.00676	0.00722	0.01130	0.01476	0.01968	0.04034	0.58735	0.04806	0.09849	0.01527	0.06244	0.00522	0.02064	0.00695	0.00618
5	0.01089	0.00748	0.00912	0.01002	0.01024	0.00726	0.00616	0.01156	0.01358	0.01811	0.03469	0.36572	0.04101	0.38651	0.02656	0.00569	0.00636	0.01717	0.00616	0.00571
6	0.01727	0.01765	0.05089	0.05897	0.03058	0.01669	0.27835	0.06502	0.01853	0.02577	0.02044	0.11882	0.01878	0.01537	0.07619	0.00365	0.04748	0.01027	0.00491	0.10437
7	0.01182	0.00866	0.01135	0.01234	0.01382	0.00848	0.00940	0.01587	0.05900	0.02558	0.20232	0.33158	0.05584	0.02140	0.01025	0.00319	0.00534	0.17834	0.00792	0.00751
8	0.01779	0.01057	0.01173	0.05047	0.01503	0.01120	0.00848	0.12601	0.02011	0.03197	0.02350	0.02739	0.01842	0.01100	0.00844	0.06621	0.00537	0.00745	0.52045	0.00839
9	0.01178	0.00792	0.00988	0.01058	0.01208	0.00716	0.00741	0.01365	0.01736	0.06376	0.11946	0.42483	0.18997	0.05065	0.01123	0.00323	0.00475	0.01938	0.00774	0.00716
10	0.02556	0.02029	0.02063	0.01684	0.02201	0.06662	0.01352	0.37332	0.15251	0.04234	0.10538	0.02705	0.02416	0.01077	0.00818	0.00246	0.00796	0.00849	0.03966	0.01225
11	0.01025	0.00725	0.00942	0.01089	0.01138	0.00683	0.00717	0.01160	0.01544	0.02070	0.07783	0.57903	0.05159	0.12229	0.01468	0.00390	0.00510	0.02099	0.00724	0.00642

[dist]
# distance from previous block
# <min> <max>
1	5

[block]
# block no. 1 follows, 23 sequences, length 12
# corresponding to MSA columns:
# 86-97
name=unknown_B
#
# <colnr> <probs for GDERKNQSTAVLIFYWHMCP>
#	G	D	E	R	K	N	Q	S	T	A	V	L	I	F	Y	W	H	M	C	P
0	0.02464	0.01837	0.01995	0.01604	0.02129	0.01962	0.01291	0.44230	0.03151	0.04209	0.03015	0.12315	0.09562	0.01302	0.00849	0.00253	0.00761	0.01054	0.00779	0.05239
1	0.04796	0.01026	0.01034	0.00962	0.01232	0.01088	0.00741	0.07073	0.09315	0.03259	0.02607	0.02871	0.02022	0.00958	0.00614	0.00206	0.00460	0.00760	0.58103	0.00873
2	0.01773	0.06898	0.14650	0.13626	0.11400	0.01908	0.01900	0.02810	0.20502	0.02597	0.02250	0.04813	0.03319	0.01071	0.00971	0.03467	0.03610	0.00817	0.00523	0.01095
3	0.22209	0.01384	0.08721	0.01025	0.01418	0.01180	0.00939	0.02106	0.01615	0.03140	0.02092	0.02404	0.01628	0.00872	0.00573	0.00214	0.00543	0.00651	0.46443	0.00842
4	0.02008	0.01928	0.03294	0.04981	0.66422	0.01928	0.02490	0.02490	0.01848	0.02651	0.01526	0.02008	0.01285	0.00723	0.00803	0.00241	0.00964	0.00723	0.00402	0.01285
5	0.02045	0.01657	0.01877	0.01374	0.02076	0.01452	0.01112	0.17976	0.02234	0.03282	0.01573	0.01751	0.01248	0.00697	0.00655	0.00152	0.00676	0.00545	0.00566	0.57051
6	0.01177	0.00783	0.00991	0.01079	0.01210	0.00712	0.00747	0.01353	0.01693	0.06360	0.09813	0.47817	0.15203	0.05625	0.01152	0.00332	0.00483	0.01991	0.00768	0.00710
7	0.23749	0.02469	0.10514	0.01692	0.02228	0.15404	0.01491	0.12378	0.07915	0.03167	0.01742	0.06191	0.01462	0.00997	0.00832	0.00256	0.05218	0.00706	0.00550	0.01037
8	0.09559	0.17268	0.10588	0.01879	0.02472	0.25977	0.06019	0.06606	0.02017	0.02453	0.01570	0.07063	0.01405	0.00925	0.00716	0.00228	0.01105	0.00692	0.00454	0.01004
9	0.01984	0.22460	0.02331	0.01357	0.01796	0.06251	0.01148	0.02505	0.09377	0.10120	0.18038	0.03577	0.10118	0.01206	0.00863	0.00237	0.04034	0.00945	0.00662	0.00990
10	0.13811	0.01300	0.01573	0.01325	0.01765	0.01273	0.05879	0.04207	0.08844	0.10687	0.09741	0.07633	0.21202	0.01366	0.00830	0.00258	0.00609	0.01150	0.00721	0.05827
11	0.02174	0.05898	0.06236	0.05391	0.06813	0.02218	0.29362	0.16633	0.07293	0.03144	0.01762	0.02100	0.01333	0.00837	0.00966	0.00264	0.05060	0.00824	0.00523	0.01167

[dist]
# distance from previous block
# <min> <max>
13	26

[block]
# block no. 2 follows, 23 sequences, length 46
# corresponding to MSA columns:
# 163-208
name=unknown_C
#
# <colnr> <probs for GDERKNQSTAVLIFYWHMCP>
#	G	D	E	R	K	N	Q	S	T	A	V	L	I	F	Y	W	H	M	C	P
0	0.01872	0.01872	0.02575	0.49130	0.09632	0.10422	0.04537	0.06065	0.01873	0.02314	0.01463	0.02049	0.01117	0.00813	0.00806	0.00259	0.01121	0.00706	0.00401	0.00973
1	0.01222	0.00934	0.01368	0.01437	0.01611	0.00912	0.04860	0.01579	0.03986	0.02346	0.06587	0.35920	0.04808	0.02216	0.01056	0.00340	0.00644	0.26686	0.00738	0.00749
2	0.07276	0.03340	0.47164	0.02120	0.03069	0.01768	0.05489	0.02469	0.01742	0.04750	0.05157	0.02437	0.01643	0.00935	0.00862	0.00268	0.03589	0.04374	0.00434	0.01113
3	0.08335	0.09737	0.02539	0.02126	0.08475	0.25330	0.01568	0.24008	0.04870	0.03298	0.01571	0.01712	0.01222	0.00862	0.00731	0.00226	0.01067	0.00613	0.00566	0.01143
4	0.01075	0.00751	0.00926	0.01020	0.01060	0.00728	0.00647	0.01165	0.01398	0.01858	0.03724	0.38000	0.06666	0.31893	0.04892	0.00558	0.00667	0.01750	0.00630	0.00592
5	0.00989	0.00706	0.00942	0.01130	0.01177	0.00659	0.00753	0.01130	0.01554	0.02071	0.04472	0.70954	0.05367	0.02542	0.01036	0.00330	0.00471	0.02307	0.00753	0.00659
6	0.51026	0.02330	0.20570	0.05143	0.02355	0.01838	0.01573	0.02422	0.01491	0.03243	0.01242	0.01479	0.00933	0.00762	0.00597	0.00254	0.00819	0.00501	0.00448	0.00974
7	0.02527	0.02476	0.02052	0.01764	0.02235	0.23590	0.01361	0.18175	0.21152	0.03176	0.02143	0.02355	0.01708	0.06372	0.01034	0.00277	0.00980	0.00739	0.00645	0.05238
8	0.01267	0.00906	0.01256	0.01411	0.01589	0.00895	0.01203	0.01627	0.01903	0.02512	0.12231	0.12635	0.05097	0.02186	0.01094	0.00356	0.00683	0.49639	0.00766	0.00744
9	0.02008	0.01928	0.03294	0.04981	0.66422	0.01928	0.02490	0.02490	0.01848	0.02651	0.01526	0.02008	0.01285	0.00723	0.00803	0.00241	0.00964	0.00723	0.00402	0.01285
10	0.01664	0.08887	0.54141	0.02259	0.03337	0.01935	0.07447	0.02505	0.01756	0.02560	0.04970	0.01957	0.01407	0.00807	0.00777	0.00252	0.01143	0.00662	0.00378	0.01156
11	0.34311	0.16116	0.12663	0.01744	0.07120	0.05747	0.01522	0.04566	0.04770	0.02996	0.01352	0.01544	0.01070	0.00771	0.00611	0.00235	0.00847	0.00523	0.00460	0.01033
12	0.01153	0.00785	0.00883	0.00892	0.00916	0.00773	0.00514	0.01176	0.01250	0.01646	0.03090	0.08723	0.07966	0.62717	0.03732	0.00724	0.00742	0.01277	0.00525	0.00515
13	0.00989	0.00706	0.00942	0.01130	0.01177	0.00659	0.00753	0.01130	0.01554	0.02071	0.04472	0.70954	0.05367	0.02542	0.01036	0.00330	0.00471	0.02307	0.00753	0.00659
14	0.01599	0.01511	0.02555	0.60444	0.14154	0.01820	0.02287	0.02132	0.01654	0.02155	0.01454	0.02141	0.01110	0.00799	0.00810	0.00266	0.01065	0.00721	0.00366	0.00955
15	0.01823	0.01785	0.03271	0.03863	0.37406	0.01746	0.18239	0.02320	0.01846	0.02567	0.02111	0.08037	0.01984	0.01032	0.00900	0.00272	0.01007	0.08196	0.00472	0.01124
16	0.00989	0.00706	0.00942	0.01130	0.01177	0.00659	0.00753	0.01130	0.01554	0.02071	0.04472	0.70954	0.05367	0.02542	0.01036	0.00330	0.00471	0.02307	0.00753	0.00659
17	0.03031	0.03867	0.02299	0.02090	0.02508	0.68226	0.01568	0.03240	0.02299	0.01986	0.01254	0.01463	0.01045	0.00836	0.00732	0.00209	0.01463	0.00523	0.00418	0.00941
18	0.00989	0.00706	0.00942	0.01130	0.01177	0.00659	0.00753	0.01130	0.01554	0.02071	0.04472	0.70954	0.05367	0.02542	0.01036	0.00330	0.00471	0.02307	0.00753	0.00659
19	0.03002	0.02232	0.02389	0.01850	0.02485	0.02478	0.01522	0.59108	0.08557	0.04980	0.02053	0.02032	0.01465	0.00984	0.00813	0.00246	0.00873	0.00745	0.00813	0.01373
20	0.22710	0.39683	0.07118	0.01399	0.02066	0.02596	0.01353	0.07255	0.01781	0.05862	0.01314	0.01454	0.01070	0.00752	0.00568	0.00209	0.00816	0.00488	0.00457	0.01050
21	0.01239	0.00850	0.01114	0.01036	0.01244	0.00781	0.00781	0.01619	0.02298	0.05574	0.63707	0.05941	0.07451	0.01635	0.00952	0.00255	0.00394	0.01444	0.00897	0.00788
22	0.01683	0.01442	0.01683	0.01202	0.01923	0.01082	0.00961	0.02043	0.01683	0.02644	0.01442	0.01683	0.01202	0.00601	0.00601	0.00120	0.00601	0.00481	0.00481	0.76444
23	0.01867	0.02074	0.04343	0.03172	0.03867	0.02039	0.53249	0.02477	0.01838	0.02518	0.01723	0.02523	0.01401	0.00851	0.01155	0.00288	0.08934	0.04206	0.00423	0.01053
24	0.05725	0.04055	0.63696	0.02245	0.03407	0.01881	0.02883	0.02560	0.01695	0.02628	0.01438	0.01692	0.01020	0.00770	0.00756	0.00257	0.01168	0.00591	0.00351	0.01182
25	0.01969	0.09136	0.03393	0.02454	0.02861	0.08355	0.23547	0.02345	0.01637	0.02224	0.01357	0.01896	0.01161	0.01013	0.01581	0.00288	0.29620	0.00755	0.03432	0.00976
26	0.15905	0.01804	0.02113	0.21870	0.03160	0.02069	0.01569	0.30291	0.02555	0.03717	0.01687	0.02109	0.01299	0.05311	0.00964	0.00287	0.00895	0.00703	0.00601	0.01091
27	0.01862	0.01779	0.03029	0.24841	0.47705	0.01889	0.02417	0.02362	0.01778	0.02473	0.01500	0.02056	0.01223	0.00750	0.00806	0.00250	0.01000	0.00722	0.00389	0.01167
28	0.01115	0.00897	0.01005	0.00976	0.01232	0.00821	0.00742	0.01542	0.06686	0.02651	0.27378	0.06909	0.39205	0.01856	0.00954	0.00271	0.00431	0.03762	0.00806	0.00759
29	0.02107	0.15871	0.02861	0.01852	0.02382	0.03943	0.13553	0.19168	0.02239	0.02954	0.01994	0.02516	0.03421	0.07220	0.11293	0.00437	0.01152	0.00796	0.03210	0.01031
30	0.01683	0.01442	0.01683	0.01202	0.01923	0.01082	0.00961	0.02043	0.01683	0.02644	0.01442	0.01683	0.01202	0.00601	0.00601	0.00120	0.00601	0.00481	0.00481	0.76444
31	0.01769	0.01493	0.01729	0.01243	0.01959	0.01170	0.00997	0.05834	0.01814	0.02796	0.01473	0.01699	0.01213	0.00624	0.00614	0.00128	0.00619	0.00496	0.00501	0.71830
32	0.01827	0.01909	0.03582	0.02585	0.03311	0.01761	0.38052	0.02366	0.01788	0.02566	0.01532	0.01989	0.01209	0.00711	0.00965	0.00228	0.06205	0.00780	0.00430	0.26202
33	0.01180	0.00787	0.00885	0.00885	0.00885	0.00787	0.00492	0.01180	0.01180	0.01573	0.02557	0.05310	0.02950	0.71483	0.04130	0.00787	0.00787	0.01180	0.00492	0.00492
34	0.01308	0.00934	0.01308	0.01494	0.01681	0.00934	0.01308	0.01681	0.01868	0.02428	0.04296	0.09153	0.04670	0.02242	0.01121	0.00374	0.00747	0.60960	0.00747	0.00747
35	0.01218	0.00894	0.01183	0.01288	0.01490	0.00859	0.01085	0.01567	0.01952	0.02558	0.17505	0.08304	0.15271	0.02092	0.01061	0.00333	0.00618	0.39200	0.00778	0.00741
36	0.01654	0.07532	0.64177	0.02267	0.03442	0.01950	0.02919	0.02563	0.01710	0.02537	0.01440	0.01693	0.01029	0.00767	0.00759	0.00253	0.01183	0.00591	0.00343	0.01191
37	0.00989	0.00706	0.00942	0.01130	0.01177	0.00659	0.00753	0.01130	0.01554	0.02071	0.04472	0.70954	0.05367	0.02542	0.01036	0.00330	0.00471	0.02307	0.00753	0.00659
38	0.01159	0.00869	0.01304	0.01304	0.01449	0.01014	0.01014	0.01449	0.01304	0.01884	0.02173	0.03188	0.02029	0.06086	0.68268	0.01304	0.02173	0.00869	0.00435	0.00724
39	0.02967	0.03746	0.02362	0.02272	0.06520	0.64065	0.01626	0.03193	0.02271	0.02028	0.01271	0.01497	0.01060	0.00829	0.00736	0.00211	0.01432	0.00535	0.00417	0.00962
40	0.01894	0.01811	0.03087	0.20466	0.51829	0.01898	0.02433	0.02390	0.01794	0.02512	0.01506	0.02045	0.01236	0.00744	0.00805	0.00248	0.00992	0.00723	0.00392	0.01193
41	0.01207	0.00940	0.01396	0.01368	0.01502	0.01128	0.01073	0.01488	0.01299	0.01889	0.02087	0.03078	0.01954	0.05724	0.63179	0.01230	0.07434	0.00857	0.00429	0.00737
42	0.03572	0.01492	0.01952	0.01496	0.02127	0.01357	0.01236	0.11379	0.02508	0.59297	0.03046	0.02661	0.01930	0.01001	0.00815	0.00250	0.00716	0.00805	0.00980	0.01381
43	0.02927	0.02027	0.02238	0.01773	0.02369	0.02206	0.01463	0.47306	0.08604	0.11859	0.02379	0.02666	0.01788	0.01082	0.00836	0.00257	0.00838	0.05226	0.00830	0.01325
44	0.02316	0.60356	0.03919	0.01508	0.02155	0.14299	0.01419	0.02568	0.01760	0.01922	0.01150	0.01329	0.01042	0.00718	0.00557	0.00180	0.00969	0.00449	0.00359	0.01024
45	0.07932	0.01793	0.02491	0.18784	0.17057	0.01981	0.04843	0.17540	0.09481	0.03244	0.01949	0.05867	0.01585	0.00949	0.00807	0.00260	0.00905	0.00823	0.00568	0.01141

[dist]
# distance from previous block
# <min> <max>
0	1

[block]
# block no. 3 follows, 23 sequences, length 17
# corresponding to MSA columns:
# 217-233
name=unknown_D
#
# <colnr> <probs for GDERKNQSTAVLIFYWHMCP>
#	G	D	E	R	K	N	Q	S	T	A	V	L	I	F	Y	W	H	M	C	P
0	0.03019	0.01760	0.02052	0.01609	0.02190	0.01814	0.01316	0.31398	0.07039	0.27592	0.09182	0.02747	0.02337	0.01065	0.00829	0.00250	0.00749	0.00851	0.00892	0.01310
1	0.06935	0.01226	0.01332	0.01199	0.01552	0.03703	0.00947	0.06076	0.05128	0.12917	0.21882	0.05347	0.20896	0.01544	0.00893	0.00267	0.00570	0.05859	0.00808	0.00917
2	0.01683	0.01442	0.01683	0.01202	0.01923	0.01082	0.00961	0.02043	0.01683	0.02644	0.01442	0.01683	0.01202	0.00601	0.00601	0.00120	0.00601	0.00481	0.00481	0.76444
3	0.01714	0.01824	0.03705	0.24824	0.04431	0.01857	0.38356	0.02307	0.01790	0.02384	0.01808	0.07799	0.01520	0.00877	0.00916	0.00277	0.01201	0.00991	0.00422	0.00996
4	0.02852	0.02000	0.02177	0.01698	0.02254	0.02180	0.01369	0.50737	0.03338	0.08839	0.02120	0.02482	0.01646	0.11005	0.01284	0.00321	0.00864	0.00800	0.00779	0.01254
5	0.02169	0.71972	0.04252	0.01388	0.02083	0.03211	0.01388	0.02430	0.01649	0.01909	0.01128	0.01302	0.01041	0.00694	0.00521	0.00174	0.00868	0.00434	0.00347	0.01041
6	0.01148	0.00829	0.01085	0.01021	0.01212	0.00766	0.00766	0.01531	0.02297	0.03254	0.65994	0.06061	0.07656	0.01659	0.00957	0.00255	0.00383	0.01467	0.00893	0.00766
7	0.00959	0.00822	0.00822	0.00822	0.01096	0.00685	0.00617	0.01165	0.01850	0.02192	0.08220	0.07809	0.66092	0.02055	0.00959	0.00274	0.00411	0.01713	0.00754	0.00685
8	0.01532	0.01442	0.02434	0.69533	0.05589	0.01803	0.02253	0.02073	0.01622	0.02073	0.01442	0.02163	0.01082	0.00811	0.00811	0.00270	0.01082	0.00721	0.00361	0.00901
9	0.03085	0.02273	0.02435	0.01867	0.02516	0.02516	0.01542	0.63716	0.03815	0.05114	0.01948	0.01948	0.01380	0.00974	0.00812	0.00244	0.00893	0.00731	0.00812	0.01380
10	0.01180	0.00787	0.00885	0.00885	0.00885	0.00787	0.00492	0.01180	0.01180	0.01573	0.02557	0.05310	0.02950	0.71483	0.04130	0.00787	0.00787	0.01180	0.00492	0.00492
11	0.10719	0.01663	0.01691	0.01494	0.01924	0.04835	0.01181	0.13588	0.25016	0.06501	0.09781	0.07061	0.05434	0.01260	0.00828	0.00269	0.00684	0.04198	0.00772	0.01100
12	0.01085	0.00803	0.01012	0.01010	0.01186	0.00731	0.00739	0.01389	0.02072	0.02839	0.43976	0.19564	0.16787	0.01904	0.00973	0.00273	0.00405	0.01679	0.00842	0.00731
13	0.01839	0.02068	0.04474	0.03233	0.03990	0.01938	0.58350	0.02479	0.01886	0.02556	0.01873	0.07808	0.01569	0.00836	0.00964	0.00278	0.01295	0.01068	0.00438	0.01059
14	0.02082	0.61025	0.14432	0.01538	0.02313	0.02996	0.01648	0.02452	0.01659	0.02016	0.01181	0.01368	0.01039	0.00707	0.00561	0.00187	0.00921	0.00461	0.00346	0.01067
15	0.01065	0.00817	0.00957	0.00937	0.01142	0.00728	0.00687	0.01338	0.02003	0.02649	0.35057	0.10215	0.31049	0.06358	0.01166	0.00301	0.00425	0.01594	0.00803	0.00709
16	0.02041	0.01571	0.01758	0.04449	0.02110	0.01674	0.01224	0.16637	0.23975	0.06584	0.03623	0.07297	0.12052	0.01292	0.00849	0.00261	0.00677	0.03887	0.00764	0.07275

[dist]
# distance from previous block
# <min> <max>
1	4

[block]
# block no. 4 follows, 23 sequences, length 38
# corresponding to MSA columns:
# 238,239,242-277
name=unknown_E
#
# <colnr> <probs for GDERKNQSTAVLIFYWHMCP>
#	G	D	E	R	K	N	Q	S	T	A	V	L	I	F	Y	W	H	M	C	P
0	0.02507	0.07275	0.02482	0.05135	0.05882	0.34822	0.06109	0.09904	0.02251	0.02495	0.01828	0.02091	0.04282	0.01142	0.04013	0.00275	0.01233	0.00679	0.04601	0.00994
1	0.50048	0.04589	0.09370	0.01553	0.05099	0.04972	0.01332	0.09578	0.01776	0.03501	0.01288	0.01477	0.00987	0.00781	0.00595	0.00246	0.00788	0.00509	0.00505	0.01003
2	0.02434	0.02485	0.02064	0.03936	0.02383	0.24479	0.01408	0.10348	0.28470	0.02993	0.02210	0.02213	0.01696	0.00938	0.00769	0.00234	0.00959	0.00713	0.00637	0.08631
3	0.01856	0.01929	0.07278	0.17128	0.44208	0.01856	0.02366	0.02456	0.04637	0.02555	0.01720	0.02413	0.01447	0.00835	0.00819	0.00256	0.00978	0.03659	0.00426	0.01178
4	0.02667	0.02047	0.02189	0.01771	0.02338	0.02290	0.01431	0.42402	0.23377	0.04453	0.02473	0.04753	0.01874	0.01071	0.00824	0.00257	0.00797	0.00847	0.00814	0.01324
5	0.02035	0.02090	0.09535	0.14850	0.30410	0.01919	0.10959	0.06369	0.04999	0.06345	0.01727	0.02119	0.01322	0.00787	0.00826	0.00255	0.01029	0.00759	0.00470	0.01196
6	0.01657	0.01596	0.02237	0.01951	0.01972	0.02190	0.01603	0.01843	0.01249	0.01925	0.01298	0.02149	0.01295	0.05405	0.12337	0.00514	0.56806	0.00756	0.00373	0.00845
7	0.01587	0.01463	0.02427	0.58996	0.05088	0.01770	0.04549	0.05035	0.01736	0.02242	0.01679	0.06793	0.01391	0.00931	0.00832	0.00273	0.01043	0.00838	0.00411	0.00916
8	0.01004	0.00717	0.00959	0.01147	0.01201	0.00672	0.00780	0.01156	0.01569	0.02088	0.04464	0.68001	0.05333	0.02528	0.01040	0.00332	0.00484	0.05109	0.00753	0.00663
9	0.01432	0.01483	0.05088	0.09196	0.02791	0.01422	0.21128	0.01823	0.01657	0.02250	0.02851	0.33335	0.03070	0.01604	0.01109	0.00305	0.06526	0.01510	0.00553	0.00864
10	0.01180	0.00787	0.00885	0.00885	0.00885	0.00787	0.00492	0.01180	0.01180	0.01573	0.02557	0.05310	0.02950	0.71483	0.04130	0.00787	0.00787	0.01180	0.00492	0.00492
11	0.06392	0.03763	0.02249	0.02044	0.02466	0.65218	0.01537	0.03201	0.02258	0.02061	0.01249	0.01457	0.01038	0.00832	0.00721	0.00211	0.01425	0.00519	0.00422	0.00938
12	0.01105	0.00820	0.01030	0.00994	0.01190	0.00745	0.00739	0.01441	0.02170	0.02992	0.51932	0.10737	0.17528	0.01786	0.00963	0.00263	0.00394	0.01566	0.00860	0.00745
13	0.02905	0.02184	0.02334	0.01831	0.02448	0.02432	0.01499	0.53714	0.14110	0.04824	0.02176	0.02130	0.01565	0.00995	0.00814	0.00249	0.00851	0.00762	0.00814	0.01364
14	0.00996	0.00817	0.00877	0.00875	0.01122	0.00699	0.00651	0.01231	0.01918	0.02384	0.18807	0.10778	0.52017	0.02006	0.00963	0.00273	0.00409	0.01698	0.00780	0.00699
15	0.01683	0.01442	0.01683	0.01202	0.01923	0.01082	0.00961	0.02043	0.01683	0.02644	0.01442	0.01683	0.01202	0.00601	0.00601	0.00120	0.00601	0.00481	0.00481	0.76444
16	0.11309	0.06224	0.02174	0.01735	0.02204	0.25927	0.01383	0.22080	0.02522	0.03266	0.01582	0.01765	0.01236	0.00907	0.00812	0.00229	0.04904	0.00608	0.08077	0.01057
17	0.01675	0.01616	0.02246	0.01949	0.01958	0.02218	0.01594	0.01841	0.01240	0.01909	0.01289	0.02231	0.01321	0.09032	0.06840	0.00458	0.58602	0.00769	0.00374	0.00836
18	0.01627	0.04197	0.67279	0.02313	0.03512	0.01884	0.02998	0.02570	0.01713	0.02570	0.01456	0.01713	0.01028	0.00771	0.00771	0.00257	0.01199	0.00600	0.00343	0.01199
19	0.01856	0.03132	0.34432	0.03311	0.26226	0.05175	0.05528	0.02541	0.01774	0.02538	0.01459	0.01834	0.01134	0.00788	0.00893	0.00255	0.04893	0.00663	0.00372	0.01196
20	0.01031	0.00825	0.00922	0.00897	0.01140	0.00716	0.00673	0.01304	0.02019	0.02595	0.30139	0.07146	0.43922	0.01905	0.00958	0.00267	0.00400	0.01620	0.00807	0.00716
21	0.01838	0.01644	0.01640	0.01494	0.01905	0.05173	0.01154	0.03555	0.47299	0.03098	0.07114	0.03953	0.14099	0.01286	0.00851	0.00271	0.00631	0.01066	0.00795	0.01133
22	0.02063	0.01430	0.01668	0.01525	0.01915	0.01528	0.01221	0.10536	0.25614	0.11855	0.07293	0.11397	0.03346	0.01490	0.00913	0.00293	0.00667	0.13318	0.00829	0.01102
23	0.02926	0.01272	0.01690	0.01348	0.01856	0.01139	0.01092	0.06178	0.02388	0.46409	0.20463	0.03633	0.03536	0.01183	0.00855	0.00252	0.00615	0.00992	0.00964	0.01211
24	0.01709	0.03641	0.50192	0.02665	0.05726	0.01926	0.17511	0.02574	0.01766	0.02579	0.01503	0.01837	0.01085	0.00748	0.00817	0.00260	0.01232	0.00690	0.00361	0.01177
25	0.00989	0.00706	0.00942	0.01130	0.01177	0.00659	0.00753	0.01130	0.01554	0.02071	0.04472	0.70954	0.05367	0.02542	0.01036	0.00330	0.00471	0.02307	0.00753	0.00659
26	0.01728	0.01823	0.03636	0.35778	0.04900	0.01930	0.33511	0.02342	0.01772	0.02342	0.01544	0.02176	0.01158	0.00746	0.00886	0.00272	0.01228	0.00842	0.00386	0.01000
27	0.00989	0.00706	0.00942	0.01130	0.01177	0.00659	0.00753	0.01130	0.01554	0.02071	0.04472	0.70954	0.05367	0.02542	0.01036	0.00330	0.00471	0.02307	0.00753	0.00659
28	0.01141	0.00770	0.00896	0.00934	0.00944	0.00761	0.00544	0.01170	0.01255	0.01674	0.02943	0.18546	0.03437	0.57582	0.03506	0.00694	0.00723	0.01407	0.00544	0.00525
29	0.01546	0.01216	0.01400	0.01438	0.05078	0.01318	0.00949	0.02449	0.24973	0.02364	0.02883	0.04511	0.02786	0.37084	0.02530	0.00540	0.00740	0.04723	0.00626	0.00847
30	0.01225	0.00875	0.01073	0.01136	0.01229	0.00881	0.00763	0.05482	0.03618	0.02171	0.03618	0.42492	0.04168	0.21815	0.05155	0.00497	0.00676	0.01771	0.00671	0.00684
31	0.01486	0.01119	0.01378	0.01139	0.01547	0.00912	0.00843	0.01623	0.01486	0.02203	0.01948	0.12427	0.01970	0.05296	0.01476	0.18512	0.00617	0.00846	0.00491	0.42682
32	0.02102	0.44113	0.11689	0.01863	0.05817	0.07934	0.01721	0.02444	0.01659	0.02045	0.01192	0.01473	0.01057	0.00822	0.00896	0.00217	0.11038	0.00518	0.00356	0.01044
33	0.12764	0.01874	0.02133	0.18408	0.03012	0.10423	0.03868	0.07731	0.04980	0.14254	0.04363	0.02199	0.01574	0.00931	0.00889	0.00255	0.05578	0.00713	0.00588	0.03464
34	0.13528	0.01652	0.02127	0.29511	0.03529	0.01890	0.01666	0.14957	0.05152	0.09077	0.01738	0.02049	0.01272	0.00879	0.00823	0.00255	0.03461	0.00685	0.00563	0.05185
35	0.02647	0.01956	0.02668	0.02196	0.07383	0.01984	0.11744	0.27773	0.07895	0.13644	0.02112	0.02176	0.01515	0.00879	0.00813	0.00238	0.00891	0.00767	0.00707	0.10011
36	0.02096	0.01895	0.02167	0.09223	0.14784	0.10681	0.01574	0.06455	0.11450	0.06239	0.02359	0.02842	0.04804	0.00979	0.00790	0.00233	0.00868	0.04795	0.00576	0.15190
37	0.02052	0.01498	0.04490	0.01363	0.01767	0.05706	0.01118	0.07543	0.07755	0.16657	0.34949	0.04267	0.04771	0.01322	0.00881	0.00252	0.00621	0.01121	0.00847	0.01021

[dist]
# distance from previous block
# <min> <max>
0	4

[block]
# block no. 5 follows, 23 sequences, length 16
# corresponding to MSA columns:
# 282,283,289-302
name=unknown_F
#
# <colnr> <probs for GDERKNQSTAVLIFYWHMCP>
#	G	D	E	R	K	N	Q	S	T	A	V	L	I	F	Y	W	H	M	C	P
0	0.12598	0.17296	0.02609	0.15689	0.05284	0.04279	0.01544	0.21541	0.02288	0.03199	0.01547	0.01934	0.01246	0.04653	0.00882	0.00263	0.00904	0.00641	0.00529	0.01073
1	0.01556	0.01136	0.01283	0.01179	0.01417	0.01168	0.00858	0.10495	0.08275	0.02651	0.07167	0.09180	0.07698	0.25732	0.04566	0.00481	0.00727	0.04388	0.05471	0.04572
2	0.04708	0.01593	0.02596	0.09213	0.29466	0.01635	0.09031	0.02277	0.06545	0.02504	0.04184	0.07141	0.02072	0.11966	0.01352	0.00342	0.00906	0.00952	0.00489	0.01030
3	0.03035	0.01561	0.01898	0.01542	0.02111	0.01561	0.01245	0.07544	0.24547	0.40922	0.03164	0.02809	0.02138	0.01037	0.00819	0.00259	0.00685	0.00847	0.00930	0.01347
4	0.02365	0.01804	0.01932	0.01615	0.02130	0.01990	0.01291	0.25881	0.31036	0.07254	0.03417	0.03218	0.10078	0.01169	0.00837	0.00262	0.00708	0.00943	0.00821	0.01249
5	0.01050	0.00826	0.00949	0.00918	0.01152	0.00724	0.00688	0.01341	0.02065	0.02704	0.36068	0.06967	0.37925	0.01864	0.00958	0.00265	0.00397	0.01594	0.00821	0.00724
6	0.02378	0.02435	0.03000	0.03679	0.36736	0.17459	0.06264	0.10555	0.04568	0.02835	0.01591	0.01924	0.01282	0.00793	0.00799	0.00237	0.01087	0.00701	0.00474	0.01204
7	0.01113	0.00828	0.01036	0.00984	0.01191	0.00751	0.00738	0.01463	0.02214	0.03057	0.55276	0.06385	0.18496	0.01732	0.00957	0.00259	0.00388	0.01513	0.00867	0.00751
8	0.01206	0.00939	0.01395	0.01367	0.01501	0.01127	0.01073	0.01488	0.01299	0.01889	0.02089	0.03079	0.01955	0.05728	0.63241	0.01231	0.07371	0.00857	0.00429	0.00737
9	0.10179	0.18468	0.28342	0.02299	0.09884	0.09983	0.05207	0.02590	0.01757	0.02482	0.01342	0.01607	0.01055	0.00750	0.00695	0.00231	0.01077	0.00568	0.00380	0.01103
10	0.01705	0.01034	0.01336	0.01214	0.01522	0.00972	0.00961	0.02220	0.07025	0.14662	0.39492	0.05491	0.05624	0.01539	0.00931	0.00267	0.00514	0.09129	0.00875	0.03486
11	0.08325	0.29345	0.21758	0.01669	0.02440	0.05801	0.01774	0.05067	0.01868	0.08129	0.05577	0.01888	0.01544	0.00829	0.00668	0.00221	0.00931	0.00598	0.00473	0.01094
12	0.08474	0.01322	0.01757	0.05888	0.01986	0.01629	0.01309	0.04471	0.03667	0.05549	0.01832	0.02489	0.01594	0.03180	0.29141	0.00714	0.20026	0.00767	0.03331	0.00874
13	0.21658	0.06176	0.06599	0.02018	0.08999	0.21948	0.01526	0.02684	0.05822	0.02636	0.01665	0.04684	0.01479	0.00980	0.00815	0.00250	0.04726	0.03870	0.00482	0.00983
14	0.15413	0.06041	0.06112	0.06756	0.06206	0.19151	0.11845	0.06566	0.01995	0.05895	0.01657	0.05763	0.01381	0.00894	0.00757	0.00245	0.01071	0.00736	0.00493	0.01024
15	0.07226	0.05695	0.02026	0.01781	0.06054	0.12781	0.03678	0.15275	0.05794	0.02850	0.02289	0.13698	0.02246	0.13423	0.01381	0.00346	0.00890	0.01014	0.00593	0.00959

[dist]
# distance from previous block
# <min> <max>
0	3

[block]
# block no. 6 follows, 23 sequences, length 10
# corresponding to MSA columns:
# 306-315
name=unknown_G
#
# <colnr> <probs for GDERKNQSTAVLIFYWHMCP>
#	G	D	E	R	K	N	Q	S	T	A	V	L	I	F	Y	W	H	M	C	P
0	0.01874	0.01404	0.01551	0.01409	0.01756	0.03452	0.01059	0.11651	0.16770	0.07549	0.03245	0.27727	0.03201	0.05274	0.01051	0.00299	0.00650	0.01353	0.00748	0.07977
1	0.01811	0.01850	0.03072	0.14140	0.03373	0.04118	0.22110	0.02330	0.04276	0.02344	0.01518	0.02073	0.01237	0.00963	0.01406	0.00282	0.22448	0.00783	0.03867	0.06001
2	0.01141	0.00844	0.01053	0.01093	0.01243	0.00754	0.00736	0.01291	0.01501	0.02068	0.03591	0.46485	0.04198	0.15864	0.01576	0.00385	0.00555	0.01781	0.00656	0.13183
3	0.01004	0.00718	0.00956	0.01119	0.01180	0.00670	0.00754	0.01170	0.01627	0.02189	0.10572	0.64520	0.05594	0.02455	0.01028	0.00322	0.00462	0.02224	0.00767	0.00670
4	0.02188	0.30891	0.05481	0.01438	0.02001	0.02189	0.01305	0.10999	0.05866	0.10146	0.12423	0.07091	0.02650	0.01076	0.00729	0.00225	0.00746	0.00848	0.00631	0.01078
5	0.41982	0.01621	0.01578	0.06733	0.02081	0.01820	0.01130	0.15763	0.02036	0.08997	0.01644	0.01800	0.01208	0.00844	0.00626	0.00245	0.00704	0.00586	0.07583	0.01019
6	0.01997	0.01854	0.05687	0.19903	0.38264	0.01850	0.02249	0.02669	0.07660	0.07284	0.01790	0.02182	0.01388	0.00802	0.00807	0.00253	0.00953	0.00742	0.00472	0.01196
7	0.07381	0.16143	0.35575	0.05900	0.02987	0.02146	0.02207	0.07603	0.05435	0.02774	0.03643	0.01871	0.01352	0.00822	0.00719	0.00242	0.01005	0.00621	0.00440	0.01134
8	0.01353	0.00924	0.01167	0.01123	0.01346	0.00880	0.00844	0.01836	0.07293	0.07214	0.40506	0.16753	0.10039	0.01763	0.00956	0.00274	0.00454	0.03592	0.00858	0.00826
9	0.02016	0.01960	0.11102	0.04158	0.14005	0.01702	0.01669	0.13243	0.13276	0.07667	0.07293	0.05332	0.10734	0.01157	0.00843	0.00259	0.00784	0.00978	0.00670	0.01151

[dist]
# distance from previous block
# <min> <max>
0	1

[block]
# block no. 7 follows, 23 sequences, length 35
# corresponding to MSA columns:
# 317-351
name=unknown_H
#
# <colnr> <probs for GDERKNQSTAVLIFYWHMCP>
#	G	D	E	R	K	N	Q	S	T	A	V	L	I	F	Y	W	H	M	C	P
0	0.41277	0.10820	0.08186	0.01325	0.01934	0.01878	0.01227	0.05019	0.01745	0.14477	0.04257	0.01830	0.01414	0.00838	0.00617	0.00242	0.00725	0.00574	0.00583	0.01034
1	0.05663	0.01813	0.02088	0.01870	0.07033	0.01925	0.01396	0.31888	0.09510	0.08389	0.02321	0.06802	0.01902	0.01158	0.00900	0.03108	0.00782	0.03540	0.00732	0.07180
2	0.01769	0.07785	0.19407	0.04189	0.05564	0.02120	0.21109	0.02322	0.01664	0.02345	0.01768	0.02203	0.04708	0.00970	0.01292	0.00281	0.18271	0.00794	0.00392	0.01045
3	0.16264	0.02224	0.02243	0.01809	0.02335	0.12805	0.05734	0.22042	0.05229	0.03462	0.01573	0.01771	0.01219	0.00902	0.00927	0.00241	0.08336	0.00637	0.00577	0.09670
4	0.02200	0.01665	0.01839	0.01611	0.02071	0.01848	0.01285	0.14203	0.38936	0.08540	0.07848	0.03607	0.02838	0.01218	0.00859	0.00275	0.00680	0.06422	0.00835	0.01220
5	0.01409	0.00705	0.01057	0.01057	0.01057	0.00705	0.00705	0.01057	0.01057	0.01409	0.01409	0.02467	0.01409	0.02819	0.03171	0.76392	0.00705	0.00705	0.00352	0.00352
6	0.01882	0.03235	0.44283	0.02156	0.05868	0.01738	0.02399	0.05253	0.05896	0.09225	0.08356	0.02367	0.01919	0.00912	0.00801	0.00256	0.01007	0.00741	0.00517	0.01190
7	0.02504	0.01526	0.01784	0.01503	0.01992	0.01594	0.01195	0.08535	0.29812	0.24428	0.12799	0.03320	0.03031	0.01145	0.00842	0.00262	0.00638	0.00954	0.00894	0.01244
8	0.01159	0.00778	0.00891	0.00912	0.00917	0.00773	0.00520	0.01175	0.01221	0.01627	0.02765	0.12436	0.03212	0.63999	0.03794	0.00737	0.00752	0.01302	0.00520	0.00510
9	0.02128	0.66822	0.09041	0.01459	0.02191	0.03110	0.01511	0.02440	0.01654	0.01959	0.01153	0.01333	0.01040	0.00700	0.00540	0.00180	0.00893	0.00446	0.00347	0.01053
10	0.01148	0.00829	0.01085	0.01021	0.01212	0.00766	0.00766	0.01531	0.02297	0.03254	0.65994	0.06061	0.07656	0.01659	0.00957	0.00255	0.00383	0.01467	0.00893	0.00766
11	0.02143	0.01753	0.01867	0.01653	0.02129	0.02007	0.01293	0.07252	0.59154	0.06281	0.03231	0.02962	0.02402	0.01090	0.00825	0.00273	0.00657	0.00904	0.00833	0.01293
12	0.12304	0.07136	0.02156	0.04586	0.05067	0.04196	0.01379	0.10975	0.21525	0.09592	0.02163	0.02196	0.01628	0.00951	0.00867	0.00250	0.05637	0.00710	0.00655	0.06026
13	0.03347	0.01584	0.06474	0.01486	0.02161	0.01233	0.01302	0.03708	0.02230	0.57444	0.02942	0.02604	0.01877	0.00956	0.00796	0.00241	0.00719	0.00775	0.00917	0.07204
14	0.01261	0.01120	0.01225	0.01325	0.06323	0.05569	0.00893	0.01554	0.02040	0.02617	0.29321	0.09111	0.31169	0.01735	0.00934	0.00262	0.00520	0.01484	0.00756	0.00780
15	0.01756	0.02138	0.10686	0.12006	0.08654	0.01918	0.34044	0.02349	0.01765	0.02435	0.01758	0.07432	0.01501	0.00919	0.01053	0.00280	0.06891	0.00953	0.00418	0.01043
16	0.14013	0.06458	0.02222	0.16869	0.02923	0.07379	0.01516	0.23918	0.02471	0.07941	0.02034	0.02200	0.04808	0.00936	0.00747	0.00246	0.00898	0.00708	0.00611	0.01100
17	0.04350	0.00813	0.01177	0.04172	0.01346	0.00827	0.00812	0.01339	0.01176	0.05751	0.01516	0.02430	0.01414	0.02535	0.02815	0.65244	0.00718	0.00703	0.00400	0.00463
18	0.01352	0.01061	0.01349	0.01414	0.05948	0.01061	0.00995	0.03948	0.01937	0.04956	0.17659	0.14200	0.28124	0.01808	0.01119	0.00285	0.07272	0.03967	0.00730	0.00816
19	0.04710	0.02055	0.11525	0.11341	0.28846	0.01788	0.07701	0.02614	0.06713	0.07154	0.01949	0.06557	0.01613	0.00904	0.00820	0.00259	0.00958	0.00841	0.00491	0.01162
20	0.02663	0.01994	0.02221	0.06494	0.02535	0.02172	0.01453	0.48203	0.03245	0.04372	0.02030	0.05552	0.01625	0.04689	0.00979	0.00268	0.00857	0.00812	0.00735	0.07100
21	0.57439	0.03638	0.01611	0.10745	0.05139	0.01898	0.01190	0.05440	0.01566	0.03403	0.01232	0.01498	0.00955	0.00769	0.00575	0.00251	0.00726	0.00506	0.00489	0.00930
22	0.01832	0.01876	0.02966	0.15865	0.03405	0.07920	0.22621	0.02292	0.01716	0.02347	0.01594	0.02161	0.01282	0.01085	0.03687	0.00305	0.13425	0.00782	0.09205	0.03634
23	0.49567	0.01648	0.01517	0.01293	0.01793	0.01868	0.01055	0.11698	0.06638	0.09125	0.01600	0.01716	0.01194	0.00921	0.00749	0.02753	0.02681	0.00568	0.00606	0.01010
24	0.02705	0.01331	0.01675	0.01369	0.01878	0.01247	0.01099	0.03401	0.14168	0.38601	0.13165	0.03608	0.07073	0.01177	0.00841	0.00253	0.00613	0.00982	0.00918	0.03895
25	0.19280	0.01931	0.01915	0.01817	0.07058	0.07015	0.01330	0.13873	0.26140	0.05937	0.02421	0.02384	0.03545	0.00975	0.00745	0.00256	0.00765	0.00751	0.00691	0.01170
26	0.06605	0.02475	0.30070	0.01681	0.02400	0.01463	0.01832	0.02518	0.06748	0.10044	0.21986	0.03266	0.03313	0.01099	0.00821	0.00257	0.00808	0.00909	0.00635	0.01069
27	0.01106	0.00763	0.00900	0.00960	0.00991	0.00740	0.00583	0.01163	0.01337	0.01768	0.03486	0.26576	0.07218	0.45457	0.02959	0.00611	0.00664	0.01572	0.00590	0.00556
28	0.07693	0.36728	0.20412	0.02082	0.07628	0.02547	0.07901	0.02484	0.01687	0.02338	0.01295	0.01551	0.01063	0.00720	0.00649	0.00216	0.00992	0.00551	0.00368	0.01094
29	0.01139	0.00829	0.01072	0.01011	0.01206	0.00762	0.00758	0.01513	0.02275	0.03201	0.63119	0.06148	0.10564	0.01679	0.00957	0.00256	0.00384	0.01480	0.00886	0.00762
30	0.01560	0.01814	0.16382	0.06707	0.02248	0.01384	0.01551	0.02029	0.01910	0.07358	0.29560	0.03877	0.04068	0.04387	0.01286	0.00295	0.10977	0.01043	0.00639	0.00924
31	0.01107	0.00824	0.01029	0.00987	0.01189	0.00746	0.00737	0.01447	0.02185	0.03009	0.52765	0.08750	0.18695	0.01766	0.00960	0.00261	0.00391	0.01545	0.00862	0.00746
32	0.01909	0.32563	0.29409	0.02119	0.03036	0.02476	0.13113	0.02516	0.01722	0.02295	0.01350	0.01624	0.01070	0.00723	0.00698	0.00225	0.01089	0.00593	0.00357	0.01114
33	0.06680	0.01694	0.02725	0.34361	0.09605	0.01933	0.11368	0.07869	0.04494	0.02641	0.01664	0.02343	0.01321	0.00892	0.00927	0.00273	0.04848	0.02892	0.00455	0.01016
34	0.13095	0.04943	0.07763	0.15983	0.22597	0.06130	0.01929	0.05707	0.01805	0.02653	0.01542	0.02170	0.01292	0.00961	0.00901	0.04950	0.00956	0.03152	0.00436	0.01035

[dist]
# distance from previous block
# <min> <max>
6	17

[block]
# block no. 8 follows, 23 sequences, length 24
# corresponding to MSA columns:
# 369-392
name=unknown_I
#
# <colnr> <probs for GDERKNQSTAVLIFYWHMCP>
#	G	D	E	R	K	N	Q	S	T	A	V	L	I	F	Y	W	H	M	C	P
0	0.07246	0.02233	0.02365	0.01822	0.02463	0.02477	0.01505	0.60274	0.03678	0.05031	0.01902	0.01913	0.01352	0.00962	0.00794	0.00244	0.00878	0.00714	0.00794	0.01352
1	0.01277	0.00871	0.01158	0.04734	0.01529	0.00838	0.00906	0.01590	0.03561	0.06634	0.20047	0.36158	0.09524	0.02035	0.00985	0.00300	0.00514	0.05784	0.00786	0.00770
2	0.11930	0.06942	0.02367	0.01751	0.02356	0.08813	0.01444	0.43924	0.05773	0.04349	0.01784	0.01827	0.01310	0.00921	0.00748	0.00238	0.00904	0.00663	0.00706	0.01250
3	0.01224	0.00816	0.01077	0.01081	0.01245	0.00751	0.00784	0.01520	0.02041	0.06193	0.41421	0.28327	0.06568	0.01930	0.00977	0.00281	0.00429	0.01723	0.00851	0.00761
4	0.39290	0.02223	0.14120	0.05791	0.10350	0.05278	0.04769	0.02454	0.01600	0.03070	0.01341	0.01634	0.01035	0.00763	0.00644	0.00249	0.00875	0.00562	0.02952	0.01000
5	0.05286	0.55205	0.08171	0.01723	0.06453	0.07415	0.01561	0.02497	0.01700	0.02080	0.01185	0.01388	0.01050	0.00713	0.00570	0.00189	0.00927	0.00470	0.00362	0.01055
6	0.02981	0.08114	0.02439	0.02023	0.02482	0.57670	0.01554	0.09037	0.02404	0.02283	0.01313	0.01500	0.01077	0.00840	0.00726	0.00210	0.01370	0.00537	0.00452	0.00990
7	0.02553	0.01901	0.02056	0.01710	0.02253	0.02122	0.01369	0.25741	0.37079	0.09890	0.02804	0.02613	0.02037	0.01046	0.00820	0.00262	0.00737	0.00841	0.00837	0.01328
8	0.03174	0.02130	0.02347	0.01799	0.02445	0.02304	0.01486	0.54119	0.03575	0.15049	0.02149	0.02079	0.01481	0.00979	0.00812	0.00245	0.00860	0.00744	0.00843	0.01380
9	0.03321	0.01391	0.01850	0.01404	0.02047	0.01175	0.01155	0.03643	0.02218	0.56495	0.02914	0.02586	0.01877	0.00939	0.00781	0.00230	0.00676	0.00761	0.00919	0.13618
10	0.02598	0.01152	0.01538	0.01258	0.01709	0.01011	0.01008	0.02931	0.02287	0.40539	0.25990	0.04225	0.07593	0.01297	0.00874	0.00254	0.00565	0.01099	0.00951	0.01122
11	0.01018	0.00729	0.00971	0.01130	0.01199	0.00681	0.00774	0.01196	0.01651	0.02222	0.11636	0.61213	0.05609	0.02429	0.01030	0.00322	0.00470	0.04276	0.00769	0.00675
12	0.00959	0.00822	0.00822	0.00822	0.01096	0.00685	0.00617	0.01165	0.01850	0.02192	0.08220	0.07809	0.66092	0.02055	0.00959	0.00274	0.00411	0.01713	0.00754	0.00685
13	0.01128	0.00829	0.01057	0.01000	0.01200	0.00757	0.00750	0.01492	0.02249	0.03141	0.59859	0.06247	0.13861	0.01701	0.00957	0.00257	0.00386	0.01493	0.00878	0.00757
14	0.01180	0.00787	0.00885	0.00885	0.00885	0.00787	0.00492	0.01180	0.01180	0.01573	0.02557	0.05310	0.02950	0.71483	0.04130	0.00787	0.00787	0.01180	0.00492	0.00492
15	0.03085	0.02273	0.02435	0.01867	0.02516	0.02516	0.01542	0.63716	0.03815	0.05114	0.01948	0.01948	0.01380	0.00974	0.00812	0.00244	0.00893	0.00731	0.00812	0.01380
16	0.02413	0.52682	0.03699	0.01587	0.02203	0.21625	0.01439	0.02659	0.01833	0.01931	0.01164	0.01347	0.01042	0.00734	0.00580	0.00184	0.01036	0.00459	0.00367	0.01013
17	0.02101	0.67186	0.04054	0.01383	0.02040	0.03063	0.01363	0.02364	0.01626	0.01907	0.01198	0.01429	0.01108	0.01057	0.05081	0.00250	0.00956	0.00463	0.00353	0.01020
18	0.01220	0.00855	0.01114	0.05756	0.01526	0.00805	0.00847	0.01403	0.01601	0.05476	0.04270	0.44566	0.11537	0.09380	0.01299	0.00351	0.00557	0.01831	0.00697	0.04908
19	0.38337	0.02288	0.12352	0.08844	0.02524	0.08831	0.01521	0.07179	0.06077	0.03218	0.01439	0.01652	0.01089	0.00811	0.00648	0.00251	0.00878	0.00559	0.00497	0.01005
20	0.05627	0.02908	0.02336	0.01932	0.02480	0.29678	0.01530	0.36574	0.03104	0.03769	0.01633	0.01726	0.01224	0.00909	0.00768	0.00230	0.01120	0.00634	0.00638	0.01181
21	0.01601	0.06280	0.02603	0.61522	0.08516	0.01905	0.02207	0.02119	0.01636	0.02092	0.01425	0.02096	0.01090	0.00799	0.00791	0.00262	0.01061	0.00702	0.00362	0.00931
22	0.06907	0.01687	0.02671	0.36350	0.27814	0.01898	0.02202	0.06337	0.01836	0.02596	0.01486	0.02034	0.01164	0.00785	0.00788	0.00256	0.00995	0.00703	0.00415	0.01075
23	0.04665	0.05274	0.04746	0.41002	0.07743	0.01857	0.04499	0.02428	0.10101	0.02452	0.05954	0.02435	0.01708	0.00886	0.00800	0.00262	0.00957	0.00776	0.00466	0.00989

[dist]
# distance from previous block
# <min> <max>
0	2

[block]
# block no. 9 follows, 23 sequences, length 18
# corresponding to MSA columns:
# 397-414
name=unknown_J
#
# <colnr> <probs for GDERKNQSTAVLIFYWHMCP>
#	G	D	E	R	K	N	Q	S	T	A	V	L	I	F	Y	W	H	M	C	P
0	0.01843	0.11656	0.33298	0.03161	0.23847	0.02077	0.07859	0.02529	0.01766	0.02517	0.01454	0.01799	0.01131	0.00738	0.00767	0.00243	0.01096	0.00650	0.00368	0.01199
1	0.11771	0.06670	0.02041	0.04909	0.05755	0.04259	0.01309	0.11409	0.08948	0.19987	0.10919	0.02850	0.02460	0.01039	0.00778	0.00249	0.00742	0.02022	0.00742	0.01143
2	0.01782	0.01520	0.02273	0.04877	0.31829	0.03984	0.01736	0.02154	0.06179	0.02311	0.01995	0.03175	0.01858	0.01511	0.01460	0.19994	0.00866	0.09084	0.00467	0.00945
3	0.02338	0.07504	0.05241	0.11926	0.24135	0.19257	0.01991	0.10142	0.04990	0.02678	0.01544	0.01864	0.01234	0.00811	0.00766	0.00234	0.01088	0.00655	0.00463	0.01136
4	0.01833	0.21371	0.39984	0.02530	0.13921	0.02236	0.02494	0.02520	0.01719	0.02412	0.01383	0.01657	0.01075	0.00743	0.00712	0.00233	0.01073	0.00578	0.00354	0.01173
5	0.01257	0.00795	0.01058	0.01130	0.01263	0.00731	0.00794	0.01473	0.01803	0.07971	0.19481	0.49115	0.05639	0.02192	0.00997	0.00304	0.00468	0.01972	0.00809	0.00748
6	0.01747	0.01722	0.03071	0.25239	0.29854	0.01802	0.13263	0.02260	0.01787	0.02415	0.02098	0.02592	0.06809	0.00860	0.00847	0.00259	0.01027	0.00850	0.00420	0.01075
7	0.01871	0.08452	0.45867	0.02049	0.03078	0.01966	0.02434	0.10788	0.01990	0.02877	0.01498	0.01712	0.01098	0.00772	0.00738	0.00232	0.01060	0.00591	0.00424	0.10505
8	0.01712	0.01095	0.01451	0.01507	0.01787	0.01103	0.01289	0.02314	0.09721	0.11303	0.04025	0.07530	0.04038	0.01933	0.01043	0.00345	0.00727	0.45388	0.00792	0.00899
9	0.01180	0.00854	0.01012	0.01043	0.01276	0.00762	0.00809	0.01434	0.01890	0.05459	0.13870	0.16362	0.36029	0.02058	0.00992	0.00297	0.00491	0.12664	0.00782	0.00736
10	0.01659	0.01188	0.01423	0.01329	0.01591	0.01252	0.00999	0.07559	0.15628	0.07540	0.18991	0.23974	0.04463	0.04573	0.01126	0.00306	0.03212	0.01448	0.00801	0.00936
11	0.01748	0.01768	0.02788	0.15189	0.03078	0.02296	0.10235	0.02063	0.01406	0.02063	0.01215	0.01906	0.01091	0.01204	0.02078	0.00328	0.47517	0.00746	0.00364	0.00918
12	0.01621	0.03448	0.50228	0.02063	0.03038	0.01764	0.02490	0.02678	0.10363	0.02766	0.09677	0.02428	0.02043	0.00925	0.00801	0.00259	0.01023	0.00750	0.00476	0.01157
13	0.02011	0.11750	0.42005	0.02320	0.06592	0.01968	0.07667	0.02739	0.01812	0.11233	0.01673	0.01862	0.01194	0.00783	0.00764	0.00247	0.01092	0.00646	0.00442	0.01200
14	0.01854	0.27222	0.36936	0.02149	0.03122	0.02364	0.10838	0.02526	0.01719	0.02347	0.01369	0.01638	0.01061	0.00732	0.00711	0.00231	0.01109	0.00592	0.00354	0.01130
15	0.02128	0.01779	0.02460	0.23212	0.06345	0.01978	0.06960	0.15797	0.18608	0.05640	0.02120	0.02337	0.01570	0.00903	0.00817	0.00257	0.00909	0.00786	0.00613	0.04779
16	0.01271	0.01050	0.01324	0.01237	0.01324	0.01193	0.00913	0.01429	0.01535	0.02100	0.13509	0.10270	0.15771	0.23107	0.02376	0.00453	0.18558	0.01299	0.00592	0.00689
17	0.07683	0.00991	0.01157	0.01099	0.01362	0.00894	0.00780	0.01509	0.01570	0.02363	0.07525	0.32623	0.03709	0.12133	0.01335	0.00332	0.00559	0.01446	0.00632	0.20298

[dist]
# distance from previous block
# <min> <max>
16	30

[block]
# block no. 10 follows, 23 sequences, length 106
# corresponding to MSA columns:
# 503-608
name=unknown_K
#
# <colnr> <probs for GDERKNQSTAVLIFYWHMCP>
#	G	D	E	R	K	N	Q	S	T	A	V	L	I	F	Y	W	H	M	C	P
