[name]
unknown

[dist]
# distance from previous block
# <min> <max>
0	24

[block]
# block no. 0 follows, 22 sequences, length 118
# corresponding to MSA columns:
# 24-141
name=unknown_A
#
# <colnr> <probs for GDERKNQSTAVLIFYWHMCP>
#	G	D	E	R	K	N	Q	S	T	A	V	L	I	F	Y	W	H	M	C	P
0	0.06136	0.11240	0.07350	0.01743	0.02307	0.06529	0.01548	0.16565	0.09578	0.12399	0.02325	0.02932	0.01890	0.01127	0.00937	0.00267	0.05571	0.07702	0.00679	0.01175
1	0.02279	0.02430	0.15172	0.07667	0.22222	0.08658	0.02100	0.02978	0.08162	0.13173	0.02136	0.05720	0.01684	0.00952	0.00826	0.00259	0.00991	0.00813	0.00562	0.01216
2	0.02368	0.02233	0.09464	0.05920	0.19255	0.05956	0.01897	0.15114	0.11353	0.09424	0.04274	0.02589	0.04451	0.00980	0.00833	0.00256	0.00919	0.00820	0.00642	0.01252
3	0.01668	0.06596	0.49755	0.02466	0.10005	0.01863	0.02682	0.02477	0.01804	0.02623	0.05117	0.02361	0.05200	0.00904	0.00803	0.00259	0.01097	0.00732	0.00411	0.01177
4	0.02126	0.01995	0.03176	0.11189	0.54008	0.05023	0.02425	0.02605	0.01911	0.05259	0.01612	0.02078	0.01314	0.00767	0.00820	0.00249	0.01012	0.00734	0.00433	0.01264
5	0.01995	0.01794	0.02345	0.09055	0.06418	0.02031	0.07518	0.06389	0.39062	0.03163	0.02946	0.02958	0.04806	0.01085	0.00959	0.00282	0.04359	0.00926	0.00700	0.01212
6	0.01476	0.01048	0.01240	0.01252	0.04418	0.01069	0.00765	0.08531	0.01689	0.02288	0.09660	0.04951	0.03298	0.51168	0.03286	0.00650	0.00780	0.01164	0.00584	0.00683
7	0.01957	0.01989	0.05759	0.20386	0.38368	0.01982	0.09619	0.05096	0.01926	0.02669	0.01572	0.02103	0.01252	0.00771	0.00842	0.00259	0.01072	0.00764	0.00418	0.01196
8	0.01208	0.00805	0.00906	0.00906	0.00906	0.00805	0.00503	0.01208	0.01208	0.01611	0.02618	0.05436	0.03020	0.70804	0.04228	0.00805	0.00805	0.01208	0.00503	0.00503
9	0.01153	0.00836	0.01086	0.01049	0.01233	0.00770	0.00777	0.01513	0.02260	0.03172	0.57135	0.12652	0.09639	0.01803	0.00988	0.00270	0.00402	0.01597	0.00895	0.00770
10	0.01137	0.00848	0.01056	0.01004	0.01217	0.00767	0.00753	0.01492	0.02259	0.03112	0.53716	0.06567	0.19444	0.01780	0.00980	0.00265	0.00398	0.01553	0.00886	0.00767
11	0.01174	0.00847	0.01112	0.01065	0.01255	0.00785	0.00801	0.01556	0.02306	0.03254	0.60713	0.08958	0.07643	0.01755	0.00989	0.00268	0.00408	0.03428	0.00904	0.00779
12	0.76672	0.01607	0.01221	0.01092	0.01607	0.01864	0.00900	0.02442	0.01414	0.03727	0.01157	0.01350	0.00900	0.00771	0.00514	0.00257	0.00643	0.00450	0.00514	0.00900
13	0.76672	0.01607	0.01221	0.01092	0.01607	0.01864	0.00900	0.02442	0.01414	0.03727	0.01157	0.01350	0.00900	0.00771	0.00514	0.00257	0.00643	0.00450	0.00514	0.00900
14	0.76672	0.01607	0.01221	0.01092	0.01607	0.01864	0.00900	0.02442	0.01414	0.03727	0.01157	0.01350	0.00900	0.00771	0.00514	0.00257	0.00643	0.00450	0.00514	0.00900
15	0.00993	0.00842	0.00857	0.00854	0.01129	0.00706	0.00640	0.01214	0.01920	0.02308	0.11752	0.07890	0.61909	0.02080	0.00982	0.00279	0.00419	0.01739	0.00780	0.00706
16	0.03698	0.01461	0.01957	0.01501	0.02144	0.01291	0.01240	0.07100	0.02457	0.63034	0.03211	0.02784	0.02023	0.01027	0.00835	0.00257	0.00718	0.00831	0.01018	0.01414
17	0.76672	0.01607	0.01221	0.01092	0.01607	0.01864	0.00900	0.02442	0.01414	0.03727	0.01157	0.01350	0.00900	0.00771	0.00514	0.00257	0.00643	0.00450	0.00514	0.00900
18	0.01176	0.00849	0.01110	0.01045	0.01241	0.00784	0.00784	0.01568	0.02352	0.03331	0.65184	0.06206	0.07839	0.01698	0.00980	0.00261	0.00392	0.01502	0.00914	0.00784
19	0.02066	0.01785	0.01878	0.01691	0.02160	0.02066	0.01315	0.04414	0.64121	0.03475	0.03381	0.03099	0.02536	0.01127	0.00845	0.00282	0.00657	0.00939	0.00845	0.01315
20	0.01549	0.00774	0.00774	0.00774	0.00968	0.00774	0.00581	0.01936	0.01742	0.03097	0.02710	0.03097	0.02129	0.00968	0.00581	0.00194	0.00387	0.00774	0.75416	0.00774
21	0.02346	0.01157	0.01521	0.01269	0.01675	0.01053	0.01006	0.05509	0.02436	0.29945	0.36080	0.04581	0.05096	0.01382	0.00912	0.00259	0.00549	0.01185	0.00959	0.01079
22	0.01666	0.04297	0.66500	0.02368	0.03596	0.01929	0.03069	0.02631	0.01754	0.02631	0.01491	0.01754	0.01052	0.00789	0.00789	0.00263	0.01228	0.00614	0.00351	0.01228
23	0.01965	0.02229	0.04833	0.03574	0.07119	0.02095	0.59883	0.02656	0.01958	0.02663	0.01675	0.02233	0.01263	0.00702	0.00973	0.00279	0.01382	0.00970	0.00420	0.01129
24	0.01010	0.00730	0.00957	0.01139	0.01200	0.00676	0.00763	0.01159	0.01608	0.02128	0.04796	0.66733	0.08883	0.02574	0.01056	0.00334	0.00479	0.02327	0.00771	0.00676
25	0.03190	0.01637	0.01991	0.01571	0.02141	0.01615	0.01271	0.23606	0.02774	0.37147	0.02917	0.08195	0.02167	0.04537	0.01017	0.00288	0.00764	0.00949	0.00915	0.01309
26	0.02755	0.01982	0.02174	0.01740	0.02284	0.02171	0.01402	0.46354	0.06316	0.07070	0.02384	0.08307	0.01964	0.04991	0.03867	0.00334	0.00905	0.00932	0.00801	0.01268
27	0.02042	0.02387	0.07108	0.03340	0.04173	0.04484	0.55475	0.05246	0.02050	0.02747	0.01672	0.02184	0.01252	0.00722	0.00958	0.00276	0.01377	0.00940	0.00435	0.01131
28	0.01121	0.00810	0.00890	0.00906	0.00999	0.00762	0.00566	0.01199	0.01455	0.01852	0.04605	0.11530	0.22851	0.43585	0.02947	0.00602	0.00658	0.01474	0.00610	0.00580
29	0.01753	0.01527	0.01867	0.01354	0.02081	0.01205	0.03627	0.02251	0.05346	0.02750	0.01596	0.01824	0.01307	0.00648	0.00644	0.00139	0.00651	0.00539	0.00510	0.68383
30	0.03101	0.02309	0.02539	0.02077	0.05848	0.02545	0.01629	0.59723	0.03801	0.05105	0.01972	0.01998	0.01408	0.00984	0.00831	0.00249	0.00918	0.00748	0.00809	0.01408
31	0.02843	0.17297	0.18028	0.01688	0.02480	0.01871	0.01714	0.03381	0.04316	0.34643	0.02389	0.02254	0.01617	0.00905	0.00759	0.00242	0.00870	0.00701	0.00712	0.01290
32	0.02224	0.42055	0.18546	0.05602	0.02710	0.02682	0.01854	0.06117	0.01884	0.07320	0.01467	0.01638	0.01163	0.00777	0.00651	0.00214	0.00968	0.00549	0.00435	0.01143
33	0.01124	0.00840	0.01044	0.01008	0.01213	0.00759	0.00750	0.01462	0.02207	0.03024	0.49319	0.10521	0.19983	0.01841	0.00985	0.00270	0.00404	0.01609	0.00875	0.00759
34	0.03019	0.01243	0.01670	0.01347	0.01855	0.01091	0.01085	0.03345	0.02291	0.48370	0.13679	0.07337	0.03228	0.01229	0.00858	0.00259	0.00623	0.01032	0.05210	0.01229
35	0.01012	0.00723	0.00964	0.01157	0.01205	0.00675	0.00771	0.01157	0.01591	0.02121	0.04579	0.70262	0.05495	0.02603	0.01060	0.00337	0.00482	0.02362	0.00771	0.00675
36	0.01019	0.00799	0.00923	0.00985	0.01169	0.00702	0.00703	0.01229	0.01842	0.02342	0.14497	0.30876	0.35492	0.02235	0.01011	0.00299	0.00440	0.01946	0.00790	0.00702
37	0.02066	0.01785	0.01878	0.01691	0.02160	0.02066	0.01315	0.04414	0.64121	0.03475	0.03381	0.03099	0.02536	0.01127	0.00845	0.00282	0.00657	0.00939	0.00845	0.01315
38	0.03727	0.01414	0.01928	0.01478	0.02121	0.01221	0.01221	0.04049	0.02378	0.66198	0.03277	0.02828	0.02056	0.01028	0.00835	0.00257	0.00707	0.00835	0.01028	0.01414
39	0.30273	0.01740	0.01827	0.01458	0.02060	0.01836	0.01204	0.19937	0.02453	0.26246	0.02142	0.02053	0.01453	0.00925	0.00717	0.00255	0.00741	0.00670	0.00785	0.01225
40	0.01754	0.01502	0.01801	0.03761	0.02113	0.01262	0.01097	0.04565	0.01779	0.02726	0.01596	0.04429	0.01392	0.00765	0.00772	0.00156	0.04641	0.00598	0.00505	0.62784
41	0.01413	0.01260	0.01731	0.01645	0.01667	0.01591	0.01269	0.01569	0.01419	0.02039	0.02794	0.34086	0.03241	0.05024	0.02010	0.00371	0.34013	0.01515	0.00561	0.00781
42	0.01040	0.00844	0.00922	0.00902	0.01158	0.00726	0.00677	0.01304	0.02030	0.02568	0.25329	0.07462	0.48169	0.01983	0.00981	0.00275	0.00412	0.01679	0.00814	0.00726
43	0.02056	0.01974	0.03372	0.05099	0.65622	0.01974	0.02550	0.02550	0.01892	0.02714	0.01563	0.02056	0.01316	0.00740	0.00822	0.00247	0.00987	0.00740	0.00411	0.01316
44	0.03246	0.01532	0.01998	0.01733	0.05729	0.01461	0.01318	0.04049	0.16734	0.47988	0.03204	0.02847	0.02126	0.01035	0.00837	0.00262	0.00711	0.00854	0.00951	0.01385
45	0.01176	0.00849	0.01110	0.01045	0.01241	0.00784	0.00784	0.01568	0.02352	0.03331	0.65184	0.06206	0.07839	0.01698	0.00980	0.00261	0.00392	0.01502	0.00914	0.00784
46	0.02106	0.01769	0.01862	0.01660	0.02128	0.02035	0.01296	0.07732	0.57636	0.03561	0.03268	0.03034	0.02451	0.01112	0.00832	0.00276	0.00660	0.00920	0.04366	0.01295
47	0.03103	0.03959	0.02354	0.02140	0.02568	0.67469	0.01605	0.03317	0.02354	0.02033	0.01284	0.01498	0.01070	0.00856	0.00749	0.00214	0.01498	0.00535	0.00428	0.00963
48	0.01217	0.00892	0.01201	0.01193	0.01269	0.00998	0.00846	0.01380	0.01294	0.01813	0.02451	0.07549	0.02588	0.31941	0.35308	0.01022	0.04818	0.01087	0.00482	0.00650
49	0.01989	0.01905	0.03250	0.13911	0.57337	0.01956	0.02516	0.02490	0.01860	0.02632	0.01551	0.02078	0.01287	0.00753	0.00824	0.00251	0.01004	0.00740	0.00405	0.01262
50	0.01938	0.02197	0.04762	0.07283	0.04422	0.02086	0.59114	0.02630	0.01943	0.02630	0.01669	0.02239	0.01252	0.00708	0.00972	0.00280	0.01384	0.00966	0.00417	0.01109
51	0.01166	0.00849	0.01097	0.01035	0.01235	0.00780	0.00776	0.01549	0.02328	0.03276	0.62308	0.06296	0.10748	0.01719	0.00980	0.00262	0.00393	0.01515	0.00907	0.00780
52	0.03215	0.02235	0.02436	0.01868	0.02530	0.02440	0.01543	0.56944	0.03752	0.11360	0.02123	0.02078	0.01477	0.01000	0.00831	0.00250	0.00893	0.00757	0.00851	0.01413
53	0.01916	0.01831	0.03118	0.23454	0.48365	0.01937	0.02480	0.02427	0.01825	0.02544	0.01538	0.02102	0.01256	0.00766	0.00825	0.00255	0.01022	0.00740	0.00399	0.01203
54	0.01920	0.01651	0.01785	0.04038	0.02163	0.01886	0.01273	0.03937	0.53739	0.03344	0.08111	0.03577	0.06504	0.01215	0.00862	0.00280	0.00641	0.01020	0.00829	0.01226
55	0.01020	0.00729	0.00971	0.01151	0.01207	0.00680	0.00772	0.01177	0.01627	0.02180	0.07523	0.67150	0.05608	0.02559	0.01056	0.00334	0.00478	0.02320	0.00778	0.00680
56	0.01680	0.04202	0.63652	0.02420	0.03630	0.01937	0.05822	0.02632	0.01763	0.02632	0.01500	0.01776	0.01062	0.00785	0.00798	0.00264	0.01236	0.00631	0.00354	0.01223
57	0.01855	0.25205	0.44615	0.02176	0.05506	0.02356	0.02533	0.02583	0.01739	0.02422	0.01388	0.01633	0.01067	0.00763	0.00710	0.00236	0.01112	0.00566	0.00355	0.01180
58	0.01208	0.00805	0.00906	0.00906	0.00906	0.00805	0.00503	0.01208	0.01208	0.01611	0.02618	0.05436	0.03020	0.70804	0.04228	0.00805	0.00805	0.01208	0.00503	0.00503
59	0.06855	0.57388	0.06790	0.01503	0.02209	0.06356	0.01481	0.05324	0.01810	0.02250	0.01216	0.01392	0.01071	0.00739	0.00568	0.00192	0.00921	0.00471	0.00391	0.01074
60	0.01145	0.00848	0.01067	0.01012	0.01222	0.00771	0.00759	0.01507	0.02278	0.03157	0.56058	0.06493	0.17073	0.01764	0.00980	0.00264	0.00397	0.01543	0.00891	0.00771
61	0.01660	0.04066	0.61365	0.02443	0.06220	0.01886	0.02963	0.02574	0.01754	0.02616	0.01606	0.04251	0.01225	0.00853	0.00801	0.00265	0.01190	0.00683	0.00369	0.01212
62	0.01666	0.04297	0.66500	0.02368	0.03596	0.01929	0.03069	0.02631	0.01754	0.02631	0.01491	0.01754	0.01052	0.00789	0.00789	0.00263	0.01228	0.00614	0.00351	0.01228
63	0.01837	0.01944	0.03882	0.26241	0.12332	0.01997	0.34426	0.02461	0.01849	0.02482	0.01596	0.02209	0.01214	0.00750	0.00909	0.00275	0.01249	0.00867	0.00401	0.01076
64	0.01806	0.01526	0.01768	0.01270	0.02004	0.01193	0.01019	0.05632	0.01850	0.02854	0.01507	0.01738	0.01241	0.00637	0.00628	0.00130	0.00633	0.00507	0.00512	0.71544
65	0.02796	0.02031	0.02198	0.01724	0.02316	0.02197	0.01398	0.45508	0.08372	0.07414	0.02505	0.02625	0.04859	0.05333	0.01038	0.00282	0.00837	0.00834	0.00802	0.04931
66	0.02886	0.02188	0.02391	0.05666	0.02685	0.02450	0.01576	0.49679	0.13806	0.04766	0.02196	0.02191	0.01583	0.01009	0.00833	0.00256	0.00882	0.00779	0.00807	0.01369
67	0.01203	0.03762	0.01212	0.01037	0.01253	0.00881	0.00785	0.01557	0.02234	0.03104	0.54817	0.06127	0.12390	0.04714	0.01103	0.00283	0.00433	0.01468	0.00861	0.00776
68	0.01012	0.00723	0.00964	0.01157	0.01205	0.00675	0.00771	0.01157	0.01591	0.02121	0.04579	0.70262	0.05495	0.02603	0.01060	0.00337	0.00482	0.02362	0.00771	0.00675
69	0.01662	0.04015	0.59755	0.02377	0.03535	0.01888	0.06621	0.02585	0.01794	0.02664	0.04389	0.01986	0.01373	0.00825	0.00810	0.00264	0.01200	0.00677	0.00381	0.01201
70	0.06188	0.06176	0.49995	0.02426	0.07183	0.01944	0.05441	0.02694	0.01786	0.06412	0.01577	0.01819	0.01129	0.00792	0.00777	0.00259	0.01144	0.00636	0.00407	0.01214
71	0.02121	0.02087	0.03242	0.04763	0.58875	0.05999	0.02436	0.02681	0.04740	0.02707	0.01628	0.02069	0.01356	0.00765	0.00819	0.00246	0.01003	0.00737	0.00432	0.01294
72	0.01217	0.00847	0.01116	0.01116	0.01203	0.00922	0.00780	0.01391	0.01304	0.01860	0.02424	0.04195	0.02488	0.33885	0.36174	0.01039	0.01502	0.01021	0.04876	0.00640
73	0.01811	0.01529	0.01770	0.01272	0.02006	0.01198	0.01021	0.05822	0.01857	0.02862	0.01508	0.01739	0.01242	0.00639	0.00628	0.00131	0.00634	0.00508	0.00513	0.71311
74	0.03057	0.03720	0.02342	0.02100	0.02549	0.58976	0.01589	0.08247	0.05482	0.02366	0.01444	0.01617	0.01169	0.00881	0.00760	0.00220	0.01409	0.00572	0.00481	0.01017
75	0.01020	0.00737	0.00965	0.01132	0.01202	0.00683	0.00764	0.01183	0.01653	0.02199	0.08364	0.62870	0.09116	0.02520	0.01051	0.00330	0.00473	0.02276	0.00780	0.00683
76	0.02026	0.01808	0.02484	0.10027	0.25566	0.01981	0.01859	0.06216	0.29421	0.03135	0.05009	0.02702	0.02106	0.00972	0.00840	0.00266	0.00826	0.00860	0.00639	0.01256
77	0.01157	0.00846	0.01069	0.01015	0.01208	0.00776	0.00750	0.01505	0.02232	0.03109	0.55230	0.06351	0.13729	0.05985	0.01179	0.00297	0.00420	0.01511	0.00874	0.00758
78	0.00993	0.00835	0.00862	0.00870	0.01133	0.00704	0.00647	0.01209	0.01900	0.02292	0.11074	0.11433	0.58987	0.02112	0.00986	0.00283	0.00423	0.01775	0.00779	0.00704
79	0.01877	0.01992	0.03517	0.02726	0.03073	0.02361	0.26900	0.02272	0.01556	0.02272	0.01334	0.01992	0.01161	0.01143	0.02006	0.00329	0.41273	0.00832	0.00387	0.00996
80	0.03158	0.02327	0.02493	0.01911	0.02576	0.02576	0.01579	0.62852	0.03906	0.05236	0.01995	0.01995	0.01413	0.00997	0.00831	0.00249	0.00914	0.00748	0.00831	0.01413
81	0.03727	0.01414	0.01928	0.01478	0.02121	0.01221	0.01221	0.04049	0.02378	0.66198	0.03277	0.02828	0.02056	0.01028	0.00835	0.00257	0.00707	0.00835	0.01028	0.01414
82	0.01176	0.00849	0.01110	0.01045	0.01241	0.00784	0.00784	0.01568	0.02352	0.03331	0.65184	0.06206	0.07839	0.01698	0.00980	0.00261	0.00392	0.01502	0.00914	0.00784
83	0.01985	0.02057	0.06046	0.17433	0.44254	0.04740	0.02413	0.02610	0.05516	0.02607	0.01637	0.02111	0.01323	0.00788	0.00821	0.00254	0.01025	0.00737	0.00426	0.01218
84	0.09131	0.02019	0.05925	0.02058	0.09211	0.02011	0.01560	0.28508	0.09013	0.10846	0.05548	0.06220	0.02084	0.01081	0.00822	0.00260	0.00817	0.00872	0.00753	0.01262
85	0.01012	0.00723	0.00964	0.01157	0.01205	0.00675	0.00771	0.01157	0.01591	0.02121	0.04579	0.70262	0.05495	0.02603	0.01060	0.00337	0.00482	0.02362	0.00771	0.00675
86	0.02037	0.06383	0.03027	0.05038	0.09947	0.10726	0.11975	0.02375	0.01663	0.02255	0.01371	0.01926	0.01195	0.01075	0.01645	0.00293	0.31057	0.00732	0.04281	0.01001
87	0.06723	0.01580	0.01871	0.01548	0.02111	0.01609	0.01244	0.04121	0.28315	0.36635	0.03214	0.02867	0.02200	0.01057	0.00823	0.00267	0.00683	0.00860	0.00925	0.01346
88	0.01962	0.04973	0.09288	0.17393	0.18345	0.02047	0.15706	0.02595	0.04621	0.05716	0.01670	0.02136	0.01294	0.00856	0.01031	0.00273	0.07736	0.00782	0.00442	0.01135
89	0.02545	0.02468	0.10637	0.02503	0.03286	0.02263	0.23364	0.30237	0.05104	0.06289	0.01925	0.02126	0.01383	0.00874	0.00880	0.00263	0.01105	0.00825	0.00638	0.01284
90	0.01802	0.01797	0.02541	0.06272	0.02398	0.02502	0.01848	0.02007	0.01296	0.02007	0.01114	0.01842	0.01092	0.01416	0.02610	0.00358	0.65098	0.00728	0.00364	0.00910
91	0.01865	0.01354	0.01538	0.05274	0.01919	0.01477	0.01123	0.13480	0.17220	0.03410	0.09085	0.10185	0.03088	0.01315	0.00825	0.00262	0.00622	0.04518	0.20421	0.01020
92	0.01077	0.00779	0.01017	0.01097	0.01216	0.00720	0.00770	0.01324	0.01911	0.02615	0.29194	0.41607	0.09149	0.02215	0.01024	0.00304	0.00443	0.01988	0.00829	0.00720
93	0.01696	0.03163	0.37782	0.02631	0.06158	0.01877	0.17561	0.02443	0.01766	0.02552	0.01844	0.09119	0.01587	0.00995	0.00979	0.00280	0.05122	0.00902	0.00416	0.01128
94	0.02066	0.01785	0.01878	0.01691	0.02160	0.02066	0.01315	0.04414	0.64121	0.03475	0.03381	0.03099	0.02536	0.01127	0.00845	0.00282	0.00657	0.00939	0.00845	0.01315
95	0.02409	0.06695	0.28581	0.01824	0.02657	0.01678	0.01965	0.03195	0.08055	0.24759	0.07764	0.02615	0.02130	0.00979	0.00812	0.00258	0.00900	0.00789	0.00682	0.01253
96	0.02298	0.65393	0.04178	0.01485	0.02170	0.08920	0.01438	0.02560	0.01746	0.01961	0.01166	0.01347	0.01066	0.00723	0.00552	0.00181	0.00942	0.00452	0.00362	0.01057
97	0.64607	0.01745	0.05101	0.04320	0.01942	0.01829	0.01109	0.02532	0.01501	0.07229	0.01314	0.01499	0.00986	0.00790	0.00563	0.00258	0.00702	0.00495	0.00528	0.00950
98	0.06066	0.01615	0.02731	0.36623	0.10784	0.01864	0.10781	0.02169	0.01671	0.02344	0.01724	0.07927	0.01512	0.01010	0.01034	0.00286	0.07574	0.00894	0.00423	0.00968
99	0.01546	0.01642	0.08774	0.05464	0.05116	0.04663	0.04918	0.05449	0.02274	0.03116	0.38568	0.04652	0.07686	0.01379	0.00923	0.00260	0.00700	0.01212	0.00733	0.00927
100	0.01180	0.00827	0.00992	0.00989	0.01055	0.00839	0.00633	0.01277	0.01355	0.01817	0.06078	0.05310	0.09311	0.48187	0.15963	0.00829	0.01021	0.01215	0.00538	0.00582
101	0.34045	0.01583	0.01897	0.09623	0.02348	0.01900	0.04861	0.02275	0.01484	0.05334	0.01456	0.01999	0.01221	0.04930	0.01345	0.00314	0.17459	0.00658	0.04360	0.00909
102	0.01187	0.00890	0.01335	0.01335	0.01483	0.01038	0.01038	0.01483	0.01335	0.01928	0.02225	0.03264	0.02077	0.06231	0.67512	0.01335	0.02225	0.00890	0.00445	0.00742
103	0.09769	0.07077	0.48217	0.06143	0.07849	0.01989	0.02673	0.02569	0.01719	0.02691	0.01442	0.01737	0.01059	0.00782	0.00751	0.00258	0.01124	0.00604	0.00374	0.01173
104	0.01971	0.01873	0.03183	0.11474	0.56361	0.01911	0.02466	0.02465	0.01869	0.02642	0.01692	0.02428	0.01463	0.00825	0.00839	0.00256	0.00989	0.03621	0.00424	0.01249
105	0.01012	0.00723	0.00964	0.01157	0.01205	0.00675	0.00771	0.01157	0.01591	0.02121	0.04579	0.70262	0.05495	0.02603	0.01060	0.00337	0.00482	0.02362	0.00771	0.00675
106	0.01549	0.00774	0.00774	0.00774	0.00968	0.00774	0.00581	0.01936	0.01742	0.03097	0.02710	0.03097	0.02129	0.00968	0.00581	0.00194	0.00387	0.00774	0.75416	0.00774
107	0.00999	0.00815	0.00884	0.00925	0.01147	0.00699	0.00671	0.01204	0.01848	0.02272	0.10478	0.22233	0.48543	0.02198	0.01000	0.00293	0.00433	0.01880	0.00779	0.00699
108	0.01549	0.00774	0.00774	0.00774	0.00968	0.00774	0.00581	0.01936	0.01742	0.03097	0.02710	0.03097	0.02129	0.00968	0.00581	0.00194	0.00387	0.00774	0.75416	0.00774
109	0.05561	0.02132	0.02284	0.01810	0.02427	0.02363	0.01478	0.44806	0.16590	0.08358	0.02336	0.02256	0.01672	0.01019	0.00823	0.00257	0.00838	0.00783	0.00834	0.01374
110	0.76672	0.01607	0.01221	0.01092	0.01607	0.01864	0.00900	0.02442	0.01414	0.03727	0.01157	0.01350	0.00900	0.00771	0.00514	0.00257	0.00643	0.00450	0.00514	0.00900
111	0.44400	0.01556	0.01555	0.01280	0.01851	0.01631	0.01055	0.05399	0.01898	0.29018	0.02045	0.01971	0.01387	0.00884	0.00656	0.00257	0.00679	0.00617	0.00734	0.01127
112	0.01597	0.01505	0.02543	0.65119	0.09190	0.01853	0.02321	0.02147	0.01674	0.02157	0.01482	0.02206	0.01119	0.00825	0.00830	0.00275	0.01100	0.00738	0.00372	0.00946
113	0.01723	0.01477	0.01723	0.01230	0.01969	0.01107	0.00984	0.02092	0.01723	0.02707	0.01477	0.01723	0.01230	0.00615	0.00615	0.00123	0.00615	0.00492	0.00492	0.75883
114	0.02056	0.01974	0.03372	0.05099	0.65622	0.01974	0.02550	0.02550	0.01892	0.02714	0.01563	0.02056	0.01316	0.00740	0.00822	0.00247	0.00987	0.00740	0.00411	0.01316
115	0.01012	0.00723	0.00964	0.01157	0.01205	0.00675	0.00771	0.01157	0.01591	0.02121	0.04579	0.70262	0.05495	0.02603	0.01060	0.00337	0.00482	0.02362	0.00771	0.00675
116	0.01022	0.00735	0.00953	0.01123	0.01182	0.00684	0.00747	0.01162	0.01585	0.02097	0.04682	0.62654	0.08826	0.06761	0.01250	0.00363	0.00498	0.02255	0.00755	0.00666
117	0.02134	0.01841	0.01778	0.01584	0.02036	0.08305	0.01231	0.07019	0.39838	0.06866	0.03989	0.03738	0.13524	0.01262	0.00859	0.00272	0.00716	0.01028	0.00800	0.01181

[dist]
# distance from previous block
# <min> <max>
0	1

[block]
# block no. 1 follows, 22 sequences, length 95
# corresponding to MSA columns:
# 143-237
name=unknown_B
#
# <colnr> <probs for GDERKNQSTAVLIFYWHMCP>
#	G	D	E	R	K	N	Q	S	T	A	V	L	I	F	Y	W	H	M	C	P
0	0.05592	0.53514	0.14418	0.01600	0.02373	0.06306	0.01680	0.02552	0.01721	0.02152	0.01217	0.01412	0.01056	0.00734	0.00586	0.00197	0.00965	0.00477	0.00366	0.01080
1	0.02951	0.03507	0.02411	0.02260	0.05913	0.51996	0.01651	0.09061	0.04985	0.02440	0.01446	0.01657	0.01178	0.00902	0.00854	0.00229	0.04447	0.00592	0.00481	0.01038
2	0.01797	0.01520	0.01762	0.01266	0.02000	0.01183	0.01015	0.05225	0.01835	0.02837	0.01503	0.01737	0.01240	0.00635	0.00626	0.00130	0.00631	0.00505	0.00510	0.72043
3	0.01681	0.01655	0.01783	0.01658	0.01814	0.13257	0.01298	0.01920	0.01496	0.01948	0.01807	0.02716	0.01711	0.07458	0.36888	0.00876	0.17997	0.00804	0.00426	0.00809
4	0.01176	0.00849	0.01110	0.01045	0.01241	0.00784	0.00784	0.01568	0.02352	0.03331	0.65184	0.06206	0.07839	0.01698	0.00980	0.00261	0.00392	0.01502	0.00914	0.00784
5	0.01012	0.00723	0.00964	0.01157	0.01205	0.00675	0.00771	0.01157	0.01591	0.02121	0.04579	0.70262	0.05495	0.02603	0.01060	0.00337	0.00482	0.02362	0.00771	0.00675
6	0.76672	0.01607	0.01221	0.01092	0.01607	0.01864	0.00900	0.02442	0.01414	0.03727	0.01157	0.01350	0.00900	0.00771	0.00514	0.00257	0.00643	0.00450	0.00514	0.00900
7	0.00982	0.00842	0.00842	0.00842	0.01122	0.00701	0.00631	0.01192	0.01894	0.02244	0.08416	0.07995	0.65285	0.02104	0.00982	0.00281	0.00421	0.01753	0.00771	0.00701
8	0.01569	0.01477	0.02492	0.68808	0.05722	0.01846	0.02307	0.02123	0.01661	0.02123	0.01477	0.02215	0.01107	0.00831	0.00831	0.00277	0.01107	0.00738	0.00369	0.00923
9	0.02221	0.71304	0.04353	0.01421	0.02132	0.03287	0.01421	0.02488	0.01688	0.01955	0.01155	0.01333	0.01066	0.00711	0.00533	0.00178	0.00888	0.00444	0.00355	0.01066
10	0.02066	0.01785	0.01878	0.01691	0.02160	0.02066	0.01315	0.04414	0.64121	0.03475	0.03381	0.03099	0.02536	0.01127	0.00845	0.00282	0.00657	0.00939	0.00845	0.01315
11	0.02447	0.68435	0.04400	0.01584	0.02292	0.03338	0.01508	0.02629	0.01835	0.02192	0.01422	0.01705	0.01316	0.00886	0.00650	0.00227	0.00964	0.00533	0.00447	0.01188
12	0.03158	0.02327	0.02493	0.01911	0.02576	0.02576	0.01579	0.62852	0.03906	0.05236	0.01995	0.01995	0.01413	0.00997	0.00831	0.00249	0.00914	0.00748	0.00831	0.01413
13	0.03727	0.01414	0.01928	0.01478	0.02121	0.01221	0.01221	0.04049	0.02378	0.66198	0.03277	0.02828	0.02056	0.01028	0.00835	0.00257	0.00707	0.00835	0.01028	0.01414
14	0.01943	0.02183	0.04685	0.07337	0.07578	0.02080	0.56046	0.02624	0.01940	0.02633	0.01663	0.02230	0.01255	0.00710	0.00964	0.00278	0.01362	0.00954	0.00417	0.01119
15	0.01844	0.13966	0.54381	0.02188	0.03312	0.02095	0.02742	0.02676	0.01774	0.05511	0.01525	0.01743	0.01101	0.00789	0.00754	0.00250	0.01154	0.00599	0.00383	0.01213
16	0.01201	0.00802	0.00908	0.00916	0.00917	0.00800	0.00514	0.01206	0.01223	0.01630	0.02692	0.07902	0.03114	0.68210	0.04108	0.00788	0.00793	0.01252	0.00514	0.00510
17	0.01961	0.02241	0.04902	0.03501	0.04342	0.02101	0.62605	0.02661	0.01961	0.02661	0.01681	0.02241	0.01261	0.00700	0.00980	0.00280	0.01401	0.00980	0.00420	0.01120
18	0.02056	0.01974	0.03372	0.05099	0.65622	0.01974	0.02550	0.02550	0.01892	0.02714	0.01563	0.02056	0.01316	0.00740	0.00822	0.00247	0.00987	0.00740	0.00411	0.01316
19	0.01629	0.01467	0.02418	0.47158	0.07411	0.01768	0.05260	0.02134	0.01668	0.02309	0.01638	0.02304	0.01271	0.00890	0.00957	0.00271	0.06565	0.00756	0.11201	0.00929
20	0.01012	0.00723	0.00964	0.01157	0.01205	0.00675	0.00771	0.01157	0.01591	0.02121	0.04579	0.70262	0.05495	0.02603	0.01060	0.00337	0.00482	0.02362	0.00771	0.00675
21	0.02998	0.02059	0.02238	0.01747	0.02354	0.02243	0.01433	0.48108	0.06774	0.10835	0.02263	0.02242	0.01605	0.01004	0.00808	0.00246	0.00829	0.00769	0.08101	0.01346
22	0.02041	0.02000	0.03483	0.04505	0.49308	0.02004	0.12438	0.02747	0.07887	0.02778	0.01757	0.02187	0.01424	0.00771	0.00851	0.00256	0.01024	0.00799	0.00454	0.01283
23	0.03727	0.01414	0.01928	0.01478	0.02121	0.01221	0.01221	0.04049	0.02378	0.66198	0.03277	0.02828	0.02056	0.01028	0.00835	0.00257	0.00707	0.00835	0.01028	0.01414
24	0.01957	0.01873	0.03193	0.18056	0.53440	0.01948	0.02500	0.02463	0.01845	0.02594	0.01545	0.02088	0.01273	0.00759	0.00824	0.00253	0.01011	0.00740	0.00403	0.01236
25	0.01595	0.01503	0.02539	0.65395	0.08931	0.01853	0.02320	0.02145	0.01673	0.02154	0.01481	0.02206	0.01119	0.00826	0.00830	0.00275	0.01101	0.00738	0.00371	0.00944
26	0.01027	0.00856	0.00905	0.00929	0.01198	0.00734	0.00721	0.01259	0.01896	0.02275	0.07905	0.08170	0.57594	0.02128	0.01003	0.00293	0.00465	0.09161	0.00771	0.00709
27	0.01193	0.00897	0.01111	0.01058	0.01276	0.00842	0.00793	0.01662	0.05806	0.03138	0.51199	0.08925	0.15458	0.01760	0.00976	0.00268	0.00415	0.01541	0.00885	0.00798
28	0.01151	0.00841	0.01080	0.01035	0.01229	0.00771	0.00771	0.01514	0.02270	0.03173	0.57081	0.10078	0.12333	0.01784	0.00985	0.00267	0.00399	0.01573	0.00895	0.00771
29	0.01147	0.00848	0.01071	0.01015	0.01223	0.00772	0.00761	0.01512	0.02284	0.03170	0.56754	0.06471	0.16369	0.01759	0.00980	0.00264	0.00396	0.01540	0.00893	0.00772
30	0.76672	0.01607	0.01221	0.01092	0.01607	0.01864	0.00900	0.02442	0.01414	0.03727	0.01157	0.01350	0.00900	0.00771	0.00514	0.00257	0.00643	0.00450	0.00514	0.00900
31	0.03103	0.03959	0.02354	0.02140	0.02568	0.67469	0.01605	0.03317	0.02354	0.02033	0.01284	0.01498	0.01070	0.00856	0.00749	0.00214	0.01498	0.00535	0.00428	0.00963
32	0.76672	0.01607	0.01221	0.01092	0.01607	0.01864	0.00900	0.02442	0.01414	0.03727	0.01157	0.01350	0.00900	0.00771	0.00514	0.00257	0.00643	0.00450	0.00514	0.00900
33	0.76672	0.01607	0.01221	0.01092	0.01607	0.01864	0.00900	0.02442	0.01414	0.03727	0.01157	0.01350	0.00900	0.00771	0.00514	0.00257	0.00643	0.00450	0.00514	0.00900
34	0.00982	0.00842	0.00842	0.00842	0.01122	0.00701	0.00631	0.01192	0.01894	0.02244	0.08416	0.07995	0.65285	0.02104	0.00982	0.00281	0.00421	0.01753	0.00771	0.00701
35	0.03727	0.01414	0.01928	0.01478	0.02121	0.01221	0.01221	0.04049	0.02378	0.66198	0.03277	0.02828	0.02056	0.01028	0.00835	0.00257	0.00707	0.00835	0.01028	0.01414
36	0.01012	0.00723	0.00964	0.01157	0.01205	0.00675	0.00771	0.01157	0.01591	0.02121	0.04579	0.70262	0.05495	0.02603	0.01060	0.00337	0.00482	0.02362	0.00771	0.00675
37	0.01666	0.04297	0.66500	0.02368	0.03596	0.01929	0.03069	0.02631	0.01754	0.02631	0.01491	0.01754	0.01052	0.00789	0.00789	0.00263	0.01228	0.00614	0.00351	0.01228
38	0.01012	0.00723	0.00964	0.01157	0.01205	0.00675	0.00771	0.01157	0.01591	0.02121	0.04579	0.70262	0.05495	0.02603	0.01060	0.00337	0.00482	0.02362	0.00771	0.00675
39	0.01176	0.00849	0.01110	0.01045	0.01241	0.00784	0.00784	0.01568	0.02352	0.03331	0.65184	0.06206	0.07839	0.01698	0.00980	0.00261	0.00392	0.01502	0.00914	0.00784
40	0.01224	0.00940	0.01386	0.01365	0.01498	0.01116	0.01060	0.01501	0.01326	0.01918	0.02177	0.03278	0.02062	0.08876	0.60877	0.01255	0.06064	0.00895	0.00443	0.00741
41	0.01684	0.04190	0.63602	0.02493	0.06443	0.01931	0.03046	0.02627	0.01760	0.02635	0.01494	0.01768	0.01064	0.00787	0.00791	0.00262	0.01217	0.00620	0.00354	0.01232
42	0.01165	0.00849	0.01095	0.01033	0.01234	0.00779	0.00775	0.01546	0.02325	0.03269	0.61921	0.06308	0.11140	0.01722	0.00980	0.00262	0.00394	0.01517	0.00906	0.00779
43	0.01678	0.04035	0.59685	0.05787	0.03746	0.01935	0.06496	0.02607	0.01761	0.02607	0.01501	0.01806	0.01067	0.00786	0.00802	0.00265	0.01232	0.00641	0.00356	0.01206
44	0.72882	0.01600	0.01285	0.04510	0.01814	0.01863	0.00971	0.02426	0.01426	0.03646	0.01173	0.01393	0.00910	0.00774	0.00530	0.00258	0.00666	0.00464	0.00507	0.00901
45	0.01549	0.00774	0.00774	0.00774	0.00968	0.00774	0.00581	0.01936	0.01742	0.03097	0.02710	0.03097	0.02129	0.00968	0.00581	0.00194	0.00387	0.00774	0.75416	0.00774
46	0.01666	0.04297	0.66500	0.02368	0.03596	0.01929	0.03069	0.02631	0.01754	0.02631	0.01491	0.01754	0.01052	0.00789	0.00789	0.00263	0.01228	0.00614	0.00351	0.01228
47	0.01185	0.00855	0.01124	0.01073	0.01269	0.00794	0.00816	0.01577	0.02326	0.03282	0.61646	0.06390	0.07661	0.01733	0.00990	0.00268	0.00414	0.04909	0.00906	0.00783
48	0.01009	0.00843	0.00879	0.00870	0.01139	0.00713	0.00653	0.01245	0.01958	0.02397	0.16410	0.07743	0.57196	0.02047	0.00982	0.00278	0.00417	0.01718	0.00792	0.00713
49	0.01443	0.00722	0.01082	0.01082	0.01082	0.00722	0.00722	0.01082	0.01082	0.01443	0.01443	0.02525	0.01443	0.02886	0.03247	0.75830	0.00722	0.00722	0.00361	0.00361
50	0.03517	0.01367	0.01861	0.01442	0.02048	0.01185	0.01185	0.03844	0.02376	0.61019	0.08377	0.03106	0.02533	0.01083	0.00847	0.00257	0.00681	0.00890	0.01019	0.01362
51	0.01113	0.00847	0.01023	0.00979	0.01202	0.00757	0.00734	0.01445	0.02202	0.02977	0.46679	0.06789	0.26565	0.01831	0.00980	0.00268	0.00401	0.01584	0.00868	0.00757
52	0.02056	0.01974	0.03372	0.05099	0.65622	0.01974	0.02550	0.02550	0.01892	0.02714	0.01563	0.02056	0.01316	0.00740	0.00822	0.00247	0.00987	0.00740	0.00411	0.01316
53	0.02221	0.71304	0.04353	0.01421	0.02132	0.03287	0.01421	0.02488	0.01688	0.01955	0.01155	0.01333	0.01066	0.00711	0.00533	0.00178	0.00888	0.00444	0.00355	0.01066
54	0.02084	0.02210	0.06663	0.04716	0.55689	0.05317	0.05980	0.02599	0.01912	0.02672	0.01552	0.02023	0.01287	0.00746	0.00826	0.00248	0.01049	0.00737	0.00409	0.01282
55	0.03638	0.01434	0.01925	0.01489	0.02123	0.01266	0.01226	0.04068	0.05686	0.62837	0.03283	0.02842	0.02082	0.01034	0.00836	0.00258	0.00704	0.00841	0.01018	0.01408
56	0.00982	0.00842	0.00842	0.00842	0.01122	0.00701	0.00631	0.01192	0.01894	0.02244	0.08416	0.07995	0.65285	0.02104	0.00982	0.00281	0.00421	0.01753	0.00771	0.00701
57	0.76672	0.01607	0.01221	0.01092	0.01607	0.01864	0.00900	0.02442	0.01414	0.03727	0.01157	0.01350	0.00900	0.00771	0.00514	0.00257	0.00643	0.00450	0.00514	0.00900
58	0.03103	0.03959	0.02354	0.02140	0.02568	0.67469	0.01605	0.03317	0.02354	0.02033	0.01284	0.01498	0.01070	0.00856	0.00749	0.00214	0.01498	0.00535	0.00428	0.00963
59	0.02117	0.01810	0.01907	0.01701	0.02180	0.02090	0.01327	0.07122	0.61331	0.03557	0.03317	0.03048	0.02484	0.01121	0.00845	0.00280	0.00669	0.00930	0.00845	0.01319
60	0.01208	0.00805	0.00906	0.00906	0.00906	0.00805	0.00503	0.01208	0.01208	0.01611	0.02618	0.05436	0.03020	0.70804	0.04228	0.00805	0.00805	0.01208	0.00503	0.00503
61	0.01208	0.00805	0.00906	0.00906	0.00906	0.00805	0.00503	0.01208	0.01208	0.01611	0.02618	0.05436	0.03020	0.70804	0.04228	0.00805	0.00805	0.01208	0.00503	0.00503
62	0.02221	0.71304	0.04353	0.01421	0.02132	0.03287	0.01421	0.02488	0.01688	0.01955	0.01155	0.01333	0.01066	0.00711	0.00533	0.00178	0.00888	0.00444	0.00355	0.01066
63	0.06692	0.01393	0.01856	0.01440	0.02054	0.01226	0.01185	0.03854	0.02336	0.60343	0.06342	0.02937	0.02302	0.01051	0.00829	0.00257	0.00688	0.00853	0.01001	0.01360
64	0.76672	0.01607	0.01221	0.01092	0.01607	0.01864	0.00900	0.02442	0.01414	0.03727	0.01157	0.01350	0.00900	0.00771	0.00514	0.00257	0.00643	0.00450	0.00514	0.00900
65	0.03727	0.01414	0.01928	0.01478	0.02121	0.01221	0.01221	0.04049	0.02378	0.66198	0.03277	0.02828	0.02056	0.01028	0.00835	0.00257	0.00707	0.00835	0.01028	0.01414
66	0.03727	0.01414	0.01928	0.01478	0.02121	0.01221	0.01221	0.04049	0.02378	0.66198	0.03277	0.02828	0.02056	0.01028	0.00835	0.00257	0.00707	0.00835	0.01028	0.01414
67	0.01947	0.02337	0.07789	0.03448	0.04307	0.02093	0.59815	0.02660	0.01951	0.02660	0.01672	0.02218	0.01251	0.00704	0.00971	0.00279	0.01392	0.00963	0.00417	0.01125
68	0.01208	0.00805	0.00906	0.00906	0.00906	0.00805	0.00503	0.01208	0.01208	0.01611	0.02618	0.05436	0.03020	0.70804	0.04228	0.00805	0.00805	0.01208	0.00503	0.00503
69	0.01021	0.00727	0.00961	0.01145	0.01191	0.00681	0.00759	0.01159	0.01573	0.02098	0.04490	0.67328	0.05383	0.05690	0.01204	0.00359	0.00497	0.02309	0.00759	0.00667
70	0.00990	0.00842	0.00853	0.00850	0.01127	0.00705	0.00638	0.01209	0.01913	0.02292	0.10886	0.07917	0.62785	0.02086	0.00982	0.00280	0.00420	0.01742	0.00778	0.00705
71	0.01723	0.01477	0.01723	0.01230	0.01969	0.01107	0.00984	0.02092	0.01723	0.02707	0.01477	0.01723	0.01230	0.00615	0.00615	0.00123	0.00615	0.00492	0.00492	0.75883
72	0.03066	0.02226	0.02400	0.01867	0.02510	0.02458	0.01534	0.53791	0.10364	0.07869	0.02204	0.02153	0.01564	0.01013	0.00833	0.00253	0.00877	0.00773	0.00842	0.01402
73	0.01012	0.00723	0.00964	0.01157	0.01205	0.00675	0.00771	0.01157	0.01591	0.02121	0.04579	0.70262	0.05495	0.02603	0.01060	0.00337	0.00482	0.02362	0.00771	0.00675
74	0.12423	0.10131	0.38801	0.02228	0.06272	0.05367	0.04933	0.02696	0.01778	0.05970	0.01504	0.01735	0.01107	0.00788	0.00736	0.00251	0.01094	0.00604	0.00419	0.01162
75	0.03058	0.01420	0.01816	0.01469	0.02012	0.01338	0.01185	0.06725	0.11215	0.44326	0.09680	0.06649	0.02865	0.01191	0.00863	0.00265	0.00666	0.00993	0.00967	0.01297
76	0.05262	0.50917	0.10336	0.01620	0.02307	0.09326	0.01611	0.02553	0.01725	0.02107	0.01199	0.01421	0.01060	0.00779	0.00707	0.00204	0.04953	0.00487	0.00369	0.01057
77	0.02014	0.01931	0.03297	0.10538	0.60509	0.01963	0.02529	0.02513	0.01872	0.02664	0.01555	0.02070	0.01298	0.00748	0.00823	0.00249	0.00997	0.00740	0.00408	0.01282
78	0.01990	0.01594	0.05033	0.04356	0.02219	0.01226	0.01190	0.02474	0.04735	0.11842	0.01950	0.04708	0.01567	0.00797	0.00694	0.00172	0.00678	0.00654	0.00585	0.51538
79	0.01764	0.06842	0.49340	0.02657	0.06369	0.02025	0.14183	0.02627	0.01796	0.02610	0.01515	0.01840	0.01104	0.00767	0.00815	0.00262	0.01234	0.00681	0.00367	0.01204
80	0.02146	0.01755	0.05534	0.29775	0.22107	0.01771	0.02131	0.05426	0.01989	0.13554	0.04382	0.02402	0.01612	0.00879	0.00833	0.00262	0.00971	0.00781	0.00538	0.01153
81	0.02895	0.04378	0.05527	0.05453	0.02426	0.01642	0.01418	0.11257	0.11300	0.33409	0.02794	0.05294	0.01988	0.01042	0.00818	0.00254	0.00770	0.00849	0.00835	0.05652
82	0.09600	0.01254	0.01578	0.01340	0.01788	0.01175	0.01072	0.05560	0.02226	0.34200	0.15041	0.12204	0.03598	0.01396	0.00877	0.00274	0.00624	0.04168	0.00903	0.01118
83	0.01900	0.01532	0.01880	0.01383	0.02079	0.01257	0.03545	0.05162	0.05078	0.06292	0.04544	0.02086	0.01646	0.00733	0.00680	0.00157	0.00658	0.00610	0.00571	0.58206
84	0.01531	0.00776	0.00781	0.00781	0.00965	0.00776	0.00577	0.01898	0.01715	0.03021	0.02705	0.03218	0.02175	0.04565	0.00769	0.00225	0.00409	0.00797	0.71557	0.00760
85	0.02015	0.01932	0.03299	0.10417	0.60622	0.01963	0.02529	0.02514	0.01872	0.02665	0.01555	0.02069	0.01298	0.00748	0.00823	0.00249	0.00997	0.00740	0.00408	0.01283
86	0.01569	0.01477	0.02492	0.68808	0.05722	0.01846	0.02307	0.02123	0.01661	0.02123	0.01477	0.02215	0.01107	0.00831	0.00831	0.00277	0.01107	0.00738	0.00369	0.00923
87	0.02350	0.01591	0.01980	0.01552	0.02168	0.01498	0.04259	0.06014	0.19048	0.18344	0.05710	0.02631	0.02132	0.00931	0.00778	0.00219	0.00691	0.00785	0.00751	0.26567
88	0.01596	0.01473	0.02463	0.62023	0.08946	0.01804	0.02242	0.02139	0.01678	0.02201	0.01538	0.02246	0.01166	0.00832	0.00819	0.00271	0.01067	0.00740	0.03816	0.00939
89	0.01188	0.00886	0.01313	0.01313	0.01454	0.01027	0.01011	0.01470	0.01329	0.01912	0.02245	0.03373	0.02124	0.09489	0.64318	0.01308	0.02154	0.00906	0.00448	0.00730
90	0.02066	0.01785	0.01878	0.01691	0.02160	0.02066	0.01315	0.04414	0.64121	0.03475	0.03381	0.03099	0.02536	0.01127	0.00845	0.00282	0.00657	0.00939	0.00845	0.01315
91	0.01910	0.01639	0.01734	0.01571	0.02006	0.01860	0.01218	0.03937	0.54512	0.03348	0.07465	0.03753	0.08909	0.01255	0.00866	0.00280	0.00619	0.01051	0.00842	0.01225
92	0.01908	0.23458	0.46034	0.02060	0.03115	0.02292	0.02521	0.02646	0.01760	0.04984	0.01466	0.01676	0.01097	0.00776	0.00717	0.00238	0.01109	0.00574	0.00379	0.01189
93	0.05655	0.10012	0.36394	0.08096	0.05819	0.02021	0.02362	0.07568	0.01886	0.02764	0.01523	0.01844	0.01156	0.01082	0.04324	0.00304	0.01139	0.00625	0.00417	0.05010
94	0.02173	0.01597	0.02058	0.01687	0.04696	0.01488	0.04340	0.05491	0.11379	0.13426	0.05362	0.02402	0.01910	0.00891	0.00863	0.00209	0.04640	0.00728	0.00657	0.34003

[dist]
# distance from previous block
# <min> <max>
3	22

[block]
# block no. 2 follows, 22 sequences, length 47
# corresponding to MSA columns:
# 260-306
name=unknown_C
#
# <colnr> <probs for GDERKNQSTAVLIFYWHMCP>
#	G	D	E	R	K	N	Q	S	T	A	V	L	I	F	Y	W	H	M	C	P
0	0.17077	0.05581	0.06734	0.02067	0.09407	0.09419	0.01584	0.19967	0.05115	0.06132	0.01744	0.01907	0.01323	0.00903	0.00803	0.00247	0.03557	0.00654	0.04616	0.01164
1	0.09366	0.02134	0.11028	0.09998	0.02809	0.01948	0.01681	0.22306	0.04989	0.13593	0.02027	0.02145	0.01443	0.00937	0.00843	0.00254	0.03280	0.00713	0.04476	0.04026
2	0.39554	0.01859	0.04539	0.01433	0.02043	0.01902	0.01231	0.17622	0.02249	0.17582	0.01836	0.01846	0.01283	0.00883	0.00674	0.00255	0.00749	0.00614	0.00696	0.01151
3	0.06858	0.01728	0.01880	0.01470	0.02068	0.01717	0.01178	0.23598	0.08229	0.06504	0.02440	0.02608	0.05988	0.04697	0.00935	0.00244	0.00726	0.00762	0.00689	0.25681
4	0.08283	0.01622	0.05143	0.01623	0.04702	0.01584	0.01261	0.06126	0.24883	0.05711	0.13735	0.10783	0.03354	0.01281	0.00843	0.00266	0.00648	0.01085	0.00757	0.06311
5	0.08249	0.09364	0.39278	0.02251	0.05693	0.04594	0.05276	0.06908	0.01947	0.06718	0.01582	0.01792	0.01149	0.00806	0.00759	0.00252	0.01105	0.00628	0.00448	0.01199
6	0.06499	0.01475	0.01820	0.01509	0.01956	0.01479	0.03643	0.06795	0.09566	0.08355	0.02479	0.14717	0.02309	0.04538	0.01150	0.00274	0.07466	0.01013	0.00644	0.22312
7	0.76672	0.01607	0.01221	0.01092	0.01607	0.01864	0.00900	0.02442	0.01414	0.03727	0.01157	0.01350	0.00900	0.00771	0.00514	0.00257	0.00643	0.00450	0.00514	0.00900
8	0.03158	0.02327	0.02493	0.01911	0.02576	0.02576	0.01579	0.62852	0.03906	0.05236	0.01995	0.01995	0.01413	0.00997	0.00831	0.00249	0.00914	0.00748	0.00831	0.01413
9	0.03727	0.01414	0.01928	0.01478	0.02121	0.01221	0.01221	0.04049	0.02378	0.66198	0.03277	0.02828	0.02056	0.01028	0.00835	0.00257	0.00707	0.00835	0.01028	0.01414
10	0.01012	0.00723	0.00964	0.01157	0.01205	0.00675	0.00771	0.01157	0.01591	0.02121	0.04579	0.70262	0.05495	0.02603	0.01060	0.00337	0.00482	0.02362	0.00771	0.00675
11	0.76672	0.01607	0.01221	0.01092	0.01607	0.01864	0.00900	0.02442	0.01414	0.03727	0.01157	0.01350	0.00900	0.00771	0.00514	0.00257	0.00643	0.00450	0.00514	0.00900
12	0.01723	0.01477	0.01723	0.01230	0.01969	0.01107	0.00984	0.02092	0.01723	0.02707	0.01477	0.01723	0.01230	0.00615	0.00615	0.00123	0.00615	0.00492	0.00492	0.75883
13	0.02221	0.71304	0.04353	0.01421	0.02132	0.03287	0.01421	0.02488	0.01688	0.01955	0.01155	0.01333	0.01066	0.00711	0.00533	0.00178	0.00888	0.00444	0.00355	0.01066
14	0.01443	0.00722	0.01082	0.01082	0.01082	0.00722	0.00722	0.01082	0.01082	0.01443	0.01443	0.02525	0.01443	0.02886	0.03247	0.75830	0.00722	0.00722	0.00361	0.00361
15	0.01818	0.01818	0.02545	0.02181	0.02181	0.02545	0.01818	0.01999	0.01272	0.01999	0.01091	0.01818	0.01091	0.01454	0.02726	0.00364	0.69284	0.00727	0.00364	0.00909
16	0.01838	0.03324	0.42230	0.13372	0.03954	0.01892	0.11782	0.02651	0.01813	0.06979	0.01641	0.01978	0.01163	0.00799	0.00828	0.00267	0.01198	0.00705	0.00411	0.01175
17	0.71488	0.06460	0.01439	0.01115	0.01643	0.01963	0.00936	0.02445	0.01433	0.03604	0.01157	0.01348	0.00911	0.00767	0.00515	0.00252	0.00660	0.00449	0.00503	0.00911
18	0.01056	0.00851	0.00953	0.01001	0.01241	0.00747	0.00776	0.01299	0.01889	0.02324	0.09909	0.13974	0.46458	0.02166	0.01018	0.00303	0.00486	0.12059	0.00777	0.00714
19	0.02123	0.01896	0.10645	0.05353	0.05200	0.01635	0.01537	0.17651	0.06908	0.10027	0.23751	0.03581	0.03688	0.01201	0.00877	0.00260	0.00753	0.01010	0.00772	0.01135
20	0.01029	0.00730	0.00959	0.01135	0.01179	0.00686	0.00748	0.01161	0.01557	0.02076	0.04407	0.64582	0.05278	0.08579	0.01338	0.00378	0.00510	0.02261	0.00748	0.00660
21	0.01710	0.01703	0.03062	0.44599	0.10162	0.01967	0.14606	0.02258	0.01709	0.02272	0.01493	0.02174	0.01155	0.00848	0.01018	0.00282	0.06818	0.00787	0.00383	0.00995
22	0.76672	0.01607	0.01221	0.01092	0.01607	0.01864	0.00900	0.02442	0.01414	0.03727	0.01157	0.01350	0.00900	0.00771	0.00514	0.00257	0.00643	0.00450	0.00514	0.00900
23	0.03396	0.01471	0.01909	0.01503	0.02107	0.01359	0.01228	0.06132	0.10193	0.53578	0.05726	0.02967	0.02325	0.01066	0.00842	0.00260	0.00696	0.00872	0.00993	0.01376
24	0.01832	0.03682	0.49397	0.02672	0.06950	0.01930	0.13440	0.02696	0.01826	0.05506	0.01609	0.01904	0.01148	0.00782	0.00827	0.00265	0.01222	0.00695	0.00397	0.01222
25	0.01845	0.02853	0.25368	0.03104	0.07276	0.01978	0.36696	0.02578	0.01850	0.02602	0.01600	0.02079	0.01201	0.00825	0.01004	0.03487	0.01291	0.00833	0.00394	0.01135
26	0.14768	0.01111	0.01283	0.01172	0.01481	0.01113	0.00918	0.05181	0.02213	0.08909	0.38945	0.07666	0.05489	0.01513	0.00891	0.00270	0.00518	0.04838	0.00835	0.00887
