[name]
unknown

[dist]
# distance from previous block
# <min> <max>
6	87

[block]
# block no. 0 follows, 25 sequences, length 130
# corresponding to MSA columns:
# 97-226
name=unknown_A
#
# <colnr> <probs for GDERKNQSTAVLIFYWHMCP>
#	G	D	E	R	K	N	Q	S	T	A	V	L	I	F	Y	W	H	M	C	P
0	0.02256	0.02136	0.02388	0.04673	0.02442	0.13747	0.06041	0.15715	0.10389	0.05084	0.01626	0.01910	0.01295	0.01047	0.01386	0.00271	0.25337	0.00698	0.00524	0.01035
1	0.00992	0.00706	0.00944	0.01117	0.01178	0.00669	0.00780	0.01151	0.01511	0.02007	0.04184	0.61379	0.04955	0.04995	0.01110	0.00337	0.00496	0.10146	0.00710	0.00635
2	0.56568	0.01650	0.04964	0.11342	0.02219	0.01776	0.01182	0.05012	0.04188	0.03256	0.01260	0.01491	0.00960	0.00752	0.00562	0.00244	0.00703	0.00498	0.00478	0.00896
3	0.00916	0.00785	0.00785	0.00785	0.01047	0.00655	0.00589	0.01113	0.01767	0.02095	0.07855	0.07462	0.67599	0.01964	0.00916	0.00262	0.00393	0.01636	0.00720	0.00655
4	0.01608	0.01378	0.01608	0.01148	0.01837	0.01034	0.00919	0.01952	0.01608	0.02527	0.01378	0.01608	0.01148	0.00574	0.00574	0.00115	0.00574	0.00459	0.00459	0.77491
5	0.01895	0.01343	0.01642	0.04339	0.01990	0.01092	0.01012	0.02290	0.03838	0.13622	0.01864	0.05354	0.01511	0.00756	0.00646	0.00157	0.00604	0.00624	0.00562	0.54859
6	0.42454	0.01424	0.01419	0.01150	0.01702	0.01436	0.00943	0.02671	0.01639	0.22778	0.01725	0.01734	0.01217	0.00766	0.00586	0.00218	0.00613	0.00535	0.00620	0.14368
7	0.01996	0.01989	0.03072	0.04540	0.62721	0.07216	0.02310	0.02436	0.01800	0.02483	0.01438	0.01878	0.01210	0.00699	0.00762	0.00228	0.00959	0.00676	0.00385	0.01202
8	0.78228	0.01499	0.01140	0.01020	0.01499	0.01739	0.00840	0.02279	0.01320	0.03479	0.01080	0.01260	0.00840	0.00720	0.00480	0.00240	0.00600	0.00420	0.00480	0.00840
9	0.01608	0.01378	0.01608	0.01148	0.01837	0.01034	0.00919	0.01952	0.01608	0.02527	0.01378	0.01608	0.01148	0.00574	0.00574	0.00115	0.00574	0.00459	0.00459	0.77491
10	0.02394	0.02966	0.04935	0.01992	0.02285	0.42859	0.01599	0.02615	0.01817	0.01907	0.01179	0.01561	0.01037	0.01151	0.03705	0.00283	0.23881	0.00572	0.00378	0.00885
11	0.02330	0.01652	0.02793	0.02069	0.02681	0.01561	0.23742	0.05544	0.01959	0.23580	0.04556	0.02290	0.01641	0.00848	0.00953	0.00236	0.06984	0.00789	0.00614	0.13178
12	0.01223	0.00820	0.01077	0.00997	0.01202	0.00753	0.00753	0.01586	0.02196	0.06565	0.64096	0.05625	0.07031	0.01552	0.00907	0.00244	0.00381	0.01369	0.00859	0.00763
13	0.78228	0.01499	0.01140	0.01020	0.01499	0.01739	0.00840	0.02279	0.01320	0.03479	0.01080	0.01260	0.00840	0.00720	0.00480	0.00240	0.00600	0.00420	0.00480	0.00840
14	0.01513	0.00788	0.00795	0.00770	0.00971	0.00798	0.00584	0.04668	0.01717	0.02981	0.02499	0.02844	0.01957	0.00905	0.00553	0.00183	0.00383	0.00722	0.73619	0.00750
15	0.02238	0.01662	0.01811	0.01568	0.02046	0.01860	0.01237	0.09535	0.51848	0.12573	0.03027	0.02765	0.02210	0.01028	0.00786	0.00257	0.00642	0.00847	0.00812	0.01248
16	0.02073	0.73217	0.04063	0.01327	0.01990	0.03068	0.01327	0.02322	0.01575	0.01824	0.01078	0.01244	0.00995	0.00663	0.00498	0.00166	0.00829	0.00415	0.00332	0.00995
17	0.01052	0.00722	0.00875	0.00946	0.00972	0.00701	0.00582	0.01122	0.01316	0.01762	0.05841	0.32422	0.03942	0.41248	0.02620	0.00553	0.00613	0.01577	0.00587	0.00546
18	0.01249	0.00892	0.01249	0.01428	0.01606	0.00892	0.01249	0.01606	0.01785	0.02320	0.04105	0.08746	0.04462	0.02142	0.01071	0.00357	0.00714	0.62695	0.00714	0.00714
19	0.01185	0.00850	0.01162	0.01256	0.01431	0.00826	0.01048	0.01537	0.01919	0.02587	0.26504	0.09923	0.05493	0.01955	0.01013	0.00316	0.00582	0.38932	0.00763	0.00717
20	0.20830	0.55553	0.03343	0.01251	0.01869	0.02741	0.01207	0.02311	0.01512	0.02232	0.01078	0.01248	0.00957	0.00677	0.00493	0.00184	0.00773	0.00416	0.00368	0.00957
21	0.01696	0.01696	0.02375	0.02036	0.02036	0.02375	0.01696	0.01866	0.01187	0.01866	0.01018	0.01696	0.01018	0.01357	0.02545	0.00339	0.71332	0.00679	0.00339	0.00848
22	0.01968	0.01685	0.01776	0.01586	0.02031	0.01947	0.01237	0.06512	0.64056	0.03308	0.03105	0.02853	0.02326	0.01047	0.00788	0.00262	0.00623	0.00870	0.00788	0.01231
23	0.01995	0.01131	0.03368	0.01178	0.01562	0.00972	0.00952	0.02423	0.06479	0.26833	0.19385	0.11441	0.16146	0.01451	0.00859	0.00255	0.00529	0.01239	0.00833	0.00970
24	0.05608	0.02140	0.09072	0.03235	0.14781	0.01949	0.41182	0.02405	0.01728	0.02491	0.01468	0.01954	0.01141	0.00725	0.00980	0.00260	0.06628	0.00806	0.00386	0.01060
25	0.78228	0.01499	0.01140	0.01020	0.01499	0.01739	0.00840	0.02279	0.01320	0.03479	0.01080	0.01260	0.00840	0.00720	0.00480	0.00240	0.00600	0.00420	0.00480	0.00840
26	0.02507	0.01893	0.02035	0.01668	0.02203	0.02118	0.01343	0.33898	0.32470	0.07532	0.02521	0.02377	0.01833	0.00988	0.00782	0.00247	0.00733	0.00785	0.00792	0.01277
27	0.01128	0.00752	0.00846	0.00846	0.00846	0.00752	0.00470	0.01128	0.01128	0.01503	0.02443	0.05074	0.02819	0.72751	0.03946	0.00752	0.00752	0.01128	0.00470	0.00470
28	0.01113	0.00749	0.00868	0.00895	0.00907	0.00745	0.00529	0.01142	0.01192	0.01587	0.02705	0.12283	0.03130	0.62419	0.03516	0.00689	0.00718	0.03808	0.00506	0.00497
29	0.01464	0.01378	0.02326	0.70887	0.05340	0.01723	0.02153	0.01981	0.01550	0.01981	0.01378	0.02067	0.01034	0.00775	0.00775	0.00258	0.01034	0.00689	0.00345	0.00861
30	0.00943	0.00679	0.00895	0.01067	0.01121	0.00631	0.00714	0.01081	0.01496	0.01984	0.04423	0.69543	0.07733	0.02410	0.00987	0.00313	0.00447	0.02181	0.00720	0.00631
31	0.01108	0.00831	0.01246	0.01246	0.01385	0.00969	0.00969	0.01385	0.01246	0.01800	0.02077	0.03046	0.01938	0.05815	0.69678	0.01246	0.02077	0.00831	0.00415	0.00692
32	0.01108	0.00831	0.01246	0.01246	0.01385	0.00969	0.00969	0.01385	0.01246	0.01800	0.02077	0.03046	0.01938	0.05815	0.69678	0.01246	0.02077	0.00831	0.00415	0.00692
33	0.01608	0.01378	0.01608	0.01148	0.01837	0.01034	0.00919	0.01952	0.01608	0.02527	0.01378	0.01608	0.01148	0.00574	0.00574	0.00115	0.00574	0.00459	0.00459	0.77491
34	0.01445	0.00723	0.00723	0.00723	0.00903	0.00723	0.00542	0.01807	0.01626	0.02891	0.02529	0.02891	0.01987	0.00903	0.00542	0.00181	0.00361	0.00723	0.77055	0.00723
35	0.01714	0.02265	0.14446	0.02835	0.03586	0.01845	0.46354	0.02359	0.01801	0.02506	0.07399	0.02330	0.01686	0.00784	0.00964	0.00261	0.04528	0.00892	0.00420	0.01024
36	0.02047	0.06006	0.32105	0.05428	0.02768	0.01646	0.01968	0.02864	0.09722	0.16936	0.01956	0.02011	0.01378	0.00805	0.00726	0.00229	0.00892	0.00642	0.00538	0.09333
37	0.02062	0.05308	0.04943	0.01567	0.02076	0.01854	0.01320	0.21743	0.24313	0.03373	0.02503	0.05941	0.02090	0.01280	0.03507	0.00283	0.00776	0.06034	0.00686	0.08339
38	0.01682	0.06073	0.55758	0.02071	0.03109	0.01855	0.02550	0.06440	0.05230	0.02630	0.01504	0.01703	0.01085	0.00756	0.00726	0.00237	0.01063	0.00586	0.00386	0.04555
39	0.18816	0.12599	0.02490	0.04790	0.23100	0.04885	0.01580	0.07203	0.03935	0.05026	0.04568	0.01882	0.01440	0.00810	0.00744	0.00229	0.03746	0.00624	0.00480	0.01052
40	0.02871	0.01439	0.01796	0.01411	0.01950	0.01368	0.01143	0.17120	0.02363	0.39492	0.02631	0.05796	0.01905	0.03792	0.04570	0.00303	0.00765	0.00817	0.00818	0.07649
41	0.01596	0.06950	0.60316	0.02208	0.03269	0.01889	0.05402	0.02426	0.01624	0.02404	0.01369	0.01641	0.00993	0.00756	0.00809	0.00247	0.04065	0.00585	0.00331	0.01122
42	0.01683	0.01699	0.05701	0.10299	0.42222	0.01619	0.06004	0.02131	0.01705	0.02385	0.01983	0.11950	0.01903	0.01015	0.00823	0.00254	0.00890	0.04225	0.00442	0.01068
43	0.01592	0.01359	0.01582	0.01165	0.01813	0.01056	0.00924	0.02010	0.04520	0.02534	0.01588	0.04847	0.01382	0.00679	0.00603	0.00131	0.00570	0.00557	0.00486	0.70600
44	0.06070	0.55065	0.06698	0.01336	0.01950	0.05682	0.01313	0.02284	0.01634	0.02075	0.05308	0.01628	0.01425	0.00744	0.00546	0.00181	0.00809	0.00502	0.03791	0.00961
45	0.01347	0.00673	0.01010	0.01010	0.01010	0.00673	0.00673	0.01010	0.01010	0.01347	0.01347	0.02357	0.01347	0.02694	0.03030	0.77441	0.00673	0.00673	0.00337	0.00337
46	0.00998	0.00789	0.00899	0.00871	0.01097	0.00689	0.00653	0.01271	0.01960	0.02553	0.34783	0.06708	0.40385	0.01793	0.00916	0.00254	0.00381	0.01531	0.00780	0.00689
47	0.01608	0.01378	0.01608	0.01148	0.01837	0.01034	0.00919	0.01952	0.01608	0.02527	0.01378	0.01608	0.01148	0.00574	0.00574	0.00115	0.00574	0.00459	0.00459	0.77491
48	0.02100	0.01543	0.01447	0.04681	0.01754	0.10799	0.01012	0.14999	0.05232	0.07215	0.02215	0.02419	0.01682	0.00899	0.00649	0.00205	0.00669	0.00696	0.38850	0.00935
49	0.01582	0.01472	0.02445	0.41869	0.17896	0.01679	0.04845	0.02180	0.05687	0.02237	0.01817	0.02829	0.01544	0.00921	0.00813	0.00264	0.00960	0.07583	0.00424	0.00954
50	0.01555	0.04011	0.68733	0.02210	0.03356	0.01801	0.02865	0.02455	0.01637	0.02455	0.01391	0.01637	0.00982	0.00737	0.00737	0.00246	0.01146	0.00573	0.00327	0.01146
51	0.01108	0.00831	0.01246	0.01246	0.01385	0.00969	0.00969	0.01385	0.01246	0.01800	0.02077	0.03046	0.01938	0.05815	0.69678	0.01246	0.02077	0.00831	0.00415	0.00692
52	0.01118	0.00748	0.00848	0.00857	0.00860	0.00746	0.00482	0.01125	0.01145	0.01527	0.02534	0.08411	0.02934	0.69257	0.03800	0.00730	0.00737	0.01181	0.00482	0.00478
53	0.02531	0.06161	0.02149	0.01839	0.02206	0.48803	0.01416	0.06623	0.02067	0.02064	0.01363	0.01689	0.01165	0.01604	0.11479	0.00369	0.04588	0.00567	0.00420	0.00895
54	0.78228	0.01499	0.01140	0.01020	0.01499	0.01739	0.00840	0.02279	0.01320	0.03479	0.01080	0.01260	0.00840	0.00720	0.00480	0.00240	0.00600	0.00420	0.00480	0.00840
55	0.00945	0.00675	0.00900	0.01080	0.01125	0.00630	0.00720	0.01080	0.01484	0.01979	0.04274	0.72245	0.05128	0.02429	0.00990	0.00315	0.00450	0.02204	0.00720	0.00630
56	0.03320	0.01345	0.01792	0.01383	0.01962	0.01197	0.01139	0.07496	0.02307	0.61030	0.06393	0.02757	0.02167	0.00991	0.00787	0.00240	0.00656	0.00808	0.00943	0.01288
57	0.01994	0.66301	0.07336	0.01349	0.02020	0.02892	0.01375	0.02274	0.01587	0.01870	0.01399	0.01544	0.03989	0.00726	0.00529	0.00174	0.00826	0.00478	0.00349	0.00988
58	0.01128	0.00752	0.00846	0.00846	0.00846	0.00752	0.00470	0.01128	0.01128	0.01503	0.02443	0.05074	0.02819	0.72751	0.03946	0.00752	0.00752	0.01128	0.00470	0.00470
59	0.01222	0.00877	0.01215	0.01388	0.01562	0.00870	0.01199	0.01562	0.01768	0.02295	0.04241	0.12100	0.06628	0.02151	0.01061	0.00352	0.00689	0.57399	0.00714	0.00707
60	0.01958	0.01916	0.03110	0.04650	0.65321	0.04526	0.02345	0.02408	0.01783	0.02508	0.01448	0.01898	0.01219	0.00695	0.00765	0.00229	0.00940	0.00683	0.00384	0.01215
61	0.01015	0.00806	0.00916	0.00972	0.01187	0.00720	0.00762	0.01240	0.01725	0.02118	0.06417	0.11144	0.44581	0.05551	0.01111	0.00314	0.00497	0.17557	0.00706	0.00660
62	0.02902	0.03521	0.02212	0.01973	0.02398	0.61949	0.01495	0.10213	0.02363	0.02239	0.01274	0.01451	0.01035	0.00814	0.00708	0.00204	0.01336	0.00522	0.00443	0.00947
63	0.01488	0.01403	0.02369	0.67390	0.08650	0.01729	0.02165	0.02002	0.01562	0.02010	0.01382	0.02059	0.01044	0.00771	0.00775	0.00257	0.01028	0.00689	0.00347	0.00881
64	0.05417	0.01663	0.01758	0.01474	0.01944	0.05045	0.01174	0.17444	0.23455	0.16312	0.09537	0.02781	0.02423	0.01030	0.00768	0.00241	0.00676	0.00828	0.04876	0.01154
65	0.01005	0.00706	0.00902	0.01011	0.01071	0.00664	0.00669	0.01126	0.01491	0.01994	0.10439	0.48205	0.07788	0.14800	0.01570	0.02926	0.00499	0.01854	0.00676	0.00603
66	0.14188	0.02034	0.02127	0.01652	0.02251	0.02249	0.01364	0.53194	0.03235	0.07507	0.01798	0.01806	0.01274	0.00901	0.00732	0.00234	0.00807	0.00660	0.00740	0.01247
67	0.01590	0.03794	0.62424	0.02253	0.05370	0.01810	0.02747	0.02557	0.05688	0.02507	0.01504	0.01725	0.01077	0.00755	0.00741	0.00246	0.01105	0.00596	0.00358	0.01154
68	0.04025	0.01442	0.02366	0.53662	0.14083	0.01732	0.02091	0.02030	0.01570	0.02119	0.01475	0.02270	0.01191	0.00837	0.00842	0.00261	0.03594	0.03134	0.00369	0.00908
69	0.00916	0.00785	0.00785	0.00785	0.01047	0.00655	0.00589	0.01113	0.01767	0.02095	0.07855	0.07462	0.67599	0.01964	0.00916	0.00262	0.00393	0.01636	0.00720	0.00655
70	0.01107	0.00751	0.00844	0.00851	0.00870	0.00741	0.00487	0.01125	0.01182	0.01560	0.02855	0.07963	0.06954	0.65467	0.03637	0.00703	0.00717	0.01203	0.00496	0.00488
71	0.02767	0.08037	0.04561	0.02042	0.04829	0.54075	0.01562	0.08979	0.02261	0.02222	0.01270	0.01460	0.01037	0.00797	0.00697	0.00203	0.01283	0.00522	0.00428	0.00966
72	0.01246	0.00936	0.01320	0.01274	0.01421	0.01099	0.00992	0.04300	0.01365	0.01987	0.02041	0.02991	0.01895	0.08072	0.55764	0.01065	0.06203	0.00823	0.04483	0.00722
73	0.00945	0.00675	0.00900	0.01080	0.01125	0.00630	0.00720	0.01080	0.01484	0.01979	0.04274	0.72245	0.05128	0.02429	0.00990	0.00315	0.00450	0.02204	0.00720	0.00630
74	0.01124	0.00766	0.00919	0.00919	0.00945	0.00792	0.00562	0.01175	0.01149	0.01558	0.02376	0.04701	0.02657	0.60450	0.16026	0.00843	0.00995	0.01073	0.00460	0.00511
75	0.78228	0.01499	0.01140	0.01020	0.01499	0.01739	0.00840	0.02279	0.01320	0.03479	0.01080	0.01260	0.00840	0.00720	0.00480	0.00240	0.00600	0.00420	0.00480	0.00840
76	0.02878	0.02147	0.02296	0.06085	0.02567	0.05170	0.01501	0.55794	0.03385	0.07602	0.01860	0.01892	0.01316	0.00917	0.00773	0.00233	0.00879	0.00693	0.00741	0.01272
77	0.01151	0.00778	0.00970	0.00970	0.01057	0.00821	0.00665	0.01309	0.01270	0.01824	0.02609	0.04184	0.05819	0.35489	0.26943	0.00828	0.01157	0.00994	0.10568	0.00593
78	0.01882	0.01915	0.06156	0.07412	0.58531	0.01840	0.02331	0.02459	0.05214	0.02543	0.01543	0.01964	0.01269	0.00716	0.00768	0.00234	0.00920	0.00695	0.00401	0.01208
79	0.01075	0.00847	0.00872	0.00846	0.01131	0.00731	0.00641	0.01361	0.04550	0.05127	0.07439	0.07050	0.61863	0.01880	0.00905	0.00261	0.00414	0.01565	0.00734	0.00709
80	0.01608	0.01378	0.01608	0.01148	0.01837	0.01034	0.00919	0.01952	0.01608	0.02527	0.01378	0.01608	0.01148	0.00574	0.00574	0.00115	0.00574	0.00459	0.00459	0.77491
81	0.03396	0.01338	0.01797	0.01390	0.01981	0.01182	0.01144	0.03797	0.05659	0.64962	0.03064	0.02653	0.01943	0.00965	0.00780	0.00241	0.00657	0.00785	0.00951	0.01315
82	0.01954	0.01032	0.01468	0.01291	0.01585	0.01024	0.02881	0.02217	0.01671	0.24685	0.05762	0.10555	0.02553	0.08562	0.23244	0.00614	0.03213	0.01006	0.03782	0.00900
83	0.01201	0.00764	0.01057	0.01142	0.01219	0.00762	0.00832	0.01296	0.03922	0.01889	0.05114	0.26904	0.03449	0.02511	0.04184	0.28989	0.00644	0.12983	0.00573	0.00566
84	0.02338	0.38770	0.10250	0.01682	0.02294	0.28833	0.01558	0.02637	0.01824	0.01920	0.01158	0.01346	0.00995	0.00724	0.00602	0.00188	0.01084	0.00465	0.00358	0.00974
85	0.03479	0.01320	0.01799	0.01380	0.01979	0.01140	0.01140	0.03779	0.02219	0.68451	0.03059	0.02639	0.01919	0.00960	0.00780	0.00240	0.00660	0.00780	0.00960	0.01320
86	0.01890	0.01546	0.01759	0.01282	0.01957	0.01323	0.01036	0.15319	0.02038	0.03024	0.01480	0.01661	0.01184	0.00649	0.00617	0.00140	0.00633	0.00510	0.00526	0.61426
87	0.01114	0.00757	0.00900	0.00911	0.00931	0.00772	0.00548	0.01157	0.01165	0.01571	0.02511	0.09008	0.02852	0.59911	0.12063	0.00787	0.00900	0.01157	0.00479	0.00508
88	0.01971	0.01940	0.03097	0.04613	0.64449	0.05428	0.02333	0.02417	0.01788	0.02499	0.01445	0.01891	0.01216	0.00697	0.00764	0.00229	0.00946	0.00681	0.00385	0.01211
89	0.02305	0.01773	0.02209	0.04622	0.02390	0.01821	0.06970	0.31702	0.02584	0.05910	0.01755	0.01929	0.01313	0.00828	0.00792	0.00208	0.03662	0.00662	0.06573	0.19993
90	0.05183	0.29782	0.02814	0.01690	0.04113	0.30595	0.01371	0.04777	0.01937	0.05652	0.01341	0.01503	0.01106	0.00759	0.00616	0.00191	0.01031	0.00502	0.04065	0.00971
91	0.36265	0.08664	0.26329	0.05841	0.02455	0.01847	0.01706	0.02305	0.01499	0.02853	0.03205	0.01583	0.01112	0.00750	0.00607	0.00237	0.00841	0.00522	0.00414	0.00964
92	0.01919	0.01842	0.03147	0.04759	0.67914	0.01842	0.02380	0.02380	0.01765	0.02533	0.01458	0.01919	0.01228	0.00691	0.00768	0.00230	0.00921	0.00691	0.00384	0.01228
93	0.01311	0.00790	0.00991	0.03530	0.01260	0.00858	0.00773	0.01644	0.01471	0.02421	0.02306	0.02922	0.01932	0.02863	0.28200	0.00610	0.01072	0.00765	0.43564	0.00716
94	0.01608	0.01378	0.01608	0.01148	0.01837	0.01034	0.00919	0.01952	0.01608	0.02527	0.01378	0.01608	0.01148	0.00574	0.00574	0.00115	0.00574	0.00459	0.00459	0.77491
95	0.01068	0.00770	0.01010	0.00995	0.01152	0.00712	0.00729	0.01390	0.02060	0.02894	0.55465	0.18445	0.06899	0.01746	0.00929	0.00257	0.00382	0.01555	0.00828	0.00712
96	0.01037	0.00790	0.00953	0.00912	0.01121	0.00706	0.00684	0.01346	0.02052	0.02770	0.47573	0.06350	0.27459	0.01712	0.00915	0.00250	0.00375	0.01480	0.00809	0.00706
97	0.00937	0.00786	0.00814	0.00807	0.01060	0.00663	0.00605	0.01153	0.01816	0.02211	0.14715	0.07270	0.60666	0.01920	0.00916	0.00260	0.00390	0.01609	0.00735	0.00663
98	0.01128	0.00752	0.00846	0.00846	0.00846	0.00752	0.00470	0.01128	0.01128	0.01503	0.02443	0.05074	0.02819	0.72751	0.03946	0.00752	0.00752	0.01128	0.00470	0.00470
99	0.02947	0.02172	0.02327	0.01784	0.02404	0.02404	0.01474	0.65329	0.03646	0.04887	0.01862	0.01862	0.01319	0.00931	0.00776	0.00233	0.00853	0.00698	0.00776	0.01319
100	0.01696	0.01696	0.02375	0.02036	0.02036	0.02375	0.01696	0.01866	0.01187	0.01866	0.01018	0.01696	0.01018	0.01357	0.02545	0.00339	0.71332	0.00679	0.00339	0.00848
101	0.78228	0.01499	0.01140	0.01020	0.01499	0.01739	0.00840	0.02279	0.01320	0.03479	0.01080	0.01260	0.00840	0.00720	0.00480	0.00240	0.00600	0.00420	0.00480	0.00840
102	0.00945	0.00675	0.00900	0.01080	0.01125	0.00630	0.00720	0.01080	0.01484	0.01979	0.04274	0.72245	0.05128	0.02429	0.00990	0.00315	0.00450	0.02204	0.00720	0.00630
103	0.78228	0.01499	0.01140	0.01020	0.01499	0.01739	0.00840	0.02279	0.01320	0.03479	0.01080	0.01260	0.00840	0.00720	0.00480	0.00240	0.00600	0.00420	0.00480	0.00840
104	0.03479	0.01320	0.01799	0.01380	0.01979	0.01140	0.01140	0.03779	0.02219	0.68451	0.03059	0.02639	0.01919	0.00960	0.00780	0.00240	0.00660	0.00780	0.00960	0.01320
105	0.01128	0.00752	0.00846	0.00846	0.00846	0.00752	0.00470	0.01128	0.01128	0.01503	0.02443	0.05074	0.02819	0.72751	0.03946	0.00752	0.00752	0.01128	0.00470	0.00470
106	0.01464	0.01378	0.02326	0.70887	0.05340	0.01723	0.02153	0.01981	0.01550	0.01981	0.01378	0.02067	0.01034	0.00775	0.00775	0.00258	0.01034	0.00689	0.00345	0.00861
107	0.01929	0.01666	0.01753	0.01578	0.02016	0.01929	0.01227	0.04120	0.66513	0.03243	0.03156	0.02893	0.02367	0.01052	0.00789	0.00263	0.00614	0.00877	0.00789	0.01227
108	0.00945	0.00675	0.00900	0.01080	0.01125	0.00630	0.00720	0.01080	0.01484	0.01979	0.04274	0.72245	0.05128	0.02429	0.00990	0.00315	0.00450	0.02204	0.00720	0.00630
109	0.01108	0.00831	0.01246	0.01246	0.01385	0.00969	0.00969	0.01385	0.01246	0.01800	0.02077	0.03046	0.01938	0.05815	0.69678	0.01246	0.02077	0.00831	0.00415	0.00692
110	0.02947	0.02172	0.02327	0.01784	0.02404	0.02404	0.01474	0.65329	0.03646	0.04887	0.01862	0.01862	0.01319	0.00931	0.00776	0.00233	0.00853	0.00698	0.00776	0.01319
111	0.08142	0.01331	0.01758	0.01357	0.01949	0.01177	0.01121	0.03685	0.02163	0.64398	0.02935	0.02553	0.01852	0.00945	0.00761	0.00240	0.00656	0.00757	0.00930	0.01290
112	0.00924	0.00786	0.00796	0.00793	0.01052	0.00658	0.00595	0.01127	0.01785	0.02136	0.10288	0.07394	0.65141	0.01948	0.00916	0.00261	0.00392	0.01627	0.00725	0.00658
113	0.05260	0.00761	0.00743	0.00737	0.00933	0.00773	0.00557	0.01830	0.01611	0.02920	0.02457	0.02810	0.01930	0.00894	0.00539	0.00184	0.00373	0.00708	0.73251	0.00728
114	0.02370	0.01152	0.01449	0.01198	0.01629	0.01056	0.00958	0.05561	0.05580	0.34773	0.17403	0.04054	0.13354	0.01251	0.00819	0.00242	0.00548	0.01045	0.04502	0.01057
115	0.01555	0.04011	0.68733	0.02210	0.03356	0.01801	0.02865	0.02455	0.01637	0.02455	0.01391	0.01637	0.00982	0.00737	0.00737	0.00246	0.01146	0.00573	0.00327	0.01146
116	0.00960	0.00701	0.00908	0.01067	0.01145	0.00649	0.00737	0.01116	0.01536	0.02014	0.04678	0.60815	0.12327	0.02357	0.00986	0.00311	0.00460	0.05874	0.00719	0.00638
117	0.03479	0.01320	0.01799	0.01380	0.01979	0.01140	0.01140	0.03779	0.02219	0.68451	0.03059	0.02639	0.01919	0.00960	0.00780	0.00240	0.00660	0.00780	0.00960	0.01320
118	0.02947	0.02172	0.02327	0.01784	0.02404	0.02404	0.01474	0.65329	0.03646	0.04887	0.01862	0.01862	0.01319	0.00931	0.00776	0.00233	0.00853	0.00698	0.00776	0.01319
119	0.01742	0.01915	0.03987	0.18673	0.04278	0.01920	0.48580	0.02348	0.01744	0.02348	0.01507	0.02073	0.01138	0.00705	0.00938	0.00263	0.03607	0.00855	0.00379	0.00997
120	0.78228	0.01499	0.01140	0.01020	0.01499	0.01739	0.00840	0.02279	0.01320	0.03479	0.01080	0.01260	0.00840	0.00720	0.00480	0.00240	0.00600	0.00420	0.00480	0.00840
121	0.01128	0.00752	0.00846	0.00846	0.00846	0.00752	0.00470	0.01128	0.01128	0.01503	0.02443	0.05074	0.02819	0.72751	0.03946	0.00752	0.00752	0.01128	0.00470	0.00470
122	0.00937	0.00786	0.00814	0.00807	0.01060	0.00663	0.00605	0.01153	0.01816	0.02210	0.14645	0.07272	0.60737	0.01921	0.00916	0.00260	0.00390	0.01610	0.00735	0.00663
123	0.01097	0.00793	0.01036	0.00975	0.01158	0.00732	0.00732	0.01463	0.02195	0.03109	0.67505	0.05792	0.07316	0.01585	0.00914	0.00244	0.00366	0.01402	0.00854	0.00732
124	0.03479	0.01320	0.01799	0.01380	0.01979	0.01140	0.01140	0.03779	0.02219	0.68451	0.03059	0.02639	0.01919	0.00960	0.00780	0.00240	0.00660	0.00780	0.00960	0.01320
125	0.03165	0.01823	0.02111	0.01619	0.02231	0.01887	0.01337	0.40168	0.03062	0.30871	0.02351	0.02179	0.01564	0.00943	0.00777	0.00236	0.00774	0.00731	0.00851	0.01319
126	0.01097	0.00793	0.01036	0.00975	0.01158	0.00732	0.00732	0.01463	0.02195	0.03109	0.67505	0.05792	0.07316	0.01585	0.00914	0.00244	0.00366	0.01402	0.00854	0.00732
127	0.01555	0.04011	0.68733	0.02210	0.03356	0.01801	0.02865	0.02455	0.01637	0.02455	0.01391	0.01637	0.00982	0.00737	0.00737	0.00246	0.01146	0.00573	0.00327	0.01146
128	0.01696	0.01696	0.02375	0.02036	0.02036	0.02375	0.01696	0.01866	0.01187	0.01866	0.01018	0.01696	0.01018	0.01357	0.02545	0.00339	0.71332	0.00679	0.00339	0.00848
129	0.01522	0.01409	0.02326	0.68186	0.05225	0.01749	0.02127	0.04457	0.01632	0.02095	0.01397	0.02059	0.01045	0.00781	0.00775	0.00257	0.01027	0.00689	0.00361	0.00879

[dist]
# distance from previous block
# <min> <max>
0	34

[block]
# block no. 1 follows, 25 sequences, length 18
# corresponding to MSA columns:
# 261-278
name=unknown_B
#
# <colnr> <probs for GDERKNQSTAVLIFYWHMCP>
#	G	D	E	R	K	N	Q	S	T	A	V	L	I	F	Y	W	H	M	C	P
0	0.02073	0.73217	0.04063	0.01327	0.01990	0.03068	0.01327	0.02322	0.01575	0.01824	0.01078	0.01244	0.00995	0.00663	0.00498	0.00166	0.00829	0.00415	0.00332	0.00995
1	0.01679	0.03166	0.40868	0.02752	0.07242	0.01863	0.26296	0.02462	0.01717	0.02470	0.01462	0.01824	0.01069	0.00703	0.00806	0.00251	0.01194	0.00709	0.00355	0.01113
2	0.02947	0.02172	0.02327	0.01784	0.02404	0.02404	0.01474	0.65329	0.03646	0.04887	0.01862	0.01862	0.01319	0.00931	0.00776	0.00233	0.00853	0.00698	0.00776	0.01319
3	0.07370	0.01460	0.01845	0.01423	0.02019	0.01366	0.01175	0.13162	0.02391	0.55225	0.02770	0.02446	0.01770	0.00942	0.00763	0.00239	0.00686	0.00748	0.00906	0.01294
4	0.02987	0.02109	0.02288	0.01754	0.02373	0.02311	0.01449	0.60786	0.03540	0.09578	0.01950	0.01919	0.01363	0.00933	0.00776	0.00233	0.00839	0.00704	0.00789	0.01319
5	0.03479	0.01320	0.01799	0.01380	0.01979	0.01140	0.01140	0.03779	0.02219	0.68451	0.03059	0.02639	0.01919	0.00960	0.00780	0.00240	0.00660	0.00780	0.00960	0.01320
6	0.01929	0.01666	0.01753	0.01578	0.02016	0.01929	0.01227	0.04120	0.66513	0.03243	0.03156	0.02893	0.02367	0.01052	0.00789	0.00263	0.00614	0.00877	0.00789	0.01227
7	0.01119	0.00786	0.01019	0.01019	0.01078	0.00846	0.00685	0.01239	0.01179	0.01631	0.02285	0.04198	0.02439	0.43844	0.32334	0.00965	0.01324	0.00999	0.00446	0.00566
8	0.01161	0.00893	0.01281	0.01252	0.01357	0.01056	0.00954	0.01386	0.01223	0.01760	0.02043	0.03244	0.01996	0.15760	0.53802	0.01092	0.07790	0.00864	0.00417	0.00671
9	0.01106	0.00770	0.00976	0.00991	0.01038	0.00809	0.00647	0.01204	0.01195	0.01637	0.02485	0.10179	0.02741	0.45809	0.24251	0.00869	0.01140	0.01127	0.00474	0.00553
10	0.01810	0.01872	0.06116	0.16948	0.19888	0.04529	0.09369	0.05164	0.03767	0.02412	0.01497	0.01982	0.01208	0.00872	0.01105	0.00258	0.14296	0.00709	0.05183	0.01015
11	0.07316	0.05688	0.40661	0.02354	0.11237	0.01798	0.05850	0.02461	0.04531	0.02560	0.01453	0.01709	0.01090	0.00722	0.00711	0.00231	0.01002	0.00594	0.00381	0.07649
12	0.02011	0.02249	0.08088	0.06234	0.38814	0.12043	0.02094	0.02697	0.10665	0.02482	0.01627	0.01949	0.01314	0.00789	0.00825	0.00237	0.03630	0.00677	0.00434	0.01143
13	0.02429	0.02110	0.05407	0.01646	0.02199	0.09858	0.01368	0.24132	0.22056	0.08137	0.02222	0.02182	0.01635	0.00913	0.00743	0.00227	0.00804	0.00709	0.03669	0.07554
14	0.01744	0.03660	0.55158	0.02276	0.03318	0.05337	0.09515	0.02553	0.01714	0.05470	0.01478	0.01720	0.01047	0.00741	0.00756	0.00245	0.01154	0.00616	0.00367	0.01130
15	0.05279	0.01648	0.08560	0.05083	0.02129	0.01445	0.01324	0.15418	0.06742	0.07722	0.04752	0.12936	0.04839	0.01255	0.00804	0.00249	0.00710	0.07426	0.00652	0.11027
16	0.13296	0.08977	0.36380	0.02024	0.04951	0.01866	0.07968	0.02467	0.04998	0.02608	0.01427	0.01661	0.01072	0.00723	0.00686	0.00230	0.00974	0.00579	0.00393	0.06719
17	0.01805	0.02133	0.14669	0.10005	0.11840	0.01748	0.19708	0.02658	0.11939	0.05516	0.03844	0.02217	0.01542	0.00786	0.00800	0.00243	0.00981	0.00772	0.00481	0.06313

[dist]
# distance from previous block
# <min> <max>
2	13

[block]
# block no. 2 follows, 25 sequences, length 69
# corresponding to MSA columns:
# 292-360
name=unknown_C
#
# <colnr> <probs for GDERKNQSTAVLIFYWHMCP>
#	G	D	E	R	K	N	Q	S	T	A	V	L	I	F	Y	W	H	M	C	P
0	0.02155	0.01758	0.04760	0.01555	0.02177	0.01619	0.05315	0.24682	0.05242	0.07402	0.04989	0.02431	0.06158	0.00896	0.00734	0.00201	0.00730	0.00737	0.00642	0.25818
1	0.07306	0.09372	0.01814	0.01303	0.01750	0.04337	0.01061	0.07060	0.09029	0.22948	0.17207	0.06080	0.05211	0.01146	0.00769	0.00237	0.00631	0.00935	0.00762	0.01042
2	0.02001	0.05017	0.02664	0.10138	0.02898	0.01803	0.15335	0.18049	0.02147	0.02992	0.01516	0.01819	0.01172	0.00736	0.00788	0.00204	0.03294	0.00652	0.00501	0.26275
3	0.04678	0.38367	0.18076	0.01674	0.02398	0.14032	0.03369	0.02472	0.01695	0.02083	0.01195	0.01397	0.00999	0.00701	0.00600	0.00192	0.00992	0.00480	0.00354	0.04246
4	0.04969	0.09713	0.02354	0.01849	0.02225	0.35075	0.01472	0.09130	0.07667	0.02355	0.01385	0.01614	0.01149	0.00927	0.01048	0.00234	0.14833	0.00576	0.00456	0.00968
5	0.00957	0.00680	0.00896	0.01063	0.01105	0.00638	0.00702	0.01083	0.01460	0.01946	0.04147	0.67602	0.04969	0.07290	0.01194	0.00345	0.00471	0.02130	0.00702	0.00619
6	0.01352	0.01864	0.22262	0.01468	0.01991	0.01122	0.04127	0.01866	0.01930	0.05574	0.33038	0.08737	0.08844	0.01337	0.00858	0.00251	0.00669	0.01166	0.00657	0.00887
7	0.01670	0.02597	0.28457	0.08258	0.26444	0.01748	0.09121	0.02311	0.01707	0.02431	0.01794	0.02301	0.03990	0.00813	0.00788	0.00247	0.01029	0.02799	0.00385	0.01108
8	0.01496	0.03097	0.46841	0.02143	0.05755	0.01591	0.07135	0.02247	0.01774	0.02598	0.15235	0.02553	0.02332	0.00906	0.00789	0.00246	0.00985	0.00778	0.00445	0.01055
9	0.01347	0.00673	0.01010	0.01010	0.01010	0.00673	0.00673	0.01010	0.01010	0.01347	0.01347	0.02357	0.01347	0.02694	0.03030	0.77441	0.00673	0.00673	0.00337	0.00337
10	0.01206	0.00871	0.01194	0.01361	0.01536	0.00859	0.01169	0.01538	0.01764	0.02282	0.04376	0.12849	0.08870	0.02149	0.01055	0.00348	0.00674	0.54482	0.00715	0.00704
11	0.01108	0.00831	0.01246	0.01246	0.01385	0.00969	0.00969	0.01385	0.01246	0.01800	0.02077	0.03046	0.01938	0.05815	0.69678	0.01246	0.02077	0.00831	0.00415	0.00692
12	0.01108	0.00831	0.01246	0.01246	0.01385	0.00969	0.00969	0.01385	0.01246	0.01800	0.02077	0.03046	0.01938	0.05815	0.69678	0.01246	0.02077	0.00831	0.00415	0.00692
13	0.01499	0.01515	0.05273	0.63224	0.05032	0.01740	0.02124	0.02144	0.05843	0.02086	0.01496	0.02102	0.01119	0.00792	0.00774	0.00258	0.01011	0.00696	0.00373	0.00898
14	0.04819	0.01537	0.01802	0.01369	0.01993	0.01416	0.01114	0.14965	0.06670	0.23506	0.02107	0.02055	0.01495	0.00800	0.00689	0.00191	0.00658	0.00633	0.00699	0.31482
15	0.00943	0.00682	0.00892	0.01061	0.01120	0.00631	0.00711	0.01082	0.01503	0.01987	0.04504	0.68083	0.09141	0.02399	0.00985	0.00311	0.00446	0.02168	0.00720	0.00631
16	0.01806	0.01810	0.03332	0.17727	0.39631	0.01847	0.17720	0.02325	0.01738	0.02410	0.01469	0.01991	0.01176	0.00699	0.00805	0.00244	0.01039	0.00745	0.00378	0.01109
17	0.01708	0.01752	0.05209	0.04044	0.02472	0.01809	0.12209	0.02296	0.09335	0.02361	0.01503	0.01890	0.01245	0.00925	0.01342	0.00244	0.24853	0.00673	0.00438	0.23690
18	0.68235	0.01657	0.05678	0.05586	0.01869	0.01742	0.01058	0.02272	0.01355	0.03315	0.01119	0.01336	0.00862	0.00724	0.00516	0.00241	0.00664	0.00447	0.00461	0.00861
19	0.01569	0.08435	0.61421	0.02096	0.03167	0.01836	0.02667	0.02402	0.01658	0.02443	0.04343	0.01798	0.01268	0.00770	0.00729	0.00240	0.01090	0.00600	0.00351	0.01117
20	0.02432	0.05478	0.04918	0.12538	0.02846	0.15718	0.04206	0.25815	0.02506	0.06001	0.01684	0.04099	0.01315	0.00875	0.00745	0.00224	0.00980	0.00684	0.00563	0.06372
21	0.01555	0.04011	0.68733	0.02210	0.03356	0.01801	0.02865	0.02455	0.01637	0.02455	0.01391	0.01637	0.00982	0.00737	0.00737	0.00246	0.01146	0.00573	0.00327	0.01146
22	0.01119	0.00748	0.00848	0.00857	0.00859	0.00746	0.00482	0.01125	0.01145	0.01526	0.02532	0.08325	0.02931	0.69348	0.03803	0.00731	0.00737	0.01180	0.00482	0.00478
23	0.01730	0.01448	0.01718	0.01374	0.04833	0.01194	0.01033	0.08562	0.01822	0.02747	0.01572	0.05067	0.01362	0.00707	0.00624	0.00142	0.00613	0.00579	0.00502	0.62371
24	0.00960	0.00687	0.00913	0.01069	0.01128	0.00640	0.00721	0.01118	0.01555	0.02092	0.10576	0.65621	0.05346	0.02345	0.00982	0.00308	0.00441	0.02124	0.00733	0.00640
25	0.01464	0.01378	0.02326	0.70887	0.05340	0.01723	0.02153	0.01981	0.01550	0.01981	0.01378	0.02067	0.01034	0.00775	0.00775	0.00258	0.01034	0.00689	0.00345	0.00861
26	0.02899	0.03622	0.02204	0.01987	0.02397	0.66384	0.01497	0.06108	0.02267	0.02042	0.01231	0.01421	0.01014	0.00805	0.00703	0.00201	0.01372	0.00509	0.00418	0.00919
27	0.02133	0.02162	0.02953	0.08861	0.42142	0.13160	0.06446	0.08078	0.01993	0.02592	0.01453	0.01850	0.01180	0.00734	0.00768	0.00230	0.01029	0.00675	0.00419	0.01142
28	0.01830	0.02092	0.04575	0.03268	0.04052	0.01961	0.65098	0.02484	0.01830	0.02484	0.01569	0.02092	0.01176	0.00654	0.00915	0.00261	0.01307	0.00915	0.00392	0.01046
29	0.01097	0.00793	0.01036	0.00975	0.01158	0.00732	0.00732	0.01463	0.02195	0.03109	0.67505	0.05792	0.07316	0.01585	0.00914	0.00244	0.00366	0.01402	0.00854	0.00732
30	0.01911	0.01916	0.03094	0.04180	0.52417	0.06253	0.08973	0.02355	0.01783	0.02450	0.01634	0.06421	0.01458	0.00806	0.00793	0.00237	0.00964	0.00800	0.00407	0.01148
31	0.01786	0.02086	0.06961	0.03251	0.09299	0.01883	0.54260	0.02410	0.01801	0.02464	0.01675	0.05253	0.01353	0.00741	0.00899	0.00261	0.01229	0.00940	0.00404	0.01046
32	0.01464	0.01378	0.02326	0.70887	0.05340	0.01723	0.02153	0.01981	0.01550	0.01981	0.01378	0.02067	0.01034	0.00775	0.00775	0.00258	0.01034	0.00689	0.00345	0.00861
33	0.06596	0.01327	0.01772	0.01365	0.01959	0.01165	0.01127	0.03716	0.02182	0.65742	0.02976	0.02582	0.01874	0.00950	0.00767	0.00240	0.00657	0.00765	0.00940	0.01300
34	0.02162	0.65726	0.03862	0.01399	0.02034	0.10241	0.01345	0.02405	0.01642	0.01832	0.01091	0.01260	0.00995	0.00678	0.00519	0.00169	0.00891	0.00424	0.00339	0.00985
35	0.01555	0.04011	0.68733	0.02210	0.03356	0.01801	0.02865	0.02455	0.01637	0.02455	0.01391	0.01637	0.00982	0.00737	0.00737	0.00246	0.01146	0.00573	0.00327	0.01146
36	0.01445	0.00723	0.00723	0.00723	0.00903	0.00723	0.00542	0.01807	0.01626	0.02891	0.02529	0.02891	0.01987	0.00903	0.00542	0.00181	0.00361	0.00723	0.77055	0.00723
37	0.00986	0.00829	0.00863	0.00859	0.01120	0.00725	0.00653	0.01286	0.04609	0.02219	0.11327	0.07209	0.58288	0.01907	0.00917	0.00265	0.00414	0.04107	0.00731	0.00687
38	0.01404	0.01157	0.01874	0.22044	0.12732	0.01223	0.04356	0.01737	0.01603	0.04987	0.02821	0.32954	0.03003	0.01530	0.00883	0.00281	0.00748	0.03267	0.00555	0.00840
39	0.03395	0.01301	0.01773	0.01365	0.01951	0.01125	0.01125	0.03698	0.02218	0.66163	0.05315	0.02749	0.02108	0.00982	0.00784	0.00240	0.00649	0.00802	0.00956	0.01299
40	0.00945	0.00675	0.00900	0.01080	0.01125	0.00630	0.00720	0.01080	0.01484	0.01979	0.04274	0.72245	0.05128	0.02429	0.00990	0.00315	0.00450	0.02204	0.00720	0.00630
41	0.02059	0.37985	0.17425	0.02047	0.09207	0.12445	0.04445	0.02477	0.01710	0.02069	0.01222	0.01455	0.01024	0.00701	0.00623	0.00198	0.01010	0.00510	0.00349	0.01039
42	0.01432	0.01290	0.02042	0.10498	0.31286	0.01295	0.01599	0.01764	0.01660	0.02243	0.03243	0.23224	0.12461	0.01400	0.00856	0.00263	0.00716	0.01275	0.00528	0.00926
43	0.00943	0.00682	0.00892	0.01061	0.01120	0.00631	0.00711	0.01082	0.01503	0.01987	0.04504	0.68083	0.09141	0.02399	0.00985	0.00311	0.00446	0.02168	0.00720	0.00631
44	0.01731	0.04185	0.03784	0.01309	0.01694	0.01493	0.01043	0.05444	0.31651	0.06916	0.03826	0.04010	0.15848	0.12100	0.01281	0.00330	0.00628	0.01031	0.00703	0.00991
45	0.01796	0.16631	0.40773	0.02265	0.05340	0.06751	0.11178	0.02476	0.01696	0.02305	0.01346	0.01620	0.01021	0.00714	0.00715	0.00229	0.01119	0.00590	0.00344	0.01089
46	0.00959	0.00789	0.00849	0.00876	0.01112	0.00680	0.00668	0.01174	0.01770	0.02155	0.09971	0.11787	0.54607	0.01994	0.00936	0.00274	0.00426	0.07585	0.00725	0.00662
47	0.02850	0.03618	0.02204	0.01999	0.02383	0.67048	0.01506	0.03049	0.02158	0.01896	0.01192	0.01410	0.00999	0.00820	0.00770	0.00205	0.04091	0.00506	0.00397	0.00897
48	0.03017	0.01970	0.02191	0.01690	0.02298	0.02117	0.01393	0.49742	0.06005	0.18238	0.02169	0.02069	0.01490	0.00942	0.00777	0.00236	0.00802	0.00723	0.00815	0.01315
49	0.78228	0.01499	0.01140	0.01020	0.01499	0.01739	0.00840	0.02279	0.01320	0.03479	0.01080	0.01260	0.00840	0.00720	0.00480	0.00240	0.00600	0.00420	0.00480	0.00840
50	0.01787	0.01602	0.06685	0.10765	0.22755	0.01471	0.01651	0.08922	0.02031	0.07946	0.11964	0.03461	0.13486	0.01095	0.00814	0.00243	0.00754	0.00952	0.00587	0.01027
51	0.02409	0.01767	0.05091	0.01814	0.07764	0.01596	0.03535	0.18600	0.06449	0.17628	0.01997	0.02025	0.01439	0.00800	0.00719	0.00202	0.00746	0.00657	0.00656	0.24107
52	0.01101	0.00793	0.01050	0.01043	0.01212	0.00742	0.00796	0.01443	0.02072	0.02897	0.53190	0.12789	0.06737	0.01740	0.00942	0.00265	0.00418	0.09229	0.00823	0.00719
53	0.01810	0.02728	0.24231	0.04952	0.03551	0.06246	0.32426	0.02674	0.08753	0.02502	0.01654	0.01989	0.01227	0.00736	0.00827	0.00253	0.01178	0.00769	0.00413	0.01081
54	0.02896	0.03695	0.02197	0.01998	0.02397	0.69638	0.01498	0.03096	0.02197	0.01898	0.01199	0.01398	0.00999	0.00799	0.00699	0.00200	0.01398	0.00499	0.00400	0.00899
55	0.01300	0.00869	0.01122	0.01031	0.01254	0.00814	0.00782	0.01744	0.05126	0.07632	0.60120	0.05442	0.06718	0.01518	0.00899	0.00244	0.00397	0.01335	0.00858	0.00795
56	0.00945	0.00675	0.00900	0.01080	0.01125	0.00630	0.00720	0.01080	0.01484	0.01979	0.04274	0.72245	0.05128	0.02429	0.00990	0.00315	0.00450	0.02204	0.00720	0.00630
57	0.04893	0.02003	0.07628	0.05797	0.08624	0.01848	0.40271	0.02306	0.01705	0.02437	0.01602	0.05358	0.01327	0.00805	0.00980	0.00259	0.06432	0.00871	0.00404	0.04451
58	0.02105	0.01695	0.01806	0.01567	0.02016	0.01920	0.01232	0.19524	0.43687	0.03565	0.02880	0.07422	0.02276	0.01111	0.00791	0.00256	0.00655	0.00917	0.03383	0.01192
59	0.01793	0.05003	0.22000	0.02775	0.11828	0.04507	0.24130	0.02459	0.03839	0.02425	0.01477	0.01853	0.01142	0.00741	0.00900	0.00242	0.05624	0.00709	0.00385	0.06165
60	0.01128	0.00752	0.00846	0.00846	0.00846	0.00752	0.00470	0.01128	0.01128	0.01503	0.02443	0.05074	0.02819	0.72751	0.03946	0.00752	0.00752	0.01128	0.00470	0.00470
61	0.02073	0.73217	0.04063	0.01327	0.01990	0.03068	0.01327	0.02322	0.01575	0.01824	0.01078	0.01244	0.00995	0.00663	0.00498	0.00166	0.00829	0.00415	0.00332	0.00995
62	0.01296	0.00696	0.01020	0.01045	0.01064	0.00697	0.00718	0.01071	0.01107	0.01477	0.01802	0.07968	0.01896	0.05108	0.04966	0.61664	0.00708	0.04900	0.00396	0.00399
63	0.02459	0.01830	0.02040	0.01777	0.04909	0.02023	0.01375	0.30115	0.29145	0.09042	0.02563	0.02632	0.01922	0.01023	0.00793	0.00251	0.00737	0.03334	0.00777	0.01253
64	0.02084	0.01674	0.01911	0.06526	0.05465	0.01898	0.01362	0.08982	0.49391	0.07564	0.02836	0.02686	0.02102	0.00999	0.00785	0.00257	0.00681	0.00833	0.00749	0.01216
65	0.00967	0.00691	0.00925	0.01105	0.01160	0.00649	0.00758	0.01118	0.01506	0.02004	0.04261	0.67633	0.05080	0.02408	0.00996	0.00318	0.00469	0.06597	0.00719	0.00636
66	0.01765	0.03095	0.41074	0.03015	0.22213	0.01800	0.08227	0.02490	0.01716	0.05203	0.01496	0.01801	0.01110	0.00725	0.00763	0.00242	0.01075	0.00647	0.00376	0.01168
67	0.07956	0.09531	0.02240	0.01828	0.02248	0.56222	0.01406	0.02904	0.02082	0.02051	0.03945	0.01558	0.01251	0.00814	0.00675	0.00201	0.01250	0.00524	0.00418	0.00896
68	0.05368	0.02095	0.02151	0.01681	0.02252	0.05049	0.01378	0.55444	0.03343	0.04552	0.01862	0.01905	0.01343	0.00916	0.00743	0.00227	0.00827	0.00682	0.06945	0.01237

[dist]
# distance from previous block
# <min> <max>
0	10

[block]
# block no. 3 follows, 25 sequences, length 74
# corresponding to MSA columns:
# 371-444
name=unknown_D
#
# <colnr> <probs for GDERKNQSTAVLIFYWHMCP>
#	G	D	E	R	K	N	Q	S	T	A	V	L	I	F	Y	W	H	M	C	P
0	0.01266	0.00916	0.01230	0.01360	0.01555	0.00910	0.01166	0.03779	0.01853	0.02412	0.06883	0.11009	0.09088	0.02076	0.01040	0.00339	0.00670	0.50998	0.00722	0.00728
1	0.02073	0.73217	0.04063	0.01327	0.01990	0.03068	0.01327	0.02322	0.01575	0.01824	0.01078	0.01244	0.00995	0.00663	0.00498	0.00166	0.00829	0.00415	0.00332	0.00995
2	0.00965	0.00690	0.00923	0.01103	0.01157	0.00648	0.00756	0.01115	0.01505	0.02002	0.04262	0.67940	0.05083	0.02410	0.00995	0.00318	0.00468	0.06305	0.00719	0.00635
3	0.07029	0.00779	0.00753	0.00744	0.00947	0.00797	0.00564	0.01841	0.01604	0.02933	0.02424	0.02772	0.01904	0.00890	0.00537	0.00185	0.00379	0.00701	0.71487	0.00731
4	0.01579	0.01496	0.02534	0.54147	0.21181	0.01753	0.02211	0.02082	0.01605	0.02121	0.01398	0.02030	0.01083	0.00754	0.00773	0.00251	0.01005	0.00690	0.00354	0.00954
5	0.01266	0.01061	0.01136	0.01089	0.01386	0.01069	0.00834	0.02107	0.22057	0.02563	0.12285	0.08371	0.36167	0.01664	0.00885	0.00266	0.00473	0.03723	0.00755	0.00843
6	0.03479	0.01320	0.01799	0.01380	0.01979	0.01140	0.01140	0.03779	0.02219	0.68451	0.03059	0.02639	0.01919	0.00960	0.00780	0.00240	0.00660	0.00780	0.00960	0.01320
7	0.01108	0.00806	0.00973	0.00922	0.01145	0.00717	0.00695	0.01413	0.02047	0.04769	0.44766	0.06276	0.28124	0.01698	0.00911	0.00250	0.00384	0.01465	0.00810	0.00723
8	0.01208	0.00876	0.01191	0.01339	0.01526	0.00860	0.01156	0.01549	0.01804	0.02338	0.07720	0.08464	0.11064	0.02095	0.01047	0.00341	0.00663	0.53327	0.00722	0.00709
9	0.78228	0.01499	0.01140	0.01020	0.01499	0.01739	0.00840	0.02279	0.01320	0.03479	0.01080	0.01260	0.00840	0.00720	0.00480	0.00240	0.00600	0.00420	0.00480	0.00840
10	0.01696	0.01696	0.02375	0.02036	0.02036	0.02375	0.01696	0.01866	0.01187	0.01866	0.01018	0.01696	0.01018	0.01357	0.02545	0.00339	0.71332	0.00679	0.00339	0.00848
11	0.02947	0.02172	0.02327	0.01784	0.02404	0.02404	0.01474	0.65329	0.03646	0.04887	0.01862	0.01862	0.01319	0.00931	0.00776	0.00233	0.00853	0.00698	0.00776	0.01319
12	0.01128	0.00752	0.00846	0.00846	0.00846	0.00752	0.00470	0.01128	0.01128	0.01503	0.02443	0.05074	0.02819	0.72751	0.03946	0.00752	0.00752	0.01128	0.00470	0.00470
13	0.78228	0.01499	0.01140	0.01020	0.01499	0.01739	0.00840	0.02279	0.01320	0.03479	0.01080	0.01260	0.00840	0.00720	0.00480	0.00240	0.00600	0.00420	0.00480	0.00840
14	0.78228	0.01499	0.01140	0.01020	0.01499	0.01739	0.00840	0.02279	0.01320	0.03479	0.01080	0.01260	0.00840	0.00720	0.00480	0.00240	0.00600	0.00420	0.00480	0.00840
15	0.03479	0.01320	0.01799	0.01380	0.01979	0.01140	0.01140	0.03779	0.02219	0.68451	0.03059	0.02639	0.01919	0.00960	0.00780	0.00240	0.00660	0.00780	0.00960	0.01320
16	0.01929	0.01666	0.01753	0.01578	0.02016	0.01929	0.01227	0.04120	0.66513	0.03243	0.03156	0.02893	0.02367	0.01052	0.00789	0.00263	0.00614	0.00877	0.00789	0.01227
17	0.01498	0.00904	0.01180	0.01059	0.01316	0.00836	0.00812	0.01915	0.04372	0.13322	0.55262	0.05201	0.06306	0.01469	0.00889	0.00244	0.00420	0.01287	0.00868	0.00840
18	0.00939	0.00786	0.00816	0.00809	0.01061	0.00664	0.00607	0.01156	0.01820	0.02219	0.15185	0.07257	0.60192	0.01917	0.00916	0.00260	0.00389	0.01608	0.00736	0.00664
19	0.01574	0.03900	0.65390	0.02340	0.06647	0.01803	0.02840	0.02452	0.01644	0.02459	0.01395	0.01651	0.00995	0.00734	0.00738	0.00245	0.01134	0.00579	0.00330	0.01150
20	0.06038	0.01356	0.01614	0.01315	0.01801	0.01344	0.01062	0.10177	0.12238	0.34972	0.05369	0.02700	0.02104	0.00976	0.00734	0.00233	0.00610	0.00786	0.13409	0.01162
21	0.00945	0.00675	0.00900	0.01080	0.01125	0.00630	0.00720	0.01080	0.01484	0.01979	0.04274	0.72245	0.05128	0.02429	0.00990	0.00315	0.00450	0.02204	0.00720	0.00630
