[name]
unknown

[dist]
# distance from previous block
# <min> <max>
0	63

[block]
# block no. 0 follows, 21 sequences, length 81
# corresponding to MSA columns:
# 63-143
name=unknown_A
#
# <colnr> <probs for GDERKNQSTAVLIFYWHMCP>
#	G	D	E	R	K	N	Q	S	T	A	V	L	I	F	Y	W	H	M	C	P
0	0.09346	0.06549	0.14511	0.05058	0.05715	0.02145	0.19187	0.12061	0.02190	0.05896	0.01844	0.02430	0.01456	0.00933	0.00932	0.00277	0.03751	0.04012	0.00532	0.01174
1	0.01965	0.19970	0.20240	0.01965	0.06440	0.05726	0.01868	0.02467	0.01947	0.06055	0.13386	0.02876	0.05202	0.01076	0.00914	0.00250	0.05204	0.00827	0.00534	0.01089
2	0.01221	0.00890	0.01256	0.01256	0.01369	0.01003	0.00924	0.01448	0.01335	0.01893	0.02382	0.03911	0.02374	0.22621	0.50818	0.01229	0.01909	0.00995	0.00471	0.00698
3	0.02244	0.66916	0.07870	0.01510	0.02268	0.03290	0.01550	0.02556	0.01733	0.02041	0.01202	0.01389	0.01091	0.00733	0.00561	0.00187	0.00929	0.00465	0.00364	0.01101
4	0.01565	0.00800	0.00826	0.00826	0.01021	0.00808	0.00621	0.01957	0.01761	0.03105	0.02748	0.03182	0.02178	0.01297	0.04339	0.00265	0.00503	0.00800	0.70606	0.00791
5	0.01051	0.00864	0.00925	0.00909	0.01177	0.00738	0.00682	0.01309	0.02046	0.02552	0.21279	0.07773	0.51622	0.02061	0.01005	0.00283	0.00424	0.01738	0.00824	0.00738
6	0.01204	0.00870	0.01138	0.01071	0.01271	0.00803	0.00803	0.01606	0.02409	0.03413	0.64335	0.06357	0.08030	0.01740	0.01004	0.00268	0.00401	0.01539	0.00937	0.00803
7	0.01018	0.00863	0.00880	0.00875	0.01157	0.00724	0.00656	0.01246	0.01969	0.02369	0.12148	0.08074	0.60867	0.02129	0.01006	0.00286	0.00429	0.01780	0.00800	0.00724
8	0.76103	0.01646	0.01251	0.01119	0.01646	0.01909	0.00922	0.02502	0.01448	0.03818	0.01185	0.01382	0.00922	0.00790	0.00527	0.00263	0.00658	0.00461	0.00527	0.00922
9	0.03818	0.01448	0.01975	0.01514	0.02172	0.01251	0.01251	0.04147	0.02436	0.65373	0.03357	0.02897	0.02107	0.01053	0.00856	0.00263	0.00724	0.00856	0.01053	0.01448
10	0.76103	0.01646	0.01251	0.01119	0.01646	0.01909	0.00922	0.02502	0.01448	0.03818	0.01185	0.01382	0.00922	0.00790	0.00527	0.00263	0.00658	0.00461	0.00527	0.00922
11	0.01104	0.00866	0.00999	0.00966	0.01210	0.00760	0.00724	0.01412	0.02173	0.02852	0.36274	0.07280	0.36441	0.01949	0.01005	0.00278	0.00416	0.01668	0.00863	0.00760
12	0.02001	0.02273	0.04894	0.03516	0.04331	0.02176	0.58541	0.02690	0.01971	0.02690	0.01690	0.02273	0.01282	0.00758	0.01099	0.00291	0.04970	0.00991	0.00427	0.01136
13	0.76103	0.01646	0.01251	0.01119	0.01646	0.01909	0.00922	0.02502	0.01448	0.03818	0.01185	0.01382	0.00922	0.00790	0.00527	0.00263	0.00658	0.00461	0.00527	0.00922
14	0.03235	0.02384	0.02554	0.01958	0.02639	0.02639	0.01618	0.61946	0.04001	0.05363	0.02043	0.02043	0.01447	0.01022	0.00851	0.00255	0.00936	0.00766	0.00851	0.01447
15	0.01268	0.00822	0.00943	0.00954	0.00991	0.00829	0.00576	0.01345	0.01336	0.01889	0.02779	0.08692	0.03060	0.53674	0.07699	0.00756	0.00847	0.01227	0.09738	0.00576
16	0.02308	0.01785	0.01930	0.01707	0.02208	0.02019	0.01336	0.04480	0.56398	0.10521	0.03452	0.03144	0.02542	0.01143	0.00865	0.00286	0.00679	0.00950	0.00887	0.01358
17	0.03785	0.01501	0.02008	0.01539	0.02199	0.01329	0.01272	0.07420	0.02524	0.61975	0.03283	0.02848	0.02069	0.01051	0.00856	0.00263	0.00736	0.00851	0.01042	0.01448
18	0.01255	0.00970	0.01444	0.01421	0.01564	0.01158	0.01113	0.01552	0.01364	0.01980	0.02208	0.03252	0.02065	0.06082	0.62795	0.01307	0.06348	0.00902	0.00451	0.00770
19	0.01980	0.02480	0.11114	0.05214	0.03402	0.08025	0.24981	0.02490	0.01752	0.02392	0.01483	0.02071	0.01222	0.01244	0.04396	0.00353	0.23126	0.00820	0.00403	0.01052
20	0.01037	0.00741	0.00987	0.01185	0.01234	0.00691	0.00790	0.01185	0.01629	0.02172	0.04690	0.69537	0.05629	0.02666	0.01086	0.00346	0.00494	0.02419	0.00790	0.00691
21	0.03510	0.01380	0.01876	0.01462	0.02066	0.01198	0.01198	0.03847	0.02433	0.58060	0.10554	0.03305	0.02806	0.01134	0.00873	0.00264	0.00686	0.00936	0.01040	0.01372
22	0.02106	0.02022	0.03454	0.05223	0.64784	0.02022	0.02612	0.02612	0.01938	0.02780	0.01601	0.02106	0.01348	0.00758	0.00842	0.00253	0.01011	0.00758	0.00421	0.01348
23	0.02535	0.02826	0.02862	0.13318	0.20054	0.29191	0.04987	0.06612	0.02208	0.02524	0.01481	0.01887	0.01203	0.00867	0.00901	0.00250	0.04051	0.00682	0.00447	0.01113
24	0.05786	0.02851	0.02854	0.07502	0.31700	0.29868	0.02106	0.02920	0.02106	0.02489	0.01454	0.01838	0.01208	0.00816	0.00797	0.00241	0.01229	0.00655	0.00431	0.01149
25	0.02053	0.02049	0.03738	0.08906	0.47832	0.02042	0.15485	0.02609	0.01938	0.02729	0.01621	0.02158	0.01322	0.00755	0.00878	0.00262	0.01111	0.00812	0.00420	0.01278
26	0.02021	0.01958	0.03410	0.15108	0.51596	0.02009	0.06312	0.02549	0.01905	0.02680	0.01594	0.02144	0.01310	0.00770	0.00854	0.00260	0.01057	0.00774	0.00415	0.01271
27	0.02059	0.01767	0.01874	0.01690	0.02153	0.02034	0.01313	0.04337	0.59395	0.03551	0.07317	0.03376	0.02942	0.01192	0.00875	0.00287	0.00656	0.00999	0.00870	0.01313
28	0.01045	0.00755	0.00990	0.01161	0.01232	0.00699	0.00783	0.01212	0.01692	0.02253	0.08472	0.62518	0.08871	0.02584	0.01077	0.00338	0.00485	0.02334	0.00799	0.00699
29	0.01037	0.00741	0.00987	0.01185	0.01234	0.00691	0.00790	0.01185	0.01629	0.02172	0.04690	0.69537	0.05629	0.02666	0.01086	0.00346	0.00494	0.02419	0.00790	0.00691
30	0.01035	0.00748	0.00979	0.01164	0.01229	0.00693	0.00781	0.01187	0.01649	0.02181	0.04943	0.65593	0.09410	0.02633	0.01081	0.00342	0.00490	0.02379	0.00790	0.00693
31	0.01736	0.07739	0.62597	0.02377	0.03608	0.02046	0.03059	0.02688	0.01793	0.02660	0.01510	0.01775	0.01079	0.00804	0.00795	0.00265	0.01240	0.00620	0.00360	0.01249
32	0.02009	0.02296	0.05022	0.03587	0.04448	0.02152	0.61693	0.02726	0.02009	0.02726	0.01722	0.02296	0.01291	0.00717	0.01004	0.00287	0.01435	0.01004	0.00430	0.01148
33	0.01238	0.00825	0.00928	0.00928	0.00928	0.00825	0.00516	0.01238	0.01238	0.01650	0.02681	0.05569	0.03094	0.70092	0.04331	0.00825	0.00825	0.01238	0.00516	0.00516
34	0.01385	0.00950	0.01174	0.01104	0.01344	0.00888	0.00823	0.01832	0.05678	0.07071	0.41772	0.09981	0.15569	0.05226	0.01159	0.00304	0.00469	0.01539	0.00888	0.00841
35	0.01091	0.00827	0.01212	0.01319	0.01413	0.00773	0.04183	0.01271	0.01650	0.02203	0.04525	0.65791	0.05387	0.02558	0.01082	0.00342	0.00546	0.02340	0.00770	0.00717
36	0.01765	0.01513	0.01765	0.01260	0.02017	0.01134	0.01008	0.02143	0.01765	0.02773	0.01513	0.01765	0.01260	0.00630	0.00630	0.00126	0.00630	0.00504	0.00504	0.75295
37	0.01862	0.01862	0.02607	0.02234	0.02234	0.02607	0.01862	0.02048	0.01303	0.02048	0.01117	0.01862	0.01117	0.01489	0.02793	0.00372	0.68535	0.00745	0.00372	0.00931
38	0.02838	0.02108	0.02272	0.01842	0.02443	0.02347	0.01489	0.35905	0.26934	0.08521	0.02680	0.02538	0.01937	0.01075	0.00857	0.00269	0.00821	0.00848	0.00870	0.01408
39	0.01607	0.01513	0.02552	0.68047	0.05861	0.01891	0.02363	0.02174	0.01702	0.02174	0.01513	0.02269	0.01134	0.00851	0.00851	0.00284	0.01134	0.00756	0.00378	0.00945
40	0.76103	0.01646	0.01251	0.01119	0.01646	0.01909	0.00922	0.02502	0.01448	0.03818	0.01185	0.01382	0.00922	0.00790	0.00527	0.00263	0.00658	0.00461	0.00527	0.00922
41	0.03235	0.02384	0.02554	0.01958	0.02639	0.02639	0.01618	0.61946	0.04001	0.05363	0.02043	0.02043	0.01447	0.01022	0.00851	0.00255	0.00936	0.00766	0.00851	0.01447
42	0.03235	0.02384	0.02554	0.01958	0.02639	0.02639	0.01618	0.61946	0.04001	0.05363	0.02043	0.02043	0.01447	0.01022	0.00851	0.00255	0.00936	0.00766	0.00851	0.01447
43	0.01862	0.01862	0.02607	0.02234	0.02234	0.02607	0.01862	0.02048	0.01303	0.02048	0.01117	0.01862	0.01117	0.01489	0.02793	0.00372	0.68535	0.00745	0.00372	0.00931
44	0.76103	0.01646	0.01251	0.01119	0.01646	0.01909	0.00922	0.02502	0.01448	0.03818	0.01185	0.01382	0.00922	0.00790	0.00527	0.00263	0.00658	0.00461	0.00527	0.00922
45	0.02009	0.02296	0.05022	0.03587	0.04448	0.02152	0.61693	0.02726	0.02009	0.02726	0.01722	0.02296	0.01291	0.00717	0.01004	0.00287	0.01435	0.01004	0.00430	0.01148
46	0.02117	0.01828	0.01924	0.01732	0.02213	0.02117	0.01347	0.04522	0.63246	0.03560	0.03464	0.03175	0.02598	0.01155	0.00866	0.00289	0.00673	0.00962	0.00866	0.01347
47	0.01607	0.01513	0.02552	0.68047	0.05861	0.01891	0.02363	0.02174	0.01702	0.02174	0.01513	0.02269	0.01134	0.00851	0.00851	0.00284	0.01134	0.00756	0.00378	0.00945
48	0.01024	0.00863	0.00888	0.00882	0.01161	0.00726	0.00661	0.01257	0.01984	0.02403	0.13838	0.08018	0.59157	0.02116	0.01006	0.00286	0.00428	0.01772	0.00804	0.00726
49	0.01006	0.00862	0.00862	0.00862	0.01149	0.00718	0.00647	0.01221	0.01940	0.02299	0.08621	0.08190	0.64438	0.02155	0.01006	0.00287	0.00431	0.01796	0.00790	0.00718
50	0.01607	0.01513	0.02552	0.68047	0.05861	0.01891	0.02363	0.02174	0.01702	0.02174	0.01513	0.02269	0.01134	0.00851	0.00851	0.00284	0.01134	0.00756	0.00378	0.00945
51	0.02106	0.02022	0.03454	0.05223	0.64784	0.02022	0.02612	0.02612	0.01938	0.02780	0.01601	0.02106	0.01348	0.00758	0.00842	0.00253	0.01011	0.00758	0.00421	0.01348
52	0.03682	0.01479	0.01971	0.01532	0.02176	0.01320	0.01258	0.04177	0.07309	0.60420	0.03366	0.02919	0.02146	0.01061	0.00857	0.00265	0.00720	0.00864	0.01038	0.01440
53	0.01216	0.00912	0.01368	0.01368	0.01520	0.01064	0.01064	0.01520	0.01368	0.01976	0.02279	0.03343	0.02127	0.06382	0.66720	0.01368	0.02279	0.00912	0.00456	0.00760
54	0.01921	0.16863	0.50825	0.02195	0.03322	0.02205	0.02728	0.02740	0.01816	0.05708	0.01553	0.01770	0.01132	0.00805	0.00761	0.00253	0.01165	0.00607	0.00395	0.01236
55	0.01806	0.03011	0.29192	0.06366	0.04015	0.01978	0.31135	0.02590	0.01883	0.02650	0.01814	0.06221	0.01463	0.00881	0.00922	0.00283	0.01289	0.00926	0.00421	0.01154
56	0.02316	0.60735	0.08160	0.01580	0.02317	0.08681	0.01579	0.02630	0.01792	0.02053	0.01216	0.01407	0.01092	0.00746	0.00582	0.00191	0.00985	0.00474	0.00370	0.01094
57	0.01226	0.00834	0.00965	0.00965	0.00991	0.00842	0.00570	0.01262	0.01278	0.01706	0.02890	0.05477	0.05537	0.61560	0.09807	0.00852	0.00940	0.01231	0.00522	0.00546
58	0.01216	0.00912	0.01368	0.01368	0.01520	0.01064	0.01064	0.01520	0.01368	0.01976	0.02279	0.03343	0.02127	0.06382	0.66720	0.01368	0.02279	0.00912	0.00456	0.00760
59	0.01924	0.01429	0.01603	0.01441	0.01826	0.01537	0.01105	0.03343	0.34538	0.09139	0.19048	0.04405	0.07658	0.05785	0.01131	0.00315	0.00605	0.01165	0.00874	0.01128
60	0.01989	0.02049	0.03363	0.12229	0.03542	0.04742	0.22304	0.05362	0.01808	0.02509	0.01459	0.02060	0.01203	0.01034	0.01593	0.00304	0.25716	0.00814	0.00428	0.05492
61	0.01351	0.00965	0.01348	0.01544	0.01731	0.00962	0.01336	0.01728	0.01939	0.02524	0.04517	0.13280	0.04943	0.02370	0.01170	0.00389	0.00766	0.55578	0.00784	0.00778
62	0.01348	0.00964	0.01343	0.01525	0.01715	0.00958	0.01317	0.01730	0.01967	0.02574	0.07529	0.12067	0.05088	0.02334	0.01163	0.00384	0.00752	0.53671	0.00792	0.00781
63	0.08602	0.10309	0.41011	0.02223	0.03141	0.02219	0.04872	0.02559	0.01686	0.02624	0.01402	0.01746	0.01080	0.00906	0.01086	0.00278	0.12092	0.00630	0.00380	0.01153
64	0.05475	0.04137	0.58800	0.02429	0.03626	0.01984	0.06541	0.02687	0.01792	0.02754	0.01522	0.01806	0.01083	0.00802	0.00806	0.00270	0.01238	0.00643	0.00372	0.01234
65	0.06859	0.01788	0.01894	0.01526	0.02045	0.01941	0.01239	0.34930	0.05394	0.08146	0.02348	0.02439	0.01721	0.01006	0.00757	0.00241	0.00736	0.00770	0.23002	0.01218
66	0.01236	0.00901	0.01314	0.01314	0.01460	0.01037	0.01010	0.01527	0.01381	0.02017	0.02327	0.03459	0.02184	0.09661	0.59926	0.01279	0.02104	0.00924	0.04190	0.00748
67	0.01833	0.02966	0.28488	0.02980	0.09504	0.01997	0.23253	0.02649	0.04528	0.02686	0.01870	0.06419	0.01539	0.00940	0.00998	0.00285	0.04539	0.00908	0.00441	0.01179
68	0.01105	0.00832	0.01210	0.01327	0.01425	0.00781	0.03829	0.01296	0.01668	0.02223	0.04533	0.62541	0.05370	0.02551	0.01088	0.00346	0.00558	0.05827	0.00772	0.00719
69	0.01478	0.00739	0.01109	0.01109	0.01109	0.00739	0.00739	0.01109	0.01109	0.01478	0.01478	0.02587	0.01478	0.02956	0.03326	0.75240	0.00739	0.00739	0.00370	0.00370
70	0.03325	0.01871	0.06113	0.01689	0.02364	0.01691	0.01456	0.15290	0.11513	0.40837	0.03003	0.02702	0.01985	0.01046	0.00853	0.00266	0.00792	0.00840	0.00943	0.01421
71	0.01905	0.02325	0.09575	0.06532	0.04152	0.02080	0.46939	0.02575	0.01911	0.02624	0.01805	0.05599	0.01472	0.00879	0.01099	0.00294	0.05672	0.01015	0.00436	0.01110
72	0.01071	0.00765	0.01027	0.01224	0.01289	0.00721	0.00850	0.01245	0.01663	0.02211	0.04671	0.63341	0.05553	0.02634	0.01095	0.00350	0.00524	0.08274	0.00789	0.00701
73	0.01707	0.04402	0.65683	0.02426	0.03683	0.01976	0.03144	0.02695	0.01797	0.02695	0.01527	0.01797	0.01078	0.00809	0.00809	0.00270	0.01258	0.00629	0.00359	0.01258
74	0.02172	0.01800	0.02919	0.27446	0.33098	0.01932	0.02320	0.06255	0.02030	0.09196	0.01778	0.02243	0.01355	0.00839	0.00847	0.00265	0.01022	0.00768	0.00497	0.01218
75	0.01735	0.07666	0.62664	0.02378	0.03609	0.02045	0.03061	0.02688	0.01793	0.02661	0.01510	0.01775	0.01079	0.00805	0.00796	0.00265	0.01241	0.00620	0.00360	0.01250
76	0.03610	0.01642	0.02077	0.01608	0.02260	0.01556	0.01323	0.14708	0.06366	0.50728	0.03124	0.02758	0.02016	0.01054	0.00856	0.00263	0.00760	0.00846	0.01005	0.01442
77	0.61709	0.05021	0.01569	0.01298	0.01820	0.11899	0.01056	0.02641	0.01608	0.03473	0.01205	0.01405	0.00956	0.00801	0.00564	0.00253	0.00804	0.00474	0.00506	0.00939
78	0.01204	0.00870	0.01138	0.01071	0.01271	0.00803	0.00803	0.01606	0.02409	0.03413	0.64335	0.06357	0.08030	0.01740	0.01004	0.00268	0.00401	0.01539	0.00937	0.00803
79	0.01977	0.02142	0.08388	0.09326	0.35774	0.01980	0.12304	0.02729	0.07525	0.02773	0.01940	0.02641	0.01611	0.00888	0.00888	0.00273	0.01068	0.04055	0.00475	0.01243
80	0.01037	0.00741	0.00987	0.01185	0.01234	0.00691	0.00790	0.01185	0.01629	0.02172	0.04690	0.69537	0.05629	0.02666	0.01086	0.00346	0.00494	0.02419	0.00790	0.00691

[dist]
# distance from previous block
# <min> <max>
0	22

[block]
# block no. 1 follows, 21 sequences, length 12
# corresponding to MSA columns:
# 166-177
name=unknown_B
#
# <colnr> <probs for GDERKNQSTAVLIFYWHMCP>
#	G	D	E	R	K	N	Q	S	T	A	V	L	I	F	Y	W	H	M	C	P
0	0.01818	0.01924	0.03849	0.34209	0.05119	0.02028	0.33508	0.02464	0.01863	0.02464	0.01622	0.02283	0.01217	0.00781	0.00931	0.00285	0.01292	0.00886	0.00406	0.01052
1	0.02262	0.01796	0.01929	0.01713	0.02209	0.02043	0.01339	0.04490	0.58055	0.08837	0.03455	0.03151	0.02556	0.01146	0.00865	0.00286	0.00678	0.00953	0.00882	0.01356
2	0.76103	0.01646	0.01251	0.01119	0.01646	0.01909	0.00922	0.02502	0.01448	0.03818	0.01185	0.01382	0.00922	0.00790	0.00527	0.00263	0.00658	0.00461	0.00527	0.00922
3	0.01037	0.00741	0.00987	0.01185	0.01234	0.00691	0.00790	0.01185	0.01629	0.02172	0.04690	0.69537	0.05629	0.02666	0.01086	0.00346	0.00494	0.02419	0.00790	0.00691
4	0.01037	0.00741	0.00987	0.01185	0.01234	0.00691	0.00790	0.01185	0.01629	0.02172	0.04690	0.69537	0.05629	0.02666	0.01086	0.00346	0.00494	0.02419	0.00790	0.00691
5	0.01174	0.00846	0.01110	0.01092	0.01265	0.00782	0.00801	0.01529	0.02266	0.03185	0.53369	0.17973	0.07588	0.01910	0.01019	0.00282	0.00418	0.01701	0.00910	0.00782
6	0.01333	0.00975	0.01307	0.01473	0.01663	0.00974	0.01232	0.01776	0.05035	0.02521	0.04692	0.19697	0.07898	0.02335	0.01135	0.00373	0.00710	0.43290	0.00789	0.00793
7	0.70033	0.01707	0.01359	0.01189	0.01729	0.01970	0.00980	0.07454	0.01661	0.03947	0.01256	0.01437	0.00965	0.00809	0.00554	0.00263	0.00681	0.00486	0.00554	0.00965
8	0.01784	0.01576	0.02028	0.01449	0.02214	0.01217	0.05924	0.02190	0.01784	0.02769	0.01530	0.01808	0.01263	0.00637	0.00661	0.00139	0.00695	0.00545	0.00498	0.69289
9	0.01711	0.04187	0.60932	0.02339	0.03559	0.01914	0.02985	0.02654	0.01794	0.02701	0.01526	0.01794	0.01092	0.00795	0.00795	0.00259	0.01211	0.00620	0.00370	0.06761
10	0.02499	0.10892	0.08115	0.05598	0.17246	0.28694	0.04482	0.02974	0.04514	0.02373	0.01486	0.01809	0.01223	0.00855	0.00861	0.00241	0.03941	0.00645	0.00431	0.01122
11	0.29604	0.02073	0.01998	0.01606	0.02217	0.05365	0.01318	0.29700	0.02787	0.12837	0.01877	0.01896	0.01330	0.00935	0.00731	0.00258	0.00837	0.00657	0.00741	0.01235

[dist]
# distance from previous block
# <min> <max>
0	1

[block]
# block no. 2 follows, 21 sequences, length 62
# corresponding to MSA columns:
# 179-240
name=unknown_C
#
# <colnr> <probs for GDERKNQSTAVLIFYWHMCP>
#	G	D	E	R	K	N	Q	S	T	A	V	L	I	F	Y	W	H	M	C	P
0	0.15233	0.22475	0.05663	0.01636	0.02245	0.12948	0.01446	0.11480	0.02165	0.08723	0.01641	0.01824	0.01296	0.01316	0.06237	0.00324	0.01088	0.00601	0.00547	0.01111
1	0.01227	0.00869	0.01149	0.01149	0.01226	0.00945	0.00791	0.01379	0.01303	0.01814	0.02479	0.04449	0.02608	0.38038	0.35721	0.01098	0.01557	0.01074	0.00486	0.00638
2	0.02135	0.02184	0.06592	0.02834	0.03632	0.01957	0.38620	0.09462	0.02196	0.05588	0.01919	0.05162	0.01521	0.00844	0.00924	0.00262	0.01187	0.00947	0.00528	0.11506
3	0.05475	0.08636	0.02139	0.04623	0.06656	0.04189	0.07092	0.01983	0.01856	0.04751	0.05759	0.23176	0.10055	0.01699	0.00942	0.00297	0.00780	0.08334	0.00651	0.00907
4	0.01223	0.00935	0.01174	0.04654	0.01528	0.00931	0.00888	0.01594	0.05265	0.02488	0.18671	0.17284	0.16611	0.12878	0.06662	0.00466	0.00710	0.04545	0.00738	0.00756
5	0.02106	0.02022	0.03454	0.05223	0.64784	0.02022	0.02612	0.02612	0.01938	0.02780	0.01601	0.02106	0.01348	0.00758	0.00842	0.00253	0.01011	0.00758	0.00421	0.01348
6	0.02713	0.14157	0.06138	0.06338	0.10876	0.10266	0.01792	0.20261	0.07035	0.09479	0.01922	0.02040	0.01440	0.00910	0.00787	0.00244	0.01004	0.00700	0.00627	0.01269
7	0.02301	0.01857	0.01981	0.01740	0.02248	0.02117	0.01365	0.09471	0.54981	0.06908	0.03335	0.03063	0.02473	0.01138	0.00864	0.00284	0.00699	0.00940	0.00874	0.01361
8	0.01134	0.00818	0.01093	0.01268	0.01376	0.00776	0.00942	0.01364	0.01771	0.02339	0.07641	0.47308	0.08374	0.02512	0.01103	0.00352	0.00565	0.17748	0.00795	0.00723
9	0.01708	0.02463	0.19631	0.02797	0.06098	0.01760	0.29837	0.02353	0.01862	0.02591	0.02360	0.17876	0.02253	0.01198	0.00966	0.00295	0.01151	0.01228	0.00496	0.01078
10	0.01921	0.01881	0.03052	0.32390	0.21002	0.04990	0.10547	0.05253	0.01949	0.02564	0.01746	0.05657	0.01459	0.00910	0.00878	0.00275	0.01119	0.00868	0.00444	0.01095
11	0.03027	0.03803	0.02434	0.02197	0.02585	0.59289	0.01669	0.03243	0.02284	0.02079	0.01293	0.01572	0.01099	0.00948	0.01001	0.00237	0.09259	0.00571	0.00431	0.00980
12	0.11363	0.02037	0.03069	0.10543	0.40499	0.05455	0.05588	0.02568	0.01843	0.02765	0.01502	0.01997	0.01243	0.00820	0.00928	0.00265	0.05164	0.00723	0.00429	0.01199
13	0.01177	0.00897	0.01086	0.01057	0.01278	0.00828	0.00785	0.01593	0.04894	0.03008	0.41320	0.12875	0.22230	0.01913	0.01006	0.00281	0.00430	0.01667	0.00881	0.00794
14	0.01765	0.01513	0.01765	0.01260	0.02017	0.01134	0.01008	0.02143	0.01765	0.02773	0.01513	0.01765	0.01260	0.00630	0.00630	0.00126	0.00630	0.00504	0.00504	0.75295
15	0.02080	0.01607	0.01707	0.01582	0.01984	0.05523	0.01267	0.08553	0.23255	0.09063	0.04146	0.08734	0.10889	0.01595	0.00957	0.00305	0.00739	0.14088	0.00824	0.01101
16	0.01280	0.01339	0.09608	0.01279	0.01617	0.00967	0.01144	0.01758	0.02301	0.03266	0.52444	0.05958	0.06927	0.01655	0.00989	0.00275	0.00537	0.04941	0.00852	0.00861
17	0.01413	0.01071	0.01370	0.01208	0.01505	0.00996	0.04007	0.01870	0.06775	0.05365	0.26005	0.05833	0.20210	0.12758	0.01507	0.00358	0.00580	0.01396	0.00779	0.04996
18	0.01037	0.00741	0.00987	0.01185	0.01234	0.00691	0.00790	0.01185	0.01629	0.02172	0.04690	0.69537	0.05629	0.02666	0.01086	0.00346	0.00494	0.02419	0.00790	0.00691
19	0.02208	0.07759	0.12572	0.06324	0.06490	0.05145	0.09740	0.06661	0.22242	0.06263	0.02280	0.02386	0.01707	0.00926	0.00834	0.00263	0.00986	0.00801	0.00613	0.03803
20	0.01734	0.01586	0.02367	0.33246	0.11075	0.01656	0.01868	0.02208	0.01735	0.02461	0.01506	0.02046	0.01205	0.00785	0.00851	0.00225	0.03795	0.00663	0.00430	0.28559
21	0.06067	0.24591	0.17883	0.02171	0.06490	0.02363	0.08794	0.02429	0.01783	0.02517	0.06417	0.04740	0.01841	0.00979	0.00948	0.00255	0.07430	0.00767	0.00446	0.01089
22	0.02366	0.04088	0.33606	0.02416	0.03288	0.29944	0.07072	0.03001	0.02079	0.02433	0.01451	0.01722	0.01103	0.00831	0.00806	0.00249	0.01391	0.00623	0.00399	0.01132
23	0.01238	0.00825	0.00928	0.00928	0.00928	0.00825	0.00516	0.01238	0.01238	0.01650	0.02681	0.05569	0.03094	0.70092	0.04331	0.00825	0.00825	0.01238	0.00516	0.00516
24	0.06935	0.02364	0.02358	0.01859	0.02477	0.09710	0.01514	0.39617	0.03243	0.09217	0.01928	0.01984	0.01399	0.00983	0.00897	0.00247	0.04105	0.00708	0.00750	0.07706
25	0.01987	0.02449	0.09454	0.03502	0.04392	0.02139	0.57414	0.02724	0.01993	0.02724	0.01707	0.02259	0.01276	0.00724	0.00990	0.00286	0.01422	0.00977	0.00425	0.01156
26	0.01842	0.01835	0.02602	0.07377	0.02518	0.02551	0.01901	0.02058	0.01334	0.02058	0.01148	0.01894	0.01118	0.01440	0.02641	0.00365	0.63268	0.00746	0.00373	0.00932
27	0.01036	0.00857	0.00871	0.00871	0.01120	0.00732	0.00629	0.01223	0.01848	0.02214	0.07843	0.07847	0.56402	0.11055	0.01441	0.00358	0.00483	0.01723	0.00754	0.00692
28	0.01872	0.01576	0.01822	0.01311	0.02062	0.01244	0.01053	0.06513	0.01928	0.02962	0.01551	0.01785	0.01274	0.00659	0.00646	0.00136	0.00653	0.00523	0.00530	0.69898
29	0.02904	0.03460	0.02464	0.02183	0.02547	0.48091	0.01688	0.07687	0.02301	0.02332	0.01330	0.01644	0.01128	0.01018	0.01203	0.00255	0.15690	0.00607	0.00457	0.01011
30	0.01222	0.00867	0.01106	0.01070	0.01226	0.00819	0.00775	0.01535	0.02124	0.02972	0.47118	0.06382	0.06753	0.16805	0.01746	0.00398	0.00518	0.04993	0.00835	0.00739
31	0.02621	0.03061	0.02312	0.05069	0.10587	0.41130	0.01637	0.05992	0.02347	0.02439	0.05232	0.02701	0.09182	0.01064	0.00825	0.00239	0.01231	0.00794	0.00522	0.01015
32	0.01081	0.00801	0.01110	0.06410	0.01596	0.00785	0.00913	0.01262	0.01635	0.02173	0.04442	0.64280	0.05277	0.02524	0.01068	0.00341	0.00544	0.02289	0.00758	0.00711
33	0.06706	0.04692	0.02080	0.01574	0.02179	0.01823	0.01289	0.17983	0.13388	0.25319	0.03154	0.02941	0.06749	0.01098	0.00825	0.00257	0.00744	0.00869	0.00862	0.05468
34	0.02210	0.12529	0.26121	0.02482	0.08961	0.06251	0.06503	0.12932	0.02211	0.03008	0.01557	0.01830	0.01196	0.00852	0.00881	0.00250	0.04370	0.00662	0.00469	0.04726
35	0.76103	0.01646	0.01251	0.01119	0.01646	0.01909	0.00922	0.02502	0.01448	0.03818	0.01185	0.01382	0.00922	0.00790	0.00527	0.00263	0.00658	0.00461	0.00527	0.00922
36	0.02331	0.36986	0.07358	0.01847	0.02379	0.16133	0.01692	0.02617	0.01775	0.02072	0.01216	0.01541	0.01098	0.00939	0.01126	0.00239	0.16675	0.00552	0.00381	0.01043
37	0.52935	0.01975	0.10376	0.01354	0.01988	0.01786	0.01273	0.02716	0.01669	0.11982	0.04014	0.01841	0.01384	0.00866	0.00630	0.00264	0.00741	0.00580	0.00591	0.01035
38	0.03818	0.01448	0.01975	0.01514	0.02172	0.01251	0.01251	0.04147	0.02436	0.65373	0.03357	0.02897	0.02107	0.01053	0.00856	0.00263	0.00724	0.00856	0.01053	0.01448
39	0.01098	0.00792	0.00997	0.01092	0.01189	0.00737	0.00738	0.01283	0.01765	0.02366	0.17140	0.41006	0.11673	0.12207	0.01532	0.00393	0.00516	0.02003	0.00781	0.00692
40	0.01158	0.00862	0.01077	0.01036	0.01246	0.00781	0.00772	0.01512	0.02282	0.03139	0.50771	0.09663	0.18829	0.01863	0.01008	0.00275	0.00412	0.01630	0.00902	0.00781
41	0.02121	0.52615	0.21095	0.01720	0.02592	0.02989	0.01915	0.02588	0.01748	0.02190	0.01277	0.01482	0.01088	0.00750	0.00617	0.00206	0.01005	0.00502	0.00363	0.01137
42	0.01728	0.01587	0.04705	0.01815	0.06835	0.01587	0.01358	0.03097	0.31337	0.03171	0.14400	0.08076	0.08163	0.01478	0.00937	0.00294	0.00664	0.06852	0.00802	0.01113
43	0.06221	0.05042	0.01989	0.01731	0.04658	0.02002	0.01287	0.07268	0.40843	0.03323	0.02887	0.03089	0.02308	0.09014	0.01219	0.00333	0.00730	0.00901	0.00747	0.04406
44	0.03818	0.01448	0.01975	0.01514	0.02172	0.01251	0.01251	0.04147	0.02436	0.65373	0.03357	0.02897	0.02107	0.01053	0.00856	0.00263	0.00724	0.00856	0.01053	0.01448
45	0.76103	0.01646	0.01251	0.01119	0.01646	0.01909	0.00922	0.02502	0.01448	0.03818	0.01185	0.01382	0.00922	0.00790	0.00527	0.00263	0.00658	0.00461	0.00527	0.00922
46	0.01184	0.00990	0.03315	0.01078	0.01332	0.00828	0.00854	0.01571	0.02299	0.03178	0.51670	0.06545	0.18416	0.01786	0.00997	0.00271	0.00437	0.01556	0.00889	0.00803
47	0.01037	0.00741	0.00987	0.01185	0.01234	0.00691	0.00790	0.01185	0.01629	0.02172	0.04690	0.69537	0.05629	0.02666	0.01086	0.00346	0.00494	0.02419	0.00790	0.00691
48	0.01222	0.00887	0.01240	0.01240	0.01348	0.00994	0.00904	0.01438	0.01330	0.01881	0.02396	0.03990	0.02408	0.24902	0.48585	0.01210	0.01857	0.01006	0.00473	0.00689
49	0.03818	0.01448	0.01975	0.01514	0.02172	0.01251	0.01251	0.04147	0.02436	0.65373	0.03357	0.02897	0.02107	0.01053	0.00856	0.00263	0.00724	0.00856	0.01053	0.01448
50	0.02234	0.65766	0.08933	0.01527	0.02294	0.03266	0.01579	0.02559	0.01734	0.02053	0.01208	0.01397	0.01091	0.00734	0.00565	0.00188	0.00935	0.00468	0.00364	0.01104
51	0.01635	0.01541	0.02603	0.64533	0.09157	0.01898	0.02377	0.02199	0.01715	0.02208	0.01518	0.02260	0.01146	0.00846	0.00850	0.00282	0.01128	0.00756	0.00381	0.00968
52	0.03454	0.01539	0.01975	0.01555	0.02173	0.01441	0.01270	0.08310	0.10085	0.50696	0.05864	0.03016	0.02371	0.01093	0.00863	0.00266	0.00720	0.00891	0.01010	0.01408
53	0.01053	0.00753	0.01002	0.01174	0.01238	0.00702	0.00791	0.01225	0.01704	0.02291	0.10374	0.63517	0.05857	0.02578	0.01078	0.00338	0.00485	0.02335	0.00804	0.00702
54	0.01852	0.01777	0.03083	0.29659	0.33574	0.01912	0.06730	0.02391	0.01876	0.02573	0.05083	0.02422	0.01633	0.00847	0.00867	0.00268	0.01057	0.00819	0.00434	0.01144
55	0.03220	0.01531	0.01924	0.01556	0.02144	0.01477	0.01258	0.04142	0.19691	0.45099	0.06077	0.03128	0.02507	0.01112	0.00865	0.00271	0.00696	0.00916	0.00995	0.01391
56	0.02029	0.01054	0.01390	0.01201	0.01552	0.00941	0.00937	0.02397	0.02391	0.23150	0.41734	0.05354	0.09292	0.01544	0.00957	0.00267	0.00506	0.01335	0.00966	0.01004
57	0.01964	0.02208	0.04745	0.10803	0.04606	0.02123	0.55051	0.02664	0.01974	0.02664	0.01698	0.02293	0.01274	0.00732	0.00987	0.00287	0.01401	0.00977	0.00425	0.01125
58	0.24786	0.05717	0.09812	0.15708	0.02931	0.01824	0.01676	0.02534	0.01741	0.10317	0.02000	0.02931	0.01682	0.01076	0.00864	0.00286	0.04043	0.08495	0.00556	0.01022
59	0.01696	0.01662	0.05498	0.02272	0.02781	0.01499	0.26411	0.02197	0.02036	0.06023	0.19437	0.14913	0.03906	0.01386	0.01081	0.00294	0.03906	0.01359	0.00657	0.00986
60	0.01238	0.00825	0.00928	0.00928	0.00928	0.00825	0.00516	0.01238	0.01238	0.01650	0.02681	0.05569	0.03094	0.70092	0.04331	0.00825	0.00825	0.01238	0.00516	0.00516
61	0.01943	0.02420	0.10690	0.03463	0.07611	0.02066	0.50082	0.02651	0.01968	0.02702	0.01822	0.05091	0.01458	0.00811	0.00980	0.00286	0.01354	0.01014	0.00438	0.01150

[dist]
# distance from previous block
# <min> <max>
1	2

[block]
# block no. 3 follows, 21 sequences, length 16
# corresponding to MSA columns:
# 243-258
name=unknown_D
#
# <colnr> <probs for GDERKNQSTAVLIFYWHMCP>
#	G	D	E	R	K	N	Q	S	T	A	V	L	I	F	Y	W	H	M	C	P
0	0.04694	0.01089	0.01375	0.01398	0.01530	0.01194	0.01026	0.07263	0.01795	0.02527	0.03685	0.47434	0.04236	0.02514	0.05406	0.00401	0.09044	0.01870	0.00712	0.00809
1	0.76103	0.01646	0.01251	0.01119	0.01646	0.01909	0.00922	0.02502	0.01448	0.03818	0.01185	0.01382	0.00922	0.00790	0.00527	0.00263	0.00658	0.00461	0.00527	0.00922
2	0.76103	0.01646	0.01251	0.01119	0.01646	0.01909	0.00922	0.02502	0.01448	0.03818	0.01185	0.01382	0.00922	0.00790	0.00527	0.00263	0.00658	0.00461	0.00527	0.00922
3	0.01244	0.01264	0.08323	0.01204	0.01530	0.00927	0.01051	0.01695	0.02301	0.03238	0.52584	0.06003	0.12048	0.01671	0.00982	0.00270	0.00500	0.01459	0.00860	0.00847
4	0.01010	0.00844	0.00881	0.00910	0.01162	0.00714	0.00668	0.01216	0.01894	0.02280	0.08044	0.17202	0.55799	0.02230	0.01018	0.00296	0.00440	0.01888	0.00790	0.00714
5	0.01890	0.01838	0.03234	0.31053	0.34522	0.01980	0.08272	0.02442	0.01847	0.02524	0.01576	0.02192	0.01254	0.00793	0.00862	0.00269	0.01103	0.00781	0.00404	0.01162
6	0.02275	0.70604	0.04459	0.01456	0.02184	0.03367	0.01456	0.02548	0.01729	0.02002	0.01183	0.01365	0.01092	0.00728	0.00546	0.00182	0.00910	0.00455	0.00364	0.01092
7	0.38139	0.02318	0.02095	0.08622	0.10193	0.18412	0.03855	0.02720	0.01801	0.03043	0.01323	0.01634	0.01054	0.00811	0.00678	0.00254	0.01003	0.00570	0.00473	0.01002
8	0.01715	0.03530	0.44543	0.02588	0.03631	0.01894	0.17227	0.02555	0.01832	0.02652	0.01883	0.08527	0.01574	0.00967	0.00883	0.00281	0.01226	0.00895	0.00419	0.01176
9	0.02146	0.01877	0.03033	0.04340	0.49398	0.01893	0.02298	0.02815	0.07915	0.06609	0.02143	0.02917	0.01827	0.00955	0.00875	0.00269	0.00941	0.05912	0.00534	0.01304
10	0.01204	0.00870	0.01138	0.01071	0.01271	0.00803	0.00803	0.01606	0.02409	0.03413	0.64335	0.06357	0.08030	0.01740	0.01004	0.00268	0.00401	0.01539	0.00937	0.00803
11	0.01574	0.01290	0.01421	0.01355	0.01691	0.01358	0.01048	0.04965	0.25450	0.03022	0.11142	0.12084	0.21459	0.01756	0.00970	0.00300	0.00579	0.06702	0.00835	0.00999
12	0.22883	0.33362	0.08446	0.01737	0.02446	0.07298	0.08325	0.02629	0.01738	0.02654	0.01283	0.01523	0.01066	0.00761	0.00630	0.00226	0.00973	0.00540	0.00422	0.01057
13	0.01037	0.00863	0.00905	0.00895	0.01169	0.00732	0.00671	0.01282	0.02014	0.02474	0.17383	0.07902	0.55567	0.02090	0.01005	0.00284	0.00426	0.01756	0.00813	0.00732
14	0.02144	0.02569	0.16096	0.08345	0.22254	0.05129	0.02243	0.08868	0.17626	0.03128	0.02079	0.02291	0.01587	0.00908	0.00839	0.00267	0.01005	0.00773	0.00560	0.01289
15	0.01694	0.01437	0.01689	0.01253	0.01940	0.01091	0.00987	0.02049	0.01751	0.02714	0.01823	0.08376	0.01687	0.00829	0.00675	0.00147	0.00617	0.00691	0.00532	0.68017

[dist]
# distance from previous block
# <min> <max>
0	10

[block]
# block no. 4 follows, 21 sequences, length 196
# corresponding to MSA columns:
# 269-464
name=unknown_E
#
# <colnr> <probs for GDERKNQSTAVLIFYWHMCP>
#	G	D	E	R	K	N	Q	S	T	A	V	L	I	F	Y	W	H	M	C	P
0	0.69755	0.01801	0.01469	0.01316	0.01854	0.01992	0.01047	0.02720	0.01654	0.06796	0.01555	0.01828	0.01236	0.00977	0.00661	0.00310	0.00748	0.00569	0.00636	0.01076
1	0.01949	0.01113	0.01416	0.01240	0.01589	0.01046	0.00964	0.02526	0.08582	0.19047	0.39941	0.05249	0.08787	0.01527	0.00952	0.00270	0.00512	0.01320	0.00952	0.01017
2	0.01251	0.00964	0.01435	0.01415	0.01559	0.01148	0.01107	0.01549	0.01364	0.01980	0.02216	0.03262	0.02072	0.06115	0.63221	0.01313	0.05905	0.00903	0.00451	0.00769
3	0.01869	0.01862	0.03414	0.36831	0.08280	0.02057	0.21775	0.05754	0.01928	0.02563	0.01599	0.02238	0.01214	0.00840	0.00986	0.00285	0.04180	0.00838	0.00424	0.01062
4	0.10049	0.01517	0.01903	0.01508	0.02131	0.01425	0.01234	0.04050	0.10456	0.51632	0.03177	0.02798	0.02066	0.01043	0.00828	0.00267	0.00712	0.00835	0.00981	0.01388
5	0.02131	0.01920	0.03249	0.13686	0.53230	0.01962	0.02503	0.02635	0.01932	0.06122	0.01685	0.02172	0.01360	0.00787	0.00844	0.00258	0.01012	0.00763	0.00450	0.01298
6	0.06573	0.02331	0.02525	0.13393	0.06594	0.08316	0.01767	0.40071	0.03219	0.04296	0.01818	0.02005	0.01330	0.00953	0.00827	0.00257	0.01015	0.00729	0.00692	0.01287
7	0.01085	0.00778	0.01031	0.01152	0.01245	0.00724	0.00794	0.01307	0.01855	0.02531	0.21957	0.51247	0.06324	0.02398	0.01062	0.00323	0.00467	0.02164	0.00832	0.00724
8	0.01204	0.00870	0.01138	0.01071	0.01271	0.00803	0.00803	0.01606	0.02409	0.03413	0.64335	0.06357	0.08030	0.01740	0.01004	0.00268	0.00401	0.01539	0.00937	0.00803
9	0.01006	0.00862	0.00862	0.00862	0.01149	0.00718	0.00647	0.01221	0.01940	0.02299	0.08621	0.08190	0.64438	0.02155	0.01006	0.00287	0.00431	0.01796	0.00790	0.00718
10	0.02277	0.01773	0.01958	0.04642	0.02370	0.02014	0.01382	0.04378	0.53985	0.10145	0.03366	0.03105	0.02480	0.01130	0.00864	0.00286	0.00699	0.00942	0.00864	0.01340
11	0.03643	0.01410	0.01919	0.01484	0.02112	0.01221	0.01221	0.03977	0.02434	0.61220	0.07445	0.03128	0.02504	0.01099	0.00866	0.00264	0.00703	0.00902	0.01045	0.01405
12	0.76103	0.01646	0.01251	0.01119	0.01646	0.01909	0.00922	0.02502	0.01448	0.03818	0.01185	0.01382	0.00922	0.00790	0.00527	0.00263	0.00658	0.00461	0.00527	0.00922
13	0.02005	0.01505	0.01789	0.01290	0.02035	0.01148	0.01037	0.02377	0.01843	0.10086	0.01728	0.01897	0.01359	0.00680	0.00657	0.00142	0.00641	0.00545	0.00568	0.66668
14	0.01478	0.00739	0.01109	0.01109	0.01109	0.00739	0.00739	0.01109	0.01109	0.01478	0.01478	0.02587	0.01478	0.02956	0.03326	0.75240	0.00739	0.00739	0.00370	0.00370
15	0.03266	0.01514	0.01903	0.01535	0.02124	0.01452	0.01243	0.04137	0.18167	0.46252	0.03356	0.02982	0.02238	0.01076	0.00845	0.00267	0.00695	0.00880	0.04678	0.01389
16	0.03079	0.03785	0.02440	0.02297	0.05419	0.57940	0.01672	0.05751	0.05529	0.02320	0.01466	0.01664	0.01197	0.00891	0.00779	0.00226	0.01444	0.00587	0.00476	0.01039
17	0.02073	0.01921	0.05684	0.17529	0.21164	0.01985	0.02023	0.03336	0.25451	0.06366	0.02389	0.02581	0.01808	0.00950	0.00852	0.00275	0.00905	0.00835	0.00614	0.01259
18	0.01092	0.00779	0.01031	0.01176	0.01256	0.00732	0.00812	0.01288	0.01756	0.02370	0.14224	0.52959	0.05857	0.05639	0.01229	0.00358	0.00511	0.05425	0.00801	0.00706
19	0.01037	0.00741	0.00987	0.01185	0.01234	0.00691	0.00790	0.01185	0.01629	0.02172	0.04690	0.69537	0.05629	0.02666	0.01086	0.00346	0.00494	0.02419	0.00790	0.00691
20	0.03116	0.01832	0.02134	0.01681	0.02300	0.01880	0.01370	0.26233	0.11760	0.27298	0.06313	0.02763	0.02232	0.01078	0.00855	0.00259	0.00776	0.00862	0.00920	0.04337
21	0.01828	0.05785	0.02620	0.02118	0.02245	0.05147	0.05676	0.02050	0.01474	0.02111	0.01714	0.12152	0.01813	0.01546	0.02194	0.00345	0.46826	0.00992	0.00442	0.00921
22	0.01992	0.01608	0.01747	0.01572	0.02006	0.01796	0.01220	0.03870	0.47605	0.06303	0.13483	0.03926	0.06573	0.01294	0.00895	0.00284	0.00620	0.01092	0.00882	0.01233
23	0.72371	0.05132	0.01413	0.01136	0.01673	0.01983	0.00949	0.02504	0.01462	0.03726	0.01185	0.01382	0.00930	0.00787	0.00528	0.00259	0.00671	0.00461	0.00518	0.00930
24	0.01043	0.00757	0.00972	0.01139	0.01211	0.00700	0.00762	0.01191	0.01643	0.02161	0.05004	0.60079	0.11641	0.05837	0.01233	0.00362	0.00503	0.02298	0.00777	0.00686
25	0.01978	0.02460	0.10624	0.03499	0.07634	0.02151	0.49758	0.02682	0.01949	0.02692	0.01666	0.02215	0.01265	0.00767	0.01067	0.00288	0.04786	0.00941	0.00420	0.01159
26	0.01037	0.00741	0.00987	0.01185	0.01234	0.00691	0.00790	0.01185	0.01629	0.02172	0.04690	0.69537	0.05629	0.02666	0.01086	0.00346	0.00494	0.02419	0.00790	0.00691
27	0.01765	0.01513	0.01765	0.01260	0.02017	0.01134	0.01008	0.02143	0.01765	0.02773	0.01513	0.01765	0.01260	0.00630	0.00630	0.00126	0.00630	0.00504	0.00504	0.75295
28	0.01037	0.00741	0.00987	0.01185	0.01234	0.00691	0.00790	0.01185	0.01629	0.02172	0.04690	0.69537	0.05629	0.02666	0.01086	0.00346	0.00494	0.02419	0.00790	0.00691
29	0.01912	0.03035	0.27650	0.03264	0.11838	0.02067	0.28824	0.02790	0.05015	0.02763	0.01720	0.02127	0.01284	0.00779	0.00902	0.00276	0.01274	0.00828	0.00424	0.01225
30	0.01247	0.00915	0.01174	0.01101	0.01315	0.00864	0.00828	0.01742	0.05242	0.03419	0.61500	0.06209	0.07777	0.01713	0.00997	0.00269	0.00414	0.01512	0.00933	0.00828
31	0.01436	0.01083	0.01517	0.05126	0.01854	0.01072	0.04324	0.02001	0.08093	0.05468	0.31235	0.18065	0.07925	0.01786	0.01003	0.00296	0.00584	0.05418	0.00831	0.00883
32	0.01973	0.01886	0.03214	0.21955	0.49091	0.01987	0.02546	0.02495	0.01875	0.02619	0.01577	0.02150	0.01291	0.00783	0.00845	0.00261	0.01044	0.00758	0.00410	0.01241
33	0.01032	0.00863	0.00903	0.00927	0.01195	0.00734	0.00703	0.01256	0.01924	0.02309	0.08127	0.11697	0.57176	0.02197	0.01022	0.00298	0.00458	0.05669	0.00790	0.00721
34	0.03107	0.03920	0.02482	0.02396	0.06797	0.62342	0.01709	0.03345	0.02380	0.02130	0.01335	0.01573	0.01113	0.00869	0.00772	0.00221	0.01500	0.00562	0.00437	0.01011
35	0.01204	0.00870	0.01138	0.01071	0.01271	0.00803	0.00803	0.01606	0.02409	0.03413	0.64335	0.06357	0.08030	0.01740	0.01004	0.00268	0.00401	0.01539	0.00937	0.00803
36	0.01586	0.00793	0.00793	0.00793	0.00991	0.00793	0.00595	0.01983	0.01785	0.03173	0.02776	0.03173	0.02181	0.00991	0.00595	0.00198	0.00397	0.00793	0.74817	0.00793
37	0.01216	0.00912	0.01368	0.01368	0.01520	0.01064	0.01064	0.01520	0.01368	0.01976	0.02279	0.03343	0.02127	0.06382	0.66720	0.01368	0.02279	0.00912	0.00456	0.00760
38	0.01478	0.00739	0.01109	0.01109	0.01109	0.00739	0.00739	0.01109	0.01109	0.01478	0.01478	0.02587	0.01478	0.02956	0.03326	0.75240	0.00739	0.00739	0.00370	0.00370
39	0.01964	0.01898	0.03295	0.22301	0.45325	0.01993	0.05830	0.02499	0.01877	0.02612	0.01583	0.02161	0.01286	0.00781	0.00854	0.00263	0.01068	0.00771	0.00410	0.01227
40	0.01707	0.04402	0.65683	0.02426	0.03683	0.01976	0.03144	0.02695	0.01797	0.02695	0.01527	0.01797	0.01078	0.00809	0.00809	0.00270	0.01258	0.00629	0.00359	0.01258
41	0.02082	0.01998	0.03411	0.08228	0.61966	0.02016	0.02600	0.02591	0.01926	0.02751	0.01597	0.02114	0.01338	0.00763	0.00843	0.00254	0.01017	0.00758	0.00419	0.01329
42	0.01274	0.00895	0.01101	0.01034	0.01280	0.00801	0.00781	0.01620	0.02279	0.06064	0.45842	0.06704	0.23518	0.01823	0.00997	0.00273	0.00425	0.01578	0.00901	0.00810
43	0.01779	0.01558	0.01953	0.01395	0.02157	0.01193	0.04512	0.02176	0.01779	0.02770	0.01525	0.01795	0.01262	0.00635	0.00652	0.00135	0.00677	0.00533	0.00500	0.71014
44	0.72371	0.05132	0.01413	0.01136	0.01673	0.01983	0.00949	0.02504	0.01462	0.03726	0.01185	0.01382	0.00930	0.00787	0.00528	0.00259	0.00671	0.00461	0.00518	0.00930
45	0.02679	0.02083	0.02219	0.01818	0.02385	0.02341	0.01456	0.35263	0.28638	0.04445	0.02665	0.02672	0.02001	0.04132	0.01011	0.00294	0.00822	0.00869	0.00843	0.01364
46	0.01216	0.00912	0.01368	0.01368	0.01520	0.01064	0.01064	0.01520	0.01368	0.01976	0.02279	0.03343	0.02127	0.06382	0.66720	0.01368	0.02279	0.00912	0.00456	0.00760
47	0.13552	0.25853	0.03009	0.01695	0.02315	0.07999	0.01474	0.24968	0.02578	0.03545	0.01515	0.01662	0.01202	0.00898	0.00790	0.00234	0.04353	0.00595	0.00578	0.01184
48	0.01338	0.00905	0.01141	0.01087	0.01327	0.00818	0.00826	0.01684	0.02255	0.07238	0.43277	0.10160	0.18504	0.01854	0.01006	0.00281	0.00451	0.04124	0.00901	0.00822
49	0.05674	0.05474	0.05584	0.06933	0.26022	0.09192	0.06920	0.12124	0.04738	0.06605	0.01776	0.02067	0.01371	0.00849	0.00822	0.00254	0.01058	0.00738	0.00541	0.01257
50	0.02455	0.02682	0.03337	0.11552	0.11813	0.21639	0.19012	0.09474	0.02279	0.02738	0.01569	0.01993	0.01231	0.00851	0.00941	0.00261	0.03813	0.00765	0.00470	0.01125
51	0.01869	0.01685	0.02692	0.54682	0.05307	0.02016	0.05609	0.10996	0.02057	0.02674	0.01602	0.02237	0.01189	0.00868	0.00860	0.00280	0.01122	0.00772	0.00451	0.01031
52	0.01238	0.00825	0.00928	0.00928	0.00928	0.00825	0.00516	0.01238	0.01238	0.01650	0.02681	0.05569	0.03094	0.70092	0.04331	0.00825	0.00825	0.01238	0.00516	0.00516
53	0.01765	0.01513	0.01765	0.01260	0.02017	0.01134	0.01008	0.02143	0.01765	0.02773	0.01513	0.01765	0.01260	0.00630	0.00630	0.00126	0.00630	0.00504	0.00504	0.75295
54	0.01748	0.00949	0.00966	0.00907	0.01153	0.00974	0.00695	0.07857	0.02002	0.03387	0.02704	0.03062	0.02109	0.00994	0.00620	0.00204	0.00449	0.00791	0.67571	0.00857
55	0.01238	0.00825	0.00928	0.00928	0.00928	0.00825	0.00516	0.01238	0.01238	0.01650	0.02681	0.05569	0.03094	0.70092	0.04331	0.00825	0.00825	0.01238	0.00516	0.00516
56	0.01042	0.00835	0.00932	0.00968	0.01187	0.00724	0.00703	0.01269	0.01936	0.02432	0.15847	0.22268	0.42439	0.02214	0.01024	0.00298	0.00441	0.01904	0.00812	0.00724
57	0.05922	0.01916	0.06304	0.02695	0.03335	0.01721	0.38193	0.02308	0.01932	0.02744	0.08167	0.15596	0.02735	0.01198	0.00985	0.00294	0.01104	0.01281	0.00550	0.01019
58	0.01563	0.01259	0.01453	0.01446	0.01727	0.01356	0.01103	0.02745	0.28238	0.02963	0.10986	0.23441	0.06840	0.01850	0.00991	0.00316	0.00597	0.09289	0.00838	0.00999
59	0.09411	0.06308	0.41190	0.02435	0.06769	0.02031	0.07612	0.02605	0.01758	0.02760	0.01477	0.01798	0.01108	0.00817	0.00876	0.00263	0.04498	0.00643	0.00395	0.05247
60	0.18028	0.01812	0.01863	0.01469	0.02056	0.01891	0.01187	0.27561	0.02620	0.04065	0.01841	0.02133	0.01448	0.04742	0.00906	0.00255	0.00757	0.00672	0.06913	0.17782
61	0.01680	0.02690	0.27966	0.02882	0.19110	0.01732	0.04706	0.02301	0.01825	0.02623	0.05306	0.12301	0.04916	0.01205	0.00996	0.00283	0.04816	0.01041	0.00489	0.01131
62	0.10053	0.03905	0.54920	0.02232	0.03349	0.01914	0.02797	0.02622	0.01766	0.02813	0.01652	0.02177	0.01269	0.00891	0.00797	0.00276	0.01164	0.03807	0.00401	0.01194
63	0.09776	0.02032	0.05622	0.01724	0.02397	0.01977	0.01479	0.26859	0.08400	0.27106	0.02552	0.02388	0.01727	0.01013	0.00823	0.00263	0.00827	0.00782	0.00871	0.01381
64	0.05727	0.05384	0.28297	0.03413	0.28516	0.02038	0.02590	0.06027	0.01969	0.02910	0.01683	0.02230	0.01364	0.00861	0.00817	0.00264	0.01075	0.03135	0.00440	0.01263
65	0.01984	0.15386	0.13472	0.01945	0.02406	0.05592	0.01832	0.05736	0.05119	0.02473	0.04275	0.02152	0.01599	0.01602	0.07345	0.00384	0.24467	0.00723	0.00458	0.01051
