[name]
unknown

[dist]
# distance from previous block
# <min> <max>
0	36

[block]
# block no. 0 follows, 25 sequences, length 7
# corresponding to MSA columns:
# 36-42
name=unknown_A
#
# <colnr> <probs for GDERKNQSTAVLIFYWHMCP>
#	G	D	E	R	K	N	Q	S	T	A	V	L	I	F	Y	W	H	M	C	P
0	0.07157	0.01055	0.01540	0.06924	0.02025	0.01079	0.06237	0.01701	0.01722	0.02366	0.03739	0.09363	0.08257	0.01807	0.00976	0.00324	0.00744	0.41586	0.00643	0.00754
1	0.01749	0.01107	0.01656	0.06664	0.01869	0.01133	0.07445	0.09049	0.01591	0.07304	0.01736	0.02523	0.01508	0.07374	0.02099	0.37128	0.00769	0.00750	0.05869	0.00679
2	0.01229	0.00985	0.01314	0.11674	0.01988	0.00987	0.01094	0.01651	0.05628	0.02324	0.10690	0.20204	0.12352	0.01703	0.00908	0.00280	0.00605	0.15814	0.00656	0.07914
3	0.01840	0.01004	0.01287	0.01158	0.01458	0.00929	0.00884	0.06357	0.02090	0.21187	0.24735	0.21827	0.08843	0.01607	0.00887	0.00261	0.00505	0.01401	0.00835	0.00905
4	0.01391	0.00798	0.01061	0.01106	0.01256	0.00732	0.00778	0.01571	0.01665	0.13102	0.10819	0.50106	0.04716	0.05660	0.01097	0.00317	0.00491	0.01827	0.00761	0.00747
5	0.01278	0.00811	0.01055	0.06058	0.01425	0.00792	0.00790	0.01484	0.01594	0.07212	0.11010	0.32541	0.06596	0.13899	0.01402	0.00355	0.00538	0.01525	0.08941	0.00695
6	0.01639	0.00972	0.01217	0.01164	0.01376	0.00938	0.00841	0.08544	0.01880	0.13780	0.11021	0.35844	0.04114	0.11328	0.01317	0.00343	0.00560	0.01558	0.00749	0.00813

[dist]
# distance from previous block
# <min> <max>
2	10

[block]
# block no. 1 follows, 25 sequences, length 18
# corresponding to MSA columns:
# 53-70
name=unknown_B
#
# <colnr> <probs for GDERKNQSTAVLIFYWHMCP>
#	G	D	E	R	K	N	Q	S	T	A	V	L	I	F	Y	W	H	M	C	P
0	0.07169	0.01794	0.01839	0.05472	0.02112	0.10167	0.01297	0.17842	0.11046	0.03013	0.06446	0.11342	0.02256	0.01420	0.04108	0.00305	0.09856	0.00924	0.00613	0.00980
1	0.20878	0.01748	0.10119	0.21484	0.04851	0.01624	0.09729	0.02217	0.01541	0.06931	0.01498	0.01940	0.01147	0.01232	0.06179	0.03874	0.01010	0.00653	0.00430	0.00917
2	0.16495	0.03875	0.01437	0.01150	0.01541	0.01219	0.00919	0.06414	0.02048	0.17189	0.28283	0.06869	0.03920	0.01206	0.00767	0.00237	0.00536	0.00997	0.00757	0.04143
3	0.24009	0.01461	0.01562	0.05912	0.01983	0.01602	0.01109	0.10768	0.15386	0.12887	0.07854	0.06343	0.02213	0.01029	0.00713	0.00248	0.00639	0.00812	0.02439	0.01029
4	0.12968	0.02107	0.18029	0.28541	0.11637	0.01741	0.06999	0.02206	0.01607	0.02462	0.03722	0.01963	0.01252	0.00767	0.00737	0.00249	0.00979	0.00665	0.00387	0.00979
5	0.03240	0.01373	0.01792	0.01410	0.01985	0.01261	0.01153	0.03831	0.12133	0.58396	0.03074	0.02678	0.01988	0.00974	0.00781	0.00243	0.00653	0.00795	0.00933	0.01305
6	0.01800	0.02002	0.04078	0.02990	0.03597	0.02054	0.50775	0.02344	0.01685	0.02344	0.01444	0.02002	0.01141	0.00813	0.01283	0.00279	0.17127	0.00862	0.00380	0.01001
7	0.06266	0.04988	0.01340	0.01073	0.01368	0.00991	0.00842	0.01948	0.02078	0.14422	0.45561	0.07763	0.05523	0.01410	0.00844	0.00242	0.00461	0.01215	0.00814	0.00851
8	0.07065	0.01525	0.01917	0.06156	0.02256	0.01585	0.04134	0.23752	0.02440	0.19334	0.02633	0.11965	0.02268	0.01236	0.00827	0.00263	0.00755	0.08060	0.00742	0.01088
9	0.02515	0.01899	0.01915	0.01602	0.02102	0.09172	0.01288	0.24092	0.19299	0.13764	0.02754	0.02940	0.05174	0.01078	0.00794	0.00245	0.00781	0.04958	0.00753	0.02876
10	0.02451	0.05985	0.01715	0.01259	0.01737	0.01220	0.01026	0.07578	0.02173	0.34023	0.15790	0.07240	0.07010	0.01179	0.00794	0.00232	0.00594	0.00983	0.00821	0.06189
11	0.01869	0.01849	0.02874	0.21398	0.47575	0.06383	0.02263	0.02326	0.01740	0.02350	0.01420	0.01922	0.01163	0.00720	0.00765	0.00235	0.00982	0.00677	0.00375	0.01113
12	0.01931	0.01198	0.01462	0.01262	0.01619	0.01197	0.00999	0.10772	0.10683	0.16295	0.34751	0.04404	0.04676	0.01331	0.00860	0.00249	0.00537	0.03934	0.00849	0.00990
13	0.01150	0.00899	0.01288	0.01295	0.01490	0.00837	0.05253	0.01398	0.01609	0.02131	0.04060	0.33165	0.10091	0.06751	0.01172	0.00335	0.00611	0.20032	0.00662	0.05772
14	0.01454	0.01354	0.02272	0.67413	0.05153	0.01681	0.02108	0.01962	0.01562	0.01998	0.01515	0.02401	0.01205	0.00844	0.00790	0.00263	0.01018	0.03791	0.00363	0.00854
15	0.37570	0.01593	0.01589	0.01297	0.01839	0.01708	0.01064	0.15103	0.06020	0.19635	0.01857	0.01829	0.01304	0.00835	0.00634	0.00235	0.00664	0.00592	0.00674	0.03957
16	0.12638	0.02564	0.01996	0.01705	0.02193	0.29970	0.01337	0.17652	0.09645	0.10354	0.01764	0.01794	0.01309	0.00866	0.00708	0.00224	0.00998	0.00609	0.00603	0.01072
17	0.02236	0.02423	0.01958	0.01685	0.02096	0.31862	0.05465	0.12858	0.03845	0.02533	0.04833	0.03221	0.16811	0.03679	0.00901	0.00246	0.00997	0.00881	0.00561	0.00910

[dist]
# distance from previous block
# <min> <max>
3	14

[block]
# block no. 2 follows, 25 sequences, length 12
# corresponding to MSA columns:
# 86-97
name=unknown_C
#
# <colnr> <probs for GDERKNQSTAVLIFYWHMCP>
#	G	D	E	R	K	N	Q	S	T	A	V	L	I	F	Y	W	H	M	C	P
0	0.01985	0.64272	0.08920	0.01391	0.02065	0.02866	0.01428	0.02285	0.01564	0.01872	0.01152	0.01364	0.01041	0.00925	0.03955	0.00226	0.00916	0.00448	0.00336	0.00992
1	0.01007	0.00718	0.00959	0.01119	0.01191	0.00680	0.00793	0.01184	0.01557	0.02077	0.07663	0.56328	0.05062	0.04872	0.01105	0.00333	0.00497	0.11493	0.00717	0.00643
2	0.01111	0.00818	0.01180	0.01180	0.01296	0.00934	0.00887	0.01342	0.01227	0.01751	0.02137	0.03378	0.02083	0.16787	0.58904	0.01165	0.01860	0.00879	0.00424	0.00656
3	0.01536	0.01425	0.02334	0.44484	0.04107	0.01762	0.06699	0.01978	0.01508	0.02095	0.01445	0.02084	0.01144	0.00895	0.01112	0.00266	0.14938	0.00708	0.08621	0.00858
4	0.01982	0.01952	0.03099	0.09784	0.50464	0.05976	0.07370	0.05396	0.01869	0.02557	0.01464	0.01911	0.01198	0.00713	0.00776	0.00233	0.00988	0.00698	0.00401	0.01167
5	0.01606	0.10857	0.62335	0.02123	0.03221	0.01926	0.02713	0.02442	0.01631	0.02393	0.01360	0.01598	0.00983	0.00729	0.00713	0.00238	0.01115	0.00557	0.00328	0.01131
6	0.01610	0.11301	0.61921	0.02117	0.03212	0.01934	0.02703	0.02441	0.01631	0.02389	0.01358	0.01596	0.00984	0.00729	0.00711	0.00237	0.01113	0.00556	0.00328	0.01130
7	0.02159	0.07777	0.01939	0.01559	0.01937	0.28572	0.01213	0.08095	0.10845	0.02702	0.21757	0.02968	0.03138	0.01074	0.00768	0.00222	0.00887	0.00836	0.00618	0.00936
8	0.00959	0.00771	0.00856	0.00870	0.01083	0.00667	0.00639	0.01183	0.01817	0.02295	0.20128	0.16705	0.45400	0.01951	0.00927	0.00266	0.00395	0.01670	0.00749	0.00667
9	0.01772	0.04273	0.01696	0.01515	0.01835	0.04780	0.01229	0.05241	0.26501	0.05288	0.05314	0.09739	0.03077	0.01466	0.00978	0.00289	0.04962	0.18359	0.00707	0.00979
10	0.01085	0.00792	0.01020	0.00963	0.01151	0.00727	0.00722	0.01440	0.02167	0.03042	0.63577	0.05902	0.11286	0.01610	0.00915	0.00245	0.00368	0.01418	0.00845	0.00727
11	0.01918	0.01611	0.01848	0.01849	0.08016	0.01806	0.01330	0.09942	0.44746	0.03197	0.03011	0.07380	0.02493	0.01180	0.00821	0.00268	0.00665	0.06021	0.00740	0.01158

[dist]
# distance from previous block
# <min> <max>
0	1

[block]
# block no. 3 follows, 25 sequences, length 75
# corresponding to MSA columns:
# 99-173
name=unknown_D
#
# <colnr> <probs for GDERKNQSTAVLIFYWHMCP>
#	G	D	E	R	K	N	Q	S	T	A	V	L	I	F	Y	W	H	M	C	P
0	0.19084	0.01491	0.05131	0.01360	0.01866	0.01376	0.02785	0.06471	0.07151	0.25334	0.08213	0.09427	0.02386	0.01082	0.00742	0.00246	0.00647	0.00883	0.00731	0.03594
1	0.59358	0.01743	0.04250	0.03230	0.01822	0.05325	0.01055	0.05808	0.01575	0.07996	0.01291	0.01437	0.00962	0.00755	0.00548	0.00238	0.00696	0.00479	0.00515	0.00916
2	0.78228	0.01499	0.01140	0.01020	0.01499	0.01739	0.00840	0.02279	0.01320	0.03479	0.01080	0.01260	0.00840	0.00720	0.00480	0.00240	0.00600	0.00420	0.00480	0.00840
3	0.01567	0.03752	0.02022	0.01615	0.01886	0.04145	0.10661	0.01896	0.01839	0.06335	0.29637	0.07420	0.04045	0.03829	0.01328	0.00283	0.15166	0.01108	0.00628	0.00838
4	0.00932	0.00780	0.00811	0.00816	0.01060	0.00659	0.00607	0.01138	0.01785	0.02166	0.12201	0.10808	0.59663	0.01960	0.00920	0.00263	0.00394	0.01649	0.00730	0.00659
5	0.01541	0.01531	0.02567	0.02060	0.02338	0.03357	0.22151	0.01837	0.01457	0.02017	0.01963	0.12536	0.02016	0.14643	0.03961	0.00410	0.21310	0.01057	0.00439	0.00809
6	0.02947	0.02172	0.02327	0.01784	0.02404	0.02404	0.01474	0.65329	0.03646	0.04887	0.01862	0.01862	0.01319	0.00931	0.00776	0.00233	0.00853	0.00698	0.00776	0.01319
7	0.01608	0.01378	0.01608	0.01148	0.01837	0.01034	0.00919	0.01952	0.01608	0.02527	0.01378	0.01608	0.01148	0.00574	0.00574	0.00115	0.00574	0.00459	0.00459	0.77491
8	0.01628	0.01644	0.02311	0.62994	0.05003	0.09504	0.02078	0.02109	0.01625	0.01971	0.01358	0.01991	0.01030	0.00778	0.00766	0.00252	0.01075	0.00667	0.00351	0.00866
9	0.01110	0.00820	0.01191	0.01191	0.01311	0.00939	0.00901	0.01349	0.01230	0.01759	0.02127	0.03325	0.02059	0.15009	0.60650	0.01178	0.01895	0.00872	0.00423	0.00662
10	0.01608	0.01378	0.01608	0.01148	0.01837	0.01034	0.00919	0.01952	0.01608	0.02527	0.01378	0.01608	0.01148	0.00574	0.00574	0.00115	0.00574	0.00459	0.00459	0.77491
11	0.06132	0.03355	0.06986	0.02277	0.09931	0.51725	0.01665	0.04993	0.02116	0.02181	0.01259	0.01484	0.01027	0.00783	0.00702	0.00209	0.01271	0.00529	0.00409	0.00965
12	0.09942	0.01484	0.01825	0.01421	0.02001	0.01429	0.01172	0.15286	0.02383	0.48682	0.02627	0.02380	0.01710	0.01072	0.02728	0.00267	0.00732	0.00734	0.00866	0.01259
13	0.01108	0.00831	0.01246	0.01246	0.01385	0.00969	0.00969	0.01385	0.01246	0.01800	0.02077	0.03046	0.01938	0.05815	0.69678	0.01246	0.02077	0.00831	0.00415	0.00692
14	0.01608	0.01378	0.01608	0.01148	0.01837	0.01034	0.00919	0.01952	0.01608	0.02527	0.01378	0.01608	0.01148	0.00574	0.00574	0.00115	0.00574	0.00459	0.00459	0.77491
15	0.01464	0.01378	0.02326	0.70887	0.05340	0.01723	0.02153	0.01981	0.01550	0.01981	0.01378	0.02067	0.01034	0.00775	0.00775	0.00258	0.01034	0.00689	0.00345	0.00861
16	0.02896	0.03695	0.02197	0.01998	0.02397	0.69638	0.01498	0.03096	0.02197	0.01898	0.01199	0.01398	0.00999	0.00799	0.00699	0.00200	0.01398	0.00499	0.00400	0.00899
17	0.00963	0.00689	0.00916	0.01067	0.01129	0.00642	0.00721	0.01125	0.01569	0.02114	0.11829	0.64305	0.05390	0.02328	0.00981	0.00306	0.00440	0.02108	0.00736	0.00642
18	0.01002	0.00680	0.00879	0.01039	0.01099	0.00640	0.00699	0.01163	0.01501	0.02084	0.04074	0.64299	0.04768	0.02254	0.00938	0.00300	0.00440	0.02034	0.09466	0.00640
19	0.00945	0.00675	0.00900	0.01080	0.01125	0.00630	0.00720	0.01080	0.01484	0.01979	0.04274	0.72245	0.05128	0.02429	0.00990	0.00315	0.00450	0.02204	0.00720	0.00630
20	0.02839	0.02118	0.02266	0.01762	0.02363	0.02354	0.01447	0.58810	0.10341	0.04712	0.01999	0.01971	0.01430	0.00944	0.00777	0.00236	0.00828	0.00717	0.00777	0.01309
21	0.01347	0.00673	0.01010	0.01010	0.01010	0.00673	0.00673	0.01010	0.01010	0.01347	0.01347	0.02357	0.01347	0.02694	0.03030	0.77441	0.00673	0.00673	0.00337	0.00337
22	0.01916	0.01869	0.02977	0.11194	0.56614	0.04745	0.02281	0.02428	0.03909	0.02474	0.01495	0.01944	0.01236	0.00716	0.00766	0.00233	0.00943	0.00689	0.00394	0.01177
23	0.00943	0.00681	0.00894	0.01064	0.01121	0.00631	0.00713	0.01081	0.01499	0.01985	0.04463	0.68819	0.08432	0.02405	0.00986	0.00312	0.00447	0.02174	0.00720	0.00631
24	0.01002	0.00737	0.00998	0.04370	0.01357	0.00709	0.00820	0.01191	0.01577	0.02098	0.09264	0.56405	0.07750	0.02244	0.00976	0.00307	0.00487	0.06340	0.00712	0.00656
25	0.03012	0.02068	0.02263	0.01735	0.02353	0.02251	0.01433	0.57860	0.03472	0.12600	0.02007	0.01956	0.01391	0.00934	0.00776	0.00234	0.00830	0.00708	0.00798	0.01319
26	0.01862	0.01401	0.01761	0.01270	0.01951	0.01087	0.03710	0.02214	0.01697	0.11134	0.01606	0.01763	0.01250	0.00628	0.00616	0.00137	0.00617	0.00521	0.00522	0.64253
27	0.01652	0.01581	0.08029	0.01287	0.01934	0.01135	0.01131	0.02032	0.01648	0.06030	0.04700	0.05093	0.01641	0.00775	0.00716	0.00158	0.03488	0.00620	0.00499	0.55850
28	0.41713	0.02016	0.01692	0.03597	0.01959	0.17769	0.03868	0.02356	0.01529	0.02720	0.01213	0.01631	0.01036	0.05140	0.00996	0.00274	0.08673	0.00539	0.00437	0.00842
29	0.02452	0.01926	0.02048	0.01684	0.02216	0.02173	0.01354	0.35586	0.34195	0.04088	0.02490	0.02363	0.01828	0.00990	0.00782	0.00247	0.00737	0.00785	0.00782	0.01274
30	0.01440	0.01354	0.02256	0.54180	0.04517	0.01664	0.04440	0.01888	0.01522	0.01991	0.01686	0.10076	0.01507	0.01011	0.00960	0.00272	0.07138	0.00871	0.00389	0.00841
31	0.00937	0.00784	0.00803	0.00800	0.01044	0.00664	0.00592	0.01135	0.01763	0.02128	0.11187	0.07249	0.60924	0.05273	0.01059	0.00284	0.00408	0.01598	0.00716	0.00650
32	0.01518	0.01423	0.02096	0.01829	0.01938	0.01780	0.07000	0.04243	0.01439	0.02080	0.02144	0.24336	0.02361	0.01621	0.01830	0.00320	0.39555	0.01189	0.00484	0.00815
33	0.00945	0.00675	0.00900	0.01080	0.01125	0.00630	0.00720	0.01080	0.01484	0.01979	0.04274	0.72245	0.05128	0.02429	0.00990	0.00315	0.00450	0.02204	0.00720	0.00630
34	0.01630	0.15795	0.48664	0.02032	0.03003	0.01957	0.06253	0.02363	0.01678	0.02393	0.06042	0.01891	0.01446	0.00779	0.00718	0.00232	0.01045	0.00625	0.00369	0.01084
35	0.01128	0.00752	0.00846	0.00846	0.00846	0.00752	0.00470	0.01128	0.01128	0.01503	0.02443	0.05074	0.02819	0.72751	0.03946	0.00752	0.00752	0.01128	0.00470	0.00470
36	0.02117	0.69490	0.03963	0.01363	0.02012	0.06637	0.01336	0.02363	0.01609	0.01828	0.01084	0.01252	0.00995	0.00671	0.00508	0.00168	0.00860	0.00419	0.00335	0.00990
37	0.35135	0.01843	0.09366	0.08264	0.06954	0.01739	0.01420	0.11205	0.01865	0.09734	0.04602	0.01861	0.01380	0.00819	0.00649	0.00241	0.00757	0.00603	0.00549	0.01014
38	0.01821	0.01978	0.03245	0.06670	0.03072	0.06945	0.27224	0.02209	0.01540	0.02124	0.01274	0.01857	0.01081	0.00999	0.01651	0.00293	0.33960	0.00762	0.00365	0.00932
39	0.01128	0.00752	0.00846	0.00846	0.00846	0.00752	0.00470	0.01128	0.01128	0.01503	0.02443	0.05074	0.02819	0.72751	0.03946	0.00752	0.00752	0.01128	0.00470	0.00470
40	0.69523	0.01629	0.01272	0.01134	0.01580	0.05402	0.00927	0.02298	0.01358	0.03296	0.01082	0.01294	0.00859	0.00763	0.00618	0.00244	0.04972	0.00440	0.00467	0.00843
41	0.00945	0.00675	0.00900	0.01080	0.01125	0.00630	0.00720	0.01080	0.01484	0.01979	0.04274	0.72245	0.05128	0.02429	0.00990	0.00315	0.00450	0.02204	0.00720	0.00630
42	0.01555	0.04011	0.68733	0.02210	0.03356	0.01801	0.02865	0.02455	0.01637	0.02455	0.01391	0.01637	0.00982	0.00737	0.00737	0.00246	0.01146	0.00573	0.00327	0.01146
43	0.07059	0.11880	0.56414	0.02023	0.03065	0.01944	0.02542	0.02427	0.01607	0.02455	0.01333	0.01564	0.00974	0.00727	0.00691	0.00236	0.01070	0.00544	0.00339	0.01107
44	0.02200	0.03417	0.01741	0.01237	0.01890	0.01151	0.01007	0.02585	0.03789	0.22576	0.01935	0.01951	0.01416	0.00709	0.00641	0.00159	0.00609	0.00568	0.00618	0.49801
45	0.01520	0.10005	0.50011	0.01897	0.02818	0.01723	0.02322	0.02259	0.01735	0.02517	0.13631	0.02371	0.02159	0.00887	0.00747	0.00238	0.00971	0.00712	0.00425	0.01055
46	0.02828	0.03520	0.02268	0.02187	0.07049	0.62894	0.01560	0.04832	0.02208	0.02029	0.01236	0.01449	0.01024	0.00795	0.00706	0.00203	0.01349	0.00519	0.00409	0.00934
47	0.38759	0.16192	0.11425	0.01417	0.02021	0.11567	0.01339	0.05135	0.01637	0.02850	0.01173	0.01355	0.00933	0.00731	0.00563	0.00220	0.00844	0.00463	0.00431	0.00942
48	0.01190	0.00921	0.01276	0.01433	0.08836	0.00866	0.00954	0.01552	0.02075	0.02893	0.49606	0.05739	0.11279	0.01562	0.00911	0.00254	0.00462	0.06635	0.00777	0.00781
49	0.01445	0.00723	0.00723	0.00723	0.00903	0.00723	0.00542	0.01807	0.01626	0.02891	0.02529	0.02891	0.01987	0.00903	0.00542	0.00181	0.00361	0.00723	0.77055	0.00723
50	0.01764	0.01550	0.02370	0.54518	0.08150	0.01856	0.02039	0.13758	0.01951	0.02550	0.01472	0.02021	0.01097	0.00800	0.00775	0.00252	0.00994	0.00691	0.00427	0.00966
51	0.01270	0.01086	0.01382	0.01347	0.01496	0.05929	0.01050	0.01535	0.01310	0.01811	0.01951	0.02848	0.01816	0.05191	0.60743	0.01117	0.06194	0.00798	0.00410	0.00716
52	0.02073	0.73217	0.04063	0.01327	0.01990	0.03068	0.01327	0.02322	0.01575	0.01824	0.01078	0.01244	0.00995	0.00663	0.00498	0.00166	0.00829	0.00415	0.00332	0.00995
53	0.01122	0.00772	0.00950	0.00950	0.00987	0.00809	0.00600	0.01195	0.01159	0.01581	0.02347	0.04544	0.02589	0.55246	0.21136	0.00881	0.01098	0.01050	0.00456	0.00528
54	0.01090	0.00792	0.01026	0.00968	0.01154	0.00729	0.00726	0.01449	0.02178	0.03069	0.65144	0.05858	0.09702	0.01600	0.00915	0.00245	0.00367	0.01411	0.00848	0.00729
55	0.01555	0.04011	0.68733	0.02210	0.03356	0.01801	0.02865	0.02455	0.01637	0.02455	0.01391	0.01637	0.00982	0.00737	0.00737	0.00246	0.01146	0.00573	0.00327	0.01146
56	0.01082	0.00788	0.01018	0.00970	0.01151	0.00723	0.00724	0.01429	0.02144	0.03011	0.61848	0.08510	0.10417	0.01639	0.00918	0.00248	0.00371	0.01446	0.00841	0.00723
57	0.01586	0.08173	0.64844	0.02157	0.03274	0.01877	0.02772	0.02447	0.01633	0.02418	0.01373	0.01613	0.00983	0.00732	0.00722	0.00241	0.01127	0.00563	0.00328	0.01137
58	0.02014	0.65288	0.11472	0.01428	0.02147	0.02923	0.01503	0.02337	0.01583	0.01897	0.01114	0.01289	0.00994	0.00672	0.00525	0.00175	0.00865	0.00433	0.00331	0.01012
59	0.01310	0.01285	0.02252	0.01915	0.06177	0.01177	0.22582	0.01692	0.01815	0.02360	0.11854	0.10223	0.29228	0.01435	0.00912	0.00262	0.00736	0.01352	0.00604	0.00829
60	0.02826	0.02056	0.02220	0.01732	0.02319	0.02267	0.01419	0.56671	0.07987	0.06891	0.02076	0.04331	0.01542	0.00991	0.00784	0.00238	0.00816	0.00764	0.00781	0.01289
61	0.01602	0.03443	0.52420	0.02527	0.09882	0.01772	0.08602	0.02405	0.01676	0.02459	0.01560	0.02088	0.01211	0.00799	0.00774	0.00251	0.01115	0.03932	0.00360	0.01122
62	0.02246	0.01778	0.01840	0.01598	0.02071	0.05083	0.01257	0.10513	0.50023	0.10261	0.02916	0.02686	0.02144	0.01017	0.00782	0.00254	0.00681	0.00830	0.00787	0.01231
63	0.02800	0.02001	0.02196	0.04029	0.02397	0.02194	0.01423	0.53186	0.06353	0.09105	0.02249	0.02213	0.04248	0.00978	0.00783	0.00237	0.00814	0.00752	0.00772	0.01270
64	0.01939	0.01648	0.01735	0.01544	0.01984	0.01884	0.01206	0.08282	0.58086	0.03290	0.03352	0.03099	0.06285	0.01099	0.00796	0.00261	0.00617	0.00910	0.00784	0.01199
65	0.01041	0.00810	0.00843	0.00821	0.01095	0.00680	0.00620	0.01250	0.01806	0.05169	0.10198	0.07170	0.62009	0.01902	0.00910	0.00260	0.00404	0.01587	0.00737	0.00688
66	0.01133	0.00995	0.01154	0.01321	0.08806	0.00919	0.00858	0.01561	0.08287	0.02261	0.06649	0.06367	0.53427	0.01726	0.00887	0.00258	0.00476	0.01452	0.00688	0.00778
67	0.01358	0.00743	0.01140	0.07898	0.01437	0.00777	0.00819	0.01106	0.01063	0.01409	0.01350	0.02328	0.01316	0.02505	0.02808	0.69834	0.00709	0.00675	0.00337	0.00388
68	0.78228	0.01499	0.01140	0.01020	0.01499	0.01739	0.00840	0.02279	0.01320	0.03479	0.01080	0.01260	0.00840	0.00720	0.00480	0.00240	0.00600	0.00420	0.00480	0.00840
69	0.01473	0.01378	0.02282	0.66693	0.05130	0.01681	0.02079	0.01979	0.01554	0.02014	0.01378	0.02040	0.01040	0.00763	0.00763	0.00250	0.01006	0.00675	0.00351	0.05470
70	0.01347	0.00673	0.01010	0.01010	0.01010	0.00673	0.00673	0.01010	0.01010	0.01347	0.01347	0.02357	0.01347	0.02694	0.03030	0.77441	0.00673	0.00673	0.00337	0.00337
71	0.01445	0.00723	0.00723	0.00723	0.00903	0.00723	0.00542	0.01807	0.01626	0.02891	0.02529	0.02891	0.01987	0.00903	0.00542	0.00181	0.00361	0.00723	0.77055	0.00723
72	0.78228	0.01499	0.01140	0.01020	0.01499	0.01739	0.00840	0.02279	0.01320	0.03479	0.01080	0.01260	0.00840	0.00720	0.00480	0.00240	0.00600	0.00420	0.00480	0.00840
73	0.01813	0.02011	0.03835	0.13176	0.03932	0.05526	0.45458	0.02380	0.01762	0.02346	0.01481	0.02004	0.01136	0.00713	0.00950	0.00254	0.04935	0.00822	0.00386	0.05079
74	0.01849	0.01801	0.02926	0.19778	0.51324	0.04182	0.02297	0.02314	0.01731	0.02385	0.01431	0.01935	0.01176	0.00714	0.00767	0.00236	0.00963	0.00684	0.00375	0.01133

[dist]
# distance from previous block
# <min> <max>
0	1

[block]
# block no. 4 follows, 25 sequences, length 37
# corresponding to MSA columns:
# 175-211
name=unknown_E
#
# <colnr> <probs for GDERKNQSTAVLIFYWHMCP>
#	G	D	E	R	K	N	Q	S	T	A	V	L	I	F	Y	W	H	M	C	P
0	0.02985	0.01361	0.01747	0.01379	0.01929	0.01258	0.01123	0.06703	0.09829	0.49097	0.08507	0.02858	0.02375	0.01007	0.00784	0.00237	0.00635	0.00827	0.00900	0.04461
1	0.01608	0.01378	0.01608	0.01148	0.01837	0.01034	0.00919	0.01952	0.01608	0.02527	0.01378	0.01608	0.01148	0.00574	0.00574	0.00115	0.00574	0.00459	0.00459	0.77491
2	0.01936	0.01607	0.01980	0.06557	0.02342	0.01465	0.04231	0.17512	0.02114	0.03063	0.01506	0.01727	0.01183	0.00680	0.00655	0.00161	0.00712	0.00557	0.00525	0.49489
3	0.05945	0.01808	0.02159	0.18022	0.02951	0.02015	0.01535	0.33940	0.04695	0.03622	0.01647	0.01874	0.01225	0.00862	0.00822	0.00230	0.04294	0.00656	0.00597	0.11099
4	0.00933	0.00721	0.00852	0.00957	0.01092	0.00640	0.00665	0.01093	0.01602	0.02027	0.05764	0.45288	0.31123	0.02235	0.00959	0.00293	0.00426	0.01968	0.00720	0.00640
5	0.02317	0.02469	0.02032	0.05791	0.04800	0.28457	0.01437	0.05718	0.33005	0.02677	0.02180	0.02188	0.01676	0.00920	0.00752	0.00236	0.00965	0.00705	0.00596	0.01081
6	0.02947	0.02172	0.02327	0.01784	0.02404	0.02404	0.01474	0.65329	0.03646	0.04887	0.01862	0.01862	0.01319	0.00931	0.00776	0.00233	0.00853	0.00698	0.00776	0.01319
7	0.01901	0.01880	0.03087	0.12617	0.53819	0.04785	0.05864	0.02368	0.01762	0.02435	0.01444	0.01924	0.01192	0.00704	0.00774	0.00234	0.00977	0.00695	0.00380	0.01159
8	0.06067	0.01907	0.01962	0.04189	0.02262	0.05853	0.01334	0.24079	0.32561	0.07758	0.02446	0.02343	0.01793	0.00966	0.00764	0.00247	0.00755	0.00761	0.00742	0.01212
9	0.02837	0.03596	0.02206	0.01999	0.02379	0.66309	0.01508	0.03035	0.02147	0.01896	0.01190	0.01413	0.01000	0.00827	0.00790	0.00207	0.04859	0.00508	0.00397	0.00896
10	0.01681	0.01384	0.01673	0.01818	0.10083	0.03863	0.01265	0.02600	0.22748	0.06034	0.08990	0.09035	0.09068	0.01422	0.00935	0.00277	0.03300	0.12148	0.00696	0.00978
11	0.00953	0.00711	0.00887	0.01004	0.01110	0.00645	0.00692	0.01123	0.01614	0.02110	0.10958	0.51525	0.19352	0.02246	0.00966	0.00296	0.00429	0.02002	0.00732	0.00645
12	0.01687	0.01642	0.02614	0.44328	0.27607	0.04622	0.02207	0.02171	0.01655	0.02175	0.01399	0.01986	0.01102	0.00746	0.00769	0.00246	0.01009	0.00682	0.00361	0.00994
13	0.01029	0.00790	0.00942	0.00904	0.01116	0.00703	0.00678	0.01331	0.02034	0.02727	0.45017	0.06421	0.30042	0.01728	0.00915	0.00251	0.00376	0.01491	0.00803	0.00703
14	0.01837	0.01586	0.01666	0.01507	0.01929	0.01814	0.01170	0.03849	0.60682	0.03140	0.03579	0.03304	0.08242	0.01134	0.00800	0.00263	0.00594	0.00945	0.00783	0.01176
15	0.01128	0.00752	0.00846	0.00846	0.00846	0.00752	0.00470	0.01128	0.01128	0.01503	0.02443	0.05074	0.02819	0.72751	0.03946	0.00752	0.00752	0.01128	0.00470	0.00470
16	0.02018	0.02030	0.03051	0.04479	0.61275	0.08713	0.02290	0.02452	0.01809	0.02469	0.01432	0.01866	0.01205	0.00702	0.00761	0.00227	0.00969	0.00671	0.00385	0.01195
17	0.02947	0.02172	0.02327	0.01784	0.02404	0.02404	0.01474	0.65329	0.03646	0.04887	0.01862	0.01862	0.01319	0.00931	0.00776	0.00233	0.00853	0.00698	0.00776	0.01319
18	0.02149	0.66821	0.03891	0.01388	0.02027	0.09193	0.01342	0.02393	0.01633	0.01831	0.01089	0.01258	0.00995	0.00676	0.00516	0.00169	0.00882	0.00422	0.00338	0.00986
19	0.02113	0.69810	0.03972	0.01360	0.02010	0.06331	0.01335	0.02360	0.01606	0.01828	0.01084	0.01251	0.00995	0.00670	0.00507	0.00167	0.00857	0.00419	0.00335	0.00990
20	0.01109	0.00826	0.01223	0.01223	0.01354	0.00957	0.00941	0.01370	0.01239	0.01783	0.02098	0.03161	0.01988	0.09604	0.65957	0.01218	0.02002	0.00848	0.00418	0.00680
21	0.01128	0.00752	0.00846	0.00846	0.00846	0.00752	0.00470	0.01128	0.01128	0.01503	0.02443	0.05074	0.02819	0.72751	0.03946	0.00752	0.00752	0.01128	0.00470	0.00470
22	0.01097	0.00793	0.01036	0.00975	0.01158	0.00732	0.00732	0.01463	0.02195	0.03109	0.67505	0.05792	0.07316	0.01585	0.00914	0.00244	0.00366	0.01402	0.00854	0.00732
23	0.03137	0.01439	0.05920	0.01394	0.01989	0.01143	0.01210	0.03480	0.02180	0.58241	0.08948	0.02870	0.02363	0.01004	0.00790	0.00241	0.00663	0.00825	0.00910	0.01254
24	0.01901	0.01824	0.03115	0.07334	0.65478	0.01838	0.02371	0.02364	0.01757	0.02512	0.01455	0.01925	0.01221	0.00694	0.00768	0.00231	0.00926	0.00691	0.00382	0.01214
25	0.01608	0.01378	0.01608	0.01148	0.01837	0.01034	0.00919	0.01952	0.01608	0.02527	0.01378	0.01608	0.01148	0.00574	0.00574	0.00115	0.00574	0.00459	0.00459	0.77491
26	0.78228	0.01499	0.01140	0.01020	0.01499	0.01739	0.00840	0.02279	0.01320	0.03479	0.01080	0.01260	0.00840	0.00720	0.00480	0.00240	0.00600	0.00420	0.00480	0.00840
27	0.01128	0.00752	0.00846	0.00846	0.00846	0.00752	0.00470	0.01128	0.01128	0.01503	0.02443	0.05074	0.02819	0.72751	0.03946	0.00752	0.00752	0.01128	0.00470	0.00470
28	0.01895	0.01817	0.03103	0.08322	0.64542	0.01836	0.02367	0.02358	0.01754	0.02503	0.01454	0.01927	0.01218	0.00695	0.00768	0.00232	0.00927	0.00691	0.00382	0.01208
29	0.01058	0.00765	0.00910	0.00953	0.01132	0.00677	0.00684	0.01262	0.01745	0.04849	0.15891	0.31999	0.31174	0.02042	0.00939	0.00279	0.00421	0.01784	0.00751	0.00684
30	0.01353	0.01082	0.01244	0.01211	0.01362	0.06644	0.00924	0.01612	0.01387	0.02003	0.02071	0.02976	0.01896	0.09605	0.41731	0.00865	0.04969	0.00798	0.15561	0.00705
31	0.01109	0.00826	0.01221	0.01221	0.01351	0.00956	0.00938	0.01368	0.01239	0.01781	0.02100	0.03173	0.01994	0.10007	0.65561	0.01215	0.01994	0.00849	0.00419	0.00678
32	0.02895	0.02146	0.02297	0.01773	0.02385	0.02380	0.01461	0.62185	0.06874	0.04802	0.01928	0.01915	0.01372	0.00937	0.00776	0.00234	0.00841	0.00707	0.00776	0.01314
33	0.00969	0.00697	0.00913	0.01077	0.01140	0.00652	0.00736	0.01116	0.01505	0.01989	0.04387	0.62237	0.08365	0.05045	0.01103	0.00331	0.00475	0.05921	0.00710	0.00630
34	0.01027	0.00766	0.01086	0.01149	0.01261	0.00715	0.03195	0.01247	0.01685	0.02292	0.19957	0.50789	0.05501	0.02141	0.00971	0.00297	0.00471	0.04036	0.00740	0.00674
35	0.06796	0.21771	0.02065	0.01233	0.01590	0.06634	0.01033	0.01927	0.01653	0.04704	0.14560	0.03036	0.05195	0.04357	0.19707	0.00508	0.01083	0.00808	0.00513	0.00828
36	0.08238	0.45647	0.10422	0.01393	0.02037	0.02490	0.01392	0.06529	0.01730	0.04919	0.04103	0.01760	0.01393	0.04209	0.00735	0.00219	0.00817	0.00542	0.00427	0.00997

[dist]
# distance from previous block
# <min> <max>
16	180

[block]
# block no. 5 follows, 25 sequences, length 7
# corresponding to MSA columns:
# 392-398
name=unknown_F
#
# <colnr> <probs for GDERKNQSTAVLIFYWHMCP>
#	G	D	E	R	K	N	Q	S	T	A	V	L	I	F	Y	W	H	M	C	P
0	0.07298	0.03864	0.04361	0.01240	0.01585	0.01228	0.01011	0.06417	0.06994	0.06883	0.43401	0.04521	0.05244	0.01386	0.00873	0.00260	0.00541	0.01155	0.00808	0.00931
1	0.02025	0.01997	0.09285	0.08607	0.02591	0.01945	0.01548	0.09845	0.42512	0.03237	0.02644	0.02630	0.01997	0.01019	0.00813	0.00269	0.00771	0.00815	0.00706	0.04747
2	0.02116	0.17052	0.35060	0.02089	0.02965	0.08906	0.08510	0.02688	0.01819	0.09046	0.01599	0.01826	0.01201	0.00812	0.00751	0.00245	0.01102	0.00623	0.00443	0.01146
3	0.09883	0.01224	0.01404	0.01236	0.01571	0.01223	0.00942	0.05204	0.11333	0.15152	0.29132	0.04152	0.04221	0.08411	0.01162	0.00314	0.00578	0.01071	0.00811	0.00976
4	0.01608	0.01378	0.01608	0.01148	0.01837	0.01034	0.00919	0.01952	0.01608	0.02527	0.01378	0.01608	0.01148	0.00574	0.00574	0.00115	0.00574	0.00459	0.00459	0.77491
5	0.01120	0.00863	0.01287	0.01256	0.01388	0.00823	0.06868	0.01317	0.01532	0.02060	0.09948	0.36109	0.04342	0.19301	0.01704	0.00413	0.00623	0.07756	0.00640	0.00649
6	0.02703	0.02170	0.02181	0.01752	0.02312	0.07483	0.01417	0.46059	0.18391	0.04268	0.02116	0.02069	0.01542	0.00949	0.00773	0.00237	0.00839	0.00725	0.00750	0.01265

[dist]
# distance from previous block
# <min> <max>
0	1

[block]
# block no. 6 follows, 25 sequences, length 36
# corresponding to MSA columns:
# 400-435
name=unknown_G
#
# <colnr> <probs for GDERKNQSTAVLIFYWHMCP>
#	G	D	E	R	K	N	Q	S	T	A	V	L	I	F	Y	W	H	M	C	P
0	0.01857	0.00925	0.01249	0.01194	0.01455	0.00835	0.00901	0.02091	0.01842	0.25061	0.11318	0.36199	0.04236	0.01804	0.00914	0.00283	0.00530	0.05603	0.00818	0.00885
1	0.02093	0.21184	0.26157	0.01637	0.02398	0.01914	0.01774	0.06663	0.01933	0.15125	0.09903	0.02258	0.01976	0.00878	0.00707	0.00222	0.00853	0.00682	0.00544	0.01099
2	0.02380	0.35289	0.14104	0.01475	0.02176	0.02130	0.01497	0.02761	0.01819	0.22989	0.05060	0.01976	0.01599	0.00815	0.00648	0.00207	0.00806	0.00605	0.00555	0.01110
3	0.00945	0.00675	0.00900	0.01080	0.01125	0.00630	0.00720	0.01080	0.01484	0.01979	0.04274	0.72245	0.05128	0.02429	0.00990	0.00315	0.00450	0.02204	0.00720	0.00630
4	0.02073	0.73217	0.04063	0.01327	0.01990	0.03068	0.01327	0.02322	0.01575	0.01824	0.01078	0.01244	0.00995	0.00663	0.00498	0.00166	0.00829	0.00415	0.00332	0.00995
5	0.01763	0.08924	0.05214	0.29375	0.08497	0.05851	0.14489	0.05229	0.01794	0.02315	0.05732	0.02166	0.01502	0.00846	0.00840	0.02341	0.01023	0.00738	0.00412	0.00950
6	0.01883	0.05876	0.06157	0.01493	0.01967	0.01754	0.01254	0.03472	0.44671	0.07334	0.09468	0.03209	0.05898	0.01100	0.00786	0.00253	0.00629	0.00913	0.00746	0.01137
7	0.00929	0.00786	0.00803	0.00799	0.01055	0.00660	0.00599	0.01137	0.01797	0.02165	0.12023	0.07345	0.63387	0.01937	0.00916	0.00261	0.00391	0.01620	0.00729	0.00660
8	0.03394	0.01455	0.01883	0.01444	0.02047	0.01340	0.01193	0.13550	0.02446	0.58360	0.02869	0.02516	0.01824	0.00955	0.00779	0.00239	0.00690	0.00767	0.00930	0.01319
9	0.14274	0.01617	0.01850	0.01457	0.02033	0.01650	0.01198	0.21244	0.07303	0.35719	0.02430	0.02231	0.01621	0.00923	0.00735	0.00240	0.00703	0.00710	0.00823	0.01241
10	0.01134	0.00763	0.00883	0.00891	0.00914	0.00760	0.00536	0.01179	0.01233	0.01651	0.06379	0.05357	0.03191	0.63944	0.03580	0.00696	0.00727	0.05173	0.00508	0.00501
11	0.02326	0.43506	0.08790	0.01554	0.02242	0.02739	0.01503	0.23638	0.02281	0.02912	0.01369	0.01485	0.01103	0.00760	0.00611	0.00195	0.00863	0.00523	0.00481	0.01117
12	0.02030	0.01716	0.01810	0.01598	0.02055	0.01976	0.01252	0.10203	0.60265	0.03407	0.03027	0.02790	0.02263	0.01040	0.00788	0.00260	0.00637	0.00859	0.00788	0.01236
13	0.01081	0.00792	0.01013	0.00958	0.01148	0.00724	0.00718	0.01431	0.02155	0.03015	0.61946	0.05947	0.12933	0.01620	0.00915	0.00246	0.00368	0.01424	0.00841	0.00724
14	0.01555	0.04011	0.68733	0.02210	0.03356	0.01801	0.02865	0.02455	0.01637	0.02455	0.01391	0.01637	0.00982	0.00737	0.00737	0.00246	0.01146	0.00573	0.00327	0.01146
15	0.01708	0.05717	0.35088	0.02690	0.03642	0.01927	0.33050	0.02464	0.01728	0.02445	0.01466	0.01843	0.01077	0.00693	0.00814	0.00250	0.01212	0.00733	0.00359	0.01091
16	0.00987	0.00707	0.00943	0.01087	0.01161	0.00662	0.00756	0.01171	0.01609	0.02169	0.13621	0.58226	0.05408	0.02285	0.00984	0.00307	0.00455	0.06070	0.00739	0.00650
17	0.00984	0.00696	0.00910	0.01066	0.01111	0.00659	0.00713	0.01112	0.01452	0.01933	0.04021	0.60119	0.04787	0.11792	0.01388	0.00375	0.00503	0.05080	0.00686	0.00613
18	0.01687	0.01616	0.02779	0.38049	0.34307	0.01786	0.04289	0.02182	0.01659	0.02253	0.01422	0.01999	0.01128	0.00732	0.00776	0.00245	0.00990	0.00697	0.00364	0.01037
19	0.02186	0.01847	0.02293	0.01888	0.02154	0.02311	0.01564	0.28279	0.02215	0.03121	0.01427	0.01839	0.01193	0.01422	0.05460	0.00344	0.38202	0.00695	0.00525	0.01036
20	0.01006	0.00716	0.00958	0.01130	0.01196	0.00681	0.00801	0.01173	0.01521	0.02018	0.04163	0.58217	0.04910	0.05486	0.01134	0.00342	0.00509	0.12693	0.00708	0.00637
21	0.02828	0.03219	0.02184	0.01915	0.02353	0.51227	0.01469	0.17202	0.02485	0.02574	0.01389	0.01578	0.01114	0.01055	0.03819	0.00254	0.01305	0.00560	0.00486	0.00985
22	0.01608	0.01378	0.01608	0.01148	0.01837	0.01034	0.00919	0.01952	0.01608	0.02527	0.01378	0.01608	0.01148	0.00574	0.00574	0.00115	0.00574	0.00459	0.00459	0.77491
23	0.01888	0.29522	0.19058	0.03562	0.02427	0.07466	0.04838	0.05288	0.01676	0.02131	0.01401	0.01944	0.01246	0.09700	0.01143	0.00280	0.04478	0.00607	0.00378	0.00966
24	0.02188	0.01794	0.01899	0.01630	0.02115	0.02050	0.01290	0.19684	0.50527	0.03661	0.02827	0.02631	0.02100	0.01021	0.00786	0.00255	0.00675	0.00831	0.00786	0.01250
25	0.01347	0.00673	0.01010	0.01010	0.01010	0.00673	0.00673	0.01010	0.01010	0.01347	0.01347	0.02357	0.01347	0.02694	0.03030	0.77441	0.00673	0.00673	0.00337	0.00337
26	0.01680	0.01743	0.03392	0.33378	0.13018	0.01840	0.29007	0.02248	0.01698	0.02268	0.01470	0.02058	0.01120	0.00712	0.00834	0.00256	0.01135	0.00786	0.00370	0.00988
27	0.01780	0.07460	0.18476	0.02833	0.03646	0.02026	0.43558	0.02433	0.01735	0.02398	0.01466	0.01911	0.01113	0.00711	0.00935	0.00256	0.05048	0.00792	0.00371	0.01053
28	0.02050	0.70160	0.06920	0.01366	0.02050	0.03012	0.01395	0.02328	0.01578	0.01852	0.01092	0.01261	0.00994	0.00667	0.00508	0.00169	0.00843	0.00422	0.00331	0.01002
29	0.00986	0.00704	0.00947	0.01127	0.01190	0.00665	0.00792	0.01151	0.01525	0.02026	0.04251	0.63625	0.05038	0.02390	0.01001	0.00321	0.00486	0.10416	0.00719	0.00641
30	0.02052	0.43893	0.21574	0.01669	0.02426	0.12572	0.01775	0.02473	0.01684	0.02009	0.01182	0.01375	0.00992	0.00704	0.00593	0.00193	0.01001	0.00471	0.00341	0.01022
31	0.08062	0.02295	0.02508	0.01940	0.02545	0.10242	0.09339	0.45765	0.03086	0.04137	0.01692	0.01793	0.01230	0.00866	0.00763	0.00233	0.00956	0.00682	0.00663	0.01202
32	0.00924	0.00755	0.00817	0.00867	0.01069	0.00648	0.00625	0.01104	0.01689	0.02063	0.06866	0.25340	0.50360	0.02092	0.00937	0.00276	0.00408	0.01793	0.00720	0.00648
33	0.01205	0.00902	0.01303	0.01275	0.01439	0.01045	0.00996	0.04780	0.01374	0.01964	0.02065	0.02983	0.01905	0.05556	0.66020	0.01192	0.02012	0.00824	0.00434	0.00726
34	0.01884	0.01629	0.01982	0.05447	0.04583	0.01842	0.05492	0.05294	0.50232	0.03014	0.02735	0.02696	0.02078	0.01110	0.00952	0.05653	0.00703	0.00844	0.00693	0.01136
35	0.01849	0.09299	0.13809	0.02410	0.03020	0.05381	0.27477	0.02343	0.01665	0.04753	0.01585	0.05974	0.01350	0.00925	0.01145	0.00264	0.14531	0.00816	0.00407	0.00998

[dist]
# distance from previous block
# <min> <max>
1	3

[block]
# block no. 7 follows, 25 sequences, length 11
# corresponding to MSA columns:
# 439-449
name=unknown_H
#
# <colnr> <probs for GDERKNQSTAVLIFYWHMCP>
#	G	D	E	R	K	N	Q	S	T	A	V	L	I	F	Y	W	H	M	C	P
0	0.13311	0.01313	0.01495	0.01327	0.01572	0.01521	0.01064	0.09442	0.01763	0.02622	0.06364	0.09339	0.22922	0.01496	0.01294	0.00280	0.20365	0.01101	0.00589	0.00821
1	0.01402	0.01308	0.01984	0.01727	0.01871	0.01617	0.07320	0.01652	0.01336	0.01930	0.02208	0.07649	0.07137	0.02851	0.23738	0.00615	0.31504	0.00938	0.00427	0.00785
2	0.01108	0.00831	0.01246	0.01246	0.01385	0.00969	0.00969	0.01385	0.01246	0.01800	0.02077	0.03046	0.01938	0.05815	0.69678	0.01246	0.02077	0.00831	0.00415	0.00692
3	0.01367	0.01253	0.02015	0.55078	0.04414	0.01500	0.01853	0.01824	0.01601	0.02025	0.02541	0.03391	0.11003	0.01058	0.00820	0.00267	0.00914	0.05828	0.00429	0.00819
4	0.02342	0.01725	0.01940	0.01447	0.02099	0.01648	0.01181	0.30116	0.02555	0.08579	0.01720	0.01798	0.01282	0.00761	0.00679	0.00176	0.00704	0.00589	0.00637	0.38020
5	0.01607	0.01460	0.02361	0.55849	0.11483	0.01745	0.02087	0.06498	0.01732	0.02261	0.01548	0.02349	0.01234	0.00841	0.00788	0.00258	0.00994	0.03584	0.00396	0.00925
6	0.03024	0.01701	0.01993	0.01566	0.02147	0.01750	0.01281	0.27280	0.13231	0.33620	0.02619	0.02384	0.01763	0.00964	0.00780	0.00241	0.00726	0.00764	0.00862	0.01304
7	0.01113	0.00808	0.01130	0.01130	0.01228	0.00906	0.00824	0.01310	0.01212	0.01714	0.02183	0.03635	0.02194	0.25263	0.50580	0.01102	0.01692	0.00917	0.00431	0.00628
8	0.01575	0.01526	0.02268	0.01926	0.02011	0.02003	0.06743	0.01787	0.01244	0.01878	0.01334	0.02200	0.01312	0.07713	0.12398	0.00499	0.49650	0.00757	0.00365	0.00811
9	0.01597	0.01284	0.01849	0.01632	0.01891	0.01394	0.08964	0.04949	0.12482	0.06916	0.03060	0.33213	0.03155	0.01647	0.01163	0.00295	0.11540	0.01423	0.00651	0.00893
10	0.02542	0.23207	0.09913	0.01544	0.02184	0.06681	0.01443	0.14473	0.02227	0.20389	0.06508	0.02109	0.01750	0.00875	0.00695	0.00215	0.00829	0.00658	0.00624	0.01134

[dist]
# distance from previous block
# <min> <max>
0	1

[block]
# block no. 8 follows, 25 sequences, length 61
# corresponding to MSA columns:
# 451-511
name=unknown_I
#
# <colnr> <probs for GDERKNQSTAVLIFYWHMCP>
#	G	D	E	R	K	N	Q	S	T	A	V	L	I	F	Y	W	H	M	C	P
0	0.01514	0.01434	0.02390	0.61318	0.09753	0.01776	0.02139	0.02003	0.01542	0.02014	0.01360	0.02031	0.01047	0.00808	0.00895	0.00262	0.05792	0.00688	0.00347	0.00888
1	0.01836	0.01689	0.02782	0.09101	0.17645	0.01973	0.11439	0.02192	0.01523	0.06634	0.01429	0.01976	0.01201	0.01252	0.05133	0.00336	0.29731	0.00733	0.00404	0.00990
2	0.02446	0.06273	0.02503	0.02034	0.02403	0.36603	0.06505	0.07655	0.05393	0.02238	0.01334	0.01629	0.01114	0.00934	0.01146	0.00241	0.17555	0.00605	0.00432	0.00953
3	0.01919	0.01842	0.03147	0.04759	0.67914	0.01842	0.02380	0.02380	0.01765	0.02533	0.01458	0.01919	0.01228	0.00691	0.00768	0.00230	0.00921	0.00691	0.00384	0.01228
4	0.01043	0.00771	0.00974	0.00964	0.01135	0.00702	0.00707	0.01343	0.02006	0.02758	0.47385	0.17483	0.16280	0.01789	0.00928	0.00259	0.00384	0.01576	0.00810	0.00702
5	0.02073	0.73217	0.04063	0.01327	0.01990	0.03068	0.01327	0.02322	0.01575	0.01824	0.01078	0.01244	0.00995	0.00663	0.00498	0.00166	0.00829	0.00415	0.00332	0.00995
6	0.00945	0.00675	0.00900	0.01080	0.01125	0.00630	0.00720	0.01080	0.01484	0.01979	0.04274	0.72245	0.05128	0.02429	0.00990	0.00315	0.00450	0.02204	0.00720	0.00630
7	0.02517	0.35705	0.03056	0.01689	0.02210	0.38988	0.01419	0.02740	0.01911	0.01864	0.01143	0.01327	0.00997	0.00737	0.00606	0.00184	0.01136	0.00460	0.00368	0.00943
8	0.01464	0.01378	0.02326	0.70887	0.05340	0.01723	0.02153	0.01981	0.01550	0.01981	0.01378	0.02067	0.01034	0.00775	0.00775	0.00258	0.01034	0.00689	0.00345	0.00861
9	0.00984	0.00728	0.00977	0.01130	0.01172	0.00721	0.00771	0.01121	0.01469	0.01973	0.04103	0.68541	0.04912	0.02373	0.01071	0.00316	0.04171	0.02124	0.00700	0.00641
10	0.01595	0.01583	0.01732	0.01596	0.01733	0.13306	0.01258	0.01815	0.01389	0.01825	0.01623	0.02437	0.01535	0.06259	0.35062	0.00774	0.22578	0.00739	0.00392	0.00766
11	0.01943	0.48337	0.24530	0.01635	0.02441	0.05437	0.01822	0.02396	0.01621	0.02028	0.01183	0.01375	0.00991	0.00692	0.00582	0.00193	0.00953	0.00468	0.00333	0.01039
12	0.02052	0.70392	0.06703	0.01363	0.02046	0.03016	0.01389	0.02327	0.01578	0.01850	0.01091	0.01260	0.00995	0.00666	0.00507	0.00169	0.00842	0.00421	0.00332	0.01001
13	0.01097	0.00793	0.01036	0.00975	0.01158	0.00732	0.00732	0.01463	0.02195	0.03109	0.67505	0.05792	0.07316	0.01585	0.00914	0.00244	0.00366	0.01402	0.00854	0.00732
14	0.01872	0.01794	0.03062	0.11617	0.61425	0.01830	0.02356	0.02338	0.01743	0.02476	0.01450	0.01934	0.01208	0.00700	0.00768	0.00233	0.00933	0.00691	0.00380	0.01190
15	0.01505	0.01454	0.02624	0.47446	0.04505	0.01674	0.14509	0.01976	0.01567	0.02051	0.01599	0.06830	0.01352	0.00963	0.00972	0.03479	0.03421	0.00836	0.00379	0.00860
16	0.01108	0.00827	0.01229	0.01229	0.01362	0.00960	0.00948	0.01374	0.01241	0.01787	0.02092	0.03132	0.01976	0.08649	0.66895	0.01225	0.02021	0.00843	0.00418	0.00683
17	0.02947	0.02172	0.02327	0.01784	0.02404	0.02404	0.01474	0.65329	0.03646	0.04887	0.01862	0.01862	0.01319	0.00931	0.00776	0.00233	0.00853	0.00698	0.00776	0.01319
18	0.01445	0.00723	0.00723	0.00723	0.00903	0.00723	0.00542	0.01807	0.01626	0.02891	0.02529	0.02891	0.01987	0.00903	0.00542	0.00181	0.00361	0.00723	0.77055	0.00723
19	0.01929	0.01666	0.01753	0.01578	0.02016	0.01929	0.01227	0.04120	0.66513	0.03243	0.03156	0.02893	0.02367	0.01052	0.00789	0.00263	0.00614	0.00877	0.00789	0.01227
20	0.01608	0.01378	0.01608	0.01148	0.01837	0.01034	0.00919	0.01952	0.01608	0.02527	0.01378	0.01608	0.01148	0.00574	0.00574	0.00115	0.00574	0.00459	0.00459	0.77491
21	0.01464	0.01378	0.02326	0.70887	0.05340	0.01723	0.02153	0.01981	0.01550	0.01981	0.01378	0.02067	0.01034	0.00775	0.00775	0.00258	0.01034	0.00689	0.00345	0.00861
22	0.02896	0.03695	0.02197	0.01998	0.02397	0.69638	0.01498	0.03096	0.02197	0.01898	0.01199	0.01398	0.00999	0.00799	0.00699	0.00200	0.01398	0.00499	0.00400	0.00899
23	0.01105	0.00799	0.01108	0.01117	0.01209	0.00886	0.00806	0.01292	0.01223	0.01720	0.02301	0.07259	0.02369	0.25727	0.46373	0.01049	0.01594	0.00991	0.00448	0.00622
24	0.02947	0.02172	0.02327	0.01784	0.02404	0.02404	0.01474	0.65329	0.03646	0.04887	0.01862	0.01862	0.01319	0.00931	0.00776	0.00233	0.00853	0.00698	0.00776	0.01319
25	0.01085	0.00792	0.01019	0.00963	0.01151	0.00726	0.00722	0.01439	0.02166	0.03040	0.63460	0.05905	0.11403	0.01611	0.00915	0.00245	0.00368	0.01418	0.00844	0.00726
26	0.02896	0.03695	0.02197	0.01998	0.02397	0.69638	0.01498	0.03096	0.02197	0.01898	0.01199	0.01398	0.00999	0.00799	0.00699	0.00200	0.01398	0.00499	0.00400	0.00899
27	0.00945	0.00675	0.00900	0.01080	0.01125	0.00630	0.00720	0.01080	0.01484	0.01979	0.04274	0.72245	0.05128	0.02429	0.00990	0.00315	0.00450	0.02204	0.00720	0.00630
