[name]
unknown

[dist]
# distance from previous block
# <min> <max>
0	344

[block]
# block no. 0 follows, 24 sequences, length 10
# corresponding to MSA columns:
# 374-383
name=unknown_A
#
# <colnr> <probs for GDERKNQSTAVLIFYWHMCP>
#	G	D	E	R	K	N	Q	S	T	A	V	L	I	F	Y	W	H	M	C	P
0	0.01037	0.00785	0.00941	0.01025	0.01179	0.00719	0.00756	0.01236	0.01680	0.02139	0.08738	0.26645	0.27910	0.09364	0.01305	0.00352	0.00513	0.12304	0.00716	0.00657
1	0.01109	0.00842	0.01027	0.01009	0.01206	0.00786	0.00745	0.01518	0.05717	0.02792	0.41141	0.16176	0.19373	0.01803	0.00940	0.00266	0.00408	0.01579	0.00819	0.00745
2	0.02110	0.32878	0.30917	0.01748	0.02627	0.02293	0.01996	0.02655	0.01736	0.11988	0.01541	0.01656	0.01153	0.00756	0.00656	0.00216	0.00960	0.00549	0.00433	0.01133
3	0.03344	0.01667	0.06215	0.01532	0.02185	0.01416	0.01334	0.13462	0.02464	0.53493	0.02822	0.02506	0.01803	0.00962	0.00794	0.00245	0.00739	0.00770	0.00910	0.01338
4	0.02010	0.02209	0.07298	0.11069	0.48883	0.09899	0.02335	0.02485	0.01827	0.02450	0.01447	0.01895	0.01191	0.00732	0.00775	0.00236	0.01027	0.00675	0.00387	0.01172
5	0.01510	0.01386	0.02362	0.48620	0.10072	0.01610	0.05671	0.01978	0.01672	0.02211	0.09252	0.02574	0.01869	0.00979	0.00937	0.04227	0.00963	0.00805	0.00421	0.00882
6	0.10310	0.01079	0.03353	0.08932	0.01920	0.01040	0.04790	0.01506	0.01537	0.02244	0.03482	0.39622	0.07101	0.05920	0.01087	0.00325	0.00643	0.03757	0.00617	0.00732
7	0.01970	0.06505	0.42974	0.02120	0.03060	0.01929	0.06081	0.07888	0.05406	0.09086	0.01709	0.01876	0.01219	0.00828	0.00840	0.00252	0.03956	0.00652	0.00467	0.01183
8	0.02491	0.01839	0.02011	0.01632	0.02132	0.02038	0.01320	0.43930	0.09640	0.04189	0.02254	0.06308	0.01799	0.01566	0.07795	0.00349	0.00918	0.00839	0.05758	0.01191
9	0.02350	0.23672	0.09951	0.01736	0.02375	0.10442	0.07027	0.02962	0.09567	0.15142	0.05761	0.02170	0.01771	0.00866	0.00716	0.00223	0.00910	0.00687	0.00566	0.01104

[dist]
# distance from previous block
# <min> <max>
0	3

[block]
# block no. 1 follows, 24 sequences, length 52
# corresponding to MSA columns:
# 387-438
name=unknown_B
#
# <colnr> <probs for GDERKNQSTAVLIFYWHMCP>
#	G	D	E	R	K	N	Q	S	T	A	V	L	I	F	Y	W	H	M	C	P
0	0.05070	0.02140	0.12597	0.02704	0.05906	0.01849	0.34174	0.02264	0.01682	0.02431	0.01774	0.08849	0.01568	0.01140	0.03528	0.00314	0.09634	0.00952	0.00423	0.01003
1	0.02015	0.01867	0.03174	0.04755	0.65060	0.01861	0.02392	0.02480	0.01821	0.04715	0.01545	0.01987	0.01279	0.00716	0.00785	0.00236	0.00933	0.00710	0.00412	0.01259
2	0.01190	0.00972	0.01079	0.01020	0.01234	0.04462	0.00765	0.01524	0.02167	0.02927	0.52716	0.05982	0.17712	0.01646	0.00924	0.00250	0.00437	0.01426	0.00823	0.00744
3	0.01755	0.01941	0.06097	0.11926	0.14705	0.01897	0.33079	0.02298	0.01729	0.02386	0.01683	0.06670	0.01439	0.00884	0.01050	0.00272	0.07829	0.00918	0.00408	0.01033
4	0.01812	0.01856	0.05426	0.22664	0.41831	0.01861	0.08334	0.02334	0.01747	0.02427	0.01477	0.02011	0.01187	0.00728	0.00801	0.00247	0.01020	0.00724	0.00380	0.01132
5	0.01938	0.01597	0.01709	0.01515	0.01938	0.01792	0.01181	0.12614	0.43913	0.03401	0.07818	0.07103	0.07523	0.01241	0.00835	0.00266	0.00621	0.01038	0.00800	0.01158
6	0.01292	0.01100	0.01796	0.24535	0.02893	0.01200	0.07453	0.01634	0.01581	0.02150	0.02885	0.34251	0.03084	0.01585	0.00928	0.00286	0.02271	0.01445	0.06852	0.00778
7	0.01625	0.06182	0.02058	0.14821	0.02505	0.03455	0.10712	0.02034	0.01657	0.02494	0.02040	0.05457	0.01691	0.00940	0.00820	0.00229	0.05515	0.00798	0.34122	0.00846
8	0.03020	0.01434	0.05344	0.01421	0.01992	0.01175	0.01224	0.03442	0.04562	0.51712	0.10172	0.03288	0.02657	0.01097	0.00824	0.00252	0.00669	0.03557	0.00916	0.01242
9	0.03262	0.01284	0.01745	0.01361	0.01922	0.01115	0.01115	0.03577	0.02267	0.59889	0.10862	0.03091	0.02634	0.01059	0.00814	0.00246	0.00638	0.00875	0.00968	0.01276
10	0.01908	0.01921	0.03556	0.08756	0.46184	0.01909	0.19046	0.02435	0.01809	0.02540	0.01516	0.02020	0.01229	0.00702	0.00826	0.00246	0.01056	0.00768	0.00392	0.01181
11	0.02301	0.02128	0.23089	0.04561	0.02469	0.01327	0.01722	0.02830	0.02015	0.29401	0.12585	0.03261	0.02654	0.01080	0.00824	0.00257	0.00808	0.04840	0.00712	0.01137
12	0.02058	0.01830	0.01952	0.12428	0.02634	0.06555	0.01429	0.11525	0.40559	0.03189	0.02831	0.02778	0.04649	0.01036	0.00802	0.00260	0.00773	0.00848	0.00703	0.01161
13	0.01890	0.01803	0.03036	0.15034	0.55165	0.01868	0.02355	0.02433	0.04039	0.02528	0.01540	0.02022	0.01266	0.00733	0.00787	0.00241	0.00949	0.00713	0.00401	0.01197
14	0.01605	0.04000	0.64746	0.02316	0.03469	0.01850	0.06105	0.02513	0.01684	0.02513	0.01432	0.01698	0.01015	0.00749	0.00763	0.00252	0.01180	0.00604	0.00338	0.01167
15	0.08961	0.02062	0.02180	0.08283	0.05421	0.06557	0.01496	0.38096	0.08914	0.04003	0.02124	0.02197	0.04263	0.00958	0.00770	0.00243	0.00864	0.00735	0.00682	0.01192
16	0.12037	0.04905	0.02128	0.01619	0.02186	0.02239	0.01332	0.41753	0.12716	0.04326	0.02009	0.02017	0.01473	0.00931	0.00734	0.00238	0.00776	0.00696	0.04657	0.01228
17	0.00993	0.00746	0.00921	0.01003	0.01138	0.00674	0.00705	0.01200	0.01753	0.02311	0.19149	0.40654	0.21525	0.02171	0.00976	0.00292	0.00426	0.01924	0.00767	0.00674
18	0.01032	0.00757	0.00978	0.01138	0.01210	0.00731	0.00770	0.01309	0.05742	0.02109	0.04295	0.67099	0.05059	0.02392	0.00999	0.00319	0.00471	0.02165	0.00741	0.00684
19	0.01629	0.01519	0.02547	0.60612	0.05158	0.01828	0.06712	0.06364	0.01754	0.02268	0.01458	0.02102	0.01088	0.00795	0.00803	0.00263	0.01065	0.00722	0.00386	0.00927
20	0.01809	0.02039	0.04421	0.03188	0.03938	0.01912	0.59933	0.02441	0.01847	0.02505	0.01795	0.06917	0.01481	0.00793	0.00941	0.00271	0.01277	0.01027	0.00424	0.01040
21	0.01742	0.01757	0.02552	0.02151	0.02195	0.02406	0.05155	0.01943	0.01250	0.01943	0.01072	0.01757	0.01050	0.01349	0.02511	0.00343	0.66890	0.00707	0.00350	0.00878
22	0.01498	0.01409	0.02378	0.70226	0.05462	0.01762	0.02202	0.02026	0.01586	0.02026	0.01409	0.02114	0.01057	0.00793	0.00793	0.00264	0.01057	0.00705	0.00352	0.00881
23	0.01812	0.02015	0.04225	0.03062	0.03770	0.01934	0.54396	0.02409	0.01800	0.02475	0.01679	0.05158	0.01369	0.00795	0.01040	0.00269	0.06105	0.00957	0.00415	0.04312
24	0.01396	0.00871	0.01148	0.01044	0.01279	0.00795	0.00795	0.01763	0.02247	0.10440	0.59609	0.05561	0.06862	0.01549	0.00920	0.00249	0.00408	0.01362	0.00885	0.00816
25	0.01377	0.00689	0.01033	0.01033	0.01033	0.00689	0.00689	0.01033	0.01033	0.01377	0.01377	0.02410	0.01377	0.02755	0.03099	0.76928	0.00689	0.00689	0.00344	0.00344
26	0.02548	0.01818	0.01966	0.01593	0.02103	0.01995	0.01285	0.40522	0.13020	0.06990	0.02417	0.07025	0.01894	0.01075	0.00782	0.00243	0.00737	0.00855	0.09920	0.01212
27	0.01945	0.01651	0.02668	0.40187	0.10794	0.01858	0.09060	0.10549	0.03913	0.07157	0.01680	0.02140	0.01237	0.00813	0.00809	0.00257	0.01013	0.00745	0.00478	0.01046
28	0.01590	0.04102	0.68023	0.02260	0.03432	0.01842	0.02930	0.02511	0.01674	0.02511	0.01423	0.01674	0.01005	0.00753	0.00753	0.00251	0.01172	0.00586	0.00335	0.01172
29	0.01790	0.01525	0.01658	0.06279	0.01929	0.11997	0.03932	0.02111	0.01648	0.04682	0.01948	0.02446	0.01602	0.01782	0.12135	0.00403	0.11870	0.00722	0.28713	0.00829
30	0.05212	0.01528	0.01937	0.01528	0.02012	0.01543	0.03897	0.08403	0.04068	0.09875	0.01997	0.04249	0.03865	0.01148	0.03505	0.00257	0.14043	0.00718	0.00561	0.29655
31	0.05706	0.01467	0.02402	0.59474	0.11836	0.01776	0.02154	0.02086	0.01596	0.02170	0.01402	0.02053	0.01068	0.00781	0.00776	0.00260	0.01021	0.00690	0.00364	0.00920
32	0.00966	0.00690	0.00920	0.01104	0.01150	0.00644	0.00736	0.01104	0.01518	0.02024	0.04371	0.71614	0.05245	0.02484	0.01012	0.00322	0.00460	0.02254	0.00736	0.00644
33	0.02280	0.08138	0.03274	0.06183	0.06633	0.06507	0.25842	0.07098	0.04883	0.13495	0.02036	0.02564	0.01581	0.00879	0.00839	0.00253	0.01049	0.04802	0.00557	0.01107
34	0.01908	0.04959	0.02977	0.18927	0.40044	0.04379	0.04940	0.05067	0.01852	0.02496	0.01703	0.02154	0.03540	0.00784	0.00784	0.00241	0.00977	0.00731	0.00412	0.01124
35	0.03450	0.01426	0.01876	0.01449	0.02056	0.01291	0.01193	0.08114	0.05174	0.60512	0.03047	0.02655	0.01940	0.00984	0.00798	0.00246	0.00686	0.00796	0.00961	0.01345
36	0.09347	0.02638	0.32865	0.23386	0.05528	0.01711	0.02284	0.02233	0.01635	0.02478	0.04400	0.04986	0.01482	0.00876	0.00759	0.00257	0.01006	0.00720	0.00399	0.01010
37	0.05184	0.03379	0.43287	0.05496	0.05683	0.01990	0.08465	0.02575	0.01857	0.02794	0.04438	0.02360	0.01616	0.01042	0.01031	0.00317	0.05977	0.00769	0.00490	0.01248
38	0.01849	0.01956	0.06780	0.15562	0.40962	0.01883	0.11867	0.02453	0.04226	0.02510	0.01558	0.02038	0.01245	0.00732	0.00809	0.00247	0.01023	0.00742	0.00400	0.01159
39	0.02903	0.01277	0.01687	0.01365	0.01886	0.01141	0.01107	0.03342	0.06531	0.48038	0.07611	0.07692	0.02667	0.01163	0.00824	0.00251	0.00634	0.03622	0.00907	0.05354
40	0.01662	0.11012	0.55481	0.02198	0.05433	0.01935	0.02640	0.02466	0.01671	0.02451	0.01391	0.01641	0.01024	0.00735	0.00720	0.00235	0.01098	0.00567	0.00345	0.05295
41	0.02399	0.14250	0.03960	0.01939	0.10077	0.11802	0.01423	0.10654	0.05445	0.14801	0.02502	0.09834	0.05392	0.01086	0.00763	0.00235	0.00847	0.00875	0.00623	0.01093
42	0.07307	0.36706	0.24060	0.01793	0.05322	0.02453	0.01859	0.02561	0.05140	0.04216	0.01397	0.01565	0.01117	0.00738	0.00622	0.00211	0.00922	0.00525	0.00395	0.01089
43	0.01050	0.00799	0.00955	0.01005	0.01173	0.00716	0.00718	0.01241	0.01664	0.02169	0.10759	0.30767	0.24010	0.09396	0.01280	0.00337	0.00492	0.05947	0.00707	0.04815
44	0.01803	0.01822	0.03187	0.15306	0.05607	0.04456	0.27921	0.04832	0.01760	0.02423	0.01581	0.02147	0.01258	0.01126	0.04830	0.00323	0.11625	0.00804	0.06216	0.00971
45	0.04948	0.19805	0.08418	0.06619	0.06704	0.09820	0.01649	0.10552	0.01902	0.04436	0.01433	0.01830	0.01206	0.03766	0.03158	0.00288	0.11383	0.00616	0.00445	0.01022
46	0.01214	0.00809	0.00920	0.00906	0.00938	0.00823	0.00538	0.02808	0.01248	0.01705	0.02467	0.04894	0.02757	0.63568	0.07344	0.00757	0.00828	0.01107	0.03845	0.00526
47	0.00970	0.00701	0.00910	0.01075	0.01136	0.00650	0.00719	0.01108	0.01528	0.02018	0.04578	0.65022	0.09601	0.04542	0.01098	0.00332	0.00465	0.02180	0.00728	0.00641
48	0.11281	0.11453	0.20000	0.05076	0.04742	0.08024	0.10049	0.02535	0.06173	0.02543	0.04831	0.01957	0.01462	0.00848	0.00853	0.00246	0.05796	0.00667	0.00434	0.01030
49	0.07060	0.02321	0.15908	0.13267	0.05512	0.04627	0.26282	0.02443	0.01745	0.05337	0.01633	0.04529	0.01289	0.00825	0.00894	0.00263	0.03804	0.00806	0.00423	0.01033
50	0.10199	0.01614	0.05772	0.04246	0.01850	0.06775	0.01116	0.11682	0.02067	0.05669	0.06371	0.06598	0.24621	0.05255	0.00998	0.00284	0.00703	0.02647	0.00650	0.00883
51	0.21226	0.01682	0.06860	0.28847	0.11279	0.01725	0.01757	0.05548	0.01740	0.02801	0.07828	0.02216	0.01678	0.00855	0.00725	0.00252	0.00860	0.00698	0.00467	0.00955

[dist]
# distance from previous block
# <min> <max>
4	16

[block]
# block no. 2 follows, 24 sequences, length 39
# corresponding to MSA columns:
# 455-493
name=unknown_C
#
# <colnr> <probs for GDERKNQSTAVLIFYWHMCP>
#	G	D	E	R	K	N	Q	S	T	A	V	L	I	F	Y	W	H	M	C	P
0	0.01050	0.00759	0.00993	0.01155	0.01230	0.00732	0.00808	0.01289	0.03984	0.02093	0.04221	0.58521	0.04948	0.05593	0.01153	0.00346	0.00513	0.09217	0.00726	0.00670
1	0.05308	0.01592	0.03080	0.02634	0.09681	0.01521	0.33130	0.02033	0.01719	0.02421	0.02503	0.25575	0.02559	0.01290	0.00924	0.00281	0.00963	0.01333	0.00518	0.00935
2	0.06996	0.30841	0.27347	0.01912	0.05519	0.02345	0.04337	0.02392	0.01621	0.02321	0.01312	0.01570	0.01060	0.00750	0.00716	0.00220	0.03887	0.00540	0.03255	0.01060
3	0.01467	0.01404	0.05971	0.01452	0.01693	0.07174	0.01207	0.01770	0.01422	0.04654	0.01984	0.02837	0.01803	0.07015	0.48906	0.00990	0.06228	0.00800	0.00438	0.00787
4	0.16854	0.03120	0.42639	0.02110	0.07193	0.01790	0.02289	0.02485	0.01647	0.05931	0.03319	0.01792	0.01228	0.00807	0.00781	0.00252	0.03645	0.00602	0.00418	0.01100
5	0.04569	0.00936	0.03672	0.01237	0.01394	0.00813	0.03716	0.01315	0.01599	0.02242	0.09665	0.56581	0.04902	0.02177	0.00968	0.00307	0.00526	0.01972	0.00707	0.00703
6	0.01692	0.04098	0.01772	0.04329	0.01845	0.01491	0.04264	0.16013	0.01947	0.02647	0.02589	0.22026	0.02729	0.16916	0.01735	0.00386	0.07948	0.01237	0.03491	0.00844
7	0.00966	0.00690	0.00920	0.01104	0.01150	0.00644	0.00736	0.01104	0.01518	0.02024	0.04371	0.71614	0.05245	0.02484	0.01012	0.00322	0.00460	0.02254	0.00736	0.00644
8	0.04032	0.03376	0.48702	0.02427	0.07659	0.01775	0.09839	0.02423	0.01741	0.02607	0.06638	0.02074	0.01556	0.00809	0.00783	0.00252	0.01094	0.00698	0.00394	0.01122
9	0.01957	0.01803	0.05127	0.40332	0.07533	0.04640	0.06466	0.10305	0.01954	0.06941	0.01585	0.02059	0.01172	0.00837	0.00874	0.00259	0.03963	0.00716	0.00459	0.01018
10	0.01656	0.12532	0.60164	0.02149	0.03260	0.02001	0.02736	0.02494	0.01666	0.02432	0.01384	0.01625	0.01006	0.00744	0.00723	0.00241	0.01132	0.00566	0.00335	0.01153
11	0.01490	0.01426	0.02472	0.58967	0.05015	0.01701	0.07707	0.02005	0.01619	0.02078	0.01809	0.04547	0.04071	0.00888	0.00819	0.00267	0.01035	0.00817	0.00386	0.00881
12	0.10660	0.11584	0.39733	0.02212	0.09349	0.01995	0.02298	0.05674	0.01774	0.05683	0.01457	0.01669	0.01076	0.00758	0.00701	0.00238	0.01007	0.00577	0.00412	0.01143
13	0.03006	0.01855	0.13123	0.01574	0.02251	0.01366	0.01471	0.07620	0.04125	0.47092	0.02820	0.05973	0.01938	0.01020	0.00801	0.00250	0.00761	0.00833	0.00841	0.01281
14	0.01153	0.00769	0.00865	0.00865	0.00865	0.00769	0.00480	0.01153	0.01153	0.01538	0.02499	0.05189	0.02883	0.72131	0.04036	0.00769	0.00769	0.01153	0.00480	0.00480
15	0.01490	0.01416	0.02469	0.56549	0.04896	0.01679	0.08258	0.02006	0.01647	0.02141	0.05174	0.05517	0.01619	0.00904	0.00825	0.00266	0.01020	0.00839	0.00404	0.00882
16	0.01533	0.04648	0.01633	0.11561	0.06296	0.01272	0.01204	0.04431	0.07817	0.05786	0.06690	0.16555	0.14533	0.01514	0.00863	0.00270	0.00644	0.06408	0.05463	0.00880
17	0.07430	0.07183	0.02024	0.01438	0.02035	0.04392	0.01196	0.05956	0.04714	0.51161	0.02730	0.02432	0.01780	0.00939	0.00754	0.00238	0.00724	0.00736	0.00864	0.01274
18	0.01972	0.01703	0.01793	0.01614	0.02062	0.01972	0.01255	0.04214	0.65752	0.03317	0.03228	0.02959	0.02421	0.01076	0.00807	0.00269	0.00628	0.00897	0.00807	0.01255
19	0.01135	0.00819	0.01077	0.01034	0.01221	0.00761	0.00790	0.01508	0.02211	0.03116	0.61788	0.06164	0.07250	0.01666	0.00948	0.00259	0.00402	0.06241	0.00862	0.00747
20	0.01832	0.18599	0.36925	0.01918	0.02779	0.05178	0.04851	0.02450	0.01745	0.05943	0.04608	0.06423	0.01642	0.00902	0.00733	0.00236	0.01010	0.00721	0.00429	0.01077
21	0.01644	0.01409	0.01644	0.01175	0.01879	0.01057	0.00940	0.01997	0.01644	0.02584	0.01409	0.01644	0.01175	0.00587	0.00587	0.00117	0.00587	0.00470	0.00470	0.76979
22	0.01251	0.00846	0.01035	0.00974	0.01214	0.00752	0.00735	0.01554	0.02076	0.07936	0.40347	0.09191	0.25666	0.01732	0.00928	0.00258	0.00411	0.01496	0.00832	0.00766
23	0.01356	0.00999	0.01514	0.01386	0.01538	0.01095	0.05949	0.03334	0.01397	0.02000	0.02179	0.11722	0.02170	0.06737	0.24778	0.16565	0.06968	0.00994	0.06641	0.00677
24	0.01850	0.02091	0.04486	0.06206	0.04117	0.02012	0.59013	0.02492	0.01832	0.02492	0.01573	0.02121	0.01190	0.00704	0.00998	0.00271	0.04188	0.00916	0.00397	0.01053
25	0.00966	0.00690	0.00920	0.01104	0.01150	0.00644	0.00736	0.01104	0.01518	0.02024	0.04371	0.71614	0.05245	0.02484	0.01012	0.00322	0.00460	0.02254	0.00736	0.00644
26	0.01631	0.01532	0.02585	0.46748	0.24345	0.01759	0.02230	0.02134	0.01665	0.02217	0.01568	0.02394	0.01286	0.00833	0.00805	0.00260	0.01006	0.03629	0.00383	0.00990
27	0.01825	0.38094	0.29221	0.01719	0.02536	0.02434	0.01955	0.02347	0.01635	0.02169	0.03622	0.01683	0.01283	0.00968	0.03368	0.00253	0.02926	0.00549	0.00360	0.01053
28	0.02078	0.67158	0.09237	0.01429	0.02146	0.03035	0.01482	0.02385	0.01616	0.01917	0.01128	0.01304	0.01017	0.00684	0.00528	0.00176	0.00874	0.00437	0.00339	0.01030
29	0.00966	0.00690	0.00920	0.01104	0.01150	0.00644	0.00736	0.01104	0.01518	0.02024	0.04371	0.71614	0.05245	0.02484	0.01012	0.00322	0.00460	0.02254	0.00736	0.00644
30	0.01594	0.01385	0.02323	0.19236	0.06183	0.01502	0.14586	0.04059	0.01738	0.02517	0.04860	0.09398	0.02032	0.01051	0.00939	0.00256	0.06394	0.00948	0.18109	0.00891
31	0.01314	0.00926	0.01138	0.01097	0.01208	0.00991	0.00766	0.06309	0.01471	0.02029	0.02694	0.09497	0.05717	0.32828	0.19100	0.03744	0.03267	0.01104	0.04152	0.00647
32	0.01618	0.01474	0.02379	0.64783	0.05223	0.01817	0.02147	0.07000	0.01756	0.02262	0.01449	0.02097	0.01080	0.00805	0.00793	0.00262	0.01042	0.00705	0.00387	0.00918
33	0.01018	0.00754	0.01070	0.01204	0.01285	0.00708	0.02881	0.01190	0.01552	0.02066	0.04267	0.64838	0.05062	0.02403	0.01016	0.00323	0.00508	0.06465	0.00725	0.00664
34	0.23585	0.06614	0.05460	0.01438	0.01964	0.04403	0.01234	0.12083	0.13991	0.09525	0.02214	0.02269	0.04217	0.01324	0.06118	0.00325	0.00850	0.00693	0.00626	0.01065
35	0.01933	0.03155	0.36954	0.07272	0.13635	0.04718	0.05915	0.11962	0.02037	0.02849	0.01508	0.01801	0.01113	0.00777	0.00776	0.00246	0.01101	0.00649	0.00422	0.01177
36	0.14874	0.01524	0.11269	0.04207	0.01885	0.01228	0.01274	0.01866	0.01755	0.04998	0.14479	0.07954	0.13973	0.01468	0.00914	0.00279	0.03405	0.11173	0.00633	0.00842
37	0.05364	0.01967	0.08749	0.05588	0.03256	0.01741	0.34467	0.02300	0.01719	0.02549	0.01657	0.03865	0.01329	0.00795	0.00934	0.00247	0.05784	0.00819	0.07262	0.09609
38	0.01773	0.13241	0.02357	0.12647	0.02491	0.04127	0.03291	0.07588	0.01780	0.02422	0.06144	0.09859	0.02035	0.01146	0.01138	0.00252	0.15631	0.00862	0.04122	0.07094

[dist]
# distance from previous block
# <min> <max>
2	8

[block]
# block no. 3 follows, 24 sequences, length 8
# corresponding to MSA columns:
# 502-509
name=unknown_D
#
# <colnr> <probs for GDERKNQSTAVLIFYWHMCP>
#	G	D	E	R	K	N	Q	S	T	A	V	L	I	F	Y	W	H	M	C	P
0	0.06332	0.02337	0.11778	0.02042	0.08659	0.11369	0.01655	0.10209	0.09517	0.13903	0.01912	0.01999	0.01409	0.00887	0.00873	0.00237	0.05865	0.00663	0.00590	0.07761
1	0.01791	0.05880	0.03307	0.05185	0.03028	0.05144	0.28434	0.02211	0.01624	0.02224	0.01546	0.05381	0.01369	0.01217	0.04618	0.00323	0.20246	0.00846	0.00403	0.05223
2	0.01928	0.03632	0.05905	0.01716	0.02218	0.01650	0.07540	0.11478	0.01954	0.07355	0.02224	0.08552	0.04658	0.01125	0.01100	0.00243	0.12960	0.03303	0.00561	0.19899
3	0.09160	0.01927	0.05115	0.01654	0.02252	0.03695	0.05774	0.29161	0.04178	0.10942	0.02372	0.02401	0.05949	0.00952	0.00754	0.00232	0.00800	0.00758	0.05336	0.06588
4	0.06409	0.12019	0.25933	0.02072	0.02781	0.22662	0.06350	0.02634	0.01797	0.02264	0.01284	0.01565	0.01020	0.00813	0.00872	0.00236	0.07326	0.00568	0.00372	0.01024
5	0.01358	0.00779	0.01096	0.04904	0.01336	0.00772	0.00779	0.01254	0.01241	0.01761	0.01923	0.11617	0.01939	0.02259	0.02236	0.48621	0.00635	0.00890	0.09448	0.05151
6	0.07151	0.21958	0.37484	0.02018	0.04965	0.02145	0.05575	0.02414	0.01676	0.02448	0.04332	0.01769	0.01315	0.00766	0.00688	0.00229	0.01010	0.00593	0.00377	0.01086
7	0.08447	0.01839	0.07753	0.02516	0.07605	0.01601	0.30666	0.02265	0.01745	0.05911	0.02167	0.16043	0.02016	0.01062	0.00864	0.00265	0.00985	0.01086	0.00505	0.04661

[dist]
# distance from previous block
# <min> <max>
0	4

[block]
# block no. 4 follows, 24 sequences, length 27
# corresponding to MSA columns:
# 514-540
name=unknown_E
#
# <colnr> <probs for GDERKNQSTAVLIFYWHMCP>
#	G	D	E	R	K	N	Q	S	T	A	V	L	I	F	Y	W	H	M	C	P
0	0.01038	0.00807	0.00943	0.00909	0.01133	0.00712	0.00682	0.01333	0.02046	0.02708	0.40050	0.06700	0.34493	0.01797	0.00936	0.00258	0.00387	0.01543	0.00811	0.00712
1	0.02105	0.02462	0.05612	0.02184	0.07625	0.27175	0.10438	0.04220	0.02009	0.02367	0.08075	0.08296	0.04672	0.01089	0.00912	0.00243	0.05048	0.00897	0.03637	0.00933
2	0.01730	0.01118	0.01276	0.01127	0.01314	0.01159	0.00772	0.14407	0.01779	0.07633	0.02409	0.04209	0.02448	0.48450	0.06334	0.00642	0.00850	0.01019	0.00583	0.00741
3	0.01122	0.00811	0.01060	0.00998	0.01185	0.00748	0.00748	0.01496	0.02245	0.03180	0.66766	0.05923	0.07482	0.01621	0.00935	0.00249	0.00374	0.01434	0.00873	0.00748
4	0.01923	0.01844	0.03147	0.10407	0.61953	0.01874	0.02414	0.02399	0.01787	0.02543	0.01485	0.01975	0.01239	0.00714	0.00786	0.00238	0.00952	0.00706	0.00389	0.01224
5	0.05607	0.39490	0.20178	0.01924	0.05783	0.02539	0.07118	0.02496	0.04136	0.02261	0.01329	0.01548	0.01089	0.00716	0.00632	0.00209	0.00957	0.00541	0.00371	0.01075
6	0.01861	0.02106	0.04497	0.03240	0.03977	0.02040	0.59229	0.02489	0.01818	0.02489	0.01559	0.02106	0.01190	0.00727	0.01071	0.00274	0.06962	0.00916	0.00397	0.01053
7	0.01872	0.02139	0.04679	0.03342	0.04144	0.02005	0.64305	0.02540	0.01872	0.02540	0.01604	0.02139	0.01203	0.00668	0.00936	0.00267	0.01337	0.00936	0.00401	0.01070
8	0.08376	0.20750	0.14415	0.01926	0.05708	0.01976	0.09969	0.02690	0.01809	0.17231	0.02054	0.02302	0.03691	0.00863	0.00722	0.00234	0.00897	0.02748	0.00535	0.01104
9	0.09502	0.25808	0.13076	0.01428	0.02045	0.01969	0.01412	0.02510	0.05119	0.11925	0.10091	0.02495	0.03969	0.01180	0.04070	0.00274	0.00831	0.00714	0.00554	0.01028
10	0.01028	0.00839	0.00915	0.00911	0.01151	0.00748	0.00677	0.01359	0.05042	0.02398	0.19228	0.13075	0.45960	0.01929	0.00937	0.00269	0.00413	0.01642	0.00767	0.00712
11	0.01459	0.01574	0.07238	0.01310	0.01680	0.08157	0.01124	0.03785	0.09934	0.02496	0.10143	0.08339	0.28394	0.01636	0.00901	0.00273	0.00664	0.09359	0.00687	0.00847
12	0.04925	0.22256	0.11019	0.04376	0.05481	0.01962	0.01545	0.03102	0.07076	0.27506	0.02126	0.02076	0.01502	0.00844	0.00699	0.00226	0.00810	0.00652	0.00632	0.01186
13	0.01986	0.01945	0.02869	0.17417	0.44036	0.07323	0.02222	0.04579	0.05211	0.02544	0.01558	0.02000	0.01261	0.00760	0.00782	0.00241	0.00986	0.00700	0.00421	0.01157
14	0.00993	0.00709	0.00950	0.01134	0.01192	0.00667	0.00782	0.01150	0.01544	0.02054	0.04356	0.66302	0.05187	0.02459	0.01019	0.00326	0.00483	0.07305	0.00736	0.00651
15	0.01916	0.10518	0.09444	0.08043	0.06320	0.08733	0.19274	0.02353	0.01647	0.02183	0.01311	0.01800	0.01090	0.00907	0.01299	0.00269	0.20825	0.00703	0.00369	0.00995
16	0.02340	0.04669	0.14443	0.01689	0.04853	0.01509	0.01512	0.03084	0.12511	0.25855	0.04705	0.05974	0.02105	0.01037	0.00844	0.00250	0.03480	0.00840	0.07143	0.01158
17	0.01590	0.04102	0.68023	0.02260	0.03432	0.01842	0.02930	0.02511	0.01674	0.02511	0.01423	0.01674	0.01005	0.00753	0.00753	0.00251	0.01172	0.00586	0.00335	0.01172
18	0.05379	0.01014	0.01430	0.01293	0.01534	0.01099	0.06005	0.04273	0.01532	0.02418	0.02158	0.02907	0.01874	0.05570	0.36225	0.00780	0.01404	0.00807	0.21524	0.00774
19	0.01300	0.01216	0.04058	0.14998	0.05701	0.01168	0.09434	0.01638	0.01642	0.02220	0.10707	0.27003	0.03554	0.10179	0.01300	0.00343	0.00765	0.01413	0.00573	0.00786
20	0.02646	0.11876	0.09419	0.04984	0.02457	0.09345	0.01542	0.21135	0.02510	0.18032	0.06675	0.02227	0.01806	0.00927	0.00753	0.00230	0.00890	0.00710	0.00667	0.01171
21	0.01134	0.00891	0.01172	0.01202	0.01367	0.00866	0.03250	0.01572	0.09048	0.02356	0.12629	0.45372	0.11920	0.02087	0.00967	0.00298	0.00496	0.01876	0.00749	0.00747
22	0.01663	0.03610	0.52399	0.02584	0.06013	0.01877	0.15653	0.02514	0.01720	0.02520	0.01463	0.01782	0.01055	0.00734	0.00792	0.00254	0.01197	0.00663	0.00351	0.01154
23	0.01776	0.02959	0.34164	0.08649	0.06408	0.01869	0.24965	0.02529	0.01767	0.05042	0.01557	0.01933	0.01129	0.00733	0.00826	0.00257	0.01193	0.00736	0.00388	0.01120
24	0.04578	0.14495	0.48033	0.02090	0.03088	0.02005	0.06748	0.02439	0.01691	0.02482	0.04314	0.01820	0.01306	0.00774	0.00726	0.00239	0.01075	0.00617	0.00370	0.01110
25	0.01030	0.00835	0.00925	0.00965	0.01190	0.00751	0.00727	0.01335	0.04655	0.02239	0.09194	0.18655	0.44677	0.02052	0.00960	0.00286	0.00453	0.07627	0.00744	0.00701
26	0.02013	0.01687	0.05205	0.07289	0.04631	0.03505	0.04240	0.18764	0.08511	0.05891	0.05204	0.07683	0.04269	0.01244	0.00843	0.00265	0.00789	0.09821	0.07110	0.01038

[dist]
# distance from previous block
# <min> <max>
0	2

[block]
# block no. 5 follows, 24 sequences, length 9
# corresponding to MSA columns:
# 543-551
name=unknown_F
#
# <colnr> <probs for GDERKNQSTAVLIFYWHMCP>
#	G	D	E	R	K	N	Q	S	T	A	V	L	I	F	Y	W	H	M	C	P
0	0.43657	0.05506	0.07581	0.08422	0.02415	0.04784	0.05732	0.05879	0.01663	0.06020	0.01337	0.01567	0.01007	0.00762	0.00616	0.00243	0.00821	0.00542	0.00484	0.00962
1	0.01120	0.00855	0.01026	0.01106	0.01242	0.00841	0.00769	0.01553	0.10163	0.02251	0.08570	0.44516	0.13352	0.07298	0.01192	0.00336	0.00492	0.01859	0.00736	0.00724
2	0.01667	0.03603	0.52521	0.02654	0.09028	0.01871	0.12507	0.02509	0.01716	0.02523	0.01457	0.01772	0.01057	0.00736	0.00785	0.00252	0.01178	0.00651	0.00350	0.01163
3	0.01980	0.08318	0.36814	0.02814	0.20962	0.01867	0.02452	0.02648	0.01781	0.10639	0.01631	0.01853	0.01196	0.00763	0.00749	0.00240	0.01021	0.00634	0.00432	0.01206
4	0.01969	0.01450	0.01658	0.06341	0.02017	0.07160	0.01216	0.14529	0.02018	0.08671	0.02186	0.03002	0.01865	0.02838	0.24149	0.05462	0.01284	0.05372	0.05906	0.00907
5	0.01196	0.00901	0.01164	0.01223	0.01303	0.00955	0.00863	0.05249	0.01581	0.02143	0.03597	0.50304	0.04197	0.09831	0.04811	0.00413	0.07086	0.01826	0.00661	0.00696
6	0.08900	0.10442	0.01974	0.06589	0.02133	0.04325	0.01202	0.10861	0.17807	0.02927	0.02817	0.08613	0.08834	0.01122	0.00745	0.00238	0.00707	0.00901	0.00623	0.08242
7	0.13019	0.01980	0.08100	0.01959	0.09912	0.01873	0.01500	0.23599	0.09239	0.03571	0.01988	0.07706	0.01657	0.00973	0.00742	0.00237	0.00778	0.00781	0.00620	0.09765
8	0.09167	0.01464	0.01558	0.01378	0.01797	0.03998	0.01091	0.06206	0.23141	0.16515	0.03205	0.06302	0.06775	0.01387	0.03734	0.00302	0.00705	0.03704	0.06496	0.01075

[dist]
# distance from previous block
# <min> <max>
5	10

[block]
# block no. 6 follows, 24 sequences, length 67
# corresponding to MSA columns:
# 562-628
name=unknown_G
#
# <colnr> <probs for GDERKNQSTAVLIFYWHMCP>
#	G	D	E	R	K	N	Q	S	T	A	V	L	I	F	Y	W	H	M	C	P
0	0.02126	0.14623	0.09262	0.04949	0.09404	0.10764	0.10135	0.10830	0.05372	0.02655	0.01779	0.02021	0.03844	0.00848	0.00825	0.00229	0.04133	0.00688	0.00470	0.05044
1	0.01046	0.00805	0.00932	0.00900	0.01125	0.00711	0.00675	0.01340	0.02026	0.02692	0.37715	0.06633	0.34879	0.01781	0.00925	0.00256	0.00387	0.01526	0.02933	0.00711
2	0.01723	0.01456	0.01686	0.01212	0.01912	0.01137	0.00972	0.05580	0.01764	0.02722	0.01438	0.01659	0.01185	0.00608	0.00599	0.00124	0.00604	0.00484	0.00488	0.72645
3	0.04491	0.10929	0.31275	0.02391	0.12348	0.01875	0.07075	0.02488	0.04566	0.05568	0.01817	0.02072	0.03754	0.00913	0.00873	0.04378	0.00989	0.00679	0.00423	0.01095
4	0.01577	0.03841	0.61723	0.02238	0.03341	0.01790	0.05416	0.02458	0.01713	0.02549	0.04956	0.01923	0.01362	0.00797	0.00771	0.00252	0.01136	0.00647	0.00367	0.01145
5	0.01055	0.00802	0.00970	0.00941	0.01147	0.00717	0.00701	0.01361	0.02066	0.02786	0.44629	0.10013	0.26339	0.01791	0.00940	0.00259	0.00388	0.01555	0.00822	0.00717
6	0.00987	0.00702	0.00924	0.01083	0.01134	0.00658	0.00720	0.01128	0.01534	0.02056	0.07617	0.63822	0.05214	0.06892	0.01201	0.00347	0.00475	0.02140	0.00727	0.00639
7	0.02019	0.19607	0.10526	0.01676	0.02186	0.13812	0.01525	0.06123	0.10631	0.02357	0.02044	0.02258	0.05541	0.01475	0.07872	0.00340	0.07839	0.00690	0.00476	0.01003
8	0.02966	0.01652	0.01954	0.01533	0.02093	0.01669	0.01252	0.30176	0.02861	0.31050	0.06871	0.05747	0.04254	0.01108	0.00818	0.00246	0.00724	0.00893	0.00873	0.01258
9	0.02030	0.51742	0.16637	0.01610	0.02334	0.05806	0.01699	0.02410	0.01629	0.02000	0.01168	0.01386	0.01017	0.00741	0.00690	0.00198	0.05050	0.00476	0.00342	0.01035
10	0.01628	0.00883	0.00899	0.00845	0.01073	0.00906	0.00647	0.07944	0.01864	0.03155	0.02520	0.02854	0.01966	0.00927	0.00578	0.00190	0.00418	0.00737	0.69168	0.00798
11	0.01726	0.01407	0.01653	0.01185	0.01885	0.01062	0.00949	0.02076	0.01671	0.05348	0.01482	0.01689	0.01208	0.00604	0.00596	0.00123	0.00591	0.00484	0.00492	0.73770
12	0.01177	0.04085	0.01404	0.01278	0.01444	0.01088	0.01008	0.01459	0.01290	0.01842	0.02078	0.03032	0.01939	0.05710	0.65901	0.01225	0.02067	0.00830	0.00421	0.00722
13	0.01720	0.01466	0.01682	0.01243	0.01916	0.01201	0.00992	0.04009	0.09027	0.02736	0.01631	0.01802	0.01322	0.00653	0.00618	0.00138	0.00600	0.00525	0.00517	0.66200
14	0.04164	0.23701	0.47549	0.01962	0.02970	0.02212	0.02412	0.02466	0.01646	0.02359	0.01321	0.01546	0.01004	0.00731	0.00675	0.00228	0.01061	0.00534	0.00341	0.01118
15	0.01119	0.00729	0.00974	0.01122	0.01202	0.00675	0.00761	0.01267	0.01562	0.05893	0.04297	0.67557	0.05052	0.02396	0.01000	0.00318	0.00473	0.02169	0.00751	0.00686
16	0.01999	0.01887	0.03165	0.04399	0.55575	0.01901	0.06268	0.06034	0.03954	0.02742	0.01652	0.02194	0.01386	0.00771	0.00804	0.00242	0.00948	0.02405	0.00438	0.01235
17	0.02316	0.22909	0.17670	0.01590	0.02282	0.01925	0.01614	0.06650	0.01945	0.20636	0.02221	0.08669	0.01834	0.01026	0.00734	0.00236	0.00835	0.03189	0.00599	0.01121
18	0.02764	0.06456	0.02249	0.01636	0.02199	0.02174	0.01349	0.47119	0.03155	0.09440	0.02026	0.02203	0.01517	0.05155	0.02868	0.00291	0.00859	0.00732	0.04582	0.01229
19	0.00964	0.00697	0.00913	0.01086	0.01146	0.00646	0.00728	0.01106	0.01535	0.02031	0.04586	0.67847	0.08872	0.02456	0.01008	0.00319	0.00457	0.02220	0.00736	0.00646
20	0.00980	0.00840	0.00897	0.00897	0.01130	0.00756	0.00673	0.01174	0.01750	0.02119	0.07327	0.13488	0.57607	0.02023	0.01029	0.00277	0.03962	0.01680	0.00717	0.00677
21	0.01835	0.02064	0.08537	0.05800	0.08133	0.01998	0.29194	0.04948	0.08035	0.02532	0.01691	0.02243	0.01367	0.04474	0.01331	0.00302	0.13189	0.00837	0.00443	0.01048
22	0.02983	0.02024	0.16121	0.01635	0.02358	0.01453	0.01574	0.07479	0.06883	0.44962	0.02690	0.02447	0.01751	0.00937	0.00788	0.00248	0.00791	0.00754	0.00817	0.01304
23	0.01153	0.00769	0.00865	0.00865	0.00865	0.00769	0.00480	0.01153	0.01153	0.01538	0.02499	0.05189	0.02883	0.72131	0.04036	0.00769	0.00769	0.01153	0.00480	0.00480
24	0.01796	0.01905	0.03024	0.02493	0.05312	0.06341	0.21981	0.02156	0.01585	0.02181	0.01830	0.02579	0.05160	0.01169	0.01691	0.00304	0.33139	0.04008	0.00413	0.00933
25	0.06330	0.02184	0.02248	0.01759	0.02355	0.06217	0.01442	0.52430	0.03364	0.08236	0.01906	0.01937	0.01365	0.01112	0.03182	0.00273	0.00927	0.00699	0.00755	0.01279
26	0.01041	0.00790	0.01140	0.01239	0.01346	0.00740	0.03998	0.01231	0.01579	0.02090	0.04379	0.59079	0.07752	0.02342	0.01013	0.00321	0.00528	0.07996	0.00719	0.00675
27	0.02821	0.05222	0.02365	0.01772	0.02374	0.02380	0.01473	0.54764	0.07505	0.04619	0.02069	0.02300	0.01565	0.01010	0.00797	0.00243	0.00849	0.03805	0.00771	0.01297
28	0.01672	0.14388	0.51063	0.02141	0.03164	0.02002	0.06118	0.02447	0.01684	0.02406	0.01529	0.02018	0.01204	0.00812	0.00744	0.00245	0.01108	0.03776	0.00360	0.01119
29	0.01823	0.01681	0.02710	0.24501	0.30700	0.01810	0.05327	0.07235	0.05128	0.02610	0.02001	0.02583	0.04512	0.00884	0.00815	0.00254	0.00944	0.02932	0.00462	0.01090
30	0.01221	0.00986	0.01300	0.01290	0.01437	0.04230	0.00990	0.01486	0.01315	0.01830	0.02101	0.03143	0.01983	0.09152	0.62338	0.01197	0.02020	0.00849	0.00427	0.00706
31	0.05901	0.01945	0.03513	0.12188	0.07785	0.02017	0.34044	0.08934	0.07004	0.02810	0.01676	0.02101	0.01272	0.00787	0.00938	0.00265	0.04448	0.00825	0.00468	0.01078
32	0.09117	0.08551	0.06407	0.03758	0.05850	0.02110	0.10158	0.26313	0.05545	0.06903	0.01941	0.06368	0.01555	0.00946	0.00772	0.00245	0.00888	0.00796	0.00619	0.01160
33	0.03471	0.01466	0.02483	0.62413	0.08527	0.01778	0.04641	0.02075	0.01602	0.02115	0.01414	0.02086	0.01068	0.00782	0.00790	0.00262	0.01051	0.00707	0.00360	0.00907
34	0.01003	0.00748	0.01071	0.01194	0.01271	0.00699	0.03294	0.01162	0.01532	0.02045	0.04259	0.68819	0.05082	0.02411	0.01009	0.00320	0.00495	0.02201	0.00723	0.00661
35	0.01973	0.05150	0.12811	0.06869	0.07555	0.04316	0.39986	0.02601	0.01853	0.06631	0.01626	0.02040	0.01206	0.00715	0.00860	0.00256	0.01217	0.00817	0.00424	0.01094
36	0.06267	0.03959	0.02024	0.05287	0.04862	0.09571	0.01357	0.23982	0.17379	0.03508	0.02473	0.02505	0.05749	0.00994	0.00755	0.00239	0.00809	0.00773	0.06382	0.01126
37	0.01159	0.00778	0.00999	0.01052	0.01201	0.00708	0.00747	0.01383	0.01807	0.06237	0.22509	0.40486	0.13781	0.02088	0.00968	0.00290	0.00441	0.01859	0.00789	0.00719
38	0.01767	0.02132	0.11324	0.10449	0.10854	0.01917	0.29261	0.02518	0.07884	0.02488	0.01777	0.05055	0.01445	0.00870	0.01003	0.00270	0.06611	0.00875	0.00436	0.01066
39	0.02004	0.16275	0.25925	0.02182	0.06190	0.07430	0.08752	0.09469	0.06055	0.02656	0.01671	0.04891	0.01362	0.00853	0.00745	0.00236	0.01036	0.00702	0.00451	0.01117
40	0.01751	0.01934	0.05878	0.32058	0.10750	0.04907	0.23224	0.02306	0.01720	0.02266	0.01458	0.02041	0.01122	0.00770	0.00922	0.00263	0.04492	0.00769	0.00374	0.00995
41	0.00983	0.00702	0.00939	0.01123	0.01177	0.00659	0.00765	0.01133	0.01535	0.02043	0.04361	0.68233	0.05208	0.02469	0.01017	0.00324	0.00475	0.05469	0.00736	0.00649
42	0.09626	0.05909	0.07373	0.02733	0.06368	0.04842	0.38908	0.02390	0.01771	0.02532	0.01765	0.08761	0.01538	0.00868	0.00847	0.00260	0.01126	0.00936	0.00436	0.01011
43	0.32551	0.08737	0.05786	0.13219	0.10263	0.04573	0.07739	0.02413	0.03378	0.02805	0.01330	0.01657	0.01045	0.00743	0.00652	0.00242	0.00880	0.00581	0.00431	0.00975
44	0.01543	0.01324	0.01406	0.01402	0.01669	0.04815	0.01061	0.02630	0.29538	0.02630	0.03874	0.27397	0.06832	0.01726	0.00914	0.00295	0.00613	0.08647	0.00749	0.00936
45	0.02120	0.72609	0.04155	0.01357	0.02035	0.03138	0.01357	0.02374	0.01611	0.01866	0.01102	0.01272	0.01018	0.00678	0.00509	0.00170	0.00848	0.00424	0.00339	0.01018
46	0.01508	0.01406	0.02361	0.63515	0.08215	0.01723	0.02165	0.02026	0.01609	0.02071	0.01559	0.02463	0.01249	0.00862	0.00808	0.00268	0.01035	0.03892	0.00374	0.00891
47	0.01691	0.01588	0.01307	0.01236	0.01372	0.18183	0.00854	0.01818	0.01512	0.01876	0.02086	0.03623	0.02142	0.36760	0.05726	0.00543	0.04951	0.00891	0.11179	0.00661
48	0.05321	0.00781	0.00766	0.00760	0.00952	0.00793	0.00567	0.01843	0.01625	0.02927	0.02508	0.02967	0.02009	0.03936	0.00699	0.00213	0.00399	0.00741	0.69461	0.00734
49	0.73792	0.05238	0.01321	0.01059	0.01560	0.01850	0.00885	0.02333	0.01363	0.03470	0.01104	0.01287	0.00867	0.00733	0.00492	0.00241	0.00626	0.00429	0.00483	0.00867
50	0.01377	0.00689	0.01033	0.01033	0.01033	0.00689	0.00689	0.01033	0.01033	0.01377	0.01377	0.02410	0.01377	0.02755	0.03099	0.76928	0.00689	0.00689	0.00344	0.00344
51	0.05171	0.01790	0.01698	0.01394	0.01871	0.09828	0.01107	0.22121	0.05243	0.03420	0.01936	0.02123	0.01497	0.00993	0.02543	0.00227	0.00771	0.00650	0.20118	0.15500
52	0.02205	0.02144	0.19074	0.01568	0.02355	0.01392	0.01557	0.05177	0.05141	0.19863	0.01977	0.02007	0.01408	0.00773	0.00705	0.00198	0.00776	0.00618	0.00599	0.30464
53	0.02090	0.31090	0.24895	0.01833	0.02623	0.08690	0.04383	0.02666	0.04559	0.06391	0.01462	0.01632	0.01144	0.00771	0.00711	0.00218	0.02786	0.00558	0.00409	0.01089
54	0.02075	0.66832	0.09541	0.01433	0.02153	0.03028	0.01489	0.02386	0.01617	0.01920	0.01129	0.01306	0.01017	0.00685	0.00529	0.00176	0.00875	0.00438	0.00339	0.01031
55	0.01735	0.01735	0.02429	0.02082	0.02082	0.02429	0.01735	0.01908	0.01214	0.01908	0.01041	0.01735	0.01041	0.01388	0.02602	0.00347	0.70680	0.00694	0.00347	0.00867
56	0.01354	0.01620	0.11562	0.01997	0.05187	0.01270	0.16241	0.01740	0.01608	0.02214	0.02943	0.36084	0.03223	0.05014	0.01154	0.00317	0.03548	0.01520	0.00556	0.00849
57	0.04559	0.01375	0.02192	0.44412	0.04113	0.01634	0.05165	0.02061	0.01643	0.05179	0.05232	0.02575	0.04392	0.00944	0.00928	0.00264	0.06349	0.00793	0.05304	0.00885
58	0.01152	0.00772	0.00879	0.00879	0.00884	0.00777	0.00499	0.01162	0.01157	0.01548	0.02485	0.05116	0.02851	0.69795	0.06329	0.00787	0.00817	0.01142	0.00479	0.00489
59	0.01664	0.01864	0.06408	0.02694	0.04857	0.01719	0.39820	0.02285	0.05199	0.02440	0.02253	0.17178	0.02128	0.01123	0.01013	0.00282	0.04408	0.01186	0.00490	0.00987
60	0.01449	0.01118	0.01395	0.01309	0.01407	0.01274	0.00972	0.07589	0.01587	0.02178	0.05428	0.11157	0.03010	0.32085	0.02623	0.00514	0.14833	0.08808	0.00558	0.00703
61	0.01620	0.01383	0.01463	0.01342	0.01719	0.01514	0.01035	0.03148	0.42958	0.02992	0.10299	0.04471	0.20017	0.01374	0.00853	0.00267	0.00544	0.01152	0.00794	0.01053
62	0.01222	0.00947	0.03701	0.01139	0.01351	0.00805	0.00909	0.01564	0.02023	0.05357	0.41406	0.19715	0.06206	0.01809	0.00957	0.00278	0.00476	0.08560	0.00811	0.00765
63	0.11544	0.05143	0.02211	0.01644	0.02229	0.02296	0.01360	0.50371	0.03207	0.04517	0.01819	0.01936	0.01346	0.02867	0.00825	0.00248	0.00819	0.00681	0.03708	0.01229
64	0.01746	0.01875	0.03876	0.06462	0.03703	0.01803	0.48299	0.02411	0.04406	0.02502	0.02086	0.06096	0.01818	0.00951	0.00945	0.00281	0.01183	0.08080	0.00468	0.01008
65	0.01133	0.00850	0.01274	0.01274	0.01416	0.00991	0.00991	0.01416	0.01274	0.01841	0.02124	0.03115	0.01982	0.05947	0.68989	0.01274	0.02124	0.00850	0.00425	0.00708
66	0.02063	0.01732	0.01888	0.07171	0.02342	0.03621	0.01295	0.14335	0.32237	0.03316	0.02396	0.02395	0.01813	0.00919	0.00747	0.00228	0.00710	0.00746	0.03667	0.16380

[dist]
# distance from previous block
# <min> <max>
3	4

[block]
# block no. 7 follows, 24 sequences, length 77
# corresponding to MSA columns:
# 633-709
name=unknown_H
#
# <colnr> <probs for GDERKNQSTAVLIFYWHMCP>
#	G	D	E	R	K	N	Q	S	T	A	V	L	I	F	Y	W	H	M	C	P
0	0.01762	0.01462	0.02030	0.19194	0.06002	0.01397	0.03654	0.04643	0.01745	0.05358	0.01568	0.01929	0.01234	0.00723	0.00739	0.00187	0.02873	0.00604	0.04651	0.38246
1	0.02638	0.06610	0.02357	0.04409	0.07787	0.51911	0.01583	0.02872	0.02081	0.01997	0.01414	0.05362	0.01275	0.00913	0.00798	0.00219	0.03791	0.00632	0.00418	0.00934
2	0.01736	0.01699	0.02365	0.05288	0.02290	0.04688	0.05371	0.04631	0.01430	0.02076	0.01313	0.01998	0.01217	0.02017	0.13063	0.00479	0.46348	0.00728	0.00385	0.00877
3	0.01515	0.01427	0.02410	0.67744	0.07805	0.01766	0.02211	0.02042	0.01594	0.02048	0.01413	0.02108	0.01065	0.00790	0.00793	0.00263	0.01053	0.00705	0.00354	0.00895
4	0.14246	0.01738	0.07541	0.01503	0.02095	0.01557	0.01328	0.11592	0.04291	0.35633	0.05474	0.02408	0.01867	0.00973	0.00837	0.00250	0.03933	0.00741	0.00786	0.01206
5	0.00966	0.00690	0.00920	0.01104	0.01150	0.00644	0.00736	0.01104	0.01518	0.02024	0.04371	0.71614	0.05245	0.02484	0.01012	0.00322	0.00460	0.02254	0.00736	0.00644
6	0.01350	0.00863	0.01140	0.04081	0.04196	0.00937	0.00884	0.01686	0.01494	0.02407	0.02297	0.02996	0.01957	0.04680	0.28876	0.00654	0.01156	0.00792	0.36806	0.00749
7	0.01262	0.00944	0.01223	0.01344	0.01542	0.00947	0.01115	0.01759	0.07896	0.02422	0.06775	0.16503	0.10927	0.02084	0.01035	0.00336	0.00638	0.39741	0.00744	0.00763
8	0.02101	0.69162	0.04071	0.01392	0.02038	0.03103	0.01375	0.02352	0.01592	0.01868	0.01099	0.01295	0.01019	0.00713	0.00611	0.00178	0.04244	0.00437	0.00340	0.01010
9	0.01245	0.00896	0.01235	0.01402	0.01583	0.00886	0.01209	0.01594	0.01825	0.02373	0.06272	0.11326	0.07539	0.02177	0.01080	0.00355	0.00693	0.54851	0.00735	0.00724
10	0.00972	0.00695	0.00925	0.01100	0.01151	0.00648	0.00737	0.01119	0.01546	0.02069	0.06762	0.69096	0.05331	0.02451	0.01009	0.00319	0.00457	0.02223	0.00741	0.00648
11	0.01852	0.01954	0.03847	0.02841	0.03451	0.01972	0.45005	0.06702	0.01901	0.02614	0.03916	0.06439	0.01650	0.00933	0.01166	0.00279	0.11012	0.00983	0.00458	0.01024
12	0.01498	0.01409	0.02378	0.70226	0.05462	0.01762	0.02202	0.02026	0.01586	0.02026	0.01409	0.02114	0.01057	0.00793	0.00793	0.00264	0.01057	0.00705	0.00352	0.00881
13	0.01103	0.00868	0.01293	0.03549	0.01544	0.00825	0.05641	0.01350	0.01703	0.02285	0.15428	0.42913	0.08643	0.04032	0.01070	0.00315	0.00553	0.05465	0.00715	0.00705
14	0.01095	0.00749	0.00901	0.00957	0.00977	0.00741	0.00582	0.01150	0.01270	0.01700	0.03052	0.25347	0.03562	0.47858	0.06096	0.00656	0.00737	0.01475	0.00556	0.00541
15	0.01617	0.01380	0.01615	0.01172	0.01850	0.01040	0.00931	0.01961	0.01639	0.02561	0.01529	0.04473	0.01339	0.00664	0.00604	0.00126	0.00582	0.00542	0.00481	0.73894
16	0.08639	0.16503	0.16341	0.01982	0.02470	0.02358	0.06942	0.02216	0.01455	0.02224	0.01184	0.01622	0.01026	0.00997	0.01474	0.00276	0.30342	0.00613	0.00360	0.00976
17	0.01566	0.01453	0.02357	0.26054	0.29313	0.01557	0.01934	0.01999	0.01707	0.02281	0.02691	0.03319	0.12142	0.01262	0.04008	0.00305	0.00938	0.03678	0.00452	0.00983
18	0.02402	0.01825	0.01978	0.01633	0.02161	0.02013	0.01308	0.27073	0.32464	0.07466	0.05721	0.02624	0.02174	0.01027	0.00797	0.00248	0.00710	0.00828	0.00799	0.04748
19	0.01675	0.01611	0.02443	0.51129	0.14212	0.04719	0.02119	0.02340	0.07627	0.02227	0.01583	0.02141	0.01212	0.00807	0.00790	0.00258	0.01016	0.00714	0.00403	0.00973
20	0.01964	0.01915	0.08262	0.02633	0.05943	0.01674	0.34743	0.02483	0.01828	0.12262	0.02211	0.12773	0.01915	0.01036	0.00987	0.00274	0.04446	0.01068	0.00532	0.01053
