[name]
unknown

[dist]
# distance from previous block
# <min> <max>
9	29

[block]
# block no. 0 follows, 24 sequences, length 12
# corresponding to MSA columns:
# 37-48
name=unknown_A
#
# <colnr> <probs for GDERKNQSTAVLIFYWHMCP>
#	G	D	E	R	K	N	Q	S	T	A	V	L	I	F	Y	W	H	M	C	P
0	0.09770	0.01259	0.03069	0.03435	0.01602	0.01263	0.00960	0.10047	0.01944	0.04760	0.08304	0.02877	0.04851	0.01011	0.00767	0.00217	0.04480	0.00780	0.31891	0.06713
1	0.07388	0.01127	0.01293	0.06431	0.01718	0.01131	0.00937	0.10076	0.02045	0.07783	0.12809	0.11540	0.25839	0.05128	0.01025	0.00288	0.00574	0.01306	0.00719	0.00842
2	0.05136	0.01271	0.01575	0.01469	0.04305	0.01295	0.03294	0.13225	0.07073	0.09062	0.12214	0.19598	0.07748	0.04433	0.00992	0.00286	0.00617	0.01279	0.04181	0.00946
3	0.07536	0.01460	0.05793	0.01682	0.06589	0.01344	0.06623	0.10872	0.01956	0.04879	0.10792	0.11757	0.05630	0.12470	0.03785	0.00373	0.00785	0.01101	0.03682	0.00894
4	0.14884	0.02027	0.04383	0.06779	0.02158	0.15335	0.01254	0.14024	0.06472	0.02937	0.01904	0.05356	0.01666	0.10510	0.01153	0.00308	0.00882	0.00760	0.06271	0.00935
5	0.01245	0.00963	0.01165	0.01299	0.05843	0.00938	0.00850	0.04074	0.06670	0.02369	0.07585	0.26095	0.21855	0.09644	0.01256	0.00331	0.00532	0.01568	0.04955	0.00762
6	0.01674	0.06816	0.03029	0.44320	0.13646	0.01922	0.13025	0.02199	0.01668	0.02183	0.01433	0.02036	0.01108	0.00751	0.00796	0.00254	0.01075	0.00725	0.00366	0.00977
7	0.01536	0.01400	0.02203	0.23263	0.03064	0.01696	0.07726	0.03536	0.01504	0.02103	0.01771	0.07311	0.01669	0.08488	0.07352	0.00421	0.19487	0.00891	0.03748	0.00832
8	0.01188	0.00876	0.01238	0.01230	0.01347	0.01013	0.00936	0.01436	0.01311	0.01926	0.02294	0.08216	0.02248	0.10849	0.48436	0.01011	0.05932	0.00960	0.06858	0.00696
9	0.01478	0.00739	0.00739	0.00739	0.00924	0.00739	0.00554	0.01848	0.01663	0.02956	0.02587	0.02956	0.02033	0.00924	0.00554	0.00185	0.00370	0.00739	0.76534	0.00739
10	0.02199	0.02211	0.05929	0.05835	0.23585	0.07959	0.10586	0.15301	0.07119	0.02991	0.01658	0.01979	0.01299	0.00853	0.00955	0.00252	0.06890	0.00731	0.00501	0.01168
11	0.02109	0.01975	0.02872	0.12700	0.37292	0.05812	0.04918	0.11730	0.07474	0.02891	0.01677	0.02036	0.01325	0.00790	0.00792	0.00242	0.00967	0.00723	0.00482	0.01191

[dist]
# distance from previous block
# <min> <max>
0	2

[block]
# block no. 1 follows, 24 sequences, length 16
# corresponding to MSA columns:
# 51-66
name=unknown_B
#
# <colnr> <probs for GDERKNQSTAVLIFYWHMCP>
#	G	D	E	R	K	N	Q	S	T	A	V	L	I	F	Y	W	H	M	C	P
0	0.07677	0.01527	0.01720	0.01308	0.01900	0.01404	0.01042	0.15985	0.02114	0.11344	0.01822	0.02159	0.01459	0.07788	0.00993	0.00234	0.00681	0.00630	0.00609	0.37604
1	0.02015	0.01710	0.02372	0.13907	0.24060	0.01858	0.01786	0.10709	0.19902	0.05354	0.02492	0.02647	0.05770	0.00948	0.00804	0.00252	0.00820	0.00825	0.00596	0.01172
2	0.01959	0.01932	0.02878	0.15827	0.45987	0.07033	0.02226	0.02566	0.07107	0.02502	0.01601	0.02031	0.01300	0.00761	0.00783	0.00241	0.00974	0.00707	0.00421	0.01164
3	0.01051	0.00787	0.00985	0.01088	0.01215	0.00743	0.00772	0.01349	0.04880	0.02291	0.13841	0.45834	0.14618	0.02203	0.00984	0.00303	0.00462	0.05136	0.00759	0.00698
4	0.01653	0.01485	0.02377	0.54220	0.04736	0.01783	0.04829	0.06940	0.05538	0.02321	0.01562	0.02165	0.01184	0.00919	0.00921	0.04295	0.01011	0.00726	0.00415	0.00919
5	0.01068	0.00808	0.00985	0.00941	0.01151	0.00725	0.00706	0.01391	0.02117	0.02876	0.49566	0.06424	0.24872	0.01735	0.00936	0.00255	0.00382	0.01504	0.00833	0.00725
6	0.02529	0.01786	0.02086	0.10314	0.02539	0.02002	0.01437	0.37700	0.02841	0.08771	0.01977	0.02143	0.01442	0.00961	0.00888	0.00241	0.05882	0.00722	0.12580	0.01159
7	0.01792	0.26865	0.38440	0.04208	0.03094	0.02290	0.08223	0.02453	0.01669	0.02282	0.01332	0.01597	0.01030	0.00721	0.00690	0.00226	0.01075	0.00569	0.00343	0.01101
8	0.03183	0.01260	0.01714	0.01357	0.01897	0.01096	0.01102	0.03482	0.02212	0.58027	0.07944	0.08095	0.02618	0.01141	0.00824	0.00251	0.00636	0.00954	0.00955	0.01252
9	0.00984	0.00710	0.00932	0.01077	0.01151	0.00658	0.00732	0.01155	0.01623	0.02175	0.12398	0.60418	0.08340	0.02354	0.00999	0.00310	0.00447	0.02124	0.00753	0.00658
10	0.02844	0.02142	0.02198	0.01753	0.02321	0.07062	0.01420	0.46376	0.09615	0.09090	0.02201	0.05524	0.01673	0.01033	0.00800	0.00243	0.00853	0.00801	0.00778	0.01273
11	0.40456	0.01766	0.01647	0.01361	0.01889	0.01997	0.01116	0.26354	0.06099	0.04066	0.01616	0.01712	0.01202	0.00849	0.00629	0.00241	0.00701	0.00583	0.04651	0.01064
12	0.02335	0.04283	0.02184	0.02018	0.10942	0.01524	0.05982	0.11451	0.06956	0.21675	0.05680	0.16305	0.02625	0.01240	0.00844	0.00259	0.00735	0.01096	0.00739	0.01128
13	0.11185	0.13824	0.38712	0.01904	0.02816	0.05028	0.03732	0.02641	0.01719	0.09338	0.01510	0.01674	0.01095	0.00765	0.00692	0.00236	0.01019	0.00570	0.00427	0.01115
14	0.01412	0.00971	0.01192	0.01217	0.01400	0.00984	0.00877	0.01998	0.14724	0.07128	0.09098	0.37458	0.04306	0.07177	0.01235	0.02480	0.00544	0.04238	0.00750	0.00812
15	0.64509	0.05024	0.06371	0.04788	0.01906	0.01846	0.01108	0.02330	0.01398	0.03320	0.01144	0.01360	0.00888	0.00738	0.00527	0.00243	0.00689	0.00455	0.00465	0.00891

[dist]
# distance from previous block
# <min> <max>
0	1

[block]
# block no. 2 follows, 24 sequences, length 160
# corresponding to MSA columns:
# 68-227
name=unknown_C
#
# <colnr> <probs for GDERKNQSTAVLIFYWHMCP>
#	G	D	E	R	K	N	Q	S	T	A	V	L	I	F	Y	W	H	M	C	P
0	0.02746	0.15218	0.02572	0.01860	0.02307	0.40513	0.01490	0.07245	0.02138	0.07643	0.01392	0.01573	0.01124	0.00874	0.00881	0.00218	0.08191	0.00552	0.00465	0.00997
1	0.01055	0.00808	0.00967	0.00927	0.01144	0.00720	0.00695	0.01367	0.02086	0.02804	0.45482	0.06542	0.29001	0.01761	0.00936	0.00256	0.00384	0.01521	0.00823	0.00720
2	0.01757	0.01696	0.02905	0.26287	0.34148	0.01810	0.08262	0.02350	0.05168	0.02417	0.01835	0.02315	0.03921	0.00805	0.00810	0.00251	0.00980	0.00778	0.00416	0.01088
3	0.01023	0.00807	0.00922	0.00893	0.01124	0.00706	0.00670	0.01304	0.02010	0.02622	0.35195	0.06842	0.39402	0.01829	0.00936	0.00259	0.00389	0.01563	0.00800	0.00706
4	0.01856	0.02108	0.04583	0.06144	0.04200	0.01995	0.61704	0.02519	0.01860	0.02519	0.01596	0.02138	0.01197	0.00674	0.00930	0.00267	0.01325	0.00926	0.00399	0.01062
5	0.77733	0.01534	0.01166	0.01043	0.01534	0.01779	0.00859	0.02331	0.01350	0.03558	0.01104	0.01288	0.00859	0.00736	0.00491	0.00245	0.00613	0.00429	0.00491	0.00859
6	0.01377	0.00689	0.01033	0.01033	0.01033	0.00689	0.00689	0.01033	0.01033	0.01377	0.01377	0.02410	0.01377	0.02755	0.03099	0.76928	0.00689	0.00689	0.00344	0.00344
7	0.01122	0.00811	0.01060	0.00998	0.01185	0.00748	0.00748	0.01496	0.02245	0.03180	0.66766	0.05923	0.07482	0.01621	0.00935	0.00249	0.00374	0.01434	0.00873	0.00748
8	0.01498	0.01409	0.02378	0.70226	0.05462	0.01762	0.02202	0.02026	0.01586	0.02026	0.01409	0.02114	0.01057	0.00793	0.00793	0.00264	0.01057	0.00705	0.00352	0.00881
9	0.03014	0.02221	0.02380	0.01825	0.02459	0.02459	0.01507	0.64541	0.03728	0.04998	0.01904	0.01904	0.01349	0.00952	0.00793	0.00238	0.00873	0.00714	0.00793	0.01349
10	0.01115	0.00812	0.01059	0.01002	0.01190	0.00756	0.00753	0.01479	0.02185	0.03081	0.61649	0.05869	0.09586	0.01824	0.03884	0.00295	0.00451	0.01418	0.00848	0.00743
11	0.01498	0.01409	0.02378	0.70226	0.05462	0.01762	0.02202	0.02026	0.01586	0.02026	0.01409	0.02114	0.01057	0.00793	0.00793	0.00264	0.01057	0.00705	0.00352	0.00881
12	0.02473	0.01717	0.02008	0.01525	0.02129	0.01694	0.01250	0.24652	0.02460	0.14668	0.01852	0.01927	0.01362	0.00854	0.00870	0.00202	0.06704	0.00633	0.00663	0.30356
13	0.01872	0.02139	0.04679	0.03342	0.04144	0.02005	0.64305	0.02540	0.01872	0.02540	0.01604	0.02139	0.01203	0.00668	0.00936	0.00267	0.01337	0.00936	0.00401	0.01070
14	0.01963	0.01884	0.03219	0.04867	0.67185	0.01884	0.02434	0.02434	0.01806	0.02591	0.01492	0.01963	0.01256	0.00707	0.00785	0.00236	0.00942	0.00707	0.00393	0.01256
15	0.02465	0.08226	0.12273	0.02253	0.10616	0.18774	0.04635	0.05025	0.04223	0.14912	0.04328	0.02056	0.01551	0.00880	0.00844	0.00235	0.04369	0.00679	0.00541	0.01113
16	0.02559	0.03133	0.02132	0.01924	0.02249	0.51041	0.01470	0.02768	0.02064	0.02021	0.05538	0.02057	0.04653	0.01014	0.01034	0.00232	0.12125	0.00653	0.00443	0.00888
17	0.00968	0.00712	0.00908	0.01054	0.01139	0.00652	0.00716	0.01124	0.01589	0.02085	0.07239	0.59456	0.14693	0.02380	0.00998	0.00311	0.00448	0.02136	0.00741	0.00652
18	0.01153	0.00769	0.00865	0.00865	0.00865	0.00769	0.00480	0.01153	0.01153	0.01538	0.02499	0.05189	0.02883	0.72131	0.04036	0.00769	0.00769	0.01153	0.00480	0.00480
19	0.00990	0.00703	0.00922	0.01078	0.01127	0.00660	0.00714	0.01127	0.01522	0.02038	0.07238	0.62633	0.05148	0.08514	0.01272	0.00357	0.00483	0.02118	0.00720	0.00635
20	0.01777	0.09510	0.02618	0.02002	0.02077	0.02507	0.01693	0.01960	0.01258	0.01904	0.01048	0.01684	0.01038	0.01310	0.02373	0.00328	0.63019	0.00664	0.00346	0.00884
21	0.01116	0.00805	0.01054	0.01002	0.01183	0.00744	0.00748	0.01479	0.02213	0.03130	0.64071	0.08762	0.07386	0.01658	0.00939	0.00253	0.00378	0.01470	0.00867	0.00744
22	0.02928	0.03497	0.02245	0.01998	0.02437	0.57800	0.01518	0.10979	0.05024	0.02384	0.01393	0.01552	0.01120	0.00845	0.00729	0.00211	0.01327	0.00552	0.00474	0.00987
23	0.02120	0.72609	0.04155	0.01357	0.02035	0.03138	0.01357	0.02374	0.01611	0.01866	0.01102	0.01272	0.01018	0.00678	0.00509	0.00170	0.00848	0.00424	0.00339	0.01018
24	0.77733	0.01534	0.01166	0.01043	0.01534	0.01779	0.00859	0.02331	0.01350	0.03558	0.01104	0.01288	0.00859	0.00736	0.00491	0.00245	0.00613	0.00429	0.00491	0.00859
25	0.03014	0.02221	0.02380	0.01825	0.02459	0.02459	0.01507	0.64541	0.03728	0.04998	0.01904	0.01904	0.01349	0.00952	0.00793	0.00238	0.00873	0.00714	0.00793	0.01349
26	0.02762	0.02032	0.02169	0.01704	0.02278	0.02252	0.01394	0.52288	0.10382	0.04630	0.02111	0.02114	0.01528	0.00963	0.00773	0.00237	0.00801	0.00736	0.07562	0.01284
27	0.01027	0.00763	0.01061	0.01334	0.05187	0.00720	0.00840	0.01185	0.01536	0.02059	0.04195	0.67356	0.05001	0.02376	0.00998	0.00317	0.00490	0.02160	0.00715	0.00682
28	0.01888	0.02094	0.04424	0.03609	0.15175	0.01984	0.53479	0.02521	0.01860	0.02549	0.01585	0.02108	0.01212	0.00675	0.00909	0.00262	0.01268	0.00896	0.00400	0.01102
29	0.02520	0.01928	0.02115	0.01590	0.02250	0.01954	0.01303	0.41985	0.02977	0.04127	0.01726	0.01810	0.01286	0.00820	0.00719	0.00195	0.00770	0.00626	0.00677	0.28624
30	0.00966	0.00690	0.00920	0.01104	0.01150	0.00644	0.00736	0.01104	0.01518	0.02024	0.04371	0.71614	0.05245	0.02484	0.01012	0.00322	0.00460	0.02254	0.00736	0.00644
31	0.01872	0.02139	0.04679	0.03342	0.04144	0.02005	0.64305	0.02540	0.01872	0.02540	0.01604	0.02139	0.01203	0.00668	0.00936	0.00267	0.01337	0.00936	0.00401	0.01070
32	0.01062	0.00808	0.00977	0.00934	0.01148	0.00723	0.00701	0.01380	0.02102	0.02842	0.47666	0.06479	0.26793	0.01747	0.00936	0.00255	0.00383	0.01512	0.00829	0.00723
33	0.01100	0.00810	0.01029	0.00974	0.01171	0.00739	0.00731	0.01453	0.02192	0.03056	0.59724	0.06128	0.14602	0.01668	0.00936	0.00252	0.00377	0.01463	0.00857	0.00739
34	0.09842	0.01365	0.01783	0.01380	0.01983	0.01217	0.01140	0.03735	0.02192	0.62297	0.02957	0.02580	0.01869	0.00961	0.00771	0.00245	0.00670	0.00766	0.00940	0.01308
35	0.10570	0.08958	0.02320	0.04738	0.02383	0.08286	0.01390	0.35128	0.02783	0.06371	0.01659	0.01751	0.01230	0.00849	0.00707	0.00219	0.00867	0.00617	0.00639	0.08538
36	0.02894	0.01868	0.02144	0.01642	0.02252	0.01939	0.01352	0.37795	0.02956	0.19972	0.02096	0.02055	0.01461	0.00927	0.00848	0.00228	0.03975	0.00699	0.00773	0.12125
37	0.05081	0.21841	0.35093	0.02142	0.05214	0.02246	0.07796	0.02421	0.01631	0.02344	0.01313	0.01607	0.01031	0.00772	0.00835	0.00237	0.06378	0.00580	0.00352	0.01088
38	0.01057	0.00809	0.01186	0.01371	0.04151	0.00763	0.03432	0.01239	0.01555	0.02082	0.04127	0.63647	0.04883	0.02323	0.01002	0.00318	0.00526	0.04132	0.00707	0.00691
39	0.02796	0.06393	0.02261	0.01895	0.02334	0.49119	0.01462	0.13469	0.02405	0.02486	0.01423	0.01635	0.01156	0.01089	0.04067	0.00260	0.01309	0.00565	0.02893	0.00981
40	0.02061	0.42659	0.03233	0.01639	0.05217	0.08462	0.01382	0.02644	0.12231	0.02160	0.01805	0.01949	0.04053	0.01026	0.03045	0.00242	0.04116	0.00603	0.00445	0.01028
41	0.01613	0.01438	0.01996	0.25414	0.07118	0.01353	0.01470	0.02034	0.01634	0.02390	0.01414	0.01827	0.01139	0.00666	0.00671	0.00176	0.00772	0.00566	0.00424	0.45885
42	0.08163	0.10411	0.04004	0.01267	0.01548	0.05424	0.01005	0.06352	0.01739	0.02420	0.03092	0.40972	0.03455	0.01743	0.00835	0.00273	0.00635	0.01502	0.04356	0.00805
43	0.00965	0.00696	0.00915	0.01090	0.01146	0.00645	0.00730	0.01106	0.01532	0.02030	0.04546	0.68544	0.08201	0.02462	0.01009	0.00319	0.00457	0.02226	0.00736	0.00645
44	0.02018	0.01726	0.01819	0.01623	0.02079	0.01993	0.01266	0.06828	0.63064	0.03390	0.03170	0.02913	0.02374	0.01070	0.00806	0.00268	0.00638	0.00889	0.00806	0.01259
45	0.01143	0.00765	0.00868	0.00878	0.00880	0.00762	0.00494	0.01151	0.01173	0.01564	0.02599	0.08751	0.03010	0.68397	0.03874	0.00745	0.00752	0.01212	0.00494	0.00489
46	0.77733	0.01534	0.01166	0.01043	0.01534	0.01779	0.00859	0.02331	0.01350	0.03558	0.01104	0.01288	0.00859	0.00736	0.00491	0.00245	0.00613	0.00429	0.00491	0.00859
47	0.02515	0.01739	0.01846	0.01471	0.01960	0.01899	0.01197	0.44141	0.03056	0.04333	0.02126	0.02246	0.01571	0.00943	0.00716	0.00221	0.00709	0.00722	0.25438	0.01150
48	0.03525	0.01403	0.01873	0.01436	0.02051	0.01245	0.01186	0.07574	0.02359	0.63898	0.03054	0.02650	0.01925	0.00980	0.00797	0.00245	0.00687	0.00792	0.00970	0.01349
49	0.01108	0.00810	0.01040	0.00983	0.01176	0.00742	0.00737	0.01469	0.02211	0.03099	0.62213	0.06056	0.12086	0.01651	0.00935	0.00251	0.00376	0.01453	0.00862	0.00742
50	0.01760	0.21170	0.44842	0.02226	0.06254	0.02181	0.06261	0.02475	0.01677	0.02354	0.01357	0.01615	0.01032	0.00727	0.00704	0.00231	0.01089	0.00572	0.00343	0.01131
51	0.01064	0.00808	0.00979	0.00936	0.01149	0.00723	0.00702	0.01383	0.02106	0.02851	0.48147	0.06465	0.26307	0.01744	0.00936	0.00255	0.00383	0.01510	0.00830	0.00723
52	0.02180	0.01795	0.02044	0.08797	0.05308	0.02037	0.01450	0.20883	0.36511	0.03586	0.02768	0.02702	0.04295	0.01030	0.00805	0.00258	0.00746	0.00846	0.00736	0.01222
53	0.77733	0.01534	0.01166	0.01043	0.01534	0.01779	0.00859	0.02331	0.01350	0.03558	0.01104	0.01288	0.00859	0.00736	0.00491	0.00245	0.00613	0.00429	0.00491	0.00859
54	0.01703	0.01339	0.01462	0.01295	0.01657	0.01408	0.01006	0.16731	0.17475	0.03263	0.15666	0.10455	0.20277	0.01513	0.00879	0.00263	0.00565	0.01273	0.00791	0.00979
55	0.00966	0.00690	0.00920	0.01104	0.01150	0.00644	0.00736	0.01104	0.01518	0.02024	0.04371	0.71614	0.05245	0.02484	0.01012	0.00322	0.00460	0.02254	0.00736	0.00644
56	0.01794	0.02474	0.22544	0.06279	0.38497	0.01819	0.02424	0.02507	0.05687	0.02616	0.04587	0.02125	0.01531	0.00789	0.00784	0.00244	0.00970	0.00715	0.00421	0.01192
57	0.01881	0.01917	0.05720	0.13606	0.53680	0.01871	0.04957	0.02386	0.01773	0.02509	0.01482	0.01979	0.01217	0.00719	0.00791	0.00241	0.00983	0.00711	0.00385	0.01194
58	0.03014	0.02221	0.02380	0.01825	0.02459	0.02459	0.01507	0.64541	0.03728	0.04998	0.01904	0.01904	0.01349	0.00952	0.00793	0.00238	0.00873	0.00714	0.00793	0.01349
59	0.01660	0.01389	0.01604	0.01215	0.01832	0.01135	0.00959	0.05814	0.04673	0.02701	0.02016	0.07838	0.04012	0.00844	0.00659	0.00154	0.00589	0.00699	0.00537	0.59670
60	0.02203	0.02168	0.02303	0.01966	0.02184	0.14787	0.01594	0.15785	0.01973	0.02596	0.01443	0.05462	0.01330	0.01245	0.01769	0.00295	0.38705	0.00748	0.00477	0.00970
61	0.05263	0.01778	0.03153	0.08930	0.23012	0.01710	0.22698	0.02295	0.01730	0.02523	0.01533	0.02086	0.01259	0.03776	0.00928	0.00251	0.00997	0.00747	0.00414	0.14919
62	0.01881	0.01815	0.03136	0.15728	0.54387	0.01868	0.04833	0.02370	0.01771	0.02494	0.01482	0.01995	0.01221	0.00719	0.00792	0.00242	0.00977	0.00715	0.00386	0.01186
63	0.01872	0.02139	0.04679	0.03342	0.04144	0.02005	0.64305	0.02540	0.01872	0.02540	0.01604	0.02139	0.01203	0.00668	0.00936	0.00267	0.01337	0.00936	0.00401	0.01070
64	0.02123	0.02054	0.04948	0.01626	0.04833	0.13975	0.01273	0.09671	0.02035	0.05882	0.01666	0.05137	0.01400	0.00798	0.00682	0.00175	0.00818	0.00625	0.00525	0.39753
65	0.01125	0.00806	0.01041	0.00984	0.01153	0.00750	0.00722	0.01462	0.02137	0.03017	0.60407	0.05851	0.07027	0.08598	0.01242	0.00301	0.00413	0.01406	0.00834	0.00722
66	0.01590	0.04102	0.68023	0.02260	0.03432	0.01842	0.02930	0.02511	0.01674	0.02511	0.01423	0.01674	0.01005	0.00753	0.00753	0.00251	0.01172	0.00586	0.00335	0.01172
67	0.00975	0.00697	0.00928	0.01098	0.01152	0.00650	0.00737	0.01125	0.01557	0.02086	0.07717	0.68091	0.05365	0.02438	0.01008	0.00318	0.00455	0.02210	0.00743	0.00650
68	0.04714	0.05703	0.36935	0.02517	0.03426	0.01989	0.22713	0.02459	0.01685	0.02488	0.01426	0.01801	0.01067	0.00775	0.00946	0.00261	0.06938	0.00697	0.00364	0.01095
69	0.03558	0.01350	0.01840	0.01411	0.02024	0.01166	0.01166	0.03865	0.02270	0.67734	0.03128	0.02699	0.01963	0.00981	0.00797	0.00245	0.00675	0.00797	0.00981	0.01350
70	0.02009	0.22188	0.16757	0.06564	0.11063	0.05418	0.09600	0.07677	0.01858	0.02454	0.01366	0.01695	0.01100	0.00786	0.00854	0.00233	0.06272	0.00621	0.00396	0.01090
71	0.01927	0.05861	0.06303	0.08920	0.06212	0.02144	0.34394	0.08101	0.01886	0.02583	0.01484	0.01977	0.01161	0.00829	0.01145	0.00270	0.12526	0.00805	0.00418	0.01054
72	0.00952	0.00804	0.00824	0.00819	0.01080	0.00676	0.00614	0.01166	0.01842	0.02224	0.12651	0.07497	0.62194	0.01978	0.00937	0.00266	0.00399	0.01655	0.00747	0.00676
73	0.01821	0.02155	0.08990	0.13350	0.10930	0.07204	0.19921	0.02295	0.01662	0.02248	0.01472	0.04218	0.01249	0.00944	0.01264	0.00278	0.17822	0.00794	0.00385	0.00997
74	0.01106	0.00810	0.01037	0.00981	0.01175	0.00741	0.00735	0.01465	0.02206	0.03089	0.61610	0.06073	0.12696	0.01655	0.00935	0.00251	0.00377	0.01455	0.00861	0.00741
75	0.01130	0.00850	0.01050	0.00993	0.01206	0.00791	0.00747	0.01560	0.05074	0.03011	0.53957	0.06076	0.17264	0.01662	0.00930	0.00253	0.00390	0.01450	0.00847	0.00758
76	0.77733	0.01534	0.01166	0.01043	0.01534	0.01779	0.00859	0.02331	0.01350	0.03558	0.01104	0.01288	0.00859	0.00736	0.00491	0.00245	0.00613	0.00429	0.00491	0.00859
77	0.06659	0.06878	0.48037	0.02399	0.08735	0.01921	0.06351	0.02565	0.04578	0.02593	0.01485	0.01741	0.01094	0.00754	0.00741	0.00247	0.01085	0.00614	0.00376	0.01149
78	0.01478	0.00739	0.00739	0.00739	0.00924	0.00739	0.00554	0.01848	0.01663	0.02956	0.02587	0.02956	0.02033	0.00924	0.00554	0.00185	0.00370	0.00739	0.76534	0.00739
79	0.02832	0.14447	0.02543	0.01937	0.02387	0.58748	0.01505	0.03044	0.02149	0.01929	0.01207	0.01406	0.01021	0.00796	0.00683	0.00199	0.01340	0.00497	0.00398	0.00935
80	0.01772	0.01485	0.01713	0.01235	0.01933	0.01188	0.00992	0.07815	0.01838	0.02809	0.01455	0.01668	0.01191	0.00621	0.00606	0.00129	0.00614	0.00493	0.00500	0.69943
81	0.01131	0.00833	0.01065	0.01057	0.01233	0.00788	0.00785	0.01538	0.04976	0.02891	0.46962	0.18139	0.09403	0.01798	0.00951	0.00270	0.00418	0.04182	0.00832	0.00748
82	0.02058	0.58211	0.15219	0.01539	0.02294	0.05262	0.01637	0.02427	0.01645	0.01981	0.01163	0.01348	0.01015	0.00696	0.00559	0.00185	0.00925	0.00455	0.00341	0.01041
83	0.01152	0.00773	0.00885	0.00885	0.00892	0.00780	0.00506	0.01166	0.01159	0.01552	0.02480	0.05087	0.02839	0.68881	0.07226	0.00794	0.00835	0.01138	0.00478	0.00492
84	0.01644	0.01409	0.01644	0.01175	0.01879	0.01057	0.00940	0.01997	0.01644	0.02584	0.01409	0.01644	0.01175	0.00587	0.00587	0.00117	0.00587	0.00470	0.00470	0.76979
85	0.01153	0.00769	0.00865	0.00865	0.00865	0.00769	0.00480	0.01153	0.01153	0.01538	0.02499	0.05189	0.02883	0.72131	0.04036	0.00769	0.00769	0.01153	0.00480	0.00480
86	0.01963	0.01884	0.03219	0.04867	0.67185	0.01884	0.02434	0.02434	0.01806	0.02591	0.01492	0.01963	0.01256	0.00707	0.00785	0.00236	0.00942	0.00707	0.00393	0.01256
87	0.00957	0.00804	0.00831	0.00824	0.01083	0.00678	0.00618	0.01176	0.01854	0.02254	0.14335	0.07448	0.60491	0.01967	0.00937	0.00266	0.00399	0.01648	0.00751	0.00678
88	0.01963	0.01884	0.03219	0.04867	0.67185	0.01884	0.02434	0.02434	0.01806	0.02591	0.01492	0.01963	0.01256	0.00707	0.00785	0.00236	0.00942	0.00707	0.00393	0.01256
89	0.05285	0.06653	0.58736	0.02305	0.06703	0.01894	0.02740	0.02493	0.01663	0.02539	0.01398	0.01655	0.01012	0.00747	0.00733	0.00247	0.01120	0.00578	0.00346	0.01155
90	0.01509	0.01425	0.02381	0.66956	0.05299	0.01794	0.02180	0.02020	0.01568	0.02020	0.01392	0.02096	0.01056	0.00821	0.00880	0.00268	0.04397	0.00704	0.00352	0.00880
91	0.01735	0.01735	0.02429	0.02082	0.02082	0.02429	0.01735	0.01908	0.01214	0.01908	0.01041	0.01735	0.01041	0.01388	0.02602	0.00347	0.70680	0.00694	0.00347	0.00867
92	0.10446	0.09608	0.02364	0.01639	0.02257	0.02325	0.01374	0.43411	0.06122	0.06899	0.01829	0.01846	0.01333	0.00892	0.00724	0.00228	0.00811	0.00656	0.00708	0.04526
93	0.01028	0.00747	0.00987	0.01125	0.01221	0.00687	0.00781	0.01201	0.01574	0.02123	0.06758	0.61339	0.05077	0.02329	0.00991	0.00311	0.00480	0.05768	0.00727	0.04747
94	0.01590	0.04102	0.68023	0.02260	0.03432	0.01842	0.02930	0.02511	0.01674	0.02511	0.01423	0.01674	0.01005	0.00753	0.00753	0.00251	0.01172	0.00586	0.00335	0.01172
95	0.01133	0.00850	0.01274	0.01274	0.01416	0.00991	0.00991	0.01416	0.01274	0.01841	0.02124	0.03115	0.01982	0.05947	0.68989	0.01274	0.02124	0.00850	0.00425	0.00708
96	0.00955	0.00800	0.00831	0.00831	0.01084	0.00676	0.00620	0.01169	0.01837	0.02232	0.13228	0.09673	0.59369	0.01990	0.00940	0.00268	0.00401	0.01672	0.00749	0.00676
97	0.01498	0.01409	0.02378	0.70226	0.05462	0.01762	0.02202	0.02026	0.01586	0.02026	0.01409	0.02114	0.01057	0.00793	0.00793	0.00264	0.01057	0.00705	0.00352	0.00881
98	0.01872	0.02139	0.04679	0.03342	0.04144	0.02005	0.64305	0.02540	0.01872	0.02540	0.01604	0.02139	0.01203	0.00668	0.00936	0.00267	0.01337	0.00936	0.00401	0.01070
99	0.01123	0.00766	0.00918	0.00946	0.00968	0.00775	0.00575	0.01175	0.01221	0.01643	0.02734	0.14796	0.03133	0.54499	0.10771	0.00759	0.00873	0.01283	0.00512	0.00530
100	0.01644	0.01409	0.01644	0.01175	0.01879	0.01057	0.00940	0.01997	0.01644	0.02584	0.01409	0.01644	0.01175	0.00587	0.00587	0.00117	0.00587	0.00470	0.00470	0.76979
101	0.01735	0.01735	0.02429	0.02082	0.02082	0.02429	0.01735	0.01908	0.01214	0.01908	0.01041	0.01735	0.01041	0.01388	0.02602	0.00347	0.70680	0.00694	0.00347	0.00867
102	0.00966	0.00690	0.00920	0.01104	0.01150	0.00644	0.00736	0.01104	0.01518	0.02024	0.04371	0.71614	0.05245	0.02484	0.01012	0.00322	0.00460	0.02254	0.00736	0.00644
103	0.01498	0.01409	0.02378	0.70226	0.05462	0.01762	0.02202	0.02026	0.01586	0.02026	0.01409	0.02114	0.01057	0.00793	0.00793	0.00264	0.01057	0.00705	0.00352	0.00881
104	0.05182	0.00778	0.00760	0.00754	0.00953	0.00790	0.00569	0.01871	0.01648	0.02986	0.02515	0.02875	0.01976	0.00915	0.00551	0.00188	0.00381	0.00724	0.72840	0.00745
105	0.01526	0.01438	0.02430	0.66230	0.09235	0.01769	0.02216	0.02051	0.01599	0.02061	0.01414	0.02105	0.01069	0.00788	0.00792	0.00263	0.01050	0.00705	0.00355	0.00904
106	0.01972	0.01703	0.01793	0.01614	0.02062	0.01972	0.01255	0.04214	0.65752	0.03317	0.03228	0.02959	0.02421	0.01076	0.00807	0.00269	0.00628	0.00897	0.00807	0.01255
107	0.02913	0.03686	0.02295	0.02182	0.05631	0.65654	0.01576	0.03131	0.02226	0.01973	0.01239	0.01456	0.01033	0.00812	0.00718	0.00206	0.01406	0.00520	0.00408	0.00936
108	0.02940	0.01418	0.01783	0.01428	0.01962	0.01361	0.01158	0.09406	0.12336	0.43245	0.11328	0.03084	0.02696	0.01077	0.00817	0.00249	0.00647	0.00888	0.00922	0.01256
109	0.01153	0.00769	0.00865	0.00865	0.00865	0.00769	0.00480	0.01153	0.01153	0.01538	0.02499	0.05189	0.02883	0.72131	0.04036	0.00769	0.00769	0.01153	0.00480	0.00480
110	0.19876	0.02066	0.02106	0.01648	0.02250	0.02306	0.01361	0.50502	0.03192	0.04673	0.01723	0.01765	0.01238	0.00903	0.00725	0.00240	0.00814	0.00650	0.00725	0.01238
111	0.03039	0.02181	0.02355	0.01806	0.02439	0.02400	0.01492	0.61767	0.03662	0.07866	0.01960	0.01940	0.01377	0.00953	0.00793	0.00238	0.00864	0.00718	0.00802	0.01349
112	0.00980	0.00700	0.00936	0.01120	0.01171	0.00656	0.00760	0.01127	0.01531	0.02039	0.04363	0.68906	0.05215	0.02472	0.01016	0.00324	0.00472	0.04829	0.00736	0.00648
113	0.00966	0.00690	0.00920	0.01104	0.01150	0.00644	0.00736	0.01104	0.01518	0.02024	0.04371	0.71614	0.05245	0.02484	0.01012	0.00322	0.00460	0.02254	0.00736	0.00644
114	0.01498	0.01409	0.02378	0.70226	0.05462	0.01762	0.02202	0.02026	0.01586	0.02026	0.01409	0.02114	0.01057	0.00793	0.00793	0.00264	0.01057	0.00705	0.00352	0.00881
115	0.00981	0.00805	0.00864	0.00849	0.01098	0.00688	0.00637	0.01223	0.01911	0.02387	0.21895	0.07228	0.52849	0.01917	0.00937	0.00263	0.00395	0.01617	0.00769	0.00688
116	0.01498	0.01409	0.02378	0.70226	0.05462	0.01762	0.02202	0.02026	0.01586	0.02026	0.01409	0.02114	0.01057	0.00793	0.00793	0.00264	0.01057	0.00705	0.00352	0.00881
117	0.06644	0.02188	0.02321	0.01787	0.02414	0.02426	0.01476	0.61519	0.03613	0.04928	0.01865	0.01874	0.01325	0.00941	0.00779	0.00238	0.00860	0.00700	0.00779	0.01325
118	0.01604	0.04008	0.64984	0.02312	0.03466	0.01849	0.05874	0.02513	0.01684	0.02513	0.01432	0.01697	0.01014	0.00749	0.00762	0.00252	0.01180	0.00603	0.00338	0.01167
119	0.03558	0.01350	0.01840	0.01411	0.02024	0.01166	0.01166	0.03865	0.02270	0.67734	0.03128	0.02699	0.01963	0.00981	0.00797	0.00245	0.00675	0.00797	0.00981	0.01350
120	0.02155	0.01700	0.01826	0.01607	0.02078	0.01930	0.01260	0.07148	0.57459	0.08724	0.03154	0.02885	0.02330	0.01062	0.00805	0.00265	0.00644	0.00879	0.00821	0.01268
121	0.02763	0.01579	0.01860	0.01530	0.02053	0.01639	0.01226	0.12575	0.26873	0.30688	0.02906	0.02671	0.02023	0.01100	0.00912	0.03978	0.00686	0.00818	0.00856	0.01264
122	0.03558	0.01350	0.01840	0.01411	0.02024	0.01166	0.01166	0.03865	0.02270	0.67734	0.03128	0.02699	0.01963	0.00981	0.00797	0.00245	0.00675	0.00797	0.00981	0.01350
123	0.00971	0.00805	0.00850	0.00839	0.01092	0.00684	0.00629	0.01204	0.01888	0.02332	0.18798	0.07318	0.55980	0.01937	0.00937	0.00264	0.00397	0.01630	0.00761	0.00684
124	0.01797	0.05263	0.03224	0.02446	0.02733	0.02329	0.21527	0.02131	0.01442	0.02106	0.01222	0.01841	0.01091	0.01126	0.01974	0.00313	0.45375	0.00758	0.00364	0.00939
125	0.02953	0.02097	0.02279	0.01766	0.02372	0.02296	0.01451	0.57903	0.03537	0.08696	0.02093	0.05171	0.01566	0.01024	0.00804	0.00242	0.00841	0.00790	0.00802	0.01316
126	0.01138	0.00831	0.01178	0.01178	0.01286	0.00939	0.00871	0.01354	0.01246	0.01769	0.02212	0.03605	0.02195	0.21576	0.53651	0.01155	0.01804	0.00921	0.00438	0.00654
127	0.01153	0.00769	0.00865	0.00865	0.00865	0.00769	0.00480	0.01153	0.01153	0.01538	0.02499	0.05189	0.02883	0.72131	0.04036	0.00769	0.00769	0.01153	0.00480	0.00480
128	0.01845	0.01764	0.03006	0.21398	0.51573	0.01853	0.02375	0.02331	0.01750	0.02448	0.01471	0.02001	0.01206	0.00728	0.00787	0.00243	0.00971	0.00706	0.00382	0.01161
129	0.02084	0.32323	0.23021	0.02131	0.10087	0.07878	0.01983	0.07630	0.01880	0.02410	0.01321	0.01539	0.01069	0.00738	0.00655	0.00210	0.01006	0.00537	0.00387	0.01111
130	0.02756	0.03425	0.02316	0.02178	0.05392	0.57179	0.01600	0.02969	0.02092	0.01967	0.01214	0.01494	0.01035	0.00886	0.00964	0.00224	0.10436	0.00544	0.00400	0.00928
131	0.71646	0.03991	0.01316	0.01101	0.01594	0.05046	0.00908	0.02373	0.01401	0.03424	0.01110	0.01294	0.00872	0.00738	0.00502	0.00241	0.00660	0.00433	0.00482	0.00867
132	0.01151	0.00779	0.00917	0.00917	0.00935	0.00797	0.00545	0.01186	0.01168	0.01576	0.02451	0.04927	0.02769	0.63771	0.12241	0.00833	0.00940	0.01115	0.00473	0.00509
133	0.01204	0.00815	0.01061	0.01028	0.01214	0.00746	0.00760	0.01525	0.02097	0.06062	0.49881	0.17541	0.09531	0.01761	0.00942	0.00263	0.00405	0.01560	0.00848	0.00755
134	0.01891	0.02234	0.06680	0.03111	0.03823	0.04775	0.52607	0.02495	0.01808	0.02445	0.01520	0.02049	0.01171	0.00757	0.01103	0.00273	0.08942	0.00879	0.00393	0.01045
135	0.00946	0.00804	0.00815	0.00812	0.01076	0.00673	0.00609	0.01155	0.01828	0.02190	0.10745	0.07553	0.64122	0.01990	0.00937	0.00267	0.00400	0.01663	0.00743	0.00673
136	0.01780	0.01811	0.02422	0.02080	0.02096	0.04893	0.01727	0.01955	0.01253	0.01910	0.01048	0.01724	0.01040	0.01367	0.02532	0.00342	0.68114	0.00687	0.00349	0.00869
137	0.01972	0.01703	0.01793	0.01614	0.02062	0.01972	0.01255	0.04214	0.65752	0.03317	0.03228	0.02959	0.02421	0.01076	0.00807	0.00269	0.00628	0.00897	0.00807	0.01255
138	0.01644	0.01409	0.01644	0.01175	0.01879	0.01057	0.00940	0.01997	0.01644	0.02584	0.01409	0.01644	0.01175	0.00587	0.00587	0.00117	0.00587	0.00470	0.00470	0.76979
139	0.01095	0.00881	0.00986	0.00946	0.01198	0.00808	0.00714	0.01533	0.07269	0.02645	0.30615	0.06577	0.38299	0.01780	0.00926	0.00261	0.00410	0.01516	0.00796	0.00749
140	0.00937	0.00803	0.00803	0.00803	0.01071	0.00669	0.00602	0.01138	0.01807	0.02142	0.08033	0.07632	0.66863	0.02008	0.00937	0.00268	0.00402	0.01674	0.00736	0.00669
141	0.01972	0.01703	0.01793	0.01614	0.02062	0.01972	0.01255	0.04214	0.65752	0.03317	0.03228	0.02959	0.02421	0.01076	0.00807	0.00269	0.00628	0.00897	0.00807	0.01255
142	0.03014	0.02221	0.02380	0.01825	0.02459	0.02459	0.01507	0.64541	0.03728	0.04998	0.01904	0.01904	0.01349	0.00952	0.00793	0.00238	0.00873	0.00714	0.00793	0.01349
143	0.02962	0.03779	0.02247	0.02043	0.02451	0.68948	0.01532	0.03166	0.02247	0.01941	0.01226	0.01430	0.01021	0.00817	0.00715	0.00204	0.01430	0.00511	0.00409	0.00919
144	0.02120	0.72609	0.04155	0.01357	0.02035	0.03138	0.01357	0.02374	0.01611	0.01866	0.01102	0.01272	0.01018	0.00678	0.00509	0.00170	0.00848	0.00424	0.00339	0.01018
145	0.01478	0.00739	0.00739	0.00739	0.00924	0.00739	0.00554	0.01848	0.01663	0.02956	0.02587	0.02956	0.02033	0.00924	0.00554	0.00185	0.00370	0.00739	0.76534	0.00739
146	0.01590	0.04102	0.68023	0.02260	0.03432	0.01842	0.02930	0.02511	0.01674	0.02511	0.01423	0.01674	0.01005	0.00753	0.00753	0.00251	0.01172	0.00586	0.00335	0.01172
147	0.77733	0.01534	0.01166	0.01043	0.01534	0.01779	0.00859	0.02331	0.01350	0.03558	0.01104	0.01288	0.00859	0.00736	0.00491	0.00245	0.00613	0.00429	0.00491	0.00859
148	0.03558	0.01350	0.01840	0.01411	0.02024	0.01166	0.01166	0.03865	0.02270	0.67734	0.03128	0.02699	0.01963	0.00981	0.00797	0.00245	0.00675	0.00797	0.00981	0.01350
149	0.77733	0.01534	0.01166	0.01043	0.01534	0.01779	0.00859	0.02331	0.01350	0.03558	0.01104	0.01288	0.00859	0.00736	0.00491	0.00245	0.00613	0.00429	0.00491	0.00859
150	0.01590	0.04102	0.68023	0.02260	0.03432	0.01842	0.02930	0.02511	0.01674	0.02511	0.01423	0.01674	0.01005	0.00753	0.00753	0.00251	0.01172	0.00586	0.00335	0.01172
151	0.00965	0.00695	0.00915	0.01091	0.01147	0.00645	0.00730	0.01106	0.01531	0.02030	0.04537	0.68714	0.08038	0.02463	0.01009	0.00320	0.00457	0.02228	0.00736	0.00645
152	0.01153	0.00769	0.00865	0.00865	0.00865	0.00769	0.00480	0.01153	0.01153	0.01538	0.02499	0.05189	0.02883	0.72131	0.04036	0.00769	0.00769	0.01153	0.00480	0.00480
153	0.02004	0.02078	0.04270	0.03391	0.12104	0.01976	0.50899	0.05391	0.01964	0.05329	0.01666	0.02129	0.01248	0.00699	0.00904	0.00261	0.01238	0.00891	0.00442	0.01118
154	0.01092	0.00805	0.01021	0.00976	0.01168	0.00734	0.00729	0.01435	0.02161	0.03002	0.56794	0.08494	0.15232	0.01703	0.00938	0.00254	0.00381	0.01495	0.00850	0.00734
155	0.01596	0.03803	0.59916	0.02304	0.03405	0.01813	0.08140	0.02474	0.01714	0.02540	0.04015	0.01882	0.01277	0.00780	0.00776	0.00252	0.01155	0.00650	0.00362	0.01146
156	0.01809	0.01443	0.01688	0.01217	0.01913	0.01126	0.00977	0.04932	0.01772	0.06187	0.01524	0.01713	0.01225	0.00625	0.00608	0.00130	0.00605	0.00498	0.00512	0.69495
157	0.02950	0.01904	0.02244	0.01729	0.02350	0.01993	0.03941	0.37511	0.09185	0.21109	0.02320	0.02213	0.01600	0.00944	0.00793	0.00239	0.00804	0.00752	0.00814	0.04606
158	0.54287	0.01480	0.01331	0.03968	0.01721	0.01718	0.00973	0.07156	0.01548	0.03336	0.01372	0.01747	0.01124	0.04340	0.04105	0.00320	0.03483	0.00544	0.04578	0.00868
159	0.01816	0.04828	0.02455	0.10710	0.05877	0.06847	0.10664	0.02303	0.04486	0.02431	0.01480	0.01821	0.01198	0.00704	0.00766	0.00188	0.03446	0.00608	0.00440	0.36932

[dist]
# distance from previous block
# <min> <max>
3	9

[block]
# block no. 3 follows, 24 sequences, length 26
# corresponding to MSA columns:
# 237-262
name=unknown_D
#
# <colnr> <probs for GDERKNQSTAVLIFYWHMCP>
#	G	D	E	R	K	N	Q	S	T	A	V	L	I	F	Y	W	H	M	C	P
0	0.07127	0.19084	0.32544	0.05714	0.02883	0.02061	0.04820	0.02460	0.04878	0.02480	0.03840	0.01819	0.01329	0.00772	0.00689	0.00227	0.00969	0.00600	0.00402	0.05300
1	0.12796	0.32853	0.13697	0.01653	0.02321	0.13296	0.04701	0.02482	0.01735	0.02325	0.04642	0.01653	0.01342	0.00770	0.00624	0.00208	0.00962	0.00544	0.00402	0.00993
2	0.08667	0.05000	0.26533	0.01749	0.02532	0.01575	0.06194	0.02202	0.01646	0.02590	0.04241	0.05339	0.01540	0.00840	0.00773	0.00216	0.03459	0.00679	0.00438	0.23787
3	0.02179	0.02458	0.04664	0.02170	0.07054	0.23771	0.01663	0.05645	0.01774	0.02198	0.01266	0.01713	0.01115	0.01246	0.04404	0.00307	0.29003	0.00623	0.00405	0.06343
4	0.01152	0.00773	0.00888	0.00888	0.00896	0.00781	0.00509	0.01168	0.01160	0.01555	0.02477	0.05072	0.02832	0.68392	0.07706	0.00797	0.00845	0.01136	0.00477	0.00493
5	0.01153	0.00769	0.00865	0.00865	0.00865	0.00769	0.00480	0.01153	0.01153	0.01538	0.02499	0.05189	0.02883	0.72131	0.04036	0.00769	0.00769	0.01153	0.00480	0.00480
6	0.03014	0.02221	0.02380	0.01825	0.02459	0.02459	0.01507	0.64541	0.03728	0.04998	0.01904	0.01904	0.01349	0.00952	0.00793	0.00238	0.00873	0.00714	0.00793	0.01349
7	0.01122	0.00811	0.01060	0.00998	0.01185	0.00748	0.00748	0.01496	0.02245	0.03180	0.66766	0.05923	0.07482	0.01621	0.00935	0.00249	0.00374	0.01434	0.00873	0.00748
8	0.01644	0.01409	0.01644	0.01175	0.01879	0.01057	0.00940	0.01997	0.01644	0.02584	0.01409	0.01644	0.01175	0.00587	0.00587	0.00117	0.00587	0.00470	0.00470	0.76979
9	0.03106	0.01425	0.01813	0.01445	0.02006	0.01351	0.01175	0.06351	0.14396	0.49476	0.06432	0.02884	0.02313	0.01032	0.00806	0.00250	0.00658	0.00846	0.00935	0.01300
10	0.01143	0.00810	0.01073	0.01073	0.01145	0.00882	0.00740	0.01287	0.01215	0.01691	0.02309	0.04137	0.02426	0.38548	0.36994	0.01025	0.01456	0.00999	0.00452	0.00596
11	0.00966	0.00690	0.00920	0.01104	0.01150	0.00644	0.00736	0.01104	0.01518	0.02024	0.04371	0.71614	0.05245	0.02484	0.01012	0.00322	0.00460	0.02254	0.00736	0.00644
12	0.01912	0.01640	0.01741	0.01570	0.02000	0.01886	0.01219	0.04021	0.61246	0.03307	0.07736	0.03169	0.02780	0.01115	0.00816	0.00268	0.00610	0.00935	0.00812	0.01219
13	0.01122	0.00811	0.01060	0.00998	0.01185	0.00748	0.00748	0.01496	0.02245	0.03180	0.66766	0.05923	0.07482	0.01621	0.00935	0.00249	0.00374	0.01434	0.00873	0.00748
14	0.03014	0.02221	0.02380	0.01825	0.02459	0.02459	0.01507	0.64541	0.03728	0.04998	0.01904	0.01904	0.01349	0.00952	0.00793	0.00238	0.00873	0.00714	0.00793	0.01349
15	0.73605	0.01523	0.01203	0.01063	0.01561	0.01745	0.00876	0.02416	0.01401	0.07129	0.01217	0.01367	0.00920	0.00750	0.00508	0.00245	0.00617	0.00450	0.00518	0.00886
16	0.01872	0.02139	0.04679	0.03342	0.04144	0.02005	0.64305	0.02540	0.01872	0.02540	0.01604	0.02139	0.01203	0.00668	0.00936	0.00267	0.01337	0.00936	0.00401	0.01070
17	0.00966	0.00690	0.00920	0.01104	0.01150	0.00644	0.00736	0.01104	0.01518	0.02024	0.04371	0.71614	0.05245	0.02484	0.01012	0.00322	0.00460	0.02254	0.00736	0.00644
18	0.01735	0.01735	0.02429	0.02082	0.02082	0.02429	0.01735	0.01908	0.01214	0.01908	0.01041	0.01735	0.01041	0.01388	0.02602	0.00347	0.70680	0.00694	0.00347	0.00867
19	0.00966	0.00690	0.00920	0.01104	0.01150	0.00644	0.00736	0.01104	0.01518	0.02024	0.04371	0.71614	0.05245	0.02484	0.01012	0.00322	0.00460	0.02254	0.00736	0.00644
20	0.01590	0.04102	0.68023	0.02260	0.03432	0.01842	0.02930	0.02511	0.01674	0.02511	0.01423	0.01674	0.01005	0.00753	0.00753	0.00251	0.01172	0.00586	0.00335	0.01172
21	0.01115	0.00805	0.01053	0.01003	0.01183	0.00743	0.00748	0.01477	0.02208	0.03122	0.63656	0.09198	0.07371	0.01664	0.00939	0.00253	0.00378	0.01475	0.00866	0.00743
22	0.01227	0.00892	0.01207	0.01349	0.01542	0.00872	0.01159	0.01574	0.01856	0.02410	0.09567	0.08557	0.11890	0.02125	0.01065	0.00345	0.00665	0.50231	0.00742	0.00725
23	0.03061	0.01862	0.02123	0.01659	0.02262	0.01962	0.01360	0.36369	0.11297	0.25805	0.02486	0.02307	0.01694	0.00978	0.00796	0.00244	0.00774	0.00766	0.00858	0.01337
24	0.77733	0.01534	0.01166	0.01043	0.01534	0.01779	0.00859	0.02331	0.01350	0.03558	0.01104	0.01288	0.00859	0.00736	0.00491	0.00245	0.00613	0.00429	0.00491	0.00859
25	0.03410	0.01405	0.01862	0.01449	0.02045	0.01265	0.01200	0.08975	0.02375	0.59444	0.03071	0.02908	0.02026	0.01033	0.00810	0.00250	0.00694	0.03503	0.00954	0.01322

[dist]
# distance from previous block
# <min> <max>
0	20

[block]
# block no. 4 follows, 24 sequences, length 246
# corresponding to MSA columns:
# 283-528
name=unknown_E
#
# <colnr> <probs for GDERKNQSTAVLIFYWHMCP>
#	G	D	E	R	K	N	Q	S	T	A	V	L	I	F	Y	W	H	M	C	P
0	0.01146	0.00766	0.00867	0.00874	0.00875	0.00764	0.00490	0.01151	0.01166	0.01555	0.02566	0.07596	0.02969	0.69608	0.03927	0.00753	0.00758	0.01193	0.00490	0.00486
1	0.02552	0.01951	0.02131	0.01616	0.02265	0.02007	0.01322	0.42951	0.05394	0.04189	0.01800	0.01863	0.01335	0.00844	0.00730	0.00202	0.00775	0.00645	0.00694	0.24735
2	0.05547	0.01434	0.02220	0.35677	0.13273	0.01570	0.01816	0.02573	0.01791	0.19483	0.01922	0.02253	0.01367	0.00834	0.00767	0.00250	0.00883	0.00719	0.04571	0.01051
3	0.01208	0.00830	0.01088	0.01012	0.01214	0.00763	0.00763	0.01580	0.02246	0.05461	0.64518	0.05810	0.07287	0.01599	0.00930	0.00249	0.00385	0.01412	0.00877	0.00769
4	0.01134	0.00843	0.01241	0.01241	0.01371	0.00973	0.00950	0.01395	0.01265	0.01816	0.02155	0.03284	0.02056	0.11332	0.63704	0.01233	0.02014	0.00874	0.00429	0.00690
5	0.02019	0.01727	0.01820	0.01623	0.02080	0.01994	0.01267	0.06936	0.62953	0.03393	0.03168	0.02911	0.02372	0.01070	0.00806	0.00268	0.00639	0.00888	0.00806	0.01259
6	0.01153	0.00769	0.00865	0.00865	0.00865	0.00769	0.00480	0.01153	0.01153	0.01538	0.02499	0.05189	0.02883	0.72131	0.04036	0.00769	0.00769	0.01153	0.00480	0.00480
7	0.77733	0.01534	0.01166	0.01043	0.01534	0.01779	0.00859	0.02331	0.01350	0.03558	0.01104	0.01288	0.00859	0.00736	0.00491	0.00245	0.00613	0.00429	0.00491	0.00859
8	0.01657	0.01450	0.01814	0.01296	0.02006	0.01110	0.04486	0.02027	0.01657	0.02582	0.01420	0.01672	0.01176	0.00592	0.00607	0.00126	0.00629	0.00496	0.00466	0.72731
9	0.02031	0.01732	0.01826	0.01626	0.02084	0.02000	0.01269	0.07590	0.62281	0.03411	0.03153	0.02900	0.02361	0.01069	0.00806	0.00267	0.00641	0.00886	0.00806	0.01260
10	0.01153	0.00769	0.00865	0.00865	0.00865	0.00769	0.00480	0.01153	0.01153	0.01538	0.02499	0.05189	0.02883	0.72131	0.04036	0.00769	0.00769	0.01153	0.00480	0.00480
11	0.01498	0.01409	0.02378	0.70226	0.05462	0.01762	0.02202	0.02026	0.01586	0.02026	0.01409	0.02114	0.01057	0.00793	0.00793	0.00264	0.01057	0.00705	0.00352	0.00881
12	0.03558	0.01350	0.01840	0.01411	0.02024	0.01166	0.01166	0.03865	0.02270	0.67734	0.03128	0.02699	0.01963	0.00981	0.00797	0.00245	0.00675	0.00797	0.00981	0.01350
13	0.01620	0.07936	0.64448	0.02210	0.03354	0.01914	0.02842	0.02504	0.01671	0.02475	0.01405	0.01652	0.01005	0.00749	0.00740	0.00247	0.01154	0.00577	0.00335	0.01163
14	0.02962	0.03779	0.02247	0.02043	0.02451	0.68948	0.01532	0.03166	0.02247	0.01941	0.01226	0.01430	0.01021	0.00817	0.00715	0.00204	0.01430	0.00511	0.00409	0.00919
15	0.03014	0.02221	0.02380	0.01825	0.02459	0.02459	0.01507	0.64541	0.03728	0.04998	0.01904	0.01904	0.01349	0.00952	0.00793	0.00238	0.00873	0.00714	0.00793	0.01349
16	0.01872	0.02139	0.04679	0.03342	0.04144	0.02005	0.64305	0.02540	0.01872	0.02540	0.01604	0.02139	0.01203	0.00668	0.00936	0.00267	0.01337	0.00936	0.00401	0.01070
17	0.02913	0.02171	0.02322	0.01804	0.02420	0.02412	0.01483	0.58645	0.09790	0.04833	0.02033	0.02007	0.01453	0.00964	0.00795	0.00241	0.00849	0.00732	0.00795	0.01339
18	0.01498	0.01409	0.02378	0.70226	0.05462	0.01762	0.02202	0.02026	0.01586	0.02026	0.01409	0.02114	0.01057	0.00793	0.00793	0.00264	0.01057	0.00705	0.00352	0.00881
19	0.01511	0.01428	0.02381	0.66371	0.05270	0.01800	0.02176	0.02019	0.01565	0.02019	0.01389	0.02093	0.01056	0.00826	0.00895	0.00269	0.04995	0.00704	0.00352	0.00880
20	0.01735	0.01735	0.02429	0.02082	0.02082	0.02429	0.01735	0.01908	0.01214	0.01908	0.01041	0.01735	0.01041	0.01388	0.02602	0.00347	0.70680	0.00694	0.00347	0.00867
21	0.00966	0.00690	0.00920	0.01104	0.01150	0.00644	0.00736	0.01104	0.01518	0.02024	0.04371	0.71614	0.05245	0.02484	0.01012	0.00322	0.00460	0.02254	0.00736	0.00644
22	0.03468	0.01370	0.01838	0.01422	0.02026	0.01211	0.01171	0.03884	0.05860	0.64091	0.03134	0.02714	0.01989	0.00987	0.00798	0.00247	0.00672	0.00803	0.00972	0.01344
