[name]
unknown

[dist]
# distance from previous block
# <min> <max>
0	17

[block]
# block no. 0 follows, 25 sequences, length 79
# corresponding to MSA columns:
# 17-95
name=unknown_A
#
# <colnr> <probs for GDERKNQSTAVLIFYWHMCP>
#	G	D	E	R	K	N	Q	S	T	A	V	L	I	F	Y	W	H	M	C	P
0	0.01249	0.00892	0.01249	0.01428	0.01606	0.00892	0.01249	0.01606	0.01785	0.02320	0.04105	0.08746	0.04462	0.02142	0.01071	0.00357	0.00714	0.62695	0.00714	0.00714
1	0.01858	0.01795	0.02870	0.11472	0.53245	0.04575	0.02229	0.02306	0.01762	0.02431	0.01648	0.02452	0.01453	0.00819	0.00790	0.00242	0.00937	0.05577	0.00406	0.01135
2	0.05752	0.06739	0.02204	0.01821	0.04707	0.26741	0.01394	0.25383	0.05932	0.03174	0.01931	0.02015	0.04746	0.00909	0.00720	0.00218	0.00991	0.00657	0.02902	0.01065
3	0.01967	0.01657	0.04953	0.05839	0.05268	0.01576	0.24256	0.09381	0.01919	0.10958	0.01970	0.02504	0.01550	0.06416	0.10054	0.00410	0.01130	0.00831	0.06360	0.01001
4	0.01037	0.00791	0.00846	0.00852	0.01085	0.00677	0.00623	0.01220	0.01715	0.04799	0.06901	0.15614	0.53269	0.05733	0.01081	0.00294	0.00430	0.01648	0.00717	0.00669
5	0.02319	0.01704	0.02031	0.02009	0.11077	0.01855	0.01405	0.12294	0.38545	0.13937	0.02729	0.02576	0.01994	0.00971	0.00783	0.00251	0.00696	0.00811	0.00759	0.01255
6	0.06859	0.09336	0.11817	0.02194	0.09117	0.26222	0.05003	0.10391	0.07199	0.02625	0.01488	0.01672	0.01166	0.00791	0.00708	0.00221	0.01083	0.00592	0.00462	0.01056
7	0.03099	0.01278	0.01704	0.01353	0.01888	0.01142	0.01099	0.03522	0.06526	0.56661	0.06936	0.06530	0.02438	0.01081	0.00799	0.00246	0.00628	0.00899	0.00929	0.01242
8	0.00982	0.00709	0.00878	0.00989	0.01060	0.00661	0.00653	0.01107	0.01478	0.01941	0.06614	0.47814	0.13392	0.16107	0.01556	0.00391	0.00498	0.01887	0.00676	0.00605
9	0.02908	0.02086	0.02256	0.01746	0.02353	0.02297	0.01437	0.57460	0.07910	0.08527	0.02022	0.01979	0.01427	0.00941	0.00777	0.00235	0.00825	0.00715	0.00787	0.01312
10	0.02188	0.63489	0.03802	0.01421	0.02047	0.12384	0.01351	0.02430	0.01662	0.01834	0.01095	0.01265	0.00996	0.00682	0.00526	0.00171	0.00909	0.00426	0.00341	0.00982
11	0.01128	0.00752	0.00846	0.00846	0.00846	0.00752	0.00470	0.01128	0.01128	0.01503	0.02443	0.05074	0.02819	0.72751	0.03946	0.00752	0.00752	0.01128	0.00470	0.00470
12	0.01105	0.00742	0.00852	0.00875	0.00880	0.00737	0.00501	0.01122	0.01172	0.01563	0.02671	0.13433	0.03106	0.64000	0.03578	0.00697	0.00714	0.01262	0.00501	0.00490
13	0.01162	0.00745	0.00832	0.00838	0.00863	0.00744	0.00488	0.01213	0.01204	0.01698	0.02518	0.07132	0.02793	0.61090	0.03407	0.00663	0.00691	0.01113	0.10299	0.00508
14	0.01570	0.03920	0.66005	0.02316	0.06042	0.01802	0.02845	0.02452	0.01642	0.02459	0.01394	0.01649	0.00992	0.00735	0.00738	0.00245	0.01137	0.00578	0.00330	0.01149
15	0.01108	0.00831	0.01246	0.01246	0.01385	0.00969	0.00969	0.01385	0.01246	0.01800	0.02077	0.03046	0.01938	0.05815	0.69678	0.01246	0.02077	0.00831	0.00415	0.00692
16	0.01555	0.04011	0.68733	0.02210	0.03356	0.01801	0.02865	0.02455	0.01637	0.02455	0.01391	0.01637	0.00982	0.00737	0.00737	0.00246	0.01146	0.00573	0.00327	0.01146
17	0.01929	0.01666	0.01753	0.01578	0.02016	0.01929	0.01227	0.04120	0.66513	0.03243	0.03156	0.02893	0.02367	0.01052	0.00789	0.00263	0.00614	0.00877	0.00789	0.01227
18	0.01608	0.01378	0.01608	0.01148	0.01837	0.01034	0.00919	0.01952	0.01608	0.02527	0.01378	0.01608	0.01148	0.00574	0.00574	0.00115	0.00574	0.00459	0.00459	0.77491
19	0.01464	0.01378	0.02326	0.70887	0.05340	0.01723	0.02153	0.01981	0.01550	0.01981	0.01378	0.02067	0.01034	0.00775	0.00775	0.00258	0.01034	0.00689	0.00345	0.00861
20	0.01811	0.02221	0.08913	0.03196	0.04005	0.01950	0.60890	0.02482	0.01817	0.02482	0.01557	0.02061	0.01163	0.00659	0.00903	0.00260	0.01296	0.00892	0.00388	0.01053
21	0.01097	0.00793	0.01036	0.00975	0.01158	0.00732	0.00732	0.01463	0.02195	0.03109	0.67505	0.05792	0.07316	0.01585	0.00914	0.00244	0.00366	0.01402	0.00854	0.00732
22	0.00945	0.00675	0.00900	0.01080	0.01125	0.00630	0.00720	0.01080	0.01484	0.01979	0.04274	0.72245	0.05128	0.02429	0.00990	0.00315	0.00450	0.02204	0.00720	0.00630
23	0.01097	0.00793	0.01036	0.00975	0.01158	0.00732	0.00732	0.01463	0.02195	0.03109	0.67505	0.05792	0.07316	0.01585	0.00914	0.00244	0.00366	0.01402	0.00854	0.00732
24	0.01559	0.01474	0.02496	0.57176	0.18314	0.01747	0.02200	0.02064	0.01595	0.02096	0.01395	0.02036	0.01074	0.00758	0.00774	0.00253	0.01010	0.00689	0.00353	0.00937
25	0.02858	0.07163	0.02306	0.01943	0.02377	0.59866	0.01487	0.08901	0.02301	0.02175	0.01255	0.01434	0.01029	0.00804	0.00696	0.00201	0.01318	0.00514	0.00431	0.00943
26	0.01608	0.01515	0.02518	0.46568	0.23546	0.01710	0.02135	0.02097	0.01618	0.02182	0.01402	0.01992	0.01099	0.00736	0.00759	0.00240	0.00969	0.00674	0.00364	0.06270
27	0.01483	0.01403	0.02329	0.65452	0.05079	0.01774	0.02117	0.01972	0.01522	0.01972	0.01350	0.02038	0.01032	0.00821	0.00915	0.00265	0.06582	0.00688	0.00344	0.00860
28	0.01074	0.00792	0.01004	0.00951	0.01144	0.00722	0.00713	0.01417	0.02139	0.02976	0.59698	0.06010	0.15206	0.01635	0.00915	0.00246	0.00369	0.01433	0.00836	0.00722
29	0.73174	0.01487	0.01184	0.01044	0.01532	0.01699	0.00860	0.02381	0.01380	0.07872	0.01213	0.01353	0.00913	0.00736	0.00500	0.00240	0.00604	0.00444	0.00512	0.00872
30	0.01073	0.00792	0.01002	0.00949	0.01143	0.00721	0.00712	0.01415	0.02136	0.02970	0.59346	0.06020	0.15561	0.01637	0.00915	0.00246	0.00369	0.01434	0.00835	0.00721
31	0.01262	0.00829	0.01089	0.01003	0.01215	0.00760	0.00760	0.01623	0.02196	0.07629	0.63047	0.05574	0.06943	0.01542	0.00905	0.00244	0.00386	0.01359	0.00861	0.00772
32	0.01445	0.00723	0.00723	0.00723	0.00903	0.00723	0.00542	0.01807	0.01626	0.02891	0.02529	0.02891	0.01987	0.00903	0.00542	0.00181	0.00361	0.00723	0.77055	0.00723
33	0.01464	0.01378	0.02326	0.70887	0.05340	0.01723	0.02153	0.01981	0.01550	0.01981	0.01378	0.02067	0.01034	0.00775	0.00775	0.00258	0.01034	0.00689	0.00345	0.00861
34	0.00939	0.00698	0.00876	0.01019	0.01109	0.00635	0.00693	0.01086	0.01543	0.02003	0.05014	0.58849	0.18046	0.02333	0.00975	0.00304	0.00438	0.02087	0.00720	0.00635
35	0.00933	0.00778	0.00813	0.00821	0.01061	0.00659	0.00609	0.01138	0.01781	0.02167	0.12315	0.11811	0.58520	0.01966	0.00921	0.00264	0.00395	0.01657	0.00731	0.00659
36	0.01830	0.02092	0.04575	0.03268	0.04052	0.01961	0.65098	0.02484	0.01830	0.02484	0.01569	0.02092	0.01176	0.00654	0.00915	0.00261	0.01307	0.00915	0.00392	0.01046
37	0.00945	0.00675	0.00900	0.01080	0.01125	0.00630	0.00720	0.01080	0.01484	0.01979	0.04274	0.72245	0.05128	0.02429	0.00990	0.00315	0.00450	0.02204	0.00720	0.00630
38	0.68339	0.01445	0.01170	0.01033	0.01506	0.01639	0.00848	0.02373	0.01406	0.08577	0.01311	0.01453	0.00985	0.00748	0.00507	0.00237	0.00592	0.00464	0.04495	0.00872
39	0.01097	0.00793	0.01036	0.00975	0.01158	0.00732	0.00732	0.01463	0.02195	0.03109	0.67505	0.05792	0.07316	0.01585	0.00914	0.00244	0.00366	0.01402	0.00854	0.00732
40	0.00945	0.00675	0.00900	0.01080	0.01125	0.00630	0.00720	0.01080	0.01484	0.01979	0.04274	0.72245	0.05128	0.02429	0.00990	0.00315	0.00450	0.02204	0.00720	0.00630
41	0.08762	0.01197	0.01550	0.01246	0.01729	0.01081	0.01010	0.03060	0.02142	0.46388	0.19606	0.03347	0.03233	0.01103	0.00791	0.00241	0.00579	0.00913	0.00894	0.01129
42	0.01108	0.00831	0.01246	0.01246	0.01385	0.00969	0.00969	0.01385	0.01246	0.01800	0.02077	0.03046	0.01938	0.05815	0.69678	0.01246	0.02077	0.00831	0.00415	0.00692
43	0.00916	0.00785	0.00785	0.00785	0.01047	0.00655	0.00589	0.01113	0.01767	0.02095	0.07855	0.07462	0.67599	0.01964	0.00916	0.00262	0.00393	0.01636	0.00720	0.00655
44	0.00931	0.00786	0.00805	0.00800	0.01056	0.00661	0.00600	0.01140	0.01801	0.02175	0.12563	0.07330	0.62841	0.01934	0.00916	0.00260	0.00391	0.01618	0.00731	0.00661
45	0.78228	0.01499	0.01140	0.01020	0.01499	0.01739	0.00840	0.02279	0.01320	0.03479	0.01080	0.01260	0.00840	0.00720	0.00480	0.00240	0.00600	0.00420	0.00480	0.00840
46	0.01347	0.00673	0.01010	0.01010	0.01010	0.00673	0.00673	0.01010	0.01010	0.01347	0.01347	0.02357	0.01347	0.02694	0.03030	0.77441	0.00673	0.00673	0.00337	0.00337
47	0.01097	0.00793	0.01036	0.00975	0.01158	0.00732	0.00732	0.01463	0.02195	0.03109	0.67505	0.05792	0.07316	0.01585	0.00914	0.00244	0.00366	0.01402	0.00854	0.00732
48	0.01128	0.00752	0.00846	0.00846	0.00846	0.00752	0.00470	0.01128	0.01128	0.01503	0.02443	0.05074	0.02819	0.72751	0.03946	0.00752	0.00752	0.01128	0.00470	0.00470
49	0.00964	0.00791	0.00858	0.00897	0.01130	0.00685	0.00690	0.01178	0.01747	0.02116	0.07059	0.12751	0.54032	0.02025	0.00943	0.00279	0.00441	0.10033	0.00719	0.00661
50	0.01108	0.00831	0.01246	0.01246	0.01385	0.00969	0.00969	0.01385	0.01246	0.01800	0.02077	0.03046	0.01938	0.05815	0.69678	0.01246	0.02077	0.00831	0.00415	0.00692
51	0.01555	0.04011	0.68733	0.02210	0.03356	0.01801	0.02865	0.02455	0.01637	0.02455	0.01391	0.01637	0.00982	0.00737	0.00737	0.00246	0.01146	0.00573	0.00327	0.01146
52	0.01919	0.01842	0.03147	0.04759	0.67914	0.01842	0.02380	0.02380	0.01765	0.02533	0.01458	0.01919	0.01228	0.00691	0.00768	0.00230	0.00921	0.00691	0.00384	0.01228
53	0.78228	0.01499	0.01140	0.01020	0.01499	0.01739	0.00840	0.02279	0.01320	0.03479	0.01080	0.01260	0.00840	0.00720	0.00480	0.00240	0.00600	0.00420	0.00480	0.00840
54	0.01108	0.00831	0.01246	0.01246	0.01385	0.00969	0.00969	0.01385	0.01246	0.01800	0.02077	0.03046	0.01938	0.05815	0.69678	0.01246	0.02077	0.00831	0.00415	0.00692
55	0.01830	0.02092	0.04575	0.03268	0.04052	0.01961	0.65098	0.02484	0.01830	0.02484	0.01569	0.02092	0.01176	0.00654	0.00915	0.00261	0.01307	0.00915	0.00392	0.01046
56	0.02559	0.01924	0.02067	0.01641	0.02184	0.02120	0.01336	0.48647	0.12135	0.04371	0.06935	0.02607	0.05793	0.01054	0.00795	0.00239	0.00759	0.00827	0.00780	0.01226
57	0.01781	0.01953	0.12498	0.01617	0.02142	0.01782	0.01440	0.03572	0.49274	0.03102	0.09633	0.02995	0.02663	0.01057	0.00794	0.00258	0.00674	0.00883	0.00721	0.01162
58	0.08084	0.67556	0.03832	0.01302	0.01951	0.02963	0.01288	0.02318	0.01555	0.01955	0.01078	0.01245	0.00983	0.00668	0.00496	0.00172	0.00811	0.00415	0.00343	0.00983
59	0.01978	0.01752	0.01742	0.01562	0.01990	0.06416	0.01222	0.08577	0.50233	0.03167	0.03284	0.03251	0.06800	0.01130	0.00801	0.00260	0.00674	0.03253	0.00754	0.01153
60	0.03479	0.01320	0.01799	0.01380	0.01979	0.01140	0.01140	0.03779	0.02219	0.68451	0.03059	0.02639	0.01919	0.00960	0.00780	0.00240	0.00660	0.00780	0.00960	0.01320
61	0.01019	0.00784	0.00932	0.00907	0.01114	0.00696	0.00676	0.01307	0.01992	0.02657	0.41102	0.09891	0.30566	0.01776	0.00919	0.00255	0.00381	0.01535	0.00795	0.00696
62	0.20217	0.02018	0.02055	0.01609	0.02197	0.02252	0.01328	0.50865	0.03112	0.04564	0.01682	0.01723	0.01209	0.00882	0.00708	0.00234	0.00795	0.00634	0.00708	0.01209
63	0.02947	0.02172	0.02327	0.01784	0.02404	0.02404	0.01474	0.65329	0.03646	0.04887	0.01862	0.01862	0.01319	0.00931	0.00776	0.00233	0.00853	0.00698	0.00776	0.01319
64	0.01107	0.00825	0.01033	0.00975	0.01178	0.00768	0.00733	0.01522	0.04590	0.02991	0.57827	0.05884	0.14434	0.01611	0.00910	0.00247	0.00378	0.01411	0.00835	0.00741
65	0.01097	0.00743	0.00878	0.00924	0.00943	0.00734	0.00562	0.01143	0.01235	0.01644	0.02906	0.19010	0.03378	0.54624	0.03189	0.00641	0.00688	0.04610	0.00534	0.00515
66	0.01968	0.01685	0.01775	0.01586	0.02031	0.01947	0.01237	0.06460	0.64110	0.03306	0.03106	0.02853	0.02327	0.01047	0.00788	0.00262	0.00623	0.00870	0.00788	0.01231
67	0.01919	0.01842	0.03147	0.04759	0.67914	0.01842	0.02380	0.02380	0.01765	0.02533	0.01458	0.01919	0.01228	0.00691	0.00768	0.00230	0.00921	0.00691	0.00384	0.01228
68	0.01243	0.00888	0.01241	0.01409	0.01588	0.00886	0.01228	0.01600	0.01802	0.02353	0.06733	0.08624	0.04581	0.02119	0.01064	0.00352	0.00700	0.60155	0.00720	0.00715
69	0.01919	0.01842	0.03147	0.04759	0.67914	0.01842	0.02380	0.02380	0.01765	0.02533	0.01458	0.01919	0.01228	0.00691	0.00768	0.00230	0.00921	0.00691	0.00384	0.01228
70	0.78228	0.01499	0.01140	0.01020	0.01499	0.01739	0.00840	0.02279	0.01320	0.03479	0.01080	0.01260	0.00840	0.00720	0.00480	0.00240	0.00600	0.00420	0.00480	0.00840
71	0.01066	0.00791	0.00993	0.00942	0.01139	0.00718	0.00707	0.01402	0.02120	0.02933	0.57120	0.06083	0.17811	0.01651	0.00915	0.00247	0.00370	0.01443	0.00830	0.00718
72	0.55684	0.01503	0.01374	0.01155	0.01673	0.01644	0.00953	0.06892	0.01687	0.18745	0.01595	0.01622	0.01124	0.00790	0.00570	0.00239	0.00631	0.00523	0.00612	0.00984
73	0.01110	0.00817	0.01176	0.01173	0.01294	0.00925	0.00883	0.01351	0.01279	0.01826	0.05597	0.03489	0.02352	0.15400	0.56403	0.01121	0.01792	0.00905	0.00447	0.00662
74	0.01929	0.01666	0.01753	0.01578	0.02016	0.01929	0.01227	0.04120	0.66513	0.03243	0.03156	0.02893	0.02367	0.01052	0.00789	0.00263	0.00614	0.00877	0.00789	0.01227
75	0.02567	0.05797	0.06905	0.07495	0.05384	0.43869	0.01656	0.08891	0.06003	0.02331	0.01411	0.01616	0.01121	0.00811	0.00716	0.00214	0.01213	0.00565	0.00446	0.00990
76	0.01319	0.03681	0.14305	0.01268	0.01695	0.01118	0.01211	0.06045	0.02079	0.02862	0.35373	0.04986	0.15635	0.01435	0.00865	0.00249	0.00584	0.03744	0.00702	0.00847
77	0.07243	0.05701	0.02209	0.01778	0.02278	0.31873	0.01407	0.27856	0.04641	0.03229	0.01710	0.01795	0.03147	0.00884	0.00718	0.00218	0.01056	0.00616	0.00573	0.01070
78	0.73699	0.01648	0.05132	0.01090	0.01609	0.01743	0.00959	0.02290	0.01338	0.03418	0.01098	0.01282	0.00848	0.00721	0.00495	0.00240	0.00632	0.00429	0.00471	0.00858

[dist]
# distance from previous block
# <min> <max>
0	1

[block]
# block no. 1 follows, 25 sequences, length 40
# corresponding to MSA columns:
# 97-136
name=unknown_B
#
# <colnr> <probs for GDERKNQSTAVLIFYWHMCP>
#	G	D	E	R	K	N	Q	S	T	A	V	L	I	F	Y	W	H	M	C	P
0	0.01673	0.03665	0.58564	0.02380	0.07066	0.01784	0.06198	0.02509	0.01680	0.05261	0.01476	0.01721	0.01047	0.00739	0.00750	0.00245	0.01121	0.00607	0.00361	0.01152
1	0.01556	0.01422	0.02268	0.53312	0.10306	0.01709	0.01992	0.02232	0.09447	0.02154	0.01600	0.02168	0.01228	0.00891	0.00881	0.03853	0.00956	0.00711	0.00402	0.00914
2	0.01033	0.00779	0.00955	0.00935	0.01125	0.00701	0.00692	0.01331	0.02009	0.02724	0.45156	0.12840	0.23340	0.01771	0.00922	0.00256	0.00381	0.01545	0.00804	0.00701
3	0.01347	0.00673	0.01010	0.01010	0.01010	0.00673	0.00673	0.01010	0.01010	0.01347	0.01347	0.02357	0.01347	0.02694	0.03030	0.77441	0.00673	0.00673	0.00337	0.00337
4	0.02073	0.73217	0.04063	0.01327	0.01990	0.03068	0.01327	0.02322	0.01575	0.01824	0.01078	0.01244	0.00995	0.00663	0.00498	0.00166	0.00829	0.00415	0.00332	0.00995
5	0.01195	0.01093	0.05947	0.01101	0.01390	0.00879	0.00917	0.01683	0.05122	0.03039	0.56445	0.05149	0.06321	0.01449	0.00879	0.00238	0.00444	0.01271	0.00793	0.04646
6	0.09354	0.01483	0.01817	0.01414	0.01988	0.01426	0.01164	0.16054	0.02435	0.47195	0.05657	0.02516	0.01961	0.00963	0.00761	0.00239	0.00680	0.00763	0.00878	0.01253
7	0.02174	0.68068	0.03901	0.01330	0.01989	0.02930	0.01313	0.02426	0.01622	0.06596	0.01220	0.01344	0.01061	0.00685	0.00518	0.00171	0.00817	0.00441	0.00377	0.01018
8	0.01108	0.00831	0.01246	0.01246	0.01385	0.00969	0.00969	0.01385	0.01246	0.01800	0.02077	0.03046	0.01938	0.05815	0.69678	0.01246	0.02077	0.00831	0.00415	0.00692
9	0.01097	0.00793	0.01036	0.00975	0.01158	0.00732	0.00732	0.01463	0.02195	0.03109	0.67505	0.05792	0.07316	0.01585	0.00914	0.00244	0.00366	0.01402	0.00854	0.00732
10	0.01125	0.00761	0.00891	0.00891	0.00907	0.00777	0.00527	0.01157	0.01141	0.01537	0.02401	0.04843	0.02718	0.65111	0.11449	0.00808	0.00903	0.01094	0.00464	0.00495
11	0.01608	0.01378	0.01608	0.01148	0.01837	0.01034	0.00919	0.01952	0.01608	0.02527	0.01378	0.01608	0.01148	0.00574	0.00574	0.00115	0.00574	0.00459	0.00459	0.77491
12	0.02079	0.13049	0.10953	0.01608	0.02303	0.01756	0.06571	0.13476	0.02088	0.09469	0.06338	0.02042	0.01655	0.00789	0.00691	0.00194	0.00790	0.00646	0.00551	0.22951
13	0.01819	0.02059	0.04396	0.03168	0.03888	0.01995	0.59929	0.02433	0.01778	0.02433	0.01524	0.02059	0.01164	0.00711	0.01048	0.00268	0.07016	0.00896	0.00388	0.01030
14	0.78228	0.01499	0.01140	0.01020	0.01499	0.01739	0.00840	0.02279	0.01320	0.03479	0.01080	0.01260	0.00840	0.00720	0.00480	0.00240	0.00600	0.00420	0.00480	0.00840
15	0.06730	0.53173	0.03403	0.01336	0.01959	0.02650	0.01267	0.07563	0.01818	0.08728	0.04093	0.01620	0.01365	0.00756	0.00564	0.00186	0.00782	0.00515	0.00460	0.01033
16	0.02819	0.02224	0.09800	0.01748	0.02428	0.02095	0.01562	0.46545	0.03126	0.14100	0.01971	0.01944	0.01364	0.00900	0.00764	0.00231	0.00847	0.00687	0.00741	0.04103
17	0.02947	0.02172	0.02327	0.01784	0.02404	0.02404	0.01474	0.65329	0.03646	0.04887	0.01862	0.01862	0.01319	0.00931	0.00776	0.00233	0.00853	0.00698	0.00776	0.01319
18	0.01118	0.00748	0.00848	0.00857	0.00860	0.00746	0.00482	0.01125	0.01146	0.01527	0.02535	0.08453	0.02935	0.69213	0.03798	0.00730	0.00737	0.01182	0.00482	0.00478
19	0.01097	0.00793	0.01036	0.00975	0.01158	0.00732	0.00732	0.01463	0.02195	0.03109	0.67505	0.05792	0.07316	0.01585	0.00914	0.00244	0.00366	0.01402	0.00854	0.00732
20	0.01079	0.00792	0.01011	0.00956	0.01147	0.00724	0.00717	0.01428	0.02152	0.03007	0.61499	0.05960	0.13386	0.01623	0.00915	0.00246	0.00369	0.01426	0.00840	0.00724
21	0.01249	0.00892	0.01249	0.01428	0.01606	0.00892	0.01249	0.01606	0.01785	0.02320	0.04105	0.08746	0.04462	0.02142	0.01071	0.00357	0.00714	0.62695	0.00714	0.00714
22	0.01929	0.01666	0.01753	0.01578	0.02016	0.01929	0.01227	0.04120	0.66513	0.03243	0.03156	0.02893	0.02367	0.01052	0.00789	0.00263	0.00614	0.00877	0.00789	0.01227
23	0.02896	0.03695	0.02197	0.01998	0.02397	0.69638	0.01498	0.03096	0.02197	0.01898	0.01199	0.01398	0.00999	0.00799	0.00699	0.00200	0.01398	0.00499	0.00400	0.00899
24	0.01114	0.00804	0.01109	0.01109	0.01199	0.00894	0.00798	0.01296	0.01205	0.01698	0.02203	0.03743	0.02241	0.28816	0.47091	0.01076	0.01621	0.00933	0.00434	0.00616
25	0.00916	0.00785	0.00785	0.00785	0.01047	0.00655	0.00589	0.01113	0.01767	0.02095	0.07855	0.07462	0.67599	0.01964	0.00916	0.00262	0.00393	0.01636	0.00720	0.00655
26	0.01032	0.00830	0.00944	0.00972	0.01219	0.00728	0.00769	0.01278	0.01776	0.02211	0.09578	0.09954	0.44688	0.01949	0.00942	0.00279	0.00476	0.15913	0.00715	0.03746
27	0.01929	0.01666	0.01753	0.01578	0.02016	0.01929	0.01227	0.04120	0.66513	0.03243	0.03156	0.02893	0.02367	0.01052	0.00789	0.00263	0.00614	0.00877	0.00789	0.01227
28	0.01712	0.07017	0.38562	0.02158	0.10401	0.01629	0.02166	0.02352	0.01724	0.07814	0.05543	0.05121	0.04285	0.00902	0.00748	0.00234	0.00926	0.00744	0.00455	0.05508
29	0.68302	0.01672	0.06049	0.05141	0.01854	0.01743	0.01061	0.02275	0.01356	0.03319	0.01119	0.01333	0.00861	0.00724	0.00515	0.00241	0.00664	0.00446	0.00461	0.00863
30	0.01830	0.02092	0.04575	0.03268	0.04052	0.01961	0.65098	0.02484	0.01830	0.02484	0.01569	0.02092	0.01176	0.00654	0.00915	0.00261	0.01307	0.00915	0.00392	0.01046
31	0.02052	0.01881	0.02758	0.06176	0.34396	0.04018	0.07036	0.12420	0.12731	0.02992	0.04440	0.02229	0.01654	0.00827	0.00788	0.00239	0.00889	0.00763	0.00530	0.01182
32	0.01386	0.01264	0.02299	0.01963	0.02336	0.01206	0.22696	0.01806	0.01764	0.02320	0.03537	0.13734	0.07952	0.01660	0.00998	0.00313	0.00861	0.30487	0.00606	0.00812
33	0.62889	0.05740	0.01481	0.01148	0.01659	0.01913	0.00960	0.11444	0.01672	0.03588	0.01193	0.01346	0.00918	0.00747	0.00524	0.00235	0.00650	0.00460	0.00514	0.00918
34	0.01798	0.01640	0.02487	0.06013	0.39068	0.01733	0.01890	0.02689	0.18508	0.02624	0.02102	0.02672	0.01764	0.01291	0.06409	0.00330	0.00928	0.04405	0.00509	0.01140
35	0.01445	0.00723	0.00723	0.00723	0.00903	0.00723	0.00542	0.01807	0.01626	0.02891	0.02529	0.02891	0.01987	0.00903	0.00542	0.00181	0.00361	0.00723	0.77055	0.00723
36	0.01604	0.01593	0.07080	0.01235	0.01961	0.01096	0.01077	0.01993	0.01610	0.02521	0.01379	0.01610	0.01135	0.00587	0.00587	0.00125	0.00621	0.00469	0.00449	0.71266
37	0.01555	0.04011	0.68733	0.02210	0.03356	0.01801	0.02865	0.02455	0.01637	0.02455	0.01391	0.01637	0.00982	0.00737	0.00737	0.00246	0.01146	0.00573	0.00327	0.01146
38	0.01053	0.00799	0.01009	0.01070	0.01237	0.00698	0.00743	0.01227	0.01525	0.02078	0.04050	0.55902	0.08943	0.02088	0.00916	0.00278	0.00466	0.01874	0.00677	0.13366
39	0.04825	0.01957	0.06864	0.02104	0.09412	0.07055	0.12340	0.05032	0.01829	0.08387	0.01552	0.01800	0.01198	0.00707	0.00755	0.00195	0.02946	0.00616	0.00481	0.29946

[dist]
# distance from previous block
# <min> <max>
1	6

[block]
# block no. 2 follows, 25 sequences, length 11
# corresponding to MSA columns:
# 143-153
name=unknown_C
#
# <colnr> <probs for GDERKNQSTAVLIFYWHMCP>
#	G	D	E	R	K	N	Q	S	T	A	V	L	I	F	Y	W	H	M	C	P
0	0.02255	0.08704	0.02451	0.05605	0.12647	0.22945	0.04086	0.11099	0.10164	0.02594	0.01882	0.08632	0.01656	0.00970	0.00754	0.00230	0.00989	0.00786	0.00518	0.01034
1	0.01445	0.00723	0.00723	0.00723	0.00903	0.00723	0.00542	0.01807	0.01626	0.02891	0.02529	0.02891	0.01987	0.00903	0.00542	0.00181	0.00361	0.00723	0.77055	0.00723
2	0.02329	0.02019	0.02229	0.02227	0.13721	0.08128	0.01532	0.27063	0.17372	0.03485	0.02376	0.02424	0.05833	0.00995	0.00873	0.00244	0.04545	0.00780	0.00649	0.01176
3	0.02886	0.02337	0.02279	0.01800	0.02382	0.10865	0.01463	0.54149	0.06878	0.04420	0.01848	0.01859	0.01335	0.00921	0.00767	0.00230	0.00909	0.00683	0.00729	0.01261
4	0.02176	0.54189	0.03575	0.01512	0.02064	0.14398	0.01393	0.02409	0.01643	0.01841	0.01093	0.01315	0.00998	0.00756	0.00736	0.00189	0.07949	0.00455	0.00344	0.00964
5	0.02776	0.06436	0.05724	0.05334	0.07562	0.01754	0.01477	0.17318	0.09179	0.30796	0.02369	0.02260	0.01621	0.00901	0.00758	0.00236	0.00775	0.00725	0.00749	0.01249
6	0.02073	0.73217	0.04063	0.01327	0.01990	0.03068	0.01327	0.02322	0.01575	0.01824	0.01078	0.01244	0.00995	0.00663	0.00498	0.00166	0.00829	0.00415	0.00332	0.00995
7	0.01445	0.00723	0.00723	0.00723	0.00903	0.00723	0.00542	0.01807	0.01626	0.02891	0.02529	0.02891	0.01987	0.00903	0.00542	0.00181	0.00361	0.00723	0.77055	0.00723
8	0.01788	0.12421	0.28905	0.02526	0.17703	0.01857	0.04810	0.02460	0.04605	0.05773	0.08183	0.02190	0.01794	0.00823	0.00741	0.00232	0.00931	0.00700	0.00448	0.01110
9	0.40854	0.07989	0.07954	0.05007	0.13003	0.01798	0.01394	0.02337	0.01543	0.06230	0.04518	0.01729	0.01309	0.00768	0.00603	0.00233	0.00735	0.00557	0.00473	0.00966
10	0.67367	0.01551	0.01310	0.04997	0.01793	0.01796	0.00969	0.07760	0.01535	0.03518	0.01165	0.01357	0.00892	0.00741	0.00522	0.00240	0.00646	0.00459	0.00498	0.00883

[dist]
# distance from previous block
# <min> <max>
0	1

[block]
# block no. 3 follows, 25 sequences, length 6
# corresponding to MSA columns:
# 155-160
name=unknown_D
#
# <colnr> <probs for GDERKNQSTAVLIFYWHMCP>
#	G	D	E	R	K	N	Q	S	T	A	V	L	I	F	Y	W	H	M	C	P
0	0.01186	0.00859	0.01070	0.01050	0.01148	0.00921	0.00720	0.01494	0.06803	0.01884	0.07902	0.04286	0.02874	0.38737	0.24924	0.00829	0.01141	0.01032	0.00512	0.00629
1	0.01799	0.02188	0.14340	0.11182	0.43392	0.01835	0.09245	0.02361	0.01728	0.02456	0.01451	0.01906	0.01160	0.00704	0.00779	0.00239	0.01013	0.00695	0.00371	0.01155
2	0.01464	0.01378	0.02326	0.70887	0.05340	0.01723	0.02153	0.01981	0.01550	0.01981	0.01378	0.02067	0.01034	0.00775	0.00775	0.00258	0.01034	0.00689	0.00345	0.00861
3	0.01929	0.01666	0.01753	0.01578	0.02016	0.01929	0.01227	0.04120	0.66513	0.03243	0.03156	0.02893	0.02367	0.01052	0.00789	0.00263	0.00614	0.00877	0.00789	0.01227
4	0.78228	0.01499	0.01140	0.01020	0.01499	0.01739	0.00840	0.02279	0.01320	0.03479	0.01080	0.01260	0.00840	0.00720	0.00480	0.00240	0.00600	0.00420	0.00480	0.00840
5	0.02074	0.09850	0.02523	0.01925	0.02131	0.13911	0.01599	0.08859	0.01662	0.02187	0.01145	0.01614	0.01044	0.01141	0.01820	0.00285	0.44288	0.00621	0.00395	0.00923

[dist]
# distance from previous block
# <min> <max>
0	20

[block]
# block no. 4 follows, 25 sequences, length 8
# corresponding to MSA columns:
# 181-188
name=unknown_E
#
# <colnr> <probs for GDERKNQSTAVLIFYWHMCP>
#	G	D	E	R	K	N	Q	S	T	A	V	L	I	F	Y	W	H	M	C	P
0	0.78228	0.01499	0.01140	0.01020	0.01499	0.01739	0.00840	0.02279	0.01320	0.03479	0.01080	0.01260	0.00840	0.00720	0.00480	0.00240	0.00600	0.00420	0.00480	0.00840
1	0.01772	0.02165	0.12835	0.08402	0.09857	0.01935	0.28752	0.05752	0.01760	0.02460	0.01569	0.05047	0.01301	0.00881	0.01108	0.00269	0.11866	0.00834	0.00406	0.01030
2	0.01276	0.00954	0.01381	0.01688	0.07477	0.00949	0.01293	0.01618	0.01750	0.02302	0.03887	0.15058	0.04246	0.02044	0.01035	0.00341	0.00704	0.50563	0.00685	0.00751
3	0.01929	0.01666	0.01753	0.01578	0.02016	0.01929	0.01227	0.04120	0.66513	0.03243	0.03156	0.02893	0.02367	0.01052	0.00789	0.00263	0.00614	0.00877	0.00789	0.01227
4	0.78228	0.01499	0.01140	0.01020	0.01499	0.01739	0.00840	0.02279	0.01320	0.03479	0.01080	0.01260	0.00840	0.00720	0.00480	0.00240	0.00600	0.00420	0.00480	0.00840
5	0.01449	0.01384	0.04944	0.18935	0.17091	0.01361	0.01573	0.02037	0.07135	0.02642	0.25844	0.03680	0.06493	0.01125	0.00830	0.00247	0.00708	0.01001	0.00590	0.00929
6	0.01445	0.00723	0.00723	0.00723	0.00903	0.00723	0.00542	0.01807	0.01626	0.02891	0.02529	0.02891	0.01987	0.00903	0.00542	0.00181	0.00361	0.00723	0.77055	0.00723
7	0.01327	0.07844	0.01401	0.01119	0.01358	0.07098	0.00870	0.01629	0.02008	0.02640	0.40667	0.12094	0.10692	0.01575	0.00872	0.00247	0.00531	0.04542	0.00732	0.00754

[dist]
# distance from previous block
# <min> <max>
2	5

[block]
# block no. 5 follows, 25 sequences, length 127
# corresponding to MSA columns:
# 194-320
name=unknown_F
#
# <colnr> <probs for GDERKNQSTAVLIFYWHMCP>
#	G	D	E	R	K	N	Q	S	T	A	V	L	I	F	Y	W	H	M	C	P
0	0.10961	0.02011	0.02736	0.12932	0.31870	0.11285	0.08546	0.02517	0.05270	0.02511	0.01470	0.01861	0.01180	0.00737	0.00742	0.00236	0.00989	0.00666	0.00415	0.01066
1	0.02063	0.01688	0.01889	0.01812	0.06865	0.01908	0.01321	0.07303	0.55055	0.06622	0.02956	0.02752	0.02203	0.01014	0.00786	0.00258	0.00652	0.00848	0.00767	0.01237
2	0.01445	0.00723	0.00723	0.00723	0.00903	0.00723	0.00542	0.01807	0.01626	0.02891	0.02529	0.02891	0.01987	0.00903	0.00542	0.00181	0.00361	0.00723	0.77055	0.00723
3	0.01565	0.03939	0.66341	0.02249	0.03382	0.01807	0.05186	0.02457	0.01644	0.02457	0.01398	0.01654	0.00989	0.00734	0.00743	0.00246	0.01152	0.00586	0.00330	0.01142
4	0.01032	0.00784	0.00950	0.00921	0.01122	0.00702	0.00686	0.01333	0.02022	0.02730	0.45379	0.09897	0.26115	0.01749	0.00919	0.00253	0.00379	0.01519	0.00804	0.00702
5	0.01107	0.00856	0.01236	0.01246	0.01378	0.00830	0.05471	0.01361	0.03547	0.02051	0.06107	0.41411	0.06275	0.12964	0.04633	0.00418	0.00658	0.07130	0.00650	0.00670
6	0.03271	0.01505	0.01896	0.01470	0.02062	0.01434	0.01209	0.15452	0.06942	0.51905	0.02839	0.02509	0.01837	0.00961	0.00780	0.00240	0.00693	0.00771	0.00913	0.01313
7	0.01347	0.00673	0.01010	0.01010	0.01010	0.00673	0.00673	0.01010	0.01010	0.01347	0.01347	0.02357	0.01347	0.02694	0.03030	0.77441	0.00673	0.00673	0.00337	0.00337
8	0.01445	0.00723	0.00723	0.00723	0.00903	0.00723	0.00542	0.01807	0.01626	0.02891	0.02529	0.02891	0.01987	0.00903	0.00542	0.00181	0.00361	0.00723	0.77055	0.00723
9	0.01608	0.01378	0.01608	0.01148	0.01837	0.01034	0.00919	0.01952	0.01608	0.02527	0.01378	0.01608	0.01148	0.00574	0.00574	0.00115	0.00574	0.00459	0.00459	0.77491
10	0.01120	0.00849	0.01039	0.00993	0.01201	0.00801	0.00743	0.01578	0.06798	0.02887	0.49305	0.09443	0.17018	0.01655	0.00910	0.00252	0.00393	0.01446	0.00819	0.00749
11	0.01570	0.03906	0.65245	0.02267	0.03394	0.01809	0.06248	0.02457	0.01647	0.02457	0.01401	0.01662	0.00993	0.00732	0.00746	0.00246	0.01155	0.00592	0.00331	0.01140
12	0.02249	0.51783	0.03503	0.01535	0.02092	0.19182	0.01392	0.02481	0.01702	0.01845	0.01103	0.01310	0.00997	0.00741	0.00677	0.00185	0.05463	0.00452	0.00349	0.00962
13	0.02035	0.68145	0.08803	0.01391	0.02090	0.02975	0.01439	0.02332	0.01580	0.01870	0.01101	0.01273	0.00994	0.00669	0.00515	0.00172	0.00852	0.00426	0.00331	0.01006
14	0.01615	0.01514	0.02289	0.35002	0.03653	0.01872	0.03826	0.04699	0.03607	0.02166	0.01460	0.04556	0.01249	0.01010	0.01309	0.00274	0.22256	0.00739	0.00399	0.06502
15	0.01947	0.04182	0.09162	0.02327	0.14430	0.16930	0.04439	0.04631	0.08729	0.02448	0.07857	0.02471	0.03951	0.01358	0.06615	0.00322	0.05948	0.00764	0.00490	0.01000
16	0.01004	0.00850	0.00875	0.00857	0.01126	0.00754	0.00646	0.01359	0.06544	0.02252	0.11827	0.07006	0.58455	0.01869	0.00907	0.00261	0.00407	0.01564	0.00735	0.00702
17	0.01608	0.01378	0.01608	0.01148	0.01837	0.01034	0.00919	0.01952	0.01608	0.02527	0.01378	0.01608	0.01148	0.00574	0.00574	0.00115	0.00574	0.00459	0.00459	0.77491
18	0.02241	0.44263	0.05500	0.01858	0.08192	0.17681	0.01528	0.04538	0.01787	0.02027	0.01173	0.01388	0.01028	0.00731	0.00653	0.00190	0.03369	0.00482	0.00366	0.01005
19	0.01608	0.01378	0.01608	0.01148	0.01837	0.01034	0.00919	0.01952	0.01608	0.02527	0.01378	0.01608	0.01148	0.00574	0.00574	0.00115	0.00574	0.00459	0.00459	0.77491
20	0.02032	0.01365	0.01651	0.01201	0.01870	0.01058	0.00969	0.02366	0.01746	0.17465	0.01759	0.01841	0.01323	0.00662	0.00621	0.00143	0.00594	0.00532	0.00573	0.60231
21	0.00963	0.00694	0.00917	0.01089	0.01153	0.00648	0.00749	0.01116	0.01518	0.02007	0.04430	0.65026	0.08000	0.02388	0.00992	0.00315	0.00465	0.06174	0.00719	0.00636
22	0.00945	0.00675	0.00900	0.01080	0.01125	0.00630	0.00720	0.01080	0.01484	0.01979	0.04274	0.72245	0.05128	0.02429	0.00990	0.00315	0.00450	0.02204	0.00720	0.00630
23	0.01382	0.00970	0.01269	0.01393	0.03658	0.00953	0.01085	0.04480	0.04246	0.05966	0.04371	0.21324	0.12676	0.01974	0.00983	0.00315	0.00619	0.30828	0.00724	0.00783
24	0.02834	0.01985	0.02171	0.01691	0.02275	0.02167	0.01388	0.51386	0.08642	0.10925	0.04989	0.02197	0.01730	0.00973	0.00783	0.00236	0.00793	0.00752	0.00798	0.01285
25	0.03406	0.01436	0.01872	0.01435	0.02038	0.01313	0.01185	0.12215	0.02415	0.59739	0.02895	0.02533	0.01837	0.00956	0.00779	0.00239	0.00686	0.00769	0.00934	0.01319
26	0.01555	0.04011	0.68733	0.02210	0.03356	0.01801	0.02865	0.02455	0.01637	0.02455	0.01391	0.01637	0.00982	0.00737	0.00737	0.00246	0.01146	0.00573	0.00327	0.01146
27	0.02896	0.03695	0.02197	0.01998	0.02397	0.69638	0.01498	0.03096	0.02197	0.01898	0.01199	0.01398	0.00999	0.00799	0.00699	0.00200	0.01398	0.00499	0.00400	0.00899
28	0.01113	0.00809	0.01135	0.01135	0.01235	0.00909	0.00831	0.01313	0.01213	0.01718	0.02178	0.03608	0.02182	0.24358	0.51469	0.01109	0.01710	0.00913	0.00430	0.00631
29	0.01929	0.01666	0.01753	0.01578	0.02016	0.01929	0.01227	0.04120	0.66513	0.03243	0.03156	0.02893	0.02367	0.01052	0.00789	0.00263	0.00614	0.00877	0.00789	0.01227
30	0.00945	0.00675	0.00900	0.01080	0.01125	0.00630	0.00720	0.01080	0.01484	0.01979	0.04274	0.72245	0.05128	0.02429	0.00990	0.00315	0.00450	0.02204	0.00720	0.00630
31	0.01126	0.00757	0.00875	0.00875	0.00885	0.00768	0.00506	0.01146	0.01136	0.01525	0.02416	0.04925	0.02754	0.67845	0.08764	0.00788	0.00849	0.01106	0.00466	0.00486
32	0.00916	0.00785	0.00785	0.00785	0.01047	0.00655	0.00589	0.01113	0.01767	0.02095	0.07855	0.07462	0.67599	0.01964	0.00916	0.00262	0.00393	0.01636	0.00720	0.00655
33	0.01895	0.01817	0.03103	0.08323	0.64542	0.01836	0.02367	0.02358	0.01754	0.02503	0.01454	0.01927	0.01218	0.00695	0.00768	0.00232	0.00927	0.00691	0.00382	0.01208
34	0.02896	0.03695	0.02197	0.01998	0.02397	0.69638	0.01498	0.03096	0.02197	0.01898	0.01199	0.01398	0.00999	0.00799	0.00699	0.00200	0.01398	0.00499	0.00400	0.00899
35	0.02879	0.02119	0.02271	0.01749	0.02346	0.02343	0.01436	0.62925	0.03551	0.04760	0.01883	0.01982	0.01375	0.03620	0.00894	0.00252	0.00849	0.00714	0.00764	0.01287
36	0.01026	0.00790	0.00937	0.00900	0.01114	0.00701	0.00675	0.01324	0.02025	0.02707	0.43865	0.06454	0.31207	0.01735	0.00915	0.00251	0.00376	0.01495	0.00801	0.00701
37	0.02145	0.01803	0.01852	0.05341	0.02242	0.06930	0.01304	0.07231	0.50090	0.07944	0.02837	0.02662	0.02103	0.01005	0.00780	0.00255	0.00711	0.00822	0.00748	0.01195
38	0.01128	0.00752	0.00846	0.00846	0.00846	0.00752	0.00470	0.01128	0.01128	0.01503	0.02443	0.05074	0.02819	0.72751	0.03946	0.00752	0.00752	0.01128	0.00470	0.00470
39	0.01608	0.01378	0.01608	0.01148	0.01837	0.01034	0.00919	0.01952	0.01608	0.02527	0.01378	0.01608	0.01148	0.00574	0.00574	0.00115	0.00574	0.00459	0.00459	0.77491
40	0.01555	0.01593	0.13236	0.01628	0.02077	0.01150	0.10585	0.03886	0.01773	0.10346	0.06638	0.31489	0.07599	0.01579	0.00894	0.00276	0.00725	0.01437	0.00642	0.00891
41	0.01126	0.00758	0.00878	0.00878	0.00889	0.00769	0.00510	0.01148	0.01137	0.01527	0.02414	0.04912	0.02749	0.67409	0.09192	0.00791	0.00857	0.01104	0.00465	0.00488
42	0.38092	0.16571	0.04865	0.04065	0.11509	0.05031	0.05405	0.02348	0.01527	0.02783	0.01191	0.01450	0.00967	0.00706	0.00581	0.00224	0.00808	0.00507	0.00416	0.00955
43	0.01097	0.00793	0.01036	0.00975	0.01158	0.00732	0.00732	0.01463	0.02195	0.03109	0.67505	0.05792	0.07316	0.01585	0.00914	0.00244	0.00366	0.01402	0.00854	0.00732
44	0.01804	0.01458	0.01709	0.04571	0.06453	0.01591	0.01198	0.14130	0.25832	0.03240	0.17421	0.03629	0.06526	0.05732	0.01021	0.00282	0.00638	0.00997	0.00730	0.01039
45	0.01464	0.01378	0.02326	0.70887	0.05340	0.01723	0.02153	0.01981	0.01550	0.01981	0.01378	0.02067	0.01034	0.00775	0.00775	0.00258	0.01034	0.00689	0.00345	0.00861
46	0.02913	0.02155	0.02307	0.01777	0.02391	0.02388	0.01465	0.63250	0.05780	0.04831	0.01905	0.01897	0.01354	0.00935	0.00776	0.00234	0.00845	0.00704	0.00776	0.01315
47	0.02896	0.03695	0.02197	0.01998	0.02397	0.69638	0.01498	0.03096	0.02197	0.01898	0.01199	0.01398	0.00999	0.00799	0.00699	0.00200	0.01398	0.00499	0.00400	0.00899
48	0.00945	0.00675	0.00900	0.01080	0.01125	0.00630	0.00720	0.01080	0.01484	0.01979	0.04274	0.72245	0.05128	0.02429	0.00990	0.00315	0.00450	0.02204	0.00720	0.00630
49	0.01097	0.00793	0.01036	0.00975	0.01158	0.00732	0.00732	0.01463	0.02195	0.03109	0.67505	0.05792	0.07316	0.01585	0.00914	0.00244	0.00366	0.01402	0.00854	0.00732
50	0.01555	0.04011	0.68733	0.02210	0.03356	0.01801	0.02865	0.02455	0.01637	0.02455	0.01391	0.01637	0.00982	0.00737	0.00737	0.00246	0.01146	0.00573	0.00327	0.01146
51	0.54964	0.09995	0.10840	0.01260	0.01860	0.01934	0.01208	0.05736	0.01519	0.03227	0.01165	0.01342	0.00903	0.00727	0.00533	0.00232	0.00715	0.00455	0.00458	0.00925
52	0.00983	0.00788	0.00878	0.00856	0.01088	0.00683	0.00642	0.01242	0.01925	0.02470	0.29905	0.06845	0.45315	0.01824	0.00916	0.00255	0.00383	0.01550	0.00769	0.00683
53	0.02240	0.59144	0.03685	0.01462	0.02072	0.16543	0.01361	0.02478	0.01701	0.01839	0.01102	0.01275	0.00996	0.00691	0.00538	0.00173	0.00944	0.00432	0.00345	0.00976
54	0.04958	0.01961	0.02353	0.02063	0.08020	0.10996	0.09963	0.18071	0.04409	0.17445	0.02509	0.02722	0.06389	0.00985	0.00798	0.00242	0.00897	0.03430	0.00663	0.01124
55	0.05094	0.10329	0.04372	0.06910	0.06695	0.19464	0.06553	0.06071	0.12335	0.07219	0.03925	0.04263	0.01656	0.00894	0.00736	0.00230	0.00964	0.00721	0.00533	0.01035
56	0.01108	0.00831	0.01246	0.01246	0.01385	0.00969	0.00969	0.01385	0.01246	0.01800	0.02077	0.03046	0.01938	0.05815	0.69678	0.01246	0.02077	0.00831	0.00415	0.00692
57	0.00926	0.00749	0.00823	0.00882	0.01073	0.00646	0.00632	0.01102	0.01674	0.02057	0.06676	0.28782	0.47040	0.02117	0.00940	0.00279	0.00412	0.01823	0.00720	0.00646
58	0.06733	0.02098	0.02485	0.02848	0.26941	0.09517	0.01746	0.23569	0.07182	0.06727	0.01749	0.01913	0.01330	0.00824	0.00749	0.00231	0.00898	0.00675	0.00580	0.01204
59	0.02270	0.02167	0.02700	0.05969	0.32783	0.12263	0.03895	0.16298	0.08601	0.02993	0.01674	0.01935	0.01316	0.00797	0.00766	0.00231	0.00965	0.00689	0.00510	0.01177
60	0.01445	0.00723	0.00723	0.00723	0.00903	0.00723	0.00542	0.01807	0.01626	0.02891	0.02529	0.02891	0.01987	0.00903	0.00542	0.00181	0.00361	0.00723	0.77055	0.00723
61	0.01017	0.00760	0.00955	0.01071	0.01184	0.00720	0.00752	0.01295	0.04928	0.02170	0.09997	0.51451	0.13703	0.02211	0.00967	0.00301	0.00455	0.04653	0.00734	0.00676
62	0.01179	0.00916	0.01304	0.01265	0.01362	0.01092	0.00963	0.01394	0.01218	0.01754	0.02021	0.03258	0.01992	0.17448	0.49993	0.01052	0.09838	0.00867	0.00416	0.00670
63	0.01994	0.36507	0.03175	0.01689	0.02048	0.09192	0.01498	0.02205	0.01473	0.01849	0.01064	0.01449	0.01005	0.00968	0.01376	0.00242	0.30468	0.00534	0.00341	0.00924
64	0.01631	0.01579	0.05972	0.01415	0.05326	0.01153	0.01128	0.02077	0.03733	0.02546	0.01441	0.01667	0.01182	0.00606	0.00601	0.00134	0.00630	0.00492	0.00458	0.66230
65	0.01882	0.13405	0.21342	0.04764	0.18008	0.05634	0.04157	0.02633	0.09811	0.04564	0.05190	0.02071	0.01594	0.00809	0.00730	0.00230	0.00936	0.00677	0.00454	0.01109
66	0.02104	0.16902	0.07690	0.03006	0.30304	0.14447	0.01906	0.02704	0.09253	0.02349	0.01524	0.01778	0.01252	0.00750	0.00700	0.00216	0.00970	0.00612	0.00419	0.01115
67	0.02812	0.18829	0.04564	0.01618	0.02220	0.06894	0.04804	0.10796	0.02157	0.31417	0.02084	0.02020	0.01450	0.00868	0.00790	0.00224	0.03953	0.00659	0.00670	0.01171
68	0.01608	0.01410	0.01785	0.05689	0.02159	0.01119	0.03836	0.01978	0.01614	0.02490	0.01387	0.01658	0.01142	0.00591	0.00602	0.00130	0.00636	0.00494	0.00449	0.69224
69	0.00963	0.00691	0.00929	0.01085	0.01143	0.00657	0.00736	0.01119	0.01506	0.02026	0.07373	0.64428	0.05037	0.02602	0.05366	0.00371	0.00549	0.02076	0.00707	0.00639
70	0.01445	0.00723	0.00723	0.00723	0.00903	0.00723	0.00542	0.01807	0.01626	0.02891	0.02529	0.02891	0.01987	0.00903	0.00542	0.00181	0.00361	0.00723	0.77055	0.00723
71	0.01608	0.01378	0.01608	0.01148	0.01837	0.01034	0.00919	0.01952	0.01608	0.02527	0.01378	0.01608	0.01148	0.00574	0.00574	0.00115	0.00574	0.00459	0.00459	0.77491
72	0.00916	0.00785	0.00785	0.00785	0.01047	0.00655	0.00589	0.01113	0.01767	0.02095	0.07855	0.07462	0.67599	0.01964	0.00916	0.00262	0.00393	0.01636	0.00720	0.00655
73	0.01128	0.00752	0.00846	0.00846	0.00846	0.00752	0.00470	0.01128	0.01128	0.01503	0.02443	0.05074	0.02819	0.72751	0.03946	0.00752	0.00752	0.01128	0.00470	0.00470
74	0.01680	0.01609	0.02766	0.39039	0.33407	0.01784	0.04250	0.02176	0.01656	0.02245	0.01420	0.02001	0.01126	0.00733	0.00776	0.00246	0.00992	0.00697	0.00364	0.01032
75	0.00954	0.00682	0.00911	0.01091	0.01140	0.00638	0.00737	0.01096	0.01494	0.01990	0.04268	0.70214	0.05107	0.02420	0.00992	0.00316	0.00458	0.04139	0.00720	0.00632
76	0.78228	0.01499	0.01140	0.01020	0.01499	0.01739	0.00840	0.02279	0.01320	0.03479	0.01080	0.01260	0.00840	0.00720	0.00480	0.00240	0.00600	0.00420	0.00480	0.00840
77	0.02073	0.73217	0.04063	0.01327	0.01990	0.03068	0.01327	0.02322	0.01575	0.01824	0.01078	0.01244	0.00995	0.00663	0.00498	0.00166	0.00829	0.00415	0.00332	0.00995
78	0.00919	0.00777	0.00795	0.00809	0.01053	0.00653	0.00600	0.01110	0.01745	0.02085	0.07569	0.12632	0.62614	0.02001	0.00922	0.00266	0.00397	0.01682	0.00720	0.00653
79	0.01195	0.00815	0.01060	0.00986	0.01190	0.00746	0.00744	0.01551	0.02179	0.05944	0.62293	0.05720	0.09480	0.01573	0.00909	0.00244	0.00380	0.01384	0.00853	0.00754
80	0.01887	0.02047	0.09560	0.10715	0.46712	0.01867	0.07442	0.05779	0.01839	0.02595	0.01475	0.01917	0.01186	0.00714	0.00778	0.00237	0.00982	0.00698	0.00396	0.01174
81	0.01041	0.00935	0.05075	0.04446	0.01512	0.00790	0.00976	0.01267	0.01514	0.02032	0.03853	0.55733	0.04486	0.02373	0.03994	0.00353	0.00615	0.07658	0.00665	0.00682
82	0.02895	0.02055	0.02243	0.01733	0.02330	0.02257	0.01429	0.58419	0.03443	0.08796	0.01948	0.01966	0.01386	0.01161	0.03992	0.00280	0.00898	0.00709	0.00771	0.01289
83	0.70391	0.04496	0.01323	0.01094	0.01576	0.06122	0.00901	0.02333	0.01386	0.03312	0.01087	0.01268	0.00856	0.00723	0.00495	0.00234	0.00660	0.00425	0.00469	0.00850
84	0.01119	0.00752	0.00865	0.00872	0.00880	0.00756	0.00501	0.01137	0.01147	0.01535	0.02500	0.07663	0.02873	0.67091	0.06635	0.00755	0.00796	0.01158	0.00477	0.00486
85	0.02482	0.08315	0.08870	0.02130	0.06102	0.31130	0.06292	0.13402	0.09050	0.02664	0.01566	0.01723	0.01220	0.00815	0.00729	0.00220	0.01125	0.00614	0.00490	0.01063
86	0.01126	0.00757	0.00875	0.00875	0.00885	0.00768	0.00506	0.01146	0.01136	0.01525	0.02416	0.04925	0.02754	0.67845	0.08764	0.00788	0.00849	0.01106	0.00466	0.00486
87	0.02189	0.09161	0.27412	0.02035	0.06036	0.01967	0.04488	0.18438	0.05064	0.10318	0.01857	0.04401	0.01402	0.00873	0.00749	0.00238	0.00936	0.00705	0.00550	0.01180
88	0.01921	0.07287	0.12481	0.02090	0.08442	0.04052	0.07227	0.03044	0.25714	0.06854	0.02384	0.05225	0.01940	0.01014	0.00851	0.00256	0.03377	0.04139	0.00588	0.01113
89	0.00952	0.00783	0.00844	0.00882	0.01111	0.00675	0.00669	0.01157	0.01737	0.02104	0.07082	0.14908	0.54346	0.02034	0.00940	0.00277	0.00431	0.07692	0.00719	0.00658
90	0.03450	0.01365	0.01828	0.01401	0.02002	0.01208	0.01158	0.07096	0.02296	0.65025	0.02994	0.02597	0.01887	0.00958	0.00780	0.00240	0.00670	0.00775	0.00950	0.01319
91	0.05142	0.01761	0.03181	0.22538	0.26970	0.01841	0.19940	0.02358	0.04118	0.02433	0.01514	0.02016	0.01184	0.00719	0.00799	0.00249	0.01036	0.00749	0.00395	0.01057
