[name]
unknown

[dist]
# distance from previous block
# <min> <max>
4	8

[block]
# block no. 0 follows, 25 sequences, length 19
# corresponding to MSA columns:
# 8-26
name=unknown_A
#
# <colnr> <probs for GDERKNQSTAVLIFYWHMCP>
#	G	D	E	R	K	N	Q	S	T	A	V	L	I	F	Y	W	H	M	C	P
0	0.01276	0.00761	0.01010	0.01104	0.01216	0.00702	0.00758	0.01424	0.01556	0.10369	0.04011	0.59459	0.04585	0.06400	0.01138	0.00331	0.00494	0.01960	0.00735	0.00708
1	0.01290	0.00849	0.00938	0.00929	0.01077	0.00857	0.00645	0.03576	0.06002	0.02341	0.05819	0.12595	0.09639	0.22921	0.03950	0.00421	0.00581	0.01160	0.23729	0.00681
2	0.04297	0.00784	0.01011	0.01090	0.01223	0.00736	0.00765	0.01430	0.01646	0.08298	0.13018	0.53572	0.04973	0.02106	0.00939	0.00295	0.00463	0.01888	0.00751	0.00716
3	0.04032	0.00842	0.00891	0.00849	0.01066	0.00843	0.00639	0.04401	0.01730	0.06697	0.05509	0.06784	0.02364	0.03827	0.00738	0.00221	0.00426	0.00843	0.56528	0.00770
4	0.01140	0.00772	0.00995	0.01096	0.01188	0.00738	0.00752	0.03570	0.01600	0.04361	0.07402	0.54903	0.04742	0.09509	0.01277	0.00352	0.00506	0.03716	0.00711	0.00670
5	0.07671	0.01168	0.01483	0.01275	0.01692	0.01097	0.01016	0.02867	0.06932	0.36650	0.11394	0.13990	0.03207	0.01324	0.00826	0.00260	0.00586	0.04650	0.00849	0.01064
6	0.00987	0.00704	0.00902	0.01020	0.01084	0.00660	0.00679	0.01131	0.01525	0.02042	0.11285	0.52030	0.07854	0.12587	0.01410	0.00368	0.00482	0.01931	0.00698	0.00619
7	0.17477	0.01418	0.01596	0.01303	0.01813	0.01423	0.01055	0.08834	0.10966	0.28563	0.08925	0.02721	0.04138	0.00991	0.00727	0.00236	0.00618	0.00782	0.00778	0.05638
8	0.01058	0.00761	0.00958	0.01061	0.01148	0.00726	0.00720	0.03826	0.01607	0.02143	0.08856	0.53906	0.08301	0.09521	0.01276	0.00348	0.00489	0.01939	0.00706	0.00651
9	0.11693	0.01852	0.01985	0.01587	0.02150	0.02026	0.01295	0.35513	0.15983	0.14595	0.02226	0.02126	0.01573	0.00935	0.00744	0.00241	0.00743	0.00715	0.00773	0.01244
10	0.01911	0.03828	0.03749	0.05644	0.04615	0.12089	0.01296	0.08030	0.06909	0.08085	0.02604	0.15210	0.05392	0.01959	0.11094	0.00402	0.04663	0.01015	0.00578	0.00926
11	0.16018	0.01401	0.01680	0.01347	0.01903	0.01357	0.01101	0.03572	0.11427	0.47861	0.02735	0.02440	0.01800	0.00932	0.00730	0.00243	0.00643	0.00732	0.00853	0.01224
12	0.03219	0.01360	0.02002	0.01523	0.02118	0.01191	0.06651	0.03553	0.02184	0.59534	0.06098	0.02747	0.02120	0.00964	0.00798	0.00242	0.00701	0.00822	0.00905	0.01267
13	0.01657	0.01385	0.01626	0.01201	0.01837	0.01122	0.00961	0.06254	0.01716	0.02626	0.01472	0.01750	0.01228	0.01052	0.06565	0.00221	0.00723	0.00508	0.00477	0.65619
14	0.02277	0.07470	0.01764	0.01322	0.01755	0.01361	0.01058	0.08830	0.09049	0.25863	0.09371	0.17711	0.03022	0.01303	0.00806	0.00247	0.00610	0.01105	0.00786	0.04288
15	0.01637	0.01778	0.06413	0.07975	0.02778	0.04140	0.18054	0.02053	0.01611	0.02282	0.03139	0.08889	0.01642	0.00977	0.01095	0.00239	0.13453	0.00840	0.00435	0.20571
16	0.01715	0.16968	0.04802	0.01630	0.01978	0.02017	0.05247	0.06535	0.03987	0.02215	0.02153	0.07265	0.07272	0.06455	0.01517	0.00296	0.22384	0.00852	0.00463	0.04250
17	0.02495	0.24949	0.02796	0.01557	0.02156	0.02028	0.05983	0.10646	0.02023	0.22490	0.01878	0.01934	0.01383	0.01026	0.03664	0.00253	0.03938	0.00631	0.00597	0.07576
18	0.08052	0.17357	0.04429	0.01634	0.07576	0.01715	0.01281	0.02807	0.04130	0.27741	0.07628	0.02484	0.02024	0.04155	0.00913	0.00251	0.03354	0.00726	0.00655	0.01090

[dist]
# distance from previous block
# <min> <max>
0	43

[block]
# block no. 1 follows, 25 sequences, length 24
# corresponding to MSA columns:
# 70-93
name=unknown_B
#
# <colnr> <probs for GDERKNQSTAVLIFYWHMCP>
#	G	D	E	R	K	N	Q	S	T	A	V	L	I	F	Y	W	H	M	C	P
0	0.12009	0.11068	0.02277	0.01625	0.02020	0.06545	0.03791	0.04556	0.07508	0.10366	0.04011	0.01946	0.01478	0.00981	0.01191	0.00249	0.20627	0.00649	0.00519	0.06581
1	0.08019	0.17873	0.08123	0.01719	0.02113	0.02208	0.04364	0.07505	0.01622	0.02385	0.04722	0.01917	0.01436	0.01427	0.07268	0.00345	0.24945	0.00653	0.00422	0.00935
2	0.02608	0.19180	0.04453	0.01537	0.04637	0.04365	0.01286	0.02918	0.01882	0.31237	0.02025	0.01980	0.01436	0.00814	0.00740	0.00203	0.03483	0.00612	0.00634	0.13972
3	0.06779	0.01585	0.05374	0.01593	0.04621	0.01396	0.01309	0.08985	0.02186	0.47995	0.02548	0.02339	0.01666	0.00926	0.00832	0.00239	0.03849	0.00723	0.00817	0.04237
4	0.01680	0.01366	0.01969	0.06023	0.22887	0.04021	0.01478	0.01992	0.01748	0.08487	0.11492	0.21738	0.03168	0.01380	0.00996	0.00266	0.06578	0.01203	0.00589	0.00940
5	0.01503	0.01396	0.04496	0.01192	0.01777	0.01060	0.00986	0.01832	0.01562	0.02380	0.01900	0.04924	0.04899	0.04390	0.03539	0.00218	0.02967	0.00649	0.00472	0.57858
6	0.02073	0.73217	0.04063	0.01327	0.01990	0.03068	0.01327	0.02322	0.01575	0.01824	0.01078	0.01244	0.00995	0.00663	0.00498	0.00166	0.00829	0.00415	0.00332	0.00995
7	0.01464	0.01378	0.02326	0.70887	0.05340	0.01723	0.02153	0.01981	0.01550	0.01981	0.01378	0.02067	0.01034	0.00775	0.00775	0.00258	0.01034	0.00689	0.00345	0.00861
8	0.01445	0.00723	0.00723	0.00723	0.00903	0.00723	0.00542	0.01807	0.01626	0.02891	0.02529	0.02891	0.01987	0.00903	0.00542	0.00181	0.00361	0.00723	0.77055	0.00723
9	0.08615	0.17721	0.16924	0.01888	0.07188	0.01928	0.05000	0.05666	0.03936	0.21151	0.01859	0.01897	0.01325	0.00793	0.00691	0.00226	0.00857	0.00626	0.00562	0.01148
10	0.78228	0.01499	0.01140	0.01020	0.01499	0.01739	0.00840	0.02279	0.01320	0.03479	0.01080	0.01260	0.00840	0.00720	0.00480	0.00240	0.00600	0.00420	0.00480	0.00840
11	0.00963	0.00770	0.00862	0.00876	0.01085	0.00669	0.00643	0.01189	0.01823	0.02313	0.21182	0.17226	0.43772	0.01948	0.00927	0.00266	0.00395	0.01671	0.00751	0.00669
12	0.04848	0.03809	0.62700	0.02211	0.03311	0.01806	0.05827	0.02449	0.01633	0.02501	0.01387	0.01643	0.00986	0.00732	0.00734	0.00246	0.01130	0.00583	0.00337	0.01128
13	0.01128	0.00752	0.00846	0.00846	0.00846	0.00752	0.00470	0.01128	0.01128	0.01503	0.02443	0.05074	0.02819	0.72751	0.03946	0.00752	0.00752	0.01128	0.00470	0.00470
14	0.02073	0.73217	0.04063	0.01327	0.01990	0.03068	0.01327	0.02322	0.01575	0.01824	0.01078	0.01244	0.00995	0.00663	0.00498	0.00166	0.00829	0.00415	0.00332	0.00995
15	0.03479	0.01320	0.01799	0.01380	0.01979	0.01140	0.01140	0.03779	0.02219	0.68451	0.03059	0.02639	0.01919	0.00960	0.00780	0.00240	0.00660	0.00780	0.00960	0.01320
16	0.00916	0.00785	0.00785	0.00785	0.01047	0.00655	0.00589	0.01113	0.01767	0.02095	0.07855	0.07462	0.67599	0.01964	0.00916	0.00262	0.00393	0.01636	0.00720	0.00655
17	0.02472	0.01441	0.01702	0.01439	0.01918	0.01494	0.01144	0.03723	0.34329	0.29503	0.09400	0.03074	0.02670	0.01067	0.00797	0.00252	0.00608	0.00889	0.00864	0.01216
18	0.01517	0.01282	0.01511	0.01139	0.01740	0.00978	0.00891	0.01833	0.01591	0.02452	0.01775	0.11282	0.01694	0.00828	0.00631	0.00142	0.00557	0.00698	0.00495	0.66964
19	0.02144	0.67205	0.03902	0.01385	0.02025	0.08825	0.01342	0.02389	0.01629	0.01831	0.01088	0.01257	0.00995	0.00675	0.00515	0.00169	0.00878	0.00422	0.00338	0.00987
20	0.01669	0.06703	0.62887	0.02134	0.03234	0.01821	0.02719	0.02513	0.01662	0.05595	0.01459	0.01669	0.01028	0.00744	0.00729	0.00242	0.01110	0.00576	0.00358	0.01148
21	0.02101	0.02069	0.02866	0.03913	0.48605	0.09898	0.02116	0.07322	0.05008	0.02637	0.01516	0.01888	0.01251	0.00774	0.00855	0.00234	0.04661	0.00677	0.00432	0.01176
22	0.78228	0.01499	0.01140	0.01020	0.01499	0.01739	0.00840	0.02279	0.01320	0.03479	0.01080	0.01260	0.00840	0.00720	0.00480	0.00240	0.00600	0.00420	0.00480	0.00840
23	0.02019	0.04693	0.02287	0.05249	0.10089	0.22034	0.07065	0.02687	0.13678	0.02409	0.08241	0.02886	0.06188	0.01031	0.00859	0.00241	0.03748	0.03090	0.00534	0.00973

[dist]
# distance from previous block
# <min> <max>
0	1

[block]
# block no. 2 follows, 25 sequences, length 27
# corresponding to MSA columns:
# 95-121
name=unknown_C
#
# <colnr> <probs for GDERKNQSTAVLIFYWHMCP>
#	G	D	E	R	K	N	Q	S	T	A	V	L	I	F	Y	W	H	M	C	P
0	0.01928	0.01499	0.01667	0.01492	0.01912	0.01646	0.01185	0.07045	0.42935	0.07413	0.08145	0.03676	0.02855	0.01187	0.00821	0.00262	0.00621	0.08198	0.00780	0.04732
1	0.01149	0.00862	0.01057	0.01052	0.01079	0.00934	0.00696	0.01214	0.01256	0.01696	0.03011	0.19714	0.07288	0.43030	0.02906	0.00568	0.10054	0.01340	0.00524	0.00568
2	0.01126	0.00758	0.00877	0.00877	0.00888	0.00769	0.00509	0.01148	0.01137	0.01527	0.02414	0.04915	0.02750	0.67506	0.09097	0.00790	0.00856	0.01104	0.00466	0.00487
3	0.01128	0.00752	0.00846	0.00846	0.00846	0.00752	0.00470	0.01128	0.01128	0.01503	0.02443	0.05074	0.02819	0.72751	0.03946	0.00752	0.00752	0.01128	0.00470	0.00470
4	0.01894	0.01817	0.03102	0.08363	0.64504	0.01836	0.02367	0.02358	0.01754	0.02503	0.01454	0.01927	0.01218	0.00695	0.00768	0.00232	0.00927	0.00691	0.00382	0.01208
5	0.66066	0.12953	0.01606	0.01069	0.01578	0.01952	0.00917	0.02286	0.01360	0.03215	0.01079	0.01257	0.00865	0.00711	0.00483	0.00228	0.00636	0.00419	0.00456	0.00865
6	0.17255	0.38970	0.05078	0.01373	0.01995	0.04776	0.01282	0.09197	0.01840	0.09929	0.01397	0.01486	0.01102	0.00743	0.00570	0.00199	0.00798	0.00494	0.00480	0.01037
7	0.01489	0.01393	0.02002	0.06115	0.02030	0.01873	0.01487	0.01715	0.01230	0.01852	0.01388	0.02162	0.01321	0.02782	0.24437	0.00631	0.44203	0.00729	0.00365	0.00798
8	0.01026	0.00750	0.00973	0.01063	0.01190	0.00697	0.00779	0.01264	0.01762	0.02364	0.22914	0.37290	0.12704	0.02095	0.00971	0.00294	0.00454	0.09979	0.00758	0.00673
9	0.01347	0.00673	0.01010	0.01010	0.01010	0.00673	0.00673	0.01010	0.01010	0.01347	0.01347	0.02357	0.01347	0.02694	0.03030	0.77441	0.00673	0.00673	0.00337	0.00337
10	0.02106	0.02358	0.06327	0.07528	0.39477	0.17943	0.02083	0.02682	0.07472	0.02408	0.01536	0.01873	0.01248	0.00755	0.00752	0.00228	0.01027	0.00655	0.00417	0.01124
11	0.68500	0.05158	0.01380	0.01095	0.01595	0.01858	0.00914	0.07222	0.01515	0.03506	0.01141	0.01306	0.00885	0.00733	0.00504	0.00236	0.00631	0.00441	0.00496	0.00885
12	0.01114	0.00756	0.00896	0.00907	0.00926	0.00769	0.00544	0.01155	0.01164	0.01568	0.02516	0.09069	0.02861	0.60493	0.11446	0.00782	0.00888	0.01161	0.00479	0.00506
13	0.01855	0.01790	0.06506	0.13316	0.02757	0.02006	0.04642	0.08035	0.15157	0.05113	0.01776	0.02136	0.01411	0.01282	0.04633	0.00330	0.25005	0.00739	0.00502	0.01010
14	0.78228	0.01499	0.01140	0.01020	0.01499	0.01739	0.00840	0.02279	0.01320	0.03479	0.01080	0.01260	0.00840	0.00720	0.00480	0.00240	0.00600	0.00420	0.00480	0.00840
15	0.01799	0.09929	0.05776	0.01478	0.04553	0.01393	0.04147	0.02179	0.01661	0.06593	0.01462	0.01666	0.01174	0.00626	0.00610	0.00147	0.00688	0.00511	0.00463	0.53144
16	0.03173	0.01502	0.01884	0.01454	0.02043	0.01418	0.01194	0.18286	0.02504	0.47785	0.02738	0.04927	0.01856	0.00988	0.00777	0.00235	0.00694	0.00797	0.00884	0.04860
17	0.01762	0.02094	0.12702	0.02718	0.06355	0.01729	0.38057	0.02349	0.01776	0.05900	0.05864	0.04480	0.01738	0.01121	0.04931	0.00317	0.03728	0.00907	0.00451	0.01022
18	0.01076	0.00822	0.01084	0.03368	0.01366	0.00786	0.00817	0.01249	0.01494	0.02048	0.05339	0.55054	0.04363	0.04768	0.01108	0.00306	0.03273	0.01840	0.00658	0.09181
19	0.02429	0.01689	0.01878	0.01535	0.02014	0.01811	0.01230	0.38400	0.08289	0.10351	0.06026	0.12924	0.05435	0.01247	0.00822	0.00250	0.00708	0.01024	0.00788	0.01148
20	0.02711	0.02810	0.02172	0.01920	0.04214	0.35378	0.01455	0.23855	0.09924	0.03070	0.01865	0.01934	0.03432	0.00906	0.00744	0.00221	0.01081	0.00651	0.00579	0.01077
21	0.04973	0.02727	0.29094	0.02126	0.06284	0.05609	0.06023	0.12958	0.02019	0.06452	0.01837	0.06350	0.01528	0.00978	0.00872	0.00255	0.04675	0.03654	0.00497	0.01090
22	0.01853	0.01403	0.01597	0.01380	0.01702	0.01546	0.01065	0.23040	0.12110	0.03165	0.10118	0.05484	0.04283	0.14055	0.11404	0.00480	0.02725	0.00969	0.00668	0.00950
23	0.01127	0.00756	0.00867	0.00867	0.00874	0.00763	0.00496	0.01141	0.01134	0.01519	0.02424	0.04968	0.02773	0.69244	0.07390	0.00778	0.00821	0.01112	0.00467	0.00481
24	0.01799	0.01753	0.03022	0.18953	0.39562	0.01856	0.09904	0.02394	0.05784	0.02424	0.01544	0.02026	0.01242	0.00753	0.00856	0.00247	0.03641	0.00729	0.00400	0.01110
25	0.01621	0.12935	0.52712	0.02105	0.03110	0.01925	0.05958	0.02390	0.01648	0.02365	0.01517	0.02022	0.01197	0.00804	0.00734	0.00242	0.01087	0.04178	0.00354	0.01095
26	0.01107	0.00730	0.00965	0.01101	0.01197	0.00675	0.00767	0.01267	0.01558	0.05864	0.04374	0.61470	0.08046	0.02305	0.00978	0.00310	0.00474	0.05403	0.00733	0.00676

[dist]
# distance from previous block
# <min> <max>
0	6

[block]
# block no. 3 follows, 25 sequences, length 10
# corresponding to MSA columns:
# 128-137
name=unknown_D
#
# <colnr> <probs for GDERKNQSTAVLIFYWHMCP>
#	G	D	E	R	K	N	Q	S	T	A	V	L	I	F	Y	W	H	M	C	P
0	0.64640	0.06675	0.01476	0.01124	0.01633	0.01906	0.00943	0.09125	0.01590	0.03514	0.01164	0.01324	0.00903	0.00739	0.00513	0.00234	0.00644	0.00450	0.00501	0.00903
1	0.01793	0.01690	0.02286	0.05604	0.02226	0.02200	0.01617	0.07904	0.01485	0.02229	0.01156	0.01722	0.01061	0.01202	0.02072	0.00301	0.53324	0.00658	0.00394	0.09077
2	0.01146	0.00886	0.01056	0.00997	0.01226	0.00844	0.00752	0.01670	0.09076	0.02889	0.46696	0.05864	0.20751	0.01615	0.00901	0.00250	0.00399	0.01399	0.00816	0.00768
3	0.02299	0.54361	0.03573	0.01487	0.02100	0.14605	0.01371	0.08436	0.01880	0.02128	0.01173	0.01329	0.01026	0.00712	0.00559	0.00178	0.00931	0.00456	0.00386	0.01009
4	0.03479	0.01320	0.01799	0.01380	0.01979	0.01140	0.01140	0.03779	0.02219	0.68451	0.03059	0.02639	0.01919	0.00960	0.00780	0.00240	0.00660	0.00780	0.00960	0.01320
5	0.03479	0.01320	0.01799	0.01380	0.01979	0.01140	0.01140	0.03779	0.02219	0.68451	0.03059	0.02639	0.01919	0.00960	0.00780	0.00240	0.00660	0.00780	0.00960	0.01320
6	0.01128	0.00752	0.00846	0.00846	0.00846	0.00752	0.00470	0.01128	0.01128	0.01503	0.02443	0.05074	0.02819	0.72751	0.03946	0.00752	0.00752	0.01128	0.00470	0.00470
7	0.01464	0.01378	0.02326	0.70887	0.05340	0.01723	0.02153	0.01981	0.01550	0.01981	0.01378	0.02067	0.01034	0.00775	0.00775	0.00258	0.01034	0.00689	0.00345	0.00861
8	0.01249	0.00892	0.01249	0.01428	0.01606	0.00892	0.01249	0.01606	0.01785	0.02320	0.04105	0.08746	0.04462	0.02142	0.01071	0.00357	0.00714	0.62695	0.00714	0.00714
9	0.01696	0.01696	0.02375	0.02036	0.02036	0.02375	0.01696	0.01866	0.01187	0.01866	0.01018	0.01696	0.01018	0.01357	0.02545	0.00339	0.71332	0.00679	0.00339	0.00848

[dist]
# distance from previous block
# <min> <max>
0	10

[block]
# block no. 4 follows, 25 sequences, length 75
# corresponding to MSA columns:
# 148-222
name=unknown_E
#
# <colnr> <probs for GDERKNQSTAVLIFYWHMCP>
#	G	D	E	R	K	N	Q	S	T	A	V	L	I	F	Y	W	H	M	C	P
0	0.02073	0.73217	0.04063	0.01327	0.01990	0.03068	0.01327	0.02322	0.01575	0.01824	0.01078	0.01244	0.00995	0.00663	0.00498	0.00166	0.00829	0.00415	0.00332	0.00995
1	0.01687	0.01683	0.02373	0.04866	0.02171	0.02348	0.01715	0.01871	0.01202	0.01871	0.01033	0.01712	0.01018	0.01333	0.02472	0.00336	0.68442	0.00679	0.00339	0.00849
2	0.01043	0.00866	0.00921	0.00894	0.01156	0.00785	0.00674	0.01452	0.07704	0.02393	0.18869	0.06729	0.50140	0.01809	0.00904	0.00258	0.00408	0.01523	0.00752	0.00721
3	0.01115	0.00802	0.01100	0.01100	0.01188	0.00890	0.00787	0.01291	0.01203	0.01692	0.02210	0.03784	0.02259	0.30184	0.45748	0.01066	0.01594	0.00939	0.00435	0.00611
4	0.01078	0.00733	0.00869	0.00913	0.00933	0.00719	0.00548	0.01130	0.01271	0.01702	0.05927	0.22745	0.03633	0.51001	0.03030	0.00614	0.00655	0.01423	0.00553	0.00524
5	0.01128	0.00752	0.00846	0.00846	0.00846	0.00752	0.00470	0.01128	0.01128	0.01503	0.02443	0.05074	0.02819	0.72751	0.03946	0.00752	0.00752	0.01128	0.00470	0.00470
6	0.01259	0.01161	0.02127	0.01909	0.04835	0.01091	0.20632	0.01567	0.01603	0.02158	0.03321	0.47666	0.03746	0.01809	0.00957	0.00295	0.00734	0.01743	0.00605	0.00783
7	0.10044	0.50867	0.08424	0.01455	0.02100	0.12071	0.01417	0.02435	0.01640	0.02054	0.01119	0.01297	0.00978	0.00694	0.00542	0.00184	0.00908	0.00439	0.00356	0.00977
8	0.02109	0.70174	0.03981	0.01356	0.02008	0.05982	0.01334	0.02356	0.01603	0.01827	0.01083	0.01251	0.00995	0.00669	0.00506	0.00167	0.00854	0.00418	0.00335	0.00991
9	0.01890	0.01821	0.03083	0.07103	0.57153	0.01865	0.05037	0.02434	0.04854	0.02520	0.01526	0.01972	0.01266	0.00733	0.00837	0.00238	0.03366	0.00709	0.00401	0.01192
10	0.01097	0.00793	0.01036	0.00975	0.01158	0.00732	0.00732	0.01463	0.02195	0.03109	0.67505	0.05792	0.07316	0.01585	0.00914	0.00244	0.00366	0.01402	0.00854	0.00732
11	0.01209	0.00827	0.00963	0.00938	0.00983	0.00854	0.00577	0.04122	0.01258	0.01696	0.02372	0.04679	0.02643	0.61298	0.11791	0.00788	0.00917	0.01072	0.00477	0.00536
12	0.02744	0.02058	0.02286	0.04633	0.05228	0.02267	0.01496	0.56956	0.03389	0.04533	0.02121	0.02148	0.04571	0.00965	0.00782	0.00235	0.00841	0.00744	0.00739	0.01264
13	0.01109	0.00827	0.01227	0.01227	0.01358	0.00959	0.00945	0.01372	0.01240	0.01786	0.02095	0.03145	0.01981	0.09070	0.66482	0.01222	0.02012	0.00845	0.00418	0.00681
14	0.01220	0.07475	0.01452	0.01190	0.01341	0.01160	0.00914	0.01429	0.01248	0.01738	0.02032	0.03291	0.02019	0.20220	0.46333	0.01006	0.03986	0.00854	0.00417	0.00675
15	0.02667	0.05876	0.06944	0.02123	0.02622	0.55740	0.08301	0.02963	0.02100	0.01994	0.01246	0.01482	0.01016	0.00775	0.00718	0.00208	0.01353	0.00545	0.00392	0.00934
16	0.01705	0.04872	0.05863	0.05223	0.05949	0.02102	0.20773	0.02090	0.01462	0.02107	0.01314	0.01916	0.01140	0.01357	0.06582	0.00362	0.33140	0.00746	0.00362	0.00934
17	0.02255	0.01904	0.01959	0.01794	0.05872	0.07741	0.01337	0.19135	0.34720	0.05646	0.05346	0.02695	0.04043	0.01025	0.00785	0.00246	0.00744	0.00829	0.00735	0.01188
18	0.00945	0.00675	0.00900	0.01080	0.01125	0.00630	0.00720	0.01080	0.01484	0.01979	0.04274	0.72245	0.05128	0.02429	0.00990	0.00315	0.00450	0.02204	0.00720	0.00630
19	0.01555	0.04011	0.68733	0.02210	0.03356	0.01801	0.02865	0.02455	0.01637	0.02455	0.01391	0.01637	0.00982	0.00737	0.00737	0.00246	0.01146	0.00573	0.00327	0.01146
20	0.01971	0.15106	0.27989	0.02615	0.18398	0.04903	0.04571	0.05172	0.04049	0.05945	0.01520	0.01749	0.01163	0.00743	0.00713	0.00227	0.00998	0.00610	0.00415	0.01144
21	0.74949	0.01529	0.01191	0.01053	0.01539	0.01768	0.00867	0.05025	0.01421	0.03540	0.01114	0.01286	0.00861	0.00729	0.00493	0.00240	0.00611	0.00432	0.00493	0.00861
22	0.01112	0.00813	0.01157	0.01157	0.01265	0.00921	0.00858	0.01327	0.01220	0.01734	0.02158	0.03497	0.02134	0.20714	0.55047	0.01136	0.01782	0.00897	0.00427	0.00643
23	0.01608	0.01378	0.01608	0.01148	0.01837	0.01034	0.00919	0.01952	0.01608	0.02527	0.01378	0.01608	0.01148	0.00574	0.00574	0.00115	0.00574	0.00459	0.00459	0.77491
24	0.01794	0.01684	0.02838	0.04232	0.58220	0.01679	0.02157	0.02223	0.01762	0.02507	0.04252	0.07449	0.01855	0.00902	0.00800	0.00241	0.00859	0.02961	0.00438	0.01148
25	0.05508	0.17440	0.22163	0.01979	0.05202	0.08370	0.06199	0.02789	0.12617	0.05165	0.01660	0.01814	0.01277	0.00807	0.00770	0.00232	0.03856	0.00619	0.00453	0.01083
26	0.00930	0.00790	0.00804	0.00811	0.01070	0.00664	0.00616	0.01133	0.01768	0.02104	0.07704	0.07514	0.65063	0.01971	0.00923	0.00266	0.00406	0.04090	0.00720	0.00657
27	0.01874	0.02035	0.03874	0.02828	0.03494	0.04696	0.47881	0.05408	0.01881	0.02551	0.04160	0.02140	0.01408	0.00764	0.01015	0.00255	0.07023	0.00861	0.00429	0.05422
28	0.01592	0.09763	0.44568	0.02206	0.03134	0.01832	0.13645	0.02313	0.01651	0.02355	0.01678	0.08638	0.01427	0.00882	0.00771	0.00248	0.01077	0.00780	0.00378	0.01063
29	0.01617	0.30278	0.22170	0.01477	0.02133	0.01967	0.01594	0.02094	0.01786	0.02410	0.21856	0.02776	0.02960	0.00972	0.00698	0.00214	0.00778	0.00769	0.00493	0.00957
30	0.01128	0.00752	0.00846	0.00846	0.00846	0.00752	0.00470	0.01128	0.01128	0.01503	0.02443	0.05074	0.02819	0.72751	0.03946	0.00752	0.00752	0.01128	0.00470	0.00470
31	0.01612	0.01408	0.01758	0.03653	0.02052	0.01097	0.03672	0.01976	0.01615	0.02506	0.01386	0.01644	0.01146	0.00585	0.00596	0.00126	0.00621	0.00487	0.00453	0.71608
32	0.75085	0.01492	0.01167	0.01035	0.01520	0.01714	0.00852	0.02342	0.01357	0.06210	0.01163	0.01318	0.00885	0.00730	0.00492	0.00240	0.00602	0.00435	0.00500	0.00860
33	0.01048	0.00791	0.00968	0.00924	0.01128	0.00711	0.00693	0.01368	0.02078	0.02833	0.51261	0.06247	0.23732	0.01688	0.00915	0.00249	0.00373	0.01466	0.00817	0.00711
34	0.01608	0.01378	0.01608	0.01148	0.01837	0.01034	0.00919	0.01952	0.01608	0.02527	0.01378	0.01608	0.01148	0.00574	0.00574	0.00115	0.00574	0.00459	0.00459	0.77491
35	0.05868	0.12277	0.02370	0.01658	0.02212	0.09327	0.01368	0.32429	0.18230	0.03684	0.01959	0.01948	0.01471	0.00899	0.00718	0.00227	0.00838	0.00668	0.00664	0.01186
36	0.01817	0.05630	0.02449	0.01995	0.02064	0.08059	0.01660	0.01993	0.01293	0.01866	0.01036	0.01647	0.01015	0.01274	0.02282	0.00318	0.61748	0.00650	0.00344	0.00860
37	0.00945	0.00675	0.00900	0.01080	0.01125	0.00630	0.00720	0.01080	0.01484	0.01979	0.04274	0.72245	0.05128	0.02429	0.00990	0.00315	0.00450	0.02204	0.00720	0.00630
38	0.05289	0.70188	0.03940	0.01314	0.01969	0.03012	0.01306	0.02320	0.01565	0.01894	0.01078	0.01244	0.00988	0.00666	0.00497	0.00169	0.00819	0.00415	0.00338	0.00988
39	0.03457	0.01355	0.01821	0.01396	0.01997	0.01192	0.01153	0.06326	0.02278	0.65821	0.03009	0.02607	0.01894	0.00958	0.00780	0.00240	0.00668	0.00776	0.00952	0.01319
40	0.03479	0.01320	0.01799	0.01380	0.01979	0.01140	0.01140	0.03779	0.02219	0.68451	0.03059	0.02639	0.01919	0.00960	0.00780	0.00240	0.00660	0.00780	0.00960	0.01320
41	0.01097	0.00793	0.01036	0.00975	0.01158	0.00732	0.00732	0.01463	0.02195	0.03109	0.67505	0.05792	0.07316	0.01585	0.00914	0.00244	0.00366	0.01402	0.00854	0.00732
42	0.01555	0.04011	0.68733	0.02210	0.03356	0.01801	0.02865	0.02455	0.01637	0.02455	0.01391	0.01637	0.00982	0.00737	0.00737	0.00246	0.01146	0.00573	0.00327	0.01146
43	0.01445	0.00723	0.00723	0.00723	0.00903	0.00723	0.00542	0.01807	0.01626	0.02891	0.02529	0.02891	0.01987	0.00903	0.00542	0.00181	0.00361	0.00723	0.77055	0.00723
44	0.01612	0.01394	0.01645	0.01192	0.01847	0.01099	0.00957	0.01948	0.01587	0.02494	0.01361	0.01612	0.01142	0.00612	0.00670	0.00126	0.04015	0.00470	0.00454	0.73764
45	0.01937	0.01867	0.03199	0.04437	0.58186	0.01891	0.07149	0.04452	0.01810	0.02580	0.01463	0.01921	0.01219	0.00723	0.00851	0.00237	0.03774	0.00708	0.00396	0.01202
46	0.66327	0.01632	0.04189	0.01198	0.01720	0.01741	0.03610	0.02418	0.04135	0.05358	0.01261	0.01421	0.00957	0.00739	0.00531	0.00242	0.00655	0.00477	0.00497	0.00892
47	0.01555	0.04011	0.68733	0.02210	0.03356	0.01801	0.02865	0.02455	0.01637	0.02455	0.01391	0.01637	0.00982	0.00737	0.00737	0.00246	0.01146	0.00573	0.00327	0.01146
48	0.01445	0.00723	0.00723	0.00723	0.00903	0.00723	0.00542	0.01807	0.01626	0.02891	0.02529	0.02891	0.01987	0.00903	0.00542	0.00181	0.00361	0.00723	0.77055	0.00723
49	0.03992	0.01370	0.01584	0.01523	0.04513	0.06923	0.04443	0.02293	0.12075	0.08119	0.15359	0.05068	0.15103	0.01444	0.00876	0.00268	0.00667	0.12775	0.00708	0.00896
50	0.02268	0.01762	0.04511	0.01595	0.02107	0.01853	0.01306	0.10756	0.46949	0.13559	0.02927	0.02689	0.02126	0.01012	0.00784	0.00255	0.00669	0.00830	0.00796	0.01248
51	0.02262	0.57418	0.03646	0.01469	0.02082	0.15190	0.01364	0.05221	0.01780	0.01972	0.01134	0.01299	0.01010	0.00700	0.00546	0.00175	0.00934	0.00442	0.00363	0.00992
52	0.02858	0.02102	0.02254	0.01738	0.02328	0.02323	0.01424	0.62163	0.03521	0.04720	0.01890	0.02020	0.01393	0.04472	0.00932	0.00258	0.00848	0.00719	0.00761	0.01277
53	0.01088	0.00792	0.01024	0.00966	0.01153	0.00728	0.00725	0.01446	0.02174	0.03059	0.64564	0.05874	0.10288	0.01604	0.00915	0.00245	0.00367	0.01414	0.00847	0.00728
54	0.00943	0.00680	0.00894	0.01065	0.01121	0.00631	0.00713	0.01081	0.01498	0.01985	0.04448	0.69095	0.08166	0.02407	0.00986	0.00312	0.00447	0.02177	0.00720	0.00631
55	0.01128	0.00752	0.00846	0.00846	0.00846	0.00752	0.00470	0.01128	0.01128	0.01503	0.02443	0.05074	0.02819	0.72751	0.03946	0.00752	0.00752	0.01128	0.00470	0.00470
56	0.01119	0.00753	0.00843	0.00843	0.00854	0.00748	0.00475	0.01127	0.01153	0.01527	0.02660	0.05170	0.05418	0.69911	0.03825	0.00732	0.00737	0.01148	0.00480	0.00477
57	0.01919	0.01842	0.03147	0.04759	0.67914	0.01842	0.02380	0.02380	0.01765	0.02533	0.01458	0.01919	0.01228	0.00691	0.00768	0.00230	0.00921	0.00691	0.00384	0.01228
58	0.66404	0.09282	0.04703	0.01110	0.01641	0.01884	0.00989	0.02292	0.01362	0.03253	0.01094	0.01276	0.00863	0.00715	0.00494	0.00232	0.00651	0.00427	0.00457	0.00871
59	0.02137	0.08288	0.05514	0.02367	0.02855	0.19385	0.22559	0.05782	0.01833	0.02254	0.01308	0.01721	0.01078	0.00882	0.01214	0.00255	0.18513	0.00687	0.00394	0.00973
60	0.01864	0.41307	0.20843	0.01875	0.06215	0.02496	0.04858	0.02315	0.01615	0.02108	0.03428	0.01603	0.01227	0.00751	0.00718	0.00207	0.04637	0.00543	0.00354	0.01034
61	0.01172	0.00810	0.01053	0.00982	0.01182	0.00743	0.00740	0.01530	0.02179	0.05318	0.63034	0.05747	0.09409	0.01578	0.00910	0.00244	0.00377	0.01390	0.00852	0.00749
62	0.01350	0.01181	0.01689	0.01550	0.01625	0.01535	0.01243	0.01569	0.01216	0.01813	0.01661	0.02591	0.01604	0.07208	0.39019	0.00851	0.30380	0.00783	0.00387	0.00745
63	0.01582	0.01434	0.01738	0.01601	0.04578	0.07963	0.04787	0.06382	0.02040	0.02761	0.33866	0.04171	0.04367	0.04866	0.01276	0.00283	0.11214	0.03602	0.00655	0.00834
64	0.01144	0.00853	0.01188	0.01170	0.01261	0.00979	0.00861	0.01334	0.01208	0.01716	0.02129	0.03570	0.02148	0.25235	0.46843	0.01053	0.05334	0.00910	0.00427	0.00635
65	0.02073	0.73217	0.04063	0.01327	0.01990	0.03068	0.01327	0.02322	0.01575	0.01824	0.01078	0.01244	0.00995	0.00663	0.00498	0.00166	0.00829	0.00415	0.00332	0.00995
66	0.01031	0.00849	0.00918	0.00946	0.01170	0.00783	0.00691	0.01422	0.08532	0.02186	0.06422	0.23910	0.44383	0.01989	0.00922	0.00276	0.00431	0.01705	0.00727	0.00709
67	0.05623	0.04521	0.02239	0.12444	0.15857	0.01648	0.01553	0.12981	0.02170	0.21504	0.06871	0.02356	0.01835	0.00881	0.00753	0.00231	0.00779	0.00737	0.00645	0.04372
68	0.02026	0.01871	0.01798	0.01620	0.02055	0.08773	0.01255	0.04017	0.60012	0.03107	0.02958	0.02742	0.02229	0.01026	0.00780	0.00257	0.00693	0.00838	0.00750	0.01194
69	0.01944	0.01932	0.03162	0.04394	0.57241	0.04831	0.06579	0.02391	0.01758	0.02467	0.01431	0.01896	0.01204	0.00728	0.00868	0.00237	0.04675	0.00697	0.00383	0.01181
70	0.02319	0.01736	0.05746	0.01633	0.02165	0.01719	0.03943	0.08186	0.37641	0.19111	0.02911	0.05079	0.02150	0.01034	0.00795	0.00256	0.00696	0.00871	0.00784	0.01223
71	0.01095	0.00796	0.01034	0.00986	0.01172	0.00735	0.00747	0.01453	0.02158	0.03029	0.62086	0.05993	0.09979	0.01626	0.00921	0.00249	0.00382	0.03990	0.00841	0.00727
72	0.01880	0.01788	0.03038	0.04568	0.64099	0.01788	0.02315	0.02335	0.01767	0.02521	0.01611	0.02312	0.01414	0.00774	0.00785	0.00238	0.00909	0.04258	0.00403	0.01199
73	0.01947	0.01963	0.05708	0.02385	0.16240	0.08008	0.04673	0.05876	0.30751	0.02847	0.02495	0.06658	0.02077	0.01040	0.00804	0.00255	0.00819	0.03710	0.00615	0.01130
74	0.01840	0.01761	0.03004	0.16284	0.57008	0.01821	0.02340	0.02310	0.01728	0.02437	0.01444	0.01945	0.01194	0.00706	0.00769	0.00235	0.00941	0.00691	0.00377	0.01164

[dist]
# distance from previous block
# <min> <max>
0	6

[block]
# block no. 5 follows, 25 sequences, length 37
# corresponding to MSA columns:
# 229-265
name=unknown_F
#
# <colnr> <probs for GDERKNQSTAVLIFYWHMCP>
#	G	D	E	R	K	N	Q	S	T	A	V	L	I	F	Y	W	H	M	C	P
0	0.01804	0.01789	0.05458	0.01700	0.02181	0.06184	0.09158	0.05712	0.30132	0.03019	0.16838	0.03153	0.03037	0.01055	0.00811	0.00244	0.00733	0.00925	0.00685	0.05382
1	0.01347	0.00673	0.01010	0.01010	0.01010	0.00673	0.00673	0.01010	0.01010	0.01347	0.01347	0.02357	0.01347	0.02694	0.03030	0.77441	0.00673	0.00673	0.00337	0.00337
2	0.02643	0.06212	0.02054	0.01483	0.02068	0.01749	0.01223	0.24655	0.09495	0.22214	0.05619	0.02321	0.01868	0.00917	0.00738	0.00217	0.00705	0.00724	0.00759	0.12334
3	0.01726	0.01750	0.02366	0.05924	0.02235	0.04753	0.01715	0.01917	0.01244	0.01874	0.01045	0.01707	0.01018	0.01304	0.02378	0.00330	0.64849	0.00673	0.00342	0.00851
4	0.00945	0.00675	0.00900	0.01080	0.01125	0.00630	0.00720	0.01080	0.01484	0.01979	0.04274	0.72245	0.05128	0.02429	0.00990	0.00315	0.00450	0.02204	0.00720	0.00630
5	0.06760	0.01386	0.01576	0.01140	0.01815	0.01081	0.00913	0.01974	0.01588	0.02591	0.01358	0.01584	0.01128	0.00584	0.00568	0.00123	0.00576	0.00457	0.00461	0.72336
6	0.04816	0.02086	0.01722	0.01639	0.05242	0.27051	0.01182	0.04400	0.02125	0.08905	0.21779	0.06905	0.03268	0.01132	0.00782	0.00224	0.00852	0.00909	0.00626	0.04357
7	0.01445	0.00723	0.00723	0.00723	0.00903	0.00723	0.00542	0.01807	0.01626	0.02891	0.02529	0.02891	0.01987	0.00903	0.00542	0.00181	0.00361	0.00723	0.77055	0.00723
8	0.01990	0.01652	0.01755	0.01570	0.02015	0.01897	0.01224	0.04106	0.63948	0.05845	0.03152	0.02883	0.02349	0.01048	0.00789	0.00262	0.00615	0.00873	0.00796	0.01231
9	0.03034	0.02033	0.02241	0.01718	0.02335	0.02199	0.01419	0.55305	0.03413	0.15238	0.02057	0.01988	0.01416	0.00935	0.00776	0.00234	0.00822	0.00711	0.00806	0.01319
10	0.02964	0.01206	0.01634	0.01292	0.01802	0.01051	0.01051	0.03278	0.02214	0.54317	0.17000	0.03321	0.03087	0.01095	0.00809	0.00241	0.00596	0.00914	0.00937	0.01192
11	0.01072	0.00740	0.00914	0.00976	0.01019	0.00727	0.00629	0.01172	0.01361	0.01831	0.08031	0.26773	0.03950	0.38592	0.05188	0.00572	0.00675	0.04627	0.00589	0.00562
12	0.01491	0.01424	0.02429	0.64771	0.05135	0.01762	0.04972	0.01999	0.01547	0.01999	0.01371	0.02052	0.01039	0.00796	0.00860	0.00262	0.04176	0.00699	0.00346	0.00869
13	0.01347	0.00673	0.01010	0.01010	0.01010	0.00673	0.00673	0.01010	0.01010	0.01347	0.01347	0.02357	0.01347	0.02694	0.03030	0.77441	0.00673	0.00673	0.00337	0.00337
14	0.01056	0.00714	0.00955	0.01100	0.01178	0.00665	0.00759	0.01220	0.01564	0.04411	0.07796	0.63216	0.05109	0.02317	0.00982	0.00310	0.00464	0.04786	0.00736	0.00664
15	0.01555	0.04011	0.68733	0.02210	0.03356	0.01801	0.02865	0.02455	0.01637	0.02455	0.01391	0.01637	0.00982	0.00737	0.00737	0.00246	0.01146	0.00573	0.00327	0.01146
16	0.05062	0.01665	0.02400	0.10231	0.02484	0.02253	0.04188	0.01922	0.01262	0.01975	0.01085	0.01737	0.01018	0.01232	0.02179	0.00322	0.57103	0.00678	0.00348	0.00857
17	0.01155	0.00895	0.01317	0.01291	0.01412	0.01070	0.01005	0.01411	0.01236	0.01792	0.02010	0.03028	0.01904	0.08376	0.61547	0.01153	0.07458	0.00832	0.00412	0.00695
18	0.01108	0.00831	0.01246	0.01246	0.01385	0.00969	0.00969	0.01385	0.01246	0.01800	0.02077	0.03046	0.01938	0.05815	0.69678	0.01246	0.02077	0.00831	0.00415	0.00692
19	0.01445	0.00723	0.00723	0.00723	0.00903	0.00723	0.00542	0.01807	0.01626	0.02891	0.02529	0.02891	0.01987	0.00903	0.00542	0.00181	0.00361	0.00723	0.77055	0.00723
20	0.01128	0.00752	0.00846	0.00846	0.00846	0.00752	0.00470	0.01128	0.01128	0.01503	0.02443	0.05074	0.02819	0.72751	0.03946	0.00752	0.00752	0.01128	0.00470	0.00470
21	0.01759	0.01720	0.02372	0.02023	0.02054	0.02376	0.01685	0.05052	0.01311	0.02018	0.01060	0.01705	0.01033	0.01336	0.02456	0.00334	0.67794	0.00680	0.00361	0.00872
22	0.78228	0.01499	0.01140	0.01020	0.01499	0.01739	0.00840	0.02279	0.01320	0.03479	0.01080	0.01260	0.00840	0.00720	0.00480	0.00240	0.00600	0.00420	0.00480	0.00840
23	0.01782	0.01832	0.02428	0.02058	0.02164	0.07083	0.05602	0.02092	0.04682	0.01976	0.01213	0.01810	0.01129	0.01415	0.04597	0.00353	0.55837	0.00696	0.00373	0.00878
24	0.02777	0.03526	0.05669	0.02060	0.02531	0.58210	0.04856	0.07217	0.02248	0.02157	0.01272	0.01477	0.01029	0.00797	0.00717	0.00207	0.01344	0.00538	0.00421	0.00947
25	0.01128	0.00752	0.00846	0.00846	0.00846	0.00752	0.00470	0.01128	0.01128	0.01503	0.02443	0.05074	0.02819	0.72751	0.03946	0.00752	0.00752	0.01128	0.00470	0.00470
26	0.01929	0.01666	0.01753	0.01578	0.02016	0.01929	0.01227	0.04120	0.66513	0.03243	0.03156	0.02893	0.02367	0.01052	0.00789	0.00263	0.00614	0.00877	0.00789	0.01227
27	0.01511	0.01426	0.02410	0.64113	0.11751	0.01735	0.02176	0.02022	0.01572	0.02038	0.01386	0.02052	0.01054	0.00767	0.00774	0.00256	0.01022	0.00689	0.00349	0.00899
28	0.01128	0.00752	0.00846	0.00846	0.00846	0.00752	0.00470	0.01128	0.01128	0.01503	0.02443	0.05074	0.02819	0.72751	0.03946	0.00752	0.00752	0.01128	0.00470	0.00470
29	0.02116	0.02406	0.02465	0.02107	0.02297	0.25330	0.05974	0.02329	0.01577	0.01919	0.01117	0.01622	0.01022	0.01118	0.01802	0.00286	0.42637	0.00634	0.00363	0.00879
30	0.01608	0.01378	0.01608	0.01148	0.01837	0.01034	0.00919	0.01952	0.01608	0.02527	0.01378	0.01608	0.01148	0.00574	0.00574	0.00115	0.00574	0.00459	0.00459	0.77491
31	0.01070	0.00783	0.01004	0.00967	0.01146	0.00717	0.00718	0.01402	0.02102	0.02932	0.57331	0.11092	0.12473	0.01684	0.00920	0.00251	0.00375	0.01485	0.00831	0.00717
32	0.02453	0.01926	0.02049	0.01684	0.02216	0.02174	0.01354	0.35637	0.34142	0.04090	0.02489	0.02362	0.01827	0.00990	0.00782	0.00247	0.00737	0.00785	0.00782	0.01274
33	0.78228	0.01499	0.01140	0.01020	0.01499	0.01739	0.00840	0.02279	0.01320	0.03479	0.01080	0.01260	0.00840	0.00720	0.00480	0.00240	0.00600	0.00420	0.00480	0.00840
34	0.01720	0.05728	0.48293	0.02011	0.02948	0.01700	0.05089	0.02543	0.04976	0.08126	0.05459	0.04587	0.01649	0.00875	0.00761	0.00246	0.01004	0.00721	0.00451	0.01113
35	0.01088	0.00792	0.01024	0.00966	0.01153	0.00728	0.00724	0.01445	0.02173	0.03057	0.64458	0.05877	0.10395	0.01604	0.00915	0.00245	0.00367	0.01414	0.00847	0.00728
36	0.02078	0.05399	0.08919	0.01827	0.06540	0.13124	0.01466	0.14961	0.15665	0.03117	0.16002	0.02794	0.02714	0.01026	0.00778	0.00234	0.00824	0.00827	0.00639	0.01065

[dist]
# distance from previous block
# <min> <max>
0	1

[block]
# block no. 6 follows, 25 sequences, length 15
# corresponding to MSA columns:
# 267-281
name=unknown_G
#
# <colnr> <probs for GDERKNQSTAVLIFYWHMCP>
#	G	D	E	R	K	N	Q	S	T	A	V	L	I	F	Y	W	H	M	C	P
0	0.63806	0.01594	0.04382	0.01116	0.01648	0.01651	0.00967	0.02417	0.01435	0.09661	0.01299	0.01427	0.00965	0.00737	0.00525	0.00234	0.00630	0.00464	0.00518	0.04524
1	0.09519	0.09333	0.04966	0.01575	0.02066	0.21322	0.01305	0.09261	0.12839	0.08878	0.07014	0.02363	0.04448	0.00951	0.00715	0.00226	0.00884	0.00709	0.00599	0.01028
2	0.01108	0.00831	0.01246	0.01246	0.01385	0.00969	0.00969	0.01385	0.01246	0.01800	0.02077	0.03046	0.01938	0.05815	0.69678	0.01246	0.02077	0.00831	0.00415	0.00692
3	0.01608	0.01378	0.01608	0.01148	0.01837	0.01034	0.00919	0.01952	0.01608	0.02527	0.01378	0.01608	0.01148	0.00574	0.00574	0.00115	0.00574	0.00459	0.00459	0.77491
4	0.01919	0.01842	0.03147	0.04759	0.67914	0.01842	0.02380	0.02380	0.01765	0.02533	0.01458	0.01919	0.01228	0.00691	0.00768	0.00230	0.00921	0.00691	0.00384	0.01228
5	0.02023	0.66534	0.10309	0.01412	0.02122	0.02946	0.01475	0.02335	0.01581	0.01885	0.01108	0.01282	0.00994	0.00670	0.00521	0.00174	0.00860	0.00430	0.00331	0.01010
6	0.03259	0.01369	0.01793	0.01408	0.01985	0.01251	0.01152	0.03827	0.11320	0.59221	0.03073	0.02675	0.01983	0.00973	0.00781	0.00243	0.00653	0.00793	0.00935	0.01306
7	0.01464	0.01378	0.02326	0.70887	0.05340	0.01723	0.02153	0.01981	0.01550	0.01981	0.01378	0.02067	0.01034	0.00775	0.00775	0.00258	0.01034	0.00689	0.00345	0.00861
8	0.02261	0.05400	0.02386	0.15315	0.05739	0.32119	0.01702	0.05070	0.01847	0.02053	0.01223	0.01634	0.01033	0.00923	0.01154	0.00246	0.18002	0.00592	0.00387	0.00915
9	0.01109	0.00825	0.01217	0.01217	0.01346	0.00953	0.00933	0.01366	0.01238	0.01778	0.02103	0.03193	0.02002	0.10659	0.64921	0.01210	0.01981	0.00852	0.00419	0.00676
10	0.01128	0.00752	0.00846	0.00846	0.00846	0.00752	0.00470	0.01128	0.01128	0.01503	0.02443	0.05074	0.02819	0.72751	0.03946	0.00752	0.00752	0.01128	0.00470	0.00470
11	0.01249	0.00892	0.01249	0.01428	0.01606	0.00892	0.01249	0.01606	0.01785	0.02320	0.04105	0.08746	0.04462	0.02142	0.01071	0.00357	0.00714	0.62695	0.00714	0.00714
12	0.01889	0.01806	0.02391	0.29747	0.18309	0.09006	0.01904	0.10422	0.01924	0.02475	0.01768	0.04744	0.03759	0.00924	0.00895	0.00250	0.05590	0.00762	0.00444	0.00991
13	0.01445	0.00723	0.00723	0.00723	0.00903	0.00723	0.00542	0.01807	0.01626	0.02891	0.02529	0.02891	0.01987	0.00903	0.00542	0.00181	0.00361	0.00723	0.77055	0.00723
14	0.07619	0.06596	0.01851	0.01347	0.04667	0.01286	0.01045	0.02350	0.01701	0.14407	0.01640	0.01755	0.01257	0.00666	0.00607	0.00155	0.00625	0.00521	0.00538	0.49367

[dist]
# distance from previous block
# <min> <max>
0	1

[block]
# block no. 7 follows, 25 sequences, length 7
# corresponding to MSA columns:
# 283-289
name=unknown_H
#
# <colnr> <probs for GDERKNQSTAVLIFYWHMCP>
#	G	D	E	R	K	N	Q	S	T	A	V	L	I	F	Y	W	H	M	C	P
0	0.17324	0.15338	0.02381	0.01869	0.06403	0.40376	0.01397	0.02755	0.01890	0.02233	0.01171	0.01378	0.00982	0.00753	0.00626	0.00204	0.01112	0.00481	0.00402	0.00926
1	0.01171	0.00831	0.00993	0.00967	0.00976	0.00894	0.00600	0.01203	0.01140	0.01552	0.02306	0.04669	0.02617	0.62526	0.08382	0.00754	0.06376	0.01072	0.00456	0.00515
2	0.70813	0.01566	0.01257	0.01095	0.01589	0.01805	0.00902	0.08489	0.01549	0.03617	0.01157	0.01319	0.00887	0.00741	0.00509	0.00239	0.00625	0.00447	0.00509	0.00887
3	0.01696	0.01696	0.02375	0.02036	0.02036	0.02375	0.01696	0.01866	0.01187	0.01866	0.01018	0.01696	0.01018	0.01357	0.02545	0.00339	0.71332	0.00679	0.00339	0.00848
4	0.78228	0.01499	0.01140	0.01020	0.01499	0.01739	0.00840	0.02279	0.01320	0.03479	0.01080	0.01260	0.00840	0.00720	0.00480	0.00240	0.00600	0.00420	0.00480	0.00840
5	0.43116	0.05554	0.01792	0.01495	0.05252	0.01955	0.01167	0.14648	0.01868	0.08468	0.01398	0.01554	0.01060	0.00829	0.00754	0.00243	0.06761	0.00538	0.00549	0.00999
6	0.24697	0.22564	0.06062	0.08721	0.06572	0.15598	0.01451	0.02439	0.01636	0.02424	0.01174	0.01427	0.00968	0.00724	0.00591	0.00212	0.00918	0.00487	0.00393	0.00939

[dist]
# distance from previous block
# <min> <max>
6	13

[block]
# block no. 8 follows, 25 sequences, length 25
# corresponding to MSA columns:
# 303-327
name=unknown_I
#
# <colnr> <probs for GDERKNQSTAVLIFYWHMCP>
#	G	D	E	R	K	N	Q	S	T	A	V	L	I	F	Y	W	H	M	C	P
0	0.01851	0.01758	0.02821	0.06978	0.48940	0.01831	0.02110	0.02377	0.05540	0.02481	0.01504	0.01935	0.01259	0.00776	0.00937	0.00235	0.08165	0.00682	0.00408	0.07413
1	0.00981	0.00705	0.00913	0.01055	0.01124	0.00660	0.00719	0.01131	0.01522	0.02017	0.07202	0.56200	0.09046	0.08101	0.01228	0.00346	0.00481	0.05239	0.00705	0.00627
2	0.02144	0.67196	0.03901	0.01385	0.02025	0.08833	0.01342	0.02389	0.01629	0.01831	0.01088	0.01257	0.00995	0.00675	0.00515	0.00169	0.00878	0.00422	0.00338	0.00987
3	0.03321	0.01540	0.07277	0.01447	0.02092	0.01194	0.01281	0.03670	0.02172	0.63050	0.02922	0.02557	0.01843	0.00941	0.00776	0.00240	0.00700	0.00763	0.00908	0.01305
4	0.01264	0.00849	0.00935	0.00879	0.01155	0.00728	0.00658	0.01471	0.01804	0.10323	0.11471	0.06540	0.49483	0.07603	0.01147	0.00298	0.00453	0.01471	0.00740	0.00728
5	0.02043	0.01722	0.01818	0.01601	0.02060	0.01982	0.01255	0.10983	0.59464	0.03428	0.03011	0.02777	0.02249	0.01038	0.00787	0.00260	0.00640	0.00857	0.00787	0.01238
6	0.02317	0.01749	0.01903	0.01606	0.02096	0.01948	0.01288	0.24880	0.35406	0.08009	0.05234	0.02894	0.02262	0.01073	0.00801	0.00255	0.00694	0.03570	0.00795	0.01223
7	0.02073	0.73217	0.04063	0.01327	0.01990	0.03068	0.01327	0.02322	0.01575	0.01824	0.01078	0.01244	0.00995	0.00663	0.00498	0.00166	0.00829	0.00415	0.00332	0.00995
8	0.06080	0.59209	0.10545	0.01422	0.02124	0.02838	0.01467	0.05027	0.01657	0.02108	0.01144	0.01312	0.00999	0.00685	0.00533	0.00181	0.00851	0.00443	0.00358	0.01016
9	0.08136	0.01751	0.09256	0.09050	0.08355	0.01578	0.01538	0.08918	0.09592	0.21001	0.02370	0.09288	0.01875	0.01040	0.00817	0.00254	0.02549	0.00857	0.00659	0.01115
10	0.78228	0.01499	0.01140	0.01020	0.01499	0.01739	0.00840	0.02279	0.01320	0.03479	0.01080	0.01260	0.00840	0.00720	0.00480	0.00240	0.00600	0.00420	0.00480	0.00840
11	0.01684	0.01602	0.02722	0.38987	0.35526	0.01780	0.02262	0.02173	0.01654	0.02247	0.01417	0.01996	0.01127	0.00735	0.00772	0.00245	0.00979	0.00690	0.00363	0.01038
12	0.02177	0.01536	0.01784	0.01649	0.04873	0.01646	0.01271	0.15251	0.27084	0.12994	0.03303	0.03859	0.07085	0.01235	0.00837	0.00267	0.00680	0.10555	0.00777	0.01137
13	0.01108	0.00831	0.01246	0.01246	0.01385	0.00969	0.00969	0.01385	0.01246	0.01800	0.02077	0.03046	0.01938	0.05815	0.69678	0.01246	0.02077	0.00831	0.00415	0.00692
14	0.02347	0.01059	0.01400	0.01204	0.01553	0.00964	0.00926	0.02563	0.01802	0.36900	0.03203	0.09760	0.05142	0.17552	0.06406	0.00439	0.00755	0.04289	0.00769	0.00967
15	0.01128	0.00752	0.00846	0.00846	0.00846	0.00752	0.00470	0.01128	0.01128	0.01503	0.02443	0.05074	0.02819	0.72751	0.03946	0.00752	0.00752	0.01128	0.00470	0.00470
16	0.02266	0.01590	0.04783	0.17835	0.06485	0.01552	0.08447	0.06481	0.09042	0.23259	0.02558	0.02848	0.04504	0.00968	0.00811	0.00255	0.00846	0.03713	0.00651	0.01106
