[name]
unknown

[dist]
# distance from previous block
# <min> <max>
0	68

[block]
# block no. 0 follows, 22 sequences, length 32
# corresponding to MSA columns:
# 68-99
name=unknown_A
#
# <colnr> <probs for GDERKNQSTAVLIFYWHMCP>
#	G	D	E	R	K	N	Q	S	T	A	V	L	I	F	Y	W	H	M	C	P
0	0.01303	0.00945	0.01289	0.01461	0.01661	0.00930	0.01267	0.01668	0.01911	0.02462	0.04804	0.09232	0.10883	0.02276	0.01131	0.00372	0.00730	0.54153	0.00766	0.00759
1	0.03152	0.02492	0.02479	0.01934	0.02575	0.09121	0.01582	0.56848	0.03749	0.04913	0.01923	0.01944	0.01378	0.00983	0.00823	0.00246	0.00973	0.00726	0.00790	0.01367
2	0.01774	0.07751	0.52869	0.02181	0.03243	0.01874	0.02700	0.02605	0.01799	0.05926	0.01858	0.02554	0.01482	0.00949	0.00813	0.00270	0.01134	0.06608	0.00429	0.01181
3	0.02651	0.02134	0.02205	0.01797	0.02380	0.04928	0.01444	0.34296	0.27142	0.04279	0.02476	0.02389	0.01826	0.01021	0.00821	0.00253	0.00821	0.00799	0.00801	0.05537
4	0.10572	0.02254	0.02365	0.01829	0.02478	0.02504	0.01510	0.56759	0.03655	0.05083	0.01910	0.01929	0.01361	0.00974	0.00799	0.00250	0.00887	0.00718	0.00799	0.01361
5	0.03158	0.02327	0.02493	0.01911	0.02576	0.02576	0.01579	0.62852	0.03906	0.05236	0.01995	0.01995	0.01413	0.00997	0.00831	0.00249	0.00914	0.00748	0.00831	0.01413
6	0.02221	0.71304	0.04353	0.01421	0.02132	0.03287	0.01421	0.02488	0.01688	0.01955	0.01155	0.01333	0.01066	0.00711	0.00533	0.00178	0.00888	0.00444	0.00355	0.01066
7	0.02427	0.01704	0.01889	0.01644	0.02152	0.01883	0.01295	0.04335	0.50715	0.17094	0.03359	0.03040	0.02432	0.01106	0.00843	0.00276	0.00668	0.00917	0.00885	0.01336
8	0.01666	0.04297	0.66500	0.02368	0.03596	0.01929	0.03069	0.02631	0.01754	0.02631	0.01491	0.01754	0.01052	0.00789	0.00789	0.00263	0.01228	0.00614	0.00351	0.01228
9	0.03049	0.02245	0.02415	0.01873	0.02506	0.02479	0.01538	0.59712	0.03788	0.05077	0.02126	0.05469	0.01621	0.01079	0.00843	0.00254	0.00892	0.00830	0.00828	0.01375
10	0.03158	0.02327	0.02493	0.01911	0.02576	0.02576	0.01579	0.62852	0.03906	0.05236	0.01995	0.01995	0.01413	0.00997	0.00831	0.00249	0.00914	0.00748	0.00831	0.01413
11	0.01549	0.00774	0.00774	0.00774	0.00968	0.00774	0.00581	0.01936	0.01742	0.03097	0.02710	0.03097	0.02129	0.00968	0.00581	0.00194	0.00387	0.00774	0.75416	0.00774
12	0.76672	0.01607	0.01221	0.01092	0.01607	0.01864	0.00900	0.02442	0.01414	0.03727	0.01157	0.01350	0.00900	0.00771	0.00514	0.00257	0.00643	0.00450	0.00514	0.00900
13	0.01443	0.00722	0.01082	0.01082	0.01082	0.00722	0.00722	0.01082	0.01082	0.01443	0.01443	0.02525	0.01443	0.02886	0.03247	0.75830	0.00722	0.00722	0.00361	0.00361
14	0.02128	0.01815	0.01913	0.01703	0.02184	0.02095	0.01330	0.07695	0.60741	0.03574	0.03303	0.03037	0.02473	0.01120	0.00845	0.00280	0.00672	0.00928	0.00845	0.01320
15	0.01039	0.00839	0.00896	0.00884	0.01121	0.00726	0.00645	0.01260	0.01905	0.02372	0.17862	0.07421	0.48855	0.08961	0.01309	0.00330	0.00454	0.01654	0.00770	0.00696
16	0.00993	0.00830	0.00865	0.00881	0.01135	0.00702	0.00652	0.01205	0.01884	0.02279	0.10501	0.14012	0.56942	0.02135	0.00989	0.00285	0.00426	0.01802	0.00778	0.00702
17	0.03153	0.02468	0.02481	0.01931	0.02576	0.08204	0.01581	0.57690	0.03771	0.04958	0.01933	0.01951	0.01383	0.00985	0.00824	0.00246	0.00965	0.00729	0.00796	0.01374
18	0.03103	0.03959	0.02354	0.02140	0.02568	0.67469	0.01605	0.03317	0.02354	0.02033	0.01284	0.01498	0.01070	0.00856	0.00749	0.00214	0.01498	0.00535	0.00428	0.00963
19	0.01666	0.04297	0.66500	0.02368	0.03596	0.01929	0.03069	0.02631	0.01754	0.02631	0.01491	0.01754	0.01052	0.00789	0.00789	0.00263	0.01228	0.00614	0.00351	0.01228
20	0.76672	0.01607	0.01221	0.01092	0.01607	0.01864	0.00900	0.02442	0.01414	0.03727	0.01157	0.01350	0.00900	0.00771	0.00514	0.00257	0.00643	0.00450	0.00514	0.00900
21	0.03158	0.02327	0.02493	0.01911	0.02576	0.02576	0.01579	0.62852	0.03906	0.05236	0.01995	0.01995	0.01413	0.00997	0.00831	0.00249	0.00914	0.00748	0.00831	0.01413
22	0.02221	0.71304	0.04353	0.01421	0.02132	0.03287	0.01421	0.02488	0.01688	0.01955	0.01155	0.01333	0.01066	0.00711	0.00533	0.00178	0.00888	0.00444	0.00355	0.01066
23	0.00982	0.00842	0.00842	0.00842	0.01122	0.00701	0.00631	0.01192	0.01894	0.02244	0.08416	0.07995	0.65285	0.02104	0.00982	0.00281	0.00421	0.01753	0.00771	0.00701
24	0.01666	0.04297	0.66500	0.02368	0.03596	0.01929	0.03069	0.02631	0.01754	0.02631	0.01491	0.01754	0.01052	0.00789	0.00789	0.00263	0.01228	0.00614	0.00351	0.01228
25	0.02157	0.01854	0.01880	0.01700	0.02159	0.05821	0.01329	0.04193	0.54686	0.05901	0.03307	0.03325	0.02548	0.01169	0.00855	0.00282	0.00715	0.04025	0.00824	0.01269
26	0.01012	0.00723	0.00964	0.01157	0.01205	0.00675	0.00771	0.01157	0.01591	0.02121	0.04579	0.70262	0.05495	0.02603	0.01060	0.00337	0.00482	0.02362	0.00771	0.00675
27	0.73060	0.01597	0.01256	0.01112	0.01632	0.01832	0.00916	0.02522	0.01462	0.06821	0.01262	0.01423	0.00957	0.00784	0.00530	0.00257	0.00646	0.00469	0.00540	0.00925
28	0.02347	0.01730	0.01960	0.01504	0.02155	0.01644	0.01211	0.20954	0.08734	0.09289	0.02117	0.04856	0.01667	0.00902	0.00742	0.00198	0.00713	0.00723	0.00691	0.35863
29	0.01753	0.14724	0.56829	0.02221	0.03368	0.02141	0.02813	0.02609	0.01744	0.02526	0.01439	0.01688	0.01054	0.00777	0.00749	0.00250	0.01175	0.00587	0.00351	0.01203
30	0.02996	0.01937	0.01891	0.01590	0.02097	0.16025	0.01257	0.03519	0.09230	0.34932	0.06254	0.02994	0.05001	0.01390	0.04754	0.00315	0.00938	0.00859	0.00822	0.01198
31	0.18887	0.01324	0.01500	0.01301	0.01740	0.01344	0.01044	0.02913	0.10786	0.22239	0.20522	0.03842	0.03657	0.01242	0.00823	0.00268	0.00599	0.04055	0.00842	0.01072

[dist]
# distance from previous block
# <min> <max>
0	5

[block]
# block no. 1 follows, 22 sequences, length 8
# corresponding to MSA columns:
# 105-112
name=unknown_B
#
# <colnr> <probs for GDERKNQSTAVLIFYWHMCP>
#	G	D	E	R	K	N	Q	S	T	A	V	L	I	F	Y	W	H	M	C	P
0	0.10242	0.18706	0.38543	0.01921	0.02893	0.02151	0.02265	0.02729	0.01768	0.09362	0.01569	0.01729	0.01145	0.00795	0.00707	0.00243	0.01032	0.00581	0.00442	0.01175
1	0.01648	0.01633	0.12616	0.01467	0.01932	0.01165	0.01334	0.02240	0.07685	0.09658	0.13543	0.22449	0.03960	0.01595	0.00914	0.00278	0.00671	0.05547	0.00727	0.08937
2	0.14062	0.01183	0.01329	0.01196	0.01545	0.01161	0.00908	0.04394	0.05566	0.07755	0.20730	0.16915	0.04154	0.04570	0.00992	0.00282	0.00558	0.01242	0.00747	0.10710
3	0.02174	0.05975	0.30847	0.06909	0.03079	0.12665	0.02192	0.09279	0.02111	0.07434	0.01918	0.08206	0.01587	0.01009	0.00809	0.00258	0.01107	0.00797	0.00507	0.01138
4	0.07726	0.13358	0.02446	0.14205	0.02767	0.05785	0.01522	0.17319	0.05842	0.03080	0.01980	0.09430	0.01754	0.01109	0.00905	0.00259	0.05702	0.00849	0.02905	0.01058
5	0.11961	0.08938	0.01977	0.03537	0.02045	0.01716	0.01168	0.08595	0.12222	0.10641	0.09138	0.06300	0.02454	0.01051	0.00749	0.00232	0.00679	0.00842	0.00692	0.15063
6	0.14435	0.01632	0.01930	0.01626	0.03724	0.01648	0.05043	0.13601	0.10187	0.05172	0.04998	0.10751	0.02228	0.01094	0.00774	0.00239	0.00716	0.00916	0.00666	0.18621
7	0.02051	0.01301	0.01850	0.01559	0.01954	0.01258	0.07570	0.08059	0.06783	0.17492	0.19441	0.19708	0.04276	0.01549	0.00943	0.00281	0.00661	0.01389	0.00841	0.01034

[dist]
# distance from previous block
# <min> <max>
13	34

[block]
# block no. 2 follows, 22 sequences, length 10
# corresponding to MSA columns:
# 152-161
name=unknown_C
#
# <colnr> <probs for GDERKNQSTAVLIFYWHMCP>
#	G	D	E	R	K	N	Q	S	T	A	V	L	I	F	Y	W	H	M	C	P
0	0.07642	0.11956	0.27891	0.01917	0.02796	0.01898	0.05432	0.03101	0.03908	0.22557	0.02053	0.02076	0.01417	0.00858	0.00763	0.00251	0.00970	0.00680	0.00595	0.01238
1	0.06598	0.16413	0.09190	0.01862	0.02511	0.06127	0.06014	0.23839	0.05126	0.03437	0.02007	0.06726	0.01726	0.01050	0.00785	0.00250	0.00948	0.03618	0.00609	0.01163
2	0.02948	0.02182	0.02350	0.01807	0.02440	0.02374	0.01477	0.55151	0.03602	0.04856	0.01993	0.02169	0.01490	0.04896	0.01007	0.00272	0.00887	0.00756	0.00789	0.06552
3	0.01130	0.00848	0.01090	0.01169	0.01332	0.00747	0.00807	0.01312	0.01613	0.02218	0.04062	0.58852	0.04785	0.02272	0.00986	0.00302	0.00504	0.02050	0.00725	0.13195
4	0.02132	0.59013	0.10942	0.01579	0.02294	0.03086	0.01628	0.02468	0.01665	0.02031	0.01187	0.01413	0.01066	0.00773	0.00720	0.00200	0.05891	0.00483	0.00355	0.01072
5	0.04976	0.23401	0.04533	0.01496	0.02043	0.03902	0.01311	0.13709	0.08526	0.08056	0.14120	0.05577	0.02830	0.01106	0.00763	0.00237	0.00761	0.00871	0.00676	0.01107
6	0.02054	0.01669	0.01778	0.01593	0.02054	0.01881	0.01241	0.04071	0.54310	0.06997	0.03879	0.03573	0.08783	0.01219	0.00858	0.00280	0.00637	0.01015	0.00849	0.01259
7	0.01044	0.00755	0.00994	0.01161	0.01242	0.00704	0.00807	0.01225	0.01675	0.02224	0.08199	0.58499	0.08956	0.02500	0.01058	0.00333	0.00495	0.06662	0.00779	0.00689
8	0.20877	0.01828	0.06952	0.05843	0.31381	0.01720	0.01842	0.02278	0.01727	0.02853	0.02317	0.07596	0.07448	0.01024	0.00775	0.00262	0.00831	0.00874	0.00492	0.01081
9	0.01808	0.08875	0.49702	0.02469	0.09514	0.01953	0.02707	0.02619	0.01817	0.05207	0.04599	0.02009	0.01446	0.00832	0.00784	0.00255	0.01117	0.00665	0.00412	0.01211

[dist]
# distance from previous block
# <min> <max>
17	30

[block]
# block no. 3 follows, 22 sequences, length 20
# corresponding to MSA columns:
# 195-214
name=unknown_D
#
# <colnr> <probs for GDERKNQSTAVLIFYWHMCP>
#	G	D	E	R	K	N	Q	S	T	A	V	L	I	F	Y	W	H	M	C	P
0	0.03158	0.02327	0.02493	0.01911	0.02576	0.02576	0.01579	0.62852	0.03906	0.05236	0.01995	0.01995	0.01413	0.00997	0.00831	0.00249	0.00914	0.00748	0.00831	0.01413
1	0.09133	0.02134	0.02249	0.01755	0.02350	0.02362	0.01428	0.52431	0.03463	0.04794	0.01979	0.02241	0.01510	0.07061	0.01101	0.00298	0.00882	0.00763	0.00776	0.01291
2	0.03158	0.02327	0.02493	0.01911	0.02576	0.02576	0.01579	0.62852	0.03906	0.05236	0.01995	0.01995	0.01413	0.00997	0.00831	0.00249	0.00914	0.00748	0.00831	0.01413
3	0.02168	0.64901	0.10292	0.01512	0.02272	0.03157	0.01579	0.02501	0.01694	0.02019	0.01187	0.01373	0.01065	0.00718	0.00558	0.00186	0.00921	0.00460	0.00355	0.01082
4	0.01873	0.01931	0.02395	0.02092	0.02137	0.08594	0.01710	0.02055	0.01402	0.02013	0.01399	0.07473	0.01454	0.01492	0.02399	0.00347	0.57091	0.00844	0.00404	0.00895
5	0.03158	0.02327	0.02493	0.01911	0.02576	0.02576	0.01579	0.62852	0.03906	0.05236	0.01995	0.01995	0.01413	0.00997	0.00831	0.00249	0.00914	0.00748	0.00831	0.01413
6	0.02221	0.71304	0.04353	0.01421	0.02132	0.03287	0.01421	0.02488	0.01688	0.01955	0.01155	0.01333	0.01066	0.00711	0.00533	0.00178	0.00888	0.00444	0.00355	0.01066
7	0.00982	0.00842	0.00842	0.00842	0.01122	0.00701	0.00631	0.01192	0.01894	0.02244	0.08416	0.07995	0.65285	0.02104	0.00982	0.00281	0.00421	0.01753	0.00771	0.00701
8	0.01139	0.00844	0.01050	0.01021	0.01216	0.00770	0.00759	0.01463	0.02152	0.02945	0.45998	0.09527	0.18359	0.05562	0.01165	0.00302	0.00437	0.03690	0.00853	0.00747
9	0.02066	0.01785	0.01878	0.01691	0.02160	0.02066	0.01315	0.04414	0.64121	0.03475	0.03381	0.03099	0.02536	0.01127	0.00845	0.00282	0.00657	0.00939	0.00845	0.01315
10	0.01012	0.00723	0.00964	0.01157	0.01205	0.00675	0.00771	0.01157	0.01591	0.02121	0.04579	0.70262	0.05495	0.02603	0.01060	0.00337	0.00482	0.02362	0.00771	0.00675
11	0.45047	0.02053	0.13191	0.08422	0.02459	0.01779	0.01471	0.02581	0.01607	0.09287	0.01467	0.01670	0.01074	0.00798	0.00632	0.00254	0.00801	0.00548	0.00518	0.04341
12	0.02091	0.53910	0.08358	0.01455	0.02208	0.02797	0.01462	0.02427	0.01699	0.02139	0.01237	0.01433	0.01095	0.00699	0.00566	0.00174	0.00864	0.00465	0.00380	0.14542
13	0.02073	0.01567	0.01687	0.01514	0.01860	0.05059	0.01154	0.24315	0.05056	0.05820	0.07723	0.31528	0.03671	0.01733	0.00936	0.00288	0.00705	0.01492	0.00798	0.01024
14	0.02105	0.01953	0.05999	0.20212	0.33468	0.01920	0.08090	0.05706	0.01980	0.07995	0.01715	0.02161	0.01314	0.00798	0.00840	0.00259	0.01040	0.00765	0.00472	0.01209
15	0.01949	0.06185	0.49211	0.02316	0.06465	0.01842	0.02653	0.02751	0.01846	0.10605	0.01864	0.02300	0.01395	0.00895	0.00806	0.00265	0.01112	0.03854	0.00462	0.01225
16	0.14393	0.20701	0.17102	0.01597	0.02332	0.02081	0.01627	0.02947	0.06930	0.16022	0.05307	0.02150	0.01728	0.00892	0.00701	0.00240	0.00842	0.00663	0.00591	0.01154
17	0.01732	0.07385	0.55446	0.02467	0.03619	0.02019	0.10666	0.02628	0.01777	0.02601	0.01499	0.01796	0.01080	0.00774	0.00801	0.00261	0.01233	0.00653	0.00360	0.01206
18	0.07778	0.01423	0.01923	0.05121	0.02064	0.01670	0.04596	0.01803	0.01546	0.02310	0.03115	0.13482	0.14049	0.01555	0.01586	0.00306	0.26971	0.01145	0.00531	0.07028
19	0.18123	0.08206	0.02040	0.07050	0.02301	0.01766	0.01274	0.05806	0.11302	0.27032	0.05255	0.02486	0.01950	0.00972	0.00747	0.00255	0.00731	0.00752	0.00762	0.01190

[dist]
# distance from previous block
# <min> <max>
1	21

[block]
# block no. 4 follows, 22 sequences, length 23
# corresponding to MSA columns:
# 236-258
name=unknown_E
#
# <colnr> <probs for GDERKNQSTAVLIFYWHMCP>
#	G	D	E	R	K	N	Q	S	T	A	V	L	I	F	Y	W	H	M	C	P
0	0.08137	0.02132	0.13234	0.01772	0.02489	0.01728	0.03961	0.11062	0.12262	0.30619	0.02612	0.02453	0.01766	0.00968	0.00811	0.00262	0.00837	0.00781	0.00797	0.01318
1	0.10543	0.01803	0.08793	0.01527	0.02179	0.01493	0.01363	0.06109	0.09938	0.31526	0.06752	0.02665	0.02158	0.00989	0.00785	0.00247	0.00730	0.00790	0.00807	0.08803
2	0.15798	0.01500	0.01731	0.01414	0.01969	0.01494	0.01148	0.06700	0.12254	0.35784	0.05365	0.03012	0.06032	0.01089	0.00795	0.00262	0.00670	0.00861	0.00879	0.01242
3	0.02647	0.02282	0.02249	0.04419	0.02476	0.13312	0.01491	0.28091	0.06068	0.06500	0.02103	0.02219	0.04094	0.01020	0.00989	0.00243	0.07842	0.00734	0.00662	0.10561
4	0.08003	0.06701	0.52520	0.02314	0.06129	0.01990	0.02713	0.02688	0.04619	0.02737	0.01539	0.01778	0.01121	0.00798	0.00759	0.00259	0.01127	0.00614	0.00390	0.01201
5	0.05370	0.15694	0.52670	0.02144	0.03248	0.02160	0.02682	0.02597	0.01726	0.02567	0.01417	0.01662	0.01047	0.00775	0.00732	0.00248	0.01141	0.00577	0.00359	0.01184
6	0.01246	0.01048	0.01382	0.01373	0.01504	0.04390	0.06336	0.01417	0.01592	0.02068	0.03770	0.48185	0.04408	0.15259	0.01637	0.00414	0.00680	0.01921	0.00671	0.00698
7	0.01222	0.00938	0.01417	0.07392	0.01835	0.01099	0.01125	0.01527	0.01358	0.01929	0.02178	0.03283	0.02039	0.09139	0.58177	0.01212	0.02050	0.00893	0.00441	0.00746
8	0.01072	0.00765	0.01032	0.01225	0.01299	0.00726	0.00874	0.01259	0.01649	0.02187	0.04546	0.59177	0.05365	0.02547	0.01076	0.00346	0.00533	0.12860	0.00770	0.00691
9	0.76672	0.01607	0.01221	0.01092	0.01607	0.01864	0.00900	0.02442	0.01414	0.03727	0.01157	0.01350	0.00900	0.00771	0.00514	0.00257	0.00643	0.00450	0.00514	0.00900
10	0.02088	0.01766	0.01882	0.01694	0.02158	0.02028	0.01333	0.07846	0.56510	0.03522	0.03360	0.03425	0.02608	0.01192	0.00863	0.00286	0.00680	0.04633	0.00839	0.01286
11	0.03029	0.02250	0.02424	0.01850	0.02522	0.02444	0.01525	0.57378	0.03709	0.05008	0.01948	0.01970	0.01396	0.00963	0.00812	0.00238	0.00887	0.00725	0.00801	0.08123
12	0.02472	0.01666	0.01761	0.01427	0.01891	0.01809	0.01154	0.36904	0.02984	0.04325	0.02299	0.02464	0.01718	0.00985	0.00724	0.00226	0.00690	0.00759	0.32602	0.01141
13	0.03158	0.02327	0.02493	0.01911	0.02576	0.02576	0.01579	0.62852	0.03906	0.05236	0.01995	0.01995	0.01413	0.00997	0.00831	0.00249	0.00914	0.00748	0.00831	0.01413
14	0.03158	0.02327	0.02493	0.01911	0.02576	0.02576	0.01579	0.62852	0.03906	0.05236	0.01995	0.01995	0.01413	0.00997	0.00831	0.00249	0.00914	0.00748	0.00831	0.01413
15	0.01925	0.02134	0.04306	0.03168	0.03795	0.02213	0.47234	0.02494	0.01787	0.02494	0.01531	0.02134	0.01218	0.00891	0.01422	0.00301	0.18565	0.00916	0.00406	0.01067
16	0.01187	0.00890	0.01335	0.01335	0.01483	0.01038	0.01038	0.01483	0.01335	0.01928	0.02225	0.03264	0.02077	0.06231	0.67512	0.01335	0.02225	0.00890	0.00445	0.00742
17	0.02663	0.01692	0.01926	0.01633	0.02169	0.01817	0.01298	0.07303	0.40918	0.23988	0.03276	0.02954	0.02322	0.01088	0.00841	0.00272	0.00687	0.00896	0.00904	0.01352
18	0.01208	0.00805	0.00906	0.00906	0.00906	0.00805	0.00503	0.01208	0.01208	0.01611	0.02618	0.05436	0.03020	0.70804	0.04228	0.00805	0.00805	0.01208	0.00503	0.00503
19	0.02466	0.01976	0.02204	0.09373	0.02737	0.02254	0.01537	0.28551	0.31920	0.04057	0.02587	0.02538	0.01906	0.01039	0.00838	0.00268	0.00816	0.00837	0.00786	0.01311
20	0.03322	0.01752	0.05971	0.01613	0.02273	0.01539	0.01391	0.11348	0.10227	0.46851	0.03020	0.02691	0.01974	0.01022	0.00833	0.00260	0.00759	0.00824	0.00939	0.01390
21	0.03017	0.01533	0.01902	0.01499	0.02104	0.01430	0.01213	0.09981	0.10371	0.38918	0.02959	0.06157	0.02109	0.01060	0.00816	0.00244	0.00698	0.00870	0.00892	0.12228
22	0.01813	0.03989	0.58625	0.02384	0.03551	0.01896	0.06688	0.02721	0.01806	0.06582	0.01614	0.01851	0.01128	0.00799	0.00804	0.00264	0.01206	0.00651	0.00397	0.01233

[dist]
# distance from previous block
# <min> <max>
23	59

[block]
# block no. 5 follows, 22 sequences, length 20
# corresponding to MSA columns:
# 329-348
name=unknown_F
#
# <colnr> <probs for GDERKNQSTAVLIFYWHMCP>
#	G	D	E	R	K	N	Q	S	T	A	V	L	I	F	Y	W	H	M	C	P
0	0.01113	0.00820	0.01046	0.01075	0.01243	0.00753	0.00792	0.01412	0.02054	0.02798	0.37043	0.24005	0.15214	0.02037	0.01012	0.00292	0.00443	0.05261	0.00846	0.00741
1	0.01569	0.01477	0.02492	0.68808	0.05722	0.01846	0.02307	0.02123	0.01661	0.02123	0.01477	0.02215	0.01107	0.00831	0.00831	0.00277	0.01107	0.00738	0.00369	0.00923
2	0.01613	0.01522	0.02572	0.63022	0.11161	0.01857	0.02329	0.02161	0.01682	0.02176	0.01484	0.02200	0.01126	0.00822	0.00830	0.00274	0.01096	0.00738	0.00373	0.00959
3	0.01569	0.01477	0.02492	0.68808	0.05722	0.01846	0.02307	0.02123	0.01661	0.02123	0.01477	0.02215	0.01107	0.00831	0.00831	0.00277	0.01107	0.00738	0.00369	0.00923
4	0.01596	0.01505	0.02541	0.65218	0.09097	0.01853	0.02321	0.02147	0.01674	0.02156	0.01481	0.02206	0.01119	0.00825	0.00830	0.00275	0.01101	0.00738	0.00372	0.00945
5	0.01268	0.00959	0.01181	0.01184	0.01377	0.00953	0.00872	0.01866	0.11310	0.02890	0.32620	0.23035	0.07943	0.04425	0.01108	0.00311	0.00490	0.04547	0.00839	0.00820
6	0.01569	0.01477	0.02492	0.68808	0.05722	0.01846	0.02307	0.02123	0.01661	0.02123	0.01477	0.02215	0.01107	0.00831	0.00831	0.00277	0.01107	0.00738	0.00369	0.00923
7	0.01747	0.01659	0.02814	0.45463	0.27671	0.01893	0.02396	0.02279	0.01746	0.02339	0.01508	0.02157	0.01184	0.00797	0.00828	0.00266	0.01063	0.00739	0.00385	0.01067
8	0.02939	0.02906	0.02294	0.01905	0.02454	0.30911	0.01497	0.28712	0.02939	0.03512	0.01663	0.01795	0.01274	0.00899	0.00765	0.00220	0.01123	0.00632	0.03579	0.07982
9	0.02066	0.01785	0.01878	0.01691	0.02160	0.02066	0.01315	0.04414	0.64121	0.03475	0.03381	0.03099	0.02536	0.01127	0.00845	0.00282	0.00657	0.00939	0.00845	0.01315
10	0.02781	0.01496	0.01822	0.01496	0.02044	0.01469	0.01198	0.03820	0.23897	0.34328	0.08840	0.03157	0.02696	0.01096	0.00837	0.00257	0.00655	0.00910	0.00918	0.06281
11	0.25757	0.02145	0.01918	0.01590	0.02156	0.10122	0.01277	0.22456	0.11748	0.03879	0.01807	0.01873	0.01362	0.00894	0.00705	0.00241	0.00836	0.00634	0.00654	0.07945
12	0.02283	0.01638	0.02067	0.01658	0.02162	0.01687	0.06781	0.22208	0.10366	0.11256	0.17361	0.03896	0.10402	0.01276	0.00898	0.00263	0.00727	0.01090	0.00831	0.01150
13	0.01929	0.01981	0.15354	0.01773	0.05288	0.01500	0.01588	0.11436	0.07097	0.09126	0.24818	0.04102	0.03995	0.01290	0.00898	0.00268	0.00749	0.04959	0.00754	0.01094
14	0.08864	0.05334	0.11574	0.01609	0.02279	0.01808	0.01467	0.03355	0.27488	0.08734	0.02381	0.02341	0.01778	0.00908	0.00743	0.00236	0.00748	0.00719	0.00660	0.16974
15	0.10361	0.22154	0.19945	0.01857	0.05589	0.02227	0.01808	0.02935	0.11089	0.08466	0.01806	0.01902	0.01374	0.00827	0.00692	0.00233	0.00893	0.00617	0.00515	0.04710
16	0.01795	0.05651	0.25379	0.02024	0.05055	0.01770	0.05562	0.02617	0.08958	0.02698	0.01684	0.01924	0.01309	0.00792	0.00835	0.00220	0.04317	0.00635	0.00463	0.26310
17	0.05589	0.11339	0.45054	0.02128	0.03148	0.02031	0.04641	0.02645	0.01756	0.06380	0.01534	0.01768	0.01123	0.00807	0.00817	0.00251	0.03524	0.00611	0.00409	0.04447
18	0.10811	0.06268	0.32143	0.02099	0.02970	0.01802	0.11272	0.02400	0.01702	0.02655	0.01628	0.02251	0.01326	0.00981	0.00941	0.05287	0.01050	0.04106	0.00419	0.07888
19	0.01899	0.12425	0.39081	0.02135	0.03080	0.02059	0.05913	0.02592	0.01748	0.06282	0.01526	0.01793	0.01146	0.00833	0.00930	0.00249	0.07313	0.00625	0.00410	0.07961

[dist]
# distance from previous block
# <min> <max>
7	42

[block]
# block no. 6 follows, 22 sequences, length 35
# corresponding to MSA columns:
# 393-427
name=unknown_G
#
# <colnr> <probs for GDERKNQSTAVLIFYWHMCP>
#	G	D	E	R	K	N	Q	S	T	A	V	L	I	F	Y	W	H	M	C	P
0	0.08083	0.09730	0.08010	0.03845	0.02332	0.01578	0.01406	0.03389	0.02093	0.40890	0.02503	0.02338	0.01666	0.00909	0.00755	0.00237	0.00776	0.00710	0.00784	0.07966
1	0.02660	0.05213	0.11102	0.03618	0.02404	0.01482	0.03459	0.03082	0.02056	0.33396	0.06276	0.05128	0.02146	0.01041	0.00918	0.00250	0.04639	0.00841	0.00748	0.09543
2	0.01873	0.01401	0.01720	0.10513	0.02300	0.04733	0.01240	0.02237	0.03691	0.12181	0.06545	0.17531	0.06272	0.01391	0.01022	0.00259	0.06897	0.01152	0.00654	0.16388
3	0.06751	0.23365	0.13665	0.03894	0.02315	0.07328	0.01550	0.02469	0.01817	0.08404	0.05870	0.02591	0.05935	0.04953	0.00962	0.00262	0.02717	0.00732	0.00510	0.03910
4	0.06334	0.11121	0.05172	0.08286	0.02146	0.01452	0.01231	0.02263	0.02068	0.12411	0.29587	0.03828	0.04184	0.01206	0.00822	0.00242	0.00653	0.01009	0.00720	0.05265
5	0.01767	0.04860	0.15564	0.20866	0.03697	0.01786	0.10641	0.05284	0.03710	0.02609	0.01730	0.05338	0.01415	0.00858	0.00799	0.00241	0.01010	0.00771	0.00454	0.16599
6	0.08428	0.04802	0.18054	0.06524	0.02686	0.01708	0.05214	0.02590	0.07350	0.08937	0.05496	0.04800	0.05004	0.01070	0.00930	0.00263	0.05448	0.02406	0.00567	0.07724
7	0.01829	0.02057	0.06342	0.19342	0.04380	0.01983	0.38101	0.02454	0.01828	0.02498	0.01580	0.02158	0.01204	0.00767	0.00996	0.00272	0.04590	0.00860	0.00407	0.06353
8	0.42992	0.01697	0.01684	0.07547	0.02249	0.01904	0.01211	0.12581	0.06131	0.12263	0.01757	0.01850	0.01267	0.00872	0.00660	0.00259	0.00739	0.00609	0.00644	0.01082
9	0.01846	0.01886	0.03524	0.13055	0.11614	0.01958	0.28324	0.02339	0.01740	0.02432	0.01517	0.02118	0.01225	0.00938	0.01278	0.03974	0.11377	0.00820	0.00406	0.07630
10	0.32308	0.05341	0.04892	0.04631	0.01996	0.12800	0.01191	0.02347	0.01874	0.03110	0.18822	0.02772	0.02863	0.01041	0.00712	0.00248	0.00783	0.00776	0.00587	0.00904
11	0.21575	0.02146	0.02174	0.01706	0.02333	0.02398	0.01409	0.47718	0.03282	0.04858	0.01785	0.01833	0.01284	0.00941	0.00752	0.00251	0.00846	0.00673	0.00752	0.01284
12	0.31202	0.02138	0.02001	0.01611	0.02206	0.05713	0.01321	0.36678	0.02874	0.04492	0.01638	0.01722	0.01199	0.00904	0.00706	0.00250	0.00841	0.00623	0.00689	0.01193
13	0.05901	0.01188	0.01241	0.01183	0.01523	0.01218	0.00919	0.02332	0.21185	0.02822	0.10937	0.06020	0.33125	0.01700	0.00922	0.00285	0.00528	0.05267	0.00791	0.00915
14	0.01039	0.00734	0.00956	0.01123	0.01164	0.00692	0.00735	0.01164	0.01539	0.02052	0.04313	0.61488	0.05160	0.11833	0.01489	0.00401	0.00526	0.02206	0.00735	0.00652
15	0.02896	0.03448	0.02469	0.02497	0.11076	0.50357	0.01712	0.06873	0.06482	0.02414	0.01504	0.01710	0.01221	0.00867	0.00770	0.00225	0.01338	0.00602	0.00478	0.01061
16	0.02064	0.01896	0.02909	0.12072	0.41643	0.02013	0.02212	0.06506	0.14534	0.02947	0.01945	0.02282	0.01542	0.00845	0.00829	0.00258	0.00931	0.00781	0.00519	0.01273
17	0.01766	0.00984	0.01007	0.00928	0.01186	0.01018	0.00716	0.10180	0.02035	0.03387	0.02613	0.02948	0.02032	0.00972	0.00615	0.00201	0.00458	0.00771	0.65322	0.00861
18	0.01007	0.00843	0.00876	0.00868	0.01137	0.00712	0.00651	0.01241	0.01953	0.02385	0.15757	0.07764	0.57856	0.02051	0.00982	0.00278	0.00417	0.01721	0.00790	0.00712
19	0.01024	0.00732	0.00974	0.01149	0.01207	0.00682	0.00772	0.01186	0.01644	0.02206	0.08865	0.65731	0.05660	0.02539	0.01055	0.00332	0.00476	0.02301	0.00781	0.00682
20	0.01005	0.00752	0.00934	0.01080	0.01185	0.00681	0.00737	0.01165	0.01665	0.02151	0.05516	0.55056	0.20096	0.02481	0.01041	0.00323	0.00467	0.02213	0.00771	0.00681
21	0.03502	0.01464	0.01921	0.01507	0.02126	0.01335	0.01234	0.04098	0.10734	0.57708	0.03291	0.02864	0.02121	0.01042	0.00837	0.00260	0.00700	0.00849	0.01003	0.01400
22	0.01010	0.00730	0.00957	0.01138	0.01200	0.00676	0.00763	0.01159	0.01609	0.02128	0.04809	0.66524	0.09084	0.02573	0.01056	0.00334	0.00478	0.02325	0.00771	0.00676
23	0.01059	0.00834	0.00955	0.00947	0.01175	0.00731	0.00702	0.01333	0.02042	0.02649	0.29783	0.12680	0.38172	0.01992	0.00988	0.00278	0.00415	0.01710	0.00826	0.00731
24	0.01029	0.00843	0.00907	0.00891	0.01151	0.00721	0.00668	0.01284	0.02005	0.02510	0.22274	0.07558	0.51261	0.02005	0.00981	0.00276	0.00414	0.01692	0.00806	0.00721
25	0.03727	0.01414	0.01928	0.01478	0.02121	0.01221	0.01221	0.04049	0.02378	0.66198	0.03277	0.02828	0.02056	0.01028	0.00835	0.00257	0.00707	0.00835	0.01028	0.01414
26	0.01405	0.00918	0.01045	0.00971	0.01267	0.00794	0.00733	0.01653	0.02007	0.11073	0.18426	0.06793	0.41789	0.06018	0.01157	0.00305	0.00477	0.01547	0.00818	0.00802
27	0.07307	0.02078	0.02202	0.01726	0.02292	0.02294	0.01393	0.50883	0.03391	0.04654	0.02029	0.02422	0.01600	0.10432	0.01272	0.00325	0.00883	0.00792	0.00768	0.01259
28	0.01321	0.00966	0.01294	0.01427	0.01618	0.00969	0.01188	0.01803	0.06052	0.02613	0.12317	0.16782	0.05129	0.02181	0.01094	0.00354	0.00671	0.40640	0.00791	0.00792
29	0.66505	0.01494	0.01161	0.01049	0.01520	0.01716	0.00857	0.02373	0.01458	0.03642	0.01367	0.01586	0.01066	0.00798	0.00523	0.00248	0.00608	0.00494	0.10652	0.00883
30	0.01206	0.00792	0.00905	0.00931	0.00951	0.00786	0.00545	0.01253	0.01298	0.01785	0.02890	0.14045	0.03292	0.56634	0.03542	0.00699	0.00732	0.01334	0.05838	0.00546
31	0.76672	0.01607	0.01221	0.01092	0.01607	0.01864	0.00900	0.02442	0.01414	0.03727	0.01157	0.01350	0.00900	0.00771	0.00514	0.00257	0.00643	0.00450	0.00514	0.00900
32	0.01818	0.01818	0.02545	0.02181	0.02181	0.02545	0.01818	0.01999	0.01272	0.01999	0.01091	0.01818	0.01091	0.01454	0.02726	0.00364	0.69284	0.00727	0.00364	0.00909
33	0.01185	0.00796	0.00913	0.00936	0.00942	0.00790	0.00535	0.01202	0.01254	0.01671	0.02851	0.13141	0.03314	0.62699	0.03852	0.00750	0.00767	0.01345	0.00535	0.00524
34	0.01220	0.00931	0.01366	0.01347	0.01478	0.01098	0.01040	0.01490	0.01323	0.01910	0.02196	0.03344	0.02094	0.10557	0.59768	0.01249	0.05508	0.00904	0.00445	0.00733

[dist]
# distance from previous block
# <min> <max>
0	13

[block]
# block no. 7 follows, 22 sequences, length 8
# corresponding to MSA columns:
# 441-448
name=unknown_H
#
# <colnr> <probs for GDERKNQSTAVLIFYWHMCP>
#	G	D	E	R	K	N	Q	S	T	A	V	L	I	F	Y	W	H	M	C	P
0	0.43902	0.02317	0.16640	0.01532	0.02220	0.01964	0.01514	0.07835	0.09311	0.03568	0.01575	0.01711	0.01177	0.00838	0.00645	0.00261	0.00804	0.00573	0.00543	0.01070
1	0.02047	0.01764	0.02202	0.02481	0.16942	0.01943	0.01623	0.07461	0.38130	0.03292	0.02990	0.03545	0.02450	0.01170	0.00876	0.00284	0.00764	0.08049	0.00733	0.01255
2	0.01432	0.01187	0.01347	0.01313	0.01528	0.06570	0.01023	0.03938	0.02079	0.02795	0.31618	0.07769	0.05151	0.02780	0.16507	0.00528	0.00991	0.09906	0.00734	0.00805
3	0.01892	0.02721	0.19275	0.03237	0.04168	0.02061	0.48713	0.02654	0.01913	0.02654	0.01636	0.02127	0.01212	0.00721	0.00936	0.00276	0.01360	0.00895	0.00404	0.01145
4	0.01291	0.01030	0.01155	0.01146	0.01437	0.00984	0.00917	0.05170	0.07015	0.02649	0.10741	0.07450	0.38375	0.01978	0.01001	0.00301	0.00547	0.15210	0.00789	0.00812
5	0.01966	0.02325	0.09363	0.03888	0.22575	0.02049	0.39925	0.02625	0.01924	0.02674	0.01630	0.02147	0.01260	0.00719	0.00918	0.00269	0.01263	0.00879	0.00412	0.01187
6	0.13548	0.03137	0.36197	0.03036	0.23003	0.01933	0.02564	0.02575	0.01744	0.02829	0.01461	0.01787	0.01112	0.00771	0.00757	0.00257	0.01059	0.00628	0.00396	0.01204
7	0.01770	0.01682	0.02855	0.42524	0.30434	0.01899	0.02407	0.02299	0.01756	0.02367	0.01512	0.02149	0.01193	0.00793	0.00827	0.00264	0.01058	0.00739	0.00386	0.01085

[dist]
# distance from previous block
# <min> <max>
0	9

[block]
# block no. 8 follows, 22 sequences, length 6
# corresponding to MSA columns:
# 458-463
name=unknown_I
#
# <colnr> <probs for GDERKNQSTAVLIFYWHMCP>
#	G	D	E	R	K	N	Q	S	T	A	V	L	I	F	Y	W	H	M	C	P
0	0.13514	0.01139	0.04203	0.01171	0.01460	0.01019	0.00948	0.01797	0.02024	0.05709	0.36378	0.16222	0.05631	0.01658	0.00910	0.00279	0.00515	0.03796	0.00797	0.00830
1	0.02362	0.02716	0.01847	0.01702	0.02043	0.39357	0.01265	0.05894	0.02161	0.02207	0.02842	0.06935	0.11981	0.07939	0.04848	0.00351	0.01210	0.00930	0.00534	0.00875
2	0.01775	0.14431	0.52053	0.02312	0.03430	0.02152	0.07549	0.02611	0.01760	0.02529	0.01454	0.01728	0.01071	0.00770	0.00765	0.00251	0.01189	0.00617	0.00357	0.01194
3	0.01313	0.01138	0.01281	0.01320	0.01463	0.05981	0.00944	0.01499	0.01674	0.02220	0.06951	0.49619	0.04521	0.02145	0.01135	0.00307	0.06459	0.01869	0.00693	0.07467
4	0.08634	0.24150	0.05662	0.01573	0.02223	0.07711	0.01405	0.12920	0.05713	0.11182	0.03872	0.01965	0.01559	0.00868	0.00689	0.00217	0.00862	0.00628	0.00599	0.07566
5	0.20401	0.24661	0.07063	0.05217	0.02269	0.06245	0.01412	0.06551	0.01838	0.05643	0.03778	0.01894	0.01435	0.01327	0.06826	0.00329	0.01001	0.00597	0.00490	0.01021

[dist]
# distance from previous block
# <min> <max>
7	23

[block]
# block no. 9 follows, 22 sequences, length 7
# corresponding to MSA columns:
# 487-493
name=unknown_J
#
# <colnr> <probs for GDERKNQSTAVLIFYWHMCP>
#	G	D	E	R	K	N	Q	S	T	A	V	L	I	F	Y	W	H	M	C	P
0	0.05910	0.01454	0.01640	0.05451	0.01906	0.03885	0.01127	0.17231	0.02031	0.02811	0.02278	0.08834	0.02260	0.22904	0.12251	0.00599	0.04957	0.01016	0.00582	0.00873
1	0.26057	0.15499	0.01926	0.01274	0.01698	0.01783	0.01042	0.07151	0.01798	0.07175	0.02477	0.23831	0.02543	0.01388	0.00743	0.00266	0.00667	0.01119	0.00626	0.00938
2	0.01502	0.01234	0.01996	0.21189	0.06009	0.01311	0.06536	0.01884	0.01697	0.04556	0.02805	0.18185	0.02863	0.05676	0.06719	0.00416	0.00984	0.10292	0.00565	0.03583
3	0.01957	0.32049	0.30957	0.02381	0.12297	0.02505	0.02300	0.02559	0.01747	0.02360	0.01361	0.01623	0.01098	0.00749	0.00687	0.00225	0.01049	0.00562	0.00362	0.01173
4	0.02161	0.49408	0.19247	0.01711	0.02523	0.08349	0.01836	0.02592	0.01760	0.02125	0.01247	0.01449	0.01063	0.00742	0.00613	0.00201	0.01022	0.00493	0.00360	0.01097
5	0.01063	0.00759	0.01022	0.01214	0.01285	0.00718	0.00859	0.01244	0.01640	0.02177	0.04551	0.60863	0.05384	0.02555	0.01074	0.00344	0.00526	0.11264	0.00770	0.00689
6	0.02043	0.33837	0.19350	0.02080	0.05291	0.05894	0.05429	0.02501	0.01697	0.02205	0.01281	0.01602	0.01088	0.00853	0.00983	0.00238	0.11594	0.00577	0.00365	0.01090

[dist]
# distance from previous block
# <min> <max>
3	6

[block]
# block no. 10 follows, 22 sequences, length 39
# corresponding to MSA columns:
# 500-538
name=unknown_K
#
# <colnr> <probs for GDERKNQSTAVLIFYWHMCP>
#	G	D	E	R	K	N	Q	S	T	A	V	L	I	F	Y	W	H	M	C	P
0	0.01927	0.01524	0.01683	0.01552	0.01867	0.04705	0.01229	0.21893	0.02465	0.03222	0.03667	0.24022	0.08641	0.01824	0.01068	0.00307	0.04408	0.12279	0.00751	0.00965
1	0.01929	0.01427	0.01640	0.01454	0.01813	0.01468	0.01109	0.25594	0.02561	0.03472	0.06928	0.33670	0.03663	0.01746	0.00927	0.00280	0.00658	0.01515	0.00780	0.07368
2	0.01010	0.00731	0.00956	0.01136	0.01200	0.00677	0.00762	0.01159	0.01610	0.02129	0.04831	0.66177	0.09418	0.02570	0.01055	0.00334	0.00478	0.02322	0.00771	0.00677
3	0.02258	0.01764	0.01925	0.01657	0.02152	0.01939	0.01311	0.18612	0.34831	0.05899	0.03046	0.08687	0.02493	0.01230	0.00857	0.00271	0.00711	0.03381	0.00815	0.06159
4	0.31912	0.06063	0.26498	0.01776	0.02555	0.04558	0.04415	0.02500	0.01660	0.03004	0.01587	0.02229	0.01318	0.00905	0.00703	0.00265	0.00955	0.05605	0.00458	0.01033
5	0.01209	0.01187	0.06619	0.01134	0.01438	0.00930	0.00947	0.01677	0.05759	0.02796	0.32678	0.09196	0.23066	0.06282	0.01173	0.00308	0.00519	0.01488	0.00787	0.00806
6	0.01129	0.00878	0.01053	0.01147	0.01372	0.00802	0.00930	0.01404	0.01875	0.02332	0.06461	0.13848	0.35677	0.02224	0.01056	0.00327	0.00565	0.25426	0.00769	0.00725
7	0.01977	0.33536	0.28447	0.02179	0.09070	0.02543	0.02173	0.02676	0.05831	0.02395	0.01474	0.01686	0.01182	0.00772	0.00683	0.00225	0.01016	0.00573	0.00391	0.01171
8	0.02198	0.02108	0.03109	0.07875	0.49684	0.06617	0.02330	0.07795	0.04971	0.02884	0.01660	0.02069	0.01352	0.00793	0.00820	0.00248	0.01008	0.00736	0.00466	0.01278
9	0.01149	0.00861	0.00950	0.00950	0.01212	0.00740	0.00714	0.01379	0.01925	0.05442	0.12653	0.14545	0.48286	0.02078	0.00989	0.00288	0.00451	0.03848	0.00796	0.00743
10	0.02000	0.02002	0.07120	0.08733	0.25166	0.01971	0.04553	0.05926	0.23616	0.03025	0.02360	0.02808	0.01892	0.00979	0.00853	0.00271	0.00902	0.03987	0.00593	0.01243
11	0.02106	0.02189	0.06171	0.07220	0.42426	0.07499	0.05515	0.06743	0.02038	0.02759	0.01766	0.06482	0.01550	0.00895	0.00840	0.00254	0.01032	0.00836	0.00461	0.01217
12	0.01727	0.03937	0.56703	0.02792	0.13221	0.01936	0.02989	0.02618	0.01775	0.02644	0.01502	0.01801	0.01093	0.00782	0.00794	0.00261	0.01190	0.00633	0.00360	0.01241
13	0.03103	0.03959	0.02354	0.02140	0.02568	0.67469	0.01605	0.03317	0.02354	0.02033	0.01284	0.01498	0.01070	0.00856	0.00749	0.00214	0.01498	0.00535	0.00428	0.00963
14	0.01961	0.07209	0.08555	0.03288	0.04142	0.02174	0.54745	0.02647	0.01929	0.02610	0.01632	0.02148	0.01234	0.00706	0.00938	0.00272	0.01354	0.00921	0.00411	0.01123
15	0.04505	0.11439	0.35740	0.02386	0.03267	0.02215	0.13393	0.02515	0.01697	0.02498	0.01412	0.01787	0.01092	0.00865	0.01081	0.00271	0.11664	0.00672	0.00372	0.01128
16	0.01011	0.00728	0.00959	0.01144	0.01202	0.00676	0.00766	0.01158	0.01603	0.02126	0.04733	0.67766	0.07892	0.02583	0.01057	0.00335	0.00480	0.02337	0.00771	0.00676
17	0.02133	0.02021	0.02371	0.25918	0.12493	0.11859	0.01850	0.15263	0.02313	0.02878	0.02519	0.02826	0.09969	0.01031	0.00838	0.00258	0.01014	0.00848	0.00538	0.01060
18	0.02023	0.01331	0.04668	0.01535	0.05028	0.01156	0.01177	0.07982	0.02219	0.18754	0.15410	0.18947	0.10321	0.01639	0.00938	0.00283	0.00631	0.04112	0.00829	0.01017
19	0.02027	0.02333	0.11171	0.07055	0.50511	0.04594	0.05093	0.02578	0.01887	0.02651	0.01544	0.02010	0.01263	0.00753	0.00822	0.00250	0.01059	0.00726	0.00403	0.01267
20	0.01892	0.02389	0.11487	0.06374	0.04079	0.02119	0.46061	0.02557	0.01845	0.02557	0.01582	0.02136	0.01210	0.00802	0.01150	0.00287	0.09072	0.00898	0.00403	0.01099
21	0.02706	0.11976	0.08142	0.06198	0.02354	0.01559	0.01420	0.03108	0.02163	0.35067	0.13715	0.03066	0.02781	0.01065	0.00812	0.00248	0.00754	0.00869	0.00799	0.01198
22	0.01741	0.02590	0.22062	0.05744	0.02859	0.07479	0.07373	0.02225	0.01648	0.02281	0.01903	0.13612	0.01851	0.01298	0.01423	0.00304	0.21197	0.00980	0.00441	0.00990
23	0.01045	0.00804	0.00961	0.01041	0.01213	0.00720	0.00756	0.01265	0.01836	0.02357	0.14187	0.32411	0.29803	0.02260	0.01024	0.00308	0.00465	0.06048	0.00790	0.00706
24	0.01961	0.02241	0.04902	0.03501	0.04342	0.02101	0.62605	0.02661	0.01961	0.02661	0.01681	0.02241	0.01261	0.00700	0.00980	0.00280	0.01401	0.00980	0.00420	0.01120
25	0.03354	0.01405	0.01860	0.01456	0.02043	0.01263	0.01191	0.06508	0.04557	0.54089	0.10248	0.03182	0.02699	0.01106	0.00852	0.00258	0.00679	0.00911	0.01000	0.01339
26	0.01954	0.02311	0.07328	0.03538	0.07476	0.02087	0.57082	0.02654	0.01949	0.02663	0.01667	0.02212	0.01255	0.00706	0.00964	0.00278	0.01372	0.00953	0.00417	0.01135
27	0.01765	0.01724	0.02696	0.50036	0.19971	0.05265	0.02329	0.02287	0.01752	0.02260	0.01487	0.02140	0.01156	0.00810	0.00824	0.00266	0.01099	0.00728	0.00382	0.01019
28	0.01946	0.37503	0.22178	0.01883	0.02679	0.02588	0.06752	0.02453	0.01748	0.02301	0.05492	0.01876	0.01523	0.00842	0.00804	0.00227	0.05095	0.00623	0.00396	0.01090
29	0.07373	0.44532	0.13439	0.01918	0.07742	0.05958	0.01757	0.02535	0.01714	0.02253	0.01245	0.01485	0.01075	0.00763	0.00683	0.00210	0.03344	0.00510	0.00374	0.01090
30	0.01012	0.00723	0.00964	0.01157	0.01205	0.00675	0.00771	0.01157	0.01591	0.02121	0.04579	0.70262	0.05495	0.02603	0.01060	0.00337	0.00482	0.02362	0.00771	0.00675
31	0.01759	0.02858	0.35373	0.02168	0.08148	0.01633	0.02187	0.06517	0.01955	0.05731	0.09808	0.05404	0.02355	0.06412	0.03800	0.00347	0.01037	0.00879	0.00523	0.01106
32	0.01480	0.01663	0.14068	0.01662	0.02094	0.01184	0.04476	0.02027	0.04163	0.05122	0.13371	0.15012	0.04290	0.01782	0.01008	0.00320	0.00780	0.23883	0.00706	0.00907
33	0.01391	0.01266	0.02208	0.05071	0.04270	0.01275	0.16289	0.01707	0.01662	0.02247	0.03235	0.35893	0.03599	0.06681	0.01364	0.00354	0.05554	0.04501	0.00607	0.00825
34	0.01020	0.00726	0.00962	0.01147	0.01193	0.00680	0.00760	0.01159	0.01575	0.02100	0.04500	0.67667	0.05395	0.05333	0.01187	0.00356	0.00495	0.02315	0.00760	0.00668
35	0.02006	0.01959	0.03407	0.09513	0.47497	0.01989	0.10947	0.02675	0.06624	0.02719	0.01711	0.02174	0.01385	0.00771	0.00847	0.00256	0.01030	0.00789	0.00442	0.01258
36	0.01994	0.02277	0.09647	0.03102	0.03876	0.02005	0.47360	0.02637	0.01908	0.06401	0.01839	0.04973	0.01452	0.00854	0.01073	0.00285	0.05761	0.00980	0.00461	0.01115
37	0.02408	0.01756	0.02409	0.05163	0.23425	0.01843	0.01741	0.03632	0.27685	0.16869	0.02685	0.02661	0.01974	0.00966	0.00835	0.00265	0.00794	0.00843	0.00724	0.01323
38	0.06767	0.04677	0.16187	0.02399	0.15521	0.01756	0.01871	0.05922	0.08682	0.17776	0.08114	0.02601	0.02146	0.00962	0.00807	0.00256	0.00855	0.00801	0.00660	0.01241

[dist]
# distance from previous block
# <min> <max>
1	15

[block]
# block no. 11 follows, 22 sequences, length 25
# corresponding to MSA columns:
# 554-578
name=unknown_L
#
# <colnr> <probs for GDERKNQSTAVLIFYWHMCP>
#	G	D	E	R	K	N	Q	S	T	A	V	L	I	F	Y	W	H	M	C	P
0	0.01759	0.15517	0.56094	0.02209	0.03351	0.02157	0.02793	0.02607	0.01743	0.02518	0.01435	0.01683	0.01055	0.00776	0.00746	0.00249	0.01171	0.00585	0.00352	0.01201
1	0.03103	0.03959	0.02354	0.02140	0.02568	0.67469	0.01605	0.03317	0.02354	0.02033	0.01284	0.01498	0.01070	0.00856	0.00749	0.00214	0.01498	0.00535	0.00428	0.00963
2	0.01770	0.01622	0.02883	0.14813	0.03322	0.01723	0.21941	0.02207	0.01781	0.07238	0.02923	0.09182	0.11084	0.01251	0.01233	0.00297	0.12110	0.01121	0.00532	0.00970
3	0.01959	0.01789	0.02915	0.09647	0.03119	0.06440	0.22630	0.02370	0.01825	0.09297	0.02384	0.17659	0.02257	0.01296	0.01184	0.00297	0.10203	0.01186	0.00554	0.00990
4	0.01012	0.00723	0.00964	0.01157	0.01205	0.00675	0.00771	0.01157	0.01591	0.02121	0.04579	0.70262	0.05495	0.02603	0.01060	0.00337	0.00482	0.02362	0.00771	0.00675
5	0.01929	0.01821	0.03083	0.14084	0.51861	0.01875	0.02419	0.02422	0.01860	0.02610	0.01774	0.02657	0.01559	0.00876	0.00849	0.00262	0.00987	0.05424	0.00433	0.01215
6	0.02800	0.02231	0.02275	0.03829	0.02466	0.09276	0.01504	0.38866	0.05642	0.07764	0.02548	0.02570	0.07199	0.01117	0.00974	0.00259	0.05861	0.00827	0.00747	0.01245
7	0.02841	0.02101	0.02274	0.01804	0.02380	0.02333	0.01462	0.48604	0.12580	0.04632	0.02150	0.02206	0.01582	0.01187	0.01052	0.07086	0.00859	0.00774	0.00791	0.01303
8	0.01034	0.00739	0.00990	0.01182	0.01240	0.00694	0.00810	0.01195	0.01613	0.02146	0.04566	0.66097	0.05446	0.02582	0.01066	0.00340	0.00501	0.06307	0.00771	0.00681
9	0.01869	0.03669	0.49165	0.02545	0.03651	0.01917	0.15428	0.02734	0.01840	0.06986	0.01653	0.01929	0.01165	0.00787	0.00833	0.00266	0.01228	0.00706	0.00412	0.01218
10	0.01739	0.07949	0.02951	0.41274	0.09025	0.02123	0.07648	0.02215	0.01644	0.02179	0.01409	0.02061	0.01130	0.00903	0.01127	0.00280	0.12256	0.00732	0.00375	0.00980
11	0.08499	0.03712	0.50866	0.02556	0.08373	0.01940	0.07420	0.02610	0.01750	0.02739	0.01481	0.01779	0.01075	0.00777	0.00782	0.00263	0.01169	0.00637	0.00376	0.01197
12	0.01666	0.04297	0.66500	0.02368	0.03596	0.01929	0.03069	0.02631	0.01754	0.02631	0.01491	0.01754	0.01052	0.00789	0.00789	0.00263	0.01228	0.00614	0.00351	0.01228
13	0.02394	0.02079	0.12818	0.09913	0.23664	0.01703	0.02083	0.03058	0.06781	0.20902	0.02289	0.02621	0.01698	0.00933	0.00837	0.00264	0.00924	0.03153	0.00622	0.01266
14	0.03191	0.02274	0.02460	0.01886	0.02550	0.02497	0.01558	0.59435	0.03817	0.08778	0.02069	0.02043	0.01450	0.00999	0.00831	0.00250	0.00902	0.00753	0.00843	0.01413
15	0.01025	0.00733	0.00976	0.01148	0.01208	0.00684	0.00772	0.01190	0.01652	0.02218	0.09452	0.65111	0.05683	0.02530	0.01054	0.00331	0.00475	0.02293	0.00783	0.00684
16	0.02802	0.01965	0.02143	0.01697	0.02236	0.02142	0.01355	0.43674	0.07986	0.09326	0.02304	0.02706	0.01812	0.12368	0.01385	0.00343	0.00860	0.00844	0.00794	0.01257
17	0.02445	0.01361	0.01650	0.01390	0.01853	0.01339	0.01104	0.05911	0.17567	0.27493	0.18309	0.04119	0.09200	0.01306	0.00885	0.00266	0.00604	0.01097	0.00925	0.01177
18	0.01012	0.00723	0.00964	0.01157	0.01205	0.00675	0.00771	0.01157	0.01591	0.02121	0.04579	0.70262	0.05495	0.02603	0.01060	0.00337	0.00482	0.02362	0.00771	0.00675
