[name]
unknown

[dist]
# distance from previous block
# <min> <max>
5	41

[block]
# block no. 0 follows, 25 sequences, length 7
# corresponding to MSA columns:
# 41-47
name=unknown_A
#
# <colnr> <probs for GDERKNQSTAVLIFYWHMCP>
#	G	D	E	R	K	N	Q	S	T	A	V	L	I	F	Y	W	H	M	C	P
0	0.01860	0.01594	0.02106	0.09992	0.02384	0.04102	0.05108	0.10835	0.04144	0.06194	0.02176	0.05422	0.06348	0.08142	0.01720	0.00330	0.25242	0.00877	0.00513	0.00910
1	0.03864	0.00808	0.01132	0.09699	0.01596	0.00861	0.00873	0.01335	0.01281	0.01876	0.02078	0.14389	0.02080	0.02295	0.06775	0.34611	0.00732	0.00948	0.12211	0.00554
2	0.01507	0.01034	0.01293	0.05594	0.01660	0.01041	0.00953	0.07902	0.05547	0.07138	0.03259	0.34013	0.03468	0.09765	0.01228	0.00331	0.00605	0.05161	0.03306	0.05196
3	0.01608	0.01087	0.01373	0.14966	0.02077	0.01204	0.01057	0.11588	0.01814	0.02700	0.02127	0.04770	0.01800	0.06445	0.07578	0.05053	0.00783	0.00791	0.30380	0.00797
4	0.01521	0.01077	0.01235	0.01100	0.01314	0.01099	0.00784	0.14061	0.01869	0.02597	0.11746	0.08008	0.03102	0.31469	0.06271	0.00508	0.00745	0.01063	0.05044	0.05386
5	0.01820	0.01359	0.01611	0.05604	0.05301	0.01340	0.01072	0.17471	0.02057	0.02996	0.02019	0.06657	0.01781	0.09135	0.01052	0.00256	0.00661	0.00777	0.15114	0.21915
6	0.01276	0.00817	0.00998	0.01004	0.01079	0.00820	0.00660	0.01370	0.01361	0.06550	0.03176	0.24337	0.05963	0.37492	0.02514	0.00522	0.04142	0.01398	0.03907	0.00615

[dist]
# distance from previous block
# <min> <max>
5	10

[block]
# block no. 1 follows, 25 sequences, length 29
# corresponding to MSA columns:
# 58-86
name=unknown_B
#
# <colnr> <probs for GDERKNQSTAVLIFYWHMCP>
#	G	D	E	R	K	N	Q	S	T	A	V	L	I	F	Y	W	H	M	C	P
0	0.01541	0.01261	0.01970	0.46252	0.03936	0.01509	0.01702	0.05396	0.04662	0.02047	0.01483	0.02168	0.01192	0.01276	0.01338	0.19498	0.00913	0.00695	0.00388	0.00774
1	0.01575	0.01444	0.02361	0.58139	0.11092	0.01735	0.02104	0.05232	0.01687	0.02196	0.01522	0.02315	0.01207	0.00831	0.00787	0.00258	0.01000	0.03217	0.00385	0.00914
2	0.09678	0.01240	0.01486	0.06075	0.01811	0.01419	0.01088	0.11027	0.04321	0.06420	0.02008	0.02434	0.01618	0.02150	0.17974	0.00485	0.07424	0.00718	0.19738	0.00886
3	0.02342	0.01689	0.01906	0.01456	0.02061	0.01644	0.01179	0.31144	0.02589	0.09397	0.01949	0.06699	0.01570	0.00900	0.00714	0.00194	0.00701	0.00718	0.00667	0.30484
4	0.01681	0.01095	0.01513	0.10198	0.05706	0.01052	0.01125	0.02046	0.04978	0.14673	0.03079	0.33392	0.03118	0.01529	0.00845	0.00260	0.00614	0.01360	0.00668	0.11069
5	0.02438	0.01633	0.01848	0.01472	0.01948	0.01706	0.01173	0.36439	0.02769	0.11699	0.08177	0.05297	0.02204	0.06837	0.01159	0.04508	0.00732	0.00848	0.00733	0.06382
6	0.01790	0.01727	0.02737	0.27920	0.39451	0.04017	0.02198	0.02371	0.05766	0.02361	0.01528	0.02016	0.01223	0.00747	0.00769	0.00241	0.00957	0.00696	0.00396	0.01087
7	0.01554	0.01451	0.02386	0.50270	0.17486	0.01702	0.02075	0.02132	0.05155	0.02161	0.01639	0.05659	0.01354	0.00858	0.00785	0.00256	0.00958	0.00777	0.00396	0.00943
8	0.07156	0.01906	0.01841	0.01567	0.02032	0.10790	0.01243	0.19703	0.21607	0.10120	0.02519	0.02507	0.04590	0.01438	0.07152	0.00334	0.00911	0.00770	0.00694	0.01118
9	0.01142	0.00734	0.00952	0.01062	0.01150	0.00680	0.00716	0.01276	0.01509	0.06613	0.04142	0.57043	0.07390	0.10109	0.01300	0.00356	0.00496	0.01959	0.00709	0.00662
10	0.01146	0.00834	0.00953	0.00983	0.01185	0.00764	0.00706	0.01455	0.06137	0.05747	0.05718	0.30562	0.33752	0.05075	0.01058	0.00301	0.00459	0.01723	0.00727	0.00714
11	0.01150	0.00812	0.00930	0.00904	0.01137	0.00709	0.00669	0.01380	0.01847	0.06891	0.21441	0.12845	0.39555	0.04956	0.01047	0.00283	0.00426	0.01552	0.00758	0.00709
12	0.09800	0.01297	0.01658	0.01324	0.01854	0.01191	0.01081	0.03406	0.04853	0.52862	0.04540	0.02937	0.02112	0.04154	0.00907	0.00268	0.00651	0.03032	0.00877	0.01199
13	0.14376	0.01340	0.01413	0.01222	0.01596	0.01414	0.00957	0.18723	0.06195	0.06146	0.15081	0.08505	0.13166	0.05308	0.00968	0.00277	0.00593	0.01072	0.00720	0.00927
14	0.06699	0.01034	0.01284	0.01140	0.01473	0.00970	0.00882	0.02310	0.05617	0.23517	0.25253	0.14277	0.09470	0.01458	0.00849	0.00255	0.00502	0.01252	0.00829	0.00931
15	0.01445	0.00723	0.00723	0.00723	0.00903	0.00723	0.00542	0.01807	0.01626	0.02891	0.02529	0.02891	0.01987	0.00903	0.00542	0.00181	0.00361	0.00723	0.77055	0.00723
16	0.01703	0.00885	0.01119	0.01038	0.01240	0.00821	0.00734	0.01888	0.01675	0.18871	0.13120	0.17619	0.03689	0.24687	0.01855	0.00418	0.00582	0.01266	0.06017	0.00774
17	0.05065	0.00821	0.01006	0.01018	0.01201	0.00770	0.00753	0.01443	0.01845	0.05251	0.30371	0.24110	0.14558	0.03574	0.00991	0.00284	0.00446	0.05013	0.00766	0.00715
18	0.01230	0.01020	0.01286	0.01272	0.01420	0.05622	0.00974	0.01485	0.01303	0.01788	0.02040	0.03061	0.01930	0.09675	0.60866	0.01144	0.01948	0.00827	0.00418	0.00692
19	0.00988	0.00685	0.00912	0.01057	0.01105	0.00644	0.00705	0.01099	0.01476	0.01979	0.07544	0.60708	0.04896	0.05982	0.01264	0.05173	0.00475	0.02008	0.00690	0.00609
20	0.01084	0.00742	0.00868	0.00896	0.00928	0.00724	0.00540	0.01144	0.01298	0.01734	0.07892	0.17450	0.06074	0.51853	0.03063	0.00615	0.00654	0.01364	0.00554	0.00526
21	0.01226	0.00817	0.00919	0.00896	0.00944	0.00825	0.00540	0.04269	0.01327	0.01818	0.04843	0.07015	0.02939	0.60393	0.03397	0.00662	0.00711	0.01129	0.04791	0.00540
22	0.01587	0.00997	0.01250	0.01157	0.01423	0.00973	0.00875	0.02196	0.12486	0.13423	0.35352	0.16777	0.05254	0.01550	0.00886	0.00259	0.00468	0.01361	0.00836	0.00888
23	0.01243	0.01096	0.05084	0.01233	0.01515	0.00921	0.05313	0.01686	0.04495	0.04429	0.44550	0.11154	0.08458	0.04115	0.01013	0.00271	0.00514	0.01359	0.00761	0.00788
24	0.01946	0.01493	0.01744	0.01487	0.01800	0.01658	0.01163	0.28144	0.02369	0.03240	0.06882	0.19136	0.02721	0.07656	0.01359	0.00309	0.10835	0.01130	0.00665	0.04263
25	0.04661	0.06622	0.04696	0.09971	0.07417	0.01765	0.23411	0.02098	0.01644	0.02339	0.07531	0.02283	0.01713	0.01071	0.02790	0.04590	0.08458	0.00788	0.00423	0.05727
26	0.01357	0.00930	0.01158	0.01074	0.01292	0.00900	0.00803	0.07410	0.02113	0.06070	0.40368	0.13455	0.09099	0.06376	0.03798	0.00325	0.00529	0.01379	0.00785	0.00779
27	0.53396	0.05636	0.01628	0.04150	0.01877	0.01964	0.01079	0.13520	0.01753	0.03493	0.01229	0.01422	0.00951	0.00789	0.00651	0.00240	0.04279	0.00494	0.00512	0.00935
28	0.01714	0.01654	0.05704	0.08963	0.02402	0.01821	0.03994	0.10022	0.10527	0.02535	0.02009	0.11293	0.01854	0.01559	0.06108	0.00350	0.22035	0.00915	0.00517	0.04024

[dist]
# distance from previous block
# <min> <max>
21	50

[block]
# block no. 2 follows, 25 sequences, length 39
# corresponding to MSA columns:
# 143-181
name=unknown_C
#
# <colnr> <probs for GDERKNQSTAVLIFYWHMCP>
#	G	D	E	R	K	N	Q	S	T	A	V	L	I	F	Y	W	H	M	C	P
0	0.07552	0.01529	0.08348	0.05000	0.01956	0.01331	0.01204	0.10190	0.08041	0.05313	0.26192	0.07224	0.03755	0.01190	0.00795	0.00237	0.00618	0.01004	0.00689	0.07832
1	0.04310	0.01211	0.01609	0.01333	0.01716	0.01180	0.04603	0.07941	0.04639	0.20673	0.27990	0.05937	0.08683	0.01302	0.00902	0.00250	0.02827	0.01110	0.00806	0.00977
2	0.01782	0.01489	0.01699	0.01253	0.01915	0.01256	0.01005	0.09195	0.06849	0.02845	0.01569	0.01735	0.01262	0.00651	0.00613	0.00139	0.00608	0.00518	0.00520	0.63096
3	0.01930	0.01653	0.01806	0.05624	0.02218	0.01873	0.01271	0.07067	0.54358	0.03201	0.02846	0.02691	0.02139	0.00992	0.00771	0.00250	0.00648	0.00824	0.00737	0.07101
4	0.07063	0.01447	0.02320	0.47285	0.16544	0.01709	0.02008	0.02025	0.01559	0.02189	0.01517	0.05771	0.01278	0.00864	0.00823	0.00258	0.03291	0.00752	0.00382	0.00916
5	0.02416	0.01771	0.01950	0.01540	0.02056	0.01890	0.01236	0.40978	0.06512	0.05885	0.03876	0.02420	0.01736	0.08533	0.04730	0.00328	0.00842	0.00755	0.00698	0.09848
6	0.02896	0.03695	0.02197	0.01998	0.02397	0.69638	0.01498	0.03096	0.02197	0.01898	0.01199	0.01398	0.00999	0.00799	0.00699	0.00200	0.01398	0.00499	0.00400	0.00899
7	0.01097	0.00793	0.01036	0.00975	0.01158	0.00732	0.00732	0.01463	0.02195	0.03109	0.67505	0.05792	0.07316	0.01585	0.00914	0.00244	0.00366	0.01402	0.00854	0.00732
8	0.01101	0.00789	0.01028	0.00996	0.01159	0.00737	0.00741	0.01428	0.02061	0.02896	0.56274	0.09110	0.06729	0.06786	0.01145	0.00290	0.00417	0.04795	0.00812	0.00707
9	0.01108	0.00831	0.01246	0.01246	0.01385	0.00969	0.00969	0.01385	0.01246	0.01800	0.02077	0.03046	0.01938	0.05815	0.69678	0.01246	0.02077	0.00831	0.00415	0.00692
10	0.00926	0.00786	0.00799	0.00796	0.01053	0.00659	0.00597	0.01132	0.01790	0.02150	0.11087	0.07371	0.64333	0.01943	0.00916	0.00261	0.00391	0.01624	0.00727	0.00659
11	0.01986	0.01694	0.01786	0.01590	0.02038	0.01956	0.01241	0.07594	0.62945	0.03337	0.03082	0.02834	0.02307	0.01045	0.00788	0.00261	0.00627	0.00866	0.00788	0.01232
12	0.00961	0.00687	0.00919	0.01099	0.01151	0.00644	0.00749	0.01109	0.01501	0.01998	0.04264	0.68750	0.05092	0.02413	0.00994	0.00317	0.00464	0.05533	0.00719	0.00634
13	0.01823	0.01744	0.02974	0.18689	0.54733	0.01817	0.02332	0.02296	0.01720	0.02417	0.01442	0.01950	0.01187	0.00709	0.00769	0.00236	0.00945	0.00690	0.00376	0.01151
14	0.02593	0.01853	0.02032	0.01582	0.02146	0.01965	0.01279	0.42524	0.08193	0.09098	0.02043	0.02224	0.01546	0.06509	0.00999	0.00261	0.00775	0.00722	0.00727	0.10928
15	0.01845	0.01766	0.03013	0.15560	0.57694	0.01823	0.02343	0.02314	0.01730	0.02443	0.01445	0.01943	0.01196	0.00705	0.00769	0.00235	0.00939	0.00691	0.00377	0.01168
16	0.01464	0.01378	0.02326	0.70887	0.05340	0.01723	0.02153	0.01981	0.01550	0.01981	0.01378	0.02067	0.01034	0.00775	0.00775	0.00258	0.01034	0.00689	0.00345	0.00861
17	0.05779	0.01325	0.06784	0.03348	0.01876	0.01217	0.06941	0.01602	0.01544	0.02239	0.06545	0.32737	0.05675	0.01678	0.01123	0.00288	0.10628	0.03618	0.00577	0.04476
18	0.01913	0.01860	0.03250	0.04652	0.63311	0.01851	0.06900	0.02387	0.01770	0.02530	0.01466	0.01931	0.01224	0.00688	0.00778	0.00233	0.00949	0.00707	0.00384	0.01215
19	0.01608	0.01378	0.01608	0.01148	0.01837	0.01034	0.00919	0.01952	0.01608	0.02527	0.01378	0.01608	0.01148	0.00574	0.00574	0.00115	0.00574	0.00459	0.00459	0.77491
20	0.03311	0.01352	0.01796	0.01387	0.01965	0.01209	0.01142	0.08087	0.02321	0.60332	0.06464	0.02754	0.02168	0.00991	0.00787	0.00240	0.00658	0.00808	0.00941	0.01288
21	0.01775	0.01950	0.01622	0.01614	0.05439	0.25079	0.01153	0.02006	0.01901	0.02169	0.13058	0.09192	0.19939	0.01401	0.01003	0.00248	0.07983	0.01096	0.00570	0.00802
22	0.00951	0.00777	0.00846	0.00891	0.01110	0.00672	0.00670	0.01151	0.01722	0.02096	0.06928	0.18296	0.51634	0.02057	0.00942	0.00279	0.00431	0.07174	0.00719	0.00656
23	0.01448	0.01348	0.02254	0.67507	0.05123	0.01676	0.02072	0.01940	0.01530	0.01958	0.01430	0.02212	0.01120	0.04249	0.00928	0.00282	0.01020	0.00710	0.00351	0.00842
24	0.54742	0.01497	0.01412	0.01362	0.06365	0.01654	0.01008	0.06146	0.01616	0.11463	0.01479	0.01605	0.01094	0.00770	0.00558	0.00235	0.00632	0.00517	0.04896	0.00948
25	0.01929	0.01666	0.01753	0.01578	0.02016	0.01929	0.01227	0.04120	0.66513	0.03243	0.03156	0.02893	0.02367	0.01052	0.00789	0.00263	0.00614	0.00877	0.00789	0.01227
26	0.06581	0.00831	0.00944	0.00921	0.01141	0.00769	0.00688	0.01367	0.01921	0.02684	0.36439	0.11717	0.27770	0.01727	0.00890	0.00256	0.00399	0.01482	0.00768	0.00704
27	0.01488	0.01402	0.02368	0.67443	0.08600	0.01729	0.02165	0.02002	0.01562	0.02010	0.01382	0.02059	0.01044	0.00771	0.00775	0.00257	0.01028	0.00689	0.00347	0.00880
28	0.01608	0.01378	0.01608	0.01148	0.01837	0.01034	0.00919	0.01952	0.01608	0.02527	0.01378	0.01608	0.01148	0.00574	0.00574	0.00115	0.00574	0.00459	0.00459	0.77491
29	0.01891	0.02010	0.08213	0.04562	0.62927	0.01839	0.02417	0.02385	0.01756	0.02527	0.01453	0.01897	0.01209	0.00694	0.00765	0.00231	0.00938	0.00682	0.00379	0.01222
30	0.01481	0.01148	0.01509	0.05327	0.01826	0.01195	0.04336	0.14313	0.05759	0.02665	0.03417	0.46370	0.03761	0.01860	0.00919	0.00289	0.00618	0.01670	0.00697	0.00838
31	0.01464	0.01378	0.02326	0.70887	0.05340	0.01723	0.02153	0.01981	0.01550	0.01981	0.01378	0.02067	0.01034	0.00775	0.00775	0.00258	0.01034	0.00689	0.00345	0.00861
32	0.01637	0.01555	0.02638	0.45718	0.29156	0.01768	0.02239	0.02133	0.01632	0.02191	0.01409	0.02011	0.01108	0.00743	0.00772	0.00248	0.00991	0.00690	0.00359	0.01001
33	0.01919	0.01842	0.03147	0.04759	0.67914	0.01842	0.02380	0.02380	0.01765	0.02533	0.01458	0.01919	0.01228	0.00691	0.00768	0.00230	0.00921	0.00691	0.00384	0.01228
34	0.01632	0.01374	0.06490	0.09266	0.10462	0.01208	0.01359	0.02147	0.05746	0.10600	0.21410	0.03883	0.08370	0.01457	0.04868	0.00302	0.00741	0.03043	0.00648	0.04994
35	0.12419	0.01453	0.02049	0.25613	0.16339	0.01627	0.01647	0.05895	0.06818	0.02775	0.13422	0.02646	0.02296	0.00927	0.00758	0.00246	0.00786	0.00795	0.00523	0.00965
36	0.04873	0.01511	0.02109	0.32387	0.10951	0.04027	0.01709	0.02633	0.10191	0.14385	0.02288	0.02524	0.05290	0.00904	0.00771	0.00250	0.00857	0.00769	0.00548	0.01023
37	0.01939	0.01802	0.02024	0.09471	0.16813	0.12872	0.01503	0.02630	0.14376	0.07203	0.06543	0.03171	0.12225	0.01076	0.00843	0.00244	0.02784	0.00889	0.00580	0.01012
38	0.04800	0.07421	0.02389	0.04340	0.20426	0.10976	0.03284	0.07224	0.13874	0.04890	0.06188	0.04218	0.01958	0.03634	0.00872	0.00253	0.00855	0.00781	0.00549	0.01069

[dist]
# distance from previous block
# <min> <max>
10	63

[block]
# block no. 3 follows, 25 sequences, length 41
# corresponding to MSA columns:
# 245-285
name=unknown_D
#
# <colnr> <probs for GDERKNQSTAVLIFYWHMCP>
#	G	D	E	R	K	N	Q	S	T	A	V	L	I	F	Y	W	H	M	C	P
0	0.27706	0.01973	0.10948	0.04796	0.02199	0.08274	0.04803	0.02309	0.03099	0.05646	0.01627	0.06099	0.01389	0.02852	0.04054	0.00290	0.00880	0.00668	0.00477	0.09910
1	0.05771	0.09873	0.05333	0.04354	0.08002	0.01763	0.01387	0.09277	0.15905	0.19689	0.02643	0.02564	0.06155	0.00949	0.00736	0.00234	0.00726	0.00763	0.00677	0.03198
2	0.05771	0.34021	0.12038	0.01474	0.02077	0.07992	0.01435	0.02468	0.04767	0.07851	0.04542	0.01868	0.01490	0.01140	0.04395	0.03742	0.00924	0.00577	0.00449	0.00981
3	0.09455	0.09592	0.02216	0.01539	0.02117	0.05329	0.01282	0.28646	0.04810	0.11231	0.01757	0.01802	0.01296	0.00850	0.00758	0.00214	0.03618	0.00613	0.00641	0.12235
4	0.08193	0.08731	0.02545	0.10849	0.05559	0.02017	0.08746	0.08732	0.01724	0.02525	0.04499	0.05361	0.01560	0.01032	0.01248	0.00263	0.20822	0.00760	0.00453	0.04381
5	0.09786	0.01006	0.01185	0.01098	0.01344	0.01049	0.00851	0.04636	0.01793	0.05471	0.21685	0.06136	0.17846	0.04411	0.14422	0.00463	0.04242	0.01149	0.00659	0.00768
6	0.08122	0.02126	0.02245	0.01731	0.02342	0.02359	0.01430	0.60995	0.03486	0.04790	0.01808	0.01820	0.01286	0.00916	0.00755	0.00233	0.00836	0.00679	0.00755	0.01286
7	0.02729	0.01935	0.02122	0.01682	0.02245	0.02128	0.01373	0.45460	0.14493	0.10581	0.02216	0.02176	0.01592	0.01193	0.04139	0.00288	0.00852	0.00744	0.00778	0.01272
8	0.00918	0.00778	0.00793	0.00806	0.01053	0.00653	0.00598	0.01110	0.01748	0.02087	0.07609	0.11915	0.63305	0.01996	0.00921	0.00265	0.00397	0.01675	0.00720	0.00653
9	0.01464	0.01378	0.02326	0.70887	0.05340	0.01723	0.02153	0.01981	0.01550	0.01981	0.01378	0.02067	0.01034	0.00775	0.00775	0.00258	0.01034	0.00689	0.00345	0.00861
10	0.00916	0.00785	0.00785	0.00785	0.01047	0.00655	0.00589	0.01113	0.01767	0.02095	0.07855	0.07462	0.67599	0.01964	0.00916	0.00262	0.00393	0.01636	0.00720	0.00655
11	0.01108	0.00831	0.01246	0.01246	0.01385	0.00969	0.00969	0.01385	0.01246	0.01800	0.02077	0.03046	0.01938	0.05815	0.69678	0.01246	0.02077	0.00831	0.00415	0.00692
12	0.06542	0.02140	0.02270	0.01747	0.02361	0.02373	0.01443	0.62318	0.03534	0.04819	0.01824	0.01833	0.01296	0.00921	0.00762	0.00233	0.00841	0.00685	0.00762	0.01296
13	0.01697	0.02495	0.23057	0.05561	0.03444	0.01742	0.30202	0.02423	0.04160	0.02489	0.01534	0.01901	0.01152	0.00685	0.00792	0.00231	0.01094	0.00723	0.00397	0.14221
14	0.01789	0.01776	0.05919	0.26231	0.22867	0.03873	0.02001	0.06743	0.09719	0.02551	0.01882	0.02640	0.01565	0.00911	0.00796	0.00255	0.00926	0.06035	0.00473	0.01050
15	0.03034	0.01394	0.01793	0.01365	0.01979	0.01221	0.01120	0.07220	0.04134	0.49713	0.02661	0.02398	0.01746	0.00886	0.00740	0.00216	0.00654	0.00715	0.00846	0.16167
16	0.01608	0.01378	0.01608	0.01148	0.01837	0.01034	0.00919	0.01952	0.01608	0.02527	0.01378	0.01608	0.01148	0.00574	0.00574	0.00115	0.00574	0.00459	0.00459	0.77491
17	0.01666	0.01424	0.01671	0.01214	0.01869	0.01149	0.00976	0.04498	0.01671	0.02592	0.01381	0.01622	0.01149	0.00624	0.00671	0.00130	0.03778	0.00479	0.00467	0.70968
18	0.01347	0.00673	0.01010	0.01010	0.01010	0.00673	0.00673	0.01010	0.01010	0.01347	0.01347	0.02357	0.01347	0.02694	0.03030	0.77441	0.00673	0.00673	0.00337	0.00337
19	0.01085	0.00734	0.00858	0.00900	0.00910	0.00723	0.00528	0.01116	0.01210	0.01614	0.02867	0.20624	0.03353	0.56471	0.03262	0.00651	0.00682	0.01377	0.00528	0.00507
20	0.02893	0.02145	0.02296	0.01773	0.02384	0.02379	0.01461	0.62077	0.06986	0.04799	0.01930	0.01916	0.01374	0.00937	0.00776	0.00234	0.00840	0.00708	0.00776	0.01314
21	0.02621	0.01817	0.02616	0.02535	0.17844	0.06549	0.11602	0.08378	0.02126	0.27168	0.02080	0.02147	0.01462	0.00805	0.00777	0.00228	0.00888	0.00728	0.00640	0.06990
22	0.04305	0.08346	0.24481	0.05565	0.03205	0.01904	0.21213	0.02638	0.05170	0.09990	0.01677	0.01936	0.01223	0.00777	0.00854	0.00249	0.04216	0.00709	0.00450	0.01091
23	0.02073	0.73217	0.04063	0.01327	0.01990	0.03068	0.01327	0.02322	0.01575	0.01824	0.01078	0.01244	0.00995	0.00663	0.00498	0.00166	0.00829	0.00415	0.00332	0.00995
24	0.01044	0.00792	0.00972	0.00992	0.01184	0.00719	0.00760	0.01329	0.01919	0.02543	0.32099	0.14157	0.25990	0.01882	0.00946	0.00274	0.00435	0.10495	0.00775	0.00693
25	0.09015	0.07035	0.14041	0.05917	0.20742	0.01915	0.05270	0.07072	0.06570	0.09102	0.01675	0.01906	0.01269	0.00804	0.00816	0.00241	0.04332	0.00661	0.00489	0.01132
26	0.02829	0.01521	0.01830	0.01499	0.01984	0.04194	0.01213	0.03572	0.17828	0.41451	0.02949	0.02700	0.03809	0.01043	0.00954	0.00254	0.07518	0.00807	0.00828	0.01215
27	0.01197	0.00855	0.01190	0.01369	0.01524	0.00848	0.01159	0.01517	0.01734	0.02262	0.04134	0.19569	0.04576	0.02191	0.01057	0.00350	0.00669	0.52385	0.00715	0.00700
28	0.01442	0.01347	0.02263	0.67844	0.05156	0.01675	0.02091	0.01942	0.01548	0.01981	0.01504	0.05127	0.01212	0.00847	0.00785	0.00261	0.01008	0.00755	0.00361	0.00851
29	0.01206	0.00770	0.00914	0.00921	0.00961	0.00761	0.00558	0.01251	0.01233	0.04593	0.02716	0.14490	0.03069	0.56437	0.06346	0.00688	0.00764	0.01253	0.00525	0.00541
30	0.00945	0.00675	0.00900	0.01080	0.01125	0.00630	0.00720	0.01080	0.01484	0.01979	0.04274	0.72245	0.05128	0.02429	0.00990	0.00315	0.00450	0.02204	0.00720	0.00630
31	0.03446	0.01372	0.01832	0.01404	0.02005	0.01217	0.01160	0.07566	0.02307	0.64540	0.02985	0.02591	0.01882	0.00958	0.00779	0.00239	0.00672	0.00775	0.00948	0.01319
32	0.16764	0.51557	0.03359	0.01501	0.05972	0.02705	0.01305	0.05390	0.01639	0.02336	0.01140	0.01318	0.00995	0.00689	0.00524	0.00187	0.00792	0.00446	0.00385	0.00995
33	0.13647	0.01650	0.01738	0.01393	0.01910	0.04754	0.01135	0.23744	0.02476	0.25082	0.02212	0.02163	0.01533	0.00900	0.00696	0.00227	0.00705	0.00680	0.12214	0.01142
34	0.01901	0.01788	0.02803	0.10545	0.48952	0.03675	0.02135	0.05705	0.04817	0.02569	0.01586	0.02039	0.01309	0.01084	0.05505	0.00304	0.01007	0.00704	0.00422	0.01151
35	0.01027	0.00790	0.00939	0.00902	0.01115	0.00702	0.00676	0.01327	0.02029	0.02715	0.44317	0.06441	0.30750	0.01732	0.00915	0.00251	0.00376	0.01493	0.00802	0.00702
36	0.06240	0.01142	0.01375	0.07987	0.01867	0.01218	0.01037	0.08068	0.12367	0.06116	0.05457	0.34096	0.06596	0.01668	0.00867	0.00280	0.00587	0.01458	0.00702	0.00870
37	0.09496	0.01508	0.02410	0.44034	0.11869	0.01735	0.06554	0.02293	0.04735	0.05814	0.01546	0.02039	0.01158	0.00774	0.00755	0.00253	0.00956	0.00692	0.00420	0.00958
38	0.01002	0.00778	0.00908	0.00927	0.01121	0.00693	0.00689	0.01243	0.01831	0.02368	0.24245	0.16183	0.34825	0.04291	0.01038	0.00287	0.00426	0.05722	0.00750	0.00671
39	0.05863	0.07412	0.16208	0.15050	0.27758	0.01961	0.02189	0.05192	0.01710	0.02481	0.01370	0.01785	0.01096	0.00773	0.00854	0.00242	0.05957	0.00631	0.00382	0.01087
40	0.01650	0.07792	0.36858	0.05921	0.13596	0.01870	0.08245	0.02321	0.01678	0.02413	0.05444	0.01977	0.01435	0.00803	0.00850	0.00245	0.04764	0.00675	0.00377	0.01084

[dist]
# distance from previous block
# <min> <max>
3	7

[block]
# block no. 4 follows, 25 sequences, length 12
# corresponding to MSA columns:
# 293-304
name=unknown_E
#
# <colnr> <probs for GDERKNQSTAVLIFYWHMCP>
#	G	D	E	R	K	N	Q	S	T	A	V	L	I	F	Y	W	H	M	C	P
0	0.05295	0.01719	0.01997	0.08586	0.02445	0.01736	0.01308	0.29576	0.02543	0.11193	0.01771	0.01871	0.01288	0.00799	0.00702	0.00200	0.00753	0.00622	0.00643	0.24952
1	0.01140	0.00736	0.00974	0.01075	0.01172	0.00682	0.00737	0.01308	0.01604	0.06493	0.12015	0.55994	0.05075	0.05714	0.01113	0.00323	0.00468	0.01956	0.00740	0.00680
2	0.00957	0.00695	0.00903	0.01045	0.01121	0.00641	0.00710	0.01119	0.01575	0.02095	0.10532	0.60495	0.10630	0.02310	0.00976	0.00304	0.00437	0.02081	0.00732	0.00641
3	0.00974	0.00734	0.00905	0.01005	0.01137	0.00666	0.00717	0.01168	0.01669	0.02169	0.12855	0.41773	0.23211	0.02177	0.00965	0.00294	0.00440	0.05750	0.00735	0.00654
4	0.01128	0.00752	0.00846	0.00846	0.00846	0.00752	0.00470	0.01128	0.01128	0.01503	0.02443	0.05074	0.02819	0.72751	0.03946	0.00752	0.00752	0.01128	0.00470	0.00470
5	0.01613	0.03369	0.50300	0.08877	0.13305	0.01806	0.05153	0.02402	0.01656	0.02425	0.01407	0.01736	0.01032	0.00730	0.00752	0.00245	0.01108	0.00615	0.00340	0.01129
6	0.36325	0.01972	0.06468	0.01461	0.02045	0.02037	0.01275	0.29090	0.06262	0.03988	0.01558	0.01640	0.01145	0.00830	0.00642	0.00239	0.00747	0.00576	0.00613	0.01087
7	0.02095	0.05491	0.22851	0.01639	0.02317	0.01605	0.01664	0.06716	0.14900	0.17565	0.12509	0.02759	0.02483	0.00991	0.00776	0.00243	0.00777	0.00810	0.00670	0.01139
8	0.05777	0.08612	0.01890	0.06294	0.02065	0.01684	0.01191	0.10521	0.20402	0.11387	0.13289	0.03329	0.05987	0.01120	0.00777	0.00245	0.00652	0.03002	0.00721	0.01055
9	0.10020	0.10756	0.02380	0.07750	0.05441	0.12288	0.07157	0.09490	0.01968	0.05402	0.03827	0.02564	0.01679	0.01100	0.03210	0.00266	0.00955	0.06847	0.00510	0.06391
10	0.23276	0.07519	0.11495	0.04490	0.02027	0.05123	0.01288	0.02379	0.10805	0.02748	0.08622	0.04887	0.02085	0.05680	0.00885	0.00268	0.00740	0.00739	0.00526	0.04418
11	0.02260	0.02067	0.06932	0.05415	0.04562	0.06404	0.04618	0.23863	0.10066	0.06008	0.01842	0.02091	0.01421	0.03967	0.01035	0.00256	0.06634	0.00702	0.00593	0.09264

[dist]
# distance from previous block
# <min> <max>
1	16

[block]
# block no. 5 follows, 25 sequences, length 41
# corresponding to MSA columns:
# 321-361
name=unknown_F
#
# <colnr> <probs for GDERKNQSTAVLIFYWHMCP>
#	G	D	E	R	K	N	Q	S	T	A	V	L	I	F	Y	W	H	M	C	P
0	0.17210	0.06612	0.09374	0.13742	0.02829	0.06865	0.07831	0.07089	0.06877	0.04788	0.03545	0.02096	0.03616	0.00837	0.00705	0.00236	0.00886	0.00675	0.00494	0.03694
1	0.61070	0.01668	0.01391	0.03762	0.04259	0.07067	0.01019	0.02449	0.01481	0.08105	0.01261	0.01427	0.00954	0.00745	0.00541	0.00237	0.00695	0.00473	0.00501	0.00896
2	0.06797	0.01551	0.02808	0.29436	0.03879	0.01642	0.23648	0.02261	0.01685	0.07278	0.01751	0.04800	0.01367	0.00816	0.00794	0.00253	0.00997	0.00817	0.06482	0.00938
3	0.01422	0.00725	0.00732	0.00732	0.00899	0.00725	0.00537	0.01756	0.01589	0.02787	0.02523	0.03053	0.02049	0.06256	0.00796	0.00223	0.00390	0.00753	0.71350	0.00704
4	0.78228	0.01499	0.01140	0.01020	0.01499	0.01739	0.00840	0.02279	0.01320	0.03479	0.01080	0.01260	0.00840	0.00720	0.00480	0.00240	0.00600	0.00420	0.00480	0.00840
5	0.03960	0.00792	0.00956	0.00959	0.01140	0.00731	0.00702	0.01334	0.01913	0.02656	0.38213	0.20562	0.19616	0.01819	0.00915	0.00263	0.00399	0.01591	0.00781	0.00697
6	0.01124	0.00815	0.00892	0.00874	0.01133	0.00694	0.00654	0.01336	0.01807	0.07107	0.11850	0.13355	0.51794	0.01905	0.00913	0.00264	0.00416	0.01610	0.00748	0.00708
7	0.04752	0.01803	0.02510	0.10220	0.32013	0.07558	0.01900	0.04186	0.01678	0.02346	0.01573	0.07096	0.01450	0.01128	0.03215	0.00289	0.14069	0.00779	0.00415	0.01019
8	0.10597	0.07096	0.02220	0.22842	0.03085	0.04053	0.01539	0.27117	0.02380	0.03343	0.01563	0.01838	0.01170	0.00822	0.00702	0.00229	0.00862	0.00630	0.04140	0.03771
9	0.01938	0.01528	0.01766	0.01318	0.01951	0.01356	0.01064	0.12019	0.06034	0.06409	0.01642	0.01786	0.01288	0.00708	0.00700	0.00157	0.03128	0.00547	0.00552	0.54111
10	0.01144	0.01022	0.05423	0.01085	0.01328	0.00835	0.00886	0.01591	0.04400	0.02981	0.55839	0.10776	0.06554	0.01579	0.00905	0.00250	0.00432	0.01395	0.00806	0.00768
11	0.05636	0.67695	0.05936	0.01340	0.02009	0.02966	0.01352	0.02324	0.01565	0.01922	0.01088	0.01257	0.00987	0.00668	0.00504	0.00172	0.00828	0.00420	0.00339	0.00992
12	0.02054	0.02000	0.01751	0.01661	0.02011	0.20563	0.01337	0.09337	0.17799	0.02696	0.02825	0.04543	0.02653	0.01374	0.00867	0.00277	0.00896	0.23752	0.00651	0.00954
13	0.02414	0.01742	0.01897	0.01557	0.02054	0.01917	0.01251	0.31314	0.24375	0.08965	0.07320	0.02625	0.02205	0.01021	0.00776	0.00241	0.00691	0.00818	0.05610	0.01207
14	0.01566	0.03933	0.66142	0.02253	0.03384	0.01807	0.05379	0.02457	0.01645	0.02457	0.01399	0.01655	0.00990	0.00733	0.00744	0.00246	0.01152	0.00587	0.00330	0.01142
15	0.01097	0.00793	0.01036	0.00975	0.01158	0.00732	0.00732	0.01463	0.02195	0.03109	0.67505	0.05792	0.07316	0.01585	0.00914	0.00244	0.00366	0.01402	0.00854	0.00732
16	0.01128	0.00752	0.00846	0.00846	0.00846	0.00752	0.00470	0.01128	0.01128	0.01503	0.02443	0.05074	0.02819	0.72751	0.03946	0.00752	0.00752	0.01128	0.00470	0.00470
17	0.03479	0.01320	0.01799	0.01380	0.01979	0.01140	0.01140	0.03779	0.02219	0.68451	0.03059	0.02639	0.01919	0.00960	0.00780	0.00240	0.00660	0.00780	0.00960	0.01320
18	0.01128	0.00752	0.00846	0.00846	0.00846	0.00752	0.00470	0.01128	0.01128	0.01503	0.02443	0.05074	0.02819	0.72751	0.03946	0.00752	0.00752	0.01128	0.00470	0.00470
19	0.01696	0.01696	0.02375	0.02036	0.02036	0.02375	0.01696	0.01866	0.01187	0.01866	0.01018	0.01696	0.01018	0.01357	0.02545	0.00339	0.71332	0.00679	0.00339	0.00848
20	0.00945	0.00675	0.00900	0.01080	0.01125	0.00630	0.00720	0.01080	0.01484	0.01979	0.04274	0.72245	0.05128	0.02429	0.00990	0.00315	0.00450	0.02204	0.00720	0.00630
21	0.02073	0.73217	0.04063	0.01327	0.01990	0.03068	0.01327	0.02322	0.01575	0.01824	0.01078	0.01244	0.00995	0.00663	0.00498	0.00166	0.00829	0.00415	0.00332	0.00995
22	0.01464	0.01378	0.02326	0.70887	0.05340	0.01723	0.02153	0.01981	0.01550	0.01981	0.01378	0.02067	0.01034	0.00775	0.00775	0.00258	0.01034	0.00689	0.00345	0.00861
23	0.01059	0.00791	0.00983	0.00935	0.01135	0.00715	0.00701	0.01388	0.02103	0.02892	0.54761	0.06149	0.20196	0.01666	0.00915	0.00248	0.00372	0.01452	0.00825	0.00715
24	0.00945	0.00675	0.00900	0.01080	0.01125	0.00630	0.00720	0.01080	0.01484	0.01979	0.04274	0.72245	0.05128	0.02429	0.00990	0.00315	0.00450	0.02204	0.00720	0.00630
25	0.61883	0.01847	0.07134	0.05697	0.01965	0.06025	0.01141	0.02327	0.01417	0.03194	0.01133	0.01353	0.00875	0.00730	0.00535	0.00239	0.00725	0.00456	0.00453	0.00871
26	0.00953	0.00678	0.00897	0.01069	0.01112	0.00635	0.00708	0.01082	0.01468	0.01957	0.04189	0.69129	0.05021	0.05691	0.01127	0.00335	0.00464	0.02154	0.00708	0.00622
27	0.02844	0.03533	0.02211	0.01989	0.02381	0.63415	0.01506	0.05965	0.02219	0.02037	0.01221	0.01434	0.01015	0.00831	0.00787	0.00208	0.04557	0.00517	0.00414	0.00916
28	0.01451	0.01348	0.02258	0.66508	0.05105	0.01670	0.02096	0.01957	0.01565	0.02002	0.01550	0.02488	0.01250	0.00861	0.00794	0.00265	0.01013	0.04599	0.00368	0.00852
29	0.02339	0.01869	0.01984	0.01661	0.02173	0.02120	0.01326	0.28758	0.41207	0.03905	0.02635	0.02478	0.01945	0.01003	0.00784	0.00251	0.00710	0.00805	0.00784	0.01264
30	0.01112	0.00827	0.01019	0.01082	0.01232	0.00774	0.00761	0.05302	0.01719	0.02291	0.09133	0.51098	0.13028	0.02125	0.00942	0.00288	0.00468	0.01894	0.00721	0.04185
31	0.01697	0.01336	0.01583	0.01152	0.01803	0.01021	0.00921	0.02040	0.01686	0.06872	0.05759	0.01945	0.01597	0.00665	0.00610	0.00131	0.00566	0.00541	0.00518	0.67556
32	0.03218	0.01344	0.01769	0.01390	0.01957	0.01221	0.01137	0.03745	0.09879	0.58593	0.05130	0.02770	0.02145	0.00991	0.00785	0.00243	0.00645	0.00811	0.00936	0.01290
33	0.01086	0.00792	0.01020	0.00963	0.01151	0.00727	0.00722	0.01441	0.02167	0.03044	0.63652	0.05900	0.11209	0.01610	0.00915	0.00245	0.00368	0.01417	0.00845	0.00727
34	0.07490	0.01983	0.02032	0.01600	0.02145	0.04287	0.01309	0.50802	0.03180	0.04433	0.01881	0.01947	0.01368	0.00910	0.00723	0.00225	0.00788	0.00677	0.11025	0.01195
35	0.01464	0.01378	0.02326	0.70887	0.05340	0.01723	0.02153	0.01981	0.01550	0.01981	0.01378	0.02067	0.01034	0.00775	0.00775	0.00258	0.01034	0.00689	0.00345	0.00861
36	0.01736	0.01648	0.02761	0.31282	0.40089	0.01797	0.02243	0.02288	0.04242	0.02339	0.01493	0.02017	0.01195	0.00739	0.00772	0.00243	0.00954	0.00697	0.00384	0.01080
37	0.01103	0.00748	0.00846	0.00860	0.00877	0.00737	0.00495	0.01123	0.01188	0.01570	0.02866	0.10205	0.06425	0.63759	0.03566	0.00693	0.00710	0.01235	0.00502	0.00492
38	0.18419	0.01634	0.02089	0.18811	0.02917	0.01837	0.05454	0.14015	0.05986	0.07931	0.01623	0.01889	0.01210	0.00846	0.00847	0.00245	0.06382	0.00648	0.00538	0.06678
39	0.01514	0.00952	0.01113	0.01033	0.01165	0.00969	0.00683	0.06565	0.03781	0.08243	0.02543	0.07499	0.02650	0.50222	0.07290	0.00656	0.00816	0.01083	0.00560	0.00666
40	0.01082	0.00776	0.00975	0.01071	0.01160	0.00746	0.00727	0.04521	0.01623	0.02168	0.08762	0.53386	0.07351	0.10218	0.01304	0.00353	0.00497	0.01920	0.00704	0.00657

[dist]
# distance from previous block
# <min> <max>
1	3

[block]
# block no. 6 follows, 25 sequences, length 12
# corresponding to MSA columns:
# 365-376
name=unknown_G
#
# <colnr> <probs for GDERKNQSTAVLIFYWHMCP>
#	G	D	E	R	K	N	Q	S	T	A	V	L	I	F	Y	W	H	M	C	P
0	0.56398	0.01948	0.05923	0.01287	0.01824	0.07668	0.01118	0.10918	0.01732	0.03465	0.01217	0.01378	0.00928	0.00756	0.00556	0.00236	0.00739	0.00475	0.00503	0.00930
1	0.01868	0.06233	0.03927	0.07382	0.03661	0.01956	0.46360	0.07757	0.01928	0.02595	0.01669	0.05232	0.01349	0.00765	0.00860	0.00250	0.01156	0.00895	0.00436	0.03721
2	0.01735	0.01326	0.01698	0.01305	0.01853	0.01108	0.04770	0.05867	0.01749	0.07979	0.02032	0.11831	0.01889	0.05596	0.00902	0.00211	0.00637	0.00815	0.00553	0.46144
3	0.05186	0.01145	0.01207	0.07538	0.01624	0.04203	0.00895	0.08862	0.01795	0.02848	0.02159	0.02676	0.01754	0.05774	0.03663	0.00282	0.02451	0.00722	0.44419	0.00800
4	0.01647	0.01456	0.01863	0.01352	0.02032	0.01169	0.06247	0.02138	0.05857	0.02570	0.01510	0.01732	0.01230	0.00612	0.00616	0.00137	0.00637	0.00524	0.00475	0.66197
5	0.01467	0.00874	0.01155	0.01038	0.01286	0.00795	0.00795	0.01823	0.02199	0.13261	0.57493	0.05302	0.06478	0.01488	0.00894	0.00243	0.00411	0.01306	0.00870	0.00823
6	0.01167	0.00867	0.01100	0.01063	0.01256	0.00841	0.00801	0.01680	0.08095	0.02974	0.52362	0.12173	0.06508	0.01644	0.00917	0.00258	0.00413	0.04287	0.00828	0.00767
7	0.01551	0.01158	0.01663	0.01495	0.01766	0.01147	0.08847	0.13226	0.01962	0.05929	0.03433	0.47087	0.03776	0.01859	0.00930	0.00289	0.00641	0.01695	0.00702	0.00843
8	0.01317	0.00682	0.01018	0.01026	0.01036	0.00688	0.00692	0.01034	0.01043	0.01399	0.01511	0.05340	0.01539	0.02855	0.06629	0.69978	0.00742	0.00747	0.00357	0.00369
9	0.02141	0.59953	0.10491	0.01422	0.02129	0.02773	0.01468	0.02461	0.01637	0.07614	0.01280	0.01404	0.01073	0.00696	0.00546	0.00180	0.00847	0.00462	0.00385	0.01038
10	0.09083	0.01544	0.01827	0.01394	0.02008	0.01459	0.01145	0.17511	0.02345	0.34375	0.02262	0.02126	0.01528	0.00851	0.00710	0.00212	0.00681	0.00663	0.00771	0.17504
11	0.02515	0.01870	0.02014	0.01612	0.02117	0.02057	0.01293	0.48540	0.08710	0.04189	0.02360	0.07098	0.03743	0.06958	0.01055	0.00284	0.00783	0.00877	0.00746	0.01175

[dist]
# distance from previous block
# <min> <max>
5	13

[block]
# block no. 7 follows, 25 sequences, length 18
# corresponding to MSA columns:
# 390-407
name=unknown_H
#
# <colnr> <probs for GDERKNQSTAVLIFYWHMCP>
#	G	D	E	R	K	N	Q	S	T	A	V	L	I	F	Y	W	H	M	C	P
0	0.01851	0.01705	0.02782	0.35287	0.14177	0.01928	0.11175	0.12780	0.01957	0.02622	0.01479	0.01992	0.01132	0.00804	0.00895	0.00255	0.05006	0.00723	0.00430	0.01021
1	0.00980	0.00714	0.00932	0.01092	0.01177	0.00666	0.00773	0.01150	0.01553	0.02035	0.04636	0.57274	0.11740	0.02343	0.00992	0.00315	0.00477	0.09791	0.00719	0.00643
2	0.01969	0.01797	0.01826	0.06378	0.02273	0.06966	0.01311	0.03897	0.57245	0.03056	0.02887	0.02725	0.02173	0.01014	0.00781	0.00258	0.00701	0.00836	0.00729	0.01178
3	0.01347	0.00673	0.01010	0.01010	0.01010	0.00673	0.00673	0.01010	0.01010	0.01347	0.01347	0.02357	0.01347	0.02694	0.03030	0.77441	0.00673	0.00673	0.00337	0.00337
4	0.43818	0.01557	0.01623	0.15063	0.02449	0.01772	0.01227	0.11797	0.01808	0.10260	0.01465	0.01656	0.01064	0.00788	0.00614	0.00243	0.00730	0.00553	0.00548	0.00966
5	0.05999	0.05165	0.31838	0.02026	0.02887	0.02005	0.07729	0.22793	0.02321	0.07511	0.01640	0.01783	0.01161	0.00803	0.00747	0.00240	0.00997	0.00644	0.00526	0.01184
6	0.01108	0.00831	0.01246	0.01246	0.01385	0.00969	0.00969	0.01385	0.01246	0.01800	0.02077	0.03046	0.01938	0.05815	0.69678	0.01246	0.02077	0.00831	0.00415	0.00692
7	0.01830	0.02092	0.04575	0.03268	0.04052	0.01961	0.65098	0.02484	0.01830	0.02484	0.01569	0.02092	0.01176	0.00654	0.00915	0.00261	0.01307	0.00915	0.00392	0.01046
8	0.02291	0.02326	0.02159	0.18956	0.03030	0.23384	0.01603	0.13979	0.16662	0.02746	0.01792	0.01991	0.01371	0.00893	0.00817	0.00239	0.03515	0.00672	0.00537	0.01035
9	0.02737	0.01972	0.02137	0.01681	0.02238	0.02167	0.01366	0.51901	0.08886	0.07672	0.02144	0.04609	0.01639	0.04058	0.00920	0.00261	0.00804	0.00789	0.00771	0.01250
10	0.00945	0.00675	0.00900	0.01080	0.01125	0.00630	0.00720	0.01080	0.01484	0.01979	0.04274	0.72245	0.05128	0.02429	0.00990	0.00315	0.00450	0.02204	0.00720	0.00630
11	0.01882	0.01798	0.03000	0.04137	0.53206	0.01818	0.06496	0.02556	0.09402	0.02635	0.04202	0.02194	0.01592	0.00765	0.00786	0.00237	0.00890	0.00755	0.00450	0.01196
12	0.01814	0.01804	0.05974	0.02414	0.02889	0.01838	0.29969	0.02260	0.01594	0.07978	0.01624	0.02163	0.01310	0.01676	0.12045	0.00433	0.20008	0.00812	0.00429	0.00966
13	0.01638	0.01556	0.02640	0.45579	0.29288	0.01768	0.02240	0.02134	0.01633	0.02192	0.01409	0.02010	0.01108	0.00743	0.00772	0.00248	0.00991	0.00690	0.00360	0.01002
14	0.01445	0.00723	0.00723	0.00723	0.00903	0.00723	0.00542	0.01807	0.01626	0.02891	0.02529	0.02891	0.01987	0.00903	0.00542	0.00181	0.00361	0.00723	0.77055	0.00723
15	0.01312	0.00674	0.01000	0.01016	0.01020	0.00670	0.00677	0.01016	0.01052	0.01402	0.01603	0.08466	0.01677	0.02670	0.02852	0.70699	0.00654	0.00807	0.00370	0.00362
16	0.01649	0.05342	0.05547	0.08140	0.02692	0.04267	0.15491	0.01997	0.01514	0.02109	0.04808	0.09543	0.01800	0.01198	0.01544	0.00290	0.29858	0.00906	0.00419	0.00885
17	0.01767	0.01662	0.02671	0.20359	0.30663	0.01792	0.05093	0.05331	0.01734	0.02424	0.01632	0.02103	0.03454	0.00827	0.00955	0.00242	0.08432	0.00713	0.00408	0.07738

[dist]
# distance from previous block
# <min> <max>
1	3

[block]
# block no. 8 follows, 25 sequences, length 50
# corresponding to MSA columns:
# 411-460
name=unknown_I
#
# <colnr> <probs for GDERKNQSTAVLIFYWHMCP>
#	G	D	E	R	K	N	Q	S	T	A	V	L	I	F	Y	W	H	M	C	P
0	0.02195	0.01735	0.01830	0.03650	0.04295	0.06956	0.01241	0.20443	0.17451	0.08852	0.09375	0.03152	0.09671	0.01104	0.00793	0.00237	0.00718	0.00896	0.00725	0.04679
1	0.01583	0.01350	0.01574	0.01162	0.01805	0.01048	0.00920	0.01992	0.04266	0.02525	0.01615	0.05654	0.01423	0.00699	0.00607	0.00132	0.00569	0.00575	0.00488	0.70014
2	0.01882	0.01804	0.03080	0.10181	0.62783	0.01832	0.02361	0.02347	0.01748	0.02488	0.01452	0.01931	0.01212	0.00698	0.00768	0.00233	0.00930	0.00691	0.00381	0.01198
3	0.01826	0.01370	0.01608	0.01206	0.01804	0.01134	0.00956	0.08133	0.01857	0.08275	0.04643	0.04902	0.01732	0.03741	0.00782	0.00177	0.00601	0.00649	0.00560	0.54043
4	0.01917	0.32116	0.32398	0.01819	0.02640	0.09681	0.02041	0.02446	0.01654	0.02113	0.01227	0.01453	0.00991	0.00739	0.00710	0.00212	0.03955	0.00505	0.00337	0.01045
5	0.02291	0.01575	0.01797	0.01479	0.01855	0.01713	0.01157	0.39716	0.02618	0.03506	0.01794	0.05329	0.01507	0.01620	0.01578	0.27372	0.00771	0.00760	0.00619	0.00941
6	0.51253	0.05977	0.01632	0.04183	0.01898	0.04677	0.01068	0.12301	0.01797	0.07146	0.01332	0.01471	0.01000	0.00769	0.00566	0.00233	0.00708	0.00498	0.00536	0.00955
7	0.01445	0.00723	0.00723	0.00723	0.00903	0.00723	0.00542	0.01807	0.01626	0.02891	0.02529	0.02891	0.01987	0.00903	0.00542	0.00181	0.00361	0.00723	0.77055	0.00723
8	0.02663	0.02031	0.02167	0.01726	0.02296	0.02272	0.01405	0.48244	0.21193	0.04428	0.02223	0.02149	0.01611	0.00965	0.00779	0.00241	0.00786	0.00748	0.00779	0.01293
9	0.06125	0.01920	0.02041	0.01656	0.02203	0.02146	0.01340	0.37534	0.26204	0.07029	0.02346	0.02241	0.01702	0.00966	0.00767	0.00244	0.00746	0.00753	0.00775	0.01263
10	0.01024	0.00798	0.00854	0.00843	0.01095	0.00678	0.00631	0.01240	0.01814	0.04436	0.14110	0.10815	0.55126	0.01914	0.00916	0.00262	0.00402	0.01614	0.00743	0.00684
11	0.01617	0.01580	0.02223	0.01929	0.01948	0.02186	0.01599	0.01801	0.01195	0.01857	0.01160	0.01878	0.01142	0.01956	0.11569	0.00461	0.62022	0.00699	0.00350	0.00827
12	0.01691	0.01678	0.02332	0.01985	0.02024	0.02299	0.01652	0.01871	0.01211	0.01903	0.01038	0.01691	0.01025	0.01313	0.02433	0.00327	0.67331	0.00666	0.00346	0.05181
13	0.01463	0.01226	0.01708	0.01550	0.01673	0.01552	0.01246	0.06516	0.01403	0.02045	0.01667	0.02462	0.01550	0.03777	0.38556	0.03936	0.25714	0.00762	0.00414	0.00780
14	0.01555	0.04011	0.68733	0.02210	0.03356	0.01801	0.02865	0.02455	0.01637	0.02455	0.01391	0.01637	0.00982	0.00737	0.00737	0.00246	0.01146	0.00573	0.00327	0.01146
15	0.01347	0.00673	0.01010	0.01010	0.01010	0.00673	0.00673	0.01010	0.01010	0.01347	0.01347	0.02357	0.01347	0.02694	0.03030	0.77441	0.00673	0.00673	0.00337	0.00337
16	0.02871	0.02098	0.02245	0.01730	0.02328	0.02319	0.01426	0.62084	0.03542	0.04785	0.01896	0.01914	0.01353	0.00929	0.00764	0.00230	0.00828	0.00699	0.04672	0.01288
17	0.01799	0.01720	0.02931	0.22153	0.51455	0.01811	0.02320	0.02275	0.01709	0.02388	0.01437	0.01958	0.01177	0.00713	0.00770	0.00238	0.00951	0.00690	0.00373	0.01132
18	0.00985	0.00705	0.00939	0.01079	0.01154	0.00660	0.00748	0.01169	0.01617	0.02183	0.14727	0.58137	0.05458	0.02275	0.00981	0.00305	0.00449	0.05037	0.00742	0.00651
19	0.03161	0.01329	0.01752	0.01372	0.01928	0.01202	0.01123	0.06149	0.05950	0.56398	0.08628	0.02896	0.02390	0.01018	0.00792	0.00241	0.00640	0.00836	0.00933	0.01263
20	0.00976	0.00698	0.00933	0.01091	0.01156	0.00654	0.00753	0.01145	0.01564	0.02098	0.09771	0.62652	0.05279	0.02338	0.00988	0.00311	0.00458	0.05759	0.00731	0.00644
21	0.01119	0.00748	0.00848	0.00857	0.00859	0.00746	0.00482	0.01125	0.01145	0.01527	0.02533	0.08367	0.02932	0.69304	0.03802	0.00730	0.00737	0.01180	0.00482	0.00478
22	0.02073	0.73217	0.04063	0.01327	0.01990	0.03068	0.01327	0.02322	0.01575	0.01824	0.01078	0.01244	0.00995	0.00663	0.00498	0.00166	0.00829	0.00415	0.00332	0.00995
23	0.01128	0.00752	0.00846	0.00846	0.00846	0.00752	0.00470	0.01128	0.01128	0.01503	0.02443	0.05074	0.02819	0.72751	0.03946	0.00752	0.00752	0.01128	0.00470	0.00470
24	0.00945	0.00675	0.00900	0.01080	0.01125	0.00630	0.00720	0.01080	0.01484	0.01979	0.04274	0.72245	0.05128	0.02429	0.00990	0.00315	0.00450	0.02204	0.00720	0.00630
25	0.00945	0.00675	0.00900	0.01080	0.01125	0.00630	0.00720	0.01080	0.01484	0.01979	0.04274	0.72245	0.05128	0.02429	0.00990	0.00315	0.00450	0.02204	0.00720	0.00630
26	0.01830	0.02092	0.04575	0.03268	0.04052	0.01961	0.65098	0.02484	0.01830	0.02484	0.01569	0.02092	0.01176	0.00654	0.00915	0.00261	0.01307	0.00915	0.00392	0.01046
27	0.01172	0.01127	0.00983	0.00952	0.01220	0.08739	0.00714	0.01390	0.01873	0.02203	0.14789	0.06536	0.52008	0.01778	0.00891	0.00252	0.00507	0.01473	0.00700	0.00693
28	0.01502	0.01411	0.02002	0.01775	0.01821	0.01911	0.01456	0.01707	0.01207	0.01844	0.01367	0.02142	0.01322	0.02829	0.24704	0.00639	0.48472	0.00729	0.00364	0.00797
29	0.05954	0.02797	0.08332	0.06350	0.05708	0.28948	0.10557	0.12076	0.04847	0.02635	0.01457	0.01714	0.01132	0.00812	0.00807	0.00231	0.03525	0.00631	0.00462	0.01025
30	0.01464	0.01378	0.02326	0.70887	0.05340	0.01723	0.02153	0.01981	0.01550	0.01981	0.01378	0.02067	0.01034	0.00775	0.00775	0.00258	0.01034	0.00689	0.00345	0.00861
31	0.00955	0.00679	0.00897	0.01066	0.01109	0.00637	0.00705	0.01082	0.01464	0.01952	0.04169	0.68407	0.04996	0.06447	0.01159	0.00340	0.00467	0.02143	0.00705	0.00621
