[name]
unknown

[dist]
# distance from previous block
# <min> <max>
4	146

[block]
# block no. 0 follows, 25 sequences, length 45
# corresponding to MSA columns:
# 152-196
name=unknown_A
#
# <colnr> <probs for GDERKNQSTAVLIFYWHMCP>
#	G	D	E	R	K	N	Q	S	T	A	V	L	I	F	Y	W	H	M	C	P
0	0.02122	0.09964	0.04730	0.18311	0.05245	0.14112	0.04344	0.08670	0.01918	0.06487	0.01521	0.01855	0.01185	0.00836	0.00868	0.00228	0.07201	0.00628	0.05585	0.04191
1	0.04110	0.01885	0.05341	0.05128	0.05089	0.06046	0.25982	0.08547	0.06878	0.02770	0.07252	0.02940	0.09116	0.00957	0.00830	0.00247	0.00950	0.00926	0.04013	0.00992
2	0.04402	0.01820	0.04795	0.01677	0.02177	0.08520	0.09711	0.13234	0.06898	0.08508	0.10085	0.07602	0.02436	0.05058	0.00965	0.00260	0.00815	0.00904	0.00628	0.09506
3	0.09306	0.21988	0.08026	0.04530	0.02416	0.04952	0.08258	0.11765	0.01975	0.08739	0.03308	0.06152	0.01547	0.00903	0.00747	0.00227	0.02898	0.00715	0.00516	0.01033
4	0.01510	0.03792	0.04218	0.05562	0.01761	0.01181	0.01111	0.04684	0.03226	0.07331	0.23485	0.08830	0.08818	0.01520	0.01077	0.03219	0.05991	0.07901	0.03958	0.00825
5	0.01577	0.03878	0.64715	0.02366	0.07311	0.01803	0.02835	0.02451	0.01645	0.02460	0.01396	0.01654	0.00997	0.00734	0.00739	0.00245	0.01132	0.00580	0.00331	0.01151
6	0.03879	0.01726	0.05128	0.10227	0.09845	0.01730	0.08470	0.14534	0.12375	0.06267	0.04734	0.02369	0.01744	0.01121	0.04268	0.00288	0.00891	0.00767	0.05075	0.04562
7	0.01050	0.00818	0.01015	0.05258	0.01376	0.00764	0.00774	0.01328	0.01879	0.02483	0.31796	0.11792	0.27608	0.05229	0.01066	0.00286	0.00454	0.03594	0.00740	0.00691
8	0.01052	0.00791	0.00973	0.00927	0.01130	0.00712	0.00696	0.01375	0.02087	0.02853	0.52416	0.06214	0.22565	0.01681	0.00915	0.00248	0.00373	0.01461	0.00820	0.00712
9	0.02852	0.03603	0.02177	0.01978	0.02380	0.66560	0.01486	0.03143	0.05121	0.01959	0.01287	0.01466	0.01061	0.00810	0.00703	0.00203	0.01363	0.00517	0.00417	0.00914
10	0.05355	0.01366	0.02201	0.59663	0.04739	0.01709	0.01991	0.01954	0.01502	0.02040	0.01389	0.02069	0.01079	0.01113	0.05115	0.00323	0.04505	0.00684	0.00356	0.00849
11	0.01347	0.00673	0.01010	0.01010	0.01010	0.00673	0.00673	0.01010	0.01010	0.01347	0.01347	0.02357	0.01347	0.02694	0.03030	0.77441	0.00673	0.00673	0.00337	0.00337
12	0.04151	0.01078	0.01161	0.01113	0.01347	0.02976	0.00820	0.08379	0.06590	0.02667	0.17925	0.22090	0.17981	0.06824	0.01106	0.00301	0.00529	0.01462	0.00724	0.00778
13	0.01188	0.00794	0.01014	0.00975	0.01122	0.00743	0.00691	0.01449	0.01895	0.05387	0.44450	0.12246	0.05904	0.16895	0.01566	0.00360	0.00469	0.01399	0.00762	0.00690
14	0.02000	0.63458	0.13183	0.01451	0.02183	0.02889	0.01544	0.02341	0.01584	0.01913	0.01122	0.01299	0.00993	0.00674	0.00531	0.00177	0.00874	0.00437	0.00331	0.01016
15	0.01214	0.00967	0.01371	0.01312	0.01402	0.01175	0.01007	0.01423	0.01215	0.01759	0.01958	0.03172	0.01935	0.16936	0.46309	0.01000	0.13896	0.00857	0.00412	0.00680
16	0.01166	0.00932	0.01259	0.01264	0.01406	0.03648	0.00972	0.01430	0.01301	0.01817	0.02200	0.07946	0.02130	0.05375	0.62035	0.01138	0.01933	0.00916	0.00437	0.00696
17	0.01467	0.00977	0.01170	0.01098	0.01339	0.00955	0.00815	0.07443	0.04183	0.09028	0.13495	0.17729	0.18629	0.10084	0.07618	0.00411	0.00673	0.01380	0.00714	0.00791
18	0.01926	0.01387	0.01576	0.01335	0.01636	0.01528	0.01027	0.27701	0.02282	0.03161	0.05272	0.03147	0.02140	0.20292	0.11714	0.00515	0.03887	0.00864	0.07706	0.00904
19	0.01276	0.01022	0.01541	0.09535	0.10635	0.01036	0.03581	0.03672	0.01648	0.02270	0.05157	0.42961	0.03708	0.01758	0.00892	0.00281	0.00616	0.01602	0.06024	0.00785
20	0.06612	0.01285	0.01712	0.01353	0.01908	0.01136	0.01113	0.03518	0.02132	0.60315	0.03061	0.05724	0.02101	0.01055	0.00786	0.00247	0.00650	0.03126	0.00919	0.01247
21	0.00993	0.00719	0.00906	0.01013	0.01098	0.00670	0.00690	0.01151	0.01559	0.02066	0.11460	0.45827	0.12566	0.11754	0.01374	0.00361	0.00483	0.03983	0.00701	0.00625
22	0.01777	0.15410	0.41954	0.05275	0.03224	0.02079	0.09918	0.07120	0.01796	0.02511	0.01393	0.01660	0.01035	0.00730	0.00722	0.00233	0.01084	0.00601	0.00370	0.01108
23	0.02069	0.01105	0.01382	0.01232	0.01534	0.01065	0.00925	0.09437	0.03420	0.23846	0.05876	0.22312	0.03219	0.15063	0.01454	0.00361	0.00631	0.03383	0.00763	0.00923
24	0.01094	0.00738	0.00856	0.00889	0.00897	0.00729	0.00516	0.01119	0.01193	0.01591	0.02780	0.17422	0.03243	0.59823	0.03403	0.00671	0.00696	0.01325	0.00516	0.00499
25	0.01689	0.04729	0.07551	0.33754	0.23381	0.01851	0.07225	0.02319	0.05624	0.02291	0.01515	0.02011	0.01179	0.00750	0.00771	0.00246	0.00996	0.00700	0.00386	0.01034
26	0.02235	0.15805	0.06854	0.09110	0.19010	0.23500	0.01818	0.05346	0.05077	0.02279	0.01394	0.01671	0.01138	0.00759	0.00696	0.00214	0.01061	0.00581	0.00408	0.01045
27	0.13115	0.11659	0.27062	0.02369	0.13875	0.01938	0.06880	0.02489	0.01652	0.07765	0.01452	0.01696	0.01095	0.00747	0.00746	0.00236	0.03120	0.00596	0.00416	0.01093
28	0.01828	0.15408	0.08113	0.08251	0.06757	0.02150	0.38596	0.02381	0.01718	0.02295	0.01422	0.01878	0.01115	0.00702	0.00876	0.00244	0.04104	0.00762	0.00370	0.01028
29	0.01215	0.03491	0.01446	0.06487	0.01694	0.01152	0.01069	0.01496	0.01290	0.01856	0.01970	0.02912	0.01827	0.07437	0.52885	0.01019	0.05344	0.00804	0.03889	0.00716
30	0.05248	0.14689	0.25162	0.02040	0.07494	0.06846	0.04498	0.02814	0.12619	0.06578	0.01723	0.01849	0.01302	0.00783	0.00699	0.00227	0.00940	0.00618	0.00467	0.03404
31	0.08016	0.48276	0.07393	0.01425	0.02094	0.02653	0.01391	0.11223	0.01897	0.07401	0.01355	0.01460	0.01097	0.00732	0.00571	0.00191	0.00822	0.00492	0.00452	0.01062
32	0.01126	0.00757	0.00870	0.00870	0.00879	0.00765	0.00501	0.01143	0.01135	0.01522	0.02420	0.04948	0.02764	0.68604	0.08019	0.00782	0.00834	0.01109	0.00466	0.00484
33	0.01736	0.01195	0.01195	0.04595	0.01521	0.06182	0.00868	0.07156	0.06741	0.05712	0.06675	0.06065	0.04579	0.01052	0.00669	0.00212	0.00550	0.00856	0.41595	0.00848
34	0.16666	0.05269	0.11708	0.04420	0.02676	0.05274	0.16962	0.06316	0.01786	0.08558	0.01581	0.01858	0.01184	0.00804	0.00847	0.00244	0.06210	0.00665	0.05966	0.01007
35	0.01252	0.00867	0.00981	0.00930	0.01150	0.00797	0.00672	0.03746	0.01745	0.06928	0.12573	0.08246	0.34230	0.17674	0.04455	0.00409	0.00578	0.01386	0.00686	0.00696
36	0.01423	0.01261	0.01893	0.39682	0.07604	0.01451	0.01633	0.02033	0.08085	0.02308	0.08726	0.03315	0.11511	0.01053	0.00798	0.00252	0.00795	0.00914	0.04392	0.00871
37	0.05369	0.23577	0.07354	0.08423	0.02599	0.14306	0.04191	0.10233	0.05068	0.02442	0.01361	0.01617	0.01109	0.00830	0.00857	0.00225	0.08426	0.00573	0.00431	0.01007
38	0.01111	0.00890	0.01116	0.01231	0.05948	0.00829	0.00825	0.01480	0.05167	0.02538	0.28473	0.17246	0.26729	0.01766	0.00911	0.00262	0.00442	0.01541	0.00748	0.00749
39	0.06520	0.00785	0.00915	0.00978	0.01128	0.00740	0.00690	0.01249	0.01657	0.02309	0.16910	0.36729	0.19298	0.05165	0.01053	0.00303	0.00445	0.01746	0.00717	0.00663
40	0.01843	0.16833	0.24781	0.02290	0.05229	0.06551	0.18684	0.04853	0.01786	0.02365	0.01591	0.06747	0.01356	0.00832	0.00755	0.00235	0.01073	0.00753	0.00398	0.01046
41	0.12538	0.07016	0.02043	0.06868	0.02272	0.09755	0.01293	0.23873	0.02429	0.14849	0.01859	0.01931	0.01340	0.00859	0.00688	0.00224	0.00817	0.00634	0.07619	0.01094
42	0.01012	0.00781	0.00973	0.01007	0.01157	0.00741	0.00732	0.01239	0.01733	0.02304	0.22252	0.28414	0.23379	0.02276	0.05923	0.00348	0.02651	0.01678	0.00723	0.00676
43	0.01076	0.00819	0.01202	0.01222	0.01366	0.00769	0.04725	0.01333	0.01742	0.02371	0.22176	0.42004	0.05439	0.02048	0.00972	0.00296	0.00507	0.08501	0.00737	0.00694
44	0.01840	0.11509	0.06663	0.03609	0.04774	0.07537	0.01217	0.02263	0.05054	0.11686	0.21872	0.08320	0.03519	0.05617	0.00982	0.00266	0.00708	0.00998	0.00644	0.00922

[dist]
# distance from previous block
# <min> <max>
0	2

[block]
# block no. 1 follows, 25 sequences, length 33
# corresponding to MSA columns:
# 199-231
name=unknown_B
#
# <colnr> <probs for GDERKNQSTAVLIFYWHMCP>
#	G	D	E	R	K	N	Q	S	T	A	V	L	I	F	Y	W	H	M	C	P
0	0.01588	0.01378	0.01708	0.10918	0.02328	0.01130	0.01092	0.01956	0.01600	0.02450	0.01378	0.01672	0.01132	0.00602	0.00602	0.00135	0.00639	0.00492	0.00443	0.66756
1	0.01045	0.00768	0.00982	0.01011	0.01145	0.00739	0.00729	0.01274	0.01683	0.02281	0.24157	0.21314	0.14291	0.11129	0.11206	0.00473	0.00695	0.03733	0.00687	0.00658
2	0.06829	0.12398	0.40011	0.01855	0.02708	0.04512	0.03855	0.02377	0.01693	0.05122	0.07238	0.02023	0.01612	0.01005	0.03357	0.00271	0.01030	0.00640	0.00418	0.01046
3	0.12229	0.08537	0.01902	0.01525	0.05063	0.07836	0.01159	0.13397	0.02087	0.11222	0.07157	0.10349	0.02313	0.03516	0.00842	0.00249	0.00736	0.03150	0.00629	0.06099
4	0.02097	0.01691	0.01928	0.03950	0.02138	0.05612	0.03798	0.14509	0.22778	0.08842	0.06168	0.07055	0.06613	0.01183	0.00985	0.00261	0.07668	0.00947	0.00699	0.01077
5	0.04955	0.35543	0.07423	0.01461	0.02076	0.06493	0.01368	0.15577	0.04177	0.02739	0.01477	0.01622	0.01194	0.00765	0.00600	0.00193	0.00824	0.00534	0.07205	0.03773
6	0.04144	0.20136	0.02533	0.01588	0.01999	0.09467	0.09121	0.02219	0.05553	0.04087	0.12449	0.06236	0.04704	0.05860	0.01090	0.00267	0.06252	0.00880	0.00521	0.00890
7	0.03950	0.01084	0.01258	0.01280	0.01522	0.01147	0.01006	0.02200	0.20679	0.02527	0.06527	0.14722	0.10399	0.07410	0.01165	0.00337	0.00601	0.20638	0.00716	0.00833
8	0.01778	0.01391	0.01729	0.06877	0.06510	0.01315	0.01202	0.10530	0.06106	0.06190	0.02715	0.06565	0.08773	0.01072	0.00754	0.00212	0.00664	0.06255	0.00598	0.28765
9	0.01404	0.01260	0.01848	0.04419	0.10555	0.01225	0.08537	0.02010	0.11394	0.02447	0.08012	0.17470	0.16743	0.01410	0.00857	0.00254	0.00650	0.01274	0.00620	0.07611
10	0.01909	0.01870	0.03308	0.04591	0.60712	0.01856	0.09452	0.02391	0.01773	0.02528	0.01471	0.01938	0.01222	0.00687	0.00784	0.00234	0.00965	0.00716	0.00385	0.01208
11	0.00947	0.00757	0.00834	0.00874	0.01063	0.00659	0.00625	0.01129	0.01694	0.02105	0.10751	0.23105	0.44812	0.05740	0.01092	0.00299	0.00424	0.01733	0.00716	0.00644
12	0.06970	0.01435	0.02455	0.48949	0.04465	0.01664	0.11663	0.01999	0.01557	0.02147	0.01580	0.05791	0.01327	0.03751	0.00915	0.00280	0.01003	0.00801	0.00386	0.00860
13	0.01189	0.00785	0.00989	0.00984	0.01143	0.00723	0.00703	0.01434	0.01836	0.06250	0.32446	0.22784	0.11860	0.09562	0.01247	0.00317	0.00449	0.01547	0.03050	0.00702
14	0.01082	0.00763	0.01023	0.01141	0.01256	0.00726	0.00863	0.01291	0.01672	0.02228	0.14673	0.34725	0.08600	0.02199	0.01133	0.05467	0.00523	0.19267	0.00715	0.00653
15	0.01770	0.02245	0.11558	0.07621	0.03983	0.01943	0.51454	0.02423	0.01765	0.02423	0.01515	0.02024	0.01139	0.00698	0.00948	0.00262	0.03960	0.00852	0.00380	0.01037
16	0.01102	0.00741	0.00853	0.00879	0.00885	0.00734	0.00505	0.01121	0.01178	0.01571	0.02703	0.14618	0.03147	0.62759	0.03526	0.00690	0.00709	0.01281	0.00505	0.00493
17	0.00945	0.00675	0.00900	0.01080	0.01125	0.00630	0.00720	0.01080	0.01484	0.01979	0.04274	0.72245	0.05128	0.02429	0.00990	0.00315	0.00450	0.02204	0.00720	0.00630
18	0.02480	0.07255	0.02086	0.01529	0.02039	0.01999	0.01262	0.37402	0.08823	0.08280	0.02102	0.02190	0.01566	0.01350	0.06791	0.00314	0.00865	0.00713	0.09795	0.01159
19	0.01525	0.01418	0.02477	0.48574	0.04434	0.01664	0.11406	0.02000	0.01561	0.02108	0.01489	0.02136	0.01150	0.00867	0.00946	0.03091	0.04472	0.00725	0.07101	0.00857
20	0.00939	0.00780	0.00822	0.00826	0.01065	0.00662	0.00614	0.01152	0.01801	0.02207	0.14652	0.11173	0.56744	0.01947	0.00921	0.00263	0.00393	0.01643	0.00736	0.00662
21	0.02563	0.03019	0.02023	0.01817	0.02167	0.49960	0.01370	0.08069	0.02131	0.02121	0.01600	0.02026	0.03401	0.07362	0.03198	0.00292	0.04925	0.00628	0.00446	0.00880
22	0.01827	0.28550	0.41419	0.01883	0.02808	0.06699	0.02229	0.02450	0.01652	0.02195	0.01268	0.01482	0.00988	0.00715	0.00649	0.00214	0.01050	0.00512	0.00334	0.01076
23	0.70031	0.01480	0.01212	0.01059	0.01552	0.01674	0.00873	0.02444	0.01418	0.10604	0.01297	0.01411	0.00958	0.00746	0.00513	0.00240	0.00606	0.00459	0.00532	0.00892
24	0.01938	0.26339	0.33965	0.07134	0.02903	0.04673	0.02101	0.02515	0.01682	0.07998	0.01427	0.01620	0.01073	0.00737	0.00663	0.00218	0.01000	0.00545	0.00388	0.01080
25	0.02029	0.01977	0.02820	0.13706	0.44894	0.08564	0.02147	0.07311	0.04327	0.02598	0.01515	0.01921	0.01227	0.00746	0.00763	0.00233	0.00968	0.00679	0.00425	0.01150
26	0.01204	0.00891	0.01100	0.01123	0.01294	0.00831	0.00782	0.06155	0.01636	0.02235	0.03539	0.51465	0.04099	0.08254	0.01178	0.00320	0.00524	0.01760	0.00667	0.10943
27	0.02224	0.56035	0.10122	0.01421	0.02123	0.02665	0.01452	0.02545	0.01674	0.11477	0.01394	0.01483	0.01127	0.00713	0.00562	0.00184	0.00836	0.00483	0.00422	0.01057
28	0.01545	0.01031	0.01587	0.01552	0.05610	0.00974	0.07449	0.01850	0.01761	0.11861	0.11758	0.25533	0.06313	0.01904	0.05541	0.00339	0.00705	0.05745	0.06104	0.00838
29	0.04296	0.06486	0.04131	0.03930	0.02211	0.01861	0.05121	0.19385	0.21387	0.05741	0.08788	0.04933	0.04520	0.01098	0.00832	0.01879	0.00730	0.00882	0.00691	0.01097
30	0.01231	0.00860	0.00977	0.00961	0.01021	0.00887	0.00594	0.03689	0.05625	0.01794	0.02620	0.10662	0.02911	0.57184	0.05273	0.00676	0.00758	0.01181	0.00523	0.00572
31	0.01708	0.14200	0.43598	0.02013	0.02938	0.01955	0.06911	0.06552	0.01825	0.02580	0.07205	0.01990	0.01578	0.00807	0.00731	0.00233	0.01020	0.00655	0.00409	0.01090
32	0.02171	0.02103	0.09067	0.01873	0.04567	0.06744	0.08781	0.20137	0.06192	0.05568	0.01831	0.03855	0.01426	0.00831	0.00733	0.00211	0.00860	0.00699	0.04345	0.18006

[dist]
# distance from previous block
# <min> <max>
1	6

[block]
# block no. 2 follows, 25 sequences, length 18
# corresponding to MSA columns:
# 238-255
name=unknown_C
#
# <colnr> <probs for GDERKNQSTAVLIFYWHMCP>
#	G	D	E	R	K	N	Q	S	T	A	V	L	I	F	Y	W	H	M	C	P
0	0.02298	0.01855	0.01822	0.01575	0.02036	0.08723	0.01238	0.13674	0.39422	0.09296	0.02696	0.02552	0.01992	0.00988	0.00759	0.00244	0.00718	0.00790	0.06141	0.01181
1	0.01599	0.01341	0.01588	0.01186	0.01761	0.01124	0.00951	0.01930	0.01571	0.02503	0.01462	0.01746	0.01222	0.00679	0.00751	0.00142	0.07008	0.00506	0.08226	0.62704
2	0.00945	0.00675	0.00900	0.01080	0.01125	0.00630	0.00720	0.01080	0.01484	0.01979	0.04274	0.72245	0.05128	0.02429	0.00990	0.00315	0.00450	0.02204	0.00720	0.00630
3	0.01588	0.03813	0.62750	0.02443	0.09246	0.01804	0.02820	0.02449	0.01649	0.02463	0.01398	0.01663	0.01005	0.00732	0.00739	0.00244	0.01125	0.00584	0.00333	0.01153
4	0.02649	0.02015	0.02271	0.01999	0.08277	0.02215	0.01493	0.50121	0.09748	0.04358	0.02078	0.05532	0.01609	0.00997	0.00787	0.00240	0.00815	0.00792	0.00738	0.01266
5	0.03237	0.01266	0.01722	0.01338	0.01896	0.01098	0.01098	0.03544	0.02217	0.61817	0.09602	0.02959	0.02467	0.01023	0.00793	0.00240	0.00630	0.00843	0.00949	0.01260
6	0.01005	0.00757	0.01103	0.01207	0.01296	0.00710	0.03995	0.01177	0.01517	0.02022	0.04129	0.65533	0.04896	0.02325	0.00990	0.00314	0.00506	0.05161	0.00703	0.00655
7	0.02071	0.03573	0.02036	0.06281	0.11248	0.07649	0.01458	0.17839	0.09147	0.05755	0.08158	0.07255	0.02601	0.01206	0.00831	0.00257	0.00801	0.10139	0.00654	0.01042
8	0.01083	0.00814	0.01014	0.01074	0.01215	0.00788	0.00762	0.01491	0.08014	0.02447	0.23282	0.40743	0.10321	0.02008	0.00942	0.00285	0.00436	0.01793	0.00766	0.00720
9	0.00956	0.00680	0.00896	0.01065	0.01107	0.00637	0.00704	0.01083	0.01462	0.01950	0.04161	0.68099	0.04986	0.06769	0.01172	0.00342	0.00468	0.02138	0.00704	0.00620
10	0.04120	0.09380	0.56051	0.02242	0.05665	0.01910	0.05317	0.02437	0.01635	0.02442	0.01366	0.01623	0.00996	0.00725	0.00718	0.00239	0.01101	0.00574	0.00338	0.01123
11	0.05308	0.06458	0.02369	0.01836	0.04782	0.07845	0.04599	0.37649	0.02863	0.10437	0.02096	0.04892	0.03409	0.00967	0.00762	0.00232	0.00865	0.00762	0.00687	0.01182
12	0.01023	0.00793	0.00951	0.01045	0.01233	0.00721	0.00817	0.01254	0.01710	0.02137	0.05926	0.22291	0.34635	0.02121	0.00979	0.00302	0.00502	0.20175	0.00718	0.00667
13	0.02086	0.01810	0.01860	0.10859	0.07575	0.13428	0.01365	0.10859	0.11516	0.05026	0.02012	0.02246	0.01549	0.00900	0.00786	0.00226	0.04074	0.00696	0.20137	0.00990
14	0.09342	0.02159	0.12711	0.05965	0.15146	0.01881	0.19335	0.07452	0.10475	0.05318	0.01755	0.02020	0.01315	0.00770	0.00780	0.00248	0.00979	0.00738	0.00490	0.01121
15	0.01779	0.23626	0.38762	0.01931	0.04971	0.04663	0.02159	0.02483	0.04649	0.02314	0.01435	0.01646	0.01110	0.00739	0.00660	0.00218	0.00992	0.00550	0.04236	0.01078
16	0.01450	0.01081	0.01176	0.01132	0.01324	0.03811	0.00840	0.06540	0.07305	0.02458	0.09596	0.06669	0.05395	0.21007	0.07940	0.00478	0.00770	0.08299	0.11985	0.00742
17	0.01955	0.09138	0.07916	0.05224	0.02484	0.01835	0.10611	0.20204	0.05493	0.03092	0.04679	0.05465	0.08375	0.01007	0.00770	0.00230	0.00821	0.00863	0.03135	0.06701

[dist]
# distance from previous block
# <min> <max>
0	4

[block]
# block no. 3 follows, 25 sequences, length 32
# corresponding to MSA columns:
# 260-291
name=unknown_D
#
# <colnr> <probs for GDERKNQSTAVLIFYWHMCP>
#	G	D	E	R	K	N	Q	S	T	A	V	L	I	F	Y	W	H	M	C	P
0	0.07301	0.01947	0.05687	0.02760	0.08631	0.01826	0.37659	0.02322	0.01689	0.02509	0.01439	0.01892	0.01131	0.00716	0.00961	0.00241	0.07433	0.00758	0.00401	0.12694
1	0.01894	0.02282	0.14236	0.09958	0.11812	0.04420	0.26949	0.04857	0.01825	0.05240	0.01535	0.01939	0.01159	0.00735	0.00874	0.00245	0.03676	0.00743	0.00416	0.05205
2	0.01920	0.51246	0.13896	0.01415	0.02104	0.02522	0.01486	0.02274	0.01648	0.04528	0.04268	0.02002	0.06281	0.00820	0.00594	0.00192	0.00822	0.00584	0.00404	0.00996
3	0.04512	0.00937	0.01392	0.01278	0.01450	0.00936	0.08701	0.01433	0.01418	0.02055	0.04430	0.24799	0.03159	0.21654	0.11606	0.00545	0.00870	0.01333	0.06826	0.00666
4	0.01834	0.21570	0.37342	0.02237	0.07744	0.07020	0.07238	0.02464	0.01686	0.02260	0.01315	0.01575	0.01020	0.00712	0.00688	0.00222	0.01078	0.00562	0.00343	0.01087
5	0.01918	0.05068	0.03909	0.19540	0.05669	0.15845	0.04069	0.06723	0.01792	0.02259	0.01590	0.05701	0.01385	0.01191	0.04150	0.00294	0.11431	0.00734	0.05828	0.00905
6	0.01539	0.00896	0.01146	0.01024	0.01303	0.00800	0.00789	0.01864	0.02129	0.15879	0.44947	0.05442	0.16151	0.01523	0.00888	0.00246	0.00428	0.01317	0.00853	0.00835
7	0.04720	0.01635	0.02275	0.05789	0.08750	0.01888	0.07888	0.15484	0.04165	0.02886	0.01685	0.02174	0.01388	0.04252	0.01358	0.00282	0.19569	0.00733	0.12096	0.00983
8	0.02075	0.01553	0.02151	0.02145	0.12701	0.01662	0.05893	0.05233	0.21525	0.14134	0.05435	0.03076	0.04255	0.03800	0.01109	0.00282	0.07766	0.03433	0.00665	0.01106
9	0.02709	0.01838	0.02044	0.01626	0.02157	0.01977	0.01317	0.47874	0.03139	0.12365	0.02378	0.12677	0.01974	0.01163	0.00809	0.00246	0.00768	0.00938	0.00790	0.01214
10	0.00953	0.00747	0.00863	0.00918	0.01091	0.00657	0.00657	0.01152	0.01728	0.02200	0.15199	0.30440	0.36488	0.02076	0.00942	0.00278	0.00409	0.01806	0.00739	0.00657
11	0.01683	0.01525	0.02426	0.28821	0.29195	0.01671	0.01965	0.05528	0.03577	0.02423	0.02012	0.02471	0.05933	0.01056	0.03640	0.00285	0.00943	0.00769	0.03062	0.01015
12	0.01592	0.11600	0.58417	0.02055	0.03103	0.01894	0.02596	0.02395	0.01656	0.02415	0.04371	0.01783	0.01272	0.00767	0.00718	0.00237	0.01075	0.00593	0.00352	0.01110
13	0.01270	0.00925	0.01242	0.01388	0.01568	0.00941	0.01176	0.01725	0.06304	0.02326	0.03979	0.12739	0.04291	0.05136	0.01169	0.00364	0.00690	0.51323	0.00709	0.00734
14	0.01131	0.00791	0.00925	0.00961	0.01167	0.00694	0.00705	0.01327	0.01721	0.06896	0.08419	0.29013	0.36910	0.02041	0.00937	0.00281	0.00443	0.04194	0.00742	0.00700
15	0.01073	0.00787	0.01005	0.00960	0.01146	0.00719	0.00717	0.01411	0.02121	0.02959	0.58776	0.08739	0.13375	0.01659	0.00918	0.00249	0.00372	0.01460	0.00834	0.00719
16	0.17457	0.01161	0.01397	0.03525	0.09106	0.01182	0.01081	0.03931	0.01841	0.05793	0.16732	0.04835	0.16479	0.01395	0.00818	0.00263	0.00588	0.10913	0.00660	0.00842
17	0.01157	0.00908	0.01067	0.01065	0.01283	0.00884	0.00803	0.01710	0.11599	0.02597	0.25828	0.17697	0.22466	0.01797	0.00921	0.00272	0.00450	0.05955	0.00774	0.00766
18	0.01296	0.00777	0.00856	0.00866	0.00972	0.00778	0.00577	0.03693	0.01486	0.02286	0.02762	0.15166	0.02799	0.28362	0.01914	0.00421	0.00541	0.01120	0.32697	0.00633
19	0.00932	0.00774	0.00815	0.00830	0.01063	0.00657	0.00613	0.01134	0.01768	0.02155	0.11767	0.14142	0.56708	0.01985	0.00924	0.00266	0.00397	0.01679	0.00730	0.00657
20	0.01826	0.01746	0.02959	0.12855	0.57687	0.01784	0.02286	0.02284	0.01739	0.02448	0.01681	0.02139	0.03615	0.00748	0.00774	0.00235	0.00916	0.00725	0.00391	0.01162
21	0.08004	0.08116	0.02443	0.02007	0.04302	0.43729	0.06041	0.09787	0.02185	0.02394	0.01315	0.01542	0.01070	0.00930	0.02697	0.00240	0.01240	0.00555	0.00442	0.00962
22	0.33247	0.04407	0.09965	0.02327	0.20046	0.05685	0.03242	0.04877	0.01657	0.02959	0.01331	0.01606	0.01053	0.00731	0.00628	0.00231	0.00824	0.00553	0.03620	0.01010
23	0.01641	0.02740	0.34903	0.04932	0.12715	0.01650	0.11748	0.02288	0.01675	0.04099	0.01785	0.05279	0.01512	0.00978	0.00900	0.03467	0.01041	0.05189	0.00407	0.01052
24	0.01126	0.00757	0.00875	0.00875	0.00885	0.00767	0.00506	0.01146	0.01136	0.01525	0.02417	0.04928	0.02755	0.67916	0.08694	0.00787	0.00847	0.01106	0.00466	0.00486
25	0.01951	0.29772	0.27502	0.02223	0.12069	0.02248	0.04458	0.02488	0.01681	0.06887	0.01406	0.01616	0.01096	0.00715	0.00660	0.00213	0.00965	0.00557	0.00384	0.01109
26	0.01856	0.01777	0.03032	0.13991	0.59179	0.01826	0.02348	0.02324	0.01735	0.02456	0.01447	0.01940	0.01201	0.00703	0.00769	0.00234	0.00937	0.00691	0.00378	0.01177
27	0.03479	0.01320	0.01799	0.01380	0.01979	0.01140	0.01140	0.03779	0.02219	0.68451	0.03059	0.02639	0.01919	0.00960	0.00780	0.00240	0.00660	0.00780	0.00960	0.01320
28	0.07512	0.02330	0.18073	0.05989	0.34132	0.01872	0.06019	0.07007	0.04787	0.02763	0.01525	0.01862	0.01191	0.00738	0.00750	0.00239	0.00958	0.00666	0.00424	0.01162
29	0.01833	0.13155	0.40328	0.02267	0.09248	0.01962	0.04932	0.06974	0.01812	0.05290	0.01575	0.04401	0.01239	0.00807	0.00728	0.00235	0.01018	0.00657	0.00410	0.01128
30	0.01646	0.00950	0.01275	0.03588	0.01602	0.00888	0.01009	0.01966	0.01962	0.16908	0.21418	0.10112	0.11790	0.01683	0.00932	0.00284	0.00566	0.19783	0.00794	0.00844
31	0.00949	0.00686	0.00890	0.01050	0.01109	0.00636	0.00701	0.01084	0.01492	0.01970	0.04464	0.65138	0.09535	0.04961	0.01092	0.00327	0.00457	0.02124	0.00711	0.00626

[dist]
# distance from previous block
# <min> <max>
5	10

[block]
# block no. 4 follows, 25 sequences, length 19
# corresponding to MSA columns:
# 302-320
name=unknown_E
#
# <colnr> <probs for GDERKNQSTAVLIFYWHMCP>
#	G	D	E	R	K	N	Q	S	T	A	V	L	I	F	Y	W	H	M	C	P
0	0.02275	0.09903	0.01964	0.01411	0.01864	0.08378	0.01147	0.14609	0.09911	0.15318	0.19188	0.03214	0.05309	0.01110	0.00779	0.00230	0.00699	0.00895	0.00741	0.01055
1	0.52791	0.04671	0.01583	0.06620	0.01998	0.05775	0.01088	0.10013	0.01715	0.05827	0.01279	0.01455	0.00969	0.00761	0.00563	0.00235	0.00722	0.00492	0.00513	0.00927
2	0.01824	0.01898	0.06387	0.11329	0.50059	0.04303	0.02220	0.02297	0.01785	0.02490	0.06564	0.02201	0.01658	0.00776	0.00776	0.00234	0.00920	0.00732	0.00414	0.01133
3	0.07073	0.01653	0.02715	0.27992	0.41057	0.01793	0.02192	0.02231	0.01658	0.02403	0.01404	0.01926	0.01132	0.00723	0.00750	0.00241	0.00939	0.00671	0.00377	0.01071
4	0.07802	0.01712	0.04672	0.05907	0.16906	0.06714	0.01523	0.02939	0.04992	0.28408	0.02583	0.02737	0.05446	0.00959	0.00767	0.00243	0.00795	0.03094	0.00665	0.01136
5	0.01178	0.00860	0.00985	0.00985	0.01214	0.00790	0.00725	0.01548	0.07020	0.06127	0.14184	0.23338	0.34376	0.01902	0.00917	0.00272	0.00437	0.01641	0.00757	0.00743
6	0.01081	0.00737	0.00883	0.00927	0.00947	0.00735	0.00561	0.01131	0.01223	0.01639	0.02873	0.21531	0.03336	0.51396	0.07144	0.00673	0.00756	0.01376	0.00528	0.00523
7	0.01230	0.01172	0.07009	0.01535	0.05400	0.00978	0.01215	0.01668	0.05731	0.02317	0.07514	0.31816	0.04275	0.01948	0.00966	0.00311	0.00633	0.22823	0.00677	0.00781
8	0.27138	0.18252	0.02404	0.08692	0.07991	0.04970	0.01381	0.15784	0.01974	0.03101	0.01314	0.01529	0.01038	0.00758	0.00611	0.00221	0.00811	0.00532	0.00484	0.01016
9	0.00943	0.00680	0.00894	0.01065	0.01121	0.00631	0.00713	0.01081	0.01498	0.01985	0.04447	0.69102	0.08159	0.02407	0.00986	0.00312	0.00447	0.02177	0.00720	0.00631
10	0.01271	0.00859	0.00964	0.00917	0.01207	0.00737	0.00711	0.01508	0.01868	0.10405	0.13222	0.06770	0.49470	0.01811	0.00909	0.00263	0.00442	0.05154	0.00763	0.00748
11	0.02123	0.01943	0.02670	0.13602	0.15515	0.08167	0.11735	0.18107	0.02212	0.02972	0.01626	0.01993	0.01256	0.00821	0.00849	0.00238	0.04301	0.00713	0.08093	0.01065
12	0.01756	0.01863	0.03575	0.18258	0.10043	0.04149	0.37943	0.02322	0.01764	0.02366	0.01638	0.02330	0.01301	0.00756	0.00853	0.00256	0.01152	0.03156	0.03527	0.00991
13	0.01755	0.01675	0.02851	0.28597	0.45358	0.01799	0.02298	0.02236	0.01688	0.02334	0.01429	0.01972	0.01158	0.00721	0.00770	0.00240	0.00962	0.00690	0.00370	0.01096
14	0.02276	0.01899	0.01926	0.08031	0.05385	0.11368	0.01348	0.27190	0.07028	0.03429	0.04200	0.02259	0.01670	0.01088	0.03196	0.00259	0.00869	0.00715	0.14810	0.01053
15	0.02452	0.02200	0.02587	0.06893	0.26185	0.11365	0.01836	0.28518	0.04597	0.03408	0.01637	0.01863	0.01258	0.00821	0.00763	0.00230	0.00955	0.00673	0.00558	0.01199
16	0.02061	0.01822	0.06585	0.07963	0.07381	0.01841	0.01516	0.17338	0.27310	0.05910	0.06524	0.02856	0.03779	0.01031	0.00797	0.00252	0.00749	0.02437	0.00691	0.01156
17	0.01793	0.01733	0.02371	0.02016	0.02064	0.02377	0.01679	0.06793	0.01378	0.02101	0.01083	0.01709	0.01041	0.01324	0.02407	0.00331	0.65859	0.00680	0.00373	0.00885
18	0.02084	0.07887	0.23596	0.02238	0.10442	0.01993	0.04363	0.16278	0.04418	0.06493	0.01612	0.01808	0.01208	0.00820	0.00856	0.00233	0.05840	0.00637	0.00496	0.06698

[dist]
# distance from previous block
# <min> <max>
0	3

[block]
# block no. 5 follows, 25 sequences, length 20
# corresponding to MSA columns:
# 324-343
name=unknown_F
#
# <colnr> <probs for GDERKNQSTAVLIFYWHMCP>
#	G	D	E	R	K	N	Q	S	T	A	V	L	I	F	Y	W	H	M	C	P
0	0.01777	0.02158	0.12367	0.02578	0.07400	0.05115	0.29017	0.07095	0.01888	0.02560	0.04507	0.11835	0.01939	0.01020	0.00961	0.00263	0.05042	0.01000	0.00473	0.01004
1	0.01218	0.00931	0.01084	0.01065	0.01297	0.00893	0.00822	0.06429	0.04170	0.02585	0.19927	0.12525	0.27352	0.05348	0.01082	0.00299	0.00503	0.10983	0.00744	0.00742
2	0.02330	0.16606	0.09115	0.01763	0.03907	0.16441	0.01518	0.17104	0.14497	0.02937	0.01788	0.01867	0.01383	0.00846	0.00691	0.00217	0.00924	0.00622	0.04343	0.01100
3	0.01119	0.00782	0.00996	0.00992	0.01052	0.00825	0.00659	0.01238	0.01239	0.01712	0.06623	0.04424	0.02814	0.45028	0.26345	0.00888	0.01182	0.01044	0.00476	0.00564
4	0.02175	0.02148	0.05839	0.04422	0.09623	0.07691	0.26610	0.12114	0.02083	0.07442	0.01612	0.01943	0.01216	0.00790	0.00946	0.00244	0.06486	0.00751	0.00487	0.05378
5	0.01769	0.05197	0.13504	0.06430	0.03138	0.01862	0.27355	0.08032	0.01836	0.02569	0.01763	0.07622	0.01499	0.00928	0.00987	0.00258	0.07869	0.00874	0.05507	0.00999
6	0.01097	0.00739	0.00855	0.00885	0.00892	0.00731	0.00511	0.01120	0.01187	0.01582	0.02747	0.16234	0.03203	0.61067	0.03455	0.00679	0.00702	0.01306	0.00511	0.00496
7	0.01669	0.01515	0.02513	0.23840	0.36719	0.01618	0.02057	0.02127	0.01695	0.02363	0.01837	0.02894	0.01629	0.00914	0.00795	0.00252	0.00895	0.08618	0.05027	0.01022
8	0.01806	0.09452	0.15018	0.03084	0.13918	0.01996	0.36379	0.02422	0.01760	0.02416	0.01543	0.02088	0.01225	0.00716	0.00824	0.00247	0.01154	0.02492	0.00383	0.01078
9	0.01706	0.20256	0.46959	0.02106	0.03101	0.02118	0.08721	0.02427	0.01642	0.02308	0.01335	0.01589	0.01005	0.00711	0.00698	0.00228	0.01087	0.00570	0.00335	0.01100
10	0.01185	0.00872	0.01160	0.01304	0.01499	0.00847	0.01122	0.01511	0.01782	0.02277	0.04827	0.08499	0.16616	0.02108	0.01041	0.00339	0.00652	0.50941	0.00715	0.00703
11	0.01071	0.00716	0.00932	0.01050	0.01116	0.00672	0.00699	0.01207	0.01502	0.04353	0.07860	0.55846	0.04811	0.12602	0.01410	0.00372	0.00496	0.01947	0.00700	0.00637
12	0.02347	0.26542	0.02856	0.01678	0.04819	0.01982	0.07361	0.02666	0.01813	0.22547	0.05921	0.02194	0.01753	0.00886	0.00843	0.00221	0.06958	0.00687	0.04859	0.01065
13	0.01126	0.00756	0.00868	0.00868	0.00876	0.00764	0.00498	0.01142	0.01134	0.01520	0.02422	0.04959	0.02769	0.68955	0.07674	0.00780	0.00827	0.01111	0.00467	0.00482
14	0.01575	0.00892	0.00955	0.00880	0.01135	0.00874	0.00677	0.06945	0.01897	0.06888	0.08889	0.03772	0.12911	0.01137	0.00667	0.00207	0.00425	0.00929	0.47547	0.00797
15	0.01728	0.05603	0.24935	0.09385	0.03597	0.01816	0.29091	0.02384	0.01723	0.05110	0.01700	0.06257	0.01366	0.00816	0.00824	0.00254	0.01127	0.00833	0.00407	0.01044
16	0.04074	0.06349	0.09276	0.20878	0.24083	0.04901	0.02047	0.12341	0.03885	0.02730	0.01500	0.01868	0.01166	0.00770	0.00741	0.00236	0.00960	0.00653	0.00442	0.01099
17	0.00971	0.00697	0.00896	0.01031	0.01094	0.00650	0.00687	0.01112	0.01513	0.02014	0.08496	0.57138	0.08893	0.09375	0.01276	0.00351	0.00471	0.02009	0.00704	0.00622
18	0.01286	0.00777	0.00900	0.00904	0.01014	0.00816	0.00639	0.01517	0.01425	0.02283	0.02567	0.10326	0.02463	0.19518	0.09857	0.00471	0.03496	0.00982	0.38108	0.00652
19	0.01828	0.01548	0.01924	0.04452	0.02155	0.01481	0.03091	0.13047	0.01904	0.02804	0.01462	0.01768	0.01198	0.00997	0.04284	0.00228	0.08795	0.00568	0.00492	0.45973

[dist]
# distance from previous block
# <min> <max>
0	1

[block]
# block no. 6 follows, 25 sequences, length 16
# corresponding to MSA columns:
# 345-360
name=unknown_G
#
# <colnr> <probs for GDERKNQSTAVLIFYWHMCP>
#	G	D	E	R	K	N	Q	S	T	A	V	L	I	F	Y	W	H	M	C	P
0	0.07180	0.07910	0.02099	0.04590	0.02225	0.07246	0.01263	0.21097	0.13064	0.03269	0.01758	0.01848	0.01352	0.00803	0.00675	0.00200	0.00771	0.00606	0.00588	0.21455
1	0.01430	0.02239	0.26208	0.01645	0.02209	0.04815	0.03661	0.02008	0.03948	0.02535	0.20103	0.14105	0.03450	0.01273	0.00905	0.00254	0.03870	0.01080	0.00562	0.03701
2	0.01719	0.01444	0.01667	0.01201	0.01884	0.01147	0.00965	0.07204	0.01777	0.02722	0.01418	0.01629	0.01163	0.00604	0.00591	0.00125	0.00597	0.00479	0.00486	0.71179
3	0.01128	0.00752	0.00846	0.00846	0.00846	0.00752	0.00470	0.01128	0.01128	0.01503	0.02443	0.05074	0.02819	0.72751	0.03946	0.00752	0.00752	0.01128	0.00470	0.00470
4	0.01064	0.00774	0.00987	0.01116	0.01217	0.00739	0.00786	0.04290	0.01637	0.02158	0.04439	0.58641	0.10067	0.02295	0.00979	0.00310	0.00485	0.06622	0.00722	0.00672
5	0.01377	0.03990	0.01523	0.01312	0.01448	0.01313	0.02512	0.04287	0.01521	0.02163	0.05875	0.18291	0.07332	0.12883	0.05271	0.00404	0.17730	0.01189	0.08848	0.00732
6	0.01842	0.01858	0.03126	0.16253	0.38735	0.05289	0.13611	0.02330	0.01761	0.02382	0.01564	0.02242	0.01310	0.00767	0.00805	0.00245	0.01027	0.03372	0.00393	0.01089
7	0.02518	0.01186	0.01547	0.01325	0.01771	0.01094	0.01090	0.03000	0.08051	0.39423	0.08221	0.04466	0.08731	0.01325	0.00857	0.00266	0.00621	0.12543	0.00869	0.01096
8	0.02960	0.01265	0.01674	0.01339	0.01845	0.01138	0.01082	0.07609	0.02245	0.51082	0.09375	0.09739	0.02719	0.01163	0.00813	0.00247	0.00624	0.00975	0.00913	0.01194
9	0.05134	0.06460	0.08424	0.16211	0.29167	0.01768	0.05102	0.02322	0.03949	0.05331	0.01765	0.07752	0.01529	0.00877	0.00763	0.00243	0.00900	0.00797	0.00440	0.01064
10	0.01804	0.01711	0.02490	0.15612	0.18470	0.07247	0.09953	0.09007	0.01969	0.02596	0.07908	0.07522	0.02166	0.01258	0.04368	0.00301	0.00992	0.03140	0.00502	0.00983
11	0.01698	0.01019	0.01253	0.01194	0.01444	0.00987	0.00886	0.10984	0.01981	0.13885	0.06512	0.39831	0.08157	0.01824	0.00894	0.00278	0.00533	0.01603	0.04178	0.00859
12	0.08724	0.01214	0.06006	0.04641	0.04951	0.01026	0.03688	0.01554	0.01747	0.02439	0.14196	0.10778	0.30351	0.01570	0.00859	0.00263	0.00576	0.04003	0.00640	0.00774
13	0.01914	0.16044	0.14616	0.04428	0.02643	0.04642	0.13775	0.04187	0.04476	0.07714	0.06643	0.04503	0.01803	0.00991	0.00953	0.03861	0.04557	0.00769	0.00481	0.00998
14	0.10790	0.02091	0.16695	0.02305	0.16668	0.01626	0.03486	0.09545	0.03961	0.02901	0.05102	0.07237	0.01901	0.00969	0.00751	0.00238	0.00820	0.03822	0.00512	0.08579
15	0.05617	0.01562	0.02565	0.43099	0.11248	0.01782	0.09535	0.07743	0.01780	0.02438	0.01555	0.04829	0.01253	0.00830	0.00785	0.00255	0.00992	0.00765	0.00415	0.00953

[dist]
# distance from previous block
# <min> <max>
22	64

[block]
# block no. 7 follows, 25 sequences, length 21
# corresponding to MSA columns:
# 428-448
name=unknown_H
#
# <colnr> <probs for GDERKNQSTAVLIFYWHMCP>
#	G	D	E	R	K	N	Q	S	T	A	V	L	I	F	Y	W	H	M	C	P
0	0.05563	0.06037	0.01873	0.01385	0.01866	0.05608	0.05937	0.10451	0.01996	0.07116	0.07291	0.07719	0.09512	0.03150	0.00828	0.00226	0.00694	0.00898	0.03847	0.18004
1	0.03889	0.01437	0.05928	0.10758	0.02152	0.01354	0.01188	0.11881	0.07275	0.02981	0.02175	0.07139	0.01794	0.00949	0.00677	0.00213	0.00643	0.00777	0.25907	0.10881
2	0.11245	0.08236	0.06871	0.04290	0.17599	0.08126	0.03814	0.02202	0.01766	0.02626	0.11828	0.02399	0.02136	0.00860	0.00694	0.00216	0.00790	0.00714	0.07774	0.05814
3	0.04521	0.01355	0.01860	0.07650	0.02153	0.01495	0.05741	0.05143	0.08811	0.04390	0.06317	0.08649	0.02127	0.01479	0.04848	0.05200	0.13127	0.00879	0.03782	0.10473
4	0.02193	0.01559	0.01950	0.01741	0.06558	0.01608	0.03940	0.22492	0.11079	0.11687	0.13847	0.09012	0.02902	0.01152	0.00817	0.00242	0.00686	0.00986	0.00750	0.04798
5	0.01433	0.01144	0.01737	0.04779	0.01885	0.01136	0.10661	0.01778	0.03425	0.06698	0.17799	0.07001	0.14071	0.14090	0.01543	0.00346	0.05579	0.01180	0.00621	0.03094
6	0.00962	0.00742	0.00862	0.00923	0.01077	0.00660	0.00648	0.01142	0.01669	0.02132	0.13103	0.31712	0.32747	0.06585	0.01136	0.00311	0.00434	0.01792	0.00720	0.00642
7	0.02301	0.01903	0.02745	0.02307	0.08307	0.01992	0.17526	0.23777	0.17298	0.07547	0.02344	0.02415	0.03988	0.00908	0.00819	0.00248	0.00890	0.00833	0.00657	0.01197
8	0.01495	0.01405	0.02364	0.31346	0.19626	0.01555	0.06236	0.01911	0.01607	0.02153	0.02220	0.14385	0.05137	0.01116	0.00903	0.00265	0.03909	0.01013	0.00441	0.00914
9	0.07579	0.01930	0.04766	0.08046	0.02556	0.04704	0.05630	0.26091	0.12860	0.06855	0.02385	0.02429	0.06227	0.00954	0.00765	0.00240	0.00825	0.00772	0.00654	0.03731
10	0.06741	0.01550	0.02141	0.37437	0.03750	0.06329	0.05901	0.07796	0.01835	0.02459	0.05953	0.08503	0.01941	0.01027	0.00799	0.00259	0.00927	0.03290	0.00479	0.00883
11	0.00945	0.00675	0.00900	0.01080	0.01125	0.00630	0.00720	0.01080	0.01484	0.01979	0.04274	0.72245	0.05128	0.02429	0.00990	0.00315	0.00450	0.02204	0.00720	0.00630
12	0.01681	0.05509	0.30612	0.11825	0.21770	0.01833	0.08280	0.02338	0.01683	0.02389	0.01515	0.02066	0.01208	0.00771	0.00770	0.00245	0.01054	0.02984	0.00366	0.01101
13	0.02688	0.01430	0.03734	0.01571	0.02123	0.01261	0.08472	0.05819	0.04843	0.40976	0.11019	0.03293	0.05153	0.01074	0.00825	0.00248	0.00708	0.02766	0.00833	0.01162
14	0.07129	0.01113	0.01426	0.01177	0.01603	0.01003	0.00943	0.02705	0.02124	0.37370	0.25396	0.03971	0.08267	0.01229	0.00817	0.00243	0.00537	0.01031	0.00877	0.01042
15	0.01114	0.00802	0.01098	0.01095	0.01189	0.00881	0.00786	0.01303	0.01265	0.01782	0.06267	0.03899	0.02569	0.28073	0.43288	0.01017	0.01525	0.00966	0.00461	0.00620
16	0.05492	0.06506	0.04487	0.05779	0.18943	0.08556	0.04020	0.02346	0.08807	0.02423	0.02092	0.07835	0.04076	0.01024	0.00829	0.03541	0.00816	0.00807	0.05332	0.06289
17	0.02635	0.04451	0.07670	0.01753	0.06681	0.01428	0.04124	0.10057	0.02207	0.35209	0.08520	0.07246	0.02363	0.01049	0.00796	0.00242	0.00735	0.00890	0.00771	0.01174
18	0.00977	0.00698	0.00937	0.01116	0.01176	0.00658	0.00776	0.01135	0.01516	0.02015	0.04256	0.65522	0.05058	0.02399	0.00998	0.00319	0.00478	0.08608	0.00719	0.00639
19	0.03187	0.01463	0.01881	0.01460	0.02017	0.01400	0.01203	0.14646	0.02430	0.50859	0.05989	0.02617	0.02043	0.01003	0.00862	0.00243	0.03742	0.00792	0.00894	0.01269
20	0.04171	0.07160	0.31836	0.05121	0.08329	0.04261	0.04009	0.02741	0.08527	0.11146	0.01868	0.04315	0.01418	0.00849	0.00742	0.00242	0.00957	0.00696	0.00487	0.01124

[dist]
# distance from previous block
# <min> <max>
0	4

[block]
# block no. 8 follows, 25 sequences, length 15
# corresponding to MSA columns:
# 453-467
name=unknown_I
#
# <colnr> <probs for GDERKNQSTAVLIFYWHMCP>
#	G	D	E	R	K	N	Q	S	T	A	V	L	I	F	Y	W	H	M	C	P
0	0.06179	0.15669	0.23117	0.02082	0.07395	0.02076	0.07865	0.13250	0.03825	0.02830	0.01589	0.04631	0.01291	0.00817	0.00709	0.00226	0.00937	0.00670	0.00460	0.04383
1	0.01728	0.01478	0.04382	0.11256	0.12271	0.02727	0.01434	0.02327	0.11231	0.07647	0.12662	0.04420	0.16336	0.01346	0.00891	0.00279	0.00724	0.05178	0.00678	0.01007
2	0.02073	0.01890	0.07625	0.01581	0.02165	0.01803	0.01351	0.14191	0.35430	0.05845	0.02444	0.02356	0.01821	0.00911	0.00742	0.00228	0.00696	0.00738	0.00692	0.15417
3	0.01151	0.00750	0.00837	0.00837	0.00850	0.00750	0.00475	0.01177	0.01164	0.01604	0.02449	0.04915	0.02758	0.67532	0.03699	0.00710	0.00723	0.01098	0.06033	0.00488
4	0.02383	0.05385	0.07688	0.01520	0.02053	0.01702	0.01316	0.20494	0.13230	0.18269	0.07097	0.06772	0.02319	0.05041	0.00959	0.00272	0.00729	0.00884	0.00744	0.01143
5	0.01671	0.06732	0.10750	0.06662	0.03464	0.01804	0.40707	0.02228	0.01730	0.02320	0.02088	0.05816	0.06159	0.00914	0.00928	0.02585	0.01115	0.00940	0.00417	0.00972
6	0.00963	0.00689	0.00916	0.01067	0.01129	0.00642	0.00721	0.01126	0.01571	0.02117	0.11976	0.64150	0.05395	0.02326	0.00980	0.00306	0.00440	0.02107	0.00736	0.00642
7	0.01635	0.03300	0.47277	0.02512	0.08049	0.01806	0.13582	0.02509	0.04983	0.02526	0.03516	0.01926	0.01296	0.00760	0.00778	0.00248	0.01107	0.00682	0.00382	0.01126
8	0.01721	0.08449	0.42547	0.05755	0.07015	0.01805	0.07638	0.02433	0.01695	0.06135	0.01678	0.02259	0.01323	0.00839	0.00764	0.00248	0.01057	0.05142	0.00401	0.01095
9	0.01859	0.03435	0.52510	0.02048	0.03048	0.01779	0.02472	0.06216	0.07423	0.09311	0.01738	0.01859	0.01215	0.00797	0.00748	0.00246	0.01035	0.00627	0.00456	0.01180
10	0.01375	0.07169	0.03045	0.01095	0.01354	0.00985	0.00886	0.01664	0.01950	0.07445	0.39744	0.09769	0.08114	0.01628	0.01032	0.05857	0.00497	0.04882	0.00742	0.00767
11	0.01651	0.10085	0.40267	0.02074	0.05692	0.01873	0.03955	0.02438	0.06325	0.02399	0.01504	0.01776	0.01158	0.00989	0.03793	0.00276	0.05053	0.00601	0.00382	0.07710
12	0.01848	0.02221	0.15755	0.12223	0.11650	0.03758	0.11936	0.10596	0.08167	0.02824	0.07856	0.02341	0.01824	0.00875	0.00844	0.00249	0.02673	0.00782	0.00501	0.01077
13	0.01547	0.06586	0.56268	0.02016	0.03038	0.01722	0.02508	0.02328	0.01623	0.02407	0.01541	0.05634	0.01233	0.00816	0.00727	0.00235	0.01043	0.00649	0.00361	0.07718
14	0.02089	0.08262	0.14340	0.01542	0.02085	0.01476	0.03336	0.04257	0.04743	0.21852	0.10165	0.11676	0.04392	0.01196	0.00897	0.00252	0.04740	0.00987	0.00671	0.01044

[dist]
# distance from previous block
# <min> <max>
40	128

[block]
# block no. 9 follows, 25 sequences, length 18
# corresponding to MSA columns:
# 808-825
name=unknown_J
#
# <colnr> <probs for GDERKNQSTAVLIFYWHMCP>
#	G	D	E	R	K	N	Q	S	T	A	V	L	I	F	Y	W	H	M	C	P
0	0.02761	0.04776	0.02144	0.01908	0.11831	0.01521	0.01348	0.11802	0.04720	0.34106	0.02310	0.02212	0.01590	0.00846	0.00733	0.00216	0.00718	0.00693	0.00736	0.13028
1	0.01866	0.01759	0.03018	0.31017	0.17877	0.01904	0.16587	0.11609	0.01972	0.02646	0.01511	0.02011	0.01150	0.00752	0.00806	0.00249	0.01046	0.00743	0.00428	0.01050
2	0.01271	0.01140	0.01265	0.01326	0.01405	0.07764	0.00964	0.01426	0.01519	0.01961	0.03432	0.49822	0.04018	0.03720	0.01265	0.00319	0.11113	0.04953	0.00625	0.00690
3	0.01208	0.00980	0.01345	0.08075	0.01697	0.01067	0.01009	0.01542	0.01931	0.02716	0.45507	0.07427	0.08831	0.01523	0.01146	0.00263	0.10998	0.01266	0.00714	0.00754
4	0.01605	0.01197	0.01657	0.01462	0.01798	0.01193	0.07400	0.11261	0.04007	0.05477	0.20522	0.05510	0.09297	0.01520	0.00915	0.00276	0.00654	0.19198	0.04178	0.00875
5	0.08235	0.10615	0.49995	0.02001	0.02968	0.08663	0.02405	0.02491	0.01660	0.02424	0.01315	0.01542	0.00973	0.00734	0.00687	0.00233	0.01093	0.00537	0.00348	0.01080
6	0.01824	0.01856	0.08837	0.05845	0.02590	0.01483	0.10136	0.11509	0.01941	0.02832	0.01478	0.01743	0.01154	0.00666	0.00680	0.00174	0.00801	0.00583	0.00477	0.43389
7	0.01958	0.55810	0.13519	0.01529	0.02198	0.02811	0.01592	0.02296	0.01546	0.01922	0.01119	0.01347	0.00995	0.00743	0.00737	0.00195	0.07883	0.00464	0.00332	0.01003
8	0.02724	0.01956	0.02088	0.01626	0.02181	0.02154	0.01335	0.55875	0.03345	0.04590	0.01961	0.02015	0.01418	0.00927	0.00741	0.00225	0.00780	0.00702	0.12127	0.01230
9	0.01812	0.01785	0.03190	0.02370	0.02970	0.03490	0.36439	0.08561	0.04552	0.02846	0.11561	0.03996	0.02269	0.00884	0.00851	0.00243	0.00985	0.00942	0.05145	0.05109
10	0.04690	0.01515	0.07737	0.01497	0.01979	0.01261	0.05572	0.04881	0.08874	0.08893	0.05110	0.13398	0.02685	0.03277	0.00902	0.00262	0.00701	0.10154	0.00631	0.15980
