[name]
unknown

[dist]
# distance from previous block
# <min> <max>
3	72

[block]
# block no. 0 follows, 26 sequences, length 12
# corresponding to MSA columns:
# 78-89
name=unknown_A
#
# <colnr> <probs for GDERKNQSTAVLIFYWHMCP>
#	G	D	E	R	K	N	Q	S	T	A	V	L	I	F	Y	W	H	M	C	P
0	0.23620	0.01544	0.04200	0.21653	0.07677	0.01675	0.03823	0.02496	0.14652	0.04460	0.01670	0.01967	0.01277	0.00899	0.00810	0.04739	0.00783	0.00642	0.00482	0.00933
1	0.07496	0.05006	0.02255	0.01718	0.02267	0.11154	0.01409	0.49077	0.03073	0.04089	0.01629	0.01697	0.01197	0.00887	0.00786	0.00225	0.03567	0.00629	0.00660	0.01178
2	0.03904	0.00705	0.00980	0.00967	0.01018	0.00705	0.00665	0.01137	0.01194	0.01714	0.10649	0.02765	0.02146	0.02318	0.02452	0.60038	0.00597	0.00752	0.04871	0.00421
3	0.07990	0.01170	0.03390	0.05519	0.01737	0.01095	0.00996	0.04963	0.04362	0.20814	0.14728	0.12755	0.05116	0.08046	0.01077	0.00293	0.00595	0.01076	0.03373	0.00905
4	0.01165	0.00854	0.01008	0.00988	0.01141	0.00793	0.00660	0.03979	0.01444	0.01961	0.03232	0.29473	0.07664	0.29304	0.02010	0.00438	0.00584	0.01415	0.00577	0.11311
5	0.01487	0.00958	0.01095	0.01009	0.01225	0.00946	0.00723	0.05486	0.07736	0.09022	0.12547	0.08344	0.13568	0.24018	0.01768	0.00397	0.00563	0.01162	0.07194	0.00752
6	0.01209	0.00915	0.01113	0.01110	0.01320	0.00854	0.00798	0.07578	0.01697	0.02296	0.03835	0.47446	0.10226	0.02036	0.02979	0.00295	0.00538	0.01680	0.00665	0.11411
7	0.02141	0.01919	0.11139	0.01609	0.02169	0.01768	0.01422	0.07230	0.43865	0.14008	0.02761	0.02562	0.01998	0.00965	0.00762	0.00250	0.00693	0.00791	0.00736	0.01209
8	0.01078	0.00770	0.00988	0.00937	0.01091	0.00718	0.00680	0.01386	0.02002	0.02824	0.59087	0.05569	0.06547	0.11503	0.01306	0.00307	0.00410	0.01334	0.00783	0.00680
9	0.01391	0.00769	0.00798	0.00774	0.00965	0.00763	0.00579	0.03971	0.01699	0.02810	0.08427	0.03418	0.06819	0.03914	0.00727	0.00212	0.00388	0.00838	0.60022	0.00714
10	0.02360	0.01126	0.01475	0.01250	0.01650	0.01038	0.00998	0.05696	0.04679	0.36363	0.18956	0.11336	0.03632	0.01312	0.00833	0.00251	0.00563	0.04582	0.00859	0.01041
11	0.07371	0.01113	0.01409	0.01176	0.01579	0.01039	0.00937	0.02693	0.06135	0.33648	0.29534	0.03768	0.03993	0.01179	0.00798	0.00238	0.00521	0.00994	0.00855	0.01019

[dist]
# distance from previous block
# <min> <max>
5	9

[block]
# block no. 1 follows, 26 sequences, length 26
# corresponding to MSA columns:
# 99-124
name=unknown_B
#
# <colnr> <probs for GDERKNQSTAVLIFYWHMCP>
#	G	D	E	R	K	N	Q	S	T	A	V	L	I	F	Y	W	H	M	C	P
0	0.01633	0.01510	0.02365	0.03381	0.44581	0.01509	0.01794	0.02172	0.07671	0.02430	0.02888	0.07174	0.12840	0.01073	0.00802	0.00243	0.00753	0.03629	0.00499	0.01053
1	0.04971	0.01088	0.01387	0.01461	0.08158	0.01079	0.00965	0.02169	0.10495	0.13834	0.16193	0.13313	0.06586	0.13334	0.01327	0.00332	0.00579	0.01161	0.00696	0.00873
2	0.01863	0.02139	0.11889	0.01668	0.02117	0.11346	0.01462	0.05977	0.29405	0.02604	0.02183	0.02408	0.01742	0.04393	0.09765	0.00390	0.06320	0.00743	0.00559	0.01025
3	0.01947	0.01168	0.01350	0.01173	0.01573	0.01137	0.00923	0.02724	0.20130	0.22845	0.08971	0.04512	0.25680	0.01349	0.00821	0.00249	0.00522	0.01124	0.00803	0.00999
4	0.01746	0.01518	0.02025	0.01490	0.02122	0.01325	0.09937	0.09335	0.05525	0.02718	0.01577	0.01904	0.01294	0.04219	0.00804	0.00184	0.00703	0.00593	0.00494	0.50486
5	0.01322	0.00865	0.01121	0.01034	0.01261	0.00812	0.00794	0.01758	0.05195	0.08805	0.56866	0.05378	0.06355	0.01494	0.00883	0.00244	0.00408	0.03783	0.00836	0.00788
6	0.78701	0.01467	0.01115	0.00997	0.01467	0.01702	0.00821	0.02230	0.01291	0.03403	0.01056	0.01232	0.00821	0.00704	0.00469	0.00235	0.00587	0.00411	0.00469	0.00821
7	0.01703	0.01787	0.03524	0.23688	0.18312	0.01824	0.33297	0.02262	0.01696	0.02295	0.01456	0.02003	0.01121	0.00682	0.00824	0.00248	0.01118	0.00782	0.00368	0.01008
8	0.00964	0.00684	0.00885	0.01029	0.01079	0.00646	0.00688	0.01088	0.01422	0.01886	0.04015	0.57751	0.06606	0.12916	0.01400	0.00372	0.00494	0.04810	0.00667	0.00597
9	0.01103	0.00735	0.00827	0.00827	0.00827	0.00735	0.00460	0.01103	0.01103	0.01471	0.02390	0.04964	0.02758	0.73343	0.03861	0.00735	0.00735	0.01103	0.00460	0.00460
10	0.01531	0.01233	0.01396	0.01264	0.01578	0.01334	0.00974	0.05334	0.32801	0.03175	0.34848	0.04173	0.04638	0.01279	0.00831	0.00247	0.00492	0.01101	0.00802	0.00967
11	0.01209	0.00990	0.01450	0.05312	0.01650	0.01223	0.01107	0.01454	0.01217	0.01761	0.01832	0.02831	0.01746	0.09520	0.49346	0.00969	0.14493	0.00799	0.00393	0.00698
12	0.01521	0.03923	0.69413	0.02162	0.03283	0.01762	0.02802	0.02402	0.01601	0.02402	0.01361	0.01601	0.00961	0.00721	0.00721	0.00240	0.01121	0.00560	0.00320	0.01121
13	0.00941	0.00673	0.00895	0.01045	0.01104	0.00627	0.00705	0.01098	0.01530	0.02061	0.11387	0.65287	0.05258	0.02283	0.00960	0.00300	0.00431	0.02068	0.00719	0.00627
14	0.01492	0.01591	0.07175	0.02083	0.04969	0.04281	0.17990	0.01919	0.01693	0.02248	0.02744	0.10875	0.02821	0.01475	0.01062	0.00301	0.06392	0.27511	0.00537	0.00843
15	0.01432	0.01348	0.02275	0.71520	0.05224	0.01685	0.02107	0.01938	0.01517	0.01938	0.01348	0.02022	0.01011	0.00758	0.00758	0.00253	0.01011	0.00674	0.00337	0.00843
16	0.01620	0.03793	0.64540	0.02132	0.03215	0.01804	0.02704	0.07024	0.01744	0.02575	0.01395	0.01617	0.00985	0.00734	0.00723	0.00239	0.01100	0.00569	0.00352	0.01133
17	0.01567	0.01326	0.01491	0.01359	0.01678	0.01500	0.01056	0.02938	0.40036	0.02877	0.16627	0.03740	0.08888	0.01547	0.05636	0.00323	0.04671	0.01013	0.00729	0.00996
18	0.01100	0.00749	0.00895	0.00895	0.00919	0.00772	0.00544	0.01147	0.01123	0.01521	0.02328	0.04619	0.02608	0.61594	0.15406	0.00819	0.00960	0.01053	0.00450	0.00497
19	0.01790	0.02046	0.04476	0.03197	0.03964	0.01918	0.65857	0.02430	0.01790	0.02430	0.01535	0.02046	0.01151	0.00639	0.00895	0.00256	0.01279	0.00895	0.00384	0.01023
20	0.11065	0.02612	0.02068	0.01761	0.02186	0.32378	0.01390	0.19999	0.02328	0.06762	0.01422	0.01581	0.01100	0.00880	0.00894	0.00227	0.09249	0.00569	0.00525	0.01003
21	0.01810	0.50264	0.18003	0.01467	0.02164	0.02489	0.01579	0.02200	0.01557	0.01971	0.04022	0.01613	0.01296	0.01057	0.05471	0.00257	0.00946	0.00509	0.00351	0.00974
22	0.01077	0.00734	0.00825	0.00834	0.00857	0.00722	0.00481	0.01100	0.01172	0.01541	0.02913	0.08495	0.08257	0.63981	0.03475	0.00675	0.00692	0.01196	0.00492	0.00482
23	0.01618	0.15246	0.49654	0.01933	0.02877	0.01947	0.02347	0.02311	0.01564	0.02270	0.01288	0.01539	0.00977	0.00733	0.00774	0.00223	0.05181	0.00533	0.00331	0.06658
24	0.01665	0.01403	0.01622	0.01167	0.01837	0.01106	0.00937	0.06426	0.01713	0.02634	0.01381	0.01590	0.01135	0.00586	0.00576	0.00120	0.00581	0.00466	0.00471	0.72583
25	0.01095	0.00840	0.01208	0.06891	0.01531	0.00859	0.03980	0.01276	0.01381	0.01859	0.06814	0.26469	0.05425	0.24655	0.11758	0.00558	0.00841	0.01389	0.00547	0.00621

[dist]
# distance from previous block
# <min> <max>
4	8

[block]
# block no. 2 follows, 26 sequences, length 41
# corresponding to MSA columns:
# 133-173
name=unknown_C
#
# <colnr> <probs for GDERKNQSTAVLIFYWHMCP>
#	G	D	E	R	K	N	Q	S	T	A	V	L	I	F	Y	W	H	M	C	P
0	0.00990	0.00718	0.00924	0.00985	0.01097	0.00663	0.00689	0.01212	0.01739	0.02373	0.30293	0.38125	0.10314	0.04961	0.01054	0.00294	0.00415	0.01755	0.00747	0.00652
1	0.01210	0.00985	0.01415	0.01334	0.01468	0.01183	0.01051	0.01455	0.01223	0.01797	0.01830	0.02754	0.01733	0.07291	0.52344	0.00989	0.14105	0.00779	0.00398	0.04657
2	0.06026	0.43711	0.03145	0.01532	0.02075	0.28449	0.01338	0.02556	0.01760	0.01890	0.01099	0.01275	0.00967	0.00702	0.00561	0.00178	0.01011	0.00437	0.00357	0.00930
3	0.02028	0.73799	0.03975	0.01298	0.01947	0.03001	0.01298	0.02271	0.01541	0.01785	0.01055	0.01217	0.00973	0.00649	0.00487	0.00162	0.00811	0.00406	0.00324	0.00973
4	0.01673	0.01407	0.01626	0.01171	0.01840	0.01113	0.00940	0.06796	0.01725	0.02647	0.01384	0.01592	0.01136	0.00588	0.00577	0.00121	0.00583	0.00467	0.00473	0.72140
5	0.01137	0.00846	0.01104	0.01233	0.01429	0.00812	0.01054	0.01445	0.01742	0.02212	0.04974	0.08228	0.21061	0.02050	0.01008	0.00325	0.00616	0.47341	0.00700	0.00683
6	0.01073	0.00847	0.00979	0.00960	0.01182	0.00793	0.00724	0.01514	0.07949	0.02548	0.30932	0.11151	0.30728	0.01731	0.00895	0.00257	0.00410	0.03842	0.00762	0.00723
7	0.01103	0.00735	0.00827	0.00827	0.00827	0.00735	0.00460	0.01103	0.01103	0.01471	0.02390	0.04964	0.02758	0.73343	0.03861	0.00735	0.00735	0.01103	0.00460	0.00460
8	0.01877	0.01802	0.03079	0.04656	0.68612	0.01802	0.02328	0.02328	0.01727	0.02478	0.01427	0.01877	0.01201	0.00676	0.00751	0.00225	0.00901	0.00676	0.00375	0.01201
9	0.01414	0.00707	0.00707	0.00707	0.00884	0.00707	0.00530	0.01767	0.01591	0.02828	0.02474	0.02828	0.01944	0.00884	0.00530	0.00177	0.00353	0.00707	0.77554	0.00707
10	0.02750	0.03457	0.02230	0.02190	0.08120	0.64328	0.01541	0.02968	0.02113	0.01911	0.01195	0.01412	0.00997	0.00772	0.00690	0.00198	0.01327	0.00505	0.00389	0.00907
11	0.01550	0.01456	0.02522	0.16867	0.32070	0.01500	0.08600	0.01959	0.01634	0.02242	0.02116	0.17337	0.02101	0.01109	0.00826	0.00257	0.00856	0.03579	0.00452	0.00966
12	0.01759	0.02263	0.11997	0.03077	0.03885	0.01900	0.58554	0.02426	0.01768	0.02426	0.01514	0.01995	0.01129	0.00649	0.00875	0.00254	0.01260	0.00856	0.00376	0.01034
13	0.11533	0.02105	0.01867	0.07006	0.02193	0.24857	0.03207	0.06709	0.01783	0.04496	0.01626	0.06819	0.01482	0.05158	0.08000	0.00362	0.08760	0.00726	0.00460	0.00851
14	0.01235	0.00882	0.01043	0.00990	0.01031	0.00954	0.00635	0.04506	0.01242	0.01687	0.02230	0.04413	0.02488	0.59455	0.08208	0.00712	0.06253	0.01028	0.00462	0.00545
15	0.01573	0.01348	0.01573	0.01123	0.01798	0.01011	0.00899	0.01910	0.01573	0.02472	0.01348	0.01573	0.01123	0.00562	0.00562	0.00112	0.00562	0.00449	0.00449	0.77980
16	0.02028	0.73799	0.03975	0.01298	0.01947	0.03001	0.01298	0.02271	0.01541	0.01785	0.01055	0.01217	0.00973	0.00649	0.00487	0.00162	0.00811	0.00406	0.00324	0.00973
17	0.00924	0.00660	0.00880	0.01056	0.01100	0.00616	0.00704	0.01056	0.01452	0.01936	0.04181	0.72848	0.05017	0.02376	0.00968	0.00308	0.00440	0.02156	0.00704	0.00616
18	0.01573	0.01348	0.01573	0.01123	0.01798	0.01011	0.00899	0.01910	0.01573	0.02472	0.01348	0.01573	0.01123	0.00562	0.00562	0.00112	0.00562	0.00449	0.00449	0.77980
19	0.11188	0.02802	0.39356	0.21697	0.03559	0.01753	0.02315	0.02228	0.01522	0.02375	0.01306	0.01677	0.00959	0.00751	0.00764	0.00246	0.03585	0.00578	0.00344	0.00994
20	0.01318	0.00659	0.00988	0.00988	0.00988	0.00659	0.00659	0.00988	0.00988	0.01318	0.01318	0.02306	0.01318	0.02635	0.02964	0.77931	0.00659	0.00659	0.00329	0.00329
21	0.00924	0.00660	0.00880	0.01056	0.01100	0.00616	0.00704	0.01056	0.01452	0.01936	0.04181	0.72848	0.05017	0.02376	0.00968	0.00308	0.00440	0.02156	0.00704	0.00616
22	0.01432	0.01348	0.02275	0.71520	0.05224	0.01685	0.02107	0.01938	0.01517	0.01938	0.01348	0.02022	0.01011	0.00758	0.00758	0.00253	0.01011	0.00674	0.00337	0.00843
23	0.01092	0.00744	0.00892	0.00900	0.00923	0.00764	0.00548	0.01141	0.01137	0.01537	0.02412	0.07647	0.02720	0.59447	0.14307	0.00793	0.00929	0.01103	0.00462	0.00501
24	0.01704	0.01458	0.01548	0.01405	0.01793	0.01644	0.01088	0.03473	0.54184	0.03036	0.09376	0.03578	0.10079	0.01174	0.00797	0.00255	0.00555	0.00986	0.00770	0.01095
25	0.01790	0.02046	0.04476	0.03197	0.03964	0.01918	0.65857	0.02430	0.01790	0.02430	0.01535	0.02046	0.01151	0.00639	0.00895	0.00256	0.01279	0.00895	0.00384	0.01023
26	0.01432	0.01348	0.02275	0.71520	0.05224	0.01685	0.02107	0.01938	0.01517	0.01938	0.01348	0.02022	0.01011	0.00758	0.00758	0.00253	0.01011	0.00674	0.00337	0.00843
27	0.01828	0.07340	0.02582	0.01997	0.02156	0.04592	0.05819	0.06832	0.01448	0.02088	0.01104	0.01653	0.01026	0.01180	0.02039	0.00301	0.54099	0.00655	0.00369	0.00890
28	0.01797	0.01419	0.01787	0.01302	0.01943	0.01169	0.04098	0.04535	0.01695	0.08383	0.01505	0.01697	0.01192	0.00643	0.00682	0.00143	0.03529	0.00516	0.00496	0.61469
29	0.01293	0.03539	0.01485	0.06737	0.04497	0.03857	0.01103	0.03893	0.01449	0.01957	0.02286	0.13532	0.02296	0.05876	0.39474	0.00807	0.01468	0.03245	0.00467	0.00738
30	0.01961	0.62887	0.08924	0.01418	0.02054	0.02854	0.01442	0.02247	0.01517	0.01836	0.01074	0.01280	0.00974	0.00706	0.00657	0.00181	0.06252	0.00437	0.00325	0.00974
31	0.02798	0.06742	0.02231	0.01925	0.02327	0.67300	0.01458	0.02995	0.02122	0.01853	0.01167	0.01361	0.00977	0.00776	0.00675	0.00194	0.01343	0.00485	0.00388	0.00884
32	0.78701	0.01467	0.01115	0.00997	0.01467	0.01702	0.00821	0.02230	0.01291	0.03403	0.01056	0.01232	0.00821	0.00704	0.00469	0.00235	0.00587	0.00411	0.00469	0.00821
33	0.01102	0.00739	0.00846	0.00846	0.00852	0.00745	0.00483	0.01115	0.01109	0.01484	0.02373	0.04870	0.02717	0.70133	0.07014	0.00758	0.00797	0.01089	0.00457	0.00470
34	0.00924	0.00660	0.00880	0.01056	0.01100	0.00616	0.00704	0.01056	0.01452	0.01936	0.04181	0.72848	0.05017	0.02376	0.00968	0.00308	0.00440	0.02156	0.00704	0.00616
35	0.01084	0.00813	0.01219	0.01219	0.01354	0.00948	0.00948	0.01354	0.01219	0.01761	0.02032	0.02980	0.01896	0.05689	0.70337	0.01219	0.02032	0.00813	0.00406	0.00677
36	0.78701	0.01467	0.01115	0.00997	0.01467	0.01702	0.00821	0.02230	0.01291	0.03403	0.01056	0.01232	0.00821	0.00704	0.00469	0.00235	0.00587	0.00411	0.00469	0.00821
37	0.02021	0.01594	0.01724	0.01532	0.01970	0.01806	0.01207	0.06885	0.56327	0.08233	0.03060	0.03015	0.02323	0.01064	0.00783	0.00258	0.00619	0.03609	0.00781	0.01190
38	0.01573	0.01348	0.01573	0.01123	0.01798	0.01011	0.00899	0.01910	0.01573	0.02472	0.01348	0.01573	0.01123	0.00562	0.00562	0.00112	0.00562	0.00449	0.00449	0.77980
39	0.01411	0.01337	0.06495	0.01387	0.01695	0.01259	0.01148	0.02452	0.27950	0.02568	0.06163	0.26062	0.03607	0.01629	0.00880	0.00286	0.00595	0.11461	0.00707	0.00907
40	0.02331	0.05572	0.06837	0.06990	0.02522	0.01854	0.05884	0.30297	0.02570	0.10735	0.07142	0.02174	0.01741	0.00871	0.00742	0.00218	0.00809	0.00714	0.00641	0.09355

[dist]
# distance from previous block
# <min> <max>
0	2

[block]
# block no. 3 follows, 26 sequences, length 28
# corresponding to MSA columns:
# 176-203
name=unknown_D
#
# <colnr> <probs for GDERKNQSTAVLIFYWHMCP>
#	G	D	E	R	K	N	Q	S	T	A	V	L	I	F	Y	W	H	M	C	P
0	0.01671	0.01488	0.02271	0.01916	0.08325	0.01305	0.14711	0.02195	0.06534	0.04834	0.01861	0.08846	0.01635	0.00815	0.00712	0.00187	0.00738	0.00774	0.00495	0.38688
1	0.74915	0.01587	0.04465	0.01055	0.01556	0.01705	0.00919	0.02238	0.01306	0.03354	0.01071	0.01250	0.00828	0.00705	0.00482	0.00235	0.00613	0.00418	0.00462	0.00836
2	0.01914	0.01919	0.06504	0.07217	0.57450	0.01836	0.02277	0.07064	0.01848	0.02622	0.01449	0.01865	0.01187	0.00699	0.00750	0.00227	0.00913	0.00670	0.00399	0.01188
3	0.02620	0.02341	0.02116	0.01888	0.05733	0.21994	0.01421	0.22876	0.15882	0.09921	0.01960	0.01970	0.01453	0.00902	0.00801	0.00229	0.03457	0.00669	0.00637	0.01130
4	0.01053	0.00845	0.00934	0.00922	0.01145	0.00785	0.00686	0.01448	0.07763	0.02322	0.19319	0.09902	0.38817	0.06984	0.01110	0.00294	0.00439	0.03818	0.00720	0.00695
5	0.00904	0.00769	0.00779	0.00777	0.01029	0.00644	0.00582	0.01104	0.01747	0.02093	0.10347	0.07228	0.65614	0.01905	0.00896	0.00255	0.00383	0.01591	0.00710	0.00644
6	0.01521	0.03923	0.69413	0.02162	0.03283	0.01762	0.02802	0.02402	0.01601	0.02402	0.01361	0.01601	0.00961	0.00721	0.00721	0.00240	0.01121	0.00560	0.00320	0.01121
7	0.00930	0.00770	0.00815	0.00803	0.01045	0.00655	0.00603	0.01153	0.01808	0.02236	0.19102	0.06992	0.56769	0.01851	0.00896	0.00253	0.00379	0.01558	0.00729	0.00655
8	0.01278	0.00997	0.01240	0.01189	0.01362	0.01122	0.00886	0.01865	0.15633	0.02020	0.02781	0.03661	0.08185	0.17614	0.29893	0.04149	0.03933	0.00941	0.00518	0.00735
9	0.02510	0.01093	0.01474	0.01198	0.01628	0.00962	0.00962	0.02828	0.02162	0.43798	0.27995	0.03764	0.03902	0.01173	0.00813	0.00236	0.00535	0.00996	0.00899	0.01070
10	0.01165	0.00966	0.01044	0.00990	0.01267	0.00942	0.00752	0.01842	0.16735	0.02548	0.21475	0.05882	0.38303	0.01627	0.00868	0.00252	0.00427	0.01376	0.00752	0.00786
11	0.02833	0.03615	0.02149	0.01954	0.02345	0.70298	0.01466	0.03029	0.02149	0.01856	0.01172	0.01368	0.00977	0.00782	0.00684	0.00195	0.01368	0.00489	0.00391	0.00879
12	0.01827	0.01787	0.03155	0.10626	0.55860	0.01804	0.09131	0.02303	0.01715	0.02423	0.01431	0.01909	0.01179	0.00679	0.00767	0.00231	0.00952	0.00699	0.00373	0.01149
13	0.01535	0.01528	0.02540	0.60242	0.04950	0.04576	0.09896	0.02044	0.01577	0.01995	0.01364	0.01998	0.01027	0.00745	0.00772	0.00251	0.01059	0.00693	0.00345	0.00866
14	0.02904	0.02222	0.02296	0.01812	0.02397	0.05320	0.01467	0.57429	0.08280	0.04590	0.02004	0.02049	0.01470	0.00995	0.00809	0.00252	0.00879	0.00726	0.00780	0.01321
15	0.01248	0.00933	0.01316	0.01267	0.01446	0.01077	0.00993	0.07285	0.01434	0.02037	0.02012	0.02874	0.01841	0.05251	0.63962	0.01128	0.01922	0.00801	0.00439	0.00733
16	0.01886	0.45727	0.24825	0.01681	0.02477	0.05068	0.04611	0.02348	0.01594	0.02013	0.01178	0.01382	0.00977	0.00676	0.00587	0.00192	0.00951	0.00480	0.00328	0.01019
17	0.01912	0.01587	0.01692	0.01516	0.01942	0.01818	0.01181	0.03927	0.62640	0.05518	0.05368	0.02921	0.02470	0.01044	0.00776	0.00256	0.00593	0.00872	0.00780	0.01187
18	0.01788	0.01021	0.01232	0.01108	0.01348	0.01011	0.00792	0.02269	0.12574	0.18743	0.10010	0.09150	0.03116	0.30126	0.02035	0.00445	0.00627	0.01086	0.00690	0.00829
19	0.01551	0.01697	0.08626	0.48541	0.20806	0.01721	0.02225	0.02077	0.01577	0.02115	0.01369	0.01948	0.01054	0.00734	0.00753	0.00245	0.00994	0.00664	0.00345	0.00957
20	0.01857	0.19440	0.16204	0.02093	0.02685	0.10116	0.16242	0.02290	0.01605	0.02073	0.01345	0.04330	0.01171	0.00870	0.01042	0.00240	0.14401	0.00672	0.00361	0.00962
21	0.01187	0.01031	0.01423	0.27977	0.02685	0.01126	0.01205	0.01599	0.05730	0.02013	0.04107	0.11700	0.25618	0.08011	0.01115	0.00304	0.00676	0.01211	0.00545	0.00734
22	0.00985	0.00702	0.00931	0.01066	0.01139	0.00663	0.00747	0.01163	0.01558	0.02096	0.12739	0.53465	0.05119	0.06002	0.01120	0.00326	0.00471	0.08371	0.00708	0.00630
23	0.01036	0.00774	0.00962	0.00915	0.01110	0.00700	0.00686	0.01359	0.02059	0.02832	0.55416	0.06011	0.20083	0.01629	0.00895	0.00242	0.00363	0.01420	0.00807	0.00700
24	0.00898	0.00764	0.00773	0.00781	0.01028	0.00639	0.00582	0.01087	0.01717	0.02044	0.07528	0.10220	0.65485	0.01941	0.00900	0.00258	0.00387	0.01626	0.00704	0.00639
25	0.02096	0.02260	0.02542	0.14186	0.32249	0.22435	0.01926	0.02638	0.08019	0.02270	0.01495	0.01837	0.01209	0.00754	0.00734	0.00224	0.01031	0.00636	0.00411	0.01047
26	0.01507	0.00877	0.01117	0.00998	0.01274	0.00782	0.00769	0.01821	0.02073	0.16109	0.43726	0.05355	0.17622	0.01498	0.00869	0.00241	0.00420	0.01293	0.00831	0.00817
27	0.18662	0.07561	0.01486	0.01138	0.01489	0.04033	0.00912	0.06787	0.08088	0.03065	0.31154	0.03651	0.06809	0.01175	0.00735	0.00231	0.00546	0.00951	0.00675	0.00853

[dist]
# distance from previous block
# <min> <max>
0	1

[block]
# block no. 4 follows, 26 sequences, length 42
# corresponding to MSA columns:
# 205-246
name=unknown_E
#
# <colnr> <probs for GDERKNQSTAVLIFYWHMCP>
#	G	D	E	R	K	N	Q	S	T	A	V	L	I	F	Y	W	H	M	C	P
0	0.02116	0.01568	0.08367	0.05736	0.02184	0.01152	0.01225	0.02505	0.01776	0.23295	0.03842	0.02041	0.01515	0.00737	0.00663	0.00176	0.00666	0.00600	0.00594	0.39243
1	0.10340	0.02368	0.30843	0.01642	0.02371	0.01405	0.03800	0.02484	0.01811	0.17787	0.15038	0.02608	0.02396	0.00931	0.00743	0.00239	0.00807	0.00762	0.00582	0.01043
2	0.01874	0.04114	0.03027	0.09251	0.60345	0.03503	0.02258	0.02315	0.01716	0.02402	0.01403	0.01854	0.01175	0.00683	0.00741	0.00224	0.00917	0.00663	0.00371	0.01161
3	0.01336	0.01125	0.01775	0.06711	0.09329	0.01120	0.08159	0.03434	0.01750	0.02304	0.05067	0.15164	0.10348	0.01666	0.00940	0.00297	0.00731	0.27334	0.00610	0.00798
4	0.01130	0.00843	0.01076	0.01187	0.01329	0.00833	0.00895	0.01527	0.08064	0.02155	0.03980	0.40789	0.06237	0.04857	0.01071	0.00325	0.00544	0.19629	0.00693	0.02837
5	0.01573	0.01348	0.01573	0.01123	0.01798	0.01011	0.00899	0.01910	0.01573	0.02472	0.01348	0.01573	0.01123	0.00562	0.00562	0.00112	0.00562	0.00449	0.00449	0.77980
6	0.01085	0.00808	0.01194	0.01194	0.01321	0.00935	0.00917	0.01339	0.01212	0.01742	0.02054	0.03105	0.01951	0.09960	0.66140	0.01188	0.01950	0.00831	0.00410	0.00663
7	0.01780	0.02119	0.07001	0.03157	0.03938	0.01912	0.63405	0.02429	0.01783	0.02429	0.01528	0.02029	0.01144	0.00643	0.00888	0.00255	0.01273	0.00882	0.00381	0.01027
8	0.03011	0.01204	0.01635	0.01283	0.01801	0.01048	0.01048	0.03315	0.02167	0.58010	0.13972	0.03101	0.02766	0.01042	0.00785	0.00235	0.00597	0.00865	0.00921	0.01194
9	0.01585	0.12737	0.61159	0.02053	0.03114	0.01918	0.02613	0.02386	0.01594	0.02324	0.01323	0.01553	0.00962	0.00712	0.00691	0.00230	0.01082	0.00541	0.00321	0.01102
10	0.01102	0.00737	0.00835	0.00833	0.00840	0.00735	0.00470	0.01117	0.01147	0.01537	0.05169	0.04993	0.02943	0.70312	0.03735	0.00714	0.00719	0.01114	0.00475	0.00470
11	0.01101	0.00744	0.00870	0.00870	0.00885	0.00759	0.00513	0.01131	0.01116	0.01503	0.02351	0.04746	0.02663	0.65916	0.11158	0.00788	0.00878	0.01071	0.00454	0.00483
12	0.00906	0.00732	0.00805	0.00864	0.01050	0.00632	0.00619	0.01078	0.01637	0.02012	0.06522	0.29044	0.47309	0.02072	0.00920	0.00273	0.00403	0.01785	0.00704	0.00632
13	0.05272	0.01993	0.15413	0.02384	0.21882	0.01432	0.01709	0.02264	0.01651	0.06915	0.01470	0.01720	0.01151	0.00658	0.00658	0.00185	0.00779	0.00557	0.00435	0.31472
14	0.01231	0.01131	0.01269	0.05702	0.01630	0.09524	0.03447	0.01415	0.01558	0.01946	0.03518	0.56580	0.04102	0.02005	0.00916	0.00288	0.00626	0.01803	0.00629	0.00680
15	0.01432	0.01348	0.02275	0.71520	0.05224	0.01685	0.02107	0.01938	0.01517	0.01938	0.01348	0.02022	0.01011	0.00758	0.00758	0.00253	0.01011	0.00674	0.00337	0.00843
16	0.01585	0.12737	0.61159	0.02053	0.03114	0.01918	0.02613	0.02386	0.01594	0.02324	0.01323	0.01553	0.00962	0.00712	0.00691	0.00230	0.01082	0.00541	0.00321	0.01102
17	0.00935	0.00770	0.00822	0.00809	0.01048	0.00657	0.00607	0.01163	0.01820	0.02264	0.20818	0.06945	0.55035	0.01841	0.00896	0.00252	0.00378	0.01551	0.00733	0.00657
18	0.01521	0.03923	0.69413	0.02162	0.03283	0.01762	0.02802	0.02402	0.01601	0.02402	0.01361	0.01601	0.00961	0.00721	0.00721	0.00240	0.01121	0.00560	0.00320	0.01121
19	0.01804	0.02029	0.11307	0.08537	0.52000	0.01795	0.02302	0.02419	0.05834	0.02477	0.01518	0.01912	0.01229	0.00709	0.00749	0.00231	0.00917	0.00673	0.00391	0.01168
20	0.01179	0.00799	0.01048	0.00972	0.01170	0.00734	0.00734	0.01534	0.02148	0.06039	0.65254	0.05526	0.06917	0.01523	0.00889	0.00238	0.00371	0.01344	0.00840	0.00742
21	0.00924	0.00660	0.00880	0.01056	0.01100	0.00616	0.00704	0.01056	0.01452	0.01936	0.04181	0.72848	0.05017	0.02376	0.00968	0.00308	0.00440	0.02156	0.00704	0.00616
22	0.01654	0.01396	0.01616	0.01162	0.01832	0.01094	0.00932	0.05874	0.01696	0.02614	0.01377	0.01588	0.01134	0.00583	0.00574	0.00119	0.00579	0.00464	0.00469	0.73243
23	0.02544	0.01823	0.02012	0.01533	0.02126	0.01882	0.01249	0.43898	0.02898	0.08932	0.01827	0.01964	0.01363	0.04118	0.00855	0.00225	0.00754	0.00655	0.00689	0.18652
24	0.12113	0.06423	0.09199	0.01553	0.02156	0.01945	0.01392	0.27415	0.11536	0.12899	0.04550	0.02082	0.01629	0.00893	0.00709	0.00231	0.00755	0.00681	0.00679	0.01159
25	0.01130	0.01172	0.09642	0.01107	0.01404	0.00848	0.00979	0.01554	0.02078	0.02961	0.59779	0.05153	0.06375	0.01446	0.00873	0.00239	0.00454	0.01269	0.00770	0.00767
26	0.01773	0.02013	0.04370	0.06477	0.04025	0.01907	0.62796	0.02406	0.01777	0.02406	0.01526	0.02045	0.01144	0.00645	0.00889	0.00256	0.01266	0.00885	0.00381	0.01014
27	0.09590	0.23762	0.23834	0.01593	0.02284	0.06522	0.01690	0.05345	0.04038	0.02368	0.01689	0.02027	0.03836	0.01127	0.05040	0.00280	0.00974	0.02611	0.00411	0.00981
28	0.01496	0.07843	0.56743	0.01956	0.02929	0.01706	0.02446	0.02272	0.01667	0.02445	0.09775	0.02090	0.01743	0.00821	0.00728	0.00235	0.01006	0.00653	0.00385	0.01061
29	0.00907	0.00755	0.00792	0.00812	0.01038	0.00640	0.00598	0.01098	0.01710	0.02074	0.09619	0.15504	0.57920	0.01964	0.00905	0.00262	0.00390	0.01662	0.00709	0.00640
30	0.01832	0.01776	0.03093	0.10619	0.58862	0.01799	0.06248	0.02299	0.01712	0.02426	0.01426	0.01901	0.01181	0.00681	0.00761	0.00230	0.00934	0.00689	0.00372	0.01158
31	0.01786	0.01923	0.03656	0.05522	0.05527	0.05983	0.46102	0.02304	0.01748	0.04024	0.01806	0.09696	0.01569	0.00877	0.00939	0.00259	0.03903	0.00979	0.00429	0.00968
32	0.01909	0.64593	0.03627	0.01288	0.01872	0.02742	0.01254	0.02156	0.01501	0.01782	0.01178	0.01439	0.01090	0.01285	0.09298	0.00296	0.00965	0.00457	0.00335	0.00936
33	0.01250	0.00787	0.00980	0.01016	0.01204	0.00702	0.00740	0.01443	0.01679	0.10529	0.09088	0.38108	0.23176	0.01999	0.00920	0.00281	0.00455	0.04183	0.00742	0.00718
34	0.01977	0.01889	0.03918	0.02984	0.07664	0.01768	0.51167	0.02549	0.01833	0.10841	0.01809	0.02359	0.01372	0.00737	0.00875	0.00255	0.01152	0.03329	0.00466	0.01055
35	0.01984	0.01718	0.02382	0.12946	0.31918	0.09047	0.01821	0.02351	0.01741	0.10645	0.01877	0.07489	0.01636	0.01093	0.03096	0.00274	0.03694	0.02777	0.00477	0.01035
36	0.00984	0.00720	0.00937	0.01089	0.01190	0.00674	0.00797	0.01170	0.01552	0.02023	0.04625	0.50226	0.13544	0.02254	0.00975	0.00310	0.00487	0.15103	0.00703	0.00637
37	0.01318	0.00659	0.00988	0.00988	0.00988	0.00659	0.00659	0.00988	0.00988	0.01318	0.01318	0.02306	0.01318	0.02635	0.02964	0.77931	0.00659	0.00659	0.00329	0.00329
38	0.26102	0.16849	0.02488	0.04827	0.21772	0.10255	0.01508	0.04012	0.01643	0.02590	0.01210	0.01481	0.01004	0.00701	0.00600	0.00213	0.00842	0.00514	0.00405	0.00986
39	0.02028	0.01616	0.01724	0.04415	0.02064	0.05346	0.01183	0.05514	0.39241	0.10248	0.06749	0.02675	0.02260	0.00964	0.00746	0.00231	0.00652	0.00794	0.00714	0.10835
40	0.04930	0.22383	0.25878	0.01751	0.02439	0.06843	0.01848	0.04791	0.05708	0.05499	0.01408	0.01604	0.01104	0.00817	0.00874	0.00227	0.09901	0.00553	0.00407	0.01035
41	0.02239	0.08403	0.05061	0.15951	0.13270	0.04401	0.03597	0.06783	0.01870	0.19090	0.01754	0.01959	0.01280	0.00809	0.00827	0.00227	0.05252	0.00652	0.00530	0.06046

[dist]
# distance from previous block
# <min> <max>
0	2

[block]
# block no. 5 follows, 26 sequences, length 54
# corresponding to MSA columns:
# 249-302
name=unknown_F
#
# <colnr> <probs for GDERKNQSTAVLIFYWHMCP>
#	G	D	E	R	K	N	Q	S	T	A	V	L	I	F	Y	W	H	M	C	P
0	0.00988	0.00726	0.00947	0.01056	0.01162	0.00656	0.00722	0.01150	0.01500	0.02042	0.07387	0.63051	0.04795	0.02175	0.00929	0.00287	0.00446	0.01966	0.00689	0.07325
1	0.01712	0.25502	0.43017	0.01838	0.02750	0.02159	0.02192	0.02506	0.07397	0.02278	0.01418	0.01590	0.01085	0.00726	0.00652	0.00217	0.00978	0.00539	0.00362	0.01082
2	0.01017	0.00779	0.00901	0.00920	0.01087	0.00729	0.00677	0.01200	0.01549	0.01961	0.08611	0.06359	0.34099	0.19603	0.08830	0.00483	0.00679	0.09286	0.00621	0.00612
3	0.01046	0.00774	0.00975	0.00925	0.01116	0.00704	0.00694	0.01378	0.02082	0.02886	0.58732	0.05922	0.16733	0.01609	0.00895	0.00241	0.00362	0.01408	0.00815	0.00704
4	0.02833	0.03615	0.02149	0.01954	0.02345	0.70298	0.01466	0.03029	0.02149	0.01856	0.01172	0.01368	0.00977	0.00782	0.00684	0.00195	0.01368	0.00489	0.00391	0.00879
5	0.00922	0.00777	0.00804	0.00818	0.01068	0.00659	0.00627	0.01127	0.01730	0.02066	0.07395	0.07399	0.63274	0.01935	0.00908	0.00263	0.00409	0.06470	0.00704	0.00645
6	0.02213	0.01792	0.01899	0.01610	0.02097	0.02039	0.01280	0.24376	0.46363	0.03700	0.02672	0.02499	0.01979	0.00990	0.00768	0.00248	0.00677	0.00800	0.00768	0.01230
7	0.02858	0.02890	0.02211	0.01853	0.02348	0.37259	0.01454	0.33689	0.02838	0.03278	0.01488	0.01588	0.01129	0.00844	0.00720	0.00211	0.01109	0.00583	0.00570	0.01079
8	0.03403	0.01291	0.01760	0.01350	0.01936	0.01115	0.01115	0.03697	0.02171	0.69137	0.02992	0.02582	0.01878	0.00939	0.00763	0.00235	0.00645	0.00763	0.00939	0.01291
9	0.00923	0.00666	0.00874	0.01040	0.01096	0.00617	0.00697	0.01058	0.01468	0.01943	0.04378	0.69146	0.08591	0.02351	0.00964	0.00305	0.00437	0.02125	0.00704	0.00617
10	0.01999	0.69853	0.07670	0.01347	0.02022	0.02931	0.01383	0.02279	0.01545	0.01819	0.01072	0.01238	0.00973	0.00653	0.00500	0.00167	0.00829	0.00414	0.00324	0.00982
11	0.01474	0.01407	0.02427	0.64541	0.08579	0.01703	0.05268	0.01983	0.01542	0.01991	0.01362	0.02016	0.01028	0.00748	0.00765	0.00251	0.01018	0.00685	0.00341	0.00871
12	0.78701	0.01467	0.01115	0.00997	0.01467	0.01702	0.00821	0.02230	0.01291	0.03403	0.01056	0.01232	0.00821	0.00704	0.00469	0.00235	0.00587	0.00411	0.00469	0.00821
13	0.78701	0.01467	0.01115	0.00997	0.01467	0.01702	0.00821	0.02230	0.01291	0.03403	0.01056	0.01232	0.00821	0.00704	0.00469	0.00235	0.00587	0.00411	0.00469	0.00821
14	0.01432	0.01348	0.02275	0.71520	0.05224	0.01685	0.02107	0.01938	0.01517	0.01938	0.01348	0.02022	0.01011	0.00758	0.00758	0.00253	0.01011	0.00674	0.00337	0.00843
15	0.01074	0.00775	0.01014	0.00954	0.01133	0.00716	0.00716	0.01431	0.02147	0.03042	0.68211	0.05666	0.07157	0.01551	0.00895	0.00239	0.00358	0.01372	0.00835	0.00716
16	0.01573	0.01348	0.01573	0.01123	0.01798	0.01011	0.00899	0.01910	0.01573	0.02472	0.01348	0.01573	0.01123	0.00562	0.00562	0.00112	0.00562	0.00449	0.00449	0.77980
17	0.00924	0.00660	0.00880	0.01056	0.01100	0.00616	0.00704	0.01056	0.01452	0.01936	0.04181	0.72848	0.05017	0.02376	0.00968	0.00308	0.00440	0.02156	0.00704	0.00616
18	0.01573	0.01348	0.01573	0.01123	0.01798	0.01011	0.00899	0.01910	0.01573	0.02472	0.01348	0.01573	0.01123	0.00562	0.00562	0.00112	0.00562	0.00449	0.00449	0.77980
19	0.00923	0.00665	0.00875	0.01044	0.01097	0.00617	0.00699	0.01058	0.01464	0.01941	0.04330	0.70052	0.07716	0.02357	0.00965	0.00306	0.00438	0.02133	0.00704	0.00617
20	0.02753	0.01311	0.01694	0.01269	0.01887	0.01078	0.01038	0.03062	0.01959	0.45473	0.02409	0.02224	0.01610	0.00805	0.00691	0.00191	0.00616	0.00652	0.00765	0.28513
21	0.69006	0.01458	0.01196	0.01051	0.01528	0.01658	0.00863	0.02431	0.04089	0.09090	0.01308	0.01415	0.00975	0.00738	0.00507	0.00236	0.00592	0.00460	0.00523	0.00878
22	0.01578	0.01515	0.02120	0.01843	0.01867	0.02086	0.01525	0.01765	0.01186	0.01859	0.01185	0.01871	0.01146	0.01849	0.10799	0.00435	0.60352	0.00684	0.03528	0.00806
23	0.01163	0.00855	0.01162	0.01298	0.06888	0.00903	0.00795	0.01299	0.01198	0.01661	0.02179	0.03991	0.02316	0.42986	0.27232	0.00863	0.01211	0.00963	0.00433	0.00601
24	0.01521	0.03923	0.69413	0.02162	0.03283	0.01762	0.02802	0.02402	0.01601	0.02402	0.01361	0.01601	0.00961	0.00721	0.00721	0.00240	0.01121	0.00560	0.00320	0.01121
25	0.78701	0.01467	0.01115	0.00997	0.01467	0.01702	0.00821	0.02230	0.01291	0.03403	0.01056	0.01232	0.00821	0.00704	0.00469	0.00235	0.00587	0.00411	0.00469	0.00821
26	0.01074	0.00775	0.01014	0.00954	0.01133	0.00716	0.00716	0.01431	0.02147	0.03042	0.68211	0.05666	0.07157	0.01551	0.00895	0.00239	0.00358	0.01372	0.00835	0.00716
27	0.01084	0.00810	0.01204	0.01204	0.01334	0.00940	0.00929	0.01345	0.01215	0.01750	0.02045	0.03056	0.01929	0.08296	0.67776	0.01200	0.01982	0.00824	0.00408	0.00669
28	0.01074	0.00775	0.01014	0.00954	0.01133	0.00716	0.00716	0.01431	0.02147	0.03042	0.68211	0.05666	0.07157	0.01551	0.00895	0.00239	0.00358	0.01372	0.00835	0.00716
29	0.01877	0.01802	0.03079	0.04656	0.68612	0.01802	0.02328	0.02328	0.01727	0.02478	0.01427	0.01877	0.01201	0.00676	0.00751	0.00225	0.00901	0.00676	0.00375	0.01201
30	0.01114	0.00757	0.01004	0.01031	0.01175	0.00702	0.00754	0.01385	0.01869	0.05084	0.38571	0.30592	0.06014	0.01863	0.00925	0.00270	0.00418	0.04989	0.00783	0.00700
31	0.76063	0.01461	0.01137	0.01010	0.01483	0.01681	0.00832	0.02281	0.01322	0.05706	0.01124	0.01279	0.00858	0.00712	0.00480	0.00235	0.00589	0.00423	0.00486	0.00838
32	0.02883	0.02125	0.02276	0.01745	0.02352	0.02352	0.01442	0.66082	0.03566	0.04780	0.01821	0.01821	0.01290	0.00911	0.00759	0.00228	0.00835	0.00683	0.00759	0.01290
33	0.01738	0.26223	0.32130	0.04815	0.07621	0.02204	0.07739	0.02314	0.01585	0.02166	0.01265	0.01553	0.01002	0.00714	0.00739	0.00219	0.04035	0.00556	0.00332	0.01047
34	0.01819	0.01969	0.08030	0.13791	0.19937	0.01804	0.33067	0.02391	0.01739	0.05660	0.01540	0.01997	0.01165	0.00687	0.00821	0.00246	0.01103	0.00778	0.00398	0.01059
35	0.01477	0.01100	0.01405	0.03480	0.01653	0.03610	0.00991	0.01761	0.01425	0.07765	0.01912	0.02591	0.01679	0.06009	0.40855	0.00788	0.01466	0.00716	0.00462	0.18855
36	0.01100	0.00748	0.00889	0.00889	0.00910	0.00769	0.00537	0.01143	0.01121	0.01516	0.02333	0.04651	0.02622	0.62685	0.14333	0.00812	0.00940	0.01057	0.00451	0.00494
37	0.02770	0.02057	0.02215	0.01691	0.02304	0.02236	0.01395	0.60522	0.03394	0.04580	0.01780	0.01800	0.01276	0.00880	0.00742	0.00218	0.00811	0.00663	0.00732	0.07935
38	0.01888	0.17707	0.22048	0.09572	0.16268	0.04262	0.04406	0.02405	0.01671	0.07144	0.01428	0.01699	0.01101	0.00707	0.00681	0.00214	0.00951	0.00582	0.00391	0.04874
39	0.01414	0.00707	0.00707	0.00707	0.00884	0.00707	0.00530	0.01767	0.01591	0.02828	0.02474	0.02828	0.01944	0.00884	0.00530	0.00177	0.00353	0.00707	0.77554	0.00707
40	0.00946	0.00676	0.00906	0.01081	0.01135	0.00635	0.00743	0.01094	0.01474	0.01961	0.04168	0.68073	0.04968	0.02355	0.00974	0.00311	0.00459	0.06713	0.00704	0.00622
41	0.01308	0.01232	0.02270	0.06913	0.08114	0.01192	0.20922	0.01649	0.01584	0.02135	0.02934	0.40072	0.03223	0.01584	0.00912	0.00281	0.00777	0.01538	0.00552	0.00807
42	0.10814	0.01634	0.08036	0.45621	0.08455	0.01689	0.04374	0.02107	0.03487	0.02257	0.01468	0.02127	0.01154	0.00792	0.00735	0.00251	0.00950	0.02769	0.00381	0.00900
43	0.01291	0.00863	0.01082	0.01056	0.01260	0.00821	0.00779	0.01724	0.07793	0.08401	0.32590	0.25016	0.10929	0.01725	0.00894	0.00262	0.00431	0.01523	0.00789	0.00774
44	0.01297	0.01434	0.08514	0.01881	0.02270	0.01168	0.22230	0.01665	0.01581	0.02144	0.02943	0.36183	0.03203	0.01642	0.00994	0.02900	0.00803	0.05804	0.00550	0.00793
45	0.01984	0.01686	0.01948	0.08125	0.07404	0.01927	0.01402	0.12356	0.47440	0.03232	0.02627	0.02544	0.01970	0.00961	0.00767	0.00250	0.00693	0.00803	0.00701	0.01181
46	0.02037	0.01470	0.04042	0.01282	0.01891	0.01212	0.01065	0.07951	0.06531	0.16212	0.03873	0.04926	0.01701	0.00810	0.00666	0.00174	0.00614	0.00662	0.00615	0.42265
47	0.01737	0.10643	0.42984	0.08165	0.03308	0.01862	0.11107	0.02444	0.01654	0.07028	0.01467	0.01728	0.01058	0.00721	0.00726	0.00235	0.01067	0.00614	0.00375	0.01080
48	0.01719	0.01765	0.02237	0.01938	0.01979	0.07824	0.01597	0.01894	0.01247	0.01824	0.01077	0.01721	0.01053	0.01565	0.06739	0.00378	0.61617	0.00659	0.00342	0.00824
49	0.05556	0.02024	0.08293	0.08893	0.08471	0.01839	0.43603	0.04613	0.01777	0.02505	0.01576	0.04378	0.01251	0.00730	0.00837	0.00252	0.01138	0.00849	0.00403	0.01013
50	0.01582	0.01779	0.08388	0.41100	0.14585	0.04494	0.09143	0.02095	0.01610	0.02114	0.01515	0.05437	0.01249	0.00810	0.00776	0.00248	0.01019	0.00755	0.00367	0.00934
51	0.01631	0.02517	0.24611	0.02686	0.03502	0.01756	0.40358	0.02302	0.01702	0.02378	0.01709	0.08041	0.01426	0.00815	0.00847	0.00255	0.01156	0.00899	0.00391	0.01019
52	0.01414	0.00707	0.00707	0.00707	0.00884	0.00707	0.00530	0.01767	0.01591	0.02828	0.02474	0.02828	0.01944	0.00884	0.00530	0.00177	0.00353	0.00707	0.77554	0.00707
53	0.02118	0.02168	0.20235	0.08317	0.09617	0.01644	0.01831	0.07081	0.15475	0.17415	0.02224	0.02441	0.01636	0.00901	0.00763	0.00246	0.00839	0.03295	0.00602	0.01152

[dist]
# distance from previous block
# <min> <max>
4	24

[block]
# block no. 6 follows, 26 sequences, length 124
# corresponding to MSA columns:
# 333-456
name=unknown_G
#
# <colnr> <probs for GDERKNQSTAVLIFYWHMCP>
#	G	D	E	R	K	N	Q	S	T	A	V	L	I	F	Y	W	H	M	C	P
0	0.02054	0.01593	0.01799	0.01338	0.01978	0.01457	0.01084	0.21561	0.04791	0.05774	0.01624	0.01737	0.01250	0.00701	0.00638	0.00158	0.00649	0.00549	0.00575	0.48690
1	0.64515	0.01475	0.01229	0.01086	0.01558	0.01685	0.00886	0.02542	0.09229	0.07748	0.01428	0.01513	0.01070	0.00759	0.00525	0.00237	0.00592	0.00488	0.00537	0.00898
2	0.22146	0.28437	0.16498	0.01439	0.02128	0.04958	0.01474	0.05981	0.01632	0.02560	0.01187	0.01366	0.00959	0.00693	0.00559	0.00199	0.00824	0.00461	0.00398	0.06101
3	0.01414	0.00707	0.00707	0.00707	0.00884	0.00707	0.00530	0.01767	0.01591	0.02828	0.02474	0.02828	0.01944	0.00884	0.00530	0.00177	0.00353	0.00707	0.77554	0.00707
4	0.02698	0.02508	0.02217	0.01922	0.04940	0.24753	0.01474	0.31729	0.06466	0.06013	0.01649	0.01750	0.01244	0.00898	0.00864	0.00227	0.06311	0.00630	0.00598	0.01111
5	0.01328	0.01070	0.01201	0.03808	0.03844	0.05200	0.00812	0.03565	0.04231	0.02235	0.23386	0.04493	0.03845	0.32986	0.04450	0.00486	0.00710	0.01087	0.00588	0.00673
6	0.01408	0.00704	0.00726	0.00726	0.00891	0.00704	0.00539	0.01716	0.01551	0.02727	0.02397	0.02793	0.01902	0.01000	0.00692	0.05349	0.00374	0.00704	0.72417	0.00682
7	0.02309	0.01767	0.01959	0.05639	0.07022	0.06178	0.01344	0.29097	0.10126	0.09609	0.05292	0.07278	0.06813	0.01091	0.00785	0.00239	0.00760	0.00890	0.00697	0.01106
8	0.01418	0.05519	0.01318	0.01094	0.01402	0.11621	0.00851	0.05821	0.01890	0.02224	0.09190	0.05224	0.40489	0.01886	0.06427	0.00316	0.00721	0.01222	0.00622	0.00747
9	0.01773	0.01396	0.01631	0.01179	0.01843	0.01107	0.00948	0.06289	0.01742	0.06739	0.01481	0.01652	0.01181	0.00608	0.00587	0.00128	0.00585	0.00484	0.00500	0.68147
10	0.05852	0.01890	0.02107	0.01642	0.02184	0.02074	0.01354	0.47311	0.03049	0.14272	0.04409	0.02047	0.01562	0.00958	0.00868	0.00236	0.05509	0.00709	0.00749	0.01219
11	0.02833	0.03615	0.02149	0.01954	0.02345	0.70298	0.01466	0.03029	0.02149	0.01856	0.01172	0.01368	0.00977	0.00782	0.00684	0.00195	0.01368	0.00489	0.00391	0.00879
12	0.01415	0.00750	0.00811	0.05417	0.01172	0.00772	0.00635	0.01779	0.01586	0.02769	0.02399	0.02774	0.01882	0.00875	0.00545	0.00182	0.00397	0.00705	0.72418	0.00716
13	0.00958	0.00780	0.00853	0.00862	0.01098	0.00676	0.00664	0.01192	0.01796	0.02227	0.16746	0.07174	0.52197	0.01881	0.00912	0.00263	0.00412	0.07927	0.00724	0.00658
14	0.02108	0.06643	0.06142	0.01592	0.02116	0.02002	0.01344	0.14519	0.45149	0.06019	0.02623	0.02462	0.01947	0.00961	0.00747	0.00244	0.00689	0.00775	0.00719	0.01200
15	0.01318	0.00659	0.00988	0.00988	0.00988	0.00659	0.00659	0.00988	0.00988	0.01318	0.01318	0.02306	0.01318	0.02635	0.02964	0.77931	0.00659	0.00659	0.00329	0.00329
16	0.01414	0.00707	0.00707	0.00707	0.00884	0.00707	0.00530	0.01767	0.01591	0.02828	0.02474	0.02828	0.01944	0.00884	0.00530	0.00177	0.00353	0.00707	0.77554	0.00707
17	0.01988	0.02011	0.02788	0.10757	0.46081	0.11389	0.02108	0.04715	0.01795	0.02379	0.01369	0.01804	0.01141	0.00751	0.00858	0.00231	0.05701	0.00649	0.00385	0.01099
18	0.02209	0.01718	0.01836	0.01547	0.02029	0.01920	0.01233	0.24425	0.38724	0.06335	0.02991	0.02804	0.06678	0.01050	0.00776	0.00246	0.00665	0.00849	0.00770	0.01194
19	0.01875	0.02545	0.28751	0.02057	0.07225	0.01766	0.04784	0.07200	0.22572	0.07391	0.04642	0.02268	0.01738	0.00871	0.00759	0.00244	0.00867	0.00731	0.00561	0.01155
20	0.00924	0.00660	0.00880	0.01056	0.01100	0.00616	0.00704	0.01056	0.01452	0.01936	0.04181	0.72848	0.05017	0.02376	0.00968	0.00308	0.00440	0.02156	0.00704	0.00616
21	0.01183	0.00784	0.00868	0.00841	0.00971	0.00727	0.00545	0.01270	0.01396	0.06176	0.04305	0.05632	0.25909	0.43236	0.02605	0.00532	0.00605	0.01257	0.00578	0.00579
22	0.02028	0.73799	0.03975	0.01298	0.01947	0.03001	0.01298	0.02271	0.01541	0.01785	0.01055	0.01217	0.00973	0.00649	0.00487	0.00162	0.00811	0.00406	0.00324	0.00973
23	0.00950	0.00692	0.00940	0.03816	0.01263	0.00662	0.00760	0.01106	0.01483	0.01981	0.06663	0.67349	0.04946	0.02279	0.00957	0.00303	0.00459	0.02066	0.00695	0.00629
24	0.02464	0.01921	0.02076	0.01743	0.03966	0.02154	0.01370	0.39926	0.28617	0.04085	0.02310	0.02220	0.01692	0.00951	0.00764	0.00239	0.00744	0.00752	0.00754	0.01252
25	0.01828	0.01759	0.02808	0.14204	0.42008	0.03753	0.06852	0.04937	0.06144	0.02494	0.01820	0.02200	0.04227	0.00777	0.00769	0.00235	0.00914	0.00740	0.00427	0.01102
26	0.01582	0.01517	0.06504	0.03854	0.04345	0.01194	0.11318	0.01991	0.01659	0.05362	0.04183	0.09550	0.01986	0.00942	0.00734	0.00198	0.00731	0.05473	0.00504	0.36373
27	0.01693	0.02047	0.23314	0.01620	0.04487	0.01328	0.01576	0.02471	0.11319	0.11338	0.22655	0.03180	0.03224	0.01041	0.00780	0.00234	0.00706	0.00880	0.00635	0.05471
28	0.01697	0.01329	0.01559	0.01139	0.01782	0.01030	0.00911	0.02077	0.03534	0.07645	0.01780	0.01917	0.03909	0.00659	0.00597	0.00132	0.00562	0.00532	0.00507	0.66702
29	0.01989	0.01625	0.08109	0.01441	0.04336	0.01249	0.01202	0.04419	0.08419	0.15618	0.01907	0.02057	0.01451	0.03661	0.00784	0.00196	0.00662	0.00604	0.00573	0.39700
30	0.01830	0.01396	0.01623	0.01226	0.01826	0.01194	0.00979	0.09004	0.06174	0.07902	0.04490	0.04568	0.01670	0.00767	0.00641	0.00156	0.00587	0.00626	0.00567	0.52774
