[name]
unknown

[dist]
# distance from previous block
# <min> <max>
0	51

[block]
# block no. 0 follows, 20 sequences, length 30
# corresponding to MSA columns:
# 74-103
name=unknown_A
#
# <colnr> <probs for GDERKNQSTAVLIFYWHMCP>
#	G	D	E	R	K	N	Q	S	T	A	V	L	I	F	Y	W	H	M	C	P
0	0.01406	0.01004	0.01406	0.01606	0.01807	0.01004	0.01406	0.01807	0.02008	0.02610	0.04618	0.09839	0.05020	0.02410	0.01205	0.00402	0.00803	0.58032	0.00803	0.00803
1	0.03299	0.09539	0.02638	0.01817	0.02503	0.02381	0.01525	0.36393	0.06800	0.20552	0.02437	0.02316	0.01690	0.01031	0.00840	0.00258	0.00884	0.00786	0.00873	0.01438
2	0.01997	0.18278	0.28666	0.02717	0.03731	0.02413	0.24723	0.02741	0.01909	0.02616	0.01563	0.01937	0.01191	0.00775	0.00845	0.00263	0.01279	0.00751	0.00397	0.01208
3	0.01962	0.02287	0.07476	0.03210	0.03973	0.02106	0.45298	0.02605	0.01940	0.02695	0.01837	0.05693	0.01523	0.00919	0.01188	0.00296	0.08111	0.01029	0.00455	0.05397
4	0.10303	0.07311	0.05718	0.01647	0.02300	0.01920	0.01424	0.13013	0.12064	0.28570	0.02713	0.02628	0.01904	0.03449	0.00943	0.00287	0.00812	0.00808	0.00846	0.01340
5	0.46622	0.14412	0.01870	0.01206	0.01711	0.02036	0.01030	0.02416	0.01565	0.03300	0.01493	0.01805	0.01234	0.01414	0.07342	0.00365	0.00870	0.00553	0.07810	0.00947
6	0.01637	0.01220	0.01632	0.01516	0.01775	0.01396	0.01198	0.12795	0.01912	0.02681	0.02291	0.03175	0.02049	0.05503	0.53596	0.01186	0.02076	0.00906	0.00544	0.00912
7	0.02975	0.02125	0.02338	0.01842	0.02408	0.02337	0.01488	0.49678	0.03541	0.04745	0.01985	0.02200	0.01489	0.01422	0.01352	0.14320	0.00922	0.00780	0.00779	0.01275
8	0.02094	0.01719	0.01962	0.01427	0.02188	0.01454	0.01152	0.13313	0.02242	0.03344	0.01653	0.01863	0.01328	0.00722	0.00689	0.00154	0.00705	0.00568	0.00584	0.60839
9	0.03313	0.02519	0.02611	0.02018	0.02705	0.05493	0.01659	0.58455	0.04029	0.05349	0.02061	0.02071	0.01468	0.01041	0.00869	0.00260	0.00987	0.00775	0.00854	0.01463
10	0.01336	0.00839	0.00925	0.00925	0.00964	0.00839	0.00544	0.01413	0.01375	0.01986	0.02767	0.05244	0.02994	0.56427	0.03716	0.00724	0.00763	0.01182	0.14454	0.00582
11	0.02159	0.02073	0.03541	0.05354	0.63903	0.02073	0.02677	0.02677	0.01986	0.02850	0.01641	0.02159	0.01382	0.00777	0.00864	0.00259	0.01036	0.00777	0.00432	0.01382
12	0.01722	0.01617	0.02725	0.51399	0.17536	0.01904	0.02394	0.02270	0.01790	0.02355	0.01730	0.05586	0.01436	0.00945	0.00882	0.00287	0.01105	0.00860	0.00417	0.01040
13	0.01809	0.01550	0.01809	0.01292	0.02067	0.01163	0.01034	0.02196	0.01809	0.02842	0.01550	0.01809	0.01292	0.00646	0.00646	0.00129	0.00646	0.00517	0.00517	0.74677
14	0.03651	0.01682	0.02181	0.05778	0.02561	0.01610	0.01430	0.15559	0.02773	0.48696	0.03051	0.02752	0.01960	0.01060	0.00876	0.00270	0.00813	0.00852	0.00994	0.01452
15	0.01979	0.30256	0.41091	0.02095	0.03170	0.02587	0.02541	0.02703	0.01814	0.02483	0.01426	0.01667	0.01111	0.00796	0.00723	0.00241	0.01149	0.00574	0.00370	0.01222
16	0.01212	0.00993	0.01081	0.01041	0.01331	0.00916	0.00786	0.01729	0.08650	0.02819	0.23705	0.07307	0.41322	0.01978	0.01015	0.00289	0.00460	0.01674	0.00861	0.00831
17	0.01169	0.00859	0.01116	0.01264	0.01409	0.00806	0.00957	0.01424	0.01881	0.02458	0.10063	0.37372	0.14970	0.02481	0.01120	0.00352	0.00573	0.18155	0.00820	0.00749
18	0.01647	0.01550	0.02616	0.67248	0.06008	0.01938	0.02422	0.02229	0.01744	0.02229	0.01550	0.02326	0.01163	0.00872	0.00872	0.00291	0.01163	0.00775	0.00388	0.00969
19	0.01241	0.00902	0.01208	0.01388	0.01544	0.00868	0.01111	0.01533	0.01883	0.02444	0.05132	0.31104	0.11470	0.02506	0.01153	0.00373	0.00657	0.31914	0.00806	0.00762
20	0.01702	0.01566	0.02617	0.56753	0.12066	0.01890	0.02349	0.02267	0.01775	0.02354	0.01633	0.02359	0.01247	0.00870	0.00856	0.00282	0.01107	0.00778	0.04524	0.01005
21	0.01735	0.01587	0.02600	0.56598	0.09255	0.01921	0.02344	0.04692	0.01874	0.02428	0.01767	0.02766	0.01426	0.00968	0.00892	0.00294	0.01124	0.04284	0.00436	0.01006
22	0.02219	0.02113	0.03594	0.05049	0.56422	0.02118	0.06466	0.06066	0.02114	0.03000	0.01675	0.02168	0.01384	0.00790	0.00875	0.00262	0.01061	0.00794	0.00458	0.01374
23	0.01647	0.01550	0.02616	0.67248	0.06008	0.01938	0.02422	0.02229	0.01744	0.02229	0.01550	0.02326	0.01163	0.00872	0.00872	0.00291	0.01163	0.00775	0.00388	0.00969
24	0.03336	0.01543	0.02164	0.01655	0.02322	0.01358	0.05179	0.03828	0.05740	0.47367	0.05974	0.02985	0.02325	0.01049	0.00870	0.00258	0.00761	0.00887	0.00959	0.09440
25	0.01647	0.01550	0.02616	0.67248	0.06008	0.01938	0.02422	0.02229	0.01744	0.02229	0.01550	0.02326	0.01163	0.00872	0.00872	0.00291	0.01163	0.00775	0.00388	0.00969
26	0.03070	0.09722	0.02733	0.01902	0.02566	0.02664	0.01588	0.50940	0.03697	0.04920	0.02164	0.06104	0.01706	0.01117	0.00853	0.00259	0.00929	0.00854	0.00814	0.01396
27	0.09997	0.09804	0.28879	0.06264	0.03006	0.05202	0.02152	0.06234	0.05074	0.03064	0.10124	0.02499	0.02175	0.00987	0.00804	0.00265	0.01021	0.00766	0.00531	0.01152
28	0.33468	0.01609	0.01649	0.01385	0.01932	0.01706	0.01124	0.07051	0.08806	0.21489	0.09209	0.02691	0.02346	0.01055	0.00753	0.00273	0.00685	0.00792	0.00804	0.01171
29	0.25086	0.02288	0.17553	0.01562	0.02177	0.05479	0.01537	0.02315	0.01872	0.03181	0.14244	0.10192	0.03024	0.01225	0.00797	0.00272	0.00813	0.00973	0.00604	0.04807

[dist]
# distance from previous block
# <min> <max>
5	17

[block]
# block no. 1 follows, 20 sequences, length 9
# corresponding to MSA columns:
# 121-129
name=unknown_B
#
# <colnr> <probs for GDERKNQSTAVLIFYWHMCP>
#	G	D	E	R	K	N	Q	S	T	A	V	L	I	F	Y	W	H	M	C	P
0	0.36889	0.05971	0.01930	0.06511	0.02303	0.04693	0.01259	0.12854	0.02139	0.05490	0.05115	0.01987	0.01563	0.00907	0.00683	0.00251	0.00800	0.00634	0.00611	0.07410
1	0.07702	0.02021	0.02244	0.01755	0.02380	0.02151	0.01440	0.38979	0.03424	0.16970	0.09555	0.02749	0.02382	0.01126	0.00871	0.00265	0.00834	0.00878	0.00904	0.01372
2	0.07164	0.02132	0.02362	0.01835	0.02507	0.02280	0.01511	0.40490	0.07021	0.19979	0.02470	0.02345	0.01693	0.01051	0.00857	0.00266	0.00875	0.00804	0.00908	0.01449
3	0.06247	0.01389	0.01569	0.01300	0.01810	0.01239	0.01005	0.09153	0.02101	0.03092	0.06778	0.17176	0.09278	0.01388	0.00832	0.00229	0.00621	0.01173	0.00683	0.32935
4	0.08787	0.05626	0.02125	0.01572	0.02187	0.01726	0.01290	0.14470	0.05979	0.32412	0.02893	0.08202	0.02163	0.01155	0.00839	0.00264	0.00760	0.00927	0.00889	0.05735
5	0.26741	0.05955	0.06542	0.01346	0.01881	0.01807	0.01191	0.12752	0.02121	0.06563	0.01993	0.02292	0.01548	0.03501	0.00803	0.00268	0.00726	0.00680	0.20237	0.01051
6	0.14719	0.01072	0.01211	0.01127	0.01430	0.01045	0.00862	0.01944	0.02174	0.08393	0.36008	0.10368	0.13089	0.01677	0.00935	0.00282	0.00497	0.01424	0.00865	0.00880
7	0.01606	0.01477	0.02400	0.55635	0.05240	0.01759	0.02157	0.02132	0.01743	0.02279	0.01853	0.08463	0.01602	0.01026	0.00876	0.00283	0.01059	0.00912	0.00438	0.07058
8	0.01903	0.01594	0.01814	0.01351	0.02061	0.01327	0.01080	0.07723	0.05486	0.03093	0.02342	0.02485	0.06747	0.00848	0.00714	0.00165	0.00660	0.00682	0.00596	0.57328

[dist]
# distance from previous block
# <min> <max>
0	1

[block]
# block no. 2 follows, 20 sequences, length 7
# corresponding to MSA columns:
# 131-137
name=unknown_C
#
# <colnr> <probs for GDERKNQSTAVLIFYWHMCP>
#	G	D	E	R	K	N	Q	S	T	A	V	L	I	F	Y	W	H	M	C	P
0	0.03086	0.02329	0.02488	0.01961	0.02618	0.02598	0.01602	0.49700	0.15770	0.05127	0.02386	0.02327	0.01720	0.01074	0.00876	0.00269	0.00906	0.00826	0.00876	0.01463
1	0.02491	0.01529	0.01879	0.01376	0.02119	0.01201	0.01114	0.02862	0.02032	0.22834	0.02163	0.02185	0.01573	0.00787	0.00721	0.00175	0.00677	0.00634	0.00699	0.50948
2	0.43442	0.02188	0.08974	0.01552	0.02204	0.02141	0.01405	0.14553	0.09582	0.04065	0.01721	0.01829	0.01284	0.00906	0.00683	0.00272	0.00805	0.00619	0.00630	0.01146
3	0.01809	0.01550	0.01809	0.01292	0.02067	0.01163	0.01034	0.02196	0.01809	0.02842	0.01550	0.01809	0.01292	0.00646	0.00646	0.00129	0.00646	0.00517	0.00517	0.74677
4	0.16347	0.01261	0.01439	0.06759	0.01962	0.01331	0.01087	0.09021	0.01947	0.03002	0.03311	0.38008	0.03656	0.01875	0.00924	0.00309	0.00658	0.01624	0.00713	0.04765
5	0.01349	0.00991	0.01234	0.01277	0.01357	0.01037	0.00873	0.05713	0.01712	0.02308	0.03759	0.41155	0.04382	0.21362	0.02163	0.00488	0.05516	0.01887	0.00704	0.00733
6	0.15329	0.01969	0.01854	0.06488	0.04695	0.14383	0.01366	0.04783	0.01893	0.02857	0.02036	0.09530	0.01864	0.01208	0.01079	0.00275	0.11285	0.00875	0.15284	0.00948

[dist]
# distance from previous block
# <min> <max>
4	12

[block]
# block no. 3 follows, 20 sequences, length 17
# corresponding to MSA columns:
# 150-166
name=unknown_D
#
# <colnr> <probs for GDERKNQSTAVLIFYWHMCP>
#	G	D	E	R	K	N	Q	S	T	A	V	L	I	F	Y	W	H	M	C	P
0	0.20229	0.01361	0.01551	0.05519	0.01976	0.01377	0.03492	0.02116	0.04401	0.03386	0.26449	0.05140	0.16441	0.01585	0.00954	0.00311	0.00651	0.01282	0.00808	0.00971
1	0.02161	0.02040	0.03284	0.04768	0.53803	0.02088	0.02465	0.02998	0.11874	0.02981	0.01954	0.02338	0.01592	0.00844	0.00867	0.00265	0.00980	0.00811	0.00506	0.01382
2	0.01647	0.01550	0.02616	0.67248	0.06008	0.01938	0.02422	0.02229	0.01744	0.02229	0.01550	0.02326	0.01163	0.00872	0.00872	0.00291	0.01163	0.00775	0.00388	0.00969
3	0.01647	0.01550	0.02616	0.67248	0.06008	0.01938	0.02422	0.02229	0.01744	0.02229	0.01550	0.02326	0.01163	0.00872	0.00872	0.00291	0.01163	0.00775	0.00388	0.00969
4	0.03258	0.04157	0.02472	0.02247	0.02697	0.65843	0.01685	0.03483	0.02472	0.02135	0.01348	0.01573	0.01124	0.00899	0.00787	0.00225	0.01573	0.00562	0.00449	0.01011
5	0.01809	0.01550	0.01809	0.01292	0.02067	0.01163	0.01034	0.02196	0.01809	0.02842	0.01550	0.01809	0.01292	0.00646	0.00646	0.00129	0.00646	0.00517	0.00517	0.74677
6	0.01268	0.00846	0.00951	0.00951	0.00951	0.00846	0.00529	0.01268	0.01268	0.01691	0.02748	0.05708	0.03171	0.69345	0.04440	0.00846	0.00846	0.01268	0.00529	0.00529
7	0.03117	0.01300	0.01760	0.01430	0.01954	0.01138	0.01147	0.03453	0.02418	0.46591	0.15749	0.09527	0.03713	0.01369	0.00929	0.00278	0.00654	0.01162	0.01031	0.01281
8	0.02885	0.03042	0.02428	0.02208	0.05065	0.31409	0.01654	0.15260	0.17843	0.03222	0.02057	0.02143	0.01596	0.01026	0.00932	0.00259	0.04384	0.00732	0.00641	0.01212
9	0.01562	0.01211	0.01387	0.05390	0.01805	0.01216	0.01008	0.11292	0.05488	0.02901	0.08642	0.12567	0.31674	0.01986	0.01207	0.06887	0.00619	0.01513	0.00767	0.00878
10	0.01897	0.21019	0.49607	0.02235	0.03387	0.02386	0.02786	0.02724	0.01824	0.02583	0.01476	0.01730	0.01109	0.00808	0.00761	0.00254	0.01199	0.00600	0.00370	0.01246
11	0.03268	0.03876	0.02496	0.02208	0.02698	0.55497	0.01681	0.12907	0.02739	0.02686	0.01471	0.01658	0.01183	0.00923	0.00801	0.00231	0.01473	0.00598	0.00519	0.01089
12	0.02315	0.01775	0.01952	0.01670	0.02230	0.01900	0.01312	0.04190	0.45384	0.10664	0.03210	0.02984	0.02379	0.01083	0.00847	0.00266	0.00689	0.00896	0.00849	0.13404
13	0.01483	0.04813	0.01644	0.01423	0.01593	0.01378	0.01090	0.05352	0.01705	0.02371	0.08010	0.14371	0.03229	0.13308	0.25867	0.00796	0.08922	0.01239	0.00587	0.00818
14	0.14914	0.02430	0.02186	0.01787	0.02358	0.13241	0.01437	0.34624	0.03168	0.04413	0.05749	0.02235	0.01801	0.01028	0.00799	0.00254	0.00955	0.00747	0.04639	0.01236
15	0.02110	0.01775	0.02272	0.18325	0.06303	0.01770	0.01612	0.14281	0.05476	0.03269	0.01771	0.02091	0.01375	0.00820	0.00773	0.00212	0.00862	0.00674	0.00572	0.33657
16	0.02008	0.01833	0.02270	0.05159	0.16046	0.05559	0.01519	0.05177	0.02040	0.02941	0.05506	0.02206	0.01745	0.00793	0.00748	0.00187	0.00815	0.00669	0.00533	0.42246

[dist]
# distance from previous block
# <min> <max>
46	83

[block]
# block no. 4 follows, 20 sequences, length 11
# corresponding to MSA columns:
# 258-268
name=unknown_E
#
# <colnr> <probs for GDERKNQSTAVLIFYWHMCP>
#	G	D	E	R	K	N	Q	S	T	A	V	L	I	F	Y	W	H	M	C	P
0	0.16016	0.01767	0.04979	0.04701	0.04487	0.05110	0.01319	0.02895	0.18303	0.05167	0.16031	0.05880	0.07321	0.01293	0.00858	0.00281	0.00721	0.01059	0.00743	0.01071
1	0.02335	0.06849	0.05938	0.16110	0.08772	0.05632	0.03152	0.08577	0.02206	0.12969	0.04109	0.09508	0.02094	0.01112	0.00859	0.00263	0.00949	0.00944	0.00630	0.06991
2	0.02230	0.12264	0.02502	0.11918	0.02845	0.08158	0.01520	0.10471	0.15953	0.03057	0.02441	0.02565	0.05287	0.00988	0.00789	0.00237	0.00896	0.00775	0.00616	0.14487
3	0.01958	0.01593	0.01826	0.01427	0.02060	0.01408	0.01122	0.11429	0.06488	0.03223	0.02273	0.12108	0.02099	0.01064	0.00770	0.00196	0.00677	0.00890	0.00644	0.46746
4	0.01793	0.01281	0.01507	0.01417	0.01671	0.04631	0.01068	0.02020	0.01889	0.12078	0.06975	0.31022	0.11470	0.01962	0.01231	0.00310	0.09074	0.01644	0.00765	0.06192
5	0.01722	0.01058	0.01309	0.01268	0.01529	0.00980	0.00918	0.06040	0.01992	0.12224	0.04581	0.37875	0.11748	0.06989	0.01264	0.00350	0.00600	0.01832	0.00820	0.04900
6	0.01854	0.02031	0.09978	0.03908	0.39374	0.01790	0.02291	0.02370	0.01804	0.02607	0.01829	0.02481	0.01576	0.02412	0.19237	0.00584	0.01433	0.00806	0.00435	0.01201
7	0.02712	0.07627	0.02427	0.01781	0.02386	0.09260	0.01443	0.33258	0.03071	0.04024	0.02199	0.10341	0.01925	0.01157	0.00833	0.00243	0.00919	0.00907	0.00723	0.12765
8	0.02111	0.10301	0.02284	0.01429	0.02189	0.01693	0.01189	0.11455	0.02163	0.03159	0.01593	0.01802	0.01300	0.00721	0.00671	0.00157	0.00731	0.00552	0.00554	0.53945
9	0.13538	0.02267	0.10381	0.04561	0.02984	0.05674	0.17320	0.09797	0.02165	0.03195	0.05016	0.12309	0.02237	0.01161	0.00888	0.00282	0.01031	0.01055	0.00583	0.03554
10	0.03142	0.02624	0.15019	0.01904	0.02651	0.11725	0.01777	0.07257	0.08942	0.31938	0.02660	0.02498	0.01795	0.01009	0.00854	0.00266	0.00992	0.00786	0.00802	0.01359

[dist]
# distance from previous block
# <min> <max>
7	10

[block]
# block no. 5 follows, 20 sequences, length 53
# corresponding to MSA columns:
# 279-316,319-333
name=unknown_F
#
# <colnr> <probs for GDERKNQSTAVLIFYWHMCP>
#	G	D	E	R	K	N	Q	S	T	A	V	L	I	F	Y	W	H	M	C	P
0	0.01939	0.02056	0.12438	0.01573	0.02348	0.01454	0.01459	0.02763	0.11558	0.06512	0.05954	0.02413	0.01974	0.00860	0.00753	0.00198	0.00752	0.00702	0.00611	0.41682
1	0.06021	0.01302	0.01535	0.01314	0.01733	0.01245	0.01039	0.08596	0.04951	0.07995	0.31283	0.04846	0.06947	0.01439	0.00916	0.00258	0.00583	0.04389	0.00848	0.12760
2	0.01738	0.00968	0.00999	0.00921	0.01200	0.00950	0.00705	0.05404	0.01957	0.03346	0.02694	0.03065	0.02114	0.00987	0.00628	0.00200	0.00458	0.00787	0.63845	0.07033
3	0.13204	0.01623	0.01878	0.12358	0.02675	0.01827	0.01408	0.03506	0.28812	0.10753	0.07274	0.06037	0.02644	0.01178	0.00852	0.00289	0.00743	0.00973	0.00778	0.01188
4	0.01871	0.09311	0.42113	0.05633	0.03943	0.02186	0.17354	0.02734	0.01885	0.02687	0.01585	0.01954	0.01163	0.00801	0.00858	0.00274	0.01299	0.00731	0.00388	0.01232
5	0.01250	0.00920	0.01329	0.01329	0.01460	0.01051	0.01000	0.01511	0.01380	0.01971	0.02403	0.03794	0.02340	0.16642	0.56006	0.01312	0.02097	0.00988	0.00477	0.00739
6	0.01809	0.01550	0.01809	0.01292	0.02067	0.01163	0.01034	0.02196	0.01809	0.02842	0.01550	0.01809	0.01292	0.00646	0.00646	0.00129	0.00646	0.00517	0.00517	0.74677
7	0.03611	0.01521	0.02004	0.01551	0.02218	0.01346	0.01271	0.04126	0.07349	0.54835	0.03307	0.02904	0.02135	0.01055	0.00860	0.00261	0.00731	0.00859	0.01021	0.07035
8	0.02332	0.69869	0.04571	0.01493	0.02239	0.03451	0.01493	0.02612	0.01772	0.02052	0.01213	0.01399	0.01119	0.00746	0.00560	0.00187	0.00933	0.00466	0.00373	0.01119
9	0.01515	0.00758	0.01136	0.01136	0.01136	0.00758	0.00758	0.01136	0.01136	0.01515	0.01515	0.02652	0.01515	0.03030	0.03409	0.74621	0.00758	0.00758	0.00379	0.00379
10	0.03316	0.02443	0.02618	0.02007	0.02705	0.02705	0.01658	0.60995	0.04101	0.05497	0.02094	0.02094	0.01483	0.01047	0.00873	0.00262	0.00960	0.00785	0.00873	0.01483
11	0.01063	0.00759	0.01012	0.01215	0.01265	0.00709	0.00810	0.01215	0.01670	0.02227	0.04808	0.68775	0.05769	0.02733	0.01113	0.00354	0.00506	0.02480	0.00810	0.00709
12	0.02130	0.02043	0.03488	0.08860	0.60624	0.02065	0.02663	0.02652	0.01972	0.02815	0.01636	0.02168	0.01369	0.00783	0.00864	0.00261	0.01043	0.00777	0.00429	0.01358
13	0.02170	0.01874	0.01972	0.01775	0.02268	0.02170	0.01381	0.04635	0.62327	0.03649	0.03550	0.03254	0.02663	0.01183	0.00888	0.00296	0.00690	0.00986	0.00888	0.01381
14	0.01647	0.01550	0.02616	0.67248	0.06008	0.01938	0.02422	0.02229	0.01744	0.02229	0.01550	0.02326	0.01163	0.00872	0.00872	0.00291	0.01163	0.00775	0.00388	0.00969
15	0.01239	0.00826	0.01098	0.01201	0.01320	0.00764	0.00835	0.01465	0.01909	0.05464	0.19446	0.50080	0.06217	0.02417	0.01081	0.00330	0.00493	0.02178	0.00860	0.00774
16	0.01061	0.00767	0.01004	0.01193	0.01260	0.00710	0.00800	0.01217	0.01690	0.02235	0.05066	0.64898	0.09480	0.02699	0.01108	0.00350	0.00502	0.02439	0.00810	0.00710
17	0.01239	0.00848	0.00958	0.00963	0.00999	0.00830	0.00564	0.01283	0.01400	0.01852	0.06181	0.08395	0.08562	0.57999	0.03867	0.00754	0.00778	0.01377	0.00583	0.00567
18	0.02106	0.01801	0.01925	0.01761	0.02230	0.02072	0.01383	0.04398	0.57279	0.03562	0.03640	0.03806	0.02860	0.01286	0.00914	0.00305	0.00700	0.05761	0.00881	0.01332
19	0.03316	0.02443	0.02618	0.02007	0.02705	0.02705	0.01658	0.60995	0.04101	0.05497	0.02094	0.02094	0.01483	0.01047	0.00873	0.00262	0.00960	0.00785	0.00873	0.01483
20	0.01833	0.01583	0.02006	0.01475	0.02201	0.01262	0.05023	0.04566	0.01909	0.02903	0.01824	0.06731	0.01628	0.00820	0.00715	0.00162	0.00704	0.00705	0.00548	0.61403
21	0.01661	0.01205	0.01854	0.06620	0.02175	0.01257	0.06684	0.01948	0.01835	0.09912	0.08316	0.36549	0.04204	0.01984	0.01264	0.00331	0.08818	0.01742	0.00736	0.00905
22	0.02947	0.02229	0.02418	0.01844	0.02551	0.02352	0.01513	0.46134	0.05875	0.04853	0.02034	0.02078	0.01488	0.00966	0.00824	0.00235	0.00882	0.00735	0.00797	0.17246
23	0.01159	0.00800	0.00984	0.01091	0.01118	0.00773	0.00678	0.01240	0.01482	0.01976	0.03844	0.39270	0.04554	0.33896	0.02670	0.00584	0.00665	0.01913	0.00678	0.00624
24	0.03359	0.02451	0.02566	0.01984	0.02668	0.05562	0.01631	0.53984	0.03903	0.09821	0.02162	0.02136	0.01518	0.01043	0.00869	0.00261	0.00972	0.00782	0.00868	0.01461
25	0.01515	0.00758	0.01136	0.01136	0.01136	0.00758	0.00758	0.01136	0.01136	0.01515	0.01515	0.02652	0.01515	0.03030	0.03409	0.74621	0.00758	0.00758	0.00379	0.00379
26	0.03629	0.01548	0.02016	0.01588	0.02233	0.01427	0.01298	0.04314	0.12250	0.54587	0.03459	0.03015	0.02241	0.01097	0.00879	0.00274	0.00734	0.00895	0.01048	0.01468
27	0.06448	0.04067	0.56111	0.02299	0.03461	0.01934	0.02902	0.02668	0.01864	0.02890	0.06047	0.02155	0.01613	0.00897	0.00825	0.00276	0.01186	0.00701	0.00422	0.01233
28	0.02167	0.02426	0.04116	0.03333	0.09020	0.09473	0.35001	0.02696	0.01927	0.02560	0.01560	0.02142	0.01264	0.00946	0.01423	0.00304	0.17201	0.00891	0.00427	0.01123
29	0.01522	0.01246	0.01503	0.01262	0.01759	0.00988	0.00948	0.01819	0.01755	0.02606	0.02802	0.27535	0.03012	0.01448	0.00826	0.00216	0.00592	0.01271	0.00629	0.46261
30	0.02122	0.02035	0.03473	0.09859	0.59689	0.02063	0.02659	0.02644	0.01969	0.02805	0.01634	0.02171	0.01366	0.00784	0.00864	0.00261	0.01045	0.00777	0.00429	0.01352
31	0.03914	0.01484	0.02024	0.01552	0.02227	0.01282	0.01282	0.04251	0.02497	0.64507	0.03441	0.02969	0.02159	0.01080	0.00877	0.00270	0.00742	0.00877	0.01080	0.01484
32	0.02074	0.02286	0.04704	0.03411	0.04239	0.02201	0.52458	0.03051	0.10464	0.02913	0.02014	0.02479	0.01510	0.00798	0.01010	0.00294	0.01362	0.01023	0.00503	0.01205
33	0.01750	0.04512	0.64825	0.02486	0.03775	0.02026	0.03223	0.02762	0.01842	0.02762	0.01565	0.01842	0.01105	0.00829	0.00829	0.00276	0.01289	0.00645	0.00368	0.01289
34	0.01706	0.04209	0.59497	0.02370	0.03568	0.01925	0.03022	0.02669	0.01894	0.02824	0.06744	0.02233	0.01701	0.00909	0.00845	0.00276	0.01216	0.00723	0.00418	0.01250
35	0.03914	0.01484	0.02024	0.01552	0.02227	0.01282	0.01282	0.04251	0.02497	0.64507	0.03441	0.02969	0.02159	0.01080	0.00877	0.00270	0.00742	0.00877	0.01080	0.01484
36	0.01634	0.01480	0.02822	0.02259	0.02706	0.01379	0.26156	0.02067	0.01952	0.05517	0.09233	0.31485	0.03963	0.01718	0.01058	0.00317	0.00915	0.01703	0.00681	0.00954
37	0.75506	0.01687	0.01282	0.01147	0.01687	0.01957	0.00945	0.02564	0.01484	0.03914	0.01215	0.01417	0.00945	0.00810	0.00540	0.00270	0.00675	0.00472	0.00540	0.00945
38	0.01061	0.00766	0.01005	0.01196	0.01260	0.00710	0.00801	0.01217	0.01688	0.02234	0.05036	0.65355	0.09042	0.02703	0.01109	0.00351	0.00502	0.02444	0.00810	0.00710
39	0.02733	0.02069	0.02220	0.01781	0.02366	0.02267	0.01444	0.41245	0.12862	0.04719	0.07707	0.03289	0.08853	0.01249	0.00904	0.00272	0.00820	0.00990	0.00875	0.01337
40	0.02171	0.02419	0.03972	0.05944	0.03831	0.12407	0.38396	0.05360	0.02158	0.02716	0.02076	0.10369	0.01837	0.01028	0.00986	0.00289	0.01331	0.01109	0.00505	0.01097
41	0.02409	0.02215	0.02643	0.02205	0.02438	0.06893	0.01820	0.19389	0.02219	0.03094	0.01436	0.01940	0.01242	0.01345	0.02143	0.00336	0.43833	0.00756	0.00530	0.01113
42	0.01626	0.00813	0.00813	0.00813	0.01016	0.00813	0.00610	0.02033	0.01829	0.03252	0.02846	0.03252	0.02236	0.01016	0.00610	0.00203	0.00407	0.00813	0.74187	0.00813
43	0.01647	0.01550	0.02616	0.67248	0.06008	0.01938	0.02422	0.02229	0.01744	0.02229	0.01550	0.02326	0.01163	0.00872	0.00872	0.00291	0.01163	0.00775	0.00388	0.00969
44	0.13898	0.01513	0.01921	0.01495	0.02151	0.01376	0.01235	0.04016	0.02355	0.56057	0.03131	0.02753	0.01990	0.01042	0.00830	0.00270	0.00733	0.00821	0.01004	0.01409
45	0.01987	0.02721	0.18442	0.06802	0.07902	0.02134	0.30690	0.03041	0.11607	0.02895	0.01983	0.02362	0.01481	0.00839	0.00940	0.00288	0.01258	0.00901	0.00492	0.01237
46	0.01363	0.01047	0.01386	0.01325	0.01380	0.01224	0.00948	0.01504	0.01327	0.01875	0.02346	0.04291	0.02496	0.36213	0.26011	0.00969	0.12056	0.01069	0.00483	0.00685
47	0.07022	0.02024	0.02095	0.01729	0.02298	0.05089	0.01389	0.24092	0.21335	0.13456	0.02724	0.02617	0.01964	0.01071	0.00833	0.00267	0.00810	0.00835	0.07006	0.01343
48	0.02862	0.02239	0.02162	0.01768	0.02351	0.12145	0.01409	0.23018	0.12095	0.13361	0.05361	0.02890	0.05963	0.01121	0.00859	0.00254	0.00900	0.00873	0.00809	0.07560
49	0.01058	0.00776	0.00994	0.01168	0.01253	0.00712	0.00789	0.01220	0.01714	0.02245	0.05370	0.60355	0.13827	0.02660	0.01102	0.00346	0.00497	0.02391	0.00810	0.00712
50	0.01892	0.01486	0.01763	0.01303	0.02017	0.01136	0.01033	0.02259	0.01844	0.06907	0.01924	0.06972	0.01690	0.00833	0.00697	0.00156	0.00642	0.00690	0.00577	0.64179
51	0.02263	0.01902	0.02987	0.02313	0.02791	0.02069	0.15953	0.07001	0.01959	0.10737	0.01872	0.04776	0.01550	0.01150	0.01594	0.00296	0.24779	0.00874	0.00562	0.12572
52	0.02967	0.06707	0.02905	0.02221	0.02781	0.20986	0.06631	0.29003	0.02991	0.03689	0.01685	0.01903	0.01304	0.01019	0.01084	0.00264	0.09277	0.00720	0.00626	0.01236

[dist]
# distance from previous block
# <min> <max>
0	2

[block]
# block no. 6 follows, 20 sequences, length 42
# corresponding to MSA columns:
# 336-377
name=unknown_G
#
# <colnr> <probs for GDERKNQSTAVLIFYWHMCP>
#	G	D	E	R	K	N	Q	S	T	A	V	L	I	F	Y	W	H	M	C	P
0	0.01247	0.01079	0.01092	0.01133	0.01351	0.05115	0.00809	0.01424	0.01853	0.02277	0.06132	0.31050	0.31421	0.02292	0.01129	0.03404	0.00565	0.01902	0.00755	0.03970
1	0.02037	0.02503	0.09291	0.03594	0.04504	0.02193	0.56741	0.02792	0.02044	0.02792	0.01751	0.02317	0.01308	0.00742	0.01015	0.00293	0.01458	0.01003	0.00436	0.01184
2	0.02198	0.54784	0.18479	0.01722	0.02593	0.03122	0.01892	0.02647	0.01788	0.02216	0.01294	0.01501	0.01116	0.00765	0.00622	0.00207	0.01015	0.00508	0.00372	0.01159
3	0.01778	0.01514	0.01764	0.01312	0.02024	0.01185	0.01037	0.02259	0.04992	0.02844	0.01874	0.06380	0.01665	0.00814	0.00690	0.00153	0.00639	0.00673	0.00556	0.65846
4	0.01772	0.01739	0.03127	0.49926	0.12517	0.01996	0.11732	0.02371	0.01822	0.02391	0.01595	0.02311	0.01214	0.00839	0.00896	0.00288	0.01197	0.00816	0.00401	0.01050
5	0.05848	0.02231	0.02252	0.01824	0.02378	0.06573	0.01453	0.41622	0.07240	0.04521	0.02349	0.07059	0.01962	0.07236	0.01189	0.00320	0.00930	0.00931	0.00797	0.01284
6	0.02012	0.01191	0.01269	0.01125	0.01425	0.01252	0.00871	0.15796	0.02295	0.03608	0.02538	0.02921	0.01988	0.01223	0.00948	0.07573	0.00571	0.00801	0.49667	0.00928
7	0.02818	0.02009	0.02231	0.01744	0.02375	0.02107	0.01419	0.36357	0.08440	0.09749	0.09466	0.02748	0.02408	0.01093	0.00862	0.00249	0.00811	0.00867	0.00853	0.11393
8	0.01822	0.12591	0.57377	0.02363	0.03585	0.02202	0.03009	0.02744	0.01833	0.02675	0.01522	0.01787	0.01107	0.00819	0.00795	0.00265	0.01245	0.00623	0.00369	0.01268
9	0.01128	0.00823	0.01069	0.01236	0.01318	0.00789	0.00839	0.01411	0.04769	0.02370	0.08057	0.61960	0.05752	0.02601	0.01097	0.00347	0.00510	0.02354	0.00822	0.00749
10	0.01647	0.01550	0.02616	0.67248	0.06008	0.01938	0.02422	0.02229	0.01744	0.02229	0.01550	0.02326	0.01163	0.00872	0.00872	0.00291	0.01163	0.00775	0.00388	0.00969
11	0.01976	0.01150	0.01187	0.01060	0.01366	0.01205	0.00827	0.14237	0.02300	0.03717	0.02690	0.03012	0.02080	0.01023	0.00664	0.00215	0.00521	0.00807	0.59012	0.00952
12	0.24820	0.01594	0.01839	0.01458	0.02094	0.01554	0.01203	0.06751	0.02285	0.43673	0.02719	0.02469	0.01768	0.00999	0.00778	0.00269	0.00734	0.00754	0.00911	0.01327
13	0.01268	0.00846	0.00951	0.00951	0.00951	0.00846	0.00529	0.01268	0.01268	0.01691	0.02748	0.05708	0.03171	0.69345	0.04440	0.00846	0.00846	0.01268	0.00529	0.00529
14	0.02012	0.02277	0.04951	0.03560	0.04403	0.02135	0.57896	0.02719	0.02040	0.02767	0.01909	0.05500	0.01534	0.00830	0.01033	0.00297	0.01425	0.01098	0.00459	0.01154
15	0.02059	0.02353	0.05147	0.03676	0.04559	0.02206	0.60735	0.02794	0.02059	0.02794	0.01765	0.02353	0.01324	0.00735	0.01029	0.00294	0.01471	0.01029	0.00441	0.01176
16	0.02567	0.01810	0.01814	0.01492	0.01959	0.05048	0.01197	0.32077	0.03016	0.04337	0.02388	0.02579	0.01797	0.01026	0.00752	0.00234	0.00747	0.00786	0.33209	0.01164
17	0.01063	0.00759	0.01012	0.01215	0.01265	0.00709	0.00810	0.01215	0.01670	0.02227	0.04808	0.68775	0.05769	0.02733	0.01113	0.00354	0.00506	0.02480	0.00810	0.00709
18	0.01476	0.01319	0.02330	0.01852	0.02255	0.01227	0.18345	0.01982	0.02349	0.03292	0.45404	0.05298	0.06210	0.01477	0.01029	0.00280	0.00721	0.01417	0.00808	0.00926
19	0.01247	0.00930	0.01378	0.01378	0.01526	0.01077	0.01061	0.01542	0.01395	0.02007	0.02358	0.03547	0.02233	0.09847	0.62654	0.01373	0.02258	0.00952	0.00471	0.00766
20	0.01515	0.00758	0.01136	0.01136	0.01136	0.00758	0.00758	0.01136	0.01136	0.01515	0.01515	0.02652	0.01515	0.03030	0.03409	0.74621	0.00758	0.00758	0.00379	0.00379
21	0.02059	0.02353	0.05147	0.03676	0.04559	0.02206	0.60735	0.02794	0.02059	0.02794	0.01765	0.02353	0.01324	0.00735	0.01029	0.00294	0.01471	0.01029	0.00441	0.01176
22	0.01952	0.01988	0.02602	0.02246	0.02279	0.06098	0.01858	0.02151	0.01402	0.02098	0.01212	0.01960	0.01192	0.01725	0.05679	0.00420	0.61040	0.00760	0.00389	0.00949
23	0.01809	0.01550	0.01809	0.01292	0.02067	0.01163	0.01034	0.02196	0.01809	0.02842	0.01550	0.01809	0.01292	0.00646	0.00646	0.00129	0.00646	0.00517	0.00517	0.74677
24	0.03263	0.02417	0.02588	0.01996	0.02685	0.02681	0.01645	0.58416	0.06766	0.05413	0.02161	0.02147	0.01537	0.01053	0.00873	0.00263	0.00948	0.00795	0.00873	0.01479
25	0.01057	0.00781	0.00989	0.01156	0.01250	0.00713	0.00784	0.01221	0.01726	0.02250	0.05521	0.58091	0.15993	0.02640	0.01099	0.00344	0.00495	0.02367	0.00810	0.00713
26	0.02090	0.01717	0.01960	0.01426	0.02186	0.01451	0.01150	0.13187	0.02237	0.03339	0.01652	0.01862	0.01328	0.00721	0.00688	0.00154	0.00705	0.00567	0.00583	0.60995
27	0.01515	0.00758	0.01136	0.01136	0.01136	0.00758	0.00758	0.01136	0.01136	0.01515	0.01515	0.02652	0.01515	0.03030	0.03409	0.74621	0.00758	0.00758	0.00379	0.00379
28	0.01056	0.00786	0.00985	0.01144	0.01247	0.00714	0.00779	0.01222	0.01738	0.02254	0.05663	0.55963	0.18030	0.02622	0.01096	0.00342	0.00492	0.02344	0.00810	0.00714
29	0.02929	0.02219	0.02459	0.05481	0.02763	0.02361	0.01578	0.46237	0.03522	0.04797	0.01958	0.02051	0.01428	0.00959	0.00828	0.00237	0.00910	0.00732	0.00776	0.15774
30	0.01078	0.00770	0.01029	0.01232	0.01289	0.00721	0.00836	0.01240	0.01685	0.02243	0.04799	0.66206	0.05737	0.02719	0.01117	0.00356	0.00519	0.04902	0.00809	0.00713
31	0.01268	0.00846	0.00951	0.00951	0.00951	0.00846	0.00529	0.01268	0.01268	0.01691	0.02748	0.05708	0.03171	0.69345	0.04440	0.00846	0.00846	0.01268	0.00529	0.00529
32	0.01809	0.01550	0.01809	0.01292	0.02067	0.01163	0.01034	0.02196	0.01809	0.02842	0.01550	0.01809	0.01292	0.00646	0.00646	0.00129	0.00646	0.00517	0.00517	0.74677
33	0.01647	0.01550	0.02616	0.67248	0.06008	0.01938	0.02422	0.02229	0.01744	0.02229	0.01550	0.02326	0.01163	0.00872	0.00872	0.00291	0.01163	0.00775	0.00388	0.00969
34	0.01045	0.00884	0.00903	0.00898	0.01187	0.00742	0.00674	0.01279	0.02022	0.02436	0.12629	0.08264	0.59708	0.02180	0.01031	0.00293	0.00440	0.01823	0.00820	0.00742
35	0.33923	0.03109	0.01967	0.01780	0.02268	0.38727	0.01371	0.03093	0.02053	0.02890	0.01292	0.01507	0.01048	0.00861	0.00682	0.00244	0.01192	0.00524	0.00488	0.00983
36	0.03740	0.01446	0.01969	0.01522	0.02167	0.01252	0.01252	0.04082	0.02495	0.60551	0.07332	0.03199	0.02553	0.01125	0.00887	0.00270	0.00721	0.00923	0.01072	0.01442
37	0.01805	0.08566	0.58292	0.02549	0.06324	0.02119	0.03089	0.02749	0.01844	0.02721	0.01546	0.01827	0.01118	0.00821	0.00813	0.00270	0.01255	0.00639	0.00371	0.01282
38	0.01759	0.01665	0.02819	0.53688	0.18692	0.01967	0.02478	0.02327	0.01797	0.02365	0.01570	0.02289	0.01211	0.00851	0.00870	0.00284	0.01135	0.00776	0.00397	0.01059
39	0.02902	0.02554	0.02834	0.07062	0.18724	0.12189	0.01974	0.33355	0.03155	0.04089	0.01828	0.02046	0.01381	0.00943	0.00857	0.00257	0.01087	0.00748	0.00663	0.01352
40	0.01228	0.00829	0.00963	0.01003	0.01013	0.00819	0.00584	0.01258	0.01347	0.01796	0.03151	0.18046	0.03679	0.56313	0.03789	0.00750	0.00779	0.01505	0.00584	0.00564
41	0.02800	0.02067	0.02326	0.02053	0.06330	0.02273	0.01544	0.29978	0.24195	0.09559	0.02722	0.02740	0.02024	0.04075	0.01034	0.00300	0.00846	0.00885	0.00852	0.01399

[dist]
# distance from previous block
# <min> <max>
0	1

[block]
# block no. 7 follows, 20 sequences, length 98
# corresponding to MSA columns:
# 379-476
name=unknown_H
#
# <colnr> <probs for GDERKNQSTAVLIFYWHMCP>
#	G	D	E	R	K	N	Q	S	T	A	V	L	I	F	Y	W	H	M	C	P
0	0.72116	0.01677	0.01317	0.01166	0.01712	0.01925	0.00961	0.02644	0.01532	0.06783	0.01320	0.01490	0.01002	0.00822	0.00556	0.00270	0.00678	0.00492	0.00565	0.00970
1	0.02125	0.02061	0.03588	0.08643	0.57110	0.02073	0.06205	0.02660	0.01977	0.02812	0.01643	0.02180	0.01366	0.00780	0.00874	0.00263	0.01070	0.00792	0.00430	0.01347
2	0.07078	0.02632	0.02168	0.01815	0.02341	0.21774	0.01435	0.29038	0.03039	0.03914	0.02237	0.02352	0.04394	0.01039	0.00799	0.00244	0.01032	0.00753	0.10735	0.01180
3	0.02403	0.01593	0.01862	0.01651	0.02119	0.01694	0.01334	0.09491	0.27163	0.15914	0.09961	0.04601	0.03455	0.01431	0.00956	0.00304	0.00719	0.11183	0.00917	0.01250
4	0.01809	0.01550	0.01809	0.01292	0.02067	0.01163	0.01034	0.02196	0.01809	0.02842	0.01550	0.01809	0.01292	0.00646	0.00646	0.00129	0.00646	0.00517	0.00517	0.74677
5	0.01515	0.00758	0.01136	0.01136	0.01136	0.00758	0.00758	0.01136	0.01136	0.01515	0.01515	0.02652	0.01515	0.03030	0.03409	0.74621	0.00758	0.00758	0.00379	0.00379
6	0.03404	0.01463	0.01907	0.01522	0.02119	0.01326	0.01234	0.06445	0.06064	0.49980	0.03809	0.08009	0.06098	0.01271	0.00904	0.00279	0.00714	0.01053	0.01023	0.01378
7	0.02028	0.02263	0.04646	0.03396	0.04100	0.02300	0.48827	0.02653	0.01912	0.02653	0.01639	0.02263	0.01287	0.00896	0.01401	0.00312	0.14887	0.00976	0.00429	0.01131
8	0.02332	0.69869	0.04571	0.01493	0.02239	0.03451	0.01493	0.02612	0.01772	0.02052	0.01213	0.01399	0.01119	0.00746	0.00560	0.00187	0.00933	0.00466	0.00373	0.01119
9	0.10404	0.02050	0.13662	0.01700	0.02379	0.01564	0.01617	0.03461	0.10431	0.28630	0.05853	0.03535	0.02497	0.01194	0.00876	0.00289	0.00822	0.06937	0.00827	0.01272
10	0.03454	0.01572	0.02004	0.01593	0.02216	0.01486	0.01297	0.06601	0.13596	0.48229	0.05934	0.03134	0.02480	0.01127	0.00885	0.00275	0.00728	0.00923	0.01030	0.01437
11	0.01098	0.00786	0.01044	0.01190	0.01273	0.00732	0.00812	0.01304	0.01835	0.02489	0.16927	0.55907	0.06278	0.02537	0.01096	0.00338	0.00487	0.02293	0.00841	0.00732
12	0.02050	0.02326	0.04999	0.03593	0.04423	0.02234	0.57211	0.02752	0.02016	0.02752	0.01728	0.02326	0.01313	0.00783	0.01139	0.00299	0.05441	0.01013	0.00438	0.01163
13	0.02030	0.02588	0.12163	0.03676	0.09484	0.02173	0.48932	0.02780	0.02027	0.02795	0.01730	0.02275	0.01302	0.00750	0.00991	0.00289	0.01412	0.00962	0.00432	0.01207
14	0.03313	0.02523	0.02611	0.02018	0.02705	0.05640	0.01659	0.58322	0.04025	0.05341	0.02060	0.02070	0.01467	0.01040	0.00869	0.00260	0.00988	0.00775	0.00853	0.01461
15	0.01063	0.00759	0.01012	0.01215	0.01265	0.00709	0.00810	0.01215	0.01670	0.02227	0.04808	0.68775	0.05769	0.02733	0.01113	0.00354	0.00506	0.02480	0.00810	0.00709
16	0.01395	0.00997	0.01391	0.01576	0.01777	0.00993	0.01371	0.01798	0.02036	0.02664	0.08143	0.09640	0.05212	0.02372	0.01194	0.00394	0.00780	0.54650	0.00813	0.00804
17	0.02751	0.02464	0.02676	0.16813	0.10747	0.12972	0.01941	0.29042	0.05556	0.03819	0.01858	0.02116	0.01391	0.00957	0.00858	0.00263	0.01104	0.00753	0.00643	0.01275
18	0.01850	0.15836	0.54385	0.02314	0.03509	0.02273	0.02923	0.02736	0.01830	0.02639	0.01504	0.01765	0.01107	0.00814	0.00782	0.00261	0.01227	0.00614	0.00369	0.01260
19	0.01515	0.00758	0.01136	0.01136	0.01136	0.00758	0.00758	0.01136	0.01136	0.01515	0.01515	0.02652	0.01515	0.03030	0.03409	0.74621	0.00758	0.00758	0.00379	0.00379
20	0.03220	0.02351	0.02516	0.01940	0.02610	0.02598	0.01599	0.57665	0.03973	0.05371	0.02137	0.02160	0.01526	0.01045	0.00858	0.00258	0.00929	0.00787	0.05013	0.01446
21	0.09276	0.01114	0.01485	0.01292	0.01618	0.01060	0.05159	0.01934	0.02288	0.06856	0.43415	0.05667	0.12276	0.01608	0.00969	0.00277	0.00538	0.01408	0.00870	0.00890
22	0.07643	0.02398	0.02538	0.01955	0.02644	0.02660	0.01615	0.57493	0.03944	0.05402	0.02042	0.02054	0.01451	0.01033	0.00853	0.00262	0.00943	0.00767	0.00853	0.01451
23	0.01085	0.00776	0.01032	0.01200	0.01270	0.00723	0.00811	0.01270	0.01773	0.02390	0.12340	0.60777	0.06085	0.02611	0.01102	0.00344	0.00494	0.02364	0.00829	0.00723
24	0.02973	0.02273	0.02425	0.01938	0.02575	0.02545	0.01575	0.44153	0.21500	0.04945	0.02529	0.02441	0.01836	0.01088	0.00877	0.00272	0.00879	0.00845	0.00877	0.01453
25	0.03316	0.02443	0.02618	0.02007	0.02705	0.02705	0.01658	0.60995	0.04101	0.05497	0.02094	0.02094	0.01483	0.01047	0.00873	0.00262	0.00960	0.00785	0.00873	0.01483
26	0.01063	0.00759	0.01012	0.01215	0.01265	0.00709	0.00810	0.01215	0.01670	0.02227	0.04808	0.68775	0.05769	0.02733	0.01113	0.00354	0.00506	0.02480	0.00810	0.00709
27	0.01246	0.00935	0.01402	0.01402	0.01558	0.01090	0.01090	0.01558	0.01402	0.02025	0.02336	0.03427	0.02181	0.06542	0.65888	0.01402	0.02336	0.00935	0.00467	0.00779
28	0.03316	0.02443	0.02618	0.02007	0.02705	0.02705	0.01658	0.60995	0.04101	0.05497	0.02094	0.02094	0.01483	0.01047	0.00873	0.00262	0.00960	0.00785	0.00873	0.01483
29	0.01063	0.00759	0.01012	0.01215	0.01265	0.00709	0.00810	0.01215	0.01670	0.02227	0.04808	0.68775	0.05769	0.02733	0.01113	0.00354	0.00506	0.02480	0.00810	0.00709
30	0.01090	0.00786	0.01036	0.01209	0.01289	0.00732	0.00832	0.01275	0.01759	0.02343	0.09211	0.58636	0.08654	0.02624	0.01108	0.00348	0.00510	0.05015	0.00820	0.00723
31	0.02093	0.02005	0.03422	0.13305	0.56466	0.02055	0.02644	0.02619	0.01955	0.02770	0.01629	0.02180	0.01354	0.00789	0.00865	0.00263	0.01053	0.00777	0.00426	0.01329
32	0.03584	0.01618	0.02065	0.01607	0.02249	0.01519	0.01319	0.13152	0.05292	0.48865	0.06826	0.03054	0.02437	0.01121	0.00886	0.00270	0.00755	0.00909	0.01031	0.01440
33	0.14591	0.01620	0.02464	0.50292	0.10315	0.01953	0.02187	0.02326	0.01720	0.02577	0.01500	0.02152	0.01144	0.00853	0.00813	0.00284	0.01066	0.00722	0.00418	0.01001
34	0.01096	0.00804	0.01104	0.04983	0.01536	0.00779	0.00902	0.01272	0.01674	0.02227	0.04622	0.64984	0.05506	0.02627	0.01100	0.00351	0.00544	0.02382	0.00786	0.00723
35	0.01626	0.00813	0.00813	0.00813	0.01016	0.00813	0.00610	0.02033	0.01829	0.03252	0.02846	0.03252	0.02236	0.01016	0.00610	0.00203	0.00407	0.00813	0.74187	0.00813
36	0.01809	0.01550	0.01809	0.01292	0.02067	0.01163	0.01034	0.02196	0.01809	0.02842	0.01550	0.01809	0.01292	0.00646	0.00646	0.00129	0.00646	0.00517	0.00517	0.74677
37	0.01246	0.00935	0.01402	0.01402	0.01558	0.01090	0.01090	0.01558	0.01402	0.02025	0.02336	0.03427	0.02181	0.06542	0.65888	0.01402	0.02336	0.00935	0.00467	0.00779
38	0.01268	0.00846	0.00951	0.00951	0.00951	0.00846	0.00529	0.01268	0.01268	0.01691	0.02748	0.05708	0.03171	0.69345	0.04440	0.00846	0.00846	0.01268	0.00529	0.00529
39	0.01246	0.00935	0.01402	0.01402	0.01558	0.01090	0.01090	0.01558	0.01402	0.02025	0.02336	0.03427	0.02181	0.06542	0.65888	0.01402	0.02336	0.00935	0.00467	0.00779
40	0.01135	0.00815	0.01077	0.01165	0.01281	0.00757	0.00815	0.01396	0.02006	0.02761	0.29442	0.42618	0.06803	0.02334	0.01078	0.00321	0.00466	0.02101	0.00873	0.00757
41	0.01626	0.00813	0.00813	0.00813	0.01016	0.00813	0.00610	0.02033	0.01829	0.03252	0.02846	0.03252	0.02236	0.01016	0.00610	0.00203	0.00407	0.00813	0.74187	0.00813
42	0.03233	0.02402	0.02571	0.01990	0.02674	0.02667	0.01638	0.56938	0.08293	0.05364	0.02199	0.02178	0.01568	0.01057	0.00874	0.00264	0.00940	0.00800	0.00874	0.01476
43	0.01246	0.00935	0.01402	0.01402	0.01558	0.01090	0.01090	0.01558	0.01402	0.02025	0.02336	0.03427	0.02181	0.06542	0.65888	0.01402	0.02336	0.00935	0.00467	0.00779
44	0.02059	0.02353	0.05147	0.03676	0.04559	0.02206	0.60735	0.02794	0.02059	0.02794	0.01765	0.02353	0.01324	0.00735	0.01029	0.00294	0.01471	0.01029	0.00441	0.01176
45	0.01257	0.00841	0.00955	0.00966	0.00969	0.00838	0.00544	0.01266	0.01291	0.01721	0.02861	0.09164	0.03314	0.65695	0.04257	0.00819	0.00827	0.01335	0.00544	0.00538
46	0.02170	0.01874	0.01972	0.01775	0.02268	0.02170	0.01381	0.04635	0.62327	0.03649	0.03550	0.03254	0.02663	0.01183	0.00888	0.00296	0.00690	0.00986	0.00888	0.01381
47	0.01520	0.00955	0.01258	0.01146	0.01402	0.00872	0.00872	0.01924	0.02472	0.10008	0.57041	0.06137	0.07583	0.01708	0.01013	0.00274	0.00447	0.01503	0.00973	0.00894
48	0.01063	0.00759	0.01012	0.01215	0.01265	0.00709	0.00810	0.01215	0.01670	0.02227	0.04808	0.68775	0.05769	0.02733	0.01113	0.00354	0.00506	0.02480	0.00810	0.00709
49	0.01268	0.00846	0.00951	0.00951	0.00951	0.00846	0.00529	0.01268	0.01268	0.01691	0.02748	0.05708	0.03171	0.69345	0.04440	0.00846	0.00846	0.01268	0.00529	0.00529
50	0.01725	0.01630	0.02757	0.57799	0.14847	0.01959	0.02461	0.02297	0.01781	0.02324	0.01564	0.02300	0.01196	0.00858	0.00871	0.00286	0.01143	0.00776	0.00394	0.01032
51	0.07113	0.01494	0.01991	0.01534	0.02203	0.01312	0.01267	0.04176	0.02451	0.61799	0.03342	0.02900	0.02105	0.01068	0.00862	0.00270	0.00739	0.00859	0.01055	0.01460
52	0.03723	0.01559	0.02047	0.01579	0.02234	0.01412	0.01300	0.10182	0.02667	0.55312	0.06149	0.03044	0.02376	0.01110	0.00884	0.00269	0.00750	0.00901	0.01052	0.01453
53	0.75506	0.01687	0.01282	0.01147	0.01687	0.01957	0.00945	0.02564	0.01484	0.03914	0.01215	0.01417	0.00945	0.00810	0.00540	0.00270	0.00675	0.00472	0.00540	0.00945
54	0.01087	0.00777	0.01040	0.01243	0.01304	0.00730	0.00853	0.01257	0.01694	0.02254	0.04794	0.64533	0.05715	0.02710	0.01120	0.00358	0.00527	0.06479	0.00809	0.00715
55	0.16093	0.01968	0.02158	0.01695	0.02349	0.02079	0.01396	0.29439	0.05749	0.24666	0.02452	0.02318	0.01666	0.01023	0.00817	0.00267	0.00826	0.00770	0.00884	0.01385
56	0.75506	0.01687	0.01282	0.01147	0.01687	0.01957	0.00945	0.02564	0.01484	0.03914	0.01215	0.01417	0.00945	0.00810	0.00540	0.00270	0.00675	0.00472	0.00540	0.00945
57	0.03264	0.02390	0.02418	0.01925	0.02567	0.09131	0.01561	0.37952	0.11134	0.14954	0.02431	0.02337	0.01712	0.01054	0.00866	0.00264	0.00954	0.00803	0.00865	0.01420
58	0.16619	0.14975	0.02884	0.06028	0.13008	0.05558	0.01723	0.19214	0.02422	0.03543	0.01558	0.01821	0.01238	0.00910	0.00863	0.00256	0.04957	0.00651	0.00562	0.01211
59	0.20285	0.01881	0.01790	0.01492	0.01998	0.04989	0.01202	0.25804	0.05259	0.04282	0.04997	0.02422	0.01874	0.01017	0.00738	0.00251	0.00759	0.00751	0.17064	0.01146
60	0.01031	0.00884	0.00884	0.00884	0.01178	0.00736	0.00663	0.01252	0.01988	0.02356	0.08837	0.08395	0.63549	0.02209	0.01031	0.00295	0.00442	0.01841	0.00810	0.00736
61	0.02277	0.01927	0.02033	0.01797	0.02309	0.02220	0.01407	0.09923	0.56864	0.03822	0.03414	0.03146	0.02552	0.01171	0.00886	0.00293	0.00716	0.00967	0.00886	0.01390
62	0.03914	0.01484	0.02024	0.01552	0.02227	0.01282	0.01282	0.04251	0.02497	0.64507	0.03441	0.02969	0.02159	0.01080	0.00877	0.00270	0.00742	0.00877	0.01080	0.01484
63	0.01102	0.00784	0.01027	0.01177	0.01243	0.00735	0.00787	0.01275	0.01739	0.02345	0.12199	0.55355	0.05865	0.08299	0.01387	0.00386	0.00523	0.02260	0.00805	0.00708
