[name]
unknown

[dist]
# distance from previous block
# <min> <max>
0	39

[block]
# block no. 0 follows, 25 sequences, length 85
# corresponding to MSA columns:
# 39-123
name=unknown_A
#
# <colnr> <probs for GDERKNQSTAVLIFYWHMCP>
#	G	D	E	R	K	N	Q	S	T	A	V	L	I	F	Y	W	H	M	C	P
0	0.01249	0.00892	0.01249	0.01428	0.01606	0.00892	0.01249	0.01606	0.01785	0.02320	0.04105	0.08746	0.04462	0.02142	0.01071	0.00357	0.00714	0.62695	0.00714	0.00714
1	0.03440	0.01381	0.01838	0.01409	0.02010	0.01232	0.01164	0.08251	0.02323	0.63832	0.02972	0.02583	0.01876	0.00958	0.00779	0.00239	0.00674	0.00774	0.00946	0.01319
2	0.03372	0.01343	0.01796	0.01393	0.01982	0.01194	0.01146	0.03802	0.06635	0.63973	0.03066	0.02657	0.01950	0.00966	0.00780	0.00242	0.00657	0.00786	0.00948	0.01313
3	0.00943	0.00794	0.00822	0.00836	0.01092	0.00673	0.00641	0.01152	0.01769	0.02112	0.07558	0.07564	0.62604	0.01978	0.00929	0.00269	0.00418	0.06467	0.00720	0.00659
4	0.01108	0.00828	0.01231	0.01231	0.01365	0.00961	0.00951	0.01375	0.01242	0.01789	0.02090	0.03121	0.01971	0.08288	0.67250	0.01228	0.02028	0.00842	0.00417	0.00684
5	0.02818	0.02107	0.02254	0.01758	0.02355	0.02344	0.01442	0.57538	0.11647	0.04677	0.02026	0.01993	0.01452	0.00946	0.00777	0.00237	0.00823	0.00721	0.00777	0.01307
6	0.78228	0.01499	0.01140	0.01020	0.01499	0.01739	0.00840	0.02279	0.01320	0.03479	0.01080	0.01260	0.00840	0.00720	0.00480	0.00240	0.00600	0.00420	0.00480	0.00840
7	0.00927	0.00786	0.00800	0.00796	0.01054	0.00659	0.00597	0.01133	0.01792	0.02152	0.11257	0.07367	0.64161	0.01942	0.00916	0.00261	0.00391	0.01623	0.00728	0.00659
8	0.01618	0.01590	0.02303	0.01973	0.02024	0.02160	0.04112	0.01822	0.01221	0.01881	0.01189	0.01903	0.01154	0.01959	0.11969	0.00464	0.58762	0.00709	0.00352	0.00834
9	0.01110	0.00934	0.01566	0.01469	0.01653	0.00873	0.12301	0.01347	0.01574	0.02114	0.06237	0.57050	0.04502	0.02077	0.00973	0.00303	0.00601	0.01941	0.00666	0.00709
10	0.01919	0.01842	0.03147	0.04759	0.67914	0.01842	0.02380	0.02380	0.01765	0.02533	0.01458	0.01919	0.01228	0.00691	0.00768	0.00230	0.00921	0.00691	0.00384	0.01228
11	0.00945	0.00675	0.00900	0.01080	0.01125	0.00630	0.00720	0.01080	0.01484	0.01979	0.04274	0.72245	0.05128	0.02429	0.00990	0.00315	0.00450	0.02204	0.00720	0.00630
12	0.01929	0.01898	0.03022	0.10630	0.58775	0.05398	0.02313	0.02381	0.01769	0.02449	0.01437	0.01905	0.01198	0.00704	0.00765	0.00231	0.00956	0.00681	0.00381	0.01177
13	0.06238	0.02355	0.02257	0.01780	0.02364	0.11777	0.01449	0.53864	0.03341	0.04407	0.01735	0.01770	0.01253	0.00903	0.00752	0.00228	0.00918	0.00658	0.00710	0.01239
14	0.01990	0.01574	0.01839	0.01388	0.01983	0.01474	0.01126	0.14623	0.04579	0.06351	0.01596	0.01770	0.01258	0.00758	0.00822	0.00172	0.07424	0.00561	0.00549	0.48166
15	0.01701	0.01819	0.03638	0.17349	0.08114	0.01867	0.39282	0.02247	0.01697	0.02304	0.01619	0.05734	0.01345	0.00832	0.01013	0.00268	0.06895	0.00902	0.00395	0.00981
16	0.01929	0.01666	0.01753	0.01578	0.02016	0.01929	0.01227	0.04120	0.66513	0.03243	0.03156	0.02893	0.02367	0.01052	0.00789	0.00263	0.00614	0.00877	0.00789	0.01227
17	0.01802	0.01493	0.01712	0.01241	0.01920	0.01232	0.00999	0.11145	0.01903	0.02869	0.01448	0.01645	0.01173	0.00626	0.00603	0.00132	0.00615	0.00494	0.00505	0.66442
18	0.01347	0.00673	0.01010	0.01010	0.01010	0.00673	0.00673	0.01010	0.01010	0.01347	0.01347	0.02357	0.01347	0.02694	0.03030	0.77441	0.00673	0.00673	0.00337	0.00337
19	0.01853	0.05160	0.32155	0.01781	0.02606	0.01591	0.04370	0.06171	0.04705	0.09776	0.08071	0.02214	0.01812	0.00835	0.00734	0.00221	0.00877	0.00685	0.00517	0.13866
20	0.02102	0.70731	0.03996	0.01351	0.02005	0.05448	0.01333	0.02349	0.01598	0.01827	0.01082	0.01249	0.00995	0.00668	0.00505	0.00167	0.00850	0.00418	0.00334	0.00992
21	0.01857	0.01779	0.03036	0.13742	0.59414	0.01826	0.02349	0.02325	0.01736	0.02458	0.01448	0.01939	0.01202	0.00702	0.00769	0.00234	0.00936	0.00691	0.00378	0.01178
22	0.00943	0.00680	0.00894	0.01064	0.01121	0.00631	0.00713	0.01081	0.01499	0.01985	0.04458	0.68910	0.08344	0.02405	0.00986	0.00312	0.00447	0.02175	0.00720	0.00631
23	0.01919	0.01842	0.03147	0.04759	0.67914	0.01842	0.02380	0.02380	0.01765	0.02533	0.01458	0.01919	0.01228	0.00691	0.00768	0.00230	0.00921	0.00691	0.00384	0.01228
24	0.00945	0.00675	0.00900	0.01080	0.01125	0.00630	0.00720	0.01080	0.01484	0.01979	0.04274	0.72245	0.05128	0.02429	0.00990	0.00315	0.00450	0.02204	0.00720	0.00630
25	0.03479	0.01320	0.01799	0.01380	0.01979	0.01140	0.01140	0.03779	0.02219	0.68451	0.03059	0.02639	0.01919	0.00960	0.00780	0.00240	0.00660	0.00780	0.00960	0.01320
26	0.01486	0.01420	0.02457	0.66925	0.05265	0.01737	0.05842	0.02011	0.01567	0.02011	0.01389	0.02069	0.01042	0.00768	0.00783	0.00259	0.01050	0.00702	0.00347	0.00872
27	0.01128	0.00752	0.00846	0.00846	0.00846	0.00752	0.00470	0.01128	0.01128	0.01503	0.02443	0.05074	0.02819	0.72751	0.03946	0.00752	0.00752	0.01128	0.00470	0.00470
28	0.03479	0.01320	0.01799	0.01380	0.01979	0.01140	0.01140	0.03779	0.02219	0.68451	0.03059	0.02639	0.01919	0.00960	0.00780	0.00240	0.00660	0.00780	0.00960	0.01320
29	0.01319	0.00673	0.01003	0.01015	0.01018	0.00670	0.00677	0.01015	0.01043	0.01390	0.01548	0.07157	0.01607	0.02675	0.02890	0.72144	0.00658	0.00779	0.00363	0.00357
30	0.01111	0.00819	0.00907	0.00867	0.01129	0.00702	0.00657	0.01356	0.01900	0.06234	0.22352	0.06766	0.48815	0.01811	0.00908	0.00256	0.00402	0.01528	0.00767	0.00713
31	0.02947	0.02172	0.02327	0.01784	0.02404	0.02404	0.01474	0.65329	0.03646	0.04887	0.01862	0.01862	0.01319	0.00931	0.00776	0.00233	0.00853	0.00698	0.00776	0.01319
32	0.02452	0.01955	0.02108	0.06392	0.02446	0.04505	0.01384	0.38313	0.12113	0.03910	0.01902	0.01961	0.01407	0.00868	0.00738	0.00216	0.00800	0.00672	0.00676	0.15182
33	0.01803	0.02048	0.04462	0.03200	0.03962	0.01920	0.63112	0.02440	0.01819	0.02468	0.01652	0.04255	0.01298	0.00708	0.00917	0.00263	0.01281	0.00955	0.00402	0.01033
34	0.01445	0.00723	0.00723	0.00723	0.00903	0.00723	0.00542	0.01807	0.01626	0.02891	0.02529	0.02891	0.01987	0.00903	0.00542	0.00181	0.00361	0.00723	0.77055	0.00723
35	0.00973	0.00700	0.00907	0.01036	0.01108	0.00651	0.00699	0.01133	0.01570	0.02101	0.12330	0.56261	0.08932	0.06306	0.01145	0.00328	0.00453	0.02009	0.00722	0.00635
36	0.00945	0.00675	0.00900	0.01080	0.01125	0.00630	0.00720	0.01080	0.01484	0.01979	0.04274	0.72245	0.05128	0.02429	0.00990	0.00315	0.00450	0.02204	0.00720	0.00630
37	0.01657	0.01407	0.01634	0.01172	0.01858	0.01084	0.00939	0.04277	0.01683	0.02613	0.01396	0.01617	0.01155	0.00587	0.00582	0.00119	0.00584	0.00468	0.00471	0.74697
38	0.02896	0.03695	0.02197	0.01998	0.02397	0.69638	0.01498	0.03096	0.02197	0.01898	0.01199	0.01398	0.00999	0.00799	0.00699	0.00200	0.01398	0.00499	0.00400	0.00899
39	0.01919	0.01842	0.03147	0.04759	0.67914	0.01842	0.02380	0.02380	0.01765	0.02533	0.01458	0.01919	0.01228	0.00691	0.00768	0.00230	0.00921	0.00691	0.00384	0.01228
40	0.01555	0.04011	0.68733	0.02210	0.03356	0.01801	0.02865	0.02455	0.01637	0.02455	0.01391	0.01637	0.00982	0.00737	0.00737	0.00246	0.01146	0.00573	0.00327	0.01146
41	0.01830	0.02092	0.04575	0.03268	0.04052	0.01961	0.65098	0.02484	0.01830	0.02484	0.01569	0.02092	0.01176	0.00654	0.00915	0.00261	0.01307	0.00915	0.00392	0.01046
42	0.01092	0.00785	0.01020	0.00973	0.01140	0.00728	0.00717	0.01429	0.02108	0.02976	0.61342	0.08634	0.06985	0.05365	0.01077	0.00274	0.00390	0.01423	0.00828	0.00713
43	0.00945	0.00675	0.00900	0.01080	0.01125	0.00630	0.00720	0.01080	0.01484	0.01979	0.04274	0.72245	0.05128	0.02429	0.00990	0.00315	0.00450	0.02204	0.00720	0.00630
44	0.01002	0.00699	0.00883	0.01006	0.01037	0.00668	0.00641	0.01095	0.01373	0.01830	0.03699	0.51179	0.04404	0.24483	0.01917	0.00452	0.00545	0.01867	0.00641	0.00580
45	0.02073	0.73217	0.04063	0.01327	0.01990	0.03068	0.01327	0.02322	0.01575	0.01824	0.01078	0.01244	0.00995	0.00663	0.00498	0.00166	0.00829	0.00415	0.00332	0.00995
46	0.01347	0.00673	0.01010	0.01010	0.01010	0.00673	0.00673	0.01010	0.01010	0.01347	0.01347	0.02357	0.01347	0.02694	0.03030	0.77441	0.00673	0.00673	0.00337	0.00337
47	0.01626	0.01050	0.01125	0.01046	0.01328	0.01113	0.00803	0.02546	0.21811	0.05837	0.10058	0.03360	0.05003	0.01064	0.00683	0.00219	0.00454	0.00880	0.39093	0.00903
48	0.02219	0.01773	0.01841	0.01573	0.02043	0.04581	0.01244	0.19061	0.38939	0.06983	0.06681	0.02888	0.04532	0.01069	0.00793	0.00251	0.00685	0.00869	0.00781	0.01193
49	0.01744	0.01784	0.02317	0.05625	0.02210	0.06907	0.01679	0.01938	0.01278	0.01872	0.01089	0.01746	0.01052	0.01457	0.04863	0.00360	0.60212	0.00673	0.00347	0.00846
50	0.03479	0.01320	0.01799	0.01380	0.01979	0.01140	0.01140	0.03779	0.02219	0.68451	0.03059	0.02639	0.01919	0.00960	0.00780	0.00240	0.00660	0.00780	0.00960	0.01320
51	0.00945	0.00675	0.00900	0.01080	0.01125	0.00630	0.00720	0.01080	0.01484	0.01979	0.04274	0.72245	0.05128	0.02429	0.00990	0.00315	0.00450	0.02204	0.00720	0.00630
52	0.02091	0.01725	0.01822	0.01577	0.02045	0.01959	0.01244	0.17148	0.49264	0.03532	0.03145	0.02931	0.05861	0.01078	0.00793	0.00256	0.00653	0.00881	0.00782	0.01214
53	0.45995	0.01332	0.01132	0.01036	0.01419	0.04021	0.00821	0.02164	0.01542	0.07612	0.06249	0.07714	0.03941	0.00996	0.00600	0.00237	0.00569	0.00734	0.11056	0.00829
54	0.01223	0.00743	0.01064	0.01064	0.01114	0.00792	0.00742	0.01164	0.01115	0.01536	0.01802	0.03088	0.01820	0.16336	0.26838	0.36689	0.01185	0.00810	0.00388	0.00487
55	0.01208	0.00978	0.01438	0.01380	0.01495	0.01208	0.01093	0.01466	0.01236	0.01811	0.01897	0.02817	0.01782	0.05058	0.58280	0.01092	0.13835	0.00805	0.00402	0.00719
56	0.10143	0.02545	0.02176	0.01772	0.02316	0.21644	0.01420	0.41422	0.03007	0.03894	0.01596	0.01671	0.01181	0.00873	0.00725	0.00224	0.00985	0.00614	0.00639	0.01152
57	0.01874	0.01829	0.03218	0.09938	0.56752	0.01844	0.08378	0.02357	0.01754	0.02484	0.01463	0.01947	0.01208	0.00694	0.00782	0.00236	0.00967	0.00712	0.00381	0.01181
58	0.01919	0.01842	0.03147	0.04759	0.67914	0.01842	0.02380	0.02380	0.01765	0.02533	0.01458	0.01919	0.01228	0.00691	0.00768	0.00230	0.00921	0.00691	0.00384	0.01228
59	0.01341	0.00842	0.01091	0.01007	0.01223	0.00769	0.00754	0.01663	0.02090	0.09949	0.51798	0.08079	0.09027	0.05626	0.01076	0.00276	0.00424	0.01361	0.00832	0.00772
60	0.01700	0.17150	0.47457	0.02315	0.08954	0.02057	0.05249	0.02424	0.01645	0.02341	0.01344	0.01606	0.01015	0.00715	0.00701	0.00229	0.01071	0.00568	0.00336	0.01120
61	0.01061	0.00738	0.00921	0.00980	0.01042	0.00709	0.00645	0.01200	0.01507	0.02045	0.16897	0.29414	0.04660	0.29756	0.02134	0.00472	0.00561	0.04016	0.00650	0.00592
62	0.02257	0.01745	0.02083	0.01542	0.02205	0.01659	0.04818	0.28296	0.02491	0.06380	0.01662	0.01785	0.01254	0.00743	0.00686	0.00177	0.00735	0.00598	0.00608	0.38275
63	0.01667	0.01808	0.05744	0.02486	0.03063	0.01678	0.38576	0.04083	0.01722	0.02382	0.01922	0.11200	0.01779	0.05892	0.01221	0.00296	0.06427	0.01024	0.00450	0.06581
64	0.01958	0.19741	0.21955	0.02372	0.15131	0.09629	0.01994	0.04910	0.04234	0.02371	0.03706	0.01777	0.01326	0.00802	0.00794	0.00224	0.04998	0.00601	0.00401	0.01076
65	0.01113	0.01005	0.05660	0.01053	0.01291	0.00797	0.00862	0.01482	0.02059	0.02898	0.54419	0.09344	0.09236	0.04136	0.01015	0.00267	0.00439	0.01391	0.00790	0.00742
66	0.01021	0.00733	0.00968	0.01028	0.01141	0.00680	0.00726	0.01271	0.01838	0.02542	0.35758	0.39156	0.06218	0.02009	0.00952	0.00280	0.00408	0.01805	0.00786	0.00680
67	0.01668	0.07841	0.62145	0.02124	0.03218	0.01844	0.02702	0.02505	0.01659	0.05279	0.01446	0.01658	0.01024	0.00742	0.00725	0.00241	0.01107	0.00573	0.00355	0.01145
68	0.73729	0.01492	0.01209	0.05114	0.01725	0.01738	0.00917	0.02262	0.01333	0.03391	0.01097	0.01307	0.00851	0.00723	0.00497	0.00241	0.00625	0.00436	0.00472	0.00841
69	0.00945	0.00675	0.00900	0.01080	0.01125	0.00630	0.00720	0.01080	0.01484	0.01979	0.04274	0.72245	0.05128	0.02429	0.00990	0.00315	0.00450	0.02204	0.00720	0.00630
70	0.01347	0.00673	0.01010	0.01010	0.01010	0.00673	0.00673	0.01010	0.01010	0.01347	0.01347	0.02357	0.01347	0.02694	0.03030	0.77441	0.00673	0.00673	0.00337	0.00337
71	0.01933	0.01254	0.01487	0.05805	0.01837	0.01359	0.01063	0.09260	0.15605	0.12085	0.05589	0.05499	0.04545	0.01333	0.04360	0.00289	0.03754	0.00879	0.21080	0.00983
72	0.01121	0.00822	0.01205	0.01205	0.01338	0.00948	0.00927	0.01387	0.01254	0.01826	0.02113	0.03147	0.01987	0.09151	0.63606	0.01180	0.01942	0.00842	0.03316	0.00682
73	0.01205	0.00865	0.01071	0.01219	0.01292	0.00785	0.00809	0.01265	0.01618	0.02175	0.04428	0.64773	0.07122	0.05575	0.01203	0.00372	0.00546	0.02150	0.00777	0.00750
74	0.02214	0.61317	0.03744	0.01442	0.02060	0.14463	0.01356	0.02454	0.01682	0.01837	0.01099	0.01270	0.00996	0.00687	0.00532	0.00172	0.00927	0.00429	0.00343	0.00979
75	0.01961	0.58203	0.18093	0.01518	0.02286	0.02793	0.01660	0.02351	0.01589	0.01961	0.01146	0.01329	0.00992	0.00679	0.00549	0.00183	0.00898	0.00449	0.00331	0.01028
76	0.00999	0.00759	0.00892	0.00915	0.01076	0.00682	0.00648	0.01210	0.01761	0.02305	0.24058	0.21478	0.28682	0.09496	0.01255	0.00321	0.00436	0.01643	0.00733	0.00652
77	0.00953	0.00687	0.00903	0.01060	0.01123	0.00637	0.00715	0.01105	0.01542	0.02056	0.08424	0.65218	0.07995	0.02356	0.00982	0.00308	0.00442	0.02129	0.00728	0.00637
78	0.01750	0.01791	0.02361	0.06914	0.02291	0.06270	0.01717	0.01946	0.01272	0.01876	0.01054	0.01705	0.01018	0.01283	0.02311	0.00325	0.62250	0.00669	0.00343	0.00852
79	0.02945	0.02250	0.02320	0.01795	0.02404	0.05865	0.01475	0.62125	0.03571	0.04733	0.01827	0.01838	0.01302	0.00924	0.00772	0.00231	0.00881	0.00688	0.00756	0.01297
80	0.01712	0.01684	0.02984	0.30968	0.30148	0.01839	0.11327	0.02208	0.01659	0.02270	0.01419	0.01992	0.01132	0.00754	0.00883	0.00252	0.04647	0.00722	0.00367	0.01035
81	0.05858	0.01873	0.02946	0.08989	0.57359	0.04766	0.02247	0.02378	0.01746	0.02516	0.01422	0.01873	0.01185	0.00703	0.00750	0.00231	0.00933	0.00668	0.00387	0.01169
82	0.00988	0.00755	0.01081	0.01172	0.01270	0.00700	0.04025	0.01154	0.01522	0.02013	0.04380	0.64184	0.09215	0.02306	0.00981	0.00308	0.00490	0.02099	0.00703	0.00653
83	0.01806	0.01726	0.02830	0.05081	0.07159	0.01980	0.19159	0.08999	0.01736	0.02482	0.01638	0.07346	0.01477	0.01105	0.01482	0.00285	0.27412	0.00867	0.04470	0.00958
84	0.06800	0.02439	0.05526	0.01876	0.04782	0.20230	0.01488	0.25400	0.07068	0.03268	0.04220	0.04986	0.01631	0.00992	0.00873	0.00238	0.05790	0.00726	0.00591	0.01075

[dist]
# distance from previous block
# <min> <max>
2	31

[block]
# block no. 1 follows, 25 sequences, length 50
# corresponding to MSA columns:
# 155-204
name=unknown_B
#
# <colnr> <probs for GDERKNQSTAVLIFYWHMCP>
#	G	D	E	R	K	N	Q	S	T	A	V	L	I	F	Y	W	H	M	C	P
0	0.02044	0.01373	0.01646	0.04464	0.04367	0.01406	0.01130	0.22793	0.02314	0.10003	0.02664	0.21622	0.02494	0.01302	0.00789	0.00241	0.00647	0.01108	0.10313	0.07280
1	0.02287	0.01785	0.02061	0.01576	0.02181	0.01792	0.03772	0.35470	0.04536	0.03754	0.01895	0.06756	0.01554	0.00910	0.00730	0.00201	0.00743	0.00738	0.00652	0.26607
2	0.04593	0.00843	0.01061	0.01001	0.01212	0.00787	0.00752	0.01581	0.02078	0.06662	0.52855	0.11189	0.09255	0.01601	0.00894	0.00250	0.00401	0.01403	0.00826	0.00757
3	0.12836	0.01897	0.01768	0.01449	0.01922	0.09110	0.01167	0.34894	0.02691	0.03898	0.01844	0.01976	0.01379	0.00881	0.00671	0.00218	0.00759	0.00645	0.18928	0.01066
4	0.01241	0.00870	0.01197	0.01169	0.01345	0.00829	0.03325	0.01582	0.04524	0.05761	0.27540	0.28274	0.05280	0.07587	0.01185	0.00319	0.00513	0.05972	0.00751	0.00737
5	0.02635	0.01892	0.02135	0.01681	0.02204	0.02080	0.01377	0.45958	0.03010	0.09138	0.01974	0.05009	0.01527	0.01255	0.04329	0.00289	0.06574	0.00761	0.00717	0.05456
6	0.01785	0.01529	0.01642	0.01483	0.01896	0.01720	0.01148	0.03606	0.54144	0.03031	0.03246	0.06449	0.04976	0.01338	0.03813	0.00300	0.00659	0.00946	0.00747	0.05541
7	0.01005	0.00779	0.00915	0.00901	0.01107	0.00689	0.00668	0.01277	0.01946	0.02568	0.35936	0.12223	0.33551	0.01823	0.00922	0.00258	0.00385	0.01574	0.00784	0.00689
8	0.00967	0.00691	0.00926	0.01105	0.01160	0.00649	0.00759	0.01119	0.01507	0.02005	0.04261	0.67547	0.05079	0.02408	0.00996	0.00318	0.00469	0.06680	0.00719	0.00636
9	0.02945	0.02259	0.02320	0.01796	0.02404	0.06254	0.01475	0.61766	0.03563	0.04715	0.01824	0.01835	0.01300	0.00923	0.00771	0.00231	0.00884	0.00687	0.00754	0.01295
10	0.01242	0.00762	0.00890	0.00858	0.01043	0.00725	0.00644	0.01599	0.01931	0.02974	0.36894	0.04596	0.07378	0.01304	0.00753	0.00217	0.00365	0.01116	0.33986	0.00725
11	0.01403	0.00719	0.00738	0.00753	0.00922	0.00715	0.00557	0.01745	0.01614	0.02814	0.02676	0.08733	0.02252	0.01032	0.00580	0.00192	0.00369	0.00847	0.70624	0.00715
12	0.01690	0.01923	0.06814	0.17231	0.05718	0.01898	0.36452	0.02240	0.01665	0.02280	0.01555	0.04813	0.01276	0.00844	0.01081	0.00271	0.10021	0.00866	0.00385	0.00976
13	0.70528	0.01504	0.01190	0.01051	0.01525	0.01733	0.00863	0.05887	0.01467	0.03534	0.01188	0.01366	0.00918	0.00740	0.00500	0.00237	0.00604	0.00449	0.03855	0.00862
14	0.00939	0.00777	0.00823	0.00831	0.01066	0.00661	0.00616	0.01150	0.01793	0.02201	0.14370	0.12543	0.55637	0.01958	0.00922	0.00264	0.00394	0.01656	0.00735	0.00661
15	0.00969	0.00691	0.00912	0.01058	0.01116	0.00646	0.00710	0.01123	0.01546	0.02081	0.11075	0.62066	0.05265	0.05421	0.01111	0.00326	0.00454	0.02070	0.00723	0.00634
16	0.02845	0.02066	0.02229	0.01738	0.02335	0.02282	0.01426	0.54568	0.11498	0.07827	0.02084	0.02030	0.01480	0.00947	0.00778	0.00237	0.00813	0.00725	0.00786	0.01307
17	0.02766	0.01977	0.02132	0.01661	0.02222	0.02172	0.01356	0.54318	0.05687	0.07055	0.02018	0.02140	0.01488	0.04491	0.00922	0.00257	0.00807	0.00730	0.04556	0.01244
18	0.01873	0.01468	0.01703	0.01236	0.01912	0.01201	0.00997	0.09502	0.01882	0.06598	0.01532	0.01697	0.01213	0.00638	0.00610	0.00136	0.00612	0.00506	0.00525	0.64159
19	0.01856	0.01000	0.01305	0.01131	0.01452	0.00922	0.00882	0.02306	0.05884	0.22616	0.44589	0.04685	0.05422	0.01368	0.00867	0.00244	0.00468	0.01186	0.00882	0.00935
20	0.00945	0.00675	0.00900	0.01080	0.01125	0.00630	0.00720	0.01080	0.01484	0.01979	0.04274	0.72245	0.05128	0.02429	0.00990	0.00315	0.00450	0.02204	0.00720	0.00630
21	0.02878	0.01942	0.02138	0.01662	0.02239	0.02100	0.01363	0.52126	0.03291	0.13107	0.02146	0.04967	0.01583	0.00997	0.00777	0.00235	0.00792	0.00773	0.03616	0.01268
22	0.02192	0.01508	0.01735	0.01412	0.01840	0.01588	0.01135	0.32712	0.02865	0.09246	0.27757	0.03515	0.03748	0.01382	0.03536	0.00277	0.00694	0.00987	0.00807	0.01063
23	0.01554	0.01221	0.01394	0.01248	0.01564	0.01294	0.00965	0.08972	0.23350	0.03294	0.37050	0.04507	0.07682	0.01359	0.00859	0.00250	0.00499	0.01167	0.00819	0.00951
24	0.01119	0.00785	0.01013	0.01013	0.01071	0.00843	0.00679	0.01235	0.01177	0.01627	0.02290	0.04226	0.02451	0.44770	0.31424	0.00958	0.01306	0.01003	0.00447	0.00563
25	0.01921	0.01643	0.01729	0.01547	0.01984	0.01885	0.01206	0.06542	0.60658	0.03255	0.03335	0.03076	0.05562	0.01092	0.00795	0.00262	0.00613	0.00907	0.00785	0.01203
26	0.02527	0.01528	0.01764	0.01486	0.01987	0.01609	0.01184	0.06576	0.37287	0.27963	0.03217	0.02902	0.04298	0.01042	0.00789	0.00253	0.00634	0.00857	0.00851	0.01247
27	0.01872	0.01794	0.03062	0.11651	0.61393	0.01830	0.02356	0.02338	0.01743	0.02476	0.01450	0.01934	0.01208	0.00700	0.00768	0.00233	0.00933	0.00691	0.00380	0.01190
28	0.01128	0.00824	0.01215	0.01215	0.01356	0.00955	0.00944	0.01410	0.01269	0.01864	0.02104	0.03037	0.01941	0.05524	0.65586	0.01183	0.01975	0.00824	0.04951	0.00694
29	0.01609	0.11223	0.61993	0.02118	0.03214	0.01933	0.02704	0.02442	0.01631	0.02390	0.01359	0.01596	0.00984	0.00729	0.00712	0.00237	0.01113	0.00556	0.00328	0.01130
30	0.00954	0.00682	0.00908	0.01073	0.01127	0.00636	0.00720	0.01102	0.01527	0.02046	0.08016	0.68312	0.05258	0.02379	0.00985	0.00311	0.00445	0.02157	0.00728	0.00636
31	0.01109	0.00792	0.01088	0.01268	0.01385	0.00772	0.01006	0.01364	0.01647	0.02163	0.04183	0.37969	0.04769	0.02274	0.01034	0.00338	0.00592	0.34856	0.00717	0.00675
32	0.04495	0.00823	0.01017	0.00959	0.01163	0.00769	0.00723	0.01465	0.02115	0.03027	0.58788	0.05753	0.12866	0.01583	0.00895	0.00245	0.00379	0.01381	0.00824	0.00729
33	0.02126	0.22706	0.22821	0.01942	0.02724	0.07244	0.08358	0.15368	0.04822	0.02770	0.01478	0.01655	0.01134	0.00765	0.00695	0.00220	0.01010	0.00597	0.00451	0.01114
34	0.00945	0.00675	0.00900	0.01080	0.01125	0.00630	0.00720	0.01080	0.01484	0.01979	0.04274	0.72245	0.05128	0.02429	0.00990	0.00315	0.00450	0.02204	0.00720	0.00630
35	0.01027	0.00752	0.00972	0.01090	0.01181	0.00722	0.00751	0.01320	0.05330	0.02247	0.15155	0.56771	0.05349	0.02204	0.00965	0.00300	0.00445	0.01989	0.00747	0.00682
36	0.09489	0.01425	0.01666	0.01350	0.01827	0.01439	0.01092	0.18004	0.06036	0.26425	0.19389	0.03160	0.03106	0.01099	0.00787	0.00240	0.00622	0.00895	0.00834	0.01117
37	0.01728	0.01640	0.02743	0.32417	0.38841	0.01796	0.02236	0.02285	0.04402	0.02331	0.01496	0.02022	0.01194	0.00742	0.00772	0.00243	0.00955	0.00698	0.00384	0.01074
38	0.01102	0.00802	0.00991	0.01068	0.01170	0.00782	0.00728	0.03366	0.04817	0.02203	0.11396	0.46057	0.07599	0.12471	0.01393	0.00363	0.00503	0.01813	0.00704	0.00671
39	0.01623	0.00935	0.00957	0.00886	0.01133	0.00969	0.00683	0.09313	0.04685	0.03110	0.02675	0.02939	0.04350	0.00952	0.00594	0.00193	0.00431	0.00760	0.61999	0.00812
40	0.16684	0.05169	0.01911	0.01458	0.01960	0.01817	0.01200	0.23611	0.05161	0.19548	0.02157	0.06662	0.01667	0.01170	0.03069	0.00277	0.03881	0.00764	0.00710	0.01123
41	0.00970	0.00690	0.00914	0.01084	0.01133	0.00650	0.00732	0.01109	0.01479	0.01969	0.04160	0.65246	0.04963	0.06441	0.01163	0.00342	0.00480	0.05146	0.00705	0.00625
42	0.05384	0.01347	0.01754	0.01366	0.01938	0.01221	0.01122	0.05990	0.05005	0.58665	0.02941	0.02593	0.01889	0.00954	0.00762	0.00238	0.00651	0.00768	0.04137	0.01277
43	0.01618	0.00889	0.00907	0.00845	0.01076	0.00916	0.00649	0.09112	0.01858	0.03120	0.02453	0.02772	0.01910	0.00906	0.00569	0.00187	0.00418	0.00720	0.68282	0.00791
44	0.01744	0.01409	0.01824	0.10663	0.02225	0.01673	0.01350	0.16885	0.01956	0.02703	0.05317	0.08582	0.02261	0.08339	0.05614	0.00386	0.17560	0.05917	0.02710	0.00880
45	0.01657	0.02772	0.31742	0.05885	0.12447	0.01788	0.23113	0.02354	0.01706	0.02427	0.01624	0.05908	0.01321	0.00802	0.00816	0.00253	0.01123	0.00801	0.00380	0.01082
46	0.00954	0.00700	0.00899	0.01054	0.01135	0.00645	0.00725	0.01107	0.01537	0.02010	0.04765	0.60462	0.13802	0.02352	0.00983	0.00309	0.00453	0.04752	0.00720	0.00637
47	0.05041	0.01928	0.03372	0.08072	0.03395	0.01931	0.35271	0.17855	0.02208	0.03056	0.01713	0.05019	0.01357	0.00807	0.00836	0.00247	0.01066	0.00853	0.00505	0.05472
48	0.01857	0.01914	0.03679	0.03141	0.15689	0.01828	0.39395	0.06029	0.03986	0.02637	0.01720	0.05138	0.01406	0.00762	0.00851	0.00244	0.01088	0.00879	0.00445	0.07312
49	0.05093	0.01710	0.02918	0.06132	0.02950	0.01645	0.27769	0.07514	0.01849	0.06402	0.01703	0.04436	0.01390	0.03442	0.00980	0.00247	0.04124	0.00793	0.00484	0.18418

[dist]
# distance from previous block
# <min> <max>
6	62

[block]
# block no. 2 follows, 25 sequences, length 51
# corresponding to MSA columns:
# 271-321
name=unknown_C
#
# <colnr> <probs for GDERKNQSTAVLIFYWHMCP>
#	G	D	E	R	K	N	Q	S	T	A	V	L	I	F	Y	W	H	M	C	P
0	0.05850	0.01776	0.01975	0.07190	0.02337	0.01958	0.01329	0.37512	0.11108	0.03970	0.09543	0.02526	0.02141	0.03198	0.00869	0.00252	0.00755	0.00793	0.00716	0.04203
1	0.02401	0.05461	0.01862	0.05562	0.02076	0.04302	0.01179	0.15539	0.02249	0.23710	0.05831	0.15272	0.02451	0.01191	0.00788	0.00237	0.00702	0.00993	0.00735	0.07460
2	0.05985	0.02415	0.02714	0.05918	0.16564	0.26009	0.13608	0.02586	0.01874	0.04892	0.01577	0.05995	0.01361	0.00874	0.00853	0.00238	0.04367	0.00745	0.00435	0.00990
3	0.01152	0.00923	0.04346	0.01097	0.01286	0.00758	0.00848	0.01444	0.01867	0.05260	0.34825	0.33619	0.05857	0.01876	0.00932	0.00274	0.00452	0.01676	0.00775	0.00733
4	0.01127	0.00755	0.00863	0.00863	0.00869	0.00761	0.00491	0.01139	0.01133	0.01516	0.02427	0.04987	0.02781	0.69886	0.06759	0.00773	0.00808	0.01115	0.00467	0.00479
5	0.01577	0.06972	0.65966	0.02172	0.03297	0.01855	0.02799	0.02450	0.01634	0.02428	0.01378	0.01620	0.00983	0.00734	0.00726	0.00242	0.01132	0.00566	0.00328	0.01139
6	0.03574	0.00828	0.01055	0.01018	0.01216	0.00773	0.00769	0.01533	0.02054	0.05534	0.50453	0.12815	0.09104	0.01667	0.00911	0.00257	0.00412	0.04463	0.00819	0.00743
7	0.00963	0.00682	0.00894	0.01056	0.01097	0.00642	0.00695	0.01084	0.01449	0.01932	0.04090	0.65525	0.04897	0.09464	0.01285	0.00359	0.00480	0.02097	0.00695	0.00614
8	0.01010	0.00765	0.01117	0.01195	0.01282	0.00718	0.04566	0.01167	0.01481	0.01978	0.03989	0.63548	0.04737	0.07020	0.01183	0.00341	0.00521	0.02055	0.00683	0.00644
9	0.01510	0.01559	0.03112	0.02385	0.02866	0.01503	0.37881	0.01966	0.01729	0.02363	0.08067	0.22068	0.02813	0.01272	0.01027	0.00279	0.04882	0.01306	0.00521	0.00891
10	0.01710	0.01061	0.01320	0.01168	0.01480	0.01040	0.00905	0.02415	0.14600	0.15552	0.42852	0.04634	0.05336	0.01363	0.00865	0.00247	0.00469	0.01183	0.00861	0.00939
11	0.00952	0.00680	0.00906	0.01075	0.01126	0.00634	0.00720	0.01097	0.01516	0.02030	0.07106	0.69267	0.05226	0.02391	0.00986	0.00312	0.00446	0.02168	0.00726	0.00634
12	0.05974	0.01963	0.02022	0.01628	0.02160	0.04303	0.01319	0.42868	0.15473	0.04234	0.04139	0.02203	0.01716	0.00959	0.00753	0.00235	0.00769	0.00737	0.05332	0.01212
13	0.02119	0.01515	0.01524	0.01294	0.01682	0.04328	0.01026	0.24880	0.13050	0.03620	0.02340	0.02463	0.01771	0.00933	0.00672	0.00214	0.00620	0.00730	0.34192	0.01025
14	0.01108	0.00831	0.01246	0.01246	0.01385	0.00969	0.00969	0.01385	0.01246	0.01800	0.02077	0.03046	0.01938	0.05815	0.69678	0.01246	0.02077	0.00831	0.00415	0.00692
15	0.01148	0.00827	0.01046	0.01143	0.01251	0.00808	0.00794	0.07378	0.01730	0.02319	0.07122	0.62124	0.04863	0.02242	0.00965	0.00303	0.00485	0.02018	0.00732	0.00702
16	0.02521	0.01760	0.01936	0.01571	0.02094	0.01908	0.01269	0.32351	0.21274	0.13050	0.05830	0.02786	0.05960	0.01062	0.00795	0.00245	0.00707	0.00850	0.00805	0.01225
17	0.01097	0.00793	0.01036	0.00975	0.01158	0.00732	0.00732	0.01463	0.02195	0.03109	0.67505	0.05792	0.07316	0.01585	0.00914	0.00244	0.00366	0.01402	0.00854	0.00732
18	0.01830	0.02092	0.04575	0.03268	0.04052	0.01961	0.65098	0.02484	0.01830	0.02484	0.01569	0.02092	0.01176	0.00654	0.00915	0.00261	0.01307	0.00915	0.00392	0.01046
19	0.01589	0.01522	0.02598	0.50744	0.18907	0.01786	0.04704	0.02084	0.01594	0.02118	0.01388	0.02020	0.01081	0.00776	0.00854	0.00256	0.03978	0.00698	0.00355	0.00949
20	0.01805	0.02035	0.04339	0.06317	0.03991	0.01975	0.58386	0.02423	0.01779	0.02423	0.01527	0.02067	0.01160	0.00701	0.01006	0.00266	0.05496	0.00890	0.00387	0.01025
21	0.01830	0.02092	0.04575	0.03268	0.04052	0.01961	0.65098	0.02484	0.01830	0.02484	0.01569	0.02092	0.01176	0.00654	0.00915	0.00261	0.01307	0.00915	0.00392	0.01046
22	0.17247	0.01395	0.01687	0.01335	0.01903	0.01330	0.01098	0.05076	0.05946	0.50873	0.02667	0.02379	0.01731	0.00920	0.00725	0.00241	0.00651	0.00717	0.00856	0.01225
23	0.02896	0.03695	0.02197	0.01998	0.02397	0.69638	0.01498	0.03096	0.02197	0.01898	0.01199	0.01398	0.00999	0.00799	0.00699	0.00200	0.01398	0.00499	0.00400	0.00899
24	0.02122	0.01533	0.01776	0.01316	0.01971	0.01342	0.01065	0.14478	0.04318	0.11629	0.01752	0.01836	0.01324	0.00710	0.00647	0.00159	0.00641	0.00562	0.00597	0.50220
25	0.02775	0.03436	0.02325	0.05497	0.02625	0.60061	0.04632	0.05674	0.02209	0.02058	0.01254	0.01485	0.01023	0.00796	0.00717	0.00207	0.01352	0.00538	0.00412	0.00922
26	0.01464	0.01378	0.02326	0.70887	0.05340	0.01723	0.02153	0.01981	0.01550	0.01981	0.01378	0.02067	0.01034	0.00775	0.00775	0.00258	0.01034	0.00689	0.00345	0.00861
27	0.01097	0.00793	0.01036	0.00975	0.01158	0.00732	0.00732	0.01463	0.02195	0.03109	0.67505	0.05792	0.07316	0.01585	0.00914	0.00244	0.00366	0.01402	0.00854	0.00732
28	0.01194	0.00808	0.00912	0.00900	0.00929	0.00815	0.00528	0.03872	0.01257	0.01677	0.02528	0.08983	0.02894	0.65441	0.03633	0.00703	0.00738	0.01174	0.00498	0.00516
29	0.02104	0.01571	0.01733	0.01500	0.01930	0.01734	0.01184	0.15706	0.36282	0.08759	0.09999	0.03327	0.02776	0.04047	0.00940	0.00277	0.00647	0.03546	0.00791	0.01145
30	0.01444	0.01402	0.02728	0.02197	0.02629	0.01327	0.31287	0.01887	0.01746	0.02341	0.05122	0.21131	0.03171	0.01490	0.00972	0.00298	0.00917	0.16493	0.00568	0.00851
31	0.01089	0.00784	0.01020	0.00976	0.01143	0.00726	0.00720	0.01426	0.02107	0.02974	0.60958	0.09765	0.06995	0.04630	0.01047	0.00270	0.00387	0.01439	0.00829	0.00714
32	0.01939	0.01590	0.01704	0.01539	0.01961	0.01815	0.01193	0.03922	0.59715	0.06089	0.03219	0.07059	0.02513	0.01131	0.00801	0.00265	0.00606	0.00952	0.00792	0.01195
33	0.02770	0.02906	0.09884	0.01845	0.02405	0.33468	0.01568	0.12955	0.07733	0.14279	0.01816	0.01842	0.01323	0.00862	0.00737	0.00223	0.01088	0.00620	0.00581	0.01095
34	0.01809	0.01954	0.03251	0.02529	0.02865	0.05524	0.27186	0.02175	0.01496	0.02116	0.01248	0.01841	0.01081	0.01047	0.01798	0.00301	0.39722	0.00765	0.00364	0.00930
35	0.00948	0.00684	0.00898	0.01062	0.01122	0.00634	0.00714	0.01094	0.01522	0.02022	0.06496	0.66856	0.08325	0.02379	0.00984	0.00310	0.00444	0.02150	0.00724	0.00634
36	0.00977	0.00713	0.00881	0.00988	0.01073	0.00659	0.00661	0.01117	0.01527	0.02003	0.08757	0.46903	0.15655	0.12631	0.01407	0.00365	0.00479	0.01896	0.00692	0.00617
37	0.01770	0.02074	0.07128	0.02964	0.03681	0.01898	0.52683	0.02370	0.01754	0.02424	0.01596	0.04200	0.01278	0.00759	0.01010	0.00261	0.06249	0.00901	0.00399	0.04599
38	0.01557	0.01337	0.01582	0.01168	0.01788	0.01061	0.00934	0.01886	0.01582	0.02450	0.01677	0.01932	0.04025	0.00916	0.04028	0.00184	0.03097	0.00535	0.00464	0.67795
39	0.01000	0.00703	0.00908	0.01050	0.01093	0.00670	0.00697	0.01119	0.01426	0.01898	0.03880	0.54616	0.04607	0.17168	0.01615	0.00409	0.00528	0.05346	0.00667	0.00601
40	0.01073	0.00741	0.00940	0.00996	0.01128	0.00692	0.00719	0.01336	0.01802	0.02540	0.28499	0.32392	0.09049	0.01889	0.00908	0.00271	0.00415	0.04237	0.09690	0.00685
41	0.00980	0.00692	0.00898	0.01039	0.01084	0.00653	0.00683	0.01106	0.01466	0.01963	0.07113	0.58812	0.04887	0.13022	0.01433	0.00377	0.00491	0.02002	0.00689	0.00611
42	0.00954	0.00682	0.00908	0.01073	0.01127	0.00636	0.00720	0.01103	0.01527	0.02047	0.08083	0.68241	0.05260	0.02378	0.00985	0.00311	0.00445	0.02156	0.00728	0.00636
43	0.01464	0.01378	0.02326	0.70887	0.05340	0.01723	0.02153	0.01981	0.01550	0.01981	0.01378	0.02067	0.01034	0.00775	0.00775	0.00258	0.01034	0.00689	0.00345	0.00861
44	0.01567	0.01509	0.02176	0.01883	0.01936	0.02034	0.03564	0.01768	0.01218	0.01862	0.01288	0.02080	0.01260	0.04434	0.15746	0.00528	0.53243	0.00730	0.00360	0.00812
45	0.01078	0.00762	0.00988	0.01116	0.01200	0.00732	0.00774	0.04235	0.01587	0.02106	0.04108	0.59766	0.06844	0.02342	0.01094	0.04604	0.00492	0.04820	0.00701	0.00652
46	0.00943	0.00680	0.00894	0.01065	0.01121	0.00631	0.00713	0.01081	0.01499	0.01985	0.04453	0.69003	0.08254	0.02406	0.00986	0.00312	0.00447	0.02176	0.00720	0.00631
47	0.02418	0.01852	0.01864	0.01608	0.02084	0.08970	0.01275	0.12235	0.36481	0.15014	0.02798	0.02821	0.02096	0.01043	0.00789	0.00252	0.00743	0.03687	0.00773	0.01198
48	0.02469	0.01822	0.02100	0.01669	0.02198	0.01984	0.04828	0.37581	0.15770	0.07086	0.06154	0.02439	0.01964	0.00978	0.00775	0.00237	0.00751	0.00794	0.07203	0.01200
49	0.16173	0.01519	0.02421	0.34511	0.03849	0.01674	0.12988	0.02418	0.01666	0.13125	0.01629	0.02014	0.01167	0.00773	0.00746	0.00252	0.00941	0.00694	0.00478	0.00965
50	0.02085	0.16342	0.20396	0.01578	0.02255	0.01790	0.01609	0.02884	0.13401	0.16974	0.10706	0.02548	0.02270	0.00939	0.00731	0.00231	0.00779	0.00750	0.00618	0.01114

[dist]
# distance from previous block
# <min> <max>
0	11

[block]
# block no. 3 follows, 25 sequences, length 33
# corresponding to MSA columns:
# 333-365
name=unknown_D
#
# <colnr> <probs for GDERKNQSTAVLIFYWHMCP>
#	G	D	E	R	K	N	Q	S	T	A	V	L	I	F	Y	W	H	M	C	P
0	0.01838	0.01982	0.04002	0.02926	0.03590	0.01956	0.51232	0.05408	0.04808	0.02560	0.01728	0.05138	0.01397	0.00819	0.01038	0.00269	0.06900	0.00940	0.00438	0.01033
1	0.01929	0.05429	0.03316	0.02479	0.02913	0.11287	0.27953	0.02313	0.01623	0.02148	0.01286	0.01796	0.01085	0.00930	0.01455	0.00272	0.27087	0.00733	0.00373	0.03593
2	0.01053	0.00818	0.01218	0.01264	0.01398	0.00766	0.05596	0.01268	0.01598	0.02125	0.07772	0.53017	0.07724	0.02195	0.00986	0.00309	0.00537	0.08977	0.00702	0.00677
3	0.07027	0.01651	0.01782	0.19020	0.02665	0.07718	0.01343	0.21520	0.02259	0.03222	0.01818	0.02126	0.01376	0.00858	0.00683	0.00222	0.00792	0.00667	0.22287	0.00964
4	0.01597	0.01514	0.02566	0.51556	0.23632	0.01758	0.02219	0.02098	0.01613	0.02142	0.01402	0.02024	0.01090	0.00751	0.00773	0.00250	0.01001	0.00690	0.00356	0.00969
5	0.01915	0.52127	0.23771	0.01596	0.02406	0.02682	0.01795	0.02362	0.01594	0.02017	0.01173	0.01364	0.00991	0.00686	0.00570	0.00190	0.00926	0.00463	0.00330	0.01041
6	0.01020	0.00834	0.00907	0.00900	0.01139	0.00750	0.00670	0.01373	0.06029	0.02355	0.18758	0.12612	0.46151	0.01873	0.00914	0.00263	0.00407	0.01592	0.00750	0.00704
7	0.01463	0.01343	0.02240	0.67132	0.05103	0.01669	0.02067	0.01972	0.01554	0.02030	0.01440	0.02111	0.01085	0.00782	0.00763	0.00254	0.00998	0.00691	0.04450	0.00854
8	0.08943	0.01539	0.01594	0.01384	0.01775	0.03891	0.01092	0.24217	0.11057	0.03500	0.11353	0.12213	0.06749	0.01303	0.00803	0.00252	0.00649	0.02979	0.03708	0.01000
9	0.01872	0.01810	0.03137	0.10920	0.59000	0.01837	0.05322	0.02347	0.01748	0.02479	0.01456	0.01941	0.01207	0.00697	0.00775	0.00234	0.00950	0.00701	0.00380	0.01185
10	0.01021	0.00785	0.00935	0.00921	0.01126	0.00700	0.00691	0.01304	0.01967	0.02611	0.37859	0.10859	0.30888	0.01807	0.00925	0.00259	0.00393	0.03468	0.00788	0.00694
11	0.02039	0.68723	0.08262	0.01384	0.02079	0.02986	0.01427	0.02330	0.01579	0.01865	0.01098	0.01269	0.00994	0.00668	0.00513	0.00171	0.00850	0.00425	0.00331	0.01005
12	0.02695	0.01666	0.01916	0.01551	0.02070	0.01744	0.01262	0.32768	0.08432	0.21693	0.02779	0.08609	0.03823	0.01165	0.00815	0.00251	0.00726	0.04013	0.00818	0.01204
13	0.01126	0.00818	0.00933	0.00887	0.01140	0.00710	0.00671	0.01389	0.01947	0.06193	0.29074	0.06589	0.42187	0.01771	0.00908	0.00254	0.00398	0.01504	0.00782	0.00720
14	0.00943	0.00682	0.00893	0.01062	0.01120	0.00631	0.00712	0.01082	0.01502	0.01986	0.04493	0.68279	0.08952	0.02401	0.00985	0.00312	0.00446	0.02169	0.00720	0.00631
15	0.01781	0.01986	0.04212	0.03163	0.06758	0.01903	0.55851	0.02375	0.01779	0.02431	0.01683	0.05820	0.01383	0.00783	0.00987	0.00266	0.04447	0.00963	0.00407	0.01023
16	0.01986	0.01390	0.01586	0.01386	0.01720	0.01466	0.01059	0.30073	0.02501	0.06443	0.06549	0.28419	0.03211	0.07097	0.01109	0.00304	0.00660	0.01332	0.00744	0.00965
17	0.03433	0.01394	0.01845	0.01415	0.02016	0.01250	0.01169	0.09132	0.02343	0.62923	0.02955	0.02571	0.01867	0.00957	0.00779	0.00239	0.00677	0.00773	0.00944	0.01319
18	0.00945	0.00675	0.00900	0.01080	0.01125	0.00630	0.00720	0.01080	0.01484	0.01979	0.04274	0.72245	0.05128	0.02429	0.00990	0.00315	0.00450	0.02204	0.00720	0.00630
19	0.01128	0.00752	0.00846	0.00846	0.00846	0.00752	0.00470	0.01128	0.01128	0.01503	0.02443	0.05074	0.02819	0.72751	0.03946	0.00752	0.00752	0.01128	0.00470	0.00470
20	0.01717	0.01229	0.01522	0.01232	0.01678	0.01086	0.02761	0.06223	0.03922	0.09592	0.02437	0.11675	0.04313	0.11694	0.04331	0.00321	0.00697	0.00917	0.00586	0.32069
21	0.02250	0.05379	0.02049	0.01524	0.02063	0.04985	0.01242	0.22978	0.07192	0.07432	0.01861	0.05171	0.01508	0.00920	0.00858	0.00208	0.06700	0.00690	0.00613	0.24378
22	0.01795	0.36009	0.38832	0.01802	0.02724	0.02387	0.02154	0.02394	0.01609	0.02164	0.01246	0.01455	0.00988	0.00703	0.00626	0.00209	0.00999	0.00500	0.00329	0.01076
23	0.01664	0.01683	0.02323	0.08148	0.02369	0.05872	0.05418	0.01897	0.01342	0.01921	0.01403	0.07463	0.01400	0.01521	0.05118	0.00359	0.48068	0.00813	0.00380	0.00839
24	0.00990	0.00704	0.00940	0.01112	0.01171	0.00667	0.00773	0.01146	0.01505	0.02000	0.04173	0.61626	0.04947	0.05454	0.01128	0.00339	0.00495	0.09489	0.00708	0.00633
25	0.02151	0.01710	0.02272	0.01743	0.02338	0.05667	0.13419	0.08702	0.10287	0.13528	0.02349	0.04692	0.04651	0.00888	0.00758	0.00212	0.00799	0.00791	0.00618	0.22424
26	0.02522	0.01692	0.01907	0.01548	0.02033	0.01823	0.01249	0.39036	0.05888	0.12327	0.02387	0.09690	0.01939	0.01512	0.06611	0.00327	0.00852	0.00891	0.04608	0.01158
27	0.01108	0.00831	0.01246	0.01246	0.01385	0.00969	0.00969	0.01385	0.01246	0.01800	0.02077	0.03046	0.01938	0.05815	0.69678	0.01246	0.02077	0.00831	0.00415	0.00692
28	0.01959	0.01857	0.03143	0.07599	0.56794	0.01880	0.06149	0.06455	0.01881	0.02657	0.01488	0.01933	0.01222	0.00708	0.00778	0.00234	0.00946	0.00705	0.00408	0.01206
29	0.05494	0.07142	0.45769	0.02058	0.06150	0.01729	0.02313	0.02602	0.01736	0.12633	0.04115	0.01922	0.01372	0.00796	0.00726	0.00239	0.00987	0.00626	0.00455	0.01138
30	0.01555	0.04011	0.68733	0.02210	0.03356	0.01801	0.02865	0.02455	0.01637	0.02455	0.01391	0.01637	0.00982	0.00737	0.00737	0.00246	0.01146	0.00573	0.00327	0.01146
31	0.00969	0.00694	0.00922	0.01063	0.01130	0.00646	0.00722	0.01141	0.01599	0.02161	0.14438	0.61562	0.05480	0.02293	0.00978	0.00303	0.00436	0.02075	0.00741	0.00646
32	0.01193	0.00871	0.01072	0.01146	0.01266	0.00871	0.00795	0.06650	0.05646	0.02308	0.06435	0.54173	0.04550	0.07675	0.01187	0.00336	0.00514	0.01880	0.00715	0.00716

[dist]
# distance from previous block
# <min> <max>
5	9

[block]
# block no. 4 follows, 25 sequences, length 21
# corresponding to MSA columns:
# 375-395
name=unknown_E
#
# <colnr> <probs for GDERKNQSTAVLIFYWHMCP>
#	G	D	E	R	K	N	Q	S	T	A	V	L	I	F	Y	W	H	M	C	P
0	0.05371	0.07293	0.02593	0.05976	0.34343	0.01744	0.01783	0.05571	0.04134	0.11011	0.04743	0.02339	0.01688	0.00831	0.00742	0.00227	0.00806	0.02662	0.00524	0.05618
1	0.01745	0.01652	0.02687	0.29997	0.31723	0.01893	0.02161	0.04322	0.01663	0.02302	0.01377	0.01942	0.01125	0.00829	0.01029	0.00257	0.11199	0.00689	0.00376	0.01033
2	0.31489	0.01597	0.02135	0.02904	0.35198	0.01687	0.01602	0.02261	0.01611	0.02950	0.05221	0.01933	0.01467	0.00764	0.00654	0.00233	0.00739	0.00629	0.03900	0.01025
3	0.27768	0.01716	0.01753	0.01379	0.01961	0.01808	0.01134	0.26638	0.02373	0.12173	0.01680	0.01722	0.01210	0.00809	0.00647	0.00218	0.00701	0.00579	0.00652	0.13082
4	0.32572	0.01549	0.01704	0.10741	0.02267	0.01768	0.01242	0.11704	0.01788	0.08882	0.01559	0.04680	0.01257	0.00920	0.00867	0.00248	0.09204	0.00639	0.00540	0.05869
5	0.32276	0.01367	0.01362	0.01164	0.01626	0.01434	0.00935	0.05238	0.09951	0.14611	0.08669	0.02848	0.09108	0.01020	0.00677	0.00238	0.00577	0.00778	0.00675	0.05445
6	0.27656	0.01678	0.01724	0.01400	0.01946	0.01813	0.01144	0.21284	0.11255	0.17333	0.02018	0.01960	0.01426	0.00873	0.00675	0.00237	0.00688	0.00641	0.00708	0.03541
7	0.01982	0.01998	0.02970	0.10551	0.55123	0.09106	0.02264	0.02420	0.01792	0.02414	0.01423	0.01877	0.01186	0.00710	0.00761	0.00230	0.00983	0.00670	0.00382	0.01159
8	0.59677	0.01713	0.07408	0.01174	0.01701	0.01711	0.01053	0.02425	0.07968	0.03293	0.01649	0.01762	0.04263	0.00816	0.00556	0.00244	0.00641	0.00540	0.00509	0.00898
9	0.01521	0.01063	0.01316	0.01163	0.01517	0.00925	0.00867	0.04550	0.01664	0.08393	0.02819	0.30689	0.02964	0.04766	0.04960	0.00306	0.00640	0.01260	0.00623	0.27993
10	0.01130	0.00918	0.01407	0.01326	0.01520	0.00839	0.08466	0.01349	0.01553	0.02119	0.07269	0.49034	0.04274	0.07061	0.01153	0.00319	0.00580	0.01775	0.00648	0.07261
11	0.11231	0.01667	0.02268	0.09316	0.28315	0.01784	0.01682	0.17213	0.02117	0.03207	0.01662	0.01986	0.01298	0.00791	0.00702	0.00227	0.00793	0.00665	0.11983	0.01092
12	0.01608	0.01378	0.01608	0.01148	0.01837	0.01034	0.00919	0.01952	0.01608	0.02527	0.01378	0.01608	0.01148	0.00574	0.00574	0.00115	0.00574	0.00459	0.00459	0.77491
13	0.01364	0.00881	0.01137	0.01064	0.01286	0.00830	0.00800	0.01801	0.05871	0.09461	0.49623	0.13429	0.06224	0.01595	0.00903	0.00253	0.00420	0.01408	0.00844	0.00806
14	0.06592	0.02360	0.02083	0.05603	0.02412	0.22483	0.01406	0.23260	0.08567	0.14730	0.01924	0.01935	0.01384	0.00888	0.00740	0.00229	0.00960	0.00654	0.00656	0.01133
15	0.02342	0.01378	0.01655	0.01420	0.01863	0.01414	0.01143	0.07911	0.23903	0.25515	0.12806	0.03736	0.03085	0.01198	0.00831	0.00259	0.00620	0.06930	0.00849	0.01141
16	0.00941	0.00755	0.00840	0.00886	0.01079	0.00654	0.00639	0.01135	0.01725	0.02152	0.12158	0.25711	0.44481	0.02062	0.00937	0.00275	0.00407	0.01777	0.00732	0.00654
17	0.00940	0.00691	0.00883	0.01036	0.01113	0.00633	0.00700	0.01085	0.01526	0.01996	0.04804	0.62641	0.14390	0.02360	0.00979	0.00307	0.00441	0.02120	0.00720	0.00633
