[name]
unknown

[dist]
# distance from previous block
# <min> <max>
3	54

[block]
# block no. 0 follows, 22 sequences, length 8
# corresponding to MSA columns:
# 54-61
name=unknown_A
#
# <colnr> <probs for GDERKNQSTAVLIFYWHMCP>
#	G	D	E	R	K	N	Q	S	T	A	V	L	I	F	Y	W	H	M	C	P
0	0.02083	0.01266	0.01716	0.01773	0.07194	0.01200	0.01347	0.02608	0.06977	0.18763	0.03693	0.05850	0.05738	0.01590	0.00962	0.00304	0.00733	0.27596	0.00784	0.07821
1	0.01666	0.07342	0.01579	0.06422	0.01758	0.01142	0.00987	0.01955	0.01969	0.12432	0.25361	0.15094	0.07650	0.09435	0.01286	0.00329	0.00604	0.01359	0.00763	0.00865
2	0.05286	0.01454	0.01858	0.14103	0.02614	0.01544	0.01363	0.12990	0.06608	0.18210	0.10286	0.03399	0.07720	0.01622	0.06890	0.00361	0.00888	0.00954	0.00749	0.01099
3	0.01717	0.01458	0.02268	0.48853	0.08338	0.01736	0.01987	0.06760	0.01860	0.02554	0.01721	0.02331	0.01308	0.00860	0.00790	0.00259	0.00969	0.00745	0.12527	0.00960
4	0.01914	0.04952	0.01671	0.01369	0.01653	0.07272	0.01055	0.06721	0.02150	0.10824	0.25191	0.11125	0.04354	0.09116	0.01409	0.00327	0.06024	0.01217	0.00747	0.00910
5	0.33012	0.01629	0.01787	0.20272	0.02905	0.01900	0.01406	0.11345	0.07117	0.03430	0.01670	0.01962	0.01261	0.00865	0.00682	0.00259	0.00796	0.00639	0.06056	0.01007
6	0.10977	0.01619	0.02038	0.04889	0.02320	0.01721	0.06777	0.14107	0.14602	0.12574	0.06332	0.07931	0.02374	0.01211	0.00929	0.03398	0.00763	0.00956	0.03361	0.01122
7	0.01258	0.00865	0.01127	0.07418	0.01588	0.00854	0.00859	0.01486	0.01714	0.04462	0.13609	0.29536	0.09509	0.13918	0.01523	0.00382	0.00578	0.01639	0.06953	0.00721

[dist]
# distance from previous block
# <min> <max>
13	29

[block]
# block no. 1 follows, 22 sequences, length 94
# corresponding to MSA columns:
# 93-186
name=unknown_B
#
# <colnr> <probs for GDERKNQSTAVLIFYWHMCP>
#	G	D	E	R	K	N	Q	S	T	A	V	L	I	F	Y	W	H	M	C	P
0	0.35590	0.01949	0.06433	0.04497	0.02363	0.01905	0.04988	0.14980	0.02092	0.07798	0.01572	0.01739	0.01158	0.00817	0.00673	0.00244	0.00807	0.00597	0.00587	0.09213
1	0.01849	0.01216	0.01433	0.01276	0.01582	0.04959	0.00978	0.02171	0.02164	0.15700	0.33536	0.13548	0.05213	0.01555	0.01001	0.00263	0.03572	0.01327	0.00837	0.05818
2	0.01569	0.01477	0.02492	0.68808	0.05722	0.01846	0.02307	0.02123	0.01661	0.02123	0.01477	0.02215	0.01107	0.00831	0.00831	0.00277	0.01107	0.00738	0.00369	0.00923
3	0.03158	0.02327	0.02493	0.01911	0.02576	0.02576	0.01579	0.62852	0.03906	0.05236	0.01995	0.01995	0.01413	0.00997	0.00831	0.00249	0.00914	0.00748	0.00831	0.01413
4	0.03030	0.02242	0.02438	0.04025	0.02628	0.02484	0.01573	0.58687	0.03751	0.05024	0.02071	0.04460	0.01550	0.01050	0.00839	0.00253	0.00905	0.00806	0.00814	0.01371
5	0.01012	0.00723	0.00964	0.01157	0.01205	0.00675	0.00771	0.01157	0.01591	0.02121	0.04579	0.70262	0.05495	0.02603	0.01060	0.00337	0.00482	0.02362	0.00771	0.00675
6	0.01226	0.00860	0.01272	0.01272	0.01390	0.00978	0.00960	0.01408	0.01290	0.01838	0.02134	0.03286	0.02041	0.09617	0.54304	0.12210	0.01920	0.00884	0.00436	0.00672
7	0.01698	0.08135	0.62941	0.02314	0.03512	0.02007	0.02975	0.02623	0.01750	0.02592	0.01472	0.01730	0.01053	0.00785	0.00775	0.00258	0.01208	0.00604	0.00351	0.01218
8	0.01818	0.01818	0.02545	0.02181	0.02181	0.02545	0.01818	0.01999	0.01272	0.01999	0.01091	0.01818	0.01091	0.01454	0.02726	0.00364	0.69284	0.00727	0.00364	0.00909
9	0.01273	0.00873	0.01129	0.01051	0.01271	0.00798	0.00793	0.01651	0.02325	0.05949	0.59134	0.06169	0.11040	0.01694	0.00974	0.00262	0.00407	0.01489	0.00911	0.00806
10	0.01475	0.01296	0.02103	0.52223	0.04598	0.01567	0.01916	0.01948	0.01656	0.02199	0.02088	0.13565	0.01915	0.01135	0.00849	0.00280	0.00947	0.01010	0.06359	0.00870
11	0.04310	0.19587	0.46327	0.02263	0.06743	0.02244	0.02586	0.02587	0.01735	0.02515	0.01406	0.01660	0.01066	0.00768	0.00723	0.00242	0.01116	0.00576	0.00361	0.01184
12	0.76672	0.01607	0.01221	0.01092	0.01607	0.01864	0.00900	0.02442	0.01414	0.03727	0.01157	0.01350	0.00900	0.00771	0.00514	0.00257	0.00643	0.00450	0.00514	0.00900
13	0.01188	0.00886	0.01313	0.01313	0.01454	0.01027	0.01011	0.01470	0.01329	0.01912	0.02245	0.03373	0.02124	0.09492	0.64316	0.01308	0.02153	0.00906	0.00448	0.00730
14	0.03158	0.02327	0.02493	0.01911	0.02576	0.02576	0.01579	0.62852	0.03906	0.05236	0.01995	0.01995	0.01413	0.00997	0.00831	0.00249	0.00914	0.00748	0.00831	0.01413
15	0.02093	0.55187	0.03841	0.01524	0.02070	0.03016	0.01438	0.02329	0.01588	0.01943	0.01228	0.01652	0.01182	0.04855	0.01126	0.00246	0.12773	0.00537	0.00365	0.01007
16	0.02056	0.01974	0.03372	0.05099	0.65622	0.01974	0.02550	0.02550	0.01892	0.02714	0.01563	0.02056	0.01316	0.00740	0.00822	0.00247	0.00987	0.00740	0.00411	0.01316
17	0.01723	0.01477	0.01723	0.01230	0.01969	0.01107	0.00984	0.02092	0.01723	0.02707	0.01477	0.01723	0.01230	0.00615	0.00615	0.00123	0.00615	0.00492	0.00492	0.75883
18	0.01830	0.15791	0.42667	0.02513	0.06571	0.02200	0.12021	0.02606	0.01781	0.02519	0.01464	0.01770	0.01100	0.00759	0.00775	0.00250	0.01182	0.00647	0.00365	0.01187
19	0.01010	0.00730	0.00957	0.01139	0.01200	0.00676	0.00763	0.01159	0.01608	0.02128	0.04799	0.66696	0.08919	0.02574	0.01056	0.00334	0.00478	0.02327	0.00771	0.00676
20	0.02279	0.66905	0.04223	0.01468	0.02161	0.07480	0.01433	0.02542	0.01732	0.01960	0.01163	0.01343	0.01066	0.00720	0.00547	0.00180	0.00928	0.00450	0.00360	0.01059
21	0.01339	0.00956	0.01339	0.01530	0.01721	0.00956	0.01339	0.01721	0.01912	0.02486	0.04399	0.09371	0.04781	0.02295	0.01147	0.00382	0.00765	0.60031	0.00765	0.00765
22	0.08680	0.01499	0.02301	0.55775	0.04970	0.01806	0.02055	0.02227	0.03717	0.02357	0.01510	0.02130	0.01143	0.00821	0.00787	0.00265	0.01016	0.00702	0.00407	0.05831
23	0.02283	0.01527	0.06087	0.16201	0.02828	0.01347	0.01478	0.02760	0.04637	0.24215	0.04544	0.07321	0.02097	0.01358	0.04141	0.02697	0.00861	0.00882	0.00682	0.12054
24	0.01153	0.00841	0.01084	0.01039	0.01231	0.00772	0.00773	0.01519	0.02276	0.03188	0.57837	0.10168	0.11451	0.01779	0.00985	0.00267	0.00399	0.01570	0.00897	0.00772
25	0.01550	0.00833	0.00917	0.06436	0.01364	0.00863	0.00724	0.01951	0.01735	0.03016	0.02607	0.03024	0.02044	0.00956	0.00602	0.00201	0.00447	0.00771	0.69170	0.00787
26	0.06564	0.06879	0.55430	0.02188	0.03309	0.01938	0.02739	0.02705	0.01770	0.06823	0.01572	0.01780	0.01109	0.00800	0.00764	0.00259	0.01142	0.00611	0.00406	0.01212
27	0.01749	0.08264	0.50771	0.02439	0.03510	0.02077	0.10454	0.02587	0.01747	0.02553	0.01469	0.01792	0.01082	0.00813	0.00913	0.00266	0.05313	0.00656	0.00361	0.01184
28	0.02112	0.01717	0.01858	0.01610	0.02129	0.01875	0.01260	0.04048	0.51258	0.07012	0.03092	0.02879	0.02314	0.01045	0.00811	0.00257	0.00654	0.00867	0.00803	0.12398
29	0.06768	0.46978	0.19735	0.01672	0.02470	0.02823	0.01821	0.02499	0.01669	0.02239	0.01237	0.01461	0.01053	0.00767	0.00692	0.00212	0.03950	0.00500	0.00365	0.01089
30	0.02299	0.01894	0.03343	0.08205	0.39684	0.01858	0.13196	0.02803	0.01974	0.13703	0.01877	0.02234	0.01421	0.00789	0.00854	0.00256	0.01021	0.00800	0.00517	0.01273
31	0.01309	0.00860	0.01134	0.01096	0.01291	0.00790	0.00810	0.01646	0.02198	0.07190	0.48739	0.19092	0.06981	0.01840	0.00987	0.00277	0.00431	0.01635	0.00893	0.00803
32	0.01117	0.00959	0.01054	0.01140	0.04457	0.00858	0.00803	0.01475	0.05517	0.02352	0.07575	0.07481	0.55359	0.01988	0.00974	0.00284	0.00480	0.04598	0.00757	0.00771
33	0.03311	0.01694	0.05215	0.01593	0.02239	0.01504	0.01359	0.08930	0.12319	0.47925	0.03097	0.02748	0.02029	0.01029	0.00834	0.00261	0.00742	0.00834	0.00949	0.01389
34	0.02622	0.13152	0.18774	0.02100	0.02768	0.42289	0.01949	0.03032	0.02113	0.02173	0.01319	0.01540	0.01065	0.00820	0.00730	0.00221	0.01348	0.00543	0.00399	0.01044
35	0.01299	0.00853	0.01125	0.01103	0.01289	0.00784	0.00809	0.01621	0.02152	0.07118	0.45101	0.22937	0.06840	0.01894	0.00992	0.00281	0.00436	0.01686	0.00884	0.00796
36	0.01677	0.03932	0.57281	0.07969	0.03820	0.01933	0.06768	0.02590	0.01759	0.02590	0.01502	0.01823	0.01070	0.00787	0.00805	0.00265	0.01229	0.00647	0.00357	0.01196
37	0.02753	0.06870	0.02595	0.08464	0.07730	0.29293	0.01726	0.19851	0.04577	0.03037	0.01575	0.01804	0.01237	0.00911	0.00862	0.00239	0.04160	0.00646	0.00541	0.01128
38	0.01569	0.01477	0.02492	0.68808	0.05722	0.01846	0.02307	0.02123	0.01661	0.02123	0.01477	0.02215	0.01107	0.00831	0.00831	0.00277	0.01107	0.00738	0.00369	0.00923
39	0.01956	0.01872	0.03192	0.18135	0.53366	0.01948	0.02500	0.02462	0.01844	0.02593	0.01545	0.02089	0.01273	0.00759	0.00824	0.00253	0.01012	0.00740	0.00403	0.01235
40	0.76672	0.01607	0.01221	0.01092	0.01607	0.01864	0.00900	0.02442	0.01414	0.03727	0.01157	0.01350	0.00900	0.00771	0.00514	0.00257	0.00643	0.00450	0.00514	0.00900
41	0.02039	0.49336	0.24728	0.01732	0.02612	0.02842	0.01962	0.02535	0.01710	0.02176	0.01265	0.01471	0.01062	0.00736	0.00617	0.00206	0.01000	0.00500	0.00354	0.01119
42	0.01028	0.00730	0.00959	0.01136	0.01180	0.00686	0.00749	0.01161	0.01559	0.02078	0.04416	0.64867	0.05289	0.08279	0.01324	0.00376	0.00509	0.02266	0.00749	0.00660
43	0.17105	0.01516	0.02240	0.46859	0.04490	0.01821	0.04547	0.02277	0.03607	0.02563	0.01534	0.02104	0.01161	0.00828	0.00761	0.00269	0.00978	0.00697	0.03710	0.00933
44	0.43005	0.01532	0.01501	0.01218	0.01810	0.01547	0.00998	0.02774	0.01719	0.19218	0.01755	0.01797	0.01258	0.00804	0.00616	0.00230	0.00653	0.00555	0.00639	0.16372
45	0.07073	0.31897	0.11938	0.01671	0.02414	0.05178	0.04252	0.02996	0.01920	0.20616	0.01839	0.01867	0.01347	0.00822	0.00683	0.00223	0.00917	0.00608	0.00563	0.01176
46	0.02221	0.71304	0.04353	0.01421	0.02132	0.03287	0.01421	0.02488	0.01688	0.01955	0.01155	0.01333	0.01066	0.00711	0.00533	0.00178	0.00888	0.00444	0.00355	0.01066
47	0.01152	0.00838	0.01085	0.01044	0.01232	0.00771	0.00775	0.01515	0.02265	0.03176	0.57273	0.11627	0.10545	0.01794	0.00987	0.00269	0.00401	0.01587	0.00895	0.00771
48	0.05523	0.01667	0.02737	0.37402	0.09866	0.01803	0.10853	0.04266	0.01797	0.02529	0.01515	0.02076	0.01167	0.00772	0.00802	0.00249	0.01033	0.00721	0.00422	0.12798
49	0.01962	0.02311	0.16796	0.03329	0.29935	0.01802	0.05266	0.02772	0.09897	0.06598	0.05265	0.06358	0.02028	0.00973	0.00849	0.00263	0.00942	0.00889	0.00537	0.01228
50	0.00997	0.00846	0.00863	0.00871	0.01148	0.00712	0.00661	0.01215	0.01894	0.02255	0.08244	0.08054	0.62703	0.02112	0.00989	0.00285	0.00435	0.04241	0.00771	0.00704
51	0.01131	0.00847	0.01048	0.00998	0.01214	0.00765	0.00748	0.01481	0.02245	0.03079	0.52030	0.06620	0.21150	0.01792	0.00980	0.00266	0.00399	0.01561	0.00881	0.00765
52	0.02415	0.01788	0.01780	0.03557	0.02016	0.07207	0.01201	0.30394	0.02783	0.03931	0.02202	0.02429	0.01674	0.01159	0.03145	0.00265	0.00814	0.00745	0.29403	0.01091
53	0.01318	0.00875	0.01150	0.01078	0.01292	0.00803	0.00809	0.01690	0.02303	0.07026	0.57509	0.10187	0.07338	0.01717	0.00976	0.00266	0.00417	0.01518	0.00912	0.00815
54	0.01443	0.00722	0.01082	0.01082	0.01082	0.00722	0.00722	0.01082	0.01082	0.01443	0.01443	0.02525	0.01443	0.02886	0.03247	0.75830	0.00722	0.00722	0.00361	0.00361
55	0.01948	0.02461	0.13562	0.03845	0.23862	0.02035	0.34523	0.02621	0.01908	0.02674	0.01615	0.02109	0.01247	0.00726	0.00901	0.00267	0.01242	0.00849	0.00407	0.01199
56	0.01886	0.03034	0.27219	0.08440	0.04079	0.05821	0.32129	0.02643	0.01883	0.02569	0.01571	0.02016	0.01160	0.00753	0.00884	0.00270	0.01318	0.00799	0.00391	0.01134
57	0.01033	0.00738	0.00988	0.01180	0.01238	0.00693	0.00807	0.01192	0.01611	0.02144	0.04567	0.66415	0.05449	0.02583	0.01066	0.00340	0.00500	0.06005	0.00771	0.00680
58	0.01848	0.02398	0.12912	0.05370	0.04088	0.01979	0.48635	0.02544	0.01899	0.02605	0.01831	0.06472	0.01495	0.00837	0.00955	0.00281	0.01309	0.01010	0.00431	0.01100
59	0.02865	0.02186	0.15637	0.06044	0.09666	0.01636	0.04825	0.08106	0.02257	0.34563	0.02439	0.02392	0.01624	0.00918	0.00831	0.00259	0.00918	0.00774	0.00738	0.01322
60	0.01176	0.00849	0.01110	0.01045	0.01241	0.00784	0.00784	0.01568	0.02352	0.03331	0.65184	0.06206	0.07839	0.01698	0.00980	0.00261	0.00392	0.01502	0.00914	0.00784
61	0.01699	0.01694	0.03121	0.48536	0.10234	0.01915	0.16299	0.02282	0.01749	0.02295	0.01531	0.02208	0.01160	0.00793	0.00865	0.00275	0.01166	0.00795	0.00384	0.01000
62	0.05820	0.02177	0.15145	0.07885	0.14652	0.01799	0.01927	0.03139	0.19568	0.09794	0.05421	0.02819	0.02094	0.01003	0.00828	0.00270	0.00867	0.02953	0.00628	0.01209
63	0.01687	0.06851	0.64131	0.02332	0.03540	0.01981	0.03007	0.02625	0.01751	0.02605	0.01478	0.01738	0.01053	0.00786	0.00779	0.00260	0.01215	0.00607	0.00351	0.01222
64	0.00998	0.00842	0.00864	0.00859	0.01132	0.00708	0.00644	0.01223	0.01932	0.02335	0.13140	0.07846	0.60504	0.02070	0.00982	0.00279	0.00418	0.01732	0.00783	0.00708
65	0.02791	0.02499	0.11667	0.01879	0.02555	0.06106	0.01686	0.38622	0.05473	0.09516	0.02148	0.04320	0.01634	0.04069	0.00977	0.00278	0.00950	0.00801	0.00738	0.01292
66	0.01921	0.09105	0.34432	0.05820	0.06428	0.02138	0.10142	0.09029	0.01999	0.02820	0.03391	0.01978	0.01336	0.00859	0.00918	0.00262	0.05106	0.00705	0.00433	0.01177
67	0.01023	0.00728	0.00961	0.01142	0.01188	0.00682	0.00756	0.01160	0.01569	0.02091	0.04466	0.66549	0.05353	0.06509	0.01242	0.00364	0.00500	0.02296	0.00756	0.00665
68	0.01666	0.04297	0.66500	0.02368	0.03596	0.01929	0.03069	0.02631	0.01754	0.02631	0.01491	0.01754	0.01052	0.00789	0.00789	0.00263	0.01228	0.00614	0.00351	0.01228
69	0.10965	0.03143	0.34483	0.02576	0.07608	0.02004	0.15038	0.06148	0.05025	0.02968	0.01619	0.01909	0.01191	0.00794	0.00803	0.00265	0.01130	0.00703	0.00442	0.01186
70	0.01867	0.02508	0.17003	0.10584	0.16161	0.02039	0.28324	0.02535	0.01830	0.02567	0.01561	0.02075	0.01201	0.00786	0.00998	0.00275	0.05327	0.00816	0.00395	0.01147
71	0.02056	0.01974	0.03372	0.05099	0.65622	0.01974	0.02550	0.02550	0.01892	0.02714	0.01563	0.02056	0.01316	0.00740	0.00822	0.00247	0.00987	0.00740	0.00411	0.01316
72	0.01957	0.02047	0.06241	0.21132	0.29655	0.05227	0.08429	0.04535	0.04924	0.02594	0.01675	0.02244	0.01353	0.03319	0.00959	0.00279	0.01074	0.00774	0.00437	0.01143
73	0.01775	0.01668	0.05219	0.13823	0.02753	0.06971	0.07578	0.02200	0.01942	0.06745	0.17351	0.06561	0.03285	0.01283	0.01093	0.00279	0.08347	0.04562	0.05635	0.00927
74	0.01031	0.00844	0.00910	0.00894	0.01152	0.00722	0.00670	0.01288	0.02010	0.02522	0.22898	0.07538	0.50629	0.02000	0.00981	0.00276	0.00413	0.01689	0.00808	0.00722
75	0.05539	0.02227	0.02430	0.05247	0.02686	0.02467	0.01580	0.55648	0.03654	0.07238	0.01987	0.02014	0.01404	0.00982	0.00821	0.00251	0.00907	0.00741	0.00804	0.01371
76	0.05763	0.17958	0.17809	0.01939	0.04850	0.05272	0.04397	0.06423	0.02051	0.18372	0.03975	0.02090	0.01564	0.00891	0.00809	0.00242	0.03136	0.00681	0.00582	0.01195
77	0.01941	0.01591	0.02019	0.13301	0.09618	0.01770	0.01524	0.03351	0.33588	0.07033	0.08324	0.03395	0.06662	0.01139	0.00860	0.00274	0.00736	0.00977	0.00729	0.01171
78	0.01166	0.00849	0.01097	0.01035	0.01235	0.00780	0.00776	0.01549	0.02329	0.03278	0.62421	0.06293	0.10634	0.01718	0.00980	0.00262	0.00393	0.01515	0.00908	0.00780
79	0.01740	0.01651	0.02801	0.46397	0.26793	0.01891	0.02392	0.02273	0.01742	0.02331	0.01507	0.02159	0.01181	0.00799	0.00828	0.00266	0.01065	0.00739	0.00384	0.01061
80	0.08824	0.01668	0.05623	0.01541	0.02175	0.01473	0.01322	0.03914	0.14135	0.45702	0.03032	0.02705	0.02002	0.01014	0.00810	0.00262	0.00723	0.00813	0.00915	0.01345
81	0.01012	0.00723	0.00964	0.01157	0.01205	0.00675	0.00771	0.01157	0.01591	0.02121	0.04579	0.70262	0.05495	0.02603	0.01060	0.00337	0.00482	0.02362	0.00771	0.00675
82	0.01176	0.00849	0.01110	0.01045	0.01241	0.00784	0.00784	0.01568	0.02352	0.03331	0.65184	0.06206	0.07839	0.01698	0.00980	0.00261	0.00392	0.01502	0.00914	0.00784
83	0.06771	0.17606	0.15879	0.01924	0.06090	0.04214	0.01759	0.07711	0.12823	0.14239	0.02080	0.02090	0.01526	0.00887	0.00739	0.00243	0.00898	0.00678	0.00610	0.01232
84	0.02200	0.02463	0.07089	0.03605	0.21057	0.09158	0.30979	0.07915	0.02142	0.02830	0.01623	0.02063	0.01258	0.00758	0.00889	0.00260	0.01245	0.00827	0.00451	0.01189
85	0.02216	0.02655	0.06822	0.02389	0.08447	0.24502	0.01835	0.02502	0.01740	0.02117	0.01325	0.01849	0.01186	0.01540	0.07222	0.00377	0.29239	0.00669	0.00396	0.00974
86	0.08427	0.47793	0.10510	0.04524	0.02452	0.07626	0.01614	0.04718	0.01800	0.02306	0.01245	0.01454	0.01065	0.00750	0.00599	0.00203	0.00960	0.00493	0.00391	0.01068
87	0.02048	0.01996	0.03499	0.04966	0.60522	0.01984	0.07548	0.02559	0.01897	0.02710	0.01572	0.02071	0.01311	0.00737	0.00836	0.00250	0.01021	0.00760	0.00412	0.01300
88	0.02266	0.02243	0.05951	0.04328	0.49757	0.05814	0.02372	0.11714	0.02217	0.03053	0.01609	0.02002	0.01305	0.00788	0.00818	0.00246	0.01016	0.00724	0.00473	0.01306
89	0.02518	0.04084	0.05535	0.01504	0.02030	0.01482	0.01286	0.07771	0.13696	0.26905	0.16998	0.03777	0.03435	0.01231	0.00871	0.00266	0.00682	0.03851	0.00878	0.01199
90	0.01102	0.00819	0.01060	0.01166	0.01302	0.00730	0.00798	0.01275	0.01607	0.02195	0.04185	0.61560	0.04953	0.02350	0.01004	0.00310	0.00499	0.02124	0.00736	0.10224
91	0.03157	0.01646	0.02007	0.01556	0.02195	0.01573	0.01272	0.15483	0.09757	0.38470	0.02798	0.02548	0.01876	0.00979	0.00807	0.00241	0.00730	0.00785	0.00897	0.11224
92	0.10477	0.11495	0.02641	0.04770	0.02619	0.25858	0.05354	0.15218	0.05553	0.06088	0.01635	0.01786	0.01257	0.00869	0.00741	0.00233	0.01109	0.00630	0.00557	0.01109
93	0.01015	0.00735	0.00960	0.01131	0.01200	0.00680	0.00762	0.01172	0.01636	0.02168	0.06769	0.63870	0.09757	0.02539	0.01052	0.00331	0.00475	0.02292	0.00776	0.00680

[dist]
# distance from previous block
# <min> <max>
0	1

[block]
# block no. 2 follows, 22 sequences, length 80
# corresponding to MSA columns:
# 188-267
name=unknown_C
#
# <colnr> <probs for GDERKNQSTAVLIFYWHMCP>
#	G	D	E	R	K	N	Q	S	T	A	V	L	I	F	Y	W	H	M	C	P
0	0.01807	0.08157	0.59406	0.02265	0.03431	0.01974	0.02874	0.02696	0.01783	0.05913	0.01564	0.01785	0.01106	0.00797	0.00776	0.00258	0.01180	0.00615	0.00386	0.01228
1	0.01189	0.00882	0.01295	0.01295	0.01429	0.01017	0.00988	0.01458	0.01323	0.01899	0.02262	0.03468	0.02166	0.12302	0.61562	0.01285	0.02092	0.00920	0.00451	0.00719
2	0.08835	0.02134	0.02735	0.05530	0.11313	0.07318	0.12384	0.14332	0.20381	0.03402	0.02132	0.02282	0.01614	0.00909	0.00826	0.00263	0.00966	0.00800	0.00626	0.01217
3	0.02224	0.02157	0.06319	0.06771	0.03799	0.02051	0.39114	0.08598	0.04947	0.09506	0.01909	0.02279	0.01391	0.00826	0.01006	0.00278	0.04217	0.00902	0.00534	0.01171
4	0.03485	0.01463	0.01921	0.01503	0.02111	0.01330	0.01229	0.08646	0.04499	0.55867	0.03246	0.06294	0.02200	0.01111	0.00847	0.00261	0.00710	0.00912	0.00993	0.01372
5	0.01340	0.01132	0.01676	0.28946	0.03147	0.01286	0.01452	0.01859	0.07499	0.02249	0.03194	0.36045	0.03417	0.01737	0.00946	0.00307	0.00755	0.01562	0.00613	0.00837
6	0.01912	0.02456	0.18166	0.06535	0.06049	0.01867	0.30727	0.02683	0.05521	0.06574	0.02061	0.07874	0.01683	0.00933	0.00912	0.00278	0.01166	0.00977	0.00493	0.01134
7	0.01758	0.02997	0.33960	0.17840	0.22146	0.01924	0.02749	0.02495	0.01774	0.02543	0.01509	0.01944	0.01141	0.00784	0.00808	0.00261	0.01131	0.00678	0.00372	0.01186
8	0.76672	0.01607	0.01221	0.01092	0.01607	0.01864	0.00900	0.02442	0.01414	0.03727	0.01157	0.01350	0.00900	0.00771	0.00514	0.00257	0.00643	0.00450	0.00514	0.00900
9	0.01569	0.01477	0.02492	0.68808	0.05722	0.01846	0.02307	0.02123	0.01661	0.02123	0.01477	0.02215	0.01107	0.00831	0.00831	0.00277	0.01107	0.00738	0.00369	0.00923
10	0.08740	0.17908	0.32820	0.02284	0.08940	0.02165	0.04966	0.02701	0.01786	0.08172	0.01561	0.01772	0.01164	0.00783	0.00725	0.00243	0.01041	0.00611	0.00435	0.01184
11	0.01022	0.00843	0.00897	0.00883	0.01146	0.00718	0.00662	0.01269	0.01987	0.02467	0.20040	0.07629	0.53522	0.02021	0.00981	0.00277	0.00415	0.01702	0.00801	0.00718
12	0.01569	0.01477	0.02492	0.68808	0.05722	0.01846	0.02307	0.02123	0.01661	0.02123	0.01477	0.02215	0.01107	0.00831	0.00831	0.00277	0.01107	0.00738	0.00369	0.00923
13	0.05359	0.02447	0.07594	0.01886	0.04758	0.22654	0.01513	0.05105	0.04860	0.05451	0.08590	0.06910	0.07583	0.01271	0.01027	0.00267	0.07666	0.03485	0.00590	0.00984
14	0.01782	0.01634	0.02609	0.49624	0.15762	0.01926	0.02246	0.06102	0.05490	0.02498	0.01635	0.02225	0.01246	0.00842	0.00830	0.00270	0.01048	0.00751	0.00433	0.01045
15	0.01012	0.00723	0.00964	0.01157	0.01205	0.00675	0.00771	0.01157	0.01591	0.02121	0.04579	0.70262	0.05495	0.02603	0.01060	0.00337	0.00482	0.02362	0.00771	0.00675
16	0.06122	0.03101	0.02216	0.01919	0.02399	0.39954	0.01484	0.19937	0.02734	0.03093	0.05336	0.02147	0.04018	0.00988	0.00784	0.00231	0.01192	0.00693	0.00586	0.01067
17	0.01889	0.02450	0.13635	0.06017	0.07839	0.02109	0.40274	0.02549	0.01832	0.02559	0.01567	0.02106	0.01206	0.00810	0.01142	0.00285	0.09345	0.00871	0.00400	0.01115
18	0.01011	0.00728	0.00959	0.01143	0.01201	0.00676	0.00765	0.01158	0.01604	0.02126	0.04748	0.67519	0.08129	0.02581	0.01057	0.00335	0.00479	0.02335	0.00771	0.00676
19	0.01424	0.01096	0.01602	0.01484	0.01715	0.01243	0.03615	0.07944	0.01629	0.02304	0.02179	0.03089	0.01974	0.05457	0.57821	0.01178	0.02054	0.00879	0.00484	0.00827
20	0.01845	0.01373	0.01699	0.05270	0.02066	0.01244	0.01113	0.07566	0.01986	0.08243	0.07672	0.14481	0.02631	0.01177	0.00858	0.00214	0.03280	0.00988	0.00642	0.35650
21	0.01761	0.01740	0.03189	0.27054	0.23101	0.01833	0.16668	0.02301	0.01828	0.02481	0.04407	0.06317	0.01746	0.00912	0.00884	0.00271	0.01075	0.00924	0.00440	0.01069
22	0.01766	0.09721	0.48493	0.02435	0.03489	0.02109	0.11298	0.02585	0.01749	0.02538	0.01464	0.01790	0.01085	0.00810	0.00910	0.00264	0.05296	0.00658	0.00362	0.01179
23	0.05686	0.06048	0.02213	0.01826	0.05012	0.02184	0.01408	0.21205	0.31830	0.06505	0.05401	0.02672	0.02207	0.01053	0.00813	0.00261	0.00751	0.00844	0.00789	0.01291
24	0.01855	0.10293	0.45870	0.02374	0.03403	0.02091	0.10490	0.02643	0.01772	0.05228	0.01535	0.01825	0.01126	0.00820	0.00907	0.00263	0.05268	0.00661	0.00390	0.01187
25	0.01012	0.00723	0.00964	0.01157	0.01205	0.00675	0.00771	0.01157	0.01591	0.02121	0.04579	0.70262	0.05495	0.02603	0.01060	0.00337	0.00482	0.02362	0.00771	0.00675
26	0.01916	0.34476	0.38510	0.01942	0.02936	0.02541	0.02327	0.02566	0.01724	0.02326	0.01340	0.01564	0.01059	0.00754	0.00674	0.00225	0.01075	0.00537	0.00353	0.01155
27	0.01796	0.02790	0.26125	0.08789	0.11981	0.01931	0.24717	0.02531	0.01850	0.02600	0.01749	0.02485	0.01399	0.00847	0.00890	0.00276	0.01221	0.04465	0.00411	0.01145
28	0.01762	0.03669	0.48333	0.02858	0.09900	0.01967	0.14517	0.02629	0.01808	0.02645	0.01535	0.01878	0.01119	0.00767	0.00829	0.00265	0.01237	0.00697	0.00370	0.01216
29	0.01692	0.01625	0.02275	0.01985	0.02006	0.02227	0.01628	0.01879	0.01277	0.01966	0.01343	0.02239	0.01346	0.06282	0.12009	0.00528	0.55670	0.00779	0.00383	0.00861
30	0.01188	0.00885	0.01308	0.01308	0.01448	0.01024	0.01005	0.01466	0.01327	0.01909	0.02250	0.03399	0.02135	0.10240	0.63582	0.01302	0.02137	0.00910	0.00449	0.00727
31	0.10885	0.01606	0.01537	0.04304	0.01873	0.08020	0.01088	0.14695	0.05992	0.03375	0.08939	0.09884	0.05216	0.01231	0.00774	0.00249	0.00696	0.00991	0.17680	0.00966
32	0.01630	0.01589	0.02801	0.57465	0.05385	0.01910	0.09956	0.02185	0.01682	0.02185	0.01485	0.02200	0.01126	0.00842	0.00936	0.00281	0.04250	0.00769	0.00375	0.00947
33	0.03701	0.01455	0.01954	0.01498	0.02141	0.01283	0.01237	0.06727	0.02447	0.63421	0.03219	0.02790	0.02027	0.01027	0.00835	0.00257	0.00716	0.00831	0.01019	0.01414
34	0.01012	0.00723	0.00964	0.01157	0.01205	0.00675	0.00771	0.01157	0.01591	0.02121	0.04579	0.70262	0.05495	0.02603	0.01060	0.00337	0.00482	0.02362	0.00771	0.00675
35	0.01552	0.01437	0.02399	0.54058	0.11379	0.01718	0.02147	0.02050	0.01676	0.02184	0.01859	0.10400	0.01658	0.01035	0.00857	0.00281	0.01020	0.00934	0.00422	0.00934
36	0.01012	0.00723	0.00964	0.01157	0.01205	0.00675	0.00771	0.01157	0.01591	0.02121	0.04579	0.70262	0.05495	0.02603	0.01060	0.00337	0.00482	0.02362	0.00771	0.00675
37	0.01723	0.01477	0.01723	0.01230	0.01969	0.01107	0.00984	0.02092	0.01723	0.02707	0.01477	0.01723	0.01230	0.00615	0.00615	0.00123	0.00615	0.00492	0.00492	0.75883
38	0.03103	0.03959	0.02354	0.02140	0.02568	0.67469	0.01605	0.03317	0.02354	0.02033	0.01284	0.01498	0.01070	0.00856	0.00749	0.00214	0.01498	0.00535	0.00428	0.00963
39	0.02254	0.01838	0.02109	0.17130	0.03037	0.04976	0.01576	0.09914	0.35460	0.08577	0.02695	0.02685	0.01983	0.01025	0.00835	0.00272	0.00830	0.00846	0.00731	0.01227
40	0.02153	0.01828	0.01927	0.01708	0.02193	0.02107	0.01336	0.09062	0.59332	0.03615	0.03271	0.03012	0.02447	0.01117	0.00844	0.00279	0.00678	0.00924	0.00844	0.01323
41	0.01818	0.01818	0.02545	0.02181	0.02181	0.02545	0.01818	0.01999	0.01272	0.01999	0.01091	0.01818	0.01091	0.01454	0.02726	0.00364	0.69284	0.00727	0.00364	0.00909
42	0.01723	0.01477	0.01723	0.01230	0.01969	0.01107	0.00984	0.02092	0.01723	0.02707	0.01477	0.01723	0.01230	0.00615	0.00615	0.00123	0.00615	0.00492	0.00492	0.75883
43	0.02474	0.54246	0.03872	0.01526	0.02224	0.03060	0.01447	0.15121	0.02177	0.05111	0.01412	0.01528	0.01176	0.00783	0.00607	0.00196	0.00887	0.00523	0.00480	0.01152
44	0.01269	0.00947	0.01191	0.01112	0.01337	0.00918	0.00839	0.01864	0.08791	0.03346	0.58741	0.05882	0.07286	0.01639	0.00966	0.00263	0.00420	0.01444	0.00907	0.00839
45	0.01723	0.01477	0.01723	0.01230	0.01969	0.01107	0.00984	0.02092	0.01723	0.02707	0.01477	0.01723	0.01230	0.00615	0.00615	0.00123	0.00615	0.00492	0.00492	0.75883
46	0.01174	0.01118	0.05159	0.01121	0.01400	0.00930	0.00932	0.01523	0.02083	0.02813	0.36764	0.06317	0.27889	0.01775	0.01073	0.00275	0.04577	0.01492	0.00795	0.00789
47	0.76672	0.01607	0.01221	0.01092	0.01607	0.01864	0.00900	0.02442	0.01414	0.03727	0.01157	0.01350	0.00900	0.00771	0.00514	0.00257	0.00643	0.00450	0.00514	0.00900
48	0.02221	0.71304	0.04353	0.01421	0.02132	0.03287	0.01421	0.02488	0.01688	0.01955	0.01155	0.01333	0.01066	0.00711	0.00533	0.00178	0.00888	0.00444	0.00355	0.01066
49	0.01666	0.04297	0.66500	0.02368	0.03596	0.01929	0.03069	0.02631	0.01754	0.02631	0.01491	0.01754	0.01052	0.00789	0.00789	0.00263	0.01228	0.00614	0.00351	0.01228
50	0.03042	0.02269	0.02428	0.01888	0.02532	0.02522	0.01551	0.56649	0.10298	0.05049	0.02142	0.02112	0.01532	0.01011	0.00833	0.00253	0.00887	0.00768	0.00833	0.01402
51	0.01960	0.02191	0.04620	0.03561	0.09639	0.02117	0.53507	0.02610	0.01912	0.02625	0.01634	0.02198	0.01255	0.00751	0.01075	0.00282	0.05579	0.00943	0.00416	0.01125
52	0.03727	0.01414	0.01928	0.01478	0.02121	0.01221	0.01221	0.04049	0.02378	0.66198	0.03277	0.02828	0.02056	0.01028	0.00835	0.00257	0.00707	0.00835	0.01028	0.01414
53	0.01674	0.01572	0.02593	0.54995	0.14813	0.01878	0.02287	0.02323	0.05347	0.02293	0.01601	0.02242	0.01223	0.00834	0.00830	0.00272	0.01062	0.00750	0.00403	0.01007
54	0.01160	0.00842	0.01096	0.01065	0.01252	0.00778	0.00798	0.01523	0.02251	0.03150	0.55321	0.11899	0.09868	0.01816	0.00993	0.00273	0.00415	0.03840	0.00891	0.00770
55	0.01159	0.00836	0.01096	0.01056	0.01237	0.00773	0.00783	0.01526	0.02275	0.03209	0.59082	0.12655	0.07603	0.01789	0.00988	0.00269	0.00401	0.01589	0.00900	0.00773
56	0.01666	0.04297	0.66500	0.02368	0.03596	0.01929	0.03069	0.02631	0.01754	0.02631	0.01491	0.01754	0.01052	0.00789	0.00789	0.00263	0.01228	0.00614	0.00351	0.01228
57	0.01192	0.00854	0.01100	0.01216	0.01326	0.00828	0.00863	0.04855	0.01809	0.02425	0.09741	0.51945	0.05293	0.05261	0.01181	0.00349	0.00540	0.07717	0.00776	0.00729
58	0.01165	0.00849	0.01095	0.01034	0.01234	0.00779	0.00775	0.01547	0.02326	0.03270	0.62002	0.06306	0.11058	0.01721	0.00980	0.00262	0.00394	0.01516	0.00906	0.00779
59	0.76672	0.01607	0.01221	0.01092	0.01607	0.01864	0.00900	0.02442	0.01414	0.03727	0.01157	0.01350	0.00900	0.00771	0.00514	0.00257	0.00643	0.00450	0.00514	0.00900
60	0.01910	0.02290	0.09148	0.07247	0.09649	0.02104	0.43295	0.02554	0.01855	0.02569	0.01587	0.02145	0.01224	0.00790	0.01110	0.00284	0.07827	0.00892	0.00406	0.01114
61	0.02035	0.01953	0.03335	0.07803	0.63080	0.01968	0.02539	0.02531	0.01882	0.02689	0.01559	0.02063	0.01307	0.00744	0.00823	0.00248	0.00992	0.00740	0.00409	0.01299
62	0.02160	0.01462	0.01882	0.11167	0.02552	0.01241	0.01232	0.02545	0.01864	0.17187	0.01890	0.02048	0.01402	0.00741	0.00697	0.00176	0.00708	0.00607	0.00597	0.47840
63	0.01661	0.06847	0.60291	0.02255	0.03404	0.01921	0.02874	0.02565	0.01785	0.02642	0.05047	0.01986	0.01433	0.00837	0.00789	0.00259	0.01167	0.00657	0.00383	0.01196
64	0.01208	0.00805	0.00906	0.00906	0.00906	0.00805	0.00503	0.01208	0.01208	0.01611	0.02618	0.05436	0.03020	0.70804	0.04228	0.00805	0.00805	0.01208	0.00503	0.00503
65	0.02253	0.61072	0.10074	0.01514	0.02269	0.03043	0.01566	0.02589	0.01733	0.05619	0.01306	0.01456	0.01120	0.00736	0.00574	0.00190	0.00910	0.00482	0.00393	0.01101
66	0.01208	0.00805	0.00906	0.00906	0.00906	0.00805	0.00503	0.01208	0.01208	0.01611	0.02618	0.05436	0.03020	0.70804	0.04228	0.00805	0.00805	0.01208	0.00503	0.00503
67	0.02013	0.02219	0.09777	0.04754	0.56660	0.01975	0.05283	0.02563	0.01881	0.02703	0.01561	0.02034	0.01287	0.00743	0.00826	0.00250	0.01030	0.00738	0.00406	0.01298
68	0.01852	0.01395	0.01669	0.01232	0.01896	0.01079	0.00983	0.02219	0.01862	0.08973	0.09331	0.02371	0.02107	0.00786	0.00681	0.00153	0.00597	0.00647	0.00595	0.59570
69	0.01819	0.01732	0.02944	0.36044	0.36527	0.01912	0.02432	0.02342	0.01780	0.02427	0.01521	0.02133	0.01215	0.00784	0.00826	0.00261	0.01045	0.00739	0.00391	0.01125
70	0.70396	0.01739	0.01324	0.01172	0.01689	0.04741	0.00959	0.05014	0.01559	0.03717	0.01197	0.01383	0.00929	0.00784	0.00538	0.00255	0.00691	0.00466	0.00524	0.00924
71	0.01818	0.01818	0.02545	0.02181	0.02181	0.02545	0.01818	0.01999	0.01272	0.01999	0.01091	0.01818	0.01091	0.01454	0.02726	0.00364	0.69284	0.00727	0.00364	0.00909
72	0.01095	0.00793	0.01034	0.01086	0.01220	0.00732	0.00771	0.01369	0.01993	0.02746	0.35761	0.34740	0.09328	0.02118	0.01016	0.00296	0.00433	0.01895	0.00845	0.00732
73	0.01692	0.04117	0.61094	0.02467	0.03661	0.01944	0.08294	0.02634	0.01772	0.02634	0.01507	0.01797	0.01071	0.00781	0.00806	0.00265	0.01243	0.00646	0.00357	0.01218
74	0.01000	0.00770	0.00915	0.01031	0.01172	0.00685	0.00715	0.01171	0.01712	0.02170	0.06113	0.45366	0.29400	0.02403	0.01029	0.00315	0.00458	0.02118	0.00771	0.00685
75	0.76672	0.01607	0.01221	0.01092	0.01607	0.01864	0.00900	0.02442	0.01414	0.03727	0.01157	0.01350	0.00900	0.00771	0.00514	0.00257	0.00643	0.00450	0.00514	0.00900
76	0.01666	0.04297	0.66500	0.02368	0.03596	0.01929	0.03069	0.02631	0.01754	0.02631	0.01491	0.01754	0.01052	0.00789	0.00789	0.00263	0.01228	0.00614	0.00351	0.01228
77	0.02027	0.03009	0.29723	0.13381	0.06173	0.05399	0.11329	0.08014	0.04808	0.05686	0.01718	0.02029	0.01247	0.00829	0.00832	0.00264	0.01162	0.00725	0.00465	0.01180
78	0.01012	0.00723	0.00964	0.01157	0.01205	0.00675	0.00771	0.01157	0.01591	0.02121	0.04579	0.70262	0.05495	0.02603	0.01060	0.00337	0.00482	0.02362	0.00771	0.00675
79	0.47320	0.29084	0.02456	0.01222	0.01814	0.02425	0.01105	0.02460	0.01522	0.03028	0.01156	0.01343	0.00965	0.00747	0.00522	0.00226	0.00740	0.00448	0.00452	0.00965

[dist]
# distance from previous block
# <min> <max>
0	1

[block]
# block no. 3 follows, 22 sequences, length 153
# corresponding to MSA columns:
# 269-421
name=unknown_D
#
# <colnr> <probs for GDERKNQSTAVLIFYWHMCP>
#	G	D	E	R	K	N	Q	S	T	A	V	L	I	F	Y	W	H	M	C	P
0	0.01003	0.00758	0.00928	0.01063	0.01180	0.00683	0.00730	0.01167	0.01680	0.02157	0.05714	0.51832	0.23192	0.02455	0.01037	0.00321	0.00464	0.02182	0.00771	0.00683
1	0.00983	0.00836	0.00848	0.00857	0.01126	0.00700	0.00638	0.01190	0.01879	0.02238	0.08228	0.11040	0.62361	0.02128	0.00986	0.00283	0.00424	0.01783	0.00771	0.00700
2	0.01569	0.01477	0.02492	0.68808	0.05722	0.01846	0.02307	0.02123	0.01661	0.02123	0.01477	0.02215	0.01107	0.00831	0.00831	0.00277	0.01107	0.00738	0.00369	0.00923
3	0.01961	0.02241	0.04902	0.03501	0.04342	0.02101	0.62605	0.02661	0.01961	0.02661	0.01681	0.02241	0.01261	0.00700	0.00980	0.00280	0.01401	0.00980	0.00420	0.01120
4	0.01569	0.01477	0.02492	0.68808	0.05722	0.01846	0.02307	0.02123	0.01661	0.02123	0.01477	0.02215	0.01107	0.00831	0.00831	0.00277	0.01107	0.00738	0.00369	0.00923
5	0.01776	0.01788	0.02598	0.32493	0.03889	0.05537	0.04286	0.02147	0.01530	0.02082	0.01298	0.01997	0.01103	0.01112	0.01699	0.00313	0.32321	0.00732	0.00371	0.00926
6	0.01012	0.00723	0.00964	0.01157	0.01205	0.00675	0.00771	0.01157	0.01591	0.02121	0.04579	0.70262	0.05495	0.02603	0.01060	0.00337	0.00482	0.02362	0.00771	0.00675
7	0.03507	0.01768	0.02147	0.01646	0.02297	0.01746	0.01360	0.26827	0.02970	0.42583	0.02780	0.02505	0.01807	0.01016	0.00834	0.00254	0.00787	0.00802	0.00952	0.01413
8	0.01818	0.01818	0.02545	0.02181	0.02181	0.02545	0.01818	0.01999	0.01272	0.01999	0.01091	0.01818	0.01091	0.01454	0.02726	0.00364	0.69284	0.00727	0.00364	0.00909
9	0.01141	0.00848	0.01062	0.01008	0.01220	0.00769	0.00756	0.01500	0.02269	0.03135	0.54933	0.06529	0.18212	0.01772	0.00980	0.00265	0.00397	0.01548	0.00889	0.00769
10	0.03084	0.02290	0.02451	0.01896	0.02548	0.02542	0.01561	0.58885	0.07994	0.05116	0.02089	0.02070	0.01489	0.01006	0.00832	0.00252	0.00897	0.00761	0.00832	0.01406
11	0.76672	0.01607	0.01221	0.01092	0.01607	0.01864	0.00900	0.02442	0.01414	0.03727	0.01157	0.01350	0.00900	0.00771	0.00514	0.00257	0.00643	0.00450	0.00514	0.00900
12	0.01818	0.01818	0.02545	0.02181	0.02181	0.02545	0.01818	0.01999	0.01272	0.01999	0.01091	0.01818	0.01091	0.01454	0.02726	0.00364	0.69284	0.00727	0.00364	0.00909
13	0.01569	0.01477	0.02492	0.68808	0.05722	0.01846	0.02307	0.02123	0.01661	0.02123	0.01477	0.02215	0.01107	0.00831	0.00831	0.00277	0.01107	0.00738	0.00369	0.00923
14	0.03102	0.02299	0.02462	0.01900	0.02555	0.02550	0.01565	0.59858	0.06991	0.05145	0.02066	0.02051	0.01470	0.01004	0.00832	0.00251	0.00901	0.00758	0.00832	0.01408
15	0.01187	0.00890	0.01335	0.01335	0.01483	0.01038	0.01038	0.01483	0.01335	0.01928	0.02225	0.03264	0.02077	0.06231	0.67512	0.01335	0.02225	0.00890	0.00445	0.00742
16	0.01187	0.00890	0.01335	0.01335	0.01483	0.01038	0.01038	0.01483	0.01335	0.01928	0.02225	0.03264	0.02077	0.06231	0.67512	0.01335	0.02225	0.00890	0.00445	0.00742
17	0.01012	0.00723	0.00964	0.01157	0.01205	0.00675	0.00771	0.01157	0.01591	0.02121	0.04579	0.70262	0.05495	0.02603	0.01060	0.00337	0.00482	0.02362	0.00771	0.00675
18	0.01564	0.01446	0.02435	0.66084	0.05535	0.01800	0.02243	0.02081	0.01638	0.02095	0.01475	0.02227	0.01121	0.00913	0.00928	0.03315	0.01092	0.00738	0.00369	0.00900
19	0.73359	0.01598	0.01253	0.01110	0.01630	0.01834	0.00914	0.02515	0.01458	0.06565	0.01253	0.01417	0.00952	0.00783	0.00529	0.00257	0.00646	0.00467	0.00537	0.00923
20	0.07539	0.01373	0.01815	0.01417	0.02013	0.01217	0.01164	0.03735	0.02322	0.57041	0.08767	0.03052	0.02516	0.01075	0.00831	0.00257	0.00675	0.00874	0.00989	0.01328
21	0.76672	0.01607	0.01221	0.01092	0.01607	0.01864	0.00900	0.02442	0.01414	0.03727	0.01157	0.01350	0.00900	0.00771	0.00514	0.00257	0.00643	0.00450	0.00514	0.00900
22	0.03727	0.01414	0.01928	0.01478	0.02121	0.01221	0.01221	0.04049	0.02378	0.66198	0.03277	0.02828	0.02056	0.01028	0.00835	0.00257	0.00707	0.00835	0.01028	0.01414
23	0.01668	0.01640	0.02976	0.46226	0.11447	0.01851	0.13950	0.02224	0.01740	0.02288	0.01677	0.05531	0.01373	0.00883	0.00870	0.00277	0.01121	0.00865	0.00403	0.00990
24	0.01012	0.00723	0.00964	0.01157	0.01205	0.00675	0.00771	0.01157	0.01591	0.02121	0.04579	0.70262	0.05495	0.02603	0.01060	0.00337	0.00482	0.02362	0.00771	0.00675
25	0.01961	0.02241	0.04902	0.03501	0.04342	0.02101	0.62605	0.02661	0.01961	0.02661	0.01681	0.02241	0.01261	0.00700	0.00980	0.00280	0.01401	0.00980	0.00420	0.01120
26	0.01849	0.01464	0.01575	0.01428	0.01815	0.01591	0.01103	0.07840	0.33818	0.05346	0.04336	0.04648	0.16183	0.08508	0.01236	0.00337	0.00649	0.04399	0.00795	0.01080
27	0.03727	0.01414	0.01928	0.01478	0.02121	0.01221	0.01221	0.04049	0.02378	0.66198	0.03277	0.02828	0.02056	0.01028	0.00835	0.00257	0.00707	0.00835	0.01028	0.01414
28	0.01012	0.00723	0.00964	0.01157	0.01205	0.00675	0.00771	0.01157	0.01591	0.02121	0.04579	0.70262	0.05495	0.02603	0.01060	0.00337	0.00482	0.02362	0.00771	0.00675
29	0.01968	0.02210	0.04697	0.03378	0.04194	0.02098	0.58444	0.02780	0.06181	0.02716	0.01796	0.02299	0.01347	0.00729	0.00971	0.00280	0.01350	0.00978	0.00449	0.01134
30	0.03103	0.03959	0.02354	0.02140	0.02568	0.67469	0.01605	0.03317	0.02354	0.02033	0.01284	0.01498	0.01070	0.00856	0.00749	0.00214	0.01498	0.00535	0.00428	0.00963
31	0.01207	0.00809	0.00927	0.00927	0.00934	0.00817	0.00529	0.01221	0.01214	0.01626	0.02599	0.05333	0.02975	0.67718	0.07253	0.00831	0.00873	0.01193	0.00501	0.00515
32	0.03366	0.01439	0.01881	0.01487	0.02083	0.01320	0.01213	0.03979	0.11160	0.54193	0.06327	0.03032	0.02408	0.01075	0.00844	0.00261	0.00684	0.00883	0.00997	0.01369
33	0.01058	0.00752	0.00998	0.01178	0.01238	0.00712	0.00812	0.01218	0.01598	0.02125	0.04432	0.59802	0.05260	0.07031	0.01276	0.00373	0.00532	0.08178	0.00753	0.00673
34	0.02255	0.65906	0.06809	0.01462	0.02192	0.03153	0.01481	0.02553	0.01717	0.04420	0.01249	0.01407	0.01103	0.00726	0.00555	0.00184	0.00895	0.00466	0.00381	0.01086
35	0.01757	0.01506	0.01873	0.05470	0.11398	0.01662	0.01383	0.03121	0.34402	0.02893	0.03252	0.18336	0.02982	0.04827	0.01057	0.00315	0.00696	0.01237	0.00723	0.01109
36	0.01041	0.00745	0.00990	0.01137	0.01211	0.00694	0.00773	0.01229	0.01725	0.02334	0.15249	0.58985	0.05907	0.02443	0.01046	0.00324	0.00466	0.02210	0.00796	0.00694
37	0.01847	0.02017	0.04304	0.03131	0.03861	0.01893	0.53355	0.02476	0.01913	0.02630	0.02018	0.08964	0.01721	0.00901	0.00968	0.00281	0.01258	0.01105	0.04297	0.01059
38	0.01777	0.01754	0.03172	0.39080	0.22458	0.01928	0.13146	0.02340	0.01780	0.02386	0.01537	0.02174	0.01194	0.00782	0.00855	0.00269	0.01126	0.00782	0.00390	0.01070
39	0.01612	0.01520	0.02569	0.63197	0.10997	0.01857	0.02328	0.02160	0.01681	0.02175	0.01484	0.02201	0.01126	0.00823	0.00830	0.00274	0.01097	0.00738	0.00373	0.00957
40	0.76672	0.01607	0.01221	0.01092	0.01607	0.01864	0.00900	0.02442	0.01414	0.03727	0.01157	0.01350	0.00900	0.00771	0.00514	0.00257	0.00643	0.00450	0.00514	0.00900
41	0.01208	0.00805	0.00906	0.00906	0.00906	0.00805	0.00503	0.01208	0.01208	0.01611	0.02618	0.05436	0.03020	0.70804	0.04228	0.00805	0.00805	0.01208	0.00503	0.00503
42	0.01015	0.00843	0.00887	0.00876	0.01142	0.00715	0.00657	0.01256	0.01971	0.02428	0.18007	0.07693	0.55579	0.02035	0.00981	0.00277	0.00416	0.01711	0.00796	0.00715
43	0.01821	0.01473	0.01733	0.01243	0.01976	0.01113	0.00996	0.02188	0.01755	0.05819	0.01565	0.01777	0.01271	0.00635	0.00626	0.00130	0.00620	0.00509	0.00518	0.72233
44	0.01299	0.00929	0.01292	0.01471	0.01648	0.00921	0.01257	0.01660	0.01903	0.02493	0.07388	0.15040	0.04999	0.02295	0.01131	0.00372	0.00720	0.51653	0.00773	0.00757
45	0.01225	0.00901	0.01153	0.01081	0.01292	0.00855	0.00813	0.01725	0.05775	0.03339	0.61758	0.06033	0.07545	0.01667	0.00972	0.00262	0.00407	0.01471	0.00911	0.00813
46	0.01176	0.00849	0.01110	0.01045	0.01241	0.00784	0.00784	0.01568	0.02352	0.03331	0.65184	0.06206	0.07839	0.01698	0.00980	0.00261	0.00392	0.01502	0.00914	0.00784
47	0.01723	0.01477	0.01723	0.01230	0.01969	0.01107	0.00984	0.02092	0.01723	0.02707	0.01477	0.01723	0.01230	0.00615	0.00615	0.00123	0.00615	0.00492	0.00492	0.75883
48	0.02221	0.71304	0.04353	0.01421	0.02132	0.03287	0.01421	0.02488	0.01688	0.01955	0.01155	0.01333	0.01066	0.00711	0.00533	0.00178	0.00888	0.00444	0.00355	0.01066
49	0.01274	0.00924	0.01253	0.01403	0.01596	0.00903	0.01194	0.01630	0.01934	0.02520	0.10151	0.11945	0.10856	0.02239	0.01113	0.00360	0.00685	0.46484	0.00779	0.00756
50	0.01012	0.00723	0.00964	0.01157	0.01205	0.00675	0.00771	0.01157	0.01591	0.02121	0.04579	0.70262	0.05495	0.02603	0.01060	0.00337	0.00482	0.02362	0.00771	0.00675
51	0.02010	0.01927	0.03289	0.11118	0.59963	0.01962	0.02527	0.02509	0.01870	0.02658	0.01554	0.02071	0.01296	0.00749	0.00823	0.00250	0.00998	0.00740	0.00407	0.01279
52	0.51648	0.01671	0.01543	0.01286	0.01847	0.01837	0.01061	0.11364	0.01961	0.16409	0.01699	0.01736	0.01204	0.00855	0.00623	0.00256	0.00694	0.00569	0.00662	0.01075
53	0.02965	0.01245	0.01684	0.01349	0.01858	0.01090	0.01090	0.03307	0.02370	0.47411	0.21778	0.03837	0.03784	0.01228	0.00879	0.00258	0.00613	0.01035	0.00994	0.01226
54	0.01176	0.00849	0.01110	0.01045	0.01241	0.00784	0.00784	0.01568	0.02352	0.03331	0.65184	0.06206	0.07839	0.01698	0.00980	0.00261	0.00392	0.01502	0.00914	0.00784
55	0.01208	0.00805	0.00906	0.00906	0.00906	0.00805	0.00503	0.01208	0.01208	0.01611	0.02618	0.05436	0.03020	0.70804	0.04228	0.00805	0.00805	0.01208	0.00503	0.00503
56	0.01666	0.04297	0.66500	0.02368	0.03596	0.01929	0.03069	0.02631	0.01754	0.02631	0.01491	0.01754	0.01052	0.00789	0.00789	0.00263	0.01228	0.00614	0.00351	0.01228
