[name]
unknown

[dist]
# distance from previous block
# <min> <max>
0	2

[block]
# block no. 0 follows, 25 sequences, length 20
# corresponding to MSA columns:
# 2-21
name=unknown_A
#
# <colnr> <probs for GDERKNQSTAVLIFYWHMCP>
#	G	D	E	R	K	N	Q	S	T	A	V	L	I	F	Y	W	H	M	C	P
0	0.01265	0.00919	0.01253	0.01412	0.01595	0.00931	0.01211	0.01707	0.05289	0.02347	0.04065	0.12837	0.04394	0.02102	0.01050	0.00349	0.00690	0.55127	0.00718	0.00736
1	0.01317	0.01099	0.01333	0.01289	0.01470	0.05637	0.04676	0.04872	0.01680	0.02203	0.07751	0.43108	0.04013	0.07138	0.01239	0.03883	0.00622	0.01637	0.00642	0.04393
2	0.02148	0.02409	0.01999	0.05936	0.06436	0.32174	0.01405	0.04416	0.01898	0.02134	0.01964	0.02248	0.07565	0.01294	0.05927	0.00290	0.07397	0.00674	0.00442	0.11245
3	0.07341	0.01119	0.01381	0.01192	0.01552	0.01075	0.00934	0.06097	0.05133	0.23841	0.29511	0.10547	0.04363	0.01345	0.00835	0.00249	0.00523	0.01149	0.00841	0.00973
4	0.14481	0.18608	0.05284	0.01293	0.01706	0.13477	0.01113	0.02082	0.01614	0.02263	0.05513	0.02345	0.06126	0.01416	0.05419	0.08537	0.00879	0.00657	0.06377	0.00810
5	0.01131	0.00755	0.00962	0.01033	0.01173	0.00684	0.00727	0.01324	0.01694	0.06552	0.14936	0.46180	0.15707	0.02119	0.00952	0.00290	0.00441	0.01887	0.00757	0.00696
6	0.00962	0.00688	0.00889	0.01042	0.01092	0.00644	0.00688	0.01086	0.01461	0.01935	0.04250	0.62223	0.07806	0.09732	0.01294	0.00358	0.00479	0.02066	0.00694	0.00614
7	0.01116	0.00845	0.01013	0.01012	0.01181	0.00814	0.00725	0.01539	0.08073	0.02523	0.29939	0.20909	0.15756	0.09519	0.01249	0.00320	0.00455	0.01543	0.00753	0.00715
8	0.00963	0.00693	0.00900	0.01044	0.01107	0.00645	0.00700	0.01109	0.01526	0.02033	0.08520	0.60674	0.08457	0.06288	0.01146	0.00332	0.00458	0.02061	0.00715	0.00629
9	0.08839	0.01942	0.02081	0.01624	0.02190	0.02127	0.01334	0.51039	0.03248	0.07745	0.08214	0.02232	0.01891	0.00979	0.00766	0.00235	0.00776	0.00748	0.00769	0.01223
10	0.06755	0.00815	0.00966	0.00969	0.01089	0.00834	0.00672	0.01342	0.01435	0.02123	0.12734	0.12316	0.07273	0.25529	0.13921	0.03002	0.00828	0.01182	0.05597	0.00618
11	0.06290	0.01027	0.01036	0.00941	0.01208	0.01087	0.00725	0.11215	0.04880	0.03169	0.02369	0.02745	0.01877	0.04300	0.00745	0.00223	0.00478	0.00727	0.54129	0.00828
12	0.00995	0.00701	0.00903	0.01024	0.01074	0.00663	0.00673	0.01126	0.01484	0.01997	0.10043	0.52869	0.04895	0.15896	0.01552	0.00392	0.00500	0.01919	0.00685	0.00609
13	0.26394	0.01445	0.01490	0.01259	0.01730	0.01537	0.01015	0.10637	0.12523	0.17557	0.08265	0.02862	0.08111	0.01042	0.00710	0.00245	0.00608	0.00804	0.00726	0.01041
14	0.01176	0.00796	0.01032	0.01098	0.01260	0.00723	0.00802	0.01388	0.01678	0.06099	0.11821	0.43531	0.10973	0.02074	0.00950	0.00292	0.00482	0.08567	0.00736	0.04521
15	0.64608	0.04895	0.02830	0.01082	0.01569	0.01715	0.00918	0.02313	0.01378	0.07179	0.01219	0.01405	0.00940	0.00829	0.00631	0.04054	0.00630	0.00457	0.00491	0.00858
16	0.02178	0.06263	0.12078	0.05685	0.06269	0.01816	0.01584	0.09283	0.25361	0.14180	0.05467	0.02496	0.01991	0.00942	0.00765	0.00245	0.00767	0.00773	0.00674	0.01182
17	0.39207	0.01564	0.04868	0.06287	0.02032	0.01602	0.04421	0.06496	0.04720	0.07090	0.06161	0.02049	0.01606	0.00843	0.00624	0.00238	0.00677	0.00631	0.07960	0.00926
18	0.01401	0.00992	0.01319	0.01233	0.01367	0.01137	0.00928	0.04689	0.01393	0.05054	0.02114	0.03350	0.02041	0.22539	0.33950	0.00854	0.09409	0.00878	0.04638	0.00712
19	0.09632	0.01767	0.01919	0.13912	0.05607	0.08316	0.01449	0.19699	0.08170	0.03164	0.05441	0.03162	0.05041	0.01094	0.00788	0.00254	0.00832	0.08136	0.00611	0.01006

[dist]
# distance from previous block
# <min> <max>
0	6

[block]
# block no. 1 follows, 25 sequences, length 27
# corresponding to MSA columns:
# 28-54
name=unknown_B
#
# <colnr> <probs for GDERKNQSTAVLIFYWHMCP>
#	G	D	E	R	K	N	Q	S	T	A	V	L	I	F	Y	W	H	M	C	P
0	0.05356	0.04671	0.01596	0.01278	0.01689	0.01289	0.01018	0.02824	0.16248	0.22805	0.16112	0.08013	0.03331	0.03383	0.00894	0.00261	0.00582	0.03342	0.00787	0.04520
1	0.47258	0.01731	0.09941	0.05578	0.01981	0.01603	0.01200	0.04293	0.01610	0.06014	0.10451	0.02065	0.01829	0.00862	0.00614	0.00242	0.00675	0.00617	0.00534	0.00901
2	0.01914	0.01855	0.03220	0.04683	0.64650	0.01848	0.05585	0.02385	0.01769	0.02531	0.01464	0.01928	0.01226	0.00689	0.00775	0.00232	0.00941	0.00702	0.00384	0.01219
3	0.01667	0.01560	0.02607	0.41921	0.20603	0.01767	0.06051	0.04686	0.03972	0.02325	0.01607	0.02336	0.01295	0.00820	0.00795	0.00255	0.00987	0.03350	0.00406	0.00990
4	0.01794	0.02342	0.12938	0.03130	0.03962	0.01940	0.56986	0.02480	0.01805	0.02480	0.01546	0.02032	0.01151	0.00664	0.00892	0.00259	0.01286	0.00870	0.00384	0.01059
5	0.01109	0.00827	0.01227	0.01227	0.01359	0.00959	0.00945	0.01372	0.01240	0.01786	0.02094	0.03143	0.01981	0.09025	0.66526	0.01222	0.02013	0.00845	0.00418	0.00682
6	0.01869	0.02131	0.04174	0.07539	0.03937	0.06350	0.53983	0.02462	0.01806	0.02385	0.01507	0.02027	0.01148	0.00703	0.00966	0.00261	0.04486	0.00863	0.00387	0.01015
7	0.00916	0.00785	0.00785	0.00785	0.01047	0.00655	0.00589	0.01113	0.01767	0.02095	0.07855	0.07462	0.67599	0.01964	0.00916	0.00262	0.00393	0.01636	0.00720	0.00655
8	0.01830	0.02092	0.04575	0.03268	0.04052	0.01961	0.65098	0.02484	0.01830	0.02484	0.01569	0.02092	0.01176	0.00654	0.00915	0.00261	0.01307	0.00915	0.00392	0.01046
9	0.02822	0.03466	0.02217	0.01986	0.02374	0.60894	0.01509	0.07075	0.02226	0.02091	0.01230	0.01448	0.01021	0.00844	0.00824	0.00211	0.05895	0.00524	0.00420	0.00923
10	0.78228	0.01499	0.01140	0.01020	0.01499	0.01739	0.00840	0.02279	0.01320	0.03479	0.01080	0.01260	0.00840	0.00720	0.00480	0.00240	0.00600	0.00420	0.00480	0.00840
11	0.04447	0.01400	0.01764	0.01288	0.01947	0.01108	0.05076	0.02038	0.01631	0.05154	0.01557	0.04356	0.01321	0.00671	0.00617	0.00141	0.00621	0.00567	0.00486	0.63810
12	0.01445	0.00723	0.00723	0.00723	0.00903	0.00723	0.00542	0.01807	0.01626	0.02891	0.02529	0.02891	0.01987	0.00903	0.00542	0.00181	0.00361	0.00723	0.77055	0.00723
13	0.02824	0.02111	0.02258	0.01759	0.02358	0.02347	0.01444	0.57925	0.11250	0.04688	0.02018	0.01986	0.01445	0.00945	0.00777	0.00236	0.00824	0.00720	0.00777	0.01308
14	0.01108	0.00831	0.01246	0.01246	0.01385	0.00969	0.00969	0.01385	0.01246	0.01800	0.02077	0.03046	0.01938	0.05815	0.69678	0.01246	0.02077	0.00831	0.00415	0.00692
15	0.01929	0.01666	0.01753	0.01578	0.02016	0.01929	0.01227	0.04120	0.66513	0.03243	0.03156	0.02893	0.02367	0.01052	0.00789	0.00263	0.00614	0.00877	0.00789	0.01227
16	0.01128	0.00752	0.00846	0.00846	0.00846	0.00752	0.00470	0.01128	0.01128	0.01503	0.02443	0.05074	0.02819	0.72751	0.03946	0.00752	0.00752	0.01128	0.00470	0.00470
17	0.00945	0.00675	0.00900	0.01080	0.01125	0.00630	0.00720	0.01080	0.01484	0.01979	0.04274	0.72245	0.05128	0.02429	0.00990	0.00315	0.00450	0.02204	0.00720	0.00630
18	0.00945	0.00675	0.00900	0.01080	0.01125	0.00630	0.00720	0.01080	0.01484	0.01979	0.04274	0.72245	0.05128	0.02429	0.00990	0.00315	0.00450	0.02204	0.00720	0.00630
19	0.01608	0.01378	0.01608	0.01148	0.01837	0.01034	0.00919	0.01952	0.01608	0.02527	0.01378	0.01608	0.01148	0.00574	0.00574	0.00115	0.00574	0.00459	0.00459	0.77491
20	0.01555	0.04011	0.68733	0.02210	0.03356	0.01801	0.02865	0.02455	0.01637	0.02455	0.01391	0.01637	0.00982	0.00737	0.00737	0.00246	0.01146	0.00573	0.00327	0.01146
21	0.01808	0.01926	0.03752	0.02722	0.03447	0.01812	0.46933	0.02610	0.10061	0.02587	0.01742	0.02119	0.01324	0.00692	0.00846	0.00239	0.01104	0.00839	0.00453	0.12984
22	0.04818	0.24162	0.39119	0.02029	0.02961	0.02193	0.09856	0.02412	0.01629	0.02313	0.01308	0.01560	0.01004	0.00704	0.00677	0.00224	0.01050	0.00561	0.00343	0.01077
23	0.02758	0.07428	0.02274	0.01899	0.02337	0.53496	0.01460	0.08375	0.08562	0.02276	0.01438	0.01574	0.01159	0.00827	0.00703	0.00207	0.01243	0.00548	0.00465	0.00972
24	0.01445	0.00723	0.00723	0.00723	0.00903	0.00723	0.00542	0.01807	0.01626	0.02891	0.02529	0.02891	0.01987	0.00903	0.00542	0.00181	0.00361	0.00723	0.77055	0.00723
25	0.11001	0.01808	0.03314	0.07443	0.05818	0.01716	0.36800	0.02306	0.01699	0.02579	0.01451	0.01880	0.01122	0.00655	0.00774	0.00226	0.01032	0.00734	0.00413	0.17229
26	0.11410	0.01823	0.01823	0.01496	0.02039	0.05303	0.01194	0.19670	0.24848	0.03488	0.02083	0.02072	0.01575	0.00865	0.00698	0.00217	0.00707	0.00666	0.00658	0.17363

[dist]
# distance from previous block
# <min> <max>
5	11

[block]
# block no. 2 follows, 25 sequences, length 7
# corresponding to MSA columns:
# 66-72
name=unknown_C
#
# <colnr> <probs for GDERKNQSTAVLIFYWHMCP>
#	G	D	E	R	K	N	Q	S	T	A	V	L	I	F	Y	W	H	M	C	P
0	0.01764	0.02554	0.20042	0.03013	0.03884	0.01922	0.50095	0.02477	0.01784	0.02477	0.01526	0.01982	0.01130	0.00674	0.00872	0.00258	0.01268	0.00833	0.00377	0.01070
1	0.20168	0.01915	0.10350	0.18564	0.29949	0.01785	0.02015	0.02274	0.01594	0.02626	0.01341	0.01760	0.01061	0.00722	0.00696	0.00241	0.00896	0.00611	0.00391	0.01041
2	0.01948	0.56534	0.19653	0.01540	0.02319	0.02762	0.01697	0.02354	0.01590	0.01976	0.01154	0.01339	0.00992	0.00681	0.00555	0.00185	0.00906	0.00453	0.00331	0.01031
3	0.28160	0.20495	0.21293	0.01702	0.02452	0.02121	0.09246	0.02364	0.01535	0.02651	0.01226	0.01462	0.00960	0.00702	0.00609	0.00225	0.00896	0.00521	0.00389	0.00990
4	0.01544	0.01310	0.01540	0.01142	0.01769	0.00995	0.00900	0.01868	0.01596	0.02474	0.01657	0.08415	0.01532	0.00753	0.00614	0.00134	0.00562	0.00628	0.00484	0.70083
5	0.01998	0.01083	0.01398	0.01233	0.01583	0.01029	0.00984	0.02563	0.09984	0.24502	0.31358	0.04736	0.04619	0.01378	0.00873	0.00258	0.00532	0.08041	0.00865	0.00983
6	0.01731	0.36879	0.13058	0.01607	0.02241	0.02182	0.09068	0.02154	0.01765	0.02307	0.17197	0.02501	0.02539	0.00895	0.00684	0.00208	0.00822	0.00736	0.00464	0.00960

[dist]
# distance from previous block
# <min> <max>
2	6

[block]
# block no. 3 follows, 25 sequences, length 56
# corresponding to MSA columns:
# 79-134
name=unknown_D
#
# <colnr> <probs for GDERKNQSTAVLIFYWHMCP>
#	G	D	E	R	K	N	Q	S	T	A	V	L	I	F	Y	W	H	M	C	P
0	0.01464	0.01378	0.02326	0.70887	0.05340	0.01723	0.02153	0.01981	0.01550	0.01981	0.01378	0.02067	0.01034	0.00775	0.00775	0.00258	0.01034	0.00689	0.00345	0.00861
1	0.00945	0.00675	0.00900	0.01080	0.01125	0.00630	0.00720	0.01080	0.01484	0.01979	0.04274	0.72245	0.05128	0.02429	0.00990	0.00315	0.00450	0.02204	0.00720	0.00630
2	0.01567	0.03928	0.65964	0.02256	0.03386	0.01808	0.05551	0.02457	0.01645	0.02457	0.01399	0.01657	0.00991	0.00733	0.00744	0.00246	0.01153	0.00588	0.00330	0.01142
3	0.01830	0.02092	0.04575	0.03268	0.04052	0.01961	0.65098	0.02484	0.01830	0.02484	0.01569	0.02092	0.01176	0.00654	0.00915	0.00261	0.01307	0.00915	0.00392	0.01046
4	0.00945	0.00675	0.00900	0.01080	0.01125	0.00630	0.00720	0.01080	0.01484	0.01979	0.04274	0.72245	0.05128	0.02429	0.00990	0.00315	0.00450	0.02204	0.00720	0.00630
5	0.01555	0.04011	0.68733	0.02210	0.03356	0.01801	0.02865	0.02455	0.01637	0.02455	0.01391	0.01637	0.00982	0.00737	0.00737	0.00246	0.01146	0.00573	0.00327	0.01146
6	0.01951	0.01807	0.01633	0.01504	0.01866	0.15274	0.01198	0.14770	0.12153	0.02829	0.03648	0.06686	0.14912	0.01437	0.00862	0.00267	0.00796	0.14797	0.00675	0.00936
7	0.08351	0.01250	0.01204	0.01091	0.01444	0.03657	0.00848	0.09839	0.10730	0.02759	0.07891	0.05294	0.39670	0.01541	0.00834	0.00253	0.00535	0.01255	0.00708	0.00844
8	0.01230	0.00886	0.01222	0.01390	0.01574	0.00879	0.01211	0.01578	0.01784	0.02307	0.04325	0.08671	0.08157	0.02131	0.01062	0.00351	0.00695	0.59122	0.00714	0.00710
9	0.01529	0.03826	0.64854	0.02139	0.03230	0.01739	0.02743	0.02399	0.01669	0.02493	0.05180	0.01875	0.01345	0.00785	0.00747	0.00245	0.01101	0.00620	0.00358	0.01122
10	0.02896	0.03695	0.02197	0.01998	0.02397	0.69638	0.01498	0.03096	0.02197	0.01898	0.01199	0.01398	0.00999	0.00799	0.00699	0.00200	0.01398	0.00499	0.00400	0.00899
11	0.02896	0.03695	0.02197	0.01998	0.02397	0.69638	0.01498	0.03096	0.02197	0.01898	0.01199	0.01398	0.00999	0.00799	0.00699	0.00200	0.01398	0.00499	0.00400	0.00899
12	0.01929	0.01666	0.01753	0.01578	0.02016	0.01929	0.01227	0.04120	0.66513	0.03243	0.03156	0.02893	0.02367	0.01052	0.00789	0.00263	0.00614	0.00877	0.00789	0.01227
13	0.01830	0.02092	0.04575	0.03268	0.04052	0.01961	0.65098	0.02484	0.01830	0.02484	0.01569	0.02092	0.01176	0.00654	0.00915	0.00261	0.01307	0.00915	0.00392	0.01046
14	0.01347	0.00673	0.01010	0.01010	0.01010	0.00673	0.00673	0.01010	0.01010	0.01347	0.01347	0.02357	0.01347	0.02694	0.03030	0.77441	0.00673	0.00673	0.00337	0.00337
15	0.00945	0.00675	0.00900	0.01080	0.01125	0.00630	0.00720	0.01080	0.01484	0.01979	0.04274	0.72245	0.05128	0.02429	0.00990	0.00315	0.00450	0.02204	0.00720	0.00630
16	0.01112	0.00935	0.01523	0.01454	0.01610	0.00908	0.10570	0.01327	0.01524	0.02051	0.03721	0.58520	0.04349	0.02112	0.01045	0.00308	0.03630	0.01942	0.00653	0.00703
17	0.01898	0.01821	0.03110	0.07789	0.65047	0.01837	0.02369	0.02361	0.01756	0.02508	0.01455	0.01926	0.01219	0.00695	0.00768	0.00232	0.00926	0.00691	0.00382	0.01211
18	0.00945	0.00675	0.00900	0.01080	0.01125	0.00630	0.00720	0.01080	0.01484	0.01979	0.04274	0.72245	0.05128	0.02429	0.00990	0.00315	0.00450	0.02204	0.00720	0.00630
19	0.01575	0.03870	0.64039	0.02287	0.03407	0.01812	0.07418	0.02458	0.01651	0.02458	0.01404	0.01670	0.00996	0.00731	0.00750	0.00247	0.01158	0.00598	0.00332	0.01139
20	0.02824	0.03433	0.02171	0.01950	0.02368	0.59770	0.01475	0.07424	0.07310	0.02207	0.01396	0.01546	0.01127	0.00828	0.00711	0.00207	0.01300	0.00542	0.00456	0.00953
21	0.01135	0.00871	0.01298	0.01283	0.01415	0.01034	0.01003	0.01407	0.01243	0.01803	0.02028	0.02984	0.01896	0.05610	0.66582	0.01204	0.05271	0.00824	0.00412	0.00699
22	0.00931	0.00790	0.00806	0.00814	0.01072	0.00665	0.00618	0.01134	0.01768	0.02105	0.07690	0.07518	0.64825	0.01972	0.00923	0.00266	0.00407	0.04319	0.00720	0.00657
23	0.01814	0.02204	0.08330	0.03206	0.04012	0.01951	0.61456	0.02482	0.01819	0.02482	0.01558	0.02065	0.01165	0.00658	0.00905	0.00261	0.01298	0.00895	0.00388	0.01052
24	0.01837	0.41721	0.33495	0.01729	0.02612	0.02491	0.02027	0.02383	0.01603	0.02112	0.01221	0.01423	0.00989	0.00697	0.00606	0.00202	0.00973	0.00487	0.00330	0.01064
25	0.02926	0.02823	0.02272	0.01875	0.02401	0.31141	0.01484	0.38730	0.03027	0.03609	0.01578	0.01664	0.01182	0.00874	0.00743	0.00219	0.01086	0.00613	0.00615	0.01139
26	0.01142	0.00815	0.01126	0.01305	0.01436	0.00799	0.01062	0.01420	0.01679	0.02200	0.04165	0.31224	0.04698	0.02244	0.01042	0.00342	0.00620	0.41282	0.00716	0.00684
27	0.01844	0.01766	0.03012	0.15610	0.57647	0.01823	0.02342	0.02314	0.01730	0.02443	0.01445	0.01943	0.01196	0.00705	0.00769	0.00235	0.00940	0.00691	0.00377	0.01168
28	0.01790	0.01991	0.04095	0.06175	0.03767	0.02021	0.51346	0.02355	0.01707	0.02355	0.01466	0.02023	0.01143	0.00780	0.01187	0.00275	0.13278	0.00864	0.00381	0.01003
29	0.01942	0.55723	0.20411	0.01550	0.02335	0.02748	0.01715	0.02356	0.01591	0.01984	0.01157	0.01343	0.00992	0.00682	0.00558	0.00186	0.00909	0.00455	0.00331	0.01033
30	0.01172	0.00868	0.01141	0.01278	0.01476	0.00837	0.01096	0.01491	0.01781	0.02268	0.04978	0.08447	0.19163	0.02100	0.01035	0.00335	0.00639	0.48478	0.00715	0.00700
31	0.01549	0.00888	0.01167	0.01083	0.01336	0.00804	0.00832	0.01861	0.02058	0.15865	0.39067	0.13880	0.09787	0.01625	0.00906	0.00260	0.00457	0.04908	0.00841	0.00830
32	0.01773	0.01977	0.04173	0.06984	0.03890	0.01939	0.54785	0.02372	0.01749	0.02387	0.01539	0.02098	0.01186	0.00899	0.03555	0.00303	0.06114	0.00883	0.00387	0.01009
33	0.00979	0.00765	0.00867	0.00930	0.01102	0.00682	0.00676	0.01156	0.01631	0.02026	0.06007	0.23669	0.38711	0.09529	0.01268	0.00336	0.00477	0.07860	0.00693	0.00635
34	0.01830	0.02092	0.04575	0.03268	0.04052	0.01961	0.65098	0.02484	0.01830	0.02484	0.01569	0.02092	0.01176	0.00654	0.00915	0.00261	0.01307	0.00915	0.00392	0.01046
35	0.01978	0.02291	0.03966	0.02936	0.03574	0.12319	0.48285	0.02508	0.01814	0.02325	0.01450	0.01941	0.01132	0.00755	0.01065	0.00261	0.09188	0.00825	0.00387	0.01001
36	0.02437	0.10150	0.02224	0.01807	0.05886	0.17542	0.01363	0.05872	0.28721	0.12506	0.02311	0.02230	0.01726	0.00911	0.00732	0.00231	0.00852	0.00706	0.00650	0.01143
37	0.03373	0.01343	0.01796	0.01393	0.01982	0.01193	0.01146	0.03802	0.06608	0.64000	0.03066	0.02656	0.01950	0.00966	0.00780	0.00241	0.00657	0.00786	0.00948	0.01313
38	0.01097	0.00793	0.01036	0.00975	0.01158	0.00732	0.00732	0.01463	0.02195	0.03109	0.67505	0.05792	0.07316	0.01585	0.00914	0.00244	0.00366	0.01402	0.00854	0.00732
39	0.01751	0.05893	0.03018	0.02301	0.02534	0.02312	0.17420	0.02045	0.01369	0.02017	0.01158	0.01769	0.01056	0.01143	0.02023	0.00310	0.49902	0.00722	0.00352	0.00906
40	0.02896	0.03695	0.02197	0.01998	0.02397	0.69638	0.01498	0.03096	0.02197	0.01898	0.01199	0.01398	0.00999	0.00799	0.00699	0.00200	0.01398	0.00499	0.00400	0.00899
41	0.01696	0.01696	0.02375	0.02036	0.02036	0.02375	0.01696	0.01866	0.01187	0.01866	0.01018	0.01696	0.01018	0.01357	0.02545	0.00339	0.71332	0.00679	0.00339	0.00848
42	0.01929	0.01666	0.01753	0.01578	0.02016	0.01929	0.01227	0.04120	0.66513	0.03243	0.03156	0.02893	0.02367	0.01052	0.00789	0.00263	0.00614	0.00877	0.00789	0.01227
43	0.03135	0.01243	0.01689	0.01321	0.01861	0.01081	0.01081	0.03444	0.02216	0.59005	0.12376	0.03095	0.02699	0.01050	0.00799	0.00240	0.00617	0.00870	0.00944	0.01235
44	0.02299	0.01583	0.01764	0.01531	0.02007	0.01740	0.01206	0.04039	0.51156	0.18819	0.03133	0.02832	0.02260	0.01030	0.00787	0.00257	0.00625	0.00853	0.00830	0.01249
45	0.01249	0.00892	0.01249	0.01428	0.01606	0.00892	0.01249	0.01606	0.01785	0.02320	0.04105	0.08746	0.04462	0.02142	0.01071	0.00357	0.00714	0.62695	0.00714	0.00714
46	0.00918	0.00780	0.00791	0.00801	0.01051	0.00653	0.00596	0.01111	0.01753	0.02089	0.07669	0.10813	0.64368	0.01988	0.00920	0.00265	0.00396	0.01666	0.00720	0.00653
47	0.01592	0.03792	0.62134	0.02466	0.09852	0.01805	0.02816	0.02448	0.01650	0.02463	0.01398	0.01665	0.01007	0.00732	0.00740	0.00244	0.01123	0.00585	0.00333	0.01154
48	0.00934	0.00783	0.00790	0.00790	0.01031	0.00662	0.00579	0.01114	0.01715	0.02047	0.07415	0.07268	0.62337	0.07714	0.01163	0.00302	0.00422	0.01595	0.00700	0.00640
49	0.78228	0.01499	0.01140	0.01020	0.01499	0.01739	0.00840	0.02279	0.01320	0.03479	0.01080	0.01260	0.00840	0.00720	0.00480	0.00240	0.00600	0.00420	0.00480	0.00840
50	0.02397	0.01561	0.01767	0.01518	0.02005	0.01690	0.01201	0.04017	0.47088	0.22945	0.03127	0.02816	0.02232	0.01024	0.00786	0.00256	0.00628	0.00847	0.00841	0.01255
51	0.02854	0.03239	0.02236	0.01948	0.02382	0.50445	0.01501	0.17952	0.02498	0.02612	0.01349	0.01523	0.01076	0.00856	0.00802	0.00214	0.04472	0.00555	0.00487	0.00997
52	0.00962	0.00682	0.00895	0.01057	0.01098	0.00641	0.00696	0.01084	0.01450	0.01934	0.04098	0.65808	0.04907	0.09168	0.01273	0.00357	0.00479	0.02101	0.00696	0.00614
53	0.00945	0.00675	0.00900	0.01080	0.01125	0.00630	0.00720	0.01080	0.01484	0.01979	0.04274	0.72245	0.05128	0.02429	0.00990	0.00315	0.00450	0.02204	0.00720	0.00630
54	0.02711	0.02029	0.02167	0.01696	0.02275	0.02239	0.01390	0.55080	0.09542	0.04539	0.02395	0.02343	0.05943	0.01013	0.00787	0.00238	0.00799	0.00779	0.00773	0.01265
55	0.01821	0.02065	0.04425	0.03184	0.03915	0.01989	0.60770	0.02441	0.01786	0.02441	0.01531	0.02065	0.01166	0.00702	0.01026	0.00267	0.06087	0.00899	0.00389	0.01032

[dist]
# distance from previous block
# <min> <max>
0	4

[block]
# block no. 4 follows, 25 sequences, length 27
# corresponding to MSA columns:
# 139-165
name=unknown_E
#
# <colnr> <probs for GDERKNQSTAVLIFYWHMCP>
#	G	D	E	R	K	N	Q	S	T	A	V	L	I	F	Y	W	H	M	C	P
0	0.02212	0.01713	0.01843	0.01592	0.02071	0.01934	0.01257	0.13285	0.51678	0.08959	0.02953	0.02717	0.02172	0.01026	0.00786	0.00257	0.00653	0.00842	0.00801	0.01249
1	0.01506	0.01421	0.02402	0.64773	0.11125	0.01734	0.02174	0.02018	0.01570	0.02032	0.01386	0.02053	0.01052	0.00767	0.00774	0.00256	0.01023	0.00689	0.00348	0.00895
2	0.01919	0.01842	0.03147	0.04759	0.67914	0.01842	0.02380	0.02380	0.01765	0.02533	0.01458	0.01919	0.01228	0.00691	0.00768	0.00230	0.00921	0.00691	0.00384	0.01228
3	0.00942	0.00686	0.00888	0.01050	0.01117	0.00632	0.00706	0.01083	0.01513	0.01991	0.04637	0.65672	0.11466	0.02382	0.00982	0.00310	0.00444	0.02147	0.00720	0.00632
4	0.02016	0.01709	0.01803	0.01596	0.02050	0.01970	0.01249	0.09398	0.61092	0.03385	0.03044	0.02804	0.02276	0.01041	0.00788	0.00260	0.00634	0.00861	0.00788	0.01235
5	0.02810	0.03152	0.02181	0.01908	0.02360	0.47861	0.01465	0.16999	0.09043	0.02697	0.01544	0.01653	0.01208	0.00854	0.00725	0.00213	0.01198	0.00582	0.00522	0.01025
6	0.01097	0.00793	0.01036	0.00975	0.01158	0.00732	0.00732	0.01463	0.02195	0.03109	0.67505	0.05792	0.07316	0.01585	0.00914	0.00244	0.00366	0.01402	0.00854	0.00732
7	0.01555	0.04011	0.68733	0.02210	0.03356	0.01801	0.02865	0.02455	0.01637	0.02455	0.01391	0.01637	0.00982	0.00737	0.00737	0.00246	0.01146	0.00573	0.00327	0.01146
8	0.03126	0.01348	0.01756	0.01391	0.01946	0.01243	0.01134	0.03723	0.12208	0.55238	0.06112	0.02827	0.02243	0.01003	0.00788	0.00244	0.00639	0.00824	0.00928	0.01277
9	0.01835	0.02079	0.04503	0.03343	0.07283	0.01955	0.61925	0.02478	0.01827	0.02486	0.01563	0.02083	0.01179	0.00655	0.00908	0.00260	0.01288	0.00904	0.00392	0.01055
10	0.01097	0.00793	0.01036	0.00975	0.01158	0.00732	0.00732	0.01463	0.02195	0.03109	0.67505	0.05792	0.07316	0.01585	0.00914	0.00244	0.00366	0.01402	0.00854	0.00732
11	0.00916	0.00785	0.00785	0.00785	0.01047	0.00655	0.00589	0.01113	0.01767	0.02095	0.07855	0.07462	0.67599	0.01964	0.00916	0.00262	0.00393	0.01636	0.00720	0.00655
12	0.02395	0.02719	0.02384	0.02049	0.02334	0.34679	0.04429	0.08352	0.01929	0.02188	0.01207	0.01586	0.01044	0.01018	0.01421	0.00259	0.28066	0.00605	0.00411	0.00925
13	0.01826	0.02000	0.03488	0.02662	0.03083	0.05595	0.34031	0.02244	0.01567	0.02183	0.01308	0.01883	0.01098	0.00970	0.01619	0.00292	0.32040	0.00790	0.00369	0.00952
14	0.01981	0.01691	0.01783	0.01588	0.02036	0.01953	0.01240	0.07253	0.63295	0.03328	0.03090	0.02840	0.02313	0.01046	0.00788	0.00261	0.00626	0.00867	0.00788	0.01232
15	0.02005	0.01649	0.01755	0.01568	0.02014	0.01890	0.01223	0.04103	0.63355	0.06447	0.03151	0.02880	0.02345	0.01047	0.00789	0.00262	0.00616	0.00872	0.00797	0.01232
16	0.01464	0.01378	0.02326	0.70887	0.05340	0.01723	0.02153	0.01981	0.01550	0.01981	0.01378	0.02067	0.01034	0.00775	0.00775	0.00258	0.01034	0.00689	0.00345	0.00861
17	0.00942	0.00685	0.00889	0.01052	0.01117	0.00632	0.00707	0.01083	0.01511	0.01990	0.04610	0.66150	0.11006	0.02385	0.00983	0.00310	0.00444	0.02151	0.00720	0.00632
18	0.01555	0.04011	0.68733	0.02210	0.03356	0.01801	0.02865	0.02455	0.01637	0.02455	0.01391	0.01637	0.00982	0.00737	0.00737	0.00246	0.01146	0.00573	0.00327	0.01146
19	0.01441	0.01332	0.02221	0.55939	0.10592	0.01595	0.01993	0.01904	0.01562	0.02032	0.01752	0.10935	0.01570	0.00977	0.00802	0.00263	0.00949	0.00881	0.00396	0.00866
20	0.01802	0.01976	0.04118	0.11048	0.13370	0.01917	0.49046	0.02412	0.01789	0.02435	0.01531	0.02064	0.01168	0.00673	0.00878	0.00257	0.01221	0.00858	0.00386	0.01051
21	0.00945	0.00675	0.00900	0.01080	0.01125	0.00630	0.00720	0.01080	0.01484	0.01979	0.04274	0.72245	0.05128	0.02429	0.00990	0.00315	0.00450	0.02204	0.00720	0.00630
22	0.00945	0.00675	0.00900	0.01080	0.01125	0.00630	0.00720	0.01080	0.01484	0.01979	0.04274	0.72245	0.05128	0.02429	0.00990	0.00315	0.00450	0.02204	0.00720	0.00630
23	0.01555	0.04011	0.68733	0.02210	0.03356	0.01801	0.02865	0.02455	0.01637	0.02455	0.01391	0.01637	0.00982	0.00737	0.00737	0.00246	0.01146	0.00573	0.00327	0.01146
24	0.02896	0.03695	0.02197	0.01998	0.02397	0.69638	0.01498	0.03096	0.02197	0.01898	0.01199	0.01398	0.00999	0.00799	0.00699	0.00200	0.01398	0.00499	0.00400	0.00899
25	0.02904	0.02021	0.02203	0.01699	0.02286	0.02203	0.01392	0.56363	0.03385	0.10591	0.02002	0.02097	0.01451	0.04598	0.00938	0.00260	0.00830	0.00728	0.00777	0.01275
26	0.00968	0.00740	0.00933	0.01053	0.01144	0.00704	0.00730	0.01118	0.01535	0.02000	0.04932	0.55201	0.18708	0.02284	0.01035	0.00304	0.03243	0.02019	0.00705	0.00644

[dist]
# distance from previous block
# <min> <max>
0	3

[block]
# block no. 5 follows, 25 sequences, length 70
# corresponding to MSA columns:
# 169-238
name=unknown_F
#
# <colnr> <probs for GDERKNQSTAVLIFYWHMCP>
#	G	D	E	R	K	N	Q	S	T	A	V	L	I	F	Y	W	H	M	C	P
0	0.01980	0.01959	0.03088	0.04586	0.63799	0.06101	0.02324	0.02425	0.01793	0.02493	0.01442	0.01886	0.01214	0.00698	0.00763	0.00228	0.00951	0.00679	0.00385	0.01207
1	0.00945	0.00675	0.00900	0.01080	0.01125	0.00630	0.00720	0.01080	0.01484	0.01979	0.04274	0.72245	0.05128	0.02429	0.00990	0.00315	0.00450	0.02204	0.00720	0.00630
2	0.01555	0.04011	0.68733	0.02210	0.03356	0.01801	0.02865	0.02455	0.01637	0.02455	0.01391	0.01637	0.00982	0.00737	0.00737	0.00246	0.01146	0.00573	0.00327	0.01146
3	0.01988	0.01972	0.03081	0.04565	0.63319	0.06597	0.02318	0.02430	0.01796	0.02489	0.01440	0.01882	0.01212	0.00698	0.00763	0.00228	0.00955	0.00677	0.00385	0.01205
4	0.01808	0.08570	0.14565	0.02934	0.03764	0.02032	0.49825	0.02465	0.01778	0.02422	0.01498	0.01947	0.01130	0.00667	0.00851	0.00251	0.01240	0.00818	0.00377	0.01057
5	0.00962	0.00729	0.00868	0.00951	0.01080	0.00656	0.00657	0.01128	0.01616	0.02080	0.10812	0.39039	0.26754	0.07512	0.01181	0.00323	0.00446	0.01857	0.00712	0.00635
6	0.00927	0.00743	0.00829	0.00899	0.01077	0.00645	0.00639	0.01100	0.01659	0.02050	0.06478	0.32363	0.43587	0.02143	0.00945	0.00282	0.00415	0.01855	0.00720	0.00645
7	0.01150	0.00927	0.01432	0.01274	0.01495	0.00861	0.08776	0.01477	0.01926	0.02669	0.40018	0.20377	0.07809	0.04936	0.01071	0.00286	0.00521	0.01518	0.00744	0.00733
8	0.01830	0.02092	0.04575	0.03268	0.04052	0.01961	0.65098	0.02484	0.01830	0.02484	0.01569	0.02092	0.01176	0.00654	0.00915	0.00261	0.01307	0.00915	0.00392	0.01046
9	0.01879	0.01576	0.01657	0.01467	0.01898	0.01768	0.01148	0.11034	0.47801	0.03246	0.03803	0.03550	0.13404	0.01193	0.00809	0.00259	0.00605	0.00985	0.00776	0.01140
10	0.02896	0.03695	0.02197	0.01998	0.02397	0.69638	0.01498	0.03096	0.02197	0.01898	0.01199	0.01398	0.00999	0.00799	0.00699	0.00200	0.01398	0.00499	0.00400	0.00899
11	0.01609	0.06842	0.58645	0.02290	0.03374	0.01875	0.09820	0.02453	0.01656	0.02431	0.01398	0.01671	0.01005	0.00724	0.00746	0.00244	0.01150	0.00605	0.00335	0.01128
12	0.00916	0.00785	0.00785	0.00785	0.01047	0.00655	0.00589	0.01113	0.01767	0.02095	0.07855	0.07462	0.67599	0.01964	0.00916	0.00262	0.00393	0.01636	0.00720	0.00655
13	0.02848	0.05743	0.02302	0.01875	0.02370	0.39085	0.01472	0.26662	0.05113	0.03076	0.01518	0.01623	0.01171	0.00853	0.00724	0.00213	0.01141	0.00585	0.00554	0.01074
14	0.01991	0.01865	0.03090	0.04551	0.63320	0.01882	0.02316	0.06794	0.01897	0.02698	0.01487	0.01915	0.01235	0.00708	0.00768	0.00230	0.00916	0.00691	0.00411	0.01235
15	0.00943	0.00680	0.00895	0.01067	0.01121	0.00631	0.00714	0.01081	0.01497	0.01984	0.04431	0.69391	0.07880	0.02409	0.00986	0.00313	0.00447	0.02179	0.00720	0.00631
16	0.02688	0.03199	0.02344	0.02347	0.10974	0.51017	0.01626	0.07546	0.02178	0.02201	0.01269	0.01522	0.01054	0.00834	0.00843	0.00216	0.06199	0.00552	0.00421	0.00970
17	0.01904	0.50639	0.25161	0.01615	0.02436	0.02655	0.01828	0.02365	0.01596	0.02030	0.01180	0.01372	0.00991	0.00687	0.00576	0.00192	0.00933	0.00466	0.00330	0.01044
18	0.01919	0.01842	0.03147	0.04759	0.67914	0.01842	0.02380	0.02380	0.01765	0.02533	0.01458	0.01919	0.01228	0.00691	0.00768	0.00230	0.00921	0.00691	0.00384	0.01228
19	0.02845	0.03515	0.02178	0.01965	0.02376	0.62906	0.01482	0.05894	0.05843	0.02104	0.01337	0.01502	0.01089	0.00819	0.00707	0.00205	0.01331	0.00529	0.00438	0.00936
20	0.06038	0.02197	0.02270	0.04808	0.02495	0.06255	0.01478	0.56275	0.03371	0.04526	0.01769	0.01818	0.01267	0.00907	0.00759	0.00232	0.00882	0.00674	0.00722	0.01254
21	0.01241	0.00790	0.00978	0.00980	0.01071	0.00775	0.00645	0.01351	0.01376	0.06439	0.06329	0.17807	0.06926	0.38506	0.10829	0.00639	0.00809	0.01317	0.00579	0.00611
22	0.00954	0.00681	0.00910	0.01090	0.01139	0.00638	0.00736	0.01096	0.01494	0.01990	0.04268	0.70288	0.05108	0.02420	0.00992	0.00316	0.00458	0.04068	0.00720	0.00632
23	0.01555	0.04011	0.68733	0.02210	0.03356	0.01801	0.02865	0.02455	0.01637	0.02455	0.01391	0.01637	0.00982	0.00737	0.00737	0.00246	0.01146	0.00573	0.00327	0.01146
24	0.01870	0.01792	0.03058	0.11912	0.61146	0.01829	0.02355	0.02336	0.01742	0.02473	0.01450	0.01935	0.01207	0.00700	0.00768	0.00233	0.00933	0.00691	0.00380	0.01188
25	0.07507	0.01632	0.02669	0.30760	0.38022	0.01787	0.02173	0.02214	0.01646	0.02385	0.01398	0.01928	0.01121	0.00727	0.00749	0.00242	0.00942	0.00670	0.00375	0.01053
26	0.01068	0.00785	0.01000	0.00960	0.01144	0.00717	0.00715	0.01402	0.02106	0.02930	0.57157	0.09684	0.14093	0.01675	0.00919	0.00250	0.00374	0.01474	0.00831	0.00717
27	0.11412	0.06078	0.39163	0.02202	0.07346	0.01790	0.08188	0.02394	0.03621	0.02571	0.01637	0.03851	0.01341	0.00851	0.00739	0.00250	0.01004	0.04097	0.00403	0.01062
28	0.01766	0.20863	0.45485	0.02050	0.03017	0.05492	0.06364	0.02456	0.01662	0.02275	0.01316	0.01557	0.00998	0.00716	0.00687	0.00225	0.01091	0.00552	0.00336	0.01090
29	0.01185	0.00867	0.01163	0.01315	0.01500	0.00845	0.01126	0.01508	0.01769	0.02271	0.04687	0.11268	0.14157	0.02127	0.01044	0.00341	0.00653	0.50758	0.00715	0.00701
30	0.01555	0.04011	0.68733	0.02210	0.03356	0.01801	0.02865	0.02455	0.01637	0.02455	0.01391	0.01637	0.00982	0.00737	0.00737	0.00246	0.01146	0.00573	0.00327	0.01146
31	0.32634	0.04547	0.21919	0.01878	0.09417	0.01732	0.03262	0.02334	0.04064	0.02899	0.04489	0.04716	0.01475	0.00843	0.00654	0.00243	0.00808	0.00646	0.00456	0.00986
32	0.01841	0.02024	0.04192	0.03501	0.16436	0.01957	0.49836	0.02434	0.01787	0.02464	0.01521	0.02039	0.01179	0.00694	0.00963	0.00259	0.04552	0.00860	0.00388	0.01072
33	0.01527	0.01407	0.02322	0.61836	0.08561	0.01713	0.02103	0.03987	0.01639	0.02119	0.01523	0.02359	0.01211	0.00838	0.00788	0.00261	0.01007	0.03534	0.00377	0.00889
34	0.07298	0.02209	0.03923	0.02878	0.03573	0.10385	0.50561	0.02513	0.01852	0.02500	0.03601	0.02065	0.01327	0.00706	0.00857	0.00252	0.01239	0.00844	0.00414	0.01003
35	0.05466	0.01347	0.07335	0.01259	0.01673	0.01122	0.01086	0.02474	0.10168	0.18645	0.35066	0.04093	0.04540	0.01253	0.00830	0.00245	0.00547	0.01068	0.00806	0.00976
36	0.01584	0.07865	0.65132	0.02161	0.03280	0.01871	0.02779	0.02448	0.01634	0.02420	0.01374	0.01615	0.00983	0.00733	0.00723	0.00241	0.01128	0.00564	0.00328	0.01137
37	0.01018	0.00785	0.01179	0.01250	0.01352	0.00734	0.05469	0.01196	0.01518	0.02025	0.04070	0.65457	0.04820	0.02291	0.00986	0.00312	0.00520	0.03659	0.00696	0.00663
38	0.02017	0.02158	0.14122	0.03688	0.43804	0.01786	0.02249	0.07540	0.01928	0.07323	0.01717	0.02240	0.01395	0.00806	0.00778	0.00240	0.00926	0.03617	0.00462	0.01203
39	0.02300	0.01677	0.01919	0.01632	0.02100	0.05053	0.04181	0.14987	0.25783	0.14524	0.05903	0.03464	0.02485	0.01153	0.00830	0.00262	0.00739	0.09093	0.00771	0.01144
40	0.00953	0.00678	0.00897	0.01069	0.01111	0.00636	0.00708	0.01082	0.01468	0.01957	0.04187	0.69060	0.05019	0.05763	0.01130	0.00336	0.00464	0.02153	0.00708	0.00622
41	0.01739	0.01797	0.03468	0.25112	0.22111	0.01853	0.27814	0.02296	0.01724	0.02338	0.01478	0.02036	0.01145	0.00702	0.00830	0.00252	0.01114	0.00781	0.00375	0.01038
42	0.06067	0.13582	0.50905	0.01982	0.02972	0.01934	0.04109	0.02369	0.01621	0.02410	0.01610	0.01820	0.03833	0.00775	0.00700	0.00235	0.01041	0.00596	0.00355	0.01083
43	0.01602	0.03704	0.58785	0.02441	0.06392	0.01820	0.09574	0.02455	0.01664	0.02462	0.01414	0.01699	0.01014	0.00726	0.00757	0.00247	0.01153	0.00615	0.00337	0.01139
44	0.01865	0.02062	0.10215	0.06572	0.58955	0.01834	0.02425	0.02375	0.01745	0.02507	0.01449	0.01893	0.01195	0.00698	0.00764	0.00233	0.00949	0.00678	0.00376	0.01208
45	0.01589	0.06890	0.63194	0.02218	0.03327	0.01862	0.05487	0.02451	0.01643	0.02430	0.01386	0.01640	0.00991	0.00730	0.00734	0.00243	0.01139	0.00581	0.00330	0.01135
46	0.01747	0.02137	0.09168	0.03035	0.03794	0.01855	0.55878	0.02383	0.01791	0.02446	0.01745	0.06977	0.01439	0.00784	0.00907	0.00264	0.01235	0.00980	0.00410	0.01024
47	0.00945	0.00675	0.00900	0.01080	0.01125	0.00630	0.00720	0.01080	0.01484	0.01979	0.04274	0.72245	0.05128	0.02429	0.00990	0.00315	0.00450	0.02204	0.00720	0.00630
48	0.01912	0.02227	0.10396	0.03410	0.19389	0.01951	0.38696	0.07385	0.01938	0.02681	0.01547	0.01987	0.01181	0.00693	0.00851	0.00250	0.01162	0.00810	0.00414	0.01121
49	0.01928	0.01778	0.05634	0.02278	0.12969	0.01760	0.09638	0.08469	0.28190	0.05799	0.02763	0.08268	0.04865	0.01062	0.00819	0.00257	0.00779	0.00956	0.00647	0.01139
50	0.00945	0.00675	0.00900	0.01080	0.01125	0.00630	0.00720	0.01080	0.01484	0.01979	0.04274	0.72245	0.05128	0.02429	0.00990	0.00315	0.00450	0.02204	0.00720	0.00630
51	0.01001	0.00775	0.00912	0.00906	0.01107	0.00686	0.00669	0.01266	0.01926	0.02537	0.34265	0.14499	0.32964	0.01849	0.00924	0.00260	0.00387	0.01599	0.00780	0.00686
52	0.01305	0.01804	0.18180	0.08542	0.02595	0.01257	0.12412	0.01760	0.01597	0.02193	0.02822	0.34161	0.03023	0.01543	0.00897	0.00285	0.00831	0.03409	0.00532	0.00852
53	0.01609	0.01543	0.02707	0.40621	0.21668	0.01718	0.08954	0.02114	0.01656	0.02209	0.01626	0.02535	0.01360	0.00843	0.00811	0.00259	0.01009	0.05402	0.00388	0.00968
54	0.01763	0.01984	0.04297	0.03103	0.03831	0.01860	0.60231	0.02378	0.01804	0.02446	0.01773	0.07395	0.01475	0.00788	0.00921	0.00265	0.01242	0.01013	0.00417	0.01014
55	0.07487	0.01608	0.01716	0.01512	0.01975	0.01810	0.01188	0.03945	0.53342	0.11981	0.02997	0.02744	0.02200	0.01016	0.00766	0.00258	0.00619	0.00832	0.00790	0.01212
56	0.10269	0.01705	0.01905	0.03887	0.07081	0.10245	0.01288	0.03401	0.05292	0.43229	0.02458	0.02286	0.01638	0.00894	0.00740	0.00236	0.00780	0.00704	0.00769	0.01193
57	0.00974	0.00774	0.00875	0.00879	0.01090	0.00674	0.00648	0.01213	0.01859	0.02383	0.25202	0.15115	0.41753	0.01909	0.00925	0.00263	0.00392	0.01638	0.00760	0.00674
58	0.00952	0.00797	0.00835	0.00855	0.01108	0.00680	0.00660	0.01166	0.01769	0.02119	0.07450	0.07600	0.60792	0.01983	0.00933	0.00272	0.00427	0.08220	0.00719	0.00661
59	0.36320	0.02087	0.16743	0.06942	0.15843	0.01725	0.01688	0.02296	0.01513	0.02922	0.01317	0.01614	0.01020	0.00730	0.00620	0.00238	0.00807	0.00543	0.04047	0.00984
60	0.01641	0.12159	0.55366	0.02196	0.03252	0.01967	0.08109	0.02442	0.01646	0.02382	0.01369	0.01629	0.01001	0.00721	0.00723	0.00237	0.01122	0.00584	0.00334	0.01119
61	0.01010	0.00721	0.00974	0.01154	0.01227	0.00686	0.00833	0.01192	0.01548	0.02052	0.04238	0.58718	0.04986	0.02368	0.01007	0.00324	0.00506	0.15090	0.00719	0.00648
62	0.01554	0.03660	0.59588	0.02279	0.05658	0.01747	0.05411	0.02396	0.01683	0.02498	0.05245	0.01909	0.01368	0.00781	0.00756	0.00246	0.01099	0.00640	0.00363	0.01121
63	0.01819	0.02187	0.08083	0.03277	0.06943	0.01946	0.58755	0.02477	0.01816	0.02484	0.01554	0.02058	0.01168	0.00660	0.00898	0.00259	0.01280	0.00886	0.00388	0.01060
64	0.01778	0.02293	0.12404	0.06520	0.04031	0.01929	0.54246	0.02455	0.01792	0.02455	0.01537	0.02034	0.01145	0.00670	0.00886	0.00259	0.01274	0.00861	0.00382	0.01049
65	0.00969	0.00693	0.00925	0.01086	0.01147	0.00649	0.00743	0.01131	0.01551	0.02079	0.09047	0.64556	0.05266	0.02353	0.00987	0.00311	0.00455	0.04682	0.00730	0.00641
66	0.01161	0.00877	0.01169	0.05316	0.03946	0.00874	0.00916	0.06039	0.01674	0.02225	0.03973	0.57430	0.07156	0.02135	0.00950	0.00300	0.00529	0.01921	0.00690	0.00719
67	0.05807	0.01686	0.02621	0.24075	0.26751	0.01851	0.04635	0.09528	0.01893	0.07262	0.01552	0.01970	0.01193	0.00802	0.00867	0.00248	0.05023	0.00692	0.00460	0.01083
68	0.02087	0.01094	0.01406	0.01207	0.01572	0.01030	0.00946	0.02647	0.10232	0.27562	0.32588	0.07092	0.04580	0.01320	0.00851	0.00248	0.00511	0.01137	0.00879	0.01010
69	0.02686	0.02042	0.02180	0.01731	0.02305	0.02282	0.01410	0.49614	0.19786	0.04465	0.02194	0.02126	0.01588	0.00962	0.00779	0.00240	0.00792	0.00744	0.00779	0.01295

[dist]
# distance from previous block
# <min> <max>
0	4

[block]
# block no. 6 follows, 25 sequences, length 24
# corresponding to MSA columns:
# 243-266
name=unknown_G
#
# <colnr> <probs for GDERKNQSTAVLIFYWHMCP>
#	G	D	E	R	K	N	Q	S	T	A	V	L	I	F	Y	W	H	M	C	P
0	0.02178	0.01142	0.01452	0.01223	0.01605	0.01082	0.00963	0.05480	0.08589	0.28246	0.31463	0.04096	0.04348	0.03432	0.00937	0.00259	0.00537	0.01071	0.00873	0.01025
1	0.01001	0.00716	0.00960	0.01116	0.01193	0.00675	0.00792	0.01189	0.01595	0.02137	0.10495	0.57101	0.05254	0.02307	0.00993	0.00314	0.00477	0.10299	0.00732	0.00651
2	0.01811	0.01988	0.03996	0.03159	0.09646	0.02033	0.46383	0.02349	0.01694	0.02363	0.01447	0.01995	0.01149	0.00799	0.01231	0.00274	0.15431	0.00846	0.00381	0.01023
3	0.01722	0.01738	0.02918	0.23659	0.03639	0.04044	0.20685	0.05480	0.01666	0.02249	0.01486	0.04111	0.01247	0.01140	0.04036	0.00317	0.17742	0.00800	0.00397	0.00925
4	0.01803	0.02281	0.10911	0.03163	0.03984	0.01945	0.58952	0.02481	0.01811	0.02481	0.01551	0.02047	0.01157	0.00662	0.00897	0.00260	0.01291	0.00881	0.00386	0.01056
5	0.01830	0.02092	0.04575	0.03268	0.04052	0.01961	0.65098	0.02484	0.01830	0.02484	0.01569	0.02092	0.01176	0.00654	0.00915	0.00261	0.01307	0.00915	0.00392	0.01046
6	0.01862	0.02257	0.08183	0.03176	0.06774	0.05061	0.53634	0.02486	0.01812	0.02438	0.01519	0.02012	0.01154	0.00689	0.00938	0.00259	0.03455	0.00858	0.00387	0.01047
7	0.01655	0.08234	0.50171	0.02452	0.06323	0.01916	0.13628	0.02448	0.01672	0.02421	0.01404	0.01703	0.01028	0.00715	0.00753	0.00242	0.01143	0.00628	0.00342	0.01122
8	0.00945	0.00675	0.00900	0.01080	0.01125	0.00630	0.00720	0.01080	0.01484	0.01979	0.04274	0.72245	0.05128	0.02429	0.00990	0.00315	0.00450	0.02204	0.00720	0.00630
9	0.01226	0.00904	0.01237	0.01249	0.01432	0.00872	0.04259	0.01620	0.07726	0.05254	0.06912	0.45180	0.10723	0.02036	0.00953	0.00299	0.00530	0.06112	0.00725	0.00752
10	0.01917	0.36063	0.28368	0.05899	0.02749	0.08762	0.01977	0.02425	0.01656	0.02081	0.01226	0.01457	0.00993	0.00711	0.00624	0.00205	0.01015	0.00499	0.00337	0.01035
11	0.01937	0.01664	0.01840	0.08434	0.02365	0.01934	0.01332	0.07187	0.56731	0.03207	0.02911	0.02756	0.02179	0.01018	0.00787	0.00261	0.00668	0.00849	0.00744	0.01196
12	0.01097	0.00793	0.01036	0.00975	0.01158	0.00732	0.00732	0.01463	0.02195	0.03109	0.67505	0.05792	0.07316	0.01585	0.00914	0.00244	0.00366	0.01402	0.00854	0.00732
13	0.02896	0.03695	0.02197	0.01998	0.02397	0.69638	0.01498	0.03096	0.02197	0.01898	0.01199	0.01398	0.00999	0.00799	0.00699	0.00200	0.01398	0.00499	0.00400	0.00899
14	0.09673	0.04714	0.02208	0.01782	0.02278	0.27783	0.01422	0.29526	0.02673	0.05272	0.01514	0.01629	0.01149	0.00874	0.00792	0.00224	0.04232	0.00591	0.00579	0.01086
15	0.00970	0.00686	0.00892	0.01047	0.01086	0.00647	0.00685	0.01086	0.01435	0.01913	0.04017	0.62847	0.04805	0.12268	0.01403	0.00376	0.00492	0.02054	0.00685	0.00607
16	0.00963	0.00794	0.00850	0.00854	0.01100	0.00681	0.00653	0.01193	0.01826	0.02246	0.15581	0.07325	0.55286	0.01925	0.00927	0.00266	0.00411	0.05715	0.00737	0.00669
17	0.01997	0.01764	0.05633	0.04166	0.02573	0.01896	0.15173	0.09232	0.01768	0.10831	0.01661	0.02111	0.01324	0.01667	0.10737	0.00414	0.24810	0.00760	0.00488	0.00995
18	0.02061	0.01720	0.01770	0.01552	0.01996	0.04599	0.01216	0.11734	0.47746	0.05290	0.06930	0.03023	0.04720	0.01087	0.00795	0.00255	0.00655	0.00893	0.00778	0.01179
19	0.00976	0.00782	0.00869	0.00921	0.01127	0.00688	0.00694	0.01177	0.01699	0.02082	0.06560	0.17162	0.46665	0.05274	0.01086	0.00305	0.00462	0.10115	0.00708	0.00651
20	0.02979	0.02043	0.02180	0.01702	0.02296	0.05210	0.01394	0.46462	0.07535	0.16922	0.02150	0.02060	0.01491	0.00938	0.00774	0.00235	0.00825	0.00717	0.00795	0.01293
21	0.05363	0.01111	0.01328	0.01158	0.01522	0.01068	0.00915	0.04915	0.08832	0.20110	0.25259	0.04698	0.15923	0.01387	0.00846	0.00251	0.00515	0.03024	0.00825	0.00951
22	0.38597	0.01459	0.01394	0.01134	0.01672	0.01480	0.00917	0.05997	0.04809	0.03202	0.05801	0.01800	0.01485	0.00757	0.00574	0.00198	0.00591	0.00539	0.00531	0.27064
23	0.02321	0.01760	0.01993	0.07686	0.02422	0.01910	0.01351	0.25487	0.25501	0.08273	0.02304	0.02270	0.01688	0.00917	0.00755	0.00231	0.00734	0.00736	0.00715	0.10944

[dist]
# distance from previous block
# <min> <max>
0	6

[block]
# block no. 7 follows, 25 sequences, length 37
# corresponding to MSA columns:
# 273-309
name=unknown_H
#
# <colnr> <probs for GDERKNQSTAVLIFYWHMCP>
#	G	D	E	R	K	N	Q	S	T	A	V	L	I	F	Y	W	H	M	C	P
0	0.02212	0.01760	0.01807	0.01495	0.02002	0.05634	0.01190	0.21496	0.23946	0.07524	0.03061	0.02934	0.10386	0.01059	0.00771	0.00231	0.00699	0.00846	0.00725	0.10222
1	0.02557	0.01233	0.01584	0.01293	0.01748	0.01154	0.01038	0.06612	0.08054	0.38311	0.23363	0.03613	0.03630	0.01164	0.00823	0.00243	0.00574	0.00980	0.00900	0.01125
