[name]
unknown

[dist]
# distance from previous block
# <min> <max>
0	61

[block]
# block no. 0 follows, 25 sequences, length 30
# corresponding to MSA columns:
# 61-90
name=unknown_A
#
# <colnr> <probs for GDERKNQSTAVLIFYWHMCP>
#	G	D	E	R	K	N	Q	S	T	A	V	L	I	F	Y	W	H	M	C	P
0	0.01249	0.00892	0.01249	0.01428	0.01606	0.00892	0.01249	0.01606	0.01785	0.02320	0.04105	0.08746	0.04462	0.02142	0.01071	0.00357	0.00714	0.62695	0.00714	0.00714
1	0.14610	0.03583	0.57224	0.02007	0.03040	0.01790	0.02520	0.02425	0.01583	0.02630	0.01338	0.01573	0.00958	0.00734	0.00693	0.00245	0.01053	0.00547	0.00353	0.01094
2	0.40318	0.01519	0.01455	0.01218	0.01693	0.01662	0.00989	0.16731	0.02046	0.10951	0.08159	0.02304	0.03846	0.03170	0.00745	0.00255	0.00640	0.00679	0.00645	0.00975
3	0.02173	0.02322	0.02555	0.08812	0.31859	0.21919	0.01899	0.02863	0.13199	0.02424	0.01672	0.01947	0.01343	0.00793	0.00752	0.00229	0.01018	0.00667	0.00456	0.01100
4	0.33826	0.06880	0.33141	0.01616	0.02426	0.01815	0.01836	0.02442	0.01530	0.06262	0.01329	0.01508	0.00972	0.00737	0.00617	0.00238	0.00873	0.00510	0.00424	0.01018
5	0.01533	0.03853	0.65419	0.02150	0.03248	0.01748	0.02760	0.02407	0.01664	0.02488	0.04628	0.01840	0.01292	0.00778	0.00745	0.00245	0.01108	0.00614	0.00353	0.01126
6	0.01092	0.00904	0.00955	0.00949	0.01204	0.00846	0.00720	0.01541	0.09965	0.02213	0.06477	0.06799	0.48337	0.07672	0.01163	0.00311	0.00479	0.06948	0.00708	0.00718
7	0.02947	0.02172	0.02327	0.01784	0.02404	0.02404	0.01474	0.65329	0.03646	0.04887	0.01862	0.01862	0.01319	0.00931	0.00776	0.00233	0.00853	0.00698	0.00776	0.01319
8	0.02073	0.73217	0.04063	0.01327	0.01990	0.03068	0.01327	0.02322	0.01575	0.01824	0.01078	0.01244	0.00995	0.00663	0.00498	0.00166	0.00829	0.00415	0.00332	0.00995
9	0.02141	0.01680	0.01805	0.01579	0.02046	0.01904	0.01241	0.09211	0.55979	0.08732	0.03040	0.02786	0.02242	0.01034	0.00787	0.00259	0.00637	0.00854	0.00802	0.01242
10	0.02073	0.73217	0.04063	0.01327	0.01990	0.03068	0.01327	0.02322	0.01575	0.01824	0.01078	0.01244	0.00995	0.00663	0.00498	0.00166	0.00829	0.00415	0.00332	0.00995
11	0.02947	0.02172	0.02327	0.01784	0.02404	0.02404	0.01474	0.65329	0.03646	0.04887	0.01862	0.01862	0.01319	0.00931	0.00776	0.00233	0.00853	0.00698	0.00776	0.01319
12	0.78228	0.01499	0.01140	0.01020	0.01499	0.01739	0.00840	0.02279	0.01320	0.03479	0.01080	0.01260	0.00840	0.00720	0.00480	0.00240	0.00600	0.00420	0.00480	0.00840
13	0.00930	0.00786	0.00804	0.00799	0.01055	0.00660	0.00600	0.01138	0.01799	0.02169	0.12216	0.07340	0.63192	0.01936	0.00916	0.00261	0.00391	0.01619	0.00730	0.00660
14	0.00916	0.00785	0.00785	0.00785	0.01047	0.00655	0.00589	0.01113	0.01767	0.02095	0.07855	0.07462	0.67599	0.01964	0.00916	0.00262	0.00393	0.01636	0.00720	0.00655
15	0.00978	0.00710	0.00935	0.01083	0.01160	0.00650	0.00730	0.01123	0.01491	0.02007	0.04129	0.68712	0.04929	0.02336	0.00969	0.00305	0.00456	0.02117	0.00707	0.04474
16	0.01750	0.01939	0.06011	0.02224	0.02410	0.04615	0.11061	0.02029	0.01339	0.01987	0.01124	0.01741	0.01039	0.01203	0.02151	0.00318	0.55114	0.00702	0.00349	0.00894
17	0.02947	0.02172	0.02327	0.01784	0.02404	0.02404	0.01474	0.65329	0.03646	0.04887	0.01862	0.01862	0.01319	0.00931	0.00776	0.00233	0.00853	0.00698	0.00776	0.01319
18	0.62719	0.01523	0.01255	0.01093	0.01573	0.01731	0.00896	0.09859	0.01639	0.03537	0.01731	0.01842	0.06376	0.00848	0.00552	0.00241	0.00614	0.00554	0.00536	0.00883
19	0.02150	0.01663	0.01852	0.01405	0.02014	0.01597	0.01136	0.29372	0.02486	0.03537	0.01771	0.05182	0.01446	0.00831	0.00680	0.00178	0.00681	0.00657	0.03483	0.37879
20	0.02073	0.73217	0.04063	0.01327	0.01990	0.03068	0.01327	0.02322	0.01575	0.01824	0.01078	0.01244	0.00995	0.00663	0.00498	0.00166	0.00829	0.00415	0.00332	0.00995
21	0.02947	0.02172	0.02327	0.01784	0.02404	0.02404	0.01474	0.65329	0.03646	0.04887	0.01862	0.01862	0.01319	0.00931	0.00776	0.00233	0.00853	0.00698	0.00776	0.01319
22	0.01549	0.01316	0.01545	0.01142	0.01775	0.00998	0.00901	0.01875	0.01597	0.02478	0.01634	0.07839	0.01499	0.00738	0.00611	0.00132	0.00563	0.00613	0.00482	0.70711
23	0.01861	0.01567	0.01767	0.01762	0.07696	0.01755	0.01252	0.07107	0.46501	0.03096	0.03130	0.03254	0.05433	0.04595	0.00947	0.00282	0.00645	0.02790	0.03427	0.01134
24	0.02025	0.01685	0.01791	0.01539	0.02020	0.01874	0.01213	0.14105	0.47468	0.03406	0.03019	0.02835	0.05245	0.01036	0.00775	0.00246	0.00640	0.00849	0.00756	0.07473
25	0.04072	0.01551	0.01794	0.01556	0.01765	0.07602	0.01258	0.01855	0.01594	0.02276	0.13836	0.03133	0.07796	0.01299	0.01551	0.00269	0.31472	0.03219	0.00505	0.11596
26	0.01720	0.01265	0.01509	0.01459	0.01785	0.01358	0.01200	0.05967	0.26056	0.07125	0.09161	0.05556	0.03607	0.01548	0.00918	0.00298	0.00650	0.27067	0.00773	0.00977
27	0.01919	0.01842	0.03147	0.04759	0.67914	0.01842	0.02380	0.02380	0.01765	0.02533	0.01458	0.01919	0.01228	0.00691	0.00768	0.00230	0.00921	0.00691	0.00384	0.01228
28	0.02073	0.73217	0.04063	0.01327	0.01990	0.03068	0.01327	0.02322	0.01575	0.01824	0.01078	0.01244	0.00995	0.00663	0.00498	0.00166	0.00829	0.00415	0.00332	0.00995
29	0.01072	0.00785	0.01006	0.00965	0.01147	0.00719	0.00718	0.01410	0.02115	0.02953	0.58533	0.09838	0.12505	0.01668	0.00919	0.00250	0.00373	0.01470	0.00834	0.00719

[dist]
# distance from previous block
# <min> <max>
0	1

[block]
# block no. 1 follows, 25 sequences, length 71
# corresponding to MSA columns:
# 92-162
name=unknown_B
#
# <colnr> <probs for GDERKNQSTAVLIFYWHMCP>
#	G	D	E	R	K	N	Q	S	T	A	V	L	I	F	Y	W	H	M	C	P
0	0.01929	0.01666	0.01753	0.01578	0.02016	0.01929	0.01227	0.04120	0.66513	0.03243	0.03156	0.02893	0.02367	0.01052	0.00789	0.00263	0.00614	0.00877	0.00789	0.01227
1	0.01696	0.01696	0.02375	0.02036	0.02036	0.02375	0.01696	0.01866	0.01187	0.01866	0.01018	0.01696	0.01018	0.01357	0.02545	0.00339	0.71332	0.00679	0.00339	0.00848
2	0.01929	0.01666	0.01753	0.01578	0.02016	0.01929	0.01227	0.04120	0.66513	0.03243	0.03156	0.02893	0.02367	0.01052	0.00789	0.00263	0.00614	0.00877	0.00789	0.01227
3	0.01464	0.01378	0.02326	0.70887	0.05340	0.01723	0.02153	0.01981	0.01550	0.01981	0.01378	0.02067	0.01034	0.00775	0.00775	0.00258	0.01034	0.00689	0.00345	0.00861
4	0.03131	0.01243	0.01688	0.01321	0.01860	0.01080	0.01080	0.03441	0.02216	0.58919	0.12460	0.03099	0.02707	0.01051	0.00799	0.00240	0.00617	0.00871	0.00944	0.01234
5	0.01167	0.00851	0.01135	0.01223	0.01413	0.00819	0.01024	0.01508	0.01901	0.02522	0.22862	0.07745	0.12542	0.01960	0.01008	0.00313	0.00576	0.37962	0.00755	0.00712
6	0.01889	0.01812	0.03093	0.09139	0.63770	0.01834	0.02365	0.02353	0.01751	0.02497	0.01453	0.01929	0.01215	0.00696	0.00768	0.00232	0.00929	0.00691	0.00381	0.01204
7	0.00954	0.00695	0.00899	0.01042	0.01120	0.00640	0.00708	0.01113	0.01568	0.02080	0.09596	0.60577	0.11519	0.02317	0.00976	0.00304	0.00438	0.02085	0.00730	0.00640
8	0.01897	0.01819	0.03107	0.08017	0.64832	0.01836	0.02368	0.02360	0.01755	0.02506	0.01454	0.01926	0.01219	0.00695	0.00768	0.00232	0.00927	0.00691	0.00382	0.01210
9	0.01655	0.01687	0.02761	0.08581	0.02727	0.02107	0.15735	0.01961	0.01383	0.02021	0.01389	0.06490	0.01327	0.01219	0.01917	0.00313	0.44639	0.00833	0.00377	0.00879
10	0.01825	0.02046	0.04379	0.05705	0.09441	0.01943	0.57697	0.02458	0.01815	0.02471	0.01553	0.02076	0.01176	0.00661	0.00898	0.00259	0.01266	0.00889	0.00390	0.01055
11	0.02831	0.11824	0.10033	0.01647	0.02327	0.02039	0.01511	0.30672	0.02696	0.23633	0.02067	0.01989	0.01420	0.00881	0.00734	0.00227	0.00824	0.00670	0.00720	0.01255
12	0.00945	0.00675	0.00900	0.01080	0.01125	0.00630	0.00720	0.01080	0.01484	0.01979	0.04274	0.72245	0.05128	0.02429	0.00990	0.00315	0.00450	0.02204	0.00720	0.00630
13	0.01733	0.02672	0.24935	0.05248	0.06042	0.01898	0.40989	0.02454	0.01757	0.02459	0.01502	0.01940	0.01111	0.00685	0.00848	0.00255	0.01233	0.00791	0.00370	0.01078
14	0.01995	0.56567	0.17291	0.01532	0.02285	0.05130	0.01649	0.02376	0.01610	0.01957	0.01147	0.01330	0.00993	0.00683	0.00554	0.00183	0.00914	0.00450	0.00333	0.01023
15	0.01618	0.01551	0.02609	0.47790	0.10168	0.01861	0.07828	0.04213	0.01620	0.02160	0.01373	0.02002	0.01071	0.00836	0.01013	0.00266	0.10021	0.00709	0.00366	0.00924
16	0.00945	0.00675	0.00900	0.01080	0.01125	0.00630	0.00720	0.01080	0.01484	0.01979	0.04274	0.72245	0.05128	0.02429	0.00990	0.00315	0.00450	0.02204	0.00720	0.00630
17	0.01584	0.03838	0.63510	0.02413	0.08498	0.01804	0.02826	0.02449	0.01647	0.02462	0.01397	0.01659	0.01002	0.00733	0.00739	0.00244	0.01128	0.00582	0.00332	0.01152
18	0.01274	0.00911	0.01171	0.08584	0.01708	0.00889	0.00939	0.04299	0.01746	0.06574	0.04830	0.32483	0.22933	0.01924	0.00928	0.00288	0.00549	0.06527	0.00697	0.00745
19	0.01445	0.00723	0.00723	0.00723	0.00903	0.00723	0.00542	0.01807	0.01626	0.02891	0.02529	0.02891	0.01987	0.00903	0.00542	0.00181	0.00361	0.00723	0.77055	0.00723
20	0.00947	0.00715	0.00876	0.00988	0.01104	0.00644	0.00683	0.01115	0.01613	0.02088	0.09498	0.49091	0.23357	0.02239	0.00963	0.00295	0.00428	0.01987	0.00729	0.00644
21	0.01165	0.00899	0.01249	0.01274	0.01395	0.00906	0.03793	0.05458	0.01659	0.02239	0.06628	0.57623	0.04571	0.02153	0.01052	0.00305	0.04298	0.01928	0.00694	0.00711
22	0.01568	0.03924	0.65846	0.02258	0.03387	0.01808	0.05666	0.02457	0.01646	0.02457	0.01399	0.01657	0.00991	0.00733	0.00745	0.00246	0.01153	0.00588	0.00330	0.01141
23	0.00945	0.00675	0.00900	0.01080	0.01125	0.00630	0.00720	0.01080	0.01484	0.01979	0.04274	0.72245	0.05128	0.02429	0.00990	0.00315	0.00450	0.02204	0.00720	0.00630
24	0.01851	0.01773	0.03024	0.14635	0.58569	0.01824	0.02346	0.02320	0.01733	0.02451	0.01446	0.01941	0.01199	0.00703	0.00769	0.00234	0.00938	0.00691	0.00378	0.01173
25	0.06612	0.01814	0.02964	0.04392	0.60994	0.01840	0.02235	0.02448	0.04525	0.02622	0.01508	0.01920	0.01253	0.00708	0.00751	0.00232	0.00888	0.00682	0.00407	0.01204
26	0.00951	0.00680	0.00906	0.01075	0.01126	0.00634	0.00720	0.01096	0.01515	0.02028	0.06984	0.69396	0.05222	0.02393	0.00986	0.00312	0.00446	0.02170	0.00725	0.00634
27	0.01445	0.00723	0.00723	0.00723	0.00903	0.00723	0.00542	0.01807	0.01626	0.02891	0.02529	0.02891	0.01987	0.00903	0.00542	0.00181	0.00361	0.00723	0.77055	0.00723
28	0.00916	0.00785	0.00785	0.00785	0.01047	0.00655	0.00589	0.01113	0.01767	0.02095	0.07855	0.07462	0.67599	0.01964	0.00916	0.00262	0.00393	0.01636	0.00720	0.00655
29	0.01464	0.01378	0.02326	0.70887	0.05340	0.01723	0.02153	0.01981	0.01550	0.01981	0.01378	0.02067	0.01034	0.00775	0.00775	0.00258	0.01034	0.00689	0.00345	0.00861
30	0.01555	0.04011	0.68733	0.02210	0.03356	0.01801	0.02865	0.02455	0.01637	0.02455	0.01391	0.01637	0.00982	0.00737	0.00737	0.00246	0.01146	0.00573	0.00327	0.01146
31	0.03479	0.01320	0.01799	0.01380	0.01979	0.01140	0.01140	0.03779	0.02219	0.68451	0.03059	0.02639	0.01919	0.00960	0.00780	0.00240	0.00660	0.00780	0.00960	0.01320
32	0.01555	0.04011	0.68733	0.02210	0.03356	0.01801	0.02865	0.02455	0.01637	0.02455	0.01391	0.01637	0.00982	0.00737	0.00737	0.00246	0.01146	0.00573	0.00327	0.01146
33	0.00945	0.00675	0.00900	0.01080	0.01125	0.00630	0.00720	0.01080	0.01484	0.01979	0.04274	0.72245	0.05128	0.02429	0.00990	0.00315	0.00450	0.02204	0.00720	0.00630
34	0.01929	0.01666	0.01753	0.01578	0.02016	0.01929	0.01227	0.04120	0.66513	0.03243	0.03156	0.02893	0.02367	0.01052	0.00789	0.00263	0.00614	0.00877	0.00789	0.01227
35	0.78228	0.01499	0.01140	0.01020	0.01499	0.01739	0.00840	0.02279	0.01320	0.03479	0.01080	0.01260	0.00840	0.00720	0.00480	0.00240	0.00600	0.00420	0.00480	0.00840
36	0.01648	0.01789	0.05670	0.31212	0.07161	0.01921	0.22737	0.02163	0.01593	0.02170	0.01383	0.01988	0.01085	0.00830	0.01123	0.00271	0.13190	0.00757	0.00360	0.00947
37	0.00965	0.00689	0.00923	0.01103	0.01157	0.00647	0.00755	0.01115	0.01504	0.02002	0.04262	0.68039	0.05084	0.02410	0.00995	0.00318	0.00467	0.06210	0.00719	0.00635
38	0.02734	0.02026	0.02185	0.01671	0.02284	0.02181	0.01375	0.55507	0.03331	0.04534	0.01827	0.01867	0.01322	0.00887	0.00743	0.00217	0.00803	0.00670	0.03410	0.10428
39	0.04771	0.18018	0.11459	0.02373	0.17487	0.02237	0.01788	0.22518	0.02322	0.07572	0.01589	0.01742	0.01207	0.00786	0.00698	0.00220	0.00881	0.00614	0.00531	0.01188
40	0.02030	0.69996	0.03928	0.01311	0.01953	0.02964	0.01300	0.02284	0.01603	0.01881	0.04033	0.01446	0.01276	0.00704	0.00516	0.00169	0.00809	0.00459	0.00355	0.00983
41	0.01108	0.00831	0.01246	0.01246	0.01385	0.00969	0.00969	0.01385	0.01246	0.01800	0.02077	0.03046	0.01938	0.05815	0.69678	0.01246	0.02077	0.00831	0.00415	0.00692
42	0.01608	0.01378	0.01608	0.01148	0.01837	0.01034	0.00919	0.01952	0.01608	0.02527	0.01378	0.01608	0.01148	0.00574	0.00574	0.00115	0.00574	0.00459	0.00459	0.77491
43	0.00955	0.00683	0.00909	0.01072	0.01127	0.00637	0.00721	0.01107	0.01534	0.02059	0.08713	0.67579	0.05282	0.02370	0.00984	0.00310	0.00444	0.02148	0.00729	0.00637
44	0.01129	0.00953	0.01588	0.01590	0.04470	0.00896	0.11159	0.01362	0.01552	0.02084	0.03717	0.57920	0.04324	0.02068	0.00968	0.00303	0.00608	0.01931	0.00653	0.00723
45	0.01750	0.01463	0.01684	0.01216	0.01898	0.01180	0.00978	0.08702	0.01825	0.02778	0.01430	0.01635	0.01167	0.00612	0.00596	0.00127	0.00604	0.00485	0.00493	0.69378
46	0.78228	0.01499	0.01140	0.01020	0.01499	0.01739	0.00840	0.02279	0.01320	0.03479	0.01080	0.01260	0.00840	0.00720	0.00480	0.00240	0.00600	0.00420	0.00480	0.00840
47	0.01555	0.04011	0.68733	0.02210	0.03356	0.01801	0.02865	0.02455	0.01637	0.02455	0.01391	0.01637	0.00982	0.00737	0.00737	0.00246	0.01146	0.00573	0.00327	0.01146
48	0.01919	0.01842	0.03147	0.04759	0.67914	0.01842	0.02380	0.02380	0.01765	0.02533	0.01458	0.01919	0.01228	0.00691	0.00768	0.00230	0.00921	0.00691	0.00384	0.01228
49	0.01640	0.01326	0.01566	0.01153	0.01793	0.01010	0.00914	0.01968	0.01625	0.05262	0.01653	0.06620	0.01461	0.00721	0.00612	0.00134	0.00569	0.00596	0.00499	0.68879
50	0.01608	0.01378	0.01608	0.01148	0.01837	0.01034	0.00919	0.01952	0.01608	0.02527	0.01378	0.01608	0.01148	0.00574	0.00574	0.00115	0.00574	0.00459	0.00459	0.77491
51	0.01781	0.01981	0.04201	0.12936	0.06692	0.01922	0.53740	0.02408	0.01788	0.02414	0.01537	0.02081	0.01158	0.00672	0.00889	0.00260	0.01253	0.00874	0.00385	0.01027
52	0.00952	0.00787	0.00835	0.00823	0.01069	0.00670	0.00617	0.01182	0.01852	0.02295	0.19645	0.07132	0.55684	0.01889	0.00916	0.00258	0.00387	0.01590	0.00746	0.00670
53	0.01485	0.01395	0.02284	0.62921	0.04948	0.01715	0.02053	0.01973	0.01535	0.02008	0.01359	0.02019	0.01040	0.00794	0.00857	0.00254	0.04760	0.00674	0.00351	0.05573
54	0.01523	0.01464	0.02551	0.61237	0.09590	0.01749	0.06877	0.02046	0.01586	0.02057	0.01398	0.02059	0.01058	0.00760	0.00785	0.00257	0.01046	0.00706	0.00351	0.00901
55	0.01464	0.01378	0.02326	0.70887	0.05340	0.01723	0.02153	0.01981	0.01550	0.01981	0.01378	0.02067	0.01034	0.00775	0.00775	0.00258	0.01034	0.00689	0.00345	0.00861
56	0.00934	0.00786	0.00810	0.00804	0.01058	0.00662	0.00603	0.01147	0.01809	0.02192	0.13608	0.07301	0.61785	0.01927	0.00916	0.00260	0.00390	0.01614	0.00733	0.00662
57	0.78228	0.01499	0.01140	0.01020	0.01499	0.01739	0.00840	0.02279	0.01320	0.03479	0.01080	0.01260	0.00840	0.00720	0.00480	0.00240	0.00600	0.00420	0.00480	0.00840
58	0.03479	0.01320	0.01799	0.01380	0.01979	0.01140	0.01140	0.03779	0.02219	0.68451	0.03059	0.02639	0.01919	0.00960	0.00780	0.00240	0.00660	0.00780	0.00960	0.01320
59	0.03446	0.01372	0.01832	0.01404	0.02005	0.01217	0.01160	0.07564	0.02307	0.64542	0.02985	0.02591	0.01882	0.00958	0.00779	0.00239	0.00672	0.00775	0.00948	0.01319
60	0.01127	0.00755	0.00861	0.00861	0.00866	0.00760	0.00489	0.01137	0.01132	0.01515	0.02429	0.04998	0.02786	0.70241	0.06411	0.00770	0.00801	0.01116	0.00468	0.00478
61	0.01852	0.01756	0.02981	0.07796	0.60440	0.01773	0.02294	0.02309	0.01756	0.02492	0.01630	0.02378	0.01433	0.00791	0.00788	0.00240	0.00913	0.04797	0.00404	0.01176
62	0.00953	0.00678	0.00897	0.01070	0.01113	0.00635	0.00709	0.01082	0.01469	0.01959	0.04195	0.69365	0.05029	0.05444	0.01116	0.00334	0.00463	0.02158	0.00709	0.00623
63	0.02090	0.66600	0.06955	0.01400	0.02073	0.06289	0.01406	0.02366	0.01609	0.01857	0.01098	0.01270	0.00995	0.00673	0.00518	0.00171	0.00872	0.00426	0.00335	0.00997
64	0.01843	0.05810	0.51786	0.02211	0.07060	0.01771	0.02510	0.02671	0.04209	0.10496	0.01656	0.01811	0.01165	0.00771	0.00738	0.00242	0.01042	0.00612	0.00426	0.01170
65	0.01683	0.05010	0.09471	0.02638	0.03345	0.01745	0.43412	0.02248	0.01739	0.02391	0.01871	0.11159	0.01667	0.00887	0.00864	0.00251	0.01102	0.00996	0.00432	0.07087
66	0.02703	0.02272	0.02256	0.04572	0.05932	0.12554	0.01498	0.46035	0.03127	0.04019	0.02088	0.02146	0.05330	0.00955	0.00772	0.00230	0.00919	0.00725	0.00677	0.01191
67	0.00943	0.00768	0.00806	0.00828	0.01035	0.00662	0.00592	0.01110	0.01663	0.02016	0.06821	0.15213	0.52806	0.09744	0.01256	0.00322	0.00439	0.01651	0.00693	0.00631
68	0.01376	0.01144	0.01430	0.06749	0.01883	0.00955	0.00952	0.01665	0.01562	0.02301	0.02340	0.25107	0.02461	0.01207	0.00728	0.00193	0.00570	0.01057	0.00537	0.45782
69	0.01672	0.01950	0.09170	0.20910	0.06272	0.01917	0.24045	0.02190	0.01593	0.02224	0.01375	0.01932	0.01089	0.00835	0.01173	0.00267	0.15537	0.00744	0.00366	0.04738
70	0.40559	0.07263	0.01908	0.20110	0.09809	0.01818	0.01394	0.02186	0.01481	0.02829	0.03518	0.01704	0.01172	0.00757	0.00607	0.00238	0.00761	0.00555	0.00434	0.00897

[dist]
# distance from previous block
# <min> <max>
2	7

[block]
# block no. 2 follows, 25 sequences, length 55
# corresponding to MSA columns:
# 170-224
name=unknown_C
#
# <colnr> <probs for GDERKNQSTAVLIFYWHMCP>
#	G	D	E	R	K	N	Q	S	T	A	V	L	I	F	Y	W	H	M	C	P
0	0.08035	0.02110	0.02036	0.07680	0.02398	0.13223	0.01396	0.33828	0.02675	0.03627	0.01680	0.01869	0.01266	0.00902	0.00819	0.00230	0.05039	0.00646	0.09464	0.01078
1	0.02179	0.01372	0.01607	0.01393	0.01759	0.01415	0.01073	0.24966	0.04485	0.15281	0.03040	0.28026	0.02942	0.05398	0.01028	0.00293	0.00656	0.01295	0.00773	0.01017
2	0.01276	0.00885	0.01129	0.01052	0.01261	0.00841	0.00791	0.05577	0.02210	0.05211	0.54280	0.12739	0.06518	0.01616	0.00910	0.00251	0.00416	0.01425	0.00837	0.00777
3	0.01819	0.30653	0.36730	0.01848	0.02703	0.05098	0.02139	0.02392	0.01607	0.02151	0.01238	0.01479	0.00990	0.00750	0.00758	0.00219	0.05519	0.00515	0.00333	0.01058
4	0.03332	0.01324	0.01838	0.06433	0.02224	0.01182	0.01213	0.03648	0.02171	0.63619	0.02937	0.02597	0.01855	0.00946	0.00779	0.00241	0.00687	0.00773	0.00915	0.01286
5	0.04961	0.24916	0.35517	0.02174	0.10487	0.02219	0.02193	0.04965	0.01702	0.02411	0.01309	0.01543	0.01023	0.00716	0.00658	0.00218	0.00987	0.00537	0.00360	0.01104
6	0.00945	0.00675	0.00900	0.01080	0.01125	0.00630	0.00720	0.01080	0.01484	0.01979	0.04274	0.72245	0.05128	0.02429	0.00990	0.00315	0.00450	0.02204	0.00720	0.00630
7	0.03442	0.01378	0.01835	0.01407	0.02008	0.01226	0.01162	0.07982	0.02317	0.64110	0.02977	0.02586	0.01878	0.00958	0.00779	0.00239	0.00673	0.00774	0.00947	0.01319
8	0.00943	0.00682	0.00892	0.01061	0.01120	0.00631	0.00711	0.01082	0.01503	0.01987	0.04502	0.68105	0.09120	0.02399	0.00985	0.00311	0.00446	0.02168	0.00720	0.00631
9	0.01830	0.02092	0.04575	0.03268	0.04052	0.01961	0.65098	0.02484	0.01830	0.02484	0.01569	0.02092	0.01176	0.00654	0.00915	0.00261	0.01307	0.00915	0.00392	0.01046
10	0.01527	0.01371	0.02214	0.01899	0.02281	0.01393	0.18446	0.02365	0.17268	0.02516	0.03156	0.13404	0.03099	0.03861	0.01046	0.00316	0.00819	0.21473	0.00637	0.00908
11	0.01874	0.01969	0.03873	0.04002	0.35473	0.01902	0.34239	0.02432	0.01798	0.02508	0.01514	0.02007	0.01202	0.00672	0.00842	0.00246	0.01117	0.00805	0.00388	0.01136
12	0.00916	0.00785	0.00785	0.00785	0.01047	0.00655	0.00589	0.01113	0.01767	0.02095	0.07855	0.07462	0.67599	0.01964	0.00916	0.00262	0.00393	0.01636	0.00720	0.00655
13	0.01130	0.00848	0.01219	0.01203	0.01322	0.00973	0.00914	0.01374	0.01298	0.01860	0.06843	0.03456	0.02409	0.13862	0.53986	0.01079	0.04195	0.00905	0.00451	0.00672
14	0.01567	0.03088	0.48070	0.01988	0.05132	0.01534	0.02291	0.02304	0.01794	0.06010	0.15974	0.02610	0.02428	0.00933	0.00779	0.00244	0.00942	0.00770	0.00477	0.01067
15	0.03479	0.01320	0.01799	0.01380	0.01979	0.01140	0.01140	0.03779	0.02219	0.68451	0.03059	0.02639	0.01919	0.00960	0.00780	0.00240	0.00660	0.00780	0.00960	0.01320
16	0.03380	0.01342	0.01796	0.01392	0.01982	0.01190	0.01145	0.03800	0.06328	0.64284	0.03065	0.02655	0.01948	0.00966	0.00780	0.00241	0.00657	0.00786	0.00949	0.01314
17	0.01505	0.01451	0.02507	0.61962	0.05067	0.01775	0.07128	0.02015	0.01554	0.02015	0.01375	0.02050	0.01044	0.00796	0.00878	0.00263	0.04686	0.00706	0.00348	0.00875
18	0.01705	0.01624	0.02760	0.35903	0.38444	0.01786	0.02273	0.02192	0.01664	0.02273	0.01421	0.01989	0.01137	0.00731	0.00771	0.00244	0.00974	0.00690	0.00365	0.01055
19	0.00944	0.00679	0.00895	0.01068	0.01121	0.00631	0.00714	0.01081	0.01496	0.01984	0.04419	0.69604	0.07675	0.02410	0.00987	0.00313	0.00448	0.02181	0.00720	0.00631
20	0.01644	0.00982	0.01066	0.00974	0.01218	0.01040	0.00753	0.12452	0.01900	0.03037	0.02355	0.02814	0.01897	0.04061	0.09728	0.00349	0.00682	0.00747	0.51493	0.00810
21	0.01647	0.12453	0.20302	0.12086	0.03370	0.01917	0.21567	0.02225	0.01680	0.02292	0.05014	0.06062	0.01623	0.00870	0.00852	0.00248	0.03586	0.00814	0.00401	0.00991
22	0.01586	0.03793	0.61454	0.02330	0.03435	0.01819	0.09926	0.02459	0.01659	0.02459	0.01412	0.01689	0.01004	0.00727	0.00757	0.00247	0.01164	0.00612	0.00335	0.01135
23	0.07302	0.18715	0.36839	0.01937	0.02772	0.04353	0.05858	0.02366	0.01613	0.02349	0.03100	0.01661	0.01164	0.00785	0.00812	0.00234	0.06163	0.00575	0.00361	0.01043
24	0.04162	0.01732	0.02287	0.04696	0.02162	0.04986	0.01640	0.02072	0.01322	0.06761	0.01190	0.01754	0.01078	0.01263	0.02209	0.00320	0.58418	0.00671	0.00391	0.00885
25	0.01096	0.00858	0.01119	0.03368	0.01404	0.00842	0.00850	0.01325	0.03249	0.02067	0.03819	0.54355	0.06834	0.02073	0.01022	0.00291	0.04558	0.01834	0.00662	0.08375
26	0.05940	0.02262	0.02270	0.01770	0.02368	0.07544	0.01450	0.58038	0.03442	0.04601	0.01779	0.01802	0.01275	0.00912	0.00758	0.00230	0.00885	0.00672	0.00735	0.01267
27	0.01892	0.01815	0.03099	0.08658	0.64224	0.01835	0.02366	0.02356	0.01753	0.02501	0.01454	0.01928	0.01217	0.00696	0.00768	0.00232	0.00928	0.00691	0.00381	0.01207
28	0.06014	0.01483	0.02114	0.01594	0.02217	0.01347	0.08262	0.08306	0.02218	0.49832	0.02626	0.02405	0.01704	0.00892	0.00771	0.00235	0.00740	0.00756	0.00835	0.05650
29	0.01097	0.00793	0.01036	0.00975	0.01158	0.00732	0.00732	0.01463	0.02195	0.03109	0.67505	0.05792	0.07316	0.01585	0.00914	0.00244	0.00366	0.01402	0.00854	0.00732
30	0.01749	0.01704	0.02728	0.35224	0.36290	0.04569	0.02239	0.02225	0.01684	0.02252	0.01411	0.01966	0.01129	0.00734	0.00768	0.00242	0.00993	0.00682	0.00366	0.01045
31	0.01757	0.01677	0.02854	0.28367	0.45575	0.01800	0.02299	0.02237	0.01689	0.02336	0.01430	0.01972	0.01159	0.00721	0.00770	0.00240	0.00961	0.00690	0.00370	0.01097
32	0.02944	0.02269	0.02319	0.01798	0.02404	0.06701	0.01475	0.61352	0.03553	0.04696	0.01819	0.01832	0.01298	0.00922	0.00771	0.00231	0.00888	0.00685	0.00752	0.01292
33	0.01464	0.01378	0.02326	0.70887	0.05340	0.01723	0.02153	0.01981	0.01550	0.01981	0.01378	0.02067	0.01034	0.00775	0.00775	0.00258	0.01034	0.00689	0.00345	0.00861
34	0.01083	0.00891	0.01384	0.01334	0.01512	0.00827	0.09104	0.01308	0.01591	0.02097	0.06345	0.47130	0.12483	0.04555	0.01076	0.00316	0.00576	0.05025	0.00672	0.00689
35	0.01755	0.01944	0.04080	0.03061	0.05911	0.01884	0.53306	0.02326	0.01754	0.02401	0.01734	0.07494	0.01473	0.00844	0.01034	0.00270	0.06318	0.00990	0.00413	0.01006
36	0.01817	0.02053	0.04362	0.03149	0.03857	0.02001	0.58969	0.02424	0.01768	0.02424	0.01515	0.02053	0.01161	0.00722	0.01073	0.00269	0.08076	0.00892	0.00387	0.01027
37	0.01495	0.00847	0.00931	0.00892	0.01097	0.00888	0.00685	0.06338	0.01705	0.02843	0.02401	0.02844	0.01930	0.01773	0.12775	0.00373	0.00700	0.00740	0.57982	0.00761
38	0.01908	0.07036	0.03300	0.06589	0.55970	0.01937	0.07276	0.02370	0.01750	0.02459	0.01437	0.01889	0.01201	0.00689	0.00760	0.00229	0.00949	0.00689	0.00379	0.01185
39	0.01502	0.01423	0.01998	0.44339	0.03902	0.05898	0.01736	0.01974	0.04038	0.02084	0.04111	0.10160	0.03892	0.01082	0.00925	0.00264	0.06023	0.00906	0.02907	0.00836
40	0.01586	0.03797	0.61591	0.02328	0.03433	0.01819	0.09793	0.02459	0.01658	0.02459	0.01411	0.01688	0.01004	0.00727	0.00757	0.00247	0.01164	0.00611	0.00335	0.01135
41	0.01555	0.04011	0.68733	0.02210	0.03356	0.01801	0.02865	0.02455	0.01637	0.02455	0.01391	0.01637	0.00982	0.00737	0.00737	0.00246	0.01146	0.00573	0.00327	0.01146
42	0.01875	0.01911	0.03107	0.19073	0.39706	0.06762	0.11596	0.02358	0.01759	0.02357	0.01438	0.01940	0.01160	0.00712	0.00786	0.00239	0.01038	0.00710	0.00377	0.01095
43	0.01919	0.01842	0.03147	0.04759	0.67914	0.01842	0.02380	0.02380	0.01765	0.02533	0.01458	0.01919	0.01228	0.00691	0.00768	0.00230	0.00921	0.00691	0.00384	0.01228
44	0.01014	0.00726	0.00970	0.01094	0.01186	0.00683	0.00781	0.01227	0.01682	0.02278	0.18842	0.49845	0.05559	0.02202	0.00981	0.00303	0.00460	0.08754	0.00750	0.00663
45	0.01919	0.01842	0.03147	0.04759	0.67914	0.01842	0.02380	0.02380	0.01765	0.02533	0.01458	0.01919	0.01228	0.00691	0.00768	0.00230	0.00921	0.00691	0.00384	0.01228
46	0.01686	0.05281	0.24997	0.15177	0.10403	0.01912	0.21836	0.02341	0.01673	0.02338	0.01423	0.01872	0.01079	0.00736	0.00867	0.00252	0.04006	0.00710	0.00357	0.01054
47	0.00943	0.00681	0.00894	0.01064	0.01121	0.00631	0.00713	0.01081	0.01499	0.01985	0.04461	0.68852	0.08400	0.02405	0.00986	0.00312	0.00447	0.02174	0.00720	0.00631
48	0.01830	0.02092	0.04575	0.03268	0.04052	0.01961	0.65098	0.02484	0.01830	0.02484	0.01569	0.02092	0.01176	0.00654	0.00915	0.00261	0.01307	0.00915	0.00392	0.01046
49	0.01582	0.07585	0.65394	0.02164	0.03285	0.01866	0.02785	0.02449	0.01634	0.02423	0.01375	0.01617	0.00983	0.00733	0.00724	0.00241	0.01130	0.00565	0.00328	0.01138
50	0.02631	0.01478	0.01896	0.01787	0.08530	0.01480	0.01305	0.08636	0.18444	0.32708	0.05465	0.03138	0.02313	0.01065	0.00807	0.00253	0.00683	0.05339	0.00822	0.01219
51	0.02217	0.01146	0.01464	0.01243	0.01632	0.01085	0.00979	0.04432	0.10128	0.29913	0.27646	0.07954	0.04202	0.01295	0.00844	0.00248	0.00535	0.01110	0.00879	0.01044
52	0.01126	0.00756	0.00869	0.00869	0.00877	0.00764	0.00499	0.01142	0.01134	0.01520	0.02422	0.04957	0.02768	0.68903	0.07725	0.00780	0.00828	0.01110	0.00467	0.00483
53	0.01826	0.01949	0.03893	0.12168	0.10005	0.01966	0.43707	0.04929	0.01815	0.02475	0.01505	0.02034	0.01157	0.00736	0.00996	0.00263	0.06307	0.00838	0.00397	0.01035
54	0.00975	0.00715	0.00982	0.05093	0.01367	0.00693	0.00802	0.01131	0.01488	0.01979	0.04107	0.68210	0.04893	0.02334	0.00977	0.00312	0.00483	0.02117	0.00698	0.00643

[dist]
# distance from previous block
# <min> <max>
0	6

[block]
# block no. 3 follows, 25 sequences, length 10
# corresponding to MSA columns:
# 231-240
name=unknown_D
#
# <colnr> <probs for GDERKNQSTAVLIFYWHMCP>
#	G	D	E	R	K	N	Q	S	T	A	V	L	I	F	Y	W	H	M	C	P
0	0.07319	0.02129	0.02133	0.01700	0.02269	0.07694	0.01382	0.44089	0.11522	0.08892	0.02016	0.01979	0.01444	0.00925	0.00754	0.00235	0.00837	0.00695	0.00742	0.01244
1	0.02947	0.02172	0.02327	0.01784	0.02404	0.02404	0.01474	0.65329	0.03646	0.04887	0.01862	0.01862	0.01319	0.00931	0.00776	0.00233	0.00853	0.00698	0.00776	0.01319
2	0.01608	0.01378	0.01608	0.01148	0.01837	0.01034	0.00919	0.01952	0.01608	0.02527	0.01378	0.01608	0.01148	0.00574	0.00574	0.00115	0.00574	0.00459	0.00459	0.77491
3	0.01367	0.01267	0.02107	0.35553	0.03563	0.01487	0.07512	0.01741	0.01515	0.02014	0.02235	0.23358	0.02290	0.01333	0.01055	0.00285	0.08881	0.01169	0.00462	0.00807
4	0.01665	0.01380	0.01603	0.01200	0.01818	0.01120	0.00950	0.07750	0.01785	0.02690	0.01718	0.08819	0.01569	0.00796	0.00635	0.00146	0.00587	0.00659	0.00515	0.62595
5	0.22707	0.01414	0.01634	0.06950	0.02071	0.01460	0.01132	0.11177	0.02115	0.28380	0.11037	0.02553	0.02218	0.00963	0.00718	0.00241	0.00660	0.00751	0.00743	0.01075
6	0.01416	0.01012	0.01138	0.01088	0.01288	0.01020	0.00791	0.12968	0.01872	0.02499	0.03895	0.18539	0.15753	0.20991	0.01711	0.00401	0.00608	0.05974	0.06306	0.00731
7	0.02151	0.01834	0.01507	0.01353	0.01721	0.21922	0.01033	0.04876	0.02042	0.16234	0.04194	0.10948	0.24244	0.01400	0.00823	0.00242	0.00781	0.01127	0.00675	0.00895
8	0.07224	0.01282	0.01402	0.01191	0.01630	0.01244	0.00935	0.09090	0.12206	0.09530	0.06112	0.08758	0.19808	0.01282	0.00778	0.00231	0.00556	0.01057	0.00701	0.14982
9	0.13026	0.01697	0.02443	0.01884	0.02482	0.01718	0.17831	0.07437	0.18301	0.16719	0.02218	0.02242	0.01593	0.00841	0.00761	0.00242	0.00816	0.00761	0.00654	0.06333

[dist]
# distance from previous block
# <min> <max>
1	11

[block]
# block no. 4 follows, 25 sequences, length 16
# corresponding to MSA columns:
# 252-267
name=unknown_E
#
# <colnr> <probs for GDERKNQSTAVLIFYWHMCP>
#	G	D	E	R	K	N	Q	S	T	A	V	L	I	F	Y	W	H	M	C	P
0	0.53531	0.01470	0.01352	0.01155	0.01660	0.01610	0.00946	0.02801	0.07155	0.19210	0.01738	0.01735	0.01233	0.00807	0.00579	0.00242	0.00616	0.00546	0.00623	0.00989
1	0.02131	0.01579	0.01650	0.01451	0.01894	0.04989	0.01136	0.03587	0.42101	0.15401	0.03692	0.03404	0.11265	0.01148	0.00800	0.00255	0.00631	0.00945	0.00792	0.01149
2	0.02947	0.02172	0.02327	0.01784	0.02404	0.02404	0.01474	0.65329	0.03646	0.04887	0.01862	0.01862	0.01319	0.00931	0.00776	0.00233	0.00853	0.00698	0.00776	0.01319
3	0.02073	0.73217	0.04063	0.01327	0.01990	0.03068	0.01327	0.02322	0.01575	0.01824	0.01078	0.01244	0.00995	0.00663	0.00498	0.00166	0.00829	0.00415	0.00332	0.00995
4	0.02143	0.67297	0.03904	0.01384	0.02025	0.08737	0.01341	0.02388	0.01628	0.01830	0.01088	0.01257	0.00995	0.00675	0.00515	0.00169	0.00878	0.00422	0.00337	0.00987
5	0.02947	0.02172	0.02327	0.01784	0.02404	0.02404	0.01474	0.65329	0.03646	0.04887	0.01862	0.01862	0.01319	0.00931	0.00776	0.00233	0.00853	0.00698	0.00776	0.01319
6	0.02947	0.02172	0.02327	0.01784	0.02404	0.02404	0.01474	0.65329	0.03646	0.04887	0.01862	0.01862	0.01319	0.00931	0.00776	0.00233	0.00853	0.00698	0.00776	0.01319
7	0.00945	0.00675	0.00900	0.01080	0.01125	0.00630	0.00720	0.01080	0.01484	0.01979	0.04274	0.72245	0.05128	0.02429	0.00990	0.00315	0.00450	0.02204	0.00720	0.00630
8	0.02947	0.02172	0.02327	0.01784	0.02404	0.02404	0.01474	0.65329	0.03646	0.04887	0.01862	0.01862	0.01319	0.00931	0.00776	0.00233	0.00853	0.00698	0.00776	0.01319
9	0.02127	0.68676	0.03941	0.01371	0.02017	0.07417	0.01338	0.02372	0.01616	0.01829	0.01086	0.01254	0.00995	0.00672	0.00511	0.00168	0.00866	0.00420	0.00336	0.00989
10	0.07898	0.02055	0.02204	0.01699	0.02309	0.02252	0.01404	0.55917	0.03371	0.10272	0.01914	0.01889	0.01339	0.00920	0.00757	0.00234	0.00820	0.00687	0.00772	0.01287
11	0.08848	0.01095	0.01400	0.01194	0.01587	0.01009	0.00953	0.02591	0.02064	0.33424	0.24701	0.08557	0.03972	0.01301	0.00826	0.00252	0.00544	0.03818	0.00855	0.01007
12	0.04477	0.00843	0.01075	0.01016	0.01222	0.00789	0.00761	0.01604	0.02078	0.07251	0.53220	0.13061	0.06440	0.01605	0.00896	0.00252	0.00404	0.01413	0.00829	0.00763
13	0.01379	0.01370	0.02705	0.02154	0.02562	0.01283	0.32333	0.01769	0.01654	0.02227	0.02945	0.37795	0.03188	0.01557	0.00953	0.00289	0.00871	0.01571	0.00559	0.00834
14	0.02041	0.68975	0.08027	0.01381	0.02074	0.02990	0.01421	0.02330	0.01579	0.01863	0.01097	0.01268	0.00994	0.00668	0.00512	0.00171	0.00849	0.00424	0.00331	0.01004
15	0.01608	0.11020	0.62184	0.02120	0.03218	0.01929	0.02709	0.02442	0.01631	0.02392	0.01360	0.01597	0.00983	0.00729	0.00712	0.00237	0.01114	0.00557	0.00328	0.01131

[dist]
# distance from previous block
# <min> <max>
40	71

[block]
# block no. 5 follows, 25 sequences, length 28
# corresponding to MSA columns:
# 341-368
name=unknown_F
#
# <colnr> <probs for GDERKNQSTAVLIFYWHMCP>
#	G	D	E	R	K	N	Q	S	T	A	V	L	I	F	Y	W	H	M	C	P
0	0.01947	0.05733	0.29332	0.01627	0.02345	0.01391	0.01753	0.02480	0.01820	0.19280	0.09108	0.11399	0.02429	0.01089	0.00779	0.00242	0.00806	0.00909	0.00601	0.04928
1	0.01518	0.13025	0.01870	0.01358	0.01598	0.04521	0.01094	0.06270	0.01526	0.02035	0.01997	0.09166	0.01979	0.08478	0.32986	0.00743	0.07717	0.00876	0.00453	0.00789
2	0.01918	0.52464	0.23456	0.01592	0.02400	0.02688	0.01788	0.02362	0.01594	0.02014	0.01172	0.01362	0.00991	0.00685	0.00569	0.00190	0.00924	0.00462	0.00330	0.01040
3	0.01485	0.04268	0.01743	0.13660	0.02345	0.01163	0.03131	0.01806	0.01589	0.04398	0.02235	0.21451	0.02259	0.01147	0.00740	0.00207	0.00658	0.01011	0.00520	0.34185
4	0.02188	0.01480	0.01751	0.01287	0.01948	0.01252	0.01044	0.11411	0.02027	0.16531	0.01796	0.01858	0.01333	0.00705	0.00646	0.00158	0.00632	0.00560	0.00608	0.50787
5	0.01608	0.01378	0.01608	0.01148	0.01837	0.01034	0.00919	0.01952	0.01608	0.02527	0.01378	0.01608	0.01148	0.00574	0.00574	0.00115	0.00574	0.00459	0.00459	0.77491
6	0.00916	0.00785	0.00785	0.00785	0.01047	0.00655	0.00589	0.01113	0.01767	0.02095	0.07855	0.07462	0.67599	0.01964	0.00916	0.00262	0.00393	0.01636	0.00720	0.00655
7	0.01770	0.02510	0.18553	0.03037	0.03901	0.01926	0.51540	0.02478	0.01788	0.02478	0.01530	0.01992	0.01134	0.00672	0.00876	0.00258	0.01272	0.00841	0.00378	0.01068
8	0.02200	0.02458	0.02307	0.02009	0.02187	0.27222	0.01612	0.05371	0.01679	0.02023	0.01125	0.01594	0.01025	0.01130	0.01778	0.00283	0.42112	0.00613	0.00382	0.00890
9	0.02803	0.02100	0.02246	0.01755	0.02350	0.02337	0.01439	0.56664	0.12545	0.04654	0.02045	0.02008	0.01467	0.00948	0.00778	0.00237	0.00819	0.00723	0.00778	0.01306
10	0.01608	0.01378	0.01608	0.01148	0.01837	0.01034	0.00919	0.01952	0.01608	0.02527	0.01378	0.01608	0.01148	0.00574	0.00574	0.00115	0.00574	0.00459	0.00459	0.77491
11	0.01347	0.00673	0.01010	0.01010	0.01010	0.00673	0.00673	0.01010	0.01010	0.01347	0.01347	0.02357	0.01347	0.02694	0.03030	0.77441	0.00673	0.00673	0.00337	0.00337
12	0.02176	0.01769	0.02162	0.02300	0.16371	0.01940	0.01531	0.17395	0.33017	0.05633	0.02539	0.02722	0.01969	0.00996	0.00795	0.00253	0.00741	0.03765	0.00700	0.01226
13	0.01555	0.04011	0.68733	0.02210	0.03356	0.01801	0.02865	0.02455	0.01637	0.02455	0.01391	0.01637	0.00982	0.00737	0.00737	0.00246	0.01146	0.00573	0.00327	0.01146
14	0.02869	0.02133	0.02283	0.01768	0.02375	0.02368	0.01455	0.60616	0.08486	0.04760	0.01961	0.01941	0.01399	0.00940	0.00777	0.00235	0.00835	0.00712	0.00777	0.01312
15	0.02943	0.02315	0.02315	0.01804	0.02404	0.08735	0.01476	0.59469	0.03509	0.04605	0.01799	0.01818	0.01288	0.00918	0.00768	0.00230	0.00905	0.00679	0.00740	0.01279
16	0.00945	0.00675	0.00900	0.01080	0.01125	0.00630	0.00720	0.01080	0.01484	0.01979	0.04274	0.72245	0.05128	0.02429	0.00990	0.00315	0.00450	0.02204	0.00720	0.00630
17	0.02073	0.73217	0.04063	0.01327	0.01990	0.03068	0.01327	0.02322	0.01575	0.01824	0.01078	0.01244	0.00995	0.00663	0.00498	0.00166	0.00829	0.00415	0.00332	0.00995
18	0.01830	0.02092	0.04575	0.03268	0.04052	0.01961	0.65098	0.02484	0.01830	0.02484	0.01569	0.02092	0.01176	0.00654	0.00915	0.00261	0.01307	0.00915	0.00392	0.01046
19	0.01608	0.01378	0.01608	0.01148	0.01837	0.01034	0.00919	0.01952	0.01608	0.02527	0.01378	0.01608	0.01148	0.00574	0.00574	0.00115	0.00574	0.00459	0.00459	0.77491
20	0.01092	0.00816	0.01213	0.01230	0.01360	0.00937	0.00946	0.01356	0.01269	0.01817	0.02284	0.09562	0.02239	0.05496	0.63211	0.01158	0.01924	0.00960	0.00444	0.00686
21	0.01807	0.09120	0.15867	0.02950	0.05982	0.02032	0.45837	0.02460	0.01770	0.02418	0.01487	0.01925	0.01127	0.00671	0.00839	0.00249	0.01220	0.00799	0.00375	0.01065
22	0.01890	0.01799	0.03002	0.04419	0.61692	0.01766	0.02242	0.02339	0.01751	0.02532	0.01451	0.01890	0.01221	0.00680	0.00749	0.00219	0.00888	0.00669	0.00391	0.08409
23	0.02176	0.01902	0.02321	0.02260	0.14320	0.06693	0.06148	0.23439	0.07733	0.03283	0.02352	0.02669	0.06895	0.00959	0.00779	0.00227	0.00839	0.03489	0.00602	0.10913
24	0.01876	0.01799	0.03070	0.10975	0.62033	0.01831	0.02358	0.02342	0.01745	0.02481	0.01451	0.01933	0.01210	0.00699	0.00768	0.00233	0.00932	0.00691	0.00380	0.01194
25	0.01985	0.01895	0.02935	0.12879	0.51846	0.05046	0.02240	0.07147	0.01901	0.02611	0.01467	0.01909	0.01199	0.00725	0.00766	0.00233	0.00953	0.00682	0.00409	0.01173
26	0.02765	0.02170	0.02275	0.04784	0.05601	0.08261	0.01508	0.45389	0.09031	0.07445	0.01942	0.01965	0.01400	0.00914	0.00770	0.00234	0.00881	0.00700	0.00716	0.01249
27	0.01703	0.01504	0.02164	0.33690	0.03509	0.01855	0.01743	0.10527	0.01743	0.02407	0.01558	0.05917	0.01342	0.01038	0.01232	0.00270	0.19324	0.00764	0.03434	0.04276

[dist]
# distance from previous block
# <min> <max>
2	8

[block]
# block no. 6 follows, 25 sequences, length 15
# corresponding to MSA columns:
# 377-391
name=unknown_G
#
# <colnr> <probs for GDERKNQSTAVLIFYWHMCP>
#	G	D	E	R	K	N	Q	S	T	A	V	L	I	F	Y	W	H	M	C	P
0	0.06451	0.01876	0.02110	0.02032	0.12360	0.04431	0.01421	0.37401	0.02799	0.06334	0.01885	0.02017	0.01398	0.00874	0.00719	0.00223	0.00784	0.00682	0.13034	0.01168
1	0.02756	0.02072	0.02292	0.07790	0.02637	0.02316	0.01518	0.56097	0.07279	0.04534	0.01898	0.01942	0.01357	0.00925	0.00776	0.00237	0.00854	0.00708	0.00739	0.01273
2	0.01980	0.01605	0.01806	0.01343	0.01998	0.01451	0.01084	0.18727	0.06309	0.03192	0.01619	0.01757	0.01271	0.00698	0.00641	0.00155	0.00650	0.00549	0.00564	0.52601
3	0.02426	0.07494	0.01785	0.01256	0.01764	0.01254	0.01025	0.02856	0.06367	0.33202	0.14378	0.03050	0.02772	0.03965	0.00879	0.00237	0.00608	0.00832	0.00775	0.13074
4	0.01625	0.01376	0.02073	0.02694	0.30273	0.01369	0.01516	0.07765	0.02142	0.03023	0.32745	0.03746	0.04117	0.01136	0.00838	0.00237	0.00652	0.01028	0.00642	0.01002
5	0.02275	0.01878	0.02113	0.01892	0.06432	0.04459	0.03762	0.20077	0.35974	0.05922	0.02499	0.02412	0.01856	0.00950	0.00777	0.00244	0.00752	0.00785	0.00724	0.04217
6	0.01804	0.04996	0.32988	0.01691	0.02582	0.01518	0.01877	0.04714	0.01747	0.08027	0.01532	0.01704	0.01136	0.00698	0.00672	0.00192	0.00866	0.00546	0.00447	0.30261
7	0.01373	0.01087	0.01346	0.07271	0.01777	0.01158	0.01005	0.04576	0.18092	0.02844	0.28021	0.20444	0.04776	0.01557	0.00884	0.00266	0.00525	0.01373	0.00758	0.00865
8	0.01371	0.00993	0.01203	0.01230	0.01397	0.01007	0.00880	0.14754	0.01944	0.02598	0.03760	0.57265	0.04317	0.02110	0.00944	0.00297	0.00536	0.01884	0.00732	0.00776
9	0.01756	0.01608	0.01676	0.01275	0.01907	0.06841	0.01007	0.02329	0.10087	0.02567	0.01594	0.01757	0.01294	0.00655	0.00612	0.00141	0.00648	0.00517	0.00497	0.61232
10	0.01751	0.01514	0.01933	0.01392	0.02083	0.01241	0.06559	0.07857	0.01816	0.02741	0.01439	0.01673	0.01167	0.00614	0.00623	0.00139	0.00664	0.00521	0.00483	0.63791
11	0.01168	0.00756	0.00984	0.01058	0.01191	0.00690	0.00743	0.01362	0.01691	0.07426	0.15432	0.49288	0.11028	0.02124	0.00953	0.00292	0.00447	0.01901	0.00762	0.00704
12	0.01692	0.17778	0.49127	0.02212	0.06298	0.02067	0.05746	0.02426	0.01641	0.02333	0.01341	0.01595	0.01007	0.00715	0.00699	0.00230	0.01079	0.00564	0.00334	0.01114
13	0.02284	0.04127	0.05991	0.01321	0.01895	0.01184	0.01148	0.02715	0.04364	0.28704	0.11642	0.03016	0.02531	0.00983	0.00745	0.00211	0.00633	0.03958	0.00726	0.21822
14	0.01426	0.00810	0.00973	0.10157	0.01517	0.00853	0.00776	0.01753	0.01591	0.02656	0.04971	0.02858	0.02030	0.01056	0.00785	0.06285	0.00476	0.00742	0.57574	0.00711

[dist]
# distance from previous block
# <min> <max>
3	14

[block]
# block no. 7 follows, 25 sequences, length 25
# corresponding to MSA columns:
# 406-430
name=unknown_H
#
# <colnr> <probs for GDERKNQSTAVLIFYWHMCP>
#	G	D	E	R	K	N	Q	S	T	A	V	L	I	F	Y	W	H	M	C	P
0	0.01798	0.01798	0.02264	0.01959	0.02052	0.05905	0.01609	0.02299	0.11869	0.02092	0.01375	0.01875	0.01236	0.01278	0.02160	0.00319	0.56081	0.00701	0.00416	0.00913
1	0.01354	0.00859	0.01156	0.01287	0.03904	0.00814	0.00876	0.01640	0.04667	0.10163	0.08336	0.51292	0.04591	0.02052	0.00944	0.00297	0.00504	0.03742	0.00748	0.00774
2	0.02145	0.01556	0.02252	0.23171	0.16550	0.01639	0.01716	0.07571	0.09414	0.15872	0.01975	0.02186	0.01439	0.00819	0.00757	0.00233	0.00828	0.00708	0.00572	0.08596
3	0.01021	0.00784	0.01167	0.01221	0.01331	0.00732	0.05176	0.01214	0.01578	0.02125	0.10267	0.60895	0.05069	0.02224	0.00977	0.00304	0.00501	0.02037	0.00710	0.00669
4	0.11127	0.01633	0.02014	0.23316	0.08408	0.03576	0.01541	0.16249	0.05826	0.03050	0.01648	0.01964	0.01255	0.00804	0.00699	0.00227	0.00818	0.00645	0.06708	0.08491
5	0.01638	0.01635	0.02607	0.23402	0.03304	0.02062	0.09890	0.01984	0.01400	0.02009	0.01215	0.01857	0.01049	0.01054	0.01705	0.00295	0.37616	0.00702	0.00353	0.04225
6	0.02090	0.01578	0.01704	0.01444	0.01898	0.01712	0.01147	0.21379	0.28157	0.07639	0.07793	0.03583	0.14068	0.01209	0.00815	0.00251	0.00631	0.00989	0.00788	0.01125
7	0.01809	0.02031	0.04236	0.03078	0.03741	0.02025	0.55326	0.02388	0.01731	0.02388	0.01484	0.02031	0.01152	0.00762	0.01166	0.00273	0.12100	0.00879	0.00384	0.01015
