[name]
unknown

[dist]
# distance from previous block
# <min> <max>
0	38

[block]
# block no. 0 follows, 25 sequences, length 36
# corresponding to MSA columns:
# 38-73
name=unknown_A
#
# <colnr> <probs for GDERKNQSTAVLIFYWHMCP>
#	G	D	E	R	K	N	Q	S	T	A	V	L	I	F	Y	W	H	M	C	P
0	0.01249	0.00892	0.01249	0.01428	0.01606	0.00892	0.01249	0.01606	0.01785	0.02320	0.04105	0.08746	0.04462	0.02142	0.01071	0.00357	0.00714	0.62695	0.00714	0.00714
1	0.00945	0.00787	0.00825	0.00815	0.01065	0.00667	0.00611	0.01168	0.01834	0.02254	0.17209	0.07200	0.58146	0.01904	0.00916	0.00259	0.00389	0.01600	0.00741	0.00667
2	0.01901	0.01369	0.01638	0.01185	0.01860	0.01050	0.00953	0.02239	0.01704	0.12864	0.01642	0.01770	0.01269	0.00635	0.00606	0.00134	0.00588	0.00510	0.00538	0.65546
3	0.78228	0.01499	0.01140	0.01020	0.01499	0.01739	0.00840	0.02279	0.01320	0.03479	0.01080	0.01260	0.00840	0.00720	0.00480	0.00240	0.00600	0.00420	0.00480	0.00840
4	0.02896	0.03695	0.02197	0.01998	0.02397	0.69638	0.01498	0.03096	0.02197	0.01898	0.01199	0.01398	0.00999	0.00799	0.00699	0.00200	0.01398	0.00499	0.00400	0.00899
5	0.01464	0.01378	0.02326	0.70887	0.05340	0.01723	0.02153	0.01981	0.01550	0.01981	0.01378	0.02067	0.01034	0.00775	0.00775	0.00258	0.01034	0.00689	0.00345	0.00861
6	0.01249	0.00892	0.01249	0.01428	0.01606	0.00892	0.01249	0.01606	0.01785	0.02320	0.04105	0.08746	0.04462	0.02142	0.01071	0.00357	0.00714	0.62695	0.00714	0.00714
7	0.00945	0.00675	0.00900	0.01080	0.01125	0.00630	0.00720	0.01080	0.01484	0.01979	0.04274	0.72245	0.05128	0.02429	0.00990	0.00315	0.00450	0.02204	0.00720	0.00630
8	0.01249	0.00892	0.01249	0.01428	0.01606	0.00892	0.01249	0.01606	0.01785	0.02320	0.04105	0.08746	0.04462	0.02142	0.01071	0.00357	0.00714	0.62695	0.00714	0.00714
9	0.01097	0.00793	0.01036	0.00975	0.01158	0.00732	0.00732	0.01463	0.02195	0.03109	0.67505	0.05792	0.07316	0.01585	0.00914	0.00244	0.00366	0.01402	0.00854	0.00732
10	0.00921	0.00768	0.00803	0.00832	0.01059	0.00651	0.00610	0.01108	0.01723	0.02077	0.07293	0.17621	0.57803	0.02037	0.00928	0.00270	0.00402	0.01725	0.00720	0.00651
11	0.00945	0.00675	0.00900	0.01080	0.01125	0.00630	0.00720	0.01080	0.01484	0.01979	0.04274	0.72245	0.05128	0.02429	0.00990	0.00315	0.00450	0.02204	0.00720	0.00630
12	0.00939	0.00722	0.00861	0.00963	0.01096	0.00643	0.00670	0.01107	0.01620	0.02066	0.08001	0.44851	0.29244	0.02219	0.00959	0.00292	0.00425	0.01956	0.00725	0.00643
13	0.01508	0.00784	0.00790	0.00767	0.00966	0.00793	0.00581	0.04474	0.01711	0.02974	0.02501	0.02847	0.01959	0.00904	0.00552	0.00183	0.00382	0.00722	0.73852	0.00748
14	0.01821	0.02065	0.04429	0.03186	0.03918	0.01988	0.60887	0.02443	0.01787	0.02443	0.01532	0.02065	0.01166	0.00700	0.01023	0.00267	0.05959	0.00899	0.00389	0.01033
15	0.01471	0.00875	0.01156	0.01039	0.01287	0.00796	0.00796	0.01826	0.02199	0.13356	0.57399	0.05297	0.06470	0.01487	0.00893	0.00243	0.00412	0.01305	0.00870	0.00824
16	0.00973	0.00697	0.00925	0.01060	0.01131	0.00649	0.00722	0.01152	0.01618	0.02191	0.16130	0.59784	0.05538	0.02271	0.00976	0.00302	0.00434	0.02054	0.00745	0.00649
17	0.00945	0.00675	0.00900	0.01080	0.01125	0.00630	0.00720	0.01080	0.01484	0.01979	0.04274	0.72245	0.05128	0.02429	0.00990	0.00315	0.00450	0.02204	0.00720	0.00630
18	0.62879	0.01486	0.03991	0.01024	0.01486	0.01583	0.00880	0.02213	0.01381	0.03342	0.01320	0.01532	0.01026	0.00749	0.00501	0.00231	0.00586	0.00474	0.12481	0.00835
19	0.01555	0.04011	0.68733	0.02210	0.03356	0.01801	0.02865	0.02455	0.01637	0.02455	0.01391	0.01637	0.00982	0.00737	0.00737	0.00246	0.01146	0.00573	0.00327	0.01146
20	0.14652	0.02067	0.02136	0.06262	0.02457	0.04629	0.01420	0.49037	0.03090	0.04367	0.01683	0.01764	0.01213	0.00883	0.00727	0.00234	0.00845	0.00647	0.00687	0.01198
21	0.02757	0.02993	0.02160	0.01878	0.02339	0.42054	0.01449	0.18961	0.12648	0.02863	0.01673	0.01750	0.01294	0.00872	0.00733	0.00218	0.01138	0.00609	0.00555	0.01056
22	0.01651	0.01630	0.02288	0.01975	0.01985	0.02266	0.01640	0.01829	0.01192	0.01861	0.01100	0.01801	0.01089	0.01701	0.07726	0.00409	0.65986	0.00690	0.00345	0.00836
23	0.03479	0.01320	0.01799	0.01380	0.01979	0.01140	0.01140	0.03779	0.02219	0.68451	0.03059	0.02639	0.01919	0.00960	0.00780	0.00240	0.00660	0.00780	0.00960	0.01320
24	0.02945	0.02236	0.02321	0.01793	0.02404	0.05227	0.01475	0.62716	0.03585	0.04761	0.01834	0.01842	0.01305	0.00925	0.00772	0.00231	0.00876	0.00690	0.00760	0.01301
25	0.00945	0.00675	0.00900	0.01080	0.01125	0.00630	0.00720	0.01080	0.01484	0.01979	0.04274	0.72245	0.05128	0.02429	0.00990	0.00315	0.00450	0.02204	0.00720	0.00630
26	0.00951	0.00787	0.00834	0.00822	0.01069	0.00669	0.00616	0.01180	0.01849	0.02289	0.19297	0.07142	0.56035	0.01891	0.00916	0.00258	0.00388	0.01591	0.00746	0.00669
27	0.01578	0.01346	0.01576	0.01145	0.01805	0.01015	0.00910	0.01913	0.01602	0.02502	0.01509	0.04789	0.01328	0.00658	0.00593	0.00124	0.00569	0.00538	0.00471	0.74029
28	0.01555	0.04011	0.68733	0.02210	0.03356	0.01801	0.02865	0.02455	0.01637	0.02455	0.01391	0.01637	0.00982	0.00737	0.00737	0.00246	0.01146	0.00573	0.00327	0.01146
29	0.01459	0.03488	0.58096	0.02033	0.03006	0.01617	0.02528	0.02240	0.01613	0.02381	0.01843	0.12709	0.01632	0.01002	0.00776	0.00256	0.01037	0.00829	0.00389	0.01065
30	0.78228	0.01499	0.01140	0.01020	0.01499	0.01739	0.00840	0.02279	0.01320	0.03479	0.01080	0.01260	0.00840	0.00720	0.00480	0.00240	0.00600	0.00420	0.00480	0.00840
31	0.01848	0.01769	0.03018	0.15129	0.58102	0.01824	0.02344	0.02317	0.01732	0.02447	0.01446	0.01942	0.01198	0.00704	0.00769	0.00235	0.00939	0.00691	0.00378	0.01171
32	0.01916	0.01791	0.02964	0.14931	0.53750	0.01861	0.02284	0.06498	0.01857	0.02603	0.01473	0.01938	0.01204	0.00720	0.00769	0.00235	0.00934	0.00691	0.00404	0.01177
33	0.01817	0.01739	0.02964	0.19521	0.53945	0.01816	0.02329	0.02291	0.01717	0.02410	0.01441	0.01952	0.01185	0.00710	0.00769	0.00237	0.00946	0.00690	0.00375	0.01146
34	0.01671	0.00920	0.01220	0.01073	0.01356	0.00830	0.00830	0.02021	0.02201	0.18855	0.51975	0.05032	0.06015	0.01434	0.00882	0.00243	0.00437	0.01252	0.00879	0.00873
35	0.01742	0.01384	0.01597	0.01270	0.01792	0.01236	0.00992	0.15493	0.02021	0.02909	0.02166	0.18322	0.02124	0.01089	0.00716	0.00188	0.00605	0.00923	0.00589	0.42842

[dist]
# distance from previous block
# <min> <max>
5	9

[block]
# block no. 1 follows, 25 sequences, length 49
# corresponding to MSA columns:
# 83-111,113-132
name=unknown_B
#
# <colnr> <probs for GDERKNQSTAVLIFYWHMCP>
#	G	D	E	R	K	N	Q	S	T	A	V	L	I	F	Y	W	H	M	C	P
0	0.01830	0.02092	0.04575	0.03268	0.04052	0.01961	0.65098	0.02484	0.01830	0.02484	0.01569	0.02092	0.01176	0.00654	0.00915	0.00261	0.01307	0.00915	0.00392	0.01046
1	0.02942	0.02334	0.02313	0.01807	0.02404	0.09562	0.01476	0.58703	0.03491	0.04568	0.01791	0.01812	0.01285	0.00917	0.00767	0.00229	0.00911	0.00677	0.00736	0.01274
2	0.01815	0.09442	0.02543	0.01958	0.02055	0.06867	0.01644	0.01995	0.01295	0.01864	0.01036	0.01629	0.01014	0.01247	0.02205	0.00312	0.59232	0.00639	0.00342	0.00867
3	0.01794	0.08270	0.57359	0.02064	0.03120	0.01814	0.02580	0.02588	0.01695	0.09440	0.01548	0.01718	0.01083	0.00756	0.00726	0.00240	0.01073	0.00585	0.00395	0.01154
4	0.01214	0.00743	0.00995	0.01112	0.01216	0.00684	0.00764	0.01367	0.01563	0.09056	0.04144	0.64834	0.04787	0.02273	0.00967	0.00307	0.00472	0.02053	0.00745	0.00703
5	0.00945	0.00675	0.00900	0.01080	0.01125	0.00630	0.00720	0.01080	0.01484	0.01979	0.04274	0.72245	0.05128	0.02429	0.00990	0.00315	0.00450	0.02204	0.00720	0.00630
6	0.01470	0.01535	0.06285	0.66792	0.05222	0.01727	0.02196	0.02009	0.01556	0.02009	0.01379	0.02042	0.01031	0.00773	0.00773	0.00258	0.01040	0.00682	0.00344	0.00878
7	0.02073	0.73217	0.04063	0.01327	0.01990	0.03068	0.01327	0.02322	0.01575	0.01824	0.01078	0.01244	0.00995	0.00663	0.00498	0.00166	0.00829	0.00415	0.00332	0.00995
8	0.01128	0.00752	0.00846	0.00846	0.00846	0.00752	0.00470	0.01128	0.01128	0.01503	0.02443	0.05074	0.02819	0.72751	0.03946	0.00752	0.00752	0.01128	0.00470	0.00470
9	0.01555	0.04011	0.68733	0.02210	0.03356	0.01801	0.02865	0.02455	0.01637	0.02455	0.01391	0.01637	0.00982	0.00737	0.00737	0.00246	0.01146	0.00573	0.00327	0.01146
10	0.03347	0.01349	0.01795	0.01396	0.01982	0.01207	0.01147	0.03808	0.07697	0.62895	0.03067	0.02661	0.01957	0.00968	0.00781	0.00242	0.00656	0.00788	0.00945	0.01312
11	0.01929	0.01666	0.01753	0.01578	0.02016	0.01929	0.01227	0.04120	0.66513	0.03243	0.03156	0.02893	0.02367	0.01052	0.00789	0.00263	0.00614	0.00877	0.00789	0.01227
12	0.00945	0.00675	0.00900	0.01080	0.01125	0.00630	0.00720	0.01080	0.01484	0.01979	0.04274	0.72245	0.05128	0.02429	0.00990	0.00315	0.00450	0.02204	0.00720	0.00630
13	0.00945	0.00675	0.00900	0.01080	0.01125	0.00630	0.00720	0.01080	0.01484	0.01979	0.04274	0.72245	0.05128	0.02429	0.00990	0.00315	0.00450	0.02204	0.00720	0.00630
14	0.01673	0.01689	0.02622	0.13614	0.02818	0.02219	0.09128	0.01957	0.01322	0.01957	0.01142	0.01804	0.01039	0.01179	0.02062	0.00317	0.51532	0.00708	0.00346	0.00873
15	0.01249	0.00892	0.01249	0.01428	0.01606	0.00892	0.01249	0.01606	0.01785	0.02320	0.04105	0.08746	0.04462	0.02142	0.01071	0.00357	0.00714	0.62695	0.00714	0.00714
16	0.01128	0.00752	0.00846	0.00846	0.00846	0.00752	0.00470	0.01128	0.01128	0.01503	0.02443	0.05074	0.02819	0.72751	0.03946	0.00752	0.00752	0.01128	0.00470	0.00470
17	0.78228	0.01499	0.01140	0.01020	0.01499	0.01739	0.00840	0.02279	0.01320	0.03479	0.01080	0.01260	0.00840	0.00720	0.00480	0.00240	0.00600	0.00420	0.00480	0.00840
18	0.00945	0.00675	0.00900	0.01080	0.01125	0.00630	0.00720	0.01080	0.01484	0.01979	0.04274	0.72245	0.05128	0.02429	0.00990	0.00315	0.00450	0.02204	0.00720	0.00630
19	0.01822	0.01901	0.03671	0.10566	0.29483	0.01911	0.30660	0.02361	0.01744	0.02422	0.01478	0.02001	0.01175	0.00716	0.00924	0.00253	0.04650	0.00791	0.00381	0.01090
20	0.01547	0.01412	0.02388	0.50406	0.13895	0.01646	0.05182	0.02046	0.01604	0.02183	0.01522	0.02135	0.01171	0.00770	0.00756	0.00246	0.00959	0.00704	0.08519	0.00909
21	0.01464	0.01378	0.02326	0.70887	0.05340	0.01723	0.02153	0.01981	0.01550	0.01981	0.01378	0.02067	0.01034	0.00775	0.00775	0.00258	0.01034	0.00689	0.00345	0.00861
22	0.01608	0.01378	0.01608	0.01148	0.01837	0.01034	0.00919	0.01952	0.01608	0.02527	0.01378	0.01608	0.01148	0.00574	0.00574	0.00115	0.00574	0.00459	0.00459	0.77491
23	0.01464	0.01378	0.02326	0.70887	0.05340	0.01723	0.02153	0.01981	0.01550	0.01981	0.01378	0.02067	0.01034	0.00775	0.00775	0.00258	0.01034	0.00689	0.00345	0.00861
24	0.01608	0.01378	0.01608	0.01148	0.01837	0.01034	0.00919	0.01952	0.01608	0.02527	0.01378	0.01608	0.01148	0.00574	0.00574	0.00115	0.00574	0.00459	0.00459	0.77491
25	0.02947	0.02172	0.02327	0.01784	0.02404	0.02404	0.01474	0.65329	0.03646	0.04887	0.01862	0.01862	0.01319	0.00931	0.00776	0.00233	0.00853	0.00698	0.00776	0.01319
26	0.01567	0.01436	0.02320	0.58807	0.07328	0.01767	0.02059	0.05747	0.01658	0.02164	0.01421	0.02070	0.01091	0.00992	0.03400	0.00296	0.03912	0.00694	0.00374	0.00896
27	0.02896	0.02051	0.02231	0.01727	0.02321	0.02245	0.01419	0.58507	0.03458	0.08936	0.02044	0.04956	0.01523	0.00997	0.00785	0.00237	0.00823	0.00769	0.00785	0.01289
28	0.02949	0.01286	0.01682	0.01358	0.01872	0.01181	0.01096	0.03488	0.10522	0.51175	0.07529	0.07459	0.02555	0.01111	0.00804	0.00248	0.00620	0.00928	0.00915	0.01222
29	0.01712	0.01233	0.01436	0.01276	0.01627	0.01285	0.00988	0.02833	0.29029	0.09996	0.31523	0.04102	0.04464	0.01261	0.00836	0.00247	0.00508	0.01084	0.00824	0.03738
30	0.01097	0.00793	0.01036	0.00975	0.01158	0.00732	0.00732	0.01463	0.02195	0.03109	0.67505	0.05792	0.07316	0.01585	0.00914	0.00244	0.00366	0.01402	0.00854	0.00732
31	0.01608	0.01378	0.01608	0.01148	0.01837	0.01034	0.00919	0.01952	0.01608	0.02527	0.01378	0.01608	0.01148	0.00574	0.00574	0.00115	0.00574	0.00459	0.00459	0.77491
32	0.01683	0.01799	0.03617	0.29503	0.04476	0.01884	0.38212	0.02265	0.01697	0.02265	0.01474	0.02067	0.01115	0.00728	0.00923	0.00263	0.03875	0.00818	0.00372	0.00967
33	0.01108	0.00831	0.01246	0.01246	0.01385	0.00969	0.00969	0.01385	0.01246	0.01800	0.02077	0.03046	0.01938	0.05815	0.69678	0.01246	0.02077	0.00831	0.00415	0.00692
34	0.00998	0.00713	0.00961	0.01141	0.01209	0.00676	0.00813	0.01172	0.01537	0.02039	0.04244	0.61092	0.05011	0.02379	0.01004	0.00322	0.00496	0.12829	0.00719	0.00645
35	0.00979	0.00700	0.00935	0.01089	0.01157	0.00656	0.00753	0.01152	0.01578	0.02120	0.10995	0.61384	0.05321	0.02322	0.00986	0.00310	0.00457	0.05726	0.00734	0.00646
36	0.02073	0.73217	0.04063	0.01327	0.01990	0.03068	0.01327	0.02322	0.01575	0.01824	0.01078	0.01244	0.00995	0.00663	0.00498	0.00166	0.00829	0.00415	0.00332	0.00995
37	0.00945	0.00675	0.00900	0.01080	0.01125	0.00630	0.00720	0.01080	0.01484	0.01979	0.04274	0.72245	0.05128	0.02429	0.00990	0.00315	0.00450	0.02204	0.00720	0.00630
38	0.01108	0.00831	0.01246	0.01246	0.01385	0.00969	0.00969	0.01385	0.01246	0.01800	0.02077	0.03046	0.01938	0.05815	0.69678	0.01246	0.02077	0.00831	0.00415	0.00692
39	0.01489	0.01412	0.02331	0.63557	0.04988	0.01792	0.02105	0.01969	0.01512	0.01969	0.01340	0.02028	0.01032	0.00837	0.00964	0.00267	0.08518	0.00688	0.00344	0.00860
40	0.01214	0.00743	0.00995	0.01112	0.01216	0.00684	0.00764	0.01367	0.01563	0.09056	0.04144	0.64834	0.04787	0.02273	0.00967	0.00307	0.00472	0.02053	0.00745	0.00703
41	0.01830	0.02092	0.04575	0.03268	0.04052	0.01961	0.65098	0.02484	0.01830	0.02484	0.01569	0.02092	0.01176	0.00654	0.00915	0.00261	0.01307	0.00915	0.00392	0.01046
42	0.02947	0.02172	0.02327	0.01784	0.02404	0.02404	0.01474	0.65329	0.03646	0.04887	0.01862	0.01862	0.01319	0.00931	0.00776	0.00233	0.00853	0.00698	0.00776	0.01319
43	0.78228	0.01499	0.01140	0.01020	0.01499	0.01739	0.00840	0.02279	0.01320	0.03479	0.01080	0.01260	0.00840	0.00720	0.00480	0.00240	0.00600	0.00420	0.00480	0.00840
44	0.01555	0.04011	0.68733	0.02210	0.03356	0.01801	0.02865	0.02455	0.01637	0.02455	0.01391	0.01637	0.00982	0.00737	0.00737	0.00246	0.01146	0.00573	0.00327	0.01146
45	0.03273	0.01271	0.01730	0.01350	0.01909	0.01101	0.01105	0.03569	0.02188	0.62926	0.05895	0.05603	0.02283	0.01046	0.00794	0.00243	0.00639	0.00865	0.00945	0.01266
46	0.01591	0.08839	0.64222	0.02148	0.03261	0.01889	0.02757	0.02446	0.01633	0.02411	0.01370	0.01610	0.00983	0.00732	0.00720	0.00240	0.01124	0.00562	0.00328	0.01135
47	0.01641	0.11350	0.54854	0.02226	0.03281	0.01956	0.09323	0.02444	0.01651	0.02390	0.01376	0.01643	0.01004	0.00720	0.00730	0.00239	0.01129	0.00592	0.00335	0.01119
48	0.02748	0.05990	0.01811	0.01309	0.01848	0.01240	0.01075	0.03164	0.05918	0.43765	0.09893	0.05112	0.02504	0.01022	0.00762	0.00226	0.00620	0.00843	0.00835	0.09314

[dist]
# distance from previous block
# <min> <max>
0	10

[block]
# block no. 2 follows, 25 sequences, length 31
# corresponding to MSA columns:
# 143-173
name=unknown_C
#
# <colnr> <probs for GDERKNQSTAVLIFYWHMCP>
#	G	D	E	R	K	N	Q	S	T	A	V	L	I	F	Y	W	H	M	C	P
0	0.13545	0.43527	0.08296	0.01417	0.02041	0.05225	0.01380	0.02483	0.01614	0.08881	0.01305	0.01447	0.01066	0.00747	0.00650	0.00200	0.04268	0.00481	0.00420	0.01006
1	0.01574	0.01110	0.04239	0.01071	0.01438	0.00919	0.00883	0.02014	0.06976	0.15657	0.18740	0.05526	0.33718	0.01557	0.00871	0.00253	0.00492	0.01308	0.00783	0.00871
2	0.06291	0.06368	0.02099	0.01527	0.02117	0.04594	0.01263	0.24572	0.07568	0.28333	0.02278	0.02137	0.01563	0.00901	0.00734	0.00226	0.00756	0.00692	0.00773	0.05209
3	0.01128	0.00752	0.00846	0.00846	0.00846	0.00752	0.00470	0.01128	0.01128	0.01503	0.02443	0.05074	0.02819	0.72751	0.03946	0.00752	0.00752	0.01128	0.00470	0.00470
4	0.01664	0.13795	0.51456	0.02213	0.03244	0.02004	0.10318	0.02440	0.01652	0.02368	0.01368	0.01636	0.01008	0.00716	0.00724	0.00236	0.01120	0.00592	0.00336	0.01112
5	0.01108	0.00831	0.01246	0.01246	0.01385	0.00969	0.00969	0.01385	0.01246	0.01800	0.02077	0.03046	0.01938	0.05815	0.69678	0.01246	0.02077	0.00831	0.00415	0.00692
6	0.01608	0.01378	0.01608	0.01148	0.01837	0.01034	0.00919	0.01952	0.01608	0.02527	0.01378	0.01608	0.01148	0.00574	0.00574	0.00115	0.00574	0.00459	0.00459	0.77491
7	0.01555	0.04011	0.68733	0.02210	0.03356	0.01801	0.02865	0.02455	0.01637	0.02455	0.01391	0.01637	0.00982	0.00737	0.00737	0.00246	0.01146	0.00573	0.00327	0.01146
8	0.01507	0.01422	0.02403	0.64669	0.11224	0.01734	0.02175	0.02019	0.01571	0.02033	0.01386	0.02053	0.01052	0.00767	0.00774	0.00256	0.01023	0.00689	0.00348	0.00896
9	0.02915	0.02112	0.02277	0.01758	0.02368	0.02331	0.01448	0.59756	0.06856	0.07272	0.01975	0.01945	0.01396	0.00938	0.00776	0.00235	0.00833	0.00711	0.00783	0.01314
10	0.03085	0.01407	0.01788	0.01430	0.01989	0.01340	0.01162	0.03865	0.18558	0.51880	0.03084	0.02704	0.02033	0.00983	0.00782	0.00246	0.00648	0.00804	0.00916	0.01296
11	0.02947	0.02172	0.02327	0.01784	0.02404	0.02404	0.01474	0.65329	0.03646	0.04887	0.01862	0.01862	0.01319	0.00931	0.00776	0.00233	0.00853	0.00698	0.00776	0.01319
12	0.01464	0.01378	0.02326	0.70887	0.05340	0.01723	0.02153	0.01981	0.01550	0.01981	0.01378	0.02067	0.01034	0.00775	0.00775	0.00258	0.01034	0.00689	0.00345	0.00861
13	0.03479	0.01320	0.01799	0.01380	0.01979	0.01140	0.01140	0.03779	0.02219	0.68451	0.03059	0.02639	0.01919	0.00960	0.00780	0.00240	0.00660	0.00780	0.00960	0.01320
14	0.02896	0.03695	0.02197	0.01998	0.02397	0.69638	0.01498	0.03096	0.02197	0.01898	0.01199	0.01398	0.00999	0.00799	0.00699	0.00200	0.01398	0.00499	0.00400	0.00899
15	0.01929	0.01666	0.01753	0.01578	0.02016	0.01929	0.01227	0.04120	0.66513	0.03243	0.03156	0.02893	0.02367	0.01052	0.00789	0.00263	0.00614	0.00877	0.00789	0.01227
16	0.01097	0.00793	0.01036	0.00975	0.01158	0.00732	0.00732	0.01463	0.02195	0.03109	0.67505	0.05792	0.07316	0.01585	0.00914	0.00244	0.00366	0.01402	0.00854	0.00732
17	0.01464	0.01378	0.02326	0.70887	0.05340	0.01723	0.02153	0.01981	0.01550	0.01981	0.01378	0.02067	0.01034	0.00775	0.00775	0.00258	0.01034	0.00689	0.00345	0.00861
18	0.52648	0.01478	0.01390	0.01162	0.01684	0.01594	0.00958	0.05714	0.01695	0.22673	0.01699	0.01694	0.01180	0.00800	0.00582	0.00240	0.00629	0.00539	0.00635	0.01004
19	0.01128	0.00752	0.00846	0.00846	0.00846	0.00752	0.00470	0.01128	0.01128	0.01503	0.02443	0.05074	0.02819	0.72751	0.03946	0.00752	0.00752	0.01128	0.00470	0.00470
20	0.01696	0.01696	0.02375	0.02036	0.02036	0.02375	0.01696	0.01866	0.01187	0.01866	0.01018	0.01696	0.01018	0.01357	0.02545	0.00339	0.71332	0.00679	0.00339	0.00848
21	0.01696	0.01696	0.02375	0.02036	0.02036	0.02375	0.01696	0.01866	0.01187	0.01866	0.01018	0.01696	0.01018	0.01357	0.02545	0.00339	0.71332	0.00679	0.00339	0.00848
22	0.01576	0.03862	0.63769	0.02292	0.03410	0.01813	0.07680	0.02458	0.01652	0.02458	0.01405	0.01672	0.00997	0.00730	0.00750	0.00247	0.01158	0.00599	0.00332	0.01138
23	0.01555	0.04011	0.68733	0.02210	0.03356	0.01801	0.02865	0.02455	0.01637	0.02455	0.01391	0.01637	0.00982	0.00737	0.00737	0.00246	0.01146	0.00573	0.00327	0.01146
24	0.01757	0.01673	0.02279	0.01938	0.02020	0.02247	0.01608	0.06753	0.01397	0.02122	0.01156	0.01780	0.01097	0.01540	0.06051	0.00372	0.59262	0.00680	0.00382	0.03885
25	0.01183	0.00845	0.01173	0.01352	0.01501	0.00835	0.01134	0.01491	0.01719	0.02246	0.04142	0.22600	0.04608	0.02205	0.01053	0.00348	0.00656	0.49498	0.00715	0.00696
26	0.01555	0.04011	0.68733	0.02210	0.03356	0.01801	0.02865	0.02455	0.01637	0.02455	0.01391	0.01637	0.00982	0.00737	0.00737	0.00246	0.01146	0.00573	0.00327	0.01146
27	0.01605	0.01838	0.08902	0.39365	0.08127	0.01774	0.19698	0.02184	0.01650	0.02217	0.01437	0.02008	0.01084	0.00725	0.00802	0.00251	0.01094	0.00732	0.00363	0.04144
28	0.01176	0.00801	0.01017	0.00985	0.01181	0.00725	0.00730	0.01474	0.02013	0.06387	0.44227	0.16774	0.16096	0.01748	0.00920	0.00258	0.00400	0.01536	0.00817	0.00735
29	0.01671	0.07324	0.08781	0.01958	0.02317	0.02023	0.09620	0.02014	0.01472	0.02177	0.06318	0.02012	0.01537	0.01075	0.01635	0.00271	0.36000	0.00706	0.00399	0.10689
30	0.09176	0.05538	0.30438	0.01761	0.02549	0.01813	0.01892	0.17487	0.02118	0.08180	0.01823	0.07413	0.01464	0.00926	0.00729	0.00238	0.00894	0.00725	0.00535	0.04298

[dist]
# distance from previous block
# <min> <max>
3	8

[block]
# block no. 3 follows, 25 sequences, length 35
# corresponding to MSA columns:
# 182-216
name=unknown_D
#
# <colnr> <probs for GDERKNQSTAVLIFYWHMCP>
#	G	D	E	R	K	N	Q	S	T	A	V	L	I	F	Y	W	H	M	C	P
0	0.08701	0.08885	0.30680	0.05731	0.02817	0.01892	0.04979	0.09965	0.06190	0.02800	0.01804	0.01982	0.04077	0.00816	0.00710	0.00232	0.00932	0.00644	0.00456	0.05707
1	0.07472	0.10544	0.12346	0.01602	0.02265	0.05707	0.01490	0.20277	0.07552	0.11651	0.01987	0.02002	0.03127	0.00858	0.00700	0.00219	0.00826	0.00645	0.00609	0.08121
2	0.01770	0.01435	0.01585	0.01473	0.01838	0.01590	0.01168	0.10851	0.36360	0.03084	0.03605	0.10758	0.07548	0.01426	0.00865	0.00281	0.00630	0.11921	0.00763	0.01050
3	0.01748	0.01461	0.01683	0.01215	0.01897	0.01177	0.00977	0.08566	0.01820	0.02773	0.01429	0.01634	0.01166	0.00611	0.00595	0.00127	0.00603	0.00484	0.00492	0.69541
4	0.00981	0.00705	0.00889	0.01008	0.01075	0.00658	0.00668	0.01114	0.01497	0.01982	0.08140	0.51413	0.10724	0.13601	0.01452	0.00376	0.00488	0.01930	0.00688	0.00613
5	0.01464	0.01378	0.02326	0.70887	0.05340	0.01723	0.02153	0.01981	0.01550	0.01981	0.01378	0.02067	0.01034	0.00775	0.00775	0.00258	0.01034	0.00689	0.00345	0.00861
6	0.01128	0.00752	0.00846	0.00846	0.00846	0.00752	0.00470	0.01128	0.01128	0.01503	0.02443	0.05074	0.02819	0.72751	0.03946	0.00752	0.00752	0.01128	0.00470	0.00470
7	0.01003	0.00725	0.00925	0.01020	0.01113	0.00675	0.00704	0.01186	0.01634	0.02191	0.17663	0.43467	0.11044	0.09235	0.01266	0.00340	0.00466	0.03980	0.00723	0.00640
8	0.01128	0.00752	0.00846	0.00846	0.00846	0.00752	0.00470	0.01128	0.01128	0.01503	0.02443	0.05074	0.02819	0.72751	0.03946	0.00752	0.00752	0.01128	0.00470	0.00470
9	0.02896	0.03695	0.02197	0.01998	0.02397	0.69638	0.01498	0.03096	0.02197	0.01898	0.01199	0.01398	0.00999	0.00799	0.00699	0.00200	0.01398	0.00499	0.00400	0.00899
10	0.00945	0.00675	0.00900	0.01080	0.01125	0.00630	0.00720	0.01080	0.01484	0.01979	0.04274	0.72245	0.05128	0.02429	0.00990	0.00315	0.00450	0.02204	0.00720	0.00630
11	0.02906	0.02151	0.02304	0.01776	0.02389	0.02385	0.01464	0.62853	0.06189	0.04820	0.01914	0.01903	0.01361	0.00936	0.00776	0.00234	0.00844	0.00705	0.00776	0.01315
12	0.08626	0.02264	0.02225	0.01746	0.02335	0.08662	0.01428	0.54730	0.03334	0.04500	0.01740	0.01773	0.01252	0.00902	0.00746	0.00230	0.00885	0.00658	0.00718	0.01243
13	0.00935	0.00786	0.00811	0.00805	0.01059	0.00662	0.00604	0.01148	0.01811	0.02198	0.13919	0.07292	0.61471	0.01925	0.00916	0.00260	0.00390	0.01613	0.00734	0.00662
14	0.01608	0.01378	0.01608	0.01148	0.01837	0.01034	0.00919	0.01952	0.01608	0.02527	0.01378	0.01608	0.01148	0.00574	0.00574	0.00115	0.00574	0.00459	0.00459	0.77491
15	0.01588	0.07755	0.60971	0.02095	0.03186	0.01825	0.02659	0.02417	0.01632	0.02424	0.01373	0.01613	0.00993	0.00723	0.00713	0.00233	0.01093	0.00557	0.00336	0.05815
16	0.06675	0.60193	0.11948	0.01418	0.02130	0.02829	0.01489	0.02336	0.01567	0.02004	0.01117	0.01294	0.00984	0.00676	0.00526	0.00180	0.00855	0.00435	0.00340	0.01004
17	0.01555	0.04011	0.68733	0.02210	0.03356	0.01801	0.02865	0.02455	0.01637	0.02455	0.01391	0.01637	0.00982	0.00737	0.00737	0.00246	0.01146	0.00573	0.00327	0.01146
18	0.00953	0.00681	0.00907	0.01074	0.01126	0.00635	0.00720	0.01101	0.01524	0.02042	0.07798	0.68541	0.05250	0.02382	0.00985	0.00311	0.00445	0.02160	0.00727	0.00635
19	0.00942	0.00687	0.00887	0.01048	0.01116	0.00632	0.00706	0.01083	0.01515	0.01992	0.04661	0.65238	0.11885	0.02379	0.00982	0.00309	0.00444	0.02143	0.00720	0.00632
20	0.02890	0.02143	0.02295	0.01772	0.02383	0.02378	0.01460	0.61874	0.07194	0.04794	0.01935	0.01920	0.01378	0.00938	0.00776	0.00234	0.00840	0.00708	0.00776	0.01313
21	0.02659	0.02028	0.02164	0.01726	0.02294	0.02270	0.01404	0.47974	0.21471	0.04421	0.02229	0.02154	0.01616	0.00965	0.00779	0.00241	0.00785	0.00749	0.00779	0.01293
22	0.03479	0.01320	0.01799	0.01380	0.01979	0.01140	0.01140	0.03779	0.02219	0.68451	0.03059	0.02639	0.01919	0.00960	0.00780	0.00240	0.00660	0.00780	0.00960	0.01320
23	0.01555	0.04011	0.68733	0.02210	0.03356	0.01801	0.02865	0.02455	0.01637	0.02455	0.01391	0.01637	0.00982	0.00737	0.00737	0.00246	0.01146	0.00573	0.00327	0.01146
24	0.00945	0.00675	0.00900	0.01080	0.01125	0.00630	0.00720	0.01080	0.01484	0.01979	0.04274	0.72245	0.05128	0.02429	0.00990	0.00315	0.00450	0.02204	0.00720	0.00630
25	0.01464	0.01378	0.02326	0.70887	0.05340	0.01723	0.02153	0.01981	0.01550	0.01981	0.01378	0.02067	0.01034	0.00775	0.00775	0.00258	0.01034	0.00689	0.00345	0.00861
26	0.00948	0.00694	0.00892	0.01038	0.01117	0.00638	0.00704	0.01102	0.01554	0.02048	0.07734	0.60999	0.13023	0.02331	0.00977	0.00305	0.00439	0.02095	0.00726	0.00638
27	0.01109	0.00825	0.01215	0.01215	0.01342	0.00952	0.00930	0.01364	0.01237	0.01777	0.02105	0.03205	0.02007	0.11051	0.64537	0.01207	0.01973	0.00854	0.00420	0.00675
28	0.01464	0.01378	0.02326	0.70887	0.05340	0.01723	0.02153	0.01981	0.01550	0.01981	0.01378	0.02067	0.01034	0.00775	0.00775	0.00258	0.01034	0.00689	0.00345	0.00861
29	0.01823	0.02037	0.07607	0.05222	0.08062	0.02103	0.28293	0.05848	0.01682	0.02389	0.01366	0.01897	0.01115	0.00928	0.01449	0.00284	0.25725	0.00773	0.00389	0.01006
30	0.02098	0.02174	0.04282	0.11920	0.06940	0.02065	0.51191	0.02597	0.01973	0.02697	0.01859	0.02515	0.01473	0.00897	0.01019	0.00319	0.01330	0.00965	0.00501	0.01187
31	0.01003	0.04807	0.01002	0.00848	0.01116	0.00797	0.00652	0.01221	0.01798	0.02197	0.14512	0.09097	0.54566	0.01862	0.00895	0.00256	0.00416	0.01560	0.00714	0.00682
32	0.01972	0.42368	0.16269	0.05490	0.02565	0.05174	0.05247	0.02391	0.01647	0.04078	0.01267	0.01485	0.01043	0.00692	0.00604	0.00192	0.00931	0.00506	0.00365	0.05713
33	0.06493	0.14976	0.43823	0.01887	0.02824	0.05718	0.02234	0.02484	0.01660	0.05036	0.01376	0.01574	0.01023	0.00727	0.00672	0.00222	0.01023	0.00535	0.00374	0.05337
34	0.03117	0.04403	0.06211	0.01457	0.02065	0.01323	0.01279	0.03448	0.02072	0.54918	0.02684	0.02421	0.01738	0.00938	0.00855	0.00237	0.04620	0.00732	0.00837	0.04644

[dist]
# distance from previous block
# <min> <max>
0	6

[block]
# block no. 4 follows, 25 sequences, length 22
# corresponding to MSA columns:
# 223-244
name=unknown_E
#
# <colnr> <probs for GDERKNQSTAVLIFYWHMCP>
#	G	D	E	R	K	N	Q	S	T	A	V	L	I	F	Y	W	H	M	C	P
0	0.17322	0.01841	0.04352	0.01521	0.02062	0.01921	0.01274	0.33112	0.08609	0.09656	0.04672	0.06449	0.01838	0.01016	0.00737	0.00244	0.00731	0.00785	0.00718	0.01144
1	0.23000	0.29404	0.12177	0.01388	0.02024	0.02167	0.01383	0.02474	0.01607	0.11048	0.03699	0.01659	0.01292	0.00782	0.00644	0.00216	0.03035	0.00529	0.00471	0.01002
2	0.05071	0.33754	0.19094	0.01836	0.05128	0.11511	0.03961	0.02580	0.03527	0.05087	0.01348	0.01525	0.01082	0.00726	0.00628	0.00204	0.00980	0.00522	0.00390	0.01044
3	0.01767	0.07485	0.21009	0.04509	0.03158	0.01892	0.23656	0.02343	0.01655	0.04381	0.01434	0.01813	0.01107	0.00765	0.00983	0.00240	0.09653	0.00687	0.00389	0.11074
4	0.52567	0.10054	0.01837	0.09308	0.02163	0.01945	0.03721	0.06101	0.01539	0.03154	0.01182	0.01422	0.00924	0.00730	0.00552	0.00234	0.00722	0.00488	0.00461	0.00898
5	0.00988	0.00734	0.01020	0.06956	0.01479	0.00722	0.00840	0.01156	0.01490	0.01979	0.04030	0.66337	0.04784	0.02290	0.00972	0.00310	0.00499	0.02077	0.00688	0.00649
6	0.01696	0.01696	0.02375	0.02036	0.02036	0.02375	0.01696	0.01866	0.01187	0.01866	0.01018	0.01696	0.01018	0.01357	0.02545	0.00339	0.71332	0.00679	0.00339	0.00848
7	0.01464	0.01378	0.02326	0.70887	0.05340	0.01723	0.02153	0.01981	0.01550	0.01981	0.01378	0.02067	0.01034	0.00775	0.00775	0.00258	0.01034	0.00689	0.00345	0.00861
8	0.00916	0.00785	0.00785	0.00785	0.01047	0.00655	0.00589	0.01113	0.01767	0.02095	0.07855	0.07462	0.67599	0.01964	0.00916	0.00262	0.00393	0.01636	0.00720	0.00655
9	0.02896	0.03695	0.02197	0.01998	0.02397	0.69638	0.01498	0.03096	0.02197	0.01898	0.01199	0.01398	0.00999	0.00799	0.00699	0.00200	0.01398	0.00499	0.00400	0.00899
10	0.01045	0.00790	0.00963	0.00920	0.01126	0.00709	0.00690	0.01361	0.02070	0.02813	0.50088	0.06279	0.24918	0.01696	0.00915	0.00249	0.00374	0.01471	0.00815	0.00709
11	0.01167	0.00918	0.01360	0.01326	0.01450	0.01111	0.01042	0.01433	0.01240	0.01807	0.01970	0.02910	0.01846	0.05366	0.62920	0.01155	0.09048	0.00815	0.00408	0.00708
12	0.01555	0.04011	0.68733	0.02210	0.03356	0.01801	0.02865	0.02455	0.01637	0.02455	0.01391	0.01637	0.00982	0.00737	0.00737	0.00246	0.01146	0.00573	0.00327	0.01146
13	0.01083	0.00792	0.01017	0.00960	0.01150	0.00726	0.00720	0.01436	0.02161	0.03029	0.62801	0.05924	0.12070	0.01615	0.00915	0.00245	0.00368	0.01421	0.00843	0.00726
14	0.00960	0.00687	0.00913	0.01069	0.01128	0.00640	0.00721	0.01118	0.01556	0.02093	0.10639	0.65555	0.05348	0.02344	0.00982	0.00308	0.00441	0.02123	0.00733	0.00640
15	0.01919	0.01842	0.03147	0.04759	0.67914	0.01842	0.02380	0.02380	0.01765	0.02533	0.01458	0.01919	0.01228	0.00691	0.00768	0.00230	0.00921	0.00691	0.00384	0.01228
16	0.01872	0.01286	0.01562	0.01172	0.01774	0.01009	0.00934	0.02201	0.01762	0.14447	0.07379	0.05352	0.01987	0.00813	0.00659	0.00157	0.00566	0.00676	0.00595	0.53795
17	0.01536	0.01299	0.01529	0.01131	0.01750	0.00991	0.00894	0.01874	0.01652	0.02552	0.07069	0.04989	0.01838	0.00739	0.00621	0.00134	0.00551	0.00614	0.00504	0.67733
18	0.01549	0.01533	0.02740	0.53115	0.04845	0.01818	0.13606	0.02064	0.01573	0.02064	0.01384	0.02042	0.01058	0.00799	0.00940	0.00265	0.06628	0.00729	0.00353	0.00894
19	0.08618	0.01534	0.04313	0.01360	0.02026	0.01244	0.03978	0.04894	0.01835	0.20361	0.01831	0.01887	0.01330	0.00713	0.00651	0.00175	0.00665	0.00576	0.00599	0.41410
20	0.62880	0.01550	0.01354	0.06601	0.01896	0.01799	0.01010	0.07310	0.04402	0.03462	0.01257	0.01443	0.00960	0.00755	0.00540	0.00242	0.00655	0.00483	0.00506	0.00896
21	0.01839	0.02066	0.04431	0.03418	0.10481	0.01949	0.58785	0.02473	0.01824	0.02489	0.01558	0.02074	0.01182	0.00657	0.00900	0.00258	0.01268	0.00892	0.00391	0.01064

[dist]
# distance from previous block
# <min> <max>
0	1

[block]
# block no. 5 follows, 25 sequences, length 49
# corresponding to MSA columns:
# 246-294
name=unknown_F
#
# <colnr> <probs for GDERKNQSTAVLIFYWHMCP>
#	G	D	E	R	K	N	Q	S	T	A	V	L	I	F	Y	W	H	M	C	P
0	0.00945	0.00675	0.00900	0.01080	0.01125	0.00630	0.00720	0.01080	0.01484	0.01979	0.04274	0.72245	0.05128	0.02429	0.00990	0.00315	0.00450	0.02204	0.00720	0.00630
1	0.00916	0.00785	0.00785	0.00785	0.01047	0.00655	0.00589	0.01113	0.01767	0.02095	0.07855	0.07462	0.67599	0.01964	0.00916	0.00262	0.00393	0.01636	0.00720	0.00655
2	0.01929	0.01666	0.01753	0.01578	0.02016	0.01929	0.01227	0.04120	0.66513	0.03243	0.03156	0.02893	0.02367	0.01052	0.00789	0.00263	0.00614	0.00877	0.00789	0.01227
3	0.01687	0.01812	0.03695	0.29721	0.04556	0.01868	0.40473	0.02287	0.01721	0.02287	0.01494	0.02082	0.01121	0.00701	0.00860	0.00260	0.01200	0.00827	0.00374	0.00974
4	0.00945	0.00675	0.00900	0.01080	0.01125	0.00630	0.00720	0.01080	0.01484	0.01979	0.04274	0.72245	0.05128	0.02429	0.00990	0.00315	0.00450	0.02204	0.00720	0.00630
5	0.00945	0.00675	0.00900	0.01080	0.01125	0.00630	0.00720	0.01080	0.01484	0.01979	0.04274	0.72245	0.05128	0.02429	0.00990	0.00315	0.00450	0.02204	0.00720	0.00630
6	0.02073	0.73217	0.04063	0.01327	0.01990	0.03068	0.01327	0.02322	0.01575	0.01824	0.01078	0.01244	0.00995	0.00663	0.00498	0.00166	0.00829	0.00415	0.00332	0.00995
7	0.01929	0.01666	0.01753	0.01578	0.02016	0.01929	0.01227	0.04120	0.66513	0.03243	0.03156	0.02893	0.02367	0.01052	0.00789	0.00263	0.00614	0.00877	0.00789	0.01227
8	0.01464	0.01378	0.02326	0.70887	0.05340	0.01723	0.02153	0.01981	0.01550	0.01981	0.01378	0.02067	0.01034	0.00775	0.00775	0.00258	0.01034	0.00689	0.00345	0.00861
9	0.00945	0.00675	0.00900	0.01080	0.01125	0.00630	0.00720	0.01080	0.01484	0.01979	0.04274	0.72245	0.05128	0.02429	0.00990	0.00315	0.00450	0.02204	0.00720	0.00630
10	0.01097	0.00793	0.01036	0.00975	0.01158	0.00732	0.00732	0.01463	0.02195	0.03109	0.67505	0.05792	0.07316	0.01585	0.00914	0.00244	0.00366	0.01402	0.00854	0.00732
11	0.01598	0.01526	0.02492	0.48916	0.04437	0.01904	0.06401	0.04528	0.01577	0.02108	0.01335	0.01982	0.01052	0.00896	0.01158	0.00275	0.15860	0.00703	0.00364	0.00890
12	0.01696	0.01696	0.02375	0.02036	0.02036	0.02375	0.01696	0.01866	0.01187	0.01866	0.01018	0.01696	0.01018	0.01357	0.02545	0.00339	0.71332	0.00679	0.00339	0.00848
13	0.02839	0.08523	0.02327	0.01951	0.02369	0.65015	0.01486	0.03042	0.02154	0.01893	0.01190	0.01388	0.00998	0.00790	0.00685	0.00197	0.01359	0.00493	0.00395	0.00906
14	0.02686	0.01453	0.01755	0.01459	0.01966	0.01472	0.01177	0.06776	0.26367	0.35584	0.05695	0.03066	0.02377	0.01065	0.00800	0.00253	0.00642	0.03296	0.00873	0.01237
15	0.02759	0.02078	0.02221	0.01746	0.02333	0.02317	0.01428	0.54022	0.15259	0.04583	0.02101	0.02052	0.01512	0.00953	0.00778	0.00238	0.00809	0.00731	0.00778	0.01302
16	0.07111	0.01656	0.02386	0.43910	0.08477	0.04338	0.04495	0.11061	0.01866	0.02546	0.01418	0.01934	0.01077	0.00807	0.00827	0.00253	0.03787	0.00674	0.00421	0.00957
17	0.01347	0.00673	0.01010	0.01010	0.01010	0.00673	0.00673	0.01010	0.01010	0.01347	0.01347	0.02357	0.01347	0.02694	0.03030	0.77441	0.00673	0.00673	0.00337	0.00337
18	0.01555	0.04011	0.68733	0.02210	0.03356	0.01801	0.02865	0.02455	0.01637	0.02455	0.01391	0.01637	0.00982	0.00737	0.00737	0.00246	0.01146	0.00573	0.00327	0.01146
19	0.02947	0.02172	0.02327	0.01784	0.02404	0.02404	0.01474	0.65329	0.03646	0.04887	0.01862	0.01862	0.01319	0.00931	0.00776	0.00233	0.00853	0.00698	0.00776	0.01319
20	0.01128	0.00752	0.00846	0.00846	0.00846	0.00752	0.00470	0.01128	0.01128	0.01503	0.02443	0.05074	0.02819	0.72751	0.03946	0.00752	0.00752	0.01128	0.00470	0.00470
21	0.02073	0.73217	0.04063	0.01327	0.01990	0.03068	0.01327	0.02322	0.01575	0.01824	0.01078	0.01244	0.00995	0.00663	0.00498	0.00166	0.00829	0.00415	0.00332	0.00995
22	0.01208	0.00817	0.01072	0.00994	0.01197	0.00751	0.00751	0.01571	0.02196	0.06152	0.64504	0.05645	0.07065	0.01556	0.00908	0.00244	0.00379	0.01373	0.00858	0.00759
23	0.02947	0.02172	0.02327	0.01784	0.02404	0.02404	0.01474	0.65329	0.03646	0.04887	0.01862	0.01862	0.01319	0.00931	0.00776	0.00233	0.00853	0.00698	0.00776	0.01319
24	0.01567	0.01335	0.01564	0.01144	0.01794	0.01009	0.00907	0.01899	0.01600	0.02493	0.01556	0.05937	0.01392	0.00688	0.00600	0.00127	0.00567	0.00566	0.00475	0.72780
25	0.03479	0.01320	0.01799	0.01380	0.01979	0.01140	0.01140	0.03779	0.02219	0.68451	0.03059	0.02639	0.01919	0.00960	0.00780	0.00240	0.00660	0.00780	0.00960	0.01320
26	0.01249	0.00829	0.01070	0.00989	0.01207	0.00754	0.00749	0.01596	0.02163	0.07567	0.58347	0.05704	0.11674	0.01571	0.00905	0.00245	0.00388	0.01377	0.00850	0.00766
27	0.00945	0.00675	0.00900	0.01080	0.01125	0.00630	0.00720	0.01080	0.01484	0.01979	0.04274	0.72245	0.05128	0.02429	0.00990	0.00315	0.00450	0.02204	0.00720	0.00630
28	0.01464	0.01378	0.02326	0.70887	0.05340	0.01723	0.02153	0.01981	0.01550	0.01981	0.01378	0.02067	0.01034	0.00775	0.00775	0.00258	0.01034	0.00689	0.00345	0.00861
29	0.01347	0.00673	0.01010	0.01010	0.01010	0.00673	0.00673	0.01010	0.01010	0.01347	0.01347	0.02357	0.01347	0.02694	0.03030	0.77441	0.00673	0.00673	0.00337	0.00337
30	0.01973	0.01687	0.01778	0.01587	0.02033	0.01949	0.01238	0.06762	0.63799	0.03314	0.03100	0.02848	0.02322	0.01047	0.00788	0.00262	0.00624	0.00869	0.00788	0.01231
31	0.01522	0.01471	0.02480	0.56476	0.04777	0.01833	0.06221	0.01997	0.01516	0.01997	0.01338	0.02015	0.01041	0.00851	0.01041	0.00270	0.11231	0.00702	0.00347	0.00872
32	0.01669	0.19274	0.54470	0.02015	0.03055	0.02080	0.02526	0.02426	0.01623	0.02316	0.01322	0.01550	0.00985	0.00720	0.00684	0.00228	0.01076	0.00538	0.00328	0.01113
33	0.20924	0.01524	0.02175	0.34220	0.14867	0.01819	0.01811	0.02113	0.01490	0.02442	0.01277	0.01797	0.01017	0.00811	0.00894	0.00258	0.08639	0.00620	0.00385	0.00918
34	0.01180	0.00912	0.01236	0.08008	0.01679	0.00970	0.00973	0.05186	0.01653	0.02228	0.08014	0.51693	0.04369	0.02045	0.01055	0.00301	0.05308	0.01805	0.00670	0.00716
35	0.01832	0.01511	0.01728	0.01255	0.01933	0.01263	0.01012	0.12573	0.01949	0.02922	0.01459	0.01650	0.01177	0.00634	0.00608	0.00135	0.00621	0.00499	0.00512	0.64725
36	0.02896	0.03695	0.02197	0.01998	0.02397	0.69638	0.01498	0.03096	0.02197	0.01898	0.01199	0.01398	0.00999	0.00799	0.00699	0.00200	0.01398	0.00499	0.00400	0.00899
37	0.01342	0.01181	0.01693	0.01564	0.01638	0.01532	0.01255	0.01564	0.01238	0.01840	0.01788	0.07288	0.01776	0.03721	0.36916	0.00803	0.30841	0.00863	0.00405	0.00753
38	0.78228	0.01499	0.01140	0.01020	0.01499	0.01739	0.00840	0.02279	0.01320	0.03479	0.01080	0.01260	0.00840	0.00720	0.00480	0.00240	0.00600	0.00420	0.00480	0.00840
39	0.00945	0.00675	0.00900	0.01080	0.01125	0.00630	0.00720	0.01080	0.01484	0.01979	0.04274	0.72245	0.05128	0.02429	0.00990	0.00315	0.00450	0.02204	0.00720	0.00630
40	0.03479	0.01320	0.01799	0.01380	0.01979	0.01140	0.01140	0.03779	0.02219	0.68451	0.03059	0.02639	0.01919	0.00960	0.00780	0.00240	0.00660	0.00780	0.00960	0.01320
41	0.01078	0.00787	0.01013	0.00966	0.01149	0.00722	0.00721	0.01423	0.02136	0.02992	0.60757	0.08575	0.11485	0.01646	0.00918	0.00248	0.00371	0.01451	0.00839	0.00722
42	0.01555	0.04011	0.68733	0.02210	0.03356	0.01801	0.02865	0.02455	0.01637	0.02455	0.01391	0.01637	0.00982	0.00737	0.00737	0.00246	0.01146	0.00573	0.00327	0.01146
43	0.01097	0.00793	0.01036	0.00975	0.01158	0.00732	0.00732	0.01463	0.02195	0.03109	0.67505	0.05792	0.07316	0.01585	0.00914	0.00244	0.00366	0.01402	0.00854	0.00732
44	0.01091	0.00893	0.01445	0.01381	0.01549	0.00834	0.09963	0.01330	0.01624	0.02195	0.11914	0.53736	0.04839	0.02067	0.00969	0.00298	0.00562	0.01917	0.00690	0.00702
45	0.01696	0.01690	0.02441	0.02026	0.02148	0.02211	0.05781	0.01915	0.01272	0.01974	0.01091	0.01713	0.01042	0.01231	0.02237	0.00311	0.59524	0.00672	0.00355	0.08669
46	0.00972	0.00695	0.00929	0.01097	0.01158	0.00652	0.00755	0.01133	0.01539	0.02058	0.07395	0.64782	0.05193	0.02368	0.00991	0.00314	0.00463	0.06138	0.00726	0.00640
47	0.06490	0.06154	0.02295	0.02096	0.06626	0.54017	0.01523	0.05404	0.02121	0.02132	0.01225	0.01448	0.01019	0.00808	0.00754	0.00209	0.03811	0.00519	0.00412	0.00936
48	0.05525	0.01834	0.03554	0.17119	0.08423	0.01855	0.37574	0.02301	0.01699	0.02406	0.01460	0.01985	0.01125	0.00713	0.00909	0.00252	0.04404	0.00789	0.00388	0.05686

[dist]
# distance from previous block
# <min> <max>
0	1

[block]
# block no. 6 follows, 25 sequences, length 161
# corresponding to MSA columns:
# 296-456
name=unknown_G
#
# <colnr> <probs for GDERKNQSTAVLIFYWHMCP>
#	G	D	E	R	K	N	Q	S	T	A	V	L	I	F	Y	W	H	M	C	P
0	0.02011	0.01776	0.01795	0.01605	0.02048	0.04982	0.01249	0.06435	0.61205	0.03247	0.03018	0.02786	0.02265	0.01036	0.00784	0.00259	0.00658	0.00853	0.00771	0.01216
1	0.01769	0.01385	0.01648	0.03664	0.01960	0.01144	0.01005	0.07134	0.01797	0.06464	0.01736	0.07115	0.01508	0.00775	0.00641	0.00152	0.00608	0.00639	0.00530	0.58325
2	0.01692	0.01445	0.02228	0.40704	0.03913	0.01721	0.04093	0.05170	0.04871	0.06089	0.04539	0.02273	0.01488	0.01096	0.03639	0.00298	0.09671	0.00739	0.00454	0.03876
3	0.01780	0.01869	0.02785	0.02268	0.02437	0.05584	0.13742	0.02044	0.01359	0.01985	0.01131	0.01757	0.01047	0.01196	0.02144	0.00318	0.54599	0.00715	0.00352	0.00888
4	0.01821	0.02055	0.04431	0.05741	0.06961	0.01947	0.60047	0.02461	0.01817	0.02468	0.01557	0.02083	0.01174	0.00660	0.00903	0.00260	0.01280	0.00897	0.00390	0.01047
5	0.71422	0.04395	0.01318	0.01082	0.01545	0.01824	0.00901	0.02261	0.01323	0.03333	0.01077	0.01280	0.00855	0.00749	0.00581	0.00242	0.04066	0.00432	0.00467	0.00846
6	0.01547	0.01448	0.02467	0.55192	0.14804	0.01707	0.04409	0.02054	0.01597	0.02124	0.01446	0.02080	0.01110	0.00763	0.00769	0.00251	0.00998	0.00699	0.03617	0.00919
7	0.01696	0.01696	0.02375	0.02036	0.02036	0.02375	0.01696	0.01866	0.01187	0.01866	0.01018	0.01696	0.01018	0.01357	0.02545	0.00339	0.71332	0.00679	0.00339	0.00848
8	0.01092	0.00788	0.01031	0.00979	0.01157	0.00728	0.00731	0.01449	0.02169	0.03068	0.65218	0.08195	0.07237	0.01616	0.00917	0.00246	0.00369	0.01431	0.00849	0.00728
9	0.01464	0.01378	0.02326	0.70887	0.05340	0.01723	0.02153	0.01981	0.01550	0.01981	0.01378	0.02067	0.01034	0.00775	0.00775	0.00258	0.01034	0.00689	0.00345	0.00861
10	0.01016	0.00819	0.00909	0.00894	0.01127	0.00731	0.00667	0.01345	0.04639	0.02444	0.25530	0.10502	0.42938	0.01837	0.00915	0.00259	0.00397	0.01566	0.00763	0.00701
11	0.02947	0.02172	0.02327	0.01784	0.02404	0.02404	0.01474	0.65329	0.03646	0.04887	0.01862	0.01862	0.01319	0.00931	0.00776	0.00233	0.00853	0.00698	0.00776	0.01319
