[name]
unknown

[dist]
# distance from previous block
# <min> <max>
0	0

[block]
# block no. 0 follows, 25 sequences, length 47
# corresponding to MSA columns:
# 5-51
name=unknown_A
#
# <colnr> <probs for GDERKNQSTAVLIFYWHMCP>
#	G	D	E	R	K	N	Q	S	T	A	V	L	I	F	Y	W	H	M	C	P
0	0.01249	0.00892	0.01249	0.01428	0.01606	0.00892	0.01249	0.01606	0.01785	0.02320	0.04105	0.08746	0.04462	0.02142	0.01071	0.00357	0.00714	0.62695	0.00714	0.00714
1	0.01608	0.01378	0.01608	0.01148	0.01837	0.01034	0.00919	0.01952	0.01608	0.02527	0.01378	0.01608	0.01148	0.00574	0.00574	0.00115	0.00574	0.00459	0.00459	0.77491
2	0.01108	0.00831	0.01246	0.01246	0.01385	0.00969	0.00969	0.01385	0.01246	0.01800	0.02077	0.03046	0.01938	0.05815	0.69678	0.01246	0.02077	0.00831	0.00415	0.00692
3	0.01068	0.00804	0.01145	0.01130	0.01275	0.00749	0.03902	0.01334	0.01828	0.02527	0.34321	0.34535	0.05895	0.04501	0.01058	0.00294	0.00463	0.01718	0.00758	0.00693
4	0.02073	0.73217	0.04063	0.01327	0.01990	0.03068	0.01327	0.02322	0.01575	0.01824	0.01078	0.01244	0.00995	0.00663	0.00498	0.00166	0.00829	0.00415	0.00332	0.00995
5	0.01464	0.01378	0.02326	0.70887	0.05340	0.01723	0.02153	0.01981	0.01550	0.01981	0.01378	0.02067	0.01034	0.00775	0.00775	0.00258	0.01034	0.00689	0.00345	0.00861
6	0.01307	0.01236	0.02289	0.01900	0.02208	0.01196	0.23956	0.01624	0.01578	0.02132	0.03058	0.40365	0.03400	0.05261	0.01182	0.00319	0.04021	0.01616	0.00572	0.00782
7	0.02800	0.08054	0.02359	0.02078	0.05299	0.62354	0.01527	0.03015	0.02138	0.01921	0.01202	0.01412	0.01009	0.00785	0.00689	0.00199	0.01341	0.00503	0.00394	0.00920
8	0.01464	0.01378	0.02326	0.70887	0.05340	0.01723	0.02153	0.01981	0.01550	0.01981	0.01378	0.02067	0.01034	0.00775	0.00775	0.00258	0.01034	0.00689	0.00345	0.00861
9	0.01229	0.00944	0.01115	0.01033	0.01279	0.00915	0.00785	0.04700	0.08623	0.02984	0.44792	0.05681	0.19798	0.01584	0.00896	0.00249	0.00420	0.01367	0.00814	0.00792
10	0.01445	0.00723	0.00723	0.00723	0.00903	0.00723	0.00542	0.01807	0.01626	0.02891	0.02529	0.02891	0.01987	0.00903	0.00542	0.00181	0.00361	0.00723	0.77055	0.00723
11	0.78228	0.01499	0.01140	0.01020	0.01499	0.01739	0.00840	0.02279	0.01320	0.03479	0.01080	0.01260	0.00840	0.00720	0.00480	0.00240	0.00600	0.00420	0.00480	0.00840
12	0.01128	0.00752	0.00846	0.00846	0.00846	0.00752	0.00470	0.01128	0.01128	0.01503	0.02443	0.05074	0.02819	0.72751	0.03946	0.00752	0.00752	0.01128	0.00470	0.00470
13	0.00945	0.00675	0.00900	0.01080	0.01125	0.00630	0.00720	0.01080	0.01484	0.01979	0.04274	0.72245	0.05128	0.02429	0.00990	0.00315	0.00450	0.02204	0.00720	0.00630
14	0.02073	0.73217	0.04063	0.01327	0.01990	0.03068	0.01327	0.02322	0.01575	0.01824	0.01078	0.01244	0.00995	0.00663	0.00498	0.00166	0.00829	0.00415	0.00332	0.00995
15	0.00931	0.00781	0.00810	0.00813	0.01059	0.00659	0.00606	0.01138	0.01787	0.02167	0.12230	0.10287	0.60166	0.01956	0.00920	0.00263	0.00393	0.01644	0.00730	0.00659
16	0.01555	0.04011	0.68733	0.02210	0.03356	0.01801	0.02865	0.02455	0.01637	0.02455	0.01391	0.01637	0.00982	0.00737	0.00737	0.00246	0.01146	0.00573	0.00327	0.01146
17	0.01555	0.04011	0.68733	0.02210	0.03356	0.01801	0.02865	0.02455	0.01637	0.02455	0.01391	0.01637	0.00982	0.00737	0.00737	0.00246	0.01146	0.00573	0.00327	0.01146
18	0.02291	0.02547	0.02786	0.03708	0.42987	0.27636	0.02044	0.02652	0.01930	0.02291	0.01360	0.01721	0.01141	0.00732	0.00742	0.00219	0.01103	0.00618	0.00390	0.01103
19	0.01555	0.04011	0.68733	0.02210	0.03356	0.01801	0.02865	0.02455	0.01637	0.02455	0.01391	0.01637	0.00982	0.00737	0.00737	0.00246	0.01146	0.00573	0.00327	0.01146
20	0.08534	0.03340	0.02163	0.02009	0.04761	0.56666	0.01479	0.07956	0.02230	0.02278	0.01252	0.01444	0.01021	0.00800	0.00691	0.00207	0.01277	0.00516	0.00435	0.00940
21	0.02947	0.02172	0.02327	0.01784	0.02404	0.02404	0.01474	0.65329	0.03646	0.04887	0.01862	0.01862	0.01319	0.00931	0.00776	0.00233	0.00853	0.00698	0.00776	0.01319
22	0.11850	0.09768	0.01617	0.01172	0.01548	0.10455	0.00949	0.12537	0.01988	0.03042	0.01891	0.02126	0.01486	0.00843	0.00588	0.00198	0.00663	0.00615	0.35775	0.00890
23	0.01614	0.01531	0.02596	0.49089	0.25967	0.01762	0.02228	0.02112	0.01621	0.02163	0.01405	0.02018	0.01098	0.00747	0.00773	0.00249	0.00997	0.00690	0.00357	0.00982
24	0.01128	0.00752	0.00846	0.00846	0.00846	0.00752	0.00470	0.01128	0.01128	0.01503	0.02443	0.05074	0.02819	0.72751	0.03946	0.00752	0.00752	0.01128	0.00470	0.00470
25	0.01703	0.01781	0.03633	0.02692	0.03306	0.01726	0.46218	0.05396	0.01791	0.02447	0.01808	0.05466	0.01515	0.01772	0.14542	0.00458	0.01398	0.00946	0.00431	0.00971
26	0.01464	0.01378	0.02326	0.70887	0.05340	0.01723	0.02153	0.01981	0.01550	0.01981	0.01378	0.02067	0.01034	0.00775	0.00775	0.00258	0.01034	0.00689	0.00345	0.00861
27	0.01464	0.01378	0.02326	0.70887	0.05340	0.01723	0.02153	0.01981	0.01550	0.01981	0.01378	0.02067	0.01034	0.00775	0.00775	0.00258	0.01034	0.00689	0.00345	0.00861
28	0.01108	0.00831	0.01246	0.01246	0.01385	0.00969	0.00969	0.01385	0.01246	0.01800	0.02077	0.03046	0.01938	0.05815	0.69678	0.01246	0.02077	0.00831	0.00415	0.00692
29	0.01116	0.00747	0.00849	0.00861	0.00863	0.00744	0.00486	0.01124	0.01150	0.01534	0.02560	0.09366	0.02966	0.68258	0.03758	0.00724	0.00732	0.01196	0.00486	0.00480
30	0.00916	0.00785	0.00785	0.00785	0.01047	0.00655	0.00589	0.01113	0.01767	0.02095	0.07855	0.07462	0.67599	0.01964	0.00916	0.00262	0.00393	0.01636	0.00720	0.00655
31	0.00945	0.00675	0.00900	0.01080	0.01125	0.00630	0.00720	0.01080	0.01484	0.01979	0.04274	0.72245	0.05128	0.02429	0.00990	0.00315	0.00450	0.02204	0.00720	0.00630
32	0.02114	0.69737	0.03970	0.01360	0.02010	0.06401	0.01335	0.02360	0.01607	0.01828	0.01084	0.01252	0.00995	0.00670	0.00508	0.00168	0.00858	0.00419	0.00335	0.00990
33	0.01886	0.01629	0.01713	0.01545	0.01976	0.01875	0.01201	0.03994	0.63802	0.03195	0.03353	0.03084	0.05098	0.01090	0.00794	0.00263	0.00604	0.00908	0.00786	0.01203
34	0.01888	0.05553	0.03789	0.02779	0.05999	0.01907	0.43715	0.09454	0.01981	0.02684	0.01793	0.07928	0.01518	0.00834	0.00863	0.00250	0.01110	0.00944	0.00463	0.04549
35	0.40314	0.01940	0.09623	0.10859	0.05731	0.05011	0.01426	0.08584	0.01725	0.03157	0.04229	0.01716	0.01248	0.00791	0.00624	0.00240	0.00793	0.00564	0.00481	0.00945
36	0.02896	0.03695	0.02197	0.01998	0.02397	0.69638	0.01498	0.03096	0.02197	0.01898	0.01199	0.01398	0.00999	0.00799	0.00699	0.00200	0.01398	0.00499	0.00400	0.00899
37	0.02437	0.01281	0.01598	0.01326	0.01744	0.01251	0.01047	0.13902	0.04793	0.30246	0.13570	0.09245	0.03062	0.06023	0.04524	0.00331	0.00703	0.01021	0.00823	0.01072
38	0.00945	0.00675	0.00900	0.01080	0.01125	0.00630	0.00720	0.01080	0.01484	0.01979	0.04274	0.72245	0.05128	0.02429	0.00990	0.00315	0.00450	0.02204	0.00720	0.00630
39	0.01071	0.00867	0.01364	0.01333	0.01482	0.00822	0.08598	0.01275	0.01507	0.02012	0.03882	0.52821	0.07307	0.05886	0.05512	0.00387	0.00671	0.01878	0.00648	0.00678
40	0.01347	0.00673	0.01010	0.01010	0.01010	0.00673	0.00673	0.01010	0.01010	0.01347	0.01347	0.02357	0.01347	0.02694	0.03030	0.77441	0.00673	0.00673	0.00337	0.00337
41	0.01108	0.00831	0.01246	0.01246	0.01385	0.00969	0.00969	0.01385	0.01246	0.01800	0.02077	0.03046	0.01938	0.05815	0.69678	0.01246	0.02077	0.00831	0.00415	0.00692
42	0.01249	0.00892	0.01249	0.01428	0.01606	0.00892	0.01249	0.01606	0.01785	0.02320	0.04105	0.08746	0.04462	0.02142	0.01071	0.00357	0.00714	0.62695	0.00714	0.00714
43	0.02073	0.73217	0.04063	0.01327	0.01990	0.03068	0.01327	0.02322	0.01575	0.01824	0.01078	0.01244	0.00995	0.00663	0.00498	0.00166	0.00829	0.00415	0.00332	0.00995
44	0.02896	0.03695	0.02197	0.01998	0.02397	0.69638	0.01498	0.03096	0.02197	0.01898	0.01199	0.01398	0.00999	0.00799	0.00699	0.00200	0.01398	0.00499	0.00400	0.00899
45	0.01608	0.01378	0.01608	0.01148	0.01837	0.01034	0.00919	0.01952	0.01608	0.02527	0.01378	0.01608	0.01148	0.00574	0.00574	0.00115	0.00574	0.00459	0.00459	0.77491
46	0.01830	0.02092	0.04575	0.03268	0.04052	0.01961	0.65098	0.02484	0.01830	0.02484	0.01569	0.02092	0.01176	0.00654	0.00915	0.00261	0.01307	0.00915	0.00392	0.01046

[dist]
# distance from previous block
# <min> <max>
0	1

[block]
# block no. 1 follows, 25 sequences, length 73
# corresponding to MSA columns:
# 53-125
name=unknown_B
#
# <colnr> <probs for GDERKNQSTAVLIFYWHMCP>
#	G	D	E	R	K	N	Q	S	T	A	V	L	I	F	Y	W	H	M	C	P
0	0.02896	0.03695	0.02197	0.01998	0.02397	0.69638	0.01498	0.03096	0.02197	0.01898	0.01199	0.01398	0.00999	0.00799	0.00699	0.00200	0.01398	0.00499	0.00400	0.00899
1	0.00945	0.00675	0.00900	0.01080	0.01125	0.00630	0.00720	0.01080	0.01484	0.01979	0.04274	0.72245	0.05128	0.02429	0.00990	0.00315	0.00450	0.02204	0.00720	0.00630
2	0.01827	0.01371	0.01630	0.01176	0.01854	0.01046	0.00945	0.02167	0.01680	0.10262	0.01575	0.01729	0.01239	0.00619	0.00598	0.00130	0.00584	0.00497	0.00518	0.68553
3	0.02463	0.02222	0.11325	0.04518	0.05834	0.02083	0.01645	0.44091	0.03005	0.04116	0.05542	0.02120	0.01635	0.00922	0.00765	0.00233	0.00850	0.00722	0.04699	0.01208
4	0.78228	0.01499	0.01140	0.01020	0.01499	0.01739	0.00840	0.02279	0.01320	0.03479	0.01080	0.01260	0.00840	0.00720	0.00480	0.00240	0.00600	0.00420	0.00480	0.00840
5	0.03252	0.01370	0.01793	0.01409	0.01985	0.01255	0.01152	0.03829	0.11623	0.58913	0.03073	0.02676	0.01985	0.00973	0.00781	0.00243	0.00653	0.00794	0.00935	0.01306
6	0.09380	0.02680	0.16007	0.01826	0.02507	0.11118	0.01701	0.36316	0.04891	0.03804	0.01648	0.01733	0.01198	0.00858	0.00731	0.00233	0.00956	0.00627	0.00606	0.01181
7	0.02024	0.01276	0.01513	0.01268	0.01578	0.01330	0.00962	0.16969	0.02011	0.13708	0.04722	0.03303	0.02188	0.24779	0.06722	0.00472	0.04841	0.00876	0.04529	0.04929
8	0.01097	0.00793	0.01036	0.00975	0.01158	0.00732	0.00732	0.01463	0.02195	0.03109	0.67505	0.05792	0.07316	0.01585	0.00914	0.00244	0.00366	0.01402	0.00854	0.00732
9	0.78228	0.01499	0.01140	0.01020	0.01499	0.01739	0.00840	0.02279	0.01320	0.03479	0.01080	0.01260	0.00840	0.00720	0.00480	0.00240	0.00600	0.00420	0.00480	0.00840
10	0.02842	0.02182	0.02242	0.01745	0.02335	0.05856	0.01430	0.58790	0.03474	0.04587	0.02131	0.02122	0.04668	0.00976	0.00779	0.00232	0.00859	0.00735	0.00753	0.01263
11	0.00952	0.00681	0.00907	0.01074	0.01126	0.00635	0.00720	0.01099	0.01521	0.02037	0.07495	0.68859	0.05240	0.02386	0.00986	0.00311	0.00446	0.02163	0.00727	0.00635
12	0.01694	0.01665	0.02973	0.32745	0.26910	0.01775	0.13145	0.02207	0.01677	0.02287	0.01439	0.01999	0.01132	0.00715	0.00788	0.00243	0.01021	0.00719	0.00372	0.04495
13	0.00945	0.00675	0.00900	0.01080	0.01125	0.00630	0.00720	0.01080	0.01484	0.01979	0.04274	0.72245	0.05128	0.02429	0.00990	0.00315	0.00450	0.02204	0.00720	0.00630
14	0.02121	0.01786	0.02013	0.01707	0.02199	0.02023	0.04639	0.15931	0.50887	0.03523	0.02821	0.02650	0.02100	0.01007	0.00793	0.00257	0.00697	0.00844	0.00765	0.01235
15	0.01108	0.00831	0.01246	0.01246	0.01385	0.00969	0.00969	0.01385	0.01246	0.01800	0.02077	0.03046	0.01938	0.05815	0.69678	0.01246	0.02077	0.00831	0.00415	0.00692
16	0.00925	0.00786	0.00797	0.00794	0.01052	0.00658	0.00596	0.01129	0.01787	0.02141	0.10558	0.07386	0.64867	0.01947	0.00916	0.00261	0.00392	0.01626	0.00726	0.00658
17	0.02903	0.02150	0.02302	0.01775	0.02388	0.02384	0.01463	0.62651	0.06396	0.04815	0.01918	0.01907	0.01364	0.00936	0.00776	0.00234	0.00843	0.00706	0.00776	0.01315
18	0.01919	0.01842	0.03147	0.04759	0.67914	0.01842	0.02380	0.02380	0.01765	0.02533	0.01458	0.01919	0.01228	0.00691	0.00768	0.00230	0.00921	0.00691	0.00384	0.01228
19	0.01088	0.00792	0.01024	0.00966	0.01153	0.00728	0.00724	0.01445	0.02173	0.03057	0.64447	0.05877	0.10407	0.01605	0.00915	0.00245	0.00367	0.01414	0.00847	0.00728
20	0.02933	0.02597	0.02291	0.01844	0.02402	0.21184	0.01481	0.47946	0.03241	0.04052	0.01676	0.01732	0.01229	0.00894	0.00754	0.00223	0.01005	0.00643	0.00671	0.01201
21	0.01555	0.04011	0.68733	0.02210	0.03356	0.01801	0.02865	0.02455	0.01637	0.02455	0.01391	0.01637	0.00982	0.00737	0.00737	0.00246	0.01146	0.00573	0.00327	0.01146
22	0.02932	0.01250	0.01658	0.01321	0.01833	0.01125	0.01072	0.03385	0.07013	0.51757	0.14731	0.03229	0.02930	0.01080	0.00805	0.00242	0.00603	0.00900	0.00928	0.01206
23	0.02206	0.01746	0.01867	0.01608	0.02090	0.01981	0.01271	0.16000	0.51018	0.06885	0.02899	0.02679	0.02140	0.01024	0.00786	0.00256	0.00663	0.00837	0.00795	0.01250
24	0.13951	0.01180	0.01391	0.01190	0.01608	0.01137	0.00943	0.02698	0.07252	0.30069	0.13832	0.09590	0.09435	0.01261	0.00788	0.00251	0.00554	0.01044	0.00810	0.01016
25	0.01919	0.01842	0.03147	0.04759	0.67914	0.01842	0.02380	0.02380	0.01765	0.02533	0.01458	0.01919	0.01228	0.00691	0.00768	0.00230	0.00921	0.00691	0.00384	0.01228
26	0.01830	0.02092	0.04575	0.03268	0.04052	0.01961	0.65098	0.02484	0.01830	0.02484	0.01569	0.02092	0.01176	0.00654	0.00915	0.00261	0.01307	0.00915	0.00392	0.01046
27	0.01919	0.01842	0.03147	0.04759	0.67914	0.01842	0.02380	0.02380	0.01765	0.02533	0.01458	0.01919	0.01228	0.00691	0.00768	0.00230	0.00921	0.00691	0.00384	0.01228
28	0.01676	0.01418	0.01644	0.01181	0.01866	0.01103	0.00947	0.05171	0.01711	0.02646	0.01403	0.01621	0.01157	0.00592	0.00584	0.00121	0.00588	0.00471	0.00475	0.73622
29	0.01919	0.01842	0.03147	0.04759	0.67914	0.01842	0.02380	0.02380	0.01765	0.02533	0.01458	0.01919	0.01228	0.00691	0.00768	0.00230	0.00921	0.00691	0.00384	0.01228
30	0.02276	0.01551	0.01739	0.01509	0.01977	0.01696	0.01189	0.03945	0.48680	0.19054	0.05374	0.02932	0.02431	0.01048	0.00791	0.00257	0.00616	0.00871	0.00833	0.01232
31	0.01555	0.04011	0.68733	0.02210	0.03356	0.01801	0.02865	0.02455	0.01637	0.02455	0.01391	0.01637	0.00982	0.00737	0.00737	0.00246	0.01146	0.00573	0.00327	0.01146
32	0.01128	0.00752	0.00846	0.00846	0.00846	0.00752	0.00470	0.01128	0.01128	0.01503	0.02443	0.05074	0.02819	0.72751	0.03946	0.00752	0.00752	0.01128	0.00470	0.00470
33	0.01445	0.00723	0.00723	0.00723	0.00903	0.00723	0.00542	0.01807	0.01626	0.02891	0.02529	0.02891	0.01987	0.00903	0.00542	0.00181	0.00361	0.00723	0.77055	0.00723
34	0.01128	0.00752	0.00846	0.00846	0.00846	0.00752	0.00470	0.01128	0.01128	0.01503	0.02443	0.05074	0.02819	0.72751	0.03946	0.00752	0.00752	0.01128	0.00470	0.00470
35	0.01097	0.00793	0.01036	0.00975	0.01158	0.00732	0.00732	0.01463	0.02195	0.03109	0.67505	0.05792	0.07316	0.01585	0.00914	0.00244	0.00366	0.01402	0.00854	0.00732
36	0.00926	0.00786	0.00798	0.00795	0.01053	0.00659	0.00596	0.01131	0.01789	0.02147	0.10913	0.07376	0.64509	0.01944	0.00916	0.00261	0.00391	0.01624	0.00727	0.00659
37	0.02828	0.03581	0.02207	0.02000	0.02376	0.65796	0.01509	0.03026	0.02140	0.01896	0.01188	0.01415	0.01000	0.00831	0.00805	0.00208	0.05392	0.00510	0.00396	0.00896
38	0.03479	0.01320	0.01799	0.01380	0.01979	0.01140	0.01140	0.03779	0.02219	0.68451	0.03059	0.02639	0.01919	0.00960	0.00780	0.00240	0.00660	0.00780	0.00960	0.01320
39	0.01035	0.00744	0.00980	0.01018	0.01144	0.00690	0.00727	0.01306	0.01903	0.02645	0.41515	0.33106	0.06417	0.01932	0.00945	0.00273	0.00400	0.01732	0.00799	0.00690
40	0.02947	0.02172	0.02327	0.01784	0.02404	0.02404	0.01474	0.65329	0.03646	0.04887	0.01862	0.01862	0.01319	0.00931	0.00776	0.00233	0.00853	0.00698	0.00776	0.01319
41	0.01464	0.01378	0.02326	0.70887	0.05340	0.01723	0.02153	0.01981	0.01550	0.01981	0.01378	0.02067	0.01034	0.00775	0.00775	0.00258	0.01034	0.00689	0.00345	0.00861
42	0.01480	0.01409	0.02424	0.67929	0.05284	0.01733	0.04907	0.02003	0.01563	0.02003	0.01386	0.02068	0.01040	0.00770	0.00781	0.00259	0.01046	0.00699	0.00347	0.00869
43	0.01108	0.00831	0.01246	0.01246	0.01385	0.00969	0.00969	0.01385	0.01246	0.01800	0.02077	0.03046	0.01938	0.05815	0.69678	0.01246	0.02077	0.00831	0.00415	0.00692
44	0.01127	0.00755	0.00863	0.00863	0.00868	0.00761	0.00491	0.01138	0.01133	0.01516	0.02428	0.04989	0.02782	0.69931	0.06716	0.00773	0.00808	0.01115	0.00468	0.00479
45	0.00945	0.00675	0.00900	0.01080	0.01125	0.00630	0.00720	0.01080	0.01484	0.01979	0.04274	0.72245	0.05128	0.02429	0.00990	0.00315	0.00450	0.02204	0.00720	0.00630
46	0.01823	0.02071	0.04463	0.03205	0.03950	0.01982	0.61878	0.02452	0.01797	0.02452	0.01541	0.02071	0.01168	0.00689	0.00998	0.00265	0.04863	0.00903	0.00389	0.01036
47	0.03479	0.01320	0.01799	0.01380	0.01979	0.01140	0.01140	0.03779	0.02219	0.68451	0.03059	0.02639	0.01919	0.00960	0.00780	0.00240	0.00660	0.00780	0.00960	0.01320
48	0.02860	0.06725	0.02279	0.01968	0.02379	0.66737	0.01491	0.03062	0.02170	0.01894	0.01193	0.01392	0.00999	0.00793	0.00690	0.00198	0.01373	0.00496	0.00397	0.00903
49	0.02073	0.73217	0.04063	0.01327	0.01990	0.03068	0.01327	0.02322	0.01575	0.01824	0.01078	0.01244	0.00995	0.00663	0.00498	0.00166	0.00829	0.00415	0.00332	0.00995
50	0.02296	0.01248	0.04044	0.01253	0.01716	0.01037	0.01039	0.04768	0.02150	0.32651	0.24776	0.06709	0.03775	0.01195	0.00815	0.00233	0.00568	0.01017	0.00838	0.07872
51	0.02009	0.07871	0.01779	0.01376	0.01781	0.04502	0.01093	0.03085	0.28615	0.14227	0.17370	0.07247	0.03375	0.01188	0.00797	0.00246	0.00610	0.00996	0.00771	0.01063
52	0.02073	0.73217	0.04063	0.01327	0.01990	0.03068	0.01327	0.02322	0.01575	0.01824	0.01078	0.01244	0.00995	0.00663	0.00498	0.00166	0.00829	0.00415	0.00332	0.00995
53	0.01108	0.00791	0.01087	0.01266	0.01382	0.00770	0.01003	0.01362	0.01645	0.02162	0.04184	0.38266	0.04772	0.02275	0.01033	0.00337	0.00591	0.34574	0.00717	0.00675
54	0.01720	0.01639	0.02788	0.33654	0.40572	0.01790	0.02281	0.02205	0.01672	0.02292	0.01423	0.01984	0.01143	0.00728	0.00771	0.00243	0.00970	0.00690	0.00367	0.01068
55	0.01912	0.34707	0.33714	0.01798	0.02659	0.08794	0.02052	0.02457	0.01663	0.02122	0.01234	0.01440	0.00989	0.00710	0.00627	0.00206	0.01029	0.00496	0.00336	0.01055
56	0.01347	0.00673	0.01010	0.01010	0.01010	0.00673	0.00673	0.01010	0.01010	0.01347	0.01347	0.02357	0.01347	0.02694	0.03030	0.77441	0.00673	0.00673	0.00337	0.00337
57	0.01083	0.00792	0.01017	0.00961	0.01150	0.00726	0.00721	0.01436	0.02162	0.03030	0.62870	0.05922	0.12000	0.01615	0.00915	0.00245	0.00368	0.01420	0.00843	0.00726
58	0.02229	0.04402	0.05162	0.01403	0.04217	0.01254	0.01132	0.08481	0.04500	0.27285	0.04144	0.09690	0.20157	0.01328	0.00821	0.00249	0.00627	0.01104	0.00768	0.01048
59	0.03405	0.01336	0.01797	0.01389	0.01981	0.01177	0.01144	0.03795	0.05269	0.65358	0.03064	0.02651	0.01941	0.00964	0.00780	0.00241	0.00658	0.00784	0.00952	0.01315
60	0.00953	0.00681	0.00907	0.01074	0.01127	0.00636	0.00720	0.01102	0.01525	0.02044	0.07885	0.68449	0.05253	0.02381	0.00985	0.00311	0.00445	0.02158	0.00727	0.00636
61	0.02896	0.03695	0.02197	0.01998	0.02397	0.69638	0.01498	0.03096	0.02197	0.01898	0.01199	0.01398	0.00999	0.00799	0.00699	0.00200	0.01398	0.00499	0.00400	0.00899
62	0.02047	0.02158	0.02891	0.13654	0.43351	0.15466	0.04518	0.02470	0.01824	0.02324	0.01399	0.01842	0.01152	0.00723	0.00760	0.00229	0.01048	0.00660	0.00382	0.01102
63	0.03479	0.01320	0.01799	0.01380	0.01979	0.01140	0.01140	0.03779	0.02219	0.68451	0.03059	0.02639	0.01919	0.00960	0.00780	0.00240	0.00660	0.00780	0.00960	0.01320
64	0.02436	0.01918	0.02039	0.01681	0.02210	0.02166	0.01350	0.34597	0.35210	0.04062	0.02511	0.02379	0.01845	0.00992	0.00782	0.00248	0.00733	0.00788	0.00782	0.01273
65	0.01919	0.01842	0.03147	0.04759	0.67914	0.01842	0.02380	0.02380	0.01765	0.02533	0.01458	0.01919	0.01228	0.00691	0.00768	0.00230	0.00921	0.00691	0.00384	0.01228
66	0.00916	0.00785	0.00785	0.00785	0.01047	0.00655	0.00589	0.01113	0.01767	0.02095	0.07855	0.07462	0.67599	0.01964	0.00916	0.00262	0.00393	0.01636	0.00720	0.00655
67	0.01929	0.01666	0.01753	0.01578	0.02016	0.01929	0.01227	0.04120	0.66513	0.03243	0.03156	0.02893	0.02367	0.01052	0.00789	0.00263	0.00614	0.00877	0.00789	0.01227
68	0.01097	0.00793	0.01036	0.00975	0.01158	0.00732	0.00732	0.01463	0.02195	0.03109	0.67505	0.05792	0.07316	0.01585	0.00914	0.00244	0.00366	0.01402	0.00854	0.00732
69	0.01608	0.01378	0.01608	0.01148	0.01837	0.01034	0.00919	0.01952	0.01608	0.02527	0.01378	0.01608	0.01148	0.00574	0.00574	0.00115	0.00574	0.00459	0.00459	0.77491
70	0.01902	0.01825	0.03117	0.07185	0.65618	0.01838	0.02371	0.02365	0.01758	0.02513	0.01456	0.01924	0.01221	0.00694	0.00768	0.00231	0.00925	0.00691	0.00382	0.01215
71	0.02444	0.01686	0.01839	0.01454	0.01975	0.04820	0.01174	0.29212	0.02724	0.15026	0.14286	0.02881	0.05045	0.01043	0.00777	0.00220	0.00702	0.00837	0.00761	0.11095
72	0.34335	0.01480	0.01381	0.01161	0.01616	0.01622	0.00942	0.19277	0.02053	0.03625	0.01951	0.02092	0.04623	0.00872	0.00600	0.00221	0.00608	0.00622	0.16348	0.04572

[dist]
# distance from previous block
# <min> <max>
1	3

[block]
# block no. 2 follows, 25 sequences, length 13
# corresponding to MSA columns:
# 129-141
name=unknown_C
#
# <colnr> <probs for GDERKNQSTAVLIFYWHMCP>
#	G	D	E	R	K	N	Q	S	T	A	V	L	I	F	Y	W	H	M	C	P
0	0.02113	0.01095	0.01395	0.01188	0.01580	0.00994	0.00932	0.02568	0.07434	0.28969	0.22005	0.10204	0.09610	0.01349	0.00840	0.00245	0.00524	0.01154	0.00846	0.04955
1	0.01825	0.01569	0.02117	0.01585	0.02208	0.01431	0.11356	0.09513	0.10346	0.02910	0.01788	0.01985	0.01398	0.00716	0.00678	0.00176	0.00712	0.00636	0.06638	0.40412
2	0.01724	0.01637	0.02764	0.02032	0.02671	0.01469	0.26635	0.07352	0.01905	0.02717	0.06946	0.06786	0.01925	0.00838	0.00782	0.00207	0.00866	0.00851	0.00507	0.29386
3	0.02054	0.01819	0.02374	0.33203	0.12195	0.06029	0.01876	0.19498	0.07979	0.02950	0.01668	0.02025	0.01253	0.00833	0.00771	0.00245	0.00954	0.00697	0.00510	0.01068
4	0.02641	0.01838	0.02047	0.01577	0.02189	0.01899	0.01288	0.37429	0.09632	0.13070	0.02065	0.02026	0.01477	0.00875	0.00737	0.00213	0.00744	0.00680	0.00738	0.16833
5	0.01943	0.55871	0.20273	0.01548	0.02332	0.02750	0.01712	0.02355	0.01591	0.01982	0.01157	0.01342	0.00992	0.00682	0.00557	0.00186	0.00909	0.00454	0.00331	0.01033
6	0.07804	0.00917	0.01107	0.01004	0.01275	0.00857	0.00773	0.01776	0.02065	0.11283	0.45504	0.05246	0.14473	0.01486	0.00861	0.00246	0.00426	0.01274	0.00817	0.00804
7	0.02374	0.01677	0.01925	0.01793	0.07528	0.03753	0.01307	0.08182	0.34790	0.18573	0.02711	0.02539	0.01961	0.00949	0.00766	0.00240	0.00689	0.00784	0.00759	0.06700
8	0.02354	0.01660	0.01999	0.08102	0.10974	0.06932	0.01427	0.03185	0.18717	0.21928	0.02452	0.02630	0.01828	0.00933	0.00766	0.00236	0.00768	0.03516	0.00678	0.08913
9	0.01378	0.01154	0.06157	0.01132	0.01445	0.00940	0.00949	0.06179	0.02162	0.07001	0.42571	0.09221	0.13609	0.01536	0.00888	0.00250	0.00485	0.01330	0.00790	0.00824
10	0.01838	0.01301	0.01418	0.01247	0.01653	0.01337	0.00978	0.07746	0.25869	0.12731	0.04921	0.04604	0.28361	0.01394	0.00838	0.00257	0.00551	0.01152	0.00786	0.01019
11	0.10685	0.02082	0.02004	0.03593	0.02259	0.10894	0.01329	0.29868	0.13770	0.08382	0.01957	0.01961	0.01431	0.00888	0.00725	0.00229	0.00831	0.00664	0.00679	0.05768
12	0.01844	0.33643	0.22737	0.02034	0.06691	0.02316	0.10128	0.02356	0.01641	0.02194	0.01281	0.01540	0.01042	0.00678	0.00644	0.00201	0.00969	0.00547	0.00352	0.07162

[dist]
# distance from previous block
# <min> <max>
3	8

[block]
# block no. 3 follows, 25 sequences, length 24
# corresponding to MSA columns:
# 150-173
name=unknown_D
#
# <colnr> <probs for GDERKNQSTAVLIFYWHMCP>
#	G	D	E	R	K	N	Q	S	T	A	V	L	I	F	Y	W	H	M	C	P
0	0.01971	0.01658	0.02544	0.26191	0.28239	0.01764	0.01980	0.10740	0.01959	0.06662	0.01576	0.01978	0.01210	0.00758	0.00755	0.00231	0.00904	0.00677	0.00465	0.07741
1	0.01700	0.01821	0.03679	0.24657	0.04328	0.01829	0.41173	0.02291	0.01728	0.02326	0.01496	0.02054	0.01129	0.00687	0.00850	0.00252	0.01176	0.00815	0.00381	0.05626
2	0.01773	0.01962	0.04089	0.06124	0.06613	0.01929	0.51806	0.02352	0.01748	0.02393	0.01612	0.04718	0.01309	0.00787	0.01042	0.00269	0.07140	0.00924	0.00398	0.01013
3	0.03479	0.01320	0.01799	0.01380	0.01979	0.01140	0.01140	0.03779	0.02219	0.68451	0.03059	0.02639	0.01919	0.00960	0.00780	0.00240	0.00660	0.00780	0.00960	0.01320
4	0.01108	0.00831	0.01246	0.01246	0.01385	0.00969	0.00969	0.01385	0.01246	0.01800	0.02077	0.03046	0.01938	0.05815	0.69678	0.01246	0.02077	0.00831	0.00415	0.00692
5	0.01920	0.01827	0.03026	0.04483	0.62195	0.01850	0.02280	0.02531	0.07385	0.02595	0.01606	0.02004	0.01327	0.00722	0.00769	0.00233	0.00894	0.00707	0.00419	0.01228
6	0.02183	0.01609	0.01761	0.01545	0.02010	0.01799	0.01213	0.04064	0.55946	0.13961	0.03140	0.02851	0.02293	0.01037	0.00787	0.00259	0.00621	0.00861	0.00817	0.01242
7	0.01831	0.03625	0.59133	0.02091	0.03158	0.01706	0.02617	0.02645	0.01721	0.11921	0.01631	0.01781	0.01117	0.00769	0.00743	0.00245	0.01076	0.00603	0.00418	0.01171
8	0.00925	0.00786	0.00798	0.00795	0.01053	0.00658	0.00596	0.01130	0.01789	0.02145	0.10831	0.07379	0.64591	0.01945	0.00916	0.00261	0.00391	0.01625	0.00727	0.00658
9	0.01026	0.00856	0.00976	0.00933	0.01153	0.00806	0.00713	0.01268	0.01844	0.02363	0.24139	0.06556	0.45591	0.01811	0.01039	0.00263	0.05743	0.01498	0.00729	0.00691
10	0.78228	0.01499	0.01140	0.01020	0.01499	0.01739	0.00840	0.02279	0.01320	0.03479	0.01080	0.01260	0.00840	0.00720	0.00480	0.00240	0.00600	0.00420	0.00480	0.00840
11	0.78228	0.01499	0.01140	0.01020	0.01499	0.01739	0.00840	0.02279	0.01320	0.03479	0.01080	0.01260	0.00840	0.00720	0.00480	0.00240	0.00600	0.00420	0.00480	0.00840
12	0.01097	0.00793	0.01036	0.00975	0.01158	0.00732	0.00732	0.01463	0.02195	0.03109	0.67505	0.05792	0.07316	0.01585	0.00914	0.00244	0.00366	0.01402	0.00854	0.00732
13	0.01097	0.00793	0.01036	0.00975	0.01158	0.00732	0.00732	0.01463	0.02195	0.03109	0.67505	0.05792	0.07316	0.01585	0.00914	0.00244	0.00366	0.01402	0.00854	0.00732
14	0.01097	0.00793	0.01036	0.00975	0.01158	0.00732	0.00732	0.01463	0.02195	0.03109	0.67505	0.05792	0.07316	0.01585	0.00914	0.00244	0.00366	0.01402	0.00854	0.00732
15	0.01716	0.01753	0.02690	0.02212	0.02325	0.02315	0.10790	0.01955	0.01280	0.01955	0.01097	0.01753	0.01041	0.01256	0.02311	0.00328	0.61288	0.00712	0.00347	0.00877
16	0.01929	0.01666	0.01753	0.01578	0.02016	0.01929	0.01227	0.04120	0.66513	0.03243	0.03156	0.02893	0.02367	0.01052	0.00789	0.00263	0.00614	0.00877	0.00789	0.01227
17	0.01554	0.01321	0.01550	0.01143	0.01780	0.01001	0.00903	0.01882	0.01598	0.02482	0.01613	0.07332	0.01471	0.00725	0.00608	0.00131	0.00564	0.00601	0.00480	0.71262
18	0.00956	0.00787	0.00841	0.00827	0.01072	0.00672	0.00621	0.01190	0.01862	0.02319	0.21036	0.07093	0.54278	0.01880	0.00916	0.00258	0.00387	0.01585	0.00750	0.00672
19	0.01632	0.01723	0.03450	0.02581	0.03156	0.01679	0.43087	0.02260	0.05665	0.02420	0.05011	0.07858	0.04073	0.01420	0.07644	0.00363	0.03509	0.01039	0.00473	0.00958
20	0.02286	0.02763	0.03167	0.02485	0.03039	0.34344	0.29717	0.02700	0.02034	0.02250	0.06371	0.02038	0.01555	0.00794	0.00811	0.00231	0.01280	0.00752	0.00431	0.00952
21	0.02292	0.08428	0.29746	0.02023	0.02765	0.32093	0.02048	0.07480	0.02034	0.02348	0.01320	0.01521	0.01016	0.00774	0.00707	0.00219	0.01214	0.00539	0.00394	0.01039
22	0.05602	0.08897	0.26018	0.01783	0.02539	0.06955	0.01845	0.16139	0.07694	0.09909	0.01801	0.01872	0.01301	0.00832	0.00712	0.00231	0.00927	0.00626	0.03171	0.01148
23	0.14494	0.05366	0.31578	0.07020	0.02852	0.01903	0.02007	0.15322	0.02032	0.08177	0.01553	0.01717	0.01105	0.00791	0.00700	0.00240	0.00939	0.00593	0.00494	0.01118

[dist]
# distance from previous block
# <min> <max>
3	41

[block]
# block no. 4 follows, 25 sequences, length 43
# corresponding to MSA columns:
# 216-258
name=unknown_E
#
# <colnr> <probs for GDERKNQSTAVLIFYWHMCP>
#	G	D	E	R	K	N	Q	S	T	A	V	L	I	F	Y	W	H	M	C	P
0	0.01815	0.05273	0.29830	0.16534	0.03384	0.01933	0.05247	0.13942	0.01949	0.02706	0.01502	0.01946	0.01156	0.04269	0.01010	0.00273	0.05083	0.00664	0.00425	0.01058
1	0.01722	0.01451	0.01950	0.29673	0.09967	0.04825	0.01585	0.10843	0.01941	0.02653	0.05500	0.08347	0.01943	0.00997	0.00759	0.00240	0.00818	0.00856	0.13015	0.00916
2	0.01985	0.01898	0.09877	0.03272	0.32006	0.01610	0.12478	0.02477	0.01833	0.12149	0.04570	0.05857	0.01866	0.00912	0.00821	0.00249	0.00917	0.03579	0.00513	0.01131
3	0.41705	0.01734	0.01611	0.05311	0.02017	0.05032	0.01130	0.19709	0.02106	0.06807	0.05047	0.01793	0.01397	0.00844	0.00627	0.00237	0.00722	0.00587	0.00593	0.00993
4	0.02423	0.02313	0.01923	0.01671	0.02068	0.25858	0.01294	0.21050	0.06025	0.05660	0.08683	0.10856	0.02356	0.01156	0.00843	0.00237	0.03044	0.00897	0.00638	0.01006
5	0.01511	0.01426	0.02411	0.64051	0.11809	0.01735	0.02177	0.02022	0.01573	0.02038	0.01386	0.02052	0.01054	0.00766	0.00774	0.00255	0.01022	0.00689	0.00349	0.00899
6	0.01608	0.01378	0.01608	0.01148	0.01837	0.01034	0.00919	0.01952	0.01608	0.02527	0.01378	0.01608	0.01148	0.00574	0.00574	0.00115	0.00574	0.00459	0.00459	0.77491
7	0.58701	0.02069	0.01414	0.01273	0.01732	0.19340	0.01010	0.02491	0.01547	0.03069	0.01110	0.01296	0.00881	0.00740	0.00537	0.00230	0.00807	0.00440	0.00459	0.00855
8	0.01204	0.00848	0.01069	0.01021	0.01235	0.00790	0.00778	0.01607	0.04594	0.05518	0.48361	0.08608	0.14572	0.01655	0.00917	0.00256	0.00414	0.04971	0.00824	0.00759
9	0.01029	0.00775	0.01114	0.01156	0.01275	0.00722	0.03816	0.01253	0.01698	0.02316	0.21638	0.50489	0.05544	0.02110	0.00965	0.00293	0.00468	0.01920	0.00741	0.00678
10	0.01488	0.01403	0.02369	0.67390	0.08650	0.01729	0.02165	0.02002	0.01562	0.02010	0.01382	0.02059	0.01044	0.00771	0.00775	0.00257	0.01028	0.00689	0.00347	0.00881
11	0.01734	0.01037	0.01121	0.01004	0.01253	0.01092	0.00768	0.15430	0.01968	0.03072	0.02254	0.02730	0.01822	0.04750	0.03472	0.07476	0.00578	0.00736	0.46902	0.00802
12	0.72879	0.01547	0.01224	0.01074	0.01564	0.01787	0.00885	0.06759	0.01485	0.03579	0.01135	0.01302	0.00874	0.00735	0.00501	0.00239	0.00618	0.00440	0.00501	0.00874
13	0.01111	0.00818	0.01180	0.01180	0.01296	0.00934	0.00887	0.01342	0.01227	0.01751	0.02137	0.03379	0.02083	0.16790	0.58901	0.01165	0.01860	0.00879	0.00424	0.00656
14	0.01445	0.00723	0.00723	0.00723	0.00903	0.00723	0.00542	0.01807	0.01626	0.02891	0.02529	0.02891	0.01987	0.00903	0.00542	0.00181	0.00361	0.00723	0.77055	0.00723
15	0.01097	0.00793	0.01036	0.00975	0.01158	0.00732	0.00732	0.01463	0.02195	0.03109	0.67505	0.05792	0.07316	0.01585	0.00914	0.00244	0.00366	0.01402	0.00854	0.00732
16	0.01919	0.01842	0.03147	0.04759	0.67914	0.01842	0.02380	0.02380	0.01765	0.02533	0.01458	0.01919	0.01228	0.00691	0.00768	0.00230	0.00921	0.00691	0.00384	0.01228
17	0.01830	0.02092	0.04575	0.03268	0.04052	0.01961	0.65098	0.02484	0.01830	0.02484	0.01569	0.02092	0.01176	0.00654	0.00915	0.00261	0.01307	0.00915	0.00392	0.01046
18	0.78228	0.01499	0.01140	0.01020	0.01499	0.01739	0.00840	0.02279	0.01320	0.03479	0.01080	0.01260	0.00840	0.00720	0.00480	0.00240	0.00600	0.00420	0.00480	0.00840
19	0.02896	0.03695	0.02197	0.01998	0.02397	0.69638	0.01498	0.03096	0.02197	0.01898	0.01199	0.01398	0.00999	0.00799	0.00699	0.00200	0.01398	0.00499	0.00400	0.00899
20	0.01097	0.00793	0.01036	0.00975	0.01158	0.00732	0.00732	0.01463	0.02195	0.03109	0.67505	0.05792	0.07316	0.01585	0.00914	0.00244	0.00366	0.01402	0.00854	0.00732
21	0.01464	0.01378	0.02326	0.70887	0.05340	0.01723	0.02153	0.01981	0.01550	0.01981	0.01378	0.02067	0.01034	0.00775	0.00775	0.00258	0.01034	0.00689	0.00345	0.00861
22	0.01919	0.01842	0.03147	0.04759	0.67914	0.01842	0.02380	0.02380	0.01765	0.02533	0.01458	0.01919	0.01228	0.00691	0.00768	0.00230	0.00921	0.00691	0.00384	0.01228
23	0.02945	0.02259	0.02319	0.01796	0.02404	0.06272	0.01475	0.61749	0.03562	0.04715	0.01823	0.01835	0.01300	0.00923	0.00771	0.00231	0.00885	0.00687	0.00754	0.01294
24	0.01347	0.00673	0.01010	0.01010	0.01010	0.00673	0.00673	0.01010	0.01010	0.01347	0.01347	0.02357	0.01347	0.02694	0.03030	0.77441	0.00673	0.00673	0.00337	0.00337
25	0.01919	0.01842	0.03147	0.04759	0.67914	0.01842	0.02380	0.02380	0.01765	0.02533	0.01458	0.01919	0.01228	0.00691	0.00768	0.00230	0.00921	0.00691	0.00384	0.01228
26	0.01464	0.01378	0.02326	0.70887	0.05340	0.01723	0.02153	0.01981	0.01550	0.01981	0.01378	0.02067	0.01034	0.00775	0.00775	0.00258	0.01034	0.00689	0.00345	0.00861
27	0.01464	0.01378	0.02326	0.70887	0.05340	0.01723	0.02153	0.01981	0.01550	0.01981	0.01378	0.02067	0.01034	0.00775	0.00775	0.00258	0.01034	0.00689	0.00345	0.00861
28	0.01127	0.00755	0.00864	0.00864	0.00870	0.00762	0.00493	0.01139	0.01133	0.01517	0.02426	0.04982	0.02779	0.69698	0.06944	0.00774	0.00812	0.01114	0.00467	0.00480
29	0.01128	0.00752	0.00846	0.00846	0.00846	0.00752	0.00470	0.01128	0.01128	0.01503	0.02443	0.05074	0.02819	0.72751	0.03946	0.00752	0.00752	0.01128	0.00470	0.00470
30	0.01638	0.01408	0.01478	0.01352	0.01736	0.01558	0.01045	0.03251	0.47560	0.02942	0.06583	0.04174	0.19405	0.01306	0.00826	0.00262	0.00548	0.01091	0.00773	0.01062
31	0.00945	0.00675	0.00900	0.01080	0.01125	0.00630	0.00720	0.01080	0.01484	0.01979	0.04274	0.72245	0.05128	0.02429	0.00990	0.00315	0.00450	0.02204	0.00720	0.00630
32	0.02104	0.70562	0.03992	0.01352	0.02006	0.05610	0.01333	0.02351	0.01599	0.01827	0.01083	0.01250	0.00995	0.00669	0.00505	0.00167	0.00851	0.00418	0.00334	0.00991
33	0.02210	0.57600	0.03653	0.01478	0.02067	0.15284	0.01373	0.02446	0.01674	0.01839	0.01098	0.01290	0.00997	0.00716	0.00616	0.00179	0.03724	0.00441	0.00344	0.00972
34	0.02645	0.03132	0.02744	0.02334	0.04930	0.45896	0.14915	0.09639	0.02261	0.02364	0.01356	0.01611	0.01078	0.00779	0.00755	0.00217	0.01305	0.00615	0.00438	0.00986
35	0.06494	0.01502	0.01841	0.01451	0.02026	0.01464	0.01188	0.12767	0.11582	0.46945	0.02810	0.02500	0.01848	0.00958	0.00767	0.00242	0.00679	0.00766	0.00887	0.01285
36	0.01087	0.00792	0.01022	0.00965	0.01152	0.00727	0.00723	0.01443	0.02170	0.03051	0.64073	0.05888	0.10784	0.01607	0.00915	0.00245	0.00367	0.01416	0.00846	0.00727
37	0.02877	0.02167	0.02249	0.01744	0.02336	0.05024	0.01432	0.59936	0.03495	0.04676	0.01865	0.01890	0.01336	0.00924	0.00762	0.00229	0.00853	0.00691	0.04239	0.01275
38	0.01108	0.00831	0.01246	0.01246	0.01385	0.00969	0.00969	0.01385	0.01246	0.01800	0.02077	0.03046	0.01938	0.05815	0.69678	0.01246	0.02077	0.00831	0.00415	0.00692
39	0.01110	0.00820	0.01190	0.01190	0.01309	0.00939	0.00899	0.01349	0.01230	0.01758	0.02128	0.03330	0.02062	0.15180	0.60482	0.01177	0.01891	0.00872	0.00423	0.00661
40	0.01919	0.01842	0.03147	0.04759	0.67914	0.01842	0.02380	0.02380	0.01765	0.02533	0.01458	0.01919	0.01228	0.00691	0.00768	0.00230	0.00921	0.00691	0.00384	0.01228
41	0.02455	0.01960	0.01895	0.01558	0.02006	0.10264	0.01251	0.35236	0.07578	0.03786	0.01993	0.02114	0.01500	0.00937	0.00796	0.00224	0.04103	0.00692	0.18554	0.01098
42	0.01683	0.21155	0.52713	0.01991	0.03017	0.02115	0.02484	0.02422	0.01622	0.02299	0.01314	0.01540	0.00985	0.00718	0.00677	0.00226	0.01067	0.00534	0.00328	0.01109

[dist]
# distance from previous block
# <min> <max>
0	1

[block]
# block no. 5 follows, 25 sequences, length 71
# corresponding to MSA columns:
# 260-330
name=unknown_F
#
# <colnr> <probs for GDERKNQSTAVLIFYWHMCP>
#	G	D	E	R	K	N	Q	S	T	A	V	L	I	F	Y	W	H	M	C	P
0	0.02045	0.69541	0.07499	0.01374	0.02063	0.03001	0.01408	0.02329	0.01579	0.01858	0.01095	0.01265	0.00994	0.00667	0.00510	0.00170	0.00846	0.00423	0.00331	0.01003
1	0.01919	0.01842	0.03147	0.04759	0.67914	0.01842	0.02380	0.02380	0.01765	0.02533	0.01458	0.01919	0.01228	0.00691	0.00768	0.00230	0.00921	0.00691	0.00384	0.01228
2	0.01650	0.16720	0.56857	0.02048	0.03105	0.02033	0.02582	0.02431	0.01626	0.02340	0.01334	0.01565	0.00985	0.00723	0.00693	0.00231	0.01088	0.00544	0.00328	0.01118
3	0.01582	0.01345	0.01567	0.01132	0.01785	0.01019	0.00895	0.01909	0.01582	0.02472	0.01435	0.01792	0.01237	0.04409	0.00753	0.00149	0.00584	0.00495	0.00460	0.73399
4	0.00943	0.00681	0.00894	0.01064	0.01120	0.00631	0.00713	0.01081	0.01500	0.01985	0.04464	0.68803	0.08447	0.02404	0.00986	0.00312	0.00447	0.02174	0.00720	0.00631
5	0.01464	0.01378	0.02326	0.70887	0.05340	0.01723	0.02153	0.01981	0.01550	0.01981	0.01378	0.02067	0.01034	0.00775	0.00775	0.00258	0.01034	0.00689	0.00345	0.00861
6	0.08934	0.01636	0.01921	0.01490	0.02074	0.01648	0.01228	0.26770	0.02687	0.37264	0.04680	0.02349	0.01796	0.00952	0.00760	0.00237	0.00718	0.00743	0.00850	0.01262
7	0.00962	0.00787	0.00849	0.00834	0.01075	0.00674	0.00625	0.01202	0.01876	0.02352	0.23004	0.07038	0.52290	0.01868	0.00916	0.00257	0.00386	0.01577	0.00754	0.00674
8	0.01608	0.01366	0.01732	0.14985	0.02502	0.01226	0.01182	0.06224	0.01725	0.02529	0.01687	0.08431	0.01516	0.00815	0.00667	0.00170	0.00672	0.00687	0.00483	0.49794
9	0.00943	0.00680	0.00894	0.01065	0.01121	0.00631	0.00713	0.01081	0.01499	0.01985	0.04452	0.69010	0.08248	0.02406	0.00986	0.00312	0.00447	0.02176	0.00720	0.00631
10	0.01518	0.01426	0.02402	0.57052	0.15507	0.01697	0.02131	0.02009	0.01583	0.02072	0.01512	0.04963	0.01236	0.00830	0.00783	0.00256	0.00991	0.00752	0.00367	0.00912
11	0.02052	0.70417	0.06680	0.01362	0.02045	0.03017	0.01389	0.02327	0.01578	0.01850	0.01091	0.01260	0.00995	0.00666	0.00507	0.00169	0.00842	0.00421	0.00332	0.01001
12	0.00933	0.00786	0.00808	0.00803	0.01057	0.00662	0.00602	0.01144	0.01806	0.02186	0.13247	0.07311	0.62150	0.01929	0.00916	0.00260	0.00390	0.01615	0.00732	0.00662
13	0.01771	0.01963	0.03876	0.02859	0.03504	0.04458	0.50535	0.02396	0.04475	0.02414	0.01906	0.09976	0.01658	0.00900	0.00966	0.00268	0.03602	0.01034	0.00444	0.00994
14	0.01900	0.01823	0.03113	0.07491	0.65329	0.01837	0.02370	0.02363	0.01757	0.02510	0.01455	0.01925	0.01220	0.00694	0.00768	0.00231	0.00926	0.00691	0.00382	0.01213
15	0.01097	0.00793	0.01036	0.00975	0.01158	0.00732	0.00732	0.01463	0.02195	0.03109	0.67505	0.05792	0.07316	0.01585	0.00914	0.00244	0.00366	0.01402	0.00854	0.00732
16	0.01754	0.01793	0.02366	0.02034	0.02053	0.05620	0.01687	0.01925	0.01236	0.01868	0.01027	0.01682	0.01017	0.01330	0.02456	0.00333	0.67958	0.00670	0.00342	0.00851
17	0.01555	0.04011	0.68733	0.02210	0.03356	0.01801	0.02865	0.02455	0.01637	0.02455	0.01391	0.01637	0.00982	0.00737	0.00737	0.00246	0.01146	0.00573	0.00327	0.01146
18	0.01445	0.00723	0.00723	0.00723	0.00903	0.00723	0.00542	0.01807	0.01626	0.02891	0.02529	0.02891	0.01987	0.00903	0.00542	0.00181	0.00361	0.00723	0.77055	0.00723
19	0.00972	0.00691	0.00914	0.01082	0.01131	0.00651	0.00730	0.01109	0.01477	0.01966	0.04147	0.64758	0.04947	0.06933	0.01184	0.00345	0.00482	0.05156	0.00703	0.00624
20	0.01097	0.00793	0.01036	0.00975	0.01158	0.00732	0.00732	0.01463	0.02195	0.03109	0.67505	0.05792	0.07316	0.01585	0.00914	0.00244	0.00366	0.01402	0.00854	0.00732
21	0.01919	0.01842	0.03147	0.04759	0.67914	0.01842	0.02380	0.02380	0.01765	0.02533	0.01458	0.01919	0.01228	0.00691	0.00768	0.00230	0.00921	0.00691	0.00384	0.01228
22	0.02947	0.02172	0.02327	0.01784	0.02404	0.02404	0.01474	0.65329	0.03646	0.04887	0.01862	0.01862	0.01319	0.00931	0.00776	0.00233	0.00853	0.00698	0.00776	0.01319
23	0.78228	0.01499	0.01140	0.01020	0.01499	0.01739	0.00840	0.02279	0.01320	0.03479	0.01080	0.01260	0.00840	0.00720	0.00480	0.00240	0.00600	0.00420	0.00480	0.00840
24	0.01933	0.54549	0.21508	0.01565	0.02358	0.02726	0.01742	0.02358	0.01592	0.01995	0.01163	0.01350	0.00992	0.00683	0.00562	0.00187	0.00915	0.00457	0.00331	0.01036
25	0.00945	0.00675	0.00900	0.01080	0.01125	0.00630	0.00720	0.01080	0.01484	0.01979	0.04274	0.72245	0.05128	0.02429	0.00990	0.00315	0.00450	0.02204	0.00720	0.00630
26	0.00945	0.00675	0.00900	0.01080	0.01125	0.00630	0.00720	0.01080	0.01484	0.01979	0.04274	0.72245	0.05128	0.02429	0.00990	0.00315	0.00450	0.02204	0.00720	0.00630
27	0.01364	0.01009	0.01322	0.01332	0.01521	0.01016	0.03084	0.11288	0.01888	0.02509	0.03694	0.41668	0.04156	0.04923	0.01092	0.00328	0.00614	0.15721	0.00706	0.00764
28	0.01464	0.01378	0.02326	0.70887	0.05340	0.01723	0.02153	0.01981	0.01550	0.01981	0.01378	0.02067	0.01034	0.00775	0.00775	0.00258	0.01034	0.00689	0.00345	0.00861
29	0.02073	0.73217	0.04063	0.01327	0.01990	0.03068	0.01327	0.02322	0.01575	0.01824	0.01078	0.01244	0.00995	0.00663	0.00498	0.00166	0.00829	0.00415	0.00332	0.00995
30	0.02896	0.03695	0.02197	0.01998	0.02397	0.69638	0.01498	0.03096	0.02197	0.01898	0.01199	0.01398	0.00999	0.00799	0.00699	0.00200	0.01398	0.00499	0.00400	0.00899
31	0.00945	0.00675	0.00900	0.01080	0.01125	0.00630	0.00720	0.01080	0.01484	0.01979	0.04274	0.72245	0.05128	0.02429	0.00990	0.00315	0.00450	0.02204	0.00720	0.00630
32	0.01128	0.00752	0.00846	0.00846	0.00846	0.00752	0.00470	0.01128	0.01128	0.01503	0.02443	0.05074	0.02819	0.72751	0.03946	0.00752	0.00752	0.01128	0.00470	0.00470
33	0.01555	0.04011	0.68733	0.02210	0.03356	0.01801	0.02865	0.02455	0.01637	0.02455	0.01391	0.01637	0.00982	0.00737	0.00737	0.00246	0.01146	0.00573	0.00327	0.01146
34	0.00916	0.00785	0.00785	0.00785	0.01047	0.00655	0.00589	0.01113	0.01767	0.02095	0.07855	0.07462	0.67599	0.01964	0.00916	0.00262	0.00393	0.01636	0.00720	0.00655
35	0.00928	0.00786	0.00802	0.00798	0.01054	0.00660	0.00598	0.01135	0.01795	0.02160	0.11687	0.07355	0.63726	0.01939	0.00916	0.00261	0.00391	0.01621	0.00729	0.00660
