[name]
unknown

[dist]
# distance from previous block
# <min> <max>
0	1

[block]
# block no. 0 follows, 20 sequences, length 40
# corresponding to MSA columns:
# 1-40
name=unknown_A
#
# <colnr> <probs for GDERKNQSTAVLIFYWHMCP>
#	G	D	E	R	K	N	Q	S	T	A	V	L	I	F	Y	W	H	M	C	P
0	0.01646	0.01185	0.01558	0.01657	0.01920	0.01218	0.01437	0.09250	0.02271	0.02973	0.04301	0.08865	0.04575	0.02238	0.01163	0.00384	0.00823	0.50834	0.00812	0.00889
1	0.03167	0.10042	0.05470	0.02025	0.02667	0.24373	0.01693	0.28577	0.03086	0.08040	0.01818	0.01894	0.01353	0.00958	0.00809	0.00242	0.01167	0.00676	0.00668	0.01275
2	0.02717	0.06901	0.07916	0.02981	0.20088	0.15969	0.02038	0.22023	0.02763	0.03498	0.01923	0.02138	0.03286	0.00940	0.00834	0.00251	0.01121	0.00738	0.00584	0.01292
3	0.02975	0.01981	0.02227	0.01764	0.02382	0.02090	0.01432	0.33655	0.11226	0.15786	0.06604	0.04824	0.02333	0.01149	0.00880	0.00264	0.00814	0.00919	0.00895	0.05800
4	0.01223	0.00935	0.01130	0.01109	0.01332	0.00874	0.00820	0.01686	0.06154	0.03055	0.38205	0.15821	0.20445	0.01982	0.01032	0.00292	0.00451	0.01732	0.00898	0.00823
5	0.02310	0.01842	0.01977	0.01757	0.02265	0.02098	0.01373	0.04604	0.57515	0.08544	0.03542	0.03231	0.02622	0.01175	0.00887	0.00294	0.00695	0.00977	0.00903	0.01389
6	0.02850	0.02035	0.02326	0.05703	0.02674	0.02072	0.01488	0.34806	0.03140	0.10729	0.02048	0.02119	0.01481	0.00926	0.00809	0.00227	0.00860	0.00718	0.00764	0.22227
7	0.03278	0.09190	0.06153	0.01755	0.02462	0.02116	0.01542	0.27145	0.03011	0.27529	0.02520	0.02392	0.01715	0.01014	0.00828	0.00255	0.00869	0.00780	0.04040	0.01405
8	0.02170	0.01874	0.01972	0.01775	0.02268	0.02170	0.01381	0.04635	0.62327	0.03649	0.03550	0.03254	0.02663	0.01183	0.00888	0.00296	0.00690	0.00986	0.00888	0.01381
9	0.01243	0.00896	0.01234	0.01246	0.01346	0.00989	0.00893	0.01445	0.01375	0.01930	0.02613	0.07980	0.02709	0.26503	0.42353	0.01162	0.01750	0.01132	0.00507	0.00694
10	0.01124	0.00876	0.01020	0.01009	0.01242	0.00772	0.00747	0.01423	0.02172	0.02850	0.32662	0.13081	0.33759	0.02068	0.01038	0.00291	0.00434	0.01783	0.00877	0.00772
11	0.01647	0.01550	0.02616	0.67248	0.06008	0.01938	0.02422	0.02229	0.01744	0.02229	0.01550	0.02326	0.01163	0.00872	0.00872	0.00291	0.01163	0.00775	0.00388	0.00969
12	0.03017	0.03553	0.02723	0.02923	0.16391	0.46497	0.01905	0.07929	0.02494	0.02565	0.01474	0.01746	0.01210	0.00884	0.00811	0.00235	0.01404	0.00628	0.00480	0.01132
13	0.01057	0.00783	0.00987	0.01151	0.01248	0.00714	0.00781	0.01222	0.01731	0.02252	0.05586	0.57114	0.16928	0.02632	0.01097	0.00343	0.00494	0.02356	0.00810	0.00714
14	0.15011	0.02390	0.02340	0.01841	0.02500	0.07068	0.01506	0.43724	0.03417	0.04834	0.01864	0.01929	0.01358	0.00973	0.00798	0.00252	0.00939	0.00702	0.00766	0.05789
15	0.01438	0.01221	0.01864	0.05624	0.02067	0.01487	0.03947	0.01742	0.01431	0.02066	0.02054	0.03152	0.01937	0.08731	0.43015	0.01052	0.14982	0.00916	0.00448	0.00827
16	0.28615	0.04961	0.02066	0.03951	0.02279	0.02266	0.01321	0.29883	0.02734	0.04356	0.01790	0.02090	0.01393	0.05046	0.00946	0.00295	0.00838	0.00690	0.03303	0.01176
17	0.01516	0.01230	0.01518	0.01683	0.06046	0.01287	0.01154	0.02446	0.20530	0.02823	0.07963	0.32252	0.07960	0.02004	0.01023	0.00325	0.00613	0.05835	0.00816	0.00979
18	0.01362	0.01151	0.01789	0.33363	0.03553	0.01317	0.01575	0.01713	0.01677	0.02189	0.03072	0.31831	0.03337	0.06657	0.01237	0.00359	0.00851	0.01562	0.00584	0.00822
19	0.01642	0.01493	0.02424	0.54465	0.05150	0.01864	0.02183	0.02161	0.01714	0.02291	0.01750	0.05231	0.01436	0.01015	0.01024	0.00295	0.06437	0.00851	0.05629	0.00945
20	0.02154	0.02330	0.08030	0.05803	0.23281	0.05727	0.22591	0.02855	0.05667	0.05491	0.02045	0.06307	0.01697	0.00933	0.00932	0.00280	0.01175	0.00963	0.00509	0.01232
21	0.01081	0.00773	0.01028	0.01202	0.01269	0.00720	0.00811	0.01259	0.01753	0.02359	0.10890	0.62317	0.06025	0.02634	0.01105	0.00346	0.00496	0.02386	0.00825	0.00720
22	0.03446	0.02234	0.02488	0.01908	0.02601	0.02394	0.01576	0.48605	0.03751	0.18382	0.02388	0.02285	0.01631	0.01054	0.00874	0.00264	0.00912	0.00805	0.00918	0.01484
23	0.06553	0.61747	0.04153	0.01432	0.02133	0.03206	0.01408	0.02574	0.01759	0.02233	0.01311	0.01512	0.01176	0.00766	0.00562	0.00192	0.00886	0.00488	0.04818	0.01091
24	0.01255	0.00848	0.00947	0.00947	0.00965	0.00839	0.00536	0.01268	0.01310	0.01730	0.03103	0.05865	0.06689	0.65433	0.04241	0.00814	0.00822	0.01302	0.00545	0.00541
25	0.01063	0.00759	0.01012	0.01215	0.01265	0.00709	0.00810	0.01215	0.01670	0.02227	0.04808	0.68775	0.05769	0.02733	0.01113	0.00354	0.00506	0.02480	0.00810	0.00709
26	0.02332	0.69869	0.04571	0.01493	0.02239	0.03451	0.01493	0.02612	0.01772	0.02052	0.01213	0.01399	0.01119	0.00746	0.00560	0.00187	0.00933	0.00466	0.00373	0.01119
27	0.01809	0.01550	0.01809	0.01292	0.02067	0.01163	0.01034	0.02196	0.01809	0.02842	0.01550	0.01809	0.01292	0.00646	0.00646	0.00129	0.00646	0.00517	0.00517	0.74677
28	0.01983	0.02217	0.04701	0.03417	0.04183	0.02141	0.52653	0.02642	0.01982	0.02708	0.01920	0.06665	0.01602	0.00922	0.01165	0.00304	0.06099	0.01105	0.00461	0.01130
29	0.02152	0.49676	0.23187	0.01800	0.02714	0.03011	0.02027	0.02658	0.01794	0.02272	0.01322	0.01536	0.01115	0.00772	0.00643	0.00214	0.01043	0.00521	0.00372	0.01172
30	0.02385	0.06801	0.02616	0.33189	0.06155	0.06554	0.01958	0.07662	0.08287	0.12803	0.02071	0.02381	0.01505	0.00941	0.00846	0.00272	0.01038	0.00777	0.00595	0.01164
31	0.01515	0.00758	0.01136	0.01136	0.01136	0.00758	0.00758	0.01136	0.01136	0.01515	0.01515	0.02652	0.01515	0.03030	0.03409	0.74621	0.00758	0.00758	0.00379	0.00379
32	0.02104	0.02016	0.03441	0.12018	0.57670	0.02058	0.02650	0.02629	0.01960	0.02783	0.01631	0.02177	0.01358	0.00787	0.00864	0.00262	0.01050	0.00777	0.00427	0.01337
33	0.06378	0.25182	0.16465	0.07575	0.11679	0.02523	0.02055	0.02964	0.12103	0.02712	0.01774	0.01994	0.01410	0.00856	0.00740	0.00248	0.00986	0.00663	0.00479	0.01215
34	0.01195	0.00890	0.01111	0.01055	0.01279	0.00806	0.00792	0.01569	0.02375	0.03274	0.52730	0.06884	0.19083	0.01867	0.01029	0.00278	0.00417	0.01629	0.00931	0.00806
35	0.01279	0.00881	0.01007	0.01043	0.01277	0.00770	0.00756	0.01493	0.01908	0.06861	0.06773	0.28567	0.36284	0.02251	0.01028	0.00309	0.00484	0.01943	0.04301	0.00785
36	0.01360	0.01145	0.05022	0.01243	0.01541	0.00927	0.01046	0.01781	0.02310	0.05352	0.42835	0.06800	0.13705	0.01840	0.01036	0.00295	0.00535	0.09476	0.00889	0.00861
37	0.02820	0.20571	0.08008	0.01872	0.02565	0.11782	0.01681	0.29101	0.02934	0.03750	0.01757	0.01885	0.01350	0.00927	0.00758	0.00234	0.01034	0.00659	0.05045	0.01264
38	0.01031	0.00884	0.00884	0.00884	0.01178	0.00736	0.00663	0.01252	0.01988	0.02356	0.08837	0.08395	0.63549	0.02209	0.01031	0.00295	0.00442	0.01841	0.00810	0.00736
39	0.01749	0.01751	0.03238	0.41100	0.05072	0.01995	0.18525	0.02331	0.01784	0.02364	0.01642	0.02387	0.01279	0.01274	0.05634	0.00376	0.05224	0.00857	0.00408	0.01012

[dist]
# distance from previous block
# <min> <max>
0	1

[block]
# block no. 1 follows, 20 sequences, length 8
# corresponding to MSA columns:
# 42-49
name=unknown_B
#
# <colnr> <probs for GDERKNQSTAVLIFYWHMCP>
#	G	D	E	R	K	N	Q	S	T	A	V	L	I	F	Y	W	H	M	C	P
0	0.02159	0.02073	0.03541	0.05354	0.63903	0.02073	0.02677	0.02677	0.01986	0.02850	0.01641	0.02159	0.01382	0.00777	0.00864	0.00259	0.01036	0.00777	0.00432	0.01382
1	0.02047	0.05954	0.02153	0.05878	0.02437	0.01580	0.01246	0.10672	0.02131	0.03133	0.01607	0.01859	0.01300	0.00725	0.00688	0.00163	0.00744	0.00570	0.00550	0.54561
2	0.10229	0.02577	0.02270	0.01907	0.02478	0.16118	0.01514	0.26810	0.19907	0.04091	0.02255	0.02241	0.01684	0.01030	0.00825	0.00264	0.00988	0.00762	0.00752	0.01298
3	0.75506	0.01687	0.01282	0.01147	0.01687	0.01957	0.00945	0.02564	0.01484	0.03914	0.01215	0.01417	0.00945	0.00810	0.00540	0.00270	0.00675	0.00472	0.00540	0.00945
4	0.01838	0.10240	0.54061	0.02643	0.08825	0.02159	0.03019	0.02741	0.01848	0.02705	0.01540	0.01829	0.01130	0.00817	0.00807	0.00267	0.01235	0.00640	0.00374	0.01282
5	0.01513	0.01207	0.01458	0.01259	0.01694	0.00993	0.00948	0.01792	0.01722	0.02513	0.02817	0.19464	0.03015	0.10637	0.01330	0.00309	0.00655	0.06922	0.00619	0.39133
6	0.07315	0.01618	0.02617	0.55401	0.12064	0.01954	0.02338	0.02304	0.01751	0.02425	0.01535	0.02238	0.01170	0.00857	0.00846	0.00286	0.01112	0.00752	0.00404	0.01013
7	0.01246	0.00935	0.01402	0.01402	0.01558	0.01090	0.01090	0.01558	0.01402	0.02025	0.02336	0.03427	0.02181	0.06542	0.65888	0.01402	0.02336	0.00935	0.00467	0.00779

[dist]
# distance from previous block
# <min> <max>
0	32

[block]
# block no. 2 follows, 20 sequences, length 61
# corresponding to MSA columns:
# 82-142
name=unknown_C
#
# <colnr> <probs for GDERKNQSTAVLIFYWHMCP>
#	G	D	E	R	K	N	Q	S	T	A	V	L	I	F	Y	W	H	M	C	P
0	0.02781	0.02259	0.02255	0.01846	0.02432	0.07365	0.01480	0.32581	0.21837	0.04397	0.02513	0.02476	0.01862	0.01059	0.00844	0.00260	0.00876	0.00820	0.05553	0.04504
1	0.02015	0.02283	0.04967	0.03569	0.04415	0.02141	0.58120	0.02725	0.02042	0.02769	0.01897	0.05251	0.01518	0.00822	0.01033	0.00297	0.01429	0.01093	0.00457	0.01156
2	0.01513	0.01380	0.01694	0.01644	0.01695	0.05212	0.01237	0.01671	0.01564	0.02133	0.03115	0.35620	0.03617	0.07480	0.01993	0.00396	0.24977	0.01650	0.00611	0.00801
3	0.01999	0.02059	0.02658	0.02287	0.02317	0.06897	0.01893	0.02192	0.01412	0.02102	0.01159	0.01886	0.01144	0.01485	0.02724	0.00371	0.63322	0.00750	0.00386	0.00958
4	0.01162	0.00835	0.01101	0.01147	0.01287	0.00774	0.00817	0.01463	0.02130	0.02958	0.38557	0.32940	0.07186	0.02186	0.01065	0.00308	0.00452	0.01960	0.00896	0.00774
5	0.01700	0.01604	0.02711	0.60892	0.11953	0.01952	0.02449	0.02275	0.01769	0.02292	0.01560	0.02308	0.01185	0.00862	0.00871	0.00287	0.01150	0.00775	0.00392	0.01011
6	0.01674	0.01602	0.02779	0.63151	0.05914	0.01955	0.06180	0.02265	0.01764	0.02265	0.01564	0.02327	0.01173	0.00863	0.00882	0.00291	0.01183	0.00792	0.00391	0.00982
7	0.01268	0.00846	0.00951	0.00951	0.00951	0.00846	0.00529	0.01268	0.01268	0.01691	0.02748	0.05708	0.03171	0.69345	0.04440	0.00846	0.00846	0.01268	0.00529	0.00529
8	0.01894	0.04309	0.60624	0.02424	0.03672	0.01976	0.03093	0.02862	0.01885	0.06892	0.01691	0.01917	0.01175	0.00846	0.00832	0.00276	0.01253	0.00660	0.00416	0.01302
9	0.49434	0.01691	0.01852	0.12333	0.02648	0.01926	0.05961	0.05042	0.01702	0.03508	0.01585	0.06013	0.01346	0.00949	0.00685	0.00280	0.00821	0.00710	0.00539	0.00976
10	0.01161	0.00900	0.01358	0.01397	0.01531	0.00840	0.05571	0.01388	0.01789	0.02412	0.11046	0.56619	0.05688	0.02469	0.01097	0.00341	0.00572	0.02265	0.00797	0.00758
11	0.01406	0.00932	0.01181	0.01102	0.01354	0.00840	0.00832	0.01770	0.02359	0.08102	0.47188	0.09057	0.16895	0.01837	0.01021	0.00281	0.00447	0.01602	0.00939	0.00856
12	0.03404	0.01540	0.02161	0.01669	0.02319	0.01380	0.05083	0.03944	0.07236	0.49355	0.06806	0.03111	0.02467	0.01088	0.00887	0.00268	0.00761	0.00921	0.00991	0.04608
13	0.02020	0.02150	0.04359	0.03342	0.07538	0.02044	0.45812	0.05988	0.02165	0.02909	0.02497	0.03222	0.06484	0.00966	0.01020	0.00296	0.01297	0.04228	0.00515	0.01151
14	0.71441	0.01679	0.01355	0.04785	0.01925	0.01956	0.01026	0.02546	0.01499	0.03821	0.01233	0.01467	0.00957	0.00813	0.00558	0.00271	0.00702	0.00489	0.00531	0.00946
15	0.02008	0.02056	0.06258	0.21077	0.46168	0.02036	0.02638	0.02566	0.01917	0.02686	0.01614	0.02186	0.01312	0.00804	0.00864	0.00268	0.01081	0.00770	0.00417	0.01271
16	0.03316	0.02443	0.02618	0.02007	0.02705	0.02705	0.01658	0.60995	0.04101	0.05497	0.02094	0.02094	0.01483	0.01047	0.00873	0.00262	0.00960	0.00785	0.00873	0.01483
17	0.01809	0.01550	0.01809	0.01292	0.02067	0.01163	0.01034	0.02196	0.01809	0.02842	0.01550	0.01809	0.01292	0.00646	0.00646	0.00129	0.00646	0.00517	0.00517	0.74677
18	0.02170	0.01874	0.01972	0.01775	0.02268	0.02170	0.01381	0.04635	0.62327	0.03649	0.03550	0.03254	0.02663	0.01183	0.00888	0.00296	0.00690	0.00986	0.00888	0.01381
19	0.01427	0.01267	0.05533	0.01315	0.01636	0.01064	0.01114	0.06392	0.02399	0.03288	0.36900	0.09221	0.13284	0.01843	0.01032	0.00298	0.00578	0.09653	0.00867	0.00889
20	0.01974	0.04198	0.58313	0.02389	0.03615	0.01949	0.03022	0.02917	0.01910	0.09165	0.01760	0.01959	0.01214	0.00855	0.00834	0.00276	0.01232	0.00669	0.00442	0.01309
21	0.01063	0.00759	0.01012	0.01215	0.01265	0.00709	0.00810	0.01215	0.01670	0.02227	0.04808	0.68775	0.05769	0.02733	0.01113	0.00354	0.00506	0.02480	0.00810	0.00709
22	0.01063	0.00759	0.01012	0.01215	0.01265	0.00709	0.00810	0.01215	0.01670	0.02227	0.04808	0.68775	0.05769	0.02733	0.01113	0.00354	0.00506	0.02480	0.00810	0.00709
23	0.02680	0.02534	0.02155	0.05632	0.02497	0.28201	0.01523	0.06151	0.02185	0.12194	0.01974	0.02360	0.01582	0.02415	0.17588	0.00548	0.05420	0.00744	0.00570	0.01047
24	0.02332	0.69869	0.04571	0.01493	0.02239	0.03451	0.01493	0.02612	0.01772	0.02052	0.01213	0.01399	0.01119	0.00746	0.00560	0.00187	0.00933	0.00466	0.00373	0.01119
25	0.01515	0.00758	0.01136	0.01136	0.01136	0.00758	0.00758	0.01136	0.01136	0.01515	0.01515	0.02652	0.01515	0.03030	0.03409	0.74621	0.00758	0.00758	0.00379	0.00379
26	0.75506	0.01687	0.01282	0.01147	0.01687	0.01957	0.00945	0.02564	0.01484	0.03914	0.01215	0.01417	0.00945	0.00810	0.00540	0.00270	0.00675	0.00472	0.00540	0.00945
27	0.02126	0.01824	0.01940	0.01765	0.02242	0.02103	0.01382	0.04473	0.58873	0.03589	0.03611	0.03632	0.02798	0.01254	0.00906	0.00302	0.00697	0.04253	0.00883	0.01348
28	0.02279	0.01896	0.02015	0.01778	0.02277	0.02167	0.01390	0.12936	0.50075	0.03846	0.03403	0.06832	0.02663	0.01252	0.00898	0.00294	0.00720	0.01041	0.00881	0.01358
29	0.03209	0.04063	0.02520	0.02388	0.05475	0.62948	0.01730	0.03447	0.02450	0.02167	0.01362	0.01600	0.01135	0.00893	0.00790	0.00226	0.01549	0.00572	0.00449	0.01028
30	0.02434	0.01620	0.01722	0.01417	0.01864	0.01744	0.01138	0.31012	0.02985	0.04371	0.06058	0.02875	0.02220	0.01077	0.00764	0.00236	0.00679	0.00845	0.33798	0.01143
31	0.02170	0.01874	0.01972	0.01775	0.02268	0.02170	0.01381	0.04635	0.62327	0.03649	0.03550	0.03254	0.02663	0.01183	0.00888	0.00296	0.00690	0.00986	0.00888	0.01381
32	0.01235	0.00892	0.01166	0.01097	0.01303	0.00823	0.00823	0.01646	0.02469	0.03498	0.63443	0.06516	0.08230	0.01783	0.01029	0.00274	0.00412	0.01578	0.00960	0.00823
33	0.70747	0.01678	0.01368	0.05407	0.01965	0.01956	0.01040	0.02542	0.01501	0.03805	0.01236	0.01476	0.00959	0.00814	0.00561	0.00271	0.00706	0.00492	0.00530	0.00946
34	0.01879	0.16973	0.49915	0.02361	0.03523	0.02310	0.06081	0.02735	0.01840	0.02627	0.01509	0.01785	0.01120	0.00808	0.00788	0.00260	0.01231	0.00632	0.00373	0.01250
35	0.01063	0.00759	0.01012	0.01215	0.01265	0.00709	0.00810	0.01215	0.01670	0.02227	0.04808	0.68775	0.05769	0.02733	0.01113	0.00354	0.00506	0.02480	0.00810	0.00709
36	0.01388	0.00926	0.01215	0.01123	0.01356	0.00849	0.00849	0.01795	0.02471	0.06992	0.60007	0.06313	0.07883	0.01743	0.01020	0.00274	0.00430	0.01537	0.00967	0.00861
37	0.02227	0.58131	0.15393	0.01671	0.02515	0.03195	0.01803	0.02639	0.01785	0.02180	0.01276	0.01479	0.01117	0.00761	0.00608	0.00203	0.00997	0.00498	0.00372	0.01150
38	0.01031	0.00884	0.00884	0.00884	0.01178	0.00736	0.00663	0.01252	0.01988	0.02356	0.08837	0.08395	0.63549	0.02209	0.01031	0.00295	0.00442	0.01841	0.00810	0.00736
39	0.01063	0.00759	0.01012	0.01215	0.01265	0.00709	0.00810	0.01215	0.01670	0.02227	0.04808	0.68775	0.05769	0.02733	0.01113	0.00354	0.00506	0.02480	0.00810	0.00709
40	0.01762	0.01759	0.06183	0.07075	0.34942	0.01609	0.02028	0.02255	0.02081	0.02937	0.18760	0.06550	0.05965	0.01203	0.00925	0.00272	0.00841	0.01105	0.00601	0.01146
41	0.02700	0.02184	0.02874	0.17477	0.07152	0.02449	0.06598	0.36788	0.03149	0.04223	0.01874	0.02164	0.01376	0.00987	0.00971	0.00276	0.03966	0.00801	0.00679	0.01311
42	0.02266	0.02541	0.02670	0.10303	0.02966	0.22417	0.05632	0.02549	0.01810	0.02178	0.01501	0.05562	0.01406	0.01263	0.01747	0.00314	0.30657	0.00813	0.00431	0.00975
43	0.02211	0.08178	0.06573	0.07918	0.34741	0.08390	0.14064	0.02750	0.02009	0.02661	0.01592	0.02072	0.01297	0.00786	0.00862	0.00259	0.01185	0.00774	0.00425	0.01254
44	0.01063	0.00759	0.01012	0.01215	0.01265	0.00709	0.00810	0.01215	0.01670	0.02227	0.04808	0.68775	0.05769	0.02733	0.01113	0.00354	0.00506	0.02480	0.00810	0.00709
45	0.01102	0.00778	0.01009	0.01169	0.01218	0.00735	0.00767	0.01241	0.01642	0.02198	0.07000	0.56370	0.05473	0.12979	0.01623	0.00427	0.00554	0.02254	0.00773	0.00686
46	0.03866	0.01561	0.02071	0.01588	0.02265	0.01395	0.01312	0.08758	0.02624	0.59820	0.03334	0.02899	0.02106	0.01077	0.00877	0.00269	0.00760	0.00870	0.01063	0.01484
47	0.03378	0.01576	0.02021	0.01528	0.02228	0.01367	0.01254	0.08282	0.02465	0.45519	0.02896	0.02630	0.01904	0.00976	0.00823	0.00237	0.00737	0.00786	0.00933	0.18459
48	0.03914	0.01484	0.02024	0.01552	0.02227	0.01282	0.01282	0.04251	0.02497	0.64507	0.03441	0.02969	0.02159	0.01080	0.00877	0.00270	0.00742	0.00877	0.01080	0.01484
49	0.05566	0.08752	0.02512	0.13076	0.02990	0.08240	0.01619	0.25409	0.06356	0.07869	0.02050	0.02216	0.01516	0.00972	0.00800	0.00254	0.00962	0.00740	0.06870	0.01231
50	0.01120	0.00829	0.01046	0.01114	0.01264	0.00755	0.00789	0.01379	0.02017	0.02714	0.26939	0.35563	0.16672	0.02295	0.01068	0.00315	0.00460	0.02039	0.00865	0.00755
51	0.01083	0.00771	0.01020	0.01196	0.01255	0.00722	0.00799	0.01246	0.01707	0.02290	0.08646	0.62054	0.05829	0.05369	0.01243	0.00369	0.00514	0.02370	0.00808	0.00709
52	0.01063	0.00759	0.01012	0.01215	0.01265	0.00709	0.00810	0.01215	0.01670	0.02227	0.04808	0.68775	0.05769	0.02733	0.01113	0.00354	0.00506	0.02480	0.00810	0.00709
53	0.01809	0.01550	0.01809	0.01292	0.02067	0.01163	0.01034	0.02196	0.01809	0.02842	0.01550	0.01809	0.01292	0.00646	0.00646	0.00129	0.00646	0.00517	0.00517	0.74677
54	0.10131	0.29285	0.14098	0.01558	0.02215	0.04772	0.01569	0.02388	0.01916	0.02704	0.15633	0.02716	0.02751	0.01102	0.00834	0.03131	0.00867	0.00770	0.00529	0.01029
55	0.01809	0.02395	0.22736	0.01865	0.02549	0.01576	0.04455	0.02782	0.13807	0.07772	0.07163	0.10751	0.09997	0.01436	0.00943	0.00299	0.00871	0.04971	0.00692	0.01132
56	0.02035	0.02000	0.15072	0.05602	0.05417	0.01471	0.01666	0.02849	0.10609	0.14701	0.20446	0.04075	0.07760	0.01292	0.00921	0.00278	0.00774	0.01098	0.00779	0.01154
57	0.06328	0.04535	0.02379	0.05859	0.07326	0.01643	0.08178	0.08985	0.02255	0.15610	0.10930	0.03536	0.06201	0.05497	0.06519	0.00398	0.00980	0.01008	0.00716	0.01118
58	0.06227	0.05043	0.09407	0.01608	0.02230	0.04813	0.01424	0.13401	0.07327	0.05848	0.06007	0.07156	0.06331	0.03917	0.00967	0.00269	0.00820	0.00937	0.00675	0.15593
59	0.02257	0.09438	0.04648	0.01539	0.02147	0.01836	0.01311	0.15137	0.09987	0.08401	0.13088	0.03272	0.06194	0.01134	0.00827	0.00236	0.00732	0.00916	0.00754	0.16145
60	0.06296	0.01990	0.11855	0.01596	0.02280	0.01511	0.01468	0.06295	0.09107	0.15418	0.10008	0.05831	0.02649	0.01091	0.00825	0.00243	0.00757	0.00897	0.00738	0.19145

[dist]
# distance from previous block
# <min> <max>
25	81

[block]
# block no. 3 follows, 20 sequences, length 61
# corresponding to MSA columns:
# 244-289,291-305
name=unknown_D
#
# <colnr> <probs for GDERKNQSTAVLIFYWHMCP>
#	G	D	E	R	K	N	Q	S	T	A	V	L	I	F	Y	W	H	M	C	P
0	0.22915	0.24817	0.11413	0.01664	0.02345	0.08636	0.04603	0.02582	0.01767	0.02718	0.01727	0.02075	0.03982	0.04516	0.00866	0.00272	0.00973	0.00636	0.00459	0.01037
1	0.07397	0.09926	0.12794	0.07339	0.05815	0.02271	0.06274	0.02531	0.04839	0.02604	0.01502	0.01939	0.01244	0.01002	0.01343	0.00280	0.19583	0.00692	0.00441	0.10184
2	0.02057	0.02328	0.12833	0.06148	0.03108	0.01997	0.12010	0.08471	0.22988	0.03271	0.02487	0.05680	0.01965	0.01027	0.00883	0.00272	0.00963	0.00923	0.00646	0.09942
3	0.66909	0.01876	0.04426	0.01272	0.01858	0.02013	0.01104	0.06667	0.01685	0.03969	0.01293	0.01485	0.00990	0.00827	0.00577	0.00270	0.00724	0.00503	0.00555	0.00999
4	0.01223	0.00834	0.00967	0.00999	0.01026	0.00817	0.00592	0.01272	0.01406	0.01870	0.05439	0.16604	0.06050	0.53111	0.03626	0.00721	0.00757	0.01507	0.00602	0.00577
5	0.02319	0.01767	0.02088	0.06844	0.02459	0.01999	0.01456	0.26394	0.08699	0.03787	0.02244	0.02603	0.01770	0.02215	0.14659	0.00504	0.05240	0.00827	0.08034	0.04091
6	0.08454	0.02199	0.02432	0.17264	0.03352	0.05705	0.01752	0.33216	0.09841	0.04220	0.02023	0.02199	0.01480	0.00995	0.00844	0.00271	0.00987	0.00769	0.00712	0.01284
7	0.01340	0.00920	0.01028	0.01007	0.01062	0.00920	0.00602	0.04084	0.01469	0.01939	0.03226	0.08230	0.07424	0.58774	0.03901	0.00760	0.00809	0.01334	0.00576	0.00595
8	0.02294	0.01739	0.01936	0.01704	0.02138	0.01900	0.01340	0.27767	0.15525	0.03966	0.03358	0.21805	0.03210	0.01655	0.00969	0.00306	0.00763	0.05581	0.00853	0.01191
9	0.01252	0.00911	0.01285	0.01285	0.01400	0.01027	0.00944	0.01482	0.01367	0.01938	0.02444	0.04020	0.02438	0.22882	0.49900	0.01257	0.01949	0.01021	0.00483	0.00714
10	0.02542	0.02754	0.06269	0.08779	0.06693	0.16733	0.18132	0.15425	0.02486	0.03116	0.01650	0.02043	0.01274	0.00931	0.01074	0.00276	0.07328	0.00792	0.00522	0.01182
11	0.01884	0.19651	0.50869	0.02256	0.03419	0.02356	0.02822	0.02728	0.01826	0.02598	0.01484	0.01739	0.01108	0.00810	0.00766	0.00255	0.01207	0.00603	0.00369	0.01250
12	0.01063	0.00759	0.01012	0.01215	0.01265	0.00709	0.00810	0.01215	0.01670	0.02227	0.04808	0.68775	0.05769	0.02733	0.01113	0.00354	0.00506	0.02480	0.00810	0.00709
13	0.01541	0.01263	0.01749	0.14701	0.05575	0.01371	0.01529	0.02273	0.11769	0.02645	0.04015	0.15020	0.07901	0.01857	0.01046	0.00341	0.00800	0.22944	0.00718	0.00940
14	0.01848	0.02291	0.13745	0.24266	0.17460	0.01973	0.13617	0.02576	0.04125	0.02691	0.05488	0.02504	0.01720	0.00885	0.00903	0.00281	0.01152	0.00859	0.00458	0.01158
15	0.01086	0.00891	0.00966	0.01009	0.01272	0.00772	0.00777	0.01326	0.01967	0.02382	0.07950	0.13078	0.51103	0.02276	0.01061	0.00314	0.00497	0.09720	0.00809	0.00744
16	0.02170	0.01874	0.01972	0.01775	0.02268	0.02170	0.01381	0.04635	0.62327	0.03649	0.03550	0.03254	0.02663	0.01183	0.00888	0.00296	0.00690	0.00986	0.00888	0.01381
17	0.55968	0.06618	0.05462	0.01281	0.01866	0.02026	0.01142	0.06100	0.01712	0.03760	0.01411	0.01619	0.01095	0.00836	0.00584	0.00259	0.00728	0.00527	0.06004	0.01001
18	0.08281	0.06945	0.02506	0.02107	0.02605	0.51233	0.01621	0.09880	0.02553	0.02636	0.01417	0.01613	0.01152	0.00902	0.00768	0.00230	0.01410	0.00576	0.00500	0.01065
19	0.01322	0.00827	0.00991	0.00991	0.00991	0.00827	0.00578	0.01240	0.01240	0.01653	0.02481	0.05045	0.02812	0.54962	0.04216	0.16846	0.00827	0.01158	0.00496	0.00496
20	0.02470	0.60111	0.04259	0.01605	0.02307	0.12717	0.01521	0.02741	0.01876	0.02065	0.01233	0.01425	0.01120	0.00769	0.00593	0.00192	0.01028	0.00481	0.00384	0.01103
21	0.02193	0.54292	0.18932	0.01729	0.02605	0.03112	0.01905	0.02648	0.01789	0.02222	0.01297	0.01505	0.01116	0.00766	0.00624	0.00208	0.01018	0.00509	0.00372	0.01160
22	0.01647	0.01550	0.02616	0.67248	0.06008	0.01938	0.02422	0.02229	0.01744	0.02229	0.01550	0.02326	0.01163	0.00872	0.00872	0.00291	0.01163	0.00775	0.00388	0.00969
23	0.02330	0.01791	0.02041	0.01501	0.02250	0.01590	0.01217	0.18349	0.02470	0.06790	0.01798	0.01947	0.01390	0.00778	0.00720	0.00173	0.00737	0.00609	0.00643	0.50878
24	0.01909	0.01206	0.01462	0.01321	0.01686	0.01177	0.01037	0.02684	0.14242	0.14871	0.27685	0.05717	0.14213	0.01640	0.00985	0.00290	0.00562	0.05334	0.00934	0.01045
25	0.03139	0.02311	0.02492	0.01945	0.02592	0.02548	0.01591	0.56305	0.03910	0.05241	0.02307	0.07325	0.01820	0.01179	0.00891	0.00269	0.00924	0.00918	0.00868	0.01423
26	0.05669	0.26469	0.23584	0.01895	0.02706	0.10500	0.02014	0.02730	0.01911	0.05218	0.01809	0.05487	0.01596	0.01000	0.00753	0.00249	0.01083	0.03730	0.00466	0.01132
27	0.75506	0.01687	0.01282	0.01147	0.01687	0.01957	0.00945	0.02564	0.01484	0.03914	0.01215	0.01417	0.00945	0.00810	0.00540	0.00270	0.00675	0.00472	0.00540	0.00945
28	0.75506	0.01687	0.01282	0.01147	0.01687	0.01957	0.00945	0.02564	0.01484	0.03914	0.01215	0.01417	0.00945	0.00810	0.00540	0.00270	0.00675	0.00472	0.00540	0.00945
29	0.10648	0.02242	0.02234	0.11923	0.02900	0.10329	0.01575	0.31008	0.02967	0.04115	0.01911	0.02132	0.01422	0.00972	0.00793	0.00255	0.00971	0.00725	0.09675	0.01203
30	0.01770	0.01676	0.02838	0.52383	0.19913	0.01970	0.02484	0.02336	0.01802	0.02378	0.01572	0.02286	0.01215	0.00849	0.00870	0.00283	0.01132	0.00776	0.00398	0.01068
31	0.01061	0.00765	0.01006	0.01200	0.01261	0.00710	0.00803	0.01216	0.01684	0.02233	0.04988	0.66074	0.08354	0.02709	0.01110	0.00352	0.00503	0.02451	0.00810	0.00710
32	0.75506	0.01687	0.01282	0.01147	0.01687	0.01957	0.00945	0.02564	0.01484	0.03914	0.01215	0.01417	0.00945	0.00810	0.00540	0.00270	0.00675	0.00472	0.00540	0.00945
33	0.01919	0.04026	0.54449	0.02431	0.03607	0.01933	0.05673	0.02840	0.01910	0.07601	0.01850	0.02291	0.01363	0.00911	0.00858	0.00282	0.01234	0.03097	0.00446	0.01279
34	0.75506	0.01687	0.01282	0.01147	0.01687	0.01957	0.00945	0.02564	0.01484	0.03914	0.01215	0.01417	0.00945	0.00810	0.00540	0.00270	0.00675	0.00472	0.00540	0.00945
35	0.75506	0.01687	0.01282	0.01147	0.01687	0.01957	0.00945	0.02564	0.01484	0.03914	0.01215	0.01417	0.00945	0.00810	0.00540	0.00270	0.00675	0.00472	0.00540	0.00945
36	0.01268	0.00846	0.00951	0.00951	0.00951	0.00846	0.00529	0.01268	0.01268	0.01691	0.02748	0.05708	0.03171	0.69345	0.04440	0.00846	0.00846	0.01268	0.00529	0.00529
37	0.75506	0.01687	0.01282	0.01147	0.01687	0.01957	0.00945	0.02564	0.01484	0.03914	0.01215	0.01417	0.00945	0.00810	0.00540	0.00270	0.00675	0.00472	0.00540	0.00945
38	0.02034	0.01586	0.01748	0.01569	0.02004	0.01747	0.01218	0.03798	0.42278	0.07815	0.16632	0.04192	0.06890	0.01356	0.00924	0.00289	0.00622	0.01148	0.00913	0.01236
39	0.01235	0.00892	0.01166	0.01097	0.01303	0.00823	0.00823	0.01646	0.02469	0.03498	0.63443	0.06516	0.08230	0.01783	0.01029	0.00274	0.00412	0.01578	0.00960	0.00823
40	0.01251	0.00915	0.01305	0.01305	0.01427	0.01038	0.00969	0.01495	0.01373	0.01953	0.02425	0.03919	0.02394	0.20093	0.52629	0.01282	0.02015	0.01007	0.00481	0.00725
41	0.02050	0.01961	0.03343	0.18575	0.51537	0.02044	0.02623	0.02581	0.01934	0.02717	0.01621	0.02194	0.01335	0.00797	0.00865	0.00266	0.01063	0.00777	0.00422	0.01294
42	0.70192	0.01672	0.01337	0.01177	0.01727	0.01907	0.00970	0.02689	0.01560	0.08411	0.01380	0.01532	0.01035	0.00830	0.00565	0.00270	0.00680	0.00502	0.00580	0.00985
43	0.01377	0.01017	0.01047	0.01096	0.01215	0.04745	0.00739	0.01568	0.01720	0.02387	0.08000	0.26330	0.07788	0.19892	0.01864	0.00437	0.00630	0.01595	0.15842	0.00710
44	0.01130	0.00844	0.01072	0.01192	0.01263	0.00830	0.00808	0.01271	0.01636	0.02161	0.04825	0.49282	0.12189	0.11893	0.01655	0.00417	0.03937	0.02147	0.00749	0.00699
45	0.02860	0.14610	0.02841	0.05626	0.06001	0.41460	0.01712	0.06662	0.02336	0.02365	0.01449	0.01742	0.01215	0.01166	0.04125	0.00287	0.01418	0.00602	0.00459	0.01064
46	0.14275	0.16389	0.05644	0.02201	0.10571	0.16616	0.01641	0.02795	0.05644	0.02693	0.04461	0.02283	0.04671	0.00998	0.00886	0.00252	0.05684	0.00708	0.00504	0.01083
47	0.02107	0.01774	0.02687	0.14507	0.30115	0.01875	0.02062	0.03000	0.14304	0.07762	0.06224	0.03002	0.04700	0.01022	0.00888	0.00275	0.00901	0.00921	0.00616	0.01257
48	0.02057	0.11028	0.02197	0.01413	0.02037	0.01596	0.01167	0.05359	0.01997	0.08304	0.06500	0.06915	0.02176	0.00997	0.00846	0.00197	0.04265	0.00785	0.00611	0.39555
49	0.01235	0.00892	0.01166	0.01097	0.01303	0.00823	0.00823	0.01646	0.02469	0.03498	0.63443	0.06516	0.08230	0.01783	0.01029	0.00274	0.00412	0.01578	0.00960	0.00823
50	0.03914	0.01484	0.02024	0.01552	0.02227	0.01282	0.01282	0.04251	0.02497	0.64507	0.03441	0.02969	0.02159	0.01080	0.00877	0.00270	0.00742	0.00877	0.01080	0.01484
51	0.01235	0.00892	0.01166	0.01097	0.01303	0.00823	0.00823	0.01646	0.02469	0.03498	0.63443	0.06516	0.08230	0.01783	0.01029	0.00274	0.00412	0.01578	0.00960	0.00823
52	0.02159	0.02073	0.03541	0.05354	0.63903	0.02073	0.02677	0.02677	0.01986	0.02850	0.01641	0.02159	0.01382	0.00777	0.00864	0.00259	0.01036	0.00777	0.00432	0.01382
53	0.02159	0.02073	0.03541	0.05354	0.63903	0.02073	0.02677	0.02677	0.01986	0.02850	0.01641	0.02159	0.01382	0.00777	0.00864	0.00259	0.01036	0.00777	0.00432	0.01382
54	0.01063	0.00759	0.01012	0.01215	0.01265	0.00709	0.00810	0.01215	0.01670	0.02227	0.04808	0.68775	0.05769	0.02733	0.01113	0.00354	0.00506	0.02480	0.00810	0.00709
55	0.02975	0.03516	0.02311	0.02076	0.02539	0.48598	0.01575	0.07978	0.09833	0.02598	0.02199	0.02296	0.05712	0.01037	0.00823	0.00241	0.01339	0.00720	0.00561	0.01074
56	0.01654	0.01300	0.01529	0.01283	0.01784	0.01097	0.00998	0.05475	0.01944	0.02860	0.03005	0.17337	0.05943	0.01364	0.00820	0.00221	0.00617	0.05320	0.06418	0.39033
57	0.01337	0.01345	0.08431	0.01468	0.01797	0.01025	0.01341	0.01774	0.02083	0.02794	0.19348	0.11076	0.12813	0.02068	0.01092	0.00340	0.00700	0.27525	0.00794	0.00850
58	0.07939	0.36375	0.25502	0.01855	0.02774	0.02774	0.02074	0.06995	0.01947	0.02705	0.01403	0.01609	0.01128	0.00803	0.00677	0.00230	0.01041	0.00554	0.00422	0.01193
59	0.02339	0.62794	0.08174	0.01589	0.02355	0.06270	0.01608	0.02662	0.01809	0.02100	0.01241	0.01435	0.01119	0.00758	0.00587	0.00194	0.00985	0.00482	0.00376	0.01125
60	0.01159	0.00889	0.01082	0.01182	0.01385	0.00812	0.00919	0.01429	0.01954	0.02481	0.10712	0.23019	0.29232	0.02359	0.01099	0.00337	0.00557	0.17820	0.00819	0.00755

[dist]
# distance from previous block
# <min> <max>
0	3

[block]
# block no. 4 follows, 20 sequences, length 116
# corresponding to MSA columns:
# 309-424
name=unknown_E
#
# <colnr> <probs for GDERKNQSTAVLIFYWHMCP>
#	G	D	E	R	K	N	Q	S	T	A	V	L	I	F	Y	W	H	M	C	P
0	0.01930	0.14199	0.42084	0.02751	0.13089	0.02264	0.02762	0.02829	0.05214	0.02715	0.01633	0.01902	0.01238	0.00827	0.00795	0.00261	0.01160	0.00657	0.00408	0.01283
1	0.01063	0.00759	0.01012	0.01215	0.01265	0.00709	0.00810	0.01215	0.01670	0.02227	0.04808	0.68775	0.05769	0.02733	0.01113	0.00354	0.00506	0.02480	0.00810	0.00709
2	0.02032	0.02134	0.04171	0.12735	0.24696	0.02143	0.31077	0.02652	0.01965	0.02711	0.01671	0.02267	0.01315	0.00798	0.01022	0.00285	0.03791	0.00900	0.00429	0.01209
3	0.01652	0.09358	0.01698	0.01243	0.01601	0.01363	0.00988	0.04929	0.08373	0.06510	0.26802	0.10189	0.18589	0.01691	0.00949	0.00276	0.00561	0.01434	0.00840	0.00956
4	0.02059	0.02353	0.05147	0.03676	0.04559	0.02206	0.60735	0.02794	0.02059	0.02794	0.01765	0.02353	0.01324	0.00735	0.01029	0.00294	0.01471	0.01029	0.00441	0.01176
5	0.01268	0.00846	0.00951	0.00951	0.00951	0.00846	0.00529	0.01268	0.01268	0.01691	0.02748	0.05708	0.03171	0.69345	0.04440	0.00846	0.00846	0.01268	0.00529	0.00529
6	0.02554	0.05788	0.05650	0.02986	0.17756	0.31781	0.04823	0.02920	0.02107	0.02355	0.01525	0.01954	0.01296	0.01417	0.07016	0.00357	0.05494	0.00685	0.00436	0.01102
7	0.02059	0.02353	0.05147	0.03676	0.04559	0.02206	0.60735	0.02794	0.02059	0.02794	0.01765	0.02353	0.01324	0.00735	0.01029	0.00294	0.01471	0.01029	0.00441	0.01176
8	0.01750	0.04512	0.64825	0.02486	0.03775	0.02026	0.03223	0.02762	0.01842	0.02762	0.01565	0.01842	0.01105	0.00829	0.00829	0.00276	0.01289	0.00645	0.00368	0.01289
9	0.01063	0.00885	0.00929	0.00918	0.01198	0.00750	0.00688	0.01315	0.02065	0.02539	0.17559	0.08095	0.54713	0.02141	0.01031	0.00291	0.00437	0.01799	0.00834	0.00750
10	0.01995	0.02250	0.04880	0.03518	0.04346	0.02109	0.56871	0.02692	0.02034	0.02758	0.01961	0.06636	0.01610	0.00864	0.01035	0.00298	0.01408	0.01123	0.00465	0.01146
11	0.02391	0.01824	0.01979	0.01747	0.02263	0.02057	0.01368	0.04586	0.54726	0.11381	0.03536	0.03218	0.02599	0.01170	0.00886	0.00293	0.00697	0.00972	0.00912	0.01394
12	0.01088	0.00777	0.01041	0.01244	0.01305	0.00730	0.00854	0.01258	0.01695	0.02255	0.04794	0.64421	0.05714	0.02709	0.01120	0.00358	0.00528	0.06584	0.00809	0.00715
13	0.02040	0.01941	0.03184	0.12388	0.32250	0.02036	0.09850	0.02998	0.14656	0.02916	0.02205	0.02845	0.01808	0.00957	0.00909	0.00283	0.01024	0.03897	0.00543	0.01269
14	0.01538	0.01122	0.01501	0.08384	0.02072	0.01155	0.01212	0.02188	0.09159	0.05850	0.31221	0.08992	0.05719	0.01770	0.01033	0.00311	0.00633	0.14364	0.00854	0.00923
15	0.01063	0.00759	0.01012	0.01215	0.01265	0.00709	0.00810	0.01215	0.01670	0.02227	0.04808	0.68775	0.05769	0.02733	0.01113	0.00354	0.00506	0.02480	0.00810	0.00709
16	0.02153	0.02090	0.03638	0.05252	0.60293	0.02081	0.06209	0.02684	0.01991	0.02846	0.01648	0.02171	0.01378	0.00775	0.00874	0.00261	0.01063	0.00793	0.00432	0.01369
17	0.01908	0.01908	0.02672	0.02290	0.02290	0.02672	0.01908	0.02099	0.01336	0.02099	0.01145	0.01908	0.01145	0.01527	0.02863	0.00382	0.67748	0.00763	0.00382	0.00954
18	0.01775	0.10065	0.41948	0.02508	0.10242	0.01985	0.02619	0.02565	0.01949	0.02817	0.11110	0.02558	0.02241	0.00962	0.00837	0.00265	0.01089	0.00787	0.00468	0.01211
19	0.03258	0.04157	0.02472	0.02247	0.02697	0.65843	0.01685	0.03483	0.02472	0.02135	0.01348	0.01573	0.01124	0.00899	0.00787	0.00225	0.01573	0.00562	0.00449	0.01011
20	0.01061	0.00767	0.01004	0.01193	0.01259	0.00710	0.00800	0.01217	0.01691	0.02235	0.05072	0.64820	0.09555	0.02698	0.01108	0.00350	0.00502	0.02438	0.00810	0.00710
21	0.01210	0.00882	0.01138	0.01091	0.01293	0.00810	0.00812	0.01592	0.02386	0.03341	0.56080	0.10716	0.11636	0.01873	0.01034	0.00281	0.00420	0.01654	0.00941	0.00810
22	0.02494	0.45216	0.11573	0.01792	0.02545	0.15495	0.01755	0.05906	0.02042	0.02340	0.01330	0.01526	0.01138	0.00803	0.00654	0.00209	0.01105	0.00524	0.00414	0.01139
23	0.01389	0.00992	0.01386	0.01587	0.01781	0.00990	0.01377	0.01778	0.01992	0.02592	0.04628	0.12708	0.05057	0.02425	0.01200	0.00399	0.00789	0.55328	0.00804	0.00799
24	0.01201	0.00890	0.01120	0.01063	0.01283	0.00809	0.00797	0.01582	0.02391	0.03312	0.54546	0.06822	0.17244	0.01853	0.01029	0.00278	0.00416	0.01620	0.00936	0.00809
25	0.75506	0.01687	0.01282	0.01147	0.01687	0.01957	0.00945	0.02564	0.01484	0.03914	0.01215	0.01417	0.00945	0.00810	0.00540	0.00270	0.00675	0.00472	0.00540	0.00945
26	0.01287	0.00861	0.01032	0.01032	0.01076	0.00892	0.00645	0.01375	0.01331	0.01858	0.02673	0.05098	0.02915	0.52504	0.16359	0.00914	0.01113	0.01173	0.05266	0.00596
27	0.03316	0.02443	0.02618	0.02007	0.02705	0.02705	0.01658	0.60995	0.04101	0.05497	0.02094	0.02094	0.01483	0.01047	0.00873	0.00262	0.00960	0.00785	0.00873	0.01483
28	0.02066	0.01303	0.01388	0.01219	0.01563	0.01399	0.00960	0.17411	0.05747	0.03765	0.02653	0.02965	0.02061	0.01442	0.05516	0.00312	0.00708	0.00824	0.45683	0.01016
29	0.02332	0.69869	0.04571	0.01493	0.02239	0.03451	0.01493	0.02612	0.01772	0.02052	0.01213	0.01399	0.01119	0.00746	0.00560	0.00187	0.00933	0.00466	0.00373	0.01119
30	0.52675	0.02365	0.15230	0.01588	0.02312	0.02022	0.03977	0.05723	0.01725	0.03703	0.01360	0.01584	0.01024	0.00823	0.00640	0.00272	0.00856	0.00549	0.00516	0.01057
31	0.02078	0.15264	0.07995	0.03044	0.03915	0.02366	0.42555	0.02719	0.01977	0.02654	0.01635	0.02109	0.01271	0.00737	0.00905	0.00262	0.01305	0.00869	0.00429	0.05911
32	0.01916	0.01967	0.02808	0.02344	0.02518	0.06441	0.09894	0.02202	0.01519	0.02186	0.01425	0.02179	0.01326	0.02139	0.12055	0.00515	0.44385	0.00813	0.00407	0.00962
33	0.01624	0.01350	0.01613	0.01288	0.01876	0.01054	0.00999	0.01959	0.01786	0.02694	0.02411	0.17185	0.02455	0.01189	0.00775	0.00191	0.00621	0.03383	0.00595	0.54951
34	0.01626	0.00813	0.00813	0.00813	0.01016	0.00813	0.00610	0.02033	0.01829	0.03252	0.02846	0.03252	0.02236	0.01016	0.00610	0.00203	0.00407	0.00813	0.74187	0.00813
35	0.01069	0.00782	0.01006	0.01168	0.01257	0.00719	0.00793	0.01245	0.01757	0.02320	0.08856	0.57773	0.12823	0.02612	0.01098	0.00342	0.00493	0.02349	0.00819	0.00719
36	0.01222	0.00891	0.01149	0.01084	0.01296	0.00818	0.00813	0.01622	0.02440	0.03429	0.60121	0.06630	0.11595	0.01809	0.01029	0.00276	0.00413	0.01594	0.00951	0.00818
37	0.01248	0.00928	0.01369	0.01369	0.01513	0.01072	0.01049	0.01536	0.01392	0.02000	0.02367	0.03595	0.02254	0.11182	0.61348	0.01361	0.02226	0.00959	0.00472	0.00760
38	0.03429	0.06610	0.02218	0.01537	0.02234	0.01517	0.01283	0.07527	0.02441	0.46404	0.02893	0.02615	0.01903	0.00985	0.00817	0.00241	0.00756	0.00785	0.00926	0.12879
39	0.01229	0.00868	0.01140	0.01170	0.01240	0.00923	0.00794	0.01376	0.01382	0.01904	0.02893	0.14252	0.03166	0.34359	0.28405	0.00993	0.01388	0.01317	0.00546	0.00655
40	0.01406	0.01004	0.01406	0.01606	0.01807	0.01004	0.01406	0.01807	0.02008	0.02610	0.04618	0.09839	0.05020	0.02410	0.01205	0.00402	0.00803	0.58032	0.00803	0.00803
41	0.03037	0.01623	0.01954	0.01513	0.02135	0.01532	0.01234	0.17294	0.02693	0.30217	0.05394	0.02756	0.02131	0.01024	0.00814	0.00237	0.00725	0.00819	0.09442	0.13425
42	0.03258	0.04157	0.02472	0.02247	0.02697	0.65843	0.01685	0.03483	0.02472	0.02135	0.01348	0.01573	0.01124	0.00899	0.00787	0.00225	0.01573	0.00562	0.00449	0.01011
43	0.75506	0.01687	0.01282	0.01147	0.01687	0.01957	0.00945	0.02564	0.01484	0.03914	0.01215	0.01417	0.00945	0.00810	0.00540	0.00270	0.00675	0.00472	0.00540	0.00945
44	0.03316	0.02443	0.02618	0.02007	0.02705	0.02705	0.01658	0.60995	0.04101	0.05497	0.02094	0.02094	0.01483	0.01047	0.00873	0.00262	0.00960	0.00785	0.00873	0.01483
45	0.01072	0.00766	0.01021	0.01208	0.01267	0.00715	0.00810	0.01239	0.01714	0.02297	0.08065	0.65317	0.05906	0.02680	0.01109	0.00350	0.00501	0.02430	0.00818	0.00715
46	0.01063	0.00759	0.01012	0.01215	0.01265	0.00709	0.00810	0.01215	0.01670	0.02227	0.04808	0.68775	0.05769	0.02733	0.01113	0.00354	0.00506	0.02480	0.00810	0.00709
47	0.02332	0.69869	0.04571	0.01493	0.02239	0.03451	0.01493	0.02612	0.01772	0.02052	0.01213	0.01399	0.01119	0.00746	0.00560	0.00187	0.00933	0.00466	0.00373	0.01119
48	0.01647	0.01550	0.02616	0.67248	0.06008	0.01938	0.02422	0.02229	0.01744	0.02229	0.01550	0.02326	0.01163	0.00872	0.00872	0.00291	0.01163	0.00775	0.00388	0.00969
49	0.01061	0.00765	0.01006	0.01200	0.01261	0.00710	0.00803	0.01216	0.01684	0.02232	0.04986	0.66099	0.08330	0.02710	0.01110	0.00352	0.00503	0.02451	0.00810	0.00710
50	0.03914	0.01484	0.02024	0.01552	0.02227	0.01282	0.01282	0.04251	0.02497	0.64507	0.03441	0.02969	0.02159	0.01080	0.00877	0.00270	0.00742	0.00877	0.01080	0.01484
51	0.01627	0.00861	0.00929	0.05097	0.01338	0.00886	0.00727	0.02045	0.01824	0.03186	0.02762	0.03192	0.02167	0.01007	0.00627	0.00209	0.00455	0.00811	0.69428	0.00823
52	0.01213	0.01048	0.04661	0.01297	0.01440	0.00878	0.00957	0.03808	0.01748	0.02349	0.04339	0.56917	0.05109	0.08159	0.01367	0.00387	0.00598	0.02204	0.00764	0.00758
53	0.19645	0.37138	0.15743	0.01613	0.02415	0.02701	0.01699	0.02714	0.01755	0.05797	0.01397	0.01572	0.01128	0.00795	0.00625	0.00229	0.00933	0.00524	0.00447	0.01130
54	0.48898	0.11127	0.07548	0.01461	0.02092	0.08696	0.01325	0.05213	0.01768	0.03456	0.01297	0.01498	0.01023	0.00822	0.00608	0.00255	0.00867	0.00510	0.00508	0.01028
55	0.02992	0.02231	0.02380	0.01886	0.02514	0.02482	0.01538	0.46604	0.14894	0.05005	0.02416	0.02387	0.01753	0.01071	0.00858	0.00264	0.00874	0.00825	0.05603	0.01421
56	0.01953	0.05429	0.01985	0.01401	0.02079	0.01472	0.01125	0.08910	0.05116	0.03078	0.02019	0.08559	0.01819	0.00932	0.00726	0.00178	0.00686	0.00764	0.00597	0.51171
57	0.01809	0.01550	0.01809	0.01292	0.02067	0.01163	0.01034	0.02196	0.01809	0.02842	0.01550	0.01809	0.01292	0.00646	0.00646	0.00129	0.00646	0.00517	0.00517	0.74677
58	0.01063	0.00759	0.01012	0.01215	0.01265	0.00709	0.00810	0.01215	0.01670	0.02227	0.04808	0.68775	0.05769	0.02733	0.01113	0.00354	0.00506	0.02480	0.00810	0.00709
59	0.02871	0.02125	0.02304	0.01807	0.02417	0.02310	0.01466	0.45448	0.06392	0.04749	0.02204	0.02440	0.01684	0.05105	0.03928	0.00335	0.00955	0.00810	0.03878	0.06773
60	0.01515	0.00758	0.01136	0.01136	0.01136	0.00758	0.00758	0.01136	0.01136	0.01515	0.01515	0.02652	0.01515	0.03030	0.03409	0.74621	0.00758	0.00758	0.00379	0.00379
61	0.02040	0.01854	0.02845	0.27727	0.11180	0.02128	0.08134	0.10694	0.09142	0.02965	0.01999	0.05317	0.01628	0.01052	0.01087	0.00295	0.07323	0.00903	0.00542	0.01145
62	0.01880	0.01972	0.03923	0.10841	0.11669	0.01956	0.34905	0.02483	0.02002	0.02744	0.07943	0.06450	0.02235	0.01004	0.01069	0.00294	0.03925	0.01092	0.00503	0.01108
63	0.01647	0.01550	0.02616	0.67248	0.06008	0.01938	0.02422	0.02229	0.01744	0.02229	0.01550	0.02326	0.01163	0.00872	0.00872	0.00291	0.01163	0.00775	0.00388	0.00969
64	0.01626	0.00813	0.00813	0.00813	0.01016	0.00813	0.00610	0.02033	0.01829	0.03252	0.02846	0.03252	0.02236	0.01016	0.00610	0.00203	0.00407	0.00813	0.74187	0.00813
65	0.01939	0.01297	0.01538	0.01448	0.01750	0.01317	0.01080	0.16210	0.05072	0.09225	0.04171	0.39936	0.07304	0.02063	0.01017	0.00318	0.00645	0.01809	0.00855	0.01005
66	0.01031	0.00884	0.00884	0.00884	0.01178	0.00736	0.00663	0.01252	0.01988	0.02356	0.08837	0.08395	0.63549	0.02209	0.01031	0.00295	0.00442	0.01841	0.00810	0.00736
