[name]
unknown

[dist]
# distance from previous block
# <min> <max>
0	58

[block]
# block no. 0 follows, 22 sequences, length 9
# corresponding to MSA columns:
# 61-69
name=unknown_A
#
# <colnr> <probs for GDERKNQSTAVLIFYWHMCP>
#	G	D	E	R	K	N	Q	S	T	A	V	L	I	F	Y	W	H	M	C	P
0	0.01732	0.01026	0.01288	0.01196	0.01478	0.00968	0.00913	0.02179	0.06920	0.15357	0.24538	0.11747	0.11826	0.08569	0.01285	0.00336	0.00560	0.06330	0.00848	0.00902
1	0.01028	0.00736	0.00979	0.01146	0.01209	0.00686	0.00772	0.01198	0.01666	0.02241	0.10601	0.63897	0.05727	0.02513	0.01052	0.00330	0.00473	0.02276	0.00785	0.00686
2	0.02642	0.01982	0.02169	0.01788	0.02329	0.02188	0.01464	0.42749	0.12754	0.04446	0.02654	0.06764	0.02236	0.01270	0.00886	0.00276	0.00833	0.08473	0.00822	0.01275
3	0.01586	0.01051	0.01281	0.06795	0.01699	0.01118	0.00957	0.09390	0.02018	0.03030	0.12317	0.09822	0.03179	0.04161	0.09449	0.00398	0.00773	0.01060	0.29070	0.00846
4	0.01395	0.00841	0.01018	0.01026	0.01099	0.00811	0.00641	0.01464	0.01419	0.07858	0.03192	0.22104	0.03575	0.46404	0.03081	0.00631	0.00712	0.01474	0.00623	0.00634
5	0.01120	0.00802	0.00961	0.01002	0.01087	0.00775	0.00655	0.01244	0.01510	0.01995	0.08807	0.21256	0.14101	0.32482	0.08013	0.00610	0.00753	0.01569	0.00638	0.00618
6	0.01514	0.01248	0.06371	0.01263	0.01598	0.01006	0.01042	0.01808	0.01669	0.08285	0.07981	0.09716	0.08262	0.16231	0.15090	0.00584	0.01000	0.04280	0.00618	0.10436
7	0.01329	0.01015	0.01388	0.01703	0.09557	0.01000	0.01042	0.06172	0.01781	0.02402	0.03839	0.51185	0.04449	0.07473	0.01255	0.00355	0.00605	0.01939	0.00709	0.00802
8	0.01209	0.00923	0.01172	0.01191	0.01313	0.00905	0.00821	0.01354	0.01499	0.02074	0.03477	0.41868	0.04060	0.17267	0.01830	0.00415	0.05930	0.01741	0.00645	0.10308

[dist]
# distance from previous block
# <min> <max>
2	45

[block]
# block no. 1 follows, 22 sequences, length 50
# corresponding to MSA columns:
# 115-164
name=unknown_B
#
# <colnr> <probs for GDERKNQSTAVLIFYWHMCP>
#	G	D	E	R	K	N	Q	S	T	A	V	L	I	F	Y	W	H	M	C	P
0	0.01961	0.02017	0.02231	0.09726	0.02522	0.13956	0.01641	0.05541	0.01725	0.02220	0.01971	0.05900	0.05777	0.01634	0.05664	0.00370	0.32915	0.00860	0.00456	0.00912
1	0.01621	0.01468	0.01908	0.01670	0.01757	0.01867	0.01328	0.05113	0.01517	0.02146	0.02750	0.03656	0.12883	0.15590	0.02615	0.00432	0.39363	0.01008	0.00490	0.00818
2	0.06157	0.01912	0.02394	0.40519	0.08863	0.10151	0.02001	0.05747	0.09329	0.02568	0.01695	0.02159	0.01293	0.00868	0.00804	0.00265	0.01058	0.00721	0.00469	0.01027
3	0.10183	0.01537	0.01726	0.01344	0.01973	0.01393	0.01074	0.06753	0.09187	0.11296	0.02095	0.05587	0.01689	0.00875	0.00698	0.00193	0.00648	0.00699	0.00643	0.40404
4	0.06453	0.00918	0.01122	0.01173	0.01343	0.00874	0.00837	0.01548	0.01599	0.05819	0.03672	0.37937	0.04149	0.14728	0.01570	0.00403	0.00607	0.08521	0.00698	0.06025
5	0.02121	0.01682	0.01973	0.01686	0.02173	0.01826	0.04424	0.08672	0.40067	0.07728	0.07501	0.07057	0.02819	0.01186	0.00860	0.00270	0.00689	0.01017	0.00815	0.05432
6	0.02084	0.25214	0.26229	0.02276	0.10911	0.02343	0.02137	0.02878	0.09060	0.06860	0.01734	0.01887	0.01332	0.00813	0.00720	0.00235	0.00985	0.00628	0.00464	0.01210
7	0.01997	0.10749	0.26379	0.18296	0.03576	0.02034	0.02217	0.10319	0.02051	0.06113	0.03464	0.02033	0.01375	0.00846	0.00773	0.00246	0.01032	0.00673	0.00478	0.05348
8	0.06900	0.02202	0.08388	0.11427	0.04159	0.01989	0.43548	0.02546	0.01860	0.02665	0.01596	0.02118	0.01201	0.00723	0.00898	0.00269	0.01260	0.00864	0.00419	0.04968
9	0.02260	0.02090	0.08670	0.02983	0.24661	0.01999	0.01961	0.07361	0.20909	0.09918	0.02288	0.02406	0.01731	0.00963	0.00967	0.00269	0.05842	0.00798	0.00629	0.01295
10	0.02800	0.07494	0.21015	0.06406	0.02849	0.09335	0.01893	0.03308	0.02095	0.31274	0.02251	0.02212	0.01514	0.00903	0.00790	0.00250	0.00991	0.00702	0.00668	0.01249
11	0.02221	0.71304	0.04353	0.01421	0.02132	0.03287	0.01421	0.02488	0.01688	0.01955	0.01155	0.01333	0.01066	0.00711	0.00533	0.00178	0.00888	0.00444	0.00355	0.01066
12	0.01962	0.07243	0.08506	0.03287	0.04141	0.02175	0.54761	0.02647	0.01929	0.02609	0.01632	0.02148	0.01234	0.00706	0.00937	0.00272	0.01354	0.00921	0.00411	0.01123
13	0.13613	0.03058	0.02202	0.01916	0.02379	0.39058	0.01491	0.12983	0.02404	0.06597	0.01488	0.01659	0.01162	0.00918	0.00867	0.00239	0.05788	0.00589	0.00538	0.01051
14	0.01109	0.00811	0.01055	0.01207	0.01300	0.00784	0.00844	0.01417	0.05363	0.02309	0.08632	0.57615	0.05429	0.02432	0.01048	0.00332	0.00506	0.06294	0.00785	0.00726
15	0.01844	0.02013	0.04185	0.22933	0.04752	0.02025	0.44663	0.02501	0.01872	0.02501	0.01620	0.02233	0.01215	0.00739	0.00936	0.00279	0.01313	0.00908	0.00405	0.01062
16	0.01178	0.00811	0.00999	0.01024	0.01059	0.00835	0.00644	0.01256	0.01283	0.01740	0.02794	0.13421	0.03155	0.49170	0.16344	0.00850	0.01044	0.01295	0.00527	0.00573
17	0.01339	0.00956	0.01339	0.01530	0.01721	0.00956	0.01339	0.01721	0.01912	0.02486	0.04399	0.09371	0.04781	0.02295	0.01147	0.00382	0.00765	0.60031	0.00765	0.00765
18	0.01083	0.00723	0.00983	0.01144	0.01185	0.00682	0.00763	0.01144	0.01507	0.02009	0.04061	0.59070	0.04825	0.02649	0.01422	0.12811	0.00522	0.02091	0.00703	0.00623
19	0.03048	0.02747	0.06770	0.01982	0.02643	0.13957	0.01684	0.48324	0.03488	0.04497	0.01836	0.01891	0.01328	0.00958	0.00814	0.00244	0.01038	0.00701	0.00728	0.01321
20	0.01034	0.00739	0.00989	0.01182	0.01240	0.00694	0.00809	0.01195	0.01612	0.02145	0.04567	0.66170	0.05447	0.02582	0.01066	0.00340	0.00501	0.06237	0.00771	0.00681
21	0.01188	0.00886	0.01313	0.01313	0.01453	0.01026	0.01010	0.01469	0.01328	0.01912	0.02246	0.03377	0.02126	0.09605	0.64205	0.01307	0.02151	0.00907	0.00448	0.00729
22	0.01675	0.01560	0.02746	0.42274	0.12851	0.01785	0.09652	0.02121	0.01650	0.02185	0.01498	0.02221	0.01193	0.01061	0.01188	0.09079	0.03181	0.00766	0.00380	0.00934
23	0.07818	0.01951	0.02550	0.05756	0.09835	0.02091	0.08689	0.29538	0.06438	0.03878	0.02519	0.02980	0.06137	0.01082	0.00857	0.00268	0.00909	0.04818	0.00681	0.01205
24	0.03661	0.01520	0.01994	0.01529	0.02174	0.01379	0.01263	0.10900	0.02556	0.59095	0.03128	0.02731	0.01981	0.01025	0.00835	0.00256	0.00731	0.00825	0.01005	0.01414
25	0.03485	0.01468	0.01921	0.01509	0.02126	0.01344	0.01235	0.04102	0.11373	0.57059	0.03293	0.02867	0.02126	0.01043	0.00837	0.00261	0.00700	0.00851	0.01002	0.01399
26	0.06170	0.26547	0.25478	0.02009	0.04521	0.09609	0.02069	0.02571	0.01726	0.02325	0.01291	0.01577	0.01063	0.00845	0.00909	0.00240	0.09032	0.00555	0.00373	0.01091
27	0.02354	0.01751	0.06548	0.01472	0.02165	0.01411	0.01272	0.09802	0.06365	0.18186	0.05736	0.02368	0.01901	0.00867	0.00742	0.00198	0.00706	0.00700	0.00697	0.34758
28	0.04633	0.61296	0.04023	0.01495	0.02167	0.10721	0.01427	0.02583	0.01757	0.02019	0.01170	0.01352	0.01061	0.00730	0.00558	0.00184	0.00952	0.00455	0.00369	0.01049
29	0.76672	0.01607	0.01221	0.01092	0.01607	0.01864	0.00900	0.02442	0.01414	0.03727	0.01157	0.01350	0.00900	0.00771	0.00514	0.00257	0.00643	0.00450	0.00514	0.00900
30	0.01789	0.01612	0.02556	0.56380	0.09712	0.01940	0.02240	0.09229	0.01939	0.02528	0.01543	0.02178	0.01158	0.00843	0.00830	0.00271	0.01076	0.00740	0.00426	0.01009
31	0.01907	0.01787	0.01807	0.01368	0.02052	0.08905	0.01079	0.02393	0.06056	0.02681	0.01584	0.01790	0.01301	0.00678	0.00647	0.00144	0.00721	0.00528	0.00509	0.62064
32	0.02007	0.01924	0.03283	0.11534	0.59572	0.01961	0.02525	0.02506	0.01868	0.02654	0.01554	0.02072	0.01295	0.00749	0.00823	0.00250	0.00999	0.00740	0.00407	0.01276
33	0.06937	0.02448	0.13121	0.03192	0.07426	0.02080	0.42976	0.02596	0.01850	0.02692	0.01577	0.02076	0.01200	0.00765	0.01018	0.00279	0.05371	0.00864	0.00413	0.01119
34	0.01753	0.01623	0.02244	0.07830	0.02354	0.02120	0.01643	0.06306	0.01553	0.02277	0.01686	0.09936	0.01700	0.01800	0.06584	0.00403	0.43592	0.00924	0.00455	0.03216
35	0.01805	0.01770	0.02752	0.45561	0.23815	0.05636	0.02341	0.02321	0.01771	0.02298	0.01492	0.02125	0.01169	0.00804	0.00823	0.00264	0.01093	0.00727	0.00385	0.01045
36	0.01708	0.01702	0.09625	0.02854	0.27072	0.01385	0.01767	0.02121	0.01859	0.07166	0.07273	0.21643	0.07454	0.01443	0.00907	0.00278	0.00775	0.01304	0.00608	0.01056
37	0.01185	0.00796	0.00913	0.00935	0.00941	0.00790	0.00535	0.01202	0.01253	0.01670	0.02846	0.12989	0.03309	0.62858	0.03859	0.00751	0.00768	0.01342	0.00535	0.00523
38	0.76672	0.01607	0.01221	0.01092	0.01607	0.01864	0.00900	0.02442	0.01414	0.03727	0.01157	0.01350	0.00900	0.00771	0.00514	0.00257	0.00643	0.00450	0.00514	0.00900
39	0.03041	0.02214	0.02368	0.01829	0.02459	0.02445	0.01506	0.58421	0.03749	0.05080	0.02047	0.02075	0.01465	0.00995	0.00813	0.00245	0.00876	0.00750	0.06256	0.01366
40	0.03103	0.03959	0.02354	0.02140	0.02568	0.67469	0.01605	0.03317	0.02354	0.02033	0.01284	0.01498	0.01070	0.00856	0.00749	0.00214	0.01498	0.00535	0.00428	0.00963
41	0.02066	0.01785	0.01878	0.01691	0.02160	0.02066	0.01315	0.04414	0.64121	0.03475	0.03381	0.03099	0.02536	0.01127	0.00845	0.00282	0.00657	0.00939	0.00845	0.01315
42	0.01295	0.00878	0.01134	0.01053	0.01279	0.00801	0.00796	0.01671	0.02321	0.06540	0.57937	0.06155	0.11596	0.01692	0.00972	0.00262	0.00410	0.01485	0.00910	0.00811
43	0.01569	0.01477	0.02492	0.68808	0.05722	0.01846	0.02307	0.02123	0.01661	0.02123	0.01477	0.02215	0.01107	0.00831	0.00831	0.00277	0.01107	0.00738	0.00369	0.00923
44	0.01012	0.00723	0.00964	0.01157	0.01205	0.00675	0.00771	0.01157	0.01591	0.02121	0.04579	0.70262	0.05495	0.02603	0.01060	0.00337	0.00482	0.02362	0.00771	0.00675
45	0.01028	0.00769	0.00956	0.01066	0.01190	0.00697	0.00740	0.01224	0.01772	0.02324	0.14205	0.46235	0.20060	0.02354	0.01030	0.00313	0.00454	0.02093	0.00792	0.00697
46	0.01635	0.01592	0.02833	0.58274	0.07477	0.01883	0.10142	0.02206	0.01707	0.02212	0.01506	0.02213	0.01134	0.00811	0.00850	0.00276	0.01142	0.00770	0.00377	0.00961
47	0.02616	0.01553	0.01887	0.01399	0.02095	0.01320	0.01139	0.09880	0.02214	0.26000	0.02189	0.02155	0.01551	0.00809	0.00720	0.00186	0.00683	0.00646	0.00726	0.40231
48	0.02950	0.02220	0.02227	0.01786	0.02355	0.09259	0.01435	0.38436	0.09754	0.11657	0.03932	0.02447	0.01825	0.04641	0.01004	0.00279	0.00906	0.00799	0.00797	0.01290
49	0.02562	0.01502	0.01847	0.06410	0.02290	0.01564	0.01285	0.03752	0.27997	0.27636	0.10889	0.03316	0.02906	0.01138	0.00857	0.00269	0.00676	0.00954	0.00890	0.01259

[dist]
# distance from previous block
# <min> <max>
0	3

[block]
# block no. 2 follows, 22 sequences, length 7
# corresponding to MSA columns:
# 168-174
name=unknown_C
#
# <colnr> <probs for GDERKNQSTAVLIFYWHMCP>
#	G	D	E	R	K	N	Q	S	T	A	V	L	I	F	Y	W	H	M	C	P
0	0.02301	0.01813	0.02542	0.01996	0.02559	0.01898	0.15033	0.17328	0.19971	0.08572	0.08668	0.02928	0.02433	0.01036	0.00863	0.00263	0.00841	0.00937	0.06810	0.01206
1	0.06001	0.02157	0.07526	0.10582	0.13988	0.02184	0.11539	0.16864	0.07290	0.03259	0.01742	0.02089	0.01339	0.00922	0.01048	0.00274	0.08700	0.00770	0.00538	0.01188
2	0.01701	0.09199	0.02354	0.16370	0.17848	0.01601	0.01652	0.02126	0.01972	0.05367	0.21102	0.05895	0.03589	0.01210	0.00867	0.00261	0.00780	0.04506	0.00607	0.00995
3	0.02056	0.04241	0.02686	0.19923	0.03323	0.02246	0.06741	0.15724	0.02027	0.02778	0.01468	0.02023	0.01201	0.01183	0.01607	0.04810	0.23726	0.00745	0.00474	0.01016
4	0.01808	0.01253	0.01658	0.08016	0.02017	0.01410	0.01185	0.09098	0.01781	0.09520	0.02461	0.10831	0.02389	0.19041	0.14831	0.00621	0.09546	0.01074	0.00590	0.00871
5	0.01505	0.01057	0.01419	0.03496	0.01610	0.01128	0.01022	0.01708	0.01665	0.08488	0.10209	0.32317	0.04065	0.09672	0.01639	0.00366	0.12164	0.01573	0.00688	0.04209
6	0.02258	0.01649	0.01863	0.01468	0.02061	0.01595	0.01162	0.14233	0.16607	0.10407	0.02307	0.02507	0.01800	0.06345	0.01017	0.00252	0.00707	0.00738	0.00699	0.30325

[dist]
# distance from previous block
# <min> <max>
4	37

[block]
# block no. 3 follows, 22 sequences, length 29
# corresponding to MSA columns:
# 213-241
name=unknown_D
#
# <colnr> <probs for GDERKNQSTAVLIFYWHMCP>
#	G	D	E	R	K	N	Q	S	T	A	V	L	I	F	Y	W	H	M	C	P
0	0.02308	0.01737	0.01934	0.01680	0.02135	0.01981	0.01331	0.08275	0.44415	0.11235	0.03056	0.02884	0.02263	0.01125	0.00982	0.00279	0.06156	0.00888	0.04059	0.01278
1	0.01258	0.00940	0.01251	0.01216	0.01280	0.01075	0.00863	0.01404	0.01269	0.01786	0.02299	0.04143	0.02424	0.36043	0.31581	0.00993	0.08041	0.01023	0.00465	0.00646
2	0.02000	0.01745	0.02033	0.07231	0.02508	0.01986	0.04274	0.06478	0.49513	0.03325	0.03402	0.03247	0.06269	0.01139	0.00859	0.00280	0.00726	0.00968	0.00781	0.01239
3	0.01149	0.00829	0.01087	0.01063	0.01235	0.00766	0.00782	0.01501	0.02228	0.03135	0.55375	0.16573	0.07459	0.01845	0.00993	0.00274	0.00407	0.01641	0.00891	0.00766
4	0.01959	0.08083	0.12907	0.03338	0.16801	0.02169	0.29797	0.02680	0.05283	0.02619	0.01647	0.02083	0.01288	0.00787	0.00971	0.00267	0.04908	0.00818	0.00424	0.01172
5	0.01189	0.00882	0.01294	0.01294	0.01429	0.01016	0.00988	0.01457	0.01323	0.01898	0.02262	0.03469	0.02166	0.12348	0.61517	0.01285	0.02091	0.00920	0.00451	0.00719
6	0.01895	0.12216	0.38682	0.02689	0.13918	0.05700	0.02582	0.02581	0.01760	0.02472	0.01414	0.01744	0.01104	0.00832	0.00928	0.00255	0.07062	0.00620	0.00367	0.01180
7	0.01040	0.00743	0.00992	0.01164	0.01230	0.00696	0.00797	0.01215	0.01666	0.02235	0.09501	0.62413	0.05654	0.02516	0.01058	0.00333	0.00487	0.04790	0.00783	0.00688
8	0.02087	0.29608	0.18100	0.02629	0.16347	0.06965	0.05443	0.02578	0.01789	0.02319	0.01354	0.01668	0.01129	0.00777	0.00790	0.00228	0.04072	0.00595	0.00375	0.01146
9	0.02088	0.06635	0.02005	0.01588	0.02032	0.09900	0.01265	0.11087	0.23678	0.03080	0.06141	0.03502	0.13392	0.01245	0.00949	0.00259	0.05085	0.00967	0.00703	0.04397
10	0.01021	0.00727	0.00961	0.01145	0.01191	0.00681	0.00758	0.01159	0.01572	0.02096	0.04486	0.67185	0.05377	0.05840	0.01211	0.00360	0.00497	0.02307	0.00758	0.00667
11	0.01737	0.01683	0.06870	0.01371	0.02060	0.01251	0.01176	0.05487	0.04583	0.02812	0.01918	0.09047	0.01735	0.00883	0.00698	0.00171	0.00668	0.00733	0.00545	0.54572
12	0.01932	0.01520	0.01896	0.08297	0.07462	0.01615	0.01369	0.20111	0.07998	0.03258	0.02957	0.27324	0.02974	0.01541	0.00903	0.00279	0.00737	0.01344	0.00710	0.05775
13	0.01964	0.14219	0.47723	0.02183	0.03225	0.09149	0.02605	0.05153	0.01896	0.02573	0.01439	0.01673	0.01071	0.00793	0.00748	0.00244	0.01193	0.00586	0.00379	0.01183
14	0.01914	0.01991	0.03872	0.17467	0.26076	0.02004	0.29204	0.02511	0.01875	0.02569	0.01597	0.02171	0.01248	0.00741	0.00894	0.00268	0.01196	0.00847	0.00407	0.01148
15	0.01012	0.00723	0.00964	0.01157	0.01205	0.00675	0.00771	0.01157	0.01591	0.02121	0.04579	0.70262	0.05495	0.02603	0.01060	0.00337	0.00482	0.02362	0.00771	0.00675
16	0.01228	0.00971	0.01133	0.01118	0.01317	0.03513	0.00844	0.01564	0.02181	0.02953	0.44478	0.13312	0.13782	0.01857	0.00993	0.00280	0.00481	0.06378	0.00850	0.00768
17	0.01701	0.01612	0.02731	0.51519	0.21977	0.01880	0.02373	0.02238	0.01724	0.02283	0.01500	0.02172	0.01164	0.00806	0.00828	0.00269	0.01075	0.00739	0.00381	0.01030
18	0.03727	0.01414	0.01928	0.01478	0.02121	0.01221	0.01221	0.04049	0.02378	0.66198	0.03277	0.02828	0.02056	0.01028	0.00835	0.00257	0.00707	0.00835	0.01028	0.01414
19	0.03124	0.02194	0.02388	0.01851	0.02498	0.02403	0.01523	0.52381	0.08691	0.10984	0.02232	0.02166	0.01567	0.01011	0.00833	0.00253	0.00873	0.00772	0.00851	0.01405
20	0.01173	0.00791	0.00916	0.00950	0.00959	0.00782	0.00551	0.01199	0.01276	0.01701	0.02964	0.16884	0.03457	0.58761	0.03669	0.00723	0.00748	0.01412	0.00551	0.00534
21	0.01150	0.00859	0.01075	0.01051	0.01266	0.00784	0.00809	0.01501	0.02204	0.03002	0.46213	0.06936	0.20210	0.01851	0.00998	0.00278	0.00438	0.07746	0.00867	0.00764
22	0.01775	0.01754	0.02462	0.02123	0.02134	0.02442	0.01764	0.01964	0.01277	0.01994	0.01168	0.01916	0.01158	0.01779	0.07136	0.00430	0.64719	0.00738	0.00369	0.00897
23	0.01246	0.00897	0.01142	0.01260	0.01379	0.00881	0.00895	0.07165	0.01840	0.02451	0.04315	0.58796	0.05043	0.02423	0.01045	0.00332	0.00546	0.06815	0.00776	0.00753
24	0.01639	0.01548	0.02618	0.59695	0.14289	0.01864	0.02342	0.02184	0.01694	0.02207	0.01489	0.02192	0.01137	0.00818	0.00829	0.00273	0.01090	0.00739	0.00375	0.00979
25	0.10143	0.02190	0.02304	0.01786	0.02433	0.02407	0.01471	0.51449	0.05828	0.04884	0.01938	0.01959	0.01396	0.00959	0.00789	0.00244	0.00862	0.00712	0.00782	0.05464
26	0.02559	0.01886	0.02097	0.01622	0.02248	0.01908	0.01313	0.36721	0.02983	0.06856	0.02150	0.08551	0.01783	0.01043	0.00791	0.00222	0.00777	0.00834	0.00736	0.22922
27	0.02440	0.01793	0.01933	0.01587	0.02080	0.05357	0.01282	0.29256	0.04598	0.09167	0.18992	0.03668	0.03399	0.01247	0.00876	0.00254	0.00756	0.04969	0.00823	0.05524
28	0.08491	0.01703	0.01883	0.01528	0.02076	0.01760	0.01222	0.23082	0.11434	0.14586	0.02754	0.08119	0.04418	0.02923	0.00894	0.00263	0.00726	0.00917	0.00784	0.10438

[dist]
# distance from previous block
# <min> <max>
0	19

[block]
# block no. 4 follows, 22 sequences, length 17
# corresponding to MSA columns:
# 261-277
name=unknown_E
#
# <colnr> <probs for GDERKNQSTAVLIFYWHMCP>
#	G	D	E	R	K	N	Q	S	T	A	V	L	I	F	Y	W	H	M	C	P
0	0.05591	0.01748	0.02306	0.05992	0.02573	0.01808	0.06141	0.17304	0.05775	0.23754	0.04288	0.02425	0.01791	0.00998	0.00978	0.00256	0.06613	0.00791	0.00754	0.08114
1	0.08046	0.01148	0.01547	0.08227	0.05921	0.01206	0.01164	0.01820	0.01754	0.05024	0.17193	0.15184	0.03704	0.04745	0.10328	0.00439	0.04313	0.01200	0.00633	0.06402
2	0.04871	0.01924	0.14435	0.01858	0.06958	0.01390	0.03949	0.07096	0.01847	0.02712	0.02354	0.20212	0.02361	0.01377	0.00978	0.05002	0.00792	0.01090	0.00552	0.18242
3	0.02043	0.01555	0.01803	0.01363	0.02016	0.01340	0.01087	0.13139	0.02148	0.07173	0.01981	0.08376	0.01723	0.00900	0.00711	0.00175	0.00663	0.00739	0.00614	0.50452
4	0.01409	0.01116	0.01363	0.01139	0.01542	0.00934	0.00858	0.01727	0.01843	0.02710	0.22284	0.09398	0.03925	0.08245	0.04623	0.00315	0.00635	0.01064	0.00650	0.34218
5	0.01843	0.01499	0.02376	0.33071	0.11822	0.01643	0.05117	0.06037	0.01966	0.08117	0.04592	0.05102	0.08339	0.01113	0.00879	0.00276	0.00935	0.03703	0.00552	0.01016
6	0.01549	0.00774	0.00774	0.00774	0.00968	0.00774	0.00581	0.01936	0.01742	0.03097	0.02710	0.03097	0.02129	0.00968	0.00581	0.00194	0.00387	0.00774	0.75416	0.00774
7	0.01653	0.02795	0.32150	0.23503	0.03937	0.01875	0.02478	0.02518	0.07027	0.02495	0.01844	0.02591	0.01478	0.00980	0.00939	0.00283	0.04797	0.05141	0.00431	0.01086
8	0.03221	0.01302	0.01766	0.01392	0.01946	0.01134	0.01134	0.03556	0.02373	0.53722	0.15563	0.03498	0.03204	0.01161	0.00864	0.00258	0.00644	0.00968	0.01006	0.01289
9	0.02025	0.01946	0.03374	0.23578	0.09045	0.02074	0.24107	0.11108	0.08708	0.02944	0.01832	0.02275	0.01373	0.00831	0.00886	0.00272	0.01130	0.00849	0.00506	0.01136
10	0.01082	0.00846	0.00981	0.00947	0.01184	0.00744	0.00710	0.01386	0.02130	0.02806	0.37753	0.07070	0.35597	0.01894	0.00981	0.00271	0.00406	0.01624	0.00845	0.00744
11	0.02166	0.01664	0.01824	0.01616	0.02048	0.01865	0.01253	0.11950	0.42092	0.06798	0.03138	0.08786	0.02530	0.01370	0.01048	0.06138	0.00685	0.01015	0.00809	0.01204
12	0.02984	0.02164	0.02398	0.01870	0.02446	0.02419	0.01537	0.52431	0.03487	0.07219	0.01946	0.02043	0.01415	0.01136	0.01109	0.04357	0.06196	0.00748	0.00777	0.01317
13	0.01458	0.01171	0.01604	0.01454	0.01750	0.01111	0.06319	0.07095	0.04923	0.02575	0.03457	0.40966	0.03830	0.05565	0.01124	0.00314	0.00647	0.01680	0.00692	0.12264
14	0.52179	0.01823	0.02221	0.01746	0.02352	0.01983	0.15856	0.07801	0.01765	0.03602	0.01357	0.01621	0.01032	0.00774	0.00655	0.00262	0.00849	0.00604	0.00519	0.00998
15	0.12907	0.05655	0.08141	0.01821	0.04680	0.08370	0.03814	0.06554	0.03887	0.12451	0.01739	0.01897	0.01312	0.00862	0.00878	0.00231	0.06597	0.00629	0.00566	0.17008
16	0.02346	0.08410	0.20943	0.02103	0.06374	0.01995	0.04523	0.15393	0.07125	0.11977	0.02129	0.05515	0.01640	0.00961	0.00802	0.00250	0.00941	0.00788	0.00619	0.05166

[dist]
# distance from previous block
# <min> <max>
2	15

[block]
# block no. 5 follows, 22 sequences, length 18
# corresponding to MSA columns:
# 293-310
name=unknown_F
#
# <colnr> <probs for GDERKNQSTAVLIFYWHMCP>
#	G	D	E	R	K	N	Q	S	T	A	V	L	I	F	Y	W	H	M	C	P
0	0.01342	0.00958	0.01198	0.01111	0.01354	0.00917	0.00842	0.01907	0.08177	0.05554	0.54104	0.05884	0.10160	0.01642	0.00962	0.00264	0.00430	0.01438	0.00904	0.00852
1	0.01694	0.01422	0.01543	0.01412	0.01788	0.01559	0.01088	0.03260	0.40165	0.03266	0.19250	0.04554	0.12719	0.01405	0.00898	0.00277	0.00559	0.01193	0.00852	0.01098
2	0.01126	0.00798	0.01060	0.01219	0.01305	0.00767	0.00887	0.01326	0.01660	0.02205	0.06812	0.44220	0.05116	0.10521	0.01453	0.00401	0.00590	0.17107	0.00744	0.00682
3	0.28822	0.02767	0.27740	0.02566	0.17820	0.01916	0.02161	0.02543	0.01664	0.03046	0.01388	0.01681	0.01061	0.00771	0.00698	0.00257	0.00959	0.00585	0.00424	0.01131
4	0.02041	0.01518	0.01791	0.01298	0.02021	0.01204	0.01046	0.05784	0.01924	0.10331	0.01718	0.01868	0.01338	0.00686	0.00653	0.00146	0.00643	0.00547	0.00575	0.62867
5	0.01762	0.04953	0.10458	0.11463	0.03142	0.02229	0.12223	0.02176	0.01533	0.02207	0.01485	0.05679	0.01358	0.01195	0.01761	0.00317	0.33849	0.00836	0.00394	0.00978
6	0.02364	0.14700	0.16748	0.02209	0.02951	0.06379	0.11338	0.21009	0.02423	0.03220	0.01566	0.01821	0.01202	0.00892	0.00968	0.00253	0.07560	0.00688	0.00515	0.01194
7	0.01674	0.01726	0.03431	0.21739	0.04127	0.01753	0.32770	0.02233	0.01818	0.02418	0.02203	0.12609	0.02039	0.01108	0.00959	0.00293	0.01146	0.04501	0.00477	0.00978
8	0.01443	0.00722	0.01082	0.01082	0.01082	0.00722	0.00722	0.01082	0.01082	0.01443	0.01443	0.02525	0.01443	0.02886	0.03247	0.75830	0.00722	0.00722	0.00361	0.00361
9	0.02242	0.01580	0.01766	0.01559	0.02025	0.01719	0.01227	0.03910	0.43362	0.15178	0.07387	0.03703	0.06406	0.01234	0.00868	0.00279	0.00641	0.02786	0.00877	0.01250
10	0.01670	0.03840	0.55167	0.02419	0.03537	0.01878	0.09941	0.02568	0.01816	0.02678	0.05483	0.02089	0.01500	0.00835	0.00824	0.00265	0.01196	0.00712	0.00394	0.01187
11	0.06890	0.01778	0.01936	0.01672	0.02177	0.01972	0.01351	0.18731	0.31947	0.09758	0.03007	0.03428	0.02373	0.01201	0.00856	0.00282	0.00739	0.07814	0.00830	0.01259
12	0.02295	0.65635	0.04185	0.01482	0.02169	0.08690	0.01437	0.02557	0.01744	0.01961	0.01166	0.01347	0.01066	0.00723	0.00551	0.00181	0.00940	0.00452	0.00361	0.01057
13	0.01058	0.00845	0.00947	0.00922	0.01169	0.00734	0.00691	0.01340	0.02074	0.02672	0.30734	0.07291	0.42700	0.01944	0.00981	0.00273	0.00409	0.01655	0.00828	0.00734
14	0.09130	0.01768	0.01816	0.01634	0.02108	0.02047	0.01276	0.04228	0.58184	0.03499	0.03171	0.02934	0.02381	0.01093	0.00814	0.00279	0.00656	0.00893	0.00814	0.01276
15	0.02828	0.05733	0.07825	0.13639	0.02995	0.07302	0.01663	0.13262	0.02380	0.26765	0.02208	0.02234	0.01512	0.00913	0.00795	0.00245	0.00929	0.00720	0.00704	0.05348
16	0.01741	0.01726	0.02655	0.08526	0.02659	0.02248	0.08740	0.02016	0.01389	0.02064	0.01341	0.02172	0.01268	0.05015	0.06458	0.00428	0.47478	0.00791	0.00383	0.00904
17	0.01129	0.00830	0.01058	0.01037	0.01222	0.00758	0.00764	0.01465	0.02189	0.03030	0.49811	0.15595	0.14271	0.01876	0.00992	0.00274	0.00408	0.01655	0.00877	0.00758

[dist]
# distance from previous block
# <min> <max>
2	12

[block]
# block no. 6 follows, 22 sequences, length 19
# corresponding to MSA columns:
# 323-341
name=unknown_G
#
# <colnr> <probs for GDERKNQSTAVLIFYWHMCP>
#	G	D	E	R	K	N	Q	S	T	A	V	L	I	F	Y	W	H	M	C	P
0	0.15267	0.03834	0.04478	0.05618	0.07527	0.05385	0.04046	0.13908	0.02009	0.02989	0.01866	0.07896	0.01736	0.08652	0.01439	0.04948	0.06033	0.00859	0.00539	0.00972
1	0.05295	0.04883	0.16111	0.08474	0.23412	0.01877	0.07227	0.02752	0.05195	0.09060	0.01781	0.02074	0.01346	0.00795	0.00793	0.00247	0.00991	0.00713	0.00489	0.06485
2	0.51204	0.10676	0.11167	0.01409	0.02070	0.02031	0.03512	0.02470	0.01528	0.03274	0.01235	0.01451	0.00967	0.00758	0.00577	0.00244	0.00784	0.00493	0.00467	0.03682
3	0.41828	0.01950	0.02056	0.05259	0.06798	0.05244	0.05919	0.16081	0.02108	0.03750	0.01436	0.01663	0.01091	0.00822	0.00670	0.00255	0.00850	0.00596	0.00559	0.01065
4	0.01659	0.01566	0.02281	0.17285	0.06301	0.01989	0.01739	0.01938	0.01444	0.02093	0.01625	0.07839	0.01616	0.06202	0.02028	0.00352	0.35268	0.00885	0.00419	0.05472
5	0.01049	0.00745	0.00977	0.01122	0.01185	0.00699	0.00751	0.01212	0.01653	0.02229	0.11950	0.56930	0.05581	0.08139	0.01313	0.00367	0.00498	0.02159	0.00767	0.00674
6	0.02482	0.01753	0.01950	0.01633	0.02143	0.01911	0.01301	0.20160	0.30152	0.12848	0.11508	0.03183	0.02888	0.01156	0.00859	0.00266	0.00699	0.00949	0.00877	0.01283
7	0.01038	0.00734	0.00956	0.01124	0.01166	0.00692	0.00736	0.01163	0.01540	0.02054	0.04321	0.61754	0.05170	0.11554	0.01476	0.00399	0.00524	0.02210	0.00736	0.00652
8	0.01921	0.06681	0.01832	0.04326	0.01967	0.01688	0.01162	0.09375	0.22559	0.06362	0.03220	0.03874	0.07875	0.14114	0.06970	0.00453	0.00864	0.03036	0.00693	0.01029
9	0.07725	0.01181	0.01507	0.01270	0.01711	0.01075	0.01023	0.02811	0.02239	0.33684	0.23049	0.04537	0.08703	0.01372	0.00886	0.00267	0.00585	0.04363	0.00922	0.01090
10	0.01879	0.02072	0.04299	0.15380	0.04447	0.02084	0.47401	0.02517	0.01859	0.02517	0.01603	0.02207	0.01221	0.00776	0.01072	0.00285	0.05985	0.00919	0.00407	0.01070
11	0.01187	0.00890	0.01335	0.01335	0.01483	0.01038	0.01038	0.01483	0.01335	0.01928	0.02225	0.03264	0.02077	0.06231	0.67512	0.01335	0.02225	0.00890	0.00445	0.00742
12	0.01591	0.01147	0.01867	0.18631	0.14493	0.01238	0.01462	0.01619	0.01379	0.01853	0.01474	0.02359	0.01336	0.01969	0.02187	0.42745	0.00868	0.00729	0.00372	0.00682
13	0.01549	0.00774	0.00774	0.00774	0.00968	0.00774	0.00581	0.01936	0.01742	0.03097	0.02710	0.03097	0.02129	0.00968	0.00581	0.00194	0.00387	0.00774	0.75416	0.00774
14	0.01980	0.01421	0.01787	0.01585	0.01966	0.01508	0.04869	0.03204	0.31497	0.11387	0.06751	0.15935	0.03161	0.01546	0.01100	0.06545	0.00667	0.01212	0.00793	0.01086
15	0.01991	0.10396	0.29379	0.07030	0.17815	0.02052	0.09760	0.02669	0.01842	0.07027	0.01619	0.01940	0.01214	0.00778	0.00798	0.00253	0.01112	0.00692	0.00422	0.01212
16	0.16277	0.01934	0.10755	0.01504	0.02212	0.01502	0.03581	0.07341	0.01922	0.06615	0.04971	0.03963	0.01671	0.00840	0.00695	0.00205	0.00749	0.00665	0.00562	0.32036
17	0.30967	0.06988	0.09654	0.05260	0.02334	0.04842	0.01474	0.10854	0.01916	0.07803	0.01498	0.01736	0.01142	0.00975	0.00927	0.03938	0.05528	0.00590	0.00535	0.01037
18	0.02015	0.06460	0.01988	0.10403	0.02355	0.03299	0.01307	0.07918	0.01899	0.11306	0.02341	0.15129	0.02188	0.01642	0.04404	0.05998	0.06376	0.01006	0.00601	0.11364

[dist]
# distance from previous block
# <min> <max>
5	19

[block]
# block no. 7 follows, 22 sequences, length 21
# corresponding to MSA columns:
# 361-381
name=unknown_H
#
# <colnr> <probs for GDERKNQSTAVLIFYWHMCP>
#	G	D	E	R	K	N	Q	S	T	A	V	L	I	F	Y	W	H	M	C	P
0	0.17267	0.01686	0.02210	0.30536	0.08636	0.01895	0.01757	0.12497	0.02016	0.03094	0.01506	0.01929	0.01148	0.00814	0.00740	0.00247	0.00911	0.00652	0.00495	0.09964
1	0.20154	0.01599	0.02290	0.30050	0.19311	0.01821	0.01899	0.02327	0.03711	0.02710	0.01663	0.05964	0.01412	0.00907	0.00765	0.00268	0.00912	0.00769	0.00454	0.01014
2	0.05997	0.01538	0.02430	0.31745	0.03815	0.01812	0.08975	0.04241	0.01714	0.02384	0.02312	0.08945	0.06933	0.01192	0.01174	0.00295	0.12122	0.00986	0.00471	0.00919
3	0.06303	0.01245	0.01748	0.03577	0.01896	0.01215	0.06593	0.07050	0.01726	0.10919	0.02125	0.07988	0.01941	0.09582	0.01970	0.24046	0.00786	0.00910	0.00565	0.07814
4	0.02642	0.01936	0.02261	0.06348	0.02609	0.03994	0.03537	0.28124	0.02759	0.12243	0.01939	0.02031	0.01406	0.00858	0.00768	0.00214	0.00844	0.00682	0.00694	0.24111
5	0.18916	0.04173	0.02002	0.07749	0.02411	0.01906	0.01297	0.23004	0.02433	0.03758	0.05291	0.02027	0.01588	0.00868	0.00705	0.00221	0.00766	0.00651	0.00622	0.19613
6	0.07587	0.02824	0.27517	0.08093	0.03631	0.01941	0.20762	0.02833	0.07653	0.06485	0.01804	0.02100	0.01307	0.00810	0.00838	0.00270	0.01142	0.00767	0.00472	0.01164
7	0.02267	0.02100	0.01946	0.01649	0.02099	0.17770	0.01287	0.06316	0.07873	0.08010	0.05528	0.08338	0.02125	0.01113	0.00997	0.00233	0.08505	0.00839	0.00609	0.20396
8	0.01846	0.01819	0.02776	0.02286	0.02457	0.02320	0.11188	0.05376	0.01551	0.02290	0.01526	0.07653	0.01505	0.01408	0.02210	0.00342	0.49159	0.00905	0.00432	0.00950
9	0.01043	0.00749	0.00973	0.01114	0.01188	0.00697	0.00750	0.01213	0.01676	0.02246	0.12172	0.55573	0.08339	0.06579	0.01238	0.00354	0.00488	0.02158	0.00773	0.00679
10	0.01864	0.07031	0.25023	0.24117	0.04019	0.10748	0.06806	0.02500	0.01824	0.02337	0.01612	0.02300	0.01294	0.00883	0.00816	0.00264	0.01191	0.03926	0.00395	0.01049
11	0.02694	0.01222	0.01618	0.01344	0.01803	0.01105	0.01068	0.03142	0.06027	0.39658	0.20494	0.09452	0.03972	0.01352	0.00895	0.00266	0.00598	0.01154	0.00964	0.01172
12	0.01723	0.01477	0.01723	0.01230	0.01969	0.01107	0.00984	0.02092	0.01723	0.02707	0.01477	0.01723	0.01230	0.00615	0.00615	0.00123	0.00615	0.00492	0.00492	0.75883
13	0.03139	0.07647	0.02310	0.01634	0.02251	0.01953	0.01360	0.29622	0.02962	0.28852	0.05172	0.05044	0.02062	0.01076	0.00823	0.00250	0.00792	0.00850	0.00870	0.01330
14	0.01012	0.00723	0.00964	0.01157	0.01205	0.00675	0.00771	0.01157	0.01591	0.02121	0.04579	0.70262	0.05495	0.02603	0.01060	0.00337	0.00482	0.02362	0.00771	0.00675
15	0.01012	0.00723	0.00964	0.01157	0.01205	0.00675	0.00771	0.01157	0.01591	0.02121	0.04579	0.70262	0.05495	0.02603	0.01060	0.00337	0.00482	0.02362	0.00771	0.00675
16	0.01012	0.00723	0.00964	0.01157	0.01205	0.00675	0.00771	0.01157	0.01591	0.02121	0.04579	0.70262	0.05495	0.02603	0.01060	0.00337	0.00482	0.02362	0.00771	0.00675
17	0.01195	0.00858	0.01171	0.01171	0.01263	0.00950	0.00834	0.01378	0.01287	0.01807	0.02375	0.04093	0.02437	0.30869	0.43366	0.01133	0.01683	0.01011	0.00467	0.00651
18	0.01027	0.00729	0.00960	0.01138	0.01182	0.00685	0.00751	0.01161	0.01562	0.02082	0.04430	0.65352	0.05307	0.07768	0.01300	0.00373	0.00506	0.02274	0.00751	0.00662
19	0.01844	0.15619	0.52221	0.02194	0.03288	0.06001	0.02705	0.02647	0.01778	0.02481	0.01422	0.01668	0.01056	0.00780	0.00744	0.00246	0.01186	0.00581	0.00356	0.01185
20	0.01718	0.10564	0.60688	0.02279	0.03459	0.02056	0.02915	0.02617	0.01748	0.02568	0.01459	0.01715	0.01054	0.00782	0.00765	0.00255	0.01196	0.00598	0.00351	0.01213

[dist]
# distance from previous block
# <min> <max>
1	4

[block]
# block no. 8 follows, 22 sequences, length 11
# corresponding to MSA columns:
# 386-396
name=unknown_I
#
# <colnr> <probs for GDERKNQSTAVLIFYWHMCP>
#	G	D	E	R	K	N	Q	S	T	A	V	L	I	F	Y	W	H	M	C	P
0	0.12176	0.08008	0.24977	0.02130	0.04477	0.02141	0.05273	0.02545	0.01641	0.08020	0.01477	0.01810	0.01147	0.00975	0.01270	0.00283	0.19463	0.00651	0.00440	0.01097
1	0.13081	0.01412	0.01590	0.01253	0.01834	0.01264	0.01000	0.02522	0.07130	0.11678	0.12124	0.02658	0.02471	0.00913	0.00708	0.00197	0.00599	0.00734	0.00666	0.36167
2	0.01947	0.01547	0.02406	0.12355	0.21158	0.03218	0.06416	0.02381	0.01993	0.11248	0.09517	0.04067	0.09224	0.01211	0.00905	0.00274	0.00864	0.07582	0.00621	0.01065
3	0.08228	0.15930	0.40861	0.02061	0.02965	0.02255	0.02412	0.02502	0.01647	0.02516	0.01346	0.01651	0.01047	0.00864	0.00983	0.00261	0.10391	0.00584	0.00367	0.01127
4	0.01456	0.00801	0.01232	0.08255	0.01574	0.00841	0.00889	0.01192	0.01144	0.01515	0.01447	0.02492	0.01407	0.02668	0.02991	0.67827	0.00762	0.00723	0.00362	0.00420
5	0.22329	0.01722	0.10401	0.07190	0.02362	0.01463	0.01514	0.02535	0.01826	0.15405	0.02654	0.04258	0.02371	0.01302	0.00838	0.00298	0.00812	0.19054	0.00659	0.01006
6	0.15995	0.01855	0.05430	0.02311	0.15881	0.01808	0.01603	0.17209	0.02397	0.12734	0.07520	0.02929	0.02185	0.01054	0.00807	0.00263	0.00810	0.05335	0.00688	0.01185
7	0.07815	0.13275	0.06391	0.01491	0.02012	0.01814	0.01303	0.11919	0.05788	0.08249	0.02294	0.11445	0.02064	0.01976	0.11737	0.00421	0.01008	0.00906	0.00612	0.07481
8	0.09533	0.01304	0.01475	0.01337	0.01645	0.01382	0.01009	0.05822	0.12393	0.02862	0.09734	0.18806	0.03339	0.08769	0.01344	0.00328	0.05904	0.01221	0.00679	0.11115
9	0.11815	0.01408	0.01881	0.11813	0.14838	0.01507	0.01460	0.02313	0.11562	0.02703	0.02714	0.23287	0.02714	0.01390	0.00848	0.00280	0.00729	0.01222	0.00604	0.04912
10	0.19150	0.01287	0.01384	0.01243	0.01649	0.01286	0.00954	0.02365	0.10782	0.07723	0.10408	0.19070	0.03250	0.01371	0.00794	0.00256	0.00575	0.01150	0.00708	0.14595

[dist]
# distance from previous block
# <min> <max>
10	54

[block]
# block no. 9 follows, 22 sequences, length 7
# corresponding to MSA columns:
# 458-464
name=unknown_J
#
# <colnr> <probs for GDERKNQSTAVLIFYWHMCP>
#	G	D	E	R	K	N	Q	S	T	A	V	L	I	F	Y	W	H	M	C	P
0	0.01927	0.02109	0.12908	0.01764	0.04623	0.01650	0.01558	0.10588	0.07286	0.03024	0.01814	0.04758	0.01506	0.00891	0.00881	0.00209	0.06015	0.00690	0.00543	0.35257
1	0.02378	0.01815	0.02019	0.01569	0.02170	0.01821	0.01265	0.33974	0.02910	0.04038	0.06870	0.07838	0.02181	0.01062	0.00793	0.00218	0.00745	0.00858	0.00726	0.24751
2	0.26599	0.08527	0.02098	0.01472	0.02087	0.02007	0.01239	0.19934	0.02434	0.22947	0.02036	0.01978	0.01411	0.00907	0.00703	0.00247	0.00762	0.00650	0.00744	0.01216
3	0.02822	0.02100	0.02281	0.01774	0.02395	0.02257	0.01447	0.51095	0.03475	0.04700	0.02158	0.07760	0.01740	0.01093	0.00827	0.00243	0.00845	0.00857	0.00790	0.09343
4	0.01035	0.00839	0.00891	0.00880	0.01120	0.00725	0.00643	0.01253	0.01900	0.02355	0.16860	0.07462	0.50116	0.08719	0.01297	0.00329	0.00454	0.01660	0.00768	0.00695
5	0.10785	0.01087	0.01152	0.01084	0.01363	0.01098	0.00810	0.04111	0.08630	0.02912	0.22201	0.08419	0.22065	0.09221	0.01261	0.00331	0.00529	0.01360	0.00761	0.00820
6	0.02782	0.01866	0.02080	0.01653	0.02201	0.01981	0.01322	0.37033	0.07780	0.13746	0.02468	0.05939	0.01963	0.08566	0.01199	0.00311	0.00817	0.00894	0.00809	0.04590

[dist]
# distance from previous block
# <min> <max>
4	10

[block]
# block no. 10 follows, 22 sequences, length 26
# corresponding to MSA columns:
# 476-501
name=unknown_K
#
# <colnr> <probs for GDERKNQSTAVLIFYWHMCP>
#	G	D	E	R	K	N	Q	S	T	A	V	L	I	F	Y	W	H	M	C	P
0	0.01963	0.01816	0.02939	0.04201	0.50507	0.01781	0.02181	0.04545	0.01918	0.02749	0.01851	0.08389	0.01701	0.00910	0.00823	0.00242	0.00897	0.00865	0.00469	0.09254
1	0.02573	0.02618	0.02233	0.02117	0.06861	0.24536	0.01539	0.12029	0.30176	0.03172	0.02341	0.02323	0.01791	0.00989	0.00809	0.00252	0.01005	0.00760	0.00670	0.01208
2	0.13726	0.04947	0.04788	0.07962	0.02630	0.02203	0.01528	0.28625	0.08420	0.06199	0.01864	0.01987	0.01379	0.00934	0.00838	0.00250	0.03848	0.00686	0.00665	0.06521
3	0.01791	0.01279	0.01502	0.01359	0.01702	0.01312	0.01075	0.12459	0.11767	0.07219	0.25051	0.09001	0.10843	0.01616	0.00951	0.00283	0.00592	0.08351	0.00857	0.00992
4	0.04809	0.01595	0.01977	0.01476	0.02168	0.01386	0.04568	0.06345	0.07786	0.12619	0.01960	0.02052	0.01479	0.00759	0.00700	0.00180	0.00697	0.00628	0.00624	0.46191
5	0.02005	0.02052	0.06335	0.09207	0.58669	0.01963	0.02558	0.02525	0.01870	0.02671	0.01553	0.02052	0.01289	0.00749	0.00821	0.00250	0.01006	0.00734	0.00406	0.01286
6	0.03103	0.03959	0.02354	0.02140	0.02568	0.67469	0.01605	0.03317	0.02354	0.02033	0.01284	0.01498	0.01070	0.00856	0.00749	0.00214	0.01498	0.00535	0.00428	0.00963
7	0.01818	0.01935	0.03245	0.35196	0.04661	0.07995	0.23634	0.02367	0.01828	0.02306	0.01720	0.06295	0.01425	0.00894	0.00890	0.00276	0.01210	0.00904	0.00417	0.00982
8	0.01549	0.00774	0.00774	0.00774	0.00968	0.00774	0.00581	0.01936	0.01742	0.03097	0.02710	0.03097	0.02129	0.00968	0.00581	0.00194	0.00387	0.00774	0.75416	0.00774
9	0.02029	0.01946	0.03322	0.08700	0.62236	0.01967	0.02536	0.02525	0.01879	0.02681	0.01558	0.02065	0.01304	0.00745	0.00823	0.00248	0.00994	0.00740	0.00409	0.01294
10	0.01012	0.00723	0.00964	0.01157	0.01205	0.00675	0.00771	0.01157	0.01591	0.02121	0.04579	0.70262	0.05495	0.02603	0.01060	0.00337	0.00482	0.02362	0.00771	0.00675
11	0.01720	0.01674	0.02357	0.02050	0.02073	0.02311	0.01697	0.01919	0.01282	0.01988	0.01267	0.02042	0.01244	0.02195	0.12781	0.00514	0.58876	0.00752	0.00376	0.00883
12	0.03158	0.02327	0.02493	0.01911	0.02576	0.02576	0.01579	0.62852	0.03906	0.05236	0.01995	0.01995	0.01413	0.00997	0.00831	0.00249	0.00914	0.00748	0.00831	0.01413
13	0.01381	0.00983	0.01233	0.01179	0.01303	0.01068	0.00827	0.07081	0.01513	0.02082	0.02396	0.04209	0.02477	0.37348	0.30309	0.00974	0.01408	0.01032	0.00510	0.00688
14	0.01871	0.01808	0.02589	0.51226	0.04949	0.07315	0.04804	0.07911	0.01923	0.02424	0.01501	0.02119	0.01139	0.00871	0.00917	0.00273	0.04231	0.00733	0.00419	0.00980
15	0.01094	0.00795	0.01031	0.01079	0.01218	0.00732	0.00768	0.01369	0.01999	0.02747	0.35776	0.33416	0.10669	0.02108	0.01014	0.00295	0.00432	0.01882	0.00844	0.00732
16	0.02810	0.08436	0.02369	0.01719	0.02321	0.02244	0.01417	0.28003	0.23180	0.14771	0.02590	0.02437	0.01859	0.01018	0.00809	0.00255	0.00792	0.00797	0.00825	0.01348
17	0.01208	0.00805	0.00906	0.00906	0.00906	0.00805	0.00503	0.01208	0.01208	0.01611	0.02618	0.05436	0.03020	0.70804	0.04228	0.00805	0.00805	0.01208	0.00503	0.00503
18	0.02430	0.22694	0.06767	0.11277	0.11723	0.07658	0.05512	0.08800	0.02101	0.11027	0.01682	0.01908	0.01284	0.00817	0.00742	0.00232	0.01010	0.00657	0.00512	0.01166
19	0.02120	0.24955	0.31047	0.02293	0.10063	0.02367	0.02268	0.06937	0.01940	0.06538	0.01539	0.01738	0.01174	0.00788	0.00718	0.00233	0.01038	0.00598	0.00435	0.01211
20	0.01012	0.00723	0.00964	0.01157	0.01205	0.00675	0.00771	0.01157	0.01591	0.02121	0.04579	0.70262	0.05495	0.02603	0.01060	0.00337	0.00482	0.02362	0.00771	0.00675
21	0.72553	0.05463	0.01394	0.01111	0.01636	0.01942	0.00929	0.02445	0.01429	0.03629	0.01157	0.01349	0.00909	0.00768	0.00515	0.00253	0.00656	0.00450	0.00505	0.00909
22	0.01367	0.00744	0.01089	0.01136	0.01162	0.00737	0.00788	0.01154	0.01239	0.01646	0.02203	0.13513	0.02379	0.02787	0.02713	0.57130	0.00689	0.06615	0.00462	0.00447
23	0.34505	0.23810	0.06292	0.01355	0.01932	0.02240	0.01259	0.02481	0.01640	0.06835	0.05847	0.01831	0.01536	0.00873	0.00712	0.00238	0.04540	0.00572	0.00506	0.00996
24	0.01814	0.01801	0.02599	0.07756	0.06968	0.02448	0.01909	0.02048	0.01348	0.02060	0.01155	0.01866	0.01108	0.01353	0.02438	0.00348	0.58945	0.00729	0.00367	0.00939
25	0.01285	0.00821	0.01211	0.01211	0.01293	0.00903	0.00883	0.01314	0.01231	0.01724	0.01956	0.03129	0.01900	0.09263	0.39023	0.29444	0.01563	0.00848	0.00417	0.00582

[dist]
# distance from previous block
# <min> <max>
1	2

[block]
# block no. 11 follows, 22 sequences, length 40
# corresponding to MSA columns:
# 504-543
name=unknown_L
#
# <colnr> <probs for GDERKNQSTAVLIFYWHMCP>
#	G	D	E	R	K	N	Q	S	T	A	V	L	I	F	Y	W	H	M	C	P
0	0.03727	0.01414	0.01928	0.01478	0.02121	0.01221	0.01221	0.04049	0.02378	0.66198	0.03277	0.02828	0.02056	0.01028	0.00835	0.00257	0.00707	0.00835	0.01028	0.01414
1	0.01723	0.01477	0.01723	0.01230	0.01969	0.01107	0.00984	0.02092	0.01723	0.02707	0.01477	0.01723	0.01230	0.00615	0.00615	0.00123	0.00615	0.00492	0.00492	0.75883
2	0.01749	0.01614	0.02114	0.06909	0.02348	0.01745	0.01424	0.02057	0.01536	0.02376	0.01321	0.01799	0.01164	0.00970	0.01483	0.00232	0.28345	0.00606	0.00431	0.39775
3	0.01620	0.01307	0.02161	0.02238	0.13732	0.01243	0.10301	0.02071	0.02161	0.06651	0.33580	0.05017	0.04981	0.01403	0.00961	0.00275	0.00711	0.07883	0.00738	0.00966
4	0.01187	0.00890	0.01335	0.01335	0.01483	0.01038	0.01038	0.01483	0.01335	0.01928	0.02225	0.03264	0.02077	0.06231	0.67512	0.01335	0.02225	0.00890	0.00445	0.00742
5	0.03103	0.03959	0.02354	0.02140	0.02568	0.67469	0.01605	0.03317	0.02354	0.02033	0.01284	0.01498	0.01070	0.00856	0.00749	0.00214	0.01498	0.00535	0.00428	0.00963
6	0.01723	0.01477	0.01723	0.01230	0.01969	0.01107	0.00984	0.02092	0.01723	0.02707	0.01477	0.01723	0.01230	0.00615	0.00615	0.00123	0.00615	0.00492	0.00492	0.75883
7	0.10861	0.01547	0.02344	0.49783	0.04647	0.01960	0.02055	0.02142	0.01568	0.02300	0.01375	0.02045	0.01079	0.00923	0.01096	0.00288	0.11981	0.00701	0.00386	0.00918
8	0.01193	0.00864	0.01201	0.01201	0.01302	0.00965	0.00871	0.01397	0.01295	0.01829	0.02348	0.03945	0.02373	0.26483	0.47664	0.01169	0.01780	0.00990	0.00463	0.00667
9	0.01549	0.00774	0.00774	0.00774	0.00968	0.00774	0.00581	0.01936	0.01742	0.03097	0.02710	0.03097	0.02129	0.00968	0.00581	0.00194	0.00387	0.00774	0.75416	0.00774
10	0.01810	0.01814	0.03493	0.08060	0.19617	0.01779	0.28355	0.02372	0.01910	0.02595	0.02279	0.03880	0.02098	0.01097	0.00969	0.00296	0.01123	0.14884	0.00496	0.01073
11	0.76672	0.01607	0.01221	0.01092	0.01607	0.01864	0.00900	0.02442	0.01414	0.03727	0.01157	0.01350	0.00900	0.00771	0.00514	0.00257	0.00643	0.00450	0.00514	0.00900
12	0.02299	0.65348	0.04176	0.01485	0.02171	0.08964	0.01438	0.02561	0.01747	0.01961	0.01166	0.01347	0.01066	0.00724	0.00552	0.00181	0.00942	0.00452	0.00362	0.01057
