[name]
unknown

[dist]
# distance from previous block
# <min> <max>
0	14

[block]
# block no. 0 follows, 23 sequences, length 22
# corresponding to MSA columns:
# 14-35
name=unknown_A
#
# <colnr> <probs for GDERKNQSTAVLIFYWHMCP>
#	G	D	E	R	K	N	Q	S	T	A	V	L	I	F	Y	W	H	M	C	P
0	0.01308	0.00934	0.01308	0.01494	0.01681	0.00934	0.01308	0.01681	0.01868	0.02428	0.04296	0.09153	0.04670	0.02242	0.01121	0.00374	0.00747	0.60960	0.00747	0.00747
1	0.06506	0.01811	0.02247	0.39111	0.06904	0.09974	0.01851	0.07697	0.01939	0.02564	0.05124	0.02185	0.01484	0.00854	0.00775	0.00246	0.01004	0.00705	0.00458	0.06561
2	0.01409	0.00705	0.01057	0.01057	0.01057	0.00705	0.00705	0.01057	0.01057	0.01409	0.01409	0.02467	0.01409	0.02819	0.03171	0.76392	0.00705	0.00705	0.00352	0.00352
3	0.01180	0.00787	0.00885	0.00885	0.00885	0.00787	0.00492	0.01180	0.01180	0.01573	0.02557	0.05310	0.02950	0.71483	0.04130	0.00787	0.00787	0.01180	0.00492	0.00492
4	0.77215	0.01569	0.01193	0.01067	0.01569	0.01820	0.00879	0.02385	0.01381	0.03641	0.01130	0.01318	0.00879	0.00753	0.00502	0.00251	0.00628	0.00439	0.00502	0.00879
5	0.01180	0.00787	0.00885	0.00885	0.00885	0.00787	0.00492	0.01180	0.01180	0.01573	0.02557	0.05310	0.02950	0.71483	0.04130	0.00787	0.00787	0.01180	0.00492	0.00492
6	0.77215	0.01569	0.01193	0.01067	0.01569	0.01820	0.00879	0.02385	0.01381	0.03641	0.01130	0.01318	0.00879	0.00753	0.00502	0.00251	0.00628	0.00439	0.00502	0.00879
7	0.01180	0.00787	0.00885	0.00885	0.00885	0.00787	0.00492	0.01180	0.01180	0.01573	0.02557	0.05310	0.02950	0.71483	0.04130	0.00787	0.00787	0.01180	0.00492	0.00492
8	0.03031	0.03867	0.02299	0.02090	0.02508	0.68226	0.01568	0.03240	0.02299	0.01986	0.01254	0.01463	0.01045	0.00836	0.00732	0.00209	0.01463	0.00523	0.00418	0.00941
9	0.27897	0.01403	0.01594	0.01287	0.01841	0.01369	0.01057	0.03253	0.02008	0.41214	0.07171	0.02527	0.02052	0.00969	0.00722	0.00251	0.00647	0.00739	0.00829	0.01168
10	0.01180	0.00787	0.00885	0.00885	0.00885	0.00787	0.00492	0.01180	0.01180	0.01573	0.02557	0.05310	0.02950	0.71483	0.04130	0.00787	0.00787	0.01180	0.00492	0.00492
11	0.53973	0.01789	0.06912	0.04928	0.02150	0.01762	0.04737	0.02585	0.01564	0.11027	0.01451	0.01618	0.01057	0.00784	0.00604	0.00254	0.00748	0.00542	0.00537	0.00979
12	0.01915	0.02189	0.04788	0.03420	0.04241	0.02052	0.63475	0.02599	0.01915	0.02599	0.01642	0.02189	0.01231	0.00684	0.00958	0.00274	0.01368	0.00958	0.00410	0.01094
13	0.00959	0.00822	0.00822	0.00822	0.01096	0.00685	0.00617	0.01165	0.01850	0.02192	0.08220	0.07809	0.66092	0.02055	0.00959	0.00274	0.00411	0.01713	0.00754	0.00685
14	0.01450	0.01080	0.01465	0.06759	0.01842	0.01126	0.04520	0.02036	0.08996	0.02662	0.11810	0.06430	0.02940	0.05198	0.13158	0.00451	0.00885	0.00980	0.20745	0.05468
15	0.04871	0.01396	0.05573	0.01446	0.05425	0.01103	0.01129	0.02208	0.02019	0.12777	0.26870	0.03560	0.03823	0.01099	0.00791	0.00213	0.00588	0.00936	0.00710	0.23463
16	0.05384	0.01728	0.02597	0.10194	0.02882	0.04548	0.15094	0.05851	0.01830	0.10118	0.02008	0.10749	0.01777	0.01143	0.01219	0.00278	0.15030	0.00946	0.00539	0.06086
17	0.11852	0.08352	0.23728	0.07445	0.06390	0.01731	0.04016	0.02388	0.01788	0.06672	0.10597	0.02370	0.02043	0.00886	0.00742	0.00239	0.00887	0.00720	0.00500	0.06652
18	0.02105	0.02334	0.09330	0.06859	0.39991	0.08066	0.05646	0.07065	0.01981	0.02697	0.01502	0.01929	0.01221	0.00798	0.00909	0.00249	0.04986	0.00705	0.00424	0.01202
19	0.05105	0.04413	0.01960	0.01554	0.01976	0.01643	0.05734	0.22381	0.05906	0.05992	0.11147	0.18196	0.03200	0.01384	0.00854	0.00263	0.00700	0.01193	0.05365	0.01036
20	0.04854	0.08349	0.20104	0.01671	0.02302	0.07603	0.01648	0.06043	0.09089	0.06275	0.10481	0.10385	0.02631	0.01144	0.00795	0.00249	0.00851	0.00932	0.00597	0.03997
21	0.06680	0.12171	0.14262	0.05486	0.23007	0.08839	0.04281	0.07024	0.01954	0.02660	0.01802	0.02084	0.04674	0.00834	0.00748	0.00236	0.01006	0.00686	0.00440	0.01129

[dist]
# distance from previous block
# <min> <max>
2	10

[block]
# block no. 1 follows, 23 sequences, length 11
# corresponding to MSA columns:
# 46-56
name=unknown_B
#
# <colnr> <probs for GDERKNQSTAVLIFYWHMCP>
#	G	D	E	R	K	N	Q	S	T	A	V	L	I	F	Y	W	H	M	C	P
0	0.01526	0.01237	0.04761	0.01235	0.01558	0.01101	0.01009	0.09303	0.05359	0.05813	0.41780	0.09796	0.09164	0.01562	0.00924	0.00261	0.00520	0.01354	0.00838	0.00900
1	0.02057	0.01794	0.02838	0.12941	0.43082	0.01876	0.02169	0.02837	0.12334	0.07099	0.01925	0.02250	0.01505	0.00817	0.00809	0.00251	0.00908	0.00761	0.00508	0.01240
2	0.01104	0.00821	0.01059	0.01040	0.01223	0.00776	0.00775	0.01422	0.02017	0.02783	0.42095	0.12643	0.15693	0.02409	0.10053	0.00407	0.00638	0.01511	0.00795	0.00737
3	0.01735	0.01324	0.01486	0.05919	0.01894	0.03065	0.01039	0.11232	0.07026	0.06045	0.03850	0.15920	0.16046	0.04540	0.00988	0.00274	0.00642	0.01224	0.04640	0.11113
4	0.01883	0.05161	0.01757	0.03579	0.01853	0.03574	0.01134	0.18840	0.04709	0.03328	0.18288	0.04000	0.13776	0.01330	0.00968	0.00252	0.05754	0.01057	0.07785	0.00972
5	0.01872	0.01554	0.01784	0.01292	0.02003	0.01275	0.01040	0.10370	0.01971	0.02978	0.01511	0.01718	0.01226	0.00651	0.00629	0.00137	0.00640	0.00514	0.00525	0.66309
6	0.01738	0.01319	0.01529	0.01470	0.04529	0.01383	0.01077	0.02919	0.29440	0.08364	0.20837	0.04591	0.14655	0.01389	0.00882	0.00266	0.00551	0.01184	0.00827	0.01051
7	0.02085	0.12141	0.30187	0.06104	0.05749	0.01847	0.06335	0.02692	0.01828	0.15193	0.01988	0.06887	0.01562	0.00928	0.00782	0.00251	0.00996	0.00779	0.00512	0.01154
8	0.00998	0.00748	0.00926	0.01042	0.01160	0.00677	0.00720	0.01180	0.01704	0.02224	0.11767	0.48487	0.20759	0.02329	0.01008	0.00308	0.00447	0.02072	0.00768	0.00677
9	0.05011	0.05639	0.02130	0.11401	0.10582	0.08611	0.01483	0.08069	0.10652	0.07400	0.14083	0.06491	0.02832	0.01111	0.00815	0.00251	0.00810	0.00931	0.00645	0.01051
10	0.10689	0.01823	0.01795	0.01685	0.06473	0.09692	0.01227	0.22028	0.02466	0.06794	0.04252	0.07864	0.01987	0.01061	0.00739	0.00236	0.00768	0.00835	0.16531	0.01054

[dist]
# distance from previous block
# <min> <max>
4	30

[block]
# block no. 2 follows, 23 sequences, length 15
# corresponding to MSA columns:
# 88-102
name=unknown_C
#
# <colnr> <probs for GDERKNQSTAVLIFYWHMCP>
#	G	D	E	R	K	N	Q	S	T	A	V	L	I	F	Y	W	H	M	C	P
0	0.04052	0.01467	0.01707	0.01421	0.01824	0.01556	0.03886	0.19054	0.07215	0.03325	0.08210	0.04008	0.19515	0.01323	0.00966	0.00254	0.05934	0.01058	0.09506	0.03720
1	0.06790	0.02135	0.08664	0.11097	0.20900	0.01977	0.29118	0.02472	0.01790	0.02597	0.01520	0.02029	0.01184	0.00745	0.00913	0.00264	0.03496	0.00797	0.00401	0.01111
2	0.01004	0.00816	0.00889	0.00887	0.01127	0.00701	0.00659	0.01245	0.01931	0.02423	0.20978	0.11542	0.48972	0.01998	0.00964	0.00273	0.00409	0.01696	0.00785	0.00701
3	0.06580	0.01468	0.02128	0.37263	0.08904	0.01711	0.01790	0.04402	0.11116	0.02696	0.11546	0.02809	0.02301	0.00977	0.00815	0.00264	0.00865	0.00846	0.00537	0.00982
4	0.03466	0.01377	0.01850	0.01437	0.02040	0.01215	0.01180	0.03877	0.05312	0.61458	0.05659	0.02903	0.02252	0.01034	0.00822	0.00252	0.00676	0.00846	0.00991	0.01352
5	0.02980	0.02056	0.02230	0.01727	0.02330	0.02241	0.01421	0.52968	0.03492	0.09934	0.02116	0.02117	0.01498	0.00974	0.00789	0.00239	0.00827	0.00740	0.08001	0.01320
6	0.01409	0.00705	0.01057	0.01057	0.01057	0.00705	0.00705	0.01057	0.01057	0.01409	0.01409	0.02467	0.01409	0.02819	0.03171	0.76392	0.00705	0.00705	0.00352	0.00352
7	0.03085	0.02273	0.02435	0.01867	0.02516	0.02516	0.01542	0.63716	0.03815	0.05114	0.01948	0.01948	0.01380	0.00974	0.00812	0.00244	0.00893	0.00731	0.00812	0.01380
8	0.01561	0.01499	0.02612	0.64523	0.05486	0.01822	0.06893	0.02113	0.01645	0.02113	0.01457	0.02165	0.01093	0.00802	0.00822	0.00271	0.01103	0.00739	0.00364	0.00916
9	0.01737	0.01574	0.02445	0.52511	0.09950	0.01888	0.02124	0.07038	0.07977	0.02481	0.01669	0.02218	0.01257	0.00845	0.00812	0.00266	0.01015	0.00741	0.00444	0.01006
10	0.06818	0.01340	0.01743	0.01392	0.01943	0.01218	0.01130	0.03587	0.06167	0.52093	0.07965	0.06049	0.02567	0.01118	0.00822	0.00256	0.00651	0.00921	0.00949	0.01271
11	0.02725	0.01863	0.01980	0.01605	0.02124	0.05993	0.01288	0.28739	0.11487	0.16964	0.09602	0.02829	0.02414	0.03139	0.00916	0.00263	0.00776	0.00858	0.03211	0.01224
12	0.01113	0.00817	0.01005	0.01088	0.01212	0.00771	0.00753	0.04132	0.01764	0.02331	0.11569	0.46299	0.14840	0.06843	0.01209	0.00339	0.00492	0.01972	0.00754	0.00698
13	0.01617	0.01462	0.01980	0.01755	0.01839	0.01900	0.01415	0.05789	0.01477	0.02152	0.02048	0.08898	0.04915	0.06155	0.12940	0.00518	0.40877	0.00960	0.00462	0.00841
14	0.01435	0.01336	0.06450	0.08956	0.02051	0.01213	0.01197	0.08700	0.06726	0.02612	0.07769	0.31401	0.08807	0.06149	0.01131	0.00323	0.00665	0.01539	0.00683	0.00856

[dist]
# distance from previous block
# <min> <max>
2	26

[block]
# block no. 3 follows, 23 sequences, length 9
# corresponding to MSA columns:
# 129-137
name=unknown_D
#
# <colnr> <probs for GDERKNQSTAVLIFYWHMCP>
#	G	D	E	R	K	N	Q	S	T	A	V	L	I	F	Y	W	H	M	C	P
0	0.07398	0.01304	0.01734	0.09658	0.02146	0.01506	0.05547	0.02209	0.06597	0.02732	0.02015	0.02441	0.01610	0.00990	0.01052	0.00247	0.14229	0.00736	0.32388	0.03462
1	0.01163	0.00865	0.01177	0.06453	0.01555	0.00837	0.00882	0.01533	0.02168	0.03040	0.54621	0.12361	0.06903	0.01682	0.00954	0.00264	0.00447	0.01494	0.00837	0.00766
2	0.01622	0.00982	0.01132	0.05395	0.01474	0.01048	0.00832	0.08671	0.01825	0.02901	0.02385	0.03018	0.01971	0.06927	0.08210	0.03381	0.00717	0.00793	0.45919	0.00796
3	0.01030	0.00737	0.00983	0.01138	0.01213	0.00690	0.00789	0.01218	0.01672	0.02252	0.12697	0.58442	0.05630	0.02405	0.01030	0.00322	0.00476	0.05825	0.00772	0.00679
4	0.02904	0.07310	0.07354	0.01705	0.02330	0.01984	0.01504	0.22184	0.09333	0.26762	0.02390	0.02281	0.01652	0.00991	0.00910	0.00253	0.05326	0.00748	0.00782	0.01298
5	0.77215	0.01569	0.01193	0.01067	0.01569	0.01820	0.00879	0.02385	0.01381	0.03641	0.01130	0.01318	0.00879	0.00753	0.00502	0.00251	0.00628	0.00439	0.00502	0.00879
6	0.06279	0.00948	0.01029	0.00990	0.01076	0.00980	0.00616	0.06118	0.01423	0.02017	0.02545	0.09190	0.02855	0.56760	0.03428	0.00679	0.00763	0.01172	0.00535	0.00597
7	0.21264	0.01961	0.10291	0.11169	0.02473	0.06883	0.01437	0.06872	0.06354	0.03036	0.08703	0.02807	0.07514	0.01027	0.00735	0.00251	0.00798	0.00795	0.04670	0.00960
8	0.13493	0.06903	0.05395	0.01558	0.02146	0.06981	0.01333	0.13681	0.10142	0.23218	0.05480	0.02357	0.01888	0.00961	0.00749	0.00245	0.00794	0.00732	0.00746	0.01198

[dist]
# distance from previous block
# <min> <max>
2	12

[block]
# block no. 4 follows, 23 sequences, length 29
# corresponding to MSA columns:
# 150-178
name=unknown_E
#
# <colnr> <probs for GDERKNQSTAVLIFYWHMCP>
#	G	D	E	R	K	N	Q	S	T	A	V	L	I	F	Y	W	H	M	C	P
0	0.14676	0.01136	0.01303	0.01269	0.03858	0.01161	0.00926	0.04099	0.07221	0.05449	0.37631	0.07652	0.07685	0.01432	0.00855	0.00259	0.00501	0.01217	0.00790	0.00881
1	0.01831	0.01951	0.11473	0.01986	0.11271	0.03760	0.01528	0.14433	0.02258	0.03086	0.10977	0.07484	0.11999	0.01198	0.00827	0.00238	0.00765	0.01006	0.00624	0.11303
2	0.01945	0.11989	0.27684	0.08018	0.06608	0.07934	0.08586	0.02551	0.01788	0.05042	0.01571	0.01890	0.01196	0.00802	0.00803	0.00241	0.03206	0.00650	0.06410	0.01086
3	0.02624	0.02006	0.02155	0.01738	0.02296	0.02234	0.01406	0.41705	0.21254	0.04472	0.07435	0.02585	0.02195	0.01065	0.00827	0.00254	0.00780	0.00843	0.00822	0.01304
4	0.01797	0.01828	0.09979	0.28372	0.08220	0.01773	0.01895	0.09735	0.06941	0.02771	0.01843	0.02286	0.01413	0.01082	0.03368	0.00294	0.03501	0.00734	0.11142	0.01026
5	0.77215	0.01569	0.01193	0.01067	0.01569	0.01820	0.00879	0.02385	0.01381	0.03641	0.01130	0.01318	0.00879	0.00753	0.00502	0.00251	0.00628	0.00439	0.00502	0.00879
6	0.01486	0.00759	0.00767	0.00767	0.00941	0.00759	0.00561	0.01834	0.01660	0.02910	0.02640	0.03207	0.02149	0.06560	0.00851	0.00237	0.00411	0.00790	0.69979	0.00735
7	0.01763	0.02046	0.12302	0.13723	0.21176	0.01794	0.07900	0.02679	0.14270	0.02710	0.06809	0.05222	0.02082	0.00957	0.00840	0.00263	0.00930	0.00883	0.00521	0.01129
8	0.02169	0.71972	0.04252	0.01388	0.02083	0.03211	0.01388	0.02430	0.01649	0.01909	0.01128	0.01302	0.01041	0.00694	0.00521	0.00174	0.00868	0.00434	0.00347	0.01041
9	0.03243	0.01293	0.01756	0.01376	0.01934	0.01125	0.01125	0.03568	0.02318	0.56821	0.13215	0.03288	0.02909	0.01109	0.00838	0.00252	0.00641	0.00920	0.00987	0.01283
10	0.01317	0.01107	0.01638	0.01441	0.01657	0.01130	0.08801	0.01718	0.05888	0.02469	0.21193	0.17572	0.08359	0.14478	0.01685	0.00380	0.06287	0.01430	0.00674	0.00775
11	0.01137	0.01003	0.00990	0.00996	0.01225	0.05118	0.00731	0.01366	0.01915	0.02365	0.18373	0.17844	0.40078	0.01981	0.00957	0.00276	0.00485	0.01688	0.00759	0.00713
12	0.08759	0.02211	0.02202	0.01773	0.02356	0.06659	0.01437	0.42483	0.16276	0.04433	0.02120	0.02091	0.01547	0.00974	0.00785	0.00248	0.00857	0.00733	0.00764	0.01291
13	0.01627	0.04197	0.67279	0.02313	0.03512	0.01884	0.02998	0.02570	0.01713	0.02570	0.01456	0.01713	0.01028	0.00771	0.00771	0.00257	0.01199	0.00600	0.00343	0.01199
14	0.08884	0.01845	0.02170	0.17849	0.03033	0.02105	0.01580	0.33651	0.07646	0.03853	0.01957	0.04337	0.01516	0.01255	0.04465	0.00314	0.00951	0.00776	0.00656	0.01156
15	0.01514	0.01357	0.02073	0.01785	0.01936	0.01665	0.08206	0.01782	0.01381	0.02068	0.01831	0.05332	0.01763	0.08257	0.21157	0.00638	0.28882	0.00887	0.06675	0.00813
16	0.01000	0.00717	0.00932	0.01100	0.01154	0.00669	0.00730	0.01135	0.01543	0.02044	0.04520	0.63738	0.08015	0.07034	0.01235	0.00357	0.00489	0.02206	0.00736	0.00649
17	0.01969	0.01618	0.01718	0.01545	0.01989	0.01824	0.01202	0.03927	0.54680	0.06180	0.03874	0.03575	0.09909	0.01208	0.00841	0.00274	0.00617	0.01006	0.00825	0.01219
18	0.00987	0.00712	0.00936	0.01115	0.01173	0.00660	0.00746	0.01132	0.01568	0.02077	0.04657	0.67846	0.08356	0.02518	0.01032	0.00327	0.00468	0.02278	0.00753	0.00660
19	0.02984	0.01517	0.01938	0.06834	0.02340	0.01499	0.01302	0.15606	0.05941	0.38640	0.07032	0.06015	0.02367	0.01105	0.00835	0.00256	0.00729	0.00911	0.00886	0.01263
20	0.01180	0.00787	0.00885	0.00885	0.00885	0.00787	0.00492	0.01180	0.01180	0.01573	0.02557	0.05310	0.02950	0.71483	0.04130	0.00787	0.00787	0.01180	0.00492	0.00492
21	0.05820	0.01587	0.01975	0.01513	0.02147	0.01460	0.05191	0.09311	0.10182	0.15310	0.02177	0.04560	0.01673	0.00864	0.00728	0.00202	0.00701	0.00722	0.00667	0.33211
22	0.06222	0.62325	0.03939	0.01432	0.02059	0.03075	0.01393	0.02388	0.01601	0.02007	0.01123	0.01342	0.01034	0.00758	0.00697	0.00193	0.06581	0.00457	0.00356	0.01020
23	0.01573	0.01467	0.02384	0.63910	0.05300	0.01821	0.02173	0.02259	0.06868	0.02183	0.01596	0.02235	0.01197	0.00835	0.00812	0.00271	0.01045	0.00737	0.00399	0.00933
24	0.01177	0.00844	0.01004	0.00965	0.01202	0.00745	0.00723	0.01467	0.02063	0.05754	0.34911	0.10928	0.31546	0.01851	0.00956	0.00268	0.00415	0.01594	0.00831	0.00754
25	0.01651	0.04031	0.62103	0.02404	0.03572	0.01898	0.08007	0.02572	0.01730	0.02572	0.01472	0.01753	0.01045	0.00764	0.00786	0.00258	0.01213	0.00629	0.00348	0.01191
26	0.02011	0.01334	0.01428	0.01220	0.01574	0.01426	0.00960	0.22347	0.06876	0.03719	0.10056	0.03108	0.02574	0.03322	0.00827	0.00240	0.00580	0.00858	0.34548	0.00991
27	0.01409	0.00705	0.01057	0.01057	0.01057	0.00705	0.00705	0.01057	0.01057	0.01409	0.01409	0.02467	0.01409	0.02819	0.03171	0.76392	0.00705	0.00705	0.00352	0.00352
28	0.02497	0.43995	0.06122	0.01601	0.02280	0.08204	0.01498	0.17436	0.02256	0.05263	0.01432	0.01545	0.01161	0.00789	0.00630	0.00200	0.00929	0.00535	0.00491	0.01135

[dist]
# distance from previous block
# <min> <max>
2	6

[block]
# block no. 5 follows, 23 sequences, length 10
# corresponding to MSA columns:
# 185-194
name=unknown_F
#
# <colnr> <probs for GDERKNQSTAVLIFYWHMCP>
#	G	D	E	R	K	N	Q	S	T	A	V	L	I	F	Y	W	H	M	C	P
0	0.14509	0.06487	0.08181	0.06250	0.24534	0.09178	0.01884	0.04974	0.03634	0.02755	0.01767	0.02584	0.01553	0.00935	0.00761	0.00254	0.00948	0.07253	0.00476	0.01082
1	0.06105	0.09518	0.05486	0.01971	0.09777	0.01915	0.01484	0.09503	0.20312	0.18452	0.02547	0.05418	0.01934	0.01006	0.00777	0.00251	0.00761	0.00821	0.00721	0.01239
2	0.01504	0.01265	0.01468	0.01180	0.01714	0.01031	0.00910	0.01949	0.06250	0.02547	0.02858	0.14714	0.09164	0.01140	0.00733	0.00185	0.00560	0.00971	0.00584	0.49271
3	0.05656	0.01441	0.01694	0.01505	0.04394	0.01475	0.01138	0.20468	0.04771	0.12660	0.24049	0.06283	0.08391	0.01324	0.00865	0.00255	0.00626	0.01107	0.00829	0.01069
4	0.01409	0.00705	0.01057	0.01057	0.01057	0.00705	0.00705	0.01057	0.01057	0.01409	0.01409	0.02467	0.01409	0.02819	0.03171	0.76392	0.00705	0.00705	0.00352	0.00352
5	0.05642	0.02098	0.02622	0.06915	0.20291	0.02282	0.01822	0.40547	0.03039	0.04186	0.01768	0.01953	0.01315	0.00886	0.00797	0.00245	0.00914	0.00716	0.00658	0.01304
6	0.09974	0.01173	0.01448	0.05842	0.01973	0.01269	0.01291	0.02232	0.12688	0.02747	0.06447	0.06622	0.03773	0.01758	0.00973	0.00331	0.00720	0.37160	0.00715	0.00865
7	0.01672	0.13986	0.38955	0.02238	0.09807	0.01904	0.02305	0.02360	0.01818	0.02593	0.12542	0.02431	0.02201	0.00907	0.00767	0.00242	0.00981	0.00737	0.00445	0.01109
8	0.01381	0.01222	0.01531	0.01364	0.01636	0.05147	0.07717	0.01696	0.04079	0.02313	0.08935	0.10849	0.25779	0.04843	0.01293	0.05210	0.04056	0.04103	0.06086	0.00759
9	0.06833	0.14193	0.02709	0.05453	0.12194	0.07068	0.04992	0.15795	0.06795	0.03111	0.05886	0.02320	0.03953	0.00911	0.00748	0.00230	0.00881	0.00739	0.00564	0.04624

[dist]
# distance from previous block
# <min> <max>
3	9

[block]
# block no. 6 follows, 23 sequences, length 94
# corresponding to MSA columns:
# 204-297
name=unknown_G
#
# <colnr> <probs for GDERKNQSTAVLIFYWHMCP>
#	G	D	E	R	K	N	Q	S	T	A	V	L	I	F	Y	W	H	M	C	P
0	0.07979	0.09196	0.01943	0.01334	0.01912	0.01619	0.01095	0.08926	0.10939	0.10634	0.02349	0.04774	0.04260	0.00925	0.00692	0.00203	0.00656	0.00729	0.04210	0.25628
1	0.01509	0.01007	0.01263	0.01187	0.01441	0.00956	0.00884	0.05685	0.05086	0.08584	0.29863	0.26185	0.05412	0.01759	0.00935	0.00272	0.00495	0.01555	0.00826	0.05097
2	0.02820	0.02544	0.02218	0.02068	0.07868	0.28175	0.01495	0.08064	0.08084	0.16627	0.01955	0.02008	0.01449	0.00902	0.00837	0.00228	0.03796	0.00661	0.00616	0.07586
3	0.01007	0.00714	0.00936	0.01107	0.01149	0.00671	0.00729	0.01135	0.01518	0.02024	0.04291	0.64758	0.05139	0.09049	0.01328	0.00373	0.00501	0.02200	0.00729	0.00643
4	0.01683	0.01442	0.01683	0.01202	0.01923	0.01082	0.00961	0.02043	0.01683	0.02644	0.01442	0.01683	0.01202	0.00601	0.00601	0.00120	0.00601	0.00481	0.00481	0.76444
5	0.00989	0.00706	0.00942	0.01130	0.01177	0.00659	0.00753	0.01130	0.01554	0.02071	0.04472	0.70954	0.05367	0.02542	0.01036	0.00330	0.00471	0.02307	0.00753	0.00659
6	0.01130	0.00823	0.01063	0.01015	0.01204	0.00756	0.00757	0.01491	0.02236	0.03137	0.59754	0.09320	0.10825	0.01724	0.00961	0.00260	0.00389	0.01522	0.00879	0.00756
7	0.01695	0.01453	0.01688	0.01219	0.01930	0.01117	0.00973	0.02128	0.04036	0.02672	0.01511	0.01733	0.01249	0.00620	0.00609	0.00126	0.00602	0.00497	0.00494	0.73648
8	0.69375	0.05647	0.04536	0.01145	0.01691	0.01901	0.01009	0.02397	0.01412	0.03492	0.01145	0.01336	0.00895	0.00751	0.00516	0.00247	0.00669	0.00447	0.00486	0.00903
9	0.77215	0.01569	0.01193	0.01067	0.01569	0.01820	0.00879	0.02385	0.01381	0.03641	0.01130	0.01318	0.00879	0.00753	0.00502	0.00251	0.00628	0.00439	0.00502	0.00879
10	0.01159	0.00869	0.01304	0.01304	0.01449	0.01014	0.01014	0.01449	0.01304	0.01884	0.02173	0.03188	0.02029	0.06086	0.68268	0.01304	0.02173	0.00869	0.00435	0.00724
11	0.00995	0.00823	0.00873	0.00860	0.01118	0.00701	0.00645	0.01235	0.01936	0.02397	0.19348	0.07472	0.54836	0.01979	0.00959	0.00270	0.00406	0.01665	0.00780	0.00701
12	0.07928	0.01626	0.05271	0.01511	0.02140	0.01433	0.01294	0.06469	0.10372	0.48708	0.02938	0.02615	0.01919	0.00987	0.00795	0.00254	0.00716	0.00790	0.00907	0.01327
13	0.02353	0.01823	0.01998	0.01790	0.05204	0.04486	0.01351	0.26274	0.17162	0.06882	0.02691	0.12352	0.02329	0.01234	0.00841	0.00259	0.00765	0.03225	0.00756	0.06226
14	0.02193	0.05814	0.08777	0.04041	0.46925	0.08878	0.02301	0.02665	0.01903	0.06582	0.01577	0.01937	0.01271	0.00755	0.00780	0.00236	0.01015	0.00682	0.00433	0.01235
15	0.01821	0.01453	0.01699	0.01247	0.01926	0.01163	0.00998	0.04769	0.03943	0.05937	0.04853	0.02011	0.01615	0.00706	0.00646	0.00144	0.00608	0.00572	0.00552	0.63337
16	0.01683	0.01442	0.01683	0.01202	0.01923	0.01082	0.00961	0.02043	0.01683	0.02644	0.01442	0.01683	0.01202	0.00601	0.00601	0.00120	0.00601	0.00481	0.00481	0.76444
17	0.01121	0.00785	0.00907	0.00948	0.01006	0.00757	0.00596	0.01194	0.01377	0.01793	0.03809	0.17195	0.12763	0.45904	0.02979	0.00612	0.00675	0.04429	0.00588	0.00562
18	0.01168	0.00833	0.01120	0.01120	0.01201	0.00914	0.00784	0.01331	0.01250	0.01747	0.02342	0.04121	0.02434	0.34841	0.40066	0.01077	0.01564	0.01006	0.00460	0.00622
19	0.01580	0.01464	0.02397	0.51876	0.04671	0.01828	0.04347	0.02061	0.01585	0.02151	0.01491	0.02177	0.01164	0.00905	0.01065	0.00276	0.10984	0.00731	0.06353	0.00895
20	0.02145	0.01725	0.01928	0.01447	0.02123	0.01608	0.01169	0.21260	0.08001	0.03473	0.01765	0.01885	0.01371	0.00761	0.00686	0.00172	0.00695	0.00597	0.00614	0.46578
21	0.00987	0.00712	0.00936	0.01115	0.01173	0.00660	0.00747	0.01131	0.01568	0.02077	0.04650	0.67963	0.08243	0.02519	0.01032	0.00327	0.00468	0.02279	0.00753	0.00660
22	0.03012	0.02144	0.02337	0.01784	0.02438	0.02310	0.01472	0.54630	0.03541	0.09239	0.01995	0.01984	0.01410	0.00946	0.00795	0.00234	0.00856	0.00717	0.00799	0.07358
23	0.04809	0.01533	0.01763	0.03838	0.02106	0.01308	0.01072	0.07364	0.05151	0.02909	0.01570	0.01779	0.01266	0.00672	0.00634	0.00149	0.00647	0.00532	0.00523	0.60375
24	0.01803	0.04606	0.09084	0.02409	0.02770	0.02272	0.18220	0.02196	0.01498	0.02222	0.01319	0.01912	0.01145	0.01120	0.01874	0.00311	0.40147	0.00757	0.03362	0.00972
25	0.01010	0.00719	0.00954	0.01134	0.01185	0.00676	0.00765	0.01155	0.01550	0.02064	0.04380	0.65467	0.05231	0.05574	0.01176	0.00352	0.00496	0.04714	0.00741	0.00655
26	0.01790	0.01726	0.03064	0.11955	0.22088	0.01817	0.18771	0.02342	0.04090	0.02523	0.01842	0.05976	0.01571	0.00932	0.01028	0.00266	0.08112	0.00883	0.08171	0.01053
27	0.03484	0.01346	0.01833	0.01417	0.02017	0.01166	0.01166	0.03802	0.02321	0.62977	0.07149	0.02969	0.02364	0.01045	0.00825	0.00251	0.00671	0.00857	0.00997	0.01342
28	0.01717	0.01549	0.02387	0.08437	0.32293	0.01628	0.01805	0.02376	0.09437	0.02829	0.19925	0.03275	0.03200	0.01074	0.00943	0.00257	0.04238	0.00956	0.00585	0.01088
29	0.02943	0.02209	0.02478	0.05822	0.05898	0.02447	0.01630	0.57181	0.03593	0.04819	0.01899	0.01963	0.01358	0.00952	0.00811	0.00245	0.00907	0.00730	0.00766	0.01348
30	0.01009	0.00721	0.00963	0.01139	0.01199	0.00675	0.00776	0.01171	0.01602	0.02143	0.07462	0.65348	0.05451	0.02487	0.01035	0.00328	0.00477	0.04586	0.00760	0.00668
31	0.03620	0.01414	0.01904	0.01459	0.02088	0.01242	0.01206	0.06183	0.02378	0.64676	0.03154	0.02731	0.01985	0.01003	0.00816	0.00251	0.00698	0.00813	0.00997	0.01381
32	0.01004	0.00718	0.00955	0.01119	0.01180	0.00669	0.00754	0.01168	0.01625	0.02185	0.10383	0.64719	0.05587	0.02457	0.01028	0.00322	0.00462	0.02226	0.00767	0.00669
33	0.68368	0.01653	0.01341	0.01163	0.01682	0.01903	0.00958	0.09705	0.01671	0.03816	0.01227	0.01393	0.00939	0.00780	0.00539	0.00250	0.00659	0.00474	0.00539	0.00939
34	0.19714	0.01598	0.01880	0.01536	0.02083	0.01656	0.05052	0.07764	0.17326	0.22168	0.02541	0.05744	0.01898	0.01005	0.00756	0.00256	0.00707	0.00815	0.00757	0.04744
35	0.04764	0.14265	0.48673	0.02290	0.05601	0.02097	0.06450	0.02540	0.01708	0.02516	0.01407	0.01675	0.01046	0.00751	0.00735	0.00244	0.01127	0.00595	0.00356	0.01159
36	0.01775	0.01775	0.02485	0.02130	0.02130	0.02485	0.01775	0.01953	0.01243	0.01953	0.01065	0.01775	0.01065	0.01420	0.02663	0.00355	0.69998	0.00710	0.00355	0.00888
37	0.03182	0.01336	0.01777	0.01395	0.01949	0.01194	0.01139	0.06893	0.02402	0.52571	0.13910	0.03283	0.02943	0.01115	0.00840	0.00251	0.00649	0.00923	0.00974	0.01275
38	0.01063	0.00821	0.00973	0.00970	0.01183	0.00731	0.00728	0.01349	0.02023	0.02664	0.33323	0.12629	0.31867	0.01931	0.00973	0.00275	0.00420	0.04542	0.00815	0.00722
39	0.00989	0.00706	0.00942	0.01130	0.01177	0.00659	0.00753	0.01130	0.01554	0.02071	0.04472	0.70954	0.05367	0.02542	0.01036	0.00330	0.00471	0.02307	0.00753	0.00659
40	0.00989	0.00706	0.00942	0.01130	0.01177	0.00659	0.00753	0.01130	0.01554	0.02071	0.04472	0.70954	0.05367	0.02542	0.01036	0.00330	0.00471	0.02307	0.00753	0.00659
41	0.02260	0.01772	0.01873	0.01602	0.02082	0.02004	0.01269	0.20979	0.39668	0.03840	0.02835	0.02719	0.02114	0.01045	0.00790	0.00256	0.00681	0.00844	0.10120	0.01246
42	0.03342	0.01393	0.01841	0.01439	0.02025	0.01256	0.01179	0.06194	0.05650	0.56280	0.07977	0.02996	0.02441	0.01058	0.00827	0.00252	0.00672	0.00868	0.00979	0.01329
43	0.02833	0.02015	0.02137	0.01720	0.02304	0.05248	0.01390	0.31531	0.20567	0.15301	0.02499	0.02362	0.01777	0.00996	0.00805	0.00248	0.00804	0.00780	0.00820	0.03862
44	0.77215	0.01569	0.01193	0.01067	0.01569	0.01820	0.00879	0.02385	0.01381	0.03641	0.01130	0.01318	0.00879	0.00753	0.00502	0.00251	0.00628	0.00439	0.00502	0.00879
45	0.07666	0.08198	0.02078	0.01491	0.02073	0.01709	0.01233	0.06783	0.19024	0.36772	0.02840	0.02564	0.01940	0.00984	0.00771	0.00250	0.00700	0.00779	0.00853	0.01291
46	0.01138	0.00829	0.01070	0.01010	0.01206	0.00761	0.00757	0.01511	0.02272	0.03196	0.62826	0.06157	0.10860	0.01681	0.00957	0.00256	0.00384	0.01481	0.00886	0.00761
47	0.01160	0.00864	0.01278	0.01278	0.01414	0.01000	0.00981	0.01432	0.01296	0.01864	0.02198	0.03321	0.02086	0.10197	0.64235	0.01272	0.02086	0.00889	0.00438	0.00710
48	0.02171	0.01819	0.01921	0.01682	0.02168	0.02090	0.01321	0.12823	0.56196	0.03641	0.03109	0.02873	0.02320	0.01083	0.00824	0.00271	0.00678	0.00891	0.00824	0.01298
49	0.01409	0.00705	0.01057	0.01057	0.01057	0.00705	0.00705	0.01057	0.01057	0.01409	0.01409	0.02467	0.01409	0.02819	0.03171	0.76392	0.00705	0.00705	0.00352	0.00352
50	0.77215	0.01569	0.01193	0.01067	0.01569	0.01820	0.00879	0.02385	0.01381	0.03641	0.01130	0.01318	0.00879	0.00753	0.00502	0.00251	0.00628	0.00439	0.00502	0.00879
51	0.01862	0.01545	0.02279	0.01882	0.02278	0.01597	0.14390	0.20774	0.02316	0.03118	0.02963	0.32438	0.03095	0.01621	0.01011	0.00292	0.03399	0.01474	0.00683	0.00983
52	0.77215	0.01569	0.01193	0.01067	0.01569	0.01820	0.00879	0.02385	0.01381	0.03641	0.01130	0.01318	0.00879	0.00753	0.00502	0.00251	0.00628	0.00439	0.00502	0.00879
53	0.03085	0.02273	0.02435	0.01867	0.02516	0.02516	0.01542	0.63716	0.03815	0.05114	0.01948	0.01948	0.01380	0.00974	0.00812	0.00244	0.00893	0.00731	0.00812	0.01380
54	0.01775	0.01775	0.02485	0.02130	0.02130	0.02485	0.01775	0.01953	0.01243	0.01953	0.01065	0.01775	0.01065	0.01420	0.02663	0.00355	0.69998	0.00710	0.00355	0.00888
55	0.77215	0.01569	0.01193	0.01067	0.01569	0.01820	0.00879	0.02385	0.01381	0.03641	0.01130	0.01318	0.00879	0.00753	0.00502	0.00251	0.00628	0.00439	0.00502	0.00879
56	0.01915	0.02189	0.04788	0.03420	0.04241	0.02052	0.63475	0.02599	0.01915	0.02599	0.01642	0.02189	0.01231	0.00684	0.00958	0.00274	0.01368	0.00958	0.00410	0.01094
57	0.00989	0.00706	0.00942	0.01130	0.01177	0.00659	0.00753	0.01130	0.01554	0.02071	0.04472	0.70954	0.05367	0.02542	0.01036	0.00330	0.00471	0.02307	0.00753	0.00659
58	0.77215	0.01569	0.01193	0.01067	0.01569	0.01820	0.00879	0.02385	0.01381	0.03641	0.01130	0.01318	0.00879	0.00753	0.00502	0.00251	0.00628	0.00439	0.00502	0.00879
59	0.01783	0.01797	0.02606	0.02198	0.02240	0.02463	0.04996	0.01987	0.01278	0.01987	0.01095	0.01797	0.01074	0.01382	0.02574	0.00351	0.66416	0.00723	0.00358	0.00898
60	0.77215	0.01569	0.01193	0.01067	0.01569	0.01820	0.00879	0.02385	0.01381	0.03641	0.01130	0.01318	0.00879	0.00753	0.00502	0.00251	0.00628	0.00439	0.00502	0.00879
61	0.39265	0.05635	0.05789	0.01345	0.01895	0.01884	0.01179	0.13952	0.04409	0.06352	0.09367	0.02162	0.01923	0.00926	0.00659	0.00247	0.00700	0.00663	0.00623	0.01024
62	0.00997	0.00713	0.00949	0.01124	0.01179	0.00665	0.00754	0.01151	0.01592	0.02133	0.07684	0.67566	0.05486	0.02496	0.01032	0.00326	0.00466	0.02263	0.00761	0.00665
63	0.01636	0.04992	0.04869	0.01389	0.01777	0.01510	0.01138	0.06047	0.26550	0.03104	0.20766	0.10709	0.09329	0.01432	0.00875	0.00267	0.00588	0.01221	0.00782	0.01019
64	0.07305	0.02014	0.02311	0.01762	0.02390	0.02132	0.04469	0.39765	0.02953	0.04175	0.01720	0.01852	0.01284	0.00889	0.00857	0.00225	0.04715	0.00667	0.00674	0.17841
65	0.01658	0.03986	0.60715	0.02429	0.03588	0.01902	0.09351	0.02573	0.01734	0.02573	0.01476	0.01763	0.01049	0.00762	0.00791	0.00259	0.01217	0.00637	0.00350	0.01188
66	0.01842	0.12601	0.48618	0.02235	0.06185	0.02033	0.02566	0.02727	0.05718	0.05775	0.01621	0.01809	0.01182	0.00791	0.00746	0.00246	0.01084	0.00615	0.00410	0.01197
67	0.01662	0.03974	0.60654	0.02505	0.06617	0.01896	0.06368	0.02567	0.01731	0.02575	0.01470	0.01754	0.01052	0.00764	0.00783	0.00257	0.01197	0.00626	0.00349	0.01198
68	0.01683	0.01442	0.01683	0.01202	0.01923	0.01082	0.00961	0.02043	0.01683	0.02644	0.01442	0.01683	0.01202	0.00601	0.00601	0.00120	0.00601	0.00481	0.00481	0.76444
69	0.01584	0.01527	0.02678	0.61217	0.07666	0.01830	0.07802	0.02136	0.01657	0.02142	0.01463	0.02160	0.01103	0.00797	0.00824	0.00270	0.01103	0.00743	0.00367	0.00933
70	0.02496	0.01264	0.01606	0.01341	0.01790	0.01205	0.01066	0.03208	0.14173	0.33520	0.24329	0.03921	0.03996	0.01243	0.00865	0.00257	0.00578	0.01054	0.00933	0.01156
71	0.01134	0.00817	0.01076	0.01063	0.01233	0.00759	0.00794	0.01480	0.02164	0.03034	0.53549	0.15790	0.07155	0.01821	0.00978	0.00273	0.00416	0.04853	0.00865	0.00749
72	0.01627	0.04197	0.67279	0.02313	0.03512	0.01884	0.02998	0.02570	0.01713	0.02570	0.01456	0.01713	0.01028	0.00771	0.00771	0.00257	0.01199	0.00600	0.00343	0.01199
73	0.03641	0.01381	0.01883	0.01444	0.02071	0.01193	0.01193	0.03954	0.02322	0.66984	0.03201	0.02762	0.02009	0.01004	0.00816	0.00251	0.00690	0.00816	0.01004	0.01381
74	0.00989	0.00706	0.00942	0.01130	0.01177	0.00659	0.00753	0.01130	0.01554	0.02071	0.04472	0.70954	0.05367	0.02542	0.01036	0.00330	0.00471	0.02307	0.00753	0.00659
75	0.01408	0.00719	0.01059	0.01069	0.01087	0.00719	0.00732	0.01124	0.01127	0.01529	0.01617	0.02855	0.01615	0.02713	0.02956	0.69209	0.00694	0.04010	0.03367	0.00390
76	0.77215	0.01569	0.01193	0.01067	0.01569	0.01820	0.00879	0.02385	0.01381	0.03641	0.01130	0.01318	0.00879	0.00753	0.00502	0.00251	0.00628	0.00439	0.00502	0.00879
77	0.01219	0.00874	0.01195	0.01309	0.01479	0.00849	0.01077	0.01565	0.01951	0.02621	0.22240	0.16385	0.05629	0.02112	0.01062	0.00333	0.00605	0.35964	0.00790	0.00741
78	0.02118	0.01580	0.01879	0.01499	0.04729	0.01368	0.01145	0.10414	0.05590	0.10256	0.01814	0.01928	0.01391	0.00728	0.00674	0.00165	0.00666	0.00586	0.00599	0.50872
79	0.01286	0.00922	0.01266	0.01435	0.01617	0.00916	0.01238	0.01634	0.01834	0.02377	0.04386	0.08909	0.07300	0.05556	0.01258	0.00389	0.00734	0.55475	0.00735	0.00732
80	0.02590	0.01970	0.02383	0.14509	0.10943	0.05488	0.01704	0.29539	0.05273	0.10900	0.05082	0.02304	0.01716	0.00948	0.00815	0.00249	0.00908	0.00770	0.00684	0.01224
81	0.10760	0.05130	0.01866	0.04120	0.02012	0.01854	0.01205	0.24043	0.05864	0.06726	0.02066	0.02260	0.01569	0.01159	0.03515	0.00279	0.04377	0.00708	0.19412	0.01075
82	0.01148	0.00829	0.01085	0.01021	0.01212	0.00766	0.00766	0.01531	0.02297	0.03254	0.65994	0.06061	0.07656	0.01659	0.00957	0.00255	0.00383	0.01467	0.00893	0.00766
83	0.03588	0.01465	0.01935	0.01484	0.02113	0.01317	0.01226	0.09577	0.02463	0.61163	0.03083	0.02685	0.01949	0.01001	0.00816	0.00250	0.00710	0.00808	0.00986	0.01381
84	0.03238	0.01501	0.01894	0.01509	0.02098	0.01439	0.01228	0.06402	0.17078	0.49616	0.03175	0.02792	0.02094	0.01026	0.00818	0.00256	0.00687	0.00836	0.00955	0.01358
85	0.77215	0.01569	0.01193	0.01067	0.01569	0.01820	0.00879	0.02385	0.01381	0.03641	0.01130	0.01318	0.00879	0.00753	0.00502	0.00251	0.00628	0.00439	0.00502	0.00879
86	0.66116	0.01742	0.01350	0.01185	0.01694	0.06007	0.00967	0.05551	0.01595	0.05972	0.01256	0.01412	0.00956	0.00779	0.00544	0.00248	0.00696	0.00473	0.00531	0.00926
87	0.01409	0.00705	0.01057	0.01057	0.01057	0.00705	0.00705	0.01057	0.01057	0.01409	0.01409	0.02467	0.01409	0.02819	0.03171	0.76392	0.00705	0.00705	0.00352	0.00352
88	0.01775	0.01775	0.02485	0.02130	0.02130	0.02485	0.01775	0.01953	0.01243	0.01953	0.01065	0.01775	0.01065	0.01420	0.02663	0.00355	0.69998	0.00710	0.00355	0.00888
89	0.02950	0.02171	0.02322	0.01802	0.02419	0.02405	0.01482	0.57453	0.07147	0.04918	0.02057	0.02060	0.01475	0.00980	0.00801	0.00243	0.00854	0.00742	0.04373	0.01345
90	0.01957	0.01001	0.01323	0.01143	0.01472	0.00901	0.00892	0.02318	0.02277	0.23487	0.43048	0.04869	0.05598	0.01417	0.00894	0.00251	0.00480	0.01227	0.04485	0.00961
91	0.01591	0.00832	0.00840	0.00812	0.01024	0.00844	0.00616	0.04969	0.01807	0.03129	0.02612	0.02972	0.02045	0.00947	0.00579	0.00192	0.00404	0.00755	0.72245	0.00787
92	0.01228	0.01008	0.01041	0.01016	0.01303	0.00878	0.00751	0.01509	0.05450	0.02519	0.13717	0.07433	0.54987	0.02042	0.01018	0.00303	0.00486	0.01667	0.00822	0.00820
93	0.09321	0.02214	0.02331	0.01800	0.02437	0.02458	0.01486	0.58557	0.03610	0.04990	0.01879	0.01895	0.01338	0.00955	0.00786	0.00244	0.00871	0.00706	0.00786	0.01338

[dist]
# distance from previous block
# <min> <max>
0	4

[block]
# block no. 7 follows, 23 sequences, length 29
# corresponding to MSA columns:
# 302-330
name=unknown_H
#
# <colnr> <probs for GDERKNQSTAVLIFYWHMCP>
#	G	D	E	R	K	N	Q	S	T	A	V	L	I	F	Y	W	H	M	C	P
0	0.05361	0.29060	0.09460	0.01512	0.02208	0.02126	0.01448	0.03191	0.06378	0.28449	0.02153	0.02056	0.01526	0.00858	0.00686	0.00223	0.00806	0.00640	0.00652	0.01206
1	0.63726	0.01559	0.01315	0.01149	0.01663	0.01761	0.00942	0.02694	0.05708	0.10943	0.01513	0.01598	0.01115	0.00805	0.00560	0.00253	0.00636	0.00515	0.00582	0.00964
2	0.67145	0.01574	0.01361	0.05719	0.01875	0.01863	0.01030	0.02336	0.01388	0.03424	0.01146	0.01405	0.00905	0.00801	0.00666	0.00259	0.05260	0.00476	0.00483	0.00881
3	0.02169	0.71972	0.04252	0.01388	0.02083	0.03211	0.01388	0.02430	0.01649	0.01909	0.01128	0.01302	0.01041	0.00694	0.00521	0.00174	0.00868	0.00434	0.00347	0.01041
4	0.01045	0.00747	0.01003	0.01173	0.01250	0.00705	0.00832	0.01236	0.01651	0.02206	0.08845	0.57672	0.05433	0.02437	0.01042	0.00330	0.00503	0.10451	0.00762	0.00679
5	0.01159	0.00869	0.01304	0.01304	0.01449	0.01014	0.01014	0.01449	0.01304	0.01884	0.02173	0.03188	0.02029	0.06086	0.68268	0.01304	0.02173	0.00869	0.00435	0.00724
6	0.01274	0.00966	0.01194	0.01133	0.01366	0.00951	0.00868	0.01918	0.11139	0.03168	0.50231	0.05920	0.09491	0.01637	0.00949	0.00267	0.00445	0.05382	0.00867	0.00834
7	0.01409	0.00705	0.01057	0.01057	0.01057	0.00705	0.00705	0.01057	0.01057	0.01409	0.01409	0.02467	0.01409	0.02819	0.03171	0.76392	0.00705	0.00705	0.00352	0.00352
8	0.77215	0.01569	0.01193	0.01067	0.01569	0.01820	0.00879	0.02385	0.01381	0.03641	0.01130	0.01318	0.00879	0.00753	0.00502	0.00251	0.00628	0.00439	0.00502	0.00879
9	0.01409	0.00705	0.01057	0.01057	0.01057	0.00705	0.00705	0.01057	0.01057	0.01409	0.01409	0.02467	0.01409	0.02819	0.03171	0.76392	0.00705	0.00705	0.00352	0.00352
10	0.03031	0.03867	0.02299	0.02090	0.02508	0.68226	0.01568	0.03240	0.02299	0.01986	0.01254	0.01463	0.01045	0.00836	0.00732	0.00209	0.01463	0.00523	0.00418	0.00941
11	0.01659	0.08186	0.63570	0.02258	0.03428	0.01963	0.02903	0.02561	0.01709	0.02531	0.01437	0.01689	0.01029	0.00766	0.00756	0.00252	0.01180	0.00590	0.00343	0.01190
12	0.02852	0.02128	0.02328	0.05780	0.02603	0.02353	0.01523	0.55938	0.03556	0.04741	0.02334	0.02350	0.05656	0.01036	0.00821	0.00247	0.00872	0.00795	0.00781	0.01306
13	0.77215	0.01569	0.01193	0.01067	0.01569	0.01820	0.00879	0.02385	0.01381	0.03641	0.01130	0.01318	0.00879	0.00753	0.00502	0.00251	0.00628	0.00439	0.00502	0.00879
14	0.01915	0.02189	0.04788	0.03420	0.04241	0.02052	0.63475	0.02599	0.01915	0.02599	0.01642	0.02189	0.01231	0.00684	0.00958	0.00274	0.01368	0.00958	0.00410	0.01094
15	0.00992	0.00727	0.00933	0.01085	0.01168	0.00667	0.00736	0.01153	0.01626	0.02141	0.07749	0.59822	0.13345	0.02439	0.01022	0.00319	0.00459	0.02192	0.00760	0.00667
16	0.77215	0.01569	0.01193	0.01067	0.01569	0.01820	0.00879	0.02385	0.01381	0.03641	0.01130	0.01318	0.00879	0.00753	0.00502	0.00251	0.00628	0.00439	0.00502	0.00879
17	0.01034	0.00738	0.00993	0.01182	0.01248	0.00698	0.00832	0.01208	0.01598	0.02122	0.04447	0.62184	0.05268	0.02499	0.01048	0.00336	0.00510	0.10630	0.00752	0.00672
18	0.01683	0.01442	0.01683	0.01202	0.01923	0.01082	0.00961	0.02043	0.01683	0.02644	0.01442	0.01683	0.01202	0.00601	0.00601	0.00120	0.00601	0.00481	0.00481	0.76444
19	0.03163	0.02146	0.02357	0.01807	0.02453	0.02328	0.01493	0.55235	0.03603	0.13894	0.02126	0.02064	0.01469	0.00978	0.00812	0.00245	0.00864	0.00743	0.00839	0.01380
20	0.01653	0.01610	0.02807	0.49233	0.13089	0.01894	0.08964	0.02177	0.01657	0.02197	0.01449	0.02119	0.01123	0.00828	0.00955	0.00273	0.05883	0.00747	0.00371	0.00971
21	0.49659	0.01567	0.01339	0.01163	0.01649	0.04665	0.00943	0.04862	0.01710	0.12922	0.02069	0.02129	0.05682	0.00906	0.00607	0.00246	0.00654	0.00620	0.05654	0.00954
22	0.01224	0.00769	0.01009	0.01116	0.01227	0.00713	0.00773	0.01417	0.01690	0.06759	0.10346	0.55256	0.05140	0.02241	0.00981	0.00307	0.00471	0.02016	0.05819	0.00726
23	0.01773	0.01832	0.02707	0.51483	0.07947	0.09730	0.08658	0.02287	0.01745	0.02146	0.01445	0.02076	0.01103	0.00797	0.00817	0.00262	0.01152	0.00723	0.00375	0.00945
24	0.05464	0.08895	0.14491	0.03680	0.40480	0.01996	0.02289	0.02636	0.03766	0.06420	0.01612	0.01934	0.01278	0.00758	0.00759	0.00240	0.00955	0.00672	0.00439	0.01234
25	0.02328	0.04852	0.23209	0.01801	0.02558	0.01631	0.04688	0.04994	0.10632	0.22977	0.06861	0.02806	0.04993	0.01007	0.00815	0.00256	0.00860	0.00835	0.00689	0.01210
26	0.02107	0.06681	0.07400	0.14095	0.03326	0.02001	0.16040	0.18473	0.04254	0.04940	0.02002	0.08690	0.01676	0.00988	0.00838	0.00257	0.00992	0.00904	0.00564	0.03773
27	0.01832	0.02266	0.11232	0.09864	0.08439	0.01993	0.39551	0.02469	0.01803	0.02504	0.01545	0.02072	0.01184	0.00757	0.01016	0.00269	0.06028	0.00842	0.00396	0.03938
28	0.01782	0.01962	0.05719	0.11721	0.11566	0.01960	0.33010	0.02322	0.01743	0.02409	0.01717	0.07005	0.01484	0.00944	0.01158	0.00284	0.10811	0.00948	0.00417	0.01037

[dist]
# distance from previous block
# <min> <max>
13	29

[block]
# block no. 8 follows, 23 sequences, length 58
# corresponding to MSA columns:
# 360-417
name=unknown_I
#
# <colnr> <probs for GDERKNQSTAVLIFYWHMCP>
#	G	D	E	R	K	N	Q	S	T	A	V	L	I	F	Y	W	H	M	C	P
0	0.01934	0.16091	0.30824	0.08764	0.12326	0.02222	0.02352	0.08877	0.01914	0.02654	0.01440	0.01747	0.01111	0.00800	0.00809	0.00243	0.03712	0.00615	0.00403	0.01161
1	0.08933	0.23247	0.39792	0.01921	0.02871	0.05664	0.02267	0.02547	0.01694	0.02452	0.01322	0.01546	0.01019	0.00751	0.00672	0.00230	0.01065	0.00533	0.00363	0.01111
2	0.01140	0.00827	0.01064	0.01006	0.01194	0.00762	0.00748	0.01499	0.02232	0.03136	0.60656	0.06121	0.10440	0.04330	0.01078	0.00276	0.00400	0.01469	0.00871	0.00751
3	0.01180	0.00787	0.00885	0.00885	0.00885	0.00787	0.00492	0.01180	0.01180	0.01573	0.02557	0.05310	0.02950	0.71483	0.04130	0.00787	0.00787	0.01180	0.00492	0.00492
4	0.00959	0.00822	0.00822	0.00822	0.01096	0.00685	0.00617	0.01165	0.01850	0.02192	0.08220	0.07809	0.66092	0.02055	0.00959	0.00274	0.00411	0.01713	0.00754	0.00685
5	0.03085	0.02273	0.02435	0.01867	0.02516	0.02516	0.01542	0.63716	0.03815	0.05114	0.01948	0.01948	0.01380	0.00974	0.00812	0.00244	0.00893	0.00731	0.00812	0.01380
6	0.00959	0.00822	0.00822	0.00822	0.01096	0.00685	0.00617	0.01165	0.01850	0.02192	0.08220	0.07809	0.66092	0.02055	0.00959	0.00274	0.00411	0.01713	0.00754	0.00685
7	0.01915	0.02189	0.04788	0.03420	0.04241	0.02052	0.63475	0.02599	0.01915	0.02599	0.01642	0.02189	0.01231	0.00684	0.00958	0.00274	0.01368	0.00958	0.00410	0.01094
8	0.06976	0.01389	0.01852	0.01427	0.02049	0.01221	0.01178	0.03883	0.02280	0.64112	0.03107	0.02696	0.01957	0.00993	0.00802	0.00251	0.00688	0.00799	0.00982	0.01358
9	0.01180	0.00787	0.00885	0.00885	0.00885	0.00787	0.00492	0.01180	0.01180	0.01573	0.02557	0.05310	0.02950	0.71483	0.04130	0.00787	0.00787	0.01180	0.00492	0.00492
10	0.01683	0.01442	0.01683	0.01202	0.01923	0.01082	0.00961	0.02043	0.01683	0.02644	0.01442	0.01683	0.01202	0.00601	0.00601	0.00120	0.00601	0.00481	0.00481	0.76444
11	0.03641	0.01381	0.01883	0.01444	0.02071	0.01193	0.01193	0.03954	0.02322	0.66984	0.03201	0.02762	0.02009	0.01004	0.00816	0.00251	0.00690	0.00816	0.01004	0.01381
