[name]
unknown

[dist]
# distance from previous block
# <min> <max>
0	22

[block]
# block no. 0 follows, 25 sequences, length 41
# corresponding to MSA columns:
# 22-62
name=unknown_A
#
# <colnr> <probs for GDERKNQSTAVLIFYWHMCP>
#	G	D	E	R	K	N	Q	S	T	A	V	L	I	F	Y	W	H	M	C	P
0	0.01149	0.00890	0.01134	0.01254	0.04060	0.00829	0.00897	0.01444	0.03754	0.02209	0.07490	0.27585	0.16688	0.06210	0.01120	0.00316	0.00546	0.15106	0.00678	0.06642
1	0.01128	0.00752	0.00846	0.00846	0.00846	0.00752	0.00470	0.01128	0.01128	0.01503	0.02443	0.05074	0.02819	0.72751	0.03946	0.00752	0.00752	0.01128	0.00470	0.00470
2	0.02609	0.02098	0.02142	0.01823	0.04933	0.08023	0.01409	0.43030	0.12738	0.04089	0.02101	0.04693	0.01617	0.00983	0.00769	0.00235	0.00832	0.00766	0.03896	0.01214
3	0.01689	0.01426	0.01651	0.01187	0.01872	0.01116	0.00952	0.05771	0.01731	0.02669	0.01407	0.01623	0.01159	0.00596	0.00586	0.00122	0.00591	0.00474	0.00478	0.72901
4	0.02209	0.01529	0.01788	0.01318	0.01978	0.01331	0.01070	0.15157	0.02130	0.14608	0.01772	0.01841	0.01319	0.00715	0.00651	0.00161	0.00646	0.00564	0.00612	0.48602
5	0.00952	0.00680	0.00906	0.01075	0.01126	0.00635	0.00720	0.01098	0.01518	0.02032	0.07234	0.69133	0.05231	0.02390	0.00986	0.00312	0.00446	0.02167	0.00726	0.00635
6	0.05015	0.01313	0.01804	0.01618	0.01696	0.01732	0.01313	0.01688	0.01229	0.01944	0.01501	0.02317	0.01434	0.05503	0.25793	0.00659	0.38565	0.00738	0.03362	0.00775
7	0.01507	0.01345	0.02046	0.18665	0.16891	0.01423	0.04558	0.04038	0.07078	0.02394	0.03325	0.07171	0.14388	0.01284	0.00862	0.00270	0.00787	0.10494	0.00549	0.00923
8	0.01830	0.02092	0.04575	0.03268	0.04052	0.01961	0.65098	0.02484	0.01830	0.02484	0.01569	0.02092	0.01176	0.00654	0.00915	0.00261	0.01307	0.00915	0.00392	0.01046
9	0.01464	0.01378	0.02326	0.70887	0.05340	0.01723	0.02153	0.01981	0.01550	0.01981	0.01378	0.02067	0.01034	0.00775	0.00775	0.00258	0.01034	0.00689	0.00345	0.00861
10	0.01548	0.01478	0.02104	0.04421	0.02004	0.02016	0.01540	0.01756	0.01215	0.01855	0.01283	0.02032	0.01238	0.02397	0.18463	0.00552	0.52214	0.00715	0.00358	0.00812
11	0.01878	0.08773	0.09919	0.02942	0.03729	0.05191	0.51033	0.02495	0.01808	0.02394	0.01492	0.01944	0.01135	0.00668	0.00852	0.00249	0.01254	0.00821	0.00381	0.01043
12	0.01128	0.00752	0.00846	0.00846	0.00846	0.00752	0.00470	0.01128	0.01128	0.01503	0.02443	0.05074	0.02819	0.72751	0.03946	0.00752	0.00752	0.01128	0.00470	0.00470
13	0.01097	0.00793	0.01036	0.00975	0.01158	0.00732	0.00732	0.01463	0.02195	0.03109	0.67505	0.05792	0.07316	0.01585	0.00914	0.00244	0.00366	0.01402	0.00854	0.00732
14	0.01005	0.00793	0.00908	0.00892	0.01119	0.00697	0.00678	0.01277	0.01939	0.02511	0.31527	0.06856	0.40463	0.01821	0.00923	0.00259	0.00397	0.04474	0.00773	0.00688
15	0.02026	0.56561	0.13241	0.01580	0.02306	0.05950	0.04703	0.02385	0.01626	0.01950	0.01153	0.01349	0.01002	0.00680	0.00562	0.00184	0.00925	0.00466	0.00337	0.01015
16	0.01125	0.00761	0.00894	0.00894	0.00911	0.00778	0.00530	0.01159	0.01142	0.01539	0.02399	0.04829	0.02713	0.64675	0.11877	0.00811	0.00912	0.01092	0.00463	0.00497
17	0.01078	0.00792	0.01009	0.00955	0.01146	0.00723	0.00716	0.01425	0.02148	0.02998	0.60982	0.05974	0.13908	0.01627	0.00915	0.00246	0.00369	0.01428	0.00839	0.00723
18	0.01792	0.01820	0.05686	0.11432	0.44929	0.01766	0.07451	0.02369	0.04866	0.02511	0.03986	0.02381	0.01586	0.00803	0.00797	0.00243	0.00933	0.03089	0.00426	0.01132
19	0.01871	0.05417	0.05402	0.14912	0.31387	0.04289	0.09113	0.04927	0.06824	0.02511	0.01698	0.02294	0.01404	0.00811	0.00785	0.00243	0.00968	0.03610	0.00436	0.01099
20	0.02116	0.02274	0.02095	0.02020	0.07250	0.26459	0.01475	0.06082	0.01770	0.02129	0.01424	0.01980	0.01278	0.04709	0.10101	0.00400	0.21469	0.00656	0.03428	0.00884
21	0.01846	0.04700	0.05355	0.13347	0.48725	0.04614	0.02211	0.02300	0.01742	0.02381	0.01696	0.02121	0.04044	0.00763	0.00760	0.00232	0.00938	0.00708	0.00389	0.01127
22	0.01624	0.01392	0.01615	0.01170	0.01846	0.01078	0.00934	0.02059	0.04795	0.02562	0.01465	0.01671	0.01208	0.00598	0.00585	0.00122	0.00576	0.00480	0.00476	0.73746
23	0.01780	0.01739	0.03075	0.23339	0.42994	0.01822	0.09366	0.02278	0.01712	0.02371	0.01448	0.01980	0.01167	0.00711	0.00786	0.00242	0.00996	0.00716	0.00374	0.01104
24	0.01871	0.01770	0.02943	0.06918	0.58466	0.01798	0.02249	0.02433	0.05659	0.02545	0.01682	0.02303	0.01441	0.00784	0.00783	0.00239	0.00897	0.03606	0.00422	0.01190
25	0.01097	0.00793	0.01036	0.00975	0.01158	0.00732	0.00732	0.01463	0.02195	0.03109	0.67505	0.05792	0.07316	0.01585	0.00914	0.00244	0.00366	0.01402	0.00854	0.00732
26	0.01544	0.00893	0.01141	0.01072	0.01339	0.00800	0.00830	0.01829	0.01980	0.16160	0.27618	0.14394	0.18561	0.01696	0.00911	0.00266	0.00474	0.06852	0.00817	0.00822
27	0.02073	0.73217	0.04063	0.01327	0.01990	0.03068	0.01327	0.02322	0.01575	0.01824	0.01078	0.01244	0.00995	0.00663	0.00498	0.00166	0.00829	0.00415	0.00332	0.00995
28	0.00973	0.00691	0.00912	0.01078	0.01126	0.00652	0.00726	0.01109	0.01471	0.01959	0.04124	0.63997	0.04917	0.07859	0.01222	0.00351	0.00486	0.05025	0.00700	0.00621
29	0.78228	0.01499	0.01140	0.01020	0.01499	0.01739	0.00840	0.02279	0.01320	0.03479	0.01080	0.01260	0.00840	0.00720	0.00480	0.00240	0.00600	0.00420	0.00480	0.00840
30	0.01445	0.00723	0.00723	0.00723	0.00903	0.00723	0.00542	0.01807	0.01626	0.02891	0.02529	0.02891	0.01987	0.00903	0.00542	0.00181	0.00361	0.00723	0.77055	0.00723
31	0.26866	0.01624	0.01560	0.01291	0.01784	0.07329	0.01045	0.11698	0.02057	0.24662	0.02032	0.02016	0.01421	0.00858	0.00646	0.00228	0.00693	0.00622	0.10511	0.01054
32	0.04951	0.22103	0.43288	0.01957	0.02899	0.05315	0.04673	0.02444	0.01641	0.02306	0.01293	0.01524	0.00988	0.00716	0.00668	0.00223	0.01057	0.00534	0.00341	0.01078
33	0.01421	0.00720	0.00731	0.00740	0.00914	0.00718	0.00551	0.01771	0.01619	0.02846	0.02615	0.06315	0.02142	0.00979	0.00564	0.00187	0.00366	0.00796	0.73286	0.00718
34	0.08523	0.01748	0.04585	0.10133	0.14213	0.01818	0.01546	0.21508	0.09928	0.03370	0.04294	0.02441	0.04842	0.00929	0.00743	0.00238	0.00771	0.00760	0.06519	0.01093
35	0.00945	0.00675	0.00900	0.01080	0.01125	0.00630	0.00720	0.01080	0.01484	0.01979	0.04274	0.72245	0.05128	0.02429	0.00990	0.00315	0.00450	0.02204	0.00720	0.00630
36	0.00945	0.00675	0.00900	0.01080	0.01125	0.00630	0.00720	0.01080	0.01484	0.01979	0.04274	0.72245	0.05128	0.02429	0.00990	0.00315	0.00450	0.02204	0.00720	0.00630
37	0.01729	0.01673	0.02917	0.31302	0.38195	0.01802	0.06711	0.02226	0.01683	0.02307	0.01434	0.01991	0.01146	0.00722	0.00781	0.00244	0.00994	0.00706	0.00369	0.01067
38	0.01836	0.01814	0.03332	0.07236	0.44985	0.01798	0.17746	0.02318	0.01748	0.02451	0.01564	0.02204	0.01315	0.00796	0.00886	0.02686	0.01007	0.02761	0.00393	0.01121
39	0.00945	0.00675	0.00900	0.01080	0.01125	0.00630	0.00720	0.01080	0.01484	0.01979	0.04274	0.72245	0.05128	0.02429	0.00990	0.00315	0.00450	0.02204	0.00720	0.00630
40	0.01772	0.01692	0.02882	0.26122	0.47700	0.01804	0.02306	0.02251	0.01696	0.02355	0.01433	0.01967	0.01165	0.00718	0.00770	0.00239	0.00957	0.00690	0.00371	0.01110

[dist]
# distance from previous block
# <min> <max>
4	5

[block]
# block no. 1 follows, 25 sequences, length 63
# corresponding to MSA columns:
# 69-131
name=unknown_B
#
# <colnr> <probs for GDERKNQSTAVLIFYWHMCP>
#	G	D	E	R	K	N	Q	S	T	A	V	L	I	F	Y	W	H	M	C	P
0	0.00967	0.00791	0.00856	0.00850	0.01092	0.00680	0.00644	0.01206	0.01859	0.02319	0.20391	0.07155	0.52416	0.01890	0.00922	0.00262	0.00399	0.03880	0.00748	0.00673
1	0.01623	0.06070	0.55678	0.02413	0.05824	0.01867	0.10900	0.02452	0.01665	0.02440	0.01406	0.01693	0.01017	0.00722	0.00753	0.00244	0.01148	0.00616	0.00338	0.01131
2	0.01027	0.00774	0.01087	0.01160	0.01244	0.00749	0.02996	0.01201	0.01552	0.02102	0.11514	0.56002	0.04997	0.06102	0.01188	0.00329	0.02664	0.01957	0.00699	0.00654
3	0.00945	0.00675	0.00900	0.01080	0.01125	0.00630	0.00720	0.01080	0.01484	0.01979	0.04274	0.72245	0.05128	0.02429	0.00990	0.00315	0.00450	0.02204	0.00720	0.00630
4	0.01898	0.00970	0.01293	0.01111	0.01434	0.00869	0.00869	0.02241	0.02203	0.25066	0.45849	0.04732	0.05503	0.01375	0.00869	0.00243	0.00465	0.01193	0.00889	0.00929
5	0.78228	0.01499	0.01140	0.01020	0.01499	0.01739	0.00840	0.02279	0.01320	0.03479	0.01080	0.01260	0.00840	0.00720	0.00480	0.00240	0.00600	0.00420	0.00480	0.00840
6	0.01075	0.00775	0.01016	0.00991	0.01153	0.00717	0.00730	0.01407	0.02091	0.02944	0.58245	0.15523	0.06996	0.01709	0.00926	0.00254	0.00378	0.01520	0.00834	0.00717
7	0.02073	0.73217	0.04063	0.01327	0.01990	0.03068	0.01327	0.02322	0.01575	0.01824	0.01078	0.01244	0.00995	0.00663	0.00498	0.00166	0.00829	0.00415	0.00332	0.00995
8	0.01069	0.00901	0.01031	0.01107	0.05161	0.00814	0.00761	0.01429	0.05579	0.02379	0.18469	0.06548	0.48442	0.01763	0.00900	0.00257	0.00432	0.01491	0.00729	0.00737
9	0.02549	0.28369	0.02914	0.01910	0.05856	0.42185	0.01486	0.02781	0.01952	0.01906	0.01170	0.01372	0.01010	0.00745	0.00631	0.00189	0.01169	0.00480	0.00374	0.00951
10	0.35542	0.01770	0.04814	0.01327	0.01851	0.01856	0.01138	0.26107	0.02258	0.03882	0.01588	0.01728	0.01184	0.00825	0.00613	0.00229	0.00690	0.00574	0.11003	0.01020
11	0.05514	0.06928	0.01959	0.01412	0.01959	0.01563	0.01169	0.14067	0.08659	0.37240	0.09049	0.02688	0.02287	0.00995	0.00761	0.00236	0.00670	0.00797	0.00836	0.01210
12	0.02013	0.01407	0.02091	0.06845	0.20817	0.01403	0.03176	0.05949	0.06602	0.16086	0.21556	0.03294	0.03248	0.01054	0.00820	0.00241	0.00696	0.00939	0.00687	0.01075
13	0.01006	0.00782	0.00922	0.00956	0.01153	0.00698	0.00723	0.01254	0.01833	0.02362	0.22145	0.17755	0.34648	0.01963	0.00946	0.00277	0.00432	0.08714	0.00754	0.00677
14	0.01768	0.01624	0.02566	0.22187	0.35653	0.01755	0.02029	0.05068	0.09037	0.02522	0.01849	0.07175	0.01590	0.00891	0.00789	0.00248	0.00880	0.00821	0.00460	0.01088
15	0.01893	0.04308	0.09872	0.07160	0.43508	0.04449	0.08457	0.02509	0.05668	0.02491	0.01540	0.01933	0.01241	0.00721	0.00770	0.00235	0.00984	0.00696	0.00400	0.01164
16	0.01873	0.02006	0.04636	0.17918	0.31971	0.12513	0.02025	0.02280	0.01720	0.02215	0.01640	0.02109	0.03671	0.01069	0.04226	0.00290	0.05730	0.00698	0.00387	0.01022
17	0.04291	0.01072	0.01548	0.01906	0.11881	0.01072	0.01381	0.01818	0.01799	0.04659	0.06573	0.07061	0.03876	0.01797	0.00985	0.00324	0.00723	0.45745	0.00669	0.00820
18	0.01507	0.01436	0.01907	0.04358	0.01912	0.04997	0.01408	0.01724	0.01287	0.01858	0.01588	0.06590	0.01574	0.02814	0.23949	0.00621	0.38476	0.00816	0.00391	0.00787
19	0.34130	0.01662	0.03678	0.03611	0.02010	0.01729	0.01180	0.15991	0.05607	0.18019	0.01920	0.02078	0.01399	0.00887	0.00663	0.00244	0.00702	0.02750	0.00664	0.01074
20	0.00956	0.00679	0.00896	0.01065	0.01108	0.00637	0.00705	0.01083	0.01463	0.01951	0.04163	0.68189	0.04989	0.06675	0.01168	0.00341	0.00468	0.02139	0.00705	0.00620
21	0.06071	0.01375	0.01807	0.01390	0.01987	0.01234	0.01148	0.07273	0.02270	0.62508	0.02920	0.02546	0.01847	0.00950	0.00769	0.00239	0.00669	0.00762	0.00932	0.01303
22	0.01608	0.01378	0.01608	0.01148	0.01837	0.01034	0.00919	0.01952	0.01608	0.02527	0.01378	0.01608	0.01148	0.00574	0.00574	0.00115	0.00574	0.00459	0.00459	0.77491
23	0.00957	0.00717	0.00877	0.00998	0.01105	0.00652	0.00688	0.01110	0.01553	0.01997	0.05156	0.48459	0.22237	0.06159	0.01135	0.00326	0.00460	0.04078	0.00706	0.00631
24	0.02382	0.01757	0.01950	0.01531	0.02099	0.01810	0.01255	0.37329	0.05906	0.06692	0.04721	0.02679	0.04082	0.01000	0.00762	0.00219	0.00730	0.04735	0.00713	0.17648
25	0.06575	0.01596	0.01744	0.01464	0.01953	0.01728	0.01171	0.16193	0.30353	0.16787	0.02947	0.02759	0.05071	0.01026	0.00760	0.00246	0.00647	0.00823	0.04970	0.01188
26	0.01968	0.52363	0.20988	0.01585	0.02365	0.05287	0.01738	0.02387	0.01615	0.01993	0.01165	0.01353	0.00992	0.00688	0.00568	0.00188	0.00934	0.00459	0.00333	0.01031
27	0.01146	0.00887	0.01319	0.01297	0.01427	0.01060	0.01016	0.01416	0.01242	0.01804	0.02008	0.02959	0.01879	0.05526	0.65328	0.01187	0.06564	0.00821	0.00410	0.00702
28	0.00945	0.00675	0.00900	0.01080	0.01125	0.00630	0.00720	0.01080	0.01484	0.01979	0.04274	0.72245	0.05128	0.02429	0.00990	0.00315	0.00450	0.02204	0.00720	0.00630
29	0.01827	0.02133	0.06336	0.03319	0.07523	0.01950	0.59886	0.02477	0.01821	0.02486	0.01558	0.02069	0.01174	0.00658	0.00902	0.00259	0.01281	0.00893	0.00390	0.01059
30	0.01586	0.01355	0.01585	0.01146	0.01814	0.01021	0.00912	0.01924	0.01604	0.02509	0.01472	0.03893	0.01277	0.00634	0.00588	0.00121	0.00570	0.00516	0.00468	0.75004
31	0.14474	0.10292	0.02123	0.05646	0.02219	0.02059	0.01268	0.25112	0.13054	0.03513	0.01986	0.02042	0.03632	0.00875	0.00682	0.00222	0.00737	0.00657	0.00618	0.08790
32	0.01803	0.14106	0.04416	0.01322	0.01707	0.08940	0.01099	0.05816	0.01726	0.06494	0.05699	0.05638	0.02083	0.10476	0.15798	0.00489	0.01070	0.00793	0.03439	0.07088
33	0.11961	0.26309	0.07369	0.15648	0.06327	0.02328	0.01665	0.02169	0.01474	0.02166	0.01169	0.01566	0.00999	0.00838	0.00991	0.00238	0.14936	0.00549	0.00358	0.00941
34	0.01682	0.01727	0.05284	0.02027	0.02738	0.01415	0.26590	0.02138	0.01669	0.02449	0.01453	0.01838	0.01163	0.00715	0.00836	0.03932	0.00893	0.00656	0.00422	0.40373
35	0.00945	0.00675	0.00900	0.01080	0.01125	0.00630	0.00720	0.01080	0.01484	0.01979	0.04274	0.72245	0.05128	0.02429	0.00990	0.00315	0.00450	0.02204	0.00720	0.00630
36	0.01851	0.01521	0.01828	0.10220	0.02340	0.01757	0.03513	0.08325	0.35171	0.03045	0.02522	0.02599	0.01917	0.00986	0.00858	0.00250	0.05171	0.00800	0.14257	0.01069
37	0.00959	0.00787	0.00845	0.00830	0.01073	0.00673	0.00623	0.01195	0.01868	0.02334	0.21901	0.07069	0.53404	0.01875	0.00916	0.00258	0.00386	0.01581	0.00751	0.00673
38	0.01673	0.05919	0.53613	0.02442	0.07526	0.04424	0.08800	0.02473	0.01683	0.02422	0.01396	0.01678	0.01018	0.00726	0.00747	0.00242	0.01146	0.00606	0.00340	0.01127
39	0.00945	0.00675	0.00900	0.01080	0.01125	0.00630	0.00720	0.01080	0.01484	0.01979	0.04274	0.72245	0.05128	0.02429	0.00990	0.00315	0.00450	0.02204	0.00720	0.00630
40	0.01109	0.00827	0.01229	0.01229	0.01361	0.00960	0.00948	0.01374	0.01241	0.01787	0.02093	0.03133	0.01976	0.08683	0.66862	0.01225	0.02020	0.00843	0.00418	0.00683
41	0.01803	0.02137	0.07766	0.03131	0.06868	0.01997	0.50868	0.02401	0.01738	0.02409	0.01486	0.02010	0.01149	0.00746	0.01098	0.00269	0.09852	0.00856	0.00382	0.01036
42	0.78228	0.01499	0.01140	0.01020	0.01499	0.01739	0.00840	0.02279	0.01320	0.03479	0.01080	0.01260	0.00840	0.00720	0.00480	0.00240	0.00600	0.00420	0.00480	0.00840
43	0.02947	0.02172	0.02327	0.01784	0.02404	0.02404	0.01474	0.65329	0.03646	0.04887	0.01862	0.01862	0.01319	0.00931	0.00776	0.00233	0.00853	0.00698	0.00776	0.01319
44	0.01086	0.00792	0.01020	0.00963	0.01151	0.00727	0.00722	0.01440	0.02167	0.03044	0.63640	0.05900	0.11222	0.01610	0.00915	0.00245	0.00368	0.01417	0.00845	0.00727
45	0.01847	0.01588	0.01681	0.01529	0.01948	0.01819	0.01193	0.03860	0.60511	0.03146	0.03449	0.03365	0.06013	0.01143	0.00807	0.00266	0.00605	0.03270	0.00782	0.01176
46	0.01718	0.05649	0.34031	0.02793	0.07334	0.01922	0.30403	0.02459	0.01728	0.02449	0.01462	0.01840	0.01083	0.00694	0.00809	0.00249	0.01193	0.00726	0.00360	0.01100
47	0.01631	0.01735	0.07986	0.37066	0.20485	0.01706	0.02090	0.02258	0.05827	0.02296	0.01515	0.02002	0.01176	0.00749	0.00751	0.00236	0.00942	0.00670	0.00393	0.08486
48	0.01902	0.50302	0.25476	0.01619	0.02442	0.02648	0.01836	0.02366	0.01596	0.02033	0.01182	0.01374	0.00991	0.00688	0.00577	0.00192	0.00934	0.00467	0.00330	0.01045
49	0.02470	0.01423	0.01746	0.01295	0.01943	0.01194	0.01055	0.08122	0.02027	0.29053	0.02091	0.02041	0.01471	0.00759	0.00674	0.00175	0.00632	0.00608	0.00686	0.40537
50	0.01551	0.01304	0.01995	0.47592	0.04027	0.01589	0.01749	0.05747	0.01661	0.02312	0.01624	0.02220	0.01257	0.01010	0.03148	0.00280	0.04800	0.00700	0.14577	0.00857
51	0.01372	0.01099	0.01251	0.01261	0.01480	0.01180	0.00923	0.02339	0.27663	0.02470	0.03853	0.30983	0.07369	0.08259	0.01179	0.00333	0.00555	0.04846	0.00724	0.00862
52	0.01700	0.01634	0.02759	0.33760	0.30985	0.01830	0.05194	0.02233	0.03741	0.02269	0.01457	0.02011	0.01164	0.00778	0.00886	0.00252	0.05230	0.00706	0.00377	0.01034
53	0.73592	0.01453	0.01114	0.01002	0.01463	0.01678	0.00822	0.02251	0.01338	0.03443	0.01167	0.01358	0.00909	0.00731	0.00484	0.00236	0.00585	0.00438	0.05103	0.00833
54	0.01126	0.00756	0.00869	0.00869	0.00877	0.00764	0.00499	0.01142	0.01134	0.01520	0.02422	0.04957	0.02768	0.68893	0.07735	0.00780	0.00828	0.01110	0.00467	0.00483
55	0.02030	0.66692	0.07534	0.01402	0.02066	0.02972	0.01425	0.02312	0.01564	0.01860	0.01093	0.01283	0.00995	0.00694	0.00589	0.00177	0.03549	0.00433	0.00332	0.00998
56	0.00945	0.00675	0.00900	0.01080	0.01125	0.00630	0.00720	0.01080	0.01484	0.01979	0.04274	0.72245	0.05128	0.02429	0.00990	0.00315	0.00450	0.02204	0.00720	0.00630
57	0.01558	0.00897	0.01172	0.01043	0.01314	0.00808	0.00803	0.01900	0.02172	0.16012	0.50849	0.05274	0.10151	0.01486	0.00888	0.00244	0.00426	0.01294	0.00866	0.00843
58	0.01946	0.01622	0.01728	0.01549	0.01983	0.01859	0.01206	0.04010	0.62107	0.05275	0.05552	0.02993	0.02537	0.01069	0.00793	0.00262	0.00606	0.00893	0.00797	0.01212
59	0.02208	0.01353	0.01452	0.01201	0.01591	0.01432	0.00964	0.27548	0.02485	0.08760	0.02301	0.02457	0.01713	0.00919	0.00654	0.00206	0.00583	0.00717	0.40448	0.01009
60	0.00945	0.00791	0.00826	0.00830	0.01082	0.00672	0.00631	0.01162	0.01799	0.02179	0.12008	0.07402	0.60207	0.01945	0.00924	0.00265	0.00406	0.04534	0.00729	0.00663
61	0.01555	0.04011	0.68733	0.02210	0.03356	0.01801	0.02865	0.02455	0.01637	0.02455	0.01391	0.01637	0.00982	0.00737	0.00737	0.00246	0.01146	0.00573	0.00327	0.01146
62	0.00962	0.00688	0.00915	0.01068	0.01128	0.00641	0.00721	0.01123	0.01565	0.02107	0.11440	0.64713	0.05376	0.02333	0.00981	0.00307	0.00440	0.02113	0.00735	0.00641

[dist]
# distance from previous block
# <min> <max>
0	9

[block]
# block no. 2 follows, 25 sequences, length 42
# corresponding to MSA columns:
# 141-182
name=unknown_C
#
# <colnr> <probs for GDERKNQSTAVLIFYWHMCP>
#	G	D	E	R	K	N	Q	S	T	A	V	L	I	F	Y	W	H	M	C	P
0	0.00945	0.00791	0.00825	0.00830	0.01083	0.00671	0.00632	0.01160	0.01795	0.02169	0.11381	0.07423	0.60636	0.01949	0.00924	0.00266	0.00407	0.04724	0.00728	0.00662
1	0.01555	0.04011	0.68733	0.02210	0.03356	0.01801	0.02865	0.02455	0.01637	0.02455	0.01391	0.01637	0.00982	0.00737	0.00737	0.00246	0.01146	0.00573	0.00327	0.01146
2	0.01696	0.01696	0.02375	0.02036	0.02036	0.02375	0.01696	0.01866	0.01187	0.01866	0.01018	0.01696	0.01018	0.01357	0.02545	0.00339	0.71332	0.00679	0.00339	0.00848
3	0.00945	0.00675	0.00900	0.01080	0.01125	0.00630	0.00720	0.01080	0.01484	0.01979	0.04274	0.72245	0.05128	0.02429	0.00990	0.00315	0.00450	0.02204	0.00720	0.00630
4	0.01775	0.01942	0.09688	0.01984	0.02528	0.01822	0.15066	0.05360	0.23361	0.02759	0.04675	0.02565	0.04560	0.00983	0.01035	0.00256	0.10278	0.00832	0.00563	0.07968
5	0.01093	0.00827	0.01048	0.01085	0.01265	0.00720	0.00752	0.01267	0.01497	0.02077	0.03585	0.54566	0.04190	0.04814	0.01018	0.00290	0.00488	0.01791	0.00654	0.16971
6	0.02305	0.08514	0.14276	0.01471	0.02074	0.01450	0.01395	0.02851	0.09173	0.26313	0.04551	0.02347	0.01770	0.01117	0.01025	0.10186	0.00745	0.00702	0.00640	0.07095
7	0.01914	0.44346	0.28268	0.01677	0.02520	0.02565	0.01910	0.04938	0.01683	0.02186	0.01228	0.01417	0.01003	0.00702	0.00599	0.00198	0.00949	0.00486	0.00348	0.01065
8	0.01064	0.00767	0.01006	0.00998	0.01151	0.00709	0.00729	0.01379	0.02039	0.02862	0.53658	0.20344	0.06837	0.01770	0.00931	0.00259	0.00384	0.01578	0.00824	0.00709
9	0.07301	0.11645	0.40529	0.02067	0.04817	0.01916	0.06788	0.04974	0.01705	0.04905	0.01464	0.01728	0.01096	0.01020	0.04578	0.00292	0.01096	0.00598	0.00391	0.01089
10	0.04458	0.01407	0.02157	0.26847	0.09264	0.01641	0.05219	0.06037	0.01664	0.02339	0.01985	0.13500	0.01904	0.01182	0.01071	0.00276	0.11271	0.03536	0.03357	0.00885
11	0.01128	0.00752	0.00846	0.00846	0.00846	0.00752	0.00470	0.01128	0.01128	0.01503	0.02443	0.05074	0.02819	0.72751	0.03946	0.00752	0.00752	0.01128	0.00470	0.00470
12	0.02816	0.02037	0.02201	0.01725	0.02315	0.02249	0.01413	0.51589	0.13730	0.08581	0.02146	0.02077	0.01526	0.00952	0.00778	0.00238	0.00802	0.00732	0.00789	0.01304
13	0.02006	0.06281	0.49021	0.02016	0.02996	0.04360	0.02399	0.07453	0.01891	0.11985	0.01645	0.01772	0.01142	0.00783	0.00735	0.00239	0.01051	0.00603	0.00454	0.01168
14	0.01097	0.00793	0.01036	0.00975	0.01158	0.00732	0.00732	0.01463	0.02195	0.03109	0.67505	0.05792	0.07316	0.01585	0.00914	0.00244	0.00366	0.01402	0.00854	0.00732
15	0.01047	0.00754	0.00992	0.01010	0.01147	0.00698	0.00728	0.01337	0.01962	0.02739	0.46784	0.27569	0.06599	0.01862	0.00939	0.00267	0.00393	0.01665	0.00810	0.00698
16	0.01128	0.00752	0.00846	0.00846	0.00846	0.00752	0.00470	0.01128	0.01128	0.01503	0.02443	0.05074	0.02819	0.72751	0.03946	0.00752	0.00752	0.01128	0.00470	0.00470
17	0.70677	0.05070	0.04714	0.01095	0.01617	0.01806	0.00966	0.02290	0.01348	0.03347	0.01095	0.01278	0.00854	0.00718	0.00494	0.00237	0.00639	0.00427	0.00465	0.00863
18	0.01109	0.00825	0.01215	0.01215	0.01342	0.00952	0.00930	0.01364	0.01237	0.01777	0.02106	0.03206	0.02008	0.11080	0.64508	0.01207	0.01973	0.00854	0.00420	0.00675
19	0.01264	0.00915	0.01255	0.01420	0.01603	0.00924	0.01227	0.01686	0.04392	0.02344	0.04074	0.11139	0.04405	0.02110	0.01056	0.00351	0.00699	0.57688	0.00717	0.00731
20	0.02578	0.01892	0.04988	0.04612	0.02388	0.06845	0.04609	0.11939	0.24397	0.23435	0.02571	0.02432	0.01806	0.00942	0.00781	0.00246	0.00796	0.00775	0.00751	0.01215
21	0.01608	0.01378	0.01608	0.01148	0.01837	0.01034	0.00919	0.01952	0.01608	0.02527	0.01378	0.01608	0.01148	0.00574	0.00574	0.00115	0.00574	0.00459	0.00459	0.77491
22	0.11992	0.01395	0.04431	0.05042	0.05110	0.01343	0.04729	0.08696	0.04837	0.10507	0.16725	0.10609	0.03127	0.01176	0.00779	0.00247	0.00646	0.01008	0.06654	0.00949
23	0.03024	0.01700	0.01873	0.01532	0.02047	0.09802	0.01244	0.08060	0.08612	0.42969	0.02735	0.02762	0.01916	0.01028	0.00851	0.00247	0.03347	0.04222	0.00824	0.01207
24	0.01440	0.00868	0.01146	0.01034	0.01276	0.00790	0.00790	0.01796	0.02198	0.12504	0.58239	0.05338	0.06540	0.01495	0.00895	0.00243	0.00408	0.01313	0.00869	0.00816
25	0.00934	0.00786	0.00810	0.00804	0.01058	0.00662	0.00603	0.01146	0.01808	0.02192	0.13592	0.07301	0.61801	0.01927	0.00916	0.00260	0.00390	0.01614	0.00733	0.00662
26	0.00987	0.00788	0.00884	0.00860	0.01091	0.00685	0.00645	0.01250	0.01935	0.02493	0.31267	0.06806	0.43939	0.01815	0.00916	0.00255	0.00382	0.01544	0.00772	0.00685
27	0.02857	0.02127	0.02276	0.01766	0.02370	0.02362	0.01452	0.59909	0.09212	0.04741	0.01976	0.01953	0.01411	0.00942	0.00777	0.00235	0.00832	0.00714	0.00777	0.01311
28	0.01929	0.01666	0.01753	0.01578	0.02016	0.01929	0.01227	0.04120	0.66513	0.03243	0.03156	0.02893	0.02367	0.01052	0.00789	0.00263	0.00614	0.00877	0.00789	0.01227
29	0.01608	0.01378	0.01608	0.01148	0.01837	0.01034	0.00919	0.01952	0.01608	0.02527	0.01378	0.01608	0.01148	0.00574	0.00574	0.00115	0.00574	0.00459	0.00459	0.77491
30	0.02896	0.03695	0.02197	0.01998	0.02397	0.69638	0.01498	0.03096	0.02197	0.01898	0.01199	0.01398	0.00999	0.00799	0.00699	0.00200	0.01398	0.00499	0.00400	0.00899
31	0.02952	0.01695	0.01979	0.01537	0.02096	0.01740	0.01256	0.34827	0.02905	0.28985	0.07186	0.02560	0.02043	0.03465	0.00897	0.00254	0.00740	0.00796	0.00841	0.01246
32	0.01728	0.27166	0.47096	0.01914	0.02899	0.02225	0.02350	0.02411	0.01616	0.02244	0.01287	0.01505	0.00986	0.00712	0.00657	0.00219	0.01040	0.00520	0.00329	0.01095
33	0.01125	0.00763	0.00903	0.00903	0.00923	0.00783	0.00541	0.01164	0.01144	0.01546	0.02391	0.04785	0.02693	0.63202	0.13323	0.00822	0.00941	0.01085	0.00462	0.00502
34	0.02896	0.03695	0.02197	0.01998	0.02397	0.69638	0.01498	0.03096	0.02197	0.01898	0.01199	0.01398	0.00999	0.00799	0.00699	0.00200	0.01398	0.00499	0.00400	0.00899
35	0.01636	0.01330	0.01671	0.05306	0.06968	0.01094	0.01068	0.01992	0.01673	0.05117	0.04489	0.02205	0.04655	0.00732	0.00637	0.00152	0.00603	0.00609	0.03860	0.54203
36	0.00961	0.00682	0.00895	0.01059	0.01100	0.00641	0.00697	0.01084	0.01453	0.01937	0.04110	0.66239	0.04922	0.08717	0.01254	0.00354	0.00477	0.02108	0.00697	0.00615
37	0.00969	0.00685	0.00892	0.01048	0.01087	0.00646	0.00686	0.01086	0.01436	0.01915	0.04027	0.63185	0.04817	0.11914	0.01388	0.00374	0.00491	0.02059	0.00686	0.00608
38	0.01608	0.01378	0.01608	0.01148	0.01837	0.01034	0.00919	0.01952	0.01608	0.02527	0.01378	0.01608	0.01148	0.00574	0.00574	0.00115	0.00574	0.00459	0.00459	0.77491
39	0.71921	0.04401	0.01308	0.03963	0.01680	0.01793	0.00915	0.02268	0.01340	0.03349	0.01092	0.01293	0.00854	0.00720	0.00493	0.00238	0.00627	0.00431	0.00468	0.00847
40	0.01031	0.00733	0.00984	0.04133	0.01326	0.00708	0.00803	0.01232	0.01583	0.02167	0.10276	0.54709	0.04931	0.02162	0.00949	0.00299	0.00476	0.05363	0.05473	0.00661
41	0.02047	0.01662	0.02006	0.11124	0.07804	0.01828	0.01433	0.22663	0.20229	0.03452	0.09649	0.02800	0.04510	0.01017	0.00790	0.00241	0.00734	0.00846	0.00682	0.04482

[dist]
# distance from previous block
# <min> <max>
0	1

[block]
# block no. 3 follows, 25 sequences, length 41
# corresponding to MSA columns:
# 184-224
name=unknown_D
#
# <colnr> <probs for GDERKNQSTAVLIFYWHMCP>
#	G	D	E	R	K	N	Q	S	T	A	V	L	I	F	Y	W	H	M	C	P
0	0.67407	0.01604	0.01359	0.03766	0.06183	0.04393	0.01016	0.02307	0.01392	0.03300	0.01120	0.01338	0.00879	0.00723	0.00518	0.00238	0.00668	0.00451	0.00465	0.00869
1	0.01114	0.00750	0.00865	0.00877	0.00886	0.00752	0.00506	0.01134	0.01156	0.01547	0.02553	0.09560	0.02942	0.65361	0.06309	0.00741	0.00783	0.01189	0.00485	0.00489
2	0.01464	0.01378	0.02326	0.70887	0.05340	0.01723	0.02153	0.01981	0.01550	0.01981	0.01378	0.02067	0.01034	0.00775	0.00775	0.00258	0.01034	0.00689	0.00345	0.00861
3	0.01848	0.07330	0.02368	0.01892	0.02018	0.12184	0.01564	0.02030	0.01404	0.01883	0.01514	0.02010	0.05538	0.01264	0.02008	0.00300	0.50919	0.00697	0.00373	0.00854
4	0.02012	0.01748	0.02086	0.09818	0.04578	0.06947	0.04372	0.21456	0.02221	0.02972	0.01956	0.05653	0.03776	0.01542	0.09048	0.00348	0.05171	0.00777	0.00543	0.12976
5	0.05742	0.66746	0.03943	0.01394	0.02054	0.02957	0.03999	0.02327	0.01574	0.01932	0.01099	0.01280	0.00995	0.00666	0.00514	0.00173	0.00838	0.00436	0.00341	0.00990
6	0.01696	0.01696	0.02375	0.02036	0.02036	0.02375	0.01696	0.01866	0.01187	0.01866	0.01018	0.01696	0.01018	0.01357	0.02545	0.00339	0.71332	0.00679	0.00339	0.00848
7	0.01919	0.01842	0.03147	0.04759	0.67914	0.01842	0.02380	0.02380	0.01765	0.02533	0.01458	0.01919	0.01228	0.00691	0.00768	0.00230	0.00921	0.00691	0.00384	0.01228
8	0.01128	0.00752	0.00846	0.00846	0.00846	0.00752	0.00470	0.01128	0.01128	0.01503	0.02443	0.05074	0.02819	0.72751	0.03946	0.00752	0.00752	0.01128	0.00470	0.00470
9	0.01555	0.04011	0.68733	0.02210	0.03356	0.01801	0.02865	0.02455	0.01637	0.02455	0.01391	0.01637	0.00982	0.00737	0.00737	0.00246	0.01146	0.00573	0.00327	0.01146
10	0.01347	0.00673	0.01010	0.01010	0.01010	0.00673	0.00673	0.01010	0.01010	0.01347	0.01347	0.02357	0.01347	0.02694	0.03030	0.77441	0.00673	0.00673	0.00337	0.00337
11	0.02164	0.01995	0.01872	0.01656	0.02107	0.11272	0.01289	0.10116	0.51381	0.03223	0.02757	0.02584	0.02074	0.01005	0.00775	0.00251	0.00745	0.00807	0.00734	0.01191
12	0.01578	0.01551	0.02794	0.51915	0.12539	0.01776	0.12551	0.02111	0.01622	0.02129	0.01419	0.02054	0.01080	0.00745	0.00797	0.00256	0.01065	0.00727	0.00357	0.00935
13	0.02769	0.01381	0.01854	0.01721	0.08880	0.01306	0.01238	0.07105	0.08439	0.41324	0.12632	0.03019	0.02673	0.01033	0.00800	0.00241	0.00650	0.00869	0.00855	0.01211
14	0.01579	0.03843	0.63116	0.02303	0.03417	0.01815	0.08314	0.02458	0.01654	0.02458	0.01407	0.01677	0.00999	0.00729	0.00752	0.00247	0.01160	0.00603	0.00333	0.01137
15	0.01128	0.00752	0.00846	0.00846	0.00846	0.00752	0.00470	0.01128	0.01128	0.01503	0.02443	0.05074	0.02819	0.72751	0.03946	0.00752	0.00752	0.01128	0.00470	0.00470
16	0.01697	0.01758	0.03484	0.26060	0.10683	0.01807	0.34447	0.02270	0.01719	0.02340	0.01541	0.02106	0.01174	0.00711	0.00835	0.00253	0.01130	0.00807	0.04193	0.00986
17	0.02568	0.01980	0.02057	0.01679	0.02204	0.05276	0.01349	0.39215	0.20696	0.06748	0.02379	0.06316	0.01842	0.01048	0.00789	0.00245	0.00781	0.00830	0.00766	0.01233
18	0.01347	0.00673	0.01010	0.01010	0.01010	0.00673	0.00673	0.01010	0.01010	0.01347	0.01347	0.02357	0.01347	0.02694	0.03030	0.77441	0.00673	0.00673	0.00337	0.00337
19	0.03453	0.01361	0.01825	0.01399	0.02000	0.01202	0.01156	0.06807	0.02289	0.65324	0.03000	0.02601	0.01890	0.00958	0.00780	0.00240	0.00669	0.00776	0.00951	0.01319
20	0.01310	0.04025	0.01646	0.04856	0.01805	0.01179	0.06226	0.05761	0.01664	0.02227	0.03330	0.44772	0.03782	0.01918	0.01074	0.00301	0.06547	0.06185	0.00630	0.00761
21	0.15445	0.01957	0.08547	0.16450	0.31698	0.05099	0.02005	0.02392	0.01675	0.05653	0.01432	0.01813	0.01120	0.00735	0.00712	0.00238	0.00918	0.00626	0.00416	0.01068
22	0.01067	0.00785	0.00999	0.00959	0.01143	0.00717	0.00714	0.01399	0.02102	0.02923	0.56743	0.09916	0.14286	0.01680	0.00919	0.00250	0.00374	0.01477	0.00830	0.00717
23	0.01445	0.00723	0.00723	0.00723	0.00903	0.00723	0.00542	0.01807	0.01626	0.02891	0.02529	0.02891	0.01987	0.00903	0.00542	0.00181	0.00361	0.00723	0.77055	0.00723
24	0.06614	0.08742	0.01808	0.21352	0.04537	0.01407	0.01294	0.04270	0.01615	0.02229	0.05463	0.25055	0.02826	0.03913	0.00990	0.02679	0.00721	0.03162	0.00532	0.00789
25	0.01877	0.21849	0.23275	0.04947	0.08069	0.02019	0.06366	0.05469	0.01764	0.06827	0.01766	0.09174	0.01542	0.00913	0.00720	0.00231	0.00926	0.00762	0.00445	0.01058
26	0.01142	0.00850	0.01186	0.01170	0.01262	0.00975	0.00862	0.01335	0.01209	0.01719	0.02130	0.03559	0.02145	0.24693	0.47685	0.01061	0.05045	0.00908	0.00427	0.00636
27	0.75122	0.01527	0.01189	0.01051	0.01537	0.01767	0.00866	0.04880	0.01415	0.03537	0.01112	0.01284	0.00859	0.00728	0.00492	0.00240	0.00610	0.00431	0.00492	0.00859
28	0.01108	0.00827	0.01229	0.01229	0.01362	0.00960	0.00948	0.01374	0.01241	0.01787	0.02092	0.03131	0.01975	0.08632	0.66912	0.01225	0.02021	0.00843	0.00418	0.00683
29	0.01899	0.05028	0.25491	0.05490	0.08436	0.05160	0.01938	0.14597	0.08484	0.02966	0.07132	0.02490	0.05636	0.00942	0.00768	0.00240	0.00908	0.00761	0.00533	0.01102
30	0.01373	0.00854	0.01125	0.01022	0.01253	0.00779	0.00779	0.01731	0.02198	0.10674	0.60044	0.05427	0.06691	0.01513	0.00899	0.00243	0.00400	0.01330	0.00866	0.00800
31	0.01790	0.06055	0.52997	0.02148	0.03154	0.01870	0.05589	0.06227	0.01782	0.06533	0.01504	0.01721	0.01070	0.00777	0.00806	0.00246	0.03583	0.00607	0.00396	0.01146
32	0.01105	0.00748	0.00847	0.00859	0.00874	0.00739	0.00493	0.01124	0.01182	0.01564	0.02821	0.09882	0.05976	0.64560	0.03600	0.00699	0.00714	0.01226	0.00499	0.00490
33	0.01929	0.01666	0.01753	0.01578	0.02016	0.01929	0.01227	0.04120	0.66513	0.03243	0.03156	0.02893	0.02367	0.01052	0.00789	0.00263	0.00614	0.00877	0.00789	0.01227
34	0.78228	0.01499	0.01140	0.01020	0.01499	0.01739	0.00840	0.02279	0.01320	0.03479	0.01080	0.01260	0.00840	0.00720	0.00480	0.00240	0.00600	0.00420	0.00480	0.00840
35	0.01097	0.00793	0.01036	0.00975	0.01158	0.00732	0.00732	0.01463	0.02195	0.03109	0.67505	0.05792	0.07316	0.01585	0.00914	0.00244	0.00366	0.01402	0.00854	0.00732
36	0.78228	0.01499	0.01140	0.01020	0.01499	0.01739	0.00840	0.02279	0.01320	0.03479	0.01080	0.01260	0.00840	0.00720	0.00480	0.00240	0.00600	0.00420	0.00480	0.00840
37	0.01699	0.02388	0.22589	0.06026	0.12747	0.01718	0.17647	0.06040	0.04565	0.02611	0.04098	0.05549	0.04678	0.00894	0.00813	0.00248	0.00997	0.00849	0.00456	0.03387
38	0.02696	0.01298	0.01674	0.01332	0.01843	0.01194	0.01082	0.03158	0.07745	0.42863	0.07539	0.03093	0.07276	0.01067	0.00866	0.00236	0.04125	0.00858	0.00835	0.09221
39	0.01900	0.01348	0.01717	0.01270	0.01903	0.01064	0.03655	0.02242	0.01740	0.14085	0.04143	0.04864	0.01667	0.00757	0.00654	0.00156	0.00608	0.00640	0.00569	0.55018
40	0.20829	0.08612	0.02370	0.04940	0.02367	0.06522	0.10418	0.11904	0.01900	0.05217	0.01517	0.04560	0.01254	0.00855	0.00808	0.00231	0.05937	0.00660	0.00501	0.08597

[dist]
# distance from previous block
# <min> <max>
1	2

[block]
# block no. 4 follows, 25 sequences, length 16
# corresponding to MSA columns:
# 227-242
name=unknown_E
#
# <colnr> <probs for GDERKNQSTAVLIFYWHMCP>
#	G	D	E	R	K	N	Q	S	T	A	V	L	I	F	Y	W	H	M	C	P
0	0.01697	0.04933	0.13108	0.04715	0.02914	0.04685	0.24318	0.02248	0.05294	0.02266	0.01874	0.04976	0.04043	0.01060	0.01156	0.07132	0.06874	0.00826	0.00422	0.05458
1	0.01631	0.10679	0.40446	0.16870	0.07210	0.01930	0.02435	0.02421	0.04950	0.02331	0.01449	0.01767	0.01080	0.00751	0.00723	0.00240	0.01048	0.00603	0.00358	0.01078
2	0.08080	0.11207	0.05569	0.05746	0.02492	0.09473	0.04373	0.31052	0.02607	0.06382	0.01652	0.01781	0.01225	0.00837	0.00705	0.00223	0.00905	0.00629	0.03938	0.01124
3	0.01186	0.00873	0.01084	0.01001	0.01219	0.00822	0.00759	0.05194	0.02231	0.03098	0.56783	0.05751	0.13881	0.01590	0.00907	0.00245	0.00398	0.01388	0.00834	0.00757
4	0.78228	0.01499	0.01140	0.01020	0.01499	0.01739	0.00840	0.02279	0.01320	0.03479	0.01080	0.01260	0.00840	0.00720	0.00480	0.00240	0.00600	0.00420	0.00480	0.00840
5	0.01128	0.00752	0.00846	0.00846	0.00846	0.00752	0.00470	0.01128	0.01128	0.01503	0.02443	0.05074	0.02819	0.72751	0.03946	0.00752	0.00752	0.01128	0.00470	0.00470
6	0.01445	0.00723	0.00723	0.00723	0.00903	0.00723	0.00542	0.01807	0.01626	0.02891	0.02529	0.02891	0.01987	0.00903	0.00542	0.00181	0.00361	0.00723	0.77055	0.00723
7	0.02637	0.02017	0.02152	0.01721	0.02286	0.02259	0.01399	0.46651	0.22830	0.04385	0.02257	0.02176	0.01638	0.00968	0.00780	0.00242	0.00780	0.00753	0.00780	0.01291
8	0.01830	0.02092	0.04575	0.03268	0.04052	0.01961	0.65098	0.02484	0.01830	0.02484	0.01569	0.02092	0.01176	0.00654	0.00915	0.00261	0.01307	0.00915	0.00392	0.01046
9	0.00916	0.00785	0.00785	0.00785	0.01047	0.00655	0.00589	0.01113	0.01767	0.02095	0.07855	0.07462	0.67599	0.01964	0.00916	0.00262	0.00393	0.01636	0.00720	0.00655
10	0.61040	0.01458	0.01291	0.01102	0.01610	0.01601	0.00909	0.02624	0.01526	0.18419	0.01535	0.01577	0.01088	0.00775	0.00549	0.00240	0.00614	0.00503	0.00590	0.00950
11	0.01097	0.00793	0.01036	0.00975	0.01158	0.00732	0.00732	0.01463	0.02195	0.03109	0.67505	0.05792	0.07316	0.01585	0.00914	0.00244	0.00366	0.01402	0.00854	0.00732
12	0.01128	0.00752	0.00846	0.00846	0.00846	0.00752	0.00470	0.01128	0.01128	0.01503	0.02443	0.05074	0.02819	0.72751	0.03946	0.00752	0.00752	0.01128	0.00470	0.00470
13	0.01829	0.01984	0.02763	0.12059	0.03001	0.13240	0.17642	0.02188	0.01577	0.02036	0.01360	0.01955	0.01163	0.01518	0.09319	0.00389	0.23986	0.00727	0.00372	0.00890
14	0.01542	0.01485	0.02329	0.53865	0.07118	0.04391	0.04750	0.02014	0.01592	0.02054	0.01686	0.02281	0.03943	0.00850	0.00857	0.00256	0.04221	0.00733	0.03163	0.00871
15	0.01610	0.14210	0.05932	0.04610	0.05598	0.07564	0.01282	0.01886	0.01670	0.04786	0.07368	0.25239	0.05046	0.01478	0.00940	0.00260	0.05877	0.03241	0.00555	0.00848

[dist]
# distance from previous block
# <min> <max>
6	12

[block]
# block no. 5 follows, 25 sequences, length 42
# corresponding to MSA columns:
# 255-296
name=unknown_F
#
# <colnr> <probs for GDERKNQSTAVLIFYWHMCP>
#	G	D	E	R	K	N	Q	S	T	A	V	L	I	F	Y	W	H	M	C	P
0	0.04304	0.23406	0.11154	0.05736	0.02191	0.05100	0.01407	0.04470	0.09436	0.05759	0.12858	0.02627	0.02385	0.04994	0.00878	0.00250	0.00787	0.00746	0.00536	0.00977
1	0.04673	0.08172	0.12111	0.07216	0.02472	0.01670	0.04319	0.06660	0.07748	0.21428	0.04903	0.04694	0.01859	0.01205	0.04264	0.00295	0.03809	0.00780	0.00627	0.01093
2	0.01562	0.09924	0.47405	0.02092	0.03016	0.01790	0.08419	0.02284	0.01642	0.02350	0.01758	0.08305	0.01528	0.00936	0.00769	0.00251	0.01050	0.03477	0.00386	0.01057
3	0.10624	0.32343	0.31979	0.01686	0.02533	0.02323	0.01941	0.02433	0.03651	0.02337	0.01282	0.01471	0.01015	0.00714	0.00610	0.00212	0.00935	0.00499	0.00362	0.01051
4	0.01430	0.01492	0.09745	0.03960	0.01883	0.01192	0.01210	0.05149	0.01944	0.02817	0.31074	0.05239	0.03982	0.01183	0.00937	0.00224	0.06377	0.00978	0.00629	0.18557
5	0.01621	0.01242	0.01394	0.01231	0.01487	0.01325	0.00895	0.10783	0.14852	0.02539	0.02460	0.08492	0.02389	0.29084	0.02096	0.00439	0.04448	0.00988	0.03594	0.08640
6	0.01912	0.01445	0.01643	0.01311	0.01767	0.01430	0.01039	0.25452	0.02538	0.03546	0.23640	0.03292	0.03360	0.05130	0.00954	0.00238	0.00619	0.00900	0.00710	0.19075
7	0.01108	0.00831	0.01246	0.01246	0.01385	0.00969	0.00969	0.01385	0.01246	0.01800	0.02077	0.03046	0.01938	0.05815	0.69678	0.01246	0.02077	0.00831	0.00415	0.00692
8	0.01899	0.01741	0.02123	0.20799	0.06543	0.05426	0.03527	0.06388	0.36809	0.02848	0.02363	0.02461	0.01781	0.00925	0.00783	0.00255	0.00819	0.00788	0.00613	0.01109
9	0.00945	0.00675	0.00900	0.01080	0.01125	0.00630	0.00720	0.01080	0.01484	0.01979	0.04274	0.72245	0.05128	0.02429	0.00990	0.00315	0.00450	0.02204	0.00720	0.00630
10	0.00971	0.00700	0.00923	0.01081	0.01152	0.00653	0.00747	0.01135	0.01557	0.02070	0.08015	0.61461	0.08223	0.02341	0.00987	0.00311	0.00459	0.05846	0.00727	0.00642
11	0.01144	0.00884	0.01316	0.01295	0.01425	0.01056	0.01014	0.01414	0.01242	0.01804	0.02011	0.02962	0.01881	0.05539	0.65518	0.01190	0.06369	0.00821	0.00411	0.00702
12	0.02344	0.08476	0.02591	0.18088	0.11670	0.04605	0.01745	0.32222	0.02587	0.03414	0.01572	0.01838	0.01189	0.00849	0.00809	0.00235	0.03409	0.00661	0.00555	0.01140
13	0.01059	0.00796	0.00983	0.00950	0.01153	0.00720	0.00722	0.01381	0.02064	0.02809	0.48945	0.06373	0.22580	0.01711	0.00923	0.00254	0.00391	0.04661	0.00812	0.00711
14	0.01741	0.02026	0.08515	0.01824	0.09355	0.17310	0.01361	0.02333	0.09704	0.02604	0.23850	0.03721	0.10111	0.01187	0.00814	0.00236	0.00784	0.00986	0.00618	0.00921
15	0.01108	0.00831	0.01246	0.01246	0.01385	0.00969	0.00969	0.01385	0.01246	0.01800	0.02077	0.03046	0.01938	0.05815	0.69678	0.01246	0.02077	0.00831	0.00415	0.00692
16	0.01608	0.01378	0.01608	0.01148	0.01837	0.01034	0.00919	0.01952	0.01608	0.02527	0.01378	0.01608	0.01148	0.00574	0.00574	0.00115	0.00574	0.00459	0.00459	0.77491
17	0.02847	0.02122	0.02270	0.01764	0.02366	0.02358	0.01449	0.59307	0.09830	0.04725	0.01989	0.01963	0.01422	0.00943	0.00777	0.00236	0.00830	0.00716	0.00777	0.01310
18	0.00963	0.00688	0.00921	0.01101	0.01154	0.00646	0.00752	0.01112	0.01503	0.02000	0.04263	0.68346	0.05087	0.02412	0.00995	0.00317	0.00466	0.05919	0.00719	0.00635
19	0.01648	0.01284	0.01937	0.23430	0.06916	0.01427	0.07351	0.07089	0.01775	0.02663	0.01895	0.02364	0.01470	0.00847	0.00765	0.00226	0.03647	0.00724	0.31660	0.00881
20	0.02116	0.69589	0.03966	0.01362	0.02011	0.06542	0.01336	0.02362	0.01608	0.01828	0.01084	0.01252	0.00995	0.00670	0.00508	0.00168	0.00859	0.00419	0.00335	0.00990
21	0.02766	0.03425	0.02217	0.05667	0.02537	0.60506	0.01541	0.05175	0.02167	0.02006	0.01223	0.01464	0.01013	0.00828	0.00792	0.00211	0.04620	0.00525	0.00407	0.00909
22	0.02896	0.03695	0.02197	0.01998	0.02397	0.69638	0.01498	0.03096	0.02197	0.01898	0.01199	0.01398	0.00999	0.00799	0.00699	0.00200	0.01398	0.00499	0.00400	0.00899
23	0.01210	0.01032	0.01071	0.01019	0.01325	0.01015	0.00776	0.01974	0.19872	0.02478	0.10239	0.06083	0.45649	0.01686	0.00881	0.00261	0.00453	0.01410	0.00748	0.00819
24	0.01022	0.00715	0.00912	0.01014	0.01052	0.00702	0.00656	0.01124	0.01340	0.01799	0.03446	0.42910	0.04047	0.26931	0.08182	0.00549	0.00700	0.01710	0.00606	0.00580
25	0.01598	0.01629	0.03070	0.31051	0.04109	0.01772	0.26985	0.02114	0.01645	0.02215	0.01837	0.02384	0.04897	0.00851	0.00985	0.00264	0.07255	0.00833	0.03589	0.00916
26	0.01586	0.01692	0.06150	0.57485	0.10597	0.05361	0.02179	0.02103	0.01609	0.02052	0.01376	0.01994	0.01046	0.00767	0.00768	0.00252	0.01049	0.00673	0.00350	0.00912
27	0.01401	0.01125	0.01292	0.01191	0.01477	0.01182	0.00910	0.02450	0.26674	0.03087	0.38695	0.04807	0.09764	0.01409	0.00867	0.00252	0.00462	0.01219	0.00819	0.00915
28	0.00945	0.00675	0.00900	0.01080	0.01125	0.00630	0.00720	0.01080	0.01484	0.01979	0.04274	0.72245	0.05128	0.02429	0.00990	0.00315	0.00450	0.02204	0.00720	0.00630
29	0.04296	0.00811	0.01023	0.01042	0.01216	0.00769	0.00790	0.01415	0.01934	0.02726	0.39740	0.19244	0.10607	0.01815	0.00931	0.00274	0.00439	0.09437	0.00784	0.00708
30	0.07422	0.02602	0.02067	0.01730	0.02218	0.28464	0.01365	0.31758	0.02765	0.03464	0.01612	0.01731	0.01221	0.00864	0.00708	0.00216	0.01009	0.00606	0.07104	0.01075
31	0.01567	0.03926	0.65904	0.02257	0.03387	0.01808	0.05610	0.02457	0.01646	0.02457	0.01399	0.01657	0.00991	0.00733	0.00745	0.00246	0.01153	0.00588	0.00330	0.01141
32	0.01090	0.00787	0.01030	0.00980	0.01157	0.00727	0.00731	0.01445	0.02162	0.03057	0.64557	0.08890	0.07214	0.01624	0.00918	0.00247	0.00370	0.01440	0.00847	0.00727
