[name]
unknown

[dist]
# distance from previous block
# <min> <max>
0	83

[block]
# block no. 0 follows, 23 sequences, length 12
# corresponding to MSA columns:
# 89-100
name=unknown_A
#
# <colnr> <probs for GDERKNQSTAVLIFYWHMCP>
#	G	D	E	R	K	N	Q	S	T	A	V	L	I	F	Y	W	H	M	C	P
0	0.01273	0.00909	0.01268	0.01455	0.01627	0.00904	0.01248	0.01622	0.01834	0.02390	0.04315	0.15820	0.04745	0.02274	0.01112	0.00369	0.00717	0.54633	0.00748	0.00738
1	0.02121	0.65863	0.09933	0.01472	0.02211	0.03091	0.01533	0.02442	0.01655	0.01969	0.01158	0.01339	0.01040	0.00701	0.00543	0.00181	0.00898	0.00449	0.00347	0.01056
2	0.02389	0.53753	0.07967	0.01497	0.02199	0.06497	0.01477	0.02699	0.01784	0.11099	0.01448	0.01543	0.01177	0.00751	0.00591	0.00192	0.00898	0.00503	0.00443	0.01094
3	0.01166	0.00973	0.01392	0.01333	0.01546	0.00921	0.07516	0.01534	0.06339	0.02234	0.04885	0.40974	0.18904	0.04924	0.01120	0.00325	0.00579	0.01873	0.00711	0.00752
4	0.05212	0.27079	0.22469	0.01726	0.02471	0.02191	0.05237	0.05708	0.01848	0.02590	0.08404	0.02174	0.01856	0.01078	0.03570	0.00269	0.00971	0.00673	0.03426	0.01049
5	0.02397	0.02217	0.11368	0.19938	0.05669	0.09066	0.01848	0.10524	0.04376	0.16322	0.01927	0.02111	0.01369	0.00861	0.00783	0.00242	0.00979	0.00693	0.00584	0.06727
6	0.01671	0.18441	0.44304	0.01962	0.02898	0.02032	0.02357	0.02366	0.01654	0.02339	0.01601	0.05243	0.01339	0.01322	0.06813	0.00337	0.01178	0.00674	0.00373	0.01095
7	0.01134	0.00829	0.01028	0.01118	0.01231	0.00795	0.00760	0.01405	0.06205	0.02111	0.04173	0.47582	0.09081	0.09775	0.01449	0.04568	0.00531	0.01877	0.00698	0.03650
8	0.21336	0.07238	0.07110	0.06350	0.02387	0.09813	0.04053	0.11391	0.01983	0.04937	0.01771	0.04893	0.01527	0.01321	0.04602	0.02785	0.00984	0.04010	0.00530	0.00981
9	0.01717	0.01439	0.03650	0.04269	0.02035	0.01302	0.03550	0.04434	0.15028	0.07165	0.08399	0.06138	0.15660	0.01213	0.00814	0.00232	0.00633	0.01031	0.00684	0.20607
10	0.01793	0.01296	0.01620	0.05154	0.01928	0.01268	0.01096	0.09167	0.02068	0.08373	0.16339	0.12055	0.03291	0.01261	0.00950	0.00233	0.05966	0.01042	0.04044	0.21055
11	0.07067	0.08729	0.12288	0.05990	0.11712	0.06548	0.01617	0.04025	0.01947	0.04967	0.14572	0.03103	0.07951	0.01049	0.00778	0.00236	0.00820	0.00860	0.00556	0.05182

[dist]
# distance from previous block
# <min> <max>
18	32

[block]
# block no. 1 follows, 23 sequences, length 7
# corresponding to MSA columns:
# 133-139
name=unknown_B
#
# <colnr> <probs for GDERKNQSTAVLIFYWHMCP>
#	G	D	E	R	K	N	Q	S	T	A	V	L	I	F	Y	W	H	M	C	P
0	0.05347	0.05963	0.02351	0.02573	0.22882	0.05408	0.01582	0.08492	0.03550	0.02807	0.07134	0.02730	0.06875	0.01344	0.05684	0.00308	0.04139	0.00805	0.00531	0.09495
1	0.01241	0.00892	0.01118	0.01174	0.01307	0.00874	0.00824	0.07596	0.01903	0.02575	0.15400	0.48946	0.05266	0.05443	0.01143	0.00329	0.00513	0.01939	0.00773	0.00744
2	0.01712	0.01462	0.01957	0.01503	0.02092	0.01251	0.07964	0.08218	0.01900	0.02776	0.02128	0.15745	0.02064	0.01040	0.00750	0.00192	0.00690	0.00928	0.00562	0.45067
3	0.01169	0.00967	0.01392	0.01386	0.01489	0.01028	0.04308	0.01362	0.01583	0.02154	0.07394	0.49034	0.08257	0.02188	0.01277	0.00323	0.11380	0.01902	0.00680	0.00726
4	0.01888	0.01382	0.01880	0.01546	0.01931	0.01394	0.05967	0.11243	0.02185	0.10002	0.19365	0.13368	0.03646	0.01370	0.01074	0.00258	0.08392	0.01153	0.00718	0.11237
5	0.02300	0.03670	0.05880	0.02178	0.12175	0.06920	0.04878	0.12120	0.02152	0.11411	0.01905	0.02142	0.01454	0.01092	0.03900	0.00272	0.04153	0.00695	0.08999	0.11703
6	0.01924	0.01906	0.07082	0.01857	0.02556	0.01627	0.13104	0.10903	0.06953	0.02991	0.01784	0.04201	0.01452	0.00810	0.00807	0.00203	0.03033	0.00716	0.00535	0.35557

[dist]
# distance from previous block
# <min> <max>
2	4

[block]
# block no. 2 follows, 23 sequences, length 47
# corresponding to MSA columns:
# 144-190
name=unknown_C
#
# <colnr> <probs for GDERKNQSTAVLIFYWHMCP>
#	G	D	E	R	K	N	Q	S	T	A	V	L	I	F	Y	W	H	M	C	P
0	0.11648	0.06687	0.32977	0.05064	0.10670	0.01878	0.02211	0.06524	0.01835	0.05711	0.01720	0.06464	0.01406	0.00905	0.00751	0.00254	0.00980	0.00724	0.00460	0.01131
1	0.04314	0.01674	0.02102	0.09254	0.05000	0.01801	0.04801	0.15455	0.20066	0.05220	0.02446	0.03102	0.02014	0.05828	0.01046	0.00293	0.00810	0.05800	0.00666	0.08306
2	0.01912	0.04060	0.01994	0.11569	0.04879	0.01561	0.03135	0.09295	0.07575	0.07236	0.02173	0.07097	0.01910	0.10130	0.01277	0.00304	0.03653	0.00863	0.04053	0.15324
3	0.06925	0.03805	0.02648	0.09410	0.25904	0.05153	0.05231	0.02660	0.11812	0.02674	0.03726	0.02237	0.01606	0.00915	0.01000	0.00260	0.09037	0.00753	0.03138	0.01106
4	0.06868	0.03503	0.50930	0.02157	0.03176	0.01765	0.05908	0.02549	0.01729	0.06583	0.01752	0.06364	0.01377	0.00897	0.00783	0.00262	0.01090	0.00735	0.00425	0.01147
5	0.02096	0.01815	0.01877	0.06104	0.02304	0.05549	0.01324	0.14378	0.38147	0.03383	0.03461	0.03311	0.10360	0.01168	0.00834	0.00265	0.00731	0.00952	0.00761	0.01180
6	0.67413	0.05863	0.01389	0.01103	0.01593	0.01851	0.00919	0.02324	0.01392	0.03414	0.01201	0.01444	0.00967	0.01112	0.05114	0.00318	0.00748	0.00468	0.00488	0.00878
7	0.01180	0.00787	0.00885	0.00885	0.00885	0.00787	0.00492	0.01180	0.01180	0.01573	0.02557	0.05310	0.02950	0.71483	0.04130	0.00787	0.00787	0.01180	0.00492	0.00492
8	0.01597	0.01532	0.02202	0.12607	0.02507	0.02052	0.01669	0.01825	0.01358	0.01993	0.01731	0.14146	0.01833	0.01524	0.02081	0.00337	0.46733	0.00996	0.00427	0.00849
9	0.01843	0.02066	0.08790	0.19486	0.32211	0.01924	0.16923	0.02425	0.01800	0.02497	0.01528	0.02063	0.01203	0.00738	0.00839	0.00257	0.01107	0.00768	0.00389	0.01143
10	0.02628	0.01996	0.02124	0.01721	0.02276	0.02233	0.01391	0.40013	0.23738	0.04407	0.02440	0.02376	0.01788	0.01014	0.00800	0.00250	0.00776	0.00794	0.05931	0.01306
11	0.02202	0.01846	0.01763	0.01556	0.01971	0.10332	0.01208	0.13055	0.28702	0.05988	0.07516	0.07264	0.02627	0.01160	0.00806	0.00253	0.00732	0.00946	0.08949	0.01122
12	0.01664	0.01535	0.02481	0.58880	0.05140	0.01865	0.04416	0.05619	0.05950	0.02347	0.01601	0.02210	0.01196	0.00835	0.00818	0.00269	0.01053	0.00743	0.00418	0.00960
13	0.01379	0.01304	0.04250	0.01924	0.13051	0.03444	0.01277	0.01802	0.05575	0.02384	0.06021	0.25474	0.15895	0.01832	0.00956	0.00297	0.00664	0.10941	0.00669	0.00862
14	0.01513	0.00756	0.00756	0.00756	0.00945	0.00756	0.00567	0.01891	0.01702	0.03025	0.02647	0.03025	0.02080	0.00945	0.00567	0.00189	0.00378	0.00756	0.75988	0.00756
15	0.01026	0.00750	0.01021	0.04869	0.01407	0.00727	0.00825	0.01184	0.01542	0.02051	0.04227	0.64453	0.05031	0.05315	0.01152	0.00345	0.00517	0.02173	0.00721	0.00665
16	0.06687	0.03241	0.38231	0.05384	0.10143	0.05093	0.10019	0.02683	0.06055	0.02659	0.01581	0.01874	0.01172	0.00781	0.00783	0.00256	0.01128	0.00669	0.00405	0.01156
17	0.01931	0.01653	0.02683	0.09880	0.09795	0.01850	0.13290	0.06192	0.01781	0.08309	0.02017	0.11129	0.01858	0.03873	0.01489	0.00314	0.19439	0.00995	0.00517	0.01004
18	0.00979	0.00815	0.00855	0.00862	0.01113	0.00691	0.00640	0.01197	0.01872	0.02285	0.13483	0.11938	0.56379	0.02050	0.00964	0.00276	0.00412	0.01730	0.00767	0.00691
19	0.01558	0.01493	0.02594	0.65038	0.05497	0.01820	0.06416	0.02109	0.01642	0.02109	0.01456	0.02165	0.01092	0.00803	0.00821	0.00271	0.01101	0.00737	0.00364	0.00915
20	0.01727	0.16626	0.55721	0.02143	0.03250	0.02128	0.02703	0.02544	0.01701	0.02449	0.01396	0.01638	0.01030	0.00757	0.00725	0.00242	0.01138	0.00569	0.00343	0.01170
21	0.03426	0.06758	0.02010	0.01406	0.02018	0.01326	0.01178	0.03739	0.02241	0.58931	0.03016	0.02663	0.01938	0.00978	0.00781	0.00242	0.00689	0.00784	0.04550	0.01325
22	0.01198	0.00862	0.01178	0.01357	0.01507	0.00842	0.01114	0.01496	0.01775	0.02313	0.04528	0.27126	0.07704	0.02321	0.01088	0.00356	0.00651	0.41113	0.00749	0.00719
23	0.01002	0.00712	0.00938	0.01113	0.01157	0.00668	0.00735	0.01133	0.01528	0.02038	0.04342	0.66491	0.05202	0.07229	0.01246	0.00361	0.00492	0.02230	0.00735	0.00648
24	0.01766	0.01886	0.05738	0.09037	0.06996	0.02333	0.04487	0.02058	0.01372	0.02069	0.01176	0.01844	0.01087	0.01251	0.02192	0.00331	0.52361	0.00717	0.00360	0.00940
25	0.01775	0.01775	0.02485	0.02130	0.02130	0.02485	0.01775	0.01953	0.01243	0.01953	0.01065	0.01775	0.01065	0.01420	0.02663	0.00355	0.69998	0.00710	0.00355	0.00888
26	0.01636	0.01607	0.02428	0.62325	0.05242	0.05929	0.02190	0.02140	0.01647	0.02062	0.01414	0.02103	0.01079	0.00840	0.00890	0.00270	0.04223	0.00708	0.00364	0.00903
27	0.01409	0.00705	0.01057	0.01057	0.01057	0.00705	0.00705	0.01057	0.01057	0.01409	0.01409	0.02467	0.01409	0.02819	0.03171	0.76392	0.00705	0.00705	0.00352	0.00352
28	0.01789	0.02766	0.24366	0.02984	0.03895	0.01946	0.42008	0.02534	0.01838	0.02570	0.01690	0.04646	0.01324	0.00782	0.00902	0.00270	0.01281	0.00896	0.00402	0.01111
29	0.01740	0.10954	0.58280	0.02211	0.03327	0.04776	0.02778	0.02584	0.01731	0.02479	0.01415	0.01662	0.01030	0.00766	0.00744	0.00247	0.01177	0.00580	0.00346	0.01173
30	0.03641	0.01381	0.01883	0.01444	0.02071	0.01193	0.01193	0.03954	0.02322	0.66984	0.03201	0.02762	0.02009	0.01004	0.00816	0.00251	0.00690	0.00816	0.01004	0.01381
31	0.03164	0.01384	0.01804	0.01431	0.01991	0.01273	0.01164	0.05532	0.09120	0.50973	0.10340	0.03142	0.02685	0.01088	0.00833	0.00254	0.00656	0.00899	0.00967	0.01300
32	0.06855	0.08409	0.44386	0.06580	0.07544	0.01989	0.08182	0.02514	0.01707	0.02572	0.01431	0.01747	0.01057	0.00756	0.00756	0.00252	0.01129	0.00625	0.00365	0.01144
33	0.01160	0.00865	0.01284	0.01284	0.01422	0.01003	0.00989	0.01436	0.01298	0.01869	0.02192	0.03290	0.02073	0.09240	0.65174	0.01279	0.02107	0.00884	0.00437	0.00713
34	0.01224	0.00876	0.01170	0.01321	0.01470	0.00860	0.01080	0.01506	0.01734	0.02252	0.04349	0.17176	0.08521	0.11252	0.01489	0.00415	0.00692	0.41201	0.00715	0.00698
35	0.02713	0.04752	0.02005	0.01664	0.06337	0.01543	0.01258	0.17494	0.02571	0.29381	0.12607	0.03397	0.08345	0.01156	0.00835	0.00248	0.00694	0.00950	0.00848	0.01204
36	0.02334	0.01737	0.01851	0.01545	0.01949	0.06275	0.01243	0.28655	0.02616	0.06508	0.05018	0.02527	0.01888	0.01836	0.11635	0.00408	0.05482	0.00780	0.14643	0.01070
37	0.01161	0.00861	0.01260	0.01260	0.01390	0.00990	0.00960	0.01421	0.01291	0.01851	0.02213	0.03410	0.02125	0.12921	0.61564	0.01250	0.02028	0.00902	0.00441	0.00700
38	0.01873	0.01389	0.01642	0.01333	0.01801	0.01327	0.03351	0.08914	0.12752	0.07941	0.03075	0.03477	0.10238	0.12123	0.01293	0.00304	0.00669	0.00910	0.04293	0.21294
39	0.01887	0.02299	0.08887	0.03261	0.04055	0.02069	0.55369	0.02555	0.01858	0.02555	0.01592	0.02130	0.01207	0.00738	0.01055	0.00278	0.05800	0.00917	0.00402	0.01088
40	0.01681	0.01319	0.01511	0.01368	0.01748	0.01383	0.02609	0.02887	0.30659	0.07081	0.11954	0.05039	0.20987	0.01483	0.00898	0.00277	0.00575	0.04704	0.00810	0.01026
41	0.00989	0.00706	0.00942	0.01130	0.01177	0.00659	0.00753	0.01130	0.01554	0.02071	0.04472	0.70954	0.05367	0.02542	0.01036	0.00330	0.00471	0.02307	0.00753	0.00659
42	0.01647	0.04064	0.63139	0.02386	0.03560	0.01896	0.07005	0.02572	0.01727	0.02572	0.01468	0.01745	0.01041	0.00765	0.00783	0.00258	0.01210	0.00623	0.00347	0.01192
43	0.02376	0.51562	0.06762	0.01507	0.02181	0.02804	0.01469	0.06672	0.01863	0.10595	0.01464	0.01576	0.01190	0.00792	0.00694	0.00201	0.04197	0.00524	0.00463	0.01108
44	0.06575	0.01748	0.02087	0.12422	0.12489	0.04387	0.01560	0.04796	0.30947	0.02983	0.02625	0.02696	0.04875	0.00980	0.00789	0.00255	0.00782	0.00821	0.00630	0.05550
45	0.02327	0.06721	0.02201	0.01880	0.05305	0.14050	0.01417	0.12137	0.35563	0.03244	0.04894	0.02548	0.02111	0.01012	0.00791	0.00250	0.00846	0.00800	0.00701	0.01200
46	0.04826	0.01921	0.06273	0.03620	0.06027	0.11116	0.03168	0.06401	0.05062	0.09301	0.14855	0.06665	0.02880	0.01530	0.05607	0.00334	0.07842	0.00946	0.00627	0.00999

[dist]
# distance from previous block
# <min> <max>
0	3

[block]
# block no. 3 follows, 23 sequences, length 68
# corresponding to MSA columns:
# 194-261
name=unknown_D
#
# <colnr> <probs for GDERKNQSTAVLIFYWHMCP>
#	G	D	E	R	K	N	Q	S	T	A	V	L	I	F	Y	W	H	M	C	P
0	0.02463	0.02044	0.08556	0.07384	0.03320	0.01801	0.25003	0.09728	0.05077	0.20582	0.02144	0.02300	0.01489	0.00837	0.00858	0.00258	0.01036	0.00829	0.00630	0.03662
1	0.01859	0.01670	0.02708	0.02214	0.05037	0.01668	0.21834	0.13485	0.08485	0.03093	0.08918	0.17358	0.02916	0.01274	0.00917	0.00272	0.00877	0.01228	0.00649	0.03537
2	0.01643	0.01337	0.02101	0.01708	0.02095	0.01299	0.13446	0.03767	0.01884	0.07693	0.13658	0.18273	0.07742	0.01452	0.01092	0.00269	0.07953	0.01287	0.00653	0.10649
3	0.02385	0.01564	0.01894	0.01592	0.01981	0.07108	0.03584	0.09725	0.02079	0.21975	0.05966	0.02766	0.02076	0.02428	0.19314	0.00540	0.07250	0.00827	0.03896	0.01048
4	0.02305	0.01747	0.02535	0.05689	0.32235	0.01769	0.01831	0.11750	0.06543	0.11635	0.02020	0.02241	0.01531	0.00838	0.00776	0.00234	0.00828	0.00738	0.06881	0.05874
5	0.01627	0.04197	0.67279	0.02313	0.03512	0.01884	0.02998	0.02570	0.01713	0.02570	0.01456	0.01713	0.01028	0.00771	0.00771	0.00257	0.01199	0.00600	0.00343	0.01199
6	0.01016	0.00783	0.00916	0.00985	0.01149	0.00699	0.00702	0.01212	0.01754	0.02238	0.12680	0.30566	0.31768	0.06022	0.01168	0.00324	0.00463	0.04124	0.00754	0.00676
7	0.01088	0.00881	0.00965	0.00948	0.01192	0.00801	0.00702	0.01472	0.06388	0.02497	0.21005	0.10615	0.42041	0.04474	0.01070	0.00292	0.00438	0.01613	0.00782	0.00738
8	0.01390	0.00718	0.01053	0.01060	0.01066	0.00718	0.00710	0.01086	0.01092	0.01454	0.01584	0.02885	0.01624	0.07558	0.03170	0.68640	0.00712	0.02729	0.00375	0.00375
9	0.01532	0.01442	0.02434	0.69533	0.05589	0.01803	0.02253	0.02073	0.01622	0.02073	0.01442	0.02163	0.01082	0.00811	0.00811	0.00270	0.01082	0.00721	0.00361	0.00901
10	0.01099	0.00841	0.01028	0.01141	0.01303	0.00795	0.00851	0.01423	0.05194	0.02249	0.05456	0.36902	0.22615	0.02263	0.01019	0.00319	0.00517	0.13511	0.00756	0.00718
11	0.43536	0.01677	0.01545	0.01294	0.01811	0.01879	0.01059	0.18812	0.04525	0.07456	0.01685	0.01789	0.01247	0.00857	0.00620	0.00244	0.00679	0.00585	0.07655	0.01044
12	0.02074	0.01650	0.01748	0.01536	0.01989	0.01851	0.01205	0.11617	0.45013	0.05359	0.03525	0.03313	0.08081	0.01158	0.00818	0.00264	0.00637	0.00951	0.06002	0.01209
13	0.01627	0.04197	0.67279	0.02313	0.03512	0.01884	0.02998	0.02570	0.01713	0.02570	0.01456	0.01713	0.01028	0.00771	0.00771	0.00257	0.01199	0.00600	0.00343	0.01199
14	0.00985	0.00823	0.00860	0.00872	0.01130	0.00699	0.00659	0.01204	0.01861	0.02251	0.10802	0.10178	0.58235	0.02062	0.00969	0.00279	0.00426	0.04255	0.00760	0.00691
15	0.00999	0.00711	0.00938	0.01116	0.01161	0.00666	0.00739	0.01133	0.01533	0.02044	0.04367	0.67337	0.05234	0.06341	0.01206	0.00355	0.00488	0.02245	0.00739	0.00650
16	0.01777	0.01796	0.02675	0.05030	0.02450	0.02421	0.06942	0.02012	0.01315	0.02012	0.01129	0.01826	0.01080	0.01334	0.02444	0.00345	0.61418	0.00731	0.00360	0.00905
17	0.01830	0.01886	0.02738	0.02274	0.02378	0.04463	0.08682	0.02065	0.01351	0.02026	0.01136	0.01812	0.01083	0.01320	0.02412	0.00341	0.60197	0.00732	0.00363	0.00912
18	0.01580	0.01510	0.02121	0.04777	0.02054	0.02028	0.01556	0.01765	0.01332	0.01986	0.01881	0.18022	0.02075	0.01657	0.02202	0.00345	0.50740	0.01085	0.00449	0.00835
19	0.01738	0.01475	0.01712	0.01228	0.01946	0.01138	0.00984	0.04469	0.01766	0.02741	0.01462	0.01693	0.01209	0.00616	0.00609	0.00125	0.00612	0.00491	0.00494	0.73491
20	0.02727	0.08574	0.02576	0.05568	0.10039	0.49889	0.01702	0.02986	0.02124	0.02060	0.01278	0.01560	0.01075	0.00834	0.00804	0.00219	0.04039	0.00556	0.00406	0.00984
21	0.03049	0.02097	0.02364	0.01950	0.05628	0.02268	0.01525	0.48648	0.07033	0.13766	0.02185	0.02130	0.01529	0.00973	0.00813	0.00246	0.00853	0.00753	0.00820	0.01370
22	0.02121	0.02077	0.05912	0.05596	0.33431	0.04471	0.02021	0.09121	0.20786	0.03068	0.02079	0.02275	0.01620	0.00870	0.00807	0.00252	0.00896	0.00768	0.00565	0.01264
23	0.04154	0.01055	0.01192	0.01256	0.01452	0.04713	0.00940	0.01537	0.01722	0.02346	0.08352	0.39718	0.04534	0.02044	0.00963	0.00301	0.00597	0.13672	0.00705	0.08749
24	0.01714	0.11682	0.49848	0.02404	0.07944	0.02007	0.05458	0.02509	0.01747	0.02526	0.03885	0.01874	0.01310	0.00788	0.00760	0.00247	0.01120	0.00639	0.00372	0.01166
25	0.02193	0.65158	0.04078	0.01448	0.02106	0.03142	0.01415	0.05308	0.01731	0.02063	0.01164	0.01356	0.01059	0.00744	0.00642	0.00186	0.04329	0.00462	0.00369	0.01050
26	0.01167	0.00835	0.01112	0.01107	0.01226	0.00898	0.00801	0.01380	0.01394	0.01967	0.07143	0.04295	0.07095	0.23652	0.37720	0.00962	0.01453	0.01051	0.04082	0.00661
27	0.02888	0.03657	0.02198	0.02003	0.02411	0.63572	0.01502	0.03097	0.02268	0.02000	0.01734	0.01901	0.05528	0.00920	0.00747	0.00214	0.01391	0.00605	0.00441	0.00923
28	0.02364	0.06788	0.02009	0.01554	0.01994	0.14032	0.01249	0.15526	0.05873	0.11484	0.08694	0.03440	0.14264	0.01236	0.00947	0.00250	0.05609	0.00942	0.00697	0.01051
29	0.01085	0.00831	0.00923	0.00951	0.01105	0.00775	0.00647	0.01325	0.04602	0.02088	0.07784	0.20070	0.30125	0.21863	0.01871	0.00431	0.00540	0.01639	0.00688	0.00656
30	0.01144	0.00848	0.01239	0.01258	0.01383	0.00963	0.00952	0.01399	0.01320	0.01881	0.02427	0.10021	0.02422	0.10268	0.57190	0.01172	0.01909	0.01033	0.00470	0.00702
31	0.01694	0.12486	0.59571	0.02200	0.03337	0.02047	0.02801	0.02553	0.01705	0.02489	0.01416	0.01663	0.01030	0.00762	0.00740	0.00247	0.01159	0.00579	0.00343	0.01180
32	0.01573	0.01544	0.02811	0.51284	0.05007	0.01774	0.14659	0.02115	0.01678	0.02181	0.01693	0.06935	0.01409	0.00905	0.00857	0.00275	0.01098	0.00879	0.00398	0.00924
33	0.01218	0.00883	0.01195	0.01356	0.01529	0.00860	0.01135	0.01538	0.01830	0.02375	0.06709	0.18853	0.10760	0.02253	0.01086	0.00353	0.00659	0.43926	0.00754	0.00728
34	0.02008	0.01928	0.03294	0.04981	0.66422	0.01928	0.02490	0.02490	0.01848	0.02651	0.01526	0.02008	0.01285	0.00723	0.00803	0.00241	0.00964	0.00723	0.00402	0.01285
35	0.02386	0.02792	0.02395	0.02111	0.02314	0.34444	0.01674	0.02579	0.01756	0.01969	0.01157	0.01624	0.01055	0.01136	0.01724	0.00284	0.36681	0.00619	0.00386	0.00913
36	0.02426	0.01819	0.01955	0.01581	0.02072	0.01984	0.01259	0.39963	0.10540	0.04122	0.06494	0.03264	0.08431	0.08915	0.01202	0.00311	0.00774	0.00942	0.00777	0.01166
37	0.73820	0.01601	0.01250	0.01104	0.01613	0.01852	0.00909	0.05194	0.01492	0.03708	0.01167	0.01347	0.00902	0.00763	0.00516	0.00251	0.00640	0.00453	0.00516	0.00902
38	0.01242	0.00889	0.01115	0.01038	0.01221	0.00849	0.00759	0.04324	0.02192	0.03077	0.53182	0.05756	0.06636	0.12501	0.01444	0.00337	0.00469	0.01389	0.00827	0.00751
39	0.01830	0.01736	0.02943	0.20899	0.47443	0.01823	0.02331	0.02307	0.01774	0.02473	0.01675	0.06029	0.01470	0.00850	0.00819	0.00253	0.00965	0.00814	0.00412	0.01153
40	0.07426	0.02433	0.02320	0.02016	0.02267	0.24979	0.04816	0.04688	0.01775	0.02243	0.01489	0.07569	0.01433	0.01212	0.01548	0.00287	0.29366	0.00777	0.00441	0.00915
41	0.01164	0.00850	0.01204	0.01204	0.01315	0.00960	0.00890	0.01385	0.01275	0.01810	0.02265	0.03693	0.02248	0.21663	0.52990	0.01181	0.01843	0.00943	0.00448	0.00669
42	0.01657	0.01055	0.01470	0.01392	0.01634	0.01010	0.04755	0.07858	0.01917	0.12294	0.03854	0.49494	0.04205	0.02038	0.00975	0.00306	0.00601	0.01840	0.00776	0.00867
43	0.01751	0.01553	0.02493	0.03540	0.39544	0.01566	0.01998	0.02279	0.04843	0.02604	0.02630	0.04687	0.02588	0.01300	0.00921	0.00291	0.00869	0.22907	0.00549	0.01087
44	0.01018	0.00830	0.00904	0.00903	0.01155	0.00716	0.00689	0.01269	0.01939	0.02417	0.19450	0.07545	0.50713	0.01988	0.00969	0.00276	0.00426	0.05307	0.00781	0.00705
45	0.02138	0.01360	0.01424	0.01198	0.01570	0.01457	0.00955	0.26491	0.02543	0.03856	0.02369	0.02597	0.01801	0.00957	0.00665	0.00211	0.00583	0.00746	0.46075	0.01004
46	0.00989	0.00706	0.00942	0.01130	0.01177	0.00659	0.00753	0.01130	0.01554	0.02071	0.04472	0.70954	0.05367	0.02542	0.01036	0.00330	0.00471	0.02307	0.00753	0.00659
47	0.01665	0.08867	0.62936	0.02249	0.03413	0.01976	0.02887	0.02560	0.01709	0.02524	0.01434	0.01685	0.01029	0.00766	0.00754	0.00251	0.01176	0.00588	0.00343	0.01188
48	0.01783	0.01797	0.02607	0.02199	0.02242	0.02462	0.05046	0.01987	0.01278	0.01987	0.01096	0.01797	0.01074	0.01381	0.02572	0.00351	0.66360	0.00723	0.00358	0.00899
49	0.02867	0.01752	0.01965	0.01545	0.02082	0.01844	0.01253	0.36902	0.02996	0.18990	0.02380	0.02502	0.01725	0.05312	0.00981	0.00271	0.00764	0.00782	0.11852	0.01234
50	0.01179	0.00791	0.00909	0.00909	0.00918	0.00800	0.00522	0.01196	0.01187	0.01591	0.02535	0.05187	0.02897	0.67707	0.07834	0.00817	0.00867	0.01162	0.00488	0.00505
51	0.01775	0.01775	0.02485	0.02130	0.02130	0.02485	0.01775	0.01953	0.01243	0.01953	0.01065	0.01775	0.01065	0.01420	0.02663	0.00355	0.69998	0.00710	0.00355	0.00888
52	0.00989	0.00706	0.00942	0.01130	0.01177	0.00659	0.00753	0.01130	0.01554	0.02071	0.04472	0.70954	0.05367	0.02542	0.01036	0.00330	0.00471	0.02307	0.00753	0.00659
53	0.01071	0.00765	0.01037	0.01225	0.01308	0.00731	0.00897	0.01273	0.01635	0.02164	0.04427	0.54895	0.05186	0.02464	0.01058	0.00341	0.00543	0.17548	0.00752	0.00682
54	0.01012	0.00724	0.00962	0.01114	0.01182	0.00674	0.00755	0.01188	0.01661	0.02242	0.13345	0.61595	0.05697	0.02415	0.01024	0.00319	0.00458	0.02186	0.00773	0.00674
55	0.02252	0.02434	0.02169	0.01932	0.02181	0.25807	0.01516	0.06827	0.08618	0.02350	0.01822	0.09729	0.01723	0.01274	0.01461	0.00284	0.25311	0.00849	0.00505	0.00957
56	0.67957	0.01652	0.01476	0.01252	0.01782	0.01881	0.04374	0.06623	0.01578	0.03685	0.01214	0.01410	0.00933	0.00765	0.00549	0.00252	0.00687	0.00488	0.00518	0.00925
57	0.01955	0.04539	0.03766	0.02921	0.07210	0.06715	0.35547	0.02443	0.01757	0.02400	0.01497	0.02035	0.01214	0.00887	0.01310	0.00279	0.17815	0.00826	0.03856	0.01028
58	0.01115	0.00866	0.00974	0.00978	0.01192	0.00772	0.00718	0.01303	0.01662	0.02101	0.05602	0.10323	0.34042	0.18898	0.01733	0.00406	0.00568	0.10211	0.00670	0.05866
59	0.01789	0.21894	0.39522	0.02120	0.03056	0.02254	0.07739	0.02467	0.01676	0.02342	0.01389	0.01697	0.01085	0.00953	0.03067	0.00276	0.04602	0.00601	0.00353	0.01116
60	0.05041	0.32895	0.27305	0.01794	0.02634	0.08271	0.01974	0.02673	0.04069	0.04537	0.01413	0.01584	0.01116	0.00763	0.00653	0.00217	0.01020	0.00535	0.00398	0.01106
61	0.03641	0.01381	0.01883	0.01444	0.02071	0.01193	0.01193	0.03954	0.02322	0.66984	0.03201	0.02762	0.02009	0.01004	0.00816	0.00251	0.00690	0.00816	0.01004	0.01381
62	0.01916	0.01818	0.03081	0.09154	0.57711	0.01839	0.02354	0.02395	0.01863	0.02653	0.05988	0.02300	0.01713	0.00794	0.00815	0.00244	0.00932	0.00774	0.00433	0.01223
63	0.01726	0.01783	0.03016	0.44203	0.04817	0.05439	0.17404	0.02256	0.01701	0.02190	0.01452	0.02102	0.01116	0.00829	0.00989	0.00275	0.06607	0.00769	0.00376	0.00950
64	0.01911	0.02117	0.04362	0.03264	0.06216	0.02086	0.52194	0.02626	0.05192	0.02583	0.01672	0.02188	0.01284	0.00776	0.01104	0.00280	0.07703	0.00924	0.00427	0.01092
65	0.00998	0.00714	0.00950	0.01123	0.01179	0.00666	0.00754	0.01155	0.01599	0.02144	0.08255	0.66964	0.05508	0.02488	0.01031	0.00325	0.00465	0.02255	0.00762	0.00666
66	0.03041	0.02187	0.02363	0.01829	0.02464	0.02409	0.01505	0.56307	0.07969	0.08404	0.02111	0.02068	0.01491	0.00985	0.00813	0.00246	0.00864	0.00748	0.00823	0.01373
67	0.01566	0.01351	0.03700	0.01202	0.01543	0.05954	0.00965	0.05350	0.06564	0.06837	0.29191	0.05466	0.24014	0.01572	0.00908	0.00258	0.00566	0.01323	0.00792	0.00877

[dist]
# distance from previous block
# <min> <max>
0	14

[block]
# block no. 4 follows, 23 sequences, length 26
# corresponding to MSA columns:
# 276-301
name=unknown_E
#
# <colnr> <probs for GDERKNQSTAVLIFYWHMCP>
#	G	D	E	R	K	N	Q	S	T	A	V	L	I	F	Y	W	H	M	C	P
0	0.01736	0.08034	0.03599	0.02678	0.06136	0.01836	0.35722	0.02229	0.01788	0.02413	0.02203	0.13681	0.02120	0.01130	0.01005	0.00278	0.04330	0.05336	0.00483	0.03263
1	0.01968	0.10228	0.07129	0.23694	0.17686	0.04342	0.02014	0.07224	0.12662	0.02664	0.01773	0.02104	0.01377	0.00837	0.00772	0.00248	0.00962	0.00707	0.00482	0.01126
2	0.01694	0.01294	0.01651	0.01805	0.09186	0.01360	0.01247	0.02582	0.20649	0.07646	0.06826	0.16941	0.09740	0.01613	0.00984	0.00295	0.02913	0.09828	0.00746	0.01001
3	0.02058	0.02039	0.03129	0.06754	0.50924	0.06506	0.05184	0.02700	0.07705	0.02650	0.01674	0.02079	0.01369	0.00767	0.00808	0.00245	0.00992	0.00738	0.00441	0.01238
4	0.00989	0.00706	0.00942	0.01130	0.01177	0.00659	0.00753	0.01130	0.01554	0.02071	0.04472	0.70954	0.05367	0.02542	0.01036	0.00330	0.00471	0.02307	0.00753	0.00659
5	0.00969	0.00822	0.00836	0.00833	0.01102	0.00689	0.00625	0.01184	0.01874	0.02249	0.11324	0.07715	0.62953	0.02034	0.00959	0.00273	0.00409	0.01699	0.00761	0.00689
6	0.01837	0.01951	0.03693	0.12330	0.06751	0.02116	0.34172	0.02440	0.04558	0.02406	0.01543	0.02114	0.01229	0.00902	0.01340	0.00292	0.18033	0.00851	0.00408	0.01035
7	0.08589	0.01457	0.01875	0.01448	0.02069	0.01329	0.01196	0.08075	0.02364	0.58314	0.02972	0.02606	0.01888	0.00985	0.00794	0.00251	0.00701	0.00784	0.00957	0.01347
8	0.01159	0.00869	0.01304	0.01304	0.01449	0.01014	0.01014	0.01449	0.01304	0.01884	0.02173	0.03188	0.02029	0.06086	0.68268	0.01304	0.02173	0.00869	0.00435	0.00724
9	0.01746	0.01415	0.02048	0.39655	0.03848	0.01704	0.01733	0.09948	0.01894	0.02676	0.01758	0.02306	0.01351	0.00910	0.00897	0.00255	0.06200	0.00730	0.17999	0.00928
10	0.46945	0.01857	0.01700	0.01394	0.01956	0.02105	0.01150	0.27428	0.02375	0.04242	0.01464	0.01575	0.01083	0.00843	0.00629	0.00248	0.00736	0.00558	0.00629	0.01083
11	0.01084	0.00760	0.00974	0.01066	0.01111	0.00758	0.00696	0.01195	0.01380	0.01862	0.03434	0.36994	0.03992	0.28219	0.12096	0.00640	0.00838	0.01683	0.00611	0.00608
12	0.00989	0.00706	0.00942	0.01130	0.01177	0.00659	0.00753	0.01130	0.01554	0.02071	0.04472	0.70954	0.05367	0.02542	0.01036	0.00330	0.00471	0.02307	0.00753	0.00659
13	0.07995	0.62911	0.03922	0.01389	0.02066	0.03067	0.01357	0.05627	0.01741	0.02210	0.01171	0.01337	0.01046	0.00713	0.00534	0.00183	0.00851	0.00450	0.00383	0.01046
14	0.01159	0.00869	0.01304	0.01304	0.01449	0.01014	0.01014	0.01449	0.01304	0.01884	0.02173	0.03188	0.02029	0.06086	0.68268	0.01304	0.02173	0.00869	0.00435	0.00724
15	0.01028	0.00784	0.00899	0.00961	0.01109	0.00707	0.00668	0.01191	0.01663	0.02106	0.08745	0.27094	0.31208	0.14302	0.01541	0.00383	0.00505	0.03743	0.00714	0.00649
16	0.01422	0.01204	0.01230	0.01168	0.01482	0.03658	0.00904	0.07343	0.11254	0.02687	0.09223	0.10635	0.36551	0.01799	0.00935	0.00279	0.00557	0.06054	0.00763	0.00852
17	0.01409	0.00705	0.01057	0.01057	0.01057	0.00705	0.00705	0.01057	0.01057	0.01409	0.01409	0.02467	0.01409	0.02819	0.03171	0.76392	0.00705	0.00705	0.00352	0.00352
18	0.01741	0.01321	0.01274	0.05817	0.01627	0.08847	0.00932	0.06121	0.01848	0.02718	0.02714	0.03146	0.07512	0.04065	0.01027	0.03816	0.04014	0.00823	0.39835	0.00800
19	0.02273	0.27977	0.19254	0.01741	0.02490	0.06898	0.01790	0.12196	0.02134	0.07665	0.03860	0.02174	0.01567	0.00899	0.00711	0.00226	0.00960	0.03541	0.00512	0.01130
20	0.01897	0.01800	0.03053	0.09132	0.57207	0.01822	0.02340	0.02357	0.01809	0.02566	0.01747	0.07327	0.01585	0.00869	0.00822	0.00250	0.00934	0.00845	0.00426	0.01211
21	0.01888	0.01792	0.03042	0.16687	0.52199	0.01858	0.02391	0.02376	0.01807	0.02534	0.01641	0.02372	0.01407	0.00810	0.00820	0.00253	0.00975	0.03549	0.00410	0.01189
22	0.06674	0.02078	0.02260	0.04986	0.02504	0.09592	0.05590	0.27903	0.07178	0.13948	0.02128	0.02286	0.01566	0.04340	0.00951	0.00271	0.00916	0.00756	0.02881	0.01194
23	0.06308	0.01829	0.01996	0.04448	0.02324	0.04968	0.01347	0.16856	0.24447	0.22622	0.02703	0.02524	0.01899	0.01004	0.00799	0.00257	0.00767	0.00797	0.00822	0.01283
24	0.01891	0.01303	0.01547	0.06854	0.01948	0.03817	0.01109	0.06931	0.07301	0.13929	0.09545	0.17195	0.11472	0.06291	0.01212	0.00313	0.04374	0.01291	0.00737	0.00939
25	0.02780	0.09606	0.02493	0.01736	0.02350	0.02400	0.01446	0.50153	0.03334	0.04452	0.02018	0.06748	0.01618	0.01039	0.00788	0.00237	0.00848	0.00800	0.00744	0.04410

[dist]
# distance from previous block
# <min> <max>
1	11

[block]
# block no. 5 follows, 23 sequences, length 87
# corresponding to MSA columns:
# 313-399
name=unknown_F
#
# <colnr> <probs for GDERKNQSTAVLIFYWHMCP>
#	G	D	E	R	K	N	Q	S	T	A	V	L	I	F	Y	W	H	M	C	P
0	0.05096	0.14254	0.11340	0.01514	0.02079	0.07011	0.01402	0.11315	0.02154	0.08378	0.10479	0.08940	0.02522	0.01100	0.00752	0.00232	0.00796	0.00877	0.05461	0.04297
1	0.18487	0.08009	0.02051	0.01461	0.02032	0.01979	0.01217	0.25207	0.05012	0.14037	0.05120	0.02172	0.01722	0.00931	0.00710	0.00235	0.00733	0.00692	0.04201	0.03993
2	0.02495	0.24151	0.11586	0.01705	0.02372	0.06607	0.01614	0.17082	0.05217	0.11341	0.04272	0.01993	0.01570	0.00905	0.00791	0.00229	0.03655	0.00655	0.00589	0.01174
3	0.02588	0.03050	0.02108	0.01898	0.02274	0.45440	0.01450	0.06105	0.07185	0.02273	0.02129	0.02300	0.07344	0.01222	0.03448	0.00275	0.06753	0.00705	0.00498	0.00954
4	0.01862	0.02005	0.03959	0.09018	0.06258	0.02019	0.42557	0.02532	0.04903	0.02525	0.01627	0.02149	0.01261	0.00794	0.01100	0.00273	0.08780	0.00873	0.00424	0.05081
5	0.11883	0.14649	0.39868	0.01911	0.02854	0.02094	0.02240	0.04874	0.04888	0.05446	0.01542	0.01711	0.01136	0.00789	0.00700	0.00243	0.01009	0.00581	0.00433	0.01149
6	0.01268	0.00916	0.01255	0.01428	0.01615	0.00903	0.01231	0.01619	0.01853	0.02395	0.04604	0.11628	0.09405	0.02240	0.01105	0.00364	0.00710	0.53973	0.00748	0.00739
7	0.01765	0.01919	0.06078	0.06865	0.02646	0.02365	0.07959	0.02057	0.01359	0.02057	0.01168	0.01839	0.01081	0.01272	0.02270	0.00336	0.54948	0.00730	0.00360	0.00925
8	0.02735	0.02677	0.02225	0.05018	0.02536	0.26442	0.01507	0.26289	0.13497	0.03427	0.02127	0.02176	0.03766	0.00977	0.00790	0.00239	0.01051	0.00721	0.00647	0.01155
9	0.01294	0.00993	0.01418	0.01367	0.01521	0.01173	0.01067	0.04534	0.01418	0.02034	0.02108	0.03127	0.01974	0.08345	0.57974	0.01169	0.06411	0.00866	0.00451	0.00757
10	0.01179	0.00791	0.00907	0.00907	0.00914	0.00799	0.00519	0.01194	0.01186	0.01589	0.02537	0.05200	0.02902	0.68083	0.07465	0.00814	0.00859	0.01164	0.00489	0.00504
11	0.01532	0.01442	0.02434	0.69533	0.05589	0.01803	0.02253	0.02073	0.01622	0.02073	0.01442	0.02163	0.01082	0.00811	0.00811	0.00270	0.01082	0.00721	0.00361	0.00901
12	0.01874	0.02090	0.04410	0.03198	0.03937	0.02009	0.55748	0.02576	0.04340	0.02580	0.01804	0.05160	0.01451	0.00811	0.01028	0.00279	0.04188	0.01004	0.00439	0.01074
13	0.03445	0.01471	0.01916	0.01479	0.02088	0.01346	0.01218	0.11695	0.02517	0.55711	0.06126	0.02817	0.02204	0.01033	0.00822	0.00250	0.00702	0.00837	0.00974	0.01351
14	0.03033	0.02162	0.02331	0.01796	0.02422	0.02375	0.01481	0.58194	0.03650	0.07673	0.02035	0.02035	0.01440	0.00974	0.00800	0.00241	0.00860	0.00735	0.04412	0.01350
15	0.01265	0.00940	0.01165	0.01105	0.01332	0.00903	0.00846	0.04665	0.04958	0.03138	0.47559	0.09116	0.12657	0.01719	0.00959	0.00268	0.00449	0.05295	0.00856	0.00804
16	0.02726	0.03169	0.02197	0.01971	0.02393	0.45663	0.01504	0.06346	0.18114	0.02489	0.01796	0.01894	0.01423	0.00934	0.00840	0.00233	0.04089	0.00640	0.00537	0.01046
17	0.00989	0.00706	0.00942	0.01130	0.01177	0.00659	0.00753	0.01130	0.01554	0.02071	0.04472	0.70954	0.05367	0.02542	0.01036	0.00330	0.00471	0.02307	0.00753	0.00659
18	0.01952	0.02145	0.07061	0.04219	0.38223	0.01976	0.27120	0.02538	0.01868	0.02626	0.01569	0.02067	0.01251	0.00710	0.00864	0.00255	0.01139	0.00812	0.00402	0.01204
19	0.01742	0.18509	0.53970	0.02118	0.03210	0.02165	0.02658	0.02540	0.01700	0.02430	0.01387	0.01626	0.01031	0.00755	0.00718	0.00239	0.01129	0.00565	0.00344	0.01166
20	0.00969	0.00822	0.00836	0.00833	0.01102	0.00689	0.00624	0.01184	0.01873	0.02249	0.11295	0.07716	0.62983	0.02034	0.00959	0.00273	0.00410	0.01699	0.00761	0.00689
21	0.01009	0.00747	0.00936	0.01067	0.01171	0.00685	0.00738	0.01179	0.01648	0.02147	0.08010	0.50181	0.17852	0.04878	0.01131	0.00333	0.00477	0.04395	0.00750	0.00667
22	0.02133	0.01891	0.03075	0.10548	0.52153	0.01939	0.02326	0.08125	0.02027	0.05577	0.01629	0.02049	0.01306	0.00766	0.00805	0.00244	0.00957	0.00727	0.00461	0.01262
23	0.02220	0.02539	0.02676	0.02217	0.02624	0.28138	0.16158	0.05049	0.01998	0.02278	0.02094	0.11183	0.04671	0.01173	0.01121	0.00266	0.11220	0.00953	0.00483	0.00939
24	0.01683	0.01442	0.01683	0.01202	0.01923	0.01082	0.00961	0.02043	0.01683	0.02644	0.01442	0.01683	0.01202	0.00601	0.00601	0.00120	0.00601	0.00481	0.00481	0.76444
25	0.77215	0.01569	0.01193	0.01067	0.01569	0.01820	0.00879	0.02385	0.01381	0.03641	0.01130	0.01318	0.00879	0.00753	0.00502	0.00251	0.00628	0.00439	0.00502	0.00879
26	0.01178	0.00877	0.01102	0.01037	0.01250	0.00825	0.00780	0.01647	0.05592	0.03168	0.57602	0.06053	0.12493	0.01664	0.00950	0.00258	0.00399	0.01460	0.00877	0.00786
27	0.01409	0.00705	0.01057	0.01057	0.01057	0.00705	0.00705	0.01057	0.01057	0.01409	0.01409	0.02467	0.01409	0.02819	0.03171	0.76392	0.00705	0.00705	0.00352	0.00352
28	0.02169	0.71972	0.04252	0.01388	0.02083	0.03211	0.01388	0.02430	0.01649	0.01909	0.01128	0.01302	0.01041	0.00694	0.00521	0.00174	0.00868	0.00434	0.00347	0.01041
29	0.01752	0.01483	0.01720	0.01235	0.01952	0.01153	0.00990	0.05093	0.01788	0.02766	0.01467	0.01696	0.01211	0.00619	0.00611	0.00126	0.00615	0.00493	0.00497	0.72731
30	0.01180	0.00787	0.00885	0.00885	0.00885	0.00787	0.00492	0.01180	0.01180	0.01573	0.02557	0.05310	0.02950	0.71483	0.04130	0.00787	0.00787	0.01180	0.00492	0.00492
31	0.01039	0.00825	0.00933	0.00906	0.01145	0.00719	0.00680	0.01320	0.02039	0.02641	0.32665	0.07069	0.41367	0.01887	0.00958	0.00266	0.00399	0.01609	0.00813	0.00719
32	0.01049	0.00795	0.01144	0.01230	0.01334	0.00752	0.03652	0.01238	0.01601	0.02145	0.07276	0.57939	0.07373	0.02624	0.05347	0.00384	0.00615	0.02090	0.00724	0.00689
33	0.21335	0.01884	0.01934	0.04888	0.02253	0.02107	0.01301	0.38329	0.02859	0.04358	0.01798	0.01924	0.01320	0.00908	0.00707	0.00241	0.00778	0.00660	0.09258	0.01160
34	0.01182	0.00862	0.01269	0.01269	0.01417	0.00998	0.00986	0.01477	0.01330	0.01957	0.02204	0.03177	0.02032	0.05755	0.63916	0.01232	0.02058	0.00862	0.05292	0.00727
35	0.01106	0.00828	0.01026	0.00977	0.01186	0.00748	0.00732	0.01450	0.02197	0.03018	0.53146	0.06450	0.20651	0.01747	0.00957	0.00259	0.00389	0.01522	0.00862	0.00748
36	0.02037	0.20529	0.33879	0.02004	0.02846	0.14024	0.02203	0.02716	0.05068	0.02318	0.01418	0.01639	0.01111	0.00811	0.00793	0.00233	0.04315	0.00567	0.00383	0.01105
37	0.01308	0.00934	0.01308	0.01494	0.01681	0.00934	0.01308	0.01681	0.01868	0.02428	0.04296	0.09153	0.04670	0.02242	0.01121	0.00374	0.00747	0.60960	0.00747	0.00747
38	0.00989	0.00706	0.00942	0.01130	0.01177	0.00659	0.00753	0.01130	0.01554	0.02071	0.04472	0.70954	0.05367	0.02542	0.01036	0.00330	0.00471	0.02307	0.00753	0.00659
39	0.01679	0.10698	0.61234	0.02224	0.03375	0.02012	0.02844	0.02556	0.01707	0.02506	0.01425	0.01674	0.01029	0.00764	0.00747	0.00249	0.01167	0.00584	0.00343	0.01184
40	0.01178	0.00794	0.00921	0.00921	0.00934	0.00806	0.00537	0.01203	0.01191	0.01600	0.02524	0.05127	0.02871	0.65845	0.09660	0.00831	0.00906	0.01153	0.00487	0.00512
41	0.01203	0.00924	0.01408	0.01495	0.04827	0.01062	0.01091	0.01503	0.01332	0.01924	0.02140	0.03126	0.01990	0.05807	0.64760	0.01249	0.02111	0.00862	0.00433	0.00754
42	0.14598	0.10727	0.22108	0.02100	0.05600	0.20966	0.04954	0.05527	0.01931	0.02630	0.01344	0.01580	0.01048	0.00781	0.00701	0.00233	0.01128	0.00563	0.00418	0.01063
43	0.02157	0.59511	0.06567	0.01586	0.02259	0.06091	0.04299	0.02457	0.01674	0.01972	0.01167	0.01389	0.01051	0.00739	0.00666	0.00192	0.04350	0.00482	0.00353	0.01038
44	0.01907	0.02448	0.13236	0.02629	0.05909	0.07842	0.18348	0.02355	0.01612	0.02256	0.01317	0.01859	0.01112	0.01042	0.01665	0.00300	0.32030	0.00743	0.00375	0.01014
45	0.01834	0.09157	0.41950	0.04337	0.09660	0.02012	0.02486	0.07851	0.05037	0.02797	0.04261	0.01988	0.01435	0.00832	0.00768	0.00248	0.01056	0.00665	0.00437	0.01188
46	0.18631	0.02964	0.35623	0.01986	0.02857	0.01837	0.07757	0.05317	0.04909	0.03020	0.06343	0.02069	0.01596	0.00851	0.00746	0.00257	0.00984	0.00683	0.00471	0.01098
47	0.03641	0.01381	0.01883	0.01444	0.02071	0.01193	0.01193	0.03954	0.02322	0.66984	0.03201	0.02762	0.02009	0.01004	0.00816	0.00251	0.00690	0.00816	0.01004	0.01381
48	0.01122	0.01017	0.04742	0.01442	0.04242	0.00849	0.03632	0.01346	0.01602	0.02169	0.06376	0.55778	0.04760	0.05428	0.01148	0.00338	0.00581	0.02005	0.00695	0.00730
49	0.02245	0.02302	0.06539	0.05969	0.30821	0.09825	0.13235	0.08067	0.04820	0.05745	0.01699	0.02040	0.01319	0.00786	0.00824	0.00247	0.01080	0.00749	0.00482	0.01204
50	0.01237	0.00846	0.01091	0.01032	0.01240	0.00772	0.00773	0.01587	0.02215	0.05991	0.54698	0.10219	0.11792	0.01717	0.00956	0.00261	0.00405	0.01511	0.00878	0.00780
51	0.00989	0.00706	0.00942	0.01130	0.01177	0.00659	0.00753	0.01130	0.01554	0.02071	0.04472	0.70954	0.05367	0.02542	0.01036	0.00330	0.00471	0.02307	0.00753	0.00659
52	0.02482	0.03306	0.13869	0.02804	0.14888	0.34301	0.08615	0.05699	0.02143	0.02420	0.01413	0.01709	0.01123	0.00794	0.00780	0.00232	0.01288	0.00630	0.00419	0.01086
53	0.02327	0.34624	0.14122	0.05317	0.02645	0.24182	0.01763	0.02700	0.01871	0.02054	0.01241	0.01469	0.01042	0.00760	0.00647	0.00204	0.01129	0.00506	0.00370	0.01028
54	0.01159	0.00869	0.01304	0.01304	0.01449	0.01014	0.01014	0.01449	0.01304	0.01884	0.02173	0.03188	0.02029	0.06086	0.68268	0.01304	0.02173	0.00869	0.00435	0.00724
55	0.03641	0.01381	0.01883	0.01444	0.02071	0.01193	0.01193	0.03954	0.02322	0.66984	0.03201	0.02762	0.02009	0.01004	0.00816	0.00251	0.00690	0.00816	0.01004	0.01381
56	0.01183	0.00904	0.01331	0.01322	0.01450	0.01063	0.01021	0.01450	0.01307	0.01883	0.02229	0.06025	0.02155	0.08158	0.59832	0.01197	0.05388	0.00933	0.00446	0.00721
57	0.02377	0.55596	0.03782	0.01557	0.02185	0.18844	0.01432	0.02625	0.01805	0.01928	0.01158	0.01341	0.01042	0.00728	0.00571	0.00182	0.01011	0.00455	0.00364	0.01017
58	0.02646	0.12776	0.02887	0.02703	0.19605	0.22907	0.01782	0.19582	0.02501	0.03015	0.01500	0.01720	0.01201	0.00823	0.00742	0.00222	0.01086	0.00621	0.00512	0.01169
59	0.02658	0.05554	0.12556	0.07960	0.02886	0.08156	0.01799	0.34895	0.05627	0.07247	0.01854	0.01950	0.01335	0.00911	0.00787	0.00244	0.00986	0.00691	0.00654	0.01251
60	0.01179	0.00790	0.00903	0.00903	0.00909	0.00796	0.00514	0.01192	0.01185	0.01587	0.02540	0.05219	0.02911	0.68684	0.06876	0.00809	0.00846	0.01167	0.00489	0.00502
61	0.01683	0.01442	0.01683	0.01202	0.01923	0.01082	0.00961	0.02043	0.01683	0.02644	0.01442	0.01683	0.01202	0.00601	0.00601	0.00120	0.00601	0.00481	0.00481	0.76444
62	0.02053	0.01529	0.01782	0.01323	0.01993	0.01292	0.01063	0.11592	0.02064	0.09200	0.01829	0.05028	0.01499	0.00786	0.00674	0.00161	0.00648	0.00636	0.00594	0.54253
63	0.03031	0.03867	0.02299	0.02090	0.02508	0.68226	0.01568	0.03240	0.02299	0.01986	0.01254	0.01463	0.01045	0.00836	0.00732	0.00209	0.01463	0.00523	0.00418	0.00941
64	0.01683	0.01442	0.01683	0.01202	0.01923	0.01082	0.00961	0.02043	0.01683	0.02644	0.01442	0.01683	0.01202	0.00601	0.00601	0.00120	0.00601	0.00481	0.00481	0.76444
65	0.03031	0.03867	0.02299	0.02090	0.02508	0.68226	0.01568	0.03240	0.02299	0.01986	0.01254	0.01463	0.01045	0.00836	0.00732	0.00209	0.01463	0.00523	0.00418	0.00941
66	0.03641	0.01381	0.01883	0.01444	0.02071	0.01193	0.01193	0.03954	0.02322	0.66984	0.03201	0.02762	0.02009	0.01004	0.00816	0.00251	0.00690	0.00816	0.01004	0.01381
67	0.01781	0.01793	0.02582	0.02185	0.02219	0.02467	0.04371	0.01980	0.01271	0.01980	0.01089	0.01793	0.01072	0.01389	0.02591	0.00352	0.67111	0.00721	0.00357	0.00896
68	0.01126	0.00829	0.01054	0.00997	0.01199	0.00756	0.00748	0.01488	0.02244	0.03129	0.59205	0.06267	0.14523	0.01705	0.00957	0.00257	0.00386	0.01496	0.00877	0.00756
69	0.01162	0.00858	0.01249	0.01249	0.01375	0.00984	0.00945	0.01414	0.01288	0.01843	0.02224	0.03467	0.02150	0.14693	0.59826	0.01236	0.01991	0.00910	0.00442	0.00694
70	0.00994	0.00716	0.00943	0.01114	0.01175	0.00665	0.00749	0.01148	0.01596	0.02126	0.07201	0.65859	0.07738	0.02487	0.01030	0.00324	0.00465	0.02249	0.00759	0.00665
71	0.01159	0.00869	0.01304	0.01304	0.01449	0.01014	0.01014	0.01449	0.01304	0.01884	0.02173	0.03188	0.02029	0.06086	0.68268	0.01304	0.02173	0.00869	0.00435	0.00724
72	0.01838	0.04769	0.07531	0.11893	0.08175	0.01995	0.43160	0.02474	0.01850	0.02499	0.01701	0.02435	0.01355	0.00780	0.00910	0.00271	0.01248	0.03634	0.00413	0.01069
73	0.01236	0.00932	0.01247	0.01208	0.01272	0.01075	0.00865	0.01384	0.01242	0.01753	0.02222	0.03980	0.02334	0.34776	0.32389	0.00968	0.09036	0.00991	0.00451	0.00639
74	0.01083	0.00827	0.01227	0.01303	0.01418	0.00777	0.04833	0.01291	0.01640	0.02194	0.07303	0.58083	0.05154	0.02354	0.01034	0.00326	0.00548	0.07168	0.00738	0.00700
75	0.01939	0.01861	0.03207	0.04666	0.59539	0.01852	0.05015	0.02408	0.01832	0.02611	0.01721	0.06448	0.01545	0.00838	0.00825	0.00248	0.00950	0.00835	0.00425	0.01237
