[name]
unknown

[dist]
# distance from previous block
# <min> <max>
0	78

[block]
# block no. 0 follows, 24 sequences, length 56
# corresponding to MSA columns:
# 78-133
name=unknown_A
#
# <colnr> <probs for GDERKNQSTAVLIFYWHMCP>
#	G	D	E	R	K	N	Q	S	T	A	V	L	I	F	Y	W	H	M	C	P
0	0.01261	0.00900	0.01258	0.01441	0.01616	0.00898	0.01248	0.01613	0.01808	0.02354	0.04208	0.12426	0.04602	0.02207	0.01091	0.00363	0.00715	0.58537	0.00731	0.00725
1	0.01590	0.04102	0.68023	0.02260	0.03432	0.01842	0.02930	0.02511	0.01674	0.02511	0.01423	0.01674	0.01005	0.00753	0.00753	0.00251	0.01172	0.00586	0.00335	0.01172
2	0.01899	0.01796	0.08657	0.06084	0.02579	0.01564	0.10357	0.07992	0.09707	0.08235	0.02167	0.09213	0.01831	0.01191	0.03588	0.00277	0.03445	0.00869	0.00573	0.17975
3	0.01129	0.00759	0.00872	0.00895	0.00901	0.00753	0.00513	0.01147	0.01199	0.01599	0.02736	0.13616	0.03183	0.63296	0.03652	0.00712	0.00730	0.01293	0.00513	0.00501
4	0.00975	0.00697	0.00928	0.01098	0.01152	0.00650	0.00737	0.01127	0.01561	0.02092	0.08011	0.67781	0.05375	0.02434	0.01008	0.00318	0.00455	0.02206	0.00744	0.00650
5	0.01478	0.00928	0.01172	0.01135	0.01377	0.00872	0.00861	0.01895	0.06538	0.11872	0.25564	0.21699	0.13421	0.01795	0.00937	0.00279	0.00486	0.06035	0.00822	0.00833
6	0.04691	0.29911	0.28075	0.02043	0.02911	0.04809	0.12495	0.02481	0.01692	0.02286	0.01312	0.01575	0.01038	0.00712	0.00679	0.00221	0.01064	0.00574	0.00356	0.01075
7	0.01590	0.04102	0.68023	0.02260	0.03432	0.01842	0.02930	0.02511	0.01674	0.02511	0.01423	0.01674	0.01005	0.00753	0.00753	0.00251	0.01172	0.00586	0.00335	0.01172
8	0.01112	0.00802	0.01050	0.01005	0.01182	0.00741	0.00747	0.01470	0.02195	0.03101	0.62521	0.10393	0.07330	0.01680	0.00941	0.00254	0.00380	0.01490	0.00864	0.00741
9	0.01884	0.01812	0.03030	0.07639	0.51771	0.01864	0.05161	0.02447	0.05503	0.02554	0.01836	0.02253	0.03926	0.00813	0.00880	0.00247	0.04001	0.00766	0.00427	0.01188
10	0.01775	0.01698	0.02504	0.32732	0.14596	0.04901	0.05120	0.04868	0.08992	0.02397	0.01746	0.05174	0.01446	0.00943	0.00979	0.00267	0.07611	0.00797	0.00450	0.01005
11	0.02031	0.02013	0.03153	0.04675	0.62780	0.06447	0.02372	0.02484	0.01836	0.02546	0.01474	0.01926	0.01240	0.00714	0.00780	0.00233	0.00975	0.00693	0.00394	0.01233
12	0.00975	0.00697	0.00928	0.01098	0.01152	0.00650	0.00737	0.01125	0.01557	0.02086	0.07729	0.68079	0.05365	0.02438	0.01008	0.00318	0.00455	0.02210	0.00743	0.00650
13	0.02989	0.01670	0.04655	0.01627	0.04988	0.04644	0.01298	0.13649	0.02383	0.39666	0.02675	0.04862	0.01863	0.00993	0.00774	0.00239	0.00740	0.00802	0.08251	0.01233
14	0.03558	0.01350	0.01840	0.01411	0.02024	0.01166	0.01166	0.03865	0.02270	0.67734	0.03128	0.02699	0.01963	0.00981	0.00797	0.00245	0.00675	0.00797	0.00981	0.01350
15	0.01967	0.04965	0.22908	0.02330	0.07502	0.02021	0.11672	0.12084	0.13683	0.03003	0.01871	0.02077	0.01407	0.00867	0.00891	0.00254	0.05049	0.00732	0.03552	0.01164
16	0.02083	0.46560	0.12582	0.01751	0.02451	0.05490	0.07753	0.02463	0.01668	0.04256	0.01265	0.01496	0.01068	0.00750	0.00738	0.00206	0.05481	0.00530	0.00370	0.01041
17	0.01106	0.00810	0.01037	0.00980	0.01175	0.00741	0.00735	0.01465	0.02206	0.03088	0.61540	0.06075	0.12767	0.01656	0.00935	0.00251	0.00377	0.01455	0.00861	0.00741
18	0.01511	0.07710	0.27359	0.06802	0.02474	0.01572	0.01800	0.02057	0.01589	0.02367	0.02128	0.04845	0.05005	0.01464	0.07479	0.00342	0.06199	0.00764	0.15596	0.00938
19	0.01787	0.01859	0.03495	0.06631	0.03321	0.02002	0.35192	0.05199	0.01729	0.02406	0.01639	0.05924	0.01419	0.01209	0.04355	0.00334	0.19179	0.00919	0.00423	0.00980
20	0.00982	0.00790	0.00871	0.00914	0.01123	0.00689	0.00675	0.01183	0.01753	0.02162	0.09506	0.19029	0.46637	0.04543	0.01070	0.00301	0.00447	0.05927	0.00733	0.00666
21	0.01858	0.01616	0.02111	0.01548	0.02220	0.01422	0.08158	0.10039	0.04276	0.02887	0.01548	0.01784	0.01241	0.00688	0.00731	0.00163	0.03159	0.00576	0.00511	0.53463
22	0.77733	0.01534	0.01166	0.01043	0.01534	0.01779	0.00859	0.02331	0.01350	0.03558	0.01104	0.01288	0.00859	0.00736	0.00491	0.00245	0.00613	0.00429	0.00491	0.00859
23	0.01828	0.01747	0.02976	0.23739	0.49362	0.01849	0.02367	0.02316	0.01742	0.02428	0.01468	0.02006	0.01199	0.00731	0.00787	0.00244	0.00975	0.00706	0.00381	0.01148
24	0.01122	0.00811	0.01060	0.00998	0.01185	0.00748	0.00748	0.01496	0.02245	0.03180	0.66766	0.05923	0.07482	0.01621	0.00935	0.00249	0.00374	0.01434	0.00873	0.00748
25	0.01047	0.00739	0.00881	0.00960	0.01012	0.00703	0.00605	0.01130	0.01389	0.01820	0.03975	0.33940	0.11691	0.33753	0.02363	0.00516	0.00592	0.01688	0.00621	0.00574
26	0.01153	0.00769	0.00865	0.00865	0.00865	0.00769	0.00480	0.01153	0.01153	0.01538	0.02499	0.05189	0.02883	0.72131	0.04036	0.00769	0.00769	0.01153	0.00480	0.00480
27	0.02510	0.01901	0.02106	0.08067	0.02517	0.02135	0.01433	0.40054	0.16778	0.04174	0.02205	0.02246	0.01614	0.00961	0.00775	0.00242	0.00792	0.00755	0.07503	0.01230
28	0.02528	0.01882	0.02001	0.01621	0.02145	0.02096	0.01311	0.39925	0.20032	0.04272	0.02350	0.02328	0.01728	0.00981	0.00765	0.00239	0.00739	0.00766	0.11050	0.01241
29	0.02617	0.06113	0.02347	0.04648	0.02458	0.08837	0.01479	0.37577	0.12681	0.03893	0.01913	0.01974	0.01428	0.00942	0.00850	0.00237	0.04241	0.00694	0.00679	0.04392
30	0.03227	0.01368	0.01792	0.01410	0.01960	0.01245	0.01149	0.09226	0.02301	0.54051	0.03010	0.03078	0.02085	0.06506	0.01059	0.00290	0.00703	0.03369	0.00915	0.01257
31	0.12773	0.13291	0.08053	0.06466	0.04734	0.08785	0.01514	0.02905	0.11360	0.13189	0.01933	0.02191	0.01496	0.00919	0.00813	0.00244	0.04930	0.02774	0.00559	0.01069
32	0.01024	0.00816	0.00930	0.00923	0.01154	0.00704	0.00679	0.01264	0.01857	0.02400	0.21551	0.18060	0.38134	0.01924	0.00932	0.00265	0.00414	0.01655	0.00756	0.04559
33	0.02113	0.19530	0.12243	0.02316	0.05208	0.16813	0.16129	0.02538	0.01768	0.02157	0.01293	0.01651	0.01071	0.00819	0.00994	0.00238	0.11101	0.00631	0.00371	0.01017
34	0.01786	0.05215	0.05329	0.32601	0.08792	0.05497	0.07039	0.05826	0.08044	0.02406	0.01771	0.06120	0.01472	0.00929	0.00871	0.00260	0.03790	0.00804	0.00452	0.00994
35	0.01050	0.00774	0.00982	0.01001	0.01158	0.00706	0.00724	0.01329	0.01968	0.02690	0.39935	0.25494	0.15394	0.01931	0.00958	0.00273	0.00403	0.01710	0.00813	0.00706
36	0.01916	0.01455	0.01807	0.12062	0.06156	0.01600	0.01374	0.18590	0.10790	0.03319	0.08752	0.03596	0.02588	0.01159	0.00811	0.00256	0.00723	0.09086	0.12943	0.01019
37	0.10951	0.09132	0.20732	0.08295	0.03159	0.08028	0.15739	0.06707	0.01852	0.02637	0.01543	0.04892	0.01254	0.00827	0.00754	0.00246	0.01072	0.00718	0.00426	0.01037
38	0.00966	0.00690	0.00920	0.01104	0.01150	0.00644	0.00736	0.01104	0.01518	0.02024	0.04371	0.71614	0.05245	0.02484	0.01012	0.00322	0.00460	0.02254	0.00736	0.00644
39	0.01963	0.01884	0.03219	0.04867	0.67185	0.01884	0.02434	0.02434	0.01806	0.02591	0.01492	0.01963	0.01256	0.00707	0.00785	0.00236	0.00942	0.00707	0.00393	0.01256
40	0.05956	0.01846	0.02119	0.01630	0.02251	0.01915	0.01346	0.37906	0.03056	0.30140	0.02367	0.02201	0.01577	0.00956	0.00784	0.00241	0.00784	0.00737	0.00858	0.01331
41	0.03558	0.01350	0.01840	0.01411	0.02024	0.01166	0.01166	0.03865	0.02270	0.67734	0.03128	0.02699	0.01963	0.00981	0.00797	0.00245	0.00675	0.00797	0.00981	0.01350
42	0.01590	0.04102	0.68023	0.02260	0.03432	0.01842	0.02930	0.02511	0.01674	0.02511	0.01423	0.01674	0.01005	0.00753	0.00753	0.00251	0.01172	0.00586	0.00335	0.01172
43	0.01498	0.01409	0.02378	0.70226	0.05462	0.01762	0.02202	0.02026	0.01586	0.02026	0.01409	0.02114	0.01057	0.00793	0.00793	0.00264	0.01057	0.00705	0.00352	0.00881
44	0.00964	0.00698	0.00912	0.01084	0.01145	0.00646	0.00727	0.01106	0.01538	0.02032	0.04620	0.67261	0.09437	0.02452	0.01007	0.00318	0.00456	0.02215	0.00736	0.00646
45	0.01153	0.00769	0.00865	0.00865	0.00865	0.00769	0.00480	0.01153	0.01153	0.01538	0.02499	0.05189	0.02883	0.72131	0.04036	0.00769	0.00769	0.01153	0.00480	0.00480
46	0.00963	0.00702	0.00908	0.01073	0.01142	0.00647	0.00722	0.01108	0.01548	0.02036	0.04746	0.65049	0.11567	0.02436	0.01004	0.00316	0.00454	0.02195	0.00736	0.00647
47	0.00979	0.00695	0.00916	0.01088	0.01131	0.00653	0.00719	0.01107	0.01493	0.01991	0.04243	0.67095	0.05084	0.07223	0.01218	0.00352	0.00481	0.02179	0.00719	0.00633
48	0.00991	0.00708	0.00947	0.01120	0.01180	0.00664	0.00768	0.01152	0.01567	0.02093	0.06969	0.65212	0.05299	0.02431	0.01014	0.00322	0.00472	0.05697	0.00741	0.00653
49	0.01907	0.01884	0.02929	0.16342	0.45519	0.05529	0.02269	0.02343	0.01726	0.02380	0.01414	0.01937	0.01184	0.00801	0.00976	0.00251	0.08404	0.00694	0.00381	0.01128
50	0.01800	0.04214	0.05574	0.19352	0.25284	0.01977	0.19192	0.02320	0.01708	0.02356	0.01447	0.01993	0.01159	0.00779	0.00983	0.00259	0.07399	0.00754	0.00378	0.01071
51	0.02331	0.34144	0.12131	0.01535	0.02193	0.02247	0.01515	0.06088	0.01859	0.17497	0.01834	0.04600	0.01463	0.01084	0.03469	0.00259	0.03465	0.00650	0.00533	0.01102
52	0.02350	0.01984	0.08476	0.01614	0.02259	0.01776	0.01426	0.26770	0.02522	0.09881	0.04368	0.02030	0.01547	0.00881	0.00856	0.00211	0.05526	0.00663	0.00642	0.24217
53	0.01644	0.01409	0.01644	0.01175	0.01879	0.01057	0.00940	0.01997	0.01644	0.02584	0.01409	0.01644	0.01175	0.00587	0.00587	0.00117	0.00587	0.00470	0.00470	0.76979
54	0.01129	0.00889	0.01140	0.01126	0.01323	0.00846	0.02800	0.01562	0.07608	0.02547	0.24680	0.29263	0.18224	0.01928	0.00951	0.00281	0.00464	0.01711	0.00775	0.00751
55	0.04921	0.01803	0.02491	0.15339	0.10809	0.01940	0.07605	0.24944	0.05329	0.06670	0.01854	0.03908	0.01428	0.00949	0.00868	0.02707	0.00902	0.00766	0.00594	0.04173

[dist]
# distance from previous block
# <min> <max>
2	6

[block]
# block no. 1 follows, 24 sequences, length 15
# corresponding to MSA columns:
# 140-154
name=unknown_B
#
# <colnr> <probs for GDERKNQSTAVLIFYWHMCP>
#	G	D	E	R	K	N	Q	S	T	A	V	L	I	F	Y	W	H	M	C	P
0	0.01993	0.01586	0.02044	0.08233	0.02488	0.01490	0.05625	0.09014	0.11962	0.08132	0.01897	0.02042	0.01442	0.00759	0.00704	0.00189	0.00729	0.00644	0.00581	0.38447
1	0.20763	0.01392	0.01684	0.01325	0.01910	0.01308	0.01094	0.03509	0.02056	0.52848	0.02659	0.02372	0.01707	0.00925	0.00726	0.00245	0.00661	0.00712	0.00868	0.01236
2	0.01821	0.01873	0.06249	0.12685	0.45709	0.01796	0.07310	0.02329	0.01778	0.02493	0.01710	0.02557	0.01486	0.00839	0.00822	0.00253	0.00982	0.05750	0.00413	0.01146
3	0.02931	0.01329	0.01730	0.01424	0.01943	0.01243	0.01167	0.03554	0.12275	0.47064	0.06902	0.03572	0.02621	0.01158	0.00838	0.00262	0.00656	0.07174	0.00922	0.01236
4	0.03196	0.01536	0.01915	0.01488	0.02093	0.01461	0.01220	0.14010	0.09057	0.46891	0.02837	0.02534	0.01863	0.00964	0.00786	0.00239	0.00698	0.00776	0.00903	0.05530
5	0.02404	0.04920	0.02201	0.14217	0.02757	0.01952	0.01466	0.32488	0.02647	0.08950	0.01883	0.02206	0.01437	0.04727	0.05727	0.00330	0.00949	0.00717	0.00640	0.07383
6	0.05456	0.01124	0.06587	0.01149	0.01426	0.00899	0.00965	0.01642	0.02034	0.04661	0.45094	0.14154	0.06015	0.01623	0.00909	0.00264	0.00487	0.03935	0.00786	0.00790
7	0.00972	0.00756	0.00884	0.00956	0.01119	0.00668	0.00677	0.01167	0.01736	0.02217	0.13537	0.34885	0.33264	0.02166	0.00969	0.00289	0.00423	0.01894	0.00753	0.00668
8	0.01877	0.02058	0.04223	0.03521	0.15669	0.02018	0.47679	0.02468	0.01805	0.02498	0.01537	0.02073	0.01200	0.00735	0.01045	0.00268	0.06969	0.00873	0.00395	0.01088
9	0.02454	0.02641	0.18069	0.02231	0.03024	0.02225	0.14471	0.37680	0.02878	0.03927	0.01732	0.01898	0.01240	0.00849	0.00813	0.00247	0.01035	0.00729	0.00608	0.01251
10	0.01748	0.01551	0.02378	0.47491	0.11083	0.01837	0.02025	0.10091	0.05542	0.02526	0.01620	0.02169	0.01238	0.01071	0.04115	0.00307	0.01049	0.00724	0.00442	0.00992
11	0.00974	0.00743	0.00895	0.00987	0.01126	0.00665	0.00691	0.01160	0.01702	0.02196	0.12723	0.41791	0.27050	0.02220	0.00977	0.00295	0.00430	0.01958	0.00752	0.00665
12	0.01107	0.00835	0.01014	0.01057	0.01226	0.00789	0.00784	0.01440	0.04907	0.02407	0.20548	0.21801	0.20226	0.08374	0.01251	0.00335	0.00498	0.09949	0.00750	0.00703
13	0.72470	0.01582	0.01251	0.01098	0.01599	0.01827	0.00904	0.06713	0.01517	0.03659	0.01160	0.01332	0.00893	0.00751	0.00512	0.00245	0.00632	0.00449	0.00512	0.00893
14	0.02172	0.47912	0.15580	0.01634	0.02365	0.11812	0.01676	0.04927	0.01792	0.02117	0.01209	0.01392	0.01029	0.00722	0.00593	0.00192	0.00988	0.00477	0.00366	0.01046

[dist]
# distance from previous block
# <min> <max>
0	1

[block]
# block no. 2 follows, 24 sequences, length 22
# corresponding to MSA columns:
# 156-177
name=unknown_C
#
# <colnr> <probs for GDERKNQSTAVLIFYWHMCP>
#	G	D	E	R	K	N	Q	S	T	A	V	L	I	F	Y	W	H	M	C	P
0	0.10964	0.01404	0.01918	0.17075	0.12114	0.01476	0.01458	0.01948	0.01572	0.02431	0.02035	0.10865	0.04699	0.01046	0.00899	0.00236	0.06935	0.00853	0.00470	0.19602
1	0.09762	0.21614	0.10510	0.01915	0.02562	0.16020	0.10633	0.10146	0.02012	0.02629	0.01369	0.01604	0.01093	0.00774	0.00720	0.00220	0.02562	0.00584	0.02233	0.01038
2	0.01784	0.13411	0.08082	0.05940	0.02771	0.01722	0.21768	0.02260	0.01890	0.08243	0.13722	0.03280	0.09624	0.01027	0.00831	0.00245	0.00896	0.00968	0.00554	0.00982
3	0.01358	0.00698	0.01035	0.01030	0.01045	0.00693	0.00693	0.01069	0.01127	0.01518	0.06474	0.02684	0.01853	0.02666	0.02931	0.70952	0.00664	0.00747	0.00386	0.00376
4	0.02167	0.01915	0.06658	0.09571	0.06950	0.03887	0.05962	0.13530	0.21283	0.09714	0.02785	0.02797	0.07180	0.01010	0.00814	0.00255	0.00834	0.00857	0.00666	0.01161
5	0.11478	0.01900	0.02643	0.15817	0.03222	0.03878	0.15205	0.23284	0.02349	0.03370	0.01624	0.01958	0.01213	0.00844	0.00845	0.00251	0.03764	0.00720	0.04563	0.01070
6	0.08333	0.01374	0.01725	0.01384	0.01930	0.01298	0.01125	0.03625	0.11815	0.48446	0.07962	0.02891	0.02385	0.01028	0.00788	0.00249	0.00640	0.00836	0.00912	0.01254
7	0.01303	0.00990	0.04809	0.01144	0.01357	0.00804	0.00891	0.01585	0.01858	0.08387	0.28065	0.33143	0.05467	0.05097	0.01087	0.00304	0.00500	0.01663	0.00777	0.00770
8	0.01606	0.01250	0.01754	0.08037	0.02178	0.01306	0.06769	0.12857	0.03961	0.02876	0.08730	0.20337	0.03549	0.01604	0.00920	0.00289	0.00718	0.14568	0.05808	0.00881
9	0.02120	0.01593	0.01755	0.01542	0.01961	0.01776	0.01199	0.13337	0.40609	0.07834	0.02933	0.08074	0.02344	0.01308	0.01023	0.07062	0.00663	0.00948	0.00770	0.01148
10	0.01377	0.00689	0.01033	0.01033	0.01033	0.00689	0.00689	0.01033	0.01033	0.01377	0.01377	0.02410	0.01377	0.02755	0.03099	0.76928	0.00689	0.00689	0.00344	0.00344
11	0.02185	0.01736	0.02271	0.10409	0.05753	0.01893	0.07027	0.24810	0.15123	0.05800	0.02469	0.12517	0.02107	0.01148	0.00841	0.00263	0.00823	0.01000	0.00686	0.01139
12	0.02280	0.01770	0.02266	0.30371	0.03608	0.07712	0.04644	0.16095	0.02234	0.12468	0.01858	0.02162	0.01336	0.00862	0.00775	0.00244	0.00952	0.00717	0.06593	0.01054
13	0.00978	0.00695	0.00917	0.01088	0.01131	0.00652	0.00719	0.01107	0.01494	0.01992	0.04248	0.67248	0.05090	0.07062	0.01211	0.00351	0.00480	0.02182	0.00719	0.00633
14	0.01845	0.02057	0.04377	0.09374	0.08515	0.01976	0.54625	0.02487	0.01842	0.02498	0.01579	0.02125	0.01194	0.00682	0.00913	0.00265	0.01285	0.00900	0.00396	0.01065
15	0.30939	0.01796	0.06603	0.13672	0.02962	0.01774	0.14259	0.02624	0.05963	0.09871	0.01640	0.01895	0.01197	0.00782	0.00706	0.00255	0.00883	0.00662	0.00512	0.01006
16	0.02049	0.06325	0.41155	0.06532	0.03044	0.01676	0.02267	0.02736	0.01838	0.17928	0.05467	0.02165	0.01598	0.00855	0.00765	0.00247	0.00987	0.00684	0.00519	0.01163
17	0.01171	0.00754	0.01009	0.01136	0.01237	0.00699	0.00792	0.01345	0.01626	0.06716	0.07767	0.60167	0.05108	0.02317	0.00997	0.00315	0.00483	0.04897	0.00761	0.00703
18	0.09067	0.02058	0.08396	0.02163	0.11879	0.08851	0.04431	0.06203	0.12196	0.16604	0.05255	0.02653	0.01957	0.00966	0.00784	0.00250	0.00858	0.03636	0.00647	0.01144
19	0.21699	0.11382	0.12445	0.04704	0.02201	0.03589	0.03232	0.04207	0.01710	0.09856	0.01790	0.02220	0.01420	0.01101	0.03854	0.00283	0.00861	0.03492	0.08972	0.00980
20	0.01984	0.01670	0.02176	0.26410	0.08803	0.03429	0.01676	0.21071	0.04403	0.03150	0.07861	0.02739	0.06220	0.00991	0.00805	0.00246	0.00863	0.00830	0.00583	0.04090
21	0.06055	0.05443	0.12186	0.25732	0.11275	0.02019	0.07406	0.12975	0.01992	0.02790	0.01478	0.01900	0.01122	0.00807	0.00834	0.00252	0.03544	0.00680	0.00441	0.01068

[dist]
# distance from previous block
# <min> <max>
13	214

[block]
# block no. 3 follows, 24 sequences, length 56
# corresponding to MSA columns:
# 416-437,439-472
name=unknown_D
#
# <colnr> <probs for GDERKNQSTAVLIFYWHMCP>
#	G	D	E	R	K	N	Q	S	T	A	V	L	I	F	Y	W	H	M	C	P
0	0.13289	0.02078	0.08670	0.02052	0.07643	0.01993	0.07460	0.25537	0.04346	0.03549	0.01677	0.01972	0.01302	0.03096	0.03791	0.00299	0.03890	0.00687	0.00571	0.06095
1	0.01817	0.01402	0.02106	0.01842	0.05716	0.01380	0.12466	0.11867	0.04554	0.07393	0.15959	0.14349	0.03457	0.01311	0.00874	0.00258	0.00722	0.03516	0.05363	0.03649
2	0.04791	0.07948	0.10472	0.01890	0.06645	0.04385	0.07749	0.06946	0.01985	0.07574	0.13328	0.02711	0.04340	0.00970	0.00855	0.00228	0.04310	0.00805	0.00564	0.11505
3	0.02074	0.01924	0.01965	0.11737	0.06289	0.15197	0.01391	0.05281	0.10225	0.06729	0.05525	0.05225	0.01880	0.00916	0.00743	0.00213	0.00854	0.00744	0.00560	0.20527
4	0.01243	0.00955	0.01183	0.01033	0.01340	0.00820	0.00778	0.01577	0.01992	0.02861	0.42176	0.07647	0.07866	0.04780	0.00998	0.00244	0.00452	0.01220	0.00741	0.20094
5	0.02614	0.02022	0.02154	0.01743	0.02306	0.02272	0.01410	0.41347	0.27575	0.04352	0.02413	0.02309	0.01761	0.01000	0.00799	0.00250	0.00778	0.00784	0.00799	0.01313
6	0.01153	0.00769	0.00865	0.00865	0.00865	0.00769	0.00480	0.01153	0.01153	0.01538	0.02499	0.05189	0.02883	0.72131	0.04036	0.00769	0.00769	0.01153	0.00480	0.00480
7	0.01498	0.01409	0.02378	0.70226	0.05462	0.01762	0.02202	0.02026	0.01586	0.02026	0.01409	0.02114	0.01057	0.00793	0.00793	0.00264	0.01057	0.00705	0.00352	0.00881
8	0.01032	0.00807	0.00935	0.00903	0.01129	0.00710	0.00677	0.01322	0.02032	0.02675	0.38193	0.06754	0.36371	0.01809	0.00936	0.00258	0.00388	0.01551	0.00806	0.00710
9	0.02788	0.02257	0.02125	0.01705	0.02239	0.12725	0.01376	0.45919	0.03200	0.04224	0.01894	0.01979	0.01394	0.00927	0.00747	0.00225	0.00889	0.00685	0.11509	0.01194
10	0.01543	0.00802	0.00808	0.00785	0.00989	0.00812	0.00595	0.04492	0.01750	0.03043	0.02558	0.02912	0.02004	0.00925	0.00564	0.00187	0.00391	0.00738	0.73339	0.00765
11	0.01743	0.01660	0.02823	0.35672	0.38093	0.01826	0.02325	0.02242	0.01702	0.02325	0.01453	0.02034	0.01162	0.00747	0.00789	0.00249	0.00996	0.00706	0.00374	0.01079
12	0.01567	0.00825	0.00834	0.00802	0.01013	0.00839	0.00610	0.05479	0.01783	0.03075	0.02547	0.02895	0.01993	0.00925	0.00568	0.00188	0.00399	0.00738	0.72146	0.00774
13	0.02843	0.02136	0.02283	0.01790	0.02394	0.02379	0.01466	0.54609	0.13940	0.04721	0.02122	0.02078	0.01525	0.00972	0.00796	0.00243	0.00832	0.00744	0.00796	0.01333
14	0.77733	0.01534	0.01166	0.01043	0.01534	0.01779	0.00859	0.02331	0.01350	0.03558	0.01104	0.01288	0.00859	0.00736	0.00491	0.00245	0.00613	0.00429	0.00491	0.00859
15	0.02802	0.01744	0.02038	0.01693	0.04631	0.01812	0.01324	0.33231	0.06493	0.22052	0.08563	0.02808	0.04998	0.01066	0.00814	0.00244	0.00740	0.00856	0.00836	0.01255
16	0.00987	0.00739	0.00917	0.01013	0.01137	0.00669	0.00706	0.01182	0.01717	0.02259	0.16406	0.44607	0.20336	0.02216	0.00981	0.00296	0.00431	0.01969	0.00761	0.00669
17	0.03203	0.01821	0.02145	0.01653	0.02254	0.01891	0.01366	0.35551	0.02993	0.32358	0.02407	0.02246	0.01606	0.00982	0.00865	0.00245	0.03476	0.00750	0.00859	0.01330
18	0.01498	0.01409	0.02378	0.70226	0.05462	0.01762	0.02202	0.02026	0.01586	0.02026	0.01409	0.02114	0.01057	0.00793	0.00793	0.00264	0.01057	0.00705	0.00352	0.00881
19	0.01813	0.01339	0.01749	0.10825	0.08598	0.01508	0.01311	0.14816	0.02002	0.02972	0.01995	0.02461	0.01603	0.01680	0.11089	0.00387	0.06119	0.00739	0.26054	0.00940
20	0.01154	0.03808	0.01094	0.01013	0.01103	0.00879	0.00688	0.01285	0.01362	0.01857	0.05421	0.18964	0.05746	0.33228	0.15237	0.00681	0.00919	0.01315	0.03637	0.00610
21	0.09354	0.02389	0.02175	0.01771	0.02327	0.14862	0.01424	0.39910	0.11133	0.04083	0.01875	0.01895	0.01381	0.00924	0.00754	0.00236	0.00924	0.00674	0.00696	0.01213
22	0.02471	0.01706	0.02022	0.01564	0.02169	0.01692	0.03432	0.23130	0.12154	0.15291	0.05287	0.02340	0.01865	0.00904	0.00755	0.00214	0.00719	0.00736	0.00736	0.20813
23	0.01872	0.02139	0.04679	0.03342	0.04144	0.02005	0.64305	0.02540	0.01872	0.02540	0.01604	0.02139	0.01203	0.00668	0.00936	0.00267	0.01337	0.00936	0.00401	0.01070
24	0.01905	0.19708	0.37527	0.08297	0.03152	0.11936	0.02293	0.02530	0.01735	0.02233	0.01319	0.01586	0.01015	0.00749	0.00695	0.00227	0.01124	0.00548	0.00348	0.01072
25	0.01061	0.00768	0.01007	0.01060	0.01193	0.00713	0.00768	0.01334	0.01912	0.02629	0.35814	0.32548	0.08708	0.02016	0.00975	0.00286	0.00430	0.05272	0.00804	0.00702
26	0.10444	0.02258	0.02250	0.01761	0.02367	0.06878	0.01444	0.54210	0.03392	0.04648	0.01779	0.01811	0.01278	0.00921	0.00758	0.00236	0.00884	0.00672	0.00737	0.01271
27	0.01695	0.01605	0.02691	0.42405	0.29647	0.01816	0.02264	0.02253	0.03637	0.02288	0.01497	0.02080	0.01177	0.00768	0.00790	0.00253	0.00999	0.00711	0.00382	0.01040
28	0.01046	0.00799	0.00967	0.00986	0.01180	0.00719	0.00742	0.01322	0.01940	0.02560	0.30606	0.16821	0.28106	0.01943	0.00962	0.00277	0.00429	0.07102	0.00790	0.00703
29	0.01006	0.00803	0.00913	0.00971	0.01184	0.00709	0.00743	0.01231	0.01781	0.02206	0.09351	0.18498	0.43648	0.02101	0.00976	0.00292	0.00465	0.11703	0.00741	0.00679
30	0.77733	0.01534	0.01166	0.01043	0.01534	0.01779	0.00859	0.02331	0.01350	0.03558	0.01104	0.01288	0.00859	0.00736	0.00491	0.00245	0.00613	0.00429	0.00491	0.00859
31	0.01897	0.01205	0.01492	0.01353	0.01714	0.01198	0.01097	0.06132	0.13586	0.15035	0.21657	0.05094	0.04198	0.01456	0.00901	0.00273	0.00600	0.15751	0.00823	0.04537
32	0.32436	0.01524	0.01622	0.01318	0.01874	0.01577	0.01082	0.08785	0.06326	0.32583	0.02232	0.02092	0.01506	0.00889	0.00678	0.00246	0.00665	0.00653	0.00761	0.01151
33	0.01158	0.00790	0.00950	0.01003	0.01186	0.00698	0.00716	0.01344	0.01723	0.07086	0.08637	0.38021	0.29492	0.02142	0.00963	0.00291	0.00449	0.01876	0.00761	0.00712
34	0.02753	0.02222	0.02391	0.02110	0.08381	0.06842	0.01579	0.45856	0.09589	0.04265	0.01916	0.01976	0.01413	0.00952	0.00867	0.00243	0.03934	0.00717	0.00712	0.01281
35	0.05274	0.01797	0.08613	0.42544	0.16635	0.01812	0.04734	0.02278	0.04383	0.02328	0.01497	0.02042	0.01145	0.00777	0.00780	0.00257	0.01018	0.00699	0.00386	0.01002
36	0.01462	0.04979	0.02803	0.05119	0.02692	0.01466	0.27917	0.01850	0.01664	0.02231	0.02772	0.32796	0.02968	0.01505	0.01007	0.00290	0.03599	0.01474	0.00542	0.00863
37	0.01005	0.00718	0.00965	0.01149	0.01212	0.00678	0.00804	0.01172	0.01557	0.02068	0.04349	0.63750	0.05159	0.02447	0.01023	0.00327	0.00494	0.09732	0.00735	0.00655
38	0.69140	0.01657	0.01296	0.04968	0.01806	0.05669	0.00973	0.02362	0.01415	0.03379	0.01128	0.01343	0.00879	0.00744	0.00521	0.00244	0.00686	0.00449	0.00478	0.00864
39	0.01377	0.00689	0.01033	0.01033	0.01033	0.00689	0.00689	0.01033	0.01033	0.01377	0.01377	0.02410	0.01377	0.02755	0.03099	0.76928	0.00689	0.00689	0.00344	0.00344
40	0.01881	0.01800	0.03071	0.16385	0.56308	0.01863	0.02393	0.02362	0.01767	0.02491	0.01477	0.01989	0.01221	0.00722	0.00786	0.00241	0.00962	0.00706	0.00385	0.01190
41	0.02379	0.01144	0.01489	0.01240	0.01660	0.01044	0.00986	0.02855	0.07105	0.34938	0.27990	0.04183	0.06970	0.01281	0.00858	0.00250	0.00543	0.01090	0.00915	0.01080
42	0.02110	0.62340	0.10420	0.01481	0.02195	0.06304	0.01522	0.02428	0.01649	0.01934	0.01141	0.01320	0.01017	0.00693	0.00543	0.00179	0.00909	0.00444	0.00342	0.01028
43	0.00972	0.00695	0.00925	0.01100	0.01151	0.00648	0.00737	0.01119	0.01546	0.02068	0.06733	0.69127	0.05329	0.02452	0.01009	0.00319	0.00457	0.02223	0.00741	0.00648
44	0.01731	0.01647	0.02799	0.37485	0.36381	0.01823	0.02318	0.02230	0.01696	0.02309	0.01451	0.02038	0.01157	0.00750	0.00789	0.00250	0.00999	0.00706	0.00372	0.01069
45	0.02359	0.10655	0.15186	0.07396	0.05276	0.34874	0.04404	0.02877	0.05666	0.02177	0.01406	0.01650	0.01118	0.00793	0.00724	0.00222	0.01222	0.00578	0.00405	0.01013
46	0.01644	0.01409	0.01644	0.01175	0.01879	0.01057	0.00940	0.01997	0.01644	0.02584	0.01409	0.01644	0.01175	0.00587	0.00587	0.00117	0.00587	0.00470	0.00470	0.76979
47	0.01875	0.14415	0.03311	0.02449	0.08824	0.07215	0.24207	0.04613	0.01885	0.02445	0.07797	0.10166	0.02201	0.01022	0.00903	0.00249	0.03982	0.00968	0.00484	0.00990
48	0.00992	0.00719	0.00925	0.01053	0.01133	0.00665	0.00713	0.01158	0.01614	0.02153	0.12289	0.54700	0.10683	0.05824	0.01148	0.00331	0.00460	0.02048	0.00740	0.00651
49	0.01590	0.04102	0.68023	0.02260	0.03432	0.01842	0.02930	0.02511	0.01674	0.02511	0.01423	0.01674	0.01005	0.00753	0.00753	0.00251	0.01172	0.00586	0.00335	0.01172
50	0.01243	0.00845	0.01052	0.00980	0.01215	0.00758	0.00742	0.01572	0.02143	0.07291	0.48620	0.06109	0.21115	0.01669	0.00926	0.00253	0.00401	0.01448	0.00848	0.00770
51	0.02791	0.03398	0.02250	0.02016	0.02395	0.55818	0.01539	0.05950	0.05246	0.02146	0.01334	0.01556	0.01106	0.00894	0.00917	0.00224	0.08473	0.00557	0.00439	0.00950
52	0.01259	0.00886	0.01123	0.01053	0.01270	0.00839	0.00792	0.01739	0.06480	0.05588	0.54835	0.08729	0.09124	0.01615	0.00925	0.00255	0.00408	0.01421	0.00861	0.00798
53	0.01537	0.01376	0.01705	0.01566	0.01709	0.06466	0.01250	0.04370	0.01449	0.02050	0.01754	0.02531	0.01613	0.03813	0.38777	0.00834	0.21891	0.00769	0.03741	0.00798
54	0.01057	0.00780	0.01002	0.01155	0.01247	0.00756	0.00808	0.01357	0.05888	0.02143	0.04421	0.59651	0.07367	0.02348	0.01002	0.00320	0.00490	0.06775	0.00740	0.00693
55	0.02747	0.02283	0.02309	0.05116	0.02537	0.10262	0.01534	0.44092	0.09403	0.04119	0.01872	0.01950	0.01381	0.00970	0.00907	0.00246	0.05634	0.00706	0.00698	0.01234

[dist]
# distance from previous block
# <min> <max>
0	3

[block]
# block no. 4 follows, 24 sequences, length 7
# corresponding to MSA columns:
# 476-482
name=unknown_E
#
# <colnr> <probs for GDERKNQSTAVLIFYWHMCP>
#	G	D	E	R	K	N	Q	S	T	A	V	L	I	F	Y	W	H	M	C	P
0	0.02176	0.47699	0.03512	0.01609	0.02110	0.13372	0.01459	0.02407	0.01633	0.01886	0.01110	0.01389	0.01023	0.00841	0.00957	0.00210	0.14792	0.00491	0.00352	0.00972
1	0.02199	0.53187	0.03513	0.01412	0.02040	0.02758	0.01322	0.02851	0.14384	0.07105	0.01676	0.01714	0.01367	0.00780	0.00590	0.00195	0.00791	0.00546	0.00480	0.01090
2	0.01657	0.06676	0.02212	0.01797	0.01908	0.05697	0.01484	0.01870	0.01316	0.01888	0.01365	0.02080	0.01308	0.02610	0.21342	0.00592	0.42281	0.00709	0.00372	0.00835
3	0.01409	0.00752	0.00779	0.00779	0.00968	0.00749	0.00587	0.01759	0.01650	0.02815	0.03025	0.03368	0.07600	0.01340	0.04993	0.00262	0.00485	0.00827	0.65121	0.00731
4	0.00986	0.00725	0.00925	0.01044	0.01144	0.00664	0.00719	0.01170	0.01673	0.02221	0.14608	0.52218	0.14424	0.02282	0.00989	0.00303	0.00438	0.02043	0.00757	0.00664
5	0.01139	0.00793	0.01066	0.01103	0.01248	0.00747	0.03330	0.01392	0.01700	0.02424	0.13418	0.38792	0.08703	0.01930	0.00905	0.00280	0.00472	0.04078	0.15778	0.00701
6	0.62657	0.01573	0.01416	0.01249	0.01642	0.01908	0.01033	0.02247	0.01323	0.03231	0.01092	0.01377	0.00895	0.00865	0.00910	0.00266	0.14512	0.00482	0.00462	0.00861

[dist]
# distance from previous block
# <min> <max>
0	6

[block]
# block no. 5 follows, 24 sequences, length 35
# corresponding to MSA columns:
# 489-523
name=unknown_F
#
# <colnr> <probs for GDERKNQSTAVLIFYWHMCP>
#	G	D	E	R	K	N	Q	S	T	A	V	L	I	F	Y	W	H	M	C	P
0	0.01022	0.00800	0.00828	0.00837	0.01068	0.00697	0.00622	0.01227	0.01734	0.02167	0.06846	0.07067	0.52048	0.08521	0.01204	0.00313	0.00450	0.04645	0.07243	0.00661
1	0.02100	0.01705	0.01926	0.01514	0.02171	0.01324	0.01139	0.02263	0.01932	0.02966	0.02102	0.06726	0.01913	0.01063	0.00840	0.00234	0.00755	0.00756	0.00658	0.65912
2	0.01019	0.00708	0.00908	0.01050	0.01129	0.00660	0.00714	0.01196	0.01594	0.02187	0.08526	0.58063	0.08291	0.02268	0.00964	0.00303	0.00444	0.02040	0.07276	0.00660
3	0.01631	0.01305	0.01439	0.01359	0.01657	0.01419	0.01014	0.09500	0.28968	0.02881	0.03803	0.24867	0.08767	0.06276	0.01094	0.00315	0.00592	0.01385	0.00756	0.00973
4	0.01746	0.01532	0.02411	0.43800	0.17529	0.01770	0.02038	0.08424	0.01855	0.02524	0.01578	0.02134	0.01212	0.00802	0.00771	0.00249	0.00955	0.00709	0.06969	0.00994
5	0.01347	0.01138	0.01654	0.07417	0.01949	0.01283	0.05057	0.05169	0.01598	0.02183	0.03054	0.40078	0.03463	0.05758	0.01448	0.00338	0.14116	0.01587	0.00597	0.00767
6	0.01644	0.01409	0.01644	0.01175	0.01879	0.01057	0.00940	0.01997	0.01644	0.02584	0.01409	0.01644	0.01175	0.00587	0.00587	0.00117	0.00587	0.00470	0.00470	0.76979
7	0.00966	0.00690	0.00920	0.01104	0.01150	0.00644	0.00736	0.01104	0.01518	0.02024	0.04371	0.71614	0.05245	0.02484	0.01012	0.00322	0.00460	0.02254	0.00736	0.00644
8	0.03521	0.01408	0.01877	0.01439	0.02054	0.01253	0.01188	0.07948	0.02368	0.63512	0.03046	0.02646	0.01922	0.00979	0.00797	0.00245	0.00688	0.00792	0.00969	0.01349
9	0.02748	0.02906	0.02516	0.02309	0.08547	0.34505	0.04857	0.21770	0.02572	0.02966	0.01465	0.01681	0.01154	0.00878	0.00882	0.00230	0.05783	0.00625	0.00520	0.01086
10	0.01498	0.01409	0.02378	0.70226	0.05462	0.01762	0.02202	0.02026	0.01586	0.02026	0.01409	0.02114	0.01057	0.00793	0.00793	0.00264	0.01057	0.00705	0.00352	0.00881
11	0.04950	0.01971	0.01996	0.01593	0.02133	0.05713	0.01290	0.40748	0.08478	0.04183	0.02022	0.02086	0.01496	0.00920	0.00732	0.00223	0.00782	0.00697	0.11778	0.06208
12	0.01133	0.00850	0.01274	0.01274	0.01416	0.00991	0.00991	0.01416	0.01274	0.01841	0.02124	0.03115	0.01982	0.05947	0.68989	0.01274	0.02124	0.00850	0.00425	0.00708
13	0.01070	0.00828	0.00998	0.01081	0.01287	0.00756	0.00863	0.01330	0.01801	0.02265	0.09466	0.16069	0.34074	0.02111	0.01002	0.00308	0.00522	0.22737	0.00742	0.00692
14	0.01900	0.01851	0.03248	0.12418	0.54394	0.01880	0.07837	0.02395	0.01786	0.02520	0.01492	0.01996	0.01228	0.00713	0.00799	0.00242	0.00990	0.00726	0.00389	0.01196
15	0.01866	0.01752	0.01962	0.01737	0.02017	0.05319	0.01386	0.03157	0.36078	0.02686	0.02726	0.02799	0.06471	0.01236	0.01424	0.00292	0.24538	0.00864	0.00626	0.01065
16	0.02151	0.01930	0.01848	0.01655	0.02106	0.09720	0.01284	0.04078	0.55836	0.05735	0.02991	0.02771	0.02240	0.01042	0.00796	0.00261	0.00723	0.00848	0.00768	0.01220
17	0.77733	0.01534	0.01166	0.01043	0.01534	0.01779	0.00859	0.02331	0.01350	0.03558	0.01104	0.01288	0.00859	0.00736	0.00491	0.00245	0.00613	0.00429	0.00491	0.00859
18	0.00966	0.00690	0.00920	0.01104	0.01150	0.00644	0.00736	0.01104	0.01518	0.02024	0.04371	0.71614	0.05245	0.02484	0.01012	0.00322	0.00460	0.02254	0.00736	0.00644
19	0.01498	0.01409	0.02378	0.70226	0.05462	0.01762	0.02202	0.02026	0.01586	0.02026	0.01409	0.02114	0.01057	0.00793	0.00793	0.00264	0.01057	0.00705	0.00352	0.00881
20	0.03014	0.02221	0.02380	0.01825	0.02459	0.02459	0.01507	0.64541	0.03728	0.04998	0.01904	0.01904	0.01349	0.00952	0.00793	0.00238	0.00873	0.00714	0.00793	0.01349
21	0.01972	0.01703	0.01793	0.01614	0.02062	0.01972	0.01255	0.04214	0.65752	0.03317	0.03228	0.02959	0.02421	0.01076	0.00807	0.00269	0.00628	0.00897	0.00807	0.01255
22	0.01126	0.00895	0.01022	0.00975	0.01222	0.00835	0.00735	0.01610	0.08311	0.02747	0.35214	0.06367	0.32558	0.01734	0.00923	0.00259	0.00411	0.01484	0.00808	0.00764
23	0.03511	0.01425	0.01887	0.01447	0.02062	0.01277	0.01195	0.09092	0.02395	0.62329	0.03023	0.02631	0.01910	0.00979	0.00797	0.00245	0.00692	0.00790	0.00965	0.01349
24	0.01377	0.00689	0.01033	0.01033	0.01033	0.00689	0.00689	0.01033	0.01033	0.01377	0.01377	0.02410	0.01377	0.02755	0.03099	0.76928	0.00689	0.00689	0.00344	0.00344
25	0.03558	0.01350	0.01840	0.01411	0.02024	0.01166	0.01166	0.03865	0.02270	0.67734	0.03128	0.02699	0.01963	0.00981	0.00797	0.00245	0.00675	0.00797	0.00981	0.01350
26	0.01261	0.00907	0.01255	0.01428	0.01615	0.00901	0.01245	0.01618	0.01825	0.02362	0.04387	0.08880	0.07618	0.02182	0.01088	0.00360	0.00714	0.58897	0.00730	0.00727
27	0.03331	0.01451	0.01871	0.01463	0.02058	0.01350	0.01199	0.07989	0.09999	0.55769	0.03058	0.02677	0.01977	0.00991	0.00798	0.00248	0.00682	0.00804	0.00948	0.01338
28	0.02950	0.02306	0.05343	0.01844	0.02503	0.02431	0.01571	0.61741	0.03636	0.04885	0.01882	0.01893	0.01333	0.00943	0.00791	0.00239	0.00886	0.00708	0.00773	0.01341
29	0.00999	0.00715	0.00954	0.01113	0.01181	0.00670	0.00767	0.01174	0.01610	0.02163	0.10796	0.61389	0.05438	0.02379	0.01009	0.00317	0.00466	0.05451	0.00750	0.00660
30	0.02907	0.01294	0.01604	0.01278	0.01775	0.01217	0.01040	0.11274	0.02292	0.41450	0.02817	0.02666	0.01902	0.00962	0.00729	0.00228	0.00616	0.00770	0.22000	0.01179
31	0.02173	0.10688	0.05274	0.02176	0.02780	0.11906	0.20993	0.02580	0.01810	0.08918	0.01534	0.01841	0.01199	0.00806	0.00991	0.00230	0.10013	0.00681	0.00455	0.12950
32	0.01080	0.04376	0.01159	0.01144	0.05582	0.00875	0.00785	0.01309	0.01805	0.02226	0.11304	0.12325	0.49508	0.01868	0.00912	0.00264	0.00463	0.01580	0.00704	0.00730
33	0.01864	0.02313	0.12422	0.03684	0.23988	0.01946	0.36789	0.02503	0.01825	0.02552	0.01545	0.02023	0.01194	0.00691	0.00865	0.00255	0.01191	0.00818	0.00390	0.01142
34	0.01630	0.02016	0.16718	0.01583	0.02319	0.01311	0.05574	0.04868	0.01745	0.02609	0.01792	0.09823	0.01619	0.00867	0.00706	0.00187	0.00766	0.00745	0.00480	0.42641

[dist]
# distance from previous block
# <min> <max>
0	1

[block]
# block no. 6 follows, 24 sequences, length 128
# corresponding to MSA columns:
# 525-652
name=unknown_G
#
# <colnr> <probs for GDERKNQSTAVLIFYWHMCP>
#	G	D	E	R	K	N	Q	S	T	A	V	L	I	F	Y	W	H	M	C	P
0	0.63480	0.04930	0.01421	0.01139	0.01647	0.04824	0.00943	0.02523	0.01493	0.09758	0.01310	0.01434	0.00983	0.00761	0.00532	0.00240	0.00667	0.00469	0.00529	0.00918
1	0.02164	0.01454	0.01584	0.01310	0.01656	0.01553	0.00992	0.30249	0.02454	0.06525	0.02271	0.03249	0.02016	0.25941	0.01897	0.00417	0.00754	0.00876	0.11683	0.00955
2	0.01341	0.00884	0.01106	0.08765	0.01582	0.00909	0.00840	0.03714	0.01828	0.02745	0.21627	0.10753	0.03923	0.08730	0.01112	0.00290	0.00516	0.01134	0.27459	0.00742
3	0.01077	0.00809	0.00997	0.00950	0.01157	0.00729	0.00712	0.01408	0.02137	0.02925	0.52351	0.06343	0.22057	0.01716	0.00936	0.00254	0.00381	0.01493	0.00839	0.00729
4	0.01023	0.00751	0.00960	0.01026	0.01154	0.00688	0.00724	0.01260	0.01835	0.02486	0.28993	0.38297	0.13690	0.02091	0.00973	0.00287	0.00420	0.01865	0.00789	0.00688
5	0.02120	0.72609	0.04155	0.01357	0.02035	0.03138	0.01357	0.02374	0.01611	0.01866	0.01102	0.01272	0.01018	0.00678	0.00509	0.00170	0.00848	0.00424	0.00339	0.01018
6	0.01644	0.01409	0.01644	0.01175	0.01879	0.01057	0.00940	0.01997	0.01644	0.02584	0.01409	0.01644	0.01175	0.00587	0.00587	0.00117	0.00587	0.00470	0.00470	0.76979
7	0.01278	0.00913	0.01278	0.01460	0.01643	0.00913	0.01278	0.01643	0.01825	0.02373	0.04199	0.08945	0.04564	0.02191	0.01095	0.00365	0.00730	0.61847	0.00730	0.00730
8	0.01478	0.00739	0.00739	0.00739	0.00924	0.00739	0.00554	0.01848	0.01663	0.02956	0.02587	0.02956	0.02033	0.00924	0.00554	0.00185	0.00370	0.00739	0.76534	0.00739
9	0.77733	0.01534	0.01166	0.01043	0.01534	0.01779	0.00859	0.02331	0.01350	0.03558	0.01104	0.01288	0.00859	0.00736	0.00491	0.00245	0.00613	0.00429	0.00491	0.00859
10	0.01128	0.00815	0.01068	0.01016	0.01202	0.00755	0.00769	0.01502	0.02228	0.03149	0.64340	0.06041	0.07369	0.01643	0.00941	0.00254	0.00388	0.03777	0.00867	0.00748
11	0.77733	0.01534	0.01166	0.01043	0.01534	0.01779	0.00859	0.02331	0.01350	0.03558	0.01104	0.01288	0.00859	0.00736	0.00491	0.00245	0.00613	0.00429	0.00491	0.00859
12	0.02118	0.01671	0.01797	0.01595	0.02059	0.01898	0.01247	0.04182	0.59918	0.09238	0.03218	0.02935	0.02379	0.01067	0.00806	0.00267	0.00632	0.00887	0.00823	0.01264
13	0.00972	0.00805	0.00851	0.00840	0.01092	0.00684	0.00630	0.01205	0.01890	0.02337	0.19058	0.07311	0.55717	0.01936	0.00937	0.00264	0.00396	0.01629	0.00762	0.00684
14	0.00966	0.00690	0.00920	0.01104	0.01150	0.00644	0.00736	0.01104	0.01518	0.02024	0.04371	0.71614	0.05245	0.02484	0.01012	0.00322	0.00460	0.02254	0.00736	0.00644
15	0.00956	0.00753	0.00864	0.00943	0.01110	0.00661	0.00667	0.01135	0.01694	0.02125	0.08404	0.35881	0.37588	0.02206	0.00970	0.00291	0.00427	0.01922	0.00741	0.00661
16	0.01590	0.04102	0.68023	0.02260	0.03432	0.01842	0.02930	0.02511	0.01674	0.02511	0.01423	0.01674	0.01005	0.00753	0.00753	0.00251	0.01172	0.00586	0.00335	0.01172
17	0.03558	0.01350	0.01840	0.01411	0.02024	0.01166	0.01166	0.03865	0.02270	0.67734	0.03128	0.02699	0.01963	0.00981	0.00797	0.00245	0.00675	0.00797	0.00981	0.01350
18	0.07887	0.01383	0.01790	0.01391	0.01977	0.01255	0.01145	0.07121	0.02296	0.56971	0.06185	0.02733	0.02143	0.00998	0.00786	0.00245	0.00667	0.00803	0.00936	0.01289
19	0.01867	0.02021	0.04076	0.05942	0.18233	0.02006	0.42808	0.02444	0.01790	0.02479	0.01524	0.02064	0.01196	0.00743	0.01039	0.00267	0.07165	0.00855	0.00393	0.01088
20	0.01590	0.04102	0.68023	0.02260	0.03432	0.01842	0.02930	0.02511	0.01674	0.02511	0.01423	0.01674	0.01005	0.00753	0.00753	0.00251	0.01172	0.00586	0.00335	0.01172
21	0.01524	0.01278	0.01805	0.01599	0.01695	0.01635	0.03219	0.01752	0.01331	0.02098	0.01650	0.02362	0.01491	0.02428	0.17947	0.04606	0.34096	0.00748	0.15954	0.00782
22	0.01986	0.02034	0.05375	0.02904	0.18923	0.05234	0.20252	0.08178	0.04728	0.02784	0.01683	0.02152	0.01357	0.00760	0.00795	0.00225	0.00994	0.02496	0.00474	0.16665
23	0.11174	0.20515	0.02501	0.01554	0.02101	0.18477	0.01300	0.11168	0.02157	0.16427	0.01795	0.04427	0.01409	0.00890	0.00676	0.00218	0.00916	0.00635	0.00585	0.01076
24	0.07186	0.01408	0.01814	0.01412	0.02002	0.01291	0.01161	0.07397	0.04499	0.56549	0.04822	0.02683	0.02047	0.00989	0.00786	0.00246	0.00673	0.00796	0.00936	0.01304
25	0.04252	0.00825	0.00930	0.00906	0.01045	0.00840	0.00642	0.01575	0.01646	0.02605	0.18454	0.07090	0.03657	0.19021	0.01606	0.00361	0.02777	0.01067	0.30018	0.00681
26	0.01172	0.00767	0.00858	0.00858	0.00868	0.00767	0.00485	0.01193	0.01182	0.01619	0.02504	0.05062	0.02834	0.68060	0.03837	0.00735	0.00746	0.01130	0.04829	0.00495
27	0.00985	0.00722	0.00916	0.01062	0.01147	0.00667	0.00728	0.01137	0.01560	0.02035	0.04844	0.55507	0.14721	0.05769	0.01151	0.00337	0.00478	0.04866	0.00723	0.00644
28	0.77733	0.01534	0.01166	0.01043	0.01534	0.01779	0.00859	0.02331	0.01350	0.03558	0.01104	0.01288	0.00859	0.00736	0.00491	0.00245	0.00613	0.00429	0.00491	0.00859
29	0.01195	0.00880	0.01156	0.01257	0.01441	0.00857	0.01029	0.01583	0.04130	0.02504	0.17446	0.15898	0.11699	0.02052	0.01025	0.00322	0.00585	0.33441	0.00764	0.00735
30	0.02120	0.72609	0.04155	0.01357	0.02035	0.03138	0.01357	0.02374	0.01611	0.01866	0.01102	0.01272	0.01018	0.00678	0.00509	0.00170	0.00848	0.00424	0.00339	0.01018
31	0.01643	0.01498	0.01363	0.01228	0.01590	0.09191	0.00948	0.11194	0.11692	0.02751	0.07685	0.05298	0.37727	0.01559	0.00870	0.00255	0.00625	0.01271	0.00721	0.00889
32	0.02082	0.58249	0.14027	0.01534	0.02276	0.06436	0.01612	0.02438	0.01655	0.01970	0.01159	0.01343	0.01016	0.00698	0.00558	0.00184	0.00930	0.00454	0.00342	0.01037
33	0.05263	0.35758	0.20627	0.01560	0.02298	0.02303	0.01668	0.02390	0.05312	0.02314	0.04661	0.05004	0.01607	0.00848	0.00640	0.00208	0.00855	0.00632	0.00424	0.05628
34	0.32596	0.01822	0.05180	0.06431	0.02278	0.01864	0.01309	0.20711	0.02249	0.15859	0.01756	0.01812	0.01231	0.00850	0.00672	0.00245	0.00761	0.00609	0.00653	0.01111
35	0.01872	0.02139	0.04679	0.03342	0.04144	0.02005	0.64305	0.02540	0.01872	0.02540	0.01604	0.02139	0.01203	0.00668	0.00936	0.00267	0.01337	0.00936	0.00401	0.01070
36	0.00965	0.00695	0.00915	0.01091	0.01147	0.00645	0.00730	0.01106	0.01531	0.02029	0.04528	0.68872	0.07885	0.02464	0.01009	0.00320	0.00458	0.02229	0.00736	0.00645
37	0.01734	0.04718	0.07626	0.02861	0.08600	0.01835	0.39058	0.02285	0.01800	0.02479	0.07582	0.04792	0.01959	0.04165	0.01127	0.00287	0.04673	0.00962	0.00449	0.01009
38	0.01894	0.01814	0.03094	0.14570	0.58021	0.01866	0.02399	0.02373	0.01773	0.02507	0.01479	0.01985	0.01227	0.00719	0.00786	0.00240	0.00959	0.00706	0.00387	0.01200
39	0.03558	0.01350	0.01840	0.01411	0.02024	0.01166	0.01166	0.03865	0.02270	0.67734	0.03128	0.02699	0.01963	0.00981	0.00797	0.00245	0.00675	0.00797	0.00981	0.01350
40	0.02714	0.09431	0.02229	0.05314	0.02333	0.26890	0.01376	0.11098	0.05395	0.15477	0.05193	0.02137	0.01696	0.00911	0.00733	0.00221	0.00989	0.00672	0.04126	0.01067
41	0.01633	0.06296	0.60406	0.02322	0.03445	0.01900	0.08121	0.02509	0.01689	0.02491	0.01428	0.01700	0.01022	0.00744	0.00761	0.00250	0.01175	0.00610	0.00341	0.01158
42	0.02962	0.03779	0.02247	0.02043	0.02451	0.68948	0.01532	0.03166	0.02247	0.01941	0.01226	0.01430	0.01021	0.00817	0.00715	0.00204	0.01430	0.00511	0.00409	0.00919
