[name]
unknown

[dist]
# distance from previous block
# <min> <max>
2	12

[block]
# block no. 0 follows, 24 sequences, length 6
# corresponding to MSA columns:
# 12-17
name=unknown_A
#
# <colnr> <probs for GDERKNQSTAVLIFYWHMCP>
#	G	D	E	R	K	N	Q	S	T	A	V	L	I	F	Y	W	H	M	C	P
0	0.06402	0.01357	0.01433	0.01288	0.01624	0.05598	0.00991	0.07645	0.12515	0.10472	0.24962	0.12110	0.07540	0.01421	0.00855	0.00258	0.00586	0.01204	0.00791	0.00951
1	0.15932	0.06128	0.07463	0.01445	0.01941	0.01432	0.06858	0.02258	0.05853	0.08128	0.18023	0.05765	0.06481	0.01158	0.00778	0.00246	0.00677	0.03344	0.00641	0.05449
2	0.02962	0.03779	0.02247	0.02043	0.02451	0.68948	0.01532	0.03166	0.02247	0.01941	0.01226	0.01430	0.01021	0.00817	0.00715	0.00204	0.01430	0.00511	0.00409	0.00919
3	0.15134	0.05758	0.02081	0.01571	0.02118	0.02128	0.01290	0.38424	0.06853	0.07132	0.02092	0.08203	0.01699	0.01050	0.00748	0.00245	0.00766	0.00806	0.00723	0.01179
4	0.02679	0.02055	0.02191	0.01757	0.02332	0.02303	0.01426	0.45149	0.23665	0.04457	0.02329	0.02243	0.01693	0.00992	0.00798	0.00248	0.00794	0.00773	0.00798	0.01319
5	0.01511	0.00997	0.01169	0.01081	0.01376	0.00933	0.00823	0.04995	0.06541	0.11284	0.20856	0.14499	0.27422	0.01721	0.00912	0.00266	0.00478	0.01473	0.00811	0.00851

[dist]
# distance from previous block
# <min> <max>
0	3

[block]
# block no. 1 follows, 24 sequences, length 7
# corresponding to MSA columns:
# 21-27
name=unknown_B
#
# <colnr> <probs for GDERKNQSTAVLIFYWHMCP>
#	G	D	E	R	K	N	Q	S	T	A	V	L	I	F	Y	W	H	M	C	P
0	0.01987	0.38968	0.02918	0.01417	0.01891	0.12473	0.01236	0.04882	0.01803	0.02119	0.05961	0.11668	0.02120	0.01416	0.05712	0.00286	0.00947	0.00805	0.00466	0.00924
1	0.01794	0.01711	0.02752	0.22236	0.27491	0.03836	0.08751	0.02442	0.08867	0.02411	0.01766	0.02418	0.01454	0.00945	0.00946	0.04574	0.00974	0.03141	0.00440	0.01048
2	0.01441	0.01211	0.06758	0.14642	0.02198	0.01048	0.01186	0.01489	0.01286	0.01776	0.01466	0.02369	0.01356	0.06498	0.02169	0.39944	0.00790	0.00683	0.00372	0.11317
3	0.02523	0.01852	0.02012	0.01619	0.02162	0.02004	0.01307	0.38870	0.15120	0.07656	0.02785	0.06253	0.06627	0.01120	0.00809	0.00246	0.00746	0.00895	0.00785	0.04608
4	0.01296	0.00895	0.01029	0.00985	0.01071	0.00903	0.00627	0.06675	0.01564	0.02115	0.12103	0.09853	0.03604	0.50467	0.03077	0.00613	0.00697	0.01237	0.00584	0.00607
5	0.02157	0.06924	0.01899	0.01584	0.01938	0.26441	0.01201	0.07824	0.14112	0.02434	0.02588	0.12283	0.05673	0.08131	0.01103	0.00292	0.00937	0.00965	0.00582	0.00930
6	0.14475	0.11078	0.29244	0.02151	0.07002	0.04894	0.08819	0.02621	0.01725	0.08797	0.01511	0.01720	0.01112	0.00754	0.00706	0.00239	0.01009	0.00604	0.00437	0.01102

[dist]
# distance from previous block
# <min> <max>
1	2

[block]
# block no. 2 follows, 24 sequences, length 121
# corresponding to MSA columns:
# 30-150
name=unknown_C
#
# <colnr> <probs for GDERKNQSTAVLIFYWHMCP>
#	G	D	E	R	K	N	Q	S	T	A	V	L	I	F	Y	W	H	M	C	P
0	0.06003	0.01774	0.01987	0.01573	0.02134	0.01853	0.01276	0.36208	0.04850	0.16771	0.02377	0.09509	0.01885	0.01087	0.00788	0.00240	0.00748	0.00869	0.00786	0.07279
1	0.01265	0.00968	0.01418	0.01299	0.01454	0.01029	0.05855	0.03900	0.01387	0.01918	0.02332	0.07366	0.02404	0.29957	0.32930	0.00913	0.01416	0.01039	0.00475	0.00674
2	0.01793	0.02062	0.06991	0.02833	0.03534	0.01898	0.45148	0.02371	0.01746	0.02454	0.01529	0.02046	0.01198	0.00909	0.03246	0.00290	0.08699	0.00835	0.00401	0.10018
3	0.01682	0.01646	0.02337	0.04843	0.02226	0.02137	0.03732	0.01907	0.01318	0.02021	0.01278	0.05086	0.01264	0.01295	0.02153	0.00312	0.53672	0.00750	0.00382	0.09958
4	0.01049	0.00809	0.01186	0.08252	0.01684	0.00801	0.02850	0.01243	0.01536	0.02040	0.03982	0.62350	0.04691	0.02255	0.00987	0.00314	0.00548	0.02055	0.00686	0.00681
5	0.02005	0.47243	0.18505	0.01707	0.02483	0.04829	0.05174	0.02537	0.05031	0.02128	0.01318	0.01505	0.01099	0.00720	0.00610	0.00200	0.00956	0.00517	0.00368	0.01065
6	0.02030	0.01656	0.02096	0.01541	0.02226	0.01479	0.07080	0.15001	0.05011	0.05455	0.01673	0.01842	0.01298	0.00706	0.00680	0.00168	0.00722	0.00595	0.00563	0.48182
7	0.50298	0.01807	0.04236	0.06728	0.02162	0.06129	0.03600	0.04512	0.03645	0.08407	0.01422	0.01595	0.01057	0.00781	0.00601	0.00246	0.00765	0.00535	0.00524	0.00952
8	0.05645	0.10925	0.58023	0.02104	0.03190	0.01970	0.02661	0.02488	0.01651	0.02501	0.01374	0.01613	0.00998	0.00745	0.00715	0.00243	0.01110	0.00561	0.00343	0.01140
9	0.00966	0.00690	0.00920	0.01104	0.01150	0.00644	0.00736	0.01104	0.01518	0.02024	0.04371	0.71614	0.05245	0.02484	0.01012	0.00322	0.00460	0.02254	0.00736	0.00644
10	0.01554	0.01471	0.02462	0.60628	0.11296	0.01805	0.02202	0.02060	0.01589	0.02075	0.01400	0.02081	0.01076	0.00813	0.00878	0.00265	0.04366	0.00704	0.00356	0.00917
11	0.01120	0.00815	0.01057	0.01008	0.01198	0.00751	0.00763	0.01485	0.02206	0.03095	0.61268	0.06134	0.10251	0.01664	0.00942	0.00255	0.00390	0.03993	0.00860	0.00744
12	0.00966	0.00690	0.00920	0.01104	0.01150	0.00644	0.00736	0.01104	0.01518	0.02024	0.04371	0.71614	0.05245	0.02484	0.01012	0.00322	0.00460	0.02254	0.00736	0.00644
13	0.01092	0.00813	0.01022	0.01010	0.01206	0.00743	0.00771	0.01417	0.02075	0.02826	0.45211	0.10028	0.19181	0.01803	0.00956	0.00269	0.00420	0.07608	0.00824	0.00725
14	0.01738	0.01407	0.01654	0.01186	0.01886	0.01062	0.00951	0.02088	0.01675	0.05757	0.01493	0.01696	0.01213	0.00606	0.00598	0.00124	0.00592	0.00486	0.00495	0.73296
15	0.02588	0.01211	0.01582	0.01291	0.01745	0.01111	0.01036	0.05453	0.05655	0.38920	0.25695	0.03827	0.03924	0.01213	0.00847	0.00248	0.00573	0.01026	0.00926	0.01131
16	0.05197	0.00834	0.00884	0.00882	0.01126	0.00743	0.00657	0.01270	0.01840	0.02410	0.18685	0.12844	0.46066	0.01907	0.00919	0.00268	0.00413	0.01612	0.00749	0.00693
17	0.00966	0.00690	0.00920	0.01104	0.01150	0.00644	0.00736	0.01104	0.01518	0.02024	0.04371	0.71614	0.05245	0.02484	0.01012	0.00322	0.00460	0.02254	0.00736	0.00644
18	0.70018	0.01514	0.01236	0.01081	0.01585	0.01715	0.00891	0.02491	0.01445	0.10233	0.01315	0.01435	0.00974	0.00762	0.00523	0.00245	0.00620	0.00468	0.00542	0.00910
19	0.01100	0.00804	0.01033	0.00987	0.01174	0.00737	0.00736	0.01449	0.02175	0.03041	0.59077	0.09258	0.12076	0.01694	0.00939	0.00254	0.00380	0.01493	0.00855	0.00737
20	0.01024	0.00853	0.00900	0.00888	0.01147	0.00756	0.00665	0.01365	0.05616	0.02344	0.15379	0.09596	0.52843	0.01921	0.00932	0.00268	0.00414	0.01619	0.00759	0.00713
21	0.04216	0.00850	0.00850	0.00816	0.01027	0.00871	0.00614	0.05277	0.01741	0.03021	0.02493	0.02949	0.01995	0.04387	0.00735	0.00218	0.00425	0.00747	0.66006	0.00764
22	0.01233	0.00829	0.01079	0.01004	0.01208	0.00764	0.00757	0.01604	0.02223	0.05737	0.61764	0.05681	0.07053	0.01569	0.00915	0.00247	0.00386	0.01382	0.03792	0.00772
23	0.00966	0.00690	0.00920	0.01104	0.01150	0.00644	0.00736	0.01104	0.01518	0.02024	0.04371	0.71614	0.05245	0.02484	0.01012	0.00322	0.00460	0.02254	0.00736	0.00644
24	0.77733	0.01534	0.01166	0.01043	0.01534	0.01779	0.00859	0.02331	0.01350	0.03558	0.01104	0.01288	0.00859	0.00736	0.00491	0.00245	0.00613	0.00429	0.00491	0.00859
25	0.01432	0.00850	0.01073	0.01018	0.01174	0.00797	0.00704	0.01630	0.01755	0.10899	0.26770	0.13998	0.04790	0.27241	0.02053	0.00447	0.00568	0.01358	0.00726	0.00716
26	0.03133	0.01301	0.01724	0.01352	0.01902	0.01150	0.01105	0.06098	0.02305	0.54601	0.10054	0.03276	0.06085	0.01104	0.00819	0.00247	0.00637	0.00909	0.00948	0.01249
27	0.24710	0.01075	0.01042	0.00937	0.01282	0.01119	0.00743	0.02313	0.01665	0.13435	0.02228	0.02414	0.01669	0.00877	0.00574	0.00213	0.00491	0.00655	0.41685	0.00872
28	0.02915	0.03680	0.02226	0.02022	0.02433	0.65754	0.01519	0.03216	0.05276	0.02006	0.01321	0.01503	0.01088	0.00829	0.00719	0.00207	0.01392	0.00529	0.00428	0.00935
29	0.01389	0.00814	0.01069	0.01120	0.01286	0.00738	0.00795	0.01578	0.01720	0.12574	0.09584	0.50168	0.09820	0.02137	0.00966	0.00300	0.00482	0.01909	0.00786	0.00767
30	0.01955	0.01688	0.01785	0.01591	0.02052	0.01924	0.01239	0.04097	0.62383	0.03279	0.03132	0.02890	0.02355	0.01050	0.00795	0.00261	0.00625	0.00874	0.00789	0.05234
31	0.03532	0.01391	0.01866	0.01431	0.02045	0.01227	0.01182	0.06758	0.02339	0.64742	0.03070	0.02661	0.01934	0.00980	0.00797	0.00245	0.00684	0.00793	0.00972	0.01349
32	0.01209	0.00883	0.01182	0.01305	0.01500	0.00856	0.01111	0.01553	0.01881	0.02453	0.13400	0.08344	0.13600	0.02086	0.01051	0.00336	0.00635	0.45138	0.00751	0.00724
33	0.29854	0.01123	0.01146	0.01034	0.01364	0.01169	0.00807	0.02022	0.01842	0.09027	0.30963	0.03737	0.04076	0.04003	0.00862	0.00265	0.00506	0.00958	0.04410	0.00832
34	0.01114	0.00880	0.00980	0.00928	0.01186	0.00792	0.00703	0.04601	0.02069	0.02673	0.29233	0.06705	0.41661	0.01811	0.00929	0.00259	0.00416	0.01535	0.00789	0.00734
35	0.00966	0.00690	0.00920	0.01104	0.01150	0.00644	0.00736	0.01104	0.01518	0.02024	0.04371	0.71614	0.05245	0.02484	0.01012	0.00322	0.00460	0.02254	0.00736	0.00644
36	0.01190	0.00796	0.00911	0.00916	0.01042	0.00739	0.00605	0.01314	0.01521	0.05138	0.07880	0.16178	0.21019	0.32333	0.02272	0.00489	0.00581	0.01455	0.02999	0.00623
37	0.07032	0.02139	0.02263	0.01764	0.02374	0.02380	0.01450	0.55960	0.08904	0.04775	0.01973	0.01960	0.01413	0.00951	0.00778	0.00241	0.00837	0.00714	0.00778	0.01314
38	0.02966	0.03667	0.02257	0.02027	0.02452	0.64134	0.01530	0.07610	0.02354	0.02162	0.01275	0.01464	0.01045	0.00827	0.00721	0.00207	0.01390	0.00525	0.00436	0.00950
39	0.03515	0.01418	0.01883	0.01443	0.02058	0.01267	0.01192	0.08637	0.02384	0.62800	0.03032	0.02637	0.01915	0.00979	0.00797	0.00245	0.00690	0.00791	0.00967	0.01349
40	0.01647	0.01615	0.02410	0.27257	0.03330	0.02182	0.01908	0.01952	0.01352	0.01952	0.01177	0.01875	0.01047	0.01168	0.01934	0.00316	0.44958	0.00698	0.00349	0.00872
41	0.01726	0.01643	0.02792	0.38077	0.35822	0.01822	0.02316	0.02227	0.01694	0.02304	0.01450	0.02040	0.01155	0.00750	0.00789	0.00250	0.01001	0.00706	0.00372	0.01065
42	0.53843	0.01633	0.01480	0.01236	0.01770	0.01818	0.01019	0.13877	0.01910	0.12713	0.01530	0.01596	0.01101	0.00809	0.00588	0.00244	0.00669	0.00532	0.00614	0.01016
43	0.01963	0.01884	0.03219	0.04867	0.67185	0.01884	0.02434	0.02434	0.01806	0.02591	0.01492	0.01963	0.01256	0.00707	0.00785	0.00236	0.00942	0.00707	0.00393	0.01256
44	0.00966	0.00690	0.00920	0.01104	0.01150	0.00644	0.00736	0.01104	0.01518	0.02024	0.04371	0.71614	0.05245	0.02484	0.01012	0.00322	0.00460	0.02254	0.00736	0.00644
45	0.03014	0.02221	0.02380	0.01825	0.02459	0.02459	0.01507	0.64541	0.03728	0.04998	0.01904	0.01904	0.01349	0.00952	0.00793	0.00238	0.00873	0.00714	0.00793	0.01349
46	0.00966	0.00690	0.00920	0.01104	0.01150	0.00644	0.00736	0.01104	0.01518	0.02024	0.04371	0.71614	0.05245	0.02484	0.01012	0.00322	0.00460	0.02254	0.00736	0.00644
47	0.00946	0.00804	0.00815	0.00812	0.01076	0.00673	0.00609	0.01155	0.01828	0.02191	0.10770	0.07552	0.64096	0.01990	0.00937	0.00267	0.00400	0.01662	0.00743	0.00673
48	0.02965	0.03707	0.02253	0.02033	0.02452	0.65850	0.01531	0.06026	0.02316	0.02083	0.01257	0.01452	0.01037	0.00823	0.00719	0.00206	0.01404	0.00520	0.00427	0.00939
49	0.06438	0.01899	0.02146	0.01652	0.02273	0.01996	0.01365	0.41510	0.03136	0.25958	0.02280	0.02144	0.01533	0.00952	0.00782	0.00241	0.00795	0.00730	0.00843	0.01328
50	0.00966	0.00690	0.00920	0.01104	0.01150	0.00644	0.00736	0.01104	0.01518	0.02024	0.04371	0.71614	0.05245	0.02484	0.01012	0.00322	0.00460	0.02254	0.00736	0.00644
51	0.00954	0.00792	0.00834	0.00849	0.01088	0.00673	0.00627	0.01161	0.01810	0.02206	0.11970	0.14161	0.56089	0.02029	0.00945	0.00272	0.00406	0.01716	0.00746	0.00673
52	0.01067	0.00733	0.00890	0.00975	0.00996	0.00712	0.00598	0.01131	0.01321	0.01761	0.03358	0.35698	0.03968	0.40143	0.02647	0.00564	0.00627	0.01659	0.00598	0.00556
53	0.02962	0.03779	0.02247	0.02043	0.02451	0.68948	0.01532	0.03166	0.02247	0.01941	0.01226	0.01430	0.01021	0.00817	0.00715	0.00204	0.01430	0.00511	0.00409	0.00919
54	0.00977	0.00698	0.00933	0.01117	0.01168	0.00654	0.00756	0.01124	0.01529	0.02037	0.04364	0.69355	0.05220	0.02474	0.01015	0.00324	0.00470	0.04403	0.00736	0.00647
55	0.01279	0.00937	0.01256	0.01397	0.01581	0.00947	0.01172	0.01756	0.06647	0.02445	0.07829	0.16756	0.04665	0.02112	0.01053	0.00345	0.00665	0.45654	0.00745	0.00759
56	0.01104	0.00752	0.00899	0.00960	0.00982	0.00739	0.00590	0.01160	0.01289	0.01716	0.03118	0.24699	0.03644	0.48812	0.03028	0.00621	0.00677	0.04107	0.00566	0.00539
57	0.03558	0.01350	0.01840	0.01411	0.02024	0.01166	0.01166	0.03865	0.02270	0.67734	0.03128	0.02699	0.01963	0.00981	0.00797	0.00245	0.00675	0.00797	0.00981	0.01350
58	0.02120	0.72609	0.04155	0.01357	0.02035	0.03138	0.01357	0.02374	0.01611	0.01866	0.01102	0.01272	0.01018	0.00678	0.00509	0.00170	0.00848	0.00424	0.00339	0.01018
59	0.70518	0.01491	0.01196	0.01067	0.01548	0.01701	0.00872	0.02376	0.01410	0.07276	0.01345	0.03983	0.01087	0.00815	0.00528	0.00248	0.00611	0.00519	0.00529	0.00880
60	0.00966	0.00690	0.00920	0.01104	0.01150	0.00644	0.00736	0.01104	0.01518	0.02024	0.04371	0.71614	0.05245	0.02484	0.01012	0.00322	0.00460	0.02254	0.00736	0.00644
61	0.01087	0.00784	0.01029	0.01021	0.01177	0.00725	0.00746	0.01409	0.02082	0.02921	0.52796	0.20632	0.06981	0.01814	0.00952	0.00266	0.00393	0.01618	0.00842	0.00725
62	0.00981	0.00700	0.00937	0.01121	0.01173	0.00657	0.00761	0.01129	0.01533	0.02041	0.04363	0.68694	0.05213	0.02471	0.01016	0.00324	0.00473	0.05031	0.00736	0.00648
63	0.02630	0.01153	0.01579	0.01389	0.01818	0.01036	0.01147	0.02934	0.02061	0.42137	0.03567	0.12367	0.03058	0.01488	0.00904	0.00287	0.00665	0.17797	0.00884	0.01097
64	0.01138	0.00763	0.00869	0.00884	0.00888	0.00759	0.00501	0.01149	0.01182	0.01576	0.02648	0.10486	0.03071	0.66578	0.03795	0.00733	0.00744	0.01241	0.00501	0.00494
65	0.02572	0.01507	0.01764	0.01452	0.01954	0.01540	0.01165	0.14423	0.20036	0.27018	0.09636	0.03341	0.07701	0.01148	0.00824	0.00253	0.00646	0.00943	0.00869	0.01209
66	0.01339	0.00966	0.01221	0.01205	0.01393	0.00884	0.00901	0.01620	0.02220	0.03115	0.51189	0.12754	0.06891	0.01879	0.01039	0.00307	0.00502	0.08838	0.00896	0.00842
67	0.01644	0.01409	0.01644	0.01175	0.01879	0.01057	0.00940	0.01997	0.01644	0.02584	0.01409	0.01644	0.01175	0.00587	0.00587	0.00117	0.00587	0.00470	0.00470	0.76979
68	0.01153	0.00769	0.00865	0.00865	0.00865	0.00769	0.00480	0.01153	0.01153	0.01538	0.02499	0.05189	0.02883	0.72131	0.04036	0.00769	0.00769	0.01153	0.00480	0.00480
69	0.01665	0.01580	0.02680	0.46744	0.27637	0.01806	0.02285	0.02173	0.01665	0.02229	0.01439	0.02060	0.01129	0.00762	0.00790	0.00254	0.01016	0.00705	0.00367	0.01016
70	0.03558	0.01350	0.01840	0.01411	0.02024	0.01166	0.01166	0.03865	0.02270	0.67734	0.03128	0.02699	0.01963	0.00981	0.00797	0.00245	0.00675	0.00797	0.00981	0.01350
71	0.02564	0.01196	0.01565	0.01286	0.01736	0.01096	0.01029	0.03075	0.08204	0.39298	0.25225	0.03842	0.03921	0.01212	0.00846	0.00249	0.00566	0.01028	0.00927	0.01132
72	0.02965	0.01719	0.01998	0.01569	0.02130	0.01775	0.01274	0.30941	0.07996	0.28354	0.05004	0.02618	0.01985	0.04739	0.00972	0.00272	0.00753	0.00811	0.00852	0.01273
73	0.01126	0.00812	0.01119	0.01133	0.01223	0.00894	0.00812	0.01309	0.01256	0.01761	0.02420	0.09222	0.02523	0.26257	0.43366	0.01041	0.01570	0.01056	0.00467	0.00632
74	0.03072	0.02128	0.02322	0.01780	0.02413	0.02321	0.01471	0.58078	0.03573	0.11680	0.02034	0.01989	0.01414	0.00955	0.00794	0.00239	0.00852	0.00723	0.00813	0.01349
75	0.01663	0.01578	0.02677	0.47038	0.27359	0.01805	0.02284	0.02171	0.01664	0.02226	0.01439	0.02060	0.01128	0.00762	0.00790	0.00254	0.01016	0.00705	0.00367	0.01014
76	0.02907	0.01555	0.05437	0.01437	0.02056	0.01297	0.01233	0.08811	0.04293	0.42850	0.07778	0.02699	0.02207	0.00969	0.00779	0.00229	0.00683	0.00790	0.00848	0.11141
77	0.10395	0.06268	0.02335	0.01709	0.02323	0.02408	0.01421	0.51777	0.06323	0.04589	0.01840	0.01855	0.01331	0.00920	0.00747	0.00236	0.00834	0.00677	0.00737	0.01276
78	0.01377	0.00689	0.01033	0.01033	0.01033	0.00689	0.00689	0.01033	0.01033	0.01377	0.01377	0.02410	0.01377	0.02755	0.03099	0.76928	0.00689	0.00689	0.00344	0.00344
79	0.02296	0.08554	0.02153	0.01686	0.02177	0.20004	0.01331	0.07728	0.33670	0.02876	0.02267	0.02222	0.01748	0.00924	0.00737	0.00229	0.00876	0.00705	0.00631	0.07188
80	0.00966	0.00690	0.00920	0.01104	0.01150	0.00644	0.00736	0.01104	0.01518	0.02024	0.04371	0.71614	0.05245	0.02484	0.01012	0.00322	0.00460	0.02254	0.00736	0.00644
81	0.77733	0.01534	0.01166	0.01043	0.01534	0.01779	0.00859	0.02331	0.01350	0.03558	0.01104	0.01288	0.00859	0.00736	0.00491	0.00245	0.00613	0.00429	0.00491	0.00859
82	0.01279	0.00689	0.01006	0.01050	0.01061	0.00678	0.00700	0.01050	0.01149	0.01532	0.02094	0.18977	0.02303	0.02690	0.02600	0.58590	0.00634	0.01063	0.00438	0.00416
83	0.01660	0.00934	0.01195	0.01096	0.01327	0.00873	0.00800	0.01980	0.04287	0.16499	0.29200	0.13912	0.04871	0.15961	0.01544	0.00365	0.00540	0.01332	0.00795	0.00827
84	0.01171	0.00865	0.01105	0.01058	0.01262	0.00822	0.00811	0.01635	0.05529	0.03078	0.55891	0.06083	0.09560	0.01655	0.00941	0.00260	0.00417	0.06233	0.00852	0.00770
85	0.01478	0.00739	0.00739	0.00739	0.00924	0.00739	0.00554	0.01848	0.01663	0.02956	0.02587	0.02956	0.02033	0.00924	0.00554	0.00185	0.00370	0.00739	0.76534	0.00739
86	0.01963	0.01884	0.03219	0.04867	0.67185	0.01884	0.02434	0.02434	0.01806	0.02591	0.01492	0.01963	0.01256	0.00707	0.00785	0.00236	0.00942	0.00707	0.00393	0.01256
87	0.01957	0.01660	0.01775	0.01610	0.02044	0.01907	0.01267	0.06341	0.58258	0.03307	0.03254	0.03395	0.02550	0.01160	0.00829	0.00275	0.00645	0.05749	0.00800	0.01217
88	0.02683	0.01254	0.01507	0.01221	0.01675	0.01206	0.00987	0.12595	0.02268	0.33328	0.02731	0.02672	0.01893	0.00955	0.00705	0.00221	0.00590	0.00762	0.29629	0.01118
89	0.02095	0.69416	0.07132	0.01399	0.02100	0.03077	0.01430	0.02381	0.01614	0.01896	0.01117	0.01291	0.01017	0.00682	0.00520	0.00173	0.00863	0.00432	0.00339	0.01025
90	0.01377	0.00689	0.01033	0.01033	0.01033	0.00689	0.00689	0.01033	0.01033	0.01377	0.01377	0.02410	0.01377	0.02755	0.03099	0.76928	0.00689	0.00689	0.00344	0.00344
91	0.01153	0.00769	0.00865	0.00865	0.00865	0.00769	0.00480	0.01153	0.01153	0.01538	0.02499	0.05189	0.02883	0.72131	0.04036	0.00769	0.00769	0.01153	0.00480	0.00480
92	0.01071	0.00790	0.01012	0.01128	0.01228	0.00767	0.00779	0.01414	0.06755	0.02311	0.14199	0.55697	0.05375	0.02235	0.00984	0.00306	0.00460	0.02016	0.00764	0.00709
93	0.01818	0.01979	0.03790	0.02844	0.03330	0.02173	0.39593	0.02291	0.01612	0.02291	0.01382	0.01979	0.01139	0.00953	0.01594	0.00299	0.28724	0.00840	0.00380	0.00990
94	0.02946	0.02069	0.02254	0.01756	0.02366	0.02266	0.01442	0.51022	0.10987	0.11322	0.02189	0.02113	0.01541	0.00970	0.00795	0.00242	0.00823	0.00744	0.00814	0.01338
95	0.01478	0.00739	0.00739	0.00739	0.00924	0.00739	0.00554	0.01848	0.01663	0.02956	0.02587	0.02956	0.02033	0.00924	0.00554	0.00185	0.00370	0.00739	0.76534	0.00739
96	0.01253	0.00895	0.01249	0.01432	0.01604	0.00891	0.01235	0.01600	0.01801	0.02345	0.04212	0.13942	0.04618	0.02214	0.01089	0.00362	0.00709	0.57096	0.00731	0.00723
97	0.02943	0.01213	0.01643	0.01307	0.01812	0.01060	0.01060	0.03267	0.02263	0.51440	0.19191	0.03513	0.03356	0.01143	0.00832	0.00246	0.00599	0.00958	0.00954	0.01198
98	0.03362	0.01306	0.01778	0.01378	0.01957	0.01132	0.01132	0.03674	0.02268	0.62548	0.08241	0.02958	0.02406	0.01033	0.00809	0.00246	0.00651	0.00849	0.00973	0.01301
99	0.01963	0.01884	0.03219	0.04867	0.67185	0.01884	0.02434	0.02434	0.01806	0.02591	0.01492	0.01963	0.01256	0.00707	0.00785	0.00236	0.00942	0.00707	0.00393	0.01256
100	0.03014	0.02221	0.02380	0.01825	0.02459	0.02459	0.01507	0.64541	0.03728	0.04998	0.01904	0.01904	0.01349	0.00952	0.00793	0.00238	0.00873	0.00714	0.00793	0.01349
101	0.01095	0.00759	0.00898	0.00931	0.00981	0.00733	0.00578	0.01186	0.01412	0.01891	0.11489	0.19996	0.07755	0.43675	0.02792	0.00575	0.00629	0.01461	0.00602	0.00562
102	0.02011	0.01723	0.01815	0.01622	0.02077	0.01990	0.01264	0.06447	0.63456	0.03379	0.03179	0.02920	0.02381	0.01071	0.00806	0.00268	0.00637	0.00890	0.00806	0.01259
103	0.01081	0.00794	0.01012	0.00989	0.01167	0.00726	0.00730	0.01405	0.02101	0.02911	0.51951	0.14558	0.14072	0.01777	0.00945	0.00261	0.00388	0.01567	0.00840	0.00726
104	0.03558	0.01350	0.01840	0.01411	0.02024	0.01166	0.01166	0.03865	0.02270	0.67734	0.03128	0.02699	0.01963	0.00981	0.00797	0.00245	0.00675	0.00797	0.00981	0.01350
105	0.01071	0.00800	0.00944	0.00912	0.01088	0.00728	0.00652	0.01320	0.01900	0.02545	0.36354	0.06307	0.24850	0.15299	0.01532	0.00355	0.00458	0.01454	0.00755	0.00673
106	0.01245	0.00890	0.01241	0.01423	0.01592	0.00885	0.01221	0.01587	0.01794	0.02337	0.04217	0.15463	0.04635	0.02221	0.01087	0.00361	0.00702	0.55649	0.00731	0.00721
107	0.03515	0.01419	0.01883	0.01444	0.02059	0.01269	0.01193	0.08702	0.02386	0.62732	0.03031	0.02636	0.01914	0.00979	0.00797	0.00245	0.00691	0.00791	0.00966	0.01349
108	0.02101	0.02015	0.03098	0.04469	0.58466	0.05616	0.02310	0.07426	0.01983	0.02747	0.01510	0.01929	0.01251	0.00732	0.00782	0.00234	0.00963	0.00696	0.00425	0.01245
109	0.03558	0.01350	0.01840	0.01411	0.02024	0.01166	0.01166	0.03865	0.02270	0.67734	0.03128	0.02699	0.01963	0.00981	0.00797	0.00245	0.00675	0.00797	0.00981	0.01350
110	0.01478	0.00739	0.00739	0.00739	0.00924	0.00739	0.00554	0.01848	0.01663	0.02956	0.02587	0.02956	0.02033	0.00924	0.00554	0.00185	0.00370	0.00739	0.76534	0.00739
111	0.01395	0.01099	0.01528	0.01426	0.01578	0.01340	0.01135	0.05861	0.01457	0.02142	0.01940	0.02768	0.01769	0.04441	0.47673	0.00962	0.14521	0.00805	0.05378	0.00783
112	0.01552	0.01486	0.02504	0.58882	0.07713	0.01836	0.04476	0.02052	0.01572	0.02058	0.01387	0.02075	0.01069	0.00838	0.00960	0.00271	0.07299	0.00712	0.00355	0.00903
113	0.01133	0.00850	0.01274	0.01274	0.01416	0.00991	0.00991	0.01416	0.01274	0.01841	0.02124	0.03115	0.01982	0.05947	0.68989	0.01274	0.02124	0.00850	0.00425	0.00708
114	0.01376	0.00867	0.01141	0.01041	0.01272	0.00792	0.00792	0.01743	0.02247	0.09894	0.60148	0.05588	0.06908	0.01555	0.00921	0.00249	0.00405	0.01368	0.00884	0.00811
115	0.03033	0.02191	0.02361	0.01810	0.02444	0.02414	0.01495	0.62417	0.03677	0.07193	0.01947	0.01932	0.01370	0.00953	0.00793	0.00238	0.00866	0.00717	0.00800	0.01349
116	0.02962	0.03779	0.02247	0.02043	0.02451	0.68948	0.01532	0.03166	0.02247	0.01941	0.01226	0.01430	0.01021	0.00817	0.00715	0.00204	0.01430	0.00511	0.00409	0.00919
117	0.01644	0.01409	0.01644	0.01175	0.01879	0.01057	0.00940	0.01997	0.01644	0.02584	0.01409	0.01644	0.01175	0.00587	0.00587	0.00117	0.00587	0.00470	0.00470	0.76979
118	0.02247	0.01811	0.01840	0.01618	0.02079	0.06571	0.01263	0.08783	0.47040	0.10000	0.03019	0.05635	0.02308	0.01097	0.00807	0.00262	0.00701	0.00902	0.00793	0.01223
119	0.01876	0.01808	0.03120	0.16581	0.53798	0.01866	0.04622	0.02364	0.01768	0.02487	0.01481	0.01996	0.01218	0.00721	0.00792	0.00242	0.00977	0.00714	0.00386	0.01182
120	0.01854	0.02081	0.04437	0.03169	0.03964	0.01930	0.59252	0.02497	0.01854	0.02544	0.01589	0.02100	0.01201	0.00662	0.00908	0.00255	0.01277	0.00899	0.00407	0.07122

[dist]
# distance from previous block
# <min> <max>
0	1

[block]
# block no. 3 follows, 24 sequences, length 35
# corresponding to MSA columns:
# 152-186
name=unknown_D
#
# <colnr> <probs for GDERKNQSTAVLIFYWHMCP>
#	G	D	E	R	K	N	Q	S	T	A	V	L	I	F	Y	W	H	M	C	P
0	0.02779	0.02046	0.02185	0.01706	0.02288	0.02255	0.01399	0.55003	0.06694	0.04665	0.02295	0.02283	0.04492	0.01006	0.00787	0.00238	0.00810	0.00769	0.05023	0.01278
1	0.00964	0.00804	0.00840	0.00831	0.01087	0.00681	0.00623	0.01189	0.01870	0.02291	0.16452	0.07387	0.58352	0.01953	0.00937	0.00265	0.00398	0.01639	0.00756	0.00681
2	0.01716	0.01644	0.02408	0.26243	0.03300	0.02194	0.01889	0.05130	0.01474	0.02107	0.01215	0.01878	0.01062	0.01155	0.01869	0.00312	0.42437	0.00699	0.00372	0.00897
3	0.12077	0.00887	0.01030	0.01119	0.01275	0.00911	0.00808	0.01530	0.04536	0.02428	0.07110	0.44221	0.04227	0.02201	0.04475	0.00349	0.00581	0.04623	0.04890	0.00722
4	0.30463	0.01558	0.02001	0.10198	0.23079	0.01692	0.01531	0.04894	0.01754	0.03080	0.10710	0.02290	0.01980	0.00869	0.00697	0.00245	0.00747	0.00706	0.00511	0.00994
5	0.13387	0.02029	0.02011	0.01655	0.02198	0.05301	0.01334	0.33370	0.23260	0.04109	0.02183	0.02133	0.01608	0.00955	0.00751	0.00247	0.00783	0.00722	0.00736	0.01228
6	0.00957	0.00804	0.00831	0.00824	0.01083	0.00678	0.00618	0.01177	0.01855	0.02254	0.14370	0.07447	0.60456	0.01967	0.00937	0.00266	0.00399	0.01648	0.00751	0.00678
7	0.01521	0.00847	0.01139	0.01174	0.01356	0.00774	0.00852	0.01729	0.01761	0.15393	0.10566	0.47649	0.04780	0.02077	0.00965	0.00301	0.00509	0.05008	0.00799	0.00801
8	0.01085	0.00782	0.01027	0.01023	0.01177	0.00724	0.00745	0.01404	0.02073	0.02906	0.51994	0.21475	0.06953	0.01826	0.00953	0.00267	0.00394	0.01628	0.00841	0.00724
9	0.01167	0.00802	0.01030	0.01022	0.01200	0.00731	0.00747	0.01459	0.02012	0.05557	0.41633	0.22866	0.13075	0.01857	0.00949	0.00270	0.00412	0.01643	0.00828	0.00739
10	0.01032	0.00742	0.00975	0.01123	0.01202	0.00692	0.00776	0.01189	0.01526	0.02043	0.04120	0.58663	0.04873	0.07254	0.01216	0.00350	0.00511	0.07681	0.00708	0.03324
11	0.01102	0.00735	0.00924	0.01010	0.01038	0.00716	0.00646	0.01145	0.01328	0.01767	0.03262	0.32983	0.03815	0.33028	0.02537	0.07676	0.00630	0.04522	0.00587	0.00549
12	0.01245	0.00789	0.00929	0.00939	0.00998	0.00762	0.00576	0.01300	0.01325	0.05506	0.03204	0.17932	0.06857	0.50717	0.03095	0.00625	0.00684	0.01373	0.00573	0.00573
13	0.01542	0.00982	0.01161	0.01100	0.01381	0.00913	0.00826	0.05256	0.05214	0.12724	0.11113	0.24269	0.26763	0.01840	0.00922	0.00276	0.00496	0.01585	0.00794	0.00844
14	0.01377	0.00689	0.01033	0.01033	0.01033	0.00689	0.00689	0.01033	0.01033	0.01377	0.01377	0.02410	0.01377	0.02755	0.03099	0.76928	0.00689	0.00689	0.00344	0.00344
15	0.11975	0.00815	0.00960	0.01092	0.01206	0.00810	0.00754	0.01293	0.01518	0.02282	0.05957	0.59371	0.04690	0.02205	0.00935	0.00309	0.00479	0.01966	0.00705	0.00678
16	0.02121	0.01509	0.01717	0.01479	0.01834	0.01622	0.01142	0.35042	0.02631	0.03523	0.02621	0.24389	0.02605	0.01703	0.01194	0.11258	0.00714	0.01206	0.00711	0.00978
17	0.03529	0.01395	0.01868	0.01433	0.02047	0.01233	0.01183	0.07040	0.02346	0.64451	0.03064	0.02657	0.01931	0.00980	0.00797	0.00245	0.00685	0.00793	0.00972	0.01349
18	0.12408	0.00853	0.00800	0.00783	0.01011	0.00888	0.00598	0.01917	0.01618	0.03043	0.02374	0.02717	0.01864	0.00897	0.00545	0.00193	0.00405	0.00695	0.65634	0.00756
19	0.02407	0.01622	0.01821	0.01504	0.01981	0.01737	0.01204	0.25367	0.18754	0.13663	0.12673	0.04702	0.02805	0.01129	0.00812	0.00248	0.00666	0.00925	0.04800	0.01182
20	0.01592	0.00994	0.01235	0.01223	0.01435	0.00884	0.00878	0.01770	0.02003	0.11560	0.24110	0.32707	0.12181	0.02038	0.01028	0.00318	0.00532	0.01746	0.00873	0.00889
21	0.02155	0.01515	0.01743	0.01397	0.01981	0.01443	0.01110	0.03251	0.27321	0.15820	0.02476	0.02378	0.01828	0.00860	0.00717	0.00203	0.00621	0.00705	0.00706	0.31771
22	0.00990	0.00778	0.00895	0.00924	0.01118	0.00683	0.00671	0.01218	0.01844	0.02368	0.21520	0.22765	0.37350	0.02029	0.00955	0.00276	0.00409	0.01756	0.00770	0.00683
23	0.01644	0.01409	0.01644	0.01175	0.01879	0.01057	0.00940	0.01997	0.01644	0.02584	0.01409	0.01644	0.01175	0.00587	0.00587	0.00117	0.00587	0.00470	0.00470	0.76979
24	0.01973	0.01542	0.02375	0.01959	0.02230	0.01792	0.11208	0.02347	0.04843	0.14341	0.02211	0.14263	0.02043	0.01376	0.01637	0.00307	0.30984	0.01034	0.00565	0.00969
25	0.01690	0.00783	0.01149	0.01087	0.01175	0.00757	0.00757	0.01439	0.01210	0.10889	0.01628	0.02452	0.01461	0.02501	0.02769	0.65937	0.00687	0.00704	0.00436	0.00488
26	0.00964	0.00697	0.00913	0.01087	0.01146	0.00646	0.00728	0.01106	0.01535	0.02031	0.04583	0.67902	0.08820	0.02457	0.01008	0.00319	0.00457	0.02221	0.00736	0.00646
27	0.01150	0.00783	0.00936	0.00936	0.00961	0.00807	0.00569	0.01199	0.01174	0.01590	0.02434	0.04829	0.02727	0.60646	0.15308	0.00857	0.01004	0.01100	0.00471	0.00520
28	0.03128	0.01732	0.05427	0.01583	0.02204	0.01585	0.01364	0.21007	0.04863	0.40814	0.02748	0.02747	0.01886	0.01026	0.00810	0.00251	0.00758	0.03886	0.00875	0.01305
29	0.02039	0.01660	0.05994	0.10745	0.09992	0.01614	0.01524	0.13604	0.11967	0.10617	0.18384	0.03183	0.03051	0.01081	0.00828	0.00250	0.00738	0.00922	0.00705	0.01102
30	0.00966	0.00690	0.00920	0.01104	0.01150	0.00644	0.00736	0.01104	0.01518	0.02024	0.04371	0.71614	0.05245	0.02484	0.01012	0.00322	0.00460	0.02254	0.00736	0.00644
31	0.12679	0.02033	0.06721	0.10982	0.03781	0.01959	0.41345	0.02411	0.01716	0.02587	0.01469	0.01970	0.01118	0.00737	0.00939	0.00268	0.05066	0.00805	0.00402	0.01010
32	0.12536	0.01813	0.09286	0.33146	0.17230	0.01764	0.04765	0.02207	0.01632	0.02454	0.01539	0.02278	0.01255	0.00831	0.00766	0.00260	0.00977	0.03877	0.00401	0.00986
33	0.17695	0.08638	0.35658	0.03664	0.04701	0.01952	0.02093	0.02692	0.10787	0.02784	0.01590	0.01765	0.01187	0.00789	0.00688	0.00246	0.00940	0.00591	0.00438	0.01101
34	0.14156	0.05335	0.11136	0.01401	0.01931	0.01471	0.04722	0.06121	0.07193	0.02813	0.08140	0.06678	0.19688	0.01252	0.00781	0.00249	0.00681	0.01028	0.00605	0.04621

[dist]
# distance from previous block
# <min> <max>
0	2

[block]
# block no. 4 follows, 24 sequences, length 52
# corresponding to MSA columns:
# 189-240
name=unknown_E
#
# <colnr> <probs for GDERKNQSTAVLIFYWHMCP>
#	G	D	E	R	K	N	Q	S	T	A	V	L	I	F	Y	W	H	M	C	P
0	0.13699	0.13656	0.05576	0.26207	0.03363	0.05112	0.03817	0.05281	0.01647	0.02403	0.01280	0.01729	0.01032	0.00855	0.00963	0.00253	0.11181	0.00607	0.00396	0.00943
1	0.46763	0.01472	0.01527	0.16081	0.02450	0.01689	0.01199	0.02494	0.05262	0.09496	0.03889	0.01872	0.01342	0.00824	0.00621	0.00251	0.00708	0.00589	0.00541	0.00931
2	0.01116	0.00842	0.01130	0.01231	0.01300	0.00879	0.00901	0.01298	0.01555	0.02103	0.07843	0.45207	0.04677	0.07853	0.01419	0.00363	0.07413	0.11511	0.00685	0.00673
3	0.01632	0.01008	0.01248	0.01139	0.01405	0.03096	0.00880	0.01977	0.02193	0.14893	0.46556	0.08364	0.05989	0.01548	0.00915	0.00257	0.00488	0.04689	0.00863	0.00859
4	0.01478	0.00739	0.00739	0.00739	0.00924	0.00739	0.00554	0.01848	0.01663	0.02956	0.02587	0.02956	0.02033	0.00924	0.00554	0.00185	0.00370	0.00739	0.76534	0.00739
5	0.01217	0.00834	0.01074	0.01000	0.01213	0.00761	0.00755	0.01574	0.02209	0.06015	0.58959	0.05921	0.12214	0.01625	0.00929	0.00251	0.00390	0.01425	0.00866	0.00769
6	0.01421	0.01362	0.02569	0.02078	0.02465	0.01297	0.27814	0.01862	0.03897	0.02273	0.02995	0.30352	0.03196	0.07154	0.01217	0.00335	0.00881	0.05418	0.00575	0.00839
7	0.01402	0.01263	0.04795	0.06312	0.07515	0.01138	0.07415	0.01855	0.03787	0.04672	0.21296	0.14192	0.09266	0.01551	0.00931	0.00280	0.00681	0.10108	0.00678	0.00862
8	0.01108	0.00804	0.01037	0.00989	0.01169	0.00741	0.00733	0.01454	0.02163	0.03037	0.59629	0.08698	0.09989	0.03710	0.01028	0.00268	0.00390	0.01471	0.00850	0.00733
9	0.01762	0.01479	0.01708	0.01230	0.01929	0.01178	0.00988	0.07373	0.01823	0.02791	0.01452	0.01667	0.01189	0.00619	0.00605	0.00128	0.00612	0.00491	0.00498	0.70478
10	0.01771	0.01339	0.01598	0.01191	0.01828	0.01030	0.00943	0.02099	0.01694	0.08927	0.01845	0.08065	0.01619	0.00797	0.00646	0.00148	0.00584	0.00663	0.00544	0.62666
11	0.13007	0.03196	0.38568	0.06184	0.07988	0.07509	0.02322	0.04743	0.01734	0.02660	0.01365	0.01656	0.01021	0.00790	0.00799	0.00250	0.04153	0.00582	0.00387	0.01087
12	0.03425	0.01379	0.01836	0.01428	0.02027	0.01233	0.01173	0.03894	0.07595	0.62330	0.03137	0.02721	0.02001	0.00989	0.00798	0.00247	0.00671	0.00806	0.00967	0.01342
13	0.01596	0.01580	0.02898	0.35028	0.07527	0.01764	0.19142	0.02073	0.01624	0.02168	0.01685	0.07921	0.01467	0.01002	0.01065	0.02557	0.06691	0.00897	0.00399	0.00915
14	0.08307	0.25860	0.10191	0.14285	0.05866	0.15010	0.01737	0.06084	0.01845	0.02334	0.01282	0.01570	0.01041	0.00756	0.00655	0.00216	0.01019	0.00540	0.00395	0.01009
15	0.01153	0.00769	0.00865	0.00865	0.00865	0.00769	0.00480	0.01153	0.01153	0.01538	0.02499	0.05189	0.02883	0.72131	0.04036	0.00769	0.00769	0.01153	0.00480	0.00480
16	0.01516	0.00958	0.01337	0.01455	0.01683	0.00939	0.01266	0.01875	0.01872	0.09211	0.04087	0.08291	0.04292	0.02064	0.01064	0.00353	0.00724	0.55460	0.00756	0.00795
17	0.02757	0.01958	0.02142	0.01682	0.02220	0.02148	0.01361	0.51451	0.05205	0.06638	0.01963	0.02163	0.01475	0.04356	0.01167	0.07789	0.00835	0.00740	0.00742	0.01208
18	0.09370	0.00937	0.01127	0.01028	0.01284	0.00894	0.00782	0.01785	0.02084	0.09433	0.48104	0.05164	0.08665	0.04718	0.01018	0.00273	0.00448	0.01264	0.00820	0.00803
19	0.01133	0.00850	0.01274	0.01274	0.01416	0.00991	0.00991	0.01416	0.01274	0.01841	0.02124	0.03115	0.01982	0.05947	0.68989	0.01274	0.02124	0.00850	0.00425	0.00708
20	0.01694	0.03568	0.01396	0.01144	0.01480	0.01104	0.00901	0.08115	0.05416	0.12237	0.35106	0.05083	0.16648	0.01477	0.00881	0.00249	0.00500	0.01256	0.00833	0.00912
21	0.01931	0.01838	0.03064	0.04505	0.60776	0.01803	0.02287	0.02391	0.01790	0.02590	0.01484	0.01931	0.01248	0.00695	0.00766	0.00224	0.00907	0.00683	0.00400	0.08687
22	0.03448	0.01325	0.01805	0.01392	0.01986	0.01147	0.01147	0.03757	0.02269	0.64812	0.06009	0.02845	0.02213	0.01010	0.00804	0.00246	0.00661	0.00826	0.00977	0.01322
23	0.01133	0.00850	0.01274	0.01274	0.01416	0.00991	0.00991	0.01416	0.01274	0.01841	0.02124	0.03115	0.01982	0.05947	0.68989	0.01274	0.02124	0.00850	0.00425	0.00708
24	0.01644	0.01409	0.01644	0.01175	0.01879	0.01057	0.00940	0.01997	0.01644	0.02584	0.01409	0.01644	0.01175	0.00587	0.00587	0.00117	0.00587	0.00470	0.00470	0.76979
25	0.00974	0.00696	0.00927	0.01099	0.01152	0.00649	0.00737	0.01123	0.01554	0.02081	0.07442	0.68381	0.05355	0.02442	0.01008	0.00318	0.00456	0.02214	0.00743	0.00649
26	0.38750	0.01249	0.01198	0.01112	0.01469	0.01354	0.00866	0.04153	0.03815	0.06958	0.14954	0.15654	0.03133	0.01275	0.00716	0.00261	0.00550	0.01020	0.00662	0.00854
27	0.02059	0.01077	0.01399	0.01196	0.01557	0.00999	0.00939	0.02566	0.07581	0.26130	0.38824	0.04529	0.05096	0.01348	0.00876	0.00250	0.00502	0.01163	0.00906	0.01004
28	0.01137	0.00832	0.01184	0.01184	0.01295	0.00942	0.00879	0.01358	0.01248	0.01774	0.02206	0.03571	0.02180	0.20502	0.54705	0.01163	0.01826	0.00916	0.00437	0.00658
29	0.04279	0.00768	0.00755	0.00750	0.00946	0.00777	0.00566	0.01865	0.01651	0.02978	0.02532	0.02895	0.01989	0.00917	0.00552	0.00187	0.00379	0.00728	0.73740	0.00743
30	0.12182	0.01292	0.01626	0.01303	0.01840	0.01186	0.01074	0.03384	0.02080	0.50758	0.02879	0.02831	0.01952	0.01000	0.00750	0.00245	0.00640	0.03450	0.08325	0.01203
31	0.01644	0.01409	0.01644	0.01175	0.01879	0.01057	0.00940	0.01997	0.01644	0.02584	0.01409	0.01644	0.01175	0.00587	0.00587	0.00117	0.00587	0.00470	0.00470	0.76979
32	0.00964	0.00700	0.00910	0.01079	0.01144	0.00646	0.00725	0.01107	0.01542	0.02034	0.04678	0.66247	0.10414	0.02444	0.01006	0.00317	0.00455	0.02206	0.00736	0.00646
33	0.06091	0.01896	0.02088	0.01621	0.02209	0.02030	0.01334	0.44598	0.03167	0.17493	0.02174	0.02125	0.01508	0.00947	0.00762	0.00235	0.00781	0.00721	0.06942	0.01279
34	0.01117	0.00762	0.00886	0.00908	0.00937	0.00746	0.00542	0.01172	0.01309	0.01752	0.07896	0.14884	0.05473	0.54579	0.03269	0.00649	0.00683	0.01349	0.00555	0.00530
35	0.03481	0.01472	0.01916	0.01469	0.02086	0.01348	0.01214	0.12416	0.02475	0.58893	0.02956	0.02587	0.01876	0.00977	0.00797	0.00244	0.00703	0.00786	0.00955	0.01349
36	0.00966	0.00690	0.00920	0.01104	0.01150	0.00644	0.00736	0.01104	0.01518	0.02024	0.04371	0.71614	0.05245	0.02484	0.01012	0.00322	0.00460	0.02254	0.00736	0.00644
37	0.01187	0.00886	0.01139	0.01267	0.01424	0.00882	0.00986	0.01631	0.07982	0.02331	0.06496	0.34441	0.08917	0.02173	0.01016	0.00327	0.00573	0.24853	0.00745	0.00742
38	0.01135	0.00842	0.01234	0.01234	0.01362	0.00969	0.00941	0.01390	0.01263	0.01811	0.02161	0.03319	0.02071	0.12442	0.62615	0.01225	0.01991	0.00879	0.00430	0.00686
39	0.01153	0.00769	0.00865	0.00865	0.00865	0.00769	0.00480	0.01153	0.01153	0.01538	0.02499	0.05189	0.02883	0.72131	0.04036	0.00769	0.00769	0.01153	0.00480	0.00480
40	0.05145	0.00735	0.01011	0.01005	0.01047	0.00747	0.00684	0.01177	0.01110	0.01640	0.01483	0.02409	0.01416	0.02476	0.02721	0.65623	0.00654	0.00681	0.07828	0.00408
41	0.01730	0.01627	0.02761	0.34865	0.36616	0.01789	0.02271	0.02201	0.01679	0.02292	0.01450	0.02047	0.01168	0.00812	0.00863	0.02710	0.00987	0.00705	0.00372	0.01054
42	0.03558	0.01350	0.01840	0.01411	0.02024	0.01166	0.01166	0.03865	0.02270	0.67734	0.03128	0.02699	0.01963	0.00981	0.00797	0.00245	0.00675	0.00797	0.00981	0.01350
43	0.01161	0.00891	0.01328	0.01312	0.01447	0.01058	0.01026	0.01439	0.01272	0.01844	0.02074	0.03051	0.01939	0.05735	0.65897	0.01231	0.05317	0.00842	0.00421	0.00715
44	0.64117	0.01474	0.01222	0.04224	0.01687	0.01700	0.00914	0.04455	0.01475	0.03479	0.01292	0.01512	0.01000	0.00765	0.00522	0.00240	0.00619	0.00482	0.07957	0.00865
45	0.01834	0.01859	0.03398	0.22328	0.03997	0.02052	0.29320	0.07474	0.01821	0.02479	0.01467	0.02036	0.01143	0.00863	0.01195	0.00279	0.14239	0.00805	0.00410	0.01000
46	0.04268	0.01102	0.01127	0.00996	0.01293	0.01164	0.00781	0.16150	0.02124	0.03441	0.02384	0.02663	0.01839	0.00924	0.00607	0.00199	0.00492	0.00723	0.56840	0.00882
47	0.01766	0.01929	0.04043	0.15989	0.04250	0.01895	0.48802	0.02390	0.01814	0.02432	0.01718	0.02529	0.01370	0.00781	0.00918	0.00272	0.01248	0.04428	0.00411	0.01014
48	0.01522	0.01443	0.02384	0.63134	0.05110	0.01831	0.02154	0.02014	0.01547	0.02014	0.01371	0.02075	0.01055	0.00855	0.00981	0.00273	0.08302	0.00704	0.00352	0.00880
49	0.01517	0.01437	0.02383	0.64509	0.05178	0.01818	0.02163	0.02016	0.01554	0.02016	0.01379	0.02082	0.01056	0.00843	0.00945	0.00271	0.06897	0.00704	0.00352	0.00880
50	0.19021	0.01762	0.01772	0.01427	0.01937	0.01952	0.01167	0.37873	0.02778	0.04257	0.01872	0.01989	0.01384	0.00899	0.00677	0.00229	0.00711	0.00657	0.16522	0.01114
51	0.02971	0.02200	0.02356	0.01816	0.02443	0.02439	0.01497	0.62046	0.06293	0.04928	0.01959	0.01947	0.01393	0.00957	0.00794	0.00239	0.00862	0.00721	0.00794	0.01345

[dist]
# distance from previous block
# <min> <max>
0	1

[block]
# block no. 5 follows, 24 sequences, length 46
# corresponding to MSA columns:
# 242-287
name=unknown_F
#
# <colnr> <probs for GDERKNQSTAVLIFYWHMCP>
#	G	D	E	R	K	N	Q	S	T	A	V	L	I	F	Y	W	H	M	C	P
0	0.01963	0.01884	0.03219	0.04867	0.67185	0.01884	0.02434	0.02434	0.01806	0.02591	0.01492	0.01963	0.01256	0.00707	0.00785	0.00236	0.00942	0.00707	0.00393	0.01256
1	0.02208	0.01742	0.01875	0.01609	0.02108	0.01945	0.01270	0.12947	0.49289	0.07567	0.02931	0.02718	0.02169	0.01026	0.00793	0.00255	0.00664	0.00841	0.00798	0.05243
2	0.01872	0.02139	0.04679	0.03342	0.04144	0.02005	0.64305	0.02540	0.01872	0.02540	0.01604	0.02139	0.01203	0.00668	0.00936	0.00267	0.01337	0.00936	0.00401	0.01070
3	0.02962	0.03779	0.02247	0.02043	0.02451	0.68948	0.01532	0.03166	0.02247	0.01941	0.01226	0.01430	0.01021	0.00817	0.00715	0.00204	0.01430	0.00511	0.00409	0.00919
4	0.00966	0.00690	0.00920	0.01104	0.01150	0.00644	0.00736	0.01104	0.01518	0.02024	0.04371	0.71614	0.05245	0.02484	0.01012	0.00322	0.00460	0.02254	0.00736	0.00644
5	0.01498	0.01409	0.02378	0.70226	0.05462	0.01762	0.02202	0.02026	0.01586	0.02026	0.01409	0.02114	0.01057	0.00793	0.00793	0.00264	0.01057	0.00705	0.00352	0.00881
6	0.02240	0.01644	0.01801	0.01580	0.02056	0.01836	0.01240	0.04155	0.55048	0.14179	0.03211	0.02915	0.02343	0.01060	0.00805	0.00265	0.00636	0.00880	0.00836	0.01271
7	0.01872	0.02139	0.04679	0.03342	0.04144	0.02005	0.64305	0.02540	0.01872	0.02540	0.01604	0.02139	0.01203	0.00668	0.00936	0.00267	0.01337	0.00936	0.00401	0.01070
8	0.00939	0.00796	0.00811	0.00823	0.01076	0.00668	0.00611	0.01136	0.01789	0.02135	0.07796	0.11779	0.62868	0.02039	0.00942	0.00271	0.00405	0.01711	0.00736	0.00668
9	0.01498	0.01409	0.02378	0.70226	0.05462	0.01762	0.02202	0.02026	0.01586	0.02026	0.01409	0.02114	0.01057	0.00793	0.00793	0.00264	0.01057	0.00705	0.00352	0.00881
10	0.02979	0.02161	0.02329	0.01798	0.02422	0.02386	0.01481	0.59088	0.06992	0.07210	0.02020	0.01989	0.01428	0.00960	0.00794	0.00240	0.00852	0.00727	0.00801	0.01344
11	0.01568	0.01447	0.02378	0.67044	0.05322	0.01794	0.02170	0.04934	0.01685	0.02164	0.01432	0.02104	0.01071	0.00800	0.00793	0.00263	0.01049	0.00705	0.00373	0.00903
12	0.01796	0.01714	0.02917	0.28327	0.45030	0.01840	0.02351	0.02287	0.01727	0.02388	0.01462	0.02017	0.01185	0.00738	0.00788	0.00246	0.00983	0.00706	0.00378	0.01121
13	0.00966	0.00690	0.00920	0.01104	0.01150	0.00644	0.00736	0.01104	0.01518	0.02024	0.04371	0.71614	0.05245	0.02484	0.01012	0.00322	0.00460	0.02254	0.00736	0.00644
14	0.01945	0.01672	0.01772	0.01608	0.02045	0.01930	0.01256	0.04111	0.63198	0.03279	0.03266	0.03198	0.02506	0.01120	0.00818	0.00273	0.00632	0.03332	0.00804	0.01234
