[name]
unknown

[dist]
# distance from previous block
# <min> <max>
0	16

[block]
# block no. 0 follows, 23 sequences, length 61
# corresponding to MSA columns:
# 16-76
name=unknown_A
#
# <colnr> <probs for GDERKNQSTAVLIFYWHMCP>
#	G	D	E	R	K	N	Q	S	T	A	V	L	I	F	Y	W	H	M	C	P
0	0.02409	0.01708	0.01852	0.05244	0.02225	0.07507	0.01253	0.10859	0.10189	0.17342	0.04390	0.02828	0.02019	0.00993	0.00772	0.00226	0.00760	0.04660	0.04497	0.18267
1	0.05811	0.02021	0.02215	0.05430	0.02526	0.07799	0.04806	0.22152	0.15910	0.09760	0.02147	0.02175	0.01574	0.00906	0.00774	0.00235	0.00855	0.00725	0.00693	0.11486
2	0.06075	0.05706	0.02599	0.06627	0.13515	0.02014	0.07464	0.23825	0.04694	0.05933	0.07458	0.02541	0.01984	0.04815	0.00989	0.00276	0.00881	0.00818	0.00631	0.01156
3	0.02431	0.02072	0.08513	0.12568	0.06395	0.02028	0.01736	0.25544	0.14623	0.10006	0.04293	0.02385	0.01773	0.00965	0.00815	0.00256	0.00871	0.00784	0.00698	0.01244
4	0.05626	0.01930	0.07166	0.16674	0.35223	0.01862	0.07788	0.02478	0.05281	0.02645	0.04360	0.02231	0.01543	0.00802	0.00809	0.00254	0.00979	0.00764	0.00440	0.01145
5	0.28381	0.01461	0.01385	0.01316	0.01668	0.05242	0.01036	0.06530	0.07468	0.05818	0.02644	0.15616	0.02618	0.05202	0.00967	0.00312	0.00696	0.10094	0.00652	0.00895
6	0.02980	0.02558	0.02354	0.01895	0.02479	0.16141	0.01525	0.45941	0.08848	0.04313	0.01922	0.01942	0.01406	0.00956	0.00796	0.00239	0.00990	0.00704	0.00731	0.01280
7	0.00989	0.00706	0.00942	0.01130	0.01177	0.00659	0.00753	0.01130	0.01554	0.02071	0.04472	0.70954	0.05367	0.02542	0.01036	0.00330	0.00471	0.02307	0.00753	0.00659
8	0.01703	0.01564	0.02507	0.54187	0.12703	0.01869	0.02191	0.05649	0.05206	0.02384	0.01581	0.02179	0.01199	0.00825	0.00811	0.00266	0.01033	0.00733	0.00416	0.00996
9	0.01627	0.04197	0.67279	0.02313	0.03512	0.01884	0.02998	0.02570	0.01713	0.02570	0.01456	0.01713	0.01028	0.00771	0.00771	0.00257	0.01199	0.00600	0.00343	0.01199
10	0.02107	0.64133	0.11542	0.01495	0.02248	0.03057	0.01575	0.02446	0.01656	0.01985	0.01166	0.01349	0.01040	0.00703	0.00550	0.00183	0.00906	0.00453	0.00347	0.01060
11	0.00989	0.00706	0.00942	0.01130	0.01177	0.00659	0.00753	0.01130	0.01554	0.02071	0.04472	0.70954	0.05367	0.02542	0.01036	0.00330	0.00471	0.02307	0.00753	0.00659
12	0.02018	0.01743	0.01835	0.01651	0.02110	0.02018	0.01284	0.04312	0.64956	0.03394	0.03303	0.03027	0.02477	0.01101	0.00826	0.00275	0.00642	0.00917	0.00826	0.01284
13	0.01513	0.00756	0.00756	0.00756	0.00945	0.00756	0.00567	0.01891	0.01702	0.03025	0.02647	0.03025	0.02080	0.00945	0.00567	0.00189	0.00378	0.00756	0.75988	0.00756
14	0.03154	0.01325	0.01758	0.01357	0.01948	0.01133	0.01110	0.03481	0.02218	0.52442	0.07076	0.02862	0.02286	0.00997	0.00789	0.00233	0.00646	0.00817	0.04217	0.10150
15	0.00969	0.00822	0.00836	0.00833	0.01102	0.00689	0.00625	0.01185	0.01874	0.02250	0.11402	0.07713	0.62874	0.02033	0.00959	0.00273	0.00409	0.01699	0.00761	0.00689
16	0.01513	0.00756	0.00756	0.00756	0.00945	0.00756	0.00567	0.01891	0.01702	0.03025	0.02647	0.03025	0.02080	0.00945	0.00567	0.00189	0.00378	0.00756	0.75988	0.00756
17	0.01429	0.00776	0.00851	0.00851	0.01016	0.00798	0.00628	0.01759	0.01594	0.02719	0.02567	0.03260	0.02152	0.08204	0.11115	0.00412	0.00687	0.00812	0.57644	0.00727
18	0.02061	0.58474	0.16804	0.01572	0.02367	0.02947	0.01709	0.02458	0.01662	0.02041	0.01193	0.01384	0.01039	0.00709	0.00570	0.00190	0.00934	0.00467	0.00346	0.01073
19	0.01009	0.00721	0.00965	0.01154	0.01210	0.00677	0.00789	0.01166	0.01574	0.02095	0.04461	0.66912	0.05321	0.02522	0.01041	0.00332	0.00489	0.06143	0.00753	0.00665
20	0.01180	0.00787	0.00885	0.00885	0.00885	0.00787	0.00492	0.01180	0.01180	0.01573	0.02557	0.05310	0.02950	0.71483	0.04130	0.00787	0.00787	0.01180	0.00492	0.00492
21	0.01746	0.01629	0.02496	0.32473	0.09731	0.01883	0.07417	0.02786	0.20173	0.02603	0.04650	0.02549	0.01791	0.00934	0.00904	0.00272	0.03548	0.00830	0.00526	0.01060
22	0.01798	0.25506	0.47463	0.02022	0.03063	0.02301	0.02492	0.02526	0.01693	0.02362	0.01353	0.01584	0.01032	0.00747	0.00692	0.00231	0.01095	0.00547	0.00344	0.01150
23	0.01683	0.01442	0.01683	0.01202	0.01923	0.01082	0.00961	0.02043	0.01683	0.02644	0.01442	0.01683	0.01202	0.00601	0.00601	0.00120	0.00601	0.00481	0.00481	0.76444
24	0.01148	0.00829	0.01085	0.01021	0.01212	0.00766	0.00766	0.01531	0.02297	0.03254	0.65994	0.06061	0.07656	0.01659	0.00957	0.00255	0.00383	0.01467	0.00893	0.00766
25	0.01308	0.00934	0.01308	0.01494	0.01681	0.00934	0.01308	0.01681	0.01868	0.02428	0.04296	0.09153	0.04670	0.02242	0.01121	0.00374	0.00747	0.60960	0.00747	0.00747
26	0.00989	0.00706	0.00942	0.01130	0.01177	0.00659	0.00753	0.01130	0.01554	0.02071	0.04472	0.70954	0.05367	0.02542	0.01036	0.00330	0.00471	0.02307	0.00753	0.00659
27	0.35096	0.05106	0.01742	0.01300	0.01887	0.01689	0.01082	0.09092	0.01976	0.24310	0.01918	0.01886	0.01336	0.00841	0.00646	0.00235	0.00685	0.00595	0.00688	0.07892
28	0.01513	0.00756	0.00756	0.00756	0.00945	0.00756	0.00567	0.01891	0.01702	0.03025	0.02647	0.03025	0.02080	0.00945	0.00567	0.00189	0.00378	0.00756	0.75988	0.00756
29	0.01308	0.00934	0.01308	0.01494	0.01681	0.00934	0.01308	0.01681	0.01868	0.02428	0.04296	0.09153	0.04670	0.02242	0.01121	0.00374	0.00747	0.60960	0.00747	0.00747
30	0.01775	0.01775	0.02485	0.02130	0.02130	0.02485	0.01775	0.01953	0.01243	0.01953	0.01065	0.01775	0.01065	0.01420	0.02663	0.00355	0.69998	0.00710	0.00355	0.00888
31	0.01759	0.01753	0.02482	0.06538	0.02356	0.02441	0.01807	0.01961	0.01268	0.01961	0.01090	0.01801	0.01066	0.01380	0.02542	0.00350	0.65491	0.00711	0.00355	0.00889
32	0.01179	0.00792	0.00912	0.00912	0.00921	0.00801	0.00525	0.01197	0.01188	0.01593	0.02532	0.05175	0.02891	0.67331	0.08203	0.00820	0.00875	0.01160	0.00488	0.00506
33	0.01513	0.00756	0.00756	0.00756	0.00945	0.00756	0.00567	0.01891	0.01702	0.03025	0.02647	0.03025	0.02080	0.00945	0.00567	0.00189	0.00378	0.00756	0.75988	0.00756
34	0.01893	0.01810	0.03085	0.20631	0.51672	0.01898	0.02433	0.02389	0.01793	0.02511	0.01506	0.02046	0.01236	0.00744	0.00805	0.00248	0.00993	0.00723	0.00392	0.01192
35	0.06930	0.01543	0.01994	0.20267	0.02997	0.01614	0.01464	0.11357	0.04222	0.13161	0.01994	0.05868	0.01571	0.00941	0.00825	0.00234	0.03319	0.00758	0.00603	0.18335
36	0.01513	0.00756	0.00756	0.00756	0.00945	0.00756	0.00567	0.01891	0.01702	0.03025	0.02647	0.03025	0.02080	0.00945	0.00567	0.00189	0.00378	0.00756	0.75988	0.00756
37	0.00959	0.00822	0.00822	0.00822	0.01096	0.00685	0.00617	0.01165	0.01850	0.02192	0.08220	0.07809	0.66092	0.02055	0.00959	0.00274	0.00411	0.01713	0.00754	0.00685
38	0.02647	0.01971	0.02121	0.01693	0.02244	0.02178	0.01375	0.44948	0.13490	0.04549	0.08092	0.02561	0.02173	0.01056	0.00814	0.00247	0.00777	0.00830	0.04962	0.01274
39	0.02080	0.01651	0.02310	0.30384	0.03728	0.01886	0.05132	0.08694	0.22432	0.09768	0.02291	0.02489	0.01669	0.00934	0.00825	0.00268	0.00896	0.00809	0.00624	0.01131
40	0.01160	0.00864	0.01277	0.01277	0.01413	0.01000	0.00981	0.01432	0.01296	0.01864	0.02198	0.03322	0.02087	0.10238	0.64195	0.01271	0.02085	0.00889	0.00438	0.00710
41	0.01415	0.00708	0.01040	0.01040	0.01051	0.00708	0.00697	0.01105	0.01094	0.01502	0.01480	0.02498	0.01448	0.02712	0.03023	0.72049	0.00686	0.00708	0.04663	0.00375
42	0.01620	0.01532	0.02593	0.57587	0.16846	0.01826	0.02297	0.02150	0.01664	0.02180	0.01458	0.02135	0.01119	0.00795	0.00810	0.00265	0.01060	0.00721	0.00368	0.00972
43	0.45846	0.05684	0.01759	0.05665	0.02104	0.04883	0.01174	0.13298	0.07173	0.03612	0.01479	0.01630	0.01129	0.00825	0.00614	0.00247	0.00753	0.00551	0.00562	0.01013
44	0.01674	0.01276	0.01444	0.01374	0.01694	0.01366	0.01043	0.02894	0.32119	0.06960	0.09827	0.20109	0.09611	0.01616	0.00909	0.00288	0.00563	0.03395	0.00817	0.01020
45	0.01670	0.01853	0.06777	0.35537	0.04601	0.01904	0.23544	0.02242	0.01700	0.02275	0.01590	0.04506	0.01278	0.00869	0.01002	0.00279	0.06156	0.00851	0.00390	0.00976
46	0.63868	0.04511	0.01434	0.01170	0.01683	0.01928	0.00967	0.05409	0.07272	0.03615	0.01365	0.01502	0.01054	0.00793	0.00547	0.00250	0.00651	0.00496	0.00539	0.00946
47	0.01667	0.01442	0.01762	0.08399	0.02309	0.01158	0.01098	0.02046	0.01676	0.02584	0.01442	0.01733	0.01189	0.00623	0.00623	0.00136	0.00652	0.00506	0.00468	0.68487
48	0.01395	0.00884	0.01164	0.01063	0.01297	0.00808	0.00808	0.01771	0.02299	0.09558	0.59782	0.05735	0.07098	0.01594	0.00943	0.00255	0.00413	0.01403	0.00904	0.00826
49	0.02334	0.01776	0.01992	0.05398	0.02360	0.01963	0.01381	0.23186	0.28963	0.07364	0.02778	0.05862	0.02208	0.01143	0.00836	0.00264	0.00748	0.04197	0.00783	0.04467
50	0.01513	0.00756	0.00756	0.00756	0.00945	0.00756	0.00567	0.01891	0.01702	0.03025	0.02647	0.03025	0.02080	0.00945	0.00567	0.00189	0.00378	0.00756	0.75988	0.00756
51	0.01683	0.01442	0.01683	0.01202	0.01923	0.01082	0.00961	0.02043	0.01683	0.02644	0.01442	0.01683	0.01202	0.00601	0.00601	0.00120	0.00601	0.00481	0.00481	0.76444
52	0.01907	0.02165	0.04657	0.03346	0.04120	0.02077	0.59958	0.02562	0.01877	0.02562	0.01609	0.02165	0.01222	0.00726	0.01055	0.00278	0.05279	0.00943	0.00407	0.01083
53	0.01513	0.00756	0.00756	0.00756	0.00945	0.00756	0.00567	0.01891	0.01702	0.03025	0.02647	0.03025	0.02080	0.00945	0.00567	0.00189	0.00378	0.00756	0.75988	0.00756
54	0.01532	0.01442	0.02434	0.69533	0.05589	0.01803	0.02253	0.02073	0.01622	0.02073	0.01442	0.02163	0.01082	0.00811	0.00811	0.00270	0.01082	0.00721	0.00361	0.00901
55	0.01909	0.01958	0.03726	0.13179	0.35281	0.01957	0.24892	0.02474	0.01842	0.02553	0.01557	0.02096	0.01238	0.00721	0.00861	0.00257	0.01129	0.00809	0.00399	0.01163
56	0.05727	0.04055	0.63695	0.02245	0.03407	0.01881	0.02883	0.02560	0.01695	0.02628	0.01438	0.01692	0.01020	0.00770	0.00756	0.00257	0.01168	0.00591	0.00351	0.01182
57	0.01180	0.00787	0.00885	0.00885	0.00885	0.00787	0.00492	0.01180	0.01180	0.01573	0.02557	0.05310	0.02950	0.71483	0.04130	0.00787	0.00787	0.01180	0.00492	0.00492
58	0.02238	0.01886	0.02015	0.06210	0.02405	0.06094	0.01313	0.22571	0.10239	0.03445	0.01925	0.04231	0.01536	0.00879	0.00735	0.00203	0.00787	0.00696	0.00628	0.29963
59	0.02687	0.02542	0.02179	0.01947	0.05819	0.23993	0.01452	0.25918	0.07613	0.03455	0.01841	0.01968	0.01409	0.00900	0.00749	0.00222	0.00998	0.00664	0.08209	0.05437
60	0.01892	0.01780	0.02945	0.15045	0.48649	0.01857	0.02306	0.02496	0.05939	0.02593	0.01787	0.02507	0.01523	0.00849	0.00824	0.00256	0.00950	0.04168	0.00442	0.01192

[dist]
# distance from previous block
# <min> <max>
0	1

[block]
# block no. 1 follows, 23 sequences, length 18
# corresponding to MSA columns:
# 78-95
name=unknown_B
#
# <colnr> <probs for GDERKNQSTAVLIFYWHMCP>
#	G	D	E	R	K	N	Q	S	T	A	V	L	I	F	Y	W	H	M	C	P
0	0.02009	0.02040	0.03655	0.02723	0.03305	0.04324	0.37901	0.08728	0.01985	0.02767	0.01660	0.02151	0.01296	0.00874	0.01194	0.00274	0.13208	0.00856	0.08004	0.01049
1	0.01154	0.00786	0.00938	0.00961	0.00983	0.00796	0.00581	0.01203	0.01240	0.01669	0.02754	0.13269	0.03151	0.55755	0.10734	0.00786	0.00898	0.01287	0.00518	0.00538
2	0.01897	0.02134	0.04485	0.03250	0.03963	0.02109	0.55344	0.02514	0.01827	0.02514	0.01566	0.02134	0.01209	0.00781	0.01182	0.00284	0.10412	0.00925	0.00403	0.01067
3	0.02131	0.01718	0.01838	0.01637	0.02107	0.01961	0.01278	0.04287	0.60611	0.07805	0.03296	0.03009	0.02444	0.01094	0.00825	0.00274	0.00646	0.00910	0.00838	0.01291
4	0.02970	0.08705	0.02438	0.02041	0.02478	0.63607	0.01555	0.03183	0.02253	0.01980	0.01245	0.01452	0.01045	0.00826	0.00717	0.00207	0.01421	0.00516	0.00413	0.00948
5	0.01161	0.00862	0.01268	0.01268	0.01401	0.00995	0.00969	0.01426	0.01293	0.01857	0.02206	0.03370	0.02108	0.11697	0.62764	0.01260	0.02054	0.00896	0.00440	0.00705
6	0.00986	0.00715	0.00932	0.01106	0.01171	0.00661	0.00743	0.01133	0.01577	0.02081	0.04765	0.66025	0.10106	0.02504	0.01030	0.00325	0.00466	0.02260	0.00753	0.00661
7	0.01148	0.00829	0.01085	0.01021	0.01212	0.00766	0.00766	0.01531	0.02297	0.03254	0.65994	0.06061	0.07656	0.01659	0.00957	0.00255	0.00383	0.01467	0.00893	0.00766
8	0.03047	0.01526	0.01881	0.01510	0.02073	0.01499	0.01224	0.10394	0.16871	0.41532	0.07129	0.02946	0.02411	0.01065	0.00827	0.00256	0.00682	0.00872	0.00935	0.01319
9	0.27528	0.01712	0.01747	0.01412	0.01986	0.06191	0.01154	0.09906	0.02177	0.35079	0.02254	0.02112	0.01505	0.00907	0.00707	0.00247	0.00746	0.00664	0.00779	0.01187
10	0.01187	0.00863	0.01158	0.01316	0.01479	0.00835	0.01079	0.01487	0.01807	0.02348	0.07077	0.23716	0.11643	0.02271	0.01077	0.00348	0.00631	0.38205	0.00755	0.00720
11	0.01148	0.00829	0.01085	0.01021	0.01212	0.00766	0.00766	0.01531	0.02297	0.03254	0.65994	0.06061	0.07656	0.01659	0.00957	0.00255	0.00383	0.01467	0.00893	0.00766
12	0.01671	0.09601	0.62254	0.02239	0.03398	0.01990	0.02870	0.02559	0.01708	0.02517	0.01430	0.01680	0.01029	0.00765	0.00751	0.00250	0.01173	0.00586	0.00343	0.01187
13	0.02008	0.01928	0.03294	0.04981	0.66422	0.01928	0.02490	0.02490	0.01848	0.02651	0.01526	0.02008	0.01285	0.00723	0.00803	0.00241	0.00964	0.00723	0.00402	0.01285
14	0.01118	0.00828	0.01043	0.00989	0.01194	0.00753	0.00742	0.01473	0.02226	0.03086	0.56855	0.06338	0.16899	0.01722	0.00957	0.00258	0.00387	0.01506	0.00871	0.00753
15	0.01599	0.01510	0.02554	0.60504	0.14097	0.01820	0.02287	0.02132	0.01654	0.02154	0.01454	0.02142	0.01110	0.00799	0.00810	0.00266	0.01065	0.00721	0.00366	0.00955
16	0.08258	0.01377	0.01720	0.01381	0.01909	0.01303	0.01121	0.07597	0.06386	0.42140	0.14717	0.03236	0.02971	0.01113	0.00820	0.00253	0.00640	0.00912	0.00923	0.01224
17	0.02416	0.01752	0.02000	0.07844	0.02433	0.01934	0.01377	0.28010	0.18944	0.08906	0.09365	0.02815	0.02405	0.01067	0.00818	0.00253	0.00747	0.00866	0.04836	0.01211

[dist]
# distance from previous block
# <min> <max>
3	5

[block]
# block no. 2 follows, 23 sequences, length 14
# corresponding to MSA columns:
# 101-114
name=unknown_C
#
# <colnr> <probs for GDERKNQSTAVLIFYWHMCP>
#	G	D	E	R	K	N	Q	S	T	A	V	L	I	F	Y	W	H	M	C	P
0	0.01237	0.01048	0.01380	0.01261	0.01497	0.01060	0.04350	0.01676	0.06795	0.02603	0.24463	0.14381	0.24822	0.01783	0.01122	0.00283	0.07183	0.01514	0.00746	0.00796
1	0.01865	0.01964	0.06545	0.19739	0.40812	0.01913	0.10482	0.02411	0.01797	0.02505	0.01518	0.02053	0.01217	0.00741	0.00824	0.00253	0.01057	0.00747	0.00390	0.01166
2	0.02620	0.03047	0.05206	0.02184	0.06941	0.38925	0.01641	0.11036	0.05796	0.02543	0.01559	0.01830	0.01272	0.01343	0.06708	0.00324	0.04876	0.00630	0.00487	0.01033
3	0.01059	0.00791	0.01054	0.01183	0.01261	0.00787	0.00839	0.01238	0.01598	0.02142	0.07446	0.53744	0.08727	0.02579	0.04531	0.00376	0.03887	0.05351	0.00725	0.00685
4	0.01768	0.03235	0.37621	0.02905	0.06573	0.01958	0.28973	0.02579	0.01806	0.02586	0.01539	0.01930	0.01127	0.00731	0.00853	0.00263	0.01261	0.00759	0.00374	0.01158
5	0.01974	0.01893	0.03231	0.09648	0.62023	0.01919	0.02473	0.02460	0.01831	0.02609	0.01520	0.02019	0.01271	0.00729	0.00804	0.00243	0.00972	0.00723	0.00399	0.01258
6	0.01864	0.02132	0.07557	0.13455	0.18217	0.01978	0.37558	0.02496	0.01846	0.02531	0.01576	0.02119	0.01210	0.00716	0.00891	0.00265	0.01227	0.00851	0.00397	0.01114
7	0.01071	0.00815	0.01201	0.01284	0.01392	0.00764	0.04567	0.01269	0.01629	0.02180	0.07231	0.60134	0.05186	0.02371	0.01032	0.00325	0.00537	0.05577	0.00739	0.00696
8	0.05078	0.01970	0.02889	0.16587	0.41077	0.05628	0.02217	0.09794	0.02047	0.02839	0.01530	0.01973	0.01229	0.00777	0.00790	0.00246	0.00992	0.00701	0.00448	0.01188
9	0.01890	0.27548	0.36889	0.01902	0.02811	0.07079	0.02208	0.02510	0.01766	0.02337	0.05008	0.01800	0.01412	0.00800	0.00692	0.00224	0.01056	0.00586	0.00381	0.01101
10	0.06656	0.01549	0.01769	0.03644	0.02043	0.01683	0.01239	0.20803	0.11664	0.12210	0.02760	0.10527	0.02350	0.01265	0.00886	0.00268	0.03181	0.05606	0.08788	0.01109
11	0.01013	0.00724	0.00970	0.01158	0.01216	0.00680	0.00796	0.01173	0.01578	0.02099	0.04459	0.66156	0.05313	0.02519	0.01042	0.00333	0.00492	0.06860	0.00753	0.00666
12	0.01954	0.25162	0.35330	0.01958	0.02876	0.02202	0.05686	0.02577	0.01748	0.07695	0.01643	0.04809	0.01320	0.00841	0.00718	0.00234	0.01029	0.00662	0.00421	0.01134
13	0.05646	0.02143	0.02291	0.06559	0.02626	0.05536	0.01506	0.45313	0.03242	0.09937	0.01928	0.01972	0.01368	0.00929	0.00785	0.00237	0.00891	0.00702	0.00746	0.05646

[dist]
# distance from previous block
# <min> <max>
0	3

[block]
# block no. 3 follows, 23 sequences, length 88
# corresponding to MSA columns:
# 118-205
name=unknown_D
#
# <colnr> <probs for GDERKNQSTAVLIFYWHMCP>
#	G	D	E	R	K	N	Q	S	T	A	V	L	I	F	Y	W	H	M	C	P
0	0.01611	0.01480	0.02401	0.48175	0.13983	0.01742	0.02123	0.02240	0.05839	0.02284	0.01883	0.02948	0.01589	0.00971	0.00844	0.00277	0.00999	0.07204	0.00439	0.00967
1	0.01888	0.01798	0.03023	0.21199	0.48672	0.01900	0.02386	0.02451	0.04098	0.02532	0.01570	0.02085	0.01277	0.00759	0.00806	0.00250	0.00982	0.00730	0.00407	0.01188
2	0.01698	0.12961	0.59129	0.02193	0.03327	0.02056	0.02790	0.02552	0.01705	0.02484	0.01414	0.01660	0.01030	0.00761	0.00739	0.00246	0.01156	0.00578	0.00343	0.01179
3	0.02285	0.34168	0.11698	0.06217	0.02679	0.11311	0.05341	0.05182	0.01893	0.07624	0.01480	0.01697	0.01181	0.00946	0.02897	0.00248	0.01063	0.00576	0.00438	0.01074
4	0.01155	0.00875	0.01114	0.01113	0.01207	0.00937	0.00786	0.01303	0.01377	0.01854	0.03512	0.12888	0.13273	0.27569	0.21977	0.00769	0.05830	0.01282	0.00541	0.00640
5	0.03661	0.03418	0.01200	0.01124	0.01387	0.04710	0.00874	0.01650	0.05537	0.02410	0.11810	0.15320	0.31778	0.01898	0.00943	0.00286	0.00558	0.09942	0.00731	0.00765
6	0.07501	0.02244	0.02047	0.01850	0.05118	0.16562	0.01388	0.20600	0.16947	0.07244	0.02278	0.06156	0.01814	0.01039	0.00781	0.00247	0.00892	0.00806	0.03325	0.01160
7	0.06217	0.01424	0.01648	0.01667	0.05418	0.03540	0.01296	0.15648	0.04526	0.03216	0.09509	0.05666	0.06598	0.01595	0.00933	0.00299	0.00739	0.25895	0.03216	0.00949
8	0.00980	0.00817	0.00856	0.00859	0.01112	0.00692	0.00639	0.01201	0.01880	0.02296	0.14023	0.11018	0.56760	0.02040	0.00963	0.00275	0.00411	0.01719	0.00768	0.00692
9	0.01786	0.01756	0.02598	0.39609	0.04247	0.05590	0.06668	0.05033	0.03709	0.02261	0.01440	0.02053	0.01145	0.00965	0.01259	0.00286	0.17513	0.00732	0.00402	0.00949
10	0.05228	0.01929	0.08547	0.28988	0.34865	0.01872	0.02372	0.02335	0.01729	0.02470	0.01470	0.02009	0.01167	0.00762	0.00790	0.00254	0.01014	0.00698	0.00385	0.01114
11	0.04940	0.52293	0.06843	0.01461	0.02102	0.10806	0.01411	0.02493	0.01725	0.02100	0.01275	0.01473	0.01114	0.00736	0.00562	0.00186	0.00911	0.00478	0.06080	0.01010
12	0.01879	0.02684	0.24326	0.04029	0.42726	0.01920	0.05687	0.02522	0.01807	0.02622	0.01509	0.01921	0.01198	0.00737	0.00800	0.00248	0.01061	0.00694	0.00383	0.01248
13	0.04360	0.35804	0.23120	0.02245	0.10775	0.02527	0.06073	0.02489	0.01702	0.02303	0.01311	0.01574	0.01075	0.00722	0.00660	0.00216	0.01005	0.00555	0.00362	0.01118
14	0.01918	0.02009	0.07041	0.04331	0.50752	0.01866	0.08046	0.02492	0.04136	0.02635	0.01769	0.06061	0.01546	0.00842	0.00830	0.00251	0.00975	0.00837	0.00435	0.01226
15	0.01242	0.00903	0.01216	0.01337	0.01534	0.00877	0.01136	0.01600	0.01945	0.02556	0.16077	0.08443	0.11603	0.02115	0.01074	0.00341	0.00645	0.43836	0.00775	0.00744
16	0.02135	0.42239	0.16009	0.01674	0.02376	0.14063	0.01692	0.02512	0.01768	0.02062	0.01434	0.05982	0.01323	0.00855	0.00640	0.00206	0.01010	0.00605	0.00385	0.01030
17	0.02225	0.01579	0.01841	0.04383	0.08933	0.04509	0.01307	0.03319	0.26531	0.17164	0.03604	0.03448	0.11312	0.01146	0.00822	0.00258	0.00693	0.00955	0.04809	0.01161
18	0.00987	0.00811	0.00869	0.00880	0.01120	0.00693	0.00650	0.01209	0.01878	0.02319	0.15431	0.14049	0.52188	0.02053	0.00967	0.00277	0.00413	0.01741	0.00772	0.00693
19	0.02020	0.01992	0.03148	0.11366	0.56522	0.05778	0.02412	0.02492	0.01851	0.02554	0.01502	0.01992	0.01251	0.00739	0.00800	0.00242	0.01005	0.00711	0.00398	0.01226
20	0.01835	0.01584	0.02651	0.44982	0.23607	0.01794	0.02244	0.02341	0.01743	0.07155	0.01600	0.02162	0.01213	0.00799	0.00809	0.00260	0.01017	0.00729	0.00422	0.01053
21	0.01795	0.01077	0.01330	0.01213	0.01527	0.01035	0.00932	0.02393	0.11626	0.16913	0.24931	0.12436	0.11719	0.03822	0.01023	0.00289	0.00529	0.03606	0.00858	0.00949
22	0.63426	0.01630	0.01381	0.01183	0.01711	0.01846	0.00975	0.09129	0.01718	0.08781	0.01381	0.01500	0.01022	0.00797	0.00560	0.00250	0.00661	0.00500	0.00575	0.00972
23	0.03276	0.01680	0.01938	0.01545	0.02125	0.06472	0.01252	0.09739	0.09614	0.46716	0.04928	0.02718	0.02106	0.01020	0.00815	0.00250	0.00754	0.00818	0.00917	0.01317
24	0.01972	0.33735	0.33251	0.02019	0.06337	0.02441	0.02186	0.02562	0.01718	0.04999	0.01389	0.01593	0.01090	0.00744	0.00665	0.00219	0.01019	0.00543	0.00376	0.01142
25	0.00987	0.00713	0.00935	0.01112	0.01172	0.00661	0.00745	0.01132	0.01571	0.02078	0.04691	0.67275	0.08904	0.02514	0.01031	0.00326	0.00467	0.02272	0.00753	0.00661
26	0.01857	0.02341	0.12196	0.08393	0.11501	0.02011	0.42261	0.02524	0.01840	0.02543	0.01572	0.02094	0.01196	0.00731	0.00957	0.00270	0.03349	0.00860	0.00395	0.01109
27	0.21621	0.14541	0.08768	0.01411	0.02026	0.01830	0.01306	0.02968	0.07540	0.21424	0.07256	0.02313	0.01947	0.00922	0.00690	0.00240	0.00729	0.00690	0.00663	0.01113
28	0.01567	0.01438	0.02430	0.52228	0.04719	0.01754	0.06058	0.02015	0.01571	0.02081	0.01465	0.02187	0.01150	0.01008	0.01139	0.06030	0.06552	0.00736	0.03006	0.00866
29	0.01078	0.00818	0.00993	0.00968	0.01174	0.00733	0.00719	0.01388	0.02103	0.02837	0.43519	0.11507	0.25510	0.01848	0.00964	0.00267	0.00398	0.01607	0.00840	0.00733
30	0.01829	0.01904	0.06049	0.14149	0.28134	0.01953	0.12844	0.02319	0.01705	0.02449	0.01517	0.02071	0.01241	0.00865	0.01134	0.00269	0.12849	0.00758	0.04873	0.01087
31	0.41351	0.02109	0.08608	0.01506	0.02087	0.04757	0.01351	0.16677	0.02050	0.06429	0.01444	0.01601	0.01077	0.00860	0.00753	0.00254	0.04905	0.00559	0.00566	0.01053
32	0.01865	0.33908	0.39650	0.01908	0.02885	0.02466	0.02292	0.02508	0.01685	0.02280	0.01312	0.01533	0.01034	0.00737	0.00661	0.00220	0.01054	0.00527	0.00345	0.01130
33	0.01180	0.00787	0.00885	0.00885	0.00885	0.00787	0.00492	0.01180	0.01180	0.01573	0.02557	0.05310	0.02950	0.71483	0.04130	0.00787	0.00787	0.01180	0.00492	0.00492
34	0.01718	0.01811	0.03626	0.31743	0.04700	0.01900	0.34472	0.02324	0.01763	0.02342	0.01579	0.02221	0.01201	0.00971	0.03795	0.00317	0.01280	0.00852	0.00390	0.00996
35	0.03452	0.01339	0.01823	0.01412	0.02006	0.01160	0.01160	0.03771	0.02321	0.62165	0.07949	0.03011	0.02436	0.01054	0.00827	0.00251	0.00667	0.00865	0.00996	0.01334
36	0.00989	0.00706	0.00942	0.01130	0.01177	0.00659	0.00753	0.01130	0.01554	0.02071	0.04472	0.70954	0.05367	0.02542	0.01036	0.00330	0.00471	0.02307	0.00753	0.00659
37	0.01762	0.01757	0.02483	0.05749	0.02316	0.02449	0.01801	0.01959	0.01263	0.01959	0.01085	0.01796	0.01066	0.01388	0.02563	0.00351	0.66298	0.00711	0.00355	0.00888
38	0.02076	0.01923	0.03603	0.02685	0.03248	0.02003	0.36257	0.05170	0.01867	0.08914	0.01741	0.02194	0.01331	0.00916	0.01307	0.00283	0.17120	0.00863	0.05434	0.01065
39	0.01072	0.00807	0.00907	0.00939	0.01086	0.00739	0.00651	0.01225	0.01623	0.02053	0.08877	0.13953	0.30747	0.24909	0.02021	0.00455	0.00565	0.06069	0.00675	0.00628
40	0.00987	0.00711	0.00936	0.01116	0.01173	0.00660	0.00747	0.01131	0.01567	0.02077	0.04639	0.68137	0.08075	0.02520	0.01032	0.00327	0.00468	0.02280	0.00753	0.00660
41	0.01910	0.04208	0.08897	0.07849	0.03332	0.01873	0.28641	0.02425	0.01748	0.08689	0.01866	0.06034	0.01541	0.01346	0.06229	0.00359	0.10636	0.00912	0.00470	0.01034
42	0.01765	0.24221	0.28871	0.01703	0.02482	0.02070	0.01903	0.05701	0.01946	0.02667	0.16338	0.02607	0.02588	0.00964	0.00739	0.00230	0.00891	0.00757	0.00498	0.01060
43	0.01627	0.04197	0.67279	0.02313	0.03512	0.01884	0.02998	0.02570	0.01713	0.02570	0.01456	0.01713	0.01028	0.00771	0.00771	0.00257	0.01199	0.00600	0.00343	0.01199
44	0.01649	0.04045	0.62554	0.02396	0.03567	0.01897	0.07571	0.02572	0.01728	0.02572	0.01470	0.01749	0.01043	0.00764	0.00785	0.00258	0.01212	0.00627	0.00348	0.01191
45	0.02643	0.07816	0.04726	0.01537	0.02086	0.03949	0.01306	0.03575	0.20967	0.29908	0.06699	0.03177	0.02474	0.01098	0.00814	0.00257	0.00725	0.04192	0.00824	0.01227
46	0.02510	0.01380	0.01709	0.04487	0.01966	0.01437	0.01162	0.15583	0.02301	0.23792	0.05130	0.02713	0.02011	0.01339	0.04305	0.02703	0.05104	0.00799	0.18480	0.01090
47	0.01384	0.00955	0.01261	0.01331	0.01545	0.00939	0.01091	0.01849	0.06086	0.05827	0.17731	0.15153	0.07371	0.02008	0.01035	0.00326	0.00613	0.31892	0.00798	0.00805
48	0.01125	0.00814	0.01035	0.01165	0.01261	0.00782	0.00799	0.05239	0.01714	0.02276	0.04462	0.63803	0.07626	0.02419	0.01018	0.00322	0.00496	0.02179	0.00757	0.00707
49	0.01708	0.12387	0.56391	0.02256	0.03374	0.02055	0.05875	0.02554	0.01716	0.02490	0.01425	0.01687	0.01040	0.00757	0.00750	0.00248	0.01167	0.00598	0.00347	0.01175
50	0.01845	0.02247	0.09363	0.09816	0.04178	0.02042	0.48542	0.02502	0.01826	0.02502	0.01569	0.02121	0.01189	0.00752	0.01040	0.00277	0.05831	0.00889	0.00396	0.01070
51	0.01024	0.00732	0.00980	0.01153	0.01220	0.00688	0.00799	0.01198	0.01622	0.02169	0.08042	0.62166	0.05444	0.02466	0.01038	0.00329	0.00488	0.07010	0.00761	0.00672
52	0.01717	0.01606	0.02646	0.49138	0.15666	0.01874	0.04792	0.04631	0.05446	0.02387	0.01593	0.02180	0.01216	0.00814	0.00817	0.00265	0.01041	0.00743	0.00414	0.01016
53	0.01533	0.01430	0.02398	0.62759	0.08122	0.01751	0.02181	0.02062	0.01670	0.02166	0.05052	0.02374	0.01458	0.00855	0.00819	0.00268	0.01037	0.00763	0.00392	0.00911
54	0.01687	0.11666	0.60333	0.02211	0.03354	0.02031	0.02821	0.02554	0.01706	0.02497	0.01420	0.01668	0.01029	0.00762	0.00743	0.00248	0.01163	0.00581	0.00343	0.01182
55	0.01859	0.02579	0.16939	0.03205	0.04099	0.02019	0.51715	0.02593	0.01876	0.02593	0.01606	0.02096	0.01192	0.00701	0.00921	0.00270	0.01335	0.00888	0.00397	0.01115
56	0.01709	0.03419	0.48224	0.02465	0.08063	0.01769	0.07525	0.02514	0.01797	0.04853	0.04653	0.02450	0.01617	0.00896	0.00819	0.00264	0.01113	0.04268	0.00425	0.01157
57	0.01802	0.03480	0.51122	0.02256	0.06670	0.01715	0.02585	0.02605	0.01835	0.08969	0.07633	0.02237	0.01755	0.00874	0.00794	0.00255	0.01060	0.00708	0.00462	0.01182
58	0.01637	0.02221	0.25994	0.01802	0.02428	0.01321	0.05414	0.02167	0.01787	0.08737	0.03131	0.11789	0.06823	0.01529	0.01020	0.03577	0.00891	0.16179	0.00587	0.00967
59	0.01089	0.01217	0.10542	0.01295	0.01516	0.00842	0.01078	0.01358	0.01614	0.02204	0.07164	0.57642	0.04856	0.02241	0.00993	0.00315	0.00572	0.02017	0.00701	0.00743
60	0.16616	0.02972	0.32890	0.02367	0.03251	0.01954	0.19460	0.02505	0.01676	0.02752	0.01421	0.01772	0.01058	0.00782	0.00883	0.00266	0.05218	0.00675	0.00394	0.01088
61	0.05359	0.02248	0.12643	0.05610	0.24637	0.01943	0.08113	0.15457	0.02276	0.08062	0.04501	0.02177	0.01566	0.00845	0.00811	0.00250	0.00969	0.00756	0.00549	0.01227
62	0.01238	0.00857	0.01213	0.01204	0.01375	0.00789	0.03576	0.01498	0.01877	0.06284	0.25385	0.39858	0.07601	0.02053	0.00990	0.00295	0.00492	0.01855	0.00800	0.00758
63	0.14924	0.02410	0.14538	0.02644	0.03421	0.02040	0.34620	0.07146	0.01899	0.02932	0.01516	0.01919	0.01139	0.00769	0.00921	0.00269	0.04586	0.00778	0.00442	0.01086
64	0.01580	0.01524	0.02616	0.59449	0.05226	0.01873	0.06846	0.02104	0.01616	0.02104	0.01429	0.02136	0.01092	0.00848	0.00962	0.00277	0.06302	0.00738	0.00364	0.00915
65	0.01775	0.01775	0.02485	0.02130	0.02130	0.02485	0.01775	0.01953	0.01243	0.01953	0.01065	0.01775	0.01065	0.01420	0.02663	0.00355	0.69998	0.00710	0.00355	0.00888
66	0.00989	0.00706	0.00942	0.01130	0.01177	0.00659	0.00753	0.01130	0.01554	0.02071	0.04472	0.70954	0.05367	0.02542	0.01036	0.00330	0.00471	0.02307	0.00753	0.00659
67	0.07475	0.03814	0.57990	0.02162	0.03270	0.01834	0.02719	0.02647	0.01728	0.06879	0.01546	0.01752	0.01081	0.00785	0.00754	0.00256	0.01123	0.00602	0.00398	0.01187
68	0.02993	0.04533	0.05573	0.01472	0.02087	0.01391	0.01273	0.06545	0.06413	0.43958	0.08949	0.02883	0.02418	0.01026	0.00804	0.00243	0.00699	0.00836	0.00881	0.05021
69	0.01461	0.01003	0.01230	0.01245	0.01450	0.01003	0.00901	0.04000	0.12323	0.07773	0.11726	0.42318	0.06328	0.02006	0.00964	0.00301	0.00519	0.01786	0.00805	0.00859
70	0.01748	0.02612	0.24492	0.06522	0.13964	0.01944	0.15851	0.02375	0.01715	0.02458	0.01663	0.02463	0.01400	0.00956	0.01134	0.00282	0.11639	0.05286	0.00401	0.01093
71	0.19875	0.01585	0.07912	0.01529	0.04993	0.01425	0.01228	0.05893	0.08274	0.08257	0.11192	0.18764	0.03172	0.01366	0.00807	0.00272	0.00652	0.01144	0.00685	0.00974
72	0.11811	0.01431	0.01824	0.01416	0.02030	0.01306	0.01169	0.05751	0.02267	0.57893	0.02929	0.02574	0.01862	0.00975	0.00781	0.00251	0.00690	0.00771	0.00942	0.01325
73	0.01130	0.01011	0.03327	0.01177	0.01452	0.00848	0.05166	0.01457	0.01994	0.02657	0.31067	0.15404	0.26609	0.01822	0.00963	0.00273	0.00500	0.01606	0.00775	0.00760
74	0.01688	0.01549	0.02494	0.47342	0.10052	0.01813	0.05177	0.05579	0.06607	0.02490	0.05864	0.02461	0.01660	0.00883	0.00829	0.00266	0.00997	0.00798	0.00461	0.00990
75	0.01836	0.16677	0.45701	0.02236	0.03260	0.05855	0.08561	0.02584	0.01754	0.02416	0.01402	0.01669	0.01051	0.00752	0.00740	0.00240	0.01168	0.00599	0.00354	0.01145
76	0.01072	0.00782	0.01023	0.01105	0.01231	0.00712	0.00769	0.01290	0.01757	0.02417	0.20516	0.49728	0.05723	0.02194	0.00989	0.00298	0.00455	0.01977	0.00774	0.05186
77	0.04437	0.09883	0.59486	0.02188	0.03319	0.01995	0.02783	0.02551	0.01695	0.02552	0.01416	0.01664	0.01024	0.00764	0.00740	0.00250	0.01150	0.00580	0.00349	0.01174
78	0.01928	0.04879	0.31666	0.05492	0.06083	0.09487	0.16127	0.04284	0.01843	0.02495	0.01450	0.01825	0.01102	0.00818	0.00968	0.00261	0.07105	0.00690	0.00384	0.01112
79	0.02862	0.03219	0.02349	0.06212	0.06851	0.46891	0.01637	0.09825	0.05191	0.05241	0.01535	0.01719	0.01205	0.00861	0.00758	0.00223	0.01275	0.00601	0.00500	0.01043
80	0.01119	0.00840	0.01058	0.01130	0.01320	0.00778	0.00890	0.01411	0.01919	0.02511	0.20813	0.18074	0.22577	0.02093	0.01021	0.00309	0.00518	0.20114	0.00786	0.00720
81	0.09708	0.01975	0.02568	0.25405	0.12305	0.10017	0.07407	0.05684	0.07677	0.02618	0.01590	0.02016	0.01241	0.00860	0.00905	0.00262	0.05564	0.00708	0.00458	0.01033
82	0.01772	0.01048	0.01312	0.01209	0.01502	0.00994	0.00928	0.05718	0.04771	0.15923	0.22253	0.17148	0.11340	0.04818	0.01081	0.00302	0.00549	0.05581	0.00840	0.00908
83	0.00986	0.00717	0.00930	0.01101	0.01169	0.00661	0.00741	0.01133	0.01581	0.02083	0.04821	0.65082	0.11014	0.02497	0.01029	0.00324	0.00465	0.02251	0.00753	0.00661
84	0.01857	0.02189	0.07480	0.08486	0.04104	0.02066	0.49546	0.02492	0.01816	0.02492	0.01560	0.02122	0.01193	0.00771	0.01104	0.00281	0.08083	0.00897	0.00398	0.01064
85	0.01845	0.02369	0.12834	0.03236	0.07082	0.01957	0.48695	0.02535	0.01882	0.02588	0.01769	0.02530	0.01411	0.00790	0.00935	0.00276	0.01289	0.04460	0.00421	0.01097
86	0.02974	0.01643	0.01869	0.01532	0.02066	0.05228	0.01220	0.07617	0.19885	0.37842	0.03004	0.02861	0.02101	0.05126	0.01007	0.00286	0.00738	0.00844	0.00880	0.01277
87	0.02758	0.01774	0.01978	0.01718	0.04164	0.06177	0.01357	0.21474	0.08140	0.23542	0.03081	0.03612	0.05727	0.01217	0.00860	0.00266	0.00801	0.09321	0.00821	0.01211

[dist]
# distance from previous block
# <min> <max>
8	20

[block]
# block no. 4 follows, 23 sequences, length 6
# corresponding to MSA columns:
# 226-231
name=unknown_E
#
# <colnr> <probs for GDERKNQSTAVLIFYWHMCP>
#	G	D	E	R	K	N	Q	S	T	A	V	L	I	F	Y	W	H	M	C	P
0	0.08890	0.01500	0.02395	0.56825	0.10941	0.01816	0.02143	0.02143	0.01620	0.02279	0.01420	0.02067	0.01081	0.00797	0.00781	0.00266	0.01027	0.00694	0.00378	0.00935
1	0.02163	0.01558	0.01815	0.01361	0.02016	0.01359	0.01094	0.14649	0.02183	0.10956	0.01938	0.05973	0.01583	0.00840	0.00695	0.00173	0.00663	0.00680	0.00627	0.47672
2	0.01951	0.01346	0.01765	0.01420	0.01829	0.01333	0.06365	0.09816	0.01955	0.09106	0.02250	0.06101	0.01895	0.06412	0.01133	0.00263	0.06386	0.00832	0.22301	0.15540
3	0.01454	0.00992	0.01234	0.01153	0.01415	0.00918	0.00859	0.06377	0.02101	0.07343	0.28211	0.25710	0.09131	0.01773	0.00931	0.00267	0.00492	0.01561	0.00807	0.07271
4	0.01782	0.02294	0.14751	0.05997	0.08874	0.01880	0.28889	0.02465	0.04562	0.02536	0.01748	0.05590	0.01446	0.00872	0.01005	0.00264	0.06428	0.00873	0.00433	0.07311
5	0.07731	0.01381	0.10141	0.01270	0.01640	0.01028	0.01122	0.01919	0.01982	0.09890	0.31511	0.18966	0.05077	0.01586	0.00896	0.00271	0.00567	0.01378	0.00768	0.00878

[dist]
# distance from previous block
# <min> <max>
0	5

[block]
# block no. 5 follows, 23 sequences, length 194
# corresponding to MSA columns:
# 237-417,419-431
name=unknown_F
#
# <colnr> <probs for GDERKNQSTAVLIFYWHMCP>
#	G	D	E	R	K	N	Q	S	T	A	V	L	I	F	Y	W	H	M	C	P
0	0.01158	0.00884	0.01102	0.01038	0.01187	0.00819	0.03647	0.01278	0.01458	0.01894	0.04161	0.14008	0.19315	0.38180	0.02606	0.00541	0.00670	0.01418	0.00588	0.04048
1	0.02318	0.60351	0.03927	0.01497	0.02155	0.11228	0.01418	0.05335	0.01828	0.02065	0.01181	0.01351	0.01057	0.00725	0.00560	0.00181	0.00943	0.00458	0.00377	0.01044
2	0.01412	0.00870	0.01045	0.01014	0.01254	0.00773	0.00747	0.01650	0.01893	0.11395	0.16783	0.20622	0.26653	0.05048	0.01080	0.00299	0.00474	0.01604	0.04599	0.00786
3	0.02745	0.15660	0.06686	0.02104	0.05884	0.40715	0.01669	0.10757	0.02318	0.02444	0.01347	0.01541	0.01099	0.00819	0.00711	0.00212	0.01242	0.00549	0.00450	0.01049
4	0.09519	0.01624	0.04843	0.05650	0.02313	0.01503	0.01334	0.09580	0.07973	0.39354	0.05885	0.02660	0.02072	0.00999	0.00794	0.00254	0.00733	0.00801	0.00850	0.01260
5	0.01207	0.00995	0.04941	0.00972	0.01045	0.00854	0.00645	0.01265	0.01213	0.01634	0.02489	0.05090	0.02833	0.67163	0.03925	0.00754	0.00812	0.01145	0.00483	0.00535
6	0.06550	0.01973	0.02170	0.11209	0.05608	0.06082	0.01516	0.34733	0.02870	0.07307	0.02128	0.02267	0.03748	0.00959	0.00775	0.00242	0.00871	0.00743	0.07072	0.01178
7	0.11473	0.04709	0.02309	0.01781	0.02351	0.11753	0.01458	0.39934	0.03047	0.07509	0.01752	0.01820	0.01282	0.00943	0.00843	0.00243	0.04215	0.00661	0.00693	0.01225
8	0.01932	0.01850	0.03156	0.15308	0.56689	0.01908	0.02452	0.02424	0.01812	0.02558	0.01513	0.02033	0.01253	0.00737	0.00805	0.00246	0.00983	0.00723	0.00395	0.01224
9	0.01278	0.00975	0.01408	0.01366	0.01529	0.01148	0.01072	0.04465	0.01422	0.02042	0.02116	0.03069	0.01957	0.05645	0.62278	0.01213	0.04950	0.00856	0.00449	0.00763
10	0.01190	0.00941	0.01270	0.01539	0.08199	0.00885	0.01050	0.01472	0.01825	0.02379	0.11236	0.23066	0.21820	0.02046	0.01005	0.00309	0.00572	0.17699	0.00728	0.00767
11	0.11778	0.01387	0.01748	0.01387	0.01966	0.01274	0.01145	0.05572	0.02224	0.51922	0.03211	0.03073	0.05088	0.01076	0.00799	0.00257	0.00679	0.03232	0.00918	0.01264
12	0.01683	0.01442	0.01683	0.01202	0.01923	0.01082	0.00961	0.02043	0.01683	0.02644	0.01442	0.01683	0.01202	0.00601	0.00601	0.00120	0.00601	0.00481	0.00481	0.76444
13	0.01000	0.00721	0.00950	0.01129	0.01193	0.00671	0.00768	0.01153	0.01581	0.02091	0.04654	0.65339	0.08404	0.02506	0.01035	0.00328	0.00479	0.04581	0.00753	0.00664
14	0.01915	0.02189	0.04788	0.03420	0.04241	0.02052	0.63475	0.02599	0.01915	0.02599	0.01642	0.02189	0.01231	0.00684	0.00958	0.00274	0.01368	0.00958	0.00410	0.01094
15	0.01159	0.00869	0.01304	0.01304	0.01449	0.01014	0.01014	0.01449	0.01304	0.01884	0.02173	0.03188	0.02029	0.06086	0.68268	0.01304	0.02173	0.00869	0.00435	0.00724
16	0.01353	0.01035	0.01152	0.01120	0.01426	0.00996	0.00882	0.01982	0.13382	0.05791	0.10546	0.06765	0.37872	0.01829	0.00952	0.00287	0.00516	0.10481	0.00788	0.00844
17	0.01717	0.01370	0.01522	0.01419	0.01780	0.01493	0.01107	0.03149	0.37708	0.05380	0.13183	0.07671	0.10809	0.01457	0.00896	0.00283	0.00581	0.06586	0.00823	0.01066
18	0.01409	0.00705	0.01057	0.01057	0.01057	0.00705	0.00705	0.01057	0.01057	0.01409	0.01409	0.02467	0.01409	0.02819	0.03171	0.76392	0.00705	0.00705	0.00352	0.00352
19	0.01532	0.01442	0.02434	0.69533	0.05589	0.01803	0.02253	0.02073	0.01622	0.02073	0.01442	0.02163	0.01082	0.00811	0.00811	0.00270	0.01082	0.00721	0.00361	0.00901
20	0.01938	0.01856	0.03166	0.14573	0.57382	0.01909	0.02455	0.02428	0.01814	0.02565	0.01514	0.02031	0.01255	0.00736	0.00804	0.00245	0.00981	0.00723	0.00396	0.01228
21	0.01289	0.00928	0.01282	0.01459	0.01650	0.00921	0.01271	0.01654	0.01867	0.02416	0.04504	0.09082	0.07927	0.02232	0.01112	0.00368	0.00729	0.57819	0.00748	0.00744
22	0.01169	0.00792	0.00933	0.00942	0.00960	0.00806	0.00560	0.01207	0.01211	0.01630	0.02603	0.08084	0.02961	0.61227	0.10953	0.00822	0.00923	0.01198	0.00497	0.00525
23	0.01977	0.01981	0.03603	0.04506	0.49545	0.01979	0.16439	0.02493	0.01838	0.02611	0.01534	0.02040	0.01264	0.00743	0.00915	0.00253	0.03875	0.00776	0.00402	0.01225
24	0.02538	0.01932	0.02095	0.01719	0.02175	0.05071	0.01380	0.39498	0.03003	0.06476	0.05539	0.13669	0.02343	0.01305	0.01019	0.00267	0.07031	0.01023	0.00754	0.01164
25	0.00995	0.00711	0.00947	0.01125	0.01178	0.00663	0.00754	0.01146	0.01584	0.02120	0.06984	0.68305	0.05460	0.02506	0.01032	0.00327	0.00467	0.02272	0.00759	0.00663
26	0.02109	0.02176	0.03150	0.10050	0.49049	0.11388	0.05291	0.02567	0.01896	0.02504	0.01486	0.01953	0.01231	0.00745	0.00801	0.00241	0.01065	0.00706	0.00401	0.01194
27	0.01683	0.01442	0.01683	0.01202	0.01923	0.01082	0.00961	0.02043	0.01683	0.02644	0.01442	0.01683	0.01202	0.00601	0.00601	0.00120	0.00601	0.00481	0.00481	0.76444
28	0.73314	0.01559	0.01229	0.01087	0.01596	0.01787	0.00895	0.02468	0.01431	0.06999	0.01240	0.01395	0.00939	0.00767	0.00519	0.00251	0.00631	0.00459	0.00529	0.00905
29	0.01614	0.01370	0.01610	0.01195	0.01849	0.01040	0.00941	0.01953	0.01670	0.02588	0.01741	0.08504	0.01612	0.00792	0.00644	0.00141	0.00588	0.00661	0.00508	0.68981
30	0.03043	0.01650	0.01976	0.01572	0.02127	0.01657	0.01273	0.27894	0.02823	0.32703	0.02869	0.11976	0.02223	0.01207	0.00845	0.00259	0.00742	0.00990	0.00891	0.01279
31	0.01821	0.01438	0.01744	0.05395	0.02158	0.01134	0.01058	0.02189	0.01727	0.07447	0.01574	0.01793	0.01255	0.00644	0.00630	0.00139	0.00637	0.00521	0.00513	0.66184
32	0.01024	0.00740	0.00969	0.01090	0.01181	0.00685	0.00749	0.01224	0.01740	0.02350	0.18868	0.52903	0.08836	0.02314	0.01014	0.00310	0.00448	0.02084	0.00786	0.00685
33	0.01934	0.01646	0.01739	0.01560	0.02000	0.01869	0.01214	0.06487	0.54075	0.03355	0.06245	0.03535	0.08363	0.01204	0.00842	0.00273	0.00622	0.01003	0.00821	0.01213
34	0.01180	0.00787	0.00885	0.00885	0.00885	0.00787	0.00492	0.01180	0.01180	0.01573	0.02557	0.05310	0.02950	0.71483	0.04130	0.00787	0.00787	0.01180	0.00492	0.00492
35	0.02169	0.71972	0.04252	0.01388	0.02083	0.03211	0.01388	0.02430	0.01649	0.01909	0.01128	0.01302	0.01041	0.00694	0.00521	0.00174	0.00868	0.00434	0.00347	0.01041
36	0.01435	0.05214	0.20341	0.01460	0.02009	0.04474	0.01474	0.01939	0.01996	0.02763	0.30222	0.06855	0.09396	0.01323	0.00854	0.00246	0.00711	0.01118	0.00645	0.05524
37	0.02039	0.47354	0.24044	0.01713	0.02554	0.05881	0.01905	0.02512	0.01700	0.02121	0.01238	0.01439	0.01037	0.00725	0.00610	0.00202	0.01001	0.00490	0.00349	0.01086
38	0.02053	0.01760	0.01854	0.01658	0.02123	0.02034	0.01293	0.06243	0.62968	0.03450	0.03259	0.02992	0.02441	0.01097	0.00825	0.00274	0.00650	0.00911	0.00825	0.01287
39	0.03292	0.01304	0.01771	0.01384	0.01951	0.01133	0.01133	0.03615	0.02319	0.58063	0.11991	0.03224	0.02799	0.01096	0.00836	0.00252	0.00647	0.00907	0.00989	0.01295
40	0.01775	0.01775	0.02485	0.02130	0.02130	0.02485	0.01775	0.01953	0.01243	0.01953	0.01065	0.01775	0.01065	0.01420	0.02663	0.00355	0.69998	0.00710	0.00355	0.00888
41	0.01675	0.01442	0.01719	0.04511	0.02100	0.01117	0.01024	0.02045	0.01680	0.02616	0.01442	0.01706	0.01196	0.00611	0.00611	0.00127	0.00624	0.00492	0.00475	0.72786
42	0.03081	0.02370	0.02427	0.01881	0.02516	0.06531	0.01544	0.60021	0.03722	0.04923	0.01906	0.01919	0.01359	0.00966	0.00807	0.00241	0.00928	0.00718	0.00788	0.01353
43	0.00980	0.00770	0.00886	0.00968	0.01137	0.00677	0.00684	0.01164	0.01736	0.02182	0.08946	0.35982	0.36498	0.02256	0.00993	0.00298	0.00437	0.01968	0.00759	0.00677
44	0.01616	0.01490	0.02364	0.04261	0.05093	0.01704	0.12805	0.04252	0.04624	0.02360	0.02344	0.09931	0.05146	0.02145	0.13145	0.00475	0.19838	0.01018	0.04477	0.00910
45	0.01062	0.00780	0.00995	0.01039	0.01184	0.00714	0.00742	0.01327	0.01948	0.02655	0.34519	0.31867	0.14053	0.02057	0.00988	0.00287	0.00421	0.01829	0.00821	0.00714
46	0.03002	0.02193	0.02346	0.01808	0.02433	0.02423	0.01491	0.60451	0.03703	0.05004	0.01985	0.02005	0.01417	0.00973	0.00799	0.00241	0.00866	0.00732	0.04782	0.01347
47	0.01652	0.01479	0.02299	0.54455	0.04790	0.01742	0.02004	0.06968	0.01836	0.02426	0.04608	0.02290	0.01435	0.00846	0.00799	0.00254	0.00988	0.00736	0.00434	0.07959
48	0.02218	0.62266	0.07405	0.01500	0.02196	0.08989	0.01490	0.02510	0.01711	0.01951	0.01157	0.01338	0.01041	0.00711	0.00553	0.00181	0.00939	0.00451	0.00353	0.01041
