[name]
unknown

[dist]
# distance from previous block
# <min> <max>
15	106

[block]
# block no. 0 follows, 23 sequences, length 74
# corresponding to MSA columns:
# 147-220
name=unknown_A
#
# <colnr> <probs for GDERKNQSTAVLIFYWHMCP>
#	G	D	E	R	K	N	Q	S	T	A	V	L	I	F	Y	W	H	M	C	P
0	0.15589	0.12463	0.23968	0.10512	0.09664	0.02092	0.07447	0.02427	0.01646	0.02599	0.01357	0.01711	0.01054	0.00774	0.00782	0.00249	0.03599	0.00610	0.00387	0.01070
1	0.15505	0.07429	0.20470	0.04854	0.15372	0.02008	0.08905	0.02511	0.04155	0.02717	0.01456	0.01793	0.01142	0.00792	0.00846	0.00252	0.05226	0.00642	0.00416	0.03511
2	0.38804	0.02189	0.15479	0.06959	0.08231	0.01863	0.01644	0.07419	0.01759	0.06841	0.01438	0.01658	0.01065	0.00790	0.00651	0.00252	0.00837	0.00564	0.00502	0.01052
3	0.19057	0.02155	0.15216	0.05751	0.04559	0.01732	0.12396	0.05670	0.01768	0.02883	0.01924	0.05062	0.04797	0.00911	0.00812	0.00248	0.03272	0.00765	0.00478	0.10543
4	0.14482	0.04970	0.05286	0.06915	0.27829	0.01993	0.01858	0.14562	0.02144	0.06062	0.01589	0.01865	0.01232	0.00789	0.00732	0.00236	0.00875	0.00651	0.00523	0.05407
5	0.27866	0.02141	0.14705	0.01852	0.08418	0.01739	0.01582	0.07679	0.04015	0.14850	0.01769	0.01858	0.01269	0.00818	0.00684	0.00242	0.00804	0.00609	0.00586	0.06513
6	0.06582	0.02365	0.18839	0.08235	0.08449	0.01795	0.15893	0.05026	0.01838	0.06284	0.01618	0.01967	0.01216	0.00784	0.00863	0.00245	0.04063	0.00704	0.02825	0.10409
7	0.37274	0.05888	0.11853	0.08587	0.02509	0.01799	0.04028	0.02588	0.01634	0.11649	0.01526	0.01712	0.01112	0.00783	0.00642	0.00245	0.00814	0.00567	0.00517	0.04272
8	0.39465	0.18966	0.15800	0.01532	0.02242	0.02179	0.04913	0.02446	0.01543	0.02948	0.01225	0.01444	0.00968	0.00739	0.00587	0.00235	0.00844	0.00500	0.00427	0.00996
9	0.53750	0.01630	0.05179	0.01208	0.01718	0.01659	0.01042	0.02527	0.05097	0.09052	0.05101	0.05682	0.01688	0.00944	0.00618	0.00257	0.00646	0.00667	0.00590	0.00947
10	0.36422	0.02016	0.09328	0.02173	0.16374	0.05803	0.01535	0.02500	0.01685	0.07184	0.04224	0.04424	0.01520	0.00874	0.00674	0.00250	0.00808	0.00663	0.00514	0.01030
11	0.01742	0.01656	0.02813	0.41068	0.32414	0.01858	0.02358	0.02257	0.01722	0.02328	0.01479	0.02095	0.01171	0.00772	0.00808	0.00257	0.01030	0.00722	0.00379	0.01071
12	0.01948	0.02049	0.06568	0.07984	0.50895	0.05426	0.02337	0.02430	0.01853	0.02552	0.01857	0.02493	0.03618	0.00851	0.00818	0.00249	0.00982	0.03467	0.00425	0.01195
13	0.01515	0.01408	0.02282	0.53089	0.04665	0.01764	0.02047	0.01977	0.01586	0.02079	0.01751	0.06755	0.01555	0.01076	0.01069	0.00290	0.09427	0.04380	0.00407	0.00876
14	0.00989	0.00706	0.00942	0.01130	0.01177	0.00659	0.00753	0.01130	0.01554	0.02071	0.04472	0.70954	0.05367	0.02542	0.01036	0.00330	0.00471	0.02307	0.00753	0.00659
15	0.02169	0.71972	0.04252	0.01388	0.02083	0.03211	0.01388	0.02430	0.01649	0.01909	0.01128	0.01302	0.01041	0.00694	0.00521	0.00174	0.00868	0.00434	0.00347	0.01041
16	0.10726	0.01489	0.01923	0.01635	0.05992	0.01373	0.01249	0.07139	0.02253	0.49577	0.02723	0.02465	0.01771	0.00938	0.00772	0.00243	0.00708	0.00750	0.00878	0.05396
17	0.01327	0.01074	0.01503	0.01475	0.01710	0.01069	0.05994	0.01924	0.12152	0.02429	0.03883	0.38925	0.04235	0.02009	0.00992	0.00316	0.00632	0.13473	0.00725	0.04154
18	0.02883	0.02173	0.02322	0.01826	0.02439	0.02422	0.01493	0.52481	0.15378	0.04789	0.02204	0.02152	0.01587	0.00998	0.00814	0.00250	0.00845	0.00766	0.00814	0.01362
19	0.01148	0.00829	0.01085	0.01021	0.01212	0.00766	0.00766	0.01531	0.02297	0.03254	0.65994	0.06061	0.07656	0.01659	0.00957	0.00255	0.00383	0.01467	0.00893	0.00766
20	0.73071	0.01609	0.01262	0.01112	0.01622	0.01859	0.00916	0.05814	0.01517	0.03723	0.01176	0.01353	0.00907	0.00766	0.00519	0.00251	0.00643	0.00456	0.00519	0.00907
21	0.01159	0.00869	0.01304	0.01304	0.01449	0.01014	0.01014	0.01449	0.01304	0.01884	0.02173	0.03188	0.02029	0.06086	0.68268	0.01304	0.02173	0.00869	0.00435	0.00724
22	0.01179	0.00790	0.00903	0.00903	0.00909	0.00796	0.00514	0.01192	0.01185	0.01587	0.02540	0.05219	0.02910	0.68667	0.06892	0.00809	0.00846	0.01167	0.00489	0.00502
23	0.01532	0.01442	0.02434	0.69533	0.05589	0.01803	0.02253	0.02073	0.01622	0.02073	0.01442	0.02163	0.01082	0.00811	0.00811	0.00270	0.01082	0.00721	0.00361	0.00901
24	0.01532	0.01442	0.02434	0.69533	0.05589	0.01803	0.02253	0.02073	0.01622	0.02073	0.01442	0.02163	0.01082	0.00811	0.00811	0.00270	0.01082	0.00721	0.00361	0.00901
25	0.01148	0.00829	0.01085	0.01021	0.01212	0.00766	0.00766	0.01531	0.02297	0.03254	0.65994	0.06061	0.07656	0.01659	0.00957	0.00255	0.00383	0.01467	0.00893	0.00766
26	0.36861	0.05668	0.01894	0.01449	0.02012	0.02177	0.01200	0.25358	0.09732	0.04064	0.01687	0.01751	0.01260	0.00873	0.00656	0.00247	0.00741	0.00603	0.00646	0.01121
27	0.01775	0.22648	0.50121	0.02061	0.03123	0.02245	0.02560	0.02532	0.01696	0.02390	0.01367	0.01601	0.01032	0.00750	0.00703	0.00234	0.01109	0.00554	0.00344	0.01156
28	0.01538	0.01447	0.02488	0.60011	0.05192	0.01748	0.05938	0.02074	0.01660	0.02134	0.01684	0.02726	0.01379	0.00918	0.00845	0.00279	0.01072	0.05571	0.00395	0.00901
29	0.00989	0.00706	0.00942	0.01130	0.01177	0.00659	0.00753	0.01130	0.01554	0.02071	0.04472	0.70954	0.05367	0.02542	0.01036	0.00330	0.00471	0.02307	0.00753	0.00659
30	0.11044	0.05586	0.06215	0.01979	0.05900	0.12531	0.01593	0.35619	0.05393	0.03975	0.01716	0.01807	0.01275	0.00895	0.00750	0.00238	0.00963	0.00652	0.00647	0.01222
31	0.01652	0.07267	0.64424	0.02271	0.03447	0.01945	0.02925	0.02563	0.01710	0.02540	0.01441	0.01694	0.01028	0.00767	0.00760	0.00253	0.01184	0.00592	0.00343	0.01192
32	0.59508	0.05034	0.11601	0.01304	0.01928	0.01916	0.01254	0.04711	0.01535	0.03455	0.01211	0.01402	0.00928	0.00762	0.00556	0.00248	0.00736	0.00475	0.00482	0.00954
33	0.01180	0.00787	0.00885	0.00885	0.00885	0.00787	0.00492	0.01180	0.01180	0.01573	0.02557	0.05310	0.02950	0.71483	0.04130	0.00787	0.00787	0.01180	0.00492	0.00492
34	0.02231	0.05510	0.26504	0.01897	0.02710	0.07073	0.04028	0.03135	0.12981	0.14993	0.02090	0.02122	0.01497	0.00855	0.00765	0.00238	0.00955	0.00684	0.00577	0.09156
35	0.01981	0.48368	0.26202	0.01710	0.02580	0.02749	0.01949	0.02478	0.01671	0.02139	0.01242	0.01445	0.01037	0.00721	0.00608	0.00203	0.00983	0.00492	0.00346	0.01096
36	0.02218	0.45068	0.14606	0.01625	0.02371	0.10699	0.01655	0.02597	0.01770	0.04875	0.01307	0.01476	0.01090	0.00733	0.00607	0.00193	0.00975	0.00492	0.00391	0.05255
37	0.01618	0.06493	0.60885	0.02199	0.03318	0.01865	0.02801	0.02501	0.01747	0.02587	0.05408	0.01965	0.01436	0.00823	0.00773	0.00254	0.01137	0.00647	0.00377	0.01167
38	0.01610	0.04020	0.63702	0.02268	0.03413	0.01833	0.02906	0.02522	0.01722	0.02562	0.01610	0.02117	0.01225	0.00851	0.00790	0.00263	0.01175	0.03873	0.00365	0.01175
39	0.01768	0.01701	0.02948	0.36858	0.32984	0.01873	0.05628	0.02290	0.01740	0.02362	0.01491	0.02095	0.01182	0.00765	0.00815	0.00257	0.01044	0.00735	0.00382	0.01085
40	0.13469	0.02319	0.25153	0.01621	0.02353	0.01455	0.01715	0.02767	0.01957	0.22377	0.14037	0.02787	0.02546	0.01005	0.00779	0.00254	0.00806	0.00804	0.00670	0.01125
41	0.01157	0.00827	0.01135	0.01323	0.01443	0.00804	0.01046	0.01421	0.01720	0.02260	0.04379	0.38287	0.04998	0.02383	0.01081	0.00353	0.00617	0.33310	0.00750	0.00706
42	0.01180	0.00787	0.00885	0.00885	0.00885	0.00787	0.00492	0.01180	0.01180	0.01573	0.02557	0.05310	0.02950	0.71483	0.04130	0.00787	0.00787	0.01180	0.00492	0.00492
43	0.01137	0.00829	0.01069	0.01009	0.01205	0.00761	0.00757	0.01510	0.02270	0.03191	0.62576	0.06165	0.11113	0.01682	0.00957	0.00256	0.00384	0.01482	0.00885	0.00761
44	0.04166	0.09162	0.50848	0.02275	0.07047	0.01918	0.02606	0.02559	0.01754	0.05121	0.04181	0.01908	0.01355	0.00807	0.00754	0.00249	0.01086	0.00633	0.00401	0.01171
45	0.03031	0.03867	0.02299	0.02090	0.02508	0.68226	0.01568	0.03240	0.02299	0.01986	0.01254	0.01463	0.01045	0.00836	0.00732	0.00209	0.01463	0.00523	0.00418	0.00941
46	0.01148	0.00829	0.01085	0.01021	0.01212	0.00766	0.00766	0.01531	0.02297	0.03254	0.65994	0.06061	0.07656	0.01659	0.00957	0.00255	0.00383	0.01467	0.00893	0.00766
47	0.00989	0.00706	0.00942	0.01130	0.01177	0.00659	0.00753	0.01130	0.01554	0.02071	0.04472	0.70954	0.05367	0.02542	0.01036	0.00330	0.00471	0.02307	0.00753	0.00659
48	0.02815	0.01963	0.02227	0.07190	0.02611	0.02159	0.01493	0.37396	0.16406	0.13569	0.02379	0.02314	0.01681	0.00992	0.00815	0.00254	0.00825	0.00782	0.00807	0.01321
49	0.01627	0.04197	0.67279	0.02313	0.03512	0.01884	0.02998	0.02570	0.01713	0.02570	0.01456	0.01713	0.01028	0.00771	0.00771	0.00257	0.01199	0.00600	0.00343	0.01199
50	0.01161	0.00838	0.01103	0.01059	0.01250	0.00779	0.00809	0.01543	0.02262	0.03188	0.61042	0.06309	0.07417	0.01706	0.00970	0.00265	0.00412	0.06242	0.00882	0.00764
51	0.01957	0.02089	0.08391	0.07610	0.58692	0.01919	0.02521	0.02478	0.01827	0.02619	0.01517	0.01991	0.01256	0.00731	0.00801	0.00244	0.00988	0.00713	0.00395	0.01261
52	0.70452	0.05755	0.01413	0.01111	0.01629	0.01924	0.00930	0.04311	0.01473	0.03584	0.01155	0.01337	0.00904	0.00757	0.00513	0.00246	0.00650	0.00448	0.00503	0.00904
53	0.01940	0.01962	0.03654	0.10139	0.43030	0.01953	0.20224	0.02486	0.01848	0.02586	0.01553	0.02074	0.01252	0.00719	0.00849	0.00253	0.01092	0.00791	0.00401	0.01196
54	0.03641	0.01381	0.01883	0.01444	0.02071	0.01193	0.01193	0.03954	0.02322	0.66984	0.03201	0.02762	0.02009	0.01004	0.00816	0.00251	0.00690	0.00816	0.01004	0.01381
55	0.16612	0.05820	0.01836	0.05152	0.02097	0.01656	0.01193	0.09906	0.10256	0.21751	0.03094	0.03178	0.09331	0.01113	0.00769	0.00258	0.00698	0.03417	0.00748	0.01117
56	0.01023	0.00731	0.00979	0.01153	0.01219	0.00687	0.00798	0.01196	0.01618	0.02163	0.07741	0.62530	0.05433	0.02471	0.01038	0.00329	0.00488	0.06970	0.00760	0.00672
57	0.01148	0.00829	0.01085	0.01021	0.01212	0.00766	0.00766	0.01531	0.02297	0.03254	0.65994	0.06061	0.07656	0.01659	0.00957	0.00255	0.00383	0.01467	0.00893	0.00766
58	0.03523	0.01450	0.01911	0.01478	0.02098	0.01311	0.01217	0.07315	0.05749	0.60131	0.03137	0.02731	0.01998	0.01008	0.00816	0.00252	0.00699	0.00817	0.00984	0.01376
59	0.01600	0.01261	0.01498	0.01514	0.01801	0.01368	0.01224	0.05044	0.25967	0.02849	0.03851	0.15888	0.03809	0.01802	0.00983	0.00324	0.00671	0.26801	0.00781	0.00964
60	0.08193	0.66321	0.04006	0.01363	0.02041	0.03099	0.01348	0.02426	0.01627	0.02048	0.01128	0.01303	0.01028	0.00699	0.00519	0.00180	0.00848	0.00434	0.00360	0.01028
61	0.01487	0.01343	0.02286	0.29981	0.03635	0.01446	0.10984	0.01977	0.01826	0.02435	0.11418	0.04416	0.02931	0.01254	0.00921	0.00287	0.00921	0.15613	0.00545	0.04295
62	0.02049	0.01665	0.01775	0.01588	0.02045	0.01888	0.01238	0.04097	0.57375	0.07082	0.03599	0.03305	0.06357	0.01154	0.00833	0.00274	0.00631	0.00960	0.00832	0.01253
63	0.68873	0.01548	0.01271	0.01110	0.01626	0.01749	0.00914	0.02563	0.01488	0.10822	0.01365	0.01482	0.01007	0.00782	0.00538	0.00251	0.00635	0.00482	0.00559	0.00936
64	0.03085	0.02273	0.02435	0.01867	0.02516	0.02516	0.01542	0.63716	0.03815	0.05114	0.01948	0.01948	0.01380	0.00974	0.00812	0.00244	0.00893	0.00731	0.00812	0.01380
65	0.01055	0.00820	0.00960	0.00938	0.01159	0.00724	0.00698	0.01346	0.02058	0.02717	0.36952	0.10304	0.33588	0.01883	0.00962	0.00268	0.00400	0.01621	0.00823	0.00724
66	0.02515	0.01632	0.01850	0.01588	0.02098	0.01765	0.01256	0.04202	0.45761	0.22882	0.03272	0.02946	0.02333	0.01071	0.00823	0.00268	0.00657	0.00886	0.00880	0.01314
67	0.00989	0.00706	0.00942	0.01130	0.01177	0.00659	0.00753	0.01130	0.01554	0.02071	0.04472	0.70954	0.05367	0.02542	0.01036	0.00330	0.00471	0.02307	0.00753	0.00659
68	0.01883	0.02413	0.11750	0.03297	0.04160	0.02033	0.56737	0.02596	0.01893	0.02596	0.01621	0.02136	0.01209	0.00694	0.00937	0.00272	0.01349	0.00918	0.00403	0.01106
69	0.01679	0.01607	0.02729	0.47391	0.20823	0.01879	0.04211	0.02189	0.01668	0.02230	0.01449	0.02104	0.01137	0.00818	0.00914	0.00268	0.04798	0.00728	0.00372	0.01004
70	0.00989	0.00706	0.00942	0.01130	0.01177	0.00659	0.00753	0.01130	0.01554	0.02071	0.04472	0.70954	0.05367	0.02542	0.01036	0.00330	0.00471	0.02307	0.00753	0.00659
71	0.01002	0.00716	0.00957	0.01146	0.01199	0.00671	0.00777	0.01154	0.01567	0.02087	0.04465	0.68291	0.05337	0.02529	0.01039	0.00331	0.00483	0.04834	0.00753	0.00663
72	0.02134	0.01789	0.04549	0.01594	0.02320	0.01522	0.06474	0.16037	0.02220	0.07143	0.01681	0.01852	0.01287	0.00723	0.00698	0.00174	0.00759	0.00602	0.00576	0.45865
73	0.01052	0.00770	0.01021	0.01170	0.01217	0.00762	0.00801	0.01194	0.01523	0.02042	0.04161	0.59974	0.04953	0.08013	0.01359	0.00369	0.03571	0.04673	0.00714	0.00660

[dist]
# distance from previous block
# <min> <max>
0	5

[block]
# block no. 1 follows, 23 sequences, length 44
# corresponding to MSA columns:
# 226-269
name=unknown_B
#
# <colnr> <probs for GDERKNQSTAVLIFYWHMCP>
#	G	D	E	R	K	N	Q	S	T	A	V	L	I	F	Y	W	H	M	C	P
0	0.01138	0.00829	0.01071	0.01010	0.01206	0.00761	0.00758	0.01512	0.02273	0.03197	0.62892	0.06155	0.10794	0.01680	0.00957	0.00256	0.00384	0.01481	0.00886	0.00761
1	0.55636	0.01514	0.01395	0.01178	0.01716	0.01636	0.00971	0.02845	0.01657	0.22219	0.01737	0.01742	0.01210	0.00827	0.00594	0.00251	0.00646	0.00550	0.00649	0.01026
2	0.07076	0.09530	0.46633	0.02297	0.06805	0.01964	0.05372	0.02626	0.01739	0.06534	0.01524	0.01753	0.01103	0.00771	0.00744	0.00249	0.01094	0.00611	0.00401	0.01174
3	0.01154	0.00832	0.01097	0.01069	0.01252	0.00775	0.00813	0.01523	0.02219	0.03117	0.57241	0.09818	0.07270	0.01758	0.00976	0.00270	0.00420	0.06767	0.00873	0.00758
4	0.01039	0.00742	0.01000	0.01188	0.01257	0.00703	0.00841	0.01218	0.01604	0.02128	0.04444	0.61118	0.05256	0.02494	0.01049	0.00337	0.00515	0.11642	0.00752	0.00673
5	0.03285	0.01468	0.01999	0.01771	0.07669	0.01344	0.01311	0.09080	0.02370	0.51784	0.03019	0.06795	0.02094	0.01071	0.00828	0.00254	0.00719	0.00891	0.00919	0.01328
6	0.01738	0.03944	0.60426	0.02340	0.03490	0.01863	0.06615	0.02636	0.01754	0.05555	0.01548	0.01791	0.01086	0.00776	0.00784	0.00258	0.01186	0.00632	0.00377	0.01201
7	0.01026	0.00733	0.00982	0.01155	0.01223	0.00689	0.00802	0.01201	0.01624	0.02170	0.07984	0.61843	0.05437	0.02465	0.01039	0.00329	0.00490	0.07374	0.00761	0.00673
8	0.70798	0.01553	0.01253	0.01100	0.01613	0.01766	0.00906	0.02522	0.01463	0.09165	0.01310	0.01444	0.00977	0.00775	0.00530	0.00251	0.00633	0.00472	0.00546	0.00923
9	0.77215	0.01569	0.01193	0.01067	0.01569	0.01820	0.00879	0.02385	0.01381	0.03641	0.01130	0.01318	0.00879	0.00753	0.00502	0.00251	0.00628	0.00439	0.00502	0.00879
10	0.01969	0.03787	0.54687	0.02188	0.03270	0.04375	0.02679	0.05431	0.01895	0.09811	0.01664	0.01830	0.01153	0.00808	0.00776	0.00254	0.01139	0.00626	0.00440	0.01217
11	0.02621	0.05146	0.02177	0.01690	0.02243	0.02147	0.01370	0.30121	0.25873	0.10743	0.02647	0.05339	0.02003	0.01078	0.00813	0.00256	0.00760	0.00861	0.00813	0.01299
12	0.77215	0.01569	0.01193	0.01067	0.01569	0.01820	0.00879	0.02385	0.01381	0.03641	0.01130	0.01318	0.00879	0.00753	0.00502	0.00251	0.00628	0.00439	0.00502	0.00879
13	0.03111	0.02063	0.02287	0.01767	0.02392	0.02220	0.01454	0.51069	0.03475	0.15899	0.02255	0.04439	0.01626	0.01033	0.00820	0.00248	0.00843	0.00799	0.00844	0.01356
14	0.14500	0.27358	0.28776	0.01718	0.02570	0.02318	0.01936	0.02618	0.04353	0.05078	0.01434	0.01600	0.01108	0.00764	0.00642	0.00227	0.00944	0.00537	0.00417	0.01101
15	0.01153	0.00787	0.00882	0.00889	0.00915	0.00773	0.00513	0.01177	0.01253	0.01647	0.03126	0.08103	0.08552	0.62724	0.03732	0.00724	0.00742	0.01271	0.00525	0.00515
16	0.01912	0.01863	0.03278	0.16718	0.49267	0.01917	0.08285	0.02424	0.01813	0.02540	0.01522	0.02054	0.01243	0.00736	0.00820	0.00250	0.01024	0.00745	0.00395	0.01196
17	0.08820	0.01742	0.06507	0.04537	0.02278	0.01665	0.01369	0.03722	0.29160	0.24880	0.04734	0.02751	0.02172	0.01019	0.00794	0.00263	0.00709	0.00828	0.00806	0.01245
18	0.01237	0.00852	0.01094	0.01020	0.01238	0.00776	0.00770	0.01600	0.02256	0.05870	0.57945	0.06083	0.12850	0.01668	0.00951	0.00257	0.00399	0.01462	0.00885	0.00784
19	0.03043	0.02108	0.02291	0.01766	0.02387	0.02300	0.01456	0.54959	0.03564	0.10390	0.02097	0.02081	0.01475	0.00975	0.00798	0.00241	0.00846	0.00739	0.05139	0.01344
20	0.01513	0.00756	0.00756	0.00756	0.00945	0.00756	0.00567	0.01891	0.01702	0.03025	0.02647	0.03025	0.02080	0.00945	0.00567	0.00189	0.00378	0.00756	0.75988	0.00756
21	0.02282	0.63278	0.04019	0.01457	0.02137	0.05646	0.01409	0.07806	0.01863	0.02192	0.01204	0.01364	0.01071	0.00724	0.00554	0.00181	0.00893	0.00463	0.00390	0.01067
22	0.01661	0.01641	0.02962	0.46037	0.09869	0.01822	0.15368	0.02217	0.01707	0.02267	0.01492	0.02127	0.01137	0.00764	0.00829	0.00260	0.01105	0.00757	0.00382	0.05596
23	0.01513	0.00756	0.00756	0.00756	0.00945	0.00756	0.00567	0.01891	0.01702	0.03025	0.02647	0.03025	0.02080	0.00945	0.00567	0.00189	0.00378	0.00756	0.75988	0.00756
24	0.77215	0.01569	0.01193	0.01067	0.01569	0.01820	0.00879	0.02385	0.01381	0.03641	0.01130	0.01318	0.00879	0.00753	0.00502	0.00251	0.00628	0.00439	0.00502	0.00879
25	0.70750	0.01631	0.01301	0.01137	0.01652	0.01881	0.00937	0.07734	0.01593	0.03769	0.01201	0.01373	0.00922	0.00772	0.00529	0.00250	0.00651	0.00465	0.00529	0.00922
26	0.01775	0.01775	0.02485	0.02130	0.02130	0.02485	0.01775	0.01953	0.01243	0.01953	0.01065	0.01775	0.01065	0.01420	0.02663	0.00355	0.69998	0.00710	0.00355	0.00888
27	0.01148	0.00829	0.01085	0.01021	0.01212	0.00766	0.00766	0.01531	0.02297	0.03254	0.65994	0.06061	0.07656	0.01659	0.00957	0.00255	0.00383	0.01467	0.00893	0.00766
28	0.01197	0.00865	0.01156	0.01203	0.01390	0.00824	0.00972	0.01560	0.02082	0.02842	0.37100	0.09911	0.08682	0.01938	0.01024	0.00305	0.00530	0.24842	0.00825	0.00751
29	0.01627	0.04197	0.67279	0.02313	0.03512	0.01884	0.02998	0.02570	0.01713	0.02570	0.01456	0.01713	0.01028	0.00771	0.00771	0.00257	0.01199	0.00600	0.00343	0.01199
30	0.02988	0.06517	0.02523	0.01829	0.02474	0.02540	0.01523	0.57691	0.06023	0.04852	0.01950	0.01950	0.01401	0.00962	0.00794	0.00240	0.00882	0.00720	0.00784	0.01356
31	0.03605	0.01439	0.01919	0.01471	0.02100	0.01278	0.01215	0.07816	0.02419	0.62986	0.03120	0.02709	0.01968	0.01002	0.00816	0.00251	0.00704	0.00810	0.00992	0.01381
32	0.01029	0.00754	0.00966	0.01062	0.01177	0.00691	0.00740	0.01244	0.01793	0.02410	0.21760	0.45501	0.13399	0.02241	0.01005	0.00302	0.00439	0.02005	0.00792	0.00691
33	0.01582	0.01493	0.02523	0.62835	0.11901	0.01816	0.02278	0.02116	0.01646	0.02133	0.01451	0.02147	0.01103	0.00802	0.00810	0.00267	0.01069	0.00721	0.00365	0.00941
34	0.01915	0.02189	0.04788	0.03420	0.04241	0.02052	0.63475	0.02599	0.01915	0.02599	0.01642	0.02189	0.01231	0.00684	0.00958	0.00274	0.01368	0.00958	0.00410	0.01094
35	0.01559	0.00970	0.01331	0.01398	0.01642	0.00933	0.01192	0.01922	0.01987	0.10448	0.13495	0.07869	0.06574	0.01998	0.01054	0.00338	0.00676	0.42987	0.00801	0.00826
36	0.02728	0.01906	0.02178	0.01681	0.02267	0.02011	0.01381	0.37020	0.02959	0.12818	0.04464	0.02159	0.01654	0.00977	0.00937	0.00233	0.06608	0.00725	0.00745	0.14552
37	0.01563	0.01474	0.02489	0.65362	0.09519	0.01811	0.02269	0.02100	0.01637	0.02111	0.01448	0.02153	0.01095	0.00806	0.00811	0.00269	0.01074	0.00721	0.00363	0.00926
38	0.01383	0.00711	0.01027	0.01038	0.01051	0.00708	0.00692	0.01113	0.01127	0.01546	0.01697	0.06527	0.01730	0.05144	0.02934	0.64965	0.00676	0.00816	0.04717	0.00398
39	0.02264	0.05025	0.04046	0.07214	0.05295	0.11128	0.01545	0.12422	0.21496	0.06737	0.02583	0.03328	0.02148	0.01145	0.00838	0.00268	0.00888	0.09822	0.00675	0.01133
40	0.01703	0.15329	0.50405	0.02127	0.03168	0.02050	0.04993	0.02488	0.01744	0.02499	0.05109	0.01912	0.01418	0.00805	0.00747	0.00243	0.01103	0.00636	0.00378	0.01144
41	0.02216	0.09372	0.10381	0.01998	0.07361	0.05004	0.04297	0.15332	0.06061	0.08561	0.04236	0.06656	0.01948	0.06097	0.01131	0.00288	0.04599	0.00851	0.00599	0.03011
42	0.07504	0.04949	0.02417	0.01852	0.02444	0.06117	0.05222	0.35665	0.18242	0.04140	0.02134	0.02131	0.01573	0.00954	0.00788	0.00249	0.00876	0.00747	0.00730	0.01268
43	0.06051	0.02155	0.06797	0.05289	0.03179	0.06127	0.26055	0.07498	0.08095	0.02876	0.01713	0.02024	0.01308	0.00754	0.00803	0.00233	0.01045	0.00750	0.00496	0.16751

[dist]
# distance from previous block
# <min> <max>
0	16

[block]
# block no. 2 follows, 23 sequences, length 53
# corresponding to MSA columns:
# 286-338
name=unknown_C
#
# <colnr> <probs for GDERKNQSTAVLIFYWHMCP>
#	G	D	E	R	K	N	Q	S	T	A	V	L	I	F	Y	W	H	M	C	P
0	0.04881	0.08206	0.33424	0.02021	0.06024	0.01881	0.02108	0.06211	0.09484	0.02863	0.05373	0.02099	0.01632	0.00845	0.00743	0.00235	0.00937	0.00669	0.00486	0.09878
1	0.07497	0.21235	0.46238	0.01983	0.03001	0.02217	0.02428	0.02520	0.01672	0.02483	0.01348	0.01579	0.01020	0.00750	0.00687	0.00235	0.01072	0.00545	0.00356	0.01135
2	0.09448	0.14501	0.32449	0.01877	0.02775	0.01942	0.04501	0.02858	0.01823	0.17835	0.01791	0.01874	0.01256	0.00808	0.00722	0.00242	0.00975	0.00622	0.00518	0.01181
3	0.19100	0.06855	0.43114	0.01884	0.02828	0.01860	0.02252	0.02532	0.01685	0.05513	0.04307	0.01838	0.01330	0.00812	0.00706	0.00251	0.00993	0.00602	0.00432	0.01106
4	0.08367	0.11373	0.07199	0.01749	0.02268	0.10970	0.01531	0.19770	0.04624	0.06931	0.01677	0.01856	0.01295	0.00961	0.01007	0.00247	0.11529	0.00642	0.04894	0.01111
5	0.01861	0.01378	0.06252	0.01160	0.01545	0.01234	0.00993	0.13378	0.04303	0.04991	0.05072	0.02880	0.02115	0.03544	0.00791	0.00231	0.00576	0.00781	0.43056	0.03858
6	0.61872	0.01945	0.09270	0.01285	0.01883	0.01886	0.01190	0.07557	0.01625	0.03635	0.01238	0.01419	0.00939	0.00774	0.00561	0.00251	0.00719	0.00483	0.00509	0.00959
7	0.01398	0.00955	0.01200	0.01198	0.01456	0.00887	0.00945	0.01789	0.04988	0.07766	0.16962	0.17680	0.16591	0.01902	0.00977	0.00296	0.00546	0.16931	0.00789	0.04744
8	0.00989	0.00706	0.00942	0.01130	0.01177	0.00659	0.00753	0.01130	0.01554	0.02071	0.04472	0.70954	0.05367	0.02542	0.01036	0.00330	0.00471	0.02307	0.00753	0.00659
9	0.01627	0.04197	0.67279	0.02313	0.03512	0.01884	0.02998	0.02570	0.01713	0.02570	0.01456	0.01713	0.01028	0.00771	0.00771	0.00257	0.01199	0.00600	0.00343	0.01199
10	0.02915	0.04991	0.05308	0.01503	0.02102	0.01447	0.01297	0.05625	0.10716	0.40964	0.05747	0.03079	0.02308	0.01066	0.00814	0.00252	0.00711	0.03945	0.00868	0.04342
11	0.01915	0.02189	0.04788	0.03420	0.04241	0.02052	0.63475	0.02599	0.01915	0.02599	0.01642	0.02189	0.01231	0.00684	0.00958	0.00274	0.01368	0.00958	0.00410	0.01094
12	0.01141	0.00824	0.01078	0.01026	0.01211	0.00761	0.00765	0.01513	0.02264	0.03202	0.63269	0.08935	0.07555	0.01698	0.00961	0.00258	0.00387	0.01505	0.00887	0.00761
13	0.01148	0.00918	0.01411	0.01610	0.07028	0.00868	0.05111	0.01370	0.01647	0.02226	0.07624	0.56585	0.04870	0.02209	0.01006	0.00314	0.00568	0.02030	0.00708	0.00749
14	0.02562	0.01851	0.02047	0.07472	0.02426	0.02054	0.01383	0.42279	0.06144	0.04321	0.02120	0.02249	0.01557	0.00960	0.00760	0.00236	0.00787	0.00744	0.16847	0.01201
15	0.01025	0.00731	0.00971	0.01132	0.01197	0.00686	0.00775	0.01195	0.01622	0.02176	0.09724	0.60097	0.05453	0.04612	0.01130	0.00340	0.00487	0.05222	0.00757	0.00668
16	0.07824	0.01586	0.01641	0.01343	0.01789	0.01728	0.01085	0.33322	0.02751	0.04131	0.02182	0.02354	0.01637	0.00946	0.00687	0.00221	0.00658	0.00720	0.32316	0.01082
17	0.11084	0.01883	0.03183	0.29649	0.04287	0.05351	0.25608	0.02370	0.01726	0.02460	0.01457	0.02018	0.01112	0.00779	0.00895	0.00269	0.03730	0.00767	0.00400	0.00974
18	0.01517	0.00971	0.01236	0.01106	0.01374	0.00908	0.00849	0.05341	0.02367	0.10121	0.53055	0.05550	0.09281	0.01567	0.00934	0.00255	0.00446	0.01366	0.00894	0.00863
19	0.01147	0.00833	0.01083	0.01032	0.01226	0.00769	0.00781	0.01522	0.02261	0.03176	0.61056	0.06261	0.09985	0.01699	0.00964	0.00261	0.00399	0.03903	0.00881	0.00761
20	0.01609	0.01491	0.02396	0.55211	0.09677	0.01802	0.02137	0.02318	0.08098	0.02265	0.01745	0.02501	0.01373	0.00888	0.00824	0.00273	0.01016	0.02991	0.00425	0.00964
21	0.07398	0.27399	0.40640	0.01902	0.02875	0.02338	0.02286	0.02508	0.01666	0.02421	0.01319	0.01542	0.01022	0.00743	0.00665	0.00228	0.01043	0.00531	0.00356	0.01121
22	0.02661	0.03360	0.09019	0.02293	0.06849	0.42781	0.01800	0.08185	0.02203	0.02356	0.01328	0.01608	0.01091	0.00910	0.00999	0.00238	0.10277	0.00586	0.00435	0.01021
23	0.04242	0.01263	0.01304	0.01175	0.01508	0.02948	0.00908	0.14164	0.06394	0.03134	0.13453	0.10617	0.24410	0.01563	0.00862	0.00258	0.00555	0.01300	0.09048	0.00894
24	0.02487	0.01392	0.03869	0.01408	0.01872	0.01265	0.01150	0.07677	0.10099	0.31043	0.15185	0.12738	0.03524	0.01343	0.00873	0.00265	0.00628	0.01144	0.00889	0.01146
25	0.05152	0.09905	0.55022	0.02126	0.03217	0.01959	0.02658	0.02629	0.01728	0.06254	0.01513	0.01719	0.01079	0.00777	0.00739	0.00249	0.01115	0.00590	0.00388	0.01181
26	0.01180	0.00787	0.00885	0.00885	0.00885	0.00787	0.00492	0.01180	0.01180	0.01573	0.02557	0.05310	0.02950	0.71483	0.04130	0.00787	0.00787	0.01180	0.00492	0.00492
27	0.01020	0.00810	0.00860	0.00894	0.01129	0.00701	0.00670	0.01239	0.01804	0.02247	0.07160	0.15340	0.50799	0.02051	0.00951	0.00281	0.00435	0.05120	0.05800	0.00690
28	0.07211	0.01699	0.02651	0.31514	0.29421	0.01896	0.02158	0.04798	0.06029	0.02624	0.01598	0.02090	0.01254	0.00797	0.00787	0.00256	0.00965	0.00715	0.00436	0.01098
29	0.02014	0.23011	0.03210	0.02023	0.02342	0.08296	0.07307	0.02265	0.01517	0.02002	0.01153	0.01645	0.01072	0.01085	0.01699	0.00281	0.37125	0.00634	0.00363	0.00957
30	0.01716	0.01250	0.01480	0.01266	0.01676	0.01207	0.00984	0.02605	0.19113	0.08917	0.30333	0.04058	0.04442	0.01235	0.00837	0.00233	0.00525	0.01061	0.00802	0.16260
31	0.01681	0.01636	0.02304	0.02003	0.02026	0.02259	0.01658	0.01875	0.01252	0.01942	0.01235	0.01992	0.01213	0.02137	0.12738	0.00501	0.59582	0.00735	0.00367	0.00863
32	0.77215	0.01569	0.01193	0.01067	0.01569	0.01820	0.00879	0.02385	0.01381	0.03641	0.01130	0.01318	0.00879	0.00753	0.00502	0.00251	0.00628	0.00439	0.00502	0.00879
33	0.02925	0.02194	0.02345	0.01835	0.02456	0.02442	0.01504	0.54844	0.12947	0.04857	0.02150	0.02109	0.01544	0.00993	0.00814	0.00248	0.00855	0.00758	0.00814	0.01366
34	0.01775	0.01775	0.02485	0.02130	0.02130	0.02485	0.01775	0.01953	0.01243	0.01953	0.01065	0.01775	0.01065	0.01420	0.02663	0.00355	0.69998	0.00710	0.00355	0.00888
35	0.01148	0.00829	0.01085	0.01021	0.01212	0.00766	0.00766	0.01531	0.02297	0.03254	0.65994	0.06061	0.07656	0.01659	0.00957	0.00255	0.00383	0.01467	0.00893	0.00766
36	0.01573	0.00909	0.01211	0.01143	0.01384	0.00830	0.00868	0.01894	0.02129	0.14440	0.39077	0.18745	0.06023	0.01750	0.00956	0.00276	0.00475	0.04587	0.00877	0.00854
37	0.01532	0.01442	0.02434	0.69533	0.05589	0.01803	0.02253	0.02073	0.01622	0.02073	0.01442	0.02163	0.01082	0.00811	0.00811	0.00270	0.01082	0.00721	0.00361	0.00901
38	0.02018	0.01743	0.01835	0.01651	0.02110	0.02018	0.01284	0.04312	0.64956	0.03394	0.03303	0.03027	0.02477	0.01101	0.00826	0.00275	0.00642	0.00917	0.00826	0.01284
39	0.00989	0.00706	0.00942	0.01130	0.01177	0.00659	0.00753	0.01130	0.01554	0.02071	0.04472	0.70954	0.05367	0.02542	0.01036	0.00330	0.00471	0.02307	0.00753	0.00659
40	0.01074	0.00827	0.00992	0.01069	0.01232	0.00771	0.00768	0.01401	0.05394	0.02361	0.14002	0.36773	0.23506	0.02180	0.00994	0.00302	0.00462	0.04394	0.00777	0.00721
41	0.01827	0.01877	0.02679	0.02241	0.02325	0.04535	0.07105	0.02050	0.01334	0.02010	0.01121	0.01801	0.01079	0.01338	0.02454	0.00343	0.61886	0.00726	0.00362	0.00907
42	0.01262	0.00914	0.01164	0.01070	0.01288	0.00868	0.00811	0.05166	0.02386	0.03363	0.62250	0.05821	0.07289	0.01619	0.00949	0.00255	0.00413	0.01424	0.00888	0.00802
43	0.01005	0.00718	0.00961	0.01149	0.01203	0.00673	0.00782	0.01159	0.01570	0.02090	0.04463	0.67735	0.05330	0.02526	0.01040	0.00332	0.00485	0.05361	0.00753	0.00664
44	0.23531	0.01630	0.01806	0.01436	0.02027	0.01668	0.01182	0.15830	0.04796	0.34523	0.02382	0.02211	0.01589	0.00933	0.00730	0.00250	0.00713	0.00700	0.00821	0.01240
45	0.77215	0.01569	0.01193	0.01067	0.01569	0.01820	0.00879	0.02385	0.01381	0.03641	0.01130	0.01318	0.00879	0.00753	0.00502	0.00251	0.00628	0.00439	0.00502	0.00879
46	0.01649	0.00887	0.00901	0.00852	0.01081	0.00909	0.00652	0.07238	0.01884	0.03206	0.02587	0.02932	0.02019	0.00948	0.00588	0.00194	0.00423	0.00754	0.69486	0.00810
47	0.01362	0.01025	0.01278	0.05781	0.01679	0.01035	0.00971	0.10407	0.02052	0.02727	0.14000	0.36043	0.12633	0.01987	0.00969	0.00296	0.00561	0.03633	0.00757	0.00803
48	0.51098	0.01622	0.01471	0.01248	0.01765	0.01810	0.01021	0.11986	0.04370	0.10178	0.05339	0.01903	0.01527	0.00879	0.00620	0.00251	0.00661	0.00600	0.00635	0.01015
49	0.01672	0.01497	0.02088	0.07499	0.05552	0.01258	0.07215	0.02087	0.01749	0.02632	0.05796	0.02083	0.01631	0.00704	0.00688	0.00163	0.00720	0.00626	0.00487	0.53852
50	0.02219	0.14707	0.09788	0.01421	0.02170	0.01591	0.01329	0.02618	0.01828	0.17395	0.01793	0.01866	0.01339	0.00731	0.00656	0.00176	0.00740	0.00563	0.00561	0.36507
51	0.01834	0.01618	0.02797	0.42641	0.04596	0.01851	0.13722	0.02479	0.05965	0.07869	0.01735	0.02256	0.01283	0.00858	0.00947	0.00275	0.05026	0.00787	0.00457	0.01004
52	0.02539	0.01841	0.02009	0.01683	0.02218	0.02043	0.01344	0.20810	0.39278	0.12651	0.02911	0.02690	0.02107	0.01052	0.00820	0.00263	0.00719	0.00851	0.00846	0.01324

[dist]
# distance from previous block
# <min> <max>
0	2

[block]
# block no. 3 follows, 23 sequences, length 146
# corresponding to MSA columns:
# 341-486
name=unknown_D
#
# <colnr> <probs for GDERKNQSTAVLIFYWHMCP>
#	G	D	E	R	K	N	Q	S	T	A	V	L	I	F	Y	W	H	M	C	P
0	0.02957	0.01638	0.02014	0.01760	0.05730	0.01662	0.01337	0.11300	0.22714	0.35279	0.02987	0.02706	0.02043	0.01016	0.00818	0.00257	0.00715	0.00833	0.00889	0.01344
1	0.01604	0.01560	0.02724	0.53602	0.05052	0.01817	0.10853	0.02142	0.01655	0.02179	0.01458	0.02124	0.01110	0.00801	0.00883	0.00264	0.03463	0.00739	0.00375	0.05596
2	0.01869	0.01525	0.01792	0.01334	0.01987	0.01311	0.01074	0.05700	0.05734	0.05455	0.01636	0.01831	0.01316	0.00720	0.00763	0.00157	0.04911	0.00550	0.00535	0.59800
3	0.53530	0.01488	0.01383	0.01172	0.01697	0.01603	0.00963	0.02795	0.01682	0.21505	0.04202	0.01908	0.01458	0.00859	0.00608	0.00251	0.00636	0.00585	0.00659	0.01016
4	0.17697	0.01431	0.01968	0.12213	0.17335	0.01488	0.01491	0.02451	0.01906	0.14524	0.16488	0.02951	0.02759	0.01007	0.00779	0.00253	0.00729	0.00851	0.00638	0.01042
5	0.02066	0.02038	0.03237	0.04816	0.62794	0.05691	0.02438	0.02533	0.01873	0.02613	0.01511	0.01977	0.01272	0.00729	0.00799	0.00239	0.00992	0.00712	0.00403	0.01266
6	0.01928	0.32038	0.20894	0.02111	0.02943	0.02455	0.16328	0.02573	0.04884	0.02360	0.03381	0.01846	0.01351	0.00761	0.00718	0.00227	0.01047	0.00655	0.00401	0.01099
7	0.04373	0.01660	0.02839	0.40921	0.22583	0.01882	0.07504	0.02244	0.01691	0.02335	0.01460	0.02079	0.01145	0.00792	0.00869	0.00264	0.03219	0.00732	0.00381	0.01026
8	0.02502	0.02697	0.02587	0.13173	0.18252	0.29437	0.01901	0.11543	0.02254	0.02608	0.01439	0.01787	0.01158	0.00853	0.00866	0.00238	0.04527	0.00640	0.00459	0.01078
9	0.02352	0.01301	0.01638	0.03733	0.01929	0.01239	0.01114	0.09041	0.06262	0.26492	0.18977	0.04115	0.08211	0.01277	0.00863	0.00253	0.00622	0.03936	0.00859	0.05788
10	0.02649	0.02129	0.13303	0.02072	0.10299	0.05255	0.01676	0.06251	0.07568	0.28588	0.05012	0.02459	0.01883	0.00925	0.00793	0.00241	0.00842	0.00759	0.00717	0.06580
11	0.02103	0.01577	0.01810	0.01380	0.02035	0.01416	0.01106	0.09041	0.13702	0.10038	0.02031	0.02077	0.01544	0.00776	0.00688	0.00176	0.00648	0.00624	0.00636	0.46592
12	0.01837	0.02519	0.19056	0.02707	0.03543	0.01886	0.34805	0.05480	0.01901	0.02680	0.01691	0.04849	0.01353	0.00809	0.00922	0.00256	0.03235	0.00858	0.00434	0.09176
13	0.01013	0.00724	0.00967	0.01140	0.01203	0.00679	0.00780	0.01181	0.01614	0.02162	0.08288	0.64038	0.05477	0.02473	0.01035	0.00327	0.00478	0.04990	0.00762	0.00670
14	0.01923	0.01610	0.01747	0.01611	0.02022	0.01831	0.01267	0.06747	0.50567	0.03284	0.03425	0.07916	0.02860	0.01318	0.00873	0.00289	0.00656	0.08056	0.00811	0.01187
15	0.02089	0.66281	0.04016	0.01382	0.02032	0.03035	0.01358	0.02351	0.01621	0.01907	0.01212	0.01453	0.01120	0.01126	0.05942	0.00264	0.00972	0.00469	0.00354	0.01016
16	0.01179	0.00791	0.00909	0.00909	0.00917	0.00800	0.00521	0.01195	0.01187	0.01591	0.02535	0.05190	0.02898	0.67771	0.07771	0.00816	0.00865	0.01162	0.00488	0.00505
17	0.01728	0.16815	0.55545	0.02141	0.03246	0.02131	0.02698	0.02544	0.01701	0.02447	0.01395	0.01637	0.01030	0.00757	0.00724	0.00241	0.01137	0.00569	0.00343	0.01170
18	0.01407	0.00906	0.01056	0.00973	0.01273	0.00783	0.00746	0.01682	0.02055	0.11939	0.25090	0.06542	0.38970	0.01781	0.00938	0.00265	0.00443	0.01507	0.00833	0.00811
19	0.01683	0.01442	0.01683	0.01202	0.01923	0.01082	0.00961	0.02043	0.01683	0.02644	0.01442	0.01683	0.01202	0.00601	0.00601	0.00120	0.00601	0.00481	0.00481	0.76444
20	0.01853	0.01544	0.01685	0.01493	0.01914	0.01704	0.01161	0.06492	0.44071	0.03406	0.17463	0.03592	0.03535	0.01194	0.00842	0.00260	0.00593	0.01010	0.00821	0.05366
21	0.03085	0.02273	0.02435	0.01867	0.02516	0.02516	0.01542	0.63716	0.03815	0.05114	0.01948	0.01948	0.01380	0.00974	0.00812	0.00244	0.00893	0.00731	0.00812	0.01380
22	0.01180	0.00787	0.00885	0.00885	0.00885	0.00787	0.00492	0.01180	0.01180	0.01573	0.02557	0.05310	0.02950	0.71483	0.04130	0.00787	0.00787	0.01180	0.00492	0.00492
23	0.01548	0.00779	0.01134	0.01086	0.01157	0.00751	0.00745	0.01268	0.01159	0.05131	0.01511	0.02444	0.01433	0.02608	0.02912	0.68364	0.00699	0.00700	0.00395	0.04179
24	0.05506	0.00845	0.01180	0.01179	0.01289	0.00918	0.00875	0.01360	0.01289	0.01888	0.05112	0.03335	0.02178	0.06446	0.30980	0.29356	0.01324	0.03903	0.00448	0.00588
25	0.01840	0.03900	0.60389	0.02221	0.03360	0.01812	0.02808	0.02716	0.01777	0.09356	0.01640	0.01824	0.01131	0.00795	0.00776	0.00256	0.01146	0.00622	0.00412	0.01218
26	0.01003	0.00717	0.00959	0.01147	0.01200	0.00672	0.00779	0.01156	0.01568	0.02088	0.04464	0.68071	0.05334	0.02528	0.01040	0.00332	0.00484	0.05043	0.00753	0.00663
27	0.05516	0.01911	0.03196	0.04798	0.63397	0.01923	0.02415	0.02485	0.01826	0.02697	0.01508	0.01976	0.01266	0.00724	0.00789	0.00241	0.00948	0.00710	0.00406	0.01266
28	0.02171	0.06650	0.05568	0.05884	0.08590	0.05521	0.01673	0.21036	0.04609	0.03065	0.01708	0.02112	0.01398	0.01863	0.12695	0.00441	0.12672	0.00720	0.00533	0.01092
29	0.00989	0.00706	0.00942	0.01130	0.01177	0.00659	0.00753	0.01130	0.01554	0.02071	0.04472	0.70954	0.05367	0.02542	0.01036	0.00330	0.00471	0.02307	0.00753	0.00659
30	0.02696	0.01953	0.02123	0.01730	0.02297	0.02163	0.01396	0.32238	0.29382	0.11099	0.02654	0.02491	0.01910	0.01031	0.00818	0.00258	0.00765	0.00818	0.00838	0.01340
31	0.01760	0.11637	0.44124	0.01980	0.02908	0.01890	0.02338	0.02612	0.06781	0.05805	0.01972	0.09117	0.01653	0.00987	0.00775	0.00256	0.01012	0.00796	0.00459	0.01139
32	0.02513	0.01732	0.01896	0.05769	0.02268	0.04326	0.01298	0.20116	0.20087	0.15296	0.02870	0.02789	0.04868	0.01047	0.00793	0.00249	0.00739	0.00839	0.09302	0.01204
33	0.00989	0.00706	0.00942	0.01130	0.01177	0.00659	0.00753	0.01130	0.01554	0.02071	0.04472	0.70954	0.05367	0.02542	0.01036	0.00330	0.00471	0.02307	0.00753	0.00659
34	0.01268	0.00913	0.01257	0.01434	0.01617	0.00903	0.01234	0.01618	0.01847	0.02393	0.04530	0.12918	0.08200	0.02250	0.01106	0.00365	0.00711	0.53951	0.00748	0.00738
35	0.01761	0.12032	0.52410	0.02079	0.03127	0.01942	0.02578	0.02556	0.01771	0.05657	0.05489	0.01983	0.01487	0.00828	0.00754	0.00247	0.01084	0.00644	0.00409	0.01162
36	0.02978	0.03778	0.02307	0.02092	0.02492	0.65425	0.01577	0.03185	0.02254	0.01984	0.01246	0.01477	0.01046	0.00861	0.00814	0.00215	0.04383	0.00531	0.00415	0.00938
37	0.01074	0.00832	0.00982	0.00960	0.01188	0.00740	0.00731	0.01379	0.02076	0.02740	0.37095	0.07005	0.33174	0.01866	0.00967	0.00270	0.00416	0.04952	0.00824	0.00729
38	0.02783	0.03404	0.02532	0.02589	0.12910	0.52322	0.03966	0.03140	0.04811	0.02174	0.01397	0.01643	0.01150	0.00823	0.00755	0.00219	0.01345	0.00587	0.00432	0.01016
39	0.01074	0.00772	0.01018	0.01072	0.01196	0.00716	0.00760	0.01344	0.01949	0.02701	0.37235	0.36396	0.06586	0.02072	0.00994	0.00290	0.00424	0.01860	0.00828	0.00716
40	0.02247	0.01465	0.01541	0.01275	0.01680	0.01579	0.01023	0.30791	0.02690	0.04002	0.02320	0.02522	0.01753	0.00959	0.00682	0.00215	0.00619	0.00744	0.40846	0.01048
41	0.01266	0.00860	0.01097	0.01020	0.01246	0.00780	0.00771	0.01622	0.02242	0.06737	0.55105	0.06095	0.14744	0.01672	0.00949	0.00257	0.00404	0.01462	0.00882	0.00790
42	0.02177	0.01735	0.01888	0.04109	0.02240	0.01965	0.01317	0.11065	0.49174	0.07215	0.03273	0.03052	0.04909	0.01109	0.00828	0.00270	0.00681	0.00915	0.00814	0.01262
43	0.02424	0.51818	0.03674	0.01596	0.02209	0.22450	0.01441	0.02670	0.01841	0.01932	0.01165	0.01349	0.01042	0.00736	0.00583	0.00184	0.01044	0.00460	0.00368	0.01012
44	0.07296	0.01544	0.01977	0.01548	0.02128	0.01469	0.05005	0.11682	0.06155	0.29351	0.02549	0.02836	0.01892	0.05088	0.00981	0.00270	0.00749	0.03744	0.00774	0.12962
45	0.06340	0.01351	0.01497	0.01290	0.01676	0.04638	0.01013	0.06464	0.09529	0.18842	0.28652	0.03965	0.04233	0.01256	0.00838	0.00249	0.00588	0.01050	0.05501	0.01028
46	0.03641	0.01381	0.01883	0.01444	0.02071	0.01193	0.01193	0.03954	0.02322	0.66984	0.03201	0.02762	0.02009	0.01004	0.00816	0.00251	0.00690	0.00816	0.01004	0.01381
47	0.07411	0.02043	0.02151	0.01691	0.02277	0.02255	0.01386	0.50265	0.06474	0.04665	0.02356	0.02351	0.05112	0.01027	0.00789	0.00244	0.00810	0.00779	0.04642	0.01273
48	0.03245	0.01381	0.01819	0.01423	0.02014	0.01232	0.01162	0.03738	0.07735	0.54218	0.07000	0.02933	0.02357	0.01032	0.00815	0.00247	0.00663	0.00848	0.00955	0.05181
49	0.01612	0.00936	0.01243	0.01124	0.01395	0.00853	0.00874	0.01982	0.02278	0.14831	0.51097	0.05632	0.06459	0.01572	0.00940	0.00261	0.00459	0.04669	0.00905	0.00877
50	0.01085	0.00747	0.00913	0.01006	0.01030	0.00723	0.00621	0.01155	0.01365	0.01820	0.03505	0.37811	0.04147	0.37350	0.02598	0.00560	0.00630	0.01738	0.00621	0.00575
51	0.01915	0.02189	0.04788	0.03420	0.04241	0.02052	0.63475	0.02599	0.01915	0.02599	0.01642	0.02189	0.01231	0.00684	0.00958	0.00274	0.01368	0.00958	0.00410	0.01094
52	0.02061	0.01834	0.01855	0.01670	0.02127	0.04838	0.01296	0.04266	0.62287	0.03334	0.03215	0.02961	0.02416	0.01090	0.00822	0.00272	0.00677	0.00901	0.00808	0.01270
53	0.01213	0.00867	0.01199	0.01386	0.01532	0.00853	0.01144	0.01518	0.01775	0.02323	0.04348	0.27441	0.04876	0.02330	0.01096	0.00361	0.00665	0.43604	0.00749	0.00721
54	0.00989	0.00706	0.00942	0.01130	0.01177	0.00659	0.00753	0.01130	0.01554	0.02071	0.04472	0.70954	0.05367	0.02542	0.01036	0.00330	0.00471	0.02307	0.00753	0.00659
55	0.01983	0.01673	0.01787	0.01594	0.02035	0.01909	0.01242	0.07378	0.54612	0.03477	0.10102	0.03299	0.02983	0.01155	0.00839	0.00271	0.00628	0.00967	0.00832	0.01233
56	0.01138	0.00829	0.01070	0.01010	0.01206	0.00761	0.00757	0.01510	0.02271	0.03194	0.62714	0.06160	0.10974	0.01681	0.00957	0.00256	0.00384	0.01481	0.00885	0.00761
57	0.01513	0.00756	0.00756	0.00756	0.00945	0.00756	0.00567	0.01891	0.01702	0.03025	0.02647	0.03025	0.02080	0.00945	0.00567	0.00189	0.00378	0.00756	0.75988	0.00756
58	0.01783	0.01799	0.02616	0.02204	0.02250	0.02461	0.05277	0.01989	0.01281	0.01989	0.01098	0.01799	0.01075	0.01378	0.02566	0.00350	0.66103	0.00724	0.00358	0.00899
59	0.01532	0.01442	0.02434	0.69533	0.05589	0.01803	0.02253	0.02073	0.01622	0.02073	0.01442	0.02163	0.01082	0.00811	0.00811	0.00270	0.01082	0.00721	0.00361	0.00901
60	0.05293	0.02066	0.03125	0.04585	0.58597	0.07175	0.02349	0.02545	0.01864	0.02640	0.01488	0.01936	0.01249	0.00733	0.00785	0.00239	0.00989	0.00695	0.00407	0.01241
61	0.01532	0.01442	0.02434	0.69533	0.05589	0.01803	0.02253	0.02073	0.01622	0.02073	0.01442	0.02163	0.01082	0.00811	0.00811	0.00270	0.01082	0.00721	0.00361	0.00901
62	0.01683	0.01442	0.01683	0.01202	0.01923	0.01082	0.00961	0.02043	0.01683	0.02644	0.01442	0.01683	0.01202	0.00601	0.00601	0.00120	0.00601	0.00481	0.00481	0.76444
63	0.01700	0.01593	0.02570	0.03769	0.47096	0.01559	0.01944	0.02096	0.01830	0.02508	0.03274	0.07650	0.16688	0.01147	0.00854	0.00254	0.00804	0.01053	0.00506	0.01106
64	0.00989	0.00706	0.00942	0.01130	0.01177	0.00659	0.00753	0.01130	0.01554	0.02071	0.04472	0.70954	0.05367	0.02542	0.01036	0.00330	0.00471	0.02307	0.00753	0.00659
65	0.05910	0.00801	0.00791	0.00794	0.00994	0.00813	0.00595	0.01881	0.01675	0.03012	0.02652	0.06406	0.02178	0.01016	0.00587	0.00200	0.00397	0.00817	0.67721	0.00758
66	0.01949	0.01868	0.03187	0.12981	0.58882	0.01912	0.02461	0.02439	0.01820	0.02579	0.01516	0.02027	0.01260	0.00734	0.00804	0.00245	0.00979	0.00723	0.00397	0.01238
67	0.01943	0.01980	0.03786	0.09819	0.25454	0.01961	0.31189	0.05870	0.01958	0.02689	0.01707	0.04685	0.01399	0.00795	0.00886	0.00263	0.01143	0.00893	0.00438	0.01142
