[name]
unknown

[dist]
# distance from previous block
# <min> <max>
4	119

[block]
# block no. 0 follows, 25 sequences, length 51
# corresponding to MSA columns:
# 126-176
name=unknown_A
#
# <colnr> <probs for GDERKNQSTAVLIFYWHMCP>
#	G	D	E	R	K	N	Q	S	T	A	V	L	I	F	Y	W	H	M	C	P
0	0.01815	0.01523	0.02438	0.28861	0.21404	0.01682	0.03952	0.06077	0.01839	0.07349	0.06942	0.02623	0.01824	0.00926	0.00896	0.00255	0.04660	0.03434	0.00485	0.01013
1	0.02254	0.20648	0.12956	0.01523	0.02179	0.01936	0.01462	0.05049	0.15753	0.18192	0.04947	0.02225	0.01797	0.00872	0.00696	0.00220	0.00760	0.00679	0.00621	0.05231
2	0.01876	0.01793	0.03026	0.10970	0.59908	0.01834	0.02322	0.02395	0.03745	0.02502	0.01503	0.01963	0.01245	0.00710	0.00769	0.00234	0.00922	0.00696	0.00393	0.01193
3	0.01526	0.04181	0.01515	0.01419	0.04487	0.01135	0.03054	0.05419	0.08155	0.08263	0.06122	0.27688	0.14572	0.01737	0.00899	0.00279	0.00585	0.07392	0.00712	0.00859
4	0.01513	0.01474	0.02628	0.61794	0.05167	0.01755	0.10618	0.02049	0.01588	0.02049	0.01404	0.02070	0.01053	0.00759	0.00794	0.00259	0.01070	0.00719	0.00351	0.00886
5	0.02947	0.02172	0.02327	0.01784	0.02404	0.02404	0.01474	0.65329	0.03646	0.04887	0.01862	0.01862	0.01319	0.00931	0.00776	0.00233	0.00853	0.00698	0.00776	0.01319
6	0.01215	0.00786	0.01025	0.01025	0.01156	0.00861	0.00763	0.01478	0.01347	0.02095	0.02271	0.03295	0.02083	0.14093	0.38571	0.00843	0.01350	0.00841	0.24234	0.00669
7	0.07877	0.04720	0.02254	0.01749	0.02312	0.17161	0.01419	0.42857	0.03047	0.06687	0.01689	0.01732	0.01231	0.00880	0.00731	0.00224	0.00948	0.00630	0.00667	0.01184
8	0.01651	0.01383	0.01511	0.01388	0.01747	0.01537	0.01078	0.03232	0.45333	0.03103	0.17896	0.04076	0.07582	0.01274	0.00837	0.00263	0.00549	0.03707	0.00796	0.01059
9	0.00941	0.00690	0.00883	0.01038	0.01114	0.00633	0.00701	0.01084	0.01525	0.01996	0.04781	0.63057	0.13988	0.02363	0.00979	0.00307	0.00442	0.02124	0.00720	0.00633
10	0.02795	0.03483	0.02151	0.01954	0.02357	0.62549	0.01470	0.03203	0.08931	0.02039	0.01403	0.01555	0.01142	0.00825	0.00709	0.00206	0.01316	0.00539	0.00440	0.00933
11	0.02021	0.01712	0.01805	0.01597	0.02052	0.01972	0.01250	0.09683	0.60799	0.03393	0.03038	0.02799	0.02272	0.01041	0.00788	0.00260	0.00635	0.00860	0.00788	0.01236
12	0.01012	0.00708	0.00875	0.00980	0.01017	0.00677	0.00621	0.01099	0.01362	0.01805	0.03731	0.44392	0.06791	0.28822	0.02097	0.00477	0.00561	0.01777	0.00626	0.00571
13	0.01110	0.00821	0.01196	0.01196	0.01317	0.00942	0.00907	0.01353	0.01231	0.01763	0.02122	0.03299	0.02048	0.14156	0.61487	0.01184	0.01912	0.00868	0.00422	0.00665
14	0.01696	0.01696	0.02375	0.02036	0.02036	0.02375	0.01696	0.01866	0.01187	0.01866	0.01018	0.01696	0.01018	0.01357	0.02545	0.00339	0.71332	0.00679	0.00339	0.00848
15	0.01580	0.07317	0.65644	0.02168	0.03291	0.01861	0.02791	0.02449	0.01634	0.02425	0.01376	0.01618	0.00983	0.00733	0.00725	0.00242	0.01131	0.00565	0.00328	0.01139
16	0.02098	0.01755	0.01893	0.01714	0.04194	0.02005	0.01305	0.14236	0.53990	0.03494	0.02886	0.02690	0.02156	0.01020	0.00786	0.00257	0.00663	0.00841	0.00774	0.01242
17	0.01655	0.01685	0.03026	0.31412	0.04121	0.04814	0.27277	0.02183	0.01697	0.02260	0.01667	0.04995	0.01342	0.00806	0.00816	0.00252	0.01077	0.00836	0.07163	0.00916
18	0.06719	0.01824	0.03695	0.13073	0.03826	0.01796	0.45891	0.02274	0.01725	0.02430	0.01741	0.08075	0.01473	0.00829	0.00872	0.00264	0.01146	0.00960	0.00419	0.00969
19	0.01564	0.03947	0.66589	0.02245	0.03379	0.01806	0.04945	0.02456	0.01643	0.02456	0.01397	0.01652	0.00989	0.00734	0.00743	0.00246	0.01151	0.00584	0.00330	0.01143
20	0.01007	0.00804	0.00915	0.00959	0.01184	0.00712	0.00753	0.01250	0.01794	0.02228	0.12116	0.11056	0.45115	0.01994	0.00954	0.00284	0.00464	0.15010	0.00730	0.00673
21	0.09085	0.18434	0.26157	0.01632	0.02431	0.01862	0.01771	0.02846	0.01787	0.24181	0.01844	0.01846	0.01282	0.00792	0.00674	0.00225	0.00866	0.00592	0.00550	0.01142
22	0.01440	0.01294	0.01480	0.11348	0.05062	0.08158	0.01154	0.04225	0.07326	0.02316	0.08816	0.37157	0.03749	0.01695	0.00887	0.00277	0.00675	0.01500	0.00638	0.00805
23	0.00954	0.00682	0.00908	0.01073	0.01127	0.00636	0.00720	0.01103	0.01528	0.02049	0.08167	0.68153	0.05263	0.02377	0.00985	0.00311	0.00445	0.02155	0.00728	0.00636
24	0.17419	0.02625	0.01966	0.01703	0.02161	0.32260	0.01332	0.15078	0.07962	0.05853	0.01554	0.01658	0.01192	0.00857	0.00742	0.00226	0.03278	0.00574	0.00545	0.01015
25	0.01828	0.01942	0.06396	0.07670	0.37189	0.01932	0.14397	0.02384	0.04383	0.02428	0.01483	0.01958	0.01214	0.00795	0.01035	0.00255	0.10469	0.00735	0.00391	0.01117
26	0.01764	0.01921	0.03974	0.03111	0.09183	0.01830	0.50554	0.02437	0.05249	0.02484	0.01885	0.08365	0.01596	0.00836	0.00902	0.00264	0.01161	0.01008	0.00442	0.01034
27	0.00984	0.00775	0.00896	0.00956	0.01150	0.00688	0.00721	0.01203	0.01743	0.02189	0.11837	0.22375	0.39385	0.02061	0.00954	0.00285	0.00447	0.09957	0.00731	0.00664
28	0.01704	0.01337	0.01592	0.07504	0.01944	0.06810	0.04129	0.06764	0.04358	0.05393	0.02264	0.09204	0.02008	0.04638	0.12755	0.00429	0.05298	0.00890	0.20137	0.00841
29	0.01826	0.01347	0.01873	0.01738	0.07518	0.01350	0.06769	0.14924	0.05033	0.08649	0.28078	0.10795	0.04148	0.01305	0.00865	0.00250	0.00640	0.01164	0.00749	0.00981
30	0.01833	0.01754	0.02992	0.17285	0.56062	0.01820	0.02337	0.02304	0.01725	0.02429	0.01443	0.01947	0.01191	0.00707	0.00769	0.00236	0.00942	0.00691	0.00376	0.01159
31	0.02113	0.69845	0.03973	0.01359	0.02010	0.06298	0.01335	0.02359	0.01606	0.01828	0.01084	0.01251	0.00995	0.00670	0.00507	0.00167	0.00857	0.00419	0.00335	0.00990
32	0.28329	0.02860	0.01848	0.01654	0.02094	0.42577	0.01274	0.06652	0.01990	0.02615	0.01199	0.01380	0.00965	0.00780	0.00630	0.00215	0.01095	0.00485	0.00450	0.00905
33	0.00986	0.00837	0.01030	0.00986	0.01231	0.00727	0.04070	0.01211	0.01759	0.02185	0.12168	0.18334	0.47818	0.01941	0.00929	0.00269	0.00449	0.01676	0.00714	0.00678
34	0.00916	0.00785	0.00785	0.00785	0.01047	0.00655	0.00589	0.01113	0.01767	0.02095	0.07855	0.07462	0.67599	0.01964	0.00916	0.00262	0.00393	0.01636	0.00720	0.00655
35	0.03316	0.01391	0.01820	0.01416	0.02003	0.01270	0.01163	0.06749	0.07971	0.59649	0.03010	0.02624	0.01930	0.00966	0.00780	0.00242	0.00665	0.00784	0.00936	0.01311
36	0.01944	0.56001	0.20151	0.01546	0.02330	0.02753	0.01709	0.02355	0.01591	0.01981	0.01156	0.01342	0.00992	0.00682	0.00557	0.00186	0.00908	0.00454	0.00331	0.01033
37	0.00945	0.00675	0.00900	0.01080	0.01125	0.00630	0.00720	0.01080	0.01484	0.01979	0.04274	0.72245	0.05128	0.02429	0.00990	0.00315	0.00450	0.02204	0.00720	0.00630
38	0.01838	0.01760	0.03001	0.16492	0.56812	0.01821	0.02339	0.02309	0.01727	0.02435	0.01444	0.01945	0.01194	0.00706	0.00769	0.00235	0.00941	0.00691	0.00377	0.01163
39	0.05804	0.01422	0.01752	0.01404	0.01931	0.01381	0.01139	0.12448	0.09381	0.41987	0.07456	0.05812	0.02366	0.01066	0.00788	0.00245	0.00650	0.00872	0.00878	0.01219
40	0.01531	0.01414	0.02326	0.67768	0.05208	0.01753	0.02123	0.04840	0.01645	0.02112	0.01400	0.02058	0.01046	0.00782	0.00775	0.00257	0.01025	0.00689	0.00364	0.00882
41	0.00950	0.00679	0.00905	0.01076	0.01126	0.00633	0.00720	0.01094	0.01510	0.02020	0.06562	0.69839	0.05207	0.02399	0.00987	0.00312	0.00447	0.02175	0.00725	0.00633
42	0.47390	0.01385	0.01352	0.01136	0.01633	0.01462	0.00931	0.02717	0.01687	0.25128	0.06819	0.02066	0.01695	0.00866	0.00613	0.00240	0.00602	0.00615	0.00668	0.00992
43	0.05153	0.01618	0.02463	0.43515	0.21648	0.05023	0.02077	0.02238	0.01660	0.05254	0.01455	0.01986	0.01116	0.00760	0.00757	0.00246	0.00985	0.00673	0.00392	0.00982
44	0.01261	0.01056	0.01540	0.01451	0.01554	0.01335	0.01158	0.01510	0.01231	0.01817	0.01802	0.02695	0.01699	0.04656	0.52227	0.01010	0.20079	0.00791	0.00396	0.00733
45	0.01555	0.04011	0.68733	0.02210	0.03356	0.01801	0.02865	0.02455	0.01637	0.02455	0.01391	0.01637	0.00982	0.00737	0.00737	0.00246	0.01146	0.00573	0.00327	0.01146
46	0.08607	0.01837	0.02236	0.37528	0.11638	0.12485	0.01862	0.05305	0.03698	0.02357	0.01526	0.02175	0.01235	0.00839	0.00749	0.00247	0.01005	0.03315	0.00420	0.00936
47	0.01649	0.01295	0.01356	0.01267	0.01607	0.03859	0.00973	0.02671	0.28348	0.08419	0.04686	0.12815	0.22738	0.01519	0.00858	0.00268	0.00563	0.03396	0.00757	0.00957
48	0.01472	0.01066	0.01266	0.01187	0.01413	0.02729	0.00916	0.07434	0.08185	0.02622	0.12060	0.03240	0.02699	0.03015	0.27789	0.03787	0.01139	0.00873	0.16302	0.00803
49	0.01097	0.00810	0.01046	0.01101	0.01280	0.00758	0.00873	0.01404	0.01905	0.02547	0.29348	0.14882	0.16477	0.01929	0.00974	0.00292	0.00493	0.21314	0.00770	0.00701
50	0.06103	0.01956	0.01822	0.10580	0.02396	0.16248	0.01334	0.05743	0.24861	0.04604	0.02833	0.02851	0.09994	0.01066	0.00848	0.00249	0.04077	0.00824	0.00606	0.01005

[dist]
# distance from previous block
# <min> <max>
0	1

[block]
# block no. 1 follows, 25 sequences, length 41
# corresponding to MSA columns:
# 178-218
name=unknown_B
#
# <colnr> <probs for GDERKNQSTAVLIFYWHMCP>
#	G	D	E	R	K	N	Q	S	T	A	V	L	I	F	Y	W	H	M	C	P
0	0.48352	0.09119	0.16484	0.01323	0.01984	0.01835	0.01343	0.02300	0.01435	0.03022	0.01170	0.01366	0.00908	0.00708	0.00545	0.00225	0.00742	0.00456	0.00430	0.06252
1	0.32764	0.30229	0.06760	0.01451	0.05984	0.02210	0.01253	0.02257	0.01531	0.02668	0.05741	0.01634	0.01386	0.00757	0.00552	0.00210	0.00730	0.00513	0.00431	0.00938
2	0.01986	0.10794	0.29435	0.02346	0.10964	0.19693	0.04050	0.02526	0.01772	0.02206	0.01369	0.01680	0.01091	0.01090	0.05503	0.00293	0.01220	0.00580	0.00362	0.01041
3	0.06974	0.12790	0.50909	0.02087	0.03098	0.01974	0.07011	0.02428	0.01621	0.02446	0.01341	0.01592	0.00988	0.00720	0.00700	0.00236	0.01078	0.00566	0.00343	0.01098
4	0.01923	0.01765	0.06517	0.05161	0.02276	0.01508	0.01285	0.17271	0.02081	0.03035	0.01481	0.01699	0.01167	0.00714	0.00724	0.00169	0.03540	0.00546	0.00515	0.46622
5	0.01184	0.05826	0.01256	0.01057	0.01257	0.00921	0.00825	0.01512	0.01936	0.02723	0.42759	0.10832	0.05656	0.02017	0.07700	0.00349	0.00601	0.06015	0.04838	0.00736
6	0.03850	0.00825	0.01035	0.01015	0.01179	0.00797	0.00752	0.01410	0.01935	0.02747	0.44754	0.15415	0.10220	0.05540	0.01121	0.00289	0.02302	0.03339	0.00773	0.00704
7	0.01016	0.00771	0.00889	0.00886	0.01054	0.00695	0.00626	0.01226	0.01761	0.02303	0.25792	0.12739	0.30173	0.14901	0.01480	0.00351	0.00456	0.01522	0.00717	0.00643
8	0.72140	0.01520	0.01215	0.01065	0.01556	0.01743	0.00878	0.04931	0.01451	0.06139	0.01191	0.01340	0.00903	0.00738	0.00504	0.00240	0.00613	0.00446	0.00511	0.00879
9	0.01608	0.01378	0.01608	0.01148	0.01837	0.01034	0.00919	0.01952	0.01608	0.02527	0.01378	0.01608	0.01148	0.00574	0.00574	0.00115	0.00574	0.00459	0.00459	0.77491
10	0.02947	0.02172	0.02327	0.01784	0.02404	0.02404	0.01474	0.65329	0.03646	0.04887	0.01862	0.01862	0.01319	0.00931	0.00776	0.00233	0.00853	0.00698	0.00776	0.01319
11	0.02049	0.02130	0.02824	0.08677	0.47982	0.14980	0.02144	0.02458	0.01835	0.02362	0.01516	0.02120	0.01308	0.00780	0.00768	0.00232	0.01013	0.03308	0.00398	0.01117
12	0.02853	0.02080	0.02226	0.01717	0.02310	0.02298	0.01415	0.61317	0.03518	0.04761	0.01904	0.01927	0.01361	0.00929	0.00761	0.00229	0.00822	0.00700	0.05593	0.01281
13	0.00945	0.00675	0.00900	0.01080	0.01125	0.00630	0.00720	0.01080	0.01484	0.01979	0.04274	0.72245	0.05128	0.02429	0.00990	0.00315	0.00450	0.02204	0.00720	0.00630
14	0.01021	0.00746	0.00939	0.00977	0.01106	0.00687	0.00687	0.01252	0.01795	0.02437	0.31585	0.29835	0.13988	0.07889	0.01195	0.00314	0.00432	0.01698	0.00756	0.00663
15	0.06986	0.17220	0.51527	0.01956	0.02963	0.02042	0.02427	0.02417	0.01603	0.02405	0.01309	0.01535	0.00975	0.00721	0.00673	0.00230	0.01047	0.00532	0.00339	0.01095
16	0.02821	0.02305	0.02243	0.01787	0.02358	0.10848	0.01448	0.50237	0.10882	0.04315	0.01930	0.01925	0.01402	0.00928	0.00768	0.00232	0.00894	0.00694	0.00730	0.01255
17	0.00945	0.00675	0.00900	0.01080	0.01125	0.00630	0.00720	0.01080	0.01484	0.01979	0.04274	0.72245	0.05128	0.02429	0.00990	0.00315	0.00450	0.02204	0.00720	0.00630
18	0.01306	0.00717	0.00779	0.00815	0.00956	0.00705	0.00582	0.01596	0.01584	0.02616	0.05223	0.17868	0.02899	0.05878	0.00870	0.00248	0.00405	0.01088	0.53177	0.00687
19	0.01972	0.02051	0.07350	0.07734	0.48858	0.04629	0.07551	0.04259	0.01834	0.04149	0.01499	0.01918	0.01208	0.00713	0.00776	0.00234	0.00985	0.00696	0.00405	0.01179
20	0.01555	0.04011	0.68733	0.02210	0.03356	0.01801	0.02865	0.02455	0.01637	0.02455	0.01391	0.01637	0.00982	0.00737	0.00737	0.00246	0.01146	0.00573	0.00327	0.01146
21	0.01047	0.00940	0.00900	0.00901	0.01151	0.04366	0.00678	0.01257	0.01803	0.02150	0.10938	0.10560	0.54599	0.01909	0.00914	0.00264	0.00460	0.03780	0.00711	0.00673
22	0.07895	0.00984	0.01104	0.03337	0.01344	0.01079	0.00815	0.05793	0.01634	0.02692	0.02579	0.02968	0.07573	0.01600	0.07582	0.05192	0.05558	0.00781	0.38739	0.00751
23	0.01938	0.01898	0.02965	0.04370	0.59507	0.06062	0.02251	0.02375	0.01794	0.02479	0.01612	0.02326	0.01422	0.00791	0.00783	0.00237	0.00938	0.04671	0.00406	0.01174
24	0.01023	0.00773	0.01006	0.01105	0.01206	0.00735	0.00768	0.01184	0.01520	0.02056	0.06410	0.58900	0.08138	0.02211	0.01023	0.00298	0.03486	0.01969	0.00692	0.05498
25	0.01963	0.01966	0.03237	0.04464	0.58098	0.05489	0.08523	0.02428	0.01795	0.02494	0.01455	0.01908	0.01211	0.00693	0.00778	0.00232	0.00985	0.00703	0.00385	0.01193
26	0.01819	0.02058	0.04391	0.03165	0.03884	0.01995	0.59796	0.02432	0.01776	0.02432	0.01523	0.02058	0.01163	0.00712	0.01051	0.00268	0.07163	0.00895	0.00388	0.01029
27	0.01858	0.01972	0.07435	0.08861	0.54262	0.01842	0.07640	0.02367	0.01748	0.02487	0.01458	0.01925	0.01195	0.00696	0.00778	0.00236	0.00975	0.00702	0.00378	0.01183
28	0.01405	0.01210	0.01979	0.22404	0.11102	0.01293	0.06764	0.04233	0.01623	0.02166	0.02533	0.29011	0.02676	0.01529	0.01025	0.05641	0.00786	0.01289	0.00515	0.00816
29	0.02258	0.06224	0.02782	0.09058	0.34683	0.22423	0.01973	0.07035	0.02001	0.02424	0.01381	0.01734	0.01136	0.00746	0.00734	0.00220	0.01065	0.00619	0.00410	0.01092
30	0.01919	0.52641	0.23291	0.01589	0.02396	0.02691	0.01784	0.02361	0.01594	0.02012	0.01171	0.01361	0.00991	0.00685	0.00569	0.00190	0.00923	0.00462	0.00330	0.01040
31	0.04901	0.01370	0.01702	0.01525	0.01888	0.01468	0.05547	0.07121	0.26501	0.06431	0.07133	0.11861	0.03116	0.04438	0.00996	0.00300	0.00669	0.11314	0.00727	0.00993
32	0.01616	0.12146	0.61131	0.02106	0.03195	0.01950	0.02684	0.02440	0.01630	0.02381	0.01355	0.01591	0.00984	0.00728	0.00709	0.00236	0.01109	0.00554	0.00328	0.01128
33	0.01315	0.01114	0.03904	0.11697	0.04057	0.01061	0.05144	0.01651	0.03482	0.04380	0.08265	0.25102	0.03498	0.15512	0.01502	0.00377	0.00713	0.05884	0.00592	0.00751
34	0.02107	0.20320	0.03339	0.03342	0.36863	0.06924	0.06011	0.07685	0.01908	0.02501	0.01384	0.01716	0.01157	0.00709	0.00704	0.00214	0.00950	0.00622	0.00405	0.01141
35	0.05537	0.01551	0.03909	0.01460	0.02029	0.01453	0.01222	0.10840	0.13842	0.42403	0.05434	0.02643	0.02082	0.00983	0.00775	0.00244	0.00675	0.00794	0.00867	0.01257
36	0.02969	0.07612	0.02081	0.01488	0.02057	0.03982	0.01232	0.16904	0.09146	0.37417	0.05198	0.02466	0.01946	0.00958	0.00759	0.00233	0.00724	0.00757	0.00826	0.01244
37	0.01606	0.01621	0.03118	0.40718	0.04599	0.01762	0.26638	0.02168	0.01664	0.02226	0.01514	0.02121	0.01141	0.00735	0.00817	0.00255	0.01104	0.00779	0.04487	0.00926
38	0.01850	0.02036	0.04258	0.03599	0.18247	0.01934	0.51157	0.02461	0.01816	0.02495	0.01544	0.02053	0.01188	0.00662	0.00882	0.00255	0.01221	0.00865	0.00390	0.01086
39	0.04430	0.01549	0.10895	0.01416	0.01896	0.01183	0.01254	0.06606	0.03980	0.28558	0.03107	0.26088	0.02823	0.01422	0.00836	0.00266	0.00666	0.01223	0.00758	0.01044
40	0.08020	0.10936	0.56414	0.02019	0.03060	0.01926	0.02537	0.02427	0.01604	0.02476	0.01333	0.01565	0.00972	0.00728	0.00691	0.00237	0.01068	0.00544	0.00341	0.01105

[dist]
# distance from previous block
# <min> <max>
0	7

[block]
# block no. 2 follows, 25 sequences, length 17
# corresponding to MSA columns:
# 226-242
name=unknown_C
#
# <colnr> <probs for GDERKNQSTAVLIFYWHMCP>
#	G	D	E	R	K	N	Q	S	T	A	V	L	I	F	Y	W	H	M	C	P
0	0.01573	0.03884	0.64495	0.02280	0.03402	0.01811	0.06976	0.02457	0.01650	0.02457	0.01403	0.01667	0.00995	0.00731	0.00748	0.00247	0.01157	0.00596	0.00332	0.01139
1	0.00994	0.00826	0.00879	0.00889	0.01144	0.00725	0.00687	0.01282	0.03917	0.02210	0.10478	0.07358	0.55638	0.01932	0.00928	0.00271	0.00432	0.07997	0.00729	0.00684
2	0.01786	0.02435	0.16703	0.03205	0.09893	0.01919	0.47338	0.02469	0.01787	0.02483	0.01524	0.01989	0.01144	0.00673	0.00867	0.00255	0.01240	0.00829	0.00379	0.01082
3	0.03969	0.01569	0.06202	0.56771	0.04719	0.01738	0.02047	0.04683	0.04569	0.02262	0.03236	0.02144	0.01264	0.00812	0.00768	0.00256	0.00983	0.00701	0.00399	0.00909
4	0.00954	0.00682	0.00908	0.01073	0.01127	0.00636	0.00720	0.01103	0.01528	0.02049	0.08164	0.68156	0.05263	0.02377	0.00985	0.00311	0.00445	0.02155	0.00728	0.00636
5	0.02140	0.02329	0.03042	0.11972	0.07627	0.19026	0.22959	0.07141	0.08936	0.02501	0.01616	0.01959	0.01248	0.00794	0.00860	0.00244	0.03384	0.00738	0.00455	0.01028
6	0.01946	0.02084	0.15565	0.05860	0.03017	0.01644	0.22632	0.05886	0.04463	0.12333	0.08121	0.05200	0.02083	0.00960	0.00899	0.00258	0.03196	0.02237	0.00557	0.01059
7	0.01776	0.06711	0.06847	0.03190	0.15658	0.01893	0.40900	0.02335	0.01764	0.02406	0.01734	0.07852	0.01496	0.00814	0.00858	0.00253	0.01124	0.00932	0.00411	0.01046
8	0.00975	0.00708	0.00920	0.01036	0.01126	0.00653	0.00713	0.01163	0.01656	0.02227	0.17911	0.53404	0.10206	0.02216	0.00968	0.00296	0.00428	0.01993	0.00748	0.00653
9	0.01661	0.01472	0.02263	0.45690	0.12890	0.01731	0.01933	0.06037	0.08517	0.02425	0.01685	0.02179	0.01284	0.00811	0.00759	0.00248	0.00916	0.00712	0.05820	0.00966
10	0.02108	0.06875	0.43172	0.02019	0.02970	0.01706	0.06708	0.02798	0.01800	0.19760	0.01825	0.01911	0.01243	0.00785	0.00748	0.00241	0.01013	0.00643	0.00498	0.01176
11	0.01791	0.01693	0.02865	0.08166	0.57327	0.01708	0.02193	0.02221	0.01724	0.02443	0.01749	0.09297	0.01626	0.00878	0.00791	0.00241	0.00878	0.00849	0.00417	0.01144
12	0.01708	0.24419	0.49663	0.01949	0.02953	0.02174	0.02411	0.02416	0.01619	0.02269	0.01299	0.01521	0.00986	0.00715	0.00666	0.00222	0.01053	0.00526	0.00329	0.01101
13	0.01476	0.01772	0.10926	0.08964	0.03026	0.01481	0.26758	0.02059	0.05130	0.02307	0.02498	0.25023	0.02495	0.01278	0.00897	0.00277	0.00943	0.01270	0.00508	0.00914
14	0.01548	0.03653	0.59468	0.02216	0.03269	0.01743	0.07115	0.02394	0.01673	0.02471	0.03469	0.02082	0.01325	0.00813	0.00768	0.00251	0.01117	0.03153	0.00363	0.01109
15	0.01080	0.00850	0.01124	0.01184	0.01327	0.00823	0.03377	0.01460	0.08348	0.02147	0.04497	0.53965	0.12544	0.02154	0.00956	0.00301	0.00495	0.01941	0.00714	0.00712
16	0.01490	0.03371	0.53933	0.02107	0.03063	0.01656	0.06267	0.02266	0.01599	0.02361	0.01639	0.05861	0.01332	0.01361	0.07986	0.00355	0.01213	0.00714	0.00363	0.01063

[dist]
# distance from previous block
# <min> <max>
2	14

[block]
# block no. 3 follows, 25 sequences, length 13
# corresponding to MSA columns:
# 257-269
name=unknown_D
#
# <colnr> <probs for GDERKNQSTAVLIFYWHMCP>
#	G	D	E	R	K	N	Q	S	T	A	V	L	I	F	Y	W	H	M	C	P
0	0.08639	0.43752	0.19679	0.01685	0.02461	0.02544	0.07222	0.02365	0.01590	0.02182	0.01198	0.01415	0.00994	0.00685	0.00591	0.00200	0.00928	0.00497	0.00349	0.01023
1	0.01689	0.01707	0.02683	0.02163	0.02377	0.02120	0.13764	0.01971	0.01349	0.02037	0.01201	0.01824	0.01100	0.01353	0.05026	0.00345	0.48878	0.00712	0.00363	0.07338
2	0.01649	0.14337	0.55410	0.02136	0.03189	0.02001	0.06099	0.02437	0.01638	0.02362	0.01354	0.01603	0.00995	0.00721	0.00711	0.00234	0.01107	0.00568	0.00332	0.01118
3	0.01866	0.01788	0.03051	0.12527	0.60564	0.01828	0.02353	0.02333	0.01740	0.02468	0.01449	0.01936	0.01205	0.00701	0.00768	0.00234	0.00934	0.00691	0.00379	0.01185
4	0.01956	0.51431	0.16296	0.01527	0.02257	0.02689	0.01612	0.02559	0.09216	0.02113	0.01383	0.01514	0.01154	0.00723	0.00578	0.00193	0.00865	0.00499	0.00385	0.01051
5	0.01528	0.01567	0.03084	0.24719	0.03862	0.01608	0.31356	0.02030	0.01668	0.02216	0.02068	0.16632	0.01950	0.01061	0.00885	0.00272	0.01041	0.01109	0.00445	0.00900
6	0.01530	0.03832	0.64985	0.02142	0.03234	0.01742	0.02747	0.02401	0.01668	0.02492	0.05052	0.01867	0.01333	0.00784	0.00746	0.00245	0.01103	0.00619	0.00357	0.01123
7	0.00920	0.00772	0.00799	0.00821	0.01057	0.00652	0.00605	0.01109	0.01733	0.02080	0.07416	0.15392	0.59952	0.02021	0.00925	0.00268	0.00400	0.01706	0.00720	0.00652
8	0.01725	0.01857	0.03704	0.08587	0.03589	0.01921	0.42956	0.02255	0.01688	0.02317	0.01676	0.02600	0.01423	0.00919	0.01206	0.00283	0.13677	0.06242	0.00407	0.00966
9	0.01559	0.01530	0.02653	0.50461	0.07027	0.01846	0.10236	0.02045	0.01546	0.02051	0.01357	0.02015	0.01057	0.00835	0.01031	0.00269	0.10517	0.00717	0.00351	0.00897
10	0.00945	0.00675	0.00900	0.01080	0.01125	0.00630	0.00720	0.01080	0.01484	0.01979	0.04274	0.72245	0.05128	0.02429	0.00990	0.00315	0.00450	0.02204	0.00720	0.00630
11	0.01532	0.01421	0.02403	0.46712	0.04280	0.01710	0.09172	0.02005	0.01549	0.02132	0.01493	0.02123	0.01160	0.00845	0.00973	0.00259	0.09288	0.00718	0.09361	0.00865
12	0.02370	0.01784	0.02194	0.04234	0.02389	0.01939	0.06884	0.30494	0.18510	0.08804	0.04155	0.06130	0.01988	0.01189	0.03037	0.00282	0.00830	0.00871	0.00732	0.01183

[dist]
# distance from previous block
# <min> <max>
0	7

[block]
# block no. 4 follows, 25 sequences, length 45
# corresponding to MSA columns:
# 277-321
name=unknown_E
#
# <colnr> <probs for GDERKNQSTAVLIFYWHMCP>
#	G	D	E	R	K	N	Q	S	T	A	V	L	I	F	Y	W	H	M	C	P
0	0.02391	0.01607	0.05272	0.01453	0.01956	0.01551	0.01220	0.14173	0.21519	0.21691	0.09482	0.02877	0.02468	0.01031	0.00772	0.00241	0.00648	0.00843	0.07636	0.01168
1	0.01666	0.03234	0.42778	0.02638	0.03638	0.01865	0.28042	0.02467	0.01715	0.02467	0.01463	0.01821	0.01061	0.00703	0.00809	0.00252	0.01211	0.00711	0.00354	0.01105
2	0.03479	0.01320	0.01799	0.01380	0.01979	0.01140	0.01140	0.03779	0.02219	0.68451	0.03059	0.02639	0.01919	0.00960	0.00780	0.00240	0.00660	0.00780	0.00960	0.01320
3	0.01929	0.01666	0.01753	0.01578	0.02016	0.01929	0.01227	0.04120	0.66513	0.03243	0.03156	0.02893	0.02367	0.01052	0.00789	0.00263	0.00614	0.00877	0.00789	0.01227
4	0.01521	0.01436	0.02428	0.62679	0.13107	0.01737	0.02181	0.02031	0.01577	0.02050	0.01388	0.02049	0.01058	0.00765	0.00774	0.00255	0.01020	0.00689	0.00349	0.00907
5	0.02846	0.09768	0.02116	0.01499	0.02054	0.06075	0.01235	0.09066	0.18445	0.34640	0.02634	0.02397	0.01815	0.00936	0.00745	0.00234	0.00732	0.00738	0.00793	0.01232
6	0.01097	0.00793	0.01036	0.00975	0.01158	0.00732	0.00732	0.01463	0.02195	0.03109	0.67505	0.05792	0.07316	0.01585	0.00914	0.00244	0.00366	0.01402	0.00854	0.00732
7	0.00945	0.00675	0.00900	0.01080	0.01125	0.00630	0.00720	0.01080	0.01484	0.01979	0.04274	0.72245	0.05128	0.02429	0.00990	0.00315	0.00450	0.02204	0.00720	0.00630
8	0.01424	0.00730	0.00756	0.00756	0.00934	0.00739	0.00569	0.01780	0.01602	0.02821	0.02500	0.02901	0.01984	0.01219	0.04991	0.00249	0.00472	0.00730	0.72124	0.00721
9	0.02489	0.02289	0.02043	0.01736	0.02217	0.18093	0.01369	0.26174	0.24904	0.03453	0.02163	0.02169	0.01637	0.01191	0.04278	0.00287	0.00962	0.00719	0.00673	0.01156
10	0.02947	0.02172	0.02327	0.01784	0.02404	0.02404	0.01474	0.65329	0.03646	0.04887	0.01862	0.01862	0.01319	0.00931	0.00776	0.00233	0.00853	0.00698	0.00776	0.01319
11	0.00945	0.00675	0.00900	0.01080	0.01125	0.00630	0.00720	0.01080	0.01484	0.01979	0.04274	0.72245	0.05128	0.02429	0.00990	0.00315	0.00450	0.02204	0.00720	0.00630
12	0.03225	0.01263	0.01718	0.01336	0.01892	0.01096	0.01096	0.03532	0.02217	0.61483	0.09931	0.02975	0.02495	0.01026	0.00794	0.00240	0.00628	0.00846	0.00948	0.01257
13	0.01707	0.07529	0.60977	0.02109	0.03194	0.01826	0.02672	0.02533	0.01671	0.06668	0.01482	0.01680	0.01043	0.00747	0.00727	0.00241	0.01098	0.00578	0.00368	0.01149
14	0.01555	0.04011	0.68733	0.02210	0.03356	0.01801	0.02865	0.02455	0.01637	0.02455	0.01391	0.01637	0.00982	0.00737	0.00737	0.00246	0.01146	0.00573	0.00327	0.01146
15	0.03479	0.01320	0.01799	0.01380	0.01979	0.01140	0.01140	0.03779	0.02219	0.68451	0.03059	0.02639	0.01919	0.00960	0.00780	0.00240	0.00660	0.00780	0.00960	0.01320
16	0.06489	0.50591	0.21025	0.01542	0.02323	0.02653	0.01705	0.02355	0.01576	0.02090	0.01161	0.01349	0.00982	0.00686	0.00560	0.00191	0.00899	0.00457	0.00339	0.01026
17	0.01873	0.02257	0.08355	0.03266	0.11044	0.05403	0.48884	0.02483	0.01810	0.02439	0.01509	0.01996	0.01156	0.00692	0.00925	0.00256	0.03369	0.00839	0.00386	0.01059
18	0.00960	0.00686	0.00917	0.01097	0.01148	0.00643	0.00746	0.01106	0.01499	0.01996	0.04265	0.69102	0.05095	0.02415	0.00994	0.00317	0.00463	0.05198	0.00719	0.00634
19	0.01491	0.01406	0.02375	0.66934	0.09081	0.01730	0.02167	0.02005	0.01563	0.02014	0.01383	0.02058	0.01045	0.00770	0.00775	0.00257	0.01027	0.00689	0.00347	0.00883
20	0.33529	0.01555	0.01574	0.01290	0.01792	0.01674	0.01055	0.19526	0.02235	0.16258	0.10285	0.02275	0.02016	0.00935	0.00674	0.00238	0.00650	0.00692	0.00700	0.01047
21	0.01830	0.02092	0.04575	0.03268	0.04052	0.01961	0.65098	0.02484	0.01830	0.02484	0.01569	0.02092	0.01176	0.00654	0.00915	0.00261	0.01307	0.00915	0.00392	0.01046
22	0.00945	0.00675	0.00900	0.01080	0.01125	0.00630	0.00720	0.01080	0.01484	0.01979	0.04274	0.72245	0.05128	0.02429	0.00990	0.00315	0.00450	0.02204	0.00720	0.00630
23	0.55456	0.01771	0.04759	0.01262	0.01803	0.01890	0.01089	0.15557	0.04579	0.03713	0.01346	0.01473	0.01012	0.00779	0.00568	0.00240	0.00680	0.00505	0.00547	0.00971
24	0.03205	0.01429	0.01827	0.01437	0.02013	0.01344	0.01175	0.07854	0.12225	0.54243	0.02996	0.02627	0.01949	0.00972	0.00781	0.00243	0.00665	0.00789	0.00921	0.01305
25	0.01884	0.01615	0.01720	0.01568	0.01989	0.01861	0.01229	0.03956	0.62283	0.03183	0.03218	0.03275	0.02504	0.01123	0.00807	0.00269	0.00620	0.04916	0.00784	0.01194
26	0.01101	0.00788	0.01015	0.00961	0.01123	0.00734	0.00702	0.01425	0.02075	0.02929	0.60188	0.05711	0.06810	0.09588	0.01255	0.00301	0.00409	0.01371	0.00810	0.00702
27	0.05557	0.01597	0.02778	0.25557	0.25777	0.01693	0.12589	0.02158	0.01731	0.02457	0.08859	0.02398	0.01821	0.00814	0.00797	0.00247	0.00944	0.00794	0.00430	0.01002
28	0.01098	0.00803	0.01059	0.01024	0.01206	0.00764	0.00784	0.01443	0.02036	0.02850	0.52438	0.05776	0.10129	0.02120	0.08658	0.00365	0.00583	0.05357	0.00787	0.00721
29	0.01500	0.00829	0.00839	0.00819	0.01028	0.00858	0.00619	0.02067	0.08923	0.02930	0.02600	0.02891	0.02030	0.00920	0.00570	0.00190	0.00390	0.00740	0.68478	0.00779
30	0.01748	0.01993	0.07443	0.06088	0.06016	0.01792	0.49425	0.02290	0.01713	0.02333	0.01522	0.02090	0.01181	0.00894	0.01132	0.08939	0.01201	0.00851	0.00380	0.00969
31	0.01952	0.20488	0.34940	0.02035	0.02920	0.06626	0.08251	0.09538	0.01903	0.02541	0.01372	0.01595	0.01043	0.00737	0.00697	0.00223	0.01068	0.00577	0.00390	0.01103
32	0.01003	0.00754	0.01060	0.08930	0.01599	0.00753	0.00881	0.01181	0.01492	0.01980	0.03948	0.64353	0.04668	0.02243	0.00966	0.00309	0.00515	0.02034	0.00678	0.00656
33	0.00968	0.00691	0.00926	0.01106	0.01161	0.00650	0.00760	0.01120	0.01507	0.02005	0.04261	0.67404	0.05077	0.02407	0.00996	0.00318	0.00470	0.06816	0.00719	0.00636
34	0.30861	0.01493	0.01693	0.04197	0.02009	0.01561	0.04327	0.11584	0.02009	0.21947	0.05043	0.02410	0.05877	0.00935	0.00689	0.00242	0.00683	0.00719	0.00680	0.01039
35	0.01676	0.01513	0.02407	0.56579	0.11195	0.01811	0.02099	0.09144	0.01807	0.02362	0.01440	0.02029	0.01085	0.00784	0.00774	0.00253	0.01002	0.00690	0.00397	0.00949
36	0.01067	0.00800	0.01006	0.01138	0.01242	0.00788	0.00794	0.01445	0.08822	0.02141	0.04288	0.59101	0.07354	0.02243	0.00968	0.00309	0.00477	0.04590	0.00727	0.00702
37	0.01571	0.07140	0.58065	0.09890	0.03511	0.01855	0.02709	0.02396	0.01624	0.02371	0.01374	0.01666	0.00989	0.00737	0.00729	0.00243	0.01118	0.00578	0.00330	0.01106
38	0.06940	0.01886	0.04839	0.16254	0.36012	0.03913	0.02049	0.09515	0.06147	0.02780	0.01565	0.01936	0.01236	0.00764	0.00749	0.00238	0.00915	0.00676	0.00452	0.01131
39	0.09602	0.11390	0.27980	0.02682	0.20344	0.01978	0.05549	0.05301	0.01750	0.04474	0.01417	0.01689	0.01088	0.00724	0.00702	0.00231	0.00973	0.00600	0.00400	0.01126
40	0.04302	0.01942	0.02775	0.07927	0.39981	0.10829	0.07456	0.02310	0.01770	0.02376	0.01733	0.09761	0.01607	0.00904	0.00788	0.00240	0.00963	0.00846	0.00425	0.01065
41	0.07179	0.06836	0.07802	0.04962	0.25271	0.08060	0.05093	0.15328	0.02155	0.05940	0.01604	0.01967	0.01269	0.00802	0.00740	0.00232	0.00947	0.02175	0.00497	0.01141
42	0.31213	0.03784	0.01760	0.17837	0.06322	0.04956	0.01302	0.02192	0.01534	0.04883	0.01460	0.05381	0.01233	0.00810	0.00629	0.00224	0.00758	0.00616	0.00459	0.12647
43	0.30000	0.01562	0.06383	0.03704	0.04830	0.01512	0.01151	0.02551	0.12960	0.06961	0.04299	0.04992	0.01760	0.00908	0.00643	0.00234	0.00633	0.00699	0.09176	0.05041
44	0.31572	0.05355	0.08865	0.01390	0.01926	0.01632	0.03473	0.02682	0.11291	0.13191	0.02109	0.09772	0.01754	0.00996	0.00674	0.00249	0.00690	0.00779	0.00601	0.00997

[dist]
# distance from previous block
# <min> <max>
6	39

[block]
# block no. 5 follows, 25 sequences, length 61
# corresponding to MSA columns:
# 361-421
name=unknown_F
#
# <colnr> <probs for GDERKNQSTAVLIFYWHMCP>
#	G	D	E	R	K	N	Q	S	T	A	V	L	I	F	Y	W	H	M	C	P
0	0.02087	0.01937	0.02508	0.07050	0.29061	0.10195	0.03822	0.08287	0.03926	0.05933	0.01925	0.02194	0.04931	0.00836	0.00816	0.00224	0.03402	0.00711	0.00487	0.09668
1	0.01730	0.03405	0.49313	0.02462	0.08957	0.01868	0.07981	0.07052	0.05079	0.02679	0.01535	0.01780	0.01114	0.00755	0.00760	0.00246	0.01092	0.00637	0.00393	0.01161
2	0.06309	0.01369	0.01832	0.01723	0.05069	0.01428	0.07324	0.02700	0.22312	0.07451	0.05440	0.04496	0.02843	0.05262	0.01034	0.00306	0.00722	0.18287	0.00679	0.03414
3	0.02114	0.01729	0.03846	0.01722	0.06747	0.04252	0.01305	0.15222	0.18927	0.08790	0.02622	0.05385	0.05030	0.01032	0.00766	0.00229	0.00714	0.03635	0.00673	0.15261
4	0.02112	0.38000	0.18276	0.01676	0.02449	0.02348	0.06137	0.04563	0.01753	0.10135	0.01461	0.01598	0.01134	0.00719	0.00628	0.00199	0.00902	0.00541	0.00431	0.04938
5	0.05931	0.02048	0.08328	0.01602	0.02161	0.05111	0.01390	0.35842	0.02746	0.08479	0.04061	0.07251	0.01832	0.03746	0.00881	0.00254	0.00808	0.00812	0.03628	0.03088
6	0.02659	0.01939	0.02146	0.04823	0.02390	0.02107	0.01392	0.46593	0.09232	0.07850	0.02010	0.02088	0.01470	0.03021	0.00855	0.00244	0.00804	0.00714	0.00735	0.06926
7	0.01924	0.27736	0.35211	0.01791	0.02672	0.06217	0.02055	0.02495	0.01680	0.05869	0.01363	0.01540	0.01048	0.00719	0.00646	0.00208	0.00995	0.00519	0.00375	0.04936
8	0.02014	0.04778	0.01638	0.01496	0.06316	0.01192	0.01089	0.07961	0.01997	0.20765	0.08596	0.15784	0.07772	0.06590	0.01082	0.00300	0.00639	0.08299	0.00740	0.00953
9	0.10905	0.06995	0.04691	0.05074	0.02335	0.06634	0.04847	0.14397	0.07177	0.18748	0.01982	0.02007	0.01415	0.00837	0.00704	0.00224	0.00809	0.00656	0.02757	0.06806
10	0.14275	0.05029	0.02424	0.10415	0.02693	0.05127	0.10989	0.12102	0.01968	0.13207	0.01666	0.01910	0.01233	0.00878	0.00960	0.00250	0.10172	0.00674	0.02999	0.01029
11	0.05185	0.01056	0.01200	0.01157	0.01387	0.03162	0.00850	0.03784	0.08061	0.09453	0.20120	0.27543	0.06504	0.05634	0.01051	0.00296	0.00530	0.01457	0.00752	0.00817
12	0.02487	0.06369	0.05074	0.02449	0.13199	0.38669	0.05456	0.05951	0.08629	0.02333	0.01494	0.01700	0.01200	0.00796	0.00728	0.00217	0.01172	0.00602	0.00448	0.01029
13	0.05503	0.05086	0.04979	0.01490	0.02044	0.01723	0.01268	0.24322	0.08707	0.22118	0.05091	0.05394	0.06663	0.01077	0.00775	0.00241	0.00712	0.00859	0.00773	0.01173
14	0.01405	0.01496	0.05623	0.02248	0.07202	0.01314	0.26512	0.01822	0.01695	0.02270	0.03261	0.25775	0.10105	0.01456	0.00928	0.00280	0.00862	0.04329	0.00547	0.00868
15	0.01101	0.01028	0.04714	0.00998	0.01297	0.00823	0.00834	0.03807	0.01944	0.02500	0.22345	0.06584	0.41278	0.01771	0.00912	0.00262	0.00469	0.05867	0.00734	0.00732
16	0.01869	0.04419	0.02089	0.21231	0.05860	0.08110	0.01550	0.12244	0.04972	0.02580	0.01869	0.08739	0.01645	0.01181	0.02802	0.00279	0.09466	0.00822	0.07335	0.00937
17	0.01782	0.02046	0.08413	0.13864	0.23483	0.01877	0.32171	0.02374	0.01754	0.02421	0.01494	0.02003	0.01157	0.00689	0.00837	0.00250	0.01138	0.00789	0.00378	0.01080
18	0.00945	0.00675	0.00900	0.01080	0.01125	0.00630	0.00720	0.01080	0.01484	0.01979	0.04274	0.72245	0.05128	0.02429	0.00990	0.00315	0.00450	0.02204	0.00720	0.00630
19	0.01783	0.02287	0.12410	0.06293	0.06947	0.01925	0.51590	0.02452	0.01790	0.02459	0.01533	0.02026	0.01148	0.00671	0.00880	0.00258	0.01257	0.00852	0.00382	0.01058
20	0.01642	0.09901	0.54640	0.02351	0.06868	0.01927	0.07266	0.02441	0.01653	0.02406	0.01380	0.01651	0.01011	0.00721	0.00730	0.00239	0.01117	0.00591	0.00336	0.01130
21	0.01555	0.04011	0.68733	0.02210	0.03356	0.01801	0.02865	0.02455	0.01637	0.02455	0.01391	0.01637	0.00982	0.00737	0.00737	0.00246	0.01146	0.00573	0.00327	0.01146
22	0.02896	0.03695	0.02197	0.01998	0.02397	0.69638	0.01498	0.03096	0.02197	0.01898	0.01199	0.01398	0.00999	0.00799	0.00699	0.00200	0.01398	0.00499	0.00400	0.00899
23	0.01803	0.07533	0.12287	0.06583	0.13750	0.02008	0.37079	0.02403	0.01738	0.02390	0.01462	0.01927	0.01133	0.00704	0.00893	0.00250	0.03838	0.00779	0.00374	0.01066
24	0.01811	0.01934	0.03969	0.05732	0.05783	0.01855	0.50740	0.06104	0.01932	0.02624	0.05337	0.04942	0.01672	0.00795	0.00899	0.00260	0.01172	0.00962	0.00451	0.01027
25	0.00945	0.00675	0.00900	0.01080	0.01125	0.00630	0.00720	0.01080	0.01484	0.01979	0.04274	0.72245	0.05128	0.02429	0.00990	0.00315	0.00450	0.02204	0.00720	0.00630
26	0.01919	0.01842	0.03147	0.04759	0.67914	0.01842	0.02380	0.02380	0.01765	0.02533	0.01458	0.01919	0.01228	0.00691	0.00768	0.00230	0.00921	0.00691	0.00384	0.01228
27	0.01981	0.02272	0.04088	0.03283	0.11626	0.10842	0.49087	0.02551	0.01870	0.02413	0.01507	0.01979	0.01159	0.00677	0.00869	0.00250	0.01272	0.00833	0.00392	0.01049
28	0.01486	0.01421	0.02460	0.66849	0.05263	0.01737	0.05913	0.02011	0.01567	0.02011	0.01390	0.02069	0.01042	0.00768	0.00784	0.00259	0.01050	0.00703	0.00347	0.00872
29	0.01210	0.00817	0.01072	0.00995	0.01197	0.00751	0.00751	0.01572	0.02196	0.06193	0.64463	0.05643	0.07061	0.01556	0.00908	0.00244	0.00380	0.01373	0.00859	0.00759
30	0.03209	0.01439	0.03917	0.01418	0.02010	0.01243	0.01197	0.06190	0.06055	0.57267	0.05550	0.02717	0.02108	0.00982	0.00784	0.00241	0.00669	0.00801	0.00918	0.01285
31	0.01108	0.00831	0.01246	0.01246	0.01385	0.00969	0.00969	0.01385	0.01246	0.01800	0.02077	0.03046	0.01938	0.05815	0.69678	0.01246	0.02077	0.00831	0.00415	0.00692
32	0.01097	0.00793	0.01036	0.00975	0.01158	0.00732	0.00732	0.01463	0.02195	0.03109	0.67505	0.05792	0.07316	0.01585	0.00914	0.00244	0.00366	0.01402	0.00854	0.00732
33	0.01705	0.02964	0.33747	0.02787	0.03736	0.01888	0.36801	0.02471	0.01742	0.02471	0.01488	0.01885	0.01088	0.00691	0.00834	0.00254	0.01234	0.00759	0.00363	0.01091
34	0.29196	0.07508	0.01996	0.01550	0.02056	0.23108	0.01249	0.19423	0.02234	0.03246	0.01326	0.01463	0.01029	0.00797	0.00628	0.00220	0.00932	0.00519	0.00523	0.00997
35	0.00945	0.00675	0.00900	0.01080	0.01125	0.00630	0.00720	0.01080	0.01484	0.01979	0.04274	0.72245	0.05128	0.02429	0.00990	0.00315	0.00450	0.02204	0.00720	0.00630
36	0.02896	0.03695	0.02197	0.01998	0.02397	0.69638	0.01498	0.03096	0.02197	0.01898	0.01199	0.01398	0.00999	0.00799	0.00699	0.00200	0.01398	0.00499	0.00400	0.00899
37	0.02822	0.01900	0.02091	0.01645	0.02217	0.02061	0.01345	0.43657	0.12704	0.14886	0.02276	0.02183	0.01599	0.00952	0.00769	0.00236	0.00766	0.00739	0.03870	0.01281
38	0.01850	0.01957	0.03888	0.06972	0.30226	0.01901	0.36571	0.02418	0.01791	0.02481	0.01515	0.02020	0.01191	0.00674	0.00848	0.00249	0.01137	0.00813	0.00387	0.01112
39	0.01347	0.00673	0.01010	0.01010	0.01010	0.00673	0.00673	0.01010	0.01010	0.01347	0.01347	0.02357	0.01347	0.02694	0.03030	0.77441	0.00673	0.00673	0.00337	0.00337
40	0.01830	0.02092	0.04575	0.03268	0.04052	0.01961	0.65098	0.02484	0.01830	0.02484	0.01569	0.02092	0.01176	0.00654	0.00915	0.00261	0.01307	0.00915	0.00392	0.01046
41	0.01919	0.01842	0.03147	0.04759	0.67914	0.01842	0.02380	0.02380	0.01765	0.02533	0.01458	0.01919	0.01228	0.00691	0.00768	0.00230	0.00921	0.00691	0.00384	0.01228
42	0.01108	0.00831	0.01246	0.01246	0.01385	0.00969	0.00969	0.01385	0.01246	0.01800	0.02077	0.03046	0.01938	0.05815	0.69678	0.01246	0.02077	0.00831	0.00415	0.00692
43	0.02073	0.73217	0.04063	0.01327	0.01990	0.03068	0.01327	0.02322	0.01575	0.01824	0.01078	0.01244	0.00995	0.00663	0.00498	0.00166	0.00829	0.00415	0.00332	0.00995
44	0.02573	0.01902	0.02068	0.01651	0.02173	0.02088	0.01336	0.51972	0.05835	0.04378	0.05217	0.10821	0.02108	0.01152	0.00809	0.00245	0.00771	0.00924	0.00773	0.01203
45	0.02947	0.02172	0.02327	0.01784	0.02404	0.02404	0.01474	0.65329	0.03646	0.04887	0.01862	0.01862	0.01319	0.00931	0.00776	0.00233	0.00853	0.00698	0.00776	0.01319
46	0.01464	0.01378	0.02326	0.70887	0.05340	0.01723	0.02153	0.01981	0.01550	0.01981	0.01378	0.02067	0.01034	0.00775	0.00775	0.00258	0.01034	0.00689	0.00345	0.00861
47	0.01575	0.03873	0.64124	0.02286	0.03406	0.01812	0.07336	0.02458	0.01651	0.02458	0.01404	0.01670	0.00996	0.00731	0.00749	0.00247	0.01157	0.00598	0.00332	0.01139
48	0.01804	0.34909	0.36669	0.01935	0.05791	0.02370	0.02153	0.02392	0.01615	0.02176	0.01254	0.01474	0.01000	0.00702	0.00631	0.00209	0.00993	0.00508	0.00332	0.01082
49	0.01110	0.00822	0.01203	0.01203	0.01326	0.00946	0.00915	0.01357	0.01233	0.01768	0.02116	0.03265	0.02033	0.13027	0.62596	0.01193	0.01934	0.00863	0.00421	0.00668
50	0.00999	0.00789	0.00900	0.00872	0.01098	0.00690	0.00654	0.01272	0.01962	0.02556	0.34977	0.06703	0.40189	0.01792	0.00916	0.00254	0.00380	0.01530	0.00781	0.00690
51	0.01538	0.01454	0.02459	0.60115	0.15533	0.01742	0.02190	0.02046	0.01585	0.02071	0.01391	0.02043	0.01065	0.00761	0.00774	0.00254	0.01015	0.00689	0.00351	0.00921
52	0.63841	0.01567	0.01329	0.01137	0.01642	0.01776	0.00937	0.09944	0.01663	0.08309	0.01315	0.01431	0.00975	0.00762	0.00537	0.00239	0.00634	0.00479	0.00550	0.00932
53	0.00945	0.00675	0.00900	0.01080	0.01125	0.00630	0.00720	0.01080	0.01484	0.01979	0.04274	0.72245	0.05128	0.02429	0.00990	0.00315	0.00450	0.02204	0.00720	0.00630
54	0.04597	0.00755	0.00740	0.00735	0.00928	0.00764	0.00554	0.01826	0.01613	0.02915	0.02470	0.02824	0.01940	0.00896	0.00539	0.00183	0.00371	0.00710	0.73912	0.00727
55	0.01778	0.01996	0.04242	0.03075	0.03768	0.01927	0.57474	0.02372	0.01767	0.02415	0.01658	0.05408	0.01353	0.00789	0.01036	0.00270	0.06297	0.00960	0.00404	0.01012
56	0.01629	0.01546	0.02623	0.46915	0.28024	0.01766	0.02235	0.02126	0.01628	0.02181	0.01407	0.02013	0.01104	0.00745	0.00772	0.00248	0.00993	0.00690	0.00359	0.00994
57	0.00992	0.00725	0.00951	0.01085	0.01176	0.00659	0.00734	0.01142	0.01493	0.02019	0.04065	0.67170	0.04842	0.02296	0.00960	0.00301	0.00459	0.02079	0.00701	0.06152
58	0.01966	0.01931	0.03102	0.04627	0.64768	0.05098	0.02337	0.02414	0.01786	0.02503	0.01446	0.01894	0.01217	0.00696	0.00764	0.00229	0.00944	0.00682	0.00385	0.01212
59	0.01657	0.05896	0.59599	0.02225	0.03308	0.01879	0.06465	0.05622	0.01748	0.02561	0.01416	0.01664	0.01011	0.00739	0.00742	0.00243	0.01131	0.00595	0.00354	0.01144
60	0.02357	0.01814	0.01908	0.01579	0.02049	0.04126	0.01259	0.38058	0.15096	0.03958	0.05704	0.10399	0.02280	0.01154	0.00796	0.00245	0.00731	0.00936	0.04400	0.01150

[dist]
# distance from previous block
# <min> <max>
1	39

[block]
# block no. 6 follows, 25 sequences, length 25
# corresponding to MSA columns:
# 463-487
name=unknown_G
#
# <colnr> <probs for GDERKNQSTAVLIFYWHMCP>
#	G	D	E	R	K	N	Q	S	T	A	V	L	I	F	Y	W	H	M	C	P
0	0.02243	0.01533	0.01739	0.01484	0.01936	0.01651	0.01185	0.14867	0.30887	0.15237	0.12478	0.03347	0.02919	0.01141	0.00816	0.00255	0.00634	0.03662	0.00823	0.01164
1	0.41025	0.01618	0.04340	0.01255	0.01789	0.01637	0.01071	0.10532	0.04782	0.14361	0.06004	0.01969	0.01595	0.00853	0.00625	0.00235	0.00649	0.00609	0.00628	0.04423
2	0.00999	0.00719	0.00959	0.01132	0.01210	0.00679	0.00812	0.01177	0.01550	0.02046	0.04377	0.58208	0.07355	0.02359	0.01002	0.00321	0.00496	0.13235	0.00719	0.00646
3	0.01004	0.00714	0.00949	0.01092	0.01150	0.00693	0.00751	0.01152	0.01445	0.01934	0.03859	0.53380	0.04535	0.11292	0.06900	0.00447	0.00639	0.06778	0.00664	0.00622
4	0.01767	0.01904	0.03531	0.02683	0.03095	0.02157	0.35002	0.02190	0.01525	0.02190	0.01307	0.01904	0.01101	0.00988	0.01689	0.00298	0.34548	0.00803	0.00367	0.00952
5	0.01819	0.02038	0.04273	0.03197	0.06570	0.02001	0.55470	0.02412	0.01757	0.02418	0.01504	0.02041	0.01161	0.00732	0.01087	0.00269	0.08954	0.00880	0.00386	0.01032
