[name]
unknown

[dist]
# distance from previous block
# <min> <max>
0	87

[block]
# block no. 0 follows, 24 sequences, length 26
# corresponding to MSA columns:
# 100-125
name=unknown_A
#
# <colnr> <probs for GDERKNQSTAVLIFYWHMCP>
#	G	D	E	R	K	N	Q	S	T	A	V	L	I	F	Y	W	H	M	C	P
0	0.02784	0.07085	0.02275	0.01950	0.02364	0.56938	0.01501	0.05799	0.02247	0.02111	0.01492	0.02054	0.01324	0.00928	0.00739	0.00217	0.01317	0.05499	0.00449	0.00929
1	0.01909	0.03671	0.54922	0.02146	0.03210	0.01880	0.02624	0.10893	0.01988	0.07106	0.01599	0.01772	0.01113	0.00795	0.00762	0.00249	0.01099	0.00617	0.00438	0.01207
2	0.01579	0.01422	0.02289	0.60169	0.04955	0.01738	0.02082	0.06080	0.01745	0.02248	0.01668	0.02655	0.01361	0.00917	0.00817	0.00271	0.01018	0.05673	0.00412	0.00899
3	0.02918	0.01492	0.01881	0.01593	0.04956	0.01441	0.01229	0.15628	0.06328	0.38910	0.08644	0.03086	0.06047	0.01083	0.00817	0.00246	0.00682	0.00888	0.00883	0.01248
4	0.02365	0.01445	0.01659	0.01399	0.01877	0.01480	0.01114	0.09377	0.25362	0.23941	0.06042	0.03733	0.14248	0.01224	0.00831	0.00257	0.00617	0.01008	0.00851	0.01170
5	0.01498	0.01409	0.02378	0.70226	0.05462	0.01762	0.02202	0.02026	0.01586	0.02026	0.01409	0.02114	0.01057	0.00793	0.00793	0.00264	0.01057	0.00705	0.00352	0.00881
6	0.02658	0.03529	0.01750	0.01409	0.01883	0.04344	0.01123	0.03357	0.15575	0.36390	0.09411	0.09751	0.02857	0.01196	0.00822	0.00254	0.00653	0.01001	0.00865	0.01172
7	0.00984	0.00697	0.00915	0.01082	0.01123	0.00656	0.00712	0.01109	0.01484	0.01979	0.04195	0.65387	0.05023	0.09013	0.01296	0.00364	0.00489	0.02151	0.00712	0.00629
8	0.01755	0.01672	0.02844	0.34008	0.39665	0.01830	0.02330	0.02252	0.01708	0.02339	0.01455	0.02030	0.01167	0.00745	0.00789	0.00248	0.00993	0.00706	0.00375	0.01089
9	0.01631	0.07555	0.59044	0.02197	0.03243	0.01961	0.02744	0.02453	0.01632	0.02426	0.01374	0.01658	0.01008	0.00803	0.00897	0.00255	0.07059	0.00587	0.00336	0.01138
10	0.00966	0.00787	0.00855	0.00874	0.01098	0.00676	0.00642	0.01181	0.01822	0.02263	0.15310	0.17030	0.49678	0.02028	0.00948	0.00273	0.00407	0.01729	0.00755	0.00676
11	0.01088	0.00861	0.01321	0.01350	0.01493	0.00808	0.06987	0.01305	0.01599	0.02118	0.04232	0.55281	0.07294	0.02255	0.01011	0.00319	0.00573	0.08706	0.00703	0.00696
12	0.01737	0.01875	0.03896	0.03169	0.11380	0.01771	0.46503	0.02296	0.01807	0.02463	0.02036	0.13295	0.01860	0.00965	0.00930	0.00272	0.01147	0.01120	0.00454	0.01024
13	0.01734	0.01676	0.02658	0.27177	0.37054	0.03954	0.02144	0.02190	0.01744	0.02328	0.02092	0.02550	0.07574	0.00867	0.00800	0.00248	0.00946	0.00794	0.00413	0.01057
14	0.01895	0.01499	0.01865	0.01366	0.02050	0.01236	0.04383	0.05207	0.05657	0.08031	0.01692	0.01847	0.01323	0.00670	0.00646	0.00151	0.00650	0.00558	0.00543	0.58731
15	0.77733	0.01534	0.01166	0.01043	0.01534	0.01779	0.00859	0.02331	0.01350	0.03558	0.01104	0.01288	0.00859	0.00736	0.00491	0.00245	0.00613	0.00429	0.00491	0.00859
16	0.02962	0.03779	0.02247	0.02043	0.02451	0.68948	0.01532	0.03166	0.02247	0.01941	0.01226	0.01430	0.01021	0.00817	0.00715	0.00204	0.01430	0.00511	0.00409	0.00919
17	0.12666	0.38312	0.07514	0.01720	0.05171	0.07951	0.03549	0.08318	0.01835	0.02501	0.01242	0.01448	0.01044	0.00752	0.00660	0.00207	0.03153	0.00508	0.00413	0.01037
18	0.06880	0.01488	0.01838	0.01529	0.02005	0.01542	0.04755	0.08495	0.23183	0.21248	0.11674	0.06658	0.02883	0.01144	0.00820	0.00258	0.00658	0.00973	0.00817	0.01153
19	0.01478	0.00739	0.00739	0.00739	0.00924	0.00739	0.00554	0.01848	0.01663	0.02956	0.02587	0.02956	0.02033	0.00924	0.00554	0.00185	0.00370	0.00739	0.76534	0.00739
20	0.03360	0.01306	0.01777	0.01377	0.01956	0.01132	0.01132	0.03672	0.02268	0.62489	0.08299	0.02961	0.02411	0.01033	0.00809	0.00246	0.00650	0.00849	0.00973	0.01301
21	0.02120	0.72609	0.04155	0.01357	0.02035	0.03138	0.01357	0.02374	0.01611	0.01866	0.01102	0.01272	0.01018	0.00678	0.00509	0.00170	0.00848	0.00424	0.00339	0.01018
22	0.01478	0.00739	0.00739	0.00739	0.00924	0.00739	0.00554	0.01848	0.01663	0.02956	0.02587	0.02956	0.02033	0.00924	0.00554	0.00185	0.00370	0.00739	0.76534	0.00739
23	0.77733	0.01534	0.01166	0.01043	0.01534	0.01779	0.00859	0.02331	0.01350	0.03558	0.01104	0.01288	0.00859	0.00736	0.00491	0.00245	0.00613	0.00429	0.00491	0.00859
24	0.03314	0.01359	0.01818	0.01418	0.02011	0.01193	0.01174	0.05885	0.02268	0.58513	0.03062	0.02978	0.02052	0.01031	0.00804	0.00246	0.00681	0.04288	0.00935	0.04970
25	0.01853	0.07401	0.01874	0.01401	0.04855	0.01280	0.01061	0.02263	0.04804	0.09926	0.02023	0.10135	0.01799	0.00895	0.00675	0.00174	0.00623	0.00747	0.00561	0.45649

[dist]
# distance from previous block
# <min> <max>
0	11

[block]
# block no. 1 follows, 24 sequences, length 28
# corresponding to MSA columns:
# 137-164
name=unknown_B
#
# <colnr> <probs for GDERKNQSTAVLIFYWHMCP>
#	G	D	E	R	K	N	Q	S	T	A	V	L	I	F	Y	W	H	M	C	P
0	0.11120	0.51483	0.03438	0.01423	0.02038	0.12607	0.01317	0.02542	0.01699	0.04558	0.01197	0.01351	0.01035	0.00717	0.00548	0.00186	0.00900	0.00452	0.00391	0.00997
1	0.01644	0.01409	0.01644	0.01175	0.01879	0.01057	0.00940	0.01997	0.01644	0.02584	0.01409	0.01644	0.01175	0.00587	0.00587	0.00117	0.00587	0.00470	0.00470	0.76979
2	0.12168	0.05592	0.30656	0.01841	0.02638	0.05315	0.01970	0.13551	0.10180	0.03164	0.04369	0.01974	0.01494	0.00863	0.00728	0.00245	0.00943	0.00652	0.00522	0.01135
3	0.01377	0.00689	0.01033	0.01033	0.01033	0.00689	0.00689	0.01033	0.01033	0.01377	0.01377	0.02410	0.01377	0.02755	0.03099	0.76928	0.00689	0.00689	0.00344	0.00344
4	0.72061	0.01519	0.01217	0.01071	0.01571	0.01732	0.00882	0.02448	0.01420	0.08465	0.01259	0.01396	0.00943	0.00755	0.00514	0.00245	0.00618	0.00458	0.00528	0.00896
5	0.03014	0.02221	0.02380	0.01825	0.02459	0.02459	0.01507	0.64541	0.03728	0.04998	0.01904	0.01904	0.01349	0.00952	0.00793	0.00238	0.00873	0.00714	0.00793	0.01349
6	0.01580	0.00876	0.00890	0.00853	0.01077	0.00907	0.00649	0.04584	0.06845	0.03068	0.02610	0.02914	0.02036	0.00937	0.00584	0.00194	0.00411	0.00751	0.67432	0.00805
7	0.02962	0.02195	0.02351	0.01814	0.02439	0.02435	0.01495	0.61527	0.06827	0.04914	0.01970	0.01957	0.01402	0.00958	0.00794	0.00240	0.00860	0.00723	0.00794	0.01344
8	0.00974	0.00696	0.00927	0.01099	0.01152	0.00649	0.00737	0.01124	0.01554	0.02082	0.07481	0.68339	0.05356	0.02441	0.01008	0.00318	0.00456	0.02213	0.00743	0.00649
9	0.77733	0.01534	0.01166	0.01043	0.01534	0.01779	0.00859	0.02331	0.01350	0.03558	0.01104	0.01288	0.00859	0.00736	0.00491	0.00245	0.00613	0.00429	0.00491	0.00859
10	0.01168	0.00859	0.01099	0.01031	0.01232	0.00814	0.00776	0.01643	0.05665	0.03187	0.63344	0.05764	0.07210	0.01592	0.00928	0.00250	0.00388	0.01405	0.00869	0.00776
11	0.01153	0.00769	0.00865	0.00865	0.00865	0.00769	0.00480	0.01153	0.01153	0.01538	0.02499	0.05189	0.02883	0.72131	0.04036	0.00769	0.00769	0.01153	0.00480	0.00480
12	0.00950	0.00804	0.00820	0.00816	0.01079	0.00675	0.00612	0.01162	0.01837	0.02211	0.11949	0.07518	0.62904	0.01982	0.00937	0.00267	0.00400	0.01658	0.00745	0.00675
13	0.01478	0.00739	0.00739	0.00739	0.00924	0.00739	0.00554	0.01848	0.01663	0.02956	0.02587	0.02956	0.02033	0.00924	0.00554	0.00185	0.00370	0.00739	0.76534	0.00739
14	0.00979	0.00700	0.00931	0.01096	0.01153	0.00652	0.00737	0.01136	0.01577	0.02117	0.09401	0.66318	0.05425	0.02415	0.01006	0.00316	0.00453	0.02188	0.00747	0.00652
15	0.16064	0.15349	0.05957	0.01552	0.02189	0.01819	0.06340	0.03152	0.06723	0.30024	0.02172	0.02093	0.01507	0.00849	0.00697	0.00235	0.00774	0.00668	0.00676	0.01159
16	0.01478	0.00739	0.00739	0.00739	0.00924	0.00739	0.00554	0.01848	0.01663	0.02956	0.02587	0.02956	0.02033	0.00924	0.00554	0.00185	0.00370	0.00739	0.76534	0.00739
17	0.03014	0.02221	0.02380	0.01825	0.02459	0.02459	0.01507	0.64541	0.03728	0.04998	0.01904	0.01904	0.01349	0.00952	0.00793	0.00238	0.00873	0.00714	0.00793	0.01349
18	0.77733	0.01534	0.01166	0.01043	0.01534	0.01779	0.00859	0.02331	0.01350	0.03558	0.01104	0.01288	0.00859	0.00736	0.00491	0.00245	0.00613	0.00429	0.00491	0.00859
19	0.00973	0.00805	0.00853	0.00841	0.01093	0.00685	0.00631	0.01207	0.01892	0.02342	0.19325	0.07303	0.55446	0.01934	0.00937	0.00264	0.00396	0.01628	0.00763	0.00685
20	0.01735	0.01735	0.02429	0.02082	0.02082	0.02429	0.01735	0.01908	0.01214	0.01908	0.01041	0.01735	0.01041	0.01388	0.02602	0.00347	0.70680	0.00694	0.00347	0.00867
21	0.01498	0.01409	0.02378	0.70226	0.05462	0.01762	0.02202	0.02026	0.01586	0.02026	0.01409	0.02114	0.01057	0.00793	0.00793	0.00264	0.01057	0.00705	0.00352	0.00881
22	0.02968	0.03600	0.02262	0.02018	0.02452	0.61296	0.01529	0.10230	0.02418	0.02293	0.01304	0.01485	0.01059	0.00833	0.00724	0.00208	0.01366	0.00534	0.00453	0.00969
23	0.00972	0.00776	0.00835	0.00873	0.01060	0.00677	0.00614	0.01133	0.01662	0.02038	0.06554	0.20330	0.45843	0.11398	0.01363	0.00345	0.00462	0.01723	0.00702	0.00639
24	0.01658	0.01454	0.01832	0.01308	0.02019	0.01116	0.04850	0.02030	0.01658	0.02581	0.01421	0.01675	0.01176	0.00592	0.00609	0.00127	0.00634	0.00499	0.00466	0.72295
25	0.02214	0.31801	0.21260	0.01753	0.02520	0.09974	0.01819	0.09827	0.05073	0.04791	0.01472	0.01606	0.01154	0.00776	0.00657	0.00211	0.00989	0.00548	0.00443	0.01111
26	0.01067	0.00910	0.00983	0.00942	0.01215	0.00824	0.00713	0.01362	0.04386	0.02240	0.09143	0.11017	0.50948	0.01873	0.00987	0.00265	0.03450	0.01555	0.00711	0.05412
27	0.28396	0.01897	0.01912	0.01516	0.02100	0.02093	0.01252	0.37100	0.02769	0.11081	0.01761	0.01778	0.01247	0.00882	0.00691	0.00241	0.00764	0.00626	0.00710	0.01183

[dist]
# distance from previous block
# <min> <max>
0	1

[block]
# block no. 2 follows, 24 sequences, length 64
# corresponding to MSA columns:
# 166-229
name=unknown_C
#
# <colnr> <probs for GDERKNQSTAVLIFYWHMCP>
#	G	D	E	R	K	N	Q	S	T	A	V	L	I	F	Y	W	H	M	C	P
0	0.01963	0.01884	0.03219	0.04867	0.67185	0.01884	0.02434	0.02434	0.01806	0.02591	0.01492	0.01963	0.01256	0.00707	0.00785	0.00236	0.00942	0.00707	0.00393	0.01256
1	0.01122	0.00811	0.01060	0.00998	0.01185	0.00748	0.00748	0.01496	0.02245	0.03180	0.66766	0.05923	0.07482	0.01621	0.00935	0.00249	0.00374	0.01434	0.00873	0.00748
2	0.01931	0.01851	0.03161	0.09367	0.62936	0.01876	0.02418	0.02406	0.01790	0.02552	0.01486	0.01973	0.01242	0.00712	0.00786	0.00237	0.00950	0.00706	0.00390	0.01230
3	0.03014	0.02221	0.02380	0.01825	0.02459	0.02459	0.01507	0.64541	0.03728	0.04998	0.01904	0.01904	0.01349	0.00952	0.00793	0.00238	0.00873	0.00714	0.00793	0.01349
4	0.01008	0.00722	0.00957	0.01076	0.01159	0.00672	0.00739	0.01209	0.01712	0.02332	0.20991	0.54116	0.05841	0.02254	0.00992	0.00303	0.00437	0.02036	0.00773	0.00672
5	0.06988	0.01724	0.02018	0.24751	0.03184	0.05278	0.01560	0.18868	0.13159	0.03183	0.02041	0.05566	0.01619	0.00972	0.00767	0.00252	0.00853	0.00790	0.05380	0.01048
6	0.00966	0.00690	0.00920	0.01104	0.01150	0.00644	0.00736	0.01104	0.01518	0.02024	0.04371	0.71614	0.05245	0.02484	0.01012	0.00322	0.00460	0.02254	0.00736	0.00644
7	0.03014	0.02221	0.02380	0.01825	0.02459	0.02459	0.01507	0.64541	0.03728	0.04998	0.01904	0.01904	0.01349	0.00952	0.00793	0.00238	0.00873	0.00714	0.00793	0.01349
8	0.01682	0.01603	0.02403	0.34385	0.03702	0.02114	0.01946	0.04882	0.01508	0.02108	0.01256	0.01923	0.01063	0.01085	0.01660	0.00303	0.34411	0.00700	0.00370	0.00896
9	0.01377	0.00689	0.01033	0.01033	0.01033	0.00689	0.00689	0.01033	0.01033	0.01377	0.01377	0.02410	0.01377	0.02755	0.03099	0.76928	0.00689	0.00689	0.00344	0.00344
10	0.01620	0.07876	0.64504	0.02210	0.03355	0.01913	0.02843	0.02504	0.01671	0.02476	0.01405	0.01652	0.01005	0.00749	0.00740	0.00247	0.01154	0.00577	0.00335	0.01163
11	0.02091	0.68834	0.07674	0.01407	0.02112	0.03066	0.01444	0.02382	0.01615	0.01901	0.01120	0.01294	0.01017	0.00683	0.00522	0.00174	0.00866	0.00433	0.00339	0.01026
12	0.02117	0.01823	0.02575	0.02055	0.02443	0.02095	0.12349	0.25120	0.02295	0.03170	0.01865	0.09060	0.01670	0.01501	0.05667	0.00349	0.21322	0.00912	0.00566	0.01048
13	0.01590	0.04102	0.68023	0.02260	0.03432	0.01842	0.02930	0.02511	0.01674	0.02511	0.01423	0.01674	0.01005	0.00753	0.00753	0.00251	0.01172	0.00586	0.00335	0.01172
14	0.01083	0.00797	0.01019	0.01035	0.01206	0.00734	0.00776	0.01388	0.02009	0.02745	0.41120	0.18666	0.14968	0.01889	0.00965	0.00276	0.00428	0.07364	0.00815	0.00716
15	0.01831	0.02460	0.15735	0.03306	0.10438	0.01964	0.47148	0.02524	0.01830	0.02540	0.01561	0.02039	0.01173	0.00687	0.00888	0.00261	0.01268	0.00851	0.00388	0.01107
16	0.01132	0.00760	0.00871	0.00892	0.00897	0.00755	0.00510	0.01148	0.01195	0.01593	0.02712	0.12753	0.03152	0.64201	0.03692	0.00718	0.00734	0.01279	0.00510	0.00499
17	0.01230	0.00879	0.01223	0.01406	0.01568	0.00872	0.01195	0.01561	0.01779	0.02320	0.04225	0.18507	0.04668	0.02235	0.01083	0.00359	0.00689	0.52754	0.00731	0.00717
18	0.03429	0.01462	0.01899	0.01466	0.02075	0.01345	0.01208	0.10663	0.05168	0.57945	0.02996	0.02621	0.01914	0.00982	0.00797	0.00246	0.00695	0.00792	0.00953	0.01345
19	0.01716	0.03708	0.55699	0.02531	0.09618	0.01886	0.05121	0.05922	0.01808	0.02657	0.01463	0.01733	0.01055	0.00757	0.00766	0.00249	0.01139	0.00618	0.00368	0.01186
20	0.02679	0.03291	0.02205	0.09547	0.02702	0.55471	0.01574	0.02925	0.02101	0.01992	0.01296	0.01586	0.01070	0.00846	0.00805	0.00217	0.04570	0.00551	0.03669	0.00905
21	0.77733	0.01534	0.01166	0.01043	0.01534	0.01779	0.00859	0.02331	0.01350	0.03558	0.01104	0.01288	0.00859	0.00736	0.00491	0.00245	0.00613	0.00429	0.00491	0.00859
22	0.02962	0.03779	0.02247	0.02043	0.02451	0.68948	0.01532	0.03166	0.02247	0.01941	0.01226	0.01430	0.01021	0.00817	0.00715	0.00204	0.01430	0.00511	0.00409	0.00919
23	0.01852	0.13314	0.41020	0.02426	0.10893	0.02010	0.05588	0.02637	0.04709	0.06040	0.01572	0.01791	0.01166	0.00760	0.00736	0.00239	0.01053	0.00621	0.00403	0.01168
24	0.01631	0.00990	0.01368	0.03973	0.05198	0.00947	0.01033	0.01980	0.04217	0.14915	0.16897	0.30468	0.04551	0.01779	0.00934	0.00287	0.00561	0.06618	0.00780	0.00873
25	0.01911	0.01114	0.01473	0.01457	0.01769	0.01098	0.01232	0.05359	0.06034	0.17485	0.03790	0.10248	0.03714	0.01799	0.00990	0.00323	0.00703	0.37774	0.00796	0.00930
26	0.01997	0.01980	0.03090	0.09497	0.58173	0.06492	0.02355	0.02454	0.01820	0.02504	0.01467	0.01937	0.01225	0.00721	0.00781	0.00235	0.00984	0.00693	0.00391	0.01205
27	0.02774	0.01975	0.02487	0.02236	0.10698	0.04505	0.06176	0.28804	0.07884	0.17943	0.02144	0.02164	0.01523	0.00930	0.00880	0.00247	0.03880	0.00754	0.00722	0.01272
28	0.01763	0.01763	0.05502	0.07649	0.49579	0.01672	0.02138	0.02228	0.01837	0.02594	0.09194	0.02759	0.06067	0.00898	0.00811	0.00241	0.00860	0.00844	0.00463	0.01138
29	0.01134	0.00846	0.01254	0.01254	0.01389	0.00980	0.00966	0.01403	0.01268	0.01826	0.02142	0.03217	0.02026	0.09184	0.65813	0.01250	0.02058	0.00864	0.00428	0.00697
30	0.01590	0.04102	0.68023	0.02260	0.03432	0.01842	0.02930	0.02511	0.01674	0.02511	0.01423	0.01674	0.01005	0.00753	0.00753	0.00251	0.01172	0.00586	0.00335	0.01172
31	0.03558	0.01350	0.01840	0.01411	0.02024	0.01166	0.01166	0.03865	0.02270	0.67734	0.03128	0.02699	0.01963	0.00981	0.00797	0.00245	0.00675	0.00797	0.00981	0.01350
32	0.02668	0.07450	0.02173	0.01560	0.02086	0.01517	0.05994	0.05488	0.08889	0.35394	0.09811	0.02883	0.02439	0.01268	0.04193	0.00297	0.03064	0.00854	0.00797	0.01176
33	0.01112	0.00802	0.01050	0.01005	0.01182	0.00741	0.00747	0.01469	0.02195	0.03100	0.62471	0.10446	0.07328	0.01681	0.00941	0.00254	0.00380	0.01491	0.00864	0.00741
34	0.01644	0.01409	0.01644	0.01175	0.01879	0.01057	0.00940	0.01997	0.01644	0.02584	0.01409	0.01644	0.01175	0.00587	0.00587	0.00117	0.00587	0.00470	0.00470	0.76979
35	0.01312	0.00855	0.01106	0.01018	0.01246	0.00777	0.00772	0.01667	0.02215	0.08480	0.57141	0.05781	0.11395	0.01596	0.00924	0.00250	0.00401	0.01399	0.00872	0.00793
36	0.01133	0.00850	0.01274	0.01274	0.01416	0.00991	0.00991	0.01416	0.01274	0.01841	0.02124	0.03115	0.01982	0.05947	0.68989	0.01274	0.02124	0.00850	0.00425	0.00708
37	0.01134	0.00844	0.01246	0.01246	0.01378	0.00976	0.00956	0.01398	0.01266	0.01820	0.02150	0.03258	0.02044	0.10504	0.64517	0.01240	0.02031	0.00871	0.00429	0.00692
38	0.01133	0.00850	0.01274	0.01274	0.01416	0.00991	0.00991	0.01416	0.01274	0.01841	0.02124	0.03115	0.01982	0.05947	0.68989	0.01274	0.02124	0.00850	0.00425	0.00708
39	0.01878	0.01796	0.03030	0.07427	0.60357	0.01802	0.02308	0.02334	0.01796	0.02538	0.01900	0.02327	0.05384	0.00792	0.00795	0.00239	0.00913	0.00767	0.00412	0.01203
40	0.01644	0.01409	0.01644	0.01175	0.01879	0.01057	0.00940	0.01997	0.01644	0.02584	0.01409	0.01644	0.01175	0.00587	0.00587	0.00117	0.00587	0.00470	0.00470	0.76979
41	0.02112	0.01873	0.01865	0.01656	0.02116	0.06231	0.01291	0.08613	0.57158	0.03355	0.03003	0.02784	0.02253	0.01050	0.00800	0.00263	0.00696	0.00859	0.00781	0.01241
42	0.01678	0.01647	0.02302	0.01988	0.01996	0.02283	0.01643	0.01851	0.01215	0.01890	0.01159	0.01951	0.01167	0.04512	0.06297	0.00415	0.64084	0.00721	0.00357	0.00843
43	0.01889	0.01809	0.03086	0.15219	0.57409	0.01865	0.02397	0.02369	0.01771	0.02501	0.01479	0.01987	0.01225	0.00720	0.00786	0.00240	0.00960	0.00706	0.00386	0.01197
44	0.02120	0.72609	0.04155	0.01357	0.02035	0.03138	0.01357	0.02374	0.01611	0.01866	0.01102	0.01272	0.01018	0.00678	0.00509	0.00170	0.00848	0.00424	0.00339	0.01018
45	0.05655	0.00783	0.00762	0.00756	0.00957	0.00796	0.00571	0.01874	0.01646	0.02989	0.02506	0.02865	0.01968	0.00914	0.00551	0.00188	0.00383	0.00722	0.72369	0.00746
46	0.01853	0.02102	0.04562	0.06741	0.04211	0.01993	0.61149	0.02514	0.01857	0.02514	0.01594	0.02138	0.01196	0.00675	0.00929	0.00267	0.01323	0.00924	0.00399	0.01060
47	0.01217	0.00827	0.01086	0.01020	0.01218	0.00760	0.00765	0.01576	0.02209	0.05833	0.60922	0.09126	0.07137	0.01638	0.00933	0.00253	0.00391	0.01449	0.00871	0.00768
48	0.00966	0.00690	0.00920	0.01104	0.01150	0.00644	0.00736	0.01104	0.01518	0.02024	0.04371	0.71614	0.05245	0.02484	0.01012	0.00322	0.00460	0.02254	0.00736	0.00644
49	0.01644	0.01559	0.02643	0.49634	0.24907	0.01800	0.02275	0.02154	0.01655	0.02204	0.01435	0.02066	0.01120	0.00766	0.00790	0.00255	0.01021	0.00705	0.00365	0.00999
50	0.01606	0.03994	0.64553	0.02319	0.03471	0.01851	0.06292	0.02513	0.01685	0.02513	0.01433	0.01700	0.01015	0.00749	0.00763	0.00252	0.01181	0.00605	0.00338	0.01166
51	0.01872	0.02139	0.04679	0.03342	0.04144	0.02005	0.64305	0.02540	0.01872	0.02540	0.01604	0.02139	0.01203	0.00668	0.00936	0.00267	0.01337	0.00936	0.00401	0.01070
52	0.01377	0.00689	0.01033	0.01033	0.01033	0.00689	0.00689	0.01033	0.01033	0.01377	0.01377	0.02410	0.01377	0.02755	0.03099	0.76928	0.00689	0.00689	0.00344	0.00344
53	0.00937	0.00803	0.00803	0.00803	0.01071	0.00669	0.00602	0.01138	0.01807	0.02142	0.08033	0.07632	0.66863	0.02008	0.00937	0.00268	0.00402	0.01674	0.00736	0.00669
54	0.01518	0.01430	0.02415	0.67412	0.08119	0.01767	0.02212	0.02044	0.01595	0.02050	0.01413	0.02108	0.01066	0.00789	0.00792	0.00263	0.01052	0.00705	0.00354	0.00897
55	0.03558	0.01350	0.01840	0.01411	0.02024	0.01166	0.01166	0.03865	0.02270	0.67734	0.03128	0.02699	0.01963	0.00981	0.00797	0.00245	0.00675	0.00797	0.00981	0.01350
56	0.01963	0.01884	0.03219	0.04867	0.67185	0.01884	0.02434	0.02434	0.01806	0.02591	0.01492	0.01963	0.01256	0.00707	0.00785	0.00236	0.00942	0.00707	0.00393	0.01256
57	0.01133	0.00850	0.01274	0.01274	0.01416	0.00991	0.00991	0.01416	0.01274	0.01841	0.02124	0.03115	0.01982	0.05947	0.68989	0.01274	0.02124	0.00850	0.00425	0.00708
58	0.01590	0.04102	0.68023	0.02260	0.03432	0.01842	0.02930	0.02511	0.01674	0.02511	0.01423	0.01674	0.01005	0.00753	0.00753	0.00251	0.01172	0.00586	0.00335	0.01172
59	0.01498	0.01409	0.02378	0.70226	0.05462	0.01762	0.02202	0.02026	0.01586	0.02026	0.01409	0.02114	0.01057	0.00793	0.00793	0.00264	0.01057	0.00705	0.00352	0.00881
60	0.01854	0.01816	0.03246	0.06803	0.49676	0.01804	0.12237	0.02334	0.01786	0.02518	0.01727	0.07321	0.01545	0.00840	0.00827	0.00248	0.00973	0.00862	0.00419	0.01165
61	0.01590	0.04102	0.68023	0.02260	0.03432	0.01842	0.02930	0.02511	0.01674	0.02511	0.01423	0.01674	0.01005	0.00753	0.00753	0.00251	0.01172	0.00586	0.00335	0.01172
62	0.01153	0.00769	0.00865	0.00865	0.00865	0.00769	0.00480	0.01153	0.01153	0.01538	0.02499	0.05189	0.02883	0.72131	0.04036	0.00769	0.00769	0.01153	0.00480	0.00480
63	0.02224	0.01668	0.01808	0.01538	0.01996	0.01833	0.01211	0.23276	0.29212	0.07669	0.03234	0.07800	0.07558	0.04090	0.00958	0.00281	0.00686	0.00999	0.00790	0.01170

[dist]
# distance from previous block
# <min> <max>
4	9

[block]
# block no. 3 follows, 24 sequences, length 44
# corresponding to MSA columns:
# 239-282
name=unknown_D
#
# <colnr> <probs for GDERKNQSTAVLIFYWHMCP>
#	G	D	E	R	K	N	Q	S	T	A	V	L	I	F	Y	W	H	M	C	P
0	0.01077	0.00740	0.00940	0.01032	0.01085	0.00699	0.00666	0.01147	0.01380	0.01855	0.03490	0.44440	0.04115	0.22792	0.02035	0.06124	0.00572	0.01749	0.00622	0.03439
1	0.01701	0.01444	0.01576	0.01386	0.01822	0.01522	0.01073	0.03158	0.39829	0.03022	0.09840	0.06347	0.07866	0.01176	0.00799	0.00242	0.00569	0.00993	0.00744	0.14890
2	0.01133	0.00850	0.01274	0.01274	0.01416	0.00991	0.00991	0.01416	0.01274	0.01841	0.02124	0.03115	0.01982	0.05947	0.68989	0.01274	0.02124	0.00850	0.00425	0.00708
3	0.01612	0.06848	0.65463	0.02224	0.03376	0.01894	0.02867	0.02506	0.01672	0.02485	0.01410	0.01658	0.01005	0.00750	0.00744	0.00248	0.01159	0.00579	0.00335	0.01166
4	0.01875	0.12651	0.48091	0.02131	0.03151	0.02031	0.06037	0.07029	0.01855	0.05823	0.01510	0.01715	0.01090	0.00764	0.00737	0.00240	0.01093	0.00604	0.00404	0.01167
5	0.48892	0.02278	0.21013	0.01434	0.02137	0.01745	0.01498	0.02515	0.01524	0.08701	0.01371	0.01522	0.00996	0.00762	0.00595	0.00247	0.00784	0.00507	0.00486	0.00993
6	0.04603	0.01475	0.01690	0.01518	0.01916	0.01626	0.03629	0.06072	0.38305	0.03164	0.11114	0.04191	0.08021	0.01302	0.00857	0.00275	0.00630	0.07768	0.00772	0.01074
7	0.01549	0.01462	0.02471	0.63036	0.12252	0.01775	0.02228	0.02071	0.01610	0.02088	0.01418	0.02097	0.01079	0.00783	0.00792	0.00261	0.01044	0.00705	0.00357	0.00922
8	0.01942	0.49575	0.25629	0.01661	0.02505	0.02702	0.01886	0.02420	0.01632	0.02083	0.01210	0.01407	0.01013	0.00704	0.00591	0.00197	0.00957	0.00478	0.00338	0.01070
9	0.72357	0.01715	0.05886	0.01129	0.01668	0.01783	0.01005	0.02344	0.01372	0.03484	0.01127	0.01315	0.00869	0.00737	0.00509	0.00246	0.00653	0.00440	0.00480	0.00881
10	0.01328	0.01043	0.01453	0.01449	0.01716	0.01022	0.04725	0.01845	0.07199	0.02514	0.10174	0.09271	0.10415	0.01879	0.01007	0.00319	0.00676	0.37172	0.00721	0.04072
11	0.00966	0.00690	0.00920	0.01104	0.01150	0.00644	0.00736	0.01104	0.01518	0.02024	0.04371	0.71614	0.05245	0.02484	0.01012	0.00322	0.00460	0.02254	0.00736	0.00644
12	0.01258	0.00898	0.01255	0.01438	0.01611	0.00895	0.01243	0.01608	0.01806	0.02351	0.04210	0.12968	0.04607	0.02209	0.01090	0.00362	0.00713	0.58022	0.00731	0.00725
13	0.01963	0.01884	0.03219	0.04867	0.67185	0.01884	0.02434	0.02434	0.01806	0.02591	0.01492	0.01963	0.01256	0.00707	0.00785	0.00236	0.00942	0.00707	0.00393	0.01256
14	0.01498	0.01409	0.02378	0.70226	0.05462	0.01762	0.02202	0.02026	0.01586	0.02026	0.01409	0.02114	0.01057	0.00793	0.00793	0.00264	0.01057	0.00705	0.00352	0.00881
15	0.77733	0.01534	0.01166	0.01043	0.01534	0.01779	0.00859	0.02331	0.01350	0.03558	0.01104	0.01288	0.00859	0.00736	0.00491	0.00245	0.00613	0.00429	0.00491	0.00859
16	0.01498	0.01409	0.02378	0.70226	0.05462	0.01762	0.02202	0.02026	0.01586	0.02026	0.01409	0.02114	0.01057	0.00793	0.00793	0.00264	0.01057	0.00705	0.00352	0.00881
17	0.06974	0.68046	0.03963	0.01337	0.02003	0.03050	0.01325	0.02372	0.01594	0.01974	0.01103	0.01273	0.01007	0.00682	0.00508	0.00174	0.00833	0.00424	0.00349	0.01007
18	0.02962	0.03779	0.02247	0.02043	0.02451	0.68948	0.01532	0.03166	0.02247	0.01941	0.01226	0.01430	0.01021	0.00817	0.00715	0.00204	0.01430	0.00511	0.00409	0.00919
19	0.77733	0.01534	0.01166	0.01043	0.01534	0.01779	0.00859	0.02331	0.01350	0.03558	0.01104	0.01288	0.00859	0.00736	0.00491	0.00245	0.00613	0.00429	0.00491	0.00859
20	0.01830	0.02072	0.04505	0.03238	0.04005	0.01942	0.61355	0.02473	0.01855	0.02516	0.01733	0.05363	0.01391	0.00753	0.00939	0.00270	0.01296	0.00997	0.00417	0.01050
21	0.01153	0.00769	0.00865	0.00865	0.00865	0.00769	0.00480	0.01153	0.01153	0.01538	0.02499	0.05189	0.02883	0.72131	0.04036	0.00769	0.00769	0.01153	0.00480	0.00480
22	0.00989	0.00700	0.00913	0.01075	0.01115	0.00659	0.00705	0.01110	0.01474	0.01965	0.04142	0.63494	0.04956	0.10998	0.01382	0.00377	0.00498	0.02120	0.00705	0.00624
23	0.02923	0.02507	0.02307	0.01854	0.02427	0.16323	0.01493	0.47047	0.08211	0.04229	0.01864	0.01886	0.01363	0.00933	0.00778	0.00233	0.00970	0.00686	0.00714	0.01252
24	0.01498	0.01409	0.02378	0.70226	0.05462	0.01762	0.02202	0.02026	0.01586	0.02026	0.01409	0.02114	0.01057	0.00793	0.00793	0.00264	0.01057	0.00705	0.00352	0.00881
25	0.01530	0.01443	0.02438	0.65611	0.09819	0.01770	0.02219	0.02055	0.01601	0.02066	0.01415	0.02103	0.01071	0.00787	0.00792	0.00262	0.01049	0.00705	0.00355	0.00907
26	0.01153	0.00769	0.00865	0.00865	0.00865	0.00769	0.00480	0.01153	0.01153	0.01538	0.02499	0.05189	0.02883	0.72131	0.04036	0.00769	0.00769	0.01153	0.00480	0.00480
27	0.01113	0.00810	0.01047	0.00988	0.01179	0.00744	0.00741	0.01479	0.02223	0.03129	0.63871	0.06008	0.10409	0.01640	0.00935	0.00250	0.00375	0.01446	0.00866	0.00744
28	0.00966	0.00690	0.00920	0.01104	0.01150	0.00644	0.00736	0.01104	0.01518	0.02024	0.04371	0.71614	0.05245	0.02484	0.01012	0.00322	0.00460	0.02254	0.00736	0.00644
29	0.02651	0.01955	0.02103	0.01659	0.02199	0.02138	0.01343	0.53019	0.03326	0.04438	0.02504	0.06263	0.06272	0.05171	0.01000	0.00275	0.00811	0.00890	0.00768	0.01213
30	0.01575	0.08195	0.57825	0.02092	0.03136	0.01821	0.02630	0.02393	0.01690	0.02480	0.04609	0.04917	0.01496	0.00865	0.00758	0.00249	0.01082	0.00689	0.00378	0.01119
31	0.01555	0.01483	0.02321	0.64652	0.05163	0.04583	0.02115	0.02036	0.01593	0.01997	0.01400	0.02096	0.01068	0.00870	0.00878	0.03218	0.01059	0.00696	0.00354	0.00862
32	0.01670	0.14394	0.58428	0.02124	0.03222	0.02036	0.02694	0.02491	0.01665	0.02414	0.01375	0.01614	0.01006	0.00742	0.00717	0.00239	0.01123	0.00562	0.00335	0.01149
33	0.77733	0.01534	0.01166	0.01043	0.01534	0.01779	0.00859	0.02331	0.01350	0.03558	0.01104	0.01288	0.00859	0.00736	0.00491	0.00245	0.00613	0.00429	0.00491	0.00859
34	0.01954	0.01788	0.01736	0.01571	0.01989	0.07942	0.01214	0.03781	0.52457	0.03126	0.07757	0.03248	0.05685	0.01135	0.00814	0.00262	0.00672	0.00936	0.00772	0.01161
35	0.00966	0.00690	0.00920	0.01104	0.01150	0.00644	0.00736	0.01104	0.01518	0.02024	0.04371	0.71614	0.05245	0.02484	0.01012	0.00322	0.00460	0.02254	0.00736	0.00644
36	0.01963	0.01884	0.03219	0.04867	0.67185	0.01884	0.02434	0.02434	0.01806	0.02591	0.01492	0.01963	0.01256	0.00707	0.00785	0.00236	0.00942	0.00707	0.00393	0.01256
37	0.01133	0.00850	0.01274	0.01274	0.01416	0.00991	0.00991	0.01416	0.01274	0.01841	0.02124	0.03115	0.01982	0.05947	0.68989	0.01274	0.02124	0.00850	0.00425	0.00708
38	0.01145	0.00803	0.01036	0.01036	0.01096	0.00862	0.00694	0.01263	0.01204	0.01665	0.02342	0.04321	0.02506	0.44408	0.31244	0.00981	0.01336	0.01026	0.00457	0.00576
39	0.01980	0.01616	0.01721	0.01541	0.01985	0.01830	0.01201	0.03962	0.57471	0.06709	0.03587	0.03299	0.07284	0.01141	0.00816	0.00268	0.00613	0.00950	0.00811	0.01216
40	0.01963	0.01884	0.03219	0.04867	0.67185	0.01884	0.02434	0.02434	0.01806	0.02591	0.01492	0.01963	0.01256	0.00707	0.00785	0.00236	0.00942	0.00707	0.00393	0.01256
41	0.01282	0.01059	0.01569	0.01457	0.01603	0.01238	0.04452	0.01611	0.04086	0.01936	0.02233	0.09313	0.02218	0.11611	0.39712	0.00903	0.11514	0.00995	0.00463	0.00744
42	0.02120	0.72609	0.04155	0.01357	0.02035	0.03138	0.01357	0.02374	0.01611	0.01866	0.01102	0.01272	0.01018	0.00678	0.00509	0.00170	0.00848	0.00424	0.00339	0.01018
43	0.03425	0.01422	0.01868	0.01447	0.02052	0.01291	0.01191	0.07349	0.06428	0.60019	0.03065	0.02670	0.01957	0.00986	0.00798	0.00246	0.00683	0.00799	0.00960	0.01343

[dist]
# distance from previous block
# <min> <max>
1	10

[block]
# block no. 4 follows, 24 sequences, length 45
# corresponding to MSA columns:
# 293-337
name=unknown_E
#
# <colnr> <probs for GDERKNQSTAVLIFYWHMCP>
#	G	D	E	R	K	N	Q	S	T	A	V	L	I	F	Y	W	H	M	C	P
0	0.01594	0.06612	0.55858	0.02247	0.06180	0.01803	0.02658	0.02412	0.01711	0.02510	0.04477	0.02230	0.01488	0.00860	0.00770	0.00253	0.01089	0.03738	0.00382	0.01128
1	0.01734	0.01407	0.01654	0.01186	0.01886	0.01062	0.00950	0.02085	0.01674	0.05649	0.01490	0.01694	0.01212	0.00606	0.00597	0.00123	0.00591	0.00485	0.00494	0.73421
2	0.01963	0.01884	0.03219	0.04867	0.67185	0.01884	0.02434	0.02434	0.01806	0.02591	0.01492	0.01963	0.01256	0.00707	0.00785	0.00236	0.00942	0.00707	0.00393	0.01256
3	0.03445	0.01321	0.01800	0.01398	0.01986	0.01143	0.01147	0.03744	0.02237	0.64875	0.03182	0.05698	0.02106	0.01047	0.00807	0.00249	0.00665	0.00861	0.00971	0.01319
4	0.01083	0.00801	0.01011	0.00974	0.01165	0.00729	0.00725	0.01414	0.02128	0.02941	0.53427	0.10585	0.16598	0.01739	0.00941	0.00257	0.00384	0.01526	0.00842	0.00729
5	0.00960	0.00811	0.00835	0.00847	0.01109	0.00686	0.00648	0.01172	0.01809	0.02158	0.07777	0.07719	0.62695	0.02020	0.00948	0.00274	0.00424	0.05700	0.00736	0.00673
6	0.01939	0.01860	0.03176	0.08155	0.64080	0.01878	0.02422	0.02413	0.01795	0.02562	0.01487	0.01970	0.01246	0.00711	0.00785	0.00237	0.00948	0.00706	0.00391	0.01237
7	0.01118	0.00815	0.01055	0.01006	0.01198	0.00751	0.00763	0.01482	0.02201	0.03085	0.60638	0.06154	0.10799	0.01668	0.00942	0.00256	0.00391	0.04077	0.00859	0.00743
8	0.02120	0.72609	0.04155	0.01357	0.02035	0.03138	0.01357	0.02374	0.01611	0.01866	0.01102	0.01272	0.01018	0.00678	0.00509	0.00170	0.00848	0.00424	0.00339	0.01018
9	0.06510	0.01765	0.01837	0.01610	0.02086	0.02028	0.01267	0.12397	0.53492	0.03562	0.02922	0.02717	0.02183	0.01039	0.00787	0.00263	0.00660	0.00844	0.00787	0.01245
10	0.00976	0.00808	0.00863	0.00895	0.01139	0.00694	0.00685	0.01191	0.01790	0.02159	0.07370	0.12056	0.55950	0.02060	0.00959	0.00282	0.00441	0.08271	0.00736	0.00674
11	0.02962	0.03779	0.02247	0.02043	0.02451	0.68948	0.01532	0.03166	0.02247	0.01941	0.01226	0.01430	0.01021	0.00817	0.00715	0.00204	0.01430	0.00511	0.00409	0.00919
12	0.03558	0.01350	0.01840	0.01411	0.02024	0.01166	0.01166	0.03865	0.02270	0.67734	0.03128	0.02699	0.01963	0.00981	0.00797	0.00245	0.00675	0.00797	0.00981	0.01350
13	0.02218	0.01667	0.01785	0.01538	0.02002	0.01869	0.01216	0.15591	0.42084	0.07765	0.02889	0.02737	0.02138	0.01028	0.00774	0.00252	0.00648	0.00836	0.09744	0.01218
14	0.01153	0.00769	0.00865	0.00865	0.00865	0.00769	0.00480	0.01153	0.01153	0.01538	0.02499	0.05189	0.02883	0.72131	0.04036	0.00769	0.00769	0.01153	0.00480	0.00480
15	0.01876	0.02128	0.04617	0.03407	0.06835	0.02000	0.61664	0.02536	0.01869	0.02542	0.01599	0.02132	0.01205	0.00670	0.00929	0.00266	0.01320	0.00926	0.00401	0.01077
16	0.01644	0.01409	0.01644	0.01175	0.01879	0.01057	0.00940	0.01997	0.01644	0.02584	0.01409	0.01644	0.01175	0.00587	0.00587	0.00117	0.00587	0.00470	0.00470	0.76979
17	0.05524	0.14273	0.49308	0.02071	0.05075	0.01980	0.02449	0.02409	0.01659	0.02449	0.01692	0.01902	0.04320	0.00803	0.00713	0.00239	0.01047	0.00612	0.00366	0.01110
18	0.01963	0.01884	0.03219	0.04867	0.67185	0.01884	0.02434	0.02434	0.01806	0.02591	0.01492	0.01963	0.01256	0.00707	0.00785	0.00236	0.00942	0.00707	0.00393	0.01256
19	0.00950	0.00808	0.00822	0.00829	0.01093	0.00679	0.00628	0.01157	0.01808	0.02151	0.07886	0.07682	0.64467	0.02015	0.00943	0.00272	0.00414	0.03988	0.00736	0.00672
20	0.73631	0.01523	0.01203	0.01063	0.01561	0.01745	0.00876	0.02416	0.01400	0.07106	0.01216	0.01366	0.00920	0.00750	0.00508	0.00245	0.00617	0.00450	0.00518	0.00886
21	0.02850	0.03593	0.02264	0.02046	0.02418	0.62879	0.01551	0.03052	0.02153	0.01938	0.01209	0.01458	0.01023	0.00869	0.00887	0.00217	0.07748	0.00527	0.00403	0.00915
22	0.01644	0.01409	0.01644	0.01175	0.01879	0.01057	0.00940	0.01997	0.01644	0.02584	0.01409	0.01644	0.01175	0.00587	0.00587	0.00117	0.00587	0.00470	0.00470	0.76979
23	0.02905	0.03662	0.02189	0.01993	0.02393	0.66325	0.01495	0.03116	0.02225	0.01980	0.01278	0.01489	0.01060	0.00821	0.00709	0.00204	0.01389	0.00520	0.03336	0.00912
24	0.77733	0.01534	0.01166	0.01043	0.01534	0.01779	0.00859	0.02331	0.01350	0.03558	0.01104	0.01288	0.00859	0.00736	0.00491	0.00245	0.00613	0.00429	0.00491	0.00859
25	0.00966	0.00690	0.00920	0.01104	0.01150	0.00644	0.00736	0.01104	0.01518	0.02024	0.04371	0.71614	0.05245	0.02484	0.01012	0.00322	0.00460	0.02254	0.00736	0.00644
26	0.01872	0.02139	0.04679	0.03342	0.04144	0.02005	0.64305	0.02540	0.01872	0.02540	0.01604	0.02139	0.01203	0.00668	0.00936	0.00267	0.01337	0.00936	0.00401	0.01070
27	0.00937	0.00803	0.00803	0.00803	0.01071	0.00669	0.00602	0.01138	0.01807	0.02142	0.08033	0.07632	0.66863	0.02008	0.00937	0.00268	0.00402	0.01674	0.00736	0.00669
28	0.01972	0.01703	0.01793	0.01614	0.02062	0.01972	0.01255	0.04214	0.65752	0.03317	0.03228	0.02959	0.02421	0.01076	0.00807	0.00269	0.00628	0.00897	0.00807	0.01255
29	0.01135	0.00842	0.01236	0.01236	0.01364	0.00970	0.00943	0.01391	0.01263	0.01812	0.02159	0.03310	0.02067	0.12156	0.62896	0.01227	0.01997	0.00878	0.00430	0.00687
30	0.00988	0.00730	0.00978	0.04176	0.01338	0.00696	0.00793	0.01148	0.01541	0.02032	0.04483	0.64224	0.09180	0.02377	0.00997	0.00316	0.00483	0.02146	0.00719	0.00656
31	0.01939	0.01860	0.03176	0.08201	0.64037	0.01878	0.02422	0.02413	0.01794	0.02562	0.01487	0.01970	0.01246	0.00711	0.00785	0.00237	0.00948	0.00706	0.00390	0.01237
32	0.02093	0.69124	0.07404	0.01403	0.02106	0.03072	0.01437	0.02381	0.01614	0.01899	0.01119	0.01293	0.01017	0.00682	0.00521	0.00174	0.00865	0.00432	0.00339	0.01025
33	0.01444	0.01336	0.01396	0.01362	0.01534	0.12437	0.01030	0.01684	0.01426	0.01826	0.02011	0.03045	0.01913	0.11901	0.50774	0.01042	0.01867	0.00824	0.00428	0.00720
34	0.02590	0.02063	0.02028	0.01624	0.02155	0.08382	0.01314	0.45219	0.03171	0.04135	0.02905	0.02873	0.12405	0.01116	0.00799	0.00237	0.00823	0.00858	0.04135	0.01166
35	0.01972	0.01703	0.01793	0.01614	0.02062	0.01972	0.01255	0.04214	0.65752	0.03317	0.03228	0.02959	0.02421	0.01076	0.00807	0.00269	0.00628	0.00897	0.00807	0.01255
36	0.01498	0.01409	0.02378	0.70226	0.05462	0.01762	0.02202	0.02026	0.01586	0.02026	0.01409	0.02114	0.01057	0.00793	0.00793	0.00264	0.01057	0.00705	0.00352	0.00881
37	0.02965	0.03689	0.02255	0.02030	0.02452	0.65092	0.01531	0.06726	0.02333	0.02118	0.01265	0.01458	0.01040	0.00825	0.00720	0.00206	0.01398	0.00523	0.00431	0.00944
38	0.00957	0.00808	0.00830	0.00835	0.01096	0.00681	0.00633	0.01170	0.01824	0.02189	0.10082	0.07616	0.62352	0.02001	0.00943	0.00271	0.00413	0.03883	0.00741	0.00675
39	0.01153	0.00769	0.00865	0.00865	0.00865	0.00769	0.00480	0.01153	0.01153	0.01538	0.02499	0.05189	0.02883	0.72131	0.04036	0.00769	0.00769	0.01153	0.00480	0.00480
40	0.01046	0.00768	0.00981	0.01012	0.01159	0.00703	0.00727	0.01318	0.01942	0.02657	0.38229	0.28871	0.13716	0.01966	0.00962	0.00277	0.00407	0.01746	0.00809	0.00703
41	0.01167	0.00895	0.01320	0.01301	0.01429	0.01061	0.01010	0.01432	0.01266	0.01831	0.02080	0.03129	0.01970	0.08575	0.62492	0.01201	0.05856	0.00854	0.00423	0.00707
42	0.01793	0.01833	0.02420	0.02080	0.02100	0.05605	0.01725	0.01968	0.01264	0.01910	0.01050	0.01720	0.01040	0.01361	0.02512	0.00340	0.67374	0.00685	0.00350	0.00870
43	0.01855	0.38325	0.36117	0.01809	0.02734	0.02489	0.02144	0.02443	0.01643	0.02189	0.01263	0.01473	0.01011	0.00716	0.00631	0.00210	0.01010	0.00505	0.00337	0.01095
44	0.02997	0.02746	0.02335	0.01898	0.02457	0.24850	0.01516	0.43872	0.03230	0.03968	0.01675	0.01744	0.01238	0.00907	0.00767	0.00227	0.01060	0.00646	0.00664	0.01204

[dist]
# distance from previous block
# <min> <max>
0	56

[block]
# block no. 5 follows, 24 sequences, length 89
# corresponding to MSA columns:
# 394-482
name=unknown_F
#
# <colnr> <probs for GDERKNQSTAVLIFYWHMCP>
#	G	D	E	R	K	N	Q	S	T	A	V	L	I	F	Y	W	H	M	C	P
0	0.51591	0.01774	0.01590	0.01316	0.01857	0.02017	0.01086	0.24097	0.02182	0.04062	0.01384	0.01504	0.01030	0.00812	0.00597	0.00243	0.00704	0.00529	0.00597	0.01030
1	0.01935	0.01856	0.03170	0.08681	0.63583	0.01877	0.02420	0.02410	0.01793	0.02558	0.01487	0.01971	0.01244	0.00712	0.00786	0.00237	0.00949	0.00706	0.00390	0.01234
2	0.01581	0.03710	0.58918	0.02127	0.03182	0.01771	0.02664	0.02548	0.05846	0.02612	0.06258	0.02064	0.01564	0.00837	0.00770	0.00252	0.01079	0.00667	0.00404	0.01147
3	0.00944	0.00804	0.00813	0.00811	0.01075	0.00672	0.00608	0.01151	0.01824	0.02181	0.10238	0.07567	0.64634	0.01994	0.00937	0.00267	0.00401	0.01665	0.00742	0.00672
4	0.01122	0.00811	0.01060	0.00998	0.01185	0.00748	0.00748	0.01496	0.02245	0.03180	0.66766	0.05923	0.07482	0.01621	0.00935	0.00249	0.00374	0.01434	0.00873	0.00748
5	0.02062	0.68419	0.03975	0.01336	0.01986	0.02998	0.01321	0.02323	0.01648	0.01942	0.04934	0.01543	0.01395	0.00733	0.00534	0.00174	0.00820	0.00483	0.00370	0.01002
6	0.01377	0.00689	0.01033	0.01033	0.01033	0.00689	0.00689	0.01033	0.01033	0.01377	0.01377	0.02410	0.01377	0.02755	0.03099	0.76928	0.00689	0.00689	0.00344	0.00344
7	0.01139	0.00772	0.00908	0.00920	0.00937	0.00782	0.00547	0.01176	0.01188	0.01598	0.02583	0.09270	0.02948	0.61216	0.10147	0.00789	0.00880	0.01195	0.00492	0.00513
8	0.02962	0.03779	0.02247	0.02043	0.02451	0.68948	0.01532	0.03166	0.02247	0.01941	0.01226	0.01430	0.01021	0.00817	0.00715	0.00204	0.01430	0.00511	0.00409	0.00919
9	0.02960	0.02078	0.02249	0.01735	0.02342	0.02275	0.01430	0.56971	0.03514	0.08923	0.02023	0.02017	0.01428	0.00952	0.00780	0.00235	0.00830	0.00721	0.05225	0.01313
10	0.00947	0.00804	0.00817	0.00814	0.01077	0.00674	0.00610	0.01157	0.01831	0.02198	0.11168	0.07540	0.63693	0.01988	0.00937	0.00267	0.00400	0.01661	0.00744	0.00674
11	0.01498	0.01409	0.02378	0.70226	0.05462	0.01762	0.02202	0.02026	0.01586	0.02026	0.01409	0.02114	0.01057	0.00793	0.00793	0.00264	0.01057	0.00705	0.00352	0.00881
12	0.03419	0.01321	0.01808	0.01403	0.01990	0.01156	0.01156	0.03725	0.02213	0.63971	0.03071	0.02723	0.01964	0.01265	0.04692	0.00304	0.00758	0.00800	0.00950	0.01313
13	0.01399	0.00919	0.01169	0.01068	0.01315	0.00863	0.00814	0.01879	0.06321	0.09239	0.53976	0.05506	0.09348	0.01543	0.00914	0.00251	0.00420	0.01350	0.00873	0.00834
14	0.01872	0.02139	0.04679	0.03342	0.04144	0.02005	0.64305	0.02540	0.01872	0.02540	0.01604	0.02139	0.01203	0.00668	0.00936	0.00267	0.01337	0.00936	0.00401	0.01070
15	0.00999	0.00704	0.00910	0.01062	0.01100	0.00666	0.00691	0.01113	0.01454	0.01939	0.04043	0.59993	0.04832	0.14669	0.01541	0.00400	0.00514	0.02062	0.00691	0.00615
16	0.01789	0.01835	0.02513	0.04745	0.02316	0.05492	0.04378	0.01998	0.01305	0.01941	0.01087	0.01752	0.01047	0.01308	0.02375	0.00334	0.61857	0.00696	0.00352	0.00879
17	0.01268	0.01065	0.01389	0.04544	0.01672	0.05408	0.01083	0.01557	0.01352	0.01856	0.02033	0.02960	0.01877	0.05376	0.61403	0.01158	0.02029	0.00821	0.00420	0.00730
18	0.00995	0.00711	0.00953	0.01137	0.01196	0.00669	0.00786	0.01154	0.01547	0.02056	0.04355	0.65835	0.05182	0.02457	0.01020	0.00326	0.00485	0.07749	0.00736	0.00652
19	0.01974	0.01903	0.03301	0.07345	0.55605	0.01914	0.08748	0.04827	0.01877	0.02655	0.01516	0.01985	0.01246	0.00716	0.00801	0.00240	0.00985	0.00730	0.00407	0.01225
20	0.01122	0.00811	0.01060	0.00998	0.01185	0.00748	0.00748	0.01496	0.02245	0.03180	0.66766	0.05923	0.07482	0.01621	0.00935	0.00249	0.00374	0.01434	0.00873	0.00748
21	0.03558	0.01350	0.01840	0.01411	0.02024	0.01166	0.01166	0.03865	0.02270	0.67734	0.03128	0.02699	0.01963	0.00981	0.00797	0.00245	0.00675	0.00797	0.00981	0.01350
22	0.01153	0.00769	0.00865	0.00865	0.00865	0.00769	0.00480	0.01153	0.01153	0.01538	0.02499	0.05189	0.02883	0.72131	0.04036	0.00769	0.00769	0.01153	0.00480	0.00480
23	0.01644	0.01409	0.01644	0.01175	0.01879	0.01057	0.00940	0.01997	0.01644	0.02584	0.01409	0.01644	0.01175	0.00587	0.00587	0.00117	0.00587	0.00470	0.00470	0.76979
24	0.70673	0.01467	0.01156	0.01039	0.01501	0.01684	0.00849	0.02254	0.01432	0.03523	0.07155	0.01715	0.01469	0.00818	0.00532	0.00246	0.00591	0.00522	0.00526	0.00849
25	0.03527	0.01399	0.01871	0.01434	0.02049	0.01239	0.01185	0.07330	0.02353	0.64151	0.03059	0.02654	0.01928	0.00980	0.00797	0.00245	0.00686	0.00793	0.00971	0.01349
26	0.02335	0.01956	0.01993	0.01698	0.02201	0.05181	0.01345	0.22541	0.43958	0.03766	0.02733	0.02567	0.02030	0.01026	0.00799	0.00257	0.00739	0.00823	0.00785	0.01268
27	0.02155	0.67114	0.06619	0.01395	0.02091	0.03010	0.01412	0.02438	0.01639	0.04439	0.01194	0.01343	0.01054	0.00693	0.00530	0.00176	0.00854	0.00445	0.00364	0.01037
28	0.02922	0.01312	0.01694	0.01372	0.01891	0.01213	0.01107	0.03512	0.11710	0.47800	0.08419	0.05941	0.05143	0.01147	0.00824	0.00253	0.00625	0.00955	0.00927	0.01233
