[name]
unknown

[dist]
# distance from previous block
# <min> <max>
7	48

[block]
# block no. 0 follows, 22 sequences, length 94
# corresponding to MSA columns:
# 52-145
name=unknown_A
#
# <colnr> <probs for GDERKNQSTAVLIFYWHMCP>
#	G	D	E	R	K	N	Q	S	T	A	V	L	I	F	Y	W	H	M	C	P
0	0.07622	0.53540	0.06465	0.01505	0.02195	0.08644	0.01459	0.02654	0.01770	0.05857	0.01304	0.01453	0.01112	0.00750	0.00579	0.00195	0.00928	0.00483	0.00412	0.01072
1	0.02947	0.12509	0.02432	0.01651	0.02255	0.05883	0.01372	0.16388	0.17181	0.24847	0.02589	0.02409	0.01824	0.00986	0.00786	0.00247	0.00813	0.00764	0.00805	0.01311
2	0.04618	0.00864	0.00940	0.05620	0.01354	0.00907	0.00737	0.01948	0.01704	0.02999	0.02536	0.02971	0.02004	0.01199	0.03762	0.00256	0.00535	0.00764	0.63491	0.00788
3	0.73521	0.01637	0.01276	0.01128	0.01648	0.01894	0.00929	0.05032	0.01521	0.03792	0.01193	0.01377	0.00922	0.00781	0.00528	0.00257	0.00654	0.00463	0.00528	0.00922
4	0.01005	0.00751	0.00935	0.01081	0.01185	0.00681	0.00738	0.01165	0.01663	0.02150	0.05497	0.55363	0.19801	0.02483	0.01042	0.00324	0.00467	0.02216	0.00771	0.00681
5	0.03727	0.01414	0.01928	0.01478	0.02121	0.01221	0.01221	0.04049	0.02378	0.66198	0.03277	0.02828	0.02056	0.01028	0.00835	0.00257	0.00707	0.00835	0.01028	0.01414
6	0.02157	0.01588	0.02385	0.07874	0.27267	0.01582	0.01767	0.02808	0.09046	0.14460	0.11005	0.03180	0.02614	0.01032	0.00851	0.00255	0.00795	0.03273	0.00659	0.05403
7	0.08981	0.02167	0.02275	0.01803	0.02420	0.02423	0.01474	0.47084	0.14848	0.04786	0.02183	0.02146	0.01579	0.01003	0.00808	0.00256	0.00844	0.00759	0.00808	0.01353
8	0.01569	0.01477	0.02492	0.68808	0.05722	0.01846	0.02307	0.02123	0.01661	0.02123	0.01477	0.02215	0.01107	0.00831	0.00831	0.00277	0.01107	0.00738	0.00369	0.00923
9	0.03158	0.02327	0.02493	0.01911	0.02576	0.02576	0.01579	0.62852	0.03906	0.05236	0.01995	0.01995	0.01413	0.00997	0.00831	0.00249	0.00914	0.00748	0.00831	0.01413
10	0.01592	0.01500	0.02533	0.65793	0.08556	0.01852	0.02319	0.02143	0.01672	0.02151	0.01481	0.02207	0.01117	0.00826	0.00830	0.00275	0.01102	0.00738	0.00371	0.00941
11	0.01569	0.01477	0.02492	0.68808	0.05722	0.01846	0.02307	0.02123	0.01661	0.02123	0.01477	0.02215	0.01107	0.00831	0.00831	0.00277	0.01107	0.00738	0.00369	0.00923
12	0.01679	0.04210	0.63895	0.02416	0.03627	0.01937	0.05587	0.02632	0.01763	0.02632	0.01499	0.01775	0.01061	0.00786	0.00797	0.00264	0.01235	0.00629	0.00354	0.01223
13	0.02001	0.01917	0.03272	0.12322	0.58831	0.01959	0.02522	0.02501	0.01865	0.02647	0.01553	0.02074	0.01292	0.00750	0.00823	0.00250	0.01001	0.00740	0.00406	0.01271
14	0.01812	0.01725	0.02931	0.37000	0.35628	0.01910	0.02428	0.02336	0.01776	0.02418	0.01520	0.02136	0.01212	0.00785	0.00827	0.00262	0.01047	0.00739	0.00390	0.01119
15	0.01821	0.07818	0.59191	0.02262	0.03426	0.01962	0.02867	0.02708	0.01788	0.06416	0.01580	0.01795	0.01113	0.00799	0.00778	0.00258	0.01178	0.00618	0.00392	0.01230
16	0.02056	0.01974	0.03372	0.05099	0.65622	0.01974	0.02550	0.02550	0.01892	0.02714	0.01563	0.02056	0.01316	0.00740	0.00822	0.00247	0.00987	0.00740	0.00411	0.01316
17	0.01696	0.01116	0.01373	0.01221	0.01521	0.01101	0.00936	0.05872	0.10060	0.10521	0.44133	0.05153	0.05941	0.04348	0.01071	0.00285	0.00509	0.01299	0.00897	0.00947
18	0.76672	0.01607	0.01221	0.01092	0.01607	0.01864	0.00900	0.02442	0.01414	0.03727	0.01157	0.01350	0.00900	0.00771	0.00514	0.00257	0.00643	0.00450	0.00514	0.00900
19	0.01569	0.01477	0.02492	0.68808	0.05722	0.01846	0.02307	0.02123	0.01661	0.02123	0.01477	0.02215	0.01107	0.00831	0.00831	0.00277	0.01107	0.00738	0.00369	0.00923
20	0.01992	0.01892	0.03213	0.07562	0.59263	0.01907	0.02467	0.02482	0.01883	0.02675	0.01730	0.02503	0.01515	0.00837	0.00842	0.00256	0.00979	0.04305	0.00431	0.01266
21	0.03227	0.02289	0.02415	0.01868	0.02519	0.05476	0.01535	0.52639	0.03640	0.12752	0.02122	0.02076	0.01478	0.00994	0.00828	0.00249	0.00916	0.00749	0.00837	0.01392
22	0.03727	0.01414	0.01928	0.01478	0.02121	0.01221	0.01221	0.04049	0.02378	0.66198	0.03277	0.02828	0.02056	0.01028	0.00835	0.00257	0.00707	0.00835	0.01028	0.01414
23	0.01012	0.00723	0.00964	0.01157	0.01205	0.00675	0.00771	0.01157	0.01591	0.02121	0.04579	0.70262	0.05495	0.02603	0.01060	0.00337	0.00482	0.02362	0.00771	0.00675
24	0.01700	0.08326	0.62763	0.02311	0.03508	0.02011	0.02970	0.02622	0.01750	0.02590	0.01471	0.01729	0.01053	0.00785	0.00774	0.00258	0.01207	0.00604	0.00351	0.01218
25	0.01917	0.02150	0.04650	0.03362	0.04157	0.02020	0.58277	0.02595	0.01957	0.02649	0.01873	0.02745	0.01509	0.00813	0.00992	0.00287	0.01356	0.05152	0.00445	0.01095
26	0.01022	0.00738	0.00968	0.01132	0.01203	0.00684	0.00765	0.01188	0.01660	0.02213	0.09060	0.62487	0.08781	0.02513	0.01051	0.00329	0.00472	0.02269	0.00781	0.00684
27	0.02022	0.01939	0.03310	0.09600	0.61391	0.01965	0.02532	0.02519	0.01875	0.02672	0.01557	0.02067	0.01301	0.00747	0.00823	0.00249	0.00995	0.00740	0.00408	0.01288
28	0.01879	0.01793	0.03051	0.28304	0.43805	0.01927	0.02461	0.02394	0.01808	0.02499	0.01531	0.02114	0.01240	0.00773	0.00825	0.00258	0.01031	0.00739	0.00396	0.01173
29	0.03727	0.01414	0.01928	0.01478	0.02121	0.01221	0.01221	0.04049	0.02378	0.66198	0.03277	0.02828	0.02056	0.01028	0.00835	0.00257	0.00707	0.00835	0.01028	0.01414
30	0.02017	0.01918	0.03260	0.04902	0.62099	0.01918	0.02483	0.02504	0.01893	0.02701	0.01719	0.02459	0.01507	0.00826	0.00840	0.00254	0.00975	0.04009	0.00431	0.01286
31	0.01784	0.01629	0.02704	0.13829	0.40343	0.01682	0.02177	0.02246	0.01845	0.02548	0.02277	0.07110	0.02199	0.01164	0.00901	0.00283	0.00934	0.12740	0.00495	0.01112
32	0.76672	0.01607	0.01221	0.01092	0.01607	0.01864	0.00900	0.02442	0.01414	0.03727	0.01157	0.01350	0.00900	0.00771	0.00514	0.00257	0.00643	0.00450	0.00514	0.00900
33	0.01682	0.04190	0.63285	0.02427	0.03634	0.01938	0.06177	0.02632	0.01765	0.02632	0.01501	0.01779	0.01063	0.00785	0.00799	0.00264	0.01237	0.00633	0.00354	0.01222
34	0.02056	0.01974	0.03372	0.05099	0.65622	0.01974	0.02550	0.02550	0.01892	0.02714	0.01563	0.02056	0.01316	0.00740	0.00822	0.00247	0.00987	0.00740	0.00411	0.01316
35	0.01072	0.00837	0.00972	0.00956	0.01182	0.00737	0.00710	0.01360	0.02080	0.02729	0.33899	0.11582	0.35000	0.01955	0.00986	0.00276	0.00412	0.01682	0.00836	0.00737
36	0.02056	0.01974	0.03372	0.05099	0.65622	0.01974	0.02550	0.02550	0.01892	0.02714	0.01563	0.02056	0.01316	0.00740	0.00822	0.00247	0.00987	0.00740	0.00411	0.01316
37	0.01187	0.00890	0.01335	0.01335	0.01483	0.01038	0.01038	0.01483	0.01335	0.01928	0.02225	0.03264	0.02077	0.06231	0.67512	0.01335	0.02225	0.00890	0.00445	0.00742
38	0.01690	0.04157	0.62704	0.02532	0.07325	0.01932	0.03038	0.02626	0.01762	0.02636	0.01495	0.01772	0.01068	0.00786	0.00791	0.00262	0.01213	0.00621	0.00354	0.01233
39	0.01167	0.00842	0.01102	0.01051	0.01239	0.00778	0.00783	0.01545	0.02309	0.03263	0.61775	0.09809	0.07707	0.01749	0.00984	0.00266	0.00397	0.01551	0.00906	0.00778
40	0.01734	0.10336	0.58116	0.02398	0.06106	0.02056	0.02896	0.02614	0.01754	0.02572	0.01463	0.01728	0.01065	0.00780	0.00767	0.00255	0.01186	0.00604	0.00354	0.01217
41	0.01772	0.15022	0.53880	0.02327	0.05899	0.02150	0.02782	0.02604	0.01749	0.02525	0.01440	0.01698	0.01065	0.00775	0.00749	0.00249	0.01163	0.00592	0.00354	0.01205
42	0.01120	0.00791	0.00931	0.01010	0.01106	0.00745	0.00677	0.01258	0.01554	0.02054	0.04603	0.28801	0.16702	0.24879	0.02067	0.00475	0.00587	0.05126	0.04881	0.00635
43	0.02231	0.02177	0.09395	0.01811	0.02405	0.02149	0.01567	0.15477	0.45372	0.03718	0.02897	0.02732	0.02150	0.01063	0.00836	0.00273	0.00772	0.00865	0.00786	0.01324
44	0.03031	0.02333	0.02416	0.01889	0.02492	0.06150	0.01549	0.54369	0.03616	0.04828	0.01945	0.02005	0.01409	0.01008	0.00897	0.00250	0.03856	0.00736	0.03881	0.01339
45	0.01167	0.00849	0.01098	0.01036	0.01236	0.00780	0.00777	0.01551	0.02331	0.03282	0.62606	0.06287	0.10447	0.01717	0.00980	0.00262	0.00393	0.01514	0.00908	0.00780
46	0.01187	0.00890	0.01335	0.01335	0.01483	0.01038	0.01038	0.01483	0.01335	0.01928	0.02225	0.03264	0.02077	0.06231	0.67512	0.01335	0.02225	0.00890	0.00445	0.00742
47	0.01731	0.12074	0.59287	0.02258	0.03426	0.02087	0.02878	0.02614	0.01746	0.02552	0.01452	0.01705	0.01054	0.00780	0.00760	0.00253	0.01188	0.00594	0.00351	0.01209
48	0.01632	0.04054	0.61881	0.02274	0.03429	0.01848	0.02908	0.02556	0.01796	0.02680	0.05990	0.02068	0.01532	0.00853	0.00803	0.00263	0.01169	0.00677	0.00391	0.01196
49	0.01169	0.00844	0.01104	0.01050	0.01240	0.00779	0.00783	0.01551	0.02320	0.03282	0.62703	0.08828	0.07743	0.01735	0.00983	0.00264	0.00396	0.01538	0.00909	0.00779
50	0.02221	0.71304	0.04353	0.01421	0.02132	0.03287	0.01421	0.02488	0.01688	0.01955	0.01155	0.01333	0.01066	0.00711	0.00533	0.00178	0.00888	0.00444	0.00355	0.01066
51	0.01666	0.04297	0.66500	0.02368	0.03596	0.01929	0.03069	0.02631	0.01754	0.02631	0.01491	0.01754	0.01052	0.00789	0.00789	0.00263	0.01228	0.00614	0.00351	0.01228
52	0.01898	0.15487	0.47988	0.02233	0.03313	0.02134	0.06762	0.02688	0.01792	0.06092	0.01547	0.01775	0.01125	0.00783	0.00761	0.00249	0.01152	0.00622	0.00394	0.01203
53	0.01936	0.02413	0.10058	0.03407	0.04279	0.02086	0.57622	0.02659	0.01943	0.02659	0.01665	0.02200	0.01243	0.00708	0.00964	0.00279	0.01386	0.00950	0.00414	0.01129
54	0.01187	0.00890	0.01335	0.01335	0.01483	0.01038	0.01038	0.01483	0.01335	0.01928	0.02225	0.03264	0.02077	0.06231	0.67512	0.01335	0.02225	0.00890	0.00445	0.00742
55	0.03158	0.02327	0.02493	0.01911	0.02576	0.02576	0.01579	0.62852	0.03906	0.05236	0.01995	0.01995	0.01413	0.00997	0.00831	0.00249	0.00914	0.00748	0.00831	0.01413
56	0.01859	0.01773	0.03017	0.30816	0.41442	0.01922	0.02452	0.02377	0.01799	0.02475	0.01528	0.02120	0.01232	0.00777	0.00826	0.00259	0.01036	0.00739	0.00394	0.01157
57	0.01240	0.00906	0.01212	0.01376	0.01559	0.00878	0.01154	0.01563	0.01863	0.02398	0.05007	0.18002	0.13653	0.02312	0.01111	0.00361	0.00674	0.43222	0.00767	0.00743
58	0.01176	0.00849	0.01110	0.01045	0.01241	0.00784	0.00784	0.01568	0.02352	0.03331	0.65184	0.06206	0.07839	0.01698	0.00980	0.00261	0.00392	0.01502	0.00914	0.00784
59	0.01629	0.01593	0.02860	0.58821	0.05511	0.01885	0.11528	0.02205	0.01707	0.02205	0.01508	0.02219	0.01131	0.00811	0.00853	0.00277	0.01152	0.00775	0.00377	0.00953
60	0.01805	0.21065	0.50948	0.02131	0.03229	0.02269	0.02657	0.02595	0.01737	0.02462	0.01407	0.01648	0.01056	0.00770	0.00725	0.00242	0.01143	0.00571	0.00352	0.01187
61	0.01569	0.01477	0.02492	0.68808	0.05722	0.01846	0.02307	0.02123	0.01661	0.02123	0.01477	0.02215	0.01107	0.00831	0.00831	0.00277	0.01107	0.00738	0.00369	0.00923
62	0.01939	0.02199	0.04769	0.07102	0.04418	0.02087	0.59280	0.02631	0.01944	0.02631	0.01669	0.02239	0.01252	0.00707	0.00972	0.00280	0.01384	0.00967	0.00417	0.01110
63	0.01922	0.35176	0.37861	0.01932	0.02921	0.02555	0.02310	0.02565	0.01724	0.02319	0.01336	0.01560	0.01059	0.00753	0.00671	0.00224	0.01071	0.00536	0.00353	0.01153
64	0.02221	0.71304	0.04353	0.01421	0.02132	0.03287	0.01421	0.02488	0.01688	0.01955	0.01155	0.01333	0.01066	0.00711	0.00533	0.00178	0.00888	0.00444	0.00355	0.01066
65	0.02221	0.71304	0.04353	0.01421	0.02132	0.03287	0.01421	0.02488	0.01688	0.01955	0.01155	0.01333	0.01066	0.00711	0.00533	0.00178	0.00888	0.00444	0.00355	0.01066
66	0.01443	0.00722	0.01082	0.01082	0.01082	0.00722	0.00722	0.01082	0.01082	0.01443	0.01443	0.02525	0.01443	0.02886	0.03247	0.75830	0.00722	0.00722	0.00361	0.00361
67	0.00982	0.00842	0.00842	0.00842	0.01122	0.00701	0.00631	0.01192	0.01894	0.02244	0.08416	0.07995	0.65285	0.02104	0.00982	0.00281	0.00421	0.01753	0.00771	0.00701
68	0.01005	0.00842	0.00873	0.00866	0.01136	0.00711	0.00649	0.01237	0.01948	0.02373	0.15135	0.07783	0.58485	0.02056	0.00982	0.00278	0.00417	0.01724	0.00788	0.00711
69	0.02221	0.71304	0.04353	0.01421	0.02132	0.03287	0.01421	0.02488	0.01688	0.01955	0.01155	0.01333	0.01066	0.00711	0.00533	0.00178	0.00888	0.00444	0.00355	0.01066
70	0.02221	0.71304	0.04353	0.01421	0.02132	0.03287	0.01421	0.02488	0.01688	0.01955	0.01155	0.01333	0.01066	0.00711	0.00533	0.00178	0.00888	0.00444	0.00355	0.01066
71	0.02221	0.71304	0.04353	0.01421	0.02132	0.03287	0.01421	0.02488	0.01688	0.01955	0.01155	0.01333	0.01066	0.00711	0.00533	0.00178	0.00888	0.00444	0.00355	0.01066
72	0.76672	0.01607	0.01221	0.01092	0.01607	0.01864	0.00900	0.02442	0.01414	0.03727	0.01157	0.01350	0.00900	0.00771	0.00514	0.00257	0.00643	0.00450	0.00514	0.00900
73	0.01963	0.01578	0.01699	0.01545	0.01981	0.01754	0.01210	0.03768	0.47888	0.06892	0.04172	0.04155	0.11849	0.01330	0.00882	0.00286	0.00632	0.04377	0.00841	0.01200
74	0.76672	0.01607	0.01221	0.01092	0.01607	0.01864	0.00900	0.02442	0.01414	0.03727	0.01157	0.01350	0.00900	0.00771	0.00514	0.00257	0.00643	0.00450	0.00514	0.00900
75	0.01187	0.00890	0.01335	0.01335	0.01483	0.01038	0.01038	0.01483	0.01335	0.01928	0.02225	0.03264	0.02077	0.06231	0.67512	0.01335	0.02225	0.00890	0.00445	0.00742
76	0.01222	0.00898	0.01151	0.01079	0.01289	0.00851	0.00812	0.01716	0.05575	0.03339	0.61958	0.06043	0.07562	0.01669	0.00973	0.00262	0.00406	0.01473	0.00911	0.00812
77	0.01666	0.04297	0.66500	0.02368	0.03596	0.01929	0.03069	0.02631	0.01754	0.02631	0.01491	0.01754	0.01052	0.00789	0.00789	0.00263	0.01228	0.00614	0.00351	0.01228
78	0.02221	0.71304	0.04353	0.01421	0.02132	0.03287	0.01421	0.02488	0.01688	0.01955	0.01155	0.01333	0.01066	0.00711	0.00533	0.00178	0.00888	0.00444	0.00355	0.01066
79	0.76672	0.01607	0.01221	0.01092	0.01607	0.01864	0.00900	0.02442	0.01414	0.03727	0.01157	0.01350	0.00900	0.00771	0.00514	0.00257	0.00643	0.00450	0.00514	0.00900
80	0.01569	0.01477	0.02492	0.68808	0.05722	0.01846	0.02307	0.02123	0.01661	0.02123	0.01477	0.02215	0.01107	0.00831	0.00831	0.00277	0.01107	0.00738	0.00369	0.00923
81	0.01666	0.04297	0.66500	0.02368	0.03596	0.01929	0.03069	0.02631	0.01754	0.02631	0.01491	0.01754	0.01052	0.00789	0.00789	0.00263	0.01228	0.00614	0.00351	0.01228
82	0.00982	0.00842	0.00842	0.00842	0.01122	0.00701	0.00631	0.01192	0.01894	0.02244	0.08416	0.07995	0.65285	0.02104	0.00982	0.00281	0.00421	0.01753	0.00771	0.00701
83	0.01208	0.00805	0.00906	0.00906	0.00906	0.00805	0.00503	0.01208	0.01208	0.01611	0.02618	0.05436	0.03020	0.70804	0.04228	0.00805	0.00805	0.01208	0.00503	0.00503
84	0.02221	0.71304	0.04353	0.01421	0.02132	0.03287	0.01421	0.02488	0.01688	0.01955	0.01155	0.01333	0.01066	0.00711	0.00533	0.00178	0.00888	0.00444	0.00355	0.01066
85	0.01926	0.35692	0.37383	0.01924	0.02910	0.02565	0.02297	0.02564	0.01723	0.02314	0.01333	0.01557	0.01059	0.00752	0.00669	0.00223	0.01069	0.00534	0.00353	0.01152
86	0.02142	0.61771	0.13195	0.01556	0.02340	0.03094	0.01656	0.02508	0.01697	0.02051	0.01203	0.01393	0.01064	0.00722	0.00570	0.00190	0.00937	0.00468	0.00355	0.01089
87	0.01012	0.00723	0.00964	0.01157	0.01205	0.00675	0.00771	0.01157	0.01591	0.02121	0.04579	0.70262	0.05495	0.02603	0.01060	0.00337	0.00482	0.02362	0.00771	0.00675
88	0.05146	0.32232	0.21963	0.02007	0.02820	0.02545	0.09781	0.02576	0.01728	0.04919	0.01401	0.01668	0.01122	0.00802	0.00839	0.00236	0.06104	0.00599	0.00397	0.01115
89	0.09609	0.57309	0.07648	0.01442	0.02140	0.02968	0.01452	0.02449	0.01650	0.02172	0.01221	0.01441	0.01091	0.00955	0.03379	0.00240	0.00941	0.00474	0.00375	0.01045
90	0.02282	0.61900	0.04050	0.01494	0.02169	0.08320	0.01430	0.02666	0.05377	0.02049	0.01295	0.01449	0.01152	0.00747	0.00568	0.00187	0.00923	0.00480	0.00390	0.01072
91	0.02112	0.05150	0.01559	0.01199	0.01590	0.01075	0.00959	0.02454	0.02277	0.25188	0.34096	0.04915	0.11135	0.01446	0.00903	0.00257	0.00534	0.01232	0.00908	0.01013
92	0.01440	0.01002	0.01256	0.01199	0.01433	0.00952	0.00885	0.07495	0.02180	0.05575	0.30010	0.29731	0.05725	0.01887	0.00970	0.00281	0.00502	0.01673	0.00833	0.04970
93	0.10447	0.10365	0.49335	0.02281	0.06711	0.02056	0.02628	0.02590	0.01716	0.02697	0.01423	0.01683	0.01051	0.00777	0.00734	0.00253	0.01113	0.00585	0.00374	0.01179

[dist]
# distance from previous block
# <min> <max>
1	3

[block]
# block no. 1 follows, 22 sequences, length 9
# corresponding to MSA columns:
# 149-157
name=unknown_B
#
# <colnr> <probs for GDERKNQSTAVLIFYWHMCP>
#	G	D	E	R	K	N	Q	S	T	A	V	L	I	F	Y	W	H	M	C	P
0	0.13248	0.01825	0.02860	0.12388	0.45002	0.01900	0.02200	0.02561	0.01817	0.06231	0.01584	0.02012	0.01267	0.00772	0.00778	0.00253	0.00936	0.00702	0.00455	0.01209
1	0.55451	0.01754	0.01630	0.01760	0.11241	0.04560	0.01193	0.05381	0.01659	0.03549	0.01335	0.01574	0.01051	0.00790	0.00588	0.00250	0.00731	0.00526	0.03992	0.00983
2	0.02282	0.01865	0.03112	0.07761	0.53109	0.01855	0.02339	0.02752	0.01953	0.12182	0.01815	0.02179	0.01416	0.00788	0.00825	0.00250	0.00951	0.00754	0.00501	0.01311
3	0.27644	0.01683	0.02190	0.05313	0.02489	0.01705	0.10754	0.08099	0.02014	0.17932	0.03668	0.02111	0.01511	0.00853	0.00730	0.00247	0.00815	0.00698	0.00647	0.08899
4	0.48800	0.01818	0.01607	0.01356	0.01905	0.04306	0.01108	0.14032	0.05863	0.09845	0.01655	0.01723	0.01212	0.00863	0.00633	0.00256	0.00731	0.00575	0.00639	0.01072
5	0.09934	0.07350	0.02522	0.02279	0.14825	0.01724	0.04386	0.07027	0.02210	0.35781	0.02412	0.02336	0.01644	0.00904	0.00785	0.00249	0.00817	0.00750	0.00762	0.01304
6	0.09384	0.01748	0.02739	0.11571	0.40154	0.01782	0.02083	0.02656	0.01891	0.12219	0.02055	0.02370	0.04024	0.00854	0.00802	0.00254	0.00903	0.00768	0.00523	0.01218
7	0.64137	0.04940	0.01502	0.01191	0.01732	0.01962	0.00993	0.07448	0.01670	0.06355	0.01313	0.01463	0.00997	0.00797	0.00554	0.00253	0.00679	0.00490	0.00554	0.00971
8	0.24089	0.12035	0.02080	0.01394	0.01970	0.01931	0.01171	0.08406	0.10945	0.18091	0.05204	0.02256	0.01831	0.00932	0.00695	0.00242	0.00707	0.00689	0.00705	0.04628

[dist]
# distance from previous block
# <min> <max>
1	4

[block]
# block no. 2 follows, 22 sequences, length 24
# corresponding to MSA columns:
# 162-185
name=unknown_C
#
# <colnr> <probs for GDERKNQSTAVLIFYWHMCP>
#	G	D	E	R	K	N	Q	S	T	A	V	L	I	F	Y	W	H	M	C	P
0	0.04890	0.01940	0.03061	0.13365	0.49500	0.04418	0.02353	0.02591	0.01884	0.05787	0.01610	0.02068	0.01299	0.00772	0.00810	0.00250	0.00996	0.00726	0.00440	0.01238
1	0.02176	0.02201	0.03256	0.04761	0.58420	0.09455	0.02442	0.02637	0.01944	0.02636	0.01531	0.01992	0.01288	0.00753	0.00814	0.00243	0.01045	0.00717	0.00413	0.01276
2	0.02630	0.02872	0.02097	0.01860	0.02292	0.36789	0.01423	0.11375	0.13391	0.02925	0.11665	0.02577	0.02424	0.01054	0.00813	0.00238	0.01099	0.00785	0.00632	0.01058
3	0.02116	0.01243	0.01497	0.01327	0.01687	0.03189	0.01046	0.08300	0.02359	0.20447	0.24216	0.12467	0.08385	0.01599	0.00942	0.00278	0.00609	0.06405	0.00884	0.01005
4	0.02065	0.02034	0.03229	0.11230	0.56245	0.05555	0.02474	0.02550	0.01894	0.02618	0.01539	0.02041	0.01282	0.00755	0.00819	0.00248	0.01027	0.00729	0.00408	0.01258
5	0.02056	0.01974	0.03372	0.05099	0.65622	0.01974	0.02550	0.02550	0.01892	0.02714	0.01563	0.02056	0.01316	0.00740	0.00822	0.00247	0.00987	0.00740	0.00411	0.01316
6	0.02489	0.01490	0.01780	0.01421	0.01960	0.01409	0.01136	0.16129	0.04500	0.21297	0.09540	0.08949	0.02706	0.01150	0.00813	0.00232	0.00663	0.00955	0.04046	0.17336
7	0.02898	0.01509	0.01853	0.01471	0.02007	0.01464	0.01195	0.19073	0.02759	0.33407	0.16704	0.03568	0.05886	0.01213	0.00872	0.00257	0.00681	0.00998	0.00940	0.01245
8	0.01157	0.00843	0.01087	0.01037	0.01232	0.00774	0.00774	0.01526	0.02290	0.03211	0.59008	0.09100	0.11322	0.01763	0.00983	0.00266	0.00398	0.01555	0.00899	0.00774
9	0.03354	0.01809	0.02148	0.01669	0.02305	0.01834	0.01371	0.27416	0.08477	0.36426	0.02778	0.02521	0.01844	0.01025	0.00835	0.00256	0.00785	0.00810	0.00934	0.01405
10	0.02026	0.01943	0.03317	0.09075	0.61884	0.01966	0.02534	0.02523	0.01877	0.02677	0.01557	0.02066	0.01303	0.00746	0.00823	0.00249	0.00994	0.00740	0.00409	0.01291
11	0.01864	0.01561	0.01799	0.01298	0.02029	0.01253	0.01043	0.08094	0.01938	0.02957	0.01528	0.01750	0.01248	0.00653	0.00637	0.00136	0.00645	0.00517	0.00526	0.68527
12	0.03113	0.03665	0.02379	0.02099	0.02570	0.55751	0.01600	0.14068	0.02634	0.02611	0.01412	0.01588	0.01132	0.00882	0.00764	0.00220	0.01393	0.00573	0.00501	0.01044
13	0.02702	0.02183	0.02231	0.01831	0.02403	0.05577	0.01471	0.35646	0.28827	0.04346	0.02535	0.02429	0.01862	0.01044	0.00833	0.00261	0.00836	0.00817	0.00817	0.01350
14	0.00982	0.00842	0.00842	0.00842	0.01122	0.00701	0.00631	0.01192	0.01894	0.02244	0.08416	0.07995	0.65285	0.02104	0.00982	0.00281	0.00421	0.01753	0.00771	0.00701
15	0.02056	0.01974	0.03372	0.05099	0.65622	0.01974	0.02550	0.02550	0.01892	0.02714	0.01563	0.02056	0.01316	0.00740	0.00822	0.00247	0.00987	0.00740	0.00411	0.01316
16	0.03155	0.02427	0.02485	0.01925	0.02576	0.06548	0.01581	0.59208	0.03811	0.05040	0.01951	0.01964	0.01392	0.00989	0.00826	0.00247	0.00950	0.00735	0.00806	0.01385
17	0.01149	0.00821	0.01122	0.01314	0.01422	0.00793	0.01010	0.01394	0.01726	0.02274	0.04503	0.44661	0.05195	0.02473	0.01097	0.00356	0.00601	0.26608	0.00769	0.00713
18	0.01208	0.00805	0.00906	0.00906	0.00906	0.00805	0.00503	0.01208	0.01208	0.01611	0.02618	0.05436	0.03020	0.70804	0.04228	0.00805	0.00805	0.01208	0.00503	0.00503
19	0.01421	0.01096	0.01386	0.01558	0.01761	0.04050	0.01351	0.01795	0.01933	0.02465	0.04254	0.09005	0.04608	0.02228	0.01129	0.00375	0.00799	0.57263	0.00749	0.00774
20	0.03254	0.03270	0.02261	0.01971	0.02463	0.48328	0.01513	0.06647	0.02442	0.17410	0.01794	0.01840	0.01322	0.00904	0.00774	0.00226	0.01280	0.00618	0.00592	0.01094
21	0.03154	0.02460	0.02482	0.01930	0.02576	0.07885	0.01581	0.57982	0.03779	0.04974	0.01936	0.01954	0.01385	0.00986	0.00824	0.00246	0.00962	0.00731	0.00798	0.01376
22	0.03116	0.03572	0.02387	0.02086	0.02570	0.52090	0.01599	0.17427	0.02722	0.02792	0.01452	0.01616	0.01151	0.00890	0.00768	0.00222	0.01360	0.00586	0.00524	0.01070
23	0.01646	0.00957	0.01271	0.01151	0.01427	0.00873	0.00894	0.02024	0.02332	0.14636	0.50576	0.05774	0.06622	0.01611	0.00963	0.00267	0.00470	0.04684	0.00927	0.00897

[dist]
# distance from previous block
# <min> <max>
0	1

[block]
# block no. 3 follows, 22 sequences, length 28
# corresponding to MSA columns:
# 187-214
name=unknown_D
#
# <colnr> <probs for GDERKNQSTAVLIFYWHMCP>
#	G	D	E	R	K	N	Q	S	T	A	V	L	I	F	Y	W	H	M	C	P
0	0.01843	0.01756	0.02986	0.33023	0.39367	0.01918	0.02443	0.02362	0.01791	0.02455	0.01525	0.02126	0.01225	0.00780	0.00826	0.00260	0.01040	0.00739	0.00393	0.01144
1	0.01964	0.01536	0.01794	0.01298	0.02024	0.01225	0.01045	0.06762	0.01929	0.07132	0.01635	0.01817	0.01299	0.00671	0.00646	0.00141	0.00644	0.00534	0.00553	0.65350
2	0.03353	0.01400	0.01956	0.01706	0.06779	0.01235	0.01278	0.03694	0.02339	0.55311	0.09199	0.03100	0.02566	0.01072	0.00849	0.00257	0.00697	0.00893	0.00971	0.01345
3	0.01666	0.04297	0.66500	0.02368	0.03596	0.01929	0.03069	0.02631	0.01754	0.02631	0.01491	0.01754	0.01052	0.00789	0.00789	0.00263	0.01228	0.00614	0.00351	0.01228
4	0.02056	0.01974	0.03372	0.05099	0.65622	0.01974	0.02550	0.02550	0.01892	0.02714	0.01563	0.02056	0.01316	0.00740	0.00822	0.00247	0.00987	0.00740	0.00411	0.01316
5	0.02239	0.61032	0.04071	0.01533	0.02163	0.07128	0.01468	0.02495	0.01692	0.01963	0.01157	0.01386	0.01069	0.00786	0.00741	0.00196	0.07002	0.00475	0.00361	0.01046
6	0.01169	0.00847	0.01090	0.01030	0.01221	0.00781	0.00765	0.01535	0.02282	0.03208	0.59949	0.06251	0.10174	0.04720	0.01121	0.00286	0.00411	0.01501	0.00890	0.00768
7	0.02221	0.71304	0.04353	0.01421	0.02132	0.03287	0.01421	0.02488	0.01688	0.01955	0.01155	0.01333	0.01066	0.00711	0.00533	0.00178	0.00888	0.00444	0.00355	0.01066
8	0.01012	0.00723	0.00964	0.01157	0.01205	0.00675	0.00771	0.01157	0.01591	0.02121	0.04579	0.70262	0.05495	0.02603	0.01060	0.00337	0.00482	0.02362	0.00771	0.00675
9	0.03158	0.02327	0.02493	0.01911	0.02576	0.02576	0.01579	0.62852	0.03906	0.05236	0.01995	0.01995	0.01413	0.00997	0.00831	0.00249	0.00914	0.00748	0.00831	0.01413
10	0.02188	0.02042	0.03396	0.04552	0.52173	0.02062	0.07762	0.10215	0.02153	0.03029	0.01628	0.02065	0.01323	0.00769	0.00838	0.00250	0.01014	0.00763	0.00465	0.01311
11	0.02221	0.71304	0.04353	0.01421	0.02132	0.03287	0.01421	0.02488	0.01688	0.01955	0.01155	0.01333	0.01066	0.00711	0.00533	0.00178	0.00888	0.00444	0.00355	0.01066
12	0.02381	0.58607	0.07592	0.01483	0.02214	0.02947	0.01490	0.02694	0.01779	0.10149	0.01444	0.01546	0.01191	0.00756	0.00586	0.00193	0.00885	0.00504	0.00441	0.01119
13	0.01012	0.00723	0.00964	0.01157	0.01205	0.00675	0.00771	0.01157	0.01591	0.02121	0.04579	0.70262	0.05495	0.02603	0.01060	0.00337	0.00482	0.02362	0.00771	0.00675
14	0.01012	0.00723	0.00964	0.01157	0.01205	0.00675	0.00771	0.01157	0.01591	0.02121	0.04579	0.70262	0.05495	0.02603	0.01060	0.00337	0.00482	0.02362	0.00771	0.00675
15	0.76672	0.01607	0.01221	0.01092	0.01607	0.01864	0.00900	0.02442	0.01414	0.03727	0.01157	0.01350	0.00900	0.00771	0.00514	0.00257	0.00643	0.00450	0.00514	0.00900
16	0.02221	0.71304	0.04353	0.01421	0.02132	0.03287	0.01421	0.02488	0.01688	0.01955	0.01155	0.01333	0.01066	0.00711	0.00533	0.00178	0.00888	0.00444	0.00355	0.01066
17	0.00984	0.00833	0.00851	0.00865	0.01128	0.00699	0.00642	0.01190	0.01871	0.02235	0.08129	0.12647	0.60818	0.02141	0.00988	0.00285	0.00425	0.01799	0.00771	0.00699
18	0.01012	0.00723	0.00964	0.01157	0.01205	0.00675	0.00771	0.01157	0.01591	0.02121	0.04579	0.70262	0.05495	0.02603	0.01060	0.00337	0.00482	0.02362	0.00771	0.00675
19	0.01933	0.02338	0.08494	0.03344	0.04152	0.02120	0.54926	0.02615	0.01902	0.02615	0.01630	0.02183	0.01236	0.00756	0.01085	0.00285	0.05919	0.00941	0.00412	0.01113
20	0.02221	0.71304	0.04353	0.01421	0.02132	0.03287	0.01421	0.02488	0.01688	0.01955	0.01155	0.01333	0.01066	0.00711	0.00533	0.00178	0.00888	0.00444	0.00355	0.01066
21	0.01012	0.00723	0.00964	0.01157	0.01205	0.00675	0.00771	0.01157	0.01591	0.02121	0.04579	0.70262	0.05495	0.02603	0.01060	0.00337	0.00482	0.02362	0.00771	0.00675
22	0.01832	0.01856	0.02440	0.02117	0.02141	0.05598	0.01744	0.02013	0.01344	0.02008	0.01310	0.05925	0.01355	0.01494	0.02530	0.00355	0.61834	0.00816	0.00391	0.00897
23	0.03216	0.02352	0.02421	0.01881	0.02526	0.07395	0.01542	0.51849	0.03620	0.11674	0.02081	0.02048	0.01457	0.00990	0.00825	0.00247	0.00936	0.00741	0.00822	0.01378
24	0.05354	0.04165	0.63290	0.02305	0.03498	0.01926	0.02963	0.02622	0.01737	0.02685	0.01474	0.01734	0.01045	0.00788	0.00776	0.00263	0.01199	0.00606	0.00359	0.01212
25	0.02012	0.01929	0.03293	0.10804	0.60258	0.01962	0.02528	0.02511	0.01871	0.02661	0.01555	0.02070	0.01297	0.00748	0.00823	0.00249	0.00998	0.00740	0.00407	0.01281
26	0.01961	0.01608	0.01904	0.01577	0.05656	0.01405	0.01171	0.13759	0.02143	0.03147	0.01834	0.07374	0.01618	0.00858	0.00705	0.00172	0.00683	0.00708	0.00576	0.51143
27	0.02476	0.01645	0.01902	0.01511	0.02060	0.01639	0.01215	0.24625	0.06302	0.14588	0.13862	0.06026	0.02914	0.01143	0.00832	0.00236	0.00696	0.00939	0.00817	0.14573

[dist]
# distance from previous block
# <min> <max>
4	5

[block]
# block no. 4 follows, 22 sequences, length 26
# corresponding to MSA columns:
# 220-226,228-246
name=unknown_E
#
# <colnr> <probs for GDERKNQSTAVLIFYWHMCP>
#	G	D	E	R	K	N	Q	S	T	A	V	L	I	F	Y	W	H	M	C	P
0	0.01723	0.01477	0.01723	0.01230	0.01969	0.01107	0.00984	0.02092	0.01723	0.02707	0.01477	0.01723	0.01230	0.00615	0.00615	0.00123	0.00615	0.00492	0.00492	0.75883
1	0.01156	0.00840	0.01088	0.01044	0.01233	0.00772	0.00776	0.01522	0.02277	0.03197	0.58375	0.10827	0.10214	0.01780	0.00986	0.00268	0.00400	0.01574	0.00898	0.00772
2	0.01122	0.00847	0.01036	0.00989	0.01208	0.00761	0.00742	0.01464	0.02225	0.03031	0.49501	0.06700	0.23709	0.01810	0.00980	0.00267	0.00400	0.01572	0.00875	0.00761
3	0.02381	0.01831	0.01909	0.01679	0.02174	0.05100	0.01314	0.04303	0.51316	0.13374	0.03263	0.02979	0.02389	0.01098	0.00839	0.00275	0.00706	0.00903	0.00854	0.01314
4	0.01012	0.00723	0.00964	0.01157	0.01205	0.00675	0.00771	0.01157	0.01591	0.02121	0.04579	0.70262	0.05495	0.02603	0.01060	0.00337	0.00482	0.02362	0.00771	0.00675
5	0.01984	0.01900	0.03241	0.14575	0.56713	0.01955	0.02513	0.02486	0.01857	0.02626	0.01550	0.02080	0.01285	0.00754	0.00824	0.00251	0.01005	0.00740	0.00405	0.01257
6	0.02056	0.01974	0.03372	0.05099	0.65622	0.01974	0.02550	0.02550	0.01892	0.02714	0.01563	0.02056	0.01316	0.00740	0.00822	0.00247	0.00987	0.00740	0.00411	0.01316
7	0.02028	0.01945	0.03322	0.08738	0.62201	0.01967	0.02536	0.02525	0.01878	0.02680	0.01558	0.02065	0.01304	0.00745	0.00823	0.00248	0.00994	0.00740	0.00409	0.01293
8	0.02013	0.01930	0.03294	0.10777	0.60284	0.01962	0.02528	0.02511	0.01871	0.02661	0.01555	0.02070	0.01297	0.00748	0.00823	0.00249	0.00998	0.00740	0.00407	0.01281
9	0.02768	0.01644	0.01952	0.01513	0.02129	0.01575	0.01229	0.18891	0.07239	0.25408	0.08208	0.02689	0.02266	0.00996	0.00799	0.00227	0.00708	0.00804	0.00831	0.18123
10	0.01454	0.00954	0.01256	0.01292	0.01471	0.00944	0.00972	0.01830	0.05577	0.08845	0.15816	0.35925	0.05155	0.02097	0.01086	0.00319	0.03153	0.10212	0.00812	0.00829
11	0.72567	0.01616	0.01257	0.01125	0.01637	0.01875	0.00923	0.02551	0.04865	0.03713	0.01279	0.01446	0.00990	0.00791	0.00532	0.00258	0.00643	0.00477	0.00532	0.00923
12	0.02780	0.02100	0.02186	0.01750	0.02310	0.06054	0.01416	0.41144	0.09515	0.07862	0.11603	0.02749	0.02499	0.01108	0.00850	0.00253	0.00834	0.00872	0.00832	0.01282
13	0.01850	0.01560	0.01789	0.01314	0.02026	0.01284	0.01052	0.06576	0.06603	0.02944	0.01658	0.01846	0.01342	0.00681	0.00648	0.00144	0.00640	0.00544	0.00543	0.64956
14	0.01318	0.00956	0.01312	0.01462	0.01667	0.00928	0.01241	0.01668	0.01858	0.02451	0.04246	0.17058	0.04662	0.02235	0.01104	0.00361	0.00718	0.48722	0.00749	0.05284
15	0.03103	0.03959	0.02354	0.02140	0.02568	0.67469	0.01605	0.03317	0.02354	0.02033	0.01284	0.01498	0.01070	0.00856	0.00749	0.00214	0.01498	0.00535	0.00428	0.00963
16	0.01693	0.01491	0.01952	0.01428	0.02126	0.01165	0.06461	0.02076	0.01735	0.02661	0.01715	0.06629	0.01535	0.00764	0.00679	0.00152	0.00676	0.00668	0.00506	0.63887
17	0.01208	0.00805	0.00906	0.00906	0.00906	0.00805	0.00503	0.01208	0.01208	0.01611	0.02618	0.05436	0.03020	0.70804	0.04228	0.00805	0.00805	0.01208	0.00503	0.00503
18	0.03209	0.02246	0.02443	0.01873	0.02536	0.02455	0.01547	0.57612	0.03770	0.10668	0.02109	0.02069	0.01470	0.01000	0.00831	0.00250	0.00896	0.00756	0.00849	0.01413
19	0.01080	0.00845	0.00977	0.00944	0.01182	0.00743	0.00708	0.01381	0.02124	0.02792	0.37030	0.07093	0.36329	0.01899	0.00981	0.00271	0.00406	0.01627	0.00844	0.00743
20	0.01998	0.01934	0.03359	0.11942	0.55812	0.01967	0.05752	0.02509	0.01870	0.02647	0.01560	0.02083	0.01290	0.00748	0.00832	0.00252	0.01022	0.00753	0.00407	0.01263
21	0.02025	0.01603	0.01830	0.01393	0.02050	0.01425	0.01112	0.12468	0.08159	0.05393	0.01988	0.05855	0.01660	0.00857	0.00707	0.00176	0.00665	0.00697	0.00618	0.49318
22	0.01954	0.02023	0.03798	0.06907	0.07015	0.02018	0.36109	0.05643	0.01921	0.02691	0.01575	0.02089	0.01237	0.00809	0.01123	0.00265	0.09772	0.00839	0.00442	0.11770
23	0.01809	0.01419	0.01730	0.01800	0.08187	0.01512	0.01263	0.03070	0.30021	0.06765	0.17796	0.06574	0.06926	0.01404	0.00912	0.00282	0.00624	0.05987	0.00816	0.01103
24	0.01960	0.01686	0.04867	0.01361	0.02110	0.01289	0.01151	0.07873	0.01962	0.06298	0.01621	0.01808	0.01283	0.00681	0.00655	0.00149	0.00677	0.00540	0.00545	0.61486
25	0.02166	0.02009	0.03284	0.04780	0.59307	0.02034	0.02452	0.08590	0.02093	0.02967	0.01606	0.02050	0.01326	0.00766	0.00823	0.00247	0.00980	0.00741	0.00453	0.01326

[dist]
# distance from previous block
# <min> <max>
1	7

[block]
# block no. 5 follows, 22 sequences, length 7
# corresponding to MSA columns:
# 254-260
name=unknown_F
#
# <colnr> <probs for GDERKNQSTAVLIFYWHMCP>
#	G	D	E	R	K	N	Q	S	T	A	V	L	I	F	Y	W	H	M	C	P
0	0.02199	0.01616	0.02103	0.07571	0.02513	0.01569	0.04627	0.10360	0.07904	0.12503	0.02178	0.06453	0.01752	0.00966	0.00873	0.00222	0.04282	0.00797	0.00645	0.28866
1	0.07574	0.01825	0.07568	0.01576	0.02165	0.01632	0.01387	0.16774	0.08214	0.16137	0.10258	0.03357	0.02658	0.01146	0.00832	0.00256	0.00749	0.06181	0.00776	0.08935
2	0.32859	0.01871	0.01851	0.01506	0.02089	0.02072	0.01235	0.25669	0.08297	0.12058	0.01944	0.01940	0.01390	0.00922	0.00705	0.00256	0.00755	0.00656	0.00729	0.01196
3	0.08614	0.01716	0.02731	0.07453	0.22285	0.01752	0.12188	0.09385	0.02038	0.05295	0.02278	0.16120	0.02156	0.01167	0.00873	0.00275	0.00913	0.01094	0.00566	0.01102
4	0.07692	0.01565	0.02179	0.02586	0.24798	0.01428	0.01510	0.02200	0.01861	0.02892	0.11811	0.02540	0.02306	0.00848	0.00741	0.00201	0.00715	0.00742	0.00533	0.30852
5	0.02481	0.01665	0.02235	0.14002	0.11167	0.01736	0.01614	0.15184	0.08192	0.18236	0.08800	0.02763	0.02258	0.01005	0.00836	0.00253	0.00816	0.00848	0.00732	0.05177
6	0.02195	0.01773	0.02580	0.07902	0.28250	0.01835	0.01875	0.10822	0.05407	0.08609	0.02043	0.07062	0.01723	0.00994	0.00942	0.00253	0.05177	0.00850	0.00575	0.09131

[dist]
# distance from previous block
# <min> <max>
0	1

[block]
# block no. 6 follows, 22 sequences, length 9
# corresponding to MSA columns:
# 262-270
name=unknown_G
#
# <colnr> <probs for GDERKNQSTAVLIFYWHMCP>
#	G	D	E	R	K	N	Q	S	T	A	V	L	I	F	Y	W	H	M	C	P
0	0.01716	0.01101	0.01365	0.01193	0.01506	0.01056	0.00926	0.09537	0.02522	0.10957	0.46503	0.05384	0.09793	0.01555	0.00944	0.00260	0.00497	0.01344	0.00909	0.00933
1	0.10282	0.01187	0.01381	0.01479	0.07414	0.01167	0.00998	0.01992	0.09431	0.02835	0.15824	0.13129	0.20931	0.01574	0.00876	0.00266	0.00546	0.01339	0.00721	0.06626
2	0.01953	0.01537	0.02476	0.38338	0.17244	0.01749	0.02064	0.02433	0.01785	0.10362	0.01795	0.02305	0.01348	0.00880	0.00909	0.00266	0.04541	0.00753	0.06207	0.01055
3	0.01680	0.01870	0.10348	0.09673	0.02840	0.01437	0.09139	0.02299	0.05251	0.02740	0.09349	0.02470	0.02072	0.00833	0.00766	0.00204	0.00825	0.00745	0.00521	0.34938
4	0.01950	0.01520	0.02104	0.01534	0.02233	0.01223	0.08798	0.02357	0.01877	0.10273	0.06422	0.02250	0.01820	0.00755	0.00714	0.00169	0.00709	0.00669	0.00578	0.52043
5	0.02122	0.01366	0.01677	0.01282	0.01909	0.01080	0.01015	0.02451	0.01866	0.18133	0.02309	0.10669	0.01972	0.00968	0.00725	0.00183	0.00621	0.00813	0.00658	0.48181
6	0.09144	0.06465	0.01737	0.01345	0.01769	0.01420	0.01066	0.09220	0.04978	0.18108	0.10870	0.20435	0.03411	0.01456	0.00849	0.00266	0.00632	0.01230	0.00792	0.04805
7	0.02475	0.25016	0.13104	0.06700	0.02729	0.04821	0.05029	0.02971	0.03653	0.19897	0.04530	0.02180	0.01667	0.00876	0.00739	0.00234	0.00935	0.00690	0.00584	0.01171
8	0.01675	0.01375	0.01758	0.01747	0.09765	0.01219	0.01166	0.07687	0.01975	0.02858	0.07954	0.19448	0.02917	0.01264	0.00806	0.00217	0.00637	0.01108	0.00622	0.33801

[dist]
# distance from previous block
# <min> <max>
20	33

[block]
# block no. 7 follows, 22 sequences, length 26
# corresponding to MSA columns:
# 306-331
name=unknown_H
#
# <colnr> <probs for GDERKNQSTAVLIFYWHMCP>
#	G	D	E	R	K	N	Q	S	T	A	V	L	I	F	Y	W	H	M	C	P
0	0.01947	0.09190	0.38180	0.02079	0.03056	0.01888	0.06464	0.05629	0.01944	0.07560	0.04822	0.02063	0.01522	0.00831	0.00776	0.00240	0.01044	0.00679	0.00475	0.09611
1	0.07489	0.03039	0.37636	0.02088	0.05480	0.01763	0.02258	0.02654	0.05543	0.07188	0.07937	0.02329	0.01887	0.00937	0.00885	0.00261	0.04468	0.00728	0.00505	0.04925
2	0.07486	0.09801	0.44781	0.04553	0.03180	0.01942	0.02457	0.02597	0.01743	0.05378	0.01510	0.01745	0.01103	0.00777	0.00733	0.00242	0.01070	0.00589	0.00406	0.07909
3	0.01693	0.07335	0.30664	0.01752	0.02468	0.01591	0.01934	0.02316	0.01986	0.07615	0.24374	0.03402	0.03560	0.01161	0.00942	0.00261	0.04343	0.00943	0.00605	0.01056
4	0.05456	0.10738	0.11439	0.01869	0.02447	0.20062	0.04126	0.06489	0.04726	0.09448	0.05436	0.02155	0.01705	0.00954	0.00889	0.00243	0.05746	0.00694	0.04296	0.01082
5	0.07580	0.31658	0.13052	0.01720	0.02399	0.13533	0.01671	0.02816	0.01855	0.10344	0.01494	0.01646	0.01180	0.00836	0.00778	0.00224	0.05099	0.00553	0.00464	0.01097
6	0.03124	0.07187	0.02303	0.01661	0.02291	0.05755	0.01371	0.22733	0.09075	0.28423	0.02509	0.02341	0.01725	0.00974	0.00796	0.00242	0.00824	0.00754	0.00833	0.05079
7	0.01211	0.00806	0.01057	0.01183	0.01309	0.00745	0.00848	0.01410	0.01736	0.05965	0.07745	0.50949	0.10714	0.02389	0.01046	0.00329	0.00516	0.08514	0.00792	0.00735
8	0.02487	0.12378	0.10731	0.02003	0.02714	0.01769	0.16073	0.02978	0.02095	0.25243	0.10656	0.02785	0.02371	0.00963	0.00838	0.00252	0.00921	0.00874	0.00685	0.01185
9	0.01188	0.00802	0.00937	0.00955	0.00969	0.00806	0.00560	0.01219	0.01253	0.01679	0.02785	0.11587	0.03205	0.60436	0.07611	0.00791	0.00857	0.01301	0.00526	0.00534
10	0.02145	0.62174	0.12821	0.01550	0.02332	0.03102	0.01646	0.02507	0.01697	0.02047	0.01201	0.01390	0.01064	0.00721	0.00568	0.00189	0.00935	0.00467	0.00355	0.01088
11	0.35346	0.03089	0.37188	0.01795	0.02702	0.01900	0.02095	0.02546	0.01601	0.03123	0.01341	0.01572	0.00984	0.00781	0.00666	0.00260	0.00965	0.00540	0.00424	0.01080
12	0.16103	0.01043	0.01209	0.01152	0.01432	0.01044	0.00916	0.01887	0.02100	0.06423	0.39980	0.05585	0.05710	0.01577	0.00908	0.00279	0.00516	0.10482	0.00818	0.00835
13	0.02221	0.71304	0.04353	0.01421	0.02132	0.03287	0.01421	0.02488	0.01688	0.01955	0.01155	0.01333	0.01066	0.00711	0.00533	0.00178	0.00888	0.00444	0.00355	0.01066
14	0.01208	0.00805	0.00906	0.00906	0.00906	0.00805	0.00503	0.01208	0.01208	0.01611	0.02618	0.05436	0.03020	0.70804	0.04228	0.00805	0.00805	0.01208	0.00503	0.00503
15	0.02221	0.71304	0.04353	0.01421	0.02132	0.03287	0.01421	0.02488	0.01688	0.01955	0.01155	0.01333	0.01066	0.00711	0.00533	0.00178	0.00888	0.00444	0.00355	0.01066
16	0.01666	0.04297	0.66500	0.02368	0.03596	0.01929	0.03069	0.02631	0.01754	0.02631	0.01491	0.01754	0.01052	0.00789	0.00789	0.00263	0.01228	0.00614	0.00351	0.01228
17	0.01680	0.01431	0.01677	0.01226	0.01923	0.01082	0.00972	0.02036	0.01715	0.02672	0.01662	0.05826	0.01486	0.00734	0.00642	0.00136	0.00607	0.00604	0.00509	0.71380
18	0.01339	0.00956	0.01339	0.01530	0.01721	0.00956	0.01339	0.01721	0.01912	0.02486	0.04399	0.09371	0.04781	0.02295	0.01147	0.00382	0.00765	0.60031	0.00765	0.00765
19	0.01746	0.13946	0.57551	0.02232	0.03385	0.02125	0.02832	0.02610	0.01744	0.02533	0.01442	0.01693	0.01054	0.00778	0.00752	0.00251	0.01179	0.00589	0.00351	0.01204
20	0.01543	0.01168	0.06150	0.01225	0.01537	0.00913	0.01016	0.01926	0.02179	0.11899	0.41266	0.16389	0.06110	0.01691	0.00959	0.00274	0.00515	0.01489	0.00863	0.00887
21	0.44248	0.05844	0.23099	0.01553	0.02320	0.01919	0.01663	0.02593	0.01592	0.06636	0.01382	0.01563	0.01021	0.00788	0.00624	0.00255	0.00852	0.00525	0.00480	0.01044
22	0.07266	0.10650	0.02060	0.01521	0.01898	0.07649	0.01221	0.07479	0.05152	0.10395	0.05666	0.19009	0.02722	0.01411	0.01039	0.00270	0.08677	0.01112	0.00657	0.04146
23	0.01688	0.08375	0.49994	0.02385	0.06488	0.01926	0.05721	0.02504	0.01786	0.02599	0.04488	0.05051	0.01583	0.00899	0.00804	0.00260	0.01130	0.00746	0.00402	0.01171
24	0.12714	0.06560	0.34047	0.05496	0.03210	0.04604	0.09867	0.02616	0.01774	0.06104	0.01669	0.04758	0.01306	0.00867	0.00775	0.00262	0.01093	0.00718	0.00442	0.01119
25	0.07241	0.03089	0.32704	0.02760	0.12977	0.04565	0.11519	0.02805	0.01881	0.10184	0.01709	0.01962	0.01233	0.00798	0.00808	0.00260	0.01126	0.00700	0.00465	0.01214

[dist]
# distance from previous block
# <min> <max>
7	25

[block]
# block no. 8 follows, 22 sequences, length 9
# corresponding to MSA columns:
# 358-366
name=unknown_I
#
# <colnr> <probs for GDERKNQSTAVLIFYWHMCP>
#	G	D	E	R	K	N	Q	S	T	A	V	L	I	F	Y	W	H	M	C	P
0	0.02139	0.02586	0.12588	0.04296	0.47933	0.10796	0.02499	0.02665	0.01934	0.02610	0.01514	0.01936	0.01244	0.00763	0.00808	0.00245	0.01092	0.00694	0.00405	0.01255
1	0.02174	0.04170	0.06692	0.10899	0.08743	0.01553	0.01556	0.02945	0.12402	0.17005	0.07843	0.03163	0.02419	0.01056	0.00816	0.00255	0.00768	0.03730	0.07292	0.04518
2	0.01719	0.03769	0.52598	0.02571	0.08594	0.02016	0.02857	0.02539	0.01701	0.02553	0.01443	0.01788	0.01080	0.00875	0.01053	0.00275	0.10381	0.00640	0.00358	0.01192
3	0.01965	0.01369	0.01710	0.07230	0.02195	0.01141	0.01088	0.02302	0.01795	0.13430	0.02229	0.04890	0.03974	0.05732	0.00954	0.00221	0.00676	0.00736	0.00594	0.45768
4	0.01838	0.02118	0.08097	0.02502	0.03126	0.04209	0.28011	0.02340	0.01759	0.02486	0.01709	0.06825	0.01501	0.00969	0.01211	0.00264	0.13637	0.00890	0.00444	0.16064
5	0.02274	0.59784	0.08583	0.01537	0.02280	0.03121	0.01554	0.08416	0.01910	0.02324	0.01261	0.01427	0.01099	0.00744	0.00580	0.00191	0.00915	0.00486	0.00402	0.01112
6	0.06822	0.01873	0.13021	0.01584	0.04506	0.01280	0.01398	0.02315	0.01772	0.10293	0.02164	0.12606	0.01949	0.01022	0.00743	0.00211	0.00728	0.00855	0.00574	0.34285
7	0.14081	0.01024	0.01197	0.01147	0.01423	0.01005	0.00890	0.01895	0.02029	0.09159	0.31612	0.14095	0.08312	0.01678	0.00915	0.00283	0.00514	0.07081	0.00817	0.00843
