[name]
unknown

[dist]
# distance from previous block
# <min> <max>
0	0

[block]
# block no. 0 follows, 24 sequences, length 72
# corresponding to MSA columns:
# 0-71
name=unknown_A
#
# <colnr> <probs for GDERKNQSTAVLIFYWHMCP>
#	G	D	E	R	K	N	Q	S	T	A	V	L	I	F	Y	W	H	M	C	P
0	0.01278	0.00913	0.01278	0.01460	0.01643	0.00913	0.01278	0.01643	0.01825	0.02373	0.04199	0.08945	0.04564	0.02191	0.01095	0.00365	0.00730	0.61847	0.00730	0.00730
1	0.02120	0.72609	0.04155	0.01357	0.02035	0.03138	0.01357	0.02374	0.01611	0.01866	0.01102	0.01272	0.01018	0.00678	0.00509	0.00170	0.00848	0.00424	0.00339	0.01018
2	0.01590	0.04102	0.68023	0.02260	0.03432	0.01842	0.02930	0.02511	0.01674	0.02511	0.01423	0.01674	0.01005	0.00753	0.00753	0.00251	0.01172	0.00586	0.00335	0.01172
3	0.23607	0.02705	0.27740	0.01866	0.04560	0.01967	0.01908	0.16237	0.02040	0.05275	0.01476	0.01657	0.01077	0.00824	0.00767	0.00250	0.03838	0.00584	0.00502	0.01117
4	0.02566	0.02048	0.02086	0.01726	0.02262	0.06244	0.01381	0.31215	0.31400	0.06662	0.02507	0.02381	0.01835	0.01001	0.00795	0.00250	0.00788	0.00787	0.00784	0.01281
5	0.00966	0.00690	0.00920	0.01104	0.01150	0.00644	0.00736	0.01104	0.01518	0.02024	0.04371	0.71614	0.05245	0.02484	0.01012	0.00322	0.00460	0.02254	0.00736	0.00644
6	0.01559	0.03716	0.58926	0.02236	0.03298	0.01758	0.06504	0.02403	0.01674	0.02475	0.01664	0.07155	0.01347	0.00883	0.00785	0.00258	0.01127	0.00737	0.00370	0.01125
7	0.08302	0.01699	0.07686	0.01719	0.02397	0.01379	0.09901	0.03465	0.02102	0.48972	0.02639	0.02440	0.01703	0.00903	0.00791	0.00249	0.00802	0.00773	0.00815	0.01263
8	0.03515	0.01417	0.01882	0.01443	0.02058	0.01266	0.01192	0.08595	0.02383	0.62843	0.03033	0.02637	0.01915	0.00979	0.00797	0.00245	0.00690	0.00791	0.00967	0.01349
9	0.00937	0.00803	0.00803	0.00803	0.01071	0.00669	0.00602	0.01138	0.01807	0.02142	0.08033	0.07632	0.66863	0.02008	0.00937	0.00268	0.00402	0.01674	0.00736	0.00669
10	0.05915	0.02386	0.20363	0.02003	0.05087	0.01789	0.06675	0.13510	0.10070	0.20873	0.02193	0.02180	0.01516	0.00879	0.00782	0.00250	0.00898	0.00728	0.00661	0.01241
11	0.02544	0.01576	0.01810	0.01541	0.02048	0.01682	0.01223	0.04088	0.42877	0.26529	0.03192	0.02865	0.02256	0.01042	0.00803	0.00260	0.00645	0.00861	0.00870	0.01289
12	0.01133	0.00850	0.01274	0.01274	0.01416	0.00991	0.00991	0.01416	0.01274	0.01841	0.02124	0.03115	0.01982	0.05947	0.68989	0.01274	0.02124	0.00850	0.00425	0.00708
13	0.36911	0.02177	0.06294	0.04649	0.02167	0.13502	0.01339	0.07193	0.07883	0.03080	0.01418	0.01620	0.01107	0.00857	0.00792	0.00250	0.06738	0.00555	0.00500	0.00967
14	0.09173	0.01356	0.01753	0.01374	0.01953	0.01230	0.01128	0.03661	0.04857	0.57351	0.05617	0.02734	0.02125	0.00993	0.00780	0.00247	0.00656	0.00799	0.00931	0.01282
15	0.01872	0.02139	0.04679	0.03342	0.04144	0.02005	0.64305	0.02540	0.01872	0.02540	0.01604	0.02139	0.01203	0.00668	0.00936	0.00267	0.01337	0.00936	0.00401	0.01070
16	0.00966	0.00690	0.00920	0.01104	0.01150	0.00644	0.00736	0.01104	0.01518	0.02024	0.04371	0.71614	0.05245	0.02484	0.01012	0.00322	0.00460	0.02254	0.00736	0.00644
17	0.01855	0.02089	0.04492	0.07038	0.06909	0.01987	0.58290	0.02508	0.01853	0.02514	0.01589	0.02130	0.01198	0.00677	0.00922	0.00266	0.01305	0.00913	0.00398	0.01067
18	0.01872	0.02139	0.04679	0.03342	0.04144	0.02005	0.64305	0.02540	0.01872	0.02540	0.01604	0.02139	0.01203	0.00668	0.00936	0.00267	0.01337	0.00936	0.00401	0.01070
19	0.01122	0.00811	0.01060	0.00998	0.01185	0.00748	0.00748	0.01496	0.02245	0.03180	0.66766	0.05923	0.07482	0.01621	0.00935	0.00249	0.00374	0.01434	0.00873	0.00748
20	0.01627	0.08847	0.63599	0.02198	0.03335	0.01931	0.02821	0.02502	0.01670	0.02467	0.01401	0.01646	0.01005	0.00748	0.00736	0.00245	0.01150	0.00575	0.00335	0.01161
21	0.02389	0.01402	0.01675	0.01453	0.01891	0.01440	0.01167	0.11337	0.19075	0.23706	0.05603	0.09797	0.02813	0.01301	0.00848	0.00269	0.00651	0.08021	0.04021	0.01140
22	0.03448	0.01374	0.01837	0.01425	0.02027	0.01221	0.01172	0.03889	0.06667	0.63272	0.03135	0.02717	0.01995	0.00988	0.00798	0.00247	0.00671	0.00804	0.00969	0.01343
23	0.00965	0.00694	0.00916	0.01094	0.01147	0.00645	0.00732	0.01105	0.01528	0.02028	0.04494	0.69450	0.07329	0.02468	0.01010	0.00320	0.00458	0.02235	0.00736	0.00645
24	0.09053	0.01790	0.02009	0.05305	0.02310	0.01933	0.01337	0.36252	0.05564	0.14682	0.07211	0.04851	0.02055	0.01042	0.00788	0.00246	0.00764	0.00822	0.00779	0.01206
25	0.03208	0.01281	0.01688	0.01328	0.01876	0.01141	0.01086	0.03604	0.04823	0.56226	0.03059	0.02745	0.01991	0.00978	0.00765	0.00238	0.00631	0.00794	0.11277	0.01262
26	0.74348	0.01525	0.01196	0.01060	0.01556	0.01751	0.00873	0.02401	0.01392	0.06486	0.01197	0.01353	0.00909	0.00747	0.00505	0.00245	0.00616	0.00446	0.00513	0.00881
27	0.01044	0.00795	0.01131	0.01210	0.01326	0.00729	0.03648	0.01218	0.01541	0.02078	0.04084	0.64645	0.04839	0.02299	0.00986	0.00308	0.00507	0.02097	0.00706	0.04808
28	0.18700	0.54158	0.06152	0.01325	0.01983	0.02786	0.01313	0.02371	0.01556	0.02264	0.01116	0.01292	0.00982	0.00694	0.00515	0.00190	0.00810	0.00432	0.00372	0.00989
29	0.02194	0.01582	0.01833	0.01349	0.02027	0.01382	0.01095	0.16115	0.02187	0.11469	0.01739	0.01837	0.01314	0.00719	0.00660	0.00161	0.00662	0.00566	0.00607	0.50505
30	0.02793	0.02359	0.09900	0.01840	0.02521	0.02291	0.01637	0.49915	0.08248	0.07435	0.02007	0.01996	0.01420	0.00940	0.00790	0.00242	0.00879	0.00717	0.00750	0.01321
31	0.01832	0.05427	0.15924	0.03067	0.03930	0.02023	0.50764	0.02528	0.01826	0.02507	0.01551	0.02020	0.01160	0.00684	0.00886	0.00260	0.01287	0.00852	0.00387	0.01086
32	0.01830	0.02314	0.11268	0.03117	0.03890	0.02024	0.52325	0.02482	0.01794	0.02482	0.01536	0.02054	0.01168	0.00740	0.01060	0.00273	0.07312	0.00877	0.00389	0.01063
33	0.02800	0.05087	0.04890	0.01581	0.02225	0.01836	0.01354	0.30817	0.02788	0.22021	0.04843	0.02222	0.01725	0.00918	0.00758	0.00221	0.00768	0.00716	0.00766	0.11664
34	0.02120	0.72609	0.04155	0.01357	0.02035	0.03138	0.01357	0.02374	0.01611	0.01866	0.01102	0.01272	0.01018	0.00678	0.00509	0.00170	0.00848	0.00424	0.00339	0.01018
35	0.00966	0.00690	0.00920	0.01104	0.01150	0.00644	0.00736	0.01104	0.01518	0.02024	0.04371	0.71614	0.05245	0.02484	0.01012	0.00322	0.00460	0.02254	0.00736	0.00644
36	0.00972	0.00705	0.00919	0.01075	0.01146	0.00652	0.00726	0.01128	0.01580	0.02096	0.08042	0.63089	0.10141	0.02401	0.01002	0.00314	0.00451	0.02165	0.00744	0.00652
37	0.01933	0.01907	0.03411	0.06813	0.55638	0.01898	0.11743	0.02436	0.01808	0.02564	0.01506	0.01994	0.01241	0.00704	0.00808	0.00241	0.01005	0.00741	0.00392	0.01216
38	0.00966	0.00690	0.00920	0.01104	0.01150	0.00644	0.00736	0.01104	0.01518	0.02024	0.04371	0.71614	0.05245	0.02484	0.01012	0.00322	0.00460	0.02254	0.00736	0.00644
39	0.01963	0.01884	0.03219	0.04867	0.67185	0.01884	0.02434	0.02434	0.01806	0.02591	0.01492	0.01963	0.01256	0.00707	0.00785	0.00236	0.00942	0.00707	0.00393	0.01256
40	0.01761	0.12313	0.55216	0.02135	0.03188	0.07229	0.02632	0.02546	0.01711	0.02389	0.01369	0.01607	0.01007	0.00749	0.00721	0.00238	0.01153	0.00561	0.00341	0.01134
41	0.02120	0.72609	0.04155	0.01357	0.02035	0.03138	0.01357	0.02374	0.01611	0.01866	0.01102	0.01272	0.01018	0.00678	0.00509	0.00170	0.00848	0.00424	0.00339	0.01018
42	0.00966	0.00690	0.00920	0.01104	0.01150	0.00644	0.00736	0.01104	0.01518	0.02024	0.04371	0.71614	0.05245	0.02484	0.01012	0.00322	0.00460	0.02254	0.00736	0.00644
43	0.05139	0.01304	0.02012	0.01613	0.02006	0.01296	0.17173	0.08936	0.01977	0.03026	0.08976	0.10341	0.02598	0.01094	0.00766	0.00236	0.00697	0.01010	0.28912	0.00889
44	0.01840	0.02264	0.09462	0.03171	0.03946	0.02022	0.55186	0.02494	0.01811	0.02494	0.01551	0.02075	0.01176	0.00725	0.01037	0.00272	0.06127	0.00892	0.00392	0.01064
45	0.00966	0.00690	0.00920	0.01104	0.01150	0.00644	0.00736	0.01104	0.01518	0.02024	0.04371	0.71614	0.05245	0.02484	0.01012	0.00322	0.00460	0.02254	0.00736	0.00644
46	0.00939	0.00794	0.00812	0.00827	0.01077	0.00667	0.00613	0.01135	0.01785	0.02133	0.07748	0.12620	0.62059	0.02045	0.00943	0.00272	0.00406	0.01719	0.00736	0.00667
47	0.01682	0.03906	0.62633	0.02272	0.03405	0.01821	0.05481	0.02567	0.01707	0.05157	0.01500	0.01736	0.01052	0.00759	0.00763	0.00252	0.01159	0.00609	0.00364	0.01175
48	0.00966	0.00690	0.00920	0.01104	0.01150	0.00644	0.00736	0.01104	0.01518	0.02024	0.04371	0.71614	0.05245	0.02484	0.01012	0.00322	0.00460	0.02254	0.00736	0.00644
49	0.01972	0.01703	0.01793	0.01614	0.02062	0.01972	0.01255	0.04214	0.65752	0.03317	0.03228	0.02959	0.02421	0.01076	0.00807	0.00269	0.00628	0.00897	0.00807	0.01255
50	0.01616	0.03948	0.63534	0.02441	0.07848	0.01845	0.02895	0.02506	0.01683	0.02517	0.01428	0.01694	0.01022	0.00750	0.00756	0.00250	0.01156	0.00594	0.00339	0.01178
51	0.09093	0.01762	0.02034	0.01571	0.02185	0.01804	0.01298	0.31439	0.02864	0.34097	0.02412	0.02226	0.01596	0.00949	0.00772	0.00242	0.00760	0.00731	0.00857	0.01311
52	0.02958	0.02193	0.02348	0.01813	0.02438	0.02433	0.01494	0.61266	0.07096	0.04906	0.01976	0.01961	0.01407	0.00959	0.00794	0.00240	0.00859	0.00724	0.00794	0.01343
53	0.00966	0.00690	0.00920	0.01104	0.01150	0.00644	0.00736	0.01104	0.01518	0.02024	0.04371	0.71614	0.05245	0.02484	0.01012	0.00322	0.00460	0.02254	0.00736	0.00644
54	0.01082	0.00788	0.01018	0.01006	0.01171	0.00724	0.00737	0.01401	0.02082	0.02900	0.51466	0.18363	0.10686	0.01807	0.00950	0.00264	0.00392	0.01603	0.00839	0.00724
55	0.03014	0.02221	0.02380	0.01825	0.02459	0.02459	0.01507	0.64541	0.03728	0.04998	0.01904	0.01904	0.01349	0.00952	0.00793	0.00238	0.00873	0.00714	0.00793	0.01349
56	0.01104	0.00798	0.01024	0.00988	0.01155	0.00738	0.00722	0.01426	0.02092	0.02929	0.54770	0.11072	0.09699	0.06590	0.01156	0.00292	0.00409	0.01490	0.00829	0.00718
57	0.01912	0.01846	0.03193	0.11433	0.58370	0.01877	0.04919	0.02397	0.01786	0.02531	0.01488	0.01985	0.01234	0.00714	0.00792	0.00240	0.00970	0.00716	0.00389	0.01210
58	0.01963	0.01884	0.03219	0.04867	0.67185	0.01884	0.02434	0.02434	0.01806	0.02591	0.01492	0.01963	0.01256	0.00707	0.00785	0.00236	0.00942	0.00707	0.00393	0.01256
59	0.03014	0.02221	0.02380	0.01825	0.02459	0.02459	0.01507	0.64541	0.03728	0.04998	0.01904	0.01904	0.01349	0.00952	0.00793	0.00238	0.00873	0.00714	0.00793	0.01349
60	0.01673	0.01759	0.03515	0.28065	0.06567	0.01817	0.34749	0.02246	0.01739	0.02315	0.01720	0.06936	0.01431	0.00842	0.00883	0.00269	0.01159	0.00934	0.00406	0.00976
61	0.00966	0.00690	0.00920	0.01104	0.01150	0.00644	0.00736	0.01104	0.01518	0.02024	0.04371	0.71614	0.05245	0.02484	0.01012	0.00322	0.00460	0.02254	0.00736	0.00644
62	0.00978	0.00695	0.00917	0.01090	0.01133	0.00652	0.00721	0.01107	0.01496	0.01995	0.04256	0.67560	0.05101	0.06734	0.01197	0.00349	0.00479	0.02187	0.00721	0.00634
63	0.03518	0.01414	0.01880	0.01441	0.02056	0.01261	0.01191	0.08356	0.02378	0.63090	0.03038	0.02640	0.01917	0.00979	0.00797	0.00245	0.00689	0.00791	0.00968	0.01349
64	0.02958	0.02141	0.02310	0.01789	0.02408	0.02362	0.01472	0.57088	0.08485	0.07722	0.02063	0.02022	0.01460	0.00963	0.00795	0.00241	0.00845	0.00732	0.00803	0.01341
65	0.00964	0.00697	0.00913	0.01086	0.01145	0.00646	0.00728	0.01106	0.01536	0.02031	0.04594	0.67709	0.09005	0.02455	0.01008	0.00319	0.00457	0.02219	0.00736	0.00646
66	0.01590	0.04102	0.68023	0.02260	0.03432	0.01842	0.02930	0.02511	0.01674	0.02511	0.01423	0.01674	0.01005	0.00753	0.00753	0.00251	0.01172	0.00586	0.00335	0.01172
67	0.07724	0.37022	0.24458	0.01701	0.02524	0.02422	0.04054	0.02538	0.01673	0.07361	0.01382	0.01546	0.01082	0.00730	0.00624	0.00211	0.00939	0.00524	0.00401	0.01083
68	0.02675	0.04279	0.02170	0.01612	0.02213	0.01807	0.03883	0.27648	0.07074	0.19803	0.02415	0.02374	0.03788	0.01143	0.03601	0.00269	0.00824	0.00753	0.00750	0.10916
69	0.02425	0.04936	0.02394	0.04742	0.02534	0.22434	0.07483	0.20194	0.07826	0.03009	0.01909	0.07322	0.01619	0.01151	0.03099	0.00269	0.01072	0.00792	0.00574	0.04216
70	0.31636	0.07010	0.05877	0.01356	0.01897	0.01812	0.01174	0.02997	0.20658	0.09425	0.02081	0.04463	0.01621	0.00914	0.00655	0.00245	0.00670	0.00680	0.00619	0.04210
71	0.01590	0.01605	0.06946	0.01719	0.05912	0.06743	0.07219	0.01921	0.01723	0.05023	0.07009	0.23918	0.03003	0.06285	0.01060	0.00280	0.00759	0.01221	0.00575	0.15489

[dist]
# distance from previous block
# <min> <max>
0	27

[block]
# block no. 1 follows, 24 sequences, length 21
# corresponding to MSA columns:
# 99-119
name=unknown_B
#
# <colnr> <probs for GDERKNQSTAVLIFYWHMCP>
#	G	D	E	R	K	N	Q	S	T	A	V	L	I	F	Y	W	H	M	C	P
0	0.07353	0.05013	0.17191	0.02148	0.10625	0.01608	0.06910	0.02926	0.05368	0.23547	0.07531	0.02460	0.01969	0.00899	0.00777	0.00246	0.00851	0.00769	0.00636	0.01173
1	0.06488	0.12674	0.07910	0.09603	0.06148	0.28056	0.01664	0.05197	0.01984	0.04706	0.04639	0.01829	0.01401	0.00853	0.00780	0.00225	0.03804	0.00605	0.00448	0.00987
2	0.33864	0.01917	0.05921	0.01378	0.01918	0.07126	0.01180	0.12337	0.06656	0.06419	0.04619	0.01924	0.01504	0.00853	0.00641	0.00232	0.00736	0.00606	0.04109	0.06061
3	0.15785	0.02318	0.09256	0.04154	0.02308	0.14959	0.01449	0.17828	0.02352	0.10817	0.07864	0.02182	0.01817	0.00926	0.00729	0.00236	0.00895	0.00688	0.02367	0.01070
4	0.01142	0.00930	0.01505	0.01461	0.01630	0.00878	0.10011	0.01377	0.01590	0.02120	0.03872	0.51496	0.04482	0.05043	0.01135	0.00337	0.00631	0.08974	0.00676	0.00709
5	0.04705	0.50433	0.07069	0.06070	0.02390	0.09363	0.01508	0.06520	0.01806	0.02180	0.01205	0.01407	0.01036	0.00724	0.00579	0.00191	0.00930	0.00479	0.00382	0.01024
6	0.11064	0.22120	0.05850	0.01536	0.02146	0.12253	0.01360	0.08590	0.05803	0.17452	0.01804	0.01809	0.01331	0.00824	0.00661	0.00215	0.00869	0.00586	0.00585	0.03142
7	0.01590	0.04102	0.68023	0.02260	0.03432	0.01842	0.02930	0.02511	0.01674	0.02511	0.01423	0.01674	0.01005	0.00753	0.00753	0.00251	0.01172	0.00586	0.00335	0.01172
8	0.01190	0.00765	0.00851	0.00851	0.00871	0.00765	0.00489	0.01231	0.01210	0.01696	0.02508	0.04940	0.02788	0.64168	0.03647	0.00703	0.00724	0.01107	0.08986	0.00509
9	0.03371	0.04115	0.01985	0.01464	0.02075	0.01421	0.01215	0.10611	0.05328	0.55305	0.02921	0.02569	0.01880	0.00971	0.00787	0.00243	0.00701	0.00779	0.00929	0.01333
10	0.03402	0.01552	0.01913	0.01490	0.02090	0.03831	0.01221	0.10641	0.05361	0.55336	0.02926	0.02576	0.01881	0.00977	0.00794	0.00244	0.00722	0.00782	0.00931	0.01329
11	0.01153	0.00769	0.00865	0.00865	0.00865	0.00769	0.00480	0.01153	0.01153	0.01538	0.02499	0.05189	0.02883	0.72131	0.04036	0.00769	0.00769	0.01153	0.00480	0.00480
12	0.01133	0.00850	0.01274	0.01274	0.01416	0.00991	0.00991	0.01416	0.01274	0.01841	0.02124	0.03115	0.01982	0.05947	0.68989	0.01274	0.02124	0.00850	0.00425	0.00708
13	0.05860	0.02053	0.02177	0.01701	0.02306	0.05684	0.01394	0.42200	0.05627	0.19598	0.02180	0.02085	0.01500	0.00949	0.00779	0.00239	0.00837	0.00719	0.00807	0.01304
14	0.05022	0.03808	0.60727	0.02151	0.03256	0.01794	0.02723	0.02593	0.01700	0.06891	0.01523	0.01726	0.01062	0.00768	0.00745	0.00250	0.01115	0.00593	0.00385	0.01170
15	0.01023	0.00733	0.00975	0.01091	0.01182	0.00685	0.00765	0.01237	0.01732	0.02357	0.21473	0.50694	0.05827	0.02234	0.00995	0.00304	0.00449	0.04792	0.00773	0.00677
16	0.45379	0.01751	0.04317	0.01304	0.01830	0.01854	0.01113	0.19367	0.02118	0.03868	0.08681	0.01992	0.01740	0.00895	0.00635	0.00244	0.00682	0.00627	0.00610	0.00994
17	0.16925	0.07335	0.51088	0.01966	0.02974	0.01900	0.02427	0.02468	0.01605	0.02686	0.01341	0.01575	0.00976	0.00746	0.00687	0.00246	0.01042	0.00546	0.00366	0.01101
18	0.08423	0.07445	0.01839	0.01365	0.01819	0.04121	0.01092	0.19865	0.05490	0.06815	0.06629	0.10169	0.02321	0.04918	0.00913	0.00256	0.00696	0.00893	0.05651	0.09279
19	0.15484	0.01975	0.02085	0.01633	0.02233	0.02162	0.01346	0.43984	0.05773	0.12589	0.01981	0.01946	0.01390	0.00925	0.00744	0.00241	0.00794	0.00685	0.00767	0.01263
20	0.37230	0.01574	0.01501	0.04430	0.01886	0.04102	0.01055	0.12295	0.01979	0.12828	0.04996	0.02038	0.01565	0.00875	0.00634	0.00238	0.00676	0.00626	0.08482	0.00992

[dist]
# distance from previous block
# <min> <max>
0	2

[block]
# block no. 2 follows, 24 sequences, length 6
# corresponding to MSA columns:
# 122-127
name=unknown_C
#
# <colnr> <probs for GDERKNQSTAVLIFYWHMCP>
#	G	D	E	R	K	N	Q	S	T	A	V	L	I	F	Y	W	H	M	C	P
0	0.02557	0.01799	0.02235	0.02105	0.10923	0.01923	0.01525	0.27476	0.06996	0.14415	0.02214	0.02633	0.01724	0.01046	0.00968	0.00253	0.07128	0.05469	0.00707	0.05904
1	0.07419	0.23067	0.05370	0.01855	0.02502	0.02411	0.11429	0.20922	0.02247	0.03105	0.01453	0.01673	0.01148	0.00804	0.00811	0.00221	0.05443	0.00619	0.00506	0.06997
2	0.23441	0.01879	0.01767	0.01516	0.01975	0.08359	0.01214	0.17353	0.13641	0.05259	0.02026	0.06058	0.01680	0.01035	0.00820	0.00253	0.04735	0.02454	0.00637	0.03898
3	0.01803	0.01514	0.02099	0.26921	0.08735	0.01612	0.01611	0.14236	0.02141	0.02948	0.11888	0.02574	0.02174	0.00908	0.00775	0.00226	0.00812	0.00777	0.00548	0.15700
4	0.05604	0.17727	0.27536	0.02058	0.09987	0.01903	0.01969	0.02280	0.01708	0.02477	0.06063	0.02456	0.01767	0.00887	0.00715	0.00228	0.00905	0.05362	0.00430	0.07938
5	0.02118	0.06991	0.09998	0.14024	0.06929	0.09821	0.05280	0.06484	0.06885	0.08458	0.01711	0.01941	0.01291	0.00784	0.00733	0.00219	0.00949	0.00645	0.00501	0.14237

[dist]
# distance from previous block
# <min> <max>
0	38

[block]
# block no. 3 follows, 24 sequences, length 37
# corresponding to MSA columns:
# 167-203
name=unknown_D
#
# <colnr> <probs for GDERKNQSTAVLIFYWHMCP>
#	G	D	E	R	K	N	Q	S	T	A	V	L	I	F	Y	W	H	M	C	P
0	0.01872	0.22580	0.39337	0.01922	0.02818	0.10039	0.02222	0.02498	0.01754	0.02303	0.04746	0.01759	0.01350	0.00786	0.00692	0.00223	0.01072	0.00577	0.00373	0.01078
1	0.08823	0.06184	0.53941	0.02194	0.05375	0.05261	0.02593	0.02520	0.01675	0.02561	0.01374	0.01622	0.01001	0.00751	0.00719	0.00245	0.01113	0.00566	0.00355	0.01127
2	0.10369	0.21972	0.43506	0.01883	0.02846	0.02178	0.02278	0.02455	0.01621	0.02459	0.01302	0.01524	0.00991	0.00732	0.00659	0.00229	0.01023	0.00525	0.00354	0.01096
3	0.07197	0.12350	0.55293	0.02060	0.03122	0.01997	0.02585	0.02481	0.01643	0.02508	0.01360	0.01597	0.00996	0.00743	0.00704	0.00241	0.01091	0.00555	0.00347	0.01130
4	0.10911	0.06109	0.46977	0.01885	0.02798	0.01717	0.02278	0.02314	0.01690	0.02671	0.08897	0.04782	0.01885	0.00913	0.00742	0.00250	0.00972	0.00720	0.00431	0.01059
5	0.01903	0.47278	0.18902	0.01639	0.02399	0.02586	0.04812	0.02344	0.01690	0.02156	0.06474	0.01783	0.01543	0.00771	0.00622	0.00200	0.00910	0.00569	0.00384	0.01035
6	0.02349	0.16822	0.04807	0.01448	0.01972	0.01756	0.01270	0.06370	0.12415	0.22415	0.07772	0.03068	0.02391	0.01424	0.05830	0.00318	0.00822	0.04923	0.00712	0.01117
7	0.01010	0.00746	0.00956	0.01106	0.01214	0.00691	0.00798	0.01195	0.01619	0.02101	0.05004	0.50157	0.16255	0.02352	0.01012	0.00319	0.00492	0.11576	0.00735	0.00662
8	0.06452	0.02190	0.02324	0.01789	0.02417	0.02428	0.01477	0.61678	0.03619	0.04931	0.01867	0.01876	0.01326	0.00942	0.00779	0.00238	0.00861	0.00701	0.00779	0.01326
9	0.77733	0.01534	0.01166	0.01043	0.01534	0.01779	0.00859	0.02331	0.01350	0.03558	0.01104	0.01288	0.00859	0.00736	0.00491	0.00245	0.00613	0.00429	0.00491	0.00859
10	0.01904	0.01589	0.01723	0.01581	0.01989	0.01807	0.01246	0.07675	0.50689	0.03245	0.03318	0.07380	0.02757	0.01276	0.00851	0.00281	0.00646	0.08085	0.00793	0.01166
11	0.01914	0.01835	0.03131	0.11678	0.60753	0.01871	0.02410	0.02391	0.01783	0.02532	0.01483	0.01978	0.01235	0.00716	0.00786	0.00239	0.00954	0.00706	0.00388	0.01217
12	0.01122	0.00811	0.01060	0.00998	0.01185	0.00748	0.00748	0.01496	0.02245	0.03180	0.66766	0.05923	0.07482	0.01621	0.00935	0.00249	0.00374	0.01434	0.00873	0.00748
13	0.01496	0.01343	0.02217	0.63362	0.05013	0.01661	0.02039	0.02008	0.01593	0.02118	0.01526	0.02197	0.01153	0.00806	0.00769	0.00256	0.00989	0.00708	0.07877	0.00867
14	0.03558	0.01350	0.01840	0.01411	0.02024	0.01166	0.01166	0.03865	0.02270	0.67734	0.03128	0.02699	0.01963	0.00981	0.00797	0.00245	0.00675	0.00797	0.00981	0.01350
15	0.01644	0.01409	0.01644	0.01175	0.01879	0.01057	0.00940	0.01997	0.01644	0.02584	0.01409	0.01644	0.01175	0.00587	0.00587	0.00117	0.00587	0.00470	0.00470	0.76979
16	0.01133	0.00850	0.01274	0.01274	0.01416	0.00991	0.00991	0.01416	0.01274	0.01841	0.02124	0.03115	0.01982	0.05947	0.68989	0.01274	0.02124	0.00850	0.00425	0.00708
17	0.01498	0.01407	0.02327	0.61354	0.04990	0.01776	0.02104	0.01986	0.01541	0.02007	0.01416	0.02135	0.01102	0.01099	0.04369	0.00322	0.06628	0.00711	0.00356	0.00871
18	0.01972	0.01703	0.01793	0.01614	0.02062	0.01972	0.01255	0.04214	0.65752	0.03317	0.03228	0.02959	0.02421	0.01076	0.00807	0.00269	0.00628	0.00897	0.00807	0.01255
19	0.02672	0.02048	0.02155	0.01706	0.02299	0.04406	0.01384	0.40943	0.16717	0.06661	0.02161	0.02118	0.01573	0.00938	0.00773	0.00232	0.00803	0.00725	0.00758	0.08929
20	0.01377	0.00689	0.01033	0.01033	0.01033	0.00689	0.00689	0.01033	0.01033	0.01377	0.01377	0.02410	0.01377	0.02755	0.03099	0.76928	0.00689	0.00689	0.00344	0.00344
21	0.77733	0.01534	0.01166	0.01043	0.01534	0.01779	0.00859	0.02331	0.01350	0.03558	0.01104	0.01288	0.00859	0.00736	0.00491	0.00245	0.00613	0.00429	0.00491	0.00859
22	0.01943	0.01686	0.01829	0.05793	0.02269	0.01960	0.01313	0.04080	0.61844	0.03239	0.03117	0.02907	0.02338	0.01059	0.00806	0.00269	0.00654	0.00885	0.00779	0.01232
23	0.00966	0.00690	0.00920	0.01104	0.01150	0.00644	0.00736	0.01104	0.01518	0.02024	0.04371	0.71614	0.05245	0.02484	0.01012	0.00322	0.00460	0.02254	0.00736	0.00644
24	0.01590	0.04102	0.68023	0.02260	0.03432	0.01842	0.02930	0.02511	0.01674	0.02511	0.01423	0.01674	0.01005	0.00753	0.00753	0.00251	0.01172	0.00586	0.00335	0.01172
25	0.01133	0.00850	0.01274	0.01274	0.01416	0.00991	0.00991	0.01416	0.01274	0.01841	0.02124	0.03115	0.01982	0.05947	0.68989	0.01274	0.02124	0.00850	0.00425	0.00708
26	0.01735	0.01735	0.02429	0.02082	0.02082	0.02429	0.01735	0.01908	0.01214	0.01908	0.01041	0.01735	0.01041	0.01388	0.02602	0.00347	0.70680	0.00694	0.00347	0.00867
27	0.02962	0.03779	0.02247	0.02043	0.02451	0.68948	0.01532	0.03166	0.02247	0.01941	0.01226	0.01430	0.01021	0.00817	0.00715	0.00204	0.01430	0.00511	0.00409	0.00919
28	0.03558	0.01350	0.01840	0.01411	0.02024	0.01166	0.01166	0.03865	0.02270	0.67734	0.03128	0.02699	0.01963	0.00981	0.00797	0.00245	0.00675	0.00797	0.00981	0.01350
29	0.01278	0.00913	0.01278	0.01460	0.01643	0.00913	0.01278	0.01643	0.01825	0.02373	0.04199	0.08945	0.04564	0.02191	0.01095	0.00365	0.00730	0.61847	0.00730	0.00730
30	0.01089	0.00809	0.01013	0.00962	0.01164	0.00734	0.00722	0.01431	0.02165	0.02992	0.56114	0.06233	0.18253	0.01691	0.00936	0.00253	0.00379	0.01478	0.00848	0.00734
31	0.01122	0.00811	0.01060	0.00998	0.01185	0.00748	0.00748	0.01496	0.02245	0.03180	0.66766	0.05923	0.07482	0.01621	0.00935	0.00249	0.00374	0.01434	0.00873	0.00748
32	0.60827	0.01357	0.01071	0.00975	0.01398	0.01548	0.00791	0.02224	0.01419	0.03425	0.01433	0.01658	0.01119	0.00778	0.00505	0.00232	0.00559	0.00498	0.17350	0.00832
33	0.09160	0.01571	0.01816	0.01447	0.02028	0.01560	0.01173	0.11621	0.16918	0.29712	0.02569	0.02381	0.01779	0.00922	0.00743	0.00231	0.00672	0.00731	0.00801	0.12163
34	0.01590	0.04102	0.68023	0.02260	0.03432	0.01842	0.02930	0.02511	0.01674	0.02511	0.01423	0.01674	0.01005	0.00753	0.00753	0.00251	0.01172	0.00586	0.00335	0.01172
35	0.01654	0.05570	0.19074	0.05718	0.02483	0.01472	0.01591	0.05366	0.01711	0.02531	0.01512	0.01857	0.01224	0.01327	0.09073	0.00313	0.00985	0.00572	0.00433	0.35537
36	0.02077	0.01366	0.01614	0.01223	0.01810	0.01166	0.00983	0.08798	0.02017	0.14652	0.06344	0.02301	0.01860	0.00805	0.00666	0.00170	0.00594	0.00650	0.09252	0.41651

[dist]
# distance from previous block
# <min> <max>
0	1

[block]
# block no. 4 follows, 24 sequences, length 119
# corresponding to MSA columns:
# 205-323
name=unknown_E
#
# <colnr> <probs for GDERKNQSTAVLIFYWHMCP>
#	G	D	E	R	K	N	Q	S	T	A	V	L	I	F	Y	W	H	M	C	P
0	0.01946	0.50090	0.25149	0.01654	0.02494	0.02712	0.01874	0.02419	0.01632	0.02078	0.01208	0.01404	0.01013	0.00703	0.00589	0.00196	0.00955	0.00477	0.00338	0.01068
1	0.62079	0.04914	0.05892	0.04956	0.01920	0.01851	0.01110	0.02401	0.03890	0.03318	0.01225	0.01423	0.00947	0.00751	0.00538	0.00244	0.00686	0.00473	0.00478	0.00904
2	0.07054	0.17618	0.40874	0.01924	0.02858	0.05782	0.02248	0.05546	0.01796	0.05408	0.01424	0.01609	0.01057	0.00760	0.00688	0.00231	0.01046	0.00554	0.00401	0.01122
3	0.01590	0.04102	0.68023	0.02260	0.03432	0.01842	0.02930	0.02511	0.01674	0.02511	0.01423	0.01674	0.01005	0.00753	0.00753	0.00251	0.01172	0.00586	0.00335	0.01172
4	0.02951	0.01576	0.06257	0.01444	0.02097	0.01262	0.01252	0.03475	0.07632	0.46291	0.02720	0.02467	0.01799	0.00905	0.00758	0.00225	0.00689	0.00734	0.00833	0.14632
5	0.01754	0.01897	0.03826	0.21999	0.04324	0.01976	0.41115	0.02338	0.01731	0.02338	0.01498	0.02095	0.01147	0.00770	0.01049	0.00274	0.07640	0.00849	0.00382	0.00998
6	0.01122	0.00811	0.01060	0.00998	0.01185	0.00748	0.00748	0.01496	0.02245	0.03180	0.66766	0.05923	0.07482	0.01621	0.00935	0.00249	0.00374	0.01434	0.00873	0.00748
7	0.01498	0.01409	0.02378	0.70226	0.05462	0.01762	0.02202	0.02026	0.01586	0.02026	0.01409	0.02114	0.01057	0.00793	0.00793	0.00264	0.01057	0.00705	0.00352	0.00881
8	0.01122	0.00811	0.01060	0.00998	0.01185	0.00748	0.00748	0.01496	0.02245	0.03180	0.66766	0.05923	0.07482	0.01621	0.00935	0.00249	0.00374	0.01434	0.00873	0.00748
9	0.00998	0.00703	0.00911	0.01064	0.01102	0.00665	0.00693	0.01112	0.01457	0.01942	0.04055	0.60410	0.04846	0.14232	0.01522	0.00397	0.00512	0.02069	0.00693	0.00616
10	0.01134	0.00847	0.01259	0.01259	0.01395	0.00983	0.00972	0.01406	0.01270	0.01829	0.02138	0.03194	0.02017	0.08457	0.66526	0.01255	0.02073	0.00861	0.00427	0.00699
11	0.01030	0.00774	0.00953	0.00978	0.01145	0.00698	0.00707	0.01291	0.01923	0.02579	0.33641	0.25160	0.22286	0.01969	0.00958	0.00275	0.00406	0.01731	0.00798	0.00698
12	0.01408	0.01244	0.01890	0.01677	0.01815	0.01557	0.05499	0.01682	0.01309	0.01955	0.01725	0.02556	0.01600	0.03787	0.38309	0.00837	0.26184	0.00796	0.03380	0.00790
13	0.01644	0.01409	0.01644	0.01175	0.01879	0.01057	0.00940	0.01997	0.01644	0.02584	0.01409	0.01644	0.01175	0.00587	0.00587	0.00117	0.00587	0.00470	0.00470	0.76979
14	0.01972	0.01703	0.01793	0.01614	0.02062	0.01972	0.01255	0.04214	0.65752	0.03317	0.03228	0.02959	0.02421	0.01076	0.00807	0.00269	0.00628	0.00897	0.00807	0.01255
15	0.01942	0.02206	0.04018	0.02978	0.03587	0.08070	0.46368	0.02472	0.01776	0.02362	0.01459	0.01996	0.01155	0.00823	0.01244	0.00277	0.15008	0.00850	0.00391	0.01016
16	0.01910	0.01831	0.03125	0.12195	0.60264	0.01870	0.02408	0.02388	0.01781	0.02527	0.01482	0.01980	0.01234	0.00716	0.00786	0.00239	0.00955	0.00706	0.00388	0.01214
17	0.03051	0.02162	0.02343	0.01797	0.02430	0.02372	0.01484	0.60456	0.03630	0.09221	0.01986	0.01957	0.01390	0.00954	0.00794	0.00238	0.00859	0.00720	0.00806	0.01349
18	0.01251	0.00899	0.01243	0.01417	0.01598	0.00892	0.01227	0.01600	0.01813	0.02350	0.04381	0.11225	0.07443	0.02193	0.01085	0.00359	0.00705	0.56865	0.00731	0.00724
19	0.01963	0.01884	0.03219	0.04867	0.67185	0.01884	0.02434	0.02434	0.01806	0.02591	0.01492	0.01963	0.01256	0.00707	0.00785	0.00236	0.00942	0.00707	0.00393	0.01256
20	0.01644	0.01409	0.01644	0.01175	0.01879	0.01057	0.00940	0.01997	0.01644	0.02584	0.01409	0.01644	0.01175	0.00587	0.00587	0.00117	0.00587	0.00470	0.00470	0.76979
21	0.01478	0.00739	0.00739	0.00739	0.00924	0.00739	0.00554	0.01848	0.01663	0.02956	0.02587	0.02956	0.02033	0.00924	0.00554	0.00185	0.00370	0.00739	0.76534	0.00739
22	0.07898	0.01572	0.04540	0.01239	0.01944	0.01210	0.01044	0.04695	0.01710	0.02762	0.01406	0.01628	0.01149	0.00622	0.00595	0.00139	0.00627	0.00482	0.00479	0.64259
23	0.01152	0.00775	0.00897	0.00897	0.00909	0.00786	0.00521	0.01174	0.01163	0.01562	0.02469	0.05025	0.02811	0.66880	0.09190	0.00809	0.00876	0.01129	0.00476	0.00499
24	0.01184	0.04036	0.01255	0.01130	0.01244	0.01007	0.00822	0.01364	0.01246	0.01732	0.02214	0.03785	0.02266	0.29713	0.42365	0.01042	0.01575	0.00941	0.00441	0.00639
25	0.00966	0.00690	0.00920	0.01104	0.01150	0.00644	0.00736	0.01104	0.01518	0.02024	0.04371	0.71614	0.05245	0.02484	0.01012	0.00322	0.00460	0.02254	0.00736	0.00644
26	0.01615	0.07240	0.65097	0.02219	0.03368	0.01901	0.02858	0.02505	0.01671	0.02482	0.01408	0.01656	0.01005	0.00750	0.00742	0.00247	0.01157	0.00579	0.00335	0.01165
27	0.15202	0.57043	0.03548	0.01336	0.01969	0.06065	0.01279	0.02405	0.01597	0.02161	0.01109	0.01282	0.00990	0.00695	0.00516	0.00184	0.00836	0.00429	0.00369	0.00986
28	0.01919	0.01840	0.03141	0.10935	0.61454	0.01873	0.02412	0.02396	0.01785	0.02538	0.01484	0.01977	0.01238	0.00715	0.00786	0.00238	0.00953	0.00706	0.00389	0.01221
29	0.01478	0.00739	0.00739	0.00739	0.00924	0.00739	0.00554	0.01848	0.01663	0.02956	0.02587	0.02956	0.02033	0.00924	0.00554	0.00185	0.00370	0.00739	0.76534	0.00739
30	0.01566	0.01446	0.02378	0.67161	0.05327	0.01793	0.02171	0.04827	0.01682	0.02159	0.01432	0.02105	0.01070	0.00800	0.00793	0.00263	0.01049	0.00705	0.00372	0.00902
31	0.01153	0.00769	0.00865	0.00865	0.00865	0.00769	0.00480	0.01153	0.01153	0.01538	0.02499	0.05189	0.02883	0.72131	0.04036	0.00769	0.00769	0.01153	0.00480	0.00480
32	0.01571	0.01467	0.06997	0.01847	0.05083	0.01193	0.10651	0.01991	0.01768	0.05995	0.02925	0.14030	0.02964	0.01463	0.00909	0.00277	0.00796	0.22338	0.00602	0.15135
33	0.01991	0.55946	0.19689	0.01577	0.02375	0.02822	0.01739	0.02408	0.01627	0.02023	0.01180	0.01370	0.01014	0.00697	0.00568	0.00189	0.00927	0.00463	0.00338	0.01055
34	0.02819	0.12710	0.02523	0.01875	0.02380	0.40032	0.01490	0.18885	0.05208	0.02774	0.01467	0.01594	0.01164	0.00844	0.00711	0.00211	0.01173	0.00567	0.00515	0.01057
35	0.01478	0.00739	0.00739	0.00739	0.00924	0.00739	0.00554	0.01848	0.01663	0.02956	0.02587	0.02956	0.02033	0.00924	0.00554	0.00185	0.00370	0.00739	0.76534	0.00739
36	0.01498	0.01409	0.02378	0.70226	0.05462	0.01762	0.02202	0.02026	0.01586	0.02026	0.01409	0.02114	0.01057	0.00793	0.00793	0.00264	0.01057	0.00705	0.00352	0.00881
37	0.01151	0.00779	0.00917	0.00917	0.00936	0.00797	0.00546	0.01187	0.01169	0.01576	0.02451	0.04923	0.02767	0.63639	0.12370	0.00834	0.00943	0.01114	0.00473	0.00510
38	0.03014	0.02221	0.02380	0.01825	0.02459	0.02459	0.01507	0.64541	0.03728	0.04998	0.01904	0.01904	0.01349	0.00952	0.00793	0.00238	0.00873	0.00714	0.00793	0.01349
39	0.01735	0.01735	0.02429	0.02082	0.02082	0.02429	0.01735	0.01908	0.01214	0.01908	0.01041	0.01735	0.01041	0.01388	0.02602	0.00347	0.70680	0.00694	0.00347	0.00867
40	0.77733	0.01534	0.01166	0.01043	0.01534	0.01779	0.00859	0.02331	0.01350	0.03558	0.01104	0.01288	0.00859	0.00736	0.00491	0.00245	0.00613	0.00429	0.00491	0.00859
41	0.01590	0.04102	0.68023	0.02260	0.03432	0.01842	0.02930	0.02511	0.01674	0.02511	0.01423	0.01674	0.01005	0.00753	0.00753	0.00251	0.01172	0.00586	0.00335	0.01172
42	0.01286	0.00847	0.01113	0.01025	0.01241	0.00776	0.00776	0.01656	0.02246	0.07526	0.62483	0.05706	0.07111	0.01578	0.00926	0.00249	0.00394	0.01391	0.00880	0.00789
43	0.01122	0.00811	0.01060	0.00998	0.01185	0.00748	0.00748	0.01496	0.02245	0.03180	0.66766	0.05923	0.07482	0.01621	0.00935	0.00249	0.00374	0.01434	0.00873	0.00748
44	0.06616	0.01053	0.01357	0.04162	0.01627	0.01184	0.01015	0.06789	0.01602	0.05272	0.02284	0.08917	0.02107	0.05702	0.33848	0.00761	0.03793	0.00917	0.10194	0.00803
45	0.01117	0.00806	0.01055	0.01001	0.01183	0.00745	0.00748	0.01483	0.02219	0.03140	0.64587	0.08218	0.07404	0.01651	0.00938	0.00252	0.00377	0.01463	0.00868	0.00745
46	0.03014	0.02221	0.02380	0.01825	0.02459	0.02459	0.01507	0.64541	0.03728	0.04998	0.01904	0.01904	0.01349	0.00952	0.00793	0.00238	0.00873	0.00714	0.00793	0.01349
47	0.01590	0.04102	0.68023	0.02260	0.03432	0.01842	0.02930	0.02511	0.01674	0.02511	0.01423	0.01674	0.01005	0.00753	0.00753	0.00251	0.01172	0.00586	0.00335	0.01172
48	0.00966	0.00690	0.00920	0.01104	0.01150	0.00644	0.00736	0.01104	0.01518	0.02024	0.04371	0.71614	0.05245	0.02484	0.01012	0.00322	0.00460	0.02254	0.00736	0.00644
49	0.01498	0.01409	0.02378	0.70226	0.05462	0.01762	0.02202	0.02026	0.01586	0.02026	0.01409	0.02114	0.01057	0.00793	0.00793	0.00264	0.01057	0.00705	0.00352	0.00881
50	0.01860	0.38523	0.32823	0.01756	0.02658	0.02460	0.02047	0.02419	0.01641	0.02189	0.01261	0.01470	0.01019	0.00708	0.00623	0.00204	0.00982	0.00499	0.00343	0.04515
51	0.01153	0.00769	0.00865	0.00865	0.00865	0.00769	0.00480	0.01153	0.01153	0.01538	0.02499	0.05189	0.02883	0.72131	0.04036	0.00769	0.00769	0.01153	0.00480	0.00480
52	0.01216	0.01069	0.01863	0.01645	0.01903	0.00999	0.16248	0.01519	0.01701	0.02287	0.10150	0.43223	0.06375	0.01926	0.00987	0.00302	0.00675	0.04482	0.00668	0.00763
53	0.01676	0.15152	0.57721	0.02114	0.03207	0.02051	0.02676	0.02489	0.01664	0.02407	0.01371	0.01609	0.01007	0.00741	0.00714	0.00238	0.01120	0.00560	0.00336	0.01147
54	0.02503	0.01426	0.01630	0.01334	0.01768	0.01467	0.01053	0.20405	0.08306	0.21570	0.02592	0.02873	0.01964	0.10166	0.01164	0.00300	0.00674	0.00816	0.16888	0.01099
55	0.02120	0.72609	0.04155	0.01357	0.02035	0.03138	0.01357	0.02374	0.01611	0.01866	0.01102	0.01272	0.01018	0.00678	0.00509	0.00170	0.00848	0.00424	0.00339	0.01018
56	0.00971	0.00705	0.00917	0.01075	0.01145	0.00651	0.00726	0.01124	0.01574	0.02085	0.07414	0.63512	0.10363	0.02408	0.01003	0.00314	0.00452	0.02171	0.00742	0.00651
57	0.08464	0.02073	0.02179	0.01726	0.02315	0.02317	0.01411	0.48575	0.15132	0.04575	0.02091	0.02054	0.01512	0.00959	0.00773	0.00244	0.00807	0.00727	0.00773	0.01294
58	0.02681	0.03400	0.06885	0.02354	0.08196	0.49585	0.04588	0.05744	0.02174	0.02200	0.01302	0.01560	0.01065	0.00828	0.00821	0.00221	0.04421	0.00570	0.00417	0.00989
59	0.01032	0.00742	0.00992	0.01169	0.01252	0.00702	0.00847	0.01220	0.01595	0.02103	0.04471	0.55853	0.07401	0.02404	0.01027	0.00329	0.00516	0.14948	0.00735	0.00663
60	0.06818	0.03217	0.40551	0.02571	0.03563	0.01897	0.25048	0.02510	0.01724	0.02592	0.01467	0.01817	0.01067	0.00721	0.00802	0.00257	0.01194	0.00702	0.00369	0.01114
61	0.01925	0.03322	0.45868	0.02369	0.08520	0.01810	0.05218	0.07656	0.01912	0.08452	0.01625	0.01826	0.01154	0.00775	0.00764	0.00243	0.01067	0.00635	0.00442	0.04415
62	0.77733	0.01534	0.01166	0.01043	0.01534	0.01779	0.00859	0.02331	0.01350	0.03558	0.01104	0.01288	0.00859	0.00736	0.00491	0.00245	0.00613	0.00429	0.00491	0.00859
63	0.03014	0.02221	0.02380	0.01825	0.02459	0.02459	0.01507	0.64541	0.03728	0.04998	0.01904	0.01904	0.01349	0.00952	0.00793	0.00238	0.00873	0.00714	0.00793	0.01349
64	0.03141	0.02018	0.02254	0.01728	0.02358	0.02158	0.01428	0.50404	0.03389	0.19614	0.02189	0.02089	0.01492	0.00959	0.00794	0.00240	0.00827	0.00733	0.00837	0.01349
65	0.01478	0.00739	0.00739	0.00739	0.00924	0.00739	0.00554	0.01848	0.01663	0.02956	0.02587	0.02956	0.02033	0.00924	0.00554	0.00185	0.00370	0.00739	0.76534	0.00739
66	0.00966	0.00690	0.00920	0.01104	0.01150	0.00644	0.00736	0.01104	0.01518	0.02024	0.04371	0.71614	0.05245	0.02484	0.01012	0.00322	0.00460	0.02254	0.00736	0.00644
67	0.03414	0.01345	0.01812	0.01405	0.01998	0.01183	0.01155	0.03799	0.04758	0.63052	0.05259	0.02817	0.02165	0.01007	0.00802	0.00246	0.00663	0.00823	0.00971	0.01326
68	0.01597	0.01511	0.02558	0.56280	0.18631	0.01788	0.02252	0.02113	0.01633	0.02147	0.01427	0.02082	0.01100	0.00774	0.00791	0.00258	0.01033	0.00705	0.00361	0.00961
69	0.01748	0.01773	0.02639	0.02200	0.02275	0.02389	0.07590	0.01968	0.01276	0.01968	0.01094	0.01773	0.01056	0.01321	0.02446	0.00340	0.64191	0.00717	0.00352	0.00886
70	0.01861	0.10921	0.59372	0.02279	0.03382	0.02067	0.02792	0.02618	0.01795	0.02631	0.01611	0.01941	0.01222	0.00895	0.00821	0.00283	0.01194	0.00641	0.00415	0.01258
71	0.02120	0.72609	0.04155	0.01357	0.02035	0.03138	0.01357	0.02374	0.01611	0.01866	0.01102	0.01272	0.01018	0.00678	0.00509	0.00170	0.00848	0.00424	0.00339	0.01018
72	0.75238	0.01557	0.01206	0.01069	0.01564	0.01802	0.00880	0.04408	0.01429	0.03606	0.01131	0.01309	0.00875	0.00743	0.00501	0.00245	0.00622	0.00439	0.00501	0.00875
73	0.00951	0.00799	0.00826	0.00829	0.01082	0.00674	0.00618	0.01161	0.01825	0.02207	0.11833	0.10204	0.60278	0.02002	0.00940	0.00269	0.00402	0.01682	0.00746	0.00674
74	0.01377	0.00689	0.01033	0.01033	0.01033	0.00689	0.00689	0.01033	0.01033	0.01377	0.01377	0.02410	0.01377	0.02755	0.03099	0.76928	0.00689	0.00689	0.00344	0.00344
75	0.01155	0.00882	0.01316	0.01304	0.01440	0.01043	0.01018	0.01434	0.01272	0.01843	0.02085	0.03065	0.01948	0.05783	0.66590	0.01241	0.04602	0.00844	0.00422	0.00714
76	0.01720	0.01454	0.01685	0.01210	0.01911	0.01134	0.00971	0.05427	0.01759	0.02716	0.01437	0.01659	0.01184	0.00607	0.00599	0.00124	0.00603	0.00483	0.00488	0.72831
77	0.10307	0.01366	0.01779	0.01377	0.01980	0.01221	0.01138	0.03725	0.02186	0.61894	0.02944	0.02571	0.01862	0.00959	0.00770	0.00245	0.00669	0.00764	0.00937	0.01305
78	0.01873	0.01793	0.03057	0.17416	0.55334	0.01861	0.02389	0.02355	0.01763	0.02482	0.01476	0.01992	0.01218	0.00723	0.00787	0.00241	0.00964	0.00706	0.00385	0.01184
79	0.00937	0.00803	0.00803	0.00803	0.01071	0.00669	0.00602	0.01138	0.01807	0.02142	0.08033	0.07632	0.66863	0.02008	0.00937	0.00268	0.00402	0.01674	0.00736	0.00669
80	0.02046	0.01841	0.02552	0.02861	0.24100	0.01985	0.06754	0.08396	0.34106	0.03148	0.02407	0.02473	0.01845	0.00909	0.00809	0.00255	0.00810	0.00821	0.00634	0.01248
81	0.01761	0.26189	0.47431	0.01969	0.02982	0.02260	0.02423	0.02467	0.01654	0.02303	0.01320	0.01545	0.01009	0.00729	0.00675	0.00225	0.01068	0.00534	0.00336	0.01122
82	0.00976	0.00796	0.00868	0.00905	0.01131	0.00688	0.00680	0.01188	0.01788	0.02190	0.09874	0.16637	0.50729	0.02072	0.00960	0.00282	0.00434	0.06385	0.00742	0.00674
83	0.02057	0.53165	0.14841	0.01777	0.06676	0.05761	0.01704	0.02437	0.01663	0.02027	0.01189	0.01394	0.01032	0.00699	0.00578	0.00189	0.00935	0.00474	0.00345	0.01055
84	0.18560	0.10220	0.02286	0.01621	0.02199	0.11552	0.01344	0.33484	0.02726	0.06510	0.01603	0.01671	0.01189	0.00858	0.00687	0.00227	0.00885	0.00597	0.00633	0.01149
85	0.70636	0.05532	0.03919	0.01107	0.01635	0.01856	0.00966	0.02340	0.01376	0.03424	0.01116	0.01302	0.00873	0.00734	0.00502	0.00241	0.00648	0.00435	0.00476	0.00880
86	0.01141	0.00779	0.00936	0.00940	0.00974	0.00793	0.00579	0.01210	0.01258	0.01710	0.06851	0.07698	0.03167	0.55430	0.12612	0.00785	0.00915	0.01176	0.00510	0.00536
87	0.01134	0.00843	0.01242	0.01242	0.01372	0.00973	0.00950	0.01395	0.01265	0.01817	0.02154	0.03281	0.02054	0.11237	0.63798	0.01234	0.02016	0.00874	0.00429	0.00690
88	0.01972	0.01703	0.01793	0.01614	0.02062	0.01972	0.01255	0.04214	0.65752	0.03317	0.03228	0.02959	0.02421	0.01076	0.00807	0.00269	0.00628	0.00897	0.00807	0.01255
89	0.01116	0.00805	0.01054	0.01002	0.01183	0.00744	0.00748	0.01480	0.02214	0.03131	0.64098	0.08733	0.07387	0.01658	0.00939	0.00253	0.00378	0.01469	0.00867	0.00744
90	0.01963	0.01884	0.03219	0.04867	0.67185	0.01884	0.02434	0.02434	0.01806	0.02591	0.01492	0.01963	0.01256	0.00707	0.00785	0.00236	0.00942	0.00707	0.00393	0.01256
91	0.01153	0.00769	0.00865	0.00865	0.00865	0.00769	0.00480	0.01153	0.01153	0.01538	0.02499	0.05189	0.02883	0.72131	0.04036	0.00769	0.00769	0.01153	0.00480	0.00480
92	0.02120	0.72609	0.04155	0.01357	0.02035	0.03138	0.01357	0.02374	0.01611	0.01866	0.01102	0.01272	0.01018	0.00678	0.00509	0.00170	0.00848	0.00424	0.00339	0.01018
93	0.03014	0.02221	0.02380	0.01825	0.02459	0.02459	0.01507	0.64541	0.03728	0.04998	0.01904	0.01904	0.01349	0.00952	0.00793	0.00238	0.00873	0.00714	0.00793	0.01349
94	0.01345	0.00889	0.01244	0.01260	0.01425	0.00838	0.03659	0.04218	0.01732	0.08375	0.06643	0.56243	0.04680	0.02159	0.00976	0.00306	0.00534	0.01957	0.00752	0.00764
95	0.00966	0.00690	0.00920	0.01104	0.01150	0.00644	0.00736	0.01104	0.01518	0.02024	0.04371	0.71614	0.05245	0.02484	0.01012	0.00322	0.00460	0.02254	0.00736	0.00644
96	0.01091	0.00859	0.01310	0.01346	0.01490	0.00807	0.06655	0.01312	0.01606	0.02125	0.04255	0.53766	0.07520	0.02256	0.01013	0.00321	0.00575	0.10292	0.00704	0.00696
97	0.01942	0.01863	0.03181	0.07817	0.64399	0.01879	0.02423	0.02415	0.01796	0.02565	0.01488	0.01969	0.01247	0.00710	0.00785	0.00237	0.00947	0.00706	0.00391	0.01239
98	0.02071	0.37553	0.23059	0.01942	0.06900	0.06216	0.01925	0.07677	0.01856	0.02376	0.01299	0.01501	0.01058	0.00733	0.00636	0.00206	0.00986	0.00521	0.00383	0.01102
99	0.02822	0.01210	0.01617	0.01319	0.01799	0.01080	0.01057	0.03211	0.05020	0.47520	0.14388	0.09617	0.03252	0.01236	0.00842	0.00254	0.00600	0.01047	0.00932	0.01175
100	0.01162	0.01038	0.05580	0.01108	0.01361	0.00831	0.00924	0.01573	0.02183	0.03091	0.58936	0.05803	0.06886	0.01594	0.00932	0.00256	0.00447	0.04691	0.00829	0.00776
