[name]
unknown

[dist]
# distance from previous block
# <min> <max>
0	53

[block]
# block no. 0 follows, 25 sequences, length 6
# corresponding to MSA columns:
# 53-58
name=unknown_A
#
# <colnr> <probs for GDERKNQSTAVLIFYWHMCP>
#	G	D	E	R	K	N	Q	S	T	A	V	L	I	F	Y	W	H	M	C	P
0	0.01643	0.01189	0.01499	0.01510	0.01791	0.01243	0.01301	0.16381	0.02216	0.02915	0.03585	0.07150	0.03733	0.01861	0.01002	0.00328	0.00746	0.48320	0.00728	0.00854
1	0.01372	0.00729	0.00751	0.00751	0.00890	0.00729	0.00525	0.01649	0.01510	0.02569	0.02509	0.03397	0.02180	0.17562	0.01331	0.00313	0.00452	0.00817	0.59298	0.00664
2	0.01612	0.02153	0.15624	0.02604	0.03305	0.01701	0.38763	0.02224	0.01659	0.02320	0.01654	0.02229	0.01317	0.01866	0.16826	0.00487	0.01456	0.00832	0.00386	0.00982
3	0.01057	0.00791	0.00980	0.00933	0.01134	0.00714	0.00700	0.01385	0.02099	0.02883	0.54184	0.06165	0.20778	0.01670	0.00915	0.00248	0.00372	0.01455	0.00824	0.00714
4	0.05854	0.46417	0.14496	0.01573	0.02235	0.08731	0.01604	0.02378	0.01600	0.02023	0.01137	0.01358	0.00987	0.00742	0.00707	0.00199	0.06152	0.00469	0.00345	0.00993
5	0.01582	0.03820	0.62376	0.02315	0.03425	0.01817	0.09032	0.02458	0.01656	0.02458	0.01409	0.01682	0.01001	0.00728	0.00754	0.00247	0.01162	0.00607	0.00334	0.01136

[dist]
# distance from previous block
# <min> <max>
9	13

[block]
# block no. 1 follows, 25 sequences, length 141
# corresponding to MSA columns:
# 74-87,97-223
name=unknown_B
#
# <colnr> <probs for GDERKNQSTAVLIFYWHMCP>
#	G	D	E	R	K	N	Q	S	T	A	V	L	I	F	Y	W	H	M	C	P
0	0.03818	0.01226	0.04561	0.03585	0.01666	0.01096	0.01001	0.05102	0.09086	0.05255	0.30766	0.09464	0.09472	0.01362	0.00832	0.00239	0.00527	0.01171	0.00729	0.09043
1	0.01759	0.01541	0.04914	0.01295	0.01920	0.01239	0.01093	0.07784	0.01848	0.05249	0.07118	0.02033	0.01706	0.00753	0.00733	0.00159	0.04037	0.00590	0.00529	0.53701
2	0.20615	0.01873	0.01878	0.03658	0.02138	0.04153	0.01253	0.36657	0.05356	0.06899	0.01794	0.01861	0.01304	0.00876	0.00687	0.00232	0.00762	0.00638	0.06237	0.01131
3	0.04995	0.00918	0.01224	0.01102	0.01359	0.00851	0.03948	0.01636	0.02014	0.07548	0.42361	0.11068	0.14844	0.01579	0.00891	0.00253	0.00456	0.01388	0.00789	0.00775
4	0.02731	0.02142	0.02149	0.01712	0.02258	0.07954	0.01387	0.51134	0.06459	0.04323	0.02015	0.05321	0.01557	0.00997	0.00770	0.00233	0.00847	0.00764	0.04028	0.01219
5	0.01847	0.01812	0.03221	0.13405	0.51353	0.01841	0.10401	0.02340	0.01745	0.02453	0.01462	0.01961	0.01196	0.00697	0.00788	0.00238	0.00986	0.00719	0.00380	0.01156
6	0.01817	0.01886	0.07426	0.07498	0.52779	0.01760	0.02272	0.02361	0.03918	0.02507	0.01721	0.02492	0.01501	0.00828	0.00791	0.00244	0.00915	0.05704	0.00418	0.01163
7	0.01445	0.00723	0.00723	0.00723	0.00903	0.00723	0.00542	0.01807	0.01626	0.02891	0.02529	0.02891	0.01987	0.00903	0.00542	0.00181	0.00361	0.00723	0.77055	0.00723
8	0.01122	0.00808	0.01074	0.01069	0.01247	0.00760	0.00835	0.01478	0.02088	0.02912	0.52646	0.08703	0.06670	0.01726	0.00948	0.00269	0.00438	0.13660	0.00821	0.00725
9	0.01919	0.01842	0.03147	0.04759	0.67914	0.01842	0.02380	0.02380	0.01765	0.02533	0.01458	0.01919	0.01228	0.00691	0.00768	0.00230	0.00921	0.00691	0.00384	0.01228
10	0.01445	0.00723	0.00723	0.00723	0.00903	0.00723	0.00542	0.01807	0.01626	0.02891	0.02529	0.02891	0.01987	0.00903	0.00542	0.00181	0.00361	0.00723	0.77055	0.00723
11	0.01919	0.01842	0.03147	0.04759	0.67914	0.01842	0.02380	0.02380	0.01765	0.02533	0.01458	0.01919	0.01228	0.00691	0.00768	0.00230	0.00921	0.00691	0.00384	0.01228
12	0.01692	0.06202	0.55782	0.02034	0.03048	0.01765	0.02521	0.04824	0.01778	0.05853	0.06037	0.01967	0.01479	0.00811	0.00743	0.00242	0.01045	0.00639	0.00412	0.01127
13	0.20637	0.02125	0.09553	0.01555	0.02071	0.12627	0.01367	0.07642	0.04947	0.17108	0.01945	0.06791	0.01541	0.00983	0.00826	0.00247	0.05690	0.00716	0.00598	0.01031
14	0.02003	0.01669	0.01730	0.01490	0.01933	0.04967	0.01162	0.18912	0.27175	0.03274	0.02926	0.13217	0.05391	0.01209	0.00794	0.00244	0.00673	0.01005	0.00717	0.09509
15	0.03479	0.01320	0.01799	0.01380	0.01979	0.01140	0.01140	0.03779	0.02219	0.68451	0.03059	0.02639	0.01919	0.00960	0.00780	0.00240	0.00660	0.00780	0.00960	0.01320
16	0.02496	0.01149	0.01518	0.01237	0.01670	0.01037	0.00992	0.05824	0.02278	0.39129	0.28890	0.03868	0.04058	0.01210	0.00834	0.00241	0.00551	0.01026	0.00908	0.01083
17	0.01018	0.00731	0.00965	0.01030	0.01141	0.00679	0.00725	0.01263	0.01825	0.02520	0.34552	0.40423	0.06176	0.02025	0.00954	0.00281	0.00410	0.01820	0.00784	0.00679
18	0.01120	0.00795	0.00961	0.00945	0.01152	0.00707	0.00699	0.01385	0.01927	0.05640	0.32932	0.17334	0.27894	0.01830	0.00921	0.00262	0.00403	0.01589	0.00789	0.00715
19	0.00927	0.00778	0.00806	0.00815	0.01058	0.00657	0.00605	0.01128	0.01769	0.02137	0.10577	0.11843	0.60294	0.01977	0.00921	0.00265	0.00395	0.01664	0.00727	0.00657
20	0.01503	0.01418	0.02396	0.65254	0.10670	0.01733	0.02173	0.02015	0.01569	0.02028	0.01385	0.02055	0.01050	0.00768	0.00775	0.00256	0.01024	0.00689	0.00348	0.00893
21	0.06189	0.01142	0.01490	0.01216	0.01663	0.01019	0.00974	0.02819	0.02122	0.40097	0.23295	0.05865	0.03651	0.01181	0.00807	0.00239	0.00554	0.00995	0.00877	0.03804
22	0.68387	0.01588	0.01231	0.01092	0.01561	0.04512	0.00890	0.05063	0.01497	0.03460	0.04066	0.01493	0.01155	0.00771	0.00521	0.00238	0.00633	0.00479	0.00506	0.00859
23	0.02073	0.73217	0.04063	0.01327	0.01990	0.03068	0.01327	0.02322	0.01575	0.01824	0.01078	0.01244	0.00995	0.00663	0.00498	0.00166	0.00829	0.00415	0.00332	0.00995
24	0.03008	0.01414	0.01916	0.01459	0.02072	0.01251	0.04133	0.05555	0.05917	0.49330	0.02698	0.02445	0.01773	0.00891	0.00755	0.00223	0.00681	0.00740	0.00841	0.12898
25	0.01145	0.00838	0.01124	0.01107	0.01178	0.00941	0.00784	0.01294	0.01191	0.01672	0.02188	0.03878	0.02283	0.35199	0.37365	0.00984	0.04839	0.00955	0.00436	0.00601
26	0.01445	0.00723	0.00723	0.00723	0.00903	0.00723	0.00542	0.01807	0.01626	0.02891	0.02529	0.02891	0.01987	0.00903	0.00542	0.00181	0.00361	0.00723	0.77055	0.00723
27	0.01464	0.01378	0.02326	0.70887	0.05340	0.01723	0.02153	0.01981	0.01550	0.01981	0.01378	0.02067	0.01034	0.00775	0.00775	0.00258	0.01034	0.00689	0.00345	0.00861
28	0.27594	0.07729	0.04363	0.01421	0.01966	0.04297	0.01216	0.26441	0.02336	0.06844	0.01686	0.04565	0.01326	0.00889	0.00650	0.00230	0.00749	0.00638	0.04002	0.01058
29	0.01445	0.00723	0.00723	0.00723	0.00903	0.00723	0.00542	0.01807	0.01626	0.02891	0.02529	0.02891	0.01987	0.00903	0.00542	0.00181	0.00361	0.00723	0.77055	0.00723
30	0.01128	0.00752	0.00846	0.00846	0.00846	0.00752	0.00470	0.01128	0.01128	0.01503	0.02443	0.05074	0.02819	0.72751	0.03946	0.00752	0.00752	0.01128	0.00470	0.00470
31	0.01848	0.01927	0.06009	0.15375	0.47422	0.04421	0.02284	0.02308	0.01700	0.02367	0.01402	0.01895	0.01161	0.00757	0.00887	0.00242	0.05821	0.00677	0.00372	0.01124
32	0.01640	0.13560	0.56705	0.02137	0.03198	0.01985	0.05580	0.02438	0.01638	0.02369	0.01356	0.01604	0.00993	0.00723	0.00712	0.00235	0.01109	0.00567	0.00331	0.01120
33	0.01484	0.01254	0.01481	0.01389	0.01588	0.06951	0.01083	0.08347	0.01574	0.02128	0.01942	0.02798	0.01784	0.07405	0.50506	0.00985	0.05282	0.00793	0.00451	0.00775
34	0.01128	0.00752	0.00846	0.00846	0.00846	0.00752	0.00470	0.01128	0.01128	0.01503	0.02443	0.05074	0.02819	0.72751	0.03946	0.00752	0.00752	0.01128	0.00470	0.00470
35	0.01110	0.00913	0.01058	0.01101	0.04062	0.00850	0.00775	0.01556	0.08139	0.02507	0.23891	0.09356	0.38367	0.01735	0.00901	0.00258	0.00432	0.01482	0.00750	0.00755
36	0.01696	0.01696	0.02375	0.02036	0.02036	0.02375	0.01696	0.01866	0.01187	0.01866	0.01018	0.01696	0.01018	0.01357	0.02545	0.00339	0.71332	0.00679	0.00339	0.00848
37	0.01919	0.01842	0.03147	0.04759	0.67914	0.01842	0.02380	0.02380	0.01765	0.02533	0.01458	0.01919	0.01228	0.00691	0.00768	0.00230	0.00921	0.00691	0.00384	0.01228
38	0.01128	0.00752	0.00846	0.00846	0.00846	0.00752	0.00470	0.01128	0.01128	0.01503	0.02443	0.05074	0.02819	0.72751	0.03946	0.00752	0.00752	0.01128	0.00470	0.00470
39	0.01483	0.01397	0.02359	0.68168	0.07914	0.01728	0.02163	0.01997	0.01559	0.02004	0.01381	0.02061	0.01042	0.00772	0.00775	0.00257	0.01029	0.00689	0.00346	0.00876
40	0.03479	0.01320	0.01799	0.01380	0.01979	0.01140	0.01140	0.03779	0.02219	0.68451	0.03059	0.02639	0.01919	0.00960	0.00780	0.00240	0.00660	0.00780	0.00960	0.01320
41	0.01342	0.01001	0.01314	0.01431	0.01647	0.01036	0.01225	0.01966	0.11200	0.02487	0.06575	0.07775	0.04275	0.01961	0.01024	0.00339	0.00685	0.51199	0.00731	0.00789
42	0.00945	0.00675	0.00900	0.01080	0.01125	0.00630	0.00720	0.01080	0.01484	0.01979	0.04274	0.72245	0.05128	0.02429	0.00990	0.00315	0.00450	0.02204	0.00720	0.00630
43	0.78228	0.01499	0.01140	0.01020	0.01499	0.01739	0.00840	0.02279	0.01320	0.03479	0.01080	0.01260	0.00840	0.00720	0.00480	0.00240	0.00600	0.00420	0.00480	0.00840
44	0.01919	0.01842	0.03147	0.04759	0.67914	0.01842	0.02380	0.02380	0.01765	0.02533	0.01458	0.01919	0.01228	0.00691	0.00768	0.00230	0.00921	0.00691	0.00384	0.01228
45	0.02673	0.03226	0.02095	0.01900	0.02309	0.53978	0.01435	0.03333	0.17073	0.02209	0.01651	0.01744	0.01315	0.00858	0.00720	0.00214	0.01217	0.00587	0.00490	0.00975
46	0.01464	0.01378	0.02326	0.70887	0.05340	0.01723	0.02153	0.01981	0.01550	0.01981	0.01378	0.02067	0.01034	0.00775	0.00775	0.00258	0.01034	0.00689	0.00345	0.00861
47	0.01033	0.00776	0.00956	0.00941	0.01126	0.00699	0.00694	0.01327	0.01998	0.02712	0.44542	0.14650	0.22129	0.01787	0.00925	0.00257	0.00383	0.01563	0.00803	0.00699
48	0.00918	0.00781	0.00790	0.00798	0.01051	0.00653	0.00595	0.01111	0.01755	0.02090	0.07700	0.10258	0.64903	0.01984	0.00920	0.00264	0.00395	0.01661	0.00720	0.00653
49	0.01128	0.00752	0.00846	0.00846	0.00846	0.00752	0.00470	0.01128	0.01128	0.01503	0.02443	0.05074	0.02819	0.72751	0.03946	0.00752	0.00752	0.01128	0.00470	0.00470
50	0.01608	0.01378	0.01608	0.01148	0.01837	0.01034	0.00919	0.01952	0.01608	0.02527	0.01378	0.01608	0.01148	0.00574	0.00574	0.00115	0.00574	0.00459	0.00459	0.77491
51	0.66330	0.04022	0.01558	0.01235	0.01752	0.01782	0.06345	0.02353	0.01405	0.05730	0.01194	0.01381	0.00914	0.00721	0.00529	0.00239	0.00670	0.00475	0.00485	0.00880
52	0.01555	0.04011	0.68733	0.02210	0.03356	0.01801	0.02865	0.02455	0.01637	0.02455	0.01391	0.01637	0.00982	0.00737	0.00737	0.00246	0.01146	0.00573	0.00327	0.01146
53	0.01888	0.01810	0.03091	0.09316	0.63602	0.01834	0.02364	0.02352	0.01751	0.02495	0.01453	0.01929	0.01215	0.00697	0.00768	0.00232	0.00929	0.00691	0.00381	0.01203
54	0.01097	0.00793	0.01036	0.00975	0.01158	0.00732	0.00732	0.01463	0.02195	0.03109	0.67505	0.05792	0.07316	0.01585	0.00914	0.00244	0.00366	0.01402	0.00854	0.00732
55	0.00945	0.00675	0.00900	0.01080	0.01125	0.00630	0.00720	0.01080	0.01484	0.01979	0.04274	0.72245	0.05128	0.02429	0.00990	0.00315	0.00450	0.02204	0.00720	0.00630
56	0.00945	0.00675	0.00900	0.01080	0.01125	0.00630	0.00720	0.01080	0.01484	0.01979	0.04274	0.72245	0.05128	0.02429	0.00990	0.00315	0.00450	0.02204	0.00720	0.00630
57	0.03412	0.01334	0.01797	0.01388	0.01981	0.01174	0.01143	0.03793	0.04989	0.65642	0.03063	0.02650	0.01939	0.00964	0.00780	0.00241	0.00658	0.00784	0.00952	0.01316
58	0.01073	0.00787	0.01006	0.00961	0.01146	0.00720	0.00717	0.01413	0.02124	0.02964	0.59069	0.08668	0.13144	0.01657	0.00918	0.00249	0.00372	0.01458	0.00835	0.00720
59	0.02947	0.02172	0.02327	0.01784	0.02404	0.02404	0.01474	0.65329	0.03646	0.04887	0.01862	0.01862	0.01319	0.00931	0.00776	0.00233	0.00853	0.00698	0.00776	0.01319
60	0.78228	0.01499	0.01140	0.01020	0.01499	0.01739	0.00840	0.02279	0.01320	0.03479	0.01080	0.01260	0.00840	0.00720	0.00480	0.00240	0.00600	0.00420	0.00480	0.00840
61	0.78228	0.01499	0.01140	0.01020	0.01499	0.01739	0.00840	0.02279	0.01320	0.03479	0.01080	0.01260	0.00840	0.00720	0.00480	0.00240	0.00600	0.00420	0.00480	0.00840
62	0.01762	0.01361	0.01607	0.01184	0.01833	0.01066	0.00944	0.02172	0.04322	0.08291	0.01694	0.04105	0.01398	0.00689	0.00615	0.00139	0.00579	0.00563	0.00525	0.65151
63	0.03100	0.01740	0.02041	0.01572	0.02165	0.01780	0.01296	0.35683	0.02960	0.32578	0.05218	0.02371	0.01840	0.00972	0.00783	0.00236	0.00748	0.00764	0.00859	0.01294
64	0.02947	0.02172	0.02327	0.01784	0.02404	0.02404	0.01474	0.65329	0.03646	0.04887	0.01862	0.01862	0.01319	0.00931	0.00776	0.00233	0.00853	0.00698	0.00776	0.01319
65	0.02092	0.01346	0.01413	0.01179	0.01549	0.01446	0.00943	0.29133	0.02495	0.03749	0.02242	0.02448	0.01700	0.00915	0.00643	0.00203	0.00573	0.00712	0.44240	0.00979
66	0.02863	0.02046	0.02207	0.01709	0.02302	0.02250	0.01406	0.56903	0.06267	0.07804	0.02006	0.01989	0.01423	0.00936	0.00766	0.00232	0.00812	0.00711	0.04078	0.01289
67	0.01249	0.00892	0.01249	0.01428	0.01606	0.00892	0.01249	0.01606	0.01785	0.02320	0.04105	0.08746	0.04462	0.02142	0.01071	0.00357	0.00714	0.62695	0.00714	0.00714
68	0.00943	0.00682	0.00892	0.01059	0.01119	0.00631	0.00711	0.01082	0.01504	0.01987	0.04520	0.67780	0.09434	0.02397	0.00985	0.00311	0.00446	0.02165	0.00720	0.00631
69	0.02518	0.01648	0.02093	0.21065	0.03035	0.01788	0.01524	0.28263	0.02583	0.19174	0.02427	0.02492	0.05951	0.00965	0.00786	0.00244	0.00826	0.00780	0.00695	0.01144
70	0.01904	0.02202	0.04411	0.03180	0.03938	0.06625	0.60715	0.02526	0.01855	0.02443	0.01543	0.02044	0.01164	0.00664	0.00900	0.00257	0.01313	0.00886	0.00393	0.01036
71	0.01085	0.00792	0.01019	0.00962	0.01151	0.00726	0.00722	0.01439	0.02165	0.03039	0.63394	0.05907	0.11470	0.01611	0.00915	0.00245	0.00368	0.01418	0.00844	0.00726
72	0.01786	0.01988	0.04255	0.03167	0.06664	0.01872	0.57862	0.02386	0.01779	0.02418	0.01624	0.02289	0.01292	0.05624	0.01117	0.00294	0.01252	0.00920	0.00397	0.01014
73	0.01633	0.03482	0.51276	0.02544	0.05562	0.01840	0.17774	0.02460	0.01687	0.02465	0.01436	0.01755	0.01037	0.00715	0.00780	0.00249	0.01177	0.00659	0.00345	0.01124
74	0.78228	0.01499	0.01140	0.01020	0.01499	0.01739	0.00840	0.02279	0.01320	0.03479	0.01080	0.01260	0.00840	0.00720	0.00480	0.00240	0.00600	0.00420	0.00480	0.00840
75	0.00966	0.00692	0.00919	0.01065	0.01129	0.00644	0.00721	0.01134	0.01585	0.02140	0.13257	0.62803	0.05439	0.02309	0.00979	0.00305	0.00438	0.02090	0.00739	0.00644
76	0.06191	0.02143	0.02276	0.01751	0.02366	0.02376	0.01446	0.62612	0.03545	0.04826	0.01828	0.01836	0.01298	0.00922	0.00763	0.00233	0.00842	0.00686	0.00763	0.01298
77	0.01655	0.01738	0.03466	0.27047	0.07486	0.01786	0.35328	0.02231	0.01753	0.02352	0.06040	0.02329	0.01552	0.00763	0.00858	0.00258	0.01127	0.00858	0.00407	0.00968
78	0.02366	0.25514	0.11216	0.02096	0.09376	0.29557	0.01707	0.05706	0.01954	0.02157	0.01244	0.01457	0.01035	0.00743	0.00651	0.00200	0.01109	0.00512	0.00386	0.01016
79	0.03420	0.01333	0.01798	0.01387	0.01981	0.01169	0.01143	0.03792	0.04649	0.65987	0.03063	0.02649	0.01936	0.00963	0.00780	0.00241	0.00658	0.00783	0.00953	0.01316
80	0.01716	0.01668	0.02160	0.01731	0.02067	0.04573	0.04439	0.01982	0.01432	0.02167	0.01199	0.01667	0.01078	0.00980	0.01584	0.00238	0.36135	0.00593	0.00393	0.32197
81	0.01955	0.01911	0.03112	0.04657	0.65501	0.04339	0.02347	0.02406	0.01781	0.02510	0.01449	0.01900	0.01220	0.00695	0.00765	0.00229	0.00939	0.00684	0.00384	0.01216
82	0.01919	0.01842	0.03147	0.04759	0.67914	0.01842	0.02380	0.02380	0.01765	0.02533	0.01458	0.01919	0.01228	0.00691	0.00768	0.00230	0.00921	0.00691	0.00384	0.01228
83	0.00945	0.00675	0.00900	0.01080	0.01125	0.00630	0.00720	0.01080	0.01484	0.01979	0.04274	0.72245	0.05128	0.02429	0.00990	0.00315	0.00450	0.02204	0.00720	0.00630
84	0.01464	0.01378	0.02326	0.70887	0.05340	0.01723	0.02153	0.01981	0.01550	0.01981	0.01378	0.02067	0.01034	0.00775	0.00775	0.00258	0.01034	0.00689	0.00345	0.00861
85	0.01128	0.00752	0.00846	0.00846	0.00846	0.00752	0.00470	0.01128	0.01128	0.01503	0.02443	0.05074	0.02819	0.72751	0.03946	0.00752	0.00752	0.01128	0.00470	0.00470
86	0.01163	0.00872	0.01079	0.01088	0.01273	0.00844	0.00814	0.03494	0.06396	0.02684	0.31625	0.23772	0.12913	0.01847	0.00936	0.00276	0.00454	0.06941	0.00783	0.00746
87	0.01608	0.01378	0.01608	0.01148	0.01837	0.01034	0.00919	0.01952	0.01608	0.02527	0.01378	0.01608	0.01148	0.00574	0.00574	0.00115	0.00574	0.00459	0.00459	0.77491
88	0.68724	0.01477	0.01223	0.01065	0.01560	0.01663	0.00878	0.02470	0.01434	0.11739	0.01331	0.01435	0.00977	0.00750	0.00518	0.00240	0.00607	0.00466	0.00541	0.00901
89	0.00916	0.00785	0.00785	0.00785	0.01047	0.00655	0.00589	0.01113	0.01767	0.02095	0.07855	0.07462	0.67599	0.01964	0.00916	0.00262	0.00393	0.01636	0.00720	0.00655
90	0.01153	0.00813	0.01008	0.00947	0.01166	0.00730	0.00715	0.01476	0.02095	0.05557	0.50758	0.06057	0.21340	0.01649	0.00909	0.00248	0.00384	0.01432	0.00826	0.00738
91	0.01183	0.00930	0.01344	0.01302	0.01409	0.01121	0.01007	0.01417	0.01227	0.01777	0.01984	0.03090	0.01916	0.12215	0.54545	0.01083	0.10508	0.00843	0.00412	0.00688
92	0.00922	0.00786	0.00794	0.00792	0.01051	0.00657	0.00594	0.01124	0.01782	0.02128	0.09843	0.07406	0.65590	0.01951	0.00916	0.00261	0.00392	0.01629	0.00724	0.00657
93	0.02073	0.73217	0.04063	0.01327	0.01990	0.03068	0.01327	0.02322	0.01575	0.01824	0.01078	0.01244	0.00995	0.00663	0.00498	0.00166	0.00829	0.00415	0.00332	0.00995
94	0.01599	0.09910	0.63221	0.02135	0.03239	0.01909	0.02734	0.02444	0.01632	0.02402	0.01365	0.01603	0.00983	0.00730	0.00716	0.00239	0.01119	0.00559	0.00328	0.01133
95	0.78228	0.01499	0.01140	0.01020	0.01499	0.01739	0.00840	0.02279	0.01320	0.03479	0.01080	0.01260	0.00840	0.00720	0.00480	0.00240	0.00600	0.00420	0.00480	0.00840
96	0.63109	0.01468	0.01240	0.01076	0.01560	0.01650	0.00884	0.04994	0.01529	0.10657	0.01401	0.01517	0.01035	0.00764	0.00528	0.00237	0.00605	0.00486	0.04356	0.00906
97	0.02901	0.01192	0.01614	0.01281	0.01780	0.01041	0.01041	0.03217	0.02213	0.52590	0.18703	0.03404	0.03229	0.01111	0.00812	0.00241	0.00588	0.00931	0.00934	0.01177
98	0.01476	0.01043	0.01170	0.01098	0.01351	0.01076	0.00830	0.08824	0.12130	0.03009	0.19483	0.15033	0.08926	0.01428	0.00800	0.00243	0.00472	0.01224	0.19535	0.00848
99	0.70954	0.01567	0.01175	0.01057	0.01510	0.04888	0.00853	0.02262	0.01352	0.03309	0.01151	0.01451	0.00943	0.04206	0.00658	0.00263	0.00645	0.00458	0.00476	0.00825
100	0.01630	0.01696	0.03455	0.15043	0.03711	0.01670	0.41431	0.02175	0.01723	0.02359	0.01930	0.10692	0.01688	0.00909	0.00873	0.00262	0.01088	0.01018	0.05707	0.00939
101	0.02805	0.05221	0.02341	0.04090	0.02434	0.05254	0.01459	0.55576	0.03353	0.04458	0.01806	0.01858	0.01304	0.00907	0.00752	0.00227	0.00865	0.00678	0.03362	0.01250
102	0.01814	0.01274	0.04574	0.01787	0.11058	0.01118	0.01266	0.05155	0.01957	0.15686	0.14113	0.17258	0.03668	0.01472	0.00877	0.00267	0.00642	0.11049	0.00716	0.04250
103	0.01566	0.06845	0.60312	0.02149	0.03214	0.01811	0.04913	0.02403	0.01668	0.02460	0.04584	0.01837	0.01296	0.00772	0.00741	0.00243	0.01100	0.00618	0.00355	0.01116
104	0.01570	0.11515	0.54210	0.02004	0.02996	0.01839	0.02496	0.02333	0.01645	0.02362	0.01774	0.02305	0.03536	0.00872	0.00740	0.00245	0.01053	0.05056	0.00369	0.01081
105	0.01464	0.01378	0.02326	0.70887	0.05340	0.01723	0.02153	0.01981	0.01550	0.01981	0.01378	0.02067	0.01034	0.00775	0.00775	0.00258	0.01034	0.00689	0.00345	0.00861
106	0.01772	0.02263	0.15890	0.11396	0.03784	0.01862	0.36537	0.02397	0.01729	0.05059	0.01614	0.02209	0.01245	0.00792	0.00976	0.00266	0.06023	0.02752	0.00404	0.01028
107	0.04797	0.01695	0.05480	0.31944	0.27707	0.01760	0.05102	0.02264	0.04516	0.02357	0.01587	0.02251	0.01290	0.00798	0.00777	0.00251	0.00962	0.03036	0.00400	0.01027
108	0.02247	0.01474	0.01746	0.04377	0.04079	0.01563	0.01215	0.08658	0.30288	0.19911	0.03309	0.08537	0.06789	0.01168	0.00809	0.00257	0.00644	0.00982	0.00791	0.01157
109	0.04057	0.01330	0.01330	0.01198	0.01502	0.08569	0.00919	0.05246	0.08895	0.07614	0.36229	0.04648	0.12621	0.01385	0.00848	0.00242	0.00561	0.01167	0.00772	0.00867
110	0.02964	0.01539	0.01863	0.01471	0.02016	0.01531	0.01194	0.19693	0.10180	0.38760	0.05516	0.02694	0.02083	0.03705	0.00905	0.00260	0.00696	0.00810	0.00868	0.01251
111	0.01677	0.07631	0.29442	0.02625	0.06424	0.01869	0.28463	0.02352	0.01708	0.02392	0.01662	0.07078	0.01385	0.00821	0.00815	0.00251	0.01129	0.00832	0.00387	0.01059
112	0.00967	0.00701	0.00917	0.01065	0.01142	0.00650	0.00733	0.01134	0.01573	0.02092	0.09573	0.59871	0.09581	0.02318	0.00982	0.00307	0.00450	0.04570	0.00730	0.00643
113	0.01710	0.02475	0.24224	0.05429	0.18809	0.01742	0.21192	0.02360	0.01722	0.02511	0.01580	0.01989	0.01207	0.00720	0.00779	0.00240	0.01054	0.00724	0.08451	0.01081
114	0.02563	0.07813	0.09305	0.01612	0.02185	0.07050	0.01433	0.17849	0.07386	0.21819	0.05407	0.05741	0.01954	0.01016	0.00821	0.00239	0.03156	0.00792	0.00702	0.01156
115	0.00997	0.00786	0.00906	0.00928	0.01139	0.00695	0.00704	0.01245	0.01844	0.02355	0.21824	0.14093	0.39723	0.01938	0.00939	0.00273	0.00424	0.07757	0.00752	0.00677
116	0.01113	0.00746	0.00850	0.00864	0.00867	0.00742	0.00489	0.01124	0.01155	0.01540	0.02586	0.10306	0.02999	0.67274	0.03716	0.00718	0.00728	0.01211	0.00489	0.00482
117	0.01653	0.01774	0.07276	0.30075	0.17548	0.01765	0.11696	0.02397	0.09649	0.02367	0.01949	0.02366	0.04391	0.00826	0.00801	0.00253	0.00978	0.00784	0.00431	0.01022
118	0.02966	0.01718	0.04884	0.01860	0.07274	0.01596	0.04211	0.16977	0.07660	0.38668	0.02549	0.02370	0.01701	0.00918	0.00783	0.00241	0.00767	0.00760	0.00811	0.01286
119	0.02080	0.01700	0.01808	0.01590	0.02051	0.01944	0.01247	0.09785	0.58314	0.05798	0.03032	0.02788	0.02253	0.01037	0.00787	0.00259	0.00638	0.00856	0.00794	0.01239
120	0.72541	0.01665	0.01219	0.01093	0.01567	0.06865	0.00889	0.02341	0.01386	0.03359	0.01089	0.01270	0.00852	0.00726	0.00496	0.00237	0.00660	0.00426	0.00474	0.00844
121	0.01109	0.00759	0.00920	0.00934	0.00962	0.00780	0.00577	0.01168	0.01177	0.01593	0.02526	0.10096	0.02851	0.55505	0.15121	0.00803	0.00958	0.01162	0.00480	0.00521
122	0.01686	0.01512	0.01666	0.01235	0.01878	0.04432	0.00984	0.02094	0.04288	0.02505	0.01431	0.01653	0.01187	0.00629	0.00650	0.00132	0.02819	0.00485	0.00466	0.68267
123	0.01113	0.00778	0.00969	0.00969	0.01022	0.00816	0.00631	0.01208	0.01189	0.01619	0.02533	0.04528	0.04991	0.49069	0.24461	0.00888	0.01154	0.01054	0.00462	0.00547
124	0.01398	0.01245	0.01742	0.01579	0.01627	0.01627	0.01255	0.01579	0.01208	0.01798	0.01669	0.04793	0.01699	0.12534	0.25344	0.00700	0.36232	0.00838	0.00394	0.00738
125	0.00982	0.00831	0.00855	0.00849	0.01114	0.00726	0.00644	0.01286	0.04919	0.02198	0.09958	0.07208	0.60245	0.01909	0.00914	0.00264	0.00411	0.03271	0.00729	0.00687
126	0.01048	0.00767	0.00984	0.00980	0.01141	0.00703	0.00716	0.01349	0.02004	0.02774	0.48505	0.20177	0.12362	0.01801	0.00931	0.00261	0.00386	0.01595	0.00813	0.00703
127	0.01712	0.01471	0.01775	0.01348	0.01897	0.01360	0.01092	0.07246	0.01696	0.02588	0.01392	0.01707	0.01177	0.00962	0.03971	0.00211	0.11950	0.00531	0.00465	0.55450
128	0.00945	0.00675	0.00900	0.01080	0.01125	0.00630	0.00720	0.01080	0.01484	0.01979	0.04274	0.72245	0.05128	0.02429	0.00990	0.00315	0.00450	0.02204	0.00720	0.00630
129	0.01555	0.04011	0.68733	0.02210	0.03356	0.01801	0.02865	0.02455	0.01637	0.02455	0.01391	0.01637	0.00982	0.00737	0.00737	0.00246	0.01146	0.00573	0.00327	0.01146
130	0.01801	0.02313	0.12289	0.03206	0.06790	0.01936	0.54783	0.02476	0.01804	0.02482	0.01542	0.02029	0.01155	0.00665	0.00887	0.00258	0.01271	0.00864	0.00384	0.01066
131	0.01203	0.00816	0.01070	0.00993	0.01195	0.00750	0.00750	0.01566	0.02196	0.06008	0.64646	0.05652	0.07077	0.01557	0.00909	0.00244	0.00379	0.01375	0.00858	0.00758
132	0.01012	0.00703	0.00880	0.00994	0.01022	0.00674	0.00628	0.01097	0.01354	0.01805	0.03602	0.47612	0.04281	0.28217	0.02074	0.00475	0.00561	0.01809	0.00628	0.00571
133	0.04796	0.31821	0.09968	0.04367	0.02316	0.05400	0.01500	0.16986	0.04905	0.05105	0.01541	0.01671	0.01206	0.00784	0.00632	0.00205	0.00856	0.00560	0.04302	0.01079
134	0.00952	0.00680	0.00906	0.01075	0.01126	0.00635	0.00720	0.01098	0.01518	0.02033	0.07250	0.69116	0.05231	0.02389	0.00986	0.00312	0.00446	0.02166	0.00726	0.00635
135	0.01608	0.01378	0.01608	0.01148	0.01837	0.01034	0.00919	0.01952	0.01608	0.02527	0.01378	0.01608	0.01148	0.00574	0.00574	0.00115	0.00574	0.00459	0.00459	0.77491
136	0.17878	0.04285	0.04791	0.01513	0.02075	0.02017	0.01286	0.30944	0.12881	0.06552	0.02325	0.02292	0.05956	0.00962	0.00717	0.00240	0.00736	0.00723	0.00687	0.01143
137	0.02925	0.02194	0.04621	0.01779	0.02417	0.02320	0.01506	0.60069	0.03504	0.07965	0.01905	0.01892	0.01337	0.00925	0.00774	0.00234	0.00854	0.00698	0.00769	0.01313
138	0.01138	0.00835	0.01071	0.01005	0.01200	0.00789	0.00756	0.01592	0.05304	0.03116	0.64394	0.05652	0.07077	0.01559	0.00908	0.00245	0.00378	0.01377	0.00850	0.00756
139	0.00986	0.00718	0.00930	0.01025	0.01128	0.00661	0.00712	0.01193	0.01712	0.02314	0.22759	0.47735	0.10960	0.02148	0.00962	0.00290	0.00421	0.01926	0.00758	0.00661
140	0.01942	0.02508	0.25386	0.02038	0.02718	0.04870	0.11127	0.02563	0.06440	0.08574	0.13958	0.06587	0.02862	0.01198	0.00913	0.00292	0.00965	0.03304	0.00632	0.01122

[dist]
# distance from previous block
# <min> <max>
5	8

[block]
# block no. 2 follows, 25 sequences, length 17
# corresponding to MSA columns:
# 233-249
name=unknown_C
#
# <colnr> <probs for GDERKNQSTAVLIFYWHMCP>
#	G	D	E	R	K	N	Q	S	T	A	V	L	I	F	Y	W	H	M	C	P
0	0.04304	0.16251	0.22051	0.03767	0.02530	0.05450	0.04522	0.05999	0.05158	0.02535	0.04469	0.03581	0.01498	0.00802	0.00680	0.00208	0.00888	0.00633	0.00446	0.14225
1	0.09160	0.01837	0.02746	0.10595	0.05179	0.05644	0.21745	0.05873	0.08712	0.05290	0.01683	0.01974	0.01277	0.00739	0.00754	0.00227	0.00948	0.00709	0.00491	0.14417
2	0.02186	0.01725	0.02184	0.01673	0.02263	0.01730	0.07990	0.21719	0.11909	0.07378	0.04405	0.02152	0.01660	0.00855	0.00806	0.00210	0.03520	0.00706	0.00638	0.24292
3	0.22180	0.05499	0.04768	0.01390	0.01955	0.07096	0.01180	0.04697	0.11674	0.22266	0.02049	0.01989	0.01458	0.00837	0.00662	0.00225	0.00725	0.00619	0.00653	0.08078
4	0.22322	0.06080	0.01865	0.01382	0.01911	0.01916	0.01137	0.30428	0.02424	0.03757	0.01681	0.04691	0.01353	0.00931	0.00717	0.02292	0.00708	0.00647	0.04636	0.09124
5	0.05148	0.07229	0.04400	0.01584	0.02195	0.02001	0.01358	0.37392	0.02883	0.21282	0.02113	0.02044	0.01459	0.00904	0.00735	0.00228	0.00779	0.00687	0.04331	0.01247
6	0.01210	0.08522	0.01545	0.01255	0.01449	0.01192	0.01007	0.01484	0.01281	0.01803	0.01971	0.02855	0.01838	0.05268	0.62327	0.01131	0.01944	0.00787	0.00406	0.00724
7	0.01919	0.01842	0.03147	0.04759	0.67914	0.01842	0.02380	0.02380	0.01765	0.02533	0.01458	0.01919	0.01228	0.00691	0.00768	0.00230	0.00921	0.00691	0.00384	0.01228
8	0.06934	0.01425	0.01961	0.01523	0.02094	0.01334	0.06283	0.05840	0.08102	0.47556	0.06523	0.02699	0.02133	0.00966	0.00784	0.00244	0.00695	0.00814	0.00860	0.01230
9	0.03422	0.01410	0.01855	0.01422	0.02024	0.01274	0.01175	0.10319	0.02371	0.61697	0.02932	0.02556	0.01855	0.00957	0.00779	0.00239	0.00680	0.00771	0.00940	0.01319
10	0.01097	0.00793	0.01036	0.00975	0.01158	0.00732	0.00732	0.01463	0.02195	0.03109	0.67505	0.05792	0.07316	0.01585	0.00914	0.00244	0.00366	0.01402	0.00854	0.00732
11	0.09136	0.54088	0.06911	0.01385	0.02015	0.08300	0.01351	0.02353	0.01633	0.02071	0.03922	0.01472	0.01248	0.00723	0.00543	0.00183	0.00852	0.00472	0.00373	0.00969
12	0.01708	0.01809	0.06902	0.15083	0.09355	0.01784	0.25147	0.02203	0.01685	0.04829	0.05664	0.05873	0.01729	0.00950	0.01109	0.00270	0.11597	0.00890	0.00438	0.00975
13	0.01201	0.05236	0.01177	0.00998	0.01067	0.00993	0.00667	0.01279	0.01181	0.01596	0.02236	0.04308	0.02465	0.52175	0.17167	0.00803	0.03437	0.01008	0.00446	0.00560
14	0.01123	0.05070	0.01101	0.00967	0.01185	0.02935	0.00709	0.01382	0.04529	0.02071	0.07762	0.20911	0.35869	0.09426	0.01218	0.00318	0.00508	0.01563	0.00669	0.00685
15	0.01757	0.02035	0.08730	0.08720	0.08743	0.04742	0.37522	0.02332	0.01767	0.02440	0.01717	0.04754	0.01381	0.00774	0.00830	0.00248	0.01111	0.00860	0.08541	0.00996
16	0.06879	0.02484	0.10616	0.04348	0.05965	0.16643	0.06244	0.14469	0.11364	0.02894	0.01751	0.04148	0.01404	0.00926	0.00891	0.00246	0.06429	0.00710	0.00524	0.01065

[dist]
# distance from previous block
# <min> <max>
5	24

[block]
# block no. 3 follows, 25 sequences, length 7
# corresponding to MSA columns:
# 274-280
name=unknown_D
#
# <colnr> <probs for GDERKNQSTAVLIFYWHMCP>
#	G	D	E	R	K	N	Q	S	T	A	V	L	I	F	Y	W	H	M	C	P
0	0.07585	0.12791	0.11496	0.02110	0.02824	0.01956	0.24649	0.09418	0.01897	0.02762	0.01528	0.01838	0.01177	0.00714	0.00721	0.00220	0.00968	0.00678	0.06512	0.08156
1	0.02140	0.07233	0.20513	0.05528	0.02739	0.01818	0.08328	0.12106	0.02042	0.14721	0.04725	0.05333	0.01695	0.00959	0.00917	0.00250	0.06510	0.00779	0.00560	0.01103
2	0.06480	0.01414	0.04722	0.04197	0.02334	0.01299	0.19783	0.01885	0.01684	0.02504	0.09114	0.17280	0.02824	0.01242	0.00890	0.00256	0.03175	0.04076	0.07665	0.07175
3	0.09481	0.02414	0.21027	0.02307	0.11315	0.01864	0.07796	0.13565	0.05908	0.11511	0.01774	0.01925	0.01282	0.00826	0.00816	0.00246	0.03561	0.00676	0.00542	0.01164
4	0.10601	0.05047	0.19623	0.05759	0.06475	0.05770	0.22615	0.06184	0.01789	0.02620	0.01400	0.01767	0.01068	0.00757	0.00868	0.00249	0.05282	0.00683	0.00401	0.01042
5	0.01323	0.01078	0.01415	0.01645	0.09899	0.01080	0.01072	0.01942	0.13859	0.02474	0.10985	0.30903	0.07641	0.01721	0.00899	0.00278	0.00554	0.06291	0.00693	0.04246
6	0.02309	0.08602	0.08490	0.01728	0.02304	0.10171	0.04156	0.30225	0.02576	0.03349	0.01971	0.11869	0.01752	0.01054	0.00761	0.00229	0.00887	0.00848	0.00604	0.06116

[dist]
# distance from previous block
# <min> <max>
2	17

[block]
# block no. 4 follows, 25 sequences, length 6
# corresponding to MSA columns:
# 298-303
name=unknown_E
#
# <colnr> <probs for GDERKNQSTAVLIFYWHMCP>
#	G	D	E	R	K	N	Q	S	T	A	V	L	I	F	Y	W	H	M	C	P
0	0.01803	0.16661	0.07618	0.05393	0.02245	0.01713	0.04420	0.02381	0.08871	0.07672	0.02290	0.02721	0.06024	0.01144	0.03711	0.00258	0.02697	0.04611	0.00518	0.17248
1	0.01244	0.00942	0.01159	0.01052	0.01299	0.00885	0.00780	0.04392	0.01773	0.02483	0.24257	0.08306	0.10206	0.13015	0.12388	0.00468	0.00763	0.01155	0.00638	0.12796
2	0.05762	0.12440	0.05633	0.02033	0.05644	0.07447	0.14212	0.11032	0.12322	0.02817	0.01808	0.04591	0.01472	0.00836	0.00731	0.00223	0.00906	0.00727	0.00519	0.08846
3	0.01757	0.04680	0.23151	0.08060	0.07958	0.01523	0.01807	0.06204	0.01780	0.06973	0.01845	0.09609	0.01592	0.00911	0.00730	0.00218	0.00843	0.00764	0.00480	0.19117
4	0.02160	0.02519	0.21549	0.02115	0.02929	0.01877	0.15510	0.21670	0.02322	0.07094	0.01669	0.01859	0.01205	0.00769	0.00768	0.00227	0.00985	0.00682	0.00533	0.11558
5	0.01736	0.02089	0.09431	0.02380	0.02785	0.06249	0.23081	0.02139	0.01538	0.02144	0.01542	0.08105	0.01434	0.01120	0.01565	0.00293	0.30176	0.00873	0.00394	0.00927

[dist]
# distance from previous block
# <min> <max>
0	2

[block]
# block no. 5 follows, 25 sequences, length 156
# corresponding to MSA columns:
# 306-461
name=unknown_F
#
# <colnr> <probs for GDERKNQSTAVLIFYWHMCP>
#	G	D	E	R	K	N	Q	S	T	A	V	L	I	F	Y	W	H	M	C	P
0	0.02530	0.01363	0.01785	0.01468	0.01927	0.01324	0.04099	0.13794	0.06844	0.31964	0.05986	0.18018	0.02766	0.01300	0.00839	0.00258	0.00661	0.01122	0.00831	0.01121
1	0.00953	0.00681	0.00907	0.01074	0.01126	0.00635	0.00720	0.01099	0.01521	0.02037	0.07528	0.68825	0.05241	0.02386	0.00986	0.00311	0.00446	0.02163	0.00727	0.00635
2	0.01760	0.02578	0.20823	0.03000	0.03876	0.01920	0.49337	0.02477	0.01781	0.02477	0.01524	0.01976	0.01127	0.00675	0.00870	0.00257	0.01266	0.00828	0.00376	0.01071
3	0.04857	0.01755	0.03380	0.24063	0.09846	0.01833	0.32232	0.02249	0.01692	0.02345	0.01576	0.02325	0.01268	0.00790	0.00906	0.00264	0.03622	0.03629	0.00393	0.00974
4	0.00945	0.00675	0.00900	0.01080	0.01125	0.00630	0.00720	0.01080	0.01484	0.01979	0.04274	0.72245	0.05128	0.02429	0.00990	0.00315	0.00450	0.02204	0.00720	0.00630
5	0.01068	0.00771	0.00920	0.00990	0.01090	0.00733	0.00694	0.01206	0.01465	0.01884	0.04315	0.19706	0.17846	0.29705	0.02142	0.00482	0.00605	0.13169	0.00621	0.00589
6	0.23745	0.14447	0.02124	0.01377	0.01929	0.02011	0.01167	0.19731	0.05232	0.15317	0.01883	0.04703	0.01444	0.00897	0.00654	0.00229	0.00715	0.00656	0.00646	0.01094
7	0.02894	0.02094	0.02259	0.01750	0.02355	0.02311	0.01440	0.57851	0.08386	0.07652	0.02015	0.01976	0.01426	0.00941	0.00777	0.00235	0.00826	0.00715	0.00785	0.01312
8	0.02100	0.01055	0.01387	0.01207	0.01553	0.00967	0.00946	0.05637	0.02156	0.28345	0.27083	0.14622	0.04470	0.01458	0.00872	0.00257	0.00531	0.03514	0.00865	0.00974
9	0.01955	0.01775	0.03071	0.11942	0.52498	0.01795	0.06566	0.02426	0.01773	0.06433	0.01553	0.01991	0.01244	0.00714	0.00779	0.00236	0.00945	0.00711	0.00415	0.01180
10	0.01967	0.01684	0.01775	0.01586	0.02031	0.01946	0.01236	0.06408	0.64164	0.03305	0.03107	0.02854	0.02328	0.01047	0.00788	0.00262	0.00623	0.00870	0.00788	0.01231
11	0.01017	0.00782	0.01122	0.01216	0.01289	0.00767	0.03448	0.01175	0.01485	0.01995	0.04008	0.66006	0.04770	0.02305	0.01060	0.00314	0.03817	0.02079	0.00688	0.00657
12	0.01970	0.01686	0.01776	0.01586	0.02032	0.01948	0.01237	0.06595	0.63972	0.03310	0.03103	0.02851	0.02324	0.01047	0.00788	0.00262	0.00623	0.00869	0.00788	0.01231
13	0.03398	0.01338	0.01797	0.01390	0.01981	0.01181	0.01144	0.03796	0.05571	0.65052	0.03064	0.02652	0.01943	0.00964	0.00780	0.00241	0.00657	0.00785	0.00951	0.01315
14	0.01735	0.01655	0.02815	0.31460	0.42648	0.01794	0.02288	0.02219	0.01679	0.02310	0.01426	0.01979	0.01150	0.00725	0.00771	0.00242	0.00967	0.00690	0.00368	0.01080
15	0.01852	0.03142	0.42276	0.02429	0.03407	0.01774	0.21044	0.02612	0.01759	0.09874	0.01631	0.01884	0.01145	0.00737	0.00794	0.00250	0.01139	0.00697	0.00418	0.01136
16	0.01917	0.50370	0.22018	0.01671	0.02475	0.02660	0.05035	0.02367	0.01606	0.02033	0.01190	0.01396	0.01001	0.00683	0.00585	0.00193	0.00942	0.00484	0.00334	0.01039
17	0.00990	0.00714	0.00948	0.01118	0.01195	0.00672	0.00795	0.01163	0.01546	0.02038	0.04432	0.59088	0.08240	0.02361	0.00998	0.00319	0.00488	0.11532	0.00719	0.00644
18	0.00959	0.00686	0.00913	0.01070	0.01128	0.00640	0.00721	0.01116	0.01552	0.02087	0.10324	0.65886	0.05338	0.02348	0.00982	0.00308	0.00442	0.02127	0.00733	0.00640
19	0.02394	0.02540	0.02858	0.02277	0.02774	0.24534	0.18988	0.16800	0.02283	0.02751	0.01562	0.02067	0.01281	0.00918	0.01016	0.00248	0.09669	0.03532	0.00490	0.01020
20	0.01818	0.01544	0.01666	0.01532	0.01931	0.01764	0.01204	0.03734	0.56787	0.03146	0.06604	0.03620	0.02831	0.01187	0.00823	0.00271	0.00611	0.06991	0.00785	0.01151
21	0.00945	0.00675	0.00900	0.01080	0.01125	0.00630	0.00720	0.01080	0.01484	0.01979	0.04274	0.72245	0.05128	0.02429	0.00990	0.00315	0.00450	0.02204	0.00720	0.00630
22	0.01464	0.01378	0.02326	0.70887	0.05340	0.01723	0.02153	0.01981	0.01550	0.01981	0.01378	0.02067	0.01034	0.00775	0.00775	0.00258	0.01034	0.00689	0.00345	0.00861
23	0.01808	0.02025	0.04204	0.03060	0.03712	0.02031	0.54412	0.02380	0.01722	0.02380	0.01476	0.02025	0.01150	0.00772	0.01190	0.00275	0.13109	0.00875	0.00383	0.01012
24	0.01696	0.01696	0.02375	0.02036	0.02036	0.02375	0.01696	0.01866	0.01187	0.01866	0.01018	0.01696	0.01018	0.01357	0.02545	0.00339	0.71332	0.00679	0.00339	0.00848
25	0.00951	0.00680	0.00906	0.01075	0.01126	0.00634	0.00720	0.01096	0.01515	0.02029	0.07027	0.69350	0.05223	0.02392	0.00986	0.00312	0.00446	0.02169	0.00726	0.00634
26	0.00939	0.00726	0.00847	0.00941	0.01081	0.00645	0.00653	0.01096	0.01597	0.02013	0.05790	0.41250	0.32632	0.04725	0.01062	0.00307	0.00435	0.01915	0.00711	0.00635
27	0.01045	0.00752	0.00989	0.01011	0.01147	0.00696	0.00727	0.01331	0.01949	0.02719	0.45641	0.28769	0.06559	0.01877	0.00940	0.00268	0.00395	0.01680	0.00807	0.00696
28	0.01696	0.01696	0.02375	0.02036	0.02036	0.02375	0.01696	0.01866	0.01187	0.01866	0.01018	0.01696	0.01018	0.01357	0.02545	0.00339	0.71332	0.00679	0.00339	0.00848
29	0.01826	0.01561	0.01665	0.01517	0.01926	0.01784	0.01185	0.03783	0.58476	0.03152	0.05976	0.03454	0.05079	0.01158	0.00812	0.00267	0.00600	0.03831	0.00785	0.01162
30	0.03479	0.01320	0.01799	0.01380	0.01979	0.01140	0.01140	0.03779	0.02219	0.68451	0.03059	0.02639	0.01919	0.00960	0.00780	0.00240	0.00660	0.00780	0.00960	0.01320
31	0.01464	0.01378	0.02326	0.70887	0.05340	0.01723	0.02153	0.01981	0.01550	0.01981	0.01378	0.02067	0.01034	0.00775	0.00775	0.00258	0.01034	0.00689	0.00345	0.00861
32	0.01800	0.01684	0.06793	0.01493	0.01941	0.01682	0.01247	0.08279	0.42077	0.03183	0.08744	0.06045	0.05404	0.01152	0.00796	0.00255	0.00623	0.00963	0.04728	0.01110
33	0.01935	0.02781	0.25964	0.09156	0.16383	0.09919	0.07295	0.04731	0.01795	0.04869	0.01444	0.01793	0.01104	0.00797	0.00905	0.00246	0.06755	0.00647	0.00395	0.01087
34	0.68939	0.01551	0.01267	0.01099	0.01595	0.01774	0.00906	0.07775	0.01554	0.06029	0.01221	0.01363	0.00921	0.00747	0.00517	0.00239	0.00624	0.00457	0.00523	0.00899
35	0.01108	0.00831	0.01246	0.01246	0.01385	0.00969	0.00969	0.01385	0.01246	0.01800	0.02077	0.03046	0.01938	0.05815	0.69678	0.01246	0.02077	0.00831	0.00415	0.00692
36	0.02903	0.02099	0.02264	0.01752	0.02359	0.02314	0.01442	0.58382	0.07816	0.07690	0.02004	0.01967	0.01417	0.00940	0.00777	0.00235	0.00828	0.00714	0.00785	0.01312
37	0.01919	0.01842	0.03147	0.04759	0.67914	0.01842	0.02380	0.02380	0.01765	0.02533	0.01458	0.01919	0.01228	0.00691	0.00768	0.00230	0.00921	0.00691	0.00384	0.01228
38	0.01019	0.00732	0.00966	0.01029	0.01141	0.00679	0.00725	0.01266	0.01829	0.02527	0.34949	0.40007	0.06190	0.02020	0.00953	0.00280	0.00409	0.01815	0.00785	0.00679
39	0.01231	0.00879	0.01228	0.01407	0.01577	0.00877	0.01218	0.01575	0.01767	0.02300	0.04115	0.12566	0.04502	0.02159	0.01066	0.00354	0.00698	0.59056	0.00714	0.00709
40	0.01071	0.00760	0.01020	0.01183	0.01271	0.00735	0.00886	0.01273	0.01559	0.02057	0.04042	0.43198	0.04673	0.08904	0.01295	0.00371	0.00573	0.23789	0.00694	0.00645
41	0.78228	0.01499	0.01140	0.01020	0.01499	0.01739	0.00840	0.02279	0.01320	0.03479	0.01080	0.01260	0.00840	0.00720	0.00480	0.00240	0.00600	0.00420	0.00480	0.00840
42	0.01999	0.63372	0.13263	0.01452	0.02184	0.02888	0.01545	0.02341	0.01584	0.01914	0.01123	0.01300	0.00993	0.00674	0.00532	0.00177	0.00874	0.00437	0.00331	0.01016
43	0.02833	0.02438	0.02305	0.01848	0.02372	0.15885	0.01497	0.47568	0.03151	0.04036	0.01658	0.01755	0.01229	0.00940	0.00907	0.00235	0.06826	0.00657	0.00664	0.01195
44	0.01445	0.00723	0.00723	0.00723	0.00903	0.00723	0.00542	0.01807	0.01626	0.02891	0.02529	0.02891	0.01987	0.00903	0.00542	0.00181	0.00361	0.00723	0.77055	0.00723
45	0.02283	0.01842	0.01953	0.01650	0.02151	0.02094	0.01313	0.25406	0.44651	0.03815	0.02706	0.02534	0.02002	0.01010	0.00784	0.00252	0.00697	0.00815	0.00784	0.01259
46	0.01464	0.01378	0.02326	0.70887	0.05340	0.01723	0.02153	0.01981	0.01550	0.01981	0.01378	0.02067	0.01034	0.00775	0.00775	0.00258	0.01034	0.00689	0.00345	0.00861
47	0.00950	0.00679	0.00904	0.01076	0.01126	0.00633	0.00720	0.01093	0.01509	0.02019	0.06479	0.69927	0.05204	0.02400	0.00987	0.00312	0.00447	0.02176	0.00724	0.00633
48	0.03460	0.01350	0.01818	0.01394	0.01995	0.01185	0.01152	0.05986	0.02270	0.66172	0.03016	0.02611	0.01898	0.00959	0.00780	0.00240	0.00667	0.00777	0.00953	0.01320
49	0.01046	0.00791	0.00965	0.00921	0.01127	0.00710	0.00691	0.01363	0.02073	0.02819	0.50445	0.06269	0.24557	0.01693	0.00915	0.00249	0.00374	0.01469	0.00815	0.00710
50	0.01892	0.01814	0.03098	0.08737	0.64150	0.01835	0.02366	0.02356	0.01753	0.02500	0.01454	0.01928	0.01216	0.00696	0.00768	0.00232	0.00928	0.00691	0.00381	0.01206
51	0.00945	0.00675	0.00900	0.01080	0.01125	0.00630	0.00720	0.01080	0.01484	0.01979	0.04274	0.72245	0.05128	0.02429	0.00990	0.00315	0.00450	0.02204	0.00720	0.00630
52	0.00945	0.00675	0.00900	0.01080	0.01125	0.00630	0.00720	0.01080	0.01484	0.01979	0.04274	0.72245	0.05128	0.02429	0.00990	0.00315	0.00450	0.02204	0.00720	0.00630
53	0.05755	0.01788	0.01875	0.01567	0.02066	0.02002	0.01254	0.28855	0.32030	0.03826	0.02946	0.02800	0.07639	0.01068	0.00781	0.00249	0.00692	0.00850	0.00763	0.01196
54	0.02835	0.02754	0.02173	0.01814	0.02311	0.31858	0.01428	0.34151	0.02887	0.03453	0.01610	0.01720	0.01218	0.00871	0.00728	0.00215	0.01063	0.00612	0.05199	0.01098
55	0.00935	0.00786	0.00811	0.00805	0.01059	0.00662	0.00604	0.01148	0.01811	0.02198	0.13926	0.07292	0.61464	0.01925	0.00916	0.00260	0.00390	0.01613	0.00734	0.00662
56	0.02945	0.02001	0.02189	0.01686	0.02284	0.02172	0.01390	0.54852	0.03378	0.12631	0.02040	0.02004	0.01423	0.00933	0.00766	0.00231	0.00807	0.00709	0.04268	0.01292
57	0.01028	0.00782	0.01104	0.01201	0.01297	0.00747	0.03670	0.01276	0.04332	0.02057	0.04102	0.66034	0.04828	0.02288	0.00978	0.00310	0.00496	0.02088	0.00708	0.00675
