[name]
unknown

[dist]
# distance from previous block
# <min> <max>
0	65

[block]
# block no. 0 follows, 25 sequences, length 6
# corresponding to MSA columns:
# 65-70
name=unknown_A
#
# <colnr> <probs for GDERKNQSTAVLIFYWHMCP>
#	G	D	E	R	K	N	Q	S	T	A	V	L	I	F	Y	W	H	M	C	P
0	0.01899	0.01439	0.01678	0.01566	0.01932	0.01565	0.01311	0.20966	0.16478	0.03280	0.03235	0.05435	0.03076	0.01546	0.00922	0.00300	0.00733	0.30886	0.00749	0.01005
1	0.02498	0.02467	0.16860	0.02148	0.09256	0.02124	0.01838	0.38295	0.06981	0.07044	0.01858	0.01922	0.01332	0.00873	0.00767	0.00238	0.00899	0.00685	0.00647	0.01266
2	0.02565	0.02220	0.02131	0.10656	0.02650	0.16791	0.01482	0.29164	0.10777	0.07614	0.01997	0.04978	0.01545	0.00963	0.00770	0.00237	0.00936	0.00746	0.00649	0.01127
3	0.01267	0.00706	0.00978	0.00970	0.00993	0.00698	0.00636	0.01094	0.01188	0.01608	0.10114	0.03393	0.02438	0.17860	0.02958	0.50732	0.00651	0.00867	0.00432	0.00417
4	0.04585	0.01512	0.01905	0.01854	0.10424	0.01531	0.01305	0.11487	0.16316	0.23688	0.07792	0.04814	0.02379	0.01044	0.00788	0.00243	0.00676	0.02600	0.00767	0.04290
5	0.02011	0.02107	0.02495	0.05383	0.25463	0.16507	0.04085	0.02365	0.01755	0.02302	0.01337	0.01716	0.01127	0.00755	0.00891	0.00208	0.08146	0.00598	0.00401	0.20348

[dist]
# distance from previous block
# <min> <max>
12	31

[block]
# block no. 1 follows, 25 sequences, length 6
# corresponding to MSA columns:
# 103-108
name=unknown_B
#
# <colnr> <probs for GDERKNQSTAVLIFYWHMCP>
#	G	D	E	R	K	N	Q	S	T	A	V	L	I	F	Y	W	H	M	C	P
0	0.01509	0.01313	0.01338	0.01272	0.01515	0.09348	0.00938	0.07412	0.01766	0.02303	0.05663	0.27632	0.03216	0.08936	0.09616	0.00422	0.00854	0.03651	0.00596	0.10699
1	0.01520	0.01435	0.02426	0.62804	0.12989	0.01737	0.02181	0.02030	0.01577	0.02049	0.01388	0.02049	0.01057	0.00765	0.00774	0.00255	0.01020	0.00689	0.00349	0.00906
2	0.01916	0.01292	0.01537	0.01292	0.01718	0.01213	0.01000	0.16319	0.02143	0.11539	0.06176	0.24869	0.02905	0.01360	0.00800	0.00230	0.00598	0.01170	0.00702	0.21221
3	0.01126	0.00757	0.00914	0.00930	0.00969	0.00777	0.00585	0.01208	0.01210	0.01680	0.02552	0.10751	0.02827	0.50338	0.15026	0.00765	0.00934	0.01150	0.04962	0.00538
4	0.01464	0.01378	0.02326	0.70887	0.05340	0.01723	0.02153	0.01981	0.01550	0.01981	0.01378	0.02067	0.01034	0.00775	0.00775	0.00258	0.01034	0.00689	0.00345	0.00861
5	0.01632	0.01660	0.02505	0.58554	0.04950	0.08229	0.07447	0.02130	0.01636	0.02016	0.01377	0.02005	0.01042	0.00767	0.00780	0.00253	0.01092	0.00690	0.00354	0.00881

[dist]
# distance from previous block
# <min> <max>
5	7

[block]
# block no. 2 follows, 25 sequences, length 11
# corresponding to MSA columns:
# 116-126
name=unknown_C
#
# <colnr> <probs for GDERKNQSTAVLIFYWHMCP>
#	G	D	E	R	K	N	Q	S	T	A	V	L	I	F	Y	W	H	M	C	P
0	0.01538	0.01486	0.02609	0.58788	0.10614	0.01755	0.08128	0.02063	0.01595	0.02076	0.01403	0.02057	0.01064	0.00756	0.00788	0.00256	0.01050	0.00711	0.00352	0.00910
1	0.01617	0.11718	0.46684	0.02284	0.07971	0.01878	0.06644	0.02333	0.01641	0.02352	0.01587	0.06925	0.01326	0.00846	0.00741	0.00241	0.01050	0.00708	0.00366	0.01089
2	0.01776	0.29742	0.39673	0.02069	0.07633	0.02278	0.02253	0.02400	0.01624	0.02225	0.01279	0.01511	0.01005	0.00706	0.00649	0.00215	0.01011	0.00522	0.00333	0.01096
3	0.01531	0.01446	0.02445	0.61243	0.14466	0.01740	0.02186	0.02039	0.01582	0.02062	0.01390	0.02046	0.01062	0.00763	0.00774	0.00254	0.01017	0.00689	0.00350	0.00915
4	0.10395	0.01879	0.02016	0.02010	0.11915	0.09651	0.01386	0.13898	0.14386	0.16065	0.02224	0.05382	0.01708	0.00948	0.00743	0.00237	0.00792	0.00759	0.00671	0.02934
5	0.01740	0.26166	0.40587	0.01821	0.02723	0.02157	0.02165	0.04577	0.01728	0.02384	0.06001	0.01812	0.01448	0.00780	0.00673	0.00219	0.00977	0.00585	0.00382	0.01074
6	0.07552	0.18112	0.39166	0.01795	0.02673	0.01939	0.02110	0.02393	0.01637	0.05473	0.01580	0.02098	0.01282	0.00828	0.00687	0.00231	0.00961	0.05141	0.00403	0.03941
7	0.01339	0.01174	0.01670	0.01744	0.07802	0.01374	0.01230	0.01564	0.01447	0.02080	0.07344	0.23218	0.04551	0.02279	0.11742	0.00439	0.23210	0.01222	0.00521	0.04052
8	0.07729	0.08399	0.02553	0.02862	0.29699	0.01878	0.01716	0.02411	0.06229	0.07377	0.01749	0.06582	0.01534	0.00954	0.01012	0.00247	0.11964	0.00755	0.00476	0.03875
9	0.02011	0.34556	0.21242	0.01802	0.02541	0.02467	0.06046	0.08336	0.01792	0.04430	0.01327	0.01548	0.01065	0.00777	0.00802	0.00217	0.07024	0.00552	0.00397	0.01067
10	0.09191	0.01702	0.06991	0.04744	0.08424	0.01539	0.01431	0.15424	0.02262	0.29428	0.04505	0.06952	0.01924	0.01002	0.00767	0.00244	0.00747	0.00820	0.00733	0.01171

[dist]
# distance from previous block
# <min> <max>
0	30

[block]
# block no. 3 follows, 25 sequences, length 9
# corresponding to MSA columns:
# 157-165
name=unknown_D
#
# <colnr> <probs for GDERKNQSTAVLIFYWHMCP>
#	G	D	E	R	K	N	Q	S	T	A	V	L	I	F	Y	W	H	M	C	P
0	0.05316	0.22956	0.21165	0.01841	0.05171	0.02116	0.05715	0.10443	0.01909	0.02681	0.04908	0.01796	0.01402	0.00761	0.00666	0.00207	0.00892	0.00596	0.00442	0.09014
1	0.02453	0.01849	0.02135	0.13716	0.02715	0.02072	0.01462	0.45966	0.02954	0.03942	0.01853	0.02313	0.01463	0.10203	0.01186	0.00304	0.00872	0.00752	0.00661	0.01129
2	0.01111	0.00806	0.01117	0.01109	0.01218	0.00883	0.00811	0.01329	0.01339	0.01894	0.10642	0.03918	0.02859	0.22323	0.44026	0.00990	0.01518	0.00980	0.00486	0.00641
3	0.01738	0.22729	0.42505	0.02194	0.06810	0.02162	0.06924	0.02416	0.01642	0.02289	0.01322	0.01579	0.01014	0.00708	0.00686	0.00224	0.01058	0.00561	0.00337	0.01102
4	0.02010	0.10491	0.34269	0.01881	0.02744	0.09156	0.02057	0.13789	0.02049	0.02778	0.01421	0.01608	0.01068	0.00750	0.00694	0.00213	0.01013	0.00557	0.00433	0.11020
5	0.01096	0.00722	0.00962	0.01085	0.01174	0.00668	0.00743	0.01264	0.01599	0.05641	0.10933	0.61469	0.05190	0.02261	0.00970	0.00303	0.00452	0.02043	0.00747	0.00677
6	0.06918	0.20475	0.37276	0.01822	0.02659	0.09077	0.02078	0.02391	0.01649	0.02282	0.01455	0.05917	0.01237	0.00830	0.00673	0.00225	0.01015	0.00619	0.00371	0.01031
7	0.01765	0.02574	0.21198	0.03097	0.08378	0.01911	0.44450	0.02469	0.01775	0.02480	0.01515	0.01961	0.01129	0.00678	0.00858	0.00255	0.01238	0.00810	0.00375	0.01085
8	0.06899	0.01934	0.09665	0.02321	0.06594	0.01709	0.24259	0.10066	0.06653	0.02828	0.02501	0.07331	0.06672	0.01059	0.00850	0.00264	0.00945	0.05893	0.00537	0.01018

[dist]
# distance from previous block
# <min> <max>
6	10

[block]
# block no. 4 follows, 25 sequences, length 8
# corresponding to MSA columns:
# 176-183
name=unknown_E
#
# <colnr> <probs for GDERKNQSTAVLIFYWHMCP>
#	G	D	E	R	K	N	Q	S	T	A	V	L	I	F	Y	W	H	M	C	P
0	0.02174	0.25617	0.03120	0.02719	0.25983	0.11245	0.01731	0.07175	0.08605	0.02459	0.01504	0.01724	0.01246	0.00751	0.00672	0.00209	0.00917	0.00594	0.00439	0.01114
1	0.01141	0.00866	0.01264	0.08886	0.01701	0.00983	0.00985	0.01390	0.01317	0.01839	0.05272	0.07488	0.02436	0.16877	0.42961	0.00946	0.01547	0.00976	0.00456	0.00669
2	0.01790	0.12788	0.49542	0.02207	0.06480	0.09500	0.02489	0.02505	0.01698	0.02316	0.01333	0.01575	0.00999	0.00732	0.00703	0.00229	0.01121	0.00551	0.00339	0.01103
3	0.31807	0.01474	0.01556	0.06346	0.01974	0.01710	0.01140	0.05776	0.14649	0.07635	0.02047	0.09702	0.01756	0.01073	0.00868	0.00264	0.07879	0.00795	0.00593	0.00955
4	0.01444	0.01006	0.01359	0.01278	0.01467	0.01128	0.00982	0.08040	0.01543	0.05876	0.02229	0.06519	0.02107	0.12711	0.45330	0.00951	0.03848	0.00913	0.00502	0.00767
5	0.01968	0.02313	0.12842	0.05951	0.29675	0.05845	0.15339	0.08268	0.01945	0.02672	0.01487	0.01869	0.01165	0.00716	0.00782	0.00233	0.01044	0.00699	0.00417	0.04771
6	0.02029	0.01609	0.02290	0.01833	0.02224	0.04959	0.11483	0.04690	0.01713	0.14383	0.01938	0.08283	0.01669	0.01433	0.06225	0.00329	0.19679	0.00842	0.00537	0.11850
7	0.02320	0.02140	0.03059	0.02423	0.06498	0.10043	0.24609	0.17608	0.02284	0.07736	0.01654	0.01914	0.01236	0.00780	0.00862	0.00231	0.03736	0.00731	0.00531	0.09605

[dist]
# distance from previous block
# <min> <max>
2	27

[block]
# block no. 5 follows, 25 sequences, length 23
# corresponding to MSA columns:
# 211-233
name=unknown_F
#
# <colnr> <probs for GDERKNQSTAVLIFYWHMCP>
#	G	D	E	R	K	N	Q	S	T	A	V	L	I	F	Y	W	H	M	C	P
0	0.01882	0.05405	0.30348	0.02486	0.17379	0.01749	0.02142	0.07021	0.04560	0.06792	0.03853	0.01954	0.01411	0.00776	0.00731	0.00225	0.00923	0.00644	0.00463	0.09254
1	0.14389	0.02101	0.12412	0.08412	0.02634	0.05020	0.07232	0.19295	0.02250	0.04951	0.10346	0.03754	0.02024	0.00939	0.00754	0.00243	0.00864	0.00770	0.00578	0.01033
2	0.05705	0.01194	0.01354	0.01251	0.01511	0.04193	0.00975	0.11953	0.01805	0.02644	0.05058	0.07730	0.02195	0.03254	0.31997	0.00688	0.01289	0.00872	0.11840	0.02492
3	0.02235	0.08514	0.08762	0.01930	0.06963	0.07493	0.01568	0.10925	0.24240	0.09226	0.02142	0.02164	0.01614	0.00946	0.00916	0.00247	0.07634	0.00711	0.00614	0.01156
4	0.12924	0.06538	0.01832	0.01258	0.01863	0.01313	0.04016	0.02244	0.01706	0.11189	0.07465	0.02063	0.01746	0.00746	0.00628	0.00171	0.00624	0.00598	0.00550	0.40526
5	0.20349	0.07489	0.01941	0.01383	0.01946	0.01764	0.01158	0.20099	0.02349	0.27336	0.05252	0.02146	0.01692	0.00902	0.00693	0.00232	0.00699	0.00675	0.00742	0.01153
6	0.08185	0.47156	0.09566	0.01375	0.02003	0.02506	0.01368	0.02409	0.07439	0.02274	0.07771	0.01874	0.01720	0.00800	0.00586	0.00196	0.00776	0.00568	0.00435	0.00992
7	0.01678	0.02027	0.12584	0.29147	0.22944	0.01813	0.14099	0.02259	0.01678	0.02304	0.01439	0.01967	0.01109	0.00722	0.00794	0.00249	0.01068	0.00715	0.00362	0.01043
8	0.01503	0.01386	0.02219	0.54001	0.04453	0.01763	0.01959	0.01949	0.01493	0.02027	0.01399	0.02063	0.01099	0.00884	0.01063	0.00267	0.13072	0.00690	0.05863	0.00849
9	0.02267	0.01842	0.02441	0.02687	0.23858	0.01973	0.01697	0.22170	0.10328	0.06502	0.01823	0.02008	0.01404	0.00877	0.00928	0.00236	0.07618	0.00699	0.00587	0.08057
10	0.05643	0.01677	0.07802	0.01490	0.02106	0.01422	0.01315	0.11034	0.07590	0.44438	0.05384	0.02558	0.01986	0.00961	0.00771	0.00242	0.00709	0.00772	0.00845	0.01255
11	0.00942	0.00686	0.00889	0.01051	0.01117	0.00632	0.00707	0.01083	0.01512	0.01991	0.04623	0.65929	0.11219	0.02384	0.00983	0.00310	0.00444	0.02149	0.00720	0.00632
12	0.01108	0.00831	0.01246	0.01246	0.01385	0.00969	0.00969	0.01385	0.01246	0.01800	0.02077	0.03046	0.01938	0.05815	0.69678	0.01246	0.02077	0.00831	0.00415	0.00692
13	0.01725	0.02347	0.16252	0.12897	0.04109	0.01896	0.44307	0.02405	0.01753	0.02405	0.01508	0.02003	0.01119	0.00687	0.00861	0.00258	0.01237	0.00818	0.00373	0.01038
14	0.01586	0.01462	0.02515	0.44049	0.20812	0.01663	0.05076	0.02013	0.01566	0.02085	0.01405	0.02059	0.01120	0.00933	0.00998	0.07706	0.00983	0.00699	0.00356	0.00913
15	0.01101	0.00741	0.00853	0.00879	0.00886	0.00734	0.00506	0.01121	0.01179	0.01572	0.02708	0.14784	0.03153	0.62586	0.03519	0.00689	0.00708	0.01283	0.00506	0.00493
16	0.01110	0.00823	0.01207	0.01207	0.01332	0.00948	0.00921	0.01360	0.01235	0.01771	0.02113	0.03244	0.02024	0.12341	0.63269	0.01198	0.01948	0.00860	0.00421	0.00671
17	0.01774	0.07805	0.07471	0.20159	0.26572	0.01942	0.18514	0.02309	0.01706	0.02322	0.01432	0.01927	0.01133	0.00702	0.00783	0.00241	0.01055	0.00718	0.00369	0.01067
18	0.01707	0.01881	0.03859	0.02833	0.03462	0.01841	0.49905	0.02255	0.01754	0.02375	0.02207	0.02802	0.07690	0.00907	0.01093	0.00273	0.08618	0.03131	0.00430	0.00975
19	0.01027	0.00737	0.00917	0.00970	0.01067	0.00689	0.00657	0.01207	0.01645	0.02222	0.22929	0.31790	0.11306	0.17359	0.01600	0.00383	0.00485	0.01679	0.00705	0.00628
20	0.01727	0.02030	0.09736	0.02551	0.03070	0.01964	0.33395	0.02226	0.01591	0.02323	0.01465	0.01995	0.01181	0.00905	0.01376	0.00277	0.23194	0.00791	0.07238	0.00964
21	0.39905	0.02755	0.34924	0.01615	0.02427	0.01770	0.01852	0.02367	0.01478	0.02967	0.01235	0.01448	0.00911	0.00728	0.00608	0.00243	0.00873	0.00496	0.00404	0.00993
22	0.09221	0.34849	0.28196	0.01883	0.07301	0.02370	0.01939	0.02373	0.01588	0.02275	0.01225	0.01444	0.00992	0.00699	0.00606	0.00208	0.00934	0.00495	0.00348	0.01054

[dist]
# distance from previous block
# <min> <max>
0	4

[block]
# block no. 6 follows, 25 sequences, length 103
# corresponding to MSA columns:
# 238-340
name=unknown_G
#
# <colnr> <probs for GDERKNQSTAVLIFYWHMCP>
#	G	D	E	R	K	N	Q	S	T	A	V	L	I	F	Y	W	H	M	C	P
0	0.06205	0.01747	0.02814	0.13909	0.38654	0.01842	0.07594	0.02597	0.11919	0.02611	0.01702	0.02072	0.01352	0.00759	0.00769	0.00243	0.00905	0.00724	0.00448	0.01134
1	0.01895	0.01448	0.01692	0.01228	0.01903	0.01171	0.00990	0.08057	0.01852	0.08424	0.01568	0.01720	0.01231	0.00641	0.00611	0.00137	0.00608	0.00509	0.00532	0.63784
2	0.03332	0.01302	0.01765	0.01357	0.01944	0.01121	0.01118	0.03635	0.02199	0.63959	0.05410	0.02724	0.02097	0.00971	0.00778	0.00236	0.00646	0.00793	0.00940	0.03673
3	0.02104	0.70632	0.03994	0.01352	0.02005	0.05543	0.01333	0.02351	0.01599	0.01827	0.01082	0.01250	0.00995	0.00668	0.00505	0.00167	0.00850	0.00418	0.00334	0.00991
4	0.01445	0.00723	0.00723	0.00723	0.00903	0.00723	0.00542	0.01807	0.01626	0.02891	0.02529	0.02891	0.01987	0.00903	0.00542	0.00181	0.00361	0.00723	0.77055	0.00723
5	0.01097	0.00793	0.01036	0.00975	0.01158	0.00732	0.00732	0.01463	0.02195	0.03109	0.67505	0.05792	0.07316	0.01585	0.00914	0.00244	0.00366	0.01402	0.00854	0.00732
6	0.01070	0.00792	0.00999	0.00947	0.01142	0.00720	0.00710	0.01411	0.02131	0.02958	0.58595	0.06041	0.16321	0.01642	0.00915	0.00247	0.00370	0.01437	0.00834	0.00720
7	0.00942	0.00684	0.00890	0.01054	0.01118	0.00632	0.00708	0.01082	0.01509	0.01989	0.04582	0.66660	0.10513	0.02389	0.00983	0.00310	0.00445	0.02155	0.00720	0.00632
8	0.02974	0.02129	0.02300	0.01764	0.02383	0.02341	0.01457	0.62225	0.03574	0.08092	0.01922	0.01901	0.01349	0.00932	0.00776	0.00233	0.00843	0.00702	0.00785	0.01319
9	0.01072	0.00783	0.01007	0.00969	0.01147	0.00718	0.00720	0.01406	0.02106	0.02942	0.57951	0.11231	0.11687	0.01681	0.00921	0.00251	0.00375	0.01484	0.00833	0.00718
10	0.02285	0.02154	0.01957	0.01803	0.04638	0.16855	0.01350	0.09358	0.42046	0.05250	0.02540	0.02425	0.01912	0.00968	0.00767	0.00244	0.00821	0.00767	0.00692	0.01166
11	0.02672	0.03108	0.02229	0.02168	0.08242	0.48146	0.01536	0.08300	0.11640	0.02397	0.01561	0.01701	0.01245	0.00837	0.00725	0.00214	0.01196	0.00588	0.00486	0.01011
12	0.01861	0.02198	0.10736	0.05871	0.12328	0.01889	0.45732	0.02496	0.01806	0.04934	0.01585	0.02042	0.01186	0.00683	0.00867	0.00255	0.01205	0.00837	0.00404	0.01083
13	0.02020	0.05309	0.01766	0.01536	0.04787	0.20684	0.04834	0.06707	0.01917	0.02574	0.01921	0.02352	0.01577	0.05145	0.00838	0.00230	0.00819	0.00677	0.33451	0.00856
14	0.01267	0.00994	0.01206	0.01201	0.01440	0.00964	0.00886	0.01856	0.13759	0.02427	0.09288	0.37698	0.04151	0.01791	0.00888	0.00272	0.00512	0.06230	0.00705	0.12466
15	0.01995	0.62820	0.13779	0.01459	0.02195	0.02878	0.01558	0.02342	0.01585	0.01919	0.01125	0.01303	0.00993	0.00674	0.00533	0.00178	0.00877	0.00438	0.00331	0.01018
16	0.01108	0.00831	0.01246	0.01246	0.01385	0.00969	0.00969	0.01385	0.01246	0.01800	0.02077	0.03046	0.01938	0.05815	0.69678	0.01246	0.02077	0.00831	0.00415	0.00692
17	0.02093	0.01416	0.01695	0.01238	0.01904	0.01144	0.01001	0.06391	0.01869	0.16752	0.01768	0.01844	0.01324	0.00679	0.00631	0.00149	0.00610	0.00543	0.00586	0.56362
18	0.01855	0.01775	0.02996	0.04505	0.63642	0.01766	0.02265	0.02299	0.01766	0.02505	0.01867	0.02273	0.05468	0.00772	0.00777	0.00232	0.00887	0.00751	0.00405	0.01192
19	0.02947	0.02172	0.02327	0.01784	0.02404	0.02404	0.01474	0.65329	0.03646	0.04887	0.01862	0.01862	0.01319	0.00931	0.00776	0.00233	0.00853	0.00698	0.00776	0.01319
20	0.00938	0.00700	0.00874	0.01012	0.01107	0.00635	0.00690	0.01087	0.01549	0.02006	0.05092	0.57435	0.19409	0.02323	0.00973	0.00303	0.00437	0.02074	0.00720	0.00635
21	0.41227	0.01874	0.01716	0.03982	0.02053	0.05322	0.01177	0.27821	0.02312	0.03915	0.01413	0.01540	0.01048	0.00811	0.00621	0.00236	0.00757	0.00546	0.00591	0.01037
22	0.01734	0.01885	0.03716	0.05984	0.03443	0.01990	0.42526	0.02230	0.01633	0.02275	0.01554	0.05526	0.01328	0.00931	0.01334	0.00284	0.19362	0.00908	0.00393	0.00965
23	0.01724	0.00992	0.01020	0.00920	0.01182	0.01035	0.00715	0.13599	0.02001	0.03261	0.02405	0.02700	0.01863	0.00908	0.00585	0.00190	0.00453	0.00718	0.62895	0.00833
24	0.00945	0.00675	0.00900	0.01080	0.01125	0.00630	0.00720	0.01080	0.01484	0.01979	0.04274	0.72245	0.05128	0.02429	0.00990	0.00315	0.00450	0.02204	0.00720	0.00630
25	0.01830	0.02092	0.04575	0.03268	0.04052	0.01961	0.65098	0.02484	0.01830	0.02484	0.01569	0.02092	0.01176	0.00654	0.00915	0.00261	0.01307	0.00915	0.00392	0.01046
26	0.01689	0.21868	0.52046	0.01982	0.03003	0.02128	0.02468	0.02421	0.01621	0.02293	0.01311	0.01536	0.00986	0.00718	0.00675	0.00225	0.01064	0.00532	0.00329	0.01107
27	0.01439	0.01344	0.02257	0.67514	0.05137	0.01670	0.02084	0.01937	0.01547	0.01981	0.01518	0.05458	0.01231	0.00855	0.00786	0.00261	0.01005	0.00762	0.00363	0.00850
28	0.78228	0.01499	0.01140	0.01020	0.01499	0.01739	0.00840	0.02279	0.01320	0.03479	0.01080	0.01260	0.00840	0.00720	0.00480	0.00240	0.00600	0.00420	0.00480	0.00840
29	0.00945	0.00675	0.00900	0.01080	0.01125	0.00630	0.00720	0.01080	0.01484	0.01979	0.04274	0.72245	0.05128	0.02429	0.00990	0.00315	0.00450	0.02204	0.00720	0.00630
30	0.02523	0.01794	0.01964	0.01558	0.02069	0.01949	0.01267	0.45345	0.06259	0.07026	0.12721	0.02650	0.02415	0.01043	0.00784	0.00233	0.00723	0.00826	0.05670	0.01180
31	0.01097	0.00793	0.01036	0.00975	0.01158	0.00732	0.00732	0.01463	0.02195	0.03109	0.67505	0.05792	0.07316	0.01585	0.00914	0.00244	0.00366	0.01402	0.00854	0.00732
32	0.01555	0.04011	0.68733	0.02210	0.03356	0.01801	0.02865	0.02455	0.01637	0.02455	0.01391	0.01637	0.00982	0.00737	0.00737	0.00246	0.01146	0.00573	0.00327	0.01146
33	0.01249	0.00892	0.01249	0.01428	0.01606	0.00892	0.01249	0.01606	0.01785	0.02320	0.04105	0.08746	0.04462	0.02142	0.01071	0.00357	0.00714	0.62695	0.00714	0.00714
34	0.00938	0.00701	0.00873	0.01010	0.01106	0.00636	0.00689	0.01087	0.01552	0.02007	0.05124	0.56855	0.19969	0.02319	0.00972	0.00302	0.00436	0.02069	0.00720	0.00636
35	0.01125	0.00823	0.01206	0.01206	0.01342	0.00949	0.00931	0.01397	0.01261	0.01845	0.02112	0.03107	0.01971	0.07839	0.63961	0.01176	0.01945	0.00835	0.04282	0.00686
36	0.00945	0.00675	0.00900	0.01080	0.01125	0.00630	0.00720	0.01080	0.01484	0.01979	0.04274	0.72245	0.05128	0.02429	0.00990	0.00315	0.00450	0.02204	0.00720	0.00630
37	0.01822	0.02066	0.04435	0.03189	0.03923	0.01987	0.61047	0.02444	0.01789	0.02444	0.01533	0.02066	0.01166	0.00699	0.01019	0.00266	0.05781	0.00900	0.00389	0.01033
38	0.03022	0.01349	0.01745	0.01373	0.01909	0.01248	0.01121	0.10092	0.04812	0.49789	0.12142	0.03015	0.02643	0.01049	0.00799	0.00241	0.00637	0.00864	0.00918	0.01232
39	0.01578	0.07015	0.65926	0.02172	0.03297	0.01856	0.02798	0.02450	0.01634	0.02428	0.01378	0.01620	0.00983	0.00733	0.00726	0.00242	0.01132	0.00566	0.00328	0.01139
40	0.02947	0.02172	0.02327	0.01784	0.02404	0.02404	0.01474	0.65329	0.03646	0.04887	0.01862	0.01862	0.01319	0.00931	0.00776	0.00233	0.00853	0.00698	0.00776	0.01319
41	0.75128	0.01492	0.01167	0.01035	0.01519	0.01715	0.00852	0.02341	0.01357	0.06173	0.01162	0.01317	0.00884	0.00730	0.00492	0.00240	0.00602	0.00435	0.00500	0.00860
42	0.00945	0.00675	0.00900	0.01080	0.01125	0.00630	0.00720	0.01080	0.01484	0.01979	0.04274	0.72245	0.05128	0.02429	0.00990	0.00315	0.00450	0.02204	0.00720	0.00630
43	0.01929	0.01666	0.01753	0.01578	0.02016	0.01929	0.01227	0.04120	0.66513	0.03243	0.03156	0.02893	0.02367	0.01052	0.00789	0.00263	0.00614	0.00877	0.00789	0.01227
44	0.01503	0.01454	0.02564	0.63722	0.05204	0.01748	0.08823	0.02034	0.01580	0.02034	0.01398	0.02070	0.01049	0.00762	0.00790	0.00259	0.01063	0.00713	0.00350	0.00881
45	0.03479	0.01320	0.01799	0.01380	0.01979	0.01140	0.01140	0.03779	0.02219	0.68451	0.03059	0.02639	0.01919	0.00960	0.00780	0.00240	0.00660	0.00780	0.00960	0.01320
46	0.00945	0.00675	0.00900	0.01080	0.01125	0.00630	0.00720	0.01080	0.01484	0.01979	0.04274	0.72245	0.05128	0.02429	0.00990	0.00315	0.00450	0.02204	0.00720	0.00630
47	0.01834	0.02080	0.04509	0.03337	0.07023	0.01955	0.62181	0.02479	0.01827	0.02486	0.01564	0.02083	0.01179	0.00655	0.00908	0.00260	0.01289	0.00905	0.00392	0.01054
48	0.02073	0.73217	0.04063	0.01327	0.01990	0.03068	0.01327	0.02322	0.01575	0.01824	0.01078	0.01244	0.00995	0.00663	0.00498	0.00166	0.00829	0.00415	0.00332	0.00995
49	0.01077	0.00792	0.01008	0.00954	0.01146	0.00723	0.00715	0.01423	0.02146	0.02993	0.60686	0.05983	0.14207	0.01628	0.00915	0.00246	0.00369	0.01429	0.00838	0.00723
50	0.01464	0.01378	0.02326	0.70887	0.05340	0.01723	0.02153	0.01981	0.01550	0.01981	0.01378	0.02067	0.01034	0.00775	0.00775	0.00258	0.01034	0.00689	0.00345	0.00861
51	0.06891	0.01708	0.02002	0.01542	0.02145	0.01732	0.01274	0.31118	0.02811	0.36970	0.02429	0.02225	0.01599	0.00935	0.00763	0.00237	0.00743	0.00726	0.00854	0.01296
52	0.05263	0.59659	0.07541	0.01336	0.01978	0.02731	0.01346	0.02253	0.01622	0.02046	0.06880	0.01664	0.01538	0.00750	0.00547	0.00181	0.00798	0.00510	0.00383	0.00974
53	0.78228	0.01499	0.01140	0.01020	0.01499	0.01739	0.00840	0.02279	0.01320	0.03479	0.01080	0.01260	0.00840	0.00720	0.00480	0.00240	0.00600	0.00420	0.00480	0.00840
54	0.02833	0.02086	0.02245	0.01744	0.02331	0.02303	0.01431	0.61657	0.03522	0.04720	0.01999	0.05884	0.01536	0.01016	0.00788	0.00237	0.00830	0.00784	0.00772	0.01279
55	0.01719	0.01375	0.01619	0.01162	0.01846	0.01040	0.00932	0.02061	0.01644	0.06444	0.01478	0.01669	0.01194	0.00597	0.00586	0.00122	0.00579	0.00478	0.00489	0.72965
56	0.00964	0.00683	0.00894	0.01054	0.01095	0.00643	0.00693	0.01085	0.01446	0.01928	0.04076	0.65008	0.04879	0.10006	0.01308	0.00362	0.00482	0.02088	0.00693	0.00613
57	0.01445	0.00723	0.00723	0.00723	0.00903	0.00723	0.00542	0.01807	0.01626	0.02891	0.02529	0.02891	0.01987	0.00903	0.00542	0.00181	0.00361	0.00723	0.77055	0.00723
58	0.00916	0.00785	0.00785	0.00785	0.01047	0.00655	0.00589	0.01113	0.01767	0.02095	0.07855	0.07462	0.67599	0.01964	0.00916	0.00262	0.00393	0.01636	0.00720	0.00655
59	0.00945	0.00675	0.00900	0.01080	0.01125	0.00630	0.00720	0.01080	0.01484	0.01979	0.04274	0.72245	0.05128	0.02429	0.00990	0.00315	0.00450	0.02204	0.00720	0.00630
60	0.01087	0.00792	0.01022	0.00964	0.01152	0.00727	0.00723	0.01442	0.02169	0.03049	0.63961	0.05891	0.10898	0.01608	0.00915	0.00245	0.00367	0.01416	0.00846	0.00727
61	0.01555	0.04011	0.68733	0.02210	0.03356	0.01801	0.02865	0.02455	0.01637	0.02455	0.01391	0.01637	0.00982	0.00737	0.00737	0.00246	0.01146	0.00573	0.00327	0.01146
62	0.01825	0.02076	0.04491	0.03221	0.03975	0.01977	0.62673	0.02460	0.01805	0.02460	0.01548	0.02076	0.01170	0.00681	0.00977	0.00264	0.03986	0.00906	0.00390	0.01038
63	0.01927	0.01695	0.01989	0.02116	0.13164	0.01914	0.01422	0.03826	0.55560	0.03123	0.02869	0.02728	0.02174	0.00991	0.00785	0.00257	0.00666	0.00845	0.00720	0.01227
64	0.02896	0.03695	0.02197	0.01998	0.02397	0.69638	0.01498	0.03096	0.02197	0.01898	0.01199	0.01398	0.00999	0.00799	0.00699	0.00200	0.01398	0.00499	0.00400	0.00899
65	0.01034	0.00790	0.00949	0.00909	0.01120	0.00705	0.00682	0.01341	0.02046	0.02756	0.46762	0.06373	0.28279	0.01717	0.00915	0.00250	0.00375	0.01484	0.00807	0.00705
66	0.03151	0.01393	0.01790	0.01422	0.01987	0.01307	0.01158	0.03851	0.15832	0.54645	0.03079	0.02693	0.02014	0.00979	0.00782	0.00245	0.00650	0.00800	0.00924	0.01300
67	0.00945	0.00675	0.00900	0.01080	0.01125	0.00630	0.00720	0.01080	0.01484	0.01979	0.04274	0.72245	0.05128	0.02429	0.00990	0.00315	0.00450	0.02204	0.00720	0.00630
68	0.02851	0.02079	0.02224	0.01716	0.02309	0.02297	0.01414	0.61270	0.03517	0.04759	0.01904	0.01927	0.01361	0.00929	0.00761	0.00229	0.00822	0.00700	0.05649	0.01281
69	0.02947	0.02172	0.02327	0.01784	0.02404	0.02404	0.01474	0.65329	0.03646	0.04887	0.01862	0.01862	0.01319	0.00931	0.00776	0.00233	0.00853	0.00698	0.00776	0.01319
70	0.01445	0.00723	0.00723	0.00723	0.00903	0.00723	0.00542	0.01807	0.01626	0.02891	0.02529	0.02891	0.01987	0.00903	0.00542	0.00181	0.00361	0.00723	0.77055	0.00723
71	0.01929	0.01666	0.01753	0.01578	0.02016	0.01929	0.01227	0.04120	0.66513	0.03243	0.03156	0.02893	0.02367	0.01052	0.00789	0.00263	0.00614	0.00877	0.00789	0.01227
72	0.01087	0.00792	0.01022	0.00965	0.01152	0.00727	0.00723	0.01443	0.02170	0.03051	0.64096	0.05887	0.10761	0.01607	0.00915	0.00245	0.00367	0.01416	0.00846	0.00727
73	0.00916	0.00785	0.00785	0.00785	0.01047	0.00655	0.00589	0.01113	0.01767	0.02095	0.07855	0.07462	0.67599	0.01964	0.00916	0.00262	0.00393	0.01636	0.00720	0.00655
74	0.00916	0.00785	0.00785	0.00785	0.01047	0.00655	0.00589	0.01113	0.01767	0.02095	0.07855	0.07462	0.67599	0.01964	0.00916	0.00262	0.00393	0.01636	0.00720	0.00655
75	0.01128	0.00752	0.00846	0.00846	0.00846	0.00752	0.00470	0.01128	0.01128	0.01503	0.02443	0.05074	0.02819	0.72751	0.03946	0.00752	0.00752	0.01128	0.00470	0.00470
76	0.02872	0.02038	0.02229	0.01726	0.02317	0.02238	0.01422	0.57597	0.03412	0.08764	0.01951	0.01982	0.01394	0.01223	0.04870	0.00293	0.00914	0.00711	0.00766	0.01281
77	0.01573	0.03888	0.64634	0.02278	0.03400	0.01811	0.06841	0.02457	0.01649	0.02457	0.01403	0.01666	0.00995	0.00731	0.00748	0.00247	0.01156	0.00595	0.00332	0.01139
78	0.02824	0.02104	0.02259	0.01741	0.02355	0.02310	0.01433	0.58737	0.07139	0.04677	0.01912	0.01908	0.01370	0.00920	0.00767	0.00229	0.00826	0.00697	0.00761	0.05032
79	0.00945	0.00675	0.00900	0.01080	0.01125	0.00630	0.00720	0.01080	0.01484	0.01979	0.04274	0.72245	0.05128	0.02429	0.00990	0.00315	0.00450	0.02204	0.00720	0.00630
80	0.01919	0.01842	0.03147	0.04759	0.67914	0.01842	0.02380	0.02380	0.01765	0.02533	0.01458	0.01919	0.01228	0.00691	0.00768	0.00230	0.00921	0.00691	0.00384	0.01228
81	0.00916	0.00785	0.00785	0.00785	0.01047	0.00655	0.00589	0.01113	0.01767	0.02095	0.07855	0.07462	0.67599	0.01964	0.00916	0.00262	0.00393	0.01636	0.00720	0.00655
82	0.01696	0.01696	0.02375	0.02036	0.02036	0.02375	0.01696	0.01866	0.01187	0.01866	0.01018	0.01696	0.01018	0.01357	0.02545	0.00339	0.71332	0.00679	0.00339	0.00848
83	0.01464	0.01378	0.02326	0.70887	0.05340	0.01723	0.02153	0.01981	0.01550	0.01981	0.01378	0.02067	0.01034	0.00775	0.00775	0.00258	0.01034	0.00689	0.00345	0.00861
84	0.02896	0.03695	0.02197	0.01998	0.02397	0.69638	0.01498	0.03096	0.02197	0.01898	0.01199	0.01398	0.00999	0.00799	0.00699	0.00200	0.01398	0.00499	0.00400	0.00899
85	0.01249	0.00892	0.01249	0.01428	0.01606	0.00892	0.01249	0.01606	0.01785	0.02320	0.04105	0.08746	0.04462	0.02142	0.01071	0.00357	0.00714	0.62695	0.00714	0.00714
86	0.01608	0.01378	0.01608	0.01148	0.01837	0.01034	0.00919	0.01952	0.01608	0.02527	0.01378	0.01608	0.01148	0.00574	0.00574	0.00115	0.00574	0.00459	0.00459	0.77491
87	0.01936	0.01817	0.03019	0.10993	0.57956	0.01864	0.02304	0.06081	0.01856	0.02619	0.01475	0.01930	0.01215	0.00713	0.00769	0.00233	0.00928	0.00691	0.00403	0.01198
88	0.01938	0.55187	0.20912	0.01557	0.02346	0.02738	0.01727	0.02357	0.01591	0.01989	0.01160	0.01346	0.00992	0.00682	0.00560	0.00187	0.00912	0.00456	0.00331	0.01034
89	0.01792	0.02002	0.04180	0.07139	0.03889	0.01996	0.53820	0.02380	0.01737	0.02380	0.01492	0.02043	0.01149	0.00744	0.01100	0.00271	0.09616	0.00873	0.00383	0.01011
90	0.03479	0.01320	0.01799	0.01380	0.01979	0.01140	0.01140	0.03779	0.02219	0.68451	0.03059	0.02639	0.01919	0.00960	0.00780	0.00240	0.00660	0.00780	0.00960	0.01320
91	0.01137	0.00812	0.01121	0.01300	0.01429	0.00796	0.01055	0.01413	0.01675	0.02195	0.04167	0.32073	0.04707	0.02247	0.01041	0.00342	0.00617	0.40474	0.00716	0.00683
92	0.01939	0.55311	0.20796	0.01555	0.02343	0.02740	0.01725	0.02356	0.01591	0.01988	0.01159	0.01346	0.00992	0.00682	0.00559	0.00186	0.00911	0.00456	0.00331	0.01034
93	0.01112	0.00745	0.00850	0.00865	0.00869	0.00741	0.00491	0.01124	0.01158	0.01544	0.02598	0.10752	0.03014	0.66806	0.03696	0.00715	0.00726	0.01219	0.00491	0.00483
94	0.01097	0.00793	0.01036	0.00975	0.01158	0.00732	0.00732	0.01463	0.02195	0.03109	0.67505	0.05792	0.07316	0.01585	0.00914	0.00244	0.00366	0.01402	0.00854	0.00732
95	0.01889	0.01298	0.02114	0.01760	0.02179	0.01241	0.15724	0.02450	0.08212	0.17252	0.09396	0.13902	0.03308	0.01416	0.00916	0.00283	0.00757	0.14220	0.00717	0.00965
96	0.02769	0.01346	0.03897	0.01366	0.01880	0.01169	0.01150	0.05891	0.05339	0.45023	0.14384	0.03489	0.02981	0.01133	0.00819	0.00248	0.00633	0.04422	0.00889	0.01171
97	0.01555	0.04011	0.68733	0.02210	0.03356	0.01801	0.02865	0.02455	0.01637	0.02455	0.01391	0.01637	0.00982	0.00737	0.00737	0.00246	0.01146	0.00573	0.00327	0.01146
98	0.01164	0.00883	0.01231	0.01202	0.01290	0.01029	0.00892	0.01354	0.01208	0.01723	0.02088	0.03497	0.02106	0.24170	0.45489	0.01030	0.07676	0.00901	0.00424	0.00643
99	0.28702	0.02036	0.05726	0.10510	0.04439	0.06602	0.01449	0.25716	0.02303	0.03616	0.01445	0.01637	0.01073	0.00811	0.00666	0.00237	0.00844	0.00580	0.00555	0.01053
100	0.01509	0.01426	0.02404	0.56953	0.04750	0.01757	0.06061	0.01995	0.01537	0.02042	0.01406	0.02069	0.01083	0.00828	0.00943	0.00263	0.07728	0.00704	0.03678	0.00866
101	0.43196	0.01299	0.01389	0.06834	0.01859	0.01427	0.04034	0.02063	0.01570	0.06100	0.12673	0.10206	0.02488	0.01070	0.00669	0.00252	0.00616	0.00848	0.00576	0.00832
102	0.04367	0.01160	0.01543	0.04893	0.01809	0.01228	0.04678	0.12265	0.01937	0.02673	0.09194	0.35146	0.05908	0.01757	0.01005	0.00287	0.04814	0.03847	0.00672	0.00817

[dist]
# distance from previous block
# <min> <max>
0	1

[block]
# block no. 7 follows, 25 sequences, length 72
# corresponding to MSA columns:
# 342-413
name=unknown_H
#
# <colnr> <probs for GDERKNQSTAVLIFYWHMCP>
#	G	D	E	R	K	N	Q	S	T	A	V	L	I	F	Y	W	H	M	C	P
0	0.17472	0.05393	0.11446	0.02963	0.31476	0.01881	0.01907	0.08862	0.01872	0.07535	0.01508	0.01761	0.01163	0.00745	0.00694	0.00232	0.00857	0.00614	0.00473	0.01143
1	0.10130	0.08495	0.35166	0.07556	0.02880	0.01824	0.02060	0.08042	0.01820	0.05077	0.04821	0.01867	0.01369	0.00792	0.00698	0.00231	0.00937	0.00608	0.00443	0.05183
2	0.01809	0.01573	0.02315	0.45778	0.04257	0.04100	0.05262	0.09734	0.05984	0.05532	0.01766	0.05375	0.01391	0.00891	0.00791	0.00256	0.00968	0.00783	0.00475	0.00961
3	0.01767	0.01627	0.02576	0.18789	0.07476	0.01589	0.15134	0.08891	0.01891	0.02659	0.03720	0.02012	0.01359	0.00720	0.00742	0.00206	0.00888	0.00685	0.00460	0.26810
4	0.04903	0.01797	0.07347	0.02098	0.04559	0.01526	0.23321	0.04140	0.05173	0.12133	0.04729	0.02236	0.01623	0.00770	0.00764	0.00220	0.00881	0.00757	0.04114	0.16907
5	0.01585	0.01467	0.02419	0.34338	0.26360	0.01662	0.02007	0.02019	0.01599	0.02198	0.01707	0.08868	0.01534	0.00947	0.00894	0.00256	0.05222	0.00838	0.03118	0.00961
6	0.02018	0.56169	0.16399	0.01533	0.02275	0.06404	0.01632	0.02389	0.01621	0.01950	0.01145	0.01328	0.00993	0.00685	0.00554	0.00183	0.00921	0.00450	0.00335	0.01019
7	0.01729	0.01456	0.01729	0.06094	0.02138	0.01216	0.01060	0.08173	0.01804	0.02720	0.01426	0.01665	0.01157	0.00623	0.00608	0.00136	0.00634	0.00499	0.00482	0.64651
8	0.06435	0.01713	0.10512	0.01483	0.02114	0.01348	0.01350	0.05220	0.08413	0.45464	0.05807	0.02597	0.02031	0.00957	0.00767	0.00243	0.00708	0.00773	0.00827	0.01237
9	0.01856	0.44200	0.31178	0.01697	0.02563	0.02537	0.01972	0.02378	0.01601	0.02089	0.01209	0.01409	0.00990	0.00694	0.00598	0.00199	0.00962	0.00481	0.00330	0.01058
10	0.01657	0.00992	0.01164	0.01078	0.01406	0.00906	0.00834	0.02076	0.08270	0.18274	0.05563	0.14730	0.33751	0.01702	0.00888	0.00268	0.00502	0.04281	0.00785	0.00872
11	0.14188	0.01474	0.04906	0.01367	0.01976	0.01258	0.01179	0.03499	0.02061	0.55905	0.02693	0.02392	0.01718	0.00914	0.00734	0.00240	0.00674	0.00718	0.00860	0.01242
12	0.02938	0.01447	0.04205	0.01409	0.01965	0.01278	0.01186	0.07478	0.08821	0.47655	0.10450	0.02946	0.02521	0.01032	0.00795	0.00242	0.00651	0.00849	0.00895	0.01235
13	0.01660	0.02043	0.11776	0.29306	0.08932	0.01840	0.28517	0.02279	0.01693	0.02290	0.01465	0.02012	0.01100	0.00714	0.00828	0.00256	0.01154	0.00769	0.00365	0.01000
14	0.03117	0.01378	0.01776	0.01405	0.01962	0.01284	0.01146	0.06068	0.11690	0.53347	0.06111	0.02797	0.02220	0.01002	0.00787	0.00243	0.00646	0.00821	0.00923	0.01278
15	0.03027	0.01811	0.02075	0.01616	0.02210	0.01899	0.01327	0.36568	0.09995	0.27511	0.02432	0.02253	0.01649	0.00954	0.00779	0.00239	0.00758	0.00747	0.00843	0.01309
16	0.01810	0.07884	0.28285	0.02661	0.03548	0.06107	0.33579	0.02499	0.01763	0.02391	0.01446	0.01821	0.01081	0.00694	0.00806	0.00245	0.01219	0.00727	0.00364	0.01071
17	0.00979	0.00699	0.00939	0.01119	0.01179	0.00659	0.00779	0.01139	0.01518	0.02018	0.04255	0.65117	0.05053	0.02397	0.00999	0.00320	0.00479	0.08995	0.00719	0.00639
18	0.01703	0.01078	0.01320	0.01252	0.01517	0.01081	0.00933	0.07411	0.12211	0.13436	0.12296	0.34953	0.04145	0.01731	0.00895	0.00278	0.00532	0.01526	0.00793	0.00909
19	0.07037	0.57438	0.10045	0.01396	0.02091	0.02741	0.01434	0.02421	0.01604	0.06057	0.01229	0.01368	0.01040	0.00692	0.00537	0.00183	0.00835	0.00453	0.00379	0.01019
20	0.02039	0.68738	0.08249	0.01384	0.02078	0.02986	0.01426	0.02330	0.01579	0.01865	0.01098	0.01269	0.00994	0.00668	0.00513	0.00171	0.00850	0.00425	0.00331	0.01005
21	0.01115	0.00800	0.01092	0.01092	0.01177	0.00885	0.00777	0.01286	0.01200	0.01686	0.02218	0.03826	0.02277	0.31574	0.44383	0.01056	0.01567	0.00945	0.00436	0.00607
22	0.00945	0.00675	0.00900	0.01080	0.01125	0.00630	0.00720	0.01080	0.01484	0.01979	0.04274	0.72245	0.05128	0.02429	0.00990	0.00315	0.00450	0.02204	0.00720	0.00630
23	0.01855	0.34613	0.33628	0.01720	0.02581	0.02286	0.01999	0.02412	0.01662	0.05284	0.04385	0.01700	0.01324	0.00754	0.00640	0.00210	0.00946	0.00550	0.00383	0.01068
24	0.01464	0.01378	0.02326	0.70887	0.05340	0.01723	0.02153	0.01981	0.01550	0.01981	0.01378	0.02067	0.01034	0.00775	0.00775	0.00258	0.01034	0.00689	0.00345	0.00861
25	0.05953	0.03371	0.52510	0.05032	0.03144	0.01698	0.02475	0.02617	0.01700	0.12035	0.01615	0.01780	0.01112	0.00770	0.00731	0.00245	0.01041	0.00600	0.00428	0.01142
26	0.01920	0.01831	0.03062	0.04565	0.63894	0.01848	0.02309	0.02486	0.05715	0.02576	0.01562	0.01978	0.01298	0.00713	0.00769	0.00232	0.00902	0.00702	0.00409	0.01228
27	0.01091	0.00861	0.01190	0.04676	0.01505	0.00808	0.04691	0.01361	0.01741	0.02329	0.16650	0.26838	0.22298	0.01832	0.00911	0.00273	0.00503	0.03688	0.06051	0.00702
28	0.01984	0.08316	0.46985	0.02052	0.03021	0.05267	0.05313	0.02694	0.01764	0.13047	0.01637	0.01780	0.01144	0.00767	0.00733	0.00237	0.01066	0.00607	0.00437	0.01146
29	0.01509	0.01399	0.02309	0.58680	0.09307	0.01723	0.02064	0.01994	0.01547	0.02056	0.01417	0.02073	0.01092	0.00811	0.00872	0.00258	0.05302	0.00690	0.04017	0.00880
30	0.01696	0.01696	0.02375	0.02036	0.02036	0.02375	0.01696	0.01866	0.01187	0.01866	0.01018	0.01696	0.01018	0.01357	0.02545	0.00339	0.71332	0.00679	0.00339	0.00848
31	0.02128	0.01307	0.01543	0.01333	0.01712	0.01352	0.01032	0.09731	0.19640	0.19787	0.09961	0.07890	0.04738	0.09256	0.04691	0.00359	0.00698	0.01021	0.00778	0.01043
32	0.01107	0.00799	0.01049	0.01003	0.01186	0.00741	0.00763	0.01472	0.02170	0.03061	0.63619	0.05973	0.07141	0.01619	0.00924	0.00251	0.00387	0.05159	0.00845	0.00731
33	0.01608	0.01378	0.01608	0.01148	0.01837	0.01034	0.00919	0.01952	0.01608	0.02527	0.01378	0.01608	0.01148	0.00574	0.00574	0.00115	0.00574	0.00459	0.00459	0.77491
34	0.02445	0.01772	0.01953	0.01550	0.02074	0.01873	0.01243	0.41395	0.05864	0.06989	0.02210	0.09702	0.01867	0.04918	0.00945	0.00257	0.00750	0.00867	0.00723	0.10602
35	0.01983	0.15700	0.32046	0.01813	0.02632	0.02049	0.01985	0.07312	0.16339	0.07920	0.01895	0.01942	0.01392	0.00825	0.00711	0.00234	0.00910	0.00637	0.00513	0.01163
36	0.01747	0.01493	0.01587	0.01440	0.01836	0.01685	0.01116	0.03562	0.53813	0.03116	0.09895	0.03629	0.09328	0.01194	0.00814	0.00261	0.00568	0.01003	0.00788	0.01122
37	0.01529	0.01413	0.02326	0.67862	0.05212	0.01753	0.02124	0.04754	0.01642	0.02108	0.01399	0.02058	0.01046	0.00782	0.00775	0.00257	0.01026	0.00689	0.00363	0.00881
38	0.01744	0.01827	0.03003	0.09109	0.02983	0.04029	0.21342	0.02109	0.01475	0.02107	0.01250	0.01842	0.01075	0.01021	0.01701	0.00290	0.36695	0.00735	0.00365	0.05298
39	0.01100	0.00807	0.01043	0.01158	0.01239	0.00805	0.00802	0.05265	0.01614	0.02164	0.04005	0.65249	0.04739	0.02295	0.01030	0.00310	0.02928	0.02054	0.00710	0.00682
40	0.00945	0.00675	0.00900	0.01080	0.01125	0.00630	0.00720	0.01080	0.01484	0.01979	0.04274	0.72245	0.05128	0.02429	0.00990	0.00315	0.00450	0.02204	0.00720	0.00630
41	0.01276	0.00963	0.01340	0.04461	0.01572	0.00970	0.05001	0.05273	0.01605	0.02141	0.06680	0.21246	0.03626	0.27380	0.02037	0.00464	0.00707	0.11986	0.00601	0.00672
42	0.00960	0.00681	0.00895	0.01060	0.01101	0.00640	0.00699	0.01084	0.01455	0.01940	0.04121	0.66636	0.04935	0.08301	0.01237	0.00351	0.00475	0.02114	0.00699	0.00616
43	0.01014	0.00722	0.00970	0.01142	0.01213	0.00688	0.00819	0.01190	0.01533	0.02031	0.04169	0.56623	0.04903	0.05055	0.01119	0.00340	0.00516	0.14602	0.00709	0.00641
44	0.08646	0.01439	0.01819	0.01405	0.01999	0.01341	0.01161	0.11412	0.02336	0.55910	0.02770	0.02445	0.01768	0.00939	0.00758	0.00239	0.00680	0.00744	0.00903	0.01286
45	0.01656	0.15092	0.54355	0.02132	0.03177	0.02016	0.06412	0.02436	0.01639	0.02355	0.01352	0.01601	0.00996	0.00720	0.00709	0.00234	0.01104	0.00568	0.00332	0.01115
46	0.78228	0.01499	0.01140	0.01020	0.01499	0.01739	0.00840	0.02279	0.01320	0.03479	0.01080	0.01260	0.00840	0.00720	0.00480	0.00240	0.00600	0.00420	0.00480	0.00840
47	0.01109	0.00830	0.01143	0.01272	0.05823	0.00778	0.00843	0.01411	0.01949	0.02726	0.43709	0.25668	0.06226	0.01778	0.00927	0.00264	0.00430	0.01596	0.00780	0.00735
48	0.01696	0.01696	0.02375	0.02036	0.02036	0.02375	0.01696	0.01866	0.01187	0.01866	0.01018	0.01696	0.01018	0.01357	0.02545	0.00339	0.71332	0.00679	0.00339	0.00848
49	0.00962	0.00688	0.00915	0.01068	0.01128	0.00641	0.00721	0.01122	0.01563	0.02105	0.11289	0.64872	0.05371	0.02336	0.00981	0.00307	0.00441	0.02115	0.00735	0.00641
50	0.01108	0.00831	0.01246	0.01246	0.01385	0.00969	0.00969	0.01385	0.01246	0.01800	0.02077	0.03046	0.01938	0.05815	0.69678	0.01246	0.02077	0.00831	0.00415	0.00692
51	0.07173	0.01366	0.01581	0.01232	0.01781	0.01206	0.00980	0.07504	0.01795	0.08849	0.02046	0.09944	0.03431	0.00930	0.00736	0.00181	0.03290	0.00746	0.00567	0.44660
52	0.01555	0.04011	0.68733	0.02210	0.03356	0.01801	0.02865	0.02455	0.01637	0.02455	0.01391	0.01637	0.00982	0.00737	0.00737	0.00246	0.01146	0.00573	0.00327	0.01146
53	0.01555	0.04011	0.68733	0.02210	0.03356	0.01801	0.02865	0.02455	0.01637	0.02455	0.01391	0.01637	0.00982	0.00737	0.00737	0.00246	0.01146	0.00573	0.00327	0.01146
54	0.00952	0.00686	0.00902	0.01060	0.01123	0.00636	0.00714	0.01102	0.01536	0.02045	0.07841	0.65647	0.08162	0.02362	0.00982	0.00309	0.00443	0.02135	0.00727	0.00636
55	0.05166	0.12460	0.29508	0.01862	0.02675	0.08226	0.01978	0.19512	0.02244	0.07060	0.01549	0.01670	0.01128	0.00798	0.00705	0.00227	0.00997	0.00586	0.00500	0.01149
56	0.01953	0.01660	0.01749	0.01556	0.01999	0.01903	0.01215	0.08272	0.59114	0.03306	0.03282	0.03032	0.05308	0.01086	0.00794	0.00261	0.00620	0.00899	0.00785	0.01207
57	0.00946	0.00750	0.00851	0.00903	0.01085	0.00655	0.00648	0.01141	0.01723	0.02170	0.13331	0.28428	0.40487	0.02073	0.00940	0.00277	0.00408	0.01796	0.00735	0.00655
58	0.02921	0.01592	0.01898	0.01508	0.02047	0.01607	0.01236	0.29043	0.02725	0.32392	0.02670	0.07114	0.01998	0.01096	0.00797	0.00245	0.00719	0.03726	0.03438	0.01226
59	0.04370	0.08576	0.48133	0.01945	0.02872	0.01797	0.02338	0.02491	0.01689	0.09065	0.05062	0.01921	0.01415	0.00828	0.00808	0.00243	0.04289	0.00626	0.00425	0.01105
60	0.01111	0.00818	0.01180	0.01180	0.01296	0.00933	0.00887	0.01342	0.01227	0.01751	0.02137	0.03381	0.02084	0.16871	0.58821	0.01164	0.01858	0.00880	0.00424	0.00656
61	0.01036	0.00765	0.00969	0.00972	0.01135	0.00697	0.00708	0.01325	0.01971	0.02705	0.44488	0.21166	0.15527	0.01832	0.00932	0.00263	0.00389	0.01619	0.00804	0.00697
62	0.01818	0.01615	0.02694	0.30909	0.03817	0.01855	0.14886	0.08215	0.01786	0.06412	0.01655	0.05622	0.01352	0.00959	0.01112	0.00272	0.12795	0.00818	0.00452	0.00957
63	0.07542	0.02485	0.02104	0.01729	0.02254	0.24065	0.01377	0.32154	0.02806	0.11248	0.01758	0.01795	0.01275	0.00878	0.00726	0.00222	0.00978	0.00627	0.02841	0.01136
64	0.01478	0.01398	0.02329	0.66667	0.05138	0.01763	0.02125	0.01974	0.01528	0.01974	0.01356	0.02044	0.01033	0.00811	0.00884	0.00263	0.05342	0.00688	0.00344	0.00861
65	0.01830	0.02092	0.04575	0.03268	0.04052	0.01961	0.65098	0.02484	0.01830	0.02484	0.01569	0.02092	0.01176	0.00654	0.00915	0.00261	0.01307	0.00915	0.00392	0.01046
66	0.01828	0.29109	0.38047	0.02034	0.06770	0.05401	0.02211	0.02432	0.01648	0.02204	0.01272	0.01500	0.01003	0.00710	0.00650	0.00213	0.01028	0.00519	0.00336	0.01084
