[name]
unknown

[dist]
# distance from previous block
# <min> <max>
0	35

[block]
# block no. 0 follows, 24 sequences, length 52
# corresponding to MSA columns:
# 35-86
name=unknown_A
#
# <colnr> <probs for GDERKNQSTAVLIFYWHMCP>
#	G	D	E	R	K	N	Q	S	T	A	V	L	I	F	Y	W	H	M	C	P
0	0.02962	0.03779	0.02247	0.02043	0.02451	0.68948	0.01532	0.03166	0.02247	0.01941	0.01226	0.01430	0.01021	0.00817	0.00715	0.00204	0.01430	0.00511	0.00409	0.00919
1	0.22549	0.01205	0.01379	0.01164	0.01591	0.01180	0.00933	0.02601	0.02014	0.27305	0.25496	0.03482	0.03654	0.01146	0.00765	0.00247	0.00550	0.00928	0.00811	0.01002
2	0.04547	0.23114	0.19979	0.01902	0.02596	0.06350	0.11454	0.02311	0.01756	0.02366	0.09105	0.05134	0.01979	0.00919	0.00792	0.00233	0.03267	0.00758	0.00438	0.01001
3	0.01870	0.01789	0.03051	0.17899	0.54878	0.01860	0.02388	0.02352	0.01762	0.02478	0.01475	0.01993	0.01216	0.00724	0.00787	0.00241	0.00965	0.00706	0.00385	0.01181
4	0.01121	0.00877	0.01029	0.01050	0.01246	0.00839	0.00763	0.01593	0.09501	0.02527	0.22214	0.27190	0.23202	0.01945	0.00945	0.00280	0.00440	0.01702	0.00782	0.00753
5	0.03031	0.01305	0.01708	0.01361	0.01899	0.01181	0.01106	0.03533	0.08623	0.51694	0.09715	0.03282	0.05661	0.01104	0.00819	0.00249	0.00627	0.00913	0.00941	0.01248
6	0.11882	0.01814	0.01862	0.05991	0.04199	0.13867	0.01352	0.05698	0.01664	0.04402	0.01692	0.06105	0.01569	0.05590	0.13324	0.00473	0.16406	0.00772	0.00467	0.00871
7	0.02191	0.51694	0.15598	0.01529	0.02290	0.02669	0.01623	0.02574	0.01700	0.09702	0.01399	0.01513	0.01126	0.00728	0.00587	0.00193	0.00887	0.00497	0.00414	0.01085
8	0.00966	0.00690	0.00920	0.01104	0.01150	0.00644	0.00736	0.01104	0.01518	0.02024	0.04371	0.71614	0.05245	0.02484	0.01012	0.00322	0.00460	0.02254	0.00736	0.00644
9	0.01680	0.01036	0.01363	0.05534	0.01688	0.01003	0.00965	0.06578	0.02280	0.13832	0.44104	0.08215	0.05594	0.01458	0.00897	0.00253	0.00509	0.01271	0.00845	0.00895
10	0.02867	0.02238	0.02432	0.01887	0.02504	0.05218	0.04452	0.53741	0.08992	0.04605	0.01976	0.01987	0.01421	0.00944	0.00798	0.00241	0.00897	0.00732	0.00760	0.01309
11	0.01873	0.01793	0.03057	0.17471	0.55282	0.01861	0.02389	0.02355	0.01763	0.02482	0.01476	0.01992	0.01218	0.00723	0.00787	0.00241	0.00964	0.00706	0.00385	0.01184
12	0.01150	0.00783	0.00936	0.00936	0.00961	0.00808	0.00570	0.01199	0.01174	0.01591	0.02433	0.04827	0.02726	0.60573	0.15379	0.00857	0.01005	0.01100	0.00471	0.00520
13	0.06338	0.02034	0.03321	0.04175	0.47162	0.06166	0.14217	0.02495	0.01820	0.02595	0.01474	0.01924	0.01208	0.00708	0.00793	0.00240	0.01030	0.00722	0.00401	0.01176
14	0.01153	0.00769	0.00865	0.00865	0.00865	0.00769	0.00480	0.01153	0.01153	0.01538	0.02499	0.05189	0.02883	0.72131	0.04036	0.00769	0.00769	0.01153	0.00480	0.00480
15	0.02746	0.10138	0.02280	0.01809	0.02242	0.49102	0.01402	0.04896	0.02204	0.06256	0.05002	0.01827	0.01491	0.00867	0.00706	0.00206	0.01199	0.00588	0.04088	0.00952
16	0.01302	0.00788	0.01043	0.01111	0.01239	0.00727	0.00772	0.01483	0.01680	0.09846	0.12392	0.50592	0.05007	0.06622	0.01169	0.00332	0.00493	0.01905	0.00767	0.00730
17	0.01150	0.00774	0.00888	0.00880	0.00902	0.00766	0.00512	0.01193	0.01281	0.01730	0.10029	0.05275	0.03422	0.63870	0.03673	0.00708	0.00723	0.01186	0.00526	0.00512
18	0.12061	0.01327	0.01691	0.01329	0.01886	0.01206	0.01084	0.03484	0.02108	0.55111	0.04811	0.02750	0.02046	0.04332	0.00919	0.00270	0.00663	0.00791	0.00897	0.01233
19	0.02780	0.01511	0.01813	0.01493	0.02021	0.01535	0.01199	0.07347	0.27255	0.35574	0.06357	0.02921	0.02390	0.01050	0.00808	0.00254	0.00652	0.00864	0.00897	0.01282
20	0.01525	0.01426	0.02345	0.66306	0.05267	0.01774	0.02148	0.02151	0.05252	0.02100	0.01513	0.02162	0.01135	0.00809	0.00794	0.00265	0.01033	0.00716	0.00378	0.00902
21	0.01107	0.01012	0.04400	0.07362	0.01771	0.00883	0.03968	0.01372	0.01650	0.02203	0.11448	0.42741	0.10723	0.04228	0.01056	0.00311	0.00582	0.01787	0.00675	0.00720
22	0.02017	0.01798	0.01814	0.01633	0.02080	0.05012	0.01268	0.04166	0.62870	0.03255	0.03137	0.02889	0.02357	0.01064	0.00803	0.00266	0.00664	0.00879	0.00789	0.01240
23	0.08822	0.33928	0.19040	0.05074	0.02499	0.02293	0.01698	0.02542	0.01681	0.09937	0.01450	0.01601	0.01121	0.00739	0.00619	0.00207	0.00884	0.00525	0.00434	0.04907
24	0.06595	0.01984	0.09553	0.31560	0.17471	0.04070	0.02098	0.08463	0.05810	0.02661	0.01564	0.01992	0.01192	0.00800	0.00766	0.00251	0.00985	0.00681	0.00441	0.01061
25	0.02972	0.02056	0.02250	0.01750	0.02362	0.02244	0.01437	0.50490	0.10121	0.12733	0.02199	0.02116	0.01540	0.00969	0.00795	0.00242	0.00822	0.00744	0.00818	0.01339
26	0.06449	0.01517	0.02441	0.51167	0.16808	0.01793	0.02129	0.02195	0.03728	0.02273	0.01466	0.02061	0.01127	0.00782	0.00773	0.00258	0.00993	0.00694	0.00384	0.00963
27	0.01867	0.02124	0.04598	0.03297	0.04070	0.02021	0.62041	0.02517	0.01848	0.02517	0.01584	0.02124	0.01197	0.00694	0.00996	0.00270	0.03845	0.00927	0.00399	0.01062
28	0.01077	0.00785	0.01024	0.01109	0.01207	0.00777	0.00772	0.01365	0.04665	0.02238	0.15384	0.42967	0.04954	0.08336	0.09038	0.00452	0.00668	0.01787	0.00708	0.00686
29	0.03558	0.01350	0.01840	0.01411	0.02024	0.01166	0.01166	0.03865	0.02270	0.67734	0.03128	0.02699	0.01963	0.00981	0.00797	0.00245	0.00675	0.00797	0.00981	0.01350
30	0.01089	0.00742	0.00884	0.00947	0.00963	0.00726	0.00568	0.01136	0.01278	0.01705	0.03141	0.27979	0.03693	0.48236	0.02999	0.00616	0.00663	0.01531	0.00568	0.00537
31	0.01541	0.01453	0.02456	0.64173	0.11177	0.01773	0.02224	0.02064	0.01606	0.02078	0.01417	0.02100	0.01076	0.00785	0.00792	0.00262	0.01046	0.00705	0.00356	0.00916
32	0.01949	0.01906	0.02992	0.13687	0.52558	0.05256	0.02306	0.02489	0.04512	0.02510	0.01540	0.01999	0.01266	0.00740	0.00784	0.00239	0.00969	0.00704	0.00405	0.01187
33	0.74212	0.01525	0.01198	0.01060	0.01557	0.01750	0.00873	0.02404	0.01393	0.06604	0.01200	0.01355	0.00911	0.00748	0.00505	0.00245	0.00616	0.00447	0.00514	0.00882
34	0.03186	0.01704	0.02071	0.04702	0.02350	0.01727	0.01348	0.27228	0.05556	0.37730	0.02582	0.02377	0.01704	0.00966	0.00796	0.00244	0.00766	0.00765	0.00873	0.01324
35	0.03395	0.01357	0.01819	0.01405	0.01995	0.01198	0.01156	0.06362	0.02332	0.61324	0.06711	0.02849	0.02252	0.01017	0.00805	0.00245	0.00666	0.00830	0.00967	0.01315
36	0.01107	0.00810	0.01039	0.00981	0.01175	0.00742	0.00736	0.01467	0.02208	0.03094	0.61886	0.06065	0.12417	0.01653	0.00935	0.00251	0.00376	0.01454	0.00862	0.00742
37	0.01153	0.00769	0.00865	0.00865	0.00865	0.00769	0.00480	0.01153	0.01153	0.01538	0.02499	0.05189	0.02883	0.72131	0.04036	0.00769	0.00769	0.01153	0.00480	0.00480
38	0.01084	0.00796	0.01015	0.00987	0.01168	0.00728	0.00730	0.01412	0.02114	0.02933	0.53109	0.13414	0.14036	0.01761	0.00944	0.00260	0.00387	0.01553	0.00842	0.00728
39	0.01122	0.00811	0.01060	0.00998	0.01185	0.00748	0.00748	0.01496	0.02245	0.03180	0.66766	0.05923	0.07482	0.01621	0.00935	0.00249	0.00374	0.01434	0.00873	0.00748
40	0.02962	0.03779	0.02247	0.02043	0.02451	0.68948	0.01532	0.03166	0.02247	0.01941	0.01226	0.01430	0.01021	0.00817	0.00715	0.00204	0.01430	0.00511	0.00409	0.00919
41	0.01590	0.04102	0.68023	0.02260	0.03432	0.01842	0.02930	0.02511	0.01674	0.02511	0.01423	0.01674	0.01005	0.00753	0.00753	0.00251	0.01172	0.00586	0.00335	0.01172
42	0.12858	0.01482	0.02294	0.52510	0.11919	0.01778	0.02029	0.02118	0.01576	0.02318	0.01374	0.01974	0.01050	0.00775	0.00747	0.00258	0.00978	0.00664	0.00377	0.00920
43	0.01748	0.01456	0.01985	0.12766	0.02602	0.01351	0.05258	0.06010	0.01779	0.05331	0.01769	0.07927	0.01551	0.00867	0.00790	0.00192	0.03764	0.00733	0.00506	0.41615
44	0.02401	0.11955	0.06610	0.05135	0.02560	0.29541	0.04512	0.09739	0.07834	0.02504	0.01650	0.04737	0.01383	0.00884	0.00727	0.00218	0.01092	0.00664	0.00488	0.05365
45	0.01679	0.05005	0.05139	0.16558	0.07471	0.01648	0.16157	0.05127	0.05281	0.02506	0.02078	0.12715	0.01888	0.01018	0.00813	0.00247	0.00905	0.00967	0.04123	0.08675
46	0.24872	0.01824	0.05860	0.03520	0.02107	0.01815	0.01266	0.22535	0.05606	0.06213	0.08917	0.02222	0.01919	0.00922	0.00700	0.00235	0.00720	0.00693	0.00651	0.07405
47	0.11565	0.08973	0.02084	0.08343	0.05185	0.01834	0.01308	0.12944	0.08922	0.08300	0.08475	0.02515	0.02063	0.04595	0.00979	0.00263	0.04037	0.00752	0.00612	0.06251
48	0.01601	0.06062	0.07187	0.04001	0.01863	0.07990	0.01211	0.02232	0.11508	0.02612	0.20450	0.09875	0.03619	0.04637	0.01076	0.00276	0.05135	0.01061	0.06720	0.00884
49	0.33192	0.01679	0.07787	0.12834	0.05467	0.03603	0.01363	0.04004	0.01552	0.02790	0.01773	0.12913	0.01680	0.01147	0.00822	0.04453	0.00767	0.00823	0.00487	0.00865
50	0.01460	0.04870	0.09090	0.04344	0.01893	0.04676	0.01250	0.01853	0.05116	0.04646	0.03121	0.37931	0.03402	0.01738	0.00995	0.00285	0.05053	0.02989	0.00614	0.04675
51	0.02259	0.07516	0.14577	0.01855	0.02365	0.37883	0.01647	0.02615	0.02011	0.02157	0.06149	0.08654	0.02019	0.01072	0.00770	0.00233	0.01149	0.03676	0.00468	0.00927

[dist]
# distance from previous block
# <min> <max>
3	32

[block]
# block no. 1 follows, 24 sequences, length 36
# corresponding to MSA columns:
# 120-155
name=unknown_B
#
# <colnr> <probs for GDERKNQSTAVLIFYWHMCP>
#	G	D	E	R	K	N	Q	S	T	A	V	L	I	F	Y	W	H	M	C	P
0	0.06419	0.16983	0.02752	0.05267	0.04882	0.04474	0.06537	0.20898	0.07200	0.06878	0.05750	0.02119	0.01694	0.00908	0.00810	0.00234	0.03766	0.00710	0.00596	0.01124
1	0.05232	0.07143	0.02102	0.01540	0.02079	0.01741	0.04565	0.17650	0.12641	0.11628	0.02572	0.10301	0.04042	0.01087	0.00769	0.00233	0.00715	0.00904	0.00695	0.12359
2	0.21908	0.04628	0.05516	0.09382	0.16639	0.06656	0.01632	0.11411	0.01986	0.07921	0.01524	0.01759	0.01157	0.00783	0.00687	0.00233	0.00867	0.00602	0.00515	0.04196
3	0.01472	0.00792	0.00903	0.00882	0.01052	0.00807	0.00646	0.01766	0.01548	0.05744	0.02522	0.03319	0.02154	0.12897	0.12630	0.00462	0.00742	0.00825	0.48112	0.00724
4	0.00978	0.00699	0.00930	0.01096	0.01153	0.00652	0.00737	0.01133	0.01571	0.02109	0.08939	0.66804	0.05409	0.02421	0.01007	0.00317	0.00454	0.02194	0.00746	0.00652
5	0.01135	0.00841	0.01232	0.01232	0.01359	0.00968	0.00939	0.01389	0.01262	0.01810	0.02163	0.03329	0.02075	0.12777	0.62287	0.01222	0.01984	0.00881	0.00431	0.00685
6	0.16123	0.59446	0.03602	0.01299	0.01942	0.02886	0.01265	0.02366	0.01563	0.02179	0.01103	0.01275	0.00988	0.00689	0.00505	0.00184	0.00805	0.00425	0.00367	0.00988
7	0.04414	0.00958	0.01159	0.01077	0.01314	0.00945	0.00822	0.01779	0.06728	0.05747	0.43021	0.07762	0.15413	0.01598	0.00967	0.00259	0.03057	0.01364	0.00812	0.00805
8	0.02009	0.01822	0.02435	0.10388	0.02735	0.05308	0.08989	0.15482	0.05964	0.02818	0.01643	0.02071	0.01328	0.01362	0.06303	0.00341	0.19473	0.00732	0.03504	0.05293
9	0.01871	0.06568	0.06760	0.01388	0.02047	0.01464	0.01212	0.08165	0.03985	0.05546	0.01692	0.04938	0.01424	0.00793	0.00732	0.00172	0.03543	0.00618	0.00522	0.46559
10	0.01838	0.04974	0.02343	0.14526	0.02684	0.06665	0.03889	0.07349	0.01643	0.02260	0.01490	0.04453	0.01364	0.04647	0.01732	0.00313	0.31661	0.00761	0.04515	0.00895
11	0.01518	0.01270	0.01752	0.01585	0.01734	0.01595	0.01278	0.08155	0.01512	0.02191	0.01761	0.02556	0.01621	0.03996	0.41053	0.00875	0.23496	0.00787	0.00439	0.00825
12	0.02141	0.01536	0.01760	0.01325	0.01942	0.01390	0.01071	0.18191	0.02270	0.09479	0.05049	0.02116	0.01669	0.00793	0.00675	0.00172	0.00643	0.00630	0.05853	0.41295
13	0.01122	0.00811	0.01060	0.00998	0.01185	0.00748	0.00748	0.01496	0.02245	0.03180	0.66766	0.05923	0.07482	0.01621	0.00935	0.00249	0.00374	0.01434	0.00873	0.00748
14	0.02120	0.72609	0.04155	0.01357	0.02035	0.03138	0.01357	0.02374	0.01611	0.01866	0.01102	0.01272	0.01018	0.00678	0.00509	0.00170	0.00848	0.00424	0.00339	0.01018
15	0.02310	0.01871	0.01983	0.01682	0.02191	0.02130	0.01337	0.23776	0.45639	0.03862	0.02798	0.02617	0.02073	0.01036	0.00802	0.00259	0.00707	0.00837	0.00802	0.01285
16	0.01938	0.00991	0.01321	0.01136	0.01466	0.00888	0.00888	0.02290	0.02253	0.24801	0.45452	0.04843	0.05634	0.01407	0.00889	0.00248	0.00475	0.01221	0.00909	0.00950
17	0.02469	0.01700	0.01758	0.04227	0.02014	0.06007	0.01178	0.30987	0.02703	0.09608	0.02185	0.02316	0.01606	0.00930	0.00706	0.00219	0.00725	0.00717	0.26856	0.01092
18	0.02962	0.03779	0.02247	0.02043	0.02451	0.68948	0.01532	0.03166	0.02247	0.01941	0.01226	0.01430	0.01021	0.00817	0.00715	0.00204	0.01430	0.00511	0.00409	0.00919
19	0.01122	0.00811	0.01060	0.00998	0.01185	0.00748	0.00748	0.01496	0.02245	0.03180	0.66766	0.05923	0.07482	0.01621	0.00935	0.00249	0.00374	0.01434	0.00873	0.00748
20	0.01478	0.00739	0.00739	0.00739	0.00924	0.00739	0.00554	0.01848	0.01663	0.02956	0.02587	0.02956	0.02033	0.00924	0.00554	0.00185	0.00370	0.00739	0.76534	0.00739
21	0.01153	0.00769	0.00865	0.00865	0.00865	0.00769	0.00480	0.01153	0.01153	0.01538	0.02499	0.05189	0.02883	0.72131	0.04036	0.00769	0.00769	0.01153	0.00480	0.00480
22	0.01590	0.04102	0.68023	0.02260	0.03432	0.01842	0.02930	0.02511	0.01674	0.02511	0.01423	0.01674	0.01005	0.00753	0.00753	0.00251	0.01172	0.00586	0.00335	0.01172
23	0.01122	0.00811	0.01060	0.00998	0.01185	0.00748	0.00748	0.01496	0.02245	0.03180	0.66766	0.05923	0.07482	0.01621	0.00935	0.00249	0.00374	0.01434	0.00873	0.00748
24	0.01729	0.09738	0.54674	0.02115	0.03167	0.01991	0.02607	0.05460	0.06455	0.02628	0.01550	0.01744	0.01125	0.00780	0.00738	0.00245	0.01091	0.00601	0.00391	0.01173
25	0.02172	0.68349	0.04037	0.01399	0.02061	0.07210	0.01368	0.02423	0.01651	0.01870	0.01110	0.01282	0.01018	0.00687	0.00522	0.00172	0.00884	0.00429	0.00344	0.01012
26	0.01273	0.00844	0.01108	0.01023	0.01237	0.00774	0.00774	0.01643	0.02246	0.07175	0.62829	0.05724	0.07141	0.01582	0.00927	0.00249	0.00393	0.01395	0.00880	0.00785
27	0.01662	0.03368	0.47047	0.02287	0.03268	0.01847	0.11205	0.02535	0.05124	0.02530	0.01523	0.01810	0.01123	0.00782	0.00874	0.00250	0.05039	0.00649	0.00380	0.06696
28	0.06188	0.04729	0.05952	0.41597	0.06742	0.01988	0.01981	0.16378	0.02076	0.02833	0.01496	0.01955	0.01116	0.00816	0.00762	0.00251	0.00983	0.00673	0.00461	0.01023
29	0.02972	0.01983	0.02202	0.01701	0.02301	0.02132	0.01400	0.50367	0.03390	0.15045	0.06563	0.02309	0.01870	0.01003	0.00804	0.00240	0.00806	0.00777	0.00829	0.01307
30	0.01609	0.01119	0.01170	0.01074	0.01224	0.04403	0.00722	0.08848	0.01618	0.05381	0.02384	0.04166	0.02434	0.46241	0.06659	0.00626	0.00848	0.00996	0.07796	0.00684
31	0.02214	0.04564	0.06412	0.16944	0.30834	0.08945	0.02076	0.04591	0.01919	0.11486	0.01669	0.01996	0.01269	0.00783	0.00770	0.00238	0.00988	0.00681	0.00475	0.01147
32	0.02267	0.04291	0.04882	0.11414	0.02416	0.01480	0.01335	0.08787	0.09772	0.22781	0.16057	0.03238	0.02946	0.03666	0.00931	0.00267	0.00713	0.00911	0.00755	0.01090
33	0.00966	0.00690	0.00920	0.01104	0.01150	0.00644	0.00736	0.01104	0.01518	0.02024	0.04371	0.71614	0.05245	0.02484	0.01012	0.00322	0.00460	0.02254	0.00736	0.00644
34	0.01642	0.01471	0.02305	0.55017	0.04705	0.01814	0.02024	0.08470	0.01768	0.02316	0.01492	0.02142	0.01150	0.01193	0.05572	0.00335	0.04548	0.00715	0.00403	0.00917
35	0.02002	0.24854	0.09132	0.09183	0.09549	0.10528	0.05509	0.02369	0.01647	0.02075	0.01236	0.01631	0.01062	0.00859	0.01062	0.00239	0.15106	0.00592	0.00359	0.01004

[dist]
# distance from previous block
# <min> <max>
0	1

[block]
# block no. 2 follows, 24 sequences, length 15
# corresponding to MSA columns:
# 157-171
name=unknown_C
#
# <colnr> <probs for GDERKNQSTAVLIFYWHMCP>
#	G	D	E	R	K	N	Q	S	T	A	V	L	I	F	Y	W	H	M	C	P
0	0.08456	0.08791	0.02233	0.07220	0.02311	0.01422	0.14434	0.01790	0.01638	0.02301	0.03032	0.27918	0.05717	0.01558	0.00882	0.00285	0.00776	0.07843	0.00569	0.00823
1	0.70632	0.01456	0.01143	0.01048	0.01498	0.01674	0.00847	0.02218	0.01365	0.03416	0.01406	0.07793	0.01264	0.00898	0.00539	0.00252	0.00599	0.00598	0.00513	0.00839
2	0.01478	0.00739	0.00739	0.00739	0.00924	0.00739	0.00554	0.01848	0.01663	0.02956	0.02587	0.02956	0.02033	0.00924	0.00554	0.00185	0.00370	0.00739	0.76534	0.00739
3	0.02233	0.24342	0.16125	0.02035	0.04844	0.17480	0.07698	0.09055	0.02043	0.02475	0.03750	0.01730	0.01314	0.00788	0.00699	0.00215	0.01079	0.00601	0.00429	0.01064
4	0.01129	0.00777	0.00883	0.00875	0.00924	0.00757	0.00525	0.01194	0.01349	0.01796	0.10907	0.05511	0.09504	0.56843	0.03362	0.00658	0.00686	0.01237	0.00553	0.00531
5	0.01022	0.00744	0.00987	0.01129	0.01220	0.00691	0.00779	0.01186	0.01528	0.02061	0.04116	0.62649	0.04870	0.02505	0.03641	0.00350	0.00543	0.04482	0.00709	0.04789
6	0.01271	0.01074	0.01779	0.01463	0.01772	0.00998	0.13370	0.01704	0.02171	0.03053	0.53826	0.05172	0.06235	0.01432	0.00935	0.00253	0.00565	0.01335	0.00779	0.00812
7	0.01644	0.01409	0.01644	0.01175	0.01879	0.01057	0.00940	0.01997	0.01644	0.02584	0.01409	0.01644	0.01175	0.00587	0.00587	0.00117	0.00587	0.00470	0.00470	0.76979
8	0.01644	0.01409	0.01644	0.01175	0.01879	0.01057	0.00940	0.01997	0.01644	0.02584	0.01409	0.01644	0.01175	0.00587	0.00587	0.00117	0.00587	0.00470	0.00470	0.76979
9	0.02140	0.01683	0.01933	0.01900	0.08223	0.01878	0.01357	0.04008	0.52964	0.10082	0.03053	0.02837	0.02262	0.01031	0.00804	0.00263	0.00662	0.00868	0.00786	0.01265
10	0.01840	0.02506	0.24589	0.02099	0.08648	0.01850	0.01911	0.07738	0.27759	0.03043	0.05200	0.02666	0.04668	0.00983	0.00796	0.00257	0.00842	0.00814	0.00605	0.01188
11	0.01106	0.00798	0.01045	0.01009	0.01181	0.00737	0.00747	0.01455	0.02168	0.03057	0.60147	0.12893	0.07245	0.01713	0.00943	0.00257	0.00383	0.01521	0.00858	0.00737
12	0.01807	0.02364	0.23573	0.10957	0.03248	0.01705	0.15912	0.02416	0.01739	0.08503	0.04216	0.02231	0.01503	0.00872	0.00965	0.00258	0.07614	0.00758	0.08322	0.01038
13	0.02120	0.72609	0.04155	0.01357	0.02035	0.03138	0.01357	0.02374	0.01611	0.01866	0.01102	0.01272	0.01018	0.00678	0.00509	0.00170	0.00848	0.00424	0.00339	0.01018
14	0.04251	0.33936	0.24157	0.01722	0.02507	0.02355	0.04107	0.02339	0.01634	0.02253	0.03330	0.01636	0.01234	0.00765	0.00736	0.00210	0.04712	0.00545	0.00373	0.07197

[dist]
# distance from previous block
# <min> <max>
0	2

[block]
# block no. 3 follows, 24 sequences, length 27
# corresponding to MSA columns:
# 174-200
name=unknown_D
#
# <colnr> <probs for GDERKNQSTAVLIFYWHMCP>
#	G	D	E	R	K	N	Q	S	T	A	V	L	I	F	Y	W	H	M	C	P
0	0.16440	0.07328	0.02439	0.04454	0.09540	0.22160	0.07504	0.10810	0.02084	0.02844	0.01451	0.01712	0.01149	0.00790	0.00690	0.00224	0.01014	0.00602	0.05756	0.01010
1	0.77733	0.01534	0.01166	0.01043	0.01534	0.01779	0.00859	0.02331	0.01350	0.03558	0.01104	0.01288	0.00859	0.00736	0.00491	0.00245	0.00613	0.00429	0.00491	0.00859
2	0.01605	0.01218	0.01748	0.15096	0.02452	0.01248	0.04664	0.06843	0.01833	0.07303	0.07806	0.24589	0.03091	0.04377	0.01053	0.00284	0.03040	0.01266	0.00620	0.09865
3	0.01122	0.00811	0.01060	0.00998	0.01185	0.00748	0.00748	0.01496	0.02245	0.03180	0.66766	0.05923	0.07482	0.01621	0.00935	0.00249	0.00374	0.01434	0.00873	0.00748
4	0.01972	0.01703	0.01793	0.01614	0.02062	0.01972	0.01255	0.04214	0.65752	0.03317	0.03228	0.02959	0.02421	0.01076	0.00807	0.00269	0.00628	0.00897	0.00807	0.01255
5	0.01135	0.00839	0.01221	0.01221	0.01344	0.00962	0.00924	0.01382	0.01259	0.01801	0.02173	0.03387	0.02100	0.14604	0.60493	0.01208	0.01947	0.00889	0.00432	0.00678
6	0.02805	0.01938	0.02138	0.01688	0.02242	0.02100	0.01379	0.49820	0.03273	0.10626	0.02257	0.05028	0.01791	0.04968	0.00994	0.00277	0.00826	0.03816	0.00789	0.01245
7	0.01098	0.00810	0.01026	0.00972	0.01170	0.00738	0.00729	0.01450	0.02187	0.03044	0.59084	0.06147	0.15249	0.01672	0.00936	0.00252	0.00378	0.01465	0.00855	0.00738
8	0.01075	0.00794	0.01004	0.00983	0.01164	0.00723	0.00725	0.01393	0.02087	0.02878	0.50092	0.14681	0.15881	0.01790	0.00946	0.00262	0.00389	0.01575	0.00835	0.00723
9	0.01856	0.01775	0.03026	0.19849	0.53036	0.01856	0.02381	0.02340	0.01755	0.02461	0.01473	0.01997	0.01210	0.00726	0.00787	0.00242	0.00968	0.00706	0.00383	0.01170
10	0.03014	0.02221	0.02380	0.01825	0.02459	0.02459	0.01507	0.64541	0.03728	0.04998	0.01904	0.01904	0.01349	0.00952	0.00793	0.00238	0.00873	0.00714	0.00793	0.01349
11	0.01094	0.00885	0.01003	0.00920	0.01216	0.00748	0.00697	0.01375	0.01938	0.02562	0.27634	0.06253	0.37578	0.01688	0.00891	0.00242	0.00416	0.01433	0.00749	0.10678
12	0.01113	0.00803	0.01051	0.01004	0.01183	0.00742	0.00747	0.01473	0.02200	0.03110	0.62972	0.09918	0.07346	0.01674	0.00940	0.00254	0.00379	0.01484	0.00865	0.00742
13	0.77733	0.01534	0.01166	0.01043	0.01534	0.01779	0.00859	0.02331	0.01350	0.03558	0.01104	0.01288	0.00859	0.00736	0.00491	0.00245	0.00613	0.00429	0.00491	0.00859
14	0.02962	0.03779	0.02247	0.02043	0.02451	0.68948	0.01532	0.03166	0.02247	0.01941	0.01226	0.01430	0.01021	0.00817	0.00715	0.00204	0.01430	0.00511	0.00409	0.00919
15	0.01122	0.00811	0.01060	0.00998	0.01185	0.00748	0.00748	0.01496	0.02245	0.03180	0.66766	0.05923	0.07482	0.01621	0.00935	0.00249	0.00374	0.01434	0.00873	0.00748
16	0.01623	0.01080	0.00934	0.00912	0.01119	0.08263	0.00686	0.01969	0.01706	0.02783	0.02412	0.02797	0.01918	0.01187	0.04318	0.00247	0.00582	0.00720	0.63985	0.00757
17	0.01735	0.01735	0.02429	0.02082	0.02082	0.02429	0.01735	0.01908	0.01214	0.01908	0.01041	0.01735	0.01041	0.01388	0.02602	0.00347	0.70680	0.00694	0.00347	0.00867
18	0.01972	0.01703	0.01793	0.01614	0.02062	0.01972	0.01255	0.04214	0.65752	0.03317	0.03228	0.02959	0.02421	0.01076	0.00807	0.00269	0.00628	0.00897	0.00807	0.01255
19	0.00966	0.00690	0.00920	0.01104	0.01150	0.00644	0.00736	0.01104	0.01518	0.02024	0.04371	0.71614	0.05245	0.02484	0.01012	0.00322	0.00460	0.02254	0.00736	0.00644
20	0.00973	0.00789	0.00864	0.00878	0.01102	0.00680	0.00646	0.01196	0.01845	0.02307	0.17792	0.15985	0.48163	0.02005	0.00947	0.00272	0.00405	0.01710	0.00760	0.00680
21	0.02093	0.69152	0.07378	0.01402	0.02106	0.03072	0.01436	0.02381	0.01614	0.01898	0.01119	0.01292	0.01017	0.00682	0.00521	0.00174	0.00864	0.00432	0.00339	0.01025
22	0.01791	0.01639	0.02580	0.38896	0.23844	0.01868	0.02135	0.06705	0.07924	0.02529	0.01642	0.02134	0.01268	0.00804	0.00792	0.00254	0.00968	0.00724	0.00439	0.01064
23	0.02517	0.01974	0.02100	0.01724	0.02269	0.02227	0.01387	0.35723	0.33356	0.04195	0.02536	0.02408	0.01861	0.01011	0.00800	0.00253	0.00756	0.00801	0.00800	0.01304
24	0.04763	0.02043	0.06456	0.21308	0.37092	0.07665	0.04633	0.02395	0.01765	0.02417	0.01433	0.01921	0.01153	0.00741	0.00774	0.00243	0.01030	0.00681	0.00384	0.01102
25	0.01133	0.00850	0.01274	0.01274	0.01416	0.00991	0.00991	0.01416	0.01274	0.01841	0.02124	0.03115	0.01982	0.05947	0.68989	0.01274	0.02124	0.00850	0.00425	0.00708
26	0.08874	0.08470	0.20486	0.07223	0.13558	0.01919	0.12916	0.02381	0.01676	0.04857	0.01611	0.05646	0.01341	0.00864	0.00865	0.00254	0.04823	0.00752	0.00418	0.01066

[dist]
# distance from previous block
# <min> <max>
0	2

[block]
# block no. 4 follows, 24 sequences, length 15
# corresponding to MSA columns:
# 203-217
name=unknown_E
#
# <colnr> <probs for GDERKNQSTAVLIFYWHMCP>
#	G	D	E	R	K	N	Q	S	T	A	V	L	I	F	Y	W	H	M	C	P
0	0.77733	0.01534	0.01166	0.01043	0.01534	0.01779	0.00859	0.02331	0.01350	0.03558	0.01104	0.01288	0.00859	0.00736	0.00491	0.00245	0.00613	0.00429	0.00491	0.00859
1	0.11457	0.01738	0.05298	0.01520	0.01991	0.05717	0.04218	0.16300	0.05441	0.05577	0.15410	0.06811	0.04964	0.01209	0.00810	0.00251	0.00734	0.05061	0.00686	0.04805
2	0.01153	0.00769	0.00865	0.00865	0.00865	0.00769	0.00480	0.01153	0.01153	0.01538	0.02499	0.05189	0.02883	0.72131	0.04036	0.00769	0.00769	0.01153	0.00480	0.00480
3	0.00966	0.00690	0.00920	0.01104	0.01150	0.00644	0.00736	0.01104	0.01518	0.02024	0.04371	0.71614	0.05245	0.02484	0.01012	0.00322	0.00460	0.02254	0.00736	0.00644
4	0.01644	0.01409	0.01644	0.01175	0.01879	0.01057	0.00940	0.01997	0.01644	0.02584	0.01409	0.01644	0.01175	0.00587	0.00587	0.00117	0.00587	0.00470	0.00470	0.76979
5	0.67562	0.01744	0.05823	0.01279	0.01836	0.01798	0.05292	0.02357	0.01406	0.03420	0.01159	0.01371	0.00892	0.00733	0.00538	0.00247	0.00699	0.00474	0.00474	0.00894
6	0.01153	0.00769	0.00865	0.00865	0.00865	0.00769	0.00480	0.01153	0.01153	0.01538	0.02499	0.05189	0.02883	0.72131	0.04036	0.00769	0.00769	0.01153	0.00480	0.00480
7	0.01901	0.24137	0.06084	0.08465	0.08512	0.04677	0.15801	0.02401	0.04819	0.02207	0.01533	0.04804	0.01338	0.00877	0.00951	0.00242	0.09096	0.00733	0.00402	0.01019
8	0.01534	0.05772	0.21239	0.06977	0.02413	0.01365	0.04722	0.02061	0.01908	0.06940	0.25921	0.03776	0.06784	0.04028	0.00964	0.00269	0.00773	0.01006	0.00606	0.00939
9	0.01433	0.01034	0.01220	0.01151	0.01421	0.01030	0.00868	0.02169	0.16651	0.07348	0.29113	0.14689	0.15465	0.01639	0.00908	0.00267	0.00470	0.01423	0.00823	0.00878
10	0.13304	0.11014	0.32573	0.05373	0.02953	0.05571	0.07239	0.05550	0.01787	0.02695	0.04006	0.01800	0.01283	0.00786	0.00710	0.00240	0.01025	0.00615	0.00414	0.01062
11	0.08462	0.08042	0.02596	0.07333	0.26438	0.10483	0.01768	0.09927	0.08227	0.02875	0.05100	0.02092	0.01617	0.00840	0.00740	0.00233	0.00907	0.00693	0.00509	0.01119
12	0.15218	0.33791	0.02785	0.01405	0.01937	0.08321	0.01242	0.05509	0.06136	0.05568	0.06985	0.01915	0.01697	0.00864	0.00692	0.00213	0.03631	0.00593	0.00500	0.01000
13	0.07659	0.01473	0.01728	0.01435	0.01843	0.01559	0.03803	0.22493	0.07287	0.05822	0.02069	0.02556	0.01665	0.01318	0.01191	0.15014	0.00715	0.03565	0.12101	0.04704
14	0.02319	0.10156	0.15777	0.02072	0.08010	0.05130	0.04885	0.20801	0.02375	0.09233	0.02051	0.04219	0.04024	0.00916	0.00760	0.00232	0.00922	0.00740	0.00578	0.04802

[dist]
# distance from previous block
# <min> <max>
1	9

[block]
# block no. 5 follows, 24 sequences, length 63
# corresponding to MSA columns:
# 227-289
name=unknown_F
#
# <colnr> <probs for GDERKNQSTAVLIFYWHMCP>
#	G	D	E	R	K	N	Q	S	T	A	V	L	I	F	Y	W	H	M	C	P
0	0.10775	0.41026	0.05812	0.07316	0.02366	0.08578	0.01436	0.02621	0.06637	0.04925	0.01401	0.01566	0.01150	0.00754	0.00594	0.00204	0.00881	0.00515	0.00426	0.01017
1	0.04738	0.01723	0.08861	0.12389	0.04575	0.01610	0.01551	0.15344	0.02062	0.02892	0.04147	0.14295	0.04018	0.01290	0.00963	0.00267	0.06003	0.05647	0.00579	0.07046
2	0.02326	0.07140	0.02402	0.10876	0.02737	0.02099	0.04316	0.31758	0.09985	0.03653	0.01959	0.04851	0.01541	0.00931	0.00765	0.00230	0.00838	0.00756	0.00643	0.10194
3	0.04595	0.01184	0.06948	0.00969	0.01289	0.01008	0.00852	0.06602	0.01806	0.03092	0.02373	0.02697	0.01843	0.00903	0.00588	0.00197	0.00489	0.00711	0.61028	0.00828
4	0.01998	0.01533	0.01864	0.01546	0.06829	0.01290	0.01137	0.09380	0.01952	0.08739	0.01627	0.01793	0.01272	0.00674	0.00645	0.00152	0.00654	0.00545	0.00547	0.55824
5	0.01035	0.00807	0.00939	0.00906	0.01131	0.00711	0.00680	0.01328	0.02039	0.02693	0.39182	0.06726	0.35371	0.01803	0.00936	0.00258	0.00387	0.01547	0.00809	0.00711
6	0.02031	0.01703	0.01795	0.01594	0.02046	0.01959	0.01246	0.08690	0.58443	0.03430	0.03101	0.02879	0.02324	0.01060	0.00796	0.00263	0.00636	0.00876	0.03887	0.01241
7	0.01735	0.01735	0.02429	0.02082	0.02082	0.02429	0.01735	0.01908	0.01214	0.01908	0.01041	0.01735	0.01041	0.01388	0.02602	0.00347	0.70680	0.00694	0.00347	0.00867
8	0.01143	0.00769	0.00885	0.00887	0.00905	0.00762	0.00515	0.01182	0.01266	0.01705	0.08371	0.07935	0.03393	0.62961	0.03634	0.00704	0.00721	0.01223	0.00526	0.00511
9	0.02120	0.72609	0.04155	0.01357	0.02035	0.03138	0.01357	0.02374	0.01611	0.01866	0.01102	0.01272	0.01018	0.00678	0.00509	0.00170	0.00848	0.00424	0.00339	0.01018
10	0.01735	0.01735	0.02429	0.02082	0.02082	0.02429	0.01735	0.01908	0.01214	0.01908	0.01041	0.01735	0.01041	0.01388	0.02602	0.00347	0.70680	0.00694	0.00347	0.00867
11	0.00961	0.00804	0.00836	0.00828	0.01086	0.00680	0.00621	0.01184	0.01864	0.02276	0.15621	0.07411	0.59191	0.01958	0.00937	0.00265	0.00398	0.01643	0.00754	0.00680
12	0.01972	0.01703	0.01793	0.01614	0.02062	0.01972	0.01255	0.04214	0.65752	0.03317	0.03228	0.02959	0.02421	0.01076	0.00807	0.00269	0.00628	0.00897	0.00807	0.01255
13	0.01135	0.00842	0.01236	0.01236	0.01364	0.00970	0.00943	0.01391	0.01263	0.01812	0.02159	0.03310	0.02067	0.12163	0.62889	0.01227	0.01997	0.00878	0.00430	0.00687
14	0.03434	0.01322	0.01800	0.01390	0.01981	0.01144	0.01144	0.03744	0.02268	0.64444	0.06372	0.02863	0.02244	0.01014	0.00804	0.00246	0.00659	0.00830	0.00976	0.01319
15	0.01478	0.00739	0.00739	0.00739	0.00924	0.00739	0.00554	0.01848	0.01663	0.02956	0.02587	0.02956	0.02033	0.00924	0.00554	0.00185	0.00370	0.00739	0.76534	0.00739
16	0.01817	0.01404	0.01662	0.01196	0.01892	0.01067	0.00960	0.02165	0.01701	0.08461	0.01565	0.01739	0.01246	0.00623	0.00606	0.00129	0.00595	0.00499	0.00516	0.70157
17	0.01591	0.01477	0.02336	0.56883	0.08112	0.01799	0.02076	0.02366	0.10959	0.02243	0.01679	0.02230	0.01266	0.00830	0.00794	0.00263	0.00989	0.00733	0.00421	0.00955
18	0.10853	0.01803	0.02619	0.22559	0.29409	0.04259	0.03942	0.07704	0.04485	0.02753	0.01523	0.01949	0.01198	0.00773	0.00756	0.00246	0.00947	0.00682	0.00445	0.01092
19	0.02495	0.01959	0.02017	0.01654	0.02156	0.04847	0.01315	0.36605	0.21907	0.04017	0.02344	0.02502	0.01804	0.06712	0.01046	0.00287	0.00796	0.00796	0.03529	0.01211
20	0.02269	0.01787	0.01913	0.01645	0.02139	0.02025	0.01301	0.16261	0.49810	0.07242	0.02957	0.02733	0.02181	0.01046	0.00804	0.00261	0.00679	0.00854	0.00814	0.01279
21	0.08985	0.01645	0.02602	0.02026	0.02441	0.01793	0.17850	0.02247	0.01660	0.08152	0.08939	0.02351	0.01899	0.01034	0.01381	0.00269	0.23477	0.00800	0.00504	0.09944
22	0.01864	0.06415	0.16693	0.02853	0.03646	0.02091	0.41032	0.04927	0.01836	0.02540	0.01505	0.01957	0.01146	0.00758	0.01013	0.00264	0.07173	0.00810	0.00396	0.01080
23	0.01084	0.00809	0.01007	0.00957	0.01161	0.00732	0.00718	0.01422	0.02154	0.02965	0.54579	0.06278	0.19804	0.01701	0.00936	0.00253	0.00380	0.01484	0.00845	0.00732
24	0.01270	0.00947	0.01235	0.01365	0.01568	0.00951	0.01149	0.01755	0.07248	0.02396	0.04574	0.13936	0.11636	0.02101	0.01045	0.00342	0.00659	0.44325	0.00738	0.00760
25	0.06878	0.01902	0.05116	0.34259	0.08721	0.04638	0.06246	0.17447	0.02160	0.02943	0.01523	0.01956	0.01137	0.00813	0.00778	0.00252	0.01014	0.00693	0.00477	0.01047
26	0.01377	0.00689	0.01033	0.01033	0.01033	0.00689	0.00689	0.01033	0.01033	0.01377	0.01377	0.02410	0.01377	0.02755	0.03099	0.76928	0.00689	0.00689	0.00344	0.00344
27	0.01133	0.00850	0.01274	0.01274	0.01416	0.00991	0.00991	0.01416	0.01274	0.01841	0.02124	0.03115	0.01982	0.05947	0.68989	0.01274	0.02124	0.00850	0.00425	0.00708
28	0.04411	0.03376	0.48248	0.08106	0.03551	0.01816	0.10578	0.02543	0.01714	0.06144	0.01529	0.01815	0.01083	0.00758	0.00773	0.00254	0.01136	0.00647	0.00386	0.01133
29	0.01859	0.05287	0.09452	0.11807	0.39127	0.01959	0.12048	0.02391	0.01751	0.02455	0.01461	0.01942	0.01183	0.00735	0.00850	0.00246	0.03197	0.00718	0.00380	0.01152
30	0.01576	0.01573	0.01493	0.01489	0.01634	0.15697	0.01105	0.01845	0.04582	0.02094	0.04930	0.38382	0.03605	0.01858	0.01182	0.00298	0.11379	0.03894	0.00613	0.00772
31	0.01144	0.00765	0.00868	0.00876	0.00878	0.00763	0.00493	0.01151	0.01171	0.01561	0.02588	0.08353	0.02995	0.68814	0.03892	0.00748	0.00754	0.01206	0.00493	0.00488
32	0.77733	0.01534	0.01166	0.01043	0.01534	0.01779	0.00859	0.02331	0.01350	0.03558	0.01104	0.01288	0.00859	0.00736	0.00491	0.00245	0.00613	0.00429	0.00491	0.00859
33	0.01146	0.00766	0.00867	0.00875	0.00876	0.00764	0.00491	0.01151	0.01168	0.01557	0.02574	0.07869	0.02978	0.69322	0.03914	0.00751	0.00756	0.01198	0.00491	0.00487
34	0.01813	0.01975	0.04002	0.12427	0.09159	0.02009	0.44012	0.02392	0.01755	0.02405	0.01507	0.02077	0.01170	0.00767	0.01087	0.00273	0.08885	0.00859	0.00388	0.01037
35	0.01611	0.01470	0.02379	0.65124	0.05238	0.01814	0.02150	0.06688	0.01745	0.02248	0.01446	0.02098	0.01079	0.00805	0.00793	0.00262	0.01043	0.00705	0.00385	0.00916
36	0.01153	0.00769	0.00865	0.00865	0.00865	0.00769	0.00480	0.01153	0.01153	0.01538	0.02499	0.05189	0.02883	0.72131	0.04036	0.00769	0.00769	0.01153	0.00480	0.00480
37	0.01152	0.00773	0.00884	0.00884	0.00891	0.00779	0.00505	0.01166	0.01159	0.01552	0.02481	0.05091	0.02840	0.68979	0.07130	0.00793	0.00833	0.01139	0.00478	0.00491
38	0.00937	0.00803	0.00803	0.00803	0.01071	0.00669	0.00602	0.01138	0.01807	0.02142	0.08033	0.07632	0.66863	0.02008	0.00937	0.00268	0.00402	0.01674	0.00736	0.00669
39	0.08023	0.41439	0.09618	0.01741	0.05510	0.07650	0.01580	0.05867	0.01736	0.02280	0.01202	0.01436	0.01037	0.00781	0.00765	0.00209	0.07210	0.00501	0.00384	0.01030
40	0.07678	0.01849	0.02294	0.29057	0.03592	0.02133	0.01739	0.35215	0.02706	0.03711	0.01650	0.01944	0.01198	0.00873	0.00772	0.00249	0.00928	0.00690	0.00596	0.01127
41	0.02727	0.16711	0.04694	0.02010	0.04663	0.49435	0.01573	0.05378	0.02152	0.02087	0.01244	0.01445	0.01041	0.00790	0.00683	0.00202	0.01273	0.00511	0.00408	0.00974
42	0.01638	0.10282	0.62262	0.02179	0.03306	0.01959	0.02788	0.02499	0.01669	0.02453	0.01394	0.01638	0.01006	0.00747	0.00731	0.00244	0.01143	0.00571	0.00335	0.01158
43	0.02072	0.66429	0.09917	0.01438	0.02161	0.03021	0.01499	0.02387	0.01617	0.01924	0.01131	0.01308	0.01016	0.00685	0.00531	0.00177	0.00877	0.00439	0.00339	0.01032
44	0.01396	0.00955	0.01203	0.01107	0.01368	0.00903	0.00849	0.01919	0.07896	0.07878	0.47119	0.07473	0.08267	0.01547	0.00909	0.00253	0.00446	0.03817	0.00844	0.03851
45	0.02099	0.55340	0.14850	0.01566	0.02307	0.08300	0.01638	0.02463	0.01674	0.01982	0.01167	0.01353	0.01016	0.00703	0.00567	0.00186	0.00951	0.00459	0.00344	0.01036
46	0.01744	0.07195	0.59059	0.02178	0.03278	0.01959	0.02727	0.08100	0.01857	0.02705	0.01451	0.01676	0.01036	0.00768	0.00745	0.00246	0.01130	0.00590	0.00376	0.01181
47	0.77733	0.01534	0.01166	0.01043	0.01534	0.01779	0.00859	0.02331	0.01350	0.03558	0.01104	0.01288	0.00859	0.00736	0.00491	0.00245	0.00613	0.00429	0.00491	0.00859
48	0.01145	0.00802	0.01032	0.01032	0.01089	0.00859	0.00688	0.01260	0.01203	0.01661	0.02346	0.04345	0.02516	0.45188	0.30478	0.00975	0.01321	0.01030	0.00458	0.00573
49	0.01122	0.00811	0.01060	0.00998	0.01185	0.00748	0.00748	0.01496	0.02245	0.03180	0.66766	0.05923	0.07482	0.01621	0.00935	0.00249	0.00374	0.01434	0.00873	0.00748
50	0.01010	0.00759	0.00936	0.00992	0.01141	0.00685	0.00706	0.01243	0.01833	0.02437	0.25977	0.33426	0.21810	0.02076	0.00967	0.00284	0.00417	0.01834	0.00781	0.00685
51	0.02799	0.17205	0.02627	0.01900	0.02370	0.53332	0.01497	0.05521	0.02183	0.02051	0.01229	0.01418	0.01034	0.00795	0.00678	0.00199	0.01293	0.00502	0.00411	0.00956
52	0.01856	0.02075	0.04319	0.03226	0.06171	0.02059	0.53514	0.02450	0.01780	0.02456	0.01523	0.02078	0.01183	0.00768	0.01157	0.00277	0.10771	0.00894	0.00393	0.01049
53	0.01970	0.21632	0.27907	0.02456	0.14372	0.10280	0.02190	0.02506	0.01724	0.02253	0.01306	0.01594	0.01057	0.00768	0.00793	0.00226	0.04948	0.00562	0.00356	0.01099
54	0.73879	0.05156	0.01318	0.01059	0.01559	0.01848	0.00884	0.02333	0.01363	0.03472	0.01104	0.01287	0.00867	0.00733	0.00492	0.00242	0.00625	0.00429	0.00483	0.00867
55	0.00987	0.00805	0.00873	0.00856	0.01102	0.00691	0.00642	0.01235	0.01926	0.02423	0.23935	0.07169	0.50786	0.01903	0.00937	0.00263	0.00394	0.01609	0.00773	0.00691
56	0.77733	0.01534	0.01166	0.01043	0.01534	0.01779	0.00859	0.02331	0.01350	0.03558	0.01104	0.01288	0.00859	0.00736	0.00491	0.00245	0.00613	0.00429	0.00491	0.00859
57	0.00966	0.00690	0.00920	0.01104	0.01150	0.00644	0.00736	0.01104	0.01518	0.02024	0.04371	0.71614	0.05245	0.02484	0.01012	0.00322	0.00460	0.02254	0.00736	0.00644
58	0.01498	0.01409	0.02378	0.70226	0.05462	0.01762	0.02202	0.02026	0.01586	0.02026	0.01409	0.02114	0.01057	0.00793	0.00793	0.00264	0.01057	0.00705	0.00352	0.00881
59	0.00966	0.00690	0.00920	0.01104	0.01150	0.00644	0.00736	0.01104	0.01518	0.02024	0.04371	0.71614	0.05245	0.02484	0.01012	0.00322	0.00460	0.02254	0.00736	0.00644
60	0.02031	0.01728	0.01890	0.06750	0.02351	0.02001	0.01349	0.09492	0.55372	0.03372	0.02973	0.02800	0.02222	0.01044	0.00805	0.00266	0.00682	0.00866	0.00772	0.01236
61	0.09090	0.01363	0.01790	0.01383	0.01988	0.01211	0.01143	0.03750	0.02201	0.62948	0.02977	0.02594	0.01881	0.00963	0.00775	0.00245	0.00670	0.00770	0.00945	0.01313
62	0.01278	0.00913	0.01278	0.01460	0.01643	0.00913	0.01278	0.01643	0.01825	0.02373	0.04199	0.08945	0.04564	0.02191	0.01095	0.00365	0.00730	0.61847	0.00730	0.00730

[dist]
# distance from previous block
# <min> <max>
0	1

[block]
# block no. 6 follows, 24 sequences, length 114
# corresponding to MSA columns:
# 291-404
name=unknown_G
#
# <colnr> <probs for GDERKNQSTAVLIFYWHMCP>
#	G	D	E	R	K	N	Q	S	T	A	V	L	I	F	Y	W	H	M	C	P
0	0.01134	0.00847	0.01260	0.01260	0.01397	0.00984	0.00974	0.01407	0.01270	0.01830	0.02137	0.03186	0.02013	0.08206	0.66773	0.01257	0.02078	0.00860	0.00427	0.00700
1	0.01381	0.00713	0.01079	0.03373	0.01183	0.00725	0.00740	0.01067	0.01052	0.01399	0.01378	0.02400	0.01367	0.02688	0.03021	0.74336	0.00701	0.00689	0.00345	0.00362
2	0.01937	0.01858	0.03173	0.08419	0.63831	0.01877	0.02421	0.02412	0.01794	0.02560	0.01487	0.01971	0.01245	0.00711	0.00785	0.00237	0.00948	0.00706	0.00390	0.01236
3	0.01549	0.00807	0.00815	0.00789	0.00995	0.00818	0.00598	0.04736	0.01758	0.03050	0.02555	0.02908	0.02001	0.00925	0.00565	0.00187	0.00393	0.00738	0.73045	0.00767
4	0.08753	0.02267	0.02278	0.01778	0.02388	0.06638	0.01459	0.55854	0.03451	0.04692	0.01799	0.01826	0.01290	0.00927	0.00765	0.00236	0.00888	0.00679	0.00746	0.01284
5	0.01699	0.03250	0.43973	0.07385	0.23111	0.01850	0.02731	0.02457	0.01709	0.02505	0.01443	0.01791	0.01085	0.00742	0.00766	0.00247	0.01094	0.00631	0.00354	0.01179
6	0.02774	0.01440	0.01835	0.01625	0.05491	0.01396	0.01233	0.13093	0.07705	0.36307	0.03265	0.09476	0.05612	0.01216	0.00837	0.00259	0.00686	0.03682	0.00858	0.01209
7	0.73597	0.01673	0.04797	0.01109	0.01637	0.01782	0.00971	0.02341	0.01367	0.03501	0.01121	0.01309	0.00867	0.00737	0.00505	0.00246	0.00644	0.00438	0.00482	0.00876
8	0.01024	0.00823	0.00923	0.00971	0.01180	0.00743	0.00718	0.01323	0.04703	0.02237	0.09810	0.23954	0.40769	0.02079	0.00961	0.00287	0.00447	0.05604	0.00747	0.00698
9	0.02406	0.01803	0.02358	0.02197	0.11586	0.01888	0.07138	0.23419	0.15644	0.11886	0.02868	0.02832	0.08249	0.01027	0.00823	0.00251	0.00801	0.00878	0.00722	0.01222
10	0.01012	0.00751	0.00960	0.01077	0.01190	0.00676	0.00737	0.01178	0.01578	0.02110	0.06659	0.58943	0.10812	0.02290	0.00975	0.00301	0.00460	0.02058	0.00724	0.05508
11	0.01700	0.01428	0.01658	0.01213	0.01883	0.01127	0.00966	0.05936	0.01771	0.02712	0.01577	0.04884	0.01373	0.00698	0.00620	0.00135	0.00600	0.00568	0.00503	0.68649
12	0.07747	0.01399	0.01507	0.01285	0.01561	0.01528	0.00943	0.24975	0.02146	0.03016	0.02186	0.05816	0.02175	0.35372	0.02401	0.00501	0.03031	0.00956	0.00603	0.00852
13	0.01901	0.01327	0.01839	0.02074	0.16968	0.01278	0.01297	0.02529	0.10934	0.14452	0.21098	0.06239	0.06231	0.01182	0.00832	0.00241	0.00618	0.01038	0.00727	0.07194
14	0.04766	0.47108	0.03442	0.06816	0.02368	0.16127	0.01461	0.02480	0.01706	0.01952	0.01147	0.01394	0.01017	0.00755	0.00685	0.00196	0.04767	0.00478	0.00360	0.00974
15	0.01875	0.02004	0.08602	0.11704	0.38852	0.01850	0.10444	0.05541	0.01877	0.02621	0.01684	0.02421	0.01420	0.00823	0.00823	0.00253	0.01010	0.04618	0.00426	0.01152
16	0.02049	0.02085	0.02951	0.11025	0.37729	0.11391	0.07959	0.04893	0.04106	0.02575	0.04433	0.02128	0.01516	0.00791	0.00798	0.00239	0.01023	0.00739	0.00442	0.01131
17	0.01689	0.12685	0.54031	0.02152	0.03210	0.02021	0.04977	0.02582	0.04960	0.02471	0.01481	0.01706	0.01086	0.00757	0.00732	0.00242	0.01109	0.00594	0.00362	0.01153
18	0.01644	0.01409	0.01644	0.01175	0.01879	0.01057	0.00940	0.01997	0.01644	0.02584	0.01409	0.01644	0.01175	0.00587	0.00587	0.00117	0.00587	0.00470	0.00470	0.76979
19	0.07885	0.63839	0.03783	0.01316	0.01958	0.02923	0.01291	0.02331	0.01620	0.02056	0.04128	0.01488	0.01303	0.00726	0.00527	0.00179	0.00808	0.00471	0.00375	0.00993
20	0.01478	0.00739	0.00739	0.00739	0.00924	0.00739	0.00554	0.01848	0.01663	0.02956	0.02587	0.02956	0.02033	0.00924	0.00554	0.00185	0.00370	0.00739	0.76534	0.00739
21	0.01963	0.01884	0.03219	0.04867	0.67185	0.01884	0.02434	0.02434	0.01806	0.02591	0.01492	0.01963	0.01256	0.00707	0.00785	0.00236	0.00942	0.00707	0.00393	0.01256
22	0.01153	0.00769	0.00865	0.00865	0.00865	0.00769	0.00480	0.01153	0.01153	0.01538	0.02499	0.05189	0.02883	0.72131	0.04036	0.00769	0.00769	0.01153	0.00480	0.00480
23	0.01122	0.00811	0.01060	0.00998	0.01185	0.00748	0.00748	0.01496	0.02245	0.03180	0.66766	0.05923	0.07482	0.01621	0.00935	0.00249	0.00374	0.01434	0.00873	0.00748
24	0.00959	0.00788	0.00844	0.00864	0.01093	0.00673	0.00635	0.01168	0.01809	0.02226	0.13177	0.16456	0.52486	0.02038	0.00948	0.00274	0.00407	0.01732	0.00749	0.00673
25	0.03558	0.01350	0.01840	0.01411	0.02024	0.01166	0.01166	0.03865	0.02270	0.67734	0.03128	0.02699	0.01963	0.00981	0.00797	0.00245	0.00675	0.00797	0.00981	0.01350
