[name]
unknown

[dist]
# distance from previous block
# <min> <max>
0	40

[block]
# block no. 0 follows, 23 sequences, length 15
# corresponding to MSA columns:
# 40-54
name=unknown_A
#
# <colnr> <probs for GDERKNQSTAVLIFYWHMCP>
#	G	D	E	R	K	N	Q	S	T	A	V	L	I	F	Y	W	H	M	C	P
0	0.01308	0.00934	0.01308	0.01494	0.01681	0.00934	0.01308	0.01681	0.01868	0.02428	0.04296	0.09153	0.04670	0.02242	0.01121	0.00374	0.00747	0.60960	0.00747	0.00747
1	0.02495	0.14390	0.24250	0.01983	0.02728	0.28463	0.01976	0.02968	0.02004	0.09359	0.01517	0.01665	0.01145	0.00811	0.00721	0.00224	0.01196	0.00567	0.00447	0.01091
2	0.01331	0.00799	0.00959	0.00959	0.01096	0.00846	0.00696	0.01604	0.01468	0.02363	0.02476	0.03540	0.02239	0.16874	0.23137	0.00670	0.01040	0.00879	0.36331	0.00692
3	0.01683	0.01442	0.01683	0.01202	0.01923	0.01082	0.00961	0.02043	0.01683	0.02644	0.01442	0.01683	0.01202	0.00601	0.00601	0.00120	0.00601	0.00481	0.00481	0.76444
4	0.01683	0.01442	0.01683	0.01202	0.01923	0.01082	0.00961	0.02043	0.01683	0.02644	0.01442	0.01683	0.01202	0.00601	0.00601	0.00120	0.00601	0.00481	0.00481	0.76444
5	0.02537	0.02156	0.02072	0.06153	0.02443	0.13298	0.01422	0.25375	0.18342	0.06432	0.02373	0.06366	0.01875	0.01065	0.00804	0.00250	0.00882	0.00840	0.04134	0.01179
6	0.02008	0.01928	0.03294	0.04981	0.66422	0.01928	0.02490	0.02490	0.01848	0.02651	0.01526	0.02008	0.01285	0.00723	0.00803	0.00241	0.00964	0.00723	0.00402	0.01285
7	0.01532	0.01442	0.02434	0.69533	0.05589	0.01803	0.02253	0.02073	0.01622	0.02073	0.01442	0.02163	0.01082	0.00811	0.00811	0.00270	0.01082	0.00721	0.00361	0.00901
8	0.01198	0.00966	0.01378	0.01345	0.01474	0.00976	0.04694	0.01372	0.01503	0.02064	0.03495	0.46363	0.04076	0.11291	0.01577	0.00375	0.07686	0.01790	0.00639	0.05738
9	0.01738	0.01652	0.02806	0.41616	0.31897	0.01857	0.02356	0.02254	0.01720	0.02323	0.01479	0.02096	0.01170	0.00773	0.00808	0.00258	0.01031	0.00722	0.00378	0.01067
10	0.67460	0.01725	0.05394	0.05707	0.01958	0.01823	0.01102	0.02376	0.01418	0.03469	0.01171	0.01399	0.00902	0.00758	0.00540	0.00253	0.00694	0.00468	0.00483	0.00900
11	0.01460	0.01220	0.04994	0.01444	0.01719	0.01088	0.03317	0.04343	0.01730	0.06206	0.03387	0.36413	0.03700	0.02170	0.05258	0.00364	0.04997	0.08085	0.00668	0.07438
12	0.07033	0.05628	0.07823	0.02207	0.02769	0.26683	0.12990	0.09513	0.02159	0.06079	0.01490	0.01756	0.01158	0.00878	0.00970	0.00247	0.08422	0.00658	0.00481	0.01056
13	0.01932	0.06641	0.02874	0.02234	0.04641	0.09510	0.16101	0.04957	0.01843	0.02466	0.08751	0.05286	0.02057	0.01111	0.01359	0.00271	0.20721	0.00869	0.00482	0.05894
14	0.04809	0.30146	0.10553	0.01773	0.05509	0.11535	0.01570	0.02899	0.10807	0.06612	0.01731	0.01843	0.01371	0.00818	0.00658	0.00215	0.00916	0.00592	0.04549	0.01094

[dist]
# distance from previous block
# <min> <max>
1	8

[block]
# block no. 1 follows, 23 sequences, length 32
# corresponding to MSA columns:
# 63-94
name=unknown_B
#
# <colnr> <probs for GDERKNQSTAVLIFYWHMCP>
#	G	D	E	R	K	N	Q	S	T	A	V	L	I	F	Y	W	H	M	C	P
0	0.02192	0.36039	0.03233	0.01730	0.06338	0.05124	0.03976	0.06041	0.04270	0.06211	0.04179	0.01841	0.01497	0.00775	0.00643	0.00190	0.00837	0.00587	0.00484	0.13814
1	0.02169	0.71972	0.04252	0.01388	0.02083	0.03211	0.01388	0.02430	0.01649	0.01909	0.01128	0.01302	0.01041	0.00694	0.00521	0.00174	0.00868	0.00434	0.00347	0.01041
2	0.01925	0.01515	0.01730	0.01296	0.01951	0.01304	0.01038	0.08873	0.07614	0.05409	0.01799	0.01950	0.01417	0.00721	0.00650	0.00156	0.00626	0.00575	0.04978	0.54473
3	0.01180	0.00787	0.00885	0.00885	0.00885	0.00787	0.00492	0.01180	0.01180	0.01573	0.02557	0.05310	0.02950	0.71483	0.04130	0.00787	0.00787	0.01180	0.00492	0.00492
4	0.64606	0.09493	0.01606	0.01148	0.01680	0.02015	0.00973	0.05869	0.01549	0.03530	0.01176	0.01352	0.00925	0.00759	0.00522	0.00242	0.00670	0.00455	0.00502	0.00925
5	0.10599	0.60074	0.07589	0.01406	0.02108	0.02976	0.01425	0.02433	0.01622	0.02143	0.01147	0.01328	0.01022	0.00705	0.00533	0.00187	0.00860	0.00444	0.00364	0.01032
6	0.02083	0.61113	0.14350	0.01536	0.02312	0.02998	0.01646	0.02452	0.01659	0.02015	0.01181	0.01368	0.01039	0.00706	0.00561	0.00187	0.00921	0.00460	0.00346	0.01067
7	0.05450	0.26365	0.35502	0.01775	0.02668	0.02191	0.02089	0.02356	0.01691	0.02359	0.02088	0.02239	0.08311	0.00888	0.00695	0.00231	0.00972	0.00661	0.00398	0.01073
8	0.04680	0.48265	0.23851	0.01666	0.02511	0.02746	0.01874	0.02472	0.01659	0.02177	0.01231	0.01431	0.01031	0.00720	0.00598	0.00202	0.00963	0.00486	0.00351	0.01085
9	0.01180	0.00787	0.00885	0.00885	0.00885	0.00787	0.00492	0.01180	0.01180	0.01573	0.02557	0.05310	0.02950	0.71483	0.04130	0.00787	0.00787	0.01180	0.00492	0.00492
10	0.02018	0.01743	0.01835	0.01651	0.02110	0.02018	0.01284	0.04312	0.64956	0.03394	0.03303	0.03027	0.02477	0.01101	0.00826	0.00275	0.00642	0.00917	0.00826	0.01284
11	0.01915	0.02189	0.04788	0.03420	0.04241	0.02052	0.63475	0.02599	0.01915	0.02599	0.01642	0.02189	0.01231	0.00684	0.00958	0.00274	0.01368	0.00958	0.00410	0.01094
12	0.02183	0.62482	0.10097	0.01478	0.02217	0.02997	0.01532	0.02510	0.01684	0.04822	0.01250	0.01404	0.01082	0.00715	0.00557	0.00185	0.00891	0.00466	0.00375	0.01071
13	0.02156	0.65660	0.04016	0.01400	0.02058	0.05828	0.01366	0.02420	0.01708	0.01977	0.04275	0.01539	0.01362	0.00747	0.00551	0.00179	0.00869	0.00488	0.00377	0.01024
14	0.00989	0.00706	0.00942	0.01130	0.01177	0.00659	0.00753	0.01130	0.01554	0.02071	0.04472	0.70954	0.05367	0.02542	0.01036	0.00330	0.00471	0.02307	0.00753	0.00659
15	0.02033	0.44925	0.25700	0.01744	0.02596	0.06445	0.01949	0.02524	0.01708	0.02139	0.01247	0.01452	0.01037	0.00728	0.00618	0.00204	0.01015	0.00496	0.00350	0.01090
16	0.01660	0.03972	0.60281	0.02437	0.03594	0.01903	0.09770	0.02573	0.01736	0.02573	0.01477	0.01766	0.01051	0.00761	0.00792	0.00259	0.01218	0.00640	0.00350	0.01187
17	0.00961	0.00816	0.00828	0.00838	0.01100	0.00684	0.00624	0.01163	0.01834	0.02186	0.08024	0.11104	0.62924	0.02080	0.00963	0.00277	0.00414	0.01744	0.00753	0.00684
18	0.02169	0.71972	0.04252	0.01388	0.02083	0.03211	0.01388	0.02430	0.01649	0.01909	0.01128	0.01302	0.01041	0.00694	0.00521	0.00174	0.00868	0.00434	0.00347	0.01041
19	0.01238	0.06669	0.01295	0.01024	0.01331	0.01073	0.00802	0.01752	0.09608	0.02615	0.23392	0.06211	0.36614	0.01718	0.00907	0.00261	0.00468	0.01444	0.00769	0.00809
20	0.00961	0.00815	0.00829	0.00840	0.01101	0.00684	0.00624	0.01163	0.01833	0.02185	0.08005	0.11425	0.62615	0.02083	0.00963	0.00277	0.00414	0.01747	0.00753	0.00684
21	0.03484	0.01346	0.01833	0.01417	0.02017	0.01166	0.01166	0.03802	0.02321	0.62983	0.07143	0.02969	0.02363	0.01045	0.00825	0.00251	0.00671	0.00857	0.00997	0.01342
22	0.03085	0.02273	0.02435	0.01867	0.02516	0.02516	0.01542	0.63716	0.03815	0.05114	0.01948	0.01948	0.01380	0.00974	0.00812	0.00244	0.00893	0.00731	0.00812	0.01380
23	0.01915	0.02189	0.04788	0.03420	0.04241	0.02052	0.63475	0.02599	0.01915	0.02599	0.01642	0.02189	0.01231	0.00684	0.00958	0.00274	0.01368	0.00958	0.00410	0.01094
24	0.03641	0.01381	0.01883	0.01444	0.02071	0.01193	0.01193	0.03954	0.02322	0.66984	0.03201	0.02762	0.02009	0.01004	0.00816	0.00251	0.00690	0.00816	0.01004	0.01381
25	0.01084	0.00857	0.00918	0.00901	0.01109	0.00780	0.00638	0.01361	0.04652	0.02243	0.14249	0.06780	0.40860	0.18071	0.01689	0.00391	0.00505	0.01520	0.00714	0.00678
26	0.05410	0.01872	0.01914	0.01645	0.02155	0.04755	0.01298	0.13107	0.44059	0.06695	0.02820	0.02645	0.02095	0.01026	0.00794	0.00257	0.00714	0.00825	0.00784	0.05129
27	0.18273	0.01932	0.05866	0.08054	0.02565	0.01974	0.04613	0.26223	0.05590	0.06952	0.01956	0.04856	0.01508	0.00956	0.00747	0.00252	0.00828	0.00752	0.04968	0.01133
28	0.06627	0.22278	0.02598	0.01512	0.02119	0.10106	0.01291	0.06202	0.07709	0.24433	0.02100	0.02026	0.01516	0.00864	0.00692	0.00218	0.00833	0.00635	0.00660	0.05580
29	0.19095	0.01525	0.04964	0.01400	0.01892	0.01437	0.03286	0.05715	0.09746	0.18964	0.11808	0.08076	0.06384	0.01199	0.00793	0.00262	0.00655	0.00985	0.00757	0.01058
30	0.02203	0.01993	0.09800	0.06232	0.06349	0.01762	0.19003	0.06255	0.04019	0.15895	0.04247	0.05492	0.01803	0.00983	0.01030	0.00268	0.07430	0.00890	0.00588	0.03759
31	0.30716	0.01805	0.04452	0.04871	0.02069	0.08973	0.01196	0.04902	0.01831	0.16246	0.02079	0.10754	0.01762	0.01052	0.00705	0.00252	0.00771	0.00803	0.00626	0.04135

[dist]
# distance from previous block
# <min> <max>
31	67

[block]
# block no. 2 follows, 23 sequences, length 6
# corresponding to MSA columns:
# 167-172
name=unknown_C
#
# <colnr> <probs for GDERKNQSTAVLIFYWHMCP>
#	G	D	E	R	K	N	Q	S	T	A	V	L	I	F	Y	W	H	M	C	P
0	0.23492	0.04471	0.05819	0.01573	0.02050	0.01723	0.07880	0.06837	0.01776	0.02995	0.10159	0.02563	0.02120	0.07251	0.01219	0.00297	0.08231	0.00765	0.00534	0.08244
1	0.02486	0.01816	0.02390	0.12155	0.10254	0.01960	0.04129	0.31281	0.02699	0.09155	0.01967	0.04823	0.01532	0.01152	0.01055	0.07636	0.00896	0.00804	0.00651	0.01159
2	0.02000	0.25193	0.09672	0.15065	0.16796	0.07923	0.01996	0.02417	0.01713	0.02176	0.01310	0.01710	0.01103	0.00805	0.00864	0.00233	0.06998	0.00598	0.00368	0.01062
3	0.25339	0.01605	0.02134	0.21193	0.03126	0.01855	0.06863	0.02648	0.08441	0.09736	0.01715	0.02022	0.01280	0.00895	0.00915	0.00272	0.07745	0.00685	0.00528	0.01003
4	0.02003	0.29126	0.25034	0.08184	0.09331	0.02443	0.02132	0.08393	0.01898	0.02531	0.01386	0.01650	0.01098	0.00760	0.00687	0.00224	0.01010	0.00573	0.00397	0.01139
5	0.10076	0.36895	0.22540	0.01845	0.02681	0.02545	0.08503	0.02484	0.01668	0.02365	0.01280	0.01520	0.01040	0.00722	0.00639	0.00217	0.00993	0.00540	0.00369	0.01076

[dist]
# distance from previous block
# <min> <max>
0	1

[block]
# block no. 3 follows, 23 sequences, length 24
# corresponding to MSA columns:
# 174-197
name=unknown_D
#
# <colnr> <probs for GDERKNQSTAVLIFYWHMCP>
#	G	D	E	R	K	N	Q	S	T	A	V	L	I	F	Y	W	H	M	C	P
0	0.02161	0.07001	0.01979	0.01492	0.01855	0.01851	0.01190	0.24373	0.04723	0.05925	0.02102	0.02848	0.01830	0.15702	0.09580	0.00480	0.07455	0.00824	0.05619	0.01007
1	0.01192	0.00890	0.01287	0.01279	0.01410	0.01029	0.00983	0.01464	0.01362	0.01981	0.04723	0.06624	0.02409	0.08291	0.53944	0.01107	0.04778	0.00965	0.03563	0.00721
2	0.04456	0.02340	0.15504	0.17583	0.11164	0.02036	0.04848	0.22778	0.02415	0.03334	0.01918	0.02203	0.04022	0.00893	0.00806	0.00255	0.00998	0.00745	0.00536	0.01166
3	0.01658	0.01487	0.02384	0.10413	0.06922	0.01589	0.13569	0.08746	0.04622	0.02647	0.05431	0.24854	0.02910	0.01470	0.01086	0.00293	0.07050	0.01329	0.00594	0.00947
4	0.01010	0.00715	0.00935	0.01103	0.01145	0.00673	0.00724	0.01135	0.01512	0.02017	0.04261	0.63724	0.05101	0.10135	0.01376	0.00380	0.00506	0.02183	0.00724	0.00641
5	0.01662	0.03993	0.61532	0.02552	0.09163	0.01888	0.02952	0.02563	0.01725	0.02577	0.01462	0.01740	0.01051	0.00767	0.00774	0.00256	0.01178	0.00611	0.00348	0.01207
6	0.03036	0.01479	0.04170	0.01508	0.02076	0.01288	0.03545	0.03570	0.08827	0.47736	0.05052	0.03062	0.02259	0.07221	0.01117	0.00302	0.00727	0.00877	0.00891	0.01255
7	0.01915	0.02189	0.04788	0.03420	0.04241	0.02052	0.63475	0.02599	0.01915	0.02599	0.01642	0.02189	0.01231	0.00684	0.00958	0.00274	0.01368	0.00958	0.00410	0.01094
8	0.01834	0.01948	0.03447	0.02669	0.03012	0.02304	0.27541	0.02223	0.01524	0.02223	0.01306	0.01948	0.01134	0.01113	0.01951	0.00321	0.41338	0.00813	0.00378	0.00974
9	0.03240	0.01682	0.09049	0.01530	0.02194	0.01285	0.01377	0.03710	0.04925	0.54364	0.05786	0.02803	0.02170	0.01012	0.00818	0.00253	0.00731	0.00825	0.00919	0.01330
10	0.01748	0.15905	0.51899	0.02107	0.03169	0.02126	0.02602	0.02661	0.05897	0.02509	0.01521	0.01728	0.01126	0.00779	0.00731	0.00244	0.01104	0.00592	0.00375	0.01177
11	0.00989	0.00706	0.00942	0.01130	0.01177	0.00659	0.00753	0.01130	0.01554	0.02071	0.04472	0.70954	0.05367	0.02542	0.01036	0.00330	0.00471	0.02307	0.00753	0.00659
12	0.01915	0.01838	0.03173	0.07455	0.56424	0.01844	0.05332	0.02387	0.01822	0.02585	0.01724	0.06597	0.01545	0.00846	0.00827	0.00250	0.00956	0.00839	0.00424	0.01218
13	0.06729	0.01629	0.02645	0.34411	0.31010	0.01807	0.02189	0.02230	0.01713	0.02428	0.01764	0.02297	0.04094	0.00826	0.00794	0.00257	0.00971	0.00748	0.00405	0.01054
14	0.02008	0.01928	0.03294	0.04981	0.66422	0.01928	0.02490	0.02490	0.01848	0.02651	0.01526	0.02008	0.01285	0.00723	0.00803	0.00241	0.00964	0.00723	0.00402	0.01285
15	0.00989	0.00706	0.00942	0.01130	0.01177	0.00659	0.00753	0.01130	0.01554	0.02071	0.04472	0.70954	0.05367	0.02542	0.01036	0.00330	0.00471	0.02307	0.00753	0.00659
16	0.02054	0.02014	0.03250	0.04853	0.63592	0.04863	0.02449	0.02523	0.01868	0.02621	0.01514	0.01984	0.01275	0.00728	0.00800	0.00240	0.00986	0.00714	0.00402	0.01270
17	0.01653	0.04017	0.61666	0.02412	0.03577	0.01899	0.08430	0.02572	0.01731	0.02572	0.01473	0.01756	0.01046	0.00763	0.00788	0.00258	0.01214	0.00632	0.00349	0.01190
18	0.01423	0.00890	0.01173	0.01067	0.01307	0.00813	0.00813	0.01798	0.02300	0.10273	0.59077	0.05698	0.07034	0.01587	0.00941	0.00255	0.00417	0.01396	0.00905	0.00833
19	0.01627	0.04197	0.67279	0.02313	0.03512	0.01884	0.02998	0.02570	0.01713	0.02570	0.01456	0.01713	0.01028	0.00771	0.00771	0.00257	0.01199	0.00600	0.00343	0.01199
20	0.01856	0.12512	0.52207	0.02147	0.03222	0.02121	0.02635	0.09287	0.01937	0.02767	0.01469	0.01687	0.01068	0.00784	0.00744	0.00245	0.01124	0.00593	0.00395	0.01199
21	0.01694	0.03730	0.52732	0.02570	0.03682	0.01923	0.17076	0.02577	0.01760	0.02577	0.01499	0.01824	0.01075	0.00751	0.00814	0.00261	0.01238	0.00683	0.00358	0.01175
22	0.01172	0.00945	0.00994	0.01023	0.01263	0.00801	0.00733	0.01304	0.01894	0.02336	0.07441	0.20503	0.52044	0.02239	0.01047	0.00319	0.00494	0.01856	0.00808	0.00782
23	0.01066	0.00763	0.01021	0.01154	0.01252	0.00719	0.00829	0.01291	0.01758	0.02378	0.17918	0.48549	0.05776	0.02309	0.01030	0.00319	0.00488	0.09904	0.00783	0.00694

[dist]
# distance from previous block
# <min> <max>
0	8

[block]
# block no. 4 follows, 23 sequences, length 66
# corresponding to MSA columns:
# 206-271
name=unknown_E
#
# <colnr> <probs for GDERKNQSTAVLIFYWHMCP>
#	G	D	E	R	K	N	Q	S	T	A	V	L	I	F	Y	W	H	M	C	P
0	0.00989	0.00706	0.00942	0.01130	0.01177	0.00659	0.00753	0.01130	0.01554	0.02071	0.04472	0.70954	0.05367	0.02542	0.01036	0.00330	0.00471	0.02307	0.00753	0.00659
1	0.01532	0.01442	0.02434	0.69533	0.05589	0.01803	0.02253	0.02073	0.01622	0.02073	0.01442	0.02163	0.01082	0.00811	0.00811	0.00270	0.01082	0.00721	0.00361	0.00901
2	0.02169	0.71972	0.04252	0.01388	0.02083	0.03211	0.01388	0.02430	0.01649	0.01909	0.01128	0.01302	0.01041	0.00694	0.00521	0.00174	0.00868	0.00434	0.00347	0.01041
3	0.03129	0.02201	0.02391	0.01833	0.02481	0.02410	0.01514	0.58920	0.03695	0.10079	0.02049	0.02013	0.01430	0.00976	0.00812	0.00244	0.00877	0.00737	0.00827	0.01380
4	0.00987	0.00714	0.00934	0.01110	0.01172	0.00661	0.00744	0.01132	0.01573	0.02079	0.04717	0.66827	0.09335	0.02510	0.01031	0.00326	0.00467	0.02268	0.00753	0.00661
5	0.01795	0.01731	0.03005	0.33113	0.36210	0.01880	0.05932	0.02314	0.01753	0.02395	0.01496	0.02087	0.01193	0.00759	0.00816	0.00256	0.01039	0.00736	0.00384	0.01106
6	0.11507	0.01369	0.01898	0.01594	0.01978	0.01420	0.06916	0.02617	0.04344	0.23955	0.05299	0.18456	0.02693	0.01390	0.01103	0.00287	0.10271	0.01146	0.00727	0.01027
7	0.03185	0.01440	0.01841	0.01473	0.02047	0.01359	0.01196	0.03940	0.16189	0.50438	0.05654	0.02948	0.02331	0.01051	0.00824	0.00257	0.00668	0.00864	0.00960	0.01336
8	0.02150	0.02667	0.07649	0.02939	0.03620	0.17659	0.40405	0.02696	0.01940	0.02401	0.01493	0.01957	0.01162	0.00784	0.01031	0.00264	0.06916	0.00814	0.00404	0.01048
9	0.01919	0.02178	0.04726	0.03485	0.06815	0.02047	0.60950	0.02595	0.01912	0.02601	0.01637	0.02181	0.01233	0.00686	0.00951	0.00272	0.01351	0.00948	0.00410	0.01102
10	0.01653	0.07429	0.64274	0.02269	0.03444	0.01948	0.02921	0.02563	0.01710	0.02538	0.01441	0.01694	0.01029	0.00767	0.00759	0.00253	0.01183	0.00592	0.00343	0.01192
11	0.01945	0.01864	0.03180	0.13527	0.58367	0.01911	0.02459	0.02435	0.01818	0.02574	0.01515	0.02029	0.01258	0.00735	0.00804	0.00245	0.00980	0.00723	0.00396	0.01234
12	0.01723	0.16101	0.56209	0.02150	0.03261	0.02117	0.02715	0.02545	0.01702	0.02454	0.01399	0.01641	0.01030	0.00757	0.00727	0.00242	0.01141	0.00570	0.00343	0.01171
13	0.02528	0.01895	0.07977	0.02283	0.06498	0.01641	0.18775	0.03321	0.12020	0.27042	0.05539	0.02673	0.02014	0.00926	0.00859	0.00261	0.00914	0.00880	0.00717	0.01236
14	0.01915	0.02189	0.04788	0.03420	0.04241	0.02052	0.63475	0.02599	0.01915	0.02599	0.01642	0.02189	0.01231	0.00684	0.00958	0.00274	0.01368	0.00958	0.00410	0.01094
15	0.01532	0.01442	0.02434	0.69533	0.05589	0.01803	0.02253	0.02073	0.01622	0.02073	0.01442	0.02163	0.01082	0.00811	0.00811	0.00270	0.01082	0.00721	0.00361	0.00901
16	0.01829	0.02016	0.04258	0.08758	0.07765	0.01933	0.50833	0.02454	0.01864	0.02525	0.01804	0.06670	0.01492	0.00818	0.00942	0.00275	0.01262	0.01013	0.00428	0.01061
17	0.03252	0.02445	0.02052	0.01730	0.02256	0.29134	0.01356	0.03687	0.07530	0.34661	0.02400	0.02244	0.01647	0.00942	0.00782	0.00236	0.01008	0.00702	0.00746	0.01190
18	0.01814	0.02003	0.03690	0.02784	0.03362	0.06810	0.41948	0.02319	0.01821	0.02400	0.02094	0.14959	0.01977	0.01104	0.01097	0.00286	0.06920	0.01157	0.00470	0.00984
19	0.01139	0.00803	0.01009	0.01069	0.01235	0.00738	0.00775	0.01360	0.01775	0.04977	0.14849	0.34480	0.21459	0.02432	0.05391	0.00365	0.00572	0.04086	0.00764	0.00720
20	0.01464	0.01155	0.04756	0.01462	0.01705	0.01016	0.06012	0.01715	0.01676	0.09953	0.03882	0.46522	0.06769	0.02025	0.01093	0.00311	0.05147	0.01804	0.00710	0.00824
21	0.01124	0.00922	0.01502	0.01463	0.01623	0.00862	0.09885	0.01344	0.01606	0.02148	0.04060	0.60942	0.04765	0.02272	0.01024	0.00321	0.00601	0.02110	0.00703	0.00722
22	0.01670	0.09476	0.62370	0.02241	0.03401	0.01988	0.02873	0.02559	0.01708	0.02518	0.01431	0.01681	0.01029	0.00765	0.00751	0.00250	0.01173	0.00587	0.00343	0.01187
23	0.01944	0.01832	0.07534	0.16506	0.19582	0.01784	0.01903	0.02991	0.20768	0.07767	0.02527	0.02869	0.04237	0.00988	0.00828	0.00266	0.00860	0.03061	0.00589	0.01164
24	0.01809	0.06485	0.30545	0.02862	0.03833	0.02040	0.35437	0.02579	0.01819	0.02553	0.01540	0.01948	0.01138	0.00720	0.00859	0.00262	0.01273	0.00784	0.00379	0.01135
25	0.01700	0.01613	0.02736	0.46846	0.26969	0.01847	0.02337	0.02220	0.01702	0.02276	0.01472	0.02109	0.01153	0.00780	0.00808	0.00260	0.01040	0.00722	0.00375	0.01036
26	0.02460	0.01804	0.03258	0.08323	0.03368	0.01741	0.29788	0.06984	0.04861	0.22594	0.02305	0.04991	0.01678	0.00901	0.00889	0.00267	0.01037	0.00928	0.00646	0.01176
27	0.02037	0.08218	0.03184	0.18973	0.18391	0.11030	0.13629	0.04780	0.01899	0.02403	0.01546	0.02173	0.01281	0.00842	0.00895	0.00254	0.04233	0.02759	0.00416	0.01057
28	0.02169	0.02674	0.34107	0.01778	0.02616	0.01449	0.01994	0.02790	0.01973	0.23302	0.08284	0.03014	0.08172	0.01047	0.00820	0.00257	0.00889	0.00852	0.00643	0.01170
29	0.01831	0.02014	0.04140	0.09444	0.03995	0.02041	0.47526	0.02423	0.01780	0.02441	0.01573	0.02175	0.01228	0.01003	0.03846	0.00325	0.09878	0.00901	0.00400	0.01036
30	0.03080	0.02401	0.02424	0.01885	0.02516	0.07806	0.01544	0.58848	0.03693	0.04862	0.01892	0.01909	0.01353	0.00963	0.00805	0.00241	0.00939	0.00714	0.00780	0.01345
31	0.01924	0.39780	0.31613	0.01871	0.02789	0.02589	0.04571	0.02497	0.01687	0.02223	0.01291	0.01516	0.01043	0.00727	0.00647	0.00214	0.01032	0.00527	0.00348	0.01112
32	0.01816	0.01736	0.02929	0.29506	0.40287	0.01905	0.02368	0.02307	0.01734	0.02399	0.01473	0.02057	0.01198	0.00788	0.00890	0.00257	0.04124	0.00722	0.00384	0.01121
33	0.01627	0.04197	0.67279	0.02313	0.03512	0.01884	0.02998	0.02570	0.01713	0.02570	0.01456	0.01713	0.01028	0.00771	0.00771	0.00257	0.01199	0.00600	0.00343	0.01199
34	0.02008	0.01928	0.03294	0.04981	0.66422	0.01928	0.02490	0.02490	0.01848	0.02651	0.01526	0.02008	0.01285	0.00723	0.00803	0.00241	0.00964	0.00723	0.00402	0.01285
35	0.01789	0.03971	0.62031	0.02243	0.03396	0.01829	0.02853	0.02681	0.01762	0.07739	0.01596	0.01797	0.01107	0.00790	0.00775	0.00256	0.01158	0.00617	0.00396	0.01214
36	0.00989	0.00706	0.00942	0.01130	0.01177	0.00659	0.00753	0.01130	0.01554	0.02071	0.04472	0.70954	0.05367	0.02542	0.01036	0.00330	0.00471	0.02307	0.00753	0.00659
37	0.02996	0.03006	0.02266	0.01922	0.02424	0.37551	0.01499	0.24886	0.02844	0.06946	0.04703	0.01932	0.01536	0.00935	0.00776	0.00226	0.01162	0.00659	0.00616	0.01115
38	0.01785	0.01700	0.02891	0.35230	0.37915	0.01869	0.02379	0.02295	0.01742	0.02380	0.01487	0.02081	0.01190	0.00764	0.00807	0.00255	0.01019	0.00722	0.00382	0.01105
39	0.02008	0.01928	0.03294	0.04981	0.66422	0.01928	0.02490	0.02490	0.01848	0.02651	0.01526	0.02008	0.01285	0.00723	0.00803	0.00241	0.00964	0.00723	0.00402	0.01285
40	0.01130	0.00824	0.01062	0.01012	0.01203	0.00756	0.00755	0.01491	0.02238	0.03138	0.59797	0.08729	0.11385	0.01719	0.00960	0.00259	0.00388	0.01516	0.00879	0.00756
41	0.01843	0.02382	0.12450	0.03193	0.04031	0.01977	0.53488	0.02539	0.01876	0.02575	0.01728	0.04791	0.01366	0.00767	0.00937	0.00274	0.01312	0.00965	0.00415	0.01091
42	0.03085	0.02273	0.02435	0.01867	0.02516	0.02516	0.01542	0.63716	0.03815	0.05114	0.01948	0.01948	0.01380	0.00974	0.00812	0.00244	0.00893	0.00731	0.00812	0.01380
43	0.00989	0.00706	0.00942	0.01130	0.01177	0.00659	0.00753	0.01130	0.01554	0.02071	0.04472	0.70954	0.05367	0.02542	0.01036	0.00330	0.00471	0.02307	0.00753	0.00659
44	0.01883	0.02117	0.04561	0.03407	0.07209	0.01991	0.57954	0.02535	0.01897	0.02581	0.01748	0.04910	0.01398	0.00760	0.00953	0.00274	0.01312	0.01000	0.00424	0.01087
45	0.02955	0.02208	0.02362	0.01841	0.02467	0.02456	0.01511	0.56477	0.11266	0.04904	0.02113	0.02080	0.01514	0.00990	0.00813	0.00247	0.00862	0.00753	0.00813	0.01368
46	0.01627	0.04197	0.67279	0.02313	0.03512	0.01884	0.02998	0.02570	0.01713	0.02570	0.01456	0.01713	0.01028	0.00771	0.00771	0.00257	0.01199	0.00600	0.00343	0.01199
47	0.00989	0.00706	0.00942	0.01130	0.01177	0.00659	0.00753	0.01130	0.01554	0.02071	0.04472	0.70954	0.05367	0.02542	0.01036	0.00330	0.00471	0.02307	0.00753	0.00659
48	0.01845	0.01980	0.03626	0.02769	0.03176	0.02271	0.32340	0.02273	0.01576	0.02273	0.01351	0.01980	0.01147	0.01056	0.01818	0.00315	0.36000	0.00833	0.00382	0.00990
49	0.01180	0.00787	0.00885	0.00885	0.00885	0.00787	0.00492	0.01180	0.01180	0.01573	0.02557	0.05310	0.02950	0.71483	0.04130	0.00787	0.00787	0.01180	0.00492	0.00492
50	0.02008	0.01928	0.03294	0.04981	0.66422	0.01928	0.02490	0.02490	0.01848	0.02651	0.01526	0.02008	0.01285	0.00723	0.00803	0.00241	0.00964	0.00723	0.00402	0.01285
51	0.01627	0.04197	0.67279	0.02313	0.03512	0.01884	0.02998	0.02570	0.01713	0.02570	0.01456	0.01713	0.01028	0.00771	0.00771	0.00257	0.01199	0.00600	0.00343	0.01199
52	0.03641	0.01381	0.01883	0.01444	0.02071	0.01193	0.01193	0.03954	0.02322	0.66984	0.03201	0.02762	0.02009	0.01004	0.00816	0.00251	0.00690	0.00816	0.01004	0.01381
53	0.01627	0.04197	0.67279	0.02313	0.03512	0.01884	0.02998	0.02570	0.01713	0.02570	0.01456	0.01713	0.01028	0.00771	0.00771	0.00257	0.01199	0.00600	0.00343	0.01199
54	0.01109	0.00860	0.01038	0.01132	0.01351	0.00789	0.00921	0.01381	0.01834	0.02283	0.06254	0.13447	0.35153	0.02173	0.01034	0.00321	0.00558	0.26904	0.00751	0.00709
55	0.02990	0.03538	0.02328	0.02057	0.02495	0.55473	0.01572	0.12546	0.02492	0.02469	0.01354	0.01551	0.01098	0.00880	0.00820	0.00220	0.04072	0.00562	0.00477	0.01007
56	0.01674	0.06794	0.60544	0.02450	0.07565	0.01941	0.02900	0.02559	0.01719	0.02548	0.01447	0.01716	0.01045	0.00765	0.00763	0.00253	0.01170	0.00601	0.00347	0.01198
57	0.01283	0.00926	0.01273	0.01446	0.01639	0.00916	0.01258	0.01644	0.01867	0.02411	0.04578	0.09057	0.09075	0.02228	0.01109	0.00366	0.00723	0.56711	0.00748	0.00743
58	0.01868	0.01785	0.03041	0.23943	0.48552	0.01891	0.02421	0.02368	0.01781	0.02481	0.01502	0.02054	0.01225	0.00749	0.00806	0.00250	0.00999	0.00722	0.00390	0.01173
59	0.09015	0.02004	0.01937	0.01651	0.02157	0.07386	0.01310	0.21741	0.32241	0.03750	0.02824	0.02704	0.05588	0.01066	0.00793	0.00258	0.00769	0.00833	0.00756	0.01215
60	0.02008	0.01928	0.03294	0.04981	0.66422	0.01928	0.02490	0.02490	0.01848	0.02651	0.01526	0.02008	0.01285	0.00723	0.00803	0.00241	0.00964	0.00723	0.00402	0.01285
61	0.01001	0.00716	0.00953	0.01121	0.01180	0.00668	0.00754	0.01162	0.01613	0.02166	0.09409	0.65746	0.05550	0.02471	0.01029	0.00324	0.00464	0.02239	0.00764	0.00668
62	0.01725	0.01760	0.03290	0.02531	0.02991	0.01845	0.32661	0.04800	0.01797	0.02492	0.04653	0.15578	0.02261	0.01256	0.01338	0.00300	0.16079	0.01176	0.00502	0.00964
63	0.02640	0.02110	0.02155	0.01769	0.02267	0.07951	0.01443	0.39638	0.08309	0.04112	0.02186	0.02647	0.01740	0.01101	0.00933	0.00257	0.05386	0.05562	0.06591	0.01202
64	0.02478	0.04788	0.01979	0.01522	0.02025	0.01913	0.01237	0.32717	0.10703	0.08807	0.05428	0.05280	0.04987	0.01113	0.00789	0.00243	0.00714	0.00886	0.11209	0.01182
65	0.01839	0.28514	0.41779	0.02096	0.05745	0.02364	0.02396	0.02516	0.01696	0.02335	0.01341	0.01578	0.01044	0.00741	0.00682	0.00226	0.01070	0.00545	0.00347	0.01146

[dist]
# distance from previous block
# <min> <max>
4	7

[block]
# block no. 5 follows, 23 sequences, length 6
# corresponding to MSA columns:
# 279-284
name=unknown_F
#
# <colnr> <probs for GDERKNQSTAVLIFYWHMCP>
#	G	D	E	R	K	N	Q	S	T	A	V	L	I	F	Y	W	H	M	C	P
0	0.02092	0.01600	0.01748	0.01478	0.01935	0.01708	0.01163	0.21870	0.21128	0.03658	0.07014	0.10077	0.02616	0.01183	0.00801	0.00244	0.00653	0.00981	0.08440	0.09613
1	0.01780	0.01497	0.01778	0.01370	0.01936	0.01352	0.01093	0.08879	0.01862	0.02789	0.01767	0.08782	0.01632	0.00929	0.00892	0.00181	0.08111	0.00720	0.00532	0.52120
2	0.09889	0.01076	0.01282	0.01180	0.01500	0.01023	0.00905	0.04751	0.01992	0.15033	0.17882	0.22206	0.09493	0.01649	0.00886	0.00273	0.00538	0.03392	0.00796	0.04254
3	0.02409	0.01666	0.02102	0.18677	0.03018	0.01796	0.01524	0.20255	0.10911	0.15028	0.06567	0.02555	0.01981	0.00973	0.00807	0.00247	0.00812	0.00799	0.00714	0.07158
4	0.01906	0.01999	0.02694	0.36498	0.17008	0.13638	0.06603	0.02379	0.01841	0.02267	0.04402	0.02188	0.01429	0.00827	0.00813	0.00253	0.01115	0.00738	0.00407	0.00994
5	0.02514	0.02685	0.02097	0.01994	0.05513	0.35855	0.01456	0.05598	0.05397	0.07022	0.02229	0.09847	0.04853	0.01173	0.00992	0.00250	0.08134	0.00862	0.00547	0.00979

[dist]
# distance from previous block
# <min> <max>
7	143

[block]
# block no. 6 follows, 23 sequences, length 10
# corresponding to MSA columns:
# 428-437
name=unknown_G
#
# <colnr> <probs for GDERKNQSTAVLIFYWHMCP>
#	G	D	E	R	K	N	Q	S	T	A	V	L	I	F	Y	W	H	M	C	P
0	0.02075	0.01874	0.02123	0.02027	0.07105	0.04575	0.01495	0.07356	0.42114	0.03122	0.02589	0.02591	0.02001	0.01114	0.01163	0.00283	0.13662	0.00838	0.00689	0.01204
1	0.01900	0.01817	0.03098	0.19659	0.52589	0.01899	0.02436	0.02395	0.01796	0.02520	0.01507	0.02044	0.01239	0.00743	0.00805	0.00248	0.00991	0.00723	0.00392	0.01198
2	0.01544	0.08785	0.50018	0.01963	0.02951	0.01763	0.02429	0.02297	0.01734	0.02448	0.02694	0.02820	0.13177	0.01005	0.00787	0.00254	0.01027	0.00795	0.00420	0.01091
3	0.06674	0.01440	0.03223	0.01449	0.01804	0.03204	0.01167	0.04346	0.19490	0.10955	0.05819	0.16552	0.07438	0.01548	0.00968	0.00292	0.03707	0.08160	0.00758	0.01006
4	0.01139	0.00793	0.00873	0.00873	0.00924	0.00768	0.00515	0.01177	0.01305	0.01689	0.03614	0.05777	0.14739	0.58520	0.03538	0.00691	0.00717	0.01279	0.00541	0.00528
5	0.43138	0.06482	0.01795	0.01340	0.01904	0.02000	0.01119	0.16694	0.04286	0.11954	0.01657	0.01705	0.01205	0.00844	0.00626	0.00245	0.00713	0.00570	0.00638	0.01083
6	0.05430	0.01309	0.01661	0.01368	0.01850	0.01236	0.01109	0.07036	0.06598	0.37221	0.18833	0.03820	0.03506	0.01225	0.00855	0.00259	0.00624	0.03966	0.00921	0.01170
7	0.01731	0.02184	0.17954	0.11068	0.06349	0.01609	0.15497	0.04257	0.01813	0.02692	0.01735	0.02141	0.01325	0.00770	0.00758	0.00229	0.00962	0.00718	0.14521	0.11686
8	0.01105	0.00844	0.01010	0.01040	0.01214	0.00791	0.00744	0.01469	0.05886	0.02534	0.24477	0.27330	0.21311	0.05093	0.01115	0.00309	0.00453	0.01755	0.00790	0.00731
9	0.02280	0.01711	0.01938	0.01664	0.06139	0.01728	0.01247	0.28142	0.05842	0.03795	0.01981	0.02135	0.01512	0.00856	0.00708	0.00201	0.00708	0.00675	0.14731	0.22009

[dist]
# distance from previous block
# <min> <max>
29	50

[block]
# block no. 7 follows, 23 sequences, length 35
# corresponding to MSA columns:
# 488-522
name=unknown_H
#
# <colnr> <probs for GDERKNQSTAVLIFYWHMCP>
#	G	D	E	R	K	N	Q	S	T	A	V	L	I	F	Y	W	H	M	C	P
0	0.01788	0.02159	0.09596	0.02847	0.03519	0.01947	0.41141	0.02364	0.01760	0.02465	0.01741	0.07171	0.01495	0.00933	0.01178	0.00280	0.11297	0.00965	0.00425	0.04928
1	0.01799	0.01807	0.02692	0.02300	0.05046	0.04899	0.12370	0.02075	0.01448	0.02120	0.01397	0.02198	0.01309	0.06955	0.02220	0.00357	0.43036	0.00787	0.04282	0.00903
2	0.01776	0.02114	0.11519	0.26241	0.23027	0.01909	0.16856	0.02384	0.01770	0.02432	0.01516	0.02066	0.01170	0.00750	0.00838	0.00261	0.01129	0.00762	0.00382	0.01099
3	0.70424	0.07940	0.01469	0.01096	0.01616	0.01946	0.00925	0.02389	0.01405	0.03484	0.01130	0.01317	0.00893	0.00748	0.00504	0.00244	0.00649	0.00439	0.00488	0.00893
4	0.45441	0.01616	0.01515	0.04141	0.01923	0.01784	0.01060	0.13691	0.01934	0.06994	0.01533	0.01695	0.01149	0.00812	0.00601	0.00236	0.00679	0.00550	0.06004	0.06643
5	0.01213	0.00901	0.01095	0.01020	0.01243	0.00841	0.00765	0.04653	0.02240	0.03071	0.48723	0.06158	0.18523	0.04678	0.01085	0.00281	0.00432	0.01465	0.00845	0.00770
6	0.00989	0.00706	0.00942	0.01130	0.01177	0.00659	0.00753	0.01130	0.01554	0.02071	0.04472	0.70954	0.05367	0.02542	0.01036	0.00330	0.00471	0.02307	0.00753	0.00659
7	0.00989	0.00706	0.00942	0.01130	0.01177	0.00659	0.00753	0.01130	0.01554	0.02071	0.04472	0.70954	0.05367	0.02542	0.01036	0.00330	0.00471	0.02307	0.00753	0.00659
8	0.48691	0.02256	0.01669	0.01565	0.04611	0.19832	0.01180	0.07014	0.01823	0.03257	0.01239	0.01431	0.00977	0.00790	0.00599	0.00239	0.00887	0.00495	0.00497	0.00948
9	0.01053	0.01027	0.06951	0.01232	0.01390	0.00775	0.00957	0.01277	0.01600	0.02167	0.06830	0.61913	0.05072	0.02344	0.01008	0.00320	0.00533	0.02116	0.00722	0.00713
10	0.00989	0.00706	0.00942	0.01130	0.01177	0.00659	0.00753	0.01130	0.01554	0.02071	0.04472	0.70954	0.05367	0.02542	0.01036	0.00330	0.00471	0.02307	0.00753	0.00659
11	0.00989	0.00706	0.00942	0.01130	0.01177	0.00659	0.00753	0.01130	0.01554	0.02071	0.04472	0.70954	0.05367	0.02542	0.01036	0.00330	0.00471	0.02307	0.00753	0.00659
12	0.01831	0.02055	0.04440	0.03213	0.03964	0.01926	0.57799	0.02466	0.01882	0.02551	0.01898	0.08412	0.01605	0.00852	0.00965	0.00279	0.01287	0.01080	0.00441	0.01055
13	0.01820	0.01939	0.03772	0.02803	0.03372	0.01999	0.40652	0.02335	0.01722	0.02448	0.01634	0.04490	0.01369	0.00929	0.01328	0.00283	0.17487	0.00911	0.03492	0.05215
14	0.01761	0.01489	0.01725	0.01239	0.01956	0.01162	0.00994	0.05480	0.01801	0.02782	0.01470	0.01697	0.01212	0.00622	0.00613	0.00127	0.00617	0.00495	0.00499	0.72261
15	0.01240	0.00914	0.01143	0.01203	0.01365	0.00865	0.00843	0.06875	0.01770	0.02398	0.03973	0.58511	0.04633	0.02227	0.00977	0.00303	0.00521	0.02001	0.00734	0.07506
16	0.02171	0.15340	0.10070	0.01675	0.02229	0.04563	0.01543	0.20907	0.02337	0.03143	0.04605	0.02745	0.01876	0.03767	0.01057	0.00265	0.07124	0.06076	0.03644	0.04861
17	0.01558	0.01310	0.01549	0.01189	0.01789	0.01006	0.00924	0.01879	0.01659	0.02541	0.01988	0.14150	0.01951	0.00950	0.00679	0.00158	0.00577	0.00809	0.00530	0.62804
18	0.09391	0.01918	0.02022	0.01605	0.02148	0.02121	0.01314	0.46062	0.03162	0.04514	0.01988	0.02111	0.01470	0.01207	0.04136	0.00289	0.00858	0.00715	0.11757	0.01211
19	0.02674	0.02098	0.02194	0.05140	0.02459	0.05882	0.01446	0.45145	0.07691	0.04319	0.05009	0.02594	0.05077	0.03387	0.00932	0.00265	0.00867	0.00828	0.00758	0.01234
20	0.01006	0.00713	0.00936	0.01108	0.01151	0.00670	0.00730	0.01134	0.01520	0.02027	0.04301	0.65080	0.05150	0.08711	0.01313	0.00370	0.00499	0.02206	0.00730	0.00644
21	0.64736	0.01621	0.01327	0.01152	0.01659	0.01860	0.00947	0.09953	0.01696	0.03796	0.01297	0.01471	0.00993	0.00789	0.00543	0.00247	0.00650	0.00489	0.03836	0.00935
22	0.00989	0.00706	0.00942	0.01130	0.01177	0.00659	0.00753	0.01130	0.01554	0.02071	0.04472	0.70954	0.05367	0.02542	0.01036	0.00330	0.00471	0.02307	0.00753	0.00659
23	0.05207	0.01634	0.01743	0.01416	0.01878	0.01776	0.01147	0.35530	0.02841	0.06167	0.02209	0.02376	0.01651	0.01170	0.03528	0.00269	0.00752	0.00737	0.26852	0.01118
24	0.01775	0.01775	0.02485	0.02130	0.02130	0.02485	0.01775	0.01953	0.01243	0.01953	0.01065	0.01775	0.01065	0.01420	0.02663	0.00355	0.69998	0.00710	0.00355	0.00888
25	0.00989	0.00706	0.00942	0.01130	0.01177	0.00659	0.00753	0.01130	0.01554	0.02071	0.04472	0.70954	0.05367	0.02542	0.01036	0.00330	0.00471	0.02307	0.00753	0.00659
26	0.00989	0.00706	0.00942	0.01130	0.01177	0.00659	0.00753	0.01130	0.01554	0.02071	0.04472	0.70954	0.05367	0.02542	0.01036	0.00330	0.00471	0.02307	0.00753	0.00659
27	0.02526	0.01707	0.01830	0.01480	0.01967	0.01856	0.01197	0.36105	0.08551	0.07415	0.02350	0.02422	0.01728	0.00978	0.00737	0.00230	0.00700	0.00760	0.24284	0.01177
28	0.01115	0.00847	0.01053	0.01161	0.01354	0.00785	0.00929	0.01385	0.01823	0.02314	0.08567	0.19876	0.27310	0.02202	0.01039	0.00324	0.00557	0.25893	0.00757	0.00709
29	0.05892	0.02314	0.02350	0.04625	0.02586	0.08280	0.01532	0.50685	0.03428	0.07469	0.01891	0.01926	0.01347	0.00948	0.00793	0.00242	0.00932	0.00704	0.00755	0.01302
30	0.01615	0.01298	0.04500	0.01301	0.01776	0.00999	0.02921	0.01921	0.01745	0.08312	0.08430	0.21028	0.03006	0.01364	0.00896	0.03355	0.00609	0.01128	0.00627	0.33168
31	0.02272	0.25767	0.05537	0.07646	0.02484	0.02312	0.01479	0.05941	0.23968	0.11282	0.02243	0.02222	0.01690	0.00904	0.00716	0.00235	0.00800	0.00700	0.00623	0.01181
32	0.02618	0.26427	0.11525	0.01660	0.02344	0.05591	0.01589	0.09860	0.04737	0.20053	0.01920	0.01926	0.01401	0.00877	0.00788	0.00228	0.04034	0.00630	0.00601	0.01191
33	0.01367	0.01111	0.01208	0.01221	0.01385	0.05460	0.00873	0.06947	0.01786	0.02313	0.06515	0.32910	0.10089	0.11095	0.11356	0.00505	0.00857	0.01599	0.00663	0.00739
34	0.05051	0.01577	0.01947	0.08698	0.02387	0.01618	0.03637	0.15824	0.04968	0.03112	0.01863	0.04296	0.01556	0.03921	0.02965	0.00269	0.04811	0.00729	0.06168	0.24603

[dist]
# distance from previous block
# <min> <max>
18	36

[block]
# block no. 8 follows, 23 sequences, length 23
# corresponding to MSA columns:
# 569-591
name=unknown_I
#
# <colnr> <probs for GDERKNQSTAVLIFYWHMCP>
#	G	D	E	R	K	N	Q	S	T	A	V	L	I	F	Y	W	H	M	C	P
0	0.01794	0.01808	0.03210	0.22741	0.09551	0.01943	0.23108	0.02533	0.08935	0.02480	0.01695	0.02191	0.01316	0.00837	0.01023	0.00268	0.07551	0.00809	0.00441	0.05765
1	0.03004	0.01854	0.04071	0.01545	0.02137	0.10269	0.01279	0.07215	0.05854	0.37992	0.06673	0.02619	0.02115	0.00978	0.00790	0.00233	0.00792	0.00777	0.00821	0.08981
2	0.08252	0.04005	0.02353	0.13358	0.02829	0.01881	0.05383	0.11091	0.02023	0.17720	0.01827	0.02060	0.01339	0.00956	0.01114	0.00259	0.13797	0.00702	0.00597	0.08455
3	0.04948	0.00822	0.00952	0.00989	0.01059	0.00806	0.00621	0.01265	0.01372	0.01939	0.05624	0.26279	0.03763	0.40595	0.02708	0.00570	0.00654	0.01497	0.00593	0.02942
4	0.02315	0.02023	0.02110	0.08791	0.02498	0.11080	0.01473	0.27808	0.02554	0.03286	0.02239	0.02615	0.06456	0.04561	0.08405	0.00393	0.08929	0.00809	0.00601	0.01052
5	0.01649	0.01816	0.07771	0.02297	0.06178	0.01672	0.18949	0.02152	0.04200	0.02412	0.02135	0.16198	0.02086	0.01214	0.01201	0.00273	0.13539	0.01074	0.00493	0.12690
6	0.01607	0.00966	0.01298	0.01218	0.01432	0.00958	0.00920	0.01875	0.01880	0.14345	0.23805	0.19944	0.06555	0.05276	0.09288	0.00428	0.05176	0.01417	0.00770	0.00843
7	0.01915	0.02189	0.04788	0.03420	0.04241	0.02052	0.63475	0.02599	0.01915	0.02599	0.01642	0.02189	0.01231	0.00684	0.00958	0.00274	0.01368	0.00958	0.00410	0.01094
8	0.02972	0.02403	0.02360	0.01871	0.02475	0.10015	0.01519	0.50826	0.09757	0.04582	0.02004	0.02000	0.01451	0.00971	0.00804	0.00243	0.00933	0.00725	0.00768	0.01320
9	0.01050	0.00790	0.01062	0.01208	0.01251	0.00802	0.00833	0.01194	0.01529	0.02062	0.04206	0.65551	0.05031	0.02455	0.01163	0.00332	0.05901	0.02182	0.00722	0.00677
10	0.03641	0.01381	0.01883	0.01444	0.02071	0.01193	0.01193	0.03954	0.02322	0.66984	0.03201	0.02762	0.02009	0.01004	0.00816	0.00251	0.00690	0.00816	0.01004	0.01381
11	0.01512	0.00948	0.01237	0.01252	0.01488	0.00899	0.00992	0.01903	0.04758	0.11008	0.18927	0.19825	0.10346	0.01938	0.00998	0.00308	0.00564	0.19441	0.00820	0.00835
12	0.02654	0.02130	0.02188	0.01790	0.02353	0.05187	0.01440	0.37214	0.28306	0.04287	0.02462	0.02360	0.01806	0.01019	0.00814	0.00255	0.00817	0.00797	0.00800	0.01322
13	0.68865	0.01548	0.01271	0.01110	0.01626	0.01749	0.00914	0.02563	0.01488	0.10829	0.01365	0.01482	0.01007	0.00782	0.00538	0.00251	0.00635	0.00482	0.00559	0.00936
14	0.00995	0.00716	0.00943	0.01113	0.01175	0.00665	0.00748	0.01149	0.01598	0.02128	0.07345	0.65625	0.07827	0.02484	0.01029	0.00324	0.00465	0.02246	0.00759	0.00665
15	0.02811	0.02968	0.02210	0.01936	0.02383	0.38753	0.01497	0.11366	0.14621	0.06854	0.01858	0.01932	0.01431	0.00949	0.00873	0.00237	0.04990	0.00656	0.00583	0.01091
16	0.01606	0.00977	0.01362	0.04057	0.01774	0.00949	0.01193	0.01941	0.01914	0.12217	0.09271	0.17468	0.04489	0.01996	0.01035	0.00334	0.00677	0.35119	0.00784	0.00837
17	0.01027	0.00734	0.00986	0.01174	0.01238	0.00692	0.00820	0.01196	0.01591	0.02114	0.04451	0.63524	0.05283	0.02506	0.01046	0.00335	0.00504	0.09358	0.00752	0.00670
18	0.03358	0.01834	0.02163	0.01659	0.02297	0.01865	0.01370	0.34303	0.03080	0.35564	0.02565	0.02349	0.01689	0.00989	0.00814	0.00247	0.00793	0.00773	0.00907	0.01380
19	0.01669	0.01628	0.02982	0.05730	0.02947	0.01666	0.28481	0.06796	0.01859	0.02528	0.02521	0.24644	0.02572	0.01400	0.01145	0.00298	0.08303	0.01344	0.00546	0.00943
20	0.08502	0.11346	0.02388	0.04556	0.02306	0.06506	0.01408	0.25750	0.02490	0.07069	0.01689	0.01868	0.01293	0.00930	0.00924	0.00235	0.08693	0.00642	0.05459	0.05945
21	0.01816	0.01880	0.06936	0.09705	0.03151	0.01826	0.21614	0.09620	0.04458	0.02776	0.06042	0.08202	0.02044	0.01255	0.03646	0.00313	0.08409	0.00974	0.00524	0.04809
22	0.02161	0.01719	0.01937	0.06831	0.02357	0.05299	0.01293	0.06870	0.17566	0.10619	0.02113	0.02194	0.01599	0.00879	0.00851	0.00214	0.05160	0.00681	0.00630	0.29026

[dist]
# distance from previous block
# <min> <max>
0	34

[block]
# block no. 9 follows, 23 sequences, length 31
# corresponding to MSA columns:
# 630-660
name=unknown_J
#
# <colnr> <probs for GDERKNQSTAVLIFYWHMCP>
#	G	D	E	R	K	N	Q	S	T	A	V	L	I	F	Y	W	H	M	C	P
0	0.09603	0.09288	0.02199	0.05830	0.04804	0.18632	0.01394	0.05316	0.13697	0.02679	0.04873	0.04959	0.01828	0.00983	0.00826	0.00236	0.04393	0.00733	0.00546	0.07181
1	0.02328	0.07249	0.05757	0.07415	0.08908	0.19388	0.07961	0.08790	0.06314	0.05244	0.01750	0.04619	0.01438	0.00911	0.00858	0.00238	0.03980	0.00733	0.00507	0.05611
2	0.05025	0.01614	0.02380	0.44178	0.09087	0.01920	0.02001	0.12396	0.01987	0.02691	0.01787	0.02298	0.03879	0.00913	0.00897	0.00267	0.04467	0.00752	0.00461	0.00999
3	0.06387	0.01844	0.02085	0.08605	0.02534	0.02025	0.01417	0.35874	0.08535	0.10316	0.02457	0.04779	0.04238	0.04045	0.00952	0.00277	0.00819	0.00850	0.00752	0.01208
4	0.07161	0.01029	0.00894	0.00870	0.01098	0.05456	0.00659	0.02019	0.01719	0.02999	0.02440	0.02793	0.01921	0.00924	0.00574	0.00195	0.00471	0.00717	0.65282	0.00778
5	0.01834	0.01508	0.01737	0.01292	0.01954	0.01257	0.01030	0.10863	0.01980	0.02958	0.01737	0.06795	0.01533	0.00797	0.00663	0.00153	0.00633	0.00650	0.00548	0.60077
6	0.59831	0.01581	0.01379	0.01171	0.01708	0.01748	0.00964	0.06263	0.01665	0.12107	0.01467	0.01563	0.01073	0.00794	0.00567	0.00245	0.00651	0.00509	0.00587	0.04129
7	0.03641	0.01381	0.01883	0.01444	0.02071	0.01193	0.01193	0.03954	0.02322	0.66984	0.03201	0.02762	0.02009	0.01004	0.00816	0.00251	0.00690	0.00816	0.01004	0.01381
8	0.06480	0.00903	0.01126	0.01051	0.01279	0.00855	0.00795	0.01695	0.02200	0.06491	0.55412	0.08646	0.06794	0.01605	0.00922	0.00258	0.00420	0.01403	0.00865	0.00800
9	0.01365	0.01203	0.01644	0.01568	0.01590	0.01507	0.01200	0.01511	0.01380	0.01976	0.02754	0.33871	0.03197	0.07676	0.02035	0.00379	0.32361	0.01483	0.00549	0.00750
10	0.01010	0.00715	0.00935	0.01103	0.01144	0.00673	0.00724	0.01135	0.01512	0.02016	0.04259	0.63646	0.05098	0.10217	0.01380	0.00380	0.00506	0.02181	0.00724	0.00640
11	0.00989	0.00706	0.00942	0.01130	0.01177	0.00659	0.00753	0.01130	0.01554	0.02071	0.04472	0.70954	0.05367	0.02542	0.01036	0.00330	0.00471	0.02307	0.00753	0.00659
12	0.01738	0.01475	0.01712	0.01228	0.01946	0.01138	0.00984	0.04460	0.01766	0.02741	0.01462	0.01693	0.01209	0.00616	0.00609	0.00125	0.00612	0.00491	0.00494	0.73502
