[name]
unknown

[dist]
# distance from previous block
# <min> <max>
13	44

[block]
# block no. 0 follows, 24 sequences, length 6
# corresponding to MSA columns:
# 52-57
name=unknown_A
#
# <colnr> <probs for GDERKNQSTAVLIFYWHMCP>
#	G	D	E	R	K	N	Q	S	T	A	V	L	I	F	Y	W	H	M	C	P
0	0.01195	0.01111	0.06395	0.01246	0.01480	0.00879	0.00993	0.04273	0.01720	0.02360	0.08934	0.48309	0.04551	0.02037	0.00946	0.00293	0.00554	0.05200	0.00697	0.06830
1	0.33403	0.05091	0.01607	0.04736	0.01851	0.01440	0.05983	0.01894	0.01490	0.02730	0.02302	0.25686	0.02435	0.01326	0.00727	0.00264	0.00652	0.01115	0.00552	0.04714
2	0.01389	0.01119	0.01624	0.01451	0.01709	0.01085	0.09297	0.09310	0.01867	0.02505	0.06764	0.38201	0.07616	0.08229	0.01226	0.00331	0.00653	0.01651	0.00673	0.03298
3	0.10732	0.01441	0.01516	0.01293	0.01657	0.01559	0.01002	0.27500	0.02419	0.03577	0.05258	0.11006	0.02362	0.10480	0.01175	0.00310	0.00668	0.00961	0.14125	0.00959
4	0.01314	0.00953	0.01161	0.01188	0.01352	0.00948	0.00856	0.10689	0.01932	0.02582	0.10457	0.44178	0.07984	0.06237	0.01150	0.00328	0.00541	0.04651	0.00743	0.00756
5	0.09903	0.01313	0.01653	0.06297	0.02033	0.01286	0.01113	0.06490	0.05138	0.33614	0.02488	0.04619	0.01857	0.06786	0.01246	0.07752	0.00705	0.00802	0.00739	0.04166

[dist]
# distance from previous block
# <min> <max>
8	14

[block]
# block no. 1 follows, 24 sequences, length 12
# corresponding to MSA columns:
# 73-84
name=unknown_B
#
# <colnr> <probs for GDERKNQSTAVLIFYWHMCP>
#	G	D	E	R	K	N	Q	S	T	A	V	L	I	F	Y	W	H	M	C	P
0	0.01730	0.01468	0.02062	0.12765	0.02631	0.01451	0.06568	0.05134	0.04553	0.05231	0.01911	0.10055	0.01716	0.00984	0.00927	0.00218	0.07648	0.00822	0.00516	0.31610
1	0.01790	0.01888	0.05025	0.16599	0.03478	0.05139	0.22444	0.03939	0.05347	0.02473	0.01657	0.04186	0.01343	0.00804	0.00874	0.00235	0.03937	0.00776	0.00445	0.17623
2	0.02349	0.10617	0.16288	0.01848	0.02454	0.23860	0.01705	0.12856	0.08859	0.02648	0.01588	0.01786	0.01248	0.01003	0.00926	0.06764	0.01074	0.00606	0.00484	0.01040
3	0.00969	0.00710	0.00911	0.01060	0.01141	0.00652	0.00719	0.01126	0.01589	0.02092	0.07643	0.60216	0.13494	0.02383	0.00999	0.00312	0.00449	0.02141	0.00742	0.00652
4	0.02110	0.09250	0.08674	0.05089	0.02657	0.11876	0.08827	0.08175	0.20747	0.02797	0.01951	0.02066	0.01499	0.00838	0.00746	0.00227	0.00937	0.00693	0.00548	0.10295
5	0.14275	0.02038	0.09530	0.02206	0.02848	0.01856	0.24538	0.10587	0.09414	0.03068	0.02057	0.07186	0.01741	0.00977	0.00825	0.00267	0.00967	0.04016	0.00547	0.01056
6	0.01688	0.01496	0.01629	0.01239	0.01854	0.04603	0.00978	0.02196	0.07201	0.02673	0.08141	0.02177	0.01909	0.00745	0.00648	0.00148	0.00613	0.00605	0.00536	0.58922
7	0.12352	0.02093	0.09189	0.05884	0.07459	0.05876	0.21791	0.05223	0.01836	0.06735	0.04309	0.02135	0.01473	0.01113	0.04707	0.00314	0.05244	0.00762	0.00476	0.01029
8	0.01489	0.01634	0.09542	0.01823	0.05385	0.05517	0.06746	0.04600	0.01569	0.02163	0.01900	0.02646	0.01677	0.04082	0.44457	0.00903	0.01787	0.00792	0.00426	0.00863
9	0.10272	0.01806	0.08500	0.01877	0.02340	0.04525	0.16109	0.04735	0.05622	0.02599	0.07748	0.09488	0.05820	0.01316	0.01183	0.07622	0.06028	0.00987	0.00529	0.00895
10	0.05354	0.11676	0.09949	0.01708	0.02398	0.06392	0.05266	0.17944	0.08265	0.03143	0.01651	0.01788	0.01274	0.00781	0.00693	0.00204	0.00865	0.00607	0.00542	0.19499
11	0.02072	0.01502	0.05165	0.01398	0.01864	0.01397	0.01162	0.09197	0.19193	0.16516	0.15999	0.07114	0.08113	0.01256	0.00837	0.00252	0.00614	0.01057	0.00805	0.04488

[dist]
# distance from previous block
# <min> <max>
1	3

[block]
# block no. 2 follows, 24 sequences, length 36
# corresponding to MSA columns:
# 88-123
name=unknown_C
#
# <colnr> <probs for GDERKNQSTAVLIFYWHMCP>
#	G	D	E	R	K	N	Q	S	T	A	V	L	I	F	Y	W	H	M	C	P
0	0.11858	0.23977	0.02688	0.01831	0.08795	0.09720	0.01394	0.10837	0.06054	0.02726	0.01844	0.01991	0.05295	0.00880	0.00745	0.00218	0.04162	0.00626	0.00493	0.03866
1	0.04658	0.06570	0.01709	0.04536	0.01864	0.01403	0.01053	0.07585	0.10389	0.12294	0.11869	0.09011	0.06906	0.06032	0.01006	0.00271	0.00632	0.01007	0.00698	0.10508
2	0.11439	0.26212	0.06731	0.05282	0.04489	0.12369	0.01406	0.06341	0.01906	0.02532	0.09249	0.02287	0.04977	0.00911	0.00668	0.00215	0.00867	0.00671	0.00482	0.00967
3	0.14255	0.01377	0.03520	0.01390	0.03655	0.01340	0.01090	0.06665	0.10411	0.16094	0.14839	0.07007	0.06606	0.04280	0.00943	0.00282	0.00621	0.03877	0.00751	0.01000
4	0.48092	0.07304	0.04793	0.01261	0.01811	0.01891	0.01105	0.11524	0.01844	0.07673	0.05095	0.01749	0.01397	0.00830	0.00594	0.00239	0.00687	0.00559	0.00569	0.00983
5	0.01248	0.00853	0.00948	0.00916	0.00965	0.00860	0.00545	0.04753	0.01331	0.01763	0.02733	0.05121	0.05896	0.64691	0.03702	0.00714	0.00757	0.01153	0.00511	0.00539
6	0.01185	0.00864	0.01164	0.01299	0.01471	0.00826	0.01057	0.01477	0.01742	0.02302	0.06543	0.26540	0.07362	0.02169	0.01034	0.00332	0.00618	0.36891	0.00725	0.04398
7	0.02809	0.05609	0.02155	0.01611	0.02177	0.01955	0.01334	0.33364	0.09443	0.20157	0.06091	0.02724	0.02088	0.01051	0.00802	0.00246	0.00762	0.03543	0.00819	0.01259
8	0.20035	0.01658	0.01796	0.01422	0.01999	0.04774	0.04227	0.09875	0.05474	0.11488	0.01870	0.05380	0.01493	0.00855	0.00673	0.00209	0.00713	0.00671	0.00605	0.24783
9	0.01059	0.00766	0.00869	0.00899	0.00990	0.00718	0.00575	0.01160	0.01459	0.01884	0.08072	0.17799	0.20908	0.36549	0.02474	0.00523	0.00591	0.01508	0.00618	0.00577
10	0.01257	0.00876	0.01126	0.01044	0.01260	0.00825	0.00789	0.01722	0.05427	0.05627	0.61178	0.05653	0.07020	0.01570	0.00924	0.00250	0.00398	0.01383	0.00874	0.00796
11	0.01793	0.01924	0.03563	0.05799	0.03276	0.02185	0.33348	0.02233	0.01563	0.02233	0.01342	0.01956	0.01124	0.00998	0.01679	0.00303	0.32520	0.00817	0.00375	0.00970
12	0.03011	0.02319	0.02371	0.01838	0.02459	0.06630	0.01509	0.60691	0.03635	0.04806	0.01861	0.01874	0.01328	0.00943	0.00788	0.00236	0.00908	0.00701	0.00769	0.01322
13	0.01153	0.00769	0.00865	0.00865	0.00865	0.00769	0.00480	0.01153	0.01153	0.01538	0.02499	0.05189	0.02883	0.72131	0.04036	0.00769	0.00769	0.01153	0.00480	0.00480
14	0.00966	0.00690	0.00920	0.01104	0.01150	0.00644	0.00736	0.01104	0.01518	0.02024	0.04371	0.71614	0.05245	0.02484	0.01012	0.00322	0.00460	0.02254	0.00736	0.00644
15	0.16726	0.02061	0.02268	0.05419	0.04822	0.15389	0.07424	0.04606	0.01650	0.02435	0.01322	0.01800	0.01133	0.01472	0.08202	0.00373	0.20920	0.00646	0.00419	0.00912
16	0.01981	0.01649	0.01763	0.01580	0.02005	0.01878	0.01226	0.11044	0.50985	0.03369	0.03201	0.10719	0.02617	0.01223	0.00829	0.00271	0.00638	0.01031	0.00797	0.01196
17	0.01114	0.00810	0.01048	0.00989	0.01179	0.00745	0.00742	0.01480	0.02225	0.03132	0.64075	0.06002	0.10203	0.01639	0.00935	0.00250	0.00375	0.01445	0.00867	0.00745
18	0.01872	0.02139	0.04679	0.03342	0.04144	0.02005	0.64305	0.02540	0.01872	0.02540	0.01604	0.02139	0.01203	0.00668	0.00936	0.00267	0.01337	0.00936	0.00401	0.01070
19	0.01714	0.01451	0.01682	0.01208	0.01909	0.01129	0.00969	0.05184	0.01751	0.02707	0.01435	0.01658	0.01183	0.00606	0.00598	0.00124	0.00602	0.00482	0.00486	0.73125
20	0.02728	0.03401	0.02404	0.04408	0.02608	0.56212	0.05040	0.02965	0.02099	0.01973	0.01234	0.01523	0.01035	0.00866	0.00922	0.00224	0.08476	0.00559	0.00400	0.00921
21	0.01906	0.01420	0.01719	0.04960	0.02103	0.01167	0.01057	0.02380	0.05744	0.11077	0.01747	0.01889	0.01349	0.00680	0.00639	0.00152	0.00627	0.00552	0.00551	0.58280
22	0.01144	0.00765	0.00867	0.00876	0.00878	0.00763	0.00493	0.01151	0.01170	0.01561	0.02587	0.08332	0.02995	0.68836	0.03893	0.00748	0.00754	0.01205	0.00493	0.00488
23	0.01720	0.01454	0.01685	0.01210	0.01911	0.01134	0.00971	0.05449	0.01759	0.02717	0.01437	0.01659	0.01184	0.00607	0.00599	0.00124	0.00603	0.00483	0.00488	0.72805
24	0.08486	0.02145	0.12514	0.03491	0.37850	0.01852	0.04394	0.02749	0.10517	0.05744	0.01765	0.02038	0.01374	0.00778	0.00764	0.00245	0.00907	0.00703	0.00476	0.01207
25	0.02006	0.56240	0.12689	0.05541	0.05201	0.02830	0.01664	0.02376	0.01627	0.01993	0.01180	0.01404	0.01028	0.00696	0.00570	0.00189	0.00908	0.00474	0.00342	0.01041
26	0.00976	0.00700	0.00911	0.01075	0.01129	0.00653	0.00714	0.01109	0.01509	0.01999	0.04427	0.64407	0.08025	0.06831	0.01198	0.00347	0.00477	0.02158	0.00720	0.00635
27	0.01015	0.00763	0.00891	0.00938	0.01075	0.00692	0.00644	0.01187	0.01667	0.02159	0.15194	0.26624	0.26683	0.15009	0.01531	0.00374	0.00483	0.01719	0.00711	0.00639
28	0.01305	0.01043	0.01458	0.05030	0.01757	0.01026	0.06004	0.07546	0.01913	0.02530	0.12573	0.30839	0.14826	0.04215	0.01055	0.00305	0.00605	0.04491	0.00703	0.00777
29	0.01975	0.06634	0.08786	0.09505	0.21439	0.08803	0.10054	0.05306	0.10454	0.02586	0.02043	0.02313	0.04869	0.00854	0.00790	0.00243	0.00995	0.00765	0.00474	0.01110
30	0.01179	0.00825	0.00969	0.00962	0.01161	0.00743	0.00703	0.01398	0.01802	0.05826	0.19606	0.13061	0.29769	0.12883	0.01431	0.00352	0.00494	0.05400	0.00740	0.00696
31	0.01225	0.01011	0.01080	0.01045	0.01270	0.04267	0.00776	0.04560	0.02061	0.02684	0.30993	0.16382	0.26084	0.01810	0.00930	0.00264	0.00475	0.01559	0.00779	0.00745
32	0.02140	0.08667	0.10322	0.05990	0.12173	0.15751	0.25137	0.05773	0.01978	0.02465	0.01456	0.01834	0.01137	0.00734	0.00801	0.00238	0.01206	0.00715	0.00407	0.01076
33	0.15889	0.25927	0.10477	0.01607	0.02239	0.16253	0.01496	0.08623	0.04311	0.04588	0.01383	0.01522	0.01101	0.00777	0.00624	0.00213	0.00954	0.00519	0.00460	0.01038
34	0.01927	0.01655	0.01829	0.05090	0.06477	0.08219	0.01238	0.06299	0.09676	0.06207	0.06297	0.02795	0.02066	0.09054	0.01215	0.00277	0.04541	0.02393	0.00571	0.22174
35	0.18067	0.07869	0.05067	0.01638	0.02148	0.22031	0.03529	0.10165	0.02113	0.09407	0.05284	0.05844	0.01724	0.00953	0.00709	0.00232	0.00944	0.00709	0.00565	0.01002

[dist]
# distance from previous block
# <min> <max>
0	5

[block]
# block no. 3 follows, 24 sequences, length 137
# corresponding to MSA columns:
# 130-266
name=unknown_D
#
# <colnr> <probs for GDERKNQSTAVLIFYWHMCP>
#	G	D	E	R	K	N	Q	S	T	A	V	L	I	F	Y	W	H	M	C	P
0	0.05728	0.22702	0.02763	0.01770	0.02285	0.32902	0.04299	0.05789	0.07281	0.02283	0.01678	0.01814	0.03847	0.00844	0.00678	0.00209	0.01092	0.00591	0.00457	0.00989
1	0.01906	0.04665	0.08448	0.02621	0.08217	0.01907	0.28551	0.06636	0.12890	0.02802	0.01965	0.02459	0.01559	0.00831	0.00838	0.00249	0.01025	0.03694	0.00509	0.08230
2	0.08375	0.14146	0.32331	0.01963	0.05067	0.09347	0.02063	0.02774	0.04531	0.10004	0.01602	0.01736	0.01177	0.00786	0.00697	0.00232	0.01014	0.00581	0.00454	0.01121
3	0.01663	0.01478	0.04165	0.04680	0.01930	0.04165	0.01172	0.02793	0.29487	0.04978	0.08243	0.16270	0.05140	0.06078	0.01077	0.00310	0.00661	0.04010	0.00721	0.00979
4	0.01175	0.00958	0.00985	0.00972	0.01221	0.03900	0.00732	0.01413	0.01903	0.04612	0.18144	0.12274	0.42566	0.01892	0.00934	0.00269	0.00473	0.04103	0.00755	0.00720
5	0.01957	0.01982	0.03081	0.13659	0.40814	0.07314	0.08842	0.02497	0.04459	0.02452	0.01523	0.01992	0.01242	0.00769	0.00876	0.00247	0.04031	0.00722	0.00404	0.01138
6	0.01706	0.05892	0.47344	0.02809	0.14744	0.01913	0.09545	0.02496	0.01717	0.02506	0.01444	0.01762	0.01071	0.00733	0.00771	0.00247	0.01138	0.00640	0.00352	0.01170
7	0.01294	0.00875	0.01074	0.00997	0.01236	0.00799	0.00751	0.01662	0.03945	0.07877	0.43751	0.05953	0.20480	0.04532	0.01048	0.00275	0.00427	0.01413	0.00832	0.00780
8	0.00966	0.00690	0.00920	0.01104	0.01150	0.00644	0.00736	0.01104	0.01518	0.02024	0.04371	0.71614	0.05245	0.02484	0.01012	0.00322	0.00460	0.02254	0.00736	0.00644
9	0.01437	0.01270	0.01760	0.21391	0.09823	0.04372	0.01431	0.01916	0.04578	0.02601	0.27208	0.09672	0.04127	0.01319	0.00876	0.00262	0.00715	0.03750	0.00629	0.00862
10	0.01154	0.00881	0.01315	0.01303	0.01439	0.01042	0.01017	0.01433	0.01272	0.01843	0.02086	0.03067	0.01949	0.05788	0.66665	0.01242	0.04524	0.00844	0.00422	0.00714
11	0.01662	0.06577	0.55077	0.02464	0.06206	0.01916	0.10150	0.02506	0.01701	0.02492	0.01434	0.01725	0.01040	0.00738	0.00766	0.00249	0.01168	0.00626	0.00345	0.01157
12	0.01430	0.01037	0.01288	0.01272	0.04419	0.01011	0.00912	0.02074	0.12264	0.07319	0.40120	0.05322	0.15386	0.01510	0.00899	0.00255	0.00465	0.01310	0.00826	0.00880
13	0.77733	0.01534	0.01166	0.01043	0.01534	0.01779	0.00859	0.02331	0.01350	0.03558	0.01104	0.01288	0.00859	0.00736	0.00491	0.00245	0.00613	0.00429	0.00491	0.00859
14	0.01153	0.00769	0.00865	0.00865	0.00865	0.00769	0.00480	0.01153	0.01153	0.01538	0.02499	0.05189	0.02883	0.72131	0.04036	0.00769	0.00769	0.01153	0.00480	0.00480
15	0.00966	0.00690	0.00920	0.01104	0.01150	0.00644	0.00736	0.01104	0.01518	0.02024	0.04371	0.71614	0.05245	0.02484	0.01012	0.00322	0.00460	0.02254	0.00736	0.00644
16	0.01110	0.00810	0.01043	0.00985	0.01177	0.00743	0.00738	0.01473	0.02215	0.03111	0.62846	0.06037	0.11445	0.01647	0.00935	0.00251	0.00376	0.01450	0.00864	0.00743
17	0.01478	0.00739	0.00739	0.00739	0.00924	0.00739	0.00554	0.01848	0.01663	0.02956	0.02587	0.02956	0.02033	0.00924	0.00554	0.00185	0.00370	0.00739	0.76534	0.00739
18	0.01661	0.00983	0.01213	0.01088	0.01399	0.00900	0.00838	0.02097	0.06490	0.16992	0.31533	0.08232	0.20278	0.01575	0.00900	0.00257	0.00468	0.01351	0.00853	0.00891
19	0.03454	0.01327	0.01807	0.01393	0.01988	0.01148	0.01148	0.03764	0.02269	0.64981	0.05842	0.02837	0.02198	0.01009	0.00803	0.00246	0.00662	0.00825	0.00977	0.01324
20	0.00937	0.00803	0.00803	0.00803	0.01071	0.00669	0.00602	0.01138	0.01807	0.02142	0.08033	0.07632	0.66863	0.02008	0.00937	0.00268	0.00402	0.01674	0.00736	0.00669
21	0.77733	0.01534	0.01166	0.01043	0.01534	0.01779	0.00859	0.02331	0.01350	0.03558	0.01104	0.01288	0.00859	0.00736	0.00491	0.00245	0.00613	0.00429	0.00491	0.00859
22	0.01054	0.00802	0.00903	0.00908	0.01134	0.00695	0.00669	0.01282	0.01860	0.04231	0.18829	0.17501	0.43355	0.01979	0.00945	0.00272	0.00414	0.01695	0.00770	0.00701
23	0.00997	0.00713	0.00951	0.01104	0.01173	0.00667	0.00757	0.01173	0.01621	0.02183	0.12258	0.61018	0.05503	0.02364	0.01005	0.00314	0.00459	0.04324	0.00753	0.00660
24	0.01133	0.00850	0.01274	0.01274	0.01416	0.00991	0.00991	0.01416	0.01274	0.01841	0.02124	0.03115	0.01982	0.05947	0.68989	0.01274	0.02124	0.00850	0.00425	0.00708
25	0.00951	0.00797	0.00827	0.00833	0.01083	0.00673	0.00620	0.01160	0.01820	0.02205	0.11744	0.11174	0.59378	0.02010	0.00941	0.00270	0.00403	0.01691	0.00745	0.00673
26	0.01074	0.00788	0.00979	0.00969	0.01128	0.00723	0.00695	0.01348	0.01956	0.02677	0.41815	0.15595	0.15842	0.09339	0.01278	0.00318	0.00433	0.01560	0.00790	0.00692
27	0.00978	0.00695	0.00917	0.01089	0.01132	0.00652	0.00720	0.01107	0.01495	0.01994	0.04252	0.67416	0.05095	0.06886	0.01203	0.00350	0.00480	0.02185	0.00720	0.00634
28	0.01253	0.00897	0.01243	0.01387	0.01570	0.00887	0.01194	0.01620	0.01892	0.02501	0.14096	0.08467	0.05025	0.02101	0.01070	0.00347	0.00674	0.52290	0.00753	0.00733
29	0.01644	0.01409	0.01644	0.01175	0.01879	0.01057	0.00940	0.01997	0.01644	0.02584	0.01409	0.01644	0.01175	0.00587	0.00587	0.00117	0.00587	0.00470	0.00470	0.76979
30	0.01013	0.00783	0.00929	0.01012	0.01165	0.00719	0.00713	0.01283	0.04447	0.02219	0.10863	0.40760	0.26842	0.02185	0.00971	0.00295	0.00440	0.01924	0.00751	0.00688
31	0.01223	0.00844	0.01026	0.00960	0.01203	0.00750	0.00727	0.01534	0.02100	0.07141	0.42848	0.06280	0.27001	0.01708	0.00927	0.00255	0.00403	0.01472	0.00834	0.00762
32	0.77733	0.01534	0.01166	0.01043	0.01534	0.01779	0.00859	0.02331	0.01350	0.03558	0.01104	0.01288	0.00859	0.00736	0.00491	0.00245	0.00613	0.00429	0.00491	0.00859
33	0.01172	0.00805	0.00948	0.00985	0.01028	0.00800	0.00609	0.03867	0.01385	0.01847	0.03090	0.26958	0.03596	0.46093	0.02899	0.00599	0.00671	0.01497	0.00578	0.00572
34	0.01333	0.00818	0.00869	0.00854	0.00994	0.00809	0.00581	0.04088	0.01575	0.02380	0.03296	0.07138	0.10740	0.27199	0.01907	0.00417	0.00545	0.01071	0.32730	0.00657
35	0.01052	0.00734	0.00928	0.01032	0.01080	0.00704	0.00676	0.01173	0.01469	0.01972	0.08705	0.42292	0.04627	0.25050	0.01993	0.00463	0.00564	0.04220	0.00664	0.00603
36	0.03538	0.01381	0.01860	0.01426	0.02040	0.01213	0.01178	0.06077	0.02323	0.65446	0.03084	0.02670	0.01941	0.00980	0.00797	0.00245	0.00682	0.00794	0.00975	0.01349
37	0.01575	0.00833	0.00843	0.00808	0.01021	0.00848	0.00615	0.05810	0.01794	0.03085	0.02544	0.02890	0.01989	0.00926	0.00569	0.00188	0.00401	0.00738	0.71747	0.00778
38	0.01478	0.00739	0.00739	0.00739	0.00924	0.00739	0.00554	0.01848	0.01663	0.02956	0.02587	0.02956	0.02033	0.00924	0.00554	0.00185	0.00370	0.00739	0.76534	0.00739
39	0.01498	0.01409	0.02378	0.70226	0.05462	0.01762	0.02202	0.02026	0.01586	0.02026	0.01409	0.02114	0.01057	0.00793	0.00793	0.00264	0.01057	0.00705	0.00352	0.00881
40	0.01478	0.00739	0.00739	0.00739	0.00924	0.00739	0.00554	0.01848	0.01663	0.02956	0.02587	0.02956	0.02033	0.00924	0.00554	0.00185	0.00370	0.00739	0.76534	0.00739
41	0.01437	0.00748	0.00782	0.00782	0.00953	0.00758	0.00579	0.01779	0.01608	0.02801	0.02551	0.03095	0.02078	0.05329	0.05321	0.00291	0.00509	0.00770	0.67107	0.00722
42	0.73411	0.05596	0.01336	0.01061	0.01562	0.01857	0.00887	0.02333	0.01364	0.03461	0.01104	0.01287	0.00868	0.00733	0.00492	0.00241	0.00627	0.00429	0.00482	0.00868
43	0.02804	0.03506	0.02306	0.02168	0.05205	0.59815	0.01590	0.03017	0.02131	0.01966	0.01220	0.01482	0.01033	0.00866	0.00895	0.00219	0.07910	0.00536	0.00402	0.00929
44	0.01478	0.00739	0.00739	0.00739	0.00924	0.00739	0.00554	0.01848	0.01663	0.02956	0.02587	0.02956	0.02033	0.00924	0.00554	0.00185	0.00370	0.00739	0.76534	0.00739
45	0.77733	0.01534	0.01166	0.01043	0.01534	0.01779	0.00859	0.02331	0.01350	0.03558	0.01104	0.01288	0.00859	0.00736	0.00491	0.00245	0.00613	0.00429	0.00491	0.00859
46	0.77733	0.01534	0.01166	0.01043	0.01534	0.01779	0.00859	0.02331	0.01350	0.03558	0.01104	0.01288	0.00859	0.00736	0.00491	0.00245	0.00613	0.00429	0.00491	0.00859
47	0.01746	0.01671	0.02738	0.23549	0.33831	0.01912	0.02172	0.02170	0.01606	0.02263	0.01410	0.02014	0.01188	0.01086	0.04063	0.00310	0.14139	0.00710	0.00373	0.01048
48	0.01278	0.00913	0.01278	0.01460	0.01643	0.00913	0.01278	0.01643	0.01825	0.02373	0.04199	0.08945	0.04564	0.02191	0.01095	0.00365	0.00730	0.61847	0.00730	0.00730
49	0.01224	0.01008	0.01693	0.01528	0.01751	0.01116	0.08768	0.01554	0.01348	0.01927	0.02060	0.02995	0.01887	0.05299	0.60630	0.01151	0.02027	0.00860	0.00422	0.00752
50	0.01872	0.02139	0.04679	0.03342	0.04144	0.02005	0.64305	0.02540	0.01872	0.02540	0.01604	0.02139	0.01203	0.00668	0.00936	0.00267	0.01337	0.00936	0.00401	0.01070
51	0.01895	0.02137	0.11208	0.07598	0.56402	0.01873	0.02484	0.02424	0.01779	0.02554	0.01479	0.01934	0.01216	0.00716	0.00781	0.00239	0.00976	0.00692	0.00384	0.01228
52	0.01872	0.02139	0.04679	0.03342	0.04144	0.02005	0.64305	0.02540	0.01872	0.02540	0.01604	0.02139	0.01203	0.00668	0.00936	0.00267	0.01337	0.00936	0.00401	0.01070
53	0.02147	0.06267	0.02036	0.01631	0.02123	0.02123	0.01302	0.13684	0.51842	0.03492	0.02883	0.02684	0.02162	0.01031	0.00786	0.00258	0.00680	0.00838	0.00775	0.01255
54	0.02423	0.02083	0.05591	0.07831	0.11744	0.02100	0.05277	0.35094	0.05810	0.03837	0.01779	0.01955	0.01321	0.00848	0.00778	0.00231	0.00897	0.00702	0.00625	0.09075
55	0.07181	0.06810	0.02398	0.04432	0.05249	0.05420	0.01489	0.42044	0.03052	0.11401	0.01874	0.01904	0.01337	0.00902	0.00753	0.00234	0.00870	0.00677	0.00715	0.01257
56	0.01126	0.00948	0.00994	0.00957	0.01244	0.00888	0.00725	0.01675	0.12085	0.02461	0.14671	0.06669	0.49074	0.01810	0.00916	0.00266	0.00434	0.01519	0.00765	0.00773
57	0.02221	0.08462	0.02443	0.01955	0.02174	0.27515	0.01582	0.02420	0.01654	0.01956	0.01174	0.01627	0.01069	0.01095	0.01636	0.00272	0.36011	0.00604	0.03235	0.00895
58	0.01532	0.00888	0.01025	0.01109	0.05456	0.00904	0.00758	0.04455	0.01767	0.02959	0.06124	0.03026	0.02260	0.01268	0.04927	0.00263	0.00540	0.00783	0.59157	0.00798
59	0.01587	0.01414	0.02259	0.23290	0.14433	0.01599	0.05648	0.04563	0.01651	0.02259	0.02132	0.13100	0.04067	0.01291	0.01212	0.05392	0.09546	0.00993	0.02673	0.00893
60	0.01498	0.01409	0.02378	0.70226	0.05462	0.01762	0.02202	0.02026	0.01586	0.02026	0.01409	0.02114	0.01057	0.00793	0.00793	0.00264	0.01057	0.00705	0.00352	0.00881
61	0.01493	0.01382	0.02328	0.67623	0.05295	0.01721	0.02145	0.01989	0.01565	0.02002	0.01408	0.02125	0.01069	0.00867	0.00880	0.03147	0.01043	0.00704	0.00352	0.00861
62	0.25527	0.01705	0.01678	0.01434	0.01912	0.01935	0.01143	0.18482	0.25116	0.03729	0.04675	0.02391	0.01887	0.04043	0.00851	0.00275	0.00681	0.00739	0.00694	0.01103
63	0.01004	0.00712	0.00903	0.01040	0.01087	0.00671	0.00676	0.01116	0.01455	0.01928	0.04148	0.54749	0.07604	0.17039	0.01642	0.00413	0.00522	0.01997	0.00683	0.00611
64	0.01134	0.00845	0.01251	0.01251	0.01385	0.00979	0.00962	0.01401	0.01267	0.01824	0.02145	0.03234	0.02034	0.09730	0.65277	0.01246	0.02047	0.00867	0.00428	0.00695
65	0.06154	0.00803	0.01095	0.05629	0.01357	0.00836	0.00783	0.01251	0.01212	0.01761	0.04002	0.08575	0.02014	0.08026	0.02488	0.48044	0.00670	0.00872	0.03945	0.00481
66	0.05079	0.01592	0.01882	0.01486	0.02036	0.01606	0.01209	0.22645	0.07628	0.33859	0.05392	0.02663	0.02046	0.03433	0.00897	0.00261	0.00711	0.00806	0.03518	0.01251
67	0.02210	0.01462	0.01674	0.01473	0.01908	0.01567	0.01150	0.03655	0.39840	0.18985	0.08237	0.08917	0.02940	0.01214	0.00832	0.00266	0.00605	0.01029	0.00849	0.01187
68	0.01102	0.00737	0.00910	0.00972	0.01000	0.00717	0.00605	0.01148	0.01344	0.01803	0.07144	0.28802	0.03902	0.37356	0.02685	0.06485	0.00627	0.01529	0.00586	0.00545
69	0.07544	0.00897	0.01070	0.01049	0.01262	0.00849	0.00769	0.01645	0.01792	0.09723	0.20971	0.22003	0.13352	0.09771	0.01261	0.00333	0.00510	0.03693	0.00751	0.00756
70	0.01536	0.01308	0.01373	0.01270	0.01625	0.01409	0.00971	0.02883	0.37739	0.02823	0.07657	0.04833	0.25504	0.04279	0.00988	0.00288	0.00542	0.01206	0.00772	0.00994
71	0.01972	0.01703	0.01793	0.01614	0.02062	0.01972	0.01255	0.04214	0.65752	0.03317	0.03228	0.02959	0.02421	0.01076	0.00807	0.00269	0.00628	0.00897	0.00807	0.01255
72	0.01273	0.00831	0.01020	0.01008	0.01226	0.00737	0.00742	0.01518	0.01904	0.09246	0.23848	0.24572	0.25265	0.01921	0.00943	0.00275	0.00438	0.01675	0.00802	0.00756
73	0.01010	0.00785	0.00869	0.00882	0.01086	0.00689	0.00640	0.01230	0.01808	0.02320	0.18123	0.15735	0.41027	0.05966	0.01109	0.00297	0.00424	0.01642	0.03688	0.00673
74	0.00940	0.00794	0.00813	0.00829	0.01078	0.00667	0.00614	0.01135	0.01783	0.02132	0.07724	0.13042	0.61653	0.02049	0.00944	0.00272	0.00407	0.01723	0.00736	0.00667
75	0.00997	0.00703	0.00911	0.01065	0.01104	0.00664	0.00695	0.01112	0.01459	0.01945	0.04067	0.60824	0.04861	0.13798	0.01503	0.00395	0.00510	0.02075	0.00695	0.00618
76	0.03426	0.01358	0.01816	0.01400	0.02000	0.01192	0.01154	0.05976	0.02304	0.62633	0.03293	0.02880	0.04708	0.01024	0.00803	0.00246	0.00670	0.00832	0.00964	0.01320
77	0.77733	0.01534	0.01166	0.01043	0.01534	0.01779	0.00859	0.02331	0.01350	0.03558	0.01104	0.01288	0.00859	0.00736	0.00491	0.00245	0.00613	0.00429	0.00491	0.00859
78	0.02962	0.03779	0.02247	0.02043	0.02451	0.68948	0.01532	0.03166	0.02247	0.01941	0.01226	0.01430	0.01021	0.00817	0.00715	0.00204	0.01430	0.00511	0.00409	0.00919
79	0.01210	0.00894	0.01005	0.00950	0.01224	0.00805	0.00721	0.01600	0.06011	0.06288	0.25724	0.06523	0.40605	0.01770	0.00920	0.00261	0.00423	0.01500	0.00797	0.00770
80	0.01478	0.00739	0.00739	0.00739	0.00924	0.00739	0.00554	0.01848	0.01663	0.02956	0.02587	0.02956	0.02033	0.00924	0.00554	0.00185	0.00370	0.00739	0.76534	0.00739
81	0.01265	0.00903	0.01263	0.01446	0.01622	0.00902	0.01255	0.01620	0.01813	0.02359	0.04206	0.11559	0.04592	0.02203	0.01092	0.00363	0.00719	0.59361	0.00730	0.00727
82	0.01153	0.00769	0.00865	0.00865	0.00865	0.00769	0.00480	0.01153	0.01153	0.01538	0.02499	0.05189	0.02883	0.72131	0.04036	0.00769	0.00769	0.01153	0.00480	0.00480
83	0.01351	0.01183	0.01958	0.23166	0.07894	0.01277	0.07670	0.01688	0.01540	0.02051	0.02517	0.20744	0.02635	0.12071	0.05902	0.00423	0.00938	0.03704	0.00498	0.00792
84	0.03012	0.02284	0.02375	0.01833	0.02459	0.05125	0.01508	0.62080	0.03669	0.04875	0.01877	0.01885	0.01335	0.00947	0.00790	0.00237	0.00895	0.00706	0.00778	0.01331
85	0.02919	0.03609	0.02232	0.02013	0.02434	0.62695	0.01518	0.06124	0.05258	0.02149	0.01351	0.01523	0.01102	0.00836	0.00723	0.00209	0.01366	0.00538	0.00445	0.00955
86	0.01997	0.09932	0.18901	0.02441	0.08467	0.04966	0.15183	0.05359	0.12719	0.04863	0.01785	0.02012	0.01361	0.00839	0.00903	0.00251	0.05682	0.00723	0.00479	0.01138
87	0.05154	0.07390	0.02007	0.05809	0.02143	0.04783	0.01258	0.12063	0.02102	0.25809	0.02335	0.06357	0.01836	0.04278	0.09727	0.00397	0.03966	0.00820	0.00685	0.01079
88	0.01269	0.00980	0.01156	0.01214	0.01375	0.01021	0.00865	0.01946	0.17991	0.02318	0.03961	0.38166	0.06676	0.11543	0.01373	0.00370	0.00561	0.05710	0.00719	0.00786
89	0.08427	0.06068	0.02776	0.03339	0.36193	0.06806	0.01926	0.12528	0.06113	0.02986	0.01575	0.01874	0.01272	0.00807	0.00821	0.00238	0.03913	0.00666	0.00487	0.01184
90	0.07884	0.07509	0.13584	0.01650	0.07047	0.01395	0.01420	0.02098	0.04328	0.05215	0.27998	0.04151	0.04057	0.01255	0.00825	0.00254	0.00677	0.07069	0.00650	0.00935
91	0.09010	0.02131	0.02136	0.01713	0.02287	0.07007	0.01390	0.40803	0.13787	0.08564	0.02094	0.02050	0.01507	0.00947	0.00765	0.00242	0.00837	0.00712	0.00756	0.01262
92	0.01131	0.00821	0.01072	0.01038	0.01228	0.00762	0.00797	0.01496	0.02182	0.03051	0.57719	0.06312	0.09709	0.01697	0.00952	0.00262	0.00413	0.07762	0.00852	0.00743
93	0.02137	0.27953	0.13919	0.07934	0.08709	0.11815	0.01828	0.09010	0.01961	0.02419	0.01467	0.01928	0.01245	0.00824	0.00687	0.00219	0.01008	0.03455	0.00421	0.01061
94	0.02110	0.10865	0.05805	0.10429	0.08131	0.11224	0.26379	0.08141	0.04490	0.02571	0.01545	0.01917	0.01196	0.00751	0.00803	0.00241	0.01155	0.00740	0.00437	0.01071
95	0.20435	0.01893	0.01957	0.01550	0.02129	0.02073	0.01275	0.38832	0.05099	0.11380	0.02129	0.02101	0.03818	0.00949	0.00729	0.00243	0.00764	0.00699	0.00741	0.01205
96	0.01822	0.01462	0.01823	0.01444	0.03852	0.01254	0.03630	0.10114	0.01992	0.05177	0.07100	0.06518	0.02004	0.00860	0.00697	0.00171	0.00643	0.00731	0.00574	0.48132
97	0.07834	0.01660	0.09202	0.04077	0.02027	0.04457	0.04832	0.08743	0.05094	0.02991	0.25349	0.09126	0.03822	0.01371	0.00984	0.05101	0.00708	0.01073	0.00655	0.00892
98	0.11153	0.03200	0.43010	0.04669	0.04828	0.04606	0.04990	0.02466	0.01658	0.05155	0.01521	0.01924	0.01162	0.05271	0.00939	0.00282	0.01065	0.00631	0.00398	0.01073
99	0.00992	0.00734	0.00899	0.01002	0.01105	0.00672	0.00680	0.01149	0.01605	0.02094	0.10131	0.44611	0.19190	0.09703	0.01310	0.00351	0.00473	0.01938	0.00720	0.00641
100	0.06841	0.05870	0.02275	0.04630	0.09307	0.37195	0.01536	0.06950	0.10530	0.02486	0.01793	0.01945	0.03548	0.00878	0.00728	0.00224	0.01115	0.00635	0.00495	0.01018
101	0.11042	0.06160	0.02244	0.07317	0.07944	0.38196	0.01537	0.03030	0.10790	0.02371	0.01519	0.01715	0.01218	0.00826	0.00704	0.00223	0.01130	0.00582	0.00464	0.00989
102	0.02204	0.01508	0.01693	0.01459	0.01914	0.01615	0.01151	0.08673	0.35858	0.16285	0.10137	0.03515	0.08102	0.01181	0.00828	0.00259	0.00612	0.00982	0.00842	0.01180
103	0.00989	0.00758	0.00912	0.01004	0.01156	0.00681	0.00722	0.01187	0.01712	0.02192	0.11138	0.37398	0.28857	0.02209	0.00983	0.00298	0.00448	0.05940	0.00748	0.00668
104	0.13777	0.23642	0.10485	0.02002	0.10383	0.07945	0.01633	0.12666	0.05666	0.02888	0.01451	0.01620	0.01156	0.00778	0.00650	0.00219	0.00902	0.00561	0.00475	0.01100
105	0.02854	0.12598	0.02492	0.01955	0.02398	0.60516	0.01510	0.03065	0.02166	0.01931	0.01210	0.01410	0.01021	0.00799	0.00689	0.00200	0.01355	0.00500	0.00400	0.00932
106	0.01007	0.00771	0.00914	0.00968	0.01133	0.00692	0.00696	0.01220	0.01771	0.02290	0.18007	0.27716	0.29859	0.05368	0.01112	0.00309	0.00446	0.04298	0.00751	0.00671
107	0.01947	0.02264	0.07145	0.05527	0.08988	0.13097	0.19666	0.02369	0.01695	0.02244	0.01421	0.01936	0.01180	0.01105	0.03781	0.00307	0.19954	0.00735	0.03661	0.00979
108	0.09137	0.01625	0.01793	0.01734	0.06985	0.01796	0.01255	0.10880	0.35721	0.06339	0.03215	0.05765	0.08071	0.01138	0.00794	0.00261	0.00655	0.00937	0.00742	0.01156
109	0.01136	0.00807	0.01074	0.01080	0.01153	0.00877	0.00747	0.01284	0.01227	0.01707	0.02374	0.06415	0.02509	0.36326	0.36733	0.01009	0.01443	0.01038	0.00461	0.00601
110	0.00978	0.00710	0.00923	0.01070	0.01147	0.00656	0.00726	0.01142	0.01607	0.02138	0.10266	0.60489	0.10486	0.02368	0.00999	0.00311	0.00448	0.02133	0.00748	0.00656
111	0.02496	0.04829	0.02187	0.01846	0.05254	0.09515	0.01412	0.25834	0.25421	0.06265	0.05006	0.02406	0.01959	0.00988	0.00784	0.00243	0.00820	0.00778	0.00730	0.01226
112	0.03006	0.01928	0.02058	0.01639	0.02214	0.07077	0.01330	0.28739	0.11079	0.26540	0.02631	0.02450	0.03580	0.00999	0.00795	0.00243	0.00801	0.00779	0.00830	0.01284
113	0.01070	0.00801	0.00992	0.00961	0.01157	0.00723	0.00714	0.01389	0.02097	0.02867	0.49281	0.10695	0.20801	0.01767	0.00941	0.00258	0.00386	0.01543	0.00833	0.00723
114	0.01664	0.01400	0.01631	0.01201	0.01858	0.01096	0.00953	0.04901	0.01735	0.02661	0.01631	0.06327	0.01454	0.00731	0.00625	0.00137	0.00592	0.00600	0.00503	0.68300
115	0.01820	0.02215	0.10593	0.03453	0.17339	0.01899	0.41976	0.02447	0.01821	0.02524	0.01691	0.05301	0.01383	0.00770	0.00889	0.00262	0.01195	0.00913	0.00408	0.01100
116	0.01862	0.02207	0.06884	0.03305	0.04120	0.02000	0.62168	0.02539	0.01865	0.02539	0.01598	0.02123	0.01196	0.00671	0.00929	0.00267	0.01331	0.00924	0.00399	0.01073
117	0.01025	0.00805	0.00917	0.00906	0.01124	0.00709	0.00676	0.01282	0.01927	0.02490	0.28422	0.08757	0.39189	0.04881	0.01076	0.00287	0.00420	0.03642	0.00774	0.00691
118	0.02247	0.26701	0.11601	0.01881	0.02494	0.19894	0.06371	0.06551	0.04332	0.02275	0.01377	0.01625	0.01140	0.00980	0.03160	0.00253	0.05108	0.00573	0.00411	0.01026
119	0.02104	0.12480	0.02948	0.02134	0.05190	0.04964	0.15173	0.14122	0.14026	0.02888	0.01887	0.02210	0.01516	0.03319	0.05862	0.00336	0.06444	0.00766	0.00540	0.01091
120	0.01122	0.00811	0.01060	0.00998	0.01185	0.00748	0.00748	0.01496	0.02245	0.03180	0.66766	0.05923	0.07482	0.01621	0.00935	0.00249	0.00374	0.01434	0.00873	0.00748
121	0.01129	0.00836	0.01133	0.01204	0.04305	0.00780	0.00826	0.01458	0.02070	0.02908	0.50472	0.19633	0.06714	0.01760	0.00944	0.00264	0.00419	0.01573	0.00821	0.00750
122	0.02687	0.06462	0.04564	0.01919	0.02366	0.46911	0.01531	0.10928	0.02320	0.02383	0.01698	0.02082	0.03647	0.00954	0.00808	0.00223	0.03621	0.03451	0.00478	0.00969
123	0.01624	0.08432	0.63986	0.02203	0.03344	0.01924	0.02830	0.02503	0.01670	0.02470	0.01403	0.01649	0.01005	0.00749	0.00738	0.00246	0.01151	0.00576	0.00335	0.01162
124	0.03014	0.02221	0.02380	0.01825	0.02459	0.02459	0.01507	0.64541	0.03728	0.04998	0.01904	0.01904	0.01349	0.00952	0.00793	0.00238	0.00873	0.00714	0.00793	0.01349
125	0.01706	0.04794	0.01657	0.03895	0.01754	0.09952	0.01090	0.10471	0.01755	0.02249	0.02097	0.07597	0.02078	0.18802	0.23111	0.00689	0.04091	0.00919	0.00498	0.00796
126	0.01585	0.01359	0.04353	0.18009	0.16553	0.01334	0.01576	0.02078	0.04611	0.06912	0.19353	0.12970	0.03511	0.01256	0.00859	0.00261	0.00727	0.01127	0.00614	0.00951
127	0.01938	0.01595	0.01722	0.01525	0.01974	0.01779	0.01188	0.03827	0.53845	0.05682	0.08579	0.03121	0.02760	0.01088	0.00804	0.00257	0.00605	0.00912	0.00798	0.06001
128	0.01038	0.00787	0.00957	0.00957	0.01144	0.00706	0.00702	0.01318	0.01983	0.02659	0.37800	0.18051	0.25228	0.01892	0.00949	0.00268	0.00398	0.01652	0.00807	0.00706
129	0.02028	0.39681	0.14149	0.02045	0.02815	0.06807	0.17577	0.02488	0.01727	0.02142	0.01288	0.01565	0.01063	0.00696	0.00668	0.00209	0.01059	0.00585	0.00359	0.01049
130	0.01898	0.03276	0.41640	0.02553	0.12110	0.04753	0.05357	0.05632	0.07309	0.05493	0.01682	0.01890	0.01228	0.00792	0.00773	0.00248	0.01077	0.00657	0.00439	0.01191
131	0.01114	0.00817	0.01049	0.01009	0.01204	0.00751	0.00769	0.01470	0.02173	0.03022	0.56687	0.06297	0.13256	0.01698	0.00946	0.00259	0.00401	0.05490	0.00850	0.00739
132	0.07361	0.02051	0.04860	0.02065	0.10538	0.09262	0.01493	0.08388	0.32261	0.09643	0.02451	0.02387	0.01822	0.00944	0.00769	0.00250	0.00803	0.00761	0.00685	0.01205
133	0.05338	0.01967	0.04056	0.17737	0.14066	0.13510	0.01676	0.08087	0.03771	0.06952	0.01988	0.02301	0.04014	0.01096	0.03685	0.00281	0.00996	0.00717	0.06747	0.01016
134	0.02869	0.03383	0.02282	0.02014	0.02422	0.53733	0.01545	0.12063	0.02380	0.02386	0.01310	0.01525	0.01071	0.00884	0.00882	0.00221	0.07038	0.00556	0.00460	0.00978
135	0.00971	0.00705	0.00917	0.01075	0.01145	0.00651	0.00726	0.01124	0.01573	0.02084	0.07376	0.63531	0.10383	0.02408	0.01003	0.00314	0.00452	0.02171	0.00742	0.00651
136	0.02229	0.31160	0.03070	0.01829	0.05023	0.19103	0.05436	0.05516	0.06228	0.02314	0.05689	0.02271	0.01761	0.00899	0.00693	0.00213	0.00979	0.04110	0.00471	0.01004

[dist]
# distance from previous block
# <min> <max>
0	2

[block]
# block no. 4 follows, 24 sequences, length 43
# corresponding to MSA columns:
# 269-311
name=unknown_E
#
# <colnr> <probs for GDERKNQSTAVLIFYWHMCP>
#	G	D	E	R	K	N	Q	S	T	A	V	L	I	F	Y	W	H	M	C	P
0	0.72142	0.06789	0.01387	0.01066	0.01571	0.01879	0.00896	0.02334	0.01369	0.03433	0.01104	0.01287	0.00871	0.00732	0.00492	0.00240	0.00631	0.00429	0.00480	0.00871
1	0.01777	0.01545	0.01778	0.08265	0.02236	0.04102	0.01174	0.09099	0.04997	0.02677	0.01999	0.05047	0.04492	0.04176	0.00965	0.00216	0.05044	0.00716	0.00525	0.39171
2	0.01668	0.01542	0.02728	0.02335	0.07694	0.01506	0.25391	0.09782	0.01926	0.02604	0.02614	0.25141	0.02689	0.07127	0.01184	0.00320	0.00913	0.01340	0.00566	0.00932
3	0.00969	0.00704	0.00915	0.01074	0.01144	0.00650	0.00725	0.01120	0.01568	0.02073	0.06771	0.63856	0.10680	0.02414	0.01003	0.00315	0.00452	0.02176	0.00741	0.00650
4	0.77733	0.01534	0.01166	0.01043	0.01534	0.01779	0.00859	0.02331	0.01350	0.03558	0.01104	0.01288	0.00859	0.00736	0.00491	0.00245	0.00613	0.00429	0.00491	0.00859
5	0.10569	0.01845	0.06931	0.15134	0.16859	0.01829	0.01776	0.08779	0.14409	0.11039	0.02009	0.02175	0.01480	0.00859	0.00758	0.00251	0.00842	0.00716	0.00584	0.01156
6	0.01886	0.09751	0.33909	0.02406	0.10645	0.04632	0.07320	0.06040	0.01856	0.05539	0.01756	0.07510	0.01465	0.00901	0.00773	0.00246	0.01039	0.00765	0.00440	0.01123
7	0.00937	0.00803	0.00803	0.00803	0.01071	0.00669	0.00602	0.01138	0.01807	0.02142	0.08033	0.07632	0.66863	0.02008	0.00937	0.00268	0.00402	0.01674	0.00736	0.00669
8	0.01875	0.02128	0.04618	0.03406	0.06778	0.02000	0.61720	0.02536	0.01869	0.02542	0.01600	0.02132	0.01205	0.00670	0.00930	0.00266	0.01320	0.00926	0.00401	0.01077
9	0.07054	0.02288	0.08088	0.15245	0.08419	0.12846	0.15639	0.09953	0.02049	0.05410	0.01662	0.04745	0.01326	0.00852	0.00798	0.00249	0.01089	0.00765	0.00478	0.01046
10	0.24142	0.01738	0.02437	0.15879	0.06045	0.01869	0.13378	0.12789	0.01982	0.06904	0.01543	0.01849	0.01143	0.00777	0.00723	0.00246	0.00902	0.00665	0.00519	0.04470
11	0.01068	0.00759	0.00887	0.00927	0.01000	0.00720	0.00590	0.01171	0.01455	0.01915	0.10016	0.22208	0.14342	0.36600	0.02481	0.00526	0.00594	0.01539	0.00623	0.00578
12	0.04866	0.05711	0.17144	0.17836	0.16331	0.12332	0.02142	0.02484	0.01744	0.04847	0.01415	0.01805	0.01105	0.00814	0.00880	0.00247	0.06224	0.00628	0.00394	0.01050
13	0.51792	0.07957	0.05124	0.06304	0.02042	0.01870	0.01154	0.04891	0.01558	0.06219	0.01282	0.01473	0.00979	0.00750	0.00559	0.00235	0.00708	0.00488	0.00493	0.04121
14	0.02097	0.01667	0.02105	0.05603	0.02405	0.01713	0.05929	0.10340	0.22788	0.08846	0.02208	0.02265	0.01659	0.00884	0.00845	0.00224	0.04399	0.00727	0.00645	0.22650
15	0.01013	0.00720	0.00949	0.01089	0.01155	0.00678	0.00742	0.01179	0.01592	0.02142	0.11716	0.55993	0.05307	0.07585	0.01233	0.00349	0.00485	0.04694	0.00733	0.00648
16	0.05164	0.16713	0.04918	0.01778	0.07075	0.07840	0.01416	0.10127	0.04574	0.04376	0.05225	0.03240	0.05758	0.01490	0.05909	0.00323	0.04142	0.08395	0.00552	0.00989
17	0.05754	0.01511	0.01842	0.04715	0.06886	0.01365	0.01185	0.07959	0.01811	0.02784	0.01564	0.04860	0.01353	0.00770	0.00736	0.00171	0.03820	0.00610	0.00497	0.49809
18	0.06344	0.01395	0.01784	0.01407	0.01976	0.01295	0.01151	0.06140	0.08271	0.52736	0.06672	0.02818	0.02253	0.01016	0.00793	0.00248	0.00658	0.00825	0.00931	0.01285
19	0.00982	0.00697	0.00916	0.01084	0.01127	0.00654	0.00715	0.01108	0.01488	0.01984	0.04217	0.66152	0.05051	0.08212	0.01261	0.00359	0.00485	0.02164	0.00715	0.00631
20	0.05499	0.13657	0.03105	0.05454	0.07534	0.10967	0.16323	0.07490	0.04771	0.02504	0.01604	0.05460	0.01389	0.00929	0.00996	0.00250	0.09830	0.00765	0.00454	0.01020
21	0.02957	0.02187	0.02349	0.01797	0.02435	0.02400	0.01483	0.61921	0.03641	0.04897	0.01883	0.01893	0.01341	0.00937	0.00785	0.00233	0.00861	0.00704	0.00780	0.04516
22	0.01190	0.00825	0.01045	0.00992	0.01201	0.00747	0.00743	0.01518	0.02128	0.05779	0.50560	0.10456	0.16414	0.01712	0.00935	0.00257	0.00397	0.01499	0.00847	0.00755
23	0.01738	0.01497	0.02153	0.23666	0.14335	0.01709	0.01712	0.02613	0.17960	0.05385	0.05022	0.06691	0.04734	0.01084	0.00953	0.00269	0.05970	0.00916	0.00561	0.01033
24	0.01708	0.07903	0.09732	0.12644	0.05744	0.05542	0.07573	0.06720	0.07332	0.02514	0.05182	0.19069	0.02507	0.01248	0.00834	0.00262	0.00870	0.01104	0.00546	0.00966
25	0.01068	0.00779	0.01026	0.01187	0.01307	0.00738	0.00902	0.01290	0.01657	0.02156	0.04761	0.42636	0.12563	0.02327	0.01031	0.00330	0.00544	0.22286	0.00734	0.00676
26	0.06468	0.19582	0.04925	0.01622	0.02208	0.10710	0.01417	0.16813	0.02304	0.19665	0.01828	0.01844	0.01329	0.00883	0.00804	0.00226	0.04975	0.00618	0.00623	0.01154
27	0.01984	0.05296	0.06250	0.02754	0.05546	0.06278	0.38929	0.02507	0.01847	0.07215	0.02028	0.05132	0.04350	0.00884	0.00982	0.00262	0.05324	0.00926	0.00464	0.01041
28	0.04270	0.08330	0.29768	0.01602	0.02297	0.01486	0.01765	0.02243	0.01921	0.08638	0.25522	0.03279	0.03465	0.01086	0.00794	0.00243	0.00788	0.00897	0.00597	0.01009
29	0.01395	0.01075	0.01230	0.01138	0.01415	0.01094	0.00867	0.05715	0.15880	0.03076	0.33316	0.08224	0.15700	0.01536	0.00884	0.00256	0.00466	0.01320	0.04537	0.00874
30	0.02165	0.05191	0.04767	0.04709	0.02396	0.30697	0.07032	0.05562	0.04963	0.02371	0.08652	0.13357	0.02462	0.01164	0.00810	0.00241	0.01046	0.00959	0.00537	0.00919
31	0.05570	0.10156	0.02353	0.04178	0.02379	0.28495	0.01435	0.20654	0.05143	0.05970	0.05013	0.01924	0.01549	0.00897	0.00729	0.00221	0.01041	0.00641	0.00579	0.01074
32	0.01922	0.01659	0.01745	0.01574	0.02013	0.01908	0.01223	0.04063	0.62615	0.03260	0.03463	0.03188	0.05583	0.01122	0.00813	0.00269	0.00616	0.00935	0.00803	0.01226
33	0.09368	0.02115	0.05021	0.06027	0.09591	0.02213	0.01633	0.43444	0.03037	0.07167	0.01796	0.01895	0.01292	0.00890	0.00764	0.00241	0.00871	0.00686	0.00687	0.01261
34	0.09006	0.07354	0.01987	0.04673	0.02025	0.06313	0.05807	0.04741	0.07238	0.04976	0.18774	0.11516	0.03372	0.01284	0.00976	0.00260	0.07102	0.01056	0.00631	0.00909
35	0.07941	0.06935	0.05398	0.04376	0.02743	0.01701	0.24494	0.05534	0.05500	0.05322	0.02381	0.19500	0.02274	0.01190	0.00855	0.00269	0.00913	0.01147	0.00552	0.00976
36	0.00981	0.00702	0.00934	0.01094	0.01154	0.00654	0.00737	0.01142	0.01589	0.02136	0.10408	0.65258	0.05461	0.02401	0.01005	0.00315	0.00452	0.02175	0.00749	0.00654
37	0.02056	0.14204	0.02106	0.01603	0.04825	0.14664	0.01221	0.04953	0.04388	0.09546	0.09728	0.14107	0.02859	0.01610	0.05613	0.00315	0.00906	0.03741	0.00612	0.00942
38	0.01967	0.05421	0.05305	0.14890	0.14893	0.11508	0.13786	0.02572	0.07498	0.02323	0.01534	0.01964	0.01232	0.00859	0.01046	0.00258	0.10770	0.00720	0.00416	0.01038
39	0.01001	0.00711	0.00939	0.01098	0.01153	0.00670	0.00743	0.01150	0.01537	0.02054	0.06922	0.60981	0.05136	0.07583	0.01236	0.00354	0.00492	0.04877	0.00723	0.00640
40	0.02931	0.06469	0.02331	0.02004	0.02435	0.62813	0.01524	0.06352	0.02299	0.02098	0.01256	0.01449	0.01038	0.00819	0.00711	0.00205	0.01377	0.00518	0.00426	0.00946
41	0.09519	0.02270	0.06802	0.04295	0.05014	0.07108	0.01570	0.36820	0.08258	0.07743	0.01896	0.01942	0.01368	0.00906	0.00758	0.00241	0.00888	0.00684	0.00686	0.01232
42	0.02471	0.01934	0.02055	0.01687	0.02225	0.02168	0.01358	0.35621	0.30434	0.04143	0.02752	0.02618	0.04767	0.01053	0.00806	0.00253	0.00746	0.00836	0.00797	0.01278

[dist]
# distance from previous block
# <min> <max>
0	4

[block]
# block no. 5 follows, 24 sequences, length 26
# corresponding to MSA columns:
# 316-341
name=unknown_F
#
# <colnr> <probs for GDERKNQSTAVLIFYWHMCP>
#	G	D	E	R	K	N	Q	S	T	A	V	L	I	F	Y	W	H	M	C	P
0	0.01844	0.02216	0.09065	0.06779	0.12013	0.01966	0.48969	0.02499	0.01835	0.02519	0.01567	0.02081	0.01188	0.00686	0.00896	0.00262	0.01262	0.00870	0.00393	0.01091
