[name]
unknown

[dist]
# distance from previous block
# <min> <max>
6	53

[block]
# block no. 0 follows, 23 sequences, length 6
# corresponding to MSA columns:
# 54-59
name=unknown_A
#
# <colnr> <probs for GDERKNQSTAVLIFYWHMCP>
#	G	D	E	R	K	N	Q	S	T	A	V	L	I	F	Y	W	H	M	C	P
0	0.01234	0.00904	0.01128	0.01155	0.01319	0.00853	0.00811	0.05770	0.01814	0.02483	0.13331	0.45716	0.04917	0.07000	0.01190	0.00327	0.00521	0.01835	0.00738	0.06954
1	0.01389	0.00944	0.01074	0.01064	0.01280	0.00920	0.00770	0.03865	0.07939	0.05738	0.08131	0.23639	0.18855	0.08430	0.01200	0.00323	0.00510	0.01522	0.11617	0.00791
2	0.02106	0.01136	0.01382	0.01221	0.01535	0.01088	0.00902	0.06867	0.05833	0.23080	0.03670	0.15939	0.09252	0.20184	0.01753	0.00411	0.00661	0.01266	0.00773	0.00941
3	0.01483	0.01060	0.01413	0.01284	0.01574	0.01002	0.03965	0.04671	0.05602	0.07424	0.25486	0.21588	0.10107	0.01721	0.00940	0.00274	0.00543	0.04002	0.00794	0.05065
4	0.12406	0.01308	0.01381	0.01255	0.01597	0.01365	0.00946	0.12525	0.10147	0.02996	0.03500	0.20615	0.11142	0.08450	0.01159	0.00319	0.00620	0.01270	0.00692	0.06306
5	0.01767	0.01224	0.01639	0.04011	0.07611	0.01205	0.03000	0.06518	0.06599	0.09540	0.11368	0.13210	0.07497	0.06475	0.01205	0.04102	0.00650	0.01167	0.06083	0.05129

[dist]
# distance from previous block
# <min> <max>
4	8

[block]
# block no. 1 follows, 23 sequences, length 18
# corresponding to MSA columns:
# 68-85
name=unknown_B
#
# <colnr> <probs for GDERKNQSTAVLIFYWHMCP>
#	G	D	E	R	K	N	Q	S	T	A	V	L	I	F	Y	W	H	M	C	P
0	0.01608	0.05890	0.39282	0.05099	0.09568	0.01733	0.05702	0.02336	0.01844	0.02665	0.13949	0.02612	0.02351	0.00932	0.00812	0.00253	0.01008	0.00798	0.00460	0.01100
1	0.05483	0.04542	0.05481	0.06524	0.05310	0.01209	0.01170	0.01746	0.01995	0.02855	0.36897	0.06704	0.11100	0.01450	0.00957	0.00260	0.03539	0.01230	0.00705	0.00844
2	0.01086	0.00851	0.01020	0.04769	0.01371	0.00787	0.00755	0.01350	0.01916	0.02502	0.28222	0.09288	0.31661	0.09327	0.01294	0.00324	0.00481	0.01535	0.00754	0.00705
3	0.01135	0.00845	0.01146	0.01146	0.01279	0.00919	0.00846	0.01351	0.01356	0.01862	0.03123	0.04301	0.11428	0.19367	0.45004	0.01046	0.01626	0.01056	0.00493	0.00669
4	0.16436	0.01387	0.01710	0.01370	0.01900	0.01340	0.01125	0.03310	0.02065	0.45750	0.05776	0.02832	0.05040	0.01064	0.00886	0.00259	0.04876	0.00814	0.00858	0.01200
5	0.01820	0.01962	0.04029	0.15174	0.11025	0.01931	0.42994	0.02442	0.01875	0.02544	0.04752	0.02355	0.01526	0.00759	0.00915	0.00269	0.01225	0.00915	0.00424	0.01065
6	0.01299	0.01945	0.23239	0.01481	0.01982	0.01137	0.01522	0.01820	0.01933	0.02755	0.30792	0.12329	0.04770	0.05328	0.01086	0.00299	0.00706	0.04031	0.00664	0.00882
7	0.77215	0.01569	0.01193	0.01067	0.01569	0.01820	0.00879	0.02385	0.01381	0.03641	0.01130	0.01318	0.00879	0.00753	0.00502	0.00251	0.00628	0.00439	0.00502	0.00879
8	0.19238	0.22263	0.20239	0.01816	0.02530	0.05956	0.06172	0.02469	0.01621	0.02541	0.01254	0.01533	0.01016	0.00804	0.00829	0.00240	0.07510	0.00548	0.00391	0.01030
9	0.02299	0.05530	0.02349	0.06090	0.05245	0.10096	0.04462	0.15722	0.29772	0.03310	0.02448	0.02653	0.01907	0.01017	0.00813	0.00258	0.00882	0.03269	0.00681	0.01196
10	0.01424	0.00893	0.01161	0.01058	0.01304	0.00810	0.00806	0.01788	0.02273	0.10535	0.55273	0.05786	0.10528	0.01607	0.00941	0.00256	0.00420	0.01407	0.00898	0.00832
11	0.01944	0.01731	0.04974	0.01876	0.05773	0.01759	0.06010	0.06207	0.36289	0.05891	0.12272	0.03336	0.02975	0.04073	0.00990	0.00288	0.00721	0.00976	0.00752	0.01164
12	0.00986	0.00715	0.00933	0.01107	0.01171	0.00661	0.00743	0.01132	0.01576	0.02080	0.04755	0.66198	0.09940	0.02505	0.01030	0.00325	0.00466	0.02262	0.00753	0.00661
13	0.01928	0.05357	0.06352	0.08652	0.10320	0.11061	0.06880	0.02477	0.05695	0.02534	0.05163	0.02092	0.01602	0.00781	0.00735	0.00203	0.00918	0.00667	0.00474	0.26110
14	0.01960	0.01646	0.01868	0.11638	0.05922	0.07657	0.01352	0.13054	0.02179	0.05549	0.05262	0.10830	0.06965	0.01198	0.00815	0.00238	0.00790	0.03532	0.02473	0.15072
15	0.12617	0.05279	0.10918	0.12329	0.05510	0.01766	0.05086	0.08218	0.05691	0.05969	0.01838	0.06338	0.01511	0.00901	0.00739	0.00237	0.00856	0.00746	0.00528	0.12922
16	0.17047	0.05436	0.08970	0.02256	0.12263	0.04948	0.07541	0.08658	0.03503	0.02987	0.04464	0.02266	0.04988	0.00926	0.00883	0.00248	0.06087	0.00729	0.00508	0.05291
17	0.01801	0.01756	0.09404	0.04909	0.08171	0.04894	0.01464	0.04613	0.01706	0.06587	0.03543	0.09862	0.03350	0.05208	0.01512	0.10868	0.08208	0.00904	0.00511	0.10728

[dist]
# distance from previous block
# <min> <max>
0	10

[block]
# block no. 2 follows, 23 sequences, length 9
# corresponding to MSA columns:
# 96-104
name=unknown_C
#
# <colnr> <probs for GDERKNQSTAVLIFYWHMCP>
#	G	D	E	R	K	N	Q	S	T	A	V	L	I	F	Y	W	H	M	C	P
0	0.08250	0.14101	0.02827	0.05649	0.12538	0.15186	0.07174	0.04679	0.07794	0.08445	0.01706	0.01897	0.01325	0.00806	0.00726	0.00227	0.00989	0.00649	0.00512	0.04520
1	0.07117	0.01668	0.05452	0.02150	0.14693	0.03883	0.01479	0.09399	0.02032	0.05678	0.13003	0.03334	0.08887	0.01812	0.09674	0.00395	0.06809	0.00934	0.00598	0.01003
2	0.01270	0.05083	0.05525	0.01408	0.01635	0.01255	0.01186	0.01584	0.01357	0.01940	0.02124	0.06311	0.02025	0.05020	0.53301	0.01075	0.05796	0.00892	0.00436	0.00777
3	0.01122	0.00812	0.01038	0.01044	0.01201	0.00756	0.00765	0.01416	0.02010	0.02768	0.41382	0.16878	0.11243	0.08215	0.01270	0.00325	0.00462	0.05766	0.00813	0.00716
4	0.01971	0.01858	0.02133	0.06414	0.05475	0.11290	0.04544	0.11884	0.05798	0.02593	0.02123	0.02697	0.04747	0.06136	0.15960	0.00523	0.11556	0.00824	0.00515	0.00960
5	0.01409	0.00705	0.01057	0.01057	0.01057	0.00705	0.00705	0.01057	0.01057	0.01409	0.01409	0.02467	0.01409	0.02819	0.03171	0.76392	0.00705	0.00705	0.00352	0.00352
6	0.01671	0.01277	0.01622	0.01560	0.04333	0.01446	0.01141	0.12353	0.07059	0.02535	0.02243	0.03458	0.02118	0.17090	0.23278	0.04959	0.06855	0.03603	0.00545	0.00853
7	0.01369	0.01020	0.01297	0.04290	0.05861	0.01081	0.00856	0.04449	0.01458	0.01982	0.05989	0.07472	0.02944	0.49285	0.03197	0.00626	0.04503	0.01146	0.00522	0.00653
8	0.33642	0.09717	0.08139	0.09326	0.02503	0.02017	0.04942	0.04428	0.01618	0.05717	0.01385	0.01682	0.01077	0.00839	0.00821	0.00254	0.07371	0.00577	0.02970	0.00976

[dist]
# distance from previous block
# <min> <max>
0	65

[block]
# block no. 3 follows, 23 sequences, length 7
# corresponding to MSA columns:
# 173-179
name=unknown_D
#
# <colnr> <probs for GDERKNQSTAVLIFYWHMCP>
#	G	D	E	R	K	N	Q	S	T	A	V	L	I	F	Y	W	H	M	C	P
0	0.01969	0.08085	0.26134	0.03112	0.25505	0.02018	0.04910	0.08779	0.01978	0.02816	0.01513	0.01828	0.01176	0.00754	0.00764	0.00235	0.01026	0.00651	0.00424	0.06322
1	0.13170	0.11169	0.08122	0.04745	0.04812	0.06620	0.03526	0.10430	0.08004	0.02976	0.04200	0.02265	0.04955	0.00929	0.00795	0.00235	0.03717	0.00702	0.00539	0.08091
2	0.01432	0.00880	0.01168	0.01155	0.01250	0.00911	0.00814	0.01606	0.10316	0.01962	0.08196	0.06934	0.02610	0.06132	0.02464	0.46441	0.00660	0.03982	0.00519	0.00567
3	0.02149	0.06932	0.03110	0.03778	0.40767	0.07427	0.04837	0.02686	0.06017	0.05368	0.01629	0.02001	0.01336	0.00832	0.00964	0.00249	0.07557	0.00713	0.00450	0.01198
4	0.17536	0.13110	0.05128	0.01865	0.05809	0.11250	0.04771	0.07712	0.16172	0.06375	0.01870	0.01946	0.01432	0.00859	0.00702	0.00239	0.00889	0.00650	0.00572	0.01116
5	0.01923	0.01733	0.02518	0.39162	0.19717	0.07664	0.02091	0.02355	0.01756	0.06698	0.01567	0.02121	0.01211	0.00916	0.00933	0.04465	0.01039	0.00710	0.00420	0.01002
6	0.01285	0.00812	0.01053	0.01092	0.01235	0.00748	0.00765	0.01494	0.01796	0.08140	0.20573	0.38626	0.08199	0.08715	0.01287	0.00344	0.00495	0.01818	0.00788	0.00737

[dist]
# distance from previous block
# <min> <max>
2	6

[block]
# block no. 4 follows, 23 sequences, length 13
# corresponding to MSA columns:
# 186-198
name=unknown_E
#
# <colnr> <probs for GDERKNQSTAVLIFYWHMCP>
#	G	D	E	R	K	N	Q	S	T	A	V	L	I	F	Y	W	H	M	C	P
0	0.05549	0.09055	0.02094	0.01611	0.02030	0.25530	0.01250	0.11273	0.05764	0.05638	0.04338	0.02500	0.01805	0.11844	0.03796	0.00347	0.01063	0.00726	0.00554	0.03233
1	0.06946	0.01996	0.02169	0.01706	0.02285	0.02172	0.01399	0.47947	0.03289	0.10685	0.02172	0.02534	0.01663	0.05246	0.01009	0.00283	0.00846	0.03591	0.00791	0.01270
2	0.00989	0.00706	0.00942	0.01130	0.01177	0.00659	0.00753	0.01130	0.01554	0.02071	0.04472	0.70954	0.05367	0.02542	0.01036	0.00330	0.00471	0.02307	0.00753	0.00659
3	0.01297	0.01086	0.01311	0.01271	0.03822	0.01036	0.03222	0.05111	0.08678	0.02686	0.16491	0.10037	0.37371	0.01755	0.00935	0.00271	0.00517	0.01503	0.00762	0.00836
4	0.00976	0.00823	0.00846	0.00840	0.01107	0.00692	0.00630	0.01198	0.01891	0.02290	0.13547	0.07648	0.60704	0.02018	0.00959	0.00272	0.00408	0.01690	0.00766	0.00692
5	0.02552	0.05940	0.02709	0.05611	0.22490	0.21584	0.01848	0.17292	0.06825	0.03030	0.01647	0.01877	0.01300	0.00844	0.00772	0.00233	0.01071	0.00665	0.00529	0.01179
6	0.10281	0.05265	0.08272	0.02080	0.07396	0.29851	0.01630	0.09888	0.02158	0.02701	0.01372	0.01603	0.01103	0.00820	0.00781	0.00219	0.03837	0.00561	0.00467	0.09716
7	0.01023	0.00817	0.00918	0.00928	0.01156	0.00712	0.00694	0.01273	0.01934	0.02457	0.22238	0.13520	0.43142	0.02010	0.00972	0.00279	0.00423	0.04010	0.00788	0.00705
8	0.12624	0.02273	0.12311	0.11365	0.11582	0.05668	0.20756	0.02554	0.05177	0.02670	0.01681	0.04693	0.01360	0.00832	0.00810	0.00262	0.01080	0.00798	0.00443	0.01063
9	0.01990	0.05696	0.28513	0.02651	0.10462	0.04273	0.15876	0.06085	0.01941	0.06524	0.01727	0.04422	0.01347	0.00828	0.00812	0.00250	0.01107	0.00761	0.00454	0.04280
10	0.02412	0.09130	0.19039	0.05771	0.05919	0.17940	0.01965	0.11487	0.04720	0.07757	0.01641	0.01827	0.01236	0.00876	0.00859	0.00242	0.04905	0.00633	0.00503	0.01138
11	0.02372	0.35339	0.03466	0.01889	0.02423	0.23665	0.07217	0.02645	0.01830	0.02002	0.01208	0.01493	0.01063	0.00827	0.00889	0.00216	0.09540	0.00544	0.00376	0.00995
12	0.01180	0.00787	0.00885	0.00885	0.00885	0.00787	0.00492	0.01180	0.01180	0.01573	0.02557	0.05310	0.02950	0.71483	0.04130	0.00787	0.00787	0.01180	0.00492	0.00492

[dist]
# distance from previous block
# <min> <max>
0	3

[block]
# block no. 5 follows, 23 sequences, length 10
# corresponding to MSA columns:
# 202-211
name=unknown_F
#
# <colnr> <probs for GDERKNQSTAVLIFYWHMCP>
#	G	D	E	R	K	N	Q	S	T	A	V	L	I	F	Y	W	H	M	C	P
0	0.58412	0.01693	0.04924	0.01343	0.04316	0.01763	0.01092	0.02546	0.05648	0.06069	0.04635	0.01774	0.01392	0.00831	0.00585	0.00253	0.00663	0.00557	0.00550	0.00954
1	0.01647	0.03827	0.01766	0.01663	0.07112	0.01465	0.03272	0.08752	0.16704	0.02867	0.10850	0.09156	0.14439	0.07211	0.05291	0.00371	0.00751	0.01192	0.00696	0.00969
2	0.01191	0.00793	0.00971	0.00966	0.01008	0.00804	0.00607	0.01226	0.01280	0.01728	0.06654	0.04862	0.05228	0.48453	0.12450	0.08687	0.00928	0.01126	0.00505	0.00533
3	0.01457	0.01227	0.01791	0.14402	0.15615	0.01288	0.01392	0.01915	0.05858	0.02417	0.14424	0.04460	0.07923	0.16870	0.01606	0.00383	0.00763	0.04764	0.00580	0.00865
4	0.01488	0.00841	0.00878	0.00859	0.01048	0.00857	0.00629	0.01971	0.06549	0.02909	0.07370	0.03504	0.02619	0.08857	0.01012	0.00267	0.00444	0.00868	0.56262	0.00768
5	0.01874	0.02801	0.28688	0.02785	0.18363	0.04899	0.06630	0.07628	0.01954	0.02779	0.01833	0.07046	0.01537	0.00918	0.00798	0.00251	0.01023	0.00801	0.06249	0.01142
6	0.01520	0.01313	0.02002	0.08590	0.02375	0.01340	0.11704	0.06097	0.09462	0.02890	0.21792	0.13274	0.08493	0.01469	0.00936	0.00278	0.00716	0.04125	0.00708	0.00916
7	0.06630	0.04450	0.02242	0.02245	0.13531	0.09807	0.03834	0.07768	0.10688	0.02812	0.06965	0.08785	0.02283	0.01392	0.04605	0.00313	0.06377	0.00910	0.00574	0.03791
8	0.02236	0.11421	0.05642	0.02064	0.09473	0.04452	0.05328	0.20729	0.02460	0.05519	0.08789	0.02669	0.06160	0.01004	0.00839	0.00233	0.02847	0.00815	0.00616	0.06707
9	0.14039	0.07037	0.03798	0.01792	0.09583	0.05840	0.01279	0.08391	0.01879	0.04988	0.02411	0.11923	0.04398	0.06799	0.03605	0.00332	0.00835	0.04629	0.00570	0.05871

[dist]
# distance from previous block
# <min> <max>
2	9

[block]
# block no. 6 follows, 23 sequences, length 9
# corresponding to MSA columns:
# 221-229
name=unknown_G
#
# <colnr> <probs for GDERKNQSTAVLIFYWHMCP>
#	G	D	E	R	K	N	Q	S	T	A	V	L	I	F	Y	W	H	M	C	P
0	0.02005	0.01797	0.06001	0.07505	0.05350	0.01856	0.01503	0.11008	0.30894	0.05609	0.08827	0.06110	0.02636	0.01155	0.00919	0.00271	0.03710	0.00954	0.00725	0.01166
1	0.01145	0.00828	0.01067	0.01067	0.01164	0.00878	0.00742	0.01300	0.01313	0.01785	0.03037	0.04639	0.09822	0.33912	0.32752	0.00961	0.01370	0.01101	0.00496	0.00619
2	0.01955	0.01905	0.04776	0.24444	0.21027	0.04961	0.03963	0.10519	0.05379	0.02737	0.02032	0.02424	0.05283	0.00925	0.00903	0.00260	0.04140	0.00789	0.00484	0.01095
3	0.01028	0.00745	0.00970	0.01081	0.01181	0.00688	0.00747	0.01235	0.01764	0.02383	0.20493	0.50128	0.09983	0.02283	0.01010	0.00307	0.00444	0.02052	0.00789	0.00688
4	0.01427	0.01172	0.01487	0.06192	0.01803	0.01324	0.01097	0.06864	0.05610	0.02389	0.06358	0.11525	0.16407	0.08932	0.13558	0.00521	0.10695	0.01222	0.00603	0.00814
5	0.01884	0.01928	0.06111	0.17289	0.31395	0.01934	0.10969	0.05493	0.01867	0.02591	0.01656	0.02402	0.01389	0.00875	0.00964	0.00267	0.05579	0.03854	0.00428	0.01127
6	0.01349	0.00861	0.01115	0.01065	0.01281	0.00782	0.00793	0.01667	0.02128	0.09219	0.43909	0.17519	0.11627	0.01786	0.00957	0.00270	0.00431	0.01575	0.00867	0.00800
7	0.02417	0.06918	0.02552	0.02288	0.10527	0.14788	0.05379	0.18328	0.15715	0.03226	0.02191	0.02727	0.01807	0.01023	0.00816	0.00252	0.00972	0.06282	0.00626	0.01165
8	0.01323	0.01097	0.01209	0.01175	0.01392	0.05660	0.00898	0.01765	0.05406	0.02942	0.44063	0.10042	0.10094	0.01714	0.00957	0.00271	0.00520	0.07858	0.00823	0.00791

[dist]
# distance from previous block
# <min> <max>
5	9

[block]
# block no. 7 follows, 23 sequences, length 15
# corresponding to MSA columns:
# 240-254
name=unknown_H
#
# <colnr> <probs for GDERKNQSTAVLIFYWHMCP>
#	G	D	E	R	K	N	Q	S	T	A	V	L	I	F	Y	W	H	M	C	P
0	0.01038	0.00744	0.00986	0.01096	0.01188	0.00692	0.00757	0.01254	0.01783	0.02436	0.23449	0.50937	0.06073	0.02270	0.01011	0.00307	0.00444	0.02048	0.00796	0.00692
1	0.01040	0.00754	0.00988	0.01126	0.01223	0.00702	0.00797	0.01243	0.01713	0.02287	0.13769	0.51206	0.09916	0.02350	0.01027	0.00319	0.00479	0.07603	0.00773	0.00685
2	0.02189	0.01567	0.04645	0.01369	0.01983	0.01305	0.01152	0.11999	0.02260	0.15948	0.13983	0.02762	0.02594	0.00946	0.00751	0.00197	0.00650	0.00777	0.00708	0.32215
3	0.58373	0.01802	0.04528	0.01307	0.01828	0.01964	0.01130	0.10803	0.01722	0.03679	0.01253	0.01454	0.00967	0.00830	0.00704	0.00257	0.05402	0.00505	0.00527	0.00963
4	0.08606	0.17516	0.27524	0.05337	0.06620	0.02174	0.07418	0.02616	0.04773	0.05197	0.01524	0.01780	0.01165	0.00796	0.00794	0.00245	0.03755	0.00623	0.00419	0.01119
5	0.02141	0.11162	0.05267	0.16448	0.02920	0.05856	0.01592	0.19950	0.09068	0.03138	0.06290	0.06227	0.02007	0.01091	0.00864	0.02591	0.00886	0.00831	0.00598	0.01073
6	0.01073	0.00783	0.01016	0.01132	0.01230	0.00748	0.00782	0.01371	0.04796	0.02389	0.17597	0.53746	0.05717	0.02283	0.01009	0.00311	0.00460	0.02059	0.00787	0.00712
7	0.02344	0.04805	0.02044	0.01641	0.02111	0.05815	0.01313	0.27451	0.20999	0.03709	0.05767	0.03207	0.02351	0.07375	0.01122	0.00306	0.00806	0.04929	0.00745	0.01159
8	0.00989	0.00706	0.00942	0.01130	0.01177	0.00659	0.00753	0.01130	0.01554	0.02071	0.04472	0.70954	0.05367	0.02542	0.01036	0.00330	0.00471	0.02307	0.00753	0.00659
9	0.02256	0.07342	0.05360	0.05044	0.13698	0.08101	0.01660	0.17463	0.17639	0.03330	0.07963	0.02506	0.02126	0.00975	0.00796	0.00245	0.00869	0.00795	0.00640	0.01190
10	0.01481	0.00766	0.00805	0.00805	0.00990	0.00779	0.00607	0.01851	0.01666	0.02924	0.02605	0.03040	0.02075	0.01402	0.06580	0.00288	0.00538	0.00766	0.69277	0.00753
11	0.02156	0.09701	0.14050	0.02354	0.12780	0.08664	0.04151	0.10641	0.05072	0.06140	0.07593	0.02452	0.04020	0.00979	0.00915	0.00247	0.05641	0.00773	0.00545	0.01127
12	0.01582	0.01075	0.01421	0.01499	0.07210	0.01028	0.01043	0.02095	0.07500	0.10614	0.31822	0.08243	0.13140	0.01589	0.00933	0.00271	0.00534	0.06668	0.00820	0.00914
13	0.08645	0.19794	0.26077	0.02349	0.10342	0.04223	0.07579	0.07354	0.01885	0.02699	0.01405	0.01667	0.01095	0.00755	0.00709	0.00233	0.01039	0.00600	0.00410	0.01140
14	0.02068	0.07831	0.05941	0.04490	0.02366	0.04912	0.04367	0.10808	0.23970	0.05112	0.10917	0.02810	0.02529	0.01018	0.00795	0.00242	0.00778	0.00845	0.00683	0.07518

[dist]
# distance from previous block
# <min> <max>
0	81

[block]
# block no. 8 follows, 23 sequences, length 12
# corresponding to MSA columns:
# 336-347
name=unknown_I
#
# <colnr> <probs for GDERKNQSTAVLIFYWHMCP>
#	G	D	E	R	K	N	Q	S	T	A	V	L	I	F	Y	W	H	M	C	P
0	0.04130	0.09026	0.12088	0.02734	0.16593	0.06588	0.11145	0.15092	0.04940	0.03076	0.01625	0.01885	0.01257	0.00789	0.00773	0.00234	0.01023	0.00688	0.00500	0.05813
1	0.01177	0.00954	0.01111	0.05568	0.01514	0.00928	0.00826	0.01645	0.08492	0.02506	0.20692	0.08825	0.32214	0.08488	0.01243	0.00321	0.00512	0.01476	0.00744	0.00762
2	0.04652	0.01688	0.05287	0.07170	0.18334	0.01757	0.08883	0.02264	0.06983	0.02387	0.01799	0.02503	0.01565	0.06497	0.14704	0.00513	0.10764	0.00807	0.00444	0.01000
3	0.01365	0.00705	0.01045	0.01065	0.01070	0.00700	0.00710	0.01065	0.01109	0.01479	0.01731	0.09656	0.01825	0.02790	0.02947	0.68407	0.00680	0.00873	0.00394	0.00385
4	0.01219	0.00988	0.01324	0.05161	0.08322	0.00972	0.01042	0.01583	0.05574	0.02290	0.07338	0.31393	0.18060	0.05533	0.01130	0.00324	0.00583	0.05687	0.00692	0.00784
5	0.09186	0.05654	0.02264	0.01913	0.05110	0.25821	0.01453	0.18562	0.09107	0.07110	0.01770	0.01845	0.01343	0.00880	0.00735	0.00226	0.01024	0.00631	0.00603	0.04763
6	0.01805	0.01438	0.01695	0.01217	0.01932	0.01089	0.00976	0.02163	0.01723	0.06668	0.01552	0.01750	0.01252	0.00626	0.00614	0.00128	0.00607	0.00502	0.00513	0.71749
7	0.01948	0.13047	0.06659	0.07466	0.09638	0.06127	0.25558	0.04247	0.04672	0.02529	0.04374	0.04732	0.01741	0.00889	0.00838	0.00253	0.01092	0.02659	0.00464	0.01065
8	0.49806	0.02306	0.06034	0.01651	0.06253	0.17319	0.01290	0.02604	0.01649	0.03117	0.01207	0.01425	0.00955	0.00772	0.00594	0.00241	0.00883	0.00489	0.00465	0.00942
9	0.02146	0.02720	0.17226	0.02912	0.14150	0.09091	0.18461	0.10511	0.09230	0.02942	0.01766	0.02041	0.01335	0.00809	0.00833	0.00254	0.01131	0.00760	0.00492	0.01191
10	0.04740	0.17081	0.02739	0.13260	0.18669	0.02046	0.01689	0.07842	0.06191	0.02729	0.07697	0.05812	0.02070	0.00956	0.00753	0.00236	0.00831	0.00805	0.00518	0.03335
11	0.01549	0.01598	0.10645	0.01420	0.01804	0.04703	0.03640	0.04538	0.01821	0.05268	0.08573	0.08738	0.11515	0.09440	0.10810	0.00467	0.00958	0.04607	0.07056	0.00848

[dist]
# distance from previous block
# <min> <max>
3	17

[block]
# block no. 9 follows, 23 sequences, length 17
# corresponding to MSA columns:
# 366-382
name=unknown_J
#
# <colnr> <probs for GDERKNQSTAVLIFYWHMCP>
#	G	D	E	R	K	N	Q	S	T	A	V	L	I	F	Y	W	H	M	C	P
0	0.11605	0.02118	0.02559	0.10485	0.12651	0.12606	0.10257	0.08969	0.09210	0.06009	0.02031	0.02255	0.03929	0.00885	0.00787	0.00251	0.00994	0.00755	0.00546	0.01097
1	0.02133	0.01101	0.01409	0.01201	0.01587	0.01004	0.00946	0.02599	0.06551	0.27344	0.31116	0.04804	0.11964	0.01418	0.00895	0.00257	0.00521	0.01211	0.00915	0.01025
2	0.05342	0.01991	0.09566	0.01658	0.02203	0.01883	0.01437	0.16742	0.29026	0.07640	0.02722	0.07338	0.02192	0.05327	0.01014	0.00298	0.00763	0.00923	0.00739	0.01194
3	0.17439	0.01630	0.01725	0.05492	0.02089	0.01801	0.01190	0.25162	0.08215	0.03750	0.08959	0.06364	0.06714	0.04820	0.00959	0.00285	0.00716	0.00932	0.00708	0.01048
4	0.01869	0.05603	0.13076	0.10377	0.05456	0.01792	0.28405	0.02469	0.01835	0.06735	0.02063	0.02441	0.04161	0.00824	0.00833	0.00254	0.01076	0.00844	0.08836	0.01054
5	0.01873	0.25985	0.07216	0.01850	0.02172	0.02628	0.01686	0.02133	0.01415	0.01974	0.01163	0.01673	0.01099	0.01343	0.04808	0.00330	0.38728	0.00615	0.00355	0.00953
6	0.02744	0.02489	0.02340	0.01928	0.02392	0.17923	0.01553	0.34985	0.04888	0.03676	0.01699	0.01898	0.01316	0.01250	0.04174	0.00303	0.11956	0.00691	0.00630	0.01166
7	0.77215	0.01569	0.01193	0.01067	0.01569	0.01820	0.00879	0.02385	0.01381	0.03641	0.01130	0.01318	0.00879	0.00753	0.00502	0.00251	0.00628	0.00439	0.00502	0.00879
8	0.01817	0.04861	0.11536	0.07580	0.08481	0.01738	0.19004	0.05498	0.06112	0.05239	0.16655	0.03032	0.02794	0.00988	0.00869	0.00258	0.00945	0.00949	0.00575	0.01069
9	0.01409	0.00705	0.01057	0.01057	0.01057	0.00705	0.00705	0.01057	0.01057	0.01409	0.01409	0.02467	0.01409	0.02819	0.03171	0.76392	0.00705	0.00705	0.00352	0.00352
10	0.02089	0.01792	0.04524	0.04865	0.02244	0.04805	0.01336	0.03711	0.42938	0.10002	0.03549	0.03334	0.08935	0.01151	0.00831	0.00268	0.00705	0.00949	0.00776	0.01194
11	0.01489	0.00764	0.00792	0.00792	0.00978	0.00773	0.00596	0.01862	0.01676	0.02951	0.02616	0.03036	0.02076	0.01281	0.04988	0.00262	0.00495	0.00764	0.71054	0.00754
12	0.01406	0.01395	0.09423	0.01555	0.05588	0.01055	0.04363	0.01875	0.02181	0.05893	0.48310	0.04952	0.05900	0.01417	0.00919	0.00255	0.00580	0.01264	0.00778	0.00893
13	0.01528	0.00907	0.01177	0.01085	0.01341	0.00817	0.00822	0.01856	0.02178	0.13626	0.43420	0.12877	0.11822	0.01684	0.00942	0.00264	0.00446	0.01475	0.00883	0.00849
14	0.02202	0.04722	0.09013	0.07493	0.14287	0.05048	0.05016	0.14200	0.17484	0.05579	0.05172	0.02408	0.01861	0.00929	0.00810	0.00252	0.00908	0.00791	0.00616	0.01209
15	0.01973	0.19622	0.05389	0.01900	0.08154	0.03661	0.05945	0.06900	0.01852	0.06865	0.01957	0.07498	0.01739	0.01866	0.12891	0.00415	0.01100	0.00799	0.03587	0.05885
16	0.22517	0.11521	0.08651	0.02175	0.09505	0.16481	0.07970	0.05266	0.04174	0.02795	0.01397	0.01639	0.01110	0.00777	0.00684	0.00234	0.01018	0.00586	0.00453	0.01046

[dist]
# distance from previous block
# <min> <max>
1	12

[block]
# block no. 10 follows, 23 sequences, length 14
# corresponding to MSA columns:
# 395-408
name=unknown_K
#
# <colnr> <probs for GDERKNQSTAVLIFYWHMCP>
#	G	D	E	R	K	N	Q	S	T	A	V	L	I	F	Y	W	H	M	C	P
0	0.01910	0.02205	0.12063	0.11867	0.23599	0.06105	0.05308	0.05631	0.07455	0.02612	0.01757	0.02286	0.01442	0.05517	0.03347	0.00317	0.01051	0.00746	0.00458	0.04326
1	0.05698	0.01115	0.01354	0.01151	0.01534	0.01018	0.00884	0.02532	0.03852	0.29669	0.10115	0.04625	0.17373	0.13754	0.01434	0.00352	0.00610	0.01134	0.00817	0.00980
2	0.02233	0.01924	0.02561	0.07040	0.19939	0.07152	0.07053	0.09702	0.11272	0.08391	0.02018	0.02382	0.01595	0.05417	0.01015	0.00274	0.00925	0.00773	0.00574	0.07760
3	0.01439	0.01092	0.01230	0.01170	0.01440	0.01110	0.00867	0.02252	0.19863	0.05433	0.17207	0.13591	0.19547	0.08579	0.01237	0.00327	0.00528	0.01420	0.00787	0.00880
4	0.02501	0.06291	0.02172	0.01705	0.05060	0.01910	0.01308	0.29868	0.06162	0.10712	0.02245	0.06855	0.01860	0.07138	0.01071	0.00279	0.00785	0.00843	0.00712	0.10522
5	0.01126	0.00829	0.01054	0.00998	0.01199	0.00756	0.00748	0.01489	0.02245	0.03130	0.59262	0.06265	0.14465	0.01705	0.00957	0.00257	0.00386	0.01496	0.00877	0.00756
6	0.02384	0.01862	0.02122	0.01964	0.06924	0.02005	0.01438	0.15695	0.31151	0.07781	0.03093	0.03068	0.06211	0.01187	0.00974	0.00288	0.04276	0.00916	0.00799	0.05863
7	0.01120	0.00828	0.01045	0.00991	0.01195	0.00754	0.00743	0.01476	0.02230	0.03094	0.57309	0.06324	0.16440	0.01718	0.00957	0.00258	0.00387	0.01504	0.00872	0.00754
8	0.01562	0.00917	0.01171	0.01107	0.01373	0.00822	0.00846	0.01854	0.02058	0.14788	0.28201	0.17056	0.17897	0.01802	0.00954	0.00278	0.00484	0.05133	0.00853	0.00846
9	0.08609	0.65931	0.03989	0.01361	0.02039	0.03091	0.01345	0.02426	0.01626	0.02058	0.01128	0.01303	0.01027	0.00699	0.00519	0.00180	0.00847	0.00434	0.00360	0.01027
10	0.01023	0.00737	0.00915	0.01041	0.01108	0.00688	0.00683	0.01144	0.01518	0.01988	0.04580	0.49620	0.12813	0.16226	0.01643	0.00413	0.00526	0.02004	0.00701	0.00629
11	0.06539	0.04364	0.02121	0.01682	0.02203	0.10551	0.01351	0.31443	0.06623	0.11624	0.02283	0.08834	0.01860	0.01287	0.03249	0.00287	0.00917	0.00861	0.00735	0.01186
12	0.02062	0.01567	0.01825	0.01370	0.01991	0.01420	0.01110	0.13380	0.02086	0.07304	0.01703	0.01894	0.01335	0.00771	0.00785	0.00171	0.05143	0.00581	0.05416	0.48087
13	0.02693	0.01576	0.01888	0.01450	0.02065	0.01471	0.01179	0.17002	0.05408	0.26810	0.07485	0.02553	0.02117	0.00943	0.00767	0.00215	0.00685	0.00761	0.00798	0.22136

[dist]
# distance from previous block
# <min> <max>
1	4

[block]
# block no. 11 follows, 23 sequences, length 6
# corresponding to MSA columns:
# 413-418
name=unknown_L
#
# <colnr> <probs for GDERKNQSTAVLIFYWHMCP>
#	G	D	E	R	K	N	Q	S	T	A	V	L	I	F	Y	W	H	M	C	P
0	0.01902	0.01369	0.01704	0.01440	0.01802	0.01431	0.01144	0.06225	0.07308	0.10960	0.02484	0.03275	0.04759	0.10271	0.09018	0.00432	0.12168	0.04207	0.00604	0.17500
1	0.01426	0.01182	0.01927	0.01797	0.05897	0.01135	0.12510	0.01740	0.01803	0.06015	0.11348	0.28416	0.14400	0.01757	0.01055	0.00293	0.04178	0.01596	0.00678	0.00848
2	0.01161	0.00861	0.01261	0.01261	0.01391	0.00991	0.00960	0.01421	0.01291	0.01852	0.02213	0.03407	0.02124	0.12830	0.61653	0.01251	0.02030	0.00901	0.00441	0.00700
3	0.02148	0.01808	0.01908	0.01678	0.02160	0.02079	0.01316	0.11559	0.57497	0.03604	0.03137	0.02896	0.02343	0.01085	0.00824	0.00271	0.00673	0.00895	0.00824	0.01296
4	0.02944	0.02203	0.02356	0.01839	0.02463	0.02451	0.01508	0.55913	0.11846	0.04888	0.02126	0.02090	0.01524	0.00991	0.00814	0.00248	0.00860	0.00755	0.00814	0.01367
5	0.01987	0.04681	0.07173	0.02304	0.15129	0.10493	0.01601	0.06424	0.20422	0.02864	0.07249	0.07562	0.06360	0.01140	0.00825	0.00255	0.00836	0.00957	0.00626	0.01112

[dist]
# distance from previous block
# <min> <max>
0	3

[block]
# block no. 12 follows, 23 sequences, length 9
# corresponding to MSA columns:
# 422-430
name=unknown_M
#
# <colnr> <probs for GDERKNQSTAVLIFYWHMCP>
#	G	D	E	R	K	N	Q	S	T	A	V	L	I	F	Y	W	H	M	C	P
0	0.02510	0.01910	0.02110	0.01819	0.05269	0.02091	0.01384	0.40857	0.12256	0.04176	0.02703	0.06606	0.05950	0.05313	0.01032	0.00287	0.00799	0.00936	0.00768	0.01224
1	0.02027	0.01776	0.01933	0.01645	0.05137	0.05779	0.01235	0.11838	0.13167	0.03061	0.01960	0.05032	0.01627	0.00879	0.00777	0.00194	0.02971	0.00698	0.00592	0.37672
2	0.01093	0.00802	0.01011	0.01076	0.01205	0.00727	0.00732	0.01268	0.01622	0.02209	0.11804	0.45305	0.07754	0.11274	0.01390	0.00359	0.00510	0.01868	0.00713	0.07278
3	0.02174	0.05161	0.02247	0.02100	0.10918	0.05116	0.01475	0.15543	0.13683	0.05271	0.02182	0.08711	0.01888	0.01189	0.01111	0.03374	0.08838	0.00869	0.00618	0.07532
4	0.01029	0.00796	0.00937	0.00962	0.01154	0.00705	0.00699	0.01277	0.01925	0.02513	0.26363	0.22494	0.32148	0.02042	0.00977	0.00281	0.00416	0.01775	0.00800	0.00705
5	0.01686	0.01494	0.01963	0.07172	0.02397	0.01211	0.05439	0.02085	0.01694	0.02592	0.01456	0.01759	0.01194	0.00625	0.00644	0.00144	0.00695	0.00535	0.00466	0.64750
6	0.01415	0.00768	0.00807	0.00802	0.00950	0.00764	0.00564	0.01711	0.01628	0.02724	0.06920	0.03730	0.02648	0.16401	0.01372	0.00324	0.00468	0.00897	0.54408	0.00699
7	0.02365	0.01659	0.01854	0.01511	0.01937	0.01776	0.01176	0.36130	0.02735	0.06415	0.02232	0.06815	0.01981	0.15446	0.04747	0.04735	0.00875	0.00912	0.00696	0.03999
8	0.01034	0.00785	0.00906	0.00948	0.01101	0.00707	0.00656	0.01214	0.01724	0.02218	0.15119	0.24610	0.29662	0.13805	0.01513	0.00373	0.00486	0.01750	0.00731	0.00658

[dist]
# distance from previous block
# <min> <max>
0	4

[block]
# block no. 13 follows, 23 sequences, length 9
# corresponding to MSA columns:
# 435-443
name=unknown_N
#
# <colnr> <probs for GDERKNQSTAVLIFYWHMCP>
#	G	D	E	R	K	N	Q	S	T	A	V	L	I	F	Y	W	H	M	C	P
0	0.09233	0.04994	0.02230	0.02059	0.10276	0.13373	0.01464	0.13471	0.05191	0.05833	0.04000	0.02051	0.01549	0.01209	0.04800	0.00294	0.06803	0.00671	0.00557	0.09943
1	0.01562	0.01575	0.05733	0.01259	0.01592	0.11920	0.01027	0.01870	0.02044	0.06305	0.22997	0.11987	0.23744	0.01638	0.00908	0.00261	0.00652	0.01377	0.00726	0.00824
2	0.01963	0.05276	0.06233	0.01571	0.02103	0.01691	0.04605	0.16929	0.10886	0.03077	0.02400	0.03188	0.04163	0.13315	0.01366	0.00326	0.00803	0.04009	0.00613	0.15481
3	0.01266	0.00738	0.01034	0.01051	0.01103	0.00716	0.00714	0.01185	0.01431	0.01951	0.16720	0.15023	0.03592	0.06484	0.02361	0.41800	0.00597	0.01177	0.00551	0.00506
4	0.02302	0.08393	0.16772	0.02568	0.07367	0.02271	0.19602	0.24468	0.02527	0.03440	0.01663	0.01919	0.01230	0.00809	0.00820	0.00249	0.01095	0.00743	0.00534	0.01227
5	0.01963	0.16038	0.08751	0.02446	0.07238	0.02033	0.24560	0.02493	0.04201	0.06572	0.04695	0.02379	0.03594	0.00984	0.01035	0.05238	0.03442	0.00818	0.00472	0.01048
6	0.01133	0.00858	0.00997	0.01017	0.01196	0.00796	0.00723	0.04469	0.01870	0.02432	0.16285	0.27462	0.26735	0.08701	0.01278	0.00336	0.00486	0.01761	0.00756	0.00708
7	0.01979	0.01946	0.02934	0.05782	0.21437	0.07213	0.16630	0.09340	0.02088	0.02756	0.02449	0.07258	0.08081	0.01006	0.00856	0.00250	0.00989	0.00957	0.00515	0.05533
8	0.07399	0.02430	0.13370	0.02075	0.05069	0.07929	0.07942	0.15200	0.12379	0.14839	0.02144	0.02169	0.01527	0.00900	0.00795	0.00253	0.00953	0.00739	0.00658	0.01230

[dist]
# distance from previous block
# <min> <max>
0	1

[block]
# block no. 14 follows, 23 sequences, length 15
# corresponding to MSA columns:
# 445-459
name=unknown_O
#
# <colnr> <probs for GDERKNQSTAVLIFYWHMCP>
#	G	D	E	R	K	N	Q	S	T	A	V	L	I	F	Y	W	H	M	C	P
0	0.36808	0.08376	0.02087	0.02063	0.14764	0.12372	0.01367	0.02581	0.04277	0.02995	0.04539	0.01783	0.01403	0.00814	0.00636	0.00237	0.00837	0.00579	0.00487	0.00996
1	0.01122	0.00875	0.01042	0.01046	0.01263	0.00791	0.00759	0.01466	0.04986	0.02515	0.21014	0.28189	0.22638	0.01968	0.00952	0.00277	0.00449	0.01724	0.00773	0.06150
2	0.01744	0.02069	0.10551	0.10636	0.18526	0.01797	0.25007	0.02389	0.04204	0.02520	0.02268	0.06488	0.06134	0.00938	0.00884	0.00267	0.01074	0.00966	0.00455	0.01083
3	0.18862	0.02797	0.29702	0.02350	0.13059	0.01923	0.02126	0.05346	0.10956	0.03052	0.01684	0.01873	0.01262	0.00816	0.00725	0.00255	0.00938	0.00635	0.00478	0.01161
4	0.34842	0.01156	0.01089	0.01008	0.01351	0.01220	0.00791	0.01849	0.01817	0.03250	0.27682	0.04247	0.14314	0.01323	0.00756	0.00256	0.00496	0.01052	0.00697	0.00802
5	0.06626	0.02530	0.13800	0.04788	0.05770	0.08545	0.06138	0.22188	0.02357	0.03260	0.01565	0.01880	0.01212	0.01166	0.04032	0.00309	0.11487	0.00689	0.00525	0.01132
6	0.01415	0.00707	0.01041	0.01041	0.01051	0.00707	0.00697	0.01101	0.01091	0.01495	0.01475	0.02496	0.01445	0.02720	0.03034	0.72378	0.00688	0.00707	0.04336	0.00374
7	0.04925	0.05120	0.04027	0.01752	0.02153	0.05704	0.08033	0.13472	0.11512	0.02925	0.02120	0.05201	0.01857	0.11228	0.01504	0.00339	0.09728	0.00866	0.06531	0.01001
8	0.01178	0.00793	0.00918	0.00918	0.00930	0.00805	0.00533	0.01201	0.01190	0.01598	0.02526	0.05142	0.02877	0.66318	0.09196	0.00828	0.00896	0.01155	0.00487	0.00510
9	0.01895	0.01479	0.01707	0.06615	0.06626	0.03462	0.01220	0.07278	0.22911	0.07262	0.07220	0.03770	0.10190	0.09055	0.01198	0.00317	0.00700	0.01007	0.05051	0.01036
10	0.01786	0.01503	0.01738	0.01251	0.01967	0.01187	0.01004	0.06575	0.01839	0.02826	0.01479	0.01702	0.01215	0.00628	0.00616	0.00129	0.00622	0.00499	0.00505	0.70928
11	0.02093	0.04893	0.02743	0.05214	0.18926	0.01843	0.08975	0.07102	0.01994	0.02799	0.02269	0.10695	0.02190	0.09074	0.01444	0.00365	0.05918	0.01037	0.00596	0.09828
12	0.02354	0.01930	0.02069	0.01880	0.04632	0.09799	0.03832	0.09784	0.10467	0.08331	0.07433	0.17154	0.03062	0.01476	0.00964	0.00303	0.00862	0.01184	0.00783	0.11699
13	0.12830	0.04480	0.04724	0.06690	0.04689	0.01865	0.03217	0.23834	0.02360	0.05890	0.02036	0.08609	0.01770	0.04749	0.06258	0.00359	0.00938	0.00855	0.00619	0.03228
14	0.02668	0.02244	0.07092	0.01847	0.02476	0.06768	0.05072	0.34654	0.05154	0.08897	0.01910	0.02033	0.01399	0.01056	0.00982	0.06250	0.00921	0.00711	0.00679	0.07187

[dist]
# distance from previous block
# <min> <max>
26	34

[block]
# block no. 15 follows, 23 sequences, length 10
# corresponding to MSA columns:
# 499-508
name=unknown_P
#
# <colnr> <probs for GDERKNQSTAVLIFYWHMCP>
#	G	D	E	R	K	N	Q	S	T	A	V	L	I	F	Y	W	H	M	C	P
0	0.05662	0.23341	0.11504	0.01614	0.02156	0.13552	0.04200	0.02419	0.05264	0.02213	0.04723	0.02516	0.01802	0.14296	0.01336	0.00326	0.00976	0.00715	0.00450	0.00936
1	0.01405	0.01138	0.01362	0.01392	0.04412	0.01127	0.00959	0.02129	0.17262	0.02537	0.07383	0.27919	0.08194	0.07556	0.01165	0.00314	0.00570	0.01461	0.00705	0.11008
2	0.01962	0.04945	0.02943	0.03531	0.36146	0.05567	0.08372	0.04751	0.07387	0.02703	0.05107	0.08925	0.02068	0.00988	0.00835	0.00252	0.00923	0.00930	0.00511	0.01153
3	0.11869	0.10389	0.06949	0.02669	0.16828	0.18398	0.09819	0.02851	0.08024	0.02591	0.01548	0.01811	0.01240	0.00786	0.00736	0.00235	0.01069	0.00647	0.00451	0.01091
4	0.40297	0.01667	0.01796	0.04817	0.05116	0.05045	0.04702	0.02225	0.01497	0.02930	0.01538	0.08568	0.01429	0.01030	0.00952	0.00269	0.11199	0.00731	0.00484	0.03708
5	0.07007	0.24251	0.11374	0.01940	0.05189	0.30753	0.01674	0.02756	0.01926	0.02172	0.01346	0.03607	0.01175	0.00827	0.00671	0.00212	0.01145	0.00565	0.00401	0.01008
6	0.01027	0.00733	0.00935	0.01067	0.01128	0.00687	0.00705	0.01165	0.01558	0.02073	0.08235	0.52902	0.08578	0.13380	0.01517	0.00394	0.00512	0.02042	0.00721	0.00641
7	0.07951	0.02080	0.02188	0.01725	0.02321	0.02304	0.01413	0.49394	0.09987	0.04652	0.02418	0.02377	0.05412	0.01038	0.00801	0.00249	0.00819	0.00790	0.00788	0.01293
8	0.01228	0.00800	0.01030	0.01121	0.01268	0.00729	0.00800	0.01422	0.01730	0.07443	0.09169	0.47894	0.14439	0.02266	0.01006	0.00312	0.00489	0.05338	0.00783	0.00734
9	0.07761	0.01939	0.02355	0.02305	0.12466	0.08828	0.07358	0.12687	0.11035	0.06174	0.04760	0.02398	0.01807	0.01404	0.06956	0.00347	0.04033	0.00783	0.03493	0.01110

[dist]
# distance from previous block
# <min> <max>
0	1

[block]
# block no. 16 follows, 23 sequences, length 19
# corresponding to MSA columns:
# 510-528
name=unknown_Q
#
# <colnr> <probs for GDERKNQSTAVLIFYWHMCP>
#	G	D	E	R	K	N	Q	S	T	A	V	L	I	F	Y	W	H	M	C	P
0	0.02112	0.01975	0.05314	0.05485	0.23532	0.08995	0.04835	0.07253	0.04581	0.08467	0.02457	0.12365	0.04740	0.01143	0.00899	0.00261	0.02914	0.00997	0.00568	0.01106
1	0.04827	0.01658	0.02756	0.08409	0.17162	0.01642	0.16610	0.07703	0.01982	0.02815	0.07097	0.12314	0.02336	0.01071	0.00857	0.00255	0.00901	0.01035	0.00539	0.08030
2	0.25949	0.01193	0.01283	0.01130	0.01491	0.01227	0.00889	0.04454	0.02000	0.12541	0.30453	0.03728	0.04116	0.01309	0.00900	0.04172	0.00541	0.00978	0.00753	0.00892
3	0.05839	0.01777	0.05133	0.22800	0.08884	0.01876	0.04072	0.16686	0.09438	0.03107	0.02152	0.10717	0.01857	0.01081	0.00828	0.00268	0.00893	0.00933	0.00580	0.01080
4	0.01620	0.02696	0.34365	0.02028	0.07637	0.01509	0.02063	0.02373	0.05030	0.05377	0.17026	0.03131	0.05612	0.01049	0.00821	0.00249	0.00874	0.00880	0.00553	0.05108
5	0.10206	0.18257	0.19551	0.01793	0.02482	0.13866	0.01785	0.02867	0.06967	0.08291	0.01598	0.01742	0.01228	0.00852	0.00807	0.00237	0.05322	0.00585	0.00474	0.01089
6	0.01946	0.55035	0.06393	0.01326	0.01952	0.02665	0.01314	0.02244	0.01707	0.02092	0.05336	0.02262	0.07472	0.00888	0.00598	0.00192	0.00790	0.00631	0.04170	0.00986
7	0.04751	0.01415	0.02252	0.48650	0.08427	0.01646	0.01956	0.02282	0.01770	0.09860	0.07482	0.02543	0.01790	0.00903	0.00812	0.00264	0.00948	0.00789	0.00492	0.00968
8	0.77215	0.01569	0.01193	0.01067	0.01569	0.01820	0.00879	0.02385	0.01381	0.03641	0.01130	0.01318	0.00879	0.00753	0.00502	0.00251	0.00628	0.00439	0.00502	0.00879
9	0.02294	0.13736	0.02340	0.03929	0.02232	0.20149	0.01377	0.05691	0.18622	0.05525	0.07994	0.04771	0.02241	0.01060	0.00862	0.00242	0.04472	0.00799	0.00607	0.01056
10	0.01159	0.00869	0.01304	0.01304	0.01449	0.01014	0.01014	0.01449	0.01304	0.01884	0.02173	0.03188	0.02029	0.06086	0.68268	0.01304	0.02173	0.00869	0.00435	0.00724
11	0.01826	0.01936	0.07810	0.13466	0.05638	0.06507	0.04660	0.03051	0.27702	0.02794	0.08927	0.03020	0.02457	0.05424	0.01037	0.00296	0.00858	0.00894	0.00621	0.01074
12	0.01482	0.00759	0.00768	0.00768	0.00940	0.00759	0.00560	0.01826	0.01654	0.02894	0.02639	0.03232	0.02159	0.07329	0.00890	0.00243	0.00415	0.00795	0.69156	0.00732
13	0.02607	0.05619	0.08207	0.01935	0.05692	0.04182	0.01594	0.31793	0.14641	0.08635	0.02197	0.02299	0.01640	0.04124	0.00943	0.00271	0.00873	0.00759	0.00716	0.01271
14	0.01073	0.00781	0.00985	0.01084	0.01197	0.00730	0.00772	0.01272	0.01703	0.02252	0.14144	0.35839	0.14172	0.10939	0.01411	0.00373	0.00523	0.09341	0.00741	0.00669
15	0.01882	0.05820	0.11329	0.03144	0.30877	0.01907	0.02004	0.02897	0.19284	0.02809	0.04995	0.02662	0.04970	0.00936	0.00804	0.00251	0.00851	0.00824	0.00546	0.01210
16	0.01152	0.00779	0.00905	0.00926	0.00945	0.00768	0.00544	0.01195	0.01300	0.01745	0.06781	0.14187	0.03569	0.57844	0.03515	0.00692	0.00719	0.01350	0.00552	0.00531
17	0.09248	0.02059	0.05350	0.21842	0.16133	0.07625	0.09619	0.08727	0.04334	0.02793	0.01559	0.01971	0.01202	0.00794	0.00784	0.00250	0.01037	0.00703	0.00460	0.03511
18	0.05718	0.15316	0.02634	0.04737	0.07150	0.25711	0.01549	0.09903	0.07980	0.02621	0.01525	0.01723	0.01237	0.00852	0.00790	0.00221	0.04163	0.00592	0.00489	0.05089

[dist]
# distance from previous block
# <min> <max>
0	1

[block]
# block no. 17 follows, 23 sequences, length 18
# corresponding to MSA columns:
# 530-547
name=unknown_R
#
# <colnr> <probs for GDERKNQSTAVLIFYWHMCP>
#	G	D	E	R	K	N	Q	S	T	A	V	L	I	F	Y	W	H	M	C	P
0	0.04298	0.06475	0.01933	0.13313	0.12818	0.01438	0.01363	0.01946	0.05317	0.02393	0.08678	0.07152	0.13680	0.06223	0.05928	0.00363	0.00832	0.01052	0.00554	0.04246
1	0.01761	0.01475	0.01598	0.01423	0.01849	0.01581	0.01113	0.06239	0.37391	0.03174	0.10242	0.04140	0.12701	0.01298	0.00850	0.00261	0.00593	0.03466	0.00786	0.08060
2	0.01046	0.00785	0.01039	0.04613	0.01437	0.00749	0.00860	0.01247	0.01654	0.02164	0.07117	0.50732	0.13668	0.02326	0.01018	0.00320	0.00515	0.07287	0.00738	0.00687
3	0.02489	0.02288	0.02574	0.11026	0.19596	0.13101	0.01855	0.23769	0.09266	0.03394	0.01804	0.02025	0.01379	0.00879	0.00798	0.00244	0.01003	0.00713	0.00585	0.01213
4	0.01859	0.01568	0.02412	0.48150	0.10023	0.01847	0.02059	0.06656	0.08401	0.06467	0.01785	0.02262	0.01321	0.00857	0.00812	0.00265	0.00989	0.00748	0.00483	0.01036
5	0.02117	0.02281	0.12719	0.01893	0.04711	0.05338	0.01629	0.13536	0.34315	0.03435	0.07242	0.02740	0.02324	0.01040	0.00818	0.00261	0.00809	0.00848	0.00713	0.01230
6	0.01162	0.00865	0.01160	0.05276	0.01508	0.00830	0.00889	0.01527	0.02145	0.02978	0.49931	0.11009	0.09795	0.01736	0.00966	0.00271	0.00461	0.05897	0.00832	0.00761
7	0.01783	0.06092	0.07982	0.14482	0.08930	0.01979	0.19087	0.05324	0.01811	0.02486	0.04571	0.07403	0.01767	0.01028	0.01135	0.00277	0.11482	0.00914	0.00452	0.01017
8	0.01124	0.00807	0.01049	0.01030	0.01186	0.00749	0.00747	0.01444	0.02106	0.02956	0.51986	0.16667	0.06990	0.06106	0.01165	0.00300	0.00422	0.01588	0.00846	0.00731
9	0.01820	0.08756	0.48611	0.02244	0.05544	0.09846	0.02559	0.02575	0.01818	0.02496	0.05239	0.01923	0.01434	0.00824	0.00760	0.00245	0.01150	0.00635	0.00387	0.01134
10	0.01160	0.00837	0.01101	0.01056	0.01247	0.00778	0.00806	0.01543	0.02265	0.03192	0.61356	0.06294	0.07432	0.01703	0.00969	0.00264	0.00410	0.05939	0.00882	0.00764
11	0.00989	0.00706	0.00942	0.01130	0.01177	0.00659	0.00753	0.01130	0.01554	0.02071	0.04472	0.70954	0.05367	0.02542	0.01036	0.00330	0.00471	0.02307	0.00753	0.00659
12	0.01764	0.02595	0.22159	0.14854	0.08862	0.01972	0.27495	0.02457	0.01766	0.02469	0.01515	0.02013	0.01142	0.00772	0.00952	0.00270	0.04688	0.00782	0.00379	0.01094
13	0.01270	0.00870	0.00996	0.00951	0.01225	0.00752	0.00717	0.01521	0.01976	0.08842	0.20546	0.11583	0.42003	0.01897	0.00950	0.00272	0.00437	0.01612	0.00810	0.00770
14	0.01657	0.01246	0.01420	0.01270	0.01568	0.01302	0.00977	0.13141	0.07365	0.05733	0.10868	0.12788	0.23432	0.06836	0.01286	0.00316	0.05794	0.01357	0.00746	0.00899
15	0.02835	0.01857	0.02107	0.01615	0.02261	0.01878	0.01322	0.32814	0.07550	0.18413	0.02224	0.02155	0.01565	0.00911	0.00769	0.00221	0.00767	0.00711	0.00786	0.17239
16	0.02911	0.02154	0.02359	0.01836	0.02410	0.02411	0.01508	0.56473	0.03505	0.04715	0.01865	0.01967	0.01363	0.01106	0.01056	0.04601	0.04981	0.00728	0.00758	0.01292
17	0.07649	0.01530	0.03777	0.04754	0.02154	0.01215	0.01117	0.02348	0.01745	0.11477	0.01659	0.01828	0.01276	0.00684	0.00639	0.00160	0.00659	0.00539	0.00543	0.54247

[dist]
# distance from previous block
# <min> <max>
0	5

[block]
# block no. 18 follows, 23 sequences, length 22
# corresponding to MSA columns:
# 553-574
name=unknown_S
#
# <colnr> <probs for GDERKNQSTAVLIFYWHMCP>
#	G	D	E	R	K	N	Q	S	T	A	V	L	I	F	Y	W	H	M	C	P
