[name]
unknown

[dist]
# distance from previous block
# <min> <max>
0	15

[block]
# block no. 0 follows, 22 sequences, length 10
# corresponding to MSA columns:
# 34-43
name=unknown_A
#
# <colnr> <probs for GDERKNQSTAVLIFYWHMCP>
#	G	D	E	R	K	N	Q	S	T	A	V	L	I	F	Y	W	H	M	C	P
0	0.06952	0.01826	0.02086	0.01806	0.04545	0.01951	0.01423	0.32060	0.08040	0.14236	0.02688	0.06821	0.02212	0.01237	0.00866	0.00275	0.00805	0.08100	0.00819	0.01253
1	0.07648	0.10427	0.03331	0.04350	0.53076	0.02126	0.02288	0.02534	0.01831	0.02697	0.01482	0.01915	0.01254	0.00739	0.00764	0.00239	0.00949	0.00682	0.00412	0.01254
2	0.13028	0.01705	0.01844	0.04382	0.02234	0.01833	0.01259	0.08655	0.31031	0.10217	0.02556	0.02474	0.01891	0.00963	0.00759	0.00248	0.00695	0.00764	0.00741	0.12721
3	0.14240	0.02219	0.10159	0.05228	0.16021	0.03881	0.01814	0.18201	0.05835	0.08530	0.01955	0.04900	0.01532	0.00948	0.00782	0.00258	0.00901	0.00762	0.00615	0.01218
4	0.01943	0.01825	0.02918	0.19564	0.41014	0.01959	0.02289	0.02757	0.12112	0.02700	0.01843	0.02266	0.01468	0.00825	0.00828	0.00260	0.00961	0.00773	0.00473	0.01223
5	0.06941	0.01752	0.02849	0.14905	0.44808	0.01823	0.02217	0.02371	0.01868	0.02749	0.08053	0.02460	0.01923	0.00856	0.00819	0.00254	0.00922	0.00798	0.00463	0.01168
6	0.50354	0.06501	0.01498	0.01160	0.01652	0.01817	0.00959	0.02677	0.07967	0.07043	0.01695	0.01826	0.01296	0.00842	0.00576	0.00246	0.00634	0.00561	0.09728	0.00968
7	0.54438	0.01651	0.01571	0.10843	0.02320	0.01899	0.01187	0.08687	0.01758	0.07070	0.01404	0.01620	0.01045	0.00817	0.00609	0.00259	0.00740	0.00543	0.00554	0.00984
8	0.05260	0.01902	0.02707	0.13616	0.33976	0.05044	0.02065	0.02985	0.14150	0.07085	0.01994	0.02282	0.01545	0.00857	0.00813	0.00258	0.00932	0.00764	0.00537	0.01228
9	0.07889	0.04577	0.02136	0.10384	0.08611	0.04839	0.01467	0.08875	0.08520	0.19787	0.02290	0.02388	0.01658	0.01081	0.02791	0.00278	0.00856	0.00742	0.07062	0.03770

[dist]
# distance from previous block
# <min> <max>
14	26

[block]
# block no. 1 follows, 22 sequences, length 79
# corresponding to MSA columns:
# 75-153
name=unknown_B
#
# <colnr> <probs for GDERKNQSTAVLIFYWHMCP>
#	G	D	E	R	K	N	Q	S	T	A	V	L	I	F	Y	W	H	M	C	P
0	0.01039	0.00750	0.00970	0.01110	0.01189	0.00696	0.00750	0.01209	0.01680	0.02244	0.11761	0.55439	0.09674	0.05837	0.01202	0.00348	0.00483	0.02164	0.00775	0.00681
1	0.01678	0.01612	0.02802	0.53575	0.15891	0.01885	0.06337	0.02231	0.01720	0.02259	0.01505	0.02189	0.01153	0.00806	0.00839	0.00272	0.01106	0.00755	0.00380	0.01003
2	0.01738	0.08255	0.49512	0.06801	0.03743	0.02038	0.11320	0.02592	0.01773	0.02557	0.01494	0.01825	0.01086	0.00774	0.00802	0.00261	0.01222	0.00663	0.00362	0.01182
3	0.01946	0.01852	0.03107	0.19463	0.49233	0.01949	0.02441	0.02533	0.04531	0.02612	0.01622	0.02137	0.01321	0.00778	0.00825	0.00255	0.01000	0.00748	0.00420	0.01226
4	0.01212	0.00870	0.01114	0.01199	0.01323	0.00843	0.00851	0.05426	0.01897	0.02564	0.15830	0.48127	0.05547	0.04441	0.01134	0.00334	0.00520	0.05229	0.00794	0.00745
5	0.01723	0.06803	0.56892	0.02459	0.03621	0.02005	0.09831	0.02628	0.01775	0.02607	0.01499	0.01793	0.01077	0.00776	0.00801	0.00262	0.01234	0.00649	0.00359	0.01209
6	0.01065	0.00795	0.01068	0.01224	0.01270	0.00798	0.00840	0.01212	0.01569	0.02113	0.04348	0.65735	0.05203	0.02527	0.01171	0.00339	0.05033	0.02254	0.00744	0.00690
7	0.01718	0.10502	0.60745	0.02280	0.03460	0.02055	0.02917	0.02618	0.01748	0.02568	0.01460	0.01715	0.01054	0.00782	0.00766	0.00255	0.01196	0.00598	0.00351	0.01213
8	0.01776	0.01842	0.05799	0.38000	0.25527	0.01918	0.08536	0.02342	0.01773	0.02397	0.01527	0.02144	0.01190	0.00785	0.00841	0.00267	0.01102	0.00758	0.00388	0.01088
9	0.01709	0.01585	0.02616	0.56823	0.14042	0.01896	0.02309	0.04893	0.01794	0.02345	0.01512	0.02183	0.01150	0.00825	0.00829	0.00271	0.01082	0.00739	0.00396	0.01000
10	0.03702	0.01455	0.01953	0.01497	0.02141	0.01281	0.01237	0.06673	0.02446	0.63477	0.03220	0.02790	0.02028	0.01027	0.00835	0.00257	0.00716	0.00832	0.01019	0.01414
11	0.01162	0.00932	0.01433	0.09893	0.01990	0.00929	0.05058	0.01420	0.01700	0.02278	0.10056	0.50712	0.04892	0.02161	0.01018	0.00318	0.00613	0.01978	0.00711	0.00747
12	0.01887	0.02103	0.07235	0.12358	0.20896	0.02029	0.27586	0.02469	0.01827	0.02537	0.01640	0.02338	0.01335	0.00850	0.01071	0.00280	0.07395	0.02631	0.00412	0.01123
13	0.01137	0.00840	0.01062	0.01023	0.01221	0.00765	0.00761	0.01486	0.02235	0.03095	0.52991	0.10645	0.16022	0.01816	0.00985	0.00269	0.00402	0.01595	0.00884	0.00765
14	0.01235	0.00911	0.01161	0.01088	0.01302	0.00869	0.00819	0.01756	0.06437	0.03341	0.61096	0.06000	0.07488	0.01661	0.00971	0.00263	0.00409	0.01465	0.00910	0.00819
15	0.01693	0.07568	0.63466	0.02322	0.03524	0.01996	0.02989	0.02624	0.01751	0.02598	0.01474	0.01733	0.01053	0.00785	0.00777	0.00259	0.01211	0.00606	0.00351	0.01220
16	0.01595	0.01655	0.06685	0.56290	0.05187	0.01793	0.05561	0.02173	0.01689	0.02251	0.01572	0.02246	0.01181	0.00830	0.00819	0.00271	0.01083	0.00746	0.05429	0.00944
17	0.01012	0.00723	0.00964	0.01157	0.01205	0.00675	0.00771	0.01157	0.01591	0.02121	0.04579	0.70262	0.05495	0.02603	0.01060	0.00337	0.00482	0.02362	0.00771	0.00675
18	0.01012	0.00723	0.00964	0.01157	0.01205	0.00675	0.00771	0.01157	0.01591	0.02121	0.04579	0.70262	0.05495	0.02603	0.01060	0.00337	0.00482	0.02362	0.00771	0.00675
19	0.01798	0.20235	0.51718	0.02143	0.03247	0.02252	0.02677	0.02597	0.01738	0.02470	0.01411	0.01654	0.01056	0.00771	0.00728	0.00243	0.01147	0.00574	0.00352	0.01189
20	0.02345	0.58378	0.06199	0.01541	0.02251	0.06339	0.01504	0.08911	0.01958	0.02328	0.01262	0.01425	0.01102	0.00751	0.00584	0.00190	0.00933	0.00487	0.00409	0.01103
21	0.02978	0.07056	0.02562	0.08075	0.02806	0.11148	0.01616	0.41306	0.03240	0.08330	0.01880	0.01959	0.01358	0.00946	0.00800	0.00243	0.00995	0.00704	0.00715	0.01284
22	0.01176	0.00849	0.01110	0.01045	0.01241	0.00784	0.00784	0.01568	0.02352	0.03331	0.65184	0.06206	0.07839	0.01698	0.00980	0.00261	0.00392	0.01502	0.00914	0.00784
23	0.02600	0.02008	0.05533	0.01711	0.02278	0.05158	0.01424	0.13774	0.32756	0.16553	0.02899	0.02707	0.02083	0.01048	0.00824	0.00264	0.00774	0.00842	0.03454	0.01310
24	0.01834	0.11229	0.53573	0.02289	0.03414	0.02053	0.06089	0.02680	0.01786	0.05397	0.01545	0.01784	0.01110	0.00787	0.00774	0.00255	0.01178	0.00626	0.00385	0.01213
25	0.02072	0.53322	0.21031	0.01675	0.02525	0.02923	0.01864	0.02526	0.01706	0.02136	0.01245	0.01446	0.01062	0.00732	0.00602	0.00201	0.00979	0.00490	0.00354	0.01109
26	0.01178	0.00798	0.00933	0.00954	0.00979	0.00785	0.00567	0.01235	0.01369	0.01844	0.08764	0.14610	0.03820	0.54744	0.03479	0.00689	0.00721	0.01398	0.00580	0.00554
27	0.01012	0.00723	0.00964	0.01157	0.01205	0.00675	0.00771	0.01157	0.01591	0.02121	0.04579	0.70262	0.05495	0.02603	0.01060	0.00337	0.00482	0.02362	0.00771	0.00675
28	0.01337	0.01049	0.01219	0.01179	0.01436	0.01045	0.00889	0.03864	0.13476	0.02952	0.27416	0.15983	0.19202	0.01826	0.00970	0.00285	0.00491	0.03676	0.00839	0.00864
29	0.06971	0.54307	0.11288	0.05968	0.02506	0.02940	0.01639	0.02477	0.01676	0.02160	0.01216	0.01441	0.01056	0.00732	0.00581	0.00199	0.00927	0.00484	0.00366	0.01065
30	0.01824	0.01040	0.01069	0.00969	0.01243	0.01083	0.00752	0.12370	0.02113	0.03463	0.02587	0.02908	0.02007	0.00973	0.00624	0.00203	0.00477	0.00770	0.62640	0.00884
31	0.03727	0.01414	0.01928	0.01478	0.02121	0.01221	0.01221	0.04049	0.02378	0.66198	0.03277	0.02828	0.02056	0.01028	0.00835	0.00257	0.00707	0.00835	0.01028	0.01414
32	0.01751	0.01617	0.02730	0.28458	0.26206	0.01760	0.06185	0.02297	0.05156	0.02394	0.01829	0.06733	0.01586	0.01075	0.01032	0.05849	0.00989	0.00872	0.00440	0.01040
33	0.01324	0.00962	0.01177	0.01189	0.01260	0.01016	0.00813	0.05305	0.01561	0.02101	0.03228	0.26704	0.03706	0.34135	0.02648	0.00554	0.05759	0.05273	0.00620	0.00666
34	0.00982	0.00842	0.00842	0.00842	0.01122	0.00701	0.00631	0.01192	0.01894	0.02244	0.08416	0.07995	0.65285	0.02104	0.00982	0.00281	0.00421	0.01753	0.00771	0.00701
35	0.02081	0.01730	0.01837	0.01650	0.02104	0.01985	0.01276	0.04263	0.59440	0.05351	0.03345	0.03193	0.02542	0.04174	0.00993	0.00304	0.00665	0.00948	0.00836	0.01282
36	0.02226	0.01583	0.01855	0.01372	0.02074	0.01345	0.01108	0.09803	0.04873	0.13054	0.01908	0.01991	0.01441	0.00749	0.00686	0.00166	0.00667	0.00597	0.00633	0.51869
37	0.08102	0.04846	0.06307	0.01564	0.02228	0.01587	0.01370	0.08927	0.07301	0.44740	0.02823	0.02543	0.01853	0.00987	0.00798	0.00255	0.00759	0.00779	0.00888	0.01344
38	0.02870	0.03576	0.02332	0.02110	0.02476	0.57010	0.01605	0.03084	0.02184	0.02025	0.01302	0.01612	0.01116	0.01158	0.03868	0.00280	0.09450	0.00573	0.00421	0.00947
39	0.01187	0.00890	0.01335	0.01335	0.01483	0.01038	0.01038	0.01483	0.01335	0.01928	0.02225	0.03264	0.02077	0.06231	0.67512	0.01335	0.02225	0.00890	0.00445	0.00742
40	0.01915	0.01870	0.03305	0.21956	0.42872	0.01954	0.09086	0.02448	0.01838	0.02550	0.01553	0.02119	0.01254	0.00760	0.00842	0.00258	0.01065	0.00766	0.00401	0.01189
41	0.02221	0.71304	0.04353	0.01421	0.02132	0.03287	0.01421	0.02488	0.01688	0.01955	0.01155	0.01333	0.01066	0.00711	0.00533	0.00178	0.00888	0.00444	0.00355	0.01066
42	0.02837	0.01441	0.01790	0.01477	0.02000	0.01412	0.01184	0.03786	0.21172	0.37617	0.12648	0.03420	0.03075	0.01159	0.00860	0.00265	0.00644	0.00968	0.00955	0.01289
43	0.01254	0.00944	0.01172	0.01098	0.01327	0.00909	0.00828	0.01834	0.08615	0.03278	0.55340	0.06001	0.10890	0.01666	0.00966	0.00265	0.00421	0.01461	0.00899	0.00833
44	0.01702	0.08670	0.62445	0.02306	0.03500	0.02018	0.02962	0.02622	0.01750	0.02587	0.01469	0.01726	0.01053	0.00784	0.00773	0.00258	0.01206	0.00603	0.00351	0.01217
45	0.01666	0.04297	0.66500	0.02368	0.03596	0.01929	0.03069	0.02631	0.01754	0.02631	0.01491	0.01754	0.01052	0.00789	0.00789	0.00263	0.01228	0.00614	0.00351	0.01228
46	0.01646	0.01518	0.02492	0.65542	0.05568	0.01881	0.02272	0.05087	0.01771	0.02275	0.01502	0.02204	0.01122	0.00839	0.00831	0.00276	0.01098	0.00739	0.00392	0.00947
47	0.02538	0.01832	0.01973	0.01580	0.02037	0.02001	0.01233	0.42888	0.03051	0.04116	0.02200	0.03022	0.01900	0.20997	0.01795	0.00407	0.00863	0.00881	0.03556	0.01128
48	0.00983	0.00836	0.00848	0.00858	0.01126	0.00700	0.00638	0.01190	0.01878	0.02238	0.08222	0.11145	0.62260	0.02129	0.00986	0.00283	0.00424	0.01784	0.00771	0.00700
49	0.02769	0.01363	0.01718	0.01393	0.01897	0.01282	0.01122	0.09407	0.06751	0.36458	0.18047	0.03902	0.07643	0.01262	0.00879	0.00261	0.00632	0.01052	0.00951	0.01211
50	0.02056	0.01974	0.03372	0.05099	0.65622	0.01974	0.02550	0.02550	0.01892	0.02714	0.01563	0.02056	0.01316	0.00740	0.00822	0.00247	0.00987	0.00740	0.00411	0.01316
51	0.01100	0.00797	0.01052	0.01215	0.01305	0.00765	0.00863	0.01366	0.03792	0.02294	0.08601	0.55938	0.05462	0.02453	0.01059	0.00336	0.00518	0.09586	0.00783	0.00715
52	0.01549	0.00774	0.00774	0.00774	0.00968	0.00774	0.00581	0.01936	0.01742	0.03097	0.02710	0.03097	0.02129	0.00968	0.00581	0.00194	0.00387	0.00774	0.75416	0.00774
53	0.76672	0.01607	0.01221	0.01092	0.01607	0.01864	0.00900	0.02442	0.01414	0.03727	0.01157	0.01350	0.00900	0.00771	0.00514	0.00257	0.00643	0.00450	0.00514	0.00900
54	0.01187	0.00890	0.01335	0.01335	0.01483	0.01038	0.01038	0.01483	0.01335	0.01928	0.02225	0.03264	0.02077	0.06231	0.67512	0.01335	0.02225	0.00890	0.00445	0.00742
55	0.01723	0.01477	0.01723	0.01230	0.01969	0.01107	0.00984	0.02092	0.01723	0.02707	0.01477	0.01723	0.01230	0.00615	0.00615	0.00123	0.00615	0.00492	0.00492	0.75883
56	0.01098	0.00849	0.01050	0.03576	0.01380	0.00780	0.00807	0.01385	0.02003	0.02644	0.29212	0.19449	0.26629	0.02004	0.00997	0.00288	0.00460	0.03839	0.00811	0.00739
57	0.01549	0.00774	0.00774	0.00774	0.00968	0.00774	0.00581	0.01936	0.01742	0.03097	0.02710	0.03097	0.02129	0.00968	0.00581	0.00194	0.00387	0.00774	0.75416	0.00774
58	0.02136	0.01762	0.02144	0.01567	0.02292	0.01579	0.05170	0.18974	0.02343	0.03405	0.01633	0.01832	0.01283	0.00727	0.00699	0.00168	0.00749	0.00595	0.00581	0.50358
59	0.03005	0.03762	0.02375	0.02247	0.05308	0.61293	0.01632	0.03339	0.05459	0.02136	0.01402	0.01604	0.01155	0.00865	0.00757	0.00219	0.01433	0.00564	0.00448	0.00996
60	0.01994	0.01930	0.03353	0.12456	0.55248	0.01966	0.05828	0.02506	0.01868	0.02642	0.01559	0.02085	0.01288	0.00749	0.00832	0.00252	0.01024	0.00753	0.00407	0.01259
61	0.01012	0.00723	0.00964	0.01157	0.01205	0.00675	0.00771	0.01157	0.01591	0.02121	0.04579	0.70262	0.05495	0.02603	0.01060	0.00337	0.00482	0.02362	0.00771	0.00675
62	0.34068	0.13877	0.01900	0.01294	0.01769	0.01984	0.01070	0.02738	0.16257	0.03180	0.06172	0.08419	0.02189	0.01073	0.00676	0.00256	0.00659	0.00808	0.00613	0.00998
63	0.02515	0.02686	0.02943	0.03796	0.38289	0.24464	0.02138	0.08297	0.02233	0.02710	0.01507	0.01859	0.01241	0.00803	0.00798	0.00236	0.01155	0.00671	0.00455	0.01204
64	0.01069	0.00840	0.00966	0.00945	0.01178	0.00737	0.00705	0.01358	0.02085	0.02723	0.33529	0.09746	0.37266	0.01944	0.00984	0.00274	0.00410	0.01666	0.00835	0.00737
65	0.01767	0.01511	0.01824	0.07405	0.02335	0.01235	0.01129	0.04580	0.01806	0.02757	0.01498	0.01779	0.01227	0.00650	0.00644	0.00142	0.00672	0.00525	0.00495	0.66018
66	0.02303	0.02036	0.02179	0.06531	0.08847	0.08455	0.01556	0.09781	0.39469	0.05612	0.02726	0.02660	0.02046	0.01026	0.00831	0.00267	0.00830	0.00844	0.00735	0.01268
67	0.01875	0.02103	0.04544	0.03288	0.04056	0.01971	0.56981	0.02524	0.01927	0.02612	0.01944	0.08428	0.01646	0.00873	0.00988	0.00285	0.01317	0.01106	0.00452	0.01080
68	0.01858	0.01983	0.04044	0.11347	0.12380	0.01935	0.41671	0.02449	0.01847	0.02508	0.01726	0.02504	0.01410	0.07098	0.01237	0.00323	0.01256	0.00940	0.00420	0.01067
69	0.01173	0.00866	0.01193	0.01193	0.01320	0.00955	0.00880	0.01394	0.01357	0.01885	0.02877	0.04187	0.08040	0.20513	0.47096	0.01119	0.01739	0.01041	0.00488	0.00684
70	0.01942	0.01847	0.03059	0.06787	0.55461	0.01857	0.02323	0.02477	0.04071	0.02678	0.02247	0.02638	0.07170	0.00881	0.00838	0.00252	0.00928	0.00839	0.00458	0.01246
71	0.01080	0.00927	0.00936	0.00919	0.01217	0.00825	0.00693	0.01485	0.07553	0.02356	0.07958	0.07550	0.59578	0.02015	0.00969	0.00281	0.00442	0.01679	0.00778	0.00757
72	0.02889	0.02107	0.02273	0.01770	0.02366	0.02314	0.01452	0.53924	0.03645	0.04945	0.07781	0.02438	0.02037	0.01059	0.00831	0.00247	0.00838	0.00818	0.04946	0.01320
73	0.01968	0.01699	0.01784	0.01613	0.02066	0.01942	0.01253	0.04121	0.58461	0.03363	0.03839	0.03545	0.08243	0.01216	0.00858	0.00282	0.00636	0.01013	0.00839	0.01259
74	0.01998	0.01933	0.03354	0.11931	0.56022	0.01966	0.05561	0.02509	0.01870	0.02647	0.01559	0.02083	0.01290	0.00748	0.00831	0.00252	0.01021	0.00752	0.00407	0.01263
75	0.02156	0.01817	0.01933	0.01673	0.02189	0.02036	0.01314	0.10701	0.51751	0.03601	0.03054	0.02851	0.02292	0.01066	0.00823	0.00264	0.00682	0.00877	0.00812	0.08108
76	0.03108	0.03811	0.02367	0.02119	0.02569	0.61567	0.01603	0.08732	0.02495	0.02324	0.01349	0.01543	0.01101	0.00869	0.00757	0.00217	0.01445	0.00554	0.00465	0.01004
77	0.01879	0.02041	0.08859	0.23326	0.42609	0.01933	0.02527	0.02433	0.01812	0.02535	0.01531	0.02075	0.01231	0.00771	0.00822	0.00257	0.01044	0.00728	0.00394	0.01194
78	0.01145	0.00848	0.01068	0.01013	0.01222	0.00771	0.00760	0.01508	0.02279	0.03159	0.56194	0.06489	0.16936	0.01763	0.00980	0.00264	0.00396	0.01542	0.00892	0.00771

[dist]
# distance from previous block
# <min> <max>
0	6

[block]
# block no. 2 follows, 22 sequences, length 50
# corresponding to MSA columns:
# 160-209
name=unknown_C
#
# <colnr> <probs for GDERKNQSTAVLIFYWHMCP>
#	G	D	E	R	K	N	Q	S	T	A	V	L	I	F	Y	W	H	M	C	P
0	0.01220	0.00941	0.01436	0.07229	0.01854	0.01109	0.01149	0.01539	0.01364	0.01945	0.02160	0.03172	0.01992	0.05759	0.61687	0.01243	0.02128	0.00877	0.00438	0.00758
1	0.02153	0.65138	0.04067	0.01392	0.02040	0.03063	0.01360	0.02365	0.01635	0.01910	0.01180	0.01437	0.01099	0.00901	0.00770	0.06787	0.00874	0.00468	0.00356	0.01004
2	0.01004	0.00829	0.00857	0.00873	0.01110	0.00708	0.00631	0.01191	0.01809	0.02179	0.07595	0.12865	0.54955	0.08146	0.01272	0.00331	0.00459	0.01755	0.00748	0.00682
3	0.02249	0.01875	0.01981	0.01728	0.02230	0.02152	0.01359	0.14192	0.54047	0.03770	0.03149	0.02915	0.02348	0.01105	0.00843	0.00276	0.00700	0.00907	0.00843	0.01331
4	0.01583	0.03714	0.55439	0.02144	0.03197	0.01736	0.02683	0.02451	0.01855	0.02749	0.12265	0.02507	0.02200	0.00943	0.00821	0.00263	0.01086	0.00764	0.00446	0.01153
5	0.01708	0.01551	0.02492	0.62964	0.05447	0.01910	0.02244	0.07428	0.01857	0.02395	0.01522	0.02196	0.01134	0.00845	0.00831	0.00274	0.01091	0.00739	0.00409	0.00966
6	0.02048	0.01997	0.03506	0.04960	0.60269	0.01985	0.07796	0.02559	0.01898	0.02709	0.01573	0.02072	0.01311	0.00737	0.00836	0.00250	0.01023	0.00761	0.00412	0.01299
7	0.01570	0.00841	0.00873	0.00866	0.01066	0.00848	0.00646	0.04690	0.01828	0.03098	0.02865	0.09797	0.02434	0.01134	0.00641	0.00211	0.00421	0.00933	0.64445	0.00794
8	0.01207	0.00811	0.00933	0.00933	0.00943	0.00820	0.00538	0.01226	0.01216	0.01631	0.02593	0.05298	0.02960	0.66685	0.08265	0.00839	0.00896	0.01188	0.00500	0.00519
9	0.01549	0.00774	0.00774	0.00774	0.00968	0.00774	0.00581	0.01936	0.01742	0.03097	0.02710	0.03097	0.02129	0.00968	0.00581	0.00194	0.00387	0.00774	0.75416	0.00774
10	0.03057	0.02230	0.02386	0.01840	0.02476	0.02464	0.01517	0.59043	0.03771	0.05102	0.02039	0.02063	0.01458	0.00995	0.00815	0.00246	0.00881	0.00750	0.05494	0.01373
11	0.03103	0.03959	0.02354	0.02140	0.02568	0.67469	0.01605	0.03317	0.02354	0.02033	0.01284	0.01498	0.01070	0.00856	0.00749	0.00214	0.01498	0.00535	0.00428	0.00963
12	0.01207	0.00810	0.00928	0.00928	0.00936	0.00817	0.00531	0.01222	0.01215	0.01627	0.02598	0.05326	0.02972	0.67508	0.07459	0.00832	0.00878	0.01192	0.00500	0.00516
13	0.01549	0.00774	0.00774	0.00774	0.00968	0.00774	0.00581	0.01936	0.01742	0.03097	0.02710	0.03097	0.02129	0.00968	0.00581	0.00194	0.00387	0.00774	0.75416	0.00774
14	0.01187	0.00890	0.01335	0.01335	0.01483	0.01038	0.01038	0.01483	0.01335	0.01928	0.02225	0.03264	0.02077	0.06231	0.67512	0.01335	0.02225	0.00890	0.00445	0.00742
15	0.02056	0.01974	0.03372	0.05099	0.65622	0.01974	0.02550	0.02550	0.01892	0.02714	0.01563	0.02056	0.01316	0.00740	0.00822	0.00247	0.00987	0.00740	0.00411	0.01316
16	0.03727	0.01414	0.01928	0.01478	0.02121	0.01221	0.01221	0.04049	0.02378	0.66198	0.03277	0.02828	0.02056	0.01028	0.00835	0.00257	0.00707	0.00835	0.01028	0.01414
17	0.03158	0.02327	0.02493	0.01911	0.02576	0.02576	0.01579	0.62852	0.03906	0.05236	0.01995	0.01995	0.01413	0.00997	0.00831	0.00249	0.00914	0.00748	0.00831	0.01413
18	0.02056	0.01974	0.03372	0.05099	0.65622	0.01974	0.02550	0.02550	0.01892	0.02714	0.01563	0.02056	0.01316	0.00740	0.00822	0.00247	0.00987	0.00740	0.00411	0.01316
19	0.02054	0.02497	0.22771	0.01961	0.02628	0.01862	0.05762	0.15626	0.04769	0.05604	0.01891	0.02236	0.01454	0.01567	0.07423	0.05091	0.06691	0.00743	0.06260	0.01111
20	0.01199	0.00805	0.00924	0.00932	0.00939	0.00808	0.00533	0.01216	0.01229	0.01643	0.02686	0.08072	0.03091	0.65682	0.06320	0.00804	0.00842	0.01245	0.00513	0.00519
21	0.01680	0.04202	0.63636	0.02421	0.03630	0.01937	0.05838	0.02632	0.01764	0.02632	0.01500	0.01777	0.01062	0.00785	0.00798	0.00264	0.01236	0.00631	0.00354	0.01223
22	0.05053	0.00806	0.01020	0.01121	0.01237	0.00769	0.00782	0.01343	0.01801	0.02556	0.21926	0.48099	0.05930	0.02244	0.01008	0.00311	0.00464	0.02012	0.00799	0.00718
23	0.01961	0.02241	0.04902	0.03501	0.04342	0.02101	0.62605	0.02661	0.01961	0.02661	0.01681	0.02241	0.01261	0.00700	0.00980	0.00280	0.01401	0.00980	0.00420	0.01120
24	0.00982	0.00842	0.00842	0.00842	0.01122	0.00701	0.00631	0.01192	0.01894	0.02244	0.08416	0.07995	0.65285	0.02104	0.00982	0.00281	0.00421	0.01753	0.00771	0.00701
25	0.02890	0.02168	0.02349	0.01784	0.02463	0.02302	0.01468	0.51523	0.03499	0.04764	0.01898	0.01944	0.01379	0.00926	0.00791	0.00226	0.00858	0.00700	0.00768	0.15298
26	0.02133	0.01968	0.03122	0.04427	0.53160	0.01993	0.02314	0.07599	0.06582	0.02975	0.01727	0.02113	0.01409	0.00784	0.00816	0.00244	0.00941	0.00745	0.00481	0.04467
27	0.02390	0.01877	0.02006	0.01710	0.02232	0.02114	0.01356	0.19508	0.43513	0.06759	0.03186	0.02965	0.04343	0.01122	0.00846	0.00272	0.00719	0.00912	0.00847	0.01324
28	0.01723	0.01477	0.01723	0.01230	0.01969	0.01107	0.00984	0.02092	0.01723	0.02707	0.01477	0.01723	0.01230	0.00615	0.00615	0.00123	0.00615	0.00492	0.00492	0.75883
29	0.01025	0.00728	0.00960	0.01141	0.01186	0.00683	0.00754	0.01160	0.01566	0.02088	0.04454	0.66127	0.05337	0.06953	0.01262	0.00367	0.00503	0.02288	0.00754	0.00664
30	0.01443	0.00722	0.01082	0.01082	0.01082	0.00722	0.00722	0.01082	0.01082	0.01443	0.01443	0.02525	0.01443	0.02886	0.03247	0.75830	0.00722	0.00722	0.00361	0.00361
31	0.01159	0.00832	0.01081	0.01223	0.01321	0.00802	0.00861	0.04475	0.01769	0.02363	0.06833	0.59136	0.05314	0.02457	0.01052	0.00333	0.00524	0.06960	0.00780	0.00725
32	0.01569	0.01477	0.02492	0.68808	0.05722	0.01846	0.02307	0.02123	0.01661	0.02123	0.01477	0.02215	0.01107	0.00831	0.00831	0.00277	0.01107	0.00738	0.00369	0.00923
33	0.08060	0.02256	0.10165	0.03619	0.26209	0.02068	0.22418	0.02523	0.01790	0.02688	0.01507	0.02001	0.01210	0.00817	0.01065	0.00274	0.08975	0.00782	0.00411	0.01161
34	0.01731	0.09940	0.21266	0.02040	0.02490	0.02242	0.02032	0.02158	0.01477	0.02178	0.01457	0.04804	0.01347	0.01619	0.07151	0.00392	0.33550	0.00747	0.00383	0.00995
35	0.07865	0.11687	0.54103	0.02156	0.03267	0.02078	0.02705	0.02599	0.01719	0.02644	0.01425	0.01673	0.01041	0.00779	0.00738	0.00253	0.01141	0.00581	0.00365	0.01183
36	0.02659	0.02060	0.02493	0.22911	0.03564	0.02347	0.01808	0.43789	0.03201	0.04258	0.01832	0.02064	0.01317	0.00945	0.00831	0.00258	0.00975	0.00745	0.00686	0.01259
37	0.01672	0.01428	0.01679	0.04311	0.02053	0.01164	0.01022	0.02146	0.05603	0.02647	0.02010	0.02347	0.04671	0.04438	0.00849	0.00184	0.00640	0.00634	0.00523	0.59978
38	0.02110	0.01706	0.01930	0.01414	0.02133	0.01504	0.01145	0.18477	0.02311	0.03389	0.01616	0.01796	0.01280	0.00718	0.00673	0.00157	0.00696	0.00561	0.00584	0.55800
39	0.01800	0.17249	0.50323	0.02357	0.07266	0.02198	0.02714	0.02598	0.01750	0.02504	0.01430	0.01691	0.01072	0.00771	0.00741	0.00245	0.01146	0.00589	0.00356	0.01202
40	0.01044	0.00844	0.00928	0.00907	0.01160	0.00728	0.00680	0.01313	0.02040	0.02593	0.26618	0.07421	0.46865	0.01974	0.00981	0.00274	0.00412	0.01673	0.00817	0.00728
41	0.01902	0.01763	0.02657	0.12832	0.35591	0.01876	0.02041	0.02858	0.17875	0.02788	0.02579	0.02833	0.06833	0.00964	0.00843	0.00263	0.00873	0.00874	0.00546	0.01210
42	0.01012	0.00723	0.00964	0.01157	0.01205	0.00675	0.00771	0.01157	0.01591	0.02121	0.04579	0.70262	0.05495	0.02603	0.01060	0.00337	0.00482	0.02362	0.00771	0.00675
43	0.01294	0.00960	0.01374	0.04646	0.04209	0.00964	0.01285	0.01628	0.01819	0.02386	0.04203	0.24204	0.04662	0.02247	0.01098	0.00361	0.00717	0.40438	0.00735	0.00770
44	0.02101	0.02059	0.03328	0.04973	0.62925	0.04776	0.02509	0.02582	0.01911	0.02685	0.01551	0.02032	0.01305	0.00745	0.00819	0.00245	0.01009	0.00731	0.00412	0.01301
45	0.01957	0.02133	0.08690	0.08060	0.37740	0.01984	0.09961	0.02662	0.07273	0.02693	0.01698	0.02130	0.01365	0.00811	0.00932	0.00259	0.04511	0.00767	0.00443	0.03931
46	0.68835	0.01641	0.01505	0.04097	0.01951	0.01878	0.04817	0.02442	0.01458	0.03593	0.01203	0.01442	0.00931	0.00769	0.00557	0.00259	0.00710	0.00495	0.00502	0.00914
47	0.02094	0.55068	0.16566	0.01641	0.02424	0.02987	0.01764	0.02495	0.01683	0.02090	0.01219	0.01437	0.01064	0.00758	0.00678	0.00203	0.03893	0.00490	0.00355	0.01091
48	0.41805	0.01615	0.01468	0.06345	0.01989	0.04231	0.01082	0.08198	0.05827	0.03528	0.07079	0.02410	0.04667	0.00973	0.00662	0.00255	0.00690	0.00702	0.05520	0.00953
49	0.70498	0.01548	0.01230	0.01112	0.01597	0.01796	0.00911	0.02364	0.01407	0.03580	0.01244	0.01506	0.00996	0.01218	0.05994	0.00345	0.00772	0.00486	0.00508	0.00887

[dist]
# distance from previous block
# <min> <max>
0	2

[block]
# block no. 3 follows, 22 sequences, length 10
# corresponding to MSA columns:
# 212-221
name=unknown_D
#
# <colnr> <probs for GDERKNQSTAVLIFYWHMCP>
#	G	D	E	R	K	N	Q	S	T	A	V	L	I	F	Y	W	H	M	C	P
0	0.02924	0.02204	0.02457	0.09046	0.02888	0.02468	0.01641	0.52911	0.07224	0.04799	0.02021	0.02083	0.01447	0.00987	0.00832	0.00254	0.00920	0.00758	0.00783	0.01355
1	0.02890	0.02080	0.02282	0.01793	0.02387	0.02285	0.01468	0.49843	0.06432	0.07652	0.05933	0.02418	0.01924	0.01374	0.05010	0.00320	0.00943	0.00815	0.00822	0.01328
2	0.76672	0.01607	0.01221	0.01092	0.01607	0.01864	0.00900	0.02442	0.01414	0.03727	0.01157	0.01350	0.00900	0.00771	0.00514	0.00257	0.00643	0.00450	0.00514	0.00900
3	0.01585	0.03443	0.48155	0.02284	0.03262	0.01730	0.09346	0.02377	0.01749	0.02545	0.02051	0.13763	0.01851	0.01096	0.00858	0.00278	0.01117	0.00960	0.00432	0.01119
4	0.01898	0.03973	0.59232	0.02268	0.03430	0.01850	0.02861	0.02790	0.01824	0.09785	0.01692	0.01875	0.01165	0.00816	0.00794	0.00262	0.01169	0.00639	0.00427	0.01249
5	0.01128	0.00834	0.01053	0.01027	0.01219	0.00759	0.00759	0.01464	0.02196	0.03029	0.49679	0.13689	0.16362	0.01862	0.00989	0.00273	0.00406	0.01637	0.00876	0.00759
6	0.01654	0.01425	0.02120	0.11212	0.22488	0.01477	0.01685	0.02279	0.08829	0.02620	0.04922	0.09050	0.05479	0.03366	0.00996	0.00297	0.00799	0.11567	0.03494	0.04242
7	0.01010	0.00733	0.00954	0.01131	0.01198	0.00677	0.00760	0.01160	0.01615	0.02131	0.04891	0.65192	0.10363	0.02562	0.01054	0.00333	0.00477	0.02312	0.00771	0.00677
8	0.02591	0.01620	0.01870	0.01543	0.02037	0.01676	0.01232	0.25064	0.09678	0.19008	0.09164	0.11453	0.06652	0.01349	0.00885	0.00269	0.00703	0.01120	0.00877	0.01209
9	0.02188	0.22727	0.26192	0.02146	0.05072	0.06155	0.08506	0.02767	0.01893	0.10073	0.03732	0.01957	0.01434	0.00819	0.00747	0.00236	0.01066	0.00660	0.00466	0.01165

[dist]
# distance from previous block
# <min> <max>
0	1

[block]
# block no. 4 follows, 22 sequences, length 17
# corresponding to MSA columns:
# 223-239
name=unknown_E
#
# <colnr> <probs for GDERKNQSTAVLIFYWHMCP>
#	G	D	E	R	K	N	Q	S	T	A	V	L	I	F	Y	W	H	M	C	P
0	0.01694	0.01359	0.01751	0.14656	0.02552	0.01249	0.01214	0.04575	0.01732	0.02588	0.01630	0.02082	0.01342	0.01109	0.03150	0.07404	0.00770	0.00612	0.07123	0.41408
1	0.01068	0.00780	0.01005	0.01085	0.01210	0.00717	0.00762	0.01309	0.01896	0.02571	0.26895	0.40953	0.12220	0.02226	0.01023	0.00304	0.00443	0.01991	0.00823	0.00717
2	0.02128	0.02070	0.03086	0.15468	0.16645	0.06393	0.14779	0.09773	0.11528	0.02912	0.01851	0.02225	0.01432	0.00887	0.00969	0.00270	0.05094	0.00807	0.00518	0.01165
3	0.01691	0.08150	0.49903	0.02453	0.07781	0.01928	0.05354	0.02498	0.01755	0.02553	0.01732	0.07301	0.01440	0.00923	0.00805	0.00263	0.01136	0.00769	0.00392	0.01174
4	0.07318	0.14887	0.23207	0.01922	0.05161	0.02075	0.01919	0.11999	0.02203	0.15612	0.04653	0.02111	0.01609	0.00891	0.00751	0.00244	0.00932	0.00682	0.00597	0.01227
5	0.02115	0.61748	0.09194	0.01493	0.02212	0.03045	0.01532	0.02440	0.01673	0.02008	0.01245	0.01480	0.01125	0.01042	0.04498	0.00253	0.00995	0.00484	0.00360	0.01060
6	0.01058	0.00845	0.00947	0.00921	0.01169	0.00734	0.00691	0.01339	0.02072	0.02669	0.30574	0.07296	0.42862	0.01946	0.00981	0.00273	0.00410	0.01655	0.00827	0.00734
7	0.01721	0.10884	0.60391	0.02275	0.03452	0.02063	0.02907	0.02617	0.01747	0.02564	0.01458	0.01713	0.01054	0.00782	0.00764	0.00255	0.01194	0.00597	0.00351	0.01212
8	0.02859	0.08319	0.02617	0.02250	0.05453	0.51779	0.04363	0.03283	0.07256	0.02203	0.01475	0.01675	0.01208	0.00856	0.00756	0.00221	0.01360	0.00591	0.00456	0.01022
9	0.01779	0.01419	0.01679	0.01238	0.01922	0.01082	0.00982	0.02129	0.01748	0.06053	0.01795	0.06690	0.01580	0.00780	0.00659	0.00146	0.00611	0.00644	0.00541	0.66523
10	0.01504	0.01394	0.01997	0.01675	0.02034	0.05480	0.13717	0.04016	0.02070	0.02748	0.22401	0.20339	0.10575	0.01619	0.00962	0.00276	0.00728	0.01489	0.00709	0.04270
11	0.02472	0.01726	0.08150	0.01478	0.02156	0.01305	0.01300	0.07705	0.02122	0.25296	0.02467	0.08985	0.01946	0.01008	0.00772	0.00216	0.00719	0.00833	0.00723	0.28620
12	0.02119	0.09307	0.25012	0.01741	0.02529	0.01734	0.01832	0.05391	0.07903	0.14426	0.02661	0.06862	0.06101	0.01057	0.00795	0.00248	0.00872	0.00854	0.00613	0.07944
13	0.04138	0.07195	0.10645	0.03880	0.02585	0.01629	0.15782	0.02107	0.01776	0.02555	0.05955	0.09827	0.08330	0.01165	0.00957	0.00257	0.05360	0.01030	0.05880	0.08948
14	0.02168	0.04151	0.07137	0.01497	0.02169	0.01586	0.01302	0.13240	0.08913	0.08952	0.02116	0.05012	0.01682	0.00894	0.00727	0.00200	0.00723	0.00718	0.04014	0.32798
15	0.07154	0.09181	0.35324	0.07589	0.06870	0.01904	0.05130	0.02515	0.01794	0.04978	0.05642	0.02143	0.01587	0.00851	0.00766	0.00253	0.01033	0.00693	0.03466	0.01125
16	0.02492	0.29095	0.06039	0.01652	0.02289	0.02559	0.01506	0.20375	0.05144	0.08186	0.04515	0.02004	0.01617	0.00931	0.00837	0.00227	0.05345	0.00661	0.00600	0.03926

[dist]
# distance from previous block
# <min> <max>
5	17

[block]
# block no. 5 follows, 22 sequences, length 18
# corresponding to MSA columns:
# 257-274
name=unknown_F
#
# <colnr> <probs for GDERKNQSTAVLIFYWHMCP>
#	G	D	E	R	K	N	Q	S	T	A	V	L	I	F	Y	W	H	M	C	P
0	0.22452	0.07288	0.05835	0.01688	0.02249	0.02342	0.01474	0.29222	0.02573	0.03974	0.03554	0.01869	0.01391	0.00983	0.00965	0.00262	0.09438	0.00659	0.00628	0.01156
1	0.10329	0.29375	0.08691	0.01717	0.02360	0.09064	0.01597	0.17331	0.02242	0.03016	0.01398	0.01586	0.01134	0.00864	0.00812	0.00229	0.06069	0.00564	0.00496	0.01126
2	0.07771	0.26779	0.14437	0.01659	0.02341	0.06316	0.01639	0.13428	0.02092	0.02869	0.01562	0.01822	0.01269	0.01344	0.07197	0.00328	0.01077	0.00597	0.04379	0.01093
3	0.23970	0.09937	0.02170	0.01516	0.02090	0.02246	0.01268	0.31608	0.02712	0.04117	0.03975	0.04270	0.04764	0.01026	0.00725	0.00248	0.00779	0.00750	0.00682	0.01147
4	0.07768	0.32596	0.23511	0.01828	0.02637	0.14377	0.01940	0.02680	0.01809	0.02316	0.01285	0.01498	0.01050	0.00767	0.00652	0.00217	0.01088	0.00515	0.00379	0.01086
5	0.06256	0.01922	0.05909	0.04724	0.02758	0.04514	0.16026	0.07036	0.03866	0.08991	0.06265	0.02673	0.05603	0.00941	0.00877	0.00239	0.03063	0.00839	0.00588	0.16911
6	0.01927	0.04236	0.54879	0.02327	0.03409	0.13803	0.02804	0.02755	0.01863	0.02523	0.01453	0.01708	0.01056	0.00801	0.00782	0.00254	0.01277	0.00600	0.00365	0.01180
7	0.01962	0.14672	0.04550	0.02977	0.03731	0.02268	0.46747	0.02541	0.01872	0.02487	0.01692	0.05039	0.01405	0.00811	0.00962	0.00267	0.03577	0.00935	0.00422	0.01084
8	0.06299	0.45851	0.12245	0.01544	0.02303	0.02653	0.01583	0.02788	0.01808	0.13778	0.01585	0.01662	0.01235	0.00782	0.00622	0.00208	0.00889	0.00539	0.00485	0.01143
9	0.01208	0.00805	0.00906	0.00906	0.00906	0.00805	0.00503	0.01208	0.01208	0.01611	0.02618	0.05436	0.03020	0.70804	0.04228	0.00805	0.00805	0.01208	0.00503	0.00503
10	0.01341	0.13600	0.01673	0.01116	0.01394	0.01223	0.00892	0.01679	0.02138	0.02919	0.45327	0.11660	0.08741	0.01625	0.00907	0.00254	0.00492	0.01405	0.00793	0.00821
11	0.02866	0.02046	0.02182	0.01705	0.02285	0.02250	0.01398	0.51816	0.03514	0.04848	0.02124	0.02194	0.01543	0.00992	0.00786	0.00239	0.00819	0.00753	0.14343	0.01297
12	0.03003	0.02244	0.02493	0.08453	0.02884	0.02505	0.01650	0.56914	0.03686	0.04931	0.01944	0.02016	0.01383	0.00981	0.00831	0.00252	0.00933	0.00747	0.00786	0.01365
13	0.01364	0.13619	0.01696	0.01132	0.01426	0.01243	0.00926	0.01721	0.02175	0.02960	0.46151	0.05637	0.09974	0.01583	0.00910	0.00255	0.00508	0.05097	0.00795	0.00829
14	0.05729	0.01137	0.01342	0.01224	0.01497	0.01150	0.00932	0.12648	0.02449	0.03490	0.39700	0.16221	0.05882	0.01675	0.00941	0.00272	0.00516	0.01455	0.00852	0.00885
15	0.02801	0.02006	0.02199	0.01749	0.02347	0.02168	0.01418	0.39906	0.14416	0.09919	0.02470	0.06069	0.01890	0.01090	0.00833	0.00253	0.00807	0.00865	0.00827	0.05968
16	0.04410	0.02307	0.09586	0.12733	0.10436	0.04388	0.22577	0.13574	0.02265	0.06995	0.01746	0.02109	0.01283	0.00814	0.00865	0.00264	0.01146	0.00801	0.00520	0.01182
17	0.01846	0.02318	0.14080	0.12771	0.17854	0.01933	0.21264	0.02463	0.01808	0.02560	0.01542	0.02041	0.01204	0.00774	0.00947	0.00258	0.04709	0.00769	0.00403	0.08454

[dist]
# distance from previous block
# <min> <max>
4	16

[block]
# block no. 6 follows, 22 sequences, length 13
# corresponding to MSA columns:
# 292-304
name=unknown_G
#
# <colnr> <probs for GDERKNQSTAVLIFYWHMCP>
#	G	D	E	R	K	N	Q	S	T	A	V	L	I	F	Y	W	H	M	C	P
0	0.12806	0.02935	0.02377	0.02009	0.02101	0.03325	0.01674	0.02090	0.01314	0.02252	0.01104	0.01737	0.01062	0.01334	0.02340	0.00343	0.57221	0.00679	0.00386	0.00911
1	0.01392	0.00722	0.01068	0.01091	0.01097	0.00716	0.00727	0.01091	0.01142	0.01523	0.01814	0.10548	0.01923	0.02852	0.02988	0.66889	0.00693	0.00916	0.00409	0.00398
2	0.64799	0.01575	0.01336	0.01155	0.01690	0.01759	0.00952	0.02703	0.01571	0.13895	0.01502	0.01590	0.01088	0.00813	0.00566	0.00257	0.00653	0.00513	0.00598	0.00983
3	0.02190	0.37697	0.12602	0.01860	0.07339	0.02529	0.01688	0.07296	0.01922	0.05073	0.01435	0.01620	0.01175	0.00746	0.00641	0.00196	0.00900	0.00539	0.00444	0.12109
4	0.01225	0.00992	0.01425	0.05490	0.10920	0.00952	0.01115	0.01460	0.01671	0.02245	0.04161	0.47955	0.09686	0.02098	0.00986	0.00306	0.00591	0.01897	0.00684	0.04140
5	0.01744	0.07595	0.02066	0.11146	0.02533	0.01407	0.01216	0.02131	0.01711	0.02555	0.01448	0.01761	0.01198	0.00655	0.00640	0.00150	0.00711	0.00524	0.00462	0.58348
6	0.01875	0.04550	0.03131	0.09576	0.33266	0.01868	0.11901	0.02531	0.06867	0.02773	0.11021	0.02762	0.02330	0.00912	0.00862	0.00257	0.00948	0.00895	0.00515	0.01161
7	0.10421	0.02023	0.16525	0.32291	0.03890	0.01662	0.02017	0.02160	0.01711	0.02559	0.07233	0.06917	0.01961	0.01000	0.00803	0.00267	0.00953	0.00841	0.00463	0.04304
8	0.16762	0.17631	0.02562	0.01750	0.05693	0.04125	0.01392	0.19131	0.09694	0.08488	0.01874	0.01949	0.01427	0.01058	0.02851	0.00273	0.00872	0.00650	0.00633	0.01186
9	0.20005	0.25226	0.04680	0.11244	0.02523	0.05847	0.01405	0.02544	0.01750	0.09533	0.02029	0.02181	0.06224	0.00899	0.00661	0.00233	0.00850	0.00646	0.00506	0.01014
10	0.26074	0.02412	0.20771	0.01853	0.04845	0.01809	0.04195	0.07398	0.01937	0.10760	0.06817	0.02166	0.01723	0.00916	0.00791	0.00262	0.02891	0.00693	0.00573	0.01113
11	0.13823	0.13351	0.07984	0.11407	0.02713	0.04369	0.01559	0.17771	0.02288	0.05743	0.02395	0.02524	0.08779	0.01000	0.00745	0.00247	0.00877	0.00754	0.00581	0.01089
12	0.08215	0.04818	0.15674	0.02186	0.09025	0.01782	0.06331	0.07342	0.09353	0.03019	0.04291	0.03414	0.02169	0.01105	0.00837	0.00268	0.00900	0.11029	0.00575	0.07667

[dist]
# distance from previous block
# <min> <max>
40	329

[block]
# block no. 7 follows, 22 sequences, length 32
# corresponding to MSA columns:
# 641-672
name=unknown_H
#
# <colnr> <probs for GDERKNQSTAVLIFYWHMCP>
#	G	D	E	R	K	N	Q	S	T	A	V	L	I	F	Y	W	H	M	C	P
0	0.02394	0.02463	0.07482	0.02041	0.02645	0.14836	0.09775	0.15258	0.10652	0.05460	0.05026	0.02303	0.01777	0.01114	0.03065	0.00279	0.03361	0.00771	0.00610	0.08692
1	0.07595	0.01514	0.01959	0.01736	0.05956	0.01533	0.05045	0.05059	0.09121	0.12306	0.05311	0.03152	0.10020	0.01117	0.00991	0.00249	0.07858	0.00890	0.05207	0.13380
2	0.04899	0.12333	0.05684	0.01547	0.02069	0.14117	0.01301	0.04538	0.11429	0.05734	0.02472	0.10616	0.04380	0.01116	0.00754	0.00231	0.00843	0.00881	0.03765	0.11292
3	0.04323	0.04993	0.02590	0.06139	0.02746	0.04312	0.14005	0.07265	0.21943	0.05137	0.02648	0.06367	0.04507	0.01039	0.00838	0.00258	0.00877	0.00934	0.00643	0.08435
4	0.05287	0.09393	0.05423	0.05222	0.05571	0.07532	0.04264	0.14804	0.15276	0.11097	0.04056	0.02324	0.01786	0.00943	0.00786	0.00246	0.00894	0.00756	0.00672	0.03667
5	0.02175	0.12082	0.02340	0.04898	0.02304	0.07773	0.03550	0.11421	0.12101	0.06500	0.07800	0.09324	0.02477	0.01120	0.00796	0.00237	0.00810	0.00924	0.00658	0.10709
6	0.02340	0.09273	0.10230	0.01749	0.02409	0.01895	0.03854	0.12048	0.06957	0.13512	0.02124	0.02508	0.01663	0.00984	0.00927	0.00240	0.06215	0.04285	0.00633	0.16153
7	0.05068	0.09757	0.12204	0.01814	0.02517	0.10152	0.04533	0.13768	0.07625	0.07567	0.04396	0.02097	0.01628	0.00878	0.00753	0.00225	0.00941	0.00683	0.00592	0.12802
8	0.02019	0.11257	0.17764	0.05897	0.03144	0.04827	0.16744	0.02653	0.04176	0.08200	0.02011	0.06425	0.01677	0.00951	0.00827	0.00254	0.01057	0.03057	0.00503	0.06555
9	0.05238	0.01728	0.01997	0.01562	0.02201	0.01687	0.03412	0.12578	0.19774	0.07513	0.02210	0.02231	0.01671	0.00857	0.00738	0.00208	0.00710	0.00698	0.00679	0.32308
10	0.35024	0.13443	0.04728	0.01752	0.05033	0.08442	0.05163	0.12313	0.02018	0.03371	0.01367	0.01567	0.01072	0.00801	0.00643	0.00240	0.00891	0.00557	0.00515	0.01060
11	0.01221	0.00809	0.01053	0.01159	0.01284	0.00735	0.00794	0.01384	0.01643	0.06131	0.04419	0.58092	0.07186	0.04967	0.01142	0.00338	0.00512	0.02113	0.00764	0.04254
12	0.07270	0.09748	0.02465	0.01995	0.06179	0.30127	0.01497	0.11437	0.02280	0.02747	0.01409	0.01626	0.01151	0.00828	0.00771	0.00209	0.03335	0.00563	0.00492	0.13871
13	0.01006	0.00843	0.00874	0.00866	0.01137	0.00711	0.00650	0.01238	0.01949	0.02377	0.15345	0.07777	0.58273	0.02054	0.00982	0.00278	0.00417	0.01723	0.00789	0.00711
14	0.02117	0.01727	0.01851	0.01609	0.02074	0.01937	0.01265	0.15625	0.41046	0.03743	0.10925	0.03527	0.06428	0.01225	0.00866	0.00273	0.00664	0.01015	0.00847	0.01236
15	0.01934	0.02162	0.04574	0.07581	0.06923	0.02101	0.53403	0.02591	0.01906	0.02598	0.01635	0.02211	0.01245	0.00746	0.01047	0.00282	0.04596	0.00943	0.00414	0.01106
16	0.01275	0.00875	0.01117	0.01041	0.01269	0.00795	0.00786	0.01641	0.02297	0.06226	0.55274	0.06261	0.14573	0.01716	0.00973	0.00263	0.00411	0.01501	0.00903	0.00804
17	0.57867	0.01965	0.01531	0.01342	0.01834	0.09965	0.01087	0.07640	0.01733	0.03565	0.01240	0.01445	0.00973	0.00834	0.00676	0.00256	0.04075	0.00499	0.00523	0.00951
18	0.01296	0.00928	0.01279	0.01403	0.01596	0.00911	0.01194	0.01681	0.02027	0.02707	0.20264	0.08545	0.05579	0.02139	0.01104	0.00351	0.00668	0.44754	0.00804	0.00770
19	0.03025	0.02261	0.02418	0.01884	0.02525	0.02514	0.01547	0.55719	0.11256	0.05021	0.02164	0.02129	0.01550	0.01013	0.00833	0.00253	0.00883	0.00771	0.00833	0.01401
20	0.01944	0.01860	0.03170	0.19723	0.51873	0.01944	0.02494	0.02452	0.01839	0.02578	0.01543	0.02093	0.01268	0.00761	0.00824	0.00254	0.01015	0.00740	0.00402	0.01226
21	0.02053	0.01647	0.02648	0.40274	0.20372	0.01846	0.02192	0.06155	0.01944	0.10284	0.01750	0.02236	0.01295	0.00842	0.00829	0.00265	0.01016	0.00751	0.00488	0.01113
22	0.58780	0.01700	0.01467	0.01255	0.01795	0.01929	0.01031	0.10809	0.04662	0.07817	0.01504	0.01609	0.01116	0.00834	0.00592	0.00257	0.00684	0.00536	0.00604	0.01020
23	0.03275	0.01314	0.01783	0.01401	0.01965	0.01143	0.01143	0.03609	0.02373	0.55046	0.14258	0.03427	0.03082	0.01147	0.00861	0.00258	0.00651	0.00954	0.01008	0.01302
24	0.03144	0.04744	0.06149	0.04101	0.02380	0.01450	0.03623	0.06807	0.02328	0.46250	0.05187	0.02952	0.04918	0.01049	0.00835	0.00256	0.00776	0.00865	0.00883	0.01304
25	0.60653	0.01920	0.09282	0.04526	0.02070	0.01842	0.01247	0.02521	0.01510	0.06298	0.01307	0.01506	0.00980	0.00788	0.00577	0.00259	0.00739	0.00501	0.00510	0.00964
26	0.01012	0.00723	0.00964	0.01157	0.01205	0.00675	0.00771	0.01157	0.01591	0.02121	0.04579	0.70262	0.05495	0.02603	0.01060	0.00337	0.00482	0.02362	0.00771	0.00675
27	0.01700	0.01655	0.02935	0.49919	0.15880	0.01899	0.09649	0.02261	0.01737	0.02290	0.01516	0.02191	0.01162	0.00799	0.00847	0.00272	0.01122	0.00768	0.00383	0.01015
28	0.31602	0.25125	0.02568	0.01449	0.02009	0.11358	0.01257	0.05513	0.01794	0.05966	0.01315	0.01487	0.01068	0.00815	0.00677	0.00229	0.03768	0.00504	0.00483	0.01014
29	0.01146	0.00922	0.01460	0.01431	0.01592	0.00861	0.08321	0.01385	0.01718	0.02317	0.10757	0.55055	0.05230	0.02273	0.01042	0.00322	0.00584	0.02100	0.00744	0.00741
30	0.01012	0.00723	0.00964	0.01157	0.01205	0.00675	0.00771	0.01157	0.01591	0.02121	0.04579	0.70262	0.05495	0.02603	0.01060	0.00337	0.00482	0.02362	0.00771	0.00675
31	0.05667	0.01964	0.03416	0.08374	0.46113	0.01986	0.12564	0.02607	0.04191	0.02747	0.01625	0.02101	0.01319	0.00755	0.00835	0.00256	0.01035	0.00774	0.00431	0.01239

[dist]
# distance from previous block
# <min> <max>
2	13

[block]
# block no. 8 follows, 22 sequences, length 37
# corresponding to MSA columns:
# 695-731
name=unknown_I
#
# <colnr> <probs for GDERKNQSTAVLIFYWHMCP>
#	G	D	E	R	K	N	Q	S	T	A	V	L	I	F	Y	W	H	M	C	P
0	0.06767	0.01845	0.02747	0.22171	0.14484	0.02064	0.08402	0.12397	0.07321	0.03019	0.01708	0.02125	0.01320	0.00891	0.00970	0.00268	0.06434	0.00755	0.00511	0.03803
1	0.01468	0.01175	0.01894	0.01694	0.01956	0.01163	0.12183	0.01840	0.04590	0.06395	0.03845	0.41458	0.06548	0.01983	0.01126	0.00320	0.05026	0.03783	0.00701	0.00852
