[name]
unknown

[dist]
# distance from previous block
# <min> <max>
0	11

[block]
# block no. 0 follows, 25 sequences, length 16
# corresponding to MSA columns:
# 11-26
name=unknown_A
#
# <colnr> <probs for GDERKNQSTAVLIFYWHMCP>
#	G	D	E	R	K	N	Q	S	T	A	V	L	I	F	Y	W	H	M	C	P
0	0.01249	0.00892	0.01249	0.01428	0.01606	0.00892	0.01249	0.01606	0.01785	0.02320	0.04105	0.08746	0.04462	0.02142	0.01071	0.00357	0.00714	0.62695	0.00714	0.00714
1	0.78228	0.01499	0.01140	0.01020	0.01499	0.01739	0.00840	0.02279	0.01320	0.03479	0.01080	0.01260	0.00840	0.00720	0.00480	0.00240	0.00600	0.00420	0.00480	0.00840
2	0.01003	0.00694	0.00899	0.01033	0.01098	0.00653	0.00695	0.01167	0.01544	0.02124	0.10358	0.57325	0.05012	0.06251	0.01122	0.00324	0.00453	0.01967	0.05641	0.00637
3	0.01526	0.01368	0.02137	0.33684	0.13446	0.01599	0.01791	0.05130	0.01651	0.02218	0.02049	0.15798	0.02008	0.01206	0.01012	0.00276	0.08193	0.03558	0.00460	0.00889
4	0.01987	0.26121	0.34890	0.01829	0.02677	0.06627	0.02078	0.02549	0.01688	0.08052	0.01411	0.01585	0.01072	0.00761	0.00730	0.00220	0.03710	0.00539	0.00390	0.01085
5	0.01115	0.00745	0.00841	0.00857	0.00886	0.00734	0.00503	0.01158	0.01222	0.01653	0.02923	0.11232	0.06676	0.58566	0.03327	0.00654	0.00683	0.01234	0.04484	0.00508
6	0.00996	0.00746	0.00889	0.00949	0.01082	0.00680	0.00663	0.01175	0.01646	0.02139	0.15146	0.29771	0.24781	0.12040	0.01374	0.00350	0.00470	0.03763	0.00706	0.00634
7	0.01826	0.01739	0.02956	0.11624	0.58173	0.01774	0.02279	0.02277	0.01730	0.02449	0.01580	0.05182	0.01388	0.00780	0.00779	0.00237	0.00911	0.00761	0.00395	0.01162
8	0.01821	0.37236	0.34578	0.01756	0.02638	0.02417	0.02050	0.02466	0.04523	0.02187	0.01320	0.01504	0.01051	0.00716	0.00624	0.00208	0.00969	0.00510	0.00350	0.01077
9	0.01130	0.00803	0.01106	0.01106	0.01208	0.00895	0.00806	0.01333	0.01231	0.01770	0.02203	0.03614	0.02191	0.24570	0.47578	0.01053	0.01615	0.00910	0.04247	0.00631
10	0.01112	0.00759	0.00866	0.00866	0.00892	0.00759	0.00508	0.01142	0.01177	0.01560	0.02776	0.05106	0.07016	0.63998	0.07781	0.00750	0.00809	0.01143	0.00483	0.00496
11	0.01323	0.03293	0.01517	0.01380	0.01568	0.05343	0.05638	0.04623	0.01706	0.02221	0.07550	0.44317	0.07950	0.01918	0.01033	0.00289	0.05247	0.01689	0.00650	0.00745
12	0.71772	0.01622	0.01236	0.01094	0.01577	0.04676	0.00895	0.05019	0.01457	0.03471	0.01118	0.01291	0.00867	0.00732	0.00502	0.00238	0.00645	0.00435	0.00489	0.00863
13	0.01128	0.00752	0.00846	0.00846	0.00846	0.00752	0.00470	0.01128	0.01128	0.01503	0.02443	0.05074	0.02819	0.72751	0.03946	0.00752	0.00752	0.01128	0.00470	0.00470
14	0.01322	0.00673	0.01003	0.01014	0.01017	0.00671	0.00676	0.01014	0.01039	0.01385	0.01526	0.06632	0.01578	0.02677	0.02905	0.72723	0.00660	0.00767	0.00360	0.00355
15	0.02073	0.73217	0.04063	0.01327	0.01990	0.03068	0.01327	0.02322	0.01575	0.01824	0.01078	0.01244	0.00995	0.00663	0.00498	0.00166	0.00829	0.00415	0.00332	0.00995

[dist]
# distance from previous block
# <min> <max>
0	1

[block]
# block no. 1 follows, 25 sequences, length 159
# corresponding to MSA columns:
# 28-186
name=unknown_B
#
# <colnr> <probs for GDERKNQSTAVLIFYWHMCP>
#	G	D	E	R	K	N	Q	S	T	A	V	L	I	F	Y	W	H	M	C	P
0	0.01108	0.00831	0.01246	0.01246	0.01385	0.00969	0.00969	0.01385	0.01246	0.01800	0.02077	0.03046	0.01938	0.05815	0.69678	0.01246	0.02077	0.00831	0.00415	0.00692
1	0.01555	0.04011	0.68733	0.02210	0.03356	0.01801	0.02865	0.02455	0.01637	0.02455	0.01391	0.01637	0.00982	0.00737	0.00737	0.00246	0.01146	0.00573	0.00327	0.01146
2	0.01929	0.01666	0.01753	0.01578	0.02016	0.01929	0.01227	0.04120	0.66513	0.03243	0.03156	0.02893	0.02367	0.01052	0.00789	0.00263	0.00614	0.00877	0.00789	0.01227
3	0.01608	0.01378	0.01608	0.01148	0.01837	0.01034	0.00919	0.01952	0.01608	0.02527	0.01378	0.01608	0.01148	0.00574	0.00574	0.00115	0.00574	0.00459	0.00459	0.77491
4	0.01919	0.01842	0.03147	0.04759	0.67914	0.01842	0.02380	0.02380	0.01765	0.02533	0.01458	0.01919	0.01228	0.00691	0.00768	0.00230	0.00921	0.00691	0.00384	0.01228
5	0.01083	0.00808	0.01017	0.01009	0.01208	0.00741	0.00786	0.01411	0.02034	0.02759	0.44086	0.06642	0.19943	0.01759	0.00941	0.00266	0.00429	0.11564	0.00801	0.00712
6	0.01249	0.00892	0.01249	0.01428	0.01606	0.00892	0.01249	0.01606	0.01785	0.02320	0.04105	0.08746	0.04462	0.02142	0.01071	0.00357	0.00714	0.62695	0.00714	0.00714
7	0.01097	0.00793	0.01036	0.00975	0.01158	0.00732	0.00732	0.01463	0.02195	0.03109	0.67505	0.05792	0.07316	0.01585	0.00914	0.00244	0.00366	0.01402	0.00854	0.00732
8	0.01073	0.00792	0.01003	0.00950	0.01144	0.00721	0.00713	0.01417	0.02138	0.02975	0.59612	0.06013	0.15293	0.01635	0.00915	0.00246	0.00369	0.01433	0.00836	0.00721
9	0.01901	0.01824	0.03114	0.07391	0.65423	0.01837	0.02371	0.02364	0.01757	0.02511	0.01455	0.01925	0.01220	0.00694	0.00768	0.00231	0.00926	0.00691	0.00382	0.01214
10	0.02828	0.09439	0.02351	0.01942	0.02363	0.64138	0.01484	0.03032	0.02146	0.01892	0.01189	0.01385	0.00998	0.00788	0.00682	0.00197	0.01351	0.00492	0.00394	0.00907
11	0.01574	0.01492	0.02530	0.47384	0.18916	0.01717	0.05089	0.02124	0.03788	0.02170	0.01599	0.05317	0.01318	0.00837	0.00791	0.00255	0.00980	0.00777	0.00388	0.00953
12	0.01948	0.01699	0.02046	0.02181	0.15149	0.01850	0.01440	0.06694	0.44195	0.03117	0.02582	0.02523	0.01970	0.00928	0.00763	0.00241	0.00683	0.00791	0.00676	0.08523
13	0.00945	0.00675	0.00900	0.01080	0.01125	0.00630	0.00720	0.01080	0.01484	0.01979	0.04274	0.72245	0.05128	0.02429	0.00990	0.00315	0.00450	0.02204	0.00720	0.00630
14	0.78228	0.01499	0.01140	0.01020	0.01499	0.01739	0.00840	0.02279	0.01320	0.03479	0.01080	0.01260	0.00840	0.00720	0.00480	0.00240	0.00600	0.00420	0.00480	0.00840
15	0.01067	0.00787	0.00997	0.00953	0.01142	0.00717	0.00711	0.01401	0.02110	0.02927	0.56923	0.08464	0.15583	0.01669	0.00918	0.00249	0.00373	0.01464	0.00830	0.00717
16	0.00916	0.00785	0.00785	0.00785	0.01047	0.00655	0.00589	0.01113	0.01767	0.02095	0.07855	0.07462	0.67599	0.01964	0.00916	0.00262	0.00393	0.01636	0.00720	0.00655
17	0.01108	0.00831	0.01246	0.01246	0.01385	0.00969	0.00969	0.01385	0.01246	0.01800	0.02077	0.03046	0.01938	0.05815	0.69678	0.01246	0.02077	0.00831	0.00415	0.00692
18	0.01464	0.01378	0.02326	0.70887	0.05340	0.01723	0.02153	0.01981	0.01550	0.01981	0.01378	0.02067	0.01034	0.00775	0.00775	0.00258	0.01034	0.00689	0.00345	0.00861
19	0.31607	0.01519	0.01552	0.01285	0.01795	0.01612	0.01056	0.15866	0.04279	0.20099	0.02494	0.02580	0.07003	0.00992	0.00686	0.00245	0.00655	0.02916	0.00703	0.01055
20	0.01097	0.00793	0.01036	0.00975	0.01158	0.00732	0.00732	0.01463	0.02195	0.03109	0.67505	0.05792	0.07316	0.01585	0.00914	0.00244	0.00366	0.01402	0.00854	0.00732
21	0.01794	0.02028	0.04407	0.03166	0.03918	0.01911	0.61867	0.02428	0.01801	0.02449	0.01594	0.02140	0.01215	0.00914	0.04379	0.00311	0.01346	0.00911	0.00393	0.01028
22	0.01109	0.00744	0.00851	0.00869	0.00874	0.00739	0.00495	0.01123	0.01164	0.01552	0.02629	0.11890	0.03053	0.65615	0.03646	0.00707	0.00721	0.01237	0.00495	0.00486
23	0.00951	0.00683	0.00892	0.01057	0.01110	0.00636	0.00704	0.01083	0.01483	0.01966	0.04367	0.66566	0.07933	0.05208	0.01104	0.00330	0.00459	0.02135	0.00710	0.00625
24	0.01097	0.00793	0.01036	0.00975	0.01158	0.00732	0.00732	0.01463	0.02195	0.03109	0.67505	0.05792	0.07316	0.01585	0.00914	0.00244	0.00366	0.01402	0.00854	0.00732
25	0.01050	0.00886	0.00897	0.00866	0.01151	0.00790	0.00657	0.03878	0.05105	0.02266	0.07374	0.07004	0.61616	0.01876	0.00904	0.00261	0.00423	0.01560	0.00726	0.00710
26	0.01929	0.01666	0.01753	0.01578	0.02016	0.01929	0.01227	0.04120	0.66513	0.03243	0.03156	0.02893	0.02367	0.01052	0.00789	0.00263	0.00614	0.00877	0.00789	0.01227
27	0.01108	0.00831	0.01246	0.01246	0.01385	0.00969	0.00969	0.01385	0.01246	0.01800	0.02077	0.03046	0.01938	0.05815	0.69678	0.01246	0.02077	0.00831	0.00415	0.00692
28	0.01128	0.00752	0.00846	0.00846	0.00846	0.00752	0.00470	0.01128	0.01128	0.01503	0.02443	0.05074	0.02819	0.72751	0.03946	0.00752	0.00752	0.01128	0.00470	0.00470
29	0.00963	0.00819	0.00833	0.00824	0.01089	0.00706	0.00620	0.01241	0.04205	0.02185	0.10445	0.07214	0.62368	0.01912	0.00912	0.00261	0.00400	0.01597	0.00729	0.00680
30	0.01347	0.00673	0.01010	0.01010	0.01010	0.00673	0.00673	0.01010	0.01010	0.01347	0.01347	0.02357	0.01347	0.02694	0.03030	0.77441	0.00673	0.00673	0.00337	0.00337
31	0.01132	0.00867	0.01293	0.01279	0.01412	0.01028	0.01000	0.01405	0.01244	0.01803	0.02033	0.02990	0.01900	0.05629	0.66869	0.01208	0.04974	0.00824	0.00412	0.00699
32	0.01097	0.00793	0.01036	0.00975	0.01158	0.00732	0.00732	0.01463	0.02195	0.03109	0.67505	0.05792	0.07316	0.01585	0.00914	0.00244	0.00366	0.01402	0.00854	0.00732
33	0.01128	0.00752	0.00846	0.00846	0.00846	0.00752	0.00470	0.01128	0.01128	0.01503	0.02443	0.05074	0.02819	0.72751	0.03946	0.00752	0.00752	0.01128	0.00470	0.00470
34	0.00916	0.00785	0.00785	0.00785	0.01047	0.00655	0.00589	0.01113	0.01767	0.02095	0.07855	0.07462	0.67599	0.01964	0.00916	0.00262	0.00393	0.01636	0.00720	0.00655
35	0.02946	0.02224	0.02322	0.01791	0.02404	0.04721	0.01475	0.63184	0.03596	0.04784	0.01839	0.01846	0.01308	0.00926	0.00773	0.00232	0.00872	0.00691	0.00763	0.01304
36	0.01810	0.02233	0.09292	0.03190	0.04001	0.01949	0.60523	0.02482	0.01816	0.02482	0.01556	0.02058	0.01162	0.00660	0.00902	0.00260	0.01295	0.00890	0.00387	0.01053
37	0.01919	0.01842	0.03147	0.04759	0.67914	0.01842	0.02380	0.02380	0.01765	0.02533	0.01458	0.01919	0.01228	0.00691	0.00768	0.00230	0.00921	0.00691	0.00384	0.01228
38	0.03479	0.01320	0.01799	0.01380	0.01979	0.01140	0.01140	0.03779	0.02219	0.68451	0.03059	0.02639	0.01919	0.00960	0.00780	0.00240	0.00660	0.00780	0.00960	0.01320
39	0.01108	0.00831	0.01246	0.01246	0.01385	0.00969	0.00969	0.01385	0.01246	0.01800	0.02077	0.03046	0.01938	0.05815	0.69678	0.01246	0.02077	0.00831	0.00415	0.00692
40	0.01830	0.02092	0.04575	0.03268	0.04052	0.01961	0.65098	0.02484	0.01830	0.02484	0.01569	0.02092	0.01176	0.00654	0.00915	0.00261	0.01307	0.00915	0.00392	0.01046
41	0.01668	0.17080	0.53141	0.02096	0.03132	0.02050	0.05762	0.02431	0.01635	0.02337	0.01341	0.01585	0.00995	0.00718	0.00700	0.00231	0.01094	0.00560	0.00332	0.01112
42	0.02383	0.01835	0.01950	0.01583	0.02103	0.02022	0.01279	0.39992	0.19595	0.04048	0.03086	0.02959	0.11432	0.01115	0.00800	0.00245	0.00723	0.00884	0.00771	0.01196
43	0.01555	0.04011	0.68733	0.02210	0.03356	0.01801	0.02865	0.02455	0.01637	0.02455	0.01391	0.01637	0.00982	0.00737	0.00737	0.00246	0.01146	0.00573	0.00327	0.01146
44	0.01975	0.05404	0.01889	0.01582	0.02030	0.04743	0.01243	0.03987	0.60577	0.03116	0.02970	0.02748	0.02241	0.01022	0.00770	0.00255	0.00657	0.00838	0.00750	0.01202
45	0.01521	0.01455	0.02338	0.54185	0.04539	0.01881	0.02042	0.01953	0.01462	0.01953	0.01291	0.01977	0.01030	0.00916	0.01204	0.00278	0.18087	0.00687	0.00343	0.00858
46	0.01581	0.01349	0.01579	0.01146	0.01808	0.01017	0.00911	0.01917	0.01603	0.02504	0.01496	0.04483	0.01310	0.00650	0.00591	0.00123	0.00569	0.00530	0.00470	0.74362
47	0.01664	0.06532	0.63157	0.02138	0.03240	0.01818	0.02726	0.02512	0.01662	0.05492	0.01457	0.01668	0.01026	0.00744	0.00730	0.00242	0.01111	0.00576	0.00357	0.01148
48	0.02871	0.02182	0.02265	0.01756	0.02354	0.05018	0.01442	0.60492	0.03519	0.04665	0.02055	0.02049	0.03740	0.00963	0.00778	0.00232	0.00858	0.00725	0.00759	0.01277
49	0.02947	0.02172	0.02327	0.01784	0.02404	0.02404	0.01474	0.65329	0.03646	0.04887	0.01862	0.01862	0.01319	0.00931	0.00776	0.00233	0.00853	0.00698	0.00776	0.01319
50	0.01075	0.00792	0.01006	0.00952	0.01145	0.00722	0.00714	0.01420	0.02143	0.02985	0.60214	0.05996	0.14685	0.01631	0.00915	0.00246	0.00369	0.01431	0.00837	0.00722
51	0.01108	0.00831	0.01246	0.01246	0.01385	0.00969	0.00969	0.01385	0.01246	0.01800	0.02077	0.03046	0.01938	0.05815	0.69678	0.01246	0.02077	0.00831	0.00415	0.00692
52	0.01929	0.01666	0.01753	0.01578	0.02016	0.01929	0.01227	0.04120	0.66513	0.03243	0.03156	0.02893	0.02367	0.01052	0.00789	0.00263	0.00614	0.00877	0.00789	0.01227
53	0.01331	0.01650	0.15414	0.14310	0.10641	0.01236	0.01630	0.01760	0.01596	0.02228	0.02822	0.26436	0.05268	0.01431	0.00841	0.00270	0.00759	0.03690	0.05825	0.00863
54	0.01232	0.00887	0.01226	0.01395	0.01578	0.00880	0.01216	0.01581	0.01784	0.02309	0.04297	0.08680	0.07698	0.02133	0.01063	0.00352	0.00698	0.59566	0.00714	0.00711
55	0.01807	0.01728	0.02945	0.21021	0.52526	0.01813	0.02324	0.02282	0.01713	0.02397	0.01439	0.01955	0.01180	0.00712	0.00769	0.00237	0.00949	0.00690	0.00374	0.01138
56	0.78228	0.01499	0.01140	0.01020	0.01499	0.01739	0.00840	0.02279	0.01320	0.03479	0.01080	0.01260	0.00840	0.00720	0.00480	0.00240	0.00600	0.00420	0.00480	0.00840
57	0.01717	0.01384	0.01633	0.01621	0.07986	0.01461	0.01139	0.14093	0.19742	0.03264	0.22355	0.04166	0.13613	0.01292	0.00841	0.00248	0.00581	0.01097	0.00756	0.01010
58	0.08891	0.01333	0.01752	0.01353	0.01945	0.01183	0.01118	0.03670	0.02154	0.63747	0.02916	0.02539	0.01841	0.00942	0.00758	0.00240	0.00655	0.00754	0.00925	0.01285
59	0.01023	0.00765	0.00952	0.00977	0.01143	0.00694	0.00717	0.01290	0.01897	0.02552	0.34853	0.23261	0.20650	0.01912	0.00941	0.00271	0.00408	0.04226	0.00783	0.00687
60	0.01480	0.01423	0.02187	0.05077	0.02149	0.01771	0.08816	0.01723	0.01403	0.02031	0.05085	0.20049	0.02390	0.01534	0.01796	0.00316	0.38360	0.01132	0.00468	0.00810
61	0.75020	0.01605	0.03968	0.01069	0.01577	0.01742	0.00924	0.02287	0.01333	0.03436	0.01093	0.01275	0.00846	0.00720	0.00491	0.00240	0.00623	0.00426	0.00473	0.00853
62	0.02047	0.69681	0.07368	0.01372	0.02060	0.03003	0.01405	0.02329	0.01579	0.01856	0.01094	0.01264	0.00994	0.00667	0.00510	0.00170	0.00845	0.00423	0.00331	0.01003
63	0.02172	0.30538	0.12892	0.01674	0.02287	0.07612	0.01613	0.10697	0.08231	0.05179	0.01512	0.01662	0.01209	0.00846	0.00851	0.00221	0.08696	0.00571	0.00465	0.01072
64	0.01018	0.00794	0.00927	0.00907	0.01128	0.00703	0.00689	0.01303	0.01969	0.02584	0.35740	0.06741	0.36047	0.01794	0.00923	0.00258	0.00396	0.04602	0.00783	0.00694
65	0.01169	0.01017	0.01739	0.10096	0.02173	0.01005	0.12510	0.01444	0.01555	0.02071	0.03428	0.50923	0.03910	0.01905	0.00950	0.00298	0.00677	0.01785	0.00614	0.00733
66	0.02073	0.73217	0.04063	0.01327	0.01990	0.03068	0.01327	0.02322	0.01575	0.01824	0.01078	0.01244	0.00995	0.00663	0.00498	0.00166	0.00829	0.00415	0.00332	0.00995
67	0.01893	0.01718	0.01696	0.01570	0.01959	0.08210	0.01233	0.03570	0.48902	0.02988	0.06142	0.03648	0.02743	0.01195	0.00823	0.00268	0.00690	0.08902	0.00745	0.01106
68	0.01443	0.01011	0.01240	0.01129	0.01395	0.01008	0.00864	0.02180	0.15454	0.07920	0.49524	0.04964	0.05901	0.01429	0.00879	0.00248	0.00438	0.01248	0.00848	0.00877
69	0.01555	0.04011	0.68733	0.02210	0.03356	0.01801	0.02865	0.02455	0.01637	0.02455	0.01391	0.01637	0.00982	0.00737	0.00737	0.00246	0.01146	0.00573	0.00327	0.01146
70	0.01121	0.00826	0.01225	0.01225	0.01365	0.00959	0.00952	0.01402	0.01262	0.01844	0.02095	0.03040	0.01940	0.05615	0.66859	0.01203	0.02007	0.00826	0.03541	0.00694
71	0.02396	0.01080	0.01452	0.01196	0.01606	0.00954	0.00954	0.02725	0.02208	0.38730	0.32372	0.04073	0.04374	0.01244	0.00841	0.00242	0.00526	0.01063	0.00911	0.01052
72	0.01643	0.01521	0.02424	0.52639	0.04578	0.01882	0.04593	0.07645	0.01700	0.02245	0.01380	0.02000	0.01063	0.00863	0.01020	0.00267	0.10547	0.00698	0.00384	0.00908
73	0.01608	0.01378	0.01608	0.01148	0.01837	0.01034	0.00919	0.01952	0.01608	0.02527	0.01378	0.01608	0.01148	0.00574	0.00574	0.00115	0.00574	0.00459	0.00459	0.77491
74	0.02548	0.01916	0.02093	0.01635	0.02209	0.02057	0.01333	0.48078	0.06336	0.04221	0.01962	0.04545	0.01521	0.01194	0.04278	0.00273	0.00851	0.00737	0.00713	0.11499
75	0.01555	0.04011	0.68733	0.02210	0.03356	0.01801	0.02865	0.02455	0.01637	0.02455	0.01391	0.01637	0.00982	0.00737	0.00737	0.00246	0.01146	0.00573	0.00327	0.01146
76	0.78228	0.01499	0.01140	0.01020	0.01499	0.01739	0.00840	0.02279	0.01320	0.03479	0.01080	0.01260	0.00840	0.00720	0.00480	0.00240	0.00600	0.00420	0.00480	0.00840
77	0.70854	0.01432	0.01130	0.01015	0.01467	0.01643	0.00829	0.02201	0.01403	0.03443	0.07430	0.01693	0.01459	0.00802	0.00521	0.00240	0.00577	0.00514	0.00516	0.00829
78	0.02073	0.73217	0.04063	0.01327	0.01990	0.03068	0.01327	0.02322	0.01575	0.01824	0.01078	0.01244	0.00995	0.00663	0.00498	0.00166	0.00829	0.00415	0.00332	0.00995
79	0.01097	0.00793	0.01036	0.00975	0.01158	0.00732	0.00732	0.01463	0.02195	0.03109	0.67505	0.05792	0.07316	0.01585	0.00914	0.00244	0.00366	0.01402	0.00854	0.00732
80	0.00916	0.00785	0.00785	0.00785	0.01047	0.00655	0.00589	0.01113	0.01767	0.02095	0.07855	0.07462	0.67599	0.01964	0.00916	0.00262	0.00393	0.01636	0.00720	0.00655
81	0.02900	0.02148	0.02300	0.01774	0.02386	0.02382	0.01462	0.62490	0.06561	0.04810	0.01922	0.01909	0.01367	0.00936	0.00776	0.00234	0.00842	0.00706	0.00776	0.01314
82	0.02097	0.01663	0.01784	0.01572	0.02032	0.01890	0.01232	0.06994	0.58538	0.08389	0.03087	0.02824	0.02282	0.01039	0.00788	0.00260	0.00629	0.00861	0.00802	0.01239
83	0.00971	0.00819	0.00847	0.00858	0.01105	0.00717	0.00636	0.01263	0.05055	0.02141	0.07229	0.14199	0.57534	0.01967	0.00918	0.00268	0.00410	0.01659	0.00724	0.00681
84	0.00945	0.00675	0.00900	0.01080	0.01125	0.00630	0.00720	0.01080	0.01484	0.01979	0.04274	0.72245	0.05128	0.02429	0.00990	0.00315	0.00450	0.02204	0.00720	0.00630
85	0.01464	0.01378	0.02326	0.70887	0.05340	0.01723	0.02153	0.01981	0.01550	0.01981	0.01378	0.02067	0.01034	0.00775	0.00775	0.00258	0.01034	0.00689	0.00345	0.00861
86	0.01483	0.01397	0.02359	0.68191	0.07892	0.01728	0.02163	0.01997	0.01559	0.02004	0.01381	0.02061	0.01042	0.00772	0.00775	0.00257	0.01029	0.00689	0.00346	0.00876
87	0.01537	0.06104	0.61345	0.02085	0.03141	0.01761	0.02649	0.02375	0.01678	0.02484	0.06460	0.01943	0.01469	0.00799	0.00742	0.00243	0.01075	0.00631	0.00368	0.01109
88	0.01097	0.00783	0.00981	0.00942	0.01077	0.00742	0.00663	0.01353	0.01852	0.02580	0.44702	0.05575	0.08760	0.20939	0.04300	0.00419	0.00535	0.01318	0.00727	0.00656
89	0.01929	0.01666	0.01753	0.01578	0.02016	0.01929	0.01227	0.04120	0.66513	0.03243	0.03156	0.02893	0.02367	0.01052	0.00789	0.00263	0.00614	0.00877	0.00789	0.01227
90	0.01265	0.01069	0.01528	0.01433	0.01534	0.01342	0.01139	0.01498	0.01250	0.01823	0.02065	0.02943	0.04821	0.06611	0.45352	0.00928	0.21425	0.00836	0.00410	0.00727
91	0.02361	0.48911	0.03411	0.01561	0.02132	0.26342	0.01387	0.02592	0.01793	0.01850	0.01120	0.01298	0.00996	0.00711	0.00568	0.00178	0.01028	0.00444	0.00355	0.00961
92	0.01830	0.02092	0.04575	0.03268	0.04052	0.01961	0.65098	0.02484	0.01830	0.02484	0.01569	0.02092	0.01176	0.00654	0.00915	0.00261	0.01307	0.00915	0.00392	0.01046
93	0.01639	0.01527	0.02467	0.31903	0.23883	0.01694	0.04470	0.02319	0.09346	0.02350	0.02056	0.02801	0.03942	0.00919	0.00807	0.00258	0.00913	0.05246	0.00452	0.01008
94	0.01825	0.02076	0.04490	0.03220	0.03974	0.01977	0.62633	0.02460	0.01805	0.02460	0.01547	0.02076	0.01170	0.00681	0.00978	0.00264	0.04029	0.00906	0.00390	0.01038
95	0.72350	0.03921	0.01290	0.01064	0.01556	0.01813	0.00884	0.05077	0.01431	0.03486	0.01114	0.01286	0.00866	0.00727	0.00494	0.00237	0.00619	0.00432	0.00488	0.00866
96	0.01855	0.01569	0.01672	0.01497	0.01912	0.01783	0.01165	0.06580	0.54760	0.03261	0.09572	0.03308	0.05371	0.01134	0.00806	0.00260	0.00592	0.00950	0.00792	0.01160
97	0.01445	0.00723	0.00723	0.00723	0.00903	0.00723	0.00542	0.01807	0.01626	0.02891	0.02529	0.02891	0.01987	0.00903	0.00542	0.00181	0.00361	0.00723	0.77055	0.00723
98	0.03300	0.01325	0.01781	0.01357	0.01966	0.01129	0.01118	0.03604	0.02161	0.62149	0.02898	0.02540	0.01846	0.00923	0.00760	0.00228	0.00652	0.00749	0.00912	0.08601
99	0.01555	0.04011	0.68733	0.02210	0.03356	0.01801	0.02865	0.02455	0.01637	0.02455	0.01391	0.01637	0.00982	0.00737	0.00737	0.00246	0.01146	0.00573	0.00327	0.01146
100	0.01533	0.04281	0.02100	0.01768	0.01836	0.01976	0.01461	0.01738	0.01221	0.01844	0.01341	0.02088	0.01296	0.02681	0.22821	0.00607	0.47524	0.00714	0.00362	0.00807
101	0.01143	0.00815	0.01038	0.01025	0.01071	0.00888	0.00683	0.01242	0.01169	0.01616	0.02266	0.04270	0.02457	0.47795	0.25637	0.00899	0.03970	0.01012	0.00447	0.00558
102	0.05948	0.04923	0.04883	0.04890	0.09450	0.14447	0.04104	0.25475	0.07446	0.03289	0.01744	0.02084	0.01381	0.00908	0.00810	0.00238	0.03216	0.03076	0.00571	0.01117
103	0.01088	0.00792	0.01024	0.00966	0.01153	0.00728	0.00724	0.01445	0.02173	0.03057	0.64457	0.05877	0.10396	0.01604	0.00915	0.00245	0.00367	0.01414	0.00847	0.00728
104	0.02560	0.11096	0.02151	0.01391	0.02021	0.01458	0.03552	0.03020	0.06678	0.32703	0.02246	0.02145	0.01572	0.00801	0.00687	0.00196	0.00679	0.00648	0.00693	0.23701
105	0.06304	0.05607	0.02298	0.02140	0.07478	0.53017	0.01540	0.05191	0.02103	0.02128	0.01224	0.01459	0.01022	0.00815	0.00783	0.00211	0.04807	0.00524	0.00411	0.00938
106	0.03479	0.01320	0.01799	0.01380	0.01979	0.01140	0.01140	0.03779	0.02219	0.68451	0.03059	0.02639	0.01919	0.00960	0.00780	0.00240	0.00660	0.00780	0.00960	0.01320
107	0.02896	0.03695	0.02197	0.01998	0.02397	0.69638	0.01498	0.03096	0.02197	0.01898	0.01199	0.01398	0.00999	0.00799	0.00699	0.00200	0.01398	0.00499	0.00400	0.00899
108	0.01445	0.00723	0.00723	0.00723	0.00903	0.00723	0.00542	0.01807	0.01626	0.02891	0.02529	0.02891	0.01987	0.00903	0.00542	0.00181	0.00361	0.00723	0.77055	0.00723
109	0.02132	0.01766	0.01868	0.01619	0.02094	0.02023	0.01276	0.16320	0.53983	0.03571	0.02898	0.02687	0.02158	0.01028	0.00786	0.00257	0.00661	0.00841	0.00786	0.01245
110	0.02052	0.01819	0.04543	0.11056	0.15387	0.01921	0.04326	0.11998	0.29670	0.05515	0.02291	0.02370	0.01718	0.00899	0.00784	0.00250	0.00809	0.00780	0.00627	0.01187
111	0.02073	0.73217	0.04063	0.01327	0.01990	0.03068	0.01327	0.02322	0.01575	0.01824	0.01078	0.01244	0.00995	0.00663	0.00498	0.00166	0.00829	0.00415	0.00332	0.00995
112	0.02829	0.01892	0.02103	0.01653	0.02216	0.02037	0.01348	0.47794	0.05642	0.14808	0.02302	0.07825	0.01769	0.01064	0.00794	0.00242	0.00780	0.00842	0.00801	0.01258
113	0.02053	0.70514	0.06589	0.01361	0.02043	0.03018	0.01387	0.02327	0.01578	0.01849	0.01090	0.01259	0.00995	0.00666	0.00507	0.00169	0.00842	0.00421	0.00332	0.01001
114	0.01445	0.00723	0.00723	0.00723	0.00903	0.00723	0.00542	0.01807	0.01626	0.02891	0.02529	0.02891	0.01987	0.00903	0.00542	0.00181	0.00361	0.00723	0.77055	0.00723
115	0.01173	0.00845	0.01021	0.00979	0.01201	0.00778	0.00732	0.01558	0.05247	0.05456	0.38706	0.12337	0.23627	0.01720	0.00910	0.00257	0.00406	0.01492	0.00804	0.00750
116	0.05659	0.02192	0.15593	0.02352	0.05673	0.01659	0.26151	0.04860	0.01799	0.04843	0.01616	0.02095	0.01267	0.00731	0.00772	0.00225	0.01000	0.02912	0.00445	0.18156
117	0.70699	0.01583	0.04325	0.01064	0.01565	0.01688	0.00923	0.02229	0.01357	0.03361	0.01436	0.01590	0.04210	0.00783	0.00514	0.00241	0.00615	0.00488	0.00485	0.00845
118	0.01576	0.09572	0.49577	0.02198	0.05640	0.01813	0.06737	0.02311	0.01635	0.02359	0.01654	0.08394	0.01403	0.00885	0.00753	0.00246	0.01053	0.00743	0.00372	0.01080
119	0.05058	0.00999	0.01216	0.01089	0.01403	0.00920	0.00852	0.04371	0.02042	0.10535	0.32861	0.08465	0.12529	0.01478	0.00856	0.00244	0.00484	0.05672	0.00775	0.08151
120	0.02288	0.55234	0.03589	0.01489	0.02095	0.16827	0.01370	0.05656	0.01809	0.01994	0.01142	0.01307	0.01012	0.00705	0.00553	0.00176	0.00948	0.00446	0.00368	0.00991
121	0.01111	0.00749	0.00871	0.00902	0.00916	0.00743	0.00538	0.01144	0.01203	0.01601	0.02748	0.13545	0.03182	0.60718	0.03445	0.00679	0.00713	0.04178	0.00512	0.00501
122	0.02184	0.53943	0.09382	0.01532	0.02187	0.15600	0.01494	0.02481	0.01699	0.01894	0.01128	0.01308	0.00995	0.00696	0.00557	0.00179	0.00965	0.00445	0.00344	0.00990
123	0.67184	0.01598	0.01314	0.01132	0.01632	0.01837	0.00933	0.11528	0.01661	0.03685	0.01194	0.01348	0.00910	0.00751	0.00523	0.00239	0.00637	0.00461	0.00523	0.00910
124	0.01938	0.02099	0.02339	0.02028	0.02108	0.15920	0.01656	0.02114	0.01391	0.01872	0.01054	0.01636	0.01014	0.01245	0.02173	0.00311	0.57249	0.00642	0.00351	0.00858
125	0.78228	0.01499	0.01140	0.01020	0.01499	0.01739	0.00840	0.02279	0.01320	0.03479	0.01080	0.01260	0.00840	0.00720	0.00480	0.00240	0.00600	0.00420	0.00480	0.00840
126	0.01622	0.01644	0.03044	0.28724	0.14216	0.01726	0.23165	0.02202	0.03896	0.02290	0.02134	0.02596	0.07521	0.00844	0.00835	0.00255	0.01032	0.00862	0.00418	0.00974
127	0.01464	0.01378	0.02326	0.70887	0.05340	0.01723	0.02153	0.01981	0.01550	0.01981	0.01378	0.02067	0.01034	0.00775	0.00775	0.00258	0.01034	0.00689	0.00345	0.00861
128	0.01929	0.01666	0.01753	0.01578	0.02016	0.01929	0.01227	0.04120	0.66513	0.03243	0.03156	0.02893	0.02367	0.01052	0.00789	0.00263	0.00614	0.00877	0.00789	0.01227
129	0.78228	0.01499	0.01140	0.01020	0.01499	0.01739	0.00840	0.02279	0.01320	0.03479	0.01080	0.01260	0.00840	0.00720	0.00480	0.00240	0.00600	0.00420	0.00480	0.00840
130	0.01479	0.01384	0.02330	0.62522	0.09687	0.01693	0.02109	0.01980	0.01550	0.02012	0.01420	0.02106	0.01094	0.01027	0.04295	0.00307	0.01079	0.00696	0.00351	0.00879
131	0.01445	0.00723	0.00723	0.00723	0.00903	0.00723	0.00542	0.01807	0.01626	0.02891	0.02529	0.02891	0.01987	0.00903	0.00542	0.00181	0.00361	0.00723	0.77055	0.00723
132	0.01049	0.00791	0.00969	0.00925	0.01129	0.00711	0.00693	0.01369	0.02080	0.02837	0.51521	0.06239	0.23470	0.01687	0.00915	0.00249	0.00373	0.01465	0.00818	0.00711
133	0.01704	0.01732	0.03236	0.08356	0.03296	0.01576	0.35389	0.02202	0.01698	0.02410	0.01479	0.01936	0.01161	0.00718	0.00871	0.03251	0.01011	0.00732	0.00409	0.26833
134	0.01108	0.00831	0.01246	0.01246	0.01385	0.00969	0.00969	0.01385	0.01246	0.01800	0.02077	0.03046	0.01938	0.05815	0.69678	0.01246	0.02077	0.00831	0.00415	0.00692
135	0.01164	0.00913	0.01354	0.01322	0.01447	0.01104	0.01039	0.01431	0.01240	0.01806	0.01976	0.02917	0.01850	0.05389	0.63260	0.01159	0.08697	0.00816	0.00408	0.00707
136	0.02896	0.03695	0.02197	0.01998	0.02397	0.69638	0.01498	0.03096	0.02197	0.01898	0.01199	0.01398	0.00999	0.00799	0.00699	0.00200	0.01398	0.00499	0.00400	0.00899
137	0.01485	0.01494	0.04446	0.01886	0.02067	0.01778	0.08757	0.01776	0.01299	0.01932	0.01493	0.02249	0.01382	0.02936	0.27603	0.00669	0.34794	0.00760	0.00374	0.00822
138	0.01878	0.01615	0.01709	0.01552	0.01971	0.01862	0.01201	0.03964	0.63180	0.03179	0.03213	0.06447	0.02508	0.01123	0.00799	0.00266	0.00605	0.00945	0.00785	0.01197
139	0.01128	0.00752	0.00846	0.00846	0.00846	0.00752	0.00470	0.01128	0.01128	0.01503	0.02443	0.05074	0.02819	0.72751	0.03946	0.00752	0.00752	0.01128	0.00470	0.00470
140	0.01901	0.01824	0.03115	0.07330	0.65482	0.01838	0.02371	0.02364	0.01757	0.02512	0.01455	0.01925	0.01221	0.00694	0.00768	0.00231	0.00926	0.00691	0.00382	0.01214
141	0.01929	0.01666	0.01753	0.01578	0.02016	0.01929	0.01227	0.04120	0.66513	0.03243	0.03156	0.02893	0.02367	0.01052	0.00789	0.00263	0.00614	0.00877	0.00789	0.01227
142	0.01445	0.00723	0.00723	0.00723	0.00903	0.00723	0.00542	0.01807	0.01626	0.02891	0.02529	0.02891	0.01987	0.00903	0.00542	0.00181	0.00361	0.00723	0.77055	0.00723
143	0.01555	0.04011	0.68733	0.02210	0.03356	0.01801	0.02865	0.02455	0.01637	0.02455	0.01391	0.01637	0.00982	0.00737	0.00737	0.00246	0.01146	0.00573	0.00327	0.01146
144	0.00923	0.00786	0.00795	0.00793	0.01052	0.00658	0.00595	0.01126	0.01784	0.02134	0.10173	0.07397	0.65256	0.01949	0.00916	0.00261	0.00392	0.01627	0.00725	0.00658
145	0.01797	0.01910	0.03850	0.09414	0.21231	0.01861	0.39974	0.02373	0.01787	0.02446	0.01635	0.02338	0.01324	0.00740	0.00870	0.00257	0.01153	0.03575	0.00400	0.01064
146	0.02354	0.01770	0.01914	0.01615	0.02118	0.01983	0.01286	0.20732	0.43271	0.09924	0.02795	0.02588	0.02039	0.01010	0.00784	0.00253	0.00683	0.00819	0.00802	0.01261
147	0.01347	0.00673	0.01010	0.01010	0.01010	0.00673	0.00673	0.01010	0.01010	0.01347	0.01347	0.02357	0.01347	0.02694	0.03030	0.77441	0.00673	0.00673	0.00337	0.00337
148	0.01445	0.00723	0.00723	0.00723	0.00903	0.00723	0.00542	0.01807	0.01626	0.02891	0.02529	0.02891	0.01987	0.00903	0.00542	0.00181	0.00361	0.00723	0.77055	0.00723
149	0.01608	0.01378	0.01608	0.01148	0.01837	0.01034	0.00919	0.01952	0.01608	0.02527	0.01378	0.01608	0.01148	0.00574	0.00574	0.00115	0.00574	0.00459	0.00459	0.77491
150	0.00937	0.00786	0.00814	0.00807	0.01060	0.00663	0.00605	0.01153	0.01816	0.02211	0.14687	0.07271	0.60695	0.01920	0.00916	0.00260	0.00390	0.01610	0.00735	0.00663
151	0.01555	0.04011	0.68733	0.02210	0.03356	0.01801	0.02865	0.02455	0.01637	0.02455	0.01391	0.01637	0.00982	0.00737	0.00737	0.00246	0.01146	0.00573	0.00327	0.01146
152	0.01749	0.09105	0.50955	0.07319	0.03316	0.01852	0.04857	0.02512	0.01678	0.07461	0.01500	0.01732	0.01067	0.00748	0.00730	0.00240	0.01080	0.00598	0.00380	0.01122
153	0.01279	0.00887	0.01198	0.01153	0.01250	0.00994	0.00834	0.01441	0.01245	0.05094	0.02195	0.03723	0.02216	0.31482	0.35575	0.00936	0.06457	0.00934	0.00459	0.00648
154	0.03479	0.01320	0.01799	0.01380	0.01979	0.01140	0.01140	0.03779	0.02219	0.68451	0.03059	0.02639	0.01919	0.00960	0.00780	0.00240	0.00660	0.00780	0.00960	0.01320
155	0.02282	0.01055	0.01416	0.01176	0.01567	0.00934	0.00934	0.02615	0.02207	0.35603	0.35457	0.04224	0.04632	0.01274	0.00847	0.00242	0.00512	0.01093	0.00906	0.01024
156	0.01170	0.01143	0.06859	0.03900	0.01630	0.00910	0.03938	0.01586	0.02073	0.02904	0.51786	0.05258	0.10891	0.01469	0.00894	0.00247	0.00502	0.01301	0.00758	0.00780
157	0.01495	0.01438	0.02474	0.57087	0.04848	0.01703	0.09029	0.02076	0.04130	0.02092	0.01800	0.02378	0.04503	0.00833	0.00798	0.00259	0.01015	0.00770	0.00386	0.00886
158	0.04550	0.03913	0.66093	0.02163	0.03283	0.01798	0.02786	0.02449	0.01625	0.02495	0.01379	0.01622	0.00977	0.00736	0.00727	0.00245	0.01125	0.00567	0.00333	0.01134

[dist]
# distance from previous block
# <min> <max>
0	2

[block]
# block no. 2 follows, 25 sequences, length 19
# corresponding to MSA columns:
# 189-207
name=unknown_C
#
# <colnr> <probs for GDERKNQSTAVLIFYWHMCP>
#	G	D	E	R	K	N	Q	S	T	A	V	L	I	F	Y	W	H	M	C	P
0	0.00935	0.00711	0.00862	0.00982	0.01099	0.00638	0.00677	0.01091	0.01578	0.02017	0.05457	0.50832	0.25777	0.02275	0.00965	0.00297	0.00431	0.02017	0.00720	0.00638
1	0.02047	0.01810	0.12113	0.01481	0.02005	0.01497	0.01355	0.22987	0.02590	0.10912	0.28274	0.03491	0.03741	0.01166	0.00826	0.00240	0.00682	0.00970	0.00758	0.01056
2	0.26935	0.02916	0.37543	0.01962	0.02838	0.01803	0.10779	0.02401	0.01559	0.02798	0.01313	0.01575	0.00962	0.00720	0.00676	0.00246	0.00988	0.00570	0.00387	0.01031
3	0.28185	0.01379	0.01581	0.01261	0.01821	0.01338	0.01040	0.03283	0.01922	0.46976	0.02405	0.02183	0.01562	0.00880	0.00681	0.00240	0.00640	0.00661	0.00801	0.01161
4	0.01197	0.01087	0.01343	0.01223	0.01388	0.01233	0.00973	0.01407	0.01631	0.02150	0.13268	0.05341	0.37838	0.01714	0.01454	0.00285	0.23836	0.01290	0.00611	0.00728
5	0.02544	0.03165	0.02983	0.02417	0.02944	0.47269	0.22520	0.02894	0.02076	0.02091	0.01321	0.01627	0.01057	0.00751	0.00770	0.00220	0.01368	0.00637	0.00397	0.00947
6	0.01128	0.00752	0.00846	0.00846	0.00846	0.00752	0.00470	0.01128	0.01128	0.01503	0.02443	0.05074	0.02819	0.72751	0.03946	0.00752	0.00752	0.01128	0.00470	0.00470
7	0.01736	0.01429	0.01630	0.01484	0.01837	0.01648	0.01161	0.07948	0.40081	0.02893	0.02699	0.02864	0.02144	0.02617	0.23558	0.00586	0.01116	0.00848	0.00664	0.01057
8	0.01700	0.01248	0.01450	0.01233	0.01565	0.01281	0.00970	0.22555	0.02653	0.03646	0.42834	0.04576	0.08339	0.01388	0.00869	0.00241	0.00528	0.01181	0.00821	0.00922
9	0.01114	0.00780	0.00986	0.00965	0.01052	0.00787	0.00652	0.01288	0.01503	0.02091	0.23877	0.04922	0.04136	0.36391	0.15551	0.00679	0.00878	0.01161	0.00586	0.00599
10	0.01174	0.01087	0.01311	0.01199	0.01374	0.01223	0.00955	0.01362	0.01576	0.02019	0.05595	0.05556	0.45592	0.01763	0.01455	0.00287	0.23840	0.01320	0.00594	0.00719
11	0.01725	0.01757	0.03322	0.28152	0.24204	0.01838	0.23028	0.02270	0.01709	0.02317	0.01466	0.02030	0.01141	0.00709	0.00819	0.00251	0.01089	0.00764	0.00372	0.01035
12	0.02453	0.03800	0.24189	0.02068	0.02714	0.47216	0.01950	0.02884	0.02012	0.02082	0.01262	0.01477	0.00993	0.00778	0.00712	0.00215	0.01315	0.00524	0.00376	0.00981
13	0.02270	0.01491	0.01674	0.01380	0.01760	0.01587	0.01055	0.27463	0.08508	0.12697	0.02356	0.03170	0.02020	0.24833	0.03918	0.00439	0.00806	0.00873	0.00691	0.01010
14	0.00987	0.00801	0.00949	0.00946	0.01164	0.00762	0.00721	0.01218	0.01614	0.02041	0.08527	0.05930	0.43287	0.03220	0.23644	0.00586	0.00948	0.01360	0.00625	0.00670
15	0.01616	0.01521	0.02041	0.05124	0.02087	0.01807	0.01410	0.01859	0.01360	0.02096	0.01327	0.05424	0.01280	0.01126	0.01723	0.00260	0.40684	0.00687	0.00399	0.26170
16	0.01067	0.00726	0.00864	0.00923	0.00938	0.00711	0.00552	0.01112	0.01246	0.01661	0.03048	0.27276	0.03582	0.49508	0.02969	0.00607	0.00652	0.01483	0.00552	0.00523
17	0.01608	0.01378	0.01608	0.01148	0.01837	0.01034	0.00919	0.01952	0.01608	0.02527	0.01378	0.01608	0.01148	0.00574	0.00574	0.00115	0.00574	0.00459	0.00459	0.77491
18	0.01743	0.01663	0.02829	0.30335	0.43713	0.01796	0.02292	0.02225	0.01682	0.02320	0.01427	0.01976	0.01153	0.00723	0.00771	0.00241	0.00965	0.00690	0.00369	0.01086

[dist]
# distance from previous block
# <min> <max>
0	2

[block]
# block no. 3 follows, 25 sequences, length 10
# corresponding to MSA columns:
# 210-219
name=unknown_D
#
# <colnr> <probs for GDERKNQSTAVLIFYWHMCP>
#	G	D	E	R	K	N	Q	S	T	A	V	L	I	F	Y	W	H	M	C	P
0	0.01436	0.00992	0.01097	0.01005	0.01110	0.01032	0.00640	0.12003	0.01554	0.02077	0.02345	0.04530	0.02565	0.60585	0.03409	0.00664	0.00769	0.01055	0.00522	0.00614
1	0.10647	0.01681	0.02635	0.08645	0.44737	0.01703	0.01981	0.02576	0.01777	0.13764	0.01681	0.01978	0.01288	0.00746	0.00738	0.00235	0.00849	0.00676	0.00489	0.01173
2	0.01226	0.01696	0.20042	0.01322	0.01775	0.01032	0.01330	0.01742	0.02038	0.02926	0.48944	0.04625	0.05538	0.01347	0.00865	0.00244	0.00585	0.01169	0.00706	0.00848
3	0.01028	0.00773	0.01082	0.08835	0.01600	0.00769	0.00881	0.01245	0.01612	0.02171	0.14662	0.53173	0.05043	0.02102	0.00953	0.00297	0.00501	0.01900	0.00701	0.00673
4	0.01575	0.01491	0.02525	0.54811	0.20553	0.01752	0.02208	0.02078	0.01603	0.02115	0.01398	0.02031	0.01081	0.00755	0.00773	0.00252	0.01006	0.00689	0.00354	0.00951
5	0.61072	0.01342	0.01117	0.01010	0.01424	0.01515	0.00816	0.02098	0.01514	0.03397	0.15854	0.02268	0.02280	0.00912	0.00577	0.00241	0.00548	0.00638	0.00563	0.00816
6	0.02896	0.03695	0.02197	0.01998	0.02397	0.69638	0.01498	0.03096	0.02197	0.01898	0.01199	0.01398	0.00999	0.00799	0.00699	0.00200	0.01398	0.00499	0.00400	0.00899
7	0.01294	0.00926	0.01022	0.00954	0.01252	0.00841	0.00730	0.01728	0.08339	0.08731	0.17243	0.06256	0.44391	0.01711	0.00890	0.00257	0.00436	0.01438	0.00773	0.00789
8	0.01844	0.02092	0.11544	0.08593	0.55660	0.01829	0.02428	0.02364	0.01735	0.02488	0.01445	0.01892	0.01184	0.00702	0.00764	0.00234	0.00957	0.00676	0.00374	0.01194
9	0.10422	0.25871	0.02509	0.01349	0.01907	0.02074	0.01179	0.08437	0.03842	0.02561	0.01356	0.01594	0.01149	0.01004	0.04276	0.00239	0.06501	0.00514	0.00448	0.22769

[dist]
# distance from previous block
# <min> <max>
1	6

[block]
# block no. 4 follows, 25 sequences, length 169
# corresponding to MSA columns:
# 226-394
name=unknown_E
#
# <colnr> <probs for GDERKNQSTAVLIFYWHMCP>
#	G	D	E	R	K	N	Q	S	T	A	V	L	I	F	Y	W	H	M	C	P
0	0.04626	0.01420	0.02170	0.05489	0.23273	0.01445	0.05756	0.04556	0.06731	0.05541	0.05206	0.09824	0.04913	0.01281	0.00864	0.00273	0.00777	0.14275	0.00587	0.00992
1	0.04925	0.01642	0.02671	0.11484	0.19737	0.01707	0.12520	0.02132	0.01634	0.02422	0.04914	0.02053	0.01457	0.00823	0.01023	0.00235	0.11623	0.00709	0.00417	0.15871
2	0.01839	0.01761	0.03003	0.16360	0.56937	0.01821	0.02340	0.02310	0.01728	0.02436	0.01444	0.01945	0.01194	0.00706	0.00769	0.00235	0.00941	0.00691	0.00377	0.01164
3	0.01266	0.01024	0.01600	0.01913	0.14293	0.01130	0.01224	0.01568	0.01342	0.01931	0.01971	0.02907	0.01835	0.07462	0.53690	0.01029	0.01800	0.00815	0.00411	0.00788
4	0.00943	0.00681	0.00894	0.01064	0.01120	0.00631	0.00713	0.01081	0.01500	0.01985	0.04466	0.68767	0.08482	0.02404	0.00986	0.00312	0.00447	0.02174	0.00720	0.00631
5	0.02088	0.02268	0.06554	0.02434	0.18208	0.19703	0.01625	0.11212	0.02056	0.02562	0.01970	0.15397	0.01910	0.01110	0.00840	0.00237	0.03288	0.00914	0.00508	0.05113
6	0.01740	0.01659	0.02824	0.30809	0.43264	0.01795	0.02290	0.02223	0.01681	0.02316	0.01427	0.01977	0.01152	0.00724	0.00771	0.00241	0.00965	0.00690	0.00368	0.01084
7	0.01445	0.00723	0.00723	0.00723	0.00903	0.00723	0.00542	0.01807	0.01626	0.02891	0.02529	0.02891	0.01987	0.00903	0.00542	0.00181	0.00361	0.00723	0.77055	0.00723
8	0.01815	0.01803	0.02395	0.02030	0.02148	0.04896	0.04397	0.04297	0.08395	0.02144	0.01308	0.01837	0.01180	0.01258	0.02154	0.00319	0.55599	0.00704	0.00407	0.00915
9	0.01108	0.00831	0.01246	0.01246	0.01385	0.00969	0.00969	0.01385	0.01246	0.01800	0.02077	0.03046	0.01938	0.05815	0.69678	0.01246	0.02077	0.00831	0.00415	0.00692
10	0.02113	0.27255	0.02925	0.01778	0.02105	0.18582	0.01520	0.02318	0.01563	0.01859	0.01082	0.01467	0.01005	0.00981	0.01389	0.00245	0.30006	0.00543	0.00351	0.00912
11	0.01593	0.03332	0.50781	0.02082	0.05563	0.01658	0.02411	0.02412	0.03881	0.02500	0.01453	0.01686	0.01072	0.00714	0.00708	0.00220	0.01008	0.00566	0.00371	0.15990
12	0.01629	0.08746	0.54135	0.02170	0.05958	0.04358	0.02539	0.02401	0.01696	0.02435	0.05720	0.01886	0.01412	0.00787	0.00731	0.00237	0.01071	0.00619	0.00368	0.01102
13	0.02111	0.04938	0.02509	0.02931	0.29052	0.09598	0.01751	0.07508	0.25705	0.02858	0.02065	0.02186	0.01617	0.00851	0.00757	0.00236	0.00853	0.00727	0.00560	0.01188
14	0.02185	0.23660	0.20132	0.01815	0.02448	0.18062	0.01805	0.02586	0.01733	0.07055	0.01330	0.01550	0.01066	0.00831	0.00908	0.00224	0.10660	0.00539	0.00395	0.01016
15	0.01562	0.01339	0.01554	0.01125	0.01785	0.01009	0.00897	0.01897	0.01618	0.02498	0.01805	0.01993	0.05526	0.00666	0.00597	0.00125	0.00562	0.00537	0.00477	0.72429
16	0.01108	0.00831	0.01246	0.01246	0.01385	0.00969	0.00969	0.01385	0.01246	0.01800	0.02077	0.03046	0.01938	0.05815	0.69678	0.01246	0.02077	0.00831	0.00415	0.00692
17	0.01445	0.00723	0.00723	0.00723	0.00903	0.00723	0.00542	0.01807	0.01626	0.02891	0.02529	0.02891	0.01987	0.00903	0.00542	0.00181	0.00361	0.00723	0.77055	0.00723
18	0.01608	0.01378	0.01608	0.01148	0.01837	0.01034	0.00919	0.01952	0.01608	0.02527	0.01378	0.01608	0.01148	0.00574	0.00574	0.00115	0.00574	0.00459	0.00459	0.77491
19	0.01976	0.02264	0.01628	0.01569	0.04042	0.34873	0.01136	0.02225	0.02086	0.02264	0.19134	0.03855	0.17386	0.01249	0.00803	0.00226	0.00902	0.00983	0.00583	0.00814
20	0.01128	0.00752	0.00846	0.00846	0.00846	0.00752	0.00470	0.01128	0.01128	0.01503	0.02443	0.05074	0.02819	0.72751	0.03946	0.00752	0.00752	0.01128	0.00470	0.00470
21	0.01619	0.01481	0.02399	0.59676	0.10676	0.01786	0.02121	0.06905	0.01731	0.02254	0.01423	0.02038	0.01073	0.00780	0.00775	0.00254	0.01010	0.00690	0.00381	0.00929
22	0.00945	0.00675	0.00900	0.01080	0.01125	0.00630	0.00720	0.01080	0.01484	0.01979	0.04274	0.72245	0.05128	0.02429	0.00990	0.00315	0.00450	0.02204	0.00720	0.00630
23	0.78228	0.01499	0.01140	0.01020	0.01499	0.01739	0.00840	0.02279	0.01320	0.03479	0.01080	0.01260	0.00840	0.00720	0.00480	0.00240	0.00600	0.00420	0.00480	0.00840
24	0.01109	0.00825	0.01215	0.01215	0.01343	0.00952	0.00931	0.01365	0.01237	0.01777	0.02105	0.03203	0.02006	0.10980	0.64606	0.01208	0.01975	0.00854	0.00420	0.00675
25	0.00916	0.00785	0.00785	0.00785	0.01047	0.00655	0.00589	0.01113	0.01767	0.02095	0.07855	0.07462	0.67599	0.01964	0.00916	0.00262	0.00393	0.01636	0.00720	0.00655
26	0.03479	0.01320	0.01799	0.01380	0.01979	0.01140	0.01140	0.03779	0.02219	0.68451	0.03059	0.02639	0.01919	0.00960	0.00780	0.00240	0.00660	0.00780	0.00960	0.01320
27	0.02267	0.07922	0.25838	0.01996	0.05063	0.13065	0.01948	0.05136	0.04107	0.14656	0.01686	0.01825	0.01234	0.00870	0.00931	0.00241	0.08996	0.00620	0.00494	0.01105
28	0.01825	0.02034	0.04253	0.03283	0.09313	0.01988	0.53978	0.02419	0.01766	0.02432	0.01509	0.02041	0.01166	0.00721	0.01051	0.00266	0.07651	0.00874	0.00387	0.01043
29	0.03479	0.01320	0.01799	0.01380	0.01979	0.01140	0.01140	0.03779	0.02219	0.68451	0.03059	0.02639	0.01919	0.00960	0.00780	0.00240	0.00660	0.00780	0.00960	0.01320
30	0.01464	0.01378	0.02326	0.70887	0.05340	0.01723	0.02153	0.01981	0.01550	0.01981	0.01378	0.02067	0.01034	0.00775	0.00775	0.00258	0.01034	0.00689	0.00345	0.00861
31	0.01525	0.03799	0.64274	0.02129	0.03211	0.01730	0.02724	0.02390	0.01674	0.02499	0.05747	0.01911	0.01399	0.00793	0.00748	0.00245	0.01095	0.00628	0.00362	0.01119
32	0.02398	0.09135	0.02725	0.03017	0.28343	0.34221	0.01822	0.02780	0.04374	0.02193	0.01364	0.01647	0.01141	0.00753	0.00712	0.00211	0.01128	0.00582	0.00402	0.01050
