[name]
unknown

[dist]
# distance from previous block
# <min> <max>
18	63

[block]
# block no. 0 follows, 23 sequences, length 15
# corresponding to MSA columns:
# 66-80
name=unknown_A
#
# <colnr> <probs for GDERKNQSTAVLIFYWHMCP>
#	G	D	E	R	K	N	Q	S	T	A	V	L	I	F	Y	W	H	M	C	P
0	0.10504	0.01739	0.01901	0.01545	0.02050	0.01867	0.01241	0.34634	0.02749	0.07649	0.02195	0.09126	0.01870	0.04001	0.07433	0.00366	0.00909	0.00874	0.00712	0.06634
1	0.01349	0.01015	0.01419	0.01338	0.01511	0.01153	0.01034	0.04486	0.01416	0.02032	0.01997	0.02991	0.01877	0.08361	0.47416	0.07673	0.06479	0.00831	0.00446	0.05179
2	0.05998	0.01752	0.02434	0.01988	0.02241	0.02158	0.05817	0.05815	0.01588	0.08046	0.01387	0.01866	0.01182	0.01184	0.01940	0.00303	0.44059	0.00699	0.00464	0.09080
3	0.01860	0.01273	0.01478	0.06500	0.01851	0.03688	0.01063	0.08137	0.06617	0.09841	0.14882	0.09430	0.04828	0.03513	0.01010	0.00269	0.04272	0.01067	0.17491	0.00929
4	0.05979	0.08276	0.06024	0.01682	0.02269	0.06908	0.01428	0.16857	0.28543	0.05138	0.02320	0.02265	0.01742	0.00945	0.00754	0.00241	0.00807	0.00731	0.00688	0.06403
5	0.02687	0.01860	0.02419	0.08508	0.06774	0.06529	0.07998	0.16306	0.06091	0.21705	0.02183	0.02288	0.01549	0.01026	0.00969	0.05175	0.00912	0.00764	0.00688	0.03571
6	0.02429	0.01564	0.01833	0.01505	0.01975	0.01637	0.01211	0.17814	0.11292	0.18446	0.03057	0.07285	0.07491	0.01200	0.00973	0.00255	0.06746	0.00943	0.04976	0.07369
7	0.01134	0.00882	0.01215	0.07428	0.01633	0.00949	0.00954	0.01298	0.01486	0.02001	0.03651	0.50443	0.04288	0.10464	0.01534	0.00381	0.07045	0.01880	0.00649	0.00683
8	0.01511	0.01074	0.01529	0.11488	0.02115	0.01107	0.04123	0.04008	0.05140	0.07886	0.03295	0.34170	0.03525	0.13441	0.01477	0.00381	0.00703	0.01552	0.00662	0.00812
9	0.05536	0.01427	0.01663	0.03876	0.06214	0.03255	0.01175	0.17368	0.02104	0.03029	0.02439	0.06824	0.05376	0.05552	0.09235	0.05137	0.04310	0.00899	0.13662	0.00920
10	0.01885	0.01731	0.06551	0.01434	0.02108	0.01392	0.01240	0.06235	0.03945	0.05937	0.01592	0.01809	0.01272	0.00746	0.00826	0.00170	0.06752	0.00557	0.00519	0.53299
11	0.21226	0.02744	0.27055	0.06621	0.19821	0.04344	0.02221	0.02497	0.01680	0.02816	0.01383	0.01707	0.01062	0.00758	0.00711	0.00250	0.00993	0.00595	0.00403	0.01113
12	0.02309	0.56424	0.03864	0.01706	0.05680	0.14320	0.01480	0.02572	0.01772	0.01963	0.01172	0.01368	0.01055	0.00720	0.00572	0.00183	0.00975	0.00465	0.00362	0.01037
13	0.05964	0.06580	0.02390	0.19623	0.06882	0.10343	0.01668	0.17132	0.10646	0.03097	0.01755	0.01999	0.01341	0.00861	0.00754	0.00237	0.00949	0.00675	0.00553	0.06553
14	0.09918	0.08076	0.02386	0.14303	0.08389	0.09274	0.01598	0.20476	0.02384	0.07834	0.01854	0.06622	0.01521	0.00971	0.00762	0.00246	0.00923	0.00765	0.00589	0.01108

[dist]
# distance from previous block
# <min> <max>
24	82

[block]
# block no. 1 follows, 23 sequences, length 25
# corresponding to MSA columns:
# 165-189
name=unknown_B
#
# <colnr> <probs for GDERKNQSTAVLIFYWHMCP>
#	G	D	E	R	K	N	Q	S	T	A	V	L	I	F	Y	W	H	M	C	P
0	0.01763	0.01724	0.02640	0.15666	0.03207	0.05521	0.17402	0.05263	0.03862	0.02568	0.06949	0.09544	0.02160	0.01054	0.00971	0.00254	0.05565	0.00964	0.00515	0.12408
1	0.10146	0.01551	0.02307	0.20961	0.15616	0.01711	0.03626	0.02567	0.04903	0.13447	0.03931	0.02486	0.01650	0.01007	0.01016	0.02471	0.06551	0.02452	0.00545	0.01055
2	0.02000	0.01597	0.02253	0.17735	0.17289	0.01711	0.01724	0.12690	0.08321	0.06854	0.02351	0.12076	0.02091	0.01136	0.00842	0.00263	0.00837	0.02834	0.00604	0.04791
3	0.24849	0.11817	0.02240	0.05059	0.07065	0.08966	0.04882	0.02490	0.06790	0.02687	0.01571	0.02031	0.01343	0.06570	0.03728	0.00317	0.00918	0.00631	0.00473	0.05573
4	0.12400	0.17973	0.02480	0.07108	0.02374	0.10114	0.04374	0.02663	0.08186	0.06541	0.06549	0.02120	0.01765	0.00850	0.00683	0.00215	0.00843	0.00653	0.00530	0.11580
5	0.05109	0.18050	0.08299	0.11400	0.02782	0.02040	0.06420	0.07720	0.08633	0.05933	0.09552	0.02441	0.02096	0.00913	0.00747	0.00233	0.00852	0.00754	0.00556	0.05470
6	0.14063	0.01684	0.01992	0.21131	0.02973	0.03901	0.01506	0.18931	0.02193	0.03200	0.06896	0.02508	0.01829	0.07032	0.01203	0.00308	0.06331	0.00772	0.00563	0.00983
7	0.01724	0.01622	0.02659	0.43344	0.24726	0.01860	0.02249	0.02390	0.06899	0.02366	0.01622	0.02185	0.01261	0.00807	0.00810	0.00261	0.01008	0.00738	0.00412	0.01055
8	0.01247	0.00861	0.01096	0.01081	0.01297	0.00787	0.00835	0.01573	0.02096	0.06006	0.38580	0.11779	0.17572	0.01852	0.00980	0.00281	0.00462	0.10004	0.00841	0.00770
9	0.03085	0.02273	0.02435	0.01867	0.02516	0.02516	0.01542	0.63716	0.03815	0.05114	0.01948	0.01948	0.01380	0.00974	0.00812	0.00244	0.00893	0.00731	0.00812	0.01380
10	0.02577	0.01972	0.02163	0.01626	0.02302	0.01997	0.01332	0.41406	0.03044	0.04220	0.01765	0.01852	0.01316	0.00839	0.00735	0.00199	0.00787	0.00640	0.00692	0.28534
11	0.01627	0.04197	0.67279	0.02313	0.03512	0.01884	0.02998	0.02570	0.01713	0.02570	0.01456	0.01713	0.01028	0.00771	0.00771	0.00257	0.01199	0.00600	0.00343	0.01199
12	0.00996	0.00712	0.00948	0.01125	0.01179	0.00664	0.00754	0.01149	0.01589	0.02127	0.07371	0.67897	0.05475	0.02501	0.01032	0.00326	0.00467	0.02267	0.00760	0.00664
13	0.01609	0.01590	0.02884	0.33081	0.09371	0.01767	0.17220	0.02097	0.01675	0.02242	0.01894	0.11763	0.01734	0.01061	0.01020	0.00284	0.06331	0.01001	0.00431	0.00946
14	0.01971	0.01875	0.03114	0.09818	0.56702	0.01925	0.02379	0.02597	0.06659	0.02662	0.01656	0.02098	0.01360	0.00759	0.00806	0.00246	0.00949	0.00738	0.00431	0.01255
15	0.00989	0.00706	0.00942	0.01130	0.01177	0.00659	0.00753	0.01130	0.01554	0.02071	0.04472	0.70954	0.05367	0.02542	0.01036	0.00330	0.00471	0.02307	0.00753	0.00659
16	0.02266	0.01527	0.01809	0.14297	0.02518	0.01681	0.01312	0.26659	0.02564	0.07409	0.02172	0.02417	0.01607	0.00935	0.00725	0.00230	0.00735	0.00743	0.27323	0.01069
17	0.01238	0.00780	0.01015	0.01109	0.01203	0.00728	0.00747	0.01385	0.01600	0.07184	0.07828	0.51036	0.04853	0.13466	0.01512	0.00392	0.00534	0.01956	0.00739	0.00696
18	0.01766	0.21543	0.51148	0.02076	0.03146	0.02224	0.02586	0.02534	0.01697	0.02401	0.01372	0.01608	0.01031	0.00751	0.00707	0.00236	0.01114	0.00557	0.00344	0.01159
19	0.02169	0.71972	0.04252	0.01388	0.02083	0.03211	0.01388	0.02430	0.01649	0.01909	0.01128	0.01302	0.01041	0.00694	0.00521	0.00174	0.00868	0.00434	0.00347	0.01041
20	0.01228	0.01103	0.06396	0.01070	0.01218	0.00903	0.00785	0.03279	0.01422	0.01900	0.03204	0.16200	0.07983	0.46451	0.02982	0.00609	0.00742	0.01349	0.00554	0.00621
21	0.02182	0.01613	0.02004	0.04995	0.05388	0.01529	0.01294	0.11025	0.04667	0.11947	0.01810	0.01974	0.01380	0.00814	0.00860	0.00195	0.06401	0.00623	0.00594	0.38706
22	0.05132	0.06804	0.29962	0.02009	0.05875	0.01800	0.02048	0.05045	0.09122	0.21047	0.02149	0.02144	0.01490	0.00873	0.00768	0.00251	0.00930	0.00692	0.00609	0.01249
23	0.24338	0.10464	0.14365	0.07352	0.02476	0.01843	0.01535	0.05582	0.01798	0.10893	0.03942	0.01885	0.01391	0.00815	0.00663	0.00231	0.00813	0.00597	0.00531	0.08485
24	0.09084	0.04935	0.19601	0.22953	0.10740	0.07049	0.02202	0.04341	0.01741	0.02495	0.01386	0.01825	0.01075	0.00836	0.00900	0.00259	0.06508	0.00636	0.00392	0.01043

[dist]
# distance from previous block
# <min> <max>
6	22

[block]
# block no. 2 follows, 23 sequences, length 88
# corresponding to MSA columns:
# 213-300
name=unknown_C
#
# <colnr> <probs for GDERKNQSTAVLIFYWHMCP>
#	G	D	E	R	K	N	Q	S	T	A	V	L	I	F	Y	W	H	M	C	P
0	0.04838	0.16014	0.22557	0.05475	0.23433	0.05994	0.02234	0.02505	0.01761	0.02461	0.01391	0.01716	0.01119	0.00737	0.00714	0.00227	0.01020	0.00596	0.00381	0.04827
1	0.02175	0.09705	0.08205	0.09748	0.06117	0.16005	0.11647	0.04819	0.06320	0.05546	0.04446	0.04386	0.01669	0.00937	0.00899	0.00250	0.04802	0.00779	0.00494	0.01050
2	0.05475	0.09532	0.02136	0.01589	0.01882	0.01826	0.04201	0.08145	0.05482	0.04643	0.05585	0.09885	0.02295	0.06758	0.08603	0.00424	0.16563	0.00958	0.03098	0.00922
3	0.01753	0.19857	0.52716	0.02099	0.03182	0.02191	0.02626	0.02537	0.01698	0.02417	0.01380	0.01618	0.01031	0.00753	0.00713	0.00238	0.01123	0.00561	0.00344	0.01163
4	0.01190	0.00924	0.01143	0.04722	0.01488	0.00899	0.00858	0.01648	0.06728	0.02762	0.34915	0.09919	0.19835	0.05506	0.01123	0.00300	0.00489	0.03991	0.00791	0.00771
5	0.01109	0.00806	0.01045	0.01032	0.01200	0.00742	0.00756	0.01438	0.02135	0.02980	0.51619	0.18383	0.10029	0.01844	0.00972	0.00270	0.00401	0.01637	0.00860	0.00742
6	0.01180	0.00787	0.00885	0.00885	0.00885	0.00787	0.00492	0.01180	0.01180	0.01573	0.02557	0.05310	0.02950	0.71483	0.04130	0.00787	0.00787	0.01180	0.00492	0.00492
7	0.77215	0.01569	0.01193	0.01067	0.01569	0.01820	0.00879	0.02385	0.01381	0.03641	0.01130	0.01318	0.00879	0.00753	0.00502	0.00251	0.00628	0.00439	0.00502	0.00879
8	0.01219	0.00849	0.01048	0.00996	0.01224	0.00760	0.00747	0.01537	0.02136	0.06250	0.43678	0.10024	0.22949	0.01781	0.00955	0.00264	0.00412	0.01547	0.00854	0.00770
9	0.03480	0.01639	0.02043	0.01566	0.02200	0.01575	0.01294	0.21233	0.02754	0.49095	0.02839	0.02527	0.01827	0.00996	0.00815	0.00249	0.00749	0.00791	0.00949	0.01381
10	0.01683	0.01442	0.01683	0.01202	0.01923	0.01082	0.00961	0.02043	0.01683	0.02644	0.01442	0.01683	0.01202	0.00601	0.00601	0.00120	0.00601	0.00481	0.00481	0.76444
11	0.01513	0.00756	0.00756	0.00756	0.00945	0.00756	0.00567	0.01891	0.01702	0.03025	0.02647	0.03025	0.02080	0.00945	0.00567	0.00189	0.00378	0.00756	0.75988	0.00756
12	0.01019	0.00719	0.00932	0.01090	0.01130	0.00680	0.00711	0.01138	0.01493	0.01991	0.04164	0.60377	0.04977	0.13650	0.01534	0.00403	0.00522	0.02125	0.00711	0.00632
13	0.01006	0.00718	0.00961	0.01149	0.01204	0.00674	0.00783	0.01159	0.01570	0.02091	0.04463	0.67634	0.05329	0.02526	0.01040	0.00332	0.00486	0.05457	0.00753	0.00664
14	0.03641	0.01381	0.01883	0.01444	0.02071	0.01193	0.01193	0.03954	0.02322	0.66984	0.03201	0.02762	0.02009	0.01004	0.00816	0.00251	0.00690	0.00816	0.01004	0.01381
15	0.00996	0.00719	0.00943	0.01107	0.01174	0.00666	0.00747	0.01154	0.01610	0.02143	0.08042	0.63995	0.08768	0.02468	0.01027	0.00322	0.00463	0.02229	0.00761	0.00666
16	0.02166	0.01816	0.01918	0.01681	0.02166	0.02087	0.01320	0.12535	0.56492	0.03632	0.03115	0.02878	0.02325	0.01083	0.00824	0.00271	0.00677	0.00892	0.00824	0.01298
17	0.01890	0.02246	0.07482	0.03256	0.04023	0.02082	0.55303	0.02542	0.01847	0.02542	0.01583	0.02131	0.01207	0.00752	0.01097	0.00280	0.07334	0.00919	0.00402	0.01081
18	0.52365	0.05292	0.01595	0.07871	0.04382	0.01784	0.01111	0.02479	0.01539	0.09143	0.01444	0.01647	0.01089	0.00788	0.00576	0.00245	0.00690	0.00528	0.04489	0.00944
19	0.01560	0.01471	0.02484	0.65751	0.09153	0.01810	0.02267	0.02098	0.01636	0.02107	0.01447	0.02154	0.01094	0.00806	0.00811	0.00269	0.01075	0.00721	0.00363	0.00924
20	0.01532	0.01442	0.02434	0.69533	0.05589	0.01803	0.02253	0.02073	0.01622	0.02073	0.01442	0.02163	0.01082	0.00811	0.00811	0.00270	0.01082	0.00721	0.00361	0.00901
21	0.01953	0.02027	0.06434	0.09799	0.43567	0.04476	0.02268	0.02620	0.08198	0.02605	0.01749	0.02299	0.01460	0.00857	0.00901	0.00256	0.04280	0.02606	0.00447	0.01198
22	0.02382	0.01195	0.01535	0.01287	0.01730	0.01068	0.01011	0.04929	0.04107	0.31720	0.13584	0.15190	0.06868	0.01395	0.00864	0.00255	0.00585	0.01194	0.00867	0.08235
23	0.01647	0.01353	0.01806	0.13218	0.02390	0.01605	0.01367	0.11157	0.05501	0.02513	0.02455	0.09919	0.05446	0.05693	0.16246	0.02743	0.12517	0.01003	0.00539	0.00883
24	0.05809	0.01822	0.06083	0.35083	0.23043	0.01876	0.10098	0.02304	0.01718	0.02419	0.01476	0.02053	0.01147	0.00764	0.00809	0.00260	0.01065	0.00731	0.00386	0.01053
25	0.00989	0.00706	0.00942	0.01130	0.01177	0.00659	0.00753	0.01130	0.01554	0.02071	0.04472	0.70954	0.05367	0.02542	0.01036	0.00330	0.00471	0.02307	0.00753	0.00659
26	0.01176	0.00776	0.00885	0.00907	0.00923	0.00770	0.00527	0.01213	0.01253	0.01711	0.02787	0.12917	0.03187	0.59502	0.03571	0.00700	0.00727	0.01290	0.04655	0.00526
27	0.01148	0.00829	0.01085	0.01021	0.01212	0.00766	0.00766	0.01531	0.02297	0.03254	0.65994	0.06061	0.07656	0.01659	0.00957	0.00255	0.00383	0.01467	0.00893	0.00766
28	0.02008	0.01928	0.03294	0.04981	0.66422	0.01928	0.02490	0.02490	0.01848	0.02651	0.01526	0.02008	0.01285	0.00723	0.00803	0.00241	0.00964	0.00723	0.00402	0.01285
29	0.02164	0.36920	0.20893	0.05729	0.02739	0.09581	0.01895	0.05174	0.01848	0.04396	0.01352	0.01557	0.01087	0.00759	0.00650	0.00211	0.01029	0.00530	0.00396	0.01091
30	0.61385	0.01719	0.01458	0.01238	0.01771	0.01969	0.01020	0.15482	0.01901	0.03955	0.01305	0.01453	0.00986	0.00800	0.00568	0.00249	0.00684	0.00502	0.00568	0.00986
31	0.01784	0.13402	0.47759	0.02207	0.06174	0.02052	0.02522	0.06075	0.01805	0.02575	0.01502	0.01880	0.01168	0.04641	0.00923	0.00273	0.01100	0.00622	0.00382	0.01153
32	0.26565	0.05496	0.01726	0.01336	0.01858	0.01700	0.01093	0.05517	0.15777	0.21224	0.04814	0.02607	0.05040	0.01001	0.00713	0.00253	0.00653	0.00760	0.00743	0.01124
33	0.02527	0.02031	0.02544	0.05894	0.02753	0.02160	0.08311	0.37754	0.05846	0.04035	0.01826	0.01986	0.01354	0.00895	0.00872	0.00234	0.03818	0.00721	0.00667	0.13774
34	0.01771	0.05988	0.03347	0.09475	0.03308	0.05168	0.29725	0.02226	0.01733	0.02307	0.01934	0.12868	0.01824	0.01092	0.01127	0.00277	0.10183	0.01041	0.00452	0.04153
35	0.01532	0.01442	0.02434	0.69533	0.05589	0.01803	0.02253	0.02073	0.01622	0.02073	0.01442	0.02163	0.01082	0.00811	0.00811	0.00270	0.01082	0.00721	0.00361	0.00901
36	0.02914	0.13389	0.12361	0.01565	0.02267	0.01670	0.01496	0.06308	0.02190	0.39547	0.06232	0.02515	0.02000	0.00955	0.00769	0.00239	0.00790	0.00754	0.00778	0.01261
37	0.07020	0.02071	0.02243	0.01738	0.02353	0.02256	0.01431	0.51252	0.03457	0.11048	0.05393	0.02211	0.01745	0.01001	0.00803	0.00245	0.00832	0.00762	0.00818	0.01321
38	0.01118	0.00818	0.01049	0.01013	0.01199	0.00749	0.00751	0.01463	0.02192	0.03056	0.55449	0.11923	0.12649	0.01772	0.00964	0.00263	0.00393	0.01563	0.00868	0.00749
39	0.01287	0.01288	0.05709	0.14551	0.02619	0.01171	0.10626	0.01661	0.01716	0.02316	0.10334	0.36011	0.03936	0.01728	0.00957	0.00297	0.00755	0.01605	0.00619	0.00815
40	0.01965	0.01878	0.03213	0.17581	0.39457	0.01958	0.10502	0.06235	0.04251	0.02705	0.01616	0.02098	0.01286	0.00765	0.00827	0.00253	0.01026	0.00762	0.00435	0.01187
41	0.01122	0.00821	0.01052	0.01009	0.01200	0.00752	0.00751	0.01474	0.02213	0.03088	0.57140	0.10045	0.12808	0.01747	0.00962	0.00261	0.00391	0.01539	0.00872	0.00752
42	0.01496	0.00758	0.00763	0.00763	0.00942	0.00758	0.00564	0.01856	0.01676	0.02954	0.02643	0.03137	0.02122	0.04385	0.00741	0.00218	0.00398	0.00777	0.72307	0.00743
43	0.01643	0.04092	0.63995	0.02371	0.03550	0.01893	0.06176	0.02571	0.01724	0.02571	0.01466	0.01738	0.01039	0.00766	0.00781	0.00258	0.01208	0.00618	0.00346	0.01194
44	0.01746	0.04031	0.63424	0.02262	0.03427	0.01844	0.02892	0.02651	0.01749	0.06367	0.01559	0.01775	0.01086	0.00785	0.00774	0.00257	0.01169	0.00612	0.00382	0.01210
45	0.03641	0.01381	0.01883	0.01444	0.02071	0.01193	0.01193	0.03954	0.02322	0.66984	0.03201	0.02762	0.02009	0.01004	0.00816	0.00251	0.00690	0.00816	0.01004	0.01381
46	0.01591	0.01503	0.02099	0.15246	0.02642	0.04902	0.04861	0.01900	0.01601	0.02219	0.09018	0.09572	0.02533	0.04086	0.01661	0.00325	0.25918	0.04377	0.03103	0.00841
47	0.01655	0.01572	0.02743	0.43199	0.10193	0.01774	0.11999	0.04957	0.01785	0.02350	0.01805	0.08954	0.01562	0.00962	0.00856	0.00273	0.01048	0.00917	0.00432	0.00965
48	0.01684	0.01626	0.02884	0.42502	0.04611	0.01886	0.15630	0.04113	0.01691	0.02240	0.01465	0.02141	0.01141	0.00957	0.01151	0.04445	0.07750	0.00772	0.00385	0.00928
49	0.61779	0.09233	0.01645	0.07664	0.02010	0.01970	0.01066	0.02360	0.01433	0.03302	0.01160	0.01397	0.00916	0.00752	0.00534	0.00244	0.00697	0.00466	0.00472	0.00899
50	0.01148	0.00829	0.01085	0.01021	0.01212	0.00766	0.00766	0.01531	0.02297	0.03254	0.65994	0.06061	0.07656	0.01659	0.00957	0.00255	0.00383	0.01467	0.00893	0.00766
51	0.01770	0.01818	0.03395	0.04735	0.03295	0.01623	0.35749	0.02304	0.01803	0.02569	0.01716	0.05701	0.01438	0.00758	0.00830	0.00222	0.01037	0.00852	0.00452	0.27934
52	0.01003	0.00824	0.00883	0.00869	0.01123	0.00704	0.00651	0.01250	0.01954	0.02440	0.21733	0.07400	0.52424	0.01962	0.00959	0.00270	0.00404	0.01655	0.00786	0.00704
53	0.02037	0.02041	0.03372	0.06833	0.10580	0.05263	0.26494	0.08762	0.05045	0.02744	0.01653	0.02112	0.01305	0.00898	0.01188	0.00274	0.13539	0.00817	0.03958	0.01083
54	0.01564	0.01453	0.02364	0.54958	0.04783	0.01849	0.02090	0.01997	0.01530	0.02017	0.01380	0.02119	0.01098	0.01021	0.01239	0.04584	0.12008	0.00718	0.00359	0.00868
55	0.01313	0.00850	0.01075	0.01002	0.01221	0.00783	0.00757	0.01681	0.02204	0.06604	0.52019	0.05640	0.10142	0.01566	0.00905	0.00249	0.00401	0.01366	0.09429	0.00793
56	0.02924	0.02298	0.02561	0.05955	0.02794	0.05703	0.05084	0.53634	0.03503	0.04638	0.01867	0.01950	0.01337	0.00941	0.00816	0.00245	0.00959	0.00733	0.00743	0.01314
57	0.01938	0.01856	0.03167	0.14496	0.57454	0.01909	0.02455	0.02429	0.01814	0.02566	0.01514	0.02031	0.01255	0.00736	0.00804	0.00245	0.00981	0.00723	0.00396	0.01229
58	0.02020	0.01798	0.02735	0.23942	0.26636	0.04410	0.05308	0.05608	0.07802	0.06418	0.01881	0.02441	0.01491	0.00872	0.00826	0.00259	0.00983	0.02940	0.00498	0.01134
59	0.01982	0.41571	0.19550	0.04372	0.02692	0.02644	0.05208	0.02651	0.08092	0.02267	0.01470	0.01660	0.01195	0.00758	0.00649	0.00214	0.00962	0.00564	0.00398	0.01102
60	0.01006	0.00726	0.00957	0.01135	0.01202	0.00677	0.00778	0.01164	0.01588	0.02099	0.04664	0.63926	0.08602	0.02498	0.01037	0.00329	0.00484	0.05711	0.00753	0.00666
61	0.02204	0.62842	0.07804	0.01487	0.02199	0.05615	0.01495	0.04696	0.01756	0.02067	0.01182	0.01355	0.01053	0.00714	0.00554	0.00182	0.00911	0.00458	0.00366	0.01059
62	0.02061	0.01866	0.02932	0.18473	0.41691	0.01989	0.02260	0.11332	0.04266	0.02908	0.01631	0.02069	0.01296	0.00792	0.00807	0.00249	0.00968	0.00730	0.00467	0.01215
63	0.01280	0.00923	0.01269	0.01433	0.01625	0.00912	0.01242	0.01645	0.01888	0.02455	0.07526	0.08926	0.08285	0.02203	0.01104	0.00362	0.00710	0.54712	0.00755	0.00745
64	0.02427	0.01685	0.01817	0.01483	0.01966	0.01821	0.01195	0.33024	0.11326	0.07527	0.05882	0.02906	0.05808	0.01084	0.00779	0.00239	0.00689	0.00860	0.16314	0.01167
65	0.18233	0.02145	0.04019	0.01603	0.02151	0.11436	0.01317	0.25692	0.02559	0.09289	0.01987	0.08411	0.01644	0.01035	0.00745	0.00243	0.00856	0.00781	0.00669	0.05187
66	0.61248	0.01583	0.01456	0.12229	0.02269	0.01852	0.01135	0.05372	0.01541	0.03459	0.01221	0.01487	0.00937	0.00774	0.00568	0.00254	0.00715	0.00500	0.00494	0.00907
67	0.27121	0.01458	0.01921	0.32586	0.06852	0.01696	0.01650	0.02273	0.01618	0.06468	0.01719	0.02577	0.01423	0.00936	0.00737	0.00271	0.00868	0.06414	0.00485	0.00927
68	0.01148	0.00829	0.01085	0.01021	0.01212	0.00766	0.00766	0.01531	0.02297	0.03254	0.65994	0.06061	0.07656	0.01659	0.00957	0.00255	0.00383	0.01467	0.00893	0.00766
69	0.01775	0.01775	0.02485	0.02130	0.02130	0.02485	0.01775	0.01953	0.01243	0.01953	0.01065	0.01775	0.01065	0.01420	0.02663	0.00355	0.69998	0.00710	0.00355	0.00888
70	0.01915	0.02189	0.04788	0.03420	0.04241	0.02052	0.63475	0.02599	0.01915	0.02599	0.01642	0.02189	0.01231	0.00684	0.00958	0.00274	0.01368	0.00958	0.00410	0.01094
71	0.77215	0.01569	0.01193	0.01067	0.01569	0.01820	0.00879	0.02385	0.01381	0.03641	0.01130	0.01318	0.00879	0.00753	0.00502	0.00251	0.00628	0.00439	0.00502	0.00879
72	0.01108	0.00806	0.01043	0.01030	0.01199	0.00741	0.00755	0.01436	0.02133	0.02974	0.51285	0.18232	0.10531	0.01846	0.00972	0.00270	0.00401	0.01637	0.00859	0.00741
73	0.01513	0.00756	0.00756	0.00756	0.00945	0.00756	0.00567	0.01891	0.01702	0.03025	0.02647	0.03025	0.02080	0.00945	0.00567	0.00189	0.00378	0.00756	0.75988	0.00756
74	0.00989	0.00706	0.00942	0.01130	0.01177	0.00659	0.00753	0.01130	0.01554	0.02071	0.04472	0.70954	0.05367	0.02542	0.01036	0.00330	0.00471	0.02307	0.00753	0.00659
75	0.01729	0.02194	0.13124	0.14043	0.04002	0.01833	0.37265	0.02377	0.01803	0.02493	0.01813	0.06617	0.01485	0.00851	0.00892	0.00270	0.01190	0.00943	0.04041	0.01033
76	0.03521	0.01354	0.01845	0.01423	0.02030	0.01172	0.01172	0.03838	0.02321	0.63925	0.06215	0.02920	0.02280	0.01036	0.00823	0.00251	0.00676	0.00847	0.00999	0.01351
77	0.03032	0.02247	0.02405	0.01856	0.02496	0.02492	0.01529	0.60774	0.06843	0.05029	0.02015	0.02002	0.01434	0.00980	0.00812	0.00245	0.00880	0.00740	0.00812	0.01375
78	0.01718	0.01444	0.01708	0.04372	0.02076	0.01152	0.01026	0.04171	0.01754	0.02718	0.01506	0.01766	0.01236	0.00637	0.00617	0.00134	0.00625	0.00511	0.03398	0.67431
79	0.00989	0.00706	0.00942	0.01130	0.01177	0.00659	0.00753	0.01130	0.01554	0.02071	0.04472	0.70954	0.05367	0.02542	0.01036	0.00330	0.00471	0.02307	0.00753	0.00659
80	0.17637	0.16010	0.06183	0.05869	0.02556	0.06550	0.04987	0.21563	0.05739	0.03424	0.01574	0.01734	0.01203	0.00835	0.00693	0.00235	0.00912	0.00615	0.00557	0.01123
81	0.01170	0.00827	0.01091	0.01091	0.01162	0.00898	0.00748	0.01312	0.01241	0.01726	0.02369	0.04269	0.02498	0.39403	0.35592	0.01040	0.01467	0.01028	0.00464	0.00606
82	0.01003	0.00731	0.00945	0.01087	0.01173	0.00673	0.00741	0.01177	0.01663	0.02211	0.11473	0.57619	0.11718	0.02398	0.01020	0.00316	0.00455	0.02157	0.00768	0.00673
83	0.02147	0.01753	0.01995	0.05657	0.05787	0.01970	0.01410	0.09091	0.47404	0.06452	0.02912	0.02769	0.02171	0.01030	0.00814	0.00264	0.00707	0.00859	0.00771	0.04038
84	0.01701	0.16219	0.34858	0.02316	0.12105	0.01954	0.02237	0.02329	0.01746	0.02458	0.07103	0.05489	0.01905	0.03192	0.00865	0.00259	0.00983	0.00761	0.00424	0.01096
85	0.06133	0.36728	0.20114	0.01756	0.04450	0.02469	0.01791	0.02431	0.01631	0.05188	0.01335	0.01594	0.01104	0.00896	0.00884	0.04522	0.05002	0.00536	0.00387	0.01049
86	0.06784	0.02011	0.06059	0.08652	0.22843	0.02013	0.01873	0.25378	0.02511	0.05880	0.01821	0.04633	0.01452	0.00979	0.00875	0.02770	0.00903	0.00766	0.00589	0.01207
87	0.06638	0.15041	0.13265	0.04831	0.02538	0.02144	0.01650	0.15601	0.08966	0.12447	0.01917	0.01979	0.01406	0.00883	0.00789	0.00236	0.03251	0.00656	0.00607	0.05155

[dist]
# distance from previous block
# <min> <max>
1	8

[block]
# block no. 3 follows, 23 sequences, length 90
# corresponding to MSA columns:
# 309-398
name=unknown_D
#
# <colnr> <probs for GDERKNQSTAVLIFYWHMCP>
#	G	D	E	R	K	N	Q	S	T	A	V	L	I	F	Y	W	H	M	C	P
0	0.11752	0.06704	0.05383	0.10595	0.10753	0.01956	0.01606	0.18013	0.02288	0.06949	0.08630	0.02518	0.04119	0.00996	0.00859	0.00251	0.04146	0.00779	0.00603	0.01099
1	0.23763	0.11107	0.02311	0.13110	0.06420	0.07450	0.01489	0.11108	0.01978	0.08857	0.01516	0.01750	0.01153	0.00844	0.00761	0.00244	0.03967	0.00597	0.00528	0.01049
2	0.02434	0.02330	0.02385	0.02466	0.15042	0.18674	0.01661	0.12376	0.10177	0.06124	0.04658	0.02166	0.01679	0.00982	0.01036	0.00249	0.10171	0.00725	0.00572	0.04090
3	0.17817	0.16110	0.02614	0.04139	0.02354	0.05051	0.07072	0.09659	0.04698	0.02910	0.01432	0.01684	0.01159	0.00819	0.00835	0.00225	0.07216	0.00588	0.00487	0.13130
4	0.01738	0.01375	0.01584	0.09211	0.02135	0.04480	0.01163	0.02436	0.13745	0.07824	0.09492	0.06593	0.12405	0.01291	0.00903	0.00251	0.03490	0.03638	0.05397	0.10850
5	0.01798	0.01439	0.01694	0.01216	0.01932	0.01088	0.00975	0.02156	0.01720	0.06443	0.01546	0.01746	0.01249	0.00625	0.00614	0.00128	0.00606	0.00501	0.00512	0.72011
6	0.00998	0.00713	0.00950	0.01124	0.01179	0.00665	0.00754	0.01153	0.01596	0.02139	0.07968	0.67266	0.05497	0.02492	0.01031	0.00325	0.00466	0.02259	0.00761	0.00665
7	0.01409	0.00705	0.01057	0.01057	0.01057	0.00705	0.00705	0.01057	0.01057	0.01409	0.01409	0.02467	0.01409	0.02819	0.03171	0.76392	0.00705	0.00705	0.00352	0.00352
8	0.00989	0.00706	0.00942	0.01130	0.01177	0.00659	0.00753	0.01130	0.01554	0.02071	0.04472	0.70954	0.05367	0.02542	0.01036	0.00330	0.00471	0.02307	0.00753	0.00659
9	0.01140	0.00829	0.01073	0.01012	0.01207	0.00762	0.00759	0.01515	0.02277	0.03206	0.63411	0.06139	0.10268	0.01677	0.00957	0.00256	0.00384	0.01478	0.00887	0.00762
10	0.00989	0.00706	0.00942	0.01130	0.01177	0.00659	0.00753	0.01130	0.01554	0.02071	0.04472	0.70954	0.05367	0.02542	0.01036	0.00330	0.00471	0.02307	0.00753	0.00659
11	0.01934	0.42487	0.31671	0.01791	0.02704	0.02634	0.02089	0.02491	0.01677	0.02196	0.01271	0.01481	0.01035	0.00728	0.00630	0.00210	0.01012	0.00506	0.00345	0.01110
12	0.36829	0.01772	0.06495	0.26942	0.03302	0.01880	0.01605	0.07704	0.01711	0.03106	0.01343	0.01720	0.01010	0.00796	0.00665	0.00258	0.00863	0.00582	0.00465	0.00954
13	0.01031	0.00825	0.00921	0.00897	0.01140	0.00715	0.00673	0.01303	0.02018	0.02593	0.30028	0.07149	0.44035	0.01905	0.00958	0.00267	0.00400	0.01620	0.00806	0.00715
14	0.01872	0.02120	0.04610	0.03314	0.04099	0.01988	0.60576	0.02531	0.01898	0.02575	0.01772	0.05367	0.01422	0.00770	0.00961	0.00276	0.01327	0.01020	0.00426	0.01074
15	0.02169	0.71972	0.04252	0.01388	0.02083	0.03211	0.01388	0.02430	0.01649	0.01909	0.01128	0.01302	0.01041	0.00694	0.00521	0.00174	0.00868	0.00434	0.00347	0.01041
16	0.01683	0.01442	0.01683	0.01202	0.01923	0.01082	0.00961	0.02043	0.01683	0.02644	0.01442	0.01683	0.01202	0.00601	0.00601	0.00120	0.00601	0.00481	0.00481	0.76444
17	0.01308	0.00934	0.01308	0.01494	0.01681	0.00934	0.01308	0.01681	0.01868	0.02428	0.04296	0.09153	0.04670	0.02242	0.01121	0.00374	0.00747	0.60960	0.00747	0.00747
18	0.03031	0.03867	0.02299	0.02090	0.02508	0.68226	0.01568	0.03240	0.02299	0.01986	0.01254	0.01463	0.01045	0.00836	0.00732	0.00209	0.01463	0.00523	0.00418	0.00941
19	0.01008	0.00714	0.00936	0.01105	0.01147	0.00672	0.00727	0.01135	0.01516	0.02021	0.04277	0.64279	0.05121	0.09552	0.01350	0.00376	0.00503	0.02192	0.00727	0.00642
20	0.77215	0.01569	0.01193	0.01067	0.01569	0.01820	0.00879	0.02385	0.01381	0.03641	0.01130	0.01318	0.00879	0.00753	0.00502	0.00251	0.00628	0.00439	0.00502	0.00879
21	0.03485	0.01491	0.01934	0.01498	0.02117	0.01374	0.01233	0.09819	0.06389	0.56955	0.03085	0.02699	0.01976	0.01007	0.00816	0.00252	0.00707	0.00814	0.00974	0.01375
22	0.00971	0.00822	0.00838	0.00834	0.01103	0.00690	0.00626	0.01187	0.01878	0.02258	0.11837	0.07700	0.62434	0.02030	0.00959	0.00273	0.00409	0.01697	0.00762	0.00690
23	0.00989	0.00706	0.00942	0.01130	0.01177	0.00659	0.00753	0.01130	0.01554	0.02071	0.04472	0.70954	0.05367	0.02542	0.01036	0.00330	0.00471	0.02307	0.00753	0.00659
24	0.01532	0.01442	0.02434	0.69533	0.05589	0.01803	0.02253	0.02073	0.01622	0.02073	0.01442	0.02163	0.01082	0.00811	0.00811	0.00270	0.01082	0.00721	0.00361	0.00901
25	0.02859	0.02128	0.02288	0.01802	0.02396	0.02356	0.01470	0.54530	0.09095	0.04771	0.02226	0.06364	0.01727	0.01083	0.00827	0.00252	0.00844	0.00846	0.00809	0.01326
26	0.03589	0.01463	0.01934	0.01483	0.02113	0.01315	0.01225	0.09480	0.02460	0.61263	0.03085	0.02687	0.01950	0.01002	0.00816	0.00250	0.00709	0.00808	0.00986	0.01381
27	0.01160	0.00865	0.01284	0.01284	0.01422	0.01003	0.00989	0.01436	0.01298	0.01869	0.02192	0.03289	0.02073	0.09209	0.65205	0.01279	0.02107	0.00884	0.00437	0.00713
28	0.01180	0.00787	0.00885	0.00885	0.00885	0.00787	0.00492	0.01180	0.01180	0.01573	0.02557	0.05310	0.02950	0.71483	0.04130	0.00787	0.00787	0.01180	0.00492	0.00492
29	0.00989	0.00706	0.00942	0.01130	0.01177	0.00659	0.00753	0.01130	0.01554	0.02071	0.04472	0.70954	0.05367	0.02542	0.01036	0.00330	0.00471	0.02307	0.00753	0.00659
30	0.77215	0.01569	0.01193	0.01067	0.01569	0.01820	0.00879	0.02385	0.01381	0.03641	0.01130	0.01318	0.00879	0.00753	0.00502	0.00251	0.00628	0.00439	0.00502	0.00879
31	0.01148	0.00829	0.01085	0.01021	0.01212	0.00766	0.00766	0.01531	0.02297	0.03254	0.65994	0.06061	0.07656	0.01659	0.00957	0.00255	0.00383	0.01467	0.00893	0.00766
32	0.02169	0.71972	0.04252	0.01388	0.02083	0.03211	0.01388	0.02430	0.01649	0.01909	0.01128	0.01302	0.01041	0.00694	0.00521	0.00174	0.00868	0.00434	0.00347	0.01041
33	0.01550	0.01452	0.02442	0.60247	0.11029	0.01759	0.02203	0.02067	0.01640	0.02127	0.01596	0.05456	0.01307	0.00886	0.00821	0.00271	0.01041	0.00798	0.00383	0.00925
34	0.01128	0.00829	0.01056	0.01000	0.01200	0.00757	0.00750	0.01492	0.02249	0.03140	0.59805	0.06248	0.13916	0.01701	0.00957	0.00257	0.00386	0.01494	0.00878	0.00757
35	0.02858	0.01212	0.01609	0.01291	0.01796	0.01053	0.01045	0.03172	0.02262	0.47421	0.15579	0.03973	0.10584	0.01250	0.00859	0.00255	0.00600	0.01043	0.00954	0.01184
36	0.03085	0.02273	0.02435	0.01867	0.02516	0.02516	0.01542	0.63716	0.03815	0.05114	0.01948	0.01948	0.01380	0.00974	0.00812	0.00244	0.00893	0.00731	0.00812	0.01380
37	0.03000	0.02215	0.02371	0.01825	0.02460	0.02444	0.01505	0.61231	0.03737	0.04998	0.02197	0.02181	0.03950	0.01017	0.00818	0.00245	0.00874	0.00770	0.00809	0.01352
38	0.01002	0.00752	0.00930	0.01038	0.01161	0.00680	0.00721	0.01192	0.01726	0.02258	0.13562	0.46509	0.20912	0.02303	0.01006	0.00306	0.00444	0.02046	0.00772	0.00680
39	0.04699	0.01615	0.02628	0.40699	0.04322	0.01958	0.09604	0.04808	0.01676	0.02343	0.01447	0.02080	0.01136	0.00919	0.01156	0.00282	0.13975	0.00739	0.02976	0.00938
40	0.02422	0.08565	0.02589	0.04591	0.02515	0.35971	0.04315	0.02662	0.01861	0.01996	0.01248	0.01663	0.01097	0.01185	0.03842	0.00295	0.21252	0.00609	0.00392	0.00931
41	0.06381	0.02134	0.02260	0.01759	0.02368	0.02365	0.01446	0.55120	0.05897	0.04862	0.02001	0.02021	0.01438	0.00967	0.00784	0.00242	0.00842	0.00726	0.05070	0.01318
42	0.01513	0.00756	0.00756	0.00756	0.00945	0.00756	0.00567	0.01891	0.01702	0.03025	0.02647	0.03025	0.02080	0.00945	0.00567	0.00189	0.00378	0.00756	0.75988	0.00756
43	0.01683	0.01442	0.01683	0.01202	0.01923	0.01082	0.00961	0.02043	0.01683	0.02644	0.01442	0.01683	0.01202	0.00601	0.00601	0.00120	0.00601	0.00481	0.00481	0.76444
44	0.00989	0.00706	0.00942	0.01130	0.01177	0.00659	0.00753	0.01130	0.01554	0.02071	0.04472	0.70954	0.05367	0.02542	0.01036	0.00330	0.00471	0.02307	0.00753	0.00659
45	0.02501	0.01983	0.02107	0.01749	0.02294	0.02244	0.01401	0.31197	0.37284	0.04173	0.02690	0.02539	0.01980	0.01043	0.00819	0.00261	0.00756	0.00833	0.00819	0.01328
46	0.01683	0.01442	0.01683	0.01202	0.01923	0.01082	0.00961	0.02043	0.01683	0.02644	0.01442	0.01683	0.01202	0.00601	0.00601	0.00120	0.00601	0.00481	0.00481	0.76444
47	0.01200	0.00883	0.01129	0.01058	0.01265	0.00840	0.00796	0.01695	0.05997	0.03262	0.62292	0.05882	0.07350	0.01626	0.00949	0.00256	0.00398	0.01435	0.00889	0.00796
48	0.01148	0.00829	0.01085	0.01021	0.01212	0.00766	0.00766	0.01531	0.02297	0.03254	0.65994	0.06061	0.07656	0.01659	0.00957	0.00255	0.00383	0.01467	0.00893	0.00766
49	0.03085	0.02273	0.02435	0.01867	0.02516	0.02516	0.01542	0.63716	0.03815	0.05114	0.01948	0.01948	0.01380	0.00974	0.00812	0.00244	0.00893	0.00731	0.00812	0.01380
50	0.02008	0.01928	0.03294	0.04981	0.66422	0.01928	0.02490	0.02490	0.01848	0.02651	0.01526	0.02008	0.01285	0.00723	0.00803	0.00241	0.00964	0.00723	0.00402	0.01285
51	0.03641	0.01381	0.01883	0.01444	0.02071	0.01193	0.01193	0.03954	0.02322	0.66984	0.03201	0.02762	0.02009	0.01004	0.00816	0.00251	0.00690	0.00816	0.01004	0.01381
52	0.03085	0.02273	0.02435	0.01867	0.02516	0.02516	0.01542	0.63716	0.03815	0.05114	0.01948	0.01948	0.01380	0.00974	0.00812	0.00244	0.00893	0.00731	0.00812	0.01380
53	0.03137	0.02188	0.02383	0.01827	0.02474	0.02391	0.01509	0.58041	0.03673	0.10989	0.02067	0.02025	0.01440	0.00977	0.00812	0.00244	0.00874	0.00739	0.00830	0.01380
54	0.77215	0.01569	0.01193	0.01067	0.01569	0.01820	0.00879	0.02385	0.01381	0.03641	0.01130	0.01318	0.00879	0.00753	0.00502	0.00251	0.00628	0.00439	0.00502	0.00879
55	0.01433	0.00895	0.01161	0.01057	0.01306	0.00811	0.00806	0.01794	0.02267	0.10800	0.54220	0.05795	0.11291	0.01610	0.00940	0.00256	0.00422	0.01408	0.00896	0.00833
56	0.01292	0.00923	0.01289	0.01476	0.01656	0.00920	0.01280	0.01653	0.01852	0.02410	0.04305	0.12255	0.04705	0.02257	0.01116	0.00371	0.00733	0.58016	0.00747	0.00743
57	0.01627	0.04197	0.67279	0.02313	0.03512	0.01884	0.02998	0.02570	0.01713	0.02570	0.01456	0.01713	0.01028	0.00771	0.00771	0.00257	0.01199	0.00600	0.00343	0.01199
58	0.01301	0.00848	0.01099	0.01060	0.01264	0.00772	0.00785	0.01615	0.02114	0.08031	0.43986	0.18891	0.11505	0.01815	0.00962	0.00271	0.00427	0.01603	0.00863	0.00787
59	0.01274	0.00931	0.01235	0.01370	0.01562	0.00922	0.01156	0.01671	0.04000	0.02425	0.07530	0.10594	0.10610	0.05473	0.01228	0.00373	0.00686	0.45467	0.00745	0.00745
60	0.39282	0.09462	0.16823	0.09454	0.06211	0.01983	0.01663	0.02402	0.01539	0.02982	0.01262	0.01542	0.00976	0.00756	0.00618	0.00246	0.00854	0.00524	0.00428	0.00994
61	0.01139	0.00829	0.01072	0.01011	0.01207	0.00762	0.00758	0.01514	0.02275	0.03203	0.63216	0.06145	0.10466	0.01678	0.00957	0.00256	0.00384	0.01479	0.00887	0.00762
62	0.01160	0.00864	0.01279	0.01279	0.01416	0.01001	0.00983	0.01433	0.01297	0.01865	0.02196	0.03313	0.02083	0.09947	0.64481	0.01274	0.02092	0.00888	0.00438	0.00711
63	0.74072	0.01561	0.01222	0.01083	0.01591	0.01793	0.00892	0.02452	0.01421	0.06346	0.01218	0.01380	0.00927	0.00764	0.00516	0.00251	0.00630	0.00455	0.00524	0.00900
64	0.01290	0.00926	0.01291	0.01259	0.01401	0.01089	0.00985	0.01589	0.01385	0.02136	0.02177	0.03027	0.01954	0.04560	0.47804	0.00979	0.07817	0.00831	0.16753	0.00746
65	0.02068	0.20476	0.24441	0.05615	0.16703	0.06058	0.02222	0.08646	0.01965	0.02619	0.01426	0.01703	0.01126	0.00767	0.00718	0.00229	0.01044	0.00599	0.00409	0.01168
66	0.06655	0.12221	0.02521	0.01906	0.02408	0.43937	0.01505	0.14670	0.02460	0.02658	0.01365	0.01528	0.01100	0.00840	0.00708	0.00213	0.01235	0.00547	0.00489	0.01035
67	0.00989	0.00706	0.00942	0.01130	0.01177	0.00659	0.00753	0.01130	0.01554	0.02071	0.04472	0.70954	0.05367	0.02542	0.01036	0.00330	0.00471	0.02307	0.00753	0.00659
68	0.08577	0.02768	0.32104	0.02052	0.06503	0.01691	0.02101	0.05962	0.04063	0.20668	0.02106	0.02315	0.01501	0.00906	0.00780	0.00258	0.00947	0.02878	0.00597	0.01223
69	0.05379	0.47433	0.20836	0.01719	0.02544	0.02740	0.04842	0.02473	0.01667	0.02196	0.01240	0.01455	0.01040	0.00717	0.00608	0.00204	0.00969	0.00504	0.00356	0.01078
70	0.01211	0.00874	0.01190	0.01355	0.01518	0.00853	0.01124	0.01525	0.01817	0.02371	0.07104	0.22095	0.08785	0.02270	0.01086	0.00353	0.00652	0.42333	0.00755	0.00725
71	0.01018	0.00751	0.00955	0.01077	0.01187	0.00688	0.00753	0.01212	0.01717	0.02269	0.13659	0.49293	0.15617	0.02328	0.01015	0.00312	0.00459	0.04237	0.00773	0.00681
72	0.01908	0.01976	0.06787	0.15518	0.52774	0.01905	0.02480	0.02426	0.01803	0.02551	0.01508	0.02017	0.01237	0.00740	0.00803	0.00247	0.00997	0.00716	0.00391	0.01217
73	0.01632	0.01295	0.04612	0.01338	0.01658	0.01189	0.01087	0.13249	0.04500	0.05975	0.20557	0.22965	0.08522	0.01751	0.00944	0.00284	0.00595	0.06141	0.00795	0.00912
74	0.01984	0.01904	0.03250	0.08221	0.63368	0.01922	0.02478	0.02469	0.01836	0.02622	0.01522	0.02016	0.01275	0.00727	0.00804	0.00242	0.00970	0.00723	0.00400	0.01266
75	0.01929	0.01136	0.01644	0.01538	0.04785	0.01091	0.03780	0.02256	0.02057	0.20460	0.25910	0.15671	0.04597	0.01548	0.01037	0.00278	0.04925	0.03577	0.00816	0.00963
76	0.02490	0.01975	0.14199	0.05186	0.12366	0.01505	0.01742	0.06008	0.04945	0.27949	0.08212	0.05369	0.02305	0.01031	0.00827	0.00256	0.00816	0.00875	0.00722	0.01222
77	0.05594	0.02458	0.16431	0.10969	0.04126	0.01978	0.41320	0.02520	0.01814	0.02583	0.01556	0.02050	0.01156	0.00719	0.00881	0.00269	0.01264	0.00834	0.00396	0.01081
78	0.77215	0.01569	0.01193	0.01067	0.01569	0.01820	0.00879	0.02385	0.01381	0.03641	0.01130	0.01318	0.00879	0.00753	0.00502	0.00251	0.00628	0.00439	0.00502	0.00879
79	0.01409	0.00705	0.01057	0.01057	0.01057	0.00705	0.00705	0.01057	0.01057	0.01409	0.01409	0.02467	0.01409	0.02819	0.03171	0.76392	0.00705	0.00705	0.00352	0.00352
80	0.01916	0.08036	0.07424	0.03139	0.03926	0.02162	0.52600	0.02552	0.01851	0.02509	0.01562	0.02074	0.01198	0.00725	0.00997	0.00269	0.04690	0.00886	0.00399	0.01085
81	0.01437	0.00895	0.01168	0.01062	0.01309	0.00813	0.00810	0.01804	0.02279	0.10816	0.55824	0.05748	0.09683	0.01599	0.00940	0.00256	0.00421	0.01401	0.00900	0.00835
82	0.01112	0.00822	0.01038	0.00996	0.01193	0.00748	0.00742	0.01456	0.02192	0.03034	0.54161	0.09515	0.16455	0.01763	0.00961	0.00262	0.00391	0.01546	0.00865	0.00748
83	0.77215	0.01569	0.01193	0.01067	0.01569	0.01820	0.00879	0.02385	0.01381	0.03641	0.01130	0.01318	0.00879	0.00753	0.00502	0.00251	0.00628	0.00439	0.00502	0.00879
84	0.02110	0.01789	0.01887	0.01670	0.02145	0.02061	0.01307	0.09448	0.59669	0.03543	0.03185	0.02934	0.02382	0.01090	0.00824	0.00272	0.00664	0.00901	0.00824	0.01293
85	0.01137	0.00829	0.01068	0.01008	0.01205	0.00761	0.00756	0.01508	0.02269	0.03187	0.62377	0.06171	0.11314	0.01684	0.00957	0.00256	0.00385	0.01483	0.00884	0.00761
86	0.68962	0.01509	0.01198	0.01066	0.01554	0.01724	0.00874	0.02429	0.01446	0.06627	0.01324	0.01494	0.01008	0.00777	0.00521	0.00247	0.00615	0.00477	0.05252	0.00895
87	0.02850	0.01470	0.01930	0.01566	0.02085	0.01437	0.03570	0.09297	0.09956	0.38076	0.03318	0.07237	0.05348	0.01219	0.00929	0.00270	0.03425	0.03907	0.00876	0.01232
88	0.09748	0.18263	0.38835	0.01978	0.02904	0.04391	0.04669	0.02501	0.01700	0.02514	0.01491	0.01959	0.01203	0.00824	0.00712	0.00243	0.01061	0.03524	0.00386	0.01096
89	0.02720	0.08709	0.15912	0.01743	0.02509	0.01661	0.05264	0.05898	0.04794	0.32726	0.02350	0.02256	0.01591	0.00876	0.00769	0.00236	0.00852	0.00715	0.00709	0.07710

[dist]
# distance from previous block
# <min> <max>
1	4

[block]
# block no. 4 follows, 23 sequences, length 74
# corresponding to MSA columns:
# 403-476
name=unknown_E
#
# <colnr> <probs for GDERKNQSTAVLIFYWHMCP>
#	G	D	E	R	K	N	Q	S	T	A	V	L	I	F	Y	W	H	M	C	P
0	0.12212	0.05718	0.11088	0.13269	0.03184	0.05250	0.12040	0.05137	0.04781	0.06288	0.01561	0.01922	0.01198	0.00900	0.01063	0.00270	0.11918	0.00696	0.00465	0.01041
1	0.01442	0.00977	0.01172	0.01077	0.01349	0.00916	0.00823	0.04359	0.04870	0.08530	0.34699	0.05994	0.21726	0.05168	0.01098	0.00291	0.00482	0.03363	0.00835	0.00832
2	0.01939	0.01518	0.01783	0.04580	0.02138	0.01299	0.01093	0.10472	0.01996	0.05665	0.01645	0.01854	0.01298	0.00696	0.00647	0.00153	0.00656	0.00554	0.04322	0.55693
3	0.01161	0.00874	0.01079	0.01020	0.01238	0.00816	0.00767	0.01611	0.05388	0.03086	0.53293	0.06196	0.17038	0.01696	0.00951	0.00259	0.00401	0.01480	0.00867	0.00779
4	0.01458	0.01086	0.01283	0.01246	0.01517	0.01104	0.00959	0.02274	0.18428	0.05829	0.22210	0.15301	0.13906	0.01737	0.00947	0.00287	0.00523	0.08183	0.00823	0.00900
5	0.02080	0.05856	0.02946	0.05578	0.18037	0.01874	0.12834	0.13545	0.02149	0.03023	0.01573	0.01900	0.01245	0.00728	0.00757	0.00209	0.00916	0.00678	0.00497	0.23577
6	0.01513	0.00756	0.00756	0.00756	0.00945	0.00756	0.00567	0.01891	0.01702	0.03025	0.02647	0.03025	0.02080	0.00945	0.00567	0.00189	0.00378	0.00756	0.75988	0.00756
7	0.02822	0.02090	0.02258	0.01773	0.02358	0.02303	0.01448	0.54320	0.06539	0.04779	0.05777	0.05566	0.01982	0.01095	0.00831	0.00250	0.00832	0.00858	0.00814	0.01306
8	0.02122	0.53877	0.10831	0.01756	0.04888	0.02875	0.04577	0.02483	0.01681	0.03984	0.01263	0.01477	0.01088	0.00740	0.00669	0.00199	0.03533	0.00510	0.00372	0.01075
9	0.01179	0.00791	0.00906	0.00906	0.00913	0.00798	0.00518	0.01193	0.01186	0.01589	0.02538	0.05204	0.02904	0.68220	0.07330	0.00812	0.00856	0.01164	0.00489	0.00503
10	0.01915	0.02041	0.03646	0.19287	0.16107	0.05992	0.30489	0.02578	0.05012	0.02486	0.01632	0.02146	0.01257	0.00752	0.00873	0.00263	0.01193	0.00828	0.00418	0.01085
11	0.01180	0.00856	0.01150	0.01293	0.01453	0.00825	0.01050	0.01482	0.01834	0.02407	0.11342	0.24191	0.10506	0.02238	0.01068	0.00341	0.00609	0.34687	0.00765	0.00722
12	0.02340	0.01876	0.02000	0.01701	0.02205	0.02124	0.01348	0.24966	0.40331	0.03930	0.02887	0.06080	0.02239	0.01129	0.00831	0.00267	0.00721	0.00922	0.00817	0.01286
13	0.06657	0.01786	0.02853	0.13663	0.44991	0.01857	0.02205	0.05377	0.01902	0.05562	0.01700	0.02320	0.01410	0.00826	0.00800	0.00252	0.00936	0.03251	0.00462	0.01191
14	0.01683	0.01442	0.01683	0.01202	0.01923	0.01082	0.00961	0.02043	0.01683	0.02644	0.01442	0.01683	0.01202	0.00601	0.00601	0.00120	0.00601	0.00481	0.00481	0.76444
15	0.02018	0.01743	0.01835	0.01651	0.02110	0.02018	0.01284	0.04312	0.64956	0.03394	0.03303	0.03027	0.02477	0.01101	0.00826	0.00275	0.00642	0.00917	0.00826	0.01284
16	0.01049	0.00750	0.01010	0.01187	0.01264	0.00710	0.00847	0.01241	0.01639	0.02184	0.07145	0.57674	0.05350	0.02453	0.01047	0.00334	0.00514	0.12169	0.00758	0.00679
17	0.00998	0.00714	0.00950	0.01123	0.01179	0.00666	0.00754	0.01155	0.01599	0.02144	0.08255	0.66964	0.05508	0.02488	0.01031	0.00325	0.00465	0.02255	0.00762	0.00666
18	0.00998	0.00714	0.00950	0.01123	0.01179	0.00666	0.00754	0.01155	0.01599	0.02144	0.08255	0.66964	0.05508	0.02488	0.01031	0.00325	0.00465	0.02255	0.00762	0.00666
