[name]
unknown

[dist]
# distance from previous block
# <min> <max>
0	10

[block]
# block no. 0 follows, 23 sequences, length 11
# corresponding to MSA columns:
# 10-20
name=unknown_A
#
# <colnr> <probs for GDERKNQSTAVLIFYWHMCP>
#	G	D	E	R	K	N	Q	S	T	A	V	L	I	F	Y	W	H	M	C	P
0	0.01677	0.01112	0.01640	0.01573	0.01868	0.01090	0.05973	0.04181	0.01918	0.10689	0.03783	0.09056	0.05783	0.05355	0.05740	0.00423	0.00870	0.35686	0.00724	0.00859
1	0.02469	0.02628	0.02399	0.06605	0.02695	0.30361	0.08440	0.15816	0.02397	0.02743	0.01914	0.10654	0.01738	0.01306	0.03912	0.00293	0.01209	0.00874	0.00542	0.01004
2	0.25699	0.02018	0.01889	0.01537	0.02106	0.10337	0.01248	0.20975	0.02473	0.21273	0.01956	0.01919	0.01358	0.00898	0.00709	0.00243	0.00830	0.00639	0.00721	0.01172
3	0.01208	0.00865	0.01182	0.01301	0.01464	0.00840	0.01062	0.01544	0.01931	0.02593	0.21285	0.19083	0.05612	0.02134	0.01061	0.00333	0.00599	0.34378	0.00788	0.00737
4	0.01902	0.01819	0.03101	0.19427	0.52808	0.01900	0.02437	0.02397	0.01797	0.02522	0.01507	0.02043	0.01240	0.00743	0.00805	0.00248	0.00990	0.00723	0.00392	0.01199
5	0.02048	0.01718	0.01809	0.01595	0.02060	0.01948	0.01250	0.11584	0.50785	0.03493	0.03625	0.03371	0.08748	0.01181	0.00837	0.00271	0.00651	0.00974	0.00817	0.01236
6	0.01702	0.01790	0.03548	0.12285	0.03715	0.01753	0.38056	0.02240	0.01775	0.02426	0.01983	0.12066	0.01799	0.00994	0.00987	0.00272	0.03897	0.01070	0.00456	0.07187
7	0.02810	0.02125	0.02284	0.01778	0.02407	0.02320	0.01455	0.49872	0.12351	0.04653	0.02097	0.02079	0.01521	0.00960	0.00795	0.00237	0.00832	0.00735	0.00785	0.07903
8	0.01733	0.01539	0.01993	0.01452	0.02161	0.01252	0.06991	0.02283	0.06904	0.02701	0.01614	0.01842	0.01309	0.00650	0.00654	0.00148	0.00678	0.00562	0.00502	0.63032
9	0.01414	0.01126	0.01320	0.01318	0.01592	0.01173	0.01045	0.02331	0.21256	0.02804	0.15698	0.11580	0.14607	0.01782	0.00968	0.00302	0.00572	0.17415	0.00799	0.00898
10	0.01393	0.01474	0.10885	0.01364	0.01809	0.01021	0.03157	0.01797	0.01881	0.04752	0.23214	0.21012	0.04369	0.01484	0.00871	0.00247	0.00611	0.01315	0.00679	0.16663

[dist]
# distance from previous block
# <min> <max>
4	7

[block]
# block no. 1 follows, 23 sequences, length 91
# corresponding to MSA columns:
# 28-118
name=unknown_B
#
# <colnr> <probs for GDERKNQSTAVLIFYWHMCP>
#	G	D	E	R	K	N	Q	S	T	A	V	L	I	F	Y	W	H	M	C	P
0	0.02941	0.03274	0.02262	0.01965	0.02439	0.46718	0.01513	0.19796	0.02694	0.02858	0.01797	0.01917	0.04417	0.00936	0.00765	0.00222	0.01253	0.00640	0.00543	0.01049
1	0.02002	0.53029	0.19383	0.01599	0.02397	0.02802	0.01755	0.02431	0.01688	0.02117	0.03532	0.01572	0.01275	0.00747	0.00597	0.00197	0.00931	0.00511	0.00366	0.01070
2	0.01694	0.01480	0.01839	0.01314	0.02040	0.01131	0.04114	0.02071	0.01694	0.02642	0.01452	0.01708	0.01203	0.00605	0.00619	0.00128	0.00640	0.00505	0.00477	0.72644
3	0.00989	0.00706	0.00942	0.01130	0.01177	0.00659	0.00753	0.01130	0.01554	0.02071	0.04472	0.70954	0.05367	0.02542	0.01036	0.00330	0.00471	0.02307	0.00753	0.00659
4	0.01683	0.01442	0.01683	0.01202	0.01923	0.01082	0.00961	0.02043	0.01683	0.02644	0.01442	0.01683	0.01202	0.00601	0.00601	0.00120	0.00601	0.00481	0.00481	0.76444
5	0.01287	0.01023	0.01260	0.01161	0.01498	0.00841	0.00843	0.01522	0.01609	0.02318	0.03170	0.41174	0.03576	0.01708	0.00849	0.00240	0.00527	0.01522	0.00636	0.33239
6	0.77215	0.01569	0.01193	0.01067	0.01569	0.01820	0.00879	0.02385	0.01381	0.03641	0.01130	0.01318	0.00879	0.00753	0.00502	0.00251	0.00628	0.00439	0.00502	0.00879
7	0.01409	0.00705	0.01057	0.01057	0.01057	0.00705	0.00705	0.01057	0.01057	0.01409	0.01409	0.02467	0.01409	0.02819	0.03171	0.76392	0.00705	0.00705	0.00352	0.00352
8	0.01627	0.04197	0.67279	0.02313	0.03512	0.01884	0.02998	0.02570	0.01713	0.02570	0.01456	0.01713	0.01028	0.00771	0.00771	0.00257	0.01199	0.00600	0.00343	0.01199
9	0.01061	0.00826	0.00963	0.00929	0.01158	0.00728	0.00696	0.01361	0.02089	0.02762	0.39213	0.06871	0.34744	0.01842	0.00958	0.00264	0.00396	0.01581	0.00828	0.00728
10	0.02008	0.01928	0.03294	0.04981	0.66422	0.01928	0.02490	0.02490	0.01848	0.02651	0.01526	0.02008	0.01285	0.00723	0.00803	0.00241	0.00964	0.00723	0.00402	0.01285
11	0.00959	0.00822	0.00822	0.00822	0.01096	0.00685	0.00617	0.01165	0.01850	0.02192	0.08220	0.07809	0.66092	0.02055	0.00959	0.00274	0.00411	0.01713	0.00754	0.00685
12	0.02169	0.71972	0.04252	0.01388	0.02083	0.03211	0.01388	0.02430	0.01649	0.01909	0.01128	0.01302	0.01041	0.00694	0.00521	0.00174	0.00868	0.00434	0.00347	0.01041
13	0.01683	0.01442	0.01683	0.01202	0.01923	0.01082	0.00961	0.02043	0.01683	0.02644	0.01442	0.01683	0.01202	0.00601	0.00601	0.00120	0.00601	0.00481	0.00481	0.76444
14	0.01885	0.02100	0.04291	0.03142	0.03785	0.02146	0.50156	0.02460	0.01770	0.02460	0.01517	0.02100	0.01195	0.00843	0.01326	0.00291	0.16183	0.00904	0.00398	0.01050
15	0.02018	0.01743	0.01835	0.01651	0.02110	0.02018	0.01284	0.04312	0.64956	0.03394	0.03303	0.03027	0.02477	0.01101	0.00826	0.00275	0.00642	0.00917	0.00826	0.01284
16	0.77215	0.01569	0.01193	0.01067	0.01569	0.01820	0.00879	0.02385	0.01381	0.03641	0.01130	0.01318	0.00879	0.00753	0.00502	0.00251	0.00628	0.00439	0.00502	0.00879
17	0.01409	0.00705	0.01057	0.01057	0.01057	0.00705	0.00705	0.01057	0.01057	0.01409	0.01409	0.02467	0.01409	0.02819	0.03171	0.76392	0.00705	0.00705	0.00352	0.00352
18	0.01683	0.01442	0.01683	0.01202	0.01923	0.01082	0.00961	0.02043	0.01683	0.02644	0.01442	0.01683	0.01202	0.00601	0.00601	0.00120	0.00601	0.00481	0.00481	0.76444
19	0.01180	0.00787	0.00885	0.00885	0.00885	0.00787	0.00492	0.01180	0.01180	0.01573	0.02557	0.05310	0.02950	0.71483	0.04130	0.00787	0.00787	0.01180	0.00492	0.00492
20	0.01180	0.00787	0.00885	0.00885	0.00885	0.00787	0.00492	0.01180	0.01180	0.01573	0.02557	0.05310	0.02950	0.71483	0.04130	0.00787	0.00787	0.01180	0.00492	0.00492
21	0.01148	0.00829	0.01085	0.01021	0.01212	0.00766	0.00766	0.01531	0.02297	0.03254	0.65994	0.06061	0.07656	0.01659	0.00957	0.00255	0.00383	0.01467	0.00893	0.00766
22	0.02169	0.71972	0.04252	0.01388	0.02083	0.03211	0.01388	0.02430	0.01649	0.01909	0.01128	0.01302	0.01041	0.00694	0.00521	0.00174	0.00868	0.00434	0.00347	0.01041
23	0.01775	0.01775	0.02485	0.02130	0.02130	0.02485	0.01775	0.01953	0.01243	0.01953	0.01065	0.01775	0.01065	0.01420	0.02663	0.00355	0.69998	0.00710	0.00355	0.00888
24	0.02800	0.03518	0.02175	0.01979	0.02368	0.59758	0.01491	0.03007	0.02220	0.02003	0.01868	0.02041	0.06845	0.00967	0.00824	0.00220	0.03920	0.00636	0.00446	0.00916
25	0.03031	0.03867	0.02299	0.02090	0.02508	0.68226	0.01568	0.03240	0.02299	0.01986	0.01254	0.01463	0.01045	0.00836	0.00732	0.00209	0.01463	0.00523	0.00418	0.00941
26	0.01532	0.01442	0.02434	0.69533	0.05589	0.01803	0.02253	0.02073	0.01622	0.02073	0.01442	0.02163	0.01082	0.00811	0.00811	0.00270	0.01082	0.00721	0.00361	0.00901
27	0.01734	0.01486	0.01569	0.01432	0.01834	0.01650	0.01107	0.03455	0.47324	0.03128	0.08487	0.04250	0.16429	0.01342	0.00863	0.00274	0.00576	0.01124	0.00815	0.01122
28	0.02018	0.01743	0.01835	0.01651	0.02110	0.02018	0.01284	0.04312	0.64956	0.03394	0.03303	0.03027	0.02477	0.01101	0.00826	0.00275	0.00642	0.00917	0.00826	0.01284
29	0.02113	0.01790	0.01888	0.01671	0.02146	0.02063	0.01307	0.09608	0.59505	0.03548	0.03182	0.02931	0.02379	0.01090	0.00824	0.00272	0.00665	0.00901	0.00824	0.01293
30	0.01409	0.00705	0.01057	0.01057	0.01057	0.00705	0.00705	0.01057	0.01057	0.01409	0.01409	0.02467	0.01409	0.02819	0.03171	0.76392	0.00705	0.00705	0.00352	0.00352
31	0.03031	0.03867	0.02299	0.02090	0.02508	0.68226	0.01568	0.03240	0.02299	0.01986	0.01254	0.01463	0.01045	0.00836	0.00732	0.00209	0.01463	0.00523	0.00418	0.00941
32	0.02169	0.71972	0.04252	0.01388	0.02083	0.03211	0.01388	0.02430	0.01649	0.01909	0.01128	0.01302	0.01041	0.00694	0.00521	0.00174	0.00868	0.00434	0.00347	0.01041
33	0.01683	0.01442	0.01683	0.01202	0.01923	0.01082	0.00961	0.02043	0.01683	0.02644	0.01442	0.01683	0.01202	0.00601	0.00601	0.00120	0.00601	0.00481	0.00481	0.76444
34	0.01532	0.01442	0.02434	0.69533	0.05589	0.01803	0.02253	0.02073	0.01622	0.02073	0.01442	0.02163	0.01082	0.00811	0.00811	0.00270	0.01082	0.00721	0.00361	0.00901
35	0.01775	0.01775	0.02485	0.02130	0.02130	0.02485	0.01775	0.01953	0.01243	0.01953	0.01065	0.01775	0.01065	0.01420	0.02663	0.00355	0.69998	0.00710	0.00355	0.00888
36	0.02126	0.68957	0.04118	0.01373	0.02046	0.03107	0.01362	0.02392	0.01676	0.01966	0.03877	0.01503	0.01322	0.00735	0.00539	0.00177	0.00847	0.00478	0.00370	0.01030
37	0.09387	0.01655	0.01763	0.01524	0.01988	0.01845	0.01205	0.13514	0.35606	0.07465	0.12269	0.03124	0.02891	0.01124	0.00811	0.00263	0.00646	0.00917	0.00813	0.01189
38	0.01952	0.01905	0.03057	0.12824	0.53872	0.04531	0.02356	0.02420	0.01838	0.02535	0.01745	0.02214	0.03572	0.00786	0.00807	0.00245	0.00979	0.00750	0.00410	0.01202
39	0.01983	0.01902	0.03247	0.08455	0.63147	0.01921	0.02478	0.02468	0.01835	0.02620	0.01522	0.02017	0.01274	0.00728	0.00804	0.00243	0.00970	0.00723	0.00399	0.01265
40	0.08453	0.09519	0.01468	0.01055	0.01371	0.01218	0.00847	0.04305	0.02085	0.03000	0.35587	0.05039	0.16423	0.01466	0.00836	0.00245	0.00491	0.01225	0.04548	0.00820
41	0.01909	0.01550	0.02195	0.37687	0.06485	0.01780	0.01807	0.12044	0.08366	0.06672	0.02574	0.02876	0.08586	0.01013	0.00829	0.00265	0.00905	0.00859	0.00563	0.01036
42	0.01725	0.03248	0.40059	0.02535	0.03560	0.01845	0.21841	0.02519	0.01773	0.02588	0.01513	0.01860	0.01112	0.00724	0.00810	0.00247	0.01184	0.00699	0.00380	0.09779
43	0.01415	0.00883	0.01162	0.01104	0.01328	0.00799	0.00819	0.01728	0.02089	0.10314	0.40789	0.22044	0.06192	0.01771	0.00948	0.00269	0.00449	0.01571	0.00856	0.03471
44	0.03085	0.02273	0.02435	0.01867	0.02516	0.02516	0.01542	0.63716	0.03815	0.05114	0.01948	0.01948	0.01380	0.00974	0.00812	0.00244	0.00893	0.00731	0.00812	0.01380
45	0.02895	0.01661	0.02210	0.01662	0.02325	0.01545	0.06770	0.15613	0.04747	0.32545	0.02434	0.02324	0.01656	0.00887	0.00782	0.00224	0.00771	0.00743	0.00794	0.17411
46	0.03037	0.03689	0.02315	0.02065	0.02509	0.60895	0.01565	0.09987	0.02469	0.02335	0.01332	0.01517	0.01083	0.00852	0.00741	0.00213	0.01400	0.00546	0.00462	0.00990
47	0.72328	0.01616	0.01275	0.01120	0.01632	0.01866	0.00922	0.06428	0.01541	0.03738	0.01184	0.01360	0.00912	0.00768	0.00523	0.00251	0.00645	0.00459	0.00523	0.00912
48	0.01683	0.01442	0.01683	0.01202	0.01923	0.01082	0.00961	0.02043	0.01683	0.02644	0.01442	0.01683	0.01202	0.00601	0.00601	0.00120	0.00601	0.00481	0.00481	0.76444
49	0.02478	0.02247	0.01789	0.01550	0.01958	0.23243	0.01205	0.20003	0.05685	0.03299	0.02029	0.02212	0.01565	0.00926	0.00703	0.00215	0.00890	0.00681	0.26300	0.01020
50	0.01643	0.00999	0.01191	0.01082	0.01407	0.00906	0.00832	0.02064	0.06577	0.15995	0.21787	0.09803	0.29168	0.01694	0.00924	0.00268	0.00482	0.01441	0.00847	0.00892
51	0.02199	0.01694	0.02006	0.01474	0.02173	0.01519	0.03197	0.19305	0.02321	0.07245	0.01696	0.01839	0.01301	0.00732	0.00684	0.00167	0.00713	0.00586	0.00602	0.48546
52	0.02142	0.01562	0.01784	0.01386	0.02007	0.01440	0.01110	0.10140	0.15013	0.11671	0.02492	0.02471	0.05159	0.00882	0.00721	0.00193	0.00646	0.00713	0.00676	0.37794
53	0.01663	0.06356	0.61354	0.02349	0.03508	0.01939	0.06625	0.02567	0.01723	0.02549	0.01456	0.01728	0.01041	0.00763	0.00774	0.00255	0.01198	0.00616	0.00347	0.01188
54	0.01838	0.01402	0.01749	0.01410	0.01932	0.01248	0.03680	0.11739	0.02043	0.06423	0.02485	0.18955	0.02435	0.01227	0.00789	0.00215	0.00659	0.03572	0.00637	0.35561
55	0.02698	0.02033	0.02209	0.01730	0.02295	0.02232	0.01408	0.48363	0.06434	0.04429	0.02246	0.02411	0.04222	0.04898	0.01067	0.00274	0.03765	0.00790	0.00753	0.05742
56	0.01703	0.01460	0.01692	0.01229	0.01934	0.01137	0.00981	0.02178	0.05447	0.02689	0.01553	0.01763	0.01278	0.00631	0.00614	0.00129	0.00603	0.00507	0.00501	0.71972
57	0.01845	0.02071	0.04474	0.03225	0.03987	0.01941	0.58254	0.02494	0.01916	0.02605	0.04468	0.05181	0.01672	0.00801	0.00961	0.00275	0.01290	0.01035	0.00445	0.01063
58	0.01717	0.15407	0.56854	0.02160	0.03276	0.02104	0.02732	0.02547	0.01702	0.02460	0.01402	0.01645	0.01030	0.00758	0.00730	0.00243	0.01144	0.00572	0.00343	0.01173
59	0.01960	0.01562	0.01842	0.01727	0.06253	0.01586	0.01287	0.05586	0.29233	0.06574	0.02777	0.03422	0.02306	0.01097	0.00806	0.00244	0.00680	0.09343	0.00705	0.21011
60	0.01840	0.01901	0.03539	0.07687	0.03469	0.01930	0.34771	0.04828	0.01812	0.02540	0.01635	0.04933	0.01369	0.00894	0.01176	0.00267	0.12534	0.00880	0.00438	0.11556
61	0.01980	0.01899	0.03242	0.08821	0.62802	0.01920	0.02476	0.02465	0.01834	0.02617	0.01521	0.02018	0.01273	0.00728	0.00804	0.00243	0.00971	0.00723	0.00399	0.01262
62	0.09577	0.01838	0.01989	0.01692	0.02189	0.05837	0.05031	0.08223	0.37660	0.09077	0.06132	0.02776	0.02315	0.01038	0.00802	0.00263	0.00743	0.00856	0.00763	0.01201
63	0.01177	0.00793	0.00919	0.00916	0.00932	0.00800	0.00534	0.01210	0.01232	0.01660	0.05082	0.05211	0.03083	0.64697	0.07907	0.00797	0.00855	0.01173	0.00504	0.00517
64	0.01321	0.00964	0.01330	0.01207	0.01435	0.00913	0.04598	0.01720	0.04680	0.05338	0.37761	0.09579	0.09742	0.11407	0.01401	0.00342	0.00546	0.04148	0.00785	0.00781
65	0.01697	0.01609	0.02765	0.53363	0.10128	0.01879	0.09065	0.05483	0.01791	0.02342	0.01498	0.02142	0.01131	0.00799	0.00827	0.00267	0.01094	0.00748	0.00394	0.00979
66	0.01692	0.10143	0.58942	0.02344	0.06057	0.02005	0.02833	0.02554	0.01713	0.02514	0.01430	0.01689	0.01040	0.00762	0.00750	0.00249	0.01160	0.00590	0.00346	0.01189
67	0.01275	0.00920	0.01262	0.01421	0.01614	0.00907	0.01229	0.01638	0.01893	0.02463	0.08311	0.08876	0.08900	0.02194	0.01100	0.00360	0.00703	0.53433	0.00756	0.00744
68	0.02004	0.01939	0.03357	0.04914	0.63780	0.01933	0.05081	0.02495	0.01850	0.02649	0.01531	0.02016	0.01283	0.00721	0.00810	0.00242	0.00981	0.00733	0.00402	0.01277
69	0.01724	0.01735	0.02724	0.02244	0.02397	0.02237	0.11889	0.01999	0.01361	0.02051	0.01294	0.02014	0.01209	0.01860	0.10278	0.00456	0.50482	0.00770	0.00374	0.00902
70	0.01683	0.01442	0.01683	0.01202	0.01923	0.01082	0.00961	0.02043	0.01683	0.02644	0.01442	0.01683	0.01202	0.00601	0.00601	0.00120	0.00601	0.00481	0.00481	0.76444
71	0.01443	0.01277	0.01245	0.01173	0.01503	0.05182	0.00908	0.05341	0.14675	0.02651	0.09413	0.06131	0.39013	0.01720	0.00920	0.00274	0.00566	0.04939	0.00758	0.00866
72	0.00989	0.00706	0.00942	0.01130	0.01177	0.00659	0.00753	0.01130	0.01554	0.02071	0.04472	0.70954	0.05367	0.02542	0.01036	0.00330	0.00471	0.02307	0.00753	0.00659
73	0.01532	0.01442	0.02434	0.69533	0.05589	0.01803	0.02253	0.02073	0.01622	0.02073	0.01442	0.02163	0.01082	0.00811	0.00811	0.00270	0.01082	0.00721	0.00361	0.00901
74	0.01768	0.01718	0.02829	0.02020	0.02778	0.01440	0.24030	0.02248	0.01768	0.02628	0.01516	0.01869	0.01213	0.00632	0.00733	0.00177	0.00884	0.00657	0.00455	0.48638
75	0.77215	0.01569	0.01193	0.01067	0.01569	0.01820	0.00879	0.02385	0.01381	0.03641	0.01130	0.01318	0.00879	0.00753	0.00502	0.00251	0.00628	0.00439	0.00502	0.00879
76	0.01159	0.00869	0.01304	0.01304	0.01449	0.01014	0.01014	0.01449	0.01304	0.01884	0.02173	0.03188	0.02029	0.06086	0.68268	0.01304	0.02173	0.00869	0.00435	0.00724
77	0.01022	0.00824	0.00910	0.00888	0.01135	0.00712	0.00666	0.01287	0.01999	0.02547	0.27515	0.07225	0.46576	0.01923	0.00958	0.00268	0.00402	0.01631	0.00800	0.00712
78	0.01683	0.01442	0.01683	0.01202	0.01923	0.01082	0.00961	0.02043	0.01683	0.02644	0.01442	0.01683	0.01202	0.00601	0.00601	0.00120	0.00601	0.00481	0.00481	0.76444
79	0.00959	0.00822	0.00822	0.00822	0.01096	0.00685	0.00617	0.01165	0.01850	0.02192	0.08220	0.07809	0.66092	0.02055	0.00959	0.00274	0.00411	0.01713	0.00754	0.00685
80	0.01790	0.01439	0.01694	0.01215	0.01931	0.01088	0.00974	0.02148	0.01718	0.06180	0.01539	0.01742	0.01246	0.00623	0.00613	0.00127	0.00606	0.00499	0.00510	0.72318
81	0.01131	0.00829	0.01061	0.01003	0.01202	0.00758	0.00752	0.01498	0.02257	0.03158	0.60786	0.06219	0.12924	0.01695	0.00957	0.00257	0.00385	0.01490	0.00881	0.00758
82	0.01346	0.01008	0.01177	0.01121	0.01278	0.01086	0.00799	0.01852	0.11579	0.02302	0.10216	0.04650	0.09780	0.27450	0.09971	0.00575	0.04608	0.01127	0.07334	0.00741
83	0.01775	0.01775	0.02485	0.02130	0.02130	0.02485	0.01775	0.01953	0.01243	0.01953	0.01065	0.01775	0.01065	0.01420	0.02663	0.00355	0.69998	0.00710	0.00355	0.00888
84	0.01756	0.20212	0.52386	0.02094	0.03174	0.02198	0.02618	0.02537	0.01698	0.02414	0.01379	0.01616	0.01031	0.00753	0.00712	0.00237	0.01121	0.00560	0.00344	0.01162
85	0.51937	0.02352	0.01570	0.01416	0.01889	0.24447	0.01114	0.02677	0.01694	0.03077	0.01172	0.01368	0.00935	0.00781	0.00580	0.00237	0.00912	0.00468	0.00474	0.00900
86	0.02585	0.01301	0.01617	0.01327	0.01789	0.01231	0.01053	0.08486	0.07725	0.33996	0.14498	0.03962	0.09486	0.05875	0.01074	0.00291	0.00629	0.01045	0.00893	0.01137
87	0.01875	0.35195	0.38452	0.01890	0.02858	0.02491	0.02262	0.02506	0.01684	0.02268	0.01306	0.01525	0.01034	0.00736	0.00656	0.00219	0.01048	0.00524	0.00345	0.01127
88	0.01435	0.01096	0.01294	0.01255	0.01464	0.04524	0.00924	0.01674	0.01783	0.06638	0.16414	0.34574	0.04537	0.02054	0.04130	0.00326	0.04749	0.01582	0.00714	0.08834
89	0.01567	0.01478	0.02497	0.64767	0.10080	0.01812	0.02271	0.02104	0.01639	0.02116	0.01448	0.02152	0.01097	0.00805	0.00811	0.00268	0.01073	0.00721	0.00364	0.00930
90	0.01900	0.02140	0.04583	0.03274	0.04088	0.01988	0.59354	0.02563	0.01900	0.02602	0.01628	0.02155	0.01229	0.00679	0.00934	0.00263	0.01317	0.00926	0.00415	0.06061

[dist]
# distance from previous block
# <min> <max>
0	9

[block]
# block no. 2 follows, 23 sequences, length 11
# corresponding to MSA columns:
# 128-138
name=unknown_C
#
# <colnr> <probs for GDERKNQSTAVLIFYWHMCP>
#	G	D	E	R	K	N	Q	S	T	A	V	L	I	F	Y	W	H	M	C	P
0	0.01645	0.01431	0.01752	0.01334	0.01905	0.01261	0.01074	0.01974	0.01588	0.02480	0.01462	0.01839	0.01263	0.01234	0.07353	0.00265	0.09924	0.00548	0.00460	0.59206
1	0.01534	0.00967	0.01073	0.00932	0.01274	0.00873	0.00719	0.01900	0.01664	0.02821	0.02254	0.02643	0.01817	0.01260	0.06054	0.00259	0.00589	0.00684	0.47662	0.23021
2	0.01143	0.00824	0.01136	0.01160	0.01251	0.00902	0.00829	0.01329	0.01301	0.01819	0.02588	0.12755	0.02735	0.24431	0.40930	0.01026	0.01549	0.01149	0.00493	0.00649
3	0.02993	0.02228	0.02384	0.01849	0.02482	0.02474	0.01520	0.58638	0.09041	0.04967	0.02064	0.02040	0.01474	0.00985	0.00813	0.00246	0.00871	0.00747	0.00813	0.01372
4	0.01159	0.00869	0.01304	0.01304	0.01449	0.01014	0.01014	0.01449	0.01304	0.01884	0.02173	0.03188	0.02029	0.06086	0.68268	0.01304	0.02173	0.00869	0.00435	0.00724
5	0.07856	0.01125	0.01388	0.01569	0.09981	0.01045	0.01059	0.01738	0.01842	0.05298	0.08314	0.05902	0.30970	0.01615	0.00890	0.00269	0.00583	0.10921	0.00680	0.06954
6	0.01791	0.01929	0.03789	0.02841	0.03372	0.02043	0.40302	0.02299	0.01671	0.02349	0.01555	0.02199	0.01281	0.01503	0.09236	0.00415	0.19146	0.00884	0.00399	0.00998
7	0.01683	0.01442	0.01683	0.01202	0.01923	0.01082	0.00961	0.02043	0.01683	0.02644	0.01442	0.01683	0.01202	0.00601	0.00601	0.00120	0.00601	0.00481	0.00481	0.76444
8	0.05796	0.01600	0.01872	0.01561	0.02077	0.01659	0.01280	0.19337	0.13811	0.24607	0.06386	0.03560	0.02540	0.01203	0.00852	0.00270	0.00723	0.08781	0.00861	0.01225
9	0.06572	0.01945	0.01898	0.01592	0.02062	0.14738	0.01261	0.03260	0.11571	0.25536	0.02521	0.02534	0.03815	0.03229	0.01053	0.00263	0.07457	0.00757	0.00706	0.07227
10	0.02280	0.01591	0.05464	0.01815	0.02373	0.01308	0.11346	0.02639	0.02002	0.21976	0.02986	0.12215	0.02662	0.01350	0.00929	0.00286	0.00834	0.11000	0.00741	0.14203

[dist]
# distance from previous block
# <min> <max>
0	1

[block]
# block no. 3 follows, 23 sequences, length 11
# corresponding to MSA columns:
# 140-150
name=unknown_D
#
# <colnr> <probs for GDERKNQSTAVLIFYWHMCP>
#	G	D	E	R	K	N	Q	S	T	A	V	L	I	F	Y	W	H	M	C	P
0	0.01883	0.02090	0.04323	0.03120	0.03859	0.02009	0.52753	0.02495	0.01836	0.02545	0.01574	0.02110	0.01214	0.00743	0.01080	0.00268	0.07416	0.00896	0.00411	0.07377
1	0.02765	0.03093	0.02309	0.11118	0.02897	0.42384	0.01635	0.14266	0.07041	0.02674	0.01556	0.01760	0.01216	0.00877	0.00764	0.00228	0.01247	0.00616	0.00512	0.01041
2	0.08054	0.01008	0.01142	0.01050	0.01371	0.00939	0.00807	0.01939	0.04649	0.12936	0.21295	0.10289	0.28135	0.01667	0.00896	0.00268	0.00481	0.01405	0.00811	0.00857
3	0.09762	0.01362	0.02123	0.53352	0.04574	0.01665	0.01906	0.01978	0.01524	0.02159	0.01404	0.02110	0.01101	0.01061	0.01078	0.09965	0.00984	0.00688	0.00375	0.00829
4	0.02333	0.01780	0.01872	0.01608	0.02121	0.05024	0.01264	0.06047	0.44399	0.13447	0.02981	0.02757	0.02186	0.01025	0.00800	0.00254	0.00695	0.00838	0.00804	0.07764
5	0.01904	0.38735	0.35160	0.01842	0.02784	0.02560	0.02178	0.02498	0.01680	0.02233	0.01289	0.01503	0.01035	0.00732	0.00643	0.00214	0.01030	0.00515	0.00345	0.01119
6	0.45451	0.01322	0.01240	0.01097	0.01519	0.01426	0.00881	0.02308	0.01770	0.10922	0.21129	0.02931	0.03075	0.01058	0.00677	0.00252	0.00560	0.00797	0.00680	0.00903
7	0.01667	0.01626	0.02761	0.34720	0.04193	0.01753	0.14679	0.02166	0.01664	0.02300	0.01451	0.02028	0.01138	0.00790	0.00954	0.00245	0.06974	0.00716	0.00397	0.17776
8	0.02282	0.01631	0.01799	0.01549	0.02030	0.01780	0.01223	0.10817	0.39796	0.13794	0.06559	0.03372	0.07386	0.01171	0.00839	0.00267	0.00649	0.00967	0.00851	0.01240
9	0.01893	0.01524	0.02064	0.01484	0.02208	0.01205	0.08286	0.02287	0.01770	0.08668	0.01630	0.01843	0.01281	0.00648	0.00663	0.00150	0.00699	0.00568	0.00522	0.60607
10	0.02807	0.02050	0.02230	0.01740	0.02365	0.02212	0.01422	0.44376	0.13329	0.08360	0.02191	0.02144	0.01577	0.00959	0.00793	0.00237	0.00811	0.00741	0.00793	0.08863

[dist]
# distance from previous block
# <min> <max>
2	5

[block]
# block no. 4 follows, 23 sequences, length 14
# corresponding to MSA columns:
# 156-169
name=unknown_E
#
# <colnr> <probs for GDERKNQSTAVLIFYWHMCP>
#	G	D	E	R	K	N	Q	S	T	A	V	L	I	F	Y	W	H	M	C	P
0	0.01349	0.01076	0.01458	0.03624	0.01610	0.01247	0.01089	0.01520	0.01505	0.04767	0.03543	0.38237	0.08347	0.05309	0.01623	0.00349	0.20327	0.01639	0.00625	0.00757
1	0.01795	0.01747	0.02353	0.02008	0.02113	0.02329	0.01660	0.02222	0.08379	0.02165	0.01343	0.01908	0.01233	0.01324	0.02305	0.00329	0.57130	0.00716	0.00417	0.06523
2	0.20591	0.01134	0.01099	0.01004	0.01291	0.01262	0.00794	0.06332	0.01738	0.03253	0.02112	0.02439	0.01662	0.00931	0.00709	0.00220	0.05152	0.00672	0.46768	0.00839
3	0.01578	0.01531	0.02712	0.61711	0.05429	0.01832	0.09497	0.02135	0.01657	0.02135	0.01466	0.02166	0.01099	0.00796	0.00829	0.00271	0.01116	0.00749	0.00366	0.00924
4	0.01871	0.01473	0.01716	0.01273	0.01956	0.01201	0.01017	0.02456	0.09217	0.07609	0.01796	0.01923	0.01414	0.00691	0.00644	0.00148	0.00613	0.00558	0.00561	0.61863
5	0.01638	0.01550	0.02625	0.55210	0.19086	0.01831	0.02306	0.02166	0.01672	0.02201	0.01461	0.02129	0.01127	0.00792	0.00809	0.00264	0.01056	0.00722	0.00370	0.00987
6	0.03085	0.02273	0.02435	0.01867	0.02516	0.02516	0.01542	0.63716	0.03815	0.05114	0.01948	0.01948	0.01380	0.00974	0.00812	0.00244	0.00893	0.00731	0.00812	0.01380
7	0.01683	0.01442	0.01683	0.01202	0.01923	0.01082	0.00961	0.02043	0.01683	0.02644	0.01442	0.01683	0.01202	0.00601	0.00601	0.00120	0.00601	0.00481	0.00481	0.76444
8	0.01041	0.00762	0.00978	0.01057	0.01180	0.00699	0.00742	0.01274	0.01846	0.02498	0.26380	0.41246	0.12937	0.02179	0.01000	0.00297	0.00433	0.01947	0.00802	0.00699
9	0.01679	0.01700	0.02886	0.14848	0.03199	0.02048	0.17305	0.02047	0.01517	0.02151	0.01657	0.09588	0.01585	0.01245	0.01710	0.00316	0.32239	0.00951	0.00414	0.00917
10	0.37222	0.01379	0.01317	0.01165	0.01598	0.01472	0.00928	0.08706	0.01882	0.10881	0.05893	0.10511	0.11647	0.01243	0.00721	0.00263	0.00602	0.00961	0.00678	0.00933
11	0.02077	0.01773	0.01894	0.01470	0.02076	0.06540	0.01175	0.09329	0.09452	0.05883	0.01760	0.01911	0.01389	0.00793	0.00809	0.00181	0.05368	0.00594	0.00569	0.44956
12	0.06289	0.01916	0.02105	0.01633	0.02241	0.02019	0.01337	0.40128	0.05372	0.11451	0.06777	0.02321	0.01909	0.00978	0.00784	0.00232	0.00777	0.00758	0.00786	0.10189
13	0.01867	0.34145	0.39429	0.01904	0.02880	0.02470	0.02287	0.02508	0.01685	0.02278	0.01311	0.01531	0.01034	0.00737	0.00660	0.00220	0.01053	0.00526	0.00345	0.01129

[dist]
# distance from previous block
# <min> <max>
5	12

[block]
# block no. 5 follows, 23 sequences, length 9
# corresponding to MSA columns:
# 182-190
name=unknown_F
#
# <colnr> <probs for GDERKNQSTAVLIFYWHMCP>
#	G	D	E	R	K	N	Q	S	T	A	V	L	I	F	Y	W	H	M	C	P
0	0.02378	0.01502	0.01750	0.01434	0.01896	0.01539	0.01149	0.22725	0.08372	0.17252	0.22882	0.03839	0.07187	0.01268	0.00868	0.00253	0.00640	0.01052	0.00876	0.01139
1	0.30867	0.01625	0.01542	0.01285	0.01763	0.01811	0.01046	0.24912	0.02360	0.04030	0.01812	0.01979	0.01365	0.00883	0.00633	0.00233	0.00663	0.00626	0.19533	0.01033
2	0.02965	0.02213	0.02368	0.01843	0.02471	0.02460	0.01513	0.57033	0.10693	0.04920	0.02101	0.02070	0.01503	0.00988	0.00813	0.00247	0.00865	0.00752	0.00813	0.01369
3	0.01718	0.01514	0.01919	0.01390	0.02103	0.01205	0.05567	0.02210	0.05227	0.02683	0.01561	0.01795	0.01275	0.00635	0.00640	0.00140	0.00660	0.00540	0.00495	0.66724
4	0.06051	0.01350	0.01835	0.01517	0.01922	0.01356	0.08141	0.09397	0.09398	0.10359	0.31241	0.06826	0.04530	0.01320	0.00888	0.00261	0.00634	0.01168	0.00806	0.01001
5	0.02516	0.01965	0.02428	0.01920	0.02500	0.02100	0.08402	0.39797	0.07668	0.04151	0.02364	0.05783	0.01980	0.01144	0.00864	0.00262	0.00879	0.07716	0.00742	0.04817
6	0.01837	0.01893	0.03483	0.02559	0.03249	0.01804	0.36451	0.02590	0.09018	0.02641	0.01779	0.02187	0.01390	0.00960	0.03590	0.00283	0.04451	0.00827	0.00472	0.18536
7	0.20871	0.01651	0.01797	0.01839	0.09277	0.01849	0.01285	0.03436	0.35524	0.05843	0.06389	0.02658	0.02239	0.01001	0.00750	0.00263	0.00661	0.00805	0.00707	0.01155
8	0.02289	0.01491	0.01793	0.01394	0.01994	0.01363	0.01123	0.10142	0.07993	0.18195	0.02180	0.02269	0.01629	0.01417	0.08441	0.00316	0.00841	0.00676	0.00672	0.33782

[dist]
# distance from previous block
# <min> <max>
0	22

[block]
# block no. 6 follows, 23 sequences, length 12
# corresponding to MSA columns:
# 213-224
name=unknown_G
#
# <colnr> <probs for GDERKNQSTAVLIFYWHMCP>
#	G	D	E	R	K	N	Q	S	T	A	V	L	I	F	Y	W	H	M	C	P
0	0.01975	0.01740	0.06590	0.01562	0.02235	0.01409	0.05774	0.09254	0.06403	0.08041	0.02033	0.07611	0.01706	0.00887	0.00731	0.00193	0.00731	0.00759	0.00591	0.39774
1	0.05973	0.01550	0.02171	0.01889	0.02014	0.01970	0.05309	0.04979	0.01501	0.02281	0.01992	0.18886	0.02144	0.01591	0.01936	0.00332	0.41018	0.01106	0.00489	0.00869
2	0.01873	0.01882	0.02553	0.02148	0.02283	0.06313	0.06829	0.05196	0.01509	0.02172	0.01347	0.04431	0.01297	0.01553	0.05218	0.00376	0.50911	0.00787	0.00405	0.00917
3	0.01898	0.02134	0.04560	0.03257	0.04071	0.01981	0.58895	0.02558	0.01898	0.02602	0.01627	0.02152	0.01229	0.00678	0.00931	0.00262	0.01312	0.00923	0.00416	0.06615
4	0.01673	0.01381	0.01617	0.01227	0.01836	0.01117	0.00967	0.06268	0.01872	0.02816	0.07148	0.08498	0.02140	0.00896	0.00686	0.00160	0.00591	0.00750	0.00564	0.57792
5	0.02456	0.01808	0.02334	0.01736	0.02409	0.01735	0.09000	0.25232	0.02580	0.11150	0.01913	0.02028	0.01404	0.00812	0.00748	0.00203	0.00806	0.00684	0.03854	0.27108
6	0.01532	0.01442	0.02434	0.69533	0.05589	0.01803	0.02253	0.02073	0.01622	0.02073	0.01442	0.02163	0.01082	0.00811	0.00811	0.00270	0.01082	0.00721	0.00361	0.00901
7	0.01804	0.01529	0.01744	0.01301	0.01981	0.01292	0.01038	0.05588	0.10923	0.02881	0.01737	0.01890	0.01395	0.00693	0.00644	0.00149	0.00622	0.00557	0.00548	0.61684
8	0.10507	0.02333	0.02300	0.01805	0.02421	0.07834	0.01478	0.52613	0.03447	0.04710	0.01809	0.01845	0.01302	0.00941	0.00774	0.00241	0.00913	0.00684	0.00748	0.01294
9	0.03085	0.02273	0.02435	0.01867	0.02516	0.02516	0.01542	0.63716	0.03815	0.05114	0.01948	0.01948	0.01380	0.00974	0.00812	0.00244	0.00893	0.00731	0.00812	0.01380
10	0.08534	0.01732	0.01820	0.01563	0.02059	0.01933	0.01240	0.15609	0.37970	0.08144	0.03250	0.03045	0.07309	0.01118	0.00806	0.00265	0.00675	0.00899	0.00803	0.01227
11	0.77215	0.01569	0.01193	0.01067	0.01569	0.01820	0.00879	0.02385	0.01381	0.03641	0.01130	0.01318	0.00879	0.00753	0.00502	0.00251	0.00628	0.00439	0.00502	0.00879

[dist]
# distance from previous block
# <min> <max>
0	2

[block]
# block no. 7 follows, 23 sequences, length 16
# corresponding to MSA columns:
# 228-243
name=unknown_H
#
# <colnr> <probs for GDERKNQSTAVLIFYWHMCP>
#	G	D	E	R	K	N	Q	S	T	A	V	L	I	F	Y	W	H	M	C	P
0	0.01006	0.00713	0.00936	0.01108	0.01151	0.00671	0.00730	0.01134	0.01520	0.02026	0.04299	0.65033	0.05149	0.08760	0.01315	0.00371	0.00499	0.02205	0.00730	0.00644
1	0.01880	0.02120	0.04571	0.09524	0.04365	0.02029	0.57823	0.02551	0.01888	0.02551	0.01623	0.02186	0.01217	0.00696	0.00944	0.00273	0.01342	0.00936	0.00406	0.01077
2	0.03011	0.01480	0.01867	0.01430	0.02056	0.01315	0.01166	0.11147	0.02338	0.41646	0.02703	0.05492	0.01898	0.00980	0.00777	0.00224	0.00687	0.00797	0.00851	0.18135
3	0.77215	0.01569	0.01193	0.01067	0.01569	0.01820	0.00879	0.02385	0.01381	0.03641	0.01130	0.01318	0.00879	0.00753	0.00502	0.00251	0.00628	0.00439	0.00502	0.00879
4	0.01159	0.00869	0.01304	0.01304	0.01449	0.01014	0.01014	0.01449	0.01304	0.01884	0.02173	0.03188	0.02029	0.06086	0.68268	0.01304	0.02173	0.00869	0.00435	0.00724
5	0.00959	0.00822	0.00822	0.00822	0.01096	0.00685	0.00617	0.01165	0.01850	0.02192	0.08220	0.07809	0.66092	0.02055	0.00959	0.00274	0.00411	0.01713	0.00754	0.00685
6	0.02017	0.01561	0.01807	0.01316	0.02020	0.01301	0.01062	0.11287	0.02039	0.07187	0.01631	0.01792	0.01281	0.00682	0.00646	0.00147	0.00650	0.00539	0.00564	0.60470
7	0.00959	0.00822	0.00822	0.00822	0.01096	0.00685	0.00617	0.01165	0.01850	0.02192	0.08220	0.07809	0.66092	0.02055	0.00959	0.00274	0.00411	0.01713	0.00754	0.00685
8	0.01669	0.01442	0.01750	0.07365	0.02254	0.01147	0.01078	0.02046	0.01677	0.02593	0.01442	0.01726	0.01191	0.00620	0.00620	0.00134	0.00644	0.00502	0.00470	0.69630
9	0.01148	0.00829	0.01085	0.01021	0.01212	0.00766	0.00766	0.01531	0.02297	0.03254	0.65994	0.06061	0.07656	0.01659	0.00957	0.00255	0.00383	0.01467	0.00893	0.00766
10	0.00971	0.00822	0.00839	0.00835	0.01103	0.00690	0.00626	0.01188	0.01878	0.02260	0.11907	0.07697	0.62363	0.02030	0.00959	0.00273	0.00409	0.01697	0.00762	0.00690
11	0.01775	0.01775	0.02485	0.02130	0.02130	0.02485	0.01775	0.01953	0.01243	0.01953	0.01065	0.01775	0.01065	0.01420	0.02663	0.00355	0.69998	0.00710	0.00355	0.00888
12	0.01627	0.04197	0.67279	0.02313	0.03512	0.01884	0.02998	0.02570	0.01713	0.02570	0.01456	0.01713	0.01028	0.00771	0.00771	0.00257	0.01199	0.00600	0.00343	0.01199
13	0.65343	0.01592	0.01389	0.08381	0.02045	0.01854	0.01059	0.05523	0.01532	0.03550	0.01205	0.01440	0.00926	0.00771	0.00551	0.00253	0.00690	0.00484	0.00503	0.00907
14	0.39845	0.01546	0.01531	0.01298	0.01830	0.01667	0.01055	0.03246	0.14205	0.23000	0.02193	0.02098	0.01540	0.00899	0.00662	0.00256	0.00650	0.00649	0.00720	0.01113
15	0.66144	0.01510	0.01217	0.01094	0.01565	0.01734	0.00890	0.02410	0.04888	0.03592	0.07235	0.01848	0.01591	0.00856	0.00562	0.00253	0.00606	0.00560	0.00556	0.00890

[dist]
# distance from previous block
# <min> <max>
7	14

[block]
# block no. 8 follows, 23 sequences, length 6
# corresponding to MSA columns:
# 259-264
name=unknown_I
#
# <colnr> <probs for GDERKNQSTAVLIFYWHMCP>
#	G	D	E	R	K	N	Q	S	T	A	V	L	I	F	Y	W	H	M	C	P
0	0.01273	0.01023	0.01237	0.01167	0.01350	0.03734	0.00873	0.01579	0.01942	0.02707	0.39144	0.09756	0.05468	0.07199	0.11007	0.00447	0.04130	0.01304	0.00724	0.03933
1	0.01456	0.01306	0.01874	0.01703	0.01778	0.01724	0.01381	0.01692	0.01274	0.01917	0.01639	0.02506	0.01564	0.03835	0.36621	0.00846	0.34892	0.00793	0.00396	0.00803
2	0.02658	0.01851	0.02057	0.01584	0.02208	0.01892	0.01293	0.34521	0.07502	0.11586	0.02116	0.02122	0.01532	0.00899	0.00751	0.00215	0.00754	0.00698	0.04965	0.18798
3	0.01912	0.02077	0.04249	0.03517	0.15448	0.01947	0.46962	0.02532	0.01883	0.02612	0.01603	0.02113	0.01239	0.00684	0.00899	0.00255	0.01229	0.00874	0.00415	0.07551
4	0.01478	0.01359	0.02270	0.59638	0.04988	0.01688	0.02074	0.01983	0.01576	0.02046	0.01548	0.02312	0.01219	0.01576	0.10594	0.00420	0.01240	0.00743	0.00371	0.00876
5	0.01260	0.00987	0.03485	0.01078	0.01288	0.00863	0.00812	0.01501	0.01684	0.04638	0.20018	0.09354	0.11665	0.22044	0.11592	0.00558	0.00817	0.01280	0.00651	0.04426

[dist]
# distance from previous block
# <min> <max>
5	18

[block]
# block no. 9 follows, 23 sequences, length 8
# corresponding to MSA columns:
# 283-290
name=unknown_J
#
# <colnr> <probs for GDERKNQSTAVLIFYWHMCP>
#	G	D	E	R	K	N	Q	S	T	A	V	L	I	F	Y	W	H	M	C	P
0	0.01649	0.01409	0.02154	0.47420	0.04290	0.01733	0.01879	0.05915	0.01739	0.02415	0.01644	0.02260	0.01268	0.00900	0.00940	0.00263	0.07288	0.00727	0.13201	0.00906
1	0.01412	0.01184	0.01554	0.11094	0.02116	0.01330	0.01228	0.07217	0.01823	0.02395	0.04161	0.21684	0.18821	0.01813	0.01243	0.00308	0.12215	0.06953	0.00636	0.00813
2	0.01896	0.02128	0.04534	0.03238	0.04051	0.01973	0.58360	0.02554	0.01896	0.02603	0.01625	0.02147	0.01229	0.00677	0.00928	0.00261	0.01305	0.00919	0.00416	0.07260
3	0.01947	0.01661	0.02164	0.01920	0.08130	0.01600	0.06607	0.03072	0.25550	0.05824	0.02246	0.02311	0.01728	0.00826	0.00744	0.00209	0.00720	0.00723	0.00621	0.31397
4	0.01809	0.26870	0.46194	0.02004	0.03034	0.02328	0.02460	0.02523	0.01692	0.02349	0.01346	0.01575	0.01032	0.00745	0.00687	0.00229	0.01088	0.00544	0.00344	0.01146
5	0.01758	0.17272	0.49588	0.02227	0.03295	0.02158	0.07882	0.02545	0.01718	0.02443	0.01408	0.01674	0.01048	0.00748	0.00738	0.00242	0.01149	0.00598	0.00349	0.01159
6	0.01431	0.00834	0.01298	0.13065	0.01852	0.00897	0.00976	0.01235	0.01156	0.01526	0.01415	0.02413	0.01352	0.02467	0.02757	0.63043	0.00771	0.00708	0.00354	0.00449
7	0.08008	0.01613	0.01781	0.01347	0.01993	0.01480	0.01086	0.15618	0.05103	0.03332	0.05227	0.02019	0.01636	0.00777	0.00669	0.00172	0.00657	0.00608	0.00594	0.46279

[dist]
# distance from previous block
# <min> <max>
22	35

[block]
# block no. 10 follows, 23 sequences, length 6
# corresponding to MSA columns:
# 329-334
name=unknown_K
#
# <colnr> <probs for GDERKNQSTAVLIFYWHMCP>
#	G	D	E	R	K	N	Q	S	T	A	V	L	I	F	Y	W	H	M	C	P
0	0.02082	0.01975	0.02372	0.02019	0.02208	0.06554	0.01657	0.11438	0.10956	0.02628	0.01532	0.01963	0.01315	0.01272	0.02003	0.00318	0.45463	0.00731	0.00494	0.01021
1	0.01231	0.00867	0.01023	0.00995	0.01235	0.00774	0.00759	0.01502	0.01974	0.06383	0.25550	0.06904	0.32812	0.06923	0.01196	0.00314	0.00480	0.07539	0.00793	0.00745
2	0.01532	0.01442	0.02434	0.69533	0.05589	0.01803	0.02253	0.02073	0.01622	0.02073	0.01442	0.02163	0.01082	0.00811	0.00811	0.00270	0.01082	0.00721	0.00361	0.00901
3	0.03075	0.01843	0.02108	0.01622	0.02240	0.01897	0.01334	0.37048	0.03076	0.24439	0.02357	0.02257	0.01612	0.00959	0.00785	0.00235	0.00778	0.00744	0.05555	0.06037
4	0.01891	0.02118	0.04394	0.03200	0.03880	0.02126	0.52931	0.02489	0.01800	0.02489	0.01543	0.02118	0.01203	0.00810	0.01249	0.00288	0.13096	0.00915	0.00401	0.01059
5	0.02765	0.02695	0.16676	0.01965	0.02735	0.02378	0.01862	0.50287	0.03353	0.04555	0.01840	0.01897	0.01303	0.00929	0.00803	0.00246	0.00960	0.00702	0.00709	0.01340

[dist]
# distance from previous block
# <min> <max>
0	4

[block]
# block no. 11 follows, 23 sequences, length 6
# corresponding to MSA columns:
# 339-344
name=unknown_L
#
# <colnr> <probs for GDERKNQSTAVLIFYWHMCP>
#	G	D	E	R	K	N	Q	S	T	A	V	L	I	F	Y	W	H	M	C	P
0	0.01873	0.02054	0.04226	0.03019	0.03822	0.01877	0.52169	0.02499	0.01873	0.02607	0.01606	0.02097	0.01226	0.00669	0.00893	0.00246	0.01229	0.00871	0.00423	0.14721
1	0.01075	0.00788	0.01009	0.01035	0.01188	0.00722	0.00745	0.01359	0.02004	0.02749	0.39450	0.27556	0.13325	0.01992	0.00983	0.00282	0.00415	0.01770	0.00832	0.00722
2	0.01357	0.01174	0.01914	0.01742	0.02007	0.01187	0.12392	0.01710	0.01784	0.02377	0.07589	0.19116	0.09185	0.01897	0.01186	0.00330	0.06820	0.24770	0.00662	0.00801
3	0.48289	0.01642	0.01469	0.01276	0.01768	0.01873	0.01033	0.11244	0.12675	0.03776	0.06447	0.02052	0.01727	0.00911	0.00635	0.00254	0.00649	0.00639	0.00630	0.01010
4	0.01862	0.33570	0.39964	0.01912	0.02892	0.02459	0.02300	0.02509	0.01685	0.02283	0.01314	0.01535	0.01034	0.00738	0.00662	0.00221	0.01056	0.00528	0.00345	0.01131
5	0.01587	0.01495	0.02481	0.48803	0.18857	0.01730	0.02159	0.02085	0.01694	0.02214	0.02074	0.02639	0.07011	0.00904	0.00823	0.00264	0.00995	0.00811	0.00405	0.00968

[dist]
# distance from previous block
# <min> <max>
2	8

[block]
# block no. 12 follows, 23 sequences, length 15
# corresponding to MSA columns:
# 355-369
name=unknown_M
#
# <colnr> <probs for GDERKNQSTAVLIFYWHMCP>
#	G	D	E	R	K	N	Q	S	T	A	V	L	I	F	Y	W	H	M	C	P
0	0.01832	0.01901	0.02714	0.13064	0.02936	0.06541	0.08499	0.02124	0.01444	0.02044	0.01200	0.01862	0.01084	0.01206	0.02058	0.00323	0.47159	0.00727	0.00366	0.00916
1	0.01258	0.00957	0.01076	0.01029	0.01245	0.03419	0.00760	0.01551	0.02076	0.05076	0.39414	0.10302	0.21057	0.05814	0.01133	0.00293	0.00473	0.01504	0.00812	0.00752
2	0.01541	0.01020	0.01268	0.01204	0.01490	0.00936	0.00919	0.05936	0.01991	0.09457	0.14022	0.27191	0.12082	0.01838	0.00939	0.00280	0.00544	0.07837	0.00777	0.08730
3	0.02028	0.01846	0.02667	0.02167	0.02579	0.02121	0.14361	0.12558	0.18207	0.03012	0.02232	0.02967	0.01882	0.01198	0.01383	0.00302	0.19789	0.07003	0.00601	0.01097
4	0.01700	0.01616	0.02627	0.44635	0.07020	0.01884	0.09525	0.02627	0.15064	0.02439	0.01863	0.02343	0.01403	0.00854	0.00832	0.00271	0.01019	0.00792	0.00467	0.01021
5	0.01819	0.28105	0.45046	0.01987	0.03008	0.02352	0.02430	0.02520	0.01690	0.02337	0.01340	0.01568	0.01033	0.00744	0.00683	0.00228	0.01082	0.00541	0.00344	0.01143
6	0.01935	0.01424	0.01733	0.01401	0.01917	0.01325	0.03992	0.12932	0.06217	0.09526	0.03633	0.09380	0.15604	0.01275	0.00823	0.00232	0.00654	0.03228	0.00701	0.22066
7	0.01919	0.01363	0.01614	0.01212	0.01840	0.01087	0.00965	0.04054	0.01831	0.11229	0.02107	0.05379	0.03467	0.00821	0.00665	0.00160	0.00596	0.00672	0.05234	0.53784
8	0.01941	0.01888	0.03178	0.02329	0.02992	0.01823	0.27557	0.08778	0.01950	0.02797	0.01532	0.01936	0.01216	0.00780	0.01038	0.00228	0.09826	0.00738	0.00470	0.27005
9	0.05656	0.01820	0.03029	0.16808	0.51870	0.01899	0.02366	0.02407	0.01782	0.02593	0.01491	0.02003	0.01227	0.00741	0.00790	0.00247	0.00969	0.00709	0.00399	0.01194
10	0.01326	0.00995	0.01261	0.01284	0.01514	0.00986	0.01040	0.01885	0.08992	0.02741	0.23605	0.06935	0.08051	0.06043	0.01192	0.00337	0.00602	0.26959	0.00777	0.03474
11	0.01674	0.11028	0.52792	0.02222	0.03281	0.01982	0.06435	0.02489	0.01694	0.02460	0.01476	0.01788	0.01102	0.01078	0.04830	0.00312	0.01233	0.00620	0.00353	0.01147
12	0.01829	0.02021	0.04194	0.07698	0.03959	0.02012	0.49680	0.02423	0.01806	0.02469	0.01706	0.05529	0.01407	0.00862	0.01131	0.00285	0.08550	0.00982	0.00418	0.01038
13	0.01788	0.03702	0.53483	0.02148	0.03239	0.01867	0.02629	0.08993	0.01933	0.02847	0.01507	0.01735	0.01084	0.00774	0.00757	0.00241	0.01104	0.00601	0.00407	0.09162
14	0.01537	0.01815	0.10547	0.02115	0.02610	0.01550	0.21833	0.02006	0.01748	0.02455	0.12124	0.07612	0.05716	0.06279	0.05263	0.00372	0.09382	0.01080	0.00518	0.03439

[dist]
# distance from previous block
# <min> <max>
29	199

[block]
# block no. 13 follows, 23 sequences, length 14
# corresponding to MSA columns:
# 582-595
name=unknown_N
#
# <colnr> <probs for GDERKNQSTAVLIFYWHMCP>
#	G	D	E	R	K	N	Q	S	T	A	V	L	I	F	Y	W	H	M	C	P
0	0.01809	0.01852	0.03296	0.02411	0.03065	0.01769	0.31010	0.02295	0.01724	0.02513	0.01478	0.01940	0.01194	0.00771	0.01099	0.00231	0.11991	0.00745	0.00427	0.28381
1	0.01832	0.03190	0.34329	0.02342	0.03046	0.08170	0.08387	0.02435	0.01635	0.02320	0.01330	0.01757	0.01061	0.00978	0.01396	0.00286	0.23420	0.00663	0.00360	0.01065
2	0.02082	0.01629	0.01954	0.01957	0.08898	0.01806	0.01396	0.05821	0.38587	0.09070	0.08038	0.03411	0.02751	0.01174	0.00930	0.00276	0.03705	0.04532	0.00776	0.01206
3	0.03315	0.01512	0.01917	0.01512	0.02112	0.01437	0.01235	0.08553	0.13380	0.51176	0.03124	0.02746	0.02043	0.01019	0.00817	0.00255	0.00697	0.00827	0.00958	0.01364
4	0.02346	0.34789	0.10180	0.01977	0.07094	0.22216	0.01688	0.02812	0.05968	0.02153	0.01371	0.01557	0.01152	0.00773	0.00651	0.00205	0.01073	0.00531	0.00403	0.01062
5	0.01008	0.00808	0.00900	0.00911	0.01135	0.00700	0.00670	0.01246	0.01914	0.02425	0.21297	0.16130	0.43944	0.02029	0.00969	0.00277	0.00413	0.01737	0.00786	0.00700
6	0.12377	0.01681	0.01897	0.01908	0.08853	0.01917	0.01353	0.07284	0.35909	0.03248	0.02727	0.02742	0.04308	0.01392	0.05443	0.00340	0.03943	0.00835	0.00684	0.01156
