[name]
unknown

[dist]
# distance from previous block
# <min> <max>
0	58

[block]
# block no. 0 follows, 22 sequences, length 7
# corresponding to MSA columns:
# 81-87
name=unknown_A
#
# <colnr> <probs for GDERKNQSTAVLIFYWHMCP>
#	G	D	E	R	K	N	Q	S	T	A	V	L	I	F	Y	W	H	M	C	P
0	0.01052	0.00748	0.00991	0.01171	0.01228	0.00707	0.00801	0.01207	0.01592	0.02117	0.04434	0.60881	0.05271	0.07098	0.01278	0.00372	0.00527	0.07100	0.00753	0.00671
1	0.02011	0.18695	0.03648	0.15999	0.07555	0.02430	0.18026	0.06555	0.01856	0.02459	0.01434	0.01921	0.01170	0.00870	0.01095	0.00264	0.11803	0.00731	0.00413	0.01067
2	0.06410	0.33599	0.20873	0.01798	0.02605	0.09305	0.01885	0.10035	0.02032	0.02651	0.01364	0.01548	0.01096	0.00786	0.00661	0.00218	0.01034	0.00538	0.00429	0.01134
3	0.01059	0.00757	0.01013	0.01179	0.01256	0.00712	0.00824	0.01250	0.01698	0.02278	0.10755	0.58150	0.05669	0.02482	0.01060	0.00334	0.00499	0.07546	0.00785	0.00694
4	0.05000	0.02116	0.03021	0.13008	0.09091	0.09763	0.16565	0.06411	0.01945	0.05765	0.01556	0.02004	0.01224	0.00903	0.01153	0.00268	0.12750	0.00749	0.00468	0.06240
5	0.01065	0.00879	0.01187	0.01187	0.01389	0.00785	0.05019	0.01276	0.01744	0.02210	0.05994	0.39287	0.30393	0.02260	0.01022	0.00309	0.00520	0.02009	0.00747	0.00717
6	0.10330	0.01800	0.02106	0.13606	0.08429	0.05072	0.01524	0.19545	0.02402	0.07481	0.03988	0.05635	0.01757	0.00983	0.00775	0.00244	0.00846	0.00793	0.04664	0.08020

[dist]
# distance from previous block
# <min> <max>
3	17

[block]
# block no. 1 follows, 22 sequences, length 16
# corresponding to MSA columns:
# 105-120
name=unknown_B
#
# <colnr> <probs for GDERKNQSTAVLIFYWHMCP>
#	G	D	E	R	K	N	Q	S	T	A	V	L	I	F	Y	W	H	M	C	P
0	0.05369	0.08405	0.02138	0.08506	0.02377	0.05260	0.06619	0.02148	0.01744	0.02571	0.01955	0.09420	0.01775	0.00944	0.00709	0.00204	0.00768	0.00802	0.11471	0.26814
1	0.02307	0.01777	0.02038	0.04379	0.02352	0.01667	0.01262	0.23837	0.02524	0.06096	0.01733	0.01884	0.01323	0.00777	0.00710	0.00180	0.00747	0.00608	0.00629	0.43170
2	0.01134	0.00831	0.00973	0.00954	0.01170	0.00747	0.00709	0.01446	0.02082	0.02849	0.35198	0.10598	0.27330	0.01826	0.00946	0.00266	0.00407	0.01573	0.08212	0.00747
3	0.01981	0.01450	0.01618	0.01414	0.01832	0.01548	0.01110	0.05575	0.29066	0.09709	0.07995	0.03795	0.11611	0.01257	0.00917	0.00261	0.03725	0.01021	0.08177	0.05936
4	0.02130	0.02822	0.28575	0.12865	0.07736	0.01969	0.02305	0.11751	0.10157	0.08648	0.01969	0.02151	0.01412	0.00888	0.00816	0.00264	0.01027	0.00723	0.00552	0.01240
5	0.01489	0.00885	0.01168	0.01139	0.01339	0.00810	0.00829	0.01766	0.02035	0.11906	0.32186	0.27822	0.05954	0.05348	0.01148	0.00314	0.00489	0.01688	0.00861	0.00823
6	0.01031	0.00731	0.00958	0.01132	0.01175	0.00688	0.00745	0.01162	0.01553	0.02070	0.04385	0.63861	0.05250	0.09337	0.01373	0.00384	0.00514	0.02248	0.00745	0.00658
7	0.02684	0.01941	0.02227	0.06061	0.02510	0.02127	0.01468	0.38730	0.04639	0.08929	0.02146	0.05024	0.01702	0.05364	0.01156	0.00289	0.05204	0.00834	0.00742	0.06224
8	0.01881	0.02386	0.15870	0.13731	0.03696	0.02115	0.20001	0.07747	0.01882	0.02633	0.01605	0.04283	0.01311	0.00993	0.01285	0.00293	0.15943	0.00837	0.00434	0.01074
9	0.01073	0.00845	0.00976	0.01044	0.01228	0.00775	0.00744	0.01393	0.05391	0.02349	0.11029	0.34649	0.31031	0.02232	0.01008	0.00304	0.00459	0.01951	0.00787	0.00732
10	0.01981	0.02049	0.04010	0.18948	0.08728	0.02074	0.38731	0.07901	0.02059	0.02767	0.01652	0.02200	0.01242	0.00760	0.00921	0.00274	0.01259	0.00886	0.00444	0.01113
11	0.02000	0.16535	0.30988	0.05239	0.09268	0.02101	0.08063	0.02657	0.01851	0.08194	0.04338	0.02053	0.01483	0.00823	0.00774	0.00246	0.01067	0.00691	0.00450	0.01179
12	0.01728	0.01536	0.02450	0.24976	0.25810	0.01665	0.02001	0.05982	0.01891	0.02557	0.02300	0.15181	0.02246	0.01230	0.00890	0.00282	0.00915	0.04807	0.00513	0.01039
13	0.01060	0.00755	0.00938	0.01064	0.01120	0.00711	0.00690	0.01173	0.01519	0.02000	0.04416	0.47987	0.10196	0.20143	0.01870	0.00453	0.00560	0.02010	0.00702	0.00633
14	0.06446	0.08186	0.14611	0.02134	0.11362	0.01653	0.05837	0.02284	0.06979	0.02694	0.09139	0.07097	0.13231	0.01261	0.00851	0.00267	0.00816	0.03546	0.00580	0.01025
15	0.15999	0.06367	0.05126	0.01558	0.02130	0.05087	0.01327	0.18457	0.02415	0.20381	0.02338	0.08807	0.01862	0.01262	0.02986	0.00292	0.00854	0.00846	0.00735	0.01173

[dist]
# distance from previous block
# <min> <max>
2	6

[block]
# block no. 2 follows, 22 sequences, length 26
# corresponding to MSA columns:
# 127-152
name=unknown_C
#
# <colnr> <probs for GDERKNQSTAVLIFYWHMCP>
#	G	D	E	R	K	N	Q	S	T	A	V	L	I	F	Y	W	H	M	C	P
0	0.05277	0.13263	0.22751	0.06668	0.06351	0.02015	0.11090	0.02767	0.04866	0.10407	0.05312	0.02234	0.01668	0.00859	0.00790	0.00252	0.01018	0.00742	0.00511	0.01159
1	0.05988	0.01769	0.02519	0.11098	0.17598	0.01892	0.05770	0.10251	0.10875	0.05774	0.02088	0.06677	0.01736	0.01005	0.00933	0.00262	0.04905	0.00859	0.00581	0.07419
2	0.09413	0.01824	0.04893	0.07513	0.02337	0.06998	0.01318	0.12755	0.03945	0.09109	0.05458	0.08949	0.02159	0.03014	0.00870	0.00253	0.00797	0.00875	0.03876	0.13646
3	0.07487	0.07404	0.02212	0.01716	0.04021	0.02052	0.01352	0.27426	0.08049	0.10924	0.02353	0.08011	0.01955	0.04388	0.04496	0.00339	0.03006	0.00892	0.00729	0.01188
4	0.01070	0.00842	0.00988	0.01028	0.01238	0.00729	0.00733	0.01276	0.01774	0.02299	0.09863	0.35132	0.29468	0.02175	0.00986	0.00291	0.00462	0.01903	0.00757	0.06984
5	0.01038	0.00787	0.00958	0.01036	0.01187	0.00706	0.00731	0.01256	0.01848	0.02420	0.18836	0.37372	0.24304	0.02255	0.01019	0.00304	0.00444	0.01990	0.00802	0.00706
6	0.32048	0.08431	0.05648	0.05746	0.08952	0.02073	0.06565	0.09197	0.01860	0.03285	0.01461	0.01759	0.01146	0.00824	0.00742	0.00251	0.03446	0.00612	0.04909	0.01046
7	0.06508	0.05552	0.05479	0.15685	0.07401	0.02163	0.09119	0.15610	0.09785	0.03165	0.02048	0.02338	0.03801	0.00970	0.00977	0.00270	0.06640	0.00794	0.00558	0.01136
8	0.01552	0.01144	0.01352	0.01269	0.01570	0.01164	0.00984	0.02451	0.19320	0.06688	0.31053	0.07748	0.12284	0.01628	0.00951	0.00281	0.00520	0.06220	0.00868	0.00952
9	0.08250	0.02838	0.33537	0.06453	0.03107	0.01673	0.06900	0.02678	0.01844	0.13886	0.02321	0.06115	0.04793	0.00995	0.00817	0.00269	0.01009	0.00832	0.00536	0.01147
10	0.01814	0.02515	0.19385	0.12269	0.07856	0.03979	0.21371	0.02387	0.01726	0.02388	0.01500	0.02057	0.01181	0.01012	0.01269	0.06600	0.08489	0.00775	0.00384	0.01041
11	0.01047	0.00757	0.00980	0.01134	0.01214	0.00705	0.00779	0.01215	0.01650	0.02182	0.07592	0.55112	0.10433	0.06065	0.01221	0.00356	0.00506	0.05610	0.00763	0.00678
12	0.01134	0.00774	0.00928	0.01001	0.01019	0.00756	0.00605	0.01189	0.01353	0.01804	0.03362	0.30032	0.03959	0.44928	0.03026	0.00628	0.00683	0.01646	0.00605	0.00568
13	0.06196	0.01787	0.03081	0.19165	0.03768	0.01869	0.24200	0.09052	0.05246	0.05899	0.02126	0.09932	0.01802	0.01023	0.00895	0.00280	0.01055	0.01012	0.00548	0.01064
14	0.10427	0.01637	0.01715	0.01487	0.01952	0.05022	0.01168	0.10512	0.18400	0.18616	0.03381	0.12389	0.07119	0.01314	0.00841	0.00273	0.00701	0.01077	0.00815	0.01153
15	0.23098	0.01541	0.01815	0.05158	0.02220	0.01535	0.01224	0.08163	0.02201	0.41076	0.02508	0.02332	0.01643	0.00946	0.00749	0.00258	0.00728	0.00720	0.00838	0.01249
16	0.02151	0.49384	0.10831	0.01533	0.02303	0.02781	0.01555	0.06452	0.01847	0.02354	0.01294	0.01479	0.01111	0.00725	0.00593	0.00184	0.00890	0.00490	0.00406	0.11638
17	0.01812	0.01330	0.01667	0.04052	0.05643	0.01209	0.01116	0.08493	0.02051	0.07145	0.09275	0.15906	0.02921	0.01230	0.00798	0.00220	0.00628	0.01062	0.05591	0.27850
18	0.02092	0.29122	0.03440	0.09441	0.02779	0.02723	0.06779	0.08256	0.01796	0.02370	0.01298	0.01725	0.01129	0.00984	0.01321	0.00263	0.22392	0.00641	0.00412	0.01039
19	0.05870	0.00774	0.01090	0.01083	0.01113	0.00789	0.00732	0.01162	0.01102	0.01577	0.01426	0.02456	0.01411	0.02762	0.03086	0.71382	0.00717	0.00706	0.00370	0.00392
20	0.01012	0.00723	0.00964	0.01157	0.01205	0.00675	0.00771	0.01157	0.01591	0.02121	0.04579	0.70262	0.05495	0.02603	0.01060	0.00337	0.00482	0.02362	0.00771	0.00675
21	0.01160	0.00793	0.00913	0.00947	0.00972	0.00776	0.00559	0.01198	0.01317	0.01740	0.03311	0.17223	0.07134	0.54513	0.03468	0.00690	0.00725	0.01447	0.00567	0.00546
22	0.08665	0.01860	0.02005	0.01522	0.02183	0.01852	0.01242	0.30898	0.02732	0.04007	0.01748	0.01880	0.01328	0.00824	0.00708	0.00197	0.00749	0.00622	0.03891	0.31087
23	0.02113	0.13472	0.21200	0.01785	0.02620	0.01838	0.04980	0.06549	0.01959	0.10652	0.01834	0.04814	0.01454	0.00848	0.00733	0.00215	0.00904	0.00686	0.00527	0.20817
24	0.05109	0.01246	0.01295	0.01173	0.01466	0.04979	0.00882	0.05589	0.06090	0.10663	0.13418	0.06179	0.08493	0.08528	0.01290	0.04512	0.00619	0.01061	0.16527	0.00882
25	0.06512	0.07677	0.02100	0.03918	0.05837	0.08072	0.01309	0.19588	0.06499	0.03449	0.02053	0.04392	0.01651	0.00951	0.00718	0.00224	0.00796	0.00735	0.16429	0.07088

[dist]
# distance from previous block
# <min> <max>
0	9

[block]
# block no. 3 follows, 22 sequences, length 32
# corresponding to MSA columns:
# 162-193
name=unknown_D
#
# <colnr> <probs for GDERKNQSTAVLIFYWHMCP>
#	G	D	E	R	K	N	Q	S	T	A	V	L	I	F	Y	W	H	M	C	P
0	0.02592	0.01919	0.07547	0.01826	0.02464	0.01737	0.07600	0.12779	0.17077	0.22095	0.08134	0.02864	0.02378	0.01036	0.00852	0.00259	0.00809	0.00887	0.00805	0.04341
1	0.08094	0.22829	0.32814	0.09441	0.03199	0.02336	0.02256	0.05627	0.01808	0.02605	0.01391	0.01664	0.01068	0.00781	0.00700	0.00239	0.01053	0.00573	0.00392	0.01130
2	0.01068	0.00761	0.01008	0.01151	0.01229	0.00716	0.00797	0.01259	0.01708	0.02304	0.13717	0.53304	0.05682	0.05847	0.01212	0.00352	0.00503	0.05914	0.00779	0.00689
3	0.01695	0.02141	0.14019	0.27668	0.07456	0.01840	0.18398	0.02406	0.04128	0.02551	0.07782	0.02554	0.01854	0.00879	0.00878	0.00273	0.01115	0.00863	0.00452	0.01049
4	0.07536	0.01580	0.02025	0.07784	0.08492	0.01625	0.01423	0.15914	0.04727	0.22841	0.07961	0.09526	0.02543	0.01179	0.00847	0.00266	0.00759	0.00988	0.00791	0.01195
5	0.10107	0.01829	0.10907	0.01653	0.02282	0.01449	0.05455	0.03213	0.08097	0.30550	0.09990	0.05943	0.02622	0.01106	0.00834	0.00266	0.00767	0.00932	0.00799	0.01200
6	0.01221	0.00941	0.01402	0.01382	0.01522	0.01121	0.01081	0.01512	0.01332	0.01932	0.02163	0.03184	0.02023	0.05968	0.63948	0.01282	0.05915	0.00881	0.00441	0.00751
7	0.09313	0.01410	0.01614	0.10148	0.02212	0.04763	0.01191	0.10153	0.02191	0.11462	0.14804	0.18058	0.06374	0.01484	0.00881	0.00276	0.00700	0.01259	0.00745	0.00962
8	0.04846	0.18826	0.10583	0.03987	0.02487	0.02355	0.01639	0.24588	0.02506	0.06665	0.01968	0.08718	0.01687	0.01077	0.00863	0.00250	0.04353	0.00815	0.00613	0.01174
9	0.01099	0.00777	0.01003	0.01099	0.01179	0.00735	0.00747	0.01286	0.01717	0.02334	0.18804	0.41011	0.05590	0.14554	0.01610	0.00404	0.00529	0.04091	0.00758	0.00674
10	0.01414	0.01083	0.01261	0.01161	0.01441	0.01070	0.00884	0.07935	0.08618	0.03226	0.36402	0.10006	0.18857	0.01716	0.00957	0.00271	0.00484	0.01479	0.00859	0.00876
11	0.11035	0.02266	0.05549	0.15965	0.09234	0.09211	0.01795	0.26436	0.02627	0.03641	0.01667	0.01937	0.01246	0.00886	0.00776	0.00251	0.00994	0.00682	0.02635	0.01168
12	0.03258	0.01597	0.01976	0.01544	0.02134	0.01559	0.01267	0.20361	0.02730	0.40826	0.04914	0.02738	0.02073	0.01273	0.03825	0.00300	0.00807	0.00832	0.04653	0.01330
13	0.01084	0.00753	0.00964	0.01089	0.01152	0.00712	0.00723	0.01244	0.01624	0.02220	0.11134	0.49938	0.05234	0.13151	0.01529	0.00396	0.00519	0.02016	0.03856	0.00664
14	0.01517	0.01298	0.01358	0.01263	0.01631	0.01366	0.00970	0.02772	0.32042	0.02897	0.08930	0.05532	0.31922	0.01610	0.00916	0.00280	0.00534	0.01346	0.00815	0.01003
15	0.41328	0.05597	0.07658	0.07232	0.04895	0.01796	0.04466	0.02322	0.01567	0.03137	0.01615	0.06409	0.01389	0.00911	0.00647	0.00256	0.00771	0.00685	0.06374	0.00944
16	0.01406	0.01018	0.01422	0.12791	0.02077	0.01182	0.01147	0.01761	0.01583	0.02420	0.05580	0.07411	0.02367	0.02787	0.21943	0.00594	0.06789	0.00941	0.23987	0.00795
17	0.03507	0.01349	0.01811	0.01407	0.02004	0.01176	0.01156	0.03835	0.02314	0.59828	0.03220	0.02855	0.02064	0.01022	0.00810	0.00251	0.00675	0.00829	0.08537	0.01349
18	0.03598	0.01621	0.02056	0.01576	0.02224	0.01528	0.01302	0.17384	0.02724	0.52373	0.02986	0.02639	0.01910	0.01021	0.00834	0.00255	0.00754	0.00816	0.00983	0.01414
19	0.01012	0.00723	0.00964	0.01157	0.01205	0.00675	0.00771	0.01157	0.01591	0.02121	0.04579	0.70262	0.05495	0.02603	0.01060	0.00337	0.00482	0.02362	0.00771	0.00675
20	0.01723	0.01477	0.01723	0.01230	0.01969	0.01107	0.00984	0.02092	0.01723	0.02707	0.01477	0.01723	0.01230	0.00615	0.00615	0.00123	0.00615	0.00492	0.00492	0.75883
21	0.01133	0.00846	0.01083	0.01131	0.01303	0.00752	0.00795	0.01359	0.01779	0.02453	0.17161	0.46026	0.07670	0.02150	0.00986	0.00293	0.00477	0.01929	0.00767	0.09908
22	0.01769	0.00839	0.00891	0.00845	0.01084	0.00819	0.00645	0.02149	0.01806	0.09467	0.02767	0.03070	0.02122	0.00974	0.00606	0.00200	0.00419	0.00780	0.67907	0.00839
23	0.02009	0.36475	0.33322	0.01889	0.02839	0.02616	0.02200	0.05612	0.01831	0.02437	0.01355	0.01563	0.01077	0.00762	0.00668	0.00221	0.01048	0.00539	0.00377	0.01159
24	0.02340	0.32971	0.05452	0.01637	0.02256	0.08304	0.01462	0.06295	0.22885	0.05551	0.02065	0.02057	0.01622	0.00895	0.00695	0.00226	0.00870	0.00658	0.00580	0.01180
25	0.02217	0.52747	0.11462	0.01614	0.02346	0.08376	0.01627	0.02710	0.06172	0.02150	0.01364	0.01522	0.01169	0.00762	0.00604	0.00198	0.00963	0.00507	0.00396	0.01095
26	0.04672	0.01794	0.01785	0.01481	0.01936	0.06410	0.01185	0.31422	0.02847	0.03941	0.05868	0.03053	0.08326	0.01393	0.04251	0.00295	0.00828	0.00876	0.16545	0.01092
27	0.41293	0.01889	0.01794	0.01456	0.02042	0.02111	0.01202	0.27384	0.02506	0.08771	0.01651	0.01719	0.01192	0.00882	0.00667	0.00254	0.00759	0.00600	0.00681	0.01147
28	0.07899	0.06612	0.05597	0.01721	0.02348	0.02251	0.01475	0.33116	0.14687	0.06771	0.05306	0.02339	0.01890	0.01001	0.00791	0.00249	0.00817	0.00770	0.00757	0.03603
29	0.01087	0.00795	0.01040	0.01145	0.01264	0.00722	0.00788	0.01285	0.01714	0.02345	0.13487	0.55761	0.05546	0.02326	0.01017	0.00311	0.00478	0.02100	0.00773	0.06017
30	0.02107	0.05952	0.01982	0.01363	0.02054	0.01423	0.01124	0.09494	0.02055	0.09357	0.01845	0.02222	0.01501	0.00792	0.00684	0.00168	0.00685	0.03511	0.00591	0.51091
31	0.02834	0.01905	0.10838	0.01628	0.02320	0.01482	0.01489	0.05781	0.05348	0.35625	0.02504	0.02387	0.01699	0.00949	0.00911	0.00241	0.05216	0.00735	0.00774	0.15334

[dist]
# distance from previous block
# <min> <max>
0	1

[block]
# block no. 4 follows, 22 sequences, length 12
# corresponding to MSA columns:
# 195-206
name=unknown_E
#
# <colnr> <probs for GDERKNQSTAVLIFYWHMCP>
#	G	D	E	R	K	N	Q	S	T	A	V	L	I	F	Y	W	H	M	C	P
0	0.07587	0.01932	0.02418	0.05688	0.04853	0.02026	0.05517	0.30481	0.05116	0.22414	0.02301	0.02268	0.01578	0.00959	0.00823	0.00257	0.00873	0.00776	0.00802	0.01328
1	0.07023	0.02027	0.06330	0.01891	0.02520	0.01975	0.07382	0.25248	0.05609	0.20012	0.05817	0.02461	0.01911	0.01022	0.00941	0.00264	0.04699	0.00818	0.00774	0.01276
2	0.01189	0.00881	0.01291	0.01291	0.01424	0.01015	0.00984	0.01455	0.01322	0.01896	0.02265	0.03486	0.02173	0.12844	0.61031	0.01281	0.02080	0.00923	0.00451	0.00717
3	0.04421	0.09360	0.24479	0.05108	0.06835	0.02010	0.15389	0.02796	0.01864	0.13267	0.01772	0.02027	0.01283	0.00839	0.00919	0.00263	0.04964	0.00728	0.00490	0.01185
4	0.07017	0.16491	0.04875	0.01736	0.02394	0.02271	0.04630	0.26823	0.02706	0.16207	0.02126	0.05486	0.01628	0.00991	0.00770	0.00243	0.00866	0.00775	0.00712	0.01252
5	0.01153	0.00940	0.01031	0.00991	0.01265	0.00867	0.00748	0.01638	0.08408	0.02705	0.25375	0.06943	0.41175	0.01879	0.00967	0.00275	0.00436	0.01593	0.00823	0.00790
6	0.01708	0.01477	0.01797	0.07748	0.02331	0.01179	0.01112	0.02095	0.01717	0.02651	0.01477	0.01770	0.01219	0.00636	0.00636	0.00138	0.00663	0.00516	0.00480	0.68653
7	0.17965	0.01554	0.01926	0.05688	0.03935	0.01564	0.04353	0.10457	0.02139	0.18986	0.06215	0.02441	0.01896	0.01166	0.03838	0.00289	0.00813	0.00744	0.03649	0.10379
8	0.04136	0.01575	0.02669	0.38601	0.19168	0.01765	0.06673	0.02185	0.01765	0.02424	0.05259	0.06547	0.01808	0.00955	0.00852	0.00272	0.01007	0.00890	0.00443	0.01007
9	0.03328	0.01394	0.01849	0.01445	0.02026	0.01248	0.01183	0.07569	0.02475	0.53275	0.11965	0.03251	0.02833	0.01121	0.00856	0.00257	0.00676	0.00924	0.00999	0.01324
10	0.02072	0.01868	0.14018	0.01680	0.02260	0.01377	0.07564	0.06024	0.05253	0.16399	0.10651	0.09284	0.05671	0.01219	0.00853	0.00262	0.00769	0.01062	0.10633	0.01083
11	0.02779	0.01589	0.05611	0.07246	0.05655	0.01366	0.01427	0.03342	0.07249	0.37075	0.09135	0.02951	0.02444	0.01025	0.00829	0.00250	0.00740	0.00858	0.00831	0.07600

[dist]
# distance from previous block
# <min> <max>
18	30

[block]
# block no. 5 follows, 22 sequences, length 56
# corresponding to MSA columns:
# 237-292
name=unknown_F
#
# <colnr> <probs for GDERKNQSTAVLIFYWHMCP>
#	G	D	E	R	K	N	Q	S	T	A	V	L	I	F	Y	W	H	M	C	P
0	0.12249	0.07927	0.02337	0.08265	0.02562	0.01999	0.03839	0.22793	0.02549	0.18046	0.03849	0.02382	0.01695	0.04756	0.00961	0.00280	0.00848	0.00758	0.00716	0.01189
1	0.01021	0.00745	0.00961	0.01114	0.01199	0.00686	0.00757	0.01191	0.01680	0.02224	0.09502	0.58674	0.12226	0.02481	0.01046	0.00325	0.00469	0.02231	0.00782	0.00686
2	0.01581	0.01136	0.01332	0.01267	0.01558	0.01128	0.00945	0.05984	0.13526	0.07248	0.12632	0.28037	0.13475	0.01838	0.00949	0.00288	0.00542	0.01604	0.00814	0.04116
3	0.05436	0.01104	0.01514	0.14393	0.02223	0.01281	0.01211	0.01617	0.01561	0.02269	0.05571	0.31173	0.03419	0.06408	0.01427	0.00344	0.11458	0.01470	0.05348	0.00772
4	0.02785	0.01557	0.01930	0.06231	0.02372	0.01557	0.01308	0.03855	0.24445	0.33018	0.03014	0.02775	0.02082	0.01010	0.00817	0.00254	0.00708	0.00833	0.00864	0.08585
5	0.01072	0.00775	0.01016	0.01120	0.01229	0.00719	0.00787	0.01304	0.01850	0.02514	0.23592	0.45780	0.08750	0.02290	0.01035	0.00313	0.00460	0.03867	0.00816	0.00713
6	0.09899	0.01443	0.01853	0.01469	0.02070	0.01325	0.01219	0.06626	0.02336	0.53312	0.03108	0.03115	0.02114	0.01093	0.00829	0.00265	0.00715	0.04930	0.00955	0.01324
7	0.01821	0.01535	0.01775	0.01277	0.02010	0.01208	0.01025	0.06243	0.01872	0.02880	0.01512	0.01741	0.01243	0.00641	0.00630	0.00132	0.00636	0.00510	0.00515	0.70796
8	0.02089	0.06291	0.02020	0.01494	0.02004	0.01751	0.01208	0.20128	0.04945	0.03329	0.02198	0.11958	0.02003	0.01134	0.00903	0.00225	0.05791	0.00894	0.05748	0.23887
9	0.01082	0.00807	0.00995	0.01059	0.01212	0.00737	0.00763	0.01318	0.01872	0.02474	0.21738	0.29496	0.21034	0.06045	0.01203	0.00332	0.00480	0.05852	0.00794	0.00707
10	0.01558	0.00898	0.00993	0.00961	0.01161	0.00935	0.00720	0.05946	0.01785	0.02923	0.02662	0.06073	0.02278	0.06701	0.10870	0.00417	0.00731	0.00888	0.50711	0.00790
11	0.01138	0.00835	0.01067	0.01035	0.01225	0.00764	0.00766	0.01485	0.02224	0.03090	0.52833	0.13046	0.13727	0.01836	0.00988	0.00271	0.00404	0.01618	0.00884	0.00764
12	0.01208	0.00805	0.00906	0.00906	0.00906	0.00805	0.00503	0.01208	0.01208	0.01611	0.02618	0.05436	0.03020	0.70804	0.04228	0.00805	0.00805	0.01208	0.00503	0.00503
13	0.03566	0.01673	0.02088	0.01601	0.02250	0.01605	0.01322	0.20711	0.02811	0.48924	0.02914	0.02592	0.01874	0.01019	0.00834	0.00255	0.00766	0.00811	0.00972	0.01414
14	0.01330	0.00883	0.01127	0.01056	0.01288	0.00799	0.00795	0.01678	0.02250	0.07788	0.49538	0.09699	0.15108	0.01753	0.00974	0.00268	0.00424	0.01534	0.00896	0.00813
15	0.01913	0.01630	0.01748	0.01614	0.02041	0.01852	0.01270	0.03901	0.53103	0.03283	0.03842	0.04114	0.07158	0.01321	0.00887	0.00292	0.00652	0.07335	0.00832	0.01213
16	0.01818	0.01818	0.02545	0.02181	0.02181	0.02545	0.01818	0.01999	0.01272	0.01999	0.01091	0.01818	0.01091	0.01454	0.02726	0.00364	0.69284	0.00727	0.00364	0.00909
17	0.01287	0.00907	0.01128	0.01198	0.01302	0.00910	0.00847	0.05588	0.01675	0.02229	0.03654	0.31836	0.04173	0.24657	0.04277	0.00524	0.00723	0.11719	0.00677	0.00688
18	0.01900	0.02134	0.04562	0.03303	0.04056	0.02043	0.56058	0.02543	0.01905	0.02597	0.01814	0.06042	0.01490	0.00845	0.01073	0.00288	0.04780	0.01045	0.00437	0.01085
19	0.01911	0.34505	0.24511	0.02097	0.08869	0.02440	0.02047	0.02434	0.01741	0.02297	0.01668	0.04986	0.01522	0.00926	0.00710	0.00233	0.00985	0.04606	0.00404	0.01108
20	0.01964	0.02230	0.10391	0.07874	0.03878	0.01982	0.39531	0.02582	0.01865	0.06792	0.01829	0.05262	0.01457	0.00897	0.01105	0.00287	0.07562	0.00954	0.00461	0.01097
21	0.02205	0.01445	0.01746	0.01317	0.01957	0.01199	0.01056	0.06967	0.02088	0.17122	0.08120	0.04300	0.02180	0.00894	0.00728	0.00182	0.00633	0.00736	0.00685	0.44440
22	0.01443	0.00722	0.01082	0.01082	0.01082	0.00722	0.00722	0.01082	0.01082	0.01443	0.01443	0.02525	0.01443	0.02886	0.03247	0.75830	0.00722	0.00722	0.00361	0.00361
23	0.02201	0.01851	0.01954	0.01718	0.02212	0.02129	0.01347	0.11616	0.56700	0.03692	0.03210	0.02963	0.02398	0.01111	0.00844	0.00278	0.00689	0.00916	0.00844	0.01327
24	0.02915	0.13674	0.02764	0.03928	0.02587	0.08350	0.01570	0.43962	0.05324	0.04264	0.01825	0.01886	0.01354	0.00937	0.00776	0.00236	0.00959	0.00686	0.00704	0.01298
25	0.06095	0.02615	0.22545	0.07022	0.06036	0.01942	0.02010	0.16552	0.08322	0.10908	0.01985	0.02093	0.01418	0.00886	0.00789	0.00252	0.00948	0.00701	0.00610	0.06271
26	0.03043	0.01746	0.02245	0.01723	0.02348	0.01722	0.05581	0.23441	0.04751	0.30759	0.07892	0.02745	0.02247	0.01034	0.00845	0.00250	0.00792	0.00859	0.00877	0.05100
27	0.03158	0.02327	0.02493	0.01911	0.02576	0.02576	0.01579	0.62852	0.03906	0.05236	0.01995	0.01995	0.01413	0.00997	0.00831	0.00249	0.00914	0.00748	0.00831	0.01413
28	0.01636	0.01545	0.02613	0.60008	0.13996	0.01863	0.02341	0.02182	0.01693	0.02204	0.01488	0.02193	0.01136	0.00818	0.00829	0.00273	0.01091	0.00739	0.00375	0.00977
29	0.02326	0.04903	0.07424	0.02757	0.19418	0.05610	0.06066	0.07220	0.16726	0.11092	0.04280	0.02683	0.01967	0.00969	0.00838	0.00260	0.00915	0.02654	0.00642	0.01251
30	0.06054	0.06172	0.02090	0.08402	0.05570	0.01449	0.01341	0.03414	0.02137	0.43848	0.02726	0.02590	0.01815	0.00956	0.00778	0.00247	0.00742	0.00773	0.07639	0.01256
31	0.03685	0.01482	0.01970	0.01510	0.02155	0.01322	0.01248	0.08417	0.02491	0.61668	0.03182	0.02766	0.02009	0.01026	0.00835	0.00256	0.00722	0.00829	0.01014	0.01414
32	0.06963	0.01536	0.02395	0.25184	0.03529	0.01683	0.11727	0.10950	0.02007	0.02784	0.02397	0.20372	0.02340	0.01305	0.00895	0.00288	0.00928	0.01195	0.00564	0.00960
33	0.07652	0.07359	0.19961	0.12815	0.05947	0.08470	0.05932	0.10763	0.04007	0.02905	0.01584	0.01901	0.01203	0.00853	0.00831	0.00255	0.03255	0.00667	0.02520	0.01120
34	0.01023	0.00731	0.00974	0.01149	0.01207	0.00682	0.00772	0.01184	0.01642	0.02202	0.08642	0.65967	0.05652	0.02542	0.01055	0.00332	0.00476	0.02304	0.00781	0.00682
35	0.01370	0.01447	0.06895	0.01897	0.02218	0.01278	0.15149	0.01722	0.01680	0.02295	0.03367	0.39507	0.03760	0.01912	0.01176	0.00324	0.06896	0.05638	0.00623	0.00844
36	0.07311	0.10752	0.18071	0.01937	0.05579	0.07729	0.01790	0.11531	0.07872	0.09378	0.08215	0.02378	0.02024	0.00957	0.00773	0.00246	0.00928	0.00742	0.00609	0.01176
37	0.02998	0.01737	0.02280	0.05037	0.02533	0.01753	0.05915	0.21841	0.06706	0.30308	0.07807	0.02794	0.02261	0.01046	0.00857	0.00259	0.00813	0.00876	0.00869	0.01309
38	0.01389	0.00996	0.01206	0.01257	0.01450	0.01000	0.00900	0.02015	0.14583	0.06075	0.07833	0.44878	0.08904	0.02127	0.00994	0.00313	0.00522	0.01894	0.00809	0.00856
39	0.01206	0.00885	0.01099	0.01138	0.01300	0.00841	0.00814	0.05502	0.02018	0.02721	0.23514	0.38704	0.12813	0.02157	0.01011	0.00301	0.00477	0.01917	0.00819	0.00762
40	0.02121	0.01900	0.07260	0.25392	0.09202	0.01863	0.15347	0.02753	0.04912	0.13638	0.01915	0.02302	0.01390	0.00881	0.00982	0.00276	0.05411	0.00809	0.00521	0.01124
41	0.03208	0.01414	0.01846	0.01488	0.02047	0.01304	0.01214	0.07635	0.06336	0.48777	0.05815	0.07045	0.02607	0.01212	0.00870	0.00269	0.00695	0.03940	0.00971	0.01308
42	0.43706	0.01550	0.01450	0.01273	0.01767	0.01717	0.01039	0.05822	0.10360	0.12286	0.02078	0.02388	0.01606	0.00965	0.00659	0.00263	0.00657	0.03954	0.05421	0.01038
43	0.54571	0.07570	0.01632	0.04910	0.01921	0.01920	0.01045	0.05112	0.01598	0.03459	0.01300	0.01525	0.01023	0.00777	0.00557	0.00239	0.00689	0.00495	0.03695	0.05960
44	0.01876	0.01198	0.01505	0.01335	0.01522	0.01304	0.00999	0.16244	0.01908	0.02638	0.05693	0.02622	0.01866	0.02120	0.02294	0.42226	0.05408	0.00782	0.05751	0.00710
45	0.20530	0.02069	0.12702	0.25257	0.06064	0.01925	0.01904	0.04181	0.12287	0.02938	0.01739	0.02060	0.01305	0.00860	0.00747	0.00269	0.00925	0.00680	0.00496	0.01062
46	0.02612	0.33873	0.03314	0.01686	0.02333	0.02873	0.01503	0.29415	0.06068	0.03499	0.01647	0.01744	0.01302	0.00893	0.00776	0.00223	0.03800	0.00618	0.00594	0.01227
47	0.02288	0.01601	0.01803	0.01500	0.01933	0.01693	0.01181	0.29889	0.06269	0.08318	0.15889	0.10192	0.06089	0.06126	0.01124	0.00302	0.00706	0.01154	0.00832	0.01112
48	0.05883	0.01540	0.02237	0.01761	0.02329	0.01466	0.10719	0.06530	0.08803	0.31956	0.05769	0.10224	0.02517	0.01168	0.00870	0.00268	0.00777	0.01037	0.00833	0.03315
49	0.06907	0.02647	0.22838	0.02377	0.02932	0.02234	0.11921	0.02334	0.01543	0.02421	0.01315	0.01834	0.01093	0.01078	0.01689	0.00311	0.32391	0.00713	0.00379	0.01042
50	0.01049	0.00746	0.00988	0.01169	0.01224	0.00704	0.00796	0.01202	0.01590	0.02115	0.04441	0.61618	0.05284	0.06915	0.01268	0.00370	0.00524	0.06573	0.00754	0.00671
51	0.01012	0.00723	0.00964	0.01157	0.01205	0.00675	0.00771	0.01157	0.01591	0.02121	0.04579	0.70262	0.05495	0.02603	0.01060	0.00337	0.00482	0.02362	0.00771	0.00675
52	0.01749	0.01125	0.01281	0.01214	0.01494	0.01171	0.00964	0.08672	0.09358	0.05201	0.09765	0.04700	0.03295	0.05155	0.01003	0.00291	0.00585	0.12868	0.29199	0.00910
53	0.71905	0.01778	0.05370	0.01174	0.01733	0.01868	0.01038	0.02454	0.01435	0.03658	0.01178	0.01375	0.00909	0.00772	0.00532	0.00257	0.00680	0.00460	0.00504	0.00921
54	0.07674	0.20729	0.07955	0.03069	0.29436	0.02290	0.01959	0.07814	0.01919	0.02723	0.01448	0.01811	0.01215	0.00898	0.00874	0.05035	0.00929	0.00629	0.00434	0.01159
55	0.07599	0.08853	0.11619	0.12435	0.07431	0.08974	0.01815	0.06845	0.07890	0.02768	0.03395	0.02021	0.01450	0.00881	0.00850	0.00242	0.04699	0.00664	0.00491	0.09078

[dist]
# distance from previous block
# <min> <max>
0	13

[block]
# block no. 6 follows, 22 sequences, length 25
# corresponding to MSA columns:
# 306-330
name=unknown_G
#
# <colnr> <probs for GDERKNQSTAVLIFYWHMCP>
#	G	D	E	R	K	N	Q	S	T	A	V	L	I	F	Y	W	H	M	C	P
0	0.05747	0.01888	0.04876	0.20649	0.14675	0.05311	0.01844	0.06046	0.08990	0.11803	0.01965	0.02216	0.01455	0.00861	0.00790	0.00248	0.00924	0.00722	0.00570	0.08422
1	0.70327	0.01560	0.01226	0.01092	0.01596	0.01787	0.00897	0.02479	0.01466	0.06061	0.01311	0.01489	0.01002	0.00790	0.00529	0.00254	0.00633	0.00480	0.04108	0.00913
2	0.01075	0.00846	0.00975	0.00971	0.01206	0.00746	0.00736	0.01359	0.02047	0.02648	0.28579	0.10157	0.38136	0.01990	0.00995	0.00282	0.00434	0.05260	0.00823	0.00734
3	0.01045	0.00744	0.00978	0.01127	0.01190	0.00697	0.00755	0.01210	0.01659	0.02236	0.11865	0.58252	0.05622	0.06885	0.01255	0.00358	0.00492	0.02182	0.00771	0.00677
4	0.67350	0.01672	0.01465	0.01259	0.01792	0.01912	0.03736	0.05002	0.04005	0.03731	0.01302	0.01485	0.01001	0.00791	0.00561	0.00259	0.00689	0.00505	0.00536	0.00947
5	0.21231	0.01826	0.04934	0.03787	0.05639	0.01735	0.01343	0.13133	0.05926	0.12213	0.01856	0.01947	0.01364	0.00831	0.00698	0.00225	0.00754	0.00627	0.00637	0.19294
6	0.01112	0.00847	0.01022	0.00978	0.01202	0.00757	0.00733	0.01444	0.02200	0.02972	0.46432	0.06797	0.26814	0.01832	0.00980	0.00268	0.00401	0.01585	0.00867	0.00757
7	0.01012	0.00723	0.00964	0.01157	0.01205	0.00675	0.00771	0.01157	0.01591	0.02121	0.04579	0.70262	0.05495	0.02603	0.01060	0.00337	0.00482	0.02362	0.00771	0.00675
8	0.02188	0.52536	0.09828	0.01812	0.05930	0.06952	0.01676	0.02524	0.01720	0.02068	0.01213	0.01454	0.01081	0.00776	0.00728	0.00204	0.05368	0.00501	0.00363	0.01079
9	0.01250	0.01002	0.01140	0.01121	0.01379	0.00975	0.00848	0.01889	0.12913	0.02769	0.23064	0.13784	0.27888	0.01884	0.00975	0.00287	0.00479	0.04696	0.00825	0.00833
10	0.01012	0.00723	0.00964	0.01157	0.01205	0.00675	0.00771	0.01157	0.01591	0.02121	0.04579	0.70262	0.05495	0.02603	0.01060	0.00337	0.00482	0.02362	0.00771	0.00675
11	0.01976	0.02198	0.04658	0.03756	0.14098	0.02081	0.53044	0.02643	0.01950	0.02669	0.01662	0.02211	0.01269	0.00707	0.00955	0.00275	0.01335	0.00942	0.00419	0.01152
12	0.01956	0.01529	0.01781	0.01312	0.02007	0.01248	0.01051	0.08497	0.01982	0.06577	0.01769	0.04816	0.01483	0.00766	0.00670	0.00153	0.00646	0.00620	0.00570	0.60565
13	0.02060	0.11813	0.21078	0.02760	0.03671	0.02140	0.33632	0.02743	0.01903	0.07718	0.01690	0.02039	0.01244	0.00752	0.00859	0.00260	0.01231	0.00800	0.00442	0.01166
14	0.01074	0.00767	0.01035	0.01227	0.01302	0.00728	0.00878	0.01263	0.01651	0.02190	0.04545	0.58772	0.05360	0.02545	0.01077	0.00346	0.00535	0.13244	0.00770	0.00692
15	0.02445	0.02039	0.02467	0.02377	0.11936	0.04237	0.05313	0.19433	0.30682	0.06192	0.02567	0.02537	0.01913	0.00996	0.00843	0.00265	0.00849	0.00844	0.00744	0.01322
16	0.01931	0.01889	0.03347	0.19796	0.44379	0.01959	0.09595	0.02463	0.01846	0.02570	0.01556	0.02115	0.01261	0.00757	0.00843	0.00258	0.01064	0.00768	0.00402	0.01201
17	0.02050	0.36133	0.26059	0.02031	0.06761	0.02623	0.02079	0.05492	0.05192	0.02479	0.01460	0.01655	0.01173	0.00776	0.00673	0.00221	0.01004	0.00564	0.00406	0.01169
18	0.02731	0.02142	0.02073	0.01710	0.02238	0.11035	0.01379	0.33147	0.07701	0.09074	0.02829	0.03056	0.07205	0.01153	0.00836	0.00254	0.00876	0.04021	0.05332	0.01209
19	0.01422	0.00783	0.01188	0.06585	0.01468	0.00809	0.00854	0.01172	0.01166	0.01548	0.01674	0.07435	0.01711	0.02699	0.02891	0.64197	0.00735	0.00842	0.00391	0.00429
20	0.01872	0.01871	0.03437	0.08427	0.28838	0.01911	0.21185	0.02368	0.01799	0.02505	0.01783	0.02740	0.01573	0.05978	0.01291	0.00317	0.06576	0.03990	0.00433	0.01105
21	0.01619	0.01563	0.02691	0.58653	0.05352	0.01917	0.07166	0.02157	0.01657	0.02157	0.01465	0.02188	0.01119	0.00865	0.00981	0.00283	0.06098	0.00757	0.00373	0.00938
22	0.02322	0.02240	0.01685	0.01655	0.05429	0.27858	0.01179	0.06965	0.02155	0.02802	0.02017	0.02313	0.01604	0.00912	0.00681	0.00209	0.00908	0.00674	0.35465	0.00928
23	0.01948	0.11411	0.31467	0.02662	0.03645	0.02127	0.26432	0.02693	0.01858	0.05595	0.01611	0.01948	0.01185	0.00756	0.00837	0.00259	0.01231	0.00750	0.00411	0.01175
24	0.03389	0.01773	0.07236	0.01597	0.02294	0.01455	0.01408	0.11711	0.02501	0.49885	0.02876	0.02577	0.01850	0.00985	0.00821	0.00250	0.00773	0.00790	0.00922	0.04910

[dist]
# distance from previous block
# <min> <max>
0	3

[block]
# block no. 7 follows, 22 sequences, length 79
# corresponding to MSA columns:
# 334-412
name=unknown_H
#
# <colnr> <probs for GDERKNQSTAVLIFYWHMCP>
#	G	D	E	R	K	N	Q	S	T	A	V	L	I	F	Y	W	H	M	C	P
0	0.01373	0.01057	0.01283	0.01218	0.01465	0.01074	0.00924	0.02192	0.16371	0.03243	0.44351	0.10418	0.06343	0.01657	0.00961	0.00276	0.00473	0.03542	0.00883	0.00896
1	0.02071	0.08369	0.03462	0.04760	0.59766	0.02095	0.02445	0.02544	0.01873	0.02644	0.01525	0.01989	0.01293	0.00737	0.00796	0.00240	0.00978	0.00713	0.00406	0.01293
2	0.01569	0.01340	0.01764	0.01631	0.01711	0.01650	0.01258	0.07207	0.01630	0.02304	0.02668	0.28397	0.03007	0.09114	0.02071	0.00389	0.29486	0.01405	0.00577	0.00823
3	0.01193	0.00896	0.01227	0.01119	0.01341	0.00825	0.02890	0.01586	0.02315	0.03254	0.60183	0.06159	0.10476	0.01684	0.00980	0.00263	0.00428	0.01497	0.00890	0.00791
4	0.01207	0.00811	0.00933	0.00933	0.00943	0.00820	0.00538	0.01226	0.01216	0.01631	0.02592	0.05298	0.02960	0.66680	0.08270	0.00839	0.00896	0.01188	0.00500	0.00519
5	0.03157	0.01793	0.02109	0.01639	0.02241	0.01829	0.01345	0.32341	0.03117	0.29338	0.09777	0.02811	0.02409	0.01090	0.00850	0.00254	0.00771	0.00870	0.00919	0.01341
6	0.01474	0.00774	0.01122	0.01113	0.01136	0.00789	0.00751	0.01248	0.04224	0.01544	0.01540	0.02554	0.01497	0.02798	0.03127	0.72065	0.00718	0.00732	0.00385	0.00408
7	0.01855	0.01382	0.01527	0.01394	0.01779	0.01472	0.01077	0.03180	0.33852	0.09476	0.08649	0.07350	0.15710	0.04285	0.01037	0.00305	0.00599	0.03151	0.00834	0.01088
8	0.01023	0.00731	0.00973	0.01150	0.01207	0.00682	0.00772	0.01183	0.01639	0.02198	0.08450	0.66171	0.05644	0.02545	0.01055	0.00333	0.00476	0.02307	0.00780	0.00682
9	0.01151	0.00840	0.01069	0.01155	0.01278	0.00809	0.00823	0.01475	0.04894	0.02467	0.18865	0.37559	0.08040	0.08556	0.01328	0.00362	0.00523	0.07296	0.00784	0.00726
10	0.01961	0.02241	0.04902	0.03501	0.04342	0.02101	0.62605	0.02661	0.01961	0.02661	0.01681	0.02241	0.01261	0.00700	0.00980	0.00280	0.01401	0.00980	0.00420	0.01120
11	0.01176	0.00849	0.01110	0.01045	0.01241	0.00784	0.00784	0.01568	0.02352	0.03331	0.65184	0.06206	0.07839	0.01698	0.00980	0.00261	0.00392	0.01502	0.00914	0.00784
12	0.14762	0.02040	0.07566	0.06876	0.05543	0.02050	0.07195	0.08819	0.29752	0.03400	0.02343	0.02400	0.01756	0.00948	0.00793	0.00271	0.00842	0.00792	0.00653	0.01200
13	0.01613	0.01563	0.02766	0.61382	0.05565	0.01875	0.09163	0.02184	0.01695	0.02184	0.01500	0.02218	0.01125	0.00816	0.00848	0.00277	0.01141	0.00766	0.00375	0.00945
14	0.01723	0.01477	0.01723	0.01230	0.01969	0.01107	0.00984	0.02092	0.01723	0.02707	0.01477	0.01723	0.01230	0.00615	0.00615	0.00123	0.00615	0.00492	0.00492	0.75883
15	0.04889	0.05461	0.01566	0.04895	0.01671	0.01345	0.00968	0.11459	0.01783	0.05132	0.02014	0.03053	0.01852	0.17093	0.05167	0.20450	0.00829	0.00824	0.08784	0.00764
16	0.01012	0.00723	0.00964	0.01157	0.01205	0.00675	0.00771	0.01157	0.01591	0.02121	0.04579	0.70262	0.05495	0.02603	0.01060	0.00337	0.00482	0.02362	0.00771	0.00675
17	0.06446	0.01914	0.02141	0.01686	0.02299	0.02032	0.01381	0.33764	0.11027	0.22512	0.02528	0.02382	0.01742	0.01012	0.00812	0.00254	0.00793	0.00785	0.03133	0.01358
18	0.02030	0.19557	0.10661	0.01650	0.02416	0.02007	0.05219	0.10605	0.02028	0.02834	0.01580	0.03892	0.01330	0.00782	0.00682	0.00188	0.00845	0.00620	0.00491	0.30581
19	0.01370	0.01160	0.01627	0.01537	0.01604	0.01452	0.01193	0.01571	0.01340	0.01946	0.02263	0.13494	0.02393	0.11469	0.28529	0.00798	0.23917	0.01102	0.00476	0.00759
20	0.01012	0.00723	0.00964	0.01157	0.01205	0.00675	0.00771	0.01157	0.01591	0.02121	0.04579	0.70262	0.05495	0.02603	0.01060	0.00337	0.00482	0.02362	0.00771	0.00675
21	0.01863	0.11928	0.20428	0.01634	0.02467	0.01715	0.01684	0.02375	0.01732	0.05172	0.01492	0.01728	0.01185	0.00735	0.00764	0.00187	0.04148	0.00545	0.00449	0.37768
22	0.01863	0.01744	0.02594	0.39233	0.13843	0.05161	0.04268	0.07434	0.01949	0.02573	0.04535	0.02330	0.01513	0.00903	0.00925	0.00268	0.04446	0.00774	0.02621	0.01022
23	0.01091	0.00780	0.01023	0.01097	0.01205	0.00727	0.00763	0.01332	0.01891	0.02604	0.29962	0.40009	0.06353	0.05714	0.01189	0.00329	0.00461	0.01941	0.00818	0.00712
24	0.01095	0.00758	0.00940	0.01051	0.01079	0.00730	0.00659	0.01178	0.01430	0.01906	0.03754	0.43004	0.04454	0.31280	0.02392	0.00534	0.00618	0.01877	0.00659	0.00603
25	0.08636	0.01489	0.01676	0.01218	0.01935	0.01177	0.00977	0.02124	0.01694	0.02801	0.01447	0.01688	0.01200	0.00630	0.00606	0.00135	0.00618	0.00488	0.00494	0.68967
26	0.01822	0.01442	0.01705	0.01243	0.01947	0.01097	0.00991	0.02179	0.01759	0.06738	0.01718	0.04593	0.01457	0.00723	0.00647	0.00140	0.00616	0.00590	0.00538	0.68054
27	0.03246	0.02187	0.02406	0.01845	0.02506	0.02368	0.01524	0.53809	0.03671	0.14611	0.02192	0.02123	0.01512	0.01002	0.00832	0.00251	0.00882	0.00761	0.00861	0.01413
28	0.01012	0.00723	0.00964	0.01157	0.01205	0.00675	0.00771	0.01157	0.01591	0.02121	0.04579	0.70262	0.05495	0.02603	0.01060	0.00337	0.00482	0.02362	0.00771	0.00675
29	0.01022	0.00727	0.00961	0.01144	0.01190	0.00681	0.00757	0.01159	0.01571	0.02095	0.04478	0.66944	0.05368	0.06094	0.01223	0.00361	0.00499	0.02303	0.00757	0.00666
30	0.01052	0.00781	0.00937	0.01043	0.01155	0.00717	0.00713	0.01201	0.01626	0.02086	0.05314	0.39145	0.21779	0.13924	0.01575	0.00402	0.00532	0.04634	0.00726	0.00657
31	0.03004	0.02760	0.02373	0.01954	0.02522	0.22446	0.01554	0.37235	0.10981	0.04031	0.01950	0.01981	0.01448	0.00970	0.00808	0.00243	0.01061	0.00707	0.00709	0.01262
32	0.02221	0.71304	0.04353	0.01421	0.02132	0.03287	0.01421	0.02488	0.01688	0.01955	0.01155	0.01333	0.01066	0.00711	0.00533	0.00178	0.00888	0.00444	0.00355	0.01066
33	0.02020	0.36770	0.03454	0.01799	0.02156	0.02918	0.01618	0.02245	0.01481	0.01977	0.01123	0.01574	0.01078	0.01080	0.01623	0.00270	0.34881	0.00585	0.00359	0.00988
34	0.01281	0.01019	0.01473	0.01420	0.01533	0.01238	0.01103	0.01534	0.01314	0.01909	0.02095	0.03252	0.02019	0.11504	0.52138	0.01143	0.11946	0.00896	0.00438	0.00744
35	0.01667	0.07879	0.02505	0.35335	0.14563	0.01819	0.01929	0.02109	0.01684	0.02292	0.01866	0.08955	0.01671	0.01025	0.00896	0.00265	0.04335	0.00876	0.07364	0.00964
36	0.01959	0.01533	0.01855	0.01470	0.02081	0.01399	0.03644	0.02882	0.19201	0.08742	0.02659	0.02887	0.05024	0.00949	0.00757	0.00206	0.00665	0.03414	0.00663	0.38009
37	0.01842	0.09487	0.55741	0.02273	0.03387	0.08080	0.02806	0.02683	0.01804	0.02523	0.01446	0.01698	0.01055	0.00789	0.00766	0.00252	0.01226	0.00593	0.00358	0.01191
38	0.03007	0.03776	0.02448	0.02413	0.08384	0.61428	0.01692	0.03246	0.02312	0.02096	0.01310	0.01550	0.01093	0.00845	0.00756	0.00217	0.01451	0.00554	0.00426	0.00996
39	0.01734	0.01419	0.05154	0.02309	0.19388	0.01288	0.06996	0.02208	0.01805	0.02927	0.02235	0.02661	0.01769	0.00871	0.00695	0.00220	0.00690	0.00776	0.43876	0.00980
40	0.01186	0.00891	0.01126	0.01185	0.01404	0.00831	0.00968	0.01521	0.02036	0.02663	0.23413	0.08038	0.23457	0.02064	0.01050	0.00317	0.00554	0.25734	0.00811	0.00752
41	0.01012	0.00723	0.00964	0.01157	0.01205	0.00675	0.00771	0.01157	0.01591	0.02121	0.04579	0.70262	0.05495	0.02603	0.01060	0.00337	0.00482	0.02362	0.00771	0.00675
42	0.76672	0.01607	0.01221	0.01092	0.01607	0.01864	0.00900	0.02442	0.01414	0.03727	0.01157	0.01350	0.00900	0.00771	0.00514	0.00257	0.00643	0.00450	0.00514	0.00900
43	0.01149	0.00848	0.01073	0.01017	0.01225	0.00772	0.00763	0.01515	0.02288	0.03180	0.57286	0.06454	0.15830	0.01755	0.00980	0.00264	0.00396	0.01537	0.00895	0.00772
44	0.01625	0.01551	0.02460	0.46927	0.04532	0.02014	0.02115	0.02061	0.01536	0.02079	0.01396	0.02143	0.01142	0.01229	0.04086	0.00345	0.20735	0.00741	0.00371	0.00911
45	0.01549	0.00774	0.00774	0.00774	0.00968	0.00774	0.00581	0.01936	0.01742	0.03097	0.02710	0.03097	0.02129	0.00968	0.00581	0.00194	0.00387	0.00774	0.75416	0.00774
46	0.01011	0.00729	0.00958	0.01142	0.01201	0.00676	0.00765	0.01158	0.01605	0.02126	0.04759	0.67343	0.08298	0.02579	0.01057	0.00335	0.00479	0.02333	0.00771	0.00676
47	0.01924	0.01999	0.02524	0.05498	0.02393	0.08522	0.01822	0.02127	0.01392	0.02009	0.01128	0.01808	0.01089	0.01368	0.02449	0.00345	0.59609	0.00710	0.00370	0.00914
48	0.01818	0.01818	0.02545	0.02181	0.02181	0.02545	0.01818	0.01999	0.01272	0.01999	0.01091	0.01818	0.01091	0.01454	0.02726	0.00364	0.69284	0.00727	0.00364	0.00909
49	0.00998	0.00842	0.00864	0.00858	0.01132	0.00708	0.00644	0.01223	0.01931	0.02334	0.13110	0.07847	0.60534	0.02070	0.00982	0.00279	0.00418	0.01733	0.00783	0.00708
50	0.01148	0.00848	0.01072	0.01016	0.01224	0.00772	0.00762	0.01514	0.02287	0.03177	0.57136	0.06459	0.15983	0.01756	0.00980	0.00264	0.00396	0.01538	0.00894	0.00772
51	0.01304	0.01015	0.01386	0.03784	0.01662	0.01036	0.03467	0.06983	0.01823	0.02431	0.04150	0.52469	0.07650	0.02236	0.01099	0.00323	0.03679	0.01993	0.00730	0.00782
52	0.02918	0.03661	0.02528	0.02228	0.02643	0.57623	0.05378	0.03159	0.02233	0.02069	0.01291	0.01572	0.01084	0.00900	0.00941	0.00231	0.07572	0.00580	0.00422	0.00968
53	0.01647	0.01340	0.01522	0.01409	0.01747	0.01459	0.01093	0.03052	0.34320	0.03354	0.29431	0.04791	0.04904	0.01439	0.00920	0.00279	0.00552	0.04813	0.00869	0.01058
54	0.02128	0.01464	0.01764	0.01281	0.01999	0.01130	0.01032	0.02487	0.01855	0.15539	0.01841	0.01946	0.01397	0.00699	0.00660	0.00150	0.00634	0.00562	0.00601	0.60832
55	0.03593	0.01374	0.01857	0.01435	0.02050	0.01194	0.01182	0.03919	0.02339	0.62314	0.03243	0.02844	0.02061	0.01024	0.00820	0.00253	0.00687	0.00832	0.05606	0.01374
56	0.03675	0.01498	0.01980	0.01518	0.02163	0.01346	0.01254	0.09473	0.02519	0.60575	0.03159	0.02751	0.01997	0.01025	0.00835	0.00256	0.00726	0.00827	0.01010	0.01414
57	0.02106	0.57414	0.17236	0.01618	0.02436	0.03006	0.01763	0.02517	0.01702	0.02095	0.01225	0.01420	0.01063	0.00727	0.00586	0.00195	0.00959	0.00479	0.00354	0.01100
58	0.01012	0.00723	0.00964	0.01157	0.01205	0.00675	0.00771	0.01157	0.01591	0.02121	0.04579	0.70262	0.05495	0.02603	0.01060	0.00337	0.00482	0.02362	0.00771	0.00675
