[name]
unknown

[dist]
# distance from previous block
# <min> <max>
0	85

[block]
# block no. 0 follows, 25 sequences, length 46
# corresponding to MSA columns:
# 85-130
name=unknown_A
#
# <colnr> <probs for GDERKNQSTAVLIFYWHMCP>
#	G	D	E	R	K	N	Q	S	T	A	V	L	I	F	Y	W	H	M	C	P
0	0.19126	0.02011	0.11077	0.09170	0.06083	0.09171	0.03345	0.05982	0.01819	0.07398	0.02332	0.03011	0.07310	0.01035	0.00745	0.00253	0.00864	0.07792	0.00527	0.00950
1	0.02154	0.12457	0.02507	0.06760	0.02439	0.01654	0.11587	0.06769	0.05213	0.17358	0.05942	0.06514	0.02000	0.00934	0.00747	0.00223	0.00778	0.00823	0.03712	0.09432
2	0.08921	0.07419	0.09940	0.06144	0.05470	0.01802	0.03304	0.10766	0.16279	0.07392	0.02153	0.07960	0.01766	0.00968	0.00733	0.00238	0.00770	0.00797	0.00592	0.06585
3	0.11851	0.05618	0.07838	0.05666	0.04403	0.04236	0.01429	0.12913	0.09387	0.17121	0.02098	0.02344	0.01575	0.00908	0.00721	0.00234	0.00784	0.03780	0.00640	0.06452
4	0.02184	0.24856	0.13602	0.01595	0.02212	0.11495	0.01533	0.06332	0.06967	0.09965	0.07111	0.02377	0.01901	0.00919	0.00697	0.00219	0.00883	0.03571	0.00534	0.01046
5	0.05297	0.01803	0.08856	0.01520	0.02123	0.04809	0.03857	0.08443	0.05885	0.20929	0.04650	0.07627	0.01950	0.00960	0.00740	0.00218	0.00741	0.00796	0.00662	0.18134
6	0.08259	0.11983	0.05953	0.02202	0.10976	0.24086	0.05627	0.10804	0.02060	0.02597	0.01383	0.01635	0.01116	0.00793	0.00757	0.00218	0.03892	0.00581	0.04061	0.01017
7	0.01903	0.06306	0.31255	0.01805	0.02597	0.01866	0.01935	0.11546	0.17825	0.05267	0.02270	0.02296	0.04904	0.00903	0.00747	0.00239	0.00880	0.00715	0.00551	0.04189
8	0.05010	0.08908	0.02352	0.01883	0.02310	0.46401	0.01476	0.12671	0.02269	0.02405	0.01275	0.01477	0.01045	0.00850	0.00831	0.00214	0.06670	0.00535	0.00451	0.00967
9	0.01004	0.00789	0.00907	0.00877	0.01101	0.00692	0.00658	0.01282	0.01974	0.02584	0.36654	0.06656	0.38494	0.01781	0.00915	0.00253	0.00380	0.01523	0.00784	0.00692
10	0.01608	0.01378	0.01608	0.01148	0.01837	0.01034	0.00919	0.01952	0.01608	0.02527	0.01378	0.01608	0.01148	0.00574	0.00574	0.00115	0.00574	0.00459	0.00459	0.77491
11	0.01630	0.19497	0.19969	0.06920	0.02419	0.01871	0.01640	0.02440	0.13079	0.02558	0.17394	0.02785	0.02742	0.00979	0.00733	0.00230	0.00781	0.00794	0.00536	0.01002
12	0.01110	0.00822	0.01201	0.01201	0.01323	0.00944	0.00912	0.01355	0.01233	0.01766	0.02119	0.03277	0.02039	0.13432	0.62198	0.01190	0.01926	0.00865	0.00422	0.00667
13	0.01555	0.04011	0.68733	0.02210	0.03356	0.01801	0.02865	0.02455	0.01637	0.02455	0.01391	0.01637	0.00982	0.00737	0.00737	0.00246	0.01146	0.00573	0.00327	0.01146
14	0.01521	0.01268	0.01395	0.01307	0.01470	0.08338	0.00985	0.06521	0.01517	0.02043	0.01936	0.02980	0.01842	0.15636	0.32279	0.05702	0.06490	0.00809	0.05247	0.00715
15	0.04624	0.01646	0.05893	0.01677	0.07387	0.08904	0.02930	0.02280	0.12712	0.02711	0.21392	0.04247	0.10377	0.01276	0.00832	0.00249	0.00693	0.06300	0.00653	0.03216
16	0.09003	0.54291	0.05804	0.01409	0.02041	0.10519	0.01352	0.02454	0.01645	0.03911	0.01160	0.01317	0.01008	0.00695	0.00536	0.00181	0.00881	0.00441	0.00371	0.00985
17	0.01197	0.00865	0.01145	0.01216	0.05429	0.00794	0.00829	0.01511	0.02014	0.05365	0.43621	0.13845	0.15891	0.01666	0.00909	0.00254	0.00427	0.01467	0.00790	0.00762
18	0.02831	0.03561	0.02131	0.01940	0.02329	0.66521	0.01455	0.03038	0.02171	0.01943	0.01259	0.01466	0.01043	0.00804	0.00692	0.00199	0.01351	0.00509	0.03867	0.00891
19	0.02271	0.01836	0.01946	0.01647	0.02147	0.02089	0.01310	0.24705	0.45371	0.03796	0.02721	0.02546	0.02014	0.01011	0.00784	0.00253	0.00694	0.00817	0.00784	0.01258
20	0.01993	0.01999	0.03061	0.04146	0.51967	0.07448	0.07077	0.02594	0.07298	0.02537	0.01590	0.01972	0.01302	0.00728	0.00775	0.00233	0.00964	0.00708	0.00420	0.01187
21	0.01761	0.01459	0.07414	0.01358	0.04419	0.01061	0.01119	0.02142	0.01835	0.13159	0.14178	0.03072	0.08376	0.00963	0.00721	0.00188	0.00598	0.00806	0.00620	0.34750
22	0.01111	0.00754	0.00841	0.00841	0.00861	0.00744	0.00479	0.01126	0.01177	0.01549	0.02863	0.05259	0.07847	0.67257	0.03711	0.00714	0.00724	0.01167	0.00489	0.00484
23	0.01683	0.01678	0.02372	0.06054	0.02228	0.02337	0.01723	0.01873	0.01209	0.01873	0.01039	0.01718	0.01019	0.01323	0.02441	0.00335	0.67229	0.00679	0.00340	0.00849
24	0.00968	0.00778	0.00863	0.00862	0.01084	0.00673	0.00639	0.01205	0.01860	0.02361	0.23757	0.12442	0.45985	0.01900	0.00922	0.00261	0.00390	0.01620	0.00756	0.00673
25	0.56590	0.11559	0.03990	0.04403	0.01843	0.01888	0.01059	0.02373	0.01434	0.07289	0.01231	0.01396	0.00944	0.00730	0.00524	0.00231	0.00675	0.00460	0.00478	0.00904
26	0.02929	0.01975	0.02178	0.01694	0.02292	0.02142	0.01392	0.48536	0.10047	0.15378	0.02199	0.02101	0.01530	0.00948	0.00778	0.00237	0.00795	0.00731	0.00808	0.01309
27	0.01128	0.00752	0.00846	0.00846	0.00846	0.00752	0.00470	0.01128	0.01128	0.01503	0.02443	0.05074	0.02819	0.72751	0.03946	0.00752	0.00752	0.01128	0.00470	0.00470
28	0.14903	0.01449	0.02257	0.53279	0.06489	0.01741	0.05109	0.02071	0.01531	0.02285	0.01338	0.01923	0.01013	0.00757	0.00730	0.00254	0.00968	0.00654	0.00372	0.00878
29	0.02188	0.17392	0.04722	0.10721	0.13815	0.17342	0.03939	0.07921	0.10075	0.02453	0.01558	0.01793	0.01245	0.00785	0.00704	0.00219	0.00998	0.00618	0.00453	0.01059
30	0.01580	0.02533	0.35610	0.01730	0.02417	0.01398	0.01899	0.06947	0.01779	0.06894	0.02538	0.26174	0.02507	0.01353	0.00830	0.00268	0.00850	0.01161	0.00540	0.00992
31	0.01347	0.00673	0.01010	0.01010	0.01010	0.00673	0.00673	0.01010	0.01010	0.01347	0.01347	0.02357	0.01347	0.02694	0.03030	0.77441	0.00673	0.00673	0.00337	0.00337
32	0.05098	0.00826	0.01060	0.05555	0.01467	0.00838	0.00848	0.01396	0.05309	0.02185	0.06845	0.56852	0.04584	0.02114	0.00934	0.00301	0.00501	0.01899	0.00694	0.00695
33	0.02143	0.09164	0.26939	0.02573	0.17231	0.10093	0.02164	0.13552	0.02096	0.04762	0.01488	0.01706	0.01127	0.00768	0.00726	0.00227	0.01032	0.00605	0.00446	0.01157
34	0.01659	0.01437	0.02294	0.37553	0.19518	0.01617	0.01911	0.02263	0.06756	0.05470	0.09864	0.02587	0.02009	0.00886	0.00792	0.00249	0.00873	0.00797	0.00481	0.00984
35	0.00945	0.00675	0.00900	0.01080	0.01125	0.00630	0.00720	0.01080	0.01484	0.01979	0.04274	0.72245	0.05128	0.02429	0.00990	0.00315	0.00450	0.02204	0.00720	0.00630
36	0.02025	0.06602	0.02928	0.11241	0.30437	0.11410	0.08048	0.05568	0.01859	0.02426	0.01399	0.01803	0.01145	0.00735	0.00799	0.00223	0.03283	0.00650	0.00403	0.07018
37	0.01682	0.01376	0.01615	0.01158	0.01843	0.01038	0.00927	0.02025	0.01632	0.05137	0.01445	0.01649	0.01179	0.00589	0.00582	0.00120	0.00578	0.00472	0.00479	0.74475
38	0.04527	0.11599	0.19643	0.05203	0.07144	0.01959	0.04988	0.17655	0.02181	0.07220	0.04107	0.02137	0.03569	0.00858	0.00727	0.00230	0.00890	0.00691	0.03563	0.01110
39	0.01786	0.36194	0.06153	0.01437	0.01923	0.06875	0.03327	0.04260	0.01704	0.02094	0.04634	0.15328	0.02260	0.01396	0.04314	0.00275	0.00871	0.03798	0.00471	0.00900
40	0.01137	0.00797	0.01104	0.01099	0.01204	0.00875	0.00803	0.01329	0.01298	0.01856	0.07373	0.03695	0.02545	0.20652	0.42832	0.04856	0.01494	0.00933	0.03493	0.00627
41	0.02852	0.02079	0.02225	0.01716	0.02309	0.02297	0.01414	0.61275	0.03517	0.04759	0.01904	0.01927	0.01361	0.00929	0.00761	0.00229	0.00822	0.00700	0.05643	0.01281
42	0.01107	0.00791	0.01066	0.01075	0.01153	0.00863	0.00754	0.01264	0.01211	0.01689	0.02341	0.07499	0.02463	0.32762	0.39437	0.00997	0.01454	0.01023	0.00453	0.00599
43	0.02035	0.07909	0.12280	0.05021	0.03498	0.04598	0.36467	0.13428	0.02106	0.02809	0.01538	0.01900	0.01150	0.00723	0.00822	0.00245	0.01164	0.00771	0.00445	0.01091
44	0.05368	0.13872	0.17571	0.01989	0.02712	0.04990	0.19087	0.02274	0.01734	0.04034	0.03926	0.02486	0.09049	0.00864	0.00747	0.00226	0.00959	0.00774	0.00443	0.06896
45	0.09784	0.02370	0.19012	0.02329	0.12053	0.05329	0.09445	0.02837	0.16963	0.04708	0.01933	0.04147	0.01513	0.00849	0.00750	0.00244	0.00910	0.00735	0.00507	0.03583

[dist]
# distance from previous block
# <min> <max>
0	3

[block]
# block no. 1 follows, 25 sequences, length 36
# corresponding to MSA columns:
# 134-169
name=unknown_B
#
# <colnr> <probs for GDERKNQSTAVLIFYWHMCP>
#	G	D	E	R	K	N	Q	S	T	A	V	L	I	F	Y	W	H	M	C	P
0	0.05651	0.46337	0.07396	0.01435	0.02090	0.02581	0.01391	0.11379	0.01911	0.08626	0.01430	0.01551	0.01153	0.00918	0.03013	0.00229	0.00870	0.00514	0.00463	0.01063
1	0.04109	0.06990	0.43928	0.01985	0.02924	0.01726	0.06895	0.02366	0.03562	0.02470	0.01547	0.04598	0.01229	0.00783	0.00717	0.00227	0.00997	0.00645	0.00386	0.11915
2	0.01967	0.32361	0.31959	0.01731	0.02587	0.02273	0.01975	0.02616	0.05342	0.08284	0.01514	0.01637	0.01152	0.00745	0.00644	0.00213	0.00940	0.00543	0.00413	0.01104
3	0.02322	0.01621	0.07684	0.04746	0.02136	0.01433	0.01291	0.08453	0.17428	0.26140	0.03636	0.03407	0.13996	0.01136	0.00803	0.00250	0.00678	0.00931	0.00773	0.01137
4	0.01413	0.02275	0.30716	0.05151	0.02249	0.01335	0.01651	0.04610	0.01485	0.02096	0.01901	0.03269	0.01854	0.34254	0.02234	0.00481	0.00944	0.00843	0.00415	0.00824
5	0.01840	0.43878	0.17451	0.01586	0.02234	0.02556	0.01666	0.02214	0.01544	0.01981	0.01532	0.01756	0.04881	0.00855	0.00868	0.00214	0.11046	0.00558	0.00355	0.00986
6	0.03141	0.01245	0.01691	0.01322	0.01863	0.01082	0.01082	0.03451	0.02216	0.59196	0.12187	0.03086	0.02684	0.01048	0.00799	0.00240	0.00618	0.00868	0.00945	0.01236
7	0.02259	0.07258	0.15710	0.05240	0.08031	0.21189	0.13675	0.02726	0.01878	0.09335	0.01518	0.01779	0.01148	0.00784	0.00833	0.00233	0.04276	0.00647	0.00434	0.01047
8	0.01087	0.00735	0.00858	0.00897	0.00907	0.00725	0.00525	0.01117	0.01206	0.01608	0.02845	0.19813	0.03326	0.57320	0.03298	0.00656	0.00685	0.01364	0.00525	0.00505
9	0.02807	0.01372	0.04613	0.01345	0.01886	0.01146	0.01150	0.06658	0.02195	0.46918	0.06947	0.03618	0.10565	0.01164	0.00816	0.00248	0.00646	0.03864	0.00873	0.01168
10	0.01943	0.02554	0.26248	0.10141	0.12760	0.05211	0.10748	0.02538	0.01775	0.11675	0.01813	0.05932	0.01419	0.00854	0.00788	0.00248	0.01027	0.00768	0.00462	0.01095
11	0.01724	0.11489	0.52670	0.01978	0.02974	0.01835	0.02443	0.02477	0.01704	0.07127	0.05331	0.01906	0.01420	0.00794	0.00723	0.00236	0.01030	0.00618	0.00404	0.01117
12	0.01180	0.00843	0.01168	0.01335	0.01486	0.00831	0.01116	0.01493	0.01745	0.02292	0.07367	0.21413	0.04742	0.02172	0.01047	0.00343	0.00643	0.47365	0.00722	0.00698
13	0.62533	0.01720	0.05771	0.03301	0.02016	0.01768	0.08392	0.02305	0.01404	0.03259	0.01164	0.01401	0.00893	0.00715	0.00554	0.00243	0.00727	0.00494	0.00456	0.00883
14	0.00970	0.00773	0.00870	0.00877	0.01088	0.00672	0.00646	0.01205	0.01848	0.02359	0.23802	0.15586	0.42725	0.01921	0.00926	0.00264	0.00393	0.01647	0.00757	0.00672
15	0.12776	0.06501	0.08341	0.07201	0.02468	0.09059	0.01476	0.19428	0.08053	0.10379	0.01773	0.01851	0.01295	0.00834	0.00697	0.00226	0.00858	0.00620	0.00595	0.05571
16	0.02296	0.01901	0.14843	0.01481	0.02191	0.01319	0.01410	0.05493	0.05720	0.25316	0.04712	0.02220	0.01704	0.00822	0.00711	0.00202	0.00722	0.00664	0.00654	0.25620
17	0.04362	0.18225	0.37042	0.02203	0.05792	0.02061	0.11465	0.02490	0.01677	0.05738	0.01428	0.01670	0.01067	0.00718	0.00707	0.00230	0.01049	0.00600	0.00378	0.01101
18	0.01783	0.01524	0.01624	0.01481	0.01883	0.01730	0.01155	0.03658	0.55775	0.03113	0.06824	0.03618	0.07629	0.01191	0.00816	0.00266	0.00588	0.03419	0.00784	0.01138
19	0.01119	0.00799	0.01100	0.01279	0.01400	0.00780	0.01023	0.01381	0.01656	0.02174	0.04177	0.35927	0.04747	0.02265	0.01036	0.00339	0.00601	0.36802	0.00716	0.00678
20	0.02251	0.12616	0.21412	0.08383	0.02711	0.05717	0.01794	0.02899	0.07489	0.20654	0.02082	0.02341	0.01540	0.00891	0.00736	0.00238	0.00902	0.03659	0.00568	0.01117
21	0.01664	0.03858	0.64940	0.02163	0.03278	0.01763	0.02767	0.02530	0.01670	0.06196	0.01486	0.01694	0.01035	0.00749	0.00739	0.00245	0.01118	0.00585	0.00363	0.01156
22	0.00951	0.00687	0.00900	0.01058	0.01122	0.00636	0.00713	0.01101	0.01537	0.02043	0.07696	0.65177	0.08792	0.02360	0.00982	0.00308	0.00442	0.02131	0.00727	0.00636
23	0.01845	0.01767	0.03013	0.15525	0.57727	0.01823	0.02343	0.02315	0.01730	0.02443	0.01445	0.01943	0.01196	0.00705	0.00769	0.00235	0.00939	0.00691	0.00377	0.01168
24	0.06410	0.06242	0.08504	0.01611	0.02183	0.05434	0.01411	0.28957	0.10654	0.09175	0.06071	0.02352	0.01857	0.04593	0.00908	0.00260	0.00813	0.00740	0.00678	0.01145
25	0.01177	0.00826	0.00967	0.00910	0.01162	0.00722	0.00690	0.01454	0.01985	0.07245	0.33464	0.06393	0.36714	0.01728	0.00906	0.00252	0.00400	0.01474	0.00795	0.00735
26	0.01445	0.00723	0.00723	0.00723	0.00903	0.00723	0.00542	0.01807	0.01626	0.02891	0.02529	0.02891	0.01987	0.00903	0.00542	0.00181	0.00361	0.00723	0.77055	0.00723
27	0.02945	0.02246	0.02321	0.01794	0.02404	0.05671	0.01475	0.62305	0.03575	0.04741	0.01829	0.01839	0.01303	0.00924	0.00772	0.00231	0.00880	0.00688	0.00757	0.01298
28	0.01250	0.00940	0.01147	0.01076	0.01344	0.00864	0.00803	0.01674	0.07024	0.04457	0.22938	0.21047	0.13440	0.01868	0.04764	0.00302	0.00547	0.01394	0.00716	0.12404
29	0.02161	0.57055	0.09919	0.01468	0.02158	0.06327	0.01480	0.05196	0.01730	0.04671	0.01227	0.01372	0.01045	0.00701	0.00554	0.00181	0.00883	0.00461	0.00379	0.01031
30	0.02821	0.01997	0.02173	0.01707	0.02294	0.02194	0.01397	0.48387	0.14575	0.10960	0.02209	0.02121	0.01563	0.00955	0.00778	0.00239	0.00792	0.00738	0.00796	0.01303
31	0.00943	0.00680	0.00895	0.01067	0.01121	0.00631	0.00714	0.01081	0.01497	0.01984	0.04431	0.69404	0.07868	0.02409	0.00986	0.00313	0.00447	0.02179	0.00720	0.00631
32	0.01518	0.01376	0.02190	0.46170	0.11603	0.01645	0.01900	0.02077	0.05595	0.02169	0.01760	0.07365	0.01498	0.00944	0.00871	0.00259	0.04593	0.00815	0.04752	0.00901
33	0.06605	0.01143	0.01161	0.01014	0.01326	0.01218	0.00800	0.18151	0.02126	0.03440	0.02268	0.02525	0.01744	0.00899	0.00598	0.00198	0.00502	0.00698	0.52702	0.00883
34	0.14112	0.05160	0.02374	0.02020	0.05388	0.02264	0.03806	0.02003	0.01280	0.02181	0.01073	0.01629	0.01004	0.01161	0.01963	0.00306	0.50397	0.00633	0.00366	0.00880
35	0.02006	0.09406	0.02017	0.01335	0.01927	0.01508	0.01109	0.04995	0.05427	0.11862	0.01670	0.01805	0.01305	0.00754	0.00800	0.00173	0.07271	0.00554	0.00537	0.43539

[dist]
# distance from previous block
# <min> <max>
2	6

[block]
# block no. 2 follows, 25 sequences, length 24
# corresponding to MSA columns:
# 176-199
name=unknown_C
#
# <colnr> <probs for GDERKNQSTAVLIFYWHMCP>
#	G	D	E	R	K	N	Q	S	T	A	V	L	I	F	Y	W	H	M	C	P
0	0.01835	0.04866	0.02049	0.01777	0.06898	0.01675	0.04516	0.06381	0.29368	0.02905	0.02451	0.02954	0.02027	0.00979	0.00757	0.00228	0.00696	0.07271	0.00629	0.19737
1	0.01848	0.23473	0.37738	0.01964	0.04653	0.07462	0.02172	0.02601	0.06956	0.02298	0.01433	0.01617	0.01107	0.00745	0.00671	0.00220	0.01025	0.00550	0.00374	0.01093
2	0.01212	0.04426	0.01210	0.01044	0.01265	0.03840	0.00791	0.01584	0.04383	0.02742	0.44275	0.12596	0.14475	0.01629	0.00889	0.00249	0.00454	0.01414	0.00774	0.00748
3	0.01077	0.00784	0.01014	0.00973	0.01150	0.00720	0.00723	0.01417	0.02121	0.02974	0.59812	0.10763	0.10231	0.01666	0.00920	0.00250	0.00373	0.01473	0.00837	0.00720
4	0.07088	0.01387	0.01574	0.01139	0.01813	0.01084	0.00913	0.01976	0.01587	0.02595	0.01357	0.01583	0.01126	0.00585	0.00567	0.00124	0.00576	0.00457	0.00461	0.72009
5	0.01956	0.01920	0.11686	0.01557	0.02263	0.01463	0.04273	0.11215	0.01939	0.08116	0.01573	0.01758	0.01205	0.00725	0.00764	0.00179	0.04536	0.00568	0.00516	0.41786
6	0.06833	0.32702	0.10733	0.01667	0.02286	0.24770	0.01546	0.07223	0.01925	0.02245	0.01212	0.01387	0.01009	0.00740	0.00612	0.00196	0.01042	0.00482	0.00395	0.00996
7	0.02215	0.01492	0.01756	0.01316	0.01946	0.01306	0.01063	0.14696	0.02124	0.16111	0.01933	0.04912	0.01507	0.00801	0.00673	0.00172	0.00641	0.00645	0.00632	0.44060
8	0.01920	0.05578	0.02147	0.07937	0.04225	0.01978	0.04072	0.10938	0.33735	0.02991	0.02756	0.02767	0.06709	0.01061	0.00950	0.00260	0.07375	0.00847	0.00647	0.01107
9	0.00945	0.00675	0.00900	0.01080	0.01125	0.00630	0.00720	0.01080	0.01484	0.01979	0.04274	0.72245	0.05128	0.02429	0.00990	0.00315	0.00450	0.02204	0.00720	0.00630
10	0.02245	0.01885	0.03052	0.10092	0.27368	0.04915	0.16285	0.08550	0.02028	0.13241	0.01758	0.02059	0.01306	0.00762	0.00801	0.00241	0.00994	0.00748	0.00512	0.01158
11	0.01902	0.01614	0.01697	0.01531	0.01955	0.01863	0.01190	0.03994	0.62963	0.03224	0.03122	0.02893	0.02346	0.01044	0.00775	0.00258	0.00600	0.00868	0.04962	0.01200
12	0.00953	0.00681	0.00907	0.01074	0.01126	0.00635	0.00720	0.01100	0.01523	0.02040	0.07668	0.68677	0.05246	0.02384	0.00986	0.00311	0.00445	0.02161	0.00727	0.00635
13	0.01317	0.01154	0.01642	0.16855	0.13096	0.01196	0.01327	0.01801	0.06448	0.02382	0.13613	0.07223	0.23309	0.01398	0.00861	0.00260	0.00648	0.04013	0.00607	0.00849
14	0.01465	0.01523	0.04464	0.02120	0.02467	0.01547	0.24637	0.01836	0.01600	0.02233	0.06998	0.24078	0.02804	0.01431	0.01296	0.00294	0.16553	0.01289	0.00513	0.00853
15	0.01490	0.01429	0.02486	0.66051	0.05248	0.01740	0.06655	0.02017	0.01570	0.02017	0.01392	0.02069	0.01044	0.00766	0.00785	0.00259	0.01053	0.00705	0.00348	0.00875
16	0.01898	0.01821	0.03110	0.07780	0.65055	0.01837	0.02369	0.02361	0.01756	0.02508	0.01455	0.01926	0.01219	0.00695	0.00768	0.00232	0.00926	0.00691	0.00382	0.01211
17	0.01705	0.01884	0.09560	0.30241	0.36927	0.01791	0.02341	0.02232	0.01669	0.02310	0.01420	0.01948	0.01127	0.00728	0.00767	0.00243	0.00988	0.00678	0.00363	0.01077
18	0.01634	0.01563	0.02711	0.34491	0.29901	0.01707	0.06682	0.02110	0.01652	0.02237	0.01637	0.07169	0.01423	0.00854	0.00798	0.00252	0.00966	0.00817	0.00391	0.01004
19	0.01877	0.02116	0.04041	0.02960	0.03659	0.06788	0.53093	0.02589	0.06598	0.02476	0.01773	0.05062	0.01418	0.00768	0.00893	0.00259	0.01227	0.00937	0.00436	0.01031
20	0.02127	0.56805	0.11706	0.01485	0.02185	0.07640	0.01519	0.02454	0.01654	0.04658	0.01207	0.01360	0.01032	0.00694	0.00553	0.00181	0.00902	0.00455	0.00362	0.01020
21	0.01303	0.01096	0.01690	0.05196	0.11334	0.01278	0.01305	0.01602	0.01337	0.01928	0.01904	0.04852	0.01789	0.04225	0.46712	0.00921	0.09496	0.00830	0.00408	0.00794
22	0.01962	0.01699	0.02842	0.14416	0.45079	0.01707	0.04524	0.02416	0.01764	0.08344	0.01588	0.01991	0.01252	0.00718	0.00762	0.00228	0.00905	0.00690	0.00435	0.06678
23	0.06354	0.05965	0.15942	0.02126	0.10654	0.01723	0.06284	0.12107	0.02096	0.20442	0.01996	0.04473	0.01475	0.00862	0.00747	0.00234	0.00862	0.00723	0.00602	0.04332

[dist]
# distance from previous block
# <min> <max>
1	4

[block]
# block no. 3 follows, 25 sequences, length 46
# corresponding to MSA columns:
# 204-249
name=unknown_D
#
# <colnr> <probs for GDERKNQSTAVLIFYWHMCP>
#	G	D	E	R	K	N	Q	S	T	A	V	L	I	F	Y	W	H	M	C	P
0	0.01691	0.27657	0.05075	0.04743	0.01855	0.01842	0.01139	0.06149	0.04167	0.04195	0.04510	0.03423	0.17338	0.06089	0.03410	0.00288	0.00746	0.00871	0.03923	0.00889
1	0.04543	0.01403	0.01732	0.01801	0.11004	0.01496	0.01195	0.09919	0.12367	0.02643	0.02499	0.07098	0.05380	0.16128	0.01585	0.00353	0.06558	0.02937	0.00571	0.08787
2	0.01725	0.01592	0.02218	0.07383	0.30900	0.04952	0.01649	0.05357	0.05777	0.02680	0.13802	0.03202	0.09323	0.01020	0.00797	0.00232	0.00759	0.00904	0.00548	0.05180
3	0.13878	0.11274	0.02163	0.01650	0.02105	0.39561	0.01303	0.06812	0.02053	0.05981	0.01389	0.01545	0.01104	0.00794	0.00643	0.00205	0.01076	0.00519	0.05006	0.00941
4	0.01489	0.01403	0.02370	0.67301	0.08734	0.01729	0.02166	0.02003	0.01562	0.02011	0.01382	0.02059	0.01044	0.00771	0.00775	0.00257	0.01027	0.00689	0.00347	0.00881
5	0.01746	0.01708	0.02517	0.02082	0.02213	0.02228	0.08264	0.05671	0.01465	0.02189	0.05365	0.02009	0.01454	0.01273	0.02165	0.00319	0.55288	0.00751	0.00403	0.00889
6	0.02045	0.47824	0.17875	0.01602	0.02334	0.10064	0.01677	0.02503	0.04073	0.02023	0.01237	0.01408	0.01044	0.00709	0.00583	0.00191	0.00953	0.00476	0.00355	0.01026
7	0.01110	0.00873	0.01119	0.04219	0.01422	0.00898	0.00870	0.01421	0.05238	0.02192	0.12101	0.36095	0.14101	0.05650	0.01204	0.00319	0.05015	0.04766	0.00686	0.00700
8	0.01139	0.00866	0.01261	0.01244	0.01361	0.01018	0.00954	0.01382	0.01231	0.01772	0.02062	0.03190	0.01984	0.12585	0.59415	0.01149	0.05438	0.00854	0.00417	0.00677
9	0.03196	0.01433	0.01994	0.01522	0.02115	0.01306	0.05233	0.10121	0.02345	0.54166	0.06113	0.02682	0.02083	0.00969	0.00795	0.00241	0.00707	0.00811	0.00899	0.01272
10	0.07449	0.37348	0.05146	0.01576	0.02170	0.19389	0.01409	0.12856	0.02055	0.02474	0.01246	0.01397	0.01038	0.00747	0.00600	0.00193	0.00969	0.00488	0.00431	0.01019
11	0.01555	0.04011	0.68733	0.02210	0.03356	0.01801	0.02865	0.02455	0.01637	0.02455	0.01391	0.01637	0.00982	0.00737	0.00737	0.00246	0.01146	0.00573	0.00327	0.01146
12	0.01057	0.00794	0.01161	0.01267	0.01379	0.00755	0.04035	0.01268	0.01569	0.02081	0.04101	0.54428	0.04782	0.02276	0.01004	0.00322	0.00552	0.15796	0.00702	0.00669
13	0.01667	0.18905	0.54815	0.02020	0.03062	0.02073	0.02534	0.02427	0.01624	0.02320	0.01324	0.01552	0.00985	0.00721	0.00685	0.00228	0.01078	0.00539	0.00328	0.01113
14	0.05577	0.01502	0.02015	0.38070	0.05616	0.05299	0.01736	0.09586	0.01873	0.02525	0.01920	0.03083	0.01669	0.01017	0.00790	0.00262	0.00915	0.10631	0.05018	0.00896
15	0.01067	0.00831	0.01196	0.01212	0.01354	0.00786	0.05000	0.01358	0.04012	0.02281	0.16382	0.49858	0.07512	0.02082	0.00960	0.00294	0.00494	0.01895	0.00726	0.00700
16	0.02410	0.01612	0.01841	0.01554	0.02026	0.01769	0.01242	0.11115	0.36804	0.20260	0.02992	0.02768	0.03927	0.01057	0.00887	0.00258	0.04609	0.00841	0.00805	0.01224
17	0.01327	0.01029	0.05076	0.01084	0.01363	0.00822	0.00892	0.01651	0.01959	0.09300	0.34122	0.11786	0.17481	0.03952	0.01004	0.00276	0.00487	0.04833	0.00775	0.00782
18	0.64028	0.01552	0.04216	0.05237	0.01805	0.01668	0.01025	0.02210	0.01398	0.03275	0.03342	0.01838	0.01240	0.00821	0.00552	0.00247	0.00648	0.03565	0.00488	0.00845
19	0.01558	0.01422	0.02358	0.32934	0.26182	0.01570	0.02006	0.02009	0.01659	0.02227	0.02005	0.07017	0.01880	0.01058	0.00832	0.00268	0.00911	0.10715	0.00438	0.00952
20	0.01642	0.01541	0.02330	0.22245	0.28973	0.04155	0.01864	0.02116	0.03592	0.02359	0.06325	0.06331	0.03933	0.00990	0.00800	0.00245	0.00856	0.04301	0.00466	0.04938
21	0.01702	0.01375	0.01617	0.01160	0.01845	0.01039	0.00930	0.02044	0.01639	0.05841	0.01463	0.01660	0.01187	0.00594	0.00585	0.00121	0.00579	0.00475	0.00485	0.73661
22	0.01730	0.12536	0.44809	0.02130	0.07169	0.01837	0.02358	0.02422	0.01687	0.06279	0.01738	0.02408	0.01420	0.00884	0.00745	0.00245	0.01015	0.07081	0.00410	0.01096
23	0.02057	0.28986	0.06282	0.01629	0.04955	0.06540	0.01386	0.02870	0.18922	0.07603	0.03593	0.05074	0.01921	0.00969	0.00693	0.00224	0.00786	0.03897	0.00555	0.01060
24	0.05625	0.01466	0.06881	0.01495	0.06140	0.01200	0.01176	0.05624	0.04782	0.08058	0.16285	0.07964	0.05164	0.01122	0.00763	0.00218	0.00614	0.03215	0.00638	0.21569
25	0.02290	0.07151	0.15987	0.06585	0.05859	0.01788	0.01687	0.10045	0.16131	0.18795	0.04308	0.02325	0.01765	0.00903	0.00756	0.00241	0.00814	0.00732	0.00651	0.01185
26	0.02215	0.47303	0.03247	0.01435	0.01994	0.12326	0.01298	0.05935	0.01798	0.05967	0.01481	0.05325	0.01340	0.01072	0.04082	0.00242	0.00945	0.00583	0.00429	0.00983
27	0.01162	0.00881	0.01204	0.08344	0.01746	0.00904	0.01050	0.01521	0.04893	0.02201	0.07450	0.32261	0.06445	0.04950	0.01100	0.00333	0.00610	0.21553	0.00680	0.00711
28	0.01032	0.00773	0.00956	0.00946	0.01127	0.00698	0.00696	0.01323	0.01987	0.02700	0.43904	0.16052	0.21360	0.01801	0.00926	0.00259	0.00385	0.01577	0.00802	0.00698
29	0.01864	0.01441	0.01785	0.01290	0.01971	0.01150	0.03629	0.05297	0.01777	0.09006	0.01572	0.01740	0.01232	0.00632	0.00618	0.00139	0.00627	0.00521	0.00521	0.63187
30	0.01574	0.03899	0.65349	0.02341	0.06687	0.01803	0.02840	0.02452	0.01644	0.02459	0.01395	0.01652	0.00995	0.00734	0.00738	0.00245	0.01134	0.00579	0.00330	0.01150
31	0.78228	0.01499	0.01140	0.01020	0.01499	0.01739	0.00840	0.02279	0.01320	0.03479	0.01080	0.01260	0.00840	0.00720	0.00480	0.00240	0.00600	0.00420	0.00480	0.00840
32	0.01604	0.10522	0.62649	0.02127	0.03227	0.01920	0.02720	0.02443	0.01631	0.02396	0.01362	0.01600	0.00983	0.00730	0.00714	0.00238	0.01116	0.00558	0.00328	0.01132
33	0.00996	0.00783	0.00903	0.00905	0.01116	0.00689	0.00678	0.01253	0.01893	0.02449	0.28296	0.12716	0.38262	0.01880	0.00929	0.00264	0.00402	0.04137	0.00767	0.00682
34	0.00920	0.00771	0.00800	0.00823	0.01057	0.00651	0.00606	0.01108	0.01731	0.02080	0.07395	0.15777	0.59581	0.02023	0.00926	0.00269	0.00400	0.01709	0.00720	0.00651
35	0.00955	0.00683	0.00909	0.01073	0.01127	0.00637	0.00721	0.01105	0.01532	0.02054	0.08462	0.67843	0.05273	0.02373	0.00985	0.00310	0.00444	0.02151	0.00729	0.00637
36	0.02166	0.01819	0.01876	0.01619	0.02089	0.04186	0.01276	0.18056	0.47871	0.03573	0.04923	0.02704	0.02246	0.01034	0.00787	0.00253	0.00686	0.00841	0.00775	0.01221
37	0.01010	0.00785	0.00864	0.00863	0.01050	0.00701	0.00620	0.01200	0.01703	0.02151	0.16697	0.06723	0.40120	0.17246	0.01580	0.00370	0.00482	0.04517	0.00688	0.00631
38	0.02896	0.03695	0.02197	0.01998	0.02397	0.69638	0.01498	0.03096	0.02197	0.01898	0.01199	0.01398	0.00999	0.00799	0.00699	0.00200	0.01398	0.00499	0.00400	0.00899
39	0.01004	0.00789	0.00907	0.00877	0.01101	0.00692	0.00658	0.01282	0.01974	0.02584	0.36636	0.06656	0.38513	0.01781	0.00915	0.00253	0.00380	0.01523	0.00784	0.00692
40	0.01090	0.00798	0.01134	0.01186	0.01310	0.00853	0.00904	0.01346	0.01465	0.02039	0.10341	0.18652	0.03563	0.06754	0.36614	0.00810	0.01324	0.08571	0.00568	0.00678
41	0.01140	0.00866	0.01257	0.01240	0.01355	0.01016	0.00948	0.01379	0.01229	0.01769	0.02065	0.03214	0.01994	0.13422	0.58518	0.01141	0.05495	0.00858	0.00418	0.00674
42	0.01608	0.01378	0.01608	0.01148	0.01837	0.01034	0.00919	0.01952	0.01608	0.02527	0.01378	0.01608	0.01148	0.00574	0.00574	0.00115	0.00574	0.00459	0.00459	0.77491
43	0.02483	0.04055	0.01620	0.01265	0.01718	0.04605	0.01018	0.02902	0.06391	0.36478	0.16726	0.03789	0.11180	0.01200	0.00810	0.00240	0.00607	0.00993	0.00844	0.01076
44	0.01249	0.01073	0.01116	0.01098	0.01319	0.05414	0.00810	0.01754	0.10475	0.02549	0.26012	0.19931	0.20779	0.01739	0.00900	0.00263	0.00492	0.01505	0.00753	0.00767
45	0.01182	0.00775	0.00921	0.00916	0.00969	0.00769	0.00567	0.01249	0.01276	0.03877	0.06071	0.09407	0.05592	0.53950	0.08705	0.00701	0.00803	0.01197	0.00527	0.00547

[dist]
# distance from previous block
# <min> <max>
0	23

[block]
# block no. 4 follows, 25 sequences, length 91
# corresponding to MSA columns:
# 273-363
name=unknown_E
#
# <colnr> <probs for GDERKNQSTAVLIFYWHMCP>
#	G	D	E	R	K	N	Q	S	T	A	V	L	I	F	Y	W	H	M	C	P
0	0.04556	0.12053	0.40285	0.05091	0.06876	0.01902	0.07966	0.02354	0.01656	0.02427	0.03622	0.01789	0.01237	0.00740	0.00715	0.00230	0.01029	0.00613	0.00367	0.04493
1	0.01829	0.01660	0.02848	0.28320	0.39255	0.01769	0.05036	0.02311	0.01714	0.05622	0.01514	0.02016	0.01190	0.00733	0.00778	0.00242	0.00966	0.00705	0.00399	0.01093
2	0.01125	0.00755	0.00860	0.00855	0.00869	0.00750	0.00489	0.01152	0.01207	0.01622	0.07262	0.05127	0.03152	0.67479	0.03722	0.00714	0.00723	0.01148	0.00498	0.00489
3	0.02259	0.02365	0.02300	0.17422	0.17788	0.28467	0.01741	0.04729	0.01958	0.04783	0.01508	0.01857	0.01192	0.00789	0.00723	0.00220	0.01072	0.00621	0.07225	0.00980
4	0.04194	0.01036	0.01390	0.01428	0.05227	0.01181	0.01006	0.03656	0.01379	0.01988	0.02470	0.06424	0.06910	0.18204	0.30992	0.00791	0.09574	0.00965	0.00466	0.00717
5	0.01275	0.00983	0.01199	0.01119	0.01336	0.01021	0.00857	0.03857	0.09287	0.02817	0.35278	0.07936	0.13478	0.01857	0.06069	0.00328	0.04678	0.01268	0.04561	0.00796
6	0.01438	0.01338	0.02246	0.65729	0.05047	0.01667	0.02066	0.01937	0.01528	0.01968	0.01430	0.02140	0.01101	0.01149	0.05879	0.00332	0.01111	0.00700	0.00350	0.00849
7	0.02023	0.01412	0.01943	0.01443	0.02055	0.01195	0.07744	0.02370	0.01765	0.17903	0.02254	0.02338	0.06248	0.00815	0.00782	0.00182	0.04189	0.00681	0.00583	0.42077
8	0.01609	0.01533	0.02196	0.04674	0.06887	0.02042	0.01600	0.01823	0.01260	0.01926	0.01282	0.02051	0.01238	0.04809	0.09620	0.00440	0.50927	0.00717	0.02523	0.00840
9	0.01509	0.01278	0.02232	0.01924	0.02304	0.01235	0.20011	0.02010	0.04683	0.05152	0.03433	0.10918	0.05866	0.01619	0.00988	0.00313	0.00850	0.32192	0.00633	0.00852
10	0.02400	0.01925	0.02028	0.01835	0.02295	0.02083	0.01385	0.04226	0.59263	0.06291	0.03459	0.03401	0.02676	0.01321	0.00968	0.00340	0.00764	0.00992	0.00920	0.01427
11	0.01046	0.00805	0.01211	0.01271	0.01389	0.00758	0.05540	0.01250	0.01568	0.02095	0.06585	0.58244	0.04858	0.02236	0.00989	0.00312	0.00536	0.07933	0.00700	0.00673
12	0.01328	0.01229	0.02019	0.11409	0.02388	0.01387	0.11469	0.01607	0.01483	0.02035	0.02705	0.35367	0.03001	0.01673	0.01296	0.00304	0.16549	0.01444	0.00529	0.00778
13	0.01197	0.00875	0.01172	0.01221	0.01427	0.00825	0.01000	0.01537	0.01887	0.02578	0.25782	0.12706	0.05259	0.01859	0.00973	0.00296	0.00561	0.31701	0.00744	0.06400
14	0.01369	0.01075	0.01271	0.01312	0.01521	0.01151	0.00993	0.02264	0.24363	0.02461	0.03709	0.29268	0.03844	0.07093	0.01156	0.00338	0.00586	0.14655	0.00724	0.00846
15	0.72575	0.01525	0.01288	0.01297	0.06419	0.01747	0.00954	0.02287	0.01353	0.03409	0.01108	0.01308	0.00868	0.00718	0.00501	0.00239	0.00624	0.00440	0.00473	0.00868
16	0.02764	0.02043	0.02201	0.01725	0.02296	0.02257	0.01409	0.58454	0.05658	0.04614	0.02085	0.07111	0.01637	0.01046	0.00792	0.00240	0.00815	0.00816	0.00772	0.01264
17	0.01766	0.01850	0.03195	0.02487	0.02828	0.02179	0.26622	0.02276	0.06279	0.02211	0.01393	0.01941	0.01180	0.01058	0.01773	0.00303	0.38526	0.00786	0.00393	0.00954
18	0.02221	0.01990	0.02483	0.06252	0.27366	0.06926	0.01790	0.18183	0.18728	0.03214	0.01966	0.02122	0.01514	0.00853	0.00770	0.00238	0.00866	0.00726	0.00582	0.01208
19	0.00967	0.00691	0.00926	0.01105	0.01160	0.00649	0.00759	0.01119	0.01507	0.02005	0.04261	0.67541	0.05079	0.02408	0.00996	0.00318	0.00469	0.06685	0.00719	0.00636
20	0.02629	0.01532	0.01797	0.01484	0.01994	0.01590	0.01190	0.11398	0.28509	0.29844	0.07132	0.02850	0.02377	0.01034	0.00792	0.00249	0.00646	0.00849	0.00861	0.01244
21	0.01688	0.19991	0.50696	0.02055	0.03071	0.02103	0.05436	0.02426	0.01632	0.02310	0.01327	0.01567	0.00994	0.00716	0.00690	0.00228	0.01080	0.00552	0.00331	0.01106
22	0.00945	0.00675	0.00900	0.01080	0.01125	0.00630	0.00720	0.01080	0.01484	0.01979	0.04274	0.72245	0.05128	0.02429	0.00990	0.00315	0.00450	0.02204	0.00720	0.00630
23	0.01480	0.01394	0.02354	0.68602	0.07503	0.01727	0.02161	0.01995	0.01558	0.02000	0.01381	0.02062	0.01040	0.00772	0.00775	0.00257	0.01030	0.00689	0.00346	0.00874
24	0.02073	0.73217	0.04063	0.01327	0.01990	0.03068	0.01327	0.02322	0.01575	0.01824	0.01078	0.01244	0.00995	0.00663	0.00498	0.00166	0.00829	0.00415	0.00332	0.00995
25	0.09376	0.01361	0.01744	0.01357	0.01930	0.01244	0.01117	0.07144	0.02229	0.56713	0.05586	0.02617	0.02028	0.00965	0.00761	0.00240	0.00654	0.00773	0.00906	0.01256
26	0.00929	0.00786	0.00803	0.00799	0.01055	0.00660	0.00599	0.01138	0.01798	0.02167	0.12123	0.07342	0.63286	0.01937	0.00916	0.00261	0.00391	0.01620	0.00730	0.00660
27	0.01445	0.00723	0.00723	0.00723	0.00903	0.00723	0.00542	0.01807	0.01626	0.02891	0.02529	0.02891	0.01987	0.00903	0.00542	0.00181	0.00361	0.00723	0.77055	0.00723
28	0.01445	0.00723	0.00723	0.00723	0.00903	0.00723	0.00542	0.01807	0.01626	0.02891	0.02529	0.02891	0.01987	0.00903	0.00542	0.00181	0.00361	0.00723	0.77055	0.00723
29	0.01261	0.00870	0.01091	0.01002	0.01232	0.00805	0.00762	0.03961	0.02197	0.06238	0.54268	0.05701	0.14498	0.01578	0.00903	0.00246	0.00402	0.01375	0.00839	0.00773
30	0.02945	0.02233	0.02322	0.01793	0.02404	0.05092	0.01475	0.62841	0.03588	0.04767	0.01835	0.01843	0.01306	0.00926	0.00773	0.00231	0.00875	0.00690	0.00761	0.01302
31	0.02073	0.73217	0.04063	0.01327	0.01990	0.03068	0.01327	0.02322	0.01575	0.01824	0.01078	0.01244	0.00995	0.00663	0.00498	0.00166	0.00829	0.00415	0.00332	0.00995
32	0.00945	0.00675	0.00900	0.01080	0.01125	0.00630	0.00720	0.01080	0.01484	0.01979	0.04274	0.72245	0.05128	0.02429	0.00990	0.00315	0.00450	0.02204	0.00720	0.00630
33	0.01830	0.02092	0.04575	0.03268	0.04052	0.01961	0.65098	0.02484	0.01830	0.02484	0.01569	0.02092	0.01176	0.00654	0.00915	0.00261	0.01307	0.00915	0.00392	0.01046
34	0.01105	0.00797	0.01047	0.00998	0.01180	0.00739	0.00757	0.01470	0.02175	0.03071	0.64410	0.05936	0.07177	0.01612	0.00922	0.00249	0.00383	0.04394	0.00847	0.00731
35	0.01478	0.00968	0.00982	0.00941	0.01106	0.04102	0.00676	0.05342	0.01597	0.02472	0.02350	0.03336	0.02107	0.19797	0.10001	0.00462	0.00751	0.00827	0.40009	0.00698
36	0.78228	0.01499	0.01140	0.01020	0.01499	0.01739	0.00840	0.02279	0.01320	0.03479	0.01080	0.01260	0.00840	0.00720	0.00480	0.00240	0.00600	0.00420	0.00480	0.00840
37	0.01555	0.04011	0.68733	0.02210	0.03356	0.01801	0.02865	0.02455	0.01637	0.02455	0.01391	0.01637	0.00982	0.00737	0.00737	0.00246	0.01146	0.00573	0.00327	0.01146
38	0.01128	0.00752	0.00846	0.00846	0.00846	0.00752	0.00470	0.01128	0.01128	0.01503	0.02443	0.05074	0.02819	0.72751	0.03946	0.00752	0.00752	0.01128	0.00470	0.00470
39	0.06490	0.02140	0.02271	0.01748	0.02362	0.02373	0.01444	0.62361	0.03536	0.04820	0.01825	0.01833	0.01296	0.00921	0.00762	0.00233	0.00841	0.00685	0.00762	0.01296
40	0.05403	0.03227	0.02255	0.02141	0.07402	0.51047	0.01539	0.13253	0.02372	0.02492	0.01324	0.01510	0.01064	0.00810	0.00709	0.00209	0.01245	0.00544	0.00463	0.00991
41	0.01984	0.01696	0.01720	0.01579	0.01987	0.06841	0.01246	0.03683	0.49683	0.06199	0.03134	0.03569	0.02529	0.01178	0.00820	0.00270	0.00689	0.09300	0.00758	0.01137
42	0.01608	0.01378	0.01608	0.01148	0.01837	0.01034	0.00919	0.01952	0.01608	0.02527	0.01378	0.01608	0.01148	0.00574	0.00574	0.00115	0.00574	0.00459	0.00459	0.77491
43	0.02113	0.69839	0.03972	0.01359	0.02010	0.06303	0.01335	0.02359	0.01606	0.01828	0.01084	0.01251	0.00995	0.00670	0.00507	0.00167	0.00857	0.00419	0.00335	0.00990
44	0.01376	0.00918	0.01204	0.01262	0.01484	0.00889	0.01041	0.01781	0.05000	0.07761	0.14270	0.13183	0.11264	0.01915	0.00986	0.00312	0.00593	0.33226	0.00760	0.00777
45	0.02778	0.01191	0.01592	0.01278	0.01760	0.01060	0.01033	0.03168	0.04693	0.48340	0.20417	0.03498	0.03390	0.01132	0.00816	0.00242	0.00579	0.00951	0.00924	0.01158
46	0.01576	0.01344	0.01573	0.01145	0.01803	0.01014	0.00909	0.01910	0.01602	0.02500	0.01519	0.05040	0.01342	0.00664	0.00594	0.00125	0.00568	0.00544	0.00472	0.73756
47	0.01987	0.35630	0.17847	0.01941	0.02694	0.02450	0.13769	0.05060	0.01730	0.04751	0.01344	0.01590	0.01077	0.00733	0.00750	0.00215	0.04408	0.00582	0.00385	0.01056
48	0.01160	0.00810	0.00950	0.00930	0.00936	0.00855	0.00561	0.01180	0.01136	0.01536	0.02346	0.04799	0.02680	0.66010	0.06400	0.00747	0.04914	0.01090	0.00460	0.00500
49	0.00991	0.00808	0.00881	0.00888	0.01123	0.00712	0.00669	0.01273	0.03666	0.02288	0.16604	0.11854	0.48947	0.01920	0.00925	0.00267	0.00413	0.04345	0.00743	0.00684
50	0.02893	0.02211	0.02265	0.01760	0.02353	0.06263	0.01443	0.59534	0.03492	0.04644	0.01846	0.01870	0.01323	0.00922	0.00763	0.00229	0.00868	0.00687	0.03360	0.01274
51	0.01915	0.01854	0.03217	0.04687	0.64811	0.01848	0.05427	0.02385	0.01769	0.02531	0.01464	0.01927	0.01226	0.00689	0.00775	0.00232	0.00940	0.00702	0.00384	0.01219
52	0.02048	0.69839	0.07220	0.01370	0.02057	0.03006	0.01402	0.02328	0.01578	0.01855	0.01093	0.01263	0.00994	0.00667	0.00509	0.00170	0.00845	0.00422	0.00331	0.01002
53	0.01544	0.01497	0.02141	0.01878	0.01913	0.01998	0.03600	0.01723	0.01271	0.01910	0.01714	0.16392	0.01879	0.01557	0.02167	0.00332	0.54252	0.01004	0.00420	0.00809
54	0.01117	0.00795	0.01066	0.01066	0.01143	0.00872	0.00745	0.01269	0.01193	0.01667	0.02241	0.03957	0.02334	0.35872	0.40162	0.01024	0.01482	0.00964	0.00440	0.00592
55	0.01902	0.01825	0.03116	0.07266	0.65542	0.01838	0.02371	0.02364	0.01757	0.02512	0.01455	0.01925	0.01221	0.00694	0.00768	0.00231	0.00925	0.00691	0.00382	0.01214
56	0.02947	0.02172	0.02327	0.01784	0.02404	0.02404	0.01474	0.65329	0.03646	0.04887	0.01862	0.01862	0.01319	0.00931	0.00776	0.00233	0.00853	0.00698	0.00776	0.01319
57	0.03479	0.01320	0.01799	0.01380	0.01979	0.01140	0.01140	0.03779	0.02219	0.68451	0.03059	0.02639	0.01919	0.00960	0.00780	0.00240	0.00660	0.00780	0.00960	0.01320
58	0.01127	0.00755	0.00864	0.00864	0.00870	0.00761	0.00492	0.01139	0.01133	0.01517	0.02427	0.04983	0.02780	0.69762	0.06881	0.00774	0.00811	0.01114	0.00467	0.00480
59	0.01128	0.00752	0.00846	0.00846	0.00846	0.00752	0.00470	0.01128	0.01128	0.01503	0.02443	0.05074	0.02819	0.72751	0.03946	0.00752	0.00752	0.01128	0.00470	0.00470
60	0.01123	0.00769	0.00933	0.00933	0.00963	0.00799	0.00579	0.01184	0.01153	0.01568	0.02363	0.04631	0.02626	0.58115	0.18319	0.00860	0.01041	0.01063	0.00458	0.00518
61	0.01128	0.00752	0.00846	0.00846	0.00846	0.00752	0.00470	0.01128	0.01128	0.01503	0.02443	0.05074	0.02819	0.72751	0.03946	0.00752	0.00752	0.01128	0.00470	0.00470
62	0.01669	0.03984	0.63093	0.02192	0.03275	0.07551	0.02749	0.02510	0.01684	0.02408	0.01375	0.01617	0.00984	0.00742	0.00733	0.00242	0.01167	0.00567	0.00334	0.01125
63	0.78228	0.01499	0.01140	0.01020	0.01499	0.01739	0.00840	0.02279	0.01320	0.03479	0.01080	0.01260	0.00840	0.00720	0.00480	0.00240	0.00600	0.00420	0.00480	0.00840
64	0.01183	0.00894	0.01104	0.01034	0.01252	0.00867	0.00781	0.01752	0.09683	0.03061	0.56238	0.05558	0.10525	0.01547	0.00900	0.00247	0.00396	0.01356	0.00838	0.00785
65	0.01128	0.00752	0.00846	0.00846	0.00846	0.00752	0.00470	0.01128	0.01128	0.01503	0.02443	0.05074	0.02819	0.72751	0.03946	0.00752	0.00752	0.01128	0.00470	0.00470
66	0.01108	0.00827	0.01229	0.01229	0.01362	0.00960	0.00948	0.01374	0.01241	0.01787	0.02092	0.03131	0.01975	0.08626	0.66917	0.01225	0.02021	0.00843	0.00418	0.00683
67	0.02855	0.07165	0.02290	0.01964	0.02377	0.66315	0.01490	0.03057	0.02166	0.01894	0.01192	0.01391	0.00999	0.00792	0.00689	0.00198	0.01370	0.00495	0.00396	0.00904
68	0.02073	0.73217	0.04063	0.01327	0.01990	0.03068	0.01327	0.02322	0.01575	0.01824	0.01078	0.01244	0.00995	0.00663	0.00498	0.00166	0.00829	0.00415	0.00332	0.00995
69	0.01335	0.00975	0.01273	0.01392	0.01594	0.01007	0.01183	0.01902	0.09732	0.02417	0.03850	0.07629	0.04032	0.05283	0.01151	0.00357	0.00690	0.49815	0.03616	0.00766
70	0.01464	0.01378	0.02326	0.70887	0.05340	0.01723	0.02153	0.01981	0.01550	0.01981	0.01378	0.02067	0.01034	0.00775	0.00775	0.00258	0.01034	0.00689	0.00345	0.00861
71	0.01139	0.00815	0.01056	0.01045	0.01099	0.00893	0.00709	0.01254	0.01177	0.01633	0.02250	0.04156	0.02409	0.43815	0.29935	0.00934	0.03671	0.00995	0.00444	0.00571
72	0.01706	0.01397	0.01708	0.01224	0.01912	0.01067	0.02887	0.02057	0.01644	0.05729	0.01466	0.01673	0.01187	0.00595	0.00595	0.00125	0.00601	0.00489	0.00482	0.71458
73	0.01555	0.04011	0.68733	0.02210	0.03356	0.01801	0.02865	0.02455	0.01637	0.02455	0.01391	0.01637	0.00982	0.00737	0.00737	0.00246	0.01146	0.00573	0.00327	0.01146
74	0.01445	0.00723	0.00723	0.00723	0.00903	0.00723	0.00542	0.01807	0.01626	0.02891	0.02529	0.02891	0.01987	0.00903	0.00542	0.00181	0.00361	0.00723	0.77055	0.00723
75	0.01659	0.01755	0.03479	0.21859	0.04048	0.01780	0.38589	0.02318	0.04993	0.02389	0.04659	0.02533	0.04580	0.00808	0.00870	0.00260	0.01114	0.00904	0.00433	0.00972
76	0.02143	0.69629	0.03950	0.01329	0.01990	0.02972	0.01317	0.02394	0.01608	0.05150	0.01177	0.01313	0.01041	0.00678	0.00512	0.00170	0.00821	0.00433	0.00363	0.01011
77	0.00972	0.00809	0.00856	0.00880	0.01116	0.00710	0.00655	0.01245	0.04317	0.02132	0.07044	0.16298	0.54195	0.01998	0.00927	0.00272	0.00420	0.03756	0.00723	0.00676
78	0.02947	0.02172	0.02327	0.01784	0.02404	0.02404	0.01474	0.65329	0.03646	0.04887	0.01862	0.01862	0.01319	0.00931	0.00776	0.00233	0.00853	0.00698	0.00776	0.01319
79	0.01655	0.01697	0.09004	0.05044	0.11512	0.01503	0.08366	0.09081	0.08522	0.02775	0.07685	0.04376	0.09210	0.01276	0.00877	0.00272	0.00812	0.14743	0.00603	0.00985
80	0.01915	0.01624	0.01727	0.01542	0.01970	0.01860	0.01201	0.06970	0.58423	0.03315	0.08046	0.03065	0.02696	0.01087	0.00798	0.00260	0.00607	0.00908	0.00793	0.01194
81	0.01756	0.01499	0.01578	0.01426	0.01831	0.01682	0.01107	0.05403	0.51166	0.03087	0.05908	0.03757	0.14010	0.01226	0.00815	0.00261	0.00574	0.01021	0.00778	0.01114
82	0.01083	0.00942	0.01251	0.08457	0.04505	0.00882	0.03568	0.01365	0.01794	0.02261	0.15228	0.09961	0.42458	0.01701	0.00899	0.00261	0.00520	0.01465	0.00672	0.00727
83	0.01686	0.18991	0.51358	0.01986	0.02993	0.02083	0.02449	0.02508	0.04791	0.02356	0.01409	0.01613	0.01053	0.00736	0.00687	0.00229	0.01051	0.00553	0.00351	0.01117
84	0.01347	0.00673	0.01010	0.01010	0.01010	0.00673	0.00673	0.01010	0.01010	0.01347	0.01347	0.02357	0.01347	0.02694	0.03030	0.77441	0.00673	0.00673	0.00337	0.00337
