[name]
unknown

[dist]
# distance from previous block
# <min> <max>
0	32

[block]
# block no. 0 follows, 24 sequences, length 32
# corresponding to MSA columns:
# 32-63
name=unknown_A
#
# <colnr> <probs for GDERKNQSTAVLIFYWHMCP>
#	G	D	E	R	K	N	Q	S	T	A	V	L	I	F	Y	W	H	M	C	P
0	0.06719	0.01384	0.01964	0.16478	0.14346	0.01513	0.01664	0.05939	0.07689	0.02663	0.02693	0.04773	0.02596	0.01357	0.00891	0.00296	0.00828	0.24670	0.00585	0.00950
1	0.20896	0.01808	0.02369	0.13350	0.13818	0.01996	0.07079	0.17536	0.07964	0.03383	0.01650	0.01912	0.01249	0.00818	0.00731	0.00249	0.00868	0.00677	0.00546	0.01103
2	0.04861	0.04854	0.13152	0.11568	0.34251	0.01962	0.07957	0.07225	0.01890	0.02704	0.01484	0.01896	0.01172	0.00740	0.00774	0.00242	0.01006	0.00688	0.00413	0.01164
3	0.01388	0.00754	0.01156	0.07348	0.01437	0.00787	0.00827	0.01124	0.01083	0.01437	0.01380	0.02383	0.01348	0.02576	0.02889	0.69931	0.00722	0.00690	0.00345	0.00393
4	0.49880	0.01802	0.07228	0.01715	0.06468	0.01744	0.09207	0.02417	0.01529	0.06713	0.01451	0.04163	0.01164	0.00805	0.00625	0.00251	0.00771	0.00613	0.00496	0.00957
5	0.02050	0.50058	0.20148	0.01637	0.02420	0.07820	0.01768	0.02469	0.01676	0.02035	0.01193	0.01386	0.01015	0.00708	0.00586	0.00193	0.00974	0.00472	0.00343	0.01049
6	0.01520	0.01420	0.02383	0.60493	0.10862	0.01718	0.02144	0.02034	0.01642	0.02140	0.04974	0.02308	0.01425	0.00830	0.00800	0.00261	0.01009	0.00745	0.00384	0.00908
7	0.01039	0.00746	0.00988	0.01074	0.01181	0.00695	0.00760	0.01279	0.01818	0.02496	0.29191	0.43302	0.06111	0.02131	0.00984	0.00295	0.00435	0.03996	0.00790	0.00689
8	0.01866	0.01777	0.02979	0.18372	0.51364	0.01863	0.02332	0.02429	0.04635	0.02505	0.01553	0.02039	0.01267	0.00741	0.00788	0.00243	0.00952	0.00715	0.00403	0.01178
9	0.02129	0.01810	0.02890	0.19262	0.33540	0.01910	0.06294	0.12641	0.02106	0.07252	0.01658	0.02050	0.01269	0.00783	0.00799	0.00245	0.00966	0.00729	0.00489	0.01178
10	0.01102	0.00803	0.01037	0.00993	0.01176	0.00737	0.00739	0.01452	0.02176	0.03051	0.59659	0.09982	0.10730	0.01695	0.00940	0.00255	0.00381	0.01497	0.00857	0.00737
11	0.01762	0.03861	0.62242	0.02186	0.03309	0.01783	0.02776	0.02629	0.01726	0.08208	0.01572	0.01764	0.01088	0.00773	0.00757	0.00251	0.01129	0.00604	0.00391	0.01187
12	0.01778	0.02112	0.09833	0.04994	0.07973	0.01822	0.45180	0.02410	0.01812	0.02546	0.01747	0.04337	0.01384	0.00762	0.00874	0.00258	0.01175	0.00906	0.07053	0.01044
13	0.01200	0.01007	0.01563	0.31562	0.03050	0.01137	0.01382	0.01510	0.01548	0.02025	0.03066	0.40989	0.03399	0.01739	0.00915	0.00297	0.00723	0.01572	0.00567	0.00748
14	0.03558	0.01350	0.01840	0.01411	0.02024	0.01166	0.01166	0.03865	0.02270	0.67734	0.03128	0.02699	0.01963	0.00981	0.00797	0.00245	0.00675	0.00797	0.00981	0.01350
15	0.01802	0.02092	0.09342	0.11963	0.03807	0.01925	0.37853	0.06467	0.01872	0.02555	0.01731	0.06746	0.01438	0.00883	0.01008	0.00273	0.05848	0.00932	0.00434	0.01029
16	0.02871	0.02087	0.02262	0.01755	0.02335	0.02305	0.01436	0.58994	0.03493	0.04681	0.01858	0.01948	0.01351	0.01109	0.00995	0.06936	0.00857	0.00712	0.00754	0.01261
17	0.01149	0.00787	0.00956	0.00956	0.00987	0.00818	0.00594	0.01212	0.01180	0.01605	0.02415	0.04729	0.02683	0.57438	0.18457	0.00881	0.01070	0.01086	0.00468	0.00531
18	0.01848	0.02177	0.07279	0.06394	0.07973	0.01980	0.55076	0.02509	0.01846	0.02519	0.01581	0.02107	0.01191	0.00680	0.00912	0.00265	0.01293	0.00896	0.00395	0.01077
19	0.02138	0.01864	0.03039	0.02489	0.07164	0.01978	0.23092	0.17712	0.02201	0.06919	0.01977	0.09800	0.01713	0.01085	0.01172	0.00276	0.12768	0.00964	0.00561	0.01086
20	0.02487	0.02117	0.02121	0.03877	0.05064	0.19438	0.03116	0.10910	0.02071	0.13277	0.01743	0.02020	0.01348	0.01129	0.01274	0.06945	0.13064	0.00676	0.06331	0.00993
21	0.01644	0.01409	0.01644	0.01175	0.01879	0.01057	0.00940	0.01997	0.01644	0.02584	0.01409	0.01644	0.01175	0.00587	0.00587	0.00117	0.00587	0.00470	0.00470	0.76979
22	0.00961	0.00709	0.00901	0.01055	0.01137	0.00648	0.00714	0.01110	0.01566	0.02044	0.04975	0.61056	0.15413	0.02406	0.01000	0.00313	0.00450	0.02158	0.00736	0.00648
23	0.06564	0.01548	0.01694	0.01416	0.01891	0.01661	0.01134	0.17290	0.22282	0.17038	0.02664	0.02573	0.01920	0.00980	0.00735	0.00239	0.00641	0.00778	0.15780	0.01173
24	0.02510	0.01675	0.01830	0.01500	0.01995	0.01818	0.01208	0.27893	0.19763	0.12697	0.02559	0.02500	0.01853	0.00984	0.00751	0.00237	0.00682	0.00779	0.15563	0.01205
25	0.04934	0.01379	0.01823	0.20816	0.02811	0.01382	0.01335	0.01983	0.01600	0.02454	0.03967	0.02020	0.01414	0.00787	0.00837	0.00195	0.07097	0.00610	0.05292	0.37267
26	0.01133	0.00850	0.01274	0.01274	0.01416	0.00991	0.00991	0.01416	0.01274	0.01841	0.02124	0.03115	0.01982	0.05947	0.68989	0.01274	0.02124	0.00850	0.00425	0.00708
27	0.01899	0.01843	0.03214	0.12783	0.55383	0.01877	0.06557	0.02391	0.01783	0.02518	0.01489	0.01993	0.01228	0.00715	0.00796	0.00241	0.00983	0.00722	0.00388	0.01198
28	0.01774	0.01405	0.01658	0.01191	0.01889	0.01064	0.00955	0.02123	0.01687	0.06986	0.01526	0.01716	0.01228	0.00614	0.00601	0.00126	0.00593	0.00492	0.00504	0.71869
29	0.01498	0.01409	0.02378	0.70226	0.05462	0.01762	0.02202	0.02026	0.01586	0.02026	0.01409	0.02114	0.01057	0.00793	0.00793	0.00264	0.01057	0.00705	0.00352	0.00881
30	0.00966	0.00690	0.00920	0.01104	0.01150	0.00644	0.00736	0.01104	0.01518	0.02024	0.04371	0.71614	0.05245	0.02484	0.01012	0.00322	0.00460	0.02254	0.00736	0.00644
31	0.02257	0.01427	0.01663	0.01390	0.01734	0.01520	0.01078	0.29857	0.02399	0.07621	0.01927	0.04227	0.01574	0.01650	0.01616	0.28106	0.00735	0.00757	0.07554	0.00908

[dist]
# distance from previous block
# <min> <max>
0	1

[block]
# block no. 1 follows, 24 sequences, length 102
# corresponding to MSA columns:
# 65-166
name=unknown_B
#
# <colnr> <probs for GDERKNQSTAVLIFYWHMCP>
#	G	D	E	R	K	N	Q	S	T	A	V	L	I	F	Y	W	H	M	C	P
0	0.01617	0.01381	0.01616	0.01172	0.01850	0.01041	0.00932	0.01961	0.01639	0.02562	0.01527	0.04430	0.01337	0.00663	0.00604	0.00126	0.00582	0.00541	0.00480	0.73940
1	0.01507	0.00806	0.00992	0.00960	0.01083	0.00825	0.00689	0.05102	0.01474	0.02295	0.01964	0.02646	0.01685	0.01973	0.04374	0.36084	0.00615	0.00718	0.33615	0.00589
2	0.01848	0.02307	0.10113	0.03249	0.04083	0.01991	0.59040	0.02538	0.01855	0.02538	0.01589	0.02099	0.01186	0.00676	0.00920	0.00266	0.01323	0.00906	0.00395	0.01078
3	0.01644	0.01409	0.01644	0.01175	0.01879	0.01057	0.00940	0.01997	0.01644	0.02584	0.01409	0.01644	0.01175	0.00587	0.00587	0.00117	0.00587	0.00470	0.00470	0.76979
4	0.02969	0.02075	0.02259	0.01742	0.02343	0.02265	0.01427	0.56228	0.03477	0.10195	0.02038	0.02134	0.01477	0.04459	0.00953	0.00265	0.00851	0.00743	0.00794	0.01306
5	0.02937	0.02183	0.02336	0.01809	0.02430	0.02423	0.01489	0.60069	0.08326	0.04873	0.02002	0.01982	0.01428	0.00961	0.00794	0.00240	0.00854	0.00727	0.00794	0.01342
6	0.01099	0.00829	0.01021	0.00998	0.01193	0.00768	0.00738	0.01483	0.04591	0.02830	0.44516	0.14834	0.18572	0.01789	0.00941	0.00263	0.00401	0.01568	0.00826	0.00739
7	0.01377	0.00689	0.01033	0.01033	0.01033	0.00689	0.00689	0.01033	0.01033	0.01377	0.01377	0.02410	0.01377	0.02755	0.03099	0.76928	0.00689	0.00689	0.00344	0.00344
8	0.01824	0.01785	0.02831	0.31165	0.39042	0.05125	0.02296	0.02305	0.01738	0.02330	0.01445	0.01998	0.01164	0.00747	0.00785	0.00246	0.01013	0.00696	0.00377	0.01088
9	0.00978	0.00699	0.00930	0.01096	0.01153	0.00652	0.00737	0.01133	0.01572	0.02110	0.08995	0.66745	0.05411	0.02420	0.01006	0.00317	0.00454	0.02194	0.00746	0.00652
10	0.01152	0.00773	0.00885	0.00885	0.00892	0.00780	0.00506	0.01166	0.01159	0.01552	0.02480	0.05088	0.02839	0.68884	0.07223	0.00794	0.00835	0.01138	0.00478	0.00492
11	0.01692	0.01437	0.01670	0.01197	0.01899	0.01105	0.00959	0.04153	0.01716	0.02667	0.01426	0.01653	0.01181	0.00600	0.00594	0.00122	0.00597	0.00478	0.00481	0.74371
12	0.01498	0.01409	0.02378	0.70226	0.05462	0.01762	0.02202	0.02026	0.01586	0.02026	0.01409	0.02114	0.01057	0.00793	0.00793	0.00264	0.01057	0.00705	0.00352	0.00881
13	0.01872	0.02139	0.04679	0.03342	0.04144	0.02005	0.64305	0.02540	0.01872	0.02540	0.01604	0.02139	0.01203	0.00668	0.00936	0.00267	0.01337	0.00936	0.00401	0.01070
14	0.08364	0.02357	0.02071	0.01692	0.02212	0.17446	0.01355	0.38660	0.02975	0.03956	0.01768	0.01871	0.01316	0.00902	0.00725	0.00225	0.00923	0.00649	0.09389	0.01144
15	0.05538	0.04447	0.01503	0.01342	0.01652	0.01135	0.01097	0.05736	0.01942	0.17198	0.05729	0.21761	0.03714	0.01758	0.00928	0.00301	0.00647	0.21901	0.00767	0.00905
16	0.03558	0.01350	0.01840	0.01411	0.02024	0.01166	0.01166	0.03865	0.02270	0.67734	0.03128	0.02699	0.01963	0.00981	0.00797	0.00245	0.00675	0.00797	0.00981	0.01350
17	0.01007	0.00817	0.00867	0.00888	0.01099	0.00728	0.00635	0.01255	0.04198	0.02101	0.06654	0.16962	0.47615	0.10034	0.01297	0.00333	0.00461	0.01673	0.00710	0.00667
18	0.07942	0.01790	0.02111	0.01650	0.02232	0.04148	0.03651	0.23272	0.05628	0.33026	0.02404	0.02261	0.01618	0.00958	0.00846	0.00247	0.03388	0.00742	0.00815	0.01269
19	0.01142	0.00764	0.00868	0.00879	0.00882	0.00762	0.00495	0.01150	0.01174	0.01566	0.02608	0.09059	0.03021	0.68075	0.03860	0.00743	0.00751	0.01217	0.00495	0.00490
20	0.03355	0.01494	0.01908	0.01482	0.02085	0.01403	0.01218	0.11916	0.07694	0.54130	0.02975	0.02615	0.01919	0.00985	0.00798	0.00246	0.00697	0.00795	0.00942	0.01342
21	0.01863	0.02064	0.04325	0.06141	0.11725	0.01997	0.51974	0.02483	0.01827	0.02502	0.01561	0.02101	0.01198	0.00706	0.00976	0.00266	0.03930	0.00890	0.00396	0.01077
22	0.09623	0.01926	0.02189	0.11380	0.02705	0.02227	0.01531	0.35787	0.11401	0.03926	0.01858	0.02003	0.01378	0.00967	0.00935	0.00257	0.07357	0.00709	0.00663	0.01179
23	0.01429	0.00795	0.00867	0.05895	0.01274	0.00808	0.00681	0.01795	0.01671	0.02811	0.03008	0.03330	0.08012	0.01015	0.00608	0.00198	0.00424	0.00824	0.63811	0.00743
24	0.02010	0.01763	0.02919	0.14499	0.49727	0.01816	0.02247	0.02563	0.04892	0.07367	0.01684	0.02089	0.01334	0.00758	0.00788	0.00242	0.00925	0.00722	0.00450	0.01205
25	0.01656	0.03644	0.53239	0.02513	0.03598	0.01880	0.17254	0.02518	0.01720	0.02518	0.01465	0.01783	0.01051	0.00734	0.00796	0.00255	0.01210	0.00668	0.00350	0.01148
26	0.08273	0.32492	0.05988	0.01409	0.02062	0.02133	0.01315	0.03051	0.04377	0.28664	0.02019	0.01935	0.01442	0.00824	0.00647	0.00214	0.00768	0.00601	0.00628	0.01157
27	0.01122	0.00811	0.01060	0.00998	0.01185	0.00748	0.00748	0.01496	0.02245	0.03180	0.66766	0.05923	0.07482	0.01621	0.00935	0.00249	0.00374	0.01434	0.00873	0.00748
28	0.01735	0.01735	0.02429	0.02082	0.02082	0.02429	0.01735	0.01908	0.01214	0.01908	0.01041	0.01735	0.01041	0.01388	0.02602	0.00347	0.70680	0.00694	0.00347	0.00867
29	0.01110	0.00813	0.01044	0.00996	0.01190	0.00747	0.00753	0.01468	0.02189	0.03055	0.59115	0.06188	0.12924	0.01677	0.00941	0.00255	0.00389	0.03550	0.00855	0.00740
30	0.01153	0.00769	0.00865	0.00865	0.00865	0.00769	0.00480	0.01153	0.01153	0.01538	0.02499	0.05189	0.02883	0.72131	0.04036	0.00769	0.00769	0.01153	0.00480	0.00480
31	0.03507	0.01431	0.01891	0.01449	0.02065	0.01286	0.01197	0.09529	0.02406	0.61877	0.03014	0.02625	0.01906	0.00979	0.00797	0.00245	0.00693	0.00790	0.00964	0.01349
32	0.00966	0.00690	0.00920	0.01104	0.01150	0.00644	0.00736	0.01104	0.01518	0.02024	0.04371	0.71614	0.05245	0.02484	0.01012	0.00322	0.00460	0.02254	0.00736	0.00644
33	0.01590	0.04102	0.68023	0.02260	0.03432	0.01842	0.02930	0.02511	0.01674	0.02511	0.01423	0.01674	0.01005	0.00753	0.00753	0.00251	0.01172	0.00586	0.00335	0.01172
34	0.01988	0.01975	0.03059	0.11507	0.55918	0.06842	0.02343	0.02445	0.01815	0.02483	0.01463	0.01939	0.01218	0.00724	0.00781	0.00236	0.00990	0.00692	0.00390	0.01192
35	0.07234	0.03911	0.63067	0.02170	0.03291	0.01837	0.02776	0.02498	0.01650	0.02589	0.01399	0.01646	0.00994	0.00752	0.00734	0.00251	0.01131	0.00574	0.00346	0.01149
36	0.17000	0.02046	0.02444	0.02545	0.18367	0.11849	0.09123	0.10332	0.02011	0.02949	0.01671	0.05243	0.01451	0.00885	0.00744	0.00237	0.00933	0.02987	0.00501	0.06681
37	0.07024	0.01778	0.04669	0.01583	0.02146	0.01798	0.01319	0.14322	0.29586	0.22889	0.02770	0.02548	0.01948	0.00993	0.00781	0.00254	0.00706	0.00795	0.00819	0.01273
38	0.09903	0.11628	0.13353	0.01845	0.06989	0.02039	0.01598	0.20133	0.07248	0.03319	0.04534	0.05377	0.01712	0.00930	0.00721	0.00230	0.00818	0.00727	0.00575	0.06321
39	0.05736	0.01223	0.03636	0.01381	0.01794	0.01049	0.03270	0.02397	0.01879	0.25038	0.05938	0.20589	0.03245	0.01509	0.00874	0.00273	0.00646	0.11025	0.00766	0.07733
40	0.77733	0.01534	0.01166	0.01043	0.01534	0.01779	0.00859	0.02331	0.01350	0.03558	0.01104	0.01288	0.00859	0.00736	0.00491	0.00245	0.00613	0.00429	0.00491	0.00859
41	0.01865	0.02120	0.04573	0.03283	0.04047	0.02025	0.61348	0.02510	0.01841	0.02510	0.01578	0.02120	0.01196	0.00702	0.01015	0.00271	0.04614	0.00924	0.00399	0.01060
42	0.01498	0.01409	0.02378	0.70226	0.05462	0.01762	0.02202	0.02026	0.01586	0.02026	0.01409	0.02114	0.01057	0.00793	0.00793	0.00264	0.01057	0.00705	0.00352	0.00881
43	0.00974	0.00808	0.00855	0.00854	0.01107	0.00689	0.00647	0.01204	0.01866	0.02288	0.15656	0.07455	0.56687	0.01964	0.00943	0.00269	0.00410	0.03887	0.00754	0.00682
44	0.01136	0.00836	0.01206	0.01206	0.01323	0.00954	0.00905	0.01372	0.01254	0.01790	0.02187	0.03464	0.02134	0.17073	0.58070	0.01189	0.01896	0.00901	0.00434	0.00670
45	0.00966	0.00690	0.00920	0.01104	0.01150	0.00644	0.00736	0.01104	0.01518	0.02024	0.04371	0.71614	0.05245	0.02484	0.01012	0.00322	0.00460	0.02254	0.00736	0.00644
46	0.01122	0.00811	0.01060	0.00998	0.01185	0.00748	0.00748	0.01496	0.02245	0.03180	0.66766	0.05923	0.07482	0.01621	0.00935	0.00249	0.00374	0.01434	0.00873	0.00748
47	0.01972	0.01703	0.01793	0.01614	0.02062	0.01972	0.01255	0.04214	0.65752	0.03317	0.03228	0.02959	0.02421	0.01076	0.00807	0.00269	0.00628	0.00897	0.00807	0.01255
48	0.02937	0.02183	0.02336	0.01809	0.02430	0.02423	0.01489	0.60069	0.08326	0.04873	0.02002	0.01982	0.01428	0.00961	0.00794	0.00240	0.00854	0.00727	0.00794	0.01342
49	0.01133	0.00850	0.01274	0.01274	0.01416	0.00991	0.00991	0.01416	0.01274	0.01841	0.02124	0.03115	0.01982	0.05947	0.68989	0.01274	0.02124	0.00850	0.00425	0.00708
50	0.02908	0.02083	0.02257	0.01764	0.02371	0.02295	0.01446	0.51528	0.12375	0.09410	0.02181	0.02112	0.01545	0.00972	0.00796	0.00243	0.00823	0.00746	0.00809	0.01335
51	0.01590	0.04102	0.68023	0.02260	0.03432	0.01842	0.02930	0.02511	0.01674	0.02511	0.01423	0.01674	0.01005	0.00753	0.00753	0.00251	0.01172	0.00586	0.00335	0.01172
52	0.00966	0.00690	0.00920	0.01104	0.01150	0.00644	0.00736	0.01104	0.01518	0.02024	0.04371	0.71614	0.05245	0.02484	0.01012	0.00322	0.00460	0.02254	0.00736	0.00644
53	0.01377	0.00689	0.01033	0.01033	0.01033	0.00689	0.00689	0.01033	0.01033	0.01377	0.01377	0.02410	0.01377	0.02755	0.03099	0.76928	0.00689	0.00689	0.00344	0.00344
54	0.01710	0.01694	0.02363	0.02030	0.02030	0.02359	0.01682	0.01877	0.01212	0.01893	0.01103	0.01881	0.01119	0.04376	0.02663	0.00365	0.67727	0.00713	0.00353	0.00851
55	0.01133	0.00850	0.01274	0.01274	0.01416	0.00991	0.00991	0.01416	0.01274	0.01841	0.02124	0.03115	0.01982	0.05947	0.68989	0.01274	0.02124	0.00850	0.00425	0.00708
56	0.01133	0.00850	0.01274	0.01274	0.01416	0.00991	0.00991	0.01416	0.01274	0.01841	0.02124	0.03115	0.01982	0.05947	0.68989	0.01274	0.02124	0.00850	0.00425	0.00708
57	0.01968	0.01670	0.02412	0.47258	0.06988	0.01975	0.02004	0.20689	0.02233	0.02935	0.01560	0.02045	0.01152	0.00837	0.00793	0.00255	0.00998	0.00708	0.00485	0.01035
58	0.02131	0.01726	0.01844	0.01611	0.02080	0.01963	0.01266	0.12074	0.52983	0.05706	0.05479	0.02924	0.02457	0.01077	0.00810	0.00263	0.00652	0.00890	0.00813	0.01251
59	0.01294	0.01081	0.01562	0.01470	0.01567	0.01362	0.01165	0.01534	0.01253	0.01845	0.01854	0.02845	0.01775	0.07818	0.48348	0.01005	0.20254	0.00822	0.00407	0.00740
60	0.01629	0.01464	0.02058	0.37540	0.03796	0.01598	0.01662	0.02426	0.13594	0.02428	0.01749	0.02137	0.01346	0.00787	0.00736	0.00223	0.00842	0.00673	0.00471	0.22842
61	0.01818	0.02009	0.04086	0.08063	0.03854	0.02067	0.47940	0.02383	0.01727	0.02383	0.01484	0.02061	0.01162	0.00813	0.01238	0.00282	0.14351	0.00873	0.00387	0.01018
62	0.03014	0.02221	0.02380	0.01825	0.02459	0.02459	0.01507	0.64541	0.03728	0.04998	0.01904	0.01904	0.01349	0.00952	0.00793	0.00238	0.00873	0.00714	0.00793	0.01349
63	0.00966	0.00690	0.00920	0.01104	0.01150	0.00644	0.00736	0.01104	0.01518	0.02024	0.04371	0.71614	0.05245	0.02484	0.01012	0.00322	0.00460	0.02254	0.00736	0.00644
64	0.01278	0.00913	0.01278	0.01460	0.01643	0.00913	0.01278	0.01643	0.01825	0.02373	0.04199	0.08945	0.04564	0.02191	0.01095	0.00365	0.00730	0.61847	0.00730	0.00730
65	0.01735	0.01735	0.02429	0.02082	0.02082	0.02429	0.01735	0.01908	0.01214	0.01908	0.01041	0.01735	0.01041	0.01388	0.02602	0.00347	0.70680	0.00694	0.00347	0.00867
66	0.01478	0.00739	0.00739	0.00739	0.00924	0.00739	0.00554	0.01848	0.01663	0.02956	0.02587	0.02956	0.02033	0.00924	0.00554	0.00185	0.00370	0.00739	0.76534	0.00739
67	0.01133	0.00850	0.01274	0.01274	0.01416	0.00991	0.00991	0.01416	0.01274	0.01841	0.02124	0.03115	0.01982	0.05947	0.68989	0.01274	0.02124	0.00850	0.00425	0.00708
68	0.01590	0.04102	0.68023	0.02260	0.03432	0.01842	0.02930	0.02511	0.01674	0.02511	0.01423	0.01674	0.01005	0.00753	0.00753	0.00251	0.01172	0.00586	0.00335	0.01172
69	0.01111	0.00802	0.01050	0.01005	0.01182	0.00741	0.00747	0.01469	0.02193	0.03098	0.62342	0.10581	0.07324	0.01682	0.00941	0.00255	0.00380	0.01492	0.00863	0.00741
70	0.00937	0.00803	0.00803	0.00803	0.01071	0.00669	0.00602	0.01138	0.01807	0.02142	0.08033	0.07632	0.66863	0.02008	0.00937	0.00268	0.00402	0.01674	0.00736	0.00669
71	0.01560	0.01324	0.01550	0.01148	0.01780	0.01008	0.00908	0.01898	0.01675	0.02571	0.05026	0.05184	0.04321	0.00779	0.00637	0.00139	0.00564	0.00645	0.00512	0.66773
72	0.01590	0.04102	0.68023	0.02260	0.03432	0.01842	0.02930	0.02511	0.01674	0.02511	0.01423	0.01674	0.01005	0.00753	0.00753	0.00251	0.01172	0.00586	0.00335	0.01172
73	0.77733	0.01534	0.01166	0.01043	0.01534	0.01779	0.00859	0.02331	0.01350	0.03558	0.01104	0.01288	0.00859	0.00736	0.00491	0.00245	0.00613	0.00429	0.00491	0.00859
74	0.03480	0.01367	0.01838	0.01421	0.02026	0.01205	0.01170	0.03882	0.05385	0.64573	0.03133	0.02712	0.01985	0.00986	0.00798	0.00247	0.00672	0.00802	0.00973	0.01345
75	0.01122	0.00811	0.01060	0.00998	0.01185	0.00748	0.00748	0.01496	0.02245	0.03180	0.66766	0.05923	0.07482	0.01621	0.00935	0.00249	0.00374	0.01434	0.00873	0.00748
76	0.01478	0.00739	0.00739	0.00739	0.00924	0.00739	0.00554	0.01848	0.01663	0.02956	0.02587	0.02956	0.02033	0.00924	0.00554	0.00185	0.00370	0.00739	0.76534	0.00739
77	0.01940	0.01861	0.03178	0.08021	0.64207	0.01878	0.02422	0.02414	0.01795	0.02563	0.01488	0.01970	0.01246	0.00711	0.00785	0.00237	0.00948	0.00706	0.00391	0.01238
78	0.00972	0.00699	0.00923	0.01089	0.01149	0.00650	0.00732	0.01124	0.01562	0.02082	0.07396	0.66434	0.07393	0.02428	0.01006	0.00317	0.00454	0.02197	0.00742	0.00650
79	0.01133	0.00850	0.01274	0.01274	0.01416	0.00991	0.00991	0.01416	0.01274	0.01841	0.02124	0.03115	0.01982	0.05947	0.68989	0.01274	0.02124	0.00850	0.00425	0.00708
80	0.01145	0.00765	0.00867	0.00875	0.00877	0.00764	0.00491	0.01151	0.01169	0.01558	0.02578	0.07995	0.02983	0.69190	0.03908	0.00750	0.00756	0.01200	0.00491	0.00487
81	0.02120	0.72609	0.04155	0.01357	0.02035	0.03138	0.01357	0.02374	0.01611	0.01866	0.01102	0.01272	0.01018	0.00678	0.00509	0.00170	0.00848	0.00424	0.00339	0.01018
82	0.00966	0.00690	0.00920	0.01104	0.01150	0.00644	0.00736	0.01104	0.01518	0.02024	0.04371	0.71614	0.05245	0.02484	0.01012	0.00322	0.00460	0.02254	0.00736	0.00644
83	0.01590	0.04102	0.68023	0.02260	0.03432	0.01842	0.02930	0.02511	0.01674	0.02511	0.01423	0.01674	0.01005	0.00753	0.00753	0.00251	0.01172	0.00586	0.00335	0.01172
84	0.01152	0.00773	0.00889	0.00889	0.00897	0.00782	0.00510	0.01168	0.01160	0.01555	0.02477	0.05069	0.02830	0.68276	0.07820	0.00798	0.00848	0.01135	0.00477	0.00494
85	0.01757	0.08572	0.02770	0.02102	0.02257	0.02383	0.08092	0.01994	0.01323	0.01966	0.01158	0.01800	0.01102	0.01469	0.05486	0.00367	0.53451	0.00700	0.00356	0.00895
86	0.01764	0.01669	0.02806	0.21078	0.45756	0.01750	0.02221	0.02234	0.01771	0.02457	0.04820	0.02417	0.04153	0.00824	0.00800	0.00245	0.00923	0.00780	0.00419	0.01113
87	0.02008	0.01451	0.01714	0.01260	0.01936	0.01181	0.01014	0.05170	0.04987	0.12476	0.01778	0.01878	0.01362	0.00687	0.00639	0.00149	0.00615	0.00551	0.00577	0.58567
88	0.02863	0.02024	0.02207	0.01715	0.02284	0.02217	0.01397	0.55042	0.03385	0.07711	0.01960	0.02119	0.01449	0.04227	0.01072	0.04729	0.00848	0.00736	0.00762	0.01251
89	0.02962	0.03779	0.02247	0.02043	0.02451	0.68948	0.01532	0.03166	0.02247	0.01941	0.01226	0.01430	0.01021	0.00817	0.00715	0.00204	0.01430	0.00511	0.00409	0.00919
90	0.01837	0.02314	0.17531	0.11127	0.25205	0.03926	0.02135	0.04913	0.10843	0.02659	0.01957	0.02229	0.03778	0.00834	0.00774	0.00241	0.00936	0.00722	0.00466	0.05573
91	0.50612	0.01700	0.01604	0.06476	0.02020	0.04898	0.01185	0.05892	0.01521	0.03157	0.01167	0.01473	0.00942	0.00875	0.00924	0.00263	0.13412	0.00518	0.00468	0.00893
92	0.02165	0.01241	0.01613	0.09009	0.02112	0.01251	0.01155	0.13344	0.02130	0.21997	0.03167	0.28673	0.03028	0.04051	0.00993	0.00294	0.00675	0.01336	0.00767	0.00999
93	0.02097	0.69559	0.06999	0.01397	0.02097	0.03080	0.01427	0.02381	0.01614	0.01894	0.01117	0.01290	0.01017	0.00682	0.00520	0.00173	0.00862	0.00431	0.00339	0.01025
94	0.77733	0.01534	0.01166	0.01043	0.01534	0.01779	0.00859	0.02331	0.01350	0.03558	0.01104	0.01288	0.00859	0.00736	0.00491	0.00245	0.00613	0.00429	0.00491	0.00859
95	0.06360	0.01854	0.02817	0.04024	0.51583	0.04354	0.02101	0.02474	0.04832	0.02685	0.04687	0.02126	0.01576	0.00769	0.00764	0.00232	0.00883	0.00716	0.00445	0.04720
96	0.02091	0.01644	0.02176	0.16802	0.08372	0.03801	0.04487	0.16425	0.09091	0.07957	0.07793	0.03164	0.02274	0.01067	0.00830	0.00259	0.00842	0.06511	0.03340	0.01072
97	0.01278	0.00913	0.01278	0.01460	0.01643	0.00913	0.01278	0.01643	0.01825	0.02373	0.04199	0.08945	0.04564	0.02191	0.01095	0.00365	0.00730	0.61847	0.00730	0.00730
98	0.01122	0.00811	0.01060	0.00998	0.01185	0.00748	0.00748	0.01496	0.02245	0.03180	0.66766	0.05923	0.07482	0.01621	0.00935	0.00249	0.00374	0.01434	0.00873	0.00748
99	0.02895	0.01630	0.02079	0.04390	0.02307	0.01641	0.04211	0.25475	0.02653	0.31372	0.02631	0.08468	0.01984	0.03335	0.00924	0.00268	0.00777	0.00908	0.00823	0.01228
100	0.01904	0.01453	0.01971	0.08526	0.08320	0.01529	0.04972	0.20759	0.02246	0.05630	0.02715	0.25447	0.02740	0.06685	0.01114	0.00310	0.00771	0.01274	0.00655	0.00979
101	0.00993	0.00701	0.00912	0.01070	0.01109	0.00662	0.00699	0.01111	0.01466	0.01954	0.04102	0.62088	0.04906	0.12473	0.01446	0.00386	0.00504	0.02096	0.00699	0.00621

[dist]
# distance from previous block
# <min> <max>
0	17

[block]
# block no. 2 follows, 24 sequences, length 69
# corresponding to MSA columns:
# 184-252
name=unknown_C
#
# <colnr> <probs for GDERKNQSTAVLIFYWHMCP>
#	G	D	E	R	K	N	Q	S	T	A	V	L	I	F	Y	W	H	M	C	P
0	0.00939	0.00797	0.00810	0.00820	0.01076	0.00668	0.00610	0.01136	0.01791	0.02136	0.07826	0.11259	0.63369	0.02035	0.00941	0.00271	0.00405	0.01707	0.00736	0.00668
1	0.01863	0.02073	0.04396	0.06893	0.11403	0.01979	0.54111	0.02502	0.01850	0.02520	0.01582	0.02118	0.01202	0.00679	0.00911	0.00264	0.01278	0.00898	0.00398	0.01081
2	0.01134	0.00844	0.01248	0.01248	0.01381	0.00977	0.00959	0.01399	0.01267	0.01821	0.02148	0.03248	0.02040	0.10178	0.64837	0.01242	0.02037	0.00869	0.00428	0.00693
3	0.01124	0.00809	0.01051	0.00991	0.01169	0.00749	0.00735	0.01480	0.02193	0.03102	0.63707	0.05888	0.07263	0.04977	0.01083	0.00274	0.00393	0.01421	0.00854	0.00735
4	0.01478	0.00739	0.00739	0.00739	0.00924	0.00739	0.00554	0.01848	0.01663	0.02956	0.02587	0.02956	0.02033	0.00924	0.00554	0.00185	0.00370	0.00739	0.76534	0.00739
5	0.04533	0.22625	0.22573	0.05183	0.02458	0.04277	0.01735	0.02302	0.01664	0.07269	0.04524	0.05901	0.01673	0.01240	0.03774	0.05175	0.00958	0.00704	0.00446	0.00985
6	0.01963	0.01884	0.03219	0.04867	0.67185	0.01884	0.02434	0.02434	0.01806	0.02591	0.01492	0.01963	0.01256	0.00707	0.00785	0.00236	0.00942	0.00707	0.00393	0.01256
7	0.00966	0.00690	0.00920	0.01104	0.01150	0.00644	0.00736	0.01104	0.01518	0.02024	0.04371	0.71614	0.05245	0.02484	0.01012	0.00322	0.00460	0.02254	0.00736	0.00644
8	0.01655	0.09670	0.18574	0.04200	0.08240	0.05030	0.01790	0.02137	0.01786	0.04564	0.04842	0.08968	0.02749	0.01374	0.00867	0.00281	0.00887	0.20892	0.00543	0.00950
9	0.01672	0.14600	0.58236	0.02122	0.03218	0.02040	0.02689	0.02490	0.01665	0.02412	0.01374	0.01613	0.01007	0.00742	0.00716	0.00239	0.01122	0.00561	0.00336	0.01148
10	0.01209	0.01082	0.04899	0.01128	0.01394	0.00926	0.00912	0.01778	0.09000	0.02950	0.44708	0.11805	0.11893	0.01631	0.00919	0.00260	0.00458	0.01428	0.00809	0.00810
11	0.01134	0.00846	0.01255	0.01255	0.01390	0.00981	0.00967	0.01404	0.01269	0.01827	0.02141	0.03212	0.02024	0.09023	0.65970	0.01251	0.02061	0.00864	0.00427	0.00697
12	0.77733	0.01534	0.01166	0.01043	0.01534	0.01779	0.00859	0.02331	0.01350	0.03558	0.01104	0.01288	0.00859	0.00736	0.00491	0.00245	0.00613	0.00429	0.00491	0.00859
13	0.00980	0.00782	0.00878	0.00902	0.01110	0.00680	0.00658	0.01204	0.01839	0.02329	0.19197	0.19917	0.42681	0.02024	0.00952	0.00275	0.00408	0.01740	0.00764	0.00680
14	0.01912	0.05753	0.24835	0.08869	0.18067	0.01953	0.09381	0.05802	0.05067	0.05561	0.01622	0.01940	0.01225	0.00795	0.00855	0.00251	0.03828	0.00693	0.00435	0.01156
15	0.01525	0.00818	0.00826	0.00798	0.01010	0.00822	0.00605	0.04973	0.01775	0.03013	0.02861	0.03168	0.05674	0.00987	0.00588	0.00192	0.00397	0.00791	0.68412	0.00766
16	0.02986	0.02156	0.02326	0.01795	0.02419	0.02376	0.01479	0.58747	0.06794	0.07754	0.02026	0.01993	0.01431	0.00960	0.00794	0.00240	0.00851	0.00727	0.00802	0.01344
17	0.04962	0.01651	0.07666	0.01640	0.05686	0.01448	0.01332	0.08034	0.13418	0.26886	0.11318	0.02955	0.02584	0.01035	0.00787	0.00246	0.00679	0.00855	0.05643	0.01175
18	0.01896	0.06117	0.10800	0.04017	0.46930	0.01904	0.08046	0.02420	0.01778	0.02554	0.01527	0.01956	0.01248	0.00718	0.00768	0.00234	0.00971	0.00699	0.04228	0.01189
19	0.02524	0.33029	0.03073	0.01753	0.02250	0.36604	0.01470	0.02748	0.01910	0.01907	0.01161	0.01382	0.01021	0.00794	0.00748	0.00199	0.05608	0.00485	0.00375	0.00958
20	0.01094	0.00809	0.01021	0.00968	0.01167	0.00736	0.00726	0.01442	0.02178	0.03022	0.57842	0.06183	0.16505	0.01680	0.00936	0.00252	0.00378	0.01470	0.00852	0.00736
21	0.00966	0.00690	0.00920	0.01104	0.01150	0.00644	0.00736	0.01104	0.01518	0.02024	0.04371	0.71614	0.05245	0.02484	0.01012	0.00322	0.00460	0.02254	0.00736	0.00644
22	0.02931	0.06463	0.02329	0.02006	0.02435	0.63361	0.01524	0.05862	0.02288	0.02074	0.01251	0.01445	0.01036	0.00818	0.00710	0.00204	0.01382	0.00516	0.00423	0.00942
23	0.00966	0.00690	0.00920	0.01104	0.01150	0.00644	0.00736	0.01104	0.01518	0.02024	0.04371	0.71614	0.05245	0.02484	0.01012	0.00322	0.00460	0.02254	0.00736	0.00644
24	0.02120	0.72609	0.04155	0.01357	0.02035	0.03138	0.01357	0.02374	0.01611	0.01866	0.01102	0.01272	0.01018	0.00678	0.00509	0.00170	0.00848	0.00424	0.00339	0.01018
25	0.03014	0.02221	0.02380	0.01825	0.02459	0.02459	0.01507	0.64541	0.03728	0.04998	0.01904	0.01904	0.01349	0.00952	0.00793	0.00238	0.00873	0.00714	0.00793	0.01349
26	0.03014	0.02221	0.02380	0.01825	0.02459	0.02459	0.01507	0.64541	0.03728	0.04998	0.01904	0.01904	0.01349	0.00952	0.00793	0.00238	0.00873	0.00714	0.00793	0.01349
27	0.01972	0.01703	0.01793	0.01614	0.02062	0.01972	0.01255	0.04214	0.65752	0.03317	0.03228	0.02959	0.02421	0.01076	0.00807	0.00269	0.00628	0.00897	0.00807	0.01255
28	0.04878	0.09262	0.37385	0.02046	0.02946	0.09263	0.04992	0.09810	0.02012	0.07929	0.01562	0.01728	0.01127	0.00791	0.00735	0.00238	0.01085	0.00606	0.00456	0.01150
29	0.01745	0.24035	0.49439	0.01997	0.03026	0.02219	0.02472	0.02471	0.01656	0.02323	0.01330	0.01557	0.01008	0.00732	0.00682	0.00227	0.01078	0.00539	0.00336	0.01127
30	0.01963	0.01884	0.03219	0.04867	0.67185	0.01884	0.02434	0.02434	0.01806	0.02591	0.01492	0.01963	0.01256	0.00707	0.00785	0.00236	0.00942	0.00707	0.00393	0.01256
31	0.01153	0.00769	0.00865	0.00865	0.00865	0.00769	0.00480	0.01153	0.01153	0.01538	0.02499	0.05189	0.02883	0.72131	0.04036	0.00769	0.00769	0.01153	0.00480	0.00480
32	0.03014	0.02221	0.02380	0.01825	0.02459	0.02459	0.01507	0.64541	0.03728	0.04998	0.01904	0.01904	0.01349	0.00952	0.00793	0.00238	0.00873	0.00714	0.00793	0.01349
33	0.01533	0.01468	0.02485	0.61729	0.05129	0.01827	0.04924	0.02039	0.01568	0.02039	0.01388	0.02085	0.01062	0.00836	0.00946	0.00271	0.06714	0.00714	0.00354	0.00888
34	0.01735	0.01735	0.02429	0.02082	0.02082	0.02429	0.01735	0.01908	0.01214	0.01908	0.01041	0.01735	0.01041	0.01388	0.02602	0.00347	0.70680	0.00694	0.00347	0.00867
35	0.00966	0.00690	0.00920	0.01104	0.01150	0.00644	0.00736	0.01104	0.01518	0.02024	0.04371	0.71614	0.05245	0.02484	0.01012	0.00322	0.00460	0.02254	0.00736	0.00644
36	0.00947	0.00804	0.00817	0.00813	0.01077	0.00674	0.00610	0.01157	0.01830	0.02196	0.11093	0.07543	0.63769	0.01988	0.00937	0.00267	0.00400	0.01661	0.00743	0.00674
37	0.01153	0.00769	0.00865	0.00865	0.00865	0.00769	0.00480	0.01153	0.01153	0.01538	0.02499	0.05189	0.02883	0.72131	0.04036	0.00769	0.00769	0.01153	0.00480	0.00480
38	0.01682	0.01698	0.01452	0.01421	0.01654	0.19226	0.01088	0.03839	0.01907	0.02253	0.07092	0.19062	0.15238	0.01689	0.01006	0.00277	0.05244	0.10304	0.03088	0.00781
39	0.00992	0.00710	0.00944	0.01086	0.01156	0.00662	0.00738	0.01170	0.01640	0.02219	0.14867	0.60564	0.05621	0.02339	0.00999	0.00310	0.00446	0.02116	0.00759	0.00662
40	0.01738	0.01789	0.05180	0.02165	0.06000	0.01504	0.22345	0.02216	0.01711	0.02538	0.01464	0.01831	0.01176	0.00661	0.00806	0.00188	0.03881	0.00652	0.00433	0.41722
41	0.02848	0.10297	0.02514	0.02011	0.02467	0.58117	0.03549	0.05218	0.02226	0.02060	0.01250	0.01454	0.01038	0.00804	0.00705	0.00204	0.01351	0.00523	0.00415	0.00949
42	0.03428	0.01383	0.01829	0.01410	0.02006	0.01237	0.01162	0.08003	0.02344	0.60503	0.03019	0.02655	0.01923	0.00977	0.00786	0.00242	0.00675	0.00789	0.04305	0.01323
43	0.03046	0.01238	0.01667	0.01316	0.01846	0.01076	0.01072	0.03359	0.02244	0.54358	0.13470	0.03446	0.05929	0.01132	0.00826	0.00247	0.00614	0.00940	0.00953	0.01222
44	0.01153	0.00769	0.00865	0.00865	0.00865	0.00769	0.00480	0.01153	0.01153	0.01538	0.02499	0.05189	0.02883	0.72131	0.04036	0.00769	0.00769	0.01153	0.00480	0.00480
45	0.01963	0.01884	0.03219	0.04867	0.67185	0.01884	0.02434	0.02434	0.01806	0.02591	0.01492	0.01963	0.01256	0.00707	0.00785	0.00236	0.00942	0.00707	0.00393	0.01256
46	0.02120	0.72609	0.04155	0.01357	0.02035	0.03138	0.01357	0.02374	0.01611	0.01866	0.01102	0.01272	0.01018	0.00678	0.00509	0.00170	0.00848	0.00424	0.00339	0.01018
47	0.02964	0.03715	0.02253	0.02034	0.02452	0.66217	0.01531	0.05687	0.02308	0.02066	0.01254	0.01449	0.01035	0.00823	0.00718	0.00206	0.01407	0.00519	0.00424	0.00937
48	0.01601	0.01207	0.01337	0.04204	0.01684	0.01210	0.00952	0.13922	0.08107	0.06207	0.05492	0.11792	0.35880	0.01655	0.00891	0.00266	0.00563	0.01383	0.00750	0.00898
49	0.01741	0.01754	0.02533	0.02140	0.02178	0.02409	0.04643	0.01938	0.01245	0.01938	0.01067	0.01754	0.01048	0.01354	0.02525	0.00343	0.67457	0.00705	0.00349	0.00877
50	0.01278	0.00845	0.01110	0.01024	0.01238	0.00775	0.00775	0.01648	0.02246	0.07306	0.62699	0.05717	0.07129	0.01580	0.00926	0.00249	0.00393	0.01393	0.00880	0.00787
51	0.77733	0.01534	0.01166	0.01043	0.01534	0.01779	0.00859	0.02331	0.01350	0.03558	0.01104	0.01288	0.00859	0.00736	0.00491	0.00245	0.00613	0.00429	0.00491	0.00859
52	0.01635	0.01599	0.02572	0.50712	0.09412	0.04756	0.07050	0.02105	0.01613	0.02075	0.01401	0.02064	0.01092	0.00883	0.00986	0.03043	0.05022	0.00713	0.00361	0.00905
53	0.01153	0.00769	0.00865	0.00865	0.00865	0.00769	0.00480	0.01153	0.01153	0.01538	0.02499	0.05189	0.02883	0.72131	0.04036	0.00769	0.00769	0.01153	0.00480	0.00480
54	0.00985	0.00805	0.00870	0.00854	0.01101	0.00690	0.00640	0.01231	0.01921	0.02412	0.23319	0.07187	0.51408	0.01908	0.00937	0.00263	0.00394	0.01611	0.00772	0.00690
55	0.01841	0.01867	0.02398	0.02050	0.02152	0.07892	0.04466	0.04665	0.01462	0.02081	0.01373	0.07069	0.01381	0.01372	0.02169	0.00325	0.53341	0.00809	0.00403	0.00885
56	0.05442	0.09719	0.02423	0.02204	0.16171	0.01712	0.01498	0.05974	0.02024	0.33479	0.02290	0.04494	0.01670	0.00958	0.00896	0.00245	0.06136	0.00758	0.00696	0.01213
57	0.00973	0.00805	0.00853	0.00841	0.01093	0.00685	0.00631	0.01208	0.01892	0.02344	0.19429	0.07300	0.55341	0.01933	0.00937	0.00264	0.00396	0.01627	0.00763	0.00685
58	0.00973	0.00695	0.00926	0.01100	0.01152	0.00649	0.00737	0.01121	0.01550	0.02075	0.07090	0.68751	0.05342	0.02447	0.01009	0.00319	0.00456	0.02219	0.00742	0.00649
59	0.01829	0.02058	0.06725	0.09573	0.17544	0.01999	0.35320	0.02396	0.01746	0.02429	0.01489	0.02031	0.01173	0.00775	0.01076	0.00269	0.09286	0.00822	0.00386	0.01073
60	0.01644	0.01409	0.01644	0.01175	0.01879	0.01057	0.00940	0.01997	0.01644	0.02584	0.01409	0.01644	0.01175	0.00587	0.00587	0.00117	0.00587	0.00470	0.00470	0.76979
61	0.01958	0.01002	0.01288	0.01107	0.01463	0.00882	0.00869	0.02274	0.02166	0.26107	0.32248	0.05109	0.17346	0.01469	0.00886	0.00252	0.00487	0.01254	0.00885	0.00948
62	0.01009	0.00749	0.00999	0.04190	0.01370	0.00716	0.00827	0.01187	0.01572	0.02061	0.04587	0.57762	0.11075	0.02341	0.01001	0.00317	0.00500	0.06356	0.00719	0.00663
63	0.05802	0.06988	0.09550	0.02246	0.12414	0.13665	0.01702	0.20932	0.09908	0.03239	0.02006	0.02111	0.04178	0.00902	0.00750	0.00234	0.00950	0.00696	0.00571	0.01157
64	0.01974	0.01934	0.05973	0.02679	0.23694	0.07391	0.01707	0.11891	0.10299	0.02951	0.07369	0.06115	0.04463	0.01298	0.03835	0.00296	0.00903	0.03541	0.00586	0.01101
65	0.08337	0.00978	0.01170	0.01183	0.01361	0.01002	0.00858	0.01573	0.04369	0.04310	0.03670	0.42428	0.07959	0.04947	0.01170	0.00314	0.06095	0.01646	0.00664	0.05967
66	0.01784	0.01769	0.03166	0.19374	0.31041	0.01885	0.15037	0.02278	0.01716	0.02378	0.01578	0.02330	0.01330	0.00847	0.00994	0.00265	0.07238	0.03522	0.00396	0.01072
67	0.08477	0.04827	0.08814	0.16092	0.15659	0.13345	0.01896	0.13562	0.02141	0.05680	0.01522	0.01817	0.01158	0.00804	0.00740	0.00237	0.01016	0.00634	0.00485	0.01095
68	0.31934	0.09579	0.06569	0.08471	0.05288	0.02061	0.01427	0.16987	0.02050	0.06787	0.01467	0.01644	0.01096	0.00799	0.00641	0.00237	0.00800	0.00565	0.00542	0.01058

[dist]
# distance from previous block
# <min> <max>
5	52

[block]
# block no. 3 follows, 24 sequences, length 15
# corresponding to MSA columns:
# 307-321
name=unknown_D
#
# <colnr> <probs for GDERKNQSTAVLIFYWHMCP>
#	G	D	E	R	K	N	Q	S	T	A	V	L	I	F	Y	W	H	M	C	P
0	0.06153	0.08835	0.15637	0.05915	0.04912	0.11852	0.01649	0.02820	0.08407	0.13460	0.10483	0.02482	0.02176	0.00942	0.00752	0.00237	0.00892	0.00743	0.00585	0.01071
1	0.08184	0.15521	0.09109	0.18211	0.02929	0.01987	0.01615	0.13816	0.02059	0.06478	0.06227	0.06862	0.01863	0.00975	0.00734	0.00240	0.00848	0.00779	0.00539	0.01023
2	0.18329	0.16523	0.23929	0.01976	0.07500	0.02030	0.06114	0.02444	0.04414	0.02700	0.05893	0.01913	0.01516	0.00799	0.00677	0.00234	0.00901	0.00625	0.00436	0.01047
3	0.04848	0.09580	0.05389	0.05298	0.02082	0.01499	0.03950	0.08513	0.04604	0.05040	0.06603	0.17675	0.05405	0.01428	0.00839	0.00264	0.00716	0.09504	0.00630	0.06134
4	0.02256	0.05836	0.06436	0.01625	0.05523	0.01464	0.01309	0.09162	0.05471	0.21919	0.05701	0.12091	0.04927	0.01247	0.00880	0.00254	0.03356	0.03347	0.03426	0.03769
5	0.17869	0.05416	0.26368	0.09467	0.02982	0.01749	0.07476	0.02507	0.01688	0.09926	0.01739	0.02282	0.01350	0.00868	0.00737	0.00257	0.00957	0.04841	0.00475	0.01047
6	0.11237	0.02486	0.09421	0.01755	0.02356	0.13048	0.01532	0.32469	0.07173	0.03829	0.05662	0.02046	0.01645	0.00932	0.00751	0.00238	0.00920	0.00690	0.00650	0.01160
7	0.01799	0.01537	0.01879	0.01368	0.02060	0.01279	0.04325	0.07993	0.04668	0.02840	0.01546	0.01752	0.01247	0.00647	0.00635	0.00143	0.00655	0.00536	0.00511	0.62579
8	0.01830	0.04336	0.13159	0.02841	0.06836	0.01896	0.38436	0.06141	0.01890	0.02611	0.01699	0.04596	0.01371	0.01059	0.04677	0.00312	0.01235	0.00872	0.00429	0.03775
9	0.02372	0.01418	0.01698	0.01426	0.01929	0.01384	0.01163	0.09344	0.16074	0.24156	0.03329	0.03816	0.07269	0.01200	0.00825	0.00252	0.00660	0.09649	0.00801	0.11235
10	0.01900	0.01973	0.07481	0.04330	0.55778	0.01832	0.02342	0.02489	0.05151	0.02611	0.01727	0.02381	0.01483	0.00811	0.00801	0.00245	0.00930	0.04085	0.00429	0.01221
11	0.01611	0.01525	0.02584	0.54252	0.20547	0.01792	0.02259	0.02126	0.01639	0.02164	0.01430	0.02077	0.01106	0.00772	0.00791	0.00257	0.01029	0.00705	0.00362	0.00973
12	0.01564	0.01441	0.02342	0.36245	0.05867	0.01631	0.08594	0.02067	0.03664	0.02237	0.03713	0.02446	0.01518	0.05768	0.01146	0.00287	0.06344	0.00770	0.04399	0.07959
13	0.01859	0.01778	0.03032	0.19424	0.53438	0.01857	0.02382	0.02343	0.01757	0.02465	0.01473	0.01996	0.01212	0.00726	0.00787	0.00242	0.00968	0.00706	0.00384	0.01173
14	0.01846	0.01794	0.05189	0.11471	0.08529	0.01870	0.16851	0.05035	0.08123	0.05299	0.01823	0.05032	0.01508	0.01167	0.03797	0.00310	0.14021	0.00836	0.00482	0.05017

[dist]
# distance from previous block
# <min> <max>
0	9

[block]
# block no. 4 follows, 24 sequences, length 12
# corresponding to MSA columns:
# 331-342
name=unknown_E
#
# <colnr> <probs for GDERKNQSTAVLIFYWHMCP>
#	G	D	E	R	K	N	Q	S	T	A	V	L	I	F	Y	W	H	M	C	P
0	0.13168	0.08360	0.42526	0.02044	0.02977	0.01878	0.08718	0.02415	0.01676	0.02666	0.05371	0.01894	0.01401	0.00790	0.00726	0.00246	0.01032	0.00638	0.00399	0.01077
1	0.13608	0.13469	0.32578	0.01708	0.02525	0.01864	0.01927	0.02572	0.04056	0.09415	0.07550	0.02095	0.01728	0.00854	0.00699	0.00238	0.00892	0.00648	0.00493	0.01083
2	0.16049	0.04459	0.09249	0.20927	0.10666	0.04652	0.01791	0.06668	0.12860	0.02837	0.01692	0.01971	0.01290	0.00824	0.00721	0.00249	0.00895	0.00657	0.00490	0.01053
3	0.09901	0.59559	0.09154	0.01399	0.02099	0.02889	0.01436	0.02381	0.01589	0.02094	0.01129	0.01307	0.01000	0.00691	0.00527	0.00184	0.00851	0.00438	0.00355	0.01014
4	0.00966	0.00690	0.00920	0.01104	0.01150	0.00644	0.00736	0.01104	0.01518	0.02024	0.04371	0.71614	0.05245	0.02484	0.01012	0.00322	0.00460	0.02254	0.00736	0.00644
5	0.16678	0.09760	0.02195	0.05367	0.02235	0.04958	0.01346	0.28014	0.02423	0.03519	0.01791	0.08909	0.01567	0.01061	0.00874	0.00250	0.06614	0.00776	0.00602	0.01062
6	0.01153	0.00769	0.00865	0.00865	0.00865	0.00769	0.00480	0.01153	0.01153	0.01538	0.02499	0.05189	0.02883	0.72131	0.04036	0.00769	0.00769	0.01153	0.00480	0.00480
7	0.00966	0.00690	0.00920	0.01104	0.01150	0.00644	0.00736	0.01104	0.01518	0.02024	0.04371	0.71614	0.05245	0.02484	0.01012	0.00322	0.00460	0.02254	0.00736	0.00644
8	0.01270	0.01083	0.01717	0.07312	0.04727	0.01074	0.09795	0.01636	0.04254	0.02233	0.07782	0.30087	0.08249	0.09054	0.01274	0.00345	0.00701	0.06008	0.00628	0.00772
9	0.01103	0.00810	0.01032	0.00977	0.01173	0.00740	0.00733	0.01458	0.02198	0.03069	0.60476	0.06106	0.13842	0.01663	0.00935	0.00251	0.00377	0.01460	0.00858	0.00740
10	0.02030	0.01999	0.03062	0.04468	0.58654	0.06358	0.02297	0.02598	0.05976	0.02594	0.01586	0.01992	0.01316	0.00738	0.00782	0.00236	0.00954	0.00706	0.00420	0.01234
11	0.02655	0.20249	0.02742	0.06873	0.02573	0.38759	0.01535	0.11303	0.02246	0.02348	0.01302	0.01507	0.01068	0.00800	0.00681	0.00205	0.01184	0.00532	0.00440	0.00999

[dist]
# distance from previous block
# <min> <max>
0	1

[block]
# block no. 5 follows, 24 sequences, length 43
# corresponding to MSA columns:
# 344-386
name=unknown_F
#
# <colnr> <probs for GDERKNQSTAVLIFYWHMCP>
#	G	D	E	R	K	N	Q	S	T	A	V	L	I	F	Y	W	H	M	C	P
0	0.02120	0.54919	0.09864	0.01723	0.04860	0.08058	0.04442	0.02459	0.01686	0.01990	0.01180	0.01388	0.01035	0.00697	0.00578	0.00187	0.00949	0.00480	0.00349	0.01036
1	0.71162	0.01491	0.01176	0.01046	0.01528	0.01707	0.00859	0.02377	0.01403	0.06342	0.01257	0.01423	0.00958	0.00755	0.00507	0.00243	0.00605	0.00459	0.03826	0.00875
2	0.01808	0.02090	0.06915	0.12595	0.08195	0.01974	0.46620	0.02435	0.01793	0.02445	0.01540	0.02088	0.01171	0.00721	0.00966	0.00267	0.04071	0.00864	0.00389	0.01051
3	0.02107	0.40016	0.05929	0.02017	0.11777	0.07700	0.01574	0.04879	0.05115	0.02178	0.01339	0.01604	0.01162	0.00881	0.00852	0.04549	0.04350	0.00544	0.00395	0.01032
4	0.20425	0.01468	0.02241	0.01739	0.02224	0.01492	0.21982	0.04858	0.01763	0.03060	0.04011	0.02327	0.01620	0.00817	0.00689	0.00232	0.00774	0.00751	0.26622	0.00905
5	0.01066	0.00771	0.00987	0.01127	0.01211	0.00735	0.00768	0.04240	0.01640	0.02176	0.04407	0.65405	0.07715	0.02388	0.00998	0.00316	0.00478	0.02153	0.00739	0.00680
