[name]
unknown

[dist]
# distance from previous block
# <min> <max>
1	47

[block]
# block no. 0 follows, 22 sequences, length 18
# corresponding to MSA columns:
# 50-67
name=unknown_A
#
# <colnr> <probs for GDERKNQSTAVLIFYWHMCP>
#	G	D	E	R	K	N	Q	S	T	A	V	L	I	F	Y	W	H	M	C	P
0	0.49248	0.01307	0.01104	0.01030	0.01417	0.01461	0.00817	0.02167	0.01581	0.03450	0.07823	0.07097	0.02134	0.01030	0.00611	0.00251	0.00557	0.00751	0.15317	0.00848
1	0.01072	0.00759	0.00985	0.01100	0.01170	0.00715	0.00736	0.01245	0.01687	0.02288	0.16236	0.48589	0.05610	0.11958	0.01487	0.00388	0.00509	0.02031	0.00762	0.00672
2	0.01564	0.00875	0.01172	0.01203	0.01388	0.00797	0.00860	0.01778	0.01852	0.14757	0.12978	0.48000	0.05160	0.02167	0.01005	0.00311	0.00513	0.01942	0.00842	0.00834
3	0.01093	0.00793	0.01012	0.01164	0.01232	0.00769	0.00777	0.01352	0.05211	0.02151	0.04321	0.60143	0.05085	0.09031	0.01350	0.00379	0.00523	0.02168	0.00750	0.00696
4	0.06297	0.01485	0.02412	0.64544	0.05463	0.01847	0.02219	0.02143	0.01646	0.02224	0.01456	0.02160	0.01094	0.00827	0.00811	0.00276	0.01078	0.00720	0.00378	0.00921
5	0.10281	0.00873	0.01039	0.01099	0.01243	0.00861	0.00773	0.01436	0.01757	0.02625	0.21983	0.36939	0.05364	0.06139	0.01224	0.02640	0.00501	0.01756	0.00754	0.00715
6	0.19550	0.01168	0.01176	0.01041	0.01403	0.01215	0.00825	0.06510	0.01943	0.11861	0.06850	0.02798	0.02191	0.00984	0.00645	0.00226	0.00527	0.00757	0.37397	0.00934
7	0.01198	0.00828	0.01028	0.01059	0.01243	0.00744	0.00763	0.01444	0.01942	0.05902	0.24018	0.31139	0.21383	0.02115	0.01004	0.00295	0.00451	0.01862	0.00829	0.00754
8	0.01347	0.00808	0.01083	0.01196	0.01318	0.00742	0.00827	0.01513	0.01688	0.10021	0.04418	0.61948	0.05071	0.02409	0.01033	0.00327	0.00510	0.02174	0.00803	0.00766
9	0.01186	0.00841	0.01055	0.01148	0.01235	0.00818	0.00772	0.04832	0.01716	0.02304	0.08581	0.49972	0.04989	0.14549	0.01603	0.00410	0.00558	0.01998	0.00738	0.00696
10	0.07823	0.01620	0.01750	0.01522	0.01986	0.01780	0.01215	0.13304	0.29693	0.10340	0.06224	0.03281	0.02544	0.01149	0.00814	0.00268	0.00668	0.04256	0.08566	0.01195
11	0.04934	0.01305	0.01652	0.01364	0.01841	0.01227	0.01093	0.05193	0.07302	0.37933	0.12830	0.03737	0.03114	0.05175	0.01043	0.00293	0.00650	0.03361	0.04772	0.01181
12	0.01115	0.00802	0.01056	0.01087	0.01228	0.00743	0.00779	0.01415	0.02069	0.02882	0.42699	0.29971	0.06969	0.02034	0.01010	0.00290	0.00425	0.01821	0.00861	0.00743
13	0.06857	0.00838	0.00849	0.00851	0.01039	0.00859	0.00623	0.01841	0.01645	0.02903	0.02683	0.07159	0.02323	0.07900	0.03238	0.00304	0.00514	0.00890	0.55933	0.00750
14	0.01145	0.00793	0.01043	0.01076	0.01191	0.00743	0.00754	0.01362	0.01905	0.02639	0.34812	0.27487	0.06162	0.07236	0.01435	0.06549	0.00480	0.01707	0.00790	0.00691
15	0.05220	0.00979	0.01039	0.00944	0.01240	0.00971	0.00734	0.05347	0.01931	0.11573	0.02949	0.03158	0.05012	0.01022	0.00643	0.00212	0.00470	0.00813	0.54848	0.00894
16	0.01431	0.00906	0.01110	0.01048	0.01314	0.00800	0.00789	0.01720	0.02102	0.11226	0.29842	0.14501	0.26351	0.01862	0.00971	0.00277	0.00455	0.01608	0.00863	0.00826
17	0.01795	0.01805	0.02700	0.02259	0.02347	0.02416	0.07579	0.02033	0.01342	0.02058	0.01212	0.01941	0.01163	0.01655	0.06268	0.00411	0.58961	0.00761	0.00374	0.00919

[dist]
# distance from previous block
# <min> <max>
0	1

[block]
# block no. 1 follows, 22 sequences, length 8
# corresponding to MSA columns:
# 69-76
name=unknown_B
#
# <colnr> <probs for GDERKNQSTAVLIFYWHMCP>
#	G	D	E	R	K	N	Q	S	T	A	V	L	I	F	Y	W	H	M	C	P
0	0.01114	0.00835	0.01032	0.01007	0.01209	0.00754	0.00746	0.01439	0.02169	0.02955	0.45804	0.12757	0.21363	0.01882	0.00988	0.00273	0.00407	0.01645	0.00867	0.00754
1	0.01187	0.00890	0.01335	0.01335	0.01483	0.01038	0.01038	0.01483	0.01335	0.01928	0.02225	0.03264	0.02077	0.06231	0.67512	0.01335	0.02225	0.00890	0.00445	0.00742
2	0.01140	0.00844	0.01076	0.01183	0.01299	0.00822	0.00823	0.01533	0.07398	0.02484	0.16515	0.51457	0.05693	0.02289	0.01025	0.00317	0.00480	0.02062	0.00806	0.00754
3	0.01850	0.18222	0.40851	0.02493	0.07348	0.02246	0.10708	0.02599	0.01776	0.02495	0.01449	0.01749	0.01100	0.00757	0.00762	0.00246	0.01163	0.00635	0.00365	0.01184
4	0.01441	0.01141	0.01386	0.06981	0.01843	0.01236	0.01042	0.02281	0.20168	0.02551	0.08899	0.23363	0.03943	0.14922	0.01579	0.00401	0.00656	0.04580	0.00720	0.00867
5	0.34309	0.04565	0.01973	0.01781	0.08332	0.05460	0.01299	0.13675	0.05108	0.09149	0.01670	0.01782	0.01252	0.00841	0.00666	0.00242	0.00786	0.00597	0.00610	0.05903
6	0.12869	0.01393	0.07335	0.13091	0.02280	0.01290	0.01282	0.04560	0.01496	0.02295	0.04881	0.02398	0.01611	0.01865	0.01954	0.36741	0.00814	0.00717	0.00437	0.00691
7	0.01769	0.01516	0.02488	0.24054	0.05766	0.01623	0.11656	0.08285	0.01822	0.02468	0.01636	0.02308	0.01340	0.01712	0.07971	0.13758	0.01132	0.00770	0.00444	0.07484

[dist]
# distance from previous block
# <min> <max>
34	76

[block]
# block no. 2 follows, 22 sequences, length 50
# corresponding to MSA columns:
# 157-206
name=unknown_C
#
# <colnr> <probs for GDERKNQSTAVLIFYWHMCP>
#	G	D	E	R	K	N	Q	S	T	A	V	L	I	F	Y	W	H	M	C	P
0	0.01971	0.01634	0.01952	0.01436	0.02139	0.01400	0.03309	0.13356	0.02132	0.03153	0.01695	0.04321	0.01423	0.00763	0.00685	0.00160	0.00694	0.00626	0.00563	0.56589
1	0.01928	0.01562	0.04839	0.01372	0.01993	0.01244	0.01135	0.06595	0.05283	0.09254	0.02302	0.13046	0.02080	0.01042	0.00746	0.00196	0.00656	0.00878	0.00628	0.43221
2	0.01501	0.04885	0.01844	0.07783	0.02107	0.01175	0.07602	0.01785	0.01724	0.06307	0.08571	0.29247	0.03717	0.10053	0.01327	0.00344	0.00718	0.01487	0.00646	0.07178
3	0.01786	0.01829	0.02557	0.25722	0.03666	0.09958	0.12143	0.02314	0.04851	0.02361	0.05946	0.10626	0.02159	0.01133	0.01015	0.00276	0.06089	0.00998	0.00496	0.04074
4	0.01865	0.01774	0.02330	0.08387	0.02718	0.06132	0.09983	0.04551	0.01850	0.02628	0.01644	0.05183	0.01419	0.00820	0.00834	0.00195	0.04305	0.00702	0.00485	0.42195
5	0.01861	0.04553	0.02801	0.15174	0.05941	0.06541	0.07987	0.02192	0.01535	0.02119	0.01322	0.01986	0.01172	0.01416	0.05374	0.00369	0.35587	0.00741	0.00381	0.00952
6	0.01638	0.01547	0.02616	0.59806	0.14185	0.01864	0.02341	0.02183	0.01694	0.02206	0.01489	0.02192	0.01137	0.00818	0.00829	0.00273	0.01090	0.00739	0.00375	0.00978
7	0.02005	0.01918	0.03303	0.04798	0.58874	0.01912	0.04980	0.02500	0.01896	0.02697	0.01753	0.02543	0.01541	0.00840	0.00850	0.00257	0.00990	0.04635	0.00435	0.01272
8	0.07344	0.01668	0.01821	0.01510	0.02004	0.01780	0.01200	0.21970	0.16934	0.13782	0.06773	0.03426	0.08609	0.06114	0.01079	0.00302	0.00717	0.00963	0.00821	0.01185
9	0.01519	0.01272	0.01545	0.01257	0.01749	0.01063	0.00968	0.01821	0.01695	0.02549	0.05482	0.19450	0.02646	0.01226	0.00868	0.00199	0.04506	0.01034	0.00577	0.48575
10	0.01569	0.01477	0.02492	0.68808	0.05722	0.01846	0.02307	0.02123	0.01661	0.02123	0.01477	0.02215	0.01107	0.00831	0.00831	0.00277	0.01107	0.00738	0.00369	0.00923
11	0.01443	0.00722	0.01082	0.01082	0.01082	0.00722	0.00722	0.01082	0.01082	0.01443	0.01443	0.02525	0.01443	0.02886	0.03247	0.75830	0.00722	0.00722	0.00361	0.00361
12	0.01805	0.01777	0.02653	0.14929	0.11865	0.02334	0.02012	0.02100	0.01432	0.02124	0.01229	0.01925	0.01126	0.01237	0.02104	0.00331	0.46945	0.00731	0.00371	0.00969
13	0.00982	0.00842	0.00842	0.00842	0.01122	0.00701	0.00631	0.01192	0.01894	0.02244	0.08416	0.07995	0.65285	0.02104	0.00982	0.00281	0.00421	0.01753	0.00771	0.00701
14	0.02162	0.29766	0.21734	0.02336	0.09818	0.09766	0.06053	0.05003	0.01908	0.02416	0.01378	0.01637	0.01117	0.00763	0.00703	0.00223	0.01098	0.00583	0.00391	0.01146
15	0.01052	0.00751	0.01009	0.01202	0.01268	0.00709	0.00840	0.01225	0.01630	0.02165	0.04557	0.62878	0.05408	0.02565	0.01071	0.00343	0.00516	0.09355	0.00770	0.00686
16	0.01838	0.03119	0.31553	0.03095	0.07317	0.02020	0.33534	0.02642	0.01867	0.02651	0.01592	0.02020	0.01173	0.00741	0.00889	0.00271	0.01303	0.00808	0.00390	0.01178
17	0.01723	0.01477	0.01723	0.01230	0.01969	0.01107	0.00984	0.02092	0.01723	0.02707	0.01477	0.01723	0.01230	0.00615	0.00615	0.00123	0.00615	0.00492	0.00492	0.75883
18	0.01443	0.00722	0.01082	0.01082	0.01082	0.00722	0.00722	0.01082	0.01082	0.01443	0.01443	0.02525	0.01443	0.02886	0.03247	0.75830	0.00722	0.00722	0.00361	0.00361
19	0.03727	0.01414	0.01928	0.01478	0.02121	0.01221	0.01221	0.04049	0.02378	0.66198	0.03277	0.02828	0.02056	0.01028	0.00835	0.00257	0.00707	0.00835	0.01028	0.01414
20	0.13333	0.02171	0.02345	0.01964	0.06038	0.02391	0.01526	0.48737	0.03385	0.07228	0.01903	0.01940	0.01361	0.00952	0.00787	0.00251	0.00873	0.00709	0.00771	0.01336
21	0.01753	0.11695	0.35012	0.01990	0.02929	0.01898	0.05651	0.02423	0.01754	0.02568	0.03892	0.01896	0.01370	0.00795	0.00811	0.00225	0.03706	0.00624	0.00411	0.18598
22	0.02597	0.02072	0.02635	0.09701	0.09186	0.02290	0.05564	0.38763	0.05250	0.04131	0.02020	0.05540	0.01594	0.01039	0.00926	0.00264	0.03620	0.00849	0.00692	0.01270
23	0.01795	0.01775	0.02544	0.07166	0.02499	0.02351	0.03746	0.02038	0.01364	0.02092	0.01173	0.01853	0.01110	0.01309	0.02341	0.00333	0.55892	0.00715	0.00377	0.07528
24	0.07904	0.02319	0.02365	0.01854	0.02486	0.05433	0.01519	0.52515	0.07471	0.04881	0.01995	0.01999	0.01435	0.00984	0.00807	0.00250	0.00907	0.00731	0.00793	0.01353
25	0.01025	0.00728	0.00960	0.01141	0.01186	0.00683	0.00754	0.01160	0.01566	0.02089	0.04455	0.66173	0.05338	0.06905	0.01260	0.00367	0.00502	0.02289	0.00754	0.00664
26	0.01743	0.03942	0.55518	0.06743	0.08085	0.04453	0.02928	0.02620	0.01781	0.02582	0.01487	0.01795	0.01075	0.00791	0.00793	0.00261	0.01214	0.00628	0.00359	0.01205
27	0.02123	0.49472	0.21948	0.01693	0.02548	0.02819	0.01883	0.02590	0.01734	0.04683	0.01334	0.01512	0.01101	0.00746	0.00618	0.00205	0.00978	0.00508	0.00381	0.01126
28	0.01666	0.04297	0.66500	0.02368	0.03596	0.01929	0.03069	0.02631	0.01754	0.02631	0.01491	0.01754	0.01052	0.00789	0.00789	0.00263	0.01228	0.00614	0.00351	0.01228
29	0.03727	0.01414	0.01928	0.01478	0.02121	0.01221	0.01221	0.04049	0.02378	0.66198	0.03277	0.02828	0.02056	0.01028	0.00835	0.00257	0.00707	0.00835	0.01028	0.01414
30	0.01685	0.01518	0.02480	0.12344	0.36524	0.01559	0.01938	0.02070	0.01741	0.02410	0.02338	0.14997	0.02378	0.07967	0.01213	0.00328	0.00884	0.04087	0.00497	0.01041
31	0.01569	0.01477	0.02492	0.68808	0.05722	0.01846	0.02307	0.02123	0.01661	0.02123	0.01477	0.02215	0.01107	0.00831	0.00831	0.00277	0.01107	0.00738	0.00369	0.00923
32	0.01208	0.00805	0.00906	0.00906	0.00906	0.00805	0.00503	0.01208	0.01208	0.01611	0.02618	0.05436	0.03020	0.70804	0.04228	0.00805	0.00805	0.01208	0.00503	0.00503
33	0.01008	0.00740	0.00947	0.01112	0.01193	0.00679	0.00751	0.01162	0.01634	0.02138	0.05125	0.61401	0.14003	0.02532	0.01049	0.00329	0.00473	0.02275	0.00771	0.00679
34	0.11068	0.07334	0.02859	0.02621	0.14716	0.11906	0.09166	0.11833	0.09232	0.03073	0.01691	0.01951	0.01340	0.00896	0.00937	0.00256	0.06729	0.00707	0.00531	0.01153
35	0.01187	0.00890	0.01335	0.01335	0.01483	0.01038	0.01038	0.01483	0.01335	0.01928	0.02225	0.03264	0.02077	0.06231	0.67512	0.01335	0.02225	0.00890	0.00445	0.00742
36	0.00982	0.00842	0.00842	0.00842	0.01122	0.00701	0.00631	0.01192	0.01894	0.02244	0.08416	0.07995	0.65285	0.02104	0.00982	0.00281	0.00421	0.01753	0.00771	0.00701
37	0.02142	0.01845	0.02092	0.02094	0.09416	0.02092	0.01474	0.08343	0.52769	0.03513	0.03076	0.02902	0.02317	0.01074	0.00842	0.00275	0.00713	0.00903	0.00795	0.01322
38	0.02066	0.01763	0.01910	0.05515	0.02347	0.02028	0.01360	0.08278	0.53454	0.03467	0.03402	0.03192	0.05219	0.01145	0.00850	0.00279	0.00691	0.00951	0.00814	0.01272
39	0.01723	0.01477	0.01723	0.01230	0.01969	0.01107	0.00984	0.02092	0.01723	0.02707	0.01477	0.01723	0.01230	0.00615	0.00615	0.00123	0.00615	0.00492	0.00492	0.75883
40	0.01961	0.02241	0.04902	0.03501	0.04342	0.02101	0.62605	0.02661	0.01961	0.02661	0.01681	0.02241	0.01261	0.00700	0.00980	0.00280	0.01401	0.00980	0.00420	0.01120
41	0.01157	0.00853	0.01084	0.01039	0.01247	0.00780	0.00788	0.01523	0.02269	0.03145	0.54686	0.06593	0.15535	0.01781	0.00988	0.00269	0.00413	0.04190	0.00888	0.00772
42	0.02678	0.02067	0.02439	0.05290	0.02665	0.02246	0.05487	0.43356	0.07843	0.04373	0.02152	0.04870	0.01689	0.04041	0.00987	0.00276	0.00900	0.00846	0.00748	0.05048
43	0.01549	0.00774	0.00774	0.00774	0.00968	0.00774	0.00581	0.01936	0.01742	0.03097	0.02710	0.03097	0.02129	0.00968	0.00581	0.00194	0.00387	0.00774	0.75416	0.00774
44	0.08148	0.01739	0.07591	0.05199	0.02387	0.01510	0.01449	0.09662	0.05846	0.35235	0.02881	0.06350	0.02146	0.01143	0.00840	0.00272	0.00782	0.04736	0.00835	0.01249
45	0.02748	0.02328	0.02255	0.01774	0.02408	0.11442	0.01429	0.36467	0.07457	0.04082	0.01874	0.01941	0.01402	0.00900	0.00771	0.00218	0.00911	0.00673	0.00698	0.18222
46	0.01519	0.01366	0.04758	0.03885	0.01918	0.01098	0.01091	0.05729	0.01840	0.02650	0.05175	0.27771	0.03095	0.01449	0.00828	0.00230	0.00626	0.01269	0.00624	0.33080
47	0.12545	0.01392	0.01639	0.07369	0.02125	0.01414	0.01149	0.10434	0.04525	0.16550	0.07613	0.12250	0.06603	0.03791	0.00946	0.00281	0.00684	0.01068	0.00744	0.06877
48	0.32217	0.04127	0.01643	0.04470	0.04188	0.07717	0.01117	0.05265	0.01852	0.06326	0.10450	0.06916	0.02393	0.04212	0.00865	0.00276	0.00742	0.00821	0.00602	0.03801
49	0.13278	0.13694	0.19766	0.02011	0.07618	0.06972	0.01846	0.09195	0.01957	0.02900	0.01480	0.01754	0.01177	0.01139	0.05068	0.00300	0.01063	0.00589	0.00459	0.07734

[dist]
# distance from previous block
# <min> <max>
0	10

[block]
# block no. 3 follows, 22 sequences, length 64
# corresponding to MSA columns:
# 217-251,253-281
name=unknown_D
#
# <colnr> <probs for GDERKNQSTAVLIFYWHMCP>
#	G	D	E	R	K	N	Q	S	T	A	V	L	I	F	Y	W	H	M	C	P
0	0.02212	0.01585	0.01947	0.05222	0.02268	0.01622	0.03410	0.17919	0.12152	0.10740	0.11571	0.10526	0.02993	0.01232	0.00858	0.00253	0.00716	0.01051	0.00777	0.10945
1	0.07247	0.05694	0.15881	0.06023	0.09970	0.01964	0.09857	0.08262	0.09877	0.13953	0.02073	0.02204	0.01493	0.00871	0.00808	0.00260	0.00974	0.00754	0.00599	0.01237
2	0.48680	0.10103	0.01950	0.11241	0.06075	0.02010	0.01281	0.02486	0.01559	0.06279	0.01331	0.01588	0.01031	0.00783	0.00596	0.00250	0.00764	0.00527	0.00493	0.00973
3	0.09377	0.05246	0.02128	0.01572	0.02149	0.04994	0.01297	0.13601	0.02248	0.21084	0.01981	0.02031	0.01435	0.00927	0.00950	0.00230	0.08575	0.00658	0.00682	0.18835
4	0.01443	0.00722	0.01082	0.01082	0.01082	0.00722	0.00722	0.01082	0.01082	0.01443	0.01443	0.02525	0.01443	0.02886	0.03247	0.75830	0.00722	0.00722	0.00361	0.00361
5	0.02986	0.01505	0.02198	0.06101	0.02503	0.01418	0.07460	0.07459	0.04595	0.41240	0.10751	0.03109	0.02619	0.01068	0.00868	0.00262	0.00776	0.00926	0.00889	0.01268
6	0.01568	0.00922	0.01208	0.01127	0.01377	0.00834	0.00847	0.01894	0.02195	0.13702	0.40812	0.17148	0.09565	0.01768	0.00970	0.00275	0.00463	0.01556	0.00900	0.00867
7	0.01549	0.00774	0.00774	0.00774	0.00968	0.00774	0.00581	0.01936	0.01742	0.03097	0.02710	0.03097	0.02129	0.00968	0.00581	0.00194	0.00387	0.00774	0.75416	0.00774
8	0.01056	0.00965	0.05397	0.01239	0.01367	0.00760	0.00927	0.01256	0.01602	0.02155	0.04370	0.65628	0.05194	0.02480	0.01042	0.00332	0.00532	0.02243	0.00743	0.00712
9	0.02221	0.71304	0.04353	0.01421	0.02132	0.03287	0.01421	0.02488	0.01688	0.01955	0.01155	0.01333	0.01066	0.00711	0.00533	0.00178	0.00888	0.00444	0.00355	0.01066
10	0.02124	0.06923	0.08590	0.03815	0.02387	0.13199	0.01395	0.02521	0.01877	0.06692	0.01541	0.01749	0.01223	0.00717	0.00673	0.00171	0.00876	0.00540	0.00488	0.42500
11	0.01841	0.01946	0.06341	0.34985	0.25136	0.04561	0.05189	0.02478	0.04846	0.02435	0.01601	0.02153	0.01249	0.00808	0.00830	0.00264	0.01081	0.00745	0.00410	0.01100
12	0.01195	0.00857	0.01169	0.01169	0.01261	0.00948	0.00832	0.01377	0.01286	0.01806	0.02377	0.04103	0.02441	0.31162	0.43078	0.01131	0.01677	0.01013	0.00468	0.00650
13	0.10421	0.05835	0.02455	0.06221	0.02662	0.05109	0.01551	0.47230	0.03329	0.04579	0.01804	0.01890	0.01309	0.00943	0.00780	0.00247	0.00922	0.00693	0.00728	0.01293
14	0.01011	0.00729	0.00958	0.01141	0.01201	0.00676	0.00764	0.01158	0.01606	0.02127	0.04769	0.67174	0.08460	0.02578	0.01056	0.00335	0.00479	0.02331	0.00771	0.00676
15	0.02459	0.01790	0.06077	0.01572	0.02136	0.01698	0.01334	0.14471	0.22422	0.19043	0.03875	0.03615	0.13348	0.01231	0.00861	0.00268	0.00713	0.01002	0.00842	0.01242
16	0.01846	0.01914	0.03351	0.12599	0.08695	0.02254	0.21159	0.02273	0.01599	0.02286	0.01373	0.02029	0.01166	0.01065	0.01738	0.00315	0.32131	0.00810	0.00386	0.01012
17	0.01753	0.01526	0.02387	0.52234	0.08515	0.01828	0.02092	0.08132	0.01904	0.02554	0.01645	0.02264	0.01243	0.00854	0.00807	0.00265	0.01016	0.00743	0.07257	0.00981
18	0.01127	0.00923	0.01015	0.01047	0.01319	0.00840	0.00831	0.01502	0.05573	0.02372	0.07210	0.08017	0.47903	0.02089	0.01011	0.00304	0.00513	0.14878	0.00774	0.00752
19	0.05432	0.05676	0.05846	0.07483	0.19233	0.04897	0.17846	0.02575	0.06013	0.02581	0.01929	0.02336	0.04361	0.00919	0.01065	0.00271	0.09154	0.00821	0.00452	0.01110
20	0.06318	0.06939	0.02404	0.05053	0.02562	0.13345	0.01516	0.30660	0.13071	0.06897	0.02044	0.02069	0.01508	0.00959	0.00785	0.00246	0.00955	0.00713	0.00706	0.01250
21	0.02004	0.01921	0.03279	0.11865	0.59261	0.01960	0.02524	0.02504	0.01867	0.02651	0.01553	0.02073	0.01294	0.00750	0.00823	0.00250	0.01000	0.00740	0.00407	0.01274
22	0.01985	0.02044	0.03120	0.05575	0.02928	0.05623	0.17040	0.05830	0.01672	0.02364	0.01319	0.01937	0.01152	0.01180	0.01991	0.00324	0.41731	0.00783	0.00409	0.00995
23	0.01549	0.00774	0.00774	0.00774	0.00968	0.00774	0.00581	0.01936	0.01742	0.03097	0.02710	0.03097	0.02129	0.00968	0.00581	0.00194	0.00387	0.00774	0.75416	0.00774
24	0.01569	0.01477	0.02492	0.68808	0.05722	0.01846	0.02307	0.02123	0.01661	0.02123	0.01477	0.02215	0.01107	0.00831	0.00831	0.00277	0.01107	0.00738	0.00369	0.00923
25	0.01169	0.00849	0.01101	0.01038	0.01237	0.00781	0.00778	0.01554	0.02335	0.03293	0.63172	0.06269	0.09875	0.01713	0.00980	0.00262	0.00393	0.01511	0.00909	0.00781
26	0.01187	0.00890	0.01335	0.01335	0.01483	0.01038	0.01038	0.01483	0.01335	0.01928	0.02225	0.03264	0.02077	0.06231	0.67512	0.01335	0.02225	0.00890	0.00445	0.00742
27	0.03158	0.02327	0.02493	0.01911	0.02576	0.02576	0.01579	0.62852	0.03906	0.05236	0.01995	0.01995	0.01413	0.00997	0.00831	0.00249	0.00914	0.00748	0.00831	0.01413
28	0.01128	0.00774	0.00938	0.01013	0.01041	0.00752	0.00623	0.01203	0.01412	0.01891	0.06107	0.31613	0.04226	0.40319	0.02811	0.00593	0.00657	0.01686	0.00629	0.00585
29	0.76672	0.01607	0.01221	0.01092	0.01607	0.01864	0.00900	0.02442	0.01414	0.03727	0.01157	0.01350	0.00900	0.00771	0.00514	0.00257	0.00643	0.00450	0.00514	0.00900
30	0.01012	0.00723	0.00964	0.01157	0.01205	0.00675	0.00771	0.01157	0.01591	0.02121	0.04579	0.70262	0.05495	0.02603	0.01060	0.00337	0.00482	0.02362	0.00771	0.00675
31	0.63946	0.01933	0.08055	0.01280	0.01878	0.01919	0.01170	0.06548	0.01618	0.03716	0.01248	0.01435	0.00950	0.00788	0.00564	0.00257	0.00721	0.00487	0.00519	0.00968
32	0.12521	0.01120	0.01347	0.01227	0.01588	0.01069	0.00993	0.02222	0.02085	0.15690	0.26117	0.05311	0.07923	0.01514	0.00898	0.00277	0.00573	0.12156	0.00824	0.04546
33	0.02043	0.41381	0.21310	0.01716	0.02516	0.05799	0.01850	0.02631	0.05462	0.02312	0.04868	0.01828	0.01517	0.00818	0.00658	0.00214	0.00972	0.00583	0.00417	0.01106
34	0.02449	0.53142	0.08101	0.01529	0.02251	0.06035	0.01512	0.02769	0.01827	0.11498	0.01498	0.01590	0.01212	0.00770	0.00606	0.00197	0.00914	0.00518	0.00458	0.01123
35	0.01721	0.01570	0.02622	0.38228	0.23942	0.01801	0.02191	0.02141	0.01653	0.02231	0.01481	0.02178	0.01208	0.01051	0.01178	0.08288	0.04410	0.00737	0.00381	0.00986
36	0.02387	0.01893	0.02398	0.06436	0.02615	0.05114	0.08608	0.24330	0.08706	0.06382	0.05388	0.02462	0.01835	0.01305	0.01320	0.11615	0.04637	0.00823	0.00651	0.01094
37	0.01066	0.00761	0.01025	0.01218	0.01289	0.00721	0.00864	0.01249	0.01643	0.02180	0.04549	0.60307	0.05378	0.02552	0.01075	0.00345	0.00528	0.11790	0.00770	0.00690
38	0.01692	0.07396	0.63626	0.02324	0.03528	0.01992	0.02993	0.02624	0.01751	0.02600	0.01475	0.01734	0.01053	0.00786	0.00777	0.00259	0.01212	0.00606	0.00351	0.01220
39	0.01622	0.01489	0.02371	0.35193	0.07167	0.01787	0.04768	0.04433	0.01717	0.02303	0.02066	0.12579	0.01983	0.01270	0.01198	0.00303	0.12142	0.04212	0.00472	0.00925
40	0.02611	0.01611	0.01862	0.01512	0.01980	0.01671	0.01195	0.28755	0.02763	0.18097	0.05846	0.06567	0.05286	0.11479	0.04568	0.00390	0.00845	0.01003	0.00809	0.01150
41	0.01012	0.00723	0.00964	0.01157	0.01205	0.00675	0.00771	0.01157	0.01591	0.02121	0.04579	0.70262	0.05495	0.02603	0.01060	0.00337	0.00482	0.02362	0.00771	0.00675
42	0.07697	0.01433	0.01837	0.01440	0.02026	0.01316	0.01180	0.08330	0.02439	0.50466	0.10151	0.03062	0.02600	0.01087	0.00833	0.00257	0.00683	0.00882	0.00969	0.01311
43	0.11781	0.01711	0.02727	0.37336	0.16688	0.01938	0.07907	0.05602	0.01824	0.02674	0.01499	0.02059	0.01152	0.00801	0.00801	0.00267	0.01039	0.00724	0.00427	0.01043
44	0.02975	0.01832	0.02213	0.09875	0.02717	0.01939	0.01497	0.32966	0.03051	0.22905	0.07386	0.02608	0.02083	0.01042	0.00844	0.00256	0.00834	0.00833	0.00840	0.01303
45	0.76672	0.01607	0.01221	0.01092	0.01607	0.01864	0.00900	0.02442	0.01414	0.03727	0.01157	0.01350	0.00900	0.00771	0.00514	0.00257	0.00643	0.00450	0.00514	0.00900
46	0.01549	0.00774	0.00774	0.00774	0.00968	0.00774	0.00581	0.01936	0.01742	0.03097	0.02710	0.03097	0.02129	0.00968	0.00581	0.00194	0.00387	0.00774	0.75416	0.00774
47	0.01710	0.07329	0.59938	0.02390	0.03571	0.02003	0.06508	0.02626	0.01763	0.02601	0.01486	0.01763	0.01065	0.00780	0.00788	0.00260	0.01222	0.00628	0.00355	0.01214
48	0.01176	0.00849	0.01110	0.01045	0.01241	0.00784	0.00784	0.01568	0.02352	0.03331	0.65184	0.06206	0.07839	0.01698	0.00980	0.00261	0.00392	0.01502	0.00914	0.00784
49	0.01818	0.01818	0.02545	0.02181	0.02181	0.02545	0.01818	0.01999	0.01272	0.01999	0.01091	0.01818	0.01091	0.01454	0.02726	0.00364	0.69284	0.00727	0.00364	0.00909
50	0.01628	0.00928	0.01050	0.08479	0.01580	0.00981	0.00823	0.04881	0.01837	0.03090	0.02537	0.02945	0.01980	0.00954	0.00621	0.00206	0.00493	0.00769	0.63396	0.00822
51	0.01208	0.00805	0.00906	0.00906	0.00906	0.00805	0.00503	0.01208	0.01208	0.01611	0.02618	0.05436	0.03020	0.70804	0.04228	0.00805	0.00805	0.01208	0.00503	0.00503
52	0.02267	0.67818	0.04250	0.01459	0.02155	0.06610	0.01431	0.02531	0.01722	0.01959	0.01162	0.01341	0.01066	0.00718	0.00544	0.00180	0.00920	0.00449	0.00359	0.01061
53	0.01723	0.01477	0.01723	0.01230	0.01969	0.01107	0.00984	0.02092	0.01723	0.02707	0.01477	0.01723	0.01230	0.00615	0.00615	0.00123	0.00615	0.00492	0.00492	0.75883
54	0.07154	0.02288	0.02424	0.01867	0.02524	0.02538	0.01542	0.59569	0.03770	0.05154	0.01949	0.01959	0.01385	0.00985	0.00814	0.00250	0.00899	0.00732	0.00814	0.01385
55	0.09512	0.00854	0.00960	0.01066	0.01228	0.00815	0.00749	0.01311	0.01651	0.02334	0.05210	0.46017	0.20818	0.02265	0.00978	0.00313	0.00484	0.01986	0.00742	0.00707
56	0.02061	0.02275	0.12230	0.09633	0.40026	0.01968	0.02390	0.09381	0.02071	0.02938	0.01588	0.01997	0.01265	0.00776	0.00806	0.00244	0.00999	0.00706	0.00452	0.06193
57	0.01840	0.02390	0.13289	0.07476	0.04116	0.01970	0.45942	0.02547	0.01938	0.02667	0.05936	0.02438	0.01666	0.00789	0.00943	0.00276	0.01288	0.00947	0.00440	0.01100
58	0.07555	0.01611	0.01886	0.01515	0.02122	0.01377	0.01175	0.05659	0.02159	0.22922	0.02680	0.10230	0.02232	0.01200	0.00865	0.00263	0.00743	0.00919	0.00806	0.32081
59	0.01818	0.01818	0.02545	0.02181	0.02181	0.02545	0.01818	0.01999	0.01272	0.01999	0.01091	0.01818	0.01091	0.01454	0.02726	0.00364	0.69284	0.00727	0.00364	0.00909
60	0.01244	0.01048	0.01693	0.01578	0.01784	0.01005	0.11499	0.01597	0.05033	0.02260	0.03905	0.51303	0.04466	0.05901	0.01207	0.00350	0.00668	0.01982	0.00700	0.00777
61	0.01930	0.02150	0.04395	0.03217	0.03877	0.02196	0.49529	0.02519	0.01813	0.02519	0.01554	0.02150	0.01224	0.00862	0.01356	0.00298	0.16003	0.00926	0.00408	0.01075
62	0.01976	0.27842	0.12564	0.05952	0.13964	0.02429	0.15577	0.02490	0.01775	0.02344	0.01457	0.01856	0.01202	0.00997	0.03968	0.00285	0.01142	0.00675	0.00384	0.01121
63	0.06892	0.04339	0.02231	0.01657	0.02301	0.01957	0.01375	0.30177	0.04884	0.31745	0.02530	0.02339	0.01693	0.00994	0.00807	0.00252	0.00801	0.00767	0.00886	0.01373

[dist]
# distance from previous block
# <min> <max>
0	2

[block]
# block no. 4 follows, 22 sequences, length 19
# corresponding to MSA columns:
# 284-302
name=unknown_E
#
# <colnr> <probs for GDERKNQSTAVLIFYWHMCP>
#	G	D	E	R	K	N	Q	S	T	A	V	L	I	F	Y	W	H	M	C	P
0	0.02116	0.10650	0.25522	0.06196	0.03143	0.06223	0.08887	0.02682	0.01787	0.09873	0.01598	0.01910	0.01207	0.00927	0.01141	0.00271	0.13608	0.00685	0.00447	0.01126
1	0.01317	0.00941	0.01314	0.01505	0.01687	0.00938	0.01301	0.01684	0.01891	0.02462	0.04410	0.13402	0.04828	0.02315	0.01142	0.00379	0.00746	0.56213	0.00765	0.00759
2	0.01443	0.00722	0.01082	0.01082	0.01082	0.00722	0.00722	0.01082	0.01082	0.01443	0.01443	0.02525	0.01443	0.02886	0.03247	0.75830	0.00722	0.00722	0.00361	0.00361
3	0.01160	0.00884	0.01173	0.01241	0.01292	0.00945	0.00869	0.01311	0.01527	0.02094	0.07727	0.43645	0.04533	0.13466	0.05719	0.00469	0.08748	0.01841	0.00671	0.00686
4	0.01818	0.01818	0.02545	0.02181	0.02181	0.02545	0.01818	0.01999	0.01272	0.01999	0.01091	0.01818	0.01091	0.01454	0.02726	0.00364	0.69284	0.00727	0.00364	0.00909
5	0.01756	0.01577	0.02492	0.60916	0.05351	0.01932	0.02221	0.09287	0.01926	0.02490	0.01538	0.02189	0.01143	0.00850	0.00831	0.00274	0.01085	0.00739	0.00424	0.00981
6	0.01007	0.00741	0.00945	0.01108	0.01192	0.00679	0.00749	0.01162	0.01638	0.02140	0.05178	0.60542	0.14828	0.02525	0.01048	0.00329	0.00472	0.02267	0.00771	0.00679
7	0.03158	0.02327	0.02493	0.01911	0.02576	0.02576	0.01579	0.62852	0.03906	0.05236	0.01995	0.01995	0.01413	0.00997	0.00831	0.00249	0.00914	0.00748	0.00831	0.01413
8	0.01157	0.00848	0.01084	0.01025	0.01229	0.00776	0.00769	0.01531	0.02307	0.03225	0.59641	0.06380	0.13447	0.01738	0.00980	0.00263	0.00395	0.01527	0.00901	0.00776
9	0.10979	0.58738	0.03871	0.01430	0.02073	0.03073	0.01385	0.02452	0.01630	0.02166	0.01151	0.01365	0.01048	0.00764	0.00668	0.00199	0.05136	0.00463	0.00375	0.01037
10	0.01443	0.00722	0.01082	0.01082	0.01082	0.00722	0.00722	0.01082	0.01082	0.01443	0.01443	0.02525	0.01443	0.02886	0.03247	0.75830	0.00722	0.00722	0.00361	0.00361
11	0.07159	0.01486	0.02397	0.63767	0.05415	0.01847	0.02202	0.02146	0.01643	0.02242	0.01453	0.02150	0.01092	0.00826	0.00807	0.00275	0.01073	0.00717	0.00380	0.00921
12	0.02221	0.71304	0.04353	0.01421	0.02132	0.03287	0.01421	0.02488	0.01688	0.01955	0.01155	0.01333	0.01066	0.00711	0.00533	0.00178	0.00888	0.00444	0.00355	0.01066
13	0.01723	0.01477	0.01723	0.01230	0.01969	0.01107	0.00984	0.02092	0.01723	0.02707	0.01477	0.01723	0.01230	0.00615	0.00615	0.00123	0.00615	0.00492	0.00492	0.75883
14	0.03038	0.03444	0.02461	0.02309	0.07263	0.47972	0.01670	0.16675	0.02669	0.02805	0.01465	0.01652	0.01166	0.00879	0.00773	0.00224	0.01328	0.00598	0.00518	0.01091
15	0.01723	0.01477	0.01723	0.01230	0.01969	0.01107	0.00984	0.02092	0.01723	0.02707	0.01477	0.01723	0.01230	0.00615	0.00615	0.00123	0.00615	0.00492	0.00492	0.75883
16	0.08404	0.01426	0.01883	0.01453	0.02088	0.01262	0.01200	0.03946	0.02316	0.62193	0.03141	0.02733	0.01982	0.01012	0.00815	0.00257	0.00703	0.00811	0.00995	0.01381
17	0.01056	0.00822	0.00933	0.00945	0.01143	0.00728	0.00678	0.01282	0.01896	0.02434	0.21386	0.16560	0.36079	0.08747	0.01308	0.00335	0.00460	0.01728	0.00781	0.00699
18	0.06407	0.01147	0.01397	0.03648	0.01728	0.01019	0.00959	0.01978	0.01988	0.08907	0.23809	0.08296	0.09193	0.01357	0.00842	0.00235	0.00553	0.03980	0.00734	0.21823

[dist]
# distance from previous block
# <min> <max>
4	7

[block]
# block no. 5 follows, 22 sequences, length 16
# corresponding to MSA columns:
# 310-325
name=unknown_F
#
# <colnr> <probs for GDERKNQSTAVLIFYWHMCP>
#	G	D	E	R	K	N	Q	S	T	A	V	L	I	F	Y	W	H	M	C	P
0	0.02900	0.02841	0.02264	0.01929	0.02428	0.30470	0.01511	0.21789	0.10871	0.06837	0.02135	0.02176	0.03683	0.01010	0.00870	0.00244	0.03510	0.00720	0.00651	0.01163
1	0.02250	0.01909	0.01963	0.01736	0.02198	0.05750	0.01360	0.06503	0.51856	0.06931	0.03096	0.02891	0.02315	0.01116	0.00927	0.00279	0.03933	0.00893	0.00809	0.01285
2	0.01894	0.01744	0.02914	0.04295	0.51217	0.01744	0.02277	0.02363	0.01896	0.02663	0.02202	0.03705	0.02097	0.01091	0.00896	0.00277	0.00937	0.14106	0.00491	0.01192
3	0.02056	0.01974	0.03372	0.05099	0.65622	0.01974	0.02550	0.02550	0.01892	0.02714	0.01563	0.02056	0.01316	0.00740	0.00822	0.00247	0.00987	0.00740	0.00411	0.01316
4	0.01012	0.00723	0.00964	0.01157	0.01205	0.00675	0.00771	0.01157	0.01591	0.02121	0.04579	0.70262	0.05495	0.02603	0.01060	0.00337	0.00482	0.02362	0.00771	0.00675
5	0.03599	0.01620	0.02055	0.01576	0.02223	0.01527	0.01302	0.17305	0.02722	0.52455	0.02988	0.02640	0.01911	0.01021	0.00834	0.00255	0.00754	0.00816	0.00984	0.01414
6	0.02441	0.01701	0.01890	0.01643	0.02151	0.01876	0.01294	0.04332	0.50202	0.17615	0.03358	0.03038	0.02428	0.01105	0.00843	0.00276	0.00669	0.00916	0.00887	0.01337
7	0.01026	0.00843	0.00902	0.00887	0.01149	0.00720	0.00666	0.01277	0.01997	0.02489	0.21213	0.07592	0.52335	0.02013	0.00981	0.00276	0.00414	0.01697	0.00804	0.00720
8	0.01023	0.00728	0.00961	0.01142	0.01188	0.00682	0.00756	0.01160	0.01568	0.02091	0.04465	0.66508	0.05351	0.06553	0.01244	0.00364	0.00501	0.02295	0.00756	0.00665
9	0.02782	0.10298	0.02804	0.02709	0.16738	0.39410	0.01796	0.09175	0.02341	0.02508	0.01407	0.01658	0.01160	0.00829	0.00752	0.00221	0.01260	0.00594	0.00458	0.01099
10	0.02138	0.45902	0.08991	0.01716	0.02292	0.06976	0.01659	0.02441	0.01641	0.02026	0.01176	0.01487	0.01071	0.00894	0.01062	0.00229	0.16373	0.00528	0.00361	0.01038
11	0.01203	0.00824	0.01003	0.01003	0.01036	0.00858	0.00624	0.01270	0.01237	0.01682	0.02529	0.04947	0.02808	0.56247	0.18494	0.00925	0.01125	0.01136	0.00490	0.00557
12	0.76672	0.01607	0.01221	0.01092	0.01607	0.01864	0.00900	0.02442	0.01414	0.03727	0.01157	0.01350	0.00900	0.00771	0.00514	0.00257	0.00643	0.00450	0.00514	0.00900
13	0.01818	0.01818	0.02545	0.02181	0.02181	0.02545	0.01818	0.01999	0.01272	0.01999	0.01091	0.01818	0.01091	0.01454	0.02726	0.00364	0.69284	0.00727	0.00364	0.00909
14	0.01703	0.01636	0.02839	0.50408	0.19140	0.01890	0.06090	0.02252	0.01732	0.02289	0.01509	0.02181	0.01164	0.00802	0.00838	0.00270	0.01098	0.00754	0.00382	0.01024
15	0.01957	0.13621	0.14117	0.05311	0.08890	0.02244	0.32814	0.02699	0.05374	0.02574	0.01645	0.02050	0.01268	0.00748	0.00852	0.00258	0.01204	0.00806	0.00420	0.01149

[dist]
# distance from previous block
# <min> <max>
0	5

[block]
# block no. 6 follows, 22 sequences, length 76
# corresponding to MSA columns:
# 331-406
name=unknown_G
#
# <colnr> <probs for GDERKNQSTAVLIFYWHMCP>
#	G	D	E	R	K	N	Q	S	T	A	V	L	I	F	Y	W	H	M	C	P
0	0.01138	0.00848	0.01058	0.01006	0.01218	0.00768	0.00754	0.01495	0.02263	0.03121	0.54210	0.06551	0.18943	0.01777	0.00980	0.00265	0.00398	0.01551	0.00887	0.00768
1	0.02221	0.71304	0.04353	0.01421	0.02132	0.03287	0.01421	0.02488	0.01688	0.01955	0.01155	0.01333	0.01066	0.00711	0.00533	0.00178	0.00888	0.00444	0.00355	0.01066
2	0.01164	0.00849	0.01094	0.01032	0.01234	0.00779	0.00774	0.01544	0.02323	0.03264	0.61652	0.06317	0.11413	0.01724	0.00980	0.00262	0.00394	0.01518	0.00906	0.00779
3	0.01012	0.00723	0.00964	0.01157	0.01205	0.00675	0.00771	0.01157	0.01591	0.02121	0.04579	0.70262	0.05495	0.02603	0.01060	0.00337	0.00482	0.02362	0.00771	0.00675
4	0.02056	0.01974	0.03372	0.05099	0.65622	0.01974	0.02550	0.02550	0.01892	0.02714	0.01563	0.02056	0.01316	0.00740	0.00822	0.00247	0.00987	0.00740	0.00411	0.01316
5	0.02851	0.01213	0.01633	0.01331	0.01806	0.01067	0.01060	0.03167	0.02282	0.44647	0.18582	0.07375	0.03705	0.04112	0.01021	0.00285	0.00621	0.01097	0.00965	0.01182
6	0.02221	0.71304	0.04353	0.01421	0.02132	0.03287	0.01421	0.02488	0.01688	0.01955	0.01155	0.01333	0.01066	0.00711	0.00533	0.00178	0.00888	0.00444	0.00355	0.01066
7	0.01331	0.00951	0.01328	0.01507	0.01698	0.00948	0.01312	0.01714	0.01933	0.02526	0.07299	0.09220	0.04927	0.02266	0.01139	0.00377	0.00747	0.57238	0.00772	0.00766
8	0.01666	0.04297	0.66500	0.02368	0.03596	0.01929	0.03069	0.02631	0.01754	0.02631	0.01491	0.01754	0.01052	0.00789	0.00789	0.00263	0.01228	0.00614	0.00351	0.01228
9	0.03158	0.02327	0.02493	0.01911	0.02576	0.02576	0.01579	0.62852	0.03906	0.05236	0.01995	0.01995	0.01413	0.00997	0.00831	0.00249	0.00914	0.00748	0.00831	0.01413
10	0.03727	0.01414	0.01928	0.01478	0.02121	0.01221	0.01221	0.04049	0.02378	0.66198	0.03277	0.02828	0.02056	0.01028	0.00835	0.00257	0.00707	0.00835	0.01028	0.01414
11	0.01666	0.04297	0.66500	0.02368	0.03596	0.01929	0.03069	0.02631	0.01754	0.02631	0.01491	0.01754	0.01052	0.00789	0.00789	0.00263	0.01228	0.00614	0.00351	0.01228
12	0.01443	0.00722	0.01082	0.01082	0.01082	0.00722	0.00722	0.01082	0.01082	0.01443	0.01443	0.02525	0.01443	0.02886	0.03247	0.75830	0.00722	0.00722	0.00361	0.00361
13	0.02056	0.01974	0.03372	0.05099	0.65622	0.01974	0.02550	0.02550	0.01892	0.02714	0.01563	0.02056	0.01316	0.00740	0.00822	0.00247	0.00987	0.00740	0.00411	0.01316
14	0.00982	0.00842	0.00842	0.00842	0.01122	0.00701	0.00631	0.01192	0.01894	0.02244	0.08416	0.07995	0.65285	0.02104	0.00982	0.00281	0.00421	0.01753	0.00771	0.00701
15	0.01012	0.00723	0.00964	0.01157	0.01205	0.00675	0.00771	0.01157	0.01591	0.02121	0.04579	0.70262	0.05495	0.02603	0.01060	0.00337	0.00482	0.02362	0.00771	0.00675
16	0.01666	0.04297	0.66500	0.02368	0.03596	0.01929	0.03069	0.02631	0.01754	0.02631	0.01491	0.01754	0.01052	0.00789	0.00789	0.00263	0.01228	0.00614	0.00351	0.01228
17	0.03103	0.03959	0.02354	0.02140	0.02568	0.67469	0.01605	0.03317	0.02354	0.02033	0.01284	0.01498	0.01070	0.00856	0.00749	0.00214	0.01498	0.00535	0.00428	0.00963
18	0.01012	0.00723	0.00964	0.01157	0.01205	0.00675	0.00771	0.01157	0.01591	0.02121	0.04579	0.70262	0.05495	0.02603	0.01060	0.00337	0.00482	0.02362	0.00771	0.00675
19	0.01059	0.00827	0.00961	0.00965	0.01179	0.00728	0.00710	0.01328	0.02021	0.02635	0.29204	0.16648	0.34711	0.02026	0.00993	0.00282	0.00419	0.01750	0.00825	0.00728
20	0.01012	0.00723	0.00964	0.01157	0.01205	0.00675	0.00771	0.01157	0.01591	0.02121	0.04579	0.70262	0.05495	0.02603	0.01060	0.00337	0.00482	0.02362	0.00771	0.00675
21	0.01699	0.08198	0.62882	0.02313	0.03510	0.02008	0.02973	0.02623	0.01750	0.02592	0.01471	0.01729	0.01053	0.00785	0.00774	0.00258	0.01208	0.00604	0.00351	0.01218
22	0.58420	0.13587	0.01852	0.06058	0.01995	0.02107	0.01091	0.02427	0.01479	0.03306	0.01180	0.01409	0.00943	0.00765	0.00540	0.00245	0.00719	0.00470	0.00476	0.00930
23	0.01176	0.00849	0.01110	0.01045	0.01241	0.00784	0.00784	0.01568	0.02352	0.03331	0.65184	0.06206	0.07839	0.01698	0.00980	0.00261	0.00392	0.01502	0.00914	0.00784
24	0.01019	0.00738	0.00963	0.01128	0.01201	0.00683	0.00762	0.01181	0.01653	0.02194	0.08100	0.62320	0.09955	0.02518	0.01050	0.00329	0.00473	0.02272	0.00779	0.00683
25	0.02424	0.36074	0.07281	0.01601	0.02296	0.02605	0.01511	0.14668	0.02177	0.08107	0.01554	0.01685	0.01237	0.00827	0.00756	0.00207	0.04372	0.00568	0.00522	0.09526
26	0.02879	0.02553	0.10863	0.01988	0.02685	0.02490	0.01789	0.51172	0.03460	0.04693	0.01872	0.01952	0.01345	0.00999	0.00944	0.00258	0.05234	0.00729	0.00739	0.01357
27	0.01152	0.00848	0.01078	0.01021	0.01227	0.00774	0.00765	0.01522	0.02296	0.03200	0.58326	0.06422	0.14778	0.01747	0.00980	0.00264	0.00395	0.01533	0.00897	0.00774
28	0.76672	0.01607	0.01221	0.01092	0.01607	0.01864	0.00900	0.02442	0.01414	0.03727	0.01157	0.01350	0.00900	0.00771	0.00514	0.00257	0.00643	0.00450	0.00514	0.00900
29	0.01813	0.02005	0.04290	0.03137	0.03854	0.01879	0.52990	0.02427	0.01903	0.02577	0.02131	0.12818	0.01919	0.00996	0.00993	0.00289	0.01258	0.01195	0.00475	0.01051
30	0.01012	0.00723	0.00964	0.01157	0.01205	0.00675	0.00771	0.01157	0.01591	0.02121	0.04579	0.70262	0.05495	0.02603	0.01060	0.00337	0.00482	0.02362	0.00771	0.00675
31	0.01024	0.00732	0.00975	0.01149	0.01208	0.00683	0.00772	0.01187	0.01646	0.02208	0.08973	0.65618	0.05664	0.02537	0.01055	0.00332	0.00475	0.02299	0.00782	0.00683
32	0.01037	0.00737	0.00969	0.01132	0.01186	0.00691	0.00753	0.01186	0.01610	0.02159	0.08230	0.61553	0.05462	0.07491	0.01285	0.00367	0.00500	0.02224	0.00761	0.00669
33	0.01666	0.04297	0.66500	0.02368	0.03596	0.01929	0.03069	0.02631	0.01754	0.02631	0.01491	0.01754	0.01052	0.00789	0.00789	0.00263	0.01228	0.00614	0.00351	0.01228
34	0.01073	0.00799	0.00999	0.01046	0.01203	0.00725	0.00747	0.01333	0.01966	0.02644	0.30310	0.31015	0.18836	0.02127	0.01011	0.00294	0.00432	0.01882	0.00830	0.00725
35	0.01818	0.01818	0.02545	0.02181	0.02181	0.02545	0.01818	0.01999	0.01272	0.01999	0.01091	0.01818	0.01091	0.01454	0.02726	0.00364	0.69284	0.00727	0.00364	0.00909
36	0.01029	0.00736	0.00979	0.01145	0.01209	0.00686	0.00772	0.01200	0.01670	0.02247	0.10899	0.63583	0.05739	0.02508	0.01052	0.00329	0.00473	0.02272	0.00786	0.00686
37	0.01818	0.01818	0.02545	0.02181	0.02181	0.02545	0.01818	0.01999	0.01272	0.01999	0.01091	0.01818	0.01091	0.01454	0.02726	0.00364	0.69284	0.00727	0.00364	0.00909
38	0.01443	0.00722	0.01082	0.01082	0.01082	0.00722	0.00722	0.01082	0.01082	0.01443	0.01443	0.02525	0.01443	0.02886	0.03247	0.75830	0.00722	0.00722	0.00361	0.00361
39	0.03363	0.01425	0.01891	0.01433	0.02093	0.01200	0.01178	0.03693	0.02259	0.54675	0.02951	0.02627	0.01907	0.00953	0.00795	0.00233	0.00690	0.00773	0.00931	0.14929
40	0.76672	0.01607	0.01221	0.01092	0.01607	0.01864	0.00900	0.02442	0.01414	0.03727	0.01157	0.01350	0.00900	0.00771	0.00514	0.00257	0.00643	0.00450	0.00514	0.00900
41	0.01208	0.00805	0.00906	0.00906	0.00906	0.00805	0.00503	0.01208	0.01208	0.01611	0.02618	0.05436	0.03020	0.70804	0.04228	0.00805	0.00805	0.01208	0.00503	0.00503
42	0.01666	0.04297	0.66500	0.02368	0.03596	0.01929	0.03069	0.02631	0.01754	0.02631	0.01491	0.01754	0.01052	0.00789	0.00789	0.00263	0.01228	0.00614	0.00351	0.01228
43	0.01176	0.00849	0.01110	0.01045	0.01241	0.00784	0.00784	0.01568	0.02352	0.03331	0.65184	0.06206	0.07839	0.01698	0.00980	0.00261	0.00392	0.01502	0.00914	0.00784
44	0.50745	0.01654	0.01532	0.01272	0.01838	0.01799	0.01047	0.10201	0.01915	0.15531	0.01670	0.01721	0.01193	0.00840	0.00618	0.00250	0.00687	0.00561	0.00648	0.04277
45	0.76672	0.01607	0.01221	0.01092	0.01607	0.01864	0.00900	0.02442	0.01414	0.03727	0.01157	0.01350	0.00900	0.00771	0.00514	0.00257	0.00643	0.00450	0.00514	0.00900
46	0.02187	0.67135	0.08220	0.01480	0.02223	0.03203	0.01524	0.02496	0.01692	0.01997	0.01176	0.01359	0.01065	0.00716	0.00549	0.00183	0.00910	0.00455	0.00355	0.01076
47	0.02097	0.48015	0.22878	0.01739	0.02591	0.05943	0.01924	0.02570	0.01740	0.02161	0.01262	0.01467	0.01062	0.00741	0.00620	0.00205	0.01019	0.00499	0.00357	0.01110
48	0.02151	0.01528	0.01812	0.01320	0.02037	0.01232	0.01066	0.06813	0.01987	0.13148	0.01805	0.01921	0.01377	0.00710	0.00666	0.00154	0.00652	0.00566	0.00603	0.58453
49	0.03060	0.06406	0.02444	0.01784	0.02425	0.02340	0.01480	0.42579	0.10760	0.14660	0.02316	0.02221	0.01630	0.01000	0.00815	0.00250	0.00848	0.00766	0.00835	0.01380
50	0.01176	0.00849	0.01110	0.01045	0.01241	0.00784	0.00784	0.01568	0.02352	0.03331	0.65184	0.06206	0.07839	0.01698	0.00980	0.00261	0.00392	0.01502	0.00914	0.00784
51	0.01176	0.00849	0.01110	0.01045	0.01241	0.00784	0.00784	0.01568	0.02352	0.03331	0.65184	0.06206	0.07839	0.01698	0.00980	0.00261	0.00392	0.01502	0.00914	0.00784
52	0.01569	0.01477	0.02492	0.68808	0.05722	0.01846	0.02307	0.02123	0.01661	0.02123	0.01477	0.02215	0.01107	0.00831	0.00831	0.00277	0.01107	0.00738	0.00369	0.00923
53	0.01188	0.00883	0.01301	0.01301	0.01437	0.01020	0.00996	0.01462	0.01325	0.01903	0.02256	0.03437	0.02152	0.11373	0.62473	0.01293	0.02112	0.00915	0.00450	0.00723
54	0.01443	0.00722	0.01082	0.01082	0.01082	0.00722	0.00722	0.01082	0.01082	0.01443	0.01443	0.02525	0.01443	0.02886	0.03247	0.75830	0.00722	0.00722	0.00361	0.00361
55	0.01204	0.00820	0.00981	0.00981	0.01007	0.00846	0.00597	0.01256	0.01230	0.01666	0.02549	0.05058	0.02856	0.59564	0.15244	0.00898	0.01053	0.01153	0.00493	0.00545
56	0.03158	0.02327	0.02493	0.01911	0.02576	0.02576	0.01579	0.62852	0.03906	0.05236	0.01995	0.01995	0.01413	0.00997	0.00831	0.00249	0.00914	0.00748	0.00831	0.01413
57	0.01012	0.00723	0.00964	0.01157	0.01205	0.00675	0.00771	0.01157	0.01591	0.02121	0.04579	0.70262	0.05495	0.02603	0.01060	0.00337	0.00482	0.02362	0.00771	0.00675
58	0.01012	0.00723	0.00964	0.01157	0.01205	0.00675	0.00771	0.01157	0.01591	0.02121	0.04579	0.70262	0.05495	0.02603	0.01060	0.00337	0.00482	0.02362	0.00771	0.00675
