[name]
unknown

[dist]
# distance from previous block
# <min> <max>
0	30

[block]
# block no. 0 follows, 25 sequences, length 44
# corresponding to MSA columns:
# 30-73
name=unknown_A
#
# <colnr> <probs for GDERKNQSTAVLIFYWHMCP>
#	G	D	E	R	K	N	Q	S	T	A	V	L	I	F	Y	W	H	M	C	P
0	0.01995	0.01785	0.02786	0.03883	0.49491	0.01828	0.02094	0.11119	0.04590	0.02867	0.01850	0.02641	0.01613	0.00885	0.00800	0.00245	0.00879	0.06976	0.00488	0.01189
1	0.02813	0.03041	0.02333	0.02212	0.09031	0.42185	0.01580	0.22082	0.02597	0.02877	0.01428	0.01593	0.01120	0.00828	0.00729	0.00213	0.01183	0.00580	0.00513	0.01061
2	0.01960	0.01941	0.02970	0.07649	0.45719	0.06350	0.05106	0.04612	0.01772	0.02451	0.01396	0.01868	0.01174	0.00802	0.01018	0.00247	0.10759	0.00687	0.00391	0.01129
3	0.13214	0.08383	0.02330	0.02031	0.08874	0.30373	0.01476	0.19160	0.02361	0.02959	0.01372	0.01541	0.01083	0.00801	0.00679	0.00214	0.01050	0.00553	0.00502	0.01042
4	0.01884	0.01712	0.02755	0.03957	0.52230	0.01729	0.02060	0.08350	0.01910	0.02686	0.01889	0.11687	0.01779	0.00956	0.00799	0.00242	0.00849	0.00902	0.00469	0.01154
5	0.01920	0.01818	0.02953	0.04317	0.58756	0.01854	0.02219	0.02621	0.10764	0.02632	0.01694	0.02054	0.01386	0.00741	0.00771	0.00235	0.00878	0.00717	0.00440	0.01228
6	0.02006	0.01960	0.06332	0.05177	0.07817	0.01770	0.45042	0.02582	0.01849	0.11617	0.01867	0.05019	0.01433	0.00779	0.00878	0.00258	0.01142	0.00914	0.00480	0.01076
7	0.11857	0.10632	0.40332	0.01713	0.02560	0.01752	0.02030	0.02386	0.01612	0.05483	0.01547	0.01762	0.01146	0.00759	0.00651	0.00227	0.00909	0.00565	0.11039	0.01038
8	0.02247	0.60383	0.06404	0.01370	0.02045	0.02748	0.01364	0.02530	0.01667	0.11110	0.01366	0.01454	0.01123	0.00708	0.00547	0.00179	0.00819	0.00472	0.00419	0.01046
9	0.01603	0.16702	0.43973	0.01919	0.02822	0.01902	0.05175	0.02293	0.01712	0.02427	0.10528	0.02160	0.01874	0.00837	0.00724	0.00231	0.00984	0.00674	0.00404	0.01055
10	0.62447	0.01470	0.01250	0.01062	0.01579	0.01600	0.00871	0.02337	0.01421	0.07807	0.01257	0.01403	0.00957	0.00716	0.00514	0.00223	0.00600	0.00450	0.00510	0.11525
11	0.02947	0.02172	0.02327	0.01784	0.02404	0.02404	0.01474	0.65329	0.03646	0.04887	0.01862	0.01862	0.01319	0.00931	0.00776	0.00233	0.00853	0.00698	0.00776	0.01319
12	0.02001	0.01634	0.01750	0.01549	0.02007	0.01847	0.01209	0.04010	0.60213	0.06844	0.03076	0.02825	0.02291	0.01027	0.00779	0.00255	0.00615	0.00854	0.00785	0.04429
13	0.01666	0.01827	0.03704	0.07542	0.03553	0.01798	0.46345	0.02206	0.01747	0.02342	0.02382	0.02803	0.10384	0.00904	0.01044	0.00268	0.07114	0.00979	0.00430	0.00962
14	0.02805	0.02126	0.02441	0.02197	0.11509	0.02326	0.01600	0.56580	0.03384	0.04559	0.01806	0.01870	0.01306	0.00897	0.00775	0.00232	0.00863	0.00697	0.00721	0.01306
15	0.02761	0.03438	0.02329	0.02381	0.11502	0.60216	0.01621	0.02997	0.02137	0.01986	0.01235	0.01471	0.01031	0.00784	0.00709	0.00204	0.01332	0.00526	0.00397	0.00945
16	0.03034	0.03653	0.01807	0.01374	0.01922	0.01280	0.01126	0.03601	0.11132	0.52198	0.07975	0.02872	0.02367	0.01011	0.00782	0.00241	0.00636	0.00829	0.00907	0.01251
17	0.03021	0.02053	0.02254	0.01728	0.02345	0.02229	0.01427	0.56775	0.03447	0.13721	0.02028	0.01970	0.01402	0.00935	0.00776	0.00234	0.00826	0.00709	0.00801	0.01319
18	0.02665	0.01979	0.02113	0.01645	0.02216	0.02161	0.01351	0.56404	0.03384	0.04499	0.02694	0.02640	0.10530	0.01074	0.00795	0.00237	0.00789	0.00828	0.00768	0.01226
19	0.02729	0.03450	0.02078	0.01895	0.02283	0.63815	0.01421	0.02929	0.02161	0.01914	0.01760	0.01910	0.06620	0.00897	0.00717	0.00205	0.01313	0.00595	0.00427	0.00878
20	0.02947	0.02172	0.02327	0.01784	0.02404	0.02404	0.01474	0.65329	0.03646	0.04887	0.01862	0.01862	0.01319	0.00931	0.00776	0.00233	0.00853	0.00698	0.00776	0.01319
21	0.03479	0.01320	0.01799	0.01380	0.01979	0.01140	0.01140	0.03779	0.02219	0.68451	0.03059	0.02639	0.01919	0.00960	0.00780	0.00240	0.00660	0.00780	0.00960	0.01320
22	0.02947	0.02172	0.02327	0.01784	0.02404	0.02404	0.01474	0.65329	0.03646	0.04887	0.01862	0.01862	0.01319	0.00931	0.00776	0.00233	0.00853	0.00698	0.00776	0.01319
23	0.01584	0.07805	0.65188	0.02162	0.03281	0.01870	0.02780	0.02448	0.01634	0.02421	0.01374	0.01615	0.00983	0.00733	0.00724	0.00241	0.01129	0.00564	0.00328	0.01138
24	0.01609	0.11196	0.62019	0.02118	0.03214	0.01932	0.02705	0.02442	0.01631	0.02390	0.01359	0.01596	0.00984	0.00729	0.00712	0.00237	0.01113	0.00557	0.00328	0.01130
25	0.02881	0.02139	0.02290	0.01771	0.02379	0.02374	0.01458	0.61344	0.07739	0.04780	0.01946	0.01929	0.01387	0.00939	0.00777	0.00235	0.00838	0.00710	0.00777	0.01313
26	0.02898	0.03643	0.02202	0.01990	0.02397	0.67320	0.01497	0.05241	0.02247	0.02001	0.01221	0.01414	0.01010	0.00804	0.00702	0.00201	0.01379	0.00506	0.00412	0.00913
27	0.01603	0.01534	0.02267	0.25558	0.03106	0.02061	0.01790	0.01902	0.01336	0.01962	0.01224	0.01889	0.01076	0.01133	0.01828	0.00303	0.43351	0.00685	0.04547	0.00846
28	0.02947	0.02172	0.02327	0.01784	0.02404	0.02404	0.01474	0.65329	0.03646	0.04887	0.01862	0.01862	0.01319	0.00931	0.00776	0.00233	0.00853	0.00698	0.00776	0.01319
29	0.30547	0.01351	0.01509	0.01222	0.01751	0.01331	0.01004	0.03082	0.01890	0.40534	0.06534	0.02342	0.01877	0.00913	0.00679	0.00240	0.00619	0.00689	0.00778	0.01107
30	0.02855	0.02103	0.02261	0.01752	0.02345	0.02323	0.01439	0.62366	0.03546	0.04752	0.01973	0.05107	0.01494	0.01000	0.00786	0.00236	0.00835	0.00768	0.00773	0.01287
31	0.01623	0.13120	0.60221	0.02094	0.03176	0.01968	0.02662	0.02438	0.01629	0.02372	0.01350	0.01585	0.00984	0.00727	0.00705	0.00235	0.01104	0.00552	0.00328	0.01126
32	0.02947	0.02172	0.02327	0.01784	0.02404	0.02404	0.01474	0.65329	0.03646	0.04887	0.01862	0.01862	0.01319	0.00931	0.00776	0.00233	0.00853	0.00698	0.00776	0.01319
33	0.71986	0.01484	0.01195	0.01050	0.01540	0.01689	0.00865	0.02404	0.01395	0.08904	0.01245	0.01375	0.00930	0.00740	0.00505	0.00240	0.00605	0.00450	0.00520	0.00880
34	0.02947	0.02172	0.02327	0.01784	0.02404	0.02404	0.01474	0.65329	0.03646	0.04887	0.01862	0.01862	0.01319	0.00931	0.00776	0.00233	0.00853	0.00698	0.00776	0.01319
35	0.01830	0.02092	0.04575	0.03268	0.04052	0.01961	0.65098	0.02484	0.01830	0.02484	0.01569	0.02092	0.01176	0.00654	0.00915	0.00261	0.01307	0.00915	0.00392	0.01046
36	0.02947	0.02172	0.02327	0.01784	0.02404	0.02404	0.01474	0.65329	0.03646	0.04887	0.01862	0.01862	0.01319	0.00931	0.00776	0.00233	0.00853	0.00698	0.00776	0.01319
37	0.01597	0.09590	0.63519	0.02139	0.03246	0.01903	0.02741	0.02445	0.01632	0.02405	0.01366	0.01605	0.00983	0.00731	0.00717	0.00239	0.01120	0.00560	0.00328	0.01134
38	0.02947	0.02172	0.02327	0.01784	0.02404	0.02404	0.01474	0.65329	0.03646	0.04887	0.01862	0.01862	0.01319	0.00931	0.00776	0.00233	0.00853	0.00698	0.00776	0.01319
39	0.05129	0.03894	0.65583	0.02154	0.03269	0.01798	0.02770	0.02447	0.01622	0.02503	0.01377	0.01619	0.00976	0.00736	0.00725	0.00245	0.01120	0.00566	0.00335	0.01132
40	0.01715	0.01812	0.03306	0.13954	0.03443	0.02090	0.28826	0.02149	0.01522	0.02149	0.01312	0.01926	0.01088	0.00961	0.01556	0.00293	0.29820	0.00781	0.00363	0.00935
41	0.78228	0.01499	0.01140	0.01020	0.01499	0.01739	0.00840	0.02279	0.01320	0.03479	0.01080	0.01260	0.00840	0.00720	0.00480	0.00240	0.00600	0.00420	0.00480	0.00840
42	0.02879	0.02135	0.02327	0.04971	0.02540	0.02373	0.01505	0.62407	0.03549	0.04753	0.01839	0.01871	0.01305	0.00924	0.00776	0.00234	0.00862	0.00698	0.00756	0.01298
43	0.01658	0.09774	0.56345	0.02047	0.03077	0.01868	0.02550	0.02526	0.04515	0.04320	0.03358	0.01804	0.01250	0.00774	0.00724	0.00239	0.01059	0.00602	0.00381	0.01130

[dist]
# distance from previous block
# <min> <max>
4	68

[block]
# block no. 1 follows, 25 sequences, length 11
# corresponding to MSA columns:
# 142-152
name=unknown_B
#
# <colnr> <probs for GDERKNQSTAVLIFYWHMCP>
#	G	D	E	R	K	N	Q	S	T	A	V	L	I	F	Y	W	H	M	C	P
0	0.02947	0.02172	0.02327	0.01784	0.02404	0.02404	0.01474	0.65329	0.03646	0.04887	0.01862	0.01862	0.01319	0.00931	0.00776	0.00233	0.00853	0.00698	0.00776	0.01319
1	0.02896	0.03695	0.02197	0.01998	0.02397	0.69638	0.01498	0.03096	0.02197	0.01898	0.01199	0.01398	0.00999	0.00799	0.00699	0.00200	0.01398	0.00499	0.00400	0.00899
2	0.02868	0.02133	0.02282	0.01768	0.02374	0.02368	0.01455	0.60584	0.08519	0.04759	0.01962	0.01941	0.01400	0.00940	0.00777	0.00235	0.00835	0.00712	0.00777	0.01312
3	0.02631	0.02015	0.02149	0.01720	0.02284	0.02257	0.01397	0.46342	0.23147	0.04377	0.02263	0.02181	0.01644	0.00968	0.00780	0.00242	0.00779	0.00753	0.00780	0.01290
4	0.02947	0.02172	0.02327	0.01784	0.02404	0.02404	0.01474	0.65329	0.03646	0.04887	0.01862	0.01862	0.01319	0.00931	0.00776	0.00233	0.00853	0.00698	0.00776	0.01319
5	0.06180	0.19673	0.49987	0.01938	0.02935	0.02087	0.02394	0.02415	0.01604	0.02371	0.01302	0.01525	0.00977	0.00719	0.00667	0.00227	0.01041	0.00528	0.00337	0.01093
6	0.02947	0.02172	0.02327	0.01784	0.02404	0.02404	0.01474	0.65329	0.03646	0.04887	0.01862	0.01862	0.01319	0.00931	0.00776	0.00233	0.00853	0.00698	0.00776	0.01319
7	0.09784	0.11494	0.54287	0.01984	0.03005	0.01936	0.02477	0.02422	0.01596	0.02494	0.01323	0.01553	0.00968	0.00727	0.00682	0.00236	0.01052	0.00539	0.00344	0.01096
8	0.02947	0.02172	0.02327	0.01784	0.02404	0.02404	0.01474	0.65329	0.03646	0.04887	0.01862	0.01862	0.01319	0.00931	0.00776	0.00233	0.00853	0.00698	0.00776	0.01319
9	0.01637	0.01613	0.02657	0.22135	0.03315	0.01944	0.13941	0.02021	0.01463	0.02108	0.01325	0.01934	0.01109	0.00984	0.01501	0.00280	0.29727	0.00716	0.04158	0.05432
10	0.03007	0.02076	0.02268	0.01739	0.02357	0.02263	0.01436	0.58435	0.03486	0.12005	0.01996	0.01949	0.01386	0.00934	0.00776	0.00234	0.00832	0.00707	0.00796	0.01319

[dist]
# distance from previous block
# <min> <max>
20	27

[block]
# block no. 2 follows, 25 sequences, length 6
# corresponding to MSA columns:
# 180-185
name=unknown_C
#
# <colnr> <probs for GDERKNQSTAVLIFYWHMCP>
#	G	D	E	R	K	N	Q	S	T	A	V	L	I	F	Y	W	H	M	C	P
0	0.01919	0.01842	0.03147	0.04759	0.67914	0.01842	0.02380	0.02380	0.01765	0.02533	0.01458	0.01919	0.01228	0.00691	0.00768	0.00230	0.00921	0.00691	0.00384	0.01228
1	0.01745	0.26285	0.37626	0.07293	0.07928	0.02212	0.02271	0.02370	0.01620	0.02219	0.01293	0.01562	0.01009	0.00712	0.00664	0.00219	0.01017	0.00539	0.00334	0.01081
2	0.02089	0.12835	0.02644	0.30633	0.10119	0.15772	0.01828	0.10727	0.01985	0.02382	0.01369	0.01765	0.01078	0.00775	0.00717	0.00226	0.01041	0.00611	0.00415	0.00987
3	0.00942	0.00686	0.00888	0.01050	0.01117	0.00632	0.00706	0.01083	0.01513	0.01991	0.04639	0.65640	0.11497	0.02382	0.00982	0.00309	0.00444	0.02146	0.00720	0.00632
4	0.03420	0.01414	0.01858	0.01424	0.02026	0.01279	0.01177	0.10579	0.02377	0.61428	0.02927	0.02553	0.01853	0.00956	0.00779	0.00239	0.00681	0.00771	0.00939	0.01319
5	0.02004	0.64009	0.12668	0.01444	0.02172	0.02899	0.01531	0.02340	0.01584	0.01908	0.01120	0.01296	0.00993	0.00673	0.00529	0.00176	0.00871	0.00436	0.00331	0.01015

[dist]
# distance from previous block
# <min> <max>
1	5

[block]
# block no. 3 follows, 25 sequences, length 44
# corresponding to MSA columns:
# 191-234
name=unknown_D
#
# <colnr> <probs for GDERKNQSTAVLIFYWHMCP>
#	G	D	E	R	K	N	Q	S	T	A	V	L	I	F	Y	W	H	M	C	P
0	0.01919	0.01842	0.03147	0.04759	0.67914	0.01842	0.02380	0.02380	0.01765	0.02533	0.01458	0.01919	0.01228	0.00691	0.00768	0.00230	0.00921	0.00691	0.00384	0.01228
1	0.01919	0.01842	0.03147	0.04759	0.67914	0.01842	0.02380	0.02380	0.01765	0.02533	0.01458	0.01919	0.01228	0.00691	0.00768	0.00230	0.00921	0.00691	0.00384	0.01228
2	0.01249	0.00892	0.01249	0.01428	0.01606	0.00892	0.01249	0.01606	0.01785	0.02320	0.04105	0.08746	0.04462	0.02142	0.01071	0.00357	0.00714	0.62695	0.00714	0.00714
3	0.01347	0.00673	0.01010	0.01010	0.01010	0.00673	0.00673	0.01010	0.01010	0.01347	0.01347	0.02357	0.01347	0.02694	0.03030	0.77441	0.00673	0.00673	0.00337	0.00337
4	0.01595	0.09324	0.63768	0.02142	0.03251	0.01898	0.02747	0.02445	0.01632	0.02407	0.01367	0.01607	0.00983	0.00731	0.00718	0.00239	0.01122	0.00561	0.00328	0.01134
5	0.01568	0.03920	0.65702	0.02260	0.03389	0.01808	0.05805	0.02457	0.01646	0.02457	0.01400	0.01658	0.00991	0.00733	0.00745	0.00246	0.01154	0.00589	0.00330	0.01141
6	0.01696	0.01696	0.02375	0.02036	0.02036	0.02375	0.01696	0.01866	0.01187	0.01866	0.01018	0.01696	0.01018	0.01357	0.02545	0.00339	0.71332	0.00679	0.00339	0.00848
7	0.01608	0.01378	0.01608	0.01148	0.01837	0.01034	0.00919	0.01952	0.01608	0.02527	0.01378	0.01608	0.01148	0.00574	0.00574	0.00115	0.00574	0.00459	0.00459	0.77491
8	0.02073	0.73217	0.04063	0.01327	0.01990	0.03068	0.01327	0.02322	0.01575	0.01824	0.01078	0.01244	0.00995	0.00663	0.00498	0.00166	0.00829	0.00415	0.00332	0.00995
9	0.01092	0.00796	0.01030	0.00982	0.01169	0.00733	0.00743	0.01447	0.02152	0.03016	0.61339	0.06011	0.10891	0.01630	0.00921	0.00249	0.00381	0.03849	0.00840	0.00726
10	0.01108	0.00831	0.01246	0.01246	0.01385	0.00969	0.00969	0.01385	0.01246	0.01800	0.02077	0.03046	0.01938	0.05815	0.69678	0.01246	0.02077	0.00831	0.00415	0.00692
11	0.78228	0.01499	0.01140	0.01020	0.01499	0.01739	0.00840	0.02279	0.01320	0.03479	0.01080	0.01260	0.00840	0.00720	0.00480	0.00240	0.00600	0.00420	0.00480	0.00840
12	0.01097	0.00793	0.01036	0.00975	0.01158	0.00732	0.00732	0.01463	0.02195	0.03109	0.67505	0.05792	0.07316	0.01585	0.00914	0.00244	0.00366	0.01402	0.00854	0.00732
13	0.01464	0.01378	0.02326	0.70887	0.05340	0.01723	0.02153	0.01981	0.01550	0.01981	0.01378	0.02067	0.01034	0.00775	0.00775	0.00258	0.01034	0.00689	0.00345	0.00861
14	0.01464	0.01378	0.02326	0.70887	0.05340	0.01723	0.02153	0.01981	0.01550	0.01981	0.01378	0.02067	0.01034	0.00775	0.00775	0.00258	0.01034	0.00689	0.00345	0.00861
15	0.02947	0.02172	0.02327	0.01784	0.02404	0.02404	0.01474	0.65329	0.03646	0.04887	0.01862	0.01862	0.01319	0.00931	0.00776	0.00233	0.00853	0.00698	0.00776	0.01319
16	0.02902	0.03537	0.02211	0.01975	0.02398	0.62648	0.01496	0.09566	0.02348	0.02208	0.01267	0.01446	0.01032	0.00813	0.00707	0.00203	0.01342	0.00520	0.00439	0.00943
17	0.01464	0.01378	0.02326	0.70887	0.05340	0.01723	0.02153	0.01981	0.01550	0.01981	0.01378	0.02067	0.01034	0.00775	0.00775	0.00258	0.01034	0.00689	0.00345	0.00861
18	0.02947	0.02172	0.02327	0.01784	0.02404	0.02404	0.01474	0.65329	0.03646	0.04887	0.01862	0.01862	0.01319	0.00931	0.00776	0.00233	0.00853	0.00698	0.00776	0.01319
19	0.01464	0.01378	0.02326	0.70887	0.05340	0.01723	0.02153	0.01981	0.01550	0.01981	0.01378	0.02067	0.01034	0.00775	0.00775	0.00258	0.01034	0.00689	0.00345	0.00861
20	0.01833	0.02039	0.04244	0.03073	0.03795	0.01976	0.57027	0.02595	0.07233	0.02521	0.01678	0.02142	0.01270	0.00717	0.00974	0.00265	0.04240	0.00902	0.00423	0.01053
21	0.01555	0.04011	0.68733	0.02210	0.03356	0.01801	0.02865	0.02455	0.01637	0.02455	0.01391	0.01637	0.00982	0.00737	0.00737	0.00246	0.01146	0.00573	0.00327	0.01146
22	0.01608	0.01378	0.01608	0.01148	0.01837	0.01034	0.00919	0.01952	0.01608	0.02527	0.01378	0.01608	0.01148	0.00574	0.00574	0.00115	0.00574	0.00459	0.00459	0.77491
23	0.03269	0.01474	0.04363	0.01430	0.02036	0.01256	0.01218	0.08825	0.02316	0.58078	0.05365	0.02656	0.02040	0.00973	0.00783	0.00240	0.00683	0.00789	0.00916	0.01290
24	0.01464	0.01378	0.02326	0.70887	0.05340	0.01723	0.02153	0.01981	0.01550	0.01981	0.01378	0.02067	0.01034	0.00775	0.00775	0.00258	0.01034	0.00689	0.00345	0.00861
25	0.00945	0.00675	0.00900	0.01080	0.01125	0.00630	0.00720	0.01080	0.01484	0.01979	0.04274	0.72245	0.05128	0.02429	0.00990	0.00315	0.00450	0.02204	0.00720	0.00630
26	0.02896	0.03695	0.02197	0.01998	0.02397	0.69638	0.01498	0.03096	0.02197	0.01898	0.01199	0.01398	0.00999	0.00799	0.00699	0.00200	0.01398	0.00499	0.00400	0.00899
27	0.00927	0.00784	0.00789	0.00789	0.01037	0.00660	0.00583	0.01114	0.01734	0.02064	0.07576	0.07339	0.64264	0.05608	0.01072	0.00287	0.00411	0.01610	0.00707	0.00645
28	0.78228	0.01499	0.01140	0.01020	0.01499	0.01739	0.00840	0.02279	0.01320	0.03479	0.01080	0.01260	0.00840	0.00720	0.00480	0.00240	0.00600	0.00420	0.00480	0.00840
29	0.03479	0.01320	0.01799	0.01380	0.01979	0.01140	0.01140	0.03779	0.02219	0.68451	0.03059	0.02639	0.01919	0.00960	0.00780	0.00240	0.00660	0.00780	0.00960	0.01320
30	0.33589	0.02961	0.40493	0.01713	0.02580	0.01775	0.02019	0.02382	0.01504	0.02883	0.01261	0.01479	0.00923	0.00730	0.00629	0.00243	0.00918	0.00509	0.00391	0.01018
31	0.73908	0.01489	0.01178	0.01040	0.01527	0.01705	0.00857	0.02366	0.01372	0.07234	0.01194	0.01339	0.00902	0.00734	0.00497	0.00240	0.00603	0.00441	0.00508	0.00867
32	0.02947	0.02172	0.02327	0.01784	0.02404	0.02404	0.01474	0.65329	0.03646	0.04887	0.01862	0.01862	0.01319	0.00931	0.00776	0.00233	0.00853	0.00698	0.00776	0.01319
33	0.02947	0.02172	0.02327	0.01784	0.02404	0.02404	0.01474	0.65329	0.03646	0.04887	0.01862	0.01862	0.01319	0.00931	0.00776	0.00233	0.00853	0.00698	0.00776	0.01319
34	0.05639	0.47442	0.24720	0.01596	0.02405	0.02595	0.01798	0.02363	0.01583	0.02108	0.01179	0.01371	0.00983	0.00690	0.00574	0.00195	0.00920	0.00466	0.00338	0.01036
35	0.02947	0.02172	0.02327	0.01784	0.02404	0.02404	0.01474	0.65329	0.03646	0.04887	0.01862	0.01862	0.01319	0.00931	0.00776	0.00233	0.00853	0.00698	0.00776	0.01319
36	0.01555	0.04011	0.68733	0.02210	0.03356	0.01801	0.02865	0.02455	0.01637	0.02455	0.01391	0.01637	0.00982	0.00737	0.00737	0.00246	0.01146	0.00573	0.00327	0.01146
37	0.20609	0.02180	0.02034	0.01628	0.02191	0.09595	0.01328	0.43731	0.02941	0.04230	0.01606	0.01670	0.01171	0.00867	0.00698	0.00231	0.00853	0.00611	0.00665	0.01160
38	0.01578	0.07082	0.65864	0.02171	0.03295	0.01857	0.02796	0.02450	0.01634	0.02427	0.01378	0.01620	0.00983	0.00733	0.00726	0.00242	0.01132	0.00566	0.00328	0.01139
39	0.09712	0.02025	0.02123	0.01662	0.02245	0.02246	0.01366	0.53302	0.07205	0.04548	0.02102	0.02087	0.03917	0.00959	0.00755	0.00236	0.00797	0.00720	0.00747	0.01243
40	0.05588	0.01401	0.01615	0.01194	0.01818	0.01164	0.00958	0.04653	0.01693	0.02680	0.04611	0.01809	0.01437	0.00676	0.00668	0.00141	0.03213	0.00522	0.00489	0.63669
41	0.01897	0.01975	0.07160	0.04603	0.63964	0.01840	0.02409	0.02384	0.01758	0.02528	0.01454	0.01902	0.01213	0.00694	0.00766	0.00231	0.00935	0.00684	0.00380	0.01223
42	0.01464	0.01378	0.02326	0.70887	0.05340	0.01723	0.02153	0.01981	0.01550	0.01981	0.01378	0.02067	0.01034	0.00775	0.00775	0.00258	0.01034	0.00689	0.00345	0.00861
43	0.01893	0.01815	0.03100	0.08581	0.64298	0.01835	0.02367	0.02357	0.01753	0.02501	0.01454	0.01928	0.01217	0.00696	0.00768	0.00232	0.00928	0.00691	0.00382	0.01207

[dist]
# distance from previous block
# <min> <max>
9	12

[block]
# block no. 4 follows, 25 sequences, length 7
# corresponding to MSA columns:
# 247-253
name=unknown_E
#
# <colnr> <probs for GDERKNQSTAVLIFYWHMCP>
#	G	D	E	R	K	N	Q	S	T	A	V	L	I	F	Y	W	H	M	C	P
0	0.02221	0.61179	0.03769	0.01404	0.02060	0.02956	0.01352	0.12998	0.01926	0.02343	0.01211	0.01348	0.01050	0.00709	0.00545	0.00177	0.00833	0.00463	0.00407	0.01050
1	0.08912	0.66777	0.03800	0.01299	0.01946	0.02949	0.01283	0.02318	0.01552	0.01973	0.01078	0.01245	0.00981	0.00668	0.00496	0.00172	0.00809	0.00415	0.00345	0.00981
2	0.02197	0.51164	0.10647	0.01516	0.02222	0.02795	0.01522	0.15306	0.02008	0.02522	0.01273	0.01413	0.01060	0.00726	0.00580	0.00188	0.00868	0.00490	0.00423	0.01078
3	0.02801	0.09087	0.02431	0.01774	0.02343	0.16280	0.01452	0.43352	0.06531	0.03897	0.01721	0.01764	0.01279	0.00885	0.00735	0.00221	0.00950	0.00640	0.00658	0.01197
4	0.02155	0.36872	0.02888	0.01492	0.01981	0.24694	0.01282	0.02392	0.01798	0.01924	0.04705	0.02037	0.05630	0.01213	0.05697	0.00266	0.01060	0.00597	0.00409	0.00907
5	0.01949	0.56641	0.19553	0.01538	0.02317	0.02764	0.01695	0.02354	0.01590	0.01975	0.01153	0.01338	0.00992	0.00681	0.00555	0.00185	0.00905	0.00453	0.00331	0.01031
6	0.01725	0.26692	0.47539	0.01920	0.02908	0.02216	0.02361	0.02412	0.01617	0.02249	0.01289	0.01508	0.00986	0.00713	0.00658	0.00219	0.01042	0.00521	0.00329	0.01096

[dist]
# distance from previous block
# <min> <max>
2	17

[block]
# block no. 5 follows, 25 sequences, length 27
# corresponding to MSA columns:
# 271-297
name=unknown_F
#
# <colnr> <probs for GDERKNQSTAVLIFYWHMCP>
#	G	D	E	R	K	N	Q	S	T	A	V	L	I	F	Y	W	H	M	C	P
0	0.01626	0.03580	0.56894	0.02278	0.07344	0.01772	0.02631	0.05753	0.01786	0.02630	0.05377	0.01916	0.01395	0.00795	0.00751	0.00244	0.01069	0.00637	0.00386	0.01136
1	0.02274	0.18748	0.26368	0.01691	0.02481	0.01915	0.01813	0.03013	0.09837	0.21429	0.02019	0.01992	0.01427	0.00823	0.00701	0.00228	0.00867	0.00634	0.00568	0.01172
2	0.03069	0.01894	0.02145	0.01653	0.02261	0.02003	0.01363	0.44307	0.05654	0.24078	0.02275	0.02137	0.01541	0.00944	0.00777	0.00236	0.00785	0.00730	0.00832	0.01315
3	0.02519	0.21807	0.11803	0.01725	0.02421	0.05017	0.01623	0.37330	0.02756	0.03612	0.01560	0.01646	0.01173	0.00827	0.00692	0.00215	0.00907	0.00597	0.00580	0.01191
4	0.02778	0.02139	0.02193	0.01713	0.02293	0.05856	0.01402	0.56723	0.03414	0.04497	0.02319	0.02297	0.06749	0.01009	0.00783	0.00233	0.00845	0.00765	0.00751	0.01242
5	0.02911	0.01845	0.02078	0.01635	0.02217	0.01969	0.01337	0.37267	0.14566	0.22194	0.02426	0.02262	0.01674	0.00961	0.00779	0.00240	0.00757	0.00753	0.00829	0.01302
6	0.01926	0.53590	0.22404	0.01577	0.02377	0.02709	0.01763	0.02360	0.01593	0.02003	0.01167	0.01355	0.00991	0.00684	0.00565	0.00188	0.00919	0.00460	0.00330	0.01038
7	0.02945	0.02242	0.02321	0.01794	0.02404	0.05494	0.01475	0.62469	0.03579	0.04749	0.01831	0.01840	0.01304	0.00925	0.00772	0.00231	0.00878	0.00689	0.00758	0.01299
8	0.01555	0.04011	0.68733	0.02210	0.03356	0.01801	0.02865	0.02455	0.01637	0.02455	0.01391	0.01637	0.00982	0.00737	0.00737	0.00246	0.01146	0.00573	0.00327	0.01146
9	0.01830	0.02092	0.04575	0.03268	0.04052	0.01961	0.65098	0.02484	0.01830	0.02484	0.01569	0.02092	0.01176	0.00654	0.00915	0.00261	0.01307	0.00915	0.00392	0.01046
10	0.01620	0.12686	0.60627	0.02099	0.03185	0.01960	0.02672	0.02439	0.01629	0.02376	0.01352	0.01588	0.00984	0.00727	0.00707	0.00236	0.01106	0.00553	0.00328	0.01127
11	0.01652	0.03875	0.65352	0.02168	0.03286	0.01767	0.02778	0.02522	0.01666	0.05789	0.01476	0.01688	0.01030	0.00748	0.00739	0.00245	0.01121	0.00583	0.00359	0.01155
12	0.01884	0.01845	0.02907	0.04299	0.59259	0.05017	0.02190	0.02310	0.01786	0.02466	0.01971	0.02349	0.06669	0.00801	0.00777	0.00231	0.00901	0.00759	0.00412	0.01165
13	0.02036	0.02065	0.03033	0.04427	0.60041	0.09989	0.02274	0.02466	0.01817	0.02457	0.01427	0.01856	0.01201	0.00704	0.00759	0.00227	0.00978	0.00668	0.00386	0.01189
14	0.01100	0.00789	0.01022	0.00966	0.01135	0.00733	0.00712	0.01438	0.02114	0.02987	0.62559	0.05737	0.06974	0.06995	0.01145	0.00282	0.00395	0.01381	0.00824	0.00712
15	0.01464	0.01378	0.02326	0.70887	0.05340	0.01723	0.02153	0.01981	0.01550	0.01981	0.01378	0.02067	0.01034	0.00775	0.00775	0.00258	0.01034	0.00689	0.00345	0.00861
16	0.02947	0.02172	0.02327	0.01784	0.02404	0.02404	0.01474	0.65329	0.03646	0.04887	0.01862	0.01862	0.01319	0.00931	0.00776	0.00233	0.00853	0.00698	0.00776	0.01319
17	0.01464	0.01378	0.02326	0.70887	0.05340	0.01723	0.02153	0.01981	0.01550	0.01981	0.01378	0.02067	0.01034	0.00775	0.00775	0.00258	0.01034	0.00689	0.00345	0.00861
18	0.01464	0.01378	0.02326	0.70887	0.05340	0.01723	0.02153	0.01981	0.01550	0.01981	0.01378	0.02067	0.01034	0.00775	0.00775	0.00258	0.01034	0.00689	0.00345	0.00861
19	0.00984	0.00717	0.00942	0.01084	0.01167	0.00654	0.00732	0.01132	0.01492	0.02012	0.04100	0.68018	0.04890	0.02318	0.00965	0.00303	0.00457	0.02100	0.00704	0.05229
20	0.01766	0.01373	0.01624	0.01168	0.01850	0.01043	0.00937	0.02107	0.01660	0.08113	0.01521	0.01695	0.01214	0.00607	0.00592	0.00125	0.00581	0.00487	0.00502	0.71036
21	0.03283	0.01276	0.01737	0.01346	0.01912	0.01106	0.01106	0.03588	0.02217	0.63081	0.08356	0.02898	0.02363	0.01011	0.00791	0.00240	0.00636	0.00831	0.00951	0.01271
22	0.01499	0.01413	0.02388	0.65860	0.10097	0.01732	0.02171	0.02011	0.01567	0.02023	0.01384	0.02056	0.01048	0.00769	0.00775	0.00256	0.01025	0.00689	0.00348	0.00889
23	0.01464	0.01378	0.02326	0.70887	0.05340	0.01723	0.02153	0.01981	0.01550	0.01981	0.01378	0.02067	0.01034	0.00775	0.00775	0.00258	0.01034	0.00689	0.00345	0.00861
24	0.01900	0.01551	0.01765	0.01287	0.01961	0.01333	0.01040	0.15772	0.02052	0.03041	0.01484	0.01663	0.01186	0.00652	0.00618	0.00141	0.00635	0.00511	0.00528	0.60881
25	0.01819	0.02059	0.04394	0.03167	0.03887	0.01995	0.59887	0.02433	0.01777	0.02433	0.01523	0.02059	0.01163	0.00711	0.01049	0.00268	0.07062	0.00896	0.00388	0.01030
26	0.04829	0.01738	0.01805	0.01570	0.02043	0.04259	0.01236	0.09510	0.49038	0.10769	0.02888	0.02663	0.02121	0.01010	0.00773	0.00255	0.00668	0.00821	0.00783	0.01221

[dist]
# distance from previous block
# <min> <max>
4	8

[block]
# block no. 6 follows, 25 sequences, length 14
# corresponding to MSA columns:
# 306-319
name=unknown_G
#
# <colnr> <probs for GDERKNQSTAVLIFYWHMCP>
#	G	D	E	R	K	N	Q	S	T	A	V	L	I	F	Y	W	H	M	C	P
0	0.01547	0.01940	0.12350	0.02398	0.02961	0.01611	0.33371	0.02044	0.01632	0.02259	0.02129	0.17069	0.02081	0.05774	0.01235	0.00309	0.06782	0.01135	0.00453	0.00918
1	0.02561	0.01920	0.02087	0.01636	0.02204	0.02061	0.01329	0.49136	0.06240	0.04268	0.02082	0.08172	0.01689	0.01028	0.00772	0.00228	0.00773	0.00813	0.00734	0.10268
2	0.01887	0.01990	0.03940	0.02824	0.03581	0.01856	0.50143	0.07532	0.01944	0.02686	0.01564	0.01999	0.01184	0.00664	0.00852	0.00237	0.01159	0.00828	0.00434	0.12695
3	0.01839	0.01760	0.03002	0.16416	0.56884	0.01821	0.02340	0.02309	0.01728	0.02436	0.01444	0.01945	0.01194	0.00706	0.00769	0.00235	0.00941	0.00691	0.00377	0.01164
4	0.53960	0.01653	0.01460	0.06882	0.01988	0.05192	0.01069	0.08091	0.03633	0.07872	0.01379	0.01531	0.01027	0.00774	0.00572	0.00239	0.00703	0.00509	0.00534	0.00932
5	0.01613	0.01500	0.02482	0.55429	0.17114	0.01774	0.02168	0.04703	0.01679	0.02207	0.01414	0.02030	0.01082	0.00766	0.00774	0.00252	0.01005	0.00690	0.00370	0.00950
6	0.01919	0.01842	0.03147	0.04759	0.67914	0.01842	0.02380	0.02380	0.01765	0.02533	0.01458	0.01919	0.01228	0.00691	0.00768	0.00230	0.00921	0.00691	0.00384	0.01228
7	0.02448	0.02021	0.02650	0.05523	0.02788	0.07486	0.15987	0.27834	0.07294	0.09303	0.02094	0.04232	0.01635	0.00961	0.00823	0.00249	0.00958	0.03923	0.00648	0.01144
8	0.01538	0.01476	0.02563	0.59164	0.12201	0.01751	0.06260	0.02058	0.01592	0.02075	0.01399	0.02052	0.01064	0.00758	0.00783	0.00255	0.01039	0.00704	0.00352	0.00914
9	0.01883	0.01805	0.03082	0.10041	0.62916	0.01833	0.02362	0.02348	0.01748	0.02489	0.01452	0.01931	0.01213	0.00698	0.00768	0.00233	0.00930	0.00691	0.00381	0.01199
10	0.01782	0.02213	0.10630	0.02963	0.03774	0.01857	0.52870	0.02431	0.01790	0.02485	0.01533	0.02001	0.01155	0.00654	0.00865	0.00246	0.01222	0.00838	0.00392	0.08300
11	0.01803	0.18578	0.48393	0.01980	0.02971	0.02130	0.02400	0.08636	0.01822	0.02561	0.01371	0.01575	0.01018	0.00740	0.00690	0.00227	0.01049	0.00552	0.00373	0.01131
12	0.02793	0.02095	0.02240	0.01753	0.02346	0.02332	0.01436	0.56035	0.13192	0.04637	0.02058	0.02018	0.01478	0.00949	0.00778	0.00237	0.00817	0.00725	0.00778	0.01305
13	0.02861	0.09188	0.02498	0.01739	0.02364	0.02470	0.01459	0.59107	0.03441	0.04584	0.01784	0.01801	0.01287	0.00904	0.00748	0.00226	0.00851	0.00670	0.00732	0.01287

[dist]
# distance from previous block
# <min> <max>
1	25

[block]
# block no. 7 follows, 25 sequences, length 22
# corresponding to MSA columns:
# 345-366
name=unknown_H
#
# <colnr> <probs for GDERKNQSTAVLIFYWHMCP>
#	G	D	E	R	K	N	Q	S	T	A	V	L	I	F	Y	W	H	M	C	P
0	0.01990	0.62183	0.14374	0.01468	0.02208	0.02866	0.01572	0.02343	0.01585	0.01925	0.01128	0.01306	0.00993	0.00675	0.00536	0.00179	0.00880	0.00440	0.00331	0.01019
1	0.01990	0.62183	0.14374	0.01468	0.02208	0.02866	0.01572	0.02343	0.01585	0.01925	0.01128	0.01306	0.00993	0.00675	0.00536	0.00179	0.00880	0.00440	0.00331	0.01019
2	0.01921	0.52898	0.23051	0.01586	0.02391	0.02696	0.01778	0.02361	0.01594	0.02010	0.01170	0.01359	0.00991	0.00685	0.00568	0.00189	0.00922	0.00461	0.00330	0.01039
3	0.02004	0.60458	0.11385	0.01446	0.02150	0.02846	0.01498	0.02457	0.05901	0.01992	0.01252	0.01399	0.01085	0.00698	0.00545	0.00182	0.00851	0.00464	0.00362	0.01028
4	0.02037	0.56440	0.15296	0.01526	0.02257	0.07273	0.01608	0.02397	0.01628	0.01940	0.01141	0.01323	0.00993	0.00685	0.00553	0.00182	0.00923	0.00448	0.00335	0.01015
5	0.06263	0.27656	0.42506	0.01836	0.02777	0.02233	0.02216	0.02399	0.01597	0.02299	0.01265	0.01480	0.00978	0.00710	0.00639	0.00218	0.01005	0.00509	0.00338	0.01076
6	0.01691	0.22213	0.51724	0.01978	0.02997	0.02134	0.02460	0.02420	0.01621	0.02289	0.01309	0.01534	0.00986	0.00717	0.00674	0.00225	0.01063	0.00531	0.00329	0.01106
7	0.05490	0.69999	0.03932	0.01313	0.01968	0.03008	0.01305	0.02320	0.01564	0.01898	0.01078	0.01244	0.00988	0.00666	0.00497	0.00169	0.00819	0.00415	0.00338	0.00988
8	0.01929	0.01666	0.01753	0.01578	0.02016	0.01929	0.01227	0.04120	0.66513	0.03243	0.03156	0.02893	0.02367	0.01052	0.00789	0.00263	0.00614	0.00877	0.00789	0.01227
9	0.01698	0.01432	0.01656	0.01191	0.01876	0.01126	0.00956	0.06222	0.01745	0.02686	0.01411	0.01625	0.01160	0.00598	0.00588	0.00123	0.00593	0.00475	0.00481	0.72359
10	0.01919	0.01842	0.03147	0.04759	0.67914	0.01842	0.02380	0.02380	0.01765	0.02533	0.01458	0.01919	0.01228	0.00691	0.00768	0.00230	0.00921	0.00691	0.00384	0.01228
11	0.01464	0.01378	0.02326	0.70887	0.05340	0.01723	0.02153	0.01981	0.01550	0.01981	0.01378	0.02067	0.01034	0.00775	0.00775	0.00258	0.01034	0.00689	0.00345	0.00861
12	0.01830	0.02092	0.04575	0.03268	0.04052	0.01961	0.65098	0.02484	0.01830	0.02484	0.01569	0.02092	0.01176	0.00654	0.00915	0.00261	0.01307	0.00915	0.00392	0.01046
13	0.01979	0.01683	0.01783	0.01568	0.02032	0.01911	0.01227	0.08071	0.58731	0.03313	0.02971	0.02753	0.02230	0.01017	0.00776	0.00253	0.00627	0.00842	0.00770	0.05465
14	0.01486	0.01420	0.02458	0.66893	0.05264	0.01737	0.05872	0.02011	0.01567	0.02011	0.01389	0.02069	0.01042	0.00768	0.00783	0.00259	0.01050	0.00702	0.00347	0.00872
15	0.06661	0.01412	0.02291	0.62511	0.08553	0.01730	0.02077	0.02023	0.01547	0.02113	0.01362	0.02005	0.01031	0.00767	0.00755	0.00256	0.00998	0.00671	0.00356	0.00880
16	0.01574	0.01497	0.02586	0.59904	0.05057	0.01781	0.09399	0.04941	0.01679	0.02172	0.01422	0.02061	0.01063	0.00768	0.00791	0.00258	0.01057	0.00716	0.00370	0.00904
17	0.44229	0.01371	0.01370	0.01146	0.01643	0.01432	0.00939	0.02751	0.01724	0.27037	0.07704	0.02163	0.01807	0.00884	0.00627	0.00240	0.00601	0.00638	0.00687	0.01004
18	0.03449	0.01367	0.01829	0.01402	0.02003	0.01210	0.01158	0.07185	0.02298	0.64933	0.02993	0.02596	0.01886	0.00958	0.00780	0.00240	0.00670	0.00775	0.00949	0.01319
19	0.02186	0.01628	0.01922	0.01913	0.09628	0.01787	0.01346	0.03862	0.48310	0.14033	0.02943	0.02738	0.02161	0.00995	0.00785	0.00255	0.00657	0.00839	0.00771	0.01243
20	0.02018	0.02139	0.05542	0.04343	0.57875	0.09678	0.02296	0.02465	0.01811	0.02457	0.01426	0.01848	0.01192	0.00705	0.00759	0.00227	0.00985	0.00664	0.00383	0.01187
21	0.01080	0.00792	0.01013	0.00958	0.01148	0.00724	0.00718	0.01430	0.02154	0.03013	0.61871	0.05950	0.13010	0.01621	0.00915	0.00246	0.00368	0.01424	0.00841	0.00724

[dist]
# distance from previous block
# <min> <max>
0	1

[block]
# block no. 8 follows, 25 sequences, length 20
# corresponding to MSA columns:
# 368-387
name=unknown_I
#
# <colnr> <probs for GDERKNQSTAVLIFYWHMCP>
#	G	D	E	R	K	N	Q	S	T	A	V	L	I	F	Y	W	H	M	C	P
0	0.02947	0.02172	0.02327	0.01784	0.02404	0.02404	0.01474	0.65329	0.03646	0.04887	0.01862	0.01862	0.01319	0.00931	0.00776	0.00233	0.00853	0.00698	0.00776	0.01319
1	0.01108	0.00831	0.01246	0.01246	0.01385	0.00969	0.00969	0.01385	0.01246	0.01800	0.02077	0.03046	0.01938	0.05815	0.69678	0.01246	0.02077	0.00831	0.00415	0.00692
2	0.01919	0.01842	0.03147	0.04759	0.67914	0.01842	0.02380	0.02380	0.01765	0.02533	0.01458	0.01919	0.01228	0.00691	0.00768	0.00230	0.00921	0.00691	0.00384	0.01228
3	0.01555	0.04011	0.68733	0.02210	0.03356	0.01801	0.02865	0.02455	0.01637	0.02455	0.01391	0.01637	0.00982	0.00737	0.00737	0.00246	0.01146	0.00573	0.00327	0.01146
4	0.02073	0.73217	0.04063	0.01327	0.01990	0.03068	0.01327	0.02322	0.01575	0.01824	0.01078	0.01244	0.00995	0.00663	0.00498	0.00166	0.00829	0.00415	0.00332	0.00995
5	0.01763	0.02147	0.08797	0.03077	0.03846	0.01878	0.57329	0.02406	0.01798	0.02454	0.01703	0.05854	0.01377	0.00755	0.00907	0.00263	0.01250	0.00961	0.00405	0.01030
6	0.02178	0.07382	0.02424	0.01972	0.02170	0.27949	0.01596	0.02364	0.01597	0.01875	0.01091	0.01552	0.01009	0.01097	0.01703	0.00274	0.39934	0.00592	0.00362	0.00878
7	0.02073	0.73217	0.04063	0.01327	0.01990	0.03068	0.01327	0.02322	0.01575	0.01824	0.01078	0.01244	0.00995	0.00663	0.00498	0.00166	0.00829	0.00415	0.00332	0.00995
8	0.01128	0.00752	0.00846	0.00846	0.00846	0.00752	0.00470	0.01128	0.01128	0.01503	0.02443	0.05074	0.02819	0.72751	0.03946	0.00752	0.00752	0.01128	0.00470	0.00470
9	0.01555	0.04011	0.68733	0.02210	0.03356	0.01801	0.02865	0.02455	0.01637	0.02455	0.01391	0.01637	0.00982	0.00737	0.00737	0.00246	0.01146	0.00573	0.00327	0.01146
10	0.01929	0.01666	0.01753	0.01578	0.02016	0.01929	0.01227	0.04120	0.66513	0.03243	0.03156	0.02893	0.02367	0.01052	0.00789	0.00263	0.00614	0.00877	0.00789	0.01227
11	0.02073	0.73217	0.04063	0.01327	0.01990	0.03068	0.01327	0.02322	0.01575	0.01824	0.01078	0.01244	0.00995	0.00663	0.00498	0.00166	0.00829	0.00415	0.00332	0.00995
12	0.02947	0.02172	0.02327	0.01784	0.02404	0.02404	0.01474	0.65329	0.03646	0.04887	0.01862	0.01862	0.01319	0.00931	0.00776	0.00233	0.00853	0.00698	0.00776	0.01319
13	0.02073	0.73217	0.04063	0.01327	0.01990	0.03068	0.01327	0.02322	0.01575	0.01824	0.01078	0.01244	0.00995	0.00663	0.00498	0.00166	0.00829	0.00415	0.00332	0.00995
14	0.02073	0.73217	0.04063	0.01327	0.01990	0.03068	0.01327	0.02322	0.01575	0.01824	0.01078	0.01244	0.00995	0.00663	0.00498	0.00166	0.00829	0.00415	0.00332	0.00995
15	0.00945	0.00675	0.00900	0.01080	0.01125	0.00630	0.00720	0.01080	0.01484	0.01979	0.04274	0.72245	0.05128	0.02429	0.00990	0.00315	0.00450	0.02204	0.00720	0.00630
16	0.00916	0.00785	0.00785	0.00785	0.01047	0.00655	0.00589	0.01113	0.01767	0.02095	0.07855	0.07462	0.67599	0.01964	0.00916	0.00262	0.00393	0.01636	0.00720	0.00655
17	0.01555	0.04011	0.68733	0.02210	0.03356	0.01801	0.02865	0.02455	0.01637	0.02455	0.01391	0.01637	0.00982	0.00737	0.00737	0.00246	0.01146	0.00573	0.00327	0.01146
18	0.01249	0.00892	0.01249	0.01428	0.01606	0.00892	0.01249	0.01606	0.01785	0.02320	0.04105	0.08746	0.04462	0.02142	0.01071	0.00357	0.00714	0.62695	0.00714	0.00714
19	0.02400	0.01702	0.07471	0.01533	0.02076	0.01582	0.01312	0.03727	0.35228	0.26062	0.06129	0.02838	0.02334	0.01019	0.00787	0.00252	0.00663	0.00842	0.00813	0.01228

[dist]
# distance from previous block
# <min> <max>
6	8

[block]
# block no. 9 follows, 25 sequences, length 124
# corresponding to MSA columns:
# 396-519
name=unknown_J
#
# <colnr> <probs for GDERKNQSTAVLIFYWHMCP>
#	G	D	E	R	K	N	Q	S	T	A	V	L	I	F	Y	W	H	M	C	P
0	0.02008	0.64128	0.09507	0.01395	0.02101	0.02870	0.01441	0.02317	0.01582	0.01909	0.01118	0.01293	0.01001	0.00666	0.00521	0.00170	0.00845	0.00430	0.00337	0.04360
1	0.02118	0.64047	0.06968	0.01425	0.02089	0.08650	0.01414	0.02394	0.01631	0.01860	0.01103	0.01275	0.00995	0.00678	0.00526	0.00172	0.00892	0.00429	0.00337	0.00994
2	0.02050	0.70158	0.06922	0.01366	0.02050	0.03012	0.01395	0.02328	0.01578	0.01852	0.01092	0.01261	0.00994	0.00667	0.00508	0.00169	0.00843	0.00422	0.00331	0.01002
3	0.02947	0.02172	0.02327	0.01784	0.02404	0.02404	0.01474	0.65329	0.03646	0.04887	0.01862	0.01862	0.01319	0.00931	0.00776	0.00233	0.00853	0.00698	0.00776	0.01319
4	0.01555	0.04011	0.68733	0.02210	0.03356	0.01801	0.02865	0.02455	0.01637	0.02455	0.01391	0.01637	0.00982	0.00737	0.00737	0.00246	0.01146	0.00573	0.00327	0.01146
5	0.01929	0.01666	0.01753	0.01578	0.02016	0.01929	0.01227	0.04120	0.66513	0.03243	0.03156	0.02893	0.02367	0.01052	0.00789	0.00263	0.00614	0.00877	0.00789	0.01227
6	0.00916	0.00785	0.00785	0.00785	0.01047	0.00655	0.00589	0.01113	0.01767	0.02095	0.07855	0.07462	0.67599	0.01964	0.00916	0.00262	0.00393	0.01636	0.00720	0.00655
7	0.01555	0.04011	0.68733	0.02210	0.03356	0.01801	0.02865	0.02455	0.01637	0.02455	0.01391	0.01637	0.00982	0.00737	0.00737	0.00246	0.01146	0.00573	0.00327	0.01146
8	0.01859	0.01781	0.03038	0.13547	0.59599	0.01826	0.02350	0.02327	0.01737	0.02460	0.01448	0.01939	0.01202	0.00702	0.00769	0.00234	0.00936	0.00691	0.00379	0.01179
9	0.01083	0.00792	0.01016	0.00960	0.01149	0.00725	0.00720	0.01435	0.02160	0.03026	0.62629	0.05928	0.12244	0.01616	0.00915	0.00245	0.00368	0.01421	0.00843	0.00725
10	0.01162	0.00843	0.01136	0.01264	0.01436	0.00817	0.01054	0.01480	0.01808	0.02374	0.13594	0.15450	0.10749	0.02078	0.01025	0.00327	0.00604	0.41361	0.00735	0.00701
11	0.02022	0.66419	0.10416	0.01413	0.02124	0.02944	0.01478	0.02335	0.01582	0.01886	0.01109	0.01282	0.00994	0.00671	0.00521	0.00174	0.00860	0.00430	0.00331	0.01010
12	0.01887	0.01541	0.01573	0.01422	0.01807	0.04629	0.01101	0.03522	0.47203	0.05302	0.08421	0.03063	0.02658	0.01062	0.00761	0.00247	0.00594	0.00880	0.11222	0.01105
13	0.01484	0.01399	0.02362	0.67976	0.08095	0.01728	0.02163	0.01999	0.01560	0.02005	0.01382	0.02061	0.01042	0.00771	0.00775	0.00257	0.01029	0.00689	0.00346	0.00877
14	0.01521	0.01300	0.01369	0.01263	0.01621	0.01404	0.00972	0.02895	0.39610	0.02842	0.09592	0.04668	0.24976	0.01403	0.00842	0.00261	0.00520	0.01175	0.00770	0.00995
15	0.74843	0.01491	0.01169	0.01036	0.01521	0.01712	0.00853	0.02347	0.01360	0.06421	0.01169	0.01322	0.00889	0.00731	0.00493	0.00240	0.00603	0.00436	0.00502	0.00861
16	0.01912	0.01761	0.02860	0.20809	0.45699	0.01871	0.02230	0.08757	0.01906	0.02639	0.01480	0.01950	0.01189	0.00736	0.00770	0.00237	0.00942	0.00691	0.00414	0.01147
17	0.01919	0.01842	0.03147	0.04759	0.67914	0.01842	0.02380	0.02380	0.01765	0.02533	0.01458	0.01919	0.01228	0.00691	0.00768	0.00230	0.00921	0.00691	0.00384	0.01228
18	0.75061	0.01492	0.01168	0.01035	0.01520	0.01714	0.00852	0.02343	0.01358	0.06231	0.01163	0.01318	0.00885	0.00730	0.00493	0.00240	0.00602	0.00435	0.00500	0.00860
19	0.03270	0.01273	0.01732	0.01344	0.01907	0.01104	0.01104	0.03576	0.02217	0.62720	0.08711	0.02916	0.02393	0.01015	0.00792	0.00240	0.00634	0.00834	0.00950	0.01268
20	0.01855	0.01582	0.01627	0.01486	0.01879	0.03963	0.01157	0.03669	0.53363	0.03125	0.05900	0.03209	0.02592	0.01099	0.00782	0.00257	0.00611	0.03392	0.07323	0.01130
21	0.78228	0.01499	0.01140	0.01020	0.01499	0.01739	0.00840	0.02279	0.01320	0.03479	0.01080	0.01260	0.00840	0.00720	0.00480	0.00240	0.00600	0.00420	0.00480	0.00840
22	0.03389	0.01322	0.01790	0.01368	0.01973	0.01135	0.01129	0.03691	0.02190	0.65288	0.02978	0.02590	0.01882	0.00941	0.00770	0.00234	0.00656	0.00764	0.00936	0.04974
23	0.02799	0.01923	0.02148	0.04473	0.02376	0.02074	0.01391	0.47167	0.05878	0.12662	0.02050	0.02036	0.01443	0.00916	0.00759	0.00229	0.00796	0.00705	0.03315	0.04862
24	0.01929	0.01666	0.01753	0.01578	0.02016	0.01929	0.01227	0.04120	0.66513	0.03243	0.03156	0.02893	0.02367	0.01052	0.00789	0.00263	0.00614	0.00877	0.00789	0.01227
25	0.01929	0.01666	0.01753	0.01578	0.02016	0.01929	0.01227	0.04120	0.66513	0.03243	0.03156	0.02893	0.02367	0.01052	0.00789	0.00263	0.00614	0.00877	0.00789	0.01227
26	0.01163	0.00940	0.01474	0.01359	0.01581	0.00881	0.09061	0.01493	0.01869	0.02554	0.29574	0.24868	0.07613	0.01802	0.00959	0.00284	0.00562	0.10496	0.00731	0.00737
27	0.01108	0.00831	0.01246	0.01246	0.01385	0.00969	0.00969	0.01385	0.01246	0.01800	0.02077	0.03046	0.01938	0.05815	0.69678	0.01246	0.02077	0.00831	0.00415	0.00692
28	0.03237	0.01549	0.04583	0.01473	0.02086	0.01363	0.01254	0.10738	0.06650	0.54190	0.02861	0.02527	0.01843	0.00953	0.00778	0.00241	0.00698	0.00768	0.00902	0.01306
29	0.01176	0.00819	0.01034	0.00978	0.01193	0.00742	0.00745	0.01508	0.02102	0.05784	0.51361	0.06073	0.17786	0.01648	0.00915	0.00252	0.00398	0.03914	0.00829	0.00743
30	0.01520	0.03760	0.63466	0.02114	0.03185	0.01718	0.02699	0.02378	0.01680	0.02506	0.06535	0.01960	0.01475	0.00803	0.00750	0.00245	0.01085	0.00637	0.00368	0.01114
31	0.01957	0.03449	0.54766	0.02037	0.03069	0.01663	0.02505	0.02732	0.01758	0.16227	0.01739	0.01846	0.01178	0.00783	0.00746	0.00244	0.01044	0.00616	0.00459	0.01182
32	0.02860	0.03627	0.02232	0.02099	0.04810	0.67141	0.01531	0.03070	0.02181	0.01921	0.01208	0.01417	0.01007	0.00795	0.00702	0.00201	0.01381	0.00506	0.00399	0.00911
33	0.78228	0.01499	0.01140	0.01020	0.01499	0.01739	0.00840	0.02279	0.01320	0.03479	0.01080	0.01260	0.00840	0.00720	0.00480	0.00240	0.00600	0.00420	0.00480	0.00840
34	0.02109	0.70171	0.03981	0.01356	0.02008	0.05985	0.01334	0.02356	0.01603	0.01827	0.01083	0.01251	0.00995	0.00669	0.00506	0.00167	0.00854	0.00418	0.00335	0.00991
