[name]
unknown

[dist]
# distance from previous block
# <min> <max>
4	83

[block]
# block no. 0 follows, 22 sequences, length 102
# corresponding to MSA columns:
# 99-200
name=unknown_A
#
# <colnr> <probs for GDERKNQSTAVLIFYWHMCP>
#	G	D	E	R	K	N	Q	S	T	A	V	L	I	F	Y	W	H	M	C	P
0	0.01675	0.03851	0.01559	0.01309	0.01568	0.01277	0.00989	0.09822	0.04211	0.02427	0.02714	0.13596	0.08010	0.01993	0.01809	0.26646	0.05046	0.01053	0.00563	0.09880
1	0.01862	0.01949	0.03709	0.12178	0.14499	0.02018	0.30770	0.02400	0.01787	0.02487	0.01634	0.04348	0.01362	0.00891	0.01171	0.00281	0.10979	0.00894	0.00418	0.04361
2	0.01731	0.02056	0.10751	0.09123	0.08426	0.01904	0.20801	0.02354	0.05288	0.02449	0.01999	0.10463	0.01817	0.01329	0.03846	0.00338	0.12814	0.01012	0.00465	0.01036
3	0.16154	0.04256	0.01895	0.05461	0.06154	0.03647	0.01247	0.03109	0.04698	0.31368	0.02737	0.02855	0.04890	0.06718	0.01048	0.00300	0.00761	0.00809	0.00748	0.01144
4	0.16856	0.08927	0.08382	0.01763	0.02361	0.24882	0.01523	0.07970	0.05672	0.11714	0.01722	0.01796	0.01284	0.00871	0.00713	0.00236	0.01051	0.00600	0.00570	0.01105
5	0.32527	0.01987	0.08284	0.07517	0.06038	0.01895	0.14691	0.02627	0.01698	0.09499	0.01559	0.01860	0.01157	0.00823	0.00829	0.00269	0.04510	0.00671	0.00507	0.01053
6	0.01625	0.01607	0.07826	0.01366	0.01918	0.01256	0.01180	0.05162	0.09134	0.02846	0.09859	0.06746	0.07835	0.05159	0.00993	0.00251	0.00664	0.03520	0.00633	0.30418
7	0.02333	0.14951	0.02737	0.05422	0.02474	0.15666	0.01644	0.11795	0.05116	0.02596	0.01566	0.02124	0.01374	0.01118	0.01371	0.00274	0.22518	0.03390	0.00489	0.01040
8	0.01174	0.00864	0.01121	0.01151	0.01290	0.00833	0.00797	0.01347	0.01466	0.02035	0.03279	0.33573	0.03715	0.17868	0.16496	0.00636	0.00955	0.01573	0.00609	0.09220
9	0.14951	0.04697	0.05066	0.17477	0.08040	0.01556	0.01499	0.02211	0.04547	0.06259	0.08018	0.17119	0.02756	0.01290	0.00822	0.00276	0.00768	0.01102	0.00592	0.00953
10	0.02863	0.03157	0.05631	0.04604	0.02700	0.35087	0.01690	0.21067	0.06653	0.03116	0.01640	0.01804	0.01268	0.00938	0.00875	0.00241	0.04327	0.00645	0.00566	0.01130
11	0.02193	0.01210	0.01514	0.01346	0.01740	0.01150	0.01093	0.07435	0.04988	0.23088	0.12866	0.05588	0.13832	0.04312	0.01080	0.00310	0.00647	0.13707	0.00869	0.01030
12	0.02012	0.10254	0.45105	0.02363	0.05740	0.08684	0.05348	0.02767	0.01859	0.06166	0.01552	0.01784	0.01133	0.00796	0.00774	0.00250	0.01192	0.00624	0.00404	0.01195
13	0.06488	0.01168	0.01456	0.01254	0.01648	0.01103	0.00985	0.02712	0.07513	0.25727	0.28891	0.07422	0.07341	0.01416	0.00894	0.00266	0.00547	0.01205	0.00913	0.01052
14	0.04912	0.02028	0.18404	0.01732	0.04918	0.01434	0.01629	0.04993	0.09537	0.02899	0.11771	0.04950	0.14541	0.01454	0.00908	0.00287	0.00772	0.11164	0.00664	0.01002
15	0.01335	0.01153	0.01830	0.39073	0.03739	0.01338	0.01633	0.01724	0.01679	0.02199	0.06706	0.28030	0.03185	0.01552	0.00926	0.00299	0.00827	0.01397	0.00555	0.00821
16	0.06465	0.05591	0.02334	0.02035	0.05187	0.35125	0.01527	0.10569	0.02364	0.11259	0.01778	0.04777	0.01444	0.00993	0.00882	0.00240	0.05083	0.00695	0.00572	0.01082
17	0.01764	0.01744	0.02991	0.22804	0.03752	0.02043	0.17642	0.04874	0.01718	0.02366	0.01728	0.08433	0.01565	0.01154	0.01452	0.00308	0.21303	0.00949	0.00439	0.00969
18	0.03067	0.02154	0.02367	0.01834	0.02444	0.02377	0.01513	0.52338	0.03557	0.09995	0.02093	0.02108	0.01485	0.01019	0.00906	0.00252	0.03984	0.00755	0.04392	0.01359
19	0.01775	0.03781	0.54435	0.02430	0.06481	0.01842	0.05018	0.02644	0.01831	0.05895	0.04922	0.02074	0.01479	0.00843	0.00810	0.00263	0.01152	0.00691	0.00420	0.01214
20	0.01305	0.01265	0.05311	0.25850	0.05838	0.01236	0.01514	0.01657	0.01639	0.02159	0.03292	0.31460	0.07158	0.05201	0.01107	0.00327	0.00785	0.01506	0.00572	0.00817
21	0.01127	0.00771	0.00930	0.01010	0.01029	0.00751	0.00614	0.01187	0.01366	0.01821	0.03427	0.32206	0.04042	0.42640	0.02920	0.00612	0.00672	0.01684	0.00614	0.00574
22	0.01782	0.01519	0.02192	0.42276	0.04241	0.01797	0.01866	0.05419	0.15242	0.05010	0.05125	0.02894	0.05115	0.01014	0.00848	0.00275	0.00920	0.00872	0.00562	0.01030
23	0.18477	0.01550	0.01801	0.01425	0.02034	0.03883	0.01171	0.03695	0.02182	0.51093	0.02772	0.02477	0.01784	0.00970	0.00767	0.00255	0.00724	0.00746	0.00901	0.01292
24	0.01834	0.03774	0.52755	0.02701	0.11008	0.01905	0.05595	0.02697	0.01812	0.05968	0.01601	0.01868	0.01146	0.00792	0.00804	0.00262	0.01179	0.00657	0.00397	0.01243
25	0.01835	0.01051	0.01080	0.00977	0.01254	0.01095	0.00758	0.12779	0.02127	0.03478	0.02583	0.02901	0.02002	0.00973	0.00625	0.00203	0.00481	0.00770	0.62140	0.00888
26	0.01922	0.01894	0.05785	0.06798	0.37489	0.01816	0.07033	0.05359	0.05074	0.02850	0.06063	0.03226	0.02173	0.01016	0.00883	0.00270	0.00953	0.07689	0.00522	0.01185
27	0.04359	0.01661	0.06091	0.58715	0.05247	0.01864	0.02243	0.02293	0.05181	0.02287	0.01573	0.02206	0.01177	0.00843	0.00817	0.00276	0.01072	0.00732	0.00400	0.00962
28	0.01012	0.00723	0.00964	0.01157	0.01205	0.00675	0.00771	0.01157	0.01591	0.02121	0.04579	0.70262	0.05495	0.02603	0.01060	0.00337	0.00482	0.02362	0.00771	0.00675
29	0.01082	0.00861	0.00985	0.01024	0.01265	0.00764	0.00803	0.01349	0.01945	0.02433	0.14953	0.10848	0.42516	0.02112	0.01019	0.00302	0.00491	0.13736	0.00789	0.00724
30	0.01676	0.02806	0.33841	0.02170	0.06394	0.01640	0.04840	0.07938	0.02013	0.02858	0.07988	0.13355	0.02654	0.01263	0.00886	0.00281	0.00971	0.04793	0.00546	0.01090
31	0.01694	0.07598	0.63439	0.02321	0.03523	0.01996	0.02988	0.02624	0.01751	0.02598	0.01474	0.01733	0.01053	0.00785	0.00777	0.00259	0.01211	0.00606	0.00351	0.01220
32	0.02364	0.01836	0.01943	0.01634	0.02140	0.02052	0.01303	0.26238	0.31346	0.04032	0.03111	0.02991	0.06073	0.01125	0.00824	0.00261	0.00715	0.00903	0.07848	0.01262
33	0.08273	0.33806	0.14260	0.01906	0.06098	0.08150	0.01768	0.12021	0.02092	0.02775	0.01378	0.01565	0.01119	0.00788	0.00657	0.00217	0.00988	0.00546	0.00451	0.01141
34	0.02038	0.01949	0.03362	0.08731	0.50437	0.01969	0.08635	0.05149	0.01973	0.02773	0.01690	0.02344	0.01425	0.00809	0.00851	0.00257	0.01026	0.02886	0.00441	0.01255
35	0.03026	0.01548	0.01929	0.04909	0.02262	0.01511	0.01278	0.16518	0.05054	0.37554	0.06258	0.03313	0.08704	0.01157	0.00856	0.00260	0.00727	0.00941	0.00912	0.01282
36	0.01802	0.01142	0.01225	0.05383	0.01611	0.04024	0.00903	0.02408	0.09750	0.07614	0.09182	0.03254	0.02635	0.01125	0.00796	0.02999	0.00553	0.00861	0.41838	0.00893
37	0.01958	0.01804	0.03129	0.19992	0.39540	0.01865	0.08114	0.02466	0.01865	0.05435	0.01932	0.02408	0.04100	0.00831	0.00847	0.00259	0.01018	0.00812	0.00446	0.01180
38	0.01626	0.05014	0.02502	0.55137	0.04935	0.01933	0.02123	0.02119	0.01628	0.02153	0.01486	0.02176	0.01157	0.00894	0.00993	0.00276	0.07913	0.00724	0.04292	0.00921
39	0.01265	0.00912	0.01248	0.01428	0.01602	0.00896	0.01205	0.01599	0.01861	0.02414	0.04683	0.18805	0.08752	0.02331	0.01123	0.00369	0.00699	0.47295	0.00766	0.00747
40	0.01990	0.02398	0.07717	0.03326	0.04129	0.04986	0.54224	0.02658	0.01937	0.02602	0.01627	0.02165	0.01234	0.00746	0.01040	0.00280	0.04486	0.00931	0.00415	0.01109
41	0.02174	0.21929	0.14197	0.02266	0.02996	0.10249	0.17516	0.07766	0.02017	0.02551	0.01590	0.04920	0.01350	0.00884	0.00865	0.00245	0.04196	0.00749	0.00441	0.01099
42	0.05421	0.57103	0.10281	0.01519	0.02257	0.03011	0.01557	0.02623	0.05665	0.02197	0.01331	0.01488	0.01151	0.00748	0.00578	0.00196	0.00897	0.00493	0.00393	0.01091
43	0.02416	0.33389	0.06827	0.01614	0.02263	0.05291	0.04514	0.02950	0.07483	0.15685	0.07995	0.02347	0.02062	0.00919	0.00714	0.00223	0.00856	0.00712	0.00599	0.01141
44	0.02544	0.02592	0.02612	0.02599	0.14278	0.23041	0.06639	0.16364	0.08647	0.03137	0.04956	0.02431	0.04483	0.00973	0.00830	0.00245	0.01084	0.00794	0.00593	0.01157
45	0.01977	0.02273	0.09628	0.07670	0.34420	0.05352	0.16600	0.02547	0.01907	0.02610	0.01745	0.02517	0.01474	0.00846	0.00874	0.00265	0.01127	0.04556	0.00429	0.01186
46	0.01695	0.01660	0.02908	0.41274	0.12985	0.01925	0.11065	0.02208	0.01693	0.02268	0.01601	0.04831	0.01328	0.00933	0.01054	0.00285	0.08060	0.00837	0.00397	0.00993
47	0.01023	0.00728	0.00961	0.01142	0.01188	0.00682	0.00756	0.01160	0.01569	0.02091	0.04466	0.66535	0.05352	0.06524	0.01242	0.00364	0.00501	0.02295	0.00756	0.00665
48	0.02077	0.44109	0.25939	0.01792	0.02668	0.06434	0.02007	0.02584	0.01749	0.02195	0.01280	0.01489	0.01062	0.00746	0.00635	0.00210	0.01041	0.00509	0.00358	0.01117
49	0.01883	0.02037	0.04228	0.12609	0.07517	0.02015	0.46013	0.02486	0.01851	0.02510	0.01613	0.02224	0.01244	0.00844	0.01115	0.03584	0.03844	0.00913	0.00408	0.01062
50	0.01591	0.01471	0.02479	0.62091	0.08956	0.01802	0.02250	0.02100	0.01648	0.02126	0.01480	0.02220	0.01135	0.00918	0.00939	0.03682	0.01083	0.00738	0.00371	0.00920
51	0.01176	0.00969	0.01057	0.01036	0.01255	0.03675	0.00766	0.01471	0.02112	0.02770	0.36309	0.13643	0.26928	0.01899	0.00979	0.00274	0.00460	0.01640	0.00828	0.00752
52	0.01829	0.01854	0.03125	0.37158	0.18576	0.04977	0.13351	0.02367	0.01786	0.02345	0.01510	0.02137	0.01180	0.00810	0.00920	0.00271	0.03591	0.00773	0.00390	0.01048
53	0.06487	0.57890	0.10064	0.01525	0.02262	0.05896	0.01558	0.02535	0.01708	0.02125	0.01193	0.01381	0.01055	0.00728	0.00566	0.00192	0.00934	0.00465	0.00367	0.01068
54	0.01014	0.00843	0.00886	0.00876	0.01142	0.00715	0.00657	0.01255	0.01970	0.02426	0.17883	0.07697	0.55705	0.02036	0.00981	0.00277	0.00416	0.01711	0.00795	0.00715
55	0.01935	0.02053	0.03996	0.09882	0.16476	0.02088	0.36165	0.02620	0.05107	0.02604	0.01674	0.02209	0.01309	0.00810	0.01082	0.00281	0.07263	0.00884	0.00431	0.01132
56	0.01208	0.00805	0.00906	0.00906	0.00906	0.00805	0.00503	0.01208	0.01208	0.01611	0.02618	0.05436	0.03020	0.70804	0.04228	0.00805	0.00805	0.01208	0.00503	0.00503
57	0.01195	0.00746	0.01038	0.01139	0.01192	0.00716	0.00784	0.01198	0.01501	0.02017	0.09193	0.37481	0.04265	0.02601	0.01821	0.26691	0.00571	0.04631	0.00641	0.00580
58	0.01815	0.01921	0.07084	0.27038	0.34817	0.01886	0.05816	0.02361	0.01806	0.02481	0.01786	0.02321	0.03571	0.00823	0.00838	0.00261	0.01047	0.00782	0.00406	0.01139
59	0.02032	0.02020	0.03583	0.04220	0.40830	0.02020	0.18432	0.02827	0.10165	0.02801	0.01835	0.02244	0.01463	0.00781	0.00868	0.00260	0.01054	0.00831	0.00471	0.01264
60	0.01666	0.04297	0.66500	0.02368	0.03596	0.01929	0.03069	0.02631	0.01754	0.02631	0.01491	0.01754	0.01052	0.00789	0.00789	0.00263	0.01228	0.00614	0.00351	0.01228
61	0.01038	0.00742	0.00992	0.01173	0.01236	0.00695	0.00804	0.01207	0.01642	0.02194	0.07227	0.64017	0.05557	0.02546	0.01062	0.00337	0.00494	0.05578	0.00777	0.00685
62	0.01806	0.14582	0.50517	0.02149	0.03208	0.05519	0.02633	0.02597	0.01802	0.02525	0.04280	0.01874	0.01359	0.00821	0.00756	0.00247	0.01152	0.00623	0.00381	0.01169
63	0.01277	0.01136	0.02009	0.04855	0.02187	0.01084	0.16068	0.01585	0.01710	0.02293	0.05705	0.48274	0.04326	0.02023	0.01027	0.00318	0.00734	0.01918	0.00671	0.00800
64	0.02114	0.01980	0.03231	0.04715	0.58275	0.02011	0.02420	0.05823	0.05967	0.02895	0.01701	0.02119	0.01399	0.00778	0.00824	0.00249	0.00962	0.00753	0.00461	0.01321
65	0.01028	0.00730	0.00959	0.01136	0.01181	0.00685	0.00749	0.01161	0.01559	0.02079	0.04419	0.64978	0.05293	0.08162	0.01319	0.00376	0.00508	0.02268	0.00749	0.00661
66	0.05980	0.03924	0.54368	0.02318	0.03392	0.04829	0.05042	0.02618	0.01744	0.02635	0.01449	0.01741	0.01054	0.00823	0.00880	0.00266	0.04771	0.00621	0.00367	0.01177
67	0.01805	0.10320	0.54698	0.02320	0.03441	0.05490	0.05508	0.02655	0.01789	0.02539	0.01458	0.01724	0.01064	0.00782	0.00772	0.00253	0.01219	0.00611	0.00358	0.01194
68	0.01341	0.01127	0.01226	0.01271	0.01523	0.04229	0.01013	0.01852	0.08774	0.02519	0.10037	0.13027	0.25509	0.02013	0.01017	0.00315	0.00618	0.21012	0.00771	0.00807
69	0.01125	0.00888	0.01018	0.00978	0.01226	0.00803	0.00736	0.01519	0.04921	0.02825	0.35641	0.06909	0.34675	0.01864	0.00975	0.00271	0.00418	0.01595	0.00844	0.00769
70	0.06195	0.01404	0.04930	0.01785	0.02198	0.01221	0.16551	0.01833	0.01825	0.02644	0.13949	0.28706	0.04000	0.01602	0.00943	0.00283	0.00752	0.01508	0.00650	0.07018
71	0.05252	0.04168	0.63379	0.02307	0.03500	0.01926	0.02966	0.02622	0.01738	0.02683	0.01475	0.01735	0.01045	0.00788	0.00776	0.00263	0.01200	0.00606	0.00359	0.01212
72	0.01408	0.01095	0.01171	0.01106	0.01437	0.01061	0.00843	0.02144	0.16851	0.06199	0.09720	0.09173	0.41040	0.01810	0.00944	0.00281	0.00495	0.01520	0.00811	0.00892
73	0.02027	0.47908	0.26052	0.01752	0.02643	0.02813	0.01997	0.02538	0.01711	0.02191	0.01272	0.01480	0.01061	0.00738	0.00623	0.00208	0.01007	0.00503	0.00354	0.01123
74	0.02474	0.09253	0.05657	0.01752	0.02318	0.08922	0.07550	0.05451	0.10016	0.19846	0.14956	0.03088	0.02906	0.01076	0.00836	0.00250	0.00849	0.00908	0.00742	0.01150
75	0.01012	0.00723	0.00964	0.01157	0.01205	0.00675	0.00771	0.01157	0.01591	0.02121	0.04579	0.70262	0.05495	0.02603	0.01060	0.00337	0.00482	0.02362	0.00771	0.00675
76	0.01123	0.01008	0.03878	0.01108	0.01352	0.00836	0.00871	0.01486	0.04628	0.02507	0.17816	0.24732	0.28670	0.02073	0.00997	0.00297	0.00495	0.04575	0.00784	0.00763
77	0.02139	0.04172	0.01739	0.01443	0.01866	0.04513	0.01134	0.05310	0.24754	0.14648	0.16130	0.07303	0.08625	0.01346	0.00876	0.00268	0.00641	0.01129	0.00845	0.01121
78	0.01109	0.00803	0.01009	0.01127	0.01228	0.00782	0.00774	0.01369	0.04312	0.02184	0.04480	0.47933	0.10599	0.07760	0.06609	0.00438	0.00644	0.01963	0.04176	0.00703
79	0.01979	0.02092	0.04154	0.07567	0.29303	0.02036	0.35059	0.02588	0.01917	0.02654	0.01622	0.02164	0.01275	0.00723	0.00908	0.00266	0.01217	0.00870	0.00414	0.01189
80	0.11554	0.05911	0.02339	0.01777	0.02378	0.08076	0.01455	0.38890	0.12199	0.04352	0.01994	0.02003	0.01470	0.00963	0.00773	0.00248	0.00894	0.00707	0.00736	0.01281
81	0.01645	0.01543	0.02603	0.63335	0.05542	0.01884	0.05066	0.04377	0.01757	0.02262	0.01505	0.02208	0.01126	0.00831	0.00838	0.00276	0.01114	0.00750	0.00388	0.00950
82	0.04777	0.00879	0.01108	0.01053	0.01257	0.00830	0.00789	0.01588	0.02267	0.03287	0.58952	0.09324	0.07384	0.01701	0.00962	0.00265	0.00409	0.01497	0.00888	0.00784
83	0.01698	0.02281	0.24295	0.04345	0.02569	0.01456	0.04211	0.02485	0.08582	0.08058	0.13476	0.08224	0.06190	0.01330	0.00904	0.00283	0.00851	0.07060	0.00648	0.01054
84	0.01932	0.01879	0.02992	0.24241	0.42456	0.04855	0.02394	0.02427	0.01843	0.02496	0.01617	0.02319	0.01355	0.00824	0.00832	0.00259	0.01039	0.02670	0.00411	0.01162
85	0.03727	0.01414	0.01928	0.01478	0.02121	0.01221	0.01221	0.04049	0.02378	0.66198	0.03277	0.02828	0.02056	0.01028	0.00835	0.00257	0.00707	0.00835	0.01028	0.01414
86	0.01017	0.00733	0.00963	0.01137	0.01202	0.00680	0.00765	0.01174	0.01633	0.02171	0.06992	0.64843	0.08526	0.02545	0.01054	0.00332	0.00476	0.02300	0.00776	0.00680
87	0.05843	0.10782	0.50475	0.02118	0.03199	0.01998	0.02608	0.02743	0.01789	0.08732	0.01611	0.01793	0.01142	0.00803	0.00753	0.00253	0.01112	0.00609	0.00425	0.01212
88	0.09477	0.01658	0.01911	0.01548	0.02090	0.01706	0.01263	0.23803	0.05481	0.24985	0.09201	0.05636	0.02605	0.01185	0.00843	0.00264	0.00732	0.03500	0.00873	0.01241
89	0.01877	0.01271	0.01164	0.01073	0.01355	0.06532	0.00823	0.08252	0.07108	0.03251	0.02577	0.02858	0.02005	0.00975	0.00641	0.00208	0.00552	0.00766	0.55815	0.00897
90	0.02499	0.02084	0.03070	0.06865	0.31505	0.02178	0.07053	0.25335	0.02663	0.05902	0.01792	0.02084	0.01364	0.00849	0.00840	0.00252	0.00990	0.00766	0.00590	0.01320
91	0.05670	0.14004	0.53954	0.02162	0.03277	0.02125	0.02714	0.02600	0.01726	0.02589	0.01424	0.01671	0.01046	0.00777	0.00737	0.00250	0.01147	0.00580	0.00360	0.01187
92	0.02022	0.01481	0.01756	0.01297	0.01986	0.01184	0.01038	0.05722	0.01922	0.10823	0.01881	0.05154	0.01549	0.00784	0.00676	0.00157	0.00637	0.00639	0.00592	0.58700
93	0.01114	0.00806	0.01043	0.01202	0.01282	0.00782	0.00836	0.01377	0.04584	0.02183	0.04342	0.55212	0.05075	0.08058	0.01318	0.00378	0.00547	0.08408	0.00752	0.00701
94	0.01751	0.05486	0.06754	0.40982	0.16268	0.01984	0.10417	0.02322	0.01750	0.02324	0.01504	0.02116	0.01161	0.00788	0.00831	0.00266	0.01120	0.00748	0.00382	0.01047
95	0.01517	0.00925	0.01220	0.01103	0.01359	0.00842	0.00842	0.01899	0.02355	0.11730	0.56913	0.05754	0.07066	0.01609	0.00961	0.00261	0.00434	0.01413	0.00930	0.00868
96	0.02284	0.01819	0.01876	0.01661	0.02136	0.05595	0.01295	0.04177	0.50337	0.10951	0.06105	0.03120	0.02640	0.01126	0.00845	0.00274	0.00699	0.00930	0.00847	0.01282
97	0.01192	0.01044	0.04836	0.01211	0.01410	0.00866	0.00936	0.04168	0.01938	0.02642	0.21700	0.41523	0.09092	0.02141	0.01007	0.00304	0.00516	0.01910	0.00790	0.00773
98	0.01409	0.07508	0.02449	0.01877	0.02227	0.01339	0.19307	0.01739	0.01735	0.02307	0.05389	0.41661	0.03909	0.01835	0.00987	0.00303	0.00790	0.01749	0.00634	0.00847
99	0.01549	0.00774	0.00774	0.00774	0.00968	0.00774	0.00581	0.01936	0.01742	0.03097	0.02710	0.03097	0.02129	0.00968	0.00581	0.00194	0.00387	0.00774	0.75416	0.00774
100	0.05943	0.00914	0.01250	0.01302	0.01473	0.00878	0.04334	0.01425	0.01710	0.02376	0.07584	0.44925	0.10279	0.02246	0.01022	0.00326	0.00573	0.09964	0.00741	0.00734
101	0.02014	0.14833	0.28687	0.02035	0.06293	0.04430	0.02055	0.02820	0.09238	0.08721	0.02404	0.05346	0.05636	0.01002	0.00780	0.00251	0.00963	0.00798	0.00528	0.01166

[dist]
# distance from previous block
# <min> <max>
6	12

[block]
# block no. 1 follows, 22 sequences, length 60
# corresponding to MSA columns:
# 213-272
name=unknown_B
#
# <colnr> <probs for GDERKNQSTAVLIFYWHMCP>
#	G	D	E	R	K	N	Q	S	T	A	V	L	I	F	Y	W	H	M	C	P
0	0.01975	0.27690	0.41100	0.01986	0.03000	0.02368	0.02388	0.02659	0.01765	0.05894	0.01471	0.01665	0.01112	0.00775	0.00702	0.00233	0.01080	0.00566	0.00390	0.01181
1	0.01447	0.01277	0.02067	0.38162	0.10258	0.01464	0.01830	0.01868	0.01686	0.02213	0.02579	0.21448	0.02637	0.01429	0.00919	0.00299	0.00895	0.06123	0.00517	0.00882
2	0.01202	0.00919	0.01329	0.04637	0.01614	0.00884	0.03951	0.01527	0.02005	0.02772	0.36144	0.22680	0.06109	0.06245	0.01207	0.00323	0.00545	0.04354	0.00792	0.00760
3	0.02065	0.02144	0.05064	0.02286	0.02580	0.06622	0.09880	0.09222	0.01776	0.02518	0.01318	0.01867	0.01154	0.01200	0.01980	0.00315	0.42357	0.00736	0.00435	0.04481
4	0.05027	0.64465	0.04111	0.01455	0.02140	0.07299	0.01414	0.02538	0.01720	0.02025	0.01163	0.01344	0.01060	0.00722	0.00546	0.00183	0.00918	0.00450	0.00366	0.01053
5	0.04702	0.16342	0.38185	0.01899	0.02826	0.01985	0.02227	0.02625	0.01860	0.09210	0.08721	0.02267	0.01912	0.00900	0.00756	0.00246	0.00994	0.00698	0.00491	0.01154
6	0.01176	0.00849	0.01110	0.01045	0.01241	0.00784	0.00784	0.01568	0.02352	0.03331	0.65184	0.06206	0.07839	0.01698	0.00980	0.00261	0.00392	0.01502	0.00914	0.00784
7	0.08221	0.30099	0.22796	0.01754	0.02532	0.12297	0.01862	0.02618	0.01790	0.02395	0.01380	0.01604	0.01118	0.00779	0.00647	0.00217	0.01033	0.00532	0.05258	0.01068
8	0.01960	0.01750	0.06855	0.26626	0.15113	0.01721	0.03699	0.06295	0.04836	0.09119	0.02248	0.08268	0.01926	0.01092	0.00871	0.00279	0.00955	0.04744	0.00554	0.01090
9	0.05899	0.04145	0.62816	0.02296	0.03483	0.01926	0.02947	0.02620	0.01735	0.02693	0.01472	0.01731	0.01044	0.00788	0.00774	0.00263	0.01195	0.00605	0.00360	0.01209
10	0.01012	0.00723	0.00964	0.01157	0.01205	0.00675	0.00771	0.01157	0.01591	0.02121	0.04579	0.70262	0.05495	0.02603	0.01060	0.00337	0.00482	0.02362	0.00771	0.00675
11	0.01297	0.01126	0.01910	0.05519	0.05004	0.01089	0.12230	0.01609	0.01720	0.02289	0.03845	0.42501	0.06095	0.02026	0.01029	0.00323	0.00735	0.08176	0.00668	0.00809
12	0.02072	0.02066	0.03158	0.14199	0.51581	0.07412	0.02435	0.02551	0.01896	0.02571	0.01527	0.02033	0.01265	0.00763	0.00818	0.00248	0.01047	0.00723	0.00406	0.01229
13	0.01680	0.04204	0.63701	0.02419	0.03629	0.01937	0.05775	0.02632	0.01763	0.02632	0.01499	0.01776	0.01062	0.00785	0.00798	0.00264	0.01236	0.00631	0.00354	0.01223
14	0.01955	0.01680	0.02803	0.22634	0.32421	0.01810	0.04299	0.02400	0.01780	0.06588	0.01675	0.02216	0.01334	0.00934	0.01039	0.03761	0.04832	0.00754	0.03977	0.01109
15	0.07965	0.15092	0.37109	0.02303	0.09597	0.02124	0.02356	0.05345	0.01822	0.02708	0.01607	0.05465	0.01332	0.00879	0.00743	0.00250	0.01040	0.00687	0.00417	0.01161
16	0.01424	0.05383	0.01399	0.01153	0.01410	0.01027	0.00899	0.01878	0.05101	0.06680	0.47963	0.09877	0.06541	0.01659	0.00950	0.00267	0.00477	0.04192	0.00866	0.00854
17	0.01150	0.00931	0.01018	0.01024	0.01254	0.00883	0.00743	0.01586	0.08922	0.02329	0.08447	0.16474	0.37786	0.08963	0.04376	0.00389	0.00578	0.01651	0.00744	0.00753
18	0.07875	0.05942	0.43254	0.06865	0.12068	0.01983	0.05524	0.02568	0.01747	0.02676	0.01469	0.01799	0.01090	0.00777	0.00774	0.00259	0.01135	0.00637	0.00377	0.01183
19	0.49481	0.05661	0.14901	0.05696	0.02345	0.01979	0.01491	0.05208	0.01626	0.03381	0.01283	0.01516	0.00976	0.00786	0.00606	0.00255	0.00817	0.00515	0.00478	0.01000
20	0.01176	0.00849	0.01110	0.01045	0.01241	0.00784	0.00784	0.01568	0.02352	0.03331	0.65184	0.06206	0.07839	0.01698	0.00980	0.00261	0.00392	0.01502	0.00914	0.00784
21	0.02696	0.01719	0.05146	0.01605	0.02167	0.01633	0.01359	0.12999	0.18703	0.26793	0.06755	0.03529	0.04676	0.01199	0.00870	0.00272	0.00730	0.04994	0.00882	0.01274
22	0.06366	0.01799	0.02033	0.01610	0.02171	0.01891	0.01312	0.33487	0.05188	0.18731	0.13706	0.02953	0.02734	0.01125	0.00844	0.00255	0.00751	0.00897	0.00877	0.01272
23	0.01260	0.00797	0.01064	0.01169	0.01286	0.00735	0.00810	0.01452	0.01757	0.07619	0.12485	0.56173	0.05518	0.02352	0.01031	0.00321	0.00489	0.02121	0.00812	0.00751
24	0.01033	0.00738	0.00988	0.01181	0.01239	0.00693	0.00808	0.01193	0.01611	0.02144	0.04567	0.66303	0.05448	0.02583	0.01066	0.00340	0.00500	0.06111	0.00771	0.00681
25	0.01934	0.02472	0.12993	0.08781	0.09194	0.03991	0.39403	0.02711	0.05056	0.02639	0.01702	0.02177	0.01282	0.00753	0.00914	0.00273	0.01283	0.00874	0.00427	0.01140
26	0.01731	0.01685	0.02603	0.53494	0.05072	0.05461	0.07081	0.05000	0.01839	0.02312	0.01834	0.02440	0.04163	0.00889	0.00845	0.00273	0.01112	0.00795	0.00417	0.00953
27	0.01451	0.01139	0.01348	0.01245	0.01526	0.01181	0.00948	0.02449	0.21469	0.03376	0.46057	0.05244	0.06197	0.01522	0.00938	0.00268	0.00474	0.01328	0.00893	0.00948
28	0.01508	0.01252	0.05021	0.01421	0.01710	0.01107	0.03888	0.06886	0.05971	0.05976	0.16875	0.36339	0.04856	0.01916	0.00981	0.00300	0.00605	0.01717	0.00785	0.00888
29	0.01746	0.05921	0.53569	0.02731	0.11043	0.01985	0.06317	0.02619	0.01780	0.02622	0.01500	0.01805	0.01096	0.00776	0.00796	0.00260	0.01198	0.00645	0.00362	0.01227
30	0.01949	0.02206	0.04709	0.03394	0.04165	0.02137	0.57640	0.02607	0.01905	0.02607	0.01632	0.02206	0.01247	0.00762	0.01123	0.00287	0.06946	0.00960	0.00416	0.01103
31	0.01118	0.00937	0.00986	0.00981	0.01261	0.00854	0.00742	0.01560	0.08322	0.02427	0.10370	0.10963	0.50428	0.02018	0.00978	0.00287	0.00459	0.03752	0.00786	0.00770
32	0.02704	0.02282	0.02091	0.01770	0.02288	0.15678	0.01396	0.20189	0.23174	0.10658	0.04984	0.02706	0.04174	0.01077	0.00830	0.00255	0.00892	0.00838	0.00775	0.01240
33	0.01666	0.04297	0.66500	0.02368	0.03596	0.01929	0.03069	0.02631	0.01754	0.02631	0.01491	0.01754	0.01052	0.00789	0.00789	0.00263	0.01228	0.00614	0.00351	0.01228
34	0.01961	0.02241	0.04902	0.03501	0.04342	0.02101	0.62605	0.02661	0.01961	0.02661	0.01681	0.02241	0.01261	0.00700	0.00980	0.00280	0.01401	0.00980	0.00420	0.01120
35	0.00984	0.00834	0.00849	0.00862	0.01127	0.00700	0.00640	0.01190	0.01874	0.02236	0.08173	0.11938	0.61499	0.02136	0.00987	0.00284	0.00425	0.01792	0.00771	0.00700
36	0.01569	0.01477	0.02492	0.68808	0.05722	0.01846	0.02307	0.02123	0.01661	0.02123	0.01477	0.02215	0.01107	0.00831	0.00831	0.00277	0.01107	0.00738	0.00369	0.00923
37	0.01039	0.00742	0.00995	0.01187	0.01247	0.00698	0.00818	0.01203	0.01617	0.02151	0.04564	0.65288	0.05436	0.02578	0.01067	0.00341	0.00505	0.07072	0.00771	0.00682
38	0.02957	0.03744	0.02250	0.02050	0.02468	0.62858	0.01538	0.03171	0.02322	0.02048	0.01777	0.01947	0.05505	0.00942	0.00765	0.00219	0.01424	0.00619	0.00452	0.00945
39	0.01626	0.01589	0.02845	0.59227	0.05519	0.01883	0.11153	0.02202	0.01705	0.02202	0.01507	0.02219	0.01130	0.00811	0.00853	0.00277	0.01150	0.00774	0.00377	0.00952
40	0.03158	0.02327	0.02493	0.01911	0.02576	0.02576	0.01579	0.62852	0.03906	0.05236	0.01995	0.01995	0.01413	0.00997	0.00831	0.00249	0.00914	0.00748	0.00831	0.01413
41	0.03247	0.01406	0.01848	0.01472	0.02042	0.01284	0.01207	0.07030	0.05521	0.50415	0.09482	0.03431	0.02749	0.01156	0.00864	0.00264	0.00687	0.03592	0.00985	0.01316
42	0.02016	0.01933	0.03300	0.10303	0.60729	0.01963	0.02530	0.02515	0.01873	0.02666	0.01556	0.02069	0.01299	0.00748	0.00823	0.00249	0.00997	0.00740	0.00408	0.01284
43	0.01281	0.01015	0.01462	0.01410	0.01520	0.01231	0.01091	0.01527	0.01312	0.01903	0.02105	0.03298	0.02040	0.12786	0.51014	0.01135	0.11790	0.00902	0.00440	0.00739
44	0.01633	0.05827	0.02143	0.05409	0.02133	0.01819	0.04447	0.02180	0.10681	0.02179	0.01939	0.02747	0.01759	0.08334	0.20137	0.04064	0.20374	0.00838	0.00471	0.00886
45	0.01012	0.00723	0.00964	0.01157	0.01205	0.00675	0.00771	0.01157	0.01591	0.02121	0.04579	0.70262	0.05495	0.02603	0.01060	0.00337	0.00482	0.02362	0.00771	0.00675
46	0.01666	0.04297	0.66500	0.02368	0.03596	0.01929	0.03069	0.02631	0.01754	0.02631	0.01491	0.01754	0.01052	0.00789	0.00789	0.00263	0.01228	0.00614	0.00351	0.01228
47	0.01964	0.02010	0.03771	0.10532	0.35593	0.02034	0.23127	0.02519	0.01862	0.02603	0.01571	0.02123	0.01265	0.00771	0.00974	0.00267	0.04594	0.00822	0.00408	0.01190
48	0.02266	0.67899	0.04252	0.01458	0.02154	0.06533	0.01431	0.02530	0.01722	0.01958	0.01161	0.01341	0.01066	0.00718	0.00544	0.00180	0.00919	0.00449	0.00359	0.01061
49	0.01012	0.00723	0.00964	0.01157	0.01205	0.00675	0.00771	0.01157	0.01591	0.02121	0.04579	0.70262	0.05495	0.02603	0.01060	0.00337	0.00482	0.02362	0.00771	0.00675
50	0.01928	0.01857	0.03174	0.20815	0.42838	0.01955	0.06568	0.02553	0.05266	0.02604	0.01649	0.02166	0.01327	0.00781	0.00837	0.00259	0.01028	0.00767	0.00425	0.01204
51	0.01810	0.22430	0.44132	0.07644	0.03372	0.02295	0.02554	0.02549	0.01728	0.02403	0.01398	0.01677	0.01061	0.00771	0.00722	0.00241	0.01125	0.00578	0.00354	0.01158
52	0.01962	0.01876	0.03172	0.10194	0.57413	0.01900	0.02434	0.02446	0.01872	0.02641	0.01897	0.02366	0.04491	0.00816	0.00831	0.00251	0.00969	0.00791	0.00426	0.01252
53	0.01573	0.01113	0.01295	0.01177	0.01348	0.01175	0.00819	0.13047	0.01872	0.02546	0.09620	0.04549	0.03128	0.40088	0.12492	0.00715	0.00987	0.01107	0.00604	0.00744
54	0.01847	0.07086	0.34380	0.02869	0.08841	0.02072	0.21968	0.02724	0.05263	0.02656	0.01643	0.01986	0.01224	0.00771	0.00842	0.00263	0.01213	0.00751	0.00406	0.01196
55	0.03501	0.01356	0.01848	0.01451	0.02044	0.01175	0.01184	0.03808	0.02312	0.60859	0.03386	0.08446	0.02343	0.01159	0.00854	0.00264	0.00688	0.00963	0.01007	0.01352
56	0.01964	0.02925	0.24979	0.02996	0.03949	0.02084	0.37922	0.07666	0.02055	0.02866	0.01644	0.02060	0.01205	0.00754	0.00905	0.00272	0.01303	0.00840	0.00432	0.01180
57	0.02340	0.02446	0.02499	0.16299	0.03221	0.23371	0.08155	0.09234	0.07343	0.02677	0.01735	0.02086	0.01356	0.00925	0.00934	0.00253	0.06020	0.00718	0.07361	0.01028
58	0.00999	0.00824	0.00877	0.00901	0.01142	0.00703	0.00662	0.01211	0.01878	0.02295	0.11442	0.17118	0.52778	0.02152	0.00993	0.00288	0.00428	0.01828	0.00780	0.00703
59	0.02188	0.63053	0.06428	0.01479	0.02188	0.03136	0.01473	0.02653	0.06892	0.02106	0.01353	0.01495	0.01188	0.00748	0.00568	0.00189	0.00882	0.00492	0.00396	0.01093

[dist]
# distance from previous block
# <min> <max>
0	5

[block]
# block no. 2 follows, 22 sequences, length 8
# corresponding to MSA columns:
# 278-285
name=unknown_C
#
# <colnr> <probs for GDERKNQSTAVLIFYWHMCP>
#	G	D	E	R	K	N	Q	S	T	A	V	L	I	F	Y	W	H	M	C	P
0	0.01170	0.00836	0.01145	0.01337	0.01455	0.00811	0.01046	0.01430	0.01746	0.02297	0.04492	0.40821	0.05150	0.02454	0.01102	0.00359	0.00619	0.30245	0.00768	0.00718
1	0.02206	0.01967	0.01975	0.01749	0.02166	0.08227	0.01365	0.12914	0.37542	0.03360	0.02917	0.09699	0.02421	0.01260	0.01000	0.00282	0.05990	0.01004	0.00759	0.01199
2	0.02117	0.01877	0.01892	0.06353	0.02286	0.12146	0.01359	0.10508	0.14490	0.05735	0.09466	0.10286	0.02930	0.01334	0.00984	0.00272	0.04876	0.05236	0.00697	0.05157
3	0.02023	0.01838	0.02415	0.08354	0.02634	0.04984	0.05984	0.06894	0.14437	0.05274	0.02064	0.07404	0.01796	0.01286	0.01615	0.00312	0.28166	0.00912	0.00560	0.01049
4	0.03013	0.02429	0.02400	0.01907	0.02522	0.09295	0.01548	0.49189	0.11409	0.04677	0.02097	0.02083	0.01520	0.00999	0.00824	0.00250	0.00943	0.00750	0.00791	0.01353
5	0.02143	0.01448	0.01518	0.01309	0.01760	0.07122	0.01037	0.05931	0.02143	0.19088	0.04634	0.08418	0.23019	0.01494	0.00883	0.00257	0.00678	0.05657	0.00774	0.10690
6	0.07105	0.04730	0.08145	0.05446	0.05177	0.15492	0.01554	0.14433	0.02254	0.02945	0.02324	0.11844	0.05309	0.01179	0.00862	0.00251	0.03052	0.00926	0.00571	0.06398
7	0.02122	0.02098	0.01828	0.01643	0.02022	0.22567	0.03827	0.02679	0.10911	0.06949	0.08426	0.16110	0.08177	0.01400	0.00870	0.00258	0.00886	0.01168	0.00670	0.05390

[dist]
# distance from previous block
# <min> <max>
3	6

[block]
# block no. 3 follows, 22 sequences, length 39
# corresponding to MSA columns:
# 292-330
name=unknown_D
#
# <colnr> <probs for GDERKNQSTAVLIFYWHMCP>
#	G	D	E	R	K	N	Q	S	T	A	V	L	I	F	Y	W	H	M	C	P
0	0.13977	0.02110	0.02017	0.01803	0.04835	0.12967	0.01379	0.12354	0.12697	0.09492	0.02094	0.02393	0.01646	0.01000	0.00873	0.00250	0.04845	0.03491	0.00652	0.09124
1	0.08868	0.05323	0.05549	0.02241	0.11061	0.06376	0.09768	0.10808	0.04971	0.03059	0.02346	0.04308	0.06799	0.00960	0.00779	0.00236	0.00891	0.00821	0.04411	0.10423
2	0.02031	0.01518	0.01932	0.01762	0.04912	0.01630	0.04769	0.03170	0.27703	0.10859	0.02920	0.08386	0.02461	0.09379	0.01369	0.00337	0.05279	0.01021	0.03972	0.04591
3	0.05113	0.01491	0.04991	0.01560	0.04251	0.01395	0.01244	0.05441	0.10332	0.13675	0.19247	0.05885	0.08111	0.01352	0.00999	0.00269	0.05197	0.03269	0.00775	0.05401
4	0.01910	0.04490	0.05508	0.05933	0.02154	0.01379	0.01301	0.08578	0.04967	0.11132	0.07840	0.17299	0.03199	0.01646	0.03397	0.00310	0.00772	0.07399	0.00710	0.10075
5	0.10959	0.01470	0.01650	0.01316	0.01888	0.01345	0.01058	0.10021	0.01983	0.03103	0.04915	0.05634	0.01995	0.01302	0.05153	0.00269	0.00757	0.04263	0.00586	0.40333
6	0.24548	0.01973	0.02005	0.04710	0.02331	0.02213	0.01347	0.38245	0.02926	0.04506	0.01772	0.01889	0.01296	0.00921	0.00721	0.00249	0.00808	0.00662	0.05680	0.01197
7	0.02364	0.01317	0.01631	0.01409	0.01827	0.01262	0.01091	0.12263	0.05257	0.24049	0.06592	0.25853	0.03394	0.01573	0.00905	0.00276	0.00639	0.01359	0.00858	0.06080
8	0.02903	0.01754	0.01967	0.01608	0.02187	0.04685	0.01289	0.09402	0.24935	0.30427	0.02981	0.02712	0.02069	0.01025	0.00819	0.00254	0.00738	0.00828	0.00879	0.06539
9	0.01200	0.01072	0.05454	0.01139	0.01396	0.00854	0.00935	0.01616	0.02271	0.03220	0.57706	0.09333	0.07262	0.01686	0.00971	0.00265	0.00452	0.01489	0.00869	0.00808
10	0.02295	0.01815	0.01946	0.01699	0.02201	0.02060	0.01336	0.10451	0.53578	0.08023	0.03230	0.02966	0.02386	0.01107	0.00843	0.00277	0.00688	0.00912	0.00857	0.01332
11	0.01698	0.01486	0.01900	0.01384	0.02089	0.01151	0.05260	0.02077	0.01732	0.02670	0.01671	0.05742	0.01480	0.00737	0.00667	0.00146	0.00662	0.00635	0.00503	0.66310
12	0.01838	0.02571	0.22901	0.06418	0.33193	0.01858	0.02474	0.02602	0.06196	0.02742	0.05390	0.02530	0.01801	0.00895	0.00834	0.00261	0.01003	0.02810	0.00462	0.01222
13	0.01791	0.02818	0.25515	0.02910	0.03814	0.01930	0.37216	0.02528	0.01842	0.02583	0.01768	0.04780	0.01429	0.03987	0.01066	0.00300	0.01280	0.00918	0.00414	0.01112
14	0.01443	0.00722	0.01082	0.01082	0.01082	0.00722	0.00722	0.01082	0.01082	0.01443	0.01443	0.02525	0.01443	0.02886	0.03247	0.75830	0.00722	0.00722	0.00361	0.00361
15	0.05945	0.04144	0.62776	0.02295	0.03482	0.01926	0.02946	0.02620	0.01735	0.02693	0.01472	0.01731	0.01044	0.00788	0.00774	0.00263	0.01194	0.00605	0.00360	0.01209
16	0.02778	0.03157	0.04776	0.02049	0.02552	0.38443	0.04401	0.14250	0.10092	0.02829	0.01769	0.02040	0.01425	0.04644	0.00974	0.00265	0.01236	0.00683	0.00554	0.01082
17	0.01133	0.00902	0.00998	0.00988	0.01150	0.00874	0.00690	0.01328	0.03322	0.02055	0.05719	0.12029	0.35329	0.23562	0.02099	0.00454	0.04481	0.01554	0.00666	0.00666
18	0.02955	0.02162	0.02309	0.01801	0.02414	0.02392	0.01478	0.54132	0.07343	0.04947	0.02139	0.02155	0.01542	0.01003	0.00811	0.00247	0.00854	0.00762	0.07205	0.01352
19	0.02223	0.39140	0.08442	0.01672	0.02262	0.16888	0.01560	0.02528	0.01800	0.02041	0.01615	0.01865	0.04192	0.01186	0.04661	0.00277	0.05656	0.00585	0.00396	0.01010
20	0.01258	0.00913	0.01223	0.01185	0.01407	0.00825	0.04066	0.01499	0.01850	0.06069	0.14062	0.27973	0.24086	0.06003	0.01191	0.00329	0.00541	0.03989	0.00772	0.00759
21	0.02978	0.03731	0.02344	0.02122	0.02526	0.60563	0.01605	0.03288	0.05123	0.02097	0.01369	0.01591	0.01139	0.00904	0.00872	0.00226	0.05537	0.00565	0.00443	0.00976
22	0.01094	0.00861	0.01007	0.01076	0.01303	0.00774	0.00850	0.01355	0.01892	0.02357	0.09936	0.14769	0.39209	0.02187	0.01036	0.00314	0.00521	0.17961	0.00777	0.00721
23	0.03076	0.06446	0.02172	0.05146	0.02341	0.01696	0.01339	0.15867	0.06562	0.36604	0.05752	0.04810	0.02216	0.01077	0.00828	0.00255	0.00759	0.00871	0.00880	0.01304
24	0.02032	0.01971	0.03431	0.07372	0.59708	0.01977	0.06153	0.02540	0.01887	0.02689	0.01567	0.02073	0.01305	0.00741	0.00832	0.00250	0.01016	0.00755	0.00410	0.01290
25	0.03727	0.01414	0.01928	0.01478	0.02121	0.01221	0.01221	0.04049	0.02378	0.66198	0.03277	0.02828	0.02056	0.01028	0.00835	0.00257	0.00707	0.00835	0.01028	0.01414
26	0.01641	0.04119	0.63130	0.02300	0.03474	0.01870	0.02952	0.02576	0.01785	0.02667	0.04774	0.01983	0.01402	0.00836	0.00799	0.00263	0.01185	0.00660	0.00380	0.01205
27	0.01871	0.01980	0.03878	0.19117	0.14356	0.02059	0.33320	0.02458	0.01818	0.02484	0.01562	0.02168	0.01218	0.00804	0.01072	0.00281	0.07205	0.00862	0.00402	0.01087
28	0.01861	0.02940	0.25844	0.03116	0.04088	0.02043	0.42364	0.02651	0.01890	0.02651	0.01616	0.02075	0.01190	0.00731	0.00915	0.00274	0.01342	0.00856	0.00397	0.01157
29	0.01955	0.01871	0.03190	0.18306	0.53205	0.01947	0.02499	0.02461	0.01844	0.02591	0.01545	0.02089	0.01273	0.00759	0.00824	0.00253	0.01012	0.00740	0.00402	0.01234
30	0.02593	0.02570	0.02190	0.10361	0.02796	0.26115	0.01565	0.08918	0.23973	0.07104	0.02237	0.02281	0.01683	0.00972	0.00806	0.00252	0.01050	0.00741	0.00642	0.01151
31	0.03110	0.03772	0.02370	0.02114	0.02569	0.60005	0.01602	0.10165	0.02533	0.02402	0.01366	0.01555	0.01110	0.00872	0.00758	0.00218	0.01431	0.00560	0.00474	0.01015
32	0.03185	0.02284	0.02466	0.01891	0.02555	0.02512	0.01562	0.60062	0.03833	0.08128	0.02055	0.02034	0.01443	0.00999	0.00831	0.00250	0.00904	0.00752	0.00840	0.01413
33	0.01523	0.01328	0.08558	0.05294	0.01927	0.01040	0.01236	0.01936	0.04507	0.10021	0.06870	0.35865	0.07661	0.01947	0.00980	0.00311	0.00653	0.06721	0.00741	0.00882
34	0.03158	0.02327	0.02493	0.01911	0.02576	0.02576	0.01579	0.62852	0.03906	0.05236	0.01995	0.01995	0.01413	0.00997	0.00831	0.00249	0.00914	0.00748	0.00831	0.01413
35	0.01201	0.00860	0.01102	0.01282	0.01352	0.00790	0.00867	0.01306	0.01699	0.02281	0.04646	0.66047	0.05500	0.02648	0.01123	0.00366	0.00553	0.04792	0.00817	0.00766
36	0.01789	0.01671	0.02756	0.56368	0.08152	0.01980	0.05823	0.02265	0.01759	0.02318	0.01629	0.02395	0.01281	0.00963	0.01018	0.00309	0.05262	0.00800	0.00431	0.01032
37	0.03177	0.01416	0.01840	0.01494	0.02028	0.01256	0.01189	0.03564	0.05628	0.47416	0.17120	0.03784	0.03493	0.01283	0.00933	0.00288	0.00687	0.01034	0.01033	0.01336
38	0.01188	0.00850	0.01086	0.01267	0.01331	0.00778	0.00843	0.01282	0.01686	0.02266	0.04653	0.68609	0.05530	0.02661	0.01119	0.00364	0.00541	0.02365	0.00817	0.00762

[dist]
# distance from previous block
# <min> <max>
0	4

[block]
# block no. 4 follows, 22 sequences, length 41
# corresponding to MSA columns:
# 335-375
name=unknown_E
#
# <colnr> <probs for GDERKNQSTAVLIFYWHMCP>
#	G	D	E	R	K	N	Q	S	T	A	V	L	I	F	Y	W	H	M	C	P
0	0.01012	0.00723	0.00964	0.01157	0.01205	0.00675	0.00771	0.01157	0.01591	0.02121	0.04579	0.70262	0.05495	0.02603	0.01060	0.00337	0.00482	0.02362	0.00771	0.00675
1	0.05559	0.06955	0.40844	0.02177	0.03163	0.01854	0.08762	0.02759	0.01877	0.11677	0.05229	0.02160	0.01583	0.00859	0.00800	0.00259	0.01080	0.00716	0.00493	0.01194
2	0.01961	0.02241	0.04902	0.03501	0.04342	0.02101	0.62605	0.02661	0.01961	0.02661	0.01681	0.02241	0.01261	0.00700	0.00980	0.00280	0.01401	0.00980	0.00420	0.01120
3	0.02093	0.01776	0.01888	0.01695	0.02163	0.02043	0.01331	0.07542	0.57872	0.03527	0.03351	0.03330	0.02578	0.01174	0.00859	0.00285	0.00677	0.03680	0.00841	0.01295
4	0.08812	0.01440	0.01832	0.01448	0.02040	0.01332	0.01179	0.03857	0.08097	0.53227	0.03107	0.02845	0.02054	0.03689	0.00943	0.00280	0.00701	0.00831	0.00953	0.01332
5	0.07114	0.05585	0.02186	0.05056	0.02395	0.01834	0.01369	0.18136	0.10001	0.33625	0.02653	0.02463	0.01791	0.00991	0.00801	0.00255	0.00779	0.00779	0.00859	0.01329
6	0.02221	0.71304	0.04353	0.01421	0.02132	0.03287	0.01421	0.02488	0.01688	0.01955	0.01155	0.01333	0.01066	0.00711	0.00533	0.00178	0.00888	0.00444	0.00355	0.01066
7	0.01276	0.00919	0.01260	0.01428	0.01609	0.00903	0.01211	0.01624	0.01899	0.02477	0.07758	0.15697	0.08280	0.02287	0.01121	0.00366	0.00697	0.47663	0.00774	0.00753
8	0.01785	0.01898	0.03820	0.32818	0.04961	0.01986	0.35537	0.02419	0.01826	0.02419	0.01589	0.02229	0.01192	0.00759	0.00913	0.00279	0.01269	0.00872	0.00397	0.01032
9	0.01884	0.01807	0.03070	0.19992	0.40982	0.01943	0.04928	0.02373	0.01795	0.02506	0.01644	0.02425	0.01408	0.00885	0.00986	0.00270	0.06021	0.03510	0.00414	0.01158
10	0.01995	0.02110	0.04507	0.03266	0.04050	0.01978	0.55361	0.02655	0.01976	0.05505	0.01951	0.02789	0.01554	0.00832	0.00986	0.00287	0.01323	0.05295	0.00473	0.01108
11	0.01373	0.01164	0.01681	0.01496	0.01628	0.01324	0.05507	0.01595	0.01551	0.02183	0.13105	0.09283	0.06269	0.20190	0.11465	0.00583	0.17099	0.01198	0.00559	0.00747
12	0.05901	0.05342	0.13149	0.06595	0.06378	0.04606	0.35060	0.02519	0.01858	0.02592	0.01782	0.07022	0.01498	0.00872	0.00890	0.00272	0.01215	0.00935	0.00435	0.01080
13	0.03474	0.01503	0.01949	0.01515	0.02132	0.01386	0.01244	0.10032	0.05717	0.53987	0.05793	0.02900	0.02261	0.01059	0.00842	0.00258	0.00712	0.00860	0.00994	0.01382
14	0.02023	0.01620	0.01769	0.01596	0.02032	0.01824	0.01248	0.03950	0.50941	0.06865	0.10718	0.03703	0.03226	0.01236	0.00873	0.00282	0.00633	0.03365	0.00860	0.01236
15	0.22782	0.02169	0.06535	0.01633	0.02192	0.08351	0.01379	0.09283	0.28171	0.05914	0.02291	0.02248	0.01709	0.00962	0.00739	0.00263	0.00803	0.00719	0.00683	0.01174
16	0.02336	0.01948	0.11021	0.07889	0.02631	0.01707	0.01630	0.08704	0.20889	0.17897	0.06061	0.03405	0.02463	0.01155	0.00867	0.00278	0.00810	0.06320	0.00769	0.01220
17	0.03703	0.01453	0.01952	0.01497	0.02140	0.01279	0.01236	0.06558	0.02443	0.63596	0.03223	0.02792	0.02029	0.01027	0.00835	0.00257	0.00716	0.00832	0.01020	0.01414
18	0.01120	0.00768	0.00932	0.01019	0.01040	0.00747	0.00624	0.01185	0.01380	0.01840	0.03498	0.34523	0.04130	0.40203	0.02807	0.00595	0.00660	0.01726	0.00624	0.00580
19	0.01877	0.06098	0.16757	0.09126	0.03985	0.02123	0.35566	0.02660	0.05260	0.02581	0.01662	0.02121	0.01256	0.00790	0.00980	0.00275	0.04500	0.00842	0.00419	0.01121
20	0.01177	0.00899	0.01295	0.06222	0.01711	0.00894	0.03843	0.01463	0.03599	0.02227	0.03997	0.51640	0.04587	0.05190	0.01151	0.00344	0.00597	0.04236	0.04192	0.00735
21	0.02241	0.02538	0.02533	0.19680	0.03379	0.28390	0.07463	0.02597	0.01900	0.02153	0.01457	0.01964	0.01200	0.01202	0.04498	0.00315	0.11087	0.00687	0.03776	0.00940
22	0.01046	0.00844	0.00930	0.00909	0.01161	0.00729	0.00682	0.01316	0.02045	0.02603	0.27152	0.07404	0.46325	0.01970	0.00981	0.00274	0.00411	0.01670	0.00819	0.00729
23	0.01923	0.02374	0.10258	0.03326	0.06687	0.02127	0.48068	0.02583	0.01866	0.02590	0.01595	0.02143	0.01226	0.00790	0.01142	0.00286	0.08585	0.00909	0.00407	0.01116
24	0.01842	0.08721	0.40611	0.02514	0.05976	0.01967	0.14081	0.02606	0.01814	0.05519	0.01759	0.05690	0.01398	0.00876	0.00824	0.00263	0.01159	0.00783	0.00422	0.01176
25	0.01487	0.01278	0.01424	0.01497	0.05007	0.03764	0.01054	0.02355	0.20118	0.02751	0.12984	0.19973	0.17091	0.01763	0.00949	0.00291	0.00586	0.03917	0.00780	0.00932
26	0.01986	0.01902	0.03245	0.14268	0.57002	0.01955	0.02515	0.02488	0.01858	0.02629	0.01550	0.02079	0.01286	0.00753	0.00824	0.00251	0.01004	0.00740	0.00405	0.01259
27	0.02740	0.01942	0.02179	0.05439	0.04653	0.04053	0.01466	0.27010	0.19241	0.14595	0.02548	0.02605	0.01872	0.04602	0.01007	0.00288	0.00836	0.00830	0.00800	0.01297
