[name]
unknown

[dist]
# distance from previous block
# <min> <max>
0	37

[block]
# block no. 0 follows, 24 sequences, length 8
# corresponding to MSA columns:
# 37-44
name=unknown_A
#
# <colnr> <probs for GDERKNQSTAVLIFYWHMCP>
#	G	D	E	R	K	N	Q	S	T	A	V	L	I	F	Y	W	H	M	C	P
0	0.01459	0.04825	0.08222	0.01560	0.01908	0.01280	0.01445	0.02168	0.11808	0.02510	0.03617	0.06904	0.03698	0.01798	0.00987	0.00329	0.00764	0.43163	0.00683	0.00871
1	0.02253	0.15937	0.27154	0.01805	0.02619	0.02081	0.01923	0.11494	0.11043	0.13208	0.01954	0.01974	0.01406	0.00848	0.00727	0.00236	0.00914	0.00650	0.00568	0.01207
2	0.02468	0.19569	0.11211	0.03690	0.04642	0.07205	0.01635	0.26437	0.02523	0.06459	0.01669	0.01793	0.01258	0.00837	0.00699	0.00218	0.00915	0.00617	0.04995	0.01162
3	0.09823	0.09725	0.02256	0.01630	0.02138	0.05942	0.05183	0.23605	0.04970	0.09879	0.02307	0.12875	0.02044	0.01159	0.00780	0.00250	0.00809	0.02863	0.00674	0.01088
4	0.01166	0.00928	0.01357	0.08342	0.09012	0.00927	0.01128	0.01411	0.01612	0.02138	0.03966	0.45366	0.08156	0.02054	0.00971	0.00309	0.00602	0.09150	0.00659	0.00748
5	0.01414	0.00989	0.01299	0.08878	0.01838	0.01004	0.01032	0.01920	0.08154	0.07358	0.20627	0.18512	0.09872	0.01672	0.00915	0.00280	0.00560	0.08706	0.04146	0.00827
6	0.02011	0.01934	0.07157	0.14124	0.17738	0.07210	0.05048	0.02785	0.13330	0.09801	0.02610	0.02765	0.08079	0.00960	0.00807	0.00251	0.00899	0.00835	0.00558	0.01100
7	0.01805	0.23477	0.25431	0.01953	0.02688	0.02263	0.08236	0.02521	0.07950	0.02370	0.04892	0.01957	0.01510	0.00871	0.00921	0.00241	0.08769	0.00660	0.00419	0.01068

[dist]
# distance from previous block
# <min> <max>
0	4

[block]
# block no. 1 follows, 24 sequences, length 140
# corresponding to MSA columns:
# 49-188
name=unknown_B
#
# <colnr> <probs for GDERKNQSTAVLIFYWHMCP>
#	G	D	E	R	K	N	Q	S	T	A	V	L	I	F	Y	W	H	M	C	P
0	0.02874	0.02917	0.02112	0.01819	0.02280	0.40378	0.01408	0.19371	0.02586	0.07147	0.01660	0.01784	0.01266	0.00874	0.00726	0.00214	0.01132	0.00605	0.07802	0.01044
1	0.01769	0.01406	0.01657	0.01190	0.01889	0.01064	0.00954	0.02119	0.01685	0.06841	0.01522	0.01713	0.01226	0.00613	0.00601	0.00126	0.00593	0.00491	0.00503	0.72038
2	0.01020	0.00752	0.01018	0.04500	0.01394	0.00724	0.00840	0.01208	0.01594	0.02113	0.07546	0.57458	0.08051	0.02314	0.01000	0.00316	0.00501	0.06259	0.00724	0.00668
3	0.01014	0.00748	0.00957	0.01079	0.01183	0.00677	0.00732	0.01166	0.01537	0.02055	0.04393	0.60249	0.09499	0.04448	0.01071	0.00318	0.00473	0.02061	0.00711	0.05628
4	0.01055	0.00784	0.00991	0.01098	0.01209	0.00750	0.00762	0.01374	0.05855	0.02307	0.14775	0.51615	0.10018	0.02216	0.00981	0.00303	0.00453	0.01988	0.00763	0.00703
5	0.01992	0.01399	0.01680	0.01218	0.01906	0.01077	0.00981	0.02336	0.01758	0.14431	0.01722	0.01836	0.01318	0.00659	0.00625	0.00141	0.00603	0.00529	0.00563	0.63227
6	0.01317	0.00995	0.01630	0.01502	0.01722	0.00929	0.11416	0.01569	0.01656	0.06447	0.06279	0.46901	0.04311	0.05008	0.01115	0.00326	0.00644	0.04781	0.00690	0.00763
7	0.02781	0.18602	0.02658	0.01895	0.02362	0.54775	0.01494	0.02996	0.02110	0.01925	0.01199	0.01396	0.01021	0.00787	0.00671	0.00197	0.01305	0.00492	0.00394	0.00940
8	0.01785	0.01794	0.05481	0.14315	0.44836	0.01796	0.02220	0.02255	0.01767	0.02509	0.07355	0.02318	0.01765	0.00849	0.00917	0.00249	0.05474	0.00766	0.00424	0.01123
9	0.01728	0.10647	0.48186	0.02261	0.05564	0.04233	0.06807	0.02485	0.01704	0.02436	0.01398	0.01666	0.01041	0.00730	0.00730	0.00233	0.01113	0.00588	0.00353	0.06097
10	0.01830	0.01747	0.02993	0.13700	0.52476	0.01789	0.04038	0.02293	0.01758	0.02473	0.01671	0.06539	0.01487	0.00834	0.00805	0.00246	0.00938	0.00814	0.00410	0.01158
11	0.01957	0.01705	0.01835	0.01644	0.02063	0.02002	0.01286	0.04063	0.61536	0.03225	0.03085	0.02879	0.02331	0.01096	0.00924	0.00274	0.05205	0.00883	0.00777	0.01230
12	0.01325	0.01029	0.01107	0.01040	0.01283	0.05202	0.00783	0.01628	0.02099	0.06451	0.40453	0.08368	0.22911	0.01670	0.00916	0.00254	0.00471	0.01434	0.00806	0.00768
13	0.01123	0.00835	0.01228	0.01240	0.01368	0.00956	0.00946	0.01381	0.01284	0.01836	0.02292	0.07707	0.02246	0.09444	0.60894	0.01184	0.01939	0.00958	0.00448	0.00691
14	0.05906	0.64360	0.03888	0.05841	0.02234	0.02979	0.01387	0.02350	0.01596	0.01962	0.01123	0.01328	0.01012	0.00689	0.00526	0.00180	0.00850	0.00443	0.00348	0.01001
15	0.72762	0.01525	0.01197	0.01051	0.01556	0.01732	0.00864	0.02309	0.01369	0.03494	0.01124	0.01311	0.00879	0.00726	0.00497	0.00237	0.00612	0.00432	0.00489	0.05832
16	0.06157	0.00819	0.00885	0.00877	0.00909	0.00835	0.00505	0.01230	0.01166	0.01670	0.02407	0.04934	0.02751	0.67467	0.03804	0.00735	0.00759	0.01106	0.00481	0.00505
17	0.01024	0.05489	0.01040	0.00865	0.01143	0.00833	0.00666	0.01232	0.01797	0.02162	0.09880	0.10790	0.56512	0.01932	0.00913	0.00264	0.00433	0.01615	0.00716	0.00694
18	0.02041	0.01706	0.01838	0.01617	0.02041	0.01984	0.01274	0.10402	0.51227	0.03385	0.02906	0.02765	0.02193	0.01074	0.00908	0.00266	0.05216	0.00855	0.05092	0.01210
19	0.01299	0.00847	0.01098	0.01025	0.01244	0.00771	0.00772	0.01642	0.02173	0.08307	0.53866	0.09848	0.10773	0.01648	0.00929	0.00255	0.00406	0.01449	0.00864	0.00786
20	0.01736	0.01998	0.06126	0.02996	0.03703	0.01810	0.53503	0.02338	0.01816	0.02467	0.01986	0.11841	0.01762	0.00925	0.00941	0.00275	0.01209	0.01109	0.00446	0.01013
21	0.06417	0.17201	0.51514	0.02010	0.03044	0.02089	0.02497	0.02474	0.01642	0.02451	0.01341	0.01572	0.00998	0.00738	0.00690	0.00235	0.01075	0.00545	0.00345	0.01123
22	0.01798	0.01608	0.02785	0.33895	0.19033	0.01751	0.11115	0.02393	0.04801	0.06390	0.01807	0.02543	0.01443	0.00859	0.00830	0.00263	0.01008	0.04193	0.00451	0.01034
23	0.02120	0.72609	0.04155	0.01357	0.02035	0.03138	0.01357	0.02374	0.01611	0.01866	0.01102	0.01272	0.01018	0.00678	0.00509	0.00170	0.00848	0.00424	0.00339	0.01018
24	0.01131	0.00759	0.00872	0.00894	0.00899	0.00754	0.00511	0.01147	0.01197	0.01597	0.02725	0.13233	0.03169	0.63697	0.03670	0.00715	0.00731	0.01287	0.00511	0.00500
25	0.01498	0.01409	0.02378	0.70226	0.05462	0.01762	0.02202	0.02026	0.01586	0.02026	0.01409	0.02114	0.01057	0.00793	0.00793	0.00264	0.01057	0.00705	0.00352	0.00881
26	0.01000	0.00772	0.00921	0.01013	0.01178	0.00693	0.00746	0.01204	0.01717	0.02176	0.09079	0.33155	0.31727	0.02200	0.00986	0.00300	0.00464	0.09254	0.00742	0.00671
27	0.01516	0.01429	0.02413	0.67564	0.07975	0.01767	0.02212	0.02043	0.01595	0.02049	0.01413	0.02108	0.01065	0.00789	0.00792	0.00263	0.01052	0.00705	0.00354	0.00896
28	0.00959	0.00804	0.00834	0.00826	0.01085	0.00679	0.00620	0.01181	0.01860	0.02266	0.15025	0.07428	0.59794	0.01962	0.00937	0.00266	0.00398	0.01645	0.00753	0.00679
29	0.01510	0.01170	0.01392	0.01331	0.01548	0.01256	0.00997	0.13399	0.07736	0.02768	0.07530	0.37139	0.09582	0.01888	0.01069	0.00294	0.06186	0.01617	0.00730	0.00858
30	0.00966	0.00690	0.00920	0.01104	0.01150	0.00644	0.00736	0.01104	0.01518	0.02024	0.04371	0.71614	0.05245	0.02484	0.01012	0.00322	0.00460	0.02254	0.00736	0.00644
31	0.01644	0.01409	0.01644	0.01175	0.01879	0.01057	0.00940	0.01997	0.01644	0.02584	0.01409	0.01644	0.01175	0.00587	0.00587	0.00117	0.00587	0.00470	0.00470	0.76979
32	0.01830	0.01452	0.01697	0.01225	0.01920	0.01143	0.00985	0.05667	0.01798	0.06387	0.01534	0.01718	0.01229	0.00630	0.00611	0.00132	0.00608	0.00502	0.00517	0.68413
33	0.09843	0.61128	0.03734	0.01368	0.02010	0.07083	0.01317	0.02419	0.01624	0.02042	0.01110	0.01283	0.01002	0.00693	0.00520	0.00179	0.00860	0.00430	0.00359	0.00995
34	0.05258	0.01438	0.02234	0.31292	0.03482	0.01786	0.05808	0.01911	0.01479	0.02131	0.01739	0.11358	0.01648	0.01185	0.01329	0.00293	0.20969	0.00913	0.02894	0.00852
35	0.01876	0.02126	0.04605	0.03419	0.07335	0.01999	0.61174	0.02535	0.01868	0.02543	0.01599	0.02130	0.01206	0.00670	0.00928	0.00266	0.01317	0.00924	0.00401	0.01079
36	0.01002	0.00729	0.00951	0.01109	0.01196	0.00679	0.00781	0.01178	0.01603	0.02110	0.06678	0.56467	0.11383	0.02378	0.01011	0.00319	0.00480	0.08547	0.00740	0.00659
37	0.01900	0.01811	0.03033	0.13575	0.55510	0.01872	0.02343	0.02468	0.05012	0.02551	0.01568	0.02034	0.01288	0.00737	0.00787	0.00241	0.00942	0.00716	0.00408	0.01205
38	0.05522	0.01845	0.07923	0.25620	0.18625	0.01816	0.13615	0.02205	0.01657	0.02359	0.01606	0.06188	0.01368	0.00883	0.00925	0.00265	0.05352	0.00818	0.00399	0.01009
39	0.07311	0.01359	0.01806	0.01392	0.01999	0.01197	0.01150	0.03787	0.02223	0.64486	0.03026	0.02628	0.01907	0.00969	0.00782	0.00245	0.00672	0.00779	0.00957	0.01325
40	0.01842	0.01761	0.03001	0.21775	0.51218	0.01852	0.02374	0.02328	0.01749	0.02445	0.01470	0.02002	0.01205	0.00729	0.00787	0.00243	0.00972	0.00706	0.00382	0.01159
41	0.00975	0.00694	0.00917	0.01093	0.01137	0.00650	0.00724	0.01107	0.01501	0.02001	0.04281	0.68439	0.05132	0.05814	0.01157	0.00343	0.00475	0.02202	0.00724	0.00636
42	0.01750	0.01780	0.02679	0.02222	0.02311	0.02382	0.08684	0.01979	0.01287	0.01979	0.01104	0.01780	0.01059	0.01308	0.02417	0.00338	0.62979	0.00721	0.00353	0.00890
43	0.01478	0.00739	0.00739	0.00739	0.00924	0.00739	0.00554	0.01848	0.01663	0.02956	0.02587	0.02956	0.02033	0.00924	0.00554	0.00185	0.00370	0.00739	0.76534	0.00739
44	0.01642	0.00897	0.00914	0.00855	0.01087	0.00922	0.00656	0.08520	0.01883	0.03174	0.02514	0.02844	0.01960	0.00927	0.00580	0.00190	0.00423	0.00736	0.68472	0.00804
45	0.01358	0.00689	0.01028	0.01036	0.01039	0.00687	0.00691	0.01036	0.01056	0.01408	0.01520	0.05718	0.01562	0.02742	0.02999	0.73267	0.00678	0.00764	0.00363	0.00359
46	0.01815	0.02100	0.06714	0.11231	0.07198	0.01982	0.48932	0.02446	0.01799	0.02454	0.01545	0.02092	0.01174	0.00719	0.00976	0.00268	0.04240	0.00874	0.00390	0.01051
47	0.00989	0.00707	0.00947	0.01131	0.01187	0.00664	0.00776	0.01144	0.01541	0.02050	0.04358	0.66943	0.05194	0.02462	0.01018	0.00325	0.00480	0.06696	0.00736	0.00651
48	0.01902	0.01822	0.03109	0.13377	0.59149	0.01868	0.02404	0.02381	0.01777	0.02517	0.01481	0.01982	0.01230	0.00718	0.00786	0.00239	0.00957	0.00706	0.00387	0.01207
49	0.01738	0.01803	0.03087	0.13273	0.03229	0.02198	0.20335	0.02114	0.01468	0.02114	0.01266	0.01915	0.01092	0.01080	0.01822	0.00310	0.39096	0.00767	0.00364	0.00929
50	0.00966	0.00690	0.00920	0.01104	0.01150	0.00644	0.00736	0.01104	0.01518	0.02024	0.04371	0.71614	0.05245	0.02484	0.01012	0.00322	0.00460	0.02254	0.00736	0.00644
51	0.00966	0.00690	0.00920	0.01104	0.01150	0.00644	0.00736	0.01104	0.01518	0.02024	0.04371	0.71614	0.05245	0.02484	0.01012	0.00322	0.00460	0.02254	0.00736	0.00644
52	0.01682	0.04931	0.02514	0.44269	0.11131	0.01946	0.02035	0.04888	0.01652	0.02222	0.01403	0.02014	0.01116	0.00881	0.01051	0.00266	0.11776	0.00691	0.02589	0.00943
53	0.49152	0.06719	0.15398	0.01423	0.02059	0.09084	0.01394	0.02461	0.01530	0.03061	0.01184	0.01383	0.00916	0.00745	0.00571	0.00237	0.00832	0.00470	0.00440	0.00940
54	0.01237	0.00943	0.01367	0.01329	0.01487	0.01110	0.01042	0.04131	0.01377	0.01978	0.02072	0.03010	0.01919	0.05556	0.63485	0.01194	0.04747	0.00838	0.00438	0.00742
55	0.01680	0.03205	0.40829	0.02585	0.03541	0.01893	0.23997	0.02460	0.01738	0.02513	0.03521	0.01971	0.01279	0.00782	0.00913	0.00261	0.04611	0.00739	0.00375	0.01108
56	0.02038	0.06754	0.02612	0.02017	0.02294	0.10020	0.08796	0.02296	0.01571	0.07929	0.01526	0.05780	0.01384	0.01178	0.01699	0.00288	0.36225	0.00770	0.00445	0.04377
57	0.01000	0.00849	0.00868	0.00855	0.01128	0.00740	0.00644	0.01314	0.05068	0.02260	0.11094	0.07299	0.60261	0.01939	0.00931	0.00267	0.00412	0.01621	0.00748	0.00704
58	0.01089	0.00800	0.01020	0.00985	0.01169	0.00731	0.00731	0.01424	0.02135	0.02967	0.54988	0.11646	0.13889	0.01737	0.00942	0.00258	0.00384	0.01530	0.00846	0.00731
59	0.01936	0.01857	0.03171	0.08593	0.63667	0.01877	0.02420	0.02410	0.01793	0.02558	0.01487	0.01971	0.01245	0.00711	0.00785	0.00237	0.00949	0.00706	0.00390	0.01235
60	0.01872	0.02139	0.04679	0.03342	0.04144	0.02005	0.64305	0.02540	0.01872	0.02540	0.01604	0.02139	0.01203	0.00668	0.00936	0.00267	0.01337	0.00936	0.00401	0.01070
61	0.01498	0.01409	0.02378	0.70226	0.05462	0.01762	0.02202	0.02026	0.01586	0.02026	0.01409	0.02114	0.01057	0.00793	0.00793	0.00264	0.01057	0.00705	0.00352	0.00881
62	0.00966	0.00690	0.00920	0.01104	0.01150	0.00644	0.00736	0.01104	0.01518	0.02024	0.04371	0.71614	0.05245	0.02484	0.01012	0.00322	0.00460	0.02254	0.00736	0.00644
63	0.01827	0.02019	0.04068	0.05319	0.03701	0.02097	0.47378	0.02373	0.01706	0.02373	0.01464	0.02043	0.01160	0.00843	0.01326	0.00286	0.17744	0.00871	0.00387	0.01015
64	0.01816	0.01975	0.03766	0.02831	0.03307	0.02177	0.38913	0.02284	0.01605	0.02284	0.01376	0.01975	0.01137	0.00960	0.01612	0.00300	0.29478	0.00838	0.00379	0.00988
65	0.03039	0.02182	0.02355	0.01806	0.02439	0.02401	0.01492	0.61799	0.03662	0.07833	0.01959	0.01940	0.01376	0.00953	0.00793	0.00238	0.00864	0.00718	0.00802	0.01349
66	0.02765	0.05280	0.02075	0.01534	0.02125	0.01785	0.01261	0.23199	0.12737	0.24576	0.04819	0.02419	0.01910	0.00954	0.00766	0.00230	0.00720	0.00756	0.00802	0.09288
67	0.02174	0.51260	0.05837	0.01634	0.02258	0.11539	0.05034	0.02538	0.04088	0.01991	0.01234	0.01441	0.01082	0.00748	0.00682	0.00195	0.04380	0.00501	0.00370	0.01014
68	0.00966	0.00690	0.00920	0.01104	0.01150	0.00644	0.00736	0.01104	0.01518	0.02024	0.04371	0.71614	0.05245	0.02484	0.01012	0.00322	0.00460	0.02254	0.00736	0.00644
69	0.08189	0.01266	0.04171	0.01235	0.01576	0.01189	0.01022	0.12018	0.02278	0.06505	0.32473	0.08266	0.04683	0.01415	0.00852	0.00256	0.00556	0.05668	0.05485	0.00895
70	0.14184	0.01935	0.02022	0.01627	0.02196	0.02149	0.01326	0.36929	0.17269	0.09075	0.02173	0.02108	0.01562	0.00949	0.00751	0.00247	0.00763	0.00718	0.00764	0.01253
71	0.01153	0.00769	0.00865	0.00865	0.00865	0.00769	0.00480	0.01153	0.01153	0.01538	0.02499	0.05189	0.02883	0.72131	0.04036	0.00769	0.00769	0.01153	0.00480	0.00480
72	0.00974	0.00791	0.00866	0.00892	0.01115	0.00683	0.00661	0.01191	0.01816	0.02253	0.14220	0.16993	0.48735	0.02040	0.00953	0.00277	0.00418	0.03692	0.00752	0.00677
73	0.00966	0.00690	0.00920	0.01104	0.01150	0.00644	0.00736	0.01104	0.01518	0.02024	0.04371	0.71614	0.05245	0.02484	0.01012	0.00322	0.00460	0.02254	0.00736	0.00644
74	0.01590	0.04102	0.68023	0.02260	0.03432	0.01842	0.02930	0.02511	0.01674	0.02511	0.01423	0.01674	0.01005	0.00753	0.00753	0.00251	0.01172	0.00586	0.00335	0.01172
75	0.00966	0.00690	0.00920	0.01104	0.01150	0.00644	0.00736	0.01104	0.01518	0.02024	0.04371	0.71614	0.05245	0.02484	0.01012	0.00322	0.00460	0.02254	0.00736	0.00644
76	0.01878	0.01798	0.03066	0.16752	0.55961	0.01862	0.02392	0.02360	0.01766	0.02488	0.01477	0.01990	0.01220	0.00722	0.00786	0.00241	0.00963	0.00706	0.00385	0.01188
77	0.01972	0.01703	0.01793	0.01614	0.02062	0.01972	0.01255	0.04214	0.65752	0.03317	0.03228	0.02959	0.02421	0.01076	0.00807	0.00269	0.00628	0.00897	0.00807	0.01255
78	0.01057	0.00808	0.00969	0.00929	0.01144	0.00720	0.00697	0.01369	0.02090	0.02812	0.45939	0.06529	0.28539	0.01758	0.00936	0.00256	0.00384	0.01519	0.00825	0.00720
79	0.00980	0.00701	0.00933	0.01095	0.01153	0.00653	0.00737	0.01139	0.01583	0.02128	0.09960	0.65730	0.05445	0.02407	0.01005	0.00316	0.00452	0.02181	0.00748	0.00653
80	0.01590	0.04102	0.68023	0.02260	0.03432	0.01842	0.02930	0.02511	0.01674	0.02511	0.01423	0.01674	0.01005	0.00753	0.00753	0.00251	0.01172	0.00586	0.00335	0.01172
81	0.01102	0.00795	0.01042	0.01011	0.01180	0.00735	0.00747	0.01446	0.02151	0.03031	0.58751	0.14362	0.07195	0.01732	0.00945	0.00259	0.00385	0.01539	0.00855	0.00735
82	0.16623	0.01192	0.01383	0.01144	0.01597	0.01142	0.00925	0.02904	0.01944	0.34945	0.07132	0.02731	0.02167	0.00967	0.00689	0.00230	0.00565	0.00760	0.19897	0.01062
83	0.01045	0.00747	0.01006	0.01163	0.01251	0.00709	0.00844	0.01254	0.01660	0.02222	0.11269	0.51940	0.05359	0.02330	0.01020	0.00322	0.00504	0.13932	0.00750	0.00673
84	0.01974	0.01945	0.03216	0.07642	0.58907	0.04367	0.05425	0.02448	0.01815	0.02539	0.01484	0.01958	0.01236	0.00713	0.00790	0.00237	0.00985	0.00710	0.00392	0.01218
85	0.05985	0.02209	0.02362	0.04644	0.09595	0.07709	0.01581	0.45924	0.03156	0.04253	0.01771	0.01884	0.01300	0.00898	0.00766	0.00235	0.00907	0.00685	0.02890	0.01247
86	0.01638	0.01531	0.02595	0.38057	0.04113	0.01770	0.13190	0.05892	0.01714	0.02303	0.01681	0.05579	0.01429	0.04532	0.01154	0.00296	0.07543	0.00844	0.03233	0.00906
87	0.01813	0.01458	0.01820	0.01352	0.02016	0.01190	0.04112	0.04851	0.03805	0.06410	0.01752	0.02192	0.01458	0.00735	0.00661	0.00156	0.00650	0.03988	0.00535	0.59048
88	0.20721	0.08519	0.37541	0.01973	0.05813	0.01983	0.02143	0.07916	0.01776	0.02944	0.01364	0.01581	0.01012	0.00759	0.00674	0.00241	0.00970	0.00551	0.00417	0.01102
89	0.04457	0.01067	0.01224	0.04930	0.01525	0.01140	0.00881	0.09213	0.01796	0.02852	0.02371	0.02772	0.04866	0.01333	0.03213	0.08478	0.04139	0.00751	0.38467	0.04524
90	0.01687	0.01586	0.02792	0.30382	0.03943	0.01721	0.20023	0.08675	0.01852	0.02456	0.01861	0.08096	0.01627	0.05227	0.04298	0.00344	0.01104	0.00935	0.00456	0.00935
91	0.02978	0.02074	0.02263	0.01758	0.02372	0.02267	0.01445	0.51985	0.09406	0.11945	0.02167	0.02093	0.01519	0.00967	0.00795	0.00242	0.00827	0.00741	0.00816	0.01340
92	0.01035	0.00837	0.00917	0.00906	0.01154	0.00721	0.00677	0.01254	0.01780	0.02234	0.12636	0.10165	0.45427	0.07151	0.01162	0.00304	0.00461	0.05503	0.00715	0.04959
93	0.01708	0.01429	0.01658	0.01219	0.01881	0.01138	0.00970	0.06608	0.01793	0.02732	0.01613	0.05600	0.01416	0.00721	0.00627	0.00138	0.00601	0.00588	0.00509	0.67048
94	0.01637	0.01409	0.01680	0.04562	0.02055	0.01092	0.01002	0.01998	0.01641	0.02557	0.01409	0.01667	0.01169	0.00597	0.00597	0.00125	0.00610	0.00481	0.00464	0.73246
95	0.01644	0.01409	0.01644	0.01175	0.01879	0.01057	0.00940	0.01997	0.01644	0.02584	0.01409	0.01644	0.01175	0.00587	0.00587	0.00117	0.00587	0.00470	0.00470	0.76979
96	0.01835	0.02178	0.07581	0.07896	0.06180	0.01977	0.55119	0.02500	0.01840	0.02505	0.01579	0.02109	0.01185	0.00682	0.00912	0.00265	0.01297	0.00896	0.00394	0.01068
97	0.01259	0.00967	0.01394	0.01347	0.01505	0.01144	0.01058	0.04540	0.01391	0.01999	0.02052	0.02978	0.01898	0.05446	0.61909	0.01171	0.05919	0.00834	0.00439	0.00748
98	0.01133	0.00850	0.01274	0.01274	0.01416	0.00991	0.00991	0.01416	0.01274	0.01841	0.02124	0.03115	0.01982	0.05947	0.68989	0.01274	0.02124	0.00850	0.00425	0.00708
99	0.03075	0.02124	0.02320	0.01779	0.02411	0.02315	0.01469	0.57802	0.03566	0.11965	0.02040	0.01992	0.01417	0.00955	0.00794	0.00239	0.00851	0.00723	0.00814	0.01349
100	0.06596	0.05534	0.04273	0.03005	0.03762	0.02045	0.53734	0.02613	0.05420	0.02614	0.01640	0.02090	0.01241	0.00696	0.00880	0.00261	0.01228	0.00877	0.00426	0.01064
101	0.00965	0.00695	0.00915	0.01092	0.01147	0.00645	0.00731	0.01106	0.01530	0.02029	0.04520	0.69008	0.07754	0.02465	0.01009	0.00320	0.00458	0.02231	0.00736	0.00645
102	0.00939	0.00798	0.00809	0.00818	0.01075	0.00668	0.00609	0.01136	0.01793	0.02136	0.07854	0.10770	0.63841	0.02032	0.00941	0.00270	0.00405	0.01702	0.00736	0.00668
103	0.02569	0.01902	0.02120	0.01829	0.05399	0.02086	0.01403	0.37265	0.19413	0.08113	0.02598	0.05727	0.03749	0.01078	0.00811	0.00251	0.00767	0.00867	0.00784	0.01267
104	0.01590	0.04102	0.68023	0.02260	0.03432	0.01842	0.02930	0.02511	0.01674	0.02511	0.01423	0.01674	0.01005	0.00753	0.00753	0.00251	0.01172	0.00586	0.00335	0.01172
105	0.01172	0.00858	0.01144	0.01298	0.01471	0.00830	0.01082	0.01474	0.01771	0.02279	0.04827	0.19227	0.14417	0.02211	0.01057	0.00343	0.00634	0.42468	0.00732	0.00706
106	0.01636	0.08264	0.61198	0.02253	0.03378	0.01929	0.05606	0.02504	0.01679	0.02473	0.01411	0.01670	0.01014	0.00745	0.00746	0.00247	0.01159	0.00592	0.00338	0.01158
107	0.02101	0.10824	0.02091	0.01520	0.02009	0.02063	0.01236	0.15850	0.37025	0.03365	0.03013	0.02876	0.06806	0.01062	0.00763	0.00246	0.00676	0.00849	0.04450	0.01175
108	0.00972	0.00695	0.00925	0.01100	0.01151	0.00648	0.00737	0.01119	0.01545	0.02067	0.06680	0.69182	0.05328	0.02452	0.01009	0.00319	0.00457	0.02224	0.00741	0.00648
109	0.77733	0.01534	0.01166	0.01043	0.01534	0.01779	0.00859	0.02331	0.01350	0.03558	0.01104	0.01288	0.00859	0.00736	0.00491	0.00245	0.00613	0.00429	0.00491	0.00859
110	0.01377	0.00689	0.01033	0.01033	0.01033	0.00689	0.00689	0.01033	0.01033	0.01377	0.01377	0.02410	0.01377	0.02755	0.03099	0.76928	0.00689	0.00689	0.00344	0.00344
111	0.02230	0.63765	0.03919	0.01433	0.02089	0.08153	0.01378	0.05581	0.01767	0.02030	0.01152	0.01316	0.01035	0.00703	0.00539	0.00176	0.00894	0.00445	0.00368	0.01027
112	0.01963	0.01878	0.03174	0.04766	0.65157	0.01887	0.02397	0.02489	0.03797	0.02613	0.01546	0.01994	0.01292	0.00718	0.00786	0.00237	0.00932	0.00712	0.00405	0.01256
113	0.01019	0.00736	0.00973	0.01131	0.01218	0.00690	0.00807	0.01208	0.01624	0.02153	0.08426	0.54925	0.08798	0.02362	0.01015	0.00321	0.00490	0.10697	0.00744	0.00664
114	0.00994	0.00725	0.00937	0.01054	0.01149	0.00667	0.00726	0.01186	0.01691	0.02266	0.17157	0.52378	0.11608	0.02267	0.00990	0.00302	0.00437	0.02035	0.00763	0.00667
115	0.01432	0.00990	0.01109	0.01026	0.01127	0.01032	0.00656	0.10695	0.01545	0.02070	0.02394	0.04611	0.02616	0.58733	0.06194	0.00710	0.00840	0.01075	0.00525	0.00620
116	0.00939	0.00797	0.00810	0.00820	0.01076	0.00668	0.00610	0.01136	0.01791	0.02135	0.07824	0.11279	0.63351	0.02035	0.00941	0.00271	0.00405	0.01707	0.00736	0.00668
117	0.02209	0.68187	0.04012	0.01360	0.02035	0.03015	0.01345	0.02467	0.01652	0.05952	0.01228	0.01361	0.01076	0.00697	0.00527	0.00174	0.00837	0.00447	0.00379	0.01038
118	0.02011	0.01741	0.04242	0.01628	0.02097	0.01877	0.01327	0.06664	0.53226	0.05697	0.03172	0.03319	0.02469	0.01141	0.00826	0.00273	0.00669	0.05611	0.00789	0.01219
119	0.02025	0.14508	0.34818	0.02144	0.03001	0.12564	0.08707	0.02638	0.01785	0.05597	0.01430	0.01675	0.01080	0.00781	0.00809	0.00236	0.04122	0.00600	0.00387	0.01093
120	0.01129	0.00766	0.00865	0.00876	0.00894	0.00755	0.00503	0.01149	0.01213	0.01602	0.02930	0.09450	0.06676	0.63813	0.03672	0.00713	0.00729	0.01251	0.00511	0.00501
121	0.01913	0.01832	0.03184	0.28756	0.06910	0.02013	0.22725	0.12666	0.02022	0.02710	0.01534	0.02053	0.01162	0.00818	0.00972	0.00266	0.06201	0.00782	0.00444	0.01037
122	0.01896	0.01607	0.01719	0.01568	0.01990	0.01831	0.01235	0.05901	0.54800	0.03233	0.03500	0.03686	0.05658	0.01217	0.00839	0.00277	0.00634	0.06430	0.00796	0.01183
123	0.00971	0.00694	0.00925	0.01101	0.01151	0.00647	0.00736	0.01117	0.01542	0.02062	0.06397	0.69481	0.05317	0.02456	0.01010	0.00320	0.00457	0.02228	0.00741	0.00647
124	0.01770	0.01741	0.03124	0.29762	0.33600	0.01856	0.12012	0.02294	0.01731	0.02366	0.01478	0.02048	0.01171	0.00734	0.00812	0.00252	0.01048	0.00742	0.00378	0.01083
125	0.00981	0.00701	0.00937	0.01121	0.01174	0.00657	0.00762	0.01130	0.01533	0.02041	0.04362	0.68618	0.05212	0.02470	0.01016	0.00324	0.00473	0.05103	0.00736	0.00648
126	0.06667	0.01892	0.02875	0.15377	0.41425	0.05279	0.04965	0.04588	0.04562	0.02632	0.01533	0.01968	0.01236	0.00751	0.00773	0.00242	0.00968	0.00698	0.00424	0.01145
127	0.06783	0.01351	0.01783	0.01387	0.01976	0.01204	0.01141	0.03729	0.04162	0.60774	0.05107	0.02748	0.02106	0.00994	0.00788	0.00246	0.00661	0.00805	0.00950	0.01305
128	0.01738	0.07159	0.52400	0.02447	0.07318	0.05695	0.07364	0.02539	0.01726	0.02455	0.01414	0.01694	0.01037	0.00744	0.00755	0.00245	0.01169	0.00608	0.00348	0.01148
129	0.02120	0.72609	0.04155	0.01357	0.02035	0.03138	0.01357	0.02374	0.01611	0.01866	0.01102	0.01272	0.01018	0.00678	0.00509	0.00170	0.00848	0.00424	0.00339	0.01018
130	0.02927	0.02252	0.02373	0.05683	0.02628	0.05679	0.01548	0.58016	0.03535	0.04681	0.01843	0.01892	0.01316	0.00936	0.00789	0.00238	0.00910	0.00703	0.00750	0.01301
131	0.03118	0.02055	0.02277	0.01746	0.02376	0.02212	0.01442	0.52971	0.03450	0.16960	0.02137	0.02055	0.01466	0.00958	0.00794	0.00239	0.00835	0.00730	0.00829	0.01349
132	0.64207	0.01612	0.01370	0.01181	0.01673	0.01861	0.00974	0.09270	0.01636	0.05610	0.01252	0.01417	0.00954	0.00793	0.00616	0.00249	0.03379	0.00483	0.00534	0.00928
133	0.01498	0.01409	0.02378	0.70226	0.05462	0.01762	0.02202	0.02026	0.01586	0.02026	0.01409	0.02114	0.01057	0.00793	0.00793	0.00264	0.01057	0.00705	0.00352	0.00881
134	0.01797	0.02238	0.10614	0.03179	0.06755	0.01907	0.51914	0.02452	0.01829	0.02511	0.01737	0.05994	0.01413	0.00781	0.00915	0.00267	0.01254	0.00965	0.00413	0.01064
135	0.01735	0.01735	0.02429	0.02082	0.02082	0.02429	0.01735	0.01908	0.01214	0.01908	0.01041	0.01735	0.01041	0.01388	0.02602	0.00347	0.70680	0.00694	0.00347	0.00867
136	0.01737	0.01048	0.01280	0.01160	0.01481	0.00990	0.00900	0.04306	0.08088	0.16653	0.23579	0.11854	0.18070	0.01603	0.00904	0.00266	0.00508	0.03817	0.00838	0.00917
137	0.00983	0.00732	0.00895	0.01002	0.01109	0.00667	0.00683	0.01140	0.01606	0.02085	0.08925	0.46100	0.20834	0.07866	0.01230	0.00340	0.00465	0.01969	0.00724	0.00644
138	0.02155	0.01855	0.01858	0.01646	0.02109	0.06346	0.01284	0.07571	0.55709	0.05717	0.03018	0.02789	0.02251	0.01048	0.00800	0.00262	0.00696	0.00857	0.00787	0.01242
139	0.01064	0.00808	0.00980	0.00937	0.01149	0.00724	0.00703	0.01384	0.02108	0.02855	0.48368	0.06459	0.26084	0.01742	0.00936	0.00255	0.00383	0.01509	0.00830	0.00724

[dist]
# distance from previous block
# <min> <max>
1	1

[block]
# block no. 2 follows, 24 sequences, length 119
# corresponding to MSA columns:
# 191-309
name=unknown_C
#
# <colnr> <probs for GDERKNQSTAVLIFYWHMCP>
#	G	D	E	R	K	N	Q	S	T	A	V	L	I	F	Y	W	H	M	C	P
0	0.00966	0.00690	0.00920	0.01104	0.01150	0.00644	0.00736	0.01104	0.01518	0.02024	0.04371	0.71614	0.05245	0.02484	0.01012	0.00322	0.00460	0.02254	0.00736	0.00644
1	0.06012	0.01865	0.03109	0.04663	0.63676	0.01879	0.02349	0.02428	0.01781	0.02642	0.01471	0.01927	0.01235	0.00708	0.00769	0.00236	0.00924	0.00692	0.00398	0.01235
2	0.02564	0.01844	0.02057	0.01560	0.02207	0.01848	0.01275	0.35151	0.05879	0.10148	0.01922	0.01945	0.01402	0.00840	0.00726	0.00200	0.00748	0.00650	0.00705	0.26328
3	0.02022	0.01998	0.03161	0.04698	0.63310	0.05899	0.02380	0.02478	0.01832	0.02552	0.01476	0.01931	0.01242	0.00713	0.00781	0.00234	0.00971	0.00695	0.00393	0.01236
4	0.01482	0.01363	0.01944	0.01743	0.01802	0.01825	0.01422	0.01701	0.01240	0.01880	0.01496	0.02315	0.01437	0.03304	0.30502	0.00737	0.41869	0.00759	0.00380	0.00800
5	0.01644	0.01409	0.01644	0.01175	0.01879	0.01057	0.00940	0.01997	0.01644	0.02584	0.01409	0.01644	0.01175	0.00587	0.00587	0.00117	0.00587	0.00470	0.00470	0.76979
6	0.05440	0.05600	0.01852	0.01379	0.01913	0.01359	0.01129	0.03475	0.10719	0.45329	0.07591	0.05970	0.02478	0.01082	0.00791	0.00248	0.00645	0.00888	0.00884	0.01225
7	0.01590	0.04102	0.68023	0.02260	0.03432	0.01842	0.02930	0.02511	0.01674	0.02511	0.01423	0.01674	0.01005	0.00753	0.00753	0.00251	0.01172	0.00586	0.00335	0.01172
8	0.03441	0.01353	0.01828	0.01396	0.02015	0.01159	0.01152	0.03750	0.02231	0.63742	0.03023	0.02634	0.01915	0.00957	0.00785	0.00238	0.00669	0.00777	0.00950	0.05984
9	0.01644	0.01409	0.01644	0.01175	0.01879	0.01057	0.00940	0.01997	0.01644	0.02584	0.01409	0.01644	0.01175	0.00587	0.00587	0.00117	0.00587	0.00470	0.00470	0.76979
10	0.01653	0.15727	0.51459	0.02001	0.03000	0.01975	0.02476	0.02388	0.01666	0.02389	0.04340	0.01824	0.01315	0.00852	0.00804	0.03010	0.01062	0.00600	0.00360	0.01096
11	0.01453	0.00741	0.00749	0.00749	0.00919	0.00741	0.00549	0.01793	0.01623	0.02845	0.02580	0.03132	0.02100	0.06537	0.00829	0.00231	0.00401	0.00772	0.70539	0.00719
12	0.02880	0.02071	0.02248	0.01746	0.02344	0.02272	0.01434	0.55106	0.06393	0.07826	0.05906	0.02231	0.01794	0.00999	0.00803	0.00240	0.00822	0.00769	0.00808	0.01308
13	0.03558	0.01350	0.01840	0.01411	0.02024	0.01166	0.01166	0.03865	0.02270	0.67734	0.03128	0.02699	0.01963	0.00981	0.00797	0.00245	0.00675	0.00797	0.00981	0.01350
14	0.02120	0.72609	0.04155	0.01357	0.02035	0.03138	0.01357	0.02374	0.01611	0.01866	0.01102	0.01272	0.01018	0.00678	0.00509	0.00170	0.00848	0.00424	0.00339	0.01018
15	0.00974	0.00696	0.00927	0.01099	0.01152	0.00649	0.00737	0.01123	0.01553	0.02080	0.07368	0.68458	0.05352	0.02443	0.01008	0.00319	0.00456	0.02215	0.00743	0.00649
16	0.01644	0.01409	0.01644	0.01175	0.01879	0.01057	0.00940	0.01997	0.01644	0.02584	0.01409	0.01644	0.01175	0.00587	0.00587	0.00117	0.00587	0.00470	0.00470	0.76979
17	0.01085	0.00793	0.01003	0.00981	0.01149	0.00728	0.00714	0.01389	0.02043	0.02827	0.48852	0.13985	0.13559	0.05989	0.01130	0.00291	0.00411	0.01543	0.00818	0.00711
18	0.01644	0.01409	0.01644	0.01175	0.01879	0.01057	0.00940	0.01997	0.01644	0.02584	0.01409	0.01644	0.01175	0.00587	0.00587	0.00117	0.00587	0.00470	0.00470	0.76979
19	0.00989	0.00700	0.00913	0.01075	0.01116	0.00659	0.00705	0.01110	0.01474	0.01965	0.04144	0.63567	0.04959	0.10921	0.01378	0.00376	0.00497	0.02121	0.00705	0.00624
20	0.02134	0.01290	0.01435	0.01261	0.01622	0.06499	0.00975	0.04604	0.04138	0.24430	0.19908	0.14022	0.11418	0.01473	0.00874	0.00257	0.00601	0.01252	0.00831	0.00975
21	0.01018	0.00796	0.00919	0.00975	0.01168	0.00711	0.00731	0.01235	0.01761	0.02214	0.11694	0.20031	0.37710	0.05461	0.01123	0.00315	0.00475	0.10258	0.00735	0.00671
22	0.06225	0.01979	0.01955	0.01815	0.04904	0.09877	0.01372	0.11008	0.38924	0.03235	0.02578	0.02700	0.02012	0.01056	0.00874	0.00263	0.04134	0.03226	0.00699	0.01166
23	0.01377	0.00689	0.01033	0.01033	0.01033	0.00689	0.00689	0.01033	0.01033	0.01377	0.01377	0.02410	0.01377	0.02755	0.03099	0.76928	0.00689	0.00689	0.00344	0.00344
24	0.01972	0.01703	0.01793	0.01614	0.02062	0.01972	0.01255	0.04214	0.65752	0.03317	0.03228	0.02959	0.02421	0.01076	0.00807	0.00269	0.00628	0.00897	0.00807	0.01255
25	0.02053	0.01542	0.01886	0.01393	0.02067	0.01323	0.03690	0.09393	0.05890	0.10581	0.01787	0.01899	0.01365	0.00708	0.00663	0.00162	0.00663	0.00581	0.00584	0.51771
26	0.01872	0.02139	0.04679	0.03342	0.04144	0.02005	0.64305	0.02540	0.01872	0.02540	0.01604	0.02139	0.01203	0.00668	0.00936	0.00267	0.01337	0.00936	0.00401	0.01070
27	0.02920	0.02174	0.02326	0.01805	0.02423	0.02415	0.01484	0.59049	0.09374	0.04845	0.02024	0.02000	0.01446	0.00963	0.00795	0.00241	0.00850	0.00731	0.00795	0.01340
28	0.02243	0.01881	0.01918	0.01644	0.02132	0.04787	0.01299	0.20706	0.42339	0.03659	0.03051	0.02868	0.05717	0.01084	0.00807	0.00258	0.00716	0.00874	0.00783	0.01234
29	0.00966	0.00690	0.00920	0.01104	0.01150	0.00644	0.00736	0.01104	0.01518	0.02024	0.04371	0.71614	0.05245	0.02484	0.01012	0.00322	0.00460	0.02254	0.00736	0.00644
30	0.05281	0.08076	0.21265	0.01785	0.04762	0.04505	0.01733	0.03116	0.04844	0.29063	0.02155	0.02101	0.01475	0.00845	0.00734	0.00232	0.00865	0.00661	0.00639	0.05861
31	0.02068	0.02280	0.03256	0.02538	0.02987	0.15053	0.27498	0.05927	0.01841	0.02356	0.01502	0.04866	0.01303	0.01003	0.01377	0.00279	0.21637	0.00827	0.00423	0.00979
32	0.01005	0.00753	0.00936	0.01022	0.01158	0.00684	0.00728	0.01219	0.01758	0.02315	0.18617	0.39187	0.20907	0.02170	0.00981	0.00295	0.00438	0.04386	0.00765	0.00676
33	0.01571	0.01494	0.02114	0.01862	0.01900	0.02037	0.01532	0.01774	0.01231	0.01890	0.01336	0.02111	0.01297	0.02630	0.20689	0.00600	0.52003	0.00736	0.00368	0.00824
34	0.10563	0.02177	0.02183	0.01836	0.04768	0.08208	0.01433	0.40523	0.10234	0.07307	0.01954	0.01958	0.01416	0.00924	0.00757	0.00239	0.00861	0.00691	0.00723	0.01246
35	0.01849	0.02095	0.04541	0.07346	0.04223	0.01991	0.60587	0.02509	0.01855	0.02509	0.01593	0.02138	0.01194	0.00676	0.00927	0.00267	0.01320	0.00922	0.00398	0.01058
36	0.01153	0.00769	0.00865	0.00865	0.00865	0.00769	0.00480	0.01153	0.01153	0.01538	0.02499	0.05189	0.02883	0.72131	0.04036	0.00769	0.00769	0.01153	0.00480	0.00480
37	0.00980	0.00701	0.00933	0.01094	0.01153	0.00654	0.00737	0.01140	0.01585	0.02130	0.10087	0.65596	0.05450	0.02405	0.01005	0.00315	0.00452	0.02179	0.00749	0.00654
38	0.01454	0.00873	0.01258	0.01264	0.01444	0.00799	0.03863	0.01646	0.01664	0.13310	0.04025	0.56466	0.04488	0.02140	0.00972	0.00306	0.00539	0.01941	0.00762	0.00785
39	0.01239	0.01065	0.01168	0.01154	0.01316	0.06186	0.00850	0.01502	0.01929	0.02565	0.33539	0.24093	0.12498	0.01831	0.01040	0.00274	0.04693	0.01575	0.00751	0.00731
40	0.00994	0.00718	0.00942	0.01071	0.01153	0.00665	0.00733	0.01180	0.01668	0.02248	0.16322	0.56454	0.08309	0.02301	0.00994	0.00306	0.00441	0.02074	0.00762	0.00665
41	0.01626	0.08745	0.63694	0.02199	0.03337	0.01929	0.02823	0.02502	0.01670	0.02468	0.01401	0.01647	0.01005	0.00748	0.00737	0.00246	0.01150	0.00575	0.00335	0.01161
42	0.07613	0.01978	0.02182	0.01682	0.02303	0.02118	0.01389	0.46747	0.03248	0.19459	0.02140	0.02051	0.01462	0.00946	0.00776	0.00240	0.00811	0.00716	0.00819	0.01319
43	0.00966	0.00690	0.00920	0.01104	0.01150	0.00644	0.00736	0.01104	0.01518	0.02024	0.04371	0.71614	0.05245	0.02484	0.01012	0.00322	0.00460	0.02254	0.00736	0.00644
44	0.02540	0.01902	0.09234	0.01833	0.06222	0.01722	0.01502	0.08556	0.28754	0.24764	0.02785	0.02587	0.01956	0.00977	0.00795	0.00255	0.00742	0.00803	0.00787	0.01285
45	0.01641	0.11049	0.58616	0.05089	0.03375	0.01972	0.02736	0.02476	0.01664	0.02424	0.01389	0.01652	0.01008	0.00747	0.00730	0.00243	0.01134	0.00574	0.00336	0.01144
46	0.01153	0.00769	0.00865	0.00865	0.00865	0.00769	0.00480	0.01153	0.01153	0.01538	0.02499	0.05189	0.02883	0.72131	0.04036	0.00769	0.00769	0.01153	0.00480	0.00480
47	0.01377	0.00689	0.01033	0.01033	0.01033	0.00689	0.00689	0.01033	0.01033	0.01377	0.01377	0.02410	0.01377	0.02755	0.03099	0.76928	0.00689	0.00689	0.00344	0.00344
48	0.02631	0.35182	0.08940	0.01519	0.02216	0.02332	0.01461	0.11458	0.02109	0.22249	0.01854	0.01827	0.01348	0.00815	0.00657	0.00209	0.00828	0.00592	0.00596	0.01178
49	0.01262	0.00843	0.01102	0.01043	0.01253	0.00775	0.00795	0.01615	0.02176	0.06912	0.54668	0.08592	0.09381	0.01664	0.00939	0.00259	0.00416	0.04668	0.00861	0.00776
50	0.01001	0.00715	0.00958	0.01134	0.01198	0.00673	0.00788	0.01167	0.01570	0.02094	0.06326	0.63612	0.05251	0.02429	0.01018	0.00324	0.00483	0.07864	0.00740	0.00656
51	0.02120	0.72609	0.04155	0.01357	0.02035	0.03138	0.01357	0.02374	0.01611	0.01866	0.01102	0.01272	0.01018	0.00678	0.00509	0.00170	0.00848	0.00424	0.00339	0.01018
52	0.01590	0.04102	0.68023	0.02260	0.03432	0.01842	0.02930	0.02511	0.01674	0.02511	0.01423	0.01674	0.01005	0.00753	0.00753	0.00251	0.01172	0.00586	0.00335	0.01172
53	0.00940	0.00794	0.00813	0.00827	0.01077	0.00667	0.00613	0.01135	0.01785	0.02133	0.07743	0.12704	0.61978	0.02046	0.00943	0.00272	0.00406	0.01720	0.00736	0.00667
54	0.02120	0.72609	0.04155	0.01357	0.02035	0.03138	0.01357	0.02374	0.01611	0.01866	0.01102	0.01272	0.01018	0.00678	0.00509	0.00170	0.00848	0.00424	0.00339	0.01018
55	0.01892	0.02960	0.34775	0.07246	0.03251	0.04218	0.10753	0.09141	0.04393	0.05544	0.01794	0.04836	0.01378	0.00868	0.00792	0.00252	0.01065	0.00749	0.02971	0.01121
56	0.01983	0.02036	0.03203	0.07813	0.42330	0.07632	0.10809	0.02429	0.01775	0.02421	0.01430	0.01925	0.01194	0.00791	0.01001	0.00251	0.08729	0.00720	0.00388	0.01138
57	0.01972	0.01703	0.01793	0.01614	0.02062	0.01972	0.01255	0.04214	0.65752	0.03317	0.03228	0.02959	0.02421	0.01076	0.00807	0.00269	0.00628	0.00897	0.00807	0.01255
58	0.01381	0.00691	0.01022	0.01022	0.01029	0.00691	0.00684	0.01063	0.01056	0.01435	0.01422	0.02430	0.01401	0.02688	0.03006	0.74121	0.00677	0.00691	0.03132	0.00359
59	0.01043	0.00807	0.00950	0.00914	0.01136	0.00714	0.00685	0.01342	0.02056	0.02733	0.41484	0.06659	0.33043	0.01788	0.00936	0.00257	0.00386	0.01537	0.00814	0.00714
60	0.00966	0.00690	0.00920	0.01104	0.01150	0.00644	0.00736	0.01104	0.01518	0.02024	0.04371	0.71614	0.05245	0.02484	0.01012	0.00322	0.00460	0.02254	0.00736	0.00644
61	0.01590	0.04102	0.68023	0.02260	0.03432	0.01842	0.02930	0.02511	0.01674	0.02511	0.01423	0.01674	0.01005	0.00753	0.00753	0.00251	0.01172	0.00586	0.00335	0.01172
62	0.01644	0.01409	0.01644	0.01175	0.01879	0.01057	0.00940	0.01997	0.01644	0.02584	0.01409	0.01644	0.01175	0.00587	0.00587	0.00117	0.00587	0.00470	0.00470	0.76979
63	0.01590	0.04102	0.68023	0.02260	0.03432	0.01842	0.02930	0.02511	0.01674	0.02511	0.01423	0.01674	0.01005	0.00753	0.00753	0.00251	0.01172	0.00586	0.00335	0.01172
64	0.02041	0.02048	0.03093	0.07085	0.58614	0.08323	0.02338	0.02489	0.01840	0.02507	0.01463	0.01917	0.01226	0.00720	0.00779	0.00234	0.00993	0.00688	0.00393	0.01209
65	0.01644	0.01409	0.01644	0.01175	0.01879	0.01057	0.00940	0.01997	0.01644	0.02584	0.01409	0.01644	0.01175	0.00587	0.00587	0.00117	0.00587	0.00470	0.00470	0.76979
66	0.02377	0.01874	0.01910	0.01591	0.02083	0.04863	0.01271	0.30504	0.25518	0.03913	0.02679	0.02618	0.04490	0.01031	0.00773	0.00243	0.00731	0.00813	0.09520	0.01199
67	0.01520	0.01415	0.02413	0.57074	0.09926	0.01691	0.04325	0.01999	0.01589	0.02064	0.01549	0.05094	0.01270	0.00929	0.00895	0.03190	0.01018	0.00779	0.00373	0.00887
68	0.11420	0.01857	0.02068	0.01602	0.02213	0.01957	0.01323	0.37634	0.02984	0.25578	0.02221	0.02099	0.01498	0.00938	0.00761	0.00241	0.00779	0.00710	0.00822	0.01295
69	0.02178	0.64361	0.07632	0.01411	0.02114	0.02943	0.01434	0.02474	0.01655	0.05938	0.01245	0.01382	0.01075	0.00701	0.00540	0.00179	0.00856	0.00456	0.00378	0.01047
70	0.02221	0.01759	0.01883	0.01633	0.02119	0.01996	0.01287	0.13116	0.52778	0.07422	0.03026	0.02787	0.02235	0.01052	0.00804	0.00263	0.00667	0.00864	0.00815	0.01275
71	0.01453	0.00993	0.01339	0.01449	0.01676	0.01000	0.01247	0.01956	0.06688	0.06182	0.06763	0.08009	0.04381	0.02013	0.01050	0.00346	0.00704	0.51189	0.00756	0.00806
72	0.01498	0.01409	0.02378	0.70226	0.05462	0.01762	0.02202	0.02026	0.01586	0.02026	0.01409	0.02114	0.01057	0.00793	0.00793	0.00264	0.01057	0.00705	0.00352	0.00881
73	0.01498	0.01409	0.02378	0.70226	0.05462	0.01762	0.02202	0.02026	0.01586	0.02026	0.01409	0.02114	0.01057	0.00793	0.00793	0.00264	0.01057	0.00705	0.00352	0.00881
74	0.00945	0.00804	0.00814	0.00812	0.01076	0.00673	0.00609	0.01153	0.01826	0.02187	0.10566	0.07558	0.64303	0.01992	0.00937	0.00267	0.00400	0.01663	0.00742	0.00673
75	0.03204	0.01321	0.01760	0.01384	0.01944	0.01182	0.01131	0.03655	0.06783	0.56764	0.09433	0.03037	0.02542	0.01051	0.00812	0.00247	0.00642	0.00867	0.00958	0.01283
76	0.00937	0.00803	0.00803	0.00803	0.01071	0.00669	0.00602	0.01138	0.01807	0.02142	0.08033	0.07632	0.66863	0.02008	0.00937	0.00268	0.00402	0.01674	0.00736	0.00669
77	0.68985	0.01532	0.01297	0.01218	0.04073	0.01734	0.00943	0.02456	0.01440	0.08593	0.01279	0.01425	0.00961	0.00754	0.00526	0.00245	0.00631	0.00469	0.00526	0.00913
78	0.02967	0.03647	0.02258	0.02024	0.02452	0.63310	0.01530	0.08370	0.02373	0.02200	0.01283	0.01470	0.01049	0.00829	0.00722	0.00207	0.01383	0.00528	0.00441	0.00956
79	0.02964	0.03724	0.02252	0.02035	0.02452	0.66574	0.01531	0.05358	0.02300	0.02050	0.01250	0.01447	0.01033	0.00822	0.00718	0.00205	0.01410	0.00518	0.00422	0.00935
80	0.01334	0.00859	0.01121	0.01028	0.01256	0.00783	0.00780	0.01696	0.02231	0.08934	0.58953	0.05695	0.09115	0.01578	0.00923	0.00250	0.00402	0.01386	0.00878	0.00799
81	0.03014	0.02221	0.02380	0.01825	0.02459	0.02459	0.01507	0.64541	0.03728	0.04998	0.01904	0.01904	0.01349	0.00952	0.00793	0.00238	0.00873	0.00714	0.00793	0.01349
82	0.00968	0.00810	0.00846	0.00852	0.01110	0.00688	0.00650	0.01189	0.01835	0.02219	0.11415	0.07601	0.59695	0.01995	0.00946	0.00272	0.00419	0.05068	0.00744	0.00678
83	0.02015	0.02033	0.03009	0.12590	0.52524	0.09200	0.02307	0.02464	0.01827	0.02450	0.01452	0.01923	0.01206	0.00729	0.00778	0.00236	0.01010	0.00685	0.00389	0.01173
84	0.01083	0.00789	0.01019	0.01005	0.01172	0.00725	0.00737	0.01404	0.02088	0.02909	0.51987	0.17799	0.10720	0.01800	0.00949	0.00264	0.00391	0.01596	0.00840	0.00725
85	0.01690	0.03929	0.59304	0.02333	0.03433	0.05656	0.07688	0.02551	0.01722	0.02481	0.01426	0.01697	0.01021	0.00750	0.00766	0.00250	0.01200	0.00609	0.00344	0.01150
86	0.01076	0.00809	0.00996	0.00949	0.01156	0.00729	0.00712	0.01407	0.02136	0.02922	0.52149	0.06349	0.22261	0.01718	0.00936	0.00254	0.00381	0.01494	0.00839	0.00729
87	0.02191	0.66849	0.03996	0.01414	0.02070	0.08645	0.01372	0.02441	0.01664	0.01872	0.01113	0.01285	0.01018	0.00690	0.00526	0.00173	0.00897	0.00431	0.00345	0.01009
88	0.01671	0.01433	0.01656	0.01210	0.01894	0.01132	0.00965	0.02178	0.06881	0.02644	0.01558	0.01752	0.01276	0.00627	0.00605	0.00130	0.00591	0.00505	0.00497	0.70794
89	0.01590	0.01512	0.02607	0.61067	0.05221	0.01812	0.08357	0.04364	0.01692	0.02186	0.01447	0.02109	0.01082	0.00786	0.00807	0.00264	0.01078	0.00728	0.00373	0.00917
90	0.01703	0.01688	0.02367	0.02039	0.02046	0.02352	0.01695	0.01882	0.01218	0.01905	0.01099	0.01809	0.01091	0.01632	0.06150	0.00397	0.67016	0.00702	0.00351	0.00859
91	0.01644	0.01409	0.01644	0.01175	0.01879	0.01057	0.00940	0.01997	0.01644	0.02584	0.01409	0.01644	0.01175	0.00587	0.00587	0.00117	0.00587	0.00470	0.00470	0.76979
