[name]
unknown

[dist]
# distance from previous block
# <min> <max>
1	34

[block]
# block no. 0 follows, 21 sequences, length 62
# corresponding to MSA columns:
# 47-108
name=unknown_A
#
# <colnr> <probs for GDERKNQSTAVLIFYWHMCP>
#	G	D	E	R	K	N	Q	S	T	A	V	L	I	F	Y	W	H	M	C	P
0	0.04602	0.00825	0.00823	0.00830	0.01033	0.00833	0.00620	0.01957	0.01762	0.03140	0.02824	0.07021	0.02333	0.01082	0.00621	0.00210	0.00413	0.00876	0.67403	0.00792
1	0.01902	0.01671	0.02806	0.02125	0.02770	0.01484	0.22161	0.04749	0.01975	0.06462	0.02371	0.12073	0.02196	0.01107	0.00885	0.00245	0.00920	0.05082	0.00585	0.26430
2	0.01310	0.00925	0.01198	0.01303	0.01435	0.00911	0.00955	0.06321	0.01898	0.02533	0.07782	0.46197	0.05064	0.02438	0.01205	0.04616	0.00588	0.11785	0.00779	0.00758
3	0.09523	0.01887	0.07459	0.01632	0.02316	0.01636	0.01442	0.15695	0.02619	0.39810	0.05312	0.02644	0.02031	0.01032	0.00829	0.00262	0.00795	0.00813	0.00903	0.01360
4	0.03234	0.02075	0.02325	0.01817	0.02466	0.02221	0.01490	0.39838	0.11422	0.20216	0.02561	0.02407	0.01765	0.01047	0.00854	0.00262	0.00848	0.00815	0.00904	0.01434
5	0.01607	0.01513	0.02552	0.68047	0.05861	0.01891	0.02363	0.02174	0.01702	0.02174	0.01513	0.02269	0.01134	0.00851	0.00851	0.00284	0.01134	0.00756	0.00378	0.00945
6	0.01232	0.00846	0.01036	0.01036	0.01073	0.00883	0.00650	0.01306	0.01269	0.01730	0.02583	0.05025	0.02858	0.54526	0.19575	0.00958	0.01180	0.01158	0.00501	0.00575
7	0.02054	0.01989	0.03459	0.11063	0.55776	0.02017	0.05960	0.02577	0.01919	0.02720	0.01599	0.02132	0.01325	0.00765	0.00853	0.00258	0.01047	0.00772	0.00418	0.01299
8	0.02693	0.02228	0.01893	0.01661	0.02097	0.23472	0.01280	0.03263	0.10258	0.19663	0.16389	0.05698	0.03284	0.01220	0.00869	0.00256	0.00912	0.00976	0.00784	0.01106
9	0.01509	0.01346	0.01673	0.01540	0.01645	0.05904	0.04028	0.01672	0.01457	0.01956	0.02472	0.14570	0.02709	0.25972	0.12783	0.00664	0.15636	0.01217	0.00511	0.00736
10	0.01790	0.01654	0.02798	0.39181	0.28201	0.01861	0.02345	0.02268	0.01751	0.02359	0.01544	0.02229	0.01241	0.00963	0.01021	0.05526	0.01059	0.00756	0.00394	0.01060
11	0.02099	0.02041	0.03564	0.05109	0.60554	0.02031	0.06753	0.02620	0.01943	0.02776	0.01609	0.02120	0.01344	0.00755	0.00854	0.00255	0.01041	0.00775	0.00422	0.01334
12	0.01216	0.00912	0.01368	0.01368	0.01520	0.01064	0.01064	0.01520	0.01368	0.01976	0.02279	0.03343	0.02127	0.06382	0.66720	0.01368	0.02279	0.00912	0.00456	0.00760
13	0.01344	0.01249	0.04882	0.01224	0.01491	0.03986	0.00980	0.01812	0.04898	0.03090	0.45170	0.11122	0.09032	0.04593	0.01123	0.00297	0.00542	0.01488	0.00841	0.00836
14	0.01216	0.00912	0.01368	0.01368	0.01520	0.01064	0.01064	0.01520	0.01368	0.01976	0.02279	0.03343	0.02127	0.06382	0.66720	0.01368	0.02279	0.00912	0.00456	0.00760
15	0.01883	0.05078	0.06354	0.23126	0.04532	0.02138	0.32490	0.02608	0.05045	0.02534	0.01688	0.02252	0.01285	0.00822	0.01008	0.00285	0.04482	0.00875	0.00428	0.01087
16	0.01216	0.00912	0.01368	0.01368	0.01520	0.01064	0.01064	0.01520	0.01368	0.01976	0.02279	0.03343	0.02127	0.06382	0.66720	0.01368	0.02279	0.00912	0.00456	0.00760
17	0.02588	0.02215	0.05274	0.01853	0.02447	0.04616	0.01536	0.24402	0.35130	0.06368	0.02792	0.02643	0.02050	0.01077	0.00854	0.00273	0.00827	0.00859	0.00827	0.01368
18	0.02889	0.01656	0.01947	0.01633	0.02195	0.01724	0.01303	0.04352	0.35635	0.31627	0.03415	0.03049	0.02375	0.01109	0.00861	0.00277	0.00696	0.00914	0.00951	0.01393
19	0.01707	0.04402	0.65683	0.02426	0.03683	0.01976	0.03144	0.02695	0.01797	0.02695	0.01527	0.01797	0.01078	0.00809	0.00809	0.00270	0.01258	0.00629	0.00359	0.01258
20	0.06791	0.02261	0.02420	0.01878	0.02538	0.02493	0.01546	0.52326	0.07287	0.08606	0.02160	0.02126	0.01527	0.01020	0.00836	0.00258	0.00895	0.00768	0.00848	0.01415
21	0.01762	0.01680	0.02724	0.39078	0.11768	0.01962	0.07234	0.02537	0.09882	0.02472	0.02052	0.02577	0.03863	0.00965	0.01007	0.00287	0.05781	0.00845	0.00468	0.01053
22	0.03179	0.04056	0.02412	0.02192	0.02631	0.66676	0.01644	0.03398	0.02412	0.02083	0.01315	0.01535	0.01096	0.00877	0.00767	0.00219	0.01535	0.00548	0.00438	0.00987
23	0.62341	0.01678	0.01390	0.01220	0.01740	0.01926	0.00997	0.07476	0.05095	0.03912	0.04491	0.01780	0.01407	0.00876	0.00596	0.00264	0.00669	0.00567	0.00592	0.00983
24	0.01474	0.00935	0.01226	0.01137	0.01388	0.00856	0.00876	0.01859	0.02365	0.09664	0.52206	0.06271	0.09611	0.01723	0.00999	0.00275	0.00458	0.04879	0.00934	0.00864
25	0.06035	0.01498	0.01742	0.06127	0.02172	0.01579	0.01233	0.12794	0.15283	0.06107	0.16454	0.09854	0.03637	0.01353	0.00884	0.00269	0.00675	0.03313	0.00789	0.08202
26	0.72055	0.05427	0.01427	0.01138	0.01675	0.01989	0.00951	0.02504	0.01464	0.03719	0.01185	0.01381	0.00931	0.00787	0.00528	0.00259	0.00672	0.00460	0.00518	0.00931
27	0.02563	0.01816	0.02069	0.01877	0.05238	0.01991	0.01415	0.09920	0.42489	0.15982	0.03216	0.02959	0.02329	0.01103	0.00861	0.00279	0.00725	0.00912	0.00880	0.01377
28	0.03430	0.01556	0.01997	0.01532	0.02196	0.01399	0.01257	0.08959	0.05385	0.49370	0.03017	0.02694	0.01967	0.01002	0.00828	0.00247	0.00729	0.00809	0.00958	0.10669
29	0.08212	0.12259	0.02578	0.01973	0.02479	0.47216	0.01546	0.06150	0.02336	0.05826	0.01437	0.01602	0.01156	0.00868	0.00731	0.00222	0.01319	0.00558	0.00489	0.01044
30	0.01100	0.00807	0.01042	0.01212	0.01298	0.00771	0.00834	0.01366	0.04529	0.02258	0.04797	0.61244	0.08027	0.02560	0.01076	0.00342	0.00512	0.04704	0.00793	0.00727
31	0.06231	0.01778	0.03035	0.32327	0.16770	0.01940	0.13517	0.05193	0.01916	0.02658	0.01966	0.02503	0.04681	0.00883	0.00868	0.00276	0.01091	0.00844	0.00451	0.01075
32	0.03054	0.09445	0.02557	0.02110	0.02574	0.58373	0.01615	0.03382	0.05253	0.02146	0.01407	0.01599	0.01167	0.00878	0.00754	0.00219	0.01442	0.00560	0.00453	0.01012
33	0.76103	0.01646	0.01251	0.01119	0.01646	0.01909	0.00922	0.02502	0.01448	0.03818	0.01185	0.01382	0.00922	0.00790	0.00527	0.00263	0.00658	0.00461	0.00527	0.00922
34	0.01773	0.01541	0.01834	0.01341	0.02035	0.01256	0.01079	0.02135	0.01727	0.02713	0.01480	0.01773	0.01249	0.00701	0.00809	0.00146	0.06237	0.00524	0.00493	0.69155
35	0.02150	0.01875	0.03155	0.17242	0.48055	0.01933	0.02451	0.02653	0.01933	0.07830	0.01728	0.02203	0.01369	0.00801	0.00845	0.00260	0.01012	0.00766	0.00465	0.01277
36	0.01118	0.00848	0.01030	0.01024	0.01228	0.00760	0.00753	0.01424	0.02146	0.02882	0.38175	0.16563	0.24930	0.02008	0.01017	0.00286	0.00425	0.01752	0.00870	0.00760
37	0.02745	0.02140	0.02278	0.01859	0.02453	0.02410	0.01499	0.36806	0.29939	0.04574	0.02665	0.02539	0.01951	0.01080	0.00858	0.00270	0.00821	0.00852	0.00858	0.01403
38	0.01586	0.00793	0.00793	0.00793	0.00991	0.00793	0.00595	0.01983	0.01785	0.03173	0.02776	0.03173	0.02181	0.00991	0.00595	0.00198	0.00397	0.00793	0.74817	0.00793
39	0.01964	0.02432	0.12286	0.03768	0.20082	0.02038	0.35635	0.02645	0.01960	0.02727	0.01801	0.02538	0.01455	0.00820	0.00945	0.00281	0.01269	0.03723	0.00436	0.01197
40	0.01204	0.00870	0.01138	0.01071	0.01271	0.00803	0.00803	0.01606	0.02409	0.03413	0.64335	0.06357	0.08030	0.01740	0.01004	0.00268	0.00401	0.01539	0.00937	0.00803
41	0.01728	0.04254	0.61431	0.02507	0.03737	0.01989	0.07248	0.02697	0.01812	0.02697	0.01541	0.01832	0.01093	0.00802	0.00822	0.00271	0.01270	0.00655	0.00364	0.01250
42	0.01033	0.00819	0.00930	0.00995	0.01190	0.00716	0.00711	0.01240	0.01868	0.02346	0.11818	0.29934	0.38790	0.02303	0.01034	0.00307	0.00451	0.01997	0.00802	0.00716
43	0.01707	0.04402	0.65683	0.02426	0.03683	0.01976	0.03144	0.02695	0.01797	0.02695	0.01527	0.01797	0.01078	0.00809	0.00809	0.00270	0.01258	0.00629	0.00359	0.01258
44	0.01193	0.00869	0.01121	0.01058	0.01264	0.00798	0.00794	0.01583	0.02381	0.03347	0.61042	0.06465	0.11363	0.01764	0.01004	0.00269	0.00403	0.01554	0.00928	0.00798
45	0.01727	0.01472	0.01724	0.01257	0.01976	0.01111	0.00997	0.02093	0.01758	0.02742	0.01678	0.05290	0.01488	0.00736	0.00654	0.00137	0.00623	0.00604	0.00519	0.71414
46	0.01959	0.02169	0.04407	0.06455	0.04064	0.02232	0.46552	0.02560	0.01849	0.02560	0.01588	0.02205	0.01248	0.00882	0.01363	0.00304	0.15154	0.00939	0.00416	0.01094
47	0.01999	0.01655	0.07239	0.01618	0.02096	0.01489	0.01403	0.03132	0.24094	0.11913	0.03733	0.10121	0.05640	0.01527	0.00943	0.00304	0.00730	0.14573	0.00801	0.04989
48	0.01586	0.00793	0.00793	0.00793	0.00991	0.00793	0.00595	0.01983	0.01785	0.03173	0.02776	0.03173	0.02181	0.00991	0.00595	0.00198	0.00397	0.00793	0.74817	0.00793
49	0.02454	0.01995	0.02589	0.27343	0.11830	0.05276	0.01990	0.21781	0.05759	0.07776	0.01916	0.02231	0.01405	0.00925	0.00847	0.00266	0.01022	0.00767	0.00612	0.01217
50	0.01238	0.00825	0.00928	0.00928	0.00928	0.00825	0.00516	0.01238	0.01238	0.01650	0.02681	0.05569	0.03094	0.70092	0.04331	0.00825	0.00825	0.01238	0.00516	0.00516
51	0.01101	0.00864	0.00985	0.00956	0.01194	0.00759	0.00710	0.01390	0.02118	0.02761	0.32750	0.07289	0.37446	0.04558	0.01131	0.00299	0.00433	0.01662	0.00844	0.00748
52	0.01226	0.00876	0.01205	0.01402	0.01534	0.00855	0.01120	0.01513	0.01816	0.02385	0.04586	0.35559	0.05214	0.02487	0.01137	0.00372	0.00658	0.34526	0.00786	0.00744
53	0.01790	0.01789	0.02858	0.25214	0.03740	0.02307	0.08731	0.02168	0.01520	0.02168	0.01322	0.02052	0.01143	0.01182	0.01919	0.00332	0.37647	0.00778	0.00381	0.00960
54	0.02117	0.01828	0.01924	0.01732	0.02213	0.02117	0.01347	0.04522	0.63246	0.03560	0.03464	0.03175	0.02598	0.01155	0.00866	0.00289	0.00673	0.00962	0.00866	0.01347
55	0.02075	0.01651	0.02261	0.34196	0.03994	0.01923	0.01838	0.08865	0.19283	0.08192	0.05270	0.02748	0.01986	0.01012	0.00863	0.00280	0.00916	0.00861	0.00644	0.01143
56	0.14791	0.45216	0.16477	0.01597	0.02400	0.02832	0.01711	0.02570	0.01695	0.02455	0.01254	0.01457	0.01060	0.00755	0.00597	0.00214	0.00938	0.00492	0.00391	0.01097
57	0.01586	0.00793	0.00793	0.00793	0.00991	0.00793	0.00595	0.01983	0.01785	0.03173	0.02776	0.03173	0.02181	0.00991	0.00595	0.00198	0.00397	0.00793	0.74817	0.00793
58	0.02658	0.01517	0.01812	0.01513	0.02004	0.01542	0.01196	0.09097	0.20847	0.26911	0.13602	0.03642	0.03257	0.05138	0.01082	0.00303	0.00680	0.01017	0.00927	0.01255
59	0.01060	0.00759	0.01008	0.01169	0.01239	0.00707	0.00792	0.01243	0.01738	0.02345	0.12979	0.60757	0.05962	0.02537	0.01075	0.00335	0.00481	0.02297	0.00810	0.00707
60	0.03101	0.02312	0.02554	0.07415	0.02905	0.02577	0.01679	0.57011	0.03811	0.05100	0.01999	0.02062	0.01421	0.01007	0.00851	0.00258	0.00953	0.00765	0.00812	0.01406
61	0.01729	0.04043	0.56943	0.02396	0.03589	0.01917	0.06310	0.02651	0.01806	0.02703	0.01537	0.01823	0.01105	0.00789	0.00805	0.00259	0.01216	0.00640	0.00375	0.07365

[dist]
# distance from previous block
# <min> <max>
0	14

[block]
# block no. 1 follows, 21 sequences, length 52
# corresponding to MSA columns:
# 123-174
name=unknown_B
#
# <colnr> <probs for GDERKNQSTAVLIFYWHMCP>
#	G	D	E	R	K	N	Q	S	T	A	V	L	I	F	Y	W	H	M	C	P
0	0.03508	0.01577	0.02018	0.01562	0.02189	0.01473	0.01284	0.14655	0.02724	0.49477	0.07821	0.03006	0.02442	0.01100	0.00866	0.00262	0.00739	0.00892	0.01007	0.01398
1	0.02350	0.01486	0.01810	0.01358	0.02039	0.01208	0.01089	0.05403	0.02044	0.20014	0.02244	0.06383	0.01778	0.00893	0.00731	0.00184	0.00662	0.00734	0.00689	0.46903
2	0.54158	0.06334	0.01753	0.01356	0.01914	0.06775	0.01122	0.12360	0.01956	0.03832	0.01336	0.01501	0.01032	0.00830	0.00599	0.00254	0.00783	0.00517	0.00563	0.01024
3	0.03253	0.02133	0.02372	0.01843	0.02500	0.02296	0.01514	0.44280	0.09276	0.17893	0.02456	0.02331	0.01696	0.01041	0.00854	0.00260	0.00867	0.00804	0.00895	0.01438
4	0.02075	0.30277	0.34273	0.01974	0.02922	0.02511	0.02292	0.02698	0.01787	0.06416	0.01489	0.01700	0.01152	0.00826	0.00805	0.00240	0.04390	0.00580	0.00406	0.01188
5	0.03407	0.04133	0.02024	0.01525	0.02130	0.01421	0.01250	0.07068	0.06308	0.50892	0.03309	0.07868	0.02330	0.01168	0.00862	0.00268	0.00722	0.00961	0.00984	0.01371
6	0.01238	0.00825	0.00928	0.00928	0.00928	0.00825	0.00516	0.01238	0.01238	0.01650	0.02681	0.05569	0.03094	0.70092	0.04331	0.00825	0.00825	0.01238	0.00516	0.00516
7	0.02078	0.02184	0.03765	0.13623	0.31823	0.06691	0.21999	0.02642	0.01961	0.02624	0.01607	0.02151	0.01280	0.00767	0.00892	0.00266	0.01206	0.00824	0.00419	0.01197
8	0.03419	0.01579	0.01997	0.01582	0.02196	0.01504	0.01288	0.10640	0.10806	0.47866	0.03272	0.05312	0.02229	0.01123	0.00865	0.00269	0.00733	0.00918	0.00995	0.01406
9	0.03433	0.01541	0.02036	0.05763	0.02412	0.01449	0.01342	0.11631	0.02598	0.49352	0.06948	0.02962	0.02334	0.01080	0.00864	0.00264	0.00758	0.00881	0.00976	0.01375
10	0.01371	0.00980	0.01371	0.01567	0.01763	0.00980	0.01371	0.01763	0.01959	0.02547	0.04506	0.09599	0.04898	0.02351	0.01175	0.00392	0.00784	0.59056	0.00784	0.00784
11	0.07052	0.04204	0.61054	0.02332	0.03537	0.01972	0.02985	0.02681	0.01772	0.02776	0.01503	0.01767	0.01067	0.00807	0.00788	0.00269	0.01215	0.00617	0.00371	0.01234
12	0.01964	0.01877	0.03197	0.23152	0.47968	0.01985	0.02541	0.02487	0.01870	0.02607	0.01576	0.02153	0.01287	0.00785	0.00845	0.00262	0.01046	0.00758	0.00409	0.01233
13	0.03191	0.03683	0.02443	0.02140	0.02633	0.52384	0.01638	0.16465	0.02766	0.02815	0.01478	0.01648	0.01175	0.00909	0.00786	0.00227	0.01401	0.00597	0.00531	0.01089
14	0.01855	0.01536	0.01899	0.01414	0.02101	0.01261	0.04175	0.05508	0.03931	0.04819	0.02259	0.05054	0.05578	0.00867	0.00719	0.00170	0.00675	0.00731	0.00578	0.54869
15	0.01037	0.00741	0.00987	0.01185	0.01234	0.00691	0.00790	0.01185	0.01629	0.02172	0.04690	0.69537	0.05629	0.02666	0.01086	0.00346	0.00494	0.02419	0.00790	0.00691
16	0.02336	0.02290	0.03072	0.04198	0.45038	0.11437	0.02285	0.09016	0.02229	0.02940	0.01793	0.02498	0.01550	0.00906	0.00854	0.00257	0.01065	0.04474	0.00493	0.01270
17	0.01215	0.00837	0.00967	0.00960	0.01012	0.00825	0.00584	0.01291	0.01431	0.01916	0.10119	0.05759	0.08373	0.54109	0.06586	0.00745	0.00814	0.01300	0.00582	0.00575
18	0.05674	0.01625	0.01924	0.01628	0.02081	0.01755	0.05060	0.13600	0.25066	0.03741	0.20940	0.03985	0.06671	0.01301	0.00902	0.00275	0.00678	0.01111	0.00836	0.01144
19	0.01392	0.00894	0.01170	0.01098	0.01314	0.00819	0.00819	0.01704	0.02240	0.07579	0.48429	0.09178	0.10596	0.01859	0.01178	0.06095	0.00458	0.01490	0.00884	0.00804
20	0.01890	0.16934	0.33387	0.05730	0.03560	0.02329	0.15089	0.02605	0.01792	0.02495	0.01473	0.01843	0.01131	0.00819	0.00926	0.00263	0.05505	0.00687	0.00377	0.01165
21	0.08499	0.17341	0.03335	0.02090	0.02762	0.02391	0.15827	0.14496	0.05433	0.07151	0.01760	0.01977	0.01353	0.00873	0.00902	0.00247	0.05319	0.00723	0.00571	0.06950
22	0.11458	0.01492	0.04076	0.01345	0.01747	0.05358	0.01107	0.05294	0.02265	0.14082	0.27526	0.07441	0.07541	0.01463	0.00899	0.00274	0.00650	0.04177	0.00824	0.00983
23	0.15324	0.01741	0.01916	0.01645	0.02140	0.01944	0.04589	0.09434	0.34109	0.03669	0.08879	0.03228	0.05494	0.01154	0.00831	0.00279	0.00703	0.00949	0.00783	0.01189
24	0.11335	0.08908	0.10676	0.16304	0.10653	0.07566	0.02018	0.09557	0.01996	0.02856	0.01452	0.01857	0.01154	0.00915	0.01004	0.00268	0.09260	0.00658	0.00458	0.01105
25	0.01165	0.00868	0.01082	0.01029	0.01247	0.00786	0.00772	0.01529	0.02315	0.03189	0.53143	0.06725	0.19361	0.01823	0.01004	0.00272	0.00407	0.01591	0.00907	0.00786
26	0.02114	0.02485	0.14898	0.07471	0.03251	0.04592	0.13904	0.14489	0.06186	0.03115	0.02066	0.06017	0.01752	0.01126	0.01136	0.00294	0.09263	0.04134	0.00557	0.01149
27	0.01072	0.00792	0.01003	0.01104	0.01229	0.00723	0.00770	0.01293	0.01869	0.02494	0.19800	0.44134	0.15876	0.02358	0.01053	0.00317	0.00461	0.02103	0.00826	0.00723
28	0.01222	0.00886	0.01236	0.01236	0.01343	0.00992	0.00900	0.01435	0.01329	0.01878	0.02399	0.04008	0.02416	0.25406	0.48091	0.01206	0.01845	0.01009	0.00474	0.00687
29	0.01847	0.01561	0.01809	0.01299	0.02052	0.01219	0.01042	0.05488	0.01890	0.02918	0.01542	0.01780	0.01271	0.00652	0.00643	0.00133	0.00647	0.00519	0.00524	0.71164
30	0.01801	0.07886	0.44740	0.02893	0.16661	0.02009	0.02791	0.02607	0.01857	0.02710	0.05034	0.02091	0.01526	0.00845	0.00810	0.00260	0.01134	0.00697	0.00405	0.01241
31	0.02403	0.05962	0.10182	0.07050	0.10985	0.01974	0.04118	0.10748	0.15160	0.13469	0.02417	0.04878	0.01840	0.00999	0.00837	0.00262	0.00898	0.00846	0.00678	0.04295
32	0.02168	0.58163	0.15965	0.01638	0.02466	0.03106	0.01773	0.02576	0.01742	0.02132	0.01248	0.01446	0.01089	0.00743	0.00595	0.00198	0.00975	0.00488	0.00363	0.01123
33	0.01707	0.04402	0.65683	0.02426	0.03683	0.01976	0.03144	0.02695	0.01797	0.02695	0.01527	0.01797	0.01078	0.00809	0.00809	0.00270	0.01258	0.00629	0.00359	0.01258
34	0.02065	0.01618	0.02068	0.01495	0.02245	0.01314	0.05429	0.06179	0.01987	0.08705	0.01731	0.01925	0.01353	0.00700	0.00692	0.00159	0.00716	0.00589	0.00572	0.58456
35	0.01481	0.01716	0.14258	0.01598	0.05128	0.01189	0.01400	0.02099	0.06083	0.05448	0.33189	0.07866	0.12096	0.01526	0.00945	0.00274	0.00642	0.01321	0.00771	0.00968
36	0.06925	0.03932	0.02352	0.02137	0.02580	0.63349	0.01607	0.03352	0.02362	0.02172	0.01309	0.01527	0.01087	0.00872	0.00755	0.00222	0.01490	0.00544	0.00443	0.00983
37	0.01055	0.00904	0.00909	0.00900	0.01196	0.00780	0.00677	0.01366	0.04629	0.02354	0.08395	0.07970	0.61725	0.02111	0.01000	0.00287	0.00442	0.01759	0.00794	0.00746
38	0.01053	0.00753	0.01002	0.01174	0.01238	0.00702	0.00791	0.01225	0.01703	0.02290	0.10335	0.63558	0.05856	0.02578	0.01078	0.00338	0.00485	0.02336	0.00804	0.00702
39	0.03179	0.04056	0.02412	0.02192	0.02631	0.66676	0.01644	0.03398	0.02412	0.02083	0.01315	0.01535	0.01096	0.00877	0.00767	0.00219	0.01535	0.00548	0.00438	0.00987
40	0.01063	0.00861	0.00923	0.00909	0.01158	0.00743	0.00669	0.01301	0.01985	0.02479	0.19549	0.07628	0.48535	0.06951	0.01244	0.00322	0.00453	0.01704	0.00800	0.00721
41	0.02106	0.02022	0.03454	0.05223	0.64784	0.02022	0.02612	0.02612	0.01938	0.02780	0.01601	0.02106	0.01348	0.00758	0.00842	0.00253	0.01011	0.00758	0.00421	0.01348
42	0.01635	0.01541	0.02602	0.64587	0.09107	0.01898	0.02377	0.02198	0.01715	0.02208	0.01517	0.02260	0.01146	0.00846	0.00850	0.00282	0.01128	0.00756	0.00381	0.00968
43	0.76103	0.01646	0.01251	0.01119	0.01646	0.01909	0.00922	0.02502	0.01448	0.03818	0.01185	0.01382	0.00922	0.00790	0.00527	0.00263	0.00658	0.00461	0.00527	0.00922
44	0.01006	0.00862	0.00862	0.00862	0.01149	0.00718	0.00647	0.01221	0.01940	0.02299	0.08621	0.08190	0.64438	0.02155	0.01006	0.00287	0.00431	0.01796	0.00790	0.00718
45	0.01065	0.00858	0.00949	0.00939	0.01189	0.00742	0.00699	0.01332	0.02061	0.02617	0.24667	0.10708	0.45069	0.02060	0.01009	0.00285	0.00426	0.01752	0.00833	0.00742
46	0.03235	0.02384	0.02554	0.01958	0.02639	0.02639	0.01618	0.61946	0.04001	0.05363	0.02043	0.02043	0.01447	0.01022	0.00851	0.00255	0.00936	0.00766	0.00851	0.01447
47	0.03598	0.01441	0.01939	0.01528	0.02152	0.01278	0.01262	0.04032	0.05395	0.58823	0.03427	0.03285	0.02287	0.01131	0.00874	0.00272	0.00725	0.04116	0.01029	0.01406
48	0.01058	0.00749	0.00981	0.01158	0.01202	0.00705	0.00761	0.01190	0.01588	0.02118	0.04480	0.62851	0.05364	0.09714	0.01425	0.00396	0.00528	0.02296	0.00761	0.00673
49	0.01405	0.01243	0.01267	0.01369	0.01530	0.09314	0.01022	0.01649	0.01910	0.02395	0.11455	0.37214	0.08054	0.02231	0.01051	0.00327	0.00678	0.14360	0.00760	0.00764
50	0.01691	0.01297	0.05441	0.01292	0.01656	0.01095	0.01086	0.07494	0.02479	0.09888	0.43165	0.05526	0.09175	0.01587	0.00968	0.00272	0.00554	0.03488	0.00891	0.00953
51	0.01797	0.05892	0.01935	0.01273	0.02027	0.01276	0.01037	0.02169	0.01762	0.02724	0.01492	0.01739	0.01250	0.00636	0.00625	0.00130	0.00648	0.00501	0.00495	0.70591

[dist]
# distance from previous block
# <min> <max>
1	8

[block]
# block no. 2 follows, 21 sequences, length 12
# corresponding to MSA columns:
# 183-194
name=unknown_C
#
# <colnr> <probs for GDERKNQSTAVLIFYWHMCP>
#	G	D	E	R	K	N	Q	S	T	A	V	L	I	F	Y	W	H	M	C	P
0	0.06127	0.07793	0.07710	0.08324	0.10622	0.01467	0.01430	0.01883	0.01710	0.02407	0.05673	0.16618	0.09547	0.10716	0.01330	0.00347	0.00783	0.01231	0.00564	0.03718
1	0.01490	0.01088	0.01424	0.01510	0.01746	0.01109	0.01274	0.05607	0.05684	0.02891	0.13144	0.11066	0.05047	0.02124	0.01108	0.00357	0.00717	0.40944	0.00816	0.00856
2	0.02958	0.04852	0.02695	0.01983	0.02669	0.04847	0.06977	0.38915	0.05804	0.10019	0.02084	0.02120	0.01497	0.00950	0.00831	0.00244	0.00946	0.00760	0.00766	0.08083
3	0.02200	0.01869	0.01971	0.01749	0.02245	0.02156	0.01367	0.08802	0.58831	0.03694	0.03358	0.03091	0.02512	0.01145	0.00865	0.00286	0.00693	0.00948	0.00865	0.01354
4	0.01128	0.00856	0.01039	0.01016	0.01230	0.00767	0.00753	0.01449	0.02193	0.02955	0.41655	0.12671	0.25281	0.01953	0.01012	0.00281	0.00419	0.01699	0.00878	0.00767
5	0.01862	0.01862	0.02607	0.02234	0.02234	0.02607	0.01862	0.02048	0.01303	0.02048	0.01117	0.01862	0.01117	0.01489	0.02793	0.00372	0.68535	0.00745	0.00372	0.00931
6	0.76103	0.01646	0.01251	0.01119	0.01646	0.01909	0.00922	0.02502	0.01448	0.03818	0.01185	0.01382	0.00922	0.00790	0.00527	0.00263	0.00658	0.00461	0.00527	0.00922
7	0.01606	0.01592	0.02982	0.18094	0.09225	0.01608	0.22628	0.02090	0.01831	0.02432	0.02922	0.19377	0.07141	0.01345	0.00974	0.00298	0.01016	0.01334	0.00534	0.00973
8	0.01586	0.00793	0.00793	0.00793	0.00991	0.00793	0.00595	0.01983	0.01785	0.03173	0.02776	0.03173	0.02181	0.00991	0.00595	0.00198	0.00397	0.00793	0.74817	0.00793
9	0.01632	0.01396	0.02125	0.11389	0.22271	0.01420	0.01640	0.05356	0.01973	0.02725	0.10144	0.24673	0.03523	0.01522	0.00934	0.00284	0.00764	0.01384	0.00626	0.04218
10	0.09065	0.01917	0.01983	0.01719	0.02243	0.02197	0.01360	0.15287	0.46325	0.03927	0.02985	0.02796	0.02226	0.01096	0.00832	0.00280	0.00722	0.00879	0.00832	0.01327
11	0.04697	0.24453	0.13776	0.01767	0.02430	0.02245	0.05353	0.02792	0.10300	0.07479	0.07702	0.06285	0.02276	0.01064	0.00855	0.00253	0.03732	0.00844	0.00572	0.01124

[dist]
# distance from previous block
# <min> <max>
5	10

[block]
# block no. 3 follows, 21 sequences, length 76
# corresponding to MSA columns:
# 205-280
name=unknown_D
#
# <colnr> <probs for GDERKNQSTAVLIFYWHMCP>
#	G	D	E	R	K	N	Q	S	T	A	V	L	I	F	Y	W	H	M	C	P
0	0.02174	0.01665	0.01818	0.01616	0.02084	0.01854	0.01261	0.04095	0.49001	0.10090	0.08918	0.03625	0.05541	0.01235	0.00882	0.00284	0.00646	0.01035	0.00889	0.01285
1	0.09816	0.58057	0.06337	0.01553	0.02286	0.03113	0.04208	0.02557	0.01715	0.02246	0.01220	0.01425	0.01083	0.00737	0.00574	0.00198	0.00921	0.00487	0.00384	0.01083
2	0.01306	0.00881	0.01149	0.01093	0.01289	0.00813	0.00806	0.01658	0.02272	0.05936	0.52631	0.12105	0.07270	0.05564	0.01188	0.00306	0.00448	0.01575	0.00905	0.00805
3	0.02341	0.02019	0.02103	0.06000	0.02543	0.05376	0.01476	0.14817	0.45517	0.03729	0.02975	0.02830	0.02221	0.01097	0.00857	0.00279	0.00793	0.00893	0.00811	0.01322
4	0.01143	0.00818	0.01069	0.01106	0.01238	0.00762	0.00782	0.01426	0.02047	0.02843	0.38282	0.30172	0.06840	0.06001	0.01225	0.00329	0.00461	0.01854	0.00857	0.00744
5	0.02332	0.01973	0.05161	0.01744	0.02256	0.02067	0.01456	0.26318	0.20701	0.04114	0.15463	0.03257	0.03129	0.01227	0.00993	0.00275	0.04489	0.00978	0.00823	0.01245
6	0.01607	0.01513	0.02552	0.68047	0.05861	0.01891	0.02363	0.02174	0.01702	0.02174	0.01513	0.02269	0.01134	0.00851	0.00851	0.00284	0.01134	0.00756	0.00378	0.00945
7	0.02289	0.63363	0.07951	0.01538	0.02294	0.03250	0.01563	0.05486	0.01845	0.02209	0.01246	0.01424	0.01109	0.00747	0.00576	0.00191	0.00932	0.00481	0.00388	0.01119
8	0.01037	0.00741	0.00987	0.01185	0.01234	0.00691	0.00790	0.01185	0.01629	0.02172	0.04690	0.69537	0.05629	0.02666	0.01086	0.00346	0.00494	0.02419	0.00790	0.00691
9	0.03235	0.02384	0.02554	0.01958	0.02639	0.02639	0.01618	0.61946	0.04001	0.05363	0.02043	0.02043	0.01447	0.01022	0.00851	0.00255	0.00936	0.00766	0.00851	0.01447
10	0.02058	0.07518	0.10494	0.03151	0.06796	0.05424	0.39010	0.02791	0.05130	0.02645	0.01692	0.02152	0.01306	0.00805	0.01029	0.00278	0.05254	0.00875	0.00438	0.01154
11	0.01586	0.00793	0.00793	0.00793	0.00991	0.00793	0.00595	0.01983	0.01785	0.03173	0.02776	0.03173	0.02181	0.00991	0.00595	0.00198	0.00397	0.00793	0.74817	0.00793
12	0.02531	0.52420	0.03952	0.01590	0.02305	0.03173	0.01499	0.18381	0.02335	0.02898	0.01412	0.01546	0.01187	0.00806	0.00627	0.00202	0.00917	0.00538	0.00494	0.01187
13	0.02009	0.02238	0.04211	0.07205	0.03960	0.05389	0.41942	0.02576	0.01854	0.02511	0.01556	0.02161	0.01234	0.00903	0.01376	0.00302	0.16168	0.00910	0.00415	0.01080
14	0.01401	0.00985	0.01130	0.01070	0.01113	0.01044	0.00664	0.05134	0.01417	0.01909	0.02549	0.05128	0.02874	0.61695	0.04021	0.00762	0.04798	0.01179	0.00529	0.00599
15	0.02009	0.01787	0.02054	0.06908	0.02347	0.08804	0.01492	0.14831	0.02059	0.02742	0.01852	0.02514	0.01608	0.03313	0.28649	0.00739	0.13998	0.00799	0.00517	0.00977
16	0.13862	0.01840	0.02008	0.06070	0.02439	0.01862	0.01309	0.22096	0.06051	0.03797	0.01751	0.01914	0.01339	0.00830	0.00716	0.00211	0.00773	0.00628	0.00635	0.29871
17	0.01636	0.01524	0.02491	0.37611	0.08033	0.01838	0.04975	0.02097	0.01697	0.02269	0.02045	0.06896	0.01911	0.01246	0.01231	0.00314	0.12015	0.08768	0.00460	0.00942
18	0.02280	0.02771	0.17109	0.09584	0.13414	0.08662	0.05879	0.14147	0.11731	0.03230	0.01923	0.02159	0.01446	0.00899	0.00843	0.00265	0.01093	0.00755	0.00554	0.01255
19	0.01430	0.09348	0.01744	0.01397	0.01629	0.01257	0.03940	0.06663	0.01898	0.02508	0.06531	0.49456	0.04617	0.02155	0.00994	0.00312	0.00624	0.01933	0.00733	0.00832
20	0.02253	0.01567	0.01851	0.01530	0.02045	0.01576	0.01217	0.08683	0.17208	0.14340	0.02929	0.07038	0.04982	0.01478	0.05006	0.00316	0.04724	0.00925	0.00746	0.19586
21	0.02722	0.05932	0.02402	0.01939	0.02450	0.19925	0.01542	0.20594	0.22936	0.03516	0.02220	0.02236	0.01696	0.01039	0.00932	0.00260	0.04970	0.00755	0.00692	0.01241
22	0.03235	0.02384	0.02554	0.01958	0.02639	0.02639	0.01618	0.61946	0.04001	0.05363	0.02043	0.02043	0.01447	0.01022	0.00851	0.00255	0.00936	0.00766	0.00851	0.01447
23	0.01765	0.01513	0.01765	0.01260	0.02017	0.01134	0.01008	0.02143	0.01765	0.02773	0.01513	0.01765	0.01260	0.00630	0.00630	0.00126	0.00630	0.00504	0.00504	0.75295
24	0.01074	0.00768	0.01026	0.01195	0.01269	0.00720	0.00825	0.01263	0.01732	0.02327	0.11096	0.59310	0.05845	0.02548	0.01082	0.00340	0.00500	0.05566	0.00805	0.00709
25	0.03617	0.01663	0.02095	0.01618	0.02273	0.01584	0.01333	0.16385	0.05540	0.49867	0.03084	0.02729	0.01990	0.01051	0.00855	0.00263	0.00767	0.00842	0.01002	0.01443
26	0.01037	0.00741	0.00987	0.01185	0.01234	0.00691	0.00790	0.01185	0.01629	0.02172	0.04690	0.69537	0.05629	0.02666	0.01086	0.00346	0.00494	0.02419	0.00790	0.00691
27	0.01109	0.00825	0.01043	0.01183	0.01296	0.00782	0.00825	0.01400	0.04736	0.02342	0.08554	0.52995	0.12466	0.02466	0.01065	0.00333	0.00502	0.04538	0.00802	0.00737
28	0.02016	0.01939	0.03346	0.06215	0.06352	0.01815	0.27333	0.09545	0.02136	0.03000	0.01836	0.05599	0.01521	0.00839	0.00864	0.00237	0.01052	0.00877	0.00518	0.22963
29	0.26992	0.05662	0.02533	0.09623	0.11686	0.08966	0.07017	0.07255	0.04166	0.03134	0.01490	0.01822	0.01179	0.00857	0.00827	0.00263	0.04301	0.00650	0.00499	0.01078
30	0.01077	0.00769	0.01034	0.01231	0.01298	0.00726	0.00860	0.01254	0.01669	0.02217	0.04668	0.62344	0.05541	0.02628	0.01097	0.00351	0.00529	0.09216	0.00789	0.00702
31	0.02220	0.02356	0.02562	0.02209	0.02342	0.16154	0.01802	0.05820	0.01695	0.02248	0.01213	0.01803	0.01132	0.01333	0.02252	0.00333	0.50435	0.00704	0.00414	0.00973
32	0.23442	0.01811	0.01798	0.08660	0.02334	0.07679	0.01324	0.11057	0.05390	0.03177	0.02561	0.06575	0.08534	0.01457	0.04157	0.00333	0.07243	0.00884	0.00596	0.00987
33	0.01611	0.01349	0.01600	0.01245	0.01851	0.01041	0.00962	0.01940	0.01736	0.02646	0.02184	0.16094	0.02184	0.01061	0.00727	0.00172	0.00601	0.00909	0.00565	0.59521
34	0.01136	0.00837	0.01067	0.01180	0.01325	0.00780	0.00879	0.01381	0.01858	0.02440	0.14219	0.33368	0.16483	0.05121	0.01211	0.00353	0.00544	0.14291	0.00799	0.00726
35	0.03177	0.02355	0.02521	0.01946	0.02617	0.02612	0.01603	0.58957	0.07085	0.05269	0.02117	0.02102	0.01507	0.01029	0.00852	0.00257	0.00923	0.00776	0.00852	0.01442
36	0.02160	0.02165	0.03179	0.07778	0.51503	0.09142	0.02424	0.02631	0.01980	0.02660	0.01725	0.02464	0.01505	0.00864	0.00853	0.00258	0.01063	0.03948	0.00441	0.01257
37	0.01047	0.00745	0.00984	0.01172	0.01218	0.00698	0.00776	0.01188	0.01609	0.02145	0.04586	0.66207	0.05497	0.06176	0.01255	0.00371	0.00511	0.02358	0.00776	0.00682
38	0.01051	0.00868	0.00913	0.00922	0.01184	0.00745	0.00695	0.01278	0.01933	0.02345	0.11143	0.08051	0.54580	0.05439	0.01178	0.00319	0.00471	0.05385	0.00785	0.00717
39	0.02387	0.01984	0.02643	0.23459	0.07265	0.02247	0.05365	0.26221	0.12991	0.03733	0.02067	0.02324	0.01525	0.00956	0.00862	0.00272	0.00989	0.00809	0.00652	0.01246
40	0.11448	0.02301	0.02407	0.01863	0.02527	0.02557	0.01539	0.55246	0.03713	0.05189	0.01946	0.01969	0.01388	0.00995	0.00815	0.00256	0.00905	0.00732	0.00815	0.01388
41	0.02606	0.01922	0.02089	0.01762	0.02315	0.02143	0.01403	0.18932	0.40915	0.11554	0.03093	0.02856	0.02248	0.01109	0.00861	0.00277	0.00746	0.00900	0.00885	0.01385
42	0.02009	0.02296	0.05022	0.03587	0.04448	0.02152	0.61693	0.02726	0.02009	0.02726	0.01722	0.02296	0.01291	0.00717	0.01004	0.00287	0.01435	0.01004	0.00430	0.01148
43	0.02483	0.14219	0.09179	0.01842	0.02506	0.04779	0.01646	0.21603	0.25881	0.03703	0.02356	0.02313	0.01773	0.00994	0.00797	0.00256	0.00886	0.00765	0.00707	0.01312
44	0.01586	0.00793	0.00793	0.00793	0.00991	0.00793	0.00595	0.01983	0.01785	0.03173	0.02776	0.03173	0.02181	0.00991	0.00595	0.00198	0.00397	0.00793	0.74817	0.00793
45	0.02790	0.07066	0.02502	0.12381	0.03046	0.40182	0.01697	0.11931	0.02481	0.02600	0.01782	0.02021	0.04044	0.00945	0.00791	0.00236	0.01295	0.00665	0.00503	0.01044
46	0.01216	0.00912	0.01368	0.01368	0.01520	0.01064	0.01064	0.01520	0.01368	0.01976	0.02279	0.03343	0.02127	0.06382	0.66720	0.01368	0.02279	0.00912	0.00456	0.00760
47	0.01931	0.02147	0.04575	0.07598	0.06614	0.02047	0.52233	0.02599	0.01965	0.02661	0.01874	0.06135	0.01532	0.00839	0.00993	0.00289	0.01346	0.01060	0.00447	0.01116
48	0.01228	0.00821	0.00931	0.00940	0.00942	0.00819	0.00528	0.01235	0.01256	0.01674	0.02774	0.08504	0.03210	0.66998	0.04183	0.00803	0.00810	0.01292	0.00528	0.00524
49	0.02275	0.70604	0.04459	0.01456	0.02184	0.03367	0.01456	0.02548	0.01729	0.02002	0.01183	0.01365	0.01092	0.00728	0.00546	0.00182	0.00910	0.00455	0.00364	0.01092
50	0.02767	0.03432	0.06374	0.08984	0.02968	0.44788	0.01742	0.06494	0.02319	0.02399	0.01414	0.01683	0.01138	0.00851	0.00768	0.00221	0.01340	0.00583	0.00458	0.09277
51	0.01827	0.01758	0.03051	0.39591	0.28949	0.01958	0.05914	0.02378	0.01812	0.02445	0.01559	0.02206	0.01228	0.00807	0.00856	0.00272	0.01103	0.00771	0.00398	0.01115
52	0.38103	0.01815	0.05090	0.19886	0.15282	0.01930	0.01745	0.02445	0.01629	0.03121	0.01371	0.01781	0.01070	0.00801	0.00689	0.00267	0.00883	0.00606	0.00458	0.01028
53	0.02200	0.05084	0.03176	0.13322	0.43857	0.02071	0.02338	0.06469	0.04759	0.05939	0.01766	0.02177	0.01405	0.00819	0.00832	0.00256	0.00990	0.00758	0.00491	0.01291
54	0.01862	0.01862	0.02607	0.02234	0.02234	0.02607	0.01862	0.02048	0.01303	0.02048	0.01117	0.01862	0.01117	0.01489	0.02793	0.00372	0.68535	0.00745	0.00372	0.00931
55	0.01175	0.00910	0.01098	0.01169	0.01410	0.00833	0.00955	0.01482	0.02000	0.02522	0.13152	0.08553	0.34227	0.02188	0.01074	0.00327	0.00570	0.24799	0.00804	0.00754
56	0.02084	0.01772	0.01926	0.04965	0.02354	0.02033	0.01383	0.07795	0.51404	0.03511	0.03552	0.03524	0.05375	0.01221	0.00882	0.00290	0.00706	0.03104	0.00834	0.01284
57	0.07208	0.02532	0.15502	0.01862	0.02574	0.06966	0.01742	0.12090	0.20242	0.16724	0.02520	0.02424	0.01787	0.00997	0.00821	0.00267	0.00911	0.00778	0.00743	0.01310
58	0.03455	0.01405	0.01883	0.01477	0.02078	0.01245	0.01208	0.03894	0.05405	0.55719	0.09891	0.03281	0.02765	0.01132	0.00872	0.00265	0.00687	0.00934	0.01032	0.01374
59	0.02095	0.01865	0.02911	0.02397	0.05581	0.01907	0.20394	0.15631	0.12075	0.03440	0.07670	0.03978	0.06140	0.01229	0.00964	0.00291	0.00965	0.08615	0.00696	0.01154
60	0.01586	0.00793	0.00793	0.00793	0.00991	0.00793	0.00595	0.01983	0.01785	0.03173	0.02776	0.03173	0.02181	0.00991	0.00595	0.00198	0.00397	0.00793	0.74817	0.00793
61	0.01962	0.01674	0.01871	0.04916	0.02269	0.01927	0.01364	0.06382	0.43902	0.03291	0.03631	0.07152	0.06514	0.01360	0.00998	0.00300	0.04037	0.04441	0.00804	0.01206
62	0.01707	0.04402	0.65683	0.02426	0.03683	0.01976	0.03144	0.02695	0.01797	0.02695	0.01527	0.01797	0.01078	0.00809	0.00809	0.00270	0.01258	0.00629	0.00359	0.01258
63	0.02098	0.02207	0.06851	0.04523	0.50234	0.05049	0.04583	0.02713	0.04974	0.02768	0.01811	0.02462	0.01542	0.00857	0.00859	0.00261	0.01038	0.03418	0.00457	0.01293
64	0.01822	0.01803	0.02530	0.02181	0.02190	0.02511	0.01813	0.02015	0.01307	0.02044	0.01189	0.01953	0.01180	0.01792	0.06743	0.00434	0.64440	0.00755	0.00378	0.00920
65	0.01456	0.01142	0.01344	0.04307	0.01718	0.01156	0.01008	0.08088	0.09074	0.02946	0.16080	0.19812	0.21402	0.01911	0.00994	0.00299	0.00572	0.04989	0.00813	0.00889
66	0.01264	0.00927	0.01236	0.01214	0.01287	0.01043	0.00856	0.01420	0.01304	0.01829	0.02398	0.04289	0.02517	0.35659	0.34026	0.01058	0.05485	0.01053	0.00479	0.00657
67	0.01101	0.00856	0.01138	0.04950	0.03798	0.00812	0.00913	0.01299	0.01710	0.02222	0.05233	0.50390	0.17658	0.02388	0.01047	0.00326	0.00535	0.02135	0.00754	0.00735
68	0.01727	0.01480	0.01720	0.01241	0.01974	0.01114	0.00991	0.02097	0.01773	0.02750	0.01863	0.02082	0.04376	0.00705	0.00649	0.00134	0.00620	0.00568	0.00518	0.71617
69	0.01228	0.00821	0.00931	0.00940	0.00943	0.00819	0.00529	0.01235	0.01256	0.01675	0.02777	0.08605	0.03214	0.66893	0.04177	0.00802	0.00809	0.01294	0.00529	0.00524
70	0.03143	0.02235	0.02430	0.01888	0.02531	0.02446	0.01549	0.55084	0.03774	0.08696	0.02272	0.05955	0.01725	0.01118	0.00865	0.00261	0.00899	0.00866	0.00860	0.01404
71	0.02076	0.02049	0.02745	0.02290	0.02435	0.05688	0.05620	0.08311	0.01679	0.02433	0.01260	0.01892	0.01161	0.01363	0.02382	0.00348	0.54087	0.00754	0.00428	0.01000
72	0.09513	0.06828	0.29408	0.02630	0.13419	0.04998	0.05056	0.06456	0.04867	0.02943	0.01766	0.05210	0.01439	0.00914	0.00797	0.00264	0.01071	0.00750	0.00470	0.01201
73	0.14977	0.27363	0.17427	0.01892	0.05261	0.11434	0.01816	0.02788	0.01842	0.06205	0.01425	0.01612	0.01131	0.00798	0.00665	0.00229	0.01027	0.00545	0.00444	0.01118
74	0.02719	0.03232	0.06795	0.02542	0.06367	0.33738	0.11351	0.10514	0.05965	0.02756	0.01615	0.01880	0.01272	0.00907	0.00933	0.00252	0.04835	0.00699	0.00504	0.01125
75	0.39421	0.01422	0.01479	0.05128	0.01909	0.01686	0.01129	0.02232	0.04360	0.03004	0.01663	0.02185	0.01417	0.02670	0.22198	0.00631	0.05407	0.00666	0.00502	0.00891

[dist]
# distance from previous block
# <min> <max>
0	1

[block]
# block no. 4 follows, 21 sequences, length 26
# corresponding to MSA columns:
# 282-307
name=unknown_E
#
# <colnr> <probs for GDERKNQSTAVLIFYWHMCP>
#	G	D	E	R	K	N	Q	S	T	A	V	L	I	F	Y	W	H	M	C	P
0	0.01147	0.00916	0.01044	0.01086	0.01327	0.00840	0.00833	0.01518	0.05284	0.02500	0.12760	0.16750	0.37744	0.02162	0.01036	0.00310	0.00505	0.10662	0.00808	0.00767
1	0.02593	0.01920	0.02101	0.01706	0.02218	0.02095	0.01362	0.41649	0.07390	0.04497	0.09854	0.09663	0.02816	0.04820	0.01072	0.00297	0.00805	0.01063	0.00839	0.01239
2	0.03122	0.02327	0.02490	0.01935	0.02596	0.02586	0.01590	0.56118	0.10014	0.05180	0.02187	0.02158	0.01564	0.01035	0.00853	0.00259	0.00910	0.00786	0.00853	0.01437
3	0.01551	0.02321	0.26265	0.01698	0.02316	0.01382	0.01810	0.02165	0.02094	0.05615	0.31515	0.04338	0.04583	0.01362	0.01026	0.00279	0.04459	0.03528	0.00681	0.01012
4	0.01178	0.00858	0.01108	0.01069	0.01261	0.00788	0.00793	0.01546	0.02312	0.03237	0.55782	0.12229	0.10955	0.01848	0.01011	0.00276	0.00412	0.01634	0.00915	0.00788
5	0.02250	0.01843	0.02344	0.02654	0.19177	0.02000	0.01675	0.09588	0.33078	0.06885	0.02890	0.07190	0.02317	0.01129	0.00872	0.00278	0.00783	0.00978	0.00749	0.01319
6	0.01968	0.02216	0.04771	0.10129	0.04591	0.02126	0.55671	0.02670	0.01977	0.02670	0.01700	0.02293	0.01275	0.00731	0.00989	0.00287	0.01404	0.00979	0.00425	0.01127
7	0.02407	0.17625	0.16723	0.02077	0.06044	0.05759	0.01906	0.20323	0.09938	0.03438	0.04437	0.02135	0.01678	0.00935	0.00779	0.00245	0.00982	0.00712	0.00598	0.01260
8	0.01037	0.00741	0.00987	0.01185	0.01234	0.00691	0.00790	0.01185	0.01629	0.02172	0.04690	0.69537	0.05629	0.02666	0.01086	0.00346	0.00494	0.02419	0.00790	0.00691
9	0.02256	0.01953	0.01958	0.05592	0.02351	0.08123	0.01361	0.19408	0.23220	0.03630	0.08342	0.03668	0.11921	0.01272	0.00884	0.00271	0.00798	0.01029	0.00786	0.01177
10	0.01148	0.00797	0.00994	0.01073	0.01119	0.00779	0.00686	0.01260	0.01507	0.02034	0.08508	0.32875	0.04525	0.32250	0.06071	0.00604	0.00728	0.01750	0.00664	0.00627
11	0.02025	0.02249	0.04757	0.03863	0.14620	0.02130	0.51733	0.02707	0.01997	0.02735	0.01701	0.02264	0.01301	0.00724	0.00977	0.00281	0.01363	0.00963	0.00429	0.01182
12	0.05867	0.23782	0.13160	0.01865	0.02622	0.08982	0.01784	0.25927	0.02685	0.03517	0.01588	0.01717	0.01222	0.00873	0.00728	0.00232	0.01026	0.00614	0.00569	0.01240
13	0.02493	0.01953	0.02037	0.01693	0.02194	0.05805	0.01375	0.35480	0.05697	0.04250	0.12774	0.04011	0.07970	0.01360	0.00917	0.00273	0.00820	0.06884	0.00829	0.01187
14	0.02268	0.01748	0.02637	0.07242	0.31983	0.01781	0.01971	0.08947	0.05579	0.11145	0.08365	0.03293	0.02454	0.01076	0.00890	0.00271	0.00877	0.05576	0.00649	0.01248
15	0.01918	0.01830	0.03114	0.28920	0.42559	0.01972	0.02518	0.02447	0.01849	0.02552	0.01567	0.02168	0.01267	0.00793	0.00846	0.00264	0.01058	0.00758	0.00405	0.01196
16	0.01205	0.01016	0.01040	0.01009	0.01304	0.00954	0.00750	0.01759	0.11845	0.02451	0.07302	0.07163	0.49426	0.07490	0.01252	0.00331	0.00502	0.01615	0.00780	0.00804
17	0.03195	0.03575	0.02453	0.02125	0.02633	0.48248	0.01637	0.20246	0.02869	0.03027	0.01525	0.01681	0.01197	0.00919	0.00792	0.00230	0.01363	0.00611	0.00557	0.01119
18	0.03023	0.08945	0.02628	0.02202	0.05306	0.44069	0.01654	0.14163	0.05281	0.02777	0.01545	0.01711	0.01237	0.00899	0.00773	0.00227	0.01313	0.00608	0.00527	0.01112
19	0.01683	0.01590	0.02690	0.58453	0.14859	0.01911	0.02401	0.02241	0.01738	0.02267	0.01526	0.02244	0.01167	0.00837	0.00850	0.00279	0.01116	0.00757	0.00385	0.01007
20	0.01898	0.05847	0.05286	0.04286	0.02078	0.08875	0.01294	0.08338	0.07379	0.05581	0.12964	0.09380	0.10598	0.02103	0.09866	0.00417	0.00997	0.01142	0.00686	0.00986
21	0.01371	0.00929	0.01037	0.00997	0.01043	0.00946	0.00589	0.05296	0.01422	0.01898	0.02639	0.05333	0.02984	0.65475	0.04099	0.00787	0.00832	0.01206	0.00538	0.00578
22	0.08414	0.36083	0.14724	0.01722	0.02499	0.07227	0.01740	0.10182	0.02090	0.06153	0.01481	0.01625	0.01176	0.00813	0.00663	0.00221	0.00989	0.00554	0.00480	0.01165
23	0.04359	0.01330	0.01594	0.01548	0.05307	0.03685	0.01111	0.02544	0.09748	0.14094	0.22159	0.10551	0.06724	0.01782	0.05307	0.00341	0.00728	0.01226	0.00811	0.05052
24	0.05530	0.29745	0.22107	0.01890	0.02706	0.12718	0.01971	0.06056	0.05397	0.02571	0.01481	0.01660	0.01184	0.00818	0.00693	0.00228	0.01090	0.00567	0.00436	0.01151
25	0.13706	0.09706	0.09836	0.08372	0.02550	0.01844	0.01514	0.04947	0.03859	0.02885	0.04839	0.04858	0.01726	0.00941	0.00837	0.00231	0.04953	0.00708	0.00515	0.21173

[dist]
# distance from previous block
# <min> <max>
0	3

[block]
# block no. 5 follows, 21 sequences, length 34
# corresponding to MSA columns:
# 311-344
name=unknown_F
#
# <colnr> <probs for GDERKNQSTAVLIFYWHMCP>
#	G	D	E	R	K	N	Q	S	T	A	V	L	I	F	Y	W	H	M	C	P
0	0.01945	0.01885	0.05584	0.05024	0.02871	0.05476	0.20861	0.07882	0.02083	0.06188	0.05742	0.18379	0.02780	0.05166	0.01227	0.00324	0.03679	0.01281	0.00612	0.01011
1	0.08153	0.06087	0.17493	0.05653	0.02658	0.01840	0.01768	0.10930	0.02192	0.15091	0.04775	0.02708	0.06779	0.01057	0.00921	0.00261	0.04899	0.00805	0.00641	0.05286
2	0.02028	0.01859	0.03272	0.25064	0.35028	0.01953	0.09620	0.02569	0.01898	0.06032	0.01684	0.02225	0.01314	0.00799	0.00866	0.00267	0.01086	0.00793	0.00443	0.01200
3	0.06052	0.01703	0.02145	0.02156	0.15044	0.01537	0.01401	0.05796	0.07711	0.03050	0.01726	0.01963	0.01396	0.00737	0.00703	0.00182	0.00732	0.00612	0.00542	0.44811
4	0.01056	0.00749	0.00982	0.01161	0.01205	0.00704	0.00764	0.01190	0.01592	0.02123	0.04501	0.63498	0.05389	0.09032	0.01393	0.00391	0.00525	0.02308	0.00764	0.00675
5	0.01549	0.01360	0.01853	0.04452	0.01834	0.01750	0.01304	0.01699	0.01305	0.01902	0.01835	0.03384	0.01948	0.26544	0.11135	0.00653	0.33354	0.00942	0.00434	0.00762
6	0.01362	0.01062	0.01496	0.01365	0.01586	0.00995	0.06547	0.01573	0.01582	0.02135	0.03293	0.12924	0.05982	0.32311	0.02492	0.00536	0.00799	0.12421	0.00601	0.08938
7	0.04936	0.10947	0.49748	0.02235	0.03348	0.02068	0.04550	0.02787	0.01833	0.07611	0.01628	0.01837	0.01161	0.00816	0.00779	0.00260	0.01160	0.00633	0.00423	0.01238
