[name]
unknown

[dist]
# distance from previous block
# <min> <max>
0	396

[block]
# block no. 0 follows, 24 sequences, length 20
# corresponding to MSA columns:
# 396-415
name=unknown_A
#
# <colnr> <probs for GDERKNQSTAVLIFYWHMCP>
#	G	D	E	R	K	N	Q	S	T	A	V	L	I	F	Y	W	H	M	C	P
0	0.01328	0.00980	0.01328	0.01422	0.01675	0.00932	0.01232	0.01691	0.01801	0.02402	0.03820	0.07953	0.04103	0.01973	0.01026	0.00331	0.00711	0.53508	0.00695	0.11090
1	0.08056	0.01124	0.01397	0.15013	0.02127	0.01263	0.01079	0.06161	0.01632	0.02586	0.02007	0.02799	0.01729	0.11155	0.09226	0.00421	0.03454	0.00762	0.24447	0.03563
2	0.08072	0.01387	0.02092	0.30144	0.03382	0.01573	0.06168	0.01946	0.01511	0.02259	0.01549	0.05093	0.01329	0.01051	0.01127	0.06133	0.08719	0.00734	0.04558	0.11172
3	0.01322	0.01022	0.01441	0.01394	0.01585	0.01007	0.06289	0.09847	0.01849	0.02472	0.03798	0.56188	0.04369	0.02121	0.00976	0.00306	0.00591	0.01932	0.00715	0.00776
4	0.01986	0.01542	0.01764	0.01371	0.01938	0.01437	0.01094	0.20097	0.04227	0.03171	0.01839	0.05409	0.01585	0.01037	0.00906	0.06758	0.00679	0.02628	0.00585	0.39947
5	0.01914	0.00976	0.01321	0.01241	0.01533	0.00889	0.00975	0.02206	0.02001	0.24032	0.19521	0.21556	0.04603	0.01722	0.00937	0.00286	0.00556	0.11963	0.00850	0.00918
6	0.02483	0.01696	0.01984	0.01638	0.02088	0.01890	0.01326	0.19799	0.21457	0.17202	0.07984	0.02707	0.02281	0.01112	0.01056	0.00265	0.10200	0.00845	0.00783	0.01204
7	0.02664	0.01818	0.02010	0.01595	0.02094	0.01969	0.01279	0.45674	0.03059	0.09090	0.02098	0.04484	0.01654	0.06122	0.01215	0.06849	0.00803	0.00799	0.03569	0.01157
8	0.01004	0.00720	0.00915	0.01037	0.01106	0.00673	0.00690	0.01147	0.01549	0.02060	0.09648	0.51552	0.09820	0.12448	0.01437	0.00376	0.00493	0.01981	0.00711	0.00631
9	0.01046	0.00730	0.00890	0.00985	0.01022	0.00699	0.00618	0.01127	0.01375	0.01819	0.03748	0.39489	0.07408	0.32672	0.02320	0.00513	0.00591	0.01747	0.00625	0.00574
10	0.01213	0.00813	0.00984	0.00986	0.01173	0.00730	0.00706	0.01429	0.01809	0.07342	0.20710	0.23921	0.24109	0.08896	0.01253	0.00326	0.00468	0.01653	0.00764	0.00716
11	0.06946	0.00919	0.00980	0.00977	0.01194	0.00948	0.00758	0.06129	0.01776	0.02922	0.02838	0.10884	0.02609	0.03376	0.00792	0.00249	0.00493	0.09190	0.45251	0.00771
12	0.01037	0.00732	0.00941	0.01035	0.01104	0.00691	0.00691	0.01202	0.01614	0.02194	0.18122	0.44292	0.05307	0.15369	0.01563	0.00390	0.00499	0.01862	0.00719	0.00637
13	0.01294	0.00755	0.01053	0.04333	0.01297	0.00783	0.00785	0.01301	0.01301	0.01891	0.02257	0.15213	0.02275	0.02695	0.11075	0.34346	0.00799	0.01006	0.14991	0.00550
14	0.00984	0.00721	0.00930	0.01089	0.01175	0.00667	0.00757	0.01147	0.01579	0.02065	0.04856	0.58440	0.13568	0.02399	0.01008	0.00318	0.00471	0.06436	0.00736	0.00654
15	0.05121	0.01133	0.01354	0.01202	0.01496	0.01131	0.00916	0.12879	0.02280	0.10754	0.30696	0.14867	0.04788	0.06443	0.01103	0.00294	0.00549	0.01297	0.00806	0.00895
16	0.03724	0.05121	0.33382	0.07560	0.02722	0.01505	0.01950	0.02239	0.01663	0.05608	0.01967	0.09658	0.01674	0.00967	0.00732	0.00237	0.00878	0.00793	0.10780	0.06841
17	0.08204	0.11242	0.05199	0.24574	0.08222	0.01818	0.06148	0.05068	0.01716	0.02430	0.01777	0.09421	0.01622	0.00965	0.00752	0.00244	0.00889	0.02477	0.00449	0.06784
18	0.06856	0.01581	0.01900	0.07562	0.06865	0.01678	0.01325	0.26082	0.02561	0.12385	0.07423	0.07501	0.05073	0.01115	0.00790	0.00246	0.00726	0.00914	0.06315	0.01102
19	0.01756	0.06524	0.02461	0.03858	0.02261	0.01996	0.09600	0.06297	0.06168	0.02377	0.01651	0.02193	0.01417	0.01873	0.12491	0.00445	0.27993	0.00752	0.06959	0.00928

[dist]
# distance from previous block
# <min> <max>
1	16

[block]
# block no. 1 follows, 24 sequences, length 17
# corresponding to MSA columns:
# 432-448
name=unknown_B
#
# <colnr> <probs for GDERKNQSTAVLIFYWHMCP>
#	G	D	E	R	K	N	Q	S	T	A	V	L	I	F	Y	W	H	M	C	P
0	0.18281	0.09218	0.02171	0.01557	0.02118	0.06599	0.01291	0.33706	0.06907	0.03908	0.02045	0.02074	0.04962	0.00938	0.00705	0.00234	0.00810	0.00678	0.00657	0.01140
1	0.01352	0.00999	0.01282	0.01333	0.01508	0.01031	0.01059	0.07833	0.01901	0.02529	0.08656	0.26128	0.06887	0.05143	0.01220	0.00344	0.03819	0.25495	0.00721	0.00762
2	0.19997	0.01886	0.02004	0.28907	0.03387	0.11715	0.01600	0.08558	0.06693	0.05781	0.01574	0.01888	0.01177	0.00828	0.00711	0.00248	0.00939	0.00631	0.00499	0.00976
3	0.01787	0.17575	0.24142	0.04780	0.02772	0.07144	0.07736	0.02279	0.01632	0.02173	0.01597	0.08748	0.01466	0.01009	0.01027	0.00254	0.11721	0.00769	0.00391	0.00999
4	0.08868	0.00892	0.01136	0.08986	0.01689	0.00913	0.00905	0.01373	0.01486	0.02166	0.03442	0.48759	0.03982	0.07277	0.01145	0.00333	0.00572	0.01738	0.00638	0.03698
5	0.01819	0.14314	0.02991	0.02098	0.02309	0.02506	0.08823	0.02063	0.01360	0.01973	0.01116	0.01699	0.01055	0.01180	0.02042	0.00307	0.50403	0.00674	0.00352	0.00917
6	0.12776	0.01822	0.01897	0.08544	0.02420	0.06079	0.01345	0.13568	0.28496	0.11218	0.02396	0.02342	0.01748	0.00952	0.00753	0.00253	0.00765	0.00747	0.00711	0.01168
7	0.01895	0.05241	0.27608	0.19274	0.03699	0.02032	0.07858	0.14400	0.02044	0.02822	0.01499	0.01859	0.01105	0.00823	0.00870	0.00255	0.04507	0.00671	0.00435	0.01104
8	0.01153	0.00769	0.00865	0.00865	0.00865	0.00769	0.00480	0.01153	0.01153	0.01538	0.02499	0.05189	0.02883	0.72131	0.04036	0.00769	0.00769	0.01153	0.00480	0.00480
9	0.10068	0.01590	0.01918	0.01484	0.02092	0.01553	0.01226	0.19313	0.02562	0.45866	0.02632	0.02368	0.01706	0.00952	0.00769	0.00243	0.00720	0.00743	0.00889	0.01305
10	0.01061	0.00797	0.00990	0.01020	0.01200	0.00726	0.00768	0.01343	0.01942	0.02592	0.32153	0.19305	0.22396	0.01954	0.00969	0.00281	0.00439	0.08562	0.00794	0.00705
11	0.06162	0.01902	0.02262	0.17533	0.03060	0.02119	0.01599	0.40309	0.02957	0.11419	0.01893	0.02015	0.01329	0.00909	0.00780	0.00245	0.00881	0.00708	0.00699	0.01218
12	0.00966	0.00690	0.00920	0.01104	0.01150	0.00644	0.00736	0.01104	0.01518	0.02024	0.04371	0.71614	0.05245	0.02484	0.01012	0.00322	0.00460	0.02254	0.00736	0.00644
13	0.01133	0.00850	0.01274	0.01274	0.01416	0.00991	0.00991	0.01416	0.01274	0.01841	0.02124	0.03115	0.01982	0.05947	0.68989	0.01274	0.02124	0.00850	0.00425	0.00708
14	0.01974	0.01921	0.03922	0.14528	0.04085	0.01893	0.45180	0.02566	0.01841	0.09055	0.01707	0.02178	0.01250	0.00746	0.00953	0.00267	0.03550	0.00874	0.00450	0.01059
15	0.02526	0.01739	0.02073	0.01702	0.02243	0.01873	0.04840	0.14941	0.36073	0.18658	0.02873	0.02661	0.02051	0.01008	0.00809	0.00258	0.00723	0.00843	0.00822	0.01284
16	0.01311	0.00823	0.01105	0.01173	0.01295	0.00792	0.00831	0.01490	0.01655	0.09635	0.09584	0.54827	0.04880	0.02188	0.01052	0.00308	0.03605	0.01946	0.00759	0.00744

[dist]
# distance from previous block
# <min> <max>
0	2

[block]
# block no. 2 follows, 24 sequences, length 42
# corresponding to MSA columns:
# 451-492
name=unknown_C
#
# <colnr> <probs for GDERKNQSTAVLIFYWHMCP>
#	G	D	E	R	K	N	Q	S	T	A	V	L	I	F	Y	W	H	M	C	P
0	0.11722	0.01616	0.01685	0.01484	0.01951	0.01813	0.01169	0.05899	0.45578	0.09741	0.03165	0.02940	0.05676	0.01070	0.00773	0.00262	0.00627	0.00864	0.00780	0.01185
1	0.01648	0.15924	0.48255	0.07517	0.03241	0.02010	0.02489	0.02383	0.01649	0.02335	0.01502	0.04882	0.01208	0.00823	0.00725	0.00241	0.01072	0.00644	0.00356	0.01097
2	0.02708	0.03369	0.02161	0.06880	0.02567	0.58608	0.01517	0.02950	0.02199	0.02047	0.06515	0.01841	0.01544	0.00880	0.00738	0.00212	0.01318	0.00599	0.00442	0.00903
3	0.14740	0.11876	0.02481	0.04279	0.07398	0.19314	0.04355	0.14912	0.05719	0.02998	0.03789	0.01819	0.01392	0.00838	0.00697	0.00225	0.00972	0.00621	0.00523	0.01052
4	0.02882	0.02155	0.02305	0.01798	0.02409	0.02397	0.01475	0.56886	0.11598	0.04784	0.02072	0.02038	0.01485	0.00968	0.00795	0.00242	0.00842	0.00737	0.00795	0.01337
5	0.02925	0.06841	0.02332	0.02012	0.02433	0.66021	0.01524	0.03131	0.02219	0.01937	0.01220	0.01423	0.01021	0.00811	0.00706	0.00203	0.01404	0.00507	0.00405	0.00924
6	0.00966	0.00690	0.00920	0.01104	0.01150	0.00644	0.00736	0.01104	0.01518	0.02024	0.04371	0.71614	0.05245	0.02484	0.01012	0.00322	0.00460	0.02254	0.00736	0.00644
7	0.00963	0.00794	0.00845	0.00853	0.01092	0.00677	0.00632	0.01180	0.01837	0.02261	0.15030	0.12917	0.54176	0.02001	0.00943	0.00270	0.00403	0.01694	0.00753	0.00677
8	0.01194	0.00820	0.01079	0.01036	0.01223	0.00757	0.00777	0.01543	0.02161	0.05234	0.56592	0.12374	0.06987	0.01701	0.00943	0.00260	0.00403	0.03297	0.00859	0.00758
9	0.03014	0.02221	0.02380	0.01825	0.02459	0.02459	0.01507	0.64541	0.03728	0.04998	0.01904	0.01904	0.01349	0.00952	0.00793	0.00238	0.00873	0.00714	0.00793	0.01349
10	0.01644	0.01409	0.01644	0.01175	0.01879	0.01057	0.00940	0.01997	0.01644	0.02584	0.01409	0.01644	0.01175	0.00587	0.00587	0.00117	0.00587	0.00470	0.00470	0.76979
11	0.02170	0.01120	0.01442	0.01268	0.01619	0.01051	0.00978	0.07434	0.04115	0.27206	0.18402	0.22561	0.04143	0.01551	0.00890	0.00268	0.00559	0.01349	0.00867	0.01009
12	0.09030	0.02166	0.02282	0.01762	0.02385	0.02404	0.01455	0.59532	0.03537	0.04882	0.01839	0.01854	0.01309	0.00935	0.00769	0.00239	0.00852	0.00691	0.00769	0.01309
13	0.01083	0.00809	0.01005	0.00956	0.01161	0.00731	0.00717	0.01420	0.02152	0.02960	0.54291	0.06286	0.20096	0.01703	0.00936	0.00253	0.00380	0.01485	0.00844	0.00731
14	0.03133	0.02031	0.02262	0.01734	0.02364	0.02177	0.01433	0.51297	0.03410	0.18691	0.02171	0.02077	0.01483	0.00958	0.00794	0.00240	0.00829	0.00732	0.00834	0.01349
15	0.01227	0.00779	0.01036	0.01129	0.01248	0.00725	0.00800	0.01421	0.01682	0.07474	0.12625	0.49572	0.05125	0.05445	0.01130	0.00330	0.00499	0.06277	0.00762	0.00714
16	0.09466	0.01979	0.02138	0.01657	0.02261	0.02145	0.01367	0.47811	0.03231	0.14384	0.02045	0.02008	0.01423	0.00937	0.00760	0.00238	0.00803	0.00703	0.03357	0.01286
17	0.00966	0.00690	0.00920	0.01104	0.01150	0.00644	0.00736	0.01104	0.01518	0.02024	0.04371	0.71614	0.05245	0.02484	0.01012	0.00322	0.00460	0.02254	0.00736	0.00644
18	0.51592	0.01478	0.01475	0.10618	0.02177	0.01647	0.01108	0.02613	0.01576	0.16909	0.01574	0.01700	0.01119	0.00796	0.00597	0.00248	0.00687	0.00545	0.00575	0.00966
19	0.00966	0.00690	0.00920	0.01104	0.01150	0.00644	0.00736	0.01104	0.01518	0.02024	0.04371	0.71614	0.05245	0.02484	0.01012	0.00322	0.00460	0.02254	0.00736	0.00644
20	0.00966	0.00690	0.00920	0.01104	0.01150	0.00644	0.00736	0.01104	0.01518	0.02024	0.04371	0.71614	0.05245	0.02484	0.01012	0.00322	0.00460	0.02254	0.00736	0.00644
21	0.01821	0.02034	0.04387	0.03181	0.03929	0.01911	0.58889	0.02463	0.01868	0.02526	0.01827	0.02724	0.01492	0.00799	0.00950	0.00276	0.01285	0.06170	0.00429	0.01040
22	0.01039	0.00728	0.00937	0.01076	0.01123	0.00698	0.00720	0.01162	0.01456	0.01936	0.03899	0.50022	0.04610	0.19453	0.01757	0.00435	0.00559	0.07106	0.00673	0.00612
23	0.77733	0.01534	0.01166	0.01043	0.01534	0.01779	0.00859	0.02331	0.01350	0.03558	0.01104	0.01288	0.00859	0.00736	0.00491	0.00245	0.00613	0.00429	0.00491	0.00859
24	0.03508	0.01429	0.01890	0.01449	0.02064	0.01284	0.01197	0.09409	0.02403	0.62001	0.03017	0.02626	0.01907	0.00979	0.00797	0.00245	0.00693	0.00790	0.00964	0.01349
25	0.07431	0.01419	0.02284	0.64841	0.05156	0.01763	0.02098	0.02050	0.01567	0.02145	0.01386	0.02050	0.01042	0.00788	0.00769	0.00263	0.01023	0.00683	0.00363	0.00879
26	0.72203	0.01481	0.01158	0.01040	0.01508	0.01705	0.00851	0.02271	0.01414	0.03531	0.05844	0.01623	0.01337	0.00800	0.00523	0.00246	0.00596	0.00502	0.00518	0.00851
27	0.02753	0.05627	0.02337	0.10642	0.02820	0.53126	0.01609	0.07742	0.02257	0.02185	0.01297	0.01548	0.01051	0.00820	0.00724	0.00213	0.01320	0.00548	0.00429	0.00951
28	0.02048	0.01741	0.01835	0.01629	0.02091	0.02008	0.01273	0.08568	0.61275	0.03438	0.03132	0.02882	0.02343	0.01067	0.00806	0.00267	0.00645	0.00883	0.00806	0.01262
29	0.01092	0.00861	0.01267	0.17529	0.02175	0.00910	0.01084	0.01323	0.01534	0.02025	0.03667	0.55099	0.04250	0.02082	0.00960	0.00308	0.00602	0.01886	0.00645	0.00700
30	0.03207	0.01332	0.01767	0.01392	0.01953	0.01198	0.01136	0.03685	0.07722	0.56498	0.08757	0.03006	0.02490	0.01046	0.00810	0.00248	0.00644	0.00862	0.00957	0.01288
31	0.01872	0.02139	0.04679	0.03342	0.04144	0.02005	0.64305	0.02540	0.01872	0.02540	0.01604	0.02139	0.01203	0.00668	0.00936	0.00267	0.01337	0.00936	0.00401	0.01070
32	0.00965	0.00696	0.00914	0.01089	0.01146	0.00645	0.00729	0.01106	0.01533	0.02030	0.04559	0.68328	0.08409	0.02460	0.01008	0.00319	0.00457	0.02224	0.00736	0.00645
33	0.01630	0.03825	0.59103	0.02413	0.03532	0.01865	0.11572	0.02515	0.01702	0.02515	0.01449	0.01740	0.01032	0.00741	0.00779	0.00253	0.01195	0.00635	0.00344	0.01158
34	0.36561	0.02256	0.20376	0.05093	0.02452	0.01726	0.03808	0.02655	0.03950	0.12035	0.01586	0.01726	0.01132	0.00788	0.00650	0.00250	0.00829	0.00574	0.00516	0.01038
35	0.08301	0.01441	0.01622	0.01439	0.01873	0.01543	0.01134	0.03471	0.33861	0.18845	0.06110	0.09061	0.02754	0.01221	0.00815	0.00269	0.00616	0.03657	0.00817	0.01147
36	0.01008	0.00720	0.00968	0.01152	0.01217	0.00680	0.00809	0.01177	0.01560	0.02071	0.04347	0.63148	0.05153	0.02445	0.01023	0.00328	0.00497	0.10304	0.00735	0.00656
37	0.73603	0.01553	0.01277	0.01251	0.05112	0.01785	0.00945	0.02337	0.01374	0.03505	0.01125	0.01325	0.00880	0.00734	0.00507	0.00245	0.00631	0.00445	0.00485	0.00880
38	0.01133	0.00850	0.01274	0.01274	0.01416	0.00991	0.00991	0.01416	0.01274	0.01841	0.02124	0.03115	0.01982	0.05947	0.68989	0.01274	0.02124	0.00850	0.00425	0.00708
39	0.02538	0.29889	0.03007	0.01763	0.02261	0.31968	0.01480	0.08291	0.02048	0.02185	0.01224	0.01438	0.01051	0.00825	0.00805	0.00206	0.07107	0.00512	0.00411	0.00991
40	0.01325	0.00910	0.01143	0.01059	0.01290	0.00867	0.00800	0.01808	0.07611	0.06542	0.50001	0.05471	0.11331	0.01624	0.01017	0.03797	0.00429	0.01338	0.00838	0.00799
41	0.02635	0.03227	0.02422	0.02391	0.10001	0.51212	0.04523	0.02888	0.02088	0.02046	0.01410	0.04786	0.01254	0.00906	0.00851	0.00224	0.05125	0.00644	0.00418	0.00950

[dist]
# distance from previous block
# <min> <max>
0	114

[block]
# block no. 3 follows, 24 sequences, length 13
# corresponding to MSA columns:
# 607-619
name=unknown_D
#
# <colnr> <probs for GDERKNQSTAVLIFYWHMCP>
#	G	D	E	R	K	N	Q	S	T	A	V	L	I	F	Y	W	H	M	C	P
0	0.07214	0.01140	0.01417	0.01187	0.01618	0.01006	0.00940	0.02322	0.01988	0.21584	0.22326	0.08839	0.03776	0.01243	0.00803	0.00230	0.00546	0.03707	0.00774	0.17339
1	0.07491	0.01936	0.06632	0.11432	0.03272	0.02040	0.23446	0.02402	0.06903	0.02435	0.01502	0.01988	0.01202	0.00929	0.01324	0.00283	0.20710	0.00765	0.00418	0.02890
2	0.01205	0.00830	0.01038	0.00987	0.01204	0.00747	0.00739	0.01521	0.02099	0.06413	0.46147	0.10965	0.19672	0.01732	0.00934	0.00258	0.00403	0.01511	0.00840	0.00757
3	0.01712	0.01818	0.03642	0.22737	0.04254	0.01814	0.39061	0.02296	0.01758	0.02374	0.01634	0.04640	0.01306	0.00765	0.00871	0.00257	0.01167	0.00882	0.00404	0.06608
4	0.07655	0.30247	0.32705	0.01802	0.02666	0.08146	0.02047	0.02502	0.01675	0.02292	0.01259	0.01469	0.01000	0.00729	0.00636	0.00215	0.01028	0.00505	0.00355	0.01067
5	0.01625	0.00884	0.01077	0.01011	0.01166	0.00829	0.00671	0.01723	0.01486	0.15757	0.03262	0.14301	0.07213	0.42431	0.02711	0.00561	0.00681	0.01269	0.00641	0.00701
6	0.01009	0.00722	0.00964	0.01111	0.01186	0.00677	0.00772	0.01197	0.01647	0.02220	0.13742	0.57801	0.05538	0.02336	0.01006	0.00314	0.00464	0.05873	0.00756	0.00665
7	0.01847	0.01405	0.01783	0.01566	0.01904	0.01465	0.05753	0.26031	0.02421	0.03239	0.03195	0.36593	0.03395	0.01739	0.00924	0.00287	0.00697	0.04067	0.00733	0.00955
8	0.01623	0.01635	0.02872	0.21156	0.03479	0.01905	0.19792	0.02025	0.01524	0.02110	0.01614	0.06856	0.01482	0.05217	0.01597	0.00324	0.22601	0.00898	0.00398	0.00892
9	0.02226	0.06807	0.02022	0.01470	0.01981	0.01683	0.01215	0.21179	0.02320	0.09881	0.05484	0.02649	0.01904	0.01123	0.01023	0.05507	0.05110	0.05285	0.00637	0.20495
10	0.06219	0.01900	0.03864	0.08491	0.03760	0.01828	0.47623	0.02347	0.01744	0.02473	0.01533	0.02083	0.01182	0.00833	0.01041	0.05918	0.01187	0.00846	0.00401	0.04726
11	0.39527	0.01718	0.06477	0.04668	0.01997	0.01702	0.01179	0.12475	0.01904	0.09597	0.01880	0.01997	0.03943	0.00868	0.00628	0.00241	0.00696	0.00614	0.06900	0.00991
12	0.12813	0.46710	0.07813	0.01433	0.02098	0.02714	0.01400	0.07735	0.06496	0.02519	0.01349	0.01480	0.01126	0.00744	0.00569	0.00199	0.00823	0.00495	0.00433	0.01051

[dist]
# distance from previous block
# <min> <max>
1	9

[block]
# block no. 4 follows, 24 sequences, length 48
# corresponding to MSA columns:
# 629-676
name=unknown_E
#
# <colnr> <probs for GDERKNQSTAVLIFYWHMCP>
#	G	D	E	R	K	N	Q	S	T	A	V	L	I	F	Y	W	H	M	C	P
0	0.07311	0.02182	0.02310	0.01780	0.02406	0.02420	0.01470	0.60964	0.03592	0.04915	0.01858	0.01868	0.01320	0.00940	0.00776	0.00238	0.00858	0.00698	0.00776	0.01320
1	0.01797	0.04339	0.11865	0.09240	0.08956	0.02049	0.34883	0.02383	0.01711	0.02381	0.01457	0.01980	0.01140	0.00799	0.01119	0.00271	0.11401	0.00802	0.00378	0.01049
2	0.52558	0.01906	0.06904	0.04992	0.02068	0.04529	0.01218	0.10194	0.01754	0.05718	0.01321	0.01495	0.00987	0.00779	0.00586	0.00244	0.00750	0.00508	0.00522	0.00966
3	0.05103	0.01093	0.01414	0.01437	0.05302	0.01067	0.01062	0.02241	0.07950	0.14254	0.24419	0.09879	0.07300	0.01549	0.00906	0.00277	0.00567	0.12460	0.00799	0.00921
4	0.01758	0.01350	0.05250	0.16489	0.08746	0.01280	0.07928	0.01930	0.01487	0.09330	0.01664	0.02385	0.01388	0.04400	0.01828	0.29947	0.00883	0.00745	0.00434	0.00779
5	0.00994	0.00712	0.00945	0.01085	0.01156	0.00663	0.00738	0.01174	0.01648	0.02231	0.15508	0.59888	0.05644	0.02330	0.00998	0.00309	0.00445	0.02108	0.00761	0.00663
6	0.01668	0.01789	0.03682	0.13111	0.03822	0.01761	0.43381	0.02220	0.01758	0.02366	0.02003	0.13192	0.01821	0.00992	0.00963	0.00277	0.02675	0.01105	0.00446	0.00969
7	0.01520	0.01558	0.03151	0.02412	0.02911	0.01461	0.38345	0.01980	0.01755	0.02377	0.06383	0.23607	0.02882	0.04463	0.01097	0.00305	0.00988	0.01376	0.00535	0.00895
8	0.02551	0.01638	0.01857	0.01569	0.02084	0.01764	0.01249	0.09215	0.40871	0.23377	0.03085	0.02789	0.02188	0.01036	0.00803	0.00259	0.00663	0.00850	0.00860	0.01292
9	0.01822	0.01362	0.01092	0.01028	0.01275	0.13170	0.00778	0.05139	0.01869	0.02872	0.02307	0.02629	0.01816	0.00906	0.00595	0.00191	0.00586	0.00697	0.59066	0.00801
10	0.06854	0.01565	0.01743	0.01500	0.01974	0.01695	0.01195	0.09390	0.34898	0.17429	0.08173	0.03151	0.02614	0.01106	0.00805	0.00261	0.00643	0.02975	0.00827	0.01201
11	0.00966	0.00690	0.00920	0.01104	0.01150	0.00644	0.00736	0.01104	0.01518	0.02024	0.04371	0.71614	0.05245	0.02484	0.01012	0.00322	0.00460	0.02254	0.00736	0.00644
12	0.01091	0.00743	0.00883	0.00944	0.00960	0.00727	0.00565	0.01137	0.01274	0.01699	0.03121	0.27263	0.03668	0.48987	0.03031	0.00620	0.00666	0.01519	0.00565	0.00535
13	0.01024	0.00800	0.00928	0.00910	0.01128	0.00704	0.00677	0.01300	0.01991	0.02611	0.34714	0.10528	0.36132	0.01858	0.00941	0.00262	0.00392	0.01597	0.00799	0.00704
14	0.01850	0.02075	0.04321	0.03141	0.03816	0.02073	0.54339	0.02439	0.01767	0.02439	0.01515	0.02075	0.01177	0.00783	0.01201	0.00280	0.12382	0.00897	0.00392	0.01037
15	0.05062	0.02274	0.02226	0.10355	0.02706	0.14432	0.01542	0.34221	0.06774	0.03680	0.01751	0.01916	0.01310	0.00930	0.00858	0.00241	0.04690	0.00677	0.03210	0.01143
16	0.55633	0.10089	0.01734	0.01217	0.01756	0.02060	0.01032	0.13265	0.01798	0.03610	0.01244	0.01394	0.00964	0.00767	0.00546	0.00235	0.00687	0.00479	0.00526	0.00964
17	0.01128	0.00857	0.01045	0.01000	0.01212	0.00800	0.00748	0.01567	0.05920	0.02921	0.48000	0.09291	0.19130	0.01709	0.00932	0.00258	0.00399	0.01491	0.00835	0.00757
18	0.01814	0.01859	0.03567	0.08070	0.12585	0.01824	0.35673	0.05613	0.01871	0.02573	0.01819	0.08592	0.01581	0.00889	0.00939	0.00260	0.03466	0.00962	0.00451	0.05591
19	0.00963	0.00701	0.00909	0.01076	0.01143	0.00646	0.00724	0.01107	0.01545	0.02035	0.04715	0.65595	0.11041	0.02440	0.01005	0.00317	0.00455	0.02200	0.00736	0.00646
20	0.01393	0.06921	0.01908	0.07076	0.02060	0.01251	0.09760	0.05663	0.01733	0.02333	0.03212	0.41942	0.03553	0.01755	0.00901	0.00284	0.00683	0.01605	0.05164	0.00804
21	0.01904	0.05887	0.02061	0.07918	0.02385	0.01524	0.03990	0.06273	0.12141	0.06802	0.01989	0.02400	0.01610	0.00833	0.00707	0.00195	0.00718	0.04143	0.00568	0.35953
22	0.10175	0.09269	0.31040	0.01779	0.02607	0.01713	0.04168	0.02754	0.01833	0.19244	0.06427	0.02174	0.01701	0.00861	0.00733	0.00242	0.00905	0.00681	0.00557	0.01136
23	0.01153	0.00769	0.00865	0.00865	0.00865	0.00769	0.00480	0.01153	0.01153	0.01538	0.02499	0.05189	0.02883	0.72131	0.04036	0.00769	0.00769	0.01153	0.00480	0.00480
24	0.02202	0.01536	0.01721	0.01524	0.01969	0.01683	0.01188	0.03850	0.46740	0.16356	0.03315	0.09364	0.02593	0.01189	0.00824	0.00269	0.00621	0.01004	0.00836	0.01217
25	0.01796	0.01962	0.03912	0.11277	0.03861	0.02067	0.43194	0.02341	0.01695	0.02341	0.01459	0.02049	0.01150	0.00839	0.01278	0.00284	0.16254	0.00855	0.00383	0.01003
26	0.03860	0.01828	0.02677	0.11986	0.08141	0.03541	0.09277	0.10707	0.01773	0.02528	0.01402	0.03552	0.01219	0.01100	0.01618	0.00296	0.32317	0.00756	0.00434	0.00987
27	0.07965	0.01292	0.01675	0.01331	0.01865	0.01171	0.01085	0.03416	0.04492	0.51376	0.12715	0.03109	0.02750	0.01067	0.00799	0.00247	0.00623	0.00874	0.00927	0.01222
28	0.02556	0.01702	0.09350	0.01681	0.04951	0.01406	0.01409	0.11772	0.05893	0.30776	0.02949	0.14335	0.02430	0.01252	0.00841	0.00264	0.00735	0.03730	0.00792	0.01173
29	0.11000	0.01666	0.06415	0.03792	0.02265	0.01491	0.04115	0.09058	0.07362	0.36184	0.02636	0.06501	0.01890	0.01014	0.00780	0.00253	0.00746	0.00834	0.00791	0.01206
30	0.01348	0.00689	0.01025	0.01038	0.01041	0.00686	0.00692	0.01038	0.01067	0.01423	0.01589	0.07310	0.01651	0.02736	0.02951	0.71504	0.00673	0.00800	0.00372	0.00366
31	0.22265	0.01287	0.01471	0.01222	0.01677	0.01283	0.00977	0.04811	0.01868	0.32613	0.04595	0.02695	0.01937	0.08010	0.06235	0.00371	0.00761	0.00756	0.04122	0.01043
32	0.02756	0.17518	0.02673	0.02006	0.04860	0.50849	0.01531	0.05065	0.02152	0.02055	0.01234	0.01435	0.01041	0.00790	0.00679	0.00200	0.01275	0.00508	0.00407	0.00967
33	0.06087	0.01778	0.01883	0.01557	0.02047	0.04034	0.01247	0.27239	0.19662	0.09422	0.13694	0.02913	0.02729	0.01090	0.00805	0.00248	0.00708	0.00876	0.00800	0.01181
34	0.05479	0.02407	0.02280	0.01818	0.02401	0.12751	0.01473	0.48942	0.07461	0.04363	0.01857	0.01878	0.01351	0.00932	0.00772	0.00235	0.00935	0.00685	0.00724	0.01259
35	0.01072	0.00772	0.01015	0.01032	0.01174	0.00715	0.00744	0.01370	0.02011	0.02808	0.46711	0.27038	0.06763	0.01899	0.00960	0.00273	0.00402	0.01698	0.00829	0.00715
36	0.01134	0.00885	0.01261	0.01211	0.01419	0.00820	0.04944	0.01451	0.01945	0.02632	0.32120	0.20339	0.14531	0.01878	0.00975	0.00285	0.00509	0.10154	0.00774	0.00733
37	0.01892	0.01855	0.03040	0.34468	0.04335	0.04922	0.19978	0.10784	0.01969	0.02571	0.01503	0.02040	0.01137	0.00815	0.00939	0.00264	0.05294	0.00764	0.00429	0.01000
38	0.02598	0.07096	0.01835	0.01352	0.01837	0.01366	0.01100	0.03240	0.13189	0.36299	0.14560	0.06566	0.03124	0.01162	0.00811	0.00248	0.00616	0.00970	0.00867	0.01163
39	0.02865	0.03529	0.02269	0.02034	0.02422	0.59965	0.01547	0.06346	0.02242	0.02102	0.01247	0.01480	0.01041	0.00871	0.00873	0.00218	0.07051	0.00537	0.00424	0.00938
40	0.01189	0.00871	0.01183	0.01096	0.01167	0.00854	0.05720	0.01260	0.01256	0.01679	0.02654	0.13044	0.03034	0.57804	0.03414	0.00673	0.00777	0.01270	0.00505	0.00549
41	0.02800	0.02388	0.02484	0.01958	0.02552	0.12179	0.06608	0.43839	0.10130	0.04163	0.01924	0.01968	0.01405	0.00922	0.00795	0.00239	0.00966	0.00722	0.00706	0.01252
42	0.01821	0.02026	0.03902	0.16646	0.04175	0.05905	0.45193	0.02410	0.01821	0.02378	0.01666	0.05189	0.01343	0.00783	0.00897	0.00265	0.01247	0.00923	0.00407	0.01004
43	0.02042	0.01664	0.01765	0.01338	0.01975	0.06764	0.01067	0.08209	0.04526	0.08489	0.04017	0.01950	0.01524	0.00731	0.00657	0.00158	0.00684	0.00576	0.00568	0.51295
44	0.05256	0.03046	0.02179	0.02028	0.06028	0.45457	0.01477	0.08747	0.02247	0.02435	0.03931	0.01709	0.01334	0.00847	0.00768	0.00208	0.03133	0.00577	0.00470	0.08125
45	0.01903	0.02121	0.06603	0.08616	0.02819	0.09180	0.10713	0.04938	0.01615	0.02224	0.01258	0.01795	0.01083	0.01066	0.01690	0.00289	0.35691	0.00692	0.00388	0.05319
46	0.02360	0.01772	0.02012	0.08109	0.02484	0.01989	0.01415	0.22418	0.32516	0.09338	0.02680	0.02771	0.02008	0.01047	0.00812	0.00261	0.00752	0.03248	0.00772	0.01236
47	0.01582	0.08187	0.02758	0.30684	0.03749	0.01842	0.13695	0.02015	0.01595	0.02107	0.01931	0.06320	0.04882	0.01212	0.04019	0.00310	0.09162	0.00863	0.00408	0.02679

[dist]
# distance from previous block
# <min> <max>
22	48

[block]
# block no. 5 follows, 24 sequences, length 21
# corresponding to MSA columns:
# 736-756
name=unknown_F
#
# <colnr> <probs for GDERKNQSTAVLIFYWHMCP>
#	G	D	E	R	K	N	Q	S	T	A	V	L	I	F	Y	W	H	M	C	P
0	0.01770	0.01900	0.03685	0.07248	0.03504	0.01992	0.39302	0.02279	0.01660	0.02330	0.01471	0.02058	0.01188	0.01071	0.04260	0.00321	0.17578	0.00835	0.00390	0.05157
1	0.01237	0.00886	0.01220	0.01338	0.01522	0.00869	0.01138	0.01604	0.01936	0.02586	0.20708	0.08148	0.05334	0.02040	0.01053	0.00335	0.00636	0.45907	0.00768	0.00735
2	0.03453	0.01373	0.01837	0.01424	0.02027	0.01219	0.01171	0.03888	0.06456	0.63486	0.03135	0.02716	0.01993	0.00988	0.00798	0.00247	0.00672	0.00804	0.00970	0.01343
3	0.00966	0.00690	0.00920	0.01104	0.01150	0.00644	0.00736	0.01104	0.01518	0.02024	0.04371	0.71614	0.05245	0.02484	0.01012	0.00322	0.00460	0.02254	0.00736	0.00644
4	0.01080	0.00778	0.01022	0.01026	0.01175	0.00720	0.00745	0.01390	0.02048	0.02867	0.49866	0.23717	0.06876	0.01855	0.00956	0.00269	0.00397	0.01656	0.00836	0.00720
5	0.02859	0.02828	0.02248	0.01892	0.02405	0.31092	0.01486	0.30379	0.10979	0.03465	0.01780	0.01834	0.01344	0.00910	0.00761	0.00227	0.01082	0.00649	0.00629	0.01151
6	0.02314	0.01731	0.01967	0.05128	0.04414	0.01933	0.01369	0.13470	0.42675	0.11688	0.02860	0.02686	0.02089	0.01018	0.00802	0.00260	0.00704	0.00840	0.00791	0.01263
7	0.01105	0.00796	0.01050	0.01051	0.01212	0.00741	0.00784	0.01435	0.02081	0.02909	0.50771	0.18215	0.06860	0.01821	0.00961	0.00271	0.00416	0.05957	0.00837	0.00728
8	0.02369	0.05284	0.01721	0.01333	0.01758	0.04663	0.01058	0.05334	0.11296	0.26944	0.20029	0.03615	0.03463	0.06291	0.01050	0.00281	0.00648	0.00971	0.00820	0.01071
9	0.01172	0.00767	0.00858	0.00858	0.00868	0.00767	0.00485	0.01194	0.01183	0.01620	0.02504	0.05059	0.02833	0.67990	0.03834	0.00735	0.00746	0.01129	0.04904	0.00496
10	0.01597	0.01574	0.02775	0.50444	0.07136	0.01872	0.11909	0.02109	0.01601	0.02115	0.01406	0.02074	0.01086	0.00831	0.00999	0.00272	0.08177	0.00740	0.00361	0.00923
11	0.67674	0.01583	0.01303	0.01128	0.01637	0.01807	0.00929	0.07721	0.01598	0.06862	0.01273	0.01411	0.00955	0.00767	0.00532	0.00245	0.00639	0.00472	0.00541	0.00925
12	0.01836	0.01139	0.01381	0.01221	0.01570	0.01113	0.00962	0.05819	0.11958	0.16262	0.29111	0.04992	0.13100	0.01455	0.00889	0.00260	0.00525	0.04584	0.00854	0.00970
13	0.01377	0.00689	0.01033	0.01033	0.01033	0.00689	0.00689	0.01033	0.01033	0.01377	0.01377	0.02410	0.01377	0.02755	0.03099	0.76928	0.00689	0.00689	0.00344	0.00344
14	0.01872	0.02139	0.04679	0.03342	0.04144	0.02005	0.64305	0.02540	0.01872	0.02540	0.01604	0.02139	0.01203	0.00668	0.00936	0.00267	0.01337	0.00936	0.00401	0.01070
15	0.01889	0.01809	0.03086	0.15180	0.57446	0.01865	0.02397	0.02369	0.01771	0.02502	0.01479	0.01987	0.01225	0.00720	0.00786	0.00240	0.00960	0.00706	0.00386	0.01197
16	0.01833	0.02003	0.04252	0.03069	0.03786	0.01914	0.56346	0.02456	0.01827	0.02550	0.01666	0.02193	0.01268	0.00719	0.00970	0.00264	0.04039	0.00909	0.06902	0.01033
17	0.01153	0.00769	0.00865	0.00865	0.00865	0.00769	0.00480	0.01153	0.01153	0.01538	0.02499	0.05189	0.02883	0.72131	0.04036	0.00769	0.00769	0.01153	0.00480	0.00480
18	0.01190	0.00977	0.01457	0.01449	0.01567	0.01036	0.05466	0.01413	0.01573	0.02140	0.06119	0.45147	0.04353	0.02124	0.01240	0.00325	0.10472	0.10566	0.00662	0.00722
19	0.01440	0.00952	0.01121	0.01065	0.01160	0.00983	0.00698	0.06707	0.01494	0.05615	0.02718	0.15109	0.02998	0.48204	0.03044	0.00607	0.03619	0.01251	0.00570	0.00644
20	0.10849	0.01709	0.01848	0.05319	0.02226	0.01922	0.01284	0.17194	0.32995	0.08212	0.06127	0.02634	0.02178	0.01018	0.00774	0.00256	0.00694	0.00815	0.00759	0.01189

[dist]
# distance from previous block
# <min> <max>
0	2

[block]
# block no. 6 follows, 24 sequences, length 32
# corresponding to MSA columns:
# 759-790
name=unknown_G
#
# <colnr> <probs for GDERKNQSTAVLIFYWHMCP>
#	G	D	E	R	K	N	Q	S	T	A	V	L	I	F	Y	W	H	M	C	P
0	0.01830	0.02270	0.10194	0.03093	0.03833	0.02041	0.51239	0.02462	0.01775	0.02462	0.01521	0.02048	0.01166	0.00762	0.01118	0.00275	0.09593	0.00875	0.00389	0.01055
1	0.02790	0.03540	0.08242	0.02018	0.02521	0.52474	0.01643	0.09446	0.05703	0.02379	0.01419	0.01582	0.01127	0.00839	0.00731	0.00215	0.01307	0.00559	0.00462	0.01004
2	0.00966	0.00690	0.00920	0.01104	0.01150	0.00644	0.00736	0.01104	0.01518	0.02024	0.04371	0.71614	0.05245	0.02484	0.01012	0.00322	0.00460	0.02254	0.00736	0.00644
3	0.01650	0.01431	0.01696	0.01235	0.01893	0.01148	0.00992	0.01991	0.01616	0.02539	0.01385	0.01650	0.01166	0.00640	0.00721	0.00133	0.05243	0.00485	0.00462	0.71924
4	0.01153	0.00769	0.00865	0.00865	0.00865	0.00769	0.00480	0.01153	0.01153	0.01538	0.02499	0.05189	0.02883	0.72131	0.04036	0.00769	0.00769	0.01153	0.00480	0.00480
5	0.01879	0.01462	0.01599	0.01434	0.01816	0.01593	0.01115	0.14151	0.30024	0.05154	0.06000	0.11508	0.10787	0.03878	0.00974	0.00290	0.00627	0.03863	0.00780	0.01065
6	0.00996	0.00723	0.00975	0.03845	0.01308	0.00695	0.00782	0.01143	0.01503	0.02000	0.04161	0.65587	0.04962	0.05834	0.01152	0.00342	0.00499	0.02139	0.00708	0.00645
7	0.02753	0.01880	0.02094	0.01632	0.02223	0.01987	0.01334	0.40408	0.08894	0.13760	0.06470	0.02362	0.01929	0.00980	0.00786	0.00232	0.00763	0.00769	0.00799	0.07943
8	0.02275	0.60057	0.03815	0.01471	0.02111	0.12079	0.01388	0.05281	0.01793	0.02017	0.01155	0.01322	0.01033	0.00710	0.00550	0.00177	0.00928	0.00449	0.00369	0.01019
9	0.77733	0.01534	0.01166	0.01043	0.01534	0.01779	0.00859	0.02331	0.01350	0.03558	0.01104	0.01288	0.00859	0.00736	0.00491	0.00245	0.00613	0.00429	0.00491	0.00859
10	0.02619	0.02107	0.02358	0.04228	0.04509	0.04659	0.04324	0.40555	0.18896	0.04187	0.02166	0.02169	0.01585	0.00952	0.00800	0.00247	0.00861	0.00762	0.00738	0.01279
11	0.01896	0.01553	0.01656	0.01462	0.01849	0.04625	0.01143	0.05612	0.34290	0.07114	0.14859	0.03638	0.08249	0.01228	0.00923	0.00259	0.04313	0.01001	0.00770	0.03558
12	0.01252	0.01013	0.01104	0.01030	0.01322	0.00978	0.00787	0.05167	0.11252	0.02757	0.23352	0.06168	0.37443	0.01708	0.00910	0.00261	0.00452	0.01442	0.00788	0.00813
13	0.01963	0.01884	0.03219	0.04867	0.67185	0.01884	0.02434	0.02434	0.01806	0.02591	0.01492	0.01963	0.01256	0.00707	0.00785	0.00236	0.00942	0.00707	0.00393	0.01256
14	0.01122	0.00811	0.01060	0.00998	0.01185	0.00748	0.00748	0.01496	0.02245	0.03180	0.66766	0.05923	0.07482	0.01621	0.00935	0.00249	0.00374	0.01434	0.00873	0.00748
15	0.01644	0.01409	0.01644	0.01175	0.01879	0.01057	0.00940	0.01997	0.01644	0.02584	0.01409	0.01644	0.01175	0.00587	0.00587	0.00117	0.00587	0.00470	0.00470	0.76979
16	0.01278	0.00913	0.01278	0.01460	0.01643	0.00913	0.01278	0.01643	0.01825	0.02373	0.04199	0.08945	0.04564	0.02191	0.01095	0.00365	0.00730	0.61847	0.00730	0.00730
17	0.01278	0.00913	0.01278	0.01460	0.01643	0.00913	0.01278	0.01643	0.01825	0.02373	0.04199	0.08945	0.04564	0.02191	0.01095	0.00365	0.00730	0.61847	0.00730	0.00730
18	0.01347	0.01165	0.01686	0.01562	0.01653	0.01503	0.01256	0.01591	0.01253	0.01865	0.01738	0.02624	0.01647	0.04324	0.45349	0.00944	0.26537	0.00794	0.00397	0.00765
19	0.01872	0.02139	0.04679	0.03342	0.04144	0.02005	0.64305	0.02540	0.01872	0.02540	0.01604	0.02139	0.01203	0.00668	0.00936	0.00267	0.01337	0.00936	0.00401	0.01070
20	0.03099	0.01451	0.01843	0.01472	0.02018	0.01377	0.01203	0.16222	0.02486	0.45490	0.03036	0.09120	0.02257	0.01170	0.00830	0.00256	0.00699	0.03807	0.00908	0.01256
21	0.04872	0.01658	0.01818	0.01574	0.02061	0.01836	0.01251	0.09737	0.44539	0.14523	0.03047	0.02967	0.02262	0.01075	0.00803	0.00265	0.00662	0.02978	0.00822	0.01249
22	0.01669	0.14270	0.58544	0.02126	0.03225	0.02034	0.02696	0.02491	0.01665	0.02415	0.01375	0.01615	0.01006	0.00742	0.00717	0.00239	0.01124	0.00562	0.00335	0.01149
23	0.01345	0.00860	0.01131	0.01035	0.01261	0.00786	0.00786	0.01713	0.02247	0.09073	0.60957	0.05629	0.06978	0.01563	0.00923	0.00249	0.00402	0.01376	0.00883	0.00803
24	0.02385	0.02407	0.02298	0.17126	0.05928	0.23902	0.01689	0.18675	0.02333	0.02789	0.01611	0.05616	0.01359	0.00986	0.00944	0.00247	0.07449	0.00728	0.00508	0.01018
25	0.01134	0.00775	0.00878	0.00878	0.00907	0.00770	0.00514	0.01164	0.01215	0.01603	0.02958	0.05307	0.08349	0.63136	0.06674	0.00748	0.00798	0.01184	0.00500	0.00507
26	0.77733	0.01534	0.01166	0.01043	0.01534	0.01779	0.00859	0.02331	0.01350	0.03558	0.01104	0.01288	0.00859	0.00736	0.00491	0.00245	0.00613	0.00429	0.00491	0.00859
27	0.01841	0.02049	0.04179	0.03062	0.03686	0.02099	0.50409	0.02400	0.01726	0.02400	0.01479	0.02049	0.01167	0.00828	0.01306	0.00285	0.16737	0.00882	0.00389	0.01025
28	0.01153	0.00769	0.00865	0.00865	0.00865	0.00769	0.00480	0.01153	0.01153	0.01538	0.02499	0.05189	0.02883	0.72131	0.04036	0.00769	0.00769	0.01153	0.00480	0.00480
29	0.01579	0.01536	0.02543	0.49516	0.04567	0.01937	0.06216	0.02032	0.01516	0.02032	0.01334	0.02025	0.01063	0.00927	0.01234	0.00284	0.17696	0.00718	0.00354	0.00890
30	0.01760	0.01390	0.01557	0.01481	0.01824	0.01543	0.01145	0.03269	0.42476	0.05910	0.03567	0.17979	0.03222	0.01487	0.00881	0.00289	0.00606	0.07749	0.00792	0.01075
31	0.08405	0.01575	0.01886	0.01431	0.02060	0.01458	0.03102	0.15888	0.02234	0.20232	0.02052	0.04411	0.01537	0.00849	0.00705	0.00199	0.00692	0.00682	0.00682	0.29920

[dist]
# distance from previous block
# <min> <max>
0	2

[block]
# block no. 7 follows, 24 sequences, length 151
# corresponding to MSA columns:
# 793-943
name=unknown_H
#
# <colnr> <probs for GDERKNQSTAVLIFYWHMCP>
#	G	D	E	R	K	N	Q	S	T	A	V	L	I	F	Y	W	H	M	C	P
0	0.02650	0.01926	0.02115	0.01692	0.02248	0.02088	0.01385	0.46760	0.07580	0.06831	0.02336	0.07028	0.01910	0.01129	0.00820	0.00249	0.00798	0.04944	0.00779	0.04734
1	0.01976	0.40385	0.29168	0.01765	0.02617	0.07636	0.01990	0.02489	0.01684	0.02126	0.01238	0.01442	0.01013	0.00719	0.00621	0.00204	0.01020	0.00494	0.00343	0.01071
2	0.01747	0.01914	0.03979	0.02930	0.03560	0.01883	0.49756	0.02306	0.01745	0.02398	0.01774	0.06855	0.01514	0.01223	0.05791	0.00348	0.07865	0.00996	0.00420	0.00997
3	0.01513	0.01641	0.07755	0.62369	0.05182	0.01791	0.02246	0.02062	0.01580	0.02062	0.01398	0.02065	0.01052	0.00810	0.00850	0.00266	0.03409	0.00695	0.00351	0.00904
4	0.01133	0.00850	0.01274	0.01274	0.01416	0.00991	0.00991	0.01416	0.01274	0.01841	0.02124	0.03115	0.01982	0.05947	0.68989	0.01274	0.02124	0.00850	0.00425	0.00708
5	0.02360	0.01720	0.01881	0.01611	0.02111	0.01914	0.01276	0.12426	0.47445	0.13501	0.03031	0.02774	0.02203	0.01044	0.00804	0.00261	0.00668	0.00856	0.00832	0.01283
6	0.01122	0.00811	0.01060	0.00998	0.01185	0.00748	0.00748	0.01496	0.02245	0.03180	0.66766	0.05923	0.07482	0.01621	0.00935	0.00249	0.00374	0.01434	0.00873	0.00748
7	0.00977	0.00698	0.00930	0.01097	0.01153	0.00651	0.00737	0.01131	0.01568	0.02104	0.08674	0.67084	0.05399	0.02425	0.01007	0.00317	0.00454	0.02198	0.00746	0.00651
8	0.01621	0.07029	0.63471	0.02251	0.03391	0.01903	0.04578	0.02506	0.01677	0.02484	0.01414	0.01670	0.01011	0.00748	0.00748	0.00248	0.01162	0.00589	0.00337	0.01162
9	0.00966	0.00690	0.00920	0.01104	0.01150	0.00644	0.00736	0.01104	0.01518	0.02024	0.04371	0.71614	0.05245	0.02484	0.01012	0.00322	0.00460	0.02254	0.00736	0.00644
10	0.01583	0.01336	0.01561	0.01150	0.01780	0.01020	0.00900	0.01902	0.01605	0.02489	0.01605	0.04725	0.01457	0.05598	0.00842	0.00171	0.00595	0.00589	0.00481	0.68610
11	0.01134	0.00844	0.01248	0.01248	0.01380	0.00977	0.00958	0.01399	0.01267	0.01821	0.02148	0.03249	0.02041	0.10225	0.64791	0.01242	0.02036	0.00869	0.00428	0.00693
12	0.01258	0.00939	0.01189	0.01246	0.01354	0.00978	0.00885	0.08336	0.01735	0.02337	0.03798	0.56680	0.04433	0.04503	0.01197	0.00329	0.05428	0.01935	0.00707	0.00734
13	0.62545	0.15810	0.01766	0.01106	0.01634	0.02052	0.00959	0.02340	0.01402	0.03218	0.01104	0.01285	0.00891	0.00725	0.00494	0.00230	0.00661	0.00428	0.00460	0.00891
14	0.10261	0.06455	0.02574	0.32464	0.03722	0.01980	0.08948	0.02078	0.01512	0.02223	0.01427	0.04910	0.01227	0.00964	0.01150	0.00276	0.15799	0.00746	0.00388	0.00896
15	0.02812	0.01869	0.02099	0.01652	0.02207	0.02013	0.01347	0.43679	0.05594	0.14936	0.04575	0.02404	0.01806	0.03457	0.05498	0.00327	0.00893	0.00784	0.00794	0.01254
16	0.00997	0.00709	0.00932	0.01076	0.01135	0.00664	0.00720	0.01153	0.01577	0.02124	0.11418	0.59580	0.05343	0.07084	0.01207	0.00344	0.00471	0.02086	0.00735	0.00645
17	0.11369	0.02077	0.02242	0.07336	0.02600	0.02325	0.01491	0.52363	0.03283	0.04591	0.01773	0.01851	0.01269	0.00914	0.00759	0.00241	0.00858	0.00681	0.00723	0.01255
18	0.00966	0.00690	0.00920	0.01104	0.01150	0.00644	0.00736	0.01104	0.01518	0.02024	0.04371	0.71614	0.05245	0.02484	0.01012	0.00322	0.00460	0.02254	0.00736	0.00644
19	0.01381	0.01319	0.02519	0.02052	0.02422	0.01243	0.27437	0.01748	0.01663	0.02232	0.03068	0.33490	0.03338	0.06505	0.01194	0.00333	0.00868	0.05793	0.00577	0.00817
20	0.01079	0.00777	0.01021	0.01027	0.01175	0.00719	0.00745	0.01387	0.02042	0.02858	0.49371	0.24237	0.06858	0.01862	0.00957	0.00270	0.00398	0.01663	0.00835	0.00719
21	0.01559	0.00908	0.01194	0.01067	0.01334	0.00822	0.00819	0.01916	0.02235	0.14882	0.53334	0.05391	0.08363	0.01517	0.00910	0.00249	0.00430	0.01326	0.00888	0.00855
22	0.01025	0.00796	0.01166	0.01234	0.01347	0.00738	0.05015	0.01203	0.01562	0.02067	0.04439	0.62477	0.09258	0.02329	0.01002	0.00315	0.00515	0.02125	0.00714	0.00675
23	0.01654	0.01440	0.01772	0.01266	0.01974	0.01097	0.03603	0.02020	0.01654	0.02582	0.01418	0.01665	0.01176	0.00591	0.00602	0.00124	0.00619	0.00489	0.00467	0.73789
24	0.06380	0.02154	0.02283	0.01774	0.02389	0.02394	0.01460	0.57518	0.07896	0.04815	0.01958	0.01948	0.01400	0.00951	0.00780	0.00240	0.00844	0.00713	0.00780	0.01320
25	0.01897	0.43754	0.31056	0.01737	0.02624	0.02592	0.02019	0.02432	0.01638	0.02138	0.01237	0.01441	0.01012	0.00710	0.00612	0.00204	0.00984	0.00492	0.00337	0.01083
26	0.01498	0.01409	0.02378	0.70226	0.05462	0.01762	0.02202	0.02026	0.01586	0.02026	0.01409	0.02114	0.01057	0.00793	0.00793	0.00264	0.01057	0.00705	0.00352	0.00881
27	0.01942	0.01863	0.03181	0.07814	0.64402	0.01879	0.02423	0.02415	0.01796	0.02565	0.01488	0.01969	0.01247	0.00710	0.00785	0.00237	0.00947	0.00706	0.00391	0.01239
28	0.01995	0.01654	0.01765	0.01570	0.02013	0.01868	0.01241	0.12570	0.47325	0.03404	0.03483	0.03581	0.07542	0.01207	0.00835	0.00271	0.00652	0.05044	0.00794	0.01187
29	0.01744	0.01414	0.01655	0.01205	0.01882	0.01100	0.00962	0.04392	0.01742	0.05051	0.01591	0.04047	0.01347	0.00679	0.00617	0.00134	0.00597	0.00551	0.00510	0.68781
30	0.00966	0.00690	0.00920	0.01104	0.01150	0.00644	0.00736	0.01104	0.01518	0.02024	0.04371	0.71614	0.05245	0.02484	0.01012	0.00322	0.00460	0.02254	0.00736	0.00644
31	0.06291	0.02048	0.02209	0.01717	0.02300	0.02252	0.01407	0.54835	0.03373	0.07222	0.01881	0.01944	0.01353	0.01069	0.00941	0.05603	0.00840	0.00703	0.00756	0.01256
32	0.02128	0.01827	0.02758	0.02126	0.02667	0.01887	0.20586	0.26972	0.02501	0.03390	0.02250	0.16091	0.02072	0.01179	0.00955	0.00264	0.04130	0.01082	0.00626	0.04508
33	0.00975	0.00711	0.00900	0.01046	0.01119	0.00656	0.00700	0.01112	0.01533	0.02007	0.04747	0.58140	0.13607	0.07263	0.01212	0.00346	0.00473	0.02097	0.00718	0.00636
34	0.01610	0.03965	0.63617	0.02335	0.03482	0.01853	0.07199	0.02513	0.01688	0.02513	0.01436	0.01707	0.01018	0.00747	0.00766	0.00252	0.01183	0.00610	0.00339	0.01165
35	0.02650	0.01878	0.05079	0.01868	0.07543	0.01817	0.01445	0.25760	0.11352	0.18477	0.02270	0.02221	0.01610	0.00904	0.00764	0.00229	0.00768	0.00724	0.02641	0.10000
36	0.01843	0.02248	0.08954	0.03180	0.03952	0.02023	0.55697	0.02495	0.01813	0.02495	0.01553	0.02079	0.01178	0.00724	0.01038	0.00272	0.06107	0.00895	0.00393	0.01063
37	0.00975	0.00706	0.00921	0.01075	0.01147	0.00653	0.00727	0.01134	0.01589	0.02112	0.08935	0.62521	0.09794	0.02391	0.01002	0.00313	0.00450	0.02156	0.00746	0.00653
38	0.05772	0.01946	0.01977	0.01674	0.02185	0.04649	0.01332	0.24158	0.39823	0.03835	0.02616	0.02475	0.01941	0.01010	0.00785	0.00255	0.00739	0.00800	0.00773	0.01256
39	0.14578	0.01375	0.01714	0.06106	0.02127	0.01307	0.01146	0.03249	0.04375	0.42866	0.02539	0.02476	0.01725	0.04000	0.00875	0.00260	0.00687	0.00728	0.00794	0.07073
