[name]
unknown

[dist]
# distance from previous block
# <min> <max>
0	53

[block]
# block no. 0 follows, 16 sequences, length 7
# corresponding to MSA columns:
# 53-59
name=unknown_A
#
# <colnr> <probs for GDERKNQSTAVLIFYWHMCP>
#	G	D	E	R	K	N	Q	S	T	A	V	L	I	F	Y	W	H	M	C	P
0	0.02321	0.02261	0.03174	0.04456	0.38102	0.08938	0.02476	0.02825	0.02276	0.03004	0.02653	0.04560	0.02562	0.01355	0.01049	0.00325	0.01153	0.14601	0.00590	0.01319
1	0.06500	0.02643	0.02704	0.09869	0.12398	0.15053	0.01972	0.08850	0.20148	0.06316	0.02530	0.02659	0.01922	0.01093	0.00934	0.00298	0.01129	0.00874	0.00725	0.01384
2	0.14892	0.02301	0.02565	0.06649	0.08159	0.02586	0.01791	0.25498	0.17460	0.04755	0.02488	0.02555	0.01848	0.01116	0.00910	0.00304	0.00959	0.00869	0.00828	0.01466
3	0.02437	0.02040	0.03373	0.04847	0.44698	0.02019	0.02590	0.02972	0.02264	0.08443	0.02573	0.03937	0.02305	0.01204	0.01026	0.00316	0.01077	0.09827	0.00617	0.01436
4	0.03316	0.01886	0.02608	0.12811	0.09913	0.01864	0.01848	0.09868	0.05198	0.29982	0.02876	0.02858	0.01962	0.01078	0.00948	0.00288	0.00958	0.00900	0.00892	0.07947
5	0.03480	0.01992	0.02675	0.12531	0.03442	0.02052	0.04437	0.16050	0.08375	0.30052	0.03047	0.02954	0.02049	0.01145	0.00982	0.00306	0.00993	0.00952	0.00961	0.01524
6	0.02864	0.01818	0.02426	0.04218	0.05665	0.01756	0.04511	0.11202	0.07760	0.20010	0.03257	0.11295	0.02715	0.01386	0.00993	0.00297	0.00884	0.03435	0.00891	0.12616

[dist]
# distance from previous block
# <min> <max>
1	3

[block]
# block no. 1 follows, 16 sequences, length 17
# corresponding to MSA columns:
# 65-81
name=unknown_B
#
# <colnr> <probs for GDERKNQSTAVLIFYWHMCP>
#	G	D	E	R	K	N	Q	S	T	A	V	L	I	F	Y	W	H	M	C	P
0	0.02715	0.10977	0.10005	0.01967	0.02718	0.05361	0.01785	0.17537	0.11576	0.07223	0.09669	0.03017	0.02709	0.01172	0.00916	0.00275	0.00973	0.00921	0.00796	0.07688
1	0.02278	0.02767	0.10700	0.03996	0.11607	0.02409	0.39475	0.03269	0.07282	0.03194	0.02100	0.02621	0.01588	0.00878	0.01084	0.00320	0.01475	0.01062	0.00525	0.01369
2	0.10261	0.18498	0.41484	0.02342	0.03543	0.02599	0.02856	0.03006	0.01983	0.03039	0.01606	0.01881	0.01211	0.00898	0.00816	0.00284	0.01265	0.00650	0.00432	0.01346
3	0.08352	0.15618	0.35282	0.02490	0.07256	0.02409	0.02688	0.02888	0.02077	0.03125	0.07404	0.02457	0.02028	0.01004	0.00861	0.00286	0.01181	0.00776	0.00498	0.01318
4	0.01807	0.00903	0.00903	0.00903	0.01129	0.00903	0.00678	0.02258	0.02033	0.03613	0.03162	0.03613	0.02484	0.01129	0.00678	0.00226	0.00452	0.00903	0.71319	0.00903
5	0.59818	0.06192	0.01815	0.01451	0.02052	0.09765	0.01190	0.02980	0.01806	0.03974	0.01368	0.01595	0.01086	0.00908	0.00635	0.00288	0.00892	0.00537	0.00576	0.01071
6	0.01344	0.00990	0.01257	0.01190	0.01431	0.00903	0.00893	0.01776	0.02679	0.03733	0.53360	0.07493	0.15262	0.02039	0.01143	0.00308	0.00461	0.01788	0.01047	0.00903
7	0.01684	0.00842	0.01263	0.01263	0.01263	0.00842	0.00842	0.01263	0.01263	0.01684	0.01684	0.02946	0.01684	0.03367	0.03788	0.71801	0.00842	0.00842	0.00421	0.00421
8	0.01176	0.00861	0.01107	0.01304	0.01394	0.00791	0.00879	0.01355	0.01900	0.02492	0.05902	0.58304	0.13051	0.02964	0.01226	0.00385	0.00553	0.02667	0.00900	0.00791
9	0.02591	0.66522	0.05079	0.01658	0.02488	0.03835	0.01658	0.02902	0.01969	0.02280	0.01347	0.01555	0.01244	0.00829	0.00622	0.00207	0.01036	0.00518	0.00415	0.01244
10	0.02520	0.02029	0.02184	0.01921	0.02503	0.02272	0.01502	0.04950	0.50770	0.07915	0.03797	0.03493	0.02824	0.01269	0.00968	0.00315	0.00768	0.01055	0.00975	0.05969
11	0.02906	0.01330	0.01787	0.01480	0.01977	0.01177	0.01177	0.03321	0.02759	0.33101	0.30744	0.05208	0.05668	0.01578	0.01056	0.00302	0.00647	0.01352	0.01135	0.01293
12	0.02174	0.15488	0.32704	0.02992	0.04166	0.02606	0.20438	0.03050	0.02111	0.02936	0.01740	0.02141	0.01310	0.00870	0.00939	0.00295	0.01426	0.00819	0.00437	0.01357
13	0.01215	0.00868	0.01164	0.01389	0.01460	0.00817	0.00959	0.01409	0.01889	0.02513	0.05323	0.60411	0.06335	0.03004	0.01246	0.00398	0.00592	0.07312	0.00899	0.00797
14	0.02220	0.02121	0.03611	0.24068	0.43169	0.02256	0.02886	0.02818	0.02122	0.02950	0.01792	0.02457	0.01459	0.00897	0.00962	0.00299	0.01196	0.00863	0.00464	0.01391
15	0.32523	0.02570	0.17134	0.06153	0.07937	0.01995	0.01954	0.02668	0.01875	0.03511	0.02407	0.08005	0.05312	0.01195	0.00831	0.00312	0.00966	0.00922	0.00574	0.01157
16	0.02279	0.02204	0.03862	0.05353	0.49195	0.02183	0.08132	0.02843	0.02184	0.03099	0.02150	0.08027	0.01963	0.01053	0.01003	0.00301	0.01147	0.01060	0.00518	0.01446

[dist]
# distance from previous block
# <min> <max>
6	9

[block]
# block no. 2 follows, 16 sequences, length 10
# corresponding to MSA columns:
# 91-100
name=unknown_C
#
# <colnr> <probs for GDERKNQSTAVLIFYWHMCP>
#	G	D	E	R	K	N	Q	S	T	A	V	L	I	F	Y	W	H	M	C	P
0	0.02010	0.01723	0.02010	0.01436	0.02297	0.01292	0.01148	0.02440	0.02010	0.03158	0.01723	0.02010	0.01436	0.00718	0.00718	0.00144	0.00718	0.00574	0.00574	0.71863
1	0.01145	0.00982	0.00982	0.00982	0.01309	0.00818	0.00736	0.01391	0.02209	0.02618	0.09818	0.09327	0.59499	0.02455	0.01145	0.00327	0.00491	0.02045	0.00900	0.00818
2	0.03393	0.02503	0.02738	0.02145	0.02844	0.02779	0.01762	0.49710	0.04177	0.05620	0.02361	0.02514	0.01746	0.01936	0.08705	0.00451	0.01260	0.00894	0.00913	0.01549
3	0.02399	0.02303	0.03934	0.05949	0.59893	0.02303	0.02974	0.02974	0.02207	0.03166	0.01823	0.02399	0.01535	0.00864	0.00960	0.00288	0.01151	0.00864	0.00480	0.01535
4	0.01672	0.01090	0.01642	0.01621	0.01840	0.01004	0.05499	0.01920	0.02007	0.09876	0.04873	0.52336	0.05499	0.02623	0.01196	0.00376	0.00683	0.02398	0.00904	0.00939
5	0.01181	0.00843	0.01125	0.01350	0.01406	0.00787	0.00900	0.01350	0.01856	0.02474	0.05342	0.65306	0.06410	0.03036	0.01237	0.00394	0.00562	0.02755	0.00900	0.00787
6	0.03620	0.04619	0.02747	0.02497	0.02996	0.62047	0.01873	0.03870	0.02747	0.02372	0.01498	0.01748	0.01248	0.00999	0.00874	0.00250	0.01748	0.00624	0.00499	0.01124
7	0.02010	0.01723	0.02010	0.01436	0.02297	0.01292	0.01148	0.02440	0.02010	0.03158	0.01723	0.02010	0.01436	0.00718	0.00718	0.00144	0.00718	0.00574	0.00574	0.71863
8	0.01510	0.01046	0.01225	0.01249	0.01329	0.01050	0.00792	0.05729	0.01808	0.02414	0.03775	0.26089	0.04358	0.39449	0.03364	0.00703	0.00821	0.01825	0.00724	0.00739
9	0.03465	0.01580	0.02029	0.01689	0.02289	0.01487	0.01366	0.04220	0.11630	0.39818	0.03988	0.08032	0.02977	0.01435	0.00999	0.00316	0.00777	0.04615	0.05817	0.01472

[dist]
# distance from previous block
# <min> <max>
0	1

[block]
# block no. 3 follows, 16 sequences, length 43
# corresponding to MSA columns:
# 102-144
name=unknown_D
#
# <colnr> <probs for GDERKNQSTAVLIFYWHMCP>
#	G	D	E	R	K	N	Q	S	T	A	V	L	I	F	Y	W	H	M	C	P
0	0.50338	0.01950	0.01686	0.01439	0.02036	0.02215	0.01179	0.14313	0.02314	0.04646	0.01754	0.01955	0.01332	0.00981	0.00687	0.00290	0.00786	0.00640	0.08294	0.01162
1	0.41696	0.02012	0.05656	0.12072	0.02948	0.02006	0.01541	0.02942	0.01875	0.09397	0.01724	0.01995	0.01278	0.00923	0.00733	0.00287	0.00890	0.00645	0.00615	0.08764
2	0.60748	0.01907	0.01614	0.01388	0.02015	0.02150	0.01144	0.06685	0.01967	0.10521	0.01682	0.01811	0.01235	0.00950	0.00665	0.00299	0.00779	0.00597	0.00689	0.01155
3	0.01385	0.01038	0.01558	0.01558	0.01731	0.01211	0.01211	0.01731	0.01558	0.02250	0.02596	0.03808	0.02423	0.07269	0.62098	0.01558	0.02596	0.01038	0.00519	0.00865
4	0.03569	0.03205	0.02862	0.05529	0.03196	0.19766	0.01895	0.38789	0.03904	0.04854	0.02059	0.02176	0.01516	0.01106	0.00942	0.00281	0.01272	0.00801	0.00807	0.01469
5	0.01229	0.00899	0.01155	0.01272	0.01406	0.00825	0.00885	0.01484	0.02137	0.02874	0.20516	0.43139	0.13234	0.02684	0.01201	0.00362	0.00526	0.02402	0.00945	0.00825
6	0.04151	0.02173	0.02419	0.01900	0.02625	0.08641	0.01548	0.13543	0.03077	0.44548	0.03300	0.02954	0.02138	0.01170	0.00962	0.00293	0.00972	0.00917	0.01080	0.01589
7	0.01350	0.00974	0.01276	0.01234	0.01443	0.00900	0.00913	0.01774	0.02642	0.03725	0.53191	0.13891	0.08832	0.02102	0.01154	0.00315	0.00469	0.01868	0.01048	0.00900
8	0.04201	0.01886	0.02396	0.01837	0.02592	0.01776	0.01517	0.16266	0.03170	0.48462	0.03491	0.03083	0.02232	0.01192	0.00974	0.00298	0.00878	0.00952	0.01148	0.01649
9	0.01181	0.00843	0.01125	0.01350	0.01406	0.00787	0.00900	0.01350	0.01856	0.02474	0.05342	0.65306	0.06410	0.03036	0.01237	0.00394	0.00562	0.02755	0.00900	0.00787
10	0.03635	0.04196	0.02783	0.02438	0.02998	0.48926	0.01866	0.15602	0.03149	0.03202	0.01682	0.01877	0.01337	0.01035	0.00895	0.00259	0.01596	0.00679	0.00604	0.01240
11	0.01409	0.00940	0.01057	0.01057	0.01057	0.00940	0.00587	0.01409	0.01409	0.01879	0.03054	0.06342	0.03524	0.65938	0.04933	0.00940	0.00940	0.01409	0.00587	0.00587
12	0.02411	0.02082	0.02192	0.01972	0.02520	0.02411	0.01534	0.05150	0.58142	0.04054	0.03945	0.03616	0.02959	0.01315	0.00986	0.00329	0.00767	0.01096	0.00986	0.01534
13	0.02288	0.02614	0.05719	0.04085	0.05065	0.02451	0.56373	0.03105	0.02288	0.03105	0.01961	0.02614	0.01471	0.00817	0.01144	0.00327	0.01634	0.01144	0.00490	0.01307
14	0.02411	0.02082	0.02192	0.01972	0.02520	0.02411	0.01534	0.05150	0.58142	0.04054	0.03945	0.03616	0.02959	0.01315	0.00986	0.00329	0.00767	0.01096	0.00986	0.01534
15	0.02414	0.02374	0.03786	0.10638	0.52441	0.05396	0.02893	0.02979	0.02212	0.03067	0.01798	0.02381	0.01500	0.00879	0.00956	0.00289	0.01194	0.00851	0.00477	0.01475
16	0.01492	0.01180	0.01536	0.01627	0.01812	0.01250	0.01305	0.01911	0.04683	0.02727	0.05482	0.24058	0.14295	0.02560	0.01473	0.00404	0.07977	0.22480	0.00846	0.00901
17	0.02128	0.10119	0.30721	0.02924	0.04084	0.02367	0.20101	0.02992	0.02112	0.03011	0.01769	0.02175	0.01331	0.00855	0.00939	0.00284	0.01375	0.00817	0.00455	0.09441
18	0.01419	0.01024	0.01392	0.01601	0.01780	0.00996	0.01307	0.01768	0.02115	0.02752	0.05488	0.27508	0.09190	0.02774	0.01295	0.00423	0.00766	0.34652	0.00895	0.00856
19	0.02010	0.01723	0.02010	0.01436	0.02297	0.01292	0.01148	0.02440	0.02010	0.03158	0.01723	0.02010	0.01436	0.00718	0.00718	0.00144	0.00718	0.00574	0.00574	0.71863
20	0.02384	0.01827	0.02842	0.03706	0.31232	0.01730	0.02054	0.02886	0.02398	0.11516	0.16161	0.03668	0.03507	0.01169	0.00980	0.00278	0.00889	0.01065	0.00736	0.08973
21	0.02650	0.02203	0.02231	0.01984	0.02546	0.06040	0.01546	0.05034	0.50018	0.08721	0.03782	0.03473	0.02805	0.01286	0.00978	0.00321	0.00833	0.01056	0.00974	0.01518
22	0.02254	0.02155	0.03673	0.20598	0.46373	0.02265	0.02903	0.02848	0.02139	0.02991	0.01798	0.02446	0.01473	0.00890	0.00962	0.00297	0.01187	0.00863	0.00467	0.01419
23	0.02288	0.02614	0.05719	0.04085	0.05065	0.02451	0.56373	0.03105	0.02288	0.03105	0.01961	0.02614	0.01471	0.00817	0.01144	0.00327	0.01634	0.01144	0.00490	0.01307
24	0.03172	0.02460	0.02620	0.02126	0.02810	0.02766	0.01718	0.35935	0.26118	0.05282	0.02978	0.02846	0.02175	0.01224	0.00976	0.00306	0.00946	0.00962	0.00976	0.01602
25	0.03507	0.02537	0.02743	0.02153	0.02888	0.02802	0.01762	0.44449	0.13688	0.09239	0.02702	0.02612	0.01922	0.01192	0.00973	0.00298	0.00999	0.00918	0.00987	0.01629
26	0.01148	0.00973	0.00991	0.01005	0.01315	0.00816	0.00747	0.01388	0.02187	0.02609	0.09532	0.12910	0.56101	0.02492	0.01151	0.00332	0.00495	0.02091	0.00900	0.00816
27	0.03465	0.02606	0.02785	0.02186	0.02922	0.02903	0.01789	0.47795	0.13780	0.05755	0.02605	0.02549	0.01874	0.01190	0.00972	0.00297	0.01015	0.00911	0.00972	0.01629
28	0.03549	0.02519	0.02637	0.02105	0.02813	0.06406	0.01707	0.33650	0.14721	0.15333	0.02865	0.02721	0.02018	0.01189	0.00968	0.00297	0.01007	0.00919	0.00984	0.01592
29	0.01408	0.00946	0.01088	0.01088	0.01099	0.00956	0.00626	0.01429	0.01419	0.01902	0.03025	0.06186	0.03455	0.62305	0.08473	0.00978	0.01042	0.01386	0.00583	0.00604
30	0.01409	0.00940	0.01057	0.01057	0.01057	0.00940	0.00587	0.01409	0.01409	0.01879	0.03054	0.06342	0.03524	0.65938	0.04933	0.00940	0.00940	0.01409	0.00587	0.00587
31	0.02894	0.02259	0.02256	0.01968	0.02528	0.08612	0.01537	0.10801	0.32309	0.12854	0.03586	0.08419	0.02821	0.01390	0.00991	0.00317	0.00900	0.01139	0.00958	0.01459
32	0.02214	0.01655	0.01977	0.01462	0.02256	0.01273	0.01162	0.02621	0.02084	0.09499	0.02201	0.06428	0.01879	0.00928	0.00781	0.00178	0.00719	0.00766	0.00666	0.59251
33	0.02171	0.02313	0.04512	0.17259	0.10248	0.02448	0.31244	0.02837	0.02082	0.02855	0.01792	0.02513	0.01407	0.00987	0.01393	0.00337	0.10885	0.01010	0.00466	0.01241
34	0.01959	0.01855	0.02770	0.32337	0.04530	0.02274	0.02231	0.02422	0.01799	0.02548	0.01572	0.02329	0.01311	0.01168	0.01663	0.00325	0.22173	0.00807	0.00454	0.13474
35	0.02236	0.02093	0.03228	0.20720	0.23895	0.02304	0.05895	0.03511	0.19291	0.03242	0.02455	0.02838	0.01900	0.01028	0.00982	0.00313	0.01104	0.00952	0.00622	0.01392
36	0.01681	0.09274	0.11813	0.01912	0.06950	0.01583	0.01606	0.02231	0.02466	0.03440	0.35747	0.05428	0.08903	0.01604	0.01031	0.00294	0.00746	0.01380	0.00825	0.01085
37	0.02224	0.08996	0.06965	0.01624	0.02087	0.01523	0.01376	0.02728	0.05950	0.15936	0.07486	0.30767	0.04403	0.02005	0.01057	0.00334	0.00757	0.01747	0.00887	0.01149
38	0.02785	0.03044	0.06741	0.07045	0.24276	0.19298	0.05810	0.03266	0.02303	0.06682	0.01805	0.02247	0.01449	0.01020	0.01183	0.00298	0.08084	0.00810	0.00522	0.01331
39	0.02884	0.02617	0.07146	0.04537	0.38754	0.08975	0.02590	0.03419	0.02367	0.14096	0.02165	0.02474	0.01649	0.00947	0.00950	0.00287	0.01175	0.00848	0.00616	0.01503
40	0.02265	0.01425	0.01889	0.01947	0.05436	0.01401	0.01512	0.08698	0.02611	0.13126	0.09278	0.10599	0.08037	0.02094	0.01179	0.00372	0.00837	0.25213	0.00945	0.01137
41	0.10566	0.02145	0.02335	0.01899	0.02573	0.02271	0.01562	0.26899	0.10033	0.09516	0.02788	0.03430	0.02230	0.01272	0.00942	0.00296	0.00910	0.06846	0.00891	0.10597
42	0.03545	0.02151	0.02464	0.01975	0.02675	0.02270	0.01604	0.23102	0.19692	0.24798	0.03333	0.03051	0.02300	0.01221	0.00976	0.00305	0.00893	0.00974	0.01056	0.01615

[dist]
# distance from previous block
# <min> <max>
6	28

[block]
# block no. 4 follows, 16 sequences, length 8
# corresponding to MSA columns:
# 173-180
name=unknown_E
#
# <colnr> <probs for GDERKNQSTAVLIFYWHMCP>
#	G	D	E	R	K	N	Q	S	T	A	V	L	I	F	Y	W	H	M	C	P
0	0.04996	0.01563	0.08119	0.01476	0.01889	0.01203	0.01272	0.02260	0.05192	0.07761	0.26073	0.18385	0.12068	0.01991	0.01092	0.00327	0.00652	0.01728	0.00923	0.01030
1	0.18646	0.02129	0.02487	0.02385	0.10055	0.02307	0.01703	0.16825	0.09684	0.16797	0.02513	0.02532	0.01807	0.01123	0.01017	0.00307	0.04543	0.00843	0.00845	0.01454
2	0.06758	0.02242	0.05246	0.07596	0.16877	0.02283	0.01993	0.23403	0.03016	0.04392	0.02235	0.02556	0.01701	0.01042	0.00888	0.00281	0.00985	0.00849	0.14269	0.01389
3	0.36223	0.01854	0.02395	0.14517	0.03338	0.02035	0.09032	0.02926	0.01937	0.10057	0.02043	0.06145	0.01649	0.01072	0.00833	0.00314	0.00979	0.00871	0.00637	0.01142
4	0.02617	0.02243	0.02540	0.17785	0.08527	0.10326	0.01938	0.03853	0.21212	0.10723	0.03170	0.03263	0.05184	0.01192	0.00971	0.00309	0.01060	0.00988	0.00759	0.01339
5	0.02449	0.02591	0.10127	0.12679	0.38723	0.02374	0.02850	0.10307	0.02477	0.03469	0.01870	0.02373	0.01484	0.00925	0.00958	0.00295	0.01190	0.00848	0.00533	0.01479
6	0.02238	0.02586	0.17259	0.35788	0.05370	0.02099	0.06679	0.02977	0.02105	0.10661	0.02033	0.02553	0.01442	0.00978	0.00971	0.00316	0.01287	0.00862	0.00536	0.01260
7	0.08283	0.02828	0.09498	0.10093	0.28159	0.10211	0.02531	0.07325	0.05901	0.03360	0.01895	0.02298	0.01498	0.00953	0.00918	0.00292	0.01211	0.00803	0.00549	0.01392

[dist]
# distance from previous block
# <min> <max>
17	36

[block]
# block no. 5 follows, 16 sequences, length 6
# corresponding to MSA columns:
# 220-225
name=unknown_F
#
# <colnr> <probs for GDERKNQSTAVLIFYWHMCP>
#	G	D	E	R	K	N	Q	S	T	A	V	L	I	F	Y	W	H	M	C	P
0	0.09636	0.01667	0.01878	0.05722	0.02379	0.04802	0.01323	0.03375	0.09094	0.22525	0.12944	0.07683	0.09899	0.01522	0.00993	0.00311	0.00782	0.01258	0.00954	0.01252
1	0.02470	0.02262	0.07506	0.02214	0.02936	0.02070	0.11213	0.13377	0.14761	0.06267	0.07629	0.03194	0.02611	0.01135	0.00958	0.00285	0.00968	0.01006	0.07846	0.09290
2	0.02101	0.02123	0.08016	0.02673	0.08535	0.01908	0.13451	0.06602	0.11901	0.03545	0.09239	0.07507	0.03372	0.01419	0.01053	0.00325	0.01011	0.07046	0.06924	0.01250
3	0.02090	0.07844	0.01979	0.07770	0.02171	0.05089	0.01220	0.02169	0.01732	0.07837	0.02265	0.03473	0.02094	0.14216	0.09357	0.22291	0.01159	0.00939	0.03470	0.00833
4	0.02180	0.06192	0.08784	0.10234	0.03956	0.02282	0.21244	0.08695	0.02392	0.03193	0.02968	0.03922	0.07623	0.01290	0.01208	0.00332	0.05474	0.06212	0.00601	0.01218
5	0.02600	0.06303	0.18346	0.06555	0.09295	0.06532	0.07171	0.14707	0.11955	0.03765	0.02221	0.02439	0.01661	0.01026	0.00951	0.00299	0.01228	0.00857	0.00645	0.01443

[dist]
# distance from previous block
# <min> <max>
10	43

[block]
# block no. 6 follows, 16 sequences, length 9
# corresponding to MSA columns:
# 284-292
name=unknown_G
#
# <colnr> <probs for GDERKNQSTAVLIFYWHMCP>
#	G	D	E	R	K	N	Q	S	T	A	V	L	I	F	Y	W	H	M	C	P
0	0.02673	0.02417	0.09124	0.10513	0.03235	0.02303	0.01903	0.30191	0.03228	0.04345	0.02613	0.10161	0.02325	0.08829	0.01454	0.00384	0.01066	0.01135	0.00779	0.01321
1	0.07157	0.15045	0.31822	0.02642	0.09907	0.02377	0.02641	0.02977	0.02121	0.05782	0.07008	0.02498	0.02031	0.01006	0.00872	0.00286	0.01163	0.00791	0.00529	0.01346
2	0.02096	0.04297	0.47406	0.02588	0.03804	0.02204	0.03148	0.09014	0.02352	0.03394	0.02203	0.03117	0.01784	0.01154	0.00975	0.00321	0.01328	0.06892	0.00529	0.01394
3	0.01490	0.01623	0.11071	0.01436	0.01817	0.01113	0.01299	0.01837	0.01974	0.02720	0.08705	0.12871	0.16797	0.10279	0.01809	0.06929	0.00774	0.06195	0.08387	0.00874
4	0.09408	0.03809	0.27705	0.03185	0.11114	0.11159	0.11564	0.05260	0.02269	0.03231	0.01735	0.02105	0.01309	0.00915	0.00925	0.00298	0.01393	0.00779	0.00486	0.01350
5	0.02297	0.02431	0.12117	0.02191	0.03074	0.01800	0.10801	0.09021	0.02389	0.06636	0.02284	0.08001	0.01941	0.01058	0.00912	0.00249	0.01017	0.00948	0.00645	0.30189
6	0.01885	0.01579	0.01853	0.01447	0.02130	0.01287	0.01128	0.02474	0.06573	0.03225	0.08035	0.09826	0.02887	0.01154	0.00840	0.00203	0.00678	0.00980	0.00693	0.51122
7	0.09265	0.05603	0.13734	0.02849	0.03761	0.02145	0.26180	0.02971	0.02141	0.06994	0.02209	0.07391	0.01833	0.01038	0.00985	0.00302	0.01260	0.01047	0.00572	0.07719
8	0.13337	0.09504	0.02760	0.02509	0.13214	0.05751	0.01712	0.18946	0.02846	0.04186	0.05859	0.02596	0.02075	0.01070	0.00843	0.00273	0.00953	0.00827	0.09419	0.01320

[dist]
# distance from previous block
# <min> <max>
0	10

[block]
# block no. 7 follows, 16 sequences, length 10
# corresponding to MSA columns:
# 304-313
name=unknown_H
#
# <colnr> <probs for GDERKNQSTAVLIFYWHMCP>
#	G	D	E	R	K	N	Q	S	T	A	V	L	I	F	Y	W	H	M	C	P
0	0.02429	0.12405	0.04114	0.05274	0.50863	0.02544	0.02767	0.02963	0.02170	0.03027	0.01748	0.02266	0.01489	0.00858	0.00906	0.00275	0.01133	0.00809	0.00470	0.01489
1	0.02018	0.01816	0.03062	0.33538	0.20892	0.02018	0.05836	0.02624	0.02052	0.02892	0.01993	0.02695	0.01560	0.00955	0.00931	0.00298	0.01141	0.00886	0.11599	0.01195
2	0.02125	0.02120	0.03010	0.43386	0.05549	0.07762	0.06826	0.03077	0.10882	0.02766	0.02071	0.02671	0.01565	0.01014	0.00977	0.00317	0.01280	0.00899	0.00529	0.01172
3	0.01762	0.01227	0.01555	0.01501	0.01756	0.01230	0.01154	0.06397	0.02377	0.05801	0.18477	0.21405	0.05591	0.05905	0.01463	0.00381	0.03910	0.09864	0.03989	0.04253
4	0.02736	0.02087	0.02302	0.01914	0.02448	0.02316	0.01526	0.28736	0.15330	0.04573	0.06287	0.05900	0.07765	0.01624	0.01332	0.05918	0.03812	0.01140	0.00901	0.01354
5	0.13107	0.16609	0.23244	0.06784	0.03194	0.02337	0.02204	0.02938	0.02072	0.08326	0.05141	0.02741	0.05377	0.01076	0.00842	0.00286	0.01069	0.00815	0.00577	0.01261
6	0.02547	0.07398	0.02526	0.11278	0.03061	0.08745	0.01622	0.10364	0.07727	0.07690	0.11176	0.03138	0.02828	0.01146	0.00911	0.00262	0.00967	0.00922	0.00746	0.14946
7	0.02919	0.02170	0.02404	0.05704	0.02763	0.02402	0.01603	0.35257	0.09409	0.04846	0.02814	0.07862	0.02361	0.07308	0.01342	0.00361	0.00961	0.01095	0.05028	0.01392
8	0.02223	0.01720	0.02103	0.11416	0.02850	0.01835	0.01514	0.20129	0.02762	0.03709	0.03424	0.15711	0.07222	0.05829	0.06245	0.00447	0.01043	0.01353	0.00770	0.07696
9	0.02065	0.01290	0.01565	0.01459	0.01778	0.01243	0.01065	0.07315	0.05541	0.12084	0.07808	0.27763	0.07765	0.11229	0.01647	0.00422	0.00713	0.01802	0.00908	0.04537

[dist]
# distance from previous block
# <min> <max>
1	19

[block]
# block no. 8 follows, 16 sequences, length 13
# corresponding to MSA columns:
# 335-347
name=unknown_I
#
# <colnr> <probs for GDERKNQSTAVLIFYWHMCP>
#	G	D	E	R	K	N	Q	S	T	A	V	L	I	F	Y	W	H	M	C	P
0	0.20384	0.02276	0.08402	0.08096	0.02735	0.07680	0.01579	0.02894	0.05770	0.05014	0.02506	0.05049	0.04540	0.01114	0.00813	0.00276	0.00927	0.00850	0.08341	0.10756
1	0.01940	0.02120	0.10274	0.13879	0.03423	0.01869	0.07221	0.05953	0.02053	0.02907	0.02384	0.09940	0.02251	0.09348	0.01691	0.00388	0.07655	0.01118	0.04007	0.09580
2	0.02540	0.02048	0.02542	0.02501	0.12705	0.01989	0.01678	0.20852	0.02892	0.04074	0.02425	0.10554	0.02183	0.01202	0.00915	0.00253	0.00893	0.01016	0.00735	0.26003
3	0.02370	0.08120	0.16374	0.05689	0.11633	0.02495	0.22915	0.09651	0.02454	0.03367	0.02014	0.04759	0.01616	0.00980	0.01006	0.00306	0.01355	0.00985	0.00539	0.01373
4	0.02262	0.01979	0.09923	0.01800	0.02510	0.01436	0.05875	0.02865	0.04177	0.14776	0.16345	0.04386	0.09888	0.01351	0.00984	0.00275	0.00825	0.01170	0.00833	0.16341
5	0.01784	0.01659	0.09560	0.01981	0.07915	0.01233	0.01473	0.01837	0.01617	0.02284	0.02070	0.08780	0.02041	0.02417	0.02478	0.38871	0.00910	0.00982	0.00492	0.09616
6	0.03559	0.02503	0.02834	0.02209	0.02878	0.02804	0.01827	0.42954	0.03926	0.12396	0.02373	0.02421	0.01692	0.01239	0.01264	0.00310	0.09434	0.00882	0.00926	0.01570
7	0.10564	0.01785	0.02909	0.06325	0.03140	0.01723	0.16760	0.03267	0.02375	0.20784	0.10209	0.03424	0.02820	0.01140	0.00971	0.00302	0.00987	0.01061	0.08182	0.01272
8	0.07525	0.19820	0.02778	0.01617	0.02211	0.02220	0.01382	0.09718	0.02420	0.17270	0.02760	0.09119	0.02318	0.01853	0.06859	0.00400	0.01026	0.00990	0.06443	0.01268
9	0.02308	0.02732	0.17301	0.01922	0.02850	0.01907	0.01900	0.15796	0.02667	0.03799	0.02777	0.02912	0.07903	0.01073	0.00880	0.00242	0.00962	0.00848	0.00665	0.28556
10	0.02147	0.01983	0.08415	0.01776	0.02282	0.01733	0.01535	0.20327	0.02936	0.03951	0.09991	0.22760	0.09684	0.01983	0.01098	0.00336	0.00828	0.04179	0.00886	0.01172
11	0.02067	0.01791	0.08284	0.01538	0.02158	0.01269	0.01312	0.02446	0.01980	0.10440	0.02841	0.13329	0.02739	0.13213	0.01637	0.00370	0.00827	0.01154	0.00695	0.29910
12	0.02812	0.02405	0.09182	0.02867	0.10292	0.02147	0.11693	0.04192	0.21801	0.17488	0.03066	0.03044	0.02198	0.01100	0.01001	0.00314	0.01053	0.01006	0.00826	0.01511

[dist]
# distance from previous block
# <min> <max>
21	50

[block]
# block no. 9 follows, 16 sequences, length 9
# corresponding to MSA columns:
# 406-414
name=unknown_J
#
# <colnr> <probs for GDERKNQSTAVLIFYWHMCP>
#	G	D	E	R	K	N	Q	S	T	A	V	L	I	F	Y	W	H	M	C	P
0	0.02554	0.11323	0.33310	0.02394	0.03523	0.02611	0.02686	0.19334	0.02800	0.03908	0.01871	0.02072	0.01370	0.00972	0.00889	0.00281	0.01233	0.00732	0.00590	0.05548
1	0.13893	0.06476	0.25461	0.02316	0.07237	0.02077	0.02259	0.02974	0.08227	0.03432	0.09865	0.06654	0.02789	0.01221	0.00910	0.00306	0.01018	0.00988	0.00628	0.01268
2	0.15081	0.09320	0.02091	0.01484	0.01981	0.01751	0.01189	0.06393	0.02323	0.18917	0.10168	0.11536	0.03470	0.08542	0.01355	0.00371	0.00785	0.01209	0.00861	0.01173
3	0.01483	0.00925	0.01062	0.01062	0.01087	0.00925	0.00625	0.01487	0.01462	0.02048	0.02917	0.05675	0.03210	0.52049	0.04342	0.08535	0.00875	0.01292	0.08333	0.00604
4	0.38212	0.08813	0.02346	0.21272	0.03513	0.02300	0.01664	0.02853	0.01847	0.07048	0.01624	0.02003	0.01233	0.00933	0.00744	0.00297	0.00959	0.00660	0.00563	0.01117
5	0.07695	0.02003	0.02246	0.02295	0.10885	0.09283	0.01532	0.03505	0.04929	0.24766	0.07103	0.03793	0.05718	0.08322	0.01390	0.00365	0.00954	0.01047	0.00860	0.01309
6	0.01697	0.01566	0.02742	0.02280	0.02658	0.01551	0.17256	0.02047	0.01920	0.02651	0.03431	0.31810	0.03765	0.02085	0.01524	0.04377	0.07791	0.01804	0.00677	0.06367
7	0.01376	0.01081	0.01489	0.05779	0.05675	0.01051	0.01260	0.01676	0.02033	0.02637	0.05718	0.34564	0.16121	0.02568	0.01204	0.00380	0.00704	0.12961	0.00840	0.00883
8	0.12573	0.38372	0.03709	0.01669	0.02345	0.03144	0.01527	0.06310	0.08223	0.03095	0.01812	0.02002	0.01515	0.00981	0.00823	0.00252	0.04375	0.00648	0.05385	0.01239

[dist]
# distance from previous block
# <min> <max>
0	2

[block]
# block no. 10 follows, 16 sequences, length 9
# corresponding to MSA columns:
# 417-425
name=unknown_K
#
# <colnr> <probs for GDERKNQSTAVLIFYWHMCP>
#	G	D	E	R	K	N	Q	S	T	A	V	L	I	F	Y	W	H	M	C	P
0	0.56275	0.06270	0.05319	0.01468	0.02151	0.02295	0.01306	0.06156	0.01926	0.07270	0.01564	0.01739	0.01181	0.00928	0.00662	0.00294	0.00832	0.00581	0.00631	0.01153
1	0.02322	0.02281	0.02798	0.20950	0.08204	0.09744	0.04686	0.03494	0.18878	0.03056	0.02399	0.02776	0.01867	0.01145	0.01190	0.00319	0.07795	0.00916	0.03924	0.01255
2	0.03047	0.02225	0.02421	0.02021	0.02665	0.02473	0.01616	0.21087	0.34611	0.11731	0.03427	0.03176	0.02482	0.01254	0.00980	0.00313	0.00867	0.01011	0.01008	0.01584
3	0.03371	0.02559	0.02732	0.02167	0.02886	0.02859	0.01766	0.43994	0.17733	0.05603	0.02725	0.02644	0.01970	0.01201	0.00974	0.00300	0.00993	0.00927	0.00974	0.01620
4	0.02223	0.02076	0.02908	0.02368	0.02995	0.02222	0.14919	0.04179	0.37440	0.03642	0.04189	0.04081	0.09636	0.01334	0.01045	0.00328	0.00946	0.01226	0.00853	0.01389
5	0.02615	0.03107	0.04988	0.03694	0.04557	0.17106	0.42971	0.03293	0.02400	0.02924	0.01847	0.02401	0.01416	0.00862	0.01077	0.00308	0.01662	0.01016	0.00492	0.01262
6	0.01993	0.01835	0.03051	0.15614	0.35546	0.01902	0.02411	0.02482	0.02070	0.02867	0.02670	0.17902	0.02688	0.01418	0.01030	0.00320	0.01033	0.01328	0.00574	0.01265
7	0.06397	0.17807	0.03199	0.19502	0.06549	0.02532	0.01919	0.11951	0.02441	0.06681	0.02057	0.05939	0.01720	0.01076	0.00860	0.00275	0.01039	0.00858	0.00615	0.06581
8	0.02345	0.01683	0.02680	0.02850	0.16477	0.01566	0.08391	0.02731	0.02109	0.13741	0.03000	0.13517	0.02824	0.12594	0.01698	0.00411	0.00972	0.01294	0.00715	0.08402

[dist]
# distance from previous block
# <min> <max>
1	20

[block]
# block no. 11 follows, 16 sequences, length 10
# corresponding to MSA columns:
# 470-479
name=unknown_L
#
# <colnr> <probs for GDERKNQSTAVLIFYWHMCP>
#	G	D	E	R	K	N	Q	S	T	A	V	L	I	F	Y	W	H	M	C	P
0	0.02558	0.02257	0.03883	0.02851	0.03644	0.02190	0.25850	0.08434	0.02408	0.09291	0.02054	0.02457	0.01553	0.00972	0.01248	0.00289	0.08628	0.00931	0.00624	0.17879
1	0.06338	0.06160	0.02374	0.02393	0.11371	0.06153	0.05277	0.02273	0.02135	0.02866	0.07267	0.15741	0.09732	0.05316	0.01278	0.00368	0.00928	0.10282	0.00713	0.01035
2	0.06555	0.17578	0.06969	0.02548	0.11427	0.02367	0.05949	0.02817	0.02169	0.08787	0.10283	0.03310	0.06193	0.01233	0.01137	0.00294	0.07521	0.00979	0.00642	0.01244
3	0.02426	0.32206	0.11499	0.02471	0.07330	0.02943	0.09172	0.08376	0.02296	0.02973	0.02019	0.08338	0.01857	0.01099	0.00852	0.00269	0.01129	0.00915	0.00535	0.01294
4	0.31584	0.17930	0.23238	0.01888	0.02834	0.02585	0.02083	0.02939	0.01863	0.03419	0.01486	0.01736	0.01157	0.00891	0.00718	0.00281	0.01057	0.00591	0.00490	0.01229
5	0.02399	0.02303	0.03934	0.05949	0.59893	0.02303	0.02974	0.02974	0.02207	0.03166	0.01823	0.02399	0.01535	0.00864	0.00960	0.00288	0.01151	0.00864	0.00480	0.01535
6	0.01944	0.05013	0.60917	0.02762	0.04195	0.02251	0.03581	0.03069	0.02046	0.03069	0.01739	0.02046	0.01228	0.00921	0.00921	0.00307	0.01432	0.00716	0.00409	0.01432
7	0.03620	0.04619	0.02747	0.02497	0.02996	0.62047	0.01873	0.03870	0.02747	0.02372	0.01498	0.01748	0.01248	0.00999	0.00874	0.00250	0.01748	0.00624	0.00499	0.01124
8	0.02691	0.10897	0.02600	0.04961	0.02591	0.02379	0.01545	0.28191	0.03267	0.04355	0.03630	0.04082	0.11087	0.01415	0.00945	0.00291	0.00907	0.04718	0.08147	0.01301
9	0.02244	0.01734	0.02224	0.12573	0.07231	0.01860	0.01623	0.14954	0.06042	0.03562	0.02559	0.07316	0.02240	0.06289	0.05557	0.03595	0.01046	0.01034	0.07816	0.08501

[dist]
# distance from previous block
# <min> <max>
3	5

[block]
# block no. 12 follows, 16 sequences, length 6
# corresponding to MSA columns:
# 485-490
name=unknown_M
#
# <colnr> <probs for GDERKNQSTAVLIFYWHMCP>
#	G	D	E	R	K	N	Q	S	T	A	V	L	I	F	Y	W	H	M	C	P
0	0.21383	0.02331	0.02435	0.12371	0.10243	0.11531	0.01810	0.08206	0.02389	0.12023	0.02147	0.05307	0.01700	0.01096	0.00870	0.00298	0.01077	0.00846	0.00680	0.01259
1	0.02824	0.02192	0.02868	0.02215	0.02876	0.02264	0.09670	0.30649	0.03270	0.04443	0.02320	0.06784	0.01931	0.01489	0.01369	0.10075	0.01043	0.01003	0.00770	0.09945
2	0.12646	0.01920	0.02587	0.09410	0.03185	0.01777	0.08919	0.05453	0.02120	0.03400	0.01732	0.02115	0.01377	0.00813	0.00802	0.00222	0.00936	0.00696	0.00570	0.39321
3	0.02896	0.02539	0.02558	0.02479	0.09461	0.12632	0.01740	0.27079	0.03345	0.04276	0.06257	0.12209	0.05308	0.01483	0.01010	0.00301	0.01059	0.01213	0.00821	0.01335
4	0.11046	0.02066	0.02836	0.07823	0.25303	0.02165	0.02085	0.14383	0.02573	0.03808	0.02344	0.10886	0.02145	0.01230	0.00943	0.00299	0.00989	0.01067	0.00661	0.05350
5	0.11826	0.04308	0.02502	0.05626	0.02675	0.09595	0.05479	0.02552	0.01913	0.02859	0.02070	0.09857	0.01990	0.01562	0.03602	0.00353	0.15562	0.00987	0.03100	0.11582

[dist]
# distance from previous block
# <min> <max>
33	79

[block]
# block no. 13 follows, 16 sequences, length 27
# corresponding to MSA columns:
# 576-602
name=unknown_N
#
# <colnr> <probs for GDERKNQSTAVLIFYWHMCP>
#	G	D	E	R	K	N	Q	S	T	A	V	L	I	F	Y	W	H	M	C	P
0	0.02299	0.07264	0.10279	0.01934	0.02546	0.01813	0.06754	0.09661	0.02562	0.09881	0.14073	0.07138	0.03796	0.06657	0.01327	0.00357	0.00939	0.04753	0.04775	0.01191
1	0.02267	0.32510	0.30693	0.02386	0.03505	0.02983	0.07556	0.02997	0.02034	0.02717	0.01583	0.01877	0.01257	0.00870	0.00807	0.00264	0.01272	0.00666	0.00419	0.01336
2	0.10424	0.03644	0.37871	0.02217	0.03232	0.02008	0.02584	0.02941	0.06538	0.03271	0.07439	0.03001	0.02305	0.07013	0.01276	0.00366	0.01159	0.00885	0.00557	0.01268
3	0.02858	0.52602	0.04558	0.01782	0.02576	0.08344	0.01681	0.07997	0.02307	0.05397	0.01567	0.01724	0.01336	0.00891	0.00691	0.00223	0.01087	0.00581	0.00509	0.01290
4	0.03143	0.02847	0.08172	0.02219	0.02975	0.05873	0.01918	0.33716	0.19928	0.05022	0.02702	0.02648	0.01971	0.01176	0.00965	0.00301	0.01049	0.00910	0.00897	0.01567
5	0.01477	0.07237	0.01956	0.01618	0.01834	0.01277	0.06056	0.01688	0.01815	0.02406	0.04054	0.40502	0.04664	0.08079	0.06517	0.04273	0.00915	0.02048	0.00735	0.00849
6	0.04153	0.06973	0.02531	0.01760	0.02518	0.01747	0.01477	0.08784	0.02854	0.51447	0.03503	0.03079	0.02245	0.01167	0.00946	0.00292	0.00861	0.00930	0.01118	0.01617
7	0.01921	0.01493	0.01937	0.02151	0.06815	0.01571	0.01631	0.07016	0.12642	0.03353	0.04439	0.13342	0.04531	0.02192	0.01204	0.00394	0.00873	0.30498	0.00883	0.01113
8	0.01181	0.00843	0.01125	0.01350	0.01406	0.00787	0.00900	0.01350	0.01856	0.02474	0.05342	0.65306	0.06410	0.03036	0.01237	0.00394	0.00562	0.02755	0.00900	0.00787
9	0.01409	0.00940	0.01057	0.01057	0.01057	0.00940	0.00587	0.01409	0.01409	0.01879	0.03054	0.06342	0.03524	0.65938	0.04933	0.00940	0.00940	0.01409	0.00587	0.00587
10	0.02411	0.02082	0.02192	0.01972	0.02520	0.02411	0.01534	0.05150	0.58142	0.04054	0.03945	0.03616	0.02959	0.01315	0.00986	0.00329	0.00767	0.01096	0.00986	0.01534
11	0.02183	0.02447	0.05285	0.03826	0.04719	0.02294	0.51130	0.02939	0.02247	0.03045	0.02280	0.08539	0.01937	0.01027	0.01153	0.00333	0.01533	0.01296	0.00529	0.01258
12	0.02591	0.66522	0.05079	0.01658	0.02488	0.03835	0.01658	0.02902	0.01969	0.02280	0.01347	0.01555	0.01244	0.00829	0.00622	0.00207	0.01036	0.00518	0.00415	0.01244
13	0.03581	0.02664	0.02851	0.02209	0.02966	0.02958	0.01817	0.52499	0.08886	0.05942	0.02458	0.02431	0.01754	0.01176	0.00971	0.00294	0.01042	0.00891	0.00971	0.01639
14	0.02024	0.03967	0.38849	0.03111	0.04319	0.02237	0.21064	0.03006	0.02169	0.03131	0.05311	0.02551	0.01789	0.00950	0.01009	0.00313	0.01441	0.00922	0.00476	0.01359
15	0.72785	0.01874	0.01425	0.01275	0.01874	0.02174	0.01050	0.02849	0.01649	0.04348	0.01350	0.01574	0.01050	0.00900	0.00600	0.00300	0.00750	0.00525	0.00600	0.01050
16	0.01731	0.01538	0.01973	0.01708	0.01919	0.06773	0.09760	0.01903	0.01719	0.02183	0.02966	0.11288	0.03275	0.43082	0.03574	0.00722	0.01088	0.01431	0.00595	0.00773
17	0.01913	0.01842	0.03146	0.51835	0.09007	0.02246	0.06110	0.02531	0.01938	0.02541	0.01707	0.02539	0.01315	0.01013	0.01159	0.00330	0.06400	0.00879	0.00437	0.01114
18	0.01372	0.00991	0.01296	0.01219	0.01448	0.00914	0.00914	0.01829	0.02743	0.03887	0.59381	0.07240	0.09145	0.01981	0.01143	0.00305	0.00457	0.01753	0.01067	0.00914
19	0.01174	0.00991	0.01021	0.01037	0.01357	0.00839	0.00793	0.01433	0.02211	0.02638	0.09498	0.09437	0.55814	0.02470	0.01159	0.00335	0.00518	0.05554	0.00899	0.00823
20	0.04348	0.01649	0.02249	0.01724	0.02474	0.01425	0.01425	0.04723	0.02774	0.60564	0.03824	0.03299	0.02399	0.01200	0.00975	0.00300	0.00825	0.00975	0.01200	0.01649
21	0.02120	0.02120	0.02969	0.02545	0.02545	0.02969	0.02120	0.02332	0.01484	0.02332	0.01272	0.02120	0.01272	0.01696	0.03181	0.00424	0.64165	0.00848	0.00424	0.01060
22	0.01830	0.01723	0.02907	0.63609	0.06675	0.02153	0.02692	0.02476	0.01938	0.02476	0.01723	0.02584	0.01292	0.00969	0.00969	0.00323	0.01292	0.00861	0.00431	0.01077
23	0.38272	0.12672	0.02444	0.01674	0.02323	0.12184	0.01396	0.09607	0.02291	0.07080	0.01630	0.01787	0.01261	0.00953	0.00713	0.00276	0.00999	0.00607	0.00632	0.01198
24	0.01593	0.01252	0.01689	0.01566	0.01801	0.01267	0.04362	0.02022	0.05715	0.02773	0.07274	0.27271	0.04338	0.12388	0.01863	0.00431	0.05839	0.01732	0.07230	0.07596
25	0.02091	0.05229	0.08648	0.06724	0.06698	0.02072	0.26787	0.02744	0.02146	0.03005	0.05156	0.02896	0.01991	0.05070	0.01247	0.00322	0.01265	0.00996	0.00531	0.14382
26	0.02595	0.02256	0.06359	0.07603	0.03028	0.02212	0.01753	0.16080	0.22514	0.06958	0.06251	0.03087	0.02511	0.01169	0.00946	0.00288	0.00907	0.00955	0.00848	0.11678

[dist]
# distance from previous block
# <min> <max>
0	3

[block]
# block no. 14 follows, 16 sequences, length 17
# corresponding to MSA columns:
# 606-622
name=unknown_O
#
# <colnr> <probs for GDERKNQSTAVLIFYWHMCP>
#	G	D	E	R	K	N	Q	S	T	A	V	L	I	F	Y	W	H	M	C	P
0	0.01816	0.01637	0.02746	0.57516	0.06146	0.02025	0.02511	0.02358	0.01872	0.02399	0.01719	0.02619	0.01330	0.01203	0.01244	0.07308	0.01248	0.00859	0.00430	0.01013
1	0.03684	0.02715	0.02909	0.02230	0.03006	0.03006	0.01842	0.56661	0.04557	0.06108	0.02327	0.02327	0.01648	0.01163	0.00970	0.00291	0.01067	0.00873	0.00970	0.01648
2	0.02010	0.01723	0.02010	0.01436	0.02297	0.01292	0.01148	0.02440	0.02010	0.03158	0.01723	0.02010	0.01436	0.00718	0.00718	0.00144	0.00718	0.00574	0.00574	0.71863
3	0.01195	0.00861	0.01109	0.01300	0.01373	0.00801	0.00864	0.01357	0.01851	0.02443	0.05526	0.56693	0.10341	0.07524	0.01496	0.00428	0.00584	0.02603	0.00877	0.00775
4	0.02468	0.02418	0.03754	0.05497	0.52967	0.05660	0.02819	0.03166	0.05879	0.03180	0.01943	0.02442	0.01612	0.00901	0.00956	0.00288	0.01160	0.00865	0.00514	0.01512
5	0.02591	0.66522	0.05079	0.01658	0.02488	0.03835	0.01658	0.02902	0.01969	0.02280	0.01347	0.01555	0.01244	0.00829	0.00622	0.00207	0.01036	0.00518	0.00415	0.01244
6	0.02164	0.02326	0.04901	0.13662	0.05027	0.02274	0.43108	0.02854	0.02148	0.02888	0.01899	0.02636	0.01458	0.01045	0.01326	0.06022	0.01515	0.01073	0.00475	0.01199
7	0.03070	0.02409	0.02563	0.02106	0.02771	0.02719	0.01694	0.31810	0.30408	0.05117	0.03107	0.02949	0.02280	0.01237	0.00978	0.00309	0.00922	0.00980	0.00978	0.01593
8	0.03627	0.04435	0.02762	0.02471	0.02997	0.56340	0.01870	0.08973	0.02922	0.02733	0.01578	0.01804	0.01287	0.01015	0.00883	0.00254	0.01682	0.00648	0.00545	0.01174
9	0.01744	0.01489	0.01580	0.05488	0.02020	0.07118	0.01161	0.02276	0.09369	0.02935	0.18856	0.12994	0.13585	0.02165	0.01518	0.11691	0.00757	0.01530	0.00809	0.00915
10	0.06332	0.02173	0.02249	0.06294	0.02711	0.08168	0.01537	0.19063	0.08336	0.14053	0.03326	0.08167	0.05921	0.05773	0.01246	0.00349	0.00982	0.01126	0.00871	0.01323
11	0.02911	0.02231	0.02609	0.02109	0.02758	0.06863	0.06823	0.15690	0.14965	0.12296	0.02916	0.03214	0.02225	0.01470	0.03882	0.00351	0.01078	0.03245	0.04285	0.08080
12	0.30305	0.01707	0.01794	0.11440	0.02652	0.01929	0.01361	0.10627	0.02348	0.04137	0.10388	0.02977	0.02579	0.01143	0.00806	0.00292	0.00799	0.00867	0.10745	0.01103
13	0.26203	0.01668	0.01878	0.06723	0.05959	0.01819	0.01434	0.04998	0.08062	0.07917	0.11691	0.06523	0.03388	0.01418	0.00921	0.00323	0.00798	0.06334	0.00793	0.01151
14	0.09894	0.01448	0.01899	0.06625	0.06119	0.01539	0.01387	0.05248	0.02319	0.09000	0.21955	0.09112	0.04547	0.01783	0.01441	0.07230	0.05307	0.01290	0.00811	0.01048
15	0.02172	0.07357	0.12312	0.26034	0.04292	0.02236	0.02263	0.11066	0.05132	0.03140	0.02404	0.02883	0.05087	0.01325	0.01221	0.07292	0.01140	0.00896	0.00567	0.01181
16	0.03144	0.02248	0.02606	0.02384	0.08244	0.02434	0.01762	0.30378	0.13746	0.10231	0.02925	0.03214	0.02218	0.01245	0.00972	0.00302	0.00946	0.03750	0.05727	0.01525

[dist]
# distance from previous block
# <min> <max>
5	20

[block]
# block no. 15 follows, 16 sequences, length 19
# corresponding to MSA columns:
# 643-661
name=unknown_P
#
# <colnr> <probs for GDERKNQSTAVLIFYWHMCP>
#	G	D	E	R	K	N	Q	S	T	A	V	L	I	F	Y	W	H	M	C	P
0	0.01929	0.03925	0.43182	0.02415	0.03497	0.02002	0.02859	0.07261	0.02219	0.03201	0.02560	0.15612	0.02373	0.01394	0.00993	0.00324	0.01215	0.01166	0.00562	0.01313
1	0.07069	0.17963	0.44773	0.02421	0.03666	0.02585	0.02991	0.03018	0.02002	0.02990	0.01628	0.01908	0.01219	0.00900	0.00834	0.00285	0.01300	0.00660	0.00424	0.01365
2	0.02624	0.33626	0.16452	0.01877	0.02832	0.02746	0.01969	0.03141	0.02112	0.11269	0.01859	0.01991	0.01441	0.00888	0.00754	0.00233	0.01044	0.00638	0.00554	0.11950
3	0.06632	0.08681	0.53497	0.02595	0.03935	0.02346	0.03294	0.03044	0.02015	0.03104	0.01689	0.01984	0.01217	0.00914	0.00881	0.00300	0.01363	0.00691	0.00422	0.01395
4	0.01468	0.01062	0.01445	0.01650	0.01856	0.01040	0.01390	0.01854	0.02171	0.02811	0.05556	0.19252	0.10208	0.02715	0.01307	0.00428	0.00808	0.41216	0.00894	0.00870
5	0.01204	0.00861	0.01145	0.01334	0.01411	0.00802	0.00901	0.01407	0.01961	0.02642	0.11775	0.58393	0.06736	0.02911	0.01226	0.00383	0.00550	0.02636	0.00920	0.00802
6	0.01409	0.00940	0.01057	0.01057	0.01057	0.00940	0.00587	0.01409	0.01409	0.01879	0.03054	0.06342	0.03524	0.65938	0.04933	0.00940	0.00940	0.01409	0.00587	0.00587
7	0.02411	0.02082	0.02192	0.01972	0.02520	0.02411	0.01534	0.05150	0.58142	0.04054	0.03945	0.03616	0.02959	0.01315	0.00986	0.00329	0.00767	0.01096	0.00986	0.01534
8	0.02288	0.02614	0.05719	0.04085	0.05065	0.02451	0.56373	0.03105	0.02288	0.03105	0.01961	0.02614	0.01471	0.00817	0.01144	0.00327	0.01634	0.01144	0.00490	0.01307
9	0.02591	0.66522	0.05079	0.01658	0.02488	0.03835	0.01658	0.02902	0.01969	0.02280	0.01347	0.01555	0.01244	0.00829	0.00622	0.00207	0.01036	0.00518	0.00415	0.01244
10	0.03533	0.02639	0.02823	0.02199	0.02948	0.02935	0.01805	0.50528	0.10936	0.05864	0.02520	0.02480	0.01804	0.01181	0.00972	0.00295	0.01031	0.00899	0.00972	0.01635
11	0.02230	0.03019	0.15023	0.03862	0.04919	0.02417	0.47474	0.03099	0.02247	0.03099	0.01923	0.02519	0.01430	0.00834	0.01106	0.00323	0.01600	0.01072	0.00477	0.01328
12	0.72785	0.01874	0.01425	0.01275	0.01874	0.02174	0.01050	0.02849	0.01649	0.04348	0.01350	0.01574	0.01050	0.00900	0.00600	0.00300	0.00750	0.00525	0.00600	0.01050
13	0.03620	0.04619	0.02747	0.02497	0.02996	0.62047	0.01873	0.03870	0.02747	0.02372	0.01498	0.01748	0.01248	0.00999	0.00874	0.00250	0.01748	0.00624	0.00499	0.01124
14	0.01490	0.01140	0.01673	0.01689	0.01950	0.01094	0.04774	0.01916	0.02315	0.03086	0.18517	0.15730	0.09880	0.02416	0.01254	0.00390	0.00768	0.28102	0.00911	0.00907
15	0.01372	0.00991	0.01296	0.01219	0.01448	0.00914	0.00914	0.01829	0.02743	0.03887	0.59381	0.07240	0.09145	0.01981	0.01143	0.00305	0.00457	0.01753	0.01067	0.00914
16	0.01145	0.00982	0.00982	0.00982	0.01309	0.00818	0.00736	0.01391	0.02209	0.02618	0.09818	0.09327	0.59499	0.02455	0.01145	0.00327	0.00491	0.02045	0.00900	0.00818
17	0.02399	0.02303	0.03934	0.05949	0.59893	0.02303	0.02974	0.02974	0.02207	0.03166	0.01823	0.02399	0.01535	0.00864	0.00960	0.00288	0.01151	0.00864	0.00480	0.01535
18	0.02299	0.02418	0.02942	0.02539	0.02598	0.10002	0.02091	0.02516	0.01635	0.02337	0.01299	0.02076	0.01269	0.01613	0.02906	0.00403	0.56734	0.00822	0.00433	0.01068

[dist]
# distance from previous block
# <min> <max>
0	2

# created by:
