[name]
unknown

[dist]
# distance from previous block
# <min> <max>
0	35

[block]
# block no. 0 follows, 24 sequences, length 14
# corresponding to MSA columns:
# 35-48
name=unknown_A
#
# <colnr> <probs for GDERKNQSTAVLIFYWHMCP>
#	G	D	E	R	K	N	Q	S	T	A	V	L	I	F	Y	W	H	M	C	P
0	0.01124	0.00821	0.01063	0.01030	0.01223	0.00759	0.00792	0.01484	0.02168	0.03017	0.55775	0.06367	0.11772	0.01710	0.00952	0.00263	0.00413	0.07681	0.00848	0.00740
1	0.20566	0.35093	0.11467	0.01654	0.02350	0.05818	0.08592	0.02440	0.01617	0.02442	0.01207	0.01433	0.00998	0.00708	0.00594	0.00211	0.00916	0.00508	0.00386	0.00999
2	0.02854	0.03552	0.02198	0.01996	0.02409	0.61624	0.01502	0.03281	0.09192	0.02091	0.01445	0.01597	0.01174	0.00845	0.00725	0.00211	0.01342	0.00553	0.00452	0.00956
3	0.00966	0.00690	0.00920	0.01104	0.01150	0.00644	0.00736	0.01104	0.01518	0.02024	0.04371	0.71614	0.05245	0.02484	0.01012	0.00322	0.00460	0.02254	0.00736	0.00644
4	0.00937	0.00803	0.00803	0.00803	0.01071	0.00669	0.00602	0.01138	0.01807	0.02142	0.08033	0.07632	0.66863	0.02008	0.00937	0.00268	0.00402	0.01674	0.00736	0.00669
5	0.02120	0.72609	0.04155	0.01357	0.02035	0.03138	0.01357	0.02374	0.01611	0.01866	0.01102	0.01272	0.01018	0.00678	0.00509	0.00170	0.00848	0.00424	0.00339	0.01018
6	0.01142	0.00764	0.00868	0.00880	0.00882	0.00761	0.00496	0.01150	0.01176	0.01567	0.02613	0.09263	0.03028	0.67861	0.03851	0.00741	0.00750	0.01221	0.00496	0.00491
7	0.02070	0.66139	0.10187	0.01442	0.02167	0.03015	0.01505	0.02387	0.01617	0.01927	0.01133	0.01310	0.01016	0.00686	0.00532	0.00177	0.00879	0.00439	0.00339	0.01032
8	0.01706	0.01301	0.02061	0.01711	0.02096	0.01251	0.15460	0.07450	0.04335	0.09731	0.07921	0.22989	0.09326	0.03911	0.01038	0.00299	0.00742	0.05067	0.00694	0.00912
9	0.01733	0.01760	0.08954	0.01338	0.02089	0.01240	0.01196	0.06370	0.01791	0.02743	0.01445	0.01666	0.01168	0.00631	0.00620	0.00140	0.00671	0.00499	0.00477	0.63468
10	0.02642	0.01908	0.02116	0.01596	0.02250	0.01935	0.01309	0.40922	0.02985	0.09117	0.01849	0.01887	0.01343	0.00844	0.00731	0.00202	0.00771	0.00647	0.00710	0.24237
11	0.04461	0.07593	0.28385	0.01896	0.06043	0.01847	0.01910	0.16368	0.02150	0.05707	0.01778	0.01972	0.01314	0.00829	0.00704	0.00229	0.00888	0.00641	0.14160	0.01125
12	0.05187	0.01623	0.01745	0.04913	0.02075	0.07602	0.01200	0.12893	0.11651	0.19823	0.12058	0.10419	0.02925	0.01215	0.00823	0.00254	0.00718	0.01007	0.00781	0.01090
13	0.07264	0.04629	0.10309	0.01810	0.05875	0.03885	0.01526	0.17483	0.16055	0.03371	0.09359	0.03282	0.02519	0.01127	0.00807	0.00259	0.00789	0.07878	0.00667	0.01104

[dist]
# distance from previous block
# <min> <max>
9	16

[block]
# block no. 1 follows, 24 sequences, length 10
# corresponding to MSA columns:
# 65-74
name=unknown_B
#
# <colnr> <probs for GDERKNQSTAVLIFYWHMCP>
#	G	D	E	R	K	N	Q	S	T	A	V	L	I	F	Y	W	H	M	C	P
0	0.02374	0.01529	0.01871	0.09694	0.02397	0.01597	0.01302	0.17086	0.13860	0.19200	0.06776	0.08974	0.02402	0.01122	0.00812	0.00249	0.00712	0.00938	0.00767	0.06338
1	0.06951	0.59822	0.11594	0.01444	0.02170	0.02895	0.01513	0.02388	0.01602	0.02052	0.01141	0.01321	0.01006	0.00691	0.00537	0.00184	0.00872	0.00444	0.00348	0.01026
2	0.01226	0.00895	0.01025	0.01028	0.01209	0.00865	0.00721	0.01631	0.09291	0.04557	0.10615	0.22184	0.21984	0.17246	0.01611	0.00388	0.00531	0.01559	0.00710	0.00723
3	0.01103	0.00748	0.00880	0.00929	0.00941	0.00736	0.00549	0.01140	0.01250	0.01667	0.02998	0.22894	0.03512	0.53568	0.03230	0.00650	0.00687	0.01447	0.00549	0.00524
4	0.18838	0.01850	0.01955	0.01540	0.02112	0.02001	0.01261	0.37339	0.02840	0.16119	0.01987	0.02068	0.01427	0.04102	0.00875	0.00265	0.00777	0.00689	0.00750	0.01206
5	0.09840	0.01637	0.01936	0.07817	0.02393	0.01654	0.03043	0.19008	0.06597	0.06515	0.01951	0.02468	0.01577	0.00904	0.00728	0.00217	0.00749	0.05581	0.00615	0.24769
6	0.13825	0.03041	0.37943	0.02242	0.03182	0.01814	0.16509	0.02516	0.01687	0.04971	0.01473	0.01754	0.01067	0.00733	0.00748	0.00248	0.01080	0.00644	0.00403	0.04118
7	0.02039	0.01485	0.01730	0.01320	0.01901	0.01347	0.01062	0.13859	0.02070	0.09010	0.01869	0.04962	0.01521	0.00838	0.00751	0.00176	0.03731	0.00656	0.06743	0.42928
8	0.07765	0.01126	0.01372	0.06595	0.01793	0.01150	0.01002	0.10407	0.01935	0.07815	0.08971	0.33574	0.03693	0.04460	0.00998	0.00295	0.00603	0.01458	0.00704	0.04285
9	0.02050	0.01345	0.01575	0.01324	0.01741	0.01334	0.01034	0.15107	0.09933	0.14051	0.16161	0.10612	0.06519	0.04396	0.00975	0.00266	0.00607	0.01098	0.00786	0.09086

[dist]
# distance from previous block
# <min> <max>
15	60

[block]
# block no. 2 follows, 24 sequences, length 19
# corresponding to MSA columns:
# 138-156
name=unknown_C
#
# <colnr> <probs for GDERKNQSTAVLIFYWHMCP>
#	G	D	E	R	K	N	Q	S	T	A	V	L	I	F	Y	W	H	M	C	P
0	0.22076	0.09090	0.28492	0.04848	0.02613	0.01922	0.01897	0.02396	0.01557	0.05298	0.01340	0.01600	0.01021	0.00803	0.00829	0.00244	0.07496	0.00547	0.00413	0.05519
1	0.24747	0.10384	0.24639	0.11583	0.02883	0.02016	0.01890	0.06013	0.01659	0.02808	0.01302	0.01592	0.00991	0.00783	0.00730	0.00245	0.03756	0.00550	0.00413	0.01016
2	0.31240	0.20871	0.12064	0.01459	0.02083	0.07368	0.01412	0.02545	0.01608	0.08122	0.01327	0.01489	0.01035	0.00778	0.00666	0.00227	0.03757	0.00499	0.00456	0.00993
3	0.13078	0.25218	0.17072	0.01731	0.02404	0.23947	0.01686	0.02654	0.01793	0.02273	0.01213	0.01413	0.00993	0.00748	0.00626	0.00209	0.01074	0.00488	0.00382	0.00997
4	0.10684	0.52245	0.15210	0.01482	0.02227	0.02751	0.01581	0.02394	0.01593	0.02175	0.01160	0.01346	0.00997	0.00698	0.00550	0.00193	0.00879	0.00454	0.00356	0.01027
5	0.03014	0.02221	0.02380	0.01825	0.02459	0.02459	0.01507	0.64541	0.03728	0.04998	0.01904	0.01904	0.01349	0.00952	0.00793	0.00238	0.00873	0.00714	0.00793	0.01349
6	0.02021	0.59787	0.16109	0.01526	0.02297	0.02895	0.01651	0.02400	0.01623	0.01987	0.01162	0.01347	0.01015	0.00692	0.00555	0.00185	0.00909	0.00454	0.00338	0.01047
7	0.03558	0.01350	0.01840	0.01411	0.02024	0.01166	0.01166	0.03865	0.02270	0.67734	0.03128	0.02699	0.01963	0.00981	0.00797	0.00245	0.00675	0.00797	0.00981	0.01350
8	0.01972	0.01703	0.01793	0.01614	0.02062	0.01972	0.01255	0.04214	0.65752	0.03317	0.03228	0.02959	0.02421	0.01076	0.00807	0.00269	0.00628	0.00897	0.00807	0.01255
9	0.08145	0.03881	0.62267	0.02155	0.03269	0.01836	0.02752	0.02496	0.01646	0.02601	0.01396	0.01641	0.00992	0.00752	0.00731	0.00251	0.01124	0.00572	0.00348	0.01145
10	0.03014	0.02221	0.02380	0.01825	0.02459	0.02459	0.01507	0.64541	0.03728	0.04998	0.01904	0.01904	0.01349	0.00952	0.00793	0.00238	0.00873	0.00714	0.00793	0.01349
11	0.03558	0.01350	0.01840	0.01411	0.02024	0.01166	0.01166	0.03865	0.02270	0.67734	0.03128	0.02699	0.01963	0.00981	0.00797	0.00245	0.00675	0.00797	0.00981	0.01350
12	0.02120	0.72609	0.04155	0.01357	0.02035	0.03138	0.01357	0.02374	0.01611	0.01866	0.01102	0.01272	0.01018	0.00678	0.00509	0.00170	0.00848	0.00424	0.00339	0.01018
13	0.03014	0.02221	0.02380	0.01825	0.02459	0.02459	0.01507	0.64541	0.03728	0.04998	0.01904	0.01904	0.01349	0.00952	0.00793	0.00238	0.00873	0.00714	0.00793	0.01349
14	0.01615	0.10443	0.58233	0.02104	0.03175	0.01904	0.02659	0.02442	0.01700	0.02487	0.05012	0.01871	0.01365	0.00794	0.00740	0.00243	0.01097	0.00618	0.00365	0.01134
15	0.02866	0.03619	0.02261	0.02046	0.02423	0.63735	0.01548	0.03068	0.02166	0.01938	0.01211	0.01454	0.01023	0.00862	0.00863	0.00215	0.06857	0.00525	0.00404	0.00915
16	0.01927	0.47655	0.27419	0.01686	0.02544	0.02666	0.01930	0.02424	0.01634	0.02101	0.01219	0.01419	0.01013	0.00706	0.00598	0.00199	0.00966	0.00483	0.00338	0.01074
17	0.14472	0.05339	0.04843	0.01416	0.01806	0.01276	0.01274	0.02249	0.01808	0.14518	0.03174	0.05729	0.03092	0.01570	0.00890	0.00306	0.00729	0.33910	0.00694	0.00903
18	0.02167	0.36391	0.06576	0.01463	0.02075	0.02378	0.01357	0.03038	0.20291	0.10272	0.02298	0.02246	0.04552	0.00895	0.00663	0.00217	0.00761	0.00672	0.00570	0.01119

[dist]
# distance from previous block
# <min> <max>
21	29

[block]
# block no. 3 follows, 24 sequences, length 42
# corresponding to MSA columns:
# 186-227
name=unknown_D
#
# <colnr> <probs for GDERKNQSTAVLIFYWHMCP>
#	G	D	E	R	K	N	Q	S	T	A	V	L	I	F	Y	W	H	M	C	P
0	0.13579	0.57393	0.03559	0.01313	0.01959	0.02808	0.01270	0.02463	0.01614	0.06307	0.01231	0.01365	0.01054	0.00706	0.00524	0.00186	0.00802	0.00449	0.00403	0.01015
1	0.02810	0.01734	0.08723	0.01497	0.02160	0.01376	0.01336	0.10304	0.04498	0.37847	0.05411	0.02483	0.01929	0.00922	0.00764	0.00225	0.00720	0.00744	0.00797	0.13719
2	0.01720	0.20858	0.52401	0.02039	0.03090	0.02159	0.02545	0.02478	0.01659	0.02353	0.01345	0.01576	0.01008	0.00735	0.00694	0.00231	0.01093	0.00546	0.00336	0.01134
3	0.05227	0.01651	0.07979	0.01470	0.02015	0.01436	0.01284	0.07971	0.15401	0.28203	0.15472	0.03183	0.02976	0.01095	0.00811	0.00251	0.00666	0.00905	0.00830	0.01176
4	0.01855	0.01104	0.01376	0.01270	0.01588	0.01084	0.00984	0.02535	0.14796	0.18423	0.19920	0.17334	0.06570	0.01580	0.00904	0.00276	0.00542	0.06043	0.00844	0.00971
5	0.01607	0.03989	0.64391	0.02322	0.03473	0.01851	0.06449	0.02513	0.01686	0.02513	0.01433	0.01701	0.01016	0.00749	0.00764	0.00252	0.01181	0.00606	0.00339	0.01166
6	0.06845	0.01593	0.02064	0.35338	0.12325	0.08455	0.01738	0.02115	0.01697	0.02313	0.02141	0.02585	0.07426	0.00910	0.00750	0.00244	0.00911	0.00762	0.08890	0.00898
7	0.01514	0.01442	0.02483	0.67199	0.05402	0.01773	0.05012	0.02049	0.01599	0.02049	0.01418	0.02115	0.01064	0.00787	0.00799	0.00264	0.01070	0.00715	0.00355	0.00889
8	0.02011	0.02659	0.28162	0.07295	0.08268	0.01784	0.14840	0.02870	0.08856	0.12513	0.01922	0.02119	0.01370	0.00806	0.00808	0.00255	0.01044	0.00741	0.00504	0.01173
9	0.01153	0.00769	0.00865	0.00865	0.00865	0.00769	0.00480	0.01153	0.01153	0.01538	0.02499	0.05189	0.02883	0.72131	0.04036	0.00769	0.00769	0.01153	0.00480	0.00480
10	0.01271	0.00908	0.01268	0.01439	0.01622	0.00905	0.01253	0.01636	0.01845	0.02411	0.07125	0.08804	0.04700	0.02164	0.01088	0.00360	0.00714	0.59022	0.00737	0.00731
11	0.01963	0.01884	0.03219	0.04867	0.67185	0.01884	0.02434	0.02434	0.01806	0.02591	0.01492	0.01963	0.01256	0.00707	0.00785	0.00236	0.00942	0.00707	0.00393	0.01256
12	0.02997	0.06499	0.01981	0.01478	0.02028	0.08951	0.01204	0.03598	0.12539	0.41966	0.03054	0.02764	0.05299	0.01012	0.00778	0.00241	0.00749	0.00803	0.00833	0.01228
13	0.01133	0.00850	0.01274	0.01274	0.01416	0.00991	0.00991	0.01416	0.01274	0.01841	0.02124	0.03115	0.01982	0.05947	0.68989	0.01274	0.02124	0.00850	0.00425	0.00708
14	0.01122	0.00811	0.01060	0.00998	0.01185	0.00748	0.00748	0.01496	0.02245	0.03180	0.66766	0.05923	0.07482	0.01621	0.00935	0.00249	0.00374	0.01434	0.00873	0.00748
15	0.04354	0.06492	0.52522	0.02175	0.03225	0.01841	0.06805	0.02630	0.01731	0.08716	0.01573	0.01773	0.01105	0.00766	0.00751	0.00248	0.01104	0.00618	0.00406	0.01165
16	0.01963	0.01884	0.03219	0.04867	0.67185	0.01884	0.02434	0.02434	0.01806	0.02591	0.01492	0.01963	0.01256	0.00707	0.00785	0.00236	0.00942	0.00707	0.00393	0.01256
17	0.01068	0.00794	0.00999	0.01009	0.01186	0.00724	0.00752	0.01365	0.02001	0.02717	0.40032	0.18498	0.18319	0.01890	0.00960	0.00274	0.00418	0.05471	0.00812	0.00713
18	0.01153	0.00769	0.00865	0.00865	0.00865	0.00769	0.00480	0.01153	0.01153	0.01538	0.02499	0.05189	0.02883	0.72131	0.04036	0.00769	0.00769	0.01153	0.00480	0.00480
19	0.01746	0.01761	0.02348	0.02029	0.02054	0.05022	0.01679	0.01928	0.01260	0.01905	0.01117	0.01810	0.01100	0.01655	0.06746	0.00400	0.63527	0.00696	0.00354	0.00859
20	0.74165	0.01566	0.01223	0.01080	0.01578	0.01811	0.00890	0.05302	0.01463	0.03627	0.01142	0.01318	0.00882	0.00746	0.00505	0.00245	0.00626	0.00443	0.00505	0.00882
21	0.06135	0.01849	0.02720	0.28057	0.35847	0.07351	0.02187	0.02341	0.01737	0.02387	0.01418	0.01936	0.01142	0.00749	0.00766	0.00244	0.01005	0.00674	0.00385	0.01070
22	0.01648	0.09461	0.59582	0.02245	0.03358	0.01954	0.06048	0.02502	0.01680	0.02461	0.01407	0.01667	0.01016	0.00743	0.00744	0.00245	0.01155	0.00592	0.00339	0.01154
23	0.02023	0.59989	0.15920	0.01523	0.02293	0.02899	0.01647	0.02400	0.01623	0.01985	0.01162	0.01346	0.01015	0.00692	0.00554	0.00185	0.00908	0.00454	0.00338	0.01046
24	0.01143	0.00765	0.00868	0.00878	0.00880	0.00762	0.00494	0.01151	0.01172	0.01563	0.02598	0.08700	0.03008	0.68450	0.03876	0.00745	0.00752	0.01211	0.00494	0.00489
25	0.06400	0.61287	0.10740	0.01434	0.02154	0.02923	0.01495	0.02386	0.01603	0.02031	0.01136	0.01316	0.01007	0.00690	0.00534	0.00183	0.00869	0.00441	0.00347	0.01025
26	0.01864	0.02116	0.04553	0.03271	0.04028	0.02029	0.60788	0.02505	0.01835	0.02505	0.01573	0.02116	0.01194	0.00709	0.01029	0.00272	0.05234	0.00922	0.00398	0.01058
27	0.01590	0.04102	0.68023	0.02260	0.03432	0.01842	0.02930	0.02511	0.01674	0.02511	0.01423	0.01674	0.01005	0.00753	0.00753	0.00251	0.01172	0.00586	0.00335	0.01172
28	0.01590	0.04102	0.68023	0.02260	0.03432	0.01842	0.02930	0.02511	0.01674	0.02511	0.01423	0.01674	0.01005	0.00753	0.00753	0.00251	0.01172	0.00586	0.00335	0.01172
29	0.01959	0.01894	0.03278	0.04806	0.64630	0.01889	0.04941	0.02438	0.01808	0.02589	0.01496	0.01970	0.01254	0.00705	0.00791	0.00237	0.00958	0.00716	0.00393	0.01249
30	0.03558	0.01350	0.01840	0.01411	0.02024	0.01166	0.01166	0.03865	0.02270	0.67734	0.03128	0.02699	0.01963	0.00981	0.00797	0.00245	0.00675	0.00797	0.00981	0.01350
31	0.01512	0.01418	0.02345	0.55967	0.09506	0.01741	0.02087	0.01985	0.01572	0.02060	0.01592	0.06807	0.01356	0.00943	0.00932	0.00272	0.05823	0.00810	0.00381	0.00892
32	0.01153	0.00769	0.00865	0.00865	0.00865	0.00769	0.00480	0.01153	0.01153	0.01538	0.02499	0.05189	0.02883	0.72131	0.04036	0.00769	0.00769	0.01153	0.00480	0.00480
33	0.77733	0.01534	0.01166	0.01043	0.01534	0.01779	0.00859	0.02331	0.01350	0.03558	0.01104	0.01288	0.00859	0.00736	0.00491	0.00245	0.00613	0.00429	0.00491	0.00859
34	0.01626	0.03856	0.60079	0.02396	0.03521	0.01862	0.10627	0.02515	0.01699	0.02515	0.01446	0.01732	0.01029	0.00743	0.00776	0.00253	0.01193	0.00630	0.00343	0.01159
35	0.00966	0.00690	0.00920	0.01104	0.01150	0.00644	0.00736	0.01104	0.01518	0.02024	0.04371	0.71614	0.05245	0.02484	0.01012	0.00322	0.00460	0.02254	0.00736	0.00644
36	0.01478	0.00739	0.00739	0.00739	0.00924	0.00739	0.00554	0.01848	0.01663	0.02956	0.02587	0.02956	0.02033	0.00924	0.00554	0.00185	0.00370	0.00739	0.76534	0.00739
37	0.05356	0.02100	0.02227	0.01758	0.02352	0.02344	0.01437	0.50980	0.15416	0.04630	0.02128	0.02083	0.01535	0.00968	0.00786	0.00244	0.00817	0.00739	0.00786	0.01314
38	0.77733	0.01534	0.01166	0.01043	0.01534	0.01779	0.00859	0.02331	0.01350	0.03558	0.01104	0.01288	0.00859	0.00736	0.00491	0.00245	0.00613	0.00429	0.00491	0.00859
39	0.01679	0.15507	0.57390	0.02110	0.03200	0.02057	0.02668	0.02489	0.01664	0.02404	0.01370	0.01607	0.01007	0.00741	0.00713	0.00238	0.01118	0.00559	0.00336	0.01146
40	0.02970	0.03467	0.02209	0.01974	0.02409	0.58823	0.01496	0.06122	0.04595	0.06611	0.01459	0.01593	0.01151	0.00844	0.00728	0.00211	0.01324	0.00554	0.00480	0.00981
41	0.61576	0.01745	0.01379	0.01211	0.01705	0.06119	0.00983	0.07714	0.05989	0.03559	0.01323	0.01462	0.01016	0.00782	0.00552	0.00244	0.00688	0.00490	0.00532	0.00931

[dist]
# distance from previous block
# <min> <max>
0	1

[block]
# block no. 4 follows, 24 sequences, length 72
# corresponding to MSA columns:
# 229-300
name=unknown_E
#
# <colnr> <probs for GDERKNQSTAVLIFYWHMCP>
#	G	D	E	R	K	N	Q	S	T	A	V	L	I	F	Y	W	H	M	C	P
0	0.02010	0.01899	0.03181	0.04729	0.64248	0.01910	0.02392	0.05252	0.01893	0.02700	0.01510	0.01960	0.01260	0.00718	0.00785	0.00236	0.00939	0.00707	0.00411	0.01260
1	0.73910	0.01524	0.01200	0.01062	0.01559	0.01747	0.00875	0.02410	0.01397	0.06866	0.01208	0.01361	0.00916	0.00749	0.00507	0.00245	0.00617	0.00448	0.00516	0.00884
2	0.01498	0.01409	0.02378	0.70226	0.05462	0.01762	0.02202	0.02026	0.01586	0.02026	0.01409	0.02114	0.01057	0.00793	0.00793	0.00264	0.01057	0.00705	0.00352	0.00881
3	0.01630	0.06752	0.61359	0.02293	0.03421	0.01905	0.06814	0.02508	0.01684	0.02487	0.01422	0.01688	0.01018	0.00745	0.00755	0.00249	0.01169	0.00602	0.00339	0.01159
4	0.01377	0.00689	0.01033	0.01033	0.01033	0.00689	0.00689	0.01033	0.01033	0.01377	0.01377	0.02410	0.01377	0.02755	0.03099	0.76928	0.00689	0.00689	0.00344	0.00344
5	0.01153	0.00769	0.00865	0.00865	0.00865	0.00769	0.00480	0.01153	0.01153	0.01538	0.02499	0.05189	0.02883	0.72131	0.04036	0.00769	0.00769	0.01153	0.00480	0.00480
6	0.03514	0.01419	0.01884	0.01444	0.02059	0.01269	0.01193	0.08728	0.02387	0.62706	0.03030	0.02635	0.01914	0.00979	0.00797	0.00245	0.00691	0.00791	0.00966	0.01349
7	0.01896	0.01839	0.03203	0.13290	0.55082	0.01876	0.06384	0.02387	0.01781	0.02514	0.01488	0.01994	0.01227	0.00715	0.00796	0.00241	0.00982	0.00721	0.00388	0.01195
8	0.01133	0.00850	0.01274	0.01274	0.01416	0.00991	0.00991	0.01416	0.01274	0.01841	0.02124	0.03115	0.01982	0.05947	0.68989	0.01274	0.02124	0.00850	0.00425	0.00708
9	0.01113	0.00810	0.01047	0.00988	0.01179	0.00744	0.00741	0.01478	0.02222	0.03126	0.63739	0.06011	0.10543	0.01641	0.00935	0.00250	0.00376	0.01446	0.00866	0.00744
10	0.03014	0.02221	0.02380	0.01825	0.02459	0.02459	0.01507	0.64541	0.03728	0.04998	0.01904	0.01904	0.01349	0.00952	0.00793	0.00238	0.00873	0.00714	0.00793	0.01349
11	0.03235	0.01278	0.01737	0.01356	0.01913	0.01110	0.01110	0.03551	0.02266	0.59183	0.11559	0.03126	0.02694	0.01066	0.00816	0.00246	0.00635	0.00882	0.00967	0.01270
12	0.01872	0.02139	0.04679	0.03342	0.04144	0.02005	0.64305	0.02540	0.01872	0.02540	0.01604	0.02139	0.01203	0.00668	0.00936	0.00267	0.01337	0.00936	0.00401	0.01070
13	0.01498	0.01409	0.02378	0.70226	0.05462	0.01762	0.02202	0.02026	0.01586	0.02026	0.01409	0.02114	0.01057	0.00793	0.00793	0.00264	0.01057	0.00705	0.00352	0.00881
14	0.01649	0.00904	0.00922	0.00860	0.01095	0.00931	0.00661	0.08836	0.01893	0.03184	0.02511	0.02839	0.01956	0.00927	0.00581	0.00191	0.00426	0.00736	0.68091	0.00807
15	0.02107	0.02355	0.02374	0.02070	0.02194	0.22595	0.01673	0.02290	0.01528	0.01918	0.01097	0.01642	0.01035	0.01215	0.02030	0.00304	0.49686	0.00638	0.00366	0.00883
16	0.03014	0.02221	0.02380	0.01825	0.02459	0.02459	0.01507	0.64541	0.03728	0.04998	0.01904	0.01904	0.01349	0.00952	0.00793	0.00238	0.00873	0.00714	0.00793	0.01349
17	0.01963	0.01884	0.03219	0.04867	0.67185	0.01884	0.02434	0.02434	0.01806	0.02591	0.01492	0.01963	0.01256	0.00707	0.00785	0.00236	0.00942	0.00707	0.00393	0.01256
18	0.01479	0.00769	0.00813	0.03864	0.01128	0.00785	0.00628	0.01856	0.01659	0.02915	0.02534	0.02919	0.01989	0.00918	0.00565	0.00188	0.00400	0.00738	0.73108	0.00745
19	0.01122	0.00811	0.01060	0.00998	0.01185	0.00748	0.00748	0.01496	0.02245	0.03180	0.66766	0.05923	0.07482	0.01621	0.00935	0.00249	0.00374	0.01434	0.00873	0.00748
20	0.02802	0.02042	0.02180	0.01702	0.02280	0.02257	0.01396	0.54960	0.06716	0.04700	0.02043	0.02067	0.01474	0.00955	0.00769	0.00234	0.00808	0.00726	0.08607	0.01281
21	0.01590	0.04102	0.68023	0.02260	0.03432	0.01842	0.02930	0.02511	0.01674	0.02511	0.01423	0.01674	0.01005	0.00753	0.00753	0.00251	0.01172	0.00586	0.00335	0.01172
22	0.02821	0.01651	0.02904	0.02129	0.02819	0.01478	0.25040	0.03267	0.02087	0.39693	0.02463	0.02433	0.01635	0.00843	0.00839	0.00247	0.00921	0.00833	0.00735	0.05164
23	0.02039	0.01737	0.01831	0.01627	0.02088	0.02004	0.01271	0.08095	0.61762	0.03425	0.03142	0.02891	0.02352	0.01068	0.00806	0.00267	0.00643	0.00885	0.00806	0.01261
24	0.01153	0.00769	0.00865	0.00865	0.00865	0.00769	0.00480	0.01153	0.01153	0.01538	0.02499	0.05189	0.02883	0.72131	0.04036	0.00769	0.00769	0.01153	0.00480	0.00480
25	0.01133	0.00850	0.01274	0.01274	0.01416	0.00991	0.00991	0.01416	0.01274	0.01841	0.02124	0.03115	0.01982	0.05947	0.68989	0.01274	0.02124	0.00850	0.00425	0.00708
26	0.01498	0.01409	0.02378	0.70226	0.05462	0.01762	0.02202	0.02026	0.01586	0.02026	0.01409	0.02114	0.01057	0.00793	0.00793	0.00264	0.01057	0.00705	0.00352	0.00881
27	0.00966	0.00690	0.00920	0.01104	0.01150	0.00644	0.00736	0.01104	0.01518	0.02024	0.04371	0.71614	0.05245	0.02484	0.01012	0.00322	0.00460	0.02254	0.00736	0.00644
28	0.01128	0.00815	0.01068	0.01016	0.01202	0.00755	0.00769	0.01502	0.02228	0.03149	0.64348	0.06040	0.07369	0.01643	0.00941	0.00254	0.00388	0.03769	0.00867	0.00748
29	0.01872	0.02139	0.04679	0.03342	0.04144	0.02005	0.64305	0.02540	0.01872	0.02540	0.01604	0.02139	0.01203	0.00668	0.00936	0.00267	0.01337	0.00936	0.00401	0.01070
30	0.03057	0.02153	0.02338	0.01792	0.02425	0.02358	0.01481	0.59806	0.03615	0.09893	0.01999	0.01966	0.01397	0.00954	0.00794	0.00239	0.00857	0.00720	0.00808	0.01349
31	0.01153	0.00769	0.00865	0.00865	0.00865	0.00769	0.00480	0.01153	0.01153	0.01538	0.02499	0.05189	0.02883	0.72131	0.04036	0.00769	0.00769	0.01153	0.00480	0.00480
32	0.03558	0.01350	0.01840	0.01411	0.02024	0.01166	0.01166	0.03865	0.02270	0.67734	0.03128	0.02699	0.01963	0.00981	0.00797	0.00245	0.00675	0.00797	0.00981	0.01350
33	0.01112	0.00803	0.01051	0.01004	0.01182	0.00742	0.00747	0.01471	0.02198	0.03106	0.62753	0.10149	0.07338	0.01677	0.00940	0.00254	0.00380	0.01487	0.00864	0.00742
34	0.01129	0.00815	0.01069	0.01017	0.01204	0.00755	0.00770	0.01503	0.02227	0.03146	0.64150	0.06050	0.07360	0.01645	0.00942	0.00254	0.00389	0.03960	0.00867	0.00747
35	0.00966	0.00690	0.00920	0.01104	0.01150	0.00644	0.00736	0.01104	0.01518	0.02024	0.04371	0.71614	0.05245	0.02484	0.01012	0.00322	0.00460	0.02254	0.00736	0.00644
36	0.01152	0.00773	0.00884	0.00884	0.00891	0.00779	0.00505	0.01166	0.01159	0.01552	0.02481	0.05092	0.02840	0.69011	0.07098	0.00793	0.00833	0.01139	0.00478	0.00491
37	0.01590	0.04102	0.68023	0.02260	0.03432	0.01842	0.02930	0.02511	0.01674	0.02511	0.01423	0.01674	0.01005	0.00753	0.00753	0.00251	0.01172	0.00586	0.00335	0.01172
38	0.01478	0.00739	0.00739	0.00739	0.00924	0.00739	0.00554	0.01848	0.01663	0.02956	0.02587	0.02956	0.02033	0.00924	0.00554	0.00185	0.00370	0.00739	0.76534	0.00739
39	0.01243	0.01002	0.01445	0.01383	0.01486	0.01230	0.01079	0.01481	0.01253	0.01826	0.01963	0.03054	0.01894	0.11087	0.51188	0.01062	0.14344	0.00849	0.00416	0.00716
40	0.01872	0.02139	0.04679	0.03342	0.04144	0.02005	0.64305	0.02540	0.01872	0.02540	0.01604	0.02139	0.01203	0.00668	0.00936	0.00267	0.01337	0.00936	0.00401	0.01070
41	0.01235	0.00884	0.01221	0.01355	0.01534	0.00870	0.01153	0.01593	0.01896	0.02519	0.16549	0.10759	0.05166	0.02090	0.01061	0.00341	0.00650	0.47637	0.00759	0.00730
42	0.02120	0.72609	0.04155	0.01357	0.02035	0.03138	0.01357	0.02374	0.01611	0.01866	0.01102	0.01272	0.01018	0.00678	0.00509	0.00170	0.00848	0.00424	0.00339	0.01018
43	0.02120	0.72609	0.04155	0.01357	0.02035	0.03138	0.01357	0.02374	0.01611	0.01866	0.01102	0.01272	0.01018	0.00678	0.00509	0.00170	0.00848	0.00424	0.00339	0.01018
44	0.01133	0.00850	0.01274	0.01274	0.01416	0.00991	0.00991	0.01416	0.01274	0.01841	0.02124	0.03115	0.01982	0.05947	0.68989	0.01274	0.02124	0.00850	0.00425	0.00708
45	0.12060	0.01919	0.02004	0.01595	0.02154	0.02115	0.01301	0.41850	0.10460	0.04361	0.04856	0.02162	0.01707	0.00954	0.00745	0.00236	0.00757	0.00723	0.03839	0.04200
46	0.01644	0.01409	0.01644	0.01175	0.01879	0.01057	0.00940	0.01997	0.01644	0.02584	0.01409	0.01644	0.01175	0.00587	0.00587	0.00117	0.00587	0.00470	0.00470	0.76979
47	0.03558	0.01350	0.01840	0.01411	0.02024	0.01166	0.01166	0.03865	0.02270	0.67734	0.03128	0.02699	0.01963	0.00981	0.00797	0.00245	0.00675	0.00797	0.00981	0.01350
48	0.01963	0.01884	0.03219	0.04867	0.67185	0.01884	0.02434	0.02434	0.01806	0.02591	0.01492	0.01963	0.01256	0.00707	0.00785	0.00236	0.00942	0.00707	0.00393	0.01256
49	0.02644	0.03249	0.02294	0.02053	0.02356	0.51707	0.01585	0.02840	0.01980	0.01932	0.01178	0.01509	0.01027	0.00965	0.01204	0.00241	0.19379	0.00558	0.00393	0.00906
50	0.00966	0.00690	0.00920	0.01104	0.01150	0.00644	0.00736	0.01104	0.01518	0.02024	0.04371	0.71614	0.05245	0.02484	0.01012	0.00322	0.00460	0.02254	0.00736	0.00644
51	0.01278	0.00913	0.01278	0.01460	0.01643	0.00913	0.01278	0.01643	0.01825	0.02373	0.04199	0.08945	0.04564	0.02191	0.01095	0.00365	0.00730	0.61847	0.00730	0.00730
52	0.01972	0.01703	0.01793	0.01614	0.02062	0.01972	0.01255	0.04214	0.65752	0.03317	0.03228	0.02959	0.02421	0.01076	0.00807	0.00269	0.00628	0.00897	0.00807	0.01255
53	0.01278	0.00913	0.01278	0.01460	0.01643	0.00913	0.01278	0.01643	0.01825	0.02373	0.04199	0.08945	0.04564	0.02191	0.01095	0.00365	0.00730	0.61847	0.00730	0.00730
54	0.01478	0.00739	0.00739	0.00739	0.00924	0.00739	0.00554	0.01848	0.01663	0.02956	0.02587	0.02956	0.02033	0.00924	0.00554	0.00185	0.00370	0.00739	0.76534	0.00739
55	0.01153	0.00769	0.00865	0.00865	0.00865	0.00769	0.00480	0.01153	0.01153	0.01538	0.02499	0.05189	0.02883	0.72131	0.04036	0.00769	0.00769	0.01153	0.00480	0.00480
56	0.01972	0.01703	0.01793	0.01614	0.02062	0.01972	0.01255	0.04214	0.65752	0.03317	0.03228	0.02959	0.02421	0.01076	0.00807	0.00269	0.00628	0.00897	0.00807	0.01255
57	0.01134	0.00845	0.01253	0.01253	0.01387	0.00980	0.00965	0.01402	0.01268	0.01825	0.02143	0.03223	0.02029	0.09378	0.65622	0.01248	0.02054	0.00865	0.00428	0.00696
58	0.01135	0.00843	0.01239	0.01239	0.01368	0.00972	0.00947	0.01393	0.01264	0.01815	0.02157	0.03295	0.02061	0.11691	0.63353	0.01231	0.02006	0.00876	0.00430	0.00688
59	0.01258	0.01034	0.01515	0.01443	0.01555	0.01291	0.01146	0.01519	0.01262	0.01855	0.01898	0.02828	0.01786	0.04997	0.55154	0.01081	0.16411	0.00817	0.00409	0.00741
60	0.01105	0.00896	0.00989	0.00999	0.01249	0.00829	0.00776	0.01509	0.07141	0.02339	0.11731	0.07207	0.43259	0.05052	0.01091	0.00305	0.00489	0.11566	0.00741	0.00727
61	0.77733	0.01534	0.01166	0.01043	0.01534	0.01779	0.00859	0.02331	0.01350	0.03558	0.01104	0.01288	0.00859	0.00736	0.00491	0.00245	0.00613	0.00429	0.00491	0.00859
62	0.01923	0.01844	0.03147	0.10441	0.61921	0.01874	0.02414	0.02399	0.01787	0.02543	0.01485	0.01976	0.01239	0.00714	0.00786	0.00238	0.00952	0.00706	0.00389	0.01224
63	0.02421	0.01694	0.01850	0.01503	0.01974	0.01824	0.01203	0.38994	0.05823	0.07375	0.05186	0.08319	0.05490	0.03856	0.00923	0.00263	0.00719	0.00948	0.08499	0.01134
64	0.01824	0.02018	0.04199	0.07423	0.03964	0.01936	0.52688	0.02437	0.01807	0.02482	0.01552	0.02082	0.01184	0.00702	0.00974	0.00259	0.04350	0.00875	0.00401	0.06841
65	0.01322	0.01068	0.01300	0.01141	0.01533	0.00861	0.00843	0.01572	0.01584	0.02318	0.02817	0.34901	0.03109	0.01489	0.00789	0.00215	0.00527	0.01318	0.00596	0.40697
66	0.02943	0.02179	0.02342	0.01791	0.02429	0.02386	0.01478	0.61299	0.03620	0.04873	0.01878	0.01890	0.01340	0.00933	0.00783	0.00232	0.00858	0.00701	0.00777	0.05269
67	0.01644	0.01409	0.01644	0.01175	0.01879	0.01057	0.00940	0.01997	0.01644	0.02584	0.01409	0.01644	0.01175	0.00587	0.00587	0.00117	0.00587	0.00470	0.00470	0.76979
68	0.02599	0.01956	0.02103	0.01714	0.02268	0.02185	0.01382	0.35760	0.30024	0.07521	0.02530	0.02393	0.01836	0.01006	0.00799	0.00252	0.00758	0.00796	0.00809	0.01309
69	0.01631	0.09329	0.63149	0.02191	0.03326	0.01941	0.02810	0.02501	0.01669	0.02462	0.01399	0.01644	0.01006	0.00748	0.00735	0.00245	0.01147	0.00574	0.00335	0.01160
70	0.00966	0.00690	0.00920	0.01104	0.01150	0.00644	0.00736	0.01104	0.01518	0.02024	0.04371	0.71614	0.05245	0.02484	0.01012	0.00322	0.00460	0.02254	0.00736	0.00644
71	0.00976	0.00694	0.00917	0.01092	0.01135	0.00651	0.00723	0.01107	0.01499	0.01999	0.04274	0.68186	0.05123	0.06079	0.01168	0.00345	0.00476	0.02197	0.00723	0.00636

[dist]
# distance from previous block
# <min> <max>
2	4

[block]
# block no. 5 follows, 24 sequences, length 31
# corresponding to MSA columns:
# 305-335
name=unknown_F
#
# <colnr> <probs for GDERKNQSTAVLIFYWHMCP>
#	G	D	E	R	K	N	Q	S	T	A	V	L	I	F	Y	W	H	M	C	P
0	0.01819	0.01404	0.01662	0.01196	0.01892	0.01067	0.00960	0.02167	0.01701	0.08528	0.01566	0.01741	0.01246	0.00623	0.00606	0.00129	0.00595	0.00500	0.00516	0.70079
1	0.02159	0.01659	0.01948	0.01475	0.02108	0.01552	0.03115	0.21907	0.05097	0.06670	0.01901	0.05711	0.01549	0.00851	0.00707	0.00185	0.00700	0.00695	0.00625	0.39387
2	0.15855	0.01365	0.01638	0.01313	0.01835	0.01312	0.01071	0.08478	0.02234	0.40230	0.13522	0.02937	0.02660	0.01046	0.00768	0.00245	0.00630	0.00835	0.00862	0.01163
3	0.61442	0.01575	0.01364	0.01162	0.01682	0.01765	0.00958	0.08326	0.01687	0.11757	0.01433	0.01523	0.01043	0.00787	0.00557	0.00245	0.00645	0.00502	0.00581	0.00966
4	0.01037	0.00796	0.01006	0.04853	0.01406	0.00754	0.00826	0.01234	0.01623	0.02071	0.05165	0.36527	0.23302	0.06762	0.01185	0.00337	0.00529	0.09223	0.00698	0.00665
5	0.02120	0.72609	0.04155	0.01357	0.02035	0.03138	0.01357	0.02374	0.01611	0.01866	0.01102	0.01272	0.01018	0.00678	0.00509	0.00170	0.00848	0.00424	0.00339	0.01018
6	0.02874	0.02127	0.02287	0.01782	0.02381	0.02353	0.01460	0.59036	0.06212	0.04787	0.02075	0.05231	0.01577	0.01029	0.00804	0.00243	0.00843	0.00794	0.00791	0.01311
7	0.01133	0.00850	0.01274	0.01274	0.01416	0.00991	0.00991	0.01416	0.01274	0.01841	0.02124	0.03115	0.01982	0.05947	0.68989	0.01274	0.02124	0.00850	0.00425	0.00708
8	0.00965	0.00696	0.00914	0.01088	0.01146	0.00645	0.00729	0.01106	0.01534	0.02031	0.04573	0.68086	0.08643	0.02458	0.01008	0.00319	0.00457	0.02222	0.00736	0.00645
9	0.02350	0.02757	0.02328	0.26643	0.06821	0.39006	0.01809	0.02757	0.04269	0.02054	0.01377	0.01758	0.01096	0.00812	0.00750	0.00230	0.01242	0.00604	0.00402	0.00935
10	0.07230	0.01955	0.02770	0.03560	0.40574	0.02054	0.02000	0.21178	0.05164	0.03409	0.01667	0.01945	0.01309	0.00798	0.00769	0.00238	0.00886	0.00699	0.00538	0.01258
11	0.16041	0.01438	0.01762	0.01376	0.01970	0.01354	0.01136	0.07570	0.02210	0.52804	0.02707	0.02409	0.01736	0.00938	0.00745	0.00245	0.00677	0.00730	0.00886	0.01267
12	0.02728	0.03336	0.02475	0.02704	0.17606	0.53247	0.01743	0.02995	0.02144	0.02093	0.01288	0.01555	0.01076	0.00791	0.00731	0.00212	0.01316	0.00557	0.00405	0.00998
13	0.02324	0.01742	0.01918	0.01556	0.02036	0.01898	0.01253	0.38036	0.11800	0.04242	0.20847	0.03211	0.03270	0.01162	0.00836	0.00246	0.00695	0.00947	0.00818	0.01162
14	0.01377	0.00689	0.01033	0.01033	0.01033	0.00689	0.00689	0.01033	0.01033	0.01377	0.01377	0.02410	0.01377	0.02755	0.03099	0.76928	0.00689	0.00689	0.00344	0.00344
15	0.00966	0.00690	0.00920	0.01104	0.01150	0.00644	0.00736	0.01104	0.01518	0.02024	0.04371	0.71614	0.05245	0.02484	0.01012	0.00322	0.00460	0.02254	0.00736	0.00644
16	0.02808	0.02043	0.02210	0.01746	0.02330	0.02255	0.01424	0.49753	0.13386	0.07832	0.02259	0.04477	0.01682	0.01025	0.00803	0.00246	0.00810	0.00799	0.00803	0.01310
17	0.70324	0.04848	0.01301	0.01055	0.01540	0.01791	0.00877	0.02291	0.01407	0.03459	0.04398	0.01520	0.01199	0.00778	0.00514	0.00242	0.00612	0.00480	0.00503	0.00861
18	0.01963	0.01884	0.03219	0.04867	0.67185	0.01884	0.02434	0.02434	0.01806	0.02591	0.01492	0.01963	0.01256	0.00707	0.00785	0.00236	0.00942	0.00707	0.00393	0.01256
19	0.01963	0.01884	0.03219	0.04867	0.67185	0.01884	0.02434	0.02434	0.01806	0.02591	0.01492	0.01963	0.01256	0.00707	0.00785	0.00236	0.00942	0.00707	0.00393	0.01256
20	0.09478	0.65692	0.03864	0.01326	0.01986	0.03005	0.01308	0.02370	0.01586	0.02030	0.01103	0.01274	0.01002	0.00684	0.00507	0.00177	0.00825	0.00425	0.00354	0.01002
21	0.02447	0.01176	0.01608	0.01335	0.01805	0.01032	0.03993	0.02747	0.02064	0.37804	0.04589	0.04859	0.20757	0.01410	0.00881	0.00268	0.00635	0.08672	0.00853	0.01065
22	0.03558	0.01350	0.01840	0.01411	0.02024	0.01166	0.01166	0.03865	0.02270	0.67734	0.03128	0.02699	0.01963	0.00981	0.00797	0.00245	0.00675	0.00797	0.00981	0.01350
23	0.01590	0.04102	0.68023	0.02260	0.03432	0.01842	0.02930	0.02511	0.01674	0.02511	0.01423	0.01674	0.01005	0.00753	0.00753	0.00251	0.01172	0.00586	0.00335	0.01172
24	0.01549	0.01462	0.02471	0.63025	0.12261	0.01775	0.02228	0.02071	0.01610	0.02088	0.01418	0.02097	0.01079	0.00783	0.00792	0.00261	0.01044	0.00705	0.00357	0.00922
25	0.00994	0.00710	0.00952	0.01136	0.01194	0.00668	0.00784	0.01152	0.01545	0.02055	0.04355	0.66096	0.05185	0.02458	0.01019	0.00326	0.00484	0.07502	0.00736	0.00652
26	0.00966	0.00690	0.00920	0.01104	0.01150	0.00644	0.00736	0.01104	0.01518	0.02024	0.04371	0.71614	0.05245	0.02484	0.01012	0.00322	0.00460	0.02254	0.00736	0.00644
27	0.01963	0.01884	0.03219	0.04867	0.67185	0.01884	0.02434	0.02434	0.01806	0.02591	0.01492	0.01963	0.01256	0.00707	0.00785	0.00236	0.00942	0.00707	0.00393	0.01256
28	0.02743	0.03345	0.02182	0.01975	0.02371	0.54898	0.01497	0.03275	0.12474	0.02162	0.01541	0.01692	0.01249	0.00887	0.00821	0.00222	0.04643	0.00582	0.00470	0.00971
29	0.02143	0.01788	0.01889	0.01648	0.02127	0.02052	0.01296	0.14076	0.55613	0.03592	0.03011	0.02786	0.02245	0.01056	0.00805	0.00264	0.00668	0.00867	0.00805	0.01270
30	0.02798	0.02108	0.02259	0.01766	0.02374	0.02327	0.01445	0.52674	0.13258	0.04640	0.02089	0.02057	0.01508	0.00956	0.00787	0.00238	0.00823	0.00732	0.00782	0.04377

[dist]
# distance from previous block
# <min> <max>
1	3

[block]
# block no. 6 follows, 24 sequences, length 18
# corresponding to MSA columns:
# 339-356
name=unknown_G
#
# <colnr> <probs for GDERKNQSTAVLIFYWHMCP>
#	G	D	E	R	K	N	Q	S	T	A	V	L	I	F	Y	W	H	M	C	P
0	0.02186	0.01963	0.05815	0.01658	0.02200	0.04564	0.01374	0.12422	0.43176	0.06389	0.02721	0.02568	0.02020	0.00990	0.00782	0.00249	0.00725	0.00802	0.00745	0.06650
1	0.02142	0.64896	0.07425	0.01445	0.02134	0.06974	0.01451	0.02429	0.01652	0.01904	0.01127	0.01303	0.01017	0.00691	0.00534	0.00176	0.00900	0.00438	0.00343	0.01020
2	0.01144	0.00825	0.01090	0.01062	0.01248	0.00771	0.00822	0.01517	0.02186	0.03068	0.58054	0.06344	0.07076	0.01700	0.00958	0.00266	0.00424	0.09846	0.00853	0.00746
3	0.01932	0.01853	0.03164	0.09125	0.63164	0.01876	0.02419	0.02407	0.01791	0.02554	0.01486	0.01973	0.01243	0.00712	0.00786	0.00237	0.00950	0.00706	0.00390	0.01232
4	0.64009	0.01660	0.01389	0.01186	0.01704	0.01904	0.00978	0.13757	0.01786	0.03822	0.01251	0.01401	0.00949	0.00776	0.00546	0.00244	0.00661	0.00482	0.00546	0.00949
5	0.01153	0.00769	0.00865	0.00865	0.00865	0.00769	0.00480	0.01153	0.01153	0.01538	0.02499	0.05189	0.02883	0.72131	0.04036	0.00769	0.00769	0.01153	0.00480	0.00480
6	0.01153	0.00769	0.00865	0.00865	0.00865	0.00769	0.00480	0.01153	0.01153	0.01538	0.02499	0.05189	0.02883	0.72131	0.04036	0.00769	0.00769	0.01153	0.00480	0.00480
7	0.77733	0.01534	0.01166	0.01043	0.01534	0.01779	0.00859	0.02331	0.01350	0.03558	0.01104	0.01288	0.00859	0.00736	0.00491	0.00245	0.00613	0.00429	0.00491	0.00859
8	0.77733	0.01534	0.01166	0.01043	0.01534	0.01779	0.00859	0.02331	0.01350	0.03558	0.01104	0.01288	0.00859	0.00736	0.00491	0.00245	0.00613	0.00429	0.00491	0.00859
9	0.00966	0.00690	0.00920	0.01104	0.01150	0.00644	0.00736	0.01104	0.01518	0.02024	0.04371	0.71614	0.05245	0.02484	0.01012	0.00322	0.00460	0.02254	0.00736	0.00644
10	0.01590	0.04102	0.68023	0.02260	0.03432	0.01842	0.02930	0.02511	0.01674	0.02511	0.01423	0.01674	0.01005	0.00753	0.00753	0.00251	0.01172	0.00586	0.00335	0.01172
11	0.03011	0.02316	0.02372	0.01838	0.02459	0.06515	0.01509	0.60797	0.03638	0.04811	0.01862	0.01875	0.01329	0.00944	0.00788	0.00236	0.00907	0.00702	0.00770	0.01322
12	0.01963	0.01884	0.03219	0.04867	0.67185	0.01884	0.02434	0.02434	0.01806	0.02591	0.01492	0.01963	0.01256	0.00707	0.00785	0.00236	0.00942	0.00707	0.00393	0.01256
13	0.00966	0.00690	0.00920	0.01104	0.01150	0.00644	0.00736	0.01104	0.01518	0.02024	0.04371	0.71614	0.05245	0.02484	0.01012	0.00322	0.00460	0.02254	0.00736	0.00644
14	0.01498	0.01409	0.02378	0.70226	0.05462	0.01762	0.02202	0.02026	0.01586	0.02026	0.01409	0.02114	0.01057	0.00793	0.00793	0.00264	0.01057	0.00705	0.00352	0.00881
15	0.29592	0.01848	0.01892	0.04730	0.02226	0.02050	0.01274	0.33158	0.02629	0.10851	0.01723	0.01777	0.01224	0.00871	0.00686	0.00243	0.00769	0.00621	0.00684	0.01152
16	0.02374	0.01921	0.02029	0.01555	0.02192	0.04823	0.01259	0.31594	0.07958	0.03749	0.01784	0.01865	0.01353	0.00809	0.00708	0.00190	0.00762	0.00622	0.00647	0.31807
17	0.01908	0.01205	0.01494	0.01370	0.01705	0.01204	0.01119	0.14976	0.02350	0.12915	0.16970	0.11370	0.06946	0.01648	0.00939	0.00288	0.00638	0.19198	0.00812	0.00946

[dist]
# distance from previous block
# <min> <max>
16	23

[block]
# block no. 7 follows, 24 sequences, length 6
# corresponding to MSA columns:
# 380-385
name=unknown_H
#
# <colnr> <probs for GDERKNQSTAVLIFYWHMCP>
#	G	D	E	R	K	N	Q	S	T	A	V	L	I	F	Y	W	H	M	C	P
0	0.02728	0.02019	0.11638	0.01632	0.02297	0.01688	0.01495	0.25419	0.02678	0.25485	0.08711	0.02527	0.02110	0.00981	0.00792	0.00237	0.00785	0.00783	0.00781	0.05215
1	0.01644	0.01409	0.01644	0.01175	0.01879	0.01057	0.00940	0.01997	0.01644	0.02584	0.01409	0.01644	0.01175	0.00587	0.00587	0.00117	0.00587	0.00470	0.00470	0.76979
2	0.01675	0.16111	0.33819	0.01825	0.02707	0.01846	0.05295	0.02298	0.01716	0.02463	0.07000	0.01983	0.01609	0.00777	0.00700	0.00210	0.00936	0.00624	0.00412	0.15992
3	0.05791	0.03230	0.44246	0.10839	0.12292	0.01843	0.05918	0.02434	0.01674	0.02522	0.01423	0.01770	0.01048	0.00746	0.00758	0.00251	0.01105	0.00627	0.00357	0.01126
4	0.01908	0.02209	0.12706	0.04486	0.57851	0.01878	0.02506	0.02445	0.01786	0.02579	0.01482	0.01920	0.01219	0.00713	0.00780	0.00238	0.00976	0.00689	0.00384	0.01244
5	0.01881	0.02370	0.17407	0.04297	0.53227	0.01875	0.02542	0.02451	0.01777	0.02573	0.01477	0.01899	0.01201	0.00717	0.00778	0.00239	0.00992	0.00680	0.00380	0.01238

[dist]
# distance from previous block
# <min> <max>
0	3

[block]
# block no. 8 follows, 24 sequences, length 41
# corresponding to MSA columns:
# 389-429
name=unknown_I
#
# <colnr> <probs for GDERKNQSTAVLIFYWHMCP>
#	G	D	E	R	K	N	Q	S	T	A	V	L	I	F	Y	W	H	M	C	P
0	0.54531	0.01919	0.07367	0.01248	0.01780	0.07347	0.01108	0.04871	0.01594	0.03259	0.01800	0.01932	0.06848	0.00868	0.00586	0.00244	0.00724	0.00574	0.00504	0.00896
1	0.05121	0.09453	0.59862	0.02132	0.03234	0.01942	0.02709	0.02492	0.01654	0.02508	0.01383	0.01624	0.00999	0.00747	0.00722	0.00244	0.01120	0.00566	0.00342	0.01145
2	0.01963	0.01884	0.03219	0.04867	0.67185	0.01884	0.02434	0.02434	0.01806	0.02591	0.01492	0.01963	0.01256	0.00707	0.00785	0.00236	0.00942	0.00707	0.00393	0.01256
3	0.01063	0.00817	0.00978	0.00962	0.01181	0.00732	0.00738	0.01368	0.02034	0.02697	0.37895	0.06871	0.30714	0.01826	0.00950	0.00267	0.00417	0.06968	0.00806	0.00715
4	0.01133	0.00850	0.01274	0.01274	0.01416	0.00991	0.00991	0.01416	0.01274	0.01841	0.02124	0.03115	0.01982	0.05947	0.68989	0.01274	0.02124	0.00850	0.00425	0.00708
5	0.00966	0.00690	0.00920	0.01104	0.01150	0.00644	0.00736	0.01104	0.01518	0.02024	0.04371	0.71614	0.05245	0.02484	0.01012	0.00322	0.00460	0.02254	0.00736	0.00644
6	0.01133	0.00850	0.01274	0.01274	0.01416	0.00991	0.00991	0.01416	0.01274	0.01841	0.02124	0.03115	0.01982	0.05947	0.68989	0.01274	0.02124	0.00850	0.00425	0.00708
7	0.02049	0.01686	0.01795	0.01604	0.02060	0.01933	0.01251	0.04197	0.62690	0.06424	0.03223	0.02946	0.02399	0.01071	0.00806	0.00268	0.00630	0.00892	0.00815	0.01260
8	0.01753	0.01789	0.02732	0.02251	0.02359	0.02372	0.10150	0.01993	0.01303	0.01993	0.01117	0.01789	0.01063	0.01291	0.02378	0.00336	0.61354	0.00726	0.00354	0.00895
9	0.00966	0.00690	0.00920	0.01104	0.01150	0.00644	0.00736	0.01104	0.01518	0.02024	0.04371	0.71614	0.05245	0.02484	0.01012	0.00322	0.00460	0.02254	0.00736	0.00644
10	0.02053	0.02055	0.03131	0.04613	0.61357	0.07922	0.02353	0.02500	0.01845	0.02532	0.01468	0.01915	0.01235	0.00717	0.00779	0.00233	0.00986	0.00689	0.00394	0.01226
11	0.01872	0.02139	0.04679	0.03342	0.04144	0.02005	0.64305	0.02540	0.01872	0.02540	0.01604	0.02139	0.01203	0.00668	0.00936	0.00267	0.01337	0.00936	0.00401	0.01070
12	0.01872	0.02139	0.04679	0.03342	0.04144	0.02005	0.64305	0.02540	0.01872	0.02540	0.01604	0.02139	0.01203	0.00668	0.00936	0.00267	0.01337	0.00936	0.00401	0.01070
13	0.01644	0.01409	0.01644	0.01175	0.01879	0.01057	0.00940	0.01997	0.01644	0.02584	0.01409	0.01644	0.01175	0.00587	0.00587	0.00117	0.00587	0.00470	0.00470	0.76979
14	0.00937	0.00803	0.00803	0.00803	0.01071	0.00669	0.00602	0.01138	0.01807	0.02142	0.08033	0.07632	0.66863	0.02008	0.00937	0.00268	0.00402	0.01674	0.00736	0.00669
15	0.01377	0.00689	0.01033	0.01033	0.01033	0.00689	0.00689	0.01033	0.01033	0.01377	0.01377	0.02410	0.01377	0.02755	0.03099	0.76928	0.00689	0.00689	0.00344	0.00344
16	0.01747	0.01771	0.02631	0.02195	0.02268	0.02391	0.07368	0.01965	0.01274	0.01965	0.01092	0.01771	0.01056	0.01323	0.02452	0.00340	0.64437	0.00716	0.00352	0.00886
17	0.02022	0.01728	0.01821	0.01624	0.02081	0.01996	0.01267	0.07095	0.62790	0.03397	0.03164	0.02908	0.02369	0.01070	0.00806	0.00267	0.00639	0.00888	0.00806	0.01260
18	0.00966	0.00690	0.00920	0.01104	0.01150	0.00644	0.00736	0.01104	0.01518	0.02024	0.04371	0.71614	0.05245	0.02484	0.01012	0.00322	0.00460	0.02254	0.00736	0.00644
