[name]
unknown

[dist]
# distance from previous block
# <min> <max>
0	22

[block]
# block no. 0 follows, 25 sequences, length 8
# corresponding to MSA columns:
# 22-29
name=unknown_A
#
# <colnr> <probs for GDERKNQSTAVLIFYWHMCP>
#	G	D	E	R	K	N	Q	S	T	A	V	L	I	F	Y	W	H	M	C	P
0	0.08244	0.07640	0.07349	0.01748	0.07009	0.04087	0.01396	0.03212	0.26259	0.13116	0.02378	0.02510	0.01817	0.00928	0.00726	0.00237	0.00731	0.03248	0.00646	0.06720
1	0.07319	0.10089	0.05085	0.06286	0.05467	0.04400	0.01501	0.23476	0.08718	0.05921	0.01696	0.01844	0.01292	0.00877	0.00862	0.00231	0.07019	0.00637	0.00575	0.06705
2	0.08249	0.01602	0.02007	0.09737	0.02441	0.01719	0.06355	0.23126	0.08350	0.04827	0.06897	0.06649	0.02119	0.06396	0.01012	0.00279	0.00778	0.00869	0.00635	0.05956
3	0.05137	0.01392	0.01971	0.17639	0.02739	0.01496	0.08052	0.13562	0.05482	0.05128	0.07586	0.16646	0.07332	0.01284	0.00841	0.00263	0.00762	0.01138	0.00620	0.00929
4	0.07637	0.07354	0.04446	0.13120	0.02589	0.01614	0.05665	0.08200	0.07682	0.11937	0.02248	0.13207	0.01958	0.01063	0.00757	0.00241	0.00765	0.00909	0.00593	0.08016
5	0.01753	0.06646	0.20295	0.02718	0.21764	0.01778	0.06691	0.06523	0.07145	0.02684	0.07178	0.07491	0.02032	0.00947	0.00785	0.00243	0.00894	0.00846	0.00489	0.01099
6	0.01353	0.01128	0.05547	0.01129	0.01315	0.01042	0.00884	0.06233	0.01555	0.02253	0.02809	0.16100	0.05694	0.23489	0.05476	0.00459	0.05857	0.01148	0.15821	0.00706
7	0.12579	0.07097	0.01557	0.04776	0.01706	0.01474	0.00980	0.12678	0.05476	0.06245	0.12039	0.02746	0.02417	0.00971	0.00662	0.00217	0.00578	0.00764	0.24115	0.00924

[dist]
# distance from previous block
# <min> <max>
0	2

[block]
# block no. 1 follows, 25 sequences, length 32
# corresponding to MSA columns:
# 32-63
name=unknown_B
#
# <colnr> <probs for GDERKNQSTAVLIFYWHMCP>
#	G	D	E	R	K	N	Q	S	T	A	V	L	I	F	Y	W	H	M	C	P
0	0.00967	0.00693	0.00901	0.01044	0.01105	0.00646	0.00698	0.01111	0.01523	0.02032	0.08776	0.60279	0.07757	0.07098	0.01181	0.00337	0.00462	0.02051	0.00712	0.00627
1	0.01283	0.01102	0.01728	0.01536	0.01689	0.01263	0.08415	0.01519	0.01311	0.01861	0.02147	0.11183	0.02210	0.15533	0.30087	0.00772	0.14177	0.01026	0.00444	0.00716
2	0.02442	0.01718	0.01892	0.01589	0.02098	0.01894	0.01268	0.18006	0.40542	0.15428	0.02843	0.02612	0.02047	0.01008	0.00784	0.00252	0.00677	0.00818	0.00817	0.01265
3	0.01347	0.00673	0.01010	0.01010	0.01010	0.00673	0.00673	0.01010	0.01010	0.01347	0.01347	0.02357	0.01347	0.02694	0.03030	0.77441	0.00673	0.00673	0.00337	0.00337
4	0.78228	0.01499	0.01140	0.01020	0.01499	0.01739	0.00840	0.02279	0.01320	0.03479	0.01080	0.01260	0.00840	0.00720	0.00480	0.00240	0.00600	0.00420	0.00480	0.00840
5	0.03369	0.01344	0.01796	0.01394	0.01982	0.01195	0.01146	0.03803	0.06770	0.63836	0.03066	0.02657	0.01951	0.00966	0.00780	0.00242	0.00657	0.00787	0.00948	0.01313
6	0.02896	0.03695	0.02197	0.01998	0.02397	0.69638	0.01498	0.03096	0.02197	0.01898	0.01199	0.01398	0.00999	0.00799	0.00699	0.00200	0.01398	0.00499	0.00400	0.00899
7	0.02947	0.02172	0.02327	0.01784	0.02404	0.02404	0.01474	0.65329	0.03646	0.04887	0.01862	0.01862	0.01319	0.00931	0.00776	0.00233	0.00853	0.00698	0.00776	0.01319
8	0.01187	0.00932	0.01339	0.01295	0.01398	0.01122	0.00997	0.01413	0.01223	0.01769	0.01988	0.03140	0.01936	0.14103	0.52277	0.01063	0.10871	0.00850	0.00413	0.00683
9	0.72786	0.01441	0.01130	0.01019	0.01465	0.01664	0.00828	0.02189	0.01298	0.03328	0.01099	0.01337	0.00876	0.00859	0.00660	0.05704	0.00605	0.00438	0.00470	0.00804
10	0.01830	0.02092	0.04575	0.03268	0.04052	0.01961	0.65098	0.02484	0.01830	0.02484	0.01569	0.02092	0.01176	0.00654	0.00915	0.00261	0.01307	0.00915	0.00392	0.01046
11	0.00986	0.00731	0.00980	0.01132	0.01174	0.00725	0.00773	0.01123	0.01468	0.01973	0.04096	0.68392	0.04904	0.02371	0.01075	0.00316	0.04321	0.02121	0.00699	0.00642
12	0.72166	0.01554	0.01235	0.01081	0.01572	0.01793	0.00891	0.07356	0.01507	0.03592	0.01143	0.01308	0.00878	0.00737	0.00504	0.00239	0.00620	0.00442	0.00504	0.00878
13	0.01734	0.01912	0.03940	0.02901	0.03508	0.01905	0.50398	0.02273	0.01708	0.02351	0.01724	0.08115	0.01496	0.00909	0.01156	0.00277	0.11305	0.00993	0.00413	0.00981
14	0.61474	0.01586	0.01410	0.04513	0.05365	0.03752	0.01041	0.04227	0.01504	0.07381	0.01263	0.01440	0.00955	0.00744	0.00543	0.00239	0.00672	0.00480	0.00504	0.00907
15	0.08367	0.01857	0.02253	0.01945	0.02022	0.08278	0.01605	0.02010	0.01288	0.02007	0.01039	0.01632	0.01001	0.01253	0.02204	0.00318	0.59071	0.00640	0.00357	0.00852
16	0.01885	0.01217	0.05110	0.07836	0.01953	0.01057	0.01124	0.02359	0.05071	0.21893	0.35982	0.04164	0.04582	0.01256	0.00847	0.00245	0.00568	0.01085	0.00804	0.00960
17	0.01646	0.03780	0.61877	0.02250	0.03351	0.01787	0.07002	0.02507	0.01672	0.04946	0.01466	0.01705	0.01031	0.00739	0.00750	0.00246	0.01138	0.00604	0.00356	0.01146
18	0.02073	0.73217	0.04063	0.01327	0.01990	0.03068	0.01327	0.02322	0.01575	0.01824	0.01078	0.01244	0.00995	0.00663	0.00498	0.00166	0.00829	0.00415	0.00332	0.00995
19	0.01606	0.01688	0.03423	0.17795	0.03816	0.01679	0.39383	0.02156	0.01759	0.02362	0.05939	0.08724	0.01985	0.00945	0.00896	0.00268	0.01093	0.03096	0.00450	0.00938
20	0.02352	0.01441	0.01711	0.03699	0.01948	0.01455	0.01127	0.23245	0.02469	0.18121	0.10156	0.02697	0.02279	0.01275	0.05016	0.00281	0.00743	0.00789	0.10283	0.08914
21	0.01564	0.02202	0.28048	0.01747	0.05761	0.01297	0.01725	0.04457	0.01911	0.07974	0.21540	0.12519	0.03522	0.01240	0.00830	0.00253	0.00758	0.01067	0.00607	0.00978
22	0.01608	0.01378	0.01608	0.01148	0.01837	0.01034	0.00919	0.01952	0.01608	0.02527	0.01378	0.01608	0.01148	0.00574	0.00574	0.00115	0.00574	0.00459	0.00459	0.77491
23	0.13165	0.01604	0.02659	0.36032	0.04073	0.01793	0.17547	0.06598	0.01713	0.02513	0.01414	0.01949	0.01072	0.00820	0.00851	0.03158	0.01010	0.00705	0.00407	0.00917
24	0.01289	0.00968	0.01440	0.09352	0.01892	0.00982	0.05281	0.01546	0.01580	0.04989	0.07157	0.38347	0.03710	0.04414	0.01078	0.00297	0.03852	0.01537	0.06601	0.03689
25	0.02644	0.01351	0.01648	0.01332	0.01803	0.01320	0.01085	0.17963	0.02459	0.32145	0.11612	0.03179	0.02634	0.01081	0.00776	0.00235	0.00627	0.03455	0.11518	0.01129
26	0.04832	0.39931	0.19409	0.05900	0.02545	0.08701	0.01736	0.02389	0.01638	0.02085	0.01196	0.01420	0.00995	0.00699	0.00594	0.00195	0.00954	0.00480	0.00348	0.03952
27	0.12400	0.10284	0.06454	0.01551	0.05476	0.01800	0.01269	0.17064	0.07831	0.05754	0.02335	0.04646	0.06018	0.01236	0.04433	0.00284	0.00781	0.00758	0.08599	0.01026
28	0.25815	0.01746	0.05850	0.01422	0.02007	0.01695	0.01231	0.15564	0.08670	0.25354	0.02125	0.02028	0.01458	0.00876	0.00686	0.00241	0.00706	0.00651	0.00721	0.01153
29	0.02028	0.06236	0.07969	0.01466	0.01928	0.01197	0.06137	0.02361	0.01836	0.24463	0.07886	0.24967	0.03130	0.01403	0.00839	0.00258	0.00674	0.01242	0.00715	0.03268
30	0.01292	0.01360	0.07746	0.04454	0.02042	0.01106	0.09579	0.01613	0.01542	0.02160	0.02826	0.35888	0.03110	0.04313	0.01056	0.00283	0.03681	0.01416	0.00555	0.13980
31	0.02167	0.01826	0.05413	0.05054	0.08674	0.01727	0.28409	0.05360	0.04689	0.16503	0.02091	0.02650	0.01607	0.00901	0.00951	0.00263	0.04855	0.05196	0.00561	0.01101

[dist]
# distance from previous block
# <min> <max>
1	5

[block]
# block no. 2 follows, 25 sequences, length 50
# corresponding to MSA columns:
# 69-118
name=unknown_C
#
# <colnr> <probs for GDERKNQSTAVLIFYWHMCP>
#	G	D	E	R	K	N	Q	S	T	A	V	L	I	F	Y	W	H	M	C	P
0	0.13491	0.01496	0.02034	0.04401	0.04306	0.01471	0.07594	0.03321	0.11979	0.35874	0.02478	0.02353	0.01682	0.00882	0.00746	0.00242	0.00729	0.00742	0.00751	0.03426
1	0.01322	0.00867	0.01109	0.01057	0.01269	0.00814	0.00788	0.01735	0.05693	0.08718	0.43833	0.17664	0.08774	0.01671	0.00909	0.00258	0.00423	0.01475	0.00829	0.00790
2	0.01573	0.01463	0.02441	0.63235	0.05097	0.01776	0.05350	0.05833	0.01691	0.02182	0.01417	0.02056	0.01058	0.00778	0.00782	0.00257	0.01037	0.00701	0.00373	0.00898
3	0.02389	0.01307	0.01692	0.04332	0.01968	0.01298	0.03357	0.07771	0.12792	0.28859	0.10796	0.06208	0.02704	0.01092	0.00784	0.00242	0.00625	0.00926	0.09756	0.01101
4	0.01023	0.00760	0.00957	0.00996	0.01152	0.00694	0.00729	0.01284	0.01868	0.02517	0.32688	0.26840	0.18267	0.01952	0.00947	0.00276	0.00417	0.05170	0.00778	0.00684
5	0.06661	0.04016	0.01874	0.07554	0.02232	0.01874	0.01261	0.22681	0.22643	0.06343	0.02304	0.02334	0.01709	0.00931	0.00719	0.00235	0.00697	0.00735	0.12074	0.01122
6	0.78228	0.01499	0.01140	0.01020	0.01499	0.01739	0.00840	0.02279	0.01320	0.03479	0.01080	0.01260	0.00840	0.00720	0.00480	0.00240	0.00600	0.00420	0.00480	0.00840
7	0.78228	0.01499	0.01140	0.01020	0.01499	0.01739	0.00840	0.02279	0.01320	0.03479	0.01080	0.01260	0.00840	0.00720	0.00480	0.00240	0.00600	0.00420	0.00480	0.00840
8	0.78228	0.01499	0.01140	0.01020	0.01499	0.01739	0.00840	0.02279	0.01320	0.03479	0.01080	0.01260	0.00840	0.00720	0.00480	0.00240	0.00600	0.00420	0.00480	0.00840
9	0.78228	0.01499	0.01140	0.01020	0.01499	0.01739	0.00840	0.02279	0.01320	0.03479	0.01080	0.01260	0.00840	0.00720	0.00480	0.00240	0.00600	0.00420	0.00480	0.00840
10	0.01696	0.01696	0.02375	0.02036	0.02036	0.02375	0.01696	0.01866	0.01187	0.01866	0.01018	0.01696	0.01018	0.01357	0.02545	0.00339	0.71332	0.00679	0.00339	0.00848
11	0.02899	0.02148	0.02300	0.01774	0.02386	0.02382	0.01462	0.62409	0.06644	0.04808	0.01923	0.01911	0.01369	0.00937	0.00776	0.00234	0.00842	0.00707	0.00776	0.01314
12	0.01951	0.01016	0.01338	0.01160	0.01496	0.00932	0.00916	0.02378	0.05154	0.25270	0.39859	0.04717	0.05129	0.01373	0.00870	0.00248	0.00492	0.03865	0.00880	0.00953
13	0.01051	0.00749	0.00969	0.00994	0.01109	0.00701	0.00696	0.01297	0.01833	0.02545	0.38954	0.27416	0.06056	0.10494	0.01307	0.00329	0.00440	0.01631	0.00763	0.00667
14	0.00970	0.00776	0.00867	0.00869	0.01086	0.00673	0.00642	0.01207	0.01857	0.02365	0.24059	0.13725	0.44360	0.01907	0.00923	0.00262	0.00391	0.01630	0.00757	0.00673
15	0.02056	0.01729	0.01825	0.01604	0.02065	0.01988	0.01258	0.11787	0.58639	0.03449	0.02994	0.02764	0.02236	0.01037	0.00787	0.00259	0.00644	0.00854	0.00787	0.01239
16	0.12896	0.12542	0.50477	0.01921	0.02907	0.01955	0.02369	0.02412	0.01582	0.02525	0.01305	0.01531	0.00963	0.00725	0.00668	0.00234	0.01025	0.00530	0.00350	0.01081
17	0.05957	0.09439	0.05429	0.01816	0.04628	0.15653	0.01482	0.28781	0.05207	0.11551	0.01782	0.01811	0.01300	0.00860	0.00719	0.00222	0.00931	0.00630	0.00633	0.01168
18	0.75120	0.01492	0.01167	0.01035	0.01519	0.01714	0.00852	0.02342	0.01357	0.06180	0.01162	0.01317	0.00885	0.00730	0.00492	0.00240	0.00602	0.00435	0.00500	0.00860
19	0.01673	0.03661	0.56763	0.02315	0.03385	0.01857	0.10502	0.06256	0.01782	0.02606	0.01442	0.01707	0.01027	0.00738	0.00761	0.00247	0.01148	0.00623	0.00363	0.01144
20	0.01143	0.00760	0.01007	0.01049	0.01184	0.00701	0.00747	0.01389	0.01838	0.05901	0.32292	0.39152	0.05935	0.01979	0.00945	0.00279	0.00423	0.01775	0.00792	0.00710
21	0.01054	0.00730	0.00910	0.00995	0.01031	0.00719	0.00641	0.01144	0.01317	0.01761	0.03278	0.33779	0.03828	0.35626	0.06391	0.00576	0.00699	0.04375	0.00584	0.00562
22	0.01106	0.00798	0.01049	0.01001	0.01184	0.00741	0.00761	0.01471	0.02172	0.03065	0.63912	0.05959	0.07154	0.01617	0.00923	0.00250	0.00386	0.04876	0.00846	0.00731
23	0.01445	0.00723	0.00723	0.00723	0.00903	0.00723	0.00542	0.01807	0.01626	0.02891	0.02529	0.02891	0.01987	0.00903	0.00542	0.00181	0.00361	0.00723	0.77055	0.00723
24	0.78228	0.01499	0.01140	0.01020	0.01499	0.01739	0.00840	0.02279	0.01320	0.03479	0.01080	0.01260	0.00840	0.00720	0.00480	0.00240	0.00600	0.00420	0.00480	0.00840
25	0.01830	0.02092	0.04575	0.03268	0.04052	0.01961	0.65098	0.02484	0.01830	0.02484	0.01569	0.02092	0.01176	0.00654	0.00915	0.00261	0.01307	0.00915	0.00392	0.01046
26	0.02896	0.03695	0.02197	0.01998	0.02397	0.69638	0.01498	0.03096	0.02197	0.01898	0.01199	0.01398	0.00999	0.00799	0.00699	0.00200	0.01398	0.00499	0.00400	0.00899
27	0.01908	0.06605	0.02365	0.01929	0.02050	0.15231	0.01579	0.02087	0.01423	0.01876	0.01241	0.05609	0.01246	0.01266	0.01971	0.00300	0.49374	0.00714	0.00372	0.00855
28	0.01673	0.01591	0.02703	0.40529	0.34067	0.01778	0.02257	0.02164	0.01649	0.02234	0.01415	0.01999	0.01123	0.00736	0.00772	0.00245	0.00982	0.00690	0.00363	0.01030
29	0.78228	0.01499	0.01140	0.01020	0.01499	0.01739	0.00840	0.02279	0.01320	0.03479	0.01080	0.01260	0.00840	0.00720	0.00480	0.00240	0.00600	0.00420	0.00480	0.00840
30	0.01830	0.02092	0.04575	0.03268	0.04052	0.01961	0.65098	0.02484	0.01830	0.02484	0.01569	0.02092	0.01176	0.00654	0.00915	0.00261	0.01307	0.00915	0.00392	0.01046
31	0.00945	0.00675	0.00900	0.01080	0.01125	0.00630	0.00720	0.01080	0.01484	0.01979	0.04274	0.72245	0.05128	0.02429	0.00990	0.00315	0.00450	0.02204	0.00720	0.00630
32	0.78228	0.01499	0.01140	0.01020	0.01499	0.01739	0.00840	0.02279	0.01320	0.03479	0.01080	0.01260	0.00840	0.00720	0.00480	0.00240	0.00600	0.00420	0.00480	0.00840
33	0.00973	0.00682	0.00885	0.01046	0.01108	0.00636	0.00704	0.01123	0.01505	0.02037	0.04323	0.65458	0.07586	0.02320	0.00960	0.00305	0.00442	0.02094	0.05175	0.00636
34	0.66172	0.05690	0.01359	0.01068	0.01553	0.01810	0.00891	0.05835	0.01480	0.03436	0.01187	0.01364	0.00926	0.00736	0.00500	0.00233	0.00617	0.00449	0.03823	0.00871
35	0.01744	0.01787	0.02497	0.02106	0.02165	0.04612	0.05390	0.01943	0.01259	0.01903	0.01056	0.01709	0.01026	0.01297	0.02387	0.00330	0.64894	0.00686	0.00344	0.00861
36	0.02120	0.01952	0.01725	0.01528	0.01929	0.15567	0.01182	0.14159	0.26793	0.03085	0.05113	0.06136	0.06789	0.01115	0.00770	0.00239	0.00763	0.00890	0.07096	0.01048
37	0.02381	0.01473	0.01748	0.04405	0.02045	0.01537	0.01188	0.19112	0.15112	0.21285	0.05711	0.13480	0.04556	0.01246	0.00822	0.00256	0.00664	0.01046	0.00803	0.01130
38	0.02058	0.30243	0.26703	0.01863	0.02658	0.13497	0.04816	0.05746	0.01818	0.02249	0.01272	0.01480	0.01016	0.00725	0.00649	0.00208	0.01059	0.00522	0.00367	0.01052
39	0.01073	0.00814	0.00947	0.00909	0.01130	0.00740	0.00683	0.01432	0.04077	0.02714	0.39227	0.06189	0.29984	0.01678	0.00892	0.00248	0.00384	0.01440	0.04721	0.00718
40	0.01820	0.01398	0.01608	0.04622	0.01929	0.01517	0.01157	0.22936	0.12885	0.03177	0.03378	0.20632	0.08766	0.01716	0.03899	0.00316	0.00723	0.05824	0.00718	0.00978
41	0.02130	0.01710	0.01776	0.01574	0.02027	0.04529	0.01229	0.04044	0.57208	0.10043	0.03068	0.02807	0.02266	0.01032	0.00784	0.00258	0.00650	0.00851	0.00791	0.01224
42	0.01052	0.00720	0.00868	0.00942	0.00961	0.00702	0.00573	0.01108	0.01275	0.01699	0.03197	0.32728	0.03770	0.43799	0.02729	0.00572	0.00627	0.01571	0.00573	0.00536
43	0.01726	0.01984	0.06784	0.05421	0.06623	0.01827	0.47683	0.02325	0.01820	0.02507	0.08512	0.02438	0.01809	0.00792	0.00965	0.00261	0.04157	0.00923	0.00434	0.01010
44	0.01300	0.01051	0.01328	0.04556	0.01601	0.01106	0.00968	0.05325	0.04431	0.02235	0.03463	0.36257	0.09070	0.05944	0.01269	0.00308	0.09072	0.01508	0.00621	0.08586
45	0.01424	0.00727	0.00742	0.00738	0.00919	0.00723	0.00553	0.01786	0.01660	0.02904	0.06454	0.03066	0.02309	0.00945	0.00565	0.00184	0.00362	0.00764	0.72453	0.00723
46	0.01710	0.01409	0.01694	0.01262	0.01870	0.01177	0.03188	0.08982	0.01821	0.02741	0.01663	0.05200	0.01453	0.03308	0.00748	0.00168	0.00623	0.00620	0.03690	0.56673
47	0.14805	0.01235	0.01306	0.01200	0.01504	0.01311	0.00910	0.15783	0.05807	0.03048	0.09379	0.23218	0.09940	0.05839	0.01006	0.00295	0.00579	0.01284	0.00692	0.00857
48	0.01194	0.00945	0.01148	0.01071	0.01368	0.00785	0.00772	0.01405	0.01538	0.02170	0.03425	0.38160	0.08672	0.04682	0.00956	0.00256	0.00504	0.01471	0.00614	0.28865
49	0.33816	0.02348	0.01767	0.04573	0.02140	0.24679	0.01239	0.12738	0.05107	0.03096	0.01357	0.01516	0.01051	0.00799	0.00629	0.00227	0.00929	0.00525	0.00509	0.00956

[dist]
# distance from previous block
# <min> <max>
0	2

[block]
# block no. 3 follows, 25 sequences, length 16
# corresponding to MSA columns:
# 121-136
name=unknown_D
#
# <colnr> <probs for GDERKNQSTAVLIFYWHMCP>
#	G	D	E	R	K	N	Q	S	T	A	V	L	I	F	Y	W	H	M	C	P
0	0.01825	0.01563	0.02319	0.35550	0.15793	0.01761	0.01882	0.06789	0.12544	0.05519	0.01797	0.02164	0.01356	0.00813	0.00765	0.00244	0.00889	0.00713	0.00489	0.05225
1	0.01060	0.00784	0.00990	0.00953	0.01139	0.00714	0.00709	0.01386	0.02086	0.02885	0.54488	0.10153	0.16387	0.01695	0.00919	0.00251	0.00375	0.01488	0.00825	0.00714
2	0.02047	0.01805	0.05616	0.10144	0.07017	0.01793	0.16918	0.03249	0.27658	0.11780	0.02370	0.02453	0.01732	0.00875	0.00813	0.00256	0.00879	0.00826	0.00619	0.01150
3	0.02197	0.08883	0.03486	0.02673	0.07536	0.20958	0.29270	0.05534	0.01939	0.02328	0.01383	0.01768	0.01108	0.00767	0.00932	0.00238	0.06878	0.00710	0.00402	0.01010
4	0.01132	0.00838	0.01061	0.00997	0.01197	0.00790	0.00750	0.01584	0.05523	0.03065	0.61148	0.05725	0.10096	0.01576	0.00908	0.00246	0.00380	0.01387	0.00843	0.00754
5	0.02976	0.01698	0.01969	0.01542	0.02112	0.01755	0.01263	0.30880	0.09336	0.30196	0.02511	0.02335	0.01703	0.00953	0.00766	0.00236	0.00724	0.00750	0.05016	0.01277
6	0.01445	0.00723	0.00723	0.00723	0.00903	0.00723	0.00542	0.01807	0.01626	0.02891	0.02529	0.02891	0.01987	0.00903	0.00542	0.00181	0.00361	0.00723	0.77055	0.00723
7	0.78228	0.01499	0.01140	0.01020	0.01499	0.01739	0.00840	0.02279	0.01320	0.03479	0.01080	0.01260	0.00840	0.00720	0.00480	0.00240	0.00600	0.00420	0.00480	0.00840
8	0.01347	0.00673	0.01010	0.01010	0.01010	0.00673	0.00673	0.01010	0.01010	0.01347	0.01347	0.02357	0.01347	0.02694	0.03030	0.77441	0.00673	0.00673	0.00337	0.00337
9	0.02073	0.73217	0.04063	0.01327	0.01990	0.03068	0.01327	0.02322	0.01575	0.01824	0.01078	0.01244	0.00995	0.00663	0.00498	0.00166	0.00829	0.00415	0.00332	0.00995
10	0.01128	0.00752	0.00846	0.00846	0.00846	0.00752	0.00470	0.01128	0.01128	0.01503	0.02443	0.05074	0.02819	0.72751	0.03946	0.00752	0.00752	0.01128	0.00470	0.00470
11	0.02074	0.01738	0.01835	0.01607	0.02072	0.01997	0.01263	0.12877	0.57519	0.03479	0.02971	0.02745	0.02217	0.01035	0.00787	0.00259	0.00648	0.00851	0.00787	0.01240
12	0.00950	0.00696	0.00893	0.01035	0.01116	0.00639	0.00703	0.01106	0.01562	0.02058	0.08324	0.60015	0.13415	0.02321	0.00976	0.00304	0.00438	0.02085	0.00727	0.00639
13	0.00972	0.00720	0.00869	0.00965	0.01064	0.00659	0.00649	0.01113	0.01534	0.01988	0.07830	0.42635	0.20609	0.12967	0.01417	0.00365	0.00477	0.01860	0.00688	0.00616
14	0.00945	0.00675	0.00900	0.01080	0.01125	0.00630	0.00720	0.01080	0.01484	0.01979	0.04274	0.72245	0.05128	0.02429	0.00990	0.00315	0.00450	0.02204	0.00720	0.00630
15	0.01994	0.01698	0.01790	0.01591	0.02041	0.01959	0.01243	0.08052	0.62475	0.03349	0.03073	0.02827	0.02300	0.01044	0.00788	0.00261	0.00629	0.00865	0.00788	0.01233

[dist]
# distance from previous block
# <min> <max>
0	28

[block]
# block no. 4 follows, 25 sequences, length 66
# corresponding to MSA columns:
# 165-230
name=unknown_E
#
# <colnr> <probs for GDERKNQSTAVLIFYWHMCP>
#	G	D	E	R	K	N	Q	S	T	A	V	L	I	F	Y	W	H	M	C	P
0	0.11824	0.64034	0.03689	0.01287	0.01927	0.02898	0.01264	0.02316	0.01543	0.02036	0.01078	0.01246	0.00975	0.00671	0.00495	0.00175	0.00800	0.00415	0.00351	0.00975
1	0.10943	0.12775	0.01927	0.05327	0.01871	0.04651	0.01134	0.13277	0.01909	0.02873	0.01956	0.02235	0.04303	0.01121	0.03501	0.00261	0.07760	0.00663	0.20603	0.00909
2	0.75221	0.01473	0.01144	0.01028	0.01495	0.01709	0.00845	0.02244	0.01317	0.03413	0.01119	0.01329	0.00883	0.00918	0.03178	0.00279	0.00657	0.00436	0.00477	0.00834
3	0.01797	0.01959	0.03686	0.10103	0.05809	0.04862	0.42026	0.02438	0.05507	0.02379	0.01697	0.05169	0.01387	0.00831	0.01011	0.00266	0.06748	0.00902	0.00421	0.01002
4	0.01035	0.00752	0.00976	0.01002	0.01141	0.00692	0.00720	0.01313	0.01928	0.02667	0.42593	0.28807	0.09689	0.01896	0.00941	0.00269	0.00396	0.01691	0.00800	0.00692
5	0.00966	0.00689	0.00916	0.01074	0.01121	0.00658	0.00717	0.01101	0.01447	0.01937	0.04023	0.63718	0.04788	0.07343	0.05180	0.00398	0.00565	0.02052	0.00685	0.00623
6	0.03141	0.01451	0.01835	0.01438	0.02006	0.01379	0.01177	0.12423	0.08814	0.49994	0.05829	0.02698	0.02124	0.00993	0.00786	0.00241	0.00669	0.00806	0.00912	0.01283
7	0.01445	0.00723	0.00723	0.00723	0.00903	0.00723	0.00542	0.01807	0.01626	0.02891	0.02529	0.02891	0.01987	0.00903	0.00542	0.00181	0.00361	0.00723	0.77055	0.00723
8	0.78228	0.01499	0.01140	0.01020	0.01499	0.01739	0.00840	0.02279	0.01320	0.03479	0.01080	0.01260	0.00840	0.00720	0.00480	0.00240	0.00600	0.00420	0.00480	0.00840
9	0.02947	0.02172	0.02327	0.01784	0.02404	0.02404	0.01474	0.65329	0.03646	0.04887	0.01862	0.01862	0.01319	0.00931	0.00776	0.00233	0.00853	0.00698	0.00776	0.01319
10	0.02896	0.03695	0.02197	0.01998	0.02397	0.69638	0.01498	0.03096	0.02197	0.01898	0.01199	0.01398	0.00999	0.00799	0.00699	0.00200	0.01398	0.00499	0.00400	0.00899
11	0.03206	0.01332	0.01762	0.01377	0.01939	0.01200	0.01128	0.05877	0.05804	0.57939	0.07567	0.02847	0.02303	0.01008	0.00790	0.00241	0.00644	0.00826	0.00936	0.01273
12	0.01152	0.00810	0.00982	0.00965	0.00987	0.00864	0.00607	0.01203	0.01149	0.01567	0.02317	0.04597	0.02595	0.58945	0.14029	0.00808	0.04386	0.01060	0.00455	0.00523
13	0.78228	0.01499	0.01140	0.01020	0.01499	0.01739	0.00840	0.02279	0.01320	0.03479	0.01080	0.01260	0.00840	0.00720	0.00480	0.00240	0.00600	0.00420	0.00480	0.00840
14	0.01830	0.02092	0.04575	0.03268	0.04052	0.01961	0.65098	0.02484	0.01830	0.02484	0.01569	0.02092	0.01176	0.00654	0.00915	0.00261	0.01307	0.00915	0.00392	0.01046
15	0.00945	0.00675	0.00900	0.01080	0.01125	0.00630	0.00720	0.01080	0.01484	0.01979	0.04274	0.72245	0.05128	0.02429	0.00990	0.00315	0.00450	0.02204	0.00720	0.00630
16	0.78228	0.01499	0.01140	0.01020	0.01499	0.01739	0.00840	0.02279	0.01320	0.03479	0.01080	0.01260	0.00840	0.00720	0.00480	0.00240	0.00600	0.00420	0.00480	0.00840
17	0.04509	0.00856	0.01031	0.00994	0.01200	0.00817	0.00742	0.01551	0.05363	0.02880	0.46726	0.12547	0.14586	0.01657	0.00897	0.00254	0.00401	0.01446	0.00802	0.00741
18	0.38889	0.04812	0.01712	0.01293	0.01857	0.01876	0.01072	0.21164	0.02099	0.05947	0.01425	0.01536	0.01071	0.00768	0.00593	0.00217	0.00684	0.00521	0.00576	0.11887
19	0.01859	0.02331	0.21999	0.06203	0.03169	0.01586	0.21828	0.02458	0.01753	0.10540	0.01760	0.04633	0.01350	0.00776	0.00782	0.00230	0.01003	0.00756	0.00465	0.14520
20	0.05293	0.01823	0.07835	0.01944	0.07721	0.03958	0.08168	0.02901	0.24437	0.05243	0.09038	0.02897	0.02362	0.00975	0.00780	0.00240	0.00762	0.03512	0.00619	0.09490
21	0.01353	0.01092	0.01294	0.01254	0.04343	0.01055	0.00902	0.04966	0.12096	0.02826	0.26842	0.08817	0.19593	0.01468	0.00852	0.00241	0.00485	0.01262	0.00740	0.08518
22	0.09994	0.01643	0.02174	0.06791	0.16427	0.01722	0.04311	0.08874	0.18106	0.09820	0.04447	0.02295	0.01752	0.00861	0.00741	0.00234	0.00752	0.00735	0.00613	0.07710
23	0.01624	0.05733	0.02442	0.01952	0.02070	0.02136	0.06457	0.01847	0.01280	0.01909	0.01337	0.05006	0.01323	0.01848	0.10328	0.00431	0.50297	0.00768	0.00369	0.00843
24	0.02541	0.01970	0.02098	0.01702	0.02250	0.02215	0.01375	0.40916	0.28719	0.04231	0.02378	0.02273	0.01737	0.00979	0.00781	0.00245	0.00758	0.00769	0.00781	0.01282
25	0.03206	0.01324	0.01759	0.01366	0.01926	0.01184	0.01121	0.07677	0.02312	0.57689	0.09388	0.02900	0.02416	0.01020	0.00793	0.00240	0.00644	0.00836	0.00937	0.01261
26	0.01800	0.22753	0.30789	0.02192	0.06078	0.05153	0.12446	0.02400	0.01709	0.02294	0.04472	0.01802	0.01332	0.00743	0.00707	0.00223	0.01047	0.00627	0.00370	0.01061
27	0.01325	0.01054	0.01260	0.01076	0.01473	0.00854	0.00802	0.01586	0.01583	0.02341	0.05593	0.24697	0.05018	0.04052	0.00862	0.00217	0.00516	0.01135	0.03981	0.40576
28	0.01029	0.00798	0.01186	0.07096	0.01614	0.00782	0.03745	0.01219	0.01506	0.02002	0.03906	0.63131	0.04603	0.02209	0.00968	0.00308	0.00538	0.02018	0.00673	0.00668
29	0.01571	0.01095	0.01487	0.01258	0.01618	0.00978	0.04595	0.01851	0.01756	0.11571	0.13883	0.19427	0.09202	0.03470	0.00993	0.00250	0.03772	0.01225	0.00669	0.19329
30	0.01028	0.00779	0.00948	0.00929	0.01122	0.00698	0.00688	0.01320	0.01996	0.02694	0.43383	0.12882	0.25140	0.01782	0.00923	0.00256	0.00382	0.01552	0.00800	0.00698
31	0.01700	0.02821	0.32081	0.02897	0.13958	0.01823	0.22863	0.02475	0.04152	0.02532	0.04103	0.02039	0.01384	0.00747	0.00809	0.00249	0.01112	0.00747	0.00395	0.01114
32	0.11821	0.01833	0.01920	0.01525	0.02069	0.04247	0.01246	0.35907	0.05303	0.16125	0.04172	0.02148	0.01637	0.00930	0.00729	0.00232	0.00751	0.00704	0.05512	0.01188
33	0.00959	0.00689	0.00899	0.01051	0.01110	0.00641	0.00703	0.01101	0.01515	0.02017	0.07360	0.63230	0.07913	0.05476	0.01113	0.00328	0.00457	0.02093	0.00715	0.00629
34	0.05956	0.01846	0.02632	0.05997	0.40097	0.04950	0.01959	0.10531	0.01954	0.02760	0.01822	0.02293	0.04497	0.00888	0.00913	0.00245	0.06704	0.02378	0.00461	0.01118
35	0.01750	0.05640	0.55957	0.02308	0.07801	0.01840	0.02640	0.05561	0.01768	0.05538	0.01485	0.01702	0.01059	0.00751	0.00736	0.00241	0.01085	0.00592	0.00382	0.01164
36	0.01748	0.01422	0.01755	0.08348	0.02225	0.01259	0.01127	0.06174	0.01736	0.05546	0.01563	0.04084	0.01309	0.00741	0.00739	0.00162	0.04529	0.00583	0.00493	0.54456
37	0.01069	0.00791	0.00997	0.00946	0.01141	0.00720	0.00709	0.01409	0.02128	0.02952	0.58249	0.06051	0.16670	0.01644	0.00915	0.00247	0.00370	0.01439	0.00833	0.00720
38	0.01113	0.00858	0.01026	0.00993	0.01205	0.00811	0.00740	0.01580	0.07791	0.02767	0.41219	0.12154	0.21427	0.01709	0.00911	0.00257	0.00402	0.01487	0.00803	0.00748
39	0.11073	0.02047	0.02102	0.04938	0.02362	0.05145	0.01386	0.49168	0.03116	0.04353	0.01760	0.01841	0.01275	0.00893	0.00727	0.00230	0.00831	0.00660	0.04900	0.01193
40	0.01134	0.00830	0.01072	0.01033	0.01219	0.00788	0.00781	0.01567	0.04996	0.03006	0.57479	0.09687	0.06811	0.01641	0.00922	0.00255	0.00401	0.04795	0.00835	0.00747
41	0.05852	0.01354	0.01774	0.01384	0.01966	0.01223	0.01137	0.03756	0.07387	0.61008	0.03001	0.02613	0.01919	0.00959	0.00770	0.00242	0.00654	0.00776	0.00930	0.01296
42	0.03413	0.01334	0.01797	0.01388	0.01981	0.01173	0.01143	0.03793	0.04934	0.65698	0.03063	0.02650	0.01938	0.00964	0.00780	0.00241	0.00658	0.00784	0.00952	0.01316
43	0.78228	0.01499	0.01140	0.01020	0.01499	0.01739	0.00840	0.02279	0.01320	0.03479	0.01080	0.01260	0.00840	0.00720	0.00480	0.00240	0.00600	0.00420	0.00480	0.00840
44	0.00945	0.00675	0.00900	0.01080	0.01125	0.00630	0.00720	0.01080	0.01484	0.01979	0.04274	0.72245	0.05128	0.02429	0.00990	0.00315	0.00450	0.02204	0.00720	0.00630
45	0.01464	0.01378	0.02326	0.70887	0.05340	0.01723	0.02153	0.01981	0.01550	0.01981	0.01378	0.02067	0.01034	0.00775	0.00775	0.00258	0.01034	0.00689	0.00345	0.00861
46	0.01696	0.01696	0.02375	0.02036	0.02036	0.02375	0.01696	0.01866	0.01187	0.01866	0.01018	0.01696	0.01018	0.01357	0.02545	0.00339	0.71332	0.00679	0.00339	0.00848
47	0.03176	0.01805	0.02100	0.01610	0.02222	0.01861	0.01330	0.38872	0.03032	0.32209	0.02376	0.02196	0.01577	0.00943	0.00777	0.00236	0.00770	0.00733	0.00855	0.01319
48	0.00945	0.00675	0.00900	0.01080	0.01125	0.00630	0.00720	0.01080	0.01484	0.01979	0.04274	0.72245	0.05128	0.02429	0.00990	0.00315	0.00450	0.02204	0.00720	0.00630
49	0.03268	0.01326	0.01766	0.01379	0.01951	0.01185	0.01131	0.03716	0.07171	0.60912	0.05548	0.02780	0.02162	0.00991	0.00786	0.00242	0.00645	0.00811	0.00942	0.01290
50	0.01338	0.00934	0.01168	0.01054	0.01294	0.00892	0.00806	0.07255	0.02307	0.05503	0.56764	0.05402	0.09225	0.01521	0.00897	0.00244	0.00421	0.01328	0.00844	0.00801
51	0.04358	0.05210	0.01885	0.01545	0.02009	0.04182	0.01226	0.10336	0.47923	0.05560	0.02765	0.02597	0.02069	0.00993	0.00751	0.00248	0.00667	0.00800	0.03687	0.01187
52	0.24669	0.27781	0.02389	0.03887	0.01896	0.02068	0.01124	0.05512	0.01727	0.12665	0.04466	0.01814	0.01442	0.00796	0.00580	0.00210	0.00699	0.00557	0.04734	0.00982
53	0.02736	0.02039	0.02191	0.01725	0.02296	0.02260	0.01408	0.55709	0.09779	0.04563	0.02123	0.05834	0.01632	0.01025	0.00789	0.00240	0.00807	0.00799	0.00774	0.01272
54	0.78228	0.01499	0.01140	0.01020	0.01499	0.01739	0.00840	0.02279	0.01320	0.03479	0.01080	0.01260	0.00840	0.00720	0.00480	0.00240	0.00600	0.00420	0.00480	0.00840
55	0.15029	0.01301	0.01469	0.01242	0.01573	0.01442	0.04237	0.14132	0.01948	0.03265	0.03968	0.02346	0.01692	0.00928	0.00796	0.00222	0.07257	0.00692	0.35573	0.00886
56	0.01097	0.00793	0.01036	0.00975	0.01158	0.00732	0.00732	0.01463	0.02195	0.03109	0.67505	0.05792	0.07316	0.01585	0.00914	0.00244	0.00366	0.01402	0.00854	0.00732
57	0.01134	0.00863	0.01270	0.01256	0.01381	0.01016	0.00971	0.01390	0.01237	0.01785	0.02053	0.03107	0.01951	0.09517	0.63024	0.01179	0.04924	0.00842	0.00415	0.00686
58	0.01824	0.02074	0.04475	0.03212	0.03961	0.01980	0.62215	0.02456	0.01801	0.02456	0.01544	0.02074	0.01169	0.00686	0.00989	0.00265	0.04491	0.00904	0.00390	0.01037
59	0.01347	0.00673	0.01010	0.01010	0.01010	0.00673	0.00673	0.01010	0.01010	0.01347	0.01347	0.02357	0.01347	0.02694	0.03030	0.77441	0.00673	0.00673	0.00337	0.00337
60	0.78228	0.01499	0.01140	0.01020	0.01499	0.01739	0.00840	0.02279	0.01320	0.03479	0.01080	0.01260	0.00840	0.00720	0.00480	0.00240	0.00600	0.00420	0.00480	0.00840
61	0.01784	0.01566	0.01715	0.04073	0.05602	0.03918	0.01241	0.03377	0.46055	0.02924	0.06283	0.03500	0.05519	0.04853	0.00973	0.00288	0.00661	0.03861	0.00718	0.01090
62	0.78228	0.01499	0.01140	0.01020	0.01499	0.01739	0.00840	0.02279	0.01320	0.03479	0.01080	0.01260	0.00840	0.00720	0.00480	0.00240	0.00600	0.00420	0.00480	0.00840
63	0.00945	0.00675	0.00900	0.01080	0.01125	0.00630	0.00720	0.01080	0.01484	0.01979	0.04274	0.72245	0.05128	0.02429	0.00990	0.00315	0.00450	0.02204	0.00720	0.00630
64	0.01967	0.01307	0.01463	0.01255	0.01554	0.01386	0.00949	0.24883	0.02221	0.06868	0.02406	0.06071	0.02241	0.25092	0.04466	0.00447	0.00773	0.03706	0.10058	0.00886
65	0.10446	0.02072	0.02130	0.04189	0.02365	0.06893	0.01393	0.44277	0.03048	0.12774	0.01877	0.01879	0.01317	0.00899	0.00741	0.00233	0.00848	0.00667	0.00728	0.01225

[dist]
# distance from previous block
# <min> <max>
0	4

[block]
# block no. 5 follows, 25 sequences, length 26
# corresponding to MSA columns:
# 235-260
name=unknown_F
#
# <colnr> <probs for GDERKNQSTAVLIFYWHMCP>
#	G	D	E	R	K	N	Q	S	T	A	V	L	I	F	Y	W	H	M	C	P
0	0.02658	0.01227	0.01578	0.01315	0.01770	0.01147	0.01062	0.06323	0.07061	0.40836	0.08090	0.08562	0.02751	0.01197	0.00807	0.00250	0.00608	0.04921	0.06706	0.01130
1	0.01044	0.00808	0.01195	0.06506	0.01577	0.00792	0.04149	0.01225	0.01480	0.01969	0.03771	0.58070	0.04433	0.07630	0.01197	0.00341	0.00562	0.01939	0.00655	0.00657
2	0.06088	0.02116	0.02014	0.06918	0.02383	0.14183	0.01369	0.30997	0.07665	0.08575	0.01923	0.02001	0.01406	0.00894	0.00728	0.00227	0.00875	0.00671	0.07844	0.01123
3	0.01590	0.06818	0.01732	0.01134	0.01788	0.01160	0.00924	0.01916	0.01618	0.02440	0.01854	0.02031	0.06258	0.00688	0.00595	0.00130	0.00580	0.00547	0.00470	0.65727
4	0.02020	0.03856	0.03109	0.05374	0.02939	0.04992	0.23161	0.13926	0.01953	0.02676	0.01405	0.01849	0.01134	0.00931	0.01351	0.00267	0.22889	0.00737	0.00447	0.04984
5	0.01894	0.01360	0.01611	0.01227	0.01821	0.01142	0.00977	0.05204	0.06758	0.11931	0.06918	0.04572	0.01962	0.00821	0.00669	0.00166	0.00582	0.00678	0.00608	0.49101
6	0.01125	0.00837	0.01064	0.00977	0.01203	0.00750	0.00737	0.01479	0.02124	0.03003	0.58809	0.05577	0.10559	0.01532	0.00889	0.00235	0.00383	0.01345	0.00815	0.06559
7	0.01608	0.01378	0.01608	0.01148	0.01837	0.01034	0.00919	0.01952	0.01608	0.02527	0.01378	0.01608	0.01148	0.00574	0.00574	0.00115	0.00574	0.00459	0.00459	0.77491
8	0.02847	0.02013	0.07336	0.01659	0.02296	0.01919	0.01448	0.40023	0.03002	0.20618	0.05312	0.02225	0.01732	0.00945	0.00775	0.00233	0.00796	0.00737	0.00782	0.03302
9	0.01625	0.01592	0.02239	0.01941	0.01957	0.02206	0.01609	0.01808	0.01195	0.01858	0.01145	0.01859	0.01129	0.01894	0.10628	0.00448	0.62992	0.00697	0.00348	0.00829
10	0.00977	0.00688	0.00890	0.01038	0.01075	0.00651	0.00676	0.01088	0.01422	0.01895	0.03951	0.60415	0.04722	0.14814	0.01510	0.00392	0.00503	0.02015	0.00676	0.00602
11	0.02525	0.02147	0.02029	0.04904	0.04121	0.15425	0.01378	0.27484	0.14591	0.06682	0.02062	0.02114	0.01531	0.00912	0.00739	0.00228	0.00868	0.00697	0.08428	0.01134
12	0.02920	0.02028	0.02203	0.01697	0.02295	0.02214	0.01400	0.56931	0.03424	0.10266	0.01997	0.01979	0.01403	0.00932	0.00765	0.00231	0.00813	0.00706	0.04508	0.01290
13	0.01895	0.01769	0.02970	0.06288	0.51558	0.01790	0.06228	0.05224	0.04021	0.02612	0.03657	0.02108	0.01462	0.00827	0.00878	0.03486	0.00908	0.00734	0.00428	0.01155
14	0.01287	0.02153	0.29241	0.01516	0.02097	0.01207	0.01629	0.01907	0.04536	0.02603	0.23632	0.13573	0.08767	0.01359	0.00846	0.00257	0.00715	0.01167	0.00602	0.00905
15	0.01608	0.01378	0.01608	0.01148	0.01837	0.01034	0.00919	0.01952	0.01608	0.02527	0.01378	0.01608	0.01148	0.00574	0.00574	0.00115	0.00574	0.00459	0.00459	0.77491
16	0.01612	0.00972	0.01083	0.03894	0.01346	0.01051	0.00796	0.09336	0.01825	0.02979	0.02361	0.04575	0.01905	0.01125	0.02936	0.00236	0.03964	0.00760	0.56442	0.00802
17	0.01021	0.00764	0.00973	0.01061	0.01198	0.00679	0.00732	0.01191	0.01544	0.02086	0.06368	0.57291	0.09536	0.02161	0.00936	0.00286	0.00456	0.01942	0.00696	0.09077
18	0.01097	0.00793	0.01036	0.00975	0.01158	0.00732	0.00732	0.01463	0.02195	0.03109	0.67505	0.05792	0.07316	0.01585	0.00914	0.00244	0.00366	0.01402	0.00854	0.00732
19	0.01595	0.01363	0.01587	0.01161	0.01818	0.01051	0.00922	0.01998	0.03928	0.02532	0.01548	0.04256	0.01339	0.00660	0.00597	0.00128	0.00571	0.00539	0.00481	0.71928
20	0.68599	0.05206	0.01341	0.01063	0.01561	0.01763	0.00888	0.02395	0.01401	0.08329	0.01230	0.01364	0.00930	0.00735	0.00504	0.00236	0.00616	0.00447	0.00509	0.00884
21	0.00956	0.00680	0.00896	0.01065	0.01107	0.00638	0.00704	0.01083	0.01462	0.01949	0.04156	0.67921	0.04980	0.06956	0.01180	0.00343	0.00469	0.02135	0.00704	0.00619
22	0.10324	0.34812	0.07404	0.01517	0.02138	0.14046	0.01402	0.08277	0.01917	0.09662	0.01409	0.01508	0.01109	0.00754	0.00603	0.00199	0.00908	0.00506	0.00467	0.01037
23	0.01821	0.04531	0.03624	0.02905	0.09967	0.02094	0.34957	0.02431	0.06562	0.02363	0.01517	0.02001	0.01225	0.00870	0.01297	0.00275	0.19320	0.00809	0.00406	0.01026
24	0.01431	0.01226	0.01849	0.15296	0.18194	0.01282	0.01441	0.01989	0.06925	0.02764	0.33912	0.03919	0.04260	0.01173	0.00843	0.00245	0.00647	0.01053	0.00638	0.00915
25	0.01895	0.01503	0.01804	0.01889	0.11081	0.01618	0.01306	0.07832	0.32442	0.05803	0.03067	0.03470	0.05961	0.01121	0.00793	0.00253	0.00653	0.07068	0.06593	0.03847

[dist]
# distance from previous block
# <min> <max>
0	1

[block]
# block no. 6 follows, 25 sequences, length 32
# corresponding to MSA columns:
# 262-293
name=unknown_G
#
# <colnr> <probs for GDERKNQSTAVLIFYWHMCP>
#	G	D	E	R	K	N	Q	S	T	A	V	L	I	F	Y	W	H	M	C	P
0	0.01696	0.01747	0.02856	0.18971	0.05738	0.05174	0.19608	0.02185	0.03850	0.02259	0.07651	0.02319	0.01715	0.00978	0.01289	0.00275	0.19524	0.00815	0.00424	0.00925
1	0.08491	0.01313	0.01767	0.09020	0.14395	0.01386	0.01356	0.11609	0.02016	0.02897	0.13780	0.17187	0.03320	0.01374	0.00841	0.00265	0.00684	0.06753	0.00628	0.00917
2	0.01097	0.00793	0.01036	0.00975	0.01158	0.00732	0.00732	0.01463	0.02195	0.03109	0.67505	0.05792	0.07316	0.01585	0.00914	0.00244	0.00366	0.01402	0.00854	0.00732
3	0.02438	0.01395	0.01711	0.01502	0.04296	0.01402	0.01147	0.08365	0.20341	0.28802	0.14186	0.03341	0.05338	0.01118	0.00810	0.00247	0.00612	0.00936	0.00848	0.01164
4	0.03479	0.01320	0.01799	0.01380	0.01979	0.01140	0.01140	0.03779	0.02219	0.68451	0.03059	0.02639	0.01919	0.00960	0.00780	0.00240	0.00660	0.00780	0.00960	0.01320
5	0.78228	0.01499	0.01140	0.01020	0.01499	0.01739	0.00840	0.02279	0.01320	0.03479	0.01080	0.01260	0.00840	0.00720	0.00480	0.00240	0.00600	0.00420	0.00480	0.00840
6	0.02924	0.01981	0.02193	0.01708	0.02300	0.02143	0.01415	0.53189	0.03342	0.13537	0.02155	0.02361	0.01580	0.01004	0.00793	0.00241	0.00819	0.04234	0.00798	0.01284
7	0.05808	0.01335	0.01721	0.01383	0.01913	0.01253	0.01134	0.06451	0.07287	0.49565	0.05152	0.02959	0.02181	0.01259	0.04049	0.00294	0.00723	0.03435	0.00880	0.01219
8	0.01696	0.01696	0.02375	0.02036	0.02036	0.02375	0.01696	0.01866	0.01187	0.01866	0.01018	0.01696	0.01018	0.01357	0.02545	0.00339	0.71332	0.00679	0.00339	0.00848
9	0.01663	0.00932	0.00955	0.00876	0.01121	0.00966	0.00677	0.10997	0.01918	0.03179	0.02433	0.02742	0.01891	0.00907	0.00576	0.00188	0.00433	0.00719	0.66019	0.00809
10	0.01520	0.00883	0.01159	0.01048	0.01303	0.00798	0.00800	0.01853	0.02140	0.15051	0.49448	0.09061	0.08801	0.01534	0.00894	0.00248	0.00426	0.01343	0.00860	0.00831
11	0.01465	0.00791	0.00844	0.00823	0.01016	0.00815	0.00626	0.04204	0.01661	0.02844	0.02452	0.02869	0.01956	0.01462	0.08403	0.00304	0.00575	0.00734	0.65414	0.00742
12	0.00953	0.00682	0.00908	0.01074	0.01127	0.00636	0.00720	0.01102	0.01525	0.02044	0.07911	0.68422	0.05254	0.02381	0.00985	0.00311	0.00445	0.02158	0.00727	0.00636
13	0.01929	0.01666	0.01753	0.01578	0.02016	0.01929	0.01227	0.04120	0.66513	0.03243	0.03156	0.02893	0.02367	0.01052	0.00789	0.00263	0.00614	0.00877	0.00789	0.01227
14	0.14176	0.06270	0.24919	0.01534	0.02218	0.01526	0.01623	0.02545	0.04564	0.15414	0.15012	0.02635	0.02472	0.00957	0.00728	0.00239	0.00768	0.00759	0.00599	0.01042
15	0.12607	0.23232	0.17990	0.05729	0.05328	0.07571	0.01711	0.04890	0.06338	0.05797	0.01470	0.01636	0.01139	0.00759	0.00639	0.00218	0.00909	0.00548	0.00440	0.01048
16	0.78228	0.01499	0.01140	0.01020	0.01499	0.01739	0.00840	0.02279	0.01320	0.03479	0.01080	0.01260	0.00840	0.00720	0.00480	0.00240	0.00600	0.00420	0.00480	0.00840
17	0.02006	0.64205	0.12484	0.01442	0.02168	0.02903	0.01527	0.02339	0.01583	0.01906	0.01119	0.01295	0.00993	0.00673	0.00529	0.00176	0.00870	0.00435	0.00331	0.01015
18	0.01016	0.00737	0.00959	0.01015	0.01137	0.00680	0.00719	0.01264	0.01838	0.02524	0.34626	0.37287	0.09304	0.02003	0.00950	0.00278	0.00407	0.01793	0.00784	0.00680
19	0.01128	0.00752	0.00846	0.00846	0.00846	0.00752	0.00470	0.01128	0.01128	0.01503	0.02443	0.05074	0.02819	0.72751	0.03946	0.00752	0.00752	0.01128	0.00470	0.00470
20	0.00973	0.00695	0.00932	0.01112	0.01169	0.00654	0.00769	0.01129	0.01512	0.02011	0.04258	0.66344	0.05066	0.02402	0.00997	0.00319	0.00474	0.07826	0.00719	0.00638
21	0.01347	0.00673	0.01010	0.01010	0.01010	0.00673	0.00673	0.01010	0.01010	0.01347	0.01347	0.02357	0.01347	0.02694	0.03030	0.77441	0.00673	0.00673	0.00337	0.00337
22	0.78228	0.01499	0.01140	0.01020	0.01499	0.01739	0.00840	0.02279	0.01320	0.03479	0.01080	0.01260	0.00840	0.00720	0.00480	0.00240	0.00600	0.00420	0.00480	0.00840
23	0.02879	0.02106	0.02254	0.01736	0.02336	0.02328	0.01431	0.62428	0.03553	0.04795	0.01892	0.01909	0.01349	0.00930	0.00765	0.00230	0.00831	0.00699	0.04259	0.01291
24	0.02899	0.03623	0.02203	0.01987	0.02397	0.66448	0.01497	0.06049	0.02266	0.02039	0.01230	0.01420	0.01014	0.00805	0.00703	0.00201	0.01372	0.00509	0.00417	0.00919
25	0.01893	0.01816	0.03101	0.08510	0.64365	0.01835	0.02367	0.02357	0.01753	0.02502	0.01454	0.01927	0.01217	0.00696	0.00768	0.00232	0.00928	0.00691	0.00382	0.01207
26	0.01595	0.01551	0.02258	0.05276	0.02144	0.02082	0.04265	0.01804	0.01235	0.01870	0.01254	0.02068	0.01227	0.05829	0.09696	0.00453	0.53485	0.00731	0.00357	0.00819
27	0.68571	0.01627	0.01325	0.01266	0.04717	0.04326	0.00964	0.05004	0.01473	0.03435	0.01135	0.01322	0.00885	0.00730	0.00514	0.00238	0.00656	0.00448	0.00485	0.00881
28	0.01830	0.02092	0.04575	0.03268	0.04052	0.01961	0.65098	0.02484	0.01830	0.02484	0.01569	0.02092	0.01176	0.00654	0.00915	0.00261	0.01307	0.00915	0.00392	0.01046
29	0.00945	0.00675	0.00900	0.01080	0.01125	0.00630	0.00720	0.01080	0.01484	0.01979	0.04274	0.72245	0.05128	0.02429	0.00990	0.00315	0.00450	0.02204	0.00720	0.00630
30	0.16212	0.01312	0.01385	0.01221	0.01623	0.01401	0.00962	0.04732	0.21693	0.15187	0.05611	0.05766	0.04660	0.01060	0.00706	0.00241	0.00557	0.00850	0.13800	0.01020
31	0.05945	0.01892	0.01951	0.06522	0.02316	0.07965	0.01360	0.18903	0.28043	0.05826	0.05352	0.02423	0.01954	0.01003	0.00868	0.00251	0.04831	0.00773	0.00688	0.01135

[dist]
# distance from previous block
# <min> <max>
0	2

[block]
# block no. 7 follows, 25 sequences, length 55
# corresponding to MSA columns:
# 296-350
name=unknown_H
#
# <colnr> <probs for GDERKNQSTAVLIFYWHMCP>
#	G	D	E	R	K	N	Q	S	T	A	V	L	I	F	Y	W	H	M	C	P
0	0.05825	0.01819	0.04678	0.01963	0.10176	0.01852	0.01442	0.16839	0.27139	0.12951	0.02409	0.02331	0.01756	0.00919	0.00756	0.00241	0.00728	0.00749	0.00714	0.04715
1	0.05176	0.08164	0.40415	0.06255	0.03027	0.01888	0.05136	0.07649	0.01761	0.02575	0.01588	0.06645	0.01312	0.00894	0.00823	0.00249	0.04267	0.00708	0.00405	0.01063
2	0.02035	0.01563	0.01796	0.03896	0.02085	0.01490	0.01139	0.19930	0.07757	0.06195	0.01990	0.07878	0.01671	0.00898	0.00701	0.00189	0.00666	0.00734	0.00617	0.36769
