[name]
unknown

[dist]
# distance from previous block
# <min> <max>
0	4

[block]
# block no. 0 follows, 23 sequences, length 31
# corresponding to MSA columns:
# 4-34
name=unknown_A
#
# <colnr> <probs for GDERKNQSTAVLIFYWHMCP>
#	G	D	E	R	K	N	Q	S	T	A	V	L	I	F	Y	W	H	M	C	P
0	0.01345	0.00980	0.01332	0.01486	0.01690	0.00995	0.01286	0.01838	0.05782	0.02519	0.06564	0.08658	0.04647	0.02149	0.01096	0.00363	0.00727	0.55004	0.00758	0.00781
1	0.01627	0.04197	0.67279	0.02313	0.03512	0.01884	0.02998	0.02570	0.01713	0.02570	0.01456	0.01713	0.01028	0.00771	0.00771	0.00257	0.01199	0.00600	0.00343	0.01199
2	0.01158	0.00836	0.01098	0.01050	0.01241	0.00776	0.00799	0.01540	0.02271	0.03203	0.62225	0.06250	0.07474	0.01694	0.00967	0.00262	0.00405	0.05102	0.00884	0.00764
3	0.01008	0.00720	0.00964	0.01152	0.01208	0.00676	0.00787	0.01164	0.01573	0.02093	0.04461	0.67152	0.05324	0.02524	0.01041	0.00332	0.00488	0.05915	0.00753	0.00664
4	0.01148	0.00829	0.01085	0.01021	0.01212	0.00766	0.00766	0.01531	0.02297	0.03254	0.65994	0.06061	0.07656	0.01659	0.00957	0.00255	0.00383	0.01467	0.00893	0.00766
5	0.00989	0.00706	0.00942	0.01130	0.01177	0.00659	0.00753	0.01130	0.01554	0.02071	0.04472	0.70954	0.05367	0.02542	0.01036	0.00330	0.00471	0.02307	0.00753	0.00659
6	0.01058	0.00810	0.00982	0.01057	0.01239	0.00734	0.00799	0.01303	0.01842	0.02369	0.15701	0.25366	0.29146	0.02160	0.01008	0.00304	0.00482	0.12164	0.00775	0.00701
7	0.09799	0.56800	0.07328	0.01411	0.02110	0.02874	0.01415	0.02525	0.01666	0.06062	0.01272	0.01415	0.01083	0.00723	0.00551	0.00191	0.00851	0.00467	0.00402	0.01054
8	0.01180	0.00787	0.00885	0.00885	0.00885	0.00787	0.00492	0.01180	0.01180	0.01573	0.02557	0.05310	0.02950	0.71483	0.04130	0.00787	0.00787	0.01180	0.00492	0.00492
9	0.01608	0.03862	0.59567	0.02275	0.03385	0.01814	0.05782	0.02498	0.01764	0.02619	0.06021	0.02043	0.01506	0.00829	0.00793	0.00258	0.01150	0.00678	0.00385	0.01163
10	0.58241	0.01591	0.01414	0.01197	0.01733	0.01763	0.00987	0.07487	0.01741	0.15075	0.01564	0.01626	0.01120	0.00815	0.00583	0.00250	0.00660	0.00530	0.00616	0.01008
11	0.02181	0.02195	0.01952	0.01880	0.05722	0.18247	0.01368	0.03677	0.40241	0.02947	0.05954	0.02933	0.04990	0.01082	0.00813	0.00256	0.00841	0.00869	0.00702	0.01149
12	0.01495	0.01218	0.05420	0.01525	0.01809	0.01084	0.01356	0.04418	0.04583	0.05314	0.03956	0.14494	0.04180	0.02030	0.01052	0.00347	0.00744	0.43393	0.00740	0.00841
13	0.25828	0.12126	0.02092	0.01362	0.01975	0.01894	0.01156	0.12921	0.02105	0.20095	0.01843	0.01840	0.01319	0.00829	0.00650	0.00223	0.00721	0.00590	0.00659	0.09772
14	0.02169	0.71972	0.04252	0.01388	0.02083	0.03211	0.01388	0.02430	0.01649	0.01909	0.01128	0.01302	0.01041	0.00694	0.00521	0.00174	0.00868	0.00434	0.00347	0.01041
15	0.01627	0.04197	0.67279	0.02313	0.03512	0.01884	0.02998	0.02570	0.01713	0.02570	0.01456	0.01713	0.01028	0.00771	0.00771	0.00257	0.01199	0.00600	0.00343	0.01199
16	0.01018	0.00752	0.00960	0.01114	0.01217	0.00694	0.00789	0.01196	0.01641	0.02132	0.05125	0.52885	0.16176	0.02422	0.01031	0.00324	0.00490	0.08606	0.00753	0.00673
17	0.02173	0.01786	0.01903	0.01650	0.02129	0.02031	0.01300	0.16134	0.48163	0.03732	0.07454	0.03023	0.02621	0.01115	0.00832	0.00267	0.00675	0.00918	0.00828	0.01267
18	0.01121	0.00828	0.01054	0.01049	0.01239	0.00761	0.00797	0.01453	0.02116	0.02897	0.45144	0.12630	0.16116	0.01861	0.00981	0.00277	0.00432	0.07659	0.00844	0.00742
19	0.01791	0.01755	0.03005	0.21148	0.22375	0.01999	0.11830	0.02244	0.01649	0.02338	0.01458	0.02065	0.01202	0.00915	0.01262	0.00279	0.17422	0.00758	0.03470	0.01036
20	0.02013	0.01293	0.04238	0.01517	0.04234	0.01131	0.01226	0.02551	0.07071	0.20124	0.19570	0.05114	0.04068	0.01449	0.00915	0.00277	0.00647	0.16119	0.00815	0.05628
21	0.77215	0.01569	0.01193	0.01067	0.01569	0.01820	0.00879	0.02385	0.01381	0.03641	0.01130	0.01318	0.00879	0.00753	0.00502	0.00251	0.00628	0.00439	0.00502	0.00879
22	0.02136	0.67784	0.08146	0.01446	0.02171	0.03129	0.01488	0.02438	0.01653	0.01950	0.01148	0.01327	0.01040	0.00699	0.00536	0.00179	0.00888	0.00444	0.00347	0.01051
23	0.01119	0.00822	0.01048	0.01005	0.01197	0.00751	0.00748	0.01468	0.02206	0.03070	0.56173	0.09887	0.13978	0.01752	0.00962	0.00261	0.00391	0.01541	0.00870	0.00751
24	0.01114	0.00823	0.01040	0.00996	0.01194	0.00749	0.00743	0.01460	0.02199	0.03046	0.54816	0.09099	0.16199	0.01755	0.00961	0.00261	0.00391	0.01540	0.00867	0.00749
25	0.02009	0.01905	0.03115	0.04573	0.58553	0.01939	0.02343	0.02713	0.09569	0.02742	0.01744	0.02133	0.01431	0.00769	0.00806	0.00245	0.00925	0.00747	0.00454	0.01285
26	0.02972	0.03640	0.02279	0.02050	0.02484	0.60173	0.01549	0.06969	0.06246	0.02262	0.01422	0.01589	0.01154	0.00861	0.00742	0.00215	0.01378	0.00559	0.00467	0.00988
27	0.01148	0.00829	0.01085	0.01021	0.01212	0.00766	0.00766	0.01531	0.02297	0.03254	0.65994	0.06061	0.07656	0.01659	0.00957	0.00255	0.00383	0.01467	0.00893	0.00766
28	0.02235	0.01835	0.02168	0.02234	0.12989	0.02040	0.01520	0.12436	0.43072	0.06124	0.02807	0.02692	0.02101	0.01015	0.00820	0.00264	0.00734	0.00854	0.00760	0.01302
29	0.02049	0.01940	0.03017	0.06218	0.45356	0.05846	0.06491	0.02628	0.05776	0.05030	0.06147	0.02363	0.01800	0.00828	0.00823	0.00246	0.00957	0.00794	0.00484	0.01206
30	0.08383	0.01588	0.01869	0.01487	0.02064	0.03715	0.01207	0.09869	0.08926	0.45386	0.02855	0.02644	0.01913	0.03217	0.00897	0.00268	0.00731	0.00794	0.00895	0.01293

[dist]
# distance from previous block
# <min> <max>
0	1

[block]
# block no. 1 follows, 23 sequences, length 43
# corresponding to MSA columns:
# 36-78
name=unknown_B
#
# <colnr> <probs for GDERKNQSTAVLIFYWHMCP>
#	G	D	E	R	K	N	Q	S	T	A	V	L	I	F	Y	W	H	M	C	P
0	0.01627	0.04197	0.67279	0.02313	0.03512	0.01884	0.02998	0.02570	0.01713	0.02570	0.01456	0.01713	0.01028	0.00771	0.00771	0.00257	0.01199	0.00600	0.00343	0.01199
1	0.01706	0.13999	0.58164	0.02179	0.03305	0.02076	0.02765	0.02549	0.01704	0.02474	0.01409	0.01654	0.01030	0.00760	0.00735	0.00245	0.01151	0.00576	0.00343	0.01176
2	0.77215	0.01569	0.01193	0.01067	0.01569	0.01820	0.00879	0.02385	0.01381	0.03641	0.01130	0.01318	0.00879	0.00753	0.00502	0.00251	0.00628	0.00439	0.00502	0.00879
3	0.01409	0.00705	0.01057	0.01057	0.01057	0.00705	0.00705	0.01057	0.01057	0.01409	0.01409	0.02467	0.01409	0.02819	0.03171	0.76392	0.00705	0.00705	0.00352	0.00352
4	0.00989	0.00706	0.00942	0.01130	0.01177	0.00659	0.00753	0.01130	0.01554	0.02071	0.04472	0.70954	0.05367	0.02542	0.01036	0.00330	0.00471	0.02307	0.00753	0.00659
5	0.01650	0.02957	0.35401	0.02554	0.06800	0.01822	0.16696	0.02355	0.01690	0.02451	0.01692	0.05299	0.01396	0.01389	0.07480	0.00371	0.05713	0.00805	0.00391	0.01088
6	0.77215	0.01569	0.01193	0.01067	0.01569	0.01820	0.00879	0.02385	0.01381	0.03641	0.01130	0.01318	0.00879	0.00753	0.00502	0.00251	0.00628	0.00439	0.00502	0.00879
7	0.01653	0.07447	0.64257	0.02268	0.03443	0.01948	0.02921	0.02563	0.01710	0.02538	0.01440	0.01693	0.01029	0.00767	0.00759	0.00253	0.01183	0.00592	0.00343	0.01192
8	0.00989	0.00706	0.00942	0.01130	0.01177	0.00659	0.00753	0.01130	0.01554	0.02071	0.04472	0.70954	0.05367	0.02542	0.01036	0.00330	0.00471	0.02307	0.00753	0.00659
9	0.01699	0.01879	0.06593	0.57978	0.05125	0.08927	0.02228	0.02230	0.01701	0.02096	0.01423	0.02059	0.01074	0.00811	0.00800	0.00263	0.01130	0.00692	0.00366	0.00925
10	0.77215	0.01569	0.01193	0.01067	0.01569	0.01820	0.00879	0.02385	0.01381	0.03641	0.01130	0.01318	0.00879	0.00753	0.00502	0.00251	0.00628	0.00439	0.00502	0.00879
11	0.01936	0.01841	0.03125	0.07942	0.59696	0.01855	0.02380	0.02415	0.01862	0.02657	0.05201	0.02247	0.01639	0.00781	0.00812	0.00243	0.00937	0.00765	0.00428	0.01237
12	0.01661	0.01584	0.02683	0.51095	0.15415	0.01850	0.05872	0.02299	0.05219	0.02274	0.01572	0.02187	0.01202	0.00805	0.00819	0.00266	0.01055	0.00746	0.00396	0.00998
13	0.77215	0.01569	0.01193	0.01067	0.01569	0.01820	0.00879	0.02385	0.01381	0.03641	0.01130	0.01318	0.00879	0.00753	0.00502	0.00251	0.00628	0.00439	0.00502	0.00879
14	0.01012	0.00821	0.00903	0.00931	0.01167	0.00713	0.00706	0.01244	0.01869	0.02311	0.13482	0.13884	0.48785	0.02078	0.00980	0.00286	0.00443	0.06923	0.00767	0.00696
15	0.01180	0.00787	0.00885	0.00885	0.00885	0.00787	0.00492	0.01180	0.01180	0.01573	0.02557	0.05310	0.02950	0.71483	0.04130	0.00787	0.00787	0.01180	0.00492	0.00492
16	0.01683	0.01442	0.01683	0.01202	0.01923	0.01082	0.00961	0.02043	0.01683	0.02644	0.01442	0.01683	0.01202	0.00601	0.00601	0.00120	0.00601	0.00481	0.00481	0.76444
17	0.06868	0.01538	0.01895	0.01474	0.02066	0.01477	0.01212	0.16698	0.02576	0.45513	0.05230	0.02653	0.02038	0.01009	0.00796	0.00247	0.00707	0.00802	0.03891	0.01308
18	0.02923	0.03641	0.02250	0.02044	0.02466	0.61189	0.01538	0.03354	0.08959	0.02136	0.01472	0.01630	0.01197	0.00864	0.00742	0.00216	0.01376	0.00565	0.00461	0.00977
19	0.01180	0.00787	0.00885	0.00885	0.00885	0.00787	0.00492	0.01180	0.01180	0.01573	0.02557	0.05310	0.02950	0.71483	0.04130	0.00787	0.00787	0.01180	0.00492	0.00492
20	0.01458	0.00927	0.01203	0.01093	0.01343	0.00864	0.00834	0.01911	0.04875	0.10251	0.56528	0.05575	0.06824	0.01564	0.00936	0.00256	0.00427	0.01373	0.00903	0.00854
21	0.01998	0.01956	0.03455	0.04812	0.59714	0.01941	0.09069	0.02502	0.01855	0.02645	0.01539	0.02028	0.01279	0.00719	0.00820	0.00245	0.01008	0.00748	0.00403	0.01265
22	0.01704	0.11271	0.56558	0.02286	0.03407	0.02036	0.06720	0.02557	0.01719	0.02501	0.01433	0.01700	0.01042	0.00757	0.00756	0.00249	0.01175	0.00605	0.00347	0.01176
23	0.01079	0.00827	0.00989	0.00948	0.01170	0.00736	0.00711	0.01397	0.02133	0.02865	0.44862	0.06700	0.29031	0.01804	0.00958	0.00262	0.00393	0.01557	0.00842	0.00736
24	0.01683	0.01442	0.01683	0.01202	0.01923	0.01082	0.00961	0.02043	0.01683	0.02644	0.01442	0.01683	0.01202	0.00601	0.00601	0.00120	0.00601	0.00481	0.00481	0.76444
25	0.01315	0.00901	0.01144	0.01058	0.01292	0.00839	0.00802	0.01765	0.05021	0.06820	0.55471	0.05866	0.11336	0.01626	0.00943	0.00257	0.00414	0.01424	0.00886	0.00818
26	0.01389	0.03425	0.01542	0.01393	0.01575	0.03475	0.01103	0.04013	0.01458	0.02065	0.02038	0.02910	0.01870	0.04983	0.53603	0.01074	0.06934	0.00822	0.03546	0.00781
27	0.00989	0.00706	0.00942	0.01130	0.01177	0.00659	0.00753	0.01130	0.01554	0.02071	0.04472	0.70954	0.05367	0.02542	0.01036	0.00330	0.00471	0.02307	0.00753	0.00659
28	0.01407	0.01172	0.01555	0.08580	0.08187	0.01211	0.01319	0.02050	0.11366	0.02493	0.04697	0.06453	0.20972	0.01726	0.00969	0.00307	0.00691	0.23279	0.00688	0.00878
29	0.77215	0.01569	0.01193	0.01067	0.01569	0.01820	0.00879	0.02385	0.01381	0.03641	0.01130	0.01318	0.00879	0.00753	0.00502	0.00251	0.00628	0.00439	0.00502	0.00879
30	0.09763	0.54853	0.09045	0.01478	0.02177	0.07145	0.01482	0.02489	0.01669	0.02144	0.01164	0.01348	0.01024	0.00716	0.00553	0.00191	0.00909	0.00454	0.00367	0.01032
31	0.06495	0.10019	0.06224	0.01810	0.02455	0.08702	0.01563	0.41388	0.06753	0.04153	0.01804	0.01851	0.01331	0.00916	0.00756	0.00236	0.00934	0.00668	0.00683	0.01261
32	0.02203	0.02206	0.03063	0.03775	0.38159	0.11481	0.07967	0.08532	0.02078	0.02741	0.01653	0.02288	0.01413	0.00876	0.00931	0.00253	0.04996	0.03750	0.00460	0.01177
33	0.01519	0.01413	0.02368	0.65576	0.05361	0.01752	0.02198	0.02050	0.01637	0.02094	0.01608	0.02570	0.01290	0.00894	0.00829	0.00276	0.01062	0.04225	0.00383	0.00892
34	0.01588	0.03997	0.63335	0.02224	0.03369	0.01813	0.02857	0.02486	0.01721	0.02547	0.01858	0.02075	0.04889	0.00847	0.00782	0.00258	0.01152	0.00666	0.00367	0.01169
35	0.01683	0.01442	0.01683	0.01202	0.01923	0.01082	0.00961	0.02043	0.01683	0.02644	0.01442	0.01683	0.01202	0.00601	0.00601	0.00120	0.00601	0.00481	0.00481	0.76444
36	0.01532	0.01442	0.02434	0.69533	0.05589	0.01803	0.02253	0.02073	0.01622	0.02073	0.01442	0.02163	0.01082	0.00811	0.00811	0.00270	0.01082	0.00721	0.00361	0.00901
37	0.03085	0.02273	0.02435	0.01867	0.02516	0.02516	0.01542	0.63716	0.03815	0.05114	0.01948	0.01948	0.01380	0.00974	0.00812	0.00244	0.00893	0.00731	0.00812	0.01380
38	0.01006	0.00801	0.00910	0.00985	0.01185	0.00705	0.00733	0.01212	0.01767	0.02184	0.06713	0.25962	0.41911	0.02215	0.00999	0.00301	0.00466	0.08507	0.00753	0.00685
39	0.01532	0.01442	0.02434	0.69533	0.05589	0.01803	0.02253	0.02073	0.01622	0.02073	0.01442	0.02163	0.01082	0.00811	0.00811	0.00270	0.01082	0.00721	0.00361	0.00901
40	0.01982	0.01879	0.03025	0.07363	0.46014	0.01948	0.05767	0.02866	0.15370	0.02779	0.01910	0.02245	0.01528	0.00806	0.00817	0.00252	0.00924	0.00778	0.00491	0.01255
41	0.02443	0.01850	0.02006	0.01626	0.02192	0.01986	0.01307	0.28090	0.25266	0.07493	0.02808	0.02689	0.05551	0.01039	0.00800	0.00242	0.00729	0.00830	0.00785	0.10269
42	0.01910	0.01817	0.03085	0.12519	0.56020	0.01857	0.02379	0.02394	0.01842	0.02611	0.04599	0.02221	0.01566	0.00778	0.00812	0.00245	0.00950	0.00758	0.00420	0.01214

[dist]
# distance from previous block
# <min> <max>
0	4

[block]
# block no. 2 follows, 23 sequences, length 8
# corresponding to MSA columns:
# 83-90
name=unknown_C
#
# <colnr> <probs for GDERKNQSTAVLIFYWHMCP>
#	G	D	E	R	K	N	Q	S	T	A	V	L	I	F	Y	W	H	M	C	P
0	0.09080	0.01665	0.02076	0.02656	0.25122	0.07614	0.01577	0.02331	0.06944	0.02775	0.12702	0.04014	0.07841	0.01220	0.00848	0.00264	0.00788	0.08871	0.00598	0.01014
1	0.01886	0.06288	0.06217	0.03077	0.31664	0.01709	0.01847	0.02550	0.09421	0.05929	0.09137	0.06372	0.02515	0.01055	0.00825	0.00251	0.00806	0.04144	0.00568	0.03740
2	0.01849	0.01953	0.03868	0.03351	0.16994	0.01825	0.39347	0.02418	0.01851	0.02581	0.01778	0.06543	0.01507	0.00803	0.00889	0.00253	0.01137	0.00941	0.00439	0.09675
3	0.01794	0.01353	0.01592	0.01505	0.05254	0.01350	0.01102	0.04982	0.20630	0.06231	0.09481	0.06859	0.05034	0.01177	0.00792	0.00236	0.00594	0.04198	0.09865	0.15970
4	0.01609	0.01490	0.02339	0.58809	0.05039	0.01837	0.02100	0.02427	0.11628	0.02282	0.01736	0.02300	0.01302	0.00857	0.00814	0.00271	0.01012	0.00752	0.00434	0.00962
5	0.01882	0.01817	0.03126	0.13788	0.51108	0.01853	0.05667	0.02369	0.01820	0.02543	0.01865	0.02338	0.04588	0.00802	0.00821	0.00249	0.00974	0.00786	0.00414	0.01190
6	0.01457	0.00774	0.00843	0.00843	0.01025	0.00797	0.00638	0.01821	0.01639	0.02845	0.02572	0.03051	0.02072	0.01757	0.11263	0.00365	0.00662	0.00774	0.64052	0.00751
7	0.01627	0.04197	0.67279	0.02313	0.03512	0.01884	0.02998	0.02570	0.01713	0.02570	0.01456	0.01713	0.01028	0.00771	0.00771	0.00257	0.01199	0.00600	0.00343	0.01199

[dist]
# distance from previous block
# <min> <max>
0	1

[block]
# block no. 3 follows, 23 sequences, length 50
# corresponding to MSA columns:
# 92-141
name=unknown_D
#
# <colnr> <probs for GDERKNQSTAVLIFYWHMCP>
#	G	D	E	R	K	N	Q	S	T	A	V	L	I	F	Y	W	H	M	C	P
0	0.02566	0.01435	0.01726	0.01492	0.01935	0.01382	0.01153	0.05591	0.16382	0.28321	0.13413	0.10976	0.06892	0.01461	0.00946	0.00300	0.00662	0.01194	0.00945	0.01229
1	0.01174	0.00812	0.01012	0.01012	0.01056	0.00856	0.00650	0.01262	0.01218	0.01667	0.02441	0.04667	0.02671	0.51666	0.23565	0.00943	0.01207	0.01086	0.00474	0.00562
2	0.06269	0.01523	0.01846	0.01420	0.02054	0.01390	0.01157	0.09141	0.07696	0.35227	0.02520	0.02349	0.01719	0.00889	0.00744	0.00217	0.00679	0.00709	0.00806	0.21644
3	0.01159	0.00869	0.01304	0.01304	0.01449	0.01014	0.01014	0.01449	0.01304	0.01884	0.02173	0.03188	0.02029	0.06086	0.68268	0.01304	0.02173	0.00869	0.00435	0.00724
4	0.02669	0.02163	0.02092	0.01853	0.04727	0.14362	0.01416	0.20184	0.18832	0.12895	0.05734	0.02757	0.02144	0.01061	0.00820	0.00252	0.00876	0.03193	0.00755	0.01212
5	0.01817	0.01438	0.01729	0.04126	0.02090	0.01120	0.01033	0.02182	0.01726	0.07250	0.01569	0.01781	0.01255	0.00639	0.00625	0.00136	0.00628	0.00515	0.00513	0.67828
6	0.01590	0.01349	0.02307	0.01920	0.02316	0.01299	0.19665	0.04463	0.05192	0.05627	0.09281	0.22308	0.06352	0.01627	0.00985	0.00301	0.00808	0.11018	0.00681	0.00909
7	0.02900	0.03649	0.02319	0.02095	0.02469	0.61374	0.01589	0.03106	0.02189	0.01982	0.01235	0.01496	0.01047	0.00897	0.00933	0.00224	0.08606	0.00542	0.00412	0.00935
8	0.01634	0.07535	0.47756	0.02215	0.03216	0.01830	0.09016	0.02408	0.01715	0.02492	0.01733	0.08092	0.01457	0.00912	0.00792	0.00254	0.01103	0.00779	0.00394	0.04670
9	0.02169	0.71972	0.04252	0.01388	0.02083	0.03211	0.01388	0.02430	0.01649	0.01909	0.01128	0.01302	0.01041	0.00694	0.00521	0.00174	0.00868	0.00434	0.00347	0.01041
10	0.01627	0.04197	0.67279	0.02313	0.03512	0.01884	0.02998	0.02570	0.01713	0.02570	0.01456	0.01713	0.01028	0.00771	0.00771	0.00257	0.01199	0.00600	0.00343	0.01199
11	0.01017	0.00726	0.00974	0.01162	0.01222	0.00683	0.00802	0.01179	0.01581	0.02103	0.04457	0.65463	0.05305	0.02515	0.01043	0.00333	0.00495	0.07517	0.00753	0.00667
12	0.01733	0.12004	0.49076	0.02310	0.03381	0.02039	0.10775	0.02538	0.01731	0.02497	0.01441	0.01726	0.01063	0.00744	0.00760	0.00244	0.01161	0.00623	0.00357	0.03799
13	0.00989	0.00706	0.00942	0.01130	0.01177	0.00659	0.00753	0.01130	0.01554	0.02071	0.04472	0.70954	0.05367	0.02542	0.01036	0.00330	0.00471	0.02307	0.00753	0.00659
14	0.01572	0.01120	0.01277	0.01175	0.01440	0.04121	0.00892	0.02156	0.09715	0.08754	0.43362	0.08379	0.05812	0.01503	0.00902	0.00255	0.00496	0.01305	0.04880	0.00884
15	0.01280	0.00884	0.01137	0.01039	0.01280	0.00796	0.00787	0.01649	0.02245	0.06119	0.56934	0.05789	0.10157	0.01598	0.00933	0.00249	0.00409	0.01403	0.00871	0.04439
16	0.77215	0.01569	0.01193	0.01067	0.01569	0.01820	0.00879	0.02385	0.01381	0.03641	0.01130	0.01318	0.00879	0.00753	0.00502	0.00251	0.00628	0.00439	0.00502	0.00879
17	0.01735	0.17688	0.54734	0.02129	0.03227	0.02148	0.02678	0.02542	0.01700	0.02438	0.01391	0.01631	0.01031	0.00756	0.00721	0.00240	0.01133	0.00567	0.00344	0.01168
18	0.01718	0.01464	0.01557	0.01422	0.01815	0.01623	0.01099	0.03398	0.45853	0.03150	0.11376	0.04280	0.15129	0.01345	0.00866	0.00273	0.00569	0.01131	0.00820	0.01112
19	0.00997	0.00815	0.00881	0.00882	0.01124	0.00698	0.00655	0.01232	0.01913	0.02386	0.18962	0.12083	0.50520	0.02015	0.00964	0.00274	0.00410	0.01709	0.00780	0.00698
20	0.01753	0.18186	0.51470	0.02169	0.03247	0.02167	0.05295	0.02542	0.01709	0.02434	0.01396	0.01648	0.01040	0.00751	0.00727	0.00240	0.01138	0.00581	0.00347	0.01162
21	0.00972	0.00820	0.00826	0.00826	0.01083	0.00691	0.00609	0.01165	0.01809	0.02155	0.07878	0.07658	0.62276	0.06251	0.01151	0.00305	0.00434	0.01680	0.00738	0.00673
22	0.01008	0.00780	0.00923	0.01006	0.01172	0.00695	0.00725	0.01212	0.01768	0.02254	0.11855	0.34231	0.31830	0.02232	0.01000	0.00301	0.00451	0.05107	0.00766	0.00685
23	0.01826	0.04513	0.02709	0.44316	0.20022	0.05473	0.02208	0.05106	0.01816	0.02344	0.01464	0.02044	0.01142	0.00794	0.00794	0.00255	0.01056	0.00700	0.00394	0.01025
24	0.01627	0.04197	0.67279	0.02313	0.03512	0.01884	0.02998	0.02570	0.01713	0.02570	0.01456	0.01713	0.01028	0.00771	0.00771	0.00257	0.01199	0.00600	0.00343	0.01199
25	0.00959	0.00822	0.00822	0.00822	0.01096	0.00685	0.00617	0.01165	0.01850	0.02192	0.08220	0.07809	0.66092	0.02055	0.00959	0.00274	0.00411	0.01713	0.00754	0.00685
26	0.01627	0.04197	0.67279	0.02313	0.03512	0.01884	0.02998	0.02570	0.01713	0.02570	0.01456	0.01713	0.01028	0.00771	0.00771	0.00257	0.01199	0.00600	0.00343	0.01199
27	0.02169	0.71972	0.04252	0.01388	0.02083	0.03211	0.01388	0.02430	0.01649	0.01909	0.01128	0.01302	0.01041	0.00694	0.00521	0.00174	0.00868	0.00434	0.00347	0.01041
28	0.77215	0.01569	0.01193	0.01067	0.01569	0.01820	0.00879	0.02385	0.01381	0.03641	0.01130	0.01318	0.00879	0.00753	0.00502	0.00251	0.00628	0.00439	0.00502	0.00879
29	0.01409	0.00705	0.01057	0.01057	0.01057	0.00705	0.00705	0.01057	0.01057	0.01409	0.01409	0.02467	0.01409	0.02819	0.03171	0.76392	0.00705	0.00705	0.00352	0.00352
30	0.01409	0.00705	0.01057	0.01057	0.01057	0.00705	0.00705	0.01057	0.01057	0.01409	0.01409	0.02467	0.01409	0.02819	0.03171	0.76392	0.00705	0.00705	0.00352	0.00352
31	0.01242	0.00894	0.01229	0.01407	0.01576	0.00880	0.01190	0.01572	0.01819	0.02363	0.04507	0.18567	0.07650	0.02279	0.01100	0.00362	0.00689	0.49194	0.00748	0.00731
32	0.77215	0.01569	0.01193	0.01067	0.01569	0.01820	0.00879	0.02385	0.01381	0.03641	0.01130	0.01318	0.00879	0.00753	0.00502	0.00251	0.00628	0.00439	0.00502	0.00879
33	0.01576	0.01234	0.01873	0.07153	0.20471	0.01216	0.01468	0.01967	0.01980	0.06571	0.21385	0.07881	0.09619	0.01454	0.00923	0.00276	0.00683	0.10643	0.00678	0.00948
34	0.02047	0.02020	0.03196	0.07751	0.59877	0.05836	0.02425	0.02516	0.01864	0.02585	0.01506	0.01983	0.01262	0.00734	0.00799	0.00240	0.00999	0.00711	0.00401	0.01247
35	0.06895	0.06890	0.02338	0.01995	0.02439	0.59150	0.01522	0.05479	0.02279	0.02189	0.01268	0.01467	0.01049	0.00830	0.00713	0.00211	0.01369	0.00522	0.00434	0.00959
36	0.59584	0.01935	0.01395	0.01262	0.01729	0.13536	0.01009	0.02481	0.01539	0.03244	0.01213	0.01454	0.00976	0.01083	0.04543	0.00306	0.00867	0.00480	0.00483	0.00881
37	0.01981	0.01919	0.03330	0.07920	0.60366	0.01928	0.05627	0.02476	0.01841	0.02621	0.01528	0.02025	0.01273	0.00725	0.00812	0.00244	0.00990	0.00735	0.00400	0.01257
38	0.01255	0.00857	0.01083	0.01075	0.01290	0.00779	0.00822	0.01560	0.02047	0.06612	0.33721	0.15626	0.19310	0.01898	0.00980	0.00284	0.00463	0.08738	0.00833	0.00768
39	0.77215	0.01569	0.01193	0.01067	0.01569	0.01820	0.00879	0.02385	0.01381	0.03641	0.01130	0.01318	0.00879	0.00753	0.00502	0.00251	0.00628	0.00439	0.00502	0.00879
40	0.03362	0.01319	0.01794	0.01396	0.01975	0.01145	0.01145	0.03684	0.02320	0.59869	0.10211	0.03130	0.02639	0.01077	0.00832	0.00252	0.00656	0.00889	0.00992	0.01312
41	0.01180	0.00787	0.00885	0.00885	0.00885	0.00787	0.00492	0.01180	0.01180	0.01573	0.02557	0.05310	0.02950	0.71483	0.04130	0.00787	0.00787	0.01180	0.00492	0.00492
42	0.01683	0.01442	0.01683	0.01202	0.01923	0.01082	0.00961	0.02043	0.01683	0.02644	0.01442	0.01683	0.01202	0.00601	0.00601	0.00120	0.00601	0.00481	0.00481	0.76444
43	0.03085	0.02273	0.02435	0.01867	0.02516	0.02516	0.01542	0.63716	0.03815	0.05114	0.01948	0.01948	0.01380	0.00974	0.00812	0.00244	0.00893	0.00731	0.00812	0.01380
44	0.03031	0.03867	0.02299	0.02090	0.02508	0.68226	0.01568	0.03240	0.02299	0.01986	0.01254	0.01463	0.01045	0.00836	0.00732	0.00209	0.01463	0.00523	0.00418	0.00941
45	0.01180	0.00787	0.00885	0.00885	0.00885	0.00787	0.00492	0.01180	0.01180	0.01573	0.02557	0.05310	0.02950	0.71483	0.04130	0.00787	0.00787	0.01180	0.00492	0.00492
46	0.01216	0.00901	0.01143	0.01070	0.01282	0.00863	0.00806	0.01748	0.07176	0.03265	0.61112	0.05825	0.07253	0.01615	0.00947	0.00257	0.00403	0.01425	0.00888	0.00806
47	0.02050	0.01941	0.03260	0.04860	0.63942	0.01951	0.02453	0.04866	0.01924	0.02746	0.01543	0.02006	0.01289	0.00733	0.00804	0.00241	0.00961	0.00723	0.00418	0.01289
48	0.01627	0.04197	0.67279	0.02313	0.03512	0.01884	0.02998	0.02570	0.01713	0.02570	0.01456	0.01713	0.01028	0.00771	0.00771	0.00257	0.01199	0.00600	0.00343	0.01199
49	0.00980	0.00817	0.00855	0.00858	0.01112	0.00692	0.00639	0.01201	0.01882	0.02297	0.14045	0.10673	0.57090	0.02037	0.00962	0.00275	0.00411	0.01716	0.00768	0.00692

[dist]
# distance from previous block
# <min> <max>
7	14

[block]
# block no. 4 follows, 23 sequences, length 6
# corresponding to MSA columns:
# 158-163
name=unknown_E
#
# <colnr> <probs for GDERKNQSTAVLIFYWHMCP>
#	G	D	E	R	K	N	Q	S	T	A	V	L	I	F	Y	W	H	M	C	P
0	0.01931	0.01832	0.03029	0.15306	0.50972	0.01915	0.02349	0.02576	0.07161	0.02619	0.01663	0.02120	0.01353	0.00770	0.00807	0.00249	0.00956	0.00739	0.00431	0.01222
1	0.02984	0.01890	0.02041	0.01624	0.02201	0.05899	0.01319	0.28753	0.08521	0.25528	0.03015	0.02817	0.07475	0.01084	0.00823	0.00250	0.00793	0.00852	0.00849	0.01282
2	0.01532	0.01442	0.02434	0.69533	0.05589	0.01803	0.02253	0.02073	0.01622	0.02073	0.01442	0.02163	0.01082	0.00811	0.00811	0.00270	0.01082	0.00721	0.00361	0.00901
3	0.02004	0.01432	0.01716	0.01242	0.01947	0.01100	0.00999	0.02357	0.01788	0.13217	0.01731	0.01860	0.01334	0.00667	0.00636	0.00142	0.00616	0.00536	0.00567	0.64109
4	0.02008	0.01928	0.03294	0.04981	0.66422	0.01928	0.02490	0.02490	0.01848	0.02651	0.01526	0.02008	0.01285	0.00723	0.00803	0.00241	0.00964	0.00723	0.00402	0.01285
5	0.00989	0.00706	0.00942	0.01130	0.01177	0.00659	0.00753	0.01130	0.01554	0.02071	0.04472	0.70954	0.05367	0.02542	0.01036	0.00330	0.00471	0.02307	0.00753	0.00659

[dist]
# distance from previous block
# <min> <max>
1	2

[block]
# block no. 5 follows, 23 sequences, length 6
# corresponding to MSA columns:
# 166-171
name=unknown_F
#
# <colnr> <probs for GDERKNQSTAVLIFYWHMCP>
#	G	D	E	R	K	N	Q	S	T	A	V	L	I	F	Y	W	H	M	C	P
0	0.03103	0.01963	0.05164	0.01599	0.02186	0.10104	0.01344	0.13814	0.06106	0.36082	0.02612	0.02441	0.01762	0.00967	0.00783	0.00241	0.00822	0.00754	0.06894	0.01259
1	0.01261	0.01055	0.01148	0.01172	0.01354	0.06186	0.00879	0.01551	0.02015	0.02651	0.32188	0.22468	0.11939	0.01923	0.00979	0.00286	0.00539	0.08874	0.00788	0.00743
2	0.01180	0.00787	0.00885	0.00885	0.00885	0.00787	0.00492	0.01180	0.01180	0.01573	0.02557	0.05310	0.02950	0.71483	0.04130	0.00787	0.00787	0.01180	0.00492	0.00492
3	0.06460	0.02320	0.02121	0.01923	0.05856	0.16282	0.01437	0.23497	0.20402	0.03563	0.02499	0.02478	0.05542	0.01021	0.00791	0.00247	0.00905	0.00783	0.00688	0.01185
4	0.01947	0.01865	0.03183	0.13301	0.58581	0.01912	0.02460	0.02437	0.01819	0.02576	0.01515	0.02028	0.01259	0.00734	0.00804	0.00245	0.00979	0.00723	0.00396	0.01236
5	0.01685	0.11439	0.60544	0.02214	0.03359	0.02026	0.02826	0.02555	0.01706	0.02499	0.01421	0.01669	0.01029	0.00763	0.00744	0.00248	0.01164	0.00582	0.00343	0.01182

[dist]
# distance from previous block
# <min> <max>
0	6

[block]
# block no. 6 follows, 23 sequences, length 8
# corresponding to MSA columns:
# 178-185
name=unknown_G
#
# <colnr> <probs for GDERKNQSTAVLIFYWHMCP>
#	G	D	E	R	K	N	Q	S	T	A	V	L	I	F	Y	W	H	M	C	P
0	0.01969	0.01773	0.02831	0.37321	0.16316	0.01993	0.08253	0.14462	0.02130	0.02839	0.01579	0.02094	0.01194	0.00814	0.00824	0.00260	0.01050	0.00747	0.00463	0.01088
1	0.02403	0.01333	0.01647	0.01378	0.01873	0.01236	0.01080	0.03101	0.15000	0.28616	0.03138	0.16170	0.02619	0.01253	0.00821	0.00247	0.00620	0.01069	0.00817	0.15578
2	0.02632	0.02036	0.02354	0.15293	0.03073	0.02307	0.01649	0.43457	0.11615	0.04278	0.02030	0.02136	0.01468	0.00959	0.00814	0.00253	0.00897	0.00754	0.00724	0.01272
3	0.01100	0.00816	0.01025	0.00997	0.01189	0.00741	0.00739	0.01428	0.02146	0.02953	0.49882	0.12806	0.17548	0.01815	0.00965	0.00266	0.00396	0.01593	0.00855	0.00741
4	0.01627	0.01539	0.02605	0.56697	0.17685	0.01828	0.02301	0.02156	0.01667	0.02188	0.01459	0.02132	0.01122	0.00794	0.00810	0.00265	0.01058	0.00721	0.00369	0.00978
5	0.02301	0.02626	0.02685	0.12674	0.15389	0.28873	0.05274	0.02632	0.01881	0.02155	0.01318	0.01774	0.01111	0.00918	0.01154	0.00257	0.14933	0.00652	0.00393	0.01000
6	0.02000	0.01952	0.03431	0.04837	0.60699	0.01939	0.08103	0.02500	0.01854	0.02646	0.01537	0.02025	0.01280	0.00719	0.00818	0.00244	0.01001	0.00745	0.00402	0.01268
7	0.07962	0.01583	0.01723	0.01498	0.01972	0.01730	0.01182	0.06329	0.39095	0.14840	0.07433	0.03232	0.05600	0.01134	0.00814	0.00266	0.00632	0.00929	0.00834	0.01212

[dist]
# distance from previous block
# <min> <max>
0	1

[block]
# block no. 7 follows, 23 sequences, length 61
# corresponding to MSA columns:
# 187-247
name=unknown_H
#
# <colnr> <probs for GDERKNQSTAVLIFYWHMCP>
#	G	D	E	R	K	N	Q	S	T	A	V	L	I	F	Y	W	H	M	C	P
0	0.02582	0.02854	0.02407	0.02377	0.11348	0.35457	0.04398	0.08509	0.10456	0.02644	0.01708	0.01897	0.01356	0.00854	0.00758	0.00223	0.01144	0.00648	0.03798	0.04583
1	0.01794	0.01439	0.04851	0.08139	0.05051	0.01369	0.01304	0.14924	0.02443	0.06992	0.29421	0.06481	0.06915	0.01380	0.00898	0.00262	0.00663	0.03929	0.00765	0.00981
2	0.01725	0.01542	0.02150	0.02783	0.27883	0.04913	0.01603	0.04602	0.05056	0.02960	0.26345	0.04104	0.04010	0.01227	0.00883	0.00256	0.00735	0.05538	0.00651	0.01033
3	0.01627	0.04197	0.67279	0.02313	0.03512	0.01884	0.02998	0.02570	0.01713	0.02570	0.01456	0.01713	0.01028	0.00771	0.00771	0.00257	0.01199	0.00600	0.00343	0.01199
4	0.01470	0.00865	0.00994	0.00963	0.01120	0.00948	0.00735	0.01800	0.01580	0.02699	0.02435	0.03045	0.02023	0.05054	0.10559	0.00391	0.06849	0.00788	0.54933	0.00751
5	0.01492	0.00763	0.00788	0.00788	0.00974	0.00771	0.00593	0.01865	0.01679	0.02960	0.02620	0.03034	0.02077	0.01239	0.04433	0.00253	0.00481	0.00763	0.71673	0.00754
6	0.01924	0.02165	0.04653	0.03561	0.09849	0.02041	0.57975	0.02589	0.01909	0.02604	0.01631	0.02173	0.01236	0.00688	0.00944	0.00271	0.01332	0.00936	0.00410	0.01112
7	0.01485	0.00904	0.01192	0.01078	0.01328	0.00823	0.00823	0.01859	0.02300	0.11861	0.57513	0.05616	0.06893	0.01570	0.00938	0.00255	0.00424	0.01379	0.00908	0.00849
8	0.01277	0.00912	0.01273	0.01459	0.01633	0.00908	0.01255	0.01628	0.01838	0.02394	0.04313	0.15066	0.04737	0.02270	0.01113	0.00369	0.00721	0.55348	0.00748	0.00739
9	0.01180	0.00787	0.00885	0.00885	0.00885	0.00787	0.00492	0.01180	0.01180	0.01573	0.02557	0.05310	0.02950	0.71483	0.04130	0.00787	0.00787	0.01180	0.00492	0.00492
10	0.02169	0.71972	0.04252	0.01388	0.02083	0.03211	0.01388	0.02430	0.01649	0.01909	0.01128	0.01302	0.01041	0.00694	0.00521	0.00174	0.00868	0.00434	0.00347	0.01041
11	0.01159	0.00869	0.01304	0.01304	0.01449	0.01014	0.01014	0.01449	0.01304	0.01884	0.02173	0.03188	0.02029	0.06086	0.68268	0.01304	0.02173	0.00869	0.00435	0.00724
12	0.02122	0.01847	0.02946	0.03928	0.45233	0.01859	0.04964	0.02899	0.12438	0.07852	0.01958	0.02234	0.01536	0.00802	0.00808	0.00244	0.00894	0.00765	0.00524	0.04148
13	0.03492	0.01474	0.01930	0.01475	0.02110	0.01322	0.01217	0.09935	0.02444	0.57657	0.02991	0.02628	0.01907	0.00982	0.00805	0.00244	0.00707	0.00791	0.00960	0.04929
14	0.01739	0.01587	0.02260	0.02776	0.26201	0.05087	0.04569	0.05626	0.04626	0.02859	0.19746	0.08327	0.06008	0.01392	0.03339	0.00293	0.00821	0.01094	0.00618	0.01031
15	0.03075	0.01560	0.01909	0.01536	0.02101	0.01543	0.01243	0.13130	0.15672	0.40648	0.03095	0.06265	0.02186	0.01101	0.00829	0.00259	0.00700	0.00902	0.00924	0.01323
16	0.01829	0.11192	0.51130	0.02065	0.03104	0.01908	0.02544	0.02612	0.01790	0.07952	0.05221	0.02002	0.01487	0.00832	0.00758	0.00247	0.01074	0.00649	0.00430	0.01173
17	0.02169	0.71972	0.04252	0.01388	0.02083	0.03211	0.01388	0.02430	0.01649	0.01909	0.01128	0.01302	0.01041	0.00694	0.00521	0.00174	0.00868	0.00434	0.00347	0.01041
18	0.01627	0.04197	0.67279	0.02313	0.03512	0.01884	0.02998	0.02570	0.01713	0.02570	0.01456	0.01713	0.01028	0.00771	0.00771	0.00257	0.01199	0.00600	0.00343	0.01199
19	0.00989	0.00706	0.00942	0.01130	0.01177	0.00659	0.00753	0.01130	0.01554	0.02071	0.04472	0.70954	0.05367	0.02542	0.01036	0.00330	0.00471	0.02307	0.00753	0.00659
20	0.02106	0.32559	0.24245	0.01904	0.02712	0.12601	0.04818	0.02709	0.05227	0.02248	0.01396	0.01595	0.01125	0.00762	0.00671	0.00216	0.01077	0.00552	0.00385	0.01093
21	0.01001	0.00715	0.00956	0.01144	0.01197	0.00670	0.00775	0.01152	0.01566	0.02085	0.04465	0.68518	0.05339	0.02530	0.01039	0.00331	0.00482	0.04619	0.00753	0.00663
22	0.02008	0.01928	0.03294	0.04981	0.66422	0.01928	0.02490	0.02490	0.01848	0.02651	0.01526	0.02008	0.01285	0.00723	0.00803	0.00241	0.00964	0.00723	0.00402	0.01285
23	0.02003	0.01943	0.03378	0.04892	0.62901	0.01935	0.05943	0.02496	0.01851	0.02648	0.01533	0.02018	0.01282	0.00721	0.00812	0.00243	0.00987	0.00736	0.00402	0.01274
24	0.77215	0.01569	0.01193	0.01067	0.01569	0.01820	0.00879	0.02385	0.01381	0.03641	0.01130	0.01318	0.00879	0.00753	0.00502	0.00251	0.00628	0.00439	0.00502	0.00879
25	0.02140	0.68283	0.07682	0.01439	0.02160	0.03139	0.01476	0.02437	0.01652	0.01945	0.01146	0.01324	0.01041	0.00698	0.00534	0.00178	0.00886	0.00443	0.00347	0.01050
26	0.01161	0.00916	0.01060	0.01022	0.01271	0.00858	0.00779	0.01651	0.07923	0.02808	0.34439	0.06613	0.30228	0.01791	0.00953	0.00270	0.00435	0.04216	0.00825	0.00781
27	0.01112	0.00818	0.01040	0.01005	0.01195	0.00747	0.00746	0.01452	0.02180	0.03024	0.53724	0.11580	0.14798	0.01781	0.00964	0.00264	0.00394	0.01567	0.00864	0.00747
28	0.01852	0.01295	0.01620	0.05374	0.04682	0.01353	0.01158	0.02875	0.23135	0.12276	0.29703	0.04184	0.04477	0.01291	0.00878	0.00262	0.00578	0.01117	0.00835	0.01056
29	0.01003	0.00818	0.00886	0.00881	0.01126	0.00702	0.00656	0.01244	0.01935	0.02423	0.20900	0.10481	0.50140	0.01990	0.00962	0.00273	0.00408	0.01687	0.00785	0.00702
30	0.00993	0.00769	0.00906	0.00987	0.01146	0.00681	0.00696	0.01187	0.01759	0.02248	0.12581	0.37123	0.31541	0.02241	0.00995	0.00298	0.00436	0.01964	0.00768	0.00681
31	0.02550	0.02599	0.02347	0.16421	0.06016	0.26417	0.01713	0.18037	0.10524	0.02988	0.01740	0.01956	0.01330	0.00894	0.00784	0.00240	0.01114	0.00676	0.00555	0.01100
32	0.02008	0.01928	0.03294	0.04981	0.66422	0.01928	0.02490	0.02490	0.01848	0.02651	0.01526	0.02008	0.01285	0.00723	0.00803	0.00241	0.00964	0.00723	0.00402	0.01285
33	0.01812	0.10036	0.45086	0.02014	0.02976	0.01940	0.02389	0.05277	0.07613	0.05051	0.06649	0.02176	0.01722	0.00879	0.00770	0.00250	0.01023	0.00693	0.00473	0.01173
34	0.02234	0.01780	0.01899	0.01644	0.02136	0.02010	0.01296	0.14615	0.48599	0.06533	0.03274	0.03034	0.05033	0.01116	0.00829	0.00268	0.00678	0.00915	0.00828	0.01279
35	0.01736	0.06821	0.61921	0.02238	0.03392	0.01908	0.02855	0.02623	0.01737	0.05307	0.01518	0.01741	0.01071	0.00778	0.00763	0.00253	0.01164	0.00602	0.00371	0.01201
36	0.02169	0.71972	0.04252	0.01388	0.02083	0.03211	0.01388	0.02430	0.01649	0.01909	0.01128	0.01302	0.01041	0.00694	0.00521	0.00174	0.00868	0.00434	0.00347	0.01041
37	0.01692	0.12247	0.59793	0.02203	0.03342	0.02042	0.02807	0.02553	0.01705	0.02491	0.01417	0.01664	0.01029	0.00762	0.00741	0.00247	0.01160	0.00580	0.00343	0.01180
38	0.77215	0.01569	0.01193	0.01067	0.01569	0.01820	0.00879	0.02385	0.01381	0.03641	0.01130	0.01318	0.00879	0.00753	0.00502	0.00251	0.00628	0.00439	0.00502	0.00879
39	0.01409	0.00705	0.01057	0.01057	0.01057	0.00705	0.00705	0.01057	0.01057	0.01409	0.01409	0.02467	0.01409	0.02819	0.03171	0.76392	0.00705	0.00705	0.00352	0.00352
40	0.01409	0.00705	0.01057	0.01057	0.01057	0.00705	0.00705	0.01057	0.01057	0.01409	0.01409	0.02467	0.01409	0.02819	0.03171	0.76392	0.00705	0.00705	0.00352	0.00352
41	0.01673	0.03900	0.58418	0.02557	0.07135	0.01901	0.08039	0.02568	0.01738	0.02577	0.01476	0.01770	0.01059	0.00761	0.00788	0.00257	0.01200	0.00637	0.00352	0.01195
42	0.77215	0.01569	0.01193	0.01067	0.01569	0.01820	0.00879	0.02385	0.01381	0.03641	0.01130	0.01318	0.00879	0.00753	0.00502	0.00251	0.00628	0.00439	0.00502	0.00879
43	0.01658	0.08067	0.63680	0.02260	0.03430	0.01960	0.02906	0.02562	0.01709	0.02532	0.01437	0.01690	0.01029	0.00767	0.00757	0.00252	0.01180	0.00590	0.00343	0.01190
44	0.01004	0.00732	0.00949	0.01107	0.01189	0.00677	0.00761	0.01171	0.01628	0.02148	0.07463	0.59293	0.11740	0.02443	0.01028	0.00322	0.00471	0.04445	0.00759	0.00670
45	0.02973	0.03687	0.02315	0.02081	0.02491	0.61794	0.01577	0.06164	0.02323	0.02139	0.01279	0.01502	0.01063	0.00871	0.00829	0.00218	0.04757	0.00542	0.00434	0.00960
46	0.77215	0.01569	0.01193	0.01067	0.01569	0.01820	0.00879	0.02385	0.01381	0.03641	0.01130	0.01318	0.00879	0.00753	0.00502	0.00251	0.00628	0.00439	0.00502	0.00879
47	0.01583	0.01503	0.02486	0.59109	0.08545	0.01880	0.02217	0.02084	0.01596	0.02092	0.01408	0.02115	0.01091	0.00869	0.01001	0.00277	0.08141	0.00720	0.00362	0.00921
48	0.01624	0.01238	0.01761	0.31992	0.03232	0.01480	0.01491	0.05032	0.01727	0.02597	0.01918	0.02464	0.01498	0.00931	0.00888	0.00244	0.07331	0.00735	0.30952	0.00865
49	0.77215	0.01569	0.01193	0.01067	0.01569	0.01820	0.00879	0.02385	0.01381	0.03641	0.01130	0.01318	0.00879	0.00753	0.00502	0.00251	0.00628	0.00439	0.00502	0.00879
50	0.01187	0.00786	0.00902	0.00910	0.00928	0.00791	0.00532	0.01226	0.01228	0.01682	0.02626	0.07952	0.02967	0.61782	0.06973	0.00763	0.00821	0.01193	0.04228	0.00523
51	0.01180	0.00787	0.00885	0.00885	0.00885	0.00787	0.00492	0.01180	0.01180	0.01573	0.02557	0.05310	0.02950	0.71483	0.04130	0.00787	0.00787	0.01180	0.00492	0.00492
52	0.01683	0.01442	0.01683	0.01202	0.01923	0.01082	0.00961	0.02043	0.01683	0.02644	0.01442	0.01683	0.01202	0.00601	0.00601	0.00120	0.00601	0.00481	0.00481	0.76444
53	0.02169	0.71972	0.04252	0.01388	0.02083	0.03211	0.01388	0.02430	0.01649	0.01909	0.01128	0.01302	0.01041	0.00694	0.00521	0.00174	0.00868	0.00434	0.00347	0.01041
54	0.03031	0.03867	0.02299	0.02090	0.02508	0.68226	0.01568	0.03240	0.02299	0.01986	0.01254	0.01463	0.01045	0.00836	0.00732	0.00209	0.01463	0.00523	0.00418	0.00941
55	0.01180	0.00787	0.00885	0.00885	0.00885	0.00787	0.00492	0.01180	0.01180	0.01573	0.02557	0.05310	0.02950	0.71483	0.04130	0.00787	0.00787	0.01180	0.00492	0.00492
56	0.01148	0.00829	0.01085	0.01021	0.01212	0.00766	0.00766	0.01531	0.02297	0.03254	0.65994	0.06061	0.07656	0.01659	0.00957	0.00255	0.00383	0.01467	0.00893	0.00766
57	0.01308	0.00934	0.01308	0.01494	0.01681	0.00934	0.01308	0.01681	0.01868	0.02428	0.04296	0.09153	0.04670	0.02242	0.01121	0.00374	0.00747	0.60960	0.00747	0.00747
58	0.01280	0.00882	0.01125	0.01074	0.01308	0.00792	0.00812	0.01603	0.02085	0.06356	0.40295	0.15032	0.13119	0.01764	0.00950	0.00267	0.00448	0.04918	0.00832	0.05059
59	0.00966	0.00795	0.00850	0.00893	0.01115	0.00679	0.00648	0.01156	0.01781	0.02164	0.07354	0.22399	0.52061	0.02168	0.00977	0.00287	0.00425	0.01850	0.00753	0.00679
60	0.01700	0.01458	0.01691	0.01225	0.01933	0.01131	0.00978	0.02162	0.04999	0.02683	0.01540	0.01753	0.01269	0.00627	0.00613	0.00128	0.00603	0.00504	0.00499	0.72505

[dist]
# distance from previous block
# <min> <max>
3	6

[block]
# block no. 8 follows, 23 sequences, length 20
# corresponding to MSA columns:
# 254-273
name=unknown_I
#
# <colnr> <probs for GDERKNQSTAVLIFYWHMCP>
#	G	D	E	R	K	N	Q	S	T	A	V	L	I	F	Y	W	H	M	C	P
0	0.02405	0.01654	0.01864	0.01549	0.02022	0.01741	0.01219	0.28968	0.11181	0.11410	0.02793	0.16378	0.02477	0.04567	0.01001	0.00284	0.00725	0.01092	0.00789	0.05880
1	0.57040	0.09496	0.01821	0.03547	0.01955	0.07421	0.03848	0.02459	0.01517	0.03217	0.01173	0.01395	0.00933	0.00752	0.00554	0.00241	0.00771	0.00478	0.00469	0.00912
2	0.05824	0.10998	0.05087	0.01629	0.02134	0.18987	0.01355	0.08549	0.15949	0.06861	0.07686	0.02755	0.06737	0.01049	0.00765	0.00237	0.00894	0.00799	0.00635	0.01071
3	0.02281	0.01499	0.01897	0.01935	0.09804	0.01548	0.01384	0.06738	0.22679	0.18871	0.03484	0.04202	0.06691	0.01294	0.00882	0.00281	0.00712	0.11844	0.00798	0.01177
4	0.10960	0.02407	0.02208	0.06073	0.02562	0.15551	0.01492	0.34622	0.09638	0.03948	0.01832	0.01911	0.01356	0.00925	0.00763	0.00242	0.00964	0.00676	0.00672	0.01196
5	0.01874	0.02065	0.04311	0.03432	0.11420	0.01989	0.50169	0.02483	0.01857	0.02549	0.01740	0.05535	0.01434	0.00815	0.01024	0.00276	0.04534	0.00984	0.00424	0.01086
6	0.01633	0.01275	0.01577	0.05513	0.01997	0.01040	0.01010	0.01953	0.01687	0.06235	0.02220	0.17204	0.02169	0.01070	0.00724	0.00184	0.00608	0.00922	0.00564	0.50416
7	0.01683	0.01442	0.01683	0.01202	0.01923	0.01082	0.00961	0.02043	0.01683	0.02644	0.01442	0.01683	0.01202	0.00601	0.00601	0.00120	0.00601	0.00481	0.00481	0.76444
8	0.02520	0.01426	0.05491	0.01465	0.01969	0.01202	0.03468	0.03074	0.08197	0.34977	0.17283	0.09230	0.03523	0.01266	0.00870	0.00262	0.00652	0.01091	0.00881	0.01151
9	0.01532	0.01442	0.02434	0.69533	0.05589	0.01803	0.02253	0.02073	0.01622	0.02073	0.01442	0.02163	0.01082	0.00811	0.00811	0.00270	0.01082	0.00721	0.00361	0.00901
10	0.10734	0.04212	0.02318	0.09931	0.05657	0.12874	0.05386	0.14997	0.02179	0.03038	0.04718	0.02090	0.01535	0.00957	0.00985	0.00252	0.09713	0.00703	0.06703	0.01018
11	0.40714	0.04136	0.01558	0.01288	0.01771	0.10224	0.01038	0.06397	0.04213	0.09023	0.04200	0.02400	0.08179	0.00976	0.00654	0.00246	0.00735	0.00686	0.00602	0.00960
12	0.02504	0.02011	0.02153	0.01756	0.02302	0.08050	0.04895	0.21526	0.24227	0.08870	0.02448	0.02407	0.01803	0.00966	0.00789	0.00242	0.00819	0.00782	0.05497	0.05952
13	0.01660	0.04944	0.16812	0.05456	0.09938	0.05746	0.07424	0.02190	0.03469	0.02413	0.06603	0.08839	0.08562	0.01239	0.01045	0.00275	0.07950	0.03942	0.00505	0.00988
14	0.01899	0.02042	0.08383	0.12485	0.48485	0.01955	0.02444	0.02401	0.01759	0.02516	0.01472	0.01984	0.01221	0.00795	0.00954	0.00255	0.06652	0.00712	0.00388	0.01198
15	0.01663	0.05525	0.02034	0.09597	0.02341	0.04782	0.05979	0.02003	0.01804	0.05501	0.13814	0.14638	0.03103	0.01272	0.00990	0.00246	0.06893	0.01079	0.00587	0.16148
16	0.02356	0.01790	0.01998	0.01518	0.02178	0.01738	0.01231	0.26059	0.09316	0.06947	0.01925	0.01984	0.01448	0.00818	0.00717	0.00191	0.00722	0.00641	0.00671	0.35752
17	0.12050	0.01284	0.05192	0.01224	0.01642	0.01095	0.01034	0.02405	0.02148	0.21640	0.35464	0.04223	0.04736	0.01297	0.00845	0.00254	0.00552	0.01092	0.00841	0.00983
