[name]
unknown

[dist]
# distance from previous block
# <min> <max>
0	19

[block]
# block no. 0 follows, 24 sequences, length 9
# corresponding to MSA columns:
# 19-27
name=unknown_A
#
# <colnr> <probs for GDERKNQSTAVLIFYWHMCP>
#	G	D	E	R	K	N	Q	S	T	A	V	L	I	F	Y	W	H	M	C	P
0	0.01384	0.00958	0.01235	0.01239	0.01430	0.00967	0.00958	0.04030	0.03629	0.05918	0.09149	0.20642	0.10100	0.06449	0.06718	0.03985	0.03378	0.14832	0.00686	0.02312
1	0.02117	0.01501	0.01743	0.01633	0.07065	0.01577	0.01162	0.28599	0.02558	0.06184	0.06598	0.08850	0.07510	0.09614	0.01189	0.00305	0.00702	0.01017	0.09053	0.01024
2	0.06397	0.01029	0.01187	0.01150	0.01388	0.01031	0.00847	0.07025	0.06945	0.06493	0.12085	0.28525	0.13499	0.04238	0.01099	0.03467	0.00531	0.01517	0.00738	0.00807
3	0.01026	0.00721	0.00912	0.01030	0.01111	0.00674	0.00696	0.01195	0.01596	0.02170	0.11303	0.50163	0.09549	0.08312	0.01235	0.00341	0.00468	0.01942	0.04906	0.00649
4	0.01527	0.00999	0.01278	0.01173	0.01386	0.01016	0.04518	0.09479	0.01794	0.02682	0.02739	0.19289	0.02669	0.06921	0.03840	0.06937	0.00637	0.01140	0.29218	0.00758
5	0.01059	0.00778	0.01065	0.06239	0.01493	0.00768	0.00873	0.01250	0.01568	0.02091	0.08035	0.51182	0.04826	0.07953	0.01245	0.00353	0.00548	0.07317	0.00695	0.00663
6	0.05326	0.01202	0.01324	0.01163	0.01475	0.01274	0.00901	0.17522	0.02060	0.03145	0.02302	0.06524	0.01995	0.07311	0.11512	0.00419	0.00827	0.00837	0.27929	0.04952
7	0.13204	0.01137	0.01347	0.01169	0.01547	0.01090	0.00918	0.05067	0.02071	0.23747	0.22272	0.11408	0.09069	0.01384	0.00828	0.00257	0.00539	0.01161	0.00822	0.00965
8	0.06552	0.00768	0.00938	0.01059	0.01163	0.00745	0.00732	0.01294	0.01595	0.02332	0.10666	0.54071	0.04913	0.02142	0.00930	0.00298	0.00455	0.01915	0.06754	0.00678

[dist]
# distance from previous block
# <min> <max>
9	15

[block]
# block no. 1 follows, 24 sequences, length 77
# corresponding to MSA columns:
# 47-123
name=unknown_B
#
# <colnr> <probs for GDERKNQSTAVLIFYWHMCP>
#	G	D	E	R	K	N	Q	S	T	A	V	L	I	F	Y	W	H	M	C	P
0	0.02724	0.01620	0.01942	0.04247	0.02227	0.01592	0.01253	0.20713	0.08091	0.26747	0.05148	0.02416	0.01884	0.00929	0.00764	0.00223	0.00713	0.00746	0.00788	0.15236
1	0.01799	0.01412	0.01663	0.01259	0.01871	0.01186	0.01003	0.08870	0.01867	0.05574	0.01772	0.06145	0.01537	0.01145	0.05540	0.00232	0.00725	0.00648	0.00541	0.55213
2	0.02830	0.02109	0.02265	0.01768	0.02365	0.02337	0.01450	0.55858	0.09794	0.04753	0.04834	0.02182	0.01719	0.00993	0.00801	0.00242	0.00827	0.00763	0.00798	0.01313
3	0.01133	0.00850	0.01274	0.01274	0.01416	0.00991	0.00991	0.01416	0.01274	0.01841	0.02124	0.03115	0.01982	0.05947	0.68989	0.01274	0.02124	0.00850	0.00425	0.00708
4	0.77733	0.01534	0.01166	0.01043	0.01534	0.01779	0.00859	0.02331	0.01350	0.03558	0.01104	0.01288	0.00859	0.00736	0.00491	0.00245	0.00613	0.00429	0.00491	0.00859
5	0.01672	0.03732	0.59827	0.02159	0.03232	0.01740	0.02720	0.02521	0.01716	0.05935	0.01709	0.02241	0.01306	0.00867	0.00780	0.00259	0.01115	0.04921	0.00397	0.01150
6	0.01524	0.01461	0.02541	0.65505	0.05369	0.01779	0.06586	0.02062	0.01606	0.02062	0.01423	0.02116	0.01067	0.00784	0.00803	0.00264	0.01077	0.00721	0.00356	0.00894
7	0.72383	0.01694	0.01243	0.01114	0.01599	0.06585	0.00907	0.02391	0.01414	0.03442	0.01113	0.01298	0.00870	0.00742	0.00507	0.00242	0.00672	0.00435	0.00485	0.00863
8	0.03014	0.02221	0.02380	0.01825	0.02459	0.02459	0.01507	0.64541	0.03728	0.04998	0.01904	0.01904	0.01349	0.00952	0.00793	0.00238	0.00873	0.00714	0.00793	0.01349
9	0.02172	0.68358	0.04038	0.01399	0.02061	0.07202	0.01368	0.02423	0.01651	0.01870	0.01110	0.01282	0.01018	0.00687	0.00522	0.00172	0.00884	0.00429	0.00343	0.01012
10	0.00974	0.00693	0.00918	0.01094	0.01138	0.00649	0.00726	0.01106	0.01503	0.02004	0.04293	0.68865	0.05147	0.05367	0.01137	0.00341	0.00473	0.02209	0.00726	0.00637
11	0.77733	0.01534	0.01166	0.01043	0.01534	0.01779	0.00859	0.02331	0.01350	0.03558	0.01104	0.01288	0.00859	0.00736	0.00491	0.00245	0.00613	0.00429	0.00491	0.00859
12	0.00954	0.00765	0.00853	0.00913	0.01102	0.00664	0.00654	0.01140	0.01726	0.02142	0.09044	0.29374	0.43576	0.02156	0.00963	0.00286	0.00421	0.01862	0.00742	0.00664
13	0.01853	0.02064	0.04383	0.08265	0.09910	0.01977	0.54295	0.02494	0.01845	0.02508	0.01580	0.02121	0.01198	0.00681	0.00912	0.00264	0.01281	0.00899	0.00397	0.01073
14	0.01113	0.00804	0.01052	0.01004	0.01183	0.00742	0.00748	0.01474	0.02203	0.03113	0.63178	0.09701	0.07354	0.01671	0.00940	0.00254	0.00379	0.01481	0.00865	0.00742
15	0.01153	0.00769	0.00865	0.00865	0.00865	0.00769	0.00480	0.01153	0.01153	0.01538	0.02499	0.05189	0.02883	0.72131	0.04036	0.00769	0.00769	0.01153	0.00480	0.00480
16	0.01788	0.01787	0.03489	0.02632	0.03223	0.03827	0.42303	0.02296	0.01832	0.06155	0.02381	0.16696	0.02243	0.01142	0.00945	0.00280	0.01091	0.04390	0.00520	0.00976
17	0.01839	0.02167	0.06931	0.06203	0.04099	0.02004	0.56886	0.02493	0.01827	0.02493	0.01568	0.02105	0.01183	0.00704	0.00984	0.00270	0.03889	0.00903	0.00394	0.01058
18	0.01151	0.00942	0.03612	0.01078	0.01302	0.00801	0.00868	0.01545	0.02193	0.03098	0.59875	0.05976	0.07031	0.01628	0.00940	0.00258	0.00429	0.05666	0.00842	0.00763
19	0.01750	0.00945	0.01256	0.01111	0.01402	0.00852	0.00857	0.02094	0.02213	0.19975	0.46865	0.08540	0.05923	0.01500	0.00903	0.00252	0.00457	0.01311	0.00894	0.00900
20	0.01616	0.01629	0.03046	0.41454	0.07908	0.01809	0.20801	0.02155	0.01668	0.02206	0.01599	0.05355	0.01307	0.00849	0.00901	0.00269	0.03248	0.00846	0.00387	0.00945
21	0.02830	0.09066	0.06595	0.01977	0.06994	0.04386	0.01605	0.40981	0.03036	0.11921	0.01895	0.01915	0.01353	0.00895	0.00761	0.00232	0.00887	0.00681	0.00704	0.01286
22	0.01902	0.01890	0.03003	0.21337	0.44881	0.05999	0.04802	0.02379	0.01779	0.02404	0.01459	0.01976	0.01189	0.00734	0.00789	0.00242	0.01017	0.00703	0.00384	0.01132
23	0.01745	0.01406	0.01655	0.01187	0.01887	0.01063	0.00952	0.02095	0.01677	0.06014	0.01500	0.01700	0.01216	0.00608	0.00598	0.00124	0.00592	0.00487	0.00497	0.72998
24	0.01428	0.01412	0.02702	0.02165	0.02548	0.01379	0.29070	0.01812	0.01677	0.02282	0.04867	0.33728	0.03222	0.01572	0.01088	0.00297	0.05804	0.01532	0.00564	0.00852
25	0.01734	0.22651	0.50730	0.02016	0.03054	0.02193	0.02504	0.02474	0.01657	0.02336	0.01336	0.01565	0.01008	0.00733	0.00687	0.00229	0.01084	0.00542	0.00336	0.01130
26	0.02962	0.03779	0.02247	0.02043	0.02451	0.68948	0.01532	0.03166	0.02247	0.01941	0.01226	0.01430	0.01021	0.00817	0.00715	0.00204	0.01430	0.00511	0.00409	0.00919
27	0.01126	0.00818	0.01066	0.01023	0.01213	0.00757	0.00780	0.01493	0.02199	0.03084	0.60125	0.06201	0.09525	0.01676	0.00947	0.00258	0.00400	0.05707	0.00858	0.00744
28	0.01107	0.00799	0.01046	0.01008	0.01181	0.00738	0.00747	0.01457	0.02172	0.03065	0.60561	0.12457	0.07260	0.01707	0.00943	0.00257	0.00383	0.01516	0.00859	0.00738
29	0.01021	0.00725	0.00924	0.01061	0.01117	0.00686	0.00709	0.01147	0.01477	0.01952	0.04168	0.51278	0.07870	0.16565	0.01626	0.00412	0.00535	0.05428	0.00684	0.00617
30	0.03014	0.02221	0.02380	0.01825	0.02459	0.02459	0.01507	0.64541	0.03728	0.04998	0.01904	0.01904	0.01349	0.00952	0.00793	0.00238	0.00873	0.00714	0.00793	0.01349
31	0.01644	0.01409	0.01644	0.01175	0.01879	0.01057	0.00940	0.01997	0.01644	0.02584	0.01409	0.01644	0.01175	0.00587	0.00587	0.00117	0.00587	0.00470	0.00470	0.76979
32	0.01735	0.01735	0.02429	0.02082	0.02082	0.02429	0.01735	0.01908	0.01214	0.01908	0.01041	0.01735	0.01041	0.01388	0.02602	0.00347	0.70680	0.00694	0.00347	0.00867
33	0.73436	0.01573	0.01235	0.01088	0.01587	0.01818	0.00896	0.05908	0.01486	0.03641	0.01150	0.01324	0.00887	0.00749	0.00508	0.00245	0.00628	0.00446	0.00508	0.00887
34	0.01114	0.00810	0.01048	0.00989	0.01179	0.00745	0.00741	0.01480	0.02224	0.03131	0.64017	0.06003	0.10262	0.01639	0.00935	0.00250	0.00375	0.01445	0.00867	0.00745
35	0.03558	0.01350	0.01840	0.01411	0.02024	0.01166	0.01166	0.03865	0.02270	0.67734	0.03128	0.02699	0.01963	0.00981	0.00797	0.00245	0.00675	0.00797	0.00981	0.01350
36	0.02950	0.02189	0.02344	0.01812	0.02435	0.02429	0.01492	0.60815	0.07559	0.04894	0.01986	0.01969	0.01415	0.00960	0.00794	0.00240	0.00857	0.00725	0.00794	0.01343
37	0.00970	0.00805	0.00849	0.00838	0.01091	0.00683	0.00628	0.01202	0.01885	0.02327	0.18509	0.07327	0.56271	0.01939	0.00937	0.00264	0.00397	0.01631	0.00761	0.00683
38	0.00966	0.00690	0.00920	0.01104	0.01150	0.00644	0.00736	0.01104	0.01518	0.02024	0.04371	0.71614	0.05245	0.02484	0.01012	0.00322	0.00460	0.02254	0.00736	0.00644
39	0.77733	0.01534	0.01166	0.01043	0.01534	0.01779	0.00859	0.02331	0.01350	0.03558	0.01104	0.01288	0.00859	0.00736	0.00491	0.00245	0.00613	0.00429	0.00491	0.00859
40	0.01231	0.00889	0.01219	0.01389	0.01567	0.00876	0.01191	0.01569	0.01802	0.02332	0.04482	0.13336	0.09010	0.02199	0.01078	0.00355	0.00688	0.53336	0.00731	0.00720
41	0.00966	0.00690	0.00920	0.01104	0.01150	0.00644	0.00736	0.01104	0.01518	0.02024	0.04371	0.71614	0.05245	0.02484	0.01012	0.00322	0.00460	0.02254	0.00736	0.00644
42	0.00966	0.00690	0.00920	0.01104	0.01150	0.00644	0.00736	0.01104	0.01518	0.02024	0.04371	0.71614	0.05245	0.02484	0.01012	0.00322	0.00460	0.02254	0.00736	0.00644
43	0.01662	0.01402	0.01702	0.01265	0.01898	0.01127	0.02865	0.05721	0.01804	0.02729	0.05387	0.06242	0.01800	0.00788	0.00657	0.00150	0.00607	0.00664	0.00527	0.61002
44	0.77733	0.01534	0.01166	0.01043	0.01534	0.01779	0.00859	0.02331	0.01350	0.03558	0.01104	0.01288	0.00859	0.00736	0.00491	0.00245	0.00613	0.00429	0.00491	0.00859
45	0.06693	0.01372	0.01809	0.01403	0.02005	0.01225	0.01156	0.03813	0.04858	0.62298	0.03045	0.02649	0.01934	0.00975	0.00785	0.00246	0.00670	0.00786	0.00953	0.01324
46	0.01753	0.09549	0.06416	0.02024	0.02193	0.02415	0.03531	0.01996	0.01305	0.01954	0.01120	0.01736	0.01071	0.01398	0.04315	0.00349	0.54954	0.00670	0.00349	0.00902
47	0.77733	0.01534	0.01166	0.01043	0.01534	0.01779	0.00859	0.02331	0.01350	0.03558	0.01104	0.01288	0.00859	0.00736	0.00491	0.00245	0.00613	0.00429	0.00491	0.00859
48	0.01967	0.18672	0.30724	0.01979	0.02802	0.14786	0.06239	0.02534	0.01808	0.02298	0.04385	0.01768	0.01336	0.00775	0.00705	0.00219	0.01094	0.00593	0.00386	0.04930
49	0.01972	0.01703	0.01793	0.01614	0.02062	0.01972	0.01255	0.04214	0.65752	0.03317	0.03228	0.02959	0.02421	0.01076	0.00807	0.00269	0.00628	0.00897	0.00807	0.01255
50	0.01545	0.01445	0.02428	0.53297	0.16470	0.01704	0.02140	0.02035	0.01621	0.02129	0.01636	0.07059	0.01393	0.00898	0.00807	0.00263	0.00993	0.00816	0.00387	0.00933
51	0.01801	0.01729	0.02910	0.27547	0.31634	0.01927	0.06612	0.04286	0.01731	0.02392	0.01435	0.02002	0.01161	0.00817	0.00996	0.00260	0.08580	0.00721	0.00387	0.01071
52	0.01872	0.02139	0.04679	0.03342	0.04144	0.02005	0.64305	0.02540	0.01872	0.02540	0.01604	0.02139	0.01203	0.00668	0.00936	0.00267	0.01337	0.00936	0.00401	0.01070
53	0.00968	0.00768	0.00874	0.00944	0.01126	0.00673	0.00683	0.01160	0.01722	0.02149	0.08805	0.30315	0.40257	0.02170	0.00970	0.00290	0.00435	0.04285	0.00741	0.00666
54	0.01062	0.00805	0.00988	0.01068	0.01208	0.00763	0.00752	0.01405	0.06299	0.02350	0.16420	0.43317	0.16331	0.02141	0.00970	0.00295	0.00446	0.01904	0.00766	0.00711
55	0.06411	0.02219	0.02109	0.01839	0.04739	0.12511	0.01410	0.30405	0.20409	0.03786	0.02336	0.02306	0.03995	0.00984	0.00774	0.00243	0.00863	0.00754	0.00704	0.01202
56	0.40523	0.01472	0.01523	0.01242	0.01795	0.01518	0.01025	0.05269	0.01863	0.33493	0.02075	0.01967	0.01390	0.00858	0.00644	0.00245	0.00651	0.00611	0.00730	0.01105
57	0.00966	0.00690	0.00920	0.01104	0.01150	0.00644	0.00736	0.01104	0.01518	0.02024	0.04371	0.71614	0.05245	0.02484	0.01012	0.00322	0.00460	0.02254	0.00736	0.00644
58	0.01626	0.01560	0.02523	0.44116	0.14464	0.01935	0.02131	0.02063	0.01535	0.02088	0.01337	0.02002	0.01085	0.00917	0.01210	0.00279	0.17131	0.00703	0.00357	0.00937
59	0.01133	0.00850	0.01274	0.01274	0.01416	0.00991	0.00991	0.01416	0.01274	0.01841	0.02124	0.03115	0.01982	0.05947	0.68989	0.01274	0.02124	0.00850	0.00425	0.00708
60	0.02009	0.01994	0.03107	0.08002	0.59468	0.06611	0.02358	0.02465	0.01826	0.02516	0.01469	0.01933	0.01229	0.00719	0.00781	0.00235	0.00982	0.00693	0.00392	0.01213
61	0.02078	0.01959	0.03114	0.04585	0.61268	0.05276	0.02337	0.02528	0.01847	0.05172	0.01544	0.01965	0.01272	0.00723	0.00782	0.00234	0.00956	0.00700	0.00417	0.01243
62	0.02598	0.03095	0.02481	0.02734	0.18631	0.45367	0.01757	0.02957	0.04878	0.02162	0.01370	0.01648	0.01143	0.00834	0.00845	0.00223	0.05255	0.00587	0.00419	0.01016
63	0.74438	0.01564	0.01219	0.01077	0.01574	0.01809	0.00887	0.05074	0.01454	0.03621	0.01139	0.01315	0.00880	0.00746	0.00504	0.00245	0.00625	0.00442	0.00504	0.00880
64	0.01634	0.01409	0.01697	0.06115	0.02136	0.01108	0.01030	0.01999	0.01640	0.02544	0.01409	0.01678	0.01166	0.00602	0.00602	0.00128	0.00621	0.00487	0.00461	0.71534
65	0.01203	0.05915	0.01478	0.01280	0.01460	0.01143	0.01017	0.01484	0.01298	0.01843	0.02052	0.02985	0.01914	0.05575	0.64155	0.01196	0.02034	0.00820	0.00419	0.00730
66	0.01863	0.01783	0.03039	0.18824	0.54005	0.01858	0.02384	0.02347	0.01759	0.02470	0.01474	0.01995	0.01214	0.00725	0.00787	0.00242	0.00967	0.00706	0.00384	0.01176
67	0.01278	0.00913	0.01278	0.01460	0.01643	0.00913	0.01278	0.01643	0.01825	0.02373	0.04199	0.08945	0.04564	0.02191	0.01095	0.00365	0.00730	0.61847	0.00730	0.00730
68	0.00966	0.00690	0.00920	0.01104	0.01150	0.00644	0.00736	0.01104	0.01518	0.02024	0.04371	0.71614	0.05245	0.02484	0.01012	0.00322	0.00460	0.02254	0.00736	0.00644
69	0.01782	0.01721	0.02993	0.29359	0.40073	0.01846	0.06167	0.02287	0.01727	0.02375	0.01468	0.02031	0.01178	0.00737	0.00797	0.00248	0.01010	0.00720	0.00378	0.01103
70	0.01896	0.01816	0.03099	0.14199	0.58372	0.01867	0.02401	0.02375	0.01774	0.02510	0.01480	0.01984	0.01228	0.00719	0.00786	0.00240	0.00958	0.00706	0.00387	0.01203
71	0.00966	0.00690	0.00920	0.01104	0.01150	0.00644	0.00736	0.01104	0.01518	0.02024	0.04371	0.71614	0.05245	0.02484	0.01012	0.00322	0.00460	0.02254	0.00736	0.00644
72	0.01735	0.01735	0.02429	0.02082	0.02082	0.02429	0.01735	0.01908	0.01214	0.01908	0.01041	0.01735	0.01041	0.01388	0.02602	0.00347	0.70680	0.00694	0.00347	0.00867
73	0.01929	0.01850	0.03159	0.09544	0.62768	0.01875	0.02417	0.02404	0.01790	0.02550	0.01486	0.01973	0.01242	0.00713	0.00786	0.00238	0.00950	0.00706	0.00390	0.01229
74	0.02593	0.01971	0.01966	0.01650	0.02157	0.09823	0.01310	0.19123	0.27981	0.15085	0.05879	0.02616	0.02161	0.01025	0.00797	0.00248	0.00780	0.00814	0.00791	0.01230
75	0.00977	0.00699	0.00930	0.01097	0.01153	0.00652	0.00737	0.01132	0.01570	0.02107	0.08835	0.66914	0.05405	0.02423	0.01007	0.00317	0.00454	0.02196	0.00746	0.00652
76	0.01952	0.01658	0.01767	0.01593	0.02028	0.01903	0.01247	0.06246	0.58537	0.03336	0.05490	0.03273	0.02651	0.01137	0.00823	0.00271	0.00632	0.03432	0.00806	0.01219

[dist]
# distance from previous block
# <min> <max>
0	1

[block]
# block no. 2 follows, 24 sequences, length 6
# corresponding to MSA columns:
# 125-130
name=unknown_C
#
# <colnr> <probs for GDERKNQSTAVLIFYWHMCP>
#	G	D	E	R	K	N	Q	S	T	A	V	L	I	F	Y	W	H	M	C	P
0	0.01874	0.01794	0.03059	0.17260	0.55481	0.01861	0.02390	0.02356	0.01764	0.02484	0.01476	0.01991	0.01218	0.00723	0.00787	0.00241	0.00964	0.00706	0.00385	0.01185
1	0.02825	0.02146	0.09043	0.01730	0.02375	0.02028	0.01525	0.39549	0.06569	0.16936	0.02200	0.02256	0.01569	0.04388	0.00948	0.00268	0.00846	0.00749	0.00768	0.01283
2	0.02809	0.03488	0.02396	0.02477	0.12395	0.58646	0.01671	0.03054	0.02179	0.02041	0.01267	0.01512	0.01057	0.00800	0.00726	0.00209	0.01355	0.00541	0.00406	0.00971
3	0.02014	0.01833	0.03517	0.09769	0.03595	0.01800	0.38474	0.02797	0.10078	0.10838	0.02126	0.05822	0.01645	0.00865	0.00891	0.00267	0.01088	0.00956	0.00539	0.01088
4	0.13716	0.52584	0.03393	0.01342	0.01962	0.02779	0.01267	0.02604	0.09808	0.02312	0.01376	0.01491	0.01173	0.00738	0.00544	0.00194	0.00784	0.00486	0.00423	0.01024
5	0.01520	0.00972	0.01173	0.01100	0.01349	0.00912	0.00806	0.04532	0.04991	0.11077	0.16518	0.21334	0.15083	0.10778	0.01310	0.00332	0.00532	0.01465	0.00759	0.03455

[dist]
# distance from previous block
# <min> <max>
0	2

[block]
# block no. 3 follows, 24 sequences, length 67
# corresponding to MSA columns:
# 133-199
name=unknown_D
#
# <colnr> <probs for GDERKNQSTAVLIFYWHMCP>
#	G	D	E	R	K	N	Q	S	T	A	V	L	I	F	Y	W	H	M	C	P
0	0.00950	0.00802	0.00825	0.00840	0.01095	0.00677	0.00632	0.01154	0.01795	0.02145	0.07736	0.10545	0.61937	0.02036	0.00946	0.00274	0.00416	0.03790	0.00736	0.00670
1	0.06490	0.01369	0.01811	0.01403	0.02006	0.01218	0.01156	0.03815	0.04438	0.62912	0.03050	0.02651	0.01934	0.00975	0.00785	0.00246	0.00671	0.00786	0.00956	0.01326
2	0.02962	0.03779	0.02247	0.02043	0.02451	0.68948	0.01532	0.03166	0.02247	0.01941	0.01226	0.01430	0.01021	0.00817	0.00715	0.00204	0.01430	0.00511	0.00409	0.00919
3	0.15936	0.01380	0.01728	0.01349	0.01942	0.01268	0.01114	0.03609	0.02116	0.57025	0.02791	0.02464	0.01779	0.00941	0.00746	0.00245	0.00665	0.00736	0.00900	0.01268
4	0.01069	0.00797	0.01014	0.01131	0.01286	0.00742	0.00872	0.01313	0.01747	0.02261	0.10581	0.30799	0.20427	0.02202	0.01013	0.00316	0.00522	0.20478	0.00746	0.00686
5	0.01153	0.00769	0.00865	0.00865	0.00865	0.00769	0.00480	0.01153	0.01153	0.01538	0.02499	0.05189	0.02883	0.72131	0.04036	0.00769	0.00769	0.01153	0.00480	0.00480
6	0.04513	0.01807	0.01988	0.01573	0.02153	0.01898	0.01274	0.30753	0.16302	0.10484	0.05086	0.02328	0.01869	0.00945	0.00761	0.00226	0.00724	0.00745	0.00757	0.13811
7	0.01946	0.02191	0.04012	0.06222	0.08014	0.08230	0.45929	0.02517	0.01853	0.02441	0.01521	0.02020	0.01175	0.00715	0.00947	0.00255	0.03978	0.00838	0.00400	0.04797
8	0.01797	0.02895	0.30111	0.03215	0.22169	0.04476	0.16506	0.02479	0.01784	0.02507	0.01679	0.02036	0.03138	0.00761	0.00808	0.00249	0.01128	0.00731	0.00382	0.01148
9	0.71426	0.04746	0.01347	0.01087	0.01592	0.01866	0.00906	0.04763	0.01454	0.03538	0.01135	0.01312	0.00885	0.00742	0.00503	0.00242	0.00634	0.00440	0.00496	0.00885
10	0.01153	0.00769	0.00865	0.00865	0.00865	0.00769	0.00480	0.01153	0.01153	0.01538	0.02499	0.05189	0.02883	0.72131	0.04036	0.00769	0.00769	0.01153	0.00480	0.00480
11	0.02094	0.05687	0.02065	0.01623	0.05700	0.12515	0.01221	0.10953	0.02041	0.02778	0.01437	0.01644	0.01170	0.00687	0.00644	0.00158	0.00798	0.00521	0.00494	0.45771
12	0.01190	0.00879	0.01160	0.01303	0.01498	0.00848	0.01108	0.01510	0.01807	0.02307	0.05026	0.11592	0.17911	0.02165	0.01058	0.00342	0.00647	0.46203	0.00732	0.00713
13	0.01746	0.02910	0.32801	0.03042	0.19051	0.01963	0.12028	0.02409	0.01670	0.02447	0.01412	0.01825	0.01102	0.00821	0.01059	0.00264	0.11271	0.00685	0.00361	0.01133
14	0.07853	0.10246	0.41207	0.02123	0.07996	0.01849	0.02274	0.02459	0.01694	0.05191	0.03730	0.01814	0.01292	0.00768	0.00706	0.00231	0.00986	0.00597	0.00407	0.06577
15	0.02624	0.08796	0.05288	0.01738	0.05580	0.06594	0.01392	0.14612	0.09600	0.22316	0.02347	0.06021	0.01781	0.00974	0.00757	0.00230	0.00796	0.00777	0.00708	0.07069
16	0.01153	0.00769	0.00865	0.00865	0.00865	0.00769	0.00480	0.01153	0.01153	0.01538	0.02499	0.05189	0.02883	0.72131	0.04036	0.00769	0.00769	0.01153	0.00480	0.00480
17	0.01105	0.00794	0.01056	0.01093	0.01242	0.00745	0.00822	0.01416	0.01996	0.02764	0.41525	0.23353	0.06479	0.01927	0.00978	0.00285	0.00448	0.10436	0.00817	0.00719
18	0.02825	0.05654	0.10255	0.01694	0.02345	0.06666	0.01519	0.19024	0.12109	0.26096	0.02386	0.02249	0.01644	0.00933	0.00772	0.00241	0.00842	0.00726	0.00755	0.01266
19	0.02221	0.04120	0.01861	0.01530	0.02014	0.01842	0.01218	0.10159	0.42779	0.12325	0.03405	0.03146	0.07614	0.01114	0.00805	0.00259	0.00649	0.00912	0.00807	0.01221
20	0.02968	0.03596	0.02263	0.02017	0.02452	0.61132	0.01529	0.10381	0.02421	0.02300	0.01305	0.01486	0.01060	0.00833	0.00724	0.00208	0.01365	0.00535	0.00454	0.00970
21	0.01792	0.01710	0.02910	0.28872	0.44516	0.01839	0.02349	0.02284	0.01725	0.02383	0.01461	0.02018	0.01183	0.00738	0.00788	0.00246	0.00984	0.00706	0.00378	0.01118
22	0.02610	0.19645	0.10801	0.01570	0.02230	0.01760	0.04358	0.02998	0.01938	0.32890	0.04492	0.02327	0.01764	0.01241	0.05630	0.00302	0.00905	0.00709	0.00667	0.01163
23	0.02962	0.03779	0.02247	0.02043	0.02451	0.68948	0.01532	0.03166	0.02247	0.01941	0.01226	0.01430	0.01021	0.00817	0.00715	0.00204	0.01430	0.00511	0.00409	0.00919
24	0.01152	0.00775	0.00894	0.00894	0.00904	0.00785	0.00517	0.01172	0.01162	0.01559	0.02472	0.05040	0.02818	0.67376	0.08703	0.00805	0.00866	0.01131	0.00476	0.00497
25	0.01665	0.01784	0.03739	0.02795	0.03414	0.01677	0.47912	0.02217	0.01808	0.02438	0.02304	0.14509	0.02188	0.01112	0.00963	0.00285	0.01134	0.06601	0.00487	0.00967
26	0.01970	0.01014	0.01104	0.00973	0.01276	0.01018	0.00762	0.10102	0.02012	0.12441	0.02577	0.02786	0.01936	0.00936	0.00619	0.00200	0.00477	0.00744	0.56149	0.00903
27	0.01662	0.13936	0.50408	0.02158	0.03175	0.01991	0.07457	0.02428	0.01673	0.02395	0.01528	0.04918	0.01220	0.00816	0.00744	0.00244	0.01104	0.00668	0.00359	0.01116
28	0.02634	0.02043	0.02146	0.03798	0.02340	0.05327	0.01400	0.46400	0.08754	0.04318	0.07687	0.02464	0.02017	0.03864	0.00933	0.00262	0.00835	0.00801	0.00757	0.01218
29	0.01601	0.01536	0.02508	0.49084	0.08119	0.01902	0.04804	0.02148	0.04396	0.02117	0.01441	0.02080	0.01132	0.00896	0.01106	0.00277	0.12830	0.00722	0.00376	0.00924
30	0.02798	0.02181	0.02146	0.01749	0.02303	0.10594	0.01404	0.33876	0.19635	0.11489	0.02308	0.02213	0.01660	0.00971	0.00787	0.00243	0.00856	0.00746	0.00770	0.01270
31	0.00991	0.00714	0.00941	0.01092	0.01166	0.00664	0.00749	0.01162	0.01613	0.02156	0.10729	0.60228	0.08134	0.02368	0.01004	0.00314	0.00458	0.04108	0.00750	0.00658
32	0.02216	0.64806	0.03939	0.01435	0.02082	0.10598	0.01377	0.02464	0.01683	0.01874	0.01116	0.01290	0.01018	0.00694	0.00532	0.00174	0.00914	0.00434	0.00347	0.01006
33	0.01148	0.00790	0.00971	0.00971	0.01007	0.00826	0.00613	0.01221	0.01185	0.01616	0.02402	0.04653	0.02650	0.55014	0.20835	0.00900	0.01119	0.01075	0.00466	0.00539
34	0.09686	0.02252	0.02208	0.04015	0.02439	0.10049	0.01449	0.44619	0.05137	0.07665	0.01842	0.01875	0.01323	0.00917	0.00758	0.00237	0.00902	0.00674	0.00717	0.01236
35	0.02604	0.29703	0.02974	0.01785	0.02282	0.41895	0.01473	0.02826	0.01973	0.01911	0.01173	0.01380	0.01021	0.00784	0.00700	0.00196	0.03502	0.00484	0.00380	0.00955
36	0.01918	0.01506	0.01723	0.01321	0.01956	0.01335	0.01053	0.05161	0.16741	0.07700	0.01982	0.02040	0.01531	0.00745	0.00662	0.00167	0.00615	0.00604	0.00600	0.50640
37	0.04674	0.10641	0.12125	0.02374	0.03045	0.04267	0.24390	0.10845	0.06160	0.02776	0.01569	0.01897	0.01217	0.00841	0.01016	0.00257	0.09619	0.00736	0.00461	0.01090
38	0.12880	0.04654	0.08971	0.06698	0.07988	0.01629	0.11864	0.02825	0.03854	0.22167	0.06941	0.02404	0.01865	0.00877	0.00771	0.00248	0.00855	0.00771	0.00622	0.01116
39	0.03519	0.01412	0.01879	0.01441	0.02056	0.01258	0.01190	0.08224	0.02374	0.63227	0.03040	0.02642	0.01919	0.00979	0.00797	0.00245	0.00689	0.00791	0.00968	0.01349
40	0.03529	0.01395	0.01869	0.01433	0.02047	0.01234	0.01184	0.07061	0.02347	0.64429	0.03064	0.02657	0.01931	0.00980	0.00797	0.00245	0.00685	0.00793	0.00972	0.01349
41	0.05468	0.37352	0.11160	0.01643	0.02339	0.07794	0.04670	0.05222	0.04426	0.10848	0.01559	0.01657	0.01212	0.00767	0.00637	0.00207	0.00918	0.00556	0.00475	0.01091
42	0.01863	0.04457	0.15581	0.02033	0.05682	0.01789	0.09155	0.14987	0.09799	0.02987	0.05099	0.05302	0.01945	0.01887	0.13362	0.00440	0.01151	0.00850	0.00554	0.01077
43	0.00960	0.00804	0.00835	0.00827	0.01085	0.00679	0.00621	0.01182	0.01862	0.02270	0.15294	0.07420	0.59522	0.01960	0.00937	0.00266	0.00398	0.01644	0.00753	0.00679
44	0.02962	0.03779	0.02247	0.02043	0.02451	0.68948	0.01532	0.03166	0.02247	0.01941	0.01226	0.01430	0.01021	0.00817	0.00715	0.00204	0.01430	0.00511	0.00409	0.00919
45	0.07596	0.20661	0.24240	0.01881	0.04543	0.05985	0.01902	0.11193	0.04076	0.05959	0.01505	0.01667	0.01149	0.00809	0.00753	0.00229	0.03688	0.00576	0.00464	0.01123
46	0.01377	0.00689	0.01033	0.01033	0.01033	0.00689	0.00689	0.01033	0.01033	0.01377	0.01377	0.02410	0.01377	0.02755	0.03099	0.76928	0.00689	0.00689	0.00344	0.00344
47	0.01091	0.00809	0.01017	0.00965	0.01166	0.00735	0.00724	0.01436	0.02171	0.03005	0.56866	0.06211	0.17491	0.01686	0.00936	0.00253	0.00379	0.01474	0.00850	0.00735
48	0.02483	0.02591	0.02616	0.09985	0.24700	0.26420	0.01902	0.14686	0.02316	0.02762	0.01466	0.01773	0.01168	0.00803	0.00762	0.00228	0.01118	0.00636	0.00472	0.01113
49	0.02918	0.07544	0.02359	0.01995	0.02429	0.62302	0.01521	0.05873	0.02278	0.02074	0.01249	0.01442	0.01036	0.00815	0.00707	0.00204	0.01373	0.00515	0.00422	0.00944
50	0.01979	0.01899	0.02918	0.14625	0.34335	0.05089	0.06663	0.08148	0.01912	0.02609	0.01547	0.02160	0.01296	0.00865	0.01001	0.00257	0.08558	0.02592	0.00430	0.01116
51	0.01972	0.01703	0.01793	0.01614	0.02062	0.01972	0.01255	0.04214	0.65752	0.03317	0.03228	0.02959	0.02421	0.01076	0.00807	0.00269	0.00628	0.00897	0.00807	0.01255
52	0.01935	0.01873	0.03245	0.08021	0.61194	0.01884	0.05312	0.02419	0.01798	0.02560	0.01493	0.01978	0.01244	0.00709	0.00792	0.00238	0.00966	0.00717	0.00391	0.01229
53	0.77733	0.01534	0.01166	0.01043	0.01534	0.01779	0.00859	0.02331	0.01350	0.03558	0.01104	0.01288	0.00859	0.00736	0.00491	0.00245	0.00613	0.00429	0.00491	0.00859
54	0.01647	0.01605	0.02403	0.02066	0.02171	0.02086	0.07489	0.01895	0.01382	0.02043	0.01710	0.05676	0.01763	0.01487	0.02152	0.00341	0.50679	0.10122	0.00426	0.00856
55	0.00937	0.00803	0.00803	0.00803	0.01071	0.00669	0.00602	0.01138	0.01807	0.02142	0.08033	0.07632	0.66863	0.02008	0.00937	0.00268	0.00402	0.01674	0.00736	0.00669
56	0.01829	0.01630	0.02220	0.01639	0.02321	0.01441	0.11474	0.07093	0.10352	0.02856	0.01720	0.01920	0.01358	0.00693	0.00689	0.00171	0.00738	0.00622	0.00528	0.48706
57	0.02712	0.02202	0.02246	0.05402	0.02534	0.07956	0.01493	0.43442	0.16448	0.04231	0.02097	0.02095	0.01529	0.00958	0.00789	0.00243	0.00878	0.00734	0.00740	0.01268
58	0.00972	0.00702	0.00921	0.01082	0.01147	0.00651	0.00729	0.01126	0.01571	0.02089	0.07700	0.64760	0.08789	0.02415	0.01004	0.00315	0.00453	0.02181	0.00743	0.00651
59	0.01026	0.00799	0.00931	0.00915	0.01130	0.00704	0.00680	0.01303	0.01990	0.02617	0.35138	0.11433	0.34767	0.01862	0.00942	0.00263	0.00393	0.01604	0.00800	0.00704
60	0.02070	0.02194	0.06624	0.03978	0.43746	0.07254	0.10206	0.06058	0.05152	0.02699	0.01591	0.01974	0.01281	0.00745	0.00799	0.00240	0.01024	0.00724	0.00435	0.01206
61	0.02875	0.01539	0.04779	0.01402	0.02069	0.01236	0.01197	0.06633	0.02140	0.42098	0.02477	0.02298	0.01653	0.00853	0.00733	0.00207	0.00682	0.00687	0.00791	0.23651
62	0.05121	0.59494	0.06781	0.01502	0.02190	0.02908	0.04718	0.02478	0.04783	0.02070	0.01248	0.01419	0.01090	0.00703	0.00556	0.00186	0.00868	0.00482	0.00371	0.01033
63	0.01278	0.00913	0.01278	0.01460	0.01643	0.00913	0.01278	0.01643	0.01825	0.02373	0.04199	0.08945	0.04564	0.02191	0.01095	0.00365	0.00730	0.61847	0.00730	0.00730
64	0.01000	0.00704	0.00910	0.01060	0.01098	0.00667	0.00689	0.01113	0.01452	0.01935	0.04029	0.59485	0.04813	0.15202	0.01564	0.00404	0.00516	0.02053	0.00689	0.00614
65	0.02182	0.67557	0.04015	0.01407	0.02066	0.07967	0.01370	0.02433	0.01658	0.01871	0.01111	0.01284	0.01018	0.00689	0.00524	0.00172	0.00891	0.00430	0.00344	0.01010
66	0.11905	0.01714	0.01838	0.01399	0.02040	0.01669	0.01137	0.23257	0.05520	0.03560	0.01628	0.01752	0.01255	0.00754	0.00655	0.00182	0.00689	0.00568	0.00599	0.37878

[dist]
# distance from previous block
# <min> <max>
0	1

[block]
# block no. 4 follows, 24 sequences, length 72
# corresponding to MSA columns:
# 201-272
name=unknown_E
#
# <colnr> <probs for GDERKNQSTAVLIFYWHMCP>
#	G	D	E	R	K	N	Q	S	T	A	V	L	I	F	Y	W	H	M	C	P
0	0.01040	0.00737	0.00974	0.01137	0.01201	0.00704	0.00798	0.01201	0.01528	0.02027	0.04126	0.53345	0.04857	0.10466	0.01375	0.00381	0.00541	0.12215	0.00706	0.00640
1	0.01966	0.01679	0.01767	0.01579	0.02027	0.01924	0.01231	0.06966	0.59218	0.03334	0.03429	0.03165	0.05925	0.01121	0.00813	0.00267	0.00627	0.00931	0.00802	0.01227
2	0.01498	0.01409	0.02378	0.70226	0.05462	0.01762	0.02202	0.02026	0.01586	0.02026	0.01409	0.02114	0.01057	0.00793	0.00793	0.00264	0.01057	0.00705	0.00352	0.00881
3	0.00981	0.00701	0.00937	0.01121	0.01174	0.00657	0.00762	0.01130	0.01533	0.02041	0.04362	0.68583	0.05212	0.02470	0.01016	0.00324	0.00473	0.05136	0.00736	0.00648
4	0.01122	0.00811	0.01060	0.00998	0.01185	0.00748	0.00748	0.01496	0.02245	0.03180	0.66766	0.05923	0.07482	0.01621	0.00935	0.00249	0.00374	0.01434	0.00873	0.00748
5	0.02558	0.01167	0.01545	0.01267	0.01712	0.01054	0.01014	0.02997	0.05764	0.40001	0.26968	0.03921	0.04055	0.01226	0.00850	0.00248	0.00560	0.01041	0.00931	0.01119
6	0.01079	0.00792	0.01012	0.00992	0.01167	0.00724	0.00731	0.01400	0.02091	0.02898	0.51243	0.15740	0.13600	0.01790	0.00947	0.00262	0.00390	0.01580	0.00838	0.00724
7	0.02962	0.03779	0.02247	0.02043	0.02451	0.68948	0.01532	0.03166	0.02247	0.01941	0.01226	0.01430	0.01021	0.00817	0.00715	0.00204	0.01430	0.00511	0.00409	0.00919
8	0.03103	0.02079	0.02292	0.01757	0.02388	0.02249	0.01452	0.54666	0.03491	0.15208	0.02103	0.02033	0.01449	0.00957	0.00794	0.00239	0.00840	0.00728	0.00824	0.01349
9	0.00937	0.00803	0.00803	0.00803	0.01071	0.00669	0.00602	0.01138	0.01807	0.02142	0.08033	0.07632	0.66863	0.02008	0.00937	0.00268	0.00402	0.01674	0.00736	0.00669
10	0.01136	0.00835	0.01203	0.01203	0.01320	0.00952	0.00902	0.01370	0.01253	0.01788	0.02190	0.03478	0.02140	0.17537	0.57615	0.01186	0.01887	0.00903	0.00435	0.00668
11	0.01153	0.00769	0.00865	0.00865	0.00865	0.00769	0.00480	0.01153	0.01153	0.01538	0.02499	0.05189	0.02883	0.72131	0.04036	0.00769	0.00769	0.01153	0.00480	0.00480
12	0.01963	0.01884	0.03219	0.04867	0.67185	0.01884	0.02434	0.02434	0.01806	0.02591	0.01492	0.01963	0.01256	0.00707	0.00785	0.00236	0.00942	0.00707	0.00393	0.01256
13	0.77733	0.01534	0.01166	0.01043	0.01534	0.01779	0.00859	0.02331	0.01350	0.03558	0.01104	0.01288	0.00859	0.00736	0.00491	0.00245	0.00613	0.00429	0.00491	0.00859
14	0.01207	0.00870	0.01100	0.01194	0.01316	0.00856	0.00846	0.07921	0.01802	0.02411	0.06899	0.58153	0.04896	0.02268	0.00989	0.00312	0.00513	0.04973	0.00748	0.00728
15	0.01377	0.00689	0.01033	0.01033	0.01033	0.00689	0.00689	0.01033	0.01033	0.01377	0.01377	0.02410	0.01377	0.02755	0.03099	0.76928	0.00689	0.00689	0.00344	0.00344
16	0.01945	0.01866	0.03186	0.07413	0.64780	0.01879	0.02425	0.02418	0.01797	0.02569	0.01488	0.01969	0.01248	0.00710	0.00785	0.00237	0.00947	0.00706	0.00391	0.01241
17	0.02877	0.02131	0.02300	0.01788	0.02391	0.02366	0.01471	0.58775	0.06393	0.04769	0.01974	0.02010	0.01427	0.01199	0.04098	0.00290	0.00922	0.00729	0.00776	0.01313
18	0.04946	0.01318	0.02087	0.57069	0.04629	0.01615	0.01904	0.02014	0.01586	0.02230	0.01565	0.02198	0.01189	0.00809	0.00745	0.00252	0.00938	0.00697	0.11349	0.00859
19	0.01153	0.00769	0.00865	0.00865	0.00865	0.00769	0.00480	0.01153	0.01153	0.01538	0.02499	0.05189	0.02883	0.72131	0.04036	0.00769	0.00769	0.01153	0.00480	0.00480
20	0.01844	0.02053	0.04345	0.06989	0.06631	0.01941	0.55295	0.02481	0.01842	0.02516	0.01579	0.02106	0.01196	0.00673	0.00905	0.00259	0.01269	0.00891	0.00401	0.04786
21	0.01830	0.01299	0.01571	0.01193	0.01793	0.01016	0.00943	0.02155	0.01753	0.12091	0.05162	0.09069	0.02010	0.00887	0.00678	0.00163	0.00577	0.00745	0.00591	0.54473
22	0.02103	0.03329	0.35729	0.02346	0.03247	0.11921	0.14414	0.08438	0.02025	0.06672	0.01578	0.01812	0.01136	0.00779	0.00790	0.00246	0.01184	0.00668	0.00441	0.01142
23	0.02856	0.12777	0.02516	0.01928	0.02397	0.52952	0.01506	0.09735	0.02324	0.02263	0.01283	0.01461	0.01057	0.00813	0.00696	0.00203	0.01292	0.00521	0.00441	0.00979
24	0.01972	0.01703	0.01793	0.01614	0.02062	0.01972	0.01255	0.04214	0.65752	0.03317	0.03228	0.02959	0.02421	0.01076	0.00807	0.00269	0.00628	0.00897	0.00807	0.01255
25	0.01963	0.01884	0.03219	0.04867	0.67185	0.01884	0.02434	0.02434	0.01806	0.02591	0.01492	0.01963	0.01256	0.00707	0.00785	0.00236	0.00942	0.00707	0.00393	0.01256
26	0.01246	0.00934	0.01225	0.01312	0.01551	0.00873	0.01105	0.01569	0.01776	0.02336	0.04411	0.13432	0.12431	0.02016	0.01012	0.00321	0.00648	0.42013	0.00703	0.09088
27	0.01526	0.01439	0.02430	0.66207	0.09257	0.01769	0.02216	0.02051	0.01599	0.02061	0.01414	0.02105	0.01069	0.00788	0.00792	0.00263	0.01050	0.00705	0.00355	0.00904
28	0.02243	0.02028	0.01946	0.01529	0.02140	0.12313	0.01215	0.18527	0.09423	0.03185	0.01710	0.01824	0.01334	0.00772	0.00685	0.00179	0.00799	0.00587	0.00581	0.36980
29	0.01153	0.00769	0.00865	0.00865	0.00865	0.00769	0.00480	0.01153	0.01153	0.01538	0.02499	0.05189	0.02883	0.72131	0.04036	0.00769	0.00769	0.01153	0.00480	0.00480
30	0.02155	0.02170	0.02129	0.02139	0.09746	0.16271	0.01507	0.03517	0.37331	0.02777	0.02347	0.02376	0.01828	0.01014	0.00992	0.00260	0.08914	0.00769	0.00621	0.01139
31	0.42624	0.01438	0.01463	0.04021	0.01862	0.01529	0.01029	0.05056	0.01758	0.24269	0.02022	0.06512	0.01537	0.00943	0.00649	0.00251	0.00651	0.00693	0.00672	0.01023
32	0.66116	0.01508	0.01261	0.01089	0.01603	0.01678	0.00896	0.02479	0.01462	0.10378	0.01336	0.01456	0.00992	0.00755	0.00528	0.00239	0.00619	0.00471	0.00542	0.04592
33	0.02250	0.61959	0.03860	0.01463	0.02100	0.13320	0.01384	0.02497	0.01710	0.01877	0.01122	0.01296	0.01018	0.00700	0.00541	0.00175	0.00938	0.00437	0.00350	0.01002
34	0.77733	0.01534	0.01166	0.01043	0.01534	0.01779	0.00859	0.02331	0.01350	0.03558	0.01104	0.01288	0.00859	0.00736	0.00491	0.00245	0.00613	0.00429	0.00491	0.00859
35	0.02430	0.06906	0.02572	0.02493	0.15446	0.26635	0.04663	0.10840	0.11506	0.02746	0.04836	0.02062	0.01635	0.00873	0.00761	0.00227	0.01053	0.00692	0.00530	0.01096
36	0.01744	0.04032	0.01456	0.01193	0.01532	0.01172	0.00936	0.07334	0.09362	0.12606	0.32671	0.07767	0.12081	0.01456	0.00875	0.00252	0.00514	0.01244	0.00831	0.00940
37	0.01401	0.01130	0.01556	0.01449	0.01604	0.01375	0.01144	0.05832	0.04055	0.02110	0.01979	0.02882	0.01834	0.07808	0.46660	0.00974	0.14132	0.00829	0.00454	0.00791
38	0.02040	0.01883	0.03017	0.07239	0.54496	0.01937	0.02265	0.08273	0.05906	0.02833	0.01633	0.02025	0.01328	0.00756	0.00787	0.00239	0.00921	0.00719	0.00453	0.01248
39	0.01114	0.00810	0.01049	0.00989	0.01180	0.00745	0.00742	0.01481	0.02226	0.03135	0.64202	0.05998	0.10074	0.01638	0.00935	0.00250	0.00375	0.01445	0.00867	0.00745
40	0.01617	0.01380	0.01615	0.01172	0.01849	0.01040	0.00931	0.01960	0.01639	0.02561	0.01530	0.04502	0.01341	0.00665	0.00605	0.00126	0.00582	0.00543	0.00481	0.73862
41	0.01278	0.00913	0.01278	0.01460	0.01643	0.00913	0.01278	0.01643	0.01825	0.02373	0.04199	0.08945	0.04564	0.02191	0.01095	0.00365	0.00730	0.61847	0.00730	0.00730
42	0.01278	0.00913	0.01278	0.01460	0.01643	0.00913	0.01278	0.01643	0.01825	0.02373	0.04199	0.08945	0.04564	0.02191	0.01095	0.00365	0.00730	0.61847	0.00730	0.00730
43	0.03014	0.02221	0.02380	0.01825	0.02459	0.02459	0.01507	0.64541	0.03728	0.04998	0.01904	0.01904	0.01349	0.00952	0.00793	0.00238	0.00873	0.00714	0.00793	0.01349
44	0.01872	0.02139	0.04679	0.03342	0.04144	0.02005	0.64305	0.02540	0.01872	0.02540	0.01604	0.02139	0.01203	0.00668	0.00936	0.00267	0.01337	0.00936	0.00401	0.01070
45	0.00966	0.00690	0.00920	0.01104	0.01150	0.00644	0.00736	0.01104	0.01518	0.02024	0.04371	0.71614	0.05245	0.02484	0.01012	0.00322	0.00460	0.02254	0.00736	0.00644
46	0.02964	0.02302	0.02344	0.01830	0.02441	0.06889	0.01497	0.57700	0.06437	0.04717	0.01918	0.01920	0.01375	0.00949	0.00789	0.00237	0.00899	0.00709	0.00768	0.01316
47	0.01125	0.00853	0.01044	0.01008	0.01214	0.00799	0.00751	0.01560	0.06002	0.02888	0.46125	0.11916	0.18274	0.01738	0.00935	0.00261	0.00403	0.01520	0.00831	0.00755
48	0.01136	0.00770	0.00878	0.00885	0.00903	0.00767	0.00513	0.01160	0.01200	0.01593	0.02805	0.07668	0.05836	0.64175	0.05969	0.00747	0.00786	0.01207	0.00500	0.00503
49	0.02915	0.03629	0.02300	0.02173	0.05624	0.63223	0.01575	0.05382	0.02280	0.02085	0.01264	0.01474	0.01045	0.00817	0.00721	0.00207	0.01386	0.00528	0.00422	0.00952
50	0.01072	0.00889	0.00957	0.00976	0.01238	0.00810	0.00759	0.01461	0.07000	0.02267	0.06956	0.09643	0.50403	0.01975	0.00952	0.00284	0.00470	0.10422	0.00741	0.00725
51	0.65686	0.01606	0.01337	0.01151	0.01664	0.01831	0.00948	0.09658	0.01668	0.06606	0.01288	0.01423	0.00965	0.00772	0.00540	0.00245	0.00646	0.00479	0.00548	0.00938
52	0.01375	0.01192	0.01880	0.01639	0.01926	0.01204	0.12893	0.01882	0.08169	0.02480	0.14917	0.17807	0.09317	0.01709	0.01169	0.04050	0.04988	0.09925	0.00661	0.00818
53	0.03467	0.01329	0.01811	0.01395	0.01993	0.01150	0.01150	0.03776	0.02269	0.65325	0.05504	0.02819	0.02169	0.01005	0.00803	0.00246	0.00664	0.00821	0.00977	0.01327
54	0.02331	0.01966	0.01957	0.01655	0.02136	0.07878	0.01311	0.25236	0.30828	0.03778	0.09909	0.02792	0.02501	0.01072	0.00809	0.00250	0.00756	0.00860	0.00775	0.01200
55	0.01972	0.01703	0.01793	0.01614	0.02062	0.01972	0.01255	0.04214	0.65752	0.03317	0.03228	0.02959	0.02421	0.01076	0.00807	0.00269	0.00628	0.00897	0.00807	0.01255
56	0.01665	0.01448	0.01761	0.01271	0.01969	0.01127	0.03277	0.02102	0.04134	0.02611	0.01487	0.01713	0.01224	0.00609	0.00609	0.00129	0.00616	0.00503	0.00480	0.71263
57	0.01832	0.13528	0.15142	0.02738	0.03548	0.02102	0.41209	0.02449	0.01766	0.02385	0.01534	0.02057	0.01214	0.03804	0.00973	0.00271	0.01207	0.00805	0.00384	0.01053
58	0.65815	0.04056	0.06524	0.01257	0.01821	0.01839	0.04106	0.02356	0.01408	0.03374	0.01153	0.01358	0.00892	0.00732	0.00533	0.00244	0.00699	0.00466	0.00470	0.00898
59	0.01122	0.00846	0.01145	0.01162	0.01315	0.00797	0.03075	0.03808	0.01843	0.02491	0.21711	0.43134	0.10368	0.02081	0.00973	0.00292	0.00480	0.01872	0.00764	0.00719
60	0.02056	0.01904	0.03086	0.07150	0.59426	0.04121	0.02333	0.02512	0.01835	0.05702	0.01559	0.01986	0.01275	0.00727	0.00784	0.00236	0.00950	0.00704	0.00420	0.01235
61	0.01134	0.00844	0.01247	0.01247	0.01379	0.00976	0.00957	0.01398	0.01266	0.01821	0.02149	0.03254	0.02043	0.10379	0.64639	0.01241	0.02033	0.00870	0.00429	0.00693
62	0.01827	0.01786	0.02748	0.25989	0.38468	0.05504	0.02198	0.02358	0.04103	0.02379	0.01752	0.02226	0.03610	0.00802	0.00790	0.00246	0.00976	0.00737	0.00408	0.01092
63	0.01115	0.00810	0.01050	0.00990	0.01180	0.00745	0.00743	0.01483	0.02228	0.03141	0.64573	0.05987	0.09700	0.01636	0.00935	0.00250	0.00375	0.01443	0.00868	0.00745
64	0.00950	0.00804	0.00821	0.00816	0.01079	0.00675	0.00612	0.01162	0.01837	0.02212	0.11966	0.07517	0.62887	0.01982	0.00937	0.00267	0.00400	0.01658	0.00746	0.00675
65	0.01669	0.03998	0.64400	0.02236	0.03378	0.01876	0.02851	0.05935	0.01788	0.02649	0.01450	0.01687	0.01024	0.00764	0.00756	0.00250	0.01155	0.00593	0.00360	0.01182
66	0.00966	0.00690	0.00920	0.01104	0.01150	0.00644	0.00736	0.01104	0.01518	0.02024	0.04371	0.71614	0.05245	0.02484	0.01012	0.00322	0.00460	0.02254	0.00736	0.00644
67	0.01644	0.01409	0.01644	0.01175	0.01879	0.01057	0.00940	0.01997	0.01644	0.02584	0.01409	0.01644	0.01175	0.00587	0.00587	0.00117	0.00587	0.00470	0.00470	0.76979
68	0.01133	0.00850	0.01274	0.01274	0.01416	0.00991	0.00991	0.01416	0.01274	0.01841	0.02124	0.03115	0.01982	0.05947	0.68989	0.01274	0.02124	0.00850	0.00425	0.00708
69	0.01743	0.01760	0.02567	0.02159	0.02209	0.02403	0.05582	0.01947	0.01255	0.01947	0.01076	0.01760	0.01051	0.01344	0.02500	0.00342	0.66416	0.00709	0.00350	0.00880
70	0.72729	0.01580	0.01247	0.01095	0.01596	0.01824	0.00902	0.06497	0.01509	0.03654	0.01158	0.01329	0.00892	0.00751	0.00511	0.00245	0.00631	0.00448	0.00511	0.00892
71	0.05030	0.09406	0.02382	0.01947	0.02391	0.58537	0.01497	0.05831	0.02235	0.02118	0.01242	0.01434	0.01031	0.00809	0.00695	0.00204	0.01333	0.00510	0.00422	0.00945

[dist]
# distance from previous block
# <min> <max>
0	1

[block]
# block no. 5 follows, 24 sequences, length 10
# corresponding to MSA columns:
# 274-283
name=unknown_F
#
# <colnr> <probs for GDERKNQSTAVLIFYWHMCP>
#	G	D	E	R	K	N	Q	S	T	A	V	L	I	F	Y	W	H	M	C	P
0	0.01155	0.00945	0.01045	0.01048	0.01318	0.00896	0.00825	0.01675	0.10465	0.02435	0.11946	0.07086	0.41641	0.01881	0.00948	0.00284	0.00489	0.12395	0.00757	0.00766
1	0.02901	0.02165	0.02316	0.01802	0.02416	0.02406	0.01480	0.57956	0.10499	0.04814	0.02048	0.02019	0.01466	0.00965	0.00795	0.00241	0.00846	0.00734	0.00795	0.01338
2	0.01278	0.00913	0.01278	0.01460	0.01643	0.00913	0.01278	0.01643	0.01825	0.02373	0.04199	0.08945	0.04564	0.02191	0.01095	0.00365	0.00730	0.61847	0.00730	0.00730
3	0.01022	0.00720	0.00924	0.01043	0.01095	0.00681	0.00684	0.01157	0.01522	0.02050	0.10794	0.50682	0.05000	0.16819	0.01630	0.00407	0.00515	0.01937	0.00698	0.00622
4	0.00937	0.00803	0.00803	0.00803	0.01071	0.00669	0.00602	0.01138	0.01807	0.02142	0.08033	0.07632	0.66863	0.02008	0.00937	0.00268	0.00402	0.01674	0.00736	0.00669
