[name]
unknown

[dist]
# distance from previous block
# <min> <max>
2	16

[block]
# block no. 0 follows, 26 sequences, length 7
# corresponding to MSA columns:
# 18-24
name=unknown_A
#
# <colnr> <probs for GDERKNQSTAVLIFYWHMCP>
#	G	D	E	R	K	N	Q	S	T	A	V	L	I	F	Y	W	H	M	C	P
0	0.07036	0.01995	0.01820	0.01504	0.01965	0.15010	0.01195	0.30078	0.02620	0.06983	0.08313	0.04458	0.01975	0.00967	0.00719	0.00217	0.00801	0.00740	0.07436	0.04168
1	0.02556	0.05817	0.02226	0.04770	0.02371	0.20870	0.01448	0.32455	0.07542	0.03346	0.01768	0.02110	0.01408	0.00945	0.00806	0.00229	0.03620	0.04024	0.00601	0.01087
2	0.07904	0.04049	0.01531	0.01248	0.01612	0.05052	0.00973	0.16832	0.09556	0.03054	0.07658	0.07685	0.02282	0.05306	0.00980	0.03750	0.00638	0.00837	0.12601	0.06452
3	0.03866	0.04158	0.05766	0.03868	0.02301	0.07539	0.07604	0.15607	0.17252	0.02930	0.02462	0.07543	0.05269	0.01095	0.00872	0.00250	0.04553	0.03681	0.00598	0.02786
4	0.01579	0.01044	0.00874	0.00852	0.01053	0.08780	0.00639	0.01914	0.01655	0.02715	0.02323	0.02658	0.01832	0.00872	0.00548	0.00179	0.00471	0.00682	0.68603	0.00727
5	0.13625	0.08772	0.09911	0.01779	0.07791	0.10697	0.01446	0.15838	0.02037	0.02925	0.01509	0.05213	0.01269	0.00815	0.00654	0.00205	0.00838	0.00614	0.00491	0.13570
6	0.01473	0.04640	0.06408	0.01584	0.01814	0.01708	0.01359	0.02034	0.11546	0.02065	0.02069	0.02569	0.05395	0.02643	0.23670	0.00587	0.26361	0.00778	0.00445	0.00854

[dist]
# distance from previous block
# <min> <max>
0	2

[block]
# block no. 1 follows, 26 sequences, length 94
# corresponding to MSA columns:
# 27-120
name=unknown_B
#
# <colnr> <probs for GDERKNQSTAVLIFYWHMCP>
#	G	D	E	R	K	N	Q	S	T	A	V	L	I	F	Y	W	H	M	C	P
0	0.01291	0.04232	0.03679	0.01299	0.01491	0.06767	0.01060	0.01547	0.01645	0.02091	0.06259	0.28350	0.04048	0.06465	0.01127	0.00331	0.00677	0.26309	0.00636	0.00699
1	0.01979	0.01829	0.04838	0.01708	0.04875	0.04747	0.01330	0.11194	0.46933	0.03240	0.06838	0.02731	0.02334	0.01009	0.00771	0.00248	0.00682	0.00832	0.00721	0.01164
2	0.11332	0.08607	0.11718	0.01901	0.06646	0.06852	0.06678	0.18892	0.02209	0.12782	0.01698	0.01804	0.01231	0.00794	0.00693	0.00223	0.00877	0.00624	0.03334	0.01106
3	0.01287	0.00670	0.00965	0.00965	0.00965	0.00670	0.00630	0.01005	0.01005	0.01339	0.01470	0.02684	0.01523	0.12706	0.03092	0.66936	0.00670	0.00722	0.00348	0.00348
4	0.01935	0.10305	0.40820	0.02148	0.04979	0.19791	0.04979	0.02552	0.01751	0.02205	0.01292	0.01532	0.00982	0.00725	0.00697	0.00221	0.01156	0.00545	0.00344	0.01042
5	0.01807	0.02717	0.25062	0.02503	0.08212	0.09095	0.17463	0.02533	0.07754	0.02342	0.01494	0.01829	0.01159	0.00824	0.01033	0.00253	0.11801	0.00686	0.00391	0.01042
6	0.04719	0.01678	0.02280	0.09041	0.04922	0.01864	0.09150	0.17264	0.16587	0.08990	0.02156	0.04779	0.01708	0.01009	0.00960	0.00258	0.07984	0.02949	0.00619	0.01084
7	0.01137	0.00840	0.01107	0.01243	0.01430	0.00810	0.01057	0.01442	0.01729	0.02206	0.04831	0.11150	0.18479	0.02069	0.01011	0.00327	0.00618	0.47129	0.00700	0.00682
8	0.01947	0.30096	0.23462	0.01744	0.02447	0.15838	0.03706	0.02390	0.01661	0.02006	0.01268	0.01538	0.01053	0.01120	0.06466	0.00284	0.01134	0.00518	0.00345	0.00977
9	0.04342	0.01664	0.02835	0.05221	0.21181	0.01728	0.19977	0.04192	0.08430	0.02487	0.04252	0.02418	0.04835	0.00985	0.01085	0.05180	0.06917	0.00817	0.00458	0.00996
10	0.01034	0.00744	0.00984	0.01137	0.01236	0.00712	0.00854	0.01235	0.01547	0.02026	0.04245	0.42565	0.08864	0.06755	0.01174	0.00346	0.00542	0.22678	0.00687	0.00635
11	0.01084	0.00813	0.01219	0.01219	0.01354	0.00948	0.00948	0.01354	0.01219	0.01761	0.02032	0.02980	0.01896	0.05689	0.70337	0.01219	0.02032	0.00813	0.00406	0.00677
12	0.01883	0.01551	0.01728	0.01672	0.06102	0.01752	0.01206	0.03661	0.54779	0.05725	0.02919	0.02940	0.02264	0.07128	0.01032	0.00295	0.00633	0.00863	0.00727	0.01142
13	0.01101	0.00788	0.01151	0.01148	0.01276	0.00880	0.00876	0.01295	0.01268	0.01787	0.05603	0.03302	0.06299	0.04856	0.53915	0.10844	0.01669	0.00871	0.00437	0.00633
14	0.01093	0.00736	0.00846	0.00848	0.00866	0.00729	0.00493	0.01130	0.01210	0.01629	0.08289	0.07891	0.03242	0.63997	0.03476	0.00673	0.00690	0.01171	0.00503	0.00489
15	0.01084	0.00813	0.01219	0.01219	0.01354	0.00948	0.00948	0.01354	0.01219	0.01761	0.02032	0.02980	0.01896	0.05689	0.70337	0.01219	0.02032	0.00813	0.00406	0.00677
16	0.00924	0.00660	0.00880	0.01056	0.01100	0.00616	0.00704	0.01056	0.01452	0.01936	0.04181	0.72848	0.05017	0.02376	0.00968	0.00308	0.00440	0.02156	0.00704	0.00616
17	0.00938	0.00702	0.00852	0.00954	0.01059	0.00637	0.00650	0.01088	0.01535	0.01985	0.08193	0.46109	0.22278	0.07888	0.01176	0.00325	0.00444	0.01881	0.00691	0.00615
18	0.00920	0.00705	0.00844	0.00945	0.01074	0.00629	0.00657	0.01084	0.01584	0.02025	0.08176	0.45740	0.28547	0.02173	0.00938	0.00286	0.00416	0.01918	0.00710	0.00629
19	0.01095	0.00732	0.00830	0.00837	0.00839	0.00730	0.00470	0.01101	0.01118	0.01490	0.02465	0.07828	0.02853	0.70348	0.03739	0.00717	0.00723	0.01147	0.00470	0.00466
20	0.00917	0.00769	0.00796	0.00789	0.01037	0.00649	0.00592	0.01127	0.01776	0.02162	0.14548	0.07114	0.61370	0.01879	0.00896	0.00254	0.00381	0.01575	0.00719	0.00649
21	0.01573	0.01348	0.01573	0.01123	0.01798	0.01011	0.00899	0.01910	0.01573	0.02472	0.01348	0.01573	0.01123	0.00562	0.00562	0.00112	0.00562	0.00449	0.00449	0.77980
22	0.78701	0.01467	0.01115	0.00997	0.01467	0.01702	0.00821	0.02230	0.01291	0.03403	0.01056	0.01232	0.00821	0.00704	0.00469	0.00235	0.00587	0.00411	0.00469	0.00821
23	0.00931	0.00666	0.00886	0.01051	0.01102	0.00621	0.00705	0.01074	0.01485	0.01988	0.07196	0.69684	0.05118	0.02337	0.00965	0.00305	0.00436	0.02119	0.00710	0.00621
24	0.00959	0.00681	0.00870	0.01002	0.01077	0.00633	0.00678	0.01115	0.01514	0.02039	0.08483	0.57524	0.10282	0.04775	0.01043	0.00309	0.00437	0.01959	0.03998	0.00623
25	0.22677	0.01020	0.01075	0.01104	0.01318	0.01079	0.00805	0.07431	0.01604	0.02608	0.03095	0.46379	0.03507	0.01776	0.00810	0.00280	0.00517	0.01535	0.00644	0.00736
26	0.02833	0.03615	0.02149	0.01954	0.02345	0.70298	0.01466	0.03029	0.02149	0.01856	0.01172	0.01368	0.00977	0.00782	0.00684	0.00195	0.01368	0.00489	0.00391	0.00879
27	0.02256	0.01767	0.01889	0.01597	0.02087	0.01997	0.01271	0.23035	0.44983	0.06445	0.02695	0.02510	0.01983	0.00989	0.00767	0.00247	0.00674	0.00800	0.00775	0.01232
28	0.01468	0.01213	0.01348	0.01311	0.01592	0.01330	0.00986	0.02727	0.37748	0.02675	0.06005	0.24928	0.08289	0.01563	0.00855	0.00275	0.00530	0.03465	0.00746	0.00946
29	0.07162	0.01300	0.01728	0.01332	0.01913	0.01144	0.01100	0.03623	0.02127	0.65856	0.02896	0.02514	0.01825	0.00927	0.00748	0.00235	0.00642	0.00745	0.00915	0.01267
30	0.00924	0.00660	0.00880	0.01056	0.01100	0.00616	0.00704	0.01056	0.01452	0.01936	0.04181	0.72848	0.05017	0.02376	0.00968	0.00308	0.00440	0.02156	0.00704	0.00616
31	0.01299	0.00668	0.00988	0.00988	0.00993	0.00673	0.00659	0.01007	0.01002	0.01341	0.01396	0.02462	0.01409	0.06270	0.05345	0.71419	0.00710	0.00686	0.00339	0.00348
32	0.01057	0.00775	0.00991	0.00937	0.01123	0.00709	0.00703	0.01400	0.02109	0.02951	0.62676	0.05815	0.12749	0.01585	0.00895	0.00240	0.00360	0.01393	0.00823	0.00709
33	0.00924	0.00660	0.00880	0.01056	0.01100	0.00616	0.00704	0.01056	0.01452	0.01936	0.04181	0.72848	0.05017	0.02376	0.00968	0.00308	0.00440	0.02156	0.00704	0.00616
34	0.01382	0.00707	0.00719	0.00725	0.00889	0.00705	0.00533	0.01712	0.01563	0.02734	0.02531	0.05399	0.02090	0.04264	0.00699	0.00207	0.00374	0.00776	0.71299	0.00692
35	0.01465	0.01381	0.02333	0.66691	0.09802	0.01694	0.02122	0.01966	0.01532	0.01977	0.01354	0.02012	0.01025	0.00752	0.00758	0.00251	0.01003	0.00674	0.00340	0.00869
36	0.01395	0.01232	0.01658	0.01483	0.01496	0.01597	0.01144	0.01510	0.01146	0.01688	0.01616	0.03016	0.01739	0.28439	0.09823	0.00571	0.38542	0.00841	0.00387	0.00677
37	0.00920	0.00766	0.00784	0.00781	0.01015	0.00651	0.00574	0.01106	0.01703	0.02054	0.10152	0.07054	0.60690	0.07062	0.01110	0.00290	0.00408	0.01554	0.00693	0.00631
38	0.02340	0.01794	0.02194	0.23055	0.03145	0.02041	0.01596	0.42318	0.02775	0.03691	0.01644	0.01913	0.01206	0.00973	0.00899	0.05166	0.00878	0.00679	0.00602	0.01092
39	0.01877	0.01802	0.03079	0.04656	0.68612	0.01802	0.02328	0.02328	0.01727	0.02478	0.01427	0.01877	0.01201	0.00676	0.00751	0.00225	0.00901	0.00676	0.00375	0.01201
40	0.01884	0.01844	0.02978	0.09634	0.60992	0.04680	0.02275	0.02328	0.01729	0.02411	0.01410	0.01867	0.01178	0.00687	0.00749	0.00226	0.00929	0.00668	0.00373	0.01161
41	0.01926	0.01712	0.01733	0.01561	0.01988	0.04749	0.01212	0.03989	0.64518	0.03118	0.03007	0.02769	0.02259	0.01019	0.00768	0.00255	0.00632	0.00842	0.00756	0.01187
42	0.01877	0.01802	0.03079	0.04656	0.68612	0.01802	0.02328	0.02328	0.01727	0.02478	0.01427	0.01877	0.01201	0.00676	0.00751	0.00225	0.00901	0.00676	0.00375	0.01201
43	0.03208	0.01334	0.01754	0.01375	0.01941	0.01214	0.01126	0.03740	0.10549	0.60644	0.03005	0.02614	0.01934	0.00950	0.00764	0.00238	0.00640	0.00775	0.00917	0.01279
44	0.01122	0.00795	0.00977	0.00919	0.01137	0.00712	0.00694	0.01431	0.02032	0.05551	0.48621	0.05991	0.23949	0.01628	0.00890	0.00243	0.00377	0.01410	0.00803	0.00719
45	0.00908	0.00772	0.00785	0.00791	0.01044	0.00649	0.00600	0.01106	0.01730	0.02057	0.07551	0.07345	0.65987	0.01927	0.00902	0.00260	0.00396	0.03843	0.00704	0.00642
46	0.01103	0.00735	0.00827	0.00827	0.00827	0.00735	0.00460	0.01103	0.01103	0.01471	0.02390	0.04964	0.02758	0.73343	0.03861	0.00735	0.00735	0.01103	0.00460	0.00460
47	0.01222	0.00873	0.01222	0.01397	0.01572	0.00873	0.01222	0.01572	0.01746	0.02270	0.04016	0.08556	0.04365	0.02095	0.01048	0.00349	0.00698	0.63506	0.00698	0.00698
48	0.00911	0.00769	0.00789	0.00784	0.01034	0.00647	0.00588	0.01118	0.01764	0.02133	0.12810	0.07161	0.63125	0.01890	0.00896	0.00255	0.00382	0.01581	0.00715	0.00647
49	0.02782	0.08068	0.02265	0.01912	0.02320	0.66028	0.01455	0.02981	0.02111	0.01852	0.01165	0.01358	0.00977	0.00773	0.00671	0.00193	0.01333	0.00483	0.00387	0.00885
50	0.00924	0.00660	0.00880	0.01056	0.01100	0.00616	0.00704	0.01056	0.01452	0.01936	0.04181	0.72848	0.05017	0.02376	0.00968	0.00308	0.00440	0.02156	0.00704	0.00616
51	0.03246	0.01347	0.01772	0.01380	0.01952	0.01224	0.01133	0.05607	0.08266	0.61062	0.02966	0.02582	0.01901	0.00946	0.00763	0.00237	0.00647	0.00769	0.00918	0.01282
52	0.01064	0.00737	0.00919	0.00967	0.01091	0.00676	0.00670	0.01250	0.01648	0.04496	0.20133	0.34975	0.15355	0.10880	0.01291	0.00333	0.00455	0.01696	0.00714	0.00648
53	0.03403	0.01291	0.01760	0.01350	0.01936	0.01115	0.01115	0.03697	0.02171	0.69137	0.02992	0.02582	0.01878	0.00939	0.00763	0.00235	0.00645	0.00763	0.00939	0.01291
54	0.02028	0.73799	0.03975	0.01298	0.01947	0.03001	0.01298	0.02271	0.01541	0.01785	0.01055	0.01217	0.00973	0.00649	0.00487	0.00162	0.00811	0.00406	0.00324	0.00973
55	0.00924	0.00660	0.00880	0.01056	0.01100	0.00616	0.00704	0.01056	0.01452	0.01936	0.04181	0.72848	0.05017	0.02376	0.00968	0.00308	0.00440	0.02156	0.00704	0.00616
56	0.02290	0.01080	0.01414	0.01209	0.01594	0.00983	0.00947	0.02698	0.06651	0.36612	0.17198	0.15469	0.05832	0.01355	0.00831	0.00250	0.00537	0.01166	0.00857	0.01024
57	0.01659	0.01659	0.02323	0.01991	0.01991	0.02323	0.01659	0.01825	0.01162	0.01825	0.00996	0.01659	0.00996	0.01328	0.02489	0.00332	0.71955	0.00664	0.00332	0.00830
58	0.00983	0.00772	0.00889	0.00860	0.01078	0.00677	0.00645	0.01257	0.01934	0.02536	0.37407	0.06497	0.38277	0.01739	0.00896	0.00248	0.00371	0.01488	0.00768	0.00677
59	0.00937	0.00669	0.00895	0.01071	0.01120	0.00627	0.00726	0.01078	0.01465	0.01951	0.04174	0.70092	0.04989	0.02364	0.00972	0.00310	0.00451	0.04786	0.00704	0.00620
60	0.02883	0.02125	0.02276	0.01745	0.02352	0.02352	0.01442	0.66082	0.03566	0.04780	0.01821	0.01821	0.01290	0.00911	0.00759	0.00228	0.00835	0.00683	0.00759	0.01290
61	0.00924	0.00660	0.00880	0.01056	0.01100	0.00616	0.00704	0.01056	0.01452	0.01936	0.04181	0.72848	0.05017	0.02376	0.00968	0.00308	0.00440	0.02156	0.00704	0.00616
62	0.01561	0.01338	0.01549	0.01128	0.01776	0.01034	0.00899	0.01967	0.04307	0.02485	0.01658	0.01840	0.03690	0.00632	0.00583	0.00124	0.00557	0.00509	0.00472	0.71893
63	0.00924	0.00660	0.00880	0.01056	0.01100	0.00616	0.00704	0.01056	0.01452	0.01936	0.04181	0.72848	0.05017	0.02376	0.00968	0.00308	0.00440	0.02156	0.00704	0.00616
64	0.01432	0.01348	0.02275	0.71520	0.05224	0.01685	0.02107	0.01938	0.01517	0.01938	0.01348	0.02022	0.01011	0.00758	0.00758	0.00253	0.01011	0.00674	0.00337	0.00843
65	0.00898	0.00762	0.00775	0.00787	0.01029	0.00639	0.00584	0.01087	0.01711	0.02042	0.07462	0.11459	0.64288	0.01950	0.00901	0.00259	0.00388	0.01636	0.00704	0.00639
66	0.01210	0.00998	0.01461	0.01388	0.01494	0.01250	0.01104	0.01458	0.01206	0.01775	0.01805	0.02690	0.01699	0.04732	0.55461	0.01025	0.17363	0.00780	0.00390	0.00711
67	0.01084	0.00813	0.01219	0.01219	0.01354	0.00948	0.00948	0.01354	0.01219	0.01761	0.02032	0.02980	0.01896	0.05689	0.70337	0.01219	0.02032	0.00813	0.00406	0.00677
68	0.01084	0.00813	0.01219	0.01219	0.01354	0.00948	0.00948	0.01354	0.01219	0.01761	0.02032	0.02980	0.01896	0.05689	0.70337	0.01219	0.02032	0.00813	0.00406	0.00677
69	0.01153	0.00803	0.00957	0.03917	0.01142	0.00802	0.00626	0.03344	0.01357	0.01780	0.06368	0.09719	0.11780	0.43535	0.02791	0.07013	0.00657	0.01190	0.00523	0.00542
70	0.01967	0.01845	0.02079	0.04666	0.02340	0.07741	0.07304	0.05940	0.47685	0.02943	0.02571	0.02511	0.01944	0.00969	0.00848	0.00254	0.03790	0.00807	0.00666	0.01129
71	0.04949	0.01687	0.02472	0.02061	0.02153	0.02259	0.07596	0.01899	0.01226	0.01949	0.01048	0.01677	0.01003	0.01237	0.02255	0.00321	0.62344	0.00675	0.00343	0.00847
72	0.02037	0.08385	0.02011	0.01536	0.01989	0.02018	0.01241	0.16180	0.41342	0.03313	0.07129	0.02633	0.02275	0.01017	0.00812	0.00244	0.03163	0.00809	0.00716	0.01151
73	0.01318	0.00659	0.00988	0.00988	0.00988	0.00659	0.00659	0.00988	0.00988	0.01318	0.01318	0.02306	0.01318	0.02635	0.02964	0.77931	0.00659	0.00659	0.00329	0.00329
74	0.01573	0.01348	0.01573	0.01123	0.01798	0.01011	0.00899	0.01910	0.01573	0.02472	0.01348	0.01573	0.01123	0.00562	0.00562	0.00112	0.00562	0.00449	0.00449	0.77980
75	0.01103	0.00735	0.00827	0.00827	0.00827	0.00735	0.00460	0.01103	0.01103	0.01471	0.02390	0.04964	0.02758	0.73343	0.03861	0.00735	0.00735	0.01103	0.00460	0.00460
76	0.78701	0.01467	0.01115	0.00997	0.01467	0.01702	0.00821	0.02230	0.01291	0.03403	0.01056	0.01232	0.00821	0.00704	0.00469	0.00235	0.00587	0.00411	0.00469	0.00821
77	0.01818	0.01886	0.02924	0.19068	0.27549	0.08243	0.12438	0.02246	0.01645	0.02192	0.01339	0.01858	0.01098	0.00795	0.01028	0.00250	0.11563	0.00692	0.00363	0.01005
78	0.33944	0.01663	0.07487	0.03774	0.01944	0.01599	0.01191	0.08903	0.08754	0.12254	0.04530	0.02417	0.03907	0.00932	0.00660	0.00244	0.00673	0.03531	0.00609	0.00984
79	0.01025	0.00753	0.00975	0.01061	0.01201	0.00702	0.00801	0.01274	0.01744	0.02325	0.21997	0.31204	0.14600	0.02026	0.00955	0.00291	0.00466	0.15197	0.00738	0.00664
80	0.01414	0.00707	0.00707	0.00707	0.00884	0.00707	0.00530	0.01767	0.01591	0.02828	0.02474	0.02828	0.01944	0.00884	0.00530	0.00177	0.00353	0.00707	0.77554	0.00707
81	0.00957	0.00683	0.00918	0.01093	0.01152	0.00644	0.00761	0.01113	0.01484	0.01973	0.04163	0.65816	0.04945	0.02346	0.00977	0.00313	0.00468	0.08867	0.00703	0.00625
82	0.00996	0.00698	0.00851	0.00943	0.00982	0.00667	0.00595	0.01078	0.01325	0.01751	0.03662	0.40611	0.08098	0.31700	0.02160	0.00481	0.00559	0.01685	0.00603	0.00553
83	0.01414	0.00707	0.00707	0.00707	0.00884	0.00707	0.00530	0.01767	0.01591	0.02828	0.02474	0.02828	0.01944	0.00884	0.00530	0.00177	0.00353	0.00707	0.77554	0.00707
84	0.01103	0.00735	0.00827	0.00827	0.00827	0.00735	0.00460	0.01103	0.01103	0.01471	0.02390	0.04964	0.02758	0.73343	0.03861	0.00735	0.00735	0.01103	0.00460	0.00460
85	0.01084	0.00813	0.01219	0.01219	0.01354	0.00948	0.00948	0.01354	0.01219	0.01761	0.02032	0.02980	0.01896	0.05689	0.70337	0.01219	0.02032	0.00813	0.00406	0.00677
86	0.00924	0.00660	0.00880	0.01056	0.01100	0.00616	0.00704	0.01056	0.01452	0.01936	0.04181	0.72848	0.05017	0.02376	0.00968	0.00308	0.00440	0.02156	0.00704	0.00616
87	0.01877	0.01802	0.03079	0.04656	0.68612	0.01802	0.02328	0.02328	0.01727	0.02478	0.01427	0.01877	0.01201	0.00676	0.00751	0.00225	0.00901	0.00676	0.00375	0.01201
88	0.01085	0.00807	0.01188	0.01188	0.01313	0.00931	0.00909	0.01335	0.01210	0.01738	0.02060	0.03137	0.01965	0.11055	0.65064	0.01181	0.01929	0.00836	0.00411	0.00660
89	0.00950	0.00671	0.00873	0.01024	0.01061	0.00633	0.00669	0.01063	0.01402	0.01870	0.03926	0.63179	0.04695	0.12484	0.01380	0.00369	0.00482	0.02006	0.00669	0.00594
90	0.02833	0.03615	0.02149	0.01954	0.02345	0.70298	0.01466	0.03029	0.02149	0.01856	0.01172	0.01368	0.00977	0.00782	0.00684	0.00195	0.01368	0.00489	0.00391	0.00879
91	0.01222	0.00873	0.01222	0.01397	0.01572	0.00873	0.01222	0.01572	0.01746	0.02270	0.04016	0.08556	0.04365	0.02095	0.01048	0.00349	0.00698	0.63506	0.00698	0.00698
92	0.01084	0.00813	0.01219	0.01219	0.01354	0.00948	0.00948	0.01354	0.01219	0.01761	0.02032	0.02980	0.01896	0.05689	0.70337	0.01219	0.02032	0.00813	0.00406	0.00677
93	0.03335	0.01306	0.01758	0.01358	0.01938	0.01149	0.01119	0.03711	0.05077	0.66191	0.02997	0.02593	0.01897	0.00943	0.00763	0.00236	0.00643	0.00767	0.00931	0.01287

[dist]
# distance from previous block
# <min> <max>
0	168

[block]
# block no. 2 follows, 26 sequences, length 56
# corresponding to MSA columns:
# 289-344
name=unknown_C
#
# <colnr> <probs for GDERKNQSTAVLIFYWHMCP>
#	G	D	E	R	K	N	Q	S	T	A	V	L	I	F	Y	W	H	M	C	P
0	0.10586	0.01563	0.01855	0.01436	0.02018	0.01551	0.01186	0.22650	0.02512	0.43028	0.02445	0.02217	0.01595	0.00907	0.00733	0.00233	0.00698	0.00704	0.00838	0.01245
1	0.00907	0.00769	0.00782	0.00779	0.01031	0.00645	0.00584	0.01108	0.01753	0.02106	0.11134	0.07207	0.64818	0.01900	0.00896	0.00255	0.00383	0.01588	0.00712	0.00645
2	0.05748	0.01052	0.01309	0.01149	0.01483	0.01002	0.00901	0.02392	0.07291	0.24512	0.24134	0.04438	0.06876	0.08093	0.01112	0.00295	0.00547	0.05953	0.00794	0.00920
3	0.01103	0.00735	0.00827	0.00827	0.00827	0.00735	0.00460	0.01103	0.01103	0.01471	0.02390	0.04964	0.02758	0.73343	0.03861	0.00735	0.00735	0.01103	0.00460	0.00460
4	0.00924	0.00660	0.00880	0.01056	0.01100	0.00616	0.00704	0.01056	0.01452	0.01936	0.04181	0.72848	0.05017	0.02376	0.00968	0.00308	0.00440	0.02156	0.00704	0.00616
5	0.01184	0.00880	0.01125	0.01100	0.01303	0.00863	0.00863	0.01718	0.08556	0.02903	0.49126	0.05950	0.06127	0.01606	0.00912	0.00262	0.00449	0.13511	0.00802	0.00761
6	0.01414	0.00707	0.00707	0.00707	0.00884	0.00707	0.00530	0.01767	0.01591	0.02828	0.02474	0.02828	0.01944	0.00884	0.00530	0.00177	0.00353	0.00707	0.77554	0.00707
7	0.00896	0.00768	0.00768	0.00768	0.01025	0.00640	0.00576	0.01089	0.01729	0.02049	0.07684	0.07300	0.68304	0.01921	0.00896	0.00256	0.00384	0.01601	0.00704	0.00640
8	0.02883	0.02125	0.02276	0.01745	0.02352	0.02352	0.01442	0.66082	0.03566	0.04780	0.01821	0.01821	0.01290	0.00911	0.00759	0.00228	0.00835	0.00683	0.00759	0.01290
9	0.01099	0.00785	0.00975	0.00978	0.01173	0.00711	0.00743	0.01375	0.01889	0.04805	0.33024	0.15949	0.23398	0.01810	0.00918	0.00265	0.00424	0.08212	0.00769	0.00698
10	0.01790	0.02046	0.04476	0.03197	0.03964	0.01918	0.65857	0.02430	0.01790	0.02430	0.01535	0.02046	0.01151	0.00639	0.00895	0.00256	0.01279	0.00895	0.00384	0.01023
11	0.01432	0.01348	0.02275	0.71520	0.05224	0.01685	0.02107	0.01938	0.01517	0.01938	0.01348	0.02022	0.01011	0.00758	0.00758	0.00253	0.01011	0.00674	0.00337	0.00843
12	0.01346	0.00729	0.00812	0.00812	0.00981	0.00757	0.00616	0.01682	0.01514	0.02608	0.02383	0.02859	0.01934	0.01872	0.14892	0.00391	0.00699	0.00729	0.61682	0.00701
13	0.07043	0.00983	0.01238	0.04200	0.01531	0.00926	0.00863	0.02063	0.01893	0.21526	0.25658	0.09386	0.11568	0.06494	0.01038	0.00280	0.00521	0.01166	0.00766	0.00858
14	0.01103	0.00735	0.00827	0.00827	0.00827	0.00735	0.00460	0.01103	0.01103	0.01471	0.02390	0.04964	0.02758	0.73343	0.03861	0.00735	0.00735	0.01103	0.00460	0.00460
15	0.00924	0.00660	0.00880	0.01056	0.01100	0.00616	0.00704	0.01056	0.01452	0.01936	0.04181	0.72848	0.05017	0.02376	0.00968	0.00308	0.00440	0.02156	0.00704	0.00616
16	0.01059	0.00809	0.01165	0.01341	0.04178	0.00769	0.03073	0.01273	0.01557	0.02057	0.04137	0.49352	0.08186	0.02157	0.00970	0.00309	0.00542	0.15713	0.00678	0.00675
17	0.02048	0.12158	0.02754	0.09646	0.16212	0.16663	0.04395	0.05469	0.01723	0.02144	0.01230	0.01642	0.01054	0.00875	0.01139	0.00241	0.18660	0.00605	0.00376	0.00969
18	0.01573	0.01348	0.01573	0.01123	0.01798	0.01011	0.00899	0.01910	0.01573	0.02472	0.01348	0.01573	0.01123	0.00562	0.00562	0.00112	0.00562	0.00449	0.00449	0.77980
19	0.01103	0.00735	0.00827	0.00827	0.00827	0.00735	0.00460	0.01103	0.01103	0.01471	0.02390	0.04964	0.02758	0.73343	0.03861	0.00735	0.00735	0.01103	0.00460	0.00460
20	0.01968	0.01195	0.01407	0.04398	0.01678	0.01284	0.00987	0.11597	0.10295	0.13336	0.02393	0.02649	0.01833	0.03712	0.07154	0.00325	0.03214	0.00751	0.28878	0.00946
21	0.03328	0.01308	0.01758	0.01359	0.01938	0.01153	0.01119	0.03713	0.05387	0.65877	0.02997	0.02594	0.01899	0.00943	0.00763	0.00236	0.00643	0.00767	0.00931	0.01286
22	0.01546	0.01464	0.02480	0.54474	0.21384	0.01715	0.02163	0.02037	0.01570	0.02076	0.01368	0.01985	0.01060	0.00737	0.00756	0.00246	0.00983	0.00675	0.00347	0.00934
23	0.04860	0.04662	0.02609	0.39392	0.18331	0.04529	0.06064	0.06448	0.01735	0.02328	0.01378	0.01887	0.01070	0.00737	0.00740	0.00239	0.00981	0.00660	0.00384	0.00968
24	0.01318	0.00659	0.00988	0.00988	0.00988	0.00659	0.00659	0.00988	0.00988	0.01318	0.01318	0.02306	0.01318	0.02635	0.02964	0.77931	0.00659	0.00659	0.00329	0.00329
25	0.01659	0.01453	0.02430	0.47002	0.22191	0.01658	0.02081	0.02132	0.01619	0.05926	0.01551	0.02229	0.01222	0.00790	0.00766	0.00247	0.00950	0.02738	0.00394	0.00961
26	0.01627	0.01472	0.02363	0.60157	0.04818	0.01777	0.04554	0.09911	0.01782	0.02310	0.01414	0.01998	0.01051	0.00772	0.00764	0.00250	0.01000	0.00684	0.00391	0.00905
27	0.01432	0.01348	0.02275	0.71520	0.05224	0.01685	0.02107	0.01938	0.01517	0.01938	0.01348	0.02022	0.01011	0.00758	0.00758	0.00253	0.01011	0.00674	0.00337	0.00843
28	0.01084	0.00809	0.01201	0.01201	0.01330	0.00938	0.00926	0.01343	0.01214	0.01747	0.02048	0.03071	0.01936	0.08813	0.67267	0.01197	0.01972	0.00826	0.00409	0.00667
29	0.02028	0.73799	0.03975	0.01298	0.01947	0.03001	0.01298	0.02271	0.01541	0.01785	0.01055	0.01217	0.00973	0.00649	0.00487	0.00162	0.00811	0.00406	0.00324	0.00973
30	0.00993	0.00717	0.00942	0.01024	0.01133	0.00667	0.00729	0.01221	0.01734	0.02365	0.27942	0.42284	0.08267	0.02040	0.00942	0.00282	0.00420	0.04886	0.00752	0.00658
31	0.01157	0.00898	0.01322	0.21333	0.02330	0.00971	0.01158	0.01460	0.01582	0.02148	0.09311	0.33173	0.03761	0.01687	0.00878	0.00281	0.00621	0.08881	0.06341	0.00707
32	0.00896	0.00768	0.00768	0.00768	0.01025	0.00640	0.00576	0.01089	0.01729	0.02049	0.07684	0.07300	0.68304	0.01921	0.00896	0.00256	0.00384	0.01601	0.00704	0.00640
33	0.02907	0.02086	0.02253	0.01727	0.02333	0.02296	0.01427	0.63230	0.03502	0.07723	0.01875	0.01856	0.01317	0.00912	0.00759	0.00228	0.00826	0.00687	0.00767	0.01290
34	0.01608	0.00988	0.01189	0.01083	0.01367	0.00933	0.00829	0.06447	0.04611	0.14591	0.18982	0.12227	0.19937	0.07307	0.01109	0.00295	0.00516	0.04389	0.00763	0.00830
35	0.01920	0.01116	0.01343	0.01175	0.01533	0.01085	0.00912	0.02614	0.16822	0.22564	0.18576	0.07156	0.14653	0.03892	0.00936	0.00265	0.00520	0.01135	0.00811	0.00972
36	0.01074	0.00775	0.01014	0.00954	0.01133	0.00716	0.00716	0.01431	0.02147	0.03042	0.68211	0.05666	0.07157	0.01551	0.00895	0.00239	0.00358	0.01372	0.00835	0.00716
37	0.01318	0.00659	0.00988	0.00988	0.00988	0.00659	0.00659	0.00988	0.00988	0.01318	0.01318	0.02306	0.01318	0.02635	0.02964	0.77931	0.00659	0.00659	0.00329	0.00329
38	0.01010	0.00728	0.00942	0.00979	0.01099	0.00675	0.00691	0.01253	0.01801	0.02483	0.37149	0.31856	0.08468	0.05979	0.01092	0.00295	0.00412	0.01671	0.00757	0.00659
39	0.01057	0.00762	0.00979	0.00946	0.01103	0.00706	0.00690	0.01362	0.01993	0.02792	0.55578	0.11307	0.08779	0.07235	0.01132	0.00284	0.00395	0.01425	0.00790	0.00685
40	0.01181	0.00799	0.01048	0.00973	0.01170	0.00734	0.00734	0.01536	0.02148	0.06094	0.65199	0.05523	0.06913	0.01522	0.00889	0.00238	0.00371	0.01344	0.00840	0.00742
41	0.58910	0.01561	0.01370	0.01156	0.01659	0.01755	0.00953	0.13067	0.01755	0.09820	0.01367	0.01458	0.00999	0.00761	0.00546	0.00234	0.00634	0.00489	0.00562	0.00944
42	0.01071	0.00727	0.00946	0.01039	0.01149	0.00672	0.00731	0.01258	0.01620	0.04933	0.14922	0.48330	0.09855	0.04621	0.01047	0.00307	0.00454	0.04931	0.00727	0.00661
43	0.14130	0.01060	0.01199	0.01015	0.01395	0.01026	0.00807	0.02588	0.01758	0.29541	0.02460	0.02571	0.01778	0.03874	0.00752	0.00232	0.00523	0.00700	0.31642	0.00949
44	0.01414	0.00707	0.00707	0.00707	0.00884	0.00707	0.00530	0.01767	0.01591	0.02828	0.02474	0.02828	0.01944	0.00884	0.00530	0.00177	0.00353	0.00707	0.77554	0.00707
45	0.02699	0.02011	0.02159	0.01695	0.02259	0.02229	0.01385	0.57126	0.09680	0.04497	0.02050	0.05094	0.01556	0.00988	0.00769	0.00234	0.00794	0.00766	0.00758	0.01251
46	0.01548	0.01320	0.01545	0.01115	0.01765	0.00996	0.00890	0.01886	0.01601	0.02500	0.04663	0.01776	0.01423	0.00611	0.00578	0.00119	0.00552	0.00495	0.00469	0.74149
47	0.01103	0.00735	0.00827	0.00827	0.00827	0.00735	0.00460	0.01103	0.01103	0.01471	0.02390	0.04964	0.02758	0.73343	0.03861	0.00735	0.00735	0.01103	0.00460	0.00460
48	0.00896	0.00768	0.00768	0.00768	0.01025	0.00640	0.00576	0.01089	0.01729	0.02049	0.07684	0.07300	0.68304	0.01921	0.00896	0.00256	0.00384	0.01601	0.00704	0.00640
49	0.00922	0.00669	0.00871	0.01033	0.01094	0.00618	0.00694	0.01059	0.01475	0.01945	0.04464	0.67537	0.10144	0.02339	0.00962	0.00304	0.00436	0.02111	0.00704	0.00618
50	0.01222	0.00873	0.01222	0.01397	0.01572	0.00873	0.01222	0.01572	0.01746	0.02270	0.04016	0.08556	0.04365	0.02095	0.01048	0.00349	0.00698	0.63506	0.00698	0.00698
51	0.01432	0.01348	0.02275	0.71520	0.05224	0.01685	0.02107	0.01938	0.01517	0.01938	0.01348	0.02022	0.01011	0.00758	0.00758	0.00253	0.01011	0.00674	0.00337	0.00843
52	0.02524	0.01830	0.01980	0.01574	0.02107	0.01986	0.01290	0.47889	0.07849	0.07406	0.02797	0.02870	0.10052	0.01092	0.00788	0.00238	0.00746	0.03044	0.00760	0.01180
53	0.02702	0.05496	0.02401	0.04940	0.07397	0.09240	0.01532	0.49245	0.03105	0.04052	0.01670	0.01760	0.01225	0.00861	0.00738	0.00222	0.00900	0.00650	0.00655	0.01208
54	0.07449	0.02242	0.05171	0.04710	0.02429	0.09681	0.01490	0.44432	0.02940	0.06714	0.01677	0.01759	0.01213	0.00886	0.00800	0.00231	0.03712	0.00641	0.00653	0.01171
55	0.08093	0.05085	0.04425	0.01663	0.02237	0.13705	0.01388	0.36500	0.04896	0.09754	0.01745	0.01766	0.01262	0.00853	0.00708	0.00219	0.00883	0.00621	0.00651	0.03545

[dist]
# distance from previous block
# <min> <max>
0	52

[block]
# block no. 3 follows, 26 sequences, length 56
# corresponding to MSA columns:
# 397-452
name=unknown_D
#
# <colnr> <probs for GDERKNQSTAVLIFYWHMCP>
#	G	D	E	R	K	N	Q	S	T	A	V	L	I	F	Y	W	H	M	C	P
0	0.02529	0.02159	0.05086	0.04229	0.02416	0.14958	0.05994	0.23450	0.02446	0.14253	0.01897	0.05312	0.01457	0.00890	0.00741	0.00217	0.00907	0.00714	0.00620	0.09726
1	0.05990	0.02140	0.04792	0.01919	0.07313	0.12180	0.03736	0.20461	0.22412	0.03260	0.02176	0.02193	0.03512	0.00900	0.00737	0.00230	0.00840	0.00716	0.00620	0.03873
2	0.07387	0.01996	0.02322	0.08209	0.14265	0.10815	0.06450	0.13382	0.21634	0.02998	0.01931	0.02068	0.01474	0.00840	0.00742	0.00237	0.00877	0.00705	0.00563	0.01104
3	0.13669	0.06918	0.06739	0.04808	0.02065	0.01671	0.01257	0.15192	0.08963	0.11628	0.07117	0.05178	0.02076	0.03363	0.00816	0.00250	0.00706	0.02848	0.00635	0.04101
4	0.36560	0.01823	0.04681	0.01380	0.01932	0.01925	0.01175	0.25028	0.09410	0.03780	0.01578	0.01649	0.01172	0.00808	0.00621	0.00230	0.00699	0.00565	0.00598	0.04387
5	0.01414	0.00707	0.00707	0.00707	0.00884	0.00707	0.00530	0.01767	0.01591	0.02828	0.02474	0.02828	0.01944	0.00884	0.00530	0.00177	0.00353	0.00707	0.77554	0.00707
6	0.01103	0.00735	0.00827	0.00827	0.00827	0.00735	0.00460	0.01103	0.01103	0.01471	0.02390	0.04964	0.02758	0.73343	0.03861	0.00735	0.00735	0.01103	0.00460	0.00460
7	0.01877	0.01802	0.03079	0.04656	0.68612	0.01802	0.02328	0.02328	0.01727	0.02478	0.01427	0.01877	0.01201	0.00676	0.00751	0.00225	0.00901	0.00676	0.00375	0.01201
8	0.02028	0.73799	0.03975	0.01298	0.01947	0.03001	0.01298	0.02271	0.01541	0.01785	0.01055	0.01217	0.00973	0.00649	0.00487	0.00162	0.00811	0.00406	0.00324	0.00973
9	0.00924	0.00660	0.00880	0.01056	0.01100	0.00616	0.00704	0.01056	0.01452	0.01936	0.04181	0.72848	0.05017	0.02376	0.00968	0.00308	0.00440	0.02156	0.00704	0.00616
10	0.01573	0.01348	0.01573	0.01123	0.01798	0.01011	0.00899	0.01910	0.01573	0.02472	0.01348	0.01573	0.01123	0.00562	0.00562	0.00112	0.00562	0.00449	0.00449	0.77980
11	0.01342	0.01046	0.01280	0.01337	0.01586	0.01092	0.01115	0.02121	0.18177	0.02499	0.06810	0.06847	0.12012	0.01784	0.00953	0.00310	0.00621	0.37527	0.00723	0.00818
12	0.01432	0.01348	0.02275	0.71520	0.05224	0.01685	0.02107	0.01938	0.01517	0.01938	0.01348	0.02022	0.01011	0.00758	0.00758	0.00253	0.01011	0.00674	0.00337	0.00843
13	0.01747	0.01662	0.02734	0.16032	0.44148	0.01831	0.02120	0.02157	0.01592	0.02286	0.01376	0.01898	0.01158	0.00804	0.01030	0.00246	0.12567	0.00675	0.02876	0.01060
14	0.00993	0.00736	0.00939	0.01005	0.01137	0.00664	0.00704	0.01198	0.01662	0.02255	0.20599	0.45630	0.11668	0.02028	0.00921	0.00275	0.00420	0.01814	0.00724	0.04628
15	0.05080	0.07481	0.04945	0.01625	0.04330	0.07985	0.01330	0.28958	0.02453	0.03363	0.01501	0.01630	0.01154	0.00750	0.00659	0.00185	0.00802	0.00558	0.00557	0.24654
16	0.01065	0.00811	0.01125	0.01135	0.01283	0.00741	0.03644	0.01262	0.01547	0.02118	0.12097	0.46306	0.04562	0.08562	0.01189	0.00320	0.00513	0.03786	0.00662	0.07271
17	0.10436	0.01650	0.02029	0.09474	0.02405	0.01814	0.04456	0.23870	0.02142	0.03146	0.01519	0.01921	0.01228	0.04507	0.03689	0.00287	0.09682	0.00644	0.00526	0.14576
18	0.01282	0.01061	0.01594	0.01575	0.04372	0.01055	0.08909	0.04054	0.08562	0.02339	0.06279	0.41144	0.03985	0.01831	0.00928	0.00292	0.00619	0.08663	0.00666	0.00790
19	0.06012	0.01312	0.01638	0.01341	0.01828	0.01261	0.01086	0.07736	0.10573	0.41900	0.08545	0.06355	0.02541	0.01101	0.00782	0.00245	0.00618	0.03114	0.00855	0.01156
20	0.01178	0.00808	0.00973	0.00917	0.01152	0.00714	0.00693	0.01460	0.01967	0.07630	0.38211	0.08241	0.29903	0.01672	0.00888	0.00247	0.00392	0.01438	0.00789	0.00727
21	0.02193	0.01558	0.01727	0.01444	0.01925	0.01653	0.01147	0.17894	0.29341	0.13053	0.03056	0.06174	0.07243	0.01086	0.00770	0.00238	0.00634	0.00892	0.00759	0.07212
22	0.01138	0.00831	0.01113	0.01263	0.01433	0.00807	0.01063	0.01437	0.01707	0.02196	0.04572	0.16381	0.13787	0.02105	0.01016	0.00330	0.00620	0.46821	0.00700	0.00680
23	0.01106	0.00821	0.01068	0.01183	0.01365	0.00782	0.00982	0.01400	0.01747	0.02249	0.10034	0.13919	0.19675	0.02036	0.00993	0.00315	0.00574	0.38361	0.00711	0.00679
24	0.05010	0.01370	0.01565	0.01329	0.01750	0.01433	0.01054	0.11569	0.23082	0.17740	0.18674	0.03474	0.06355	0.01149	0.00792	0.00243	0.00573	0.00955	0.00807	0.01075
25	0.03547	0.00825	0.00988	0.01001	0.01116	0.00803	0.00672	0.03302	0.01445	0.07629	0.03297	0.28631	0.06249	0.32487	0.02167	0.00479	0.00606	0.03505	0.00614	0.00637
26	0.13419	0.01466	0.01571	0.01289	0.01771	0.07456	0.01036	0.05596	0.02005	0.40899	0.02519	0.05899	0.01795	0.00959	0.00701	0.00229	0.00669	0.00752	0.08878	0.01092
27	0.01521	0.03923	0.69413	0.02162	0.03283	0.01762	0.02802	0.02402	0.01601	0.02402	0.01361	0.01601	0.00961	0.00721	0.00721	0.00240	0.01121	0.00560	0.00320	0.01121
28	0.01072	0.00708	0.00946	0.01074	0.01160	0.00657	0.00742	0.01236	0.01551	0.05492	0.09037	0.62139	0.05000	0.02230	0.00954	0.00300	0.00452	0.03862	0.00726	0.00661
29	0.01162	0.00774	0.00895	0.00909	0.00967	0.00771	0.00571	0.03776	0.01372	0.01902	0.05923	0.19375	0.03326	0.45078	0.02667	0.00548	0.00623	0.01291	0.07509	0.00561
30	0.78701	0.01467	0.01115	0.00997	0.01467	0.01702	0.00821	0.02230	0.01291	0.03403	0.01056	0.01232	0.00821	0.00704	0.00469	0.00235	0.00587	0.00411	0.00469	0.00821
31	0.01103	0.00735	0.00827	0.00827	0.00827	0.00735	0.00460	0.01103	0.01103	0.01471	0.02390	0.04964	0.02758	0.73343	0.03861	0.00735	0.00735	0.01103	0.00460	0.00460
32	0.01002	0.00728	0.00933	0.00973	0.01098	0.00671	0.00689	0.01242	0.01795	0.02459	0.35274	0.32128	0.11184	0.04973	0.01050	0.00289	0.00408	0.01687	0.00757	0.00659
33	0.10553	0.00907	0.00922	0.00923	0.01177	0.00874	0.00689	0.01485	0.07168	0.02329	0.08275	0.18322	0.40182	0.01766	0.00847	0.00263	0.00437	0.01486	0.00686	0.00708
34	0.01573	0.01348	0.01573	0.01123	0.01798	0.01011	0.00899	0.01910	0.01573	0.02472	0.01348	0.01573	0.01123	0.00562	0.00562	0.00112	0.00562	0.00449	0.00449	0.77980
35	0.00936	0.00665	0.00876	0.01040	0.01081	0.00624	0.00687	0.01059	0.01428	0.01904	0.04057	0.68176	0.04861	0.07260	0.01167	0.00337	0.00460	0.02084	0.00687	0.00605
36	0.05416	0.01223	0.01471	0.01237	0.01675	0.01174	0.00989	0.05148	0.12181	0.33316	0.05925	0.03875	0.14344	0.04723	0.00944	0.00271	0.00592	0.03632	0.00808	0.01054
37	0.01357	0.00775	0.00848	0.00817	0.01042	0.00716	0.00617	0.01651	0.01733	0.07611	0.11798	0.07422	0.21480	0.01324	0.00713	0.00217	0.00389	0.01105	0.37657	0.00729
38	0.00913	0.00774	0.00792	0.00801	0.01053	0.00652	0.00610	0.01113	0.01730	0.02060	0.07495	0.07364	0.65011	0.01930	0.00904	0.00261	0.00400	0.04789	0.00704	0.00643
39	0.23810	0.01563	0.01589	0.01309	0.01781	0.01694	0.01057	0.26812	0.04495	0.10821	0.02390	0.05300	0.06881	0.03415	0.00793	0.00252	0.00663	0.00771	0.03579	0.01026
40	0.01123	0.00809	0.01100	0.01098	0.01201	0.00892	0.00794	0.01366	0.03792	0.01778	0.04968	0.06415	0.02464	0.23329	0.41091	0.04299	0.01433	0.00964	0.00461	0.00623
41	0.02037	0.01329	0.01395	0.01170	0.01534	0.01434	0.00934	0.28224	0.05350	0.03643	0.02234	0.02415	0.01693	0.00901	0.00635	0.00201	0.00562	0.00704	0.42635	0.00968
42	0.02688	0.02071	0.02128	0.01683	0.02238	0.05533	0.01371	0.52229	0.11503	0.04346	0.01980	0.01972	0.01434	0.00918	0.00747	0.00228	0.00809	0.00697	0.04193	0.01232
43	0.01112	0.00768	0.00951	0.00955	0.01105	0.00740	0.00685	0.01292	0.01525	0.04239	0.12241	0.14634	0.20931	0.13763	0.14976	0.03539	0.00783	0.01318	0.03803	0.00638
44	0.01325	0.01157	0.01828	0.46321	0.03750	0.01397	0.01614	0.01693	0.01448	0.01920	0.01948	0.13682	0.01882	0.09000	0.01200	0.00315	0.04049	0.00959	0.03756	0.00758
45	0.00947	0.00806	0.00820	0.00810	0.01070	0.00697	0.00609	0.01230	0.04565	0.02140	0.10073	0.07038	0.62851	0.01867	0.00891	0.00255	0.00392	0.01559	0.00713	0.00668
46	0.02248	0.01273	0.04799	0.04180	0.01854	0.01101	0.01114	0.05360	0.04207	0.32138	0.15294	0.03998	0.08099	0.04928	0.00977	0.00273	0.00626	0.05726	0.00790	0.01016
47	0.01645	0.01458	0.02023	0.19333	0.02719	0.07341	0.08475	0.04234	0.01535	0.02066	0.01559	0.02340	0.01348	0.01294	0.01463	0.16148	0.11502	0.03385	0.09380	0.00753
48	0.02883	0.02125	0.02276	0.01745	0.02352	0.02352	0.01442	0.66082	0.03566	0.04780	0.01821	0.01821	0.01290	0.00911	0.00759	0.00228	0.00835	0.00683	0.00759	0.01290
49	0.00947	0.00674	0.00894	0.01062	0.01110	0.00634	0.00718	0.01084	0.01450	0.01930	0.04087	0.66452	0.04876	0.05771	0.01111	0.00331	0.00467	0.05098	0.00692	0.00613
50	0.01838	0.01922	0.02416	0.28213	0.16516	0.15598	0.06245	0.02379	0.06851	0.02134	0.01547	0.02078	0.01259	0.03713	0.03885	0.00296	0.01082	0.00689	0.00401	0.00940
51	0.01698	0.02036	0.09470	0.08172	0.08435	0.01895	0.39040	0.02247	0.01644	0.02287	0.01505	0.04295	0.01233	0.00818	0.01097	0.00265	0.11656	0.00840	0.00377	0.00989
52	0.04408	0.01575	0.02373	0.20824	0.24650	0.01699	0.04190	0.11346	0.04473	0.05479	0.04159	0.02262	0.01536	0.03711	0.00873	0.00255	0.00853	0.00731	0.03567	0.01037
53	0.05072	0.05266	0.08389	0.02367	0.07911	0.13441	0.20896	0.07392	0.04038	0.02536	0.03858	0.01894	0.01344	0.00786	0.00873	0.00229	0.06032	0.00694	0.00439	0.06544
54	0.01796	0.07897	0.07876	0.07295	0.08075	0.06945	0.08601	0.04630	0.15919	0.04445	0.04998	0.05504	0.08230	0.00996	0.00765	0.00235	0.00824	0.00862	0.00545	0.03563
55	0.04792	0.01966	0.11854	0.10162	0.05630	0.01628	0.26220	0.04859	0.01775	0.07121	0.01810	0.02134	0.03594	0.00744	0.00769	0.00229	0.00979	0.00748	0.02979	0.10005

[dist]
# distance from previous block
# <min> <max>
3	47

[block]
# block no. 4 follows, 26 sequences, length 82
# corresponding to MSA columns:
# 507-588
name=unknown_E
#
# <colnr> <probs for GDERKNQSTAVLIFYWHMCP>
#	G	D	E	R	K	N	Q	S	T	A	V	L	I	F	Y	W	H	M	C	P
0	0.26619	0.08268	0.01989	0.03967	0.04487	0.12944	0.01249	0.16581	0.05316	0.09611	0.01555	0.01643	0.01159	0.00797	0.00632	0.00222	0.00819	0.00557	0.00560	0.01026
1	0.01794	0.31198	0.38054	0.01779	0.02665	0.02279	0.02087	0.05168	0.04335	0.02294	0.01331	0.01510	0.01035	0.00713	0.00632	0.00210	0.00966	0.00517	0.00359	0.01074
2	0.01846	0.01731	0.02762	0.03974	0.54487	0.01772	0.02070	0.02581	0.12907	0.02620	0.04450	0.02195	0.01636	0.00772	0.00760	0.00231	0.00828	0.00735	0.00462	0.01181
3	0.01548	0.01644	0.05764	0.49730	0.12143	0.04512	0.06388	0.02048	0.01599	0.02059	0.01637	0.02187	0.03946	0.00790	0.00768	0.00247	0.01009	0.00716	0.00362	0.00903
4	0.01527	0.01444	0.02445	0.57339	0.18668	0.01710	0.02153	0.02021	0.01561	0.02053	0.01365	0.01992	0.01051	0.00741	0.00757	0.00247	0.00988	0.00674	0.00345	0.00919
5	0.03403	0.01291	0.01760	0.01350	0.01936	0.01115	0.01115	0.03697	0.02171	0.69137	0.02992	0.02582	0.01878	0.00939	0.00763	0.00235	0.00645	0.00763	0.00939	0.01291
6	0.00924	0.00660	0.00880	0.01056	0.01100	0.00616	0.00704	0.01056	0.01452	0.01936	0.04181	0.72848	0.05017	0.02376	0.00968	0.00308	0.00440	0.02156	0.00704	0.00616
7	0.01486	0.01436	0.02530	0.62045	0.07433	0.01713	0.08653	0.02003	0.01553	0.02008	0.01370	0.02019	0.01032	0.00743	0.00772	0.00252	0.01035	0.00697	0.00343	0.00874
8	0.01194	0.00853	0.01190	0.01365	0.01527	0.00849	0.01174	0.01523	0.01719	0.02239	0.04031	0.14565	0.04426	0.02122	0.01040	0.00345	0.00674	0.57773	0.00699	0.00691
9	0.01074	0.00775	0.01014	0.00954	0.01133	0.00716	0.00716	0.01431	0.02147	0.03042	0.68211	0.05666	0.07157	0.01551	0.00895	0.00239	0.00358	0.01372	0.00835	0.00716
10	0.01031	0.00792	0.01139	0.13116	0.01825	0.00814	0.00963	0.01247	0.01514	0.02012	0.07371	0.54533	0.04431	0.02042	0.00931	0.00296	0.00542	0.04089	0.00649	0.00664
11	0.08966	0.01568	0.01713	0.01405	0.01840	0.01692	0.01140	0.36317	0.02816	0.03973	0.23392	0.03341	0.03299	0.01157	0.00791	0.00238	0.00651	0.03912	0.00755	0.01033
12	0.01414	0.00707	0.00707	0.00707	0.00884	0.00707	0.00530	0.01767	0.01591	0.02828	0.02474	0.02828	0.01944	0.00884	0.00530	0.00177	0.00353	0.00707	0.77554	0.00707
13	0.02266	0.01586	0.01755	0.01478	0.01925	0.01737	0.01168	0.21909	0.29029	0.12386	0.02642	0.05039	0.02044	0.05327	0.03136	0.00302	0.00714	0.00845	0.03571	0.01142
14	0.28604	0.01268	0.01370	0.01144	0.01598	0.01276	0.00916	0.02745	0.04937	0.30995	0.05703	0.02744	0.05682	0.06754	0.00925	0.00277	0.00602	0.00752	0.00713	0.00994
15	0.00990	0.00711	0.00939	0.01011	0.01115	0.00660	0.00709	0.01221	0.01758	0.02423	0.32352	0.43290	0.05958	0.02013	0.00936	0.00277	0.00404	0.01811	0.00762	0.00660
16	0.01103	0.00735	0.00827	0.00827	0.00827	0.00735	0.00460	0.01103	0.01103	0.01471	0.02390	0.04964	0.02758	0.73343	0.03861	0.00735	0.00735	0.01103	0.00460	0.00460
17	0.00949	0.00668	0.00896	0.01066	0.01114	0.00627	0.00722	0.01073	0.01447	0.01927	0.04076	0.68062	0.04865	0.02375	0.01040	0.02985	0.00457	0.04351	0.00691	0.00609
18	0.01054	0.00721	0.00864	0.00902	0.00936	0.00702	0.00554	0.01133	0.01324	0.01788	0.11170	0.22358	0.03890	0.46173	0.02748	0.00564	0.00612	0.01406	0.00569	0.00532
19	0.01414	0.00707	0.00707	0.00707	0.00884	0.00707	0.00530	0.01767	0.01591	0.02828	0.02474	0.02828	0.01944	0.00884	0.00530	0.00177	0.00353	0.00707	0.77554	0.00707
20	0.01103	0.00735	0.00827	0.00827	0.00827	0.00735	0.00460	0.01103	0.01103	0.01471	0.02390	0.04964	0.02758	0.73343	0.03861	0.00735	0.00735	0.01103	0.00460	0.00460
21	0.06685	0.01304	0.01694	0.01332	0.01883	0.01187	0.01091	0.03557	0.07375	0.57904	0.05727	0.02672	0.02092	0.00962	0.00756	0.00237	0.00627	0.00780	0.00899	0.01237
22	0.01573	0.01348	0.01573	0.01123	0.01798	0.01011	0.00899	0.01910	0.01573	0.02472	0.01348	0.01573	0.01123	0.00562	0.00562	0.00112	0.00562	0.00449	0.00449	0.77980
23	0.01084	0.00813	0.01219	0.01219	0.01354	0.00948	0.00948	0.01354	0.01219	0.01761	0.02032	0.02980	0.01896	0.05689	0.70337	0.01219	0.02032	0.00813	0.00406	0.00677
