[name]
unknown

[dist]
# distance from previous block
# <min> <max>
0	17

[block]
# block no. 0 follows, 26 sequences, length 39
# corresponding to MSA columns:
# 17-55
name=unknown_A
#
# <colnr> <probs for GDERKNQSTAVLIFYWHMCP>
#	G	D	E	R	K	N	Q	S	T	A	V	L	I	F	Y	W	H	M	C	P
0	0.01222	0.00873	0.01222	0.01397	0.01572	0.00873	0.01222	0.01572	0.01746	0.02270	0.04016	0.08556	0.04365	0.02095	0.01048	0.00349	0.00698	0.63506	0.00698	0.00698
1	0.01822	0.01746	0.02979	0.12925	0.60772	0.01788	0.02300	0.02280	0.01701	0.02411	0.01417	0.01895	0.01178	0.00686	0.00752	0.00229	0.00915	0.00676	0.00371	0.01157
2	0.00924	0.00660	0.00880	0.01056	0.01100	0.00616	0.00704	0.01056	0.01452	0.01936	0.04181	0.72848	0.05017	0.02376	0.00968	0.00308	0.00440	0.02156	0.00704	0.00616
3	0.01783	0.02023	0.04348	0.03126	0.03847	0.01942	0.62056	0.02394	0.01753	0.02394	0.01503	0.02023	0.01142	0.00680	0.00990	0.00260	0.05463	0.00881	0.00381	0.01012
4	0.01414	0.00707	0.00707	0.00707	0.00884	0.00707	0.00530	0.01767	0.01591	0.02828	0.02474	0.02828	0.01944	0.00884	0.00530	0.00177	0.00353	0.00707	0.77554	0.00707
5	0.01983	0.67601	0.09780	0.01375	0.02065	0.02891	0.01431	0.02283	0.01547	0.01839	0.01082	0.01251	0.00972	0.00655	0.00507	0.00169	0.00839	0.00419	0.00324	0.00986
6	0.01190	0.00801	0.01051	0.00974	0.01173	0.00736	0.00736	0.01545	0.02148	0.06354	0.64943	0.05511	0.06892	0.01520	0.00888	0.00238	0.00372	0.01341	0.00840	0.00745
7	0.01521	0.03923	0.69413	0.02162	0.03283	0.01762	0.02802	0.02402	0.01601	0.02402	0.01361	0.01601	0.00961	0.00721	0.00721	0.00240	0.01121	0.00560	0.00320	0.01121
8	0.01074	0.00775	0.01014	0.00954	0.01133	0.00716	0.00716	0.01431	0.02147	0.03042	0.68211	0.05666	0.07157	0.01551	0.00895	0.00239	0.00358	0.01372	0.00835	0.00716
9	0.01103	0.00784	0.00964	0.00926	0.01132	0.00702	0.00691	0.01395	0.01977	0.05255	0.43773	0.11258	0.23842	0.01695	0.00896	0.00249	0.00383	0.01473	0.00792	0.00709
10	0.02789	0.03372	0.02171	0.01933	0.02331	0.60112	0.01471	0.09745	0.02259	0.02169	0.01235	0.01429	0.01011	0.00819	0.00769	0.00205	0.04316	0.00517	0.00428	0.00921
11	0.01432	0.01348	0.02275	0.71520	0.05224	0.01685	0.02107	0.01938	0.01517	0.01938	0.01348	0.02022	0.01011	0.00758	0.00758	0.00253	0.01011	0.00674	0.00337	0.00843
12	0.01402	0.00935	0.01351	0.01415	0.01641	0.00907	0.03578	0.01736	0.01763	0.08084	0.03967	0.12429	0.06197	0.01954	0.01006	0.00330	0.00686	0.49158	0.00708	0.00754
13	0.00924	0.00660	0.00880	0.01056	0.01100	0.00616	0.00704	0.01056	0.01452	0.01936	0.04181	0.72848	0.05017	0.02376	0.00968	0.00308	0.00440	0.02156	0.00704	0.00616
14	0.01573	0.01348	0.01573	0.01123	0.01798	0.01011	0.00899	0.01910	0.01573	0.02472	0.01348	0.01573	0.01123	0.00562	0.00562	0.00112	0.00562	0.00449	0.00449	0.77980
15	0.02281	0.01825	0.01937	0.01623	0.02123	0.02071	0.01296	0.28584	0.42045	0.03809	0.02586	0.02431	0.01910	0.00982	0.00767	0.00246	0.00693	0.00788	0.00767	0.01236
16	0.01112	0.00747	0.00917	0.00933	0.01003	0.00773	0.00621	0.01244	0.01247	0.01772	0.02669	0.10210	0.05188	0.38031	0.20434	0.00739	0.00988	0.01091	0.09713	0.00567
17	0.78701	0.01467	0.01115	0.00997	0.01467	0.01702	0.00821	0.02230	0.01291	0.03403	0.01056	0.01232	0.00821	0.00704	0.00469	0.00235	0.00587	0.00411	0.00469	0.00821
18	0.01078	0.00784	0.01045	0.01177	0.01318	0.00750	0.00937	0.01343	0.01694	0.02225	0.11446	0.28819	0.11137	0.02109	0.00991	0.00315	0.00547	0.30902	0.00716	0.00668
19	0.01773	0.01696	0.02890	0.20338	0.53745	0.01775	0.02276	0.02236	0.01678	0.02351	0.01408	0.01911	0.01157	0.00695	0.00753	0.00232	0.00927	0.00675	0.00366	0.01117
20	0.08191	0.02365	0.02170	0.01733	0.02289	0.15376	0.01403	0.49476	0.03134	0.04121	0.01643	0.01693	0.01197	0.00871	0.00724	0.00222	0.00920	0.00626	0.00668	0.01178
21	0.01567	0.01469	0.02397	0.51212	0.18398	0.01728	0.02074	0.02204	0.07301	0.02161	0.01517	0.02062	0.01165	0.00764	0.00758	0.00247	0.00952	0.00690	0.00383	0.00950
22	0.78701	0.01467	0.01115	0.00997	0.01467	0.01702	0.00821	0.02230	0.01291	0.03403	0.01056	0.01232	0.00821	0.00704	0.00469	0.00235	0.00587	0.00411	0.00469	0.00821
23	0.01739	0.01661	0.02828	0.25489	0.48862	0.01766	0.02259	0.02206	0.01662	0.02310	0.01402	0.01922	0.01142	0.00702	0.00753	0.00234	0.00935	0.00675	0.00363	0.01090
24	0.65751	0.01579	0.01313	0.01125	0.01618	0.01813	0.00927	0.13136	0.01680	0.03638	0.01187	0.01333	0.00901	0.00739	0.00519	0.00233	0.00629	0.00457	0.00519	0.00901
25	0.02196	0.01563	0.01810	0.07607	0.02243	0.01724	0.01266	0.14937	0.33508	0.13815	0.08679	0.02796	0.02389	0.01017	0.00778	0.00246	0.00664	0.00842	0.00764	0.01155
26	0.01432	0.01348	0.02275	0.71520	0.05224	0.01685	0.02107	0.01938	0.01517	0.01938	0.01348	0.02022	0.01011	0.00758	0.00758	0.00253	0.01011	0.00674	0.00337	0.00843
27	0.03403	0.01291	0.01760	0.01350	0.01936	0.01115	0.01115	0.03697	0.02171	0.69137	0.02992	0.02582	0.01878	0.00939	0.00763	0.00235	0.00645	0.00763	0.00939	0.01291
28	0.01066	0.00769	0.01010	0.00980	0.01147	0.00713	0.00733	0.01404	0.02072	0.02917	0.60244	0.11640	0.06867	0.01643	0.00907	0.00249	0.00378	0.03739	0.00818	0.00706
29	0.00944	0.00680	0.00895	0.01031	0.01102	0.00631	0.00701	0.01110	0.01561	0.02097	0.13369	0.60863	0.07717	0.02242	0.00955	0.00296	0.00426	0.02024	0.00723	0.00631
30	0.02883	0.02125	0.02276	0.01745	0.02352	0.02352	0.01442	0.66082	0.03566	0.04780	0.01821	0.01821	0.01290	0.00911	0.00759	0.00228	0.00835	0.00683	0.00759	0.01290
31	0.00896	0.00768	0.00768	0.00768	0.01025	0.00640	0.00576	0.01089	0.01729	0.02049	0.07684	0.07300	0.68304	0.01921	0.00896	0.00256	0.00384	0.01601	0.00704	0.00640
32	0.78701	0.01467	0.01115	0.00997	0.01467	0.01702	0.00821	0.02230	0.01291	0.03403	0.01056	0.01232	0.00821	0.00704	0.00469	0.00235	0.00587	0.00411	0.00469	0.00821
33	0.01806	0.01763	0.02672	0.23551	0.40545	0.05831	0.02114	0.02405	0.07413	0.02346	0.01534	0.01972	0.01230	0.00737	0.00751	0.00234	0.00934	0.00680	0.00400	0.01079
34	0.01652	0.01633	0.02261	0.01919	0.01975	0.02214	0.01596	0.01832	0.01196	0.01879	0.01025	0.01652	0.01006	0.01264	0.02328	0.00314	0.65996	0.00646	0.00342	0.07269
35	0.01345	0.01112	0.06808	0.01184	0.01456	0.00875	0.00970	0.04068	0.01823	0.08305	0.22132	0.33802	0.04701	0.01735	0.00886	0.00266	0.00519	0.03366	0.00722	0.03926
36	0.01978	0.67752	0.03833	0.07159	0.02220	0.02891	0.01365	0.02243	0.01539	0.01797	0.01079	0.01284	0.00977	0.00658	0.00509	0.00170	0.00828	0.00428	0.00326	0.00962
37	0.01790	0.01920	0.08511	0.13134	0.54924	0.01784	0.02339	0.02283	0.01689	0.02402	0.01411	0.01873	0.01157	0.00690	0.00749	0.00230	0.00934	0.00666	0.00366	0.01148
38	0.02102	0.01742	0.01986	0.07620	0.06286	0.01984	0.01404	0.19581	0.41636	0.03439	0.02521	0.02449	0.01879	0.00955	0.00766	0.00247	0.00712	0.00787	0.00709	0.01194

[dist]
# distance from previous block
# <min> <max>
0	14

[block]
# block no. 1 follows, 26 sequences, length 77
# corresponding to MSA columns:
# 70-146
name=unknown_B
#
# <colnr> <probs for GDERKNQSTAVLIFYWHMCP>
#	G	D	E	R	K	N	Q	S	T	A	V	L	I	F	Y	W	H	M	C	P
0	0.07727	0.01847	0.01900	0.01571	0.02078	0.04091	0.01262	0.30333	0.28390	0.07028	0.02324	0.02231	0.01700	0.00940	0.00735	0.00238	0.00718	0.00732	0.02964	0.01193
1	0.01906	0.01944	0.03608	0.02719	0.05149	0.01969	0.41581	0.10237	0.05655	0.02692	0.01582	0.01989	0.01216	0.00774	0.01040	0.00253	0.09529	0.00811	0.00449	0.04897
2	0.06955	0.01333	0.02041	0.55332	0.04362	0.01610	0.01823	0.05092	0.01648	0.02248	0.05165	0.02445	0.05168	0.00869	0.00753	0.00250	0.00903	0.00745	0.00414	0.00845
3	0.06430	0.02105	0.02274	0.01794	0.02326	0.11168	0.07789	0.35018	0.05309	0.08553	0.01811	0.01901	0.01321	0.00876	0.00799	0.00229	0.03478	0.00678	0.05010	0.01132
4	0.17020	0.02637	0.01862	0.01647	0.02050	0.37565	0.01276	0.10553	0.04944	0.02604	0.01602	0.01755	0.03745	0.00870	0.00754	0.00218	0.04696	0.00574	0.02710	0.00916
5	0.01018	0.00793	0.00935	0.00896	0.01121	0.00693	0.00669	0.01293	0.01903	0.02541	0.36300	0.10890	0.30960	0.01707	0.00884	0.00244	0.00384	0.01472	0.00755	0.04543
6	0.01126	0.00869	0.01279	0.01255	0.01374	0.01036	0.00975	0.01376	0.01209	0.01751	0.01975	0.02982	0.01874	0.08662	0.62282	0.01132	0.06945	0.00816	0.00404	0.00678
7	0.01048	0.00749	0.01023	0.01198	0.01296	0.00723	0.00920	0.01271	0.01575	0.02075	0.04112	0.46069	0.04745	0.02259	0.01001	0.00325	0.00548	0.27709	0.00702	0.00650
8	0.01109	0.00792	0.01092	0.01268	0.01393	0.00776	0.01026	0.01376	0.01635	0.02143	0.04078	0.32944	0.04612	0.02202	0.01018	0.00334	0.00600	0.40234	0.00701	0.00667
9	0.00911	0.00769	0.00789	0.00784	0.01034	0.00647	0.00588	0.01117	0.01764	0.02132	0.12751	0.07163	0.63185	0.01890	0.00896	0.00255	0.00382	0.01582	0.00715	0.00647
10	0.01414	0.00707	0.00707	0.00707	0.00884	0.00707	0.00530	0.01767	0.01591	0.02828	0.02474	0.02828	0.01944	0.00884	0.00530	0.00177	0.00353	0.00707	0.77554	0.00707
11	0.01887	0.01629	0.01715	0.01544	0.01972	0.01887	0.01201	0.04031	0.67241	0.03173	0.03087	0.02830	0.02315	0.01029	0.00772	0.00257	0.00600	0.00858	0.00772	0.01201
12	0.07060	0.01348	0.01802	0.01403	0.01960	0.01231	0.03222	0.07868	0.02171	0.55142	0.02829	0.06449	0.01937	0.00997	0.00763	0.00239	0.00665	0.00823	0.00870	0.01219
13	0.01775	0.01698	0.02894	0.20025	0.54042	0.01775	0.02277	0.02238	0.01679	0.02354	0.01409	0.01911	0.01158	0.00695	0.00753	0.00232	0.00926	0.00675	0.00367	0.01119
14	0.02028	0.73799	0.03975	0.01298	0.01947	0.03001	0.01298	0.02271	0.01541	0.01785	0.01055	0.01217	0.00973	0.00649	0.00487	0.00162	0.00811	0.00406	0.00324	0.00973
15	0.01481	0.01398	0.02362	0.64253	0.12113	0.01698	0.02131	0.01980	0.01540	0.01997	0.01357	0.02006	0.01032	0.00749	0.00758	0.00250	0.00999	0.00674	0.00341	0.00882
16	0.02937	0.01504	0.01827	0.01459	0.02009	0.01500	0.01186	0.13247	0.19016	0.42511	0.02839	0.02530	0.01900	0.00958	0.00764	0.00239	0.00663	0.00775	0.00869	0.01268
17	0.78701	0.01467	0.01115	0.00997	0.01467	0.01702	0.00821	0.02230	0.01291	0.03403	0.01056	0.01232	0.00821	0.00704	0.00469	0.00235	0.00587	0.00411	0.00469	0.00821
18	0.02841	0.01930	0.02124	0.01657	0.02238	0.02097	0.01359	0.48356	0.11332	0.14835	0.02167	0.02069	0.01512	0.00930	0.00761	0.00232	0.00775	0.00718	0.00789	0.01279
19	0.01839	0.01764	0.03010	0.10340	0.63222	0.01792	0.02309	0.02295	0.01709	0.02432	0.01420	0.01890	0.01185	0.00683	0.00752	0.00228	0.00910	0.00676	0.00372	0.01171
20	0.01084	0.00813	0.01219	0.01219	0.01354	0.00948	0.00948	0.01354	0.01219	0.01761	0.02032	0.02980	0.01896	0.05689	0.70337	0.01219	0.02032	0.00813	0.00406	0.00677
21	0.01877	0.01802	0.03079	0.04656	0.68612	0.01802	0.02328	0.02328	0.01727	0.02478	0.01427	0.01877	0.01201	0.00676	0.00751	0.00225	0.00901	0.00676	0.00375	0.01201
22	0.00923	0.00664	0.00876	0.01046	0.01097	0.00617	0.00699	0.01057	0.01462	0.01940	0.04308	0.70460	0.07322	0.02360	0.00966	0.00306	0.00438	0.02136	0.00704	0.00617
23	0.01851	0.01775	0.03031	0.08641	0.64833	0.01795	0.02315	0.02305	0.01715	0.02446	0.01422	0.01886	0.01190	0.00681	0.00751	0.00227	0.00908	0.00676	0.00373	0.01180
24	0.08618	0.31535	0.34028	0.01704	0.02544	0.05577	0.01963	0.02365	0.01577	0.02218	0.01203	0.01404	0.00954	0.00694	0.00603	0.00206	0.00962	0.00482	0.00339	0.01024
25	0.02833	0.03615	0.02149	0.01954	0.02345	0.70298	0.01466	0.03029	0.02149	0.01856	0.01172	0.01368	0.00977	0.00782	0.00684	0.00195	0.01368	0.00489	0.00391	0.00879
26	0.00909	0.00769	0.00786	0.00782	0.01032	0.00646	0.00586	0.01113	0.01759	0.02120	0.11991	0.07183	0.63952	0.01895	0.00896	0.00255	0.00382	0.01585	0.00714	0.00646
27	0.01521	0.03923	0.69413	0.02162	0.03283	0.01762	0.02802	0.02402	0.01601	0.02402	0.01361	0.01601	0.00961	0.00721	0.00721	0.00240	0.01121	0.00560	0.00320	0.01121
28	0.01870	0.01810	0.03095	0.04274	0.57442	0.01819	0.07944	0.02474	0.07004	0.02530	0.01570	0.01969	0.01287	0.00701	0.00766	0.00231	0.00911	0.00710	0.00408	0.01185
29	0.01103	0.00735	0.00827	0.00827	0.00827	0.00735	0.00460	0.01103	0.01103	0.01471	0.02390	0.04964	0.02758	0.73343	0.03861	0.00735	0.00735	0.01103	0.00460	0.00460
30	0.01130	0.00780	0.00900	0.00884	0.00884	0.00812	0.00518	0.01138	0.01106	0.01488	0.02322	0.04803	0.02672	0.69848	0.03794	0.00716	0.04192	0.01082	0.00453	0.00478
31	0.01926	0.01649	0.01737	0.01552	0.01987	0.01905	0.01210	0.06492	0.64715	0.03237	0.03037	0.02790	0.02275	0.01024	0.00771	0.00256	0.00610	0.00851	0.00771	0.01204
32	0.01338	0.00810	0.01229	0.10829	0.04222	0.00854	0.00938	0.01255	0.01188	0.01629	0.01666	0.06179	0.01629	0.02137	0.02216	0.51401	0.00684	0.03236	0.06066	0.00491
33	0.01103	0.00735	0.00827	0.00827	0.00827	0.00735	0.00460	0.01103	0.01103	0.01471	0.02390	0.04964	0.02758	0.73343	0.03861	0.00735	0.00735	0.01103	0.00460	0.00460
34	0.01079	0.00779	0.01022	0.00972	0.01151	0.00722	0.00736	0.01437	0.02131	0.03011	0.65664	0.05781	0.07046	0.01572	0.00901	0.00243	0.00371	0.03837	0.00830	0.00715
35	0.01640	0.17480	0.51794	0.02069	0.03071	0.02016	0.07162	0.02378	0.01604	0.02283	0.01314	0.01559	0.00977	0.00701	0.00688	0.00226	0.01072	0.00555	0.00326	0.01085
36	0.01568	0.07807	0.62460	0.02234	0.06378	0.01834	0.02694	0.02391	0.01604	0.02371	0.01347	0.01593	0.00973	0.00714	0.00709	0.00235	0.01093	0.00557	0.00323	0.01116
37	0.78701	0.01467	0.01115	0.00997	0.01467	0.01702	0.00821	0.02230	0.01291	0.03403	0.01056	0.01232	0.00821	0.00704	0.00469	0.00235	0.00587	0.00411	0.00469	0.00821
38	0.01877	0.01802	0.03079	0.04656	0.68612	0.01802	0.02328	0.02328	0.01727	0.02478	0.01427	0.01877	0.01201	0.00676	0.00751	0.00225	0.00901	0.00676	0.00375	0.01201
39	0.03403	0.01291	0.01760	0.01350	0.01936	0.01115	0.01115	0.03697	0.02171	0.69137	0.02992	0.02582	0.01878	0.00939	0.00763	0.00235	0.00645	0.00763	0.00939	0.01291
40	0.01887	0.01629	0.01715	0.01544	0.01972	0.01887	0.01201	0.04031	0.67241	0.03173	0.03087	0.02830	0.02315	0.01029	0.00772	0.00257	0.00600	0.00858	0.00772	0.01201
41	0.01058	0.00775	0.00993	0.00938	0.01124	0.00709	0.00704	0.01402	0.02111	0.02956	0.62976	0.05807	0.12445	0.01583	0.00895	0.00240	0.00360	0.01392	0.00824	0.00709
42	0.01432	0.01348	0.02275	0.71520	0.05224	0.01685	0.02107	0.01938	0.01517	0.01938	0.01348	0.02022	0.01011	0.00758	0.00758	0.00253	0.01011	0.00674	0.00337	0.00843
43	0.00923	0.00664	0.00876	0.01046	0.01098	0.00617	0.00700	0.01057	0.01462	0.01940	0.04303	0.70553	0.07232	0.02360	0.00966	0.00306	0.00438	0.02137	0.00704	0.00617
44	0.01922	0.01816	0.03043	0.04528	0.65694	0.01826	0.02289	0.05135	0.01808	0.02579	0.01444	0.01875	0.01205	0.00686	0.00751	0.00225	0.00898	0.00676	0.00392	0.01205
45	0.01560	0.09239	0.64435	0.02096	0.03181	0.01856	0.02688	0.02392	0.01597	0.02355	0.01338	0.01572	0.00962	0.00715	0.00703	0.00234	0.01097	0.00549	0.00321	0.01110
46	0.01573	0.01348	0.01573	0.01123	0.01798	0.01011	0.00899	0.01910	0.01573	0.02472	0.01348	0.01573	0.01123	0.00562	0.00562	0.00112	0.00562	0.00449	0.00449	0.77980
47	0.03189	0.01272	0.01719	0.01360	0.01911	0.01124	0.01126	0.03551	0.04426	0.61883	0.03071	0.03031	0.02077	0.01027	0.00784	0.00244	0.00648	0.05397	0.00915	0.01244
48	0.01052	0.00774	0.00984	0.00932	0.01120	0.00707	0.00699	0.01390	0.02096	0.02921	0.60877	0.05864	0.14566	0.01596	0.00895	0.00241	0.00361	0.01400	0.00819	0.00707
49	0.02028	0.73799	0.03975	0.01298	0.01947	0.03001	0.01298	0.02271	0.01541	0.01785	0.01055	0.01217	0.00973	0.00649	0.00487	0.00162	0.00811	0.00406	0.00324	0.00973
50	0.00932	0.00770	0.00818	0.00806	0.01046	0.00655	0.00604	0.01157	0.01813	0.02249	0.19854	0.06971	0.56009	0.01847	0.00896	0.00253	0.00379	0.01555	0.00731	0.00655
51	0.01522	0.00812	0.00823	0.00784	0.00992	0.00828	0.00597	0.06515	0.01736	0.02972	0.02426	0.02754	0.01896	0.00886	0.00547	0.00180	0.00389	0.00705	0.71885	0.00750
52	0.00946	0.00676	0.00905	0.01081	0.01135	0.00635	0.00742	0.01094	0.01474	0.01961	0.04168	0.68103	0.04969	0.02356	0.00974	0.00311	0.00459	0.06685	0.00704	0.00622
53	0.02883	0.02125	0.02276	0.01745	0.02352	0.02352	0.01442	0.66082	0.03566	0.04780	0.01821	0.01821	0.01290	0.00911	0.00759	0.00228	0.00835	0.00683	0.00759	0.01290
54	0.01877	0.01802	0.03079	0.04656	0.68612	0.01802	0.02328	0.02328	0.01727	0.02478	0.01427	0.01877	0.01201	0.00676	0.00751	0.00225	0.00901	0.00676	0.00375	0.01201
55	0.03403	0.01291	0.01760	0.01350	0.01936	0.01115	0.01115	0.03697	0.02171	0.69137	0.02992	0.02582	0.01878	0.00939	0.00763	0.00235	0.00645	0.00763	0.00939	0.01291
56	0.02069	0.70176	0.03880	0.01332	0.01967	0.06476	0.01307	0.02310	0.01573	0.01788	0.01061	0.01225	0.00974	0.00656	0.00497	0.00164	0.00840	0.00410	0.00328	0.00969
57	0.03019	0.01348	0.01739	0.01359	0.01910	0.01239	0.01111	0.08495	0.07063	0.52066	0.07489	0.02723	0.02212	0.00973	0.00765	0.00232	0.00634	0.00796	0.00887	0.03938
58	0.02699	0.03253	0.02093	0.01884	0.02291	0.56982	0.01426	0.06327	0.11657	0.02193	0.01482	0.01602	0.01187	0.00824	0.00700	0.00206	0.01230	0.00552	0.00464	0.00946
59	0.02881	0.02210	0.02269	0.01757	0.02352	0.06228	0.01443	0.62485	0.03485	0.04614	0.01784	0.01795	0.01272	0.00903	0.00755	0.00226	0.00865	0.00672	0.00738	0.01267
60	0.00924	0.00660	0.00880	0.01056	0.01100	0.00616	0.00704	0.01056	0.01452	0.01936	0.04181	0.72848	0.05017	0.02376	0.00968	0.00308	0.00440	0.02156	0.00704	0.00616
61	0.01877	0.01802	0.03079	0.04656	0.68612	0.01802	0.02328	0.02328	0.01727	0.02478	0.01427	0.01877	0.01201	0.00676	0.00751	0.00225	0.00901	0.00676	0.00375	0.01201
62	0.02773	0.03181	0.02142	0.01883	0.02319	0.52143	0.01441	0.15265	0.07227	0.02518	0.01439	0.01563	0.01136	0.00825	0.00705	0.00206	0.01208	0.00553	0.00490	0.00982
63	0.01103	0.00735	0.00827	0.00827	0.00827	0.00735	0.00460	0.01103	0.01103	0.01471	0.02390	0.04964	0.02758	0.73343	0.03861	0.00735	0.00735	0.01103	0.00460	0.00460
64	0.00924	0.00660	0.00880	0.01056	0.01100	0.00616	0.00704	0.01056	0.01452	0.01936	0.04181	0.72848	0.05017	0.02376	0.00968	0.00308	0.00440	0.02156	0.00704	0.00616
65	0.02921	0.02065	0.02239	0.01717	0.02322	0.02263	0.01418	0.61609	0.03466	0.09396	0.01905	0.01876	0.01332	0.00913	0.00759	0.00228	0.00821	0.00689	0.00772	0.01290
66	0.03313	0.01271	0.01731	0.01334	0.01905	0.01099	0.01099	0.03608	0.02170	0.66566	0.05529	0.02702	0.02083	0.00963	0.00768	0.00235	0.00634	0.00786	0.00935	0.01268
67	0.03237	0.01254	0.01707	0.01321	0.01879	0.01086	0.01086	0.03535	0.02169	0.64433	0.07634	0.02801	0.02253	0.00982	0.00772	0.00235	0.00625	0.00806	0.00931	0.01250
68	0.01459	0.01400	0.02437	0.66477	0.05131	0.01702	0.06812	0.01974	0.01537	0.01974	0.01362	0.02024	0.01021	0.00750	0.00768	0.00253	0.01031	0.00690	0.00340	0.00856
69	0.00924	0.00660	0.00880	0.01056	0.01100	0.00616	0.00704	0.01056	0.01452	0.01936	0.04181	0.72848	0.05017	0.02376	0.00968	0.00308	0.00440	0.02156	0.00704	0.00616
70	0.03403	0.01291	0.01760	0.01350	0.01936	0.01115	0.01115	0.03697	0.02171	0.69137	0.02992	0.02582	0.01878	0.00939	0.00763	0.00235	0.00645	0.00763	0.00939	0.01291
71	0.01847	0.37719	0.05909	0.01738	0.02160	0.02610	0.06092	0.02113	0.01413	0.01870	0.01078	0.01464	0.00994	0.00917	0.01309	0.00238	0.28723	0.00548	0.00331	0.00926
72	0.01514	0.01436	0.02425	0.58757	0.13376	0.01713	0.03897	0.02066	0.03530	0.02060	0.01416	0.02028	0.01079	0.00752	0.00762	0.00249	0.00992	0.00686	0.00356	0.00905
73	0.78701	0.01467	0.01115	0.00997	0.01467	0.01702	0.00821	0.02230	0.01291	0.03403	0.01056	0.01232	0.00821	0.00704	0.00469	0.00235	0.00587	0.00411	0.00469	0.00821
74	0.02840	0.02237	0.02130	0.01712	0.02259	0.14419	0.01380	0.40385	0.09606	0.12340	0.01983	0.01939	0.01413	0.00903	0.00747	0.00226	0.00883	0.00676	0.00717	0.01207
75	0.02038	0.60794	0.05898	0.01307	0.01933	0.02655	0.01295	0.02315	0.01633	0.06692	0.06160	0.01656	0.01494	0.00739	0.00545	0.00176	0.00777	0.00508	0.00406	0.00982
76	0.02135	0.01454	0.01699	0.06591	0.02121	0.01557	0.01190	0.07876	0.33325	0.17584	0.03107	0.06847	0.05976	0.01091	0.00778	0.00247	0.00634	0.00912	0.00755	0.04121

[dist]
# distance from previous block
# <min> <max>
0	1

[block]
# block no. 2 follows, 26 sequences, length 304
# corresponding to MSA columns:
# 148-451
name=unknown_C
#
# <colnr> <probs for GDERKNQSTAVLIFYWHMCP>
#	G	D	E	R	K	N	Q	S	T	A	V	L	I	F	Y	W	H	M	C	P
0	0.12141	0.27945	0.07809	0.01520	0.02164	0.02458	0.01414	0.30189	0.02400	0.03348	0.01413	0.01512	0.01092	0.00776	0.00621	0.00206	0.00816	0.00539	0.00533	0.01104
1	0.09014	0.01895	0.01934	0.01557	0.02073	0.05286	0.01262	0.40096	0.11097	0.07074	0.06972	0.02233	0.01855	0.00951	0.00736	0.00230	0.00750	0.00729	0.03100	0.01158
2	0.00952	0.00685	0.00898	0.01041	0.01109	0.00639	0.00712	0.01110	0.01524	0.02033	0.09690	0.59855	0.07819	0.04411	0.01049	0.00314	0.00449	0.04377	0.00708	0.00624
3	0.01661	0.01345	0.01582	0.01134	0.01804	0.01016	0.00909	0.01996	0.01602	0.05689	0.01428	0.01622	0.01160	0.00580	0.00571	0.00118	0.00566	0.00465	0.00473	0.74279
4	0.00924	0.00660	0.00880	0.01056	0.01100	0.00616	0.00704	0.01056	0.01452	0.01936	0.04181	0.72848	0.05017	0.02376	0.00968	0.00308	0.00440	0.02156	0.00704	0.00616
5	0.02883	0.02125	0.02276	0.01745	0.02352	0.02352	0.01442	0.66082	0.03566	0.04780	0.01821	0.01821	0.01290	0.00911	0.00759	0.00228	0.00835	0.00683	0.00759	0.01290
6	0.02063	0.01632	0.01805	0.01670	0.04846	0.01840	0.01253	0.06934	0.55841	0.08804	0.02947	0.02719	0.02181	0.01001	0.00770	0.00253	0.00628	0.00833	0.00768	0.01213
7	0.00924	0.00660	0.00880	0.01056	0.01100	0.00616	0.00704	0.01056	0.01452	0.01936	0.04181	0.72848	0.05017	0.02376	0.00968	0.00308	0.00440	0.02156	0.00704	0.00616
8	0.05505	0.01479	0.01548	0.01402	0.01792	0.01689	0.01089	0.03555	0.53575	0.03145	0.07855	0.02967	0.02577	0.01040	0.00746	0.00248	0.00560	0.00862	0.07260	0.01104
9	0.01632	0.01383	0.01604	0.01151	0.01822	0.01071	0.00923	0.04794	0.01662	0.02575	0.01369	0.01584	0.01131	0.00577	0.00571	0.00118	0.00574	0.00460	0.00463	0.74533
10	0.01173	0.00800	0.01031	0.00959	0.01164	0.00729	0.00724	0.01515	0.02117	0.06167	0.60482	0.05640	0.11519	0.01549	0.00888	0.00240	0.00374	0.01360	0.00830	0.00738
11	0.01432	0.01348	0.02275	0.71520	0.05224	0.01685	0.02107	0.01938	0.01517	0.01938	0.01348	0.02022	0.01011	0.00758	0.00758	0.00253	0.01011	0.00674	0.00337	0.00843
12	0.03403	0.01291	0.01760	0.01350	0.01936	0.01115	0.01115	0.03697	0.02171	0.69137	0.02992	0.02582	0.01878	0.00939	0.00763	0.00235	0.00645	0.00763	0.00939	0.01291
13	0.01432	0.01348	0.02275	0.71520	0.05224	0.01685	0.02107	0.01938	0.01517	0.01938	0.01348	0.02022	0.01011	0.00758	0.00758	0.00253	0.01011	0.00674	0.00337	0.00843
14	0.01963	0.64889	0.12320	0.01408	0.02117	0.02843	0.01490	0.02288	0.01549	0.01863	0.01094	0.01266	0.00972	0.00658	0.00517	0.00172	0.00851	0.00425	0.00324	0.00992
15	0.01074	0.00775	0.01014	0.00954	0.01133	0.00716	0.00716	0.01431	0.02147	0.03042	0.68211	0.05666	0.07157	0.01551	0.00895	0.00239	0.00358	0.01372	0.00835	0.00716
16	0.01521	0.03923	0.69413	0.02162	0.03283	0.01762	0.02802	0.02402	0.01601	0.02402	0.01361	0.01601	0.00961	0.00721	0.00721	0.00240	0.01121	0.00560	0.00320	0.01121
17	0.01778	0.01853	0.03588	0.12028	0.29812	0.01856	0.30885	0.02311	0.01713	0.02371	0.01453	0.01964	0.01149	0.00689	0.00869	0.00246	0.03222	0.00774	0.00373	0.01066
18	0.01529	0.01301	0.01526	0.01119	0.01750	0.00984	0.00886	0.01852	0.01565	0.02435	0.01541	0.06422	0.01388	0.00685	0.00589	0.00126	0.00553	0.00566	0.00467	0.72717
19	0.01877	0.01802	0.03079	0.04656	0.68612	0.01802	0.02328	0.02328	0.01727	0.02478	0.01427	0.01877	0.01201	0.00676	0.00751	0.00225	0.00901	0.00676	0.00375	0.01201
20	0.01915	0.01837	0.03161	0.04401	0.60162	0.01837	0.07665	0.05202	0.01815	0.02577	0.01454	0.01889	0.01201	0.00683	0.00763	0.00228	0.00930	0.00695	0.00393	0.01190
21	0.01862	0.01787	0.03051	0.06935	0.66451	0.01798	0.02320	0.02315	0.01720	0.02460	0.01424	0.01882	0.01195	0.00679	0.00751	0.00226	0.00905	0.00676	0.00374	0.01189
22	0.00924	0.00660	0.00880	0.01056	0.01100	0.00616	0.00704	0.01056	0.01452	0.01936	0.04181	0.72848	0.05017	0.02376	0.00968	0.00308	0.00440	0.02156	0.00704	0.00616
23	0.02134	0.01700	0.01819	0.01561	0.02027	0.01924	0.01235	0.18223	0.47981	0.05666	0.05279	0.02698	0.02250	0.01019	0.00773	0.00249	0.00647	0.00834	0.00777	0.01206
24	0.00929	0.00770	0.00814	0.00803	0.01045	0.00654	0.00602	0.01152	0.01807	0.02234	0.18965	0.06995	0.56907	0.01852	0.00896	0.00253	0.00379	0.01558	0.00729	0.00654
25	0.01164	0.00902	0.01159	0.01168	0.01328	0.00931	0.00903	0.01587	0.07037	0.02508	0.28041	0.20826	0.09550	0.01799	0.01049	0.00283	0.05865	0.12439	0.00729	0.00733
26	0.02883	0.02125	0.02276	0.01745	0.02352	0.02352	0.01442	0.66082	0.03566	0.04780	0.01821	0.01821	0.01290	0.00911	0.00759	0.00228	0.00835	0.00683	0.00759	0.01290
27	0.01817	0.01766	0.03087	0.12657	0.56039	0.01797	0.07099	0.02288	0.01706	0.02409	0.01425	0.01908	0.01175	0.00683	0.00763	0.00231	0.00943	0.00692	0.00371	0.01144
28	0.01840	0.01764	0.03011	0.10315	0.63247	0.01792	0.02309	0.02295	0.01709	0.02432	0.01420	0.01890	0.01185	0.00683	0.00752	0.00228	0.00910	0.00676	0.00372	0.01171
29	0.01990	0.68522	0.08917	0.01363	0.02048	0.02908	0.01411	0.02281	0.01546	0.01831	0.01078	0.01246	0.00972	0.00654	0.00504	0.00168	0.00835	0.00417	0.00324	0.00985
30	0.01084	0.00813	0.01219	0.01219	0.01354	0.00948	0.00948	0.01354	0.01219	0.01761	0.02032	0.02980	0.01896	0.05689	0.70337	0.01219	0.02032	0.00813	0.00406	0.00677
31	0.01573	0.01348	0.01573	0.01123	0.01798	0.01011	0.00899	0.01910	0.01573	0.02472	0.01348	0.01573	0.01123	0.00562	0.00562	0.00112	0.00562	0.00449	0.00449	0.77980
32	0.00924	0.00660	0.00880	0.01056	0.01100	0.00616	0.00704	0.01056	0.01452	0.01936	0.04181	0.72848	0.05017	0.02376	0.00968	0.00308	0.00440	0.02156	0.00704	0.00616
33	0.01985	0.01638	0.01741	0.01545	0.01987	0.01878	0.01208	0.06680	0.62124	0.05661	0.03029	0.02778	0.02255	0.01021	0.00771	0.00255	0.00612	0.00847	0.00777	0.01208
34	0.02761	0.02059	0.02276	0.07651	0.02595	0.02296	0.01498	0.60654	0.03393	0.04540	0.01781	0.01838	0.01266	0.00898	0.00759	0.00230	0.00850	0.00682	0.00723	0.01252
35	0.06261	0.02992	0.02148	0.01837	0.02308	0.43226	0.01428	0.25255	0.02611	0.02958	0.01396	0.01522	0.01081	0.00824	0.00701	0.00209	0.01144	0.00554	0.00524	0.01022
36	0.01096	0.00733	0.00829	0.00836	0.00837	0.00731	0.00469	0.01101	0.01116	0.01488	0.02456	0.07454	0.02840	0.70740	0.03755	0.00720	0.00725	0.01142	0.00469	0.00465
37	0.01573	0.01348	0.01573	0.01123	0.01798	0.01011	0.00899	0.01910	0.01573	0.02472	0.01348	0.01573	0.01123	0.00562	0.00562	0.00112	0.00562	0.00449	0.00449	0.77980
38	0.01304	0.01021	0.01412	0.01309	0.01515	0.01163	0.01035	0.06325	0.01422	0.02054	0.01880	0.02674	0.01718	0.04567	0.54088	0.00984	0.07061	0.00761	0.00431	0.07277
39	0.02927	0.02054	0.02233	0.01712	0.02317	0.02248	0.01414	0.60802	0.03448	0.10227	0.01920	0.01885	0.01340	0.00913	0.00759	0.00228	0.00819	0.00690	0.00774	0.01290
40	0.00924	0.00660	0.00880	0.01056	0.01100	0.00616	0.00704	0.01056	0.01452	0.01936	0.04181	0.72848	0.05017	0.02376	0.00968	0.00308	0.00440	0.02156	0.00704	0.00616
41	0.01544	0.03765	0.63917	0.02250	0.03341	0.01775	0.08139	0.02404	0.01617	0.02404	0.01376	0.01639	0.00977	0.00714	0.00735	0.00242	0.01134	0.00589	0.00326	0.01113
42	0.01785	0.02031	0.04394	0.03151	0.03889	0.01934	0.63406	0.02407	0.01766	0.02407	0.01514	0.02031	0.01145	0.00666	0.00956	0.00259	0.03977	0.00886	0.00382	0.01016
43	0.00924	0.00660	0.00880	0.01056	0.01100	0.00616	0.00704	0.01056	0.01452	0.01936	0.04181	0.72848	0.05017	0.02376	0.00968	0.00308	0.00440	0.02156	0.00704	0.00616
44	0.01770	0.02188	0.09380	0.03119	0.03913	0.01906	0.61095	0.02428	0.01776	0.02428	0.01521	0.02012	0.01137	0.00646	0.00882	0.00255	0.01267	0.00870	0.00379	0.01030
45	0.01060	0.00775	0.00995	0.00940	0.01125	0.00710	0.00705	0.01405	0.02115	0.02967	0.63640	0.05789	0.11775	0.01579	0.00895	0.00240	0.00360	0.01389	0.00825	0.00710
46	0.02883	0.02125	0.02276	0.01745	0.02352	0.02352	0.01442	0.66082	0.03566	0.04780	0.01821	0.01821	0.01290	0.00911	0.00759	0.00228	0.00835	0.00683	0.00759	0.01290
47	0.01094	0.00806	0.01209	0.01209	0.01338	0.00935	0.00935	0.01338	0.01209	0.01741	0.01999	0.02949	0.01870	0.05550	0.67275	0.04706	0.01969	0.00806	0.00403	0.00661
48	0.01414	0.00707	0.00707	0.00707	0.00884	0.00707	0.00530	0.01767	0.01591	0.02828	0.02474	0.02828	0.01944	0.00884	0.00530	0.00177	0.00353	0.00707	0.77554	0.00707
49	0.01801	0.01752	0.03072	0.14907	0.53305	0.01794	0.07670	0.02276	0.01700	0.02390	0.01424	0.01914	0.01168	0.00686	0.00764	0.00232	0.00950	0.00694	0.00370	0.01131
50	0.00924	0.00660	0.00880	0.01056	0.01100	0.00616	0.00704	0.01056	0.01452	0.01936	0.04181	0.72848	0.05017	0.02376	0.00968	0.00308	0.00440	0.02156	0.00704	0.00616
51	0.02790	0.02078	0.02224	0.01726	0.02317	0.02309	0.01419	0.60257	0.09544	0.04629	0.01940	0.01916	0.01386	0.00922	0.00760	0.00230	0.00813	0.00699	0.00760	0.01282
52	0.01432	0.01348	0.02275	0.71520	0.05224	0.01685	0.02107	0.01938	0.01517	0.01938	0.01348	0.02022	0.01011	0.00758	0.00758	0.00253	0.01011	0.00674	0.00337	0.00843
53	0.01065	0.00775	0.01003	0.00946	0.01128	0.00712	0.00709	0.01416	0.02128	0.02997	0.65460	0.05740	0.09936	0.01567	0.00895	0.00239	0.00359	0.01382	0.00829	0.00712
54	0.02028	0.73799	0.03975	0.01298	0.01947	0.03001	0.01298	0.02271	0.01541	0.01785	0.01055	0.01217	0.00973	0.00649	0.00487	0.00162	0.00811	0.00406	0.00324	0.00973
55	0.01233	0.00902	0.01214	0.01363	0.01539	0.00915	0.01152	0.01689	0.06653	0.02294	0.03968	0.16678	0.04297	0.02052	0.01016	0.00337	0.00657	0.50612	0.00705	0.00725
56	0.01432	0.01348	0.02275	0.71520	0.05224	0.01685	0.02107	0.01938	0.01517	0.01938	0.01348	0.02022	0.01011	0.00758	0.00758	0.00253	0.01011	0.00674	0.00337	0.00843
57	0.01198	0.00857	0.01189	0.01326	0.01501	0.00848	0.01141	0.01549	0.01810	0.02394	0.14297	0.08093	0.04812	0.02008	0.01023	0.00332	0.00644	0.53555	0.00720	0.00701
58	0.00924	0.00660	0.00880	0.01056	0.01100	0.00616	0.00704	0.01056	0.01452	0.01936	0.04181	0.72848	0.05017	0.02376	0.00968	0.00308	0.00440	0.02156	0.00704	0.00616
59	0.02839	0.02102	0.02251	0.01736	0.02335	0.02331	0.01431	0.63294	0.06428	0.04708	0.01878	0.01866	0.01336	0.00916	0.00759	0.00229	0.00824	0.00691	0.00759	0.01286
60	0.00924	0.00660	0.00880	0.01056	0.01100	0.00616	0.00704	0.01056	0.01452	0.01936	0.04181	0.72848	0.05017	0.02376	0.00968	0.00308	0.00440	0.02156	0.00704	0.00616
61	0.01812	0.01760	0.03077	0.13443	0.55295	0.01795	0.07096	0.02284	0.01704	0.02403	0.01424	0.01909	0.01172	0.00684	0.00763	0.00231	0.00944	0.00692	0.00371	0.01140
62	0.06416	0.01223	0.01634	0.01408	0.04760	0.01099	0.01076	0.03194	0.02005	0.52317	0.02897	0.08580	0.02075	0.01036	0.00749	0.00236	0.00614	0.00859	0.06658	0.01163
63	0.00924	0.00660	0.00880	0.01056	0.01100	0.00616	0.00704	0.01056	0.01452	0.01936	0.04181	0.72848	0.05017	0.02376	0.00968	0.00308	0.00440	0.02156	0.00704	0.00616
64	0.01432	0.01328	0.02226	0.69300	0.05088	0.01655	0.02057	0.01933	0.01519	0.01966	0.01383	0.02048	0.01040	0.00762	0.00751	0.00250	0.00991	0.00675	0.02758	0.00838
65	0.01623	0.01496	0.02455	0.33763	0.31163	0.01655	0.02020	0.02171	0.04808	0.02314	0.04555	0.02203	0.01476	0.00779	0.00752	0.00237	0.00886	0.00717	0.03930	0.00998
66	0.00924	0.00660	0.00880	0.01056	0.01100	0.00616	0.00704	0.01056	0.01452	0.01936	0.04181	0.72848	0.05017	0.02376	0.00968	0.00308	0.00440	0.02156	0.00704	0.00616
67	0.02028	0.73799	0.03975	0.01298	0.01947	0.03001	0.01298	0.02271	0.01541	0.01785	0.01055	0.01217	0.00973	0.00649	0.00487	0.00162	0.00811	0.00406	0.00324	0.00973
68	0.00924	0.00660	0.00880	0.01056	0.01100	0.00616	0.00704	0.01056	0.01452	0.01936	0.04181	0.72848	0.05017	0.02376	0.00968	0.00308	0.00440	0.02156	0.00704	0.00616
69	0.02883	0.02125	0.02276	0.01745	0.02352	0.02352	0.01442	0.66082	0.03566	0.04780	0.01821	0.01821	0.01290	0.00911	0.00759	0.00228	0.00835	0.00683	0.00759	0.01290
70	0.02791	0.03473	0.02162	0.01946	0.02332	0.64615	0.01472	0.05849	0.02176	0.01988	0.01195	0.01400	0.00992	0.00808	0.00756	0.00202	0.04038	0.00504	0.00405	0.00896
71	0.02833	0.03615	0.02149	0.01954	0.02345	0.70298	0.01466	0.03029	0.02149	0.01856	0.01172	0.01368	0.00977	0.00782	0.00684	0.00195	0.01368	0.00489	0.00391	0.00879
72	0.01636	0.01635	0.02230	0.07816	0.02229	0.04462	0.01637	0.01840	0.01229	0.01831	0.01110	0.01780	0.01064	0.01590	0.07406	0.00388	0.58285	0.00670	0.00340	0.00821
73	0.00896	0.00768	0.00768	0.00768	0.01025	0.00640	0.00576	0.01089	0.01729	0.02049	0.07684	0.07300	0.68304	0.01921	0.00896	0.00256	0.00384	0.01601	0.00704	0.00640
74	0.01840	0.01764	0.03011	0.10315	0.63247	0.01792	0.02309	0.02295	0.01709	0.02432	0.01420	0.01890	0.01185	0.00683	0.00752	0.00228	0.00910	0.00676	0.00372	0.01171
75	0.01973	0.01725	0.02906	0.09426	0.58181	0.01735	0.02208	0.02414	0.01749	0.08079	0.01553	0.01948	0.01244	0.00704	0.00752	0.00228	0.00888	0.00683	0.00420	0.01182
76	0.00924	0.00660	0.00880	0.01056	0.01100	0.00616	0.00704	0.01056	0.01452	0.01936	0.04181	0.72848	0.05017	0.02376	0.00968	0.00308	0.00440	0.02156	0.00704	0.00616
77	0.01573	0.01348	0.01573	0.01123	0.01798	0.01011	0.00899	0.01910	0.01573	0.02472	0.01348	0.01573	0.01123	0.00562	0.00562	0.00112	0.00562	0.00449	0.00449	0.77980
78	0.03179	0.07400	0.05063	0.01402	0.02019	0.01359	0.01223	0.06541	0.02161	0.57441	0.02702	0.02388	0.01733	0.00904	0.00738	0.00229	0.00690	0.00720	0.00851	0.01257
79	0.08502	0.01590	0.01668	0.01483	0.01927	0.01813	0.01162	0.03853	0.56745	0.08174	0.02908	0.02676	0.02156	0.00995	0.00746	0.00254	0.00603	0.00813	0.00759	0.01175
80	0.00913	0.00752	0.00803	0.00827	0.01044	0.00642	0.00606	0.01107	0.01713	0.02098	0.11232	0.17687	0.54016	0.01969	0.00908	0.00263	0.00391	0.01674	0.00713	0.00642
81	0.78701	0.01467	0.01115	0.00997	0.01467	0.01702	0.00821	0.02230	0.01291	0.03403	0.01056	0.01232	0.00821	0.00704	0.00469	0.00235	0.00587	0.00411	0.00469	0.00821
82	0.02057	0.71225	0.03908	0.01322	0.01961	0.05470	0.01304	0.02299	0.01564	0.01787	0.01059	0.01222	0.00974	0.00654	0.00494	0.00163	0.00832	0.00409	0.00327	0.00970
83	0.00924	0.00660	0.00880	0.01056	0.01100	0.00616	0.00704	0.01056	0.01452	0.01936	0.04181	0.72848	0.05017	0.02376	0.00968	0.00308	0.00440	0.02156	0.00704	0.00616
84	0.22778	0.01769	0.01914	0.07421	0.02297	0.01984	0.01308	0.33694	0.02519	0.11255	0.01671	0.01760	0.01194	0.00866	0.00766	0.00237	0.04195	0.00618	0.00646	0.01106
85	0.01667	0.00898	0.00992	0.03146	0.01228	0.00913	0.00698	0.07200	0.01741	0.08405	0.02417	0.02962	0.01955	0.09856	0.00988	0.00257	0.00487	0.00758	0.52653	0.00779
86	0.00924	0.00660	0.00880	0.01056	0.01100	0.00616	0.00704	0.01056	0.01452	0.01936	0.04181	0.72848	0.05017	0.02376	0.00968	0.00308	0.00440	0.02156	0.00704	0.00616
87	0.02995	0.01703	0.01986	0.01549	0.02126	0.01757	0.01271	0.31619	0.10325	0.32739	0.02480	0.02270	0.01666	0.00937	0.00762	0.00234	0.00725	0.00738	0.00839	0.01280
88	0.01580	0.10207	0.60497	0.02130	0.03192	0.01882	0.05531	0.02391	0.01605	0.02347	0.01341	0.01587	0.00971	0.00710	0.00707	0.00234	0.01100	0.00562	0.00324	0.01103
89	0.00924	0.00660	0.00880	0.01056	0.01100	0.00616	0.00704	0.01056	0.01452	0.01936	0.04181	0.72848	0.05017	0.02376	0.00968	0.00308	0.00440	0.02156	0.00704	0.00616
90	0.01120	0.00996	0.00976	0.00936	0.01172	0.06162	0.00702	0.01379	0.01930	0.02432	0.31422	0.06178	0.38497	0.01683	0.00879	0.00244	0.00451	0.01421	0.00732	0.00689
91	0.00924	0.00660	0.00880	0.01056	0.01100	0.00616	0.00704	0.01056	0.01452	0.01936	0.04181	0.72848	0.05017	0.02376	0.00968	0.00308	0.00440	0.02156	0.00704	0.00616
92	0.01649	0.01618	0.02242	0.05094	0.02118	0.02220	0.01624	0.01983	0.06170	0.01930	0.01201	0.01804	0.01123	0.01410	0.04322	0.00349	0.61238	0.00683	0.00368	0.00854
93	0.02837	0.03502	0.02159	0.01938	0.02345	0.65167	0.01464	0.07791	0.02256	0.02077	0.01221	0.01402	0.01001	0.00791	0.00690	0.00198	0.01328	0.00503	0.00419	0.00910
94	0.02833	0.03615	0.02149	0.01954	0.02345	0.70298	0.01466	0.03029	0.02149	0.01856	0.01172	0.01368	0.00977	0.00782	0.00684	0.00195	0.01368	0.00489	0.00391	0.00879
95	0.01675	0.01705	0.02577	0.02134	0.02224	0.02275	0.09236	0.01897	0.01236	0.01897	0.01059	0.01705	0.01014	0.01246	0.02301	0.00323	0.63614	0.00691	0.00338	0.00853
96	0.00924	0.00660	0.00880	0.01056	0.01100	0.00616	0.00704	0.01056	0.01452	0.01936	0.04181	0.72848	0.05017	0.02376	0.00968	0.00308	0.00440	0.02156	0.00704	0.00616
97	0.01521	0.03923	0.69413	0.02162	0.03283	0.01762	0.02802	0.02402	0.01601	0.02402	0.01361	0.01601	0.00961	0.00721	0.00721	0.00240	0.01121	0.00560	0.00320	0.01121
98	0.02704	0.01555	0.01936	0.10797	0.02465	0.01624	0.01334	0.20110	0.12147	0.31118	0.04518	0.02438	0.01836	0.00940	0.00767	0.00239	0.00729	0.00763	0.00783	0.01200
99	0.01103	0.00735	0.00827	0.00827	0.00827	0.00735	0.00460	0.01103	0.01103	0.01471	0.02390	0.04964	0.02758	0.73343	0.03861	0.00735	0.00735	0.01103	0.00460	0.00460
100	0.09201	0.02010	0.02125	0.01635	0.02235	0.02196	0.01348	0.55832	0.03223	0.04489	0.01721	0.01752	0.01238	0.00867	0.00719	0.00220	0.00793	0.00642	0.00711	0.07042
101	0.01669	0.17742	0.39895	0.01793	0.02650	0.01839	0.04066	0.02299	0.01686	0.05409	0.09430	0.02069	0.01764	0.00807	0.00694	0.00219	0.00927	0.00642	0.00418	0.03981
102	0.06714	0.04807	0.07551	0.01414	0.02031	0.01341	0.01258	0.03477	0.06966	0.52297	0.02681	0.02391	0.01741	0.00903	0.00733	0.00234	0.00687	0.00720	0.00824	0.01233
103	0.00935	0.00668	0.00892	0.01068	0.01117	0.00625	0.00722	0.01074	0.01463	0.01948	0.04175	0.70582	0.04994	0.02366	0.00971	0.00309	0.00449	0.04319	0.00704	0.00619
104	0.01414	0.00707	0.00707	0.00707	0.00884	0.00707	0.00530	0.01767	0.01591	0.02828	0.02474	0.02828	0.01944	0.00884	0.00530	0.00177	0.00353	0.00707	0.77554	0.00707
105	0.01125	0.00814	0.01040	0.01120	0.01197	0.00843	0.00785	0.04326	0.01528	0.02119	0.03595	0.54830	0.04164	0.05524	0.01175	0.00315	0.05867	0.01799	0.07171	0.00665
106	0.02883	0.02125	0.02276	0.01745	0.02352	0.02352	0.01442	0.66082	0.03566	0.04780	0.01821	0.01821	0.01290	0.00911	0.00759	0.00228	0.00835	0.00683	0.00759	0.01290
107	0.14431	0.01724	0.01755	0.01505	0.01984	0.01970	0.01198	0.18818	0.41209	0.03600	0.02454	0.02329	0.01827	0.00948	0.00720	0.00246	0.00655	0.00744	0.00720	0.01162
108	0.00924	0.00660	0.00880	0.01056	0.01100	0.00616	0.00704	0.01056	0.01452	0.01936	0.04181	0.72848	0.05017	0.02376	0.00968	0.00308	0.00440	0.02156	0.00704	0.00616
109	0.01790	0.02046	0.04476	0.03197	0.03964	0.01918	0.65857	0.02430	0.01790	0.02430	0.01535	0.02046	0.01151	0.00639	0.00895	0.00256	0.01279	0.00895	0.00384	0.01023
110	0.01605	0.01531	0.02460	0.40285	0.13116	0.01819	0.06088	0.02289	0.10267	0.02196	0.01561	0.02068	0.01218	0.00843	0.00973	0.00259	0.09359	0.00712	0.00403	0.00950
111	0.02252	0.01811	0.01921	0.01617	0.02112	0.02057	0.01289	0.26769	0.43908	0.03762	0.02623	0.02460	0.01940	0.00986	0.00767	0.00246	0.00686	0.00794	0.00767	0.01233
112	0.00924	0.00660	0.00880	0.01056	0.01100	0.00616	0.00704	0.01056	0.01452	0.01936	0.04181	0.72848	0.05017	0.02376	0.00968	0.00308	0.00440	0.02156	0.00704	0.00616
113	0.01747	0.01937	0.04064	0.11137	0.06984	0.01903	0.52802	0.02342	0.01729	0.02349	0.01485	0.02019	0.01130	0.00684	0.00941	0.00257	0.04262	0.00850	0.00376	0.01002
114	0.01301	0.01093	0.01480	0.01391	0.01484	0.01310	0.01080	0.04371	0.01562	0.02225	0.15340	0.24853	0.03583	0.02205	0.09796	0.00408	0.23909	0.01288	0.00575	0.00743
115	0.00924	0.00660	0.00880	0.01056	0.01100	0.00616	0.00704	0.01056	0.01452	0.01936	0.04181	0.72848	0.05017	0.02376	0.00968	0.00308	0.00440	0.02156	0.00704	0.00616
116	0.02028	0.73799	0.03975	0.01298	0.01947	0.03001	0.01298	0.02271	0.01541	0.01785	0.01055	0.01217	0.00973	0.00649	0.00487	0.00162	0.00811	0.00406	0.00324	0.00973
117	0.00922	0.00670	0.00870	0.01030	0.01093	0.00618	0.00692	0.01059	0.01477	0.01947	0.04501	0.66862	0.10796	0.02335	0.00962	0.00303	0.00435	0.02106	0.00704	0.00618
118	0.02883	0.02125	0.02276	0.01745	0.02352	0.02352	0.01442	0.66082	0.03566	0.04780	0.01821	0.01821	0.01290	0.00911	0.00759	0.00228	0.00835	0.00683	0.00759	0.01290
119	0.01751	0.01947	0.04003	0.06115	0.03681	0.01978	0.51835	0.02303	0.01669	0.02303	0.01433	0.01978	0.01118	0.00764	0.01165	0.00269	0.13491	0.00845	0.00373	0.00981
120	0.02833	0.03615	0.02149	0.01954	0.02345	0.70298	0.01466	0.03029	0.02149	0.01856	0.01172	0.01368	0.00977	0.00782	0.00684	0.00195	0.01368	0.00489	0.00391	0.00879
121	0.01431	0.01327	0.02193	0.51129	0.04247	0.01629	0.04949	0.01866	0.01489	0.01992	0.01612	0.08016	0.01400	0.00959	0.00963	0.00263	0.08803	0.00811	0.04096	0.00824
122	0.00923	0.00665	0.00875	0.01042	0.01097	0.00617	0.00698	0.01058	0.01466	0.01942	0.04350	0.69685	0.08071	0.02354	0.00965	0.00306	0.00437	0.02130	0.00704	0.00617
123	0.01598	0.01694	0.04983	0.21959	0.06789	0.01722	0.25024	0.02095	0.01639	0.02272	0.06428	0.02206	0.01541	0.00820	0.01003	0.00248	0.09340	0.00783	0.00402	0.07451
