[name]
unknown

[dist]
# distance from previous block
# <min> <max>
8	60

[block]
# block no. 0 follows, 24 sequences, length 15
# corresponding to MSA columns:
# 142-156
name=unknown_A
#
# <colnr> <probs for GDERKNQSTAVLIFYWHMCP>
#	G	D	E	R	K	N	Q	S	T	A	V	L	I	F	Y	W	H	M	C	P
0	0.02120	0.72609	0.04155	0.01357	0.02035	0.03138	0.01357	0.02374	0.01611	0.01866	0.01102	0.01272	0.01018	0.00678	0.00509	0.00170	0.00848	0.00424	0.00339	0.01018
1	0.01051	0.00751	0.01018	0.01201	0.01284	0.00717	0.00884	0.01251	0.01602	0.02119	0.04324	0.54543	0.05059	0.02404	0.01035	0.00334	0.00534	0.18487	0.00734	0.00668
2	0.01645	0.11163	0.61440	0.02167	0.03288	0.01975	0.02768	0.02497	0.01668	0.02445	0.01390	0.01633	0.01006	0.00746	0.00728	0.00243	0.01139	0.00569	0.00335	0.01156
3	0.01153	0.00769	0.00865	0.00865	0.00865	0.00769	0.00480	0.01153	0.01153	0.01538	0.02499	0.05189	0.02883	0.72131	0.04036	0.00769	0.00769	0.01153	0.00480	0.00480
4	0.02120	0.72609	0.04155	0.01357	0.02035	0.03138	0.01357	0.02374	0.01611	0.01866	0.01102	0.01272	0.01018	0.00678	0.00509	0.00170	0.00848	0.00424	0.00339	0.01018
5	0.03014	0.02221	0.02380	0.01825	0.02459	0.02459	0.01507	0.64541	0.03728	0.04998	0.01904	0.01904	0.01349	0.00952	0.00793	0.00238	0.00873	0.00714	0.00793	0.01349
6	0.00986	0.00702	0.00925	0.01084	0.01136	0.00657	0.00722	0.01130	0.01539	0.02063	0.07856	0.64005	0.05238	0.06446	0.01182	0.00344	0.00473	0.02144	0.00729	0.00641
7	0.01872	0.02139	0.04679	0.03342	0.04144	0.02005	0.64305	0.02540	0.01872	0.02540	0.01604	0.02139	0.01203	0.00668	0.00936	0.00267	0.01337	0.00936	0.00401	0.01070
8	0.01644	0.01409	0.01644	0.01175	0.01879	0.01057	0.00940	0.01997	0.01644	0.02584	0.01409	0.01644	0.01175	0.00587	0.00587	0.00117	0.00587	0.00470	0.00470	0.76979
9	0.01478	0.00739	0.00739	0.00739	0.00924	0.00739	0.00554	0.01848	0.01663	0.02956	0.02587	0.02956	0.02033	0.00924	0.00554	0.00185	0.00370	0.00739	0.76534	0.00739
10	0.01153	0.00769	0.00865	0.00865	0.00865	0.00769	0.00480	0.01153	0.01153	0.01538	0.02499	0.05189	0.02883	0.72131	0.04036	0.00769	0.00769	0.01153	0.00480	0.00480
11	0.01133	0.00850	0.01274	0.01274	0.01416	0.00991	0.00991	0.01416	0.01274	0.01841	0.02124	0.03115	0.01982	0.05947	0.68989	0.01274	0.02124	0.00850	0.00425	0.00708
12	0.01644	0.01409	0.01644	0.01175	0.01879	0.01057	0.00940	0.01997	0.01644	0.02584	0.01409	0.01644	0.01175	0.00587	0.00587	0.00117	0.00587	0.00470	0.00470	0.76979
13	0.07562	0.67493	0.03940	0.01334	0.01999	0.03040	0.01321	0.02371	0.01592	0.01987	0.01103	0.01273	0.01006	0.00683	0.00508	0.00175	0.00831	0.00424	0.00350	0.01006
14	0.01590	0.04102	0.68023	0.02260	0.03432	0.01842	0.02930	0.02511	0.01674	0.02511	0.01423	0.01674	0.01005	0.00753	0.00753	0.00251	0.01172	0.00586	0.00335	0.01172

[dist]
# distance from previous block
# <min> <max>
0	1

[block]
# block no. 1 follows, 24 sequences, length 7
# corresponding to MSA columns:
# 158-164
name=unknown_B
#
# <colnr> <probs for GDERKNQSTAVLIFYWHMCP>
#	G	D	E	R	K	N	Q	S	T	A	V	L	I	F	Y	W	H	M	C	P
0	0.02120	0.72609	0.04155	0.01357	0.02035	0.03138	0.01357	0.02374	0.01611	0.01866	0.01102	0.01272	0.01018	0.00678	0.00509	0.00170	0.00848	0.00424	0.00339	0.01018
1	0.01153	0.00769	0.00865	0.00865	0.00865	0.00769	0.00480	0.01153	0.01153	0.01538	0.02499	0.05189	0.02883	0.72131	0.04036	0.00769	0.00769	0.01153	0.00480	0.00480
2	0.01133	0.00850	0.01274	0.01274	0.01416	0.00991	0.00991	0.01416	0.01274	0.01841	0.02124	0.03115	0.01982	0.05947	0.68989	0.01274	0.02124	0.00850	0.00425	0.00708
3	0.01093	0.00744	0.00883	0.00942	0.00956	0.00729	0.00562	0.01137	0.01270	0.01694	0.03099	0.26493	0.03640	0.49794	0.03066	0.00626	0.00670	0.01506	0.00562	0.00533
4	0.01648	0.00903	0.00920	0.00859	0.01093	0.00929	0.00660	0.08768	0.01891	0.03182	0.02511	0.02840	0.01957	0.00927	0.00581	0.00191	0.00425	0.00736	0.68173	0.00806
5	0.67579	0.01517	0.01327	0.10258	0.02057	0.01777	0.01038	0.02290	0.01381	0.03354	0.01145	0.01398	0.00885	0.00744	0.00531	0.00248	0.00673	0.00466	0.00472	0.00862
6	0.01644	0.01409	0.01644	0.01175	0.01879	0.01057	0.00940	0.01997	0.01644	0.02584	0.01409	0.01644	0.01175	0.00587	0.00587	0.00117	0.00587	0.00470	0.00470	0.76979

[dist]
# distance from previous block
# <min> <max>
0	5

[block]
# block no. 2 follows, 24 sequences, length 29
# corresponding to MSA columns:
# 170-198
name=unknown_C
#
# <colnr> <probs for GDERKNQSTAVLIFYWHMCP>
#	G	D	E	R	K	N	Q	S	T	A	V	L	I	F	Y	W	H	M	C	P
0	0.72800	0.01579	0.01246	0.01094	0.01595	0.01824	0.00902	0.06438	0.01507	0.03653	0.01157	0.01329	0.00891	0.00750	0.00511	0.00245	0.00631	0.00448	0.00511	0.00891
1	0.01590	0.04102	0.68023	0.02260	0.03432	0.01842	0.02930	0.02511	0.01674	0.02511	0.01423	0.01674	0.01005	0.00753	0.00753	0.00251	0.01172	0.00586	0.00335	0.01172
2	0.02120	0.72609	0.04155	0.01357	0.02035	0.03138	0.01357	0.02374	0.01611	0.01866	0.01102	0.01272	0.01018	0.00678	0.00509	0.00170	0.00848	0.00424	0.00339	0.01018
3	0.00937	0.00803	0.00803	0.00803	0.01071	0.00669	0.00602	0.01138	0.01807	0.02142	0.08033	0.07632	0.66863	0.02008	0.00937	0.00268	0.00402	0.01674	0.00736	0.00669
4	0.01377	0.00689	0.01033	0.01033	0.01033	0.00689	0.00689	0.01033	0.01033	0.01377	0.01377	0.02410	0.01377	0.02755	0.03099	0.76928	0.00689	0.00689	0.00344	0.00344
5	0.01963	0.01884	0.03219	0.04867	0.67185	0.01884	0.02434	0.02434	0.01806	0.02591	0.01492	0.01963	0.01256	0.00707	0.00785	0.00236	0.00942	0.00707	0.00393	0.01256
6	0.01963	0.01884	0.03219	0.04867	0.67185	0.01884	0.02434	0.02434	0.01806	0.02591	0.01492	0.01963	0.01256	0.00707	0.00785	0.00236	0.00942	0.00707	0.00393	0.01256
7	0.01153	0.00769	0.00865	0.00865	0.00865	0.00769	0.00480	0.01153	0.01153	0.01538	0.02499	0.05189	0.02883	0.72131	0.04036	0.00769	0.00769	0.01153	0.00480	0.00480
8	0.01590	0.04102	0.68023	0.02260	0.03432	0.01842	0.02930	0.02511	0.01674	0.02511	0.01423	0.01674	0.01005	0.00753	0.00753	0.00251	0.01172	0.00586	0.00335	0.01172
9	0.00966	0.00690	0.00920	0.01104	0.01150	0.00644	0.00736	0.01104	0.01518	0.02024	0.04371	0.71614	0.05245	0.02484	0.01012	0.00322	0.00460	0.02254	0.00736	0.00644
10	0.00966	0.00690	0.00920	0.01104	0.01150	0.00644	0.00736	0.01104	0.01518	0.02024	0.04371	0.71614	0.05245	0.02484	0.01012	0.00322	0.00460	0.02254	0.00736	0.00644
11	0.01644	0.01409	0.01644	0.01175	0.01879	0.01057	0.00940	0.01997	0.01644	0.02584	0.01409	0.01644	0.01175	0.00587	0.00587	0.00117	0.00587	0.00470	0.00470	0.76979
12	0.01972	0.01703	0.01793	0.01614	0.02062	0.01972	0.01255	0.04214	0.65752	0.03317	0.03228	0.02959	0.02421	0.01076	0.00807	0.00269	0.00628	0.00897	0.00807	0.01255
13	0.01644	0.01409	0.01644	0.01175	0.01879	0.01057	0.00940	0.01997	0.01644	0.02584	0.01409	0.01644	0.01175	0.00587	0.00587	0.00117	0.00587	0.00470	0.00470	0.76979
14	0.01644	0.01409	0.01644	0.01175	0.01879	0.01057	0.00940	0.01997	0.01644	0.02584	0.01409	0.01644	0.01175	0.00587	0.00587	0.00117	0.00587	0.00470	0.00470	0.76979
15	0.00966	0.00690	0.00920	0.01104	0.01150	0.00644	0.00736	0.01104	0.01518	0.02024	0.04371	0.71614	0.05245	0.02484	0.01012	0.00322	0.00460	0.02254	0.00736	0.00644
16	0.03014	0.02221	0.02380	0.01825	0.02459	0.02459	0.01507	0.64541	0.03728	0.04998	0.01904	0.01904	0.01349	0.00952	0.00793	0.00238	0.00873	0.00714	0.00793	0.01349
17	0.01644	0.01409	0.01644	0.01175	0.01879	0.01057	0.00940	0.01997	0.01644	0.02584	0.01409	0.01644	0.01175	0.00587	0.00587	0.00117	0.00587	0.00470	0.00470	0.76979
18	0.03014	0.02221	0.02380	0.01825	0.02459	0.02459	0.01507	0.64541	0.03728	0.04998	0.01904	0.01904	0.01349	0.00952	0.00793	0.00238	0.00873	0.00714	0.00793	0.01349
19	0.01498	0.01409	0.02378	0.70226	0.05462	0.01762	0.02202	0.02026	0.01586	0.02026	0.01409	0.02114	0.01057	0.00793	0.00793	0.00264	0.01057	0.00705	0.00352	0.00881
20	0.03558	0.01350	0.01840	0.01411	0.02024	0.01166	0.01166	0.03865	0.02270	0.67734	0.03128	0.02699	0.01963	0.00981	0.00797	0.00245	0.00675	0.00797	0.00981	0.01350
21	0.11484	0.01369	0.01768	0.01372	0.01972	0.01231	0.01133	0.03701	0.02171	0.60876	0.02912	0.02548	0.01845	0.00955	0.00765	0.00245	0.00668	0.00758	0.00929	0.01297
22	0.00964	0.00697	0.00913	0.01085	0.01145	0.00646	0.00728	0.01106	0.01536	0.02032	0.04601	0.67596	0.09114	0.02454	0.01007	0.00319	0.00456	0.02218	0.00736	0.00646
23	0.01787	0.01438	0.01795	0.01288	0.01991	0.01107	0.03808	0.02150	0.01698	0.07082	0.01537	0.01739	0.01230	0.00618	0.00617	0.00133	0.00627	0.00513	0.00502	0.68338
24	0.66788	0.01672	0.01387	0.01235	0.01718	0.01867	0.00981	0.06684	0.01624	0.03689	0.01379	0.01669	0.01115	0.00976	0.00720	0.03724	0.00702	0.00530	0.00571	0.00971
25	0.07070	0.16224	0.41502	0.07834	0.03124	0.02026	0.02315	0.02521	0.01672	0.06727	0.01453	0.01679	0.01065	0.00757	0.00696	0.00236	0.01030	0.00569	0.00391	0.01108
26	0.08336	0.06206	0.01655	0.01168	0.01735	0.01200	0.00939	0.02086	0.01678	0.09410	0.02333	0.10424	0.06041	0.00968	0.00669	0.00180	0.00589	0.00790	0.00566	0.43025
27	0.14127	0.07571	0.01938	0.01369	0.01957	0.01491	0.01145	0.03540	0.07206	0.47468	0.02666	0.02391	0.01757	0.00927	0.00728	0.00241	0.00677	0.00719	0.00840	0.01242
28	0.10996	0.09214	0.04720	0.01482	0.02034	0.04321	0.01258	0.12006	0.16093	0.20452	0.02553	0.02525	0.04131	0.03720	0.00860	0.00261	0.00746	0.00754	0.00718	0.01157

[dist]
# distance from previous block
# <min> <max>
3	13

[block]
# block no. 3 follows, 24 sequences, length 9
# corresponding to MSA columns:
# 212-220
name=unknown_D
#
# <colnr> <probs for GDERKNQSTAVLIFYWHMCP>
#	G	D	E	R	K	N	Q	S	T	A	V	L	I	F	Y	W	H	M	C	P
0	0.18171	0.00992	0.01112	0.01157	0.01396	0.00986	0.00875	0.01563	0.01545	0.02484	0.03294	0.38074	0.03715	0.01841	0.00864	0.00290	0.00552	0.11445	0.00652	0.08994
1	0.54562	0.04466	0.04809	0.01111	0.01614	0.01677	0.00971	0.04672	0.01552	0.03252	0.02329	0.02409	0.12090	0.00959	0.00593	0.00246	0.00627	0.00660	0.00530	0.00870
2	0.01133	0.00770	0.00902	0.00906	0.00942	0.00755	0.00546	0.01208	0.01367	0.01855	0.13549	0.10547	0.03849	0.54683	0.03272	0.00645	0.00678	0.01288	0.00567	0.00539
3	0.60800	0.13629	0.01739	0.01139	0.01670	0.02047	0.00979	0.05756	0.01525	0.03350	0.01148	0.01319	0.00913	0.00738	0.00510	0.00232	0.00667	0.00444	0.00482	0.00913
4	0.01121	0.00854	0.01085	0.01120	0.01316	0.00738	0.00783	0.01308	0.01547	0.02152	0.03695	0.55653	0.04316	0.02052	0.00915	0.00275	0.00489	0.01847	0.00675	0.18057
5	0.41552	0.01372	0.01320	0.01178	0.01618	0.01474	0.00933	0.02557	0.08078	0.13954	0.02224	0.13638	0.01959	0.01102	0.00666	0.00256	0.00598	0.00849	0.00646	0.04028
6	0.02217	0.64966	0.03963	0.01408	0.02081	0.03064	0.01373	0.09124	0.01841	0.02206	0.01189	0.01341	0.01054	0.00708	0.00540	0.00177	0.00851	0.00455	0.00389	0.01054
7	0.01644	0.01409	0.01644	0.01175	0.01879	0.01057	0.00940	0.01997	0.01644	0.02584	0.01409	0.01644	0.01175	0.00587	0.00587	0.00117	0.00587	0.00470	0.00470	0.76979
8	0.00989	0.00706	0.00946	0.01130	0.01186	0.00664	0.00776	0.01143	0.01541	0.02050	0.04358	0.67056	0.05195	0.02463	0.01018	0.00325	0.00480	0.06588	0.00736	0.00650

[dist]
# distance from previous block
# <min> <max>
0	2

[block]
# block no. 4 follows, 24 sequences, length 11
# corresponding to MSA columns:
# 223-233
name=unknown_E
#
# <colnr> <probs for GDERKNQSTAVLIFYWHMCP>
#	G	D	E	R	K	N	Q	S	T	A	V	L	I	F	Y	W	H	M	C	P
0	0.02139	0.64254	0.07924	0.01454	0.02146	0.07062	0.01463	0.02431	0.01654	0.01910	0.01129	0.01306	0.01017	0.00691	0.00536	0.00177	0.00903	0.00439	0.00343	0.01021
1	0.01377	0.00689	0.01033	0.01033	0.01033	0.00689	0.00689	0.01033	0.01033	0.01377	0.01377	0.02410	0.01377	0.02755	0.03099	0.76928	0.00689	0.00689	0.00344	0.00344
2	0.03558	0.01350	0.01840	0.01411	0.02024	0.01166	0.01166	0.03865	0.02270	0.67734	0.03128	0.02699	0.01963	0.00981	0.00797	0.00245	0.00675	0.00797	0.00981	0.01350
3	0.03014	0.02221	0.02380	0.01825	0.02459	0.02459	0.01507	0.64541	0.03728	0.04998	0.01904	0.01904	0.01349	0.00952	0.00793	0.00238	0.00873	0.00714	0.00793	0.01349
4	0.01590	0.04102	0.68023	0.02260	0.03432	0.01842	0.02930	0.02511	0.01674	0.02511	0.01423	0.01674	0.01005	0.00753	0.00753	0.00251	0.01172	0.00586	0.00335	0.01172
5	0.00990	0.00707	0.00947	0.01131	0.01187	0.00664	0.00777	0.01145	0.01541	0.02051	0.04358	0.66890	0.05193	0.02462	0.01018	0.00325	0.00480	0.06747	0.00736	0.00651
6	0.01055	0.00780	0.00997	0.01149	0.01231	0.00761	0.00782	0.01379	0.07195	0.02139	0.04270	0.65547	0.04995	0.02360	0.00994	0.00317	0.00475	0.02134	0.00742	0.00698
7	0.00999	0.00704	0.00910	0.01062	0.01099	0.00666	0.00691	0.01113	0.01453	0.01938	0.04037	0.59780	0.04824	0.14892	0.01551	0.00402	0.00515	0.02058	0.00691	0.00615
8	0.00966	0.00690	0.00920	0.01104	0.01150	0.00644	0.00736	0.01104	0.01518	0.02024	0.04371	0.71614	0.05245	0.02484	0.01012	0.00322	0.00460	0.02254	0.00736	0.00644
9	0.01644	0.01409	0.01644	0.01175	0.01879	0.01057	0.00940	0.01997	0.01644	0.02584	0.01409	0.01644	0.01175	0.00587	0.00587	0.00117	0.00587	0.00470	0.00470	0.76979
10	0.10808	0.03465	0.51905	0.01982	0.03015	0.01739	0.02439	0.02427	0.01631	0.02647	0.01383	0.01624	0.01007	0.00731	0.00702	0.00234	0.01034	0.00553	0.00370	0.10304

[dist]
# distance from previous block
# <min> <max>
0	4

[block]
# block no. 5 follows, 24 sequences, length 7
# corresponding to MSA columns:
# 238-244
name=unknown_F
#
# <colnr> <probs for GDERKNQSTAVLIFYWHMCP>
#	G	D	E	R	K	N	Q	S	T	A	V	L	I	F	Y	W	H	M	C	P
0	0.02029	0.55455	0.11083	0.01730	0.02479	0.02841	0.10280	0.02412	0.01654	0.02029	0.01207	0.01436	0.01042	0.00685	0.00594	0.00192	0.00951	0.00513	0.00347	0.01041
1	0.02015	0.59008	0.16835	0.01536	0.02313	0.02880	0.01669	0.02402	0.01624	0.01994	0.01166	0.01352	0.01015	0.00693	0.00557	0.00186	0.00912	0.00456	0.00338	0.01048
2	0.01521	0.00919	0.01101	0.01036	0.01341	0.00804	0.00813	0.01782	0.01948	0.15327	0.14639	0.09652	0.36052	0.01793	0.00930	0.00274	0.00490	0.07953	0.00803	0.00821
3	0.01377	0.00689	0.01033	0.01033	0.01033	0.00689	0.00689	0.01033	0.01033	0.01377	0.01377	0.02410	0.01377	0.02755	0.03099	0.76928	0.00689	0.00689	0.00344	0.00344
4	0.62598	0.01509	0.01406	0.14777	0.02313	0.01776	0.01126	0.02270	0.01396	0.03254	0.01165	0.01452	0.00898	0.00747	0.00551	0.00249	0.00701	0.00484	0.00463	0.00863
5	0.03340	0.01301	0.01770	0.01374	0.01949	0.01128	0.01128	0.03652	0.02267	0.61952	0.08828	0.02988	0.02457	0.01039	0.00810	0.00246	0.00648	0.00854	0.00972	0.01296
6	0.02623	0.01823	0.02054	0.01546	0.02201	0.01802	0.01266	0.34800	0.02816	0.12901	0.01906	0.01926	0.01375	0.00832	0.00724	0.00198	0.00748	0.00642	0.00709	0.27108

[dist]
# distance from previous block
# <min> <max>
1	4

[block]
# block no. 6 follows, 24 sequences, length 6
# corresponding to MSA columns:
# 249-254
name=unknown_G
#
# <colnr> <probs for GDERKNQSTAVLIFYWHMCP>
#	G	D	E	R	K	N	Q	S	T	A	V	L	I	F	Y	W	H	M	C	P
0	0.02120	0.72609	0.04155	0.01357	0.02035	0.03138	0.01357	0.02374	0.01611	0.01866	0.01102	0.01272	0.01018	0.00678	0.00509	0.00170	0.00848	0.00424	0.00339	0.01018
1	0.00966	0.00690	0.00920	0.01104	0.01150	0.00644	0.00736	0.01104	0.01518	0.02024	0.04371	0.71614	0.05245	0.02484	0.01012	0.00322	0.00460	0.02254	0.00736	0.00644
2	0.01153	0.00769	0.00865	0.00865	0.00865	0.00769	0.00480	0.01153	0.01153	0.01538	0.02499	0.05189	0.02883	0.72131	0.04036	0.00769	0.00769	0.01153	0.00480	0.00480
3	0.77733	0.01534	0.01166	0.01043	0.01534	0.01779	0.00859	0.02331	0.01350	0.03558	0.01104	0.01288	0.00859	0.00736	0.00491	0.00245	0.00613	0.00429	0.00491	0.00859
4	0.12330	0.01981	0.02109	0.01657	0.02254	0.02170	0.01361	0.43873	0.08704	0.12512	0.02073	0.02019	0.01458	0.00940	0.00757	0.00243	0.00794	0.00705	0.00780	0.01279
5	0.05952	0.07651	0.06150	0.01286	0.01783	0.01317	0.01122	0.05602	0.02043	0.25471	0.13330	0.07546	0.02852	0.01109	0.00753	0.00231	0.00625	0.00911	0.09534	0.04733

[dist]
# distance from previous block
# <min> <max>
0	4

[block]
# block no. 7 follows, 24 sequences, length 40
# corresponding to MSA columns:
# 259-298
name=unknown_H
#
# <colnr> <probs for GDERKNQSTAVLIFYWHMCP>
#	G	D	E	R	K	N	Q	S	T	A	V	L	I	F	Y	W	H	M	C	P
0	0.02527	0.01823	0.01990	0.01654	0.02186	0.02020	0.01325	0.23721	0.36954	0.12682	0.02785	0.02581	0.02010	0.01023	0.00801	0.00256	0.00713	0.00824	0.00826	0.01298
1	0.02539	0.03031	0.02022	0.01813	0.02238	0.48385	0.01365	0.02940	0.07762	0.02158	0.01671	0.06984	0.01491	0.00937	0.00728	0.00207	0.01168	0.00673	0.00478	0.11410
2	0.12295	0.17554	0.02098	0.01206	0.01812	0.01600	0.01019	0.02163	0.01623	0.06425	0.01658	0.07654	0.01496	0.00817	0.00606	0.00172	0.00644	0.00629	0.00497	0.38029
3	0.02710	0.24428	0.02820	0.01837	0.02327	0.49205	0.01480	0.02929	0.02056	0.01918	0.01189	0.01383	0.01020	0.00776	0.00653	0.00194	0.01255	0.00485	0.00388	0.00949
4	0.07398	0.02267	0.02238	0.01748	0.02358	0.08670	0.01427	0.50126	0.03284	0.04433	0.01753	0.01802	0.01274	0.00898	0.00752	0.00226	0.00888	0.00659	0.00713	0.07085
5	0.00951	0.00804	0.00823	0.00818	0.01080	0.00675	0.00614	0.01166	0.01841	0.02222	0.12543	0.07500	0.62304	0.01979	0.00937	0.00266	0.00400	0.01655	0.00747	0.00675
6	0.00951	0.00804	0.00822	0.00817	0.01079	0.00675	0.00613	0.01164	0.01839	0.02217	0.12275	0.07508	0.62574	0.01980	0.00937	0.00266	0.00400	0.01656	0.00746	0.00675
7	0.00946	0.00768	0.00840	0.00897	0.01096	0.00662	0.00644	0.01128	0.01718	0.02106	0.06898	0.27467	0.47760	0.02156	0.00960	0.00285	0.00420	0.01854	0.00736	0.00662
8	0.01844	0.02062	0.04363	0.07723	0.06426	0.02006	0.54874	0.02471	0.01818	0.02477	0.01559	0.02111	0.01188	0.00714	0.01004	0.00270	0.04742	0.00900	0.00395	0.01054
9	0.02120	0.72609	0.04155	0.01357	0.02035	0.03138	0.01357	0.02374	0.01611	0.01866	0.01102	0.01272	0.01018	0.00678	0.00509	0.00170	0.00848	0.00424	0.00339	0.01018
10	0.01478	0.00739	0.00739	0.00739	0.00924	0.00739	0.00554	0.01848	0.01663	0.02956	0.02587	0.02956	0.02033	0.00924	0.00554	0.00185	0.00370	0.00739	0.76534	0.00739
11	0.01278	0.00913	0.01278	0.01460	0.01643	0.00913	0.01278	0.01643	0.01825	0.02373	0.04199	0.08945	0.04564	0.02191	0.01095	0.00365	0.00730	0.61847	0.00730	0.00730
12	0.01377	0.00689	0.01033	0.01033	0.01033	0.00689	0.00689	0.01033	0.01033	0.01377	0.01377	0.02410	0.01377	0.02755	0.03099	0.76928	0.00689	0.00689	0.00344	0.00344
13	0.03014	0.02221	0.02380	0.01825	0.02459	0.02459	0.01507	0.64541	0.03728	0.04998	0.01904	0.01904	0.01349	0.00952	0.00793	0.00238	0.00873	0.00714	0.00793	0.01349
14	0.74029	0.01568	0.01226	0.01082	0.01579	0.01813	0.00891	0.05415	0.01467	0.03629	0.01144	0.01319	0.00883	0.00747	0.00506	0.00245	0.00626	0.00444	0.00506	0.00883
15	0.01153	0.00769	0.00865	0.00865	0.00865	0.00769	0.00480	0.01153	0.01153	0.01538	0.02499	0.05189	0.02883	0.72131	0.04036	0.00769	0.00769	0.01153	0.00480	0.00480
16	0.03014	0.02221	0.02380	0.01825	0.02459	0.02459	0.01507	0.64541	0.03728	0.04998	0.01904	0.01904	0.01349	0.00952	0.00793	0.00238	0.00873	0.00714	0.00793	0.01349
17	0.03558	0.01350	0.01840	0.01411	0.02024	0.01166	0.01166	0.03865	0.02270	0.67734	0.03128	0.02699	0.01963	0.00981	0.00797	0.00245	0.00675	0.00797	0.00981	0.01350
18	0.01498	0.01409	0.02378	0.70226	0.05462	0.01762	0.02202	0.02026	0.01586	0.02026	0.01409	0.02114	0.01057	0.00793	0.00793	0.00264	0.01057	0.00705	0.00352	0.00881
19	0.01590	0.04102	0.68023	0.02260	0.03432	0.01842	0.02930	0.02511	0.01674	0.02511	0.01423	0.01674	0.01005	0.00753	0.00753	0.00251	0.01172	0.00586	0.00335	0.01172
20	0.02013	0.01979	0.03170	0.04726	0.63955	0.05231	0.02389	0.02470	0.01828	0.02558	0.01478	0.01936	0.01244	0.00712	0.00782	0.00234	0.00966	0.00697	0.00393	0.01239
21	0.00966	0.00690	0.00920	0.01104	0.01150	0.00644	0.00736	0.01104	0.01518	0.02024	0.04371	0.71614	0.05245	0.02484	0.01012	0.00322	0.00460	0.02254	0.00736	0.00644
22	0.01610	0.03964	0.63577	0.02336	0.03482	0.01853	0.07237	0.02513	0.01688	0.02513	0.01436	0.01707	0.01018	0.00747	0.00766	0.00252	0.01184	0.00611	0.00339	0.01165
23	0.01498	0.01409	0.02378	0.70226	0.05462	0.01762	0.02202	0.02026	0.01586	0.02026	0.01409	0.02114	0.01057	0.00793	0.00793	0.00264	0.01057	0.00705	0.00352	0.00881
24	0.02202	0.01049	0.01406	0.01181	0.01557	0.00933	0.00933	0.02546	0.02256	0.31794	0.38558	0.04494	0.05036	0.01338	0.00874	0.00248	0.00507	0.01152	0.00921	0.01015
25	0.01122	0.00811	0.01060	0.00998	0.01185	0.00748	0.00748	0.01496	0.02245	0.03180	0.66766	0.05923	0.07482	0.01621	0.00935	0.00249	0.00374	0.01434	0.00873	0.00748
26	0.02430	0.02350	0.02023	0.01767	0.02240	0.19775	0.01376	0.15261	0.37316	0.03269	0.02450	0.02356	0.01849	0.00984	0.00780	0.00246	0.00886	0.00760	0.00699	0.01184
27	0.01590	0.04102	0.68023	0.02260	0.03432	0.01842	0.02930	0.02511	0.01674	0.02511	0.01423	0.01674	0.01005	0.00753	0.00753	0.00251	0.01172	0.00586	0.00335	0.01172
28	0.01963	0.01884	0.03219	0.04867	0.67185	0.01884	0.02434	0.02434	0.01806	0.02591	0.01492	0.01963	0.01256	0.00707	0.00785	0.00236	0.00942	0.00707	0.00393	0.01256
29	0.00966	0.00690	0.00920	0.01104	0.01150	0.00644	0.00736	0.01104	0.01518	0.02024	0.04371	0.71614	0.05245	0.02484	0.01012	0.00322	0.00460	0.02254	0.00736	0.00644
30	0.67510	0.01508	0.01258	0.01094	0.01601	0.01694	0.00901	0.02542	0.01476	0.12402	0.01383	0.01483	0.01011	0.00770	0.00533	0.00245	0.00622	0.00480	0.00558	0.00926
31	0.01773	0.01680	0.02846	0.22592	0.46157	0.01774	0.02265	0.02240	0.01727	0.02401	0.01646	0.06298	0.01447	0.00840	0.00801	0.00249	0.00944	0.00801	0.00403	0.01115
32	0.07581	0.01416	0.01919	0.01845	0.10906	0.01329	0.01293	0.03398	0.07021	0.44368	0.08194	0.02805	0.02302	0.00990	0.00789	0.00246	0.00679	0.00824	0.00847	0.01248
33	0.01385	0.00946	0.01127	0.01162	0.05292	0.00823	0.00811	0.01639	0.01926	0.11340	0.14351	0.06387	0.46397	0.01738	0.00908	0.00260	0.00469	0.01463	0.00766	0.00809
34	0.02780	0.01924	0.02166	0.01691	0.02252	0.02085	0.01388	0.43220	0.05467	0.12910	0.06295	0.02290	0.01846	0.01013	0.00902	0.00241	0.04989	0.00766	0.00781	0.04995
35	0.06690	0.01621	0.01746	0.01511	0.01966	0.01803	0.01192	0.12752	0.38939	0.08517	0.11650	0.03088	0.02828	0.01105	0.00803	0.00258	0.00632	0.00908	0.00808	0.01183
36	0.02818	0.01284	0.01674	0.01342	0.01853	0.01161	0.01082	0.05442	0.06075	0.44465	0.14219	0.05947	0.03029	0.01139	0.00820	0.00244	0.00613	0.00954	0.00910	0.04928
37	0.07287	0.01747	0.01930	0.01564	0.02127	0.01859	0.01263	0.21947	0.24302	0.18246	0.02546	0.02386	0.01810	0.00961	0.00765	0.00242	0.00708	0.00760	0.00798	0.06749
38	0.14837	0.01412	0.01626	0.01309	0.01848	0.01369	0.01060	0.06208	0.09917	0.30921	0.06334	0.02536	0.02045	0.00937	0.00718	0.00229	0.00625	0.00740	0.04513	0.10815
39	0.33088	0.01510	0.01452	0.01251	0.01708	0.01676	0.01006	0.11724	0.13838	0.08553	0.05999	0.02285	0.01856	0.00927	0.00652	0.00242	0.00614	0.00686	0.09912	0.01020

[dist]
# distance from previous block
# <min> <max>
1	28

[block]
# block no. 8 follows, 24 sequences, length 9
# corresponding to MSA columns:
# 327-335
name=unknown_I
#
# <colnr> <probs for GDERKNQSTAVLIFYWHMCP>
#	G	D	E	R	K	N	Q	S	T	A	V	L	I	F	Y	W	H	M	C	P
0	0.02042	0.01662	0.02166	0.26056	0.11050	0.07936	0.01709	0.02561	0.06635	0.13542	0.02514	0.02755	0.08352	0.01015	0.00945	0.00259	0.06418	0.00820	0.00546	0.01015
1	0.10606	0.08091	0.02130	0.01559	0.02139	0.19093	0.01259	0.15728	0.02264	0.09135	0.01571	0.01675	0.01200	0.00784	0.00667	0.00195	0.00897	0.00555	0.00562	0.19892
2	0.02124	0.01522	0.06846	0.08743	0.02277	0.01373	0.01318	0.05335	0.15160	0.21242	0.18098	0.03601	0.06582	0.01167	0.00835	0.00255	0.00667	0.00985	0.00782	0.01088
3	0.01971	0.09168	0.07127	0.01435	0.01894	0.01677	0.01265	0.10643	0.09258	0.08142	0.02091	0.02342	0.01642	0.01603	0.10100	0.00366	0.06359	0.00704	0.15453	0.06760
4	0.01663	0.09010	0.02140	0.01553	0.01946	0.06723	0.10712	0.02231	0.08129	0.05332	0.36109	0.04086	0.04626	0.01234	0.00855	0.00242	0.00692	0.01101	0.00705	0.00911
5	0.01840	0.01759	0.02997	0.22124	0.50888	0.01852	0.02373	0.02326	0.01748	0.02442	0.01470	0.02003	0.01204	0.00729	0.00787	0.00243	0.00972	0.00706	0.00382	0.01157
6	0.02921	0.01763	0.11952	0.01527	0.02178	0.01310	0.01412	0.03503	0.07931	0.46809	0.07859	0.02818	0.02289	0.01005	0.00802	0.00249	0.00723	0.00824	0.00858	0.01267
7	0.02016	0.01450	0.01896	0.01372	0.02067	0.01145	0.05480	0.02382	0.01777	0.14681	0.01743	0.01875	0.01323	0.00666	0.00651	0.00152	0.00657	0.00564	0.00560	0.57543
8	0.01775	0.03843	0.61807	0.02180	0.03300	0.01778	0.02764	0.02638	0.01730	0.08637	0.01583	0.01770	0.01095	0.00775	0.00758	0.00251	0.01125	0.00606	0.00396	0.01189

[dist]
# distance from previous block
# <min> <max>
0	11

[block]
# block no. 9 follows, 24 sequences, length 19
# corresponding to MSA columns:
# 347-365
name=unknown_J
#
# <colnr> <probs for GDERKNQSTAVLIFYWHMCP>
#	G	D	E	R	K	N	Q	S	T	A	V	L	I	F	Y	W	H	M	C	P
0	0.01508	0.03609	0.58199	0.02084	0.03100	0.01672	0.02609	0.02329	0.01695	0.02510	0.05643	0.07934	0.01762	0.00955	0.00787	0.00257	0.01062	0.00781	0.00402	0.01101
1	0.01610	0.00866	0.00880	0.00832	0.01056	0.00887	0.00636	0.07228	0.01840	0.03132	0.02528	0.02866	0.01974	0.00926	0.00575	0.00189	0.00413	0.00737	0.70034	0.00791
2	0.01122	0.00811	0.01060	0.00998	0.01185	0.00748	0.00748	0.01496	0.02245	0.03180	0.66766	0.05923	0.07482	0.01621	0.00935	0.00249	0.00374	0.01434	0.00873	0.00748
3	0.02120	0.72609	0.04155	0.01357	0.02035	0.03138	0.01357	0.02374	0.01611	0.01866	0.01102	0.01272	0.01018	0.00678	0.00509	0.00170	0.00848	0.00424	0.00339	0.01018
4	0.01644	0.01409	0.01644	0.01175	0.01879	0.01057	0.00940	0.01997	0.01644	0.02584	0.01409	0.01644	0.01175	0.00587	0.00587	0.00117	0.00587	0.00470	0.00470	0.76979
5	0.06379	0.01521	0.01786	0.01486	0.02018	0.01565	0.01192	0.03951	0.31353	0.35108	0.03077	0.02751	0.02120	0.01013	0.00787	0.00256	0.00650	0.00825	0.00878	0.01283
6	0.01062	0.00808	0.00977	0.00935	0.01148	0.00723	0.00701	0.01380	0.02103	0.02844	0.47741	0.06477	0.26717	0.01747	0.00936	0.00255	0.00383	0.01512	0.00829	0.00723
7	0.01122	0.00811	0.01060	0.00998	0.01185	0.00748	0.00748	0.01496	0.02245	0.03180	0.66766	0.05923	0.07482	0.01621	0.00935	0.00249	0.00374	0.01434	0.00873	0.00748
8	0.01153	0.00769	0.00865	0.00865	0.00865	0.00769	0.00480	0.01153	0.01153	0.01538	0.02499	0.05189	0.02883	0.72131	0.04036	0.00769	0.00769	0.01153	0.00480	0.00480
9	0.01644	0.01409	0.01644	0.01175	0.01879	0.01057	0.00940	0.01997	0.01644	0.02584	0.01409	0.01644	0.01175	0.00587	0.00587	0.00117	0.00587	0.00470	0.00470	0.76979
10	0.01151	0.00776	0.00899	0.00899	0.00911	0.00787	0.00523	0.01175	0.01163	0.01563	0.02467	0.05016	0.02808	0.66613	0.09452	0.00811	0.00882	0.01128	0.00476	0.00499
11	0.01644	0.01409	0.01644	0.01175	0.01879	0.01057	0.00940	0.01997	0.01644	0.02584	0.01409	0.01644	0.01175	0.00587	0.00587	0.00117	0.00587	0.00470	0.00470	0.76979
12	0.01097	0.00810	0.01025	0.00971	0.01169	0.00737	0.00728	0.01447	0.02185	0.03038	0.58711	0.06158	0.15626	0.01674	0.00936	0.00252	0.00378	0.01467	0.00854	0.00737
13	0.02545	0.03112	0.02124	0.01942	0.02246	0.50881	0.01473	0.02737	0.02004	0.01945	0.01555	0.09458	0.01505	0.01095	0.01041	0.00240	0.12042	0.00737	0.00436	0.00880
14	0.01963	0.01884	0.03219	0.04867	0.67185	0.01884	0.02434	0.02434	0.01806	0.02591	0.01492	0.01963	0.01256	0.00707	0.00785	0.00236	0.00942	0.00707	0.00393	0.01256
15	0.10638	0.01858	0.02550	0.24208	0.27704	0.05984	0.02001	0.10836	0.01975	0.02815	0.01462	0.01893	0.01147	0.00777	0.00751	0.00244	0.00961	0.00664	0.00447	0.01086
16	0.05944	0.03074	0.02190	0.09693	0.02722	0.45793	0.01553	0.09434	0.07732	0.02454	0.01483	0.01682	0.01172	0.00847	0.00730	0.00222	0.01226	0.00583	0.00480	0.00985
17	0.33855	0.01550	0.01489	0.01255	0.01727	0.01709	0.01018	0.18390	0.05791	0.07420	0.06759	0.02383	0.04469	0.00960	0.00661	0.00240	0.00635	0.00705	0.07976	0.01008
18	0.13763	0.02073	0.02082	0.01635	0.02237	0.05220	0.01336	0.42396	0.06258	0.04286	0.01767	0.01816	0.01297	0.00879	0.00723	0.00225	0.00815	0.00645	0.00695	0.09852

[dist]
# distance from previous block
# <min> <max>
18	55

[block]
# block no. 10 follows, 24 sequences, length 25
# corresponding to MSA columns:
# 428-452
name=unknown_K
#
# <colnr> <probs for GDERKNQSTAVLIFYWHMCP>
#	G	D	E	R	K	N	Q	S	T	A	V	L	I	F	Y	W	H	M	C	P
0	0.01788	0.29685	0.44172	0.01923	0.02910	0.02326	0.02342	0.02460	0.01651	0.02270	0.01303	0.01524	0.01009	0.00725	0.00662	0.00221	0.01051	0.00525	0.00336	0.01114
1	0.01815	0.33150	0.40941	0.01877	0.02840	0.02391	0.02263	0.02453	0.01648	0.02238	0.01287	0.01504	0.01010	0.00722	0.00650	0.00217	0.01035	0.00517	0.00337	0.01107
2	0.01711	0.19648	0.53529	0.02055	0.03115	0.02136	0.02573	0.02480	0.01660	0.02365	0.01350	0.01583	0.01007	0.00736	0.00698	0.00233	0.01098	0.00549	0.00336	0.01137
3	0.01733	0.22591	0.50785	0.02016	0.03055	0.02191	0.02505	0.02474	0.01657	0.02337	0.01337	0.01566	0.01008	0.00733	0.00687	0.00229	0.01085	0.00542	0.00336	0.01130
4	0.01849	0.22647	0.46751	0.01964	0.02969	0.02156	0.02398	0.02552	0.01692	0.06113	0.01434	0.01624	0.01064	0.00746	0.00689	0.00229	0.01055	0.00554	0.00373	0.01140
5	0.01783	0.29038	0.44775	0.01931	0.02924	0.02313	0.02357	0.02462	0.01651	0.02276	0.01306	0.01528	0.01009	0.00726	0.00664	0.00221	0.01054	0.00527	0.00336	0.01116
6	0.01803	0.31639	0.42351	0.01897	0.02871	0.02363	0.02298	0.02456	0.01649	0.02252	0.01294	0.01513	0.01010	0.00723	0.00655	0.00218	0.01042	0.00521	0.00337	0.01110
7	0.01713	0.19909	0.53286	0.02052	0.03110	0.02141	0.02567	0.02480	0.01660	0.02362	0.01349	0.01581	0.01008	0.00736	0.00697	0.00232	0.01097	0.00549	0.00336	0.01136
8	0.01763	0.03874	0.60089	0.02208	0.03315	0.01916	0.02758	0.10008	0.01922	0.02812	0.01481	0.01702	0.01046	0.00777	0.00758	0.00250	0.01136	0.00601	0.00390	0.01193
9	0.01747	0.24392	0.49107	0.01993	0.03018	0.02225	0.02464	0.02471	0.01656	0.02320	0.01328	0.01555	0.01008	0.00731	0.00681	0.00227	0.01076	0.00538	0.00336	0.01126
10	0.10850	0.11190	0.53044	0.02015	0.03052	0.01974	0.02510	0.02475	0.01628	0.02568	0.01350	0.01584	0.00988	0.00743	0.00695	0.00242	0.01069	0.00550	0.00354	0.01117
11	0.01590	0.04102	0.68023	0.02260	0.03432	0.01842	0.02930	0.02511	0.01674	0.02511	0.01423	0.01674	0.01005	0.00753	0.00753	0.00251	0.01172	0.00586	0.00335	0.01172
12	0.01590	0.04102	0.68023	0.02260	0.03432	0.01842	0.02930	0.02511	0.01674	0.02511	0.01423	0.01674	0.01005	0.00753	0.00753	0.00251	0.01172	0.00586	0.00335	0.01172
13	0.00937	0.00803	0.00803	0.00803	0.01071	0.00669	0.00602	0.01138	0.01807	0.02142	0.08033	0.07632	0.66863	0.02008	0.00937	0.00268	0.00402	0.01674	0.00736	0.00669
14	0.02120	0.72609	0.04155	0.01357	0.02035	0.03138	0.01357	0.02374	0.01611	0.01866	0.01102	0.01272	0.01018	0.00678	0.00509	0.00170	0.00848	0.00424	0.00339	0.01018
15	0.01122	0.00811	0.01060	0.00998	0.01185	0.00748	0.00748	0.01496	0.02245	0.03180	0.66766	0.05923	0.07482	0.01621	0.00935	0.00249	0.00374	0.01434	0.00873	0.00748
16	0.01122	0.00811	0.01060	0.00998	0.01185	0.00748	0.00748	0.01496	0.02245	0.03180	0.66766	0.05923	0.07482	0.01621	0.00935	0.00249	0.00374	0.01434	0.00873	0.00748
17	0.01972	0.01703	0.01793	0.01614	0.02062	0.01972	0.01255	0.04214	0.65752	0.03317	0.03228	0.02959	0.02421	0.01076	0.00807	0.00269	0.00628	0.00897	0.00807	0.01255
18	0.01122	0.00811	0.01060	0.00998	0.01185	0.00748	0.00748	0.01496	0.02245	0.03180	0.66766	0.05923	0.07482	0.01621	0.00935	0.00249	0.00374	0.01434	0.00873	0.00748
19	0.01590	0.04102	0.68023	0.02260	0.03432	0.01842	0.02930	0.02511	0.01674	0.02511	0.01423	0.01674	0.01005	0.00753	0.00753	0.00251	0.01172	0.00586	0.00335	0.01172
20	0.01963	0.01884	0.03219	0.04867	0.67185	0.01884	0.02434	0.02434	0.01806	0.02591	0.01492	0.01963	0.01256	0.00707	0.00785	0.00236	0.00942	0.00707	0.00393	0.01256
21	0.01498	0.01409	0.02378	0.70226	0.05462	0.01762	0.02202	0.02026	0.01586	0.02026	0.01409	0.02114	0.01057	0.00793	0.00793	0.00264	0.01057	0.00705	0.00352	0.00881
22	0.01498	0.01409	0.02378	0.70226	0.05462	0.01762	0.02202	0.02026	0.01586	0.02026	0.01409	0.02114	0.01057	0.00793	0.00793	0.00264	0.01057	0.00705	0.00352	0.00881
23	0.15407	0.01993	0.02070	0.01621	0.02208	0.02202	0.01336	0.48328	0.03163	0.07405	0.01859	0.01890	0.01329	0.00916	0.00731	0.00237	0.00795	0.00671	0.04604	0.01236
24	0.10105	0.01396	0.01487	0.01348	0.01739	0.01515	0.01044	0.05768	0.31370	0.08779	0.06599	0.11750	0.11148	0.01342	0.00819	0.00268	0.00580	0.01119	0.00773	0.01051

[dist]
# distance from previous block
# <min> <max>
3	34

[block]
# block no. 11 follows, 24 sequences, length 7
# corresponding to MSA columns:
# 487-493
name=unknown_L
#
# <colnr> <probs for GDERKNQSTAVLIFYWHMCP>
#	G	D	E	R	K	N	Q	S	T	A	V	L	I	F	Y	W	H	M	C	P
0	0.12881	0.01252	0.01401	0.01261	0.01586	0.01308	0.00986	0.16541	0.02299	0.05809	0.23757	0.17280	0.04256	0.01510	0.00855	0.00266	0.00574	0.04503	0.00767	0.00907
1	0.34273	0.02004	0.01783	0.01485	0.01981	0.09437	0.01205	0.25295	0.02370	0.03816	0.05083	0.01810	0.01436	0.00903	0.00745	0.00243	0.03872	0.00611	0.00608	0.01040
2	0.09285	0.01677	0.02474	0.31424	0.03822	0.01869	0.10668	0.11740	0.08272	0.02867	0.01662	0.02052	0.01246	0.00805	0.00769	0.00248	0.00947	0.00713	0.00493	0.06964
3	0.26486	0.01231	0.01199	0.01074	0.01343	0.01340	0.00778	0.10651	0.01693	0.02855	0.08236	0.03513	0.02450	0.31677	0.02108	0.00471	0.00694	0.00881	0.00567	0.00755
4	0.09097	0.01095	0.01281	0.01133	0.01459	0.01080	0.00883	0.05120	0.07162	0.12474	0.38281	0.04726	0.10288	0.01401	0.00855	0.00251	0.00487	0.01188	0.00831	0.00907
5	0.02989	0.02045	0.02245	0.01744	0.02358	0.02226	0.01433	0.49888	0.09650	0.13817	0.02210	0.02122	0.01543	0.00968	0.00795	0.00242	0.00820	0.00744	0.00822	0.01339
6	0.01800	0.01725	0.02664	0.41087	0.26585	0.05019	0.02218	0.05182	0.01795	0.02359	0.01453	0.02019	0.01138	0.00772	0.00786	0.00250	0.01026	0.00697	0.00390	0.01035

[dist]
# distance from previous block
# <min> <max>
0	8

[block]
# block no. 12 follows, 24 sequences, length 10
# corresponding to MSA columns:
# 502-511
name=unknown_M
#
# <colnr> <probs for GDERKNQSTAVLIFYWHMCP>
#	G	D	E	R	K	N	Q	S	T	A	V	L	I	F	Y	W	H	M	C	P
0	0.10178	0.01426	0.01782	0.01381	0.01942	0.01332	0.01134	0.02982	0.01891	0.36165	0.02225	0.02162	0.01535	0.00891	0.00903	0.00221	0.08181	0.00659	0.00722	0.22289
1	0.09867	0.01523	0.02011	0.01459	0.02154	0.01265	0.09655	0.02108	0.01644	0.02683	0.01403	0.01674	0.01144	0.00614	0.00625	0.00152	0.00693	0.00530	0.00463	0.58333
2	0.01810	0.02030	0.04381	0.03149	0.03900	0.01902	0.59067	0.02454	0.01902	0.02593	0.06974	0.02451	0.01721	0.00747	0.00936	0.00266	0.01258	0.00977	0.00440	0.01043
3	0.01590	0.04102	0.68023	0.02260	0.03432	0.01842	0.02930	0.02511	0.01674	0.02511	0.01423	0.01674	0.01005	0.00753	0.00753	0.00251	0.01172	0.00586	0.00335	0.01172
4	0.00988	0.00707	0.00939	0.01089	0.01155	0.00658	0.00738	0.01158	0.01618	0.02183	0.12961	0.62570	0.05553	0.02366	0.01002	0.00312	0.00448	0.02141	0.00755	0.00658
5	0.00937	0.00803	0.00803	0.00803	0.01071	0.00669	0.00602	0.01138	0.01807	0.02142	0.08033	0.07632	0.66863	0.02008	0.00937	0.00268	0.00402	0.01674	0.00736	0.00669
6	0.00966	0.00690	0.00920	0.01104	0.01150	0.00644	0.00736	0.01104	0.01518	0.02024	0.04371	0.71614	0.05245	0.02484	0.01012	0.00322	0.00460	0.02254	0.00736	0.00644
7	0.01917	0.01837	0.03135	0.11343	0.61070	0.01872	0.02411	0.02393	0.01784	0.02535	0.01483	0.01978	0.01236	0.00715	0.00786	0.00238	0.00953	0.00706	0.00389	0.01219
8	0.01498	0.01409	0.02378	0.70226	0.05462	0.01762	0.02202	0.02026	0.01586	0.02026	0.01409	0.02114	0.01057	0.00793	0.00793	0.00264	0.01057	0.00705	0.00352	0.00881
9	0.06982	0.01896	0.01992	0.01597	0.02132	0.02107	0.01299	0.42894	0.12971	0.04371	0.02158	0.02177	0.01581	0.00955	0.00745	0.00236	0.00750	0.00729	0.11206	0.01222

[dist]
# distance from previous block
# <min> <max>
0	3

[block]
# block no. 13 follows, 24 sequences, length 21
# corresponding to MSA columns:
# 519-529,535-544
name=unknown_N
#
# <colnr> <probs for GDERKNQSTAVLIFYWHMCP>
#	G	D	E	R	K	N	Q	S	T	A	V	L	I	F	Y	W	H	M	C	P
0	0.03114	0.02062	0.02281	0.01749	0.02380	0.02223	0.01445	0.53464	0.03462	0.16451	0.02127	0.02049	0.01461	0.00957	0.00794	0.00239	0.00836	0.00729	0.00828	0.01349
1	0.01158	0.00906	0.01092	0.00995	0.01281	0.00776	0.00748	0.01464	0.01960	0.02711	0.34777	0.12063	0.20129	0.01609	0.00880	0.00237	0.00428	0.01396	0.00754	0.14636
2	0.01589	0.01565	0.02132	0.01848	0.01897	0.02108	0.01528	0.01768	0.01323	0.01951	0.02317	0.02811	0.13057	0.01501	0.02298	0.00333	0.57850	0.00873	0.00418	0.00831
3	0.01847	0.02065	0.04268	0.03112	0.03768	0.02083	0.52882	0.02425	0.01752	0.02425	0.01501	0.02065	0.01174	0.00800	0.01240	0.00282	0.13996	0.00892	0.00391	0.01033
4	0.01844	0.02334	0.10964	0.03235	0.04074	0.01989	0.58215	0.02537	0.01852	0.02537	0.01586	0.02093	0.01183	0.00677	0.00918	0.00266	0.01321	0.00901	0.00394	0.01080
5	0.01872	0.02139	0.04679	0.03342	0.04144	0.02005	0.64305	0.02540	0.01872	0.02540	0.01604	0.02139	0.01203	0.00668	0.00936	0.00267	0.01337	0.00936	0.00401	0.01070
6	0.01735	0.01735	0.02429	0.02082	0.02082	0.02429	0.01735	0.01908	0.01214	0.01908	0.01041	0.01735	0.01041	0.01388	0.02602	0.00347	0.70680	0.00694	0.00347	0.00867
7	0.02962	0.03779	0.02247	0.02043	0.02451	0.68948	0.01532	0.03166	0.02247	0.01941	0.01226	0.01430	0.01021	0.00817	0.00715	0.00204	0.01430	0.00511	0.00409	0.00919
8	0.01133	0.00850	0.01274	0.01274	0.01416	0.00991	0.00991	0.01416	0.01274	0.01841	0.02124	0.03115	0.01982	0.05947	0.68989	0.01274	0.02124	0.00850	0.00425	0.00708
9	0.03558	0.01350	0.01840	0.01411	0.02024	0.01166	0.01166	0.03865	0.02270	0.67734	0.03128	0.02699	0.01963	0.00981	0.00797	0.00245	0.00675	0.00797	0.00981	0.01350
10	0.03558	0.01350	0.01840	0.01411	0.02024	0.01166	0.01166	0.03865	0.02270	0.67734	0.03128	0.02699	0.01963	0.00981	0.00797	0.00245	0.00675	0.00797	0.00981	0.01350
11	0.01644	0.01409	0.01644	0.01175	0.01879	0.01057	0.00940	0.01997	0.01644	0.02584	0.01409	0.01644	0.01175	0.00587	0.00587	0.00117	0.00587	0.00470	0.00470	0.76979
12	0.03014	0.02221	0.02380	0.01825	0.02459	0.02459	0.01507	0.64541	0.03728	0.04998	0.01904	0.01904	0.01349	0.00952	0.00793	0.00238	0.00873	0.00714	0.00793	0.01349
13	0.01644	0.01409	0.01644	0.01175	0.01879	0.01057	0.00940	0.01997	0.01644	0.02584	0.01409	0.01644	0.01175	0.00587	0.00587	0.00117	0.00587	0.00470	0.00470	0.76979
14	0.01133	0.00850	0.01274	0.01274	0.01416	0.00991	0.00991	0.01416	0.01274	0.01841	0.02124	0.03115	0.01982	0.05947	0.68989	0.01274	0.02124	0.00850	0.00425	0.00708
15	0.03222	0.01602	0.01961	0.01535	0.02132	0.01577	0.01258	0.18237	0.10942	0.44470	0.02852	0.02545	0.01878	0.00987	0.00798	0.00247	0.00715	0.00791	0.00914	0.01337
16	0.02516	0.15649	0.18078	0.01840	0.02609	0.02440	0.01813	0.38546	0.02857	0.03838	0.01643	0.01734	0.01207	0.00855	0.00731	0.00228	0.00938	0.00630	0.00602	0.01246
17	0.02106	0.39259	0.09186	0.01723	0.02399	0.02427	0.10037	0.02663	0.07809	0.08696	0.01780	0.05554	0.01499	0.00850	0.00673	0.00215	0.00884	0.00690	0.00477	0.01073
18	0.01945	0.36275	0.15189	0.01658	0.02377	0.02363	0.07057	0.05230	0.04898	0.02402	0.01509	0.01720	0.01225	0.00742	0.00627	0.00200	0.00879	0.00568	0.07954	0.05181
19	0.01977	0.51974	0.16665	0.01608	0.02317	0.02810	0.01707	0.02355	0.01584	0.01998	0.01160	0.01398	0.01017	0.00764	0.00765	0.00203	0.07841	0.00483	0.00339	0.01033
20	0.01771	0.01317	0.01624	0.01328	0.01748	0.01260	0.01050	0.08142	0.01946	0.08475	0.13904	0.12087	0.02951	0.01203	0.00993	0.00220	0.09092	0.00969	0.00642	0.29279

[dist]
# distance from previous block
# <min> <max>
0	11

[block]
# block no. 14 follows, 24 sequences, length 10
# corresponding to MSA columns:
# 556-565
name=unknown_O
#
# <colnr> <probs for GDERKNQSTAVLIFYWHMCP>
#	G	D	E	R	K	N	Q	S	T	A	V	L	I	F	Y	W	H	M	C	P
0	0.02700	0.01410	0.01740	0.01380	0.01946	0.01296	0.01112	0.06755	0.11813	0.36493	0.03031	0.05756	0.04919	0.01034	0.00775	0.00229	0.00641	0.00851	0.00828	0.15291
1	0.01784	0.01351	0.01612	0.01182	0.01832	0.01040	0.00945	0.02134	0.01758	0.08973	0.07333	0.02124	0.01807	0.00717	0.00638	0.00142	0.00577	0.00587	0.00555	0.62909
2	0.01644	0.01409	0.01644	0.01175	0.01879	0.01057	0.00940	0.01997	0.01644	0.02584	0.01409	0.01644	0.01175	0.00587	0.00587	0.00117	0.00587	0.00470	0.00470	0.76979
3	0.02438	0.01692	0.01940	0.01445	0.02111	0.01578	0.01179	0.24787	0.02492	0.13691	0.01857	0.01903	0.01361	0.00780	0.00694	0.00181	0.00704	0.00609	0.00667	0.37890
4	0.01963	0.01884	0.03219	0.04867	0.67185	0.01884	0.02434	0.02434	0.01806	0.02591	0.01492	0.01963	0.01256	0.00707	0.00785	0.00236	0.00942	0.00707	0.00393	0.01256
5	0.01916	0.01836	0.03134	0.11446	0.60972	0.01872	0.02410	0.02393	0.01783	0.02534	0.01483	0.01978	0.01236	0.00715	0.00786	0.00238	0.00954	0.00706	0.00388	0.01218
6	0.01925	0.01657	0.02891	0.02222	0.02709	0.01697	0.25950	0.02442	0.05582	0.11603	0.02587	0.08207	0.07457	0.01136	0.01221	0.00277	0.14421	0.01017	0.00556	0.04442
