[name]
unknown

[dist]
# distance from previous block
# <min> <max>
0	50

[block]
# block no. 0 follows, 26 sequences, length 92
# corresponding to MSA columns:
# 54-145
name=unknown_A
#
# <colnr> <probs for GDERKNQSTAVLIFYWHMCP>
#	G	D	E	R	K	N	Q	S	T	A	V	L	I	F	Y	W	H	M	C	P
0	0.01619	0.16201	0.30036	0.02010	0.08046	0.01806	0.05328	0.04690	0.01749	0.02422	0.08699	0.06043	0.02091	0.00969	0.00742	0.00235	0.00898	0.04965	0.00445	0.01005
1	0.01629	0.01461	0.04485	0.08706	0.08450	0.01267	0.01239	0.08820	0.01803	0.02617	0.04533	0.05964	0.03789	0.03732	0.00804	0.00202	0.00673	0.00721	0.02580	0.36527
2	0.11599	0.01416	0.02016	0.06202	0.02105	0.01716	0.07663	0.01816	0.01418	0.02267	0.09474	0.06906	0.02075	0.03293	0.03837	0.00325	0.30689	0.00845	0.00451	0.03888
3	0.01817	0.01788	0.06343	0.12177	0.52000	0.01705	0.02206	0.02277	0.01699	0.04848	0.01601	0.05226	0.01370	0.00777	0.00761	0.00234	0.00895	0.00742	0.00404	0.01130
4	0.01552	0.01357	0.01968	0.43833	0.03839	0.01601	0.01696	0.08428	0.09677	0.02392	0.02408	0.06007	0.07558	0.01036	0.00793	0.00257	0.00850	0.03356	0.00495	0.00896
5	0.01094	0.00770	0.01002	0.01002	0.01062	0.00830	0.00677	0.01215	0.01155	0.01600	0.02230	0.04081	0.02374	0.43225	0.33455	0.00951	0.01312	0.00974	0.00436	0.00556
6	0.00933	0.00763	0.00779	0.00779	0.00990	0.00657	0.00556	0.01091	0.01619	0.01947	0.06752	0.06888	0.56760	0.14499	0.01418	0.00341	0.00446	0.01513	0.00661	0.00608
7	0.01414	0.00707	0.00707	0.00707	0.00884	0.00707	0.00530	0.01767	0.01591	0.02828	0.02474	0.02828	0.01944	0.00884	0.00530	0.00177	0.00353	0.00707	0.77554	0.00707
8	0.02883	0.02125	0.02276	0.01745	0.02352	0.02352	0.01442	0.66082	0.03566	0.04780	0.01821	0.01821	0.01290	0.00911	0.00759	0.00228	0.00835	0.00683	0.00759	0.01290
9	0.01095	0.00742	0.00852	0.00850	0.00872	0.00743	0.00498	0.01127	0.01164	0.01557	0.04758	0.04955	0.04910	0.65105	0.07187	0.00729	0.00780	0.01112	0.00477	0.00485
10	0.01839	0.01580	0.01836	0.01363	0.01997	0.03703	0.04132	0.12691	0.04038	0.02872	0.03595	0.01799	0.01376	0.00677	0.00632	0.00150	0.00664	0.00553	0.00518	0.53985
11	0.21178	0.45234	0.05681	0.01287	0.01897	0.06415	0.01229	0.02292	0.01518	0.02252	0.01089	0.01263	0.00943	0.00669	0.00507	0.00183	0.00787	0.00420	0.00371	0.04787
12	0.01414	0.00707	0.00707	0.00707	0.00884	0.00707	0.00530	0.01767	0.01591	0.02828	0.02474	0.02828	0.01944	0.00884	0.00530	0.00177	0.00353	0.00707	0.77554	0.00707
13	0.08929	0.01808	0.02335	0.01832	0.02313	0.02014	0.10091	0.28203	0.07528	0.09038	0.04966	0.02102	0.01594	0.00967	0.01045	0.00253	0.12510	0.00739	0.00633	0.01103
14	0.03290	0.01334	0.01773	0.01365	0.01940	0.01191	0.01126	0.08141	0.02271	0.62330	0.05025	0.02627	0.02006	0.00957	0.00767	0.00234	0.00650	0.00777	0.00922	0.01272
15	0.03069	0.01450	0.01830	0.01425	0.01977	0.01393	0.01171	0.18686	0.02460	0.47477	0.05041	0.02530	0.01929	0.01206	0.04449	0.00285	0.00754	0.00768	0.00863	0.01237
16	0.01086	0.00804	0.01175	0.01175	0.01295	0.00924	0.00893	0.01326	0.01206	0.01728	0.02072	0.03202	0.01993	0.13266	0.62891	0.01165	0.01886	0.00845	0.00412	0.00653
17	0.02707	0.14651	0.02436	0.01851	0.02282	0.59716	0.01439	0.02910	0.02054	0.01845	0.01154	0.01344	0.00976	0.00761	0.00653	0.00190	0.01280	0.00475	0.00380	0.00894
18	0.01822	0.01745	0.02978	0.13032	0.60670	0.01788	0.02300	0.02279	0.01701	0.02410	0.01417	0.01895	0.01178	0.00686	0.00752	0.00229	0.00915	0.00676	0.00371	0.01157
19	0.02211	0.02118	0.12033	0.02587	0.05916	0.01752	0.35190	0.08175	0.02001	0.17451	0.01856	0.02081	0.01302	0.00741	0.00826	0.00245	0.01064	0.00795	0.00531	0.01125
20	0.01318	0.00659	0.00988	0.00988	0.00988	0.00659	0.00659	0.00988	0.00988	0.01318	0.01318	0.02306	0.01318	0.02635	0.02964	0.77931	0.00659	0.00659	0.00329	0.00329
21	0.01877	0.01802	0.03079	0.04656	0.68612	0.01802	0.02328	0.02328	0.01727	0.02478	0.01427	0.01877	0.01201	0.00676	0.00751	0.00225	0.00901	0.00676	0.00375	0.01201
22	0.00924	0.00660	0.00880	0.01056	0.01100	0.00616	0.00704	0.01056	0.01452	0.01936	0.04181	0.72848	0.05017	0.02376	0.00968	0.00308	0.00440	0.02156	0.00704	0.00616
23	0.01860	0.48627	0.24018	0.01663	0.02462	0.02565	0.05175	0.02320	0.01573	0.02008	0.01174	0.01378	0.00979	0.00670	0.00580	0.00191	0.00931	0.00479	0.00326	0.01021
24	0.03231	0.01253	0.01705	0.01320	0.01877	0.01085	0.01085	0.03529	0.02169	0.64262	0.07802	0.02809	0.02267	0.00984	0.00772	0.00235	0.00624	0.00808	0.00931	0.01248
25	0.01659	0.01659	0.02323	0.01991	0.01991	0.02323	0.01659	0.01825	0.01162	0.01825	0.00996	0.01659	0.00996	0.01328	0.02489	0.00332	0.71955	0.00664	0.00332	0.00830
26	0.01004	0.00787	0.01154	0.01197	0.01326	0.00729	0.05520	0.01197	0.01541	0.02037	0.06509	0.55940	0.11068	0.02162	0.00957	0.00299	0.00505	0.04729	0.00685	0.00656
27	0.01390	0.00715	0.00745	0.00745	0.00918	0.00725	0.00561	0.01737	0.01563	0.02749	0.02442	0.02839	0.01941	0.01238	0.05678	0.00254	0.00477	0.00715	0.71864	0.00705
28	0.01911	0.01801	0.03008	0.07068	0.62873	0.01825	0.02275	0.05501	0.01811	0.02573	0.01443	0.01880	0.01199	0.00691	0.00752	0.00226	0.00902	0.00676	0.00393	0.01192
29	0.01659	0.01659	0.02323	0.01991	0.01991	0.02323	0.01659	0.01825	0.01162	0.01825	0.00996	0.01659	0.00996	0.01328	0.02489	0.00332	0.71955	0.00664	0.00332	0.00830
30	0.01887	0.01629	0.01715	0.01544	0.01972	0.01887	0.01201	0.04031	0.67241	0.03173	0.03087	0.02830	0.02315	0.01029	0.00772	0.00257	0.00600	0.00858	0.00772	0.01201
31	0.78701	0.01467	0.01115	0.00997	0.01467	0.01702	0.00821	0.02230	0.01291	0.03403	0.01056	0.01232	0.00821	0.00704	0.00469	0.00235	0.00587	0.00411	0.00469	0.00821
32	0.01132	0.01424	0.15368	0.01220	0.01587	0.00919	0.01158	0.01549	0.01869	0.02605	0.35479	0.14759	0.12331	0.01559	0.00875	0.00255	0.00547	0.03898	0.00688	0.00777
33	0.01650	0.01571	0.02669	0.38746	0.36294	0.01743	0.02215	0.02129	0.01620	0.02203	0.01387	0.01951	0.01104	0.00718	0.00755	0.00239	0.00957	0.00675	0.00356	0.01019
34	0.01573	0.01348	0.01573	0.01123	0.01798	0.01011	0.00899	0.01910	0.01573	0.02472	0.01348	0.01573	0.01123	0.00562	0.00562	0.00112	0.00562	0.00449	0.00449	0.77980
35	0.01246	0.00989	0.01276	0.01189	0.01208	0.01182	0.00844	0.01328	0.01135	0.01605	0.01973	0.03814	0.02173	0.44815	0.12964	0.00698	0.19608	0.00946	0.00419	0.00588
36	0.08670	0.01571	0.04000	0.01851	0.10052	0.01548	0.04305	0.15257	0.09626	0.15405	0.14060	0.05599	0.02651	0.01039	0.00774	0.00240	0.00688	0.00883	0.00703	0.01081
37	0.01414	0.00707	0.00707	0.00707	0.00884	0.00707	0.00530	0.01767	0.01591	0.02828	0.02474	0.02828	0.01944	0.00884	0.00530	0.00177	0.00353	0.00707	0.77554	0.00707
38	0.04301	0.17141	0.32890	0.02174	0.06398	0.01970	0.13174	0.02404	0.01643	0.05312	0.01396	0.01647	0.01054	0.00691	0.00691	0.00220	0.01008	0.00592	0.00374	0.04920
39	0.01520	0.01415	0.02272	0.11431	0.02560	0.01690	0.12013	0.04750	0.04161	0.02106	0.01604	0.02273	0.01394	0.02573	0.24679	0.00599	0.20946	0.00762	0.00403	0.00848
40	0.04472	0.30772	0.24001	0.02021	0.08990	0.04788	0.04957	0.04989	0.01711	0.04943	0.01322	0.01526	0.01044	0.00702	0.00634	0.00206	0.00947	0.00533	0.00380	0.01061
41	0.65306	0.04952	0.01390	0.01235	0.05063	0.01753	0.00942	0.04529	0.01415	0.03273	0.01219	0.03934	0.01021	0.00769	0.00514	0.00233	0.00618	0.00499	0.00477	0.00858
42	0.01398	0.00712	0.00732	0.00732	0.00906	0.00719	0.00550	0.01748	0.01573	0.02777	0.02453	0.02835	0.01942	0.01114	0.03882	0.00227	0.00434	0.00712	0.73849	0.00706
43	0.33619	0.16812	0.02132	0.08896	0.02195	0.02088	0.01213	0.16427	0.01916	0.06496	0.01354	0.01513	0.01031	0.00756	0.00583	0.00220	0.00738	0.00516	0.00512	0.00983
44	0.01851	0.01764	0.03003	0.04523	0.65885	0.01764	0.02283	0.02297	0.01728	0.02470	0.01532	0.02149	0.01330	0.00734	0.00763	0.00230	0.00893	0.03231	0.00389	0.01181
45	0.06309	0.01995	0.02164	0.04807	0.02398	0.02217	0.01414	0.53611	0.08019	0.06569	0.01896	0.01902	0.01350	0.00904	0.00746	0.00232	0.00808	0.00685	0.00733	0.01241
46	0.01103	0.00735	0.00827	0.00827	0.00827	0.00735	0.00460	0.01103	0.01103	0.01471	0.02390	0.04964	0.02758	0.73343	0.03861	0.00735	0.00735	0.01103	0.00460	0.00460
47	0.01503	0.00846	0.00871	0.00830	0.01046	0.00873	0.00632	0.05007	0.06553	0.02957	0.05563	0.02912	0.02184	0.00927	0.00576	0.00188	0.00395	0.00748	0.64615	0.00772
48	0.02305	0.07116	0.02165	0.06785	0.02379	0.04923	0.01383	0.28823	0.29217	0.03578	0.02221	0.02186	0.01653	0.00924	0.00741	0.00236	0.00772	0.00726	0.00687	0.01181
49	0.01834	0.01741	0.04699	0.08482	0.28132	0.01606	0.06361	0.09025	0.01859	0.02673	0.01443	0.01789	0.01159	0.00670	0.00701	0.00194	0.00829	0.00616	0.00436	0.25750
50	0.01454	0.01161	0.01443	0.01339	0.01538	0.04068	0.01044	0.11004	0.01593	0.02193	0.01937	0.02818	0.01785	0.09539	0.48684	0.00948	0.05433	0.00794	0.00458	0.00768
51	0.01670	0.01666	0.02359	0.02116	0.05108	0.02299	0.01691	0.01849	0.01188	0.01856	0.01016	0.01670	0.01005	0.01297	0.02408	0.00327	0.68631	0.00664	0.00334	0.00847
52	0.00924	0.00660	0.00880	0.01056	0.01100	0.00616	0.00704	0.01056	0.01452	0.01936	0.04181	0.72848	0.05017	0.02376	0.00968	0.00308	0.00440	0.02156	0.00704	0.00616
53	0.05539	0.01544	0.01819	0.01437	0.01997	0.04474	0.01173	0.11694	0.09317	0.48654	0.02709	0.02413	0.01775	0.00930	0.00750	0.00234	0.00695	0.00739	0.00858	0.01248
54	0.01432	0.01348	0.02275	0.71520	0.05224	0.01685	0.02107	0.01938	0.01517	0.01938	0.01348	0.02022	0.01011	0.00758	0.00758	0.00253	0.01011	0.00674	0.00337	0.00843
55	0.01659	0.01659	0.02323	0.01991	0.01991	0.02323	0.01659	0.01825	0.01162	0.01825	0.00996	0.01659	0.00996	0.01328	0.02489	0.00332	0.71955	0.00664	0.00332	0.00830
56	0.04954	0.07117	0.27961	0.02137	0.02917	0.04944	0.18683	0.02503	0.04167	0.07872	0.05210	0.02294	0.01599	0.00827	0.00768	0.00242	0.01017	0.03291	0.00456	0.01041
57	0.00922	0.00668	0.00872	0.01035	0.01095	0.00618	0.00695	0.01059	0.01473	0.01945	0.04439	0.68014	0.09684	0.02343	0.00963	0.00304	0.00436	0.02115	0.00704	0.00618
58	0.02292	0.01798	0.01916	0.01583	0.02081	0.02011	0.01270	0.33719	0.31175	0.03890	0.04917	0.02655	0.05155	0.01033	0.00776	0.00242	0.00695	0.00827	0.00764	0.01200
59	0.01659	0.01659	0.02323	0.01991	0.01991	0.02323	0.01659	0.01825	0.01162	0.01825	0.00996	0.01659	0.00996	0.01328	0.02489	0.00332	0.71955	0.00664	0.00332	0.00830
60	0.02612	0.02039	0.02120	0.01697	0.02249	0.04443	0.01377	0.47220	0.20765	0.04250	0.02143	0.02080	0.01557	0.00938	0.00760	0.00235	0.00789	0.00724	0.00750	0.01252
61	0.78701	0.01467	0.01115	0.00997	0.01467	0.01702	0.00821	0.02230	0.01291	0.03403	0.01056	0.01232	0.00821	0.00704	0.00469	0.00235	0.00587	0.00411	0.00469	0.00821
62	0.01517	0.08790	0.38637	0.01817	0.02595	0.01571	0.06560	0.02155	0.01740	0.04635	0.16159	0.06084	0.02563	0.00980	0.00765	0.00238	0.00890	0.00835	0.00477	0.00993
63	0.01726	0.01648	0.02806	0.27323	0.47123	0.01763	0.02253	0.02196	0.01656	0.02295	0.01400	0.01926	0.01137	0.00704	0.00753	0.00235	0.00938	0.00675	0.00362	0.01080
64	0.01547	0.01320	0.01545	0.01121	0.01769	0.00995	0.00891	0.01875	0.01568	0.02450	0.01463	0.04455	0.01281	0.00635	0.00578	0.00120	0.00557	0.00518	0.00460	0.74852
65	0.01098	0.00754	0.00922	0.00922	0.00955	0.00787	0.00578	0.01164	0.01131	0.01541	0.02303	0.04483	0.02549	0.56956	0.19963	0.00853	0.01049	0.01033	0.00447	0.00512
66	0.01617	0.01501	0.02505	0.36760	0.08363	0.01652	0.12483	0.07201	0.03877	0.02433	0.06611	0.04578	0.01710	0.00857	0.00789	0.00244	0.00932	0.00808	0.00450	0.04631
67	0.01414	0.00707	0.00707	0.00707	0.00884	0.00707	0.00530	0.01767	0.01591	0.02828	0.02474	0.02828	0.01944	0.00884	0.00530	0.00177	0.00353	0.00707	0.77554	0.00707
68	0.08221	0.04145	0.01811	0.01479	0.01955	0.01859	0.01191	0.17238	0.35156	0.03397	0.04529	0.02720	0.02093	0.01002	0.00738	0.00239	0.00653	0.04069	0.00703	0.06803
69	0.01565	0.02083	0.28020	0.01483	0.02087	0.01181	0.01591	0.02120	0.01936	0.11728	0.33096	0.03650	0.04006	0.01141	0.00808	0.00239	0.00697	0.00970	0.00647	0.00953
70	0.01839	0.38827	0.33506	0.01710	0.02570	0.02410	0.01985	0.05316	0.01663	0.02204	0.01229	0.01419	0.00983	0.00694	0.00605	0.00201	0.00952	0.00489	0.00343	0.01055
71	0.63360	0.10201	0.01544	0.01105	0.01596	0.05307	0.00930	0.04316	0.01436	0.03177	0.01086	0.01256	0.00862	0.00708	0.00491	0.00224	0.00660	0.00423	0.00457	0.00857
72	0.01414	0.00707	0.00707	0.00707	0.00884	0.00707	0.00530	0.01767	0.01591	0.02828	0.02474	0.02828	0.01944	0.00884	0.00530	0.00177	0.00353	0.00707	0.77554	0.00707
73	0.05124	0.07127	0.04304	0.02044	0.13224	0.04398	0.01446	0.12936	0.23572	0.09573	0.02207	0.04055	0.01701	0.00900	0.00725	0.00230	0.00746	0.00735	0.00632	0.04323
74	0.01618	0.10532	0.52496	0.02302	0.05921	0.01905	0.10118	0.02389	0.01623	0.02347	0.01354	0.01627	0.00995	0.00702	0.00719	0.00234	0.01100	0.00590	0.00330	0.01098
75	0.12733	0.01308	0.01644	0.01292	0.01834	0.01209	0.01061	0.05836	0.02114	0.53379	0.07511	0.02608	0.02110	0.00953	0.00735	0.00235	0.00624	0.00760	0.00865	0.01189
76	0.01103	0.00735	0.00827	0.00827	0.00827	0.00735	0.00460	0.01103	0.01103	0.01471	0.02390	0.04964	0.02758	0.73343	0.03861	0.00735	0.00735	0.01103	0.00460	0.00460
77	0.01932	0.01602	0.01756	0.05013	0.02135	0.01803	0.01230	0.06132	0.54416	0.05412	0.02820	0.02650	0.02108	0.00973	0.00755	0.00244	0.00629	0.00808	0.00732	0.06852
78	0.01814	0.01566	0.01645	0.01486	0.01902	0.01795	0.01155	0.03814	0.62410	0.03090	0.03426	0.03160	0.07182	0.01095	0.00781	0.00257	0.00584	0.00912	0.00767	0.01159
79	0.02728	0.05720	0.02309	0.02142	0.08112	0.54028	0.01532	0.10327	0.02257	0.02251	0.01267	0.01460	0.01033	0.00783	0.00692	0.00201	0.01245	0.00525	0.00430	0.00959
80	0.02490	0.01552	0.01785	0.01452	0.01921	0.01652	0.01169	0.28184	0.11476	0.19235	0.02368	0.02469	0.01745	0.04357	0.08625	0.00360	0.00852	0.00759	0.06416	0.01133
81	0.02840	0.03431	0.02165	0.01928	0.02346	0.61889	0.01463	0.10832	0.02325	0.02218	0.01253	0.01424	0.01016	0.00798	0.00693	0.00199	0.01302	0.00513	0.00436	0.00930
82	0.01183	0.00994	0.01549	0.33413	0.03033	0.01129	0.01392	0.01505	0.01507	0.01966	0.02867	0.34828	0.03123	0.01610	0.00879	0.00286	0.00724	0.06749	0.00535	0.00727
83	0.02180	0.04119	0.02512	0.10555	0.24965	0.09342	0.05120	0.07417	0.07834	0.11960	0.01916	0.05414	0.01531	0.00862	0.00758	0.00233	0.00892	0.00758	0.00531	0.01100
84	0.01587	0.01506	0.02555	0.48266	0.27269	0.01726	0.02183	0.02074	0.01590	0.02126	0.01375	0.01972	0.01077	0.00730	0.00756	0.00243	0.00973	0.00675	0.00350	0.00967
85	0.01659	0.01659	0.02323	0.01991	0.01991	0.02323	0.01659	0.01825	0.01162	0.01825	0.00996	0.01659	0.00996	0.01328	0.02489	0.00332	0.71955	0.00664	0.00332	0.00830
86	0.01007	0.00781	0.00911	0.00909	0.01115	0.00698	0.00693	0.01267	0.01850	0.02403	0.28846	0.06734	0.35818	0.05378	0.01061	0.00284	0.00427	0.08415	0.00739	0.00665
87	0.09130	0.05539	0.02170	0.01628	0.02197	0.08688	0.01339	0.42202	0.05129	0.11816	0.01840	0.01824	0.01310	0.00876	0.00716	0.00224	0.00834	0.00644	0.00700	0.01194
88	0.01432	0.01348	0.02275	0.71520	0.05224	0.01685	0.02107	0.01938	0.01517	0.01938	0.01348	0.02022	0.01011	0.00758	0.00758	0.00253	0.01011	0.00674	0.00337	0.00843
89	0.01572	0.01149	0.01614	0.07839	0.16336	0.01114	0.01203	0.01954	0.04449	0.11374	0.13310	0.04496	0.24332	0.04757	0.00972	0.00267	0.00608	0.01119	0.00642	0.00893
90	0.01659	0.01659	0.02323	0.01991	0.01991	0.02323	0.01659	0.01825	0.01162	0.01825	0.00996	0.01659	0.00996	0.01328	0.02489	0.00332	0.71955	0.00664	0.00332	0.00830
91	0.05093	0.01859	0.07175	0.13826	0.10923	0.03967	0.04291	0.17178	0.05997	0.10662	0.04491	0.02147	0.01549	0.00873	0.00824	0.00239	0.04034	0.00711	0.03080	0.01081

[dist]
# distance from previous block
# <min> <max>
1	5

[block]
# block no. 1 follows, 26 sequences, length 27
# corresponding to MSA columns:
# 151-177
name=unknown_B
#
# <colnr> <probs for GDERKNQSTAVLIFYWHMCP>
#	G	D	E	R	K	N	Q	S	T	A	V	L	I	F	Y	W	H	M	C	P
0	0.04267	0.01885	0.08125	0.06690	0.02562	0.06286	0.12361	0.06276	0.07129	0.06209	0.06706	0.05176	0.01836	0.00957	0.00995	0.00240	0.10488	0.00787	0.00512	0.10514
1	0.01761	0.01686	0.02895	0.08517	0.51773	0.01688	0.06431	0.02204	0.01679	0.02390	0.01546	0.04394	0.01344	0.00945	0.03710	0.00269	0.00950	0.00737	0.00390	0.04689
2	0.01602	0.01704	0.07783	0.07307	0.29036	0.01508	0.11871	0.02062	0.01674	0.02346	0.02044	0.10568	0.01960	0.01029	0.00817	0.00248	0.00883	0.08352	0.00451	0.06755
3	0.01084	0.00813	0.01219	0.01219	0.01354	0.00948	0.00948	0.01354	0.01219	0.01761	0.02032	0.02980	0.01896	0.05689	0.70337	0.01219	0.02032	0.00813	0.00406	0.00677
4	0.01563	0.01122	0.04361	0.01325	0.05961	0.00956	0.00989	0.02007	0.05601	0.14249	0.34413	0.04843	0.16788	0.01389	0.00848	0.00241	0.00497	0.01197	0.00771	0.00879
5	0.01414	0.00707	0.00707	0.00707	0.00884	0.00707	0.00530	0.01767	0.01591	0.02828	0.02474	0.02828	0.01944	0.00884	0.00530	0.00177	0.00353	0.00707	0.77554	0.00707
6	0.05414	0.07799	0.02402	0.08681	0.21085	0.01933	0.01614	0.16545	0.13908	0.06157	0.05504	0.02207	0.01727	0.00857	0.00731	0.00230	0.00779	0.00718	0.00578	0.01130
7	0.01273	0.00825	0.01040	0.01000	0.01064	0.00872	0.00663	0.01344	0.01192	0.05718	0.02253	0.04162	0.02395	0.49049	0.17532	0.03391	0.04203	0.00986	0.00468	0.00569
8	0.01661	0.21393	0.49965	0.01993	0.02979	0.02080	0.05344	0.02371	0.01595	0.02248	0.01292	0.01525	0.00973	0.00699	0.00670	0.00221	0.01050	0.00537	0.00324	0.01079
9	0.72039	0.04460	0.01286	0.01045	0.01528	0.01785	0.00870	0.05197	0.01407	0.03401	0.01092	0.01259	0.00849	0.00711	0.00484	0.00231	0.00607	0.00423	0.00477	0.00849
10	0.01414	0.00707	0.00707	0.00707	0.00884	0.00707	0.00530	0.01767	0.01591	0.02828	0.02474	0.02828	0.01944	0.00884	0.00530	0.00177	0.00353	0.00707	0.77554	0.00707
11	0.74780	0.01501	0.01175	0.01036	0.01513	0.01735	0.00854	0.05532	0.01409	0.03474	0.01096	0.01263	0.00846	0.00715	0.00484	0.00234	0.00600	0.00425	0.00484	0.00846
12	0.01541	0.01312	0.02264	0.05640	0.23393	0.01278	0.11548	0.01880	0.01640	0.06334	0.02686	0.31575	0.02819	0.01400	0.00865	0.00266	0.00757	0.01334	0.00547	0.00919
13	0.01960	0.02647	0.34748	0.05034	0.02715	0.01623	0.01989	0.10535	0.07047	0.13371	0.04820	0.06469	0.01769	0.00942	0.00760	0.00244	0.00890	0.00769	0.00555	0.01114
14	0.01103	0.00735	0.00827	0.00827	0.00827	0.00735	0.00460	0.01103	0.01103	0.01471	0.02390	0.04964	0.02758	0.73343	0.03861	0.00735	0.00735	0.01103	0.00460	0.00460
15	0.01777	0.01706	0.02874	0.17269	0.51975	0.01815	0.02240	0.02219	0.01649	0.02331	0.01383	0.01890	0.01151	0.00736	0.00870	0.00238	0.05730	0.00675	0.00365	0.01108
16	0.01877	0.01802	0.03079	0.04656	0.68612	0.01802	0.02328	0.02328	0.01727	0.02478	0.01427	0.01877	0.01201	0.00676	0.00751	0.00225	0.00901	0.00676	0.00375	0.01201
17	0.02502	0.03053	0.02234	0.02085	0.05248	0.50501	0.01552	0.02701	0.01888	0.01877	0.01140	0.01463	0.00992	0.00911	0.01131	0.00230	0.18695	0.00540	0.00376	0.00882
18	0.02256	0.02576	0.05516	0.07252	0.27905	0.29151	0.01883	0.06869	0.02002	0.02340	0.01456	0.01955	0.01232	0.00802	0.00737	0.00221	0.01091	0.03308	0.00417	0.01031
19	0.01716	0.01917	0.04113	0.08201	0.03901	0.01829	0.57493	0.02317	0.01751	0.02366	0.01666	0.05940	0.01353	0.00744	0.00889	0.00258	0.01213	0.00948	0.00398	0.00987
20	0.00924	0.00660	0.00880	0.01056	0.01100	0.00616	0.00704	0.01056	0.01452	0.01936	0.04181	0.72848	0.05017	0.02376	0.00968	0.00308	0.00440	0.02156	0.00704	0.00616
21	0.01886	0.01848	0.02974	0.09740	0.60695	0.04874	0.02272	0.02329	0.01730	0.02408	0.01409	0.01866	0.01177	0.00687	0.00748	0.00226	0.00931	0.00667	0.00373	0.01159
22	0.02666	0.01749	0.01948	0.01539	0.02078	0.01857	0.01255	0.41232	0.07376	0.17057	0.02761	0.05076	0.07758	0.01069	0.00781	0.00237	0.00726	0.00847	0.00788	0.01200
23	0.01659	0.01659	0.02323	0.01991	0.01991	0.02323	0.01659	0.01825	0.01162	0.01825	0.00996	0.01659	0.00996	0.01328	0.02489	0.00332	0.71955	0.00664	0.00332	0.00830
24	0.01354	0.02221	0.30640	0.01842	0.06736	0.01276	0.01853	0.01932	0.01756	0.02490	0.16122	0.06800	0.03293	0.01304	0.00852	0.00269	0.00814	0.16989	0.00543	0.00915
25	0.01634	0.00982	0.01059	0.00961	0.01205	0.01039	0.00742	0.13551	0.01892	0.03008	0.02300	0.02753	0.01854	0.04596	0.08600	0.00328	0.00648	0.00732	0.51315	0.00800
26	0.01714	0.03177	0.47170	0.02074	0.03000	0.01766	0.07252	0.02802	0.14965	0.06012	0.01809	0.01936	0.01298	0.00788	0.00747	0.00245	0.01003	0.00657	0.00449	0.01138

[dist]
# distance from previous block
# <min> <max>
0	1

[block]
# block no. 2 follows, 26 sequences, length 8
# corresponding to MSA columns:
# 179-186
name=unknown_C
#
# <colnr> <probs for GDERKNQSTAVLIFYWHMCP>
#	G	D	E	R	K	N	Q	S	T	A	V	L	I	F	Y	W	H	M	C	P
0	0.01659	0.01659	0.02323	0.01991	0.01991	0.02323	0.01659	0.01825	0.01162	0.01825	0.00996	0.01659	0.00996	0.01328	0.02489	0.00332	0.71955	0.00664	0.00332	0.00830
1	0.02173	0.01853	0.05819	0.01613	0.02130	0.01936	0.01342	0.17492	0.45604	0.07380	0.02703	0.02522	0.01986	0.00980	0.00765	0.00248	0.00685	0.00796	0.00752	0.01221
2	0.01935	0.02206	0.03390	0.02804	0.09389	0.16131	0.35924	0.02384	0.01782	0.02226	0.01626	0.07743	0.01429	0.00871	0.00968	0.00251	0.06700	0.00876	0.00407	0.00961
3	0.01133	0.00905	0.01348	0.01303	0.01478	0.00861	0.07808	0.04840	0.01661	0.02215	0.07461	0.53523	0.08410	0.02033	0.00940	0.00291	0.00545	0.01861	0.00679	0.00705
4	0.01347	0.01109	0.01332	0.01100	0.01555	0.00874	0.00831	0.01613	0.01531	0.02286	0.02333	0.26347	0.02477	0.01192	0.00703	0.00180	0.00519	0.01043	0.00538	0.51089
5	0.01675	0.01290	0.01552	0.04350	0.01893	0.01051	0.00960	0.04382	0.01690	0.07667	0.02022	0.07716	0.04669	0.00824	0.00643	0.00155	0.00581	0.00685	0.00527	0.55667
6	0.01088	0.00795	0.01131	0.01131	0.01236	0.00900	0.00838	0.01298	0.01193	0.01696	0.02112	0.03426	0.02090	0.20902	0.55388	0.01110	0.01740	0.00878	0.00418	0.00628
7	0.01747	0.01957	0.12342	0.07624	0.12559	0.01594	0.27175	0.02279	0.01713	0.07537	0.01916	0.10786	0.01658	0.00900	0.00823	0.00247	0.00995	0.00926	0.00457	0.04766

[dist]
# distance from previous block
# <min> <max>
0	3

[block]
# block no. 3 follows, 26 sequences, length 48
# corresponding to MSA columns:
# 190-237
name=unknown_D
#
# <colnr> <probs for GDERKNQSTAVLIFYWHMCP>
#	G	D	E	R	K	N	Q	S	T	A	V	L	I	F	Y	W	H	M	C	P
0	0.01414	0.00707	0.00707	0.00707	0.00884	0.00707	0.00530	0.01767	0.01591	0.02828	0.02474	0.02828	0.01944	0.00884	0.00530	0.00177	0.00353	0.00707	0.77554	0.00707
1	0.06029	0.01824	0.01799	0.01525	0.02011	0.07757	0.01206	0.16222	0.34100	0.07738	0.02580	0.02456	0.03948	0.00957	0.00735	0.00233	0.00707	0.00756	0.00707	0.06711
2	0.01308	0.01118	0.01608	0.01435	0.01517	0.01359	0.04494	0.01475	0.01193	0.01720	0.01801	0.03183	0.01864	0.26753	0.23098	0.00728	0.23410	0.00868	0.00400	0.00670
3	0.01600	0.13189	0.58047	0.02088	0.03132	0.01934	0.05144	0.02386	0.01601	0.02321	0.01327	0.01568	0.00970	0.00708	0.00696	0.00230	0.01086	0.00553	0.00323	0.01097
4	0.78701	0.01467	0.01115	0.00997	0.01467	0.01702	0.00821	0.02230	0.01291	0.03403	0.01056	0.01232	0.00821	0.00704	0.00469	0.00235	0.00587	0.00411	0.00469	0.00821
5	0.01414	0.00707	0.00707	0.00707	0.00884	0.00707	0.00530	0.01767	0.01591	0.02828	0.02474	0.02828	0.01944	0.00884	0.00530	0.00177	0.00353	0.00707	0.77554	0.00707
6	0.22889	0.07960	0.17277	0.01983	0.02687	0.01864	0.20028	0.02495	0.04241	0.07473	0.01480	0.01719	0.01100	0.00733	0.00740	0.00240	0.03007	0.00633	0.00443	0.01006
7	0.01374	0.01150	0.01812	0.26198	0.10910	0.01268	0.01663	0.01790	0.01664	0.02179	0.02776	0.05478	0.02817	0.01459	0.00911	0.00301	0.00832	0.34075	0.00534	0.00809
8	0.01448	0.01364	0.02303	0.69181	0.07442	0.01689	0.02114	0.01952	0.01524	0.01957	0.01351	0.02017	0.01018	0.00755	0.00758	0.00252	0.01007	0.00674	0.00338	0.00855
9	0.01094	0.00732	0.00830	0.00839	0.00841	0.00729	0.00472	0.01101	0.01120	0.01494	0.02479	0.08331	0.02870	0.69823	0.03717	0.00714	0.00721	0.01155	0.00472	0.00467
10	0.02615	0.01734	0.01854	0.01525	0.02035	0.06617	0.01219	0.18555	0.21734	0.23978	0.02602	0.05421	0.01912	0.00997	0.00761	0.00236	0.00718	0.00802	0.00779	0.03909
11	0.01315	0.01087	0.01379	0.01214	0.01415	0.03513	0.07217	0.01729	0.09164	0.02127	0.12911	0.04452	0.08596	0.33042	0.04586	0.00493	0.00742	0.01090	0.03242	0.00689
12	0.01634	0.01401	0.01680	0.04977	0.02018	0.01175	0.01026	0.05090	0.01650	0.02527	0.01355	0.01613	0.01120	0.00625	0.00672	0.00136	0.03931	0.00483	0.00453	0.66431
13	0.10492	0.02173	0.02150	0.01686	0.02263	0.07492	0.01381	0.54841	0.03229	0.04418	0.01695	0.01727	0.01219	0.00880	0.00724	0.00226	0.00851	0.00641	0.00702	0.01211
14	0.01842	0.01798	0.02913	0.15360	0.55820	0.04414	0.02259	0.02292	0.01709	0.02367	0.01404	0.01881	0.01162	0.00693	0.00750	0.00229	0.00937	0.00668	0.00370	0.01131
15	0.01018	0.00791	0.01169	0.09179	0.01672	0.00787	0.03129	0.01218	0.01496	0.01992	0.05999	0.59950	0.04499	0.02102	0.00939	0.00297	0.00532	0.01916	0.00656	0.00660
16	0.01798	0.01721	0.02936	0.16543	0.57342	0.01781	0.02288	0.02259	0.01690	0.02382	0.01413	0.01903	0.01168	0.00690	0.00752	0.00230	0.00921	0.00676	0.00369	0.01138
17	0.01408	0.01323	0.02256	0.63380	0.04858	0.01613	0.04558	0.01890	0.01523	0.01958	0.01573	0.07449	0.01324	0.00878	0.00780	0.00257	0.00978	0.00797	0.00367	0.00832
18	0.01659	0.01659	0.02323	0.01991	0.01991	0.02323	0.01659	0.01825	0.01162	0.01825	0.00996	0.01659	0.00996	0.01328	0.02489	0.00332	0.71955	0.00664	0.00332	0.00830
19	0.01488	0.03621	0.62147	0.02119	0.03149	0.01684	0.04895	0.02306	0.01597	0.02369	0.01571	0.06768	0.01261	0.00837	0.00745	0.00246	0.01077	0.00688	0.00350	0.01081
20	0.01877	0.01802	0.03079	0.04656	0.68612	0.01802	0.02328	0.02328	0.01727	0.02478	0.01427	0.01877	0.01201	0.00676	0.00751	0.00225	0.00901	0.00676	0.00375	0.01201
21	0.01074	0.00775	0.01014	0.00954	0.01133	0.00716	0.00716	0.01431	0.02147	0.03042	0.68211	0.05666	0.07157	0.01551	0.00895	0.00239	0.00358	0.01372	0.00835	0.00716
22	0.01659	0.01659	0.02323	0.01991	0.01991	0.02323	0.01659	0.01825	0.01162	0.01825	0.00996	0.01659	0.00996	0.01328	0.02489	0.00332	0.71955	0.00664	0.00332	0.00830
23	0.01748	0.01616	0.02879	0.33429	0.27375	0.01734	0.12135	0.02244	0.01668	0.05673	0.01490	0.02003	0.01145	0.00720	0.00777	0.00243	0.00995	0.00714	0.00389	0.01022
24	0.78701	0.01467	0.01115	0.00997	0.01467	0.01702	0.00821	0.02230	0.01291	0.03403	0.01056	0.01232	0.00821	0.00704	0.00469	0.00235	0.00587	0.00411	0.00469	0.00821
25	0.01084	0.00813	0.01219	0.01219	0.01354	0.00948	0.00948	0.01354	0.01219	0.01761	0.02032	0.02980	0.01896	0.05689	0.70337	0.01219	0.02032	0.00813	0.00406	0.00677
26	0.01800	0.01483	0.01695	0.01231	0.01894	0.01244	0.00993	0.13040	0.01919	0.02872	0.01430	0.01616	0.01152	0.00622	0.00596	0.00132	0.00609	0.00490	0.00503	0.64679
27	0.01414	0.00707	0.00707	0.00707	0.00884	0.00707	0.00530	0.01767	0.01591	0.02828	0.02474	0.02828	0.01944	0.00884	0.00530	0.00177	0.00353	0.00707	0.77554	0.00707
28	0.02079	0.02353	0.16490	0.02590	0.18311	0.06755	0.07910	0.10049	0.12827	0.07581	0.01835	0.01990	0.01371	0.00789	0.00752	0.00231	0.00928	0.00688	0.00518	0.03953
29	0.01703	0.05243	0.47987	0.02073	0.05498	0.01748	0.02344	0.02495	0.05169	0.07521	0.04666	0.01936	0.01405	0.00833	0.00857	0.00244	0.06124	0.00637	0.00419	0.01097
30	0.01746	0.18130	0.46417	0.02072	0.05065	0.02068	0.04759	0.06977	0.01742	0.02450	0.01340	0.01563	0.01002	0.00715	0.00682	0.00223	0.01035	0.00554	0.00357	0.01102
31	0.56363	0.15233	0.03934	0.01154	0.01665	0.01994	0.01027	0.04306	0.01417	0.03051	0.01088	0.01276	0.00876	0.00724	0.00566	0.00225	0.03350	0.00433	0.00441	0.00875
32	0.01414	0.00707	0.00707	0.00707	0.00884	0.00707	0.00530	0.01767	0.01591	0.02828	0.02474	0.02828	0.01944	0.00884	0.00530	0.00177	0.00353	0.00707	0.77554	0.00707
33	0.06844	0.05498	0.02040	0.01529	0.02082	0.01978	0.01255	0.33395	0.16005	0.10912	0.04252	0.02153	0.01699	0.00910	0.00723	0.00224	0.00717	0.00704	0.00724	0.06358
34	0.01103	0.00735	0.00827	0.00827	0.00827	0.00735	0.00460	0.01103	0.01103	0.01471	0.02390	0.04964	0.02758	0.73343	0.03861	0.00735	0.00735	0.01103	0.00460	0.00460
35	0.01516	0.01301	0.01690	0.06483	0.02027	0.01388	0.06668	0.04769	0.27072	0.02904	0.23192	0.04055	0.11265	0.01235	0.00833	0.00250	0.00598	0.01085	0.00718	0.00949
36	0.69753	0.01446	0.01192	0.01039	0.01523	0.01632	0.00856	0.02404	0.01395	0.11214	0.01286	0.01393	0.00947	0.00732	0.00504	0.00235	0.00594	0.00453	0.00525	0.00877
37	0.01933	0.01808	0.02990	0.07013	0.61387	0.01837	0.02255	0.06922	0.01852	0.02624	0.01452	0.01879	0.01201	0.00696	0.00752	0.00227	0.00901	0.00676	0.00402	0.01194
38	0.02061	0.01995	0.01795	0.01619	0.02041	0.14492	0.01249	0.03846	0.55248	0.02930	0.02734	0.02561	0.02069	0.00983	0.00756	0.00246	0.00742	0.00790	0.00702	0.01141
39	0.01318	0.00659	0.00988	0.00988	0.00988	0.00659	0.00659	0.00988	0.00988	0.01318	0.01318	0.02306	0.01318	0.02635	0.02964	0.77931	0.00659	0.00659	0.00329	0.00329
40	0.01938	0.01655	0.01744	0.01554	0.01992	0.01911	0.01213	0.07231	0.63957	0.03256	0.03022	0.02778	0.02263	0.01023	0.00771	0.00256	0.00612	0.00849	0.00771	0.01205
41	0.01581	0.12098	0.61757	0.02061	0.03127	0.01907	0.02626	0.02387	0.01594	0.02330	0.01325	0.01556	0.00962	0.00712	0.00693	0.00231	0.01085	0.00542	0.00321	0.01104
42	0.01161	0.00852	0.01148	0.01179	0.01292	0.00923	0.00877	0.04478	0.01433	0.01967	0.02839	0.22986	0.03081	0.14398	0.28883	0.00734	0.03050	0.07511	0.00541	0.00664
43	0.01341	0.01122	0.01489	0.01402	0.01651	0.01173	0.06533	0.02224	0.24125	0.02484	0.08204	0.37797	0.03908	0.01703	0.00889	0.00281	0.00562	0.01544	0.00709	0.00859
44	0.02063	0.02075	0.02907	0.08794	0.45503	0.13443	0.06585	0.02481	0.01806	0.05018	0.01448	0.01841	0.01173	0.00708	0.00751	0.00225	0.01005	0.00663	0.00399	0.01112
45	0.01659	0.01659	0.02323	0.01991	0.01991	0.02323	0.01659	0.01825	0.01162	0.01825	0.00996	0.01659	0.00996	0.01328	0.02489	0.00332	0.71955	0.00664	0.00332	0.00830
46	0.01497	0.01414	0.02391	0.61883	0.14360	0.01702	0.02138	0.01994	0.01547	0.02016	0.01359	0.02001	0.01039	0.00746	0.00757	0.00249	0.00995	0.00674	0.00343	0.00894
47	0.01834	0.01794	0.02884	0.17373	0.53546	0.04775	0.02248	0.02284	0.01705	0.02347	0.01401	0.01883	0.01155	0.00696	0.00749	0.00229	0.00943	0.00667	0.00369	0.01118

[dist]
# distance from previous block
# <min> <max>
2	5

[block]
# block no. 4 follows, 26 sequences, length 92
# corresponding to MSA columns:
# 243-334
name=unknown_E
#
# <colnr> <probs for GDERKNQSTAVLIFYWHMCP>
#	G	D	E	R	K	N	Q	S	T	A	V	L	I	F	Y	W	H	M	C	P
0	0.01318	0.01155	0.01798	0.11381	0.05261	0.01188	0.09781	0.01909	0.10463	0.02462	0.18701	0.22665	0.05880	0.01447	0.00873	0.00264	0.00653	0.01333	0.00635	0.00832
1	0.01006	0.00725	0.00942	0.00991	0.01102	0.00681	0.00696	0.01232	0.01724	0.02370	0.31298	0.33987	0.08158	0.07257	0.03946	0.00344	0.00489	0.01671	0.00730	0.00651
2	0.01909	0.01786	0.03210	0.10263	0.26690	0.01793	0.23793	0.07291	0.04226	0.05625	0.01735	0.05061	0.01406	0.00787	0.00812	0.00244	0.00994	0.00825	0.00458	0.01090
3	0.01414	0.00707	0.00707	0.00707	0.00884	0.00707	0.00530	0.01767	0.01591	0.02828	0.02474	0.02828	0.01944	0.00884	0.00530	0.00177	0.00353	0.00707	0.77554	0.00707
4	0.01890	0.40730	0.21401	0.01639	0.02407	0.06691	0.04453	0.02328	0.01610	0.02047	0.01193	0.01399	0.00992	0.00668	0.00587	0.00185	0.00928	0.00478	0.00341	0.08034
5	0.01741	0.02251	0.15670	0.10804	0.05937	0.01906	0.33596	0.04969	0.05067	0.02453	0.01525	0.01956	0.01154	0.00755	0.00958	0.00257	0.06802	0.00771	0.00397	0.01031
6	0.01414	0.00707	0.00707	0.00707	0.00884	0.00707	0.00530	0.01767	0.01591	0.02828	0.02474	0.02828	0.01944	0.00884	0.00530	0.00177	0.00353	0.00707	0.77554	0.00707
7	0.09485	0.05530	0.02339	0.02047	0.09623	0.14361	0.03490	0.31976	0.07931	0.03535	0.01651	0.01754	0.01246	0.00832	0.00711	0.00223	0.00909	0.00631	0.00594	0.01134
8	0.01772	0.01694	0.02888	0.20524	0.53569	0.01774	0.02275	0.02235	0.01677	0.02350	0.01408	0.01912	0.01156	0.00695	0.00753	0.00232	0.00927	0.00675	0.00366	0.01116
9	0.01563	0.01545	0.11323	0.01510	0.04824	0.01260	0.01274	0.02459	0.19288	0.07753	0.27198	0.07460	0.04073	0.01272	0.00831	0.00251	0.00599	0.03839	0.00717	0.00962
10	0.01103	0.00735	0.00827	0.00827	0.00827	0.00735	0.00460	0.01103	0.01103	0.01471	0.02390	0.04964	0.02758	0.73343	0.03861	0.00735	0.00735	0.01103	0.00460	0.00460
11	0.01596	0.01515	0.02335	0.48618	0.17094	0.04712	0.02006	0.02110	0.04556	0.02064	0.01433	0.02016	0.01122	0.00851	0.00866	0.04191	0.00969	0.00674	0.00366	0.00904
12	0.02103	0.63750	0.03707	0.04497	0.02114	0.06276	0.01335	0.02358	0.01599	0.04786	0.01160	0.01321	0.01015	0.00673	0.00521	0.00171	0.00841	0.00438	0.00356	0.00977
13	0.02401	0.02062	0.05394	0.01820	0.02410	0.05082	0.09212	0.39342	0.07017	0.03864	0.05197	0.02112	0.01630	0.00885	0.00758	0.00225	0.00851	0.00730	0.04177	0.04831
14	0.01476	0.00806	0.01189	0.07577	0.01473	0.00838	0.00842	0.03703	0.01186	0.04334	0.01410	0.02272	0.01311	0.02324	0.02583	0.64487	0.00698	0.00665	0.00372	0.00454
15	0.01296	0.00982	0.01064	0.01106	0.04014	0.04370	0.00668	0.03818	0.01405	0.01875	0.08009	0.07553	0.02988	0.51242	0.02917	0.00580	0.00717	0.01091	0.03718	0.00585
16	0.00933	0.00664	0.00877	0.01045	0.01086	0.00622	0.00692	0.01059	0.01434	0.01913	0.04090	0.69400	0.04902	0.05981	0.01115	0.00330	0.00455	0.02103	0.00692	0.00608
17	0.01744	0.02014	0.08725	0.11433	0.22863	0.01872	0.30656	0.02300	0.01684	0.02344	0.01432	0.01934	0.01124	0.00716	0.00929	0.00250	0.05800	0.00764	0.00367	0.01049
18	0.01770	0.02203	0.10224	0.03169	0.06753	0.01899	0.57415	0.02423	0.01771	0.02429	0.01514	0.01999	0.01136	0.00648	0.00873	0.00253	0.01248	0.00856	0.00378	0.01040
19	0.01659	0.01659	0.02323	0.01991	0.01991	0.02323	0.01659	0.01825	0.01162	0.01825	0.00996	0.01659	0.00996	0.01328	0.02489	0.00332	0.71955	0.00664	0.00332	0.00830
20	0.01714	0.01908	0.04096	0.05408	0.03776	0.01806	0.57888	0.02314	0.01764	0.02384	0.01755	0.05456	0.01459	0.00785	0.00900	0.00262	0.01207	0.03723	0.00410	0.00984
21	0.01486	0.01416	0.02254	0.40723	0.03809	0.01779	0.04295	0.01876	0.01407	0.01935	0.01315	0.01983	0.01091	0.01314	0.07041	0.00349	0.20664	0.00681	0.00348	0.04233
22	0.01048	0.00774	0.00979	0.00928	0.01118	0.00705	0.00696	0.01383	0.02088	0.02901	0.59619	0.05898	0.15837	0.01603	0.00895	0.00241	0.00362	0.01404	0.00816	0.00705
23	0.01659	0.01659	0.02323	0.01991	0.01991	0.02323	0.01659	0.01825	0.01162	0.01825	0.00996	0.01659	0.00996	0.01328	0.02489	0.00332	0.71955	0.00664	0.00332	0.00830
24	0.06216	0.01896	0.02338	0.01798	0.02381	0.04902	0.10085	0.34779	0.02749	0.18545	0.02089	0.05222	0.01538	0.00932	0.00771	0.00236	0.00847	0.00776	0.00716	0.01183
25	0.01778	0.20731	0.41212	0.02254	0.11832	0.02044	0.02292	0.02417	0.01629	0.05224	0.01367	0.01588	0.01038	0.00707	0.00669	0.00219	0.00993	0.00547	0.00356	0.01103
26	0.05062	0.02246	0.25084	0.01655	0.02272	0.01600	0.01690	0.02840	0.27436	0.02805	0.09506	0.03250	0.02518	0.01078	0.00783	0.00258	0.00765	0.07502	0.00600	0.01050
27	0.01432	0.01348	0.02275	0.71520	0.05224	0.01685	0.02107	0.01938	0.01517	0.01938	0.01348	0.02022	0.01011	0.00758	0.00758	0.00253	0.01011	0.00674	0.00337	0.00843
28	0.01196	0.01056	0.04062	0.01221	0.01507	0.00899	0.04970	0.01625	0.04767	0.02686	0.37388	0.18098	0.05226	0.01522	0.00870	0.00246	0.00504	0.03284	0.00716	0.08158
29	0.01066	0.00775	0.01003	0.00946	0.01128	0.00712	0.00709	0.01416	0.02128	0.02997	0.65484	0.05740	0.09912	0.01567	0.00895	0.00239	0.00359	0.01382	0.00829	0.00712
30	0.01047	0.00723	0.00893	0.00945	0.00975	0.00727	0.00594	0.01121	0.01221	0.01646	0.02876	0.24865	0.03319	0.43714	0.11415	0.00670	0.00812	0.01379	0.00525	0.00534
31	0.01583	0.01453	0.02318	0.14869	0.32265	0.01597	0.01804	0.01955	0.01606	0.02287	0.06358	0.08148	0.03935	0.01034	0.01030	0.00252	0.11321	0.00872	0.04351	0.00962
32	0.01414	0.00707	0.00707	0.00707	0.00884	0.00707	0.00530	0.01767	0.01591	0.02828	0.02474	0.02828	0.01944	0.00884	0.00530	0.00177	0.00353	0.00707	0.77554	0.00707
33	0.01573	0.01348	0.01573	0.01123	0.01798	0.01011	0.00899	0.01910	0.01573	0.02472	0.01348	0.01573	0.01123	0.00562	0.00562	0.00112	0.00562	0.00449	0.00449	0.77980
34	0.01493	0.01414	0.02368	0.60788	0.12192	0.01728	0.02111	0.01977	0.01524	0.01993	0.01341	0.01989	0.01032	0.00775	0.00838	0.00253	0.04289	0.00674	0.00341	0.00882
35	0.04985	0.36316	0.33045	0.01759	0.02616	0.02344	0.04942	0.02335	0.01569	0.02157	0.01214	0.01427	0.00970	0.00683	0.00609	0.00204	0.00962	0.00498	0.00331	0.01035
36	0.51221	0.16684	0.01869	0.03453	0.01781	0.02034	0.01028	0.07591	0.03756	0.03122	0.01197	0.01357	0.00949	0.00722	0.00517	0.00220	0.00669	0.00456	0.00469	0.00906
37	0.01414	0.00707	0.00707	0.00707	0.00884	0.00707	0.00530	0.01767	0.01591	0.02828	0.02474	0.02828	0.01944	0.00884	0.00530	0.00177	0.00353	0.00707	0.77554	0.00707
38	0.07934	0.25361	0.14520	0.02073	0.05035	0.04878	0.17636	0.05517	0.05832	0.02433	0.01407	0.01648	0.01111	0.00705	0.00674	0.00217	0.00975	0.00608	0.00403	0.01032
39	0.01432	0.01348	0.02275	0.71520	0.05224	0.01685	0.02107	0.01938	0.01517	0.01938	0.01348	0.02022	0.01011	0.00758	0.00758	0.00253	0.01011	0.00674	0.00337	0.00843
40	0.02706	0.02036	0.02176	0.01709	0.02285	0.02269	0.01399	0.55042	0.14895	0.04494	0.02046	0.02001	0.01472	0.00932	0.00761	0.00233	0.00793	0.00714	0.00761	0.01274
41	0.01092	0.00780	0.01052	0.01052	0.01129	0.00857	0.00739	0.01247	0.01169	0.01637	0.02185	0.03828	0.02265	0.34615	0.41914	0.01012	0.01477	0.00937	0.00429	0.00584
42	0.01887	0.01629	0.01715	0.01544	0.01972	0.01887	0.01201	0.04031	0.67241	0.03173	0.03087	0.02830	0.02315	0.01029	0.00772	0.00257	0.00600	0.00858	0.00772	0.01201
43	0.01886	0.01643	0.01822	0.01788	0.07198	0.01880	0.01289	0.03897	0.62104	0.03118	0.02957	0.02755	0.02228	0.01001	0.00770	0.00255	0.00624	0.00843	0.00741	0.01201
44	0.02134	0.01167	0.01478	0.01295	0.01710	0.01090	0.01050	0.02702	0.11557	0.27591	0.06357	0.09700	0.05776	0.01326	0.00827	0.00254	0.00599	0.13252	0.00780	0.09355
45	0.01103	0.00735	0.00827	0.00827	0.00827	0.00735	0.00460	0.01103	0.01103	0.01471	0.02390	0.04964	0.02758	0.73343	0.03861	0.00735	0.00735	0.01103	0.00460	0.00460
46	0.02835	0.03556	0.02155	0.01946	0.02345	0.67591	0.01465	0.05541	0.02206	0.01973	0.01198	0.01386	0.00990	0.00787	0.00687	0.00197	0.01347	0.00496	0.00405	0.00896
47	0.00924	0.00660	0.00880	0.01056	0.01100	0.00616	0.00704	0.01056	0.01452	0.01936	0.04181	0.72848	0.05017	0.02376	0.00968	0.00308	0.00440	0.02156	0.00704	0.00616
48	0.01768	0.02199	0.09772	0.03113	0.03909	0.01905	0.60714	0.02427	0.01775	0.02427	0.01520	0.02010	0.01135	0.00646	0.00881	0.00254	0.01266	0.00868	0.00378	0.01031
49	0.02881	0.02193	0.02271	0.01755	0.02352	0.05450	0.01443	0.63207	0.03502	0.04647	0.01792	0.01800	0.01276	0.00905	0.00755	0.00226	0.00859	0.00674	0.00742	0.01271
50	0.01659	0.01659	0.02323	0.01991	0.01991	0.02323	0.01659	0.01825	0.01162	0.01825	0.00996	0.01659	0.00996	0.01328	0.02489	0.00332	0.71955	0.00664	0.00332	0.00830
51	0.00911	0.00764	0.00792	0.00795	0.01036	0.00645	0.00592	0.01113	0.01749	0.02119	0.12115	0.09992	0.60957	0.01913	0.00899	0.00257	0.00385	0.01607	0.00714	0.00645
52	0.13074	0.01556	0.01693	0.09923	0.04495	0.10063	0.04129	0.10097	0.03891	0.02562	0.02327	0.24799	0.02381	0.01376	0.00873	0.03492	0.00766	0.01109	0.00553	0.00839
53	0.02883	0.02125	0.02276	0.01745	0.02352	0.02352	0.01442	0.66082	0.03566	0.04780	0.01821	0.01821	0.01290	0.00911	0.00759	0.00228	0.00835	0.00683	0.00759	0.01290
54	0.01103	0.00735	0.00827	0.00827	0.00827	0.00735	0.00460	0.01103	0.01103	0.01471	0.02390	0.04964	0.02758	0.73343	0.03861	0.00735	0.00735	0.01103	0.00460	0.00460
55	0.01659	0.01659	0.02323	0.01991	0.01991	0.02323	0.01659	0.01825	0.01162	0.01825	0.00996	0.01659	0.00996	0.01328	0.02489	0.00332	0.71955	0.00664	0.00332	0.00830
56	0.01591	0.10092	0.57633	0.02177	0.03223	0.01888	0.08341	0.02393	0.01613	0.02349	0.01349	0.01607	0.00979	0.00707	0.00715	0.00235	0.01107	0.00577	0.00326	0.01099
57	0.08438	0.06821	0.46535	0.02142	0.04996	0.09408	0.06616	0.02450	0.01649	0.02404	0.01313	0.01563	0.00971	0.00716	0.00696	0.00232	0.01091	0.00558	0.00347	0.01057
58	0.01308	0.01389	0.10075	0.03980	0.02102	0.01076	0.13344	0.01671	0.01630	0.05143	0.08006	0.38157	0.03657	0.01656	0.00905	0.00281	0.00712	0.03502	0.00604	0.00802
59	0.01445	0.01337	0.02237	0.66629	0.07014	0.01650	0.02051	0.01943	0.01526	0.01990	0.01395	0.02050	0.01054	0.00761	0.00749	0.00249	0.00982	0.00675	0.03414	0.00848
60	0.01892	0.01414	0.01742	0.01263	0.01925	0.01140	0.03228	0.06168	0.01780	0.10978	0.01591	0.01731	0.01229	0.00634	0.00611	0.00140	0.00614	0.00519	0.00528	0.60873
61	0.01112	0.00737	0.00860	0.00860	0.00868	0.00745	0.00500	0.01114	0.01105	0.01482	0.02318	0.04715	0.02636	0.65787	0.08021	0.04346	0.00814	0.01064	0.00450	0.00467
