[name]
unknown

[dist]
# distance from previous block
# <min> <max>
0	58

[block]
# block no. 0 follows, 23 sequences, length 9
# corresponding to MSA columns:
# 61-69
name=unknown_A
#
# <colnr> <probs for GDERKNQSTAVLIFYWHMCP>
#	G	D	E	R	K	N	Q	S	T	A	V	L	I	F	Y	W	H	M	C	P
0	0.01514	0.01400	0.02341	0.63931	0.05267	0.01731	0.02176	0.02041	0.01643	0.02102	0.01677	0.02739	0.01377	0.00929	0.00837	0.00279	0.01054	0.05681	0.00392	0.00889
1	0.01974	0.01893	0.03232	0.09587	0.62080	0.01919	0.02473	0.02460	0.01832	0.02610	0.01520	0.02019	0.01271	0.00729	0.00804	0.00243	0.00972	0.00723	0.00399	0.01258
2	0.01932	0.01850	0.03156	0.15296	0.56700	0.01908	0.02452	0.02424	0.01812	0.02559	0.01513	0.02033	0.01253	0.00737	0.00805	0.00246	0.00983	0.00723	0.00395	0.01224
3	0.07735	0.01538	0.02484	0.52692	0.15918	0.01826	0.02184	0.02171	0.01642	0.02301	0.01432	0.02068	0.01101	0.00791	0.00785	0.00264	0.01024	0.00699	0.00379	0.00967
4	0.01928	0.01678	0.02479	0.50060	0.04720	0.07016	0.05137	0.02408	0.01757	0.09709	0.01628	0.02163	0.01194	0.00855	0.00890	0.00267	0.03969	0.00728	0.00443	0.00970
5	0.03003	0.02089	0.02289	0.01771	0.02406	0.02258	0.01455	0.49254	0.08374	0.12132	0.02180	0.02117	0.01532	0.00971	0.00804	0.00241	0.00836	0.00744	0.00821	0.04724
6	0.03250	0.02007	0.02270	0.01741	0.02384	0.02121	0.01438	0.45888	0.03370	0.23571	0.02322	0.02191	0.01567	0.00983	0.00813	0.00246	0.00833	0.00756	0.00869	0.01380
7	0.01352	0.01334	0.08958	0.01245	0.01585	0.01032	0.01089	0.06590	0.02316	0.03269	0.50566	0.08120	0.06276	0.01539	0.00927	0.00258	0.00523	0.01344	0.00816	0.00861
8	0.07889	0.31425	0.13682	0.01963	0.09773	0.07559	0.01686	0.02496	0.04188	0.02447	0.08268	0.02042	0.01818	0.00845	0.00669	0.00217	0.00901	0.00632	0.00447	0.01055

[dist]
# distance from previous block
# <min> <max>
5	11

[block]
# block no. 1 follows, 23 sequences, length 13
# corresponding to MSA columns:
# 81-93
name=unknown_B
#
# <colnr> <probs for GDERKNQSTAVLIFYWHMCP>
#	G	D	E	R	K	N	Q	S	T	A	V	L	I	F	Y	W	H	M	C	P
0	0.02498	0.01755	0.01967	0.01574	0.02169	0.01804	0.01266	0.19284	0.24567	0.14442	0.02525	0.02407	0.01833	0.00942	0.00771	0.00229	0.00707	0.00756	0.00777	0.17727
1	0.01940	0.01817	0.02935	0.04194	0.52352	0.01790	0.02190	0.02506	0.05410	0.02683	0.01735	0.02332	0.01487	0.00795	0.00794	0.00234	0.00893	0.03271	0.00450	0.10191
2	0.03002	0.01715	0.02173	0.01975	0.09813	0.01700	0.01429	0.21234	0.06454	0.31883	0.04661	0.02505	0.01915	0.00969	0.00808	0.00243	0.00765	0.00791	0.00835	0.05129
3	0.01961	0.01861	0.03160	0.04746	0.62066	0.01861	0.02411	0.02436	0.01849	0.02636	0.01713	0.02489	0.01513	0.00825	0.00825	0.00250	0.00949	0.04776	0.00425	0.01249
4	0.02008	0.01928	0.03294	0.04981	0.66422	0.01928	0.02490	0.02490	0.01848	0.02651	0.01526	0.02008	0.01285	0.00723	0.00803	0.00241	0.00964	0.00723	0.00402	0.01285
5	0.11145	0.02125	0.02346	0.06019	0.06222	0.02363	0.01565	0.49743	0.03302	0.04628	0.01803	0.01895	0.01301	0.00926	0.00777	0.00246	0.00879	0.00697	0.00727	0.01290
6	0.01610	0.01522	0.02575	0.58966	0.15547	0.01823	0.02292	0.02141	0.01659	0.02168	0.01456	0.02138	0.01115	0.00797	0.00810	0.00266	0.01062	0.00721	0.00367	0.00964
7	0.02787	0.06397	0.02390	0.01777	0.02378	0.04694	0.01462	0.46381	0.13292	0.04441	0.02300	0.02260	0.03691	0.01009	0.00799	0.00244	0.00855	0.00768	0.00770	0.01306
8	0.11578	0.01656	0.01788	0.01486	0.02011	0.01768	0.01196	0.17536	0.21474	0.17894	0.03285	0.03077	0.09480	0.01121	0.00797	0.00259	0.00682	0.00888	0.00815	0.01208
9	0.56854	0.01620	0.01543	0.01611	0.09354	0.01821	0.01128	0.02674	0.07943	0.06759	0.01504	0.01648	0.01148	0.00798	0.00587	0.00252	0.00672	0.00541	0.00549	0.00994
10	0.01767	0.01600	0.02267	0.45654	0.04364	0.04519	0.01935	0.09386	0.01915	0.02486	0.01744	0.04550	0.01467	0.00976	0.00883	0.00265	0.03372	0.04363	0.00459	0.06025
11	0.02145	0.01927	0.03133	0.02332	0.03011	0.01885	0.27401	0.15550	0.09761	0.05341	0.02068	0.05713	0.01644	0.00887	0.00851	0.00244	0.00986	0.00891	0.00593	0.13637
12	0.11363	0.01618	0.01907	0.03473	0.05995	0.01581	0.01253	0.15692	0.04737	0.17144	0.02153	0.06190	0.01679	0.00935	0.00733	0.00220	0.00714	0.00750	0.00689	0.21172

[dist]
# distance from previous block
# <min> <max>
2	10

[block]
# block no. 2 follows, 23 sequences, length 84
# corresponding to MSA columns:
# 104-187
name=unknown_C
#
# <colnr> <probs for GDERKNQSTAVLIFYWHMCP>
#	G	D	E	R	K	N	Q	S	T	A	V	L	I	F	Y	W	H	M	C	P
0	0.02150	0.01640	0.01720	0.01497	0.01937	0.05403	0.01171	0.07571	0.33610	0.10816	0.13929	0.03314	0.03104	0.01137	0.00821	0.00253	0.00652	0.00943	0.04389	0.03942
1	0.07262	0.05234	0.02228	0.05234	0.02466	0.32145	0.04326	0.08452	0.04540	0.02628	0.05333	0.02112	0.03596	0.00896	0.00739	0.00216	0.01078	0.00665	0.00515	0.10335
2	0.01870	0.23548	0.27259	0.05832	0.05980	0.02316	0.17372	0.02507	0.01745	0.02359	0.01407	0.01744	0.01095	0.00727	0.00746	0.00236	0.01127	0.00650	0.00364	0.01115
3	0.02900	0.06336	0.02415	0.01807	0.02399	0.10653	0.01480	0.46795	0.06649	0.04358	0.01918	0.01956	0.01408	0.00946	0.00775	0.00235	0.00927	0.00699	0.04073	0.01273
4	0.01281	0.00859	0.01127	0.01043	0.01258	0.00788	0.00788	0.01660	0.02298	0.06631	0.62666	0.05886	0.07357	0.01624	0.00950	0.00255	0.00399	0.01433	0.00899	0.00798
5	0.01180	0.00787	0.00885	0.00885	0.00885	0.00787	0.00492	0.01180	0.01180	0.01573	0.02557	0.05310	0.02950	0.71483	0.04130	0.00787	0.00787	0.01180	0.00492	0.00492
6	0.12495	0.01268	0.01421	0.01240	0.01610	0.01316	0.00974	0.08532	0.11163	0.10999	0.31651	0.04043	0.04453	0.01278	0.00827	0.00253	0.00541	0.01066	0.03881	0.00988
7	0.02102	0.04729	0.02694	0.05875	0.02712	0.01726	0.17913	0.04972	0.10463	0.14493	0.06564	0.11127	0.02444	0.01176	0.01039	0.00277	0.06904	0.01060	0.00654	0.01077
8	0.01171	0.00797	0.00954	0.00997	0.01036	0.00788	0.00638	0.01254	0.01367	0.01825	0.06222	0.13770	0.03694	0.51019	0.03222	0.00653	0.00723	0.08737	0.00575	0.00557
9	0.01049	0.00758	0.00992	0.01077	0.01187	0.00701	0.00753	0.01285	0.01849	0.02528	0.28141	0.43841	0.08445	0.02187	0.01003	0.00299	0.00435	0.01964	0.00807	0.00701
10	0.01610	0.01545	0.02677	0.48628	0.13689	0.01799	0.07529	0.02120	0.01664	0.02197	0.01632	0.06039	0.01366	0.00905	0.00895	0.00273	0.03250	0.00832	0.00393	0.00958
11	0.06530	0.03448	0.47490	0.02586	0.11016	0.01849	0.07347	0.02504	0.01750	0.02681	0.04322	0.01953	0.01359	0.00797	0.00780	0.00256	0.01111	0.00670	0.00390	0.01162
12	0.03525	0.01566	0.01998	0.01532	0.02164	0.01467	0.01265	0.16362	0.02632	0.54139	0.02941	0.02593	0.01878	0.00998	0.00815	0.00250	0.00732	0.00798	0.00964	0.01381
13	0.77215	0.01569	0.01193	0.01067	0.01569	0.01820	0.00879	0.02385	0.01381	0.03641	0.01130	0.01318	0.00879	0.00753	0.00502	0.00251	0.00628	0.00439	0.00502	0.00879
14	0.01116	0.00828	0.01040	0.00987	0.01192	0.00752	0.00740	0.01468	0.02220	0.03072	0.56070	0.06361	0.17693	0.01727	0.00957	0.00258	0.00388	0.01510	0.00869	0.00752
15	0.05997	0.01539	0.01570	0.01404	0.01828	0.04263	0.01094	0.03371	0.35660	0.10433	0.05878	0.03742	0.13104	0.01230	0.00815	0.00263	0.00618	0.01006	0.05073	0.01113
16	0.00989	0.00706	0.00942	0.01130	0.01177	0.00659	0.00753	0.01130	0.01554	0.02071	0.04472	0.70954	0.05367	0.02542	0.01036	0.00330	0.00471	0.02307	0.00753	0.00659
17	0.01894	0.01843	0.02811	0.27557	0.35885	0.05430	0.02255	0.02536	0.07128	0.02472	0.01632	0.02121	0.01301	0.00792	0.00804	0.00253	0.01005	0.00728	0.00424	0.01130
18	0.01885	0.01813	0.03089	0.02434	0.04716	0.03988	0.26836	0.02400	0.04314	0.06087	0.01935	0.08087	0.01690	0.01283	0.04764	0.00323	0.12316	0.00937	0.00492	0.10610
19	0.43436	0.21213	0.02144	0.01239	0.01775	0.05687	0.01076	0.05507	0.01670	0.03112	0.03433	0.01575	0.01231	0.00790	0.00553	0.00225	0.00735	0.00503	0.03151	0.00944
20	0.32957	0.05120	0.01909	0.05892	0.02265	0.19752	0.01286	0.09864	0.04348	0.07557	0.01501	0.01646	0.01138	0.00833	0.00654	0.00238	0.00927	0.00557	0.00547	0.01011
21	0.02151	0.01802	0.05519	0.01775	0.02292	0.01816	0.05677	0.11431	0.32948	0.09119	0.05328	0.03651	0.02606	0.01200	0.00873	0.00280	0.00764	0.08794	0.00778	0.01198
22	0.02849	0.01985	0.02206	0.01672	0.02334	0.02046	0.01374	0.43141	0.03173	0.12081	0.01991	0.01989	0.01418	0.00897	0.00767	0.00218	0.00805	0.00687	0.00764	0.17604
23	0.02914	0.03672	0.02317	0.02094	0.02473	0.62075	0.01587	0.03120	0.02201	0.01983	0.01237	0.01492	0.01047	0.00891	0.00912	0.00223	0.07875	0.00540	0.00412	0.00936
24	0.04706	0.04090	0.64588	0.02262	0.03433	0.01882	0.02912	0.02562	0.01700	0.02613	0.01443	0.01697	0.01022	0.00770	0.00760	0.00257	0.01176	0.00593	0.00349	0.01186
25	0.01032	0.00886	0.00892	0.00879	0.01166	0.00777	0.00663	0.01382	0.06204	0.02275	0.07881	0.07479	0.61702	0.01989	0.00950	0.00274	0.00427	0.01658	0.00758	0.00726
26	0.06413	0.07851	0.02017	0.01426	0.02006	0.01490	0.01185	0.03656	0.10563	0.46138	0.06501	0.02787	0.02253	0.01015	0.00784	0.00247	0.00680	0.00815	0.00892	0.01280
27	0.01320	0.00867	0.01140	0.01050	0.01272	0.00795	0.00795	0.01698	0.02299	0.07652	0.61660	0.05834	0.07267	0.01614	0.00947	0.00255	0.00404	0.01422	0.00901	0.00808
28	0.02169	0.71972	0.04252	0.01388	0.02083	0.03211	0.01388	0.02430	0.01649	0.01909	0.01128	0.01302	0.01041	0.00694	0.00521	0.00174	0.00868	0.00434	0.00347	0.01041
29	0.01851	0.02086	0.04523	0.03262	0.04029	0.01956	0.59146	0.02498	0.01890	0.02563	0.01837	0.06934	0.01517	0.00812	0.00963	0.00277	0.01306	0.01051	0.00434	0.01064
30	0.01576	0.00924	0.01222	0.01093	0.01360	0.00839	0.00839	0.01947	0.02301	0.14200	0.55208	0.05494	0.06686	0.01546	0.00933	0.00254	0.00436	0.01356	0.00912	0.00871
31	0.01140	0.00835	0.01072	0.01031	0.01231	0.00768	0.00785	0.01504	0.02224	0.03094	0.56205	0.06436	0.13357	0.01736	0.00968	0.00265	0.00409	0.05313	0.00870	0.00756
32	0.01180	0.00787	0.00885	0.00885	0.00885	0.00787	0.00492	0.01180	0.01180	0.01573	0.02557	0.05310	0.02950	0.71483	0.04130	0.00787	0.00787	0.01180	0.00492	0.00492
33	0.01906	0.02162	0.04640	0.03337	0.04105	0.02080	0.59512	0.02558	0.01872	0.02558	0.01605	0.02162	0.01221	0.00731	0.01067	0.00279	0.05776	0.00942	0.00407	0.01081
34	0.06818	0.01883	0.03120	0.07593	0.59557	0.01915	0.02376	0.02465	0.01808	0.02689	0.01497	0.01971	0.01250	0.00729	0.00784	0.00243	0.00948	0.00705	0.00406	0.01242
35	0.01552	0.01462	0.02469	0.66913	0.08057	0.01808	0.02263	0.02090	0.01632	0.02097	0.01446	0.02157	0.01090	0.00808	0.00811	0.00269	0.01077	0.00721	0.00362	0.00917
36	0.00981	0.00776	0.00883	0.00956	0.01134	0.00679	0.00679	0.01169	0.01753	0.02197	0.09643	0.33120	0.38702	0.02231	0.00990	0.00295	0.00434	0.01939	0.00760	0.00679
37	0.01890	0.02108	0.04402	0.05676	0.06369	0.02085	0.52413	0.02507	0.01830	0.02513	0.01568	0.02137	0.01210	0.00769	0.01130	0.00281	0.08723	0.00914	0.00402	0.01072
38	0.01947	0.02183	0.04269	0.10419	0.09714	0.05774	0.48207	0.02571	0.01900	0.02514	0.01589	0.02129	0.01210	0.00709	0.00916	0.00267	0.01308	0.00888	0.00405	0.01082
39	0.01843	0.01813	0.03313	0.08178	0.10861	0.01867	0.28544	0.08420	0.01944	0.02661	0.02013	0.11871	0.01841	0.01253	0.03537	0.00319	0.07141	0.01054	0.00491	0.01038
40	0.00989	0.00706	0.00942	0.01130	0.01177	0.00659	0.00753	0.01130	0.01554	0.02071	0.04472	0.70954	0.05367	0.02542	0.01036	0.00330	0.00471	0.02307	0.00753	0.00659
41	0.01771	0.01850	0.03645	0.24414	0.14602	0.01896	0.31710	0.02355	0.01797	0.02420	0.01677	0.05001	0.01364	0.00807	0.00890	0.00270	0.01175	0.00901	0.00407	0.01046
42	0.02008	0.01928	0.03294	0.04981	0.66422	0.01928	0.02490	0.02490	0.01848	0.02651	0.01526	0.02008	0.01285	0.00723	0.00803	0.00241	0.00964	0.00723	0.00402	0.01285
43	0.02951	0.05826	0.02519	0.01876	0.02469	0.07381	0.01551	0.52253	0.03431	0.04521	0.01800	0.01869	0.01318	0.00979	0.00910	0.00245	0.05372	0.00699	0.00730	0.01299
44	0.01752	0.01484	0.01720	0.01235	0.01952	0.01153	0.00990	0.05112	0.01789	0.02767	0.01467	0.01696	0.01211	0.00619	0.00611	0.00126	0.00615	0.00493	0.00497	0.72709
45	0.01641	0.01621	0.02899	0.50086	0.08376	0.01897	0.13044	0.02181	0.01662	0.02189	0.01458	0.02135	0.01118	0.00823	0.00956	0.00275	0.05552	0.00762	0.00371	0.00955
46	0.01162	0.00860	0.01255	0.01255	0.01383	0.00988	0.00953	0.01418	0.01290	0.01848	0.02218	0.03435	0.02136	0.13702	0.60798	0.01244	0.02012	0.00906	0.00441	0.00697
47	0.01683	0.01442	0.01683	0.01202	0.01923	0.01082	0.00961	0.02043	0.01683	0.02644	0.01442	0.01683	0.01202	0.00601	0.00601	0.00120	0.00601	0.00481	0.00481	0.76444
48	0.35525	0.09817	0.04693	0.01518	0.02063	0.19065	0.01280	0.07959	0.04225	0.05227	0.01394	0.01535	0.01084	0.00809	0.00623	0.00233	0.00917	0.00522	0.00512	0.01000
49	0.00986	0.00823	0.00859	0.00850	0.01112	0.00696	0.00638	0.01216	0.01913	0.02342	0.16379	0.07562	0.57840	0.01999	0.00959	0.00271	0.00407	0.01678	0.00773	0.00696
50	0.01010	0.00796	0.00911	0.00942	0.01142	0.00697	0.00684	0.01241	0.01881	0.02407	0.20608	0.22636	0.38002	0.02081	0.00977	0.00283	0.00419	0.01799	0.00786	0.00697
51	0.01940	0.02119	0.04388	0.03838	0.20904	0.02019	0.47132	0.02570	0.01897	0.02613	0.01611	0.02140	0.01246	0.00694	0.00916	0.00265	0.01260	0.00895	0.00408	0.01146
52	0.01627	0.04197	0.67279	0.02313	0.03512	0.01884	0.02998	0.02570	0.01713	0.02570	0.01456	0.01713	0.01028	0.00771	0.00771	0.00257	0.01199	0.00600	0.00343	0.01199
53	0.01180	0.00787	0.00885	0.00885	0.00885	0.00787	0.00492	0.01180	0.01180	0.01573	0.02557	0.05310	0.02950	0.71483	0.04130	0.00787	0.00787	0.01180	0.00492	0.00492
54	0.01069	0.00898	0.00937	0.00914	0.01193	0.00804	0.00689	0.01467	0.07079	0.02418	0.14734	0.07208	0.53878	0.01929	0.00948	0.00272	0.00427	0.01618	0.00776	0.00744
55	0.02429	0.01947	0.02066	0.01734	0.02266	0.02210	0.01384	0.27182	0.41417	0.04056	0.02781	0.02612	0.02055	0.01052	0.00820	0.00263	0.00739	0.00845	0.00820	0.01321
56	0.55697	0.05349	0.01576	0.01218	0.01762	0.01883	0.01017	0.08997	0.01775	0.12144	0.01491	0.01575	0.01090	0.00807	0.00577	0.00246	0.00676	0.00520	0.00593	0.01007
57	0.01020	0.00726	0.00964	0.01143	0.01197	0.00684	0.00778	0.01170	0.01557	0.02071	0.04365	0.63423	0.05198	0.05951	0.01196	0.00355	0.00506	0.06298	0.00740	0.00657
58	0.01627	0.04197	0.67279	0.02313	0.03512	0.01884	0.02998	0.02570	0.01713	0.02570	0.01456	0.01713	0.01028	0.00771	0.00771	0.00257	0.01199	0.00600	0.00343	0.01199
59	0.02981	0.01944	0.02172	0.01719	0.02321	0.02092	0.01402	0.36426	0.16957	0.19412	0.02544	0.02379	0.01771	0.01009	0.00816	0.00252	0.00790	0.00792	0.00860	0.01359
60	0.01516	0.01394	0.01988	0.01783	0.01844	0.01866	0.01455	0.01741	0.01269	0.01924	0.01532	0.02370	0.01471	0.03383	0.30269	0.00754	0.41458	0.00777	0.00389	0.00819
61	0.00983	0.00826	0.00846	0.00854	0.01114	0.00700	0.00642	0.01188	0.01825	0.02179	0.07833	0.07775	0.60998	0.04668	0.01085	0.00298	0.00440	0.04321	0.00743	0.00681
62	0.01627	0.04197	0.67279	0.02313	0.03512	0.01884	0.02998	0.02570	0.01713	0.02570	0.01456	0.01713	0.01028	0.00771	0.00771	0.00257	0.01199	0.00600	0.00343	0.01199
63	0.02412	0.52822	0.03703	0.01586	0.02202	0.21492	0.01439	0.02658	0.01832	0.01931	0.01164	0.01347	0.01042	0.00734	0.00580	0.00184	0.01035	0.00459	0.00367	0.01013
64	0.02024	0.01606	0.02277	0.01711	0.02357	0.01443	0.11800	0.04773	0.09135	0.10641	0.02038	0.04939	0.01627	0.00839	0.00799	0.00200	0.02757	0.00745	0.00592	0.37696
65	0.01813	0.27976	0.40436	0.01983	0.02955	0.02322	0.04586	0.02486	0.01718	0.02360	0.03538	0.01733	0.01265	0.00771	0.00696	0.00228	0.01061	0.00584	0.00365	0.01125
66	0.01924	0.01688	0.02545	0.40055	0.15104	0.05153	0.04595	0.04700	0.03990	0.06864	0.01707	0.02200	0.01284	0.00827	0.00803	0.00257	0.01015	0.00736	0.03518	0.01035
67	0.01157	0.00777	0.00892	0.00914	0.00920	0.00772	0.00523	0.01174	0.01224	0.01632	0.02784	0.13106	0.03237	0.63296	0.03763	0.00732	0.00749	0.01314	0.00523	0.00512
68	0.01640	0.01552	0.02627	0.54999	0.19285	0.01831	0.02307	0.02167	0.01673	0.02203	0.01461	0.02128	0.01128	0.00791	0.00809	0.00264	0.01055	0.00722	0.00370	0.00988
69	0.02855	0.03440	0.02199	0.01976	0.02406	0.55173	0.01496	0.07694	0.06712	0.02326	0.01819	0.01946	0.04641	0.00930	0.00756	0.00220	0.01308	0.00629	0.00493	0.00983
70	0.01485	0.00754	0.00766	0.00776	0.00958	0.00751	0.00577	0.01850	0.01694	0.02974	0.02744	0.06651	0.02255	0.01031	0.00592	0.00197	0.00383	0.00839	0.71972	0.00751
71	0.00989	0.00706	0.00942	0.01130	0.01177	0.00659	0.00753	0.01130	0.01554	0.02071	0.04472	0.70954	0.05367	0.02542	0.01036	0.00330	0.00471	0.02307	0.00753	0.00659
72	0.00989	0.00706	0.00942	0.01130	0.01177	0.00659	0.00753	0.01130	0.01554	0.02071	0.04472	0.70954	0.05367	0.02542	0.01036	0.00330	0.00471	0.02307	0.00753	0.00659
73	0.01683	0.01442	0.01683	0.01202	0.01923	0.01082	0.00961	0.02043	0.01683	0.02644	0.01442	0.01683	0.01202	0.00601	0.00601	0.00120	0.00601	0.00481	0.00481	0.76444
74	0.01513	0.00756	0.00756	0.00756	0.00945	0.00756	0.00567	0.01891	0.01702	0.03025	0.02647	0.03025	0.02080	0.00945	0.00567	0.00189	0.00378	0.00756	0.75988	0.00756
75	0.01125	0.00824	0.01055	0.01006	0.01200	0.00754	0.00751	0.01482	0.02227	0.03111	0.58306	0.08632	0.13038	0.01729	0.00960	0.00260	0.00389	0.01522	0.00875	0.00754
76	0.01683	0.01442	0.01683	0.01202	0.01923	0.01082	0.00961	0.02043	0.01683	0.02644	0.01442	0.01683	0.01202	0.00601	0.00601	0.00120	0.00601	0.00481	0.00481	0.76444
77	0.01848	0.01795	0.03411	0.23450	0.06697	0.01876	0.29538	0.02398	0.01772	0.05462	0.01633	0.02178	0.01241	0.00803	0.01003	0.00267	0.06492	0.00822	0.03162	0.04150
78	0.02039	0.01491	0.01806	0.01573	0.01972	0.01555	0.03693	0.22140	0.10134	0.06983	0.03166	0.25896	0.03113	0.01580	0.00907	0.00281	0.00703	0.05567	0.00768	0.04631
79	0.02638	0.01787	0.02205	0.01870	0.05661	0.01863	0.03889	0.29461	0.05716	0.15999	0.02405	0.08616	0.01938	0.03461	0.01005	0.00270	0.03355	0.00908	0.00756	0.06197
80	0.08772	0.44039	0.09405	0.01552	0.02223	0.08318	0.01518	0.07621	0.01881	0.02426	0.01408	0.01829	0.01248	0.00825	0.00617	0.00208	0.00924	0.03713	0.00427	0.01046
81	0.44941	0.09284	0.12887	0.06161	0.02373	0.01958	0.04366	0.02474	0.01545	0.05750	0.01316	0.01542	0.00998	0.00761	0.00605	0.00246	0.00817	0.00525	0.00466	0.00982
82	0.11440	0.41103	0.09705	0.01610	0.02283	0.02679	0.04447	0.08413	0.01819	0.02537	0.01300	0.01535	0.01098	0.00956	0.03073	0.00250	0.03748	0.00531	0.00418	0.01055
83	0.02651	0.11465	0.02486	0.01715	0.02303	0.02390	0.01438	0.42096	0.11136	0.04256	0.05499	0.02508	0.01940	0.01040	0.00795	0.00244	0.00825	0.03196	0.00753	0.01264

[dist]
# distance from previous block
# <min> <max>
0	5

[block]
# block no. 3 follows, 23 sequences, length 181
# corresponding to MSA columns:
# 193-373
name=unknown_D
#
# <colnr> <probs for GDERKNQSTAVLIFYWHMCP>
#	G	D	E	R	K	N	Q	S	T	A	V	L	I	F	Y	W	H	M	C	P
0	0.02834	0.02157	0.02233	0.01761	0.02340	0.05243	0.01436	0.50890	0.07281	0.04662	0.05312	0.02260	0.01790	0.01009	0.00803	0.00242	0.00849	0.00772	0.04837	0.01290
1	0.03085	0.02273	0.02435	0.01867	0.02516	0.02516	0.01542	0.63716	0.03815	0.05114	0.01948	0.01948	0.01380	0.00974	0.00812	0.00244	0.00893	0.00731	0.00812	0.01380
2	0.01174	0.00810	0.01002	0.01002	0.01042	0.00850	0.00637	0.01255	0.01215	0.01660	0.02450	0.04718	0.02693	0.53254	0.22008	0.00931	0.01173	0.01093	0.00476	0.00557
3	0.01908	0.02167	0.04669	0.03353	0.04132	0.02074	0.60291	0.02566	0.01880	0.02566	0.01612	0.02167	0.01223	0.00722	0.01046	0.00278	0.04910	0.00945	0.00408	0.01084
4	0.01627	0.04197	0.67279	0.02313	0.03512	0.01884	0.02998	0.02570	0.01713	0.02570	0.01456	0.01713	0.01028	0.00771	0.00771	0.00257	0.01199	0.00600	0.00343	0.01199
5	0.03085	0.02273	0.02435	0.01867	0.02516	0.02516	0.01542	0.63716	0.03815	0.05114	0.01948	0.01948	0.01380	0.00974	0.00812	0.00244	0.00893	0.00731	0.00812	0.01380
6	0.00997	0.00713	0.00949	0.01124	0.01179	0.00665	0.00754	0.01151	0.01592	0.02132	0.07647	0.67605	0.05485	0.02497	0.01032	0.00326	0.00466	0.02263	0.00760	0.00665
7	0.01039	0.00764	0.00977	0.01077	0.01199	0.00702	0.00764	0.01259	0.01791	0.02390	0.19710	0.42909	0.14909	0.02243	0.01010	0.00306	0.00455	0.05017	0.00786	0.00693
8	0.01561	0.01472	0.02486	0.65600	0.09295	0.01810	0.02268	0.02099	0.01636	0.02108	0.01447	0.02154	0.01094	0.00806	0.00811	0.00269	0.01074	0.00721	0.00363	0.00925
9	0.01210	0.00865	0.01196	0.01383	0.01528	0.00850	0.01139	0.01513	0.01772	0.02320	0.04350	0.27981	0.04882	0.02333	0.01095	0.00360	0.00663	0.43091	0.00749	0.00720
10	0.01003	0.00715	0.00947	0.01116	0.01169	0.00669	0.00745	0.01152	0.01579	0.02115	0.07555	0.65482	0.05405	0.04759	0.01133	0.00341	0.00477	0.02227	0.00752	0.00659
11	0.00989	0.00706	0.00942	0.01130	0.01177	0.00659	0.00753	0.01130	0.01554	0.02071	0.04472	0.70954	0.05367	0.02542	0.01036	0.00330	0.00471	0.02307	0.00753	0.00659
12	0.77215	0.01569	0.01193	0.01067	0.01569	0.01820	0.00879	0.02385	0.01381	0.03641	0.01130	0.01318	0.00879	0.00753	0.00502	0.00251	0.00628	0.00439	0.00502	0.00879
13	0.01023	0.00825	0.00910	0.00889	0.01135	0.00712	0.00667	0.01288	0.02000	0.02550	0.27684	0.07220	0.46405	0.01922	0.00958	0.00268	0.00402	0.01630	0.00801	0.00712
14	0.01627	0.04197	0.67279	0.02313	0.03512	0.01884	0.02998	0.02570	0.01713	0.02570	0.01456	0.01713	0.01028	0.00771	0.00771	0.00257	0.01199	0.00600	0.00343	0.01199
15	0.01275	0.00954	0.01239	0.01369	0.01587	0.00941	0.01169	0.01715	0.05138	0.02432	0.05022	0.08569	0.16729	0.02145	0.01073	0.00349	0.00675	0.46102	0.00753	0.00763
16	0.00989	0.00706	0.00942	0.01130	0.01177	0.00659	0.00753	0.01130	0.01554	0.02071	0.04472	0.70954	0.05367	0.02542	0.01036	0.00330	0.00471	0.02307	0.00753	0.00659
17	0.01915	0.02189	0.04788	0.03420	0.04241	0.02052	0.63475	0.02599	0.01915	0.02599	0.01642	0.02189	0.01231	0.00684	0.00958	0.00274	0.01368	0.00958	0.00410	0.01094
18	0.02032	0.01646	0.01778	0.01538	0.02027	0.01791	0.01206	0.07827	0.45129	0.06034	0.05775	0.03155	0.05698	0.01102	0.00811	0.00253	0.00634	0.00913	0.00792	0.09859
19	0.01693	0.01243	0.01446	0.01322	0.01627	0.01241	0.00991	0.18219	0.02173	0.02981	0.03180	0.33150	0.03418	0.07007	0.01140	0.00311	0.00634	0.04128	0.03486	0.10611
20	0.01040	0.00825	0.00935	0.00907	0.01146	0.00720	0.00681	0.01322	0.02042	0.02648	0.33020	0.07059	0.41008	0.01885	0.00958	0.00266	0.00399	0.01607	0.00813	0.00720
21	0.00978	0.00815	0.00854	0.00861	0.01112	0.00690	0.00639	0.01195	0.01870	0.02279	0.13164	0.11971	0.56678	0.02053	0.00964	0.00276	0.00413	0.01731	0.00766	0.00690
22	0.08055	0.03469	0.02289	0.02156	0.05877	0.54491	0.01568	0.08324	0.02342	0.02403	0.01320	0.01524	0.01075	0.00836	0.00727	0.00217	0.01330	0.00545	0.00457	0.00993
23	0.01807	0.01549	0.01639	0.01490	0.01904	0.01742	0.01153	0.03672	0.51654	0.03213	0.08293	0.03918	0.11919	0.01275	0.00854	0.00274	0.00591	0.01069	0.00820	0.01163
24	0.00989	0.00706	0.00942	0.01130	0.01177	0.00659	0.00753	0.01130	0.01554	0.02071	0.04472	0.70954	0.05367	0.02542	0.01036	0.00330	0.00471	0.02307	0.00753	0.00659
25	0.01081	0.00745	0.00914	0.01012	0.01036	0.00721	0.00627	0.01154	0.01373	0.01831	0.03547	0.39250	0.04200	0.35839	0.02530	0.00550	0.00623	0.01763	0.00627	0.00578
26	0.01627	0.04197	0.67279	0.02313	0.03512	0.01884	0.02998	0.02570	0.01713	0.02570	0.01456	0.01713	0.01028	0.00771	0.00771	0.00257	0.01199	0.00600	0.00343	0.01199
27	0.02008	0.01928	0.03294	0.04981	0.66422	0.01928	0.02490	0.02490	0.01848	0.02651	0.01526	0.02008	0.01285	0.00723	0.00803	0.00241	0.00964	0.00723	0.00402	0.01285
28	0.01007	0.00728	0.00953	0.01100	0.01177	0.00674	0.00748	0.01182	0.01661	0.02225	0.12326	0.59598	0.08803	0.02407	0.01022	0.00317	0.00457	0.02171	0.00771	0.00674
29	0.01683	0.01442	0.01683	0.01202	0.01923	0.01082	0.00961	0.02043	0.01683	0.02644	0.01442	0.01683	0.01202	0.00601	0.00601	0.00120	0.00601	0.00481	0.00481	0.76444
30	0.01627	0.04197	0.67279	0.02313	0.03512	0.01884	0.02998	0.02570	0.01713	0.02570	0.01456	0.01713	0.01028	0.00771	0.00771	0.00257	0.01199	0.00600	0.00343	0.01199
31	0.01177	0.00797	0.00937	0.00937	0.00954	0.00815	0.00556	0.01213	0.01195	0.01611	0.02510	0.05049	0.02837	0.63443	0.12015	0.00850	0.00957	0.01142	0.00485	0.00520
32	0.01290	0.00922	0.01288	0.01475	0.01654	0.00919	0.01278	0.01652	0.01851	0.02409	0.04306	0.12472	0.04707	0.02258	0.01116	0.00371	0.00732	0.57810	0.00747	0.00742
33	0.01178	0.00821	0.01003	0.01061	0.01119	0.00820	0.00684	0.03899	0.01466	0.01965	0.03348	0.33875	0.03887	0.34137	0.06533	0.00594	0.00737	0.01637	0.00617	0.00618
34	0.02081	0.52068	0.19485	0.01648	0.02452	0.06151	0.01789	0.02504	0.01697	0.02074	0.01214	0.01410	0.01038	0.00720	0.00592	0.00196	0.00978	0.00479	0.00350	0.01075
35	0.60530	0.01728	0.01472	0.01247	0.01782	0.01977	0.01028	0.16189	0.01929	0.03972	0.01314	0.01460	0.00992	0.00803	0.00572	0.00249	0.00687	0.00505	0.00572	0.00992
36	0.02225	0.01467	0.01644	0.01432	0.01844	0.04814	0.01132	0.06257	0.20387	0.19141	0.22353	0.04083	0.03933	0.01289	0.00874	0.00263	0.00636	0.04255	0.00865	0.01108
37	0.42369	0.05256	0.06077	0.01299	0.01853	0.01781	0.01149	0.09670	0.01916	0.10664	0.09166	0.02141	0.01885	0.00913	0.00647	0.00247	0.00688	0.00648	0.00622	0.01010
38	0.01897	0.37917	0.35921	0.01853	0.02801	0.02544	0.02197	0.02500	0.01681	0.02241	0.01293	0.01508	0.01035	0.00733	0.00646	0.00215	0.01034	0.00517	0.00345	0.01121
39	0.37387	0.27137	0.02476	0.01312	0.01895	0.05905	0.01161	0.06721	0.01741	0.06206	0.01296	0.01436	0.01037	0.00764	0.00558	0.00220	0.00780	0.00481	0.00488	0.01000
40	0.77215	0.01569	0.01193	0.01067	0.01569	0.01820	0.00879	0.02385	0.01381	0.03641	0.01130	0.01318	0.00879	0.00753	0.00502	0.00251	0.00628	0.00439	0.00502	0.00879
41	0.01003	0.00717	0.00954	0.01120	0.01180	0.00669	0.00754	0.01166	0.01620	0.02177	0.09968	0.65156	0.05571	0.02463	0.01029	0.00323	0.00463	0.02232	0.00766	0.00669
42	0.03055	0.03150	0.02361	0.01990	0.02512	0.38648	0.01556	0.30462	0.02982	0.03394	0.01567	0.01682	0.01196	0.00898	0.00768	0.00225	0.01207	0.00616	0.00595	0.01138
43	0.00997	0.00823	0.00874	0.00862	0.01119	0.00701	0.00646	0.01238	0.01939	0.02404	0.19730	0.07461	0.54451	0.01976	0.00959	0.00270	0.00405	0.01664	0.00781	0.00701
44	0.01671	0.01395	0.01619	0.01171	0.01856	0.01059	0.00935	0.02033	0.01684	0.02670	0.01525	0.01774	0.01262	0.00624	0.00599	0.00125	0.00586	0.00500	0.05646	0.71266
45	0.01588	0.01519	0.02446	0.53958	0.04789	0.01961	0.02143	0.02045	0.01535	0.02045	0.01355	0.02074	0.01078	0.00952	0.01239	0.00290	0.17006	0.00719	0.00359	0.00898
46	0.01096	0.00844	0.01019	0.01070	0.01284	0.00767	0.00845	0.01379	0.01927	0.02475	0.19361	0.13064	0.31954	0.02060	0.01008	0.00301	0.00500	0.17547	0.00782	0.00717
47	0.00972	0.00823	0.00840	0.00836	0.01104	0.00691	0.00627	0.01190	0.01880	0.02265	0.12172	0.07689	0.62095	0.02028	0.00959	0.00273	0.00409	0.01696	0.00763	0.00691
48	0.01010	0.00829	0.00893	0.00892	0.01146	0.00712	0.00678	0.01256	0.01930	0.02392	0.18230	0.07569	0.52624	0.01995	0.00967	0.00276	0.00423	0.04699	0.00778	0.00702
49	0.03031	0.03867	0.02299	0.02090	0.02508	0.68226	0.01568	0.03240	0.02299	0.01986	0.01254	0.01463	0.01045	0.00836	0.00732	0.00209	0.01463	0.00523	0.00418	0.00941
50	0.01908	0.02167	0.04669	0.03353	0.04132	0.02074	0.60291	0.02566	0.01880	0.02566	0.01612	0.02167	0.01223	0.00722	0.01046	0.00278	0.04910	0.00945	0.00408	0.01084
51	0.01000	0.00711	0.00938	0.01115	0.01159	0.00667	0.00737	0.01133	0.01531	0.02041	0.04356	0.66955	0.05219	0.06742	0.01224	0.00357	0.00490	0.02238	0.00737	0.00649
52	0.02008	0.01928	0.03294	0.04981	0.66422	0.01928	0.02490	0.02490	0.01848	0.02651	0.01526	0.02008	0.01285	0.00723	0.00803	0.00241	0.00964	0.00723	0.00402	0.01285
53	0.01409	0.00705	0.01057	0.01057	0.01057	0.00705	0.00705	0.01057	0.01057	0.01409	0.01409	0.02467	0.01409	0.02819	0.03171	0.76392	0.00705	0.00705	0.00352	0.00352
54	0.00989	0.00706	0.00942	0.01130	0.01177	0.00659	0.00753	0.01130	0.01554	0.02071	0.04472	0.70954	0.05367	0.02542	0.01036	0.00330	0.00471	0.02307	0.00753	0.00659
55	0.02169	0.71972	0.04252	0.01388	0.02083	0.03211	0.01388	0.02430	0.01649	0.01909	0.01128	0.01302	0.01041	0.00694	0.00521	0.00174	0.00868	0.00434	0.00347	0.01041
56	0.01532	0.01442	0.02434	0.69533	0.05589	0.01803	0.02253	0.02073	0.01622	0.02073	0.01442	0.02163	0.01082	0.00811	0.00811	0.00270	0.01082	0.00721	0.00361	0.00901
57	0.01076	0.00822	0.00988	0.00956	0.01170	0.00733	0.00713	0.01388	0.02113	0.02839	0.43527	0.09196	0.27868	0.01831	0.00961	0.00265	0.00396	0.01585	0.00839	0.00733
58	0.01194	0.00891	0.01187	0.01244	0.03775	0.00835	0.00921	0.01563	0.02157	0.02976	0.46432	0.06659	0.12188	0.01771	0.00983	0.00279	0.00477	0.12860	0.00834	0.00775
59	0.02142	0.68570	0.07415	0.01435	0.02154	0.03144	0.01469	0.02437	0.01652	0.01942	0.01145	0.01322	0.01041	0.00698	0.00533	0.00178	0.00884	0.00442	0.00347	0.01049
60	0.06051	0.01748	0.01908	0.01530	0.02052	0.01878	0.01236	0.33095	0.09306	0.14496	0.02387	0.02475	0.01748	0.04134	0.00912	0.00265	0.00741	0.00775	0.12049	0.01215
61	0.02008	0.01928	0.03294	0.04981	0.66422	0.01928	0.02490	0.02490	0.01848	0.02651	0.01526	0.02008	0.01285	0.00723	0.00803	0.00241	0.00964	0.00723	0.00402	0.01285
62	0.05789	0.33892	0.36108	0.01841	0.02782	0.02465	0.02180	0.02499	0.01668	0.02334	0.01295	0.01512	0.01026	0.00736	0.00647	0.00220	0.01024	0.00518	0.00353	0.01113
63	0.00989	0.00706	0.00942	0.01130	0.01177	0.00659	0.00753	0.01130	0.01554	0.02071	0.04472	0.70954	0.05367	0.02542	0.01036	0.00330	0.00471	0.02307	0.00753	0.00659
64	0.06387	0.01578	0.01974	0.01519	0.02147	0.01499	0.01255	0.16619	0.02604	0.51342	0.02854	0.02532	0.01831	0.00988	0.00803	0.00249	0.00731	0.00783	0.00944	0.01361
65	0.12447	0.01982	0.04196	0.01573	0.02095	0.08803	0.01298	0.20314	0.10979	0.12942	0.12511	0.02736	0.02523	0.01056	0.00787	0.00249	0.00783	0.00822	0.00755	0.01148
66	0.02008	0.01928	0.03294	0.04981	0.66422	0.01928	0.02490	0.02490	0.01848	0.02651	0.01526	0.02008	0.01285	0.00723	0.00803	0.00241	0.00964	0.00723	0.00402	0.01285
67	0.00989	0.00706	0.00942	0.01130	0.01177	0.00659	0.00753	0.01130	0.01554	0.02071	0.04472	0.70954	0.05367	0.02542	0.01036	0.00330	0.00471	0.02307	0.00753	0.00659
68	0.01269	0.00907	0.01264	0.01450	0.01620	0.00901	0.01241	0.01615	0.01830	0.02385	0.04317	0.16587	0.04754	0.02278	0.01111	0.00368	0.00714	0.53904	0.00748	0.00737
69	0.01731	0.03472	0.44729	0.02712	0.03775	0.01945	0.24822	0.02580	0.01786	0.02580	0.01523	0.01885	0.01101	0.00740	0.00838	0.00263	0.01260	0.00729	0.00367	0.01161
70	0.01003	0.00716	0.00958	0.01146	0.01199	0.00671	0.00778	0.01154	0.01568	0.02087	0.04464	0.68198	0.05336	0.02529	0.01039	0.00331	0.00483	0.04922	0.00753	0.00663
71	0.01140	0.00823	0.01077	0.01026	0.01210	0.00760	0.00765	0.01511	0.02260	0.03195	0.62906	0.09318	0.07541	0.01703	0.00961	0.00259	0.00387	0.01510	0.00886	0.00760
72	0.03184	0.02113	0.02336	0.01791	0.02436	0.02279	0.01480	0.52988	0.03547	0.16220	0.02173	0.02094	0.01493	0.00979	0.00812	0.00245	0.00857	0.00746	0.00846	0.01380
73	0.01148	0.00829	0.01085	0.01021	0.01212	0.00766	0.00766	0.01531	0.02297	0.03254	0.65994	0.06061	0.07656	0.01659	0.00957	0.00255	0.00383	0.01467	0.00893	0.00766
74	0.03641	0.01381	0.01883	0.01444	0.02071	0.01193	0.01193	0.03954	0.02322	0.66984	0.03201	0.02762	0.02009	0.01004	0.00816	0.00251	0.00690	0.00816	0.01004	0.01381
75	0.01811	0.01518	0.01751	0.01263	0.01977	0.01213	0.01015	0.07686	0.01878	0.02870	0.01489	0.01707	0.01218	0.00635	0.00620	0.00131	0.00628	0.00504	0.00511	0.69575
76	0.01115	0.00810	0.01050	0.01029	0.01202	0.00745	0.00757	0.01452	0.02161	0.03021	0.53787	0.16287	0.09914	0.01815	0.00969	0.00268	0.00398	0.01610	0.00865	0.00745
77	0.01674	0.10012	0.61872	0.02233	0.03389	0.01998	0.02860	0.02558	0.01708	0.02513	0.01428	0.01678	0.01029	0.00764	0.00749	0.00250	0.01171	0.00585	0.00343	0.01186
78	0.01070	0.00812	0.00986	0.00973	0.01172	0.00728	0.00718	0.01369	0.02068	0.02781	0.40587	0.14527	0.25476	0.01889	0.00967	0.00270	0.00402	0.01646	0.00833	0.00728
79	0.01915	0.02189	0.04788	0.03420	0.04241	0.02052	0.63475	0.02599	0.01915	0.02599	0.01642	0.02189	0.01231	0.00684	0.00958	0.00274	0.01368	0.00958	0.00410	0.01094
80	0.01542	0.01429	0.02369	0.63958	0.05258	0.01790	0.02166	0.02061	0.01610	0.02106	0.01474	0.02181	0.01121	0.00842	0.00879	0.00271	0.03953	0.00722	0.03373	0.00895
81	0.02169	0.71972	0.04252	0.01388	0.02083	0.03211	0.01388	0.02430	0.01649	0.01909	0.01128	0.01302	0.01041	0.00694	0.00521	0.00174	0.00868	0.00434	0.00347	0.01041
82	0.00969	0.00822	0.00835	0.00832	0.01102	0.00689	0.00624	0.01183	0.01872	0.02246	0.11174	0.07720	0.63104	0.02035	0.00959	0.00273	0.00410	0.01700	0.00761	0.00689
83	0.00959	0.00822	0.00822	0.00822	0.01096	0.00685	0.00617	0.01165	0.01850	0.02192	0.08220	0.07809	0.66092	0.02055	0.00959	0.00274	0.00411	0.01713	0.00754	0.00685
84	0.02036	0.01726	0.01831	0.01631	0.02087	0.01981	0.01272	0.07781	0.57866	0.03492	0.06587	0.03125	0.02688	0.01123	0.00832	0.00272	0.00644	0.00936	0.00828	0.01262
85	0.03085	0.02273	0.02435	0.01867	0.02516	0.02516	0.01542	0.63716	0.03815	0.05114	0.01948	0.01948	0.01380	0.00974	0.00812	0.00244	0.00893	0.00731	0.00812	0.01380
86	0.00989	0.00706	0.00942	0.01130	0.01177	0.00659	0.00753	0.01130	0.01554	0.02071	0.04472	0.70954	0.05367	0.02542	0.01036	0.00330	0.00471	0.02307	0.00753	0.00659
87	0.01683	0.01442	0.01683	0.01202	0.01923	0.01082	0.00961	0.02043	0.01683	0.02644	0.01442	0.01683	0.01202	0.00601	0.00601	0.00120	0.00601	0.00481	0.00481	0.76444
88	0.01627	0.04197	0.67279	0.02313	0.03512	0.01884	0.02998	0.02570	0.01713	0.02570	0.01456	0.01713	0.01028	0.00771	0.00771	0.00257	0.01199	0.00600	0.00343	0.01199
89	0.00959	0.00822	0.00822	0.00822	0.01096	0.00685	0.00617	0.01165	0.01850	0.02192	0.08220	0.07809	0.66092	0.02055	0.00959	0.00274	0.00411	0.01713	0.00754	0.00685
90	0.00989	0.00706	0.00942	0.01130	0.01177	0.00659	0.00753	0.01130	0.01554	0.02071	0.04472	0.70954	0.05367	0.02542	0.01036	0.00330	0.00471	0.02307	0.00753	0.00659
91	0.01627	0.04197	0.67279	0.02313	0.03512	0.01884	0.02998	0.02570	0.01713	0.02570	0.01456	0.01713	0.01028	0.00771	0.00771	0.00257	0.01199	0.00600	0.00343	0.01199
92	0.02169	0.71972	0.04252	0.01388	0.02083	0.03211	0.01388	0.02430	0.01649	0.01909	0.01128	0.01302	0.01041	0.00694	0.00521	0.00174	0.00868	0.00434	0.00347	0.01041
93	0.03118	0.02218	0.02402	0.01841	0.02489	0.02436	0.01521	0.60075	0.03724	0.08883	0.02024	0.01998	0.01418	0.00976	0.00812	0.00244	0.00881	0.00736	0.00823	0.01380
94	0.01915	0.02189	0.04788	0.03420	0.04241	0.02052	0.63475	0.02599	0.01915	0.02599	0.01642	0.02189	0.01231	0.00684	0.00958	0.00274	0.01368	0.00958	0.00410	0.01094
95	0.01775	0.01775	0.02485	0.02130	0.02130	0.02485	0.01775	0.01953	0.01243	0.01953	0.01065	0.01775	0.01065	0.01420	0.02663	0.00355	0.69998	0.00710	0.00355	0.00888
96	0.24543	0.03017	0.01994	0.01768	0.02237	0.41399	0.01365	0.09965	0.02208	0.02826	0.01298	0.01477	0.01036	0.00828	0.00674	0.00225	0.01155	0.00522	0.00488	0.00973
97	0.02169	0.71972	0.04252	0.01388	0.02083	0.03211	0.01388	0.02430	0.01649	0.01909	0.01128	0.01302	0.01041	0.00694	0.00521	0.00174	0.00868	0.00434	0.00347	0.01041
98	0.01118	0.00911	0.01009	0.01020	0.01284	0.00837	0.00800	0.01529	0.06662	0.02435	0.13281	0.07493	0.44657	0.01973	0.00976	0.00289	0.00483	0.11720	0.00773	0.00749
99	0.07459	0.01391	0.01847	0.01424	0.02045	0.01225	0.01176	0.03873	0.02274	0.63697	0.03094	0.02687	0.01950	0.00991	0.00800	0.00251	0.00687	0.00796	0.00978	0.01355
100	0.01698	0.01627	0.02832	0.50621	0.13176	0.01876	0.09734	0.04462	0.01768	0.02324	0.01496	0.02138	0.01137	0.00790	0.00828	0.00266	0.01094	0.00751	0.00389	0.00992
101	0.01684	0.06815	0.57368	0.02402	0.03536	0.01960	0.09956	0.02567	0.01734	0.02545	0.01464	0.01751	0.01052	0.00758	0.00782	0.00255	0.01205	0.00634	0.00351	0.01180
102	0.00989	0.00706	0.00942	0.01130	0.01177	0.00659	0.00753	0.01130	0.01554	0.02071	0.04472	0.70954	0.05367	0.02542	0.01036	0.00330	0.00471	0.02307	0.00753	0.00659
103	0.02961	0.03735	0.02367	0.02288	0.06880	0.63691	0.01631	0.03189	0.02269	0.02031	0.01273	0.01501	0.01062	0.00828	0.00737	0.00211	0.01429	0.00536	0.00417	0.00964
104	0.06396	0.01942	0.02163	0.01685	0.02295	0.02071	0.01385	0.41009	0.06441	0.19940	0.04725	0.02330	0.01806	0.01004	0.00805	0.00248	0.00799	0.00776	0.00849	0.01329
105	0.00997	0.00712	0.00949	0.01124	0.01179	0.00664	0.00754	0.01150	0.01591	0.02131	0.07560	0.67697	0.05482	0.02498	0.01032	0.00326	0.00466	0.02265	0.00760	0.00664
106	0.00989	0.00706	0.00942	0.01130	0.01177	0.00659	0.00753	0.01130	0.01554	0.02071	0.04472	0.70954	0.05367	0.02542	0.01036	0.00330	0.00471	0.02307	0.00753	0.00659
107	0.02129	0.02255	0.04542	0.03764	0.15503	0.02116	0.50335	0.02692	0.02016	0.02781	0.01823	0.02432	0.01440	0.00836	0.01010	0.00305	0.01340	0.00970	0.00482	0.01228
108	0.01724	0.03559	0.48200	0.02679	0.07444	0.01926	0.15342	0.02633	0.04015	0.02610	0.01564	0.01876	0.01137	0.00762	0.00813	0.00260	0.01200	0.00692	0.00377	0.01186
109	0.02966	0.06156	0.02410	0.02159	0.04771	0.60784	0.01593	0.05729	0.02324	0.02138	0.01289	0.01497	0.01068	0.00833	0.00730	0.00210	0.01400	0.00535	0.00432	0.00975
110	0.02018	0.01743	0.01835	0.01651	0.02110	0.02018	0.01284	0.04312	0.64956	0.03394	0.03303	0.03027	0.02477	0.01101	0.00826	0.00275	0.00642	0.00917	0.00826	0.01284
111	0.01922	0.02171	0.04686	0.03527	0.08494	0.02043	0.59303	0.02592	0.01911	0.02603	0.01634	0.02176	0.01235	0.00687	0.00947	0.00271	0.01340	0.00942	0.00410	0.01107
112	0.00989	0.00706	0.00942	0.01130	0.01177	0.00659	0.00753	0.01130	0.01554	0.02071	0.04472	0.70954	0.05367	0.02542	0.01036	0.00330	0.00471	0.02307	0.00753	0.00659
113	0.02091	0.01727	0.01837	0.01642	0.02108	0.01981	0.01280	0.04296	0.62163	0.06229	0.03298	0.03016	0.02456	0.01097	0.00825	0.00274	0.00644	0.00913	0.00834	0.01289
114	0.01139	0.00822	0.01076	0.01027	0.01210	0.00759	0.00765	0.01507	0.02252	0.03182	0.62246	0.10014	0.07517	0.01713	0.00962	0.00260	0.00388	0.01519	0.00885	0.00759
115	0.01781	0.01439	0.01693	0.01214	0.01930	0.01087	0.00973	0.02139	0.01715	0.05873	0.01530	0.01737	0.01242	0.00621	0.00612	0.00127	0.00605	0.00498	0.00507	0.72677
116	0.00995	0.00823	0.00873	0.00860	0.01118	0.00701	0.00645	0.01235	0.01936	0.02396	0.19332	0.07473	0.54853	0.01979	0.00959	0.00270	0.00406	0.01665	0.00780	0.00701
117	0.00989	0.00706	0.00942	0.01130	0.01177	0.00659	0.00753	0.01130	0.01554	0.02071	0.04472	0.70954	0.05367	0.02542	0.01036	0.00330	0.00471	0.02307	0.00753	0.00659
118	0.02169	0.71972	0.04252	0.01388	0.02083	0.03211	0.01388	0.02430	0.01649	0.01909	0.01128	0.01302	0.01041	0.00694	0.00521	0.00174	0.00868	0.00434	0.00347	0.01041
119	0.03616	0.01420	0.01907	0.01462	0.02091	0.01250	0.01208	0.06559	0.02387	0.64288	0.03147	0.02726	0.01981	0.01003	0.00816	0.00251	0.00699	0.00812	0.00996	0.01381
120	0.00996	0.00709	0.00939	0.01120	0.01165	0.00664	0.00743	0.01132	0.01538	0.02051	0.04395	0.68304	0.05269	0.05325	0.01161	0.00348	0.00484	0.02261	0.00743	0.00652
121	0.03085	0.02273	0.02435	0.01867	0.02516	0.02516	0.01542	0.63716	0.03815	0.05114	0.01948	0.01948	0.01380	0.00974	0.00812	0.00244	0.00893	0.00731	0.00812	0.01380
122	0.03085	0.02273	0.02435	0.01867	0.02516	0.02516	0.01542	0.63716	0.03815	0.05114	0.01948	0.01948	0.01380	0.00974	0.00812	0.00244	0.00893	0.00731	0.00812	0.01380
123	0.00989	0.00706	0.00942	0.01130	0.01177	0.00659	0.00753	0.01130	0.01554	0.02071	0.04472	0.70954	0.05367	0.02542	0.01036	0.00330	0.00471	0.02307	0.00753	0.00659
124	0.03037	0.03689	0.02315	0.02065	0.02509	0.60868	0.01565	0.10012	0.02469	0.02336	0.01332	0.01518	0.01083	0.00852	0.00741	0.00213	0.01399	0.00546	0.00462	0.00990
125	0.00987	0.00711	0.00936	0.01116	0.01173	0.00660	0.00747	0.01131	0.01567	0.02077	0.04640	0.68128	0.08085	0.02520	0.01032	0.00327	0.00468	0.02280	0.00753	0.00660
126	0.02929	0.02238	0.02357	0.05357	0.02625	0.05918	0.01546	0.50035	0.08821	0.06845	0.02046	0.02055	0.01463	0.00970	0.00809	0.00246	0.00905	0.00738	0.00775	0.01323
127	0.02683	0.01919	0.02130	0.01638	0.02272	0.01974	0.01335	0.39075	0.05839	0.09840	0.02092	0.04474	0.01586	0.00951	0.00771	0.00220	0.00780	0.00744	0.00750	0.18927
128	0.02801	0.01937	0.02131	0.01720	0.02299	0.02120	0.01393	0.32760	0.25163	0.14831	0.02636	0.02465	0.01872	0.01024	0.00817	0.00256	0.00771	0.00811	0.00849	0.01346
129	0.00988	0.00710	0.00937	0.01118	0.01174	0.00660	0.00748	0.01131	0.01565	0.02076	0.04611	0.68609	0.07621	0.02524	0.01033	0.00327	0.00469	0.02285	0.00753	0.00660
130	0.00989	0.00706	0.00942	0.01130	0.01177	0.00659	0.00753	0.01130	0.01554	0.02071	0.04472	0.70954	0.05367	0.02542	0.01036	0.00330	0.00471	0.02307	0.00753	0.00659
131	0.02589	0.01674	0.01973	0.01781	0.05447	0.01784	0.01351	0.11085	0.33308	0.22148	0.03063	0.03035	0.02243	0.01088	0.00833	0.00267	0.00707	0.03472	0.00851	0.01301
132	0.01644	0.04098	0.64491	0.02429	0.06253	0.01886	0.02976	0.02566	0.01719	0.02573	0.01459	0.01726	0.01039	0.00769	0.00772	0.00256	0.01189	0.00605	0.00345	0.01203
