[name]
unknown

[dist]
# distance from previous block
# <min> <max>
0	7

[block]
# block no. 0 follows, 26 sequences, length 106
# corresponding to MSA columns:
# 7-112
name=unknown_A
#
# <colnr> <probs for GDERKNQSTAVLIFYWHMCP>
#	G	D	E	R	K	N	Q	S	T	A	V	L	I	F	Y	W	H	M	C	P
0	0.01222	0.00873	0.01222	0.01397	0.01572	0.00873	0.01222	0.01572	0.01746	0.02270	0.04016	0.08556	0.04365	0.02095	0.01048	0.00349	0.00698	0.63506	0.00698	0.00698
1	0.03183	0.01472	0.04551	0.01411	0.02019	0.01253	0.01204	0.08252	0.04145	0.57491	0.02787	0.02459	0.01785	0.00918	0.00754	0.00231	0.00675	0.00741	0.00879	0.03790
2	0.43551	0.01462	0.01404	0.03765	0.01779	0.01633	0.01000	0.06901	0.12446	0.11282	0.06512	0.02044	0.01687	0.00862	0.00615	0.00239	0.00612	0.00623	0.00616	0.00965
3	0.01163	0.00886	0.01177	0.01108	0.01329	0.00886	0.00835	0.01403	0.01330	0.01923	0.02429	0.09373	0.05445	0.11320	0.38579	0.00802	0.01347	0.00932	0.02610	0.15126
4	0.01731	0.01660	0.02849	0.21899	0.43055	0.01748	0.06439	0.02259	0.03770	0.02348	0.01561	0.02202	0.01300	0.00758	0.00774	0.00240	0.00938	0.03002	0.00390	0.01077
5	0.01539	0.01330	0.01661	0.01207	0.01841	0.01028	0.03973	0.01892	0.01634	0.02520	0.07322	0.01961	0.01663	0.00654	0.00607	0.00130	0.00578	0.00553	0.00481	0.67426
6	0.01552	0.01444	0.02394	0.59044	0.14499	0.01727	0.02115	0.04368	0.01624	0.02123	0.01377	0.01993	0.01050	0.00752	0.00757	0.00248	0.00988	0.00675	0.00358	0.00912
7	0.01099	0.00816	0.01028	0.00968	0.01165	0.00766	0.00728	0.01530	0.05266	0.02970	0.60276	0.05658	0.11754	0.01555	0.00889	0.00241	0.00372	0.01365	0.00822	0.00733
8	0.00896	0.00768	0.00768	0.00768	0.01025	0.00640	0.00576	0.01089	0.01729	0.02049	0.07684	0.07300	0.68304	0.01921	0.00896	0.00256	0.00384	0.01601	0.00704	0.00640
9	0.02422	0.01788	0.02034	0.01769	0.06517	0.01939	0.01339	0.41327	0.10558	0.06794	0.12993	0.02611	0.02400	0.01016	0.00782	0.00233	0.00725	0.00820	0.00755	0.01178
10	0.00924	0.00660	0.00880	0.01056	0.01100	0.00616	0.00704	0.01056	0.01452	0.01936	0.04181	0.72848	0.05017	0.02376	0.00968	0.00308	0.00440	0.02156	0.00704	0.00616
11	0.02396	0.02120	0.01958	0.01670	0.02149	0.14310	0.01316	0.21902	0.34913	0.05511	0.02371	0.02265	0.01762	0.00947	0.00752	0.00237	0.00808	0.00737	0.00705	0.01172
12	0.01877	0.01802	0.03079	0.04656	0.68612	0.01802	0.02328	0.02328	0.01727	0.02478	0.01427	0.01877	0.01201	0.00676	0.00751	0.00225	0.00901	0.00676	0.00375	0.01201
13	0.01776	0.01604	0.02443	0.34304	0.20282	0.01850	0.01965	0.10546	0.03739	0.02491	0.01447	0.01933	0.01136	0.00815	0.00921	0.00246	0.07917	0.00673	0.00418	0.03495
14	0.01716	0.02261	0.23157	0.01726	0.02544	0.01407	0.09172	0.04564	0.01709	0.05649	0.01468	0.01694	0.01117	0.00651	0.00667	0.00179	0.00835	0.00560	0.00436	0.38489
15	0.67812	0.01606	0.03795	0.01301	0.05780	0.01738	0.01015	0.04971	0.01427	0.03367	0.01123	0.01311	0.00870	0.00712	0.00509	0.00234	0.00637	0.00444	0.00470	0.00876
16	0.01781	0.02018	0.04317	0.03108	0.03819	0.01948	0.61133	0.02385	0.01744	0.02385	0.01495	0.02018	0.01139	0.00690	0.01012	0.00261	0.06480	0.00878	0.00380	0.01009
17	0.08235	0.01756	0.01825	0.01557	0.02039	0.02003	0.01238	0.21318	0.44145	0.03643	0.02571	0.02420	0.01909	0.00970	0.00744	0.00247	0.00665	0.00773	0.00744	0.01196
18	0.01100	0.00747	0.00888	0.00888	0.00909	0.00768	0.00535	0.01142	0.01121	0.01516	0.02334	0.04656	0.02624	0.62859	0.14163	0.00810	0.00936	0.01058	0.00451	0.00493
19	0.78701	0.01467	0.01115	0.00997	0.01467	0.01702	0.00821	0.02230	0.01291	0.03403	0.01056	0.01232	0.00821	0.00704	0.00469	0.00235	0.00587	0.00411	0.00469	0.00821
20	0.01103	0.00735	0.00827	0.00827	0.00827	0.00735	0.00460	0.01103	0.01103	0.01471	0.02390	0.04964	0.02758	0.73343	0.03861	0.00735	0.00735	0.01103	0.00460	0.00460
21	0.01085	0.00770	0.01024	0.01033	0.01102	0.00836	0.00714	0.01226	0.01177	0.01637	0.02296	0.07154	0.02435	0.36399	0.36764	0.00956	0.01366	0.01008	0.00445	0.00575
22	0.00924	0.00660	0.00880	0.01056	0.01100	0.00616	0.00704	0.01056	0.01452	0.01936	0.04181	0.72848	0.05017	0.02376	0.00968	0.00308	0.00440	0.02156	0.00704	0.00616
23	0.01432	0.01348	0.02275	0.71520	0.05224	0.01685	0.02107	0.01938	0.01517	0.01938	0.01348	0.02022	0.01011	0.00758	0.00758	0.00253	0.01011	0.00674	0.00337	0.00843
24	0.01233	0.01019	0.04388	0.01072	0.01329	0.00874	0.00862	0.04146	0.04815	0.04710	0.44965	0.12381	0.12135	0.01570	0.00880	0.00248	0.00443	0.01372	0.00780	0.00777
25	0.01521	0.03923	0.69413	0.02162	0.03283	0.01762	0.02802	0.02402	0.01601	0.02402	0.01361	0.01601	0.00961	0.00721	0.00721	0.00240	0.01121	0.00560	0.00320	0.01121
26	0.01684	0.01869	0.05781	0.09304	0.05208	0.04136	0.24439	0.02097	0.01491	0.02092	0.01325	0.01916	0.01117	0.01256	0.06102	0.00345	0.27819	0.00747	0.00358	0.00915
27	0.51125	0.07871	0.06123	0.01273	0.01798	0.09383	0.01117	0.06226	0.04351	0.03106	0.01221	0.01373	0.00952	0.00735	0.00541	0.00225	0.00742	0.00464	0.00469	0.00904
28	0.01576	0.03577	0.58110	0.02484	0.09786	0.01777	0.07368	0.02397	0.01628	0.02412	0.01380	0.01661	0.00999	0.00710	0.00736	0.00240	0.01111	0.00596	0.00330	0.01122
29	0.01587	0.12956	0.60954	0.02050	0.03110	0.01922	0.02608	0.02385	0.01594	0.02322	0.01322	0.01552	0.00962	0.00711	0.00690	0.00230	0.01081	0.00540	0.00321	0.01102
30	0.78701	0.01467	0.01115	0.00997	0.01467	0.01702	0.00821	0.02230	0.01291	0.03403	0.01056	0.01232	0.00821	0.00704	0.00469	0.00235	0.00587	0.00411	0.00469	0.00821
31	0.01659	0.01659	0.02323	0.01991	0.01991	0.02323	0.01659	0.01825	0.01162	0.01825	0.00996	0.01659	0.00996	0.01328	0.02489	0.00332	0.71955	0.00664	0.00332	0.00830
32	0.00924	0.00660	0.00880	0.01056	0.01100	0.00616	0.00704	0.01056	0.01452	0.01936	0.04181	0.72848	0.05017	0.02376	0.00968	0.00308	0.00440	0.02156	0.00704	0.00616
33	0.00925	0.00770	0.00809	0.00799	0.01042	0.00653	0.00599	0.01145	0.01797	0.02211	0.17580	0.07033	0.58307	0.01860	0.00896	0.00253	0.00380	0.01563	0.00726	0.00653
34	0.01432	0.01348	0.02275	0.71520	0.05224	0.01685	0.02107	0.01938	0.01517	0.01938	0.01348	0.02022	0.01011	0.00758	0.00758	0.00253	0.01011	0.00674	0.00337	0.00843
35	0.02308	0.01687	0.01443	0.01254	0.01612	0.17648	0.00976	0.10363	0.02077	0.15256	0.02179	0.02308	0.01619	0.00873	0.00639	0.00198	0.00710	0.00662	0.35257	0.00929
36	0.00922	0.00667	0.00873	0.01037	0.01095	0.00618	0.00696	0.01058	0.01471	0.01944	0.04415	0.68467	0.09246	0.02346	0.00963	0.00305	0.00436	0.02119	0.00704	0.00618
37	0.01571	0.10743	0.63027	0.02078	0.03153	0.01883	0.02656	0.02389	0.01596	0.02342	0.01331	0.01564	0.00962	0.00714	0.00698	0.00233	0.01091	0.00545	0.00321	0.01107
38	0.01434	0.01105	0.01528	0.01799	0.09313	0.01139	0.01357	0.04896	0.07672	0.02492	0.03534	0.06966	0.03677	0.01782	0.00976	0.00321	0.00719	0.47790	0.00671	0.00828
39	0.78701	0.01467	0.01115	0.00997	0.01467	0.01702	0.00821	0.02230	0.01291	0.03403	0.01056	0.01232	0.00821	0.00704	0.00469	0.00235	0.00587	0.00411	0.00469	0.00821
40	0.68390	0.01556	0.01273	0.01099	0.01587	0.01790	0.00906	0.10914	0.01600	0.03590	0.01160	0.01312	0.00885	0.00732	0.00509	0.00234	0.00620	0.00448	0.00509	0.00885
41	0.01835	0.01493	0.01765	0.01289	0.01947	0.03665	0.03709	0.05167	0.01745	0.07824	0.01502	0.01677	0.01187	0.00619	0.00606	0.00137	0.00641	0.00506	0.00498	0.62189
42	0.03403	0.01291	0.01760	0.01350	0.01936	0.01115	0.01115	0.03697	0.02171	0.69137	0.02992	0.02582	0.01878	0.00939	0.00763	0.00235	0.00645	0.00763	0.00939	0.01291
43	0.01551	0.03735	0.63220	0.02328	0.06372	0.01771	0.05780	0.02400	0.01616	0.02407	0.01373	0.01635	0.00981	0.00715	0.00730	0.00240	0.01118	0.00582	0.00326	0.01120
44	0.00982	0.00753	0.01120	0.01199	0.01292	0.00703	0.05058	0.01148	0.01475	0.01969	0.04004	0.68116	0.04758	0.02260	0.00963	0.00305	0.00496	0.02072	0.00683	0.00643
45	0.03231	0.01368	0.01788	0.01379	0.01949	0.01247	0.01136	0.11175	0.02339	0.58221	0.05902	0.02634	0.02053	0.00964	0.00768	0.00234	0.00655	0.00782	0.00912	0.01264
46	0.78701	0.01467	0.01115	0.00997	0.01467	0.01702	0.00821	0.02230	0.01291	0.03403	0.01056	0.01232	0.00821	0.00704	0.00469	0.00235	0.00587	0.00411	0.00469	0.00821
47	0.01063	0.00757	0.01029	0.01197	0.01297	0.00735	0.00922	0.01286	0.01567	0.02064	0.04032	0.41610	0.04634	0.05253	0.01126	0.00344	0.00567	0.29182	0.00691	0.00646
48	0.01863	0.01787	0.03052	0.06843	0.66538	0.01798	0.02321	0.02315	0.01720	0.02460	0.01424	0.01882	0.01195	0.00679	0.00751	0.00226	0.00905	0.00676	0.00374	0.01190
49	0.02028	0.73799	0.03975	0.01298	0.01947	0.03001	0.01298	0.02271	0.01541	0.01785	0.01055	0.01217	0.00973	0.00649	0.00487	0.00162	0.00811	0.00406	0.00324	0.00973
50	0.78701	0.01467	0.01115	0.00997	0.01467	0.01702	0.00821	0.02230	0.01291	0.03403	0.01056	0.01232	0.00821	0.00704	0.00469	0.00235	0.00587	0.00411	0.00469	0.00821
51	0.04839	0.67629	0.07142	0.01330	0.01996	0.02891	0.01355	0.02276	0.01535	0.01875	0.01070	0.01237	0.00967	0.00655	0.00498	0.00169	0.00818	0.00414	0.00330	0.00975
52	0.01432	0.01348	0.02275	0.71520	0.05224	0.01685	0.02107	0.01938	0.01517	0.01938	0.01348	0.02022	0.01011	0.00758	0.00758	0.00253	0.01011	0.00674	0.00337	0.00843
53	0.00934	0.00766	0.00824	0.00818	0.01050	0.00655	0.00610	0.01158	0.01804	0.02250	0.20072	0.09566	0.53133	0.01862	0.00899	0.00255	0.00381	0.01575	0.00731	0.00655
54	0.00928	0.00693	0.00864	0.00983	0.01085	0.00629	0.00676	0.01090	0.01565	0.02041	0.09543	0.53000	0.19716	0.02213	0.00946	0.00291	0.00421	0.01973	0.00713	0.00629
55	0.01432	0.01348	0.02275	0.71520	0.05224	0.01685	0.02107	0.01938	0.01517	0.01938	0.01348	0.02022	0.01011	0.00758	0.00758	0.00253	0.01011	0.00674	0.00337	0.00843
56	0.01066	0.00775	0.01004	0.00946	0.01129	0.00713	0.00710	0.01417	0.02129	0.03000	0.65652	0.05735	0.09742	0.01566	0.00895	0.00239	0.00359	0.01381	0.00829	0.00713
57	0.05728	0.03533	0.02110	0.01918	0.02311	0.67681	0.01441	0.02998	0.02117	0.01915	0.01168	0.01363	0.00971	0.00779	0.00676	0.00197	0.01338	0.00486	0.00394	0.00877
58	0.75458	0.01559	0.01159	0.01038	0.01504	0.04633	0.00849	0.02264	0.01328	0.03337	0.01061	0.01238	0.00828	0.00707	0.00479	0.00233	0.00620	0.00414	0.00466	0.00824
59	0.01900	0.01594	0.01834	0.01855	0.09384	0.01790	0.01299	0.03698	0.54275	0.05503	0.06155	0.02856	0.02417	0.01012	0.00775	0.00252	0.00623	0.00859	0.00737	0.01180
60	0.01099	0.00750	0.00901	0.00901	0.00927	0.00776	0.00552	0.01151	0.01125	0.01525	0.02322	0.04589	0.02595	0.60570	0.16411	0.00827	0.00980	0.01048	0.00450	0.00501
61	0.01225	0.00841	0.01083	0.01001	0.01212	0.00791	0.00758	0.01665	0.05245	0.06248	0.61955	0.05382	0.06671	0.01496	0.00882	0.00239	0.00383	0.01318	0.00837	0.00767
62	0.02028	0.73799	0.03975	0.01298	0.01947	0.03001	0.01298	0.02271	0.01541	0.01785	0.01055	0.01217	0.00973	0.00649	0.00487	0.00162	0.00811	0.00406	0.00324	0.00973
63	0.25250	0.09447	0.14988	0.01622	0.04561	0.12447	0.01476	0.05661	0.04899	0.05139	0.01715	0.02022	0.03628	0.00848	0.00643	0.00228	0.00858	0.03126	0.00475	0.00965
64	0.01012	0.00733	0.01006	0.03367	0.01344	0.00712	0.00873	0.01208	0.01525	0.02016	0.04052	0.55179	0.04734	0.02258	0.00981	0.00316	0.00520	0.16831	0.00691	0.00643
65	0.02019	0.08589	0.25464	0.01878	0.05733	0.03806	0.01835	0.20172	0.04259	0.03041	0.01515	0.01672	0.01139	0.00748	0.00685	0.00205	0.00892	0.00574	0.00486	0.15287
66	0.01659	0.01659	0.02323	0.01991	0.01991	0.02323	0.01659	0.01825	0.01162	0.01825	0.00996	0.01659	0.00996	0.01328	0.02489	0.00332	0.71955	0.00664	0.00332	0.00830
67	0.05602	0.01966	0.02022	0.01628	0.02132	0.07025	0.01315	0.42333	0.05663	0.07201	0.02017	0.08212	0.01638	0.01035	0.00825	0.00234	0.03700	0.00792	0.00696	0.03965
68	0.01624	0.02808	0.36808	0.12780	0.03616	0.01721	0.19283	0.02332	0.01654	0.04760	0.01581	0.04744	0.01219	0.00781	0.00784	0.00249	0.01101	0.00739	0.00378	0.01039
69	0.01074	0.00775	0.01014	0.00954	0.01133	0.00716	0.00716	0.01431	0.02147	0.03042	0.68211	0.05666	0.07157	0.01551	0.00895	0.00239	0.00358	0.01372	0.00835	0.00716
70	0.01626	0.00898	0.01191	0.01048	0.01324	0.00810	0.00810	0.01969	0.02153	0.18727	0.52734	0.04934	0.05904	0.01405	0.00863	0.00238	0.00426	0.01227	0.00860	0.00852
71	0.01793	0.41362	0.34352	0.01699	0.02567	0.02426	0.01996	0.02332	0.01569	0.02071	0.01197	0.01395	0.00968	0.00682	0.00595	0.00198	0.00955	0.00477	0.00323	0.01042
72	0.01019	0.00736	0.00982	0.01147	0.01232	0.00711	0.00836	0.01258	0.03383	0.02047	0.04112	0.56244	0.04792	0.02274	0.00981	0.00316	0.00503	0.16071	0.00705	0.00651
73	0.01062	0.00775	0.00997	0.00942	0.01126	0.00711	0.00706	0.01408	0.02119	0.02975	0.64166	0.05775	0.11243	0.01575	0.00895	0.00240	0.00360	0.01387	0.00826	0.00711
74	0.01667	0.01595	0.02710	0.35528	0.33787	0.01756	0.04866	0.02219	0.04235	0.02253	0.01461	0.01990	0.01155	0.00727	0.00761	0.00241	0.00956	0.00692	0.00374	0.01027
75	0.02341	0.03002	0.14917	0.05858	0.15554	0.31346	0.01911	0.11540	0.02132	0.02492	0.01356	0.01606	0.01063	0.00767	0.00718	0.00217	0.01139	0.00575	0.00424	0.01043
76	0.09740	0.02065	0.02171	0.01678	0.02272	0.02293	0.01386	0.60308	0.03361	0.04656	0.01752	0.01768	0.01248	0.00892	0.00733	0.00228	0.00812	0.00658	0.00733	0.01248
77	0.78701	0.01467	0.01115	0.00997	0.01467	0.01702	0.00821	0.02230	0.01291	0.03403	0.01056	0.01232	0.00821	0.00704	0.00469	0.00235	0.00587	0.00411	0.00469	0.00821
78	0.02054	0.01194	0.01492	0.01351	0.01732	0.01167	0.01089	0.05005	0.14532	0.22832	0.03274	0.14868	0.02963	0.01425	0.00849	0.00268	0.00618	0.15845	0.00770	0.06671
79	0.02557	0.01917	0.02043	0.01630	0.02167	0.02136	0.01326	0.47608	0.17981	0.04283	0.02154	0.02119	0.01568	0.00936	0.00746	0.00231	0.00749	0.00724	0.05894	0.01231
80	0.01162	0.00795	0.01042	0.00969	0.01164	0.00731	0.00731	0.01518	0.02148	0.05564	0.65723	0.05548	0.06955	0.01527	0.00890	0.00238	0.00369	0.01349	0.00839	0.00738
81	0.01954	0.01642	0.01701	0.01530	0.01951	0.04017	0.01187	0.03873	0.59625	0.06223	0.03061	0.05341	0.02350	0.01066	0.00776	0.00256	0.00621	0.00889	0.00765	0.01173
82	0.01089	0.00729	0.00831	0.00845	0.00849	0.00726	0.00479	0.01099	0.01131	0.01508	0.02531	0.10327	0.02936	0.67736	0.03632	0.00702	0.00712	0.01186	0.00479	0.00472
83	0.01643	0.01645	0.02384	0.02019	0.02062	0.02249	0.04740	0.01836	0.01194	0.01852	0.01063	0.01731	0.01039	0.01468	0.05108	0.00363	0.65754	0.00681	0.00337	0.00833
84	0.01004	0.00769	0.00920	0.00891	0.01093	0.00685	0.00665	0.01293	0.01970	0.02641	0.43918	0.08715	0.29256	0.01715	0.00898	0.00247	0.00370	0.01484	0.00783	0.00685
85	0.00958	0.00685	0.00920	0.01095	0.01154	0.00646	0.00764	0.01116	0.01486	0.01975	0.04162	0.65441	0.04942	0.02344	0.00977	0.00313	0.00470	0.09224	0.00703	0.00626
86	0.16431	0.56667	0.03354	0.01264	0.01877	0.02725	0.01216	0.05455	0.01596	0.02238	0.01093	0.01250	0.00961	0.00672	0.00497	0.00179	0.00770	0.00420	0.00373	0.00961
87	0.01521	0.06645	0.63526	0.02070	0.03127	0.01764	0.02643	0.02351	0.01624	0.02407	0.04476	0.01776	0.01251	0.00757	0.00719	0.00237	0.01073	0.00592	0.00345	0.01096
88	0.02694	0.04800	0.14566	0.01554	0.02215	0.01543	0.01476	0.15115	0.04323	0.35263	0.06749	0.02413	0.01925	0.00925	0.00752	0.00232	0.00756	0.00739	0.00752	0.01205
89	0.02838	0.01937	0.02134	0.01649	0.02243	0.02087	0.01356	0.50037	0.07877	0.13988	0.02066	0.01996	0.01443	0.00910	0.00753	0.00226	0.00780	0.00698	0.00774	0.04210
90	0.01084	0.00813	0.01219	0.01219	0.01354	0.00948	0.00948	0.01354	0.01219	0.01761	0.02032	0.02980	0.01896	0.05689	0.70337	0.01219	0.02032	0.00813	0.00406	0.00677
91	0.01916	0.06702	0.03060	0.04061	0.54747	0.06249	0.04753	0.02340	0.01760	0.02411	0.03860	0.01947	0.01390	0.00712	0.00740	0.00221	0.00921	0.00680	0.00390	0.01140
92	0.01960	0.02146	0.03721	0.02925	0.08204	0.09014	0.43712	0.05668	0.07054	0.02522	0.01604	0.01999	0.01229	0.00729	0.00911	0.00249	0.04068	0.00814	0.00430	0.01040
93	0.03382	0.01325	0.01781	0.01366	0.01953	0.01165	0.01128	0.06241	0.02228	0.66512	0.02945	0.02551	0.01854	0.00938	0.00763	0.00234	0.00653	0.00760	0.00931	0.01291
94	0.01877	0.01802	0.03079	0.04656	0.68612	0.01802	0.02328	0.02328	0.01727	0.02478	0.01427	0.01877	0.01201	0.00676	0.00751	0.00225	0.00901	0.00676	0.00375	0.01201
95	0.02499	0.01916	0.16179	0.01537	0.02178	0.01411	0.01477	0.10694	0.07297	0.32908	0.04966	0.02923	0.06341	0.01022	0.00777	0.00242	0.00742	0.02983	0.00744	0.01165
96	0.01985	0.02286	0.08626	0.04760	0.10525	0.15081	0.20901	0.09282	0.04648	0.02529	0.01847	0.10493	0.01636	0.00939	0.00807	0.00242	0.01052	0.00884	0.00472	0.01005
97	0.65264	0.01865	0.05762	0.01180	0.01684	0.09222	0.01024	0.02329	0.01406	0.03167	0.01089	0.01272	0.00848	0.00714	0.00510	0.00231	0.00708	0.00429	0.00451	0.00848
98	0.01055	0.00768	0.00970	0.00923	0.01107	0.00700	0.00688	0.01349	0.02016	0.02782	0.54266	0.05784	0.17573	0.01670	0.00998	0.04128	0.00378	0.01376	0.00787	0.00683
99	0.02596	0.24494	0.02704	0.01744	0.02226	0.45642	0.01414	0.07016	0.02062	0.02030	0.01181	0.01353	0.00997	0.00751	0.00630	0.00188	0.01166	0.00477	0.00396	0.00935
100	0.00931	0.00663	0.00878	0.01048	0.01090	0.00620	0.00695	0.01058	0.01439	0.01919	0.04115	0.70366	0.04934	0.04971	0.01074	0.00324	0.00451	0.02118	0.00695	0.00610
101	0.03008	0.01765	0.02024	0.01559	0.02141	0.01838	0.01286	0.40927	0.02981	0.27842	0.02270	0.02137	0.01529	0.00920	0.00751	0.00228	0.00746	0.00713	0.04071	0.01266
102	0.05263	0.33590	0.22851	0.01816	0.05567	0.12830	0.01802	0.04446	0.01715	0.02175	0.01205	0.01405	0.00985	0.00702	0.00607	0.00199	0.00984	0.00486	0.00356	0.01017
103	0.01520	0.01294	0.01492	0.01144	0.01722	0.01052	0.00898	0.02020	0.08341	0.02480	0.02069	0.07641	0.04915	0.00822	0.00632	0.00150	0.00547	0.00684	0.00516	0.60061
104	0.04165	0.02031	0.08078	0.02683	0.03286	0.01947	0.41855	0.02259	0.01609	0.02324	0.01377	0.01880	0.01091	0.00798	0.01213	0.00264	0.17153	0.00783	0.00374	0.04829
105	0.05218	0.01764	0.01972	0.05158	0.04844	0.03951	0.01321	0.31909	0.07496	0.06633	0.02024	0.08707	0.01678	0.01003	0.00798	0.00227	0.03055	0.00795	0.00651	0.10795

[dist]
# distance from previous block
# <min> <max>
0	9

[block]
# block no. 1 follows, 26 sequences, length 23
# corresponding to MSA columns:
# 122-144
name=unknown_B
#
# <colnr> <probs for GDERKNQSTAVLIFYWHMCP>
#	G	D	E	R	K	N	Q	S	T	A	V	L	I	F	Y	W	H	M	C	P
0	0.02132	0.01873	0.02851	0.02388	0.09984	0.04763	0.22388	0.12538	0.09467	0.08722	0.01824	0.02021	0.01361	0.00749	0.00769	0.00220	0.00922	0.00731	0.00545	0.13752
1	0.01864	0.01410	0.01627	0.01237	0.01815	0.03033	0.00988	0.04739	0.04211	0.10975	0.04653	0.04064	0.01644	0.00772	0.00702	0.00159	0.03139	0.00614	0.00554	0.51801
2	0.01756	0.01318	0.07336	0.01261	0.01657	0.01102	0.01083	0.02444	0.13728	0.17358	0.26358	0.07319	0.09094	0.01335	0.00837	0.00250	0.00551	0.03479	0.00780	0.00954
3	0.02036	0.01272	0.01464	0.01375	0.01708	0.07123	0.01135	0.02464	0.05895	0.22432	0.12919	0.05359	0.03611	0.01488	0.00891	0.00279	0.00685	0.26171	0.00768	0.00925
4	0.02833	0.03615	0.02149	0.01954	0.02345	0.70298	0.01466	0.03029	0.02149	0.01856	0.01172	0.01368	0.00977	0.00782	0.00684	0.00195	0.01368	0.00489	0.00391	0.00879
5	0.71907	0.01497	0.01289	0.01321	0.07405	0.01710	0.00955	0.02238	0.01329	0.03321	0.01089	0.01289	0.00855	0.00702	0.00494	0.00234	0.00615	0.00434	0.00461	0.00855
6	0.11016	0.00913	0.01103	0.01007	0.01261	0.00878	0.00772	0.01763	0.02015	0.10246	0.50202	0.07415	0.05706	0.01411	0.00830	0.00240	0.00421	0.01216	0.00795	0.00788
7	0.12146	0.01602	0.03823	0.01411	0.01971	0.01556	0.01181	0.16613	0.11344	0.28739	0.04962	0.02310	0.01813	0.00908	0.00717	0.00228	0.00670	0.00712	0.00762	0.06535
8	0.21086	0.01615	0.02312	0.02600	0.25061	0.01647	0.07649	0.02774	0.07978	0.17276	0.01845	0.01979	0.01357	0.00770	0.00700	0.00236	0.00775	0.00668	0.00560	0.01110
9	0.13237	0.01825	0.09126	0.05901	0.02476	0.01618	0.09478	0.11091	0.01868	0.08730	0.01623	0.02014	0.01267	0.00811	0.00805	0.00220	0.05344	0.03059	0.00512	0.18996
10	0.07031	0.11903	0.05007	0.03544	0.02028	0.04369	0.01229	0.11945	0.05889	0.22935	0.11576	0.02510	0.02256	0.00938	0.00713	0.00220	0.00707	0.00739	0.00688	0.03774
11	0.01604	0.01349	0.04225	0.01290	0.01812	0.01079	0.03831	0.04493	0.04251	0.06191	0.02123	0.16514	0.02029	0.01083	0.00789	0.03239	0.00611	0.00879	0.00542	0.42066
12	0.01877	0.01802	0.03079	0.04656	0.68612	0.01802	0.02328	0.02328	0.01727	0.02478	0.01427	0.01877	0.01201	0.00676	0.00751	0.00225	0.00901	0.00676	0.00375	0.01201
13	0.01729	0.01224	0.01483	0.01145	0.01700	0.00960	0.00897	0.02025	0.01639	0.12037	0.02063	0.13721	0.01888	0.00922	0.00659	0.00163	0.00553	0.00782	0.00563	0.53845
14	0.01850	0.01775	0.03030	0.08698	0.64780	0.01795	0.02314	0.02304	0.01714	0.02445	0.01422	0.01886	0.01190	0.00681	0.00751	0.00227	0.00908	0.00676	0.00373	0.01180
15	0.00935	0.00668	0.00889	0.01049	0.01102	0.00623	0.00705	0.01082	0.01501	0.02013	0.08642	0.68167	0.05166	0.02319	0.00963	0.00303	0.00434	0.02102	0.00713	0.00623
16	0.01414	0.00707	0.00707	0.00707	0.00884	0.00707	0.00530	0.01767	0.01591	0.02828	0.02474	0.02828	0.01944	0.00884	0.00530	0.00177	0.00353	0.00707	0.77554	0.00707
17	0.01113	0.00834	0.01187	0.01172	0.01274	0.00965	0.00879	0.01323	0.01193	0.01704	0.02060	0.03329	0.02034	0.19368	0.53746	0.01081	0.04819	0.00866	0.00414	0.00639
18	0.00947	0.00676	0.00906	0.01082	0.01136	0.00636	0.00744	0.01096	0.01475	0.01962	0.04168	0.67909	0.04967	0.02355	0.00974	0.00311	0.00460	0.06869	0.00704	0.00622
19	0.01304	0.01156	0.04431	0.01447	0.01784	0.00996	0.13177	0.01724	0.02028	0.05207	0.47729	0.07670	0.05486	0.01359	0.00886	0.00245	0.00577	0.01262	0.00727	0.00806
20	0.01931	0.01931	0.02941	0.09076	0.58334	0.07852	0.02236	0.02363	0.01750	0.02385	0.01399	0.01842	0.01168	0.00691	0.00746	0.00225	0.00950	0.00659	0.00374	0.01148
21	0.02822	0.02174	0.02207	0.01733	0.02309	0.07485	0.01414	0.54490	0.08209	0.06584	0.01906	0.01888	0.01363	0.00911	0.00754	0.00228	0.00852	0.00684	0.00738	0.01252
22	0.12373	0.01911	0.02082	0.02072	0.13960	0.06760	0.01421	0.30923	0.05139	0.06512	0.02225	0.02280	0.07184	0.00928	0.00727	0.00230	0.00795	0.00724	0.00630	0.01123

[dist]
# distance from previous block
# <min> <max>
0	1

[block]
# block no. 2 follows, 26 sequences, length 11
# corresponding to MSA columns:
# 146-156
name=unknown_C
#
# <colnr> <probs for GDERKNQSTAVLIFYWHMCP>
#	G	D	E	R	K	N	Q	S	T	A	V	L	I	F	Y	W	H	M	C	P
0	0.05388	0.04567	0.07481	0.02171	0.13204	0.04802	0.01626	0.35266	0.02701	0.09829	0.01835	0.02087	0.01384	0.00885	0.00743	0.00230	0.00856	0.03114	0.00636	0.01194
1	0.70711	0.01536	0.01237	0.01076	0.01560	0.01770	0.00887	0.08959	0.01531	0.03548	0.01137	0.01294	0.00871	0.00726	0.00500	0.00234	0.00613	0.00439	0.00500	0.00871
2	0.01094	0.00771	0.01010	0.01010	0.01073	0.00834	0.00687	0.01220	0.01157	0.01606	0.02223	0.04040	0.02356	0.41827	0.34829	0.00961	0.01339	0.00968	0.00435	0.00561
3	0.69214	0.01769	0.09510	0.01141	0.01690	0.01709	0.01065	0.02251	0.01329	0.03280	0.01094	0.01278	0.00839	0.00706	0.00500	0.00235	0.00652	0.00429	0.00451	0.00858
4	0.01103	0.00735	0.00827	0.00827	0.00827	0.00735	0.00460	0.01103	0.01103	0.01471	0.02390	0.04964	0.02758	0.73343	0.03861	0.00735	0.00735	0.01103	0.00460	0.00460
5	0.02940	0.02034	0.02220	0.01702	0.02307	0.02218	0.01406	0.59301	0.03415	0.11776	0.01948	0.01904	0.01354	0.00914	0.00759	0.00228	0.00814	0.00692	0.00778	0.01290
6	0.00945	0.00699	0.00855	0.00959	0.01054	0.00640	0.00648	0.01088	0.01514	0.01967	0.08007	0.46711	0.19750	0.09942	0.01262	0.00339	0.00455	0.01872	0.00684	0.00610
7	0.01680	0.01440	0.02225	0.31417	0.22824	0.01603	0.01801	0.08364	0.01758	0.02440	0.01625	0.02284	0.01338	0.06624	0.00982	0.00273	0.00867	0.00714	0.08794	0.00947
8	0.02883	0.02125	0.02276	0.01745	0.02352	0.02352	0.01442	0.66082	0.03566	0.04780	0.01821	0.01821	0.01290	0.00911	0.00759	0.00228	0.00835	0.00683	0.00759	0.01290
9	0.01605	0.01210	0.03668	0.01180	0.01512	0.01149	0.00949	0.09165	0.12825	0.08346	0.32014	0.04407	0.10397	0.04123	0.00945	0.00259	0.00517	0.01120	0.03708	0.00901
10	0.01833	0.02094	0.10210	0.16431	0.41442	0.07310	0.02223	0.02391	0.04424	0.02348	0.01453	0.01872	0.01167	0.00719	0.00744	0.00231	0.00971	0.00655	0.00380	0.01100

[dist]
# distance from previous block
# <min> <max>
0	8

[block]
# block no. 3 follows, 26 sequences, length 69
# corresponding to MSA columns:
# 165-233
name=unknown_D
#
# <colnr> <probs for GDERKNQSTAVLIFYWHMCP>
#	G	D	E	R	K	N	Q	S	T	A	V	L	I	F	Y	W	H	M	C	P
0	0.63077	0.07845	0.01494	0.03672	0.01717	0.04685	0.00961	0.04788	0.01447	0.03200	0.01102	0.01289	0.00867	0.00713	0.00502	0.00227	0.00664	0.00434	0.00460	0.00856
1	0.01693	0.07348	0.39645	0.01974	0.04631	0.05869	0.04458	0.02413	0.04685	0.05547	0.06967	0.02368	0.01759	0.01057	0.03426	0.00276	0.01026	0.03379	0.00439	0.01040
2	0.01681	0.05322	0.12706	0.05272	0.10796	0.04445	0.18759	0.02169	0.01661	0.02313	0.04001	0.04262	0.01560	0.00863	0.00922	0.00234	0.07255	0.03416	0.00413	0.11952
3	0.78701	0.01467	0.01115	0.00997	0.01467	0.01702	0.00821	0.02230	0.01291	0.03403	0.01056	0.01232	0.00821	0.00704	0.00469	0.00235	0.00587	0.00411	0.00469	0.00821
4	0.01021	0.00752	0.00970	0.01070	0.01208	0.00702	0.00810	0.01259	0.01705	0.02250	0.17158	0.33253	0.15906	0.02072	0.00961	0.00296	0.00477	0.16742	0.00728	0.00659
5	0.01177	0.00801	0.00922	0.00899	0.00937	0.00822	0.00543	0.03899	0.01218	0.01636	0.02335	0.04662	0.02622	0.64554	0.09325	0.00754	0.00849	0.01061	0.00468	0.00513
6	0.01185	0.00860	0.01171	0.01321	0.01504	0.00845	0.01142	0.01520	0.01758	0.02274	0.06483	0.08338	0.10717	0.02060	0.01028	0.00336	0.00656	0.55405	0.00704	0.00693
7	0.01884	0.01569	0.01773	0.01712	0.06015	0.01763	0.01276	0.10510	0.45505	0.03202	0.06031	0.03445	0.02595	0.01140	0.00806	0.00262	0.00645	0.07997	0.00741	0.01130
8	0.01753	0.28625	0.36333	0.01794	0.02643	0.02117	0.04661	0.02326	0.01601	0.04831	0.01497	0.05889	0.01259	0.00802	0.00661	0.00217	0.00955	0.00625	0.00373	0.01040
9	0.01056	0.00771	0.00992	0.00945	0.01124	0.00707	0.00705	0.01393	0.02092	0.02931	0.61581	0.08241	0.11409	0.01607	0.00897	0.00242	0.00363	0.01417	0.00821	0.00707
10	0.01691	0.01363	0.04165	0.01284	0.01651	0.03865	0.01052	0.05351	0.19329	0.10163	0.16115	0.06664	0.16123	0.01395	0.00841	0.00256	0.00583	0.06423	0.00747	0.00938
11	0.01986	0.01529	0.01885	0.06051	0.02224	0.01414	0.03694	0.15885	0.04908	0.07996	0.04070	0.01953	0.01479	0.00737	0.00666	0.00172	0.00679	0.00607	0.00570	0.41493
12	0.69602	0.01546	0.01254	0.01087	0.01573	0.01780	0.00896	0.09893	0.01564	0.03568	0.01148	0.01303	0.00878	0.00729	0.00504	0.00234	0.00617	0.00443	0.00504	0.00878
13	0.57992	0.01693	0.01459	0.01329	0.04434	0.04583	0.01028	0.14481	0.01779	0.03566	0.01222	0.01377	0.00933	0.00746	0.00545	0.00231	0.00678	0.00477	0.00518	0.00929
14	0.01394	0.01079	0.04269	0.01118	0.01411	0.00947	0.00914	0.04336	0.07168	0.07955	0.45853	0.05107	0.10280	0.01449	0.00868	0.00245	0.00466	0.03512	0.00797	0.00831
15	0.03403	0.01291	0.01760	0.01350	0.01936	0.01115	0.01115	0.03697	0.02171	0.69137	0.02992	0.02582	0.01878	0.00939	0.00763	0.00235	0.00645	0.00763	0.00939	0.01291
16	0.01889	0.44207	0.10882	0.01432	0.02007	0.02347	0.01425	0.02210	0.01517	0.06607	0.01383	0.01673	0.01188	0.01543	0.12067	0.00359	0.05397	0.00531	0.00381	0.00956
17	0.01905	0.02008	0.02827	0.22369	0.28957	0.13358	0.10289	0.02418	0.04291	0.02244	0.01440	0.01890	0.01148	0.00726	0.00761	0.00233	0.01047	0.00679	0.00384	0.01025
18	0.03381	0.01326	0.01782	0.01366	0.01954	0.01168	0.01129	0.06361	0.02231	0.66388	0.02942	0.02549	0.01853	0.00938	0.00763	0.00234	0.00654	0.00759	0.00931	0.01291
19	0.78701	0.01467	0.01115	0.00997	0.01467	0.01702	0.00821	0.02230	0.01291	0.03403	0.01056	0.01232	0.00821	0.00704	0.00469	0.00235	0.00587	0.00411	0.00469	0.00821
20	0.03940	0.00813	0.01014	0.00959	0.01164	0.00753	0.00720	0.01491	0.02033	0.05453	0.53296	0.09668	0.12688	0.01584	0.00879	0.00244	0.00385	0.01384	0.00805	0.00728
21	0.01904	0.01899	0.02710	0.24161	0.32723	0.09716	0.04686	0.06186	0.01807	0.02359	0.01387	0.01858	0.01114	0.00750	0.00815	0.00235	0.03600	0.00663	0.00388	0.01041
22	0.01831	0.07200	0.04234	0.01324	0.01667	0.12979	0.01077	0.02244	0.06003	0.11843	0.24358	0.12938	0.03926	0.01332	0.00810	0.00240	0.00677	0.03755	0.00686	0.00876
23	0.14439	0.09036	0.07229	0.02311	0.14563	0.30297	0.04196	0.02586	0.01787	0.02271	0.01211	0.01483	0.01000	0.00751	0.00731	0.00216	0.04015	0.00532	0.00387	0.00959
24	0.02028	0.73799	0.03975	0.01298	0.01947	0.03001	0.01298	0.02271	0.01541	0.01785	0.01055	0.01217	0.00973	0.00649	0.00487	0.00162	0.00811	0.00406	0.00324	0.00973
25	0.01442	0.01361	0.02277	0.68671	0.05092	0.01711	0.02088	0.01933	0.01502	0.01933	0.01334	0.02007	0.01010	0.00782	0.00829	0.00256	0.03918	0.00674	0.00337	0.00842
26	0.00927	0.00673	0.00875	0.01029	0.01095	0.00621	0.00694	0.01071	0.01497	0.01981	0.06550	0.65318	0.10246	0.02312	0.00960	0.00302	0.00433	0.02085	0.00708	0.00621
27	0.01025	0.00786	0.01081	0.01064	0.01229	0.00720	0.03507	0.01288	0.01816	0.02469	0.33282	0.30836	0.14300	0.01870	0.00922	0.00268	0.00432	0.01675	0.00749	0.00682
28	0.01521	0.03923	0.69413	0.02162	0.03283	0.01762	0.02802	0.02402	0.01601	0.02402	0.01361	0.01601	0.00961	0.00721	0.00721	0.00240	0.01121	0.00560	0.00320	0.01121
29	0.00979	0.00756	0.00893	0.00891	0.01083	0.00670	0.00656	0.01236	0.01875	0.02473	0.34026	0.15839	0.32248	0.01821	0.00906	0.00256	0.00380	0.01578	0.00762	0.00670
30	0.02833	0.03615	0.02149	0.01954	0.02345	0.70298	0.01466	0.03029	0.02149	0.01856	0.01172	0.01368	0.00977	0.00782	0.00684	0.00195	0.01368	0.00489	0.00391	0.00879
31	0.71670	0.01528	0.01223	0.01067	0.01549	0.01762	0.00879	0.08151	0.01502	0.03531	0.01127	0.01287	0.00865	0.00723	0.00496	0.00234	0.00610	0.00436	0.00496	0.00865
32	0.01609	0.09363	0.61848	0.02087	0.03144	0.04365	0.02636	0.02415	0.01617	0.02334	0.01330	0.01563	0.00962	0.00717	0.00701	0.00232	0.01106	0.00546	0.00323	0.01101
33	0.02775	0.08806	0.02291	0.01897	0.02315	0.62570	0.01452	0.05473	0.02160	0.01967	0.01189	0.01375	0.00989	0.00777	0.00672	0.00194	0.01305	0.00490	0.00400	0.00903
34	0.01056	0.00786	0.00990	0.00973	0.01167	0.00720	0.00752	0.01380	0.02011	0.02742	0.47776	0.06364	0.19225	0.01695	0.00914	0.00256	0.00406	0.09296	0.00791	0.00698
35	0.01603	0.15153	0.58896	0.02023	0.03068	0.01961	0.02561	0.02381	0.01592	0.02303	0.01312	0.01540	0.00963	0.00709	0.00683	0.00228	0.01071	0.00536	0.00321	0.01097
36	0.18092	0.12610	0.07702	0.01835	0.06852	0.17245	0.01490	0.14634	0.01997	0.02811	0.01274	0.01486	0.01021	0.00807	0.00792	0.00223	0.07145	0.00532	0.00456	0.00997
37	0.02124	0.01287	0.01431	0.01236	0.01591	0.03855	0.00970	0.17550	0.02168	0.17123	0.02822	0.13459	0.04941	0.01526	0.05888	0.00303	0.00709	0.00973	0.19083	0.00959
38	0.02070	0.01758	0.01803	0.01569	0.02018	0.04573	0.01233	0.15409	0.49793	0.03415	0.05859	0.02720	0.02302	0.01022	0.00772	0.00248	0.00662	0.00835	0.00758	0.01182
39	0.01659	0.01659	0.02323	0.01991	0.01991	0.02323	0.01659	0.01825	0.01162	0.01825	0.00996	0.01659	0.00996	0.01328	0.02489	0.00332	0.71955	0.00664	0.00332	0.00830
40	0.01835	0.35612	0.35518	0.01743	0.02618	0.02362	0.02034	0.06247	0.01694	0.02267	0.01250	0.01440	0.00987	0.00700	0.00617	0.00204	0.00962	0.00498	0.00349	0.01064
41	0.04912	0.02366	0.16214	0.02917	0.03737	0.01881	0.51642	0.02416	0.01735	0.02465	0.01483	0.01931	0.01103	0.00657	0.00846	0.00252	0.01221	0.00814	0.00376	0.01033
42	0.01579	0.00938	0.01158	0.01038	0.01335	0.00859	0.00800	0.01997	0.06494	0.16900	0.32811	0.07776	0.20299	0.01505	0.00861	0.00246	0.00445	0.01291	0.00816	0.00850
43	0.01231	0.00810	0.01064	0.00981	0.01188	0.00743	0.00743	0.01585	0.02149	0.07516	0.63796	0.05457	0.06799	0.01509	0.00886	0.00238	0.00377	0.01331	0.00842	0.00755
44	0.07477	0.17634	0.34538	0.01896	0.02745	0.04027	0.07950	0.02558	0.04178	0.08078	0.01492	0.01661	0.01102	0.00730	0.00675	0.00224	0.00980	0.00575	0.00410	0.01070
45	0.01830	0.01735	0.02944	0.04419	0.63738	0.01735	0.02247	0.02273	0.01728	0.02463	0.01615	0.02363	0.01431	0.00779	0.00772	0.00234	0.00886	0.05243	0.00399	0.01165
46	0.00970	0.00775	0.00870	0.00857	0.01083	0.00675	0.00649	0.01224	0.01871	0.02394	0.28051	0.06796	0.45014	0.01802	0.00902	0.00254	0.00388	0.04007	0.00748	0.00668
47	0.01859	0.01783	0.03046	0.07413	0.65998	0.01797	0.02319	0.02312	0.01718	0.02456	0.01424	0.01883	0.01194	0.00679	0.00751	0.00226	0.00906	0.00676	0.00374	0.01187
48	0.02068	0.04129	0.02159	0.04696	0.06279	0.01362	0.11306	0.07073	0.04307	0.20789	0.05577	0.17067	0.02670	0.01260	0.00840	0.00259	0.00744	0.05729	0.00680	0.01005
49	0.13881	0.01613	0.01841	0.01442	0.02012	0.01651	0.01187	0.24570	0.05472	0.35049	0.02325	0.02144	0.01549	0.00900	0.00720	0.00233	0.00699	0.00690	0.00804	0.01220
50	0.75113	0.01498	0.01170	0.01033	0.01509	0.01732	0.00851	0.05251	0.01399	0.03468	0.01092	0.01260	0.00844	0.00714	0.00483	0.00234	0.00598	0.00424	0.00483	0.00844
51	0.12752	0.17043	0.02486	0.01826	0.06886	0.22937	0.01400	0.20918	0.02290	0.02937	0.01338	0.01486	0.01062	0.00774	0.00642	0.00205	0.00963	0.00531	0.00493	0.01032
52	0.02569	0.04900	0.02260	0.08114	0.05487	0.04175	0.01476	0.40309	0.05338	0.09229	0.01844	0.01934	0.01338	0.00894	0.00809	0.00230	0.03759	0.00678	0.03481	0.01176
53	0.00974	0.00749	0.00891	0.00903	0.01084	0.00666	0.00659	0.01221	0.01841	0.02429	0.31526	0.20216	0.30373	0.01865	0.00911	0.00260	0.00385	0.01623	0.00757	0.00666
54	0.01243	0.00900	0.01233	0.01383	0.01568	0.00908	0.01198	0.01667	0.04481	0.02343	0.06899	0.08187	0.04407	0.02026	0.01029	0.00340	0.00679	0.58080	0.00708	0.00720
55	0.01067	0.00720	0.00838	0.00874	0.00883	0.00711	0.00509	0.01094	0.01174	0.01565	0.02754	0.18756	0.03217	0.58924	0.03273	0.00649	0.00675	0.01317	0.00509	0.00491
56	0.00924	0.00660	0.00880	0.01056	0.01100	0.00616	0.00704	0.01056	0.01452	0.01936	0.04181	0.72848	0.05017	0.02376	0.00968	0.00308	0.00440	0.02156	0.00704	0.00616
57	0.00933	0.00667	0.00888	0.01050	0.01102	0.00622	0.00705	0.01079	0.01495	0.02004	0.08106	0.68729	0.05148	0.02326	0.00964	0.00304	0.00435	0.02108	0.00712	0.00622
58	0.01349	0.00831	0.01090	0.01000	0.01214	0.00761	0.00752	0.01674	0.02075	0.10872	0.54837	0.07928	0.06237	0.04777	0.01017	0.00263	0.00413	0.01317	0.00825	0.00769
59	0.02028	0.73799	0.03975	0.01298	0.01947	0.03001	0.01298	0.02271	0.01541	0.01785	0.01055	0.01217	0.00973	0.00649	0.00487	0.00162	0.00811	0.00406	0.00324	0.00973
60	0.01767	0.08343	0.51228	0.02309	0.10432	0.01795	0.02491	0.02502	0.01663	0.08405	0.01495	0.01694	0.01072	0.00730	0.00711	0.00233	0.01031	0.00581	0.00383	0.01135
61	0.01723	0.19380	0.44685	0.02104	0.06889	0.05185	0.02325	0.02372	0.01602	0.02218	0.01272	0.01524	0.00981	0.00731	0.00745	0.00224	0.04110	0.00534	0.00328	0.01069
62	0.05179	0.01585	0.01724	0.01497	0.01963	0.01763	0.01181	0.06583	0.50445	0.14895	0.02937	0.02681	0.02136	0.00995	0.00758	0.00251	0.00618	0.00816	0.00789	0.01206
63	0.01947	0.65066	0.03720	0.01429	0.04632	0.02789	0.01312	0.02201	0.01523	0.01811	0.01147	0.01383	0.01056	0.01049	0.06032	0.00249	0.00912	0.00449	0.00333	0.00959
64	0.01720	0.01750	0.06683	0.30869	0.31256	0.01782	0.02143	0.04935	0.06903	0.02407	0.01539	0.01992	0.01203	0.00749	0.00754	0.00240	0.00932	0.00683	0.00404	0.01057
65	0.01173	0.03887	0.01346	0.01175	0.01304	0.01027	0.03374	0.01359	0.01262	0.01753	0.05135	0.05757	0.02431	0.28471	0.33714	0.00863	0.03928	0.00961	0.00446	0.00633
66	0.01118	0.00823	0.01177	0.01167	0.01282	0.00950	0.00885	0.01354	0.01219	0.01773	0.02068	0.03197	0.01986	0.14328	0.56298	0.01081	0.03876	0.00842	0.03922	0.00654
67	0.01735	0.01828	0.05862	0.17291	0.33171	0.01774	0.19976	0.02263	0.01694	0.02366	0.01473	0.01973	0.01164	0.00691	0.00784	0.00238	0.01019	0.00733	0.02902	0.01061
68	0.06156	0.02946	0.02167	0.02048	0.07660	0.44046	0.01475	0.17299	0.02388	0.02651	0.01526	0.01679	0.03017	0.00832	0.00703	0.00209	0.01144	0.00577	0.00486	0.00990

[dist]
# distance from previous block
# <min> <max>
1	4

[block]
# block no. 4 follows, 26 sequences, length 85
# corresponding to MSA columns:
# 238-322
name=unknown_E
#
# <colnr> <probs for GDERKNQSTAVLIFYWHMCP>
#	G	D	E	R	K	N	Q	S	T	A	V	L	I	F	Y	W	H	M	C	P
0	0.01873	0.01860	0.02809	0.15117	0.43394	0.07015	0.05206	0.02489	0.08170	0.02407	0.01563	0.01964	0.01260	0.00730	0.00756	0.00232	0.00944	0.00690	0.00410	0.01109
1	0.01069	0.00856	0.01002	0.00991	0.01254	0.00734	0.00760	0.01301	0.01661	0.02162	0.07450	0.20602	0.31836	0.01811	0.00880	0.00257	0.00472	0.10955	0.00666	0.13282
2	0.62938	0.01501	0.01404	0.06376	0.01898	0.01699	0.03510	0.04746	0.01433	0.03263	0.01142	0.01364	0.00883	0.00707	0.00524	0.00230	0.00654	0.00462	0.00467	0.04800
3	0.02736	0.01435	0.01754	0.01391	0.01911	0.01401	0.01130	0.16825	0.09164	0.36587	0.11966	0.02845	0.02519	0.01015	0.00774	0.00232	0.00638	0.00830	0.00850	0.03997
4	0.14888	0.01308	0.04344	0.05726	0.01856	0.01314	0.04371	0.09494	0.01545	0.07246	0.01459	0.01999	0.01216	0.01623	0.01756	0.34494	0.03551	0.00636	0.00453	0.00720
5	0.01222	0.03914	0.01392	0.04180	0.01552	0.01041	0.03454	0.06077	0.01588	0.02125	0.03322	0.49161	0.03819	0.05775	0.03910	0.00351	0.04100	0.01683	0.00622	0.00711
6	0.03331	0.01293	0.01753	0.01341	0.01931	0.01111	0.01106	0.03626	0.02147	0.66515	0.02928	0.02542	0.01848	0.00924	0.00755	0.00230	0.00642	0.00750	0.00920	0.04307
7	0.01985	0.01678	0.01770	0.01563	0.02010	0.01932	0.01224	0.10133	0.60979	0.03331	0.02963	0.02731	0.02215	0.01017	0.00771	0.00254	0.00623	0.00840	0.00771	0.01209
8	0.01492	0.01084	0.01280	0.01177	0.01466	0.01115	0.00907	0.02396	0.22778	0.07789	0.35096	0.06697	0.08734	0.01405	0.00853	0.00251	0.00471	0.03299	0.00806	0.00904
9	0.01823	0.01747	0.02981	0.12748	0.60940	0.01788	0.02301	0.02281	0.01702	0.02413	0.01417	0.01895	0.01178	0.00686	0.00752	0.00229	0.00914	0.00676	0.00371	0.01158
10	0.01392	0.01230	0.01718	0.01554	0.01609	0.01614	0.01247	0.01589	0.01207	0.01832	0.01616	0.04578	0.01598	0.08227	0.24864	0.00647	0.37614	0.00794	0.04332	0.00739
11	0.00924	0.00660	0.00880	0.01056	0.01100	0.00616	0.00704	0.01056	0.01452	0.01936	0.04181	0.72848	0.05017	0.02376	0.00968	0.00308	0.00440	0.02156	0.00704	0.00616
12	0.01637	0.01450	0.01602	0.01175	0.01827	0.03782	0.00935	0.02048	0.04513	0.02479	0.01419	0.01621	0.01171	0.00591	0.00576	0.00122	0.00595	0.00469	0.00461	0.71529
13	0.01493	0.01428	0.02144	0.06618	0.04434	0.01780	0.06279	0.01734	0.01349	0.01966	0.01848	0.16358	0.01962	0.01427	0.01755	0.00304	0.39444	0.03396	0.00432	0.03852
14	0.01879	0.04907	0.11056	0.03721	0.41171	0.01859	0.13702	0.02388	0.01711	0.05143	0.01470	0.01869	0.01174	0.00711	0.00836	0.00235	0.03944	0.00694	0.00390	0.01139
15	0.01573	0.01348	0.01573	0.01123	0.01798	0.01011	0.00899	0.01910	0.01573	0.02472	0.01348	0.01573	0.01123	0.00562	0.00562	0.00112	0.00562	0.00449	0.00449	0.77980
16	0.01441	0.01360	0.02277	0.68786	0.05097	0.01710	0.02089	0.01934	0.01503	0.01934	0.01334	0.02008	0.01011	0.00781	0.00826	0.00256	0.03801	0.00674	0.00337	0.00842
17	0.00984	0.00813	0.00914	0.00975	0.04030	0.00711	0.00667	0.01199	0.01747	0.02181	0.16542	0.06625	0.50728	0.07212	0.01114	0.00288	0.00430	0.01486	0.00692	0.00663
18	0.02306	0.01116	0.01394	0.01152	0.01586	0.00999	0.00923	0.04580	0.04889	0.36681	0.12287	0.04322	0.21908	0.01303	0.00818	0.00242	0.00538	0.01083	0.00845	0.01027
19	0.02158	0.23588	0.17541	0.02107	0.09632	0.25428	0.01813	0.02544	0.01764	0.02022	0.01200	0.01444	0.00998	0.00743	0.00723	0.00205	0.04239	0.00509	0.00352	0.00992
20	0.01045	0.00776	0.01000	0.01134	0.01284	0.00731	0.00895	0.01284	0.01642	0.02105	0.04930	0.30082	0.19541	0.02150	0.00985	0.00313	0.00537	0.28205	0.00702	0.00657
21	0.01858	0.01525	0.01628	0.01449	0.01863	0.01716	0.01130	0.07327	0.52082	0.05086	0.07289	0.03312	0.08140	0.01126	0.00789	0.00254	0.00583	0.00938	0.00774	0.01132
22	0.01819	0.01822	0.05226	0.09312	0.58852	0.01758	0.02266	0.02284	0.01701	0.02436	0.01415	0.01865	0.01176	0.00678	0.00742	0.00223	0.00902	0.00662	0.00374	0.04485
23	0.65419	0.01443	0.01289	0.09619	0.01949	0.01670	0.00993	0.02269	0.01363	0.06590	0.01191	0.01398	0.00899	0.00723	0.00520	0.00237	0.00642	0.00461	0.00477	0.00848
24	0.02449	0.01636	0.01882	0.01409	0.02039	0.01549	0.01152	0.26997	0.02462	0.16892	0.01864	0.01873	0.01341	0.00773	0.00678	0.00182	0.00684	0.00603	0.00668	0.32868
25	0.05970	0.55873	0.08061	0.01396	0.02044	0.05215	0.01382	0.04678	0.05557	0.02102	0.01229	0.01367	0.01056	0.00694	0.00536	0.00181	0.00829	0.00456	0.00376	0.00997
26	0.78701	0.01467	0.01115	0.00997	0.01467	0.01702	0.00821	0.02230	0.01291	0.03403	0.01056	0.01232	0.00821	0.00704	0.00469	0.00235	0.00587	0.00411	0.00469	0.00821
27	0.01085	0.00808	0.01196	0.01196	0.01323	0.00935	0.00919	0.01339	0.01212	0.01743	0.02053	0.03098	0.01948	0.09736	0.66361	0.01190	0.01954	0.00830	0.00410	0.00664
