[name]
unknown

[dist]
# distance from previous block
# <min> <max>
0	36

[block]
# block no. 0 follows, 26 sequences, length 94
# corresponding to MSA columns:
# 38-131
name=unknown_A
#
# <colnr> <probs for GDERKNQSTAVLIFYWHMCP>
#	G	D	E	R	K	N	Q	S	T	A	V	L	I	F	Y	W	H	M	C	P
0	0.74072	0.01507	0.01186	0.01043	0.01521	0.01741	0.00859	0.06128	0.01430	0.03487	0.01103	0.01268	0.00850	0.00717	0.00487	0.00234	0.00602	0.00427	0.00487	0.00850
1	0.02060	0.01664	0.01775	0.01555	0.02010	0.01898	0.01221	0.10395	0.57656	0.06418	0.02953	0.02715	0.02190	0.01013	0.00770	0.00253	0.00626	0.00835	0.00778	0.01214
2	0.01042	0.00750	0.00989	0.00999	0.01143	0.00697	0.00734	0.01342	0.01953	0.02728	0.49209	0.22911	0.06495	0.01784	0.00920	0.00261	0.00393	0.04167	0.00796	0.00690
3	0.00933	0.00664	0.00877	0.01044	0.01086	0.00622	0.00691	0.01059	0.01434	0.01912	0.04088	0.69344	0.04900	0.06039	0.01117	0.00330	0.00455	0.02102	0.00691	0.00608
4	0.02837	0.03494	0.02160	0.01937	0.02345	0.64786	0.01464	0.08144	0.02264	0.02094	0.01225	0.01405	0.01002	0.00792	0.00690	0.00198	0.01325	0.00504	0.00421	0.00913
5	0.02652	0.01984	0.02143	0.01688	0.02245	0.02210	0.01382	0.54562	0.11190	0.04400	0.01988	0.02015	0.01452	0.01217	0.05008	0.00292	0.00879	0.00712	0.00739	0.01242
6	0.01318	0.00659	0.00988	0.00988	0.00988	0.00659	0.00659	0.00988	0.00988	0.01318	0.01318	0.02306	0.01318	0.02635	0.02964	0.77931	0.00659	0.00659	0.00329	0.00329
7	0.01991	0.01859	0.02820	0.08627	0.50611	0.04219	0.02116	0.09465	0.05930	0.02716	0.01558	0.01922	0.01258	0.00733	0.00751	0.00228	0.00899	0.00681	0.00440	0.01176
8	0.02676	0.01149	0.01543	0.01230	0.01706	0.00999	0.00994	0.02989	0.02140	0.47897	0.21203	0.03405	0.03326	0.01095	0.00792	0.00231	0.00561	0.00921	0.00890	0.04255
9	0.01086	0.00784	0.01032	0.00992	0.01170	0.00729	0.00759	0.01443	0.02113	0.02976	0.62762	0.05911	0.06920	0.01597	0.00908	0.00248	0.00387	0.06646	0.00823	0.00714
10	0.01318	0.00659	0.00988	0.00988	0.00988	0.00659	0.00659	0.00988	0.00988	0.01318	0.01318	0.02306	0.01318	0.02635	0.02964	0.77931	0.00659	0.00659	0.00329	0.00329
11	0.01074	0.00775	0.01014	0.00954	0.01133	0.00716	0.00716	0.01431	0.02147	0.03042	0.68211	0.05666	0.07157	0.01551	0.00895	0.00239	0.00358	0.01372	0.00835	0.00716
12	0.01065	0.00775	0.01002	0.00945	0.01128	0.00712	0.00709	0.01415	0.02127	0.02994	0.65290	0.05745	0.10108	0.01569	0.00895	0.00239	0.00359	0.01383	0.00829	0.00712
13	0.00924	0.00660	0.00880	0.01056	0.01100	0.00616	0.00704	0.01056	0.01452	0.01936	0.04181	0.72848	0.05017	0.02376	0.00968	0.00308	0.00440	0.02156	0.00704	0.00616
14	0.02838	0.01931	0.02169	0.01774	0.05212	0.02084	0.01395	0.51812	0.03203	0.13193	0.01991	0.01973	0.01396	0.00902	0.00748	0.00226	0.00790	0.00694	0.04410	0.01258
15	0.01761	0.36959	0.38476	0.01753	0.02651	0.02348	0.02091	0.02340	0.01573	0.02110	0.01216	0.01420	0.00967	0.00687	0.00610	0.00203	0.00975	0.00487	0.00322	0.01051
16	0.02028	0.73799	0.03975	0.01298	0.01947	0.03001	0.01298	0.02271	0.01541	0.01785	0.01055	0.01217	0.00973	0.00649	0.00487	0.00162	0.00811	0.00406	0.00324	0.00973
17	0.63754	0.01432	0.01243	0.01067	0.01560	0.01585	0.00880	0.02521	0.01466	0.16451	0.01441	0.01500	0.01031	0.00751	0.00528	0.00235	0.00598	0.00481	0.00563	0.00915
18	0.00956	0.00725	0.00883	0.00953	0.01097	0.00653	0.00682	0.01160	0.01694	0.02212	0.18577	0.35904	0.25721	0.02050	0.00932	0.00278	0.00413	0.03730	0.00731	0.00647
19	0.01599	0.14587	0.59426	0.02030	0.03079	0.01951	0.02573	0.02382	0.01592	0.02308	0.01314	0.01543	0.00963	0.00710	0.00685	0.00228	0.01074	0.00537	0.00321	0.01098
20	0.01102	0.00741	0.00856	0.00856	0.00866	0.00751	0.00496	0.01122	0.01112	0.01492	0.02363	0.04816	0.02694	0.68321	0.08795	0.00771	0.00832	0.01081	0.00456	0.00476
21	0.01086	0.00803	0.01171	0.01171	0.01290	0.00922	0.00888	0.01324	0.01205	0.01725	0.02075	0.03222	0.02002	0.13956	0.62214	0.01160	0.01873	0.00848	0.00413	0.00651
22	0.01877	0.01802	0.03079	0.04656	0.68612	0.01802	0.02328	0.02328	0.01727	0.02478	0.01427	0.01877	0.01201	0.00676	0.00751	0.00225	0.00901	0.00676	0.00375	0.01201
23	0.01859	0.01784	0.03046	0.07382	0.66027	0.01797	0.02319	0.02312	0.01719	0.02456	0.01424	0.01883	0.01194	0.00679	0.00751	0.00226	0.00906	0.00676	0.00374	0.01187
24	0.01877	0.01802	0.03079	0.04656	0.68612	0.01802	0.02328	0.02328	0.01727	0.02478	0.01427	0.01877	0.01201	0.00676	0.00751	0.00225	0.00901	0.00676	0.00375	0.01201
25	0.02121	0.01614	0.01750	0.01531	0.01988	0.01818	0.01203	0.07193	0.56118	0.11200	0.03010	0.02748	0.02210	0.01012	0.00770	0.00253	0.00618	0.00837	0.00791	0.01216
26	0.02058	0.71221	0.03908	0.01322	0.01961	0.05474	0.01304	0.02299	0.01564	0.01787	0.01059	0.01222	0.00974	0.00654	0.00494	0.00163	0.00832	0.00409	0.00327	0.00970
27	0.02147	0.01874	0.02569	0.23169	0.03416	0.04505	0.11057	0.27523	0.05484	0.03182	0.01614	0.01935	0.01201	0.00855	0.00899	0.00247	0.06013	0.00711	0.00533	0.01063
28	0.02817	0.02166	0.02198	0.01729	0.02303	0.07584	0.01410	0.53398	0.08737	0.07041	0.01924	0.01901	0.01375	0.00912	0.00754	0.00228	0.00849	0.00686	0.00738	0.01250
29	0.01655	0.01346	0.01581	0.01134	0.01804	0.01016	0.00909	0.01990	0.01600	0.05475	0.01422	0.01618	0.01157	0.00579	0.00571	0.00118	0.00566	0.00464	0.00471	0.74525
30	0.01856	0.01781	0.03041	0.07829	0.65603	0.01797	0.02317	0.02309	0.01717	0.02452	0.01423	0.01884	0.01192	0.00680	0.00751	0.00227	0.00906	0.00676	0.00374	0.01184
31	0.78701	0.01467	0.01115	0.00997	0.01467	0.01702	0.00821	0.02230	0.01291	0.03403	0.01056	0.01232	0.00821	0.00704	0.00469	0.00235	0.00587	0.00411	0.00469	0.00821
32	0.01222	0.00873	0.01222	0.01397	0.01572	0.00873	0.01222	0.01572	0.01746	0.02270	0.04016	0.08556	0.04365	0.02095	0.01048	0.00349	0.00698	0.63506	0.00698	0.00698
33	0.00896	0.00768	0.00768	0.00768	0.01025	0.00640	0.00576	0.01089	0.01729	0.02049	0.07684	0.07300	0.68304	0.01921	0.00896	0.00256	0.00384	0.01601	0.00704	0.00640
34	0.01573	0.01348	0.01573	0.01123	0.01798	0.01011	0.00899	0.01910	0.01573	0.02472	0.01348	0.01573	0.01123	0.00562	0.00562	0.00112	0.00562	0.00449	0.00449	0.77980
35	0.00924	0.00660	0.00880	0.01056	0.01100	0.00616	0.00704	0.01056	0.01452	0.01936	0.04181	0.72848	0.05017	0.02376	0.00968	0.00308	0.00440	0.02156	0.00704	0.00616
36	0.01989	0.02014	0.02970	0.04340	0.60859	0.09816	0.02227	0.02410	0.01777	0.02405	0.01397	0.01818	0.01175	0.00688	0.00743	0.00222	0.00956	0.00654	0.00377	0.01164
37	0.73378	0.01571	0.03562	0.01114	0.01616	0.01711	0.03164	0.02243	0.01319	0.03335	0.01083	0.01273	0.00838	0.00702	0.00493	0.00236	0.00629	0.00433	0.00461	0.00839
38	0.03381	0.01326	0.01782	0.01366	0.01954	0.01167	0.01128	0.06302	0.02229	0.66449	0.02944	0.02550	0.01853	0.00938	0.00763	0.00234	0.00653	0.00759	0.00931	0.01291
39	0.01940	0.01545	0.01718	0.01589	0.04304	0.01730	0.01195	0.06862	0.50372	0.07244	0.10202	0.03044	0.02734	0.01063	0.00783	0.00251	0.00599	0.00893	0.00774	0.01157
40	0.00942	0.00678	0.00882	0.01038	0.01098	0.00632	0.00701	0.01078	0.01461	0.01931	0.04296	0.63150	0.08742	0.06002	0.01116	0.00328	0.00461	0.04160	0.00691	0.00612
41	0.01499	0.01230	0.01286	0.01215	0.01524	0.03608	0.00928	0.04403	0.25540	0.04982	0.07323	0.14600	0.23481	0.01547	0.00850	0.00263	0.00539	0.03549	0.00733	0.00897
42	0.02643	0.02125	0.02039	0.01637	0.02154	0.11177	0.01322	0.46367	0.06879	0.04064	0.01887	0.01940	0.01387	0.00897	0.00722	0.00219	0.00834	0.00670	0.09875	0.01160
43	0.01573	0.01348	0.01573	0.01123	0.01798	0.01011	0.00899	0.01910	0.01573	0.02472	0.01348	0.01573	0.01123	0.00562	0.00562	0.00112	0.00562	0.00449	0.00449	0.77980
44	0.01414	0.00707	0.00707	0.00707	0.00884	0.00707	0.00530	0.01767	0.01591	0.02828	0.02474	0.02828	0.01944	0.00884	0.00530	0.00177	0.00353	0.00707	0.77554	0.00707
45	0.01790	0.02046	0.04476	0.03197	0.03964	0.01918	0.65857	0.02430	0.01790	0.02430	0.01535	0.02046	0.01151	0.00639	0.00895	0.00256	0.01279	0.00895	0.00384	0.01023
46	0.02028	0.73799	0.03975	0.01298	0.01947	0.03001	0.01298	0.02271	0.01541	0.01785	0.01055	0.01217	0.00973	0.00649	0.00487	0.00162	0.00811	0.00406	0.00324	0.00973
47	0.01121	0.00737	0.00839	0.00839	0.00856	0.00744	0.00487	0.01156	0.01138	0.01568	0.02378	0.04738	0.02666	0.65654	0.06865	0.00725	0.00775	0.01065	0.05164	0.00485
48	0.24077	0.02036	0.01762	0.01452	0.01968	0.14550	0.01162	0.22290	0.04617	0.05215	0.03607	0.01718	0.01317	0.00810	0.00643	0.00211	0.00801	0.00571	0.00578	0.10615
49	0.01936	0.01913	0.03022	0.04491	0.64566	0.05984	0.02275	0.02371	0.01753	0.02440	0.01411	0.01846	0.01188	0.00682	0.00747	0.00223	0.00930	0.00664	0.00376	0.01182
50	0.01448	0.01365	0.02304	0.69104	0.07515	0.01689	0.02115	0.01952	0.01524	0.01957	0.01351	0.02017	0.01018	0.00755	0.00758	0.00252	0.01007	0.00674	0.00338	0.00856
51	0.01710	0.01344	0.01535	0.01453	0.01812	0.01468	0.01169	0.03088	0.39721	0.05801	0.03314	0.07261	0.02940	0.01365	0.00849	0.00278	0.00622	0.18910	0.00740	0.04622
52	0.00975	0.00708	0.00932	0.01061	0.01106	0.00693	0.00714	0.01106	0.01441	0.01939	0.06980	0.60321	0.04753	0.09403	0.01307	0.00348	0.02967	0.01961	0.00673	0.00613
53	0.01074	0.00775	0.01014	0.00954	0.01133	0.00716	0.00716	0.01431	0.02147	0.03042	0.68211	0.05666	0.07157	0.01551	0.00895	0.00239	0.00358	0.01372	0.00835	0.00716
54	0.01103	0.00735	0.00827	0.00827	0.00827	0.00735	0.00460	0.01103	0.01103	0.01471	0.02390	0.04964	0.02758	0.73343	0.03861	0.00735	0.00735	0.01103	0.00460	0.00460
55	0.01877	0.01802	0.03079	0.04656	0.68612	0.01802	0.02328	0.02328	0.01727	0.02478	0.01427	0.01877	0.01201	0.00676	0.00751	0.00225	0.00901	0.00676	0.00375	0.01201
56	0.00937	0.00748	0.00840	0.00862	0.01061	0.00651	0.00629	0.01151	0.01758	0.02225	0.19074	0.19943	0.43574	0.01937	0.00910	0.00263	0.00390	0.01665	0.00730	0.00651
57	0.02287	0.01884	0.01937	0.01633	0.02126	0.04547	0.01299	0.26800	0.41471	0.03716	0.02552	0.02406	0.01890	0.00977	0.00764	0.00244	0.00714	0.00780	0.00753	0.01222
58	0.02044	0.01644	0.01762	0.01552	0.01999	0.01870	0.01223	0.10603	0.55372	0.06398	0.02975	0.02884	0.02247	0.01045	0.00778	0.00256	0.00631	0.02741	0.00776	0.01199
59	0.04505	0.09992	0.26786	0.01708	0.02453	0.01801	0.01801	0.08718	0.06054	0.17860	0.01823	0.01875	0.01295	0.00829	0.00805	0.00230	0.05199	0.00617	0.00544	0.05105
60	0.01860	0.01784	0.03047	0.07319	0.66087	0.01798	0.02319	0.02312	0.01719	0.02457	0.01424	0.01883	0.01194	0.00679	0.00751	0.00226	0.00905	0.00676	0.00374	0.01187
61	0.02034	0.02100	0.02926	0.04212	0.57738	0.13041	0.02186	0.02443	0.01796	0.02376	0.01385	0.01794	0.01165	0.00693	0.00740	0.00220	0.00978	0.00645	0.00378	0.01149
62	0.01779	0.02014	0.04298	0.03097	0.03801	0.01952	0.60559	0.02380	0.01738	0.02380	0.01490	0.02014	0.01138	0.00696	0.01027	0.00262	0.07111	0.00876	0.00379	0.01007
63	0.04712	0.61127	0.13303	0.01412	0.02122	0.02776	0.01498	0.02289	0.01541	0.01932	0.01099	0.01273	0.00966	0.00661	0.00520	0.00176	0.00848	0.00428	0.00329	0.00989
64	0.01659	0.01659	0.02323	0.01991	0.01991	0.02323	0.01659	0.01825	0.01162	0.01825	0.00996	0.01659	0.00996	0.01328	0.02489	0.00332	0.71955	0.00664	0.00332	0.00830
65	0.01101	0.00743	0.00865	0.00865	0.00878	0.00756	0.00507	0.01127	0.01114	0.01499	0.02355	0.04772	0.02674	0.66804	0.10286	0.00782	0.00861	0.01075	0.00454	0.00481
66	0.01103	0.00735	0.00827	0.00827	0.00827	0.00735	0.00460	0.01103	0.01103	0.01471	0.02390	0.04964	0.02758	0.73343	0.03861	0.00735	0.00735	0.01103	0.00460	0.00460
67	0.01790	0.02046	0.04476	0.03197	0.03964	0.01918	0.65857	0.02430	0.01790	0.02430	0.01535	0.02046	0.01151	0.00639	0.00895	0.00256	0.01279	0.00895	0.00384	0.01023
68	0.03403	0.01291	0.01760	0.01350	0.01936	0.01115	0.01115	0.03697	0.02171	0.69137	0.02992	0.02582	0.01878	0.00939	0.00763	0.00235	0.00645	0.00763	0.00939	0.01291
69	0.02483	0.01926	0.02051	0.01664	0.02200	0.02165	0.01345	0.41153	0.29147	0.04135	0.02330	0.02226	0.01702	0.00958	0.00764	0.00240	0.00741	0.00753	0.00764	0.01254
70	0.01598	0.01569	0.02205	0.01909	0.01923	0.02176	0.01583	0.01775	0.01168	0.01818	0.01107	0.01801	0.01092	0.01795	0.09768	0.00427	0.64454	0.00680	0.00340	0.00813
71	0.01002	0.00725	0.00947	0.00992	0.01115	0.00669	0.00706	0.01255	0.01828	0.02523	0.38081	0.35149	0.08325	0.01925	0.00927	0.00270	0.00395	0.01723	0.00773	0.00669
72	0.01521	0.03923	0.69413	0.02162	0.03283	0.01762	0.02802	0.02402	0.01601	0.02402	0.01361	0.01601	0.00961	0.00721	0.00721	0.00240	0.01121	0.00560	0.00320	0.01121
73	0.01563	0.09720	0.63984	0.02090	0.03172	0.01864	0.02678	0.02391	0.01596	0.02351	0.01336	0.01569	0.00962	0.00715	0.00701	0.00234	0.01095	0.00548	0.00321	0.01109
74	0.01455	0.01372	0.02317	0.68069	0.08496	0.01691	0.02118	0.01958	0.01528	0.01966	0.01352	0.02015	0.01021	0.00754	0.00758	0.00251	0.01005	0.00674	0.00339	0.00861
75	0.01521	0.03923	0.69413	0.02162	0.03283	0.01762	0.02802	0.02402	0.01601	0.02402	0.01361	0.01601	0.00961	0.00721	0.00721	0.00240	0.01121	0.00560	0.00320	0.01121
76	0.01619	0.00982	0.01210	0.01139	0.01344	0.00994	0.00845	0.06744	0.03913	0.12236	0.09234	0.22732	0.03441	0.13645	0.01418	0.00343	0.03772	0.04176	0.09421	0.00794
77	0.01318	0.00659	0.00988	0.00988	0.00988	0.00659	0.00659	0.00988	0.00988	0.01318	0.01318	0.02306	0.01318	0.02635	0.02964	0.77931	0.00659	0.00659	0.00329	0.00329
78	0.01065	0.00775	0.01002	0.00945	0.01128	0.00712	0.00709	0.01415	0.02127	0.02995	0.65339	0.05743	0.10059	0.01568	0.00895	0.00239	0.00359	0.01383	0.00829	0.00712
79	0.01877	0.01802	0.03079	0.04656	0.68612	0.01802	0.02328	0.02328	0.01727	0.02478	0.01427	0.01877	0.01201	0.00676	0.00751	0.00225	0.00901	0.00676	0.00375	0.01201
80	0.02028	0.73799	0.03975	0.01298	0.01947	0.03001	0.01298	0.02271	0.01541	0.01785	0.01055	0.01217	0.00973	0.00649	0.00487	0.00162	0.00811	0.00406	0.00324	0.00973
81	0.00908	0.00766	0.00788	0.00801	0.01045	0.00646	0.00602	0.01102	0.01716	0.02050	0.07404	0.10501	0.63313	0.01948	0.00904	0.00261	0.00396	0.03503	0.00704	0.00641
82	0.01825	0.01749	0.02984	0.12535	0.61142	0.01788	0.02302	0.02282	0.01702	0.02414	0.01417	0.01894	0.01179	0.00686	0.00752	0.00229	0.00914	0.00676	0.00371	0.01159
83	0.06166	0.01372	0.02234	0.64757	0.07324	0.01691	0.02036	0.01970	0.01511	0.02047	0.01333	0.01969	0.01007	0.00752	0.00740	0.00251	0.00981	0.00658	0.00347	0.00854
84	0.03107	0.01307	0.01719	0.01354	0.01902	0.01189	0.01106	0.03628	0.10038	0.57971	0.06151	0.02761	0.02185	0.00979	0.00770	0.00238	0.00626	0.00804	0.00914	0.01252
85	0.00912	0.00751	0.00802	0.00827	0.01044	0.00641	0.00606	0.01104	0.01709	0.02091	0.10808	0.17900	0.54240	0.01973	0.00908	0.00264	0.00392	0.01678	0.00712	0.00641
86	0.02048	0.01701	0.01846	0.09205	0.02365	0.04342	0.01321	0.12660	0.43698	0.05943	0.02784	0.02671	0.04017	0.00997	0.00769	0.00249	0.00702	0.00818	0.00713	0.01149
87	0.01414	0.00707	0.00707	0.00707	0.00884	0.00707	0.00530	0.01767	0.01591	0.02828	0.02474	0.02828	0.01944	0.00884	0.00530	0.00177	0.00353	0.00707	0.77554	0.00707
88	0.00923	0.00665	0.00876	0.01044	0.01097	0.00617	0.00699	0.01057	0.01463	0.01941	0.04323	0.70177	0.07596	0.02358	0.00965	0.00306	0.00438	0.02134	0.00704	0.00617
89	0.01835	0.02430	0.17224	0.03044	0.10729	0.04328	0.41875	0.02475	0.01770	0.04523	0.01521	0.01931	0.01135	0.00674	0.00832	0.00246	0.01189	0.00785	0.00388	0.01065
90	0.60586	0.09304	0.01509	0.01076	0.01580	0.01767	0.00911	0.02425	0.01432	0.11768	0.01308	0.01406	0.00975	0.00729	0.00509	0.00227	0.00619	0.00456	0.00515	0.00899
91	0.78701	0.01467	0.01115	0.00997	0.01467	0.01702	0.00821	0.02230	0.01291	0.03403	0.01056	0.01232	0.00821	0.00704	0.00469	0.00235	0.00587	0.00411	0.00469	0.00821
92	0.01823	0.01739	0.02956	0.07678	0.62852	0.01752	0.02252	0.02273	0.01734	0.02475	0.04146	0.02039	0.01435	0.00715	0.00757	0.00227	0.00884	0.00704	0.00392	0.01165
93	0.01977	0.01811	0.02894	0.24361	0.45034	0.01881	0.02270	0.02411	0.03964	0.02548	0.01704	0.02286	0.01416	0.00881	0.00857	0.00280	0.00996	0.00757	0.00464	0.01207

[dist]
# distance from previous block
# <min> <max>
0	2

[block]
# block no. 1 follows, 26 sequences, length 12
# corresponding to MSA columns:
# 134-145
name=unknown_B
#
# <colnr> <probs for GDERKNQSTAVLIFYWHMCP>
#	G	D	E	R	K	N	Q	S	T	A	V	L	I	F	Y	W	H	M	C	P
0	0.01432	0.01348	0.02275	0.71520	0.05224	0.01685	0.02107	0.01938	0.01517	0.01938	0.01348	0.02022	0.01011	0.00758	0.00758	0.00253	0.01011	0.00674	0.00337	0.00843
1	0.01845	0.01769	0.03020	0.09576	0.63947	0.01794	0.02312	0.02299	0.01712	0.02438	0.01421	0.01888	0.01187	0.00682	0.00751	0.00227	0.00909	0.00676	0.00373	0.01175
2	0.02883	0.02125	0.02276	0.01745	0.02352	0.02352	0.01442	0.66082	0.03566	0.04780	0.01821	0.01821	0.01290	0.00911	0.00759	0.00228	0.00835	0.00683	0.00759	0.01290
3	0.01887	0.01629	0.01715	0.01544	0.01972	0.01887	0.01201	0.04031	0.67241	0.03173	0.03087	0.02830	0.02315	0.01029	0.00772	0.00257	0.00600	0.00858	0.00772	0.01201
4	0.01432	0.01348	0.02275	0.71520	0.05224	0.01685	0.02107	0.01938	0.01517	0.01938	0.01348	0.02022	0.01011	0.00758	0.00758	0.00253	0.01011	0.00674	0.00337	0.00843
5	0.01536	0.01454	0.02463	0.55912	0.20021	0.01713	0.02158	0.02029	0.01566	0.02064	0.01367	0.01988	0.01056	0.00739	0.00757	0.00246	0.00985	0.00674	0.00346	0.00926
6	0.02883	0.02125	0.02276	0.01745	0.02352	0.02352	0.01442	0.66082	0.03566	0.04780	0.01821	0.01821	0.01290	0.00911	0.00759	0.00228	0.00835	0.00683	0.00759	0.01290
7	0.00896	0.00768	0.00768	0.00768	0.01025	0.00640	0.00576	0.01089	0.01729	0.02049	0.07684	0.07300	0.68304	0.01921	0.00896	0.00256	0.00384	0.01601	0.00704	0.00640
8	0.01467	0.01384	0.02338	0.66280	0.10192	0.01694	0.02124	0.01969	0.01533	0.01980	0.01354	0.02011	0.01026	0.00752	0.00758	0.00251	0.01002	0.00674	0.00340	0.00871
9	0.00924	0.00660	0.00880	0.01056	0.01100	0.00616	0.00704	0.01056	0.01452	0.01936	0.04181	0.72848	0.05017	0.02376	0.00968	0.00308	0.00440	0.02156	0.00704	0.00616
10	0.01705	0.01344	0.01586	0.01140	0.01808	0.01019	0.00914	0.02039	0.01616	0.07273	0.01467	0.01646	0.01178	0.00589	0.00576	0.00121	0.00568	0.00472	0.00485	0.72457
11	0.01715	0.30631	0.44401	0.01832	0.02772	0.02235	0.02227	0.02352	0.01578	0.02166	0.01244	0.01454	0.00966	0.00693	0.00631	0.00210	0.01003	0.00501	0.00322	0.01065

[dist]
# distance from previous block
# <min> <max>
0	1

[block]
# block no. 2 follows, 26 sequences, length 161
# corresponding to MSA columns:
# 147-307
name=unknown_C
#
# <colnr> <probs for GDERKNQSTAVLIFYWHMCP>
#	G	D	E	R	K	N	Q	S	T	A	V	L	I	F	Y	W	H	M	C	P
0	0.01050	0.00774	0.00981	0.00929	0.01119	0.00706	0.00697	0.01385	0.02091	0.02908	0.60086	0.05885	0.15366	0.01600	0.00895	0.00241	0.00361	0.01402	0.00817	0.00706
1	0.02833	0.03615	0.02149	0.01954	0.02345	0.70298	0.01466	0.03029	0.02149	0.01856	0.01172	0.01368	0.00977	0.00782	0.00684	0.00195	0.01368	0.00489	0.00391	0.00879
2	0.00924	0.00660	0.00880	0.01056	0.01100	0.00616	0.00704	0.01056	0.01452	0.01936	0.04181	0.72848	0.05017	0.02376	0.00968	0.00308	0.00440	0.02156	0.00704	0.00616
3	0.06126	0.01805	0.01927	0.01541	0.02081	0.03816	0.01251	0.33365	0.15336	0.15531	0.02233	0.02147	0.01585	0.00912	0.00730	0.00228	0.00729	0.00706	0.04144	0.03806
4	0.01704	0.09036	0.53563	0.02149	0.03155	0.04458	0.08154	0.02466	0.01655	0.04797	0.01406	0.01638	0.01013	0.00718	0.00718	0.00234	0.01103	0.00583	0.00352	0.01098
5	0.00923	0.00664	0.00876	0.01045	0.01097	0.00617	0.00699	0.01057	0.01463	0.01941	0.04316	0.70313	0.07464	0.02359	0.00965	0.00306	0.00438	0.02135	0.00704	0.00617
6	0.01084	0.00813	0.01219	0.01219	0.01354	0.00948	0.00948	0.01354	0.01219	0.01761	0.02032	0.02980	0.01896	0.05689	0.70337	0.01219	0.02032	0.00813	0.00406	0.00677
7	0.01676	0.01193	0.01375	0.01260	0.01587	0.01245	0.00986	0.05381	0.24875	0.09911	0.16837	0.06991	0.11750	0.03832	0.00950	0.00277	0.00549	0.07603	0.00773	0.00949
8	0.01264	0.01265	0.06821	0.01593	0.01904	0.01059	0.14253	0.04563	0.01667	0.02286	0.05894	0.44219	0.03716	0.01736	0.00905	0.00281	0.00675	0.01621	0.03501	0.00777
9	0.01210	0.00864	0.01208	0.01383	0.01552	0.00862	0.01200	0.01550	0.01734	0.02256	0.04023	0.11263	0.04393	0.02107	0.01044	0.00347	0.00688	0.60923	0.00699	0.00695
10	0.01758	0.01681	0.02864	0.22544	0.51653	0.01771	0.02269	0.02224	0.01671	0.02334	0.01406	0.01916	0.01151	0.00698	0.00753	0.00233	0.00931	0.00675	0.00365	0.01105
11	0.02058	0.71212	0.03907	0.01322	0.01961	0.05483	0.01304	0.02299	0.01564	0.01787	0.01059	0.01222	0.00974	0.00654	0.00494	0.00163	0.00832	0.00409	0.00327	0.00970
12	0.01772	0.01987	0.04229	0.03021	0.03780	0.01841	0.60341	0.02386	0.01772	0.02433	0.01519	0.02006	0.01149	0.00633	0.00867	0.00244	0.01218	0.00857	0.00389	0.07558
13	0.01880	0.51498	0.22257	0.01668	0.04861	0.02609	0.01758	0.02310	0.01565	0.01984	0.01155	0.01350	0.00979	0.00670	0.00562	0.00186	0.00901	0.00459	0.00325	0.01023
14	0.02234	0.36342	0.05875	0.04259	0.04422	0.07721	0.01463	0.17920	0.08260	0.02699	0.01476	0.01594	0.01185	0.00766	0.00623	0.00198	0.00863	0.00547	0.00479	0.01073
15	0.78701	0.01467	0.01115	0.00997	0.01467	0.01702	0.00821	0.02230	0.01291	0.03403	0.01056	0.01232	0.00821	0.00704	0.00469	0.00235	0.00587	0.00411	0.00469	0.00821
16	0.01020	0.00773	0.00939	0.00898	0.01100	0.00693	0.00673	0.01327	0.02020	0.02740	0.49837	0.06162	0.25719	0.01663	0.00895	0.00244	0.00366	0.01441	0.00795	0.00693
17	0.01820	0.01754	0.03025	0.12822	0.58725	0.01792	0.04364	0.02283	0.01703	0.02410	0.01421	0.01901	0.01176	0.00685	0.00757	0.00230	0.00927	0.00683	0.00371	0.01152
18	0.01521	0.03923	0.69413	0.02162	0.03283	0.01762	0.02802	0.02402	0.01601	0.02402	0.01361	0.01601	0.00961	0.00721	0.00721	0.00240	0.01121	0.00560	0.00320	0.01121
19	0.01034	0.00800	0.01192	0.01254	0.01381	0.00753	0.05525	0.01240	0.01536	0.02030	0.04110	0.54644	0.07309	0.02186	0.00973	0.00309	0.00540	0.11846	0.00680	0.00660
20	0.01824	0.01738	0.02955	0.07253	0.63021	0.01749	0.02248	0.02272	0.01737	0.02481	0.04367	0.02050	0.01456	0.00718	0.00758	0.00227	0.00882	0.00706	0.00394	0.01165
21	0.00950	0.00680	0.00903	0.01038	0.01106	0.00633	0.00706	0.01121	0.01573	0.02128	0.15276	0.61206	0.05388	0.02233	0.00955	0.00296	0.00426	0.02020	0.00727	0.00633
22	0.01517	0.03784	0.65779	0.05916	0.03388	0.01757	0.02765	0.02377	0.01597	0.02377	0.01360	0.01624	0.00964	0.00723	0.00723	0.00241	0.01115	0.00567	0.00321	0.01106
23	0.01814	0.01909	0.03768	0.06716	0.32475	0.01857	0.35207	0.02364	0.01751	0.02430	0.01479	0.01971	0.01167	0.00660	0.00826	0.00242	0.01101	0.00789	0.00378	0.01094
24	0.01807	0.34158	0.35781	0.01816	0.02689	0.05205	0.04418	0.02373	0.01605	0.02112	0.01227	0.01441	0.00974	0.00689	0.00624	0.00205	0.01003	0.00503	0.00327	0.01043
25	0.02399	0.02805	0.02525	0.05677	0.28897	0.40357	0.01834	0.02708	0.01957	0.02108	0.01281	0.01596	0.01068	0.00739	0.00713	0.00210	0.01168	0.00570	0.00383	0.01006
26	0.01566	0.01499	0.02558	0.49579	0.21191	0.01746	0.04380	0.02050	0.01567	0.02089	0.01362	0.01973	0.01064	0.00754	0.00824	0.00249	0.03579	0.00682	0.00348	0.00940
27	0.00989	0.00742	0.00917	0.00938	0.01098	0.00670	0.00679	0.01244	0.01852	0.02494	0.35731	0.24756	0.21375	0.01870	0.00916	0.00262	0.00387	0.01646	0.00767	0.00670
28	0.01100	0.00748	0.00892	0.00892	0.00914	0.00771	0.00540	0.01145	0.01122	0.01519	0.02331	0.04636	0.02615	0.62155	0.14854	0.00815	0.00950	0.01055	0.00451	0.00496
29	0.02838	0.03493	0.02160	0.01937	0.02345	0.64712	0.01464	0.08213	0.02266	0.02097	0.01226	0.01405	0.01003	0.00792	0.00690	0.00198	0.01324	0.00505	0.00421	0.00913
30	0.01558	0.01510	0.02128	0.01855	0.01879	0.02080	0.01534	0.01742	0.01172	0.01814	0.01179	0.01893	0.01155	0.02100	0.14502	0.00489	0.59575	0.00690	0.00345	0.00803
31	0.01414	0.00707	0.00707	0.00707	0.00884	0.00707	0.00530	0.01767	0.01591	0.02828	0.02474	0.02828	0.01944	0.00884	0.00530	0.00177	0.00353	0.00707	0.77554	0.00707
32	0.01103	0.00735	0.00827	0.00827	0.00827	0.00735	0.00460	0.01103	0.01103	0.01471	0.02390	0.04964	0.02758	0.73343	0.03861	0.00735	0.00735	0.01103	0.00460	0.00460
33	0.01984	0.01666	0.01757	0.01544	0.01990	0.01906	0.01211	0.12106	0.56638	0.03347	0.03076	0.02848	0.04411	0.01044	0.00774	0.00253	0.00624	0.00860	0.00768	0.01193
34	0.78701	0.01467	0.01115	0.00997	0.01467	0.01702	0.00821	0.02230	0.01291	0.03403	0.01056	0.01232	0.00821	0.00704	0.00469	0.00235	0.00587	0.00411	0.00469	0.00821
35	0.08689	0.05224	0.04190	0.01486	0.02036	0.09812	0.01248	0.18154	0.02384	0.30479	0.06932	0.02278	0.01858	0.00919	0.00725	0.00225	0.00775	0.00705	0.00737	0.01143
36	0.01963	0.01641	0.01729	0.01530	0.01966	0.01885	0.01197	0.09814	0.58678	0.03312	0.02944	0.02734	0.02204	0.01012	0.00761	0.00251	0.00613	0.00835	0.03740	0.01190
37	0.01074	0.00775	0.01014	0.00954	0.01133	0.00716	0.00716	0.01431	0.02147	0.03042	0.68211	0.05666	0.07157	0.01551	0.00895	0.00239	0.00358	0.01372	0.00835	0.00716
38	0.01142	0.00796	0.00978	0.00928	0.01144	0.00711	0.00697	0.01439	0.01997	0.06284	0.44442	0.09148	0.24151	0.01662	0.00891	0.00247	0.00385	0.01441	0.00797	0.00721
39	0.01801	0.42506	0.33281	0.01685	0.02545	0.02446	0.01972	0.02330	0.01568	0.02061	0.01192	0.01389	0.00968	0.00681	0.00591	0.00197	0.00950	0.00475	0.00323	0.01039
40	0.01318	0.00659	0.00988	0.00988	0.00988	0.00659	0.00659	0.00988	0.00988	0.01318	0.01318	0.02306	0.01318	0.02635	0.02964	0.77931	0.00659	0.00659	0.00329	0.00329
41	0.00937	0.00669	0.00895	0.01071	0.01120	0.00627	0.00726	0.01078	0.01465	0.01950	0.04174	0.70128	0.04989	0.02364	0.00972	0.00310	0.00451	0.04752	0.00704	0.00620
42	0.00949	0.00765	0.00845	0.00836	0.01060	0.00661	0.00623	0.01187	0.01838	0.02333	0.25141	0.09811	0.47623	0.01834	0.00899	0.00253	0.00379	0.01559	0.00742	0.00661
43	0.02736	0.02200	0.05180	0.01747	0.02346	0.04887	0.01479	0.57781	0.03314	0.04420	0.01786	0.01849	0.01292	0.01123	0.04040	0.00274	0.00924	0.00676	0.00709	0.01238
44	0.02019	0.02446	0.10804	0.03644	0.39863	0.15679	0.09779	0.02491	0.01805	0.02338	0.01380	0.01762	0.01122	0.00698	0.00751	0.00225	0.01066	0.00651	0.00373	0.01106
45	0.27250	0.08353	0.33944	0.01665	0.02456	0.07435	0.01864	0.02431	0.01559	0.04962	0.01278	0.01465	0.00949	0.00722	0.00618	0.00229	0.00924	0.00500	0.00397	0.00997
46	0.01874	0.01811	0.03132	0.04600	0.66149	0.01807	0.04748	0.02332	0.01730	0.02476	0.01431	0.01884	0.01200	0.00674	0.00756	0.00226	0.00915	0.00684	0.00376	0.01195
47	0.02784	0.01222	0.01611	0.01279	0.01766	0.01104	0.01039	0.07625	0.02266	0.48003	0.19188	0.03297	0.03153	0.01089	0.00795	0.00235	0.00587	0.00909	0.00900	0.01147
48	0.01432	0.01348	0.02275	0.71520	0.05224	0.01685	0.02107	0.01938	0.01517	0.01938	0.01348	0.02022	0.01011	0.00758	0.00758	0.00253	0.01011	0.00674	0.00337	0.00843
49	0.02833	0.03615	0.02149	0.01954	0.02345	0.70298	0.01466	0.03029	0.02149	0.01856	0.01172	0.01368	0.00977	0.00782	0.00684	0.00195	0.01368	0.00489	0.00391	0.00879
50	0.01512	0.01421	0.02400	0.63871	0.07260	0.01722	0.04902	0.04115	0.01604	0.02073	0.01375	0.02012	0.01033	0.00755	0.00764	0.00251	0.01013	0.00684	0.00355	0.00878
51	0.01822	0.01455	0.01975	0.01447	0.02103	0.01212	0.09234	0.02345	0.07200	0.09611	0.01693	0.01846	0.01308	0.00651	0.00643	0.00156	0.00665	0.00574	0.00520	0.53540
52	0.01521	0.03923	0.69413	0.02162	0.03283	0.01762	0.02802	0.02402	0.01601	0.02402	0.01361	0.01601	0.00961	0.00721	0.00721	0.00240	0.01121	0.00560	0.00320	0.01121
53	0.27950	0.01348	0.01550	0.01235	0.01783	0.01306	0.01019	0.03218	0.01884	0.47708	0.02361	0.02142	0.01533	0.00862	0.00667	0.00235	0.00626	0.00648	0.00786	0.01138
54	0.00943	0.00674	0.00897	0.01043	0.01104	0.00628	0.00706	0.01103	0.01539	0.02074	0.12133	0.64504	0.05283	0.02274	0.00959	0.00299	0.00430	0.02059	0.00720	0.00628
55	0.01201	0.00859	0.01192	0.01333	0.01508	0.00850	0.01149	0.01551	0.01804	0.02381	0.13249	0.08140	0.04767	0.02017	0.01026	0.00333	0.00649	0.54569	0.00718	0.00701
56	0.00924	0.00660	0.00880	0.01056	0.01100	0.00616	0.00704	0.01056	0.01452	0.01936	0.04181	0.72848	0.05017	0.02376	0.00968	0.00308	0.00440	0.02156	0.00704	0.00616
57	0.03379	0.01330	0.01784	0.01368	0.01956	0.01173	0.01130	0.06615	0.02236	0.66127	0.02938	0.02546	0.01850	0.00937	0.00763	0.00234	0.00654	0.00759	0.00930	0.01291
58	0.02073	0.01571	0.01712	0.01503	0.01947	0.01761	0.01179	0.06208	0.54237	0.11196	0.05784	0.02882	0.02429	0.01036	0.00775	0.00253	0.00604	0.00861	0.00794	0.01194
59	0.75270	0.01459	0.01144	0.01014	0.01488	0.01675	0.00835	0.02296	0.01331	0.06398	0.01144	0.01294	0.00870	0.00715	0.00483	0.00235	0.00589	0.00427	0.00491	0.00843
60	0.00924	0.00660	0.00880	0.01056	0.01100	0.00616	0.00704	0.01056	0.01452	0.01936	0.04181	0.72848	0.05017	0.02376	0.00968	0.00308	0.00440	0.02156	0.00704	0.00616
61	0.00972	0.00694	0.00935	0.01111	0.01175	0.00657	0.00787	0.01138	0.01499	0.01990	0.04154	0.62580	0.04913	0.02331	0.00981	0.00315	0.00481	0.11954	0.00703	0.00629
62	0.02716	0.03370	0.02096	0.01903	0.02299	0.61847	0.01433	0.03153	0.10191	0.02019	0.01409	0.01548	0.01142	0.00812	0.00695	0.00203	0.01273	0.00534	0.00438	0.00919
63	0.01521	0.03923	0.69413	0.02162	0.03283	0.01762	0.02802	0.02402	0.01601	0.02402	0.01361	0.01601	0.00961	0.00721	0.00721	0.00240	0.01121	0.00560	0.00320	0.01121
64	0.78701	0.01467	0.01115	0.00997	0.01467	0.01702	0.00821	0.02230	0.01291	0.03403	0.01056	0.01232	0.00821	0.00704	0.00469	0.00235	0.00587	0.00411	0.00469	0.00821
65	0.01306	0.00893	0.01013	0.01004	0.01037	0.00876	0.00600	0.01277	0.01243	0.01691	0.02516	0.04941	0.02809	0.64867	0.09978	0.00799	0.00916	0.01121	0.00520	0.00591
66	0.01135	0.00813	0.01028	0.01190	0.01253	0.00741	0.00792	0.01208	0.01570	0.02114	0.04282	0.70803	0.05075	0.02453	0.01041	0.00341	0.00511	0.02167	0.00761	0.00722
67	0.01857	0.01967	0.04023	0.02973	0.03638	0.01825	0.55055	0.02352	0.01852	0.02525	0.02078	0.11834	0.01855	0.01006	0.00980	0.00297	0.01210	0.01117	0.00494	0.01061
68	0.01849	0.01476	0.01707	0.01265	0.01934	0.01128	0.00990	0.02119	0.01715	0.05780	0.01619	0.01891	0.01343	0.00715	0.00657	0.00157	0.00633	0.00531	0.00538	0.71951
69	0.03452	0.01442	0.01877	0.01484	0.02064	0.01265	0.01194	0.03781	0.05787	0.63562	0.03137	0.02833	0.02061	0.01067	0.00843	0.00271	0.00707	0.00824	0.00979	0.01370
70	0.65374	0.09399	0.01605	0.01192	0.01691	0.01955	0.00979	0.04676	0.01524	0.03410	0.01287	0.01533	0.01049	0.00837	0.00571	0.00262	0.00686	0.00488	0.00529	0.00954
71	0.02112	0.59024	0.15778	0.01579	0.02312	0.02826	0.01637	0.02407	0.01667	0.02079	0.01312	0.01568	0.01160	0.00795	0.00617	0.00214	0.00926	0.00501	0.00393	0.01094
72	0.01280	0.00962	0.01152	0.01239	0.01386	0.00921	0.00876	0.01632	0.09630	0.02374	0.08918	0.47597	0.10367	0.02174	0.01011	0.00328	0.00537	0.06029	0.00778	0.00807
73	0.03074	0.02160	0.02336	0.01823	0.02429	0.02317	0.01478	0.58920	0.03499	0.10232	0.02097	0.02147	0.01518	0.01037	0.00839	0.00264	0.00877	0.00748	0.00829	0.01374
74	0.01877	0.01802	0.03079	0.04656	0.68612	0.01802	0.02328	0.02328	0.01727	0.02478	0.01427	0.01877	0.01201	0.00676	0.00751	0.00225	0.00901	0.00676	0.00375	0.01201
75	0.04517	0.28427	0.31505	0.01714	0.02524	0.02223	0.01931	0.08373	0.04380	0.02465	0.01474	0.01838	0.01201	0.00787	0.00649	0.00217	0.00925	0.03391	0.00404	0.01058
76	0.56463	0.01415	0.01305	0.01101	0.01606	0.01528	0.00908	0.02663	0.01551	0.22816	0.01628	0.01631	0.01133	0.00773	0.00556	0.00235	0.00604	0.00515	0.00608	0.00960
77	0.03206	0.01247	0.01697	0.01316	0.01868	0.01081	0.01081	0.03504	0.02169	0.63532	0.08523	0.02843	0.02325	0.00991	0.00774	0.00235	0.00621	0.00814	0.00930	0.01242
78	0.04910	0.03589	0.60753	0.02053	0.03059	0.01738	0.02580	0.02330	0.01593	0.02449	0.04147	0.01759	0.01217	0.00780	0.00790	0.00244	0.03990	0.00592	0.00349	0.01079
79	0.36407	0.01668	0.01701	0.01535	0.06496	0.01833	0.01158	0.24379	0.02207	0.10412	0.01599	0.01682	0.01162	0.00804	0.00621	0.00229	0.00691	0.00571	0.03792	0.01052
80	0.56162	0.01516	0.01288	0.01121	0.01590	0.04782	0.00911	0.02546	0.04623	0.13627	0.04521	0.01728	0.01354	0.00799	0.00559	0.00234	0.00623	0.00535	0.00570	0.00911
81	0.02128	0.06555	0.36052	0.01758	0.02585	0.01598	0.01968	0.02893	0.07976	0.22522	0.05043	0.02176	0.01647	0.00849	0.00733	0.00236	0.00878	0.00678	0.00572	0.01153
82	0.01679	0.02747	0.30110	0.05542	0.08392	0.04200	0.26167	0.02353	0.01703	0.02385	0.03953	0.01954	0.01290	0.00743	0.00855	0.00247	0.03533	0.00731	0.00371	0.01045
83	0.02462	0.01821	0.01951	0.01584	0.02098	0.02026	0.01280	0.38462	0.24192	0.06475	0.02329	0.02258	0.01698	0.00948	0.00745	0.00234	0.00713	0.00745	0.06763	0.01215
84	0.02024	0.01247	0.01494	0.01278	0.01662	0.01268	0.01007	0.07945	0.20060	0.19721	0.28749	0.03809	0.04040	0.01203	0.00817	0.00242	0.00535	0.01023	0.00837	0.01038
85	0.01121	0.00734	0.00887	0.00922	0.00967	0.00710	0.00573	0.01197	0.01321	0.03886	0.07991	0.25189	0.03741	0.44364	0.02672	0.00554	0.00615	0.01427	0.00577	0.00552
86	0.01030	0.00739	0.00956	0.01093	0.01168	0.00710	0.00744	0.04576	0.01567	0.02090	0.04053	0.69004	0.04815	0.02297	0.00957	0.00304	0.00461	0.02077	0.00707	0.00653
87	0.02028	0.73799	0.03975	0.01298	0.01947	0.03001	0.01298	0.02271	0.01541	0.01785	0.01055	0.01217	0.00973	0.00649	0.00487	0.00162	0.00811	0.00406	0.00324	0.00973
88	0.01804	0.16261	0.12220	0.02702	0.03489	0.02110	0.45656	0.02395	0.01719	0.02301	0.01420	0.01831	0.01093	0.00651	0.00794	0.00236	0.01169	0.00759	0.00364	0.01025
89	0.01834	0.01572	0.01725	0.01449	0.01940	0.01672	0.01143	0.06257	0.42526	0.02991	0.02439	0.02371	0.01868	0.00900	0.00779	0.00217	0.03448	0.00723	0.00660	0.23488
90	0.01977	0.29846	0.16162	0.02360	0.18150	0.10195	0.01850	0.02520	0.06237	0.02175	0.01358	0.01579	0.01119	0.00711	0.00638	0.00203	0.00943	0.00541	0.00375	0.01061
91	0.03403	0.01291	0.01760	0.01350	0.01936	0.01115	0.01115	0.03697	0.02171	0.69137	0.02992	0.02582	0.01878	0.00939	0.00763	0.00235	0.00645	0.00763	0.00939	0.01291
92	0.00955	0.00673	0.00871	0.01017	0.01054	0.00636	0.00662	0.01064	0.01393	0.01857	0.03875	0.61253	0.04631	0.14498	0.01462	0.00381	0.00491	0.01976	0.00662	0.00589
93	0.01084	0.00813	0.01219	0.01219	0.01354	0.00948	0.00948	0.01354	0.01219	0.01761	0.02032	0.02980	0.01896	0.05689	0.70337	0.01219	0.02032	0.00813	0.00406	0.00677
94	0.01084	0.00813	0.01219	0.01219	0.01354	0.00948	0.00948	0.01354	0.01219	0.01761	0.02032	0.02980	0.01896	0.05689	0.70337	0.01219	0.02032	0.00813	0.00406	0.00677
95	0.01103	0.00735	0.00827	0.00827	0.00827	0.00735	0.00460	0.01103	0.01103	0.01471	0.02390	0.04964	0.02758	0.73343	0.03861	0.00735	0.00735	0.01103	0.00460	0.00460
96	0.03350	0.01303	0.01759	0.01356	0.01938	0.01142	0.01118	0.03708	0.04450	0.66826	0.02996	0.02590	0.01893	0.00942	0.00763	0.00235	0.00644	0.00766	0.00933	0.01288
97	0.02004	0.70531	0.07036	0.01338	0.02009	0.02943	0.01368	0.02277	0.01544	0.01813	0.01069	0.01235	0.00973	0.00652	0.00498	0.00166	0.00826	0.00413	0.00324	0.00980
98	0.02883	0.02125	0.02276	0.01745	0.02352	0.02352	0.01442	0.66082	0.03566	0.04780	0.01821	0.01821	0.01290	0.00911	0.00759	0.00228	0.00835	0.00683	0.00759	0.01290
99	0.78701	0.01467	0.01115	0.00997	0.01467	0.01702	0.00821	0.02230	0.01291	0.03403	0.01056	0.01232	0.00821	0.00704	0.00469	0.00235	0.00587	0.00411	0.00469	0.00821
100	0.01103	0.00735	0.00827	0.00827	0.00827	0.00735	0.00460	0.01103	0.01103	0.01471	0.02390	0.04964	0.02758	0.73343	0.03861	0.00735	0.00735	0.01103	0.00460	0.00460
101	0.01102	0.00738	0.00843	0.00843	0.00848	0.00744	0.00479	0.01113	0.01108	0.01482	0.02376	0.04885	0.02723	0.70643	0.06513	0.00755	0.00787	0.01091	0.00457	0.00468
102	0.01414	0.00707	0.00707	0.00707	0.00884	0.00707	0.00530	0.01767	0.01591	0.02828	0.02474	0.02828	0.01944	0.00884	0.00530	0.00177	0.00353	0.00707	0.77554	0.00707
103	0.01521	0.03923	0.69413	0.02162	0.03283	0.01762	0.02802	0.02402	0.01601	0.02402	0.01361	0.01601	0.00961	0.00721	0.00721	0.00240	0.01121	0.00560	0.00320	0.01121
104	0.78701	0.01467	0.01115	0.00997	0.01467	0.01702	0.00821	0.02230	0.01291	0.03403	0.01056	0.01232	0.00821	0.00704	0.00469	0.00235	0.00587	0.00411	0.00469	0.00821
105	0.01178	0.00964	0.01269	0.01259	0.01408	0.04702	0.00976	0.01445	0.01269	0.01766	0.01985	0.02893	0.01846	0.05423	0.66567	0.01164	0.01996	0.00795	0.00405	0.00688
106	0.02883	0.02125	0.02276	0.01745	0.02352	0.02352	0.01442	0.66082	0.03566	0.04780	0.01821	0.01821	0.01290	0.00911	0.00759	0.00228	0.00835	0.00683	0.00759	0.01290
107	0.02883	0.02125	0.02276	0.01745	0.02352	0.02352	0.01442	0.66082	0.03566	0.04780	0.01821	0.01821	0.01290	0.00911	0.00759	0.00228	0.00835	0.00683	0.00759	0.01290
108	0.02028	0.73799	0.03975	0.01298	0.01947	0.03001	0.01298	0.02271	0.01541	0.01785	0.01055	0.01217	0.00973	0.00649	0.00487	0.00162	0.00811	0.00406	0.00324	0.00973
109	0.01544	0.07003	0.66529	0.02124	0.03224	0.01816	0.02736	0.02396	0.01599	0.02375	0.01348	0.01584	0.00961	0.00717	0.00710	0.00237	0.01107	0.00554	0.00320	0.01114
110	0.02028	0.73799	0.03975	0.01298	0.01947	0.03001	0.01298	0.02271	0.01541	0.01785	0.01055	0.01217	0.00973	0.00649	0.00487	0.00162	0.00811	0.00406	0.00324	0.00973
111	0.04404	0.00973	0.01182	0.01063	0.01329	0.00950	0.00818	0.04895	0.07171	0.08436	0.49704	0.04913	0.08360	0.01413	0.00852	0.00240	0.00432	0.01223	0.00815	0.00828
112	0.00921	0.00703	0.00847	0.00951	0.01075	0.00629	0.00660	0.01085	0.01580	0.02026	0.08317	0.46985	0.27129	0.02180	0.00940	0.00287	0.00417	0.01927	0.00710	0.00629
113	0.01028	0.00739	0.00978	0.01024	0.01151	0.00689	0.00747	0.01299	0.01856	0.02570	0.39527	0.31250	0.06153	0.01901	0.00933	0.00273	0.00413	0.06018	0.00776	0.00677
114	0.01877	0.01802	0.03079	0.04656	0.68612	0.01802	0.02328	0.02328	0.01727	0.02478	0.01427	0.01877	0.01201	0.00676	0.00751	0.00225	0.00901	0.00676	0.00375	0.01201
115	0.01564	0.08419	0.62901	0.02141	0.03219	0.01848	0.04881	0.02395	0.01604	0.02363	0.01347	0.01592	0.00968	0.00713	0.00711	0.00236	0.01106	0.00562	0.00323	0.01108
116	0.01534	0.03835	0.66347	0.02211	0.03315	0.01769	0.05780	0.02403	0.01610	0.02403	0.01369	0.01622	0.00970	0.00717	0.00729	0.00241	0.01128	0.00576	0.00323	0.01116
117	0.01103	0.00735	0.00827	0.00827	0.00827	0.00735	0.00460	0.01103	0.01103	0.01471	0.02390	0.04964	0.02758	0.73343	0.03861	0.00735	0.00735	0.01103	0.00460	0.00460
118	0.01432	0.01348	0.02275	0.71520	0.05224	0.01685	0.02107	0.01938	0.01517	0.01938	0.01348	0.02022	0.01011	0.00758	0.00758	0.00253	0.01011	0.00674	0.00337	0.00843
119	0.78701	0.01467	0.01115	0.00997	0.01467	0.01702	0.00821	0.02230	0.01291	0.03403	0.01056	0.01232	0.00821	0.00704	0.00469	0.00235	0.00587	0.00411	0.00469	0.00821
120	0.02945	0.02895	0.02024	0.01772	0.02217	0.48451	0.01359	0.03255	0.05121	0.20131	0.01752	0.01763	0.01282	0.00835	0.00709	0.00209	0.01137	0.00580	0.00557	0.01005
121	0.00919	0.00769	0.00799	0.00792	0.01038	0.00650	0.00594	0.01132	0.01782	0.02174	0.15332	0.07093	0.60578	0.01874	0.00896	0.00254	0.00381	0.01572	0.00721	0.00650
122	0.00981	0.00777	0.00886	0.00873	0.01095	0.00681	0.00664	0.01244	0.01888	0.02436	0.30330	0.06751	0.41765	0.01791	0.00904	0.00255	0.00391	0.04865	0.00753	0.00672
123	0.01877	0.01802	0.03079	0.04656	0.68612	0.01802	0.02328	0.02328	0.01727	0.02478	0.01427	0.01877	0.01201	0.00676	0.00751	0.00225	0.00901	0.00676	0.00375	0.01201
124	0.01790	0.02046	0.04476	0.03197	0.03964	0.01918	0.65857	0.02430	0.01790	0.02430	0.01535	0.02046	0.01151	0.00639	0.00895	0.00256	0.01279	0.00895	0.00384	0.01023
125	0.78701	0.01467	0.01115	0.00997	0.01467	0.01702	0.00821	0.02230	0.01291	0.03403	0.01056	0.01232	0.00821	0.00704	0.00469	0.00235	0.00587	0.00411	0.00469	0.00821
126	0.01414	0.00707	0.00707	0.00707	0.00884	0.00707	0.00530	0.01767	0.01591	0.02828	0.02474	0.02828	0.01944	0.00884	0.00530	0.00177	0.00353	0.00707	0.77554	0.00707
127	0.00924	0.00660	0.00880	0.01056	0.01100	0.00616	0.00704	0.01056	0.01452	0.01936	0.04181	0.72848	0.05017	0.02376	0.00968	0.00308	0.00440	0.02156	0.00704	0.00616
128	0.00951	0.00680	0.00907	0.01064	0.01125	0.00636	0.00729	0.01112	0.01524	0.02045	0.09557	0.64191	0.05166	0.02294	0.00966	0.00304	0.00445	0.04960	0.00715	0.00628
129	0.01877	0.01802	0.03079	0.04656	0.68612	0.01802	0.02328	0.02328	0.01727	0.02478	0.01427	0.01877	0.01201	0.00676	0.00751	0.00225	0.00901	0.00676	0.00375	0.01201
130	0.01790	0.02046	0.04476	0.03197	0.03964	0.01918	0.65857	0.02430	0.01790	0.02430	0.01535	0.02046	0.01151	0.00639	0.00895	0.00256	0.01279	0.00895	0.00384	0.01023
131	0.78701	0.01467	0.01115	0.00997	0.01467	0.01702	0.00821	0.02230	0.01291	0.03403	0.01056	0.01232	0.00821	0.00704	0.00469	0.00235	0.00587	0.00411	0.00469	0.00821
132	0.01666	0.01678	0.02425	0.02049	0.02085	0.02304	0.04702	0.01854	0.01191	0.01854	0.01021	0.01678	0.01003	0.01295	0.02414	0.00328	0.68605	0.00675	0.00334	0.00839
133	0.01500	0.01418	0.02398	0.61308	0.14905	0.01703	0.02140	0.01998	0.01549	0.02020	0.01360	0.02000	0.01040	0.00746	0.00757	0.00249	0.00994	0.00674	0.00343	0.00897
