[name]
unknown

[dist]
# distance from previous block
# <min> <max>
0	24

[block]
# block no. 0 follows, 26 sequences, length 7
# corresponding to MSA columns:
# 24-30
name=unknown_A
#
# <colnr> <probs for GDERKNQSTAVLIFYWHMCP>
#	G	D	E	R	K	N	Q	S	T	A	V	L	I	F	Y	W	H	M	C	P
0	0.05668	0.29432	0.02622	0.01494	0.01956	0.15679	0.01291	0.08592	0.05510	0.02312	0.01944	0.02523	0.05264	0.00987	0.00773	0.00219	0.05307	0.07021	0.00472	0.00935
1	0.04243	0.10912	0.47896	0.05793	0.07633	0.01832	0.02382	0.02297	0.01620	0.02387	0.05136	0.01821	0.01330	0.00759	0.00701	0.00231	0.01004	0.00599	0.00360	0.01063
2	0.11019	0.39498	0.12788	0.01768	0.08931	0.05793	0.01562	0.02424	0.01612	0.06641	0.01273	0.01441	0.01038	0.00695	0.00574	0.00195	0.00856	0.00484	0.00390	0.01017
3	0.01738	0.06505	0.06006	0.01430	0.01870	0.08440	0.03273	0.11522	0.05694	0.02773	0.15974	0.13458	0.03107	0.01197	0.00773	0.00224	0.00704	0.02430	0.00614	0.12267
4	0.06249	0.03519	0.08265	0.01174	0.01571	0.01110	0.01032	0.03911	0.05626	0.06384	0.38532	0.04158	0.07259	0.01245	0.00795	0.00228	0.00524	0.01057	0.00709	0.06652
5	0.01916	0.02102	0.12031	0.02976	0.18942	0.03816	0.24956	0.02428	0.01731	0.09178	0.01720	0.05685	0.01399	0.00841	0.00949	0.00251	0.06752	0.00820	0.00443	0.01065
6	0.12053	0.01524	0.01672	0.01553	0.05026	0.01670	0.01179	0.11985	0.29697	0.10333	0.02843	0.03043	0.05450	0.01061	0.00747	0.00250	0.00639	0.05180	0.03000	0.01095

[dist]
# distance from previous block
# <min> <max>
0	1

[block]
# block no. 1 follows, 26 sequences, length 34
# corresponding to MSA columns:
# 32-65
name=unknown_B
#
# <colnr> <probs for GDERKNQSTAVLIFYWHMCP>
#	G	D	E	R	K	N	Q	S	T	A	V	L	I	F	Y	W	H	M	C	P
0	0.21217	0.01497	0.01932	0.22546	0.17036	0.03976	0.01559	0.04972	0.01657	0.02679	0.03964	0.02196	0.01442	0.00822	0.00677	0.00236	0.00793	0.02884	0.07001	0.00914
1	0.06404	0.02067	0.02192	0.01699	0.02290	0.02297	0.01400	0.59783	0.06835	0.04630	0.01852	0.01847	0.01322	0.00907	0.00746	0.00230	0.00811	0.00679	0.00746	0.01263
2	0.01727	0.01748	0.05477	0.25048	0.46580	0.01765	0.02279	0.02211	0.01658	0.02309	0.01400	0.01911	0.01134	0.00703	0.00752	0.00234	0.00944	0.00671	0.00361	0.01088
3	0.01887	0.01629	0.01715	0.01544	0.01972	0.01887	0.01201	0.04031	0.67241	0.03173	0.03087	0.02830	0.02315	0.01029	0.00772	0.00257	0.00600	0.00858	0.00772	0.01201
4	0.00933	0.00667	0.00888	0.01050	0.01102	0.00622	0.00705	0.01079	0.01494	0.02003	0.08062	0.68775	0.05146	0.02326	0.00964	0.00304	0.00435	0.02109	0.00712	0.00622
5	0.00919	0.00713	0.00837	0.00924	0.01068	0.00631	0.00648	0.01088	0.01606	0.02036	0.08634	0.40767	0.33149	0.02137	0.00933	0.00282	0.00412	0.01875	0.00710	0.00631
6	0.01023	0.00773	0.00944	0.00902	0.01102	0.00694	0.00676	0.01334	0.02028	0.02760	0.51032	0.06130	0.24512	0.01656	0.00895	0.00244	0.00365	0.01437	0.00798	0.00694
7	0.01432	0.01348	0.02275	0.71520	0.05224	0.01685	0.02107	0.01938	0.01517	0.01938	0.01348	0.02022	0.01011	0.00758	0.00758	0.00253	0.01011	0.00674	0.00337	0.00843
8	0.01659	0.01659	0.02323	0.01991	0.01991	0.02323	0.01659	0.01825	0.01162	0.01825	0.00996	0.01659	0.00996	0.01328	0.02489	0.00332	0.71955	0.00664	0.00332	0.00830
9	0.00924	0.00660	0.00880	0.01056	0.01100	0.00616	0.00704	0.01056	0.01452	0.01936	0.04181	0.72848	0.05017	0.02376	0.00968	0.00308	0.00440	0.02156	0.00704	0.00616
10	0.01573	0.01348	0.01573	0.01123	0.01798	0.01011	0.00899	0.01910	0.01573	0.02472	0.01348	0.01573	0.01123	0.00562	0.00562	0.00112	0.00562	0.00449	0.00449	0.77980
11	0.02944	0.05970	0.05595	0.06157	0.02294	0.01504	0.01329	0.13739	0.02272	0.44200	0.02431	0.02251	0.01595	0.00881	0.00736	0.00227	0.00734	0.00701	0.00783	0.03657
12	0.01697	0.28157	0.46718	0.01862	0.02820	0.02192	0.02281	0.02357	0.01581	0.02188	0.01255	0.01468	0.00965	0.00696	0.00640	0.00213	0.01014	0.00507	0.00322	0.01070
13	0.00924	0.00660	0.00880	0.01056	0.01100	0.00616	0.00704	0.01056	0.01452	0.01936	0.04181	0.72848	0.05017	0.02376	0.00968	0.00308	0.00440	0.02156	0.00704	0.00616
14	0.02549	0.02227	0.06241	0.01737	0.02315	0.07432	0.01467	0.41953	0.19112	0.04011	0.02057	0.02023	0.01500	0.00918	0.00754	0.00233	0.00835	0.00704	0.00707	0.01226
15	0.01646	0.01845	0.07066	0.34447	0.06680	0.04138	0.23388	0.02268	0.04341	0.02215	0.01479	0.01995	0.01118	0.00719	0.00793	0.00246	0.01084	0.00735	0.00376	0.03421
16	0.05334	0.49802	0.19616	0.01530	0.02251	0.02607	0.01660	0.02278	0.01524	0.02009	0.01126	0.01334	0.00965	0.00705	0.00648	0.00193	0.04635	0.00457	0.00330	0.00995
17	0.01521	0.03923	0.69413	0.02162	0.03283	0.01762	0.02802	0.02402	0.01601	0.02402	0.01361	0.01601	0.00961	0.00721	0.00721	0.00240	0.01121	0.00560	0.00320	0.01121
18	0.01877	0.01802	0.03079	0.04656	0.68612	0.01802	0.02328	0.02328	0.01727	0.02478	0.01427	0.01877	0.01201	0.00676	0.00751	0.00225	0.00901	0.00676	0.00375	0.01201
19	0.01482	0.03484	0.58849	0.02068	0.03066	0.01649	0.05232	0.02292	0.01672	0.02476	0.09008	0.02085	0.01677	0.00812	0.00748	0.00241	0.01040	0.00667	0.00382	0.01071
20	0.01997	0.69519	0.07984	0.01351	0.02029	0.02925	0.01390	0.02279	0.01545	0.01822	0.01073	0.01240	0.00973	0.00653	0.00501	0.00167	0.00830	0.00415	0.00324	0.00982
21	0.00924	0.00660	0.00880	0.01056	0.01100	0.00616	0.00704	0.01056	0.01452	0.01936	0.04181	0.72848	0.05017	0.02376	0.00968	0.00308	0.00440	0.02156	0.00704	0.00616
22	0.00924	0.00660	0.00880	0.01056	0.01100	0.00616	0.00704	0.01056	0.01452	0.01936	0.04181	0.72848	0.05017	0.02376	0.00968	0.00308	0.00440	0.02156	0.00704	0.00616
23	0.01825	0.01732	0.02900	0.06794	0.60514	0.01752	0.02201	0.02343	0.04425	0.02512	0.04518	0.02093	0.01510	0.00733	0.00759	0.00228	0.00868	0.00715	0.00411	0.01166
24	0.01084	0.00813	0.01219	0.01219	0.01354	0.00948	0.00948	0.01354	0.01219	0.01761	0.02032	0.02980	0.01896	0.05689	0.70337	0.01219	0.02032	0.00813	0.00406	0.00677
25	0.01103	0.00735	0.00827	0.00827	0.00827	0.00735	0.00460	0.01103	0.01103	0.01471	0.02390	0.04964	0.02758	0.73343	0.03861	0.00735	0.00735	0.01103	0.00460	0.00460
26	0.78701	0.01467	0.01115	0.00997	0.01467	0.01702	0.00821	0.02230	0.01291	0.03403	0.01056	0.01232	0.00821	0.00704	0.00469	0.00235	0.00587	0.00411	0.00469	0.00821
27	0.03403	0.01291	0.01760	0.01350	0.01936	0.01115	0.01115	0.03697	0.02171	0.69137	0.02992	0.02582	0.01878	0.00939	0.00763	0.00235	0.00645	0.00763	0.00939	0.01291
28	0.01714	0.04890	0.34127	0.01794	0.02546	0.01691	0.03933	0.14479	0.05510	0.02913	0.09620	0.06723	0.04743	0.01012	0.00771	0.00241	0.00876	0.00837	0.00528	0.01054
29	0.08442	0.01871	0.02009	0.01575	0.02118	0.02045	0.01281	0.47750	0.05946	0.10574	0.01975	0.02125	0.01465	0.06181	0.00964	0.00267	0.00780	0.00709	0.00733	0.01190
30	0.01064	0.00775	0.01001	0.00944	0.01127	0.00712	0.00708	0.01413	0.02125	0.02989	0.65014	0.05752	0.10387	0.01570	0.00895	0.00239	0.00359	0.01384	0.00828	0.00712
31	0.01432	0.01348	0.02275	0.71520	0.05224	0.01685	0.02107	0.01938	0.01517	0.01938	0.01348	0.02022	0.01011	0.00758	0.00758	0.00253	0.01011	0.00674	0.00337	0.00843
32	0.01174	0.00793	0.01041	0.00979	0.01169	0.00728	0.00734	0.01515	0.02106	0.06090	0.61214	0.09636	0.06777	0.01572	0.00893	0.00243	0.00376	0.01391	0.00832	0.00737
33	0.01100	0.00776	0.00942	0.00974	0.00994	0.00802	0.00623	0.01159	0.01222	0.01641	0.02810	0.19994	0.03260	0.49538	0.02979	0.00596	0.04444	0.05095	0.00521	0.00528

[dist]
# distance from previous block
# <min> <max>
0	2

[block]
# block no. 2 follows, 26 sequences, length 59
# corresponding to MSA columns:
# 68-126
name=unknown_C
#
# <colnr> <probs for GDERKNQSTAVLIFYWHMCP>
#	G	D	E	R	K	N	Q	S	T	A	V	L	I	F	Y	W	H	M	C	P
0	0.01691	0.01532	0.02362	0.20322	0.30228	0.01693	0.01848	0.02392	0.13894	0.02329	0.01731	0.02230	0.01422	0.03699	0.01098	0.05520	0.03839	0.00724	0.00439	0.01008
1	0.78701	0.01467	0.01115	0.00997	0.01467	0.01702	0.00821	0.02230	0.01291	0.03403	0.01056	0.01232	0.00821	0.00704	0.00469	0.00235	0.00587	0.00411	0.00469	0.00821
2	0.01522	0.01271	0.01885	0.37708	0.03466	0.01419	0.01545	0.04198	0.01654	0.04875	0.08775	0.05443	0.01982	0.04270	0.00982	0.00256	0.04417	0.00799	0.00468	0.13064
3	0.00991	0.00706	0.00947	0.01116	0.01185	0.00672	0.00799	0.01161	0.01499	0.01986	0.04083	0.57467	0.04804	0.04894	0.01089	0.00332	0.00503	0.14445	0.00694	0.00627
4	0.01850	0.01774	0.03029	0.08822	0.64662	0.01795	0.02314	0.02304	0.01714	0.02444	0.01422	0.01886	0.01190	0.00681	0.00751	0.00227	0.00908	0.00676	0.00373	0.01179
5	0.01718	0.01756	0.02315	0.01990	0.02009	0.05693	0.01650	0.01885	0.01211	0.01827	0.01004	0.01645	0.00995	0.01301	0.02400	0.00325	0.68455	0.00655	0.00335	0.00832
6	0.02465	0.01449	0.01752	0.01568	0.04354	0.01503	0.01208	0.03675	0.34022	0.30115	0.03047	0.03059	0.02226	0.01047	0.00785	0.00253	0.00636	0.04810	0.00821	0.01206
7	0.03377	0.01333	0.01786	0.01370	0.01957	0.01178	0.01131	0.06866	0.02242	0.65867	0.02933	0.02543	0.01848	0.00937	0.00763	0.00234	0.00655	0.00759	0.00930	0.01291
8	0.01090	0.00730	0.00831	0.00844	0.00847	0.00727	0.00477	0.01100	0.01128	0.01505	0.02520	0.09893	0.02922	0.68190	0.03651	0.00704	0.00714	0.01180	0.00477	0.00471
9	0.03403	0.01291	0.01760	0.01350	0.01936	0.01115	0.01115	0.03697	0.02171	0.69137	0.02992	0.02582	0.01878	0.00939	0.00763	0.00235	0.00645	0.00763	0.00939	0.01291
10	0.02176	0.01789	0.01976	0.01660	0.02153	0.02025	0.03517	0.22207	0.46260	0.03619	0.02661	0.02506	0.01974	0.00981	0.00772	0.00249	0.00693	0.00808	0.00754	0.01221
11	0.01103	0.00735	0.00827	0.00827	0.00827	0.00735	0.00460	0.01103	0.01103	0.01471	0.02390	0.04964	0.02758	0.73343	0.03861	0.00735	0.00735	0.01103	0.00460	0.00460
12	0.04584	0.04844	0.02309	0.24019	0.15851	0.01755	0.01691	0.14971	0.02050	0.11688	0.01697	0.01977	0.01252	0.00786	0.00718	0.00226	0.00838	0.00658	0.03468	0.04619
13	0.02685	0.02026	0.02165	0.01705	0.02277	0.02260	0.01394	0.53762	0.16209	0.04461	0.02072	0.02021	0.01494	0.00934	0.00761	0.00234	0.00788	0.00718	0.00761	0.01272
14	0.01544	0.07001	0.66531	0.02124	0.03224	0.01816	0.02736	0.02396	0.01599	0.02375	0.01348	0.01584	0.00961	0.00717	0.00710	0.00237	0.01107	0.00554	0.00320	0.01114
15	0.01930	0.02054	0.05851	0.05401	0.34645	0.11285	0.01867	0.02761	0.17442	0.02515	0.02099	0.02299	0.04811	0.00843	0.00753	0.00232	0.00883	0.00734	0.00485	0.01112
16	0.02609	0.01762	0.01976	0.01593	0.02104	0.01896	0.01311	0.43560	0.05702	0.12884	0.02342	0.02988	0.01880	0.04663	0.00951	0.00271	0.00777	0.08801	0.00761	0.01169
17	0.03371	0.01342	0.01792	0.01374	0.01962	0.01191	0.01135	0.07539	0.02257	0.65173	0.02920	0.02535	0.01841	0.00937	0.00763	0.00234	0.00657	0.00758	0.00928	0.01291
18	0.03104	0.01654	0.04522	0.01525	0.02113	0.01557	0.01299	0.22035	0.02520	0.44704	0.02499	0.02280	0.01632	0.00938	0.00833	0.00237	0.03720	0.00727	0.00836	0.01265
19	0.01914	0.01868	0.02890	0.12974	0.54059	0.06055	0.02215	0.04535	0.01790	0.02450	0.01415	0.01862	0.01166	0.00701	0.00748	0.00227	0.00942	0.00664	0.00385	0.01138
20	0.03403	0.01291	0.01760	0.01350	0.01936	0.01115	0.01115	0.03697	0.02171	0.69137	0.02992	0.02582	0.01878	0.00939	0.00763	0.00235	0.00645	0.00763	0.00939	0.01291
21	0.00924	0.00660	0.00880	0.01056	0.01100	0.00616	0.00704	0.01056	0.01452	0.01936	0.04181	0.72848	0.05017	0.02376	0.00968	0.00308	0.00440	0.02156	0.00704	0.00616
22	0.09272	0.01992	0.02241	0.05135	0.10485	0.08689	0.04303	0.27423	0.09307	0.10848	0.01870	0.01940	0.01361	0.00848	0.00733	0.00231	0.00855	0.00675	0.00636	0.01157
23	0.01432	0.01348	0.02275	0.71520	0.05224	0.01685	0.02107	0.01938	0.01517	0.01938	0.01348	0.02022	0.01011	0.00758	0.00758	0.00253	0.01011	0.00674	0.00337	0.00843
24	0.00923	0.00664	0.00876	0.01046	0.01098	0.00617	0.00700	0.01057	0.01462	0.01940	0.04302	0.70582	0.07204	0.02361	0.00966	0.00306	0.00438	0.02137	0.00704	0.00617
25	0.01659	0.01659	0.02323	0.01991	0.01991	0.02323	0.01659	0.01825	0.01162	0.01825	0.00996	0.01659	0.00996	0.01328	0.02489	0.00332	0.71955	0.00664	0.00332	0.00830
26	0.01790	0.02046	0.04476	0.03197	0.03964	0.01918	0.65857	0.02430	0.01790	0.02430	0.01535	0.02046	0.01151	0.00639	0.00895	0.00256	0.01279	0.00895	0.00384	0.01023
27	0.00924	0.00660	0.00880	0.01056	0.01100	0.00616	0.00704	0.01056	0.01452	0.01936	0.04181	0.72848	0.05017	0.02376	0.00968	0.00308	0.00440	0.02156	0.00704	0.00616
28	0.01602	0.02780	0.35243	0.16447	0.13504	0.01779	0.13275	0.02304	0.01635	0.02326	0.01398	0.01801	0.01039	0.00708	0.00762	0.00243	0.01093	0.00657	0.00343	0.01061
29	0.00940	0.00765	0.00832	0.00827	0.01054	0.00657	0.00616	0.01168	0.01813	0.02277	0.21766	0.10245	0.50682	0.01857	0.00900	0.00255	0.00381	0.01575	0.00735	0.00657
30	0.00924	0.00660	0.00880	0.01056	0.01100	0.00616	0.00704	0.01056	0.01452	0.01936	0.04181	0.72848	0.05017	0.02376	0.00968	0.00308	0.00440	0.02156	0.00704	0.00616
31	0.33695	0.25064	0.02306	0.01353	0.01858	0.20752	0.01148	0.02460	0.01604	0.02468	0.01087	0.01264	0.00912	0.00708	0.00533	0.00201	0.00870	0.00430	0.00402	0.00886
32	0.01650	0.01669	0.02776	0.11722	0.02870	0.02061	0.17577	0.01988	0.01386	0.02037	0.01246	0.01859	0.01080	0.01059	0.01768	0.00295	0.41454	0.00725	0.03907	0.00874
33	0.01863	0.01629	0.01853	0.05349	0.07488	0.01870	0.01337	0.03788	0.58642	0.03054	0.02866	0.02712	0.02160	0.00987	0.00769	0.00254	0.00645	0.00834	0.00718	0.01182
34	0.00924	0.00660	0.00880	0.01056	0.01100	0.00616	0.00704	0.01056	0.01452	0.01936	0.04181	0.72848	0.05017	0.02376	0.00968	0.00308	0.00440	0.02156	0.00704	0.00616
35	0.01050	0.00774	0.00981	0.00929	0.01119	0.00706	0.00697	0.01386	0.02091	0.02909	0.60117	0.05884	0.15334	0.01600	0.00895	0.00241	0.00361	0.01402	0.00818	0.00706
36	0.01435	0.00855	0.01130	0.01016	0.01258	0.00778	0.00778	0.01783	0.02151	0.13294	0.58095	0.05187	0.06338	0.01456	0.00874	0.00238	0.00402	0.01277	0.00851	0.00805
37	0.01533	0.03845	0.66692	0.02205	0.03311	0.01768	0.05445	0.02403	0.01609	0.02403	0.01368	0.01620	0.00969	0.00717	0.00728	0.00241	0.01128	0.00575	0.00323	0.01117
38	0.01102	0.00739	0.00845	0.00845	0.00851	0.00745	0.00481	0.01114	0.01108	0.01484	0.02374	0.04876	0.02720	0.70356	0.06796	0.00757	0.00793	0.01090	0.00457	0.00469
39	0.03403	0.01291	0.01760	0.01350	0.01936	0.01115	0.01115	0.03697	0.02171	0.69137	0.02992	0.02582	0.01878	0.00939	0.00763	0.00235	0.00645	0.00763	0.00939	0.01291
40	0.01839	0.01879	0.05878	0.07533	0.60910	0.01799	0.04383	0.02317	0.01714	0.02449	0.01424	0.01878	0.01181	0.00680	0.00755	0.00228	0.00927	0.00678	0.00372	0.01176
41	0.36640	0.26856	0.06521	0.01300	0.01853	0.05614	0.01208	0.05088	0.01534	0.02690	0.01111	0.01302	0.00919	0.00728	0.00608	0.00212	0.04040	0.00446	0.00412	0.00917
42	0.01768	0.02144	0.08378	0.03079	0.03833	0.01927	0.59064	0.02401	0.01750	0.02401	0.01499	0.02001	0.01132	0.00676	0.00957	0.00258	0.04471	0.00864	0.00377	0.01020
43	0.05510	0.62943	0.10885	0.01377	0.02068	0.02808	0.01438	0.02283	0.01536	0.01926	0.01088	0.01259	0.00965	0.00659	0.00511	0.00174	0.00834	0.00422	0.00331	0.00982
44	0.02404	0.07081	0.02253	0.01793	0.02127	0.26695	0.01444	0.14835	0.02073	0.05279	0.01382	0.01655	0.01130	0.00967	0.01202	0.00240	0.21502	0.00594	0.04385	0.00959
45	0.01110	0.00782	0.00962	0.00923	0.01113	0.00708	0.00679	0.01386	0.01927	0.05054	0.42604	0.10483	0.20659	0.06905	0.01111	0.00283	0.00408	0.01437	0.00772	0.00694
46	0.01965	0.01600	0.01633	0.01449	0.01860	0.05853	0.01129	0.05771	0.44560	0.08711	0.09345	0.03265	0.07297	0.01114	0.00786	0.00249	0.00622	0.00921	0.00763	0.01107
47	0.01133	0.00830	0.01044	0.00982	0.01178	0.00779	0.00737	0.04362	0.02135	0.02972	0.56235	0.09761	0.11775	0.01602	0.00893	0.00244	0.00387	0.01407	0.00813	0.00730
48	0.00957	0.00695	0.00915	0.01060	0.01135	0.00636	0.00714	0.01099	0.01458	0.01963	0.04037	0.69244	0.04820	0.02285	0.00948	0.00298	0.00446	0.02070	0.00691	0.04528
49	0.02022	0.02020	0.02942	0.04090	0.54348	0.09513	0.04153	0.04987	0.03994	0.02521	0.01472	0.01854	0.01215	0.00707	0.00749	0.00224	0.00953	0.00668	0.00406	0.01163
50	0.02162	0.56815	0.03701	0.01502	0.02142	0.05668	0.05301	0.10881	0.01854	0.02230	0.01192	0.01355	0.01027	0.00689	0.00557	0.00178	0.00866	0.00476	0.00389	0.01015
51	0.01659	0.01452	0.01878	0.01348	0.02027	0.01163	0.06966	0.05203	0.01694	0.02584	0.01389	0.01629	0.01134	0.00587	0.00603	0.00132	0.00642	0.00503	0.00459	0.66947
52	0.01809	0.01397	0.01687	0.01327	0.04784	0.01114	0.01005	0.04916	0.01721	0.08581	0.01521	0.01688	0.01202	0.00616	0.00597	0.00133	0.00596	0.00498	0.00504	0.64302
53	0.01074	0.00775	0.01014	0.00954	0.01133	0.00716	0.00716	0.01431	0.02147	0.03042	0.68211	0.05666	0.07157	0.01551	0.00895	0.00239	0.00358	0.01372	0.00835	0.00716
54	0.02652	0.02003	0.02148	0.01680	0.02261	0.02207	0.01374	0.52548	0.14024	0.04397	0.02007	0.01976	0.01452	0.00913	0.00751	0.00227	0.00782	0.00700	0.00745	0.05153
55	0.01957	0.56513	0.09536	0.01631	0.07149	0.02677	0.01490	0.04339	0.01654	0.02046	0.04093	0.01517	0.01272	0.00706	0.00555	0.00179	0.00826	0.00492	0.00365	0.01003
56	0.16310	0.01788	0.01990	0.15035	0.02680	0.02020	0.01414	0.38846	0.02665	0.03845	0.01881	0.02024	0.04473	0.00894	0.00713	0.00235	0.00801	0.00677	0.00622	0.01086
57	0.26075	0.01476	0.01594	0.05003	0.04494	0.04178	0.01138	0.08399	0.04130	0.12760	0.02002	0.11486	0.01778	0.04269	0.01000	0.00275	0.07609	0.00823	0.00583	0.00926
58	0.05009	0.09529	0.04065	0.02314	0.22110	0.01606	0.01471	0.02606	0.11662	0.13674	0.12396	0.05836	0.02534	0.00985	0.00747	0.00231	0.00692	0.00849	0.00612	0.01071

[dist]
# distance from previous block
# <min> <max>
10	48

[block]
# block no. 3 follows, 26 sequences, length 83
# corresponding to MSA columns:
# 175-257
name=unknown_D
#
# <colnr> <probs for GDERKNQSTAVLIFYWHMCP>
#	G	D	E	R	K	N	Q	S	T	A	V	L	I	F	Y	W	H	M	C	P
0	0.01842	0.02068	0.05441	0.02808	0.06286	0.06787	0.44429	0.05368	0.01840	0.02448	0.01669	0.06820	0.01402	0.00807	0.00911	0.00249	0.03634	0.00899	0.00423	0.03869
1	0.01577	0.01409	0.02048	0.04336	0.02236	0.01245	0.12610	0.04804	0.05334	0.02568	0.06650	0.09487	0.02041	0.00886	0.00716	0.00186	0.00695	0.00816	0.00519	0.39837
2	0.02707	0.02856	0.02203	0.02056	0.07789	0.39671	0.01488	0.23176	0.02545	0.02891	0.01460	0.01621	0.01139	0.00819	0.00707	0.00207	0.01113	0.00576	0.03947	0.01030
3	0.01242	0.00919	0.01059	0.00965	0.01257	0.00832	0.00738	0.01684	0.07685	0.06364	0.29154	0.05611	0.30985	0.01549	0.00853	0.00238	0.00421	0.01318	0.00754	0.06372
4	0.01630	0.01346	0.01631	0.06245	0.02052	0.01064	0.00994	0.01978	0.01591	0.04880	0.01409	0.01643	0.01143	0.00590	0.00583	0.00127	0.00597	0.00477	0.00459	0.69562
5	0.00929	0.00672	0.00879	0.01033	0.01097	0.00622	0.00696	0.01075	0.01500	0.01992	0.07205	0.65731	0.09145	0.02311	0.00960	0.00302	0.00433	0.02087	0.00710	0.00622
6	0.00965	0.00763	0.00813	0.00838	0.01063	0.00662	0.00634	0.01180	0.01710	0.02143	0.08609	0.12343	0.51906	0.01884	0.00886	0.00261	0.00408	0.05994	0.06290	0.00650
7	0.01748	0.16094	0.52922	0.01950	0.02949	0.01934	0.02414	0.02473	0.01632	0.07140	0.01425	0.01605	0.01030	0.00724	0.00682	0.00226	0.01032	0.00548	0.00366	0.01107
8	0.01959	0.05046	0.01891	0.01606	0.02000	0.09681	0.01269	0.03588	0.49735	0.02831	0.02662	0.02718	0.02083	0.01045	0.00884	0.00255	0.05883	0.03081	0.00674	0.01109
9	0.57096	0.01734	0.04438	0.01229	0.01760	0.01860	0.01058	0.17536	0.01850	0.03688	0.01253	0.01390	0.00940	0.00754	0.00550	0.00233	0.00670	0.00483	0.00532	0.00947
10	0.01224	0.00893	0.01036	0.00967	0.01226	0.00833	0.00736	0.01703	0.08889	0.06429	0.34135	0.05823	0.30046	0.01604	0.00875	0.00247	0.00410	0.01371	0.00784	0.00771
11	0.03202	0.01306	0.01727	0.01338	0.01883	0.01169	0.01089	0.07640	0.02186	0.59960	0.02871	0.02704	0.01903	0.06196	0.00988	0.00271	0.00664	0.00782	0.00892	0.01230
12	0.01539	0.01304	0.01519	0.01102	0.01727	0.00991	0.00867	0.01851	0.01539	0.02399	0.01424	0.01819	0.01242	0.05848	0.00801	0.00158	0.00574	0.00497	0.00450	0.72350
13	0.05436	0.04877	0.02390	0.02046	0.09292	0.12837	0.04331	0.35007	0.02717	0.05897	0.01614	0.01730	0.01204	0.00812	0.00717	0.00213	0.00909	0.00626	0.00601	0.06745
14	0.00992	0.00715	0.01001	0.01111	0.01191	0.00671	0.03118	0.01159	0.01475	0.02019	0.03958	0.65125	0.04650	0.02203	0.00934	0.00297	0.00465	0.02004	0.06274	0.00638
15	0.73089	0.01458	0.01199	0.06120	0.01740	0.01700	0.00915	0.02208	0.01307	0.03297	0.01077	0.01290	0.00835	0.00708	0.00490	0.00236	0.00618	0.00430	0.00460	0.00823
16	0.01228	0.00880	0.01102	0.01259	0.01337	0.00801	0.00857	0.01295	0.01630	0.02198	0.04306	0.65836	0.05052	0.02461	0.01072	0.00355	0.00553	0.06235	0.00781	0.00764
17	0.01890	0.01852	0.02985	0.08939	0.61540	0.04791	0.02276	0.02333	0.01732	0.02415	0.01410	0.01865	0.01179	0.00686	0.00748	0.00226	0.00929	0.00668	0.00374	0.01164
18	0.01143	0.03935	0.00983	0.00866	0.00901	0.00845	0.00519	0.01166	0.01128	0.01498	0.02315	0.04706	0.02639	0.66975	0.06846	0.00733	0.00800	0.01059	0.00451	0.00492
19	0.01719	0.01985	0.06189	0.02841	0.03508	0.01869	0.51145	0.02282	0.01702	0.02345	0.01730	0.02199	0.04063	0.00773	0.01058	0.00259	0.09220	0.00872	0.00392	0.03850
20	0.02403	0.01669	0.01872	0.01552	0.02033	0.01806	0.01263	0.33145	0.16547	0.11835	0.06302	0.05440	0.02340	0.01141	0.00805	0.00250	0.00708	0.06951	0.00780	0.01158
21	0.02835	0.03560	0.02154	0.01946	0.02345	0.67771	0.01465	0.05374	0.02202	0.01965	0.01197	0.01385	0.00989	0.00786	0.00687	0.00197	0.01348	0.00496	0.00405	0.00895
22	0.01638	0.01387	0.01608	0.01155	0.01825	0.01078	0.00926	0.05113	0.01672	0.02587	0.01372	0.01585	0.01132	0.00579	0.00572	0.00118	0.00575	0.00461	0.00465	0.74152
23	0.02122	0.01713	0.01812	0.01556	0.02019	0.01951	0.01231	0.19971	0.47642	0.03572	0.02731	0.02569	0.02032	0.00991	0.00757	0.00246	0.00649	0.00805	0.04430	0.01200
24	0.00924	0.00660	0.00880	0.01056	0.01100	0.00616	0.00704	0.01056	0.01452	0.01936	0.04181	0.72848	0.05017	0.02376	0.00968	0.00308	0.00440	0.02156	0.00704	0.00616
25	0.01856	0.01781	0.03041	0.07807	0.65624	0.01797	0.02317	0.02309	0.01717	0.02453	0.01423	0.01884	0.01193	0.00680	0.00751	0.00227	0.00906	0.00676	0.00374	0.01185
26	0.01084	0.00813	0.01219	0.01219	0.01354	0.00948	0.00948	0.01354	0.01219	0.01761	0.02032	0.02980	0.01896	0.05689	0.70337	0.01219	0.02032	0.00813	0.00406	0.00677
27	0.00930	0.00663	0.00878	0.01048	0.01091	0.00620	0.00696	0.01058	0.01440	0.01920	0.04119	0.70498	0.04939	0.04833	0.01068	0.00323	0.00450	0.02120	0.00696	0.00611
28	0.01084	0.00813	0.01219	0.01219	0.01354	0.00948	0.00948	0.01354	0.01219	0.01761	0.02032	0.02980	0.01896	0.05689	0.70337	0.01219	0.02032	0.00813	0.00406	0.00677
29	0.01573	0.01348	0.01573	0.01123	0.01798	0.01011	0.00899	0.01910	0.01573	0.02472	0.01348	0.01573	0.01123	0.00562	0.00562	0.00112	0.00562	0.00449	0.00449	0.77980
30	0.01622	0.01377	0.01599	0.01147	0.01818	0.01061	0.00919	0.04300	0.01647	0.02558	0.01366	0.01582	0.01130	0.00575	0.00569	0.00117	0.00572	0.00458	0.00461	0.75123
31	0.01551	0.01325	0.01549	0.01121	0.01774	0.00998	0.00892	0.01881	0.01569	0.02453	0.01446	0.04022	0.01257	0.00624	0.00576	0.00119	0.00558	0.00508	0.00458	0.75321
32	0.02836	0.02101	0.02250	0.01736	0.02334	0.02330	0.01430	0.63123	0.06603	0.04704	0.01881	0.01869	0.01339	0.00916	0.00759	0.00229	0.00823	0.00691	0.00759	0.01286
33	0.07082	0.02837	0.02117	0.01810	0.02268	0.38225	0.01414	0.24089	0.05794	0.02987	0.01473	0.01593	0.01140	0.00849	0.00755	0.00216	0.03214	0.00573	0.00536	0.01028
34	0.39738	0.01570	0.01594	0.05259	0.01990	0.01714	0.01103	0.17115	0.02025	0.18715	0.01691	0.01721	0.01181	0.00808	0.00619	0.00234	0.00681	0.00569	0.00636	0.01037
35	0.00924	0.00769	0.00807	0.00798	0.01042	0.00652	0.00598	0.01143	0.01795	0.02205	0.17220	0.07042	0.58670	0.01863	0.00896	0.00253	0.00380	0.01565	0.00725	0.00652
36	0.00946	0.00677	0.00900	0.01041	0.01105	0.00631	0.00706	0.01111	0.01553	0.02096	0.13461	0.63111	0.05327	0.02257	0.00957	0.00298	0.00428	0.02043	0.00723	0.00631
37	0.02093	0.01583	0.01721	0.01517	0.01967	0.01782	0.01189	0.03985	0.58391	0.12145	0.03074	0.02796	0.02256	0.01017	0.00771	0.00254	0.00606	0.00845	0.00795	0.01213
38	0.02833	0.03615	0.02149	0.01954	0.02345	0.70298	0.01466	0.03029	0.02149	0.01856	0.01172	0.01368	0.00977	0.00782	0.00684	0.00195	0.01368	0.00489	0.00391	0.00879
39	0.00896	0.00768	0.00768	0.00768	0.01025	0.00640	0.00576	0.01089	0.01729	0.02049	0.07684	0.07300	0.68304	0.01921	0.00896	0.00256	0.00384	0.01601	0.00704	0.00640
40	0.01932	0.01584	0.01699	0.01519	0.01945	0.01806	0.01190	0.06170	0.58376	0.05624	0.05348	0.03042	0.02488	0.01069	0.00783	0.00257	0.00605	0.02606	0.00778	0.01176
41	0.01715	0.01753	0.02315	0.01990	0.02008	0.05565	0.01650	0.01883	0.01209	0.01827	0.01004	0.01646	0.00995	0.01302	0.02403	0.00325	0.68588	0.00655	0.00335	0.00832
42	0.03006	0.01380	0.01748	0.01400	0.01946	0.01317	0.01137	0.03784	0.19223	0.51851	0.03017	0.02647	0.01992	0.00962	0.00765	0.00241	0.00634	0.00788	0.00895	0.01267
43	0.00924	0.00660	0.00880	0.01056	0.01100	0.00616	0.00704	0.01056	0.01452	0.01936	0.04181	0.72848	0.05017	0.02376	0.00968	0.00308	0.00440	0.02156	0.00704	0.00616
44	0.01074	0.00761	0.00921	0.00985	0.01159	0.00681	0.00725	0.01271	0.01664	0.05429	0.09115	0.33750	0.29641	0.02053	0.00933	0.00284	0.00449	0.07709	0.00723	0.00673
45	0.02862	0.01980	0.02154	0.01660	0.02244	0.02160	0.01368	0.57254	0.03344	0.10669	0.01961	0.01939	0.01375	0.00912	0.00748	0.00226	0.00794	0.00691	0.04395	0.01263
46	0.01074	0.00775	0.01014	0.00954	0.01133	0.00716	0.00716	0.01431	0.02147	0.03042	0.68211	0.05666	0.07157	0.01551	0.00895	0.00239	0.00358	0.01372	0.00835	0.00716
47	0.01573	0.01348	0.01573	0.01123	0.01798	0.01011	0.00899	0.01910	0.01573	0.02472	0.01348	0.01573	0.01123	0.00562	0.00562	0.00112	0.00562	0.00449	0.00449	0.77980
48	0.01891	0.01845	0.03016	0.07234	0.63868	0.04086	0.02290	0.02336	0.01733	0.02436	0.01415	0.01866	0.01186	0.00683	0.00749	0.00225	0.00921	0.00670	0.00374	0.01176
49	0.01097	0.00733	0.00829	0.00835	0.00837	0.00731	0.00468	0.01101	0.01115	0.01487	0.02453	0.07347	0.02837	0.70852	0.03759	0.00720	0.00725	0.01140	0.00468	0.00465
50	0.01084	0.00813	0.01219	0.01219	0.01354	0.00948	0.00948	0.01354	0.01219	0.01761	0.02032	0.02980	0.01896	0.05689	0.70337	0.01219	0.02032	0.00813	0.00406	0.00677
51	0.01074	0.00775	0.01014	0.00954	0.01133	0.00716	0.00716	0.01431	0.02147	0.03042	0.68211	0.05666	0.07157	0.01551	0.00895	0.00239	0.00358	0.01372	0.00835	0.00716
52	0.01790	0.02046	0.04476	0.03197	0.03964	0.01918	0.65857	0.02430	0.01790	0.02430	0.01535	0.02046	0.01151	0.00639	0.00895	0.00256	0.01279	0.00895	0.00384	0.01023
53	0.01074	0.00775	0.01014	0.00954	0.01133	0.00716	0.00716	0.01431	0.02147	0.03042	0.68211	0.05666	0.07157	0.01551	0.00895	0.00239	0.00358	0.01372	0.00835	0.00716
54	0.00924	0.00660	0.00880	0.01056	0.01100	0.00616	0.00704	0.01056	0.01452	0.01936	0.04181	0.72848	0.05017	0.02376	0.00968	0.00308	0.00440	0.02156	0.00704	0.00616
55	0.01659	0.01659	0.02323	0.01991	0.01991	0.02323	0.01659	0.01825	0.01162	0.01825	0.00996	0.01659	0.00996	0.01328	0.02489	0.00332	0.71955	0.00664	0.00332	0.00830
56	0.00924	0.00660	0.00880	0.01056	0.01100	0.00616	0.00704	0.01056	0.01452	0.01936	0.04181	0.72848	0.05017	0.02376	0.00968	0.00308	0.00440	0.02156	0.00704	0.00616
57	0.01222	0.00873	0.01222	0.01397	0.01572	0.00873	0.01222	0.01572	0.01746	0.02270	0.04016	0.08556	0.04365	0.02095	0.01048	0.00349	0.00698	0.63506	0.00698	0.00698
58	0.02833	0.03615	0.02149	0.01954	0.02345	0.70298	0.01466	0.03029	0.02149	0.01856	0.01172	0.01368	0.00977	0.00782	0.00684	0.00195	0.01368	0.00489	0.00391	0.00879
59	0.01877	0.01802	0.03079	0.04656	0.68612	0.01802	0.02328	0.02328	0.01727	0.02478	0.01427	0.01877	0.01201	0.00676	0.00751	0.00225	0.00901	0.00676	0.00375	0.01201
60	0.01222	0.00873	0.01222	0.01397	0.01572	0.00873	0.01222	0.01572	0.01746	0.02270	0.04016	0.08556	0.04365	0.02095	0.01048	0.00349	0.00698	0.63506	0.00698	0.00698
61	0.02836	0.03541	0.02156	0.01944	0.02345	0.66907	0.01464	0.06176	0.02220	0.02002	0.01205	0.01390	0.00993	0.00788	0.00688	0.00197	0.01341	0.00498	0.00409	0.00900
62	0.00924	0.00660	0.00880	0.01056	0.01100	0.00616	0.00704	0.01056	0.01452	0.01936	0.04181	0.72848	0.05017	0.02376	0.00968	0.00308	0.00440	0.02156	0.00704	0.00616
63	0.01536	0.01309	0.01533	0.01120	0.01758	0.00989	0.00888	0.01861	0.01566	0.02441	0.01509	0.05626	0.01345	0.00665	0.00585	0.00123	0.00555	0.00546	0.00464	0.73581
64	0.01692	0.00975	0.01004	0.00903	0.01162	0.01018	0.00703	0.13936	0.01964	0.03197	0.02351	0.02637	0.01820	0.00889	0.00573	0.00186	0.00445	0.00702	0.63024	0.00817
65	0.01573	0.01348	0.01573	0.01123	0.01798	0.01011	0.00899	0.01910	0.01573	0.02472	0.01348	0.01573	0.01123	0.00562	0.00562	0.00112	0.00562	0.00449	0.00449	0.77980
66	0.01292	0.00874	0.00965	0.00957	0.00976	0.00846	0.00548	0.01241	0.01222	0.01648	0.02536	0.05111	0.02878	0.71295	0.03841	0.00753	0.00792	0.01145	0.00519	0.00562
67	0.75859	0.01463	0.01158	0.03592	0.01605	0.01701	0.00869	0.02219	0.01299	0.03349	0.01067	0.01261	0.00828	0.00706	0.00480	0.00235	0.00602	0.00420	0.00465	0.00822
68	0.01684	0.01369	0.01683	0.01208	0.01880	0.01048	0.03143	0.02029	0.01614	0.06261	0.01448	0.01646	0.01167	0.00586	0.00585	0.00124	0.00591	0.00483	0.00475	0.70975
69	0.01009	0.00769	0.00928	0.00896	0.01096	0.00687	0.00669	0.01304	0.01983	0.02671	0.45755	0.08712	0.27352	0.01704	0.00898	0.00247	0.00370	0.01477	0.00787	0.00687
70	0.01887	0.01629	0.01715	0.01544	0.01972	0.01887	0.01201	0.04031	0.67241	0.03173	0.03087	0.02830	0.02315	0.01029	0.00772	0.00257	0.00600	0.00858	0.00772	0.01201
71	0.03070	0.01572	0.01783	0.01411	0.01971	0.08614	0.01141	0.03500	0.07135	0.51181	0.02665	0.02385	0.01751	0.00897	0.00738	0.00222	0.00713	0.00714	0.00826	0.07712
72	0.01575	0.01345	0.02095	0.52400	0.04301	0.01508	0.01791	0.02032	0.01566	0.05874	0.01442	0.01957	0.01085	0.00726	0.00716	0.00222	0.00894	0.00631	0.00395	0.17447
73	0.01573	0.01348	0.01573	0.01123	0.01798	0.01011	0.00899	0.01910	0.01573	0.02472	0.01348	0.01573	0.01123	0.00562	0.00562	0.00112	0.00562	0.00449	0.00449	0.77980
74	0.01551	0.01325	0.01549	0.01121	0.01774	0.00998	0.00892	0.01881	0.01569	0.02453	0.01445	0.04018	0.01257	0.00624	0.00576	0.00119	0.00558	0.00508	0.00458	0.75326
75	0.01240	0.00861	0.01139	0.01230	0.01398	0.00850	0.00975	0.01648	0.06400	0.05018	0.13898	0.27717	0.04757	0.01977	0.00968	0.00308	0.00555	0.27592	0.00736	0.00735
76	0.01095	0.00763	0.00965	0.00962	0.01016	0.00804	0.00633	0.01202	0.01193	0.01644	0.05557	0.04347	0.02694	0.47527	0.25558	0.00870	0.01143	0.01021	0.00461	0.00544
77	0.05190	0.08001	0.52903	0.01972	0.02905	0.01828	0.02405	0.02373	0.04164	0.02383	0.01413	0.01679	0.01057	0.01002	0.04248	0.00288	0.04199	0.00572	0.00350	0.01066
78	0.01500	0.08241	0.01721	0.01424	0.01638	0.01475	0.01170	0.07329	0.06419	0.02365	0.05769	0.18180	0.03218	0.04320	0.01285	0.00312	0.13269	0.18948	0.00606	0.00811
79	0.01538	0.01003	0.01335	0.05737	0.01661	0.01015	0.00971	0.04894	0.01671	0.12059	0.06772	0.35125	0.03470	0.05031	0.03703	0.00327	0.05617	0.01420	0.00660	0.05990
80	0.01791	0.01417	0.01814	0.01368	0.01914	0.01283	0.03633	0.04425	0.01679	0.08787	0.04666	0.01904	0.01471	0.00771	0.00897	0.00172	0.10946	0.00580	0.00506	0.49975
81	0.20987	0.01311	0.01394	0.01101	0.01640	0.01188	0.00877	0.02075	0.04666	0.05001	0.07805	0.04467	0.01833	0.00789	0.00601	0.00173	0.00549	0.00616	0.00531	0.42395
82	0.02444	0.01251	0.01730	0.01338	0.01877	0.01059	0.04673	0.02763	0.01945	0.37289	0.09027	0.07708	0.02397	0.00992	0.00748	0.00211	0.00617	0.00853	0.00758	0.20318

[dist]
# distance from previous block
# <min> <max>
0	7

[block]
# block no. 4 follows, 26 sequences, length 16
# corresponding to MSA columns:
# 265-280
name=unknown_E
#
# <colnr> <probs for GDERKNQSTAVLIFYWHMCP>
#	G	D	E	R	K	N	Q	S	T	A	V	L	I	F	Y	W	H	M	C	P
0	0.01494	0.01244	0.01471	0.01128	0.01690	0.00972	0.00896	0.01804	0.01551	0.02364	0.01729	0.02626	0.01618	0.06981	0.00898	0.00192	0.00592	0.07385	0.00477	0.62889
1	0.01573	0.01348	0.01573	0.01123	0.01798	0.01011	0.00899	0.01910	0.01573	0.02472	0.01348	0.01573	0.01123	0.00562	0.00562	0.00112	0.00562	0.00449	0.00449	0.77980
2	0.01631	0.01295	0.01516	0.01107	0.01740	0.00986	0.00885	0.01953	0.01624	0.06668	0.01997	0.02129	0.06942	0.00702	0.00603	0.00132	0.00552	0.00568	0.00502	0.66468
3	0.01102	0.00764	0.00924	0.00936	0.01010	0.00747	0.00599	0.01197	0.01246	0.01727	0.02705	0.20205	0.03054	0.42209	0.09867	0.00625	0.00777	0.01259	0.03587	0.05460
4	0.01573	0.01348	0.01573	0.01123	0.01798	0.01011	0.00899	0.01910	0.01573	0.02472	0.01348	0.01573	0.01123	0.00562	0.00562	0.00112	0.00562	0.00449	0.00449	0.77980
5	0.01593	0.01366	0.01582	0.01150	0.01809	0.01067	0.00918	0.02045	0.05751	0.02516	0.01459	0.01653	0.01199	0.00591	0.00575	0.00122	0.00564	0.00475	0.00470	0.73095
6	0.01752	0.33504	0.34403	0.01775	0.02576	0.02350	0.02040	0.02285	0.01529	0.02078	0.01192	0.01443	0.00970	0.00754	0.00808	0.00217	0.08469	0.00505	0.00323	0.01027
7	0.01723	0.01895	0.04149	0.01450	0.01702	0.25209	0.01133	0.01972	0.01591	0.01879	0.01896	0.07165	0.01799	0.07061	0.30642	0.00671	0.01483	0.00790	0.05039	0.00751
8	0.01573	0.01348	0.01573	0.01123	0.01798	0.01011	0.00899	0.01910	0.01573	0.02472	0.01348	0.01573	0.01123	0.00562	0.00562	0.00112	0.00562	0.00449	0.00449	0.77980
9	0.01573	0.01348	0.01573	0.01123	0.01798	0.01011	0.00899	0.01910	0.01573	0.02472	0.01348	0.01573	0.01123	0.00562	0.00562	0.00112	0.00562	0.00449	0.00449	0.77980
10	0.00989	0.00725	0.00936	0.01089	0.01159	0.00702	0.00738	0.01256	0.05879	0.02019	0.04107	0.68137	0.04835	0.02286	0.00955	0.00305	0.00451	0.02069	0.00709	0.00655
11	0.01573	0.01348	0.01573	0.01123	0.01798	0.01011	0.00899	0.01910	0.01573	0.02472	0.01348	0.01573	0.01123	0.00562	0.00562	0.00112	0.00562	0.00449	0.00449	0.77980
12	0.01764	0.02973	0.43428	0.08129	0.06641	0.01665	0.05092	0.02572	0.05621	0.09976	0.03803	0.01986	0.01370	0.00788	0.00746	0.00242	0.00997	0.00658	0.00441	0.01108
13	0.12533	0.10636	0.42585	0.01983	0.02853	0.01937	0.07700	0.02326	0.01537	0.02441	0.01275	0.01551	0.00961	0.00746	0.00798	0.00239	0.05958	0.00559	0.00348	0.01034
14	0.05814	0.09810	0.48340	0.01904	0.02840	0.01845	0.02283	0.02635	0.08622	0.06633	0.01603	0.01739	0.01156	0.00760	0.00694	0.00234	0.00979	0.00583	0.00415	0.01111
15	0.14159	0.01278	0.06037	0.01393	0.01727	0.01169	0.01258	0.05929	0.01790	0.06157	0.03157	0.08164	0.03241	0.01644	0.00894	0.00308	0.00707	0.39520	0.00651	0.00814

[dist]
# distance from previous block
# <min> <max>
0	5

[block]
# block no. 5 follows, 26 sequences, length 8
# corresponding to MSA columns:
# 286-293
name=unknown_F
#
# <colnr> <probs for GDERKNQSTAVLIFYWHMCP>
#	G	D	E	R	K	N	Q	S	T	A	V	L	I	F	Y	W	H	M	C	P
0	0.11741	0.08471	0.38476	0.01817	0.02668	0.01947	0.02059	0.11646	0.09121	0.02909	0.01556	0.01692	0.01141	0.00774	0.00681	0.00234	0.00930	0.00580	0.00453	0.01104
1	0.01685	0.03585	0.59916	0.02270	0.07590	0.01716	0.02645	0.02493	0.01652	0.07361	0.01487	0.01693	0.01045	0.00734	0.00726	0.00239	0.01071	0.00583	0.00370	0.01139
2	0.08277	0.03708	0.63435	0.02060	0.03124	0.01756	0.02629	0.02387	0.01574	0.02490	0.01334	0.01569	0.00949	0.00719	0.00699	0.00240	0.01074	0.00547	0.00333	0.01095
3	0.02883	0.02125	0.02276	0.01745	0.02352	0.02352	0.01442	0.66082	0.03566	0.04780	0.01821	0.01821	0.01290	0.00911	0.00759	0.00228	0.00835	0.00683	0.00759	0.01290
4	0.01521	0.03923	0.69413	0.02162	0.03283	0.01762	0.02802	0.02402	0.01601	0.02402	0.01361	0.01601	0.00961	0.00721	0.00721	0.00240	0.01121	0.00560	0.00320	0.01121
5	0.01084	0.00813	0.01219	0.01219	0.01354	0.00948	0.00948	0.01354	0.01219	0.01761	0.02032	0.02980	0.01896	0.05689	0.70337	0.01219	0.02032	0.00813	0.00406	0.00677
6	0.01578	0.11677	0.62152	0.02066	0.03135	0.01899	0.02636	0.02388	0.01595	0.02334	0.01327	0.01559	0.00962	0.00713	0.00695	0.00232	0.01087	0.00543	0.00321	0.01105
7	0.02883	0.02125	0.02276	0.01745	0.02352	0.02352	0.01442	0.66082	0.03566	0.04780	0.01821	0.01821	0.01290	0.00911	0.00759	0.00228	0.00835	0.00683	0.00759	0.01290

[dist]
# distance from previous block
# <min> <max>
0	1

[block]
# block no. 6 follows, 26 sequences, length 9
# corresponding to MSA columns:
# 295-303
name=unknown_G
#
# <colnr> <probs for GDERKNQSTAVLIFYWHMCP>
#	G	D	E	R	K	N	Q	S	T	A	V	L	I	F	Y	W	H	M	C	P
0	0.49412	0.02399	0.27033	0.01439	0.02156	0.01724	0.01573	0.02295	0.01409	0.03023	0.01172	0.01372	0.00874	0.00710	0.00565	0.00237	0.00789	0.00468	0.00413	0.00935
1	0.01990	0.68552	0.08889	0.01363	0.02047	0.02908	0.01411	0.02281	0.01546	0.01831	0.01078	0.01246	0.00972	0.00654	0.00504	0.00168	0.00834	0.00417	0.00324	0.00984
2	0.07208	0.51681	0.19804	0.01489	0.02241	0.02608	0.01633	0.02300	0.01539	0.02048	0.01130	0.01312	0.00960	0.00670	0.00543	0.00186	0.00872	0.00444	0.00333	0.00999
3	0.01563	0.09694	0.64009	0.02091	0.03173	0.01864	0.02678	0.02391	0.01596	0.02351	0.01336	0.01570	0.00962	0.00715	0.00701	0.00234	0.01095	0.00548	0.00321	0.01109
4	0.01889	0.51424	0.20621	0.01535	0.02291	0.02615	0.01678	0.02413	0.05609	0.02029	0.01259	0.01415	0.01053	0.00691	0.00564	0.00188	0.00878	0.00473	0.00351	0.01025
5	0.01835	0.01759	0.03003	0.10990	0.62606	0.01791	0.02307	0.02291	0.01707	0.02427	0.01419	0.01891	0.01183	0.00684	0.00752	0.00228	0.00912	0.00676	0.00372	0.01167
6	0.01542	0.03782	0.64537	0.02240	0.03334	0.01773	0.07537	0.02404	0.01616	0.02404	0.01374	0.01635	0.00975	0.00715	0.00734	0.00241	0.01133	0.00586	0.00325	0.01114
7	0.01432	0.01348	0.02275	0.71520	0.05224	0.01685	0.02107	0.01938	0.01517	0.01938	0.01348	0.02022	0.01011	0.00758	0.00758	0.00253	0.01011	0.00674	0.00337	0.00843
8	0.01039	0.00805	0.00971	0.01049	0.01256	0.00737	0.00853	0.01300	0.01742	0.02184	0.09114	0.11334	0.35719	0.01998	0.00962	0.00296	0.00513	0.26751	0.00709	0.00666

[dist]
# distance from previous block
# <min> <max>
0	3

[block]
# block no. 7 follows, 26 sequences, length 38
# corresponding to MSA columns:
# 307-344
name=unknown_H
#
# <colnr> <probs for GDERKNQSTAVLIFYWHMCP>
#	G	D	E	R	K	N	Q	S	T	A	V	L	I	F	Y	W	H	M	C	P
0	0.01205	0.00865	0.01198	0.01357	0.01535	0.00859	0.01179	0.01549	0.01762	0.02295	0.06833	0.08393	0.06629	0.02067	0.01036	0.00341	0.00674	0.58821	0.00704	0.00697
1	0.66643	0.09750	0.01426	0.01020	0.01498	0.01809	0.00864	0.02215	0.01332	0.03193	0.01115	0.01297	0.00886	0.00705	0.00474	0.00224	0.00603	0.00423	0.03687	0.00834
2	0.01123	0.00813	0.01014	0.01163	0.01240	0.00737	0.00779	0.01203	0.01584	0.02114	0.04521	0.66329	0.09483	0.02418	0.01033	0.00336	0.00504	0.02128	0.00759	0.00719
3	0.01435	0.00855	0.01130	0.01016	0.01258	0.00778	0.00778	0.01783	0.02151	0.13295	0.58094	0.05187	0.06338	0.01456	0.00874	0.00238	0.00402	0.01277	0.00851	0.00805
4	0.02833	0.03615	0.02149	0.01954	0.02345	0.70298	0.01466	0.03029	0.02149	0.01856	0.01172	0.01368	0.00977	0.00782	0.00684	0.00195	0.01368	0.00489	0.00391	0.00879
5	0.01705	0.01905	0.04096	0.05444	0.03768	0.01801	0.58121	0.02297	0.01752	0.02371	0.01750	0.07991	0.01471	0.00789	0.00896	0.00260	0.01199	0.00993	0.00409	0.00982
6	0.02478	0.01391	0.01875	0.01407	0.02028	0.01190	0.05552	0.02953	0.06873	0.34067	0.02272	0.02179	0.01573	0.00781	0.00696	0.00191	0.00654	0.00660	0.00701	0.30480
7	0.01399	0.00712	0.00730	0.00730	0.00905	0.00718	0.00549	0.01749	0.01574	0.02780	0.02455	0.02835	0.01942	0.01097	0.03633	0.00223	0.00428	0.00712	0.74125	0.00706
8	0.01877	0.01802	0.03079	0.04656	0.68612	0.01802	0.02328	0.02328	0.01727	0.02478	0.01427	0.01877	0.01201	0.00676	0.00751	0.00225	0.00901	0.00676	0.00375	0.01201
9	0.01432	0.01348	0.02275	0.71520	0.05224	0.01685	0.02107	0.01938	0.01517	0.01938	0.01348	0.02022	0.01011	0.00758	0.00758	0.00253	0.01011	0.00674	0.00337	0.00843
10	0.01528	0.01300	0.01525	0.01119	0.01749	0.00984	0.00885	0.01850	0.01564	0.02434	0.01546	0.06541	0.01395	0.00688	0.00590	0.00126	0.00553	0.00568	0.00467	0.72588
11	0.01162	0.00886	0.01414	0.01381	0.01553	0.00831	0.09146	0.01390	0.01556	0.04558	0.03778	0.53843	0.04329	0.02068	0.00960	0.00303	0.00585	0.08885	0.00671	0.00703
12	0.01464	0.01380	0.02332	0.66762	0.09734	0.01694	0.02122	0.01966	0.01532	0.01976	0.01354	0.02012	0.01025	0.00752	0.00758	0.00251	0.01003	0.00674	0.00340	0.00868
13	0.01926	0.01579	0.02060	0.01789	0.07701	0.01517	0.06983	0.06785	0.21769	0.07570	0.02048	0.02111	0.01560	0.00769	0.00698	0.00195	0.00689	0.00670	0.00590	0.30992
14	0.01922	0.01888	0.03035	0.04528	0.65485	0.05034	0.02287	0.02361	0.01747	0.02449	0.01415	0.01853	0.01191	0.00681	0.00748	0.00224	0.00923	0.00667	0.00376	0.01186
15	0.01805	0.01381	0.01685	0.13451	0.02379	0.01548	0.01273	0.03125	0.36423	0.09508	0.12955	0.03359	0.02891	0.01102	0.00800	0.00255	0.00642	0.03648	0.00720	0.01051
16	0.03001	0.01711	0.01996	0.01544	0.02121	0.01760	0.01271	0.35722	0.04904	0.31491	0.04848	0.02314	0.01787	0.00950	0.00766	0.00232	0.00731	0.00748	0.00837	0.01266
