[name]
unknown

[dist]
# distance from previous block
# <min> <max>
0	9

[block]
# block no. 0 follows, 26 sequences, length 7
# corresponding to MSA columns:
# 10-16
name=unknown_A
#
# <colnr> <probs for GDERKNQSTAVLIFYWHMCP>
#	G	D	E	R	K	N	Q	S	T	A	V	L	I	F	Y	W	H	M	C	P
0	0.01881	0.01407	0.04066	0.03594	0.04268	0.06628	0.01211	0.02199	0.01845	0.17262	0.12120	0.08024	0.06959	0.01345	0.00953	0.00257	0.05715	0.12778	0.00666	0.06823
1	0.11869	0.01871	0.07323	0.10161	0.08192	0.05874	0.01500	0.12792	0.10315	0.16778	0.02179	0.02219	0.03874	0.00881	0.00722	0.00237	0.00801	0.00698	0.00619	0.01097
2	0.01615	0.01683	0.03242	0.11250	0.03350	0.01710	0.36880	0.02211	0.05339	0.02362	0.06457	0.07732	0.01905	0.00933	0.01008	0.00261	0.07352	0.00961	0.00453	0.03296
3	0.04548	0.01607	0.02147	0.43854	0.07097	0.07155	0.01788	0.09677	0.01786	0.02342	0.01382	0.01903	0.01068	0.00874	0.00863	0.04880	0.00953	0.00638	0.00404	0.05034
4	0.25792	0.01074	0.01099	0.01070	0.01317	0.01149	0.00794	0.06539	0.03531	0.02678	0.07908	0.26055	0.05436	0.04916	0.01073	0.06491	0.00544	0.01200	0.00605	0.00729
5	0.01614	0.01113	0.01302	0.07816	0.01714	0.01143	0.00918	0.13856	0.01940	0.02881	0.07304	0.08884	0.02383	0.08033	0.00987	0.00257	0.00576	0.00885	0.26957	0.09436
6	0.03320	0.00979	0.01369	0.12257	0.01927	0.01090	0.01086	0.01556	0.01630	0.03938	0.21607	0.11639	0.06154	0.05930	0.10590	0.00425	0.07635	0.05545	0.00594	0.00730

[dist]
# distance from previous block
# <min> <max>
27	45

[block]
# block no. 1 follows, 26 sequences, length 21
# corresponding to MSA columns:
# 65-85
name=unknown_B
#
# <colnr> <probs for GDERKNQSTAVLIFYWHMCP>
#	G	D	E	R	K	N	Q	S	T	A	V	L	I	F	Y	W	H	M	C	P
0	0.02274	0.11046	0.05361	0.06129	0.14696	0.18721	0.04149	0.12072	0.02061	0.05564	0.01428	0.01665	0.01128	0.00758	0.00740	0.00207	0.02934	0.00585	0.00458	0.08026
1	0.11315	0.01927	0.08436	0.06128	0.15931	0.04199	0.08652	0.07874	0.04413	0.04795	0.01504	0.01767	0.01164	0.00705	0.00687	0.00208	0.00846	0.00610	0.00464	0.18377
2	0.01950	0.01368	0.01634	0.01188	0.01844	0.01082	0.00958	0.04739	0.01757	0.14414	0.01659	0.01762	0.01264	0.00642	0.00605	0.00139	0.00587	0.00514	0.00549	0.61345
3	0.00944	0.00687	0.00890	0.01015	0.01098	0.00633	0.00694	0.01114	0.01579	0.02108	0.13883	0.57090	0.11037	0.02214	0.00951	0.00293	0.00423	0.01991	0.00723	0.00633
4	0.01743	0.01679	0.02900	0.24288	0.47284	0.01773	0.04876	0.02217	0.01668	0.02317	0.01408	0.01927	0.01143	0.00699	0.00759	0.00235	0.00949	0.00684	0.00364	0.01088
5	0.01694	0.01957	0.07358	0.18488	0.08180	0.01871	0.40695	0.02280	0.01681	0.02289	0.01448	0.01985	0.01104	0.00709	0.00930	0.00256	0.04918	0.00801	0.00366	0.00989
6	0.01318	0.00659	0.00988	0.00988	0.00988	0.00659	0.00659	0.00988	0.00988	0.01318	0.01318	0.02306	0.01318	0.02635	0.02964	0.77931	0.00659	0.00659	0.00329	0.00329
7	0.05288	0.04815	0.07981	0.01534	0.02102	0.01759	0.01341	0.15751	0.24087	0.20532	0.05083	0.02442	0.01958	0.00947	0.00744	0.00238	0.00704	0.00757	0.00745	0.01192
8	0.00981	0.00697	0.00880	0.00979	0.01042	0.00656	0.00646	0.01117	0.01483	0.01987	0.12373	0.46008	0.08115	0.17518	0.01577	0.00388	0.00490	0.01798	0.00669	0.00597
9	0.02048	0.06138	0.07920	0.01597	0.05575	0.01522	0.01304	0.11624	0.09906	0.15769	0.12196	0.09127	0.04317	0.01137	0.00837	0.00238	0.03199	0.00938	0.00686	0.03922
10	0.01072	0.00784	0.01012	0.00981	0.01166	0.00724	0.00753	0.01413	0.02069	0.02874	0.56308	0.06101	0.12539	0.01638	0.00910	0.00251	0.00394	0.07495	0.00809	0.00707
11	0.02847	0.04803	0.02316	0.01761	0.02337	0.12465	0.01440	0.54531	0.03286	0.04243	0.01698	0.01733	0.01233	0.00882	0.00738	0.00221	0.00913	0.00645	0.00689	0.01218
12	0.01665	0.01403	0.01622	0.01167	0.01836	0.01105	0.00937	0.06414	0.01713	0.02634	0.01381	0.01590	0.01135	0.00586	0.00576	0.00120	0.00581	0.00466	0.00471	0.72597
13	0.01110	0.00744	0.00851	0.00862	0.00873	0.00744	0.00506	0.01132	0.01142	0.01519	0.02489	0.05182	0.02856	0.69004	0.03689	0.00712	0.00733	0.04904	0.00474	0.00474
14	0.09093	0.01507	0.01576	0.01344	0.01765	0.01654	0.01068	0.22001	0.22255	0.03519	0.11162	0.03244	0.10053	0.01123	0.00756	0.00239	0.00601	0.00904	0.05096	0.01039
15	0.02055	0.01852	0.02298	0.06272	0.24145	0.05680	0.01668	0.12236	0.29508	0.03039	0.02162	0.02249	0.01660	0.00868	0.00758	0.00239	0.00797	0.00743	0.00596	0.01177
16	0.01047	0.00768	0.00981	0.00940	0.01120	0.00702	0.00700	0.01374	0.02065	0.02876	0.58284	0.09539	0.13505	0.01635	0.00899	0.00244	0.00365	0.01439	0.00814	0.00702
17	0.01665	0.01573	0.02429	0.51314	0.17411	0.04360	0.02084	0.06100	0.01711	0.02220	0.01387	0.01956	0.01065	0.00753	0.00754	0.00244	0.00992	0.00668	0.00373	0.00943
18	0.02403	0.01067	0.01349	0.01121	0.01521	0.00982	0.00895	0.02825	0.05588	0.36775	0.13174	0.03151	0.02755	0.01025	0.00720	0.00221	0.00517	0.00849	0.22028	0.01034
19	0.01658	0.01649	0.03010	0.14365	0.08445	0.01813	0.26623	0.02112	0.01565	0.02257	0.01485	0.02035	0.01194	0.00856	0.01191	0.00261	0.17768	0.00762	0.10031	0.00921
20	0.00932	0.00672	0.00884	0.01038	0.01099	0.00623	0.00700	0.01081	0.01508	0.02011	0.08363	0.65880	0.07791	0.02305	0.00961	0.00301	0.00433	0.02084	0.00712	0.00623

[dist]
# distance from previous block
# <min> <max>
0	1

[block]
# block no. 2 follows, 26 sequences, length 27
# corresponding to MSA columns:
# 87-113
name=unknown_C
#
# <colnr> <probs for GDERKNQSTAVLIFYWHMCP>
#	G	D	E	R	K	N	Q	S	T	A	V	L	I	F	Y	W	H	M	C	P
0	0.29822	0.03542	0.02026	0.08925	0.02398	0.01835	0.06549	0.06791	0.05378	0.08287	0.01719	0.02067	0.01364	0.01260	0.05370	0.00341	0.07384	0.00668	0.00567	0.03708
1	0.01414	0.00707	0.00707	0.00707	0.00884	0.00707	0.00530	0.01767	0.01591	0.02828	0.02474	0.02828	0.01944	0.00884	0.00530	0.00177	0.00353	0.00707	0.77554	0.00707
2	0.05547	0.13277	0.02422	0.01750	0.02257	0.34268	0.01409	0.24833	0.02522	0.02921	0.01377	0.01498	0.01080	0.00804	0.00673	0.00203	0.01072	0.00541	0.00512	0.01034
3	0.00915	0.00765	0.00797	0.00799	0.01038	0.00647	0.00595	0.01121	0.01759	0.02143	0.13540	0.09830	0.59643	0.01903	0.00899	0.00257	0.00384	0.01601	0.00717	0.00647
4	0.02635	0.01942	0.02086	0.01635	0.02183	0.02145	0.01338	0.54611	0.08228	0.04465	0.05544	0.02157	0.01719	0.00953	0.00756	0.00228	0.00767	0.00735	0.04652	0.01223
5	0.01000	0.00772	0.00912	0.00877	0.01088	0.00685	0.00658	0.01290	0.01974	0.02632	0.43204	0.06341	0.32420	0.01704	0.00895	0.00246	0.00369	0.01466	0.00781	0.00685
6	0.01698	0.01597	0.02643	0.34883	0.08776	0.01851	0.12727	0.07720	0.03812	0.02365	0.01474	0.02002	0.01145	0.00835	0.01006	0.00257	0.10514	0.00718	0.03032	0.00944
7	0.01712	0.01430	0.01647	0.01189	0.01856	0.01153	0.00956	0.08701	0.01784	0.02716	0.01398	0.01599	0.01141	0.00599	0.00583	0.00125	0.00591	0.00474	0.00482	0.69864
8	0.00924	0.00660	0.00880	0.01056	0.01100	0.00616	0.00704	0.01056	0.01452	0.01936	0.04181	0.72848	0.05017	0.02376	0.00968	0.00308	0.00440	0.02156	0.00704	0.00616
9	0.02028	0.73799	0.03975	0.01298	0.01947	0.03001	0.01298	0.02271	0.01541	0.01785	0.01055	0.01217	0.00973	0.00649	0.00487	0.00162	0.00811	0.00406	0.00324	0.00973
10	0.01608	0.01253	0.01494	0.01119	0.01707	0.00968	0.00885	0.01931	0.01652	0.06778	0.07285	0.06447	0.01926	0.00783	0.00628	0.00143	0.00542	0.00654	0.00529	0.61666
11	0.01659	0.01659	0.02323	0.01991	0.01991	0.02323	0.01659	0.01825	0.01162	0.01825	0.00996	0.01659	0.00996	0.01328	0.02489	0.00332	0.71955	0.00664	0.00332	0.00830
12	0.02859	0.08167	0.02040	0.01500	0.03945	0.01544	0.01202	0.09766	0.11894	0.41224	0.02579	0.02343	0.01741	0.00896	0.00728	0.00224	0.00676	0.00717	0.00797	0.05156
13	0.01099	0.00752	0.00912	0.00912	0.00942	0.00782	0.00566	0.01158	0.01128	0.01534	0.02312	0.04533	0.02571	0.58659	0.18289	0.00840	0.01017	0.01040	0.00448	0.00507
14	0.01573	0.01348	0.01573	0.01123	0.01798	0.01011	0.00899	0.01910	0.01573	0.02472	0.01348	0.01573	0.01123	0.00562	0.00562	0.00112	0.00562	0.00449	0.00449	0.77980
15	0.13528	0.03541	0.58788	0.01981	0.03000	0.01752	0.02494	0.02375	0.01553	0.02558	0.01314	0.01544	0.00939	0.00718	0.00682	0.00239	0.01038	0.00537	0.00343	0.01074
16	0.03376	0.01334	0.01787	0.01370	0.01958	0.01179	0.01132	0.06919	0.02243	0.65812	0.02932	0.02542	0.01847	0.00937	0.00763	0.00234	0.00655	0.00759	0.00930	0.01291
17	0.02227	0.56413	0.03523	0.01460	0.02045	0.19673	0.01339	0.02459	0.01692	0.01802	0.01084	0.01254	0.00974	0.00682	0.00536	0.00170	0.00949	0.00426	0.00341	0.00950
18	0.01432	0.01348	0.02275	0.71520	0.05224	0.01685	0.02107	0.01938	0.01517	0.01938	0.01348	0.02022	0.01011	0.00758	0.00758	0.00253	0.01011	0.00674	0.00337	0.00843
19	0.03046	0.01212	0.01646	0.01289	0.01813	0.01054	0.01054	0.03350	0.02167	0.59016	0.12979	0.03054	0.02686	0.01032	0.00783	0.00235	0.00601	0.00856	0.00923	0.01203
20	0.01067	0.00727	0.00831	0.00856	0.00876	0.00714	0.00500	0.01096	0.01186	0.01567	0.02933	0.14508	0.06721	0.59524	0.03294	0.00649	0.00675	0.01277	0.00507	0.00491
21	0.00921	0.00763	0.00807	0.00809	0.01043	0.00649	0.00602	0.01132	0.01769	0.02173	0.15459	0.10735	0.56728	0.01898	0.00900	0.00257	0.00384	0.01602	0.00722	0.00649
22	0.02257	0.01704	0.01843	0.01568	0.02052	0.01911	0.01245	0.17584	0.46759	0.10154	0.02800	0.02584	0.02047	0.00994	0.00768	0.00249	0.00656	0.00810	0.00786	0.01229
23	0.01040	0.00760	0.00976	0.00952	0.01120	0.00697	0.00703	0.01355	0.02022	0.02817	0.54932	0.14559	0.11859	0.01688	0.00904	0.00249	0.00371	0.01493	0.00807	0.00697
24	0.01574	0.01547	0.02263	0.06459	0.02191	0.02070	0.04845	0.01777	0.01238	0.01860	0.01349	0.07513	0.01387	0.03796	0.02220	0.00335	0.55585	0.00811	0.00369	0.00811
25	0.65755	0.01444	0.01216	0.04063	0.01649	0.01661	0.00900	0.05414	0.01480	0.03384	0.06090	0.01625	0.01324	0.00780	0.00528	0.00235	0.00601	0.00507	0.00506	0.00838
26	0.04612	0.01465	0.01633	0.05889	0.02034	0.01588	0.01141	0.08126	0.35217	0.05100	0.04664	0.06340	0.02199	0.01005	0.00731	0.00231	0.00611	0.00835	0.04967	0.11611

[dist]
# distance from previous block
# <min> <max>
3	9

[block]
# block no. 3 follows, 26 sequences, length 20
# corresponding to MSA columns:
# 123-142
name=unknown_D
#
# <colnr> <probs for GDERKNQSTAVLIFYWHMCP>
#	G	D	E	R	K	N	Q	S	T	A	V	L	I	F	Y	W	H	M	C	P
0	0.15799	0.09018	0.02334	0.05115	0.13103	0.08090	0.05445	0.10581	0.01976	0.15671	0.01702	0.01839	0.01254	0.00778	0.00672	0.00221	0.00827	0.00618	0.03895	0.01062
1	0.01023	0.00765	0.01063	0.01136	0.01259	0.00706	0.02675	0.01227	0.01584	0.02149	0.12486	0.53425	0.04955	0.02109	0.00944	0.00291	0.00480	0.06780	0.00700	0.04245
2	0.07386	0.56468	0.15190	0.01427	0.02146	0.02693	0.01527	0.02291	0.01534	0.02007	0.01108	0.01285	0.00960	0.00665	0.00526	0.00181	0.00849	0.00433	0.00334	0.00988
3	0.06174	0.13194	0.02666	0.08162	0.06356	0.16049	0.06137	0.08784	0.01781	0.02301	0.01222	0.01598	0.01034	0.00900	0.01166	0.00244	0.20294	0.00595	0.00400	0.00945
4	0.01051	0.00710	0.00864	0.00923	0.00974	0.00686	0.00590	0.01170	0.01402	0.01938	0.11589	0.30762	0.04134	0.32391	0.02162	0.00473	0.00550	0.01513	0.05548	0.00568
5	0.01625	0.01623	0.02747	0.08640	0.04805	0.01939	0.18846	0.01980	0.01431	0.02084	0.01440	0.02234	0.01284	0.01262	0.04443	0.00330	0.34682	0.03657	0.04073	0.00876
6	0.01074	0.00775	0.01014	0.00954	0.01133	0.00716	0.00716	0.01431	0.02147	0.03042	0.68211	0.05666	0.07157	0.01551	0.00895	0.00239	0.00358	0.01372	0.00835	0.00716
7	0.01717	0.01683	0.02442	0.06891	0.05562	0.02239	0.04320	0.04870	0.01351	0.02027	0.01101	0.01718	0.01027	0.01210	0.02141	0.00313	0.57479	0.00675	0.00356	0.00878
8	0.01084	0.00813	0.01219	0.01219	0.01354	0.00948	0.00948	0.01354	0.01219	0.01761	0.02032	0.02980	0.01896	0.05689	0.70337	0.01219	0.02032	0.00813	0.00406	0.00677
9	0.02012	0.61626	0.07196	0.01377	0.02017	0.04841	0.01371	0.04730	0.01626	0.01935	0.01152	0.01351	0.01030	0.00913	0.03927	0.00222	0.00905	0.00447	0.00347	0.00976
10	0.05091	0.35351	0.30169	0.01700	0.02512	0.02274	0.04716	0.02285	0.01598	0.02200	0.04768	0.01646	0.01298	0.00728	0.00620	0.00205	0.00923	0.00541	0.00359	0.01015
11	0.01674	0.02057	0.10222	0.12970	0.03883	0.01841	0.44932	0.02276	0.01689	0.02308	0.01561	0.04571	0.01246	0.00761	0.00937	0.00259	0.04585	0.00865	0.00380	0.00982
12	0.08626	0.05318	0.02226	0.06283	0.05634	0.11497	0.01446	0.38681	0.04405	0.03747	0.03804	0.01853	0.01392	0.00868	0.00718	0.00223	0.00880	0.00649	0.00623	0.01128
13	0.01968	0.01981	0.03045	0.11573	0.42050	0.08513	0.11027	0.06141	0.01862	0.02486	0.01431	0.01864	0.01156	0.00704	0.00766	0.00230	0.01008	0.00688	0.00396	0.01110
14	0.01490	0.03700	0.64554	0.02076	0.03130	0.01687	0.02654	0.02333	0.01640	0.02448	0.06110	0.01890	0.01401	0.00780	0.00733	0.00240	0.01067	0.00618	0.00357	0.01092
15	0.00924	0.00660	0.00880	0.01056	0.01100	0.00616	0.00704	0.01056	0.01452	0.01936	0.04181	0.72848	0.05017	0.02376	0.00968	0.00308	0.00440	0.02156	0.00704	0.00616
16	0.01290	0.01172	0.03842	0.04233	0.06113	0.01127	0.08285	0.03548	0.04503	0.02210	0.05217	0.35465	0.03501	0.05264	0.03017	0.00335	0.03603	0.05898	0.00595	0.00782
17	0.00907	0.00769	0.00783	0.00779	0.01031	0.00645	0.00584	0.01108	0.01753	0.02107	0.11197	0.07205	0.64755	0.01899	0.00896	0.00255	0.00383	0.01588	0.00712	0.00645
18	0.02086	0.01640	0.01783	0.03613	0.01985	0.04742	0.01210	0.33178	0.06799	0.03509	0.09158	0.18750	0.02787	0.01330	0.00886	0.00253	0.03465	0.01097	0.00709	0.01020
19	0.15844	0.01585	0.01836	0.05918	0.02193	0.01648	0.01229	0.21968	0.04709	0.32117	0.02212	0.02099	0.01483	0.00882	0.00712	0.00235	0.00714	0.00677	0.00761	0.01179

[dist]
# distance from previous block
# <min> <max>
0	1

[block]
# block no. 4 follows, 26 sequences, length 17
# corresponding to MSA columns:
# 144-160
name=unknown_E
#
# <colnr> <probs for GDERKNQSTAVLIFYWHMCP>
#	G	D	E	R	K	N	Q	S	T	A	V	L	I	F	Y	W	H	M	C	P
0	0.06247	0.23014	0.40385	0.02056	0.07133	0.02112	0.04586	0.02352	0.01582	0.02295	0.01269	0.01507	0.00979	0.00694	0.00649	0.00218	0.00995	0.00529	0.00336	0.01064
1	0.09426	0.02352	0.20944	0.07362	0.29461	0.03685	0.06787	0.02363	0.03595	0.02533	0.03522	0.01892	0.01296	0.00734	0.00729	0.00235	0.00951	0.00656	0.00395	0.01082
2	0.08743	0.01064	0.01303	0.03362	0.01571	0.01066	0.00946	0.05016	0.06327	0.13278	0.36178	0.04591	0.04702	0.01344	0.00832	0.00250	0.00515	0.07259	0.00781	0.00875
3	0.04832	0.24000	0.02665	0.01804	0.06049	0.28734	0.01405	0.09159	0.05270	0.02294	0.01536	0.01688	0.03471	0.00818	0.00703	0.00202	0.03402	0.00556	0.00439	0.00973
4	0.11758	0.02090	0.02136	0.01685	0.02221	0.05781	0.01385	0.50621	0.03050	0.04252	0.01637	0.01716	0.01197	0.00910	0.00846	0.00234	0.05985	0.00639	0.00675	0.01180
5	0.10527	0.17885	0.06330	0.01609	0.02138	0.25155	0.01380	0.13902	0.06475	0.02682	0.01442	0.01573	0.01143	0.00785	0.00634	0.00204	0.00964	0.00535	0.03643	0.00994
6	0.01202	0.00788	0.01043	0.01024	0.01199	0.00727	0.00763	0.01504	0.01972	0.07173	0.46355	0.20865	0.06190	0.01722	0.00910	0.00259	0.00411	0.04355	0.00806	0.00731
7	0.02510	0.01906	0.02046	0.01650	0.02176	0.02123	0.01334	0.46620	0.18936	0.04199	0.02287	0.06815	0.01789	0.01037	0.00776	0.00240	0.00751	0.00824	0.00758	0.01223
8	0.01001	0.00772	0.00914	0.00878	0.01089	0.00685	0.00659	0.01291	0.01976	0.02636	0.43485	0.06333	0.32136	0.01702	0.00895	0.00246	0.00369	0.01465	0.00782	0.00685
9	0.04860	0.23394	0.41344	0.01955	0.05277	0.02147	0.02206	0.02319	0.01549	0.02236	0.01242	0.01492	0.00970	0.00736	0.00755	0.00223	0.05393	0.00521	0.00330	0.01052
10	0.01025	0.00733	0.00992	0.01146	0.01240	0.00700	0.00856	0.01241	0.01602	0.02136	0.10104	0.47895	0.05027	0.02218	0.00984	0.00314	0.00508	0.19916	0.00715	0.00649
11	0.02304	0.17271	0.06226	0.01472	0.02023	0.01948	0.01288	0.10757	0.24027	0.17264	0.02339	0.02345	0.01751	0.04629	0.00863	0.00252	0.00721	0.00714	0.00667	0.01139
12	0.03050	0.01305	0.01708	0.01352	0.01891	0.01196	0.01102	0.03602	0.11124	0.55964	0.07047	0.02807	0.02265	0.00989	0.00772	0.00238	0.00621	0.00814	0.00909	0.01243
13	0.01573	0.01348	0.01573	0.01123	0.01798	0.01011	0.00899	0.01910	0.01573	0.02472	0.01348	0.01573	0.01123	0.00562	0.00562	0.00112	0.00562	0.00449	0.00449	0.77980
14	0.00971	0.00820	0.00846	0.00830	0.01090	0.00721	0.00625	0.01293	0.05649	0.02202	0.12663	0.06893	0.59086	0.01836	0.00889	0.00255	0.00395	0.01537	0.00720	0.00680
15	0.01947	0.01934	0.03011	0.04460	0.63811	0.06764	0.02265	0.02379	0.01758	0.02433	0.01408	0.01840	0.01185	0.00683	0.00746	0.00223	0.00935	0.00662	0.00377	0.01178
16	0.02717	0.01910	0.02055	0.01597	0.02148	0.02092	0.01312	0.55346	0.03258	0.07147	0.01952	0.01980	0.01397	0.00908	0.00730	0.00221	0.00766	0.00689	0.10558	0.01216

[dist]
# distance from previous block
# <min> <max>
0	6

[block]
# block no. 5 follows, 26 sequences, length 37
# corresponding to MSA columns:
# 167-203
name=unknown_F
#
# <colnr> <probs for GDERKNQSTAVLIFYWHMCP>
#	G	D	E	R	K	N	Q	S	T	A	V	L	I	F	Y	W	H	M	C	P
0	0.02394	0.41890	0.03145	0.01596	0.02128	0.33598	0.01374	0.02616	0.01818	0.01817	0.01108	0.01285	0.00975	0.00709	0.00576	0.00177	0.01064	0.00443	0.00355	0.00931
1	0.00930	0.00670	0.00881	0.01039	0.01098	0.00622	0.00699	0.01075	0.01496	0.01991	0.07236	0.66913	0.07905	0.02319	0.00962	0.00303	0.00434	0.02096	0.00710	0.00622
2	0.01289	0.01161	0.04443	0.01341	0.01474	0.01197	0.05962	0.01459	0.01241	0.01771	0.02056	0.06721	0.02188	0.37069	0.09443	0.00598	0.14808	0.00977	0.04157	0.00645
3	0.00920	0.00769	0.00801	0.00793	0.01039	0.00650	0.00595	0.01134	0.01784	0.02180	0.15680	0.07084	0.60226	0.01872	0.00896	0.00254	0.00381	0.01571	0.00722	0.00650
4	0.01764	0.01557	0.01781	0.05348	0.08437	0.03773	0.01300	0.03312	0.45035	0.02958	0.11411	0.03198	0.02802	0.01074	0.00791	0.00252	0.00645	0.02761	0.00706	0.01093
5	0.02166	0.01605	0.01752	0.01526	0.01987	0.01797	0.01201	0.07301	0.54148	0.13078	0.03005	0.02739	0.02195	0.01009	0.00770	0.00252	0.00620	0.00834	0.00796	0.01219
6	0.01773	0.02027	0.11878	0.12353	0.09591	0.01844	0.21581	0.10372	0.01835	0.02533	0.01592	0.04495	0.01331	0.04680	0.01147	0.00282	0.08460	0.00801	0.00426	0.00998
7	0.67479	0.08416	0.01423	0.01044	0.01537	0.01797	0.00882	0.02309	0.01360	0.06605	0.01155	0.01300	0.00890	0.00711	0.00486	0.00228	0.00611	0.00428	0.00479	0.00860
8	0.04084	0.08322	0.13313	0.06469	0.27880	0.07642	0.04884	0.04963	0.06949	0.06014	0.01582	0.01843	0.01230	0.00743	0.00720	0.00226	0.00942	0.00641	0.00440	0.01114
9	0.78701	0.01467	0.01115	0.00997	0.01467	0.01702	0.00821	0.02230	0.01291	0.03403	0.01056	0.01232	0.00821	0.00704	0.00469	0.00235	0.00587	0.00411	0.00469	0.00821
10	0.02751	0.05910	0.02246	0.01900	0.02313	0.54011	0.01466	0.12504	0.02291	0.02296	0.01257	0.01446	0.01025	0.00824	0.00780	0.00206	0.04867	0.00524	0.00441	0.00943
11	0.01074	0.00775	0.01014	0.00954	0.01133	0.00716	0.00716	0.01431	0.02147	0.03042	0.68211	0.05666	0.07157	0.01551	0.00895	0.00239	0.00358	0.01372	0.00835	0.00716
12	0.01872	0.02137	0.11323	0.12468	0.13268	0.04873	0.25479	0.07430	0.01856	0.04528	0.01586	0.04130	0.01257	0.00788	0.00869	0.00248	0.03643	0.00783	0.00424	0.01040
13	0.00980	0.00772	0.00885	0.00857	0.01076	0.00676	0.00642	0.01251	0.01927	0.02520	0.36403	0.06525	0.39291	0.01745	0.00896	0.00248	0.00372	0.01492	0.00766	0.00676
14	0.01789	0.01782	0.03298	0.14411	0.29353	0.01800	0.24353	0.05510	0.01830	0.02520	0.04702	0.02140	0.01446	0.00730	0.00810	0.00241	0.01021	0.00786	0.00414	0.01063
15	0.02051	0.02380	0.08324	0.06770	0.44984	0.17730	0.02157	0.02480	0.01806	0.02303	0.01359	0.01742	0.01121	0.00708	0.00733	0.00221	0.01033	0.00623	0.00373	0.01104
16	0.01222	0.00873	0.01222	0.01397	0.01572	0.00873	0.01222	0.01572	0.01746	0.02270	0.04016	0.08556	0.04365	0.02095	0.01048	0.00349	0.00698	0.63506	0.00698	0.00698
17	0.01521	0.03923	0.69413	0.02162	0.03283	0.01762	0.02802	0.02402	0.01601	0.02402	0.01361	0.01601	0.00961	0.00721	0.00721	0.00240	0.01121	0.00560	0.00320	0.01121
18	0.04693	0.01204	0.01241	0.01061	0.01391	0.01288	0.00842	0.23074	0.02234	0.03495	0.02207	0.02437	0.01687	0.00886	0.00604	0.00196	0.00521	0.00688	0.49347	0.00904
19	0.02052	0.61518	0.09687	0.01432	0.02101	0.08658	0.01447	0.02348	0.01599	0.01846	0.01092	0.01264	0.00973	0.00667	0.00525	0.00172	0.00887	0.00427	0.00330	0.00979
20	0.01265	0.01194	0.01114	0.04099	0.01434	0.10310	0.00819	0.01537	0.04096	0.02118	0.12981	0.17836	0.29158	0.07301	0.01101	0.00293	0.00589	0.01416	0.00645	0.00693
21	0.01397	0.00708	0.00713	0.00713	0.00881	0.00708	0.00526	0.01732	0.01565	0.02756	0.02470	0.02941	0.01987	0.04721	0.00707	0.00206	0.00374	0.00728	0.73471	0.00694
22	0.01773	0.05586	0.03070	0.16233	0.39583	0.01909	0.09543	0.02217	0.01632	0.02274	0.01364	0.01867	0.01129	0.00748	0.00922	0.00241	0.07795	0.00685	0.00362	0.01067
23	0.01074	0.00775	0.01014	0.00954	0.01133	0.00716	0.00716	0.01431	0.02147	0.03042	0.68211	0.05666	0.07157	0.01551	0.00895	0.00239	0.00358	0.01372	0.00835	0.00716
24	0.01722	0.01796	0.05536	0.04395	0.03102	0.01773	0.37415	0.02207	0.01687	0.05727	0.07267	0.06031	0.01860	0.00962	0.01190	0.00270	0.14723	0.00934	0.00454	0.00950
25	0.01887	0.01629	0.01715	0.01544	0.01972	0.01887	0.01201	0.04031	0.67241	0.03173	0.03087	0.02830	0.02315	0.01029	0.00772	0.00257	0.00600	0.00858	0.00772	0.01201
26	0.01569	0.06074	0.58551	0.02224	0.03255	0.01840	0.08707	0.02379	0.01601	0.02363	0.01354	0.01633	0.00981	0.00732	0.00793	0.00242	0.03688	0.00591	0.00327	0.01096
27	0.01749	0.01924	0.07869	0.32019	0.21979	0.07526	0.07221	0.04102	0.01702	0.02221	0.01384	0.01899	0.01086	0.00788	0.00827	0.02667	0.01025	0.00668	0.00367	0.00978
28	0.78701	0.01467	0.01115	0.00997	0.01467	0.01702	0.00821	0.02230	0.01291	0.03403	0.01056	0.01232	0.00821	0.00704	0.00469	0.00235	0.00587	0.00411	0.00469	0.00821
29	0.02393	0.06458	0.02270	0.02003	0.05686	0.41326	0.01501	0.05955	0.01934	0.02044	0.01491	0.01762	0.04265	0.00951	0.01088	0.00230	0.16737	0.00597	0.00408	0.00901
30	0.01492	0.00782	0.00790	0.00762	0.00961	0.00794	0.00578	0.05166	0.01695	0.02931	0.02440	0.02775	0.01910	0.00885	0.00542	0.00179	0.00379	0.00706	0.73495	0.00738
31	0.01132	0.00835	0.01043	0.01062	0.01219	0.00811	0.00766	0.04682	0.05207	0.02594	0.29889	0.35739	0.08361	0.01881	0.00915	0.00271	0.00433	0.01675	0.00763	0.00721
32	0.00924	0.00660	0.00880	0.01056	0.01100	0.00616	0.00704	0.01056	0.01452	0.01936	0.04181	0.72848	0.05017	0.02376	0.00968	0.00308	0.00440	0.02156	0.00704	0.00616
33	0.01684	0.01840	0.06278	0.05870	0.05469	0.02144	0.13625	0.02093	0.04281	0.02062	0.01244	0.01808	0.01091	0.01098	0.01861	0.00301	0.45265	0.00711	0.00363	0.00914
34	0.02883	0.02125	0.02276	0.01745	0.02352	0.02352	0.01442	0.66082	0.03566	0.04780	0.01821	0.01821	0.01290	0.00911	0.00759	0.00228	0.00835	0.00683	0.00759	0.01290
35	0.01011	0.00763	0.00933	0.00911	0.01100	0.00686	0.00676	0.01302	0.01969	0.02666	0.45603	0.12052	0.24100	0.01727	0.00902	0.00250	0.00372	0.01505	0.00787	0.00686
36	0.01823	0.01746	0.02980	0.12877	0.60818	0.01788	0.02301	0.02280	0.01701	0.02412	0.01417	0.01895	0.01178	0.00686	0.00752	0.00229	0.00915	0.00676	0.00371	0.01157

[dist]
# distance from previous block
# <min> <max>
0	41

[block]
# block no. 6 follows, 26 sequences, length 8
# corresponding to MSA columns:
# 245-252
name=unknown_G
#
# <colnr> <probs for GDERKNQSTAVLIFYWHMCP>
#	G	D	E	R	K	N	Q	S	T	A	V	L	I	F	Y	W	H	M	C	P
0	0.38923	0.01768	0.01697	0.01369	0.01909	0.01977	0.01130	0.32418	0.02411	0.07567	0.01520	0.01582	0.01099	0.00814	0.00622	0.00231	0.00707	0.00558	0.00631	0.01067
1	0.01704	0.01740	0.02310	0.07920	0.02286	0.05974	0.01687	0.01901	0.01246	0.01837	0.01035	0.01675	0.00996	0.01249	0.02243	0.00318	0.62057	0.00655	0.00336	0.00834
2	0.08365	0.03995	0.06407	0.08716	0.14257	0.06164	0.31833	0.02327	0.01692	0.02392	0.01479	0.03966	0.01206	0.00746	0.00841	0.00245	0.03208	0.00775	0.00390	0.00996
3	0.01046	0.00768	0.00980	0.00941	0.01120	0.00702	0.00701	0.01373	0.02061	0.02872	0.58051	0.09938	0.13340	0.01639	0.00899	0.00245	0.00366	0.01443	0.00813	0.00702
4	0.01497	0.02643	0.34794	0.02290	0.07455	0.01563	0.16659	0.02140	0.01669	0.02380	0.07525	0.04835	0.04581	0.05448	0.00990	0.00277	0.01000	0.00843	0.00420	0.00992
5	0.01059	0.00775	0.00994	0.00939	0.01124	0.00710	0.00704	0.01404	0.02113	0.02961	0.63295	0.05799	0.12123	0.01581	0.00895	0.00240	0.00360	0.01390	0.00824	0.00710
6	0.01706	0.01831	0.03708	0.13044	0.13165	0.01823	0.42071	0.02256	0.01701	0.02319	0.01595	0.05327	0.01313	0.00770	0.00921	0.00256	0.03924	0.00882	0.00389	0.00996
7	0.02851	0.02048	0.02213	0.01711	0.02306	0.02255	0.01409	0.58800	0.07383	0.08279	0.01964	0.01925	0.01386	0.00919	0.00760	0.00230	0.00810	0.00698	0.00770	0.01285

[dist]
# distance from previous block
# <min> <max>
0	1

[block]
# block no. 7 follows, 26 sequences, length 86
# corresponding to MSA columns:
# 254-339
name=unknown_H
#
# <colnr> <probs for GDERKNQSTAVLIFYWHMCP>
#	G	D	E	R	K	N	Q	S	T	A	V	L	I	F	Y	W	H	M	C	P
0	0.75754	0.01561	0.03723	0.01042	0.01536	0.01704	0.00897	0.02236	0.01303	0.03365	0.01068	0.01246	0.00827	0.00705	0.00479	0.00235	0.00607	0.00416	0.00464	0.00833
1	0.78701	0.01467	0.01115	0.00997	0.01467	0.01702	0.00821	0.02230	0.01291	0.03403	0.01056	0.01232	0.00821	0.00704	0.00469	0.00235	0.00587	0.00411	0.00469	0.00821
2	0.02232	0.12543	0.02425	0.01823	0.02105	0.29950	0.01481	0.05184	0.01736	0.01997	0.01164	0.01527	0.01031	0.00977	0.01331	0.00243	0.27710	0.00559	0.03096	0.00886
3	0.01009	0.00773	0.00924	0.00886	0.01093	0.00688	0.00665	0.01306	0.01994	0.02677	0.45990	0.06266	0.29606	0.01687	0.00895	0.00245	0.00368	0.01456	0.00787	0.00688
4	0.01831	0.01535	0.01756	0.03477	0.07988	0.01714	0.01257	0.03505	0.50275	0.05574	0.03369	0.03179	0.09038	0.01080	0.00782	0.00253	0.00617	0.00910	0.00725	0.01137
5	0.70499	0.01413	0.01121	0.00997	0.01454	0.01614	0.00818	0.02271	0.01350	0.06462	0.01233	0.01392	0.00939	0.00726	0.00487	0.00231	0.00575	0.00445	0.05138	0.00837
6	0.01372	0.01230	0.04636	0.01389	0.04684	0.04585	0.01043	0.01904	0.09933	0.04261	0.24476	0.19444	0.04526	0.05222	0.01032	0.00290	0.00584	0.07885	0.00698	0.00806
7	0.68840	0.01574	0.01356	0.01175	0.01630	0.04043	0.03656	0.02244	0.01334	0.03227	0.01077	0.01294	0.00850	0.00737	0.00601	0.00239	0.04388	0.00447	0.00456	0.00832
8	0.01887	0.01629	0.01715	0.01544	0.01972	0.01887	0.01201	0.04031	0.67241	0.03173	0.03087	0.02830	0.02315	0.01029	0.00772	0.00257	0.00600	0.00858	0.00772	0.01201
9	0.00904	0.00769	0.00779	0.00777	0.01029	0.00644	0.00582	0.01104	0.01747	0.02092	0.10330	0.07228	0.65630	0.01905	0.00896	0.00255	0.00383	0.01591	0.00710	0.00644
10	0.01687	0.01708	0.02283	0.01966	0.01986	0.04877	0.01630	0.01857	0.01201	0.01825	0.01034	0.01688	0.01022	0.01439	0.04480	0.00354	0.67137	0.00662	0.00336	0.00827
11	0.78701	0.01467	0.01115	0.00997	0.01467	0.01702	0.00821	0.02230	0.01291	0.03403	0.01056	0.01232	0.00821	0.00704	0.00469	0.00235	0.00587	0.00411	0.00469	0.00821
12	0.02756	0.10339	0.02324	0.01891	0.02307	0.63850	0.01449	0.02956	0.02091	0.01849	0.01161	0.01353	0.00977	0.00769	0.00665	0.00192	0.01315	0.00481	0.00384	0.00888
13	0.01064	0.00775	0.01001	0.00945	0.01128	0.00712	0.00708	0.01414	0.02125	0.02990	0.65068	0.05751	0.10333	0.01570	0.00895	0.00239	0.00359	0.01384	0.00828	0.00712
14	0.01988	0.50318	0.12673	0.01463	0.02123	0.07552	0.01485	0.05288	0.01733	0.02107	0.05958	0.01629	0.01430	0.00746	0.00576	0.00184	0.00864	0.00516	0.00386	0.00984
15	0.00915	0.00767	0.00784	0.00781	0.01021	0.00649	0.00578	0.01107	0.01720	0.02072	0.10498	0.07105	0.62064	0.05324	0.01038	0.00278	0.00400	0.01565	0.00699	0.00635
16	0.09740	0.01753	0.01919	0.03987	0.05236	0.01932	0.01302	0.39862	0.06699	0.03959	0.02147	0.02394	0.03842	0.00962	0.00725	0.00232	0.00737	0.03188	0.08267	0.01117
17	0.02193	0.01586	0.01743	0.01516	0.01979	0.01765	0.01194	0.06159	0.53380	0.15006	0.03026	0.02750	0.02201	0.01009	0.00770	0.00252	0.00617	0.00834	0.00801	0.01220
18	0.05232	0.01708	0.04289	0.08233	0.09694	0.01789	0.01464	0.25083	0.04478	0.12261	0.01911	0.02176	0.01443	0.04465	0.01006	0.00261	0.05896	0.00705	0.06814	0.01092
19	0.67526	0.01548	0.04600	0.01077	0.01568	0.01628	0.00932	0.02265	0.01360	0.06740	0.01306	0.04371	0.01063	0.00788	0.00519	0.00238	0.00611	0.00511	0.00496	0.00853
20	0.05937	0.42993	0.05590	0.01816	0.09317	0.11970	0.01476	0.02327	0.01600	0.01976	0.01149	0.01409	0.01021	0.00878	0.02858	0.00224	0.05663	0.00482	0.00349	0.00964
21	0.21305	0.01965	0.01994	0.01564	0.02137	0.02194	0.01291	0.50568	0.03013	0.04446	0.01635	0.01678	0.01176	0.00860	0.00688	0.00229	0.00774	0.00617	0.00688	0.01176
22	0.04723	0.01904	0.09834	0.04299	0.02197	0.07999	0.01391	0.12732	0.07386	0.23041	0.10939	0.02872	0.02369	0.01021	0.00772	0.00239	0.00774	0.03712	0.00709	0.01089
23	0.01074	0.00775	0.01014	0.00954	0.01133	0.00716	0.00716	0.01431	0.02147	0.03042	0.68211	0.05666	0.07157	0.01551	0.00895	0.00239	0.00358	0.01372	0.00835	0.00716
24	0.02123	0.47282	0.10582	0.04984	0.02340	0.12824	0.01535	0.06732	0.01776	0.02074	0.01172	0.01362	0.00996	0.00700	0.00573	0.00185	0.00939	0.00467	0.00364	0.00990
25	0.00998	0.00777	0.00910	0.00889	0.01104	0.00688	0.00675	0.01279	0.01933	0.02543	0.36960	0.06565	0.35488	0.01749	0.00903	0.00252	0.00386	0.04455	0.00768	0.00680
26	0.01870	0.06125	0.03102	0.06982	0.62195	0.01870	0.02257	0.02310	0.01708	0.02416	0.01401	0.01843	0.01181	0.00677	0.00735	0.00223	0.00900	0.00659	0.00371	0.01174
27	0.01877	0.01802	0.03079	0.04656	0.68612	0.01802	0.02328	0.02328	0.01727	0.02478	0.01427	0.01877	0.01201	0.00676	0.00751	0.00225	0.00901	0.00676	0.00375	0.01201
28	0.00950	0.00721	0.00879	0.00965	0.01101	0.00649	0.00688	0.01143	0.01653	0.02146	0.14486	0.39452	0.25502	0.02100	0.00938	0.00283	0.00422	0.04558	0.00723	0.00642
29	0.01790	0.02046	0.04476	0.03197	0.03964	0.01918	0.65857	0.02430	0.01790	0.02430	0.01535	0.02046	0.01151	0.00639	0.00895	0.00256	0.01279	0.00895	0.00384	0.01023
30	0.78701	0.01467	0.01115	0.00997	0.01467	0.01702	0.00821	0.02230	0.01291	0.03403	0.01056	0.01232	0.00821	0.00704	0.00469	0.00235	0.00587	0.00411	0.00469	0.00821
31	0.02093	0.01902	0.01820	0.01610	0.02052	0.09610	0.01254	0.10125	0.53568	0.03186	0.02746	0.02565	0.02063	0.00989	0.00761	0.00247	0.00710	0.00799	0.00728	0.01173
32	0.02033	0.01822	0.06939	0.08940	0.08919	0.01847	0.01525	0.15394	0.30855	0.06043	0.02338	0.02467	0.01780	0.04583	0.00918	0.00270	0.00764	0.00774	0.00645	0.01142
33	0.01208	0.00863	0.01206	0.01381	0.01549	0.00861	0.01198	0.01547	0.01732	0.02254	0.04024	0.11567	0.04396	0.02108	0.01044	0.00347	0.00686	0.60633	0.00699	0.00695
34	0.02741	0.03365	0.02215	0.02139	0.07334	0.60505	0.01523	0.05766	0.03746	0.02063	0.01266	0.01461	0.01040	0.00785	0.00694	0.00201	0.01291	0.00520	0.00415	0.00929
35	0.01037	0.00767	0.00970	0.00952	0.01130	0.00700	0.00712	0.01346	0.01998	0.02747	0.49881	0.12428	0.16645	0.01710	0.00908	0.00252	0.00383	0.03943	0.00796	0.00693
36	0.02806	0.02050	0.02194	0.01691	0.02275	0.02266	0.01394	0.62707	0.03463	0.04678	0.01855	0.01874	0.01324	0.00909	0.00747	0.00225	0.00809	0.00684	0.04789	0.01259
37	0.01852	0.01590	0.01689	0.01536	0.01951	0.01833	0.01202	0.03901	0.63804	0.03126	0.03136	0.03130	0.02423	0.01085	0.00786	0.00262	0.00605	0.04145	0.00768	0.01174
38	0.01529	0.03806	0.65929	0.02153	0.03216	0.01791	0.02743	0.02372	0.01579	0.02372	0.01342	0.01604	0.00963	0.00752	0.00812	0.00245	0.04800	0.00566	0.00321	0.01106
39	0.01761	0.01749	0.02423	0.07095	0.02362	0.04497	0.05007	0.05735	0.01396	0.02042	0.01104	0.01706	0.01022	0.01208	0.02118	0.00311	0.56559	0.00672	0.00362	0.00870
40	0.78701	0.01467	0.01115	0.00997	0.01467	0.01702	0.00821	0.02230	0.01291	0.03403	0.01056	0.01232	0.00821	0.00704	0.00469	0.00235	0.00587	0.00411	0.00469	0.00821
41	0.01983	0.08404	0.02077	0.01393	0.02019	0.01531	0.04352	0.14844	0.04052	0.06901	0.01684	0.04409	0.01374	0.00749	0.00645	0.00167	0.00678	0.00610	0.00545	0.41583
42	0.00931	0.00666	0.00887	0.01051	0.01102	0.00621	0.00705	0.01074	0.01485	0.01989	0.07248	0.69630	0.05119	0.02337	0.00965	0.00305	0.00436	0.02119	0.00710	0.00621
43	0.02122	0.02033	0.02825	0.03902	0.51047	0.11075	0.02088	0.05474	0.01874	0.05769	0.01474	0.01833	0.01202	0.00736	0.00800	0.00225	0.03290	0.00655	0.00422	0.01154
44	0.01291	0.00823	0.01083	0.00991	0.01208	0.00753	0.00753	0.01643	0.02149	0.09204	0.62131	0.05378	0.06665	0.01494	0.00882	0.00238	0.00385	0.01315	0.00845	0.00769
45	0.01860	0.01785	0.03048	0.07185	0.66214	0.01798	0.02319	0.02313	0.01719	0.02458	0.01424	0.01883	0.01194	0.00679	0.00751	0.00226	0.00905	0.00676	0.00374	0.01188
46	0.03136	0.01308	0.01704	0.01341	0.01876	0.03187	0.01097	0.03428	0.02112	0.59922	0.05948	0.02714	0.02100	0.01249	0.04961	0.00293	0.00737	0.00786	0.00885	0.01214
47	0.00918	0.00769	0.00798	0.00791	0.01038	0.00650	0.00593	0.01130	0.01780	0.02170	0.15075	0.07100	0.60837	0.01876	0.00896	0.00254	0.00381	0.01573	0.00720	0.00650
48	0.01084	0.00813	0.01219	0.01219	0.01354	0.00948	0.00948	0.01354	0.01219	0.01761	0.02032	0.02980	0.01896	0.05689	0.70337	0.01219	0.02032	0.00813	0.00406	0.00677
49	0.06584	0.01338	0.01757	0.01353	0.01936	0.01198	0.01118	0.06570	0.02199	0.63310	0.02855	0.02488	0.01805	0.00927	0.00750	0.00234	0.00652	0.00744	0.00910	0.01271
50	0.01517	0.03663	0.62295	0.02168	0.03223	0.01722	0.06506	0.02358	0.01638	0.02434	0.04503	0.01819	0.01263	0.00755	0.00739	0.00241	0.01095	0.00619	0.00348	0.01096
51	0.02675	0.01970	0.02125	0.01663	0.02218	0.02185	0.01365	0.56726	0.06702	0.04456	0.01926	0.01977	0.01403	0.01164	0.04363	0.00279	0.00864	0.00700	0.04011	0.01229
52	0.02460	0.01902	0.02025	0.01641	0.02172	0.02129	0.01327	0.41673	0.26356	0.04114	0.02469	0.02364	0.03866	0.00986	0.00768	0.00239	0.00736	0.00776	0.00762	0.01236
53	0.02101	0.01409	0.01643	0.01456	0.05066	0.01490	0.03059	0.28288	0.02418	0.06145	0.02216	0.05469	0.01770	0.03144	0.00776	0.00228	0.00635	0.00779	0.30916	0.00993
54	0.01014	0.00761	0.00940	0.00920	0.01103	0.00687	0.00680	0.01307	0.01971	0.02681	0.46572	0.13261	0.21859	0.01730	0.00903	0.00250	0.00373	0.01512	0.00789	0.00687
55	0.02417	0.04694	0.05270	0.01595	0.02091	0.01949	0.01344	0.37228	0.06095	0.09970	0.02093	0.06698	0.01707	0.06033	0.02805	0.00298	0.05102	0.00808	0.00680	0.01122
56	0.02743	0.02033	0.02174	0.01694	0.02270	0.02257	0.01390	0.58182	0.09557	0.04567	0.01962	0.01948	0.01408	0.00921	0.00753	0.00229	0.00797	0.00700	0.03151	0.01263
57	0.02198	0.01573	0.01756	0.04086	0.01950	0.01741	0.01171	0.37894	0.02676	0.03752	0.05949	0.02473	0.01859	0.04755	0.04267	0.00295	0.03273	0.00755	0.16545	0.01031
58	0.02799	0.02083	0.02229	0.01728	0.02320	0.02313	0.01421	0.60833	0.08953	0.04644	0.01928	0.01906	0.01377	0.00921	0.00760	0.00230	0.00815	0.00698	0.00760	0.01282
59	0.74162	0.01456	0.01154	0.01019	0.01495	0.01666	0.00839	0.02318	0.01344	0.07366	0.01173	0.01314	0.00885	0.00718	0.00487	0.00235	0.00590	0.00432	0.00498	0.00850
60	0.01950	0.02174	0.05894	0.28940	0.23695	0.17771	0.02037	0.04557	0.01804	0.02206	0.01348	0.01797	0.01068	0.00742	0.00737	0.00229	0.01060	0.00626	0.00375	0.00990
61	0.00989	0.00772	0.00897	0.00865	0.01081	0.00680	0.00649	0.01268	0.01947	0.02568	0.39297	0.06446	0.36367	0.01728	0.00895	0.00247	0.00370	0.01481	0.00773	0.00680
62	0.01693	0.02906	0.33901	0.02574	0.06148	0.04507	0.22928	0.02354	0.01629	0.02315	0.01363	0.01756	0.01038	0.00777	0.01016	0.00255	0.10762	0.00685	0.00347	0.01044
63	0.00918	0.00685	0.00854	0.00990	0.01083	0.00622	0.00675	0.01064	0.01516	0.01962	0.04988	0.57742	0.19601	0.02271	0.00952	0.00296	0.00427	0.02028	0.00704	0.00622
64	0.78701	0.01467	0.01115	0.00997	0.01467	0.01702	0.00821	0.02230	0.01291	0.03403	0.01056	0.01232	0.00821	0.00704	0.00469	0.00235	0.00587	0.00411	0.00469	0.00821
65	0.01805	0.01770	0.02237	0.01921	0.02001	0.06339	0.01581	0.07679	0.01453	0.02100	0.01238	0.05169	0.01220	0.01309	0.02149	0.00313	0.57731	0.00729	0.00392	0.00864
66	0.01083	0.00775	0.00954	0.00932	0.01126	0.00695	0.00690	0.01363	0.01939	0.04837	0.40850	0.15300	0.23165	0.01744	0.00901	0.00253	0.00386	0.01522	0.00785	0.00701
67	0.01666	0.01678	0.02425	0.02048	0.02084	0.02304	0.04681	0.01854	0.01191	0.01854	0.01021	0.01678	0.01003	0.01295	0.02414	0.00328	0.68629	0.00675	0.00334	0.00839
68	0.78701	0.01467	0.01115	0.00997	0.01467	0.01702	0.00821	0.02230	0.01291	0.03403	0.01056	0.01232	0.00821	0.00704	0.00469	0.00235	0.00587	0.00411	0.00469	0.00821
69	0.02157	0.15149	0.20591	0.02202	0.08884	0.28809	0.05242	0.02593	0.01818	0.02077	0.01269	0.01531	0.01027	0.00854	0.02495	0.00234	0.01177	0.00541	0.00359	0.00992
70	0.02907	0.01422	0.01763	0.01420	0.01951	0.01389	0.01149	0.09338	0.17504	0.45310	0.02953	0.05229	0.02045	0.01012	0.00772	0.00242	0.00644	0.00830	0.00874	0.01244
71	0.01655	0.01475	0.01575	0.04511	0.01903	0.05040	0.01141	0.03010	0.40361	0.02714	0.06274	0.14782	0.05965	0.01314	0.00901	0.00265	0.04314	0.01099	0.00699	0.01001
72	0.01074	0.00775	0.01014	0.00954	0.01133	0.00716	0.00716	0.01431	0.02147	0.03042	0.68211	0.05666	0.07157	0.01551	0.00895	0.00239	0.00358	0.01372	0.00835	0.00716
73	0.01735	0.01951	0.09591	0.07997	0.29449	0.01725	0.24147	0.02254	0.01681	0.02379	0.01496	0.01984	0.01189	0.00777	0.00894	0.03960	0.01023	0.00741	0.03983	0.01043
74	0.02773	0.02957	0.02156	0.01851	0.02317	0.42085	0.01436	0.24120	0.07925	0.02938	0.01545	0.01638	0.01190	0.00845	0.00716	0.00211	0.01128	0.00583	0.00544	0.01042
75	0.01620	0.12062	0.26085	0.05313	0.08343	0.04893	0.01813	0.02145	0.01766	0.04900	0.14705	0.02973	0.05928	0.00996	0.00749	0.00231	0.00845	0.03175	0.00487	0.00969
76	0.02037	0.01741	0.05192	0.04759	0.05062	0.01840	0.01386	0.21065	0.26337	0.03363	0.02372	0.02638	0.01850	0.01005	0.00832	0.00246	0.04060	0.03927	0.09180	0.01109
77	0.78701	0.01467	0.01115	0.00997	0.01467	0.01702	0.00821	0.02230	0.01291	0.03403	0.01056	0.01232	0.00821	0.00704	0.00469	0.00235	0.00587	0.00411	0.00469	0.00821
78	0.02249	0.49425	0.03352	0.01527	0.02067	0.22927	0.01365	0.02474	0.01703	0.01808	0.01087	0.01283	0.00976	0.00722	0.00644	0.00180	0.04486	0.00443	0.00345	0.00938
79	0.01592	0.01317	0.01392	0.01296	0.01633	0.01350	0.00976	0.02643	0.32052	0.02881	0.13925	0.05102	0.27447	0.01552	0.00915	0.00289	0.00554	0.01256	0.00811	0.01015
80	0.01040	0.00790	0.01007	0.04498	0.01306	0.00739	0.00748	0.01337	0.01927	0.02620	0.43649	0.12615	0.19563	0.03602	0.00975	0.00263	0.00415	0.01458	0.00759	0.00689
81	0.00929	0.00770	0.00814	0.00803	0.01045	0.00654	0.00602	0.01152	0.01807	0.02234	0.18943	0.06996	0.56929	0.01852	0.00896	0.00253	0.00379	0.01558	0.00729	0.00654
82	0.04683	0.71294	0.03876	0.01287	0.01930	0.02956	0.01281	0.02270	0.01533	0.01841	0.01055	0.01217	0.00968	0.00651	0.00486	0.00165	0.00803	0.00406	0.00329	0.00968
83	0.57386	0.01652	0.01441	0.01208	0.01716	0.01885	0.00996	0.20181	0.01931	0.03790	0.01271	0.01398	0.00953	0.00762	0.00551	0.00233	0.00656	0.00487	0.00551	0.00953
84	0.02883	0.02125	0.02276	0.01745	0.02352	0.02352	0.01442	0.66082	0.03566	0.04780	0.01821	0.01821	0.01290	0.00911	0.00759	0.00228	0.00835	0.00683	0.00759	0.01290
85	0.02682	0.10364	0.02331	0.01793	0.02259	0.40949	0.01417	0.20598	0.02441	0.02666	0.01383	0.01555	0.01108	0.01034	0.03947	0.00249	0.01191	0.00550	0.00488	0.00995

[dist]
# distance from previous block
# <min> <max>
0	1

[block]
# block no. 8 follows, 26 sequences, length 57
# corresponding to MSA columns:
# 341-397
name=unknown_I
#
# <colnr> <probs for GDERKNQSTAVLIFYWHMCP>
#	G	D	E	R	K	N	Q	S	T	A	V	L	I	F	Y	W	H	M	C	P
0	0.42783	0.05372	0.01750	0.01329	0.01865	0.02042	0.01108	0.29244	0.02266	0.03905	0.01380	0.01481	0.01027	0.00789	0.00593	0.00228	0.00703	0.00526	0.00585	0.01027
1	0.01708	0.04969	0.01406	0.01135	0.01341	0.01182	0.00836	0.07886	0.01623	0.12120	0.05055	0.08264	0.02513	0.31874	0.05576	0.00499	0.05781	0.00991	0.04481	0.00761
2	0.00944	0.00675	0.00901	0.01066	0.01122	0.00632	0.00727	0.01096	0.01499	0.02004	0.07294	0.66845	0.05093	0.02324	0.00968	0.00306	0.00447	0.04722	0.00710	0.00624
3	0.01831	0.01758	0.02737	0.09110	0.45186	0.04257	0.04752	0.02500	0.10350	0.02488	0.01809	0.02452	0.01536	0.00827	0.00778	0.00240	0.00890	0.04932	0.00447	0.01120
4	0.01423	0.00850	0.01103	0.01008	0.01251	0.00767	0.00767	0.01741	0.02066	0.13544	0.47867	0.09839	0.11725	0.01541	0.00878	0.00244	0.00412	0.01347	0.00831	0.00795
5	0.02272	0.01675	0.01846	0.01487	0.01898	0.01843	0.01175	0.43266	0.02806	0.03785	0.07981	0.04689	0.02194	0.15036	0.01448	0.00333	0.03671	0.00866	0.00689	0.01040
6	0.02569	0.01969	0.02099	0.01682	0.02233	0.02205	0.01366	0.46526	0.23634	0.04274	0.02220	0.02139	0.01613	0.00948	0.00763	0.00237	0.00761	0.00738	0.00763	0.01262
7	0.02053	0.03950	0.06741	0.05387	0.05656	0.22793	0.03102	0.02449	0.05508	0.04813	0.04426	0.02067	0.03725	0.01025	0.01271	0.00254	0.22740	0.00682	0.00437	0.00920
