[name]
unknown

[dist]
# distance from previous block
# <min> <max>
17	41

[block]
# block no. 0 follows, 25 sequences, length 50
# corresponding to MSA columns:
# 46-95
name=unknown_A
#
# <colnr> <probs for GDERKNQSTAVLIFYWHMCP>
#	G	D	E	R	K	N	Q	S	T	A	V	L	I	F	Y	W	H	M	C	P
0	0.06123	0.05935	0.04536	0.01606	0.02031	0.27428	0.03775	0.02582	0.04136	0.10423	0.08790	0.06862	0.07666	0.01131	0.00772	0.00234	0.00931	0.03538	0.00581	0.00919
1	0.01386	0.01077	0.01214	0.04282	0.01542	0.02748	0.00891	0.05581	0.07040	0.04578	0.09829	0.12856	0.22521	0.10991	0.01287	0.00329	0.00590	0.06800	0.00679	0.03778
2	0.08365	0.01570	0.01643	0.01331	0.01784	0.01703	0.01080	0.35250	0.02687	0.06796	0.02088	0.02212	0.01543	0.00906	0.00670	0.00215	0.00651	0.00688	0.27750	0.01070
3	0.06515	0.37714	0.32945	0.01705	0.02574	0.02417	0.01988	0.02379	0.01587	0.02209	0.01219	0.01421	0.00980	0.00700	0.00604	0.00206	0.00957	0.00486	0.00339	0.01053
4	0.10363	0.04696	0.02051	0.01517	0.02105	0.01915	0.01259	0.35462	0.02799	0.21026	0.02072	0.02011	0.01435	0.00891	0.00719	0.00226	0.00746	0.00672	0.03790	0.04243
5	0.05277	0.04430	0.07929	0.12507	0.12887	0.04910	0.05016	0.17936	0.11097	0.07622	0.01848	0.02024	0.01369	0.00836	0.00756	0.00240	0.00904	0.00697	0.00567	0.01148
6	0.01063	0.00766	0.01009	0.01018	0.01166	0.00711	0.00747	0.01369	0.01997	0.02789	0.48919	0.23064	0.06649	0.01823	0.00939	0.00266	0.00400	0.03786	0.00814	0.00705
7	0.01930	0.04922	0.01842	0.01452	0.01818	0.01613	0.04351	0.19357	0.07735	0.05647	0.02688	0.08832	0.06722	0.03335	0.06507	0.00337	0.06093	0.00937	0.12911	0.00970
8	0.00956	0.00689	0.00906	0.01059	0.01124	0.00639	0.00715	0.01111	0.01553	0.02073	0.09419	0.64220	0.07981	0.02343	0.00981	0.00307	0.00441	0.02117	0.00730	0.00639
9	0.02358	0.01928	0.01983	0.04542	0.04972	0.08796	0.01312	0.35272	0.07112	0.03517	0.02040	0.04992	0.01757	0.14319	0.01366	0.00332	0.00869	0.00823	0.00645	0.01065
10	0.03129	0.01269	0.01705	0.01338	0.01881	0.01121	0.01094	0.03512	0.04753	0.57962	0.10871	0.03031	0.02591	0.01039	0.00796	0.00241	0.00622	0.00859	0.00940	0.01245
11	0.01653	0.01391	0.01616	0.01181	0.01837	0.01092	0.00941	0.05483	0.01717	0.02635	0.01537	0.04839	0.01339	0.00679	0.00604	0.00131	0.00584	0.00552	0.00489	0.69699
12	0.04925	0.24540	0.17120	0.01666	0.02366	0.03868	0.03720	0.06257	0.06535	0.13215	0.01693	0.01779	0.01269	0.00804	0.00747	0.00219	0.04079	0.00591	0.00506	0.04103
13	0.02534	0.01589	0.05175	0.01463	0.01995	0.01495	0.01230	0.10583	0.21383	0.29714	0.07702	0.03091	0.06347	0.01078	0.00798	0.00248	0.00656	0.00885	0.00833	0.01201
14	0.01066	0.00791	0.00993	0.00942	0.01139	0.00718	0.00707	0.01402	0.02121	0.02933	0.57148	0.06082	0.17783	0.01651	0.00915	0.00247	0.00370	0.01443	0.00830	0.00718
15	0.02180	0.15199	0.02263	0.01601	0.02072	0.16264	0.01298	0.08436	0.31268	0.02762	0.02473	0.02565	0.04355	0.00989	0.00730	0.00232	0.00832	0.02779	0.00617	0.01084
16	0.00976	0.00702	0.00932	0.01105	0.01172	0.00658	0.00770	0.01136	0.01527	0.02020	0.04395	0.63050	0.07494	0.02381	0.00995	0.00317	0.00475	0.08535	0.00719	0.00640
17	0.01591	0.03145	0.44613	0.02184	0.03157	0.01669	0.13382	0.02343	0.01691	0.02499	0.04294	0.01893	0.01316	0.00735	0.00752	0.00229	0.01056	0.00652	0.00381	0.12419
18	0.01641	0.07489	0.41549	0.04958	0.04881	0.04464	0.12530	0.02349	0.01699	0.02383	0.04004	0.05459	0.01471	0.00840	0.00771	0.00245	0.01088	0.00737	0.00383	0.01060
19	0.04898	0.04696	0.02275	0.06950	0.05418	0.22626	0.08015	0.07407	0.03827	0.05531	0.01713	0.05592	0.01492	0.04134	0.05104	0.04288	0.03892	0.00747	0.00478	0.00918
20	0.09957	0.01802	0.01935	0.01567	0.02047	0.02016	0.01262	0.36477	0.12485	0.06550	0.04712	0.02395	0.01802	0.06642	0.01095	0.00285	0.04353	0.00763	0.00713	0.01143
21	0.02457	0.02285	0.10044	0.04323	0.04845	0.03836	0.07398	0.39974	0.07606	0.03920	0.01916	0.04428	0.01459	0.00929	0.00790	0.00242	0.00918	0.00764	0.00652	0.01214
22	0.09000	0.07774	0.07905	0.02351	0.18691	0.01650	0.04366	0.03027	0.04461	0.29925	0.02125	0.02128	0.01485	0.00819	0.00730	0.00234	0.00801	0.00689	0.00638	0.01199
23	0.02656	0.03066	0.02075	0.01849	0.02263	0.48761	0.01407	0.10271	0.10129	0.02492	0.06282	0.01948	0.01655	0.00901	0.00734	0.00214	0.01166	0.00633	0.00523	0.00975
24	0.00971	0.00776	0.00869	0.00870	0.01087	0.00674	0.00643	0.01210	0.01862	0.02375	0.24668	0.13483	0.43975	0.01901	0.00923	0.00262	0.00391	0.01626	0.00758	0.00674
25	0.01889	0.01679	0.01729	0.01529	0.01943	0.05100	0.01195	0.06185	0.46786	0.03050	0.05260	0.03072	0.07056	0.01107	0.00875	0.00253	0.04245	0.00890	0.00725	0.05434
26	0.00969	0.00784	0.00837	0.00848	0.01067	0.00681	0.00626	0.01164	0.01726	0.02117	0.11349	0.09313	0.51425	0.09025	0.01229	0.00316	0.00445	0.04730	0.00704	0.00644
27	0.02006	0.01894	0.07377	0.01661	0.02154	0.01956	0.01404	0.13524	0.45099	0.03310	0.02666	0.02590	0.02013	0.01286	0.04726	0.00315	0.03302	0.00813	0.00712	0.01191
28	0.02656	0.01774	0.01990	0.01589	0.02121	0.01883	0.01284	0.40560	0.07090	0.14683	0.02439	0.11286	0.01978	0.01127	0.00798	0.00242	0.00743	0.00912	0.00787	0.04059
29	0.02947	0.02172	0.02327	0.01784	0.02404	0.02404	0.01474	0.65329	0.03646	0.04887	0.01862	0.01862	0.01319	0.00931	0.00776	0.00233	0.00853	0.00698	0.00776	0.01319
30	0.02779	0.01816	0.02034	0.01603	0.02140	0.01937	0.01299	0.45344	0.03074	0.16055	0.02326	0.08549	0.01843	0.04343	0.00940	0.00265	0.00777	0.00869	0.00790	0.01217
31	0.02076	0.01338	0.01687	0.05496	0.02070	0.01101	0.01056	0.02416	0.01751	0.20069	0.01859	0.01977	0.01383	0.00928	0.03789	0.00209	0.00694	0.00576	0.00584	0.48943
32	0.03667	0.00893	0.03695	0.01103	0.01267	0.00761	0.00828	0.01382	0.01717	0.04736	0.22364	0.45302	0.05341	0.02008	0.00933	0.00286	0.00466	0.01796	0.00743	0.00711
33	0.02691	0.03345	0.02328	0.02126	0.05019	0.57431	0.04621	0.02930	0.02092	0.01982	0.01229	0.01475	0.01025	0.00798	0.00780	0.00205	0.04132	0.00532	0.00399	0.04859
34	0.01691	0.01729	0.06142	0.05683	0.02839	0.01626	0.26084	0.07975	0.10294	0.02860	0.16147	0.03163	0.04887	0.01208	0.03859	0.00297	0.00957	0.00986	0.00582	0.00993
35	0.02461	0.01917	0.02057	0.01649	0.02213	0.02102	0.01333	0.37823	0.25159	0.04082	0.02260	0.02192	0.01664	0.00937	0.00760	0.00231	0.00742	0.00736	0.00748	0.08932
36	0.01913	0.01064	0.01342	0.01196	0.01523	0.01016	0.00926	0.02470	0.11122	0.22512	0.24535	0.11418	0.07426	0.04273	0.00991	0.00278	0.00528	0.03677	0.00835	0.00953
37	0.01399	0.01137	0.01230	0.01174	0.01407	0.06324	0.00891	0.01929	0.09637	0.04921	0.37048	0.11686	0.08870	0.01745	0.03702	0.00297	0.00584	0.04445	0.00768	0.00806
38	0.00975	0.00773	0.00867	0.00890	0.01090	0.00678	0.00653	0.01187	0.01766	0.02229	0.17004	0.16884	0.42295	0.05438	0.01081	0.00295	0.00427	0.04080	0.00730	0.00657
39	0.01497	0.01486	0.04848	0.05418	0.02294	0.01627	0.12177	0.04142	0.01520	0.02169	0.06002	0.06849	0.02014	0.05249	0.18231	0.00544	0.21739	0.00912	0.00445	0.00837
40	0.01045	0.00717	0.00870	0.00951	0.00971	0.00697	0.00582	0.01106	0.01288	0.01717	0.03265	0.35244	0.03856	0.41165	0.02618	0.00556	0.00616	0.01611	0.00582	0.00542
41	0.02823	0.03573	0.02208	0.02000	0.02375	0.65509	0.01510	0.03021	0.02135	0.01896	0.01187	0.01417	0.01000	0.00833	0.00812	0.00208	0.05691	0.00510	0.00396	0.00896
42	0.01047	0.00786	0.00944	0.00907	0.01095	0.00711	0.00664	0.01327	0.01964	0.02653	0.43552	0.06212	0.24594	0.08716	0.01214	0.00299	0.00412	0.01444	0.00776	0.00683
43	0.01872	0.01616	0.01699	0.01533	0.01962	0.01857	0.01191	0.03951	0.62866	0.03179	0.03421	0.03150	0.06042	0.01103	0.00796	0.00263	0.00601	0.00919	0.00785	0.01195
44	0.01300	0.08028	0.01522	0.01225	0.01420	0.01219	0.00959	0.04704	0.01384	0.01918	0.02019	0.03096	0.01939	0.14563	0.50004	0.01018	0.01703	0.00825	0.00433	0.00723
45	0.02726	0.02136	0.04918	0.01906	0.05188	0.02268	0.01543	0.49962	0.08874	0.06690	0.01948	0.01967	0.01403	0.00942	0.00847	0.00240	0.03718	0.00711	0.00731	0.01281
46	0.02947	0.02172	0.02327	0.01784	0.02404	0.02404	0.01474	0.65329	0.03646	0.04887	0.01862	0.01862	0.01319	0.00931	0.00776	0.00233	0.00853	0.00698	0.00776	0.01319
47	0.02037	0.01940	0.05933	0.08698	0.38447	0.06648	0.04478	0.02597	0.06084	0.08965	0.02030	0.02303	0.04713	0.00821	0.00778	0.00237	0.00918	0.00749	0.00480	0.01145
48	0.02364	0.07029	0.04932	0.10356	0.05320	0.31971	0.03678	0.11554	0.04456	0.02437	0.01707	0.03637	0.03419	0.00932	0.00796	0.02199	0.01106	0.00668	0.00469	0.00970
49	0.02185	0.08097	0.01941	0.01588	0.01942	0.37157	0.01220	0.02600	0.07297	0.02383	0.22332	0.02896	0.03107	0.01057	0.00759	0.00216	0.00964	0.00809	0.00569	0.00880

[dist]
# distance from previous block
# <min> <max>
0	2

[block]
# block no. 1 follows, 25 sequences, length 40
# corresponding to MSA columns:
# 98-137
name=unknown_B
#
# <colnr> <probs for GDERKNQSTAVLIFYWHMCP>
#	G	D	E	R	K	N	Q	S	T	A	V	L	I	F	Y	W	H	M	C	P
0	0.02526	0.02077	0.07124	0.01686	0.02264	0.02094	0.01450	0.47075	0.08560	0.04241	0.02142	0.06839	0.01685	0.01028	0.00774	0.00239	0.00797	0.00809	0.05375	0.01214
1	0.00941	0.00782	0.00823	0.00822	0.01065	0.00664	0.00613	0.01157	0.01812	0.02222	0.15483	0.09835	0.57248	0.01933	0.00919	0.00262	0.00392	0.01629	0.00737	0.00664
2	0.00952	0.00778	0.00841	0.00844	0.01074	0.00667	0.00626	0.01175	0.01824	0.02273	0.18567	0.12243	0.51582	0.01930	0.00922	0.00263	0.00392	0.01638	0.00745	0.00667
3	0.10369	0.01621	0.02121	0.01875	0.04701	0.01848	0.09280	0.06633	0.26480	0.02875	0.02380	0.10831	0.02065	0.01160	0.01069	0.00275	0.11830	0.00944	0.00609	0.01034
4	0.00950	0.00679	0.00905	0.01076	0.01126	0.00633	0.00720	0.01093	0.01510	0.02020	0.06543	0.69859	0.05207	0.02399	0.00987	0.00312	0.00447	0.02175	0.00725	0.00633
5	0.01608	0.01378	0.01608	0.01148	0.01837	0.01034	0.00919	0.01952	0.01608	0.02527	0.01378	0.01608	0.01148	0.00574	0.00574	0.00115	0.00574	0.00459	0.00459	0.77491
6	0.06668	0.15875	0.31706	0.02353	0.08000	0.02070	0.14905	0.02491	0.04449	0.02451	0.01431	0.01708	0.01093	0.00715	0.00717	0.00233	0.01045	0.00625	0.00375	0.01088
7	0.01730	0.02792	0.28003	0.02882	0.03798	0.01902	0.42373	0.02473	0.01760	0.02473	0.01504	0.01926	0.01106	0.00684	0.00850	0.00256	0.01248	0.00790	0.00369	0.01082
8	0.01091	0.00787	0.01030	0.00980	0.01157	0.00727	0.00731	0.01447	0.02164	0.03060	0.64757	0.08680	0.07221	0.01622	0.00918	0.00247	0.00369	0.01437	0.00848	0.00727
9	0.01191	0.01046	0.03915	0.01410	0.04983	0.00936	0.03483	0.01608	0.06625	0.02399	0.18727	0.32274	0.07227	0.06380	0.01123	0.00313	0.00558	0.04347	0.00694	0.00762
10	0.01033	0.00764	0.01059	0.01299	0.04747	0.00724	0.00855	0.01221	0.01574	0.02116	0.08495	0.58454	0.05014	0.02253	0.00979	0.00309	0.00492	0.07223	0.00711	0.00676
11	0.01841	0.01514	0.01744	0.04018	0.02058	0.01371	0.01086	0.13555	0.07927	0.02971	0.01770	0.05236	0.01481	0.00781	0.00658	0.00165	0.00640	0.00635	0.00555	0.49994
12	0.02277	0.01645	0.13031	0.04393	0.02113	0.01191	0.01353	0.02788	0.05189	0.31935	0.17017	0.03504	0.07897	0.01130	0.00812	0.00245	0.00673	0.00945	0.00775	0.01088
13	0.24220	0.09379	0.19448	0.02020	0.09623	0.07222	0.04581	0.02509	0.01630	0.07643	0.01381	0.01600	0.01052	0.00764	0.00728	0.00235	0.03945	0.00556	0.00435	0.01028
14	0.03035	0.01914	0.01969	0.01592	0.02142	0.11655	0.01281	0.17499	0.12451	0.34352	0.02531	0.02321	0.01718	0.00944	0.00768	0.00236	0.00805	0.00735	0.00809	0.01243
15	0.02013	0.01671	0.01876	0.01618	0.02074	0.01873	0.03596	0.15317	0.44023	0.03431	0.05544	0.03245	0.04996	0.01124	0.00815	0.00261	0.00671	0.03911	0.00768	0.01171
16	0.07361	0.01942	0.02087	0.01651	0.02214	0.02133	0.01348	0.47934	0.09060	0.09138	0.02150	0.05748	0.01634	0.01011	0.00771	0.00241	0.00780	0.00784	0.00769	0.01244
17	0.01846	0.01159	0.01406	0.01222	0.01544	0.01156	0.00943	0.11898	0.07906	0.14242	0.32312	0.09720	0.04631	0.05214	0.01028	0.00276	0.00540	0.01193	0.00822	0.00942
18	0.02394	0.02025	0.02110	0.01733	0.02255	0.07829	0.03640	0.29594	0.27286	0.03712	0.02279	0.02260	0.01704	0.01129	0.03406	0.00277	0.00861	0.00753	0.00709	0.04044
19	0.01128	0.00752	0.00846	0.00846	0.00846	0.00752	0.00470	0.01128	0.01128	0.01503	0.02443	0.05074	0.02819	0.72751	0.03946	0.00752	0.00752	0.01128	0.00470	0.00470
20	0.02199	0.03271	0.28039	0.01954	0.02676	0.25008	0.01954	0.05312	0.12376	0.04945	0.01689	0.01802	0.01264	0.00819	0.00730	0.00228	0.01099	0.00605	0.00471	0.03557
21	0.01092	0.00788	0.01032	0.00979	0.01157	0.00728	0.00731	0.01450	0.02170	0.03070	0.65322	0.08086	0.07240	0.01614	0.00917	0.00246	0.00369	0.01430	0.00849	0.00728
22	0.01837	0.01625	0.02400	0.01959	0.02391	0.01774	0.16349	0.06657	0.25390	0.05207	0.02677	0.07233	0.04173	0.01339	0.03727	0.00315	0.09013	0.04265	0.00624	0.01046
23	0.06366	0.01523	0.01894	0.01458	0.02058	0.01455	0.01205	0.17898	0.02512	0.51192	0.02703	0.02404	0.01737	0.00943	0.00767	0.00238	0.00702	0.00746	0.00898	0.01300
24	0.01655	0.02005	0.12892	0.11253	0.17350	0.01961	0.04879	0.02066	0.01478	0.02155	0.01442	0.06089	0.01318	0.01073	0.01479	0.00285	0.28500	0.00769	0.00373	0.00976
25	0.07531	0.27388	0.11118	0.01844	0.07258	0.07901	0.01603	0.04997	0.01755	0.11310	0.01451	0.01626	0.01142	0.00822	0.00852	0.00222	0.09119	0.00555	0.00455	0.01053
26	0.01238	0.00897	0.01134	0.01037	0.01253	0.00859	0.00788	0.06312	0.02305	0.03244	0.62521	0.05493	0.06861	0.01535	0.00904	0.00243	0.00403	0.01349	0.00848	0.00776
27	0.78228	0.01499	0.01140	0.01020	0.01499	0.01739	0.00840	0.02279	0.01320	0.03479	0.01080	0.01260	0.00840	0.00720	0.00480	0.00240	0.00600	0.00420	0.00480	0.00840
28	0.01830	0.02092	0.04575	0.03268	0.04052	0.01961	0.65098	0.02484	0.01830	0.02484	0.01569	0.02092	0.01176	0.00654	0.00915	0.00261	0.01307	0.00915	0.00392	0.01046
29	0.01097	0.00793	0.01036	0.00975	0.01158	0.00732	0.00732	0.01463	0.02195	0.03109	0.67505	0.05792	0.07316	0.01585	0.00914	0.00244	0.00366	0.01402	0.00854	0.00732
30	0.01929	0.01666	0.01753	0.01578	0.02016	0.01929	0.01227	0.04120	0.66513	0.03243	0.03156	0.02893	0.02367	0.01052	0.00789	0.00263	0.00614	0.00877	0.00789	0.01227
31	0.02605	0.01401	0.01704	0.01402	0.01890	0.01400	0.01125	0.08603	0.20462	0.34007	0.13619	0.03166	0.02886	0.01086	0.00804	0.00246	0.00614	0.00903	0.00879	0.01196
32	0.01231	0.00982	0.01411	0.01348	0.01454	0.01207	0.01057	0.01475	0.01243	0.01837	0.01920	0.02913	0.01823	0.08866	0.50552	0.01007	0.14769	0.00816	0.03380	0.00709
33	0.00945	0.00675	0.00900	0.01080	0.01125	0.00630	0.00720	0.01080	0.01484	0.01979	0.04274	0.72245	0.05128	0.02429	0.00990	0.00315	0.00450	0.02204	0.00720	0.00630
34	0.01262	0.00947	0.01326	0.01263	0.01452	0.00957	0.05254	0.05812	0.01656	0.02282	0.06212	0.24846	0.07331	0.10296	0.14524	0.00519	0.00890	0.06038	0.06411	0.00720
35	0.06757	0.01941	0.02047	0.01607	0.02160	0.02147	0.01318	0.51639	0.06107	0.04500	0.01957	0.01998	0.01420	0.00922	0.00733	0.00228	0.00770	0.00694	0.09837	0.01218
36	0.02803	0.11548	0.02408	0.01922	0.02351	0.62118	0.01479	0.03009	0.02127	0.01889	0.01185	0.01381	0.00998	0.00784	0.00676	0.00196	0.01334	0.00490	0.00392	0.00910
37	0.02678	0.10049	0.02228	0.01673	0.02154	0.29438	0.01336	0.19738	0.05036	0.07905	0.01722	0.01816	0.01312	0.00853	0.00692	0.00209	0.00996	0.00604	0.08513	0.01049
38	0.02247	0.01739	0.01870	0.01603	0.02090	0.01962	0.01269	0.16157	0.49242	0.08518	0.02893	0.02670	0.02126	0.01021	0.00786	0.00255	0.00664	0.00834	0.00799	0.01252
39	0.02037	0.43547	0.16489	0.01648	0.02317	0.08119	0.01689	0.05104	0.01689	0.02093	0.01178	0.01407	0.01009	0.00771	0.00780	0.00205	0.08055	0.00492	0.00356	0.01016

[dist]
# distance from previous block
# <min> <max>
1	6

[block]
# block no. 2 follows, 25 sequences, length 104
# corresponding to MSA columns:
# 144-247
name=unknown_C
#
# <colnr> <probs for GDERKNQSTAVLIFYWHMCP>
#	G	D	E	R	K	N	Q	S	T	A	V	L	I	F	Y	W	H	M	C	P
0	0.01983	0.03808	0.01680	0.01387	0.01801	0.04258	0.01089	0.11551	0.22500	0.10032	0.13576	0.10088	0.05768	0.01235	0.00806	0.00243	0.00622	0.01035	0.00755	0.05782
1	0.01464	0.01378	0.02326	0.70887	0.05340	0.01723	0.02153	0.01981	0.01550	0.01981	0.01378	0.02067	0.01034	0.00775	0.00775	0.00258	0.01034	0.00689	0.00345	0.00861
2	0.00918	0.00779	0.00793	0.00804	0.01052	0.00653	0.00597	0.01111	0.01750	0.02087	0.07633	0.11469	0.63736	0.01992	0.00921	0.00265	0.00396	0.01672	0.00720	0.00653
3	0.01475	0.01393	0.02328	0.67657	0.05185	0.01753	0.02132	0.01976	0.01533	0.01976	0.01361	0.02050	0.01033	0.00802	0.00858	0.00262	0.04332	0.00689	0.00344	0.00861
4	0.01128	0.00752	0.00846	0.00846	0.00846	0.00752	0.00470	0.01128	0.01128	0.01503	0.02443	0.05074	0.02819	0.72751	0.03946	0.00752	0.00752	0.01128	0.00470	0.00470
5	0.01199	0.00899	0.01125	0.01225	0.01398	0.00893	0.00953	0.03909	0.06868	0.02321	0.04526	0.33414	0.13078	0.02101	0.00984	0.00315	0.00561	0.22768	0.00725	0.00735
6	0.01090	0.00796	0.01026	0.00978	0.01167	0.00732	0.00741	0.01442	0.02147	0.03002	0.60535	0.06032	0.11780	0.01635	0.00921	0.00250	0.00381	0.03782	0.00838	0.00725
7	0.01002	0.00789	0.00904	0.00875	0.01100	0.00691	0.00656	0.01278	0.01969	0.02573	0.36000	0.06674	0.39156	0.01785	0.00915	0.00253	0.00380	0.01526	0.00783	0.00691
8	0.01584	0.01543	0.02351	0.35250	0.03630	0.02060	0.01917	0.01921	0.01363	0.01921	0.01192	0.01875	0.01025	0.01076	0.01691	0.00300	0.37420	0.00684	0.00342	0.00855
9	0.02947	0.02172	0.02327	0.01784	0.02404	0.02404	0.01474	0.65329	0.03646	0.04887	0.01862	0.01862	0.01319	0.00931	0.00776	0.00233	0.00853	0.00698	0.00776	0.01319
10	0.02520	0.02968	0.02289	0.09788	0.02720	0.45700	0.03946	0.07385	0.02090	0.02144	0.01300	0.01626	0.01072	0.01049	0.03608	0.00265	0.07617	0.00580	0.00416	0.00919
11	0.01399	0.00904	0.01083	0.00990	0.01271	0.00816	0.00759	0.01779	0.05039	0.11789	0.33723	0.05832	0.28432	0.01612	0.00891	0.00251	0.00428	0.01377	0.00816	0.00808
12	0.00972	0.00705	0.00917	0.01038	0.01125	0.00651	0.00712	0.01156	0.01641	0.02204	0.16645	0.54744	0.10153	0.02233	0.00970	0.00297	0.00430	0.02009	0.00745	0.00651
13	0.02537	0.10157	0.12878	0.01585	0.02215	0.01828	0.01478	0.23286	0.02403	0.21168	0.02182	0.05514	0.01685	0.06397	0.00989	0.00272	0.00818	0.00771	0.00678	0.01157
14	0.01014	0.00776	0.00929	0.00918	0.01114	0.00692	0.00678	0.01291	0.01956	0.02608	0.38412	0.14147	0.29013	0.01821	0.00924	0.00259	0.00385	0.01581	0.00789	0.00692
15	0.00957	0.00769	0.00854	0.00870	0.01082	0.00666	0.00638	0.01178	0.01809	0.02281	0.19316	0.17329	0.45607	0.01961	0.00928	0.00267	0.00396	0.01679	0.00747	0.00666
16	0.02930	0.05434	0.02308	0.01820	0.02357	0.28028	0.01455	0.34935	0.02915	0.07955	0.01660	0.01714	0.01225	0.00872	0.00736	0.00218	0.01047	0.00617	0.00627	0.01146
17	0.01762	0.02511	0.19041	0.02977	0.03812	0.01941	0.48384	0.02452	0.01760	0.02452	0.01506	0.01972	0.01126	0.00701	0.00941	0.00261	0.04137	0.00828	0.00375	0.01060
18	0.01150	0.00811	0.00993	0.00942	0.01163	0.00724	0.00708	0.01454	0.02043	0.05833	0.44476	0.08692	0.24738	0.01700	0.00912	0.00252	0.00391	0.01473	0.00814	0.00733
19	0.00938	0.00786	0.00815	0.00808	0.01061	0.00664	0.00606	0.01155	0.01818	0.02216	0.14965	0.07263	0.60414	0.01919	0.00916	0.00260	0.00390	0.01608	0.00736	0.00664
20	0.78228	0.01499	0.01140	0.01020	0.01499	0.01739	0.00840	0.02279	0.01320	0.03479	0.01080	0.01260	0.00840	0.00720	0.00480	0.00240	0.00600	0.00420	0.00480	0.00840
21	0.01347	0.00673	0.01010	0.01010	0.01010	0.00673	0.00673	0.01010	0.01010	0.01347	0.01347	0.02357	0.01347	0.02694	0.03030	0.77441	0.00673	0.00673	0.00337	0.00337
22	0.00929	0.00780	0.00808	0.00814	0.01059	0.00658	0.00605	0.01133	0.01778	0.02151	0.11339	0.11074	0.60288	0.01967	0.00920	0.00264	0.00394	0.01654	0.00728	0.00658
23	0.01108	0.00831	0.01246	0.01246	0.01385	0.00969	0.00969	0.01385	0.01246	0.01800	0.02077	0.03046	0.01938	0.05815	0.69678	0.01246	0.02077	0.00831	0.00415	0.00692
24	0.01128	0.00752	0.00846	0.00846	0.00846	0.00752	0.00470	0.01128	0.01128	0.01503	0.02443	0.05074	0.02819	0.72751	0.03946	0.00752	0.00752	0.01128	0.00470	0.00470
25	0.00974	0.00703	0.00922	0.01047	0.01128	0.00651	0.00717	0.01157	0.01637	0.02209	0.17008	0.56455	0.08028	0.02243	0.00972	0.00299	0.00431	0.02022	0.00746	0.00651
26	0.03278	0.01295	0.01746	0.01369	0.01932	0.01138	0.01119	0.03636	0.04468	0.62316	0.03132	0.06640	0.02119	0.01047	0.00792	0.00245	0.00646	0.00865	0.00940	0.01277
27	0.01347	0.00673	0.01010	0.01010	0.01010	0.00673	0.00673	0.01010	0.01010	0.01347	0.01347	0.02357	0.01347	0.02694	0.03030	0.77441	0.00673	0.00673	0.00337	0.00337
28	0.02947	0.02172	0.02327	0.01784	0.02404	0.02404	0.01474	0.65329	0.03646	0.04887	0.01862	0.01862	0.01319	0.00931	0.00776	0.00233	0.00853	0.00698	0.00776	0.01319
29	0.01026	0.00783	0.00942	0.00916	0.01118	0.00699	0.00682	0.01320	0.02007	0.02695	0.43319	0.10178	0.27969	0.01764	0.00919	0.00254	0.00380	0.01529	0.00800	0.00699
30	0.02947	0.02172	0.02327	0.01784	0.02404	0.02404	0.01474	0.65329	0.03646	0.04887	0.01862	0.01862	0.01319	0.00931	0.00776	0.00233	0.00853	0.00698	0.00776	0.01319
31	0.01128	0.00752	0.00846	0.00846	0.00846	0.00752	0.00470	0.01128	0.01128	0.01503	0.02443	0.05074	0.02819	0.72751	0.03946	0.00752	0.00752	0.01128	0.00470	0.00470
32	0.01108	0.00831	0.01246	0.01246	0.01385	0.00969	0.00969	0.01385	0.01246	0.01800	0.02077	0.03046	0.01938	0.05815	0.69678	0.01246	0.02077	0.00831	0.00415	0.00692
33	0.01608	0.01378	0.01608	0.01148	0.01837	0.01034	0.00919	0.01952	0.01608	0.02527	0.01378	0.01608	0.01148	0.00574	0.00574	0.00115	0.00574	0.00459	0.00459	0.77491
34	0.01830	0.02092	0.04575	0.03268	0.04052	0.01961	0.65098	0.02484	0.01830	0.02484	0.01569	0.02092	0.01176	0.00654	0.00915	0.00261	0.01307	0.00915	0.00392	0.01046
35	0.03076	0.01230	0.01670	0.01311	0.01841	0.01071	0.01071	0.03387	0.02215	0.57410	0.13948	0.03172	0.02831	0.01065	0.00802	0.00241	0.00610	0.00885	0.00942	0.01220
36	0.01241	0.00736	0.01074	0.01074	0.01122	0.00784	0.00754	0.01152	0.01104	0.01520	0.01715	0.02884	0.01708	0.11231	0.26120	0.42988	0.01166	0.00776	0.00378	0.00474
37	0.01576	0.06800	0.66127	0.02174	0.03301	0.01852	0.02803	0.02450	0.01635	0.02430	0.01379	0.01621	0.00983	0.00734	0.00727	0.00242	0.01133	0.00567	0.00328	0.01140
38	0.02896	0.03695	0.02197	0.01998	0.02397	0.69638	0.01498	0.03096	0.02197	0.01898	0.01199	0.01398	0.00999	0.00799	0.00699	0.00200	0.01398	0.00499	0.00400	0.00899
39	0.01347	0.00673	0.01010	0.01010	0.01010	0.00673	0.00673	0.01010	0.01010	0.01347	0.01347	0.02357	0.01347	0.02694	0.03030	0.77441	0.00673	0.00673	0.00337	0.00337
40	0.01630	0.01537	0.02547	0.46757	0.24402	0.01771	0.02172	0.02221	0.05172	0.02220	0.01500	0.02067	0.01166	0.00764	0.00774	0.00250	0.00976	0.00700	0.00381	0.00994
41	0.01464	0.01378	0.02326	0.70887	0.05340	0.01723	0.02153	0.01981	0.01550	0.01981	0.01378	0.02067	0.01034	0.00775	0.00775	0.00258	0.01034	0.00689	0.00345	0.00861
42	0.01866	0.01788	0.03052	0.12442	0.60644	0.01828	0.02353	0.02333	0.01741	0.02469	0.01449	0.01936	0.01206	0.00701	0.00768	0.00234	0.00934	0.00691	0.00379	0.01186
43	0.02947	0.02172	0.02327	0.01784	0.02404	0.02404	0.01474	0.65329	0.03646	0.04887	0.01862	0.01862	0.01319	0.00931	0.00776	0.00233	0.00853	0.00698	0.00776	0.01319
44	0.01097	0.00793	0.01036	0.00975	0.01158	0.00732	0.00732	0.01463	0.02195	0.03109	0.67505	0.05792	0.07316	0.01585	0.00914	0.00244	0.00366	0.01402	0.00854	0.00732
45	0.01081	0.00792	0.01014	0.00958	0.01148	0.00725	0.00719	0.01432	0.02156	0.03018	0.62147	0.05942	0.12731	0.01619	0.00915	0.00245	0.00368	0.01423	0.00842	0.00725
46	0.78228	0.01499	0.01140	0.01020	0.01499	0.01739	0.00840	0.02279	0.01320	0.03479	0.01080	0.01260	0.00840	0.00720	0.00480	0.00240	0.00600	0.00420	0.00480	0.00840
47	0.00945	0.00675	0.00900	0.01080	0.01125	0.00630	0.00720	0.01080	0.01484	0.01979	0.04274	0.72245	0.05128	0.02429	0.00990	0.00315	0.00450	0.02204	0.00720	0.00630
48	0.02826	0.03451	0.02218	0.01983	0.02375	0.60163	0.01508	0.07939	0.02249	0.02132	0.01240	0.01453	0.01025	0.00844	0.00819	0.00211	0.05681	0.00526	0.00426	0.00929
49	0.01118	0.00747	0.00849	0.00858	0.00861	0.00745	0.00483	0.01125	0.01147	0.01529	0.02543	0.08750	0.02945	0.68902	0.03785	0.00728	0.00735	0.01186	0.00483	0.00479
50	0.02073	0.73217	0.04063	0.01327	0.01990	0.03068	0.01327	0.02322	0.01575	0.01824	0.01078	0.01244	0.00995	0.00663	0.00498	0.00166	0.00829	0.00415	0.00332	0.00995
51	0.01126	0.00758	0.00877	0.00877	0.00888	0.00769	0.00509	0.01148	0.01137	0.01527	0.02414	0.04914	0.02749	0.67465	0.09137	0.00791	0.00856	0.01104	0.00466	0.00487
52	0.00945	0.00675	0.00900	0.01080	0.01125	0.00630	0.00720	0.01080	0.01484	0.01979	0.04274	0.72245	0.05128	0.02429	0.00990	0.00315	0.00450	0.02204	0.00720	0.00630
53	0.03479	0.01320	0.01799	0.01380	0.01979	0.01140	0.01140	0.03779	0.02219	0.68451	0.03059	0.02639	0.01919	0.00960	0.00780	0.00240	0.00660	0.00780	0.00960	0.01320
54	0.00952	0.00678	0.00897	0.01070	0.01113	0.00635	0.00710	0.01082	0.01470	0.01960	0.04199	0.69524	0.05035	0.05278	0.01109	0.00333	0.00462	0.02161	0.00710	0.00623
55	0.02896	0.03695	0.02197	0.01998	0.02397	0.69638	0.01498	0.03096	0.02197	0.01898	0.01199	0.01398	0.00999	0.00799	0.00699	0.00200	0.01398	0.00499	0.00400	0.00899
56	0.00953	0.00678	0.00897	0.01069	0.01112	0.00635	0.00708	0.01082	0.01468	0.01957	0.04188	0.69114	0.05021	0.05707	0.01127	0.00335	0.00464	0.02154	0.00708	0.00622
57	0.01929	0.01666	0.01753	0.01578	0.02016	0.01929	0.01227	0.04120	0.66513	0.03243	0.03156	0.02893	0.02367	0.01052	0.00789	0.00263	0.00614	0.00877	0.00789	0.01227
58	0.78228	0.01499	0.01140	0.01020	0.01499	0.01739	0.00840	0.02279	0.01320	0.03479	0.01080	0.01260	0.00840	0.00720	0.00480	0.00240	0.00600	0.00420	0.00480	0.00840
59	0.01128	0.00752	0.00846	0.00846	0.00846	0.00752	0.00470	0.01128	0.01128	0.01503	0.02443	0.05074	0.02819	0.72751	0.03946	0.00752	0.00752	0.01128	0.00470	0.00470
60	0.00957	0.00779	0.00797	0.00797	0.01008	0.00673	0.00566	0.01116	0.01643	0.01980	0.06806	0.06999	0.55041	0.15686	0.01504	0.00357	0.00462	0.01538	0.00672	0.00619
61	0.03436	0.01388	0.01842	0.01412	0.02014	0.01242	0.01167	0.08739	0.02334	0.63329	0.02962	0.02576	0.01871	0.00957	0.00779	0.00239	0.00675	0.00773	0.00945	0.01319
62	0.01108	0.00831	0.01246	0.01246	0.01385	0.00969	0.00969	0.01385	0.01246	0.01800	0.02077	0.03046	0.01938	0.05815	0.69678	0.01246	0.02077	0.00831	0.00415	0.00692
63	0.02889	0.02143	0.02294	0.01772	0.02382	0.02377	0.01460	0.61819	0.07251	0.04792	0.01936	0.01921	0.01379	0.00938	0.00776	0.00234	0.00839	0.00708	0.00776	0.01313
64	0.01097	0.00793	0.01036	0.00975	0.01158	0.00732	0.00732	0.01463	0.02195	0.03109	0.67505	0.05792	0.07316	0.01585	0.00914	0.00244	0.00366	0.01402	0.00854	0.00732
65	0.01128	0.00752	0.00846	0.00846	0.00846	0.00752	0.00470	0.01128	0.01128	0.01503	0.02443	0.05074	0.02819	0.72751	0.03946	0.00752	0.00752	0.01128	0.00470	0.00470
66	0.02896	0.03695	0.02197	0.01998	0.02397	0.69638	0.01498	0.03096	0.02197	0.01898	0.01199	0.01398	0.00999	0.00799	0.00699	0.00200	0.01398	0.00499	0.00400	0.00899
67	0.00982	0.00788	0.00876	0.00854	0.01087	0.00682	0.00641	0.01240	0.01922	0.02462	0.29435	0.06858	0.45790	0.01827	0.00916	0.00255	0.00383	0.01552	0.00768	0.00682
68	0.69820	0.01528	0.01244	0.01083	0.01578	0.01745	0.00892	0.05977	0.01502	0.07115	0.01233	0.01370	0.00926	0.00745	0.00513	0.00240	0.00618	0.00456	0.00523	0.00893
69	0.00957	0.00684	0.00914	0.01094	0.01144	0.00641	0.00742	0.01101	0.01497	0.01993	0.04267	0.69632	0.05101	0.02417	0.00993	0.00317	0.00461	0.04693	0.00720	0.00633
70	0.01119	0.00748	0.00848	0.00856	0.00858	0.00746	0.00481	0.01125	0.01144	0.01525	0.02525	0.08077	0.02922	0.69607	0.03814	0.00732	0.00738	0.01176	0.00481	0.00477
71	0.01347	0.00673	0.01010	0.01010	0.01010	0.00673	0.00673	0.01010	0.01010	0.01347	0.01347	0.02357	0.01347	0.02694	0.03030	0.77441	0.00673	0.00673	0.00337	0.00337
72	0.01043	0.00790	0.00961	0.00918	0.01125	0.00708	0.00689	0.01358	0.02066	0.02803	0.49517	0.06295	0.25495	0.01699	0.00915	0.00249	0.00374	0.01473	0.00813	0.00708
73	0.01678	0.01470	0.01797	0.01343	0.01991	0.01248	0.04487	0.02377	0.13461	0.02655	0.01713	0.01869	0.01372	0.00666	0.00632	0.00150	0.00622	0.00560	0.00516	0.59394
74	0.01228	0.04142	0.01399	0.01239	0.01443	0.01107	0.00968	0.01597	0.04848	0.01908	0.02069	0.02984	0.01921	0.08839	0.54771	0.01046	0.01772	0.00809	0.00438	0.05472
75	0.01001	0.00833	0.00885	0.00895	0.01152	0.00736	0.00692	0.01304	0.04451	0.02208	0.09700	0.07344	0.55667	0.01930	0.00928	0.00271	0.00435	0.08153	0.00728	0.00688
76	0.01897	0.01904	0.03499	0.04391	0.52167	0.01871	0.17845	0.02405	0.01781	0.02521	0.01486	0.01962	0.01215	0.00682	0.00804	0.00238	0.01016	0.00746	0.00386	0.01183
77	0.01555	0.04011	0.68733	0.02210	0.03356	0.01801	0.02865	0.02455	0.01637	0.02455	0.01391	0.01637	0.00982	0.00737	0.00737	0.00246	0.01146	0.00573	0.00327	0.01146
78	0.01539	0.03768	0.62682	0.02204	0.03282	0.01753	0.05547	0.02392	0.01638	0.02434	0.01535	0.04970	0.01185	0.00812	0.00756	0.00250	0.01120	0.00665	0.00349	0.01117
79	0.01128	0.00752	0.00846	0.00846	0.00846	0.00752	0.00470	0.01128	0.01128	0.01503	0.02443	0.05074	0.02819	0.72751	0.03946	0.00752	0.00752	0.01128	0.00470	0.00470
80	0.00955	0.00689	0.00904	0.01058	0.01123	0.00638	0.00715	0.01109	0.01550	0.02068	0.09102	0.64326	0.08201	0.02345	0.00981	0.00307	0.00441	0.02119	0.00730	0.00638
81	0.01819	0.02048	0.09035	0.03958	0.42052	0.01818	0.19385	0.02358	0.01772	0.02493	0.01769	0.02190	0.04161	0.00742	0.00812	0.00241	0.01022	0.00784	0.00396	0.01146
82	0.04892	0.01842	0.05388	0.21951	0.37637	0.04203	0.02145	0.02449	0.07368	0.02459	0.01558	0.01988	0.01242	0.00752	0.00756	0.00241	0.00938	0.00684	0.00411	0.01099
83	0.02633	0.20646	0.05753	0.01844	0.02343	0.50259	0.01520	0.02878	0.02020	0.01906	0.01178	0.01372	0.00997	0.00763	0.00652	0.00194	0.01248	0.00482	0.00380	0.00934
84	0.01608	0.01378	0.01608	0.01148	0.01837	0.01034	0.00919	0.01952	0.01608	0.02527	0.01378	0.01608	0.01148	0.00574	0.00574	0.00115	0.00574	0.00459	0.00459	0.77491
85	0.02775	0.09236	0.02410	0.02092	0.06121	0.57561	0.01534	0.05512	0.02180	0.02049	0.01230	0.01434	0.01025	0.00787	0.00690	0.00200	0.01302	0.00511	0.00408	0.00943
86	0.78228	0.01499	0.01140	0.01020	0.01499	0.01739	0.00840	0.02279	0.01320	0.03479	0.01080	0.01260	0.00840	0.00720	0.00480	0.00240	0.00600	0.00420	0.00480	0.00840
87	0.01002	0.00789	0.00905	0.00876	0.01100	0.00691	0.00657	0.01279	0.01970	0.02577	0.36205	0.06668	0.38948	0.01784	0.00915	0.00253	0.00380	0.01525	0.00783	0.00691
88	0.02568	0.03213	0.01963	0.01797	0.02173	0.58213	0.01348	0.02768	0.02126	0.01930	0.02301	0.02403	0.12030	0.00992	0.00735	0.00210	0.01232	0.00688	0.00453	0.00858
89	0.01608	0.01378	0.01608	0.01148	0.01837	0.01034	0.00919	0.01952	0.01608	0.02527	0.01378	0.01608	0.01148	0.00574	0.00574	0.00115	0.00574	0.00459	0.00459	0.77491
90	0.01097	0.00793	0.01036	0.00975	0.01158	0.00732	0.00732	0.01463	0.02195	0.03109	0.67505	0.05792	0.07316	0.01585	0.00914	0.00244	0.00366	0.01402	0.00854	0.00732
91	0.02343	0.37369	0.03153	0.01760	0.06212	0.14543	0.01437	0.13301	0.08505	0.02540	0.01462	0.01581	0.01201	0.00773	0.00626	0.00197	0.00918	0.00541	0.00467	0.01070
92	0.03315	0.01401	0.01836	0.01402	0.02009	0.01248	0.01156	0.09266	0.02311	0.58590	0.02846	0.02505	0.01817	0.00933	0.00767	0.00232	0.00672	0.00752	0.00912	0.06031
93	0.02902	0.03541	0.02210	0.01976	0.02398	0.62804	0.01496	0.09422	0.02344	0.02201	0.01266	0.01445	0.01031	0.00812	0.00707	0.00203	0.01343	0.00520	0.00438	0.00942
94	0.02073	0.73217	0.04063	0.01327	0.01990	0.03068	0.01327	0.02322	0.01575	0.01824	0.01078	0.01244	0.00995	0.00663	0.00498	0.00166	0.00829	0.00415	0.00332	0.00995
95	0.01097	0.00793	0.01036	0.00975	0.01158	0.00732	0.00732	0.01463	0.02195	0.03109	0.67505	0.05792	0.07316	0.01585	0.00914	0.00244	0.00366	0.01402	0.00854	0.00732
96	0.01128	0.00752	0.00846	0.00846	0.00846	0.00752	0.00470	0.01128	0.01128	0.01503	0.02443	0.05074	0.02819	0.72751	0.03946	0.00752	0.00752	0.01128	0.00470	0.00470
97	0.01128	0.00752	0.00846	0.00846	0.00846	0.00752	0.00470	0.01128	0.01128	0.01503	0.02443	0.05074	0.02819	0.72751	0.03946	0.00752	0.00752	0.01128	0.00470	0.00470
98	0.02947	0.02172	0.02327	0.01784	0.02404	0.02404	0.01474	0.65329	0.03646	0.04887	0.01862	0.01862	0.01319	0.00931	0.00776	0.00233	0.00853	0.00698	0.00776	0.01319
99	0.00956	0.00689	0.00906	0.01059	0.01124	0.00639	0.00715	0.01113	0.01556	0.02079	0.09732	0.64011	0.07869	0.02339	0.00980	0.00307	0.00440	0.02114	0.00731	0.00639
100	0.01696	0.01696	0.02375	0.02036	0.02036	0.02375	0.01696	0.01866	0.01187	0.01866	0.01018	0.01696	0.01018	0.01357	0.02545	0.00339	0.71332	0.00679	0.00339	0.00848
101	0.08102	0.01331	0.01759	0.01357	0.01950	0.01177	0.01121	0.03686	0.02164	0.64433	0.02937	0.02554	0.01853	0.00945	0.00761	0.00240	0.00656	0.00757	0.00930	0.01290
102	0.01053	0.00749	0.00966	0.00990	0.01104	0.00702	0.00691	0.01294	0.01820	0.02525	0.38313	0.26785	0.05991	0.11829	0.01363	0.00338	0.00447	0.01618	0.00757	0.00663
103	0.01198	0.00757	0.01009	0.01081	0.01206	0.00697	0.00759	0.01401	0.01712	0.07960	0.18786	0.50894	0.05358	0.02108	0.00954	0.00292	0.00448	0.01896	0.00771	0.00713

[dist]
# distance from previous block
# <min> <max>
0	5

[block]
# block no. 3 follows, 25 sequences, length 8
# corresponding to MSA columns:
# 253-260
name=unknown_D
#
# <colnr> <probs for GDERKNQSTAVLIFYWHMCP>
#	G	D	E	R	K	N	Q	S	T	A	V	L	I	F	Y	W	H	M	C	P
0	0.01385	0.00955	0.01093	0.01030	0.01278	0.00836	0.00754	0.01583	0.02001	0.07797	0.29166	0.06331	0.32944	0.07717	0.01221	0.00324	0.00496	0.01463	0.00816	0.00810
1	0.07607	0.01172	0.01206	0.01054	0.01377	0.01248	0.00834	0.18425	0.02125	0.03343	0.02641	0.02865	0.06890	0.01221	0.04019	0.00257	0.00595	0.00771	0.41471	0.00881
2	0.01830	0.02092	0.04575	0.03268	0.04052	0.01961	0.65098	0.02484	0.01830	0.02484	0.01569	0.02092	0.01176	0.00654	0.00915	0.00261	0.01307	0.00915	0.00392	0.01046
3	0.02751	0.01106	0.01414	0.01144	0.01594	0.00990	0.00926	0.03073	0.02007	0.44982	0.02869	0.02729	0.01944	0.00940	0.00695	0.00219	0.00553	0.00759	0.28200	0.01106
4	0.02789	0.01230	0.01620	0.01305	0.01794	0.01119	0.01054	0.03278	0.08137	0.47438	0.17867	0.03386	0.03200	0.01112	0.00812	0.00243	0.00588	0.00932	0.00920	0.01176
5	0.05237	0.00818	0.00925	0.00946	0.01159	0.00749	0.00714	0.01302	0.01809	0.02431	0.21922	0.16996	0.33450	0.01886	0.00916	0.00272	0.00433	0.06608	0.00741	0.00685
6	0.01108	0.00831	0.01246	0.01246	0.01385	0.00969	0.00969	0.01385	0.01246	0.01800	0.02077	0.03046	0.01938	0.05815	0.69678	0.01246	0.02077	0.00831	0.00415	0.00692
7	0.01631	0.07557	0.55853	0.02436	0.08698	0.01884	0.06453	0.02443	0.01656	0.02429	0.01390	0.01666	0.01015	0.00724	0.00737	0.00241	0.01119	0.00594	0.00336	0.01138

[dist]
# distance from previous block
# <min> <max>
0	13

[block]
# block no. 4 follows, 25 sequences, length 133
# corresponding to MSA columns:
# 274-406
name=unknown_E
#
# <colnr> <probs for GDERKNQSTAVLIFYWHMCP>
#	G	D	E	R	K	N	Q	S	T	A	V	L	I	F	Y	W	H	M	C	P
0	0.01684	0.01529	0.02452	0.53762	0.14661	0.01810	0.02120	0.08425	0.01795	0.02359	0.01439	0.02024	0.01092	0.00778	0.00774	0.00251	0.00998	0.00690	0.00394	0.00964
1	0.75283	0.04273	0.01253	0.01032	0.01518	0.01791	0.00859	0.02281	0.01329	0.03415	0.01080	0.01259	0.00846	0.00718	0.00481	0.00237	0.00609	0.00420	0.00474	0.00846
2	0.62916	0.08540	0.01543	0.01137	0.01642	0.04242	0.00955	0.06822	0.01541	0.03366	0.01139	0.01306	0.00894	0.00732	0.00510	0.00231	0.00667	0.00442	0.00484	0.00891
3	0.01830	0.02092	0.04575	0.03268	0.04052	0.01961	0.65098	0.02484	0.01830	0.02484	0.01569	0.02092	0.01176	0.00654	0.00915	0.00261	0.01307	0.00915	0.00392	0.01046
4	0.01791	0.01695	0.02785	0.23151	0.44108	0.01816	0.02209	0.02429	0.07721	0.02443	0.01593	0.02051	0.01279	0.00748	0.00772	0.00241	0.00924	0.00708	0.00410	0.01124
5	0.01086	0.00792	0.01021	0.00964	0.01152	0.00727	0.00723	0.01442	0.02169	0.03047	0.63868	0.05894	0.10991	0.01608	0.00915	0.00245	0.00367	0.01417	0.00845	0.00727
6	0.02947	0.02172	0.02327	0.01784	0.02404	0.02404	0.01474	0.65329	0.03646	0.04887	0.01862	0.01862	0.01319	0.00931	0.00776	0.00233	0.00853	0.00698	0.00776	0.01319
7	0.01555	0.01135	0.01856	0.07622	0.24689	0.01161	0.01381	0.01562	0.01315	0.01809	0.01388	0.02182	0.01282	0.01849	0.02069	0.44636	0.00787	0.00681	0.00354	0.00688
8	0.01549	0.01277	0.01430	0.01289	0.01637	0.01364	0.00993	0.02850	0.35340	0.03105	0.28102	0.04114	0.06726	0.01265	0.00830	0.00247	0.00507	0.01085	0.00792	0.05497
9	0.03479	0.01320	0.01799	0.01380	0.01979	0.01140	0.01140	0.03779	0.02219	0.68451	0.03059	0.02639	0.01919	0.00960	0.00780	0.00240	0.00660	0.00780	0.00960	0.01320
10	0.01196	0.01005	0.01404	0.19750	0.04630	0.01059	0.01193	0.01574	0.04164	0.02170	0.08129	0.17259	0.21071	0.04003	0.01000	0.00295	0.00646	0.08091	0.00610	0.00752
11	0.20794	0.00933	0.00942	0.00943	0.01129	0.00965	0.00661	0.01473	0.01454	0.02398	0.10157	0.18601	0.09960	0.21612	0.01660	0.00401	0.00555	0.01243	0.03463	0.00656
12	0.00953	0.00678	0.00897	0.01068	0.01111	0.00636	0.00708	0.01082	0.01467	0.01956	0.04185	0.69014	0.05017	0.05812	0.01132	0.00336	0.00464	0.02152	0.00708	0.00622
13	0.00945	0.00675	0.00900	0.01080	0.01125	0.00630	0.00720	0.01080	0.01484	0.01979	0.04274	0.72245	0.05128	0.02429	0.00990	0.00315	0.00450	0.02204	0.00720	0.00630
14	0.04153	0.00834	0.01082	0.01094	0.01276	0.00775	0.00791	0.01636	0.01786	0.12360	0.21479	0.40805	0.05096	0.01913	0.00919	0.00281	0.00464	0.01703	0.00784	0.00769
15	0.00950	0.00780	0.00837	0.00837	0.01072	0.00667	0.00622	0.01174	0.01827	0.02269	0.18320	0.10972	0.53137	0.01923	0.00920	0.00262	0.00391	0.01628	0.00744	0.00667
16	0.58247	0.01492	0.01341	0.01135	0.01648	0.01640	0.00936	0.05640	0.01628	0.17766	0.01550	0.01590	0.01099	0.00782	0.00560	0.00240	0.00625	0.00512	0.00599	0.00968
17	0.01347	0.00673	0.01010	0.01010	0.01010	0.00673	0.00673	0.01010	0.01010	0.01347	0.01347	0.02357	0.01347	0.02694	0.03030	0.77441	0.00673	0.00673	0.00337	0.00337
18	0.02057	0.01676	0.01794	0.01586	0.02039	0.01911	0.01250	0.10214	0.55517	0.05544	0.03058	0.03005	0.02326	0.01078	0.00798	0.00263	0.00643	0.03231	0.00790	0.01220
19	0.01128	0.00752	0.00846	0.00846	0.00846	0.00752	0.00470	0.01128	0.01128	0.01503	0.02443	0.05074	0.02819	0.72751	0.03946	0.00752	0.00752	0.01128	0.00470	0.00470
20	0.03479	0.01320	0.01799	0.01380	0.01979	0.01140	0.01140	0.03779	0.02219	0.68451	0.03059	0.02639	0.01919	0.00960	0.00780	0.00240	0.00660	0.00780	0.00960	0.01320
21	0.05987	0.00752	0.00905	0.01014	0.01092	0.00731	0.00673	0.01182	0.01441	0.02029	0.06207	0.49246	0.06965	0.16234	0.01538	0.00392	0.00514	0.01822	0.00660	0.00616
22	0.01060	0.00789	0.00976	0.00930	0.01122	0.00716	0.00691	0.01376	0.02062	0.02831	0.52297	0.06116	0.19884	0.04504	0.01036	0.00268	0.00387	0.01441	0.00810	0.00705
23	0.02462	0.01931	0.02054	0.01686	0.02220	0.02178	0.01356	0.36178	0.33586	0.04104	0.02478	0.02353	0.01818	0.00988	0.00782	0.00247	0.00739	0.00783	0.00782	0.01275
24	0.00961	0.00682	0.00895	0.01059	0.01100	0.00641	0.00698	0.01084	0.01453	0.01937	0.04112	0.66334	0.04925	0.08617	0.01250	0.00353	0.00476	0.02109	0.00698	0.00616
25	0.01126	0.00754	0.00857	0.00854	0.00865	0.00750	0.00486	0.01148	0.01193	0.01601	0.06410	0.05118	0.03093	0.68412	0.03762	0.00721	0.00728	0.01144	0.00493	0.00486
26	0.01017	0.00741	0.00958	0.01006	0.01135	0.00682	0.00715	0.01270	0.01854	0.02542	0.35513	0.34694	0.11032	0.01980	0.00947	0.00276	0.00404	0.01768	0.00785	0.00682
27	0.03479	0.01320	0.01799	0.01380	0.01979	0.01140	0.01140	0.03779	0.02219	0.68451	0.03059	0.02639	0.01919	0.00960	0.00780	0.00240	0.00660	0.00780	0.00960	0.01320
28	0.01224	0.00820	0.01059	0.00990	0.01199	0.00747	0.00745	0.01564	0.02139	0.06976	0.56838	0.08156	0.11377	0.01606	0.00909	0.00248	0.00389	0.01411	0.00845	0.00758
29	0.06127	0.01290	0.01713	0.01331	0.01888	0.01137	0.01085	0.03551	0.02115	0.61684	0.02945	0.02745	0.01937	0.05597	0.00973	0.00273	0.00663	0.00789	0.00910	0.01247
30	0.09998	0.01863	0.03014	0.11927	0.33211	0.04691	0.14291	0.02332	0.01680	0.02481	0.01387	0.01863	0.01128	0.00750	0.00892	0.00247	0.06094	0.00696	0.00388	0.01065
31	0.01817	0.01812	0.03308	0.08294	0.40143	0.01805	0.19299	0.02392	0.04165	0.02544	0.05429	0.02239	0.01601	0.00752	0.00818	0.00243	0.00990	0.00800	0.00426	0.01126
32	0.00918	0.00778	0.00793	0.00805	0.01052	0.00653	0.00598	0.01111	0.01749	0.02087	0.07623	0.11654	0.63557	0.01994	0.00921	0.00265	0.00396	0.01673	0.00720	0.00653
33	0.02217	0.01809	0.01916	0.01636	0.02126	0.02063	0.01297	0.21467	0.48696	0.03709	0.02789	0.02601	0.02070	0.01018	0.00785	0.00254	0.00682	0.00826	0.00785	0.01253
34	0.01347	0.00673	0.01010	0.01010	0.01010	0.00673	0.00673	0.01010	0.01010	0.01347	0.01347	0.02357	0.01347	0.02694	0.03030	0.77441	0.00673	0.00673	0.00337	0.00337
