[name]
unknown

[dist]
# distance from previous block
# <min> <max>
0	20

[block]
# block no. 0 follows, 23 sequences, length 15
# corresponding to MSA columns:
# 20-34
name=unknown_A
#
# <colnr> <probs for GDERKNQSTAVLIFYWHMCP>
#	G	D	E	R	K	N	Q	S	T	A	V	L	I	F	Y	W	H	M	C	P
0	0.01308	0.00934	0.01308	0.01494	0.01681	0.00934	0.01308	0.01681	0.01868	0.02428	0.04296	0.09153	0.04670	0.02242	0.01121	0.00374	0.00747	0.60960	0.00747	0.00747
1	0.01933	0.01851	0.03158	0.15180	0.56809	0.01908	0.02453	0.02424	0.01812	0.02560	0.01513	0.02033	0.01253	0.00737	0.00805	0.00246	0.00983	0.00723	0.00395	0.01225
2	0.01205	0.00829	0.01003	0.01004	0.01205	0.00740	0.00728	0.01447	0.01913	0.06581	0.24504	0.22881	0.25882	0.04970	0.01105	0.00303	0.00451	0.01708	0.00801	0.00739
3	0.00997	0.00721	0.00928	0.01088	0.01153	0.00669	0.00726	0.01136	0.01559	0.02054	0.04697	0.61563	0.10642	0.06449	0.01206	0.00351	0.00484	0.02189	0.00738	0.00652
4	0.00989	0.00706	0.00942	0.01130	0.01177	0.00659	0.00753	0.01130	0.01554	0.02071	0.04472	0.70954	0.05367	0.02542	0.01036	0.00330	0.00471	0.02307	0.00753	0.00659
5	0.01021	0.00739	0.00926	0.01050	0.01127	0.00687	0.00699	0.01164	0.01578	0.02081	0.08114	0.49943	0.12759	0.12365	0.01468	0.00384	0.00504	0.02023	0.00723	0.00644
6	0.01098	0.00752	0.00909	0.00990	0.01011	0.00732	0.00604	0.01158	0.01341	0.01788	0.03381	0.33550	0.03990	0.41825	0.02799	0.00590	0.00651	0.01665	0.00604	0.00564
7	0.77215	0.01569	0.01193	0.01067	0.01569	0.01820	0.00879	0.02385	0.01381	0.03641	0.01130	0.01318	0.00879	0.00753	0.00502	0.00251	0.00628	0.00439	0.00502	0.00879
8	0.01033	0.00725	0.00929	0.01074	0.01110	0.00688	0.00693	0.01141	0.01468	0.01957	0.04032	0.55874	0.04812	0.18380	0.01747	0.00435	0.00543	0.02048	0.00693	0.00621
9	0.01148	0.00829	0.01085	0.01021	0.01212	0.00766	0.00766	0.01531	0.02297	0.03254	0.65994	0.06061	0.07656	0.01659	0.00957	0.00255	0.00383	0.01467	0.00893	0.00766
10	0.03641	0.01381	0.01883	0.01444	0.02071	0.01193	0.01193	0.03954	0.02322	0.66984	0.03201	0.02762	0.02009	0.01004	0.00816	0.00251	0.00690	0.00816	0.01004	0.01381
11	0.01355	0.00867	0.01142	0.01069	0.01285	0.00793	0.00803	0.01709	0.02228	0.08822	0.54508	0.11977	0.06934	0.01685	0.00952	0.00262	0.00419	0.01490	0.00890	0.00810
12	0.03306	0.01406	0.01845	0.01443	0.02025	0.01278	0.01181	0.07555	0.05399	0.54339	0.08724	0.03017	0.02494	0.01065	0.00829	0.00252	0.00674	0.00873	0.00974	0.01321
13	0.00989	0.00706	0.00942	0.01130	0.01177	0.00659	0.00753	0.01130	0.01554	0.02071	0.04472	0.70954	0.05367	0.02542	0.01036	0.00330	0.00471	0.02307	0.00753	0.00659
14	0.03164	0.01292	0.01680	0.01335	0.01874	0.01166	0.01087	0.03611	0.06063	0.51736	0.03109	0.02825	0.02050	0.01000	0.00772	0.00242	0.00632	0.00812	0.14286	0.01264

[dist]
# distance from previous block
# <min> <max>
1	4

[block]
# block no. 1 follows, 23 sequences, length 38
# corresponding to MSA columns:
# 39-76
name=unknown_B
#
# <colnr> <probs for GDERKNQSTAVLIFYWHMCP>
#	G	D	E	R	K	N	Q	S	T	A	V	L	I	F	Y	W	H	M	C	P
0	0.02204	0.01757	0.01911	0.05652	0.05104	0.05386	0.01354	0.07508	0.38333	0.10534	0.03352	0.03180	0.07881	0.01120	0.00829	0.00265	0.00727	0.00924	0.00771	0.01207
1	0.01712	0.01623	0.02393	0.55818	0.04920	0.04818	0.02106	0.05058	0.05739	0.02285	0.01556	0.02158	0.01181	0.00869	0.00901	0.00271	0.04509	0.00725	0.00413	0.00948
2	0.01178	0.00795	0.00928	0.00928	0.00943	0.00810	0.00545	0.01208	0.01193	0.01605	0.02517	0.05092	0.02855	0.64767	0.10717	0.00840	0.00929	0.01148	0.00486	0.00516
3	0.01729	0.27152	0.33390	0.01758	0.02599	0.02143	0.02034	0.02333	0.01796	0.02464	0.13018	0.02357	0.02232	0.00905	0.00718	0.00228	0.00936	0.00699	0.00444	0.01066
4	0.77215	0.01569	0.01193	0.01067	0.01569	0.01820	0.00879	0.02385	0.01381	0.03641	0.01130	0.01318	0.00879	0.00753	0.00502	0.00251	0.00628	0.00439	0.00502	0.00879
5	0.15489	0.32424	0.28670	0.01697	0.02556	0.02435	0.01934	0.02477	0.01626	0.02483	0.01258	0.01468	0.01007	0.00735	0.00616	0.00221	0.00956	0.00501	0.00373	0.01075
6	0.02001	0.01949	0.03415	0.04854	0.61384	0.01938	0.07431	0.02499	0.01853	0.02647	0.01536	0.02023	0.01281	0.00720	0.00816	0.00244	0.00997	0.00742	0.00402	0.01270
7	0.01132	0.00817	0.01070	0.01032	0.01209	0.00755	0.00764	0.01491	0.02222	0.03134	0.59760	0.12637	0.07424	0.01748	0.00965	0.00263	0.00392	0.01552	0.00879	0.00755
8	0.01118	0.00789	0.00995	0.01041	0.01100	0.00805	0.00685	0.01231	0.01332	0.01798	0.03204	0.20767	0.06396	0.35892	0.18495	0.00774	0.01022	0.01404	0.00554	0.00597
9	0.01557	0.01489	0.02583	0.65351	0.05503	0.01819	0.06126	0.02106	0.01641	0.02106	0.01455	0.02165	0.01091	0.00803	0.00821	0.00271	0.01100	0.00736	0.00364	0.00914
10	0.00996	0.00711	0.00948	0.01125	0.01178	0.00664	0.00754	0.01147	0.01586	0.02123	0.07143	0.68137	0.05466	0.02504	0.01032	0.00326	0.00467	0.02270	0.00759	0.00664
11	0.01932	0.01854	0.03292	0.04399	0.51423	0.01835	0.10792	0.02392	0.01815	0.02567	0.01658	0.02374	0.01434	0.00898	0.00966	0.04355	0.00996	0.03416	0.00415	0.01185
12	0.01611	0.01366	0.01606	0.01194	0.01846	0.01038	0.00940	0.01949	0.01669	0.02585	0.01755	0.08838	0.01632	0.00801	0.00646	0.00142	0.00587	0.00669	0.00509	0.68616
13	0.01667	0.01486	0.05570	0.06308	0.13602	0.01381	0.01416	0.05516	0.10822	0.05823	0.25960	0.04228	0.10294	0.01283	0.00878	0.00258	0.00658	0.01117	0.00716	0.01016
14	0.01665	0.01513	0.01481	0.01433	0.01685	0.09383	0.01060	0.05657	0.18878	0.02569	0.03750	0.29340	0.09056	0.04345	0.01109	0.00309	0.03684	0.01466	0.00708	0.00907
15	0.02134	0.43886	0.22402	0.01723	0.02538	0.08615	0.01868	0.02590	0.01747	0.04109	0.01299	0.01481	0.01067	0.00739	0.00622	0.00203	0.01013	0.00502	0.00372	0.01089
16	0.01958	0.11239	0.39881	0.02163	0.06973	0.01933	0.02329	0.04645	0.05284	0.09188	0.05437	0.02119	0.01617	0.00858	0.00763	0.00246	0.01007	0.00681	0.00486	0.01190
17	0.01790	0.01818	0.02723	0.02264	0.02348	0.02441	0.08148	0.02020	0.01312	0.02020	0.01125	0.01818	0.01082	0.01344	0.02487	0.00347	0.62909	0.00736	0.00361	0.00909
18	0.01148	0.00829	0.01085	0.01021	0.01212	0.00766	0.00766	0.01531	0.02297	0.03254	0.65994	0.06061	0.07656	0.01659	0.00957	0.00255	0.00383	0.01467	0.00893	0.00766
19	0.06370	0.01869	0.06883	0.01776	0.04783	0.01875	0.01428	0.14696	0.31849	0.03436	0.02891	0.11076	0.02463	0.01240	0.00838	0.00276	0.00729	0.03611	0.00737	0.01173
20	0.01026	0.00765	0.00906	0.00985	0.01103	0.00698	0.00667	0.01180	0.01633	0.02110	0.09967	0.35311	0.23408	0.14569	0.01556	0.00388	0.00502	0.01863	0.00718	0.00645
21	0.00979	0.00823	0.00849	0.00843	0.01108	0.00693	0.00632	0.01202	0.01896	0.02302	0.14188	0.07628	0.60056	0.02014	0.00959	0.00272	0.00408	0.01687	0.00768	0.00693
22	0.01954	0.01890	0.03277	0.11648	0.57031	0.01921	0.05442	0.02452	0.01827	0.02588	0.01523	0.02033	0.01261	0.00730	0.00812	0.00246	0.00996	0.00734	0.00398	0.01236
23	0.01851	0.25935	0.44761	0.02008	0.03018	0.04649	0.02431	0.02548	0.01713	0.02337	0.01344	0.01572	0.01033	0.00749	0.00689	0.00229	0.01102	0.00544	0.00347	0.01139
24	0.00986	0.00715	0.00932	0.01106	0.01171	0.00661	0.00743	0.01133	0.01576	0.02081	0.04761	0.66088	0.10046	0.02505	0.01030	0.00325	0.00466	0.02261	0.00753	0.00661
25	0.21435	0.01606	0.05885	0.01407	0.02041	0.01390	0.01231	0.03484	0.02054	0.47446	0.02585	0.02343	0.01671	0.00928	0.00737	0.00251	0.00708	0.00710	0.00840	0.01247
26	0.02359	0.16974	0.09216	0.02452	0.11598	0.16493	0.09383	0.13469	0.02236	0.02753	0.01602	0.04859	0.01355	0.00868	0.00758	0.00230	0.01088	0.00711	0.00478	0.01118
27	0.02616	0.04276	0.07498	0.06164	0.10202	0.11097	0.01779	0.32497	0.09354	0.03777	0.01858	0.01980	0.01384	0.00907	0.00791	0.00243	0.00985	0.00703	0.00639	0.01250
28	0.01032	0.00813	0.00915	0.00945	0.01150	0.00719	0.00697	0.01250	0.01822	0.02293	0.15038	0.15980	0.40391	0.07429	0.01225	0.00326	0.00469	0.06072	0.00752	0.00682
29	0.01891	0.03048	0.29460	0.03225	0.17184	0.06178	0.22096	0.02605	0.01844	0.02559	0.01518	0.01912	0.01149	0.00737	0.00835	0.00256	0.01219	0.00735	0.00382	0.01168
30	0.01056	0.00771	0.00993	0.01053	0.01185	0.00708	0.00746	0.01310	0.01909	0.02603	0.31892	0.36406	0.12145	0.02107	0.00994	0.00292	0.00426	0.01881	0.00815	0.00708
31	0.02124	0.68745	0.04118	0.01385	0.02054	0.03111	0.01371	0.02385	0.01633	0.01908	0.01176	0.01387	0.01086	0.00939	0.03595	0.00225	0.00927	0.00454	0.00351	0.01027
32	0.01188	0.00796	0.00912	0.00924	0.00936	0.00796	0.00544	0.01212	0.01224	0.01628	0.02668	0.05555	0.03060	0.67068	0.03938	0.00760	0.00784	0.04992	0.00508	0.00508
33	0.01409	0.00705	0.01057	0.01057	0.01057	0.00705	0.00705	0.01057	0.01057	0.01409	0.01409	0.02467	0.01409	0.02819	0.03171	0.76392	0.00705	0.00705	0.00352	0.00352
34	0.02501	0.02139	0.02396	0.11613	0.12035	0.08958	0.01698	0.32837	0.05440	0.03719	0.02285	0.02433	0.06322	0.00990	0.00814	0.00247	0.00941	0.00790	0.00646	0.01197
35	0.01717	0.01473	0.01698	0.01248	0.01942	0.01178	0.00995	0.02277	0.08218	0.02722	0.01634	0.01821	0.01334	0.00653	0.00624	0.00136	0.00605	0.00526	0.00516	0.68680
36	0.11029	0.17976	0.36745	0.06182	0.03027	0.02202	0.02239	0.07198	0.01815	0.02724	0.01384	0.01624	0.01043	0.00771	0.00691	0.00238	0.01028	0.00563	0.00400	0.01122
37	0.02994	0.02480	0.02481	0.02140	0.07439	0.12111	0.01619	0.50127	0.03441	0.04465	0.01814	0.01882	0.01324	0.00934	0.00799	0.00238	0.00982	0.00699	0.00722	0.01308

[dist]
# distance from previous block
# <min> <max>
0	1

[block]
# block no. 2 follows, 23 sequences, length 48
# corresponding to MSA columns:
# 78-125
name=unknown_C
#
# <colnr> <probs for GDERKNQSTAVLIFYWHMCP>
#	G	D	E	R	K	N	Q	S	T	A	V	L	I	F	Y	W	H	M	C	P
0	0.01908	0.25417	0.36457	0.02216	0.06045	0.02302	0.07849	0.02568	0.01737	0.04425	0.01427	0.01672	0.01094	0.00744	0.00711	0.00231	0.01081	0.00592	0.00374	0.01149
1	0.01284	0.01162	0.02103	0.01805	0.02083	0.01091	0.19746	0.01579	0.01634	0.02193	0.03467	0.45061	0.03927	0.07280	0.01250	0.00348	0.00767	0.01811	0.00629	0.00778
2	0.01136	0.00820	0.01074	0.01029	0.01210	0.00757	0.00765	0.01500	0.02240	0.03163	0.61263	0.11051	0.07480	0.01727	0.00963	0.00261	0.00390	0.01532	0.00882	0.00757
3	0.05559	0.01715	0.01918	0.06971	0.05028	0.01969	0.01385	0.07426	0.48306	0.03371	0.05378	0.02893	0.02383	0.01061	0.00813	0.00270	0.00694	0.00882	0.00759	0.01221
4	0.01148	0.00875	0.00972	0.00916	0.01203	0.00744	0.00694	0.01411	0.01977	0.05049	0.22731	0.06870	0.45349	0.01843	0.00936	0.00261	0.00424	0.01556	0.00787	0.04254
5	0.08812	0.52245	0.03592	0.01561	0.05014	0.05591	0.01369	0.05993	0.01766	0.02271	0.01267	0.01569	0.01148	0.04050	0.00728	0.00218	0.00874	0.00504	0.00400	0.01028
6	0.01556	0.01230	0.01339	0.01240	0.01593	0.01239	0.00996	0.13746	0.09579	0.02940	0.05736	0.06355	0.35255	0.01768	0.00944	0.00286	0.00591	0.11934	0.00772	0.00900
7	0.02313	0.36592	0.16385	0.01712	0.02451	0.11361	0.01727	0.05761	0.05698	0.06861	0.01527	0.01644	0.01209	0.00788	0.00653	0.00210	0.00990	0.00550	0.00453	0.01115
8	0.01148	0.00829	0.01085	0.01021	0.01212	0.00766	0.00766	0.01531	0.02297	0.03254	0.65994	0.06061	0.07656	0.01659	0.00957	0.00255	0.00383	0.01467	0.00893	0.00766
9	0.02169	0.71972	0.04252	0.01388	0.02083	0.03211	0.01388	0.02430	0.01649	0.01909	0.01128	0.01302	0.01041	0.00694	0.00521	0.00174	0.00868	0.00434	0.00347	0.01041
10	0.01010	0.00816	0.00879	0.00875	0.01106	0.00706	0.00641	0.01231	0.01872	0.02337	0.18209	0.09926	0.48491	0.06871	0.01184	0.00309	0.00435	0.01655	0.00761	0.00685
11	0.01661	0.01618	0.02461	0.33950	0.03763	0.02163	0.02001	0.02010	0.01422	0.02010	0.01243	0.01958	0.01073	0.01133	0.01789	0.00315	0.37464	0.00715	0.00358	0.00894
12	0.01132	0.00829	0.01062	0.01003	0.01202	0.00759	0.00753	0.01499	0.02258	0.03161	0.60936	0.06214	0.12772	0.01694	0.00957	0.00257	0.00385	0.01489	0.00881	0.00759
13	0.01926	0.05838	0.01976	0.01376	0.02032	0.06546	0.01116	0.06862	0.01870	0.02706	0.01430	0.01668	0.01188	0.00692	0.00720	0.00151	0.03980	0.00511	0.00487	0.56925
14	0.03455	0.01334	0.01817	0.01422	0.02009	0.01155	0.01162	0.03756	0.02269	0.62432	0.03290	0.07543	0.02244	0.01112	0.00831	0.00257	0.00675	0.00921	0.00987	0.01330
15	0.02285	0.01636	0.07002	0.11579	0.02686	0.01483	0.04435	0.12618	0.02253	0.20528	0.04817	0.09350	0.04313	0.01301	0.00890	0.00280	0.00825	0.09901	0.00730	0.01090
16	0.01423	0.01265	0.01911	0.01704	0.01832	0.01586	0.05006	0.01684	0.01314	0.01937	0.01767	0.02723	0.01681	0.07007	0.38239	0.00884	0.26003	0.00832	0.00408	0.00794
17	0.01400	0.01111	0.01380	0.01338	0.01577	0.01137	0.03299	0.06675	0.14446	0.02692	0.09044	0.38171	0.10597	0.01947	0.00960	0.00299	0.00559	0.01733	0.00770	0.00866
18	0.02368	0.59368	0.03892	0.01449	0.02134	0.03006	0.01395	0.09880	0.01949	0.06197	0.01351	0.01467	0.01140	0.00746	0.00573	0.00187	0.00860	0.00492	0.00442	0.01102
19	0.01194	0.00869	0.01178	0.01326	0.01490	0.00852	0.01090	0.01500	0.01787	0.02335	0.07131	0.21133	0.10597	0.02486	0.05014	0.00405	0.00728	0.37427	0.00737	0.00723
20	0.01366	0.00879	0.01133	0.01056	0.01275	0.00807	0.00796	0.01702	0.02169	0.08639	0.49633	0.05944	0.10095	0.07018	0.01196	0.00302	0.00458	0.03881	0.00858	0.00793
21	0.07541	0.01360	0.01554	0.04495	0.01805	0.05276	0.01105	0.10261	0.01748	0.05445	0.02052	0.03050	0.01885	0.16269	0.29123	0.00784	0.04045	0.00840	0.00521	0.00840
22	0.01920	0.01532	0.01664	0.01495	0.01914	0.01705	0.01161	0.03689	0.48279	0.07015	0.12233	0.03763	0.07617	0.01239	0.00852	0.00271	0.00593	0.01043	0.00840	0.01177
23	0.01565	0.01154	0.01515	0.04719	0.07180	0.01162	0.01209	0.02207	0.11644	0.07607	0.13509	0.08978	0.15029	0.01673	0.00954	0.00296	0.00634	0.17291	0.00755	0.00918
24	0.00989	0.00706	0.00942	0.01130	0.01177	0.00659	0.00753	0.01130	0.01554	0.02071	0.04472	0.70954	0.05367	0.02542	0.01036	0.00330	0.00471	0.02307	0.00753	0.00659
25	0.04448	0.09420	0.14634	0.02752	0.03561	0.04734	0.38319	0.02584	0.01852	0.04573	0.01685	0.04604	0.01342	0.00789	0.00857	0.00259	0.01214	0.00858	0.00428	0.01086
26	0.01915	0.02189	0.04788	0.03420	0.04241	0.02052	0.63475	0.02599	0.01915	0.02599	0.01642	0.02189	0.01231	0.00684	0.00958	0.00274	0.01368	0.00958	0.00410	0.01094
27	0.11807	0.02279	0.02242	0.01776	0.02380	0.07381	0.01450	0.48385	0.06992	0.04602	0.01878	0.01900	0.01359	0.00945	0.00770	0.00244	0.00890	0.00691	0.00746	0.01282
28	0.38296	0.24224	0.13123	0.01413	0.02088	0.04800	0.01416	0.02462	0.01555	0.02856	0.01188	0.01384	0.00961	0.00741	0.00561	0.00226	0.00830	0.00467	0.00424	0.00985
29	0.01222	0.00906	0.01188	0.01329	0.01537	0.00873	0.01138	0.01554	0.01863	0.02370	0.05261	0.08823	0.19769	0.02196	0.01081	0.00349	0.00665	0.46396	0.00749	0.00732
30	0.01782	0.09684	0.40314	0.02567	0.07806	0.04022	0.14278	0.02534	0.01798	0.02531	0.04149	0.01961	0.01363	0.00783	0.00793	0.00250	0.01159	0.00696	0.00385	0.01145
31	0.01564	0.01401	0.01929	0.01743	0.01842	0.01809	0.01421	0.03587	0.04087	0.02202	0.05738	0.06307	0.02223	0.02653	0.18161	0.00573	0.36319	0.05106	0.00486	0.00850
32	0.10063	0.06710	0.45739	0.05369	0.06949	0.01866	0.02475	0.02436	0.01692	0.02647	0.03689	0.03904	0.01385	0.00847	0.00747	0.00254	0.01050	0.00667	0.00396	0.01116
33	0.01089	0.00827	0.01003	0.00959	0.01176	0.00741	0.00719	0.01417	0.02158	0.02923	0.47996	0.06606	0.25860	0.01782	0.00958	0.00261	0.00392	0.01544	0.00850	0.00741
34	0.01017	0.00724	0.00961	0.01140	0.01193	0.00682	0.00774	0.01165	0.01554	0.02069	0.04369	0.64061	0.05208	0.05871	0.01191	0.00354	0.00503	0.05770	0.00740	0.00656
35	0.00960	0.00817	0.00828	0.00837	0.01100	0.00684	0.00623	0.01163	0.01836	0.02186	0.08043	0.10789	0.63226	0.02078	0.00963	0.00277	0.00414	0.01741	0.00753	0.00684
36	0.02036	0.30181	0.27016	0.01868	0.02676	0.07457	0.03962	0.02561	0.01771	0.05263	0.04079	0.01782	0.01365	0.00820	0.00770	0.00225	0.04080	0.00592	0.00407	0.01091
37	0.02323	0.59804	0.03903	0.01514	0.02159	0.14827	0.01420	0.02575	0.01765	0.01923	0.01151	0.01331	0.01042	0.00720	0.00558	0.00180	0.00974	0.00450	0.00360	0.01023
38	0.01037	0.00741	0.00976	0.01092	0.01174	0.00692	0.00745	0.01234	0.01727	0.02352	0.20051	0.51703	0.05849	0.05190	0.01145	0.00330	0.00462	0.02046	0.00778	0.00679
39	0.01927	0.05387	0.04763	0.03327	0.04142	0.02105	0.60629	0.02591	0.01903	0.02568	0.01618	0.02148	0.01222	0.00684	0.00938	0.00269	0.01345	0.00934	0.00407	0.01092
40	0.02896	0.05044	0.12130	0.01718	0.04119	0.01594	0.01539	0.07996	0.09982	0.37882	0.04789	0.02596	0.01992	0.00978	0.00801	0.00251	0.00783	0.00791	0.00816	0.01303
41	0.03358	0.01645	0.06707	0.01666	0.02350	0.01311	0.06420	0.03746	0.02246	0.57194	0.02951	0.02641	0.01876	0.00962	0.00824	0.00253	0.00782	0.00812	0.00909	0.01345
42	0.01112	0.00834	0.01038	0.01029	0.01234	0.00760	0.00788	0.01439	0.02105	0.02846	0.42035	0.09710	0.21748	0.01861	0.00979	0.00276	0.00434	0.08197	0.00836	0.00739
43	0.01994	0.35575	0.22759	0.05143	0.06550	0.07589	0.01989	0.02487	0.01739	0.02189	0.01420	0.01880	0.01220	0.00806	0.00670	0.00219	0.01024	0.03295	0.00373	0.01076
44	0.28464	0.04789	0.09340	0.10411	0.05645	0.08875	0.04455	0.02748	0.01768	0.14059	0.01624	0.01810	0.01178	0.00808	0.00687	0.00247	0.00909	0.00605	0.00530	0.01047
45	0.01905	0.02160	0.04627	0.03330	0.04093	0.02082	0.59148	0.02554	0.01868	0.02554	0.01601	0.02160	0.01220	0.00736	0.01077	0.00279	0.06180	0.00940	0.00407	0.01080
46	0.02112	0.01174	0.01464	0.04431	0.01810	0.03794	0.01080	0.02391	0.01966	0.24807	0.09824	0.14334	0.06643	0.08134	0.01229	0.00335	0.00685	0.12045	0.00797	0.00945
47	0.02112	0.63565	0.09885	0.01540	0.02283	0.03053	0.03640	0.02448	0.01664	0.01991	0.01175	0.01368	0.01047	0.00701	0.00558	0.00184	0.00914	0.00466	0.00349	0.01057

[dist]
# distance from previous block
# <min> <max>
5	7

[block]
# block no. 3 follows, 23 sequences, length 130
# corresponding to MSA columns:
# 133-185,204-280
name=unknown_D
#
# <colnr> <probs for GDERKNQSTAVLIFYWHMCP>
#	G	D	E	R	K	N	Q	S	T	A	V	L	I	F	Y	W	H	M	C	P
0	0.07439	0.01603	0.01888	0.01530	0.02090	0.01629	0.01238	0.14428	0.16713	0.34974	0.02934	0.05558	0.02082	0.01073	0.00808	0.00259	0.00702	0.00866	0.00889	0.01298
1	0.01710	0.01679	0.02360	0.02042	0.02058	0.02329	0.01694	0.01899	0.01249	0.01945	0.01183	0.01925	0.01168	0.01916	0.09640	0.00456	0.62785	0.00727	0.00364	0.00870
2	0.02971	0.12738	0.02675	0.01786	0.02431	0.05697	0.01504	0.48899	0.03350	0.07340	0.01850	0.01866	0.01342	0.00927	0.00765	0.00232	0.00907	0.00680	0.00732	0.01308
3	0.01159	0.00869	0.01304	0.01304	0.01449	0.01014	0.01014	0.01449	0.01304	0.01884	0.02173	0.03188	0.02029	0.06086	0.68268	0.01304	0.02173	0.00869	0.00435	0.00724
4	0.01921	0.05190	0.08846	0.01660	0.02198	0.01980	0.01432	0.03853	0.51568	0.03167	0.03297	0.03091	0.06027	0.01104	0.00814	0.00269	0.00698	0.00908	0.00748	0.01229
5	0.01986	0.01906	0.03254	0.07954	0.63619	0.01922	0.02479	0.02471	0.01837	0.02624	0.01522	0.02015	0.01276	0.00727	0.00804	0.00242	0.00969	0.00723	0.00400	0.01268
6	0.01159	0.00869	0.01304	0.01304	0.01449	0.01014	0.01014	0.01449	0.01304	0.01884	0.02173	0.03188	0.02029	0.06086	0.68268	0.01304	0.02173	0.00869	0.00435	0.00724
7	0.03031	0.03867	0.02299	0.02090	0.02508	0.68226	0.01568	0.03240	0.02299	0.01986	0.01254	0.01463	0.01045	0.00836	0.00732	0.00209	0.01463	0.00523	0.00418	0.00941
8	0.02633	0.02186	0.02172	0.01796	0.02345	0.07884	0.01436	0.33697	0.29301	0.04128	0.02457	0.02359	0.01811	0.01015	0.00811	0.00254	0.00836	0.00791	0.00784	0.01303
9	0.01388	0.00714	0.01062	0.01077	0.01087	0.00712	0.00730	0.01085	0.01109	0.01477	0.01649	0.05537	0.01700	0.02785	0.03003	0.70284	0.00697	0.03140	0.00384	0.00380
10	0.02640	0.33347	0.06250	0.01691	0.02380	0.05555	0.04444	0.18363	0.02355	0.13196	0.01714	0.01769	0.01291	0.00825	0.00684	0.00214	0.00912	0.00607	0.00577	0.01187
11	0.02050	0.12478	0.08100	0.02765	0.21742	0.05319	0.04369	0.03221	0.25840	0.02784	0.02129	0.02249	0.01668	0.00870	0.00770	0.00245	0.00887	0.00744	0.00551	0.01218
12	0.00981	0.00823	0.00852	0.00845	0.01109	0.00694	0.00634	0.01207	0.01901	0.02314	0.14884	0.07607	0.59352	0.02009	0.00959	0.00272	0.00408	0.01684	0.00770	0.00694
13	0.01856	0.02759	0.21599	0.02876	0.03706	0.05905	0.37542	0.02536	0.01836	0.02502	0.01664	0.04986	0.01336	0.00832	0.00975	0.00271	0.04450	0.00880	0.00405	0.01086
14	0.06415	0.09413	0.05367	0.01665	0.02321	0.04824	0.01444	0.28567	0.02803	0.25813	0.02206	0.02102	0.01509	0.00930	0.00764	0.00238	0.00847	0.00701	0.00777	0.01296
15	0.01409	0.00705	0.01057	0.01057	0.01057	0.00705	0.00705	0.01057	0.01057	0.01409	0.01409	0.02467	0.01409	0.02819	0.03171	0.76392	0.00705	0.00705	0.00352	0.00352
16	0.01335	0.00903	0.01067	0.01047	0.01329	0.00799	0.00833	0.01612	0.01970	0.09168	0.15656	0.07278	0.38661	0.01922	0.00975	0.00288	0.00501	0.13074	0.00800	0.00782
17	0.02824	0.06362	0.02157	0.01671	0.02202	0.18883	0.01340	0.19051	0.08300	0.17730	0.02789	0.02685	0.08316	0.01054	0.00792	0.00238	0.00918	0.00799	0.00722	0.01166
18	0.02878	0.02199	0.02495	0.01930	0.02565	0.02425	0.05138	0.52446	0.11618	0.04744	0.02105	0.02102	0.01513	0.00973	0.00822	0.00249	0.00888	0.00768	0.00790	0.01351
19	0.01094	0.00893	0.00983	0.00990	0.01252	0.00808	0.00772	0.01469	0.05607	0.02432	0.14799	0.07493	0.46241	0.01974	0.00974	0.00286	0.00468	0.09951	0.00775	0.00739
20	0.02871	0.01803	0.02051	0.01643	0.02213	0.01912	0.01334	0.28450	0.18172	0.22362	0.06390	0.02685	0.02195	0.01054	0.00825	0.00254	0.00744	0.00844	0.00875	0.01321
21	0.03045	0.02049	0.02262	0.01765	0.02387	0.02222	0.01448	0.45666	0.11405	0.15684	0.02341	0.02229	0.01630	0.00996	0.00814	0.00249	0.00825	0.00769	0.00847	0.01368
22	0.10992	0.02031	0.05240	0.01681	0.02334	0.02027	0.01440	0.36918	0.03023	0.22864	0.02203	0.02108	0.01493	0.00950	0.00778	0.00247	0.00821	0.00718	0.00813	0.01319
23	0.03031	0.03867	0.02299	0.02090	0.02508	0.68226	0.01568	0.03240	0.02299	0.01986	0.01254	0.01463	0.01045	0.00836	0.00732	0.00209	0.01463	0.00523	0.00418	0.00941
24	0.02142	0.01734	0.01950	0.01549	0.04731	0.03816	0.01187	0.16182	0.02221	0.05819	0.01626	0.01793	0.01273	0.00715	0.00671	0.00162	0.00716	0.00563	0.00572	0.50578
25	0.07977	0.21257	0.05389	0.01694	0.02289	0.16921	0.01463	0.15271	0.10979	0.06784	0.01757	0.01810	0.01353	0.00864	0.00694	0.00223	0.00959	0.00610	0.00572	0.01136
26	0.01003	0.00717	0.00959	0.01147	0.01200	0.00672	0.00779	0.01155	0.01568	0.02088	0.04464	0.68088	0.05334	0.02528	0.01040	0.00332	0.00484	0.05026	0.00753	0.00663
27	0.01011	0.00824	0.00894	0.00877	0.01128	0.00707	0.00658	0.01266	0.01973	0.02485	0.24145	0.07327	0.49985	0.01946	0.00958	0.00269	0.00403	0.01645	0.00792	0.00707
28	0.03085	0.02273	0.02435	0.01867	0.02516	0.02516	0.01542	0.63716	0.03815	0.05114	0.01948	0.01948	0.01380	0.00974	0.00812	0.00244	0.00893	0.00731	0.00812	0.01380
29	0.01841	0.01723	0.02865	0.34125	0.35952	0.01898	0.02340	0.05053	0.01834	0.02500	0.01507	0.02076	0.01197	0.00774	0.00807	0.00254	0.01014	0.00722	0.00401	0.01115
30	0.01924	0.02383	0.15129	0.02687	0.03455	0.01945	0.34110	0.09174	0.07745	0.02903	0.02065	0.05440	0.01697	0.00937	0.00909	0.00276	0.01147	0.04437	0.00513	0.01122
31	0.01396	0.01198	0.04130	0.01202	0.01512	0.01098	0.00972	0.05658	0.11678	0.03250	0.44255	0.05348	0.12040	0.01536	0.00921	0.00259	0.00490	0.01328	0.00840	0.00891
32	0.00961	0.00815	0.00829	0.00840	0.01101	0.00683	0.00625	0.01162	0.01832	0.02185	0.07998	0.11552	0.62493	0.02084	0.00964	0.00277	0.00415	0.01748	0.00753	0.00683
33	0.77215	0.01569	0.01193	0.01067	0.01569	0.01820	0.00879	0.02385	0.01381	0.03641	0.01130	0.01318	0.00879	0.00753	0.00502	0.00251	0.00628	0.00439	0.00502	0.00879
34	0.02746	0.03242	0.02430	0.02543	0.13694	0.47137	0.01699	0.05432	0.08939	0.02367	0.01545	0.01743	0.01252	0.00849	0.00757	0.00223	0.01267	0.00607	0.00473	0.01054
35	0.02222	0.01844	0.01949	0.01692	0.02188	0.02113	0.01334	0.15653	0.53283	0.03723	0.03044	0.02821	0.02268	0.01077	0.00823	0.00269	0.00690	0.00882	0.00823	0.01303
36	0.01161	0.00862	0.01268	0.01268	0.01401	0.00995	0.00970	0.01426	0.01293	0.01857	0.02206	0.03369	0.02107	0.11668	0.62792	0.01260	0.02055	0.00896	0.00440	0.00705
37	0.01627	0.04197	0.67279	0.02313	0.03512	0.01884	0.02998	0.02570	0.01713	0.02570	0.01456	0.01713	0.01028	0.00771	0.00771	0.00257	0.01199	0.00600	0.00343	0.01199
38	0.74134	0.01561	0.01222	0.01083	0.01590	0.01794	0.00892	0.02451	0.01420	0.06293	0.01217	0.01379	0.00926	0.00764	0.00515	0.00251	0.00630	0.00455	0.00523	0.00900
39	0.01555	0.01486	0.02572	0.65659	0.05510	0.01817	0.05840	0.02104	0.01640	0.02104	0.01454	0.02165	0.01090	0.00804	0.00820	0.00271	0.01098	0.00735	0.00363	0.00913
40	0.02089	0.01660	0.01938	0.01561	0.05148	0.01491	0.01187	0.15574	0.05940	0.05456	0.01727	0.01873	0.01348	0.00731	0.00677	0.00166	0.00687	0.00584	0.00587	0.49576
41	0.01308	0.00934	0.01308	0.01494	0.01681	0.00934	0.01308	0.01681	0.01868	0.02428	0.04296	0.09153	0.04670	0.02242	0.01121	0.00374	0.00747	0.60960	0.00747	0.00747
42	0.01953	0.01965	0.02056	0.01819	0.02054	0.12407	0.01450	0.02803	0.21032	0.02527	0.07936	0.02766	0.05010	0.01281	0.01568	0.00295	0.28647	0.00857	0.00575	0.00997
43	0.01036	0.00743	0.00984	0.01097	0.01187	0.00691	0.00757	0.01250	0.01776	0.02426	0.22897	0.51520	0.06052	0.02278	0.01012	0.00307	0.00444	0.02055	0.00795	0.00691
44	0.00989	0.00706	0.00942	0.01130	0.01177	0.00659	0.00753	0.01130	0.01554	0.02071	0.04472	0.70954	0.05367	0.02542	0.01036	0.00330	0.00471	0.02307	0.00753	0.00659
45	0.02004	0.01939	0.03355	0.04916	0.63856	0.01933	0.05006	0.02495	0.01850	0.02649	0.01531	0.02016	0.01283	0.00721	0.00810	0.00242	0.00981	0.00733	0.00402	0.01277
46	0.00982	0.00766	0.00892	0.00982	0.01141	0.00676	0.00690	0.01164	0.01725	0.02181	0.08980	0.38683	0.33699	0.02276	0.00997	0.00300	0.00439	0.01993	0.00760	0.00676
47	0.77215	0.01569	0.01193	0.01067	0.01569	0.01820	0.00879	0.02385	0.01381	0.03641	0.01130	0.01318	0.00879	0.00753	0.00502	0.00251	0.00628	0.00439	0.00502	0.00879
48	0.01929	0.01847	0.03151	0.15678	0.56340	0.01907	0.02451	0.02421	0.01810	0.02555	0.01512	0.02034	0.01252	0.00738	0.00805	0.00246	0.00983	0.00723	0.00395	0.01222
49	0.02358	0.02066	0.02952	0.08877	0.28466	0.05972	0.08445	0.19334	0.02423	0.05919	0.01802	0.02284	0.01428	0.00869	0.00830	0.00251	0.01007	0.02942	0.00550	0.01223
50	0.02972	0.02385	0.02361	0.01868	0.02475	0.09290	0.01519	0.51448	0.09820	0.04616	0.02013	0.02007	0.01456	0.00973	0.00805	0.00243	0.00927	0.00728	0.00772	0.01325
51	0.35927	0.01896	0.01810	0.01485	0.02046	0.02147	0.01216	0.29268	0.10111	0.04251	0.01748	0.01798	0.01289	0.00891	0.00676	0.00251	0.00745	0.00624	0.00676	0.01145
52	0.02899	0.02156	0.02345	0.04478	0.02553	0.02396	0.01516	0.56142	0.06280	0.04774	0.02012	0.02141	0.01480	0.03867	0.00948	0.00268	0.00885	0.00757	0.00781	0.01320
53	0.02214	0.01852	0.02002	0.01687	0.02217	0.05805	0.03816	0.07331	0.41975	0.08061	0.02779	0.02639	0.02072	0.00987	0.00794	0.00247	0.00734	0.00819	0.00751	0.11216
54	0.02008	0.01928	0.03294	0.04981	0.66422	0.01928	0.02490	0.02490	0.01848	0.02651	0.01526	0.02008	0.01285	0.00723	0.00803	0.00241	0.00964	0.00723	0.00402	0.01285
55	0.01745	0.01554	0.01711	0.01243	0.01950	0.04175	0.00989	0.02098	0.01711	0.02614	0.01434	0.01672	0.01195	0.00612	0.00607	0.00124	0.00641	0.00483	0.00478	0.72965
56	0.03576	0.01484	0.01947	0.01493	0.02123	0.01345	0.01233	0.10853	0.02495	0.59842	0.03057	0.02668	0.01936	0.01001	0.00816	0.00250	0.00714	0.00806	0.00982	0.01381
57	0.00970	0.00822	0.00838	0.00834	0.01103	0.00690	0.00625	0.01186	0.01876	0.02255	0.11660	0.07705	0.62613	0.02031	0.00959	0.00273	0.00409	0.01698	0.00762	0.00690
58	0.01180	0.00787	0.00885	0.00885	0.00885	0.00787	0.00492	0.01180	0.01180	0.01573	0.02557	0.05310	0.02950	0.71483	0.04130	0.00787	0.00787	0.01180	0.00492	0.00492
59	0.01226	0.00882	0.01210	0.01389	0.01551	0.00866	0.01162	0.01544	0.01802	0.02344	0.04507	0.21841	0.07552	0.02295	0.01096	0.00360	0.00675	0.46220	0.00749	0.00726
60	0.02169	0.71972	0.04252	0.01388	0.02083	0.03211	0.01388	0.02430	0.01649	0.01909	0.01128	0.01302	0.01041	0.00694	0.00521	0.00174	0.00868	0.00434	0.00347	0.01041
61	0.01513	0.00756	0.00756	0.00756	0.00945	0.00756	0.00567	0.01891	0.01702	0.03025	0.02647	0.03025	0.02080	0.00945	0.00567	0.00189	0.00378	0.00756	0.75988	0.00756
62	0.77215	0.01569	0.01193	0.01067	0.01569	0.01820	0.00879	0.02385	0.01381	0.03641	0.01130	0.01318	0.00879	0.00753	0.00502	0.00251	0.00628	0.00439	0.00502	0.00879
63	0.00982	0.00818	0.00829	0.00829	0.01074	0.00696	0.00603	0.01166	0.01779	0.02126	0.07620	0.07544	0.59405	0.09408	0.01295	0.00328	0.00451	0.01656	0.00726	0.00665
64	0.01775	0.01775	0.02485	0.02130	0.02130	0.02485	0.01775	0.01953	0.01243	0.01953	0.01065	0.01775	0.01065	0.01420	0.02663	0.00355	0.69998	0.00710	0.00355	0.00888
65	0.03641	0.01381	0.01883	0.01444	0.02071	0.01193	0.01193	0.03954	0.02322	0.66984	0.03201	0.02762	0.02009	0.01004	0.00816	0.00251	0.00690	0.00816	0.01004	0.01381
66	0.01532	0.01442	0.02434	0.69533	0.05589	0.01803	0.02253	0.02073	0.01622	0.02073	0.01442	0.02163	0.01082	0.00811	0.00811	0.00270	0.01082	0.00721	0.00361	0.00901
67	0.01627	0.04197	0.67279	0.02313	0.03512	0.01884	0.02998	0.02570	0.01713	0.02570	0.01456	0.01713	0.01028	0.00771	0.00771	0.00257	0.01199	0.00600	0.00343	0.01199
68	0.01409	0.00705	0.01057	0.01057	0.01057	0.00705	0.00705	0.01057	0.01057	0.01409	0.01409	0.02467	0.01409	0.02819	0.03171	0.76392	0.00705	0.00705	0.00352	0.00352
69	0.00959	0.00822	0.00822	0.00822	0.01096	0.00685	0.00617	0.01165	0.01850	0.02192	0.08220	0.07809	0.66092	0.02055	0.00959	0.00274	0.00411	0.01713	0.00754	0.00685
70	0.02972	0.02217	0.02372	0.01844	0.02473	0.02464	0.01515	0.57438	0.10276	0.04932	0.02091	0.02062	0.01496	0.00987	0.00813	0.00247	0.00866	0.00750	0.00813	0.01370
71	0.01736	0.01528	0.01822	0.01395	0.01976	0.01404	0.01123	0.02296	0.09042	0.02627	0.01603	0.01854	0.01331	0.00784	0.00940	0.00174	0.11116	0.00567	0.00502	0.56181
72	0.03641	0.01381	0.01883	0.01444	0.02071	0.01193	0.01193	0.03954	0.02322	0.66984	0.03201	0.02762	0.02009	0.01004	0.00816	0.00251	0.00690	0.00816	0.01004	0.01381
73	0.01180	0.00787	0.00885	0.00885	0.00885	0.00787	0.00492	0.01180	0.01180	0.01573	0.02557	0.05310	0.02950	0.71483	0.04130	0.00787	0.00787	0.01180	0.00492	0.00492
74	0.01513	0.00756	0.00756	0.00756	0.00945	0.00756	0.00567	0.01891	0.01702	0.03025	0.02647	0.03025	0.02080	0.00945	0.00567	0.00189	0.00378	0.00756	0.75988	0.00756
75	0.01915	0.02189	0.04788	0.03420	0.04241	0.02052	0.63475	0.02599	0.01915	0.02599	0.01642	0.02189	0.01231	0.00684	0.00958	0.00274	0.01368	0.00958	0.00410	0.01094
76	0.01409	0.00705	0.01057	0.01057	0.01057	0.00705	0.00705	0.01057	0.01057	0.01409	0.01409	0.02467	0.01409	0.02819	0.03171	0.76392	0.00705	0.00705	0.00352	0.00352
77	0.01180	0.00787	0.00885	0.00885	0.00885	0.00787	0.00492	0.01180	0.01180	0.01573	0.02557	0.05310	0.02950	0.71483	0.04130	0.00787	0.00787	0.01180	0.00492	0.00492
78	0.01140	0.00829	0.01073	0.01012	0.01207	0.00762	0.00759	0.01515	0.02276	0.03206	0.63363	0.06141	0.10317	0.01677	0.00957	0.00256	0.00384	0.01479	0.00887	0.00762
79	0.02216	0.02359	0.03078	0.04087	0.45472	0.17353	0.05847	0.02642	0.01958	0.02485	0.01571	0.02153	0.01350	0.00803	0.00807	0.00240	0.01096	0.02891	0.00419	0.01174
80	0.01627	0.04197	0.67279	0.02313	0.03512	0.01884	0.02998	0.02570	0.01713	0.02570	0.01456	0.01713	0.01028	0.00771	0.00771	0.00257	0.01199	0.00600	0.00343	0.01199
81	0.03641	0.01381	0.01883	0.01444	0.02071	0.01193	0.01193	0.03954	0.02322	0.66984	0.03201	0.02762	0.02009	0.01004	0.00816	0.00251	0.00690	0.00816	0.01004	0.01381
82	0.01075	0.00773	0.01019	0.01071	0.01196	0.00717	0.00760	0.01347	0.01955	0.02710	0.37697	0.35908	0.06603	0.02065	0.00993	0.00289	0.00423	0.01853	0.00829	0.00717
83	0.02775	0.05128	0.02331	0.01772	0.02371	0.02363	0.01453	0.42707	0.20307	0.06759	0.02327	0.02243	0.01687	0.00998	0.00803	0.00249	0.00816	0.00772	0.00802	0.01339
84	0.02081	0.01774	0.01870	0.01664	0.02134	0.02048	0.01300	0.07833	0.61332	0.03496	0.03222	0.02963	0.02412	0.01093	0.00825	0.00273	0.00657	0.00906	0.00825	0.01290
85	0.01160	0.00866	0.01287	0.01287	0.01426	0.01005	0.00993	0.01438	0.01299	0.01871	0.02189	0.03275	0.02066	0.08769	0.65636	0.01283	0.02117	0.00882	0.00437	0.00715
86	0.77215	0.01569	0.01193	0.01067	0.01569	0.01820	0.00879	0.02385	0.01381	0.03641	0.01130	0.01318	0.00879	0.00753	0.00502	0.00251	0.00628	0.00439	0.00502	0.00879
87	0.02858	0.02280	0.02457	0.02012	0.04704	0.06307	0.03727	0.47759	0.11953	0.04520	0.02067	0.02078	0.01502	0.00964	0.00814	0.00247	0.00912	0.00752	0.00762	0.01328
88	0.02307	0.63797	0.03997	0.01433	0.02107	0.06900	0.01387	0.02568	0.01727	0.05771	0.01258	0.01398	0.01099	0.00721	0.00551	0.00180	0.00892	0.00462	0.00390	0.01056
89	0.02931	0.01870	0.02136	0.01619	0.02278	0.01876	0.01331	0.35477	0.02985	0.20389	0.02162	0.02100	0.01503	0.00903	0.00768	0.00219	0.00780	0.00700	0.00791	0.17180
90	0.01985	0.06500	0.11447	0.03072	0.06663	0.02056	0.44427	0.02724	0.04903	0.05489	0.01734	0.02140	0.01294	0.00730	0.00891	0.00263	0.01236	0.00867	0.00445	0.01134
91	0.01276	0.00924	0.01263	0.01433	0.01627	0.00911	0.01244	0.01634	0.01866	0.02407	0.04657	0.09029	0.10315	0.02224	0.01106	0.00364	0.00716	0.55515	0.00748	0.00741
92	0.02018	0.01743	0.01835	0.01651	0.02110	0.02018	0.01284	0.04312	0.64956	0.03394	0.03303	0.03027	0.02477	0.01101	0.00826	0.00275	0.00642	0.00917	0.00826	0.01284
93	0.02898	0.05569	0.02479	0.05821	0.02657	0.08789	0.01568	0.48804	0.06190	0.04410	0.01875	0.01933	0.01364	0.00944	0.00791	0.00240	0.00946	0.00705	0.00727	0.01290
94	0.00989	0.00706	0.00942	0.01130	0.01177	0.00659	0.00753	0.01130	0.01554	0.02071	0.04472	0.70954	0.05367	0.02542	0.01036	0.00330	0.00471	0.02307	0.00753	0.00659
95	0.00989	0.00706	0.00942	0.01130	0.01177	0.00659	0.00753	0.01130	0.01554	0.02071	0.04472	0.70954	0.05367	0.02542	0.01036	0.00330	0.00471	0.02307	0.00753	0.00659
96	0.02577	0.39772	0.03329	0.01720	0.02284	0.33950	0.01473	0.02813	0.01956	0.01945	0.01188	0.01378	0.01043	0.00761	0.00620	0.00190	0.01149	0.00476	0.00381	0.00994
97	0.02027	0.02406	0.08910	0.07057	0.06798	0.07607	0.40655	0.05463	0.05733	0.02677	0.01690	0.02120	0.01274	0.00751	0.00894	0.00264	0.01263	0.00856	0.00445	0.01111
98	0.01308	0.00934	0.01308	0.01494	0.01681	0.00934	0.01308	0.01681	0.01868	0.02428	0.04296	0.09153	0.04670	0.02242	0.01121	0.00374	0.00747	0.60960	0.00747	0.00747
99	0.02169	0.71972	0.04252	0.01388	0.02083	0.03211	0.01388	0.02430	0.01649	0.01909	0.01128	0.01302	0.01041	0.00694	0.00521	0.00174	0.00868	0.00434	0.00347	0.01041
100	0.01130	0.00826	0.01045	0.00992	0.01181	0.00758	0.00734	0.01472	0.02183	0.03042	0.56126	0.06201	0.13536	0.05858	0.01146	0.00289	0.00410	0.01476	0.00855	0.00741
101	0.01169	0.00832	0.01113	0.01113	0.01192	0.00910	0.00776	0.01326	0.01247	0.01742	0.02348	0.04156	0.02449	0.35916	0.39012	0.01068	0.01541	0.01011	0.00461	0.00618
102	0.01148	0.00829	0.01085	0.01021	0.01212	0.00766	0.00766	0.01531	0.02297	0.03254	0.65994	0.06061	0.07656	0.01659	0.00957	0.00255	0.00383	0.01467	0.00893	0.00766
103	0.00989	0.00706	0.00942	0.01130	0.01177	0.00659	0.00753	0.01130	0.01554	0.02071	0.04472	0.70954	0.05367	0.02542	0.01036	0.00330	0.00471	0.02307	0.00753	0.00659
104	0.01683	0.01442	0.01683	0.01202	0.01923	0.01082	0.00961	0.02043	0.01683	0.02644	0.01442	0.01683	0.01202	0.00601	0.00601	0.00120	0.00601	0.00481	0.00481	0.76444
105	0.01141	0.00829	0.01074	0.01013	0.01207	0.00762	0.00759	0.01516	0.02278	0.03210	0.63588	0.06134	0.10089	0.01675	0.00957	0.00256	0.00384	0.01478	0.00887	0.00762
106	0.01163	0.00785	0.00884	0.00891	0.00905	0.00778	0.00506	0.01178	0.01224	0.01619	0.02884	0.07704	0.05943	0.65891	0.03876	0.00747	0.00758	0.01244	0.00513	0.00506
107	0.03031	0.03867	0.02299	0.02090	0.02508	0.68226	0.01568	0.03240	0.02299	0.01986	0.01254	0.01463	0.01045	0.00836	0.00732	0.00209	0.01463	0.00523	0.00418	0.00941
108	0.01018	0.00829	0.00904	0.00897	0.01149	0.00715	0.00681	0.01271	0.01953	0.02445	0.21251	0.07469	0.49997	0.01973	0.00966	0.00274	0.00420	0.04298	0.00785	0.00706
109	0.02169	0.71972	0.04252	0.01388	0.02083	0.03211	0.01388	0.02430	0.01649	0.01909	0.01128	0.01302	0.01041	0.00694	0.00521	0.00174	0.00868	0.00434	0.00347	0.01041
110	0.77215	0.01569	0.01193	0.01067	0.01569	0.01820	0.00879	0.02385	0.01381	0.03641	0.01130	0.01318	0.00879	0.00753	0.00502	0.00251	0.00628	0.00439	0.00502	0.00879
111	0.01159	0.00869	0.01304	0.01304	0.01449	0.01014	0.01014	0.01449	0.01304	0.01884	0.02173	0.03188	0.02029	0.06086	0.68268	0.01304	0.02173	0.00869	0.00435	0.00724
112	0.01684	0.29171	0.18798	0.05497	0.02375	0.02048	0.01647	0.02167	0.01862	0.02496	0.21164	0.02917	0.03073	0.01017	0.00734	0.00225	0.00813	0.00809	0.00515	0.00988
113	0.01228	0.00945	0.01334	0.01297	0.01395	0.01117	0.00977	0.01442	0.01270	0.01822	0.02143	0.03512	0.02133	0.20113	0.47222	0.01091	0.08909	0.00922	0.00439	0.00690
114	0.02212	0.01839	0.01944	0.01690	0.02184	0.02109	0.01331	0.15096	0.53856	0.03707	0.03057	0.02831	0.02278	0.01078	0.00823	0.00269	0.00688	0.00883	0.00823	0.01302
115	0.01628	0.01344	0.01910	0.01698	0.01698	0.01768	0.01344	0.01592	0.01168	0.01734	0.01204	0.02054	0.01204	0.01983	0.02868	0.30973	0.42096	0.00708	0.00354	0.00672
116	0.02184	0.02007	0.02574	0.03183	0.30821	0.05971	0.01865	0.09565	0.26808	0.03157	0.02250	0.02369	0.01748	0.00904	0.00809	0.00253	0.00860	0.00788	0.00611	0.01274
117	0.02816	0.02708	0.02340	0.09190	0.02811	0.25726	0.01607	0.30991	0.07821	0.03543	0.01753	0.01883	0.01315	0.00918	0.00784	0.00237	0.01096	0.00670	0.00625	0.01165
118	0.02816	0.20848	0.02786	0.01915	0.02402	0.52015	0.01523	0.03038	0.02137	0.01967	0.01223	0.01423	0.01044	0.00801	0.00679	0.00200	0.01315	0.00500	0.00400	0.00966
119	0.01532	0.01442	0.02434	0.69533	0.05589	0.01803	0.02253	0.02073	0.01622	0.02073	0.01442	0.02163	0.01082	0.00811	0.00811	0.00270	0.01082	0.00721	0.00361	0.00901
120	0.01308	0.00934	0.01308	0.01494	0.01681	0.00934	0.01308	0.01681	0.01868	0.02428	0.04296	0.09153	0.04670	0.02242	0.01121	0.00374	0.00747	0.60960	0.00747	0.00747
121	0.01409	0.00705	0.01057	0.01057	0.01057	0.00705	0.00705	0.01057	0.01057	0.01409	0.01409	0.02467	0.01409	0.02819	0.03171	0.76392	0.00705	0.00705	0.00352	0.00352
122	0.01532	0.01442	0.02434	0.69533	0.05589	0.01803	0.02253	0.02073	0.01622	0.02073	0.01442	0.02163	0.01082	0.00811	0.00811	0.00270	0.01082	0.00721	0.00361	0.00901
123	0.02008	0.01928	0.03294	0.04981	0.66422	0.01928	0.02490	0.02490	0.01848	0.02651	0.01526	0.02008	0.01285	0.00723	0.00803	0.00241	0.00964	0.00723	0.00402	0.01285
124	0.02018	0.01743	0.01835	0.01651	0.02110	0.02018	0.01284	0.04312	0.64956	0.03394	0.03303	0.03027	0.02477	0.01101	0.00826	0.00275	0.00642	0.00917	0.00826	0.01284
125	0.01532	0.01442	0.02434	0.69533	0.05589	0.01803	0.02253	0.02073	0.01622	0.02073	0.01442	0.02163	0.01082	0.00811	0.00811	0.00270	0.01082	0.00721	0.00361	0.00901
126	0.03085	0.02273	0.02435	0.01867	0.02516	0.02516	0.01542	0.63716	0.03815	0.05114	0.01948	0.01948	0.01380	0.00974	0.00812	0.00244	0.00893	0.00731	0.00812	0.01380
127	0.01864	0.01648	0.02667	0.39471	0.25231	0.01858	0.02213	0.04935	0.04739	0.05153	0.01650	0.02168	0.01264	0.00810	0.00810	0.00259	0.00998	0.00735	0.00441	0.01085
128	0.02350	0.02328	0.02695	0.08534	0.29265	0.21132	0.04503	0.02731	0.01997	0.08412	0.01826	0.05185	0.01559	0.00919	0.00812	0.00245	0.01081	0.02828	0.00487	0.01110
129	0.02965	0.02151	0.02330	0.01796	0.02437	0.02341	0.01477	0.53810	0.07245	0.07736	0.02057	0.02034	0.01464	0.00961	0.00800	0.00239	0.00852	0.00731	0.00802	0.05772

[dist]
# distance from previous block
# <min> <max>
0	1

[block]
# block no. 4 follows, 23 sequences, length 174
# corresponding to MSA columns:
# 282-455
name=unknown_E
#
# <colnr> <probs for GDERKNQSTAVLIFYWHMCP>
#	G	D	E	R	K	N	Q	S	T	A	V	L	I	F	Y	W	H	M	C	P
0	0.02845	0.02154	0.02300	0.01819	0.02425	0.02405	0.01484	0.50387	0.17533	0.04728	0.02252	0.02190	0.01626	0.01003	0.00815	0.00251	0.00837	0.00772	0.00815	0.01358
1	0.03019	0.02240	0.02398	0.01854	0.02491	0.02486	0.01526	0.60061	0.07577	0.05008	0.02031	0.02015	0.01447	0.00982	0.00813	0.00245	0.00877	0.00742	0.00813	0.01374
2	0.01513	0.00756	0.00756	0.00756	0.00945	0.00756	0.00567	0.01891	0.01702	0.03025	0.02647	0.03025	0.02080	0.00945	0.00567	0.00189	0.00378	0.00756	0.75988	0.00756
3	0.01043	0.00844	0.01005	0.04712	0.01396	0.00776	0.00776	0.01297	0.01856	0.02363	0.18478	0.15766	0.39080	0.02185	0.04446	0.00331	0.00542	0.01649	0.00743	0.00711
4	0.77215	0.01569	0.01193	0.01067	0.01569	0.01820	0.00879	0.02385	0.01381	0.03641	0.01130	0.01318	0.00879	0.00753	0.00502	0.00251	0.00628	0.00439	0.00502	0.00879
5	0.02963	0.01532	0.01863	0.01530	0.02087	0.01537	0.01231	0.04104	0.28470	0.40437	0.03244	0.02873	0.02204	0.01045	0.00820	0.00261	0.00670	0.00858	0.00930	0.01341
