[name]
unknown

[dist]
# distance from previous block
# <min> <max>
0	25

[block]
# block no. 0 follows, 25 sequences, length 27
# corresponding to MSA columns:
# 25-51
name=unknown_A
#
# <colnr> <probs for GDERKNQSTAVLIFYWHMCP>
#	G	D	E	R	K	N	Q	S	T	A	V	L	I	F	Y	W	H	M	C	P
0	0.01249	0.00892	0.01249	0.01428	0.01606	0.00892	0.01249	0.01606	0.01785	0.02320	0.04105	0.08746	0.04462	0.02142	0.01071	0.00357	0.00714	0.62695	0.00714	0.00714
1	0.02947	0.02172	0.02327	0.01784	0.02404	0.02404	0.01474	0.65329	0.03646	0.04887	0.01862	0.01862	0.01319	0.00931	0.00776	0.00233	0.00853	0.00698	0.00776	0.01319
2	0.01070	0.00791	0.00999	0.00947	0.01142	0.00720	0.00710	0.01411	0.02131	0.02957	0.58557	0.06042	0.16359	0.01642	0.00915	0.00247	0.00370	0.01437	0.00833	0.00720
3	0.01097	0.00793	0.01036	0.00975	0.01158	0.00732	0.00732	0.01463	0.02195	0.03109	0.67505	0.05792	0.07316	0.01585	0.00914	0.00244	0.00366	0.01402	0.00854	0.00732
4	0.02016	0.01709	0.01803	0.01596	0.02050	0.01969	0.01248	0.09385	0.61106	0.03385	0.03044	0.02804	0.02277	0.01042	0.00788	0.00260	0.00634	0.00861	0.00788	0.01235
5	0.01057	0.00767	0.00997	0.00990	0.01147	0.00706	0.00723	0.01366	0.02024	0.02824	0.51440	0.20223	0.09266	0.01783	0.00931	0.00260	0.00385	0.01585	0.00819	0.00706
6	0.01893	0.02185	0.04436	0.03194	0.03955	0.05924	0.61374	0.02520	0.01852	0.02449	0.01547	0.02051	0.01166	0.00662	0.00902	0.00258	0.01313	0.00891	0.00393	0.01037
7	0.00953	0.00681	0.00907	0.01074	0.01126	0.00635	0.00720	0.01100	0.01521	0.02038	0.07554	0.68797	0.05242	0.02385	0.00986	0.00311	0.00445	0.02163	0.00727	0.00635
8	0.78228	0.01499	0.01140	0.01020	0.01499	0.01739	0.00840	0.02279	0.01320	0.03479	0.01080	0.01260	0.00840	0.00720	0.00480	0.00240	0.00600	0.00420	0.00480	0.00840
9	0.01830	0.02092	0.04575	0.03268	0.04052	0.01961	0.65098	0.02484	0.01830	0.02484	0.01569	0.02092	0.01176	0.00654	0.00915	0.00261	0.01307	0.00915	0.00392	0.01046
10	0.01445	0.00723	0.00723	0.00723	0.00903	0.00723	0.00542	0.01807	0.01626	0.02891	0.02529	0.02891	0.01987	0.00903	0.00542	0.00181	0.00361	0.00723	0.77055	0.00723
11	0.78228	0.01499	0.01140	0.01020	0.01499	0.01739	0.00840	0.02279	0.01320	0.03479	0.01080	0.01260	0.00840	0.00720	0.00480	0.00240	0.00600	0.00420	0.00480	0.00840
12	0.02896	0.03695	0.02197	0.01998	0.02397	0.69638	0.01498	0.03096	0.02197	0.01898	0.01199	0.01398	0.00999	0.00799	0.00699	0.00200	0.01398	0.00499	0.00400	0.00899
13	0.01830	0.02092	0.04575	0.03268	0.04052	0.01961	0.65098	0.02484	0.01830	0.02484	0.01569	0.02092	0.01176	0.00654	0.00915	0.00261	0.01307	0.00915	0.00392	0.01046
14	0.01058	0.00791	0.00982	0.00934	0.01134	0.00715	0.00701	0.01387	0.02102	0.02888	0.54505	0.06156	0.20454	0.01668	0.00915	0.00248	0.00372	0.01453	0.00824	0.00715
15	0.72877	0.01487	0.01187	0.01045	0.01534	0.01696	0.00861	0.02387	0.01384	0.08130	0.01221	0.01358	0.00917	0.00737	0.00501	0.00240	0.00604	0.00446	0.00514	0.00874
16	0.01680	0.01762	0.03297	0.02481	0.02989	0.01809	0.35173	0.02125	0.01612	0.02289	0.01686	0.09059	0.01536	0.00994	0.01273	0.00267	0.18028	0.00931	0.00421	0.10588
17	0.01575	0.03873	0.64141	0.02286	0.03406	0.01812	0.07319	0.02458	0.01651	0.02458	0.01404	0.01670	0.00996	0.00731	0.00749	0.00247	0.01157	0.00597	0.00332	0.01139
18	0.00969	0.00688	0.00902	0.01053	0.01101	0.00646	0.00697	0.01103	0.01487	0.01992	0.07258	0.62773	0.05026	0.08834	0.01257	0.00351	0.00473	0.02066	0.00704	0.00620
19	0.01109	0.00748	0.00868	0.00885	0.00896	0.00749	0.00515	0.01134	0.01167	0.01562	0.02604	0.11479	0.03004	0.63087	0.06477	0.00731	0.00779	0.01219	0.00492	0.00495
20	0.04820	0.29307	0.10429	0.01795	0.05180	0.06476	0.01610	0.21359	0.02215	0.02912	0.01369	0.01546	0.01098	0.00813	0.00778	0.00215	0.05948	0.00554	0.00477	0.01099
21	0.01442	0.01008	0.01215	0.01117	0.01389	0.00996	0.00851	0.02144	0.15128	0.08517	0.40244	0.07972	0.11897	0.01499	0.00881	0.00252	0.00447	0.01302	0.00830	0.00869
22	0.01012	0.00804	0.00913	0.00924	0.01132	0.00725	0.00678	0.01326	0.04614	0.02382	0.22268	0.19014	0.37595	0.01915	0.00924	0.00267	0.00406	0.01650	0.00757	0.00694
23	0.05228	0.01223	0.01320	0.01145	0.01467	0.01318	0.00905	0.21572	0.02176	0.03312	0.02352	0.02665	0.04174	0.01614	0.09066	0.03701	0.00747	0.00747	0.34375	0.00891
24	0.02455	0.14573	0.08305	0.04553	0.02440	0.21414	0.01546	0.21232	0.07684	0.02971	0.01615	0.01743	0.01247	0.00834	0.00695	0.00215	0.00996	0.00598	0.03806	0.01078
25	0.02073	0.73217	0.04063	0.01327	0.01990	0.03068	0.01327	0.02322	0.01575	0.01824	0.01078	0.01244	0.00995	0.00663	0.00498	0.00166	0.00829	0.00415	0.00332	0.00995
26	0.03179	0.01698	0.01970	0.01531	0.02113	0.04549	0.01255	0.24938	0.02710	0.41076	0.05028	0.02437	0.01878	0.00967	0.00780	0.00236	0.00748	0.00763	0.00868	0.01278

[dist]
# distance from previous block
# <min> <max>
3	11

[block]
# block no. 1 follows, 25 sequences, length 20
# corresponding to MSA columns:
# 63-82
name=unknown_B
#
# <colnr> <probs for GDERKNQSTAVLIFYWHMCP>
#	G	D	E	R	K	N	Q	S	T	A	V	L	I	F	Y	W	H	M	C	P
0	0.11268	0.05893	0.02357	0.41818	0.12854	0.04479	0.01880	0.02252	0.01621	0.06487	0.01434	0.01907	0.01089	0.00763	0.00718	0.00243	0.00943	0.00638	0.00407	0.00948
1	0.06241	0.01757	0.02981	0.16155	0.48721	0.01823	0.06449	0.02310	0.01706	0.02487	0.01430	0.01919	0.01168	0.00705	0.00762	0.00238	0.00948	0.00690	0.00383	0.01129
2	0.01883	0.01373	0.01655	0.01590	0.06477	0.01393	0.01137	0.02967	0.28571	0.11879	0.08675	0.12394	0.02864	0.01179	0.00793	0.00241	0.00591	0.01017	0.00730	0.12592
3	0.01109	0.00827	0.01227	0.01227	0.01359	0.00959	0.00945	0.01372	0.01240	0.01786	0.02094	0.03143	0.01980	0.09010	0.66540	0.01223	0.02014	0.00845	0.00418	0.00682
4	0.04564	0.01697	0.02262	0.09319	0.15317	0.01810	0.03899	0.26070	0.02447	0.10335	0.01904	0.02133	0.01416	0.01112	0.04415	0.00286	0.00890	0.00714	0.08274	0.01137
5	0.02231	0.11517	0.14870	0.01948	0.04434	0.01922	0.10208	0.08669	0.16136	0.15286	0.03626	0.02234	0.01672	0.00862	0.00757	0.00238	0.00867	0.00737	0.00611	0.01172
6	0.02127	0.01169	0.03405	0.01110	0.01479	0.01077	0.00910	0.10432	0.02057	0.20177	0.05573	0.06790	0.02273	0.01035	0.00683	0.00215	0.00533	0.00846	0.37145	0.00963
7	0.02839	0.02018	0.02179	0.01692	0.02277	0.02217	0.01390	0.55380	0.06577	0.08074	0.02028	0.02013	0.01441	0.00937	0.00763	0.00232	0.00803	0.00713	0.05148	0.01280
8	0.01740	0.11128	0.02165	0.15320	0.02505	0.05060	0.05564	0.08105	0.01782	0.02469	0.01976	0.10759	0.01789	0.01060	0.00890	0.00238	0.07681	0.00853	0.18040	0.00876
9	0.04689	0.13243	0.53442	0.01996	0.03019	0.01934	0.02477	0.02506	0.01650	0.06182	0.01432	0.01626	0.01032	0.00739	0.00696	0.00234	0.01054	0.00557	0.00370	0.01123
10	0.01464	0.01378	0.02326	0.70887	0.05340	0.01723	0.02153	0.01981	0.01550	0.01981	0.01378	0.02067	0.01034	0.00775	0.00775	0.00258	0.01034	0.00689	0.00345	0.00861
11	0.01116	0.00747	0.00849	0.00861	0.00864	0.00744	0.00486	0.01124	0.01150	0.01534	0.02560	0.09377	0.02967	0.68246	0.03757	0.00724	0.00732	0.01197	0.00486	0.00480
12	0.01128	0.00752	0.00846	0.00846	0.00846	0.00752	0.00470	0.01128	0.01128	0.01503	0.02443	0.05074	0.02819	0.72751	0.03946	0.00752	0.00752	0.01128	0.00470	0.00470
13	0.01643	0.01525	0.02002	0.30251	0.03217	0.07607	0.01612	0.05000	0.01533	0.01987	0.01447	0.02243	0.01273	0.06356	0.07796	0.07703	0.14917	0.00712	0.00384	0.00794
14	0.01613	0.02865	0.35713	0.04721	0.03353	0.01730	0.21800	0.02389	0.04106	0.02450	0.01704	0.06564	0.01383	0.00828	0.00803	0.00249	0.01093	0.00797	0.00399	0.05439
15	0.06682	0.06466	0.10028	0.01719	0.02219	0.15106	0.01492	0.03347	0.33946	0.02723	0.02168	0.02174	0.01668	0.00944	0.00854	0.00247	0.05847	0.00699	0.00581	0.01090
16	0.02645	0.02043	0.04910	0.01841	0.02461	0.06671	0.09035	0.25611	0.11599	0.17305	0.02165	0.02140	0.01528	0.00882	0.00776	0.00233	0.00867	0.00733	0.00707	0.05848
17	0.02104	0.09376	0.07316	0.11350	0.06553	0.10725	0.05782	0.10554	0.07923	0.04613	0.01553	0.01858	0.01227	0.00916	0.01088	0.00252	0.14641	0.00663	0.00469	0.01037
18	0.65246	0.01518	0.01442	0.03972	0.01841	0.01710	0.04803	0.02386	0.01423	0.07958	0.01261	0.01440	0.00944	0.00735	0.00539	0.00242	0.00664	0.00486	0.00503	0.00887
19	0.12733	0.29795	0.18845	0.01527	0.02229	0.02190	0.01604	0.06828	0.01777	0.06771	0.03968	0.02076	0.01486	0.00847	0.00640	0.00219	0.00841	0.04132	0.00465	0.01028

[dist]
# distance from previous block
# <min> <max>
0	23

[block]
# block no. 2 follows, 25 sequences, length 187
# corresponding to MSA columns:
# 106-292
name=unknown_C
#
# <colnr> <probs for GDERKNQSTAVLIFYWHMCP>
#	G	D	E	R	K	N	Q	S	T	A	V	L	I	F	Y	W	H	M	C	P
0	0.01461	0.01529	0.12458	0.01380	0.01801	0.01157	0.03531	0.04741	0.07616	0.06047	0.39763	0.04278	0.04860	0.01512	0.04158	0.00294	0.00666	0.01116	0.00725	0.00904
1	0.03479	0.01320	0.01799	0.01380	0.01979	0.01140	0.01140	0.03779	0.02219	0.68451	0.03059	0.02639	0.01919	0.00960	0.00780	0.00240	0.00660	0.00780	0.00960	0.01320
2	0.01464	0.01378	0.02326	0.70887	0.05340	0.01723	0.02153	0.01981	0.01550	0.01981	0.01378	0.02067	0.01034	0.00775	0.00775	0.00258	0.01034	0.00689	0.00345	0.00861
3	0.03383	0.01473	0.01894	0.01452	0.02056	0.01368	0.01200	0.14872	0.02476	0.56995	0.02843	0.02499	0.01811	0.00954	0.00779	0.00239	0.00695	0.00765	0.00926	0.01319
4	0.01075	0.00788	0.01008	0.00961	0.01147	0.00721	0.00718	0.01417	0.02131	0.02976	0.59768	0.08180	0.12916	0.01649	0.00917	0.00248	0.00371	0.01451	0.00836	0.00721
5	0.00945	0.00675	0.00900	0.01080	0.01125	0.00630	0.00720	0.01080	0.01484	0.01979	0.04274	0.72245	0.05128	0.02429	0.00990	0.00315	0.00450	0.02204	0.00720	0.00630
6	0.00987	0.00788	0.00883	0.00860	0.01091	0.00685	0.00645	0.01249	0.01934	0.02490	0.31127	0.06810	0.44080	0.01816	0.00916	0.00255	0.00382	0.01545	0.00772	0.00685
7	0.02073	0.73217	0.04063	0.01327	0.01990	0.03068	0.01327	0.02322	0.01575	0.01824	0.01078	0.01244	0.00995	0.00663	0.00498	0.00166	0.00829	0.00415	0.00332	0.00995
8	0.01249	0.00892	0.01249	0.01428	0.01606	0.00892	0.01249	0.01606	0.01785	0.02320	0.04105	0.08746	0.04462	0.02142	0.01071	0.00357	0.00714	0.62695	0.00714	0.00714
9	0.01555	0.04011	0.68733	0.02210	0.03356	0.01801	0.02865	0.02455	0.01637	0.02455	0.01391	0.01637	0.00982	0.00737	0.00737	0.00246	0.01146	0.00573	0.00327	0.01146
10	0.01608	0.01378	0.01608	0.01148	0.01837	0.01034	0.00919	0.01952	0.01608	0.02527	0.01378	0.01608	0.01148	0.00574	0.00574	0.00115	0.00574	0.00459	0.00459	0.77491
11	0.01919	0.01842	0.03147	0.04759	0.67914	0.01842	0.02380	0.02380	0.01765	0.02533	0.01458	0.01919	0.01228	0.00691	0.00768	0.00230	0.00921	0.00691	0.00384	0.01228
12	0.01210	0.00817	0.01072	0.00995	0.01197	0.00751	0.00751	0.01572	0.02196	0.06189	0.64467	0.05643	0.07062	0.01556	0.00908	0.00244	0.00380	0.01373	0.00859	0.00759
13	0.00916	0.00785	0.00785	0.00785	0.01047	0.00655	0.00589	0.01113	0.01767	0.02095	0.07855	0.07462	0.67599	0.01964	0.00916	0.00262	0.00393	0.01636	0.00720	0.00655
14	0.02720	0.02930	0.02301	0.02219	0.09747	0.39226	0.01569	0.19062	0.07773	0.02846	0.01558	0.01698	0.01218	0.00841	0.00734	0.00217	0.01141	0.00603	0.00526	0.01070
15	0.01817	0.01930	0.03683	0.08045	0.03511	0.02079	0.39576	0.05235	0.01715	0.02386	0.01414	0.01969	0.01128	0.00872	0.01352	0.00282	0.20804	0.00821	0.00392	0.00989
16	0.02932	0.01931	0.02057	0.01627	0.02193	0.06247	0.01324	0.36035	0.09345	0.21843	0.02301	0.02186	0.01592	0.00941	0.00764	0.00234	0.00793	0.00726	0.03669	0.01261
17	0.01108	0.00844	0.01080	0.04381	0.01466	0.00809	0.00930	0.01388	0.01767	0.02281	0.14636	0.12041	0.23259	0.06476	0.01166	0.00329	0.00564	0.24087	0.00704	0.00684
18	0.02869	0.01728	0.01918	0.04528	0.02215	0.06720	0.01277	0.17019	0.14394	0.32208	0.02584	0.02409	0.01767	0.00948	0.00765	0.00238	0.00754	0.00753	0.03678	0.01228
19	0.01849	0.01827	0.05157	0.09289	0.49442	0.01811	0.02183	0.02564	0.10648	0.02578	0.01772	0.02284	0.01469	0.00797	0.00780	0.00242	0.00889	0.02794	0.00446	0.01179
20	0.03325	0.01354	0.01795	0.01399	0.01983	0.01218	0.01148	0.03812	0.08578	0.62002	0.03069	0.02664	0.01964	0.00969	0.00781	0.00242	0.00655	0.00789	0.00943	0.01310
21	0.02957	0.01532	0.01808	0.01439	0.01962	0.04680	0.01165	0.16697	0.02490	0.41199	0.09780	0.06034	0.02483	0.01083	0.00799	0.00240	0.00696	0.00883	0.00870	0.01202
22	0.01934	0.01902	0.05770	0.12252	0.50111	0.01875	0.02262	0.07580	0.03944	0.02680	0.01533	0.01951	0.01238	0.00734	0.00769	0.00236	0.00929	0.00692	0.00422	0.01188
23	0.06496	0.02140	0.02271	0.01748	0.02362	0.02373	0.01444	0.62357	0.03536	0.04820	0.01825	0.01833	0.01296	0.00921	0.00762	0.00233	0.00841	0.00685	0.00762	0.01296
24	0.71073	0.04872	0.01333	0.01071	0.01566	0.01833	0.00893	0.05303	0.01443	0.03469	0.01117	0.01288	0.00870	0.00727	0.00495	0.00236	0.00623	0.00433	0.00487	0.00870
25	0.01621	0.01506	0.02482	0.39603	0.25795	0.01703	0.02109	0.02185	0.04756	0.02255	0.01720	0.02619	0.01451	0.00875	0.00798	0.00258	0.00949	0.05916	0.00410	0.00989
26	0.01347	0.00673	0.01010	0.01010	0.01010	0.00673	0.00673	0.01010	0.01010	0.01347	0.01347	0.02357	0.01347	0.02694	0.03030	0.77441	0.00673	0.00673	0.00337	0.00337
27	0.01674	0.01560	0.02554	0.45211	0.24366	0.01791	0.02160	0.04323	0.04493	0.02303	0.01496	0.02050	0.01161	0.00766	0.00773	0.00249	0.00975	0.00698	0.00390	0.01005
28	0.01108	0.00831	0.01246	0.01246	0.01385	0.00969	0.00969	0.01385	0.01246	0.01800	0.02077	0.03046	0.01938	0.05815	0.69678	0.01246	0.02077	0.00831	0.00415	0.00692
29	0.63852	0.06168	0.04588	0.01111	0.01622	0.01764	0.00974	0.02305	0.01376	0.05885	0.01185	0.01373	0.00919	0.00798	0.00598	0.03043	0.00646	0.00451	0.00477	0.00866
30	0.01849	0.31789	0.38503	0.01842	0.02746	0.06647	0.02160	0.02443	0.01648	0.02166	0.01253	0.01464	0.00988	0.00711	0.00638	0.00211	0.01035	0.00505	0.00334	0.01070
31	0.09420	0.07538	0.02478	0.04881	0.20415	0.01905	0.04316	0.07276	0.16071	0.12578	0.02015	0.02123	0.01514	0.00850	0.00791	0.00241	0.03136	0.00706	0.00587	0.01159
32	0.03055	0.02000	0.02220	0.01702	0.02319	0.02149	0.01406	0.52907	0.03358	0.17715	0.02103	0.02018	0.01440	0.00937	0.00776	0.00234	0.00814	0.00715	0.00813	0.01319
33	0.06443	0.01468	0.02014	0.01774	0.01839	0.01984	0.01460	0.01772	0.01211	0.01953	0.01286	0.02005	0.01236	0.02428	0.19151	0.00559	0.49542	0.00700	0.00367	0.00809
34	0.01128	0.00752	0.00846	0.00846	0.00846	0.00752	0.00470	0.01128	0.01128	0.01503	0.02443	0.05074	0.02819	0.72751	0.03946	0.00752	0.00752	0.01128	0.00470	0.00470
35	0.02407	0.01767	0.01767	0.01435	0.01880	0.06120	0.01148	0.39243	0.02827	0.03934	0.02047	0.02296	0.01571	0.04411	0.00855	0.00240	0.00736	0.00714	0.23530	0.01072
36	0.01817	0.02181	0.07563	0.03219	0.04020	0.01953	0.62200	0.02482	0.01821	0.02482	0.01560	0.02070	0.01167	0.00657	0.00907	0.00261	0.01300	0.00899	0.00389	0.01050
37	0.01938	0.01903	0.03048	0.08853	0.60723	0.05136	0.02322	0.02389	0.01773	0.02467	0.01441	0.01903	0.01205	0.00702	0.00765	0.00231	0.00952	0.00681	0.00382	0.01189
38	0.01830	0.02092	0.04575	0.03268	0.04052	0.01961	0.65098	0.02484	0.01830	0.02484	0.01569	0.02092	0.01176	0.00654	0.00915	0.00261	0.01307	0.00915	0.00392	0.01046
39	0.78228	0.01499	0.01140	0.01020	0.01499	0.01739	0.00840	0.02279	0.01320	0.03479	0.01080	0.01260	0.00840	0.00720	0.00480	0.00240	0.00600	0.00420	0.00480	0.00840
40	0.02882	0.02139	0.02290	0.01771	0.02380	0.02374	0.01458	0.61415	0.07665	0.04782	0.01944	0.01927	0.01386	0.00939	0.00776	0.00235	0.00838	0.00709	0.00776	0.01313
41	0.78228	0.01499	0.01140	0.01020	0.01499	0.01739	0.00840	0.02279	0.01320	0.03479	0.01080	0.01260	0.00840	0.00720	0.00480	0.00240	0.00600	0.00420	0.00480	0.00840
42	0.02896	0.03695	0.02197	0.01998	0.02397	0.69638	0.01498	0.03096	0.02197	0.01898	0.01199	0.01398	0.00999	0.00799	0.00699	0.00200	0.01398	0.00499	0.00400	0.00899
43	0.02896	0.03695	0.02197	0.01998	0.02397	0.69638	0.01498	0.03096	0.02197	0.01898	0.01199	0.01398	0.00999	0.00799	0.00699	0.00200	0.01398	0.00499	0.00400	0.00899
44	0.01347	0.00673	0.01010	0.01010	0.01010	0.00673	0.00673	0.01010	0.01010	0.01347	0.01347	0.02357	0.01347	0.02694	0.03030	0.77441	0.00673	0.00673	0.00337	0.00337
45	0.03479	0.01320	0.01799	0.01380	0.01979	0.01140	0.01140	0.03779	0.02219	0.68451	0.03059	0.02639	0.01919	0.00960	0.00780	0.00240	0.00660	0.00780	0.00960	0.01320
46	0.02851	0.03609	0.02241	0.02126	0.05448	0.66480	0.01539	0.03063	0.02177	0.01927	0.01211	0.01423	0.01009	0.00794	0.00702	0.00201	0.01376	0.00508	0.00399	0.00914
47	0.78228	0.01499	0.01140	0.01020	0.01499	0.01739	0.00840	0.02279	0.01320	0.03479	0.01080	0.01260	0.00840	0.00720	0.00480	0.00240	0.00600	0.00420	0.00480	0.00840
48	0.01118	0.00788	0.01029	0.01029	0.01093	0.00851	0.00699	0.01245	0.01182	0.01639	0.02275	0.04145	0.02415	0.42078	0.34068	0.00978	0.01359	0.00992	0.00445	0.00572
49	0.01540	0.00867	0.00939	0.03680	0.01210	0.00919	0.00702	0.05408	0.01721	0.02929	0.02390	0.02756	0.01876	0.00916	0.00638	0.00193	0.03000	0.00718	0.66833	0.00767
50	0.01171	0.00814	0.01029	0.00962	0.01176	0.00737	0.00726	0.01507	0.02128	0.05757	0.55204	0.05923	0.16715	0.01619	0.00909	0.00247	0.00383	0.01413	0.00837	0.00745
51	0.01556	0.01519	0.02224	0.01925	0.01984	0.02003	0.05557	0.01750	0.01287	0.01928	0.01697	0.15680	0.01841	0.01524	0.02133	0.00329	0.52831	0.00996	0.00418	0.00818
52	0.78228	0.01499	0.01140	0.01020	0.01499	0.01739	0.00840	0.02279	0.01320	0.03479	0.01080	0.01260	0.00840	0.00720	0.00480	0.00240	0.00600	0.00420	0.00480	0.00840
53	0.01608	0.01378	0.01608	0.01148	0.01837	0.01034	0.00919	0.01952	0.01608	0.02527	0.01378	0.01608	0.01148	0.00574	0.00574	0.00115	0.00574	0.00459	0.00459	0.77491
54	0.01565	0.01533	0.02651	0.49855	0.08286	0.01844	0.09742	0.02049	0.01549	0.02058	0.01358	0.02013	0.01060	0.00832	0.01025	0.00268	0.10341	0.00715	0.00352	0.00903
55	0.01663	0.01647	0.02311	0.01991	0.01999	0.02295	0.01655	0.01839	0.01191	0.01862	0.01078	0.01773	0.01070	0.01609	0.06341	0.00391	0.67416	0.00687	0.00344	0.00839
56	0.01599	0.02366	0.24751	0.32737	0.19015	0.01776	0.02443	0.02231	0.01629	0.02266	0.01401	0.01889	0.01061	0.00743	0.00761	0.00248	0.01045	0.00651	0.00348	0.01041
57	0.01736	0.28215	0.46115	0.01901	0.02878	0.02244	0.02327	0.02409	0.01615	0.02235	0.01282	0.01499	0.00987	0.00711	0.00653	0.00218	0.01035	0.00518	0.00329	0.01093
58	0.02434	0.04013	0.04145	0.01293	0.01760	0.01168	0.01084	0.04998	0.04826	0.35692	0.23298	0.05844	0.03659	0.01189	0.00817	0.00242	0.00589	0.01003	0.00857	0.01088
59	0.01097	0.00793	0.01036	0.00975	0.01158	0.00732	0.00732	0.01463	0.02195	0.03109	0.67505	0.05792	0.07316	0.01585	0.00914	0.00244	0.00366	0.01402	0.00854	0.00732
60	0.01543	0.03264	0.51113	0.05898	0.03090	0.01658	0.02439	0.05274	0.01772	0.02572	0.06911	0.05289	0.01807	0.00938	0.00777	0.00252	0.01018	0.02894	0.00422	0.01068
61	0.01818	0.39123	0.35922	0.01762	0.02663	0.02444	0.02084	0.02388	0.01606	0.02135	0.01232	0.01437	0.00989	0.00699	0.00615	0.00205	0.00985	0.00493	0.00330	0.01069
62	0.00942	0.00686	0.00888	0.01051	0.01117	0.00632	0.00707	0.01083	0.01512	0.01991	0.04628	0.65838	0.11307	0.02383	0.00982	0.00310	0.00444	0.02148	0.00720	0.00632
63	0.01084	0.00788	0.01023	0.00989	0.01167	0.00727	0.00742	0.01427	0.02114	0.02960	0.58342	0.10226	0.09964	0.01677	0.00925	0.00253	0.00385	0.03651	0.00834	0.00721
64	0.01464	0.01378	0.02326	0.70887	0.05340	0.01723	0.02153	0.01981	0.01550	0.01981	0.01378	0.02067	0.01034	0.00775	0.00775	0.00258	0.01034	0.00689	0.00345	0.00861
65	0.01502	0.01408	0.02397	0.57452	0.10639	0.01680	0.04283	0.02006	0.01597	0.02073	0.01594	0.02551	0.01311	0.00865	0.00801	0.00263	0.01009	0.05302	0.00377	0.00890
66	0.01568	0.03919	0.65658	0.02261	0.03389	0.01808	0.05848	0.02457	0.01646	0.02457	0.01400	0.01659	0.00992	0.00733	0.00745	0.00246	0.01154	0.00589	0.00331	0.01141
67	0.01205	0.00819	0.01077	0.01009	0.01210	0.00755	0.00768	0.01568	0.02181	0.05891	0.62439	0.05763	0.06981	0.01578	0.00914	0.00248	0.00391	0.03594	0.00853	0.00756
68	0.01555	0.04011	0.68733	0.02210	0.03356	0.01801	0.02865	0.02455	0.01637	0.02455	0.01391	0.01637	0.00982	0.00737	0.00737	0.00246	0.01146	0.00573	0.00327	0.01146
69	0.01593	0.01531	0.02570	0.50621	0.04587	0.01873	0.08682	0.04323	0.01600	0.02122	0.01360	0.02005	0.01057	0.00858	0.01063	0.00270	0.11913	0.00712	0.00364	0.00895
70	0.01445	0.00723	0.00723	0.00723	0.00903	0.00723	0.00542	0.01807	0.01626	0.02891	0.02529	0.02891	0.01987	0.00903	0.00542	0.00181	0.00361	0.00723	0.77055	0.00723
71	0.02029	0.67404	0.09495	0.01401	0.02105	0.02962	0.01456	0.02333	0.01581	0.01877	0.01104	0.01277	0.00994	0.00670	0.00518	0.00173	0.00856	0.00428	0.00331	0.01008
72	0.01497	0.01291	0.02114	0.58168	0.04614	0.01562	0.01920	0.01984	0.01634	0.04410	0.06667	0.02641	0.01704	0.00897	0.00788	0.00257	0.00934	0.02960	0.03100	0.00857
73	0.00951	0.00680	0.00906	0.01075	0.01126	0.00634	0.00720	0.01096	0.01515	0.02028	0.07005	0.69374	0.05223	0.02393	0.00986	0.00312	0.00446	0.02170	0.00726	0.00634
74	0.03194	0.01497	0.01917	0.01496	0.02052	0.01462	0.01233	0.13360	0.06013	0.50505	0.02746	0.02471	0.01792	0.00986	0.00892	0.00246	0.05206	0.00766	0.00881	0.01284
75	0.78228	0.01499	0.01140	0.01020	0.01499	0.01739	0.00840	0.02279	0.01320	0.03479	0.01080	0.01260	0.00840	0.00720	0.00480	0.00240	0.00600	0.00420	0.00480	0.00840
76	0.00994	0.00744	0.00836	0.00885	0.01001	0.00680	0.00585	0.01109	0.01479	0.01867	0.05092	0.24142	0.29244	0.25589	0.01942	0.00439	0.00527	0.01621	0.00637	0.00587
77	0.01094	0.00794	0.00992	0.01066	0.01199	0.00755	0.00802	0.01309	0.01646	0.02156	0.13353	0.17348	0.15824	0.17754	0.01647	0.00405	0.00574	0.19965	0.00681	0.00638
78	0.02638	0.01440	0.01749	0.01399	0.01964	0.01369	0.01126	0.03543	0.22386	0.35470	0.02773	0.02525	0.01915	0.00916	0.00744	0.00224	0.00629	0.00750	0.00812	0.15630
79	0.01156	0.00842	0.01127	0.01249	0.01423	0.00813	0.01039	0.01472	0.01813	0.02377	0.14148	0.14955	0.12178	0.02068	0.01021	0.00324	0.00596	0.39962	0.00736	0.00701
80	0.01249	0.00892	0.01249	0.01428	0.01606	0.00892	0.01249	0.01606	0.01785	0.02320	0.04105	0.08746	0.04462	0.02142	0.01071	0.00357	0.00714	0.62695	0.00714	0.00714
81	0.02947	0.02172	0.02327	0.01784	0.02404	0.02404	0.01474	0.65329	0.03646	0.04887	0.01862	0.01862	0.01319	0.00931	0.00776	0.00233	0.00853	0.00698	0.00776	0.01319
82	0.01089	0.00786	0.01029	0.00981	0.01156	0.00726	0.00731	0.01442	0.02155	0.03045	0.63929	0.09549	0.07192	0.01633	0.00919	0.00248	0.00371	0.01448	0.00846	0.00726
83	0.03479	0.01320	0.01799	0.01380	0.01979	0.01140	0.01140	0.03779	0.02219	0.68451	0.03059	0.02639	0.01919	0.00960	0.00780	0.00240	0.00660	0.00780	0.00960	0.01320
84	0.78228	0.01499	0.01140	0.01020	0.01499	0.01739	0.00840	0.02279	0.01320	0.03479	0.01080	0.01260	0.00840	0.00720	0.00480	0.00240	0.00600	0.00420	0.00480	0.00840
85	0.78228	0.01499	0.01140	0.01020	0.01499	0.01739	0.00840	0.02279	0.01320	0.03479	0.01080	0.01260	0.00840	0.00720	0.00480	0.00240	0.00600	0.00420	0.00480	0.00840
86	0.01929	0.01666	0.01753	0.01578	0.02016	0.01929	0.01227	0.04120	0.66513	0.03243	0.03156	0.02893	0.02367	0.01052	0.00789	0.00263	0.00614	0.00877	0.00789	0.01227
87	0.78228	0.01499	0.01140	0.01020	0.01499	0.01739	0.00840	0.02279	0.01320	0.03479	0.01080	0.01260	0.00840	0.00720	0.00480	0.00240	0.00600	0.00420	0.00480	0.00840
88	0.02947	0.02172	0.02327	0.01784	0.02404	0.02404	0.01474	0.65329	0.03646	0.04887	0.01862	0.01862	0.01319	0.00931	0.00776	0.00233	0.00853	0.00698	0.00776	0.01319
89	0.78228	0.01499	0.01140	0.01020	0.01499	0.01739	0.00840	0.02279	0.01320	0.03479	0.01080	0.01260	0.00840	0.00720	0.00480	0.00240	0.00600	0.00420	0.00480	0.00840
90	0.01127	0.00812	0.01078	0.01063	0.01245	0.00763	0.00832	0.01491	0.02115	0.02956	0.55202	0.06365	0.06762	0.01693	0.00945	0.00266	0.00433	0.13296	0.00826	0.00728
91	0.78228	0.01499	0.01140	0.01020	0.01499	0.01739	0.00840	0.02279	0.01320	0.03479	0.01080	0.01260	0.00840	0.00720	0.00480	0.00240	0.00600	0.00420	0.00480	0.00840
92	0.01984	0.01653	0.01755	0.01571	0.02015	0.01901	0.01224	0.04108	0.64230	0.05559	0.03152	0.02884	0.02351	0.01049	0.00789	0.00262	0.00615	0.00873	0.00795	0.01231
93	0.01149	0.00872	0.01245	0.01223	0.01327	0.01019	0.00924	0.01368	0.01221	0.01750	0.02076	0.03332	0.02041	0.17826	0.53311	0.01097	0.06261	0.00876	0.00421	0.00661
94	0.01106	0.00802	0.00967	0.00927	0.01145	0.00713	0.00694	0.01398	0.02011	0.04871	0.41296	0.09510	0.28239	0.01739	0.00914	0.00254	0.00389	0.01503	0.00804	0.00719
95	0.01929	0.01666	0.01753	0.01578	0.02016	0.01929	0.01227	0.04120	0.66513	0.03243	0.03156	0.02893	0.02367	0.01052	0.00789	0.00263	0.00614	0.00877	0.00789	0.01227
96	0.01816	0.02065	0.04491	0.05808	0.04101	0.01952	0.62734	0.02465	0.01820	0.02465	0.01561	0.02091	0.01171	0.00658	0.00910	0.00261	0.01297	0.00907	0.00390	0.01039
97	0.01447	0.00771	0.00842	0.05933	0.01233	0.00797	0.00662	0.01820	0.01620	0.02823	0.02444	0.02830	0.01917	0.00894	0.00559	0.00186	0.00411	0.00720	0.71359	0.00733
98	0.00945	0.00675	0.00900	0.01080	0.01125	0.00630	0.00720	0.01080	0.01484	0.01979	0.04274	0.72245	0.05128	0.02429	0.00990	0.00315	0.00450	0.02204	0.00720	0.00630
99	0.01464	0.01378	0.02326	0.70887	0.05340	0.01723	0.02153	0.01981	0.01550	0.01981	0.01378	0.02067	0.01034	0.00775	0.00775	0.00258	0.01034	0.00689	0.00345	0.00861
100	0.02073	0.73217	0.04063	0.01327	0.01990	0.03068	0.01327	0.02322	0.01575	0.01824	0.01078	0.01244	0.00995	0.00663	0.00498	0.00166	0.00829	0.00415	0.00332	0.00995
101	0.01672	0.01168	0.03615	0.01186	0.01543	0.01047	0.00970	0.05164	0.09741	0.14443	0.13752	0.10256	0.24218	0.01577	0.00881	0.00265	0.00542	0.06277	0.00779	0.00905
102	0.01110	0.00821	0.01195	0.01195	0.01316	0.00942	0.00906	0.01352	0.01231	0.01762	0.02123	0.03304	0.02050	0.14332	0.61314	0.01183	0.01908	0.00869	0.00422	0.00664
103	0.01615	0.01401	0.01702	0.01216	0.01908	0.01063	0.02956	0.01969	0.01615	0.02525	0.01384	0.01623	0.01149	0.00577	0.00585	0.00119	0.00597	0.00474	0.00457	0.75064
104	0.04940	0.02115	0.02642	0.02815	0.21718	0.11608	0.06381	0.12372	0.06516	0.02742	0.01498	0.01843	0.01224	0.00919	0.01166	0.00256	0.17012	0.00682	0.00470	0.01082
105	0.02908	0.02114	0.02276	0.01758	0.02368	0.02334	0.01448	0.59735	0.07151	0.06996	0.01976	0.01947	0.01399	0.00939	0.00777	0.00235	0.00833	0.00711	0.00783	0.01313
106	0.01230	0.00832	0.00929	0.00899	0.00934	0.00845	0.00527	0.04758	0.01270	0.01695	0.02410	0.04892	0.02734	0.68690	0.03767	0.00722	0.00757	0.01103	0.00487	0.00518
107	0.00948	0.00782	0.00832	0.00830	0.01069	0.00666	0.00618	0.01170	0.01826	0.02259	0.17640	0.09969	0.54869	0.01921	0.00919	0.00261	0.00391	0.01622	0.00742	0.00666
108	0.00966	0.00696	0.00915	0.01054	0.01127	0.00645	0.00717	0.01136	0.01596	0.02146	0.13474	0.60408	0.07661	0.02292	0.00976	0.00303	0.00436	0.02069	0.00739	0.00645
109	0.02896	0.03695	0.02197	0.01998	0.02397	0.69638	0.01498	0.03096	0.02197	0.01898	0.01199	0.01398	0.00999	0.00799	0.00699	0.00200	0.01398	0.00499	0.00400	0.00899
110	0.01718	0.01762	0.02738	0.02239	0.02369	0.02306	0.12170	0.01968	0.01294	0.01968	0.01109	0.01762	0.01044	0.01241	0.02275	0.00326	0.59764	0.00718	0.00348	0.00881
111	0.00971	0.00695	0.00923	0.01062	0.01130	0.00647	0.00722	0.01146	0.01608	0.02176	0.15264	0.60695	0.05508	0.02282	0.00977	0.00303	0.00435	0.02065	0.00743	0.00647
112	0.01864	0.01609	0.01691	0.01527	0.01954	0.01847	0.01186	0.03928	0.62374	0.03170	0.03456	0.03185	0.06538	0.01110	0.00797	0.00263	0.00600	0.00925	0.00785	0.01191
113	0.01347	0.00673	0.01010	0.01010	0.01010	0.00673	0.00673	0.01010	0.01010	0.01347	0.01347	0.02357	0.01347	0.02694	0.03030	0.77441	0.00673	0.00673	0.00337	0.00337
114	0.01608	0.01378	0.01608	0.01148	0.01837	0.01034	0.00919	0.01952	0.01608	0.02527	0.01378	0.01608	0.01148	0.00574	0.00574	0.00115	0.00574	0.00459	0.00459	0.77491
115	0.01109	0.00827	0.01227	0.01227	0.01359	0.00959	0.00946	0.01372	0.01241	0.01786	0.02094	0.03142	0.01980	0.08970	0.66580	0.01223	0.02014	0.00845	0.00418	0.00682
116	0.59005	0.01785	0.04301	0.05662	0.01957	0.05640	0.01105	0.07962	0.01606	0.03376	0.01189	0.01389	0.00910	0.00747	0.00549	0.00238	0.00719	0.00473	0.00487	0.00901
117	0.02111	0.01625	0.01759	0.01555	0.02012	0.01836	0.01217	0.04080	0.58961	0.10903	0.03144	0.02863	0.02314	0.01041	0.00788	0.00260	0.00619	0.00865	0.00809	0.01238
118	0.78228	0.01499	0.01140	0.01020	0.01499	0.01739	0.00840	0.02279	0.01320	0.03479	0.01080	0.01260	0.00840	0.00720	0.00480	0.00240	0.00600	0.00420	0.00480	0.00840
119	0.01555	0.04011	0.68733	0.02210	0.03356	0.01801	0.02865	0.02455	0.01637	0.02455	0.01391	0.01637	0.00982	0.00737	0.00737	0.00246	0.01146	0.00573	0.00327	0.01146
120	0.01097	0.00793	0.01036	0.00975	0.01158	0.00732	0.00732	0.01463	0.02195	0.03109	0.67505	0.05792	0.07316	0.01585	0.00914	0.00244	0.00366	0.01402	0.00854	0.00732
121	0.00916	0.00785	0.00785	0.00785	0.01047	0.00655	0.00589	0.01113	0.01767	0.02095	0.07855	0.07462	0.67599	0.01964	0.00916	0.00262	0.00393	0.01636	0.00720	0.00655
122	0.01090	0.00787	0.01030	0.00980	0.01157	0.00727	0.00731	0.01445	0.02161	0.03056	0.64524	0.08924	0.07213	0.01625	0.00918	0.00247	0.00370	0.01440	0.00847	0.00727
123	0.01830	0.02092	0.04575	0.03268	0.04052	0.01961	0.65098	0.02484	0.01830	0.02484	0.01569	0.02092	0.01176	0.00654	0.00915	0.00261	0.01307	0.00915	0.00392	0.01046
124	0.02896	0.03695	0.02197	0.01998	0.02397	0.69638	0.01498	0.03096	0.02197	0.01898	0.01199	0.01398	0.00999	0.00799	0.00699	0.00200	0.01398	0.00499	0.00400	0.00899
125	0.01108	0.00831	0.01246	0.01246	0.01385	0.00969	0.00969	0.01385	0.01246	0.01800	0.02077	0.03046	0.01938	0.05815	0.69678	0.01246	0.02077	0.00831	0.00415	0.00692
126	0.02896	0.03695	0.02197	0.01998	0.02397	0.69638	0.01498	0.03096	0.02197	0.01898	0.01199	0.01398	0.00999	0.00799	0.00699	0.00200	0.01398	0.00499	0.00400	0.00899
127	0.02947	0.02172	0.02327	0.01784	0.02404	0.02404	0.01474	0.65329	0.03646	0.04887	0.01862	0.01862	0.01319	0.00931	0.00776	0.00233	0.00853	0.00698	0.00776	0.01319
128	0.01438	0.00987	0.01235	0.01150	0.01368	0.00889	0.00850	0.01724	0.02304	0.06094	0.62459	0.05810	0.07063	0.01676	0.00995	0.00284	0.00463	0.01416	0.00919	0.00875
129	0.00945	0.00675	0.00900	0.01080	0.01125	0.00630	0.00720	0.01080	0.01484	0.01979	0.04274	0.72245	0.05128	0.02429	0.00990	0.00315	0.00450	0.02204	0.00720	0.00630
130	0.01929	0.01666	0.01753	0.01578	0.02016	0.01929	0.01227	0.04120	0.66513	0.03243	0.03156	0.02893	0.02367	0.01052	0.00789	0.00263	0.00614	0.00877	0.00789	0.01227
131	0.00945	0.00675	0.00900	0.01080	0.01125	0.00630	0.00720	0.01080	0.01484	0.01979	0.04274	0.72245	0.05128	0.02429	0.00990	0.00315	0.00450	0.02204	0.00720	0.00630
132	0.07979	0.01779	0.02034	0.01569	0.02172	0.01843	0.01296	0.36027	0.02911	0.30894	0.02303	0.02142	0.01535	0.00929	0.00758	0.00236	0.00758	0.00714	0.00832	0.01288
133	0.01681	0.01669	0.02401	0.09360	0.05082	0.02285	0.01772	0.01899	0.01249	0.01905	0.01074	0.01744	0.01028	0.01269	0.02286	0.00326	0.61081	0.00680	0.00342	0.00865
134	0.00945	0.00675	0.00900	0.01080	0.01125	0.00630	0.00720	0.01080	0.01484	0.01979	0.04274	0.72245	0.05128	0.02429	0.00990	0.00315	0.00450	0.02204	0.00720	0.00630
135	0.01136	0.00873	0.01301	0.01285	0.01416	0.01038	0.01005	0.01408	0.01243	0.01803	0.02025	0.02980	0.01894	0.05598	0.66409	0.01202	0.05449	0.00823	0.00412	0.00700
136	0.01818	0.02048	0.04388	0.05983	0.04036	0.01950	0.60362	0.02518	0.04001	0.02489	0.01614	0.02118	0.01211	0.00672	0.00905	0.00261	0.01273	0.00904	0.00404	0.01044
137	0.01060	0.00743	0.00963	0.01093	0.01158	0.00715	0.00736	0.03842	0.01534	0.02047	0.03926	0.62070	0.04653	0.06354	0.01245	0.04033	0.00495	0.02005	0.00690	0.00636
138	0.02947	0.02172	0.02327	0.01784	0.02404	0.02404	0.01474	0.65329	0.03646	0.04887	0.01862	0.01862	0.01319	0.00931	0.00776	0.00233	0.00853	0.00698	0.00776	0.01319
139	0.02073	0.73217	0.04063	0.01327	0.01990	0.03068	0.01327	0.02322	0.01575	0.01824	0.01078	0.01244	0.00995	0.00663	0.00498	0.00166	0.00829	0.00415	0.00332	0.00995
140	0.11739	0.01339	0.01726	0.01340	0.01926	0.01206	0.01106	0.03613	0.02120	0.61271	0.02840	0.02487	0.01800	0.00933	0.00747	0.00240	0.00653	0.00740	0.00907	0.01267
141	0.00957	0.00771	0.00858	0.00907	0.01114	0.00672	0.00676	0.01161	0.01728	0.02133	0.09378	0.21053	0.46797	0.02059	0.00944	0.00280	0.00430	0.06700	0.00725	0.00658
142	0.00968	0.00693	0.00920	0.01064	0.01130	0.00645	0.00722	0.01138	0.01592	0.02151	0.13878	0.62151	0.05461	0.02301	0.00978	0.00304	0.00437	0.02082	0.00740	0.00645
143	0.01097	0.00793	0.01036	0.00975	0.01158	0.00732	0.00732	0.01463	0.02195	0.03109	0.67505	0.05792	0.07316	0.01585	0.00914	0.00244	0.00366	0.01402	0.00854	0.00732
144	0.01696	0.01696	0.02375	0.02036	0.02036	0.02375	0.01696	0.01866	0.01187	0.01866	0.01018	0.01696	0.01018	0.01357	0.02545	0.00339	0.71332	0.00679	0.00339	0.00848
145	0.01555	0.04011	0.68733	0.02210	0.03356	0.01801	0.02865	0.02455	0.01637	0.02455	0.01391	0.01637	0.00982	0.00737	0.00737	0.00246	0.01146	0.00573	0.00327	0.01146
146	0.02896	0.03695	0.02197	0.01998	0.02397	0.69638	0.01498	0.03096	0.02197	0.01898	0.01199	0.01398	0.00999	0.00799	0.00699	0.00200	0.01398	0.00499	0.00400	0.00899
147	0.02073	0.73217	0.04063	0.01327	0.01990	0.03068	0.01327	0.02322	0.01575	0.01824	0.01078	0.01244	0.00995	0.00663	0.00498	0.00166	0.00829	0.00415	0.00332	0.00995
148	0.02013	0.01569	0.01697	0.01508	0.01947	0.01763	0.01178	0.03883	0.55615	0.09533	0.05657	0.03137	0.04831	0.01095	0.00797	0.00260	0.00601	0.00913	0.00805	0.01198
149	0.01242	0.00821	0.01079	0.01006	0.01209	0.00753	0.00757	0.01593	0.02162	0.07232	0.60306	0.08826	0.06864	0.01586	0.00910	0.00247	0.00389	0.01401	0.00854	0.00764
150	0.01696	0.01696	0.02375	0.02036	0.02036	0.02375	0.01696	0.01866	0.01187	0.01866	0.01018	0.01696	0.01018	0.01357	0.02545	0.00339	0.71332	0.00679	0.00339	0.00848
151	0.01736	0.01655	0.02816	0.31432	0.42675	0.01794	0.02288	0.02219	0.01679	0.02310	0.01426	0.01979	0.01150	0.00725	0.00771	0.00242	0.00966	0.00690	0.00368	0.01080
152	0.00916	0.00785	0.00785	0.00785	0.01047	0.00655	0.00589	0.01113	0.01767	0.02095	0.07855	0.07462	0.67599	0.01964	0.00916	0.00262	0.00393	0.01636	0.00720	0.00655
153	0.01445	0.00723	0.00723	0.00723	0.00903	0.00723	0.00542	0.01807	0.01626	0.02891	0.02529	0.02891	0.01987	0.00903	0.00542	0.00181	0.00361	0.00723	0.77055	0.00723
154	0.03090	0.01943	0.02186	0.01676	0.02291	0.02066	0.01384	0.48835	0.03263	0.21921	0.02182	0.02070	0.01480	0.00939	0.00777	0.00235	0.00801	0.00720	0.00825	0.01319
155	0.01765	0.01930	0.04015	0.16746	0.09492	0.01904	0.47571	0.02376	0.01770	0.02388	0.01522	0.02073	0.01152	0.00681	0.00875	0.00258	0.01222	0.00852	0.00382	0.01024
156	0.00981	0.00732	0.01049	0.01168	0.01244	0.00684	0.03334	0.01137	0.01499	0.02000	0.04164	0.69396	0.04968	0.02357	0.00987	0.00313	0.00485	0.02152	0.00706	0.00647
157	0.01079	0.00771	0.01054	0.01233	0.01337	0.00746	0.00954	0.01312	0.01617	0.02130	0.04199	0.44222	0.04834	0.02302	0.01026	0.00333	0.00566	0.28899	0.00717	0.00667
158	0.02694	0.03347	0.02276	0.05155	0.06744	0.58013	0.01596	0.02923	0.02077	0.01940	0.01212	0.01480	0.01016	0.00827	0.00825	0.00213	0.05823	0.00531	0.00392	0.00915
159	0.01014	0.00923	0.00859	0.00856	0.01116	0.04012	0.00639	0.01208	0.01777	0.02080	0.07385	0.09798	0.61819	0.01926	0.00909	0.00261	0.00444	0.01604	0.00704	0.00665
160	0.01919	0.01842	0.03147	0.04759	0.67914	0.01842	0.02380	0.02380	0.01765	0.02533	0.01458	0.01919	0.01228	0.00691	0.00768	0.00230	0.00921	0.00691	0.00384	0.01228
161	0.01728	0.06286	0.02663	0.02053	0.02240	0.02261	0.08636	0.01971	0.01319	0.01987	0.01113	0.01704	0.01045	0.01169	0.02068	0.00301	0.53150	0.00670	0.00355	0.07283
162	0.00916	0.00785	0.00785	0.00785	0.01047	0.00655	0.00589	0.01113	0.01767	0.02095	0.07855	0.07462	0.67599	0.01964	0.00916	0.00262	0.00393	0.01636	0.00720	0.00655
163	0.02931	0.02111	0.02279	0.01756	0.02369	0.02325	0.01448	0.59918	0.06155	0.07815	0.01971	0.01940	0.01390	0.00937	0.00776	0.00234	0.00834	0.00709	0.00785	0.01315
164	0.01083	0.00760	0.00840	0.00838	0.00899	0.00731	0.00504	0.01137	0.01299	0.01684	0.05927	0.05593	0.16365	0.55539	0.03210	0.00632	0.00664	0.01243	0.00535	0.00517
165	0.08342	0.04587	0.02224	0.04105	0.02358	0.05930	0.04092	0.37011	0.08998	0.08106	0.01940	0.01983	0.01408	0.00893	0.00735	0.00232	0.00831	0.00688	0.04354	0.01182
166	0.02073	0.73217	0.04063	0.01327	0.01990	0.03068	0.01327	0.02322	0.01575	0.01824	0.01078	0.01244	0.00995	0.00663	0.00498	0.00166	0.00829	0.00415	0.00332	0.00995
167	0.01002	0.00781	0.00910	0.00895	0.01104	0.00688	0.00665	0.01272	0.01944	0.02555	0.35174	0.11507	0.35076	0.01823	0.00921	0.00257	0.00385	0.01570	0.00782	0.00688
168	0.02896	0.03695	0.02197	0.01998	0.02397	0.69638	0.01498	0.03096	0.02197	0.01898	0.01199	0.01398	0.00999	0.00799	0.00699	0.00200	0.01398	0.00499	0.00400	0.00899
169	0.04501	0.01620	0.02696	0.29675	0.39389	0.01760	0.02198	0.02198	0.01668	0.02350	0.01506	0.02187	0.01252	0.00774	0.00771	0.00246	0.00945	0.02824	0.00384	0.01057
170	0.01080	0.00792	0.01013	0.00958	0.01148	0.00724	0.00718	0.01430	0.02154	0.03013	0.61868	0.05950	0.13013	0.01621	0.00915	0.00246	0.00368	0.01424	0.00841	0.00724
171	0.00930	0.00790	0.00804	0.00812	0.01070	0.00664	0.00616	0.01133	0.01768	0.02104	0.07701	0.07515	0.65011	0.01971	0.00923	0.00266	0.00406	0.04139	0.00720	0.00657
172	0.03371	0.01372	0.01817	0.01406	0.01998	0.01232	0.01157	0.06141	0.05909	0.62344	0.03019	0.02624	0.01922	0.00964	0.00780	0.00241	0.00665	0.00782	0.00943	0.01314
173	0.01703	0.01716	0.02482	0.02096	0.02134	0.02355	0.04783	0.01896	0.01219	0.01896	0.01045	0.01716	0.01026	0.01323	0.02465	0.00335	0.67922	0.00690	0.00342	0.00858
174	0.01823	0.02069	0.04451	0.03198	0.03938	0.01984	0.61513	0.02449	0.01794	0.02449	0.01537	0.02069	0.01167	0.00693	0.01007	0.00266	0.05267	0.00902	0.00389	0.01035
175	0.00945	0.00675	0.00900	0.01080	0.01125	0.00630	0.00720	0.01080	0.01484	0.01979	0.04274	0.72245	0.05128	0.02429	0.00990	0.00315	0.00450	0.02204	0.00720	0.00630
176	0.62937	0.01463	0.01275	0.01093	0.01598	0.01617	0.00901	0.02586	0.01504	0.16769	0.01484	0.01542	0.01061	0.00769	0.00541	0.00240	0.00612	0.00493	0.00578	0.00938
177	0.17517	0.02009	0.02059	0.01622	0.02204	0.02245	0.01335	0.49158	0.07213	0.04508	0.01792	0.01810	0.01293	0.00897	0.00719	0.00236	0.00789	0.00655	0.00719	0.01220
178	0.01095	0.00800	0.01034	0.00998	0.01187	0.00739	0.00764	0.01446	0.02125	0.02959	0.57254	0.06178	0.12034	0.01663	0.00928	0.00255	0.00397	0.06588	0.00831	0.00724
179	0.00945	0.00675	0.00900	0.01080	0.01125	0.00630	0.00720	0.01080	0.01484	0.01979	0.04274	0.72245	0.05128	0.02429	0.00990	0.00315	0.00450	0.02204	0.00720	0.00630
180	0.01830	0.02092	0.04575	0.03268	0.04052	0.01961	0.65098	0.02484	0.01830	0.02484	0.01569	0.02092	0.01176	0.00654	0.00915	0.00261	0.01307	0.00915	0.00392	0.01046
181	0.01608	0.01378	0.01608	0.01148	0.01837	0.01034	0.00919	0.01952	0.01608	0.02527	0.01378	0.01608	0.01148	0.00574	0.00574	0.00115	0.00574	0.00459	0.00459	0.77491
182	0.03140	0.01295	0.01724	0.01356	0.01904	0.01159	0.01107	0.03585	0.06926	0.57493	0.09163	0.02956	0.02463	0.01026	0.00793	0.00242	0.00629	0.00846	0.00937	0.01257
183	0.01097	0.07574	0.01295	0.01149	0.01279	0.00955	0.00847	0.01282	0.01427	0.01915	0.03360	0.46258	0.03849	0.03205	0.20077	0.00560	0.00939	0.01652	0.00598	0.00682
184	0.01890	0.01625	0.01720	0.01550	0.01976	0.01873	0.01204	0.03996	0.63518	0.03237	0.06153	0.03028	0.02597	0.01077	0.00795	0.00262	0.00602	0.00901	0.00792	0.01204
185	0.13927	0.01387	0.01631	0.01265	0.01848	0.01262	0.01030	0.05584	0.04254	0.31832	0.05326	0.02267	0.01788	0.00846	0.00683	0.00205	0.00619	0.00665	0.00727	0.22855
186	0.09440	0.47727	0.03286	0.01416	0.01990	0.05940	0.01312	0.05997	0.01719	0.07402	0.01279	0.01433	0.01073	0.00769	0.00705	0.00198	0.06397	0.00485	0.00424	0.01008

[dist]
# distance from previous block
# <min> <max>
0	1

[block]
# block no. 3 follows, 25 sequences, length 75
# corresponding to MSA columns:
# 294-368
name=unknown_D
#
# <colnr> <probs for GDERKNQSTAVLIFYWHMCP>
#	G	D	E	R	K	N	Q	S	T	A	V	L	I	F	Y	W	H	M	C	P
0	0.01888	0.07363	0.02191	0.01671	0.02047	0.12878	0.06475	0.05936	0.04296	0.02338	0.01669	0.05139	0.01479	0.01471	0.08247	0.00332	0.14248	0.00711	0.06560	0.13062
1	0.51827	0.04567	0.01457	0.01170	0.01649	0.01817	0.00963	0.11222	0.06852	0.03548	0.04472	0.01746	0.01378	0.00820	0.00569	0.00235	0.00626	0.00552	0.03596	0.00934
2	0.01896	0.04574	0.01866	0.01486	0.01777	0.03869	0.03957	0.02272	0.04344	0.16118	0.25727	0.03466	0.03585	0.01452	0.04122	0.00303	0.16609	0.00968	0.00678	0.00928
3	0.01108	0.00828	0.01231	0.01231	0.01364	0.00961	0.00950	0.01375	0.01242	0.01789	0.02091	0.03123	0.01972	0.08371	0.67168	0.01227	0.02026	0.00842	0.00417	0.00684
