[name]
unknown

[dist]
# distance from previous block
# <min> <max>
0	8

[block]
# block no. 0 follows, 26 sequences, length 14
# corresponding to MSA columns:
# 8-21
name=unknown_A
#
# <colnr> <probs for GDERKNQSTAVLIFYWHMCP>
#	G	D	E	R	K	N	Q	S	T	A	V	L	I	F	Y	W	H	M	C	P
0	0.01205	0.00861	0.01198	0.01344	0.01520	0.00854	0.01162	0.01555	0.01794	0.02361	0.11630	0.08213	0.04696	0.02031	0.01030	0.00336	0.00658	0.56137	0.00715	0.00700
1	0.01616	0.00885	0.01188	0.01118	0.01245	0.00891	0.00796	0.08942	0.01461	0.07399	0.01945	0.12867	0.01916	0.02252	0.02222	0.50666	0.00646	0.00895	0.00487	0.00565
2	0.08118	0.00879	0.01047	0.00979	0.01196	0.00836	0.00718	0.01651	0.01803	0.10466	0.32521	0.11631	0.10237	0.13047	0.01326	0.00326	0.00483	0.01270	0.00731	0.00736
3	0.02542	0.01265	0.01594	0.01279	0.01764	0.01173	0.01031	0.08159	0.07574	0.37966	0.16032	0.03297	0.05780	0.01085	0.00782	0.00230	0.00583	0.00902	0.00848	0.06114
4	0.01533	0.01414	0.05098	0.45076	0.13214	0.01518	0.01897	0.01934	0.01539	0.04227	0.04595	0.02209	0.01393	0.01011	0.01024	0.09460	0.00916	0.00704	0.00384	0.00853
5	0.04944	0.01416	0.02212	0.51162	0.04291	0.01728	0.03812	0.07180	0.01632	0.02216	0.01381	0.01992	0.01071	0.01043	0.03432	0.02962	0.05612	0.00674	0.00381	0.00860
6	0.01153	0.00795	0.00944	0.00947	0.01037	0.00791	0.00626	0.04280	0.01491	0.02046	0.11649	0.18933	0.06520	0.35027	0.05941	0.00531	0.00662	0.01323	0.04705	0.00598
7	0.00958	0.00685	0.00914	0.01062	0.01129	0.00642	0.00733	0.01128	0.01550	0.02085	0.11766	0.61441	0.05236	0.02263	0.00964	0.00302	0.00444	0.05344	0.00719	0.00632
8	0.02278	0.01676	0.01848	0.01507	0.01956	0.01811	0.01194	0.41843	0.07049	0.03757	0.02214	0.12485	0.01959	0.04201	0.01061	0.05666	0.00730	0.00914	0.00693	0.05157
9	0.02460	0.01724	0.01898	0.01543	0.02024	0.01875	0.01231	0.38626	0.13994	0.10493	0.02414	0.08837	0.01971	0.06112	0.00997	0.00276	0.00732	0.00886	0.00753	0.01155
10	0.01274	0.00809	0.01029	0.00988	0.01198	0.00728	0.00735	0.01551	0.01938	0.10056	0.37716	0.19229	0.16429	0.01712	0.00895	0.00255	0.00411	0.01501	0.00798	0.00747
11	0.11308	0.01040	0.01241	0.01119	0.01437	0.01008	0.00858	0.02245	0.06392	0.21301	0.19698	0.17447	0.06675	0.03677	0.00905	0.00268	0.00513	0.01204	0.00771	0.00892
12	0.01536	0.01543	0.02461	0.21190	0.09299	0.05992	0.15161	0.01918	0.01577	0.02071	0.02023	0.18392	0.02007	0.01288	0.02820	0.00293	0.08075	0.01055	0.00440	0.00858
13	0.01655	0.01775	0.08166	0.36868	0.23354	0.01769	0.06615	0.04152	0.03984	0.02299	0.01461	0.01969	0.01127	0.00737	0.00763	0.00243	0.00987	0.00687	0.00378	0.01009

[dist]
# distance from previous block
# <min> <max>
20	55

[block]
# block no. 1 follows, 26 sequences, length 10
# corresponding to MSA columns:
# 81-90
name=unknown_B
#
# <colnr> <probs for GDERKNQSTAVLIFYWHMCP>
#	G	D	E	R	K	N	Q	S	T	A	V	L	I	F	Y	W	H	M	C	P
0	0.09232	0.01564	0.02633	0.29473	0.14086	0.01769	0.13785	0.02063	0.01534	0.02247	0.01469	0.05468	0.01250	0.00866	0.00967	0.00259	0.09272	0.00763	0.00383	0.00918
1	0.01241	0.00827	0.00933	0.00874	0.01130	0.00718	0.00652	0.01455	0.01791	0.10012	0.17118	0.06233	0.43419	0.08823	0.01174	0.00298	0.00445	0.01414	0.00730	0.00712
2	0.01960	0.01430	0.01780	0.01399	0.01965	0.01291	0.03850	0.12203	0.05115	0.10630	0.02128	0.02917	0.01810	0.00929	0.00717	0.00195	0.00668	0.10565	0.00607	0.37839
3	0.01828	0.01067	0.01293	0.01116	0.01436	0.01018	0.00858	0.09494	0.03738	0.18560	0.24461	0.07100	0.14025	0.09164	0.01168	0.00296	0.00536	0.01170	0.00783	0.00888
4	0.03165	0.01422	0.01811	0.01416	0.01986	0.01341	0.01160	0.10478	0.10124	0.54273	0.02877	0.02529	0.01867	0.00947	0.00763	0.00237	0.00660	0.00766	0.00899	0.01280
5	0.32618	0.21721	0.09474	0.01352	0.01882	0.02134	0.01288	0.05788	0.01519	0.02717	0.01185	0.01419	0.00973	0.00783	0.00756	0.00224	0.09059	0.00483	0.03707	0.00918
6	0.01071	0.00705	0.00839	0.00899	0.00952	0.00680	0.00572	0.01144	0.01311	0.01798	0.03352	0.27711	0.08546	0.31785	0.02258	0.05644	0.00565	0.01430	0.08197	0.00543
7	0.01831	0.24883	0.41685	0.01877	0.02769	0.10352	0.02190	0.02438	0.01649	0.02151	0.01246	0.01458	0.00967	0.00706	0.00646	0.00211	0.01057	0.00505	0.00330	0.01048
8	0.10953	0.01537	0.01860	0.01545	0.01991	0.01649	0.07497	0.17737	0.19243	0.06433	0.07095	0.11124	0.05745	0.01161	0.00783	0.00251	0.00678	0.00991	0.00695	0.01033
9	0.01567	0.01388	0.01370	0.01250	0.01566	0.09324	0.00925	0.08678	0.05536	0.02404	0.03033	0.29406	0.07239	0.05120	0.00954	0.00259	0.00641	0.01264	0.00609	0.17468

[dist]
# distance from previous block
# <min> <max>
4	22

[block]
# block no. 2 follows, 26 sequences, length 83
# corresponding to MSA columns:
# 113-195
name=unknown_C
#
# <colnr> <probs for GDERKNQSTAVLIFYWHMCP>
#	G	D	E	R	K	N	Q	S	T	A	V	L	I	F	Y	W	H	M	C	P
0	0.14235	0.16635	0.19495	0.01725	0.05516	0.04915	0.01642	0.06352	0.06155	0.08503	0.01523	0.01653	0.01155	0.00767	0.00691	0.00218	0.03044	0.00552	0.00468	0.04756
1	0.09223	0.13997	0.02247	0.04194	0.04614	0.16614	0.01306	0.12456	0.05917	0.08425	0.06917	0.01997	0.01680	0.00863	0.00724	0.00212	0.02892	0.00631	0.00547	0.04542
2	0.01860	0.01773	0.06923	0.19788	0.33826	0.01713	0.05798	0.04262	0.04170	0.07266	0.01695	0.02242	0.01351	0.00789	0.00772	0.00241	0.00924	0.03075	0.00442	0.01090
3	0.02123	0.01711	0.01895	0.01494	0.02049	0.01776	0.01206	0.25232	0.19208	0.03441	0.01948	0.01990	0.01484	0.00843	0.00779	0.00201	0.04103	0.00648	0.00637	0.27232
4	0.00924	0.00660	0.00880	0.01056	0.01100	0.00616	0.00704	0.01056	0.01452	0.01936	0.04181	0.72848	0.05017	0.02376	0.00968	0.00308	0.00440	0.02156	0.00704	0.00616
5	0.02028	0.73799	0.03975	0.01298	0.01947	0.03001	0.01298	0.02271	0.01541	0.01785	0.01055	0.01217	0.00973	0.00649	0.00487	0.00162	0.00811	0.00406	0.00324	0.00973
6	0.02743	0.08811	0.06367	0.01514	0.02113	0.01760	0.01326	0.20891	0.09883	0.30278	0.04854	0.02318	0.01817	0.00922	0.00738	0.00229	0.00729	0.00727	0.00766	0.01217
7	0.01264	0.00787	0.00985	0.08362	0.01438	0.00830	0.00775	0.01563	0.01506	0.02376	0.05951	0.12718	0.02605	0.08071	0.09216	0.00379	0.00668	0.00985	0.38838	0.00684
8	0.01084	0.00813	0.01219	0.01219	0.01354	0.00948	0.00948	0.01354	0.01219	0.01761	0.02032	0.02980	0.01896	0.05689	0.70337	0.01219	0.02032	0.00813	0.00406	0.00677
9	0.01887	0.01629	0.01715	0.01544	0.01972	0.01887	0.01201	0.04031	0.67241	0.03173	0.03087	0.02830	0.02315	0.01029	0.00772	0.00257	0.00600	0.00858	0.00772	0.01201
10	0.02428	0.01702	0.04758	0.01447	0.02063	0.01548	0.01221	0.26335	0.02446	0.17869	0.02033	0.05597	0.01546	0.00876	0.00708	0.00198	0.00700	0.00699	0.00680	0.25145
11	0.01564	0.06023	0.61636	0.02177	0.03243	0.01814	0.06372	0.02445	0.03430	0.02405	0.01409	0.01649	0.01010	0.00722	0.00725	0.00239	0.01106	0.00583	0.00337	0.01113
12	0.01790	0.02046	0.04476	0.03197	0.03964	0.01918	0.65857	0.02430	0.01790	0.02430	0.01535	0.02046	0.01151	0.00639	0.00895	0.00256	0.01279	0.00895	0.00384	0.01023
13	0.01461	0.01377	0.02327	0.67202	0.09318	0.01693	0.02121	0.01963	0.01530	0.01973	0.01353	0.02013	0.01023	0.00753	0.00758	0.00251	0.01004	0.00674	0.00340	0.00866
14	0.05500	0.24734	0.09294	0.01514	0.02117	0.05511	0.04096	0.06706	0.04897	0.18997	0.04439	0.05560	0.01720	0.00893	0.00676	0.00216	0.00796	0.00699	0.00575	0.01060
15	0.02157	0.01409	0.05468	0.01349	0.01802	0.01290	0.01129	0.03098	0.23068	0.25624	0.21096	0.03464	0.03436	0.01126	0.00800	0.00243	0.00578	0.00951	0.00820	0.01092
16	0.00896	0.00768	0.00768	0.00768	0.01025	0.00640	0.00576	0.01089	0.01729	0.02049	0.07684	0.07300	0.68304	0.01921	0.00896	0.00256	0.00384	0.01601	0.00704	0.00640
17	0.00924	0.00660	0.00880	0.01056	0.01100	0.00616	0.00704	0.01056	0.01452	0.01936	0.04181	0.72848	0.05017	0.02376	0.00968	0.00308	0.00440	0.02156	0.00704	0.00616
18	0.01733	0.01872	0.03797	0.11023	0.11743	0.01875	0.44169	0.02290	0.01704	0.02330	0.01538	0.02196	0.01229	0.00753	0.00983	0.00260	0.06357	0.02763	0.00383	0.01000
19	0.00994	0.00693	0.00882	0.01002	0.01094	0.00646	0.00697	0.01184	0.01575	0.02165	0.11662	0.51681	0.09680	0.02101	0.00917	0.00285	0.00427	0.03886	0.07790	0.00640
20	0.00924	0.00660	0.00880	0.01056	0.01100	0.00616	0.00704	0.01056	0.01452	0.01936	0.04181	0.72848	0.05017	0.02376	0.00968	0.00308	0.00440	0.02156	0.00704	0.00616
21	0.02833	0.03615	0.02149	0.01954	0.02345	0.70298	0.01466	0.03029	0.02149	0.01856	0.01172	0.01368	0.00977	0.00782	0.00684	0.00195	0.01368	0.00489	0.00391	0.00879
22	0.02368	0.02465	0.01947	0.01727	0.02160	0.28869	0.01331	0.10408	0.34668	0.02830	0.02195	0.02144	0.01677	0.00919	0.00736	0.00230	0.00928	0.00693	0.00620	0.01084
23	0.13155	0.01355	0.01702	0.01323	0.01896	0.01252	0.01093	0.06564	0.02125	0.57447	0.02684	0.02369	0.01712	0.00907	0.00724	0.00234	0.00647	0.00713	0.00869	0.01230
24	0.02407	0.01810	0.01958	0.01596	0.02128	0.01991	0.01284	0.31276	0.31084	0.08135	0.02421	0.02295	0.01765	0.00944	0.00753	0.00234	0.00704	0.00751	0.00758	0.05706
25	0.01603	0.02552	0.34328	0.04681	0.02624	0.01448	0.01910	0.06246	0.01729	0.04511	0.01835	0.08611	0.01603	0.00928	0.00729	0.00222	0.00867	0.03977	0.00453	0.19143
26	0.04691	0.05197	0.04993	0.06025	0.02389	0.02003	0.01414	0.33203	0.14038	0.12743	0.02080	0.02052	0.01484	0.00888	0.00733	0.00229	0.00775	0.00691	0.00702	0.03670
27	0.01543	0.07365	0.63225	0.05075	0.03298	0.01821	0.02696	0.02376	0.01595	0.02351	0.01345	0.01600	0.00964	0.00719	0.00710	0.00237	0.01101	0.00557	0.00321	0.01102
28	0.00935	0.00668	0.00893	0.01069	0.01117	0.00626	0.00723	0.01075	0.01463	0.01949	0.04175	0.70483	0.04993	0.02366	0.00971	0.00310	0.00450	0.04413	0.00704	0.00619
29	0.03088	0.01523	0.07935	0.01396	0.02007	0.01188	0.01244	0.05456	0.02127	0.56740	0.02772	0.02483	0.01779	0.00914	0.00744	0.00231	0.00677	0.00738	0.05721	0.01238
30	0.26785	0.04689	0.05303	0.03515	0.02091	0.01635	0.07087	0.07117	0.08063	0.17956	0.01914	0.01966	0.01369	0.00810	0.00650	0.00232	0.00714	0.00634	0.06443	0.01028
31	0.01056	0.00775	0.00990	0.00936	0.01123	0.00708	0.00702	0.01398	0.02106	0.02944	0.62277	0.05826	0.13152	0.01587	0.00895	0.00240	0.00360	0.01394	0.00822	0.00708
32	0.01877	0.01802	0.03079	0.04656	0.68612	0.01802	0.02328	0.02328	0.01727	0.02478	0.01427	0.01877	0.01201	0.00676	0.00751	0.00225	0.00901	0.00676	0.00375	0.01201
33	0.00969	0.00712	0.00983	0.05527	0.01381	0.00694	0.00814	0.01133	0.01469	0.01950	0.03995	0.65691	0.04736	0.02262	0.00958	0.00306	0.00487	0.04618	0.00681	0.00634
34	0.00924	0.00660	0.00880	0.01056	0.01100	0.00616	0.00704	0.01056	0.01452	0.01936	0.04181	0.72848	0.05017	0.02376	0.00968	0.00308	0.00440	0.02156	0.00704	0.00616
35	0.01454	0.01370	0.02314	0.68304	0.08273	0.01691	0.02117	0.01957	0.01527	0.01964	0.01352	0.02015	0.01020	0.00754	0.00758	0.00251	0.01006	0.00674	0.00339	0.00860
36	0.78701	0.01467	0.01115	0.00997	0.01467	0.01702	0.00821	0.02230	0.01291	0.03403	0.01056	0.01232	0.00821	0.00704	0.00469	0.00235	0.00587	0.00411	0.00469	0.00821
37	0.01505	0.01462	0.02556	0.57229	0.07968	0.01749	0.09051	0.02005	0.01538	0.02012	0.01354	0.01999	0.01035	0.00771	0.00863	0.00256	0.04728	0.00698	0.00344	0.00879
38	0.01877	0.01802	0.03079	0.04656	0.68612	0.01802	0.02328	0.02328	0.01727	0.02478	0.01427	0.01877	0.01201	0.00676	0.00751	0.00225	0.00901	0.00676	0.00375	0.01201
39	0.02735	0.01842	0.02037	0.01601	0.02142	0.01985	0.01306	0.50127	0.03135	0.13017	0.02204	0.08217	0.01716	0.01043	0.00771	0.00234	0.00760	0.00824	0.03089	0.01213
40	0.01396	0.01036	0.01344	0.01246	0.01463	0.04376	0.04931	0.01661	0.01825	0.09050	0.25992	0.29303	0.07778	0.01704	0.00946	0.00266	0.02682	0.01511	0.00725	0.00765
41	0.02775	0.03425	0.02215	0.02114	0.06536	0.62513	0.01519	0.06189	0.02195	0.02044	0.01221	0.01423	0.01007	0.00781	0.00692	0.00199	0.01311	0.00510	0.00409	0.00921
42	0.00923	0.00773	0.00805	0.00807	0.01054	0.00655	0.00612	0.01135	0.01764	0.02138	0.12485	0.07213	0.60925	0.01897	0.00902	0.00258	0.00394	0.03896	0.00715	0.00649
43	0.01038	0.00760	0.00974	0.00950	0.01119	0.00696	0.00701	0.01352	0.02020	0.02810	0.54480	0.14276	0.12617	0.01689	0.00904	0.00249	0.00371	0.01492	0.00806	0.00696
44	0.01737	0.17827	0.47117	0.02181	0.08965	0.01990	0.02381	0.02424	0.01625	0.05129	0.01374	0.01590	0.01025	0.00711	0.00678	0.00223	0.01017	0.00548	0.00353	0.01106
45	0.01127	0.00876	0.01302	0.01277	0.01402	0.01051	0.01001	0.01390	0.01215	0.01766	0.01954	0.02881	0.01829	0.05363	0.65266	0.01153	0.07258	0.00802	0.00401	0.00689
46	0.01432	0.01348	0.02275	0.71520	0.05224	0.01685	0.02107	0.01938	0.01517	0.01938	0.01348	0.02022	0.01011	0.00758	0.00758	0.00253	0.01011	0.00674	0.00337	0.00843
47	0.02134	0.01783	0.01875	0.05649	0.02235	0.05055	0.01314	0.22532	0.35153	0.03440	0.02749	0.02870	0.04713	0.01054	0.00781	0.00250	0.00727	0.03821	0.00719	0.01145
48	0.01782	0.01603	0.02706	0.30104	0.41065	0.01724	0.02184	0.02246	0.01668	0.05539	0.01473	0.01967	0.01162	0.00720	0.00754	0.00236	0.00931	0.00679	0.00388	0.01068
49	0.02497	0.03055	0.02199	0.01965	0.02244	0.50843	0.01521	0.02684	0.01867	0.01848	0.01122	0.01451	0.00982	0.00938	0.01201	0.00234	0.21570	0.00539	0.00374	0.00865
50	0.78701	0.01467	0.01115	0.00997	0.01467	0.01702	0.00821	0.02230	0.01291	0.03403	0.01056	0.01232	0.00821	0.00704	0.00469	0.00235	0.00587	0.00411	0.00469	0.00821
51	0.01584	0.01384	0.01720	0.01229	0.01908	0.01057	0.04200	0.01936	0.01584	0.02469	0.01358	0.01597	0.01125	0.00566	0.00579	0.00120	0.00598	0.00472	0.00446	0.74069
52	0.01103	0.00735	0.00827	0.00827	0.00827	0.00735	0.00460	0.01103	0.01103	0.01471	0.02390	0.04964	0.02758	0.73343	0.03861	0.00735	0.00735	0.01103	0.00460	0.00460
53	0.01950	0.02015	0.06135	0.11173	0.43891	0.07735	0.02105	0.06986	0.01860	0.02529	0.01417	0.01813	0.01151	0.00707	0.00734	0.00220	0.00940	0.00641	0.00402	0.05596
54	0.02179	0.25342	0.02584	0.01525	0.02058	0.05987	0.01294	0.15584	0.29871	0.02966	0.02074	0.02028	0.01606	0.00869	0.00672	0.00217	0.00756	0.00656	0.00603	0.01127
55	0.00924	0.00660	0.00880	0.01056	0.01100	0.00616	0.00704	0.01056	0.01452	0.01936	0.04181	0.72848	0.05017	0.02376	0.00968	0.00308	0.00440	0.02156	0.00704	0.00616
56	0.01548	0.07560	0.66007	0.02117	0.03213	0.01826	0.02724	0.02395	0.01598	0.02370	0.01345	0.01581	0.00961	0.00717	0.00708	0.00236	0.01105	0.00552	0.00320	0.01113
57	0.02883	0.02125	0.02276	0.01745	0.02352	0.02352	0.01442	0.66082	0.03566	0.04780	0.01821	0.01821	0.01290	0.00911	0.00759	0.00228	0.00835	0.00683	0.00759	0.01290
58	0.01054	0.00771	0.00989	0.00942	0.01123	0.00706	0.00704	0.01391	0.02091	0.02925	0.61215	0.07855	0.12183	0.01607	0.00897	0.00242	0.00363	0.01415	0.00820	0.00706
59	0.01049	0.00773	0.00984	0.00956	0.01138	0.00708	0.00721	0.01372	0.02034	0.02811	0.53453	0.09528	0.15273	0.01671	0.00906	0.00250	0.00382	0.04490	0.00804	0.00699
60	0.02773	0.08861	0.02286	0.01905	0.02315	0.65268	0.01453	0.02972	0.02104	0.01851	0.01164	0.01357	0.00977	0.00772	0.00669	0.00193	0.01326	0.00482	0.00386	0.00886
61	0.01074	0.00775	0.01014	0.00954	0.01133	0.00716	0.00716	0.01431	0.02147	0.03042	0.68211	0.05666	0.07157	0.01551	0.00895	0.00239	0.00358	0.01372	0.00835	0.00716
62	0.01573	0.01348	0.01573	0.01123	0.01798	0.01011	0.00899	0.01910	0.01573	0.02472	0.01348	0.01573	0.01123	0.00562	0.00562	0.00112	0.00562	0.00449	0.00449	0.77980
63	0.06006	0.00848	0.01102	0.07846	0.01574	0.00873	0.00879	0.04340	0.01526	0.02134	0.03449	0.54432	0.03995	0.02058	0.01010	0.04334	0.00535	0.01755	0.00637	0.00668
64	0.00930	0.00664	0.00885	0.01052	0.01101	0.00620	0.00705	0.01070	0.01478	0.01978	0.06593	0.70317	0.05097	0.02345	0.00965	0.00305	0.00437	0.02127	0.00709	0.00620
65	0.01877	0.01802	0.03079	0.04656	0.68612	0.01802	0.02328	0.02328	0.01727	0.02478	0.01427	0.01877	0.01201	0.00676	0.00751	0.00225	0.00901	0.00676	0.00375	0.01201
66	0.01601	0.01574	0.02212	0.01913	0.01927	0.02184	0.01588	0.01778	0.01167	0.01819	0.01100	0.01793	0.01087	0.01768	0.09347	0.00422	0.64887	0.00679	0.00339	0.00814
67	0.01877	0.01802	0.03079	0.04656	0.68612	0.01802	0.02328	0.02328	0.01727	0.02478	0.01427	0.01877	0.01201	0.00676	0.00751	0.00225	0.00901	0.00676	0.00375	0.01201
68	0.02669	0.02018	0.02156	0.01702	0.02270	0.02252	0.01390	0.52722	0.17276	0.04434	0.02094	0.02038	0.01511	0.00936	0.00762	0.00234	0.00784	0.00721	0.00762	0.01271
69	0.03403	0.01291	0.01760	0.01350	0.01936	0.01115	0.01115	0.03697	0.02171	0.69137	0.02992	0.02582	0.01878	0.00939	0.00763	0.00235	0.00645	0.00763	0.00939	0.01291
70	0.01278	0.00883	0.01148	0.01062	0.01262	0.00866	0.00808	0.01691	0.05048	0.07105	0.54146	0.09050	0.06180	0.01525	0.00962	0.00248	0.03836	0.01321	0.00807	0.00774
71	0.01115	0.00891	0.01014	0.00975	0.01219	0.00848	0.00744	0.01643	0.10704	0.02611	0.31369	0.06093	0.31974	0.01659	0.00885	0.00253	0.00416	0.04070	0.00766	0.00749
72	0.01318	0.00829	0.01092	0.00996	0.01217	0.00758	0.00758	0.01669	0.02150	0.09974	0.61371	0.05342	0.06603	0.01486	0.00881	0.00238	0.00388	0.01308	0.00846	0.00776
73	0.01103	0.00735	0.00827	0.00827	0.00827	0.00735	0.00460	0.01103	0.01103	0.01471	0.02390	0.04964	0.02758	0.73343	0.03861	0.00735	0.00735	0.01103	0.00460	0.00460
74	0.02616	0.11537	0.04441	0.01858	0.02274	0.50538	0.01488	0.02841	0.01970	0.05160	0.01237	0.01444	0.01022	0.00823	0.00835	0.00208	0.07881	0.00511	0.00402	0.00913
75	0.02780	0.02044	0.02192	0.01692	0.02264	0.02258	0.01385	0.62308	0.03423	0.04588	0.01854	0.02004	0.01375	0.05118	0.00939	0.00257	0.00829	0.00707	0.00741	0.01242
76	0.00896	0.00768	0.00768	0.00768	0.01025	0.00640	0.00576	0.01089	0.01729	0.02049	0.07684	0.07300	0.68304	0.01921	0.00896	0.00256	0.00384	0.01601	0.00704	0.00640
77	0.00926	0.00679	0.00870	0.01013	0.01091	0.00623	0.00687	0.01074	0.01515	0.01992	0.07012	0.61473	0.13692	0.02284	0.00956	0.00298	0.00429	0.02052	0.00709	0.00623
78	0.02668	0.03091	0.02084	0.01952	0.05466	0.52605	0.01423	0.10534	0.02252	0.02327	0.01378	0.01576	0.01111	0.00801	0.00683	0.00199	0.01191	0.00540	0.07189	0.00930
79	0.01548	0.01322	0.01547	0.01121	0.01771	0.00996	0.00891	0.01878	0.01568	0.02451	0.01456	0.04274	0.01271	0.00631	0.00577	0.00120	0.00557	0.00514	0.00459	0.75048
80	0.04754	0.04434	0.05143	0.04864	0.01875	0.01280	0.04037	0.07845	0.07071	0.05377	0.28034	0.07754	0.07030	0.01231	0.00799	0.00234	0.00595	0.01061	0.00678	0.05904
81	0.01745	0.05938	0.21788	0.06540	0.31974	0.04725	0.06727	0.02306	0.01722	0.02403	0.05765	0.02012	0.01491	0.00751	0.00746	0.00229	0.00975	0.00683	0.00387	0.01092
82	0.01882	0.01782	0.03012	0.12458	0.53014	0.01830	0.05935	0.06319	0.01822	0.02556	0.01448	0.01901	0.01181	0.00699	0.00761	0.00231	0.00932	0.00689	0.00396	0.01153

[dist]
# distance from previous block
# <min> <max>
0	11

[block]
# block no. 3 follows, 26 sequences, length 21
# corresponding to MSA columns:
# 207-227
name=unknown_D
#
# <colnr> <probs for GDERKNQSTAVLIFYWHMCP>
#	G	D	E	R	K	N	Q	S	T	A	V	L	I	F	Y	W	H	M	C	P
0	0.01835	0.01817	0.07549	0.33261	0.26902	0.05354	0.02119	0.02315	0.01685	0.07766	0.01505	0.01951	0.01145	0.00743	0.00749	0.00238	0.00969	0.00664	0.00402	0.01029
1	0.01978	0.02028	0.03090	0.04228	0.55702	0.09579	0.07532	0.02416	0.01780	0.02404	0.01407	0.01834	0.01172	0.00685	0.00755	0.00224	0.00986	0.00673	0.00378	0.01150
2	0.19715	0.01715	0.15987	0.01286	0.01790	0.01267	0.01245	0.02075	0.05205	0.05632	0.26462	0.05107	0.03469	0.01089	0.00729	0.00234	0.00615	0.00890	0.00614	0.04873
3	0.01642	0.01562	0.02654	0.40001	0.35104	0.01740	0.02211	0.02122	0.01616	0.02193	0.01385	0.01954	0.01101	0.00719	0.00755	0.00240	0.00959	0.00675	0.00355	0.01012
4	0.01161	0.01034	0.01016	0.00982	0.01203	0.07266	0.00731	0.01423	0.01938	0.02467	0.33854	0.10201	0.30596	0.01677	0.00880	0.00246	0.00469	0.01429	0.00733	0.00695
5	0.01795	0.01959	0.03790	0.09485	0.06359	0.03774	0.44839	0.03846	0.01725	0.02341	0.01433	0.01959	0.01116	0.00760	0.01094	0.00263	0.11278	0.00816	0.00381	0.00988
6	0.01040	0.00781	0.00980	0.01034	0.01185	0.00689	0.00709	0.01197	0.01458	0.01991	0.03773	0.52850	0.07498	0.07611	0.01126	0.00308	0.00480	0.01775	0.00645	0.12871
7	0.02740	0.01382	0.06882	0.01325	0.01864	0.01077	0.01158	0.03094	0.02121	0.49281	0.17311	0.03188	0.02975	0.01057	0.00789	0.00236	0.00619	0.00882	0.00867	0.01150
8	0.01817	0.01740	0.02969	0.13757	0.59984	0.01786	0.02298	0.02275	0.01698	0.02405	0.01416	0.01897	0.01176	0.00687	0.00752	0.00229	0.00916	0.00676	0.00370	0.01153
9	0.01321	0.00788	0.00916	0.00877	0.00932	0.00771	0.00522	0.01349	0.01204	0.07876	0.02447	0.04738	0.02674	0.66489	0.03567	0.00688	0.00727	0.01071	0.00505	0.00538
10	0.00986	0.00829	0.00863	0.00852	0.01107	0.00739	0.00639	0.01336	0.06644	0.02212	0.12269	0.09140	0.56045	0.01840	0.00890	0.00257	0.00400	0.01546	0.00720	0.00688
11	0.01482	0.01386	0.02329	0.53055	0.17402	0.01628	0.02045	0.01949	0.01553	0.02044	0.01576	0.07312	0.01349	0.00864	0.00773	0.00252	0.00947	0.00786	0.00372	0.00896
12	0.01573	0.01348	0.01573	0.01123	0.01798	0.01011	0.00899	0.01910	0.01573	0.02472	0.01348	0.01573	0.01123	0.00562	0.00562	0.00112	0.00562	0.00449	0.00449	0.77980
13	0.01557	0.13083	0.50766	0.01892	0.02844	0.01799	0.02313	0.02260	0.01581	0.02293	0.01499	0.06103	0.01235	0.00804	0.00692	0.00224	0.00991	0.00633	0.00355	0.07075
14	0.01053	0.00775	0.00985	0.00933	0.01121	0.00707	0.00699	0.01391	0.02098	0.02926	0.61165	0.05856	0.14275	0.01594	0.00895	0.00241	0.00361	0.01398	0.00820	0.00707
15	0.07751	0.53907	0.13688	0.01443	0.02137	0.06313	0.01502	0.02329	0.01564	0.02005	0.01108	0.01285	0.00960	0.00671	0.00532	0.00181	0.00872	0.00434	0.00338	0.00980
16	0.01492	0.01405	0.02396	0.48130	0.18174	0.01618	0.04445	0.01956	0.01565	0.02071	0.01640	0.08697	0.01436	0.00890	0.00782	0.00252	0.00944	0.00823	0.00382	0.00904
17	0.12963	0.02033	0.06171	0.01544	0.02102	0.08317	0.01316	0.29233	0.06931	0.12992	0.02336	0.02288	0.06565	0.00949	0.00722	0.00232	0.00792	0.00714	0.00679	0.01120
18	0.01384	0.00914	0.01262	0.01184	0.01267	0.01010	0.00882	0.01368	0.01352	0.05285	0.11303	0.09380	0.08747	0.02053	0.02103	0.33921	0.14517	0.00984	0.00499	0.00584
19	0.00933	0.00664	0.00877	0.01045	0.01086	0.00622	0.00692	0.01059	0.01435	0.01913	0.04090	0.69409	0.04902	0.05971	0.01115	0.00330	0.00455	0.02103	0.00692	0.00608
20	0.01732	0.03295	0.50467	0.02532	0.12790	0.01729	0.06639	0.02490	0.01675	0.07427	0.01504	0.01744	0.01077	0.00725	0.00739	0.00239	0.01063	0.00614	0.00379	0.01139

[dist]
# distance from previous block
# <min> <max>
0	8

[block]
# block no. 4 follows, 26 sequences, length 42
# corresponding to MSA columns:
# 236-277
name=unknown_E
#
# <colnr> <probs for GDERKNQSTAVLIFYWHMCP>
#	G	D	E	R	K	N	Q	S	T	A	V	L	I	F	Y	W	H	M	C	P
0	0.01034	0.00774	0.00960	0.00913	0.01109	0.00699	0.00685	0.01356	0.02055	0.02823	0.54865	0.06026	0.20640	0.01632	0.00895	0.00242	0.00364	0.01422	0.00806	0.00699
1	0.06084	0.00819	0.00892	0.07986	0.01364	0.00867	0.00709	0.01813	0.01565	0.02771	0.02273	0.02649	0.01781	0.00860	0.00550	0.00188	0.00435	0.00686	0.64979	0.00728
2	0.67329	0.08876	0.01438	0.01045	0.01538	0.01808	0.00884	0.02302	0.01358	0.06301	0.01146	0.01293	0.00886	0.00709	0.00485	0.00227	0.00612	0.00427	0.00476	0.00859
3	0.01790	0.01419	0.01515	0.01368	0.01752	0.01591	0.01062	0.03454	0.50151	0.05644	0.07154	0.03258	0.06533	0.01095	0.00761	0.00247	0.00549	0.00914	0.08652	0.01091
4	0.02525	0.03133	0.02089	0.06097	0.02434	0.57190	0.03138	0.02745	0.02030	0.01885	0.01501	0.08756	0.01398	0.00940	0.00723	0.00212	0.01249	0.00682	0.00420	0.00854
5	0.01818	0.01742	0.02972	0.13521	0.60208	0.01787	0.02299	0.02276	0.01699	0.02406	0.01416	0.01897	0.01176	0.00687	0.00752	0.00229	0.00916	0.00676	0.00370	0.01154
6	0.00910	0.00769	0.00787	0.00782	0.01033	0.00646	0.00587	0.01114	0.01760	0.02123	0.12207	0.07178	0.63734	0.01893	0.00896	0.00255	0.00382	0.01584	0.00714	0.00646
7	0.03350	0.01376	0.01813	0.01390	0.01979	0.01242	0.01148	0.10094	0.02314	0.62537	0.02872	0.02504	0.01817	0.00936	0.00762	0.00234	0.00665	0.00755	0.00920	0.01291
8	0.01296	0.00667	0.00972	0.00972	0.00972	0.00667	0.00638	0.01000	0.01000	0.01333	0.01427	0.02578	0.01465	0.09886	0.03056	0.70015	0.00667	0.00704	0.00343	0.00343
9	0.02931	0.01429	0.01770	0.01425	0.01966	0.01399	0.01155	0.06632	0.21463	0.46718	0.02967	0.02620	0.01980	0.00964	0.00765	0.00241	0.00641	0.00787	0.00881	0.01264
10	0.01849	0.01748	0.02421	0.02013	0.02141	0.02308	0.04747	0.11495	0.01553	0.02298	0.01146	0.01703	0.01047	0.01232	0.02152	0.00313	0.57850	0.00678	0.00398	0.00908
11	0.01361	0.00860	0.01158	0.01138	0.01358	0.00808	0.00921	0.01709	0.02020	0.09570	0.40720	0.06286	0.05711	0.01664	0.00931	0.00274	0.00498	0.21444	0.00801	0.00769
12	0.08625	0.62472	0.05458	0.01326	0.01961	0.05915	0.01306	0.02306	0.01549	0.01944	0.01069	0.01236	0.00960	0.00662	0.00501	0.00172	0.00826	0.00414	0.00340	0.00960
13	0.02065	0.01775	0.02661	0.58345	0.05053	0.01946	0.05670	0.02348	0.01899	0.02560	0.02011	0.02861	0.01647	0.01164	0.01009	0.00360	0.01167	0.00874	0.03427	0.01158
14	0.33747	0.02048	0.06563	0.04528	0.06456	0.01880	0.03164	0.06081	0.02084	0.20539	0.02296	0.02609	0.01776	0.01188	0.00896	0.00347	0.00911	0.00776	0.00786	0.01327
15	0.01870	0.01405	0.01855	0.06597	0.02304	0.01322	0.04956	0.02006	0.02038	0.02750	0.05954	0.12976	0.04289	0.04893	0.01337	0.00445	0.00919	0.40216	0.00833	0.01037
16	0.02061	0.01736	0.01745	0.04958	0.02128	0.09870	0.01270	0.03507	0.42462	0.09622	0.02865	0.03213	0.02270	0.01093	0.00790	0.00257	0.00727	0.07611	0.00714	0.01099
17	0.01068	0.00771	0.01009	0.00958	0.01132	0.00712	0.00715	0.01417	0.02120	0.02999	0.65752	0.08247	0.07075	0.01582	0.00897	0.00241	0.00361	0.01402	0.00830	0.00712
18	0.01032	0.00808	0.01214	0.08402	0.01684	0.00801	0.04039	0.01237	0.01489	0.01976	0.03754	0.59147	0.04388	0.02113	0.00947	0.00302	0.00551	0.04802	0.00651	0.00663
19	0.01941	0.54422	0.16040	0.01519	0.02212	0.05018	0.01604	0.02297	0.01552	0.01905	0.01113	0.01318	0.00972	0.00704	0.00647	0.00187	0.04781	0.00451	0.00326	0.00990
20	0.01318	0.00659	0.00988	0.00988	0.00988	0.00659	0.00659	0.00988	0.00988	0.01318	0.01318	0.02306	0.01318	0.02635	0.02964	0.77931	0.00659	0.00659	0.00329	0.00329
21	0.01793	0.01983	0.04143	0.05127	0.09478	0.01900	0.55060	0.02495	0.05359	0.02461	0.01605	0.02074	0.01215	0.00667	0.00872	0.00253	0.01202	0.00868	0.00403	0.01043
22	0.01716	0.02213	0.13009	0.02946	0.06035	0.01871	0.48063	0.02336	0.01698	0.02361	0.01498	0.02000	0.01152	0.00928	0.04197	0.00302	0.05463	0.00824	0.00373	0.01015
23	0.01484	0.01989	0.22607	0.01862	0.04160	0.01275	0.11962	0.01997	0.01740	0.06953	0.13165	0.18026	0.03143	0.01293	0.00854	0.00263	0.00813	0.04933	0.00563	0.00920
24	0.02153	0.33486	0.32282	0.02019	0.02867	0.04990	0.05146	0.02573	0.01815	0.02425	0.01591	0.01952	0.01328	0.00931	0.00779	0.00272	0.01097	0.00625	0.00457	0.01211
25	0.01414	0.00707	0.00707	0.00707	0.00884	0.00707	0.00530	0.01767	0.01591	0.02828	0.02474	0.02828	0.01944	0.00884	0.00530	0.00177	0.00353	0.00707	0.77554	0.00707
26	0.01716	0.01573	0.01985	0.03719	0.04686	0.03974	0.05090	0.05108	0.01654	0.02456	0.01332	0.01643	0.01110	0.00704	0.00866	0.00168	0.10165	0.00533	0.00436	0.51082
27	0.02809	0.02892	0.02211	0.01865	0.02334	0.38144	0.01463	0.30352	0.02726	0.03124	0.01447	0.01576	0.01114	0.00859	0.00787	0.00215	0.03899	0.00580	0.00548	0.01056
28	0.01103	0.00735	0.00827	0.00827	0.00827	0.00735	0.00460	0.01103	0.01103	0.01471	0.02390	0.04964	0.02758	0.73343	0.03861	0.00735	0.00735	0.01103	0.00460	0.00460
29	0.01054	0.00750	0.01017	0.01185	0.01280	0.00726	0.00904	0.01268	0.01556	0.02051	0.04032	0.43554	0.04648	0.05488	0.01132	0.00344	0.00559	0.27116	0.00691	0.00643
30	0.01973	0.02009	0.02673	0.21442	0.37659	0.13505	0.02081	0.05373	0.01832	0.02341	0.01382	0.01825	0.01118	0.00727	0.00742	0.00227	0.01006	0.00644	0.00386	0.01057
31	0.78701	0.01467	0.01115	0.00997	0.01467	0.01702	0.00821	0.02230	0.01291	0.03403	0.01056	0.01232	0.00821	0.00704	0.00469	0.00235	0.00587	0.00411	0.00469	0.00821
32	0.02068	0.01554	0.01702	0.01511	0.01952	0.01742	0.01190	0.03890	0.55831	0.12143	0.03110	0.03017	0.02335	0.01058	0.00781	0.00258	0.00610	0.03262	0.00792	0.01194
33	0.01084	0.00813	0.01219	0.01219	0.01354	0.00948	0.00948	0.01354	0.01219	0.01761	0.02032	0.02980	0.01896	0.05689	0.70337	0.01219	0.02032	0.00813	0.00406	0.00677
34	0.01277	0.00958	0.01241	0.01360	0.01553	0.00992	0.01126	0.01880	0.12366	0.02357	0.03894	0.19122	0.04148	0.01972	0.00988	0.00327	0.00636	0.42325	0.00711	0.00766
35	0.03262	0.01260	0.01715	0.01326	0.01888	0.01091	0.01091	0.03560	0.02170	0.65144	0.06932	0.02768	0.02196	0.00976	0.00771	0.00235	0.00628	0.00800	0.00933	0.01256
36	0.02883	0.02125	0.02276	0.01745	0.02352	0.02352	0.01442	0.66082	0.03566	0.04780	0.01821	0.01821	0.01290	0.00911	0.00759	0.00228	0.00835	0.00683	0.00759	0.01290
37	0.03079	0.06516	0.02007	0.01444	0.02006	0.05280	0.01191	0.16822	0.02385	0.44485	0.02487	0.02351	0.01675	0.03686	0.00858	0.00245	0.00740	0.00719	0.00810	0.01215
38	0.01084	0.00813	0.01219	0.01219	0.01354	0.00948	0.00948	0.01354	0.01219	0.01761	0.02032	0.02980	0.01896	0.05689	0.70337	0.01219	0.02032	0.00813	0.00406	0.00677
39	0.00924	0.00660	0.00880	0.01056	0.01100	0.00616	0.00704	0.01056	0.01452	0.01936	0.04181	0.72848	0.05017	0.02376	0.00968	0.00308	0.00440	0.02156	0.00704	0.00616
40	0.02108	0.09768	0.18178	0.08999	0.02737	0.22868	0.01801	0.08486	0.06163	0.02378	0.03490	0.01767	0.01286	0.00842	0.00827	0.00227	0.06053	0.00598	0.00431	0.00992
41	0.02066	0.70468	0.03888	0.01329	0.01966	0.06196	0.01306	0.02307	0.01570	0.01788	0.01060	0.01224	0.00974	0.00655	0.00496	0.00164	0.00838	0.00410	0.00328	0.00969

[dist]
# distance from previous block
# <min> <max>
0	6

[block]
# block no. 5 follows, 26 sequences, length 51
# corresponding to MSA columns:
# 284-334
name=unknown_F
#
# <colnr> <probs for GDERKNQSTAVLIFYWHMCP>
#	G	D	E	R	K	N	Q	S	T	A	V	L	I	F	Y	W	H	M	C	P
0	0.01009	0.00773	0.00924	0.00886	0.01093	0.00688	0.00665	0.01305	0.01994	0.02677	0.45985	0.06266	0.29610	0.01687	0.00895	0.00245	0.00368	0.01456	0.00787	0.00688
1	0.02799	0.02008	0.02164	0.01677	0.02257	0.02211	0.01379	0.57861	0.06450	0.07382	0.01958	0.01942	0.01390	0.00916	0.00750	0.00227	0.00796	0.00696	0.03875	0.01262
2	0.02777	0.01845	0.07682	0.01582	0.02189	0.01713	0.01379	0.23278	0.15545	0.30040	0.02504	0.02308	0.01702	0.00929	0.00760	0.00237	0.00736	0.00739	0.00796	0.01258
3	0.01340	0.00831	0.01096	0.01004	0.01226	0.00759	0.00762	0.01682	0.02125	0.10719	0.58262	0.07755	0.06462	0.01509	0.00882	0.00241	0.00394	0.01329	0.00842	0.00779
4	0.01051	0.00770	0.00986	0.00943	0.01122	0.00705	0.00703	0.01385	0.02080	0.02906	0.60062	0.08800	0.12414	0.01620	0.00898	0.00243	0.00364	0.01427	0.00818	0.00705
5	0.02749	0.02154	0.06360	0.01870	0.05321	0.02204	0.01537	0.53507	0.05606	0.08174	0.01889	0.01891	0.01337	0.00894	0.00757	0.00230	0.00836	0.00686	0.00726	0.01272
6	0.01577	0.01481	0.01605	0.16027	0.02322	0.12079	0.01238	0.07348	0.01830	0.02309	0.11754	0.24377	0.03193	0.03580	0.01036	0.00276	0.05396	0.01215	0.00570	0.00787
7	0.00965	0.00696	0.00897	0.01043	0.01113	0.00652	0.00720	0.01111	0.01473	0.01936	0.04310	0.55341	0.10198	0.08524	0.01223	0.00345	0.00485	0.07676	0.00682	0.00612
8	0.01573	0.01348	0.01573	0.01123	0.01798	0.01011	0.00899	0.01910	0.01573	0.02472	0.01348	0.01573	0.01123	0.00562	0.00562	0.00112	0.00562	0.00449	0.00449	0.77980
9	0.02642	0.01880	0.06849	0.01688	0.04546	0.01770	0.01400	0.31113	0.07510	0.20836	0.02203	0.04162	0.01588	0.00919	0.00747	0.00225	0.00756	0.00732	0.00734	0.07698
10	0.03304	0.01313	0.01757	0.01362	0.01939	0.01165	0.01120	0.03718	0.06425	0.64825	0.02999	0.02598	0.01906	0.00945	0.00763	0.00236	0.00642	0.00769	0.00928	0.01285
11	0.02060	0.71129	0.03911	0.01315	0.01962	0.02977	0.01303	0.04648	0.01617	0.01896	0.01083	0.01239	0.00985	0.00659	0.00497	0.00165	0.00812	0.00416	0.00341	0.00985
12	0.01066	0.00720	0.00838	0.00875	0.00884	0.00710	0.00511	0.01093	0.01176	0.01568	0.02765	0.19171	0.03230	0.58491	0.03255	0.00646	0.00674	0.01323	0.00511	0.00492
13	0.01092	0.00780	0.01055	0.01055	0.01134	0.00859	0.00743	0.01249	0.01170	0.01639	0.02182	0.03811	0.02257	0.34035	0.42485	0.01016	0.01489	0.00934	0.00429	0.00586
14	0.00969	0.00736	0.00892	0.00927	0.01088	0.00660	0.00667	0.01201	0.01791	0.02369	0.28281	0.27632	0.26170	0.01933	0.00919	0.00266	0.00393	0.01696	0.00751	0.00660
15	0.00982	0.00772	0.00887	0.00858	0.01077	0.00677	0.00644	0.01254	0.01931	0.02529	0.36961	0.06509	0.38727	0.01742	0.00896	0.00248	0.00371	0.01490	0.00768	0.00677
16	0.01521	0.03923	0.69413	0.02162	0.03283	0.01762	0.02802	0.02402	0.01601	0.02402	0.01361	0.01601	0.00961	0.00721	0.00721	0.00240	0.01121	0.00560	0.00320	0.01121
17	0.01877	0.01802	0.03079	0.04656	0.68612	0.01802	0.02328	0.02328	0.01727	0.02478	0.01427	0.01877	0.01201	0.00676	0.00751	0.00225	0.00901	0.00676	0.00375	0.01201
18	0.02025	0.01647	0.01970	0.01447	0.02104	0.01511	0.04675	0.23473	0.02254	0.03244	0.01517	0.01682	0.01181	0.00683	0.00646	0.00159	0.00693	0.00552	0.00550	0.47987
19	0.23095	0.01915	0.01946	0.01530	0.02099	0.02128	0.01263	0.46516	0.02903	0.07057	0.01665	0.01695	0.01189	0.00857	0.00682	0.00230	0.00761	0.00614	0.00689	0.01165
20	0.00999	0.00827	0.00869	0.00856	0.01096	0.00744	0.00634	0.01338	0.06553	0.02193	0.12820	0.08803	0.51826	0.05786	0.01053	0.00283	0.00419	0.01514	0.00708	0.00678
21	0.02810	0.02088	0.02235	0.01730	0.02324	0.02318	0.01424	0.61510	0.08258	0.04662	0.01914	0.01895	0.01365	0.00919	0.00760	0.00230	0.00817	0.00696	0.00760	0.01283
22	0.01192	0.00826	0.01081	0.01068	0.01268	0.00749	0.00805	0.01479	0.01850	0.05413	0.33496	0.24907	0.05455	0.01741	0.00899	0.00260	0.00452	0.08836	0.00752	0.07473
23	0.01757	0.01973	0.04194	0.08165	0.03948	0.01923	0.57607	0.02360	0.01735	0.02360	0.01491	0.02023	0.01132	0.00686	0.00973	0.00260	0.05169	0.00866	0.00377	0.00999
24	0.02704	0.03406	0.02066	0.01880	0.02256	0.65171	0.01410	0.02911	0.02149	0.01944	0.06112	0.01685	0.01432	0.00838	0.00699	0.00199	0.01293	0.00554	0.00424	0.00867
25	0.02036	0.01616	0.01741	0.01517	0.01981	0.01806	0.01190	0.07319	0.55200	0.08083	0.02912	0.02685	0.02159	0.00989	0.00759	0.00246	0.00614	0.00818	0.00765	0.05565
26	0.02988	0.01543	0.01866	0.01476	0.02036	0.01543	0.01205	0.17651	0.15317	0.41798	0.02750	0.02461	0.01833	0.00950	0.00764	0.00238	0.00679	0.00764	0.00866	0.01273
27	0.00924	0.00660	0.00880	0.01056	0.01100	0.00616	0.00704	0.01056	0.01452	0.01936	0.04181	0.72848	0.05017	0.02376	0.00968	0.00308	0.00440	0.02156	0.00704	0.00616
28	0.01098	0.00757	0.00937	0.00937	0.00975	0.00795	0.00596	0.01173	0.01136	0.01552	0.02290	0.04408	0.02516	0.54387	0.22486	0.00871	0.01099	0.01022	0.00445	0.00521
29	0.01709	0.01429	0.01646	0.01188	0.01855	0.01151	0.00955	0.08595	0.01781	0.02712	0.01397	0.01599	0.01141	0.00598	0.00582	0.00124	0.00590	0.00474	0.00482	0.69991
30	0.01113	0.00796	0.00957	0.00904	0.01129	0.00706	0.00682	0.01407	0.01995	0.05636	0.43061	0.06128	0.29379	0.01659	0.00889	0.00245	0.00380	0.01429	0.00792	0.00714
31	0.01194	0.00880	0.01168	0.01299	0.01488	0.00872	0.01104	0.01594	0.04570	0.02300	0.06992	0.11064	0.11583	0.02021	0.01009	0.00328	0.00633	0.48482	0.00708	0.00710
32	0.02914	0.01216	0.01624	0.01297	0.01799	0.01085	0.01051	0.03311	0.05737	0.54130	0.11397	0.06019	0.02713	0.01084	0.00789	0.00240	0.00597	0.00906	0.00906	0.01183
33	0.01659	0.01659	0.02323	0.01991	0.01991	0.02323	0.01659	0.01825	0.01162	0.01825	0.00996	0.01659	0.00996	0.01328	0.02489	0.00332	0.71955	0.00664	0.00332	0.00830
34	0.01083	0.00773	0.01062	0.01237	0.01351	0.00753	0.00980	0.01330	0.01609	0.02114	0.04093	0.38644	0.04670	0.02227	0.01010	0.00330	0.00578	0.34795	0.00701	0.00660
35	0.01453	0.01388	0.02400	0.67647	0.05153	0.01698	0.05721	0.01966	0.01532	0.01966	0.01359	0.02024	0.01019	0.00752	0.00766	0.00253	0.01026	0.00687	0.00340	0.00853
36	0.01958	0.01473	0.01625	0.01440	0.01854	0.01635	0.01125	0.03638	0.50619	0.11049	0.11915	0.03185	0.02920	0.01089	0.00787	0.00252	0.00573	0.00916	0.00800	0.01146
37	0.01074	0.00775	0.01014	0.00954	0.01133	0.00716	0.00716	0.01431	0.02147	0.03042	0.68211	0.05666	0.07157	0.01551	0.00895	0.00239	0.00358	0.01372	0.00835	0.00716
38	0.01521	0.03923	0.69413	0.02162	0.03283	0.01762	0.02802	0.02402	0.01601	0.02402	0.01361	0.01601	0.00961	0.00721	0.00721	0.00240	0.01121	0.00560	0.00320	0.01121
39	0.03403	0.01291	0.01760	0.01350	0.01936	0.01115	0.01115	0.03697	0.02171	0.69137	0.02992	0.02582	0.01878	0.00939	0.00763	0.00235	0.00645	0.00763	0.00939	0.01291
40	0.01210	0.00864	0.01208	0.01383	0.01552	0.00863	0.01201	0.01550	0.01734	0.02256	0.04023	0.11197	0.04392	0.02107	0.01044	0.00348	0.00688	0.60986	0.00699	0.00695
41	0.00924	0.00660	0.00880	0.01056	0.01100	0.00616	0.00704	0.01056	0.01452	0.01936	0.04181	0.72848	0.05017	0.02376	0.00968	0.00308	0.00440	0.02156	0.00704	0.00616
42	0.01103	0.00735	0.00827	0.00827	0.00827	0.00735	0.00460	0.01103	0.01103	0.01471	0.02390	0.04964	0.02758	0.73343	0.03861	0.00735	0.00735	0.01103	0.00460	0.00460
43	0.03208	0.01290	0.01728	0.01338	0.01896	0.01141	0.01100	0.06307	0.02231	0.61401	0.07746	0.02775	0.02240	0.00983	0.00772	0.00235	0.00633	0.00804	0.00923	0.01248
44	0.00924	0.00660	0.00880	0.01056	0.01100	0.00616	0.00704	0.01056	0.01452	0.01936	0.04181	0.72848	0.05017	0.02376	0.00968	0.00308	0.00440	0.02156	0.00704	0.00616
45	0.00924	0.00660	0.00880	0.01056	0.01100	0.00616	0.00704	0.01056	0.01452	0.01936	0.04181	0.72848	0.05017	0.02376	0.00968	0.00308	0.00440	0.02156	0.00704	0.00616
46	0.08861	0.03038	0.41007	0.01998	0.02892	0.01846	0.06892	0.13299	0.05020	0.05792	0.01575	0.01737	0.01121	0.00769	0.00721	0.00239	0.00991	0.00615	0.00460	0.01126
47	0.01890	0.01434	0.01871	0.01354	0.02022	0.01161	0.06377	0.05060	0.01759	0.11309	0.01600	0.01756	0.01232	0.00633	0.00625	0.00146	0.00645	0.00538	0.00522	0.58069
48	0.01719	0.01439	0.02295	0.40823	0.17764	0.01559	0.01886	0.02170	0.01627	0.08014	0.01509	0.01974	0.01144	0.00727	0.00728	0.00224	0.00889	0.00649	0.00415	0.12446
49	0.05411	0.01866	0.01700	0.12636	0.02265	0.22392	0.01277	0.02009	0.01726	0.02094	0.10897	0.06818	0.08971	0.01376	0.03142	0.03623	0.09660	0.00878	0.00485	0.00774
50	0.05503	0.05089	0.16195	0.01713	0.02363	0.01855	0.05191	0.20679	0.14420	0.05689	0.02009	0.05176	0.01583	0.02688	0.00809	0.00243	0.00817	0.00741	0.00592	0.06645

[dist]
# distance from previous block
# <min> <max>
0	3

[block]
# block no. 6 follows, 26 sequences, length 70
# corresponding to MSA columns:
# 338-407
name=unknown_G
#
# <colnr> <probs for GDERKNQSTAVLIFYWHMCP>
#	G	D	E	R	K	N	Q	S	T	A	V	L	I	F	Y	W	H	M	C	P
0	0.02112	0.01505	0.01724	0.01348	0.01901	0.01440	0.01091	0.20217	0.08272	0.11045	0.07434	0.02613	0.03996	0.00919	0.00713	0.00195	0.00635	0.02841	0.00670	0.29331
1	0.29656	0.02484	0.01763	0.05138	0.02152	0.32654	0.01247	0.06898	0.06938	0.02704	0.01331	0.01496	0.01047	0.00780	0.00623	0.00219	0.00978	0.00512	0.00470	0.00909
2	0.07035	0.03586	0.01429	0.01134	0.01558	0.01249	0.00916	0.15431	0.02188	0.16757	0.07029	0.04502	0.31432	0.01368	0.00798	0.00241	0.00560	0.01107	0.00742	0.00938
3	0.01818	0.01398	0.01676	0.01315	0.04293	0.01134	0.01004	0.04284	0.04741	0.09021	0.01606	0.01748	0.01260	0.00635	0.00604	0.00139	0.00593	0.00514	0.00519	0.61697
4	0.01573	0.01348	0.01573	0.01123	0.01798	0.01011	0.00899	0.01910	0.01573	0.02472	0.01348	0.01573	0.01123	0.00562	0.00562	0.00112	0.00562	0.00449	0.00449	0.77980
5	0.01675	0.01639	0.02577	0.42253	0.29438	0.05250	0.02159	0.02144	0.01630	0.02141	0.01369	0.01933	0.01083	0.00728	0.00752	0.00239	0.00987	0.00665	0.00355	0.00982
6	0.01074	0.00775	0.01014	0.00954	0.01133	0.00716	0.00716	0.01431	0.02147	0.03042	0.68211	0.05666	0.07157	0.01551	0.00895	0.00239	0.00358	0.01372	0.00835	0.00716
7	0.00931	0.00665	0.00886	0.01051	0.01102	0.00621	0.00705	0.01074	0.01484	0.01987	0.07145	0.69738	0.05116	0.02338	0.00965	0.00305	0.00436	0.02120	0.00710	0.00621
8	0.02833	0.03615	0.02149	0.01954	0.02345	0.70298	0.01466	0.03029	0.02149	0.01856	0.01172	0.01368	0.00977	0.00782	0.00684	0.00195	0.01368	0.00489	0.00391	0.00879
9	0.01192	0.00860	0.01179	0.01328	0.01508	0.00848	0.01148	0.01531	0.01770	0.02304	0.08281	0.08292	0.08730	0.02050	0.01028	0.00336	0.00657	0.55554	0.00707	0.00696
10	0.01398	0.01145	0.01325	0.01423	0.01648	0.05542	0.01205	0.01961	0.10216	0.02349	0.03882	0.07288	0.06883	0.01864	0.00981	0.00323	0.00715	0.48390	0.00688	0.00772
11	0.01432	0.01348	0.02275	0.71520	0.05224	0.01685	0.02107	0.01938	0.01517	0.01938	0.01348	0.02022	0.01011	0.00758	0.00758	0.00253	0.01011	0.00674	0.00337	0.00843
12	0.01985	0.01436	0.01589	0.01372	0.01797	0.01530	0.01073	0.10273	0.33976	0.11791	0.06349	0.05567	0.09264	0.03599	0.00889	0.00261	0.00597	0.00957	0.00759	0.04939
