[name]
unknown

[dist]
# distance from previous block
# <min> <max>
0	45

[block]
# block no. 0 follows, 24 sequences, length 25
# corresponding to MSA columns:
# 47-71
name=unknown_A
#
# <colnr> <probs for GDERKNQSTAVLIFYWHMCP>
#	G	D	E	R	K	N	Q	S	T	A	V	L	I	F	Y	W	H	M	C	P
0	0.04777	0.04336	0.02190	0.02036	0.10676	0.01894	0.01480	0.28805	0.06984	0.11604	0.02475	0.05910	0.02090	0.01160	0.00827	0.00261	0.00794	0.09790	0.00727	0.01183
1	0.10338	0.01863	0.09700	0.03325	0.04816	0.01658	0.05271	0.19005	0.02255	0.10969	0.01981	0.02164	0.01457	0.01042	0.03208	0.00267	0.00831	0.00692	0.15315	0.03843
2	0.10462	0.05266	0.10655	0.01595	0.02206	0.01927	0.01445	0.26345	0.08993	0.09036	0.02132	0.06308	0.01671	0.00987	0.00738	0.00240	0.00779	0.00768	0.05018	0.03429
3	0.01448	0.01359	0.05507	0.01308	0.01682	0.01262	0.01076	0.02438	0.23331	0.02806	0.18746	0.08008	0.11540	0.01841	0.07796	0.00357	0.00713	0.01141	0.00715	0.06928
4	0.02061	0.04484	0.05956	0.01495	0.02010	0.01810	0.01274	0.26675	0.15828	0.03582	0.07874	0.03701	0.17376	0.01248	0.00826	0.00250	0.00695	0.01007	0.00742	0.01106
5	0.01556	0.01522	0.05969	0.01624	0.01947	0.01525	0.05948	0.05839	0.08228	0.02499	0.08620	0.10929	0.06270	0.06114	0.06927	0.00387	0.15643	0.01055	0.00566	0.06832
6	0.01032	0.00993	0.05084	0.01063	0.01294	0.00783	0.00834	0.01330	0.04210	0.02158	0.05764	0.36191	0.32158	0.02110	0.00955	0.00291	0.00485	0.01839	0.00714	0.00712
7	0.02483	0.06086	0.02296	0.01790	0.02273	0.18659	0.07684	0.09192	0.16512	0.13013	0.02216	0.02497	0.01740	0.08692	0.01131	0.00295	0.00961	0.00772	0.00630	0.01078
8	0.00999	0.00714	0.00958	0.01142	0.01203	0.00673	0.00794	0.01162	0.01551	0.02062	0.04352	0.64911	0.05172	0.02453	0.01021	0.00327	0.00489	0.08629	0.00735	0.00653
9	0.01886	0.01552	0.01774	0.01289	0.01981	0.01304	0.01040	0.13018	0.02012	0.03009	0.01497	0.01690	0.01205	0.00652	0.00624	0.00139	0.00638	0.00513	0.00527	0.63652
10	0.01633	0.01639	0.02803	0.05656	0.02709	0.01911	0.20546	0.02076	0.04405	0.02175	0.01792	0.09470	0.01695	0.01706	0.08514	0.00407	0.28564	0.00958	0.00434	0.00907
11	0.01384	0.00730	0.01110	0.04992	0.01286	0.00750	0.00775	0.01090	0.01065	0.01415	0.01379	0.02394	0.01359	0.02643	0.02967	0.72542	0.00710	0.00690	0.00345	0.00375
12	0.01756	0.28040	0.29561	0.05945	0.02712	0.04723	0.01968	0.02305	0.01725	0.02271	0.07395	0.02195	0.04582	0.00865	0.00691	0.00222	0.00953	0.00657	0.00406	0.01029
13	0.41692	0.01741	0.01506	0.01284	0.01756	0.06435	0.01037	0.17792	0.02112	0.03731	0.07830	0.02009	0.01713	0.00894	0.00629	0.00237	0.00696	0.00624	0.05316	0.00967
14	0.62782	0.01659	0.01368	0.04444	0.01834	0.05263	0.01002	0.04824	0.01555	0.07417	0.01280	0.01445	0.00964	0.00766	0.00547	0.00244	0.00691	0.00480	0.00522	0.00912
15	0.02373	0.06433	0.05677	0.02675	0.23085	0.05518	0.01749	0.24149	0.04930	0.05396	0.01820	0.02018	0.01393	0.00843	0.00744	0.00228	0.00871	0.00689	0.08205	0.01203
16	0.01415	0.01278	0.02116	0.57592	0.04670	0.01559	0.01933	0.01855	0.01556	0.02003	0.01845	0.12369	0.01686	0.01111	0.00907	0.02981	0.00956	0.00933	0.00409	0.00827
17	0.06668	0.01856	0.02781	0.19437	0.40272	0.04473	0.02162	0.08144	0.01922	0.02718	0.01477	0.01930	0.01185	0.00756	0.00767	0.00242	0.00961	0.00682	0.00427	0.01140
18	0.00971	0.00805	0.00850	0.00839	0.01092	0.00684	0.00629	0.01204	0.01888	0.02333	0.18812	0.07318	0.55966	0.01937	0.00937	0.00264	0.00397	0.01630	0.00761	0.00684
19	0.01498	0.01409	0.02378	0.70226	0.05462	0.01762	0.02202	0.02026	0.01586	0.02026	0.01409	0.02114	0.01057	0.00793	0.00793	0.00264	0.01057	0.00705	0.00352	0.00881
20	0.01152	0.00774	0.00893	0.00893	0.00903	0.00784	0.00516	0.01171	0.01162	0.01559	0.02473	0.05046	0.02821	0.67548	0.08534	0.00804	0.00863	0.01132	0.00477	0.00496
21	0.00977	0.00765	0.00888	0.00960	0.01134	0.00676	0.00693	0.01175	0.01734	0.02192	0.11295	0.31902	0.36008	0.02165	0.00972	0.00291	0.00435	0.04321	0.00747	0.00669
22	0.01181	0.00889	0.01364	0.01316	0.01484	0.01012	0.03258	0.01484	0.01320	0.01936	0.02134	0.03070	0.01957	0.05443	0.62260	0.01170	0.01986	0.00846	0.05166	0.00723
23	0.00966	0.00690	0.00920	0.01104	0.01150	0.00644	0.00736	0.01104	0.01518	0.02024	0.04371	0.71614	0.05245	0.02484	0.01012	0.00322	0.00460	0.02254	0.00736	0.00644
24	0.07199	0.01156	0.01399	0.01207	0.01568	0.01136	0.00948	0.05559	0.09056	0.18852	0.36868	0.04309	0.04848	0.01314	0.00850	0.00250	0.00515	0.01118	0.00862	0.00985

[dist]
# distance from previous block
# <min> <max>
0	4

[block]
# block no. 1 follows, 24 sequences, length 8
# corresponding to MSA columns:
# 76-83
name=unknown_B
#
# <colnr> <probs for GDERKNQSTAVLIFYWHMCP>
#	G	D	E	R	K	N	Q	S	T	A	V	L	I	F	Y	W	H	M	C	P
0	0.13671	0.21148	0.02561	0.01683	0.02185	0.38215	0.01368	0.02880	0.01953	0.05937	0.01285	0.01441	0.01051	0.00779	0.00634	0.00204	0.01117	0.00493	0.00435	0.00961
1	0.05748	0.07100	0.01970	0.07363	0.02210	0.17552	0.04608	0.06901	0.01930	0.02484	0.04337	0.17984	0.02335	0.01206	0.00766	0.00235	0.00857	0.01004	0.06978	0.06434
2	0.02331	0.07364	0.01971	0.01576	0.02012	0.19675	0.01241	0.08527	0.25509	0.05989	0.02318	0.02325	0.01770	0.00938	0.00718	0.00227	0.00839	0.00713	0.12881	0.01078
3	0.03014	0.02221	0.02380	0.01825	0.02459	0.02459	0.01507	0.64541	0.03728	0.04998	0.01904	0.01904	0.01349	0.00952	0.00793	0.00238	0.00873	0.00714	0.00793	0.01349
4	0.01153	0.00769	0.00865	0.00865	0.00865	0.00769	0.00480	0.01153	0.01153	0.01538	0.02499	0.05189	0.02883	0.72131	0.04036	0.00769	0.00769	0.01153	0.00480	0.00480
5	0.01960	0.01957	0.02837	0.34815	0.14008	0.09763	0.11419	0.09056	0.01971	0.02501	0.01483	0.01992	0.01137	0.00781	0.00804	0.00250	0.01105	0.00718	0.00420	0.01022
6	0.01028	0.00760	0.00961	0.01010	0.01152	0.00692	0.00720	0.01276	0.01873	0.02534	0.31465	0.33397	0.16128	0.02041	0.00967	0.00282	0.00414	0.01812	0.00794	0.00692
7	0.02233	0.01743	0.01873	0.01625	0.02111	0.01973	0.01281	0.12071	0.52669	0.08588	0.03047	0.02800	0.02245	0.01052	0.00804	0.00263	0.00663	0.00865	0.00819	0.01275

[dist]
# distance from previous block
# <min> <max>
4	7

[block]
# block no. 2 follows, 24 sequences, length 115
# corresponding to MSA columns:
# 91-205
name=unknown_C
#
# <colnr> <probs for GDERKNQSTAVLIFYWHMCP>
#	G	D	E	R	K	N	Q	S	T	A	V	L	I	F	Y	W	H	M	C	P
0	0.02070	0.01779	0.02630	0.06664	0.05941	0.01694	0.15699	0.15462	0.04511	0.05364	0.01689	0.01944	0.01287	0.00734	0.00749	0.00203	0.00872	0.00682	0.00541	0.29485
1	0.01670	0.00951	0.01293	0.01272	0.01532	0.00889	0.01039	0.02006	0.02024	0.16027	0.23938	0.12133	0.05019	0.01786	0.00976	0.00300	0.00582	0.24882	0.00828	0.00856
2	0.01037	0.00833	0.00928	0.00910	0.01148	0.00742	0.00680	0.01365	0.04280	0.02516	0.26732	0.09931	0.42330	0.01871	0.00935	0.00264	0.00404	0.01595	0.00783	0.00715
3	0.01644	0.01409	0.01644	0.01175	0.01879	0.01057	0.00940	0.01997	0.01644	0.02584	0.01409	0.01644	0.01175	0.00587	0.00587	0.00117	0.00587	0.00470	0.00470	0.76979
4	0.00966	0.00690	0.00920	0.01104	0.01150	0.00644	0.00736	0.01104	0.01518	0.02024	0.04371	0.71614	0.05245	0.02484	0.01012	0.00322	0.00460	0.02254	0.00736	0.00644
5	0.01145	0.00802	0.01032	0.01032	0.01090	0.00860	0.00689	0.01261	0.01203	0.01662	0.02345	0.04341	0.02515	0.45070	0.30595	0.00976	0.01323	0.01029	0.00458	0.00574
6	0.00966	0.00690	0.00920	0.01104	0.01150	0.00644	0.00736	0.01104	0.01518	0.02024	0.04371	0.71614	0.05245	0.02484	0.01012	0.00322	0.00460	0.02254	0.00736	0.00644
7	0.77733	0.01534	0.01166	0.01043	0.01534	0.01779	0.00859	0.02331	0.01350	0.03558	0.01104	0.01288	0.00859	0.00736	0.00491	0.00245	0.00613	0.00429	0.00491	0.00859
8	0.03558	0.01350	0.01840	0.01411	0.02024	0.01166	0.01166	0.03865	0.02270	0.67734	0.03128	0.02699	0.01963	0.00981	0.00797	0.00245	0.00675	0.00797	0.00981	0.01350
9	0.02120	0.72609	0.04155	0.01357	0.02035	0.03138	0.01357	0.02374	0.01611	0.01866	0.01102	0.01272	0.01018	0.00678	0.00509	0.00170	0.00848	0.00424	0.00339	0.01018
10	0.00988	0.00707	0.00939	0.01089	0.01155	0.00658	0.00738	0.01158	0.01618	0.02184	0.12982	0.62547	0.05554	0.02365	0.01002	0.00312	0.00448	0.02141	0.00755	0.00658
11	0.01076	0.00740	0.00907	0.00983	0.01009	0.00728	0.00610	0.01146	0.01309	0.01752	0.03247	0.32306	0.03807	0.40382	0.05949	0.00610	0.00708	0.01590	0.00583	0.00559
12	0.02937	0.02103	0.02281	0.01769	0.02373	0.02307	0.01452	0.58485	0.03548	0.07814	0.02086	0.05444	0.01573	0.01030	0.00804	0.00243	0.00843	0.00795	0.00799	0.01313
13	0.02644	0.10160	0.05961	0.02444	0.13493	0.40600	0.01737	0.09352	0.02235	0.02393	0.01340	0.01567	0.01094	0.00795	0.00717	0.00212	0.01217	0.00561	0.00435	0.01044
14	0.01972	0.01703	0.01793	0.01614	0.02062	0.01972	0.01255	0.04214	0.65752	0.03317	0.03228	0.02959	0.02421	0.01076	0.00807	0.00269	0.00628	0.00897	0.00807	0.01255
15	0.07301	0.57311	0.05868	0.01437	0.02098	0.07647	0.01395	0.05371	0.01741	0.02155	0.01160	0.01328	0.01022	0.00708	0.00544	0.00183	0.00886	0.00450	0.00376	0.01021
16	0.01072	0.00867	0.00961	0.00926	0.01178	0.00785	0.00698	0.01472	0.06272	0.02587	0.28416	0.06714	0.41585	0.01809	0.00928	0.00261	0.00407	0.01537	0.00789	0.00737
17	0.01498	0.01409	0.02378	0.70226	0.05462	0.01762	0.02202	0.02026	0.01586	0.02026	0.01409	0.02114	0.01057	0.00793	0.00793	0.00264	0.01057	0.00705	0.00352	0.00881
18	0.05726	0.01578	0.01652	0.01481	0.01906	0.01786	0.01154	0.06730	0.49162	0.03303	0.08080	0.03440	0.08242	0.01173	0.00811	0.00265	0.00601	0.00970	0.00789	0.01152
19	0.01590	0.04102	0.68023	0.02260	0.03432	0.01842	0.02930	0.02511	0.01674	0.02511	0.01423	0.01674	0.01005	0.00753	0.00753	0.00251	0.01172	0.00586	0.00335	0.01172
20	0.02962	0.03779	0.02247	0.02043	0.02451	0.68948	0.01532	0.03166	0.02247	0.01941	0.01226	0.01430	0.01021	0.00817	0.00715	0.00204	0.01430	0.00511	0.00409	0.00919
21	0.01758	0.01803	0.02810	0.02295	0.02431	0.02357	0.12324	0.02015	0.01326	0.02015	0.01136	0.01803	0.01068	0.01266	0.02320	0.00334	0.58945	0.00735	0.00356	0.00902
22	0.01644	0.01409	0.01644	0.01175	0.01879	0.01057	0.00940	0.01997	0.01644	0.02584	0.01409	0.01644	0.01175	0.00587	0.00587	0.00117	0.00587	0.00470	0.00470	0.76979
23	0.01520	0.01433	0.02419	0.67034	0.08476	0.01768	0.02214	0.02046	0.01596	0.02054	0.01413	0.02107	0.01067	0.00789	0.00792	0.00263	0.01051	0.00705	0.00354	0.00899
24	0.01334	0.01172	0.01585	0.01482	0.01663	0.05722	0.04101	0.01623	0.01364	0.01886	0.01962	0.02857	0.01813	0.05025	0.56412	0.01088	0.06923	0.00820	0.00417	0.00751
25	0.01735	0.01735	0.02429	0.02082	0.02082	0.02429	0.01735	0.01908	0.01214	0.01908	0.01041	0.01735	0.01041	0.01388	0.02602	0.00347	0.70680	0.00694	0.00347	0.00867
26	0.07032	0.01376	0.01806	0.01404	0.02003	0.01236	0.01155	0.03809	0.05453	0.61383	0.03036	0.02645	0.01933	0.00975	0.00783	0.00247	0.00669	0.00785	0.00949	0.01321
27	0.01914	0.01835	0.03131	0.11668	0.60762	0.01871	0.02410	0.02391	0.01783	0.02532	0.01483	0.01978	0.01235	0.00716	0.00786	0.00239	0.00954	0.00706	0.00388	0.01217
28	0.01151	0.00777	0.00906	0.00906	0.00920	0.00791	0.00531	0.01179	0.01165	0.01568	0.02461	0.04983	0.02793	0.65535	0.10510	0.00819	0.00904	0.01123	0.00475	0.00503
29	0.06480	0.01416	0.01850	0.01424	0.02034	0.01277	0.01176	0.07893	0.02331	0.60945	0.02965	0.02589	0.01877	0.00970	0.00785	0.00245	0.00686	0.00777	0.00949	0.01330
30	0.01944	0.01865	0.03185	0.07475	0.64723	0.01879	0.02424	0.02417	0.01797	0.02568	0.01488	0.01969	0.01248	0.00710	0.00785	0.00237	0.00947	0.00706	0.00391	0.01241
31	0.01892	0.01812	0.03091	0.14806	0.57799	0.01866	0.02398	0.02372	0.01772	0.02505	0.01479	0.01986	0.01226	0.00720	0.00786	0.00240	0.00960	0.00706	0.00386	0.01199
32	0.72601	0.01707	0.05672	0.01125	0.01662	0.01783	0.00998	0.02343	0.01371	0.03487	0.01126	0.01314	0.00869	0.00737	0.00508	0.00246	0.00651	0.00440	0.00480	0.00880
33	0.00973	0.00693	0.00918	0.01096	0.01140	0.00649	0.00727	0.01106	0.01505	0.02007	0.04304	0.69234	0.05160	0.04980	0.01121	0.00338	0.00471	0.02215	0.00727	0.00638
34	0.03558	0.01350	0.01840	0.01411	0.02024	0.01166	0.01166	0.03865	0.02270	0.67734	0.03128	0.02699	0.01963	0.00981	0.00797	0.00245	0.00675	0.00797	0.00981	0.01350
35	0.01972	0.01703	0.01793	0.01614	0.02062	0.01972	0.01255	0.04214	0.65752	0.03317	0.03228	0.02959	0.02421	0.01076	0.00807	0.00269	0.00628	0.00897	0.00807	0.01255
36	0.01963	0.01884	0.03219	0.04867	0.67185	0.01884	0.02434	0.02434	0.01806	0.02591	0.01492	0.01963	0.01256	0.00707	0.00785	0.00236	0.00942	0.00707	0.00393	0.01256
37	0.00961	0.00740	0.00879	0.00980	0.01120	0.00658	0.00683	0.01133	0.01661	0.02116	0.08231	0.43650	0.29824	0.02262	0.00979	0.00298	0.00434	0.01992	0.00741	0.00658
38	0.01690	0.01496	0.02101	0.06713	0.11726	0.04080	0.03921	0.02091	0.04092	0.05775	0.20420	0.03373	0.06226	0.01263	0.01365	0.00277	0.20913	0.00971	0.00576	0.00930
39	0.01153	0.00769	0.00865	0.00865	0.00865	0.00769	0.00480	0.01153	0.01153	0.01538	0.02499	0.05189	0.02883	0.72131	0.04036	0.00769	0.00769	0.01153	0.00480	0.00480
40	0.02945	0.02180	0.02342	0.01791	0.02430	0.02388	0.01478	0.61352	0.03622	0.04875	0.01879	0.01891	0.01340	0.00933	0.00783	0.00232	0.00858	0.00701	0.00777	0.05205
41	0.02824	0.02132	0.02394	0.01816	0.02465	0.02293	0.03952	0.55459	0.03434	0.04645	0.01840	0.01886	0.01324	0.00902	0.00777	0.00226	0.00861	0.00697	0.00743	0.09329
42	0.08761	0.12736	0.15588	0.01527	0.02234	0.01632	0.01510	0.03126	0.01973	0.36209	0.05346	0.02314	0.01799	0.00900	0.00727	0.00235	0.00783	0.00698	0.00708	0.01195
43	0.01157	0.00775	0.00922	0.00931	0.00963	0.00794	0.00572	0.01225	0.01215	0.01679	0.02542	0.08108	0.02826	0.55269	0.13270	0.00791	0.00933	0.01143	0.04352	0.00535
44	0.01498	0.01409	0.02378	0.70226	0.05462	0.01762	0.02202	0.02026	0.01586	0.02026	0.01409	0.02114	0.01057	0.00793	0.00793	0.00264	0.01057	0.00705	0.00352	0.00881
45	0.01144	0.00765	0.00867	0.00876	0.00878	0.00763	0.00493	0.01151	0.01170	0.01561	0.02587	0.08330	0.02995	0.68839	0.03893	0.00748	0.00754	0.01205	0.00493	0.00488
46	0.01814	0.01951	0.03400	0.02622	0.03005	0.04361	0.30123	0.02217	0.01549	0.02194	0.01345	0.01962	0.01151	0.01220	0.04373	0.00342	0.34234	0.00804	0.00377	0.00955
47	0.77733	0.01534	0.01166	0.01043	0.01534	0.01779	0.00859	0.02331	0.01350	0.03558	0.01104	0.01288	0.00859	0.00736	0.00491	0.00245	0.00613	0.00429	0.00491	0.00859
48	0.00964	0.00700	0.00910	0.01078	0.01143	0.00646	0.00724	0.01107	0.01543	0.02035	0.04691	0.66022	0.10630	0.02443	0.01006	0.00317	0.00455	0.02204	0.00736	0.00646
49	0.01736	0.01653	0.02809	0.36724	0.37100	0.01825	0.02321	0.02235	0.01698	0.02315	0.01452	0.02036	0.01159	0.00749	0.00789	0.00250	0.00998	0.00706	0.00373	0.01073
50	0.01078	0.00776	0.01020	0.01028	0.01175	0.00719	0.00745	0.01385	0.02037	0.02850	0.48962	0.24668	0.06844	0.01867	0.00957	0.00270	0.00399	0.01668	0.00834	0.00719
51	0.01786	0.01493	0.01720	0.01242	0.01939	0.01202	0.00998	0.08453	0.01859	0.02833	0.01460	0.01671	0.01193	0.00625	0.00609	0.00130	0.00617	0.00495	0.00503	0.69171
52	0.02243	0.01362	0.01550	0.01347	0.01764	0.01448	0.01062	0.05598	0.29321	0.19166	0.02947	0.02864	0.02154	0.01260	0.04221	0.00293	0.00663	0.00826	0.18778	0.01132
53	0.16502	0.01647	0.01868	0.01465	0.02049	0.01681	0.01207	0.23249	0.02580	0.33625	0.04609	0.02303	0.01761	0.00951	0.00746	0.00243	0.00718	0.00727	0.00829	0.01241
54	0.02735	0.03290	0.06666	0.01994	0.02461	0.46308	0.01620	0.13538	0.02390	0.02524	0.01491	0.01908	0.01249	0.00932	0.00845	0.00228	0.04803	0.03537	0.00482	0.00998
55	0.02962	0.03779	0.02247	0.02043	0.02451	0.68948	0.01532	0.03166	0.02247	0.01941	0.01226	0.01430	0.01021	0.00817	0.00715	0.00204	0.01430	0.00511	0.00409	0.00919
56	0.06496	0.02092	0.02215	0.01717	0.02315	0.02315	0.01414	0.57500	0.03481	0.04796	0.01910	0.01943	0.01369	0.00940	0.00763	0.00235	0.00828	0.00702	0.05683	0.01286
57	0.00997	0.00712	0.00955	0.01139	0.01199	0.00671	0.00790	0.01157	0.01549	0.02059	0.04354	0.65426	0.05178	0.02455	0.01020	0.00326	0.00487	0.08139	0.00736	0.00653
58	0.01377	0.00689	0.01033	0.01033	0.01033	0.00689	0.00689	0.01033	0.01033	0.01377	0.01377	0.02410	0.01377	0.02755	0.03099	0.76928	0.00689	0.00689	0.00344	0.00344
59	0.01153	0.00769	0.00865	0.00865	0.00865	0.00769	0.00480	0.01153	0.01153	0.01538	0.02499	0.05189	0.02883	0.72131	0.04036	0.00769	0.00769	0.01153	0.00480	0.00480
60	0.01133	0.00850	0.01274	0.01274	0.01416	0.00991	0.00991	0.01416	0.01274	0.01841	0.02124	0.03115	0.01982	0.05947	0.68989	0.01274	0.02124	0.00850	0.00425	0.00708
61	0.06632	0.02117	0.02170	0.01699	0.02278	0.04813	0.01392	0.53593	0.03372	0.04630	0.01897	0.01947	0.01371	0.00933	0.00754	0.00232	0.00837	0.00694	0.07383	0.01254
62	0.01000	0.00806	0.00891	0.00870	0.01110	0.00696	0.00652	0.01260	0.01957	0.02496	0.28069	0.07049	0.46606	0.01876	0.00937	0.00262	0.00392	0.01592	0.00783	0.00696
63	0.01853	0.02083	0.04369	0.03169	0.03861	0.02064	0.55693	0.02453	0.01781	0.02453	0.01527	0.02083	0.01181	0.00767	0.01165	0.00278	0.10881	0.00903	0.00394	0.01042
64	0.77733	0.01534	0.01166	0.01043	0.01534	0.01779	0.00859	0.02331	0.01350	0.03558	0.01104	0.01288	0.00859	0.00736	0.00491	0.00245	0.00613	0.00429	0.00491	0.00859
65	0.01020	0.00738	0.00964	0.01052	0.01158	0.00682	0.00734	0.01244	0.01788	0.02436	0.26480	0.45419	0.09022	0.02158	0.00981	0.00294	0.00427	0.01938	0.00784	0.00682
66	0.01153	0.00769	0.00865	0.00865	0.00865	0.00769	0.00480	0.01153	0.01153	0.01538	0.02499	0.05189	0.02883	0.72131	0.04036	0.00769	0.00769	0.01153	0.00480	0.00480
67	0.01498	0.01409	0.02378	0.70226	0.05462	0.01762	0.02202	0.02026	0.01586	0.02026	0.01409	0.02114	0.01057	0.00793	0.00793	0.00264	0.01057	0.00705	0.00352	0.00881
68	0.01102	0.00801	0.01038	0.00996	0.01177	0.00737	0.00740	0.01451	0.02171	0.03047	0.59437	0.10772	0.10152	0.01702	0.00941	0.00256	0.00382	0.01505	0.00856	0.00737
69	0.03558	0.01350	0.01840	0.01411	0.02024	0.01166	0.01166	0.03865	0.02270	0.67734	0.03128	0.02699	0.01963	0.00981	0.00797	0.00245	0.00675	0.00797	0.00981	0.01350
70	0.01153	0.00769	0.00865	0.00865	0.00865	0.00769	0.00480	0.01153	0.01153	0.01538	0.02499	0.05189	0.02883	0.72131	0.04036	0.00769	0.00769	0.01153	0.00480	0.00480
71	0.01616	0.07385	0.64962	0.02217	0.03365	0.01904	0.02854	0.02505	0.01671	0.02480	0.01408	0.01655	0.01005	0.00750	0.00742	0.00247	0.01156	0.00578	0.00335	0.01165
72	0.01123	0.00805	0.01082	0.01238	0.01359	0.00778	0.00966	0.01372	0.01687	0.02221	0.07391	0.34283	0.07307	0.05612	0.01188	0.00357	0.00591	0.29230	0.00728	0.00681
73	0.01135	0.00843	0.01240	0.01240	0.01370	0.00972	0.00948	0.01394	0.01264	0.01815	0.02156	0.03290	0.02058	0.11530	0.63510	0.01232	0.02010	0.00875	0.00430	0.00689
74	0.02969	0.02363	0.02344	0.01839	0.02443	0.09326	0.01500	0.55882	0.05943	0.04617	0.01884	0.01895	0.01356	0.00943	0.00786	0.00236	0.00921	0.00700	0.00754	0.01301
75	0.01886	0.01851	0.03291	0.13825	0.50333	0.01883	0.10454	0.02390	0.01783	0.02505	0.01495	0.02007	0.01221	0.00714	0.00806	0.00244	0.01010	0.00736	0.00388	0.01179
76	0.01806	0.02234	0.09889	0.03104	0.03871	0.01959	0.53630	0.02453	0.01810	0.02488	0.01668	0.04732	0.01333	0.00779	0.01002	0.00272	0.04568	0.00945	0.00406	0.01053
77	0.04652	0.21281	0.46195	0.02037	0.03040	0.02176	0.05430	0.02471	0.01655	0.02389	0.01338	0.01580	0.01012	0.00730	0.00690	0.00231	0.01076	0.00556	0.00345	0.01116
78	0.01872	0.02139	0.04679	0.03342	0.04144	0.02005	0.64305	0.02540	0.01872	0.02540	0.01604	0.02139	0.01203	0.00668	0.00936	0.00267	0.01337	0.00936	0.00401	0.01070
79	0.00966	0.00690	0.00920	0.01104	0.01150	0.00644	0.00736	0.01104	0.01518	0.02024	0.04371	0.71614	0.05245	0.02484	0.01012	0.00322	0.00460	0.02254	0.00736	0.00644
80	0.03262	0.04294	0.02165	0.01595	0.02220	0.01817	0.01326	0.31047	0.02901	0.37214	0.02506	0.02291	0.01653	0.00957	0.00785	0.00239	0.00770	0.00747	0.00874	0.01337
81	0.01098	0.00799	0.01034	0.00998	0.01176	0.00734	0.00740	0.01441	0.02153	0.03018	0.57893	0.12348	0.10148	0.01723	0.00943	0.00257	0.00384	0.01525	0.00853	0.00734
82	0.01029	0.00735	0.00993	0.01177	0.01250	0.00699	0.00846	0.01214	0.01581	0.02095	0.04336	0.58876	0.05106	0.02425	0.01029	0.00331	0.00515	0.14367	0.00735	0.00662
83	0.01616	0.07447	0.64904	0.02216	0.03364	0.01905	0.02853	0.02505	0.01671	0.02480	0.01407	0.01655	0.01005	0.00750	0.00741	0.00247	0.01156	0.00578	0.00335	0.01164
84	0.02880	0.02969	0.02232	0.01914	0.02388	0.38609	0.01490	0.20927	0.08221	0.06052	0.01681	0.01770	0.01284	0.00905	0.00809	0.00226	0.03352	0.00622	0.00579	0.01091
85	0.01141	0.00763	0.00869	0.00881	0.00884	0.00760	0.00498	0.01150	0.01178	0.01570	0.02625	0.09666	0.03042	0.67437	0.03832	0.00739	0.00748	0.01227	0.00498	0.00492
86	0.01872	0.02139	0.04679	0.03342	0.04144	0.02005	0.64305	0.02540	0.01872	0.02540	0.01604	0.02139	0.01203	0.00668	0.00936	0.00267	0.01337	0.00936	0.00401	0.01070
87	0.02094	0.56116	0.16025	0.01529	0.02297	0.02794	0.01642	0.02476	0.01657	0.05346	0.01266	0.01420	0.01063	0.00708	0.00569	0.00189	0.00900	0.00473	0.00371	0.01064
88	0.01035	0.00764	0.00968	0.01008	0.01154	0.00697	0.00721	0.01293	0.01903	0.02583	0.34126	0.31021	0.15788	0.02007	0.00965	0.00280	0.00411	0.01781	0.00800	0.00697
89	0.01377	0.00689	0.01033	0.01033	0.01033	0.00689	0.00689	0.01033	0.01033	0.01377	0.01377	0.02410	0.01377	0.02755	0.03099	0.76928	0.00689	0.00689	0.00344	0.00344
90	0.01944	0.01865	0.03186	0.07447	0.64749	0.01879	0.02425	0.02418	0.01797	0.02568	0.01488	0.01969	0.01248	0.00710	0.00785	0.00237	0.00947	0.00706	0.00391	0.01241
91	0.02954	0.02089	0.02277	0.01772	0.02382	0.02288	0.01464	0.55392	0.05971	0.09577	0.02129	0.02253	0.01550	0.01003	0.00805	0.00244	0.00843	0.02879	0.00806	0.01323
92	0.01697	0.01792	0.03539	0.33304	0.04637	0.01916	0.33445	0.02279	0.01712	0.02279	0.01490	0.02109	0.01130	0.00759	0.00951	0.00270	0.04519	0.00821	0.00377	0.00975
93	0.00970	0.00791	0.00863	0.00912	0.01132	0.00685	0.00682	0.01173	0.01756	0.02139	0.07046	0.19532	0.50439	0.02111	0.00964	0.00286	0.00439	0.06673	0.00736	0.00670
94	0.02843	0.09731	0.02428	0.01976	0.02401	0.58187	0.01524	0.05260	0.02205	0.02043	0.01232	0.01445	0.01034	0.00832	0.00772	0.00208	0.04008	0.00517	0.00414	0.00941
95	0.02107	0.59917	0.10991	0.01592	0.04698	0.02879	0.01563	0.02444	0.01649	0.04282	0.01224	0.01393	0.01059	0.00698	0.00556	0.00184	0.00881	0.00466	0.00363	0.01055
96	0.06299	0.12887	0.08185	0.01690	0.02318	0.08233	0.01501	0.34304	0.02769	0.06757	0.01924	0.02049	0.03482	0.03139	0.00832	0.00244	0.00904	0.00677	0.00633	0.01172
97	0.01951	0.01828	0.02206	0.01669	0.02293	0.08300	0.09808	0.09934	0.01976	0.02764	0.01611	0.05122	0.01378	0.00786	0.00761	0.00179	0.03104	0.00662	0.00503	0.43166
98	0.00966	0.00690	0.00920	0.01104	0.01150	0.00644	0.00736	0.01104	0.01518	0.02024	0.04371	0.71614	0.05245	0.02484	0.01012	0.00322	0.00460	0.02254	0.00736	0.00644
99	0.02272	0.02831	0.10170	0.03438	0.31635	0.25935	0.07347	0.02714	0.01955	0.02345	0.01398	0.01754	0.01140	0.00748	0.00769	0.00229	0.01176	0.00642	0.00393	0.01110
100	0.01420	0.01076	0.01398	0.04042	0.01822	0.01086	0.01238	0.04986	0.06454	0.02587	0.06222	0.07219	0.08004	0.01855	0.00998	0.00321	0.00699	0.41918	0.00712	0.05940
101	0.05856	0.01874	0.01847	0.01565	0.01981	0.08967	0.01244	0.23273	0.16120	0.03592	0.11011	0.02692	0.02409	0.01073	0.00892	0.00245	0.05455	0.00818	0.08002	0.01086
102	0.01133	0.00850	0.01274	0.01274	0.01416	0.00991	0.00991	0.01416	0.01274	0.01841	0.02124	0.03115	0.01982	0.05947	0.68989	0.01274	0.02124	0.00850	0.00425	0.00708
103	0.02391	0.02206	0.02245	0.01854	0.02268	0.15490	0.04479	0.27655	0.02531	0.03218	0.02102	0.02351	0.06347	0.01547	0.07656	0.00353	0.12904	0.00768	0.00582	0.01053
104	0.00965	0.00696	0.00914	0.01089	0.01146	0.00645	0.00729	0.01106	0.01533	0.02030	0.04555	0.68399	0.08340	0.02460	0.01008	0.00319	0.00457	0.02225	0.00736	0.00645
105	0.10290	0.04950	0.02179	0.01694	0.02221	0.09333	0.01381	0.36538	0.10494	0.03973	0.01864	0.01927	0.01393	0.00940	0.00822	0.00239	0.04201	0.00674	0.03706	0.01182
106	0.01529	0.01198	0.07076	0.03865	0.01668	0.00938	0.01051	0.01929	0.02123	0.12686	0.43569	0.07536	0.08731	0.01469	0.00896	0.00253	0.00521	0.01279	0.00810	0.00873
107	0.01789	0.01971	0.04167	0.09776	0.06604	0.01908	0.51522	0.02410	0.01801	0.02445	0.01616	0.02195	0.01244	0.01038	0.05503	0.00334	0.01347	0.00898	0.00398	0.01034
108	0.01135	0.08084	0.01351	0.01196	0.01303	0.01018	0.00867	0.01288	0.01507	0.02000	0.03813	0.59741	0.04531	0.02227	0.01068	0.00308	0.05232	0.01963	0.00669	0.00697
109	0.01989	0.58433	0.03685	0.01497	0.05135	0.02746	0.01340	0.02266	0.01638	0.02001	0.04536	0.01655	0.01415	0.00991	0.04029	0.00231	0.00881	0.00513	0.00380	0.04640
110	0.01966	0.01627	0.01901	0.01559	0.01999	0.06478	0.07477	0.12039	0.13016	0.05402	0.04463	0.07851	0.02223	0.09499	0.01161	0.00292	0.00767	0.00912	0.07123	0.12244
111	0.02191	0.01492	0.01804	0.01540	0.05214	0.01377	0.01153	0.11077	0.09672	0.15742	0.02343	0.09343	0.01929	0.00976	0.00737	0.00204	0.00653	0.00816	0.00678	0.31059
112	0.04455	0.01560	0.07297	0.01504	0.02051	0.01257	0.07552	0.05122	0.05006	0.07846	0.16977	0.08787	0.03081	0.01085	0.00786	0.00219	0.00675	0.00957	0.00639	0.23145
113	0.02342	0.05450	0.02082	0.01493	0.02125	0.05185	0.01222	0.27598	0.02575	0.06019	0.04769	0.01965	0.01561	0.00817	0.00698	0.00185	0.00753	0.00628	0.00631	0.31904
114	0.05534	0.05741	0.14594	0.04128	0.05804	0.04317	0.08712	0.11507	0.01989	0.05169	0.01975	0.11372	0.01766	0.01245	0.04045	0.00288	0.00963	0.00871	0.00522	0.09457

[dist]
# distance from previous block
# <min> <max>
24	47

[block]
# block no. 3 follows, 24 sequences, length 11
# corresponding to MSA columns:
# 255-265
name=unknown_D
#
# <colnr> <probs for GDERKNQSTAVLIFYWHMCP>
#	G	D	E	R	K	N	Q	S	T	A	V	L	I	F	Y	W	H	M	C	P
0	0.11869	0.09248	0.18641	0.01515	0.02177	0.01646	0.01524	0.05106	0.06739	0.14912	0.11580	0.02715	0.04642	0.00985	0.00736	0.00238	0.00758	0.00776	0.00627	0.03565
1	0.02227	0.29310	0.02854	0.01649	0.04474	0.02479	0.01361	0.16707	0.22028	0.03026	0.02014	0.02127	0.01615	0.03858	0.00823	0.00243	0.00785	0.00676	0.00593	0.01151
2	0.05602	0.01898	0.02123	0.01839	0.06306	0.02054	0.01392	0.34909	0.16326	0.09134	0.02218	0.02275	0.01645	0.03525	0.00891	0.00258	0.00780	0.00750	0.00745	0.05330
3	0.03175	0.01964	0.02221	0.01703	0.02331	0.02078	0.01406	0.46655	0.03298	0.23491	0.02265	0.02138	0.01530	0.00961	0.00795	0.00240	0.00814	0.00739	0.00849	0.01349
4	0.03121	0.01585	0.05454	0.01629	0.04927	0.01363	0.01326	0.09406	0.04837	0.48955	0.06720	0.02742	0.02175	0.00997	0.00803	0.00246	0.00712	0.00817	0.00890	0.01296
5	0.02071	0.58629	0.04259	0.01751	0.02454	0.02913	0.13844	0.02407	0.01663	0.01999	0.01202	0.01444	0.01054	0.00676	0.00594	0.00189	0.00945	0.00526	0.00351	0.01028
6	0.01811	0.15795	0.02771	0.01938	0.02073	0.02569	0.01660	0.02001	0.01293	0.01900	0.01053	0.01643	0.01036	0.01247	0.02187	0.00312	0.56827	0.00640	0.00345	0.00897
7	0.02032	0.49525	0.03339	0.01429	0.01966	0.11172	0.01307	0.02286	0.01626	0.01870	0.01321	0.01658	0.01210	0.01741	0.14120	0.00393	0.01176	0.00520	0.00365	0.00944
8	0.01137	0.00834	0.01193	0.01193	0.01307	0.00947	0.00890	0.01364	0.01250	0.01781	0.02198	0.03527	0.02161	0.19077	0.56104	0.01174	0.01855	0.00910	0.00436	0.00663
9	0.01478	0.00739	0.00739	0.00739	0.00924	0.00739	0.00554	0.01848	0.01663	0.02956	0.02587	0.02956	0.02033	0.00924	0.00554	0.00185	0.00370	0.00739	0.76534	0.00739
10	0.02597	0.01893	0.02091	0.05701	0.02372	0.02096	0.01378	0.43514	0.10478	0.06456	0.02153	0.02386	0.01636	0.06767	0.01048	0.00284	0.00816	0.00775	0.04351	0.01210

[dist]
# distance from previous block
# <min> <max>
8	14

[block]
# block no. 4 follows, 24 sequences, length 15
# corresponding to MSA columns:
# 280-294
name=unknown_E
#
# <colnr> <probs for GDERKNQSTAVLIFYWHMCP>
#	G	D	E	R	K	N	Q	S	T	A	V	L	I	F	Y	W	H	M	C	P
0	0.01425	0.00982	0.01201	0.01098	0.01356	0.00917	0.00808	0.05542	0.01851	0.05841	0.19065	0.17645	0.06340	0.10944	0.05962	0.00379	0.00641	0.01275	0.04982	0.11748
1	0.06264	0.03539	0.01968	0.01540	0.02034	0.01943	0.01246	0.36371	0.08048	0.08910	0.02123	0.02347	0.01622	0.05068	0.05709	0.02798	0.00866	0.00747	0.05714	0.01146
2	0.01832	0.01573	0.05676	0.09605	0.04603	0.01498	0.05505	0.09323	0.12678	0.07963	0.08857	0.10791	0.04293	0.01420	0.04393	0.00305	0.00821	0.01017	0.00649	0.07198
3	0.01087	0.00812	0.00996	0.01053	0.01188	0.00776	0.00737	0.01427	0.06147	0.02384	0.20542	0.36228	0.13610	0.07759	0.01214	0.00329	0.00467	0.01785	0.00755	0.00703
4	0.02032	0.01637	0.02359	0.21095	0.09760	0.01788	0.06735	0.15611	0.10260	0.07220	0.11016	0.02732	0.02277	0.00971	0.00826	0.00253	0.00856	0.00858	0.00623	0.01091
5	0.01753	0.04762	0.18293	0.09952	0.07096	0.01930	0.36990	0.02422	0.01775	0.02444	0.01613	0.04299	0.01274	0.00763	0.00861	0.00260	0.01206	0.00850	0.00390	0.01066
6	0.01884	0.01819	0.03113	0.14674	0.48197	0.01881	0.07344	0.02496	0.05988	0.02547	0.01602	0.02066	0.01298	0.00741	0.00800	0.00245	0.00971	0.00737	0.00414	0.01183
7	0.00985	0.00735	0.00919	0.01046	0.01159	0.00670	0.00734	0.01162	0.01643	0.02135	0.08747	0.49680	0.19726	0.02309	0.00995	0.00308	0.00456	0.05187	0.00744	0.00660
8	0.01653	0.01579	0.02730	0.11468	0.07153	0.01790	0.18963	0.02062	0.01567	0.02295	0.01711	0.05609	0.01495	0.01270	0.04586	0.00327	0.20818	0.00854	0.11155	0.00914
9	0.07992	0.04299	0.02139	0.17993	0.02900	0.07680	0.01519	0.23034	0.04392	0.06440	0.02300	0.02473	0.07697	0.01009	0.00865	0.00250	0.04598	0.00766	0.00597	0.01056
10	0.01003	0.00730	0.00928	0.01071	0.01155	0.00680	0.00740	0.01157	0.01553	0.02028	0.04708	0.52124	0.13533	0.08196	0.01260	0.00355	0.00500	0.06921	0.00714	0.00641
11	0.14933	0.19087	0.15499	0.01562	0.02225	0.02055	0.01547	0.10780	0.01945	0.13077	0.01816	0.06536	0.01474	0.00936	0.00744	0.00236	0.03219	0.00690	0.00553	0.01087
12	0.02040	0.35709	0.14713	0.01642	0.04294	0.05509	0.01588	0.06473	0.01928	0.05698	0.11335	0.02195	0.02077	0.00876	0.00669	0.00208	0.00857	0.00658	0.00487	0.01045
13	0.01718	0.01694	0.03005	0.05558	0.32273	0.01665	0.17757	0.02273	0.05129	0.02496	0.02642	0.08554	0.09588	0.01025	0.00862	0.00257	0.00924	0.01021	0.00485	0.01075
14	0.01155	0.00762	0.01015	0.01127	0.01231	0.00712	0.00796	0.01348	0.01668	0.05621	0.12644	0.51517	0.05233	0.04798	0.01107	0.00328	0.00493	0.06992	0.00758	0.00696

[dist]
# distance from previous block
# <min> <max>
6	10

[block]
# block no. 5 follows, 24 sequences, length 17
# corresponding to MSA columns:
# 305-321
name=unknown_F
#
# <colnr> <probs for GDERKNQSTAVLIFYWHMCP>
#	G	D	E	R	K	N	Q	S	T	A	V	L	I	F	Y	W	H	M	C	P
0	0.01830	0.06227	0.10346	0.11617	0.10899	0.04573	0.31452	0.02401	0.01749	0.02356	0.01488	0.01999	0.01167	0.00913	0.03096	0.00290	0.05388	0.00782	0.00381	0.01045
1	0.01424	0.01696	0.10205	0.01847	0.05564	0.08057	0.09542	0.01756	0.01675	0.02176	0.03153	0.42594	0.03524	0.01758	0.00926	0.00289	0.00792	0.01606	0.00589	0.00829
2	0.07215	0.08382	0.42745	0.02450	0.11926	0.01998	0.02473	0.02415	0.01617	0.02489	0.01347	0.01663	0.01034	0.00805	0.00911	0.00252	0.08213	0.00591	0.00356	0.01118
3	0.01841	0.01667	0.01637	0.01489	0.01892	0.06561	0.01149	0.03521	0.47862	0.03042	0.08027	0.03706	0.11752	0.01225	0.00827	0.00263	0.00637	0.01014	0.00773	0.01114
4	0.01251	0.00882	0.01066	0.01026	0.01262	0.00814	0.00774	0.01653	0.05646	0.06605	0.34031	0.12893	0.23789	0.01770	0.00933	0.00266	0.00434	0.03309	0.00818	0.00779
5	0.01227	0.00910	0.01170	0.04048	0.01518	0.00925	0.00936	0.05526	0.05532	0.02321	0.03933	0.50005	0.04483	0.04652	0.01094	0.00332	0.00566	0.09363	0.00719	0.00741
6	0.01435	0.01158	0.01637	0.02069	0.17236	0.01147	0.01232	0.07985	0.01896	0.02569	0.08234	0.36768	0.08164	0.01794	0.00927	0.00285	0.00616	0.03303	0.00669	0.00876
7	0.01011	0.00715	0.00929	0.01058	0.01114	0.00674	0.00702	0.01157	0.01552	0.02091	0.11391	0.54656	0.05176	0.12125	0.01426	0.00376	0.00493	0.02005	0.00716	0.00633
8	0.00978	0.00699	0.00930	0.01096	0.01153	0.00652	0.00737	0.01133	0.01571	0.02109	0.08941	0.66802	0.05409	0.02421	0.01007	0.00317	0.00454	0.02194	0.00746	0.00652
9	0.01724	0.18997	0.39551	0.11732	0.05966	0.02129	0.02398	0.02464	0.03745	0.02327	0.01411	0.01699	0.01071	0.00751	0.00707	0.00235	0.01056	0.00581	0.00356	0.01102
10	0.01780	0.01656	0.01682	0.01673	0.05245	0.13460	0.01216	0.05760	0.08399	0.02395	0.02291	0.12339	0.02155	0.02397	0.17439	0.00503	0.08575	0.00951	0.09204	0.00880
11	0.01630	0.00985	0.01197	0.01096	0.01407	0.00905	0.00849	0.02065	0.07039	0.16112	0.23090	0.10442	0.24383	0.01653	0.00909	0.00266	0.00485	0.03776	0.00832	0.00879
12	0.01956	0.28328	0.36866	0.01912	0.02810	0.11006	0.02191	0.02548	0.01726	0.02209	0.01284	0.01500	0.01011	0.00735	0.00662	0.00216	0.01091	0.00519	0.00346	0.01085
13	0.01624	0.01556	0.02882	0.18856	0.08124	0.01616	0.24062	0.04616	0.01749	0.02399	0.01967	0.09416	0.01739	0.01600	0.09720	0.00395	0.01182	0.00968	0.04589	0.00940
14	0.01392	0.00947	0.01297	0.01209	0.01366	0.01024	0.03420	0.05059	0.01483	0.02196	0.02219	0.06829	0.02104	0.12251	0.24150	0.11184	0.03601	0.00911	0.16669	0.00688
15	0.01223	0.00974	0.01133	0.01167	0.01408	0.00962	0.00915	0.01830	0.13058	0.02478	0.10705	0.15923	0.26483	0.01923	0.00964	0.00298	0.00528	0.16478	0.00759	0.00791
16	0.06639	0.04563	0.02330	0.06850	0.13550	0.16791	0.01599	0.14141	0.13202	0.09683	0.01933	0.02031	0.01450	0.00873	0.00751	0.00236	0.00943	0.00682	0.00600	0.01153

[dist]
# distance from previous block
# <min> <max>
0	1

[block]
# block no. 6 follows, 24 sequences, length 20
# corresponding to MSA columns:
# 323-342
name=unknown_G
#
# <colnr> <probs for GDERKNQSTAVLIFYWHMCP>
#	G	D	E	R	K	N	Q	S	T	A	V	L	I	F	Y	W	H	M	C	P
0	0.58901	0.01682	0.03739	0.07272	0.05324	0.01838	0.01175	0.07213	0.01591	0.03455	0.01224	0.01455	0.00939	0.00757	0.00564	0.00246	0.00707	0.00495	0.00492	0.00930
1	0.15876	0.04567	0.02147	0.03685	0.02318	0.24991	0.08172	0.04606	0.01953	0.02587	0.05693	0.02707	0.01860	0.00980	0.00745	0.00235	0.01002	0.07939	0.00504	0.07432
2	0.01061	0.00853	0.01283	0.01281	0.01436	0.00787	0.06946	0.01274	0.01633	0.02162	0.08490	0.52998	0.12358	0.02195	0.00991	0.00306	0.00534	0.02004	0.00712	0.00695
3	0.01951	0.39589	0.27920	0.01936	0.06465	0.05593	0.02018	0.02466	0.01676	0.02154	0.01251	0.01471	0.01027	0.00715	0.00626	0.00206	0.01002	0.00505	0.00344	0.01085
4	0.01574	0.03988	0.65708	0.02217	0.03354	0.01804	0.02854	0.02476	0.01694	0.02534	0.03682	0.01821	0.01228	0.00783	0.00760	0.00251	0.01144	0.00615	0.00353	0.01157
5	0.01747	0.06832	0.23034	0.17770	0.27254	0.01947	0.02438	0.02342	0.01679	0.02369	0.01408	0.01853	0.01111	0.00769	0.00843	0.00248	0.04227	0.00651	0.00361	0.01117
6	0.08118	0.33669	0.03087	0.08626	0.11186	0.09593	0.01531	0.05562	0.01822	0.04528	0.01636	0.01848	0.04206	0.00800	0.00639	0.00208	0.00900	0.00586	0.00431	0.01025
7	0.01574	0.00870	0.01162	0.01137	0.01349	0.00789	0.00832	0.01822	0.01907	0.16548	0.23605	0.36228	0.05237	0.01891	0.00942	0.00283	0.00479	0.01684	0.00832	0.00829
8	0.02507	0.01580	0.01857	0.01645	0.03864	0.01676	0.01281	0.08616	0.34322	0.23806	0.03114	0.03198	0.02313	0.01106	0.00823	0.00265	0.00678	0.05249	0.00844	0.01255
9	0.05728	0.27166	0.31322	0.02082	0.08119	0.02240	0.04441	0.02398	0.01683	0.02384	0.04618	0.01772	0.01358	0.00763	0.00674	0.00222	0.00978	0.00588	0.00379	0.01084
10	0.02532	0.01373	0.01659	0.01411	0.01878	0.01369	0.01114	0.05727	0.22214	0.32294	0.03594	0.11978	0.06736	0.01271	0.00837	0.00264	0.00622	0.01071	0.00872	0.01184
11	0.01113	0.00810	0.01047	0.00988	0.01179	0.00744	0.00741	0.01478	0.02223	0.03127	0.63792	0.06010	0.10489	0.01641	0.00935	0.00250	0.00376	0.01446	0.00866	0.00744
12	0.01318	0.00973	0.01201	0.01332	0.01470	0.00920	0.00969	0.01581	0.05799	0.02377	0.04631	0.46821	0.09503	0.02374	0.01088	0.00359	0.00600	0.15071	0.00799	0.00815
13	0.09157	0.01599	0.01916	0.01551	0.02114	0.01523	0.01239	0.10316	0.08829	0.43190	0.07021	0.02980	0.02372	0.01139	0.00866	0.00284	0.00735	0.00868	0.00949	0.01351
14	0.01189	0.00852	0.01076	0.01245	0.01311	0.00776	0.00828	0.01264	0.01641	0.02211	0.04472	0.69481	0.05298	0.02562	0.01088	0.00357	0.00535	0.02263	0.00796	0.00756
15	0.01203	0.00857	0.01072	0.01227	0.01290	0.00785	0.00810	0.01268	0.01615	0.02176	0.04337	0.64681	0.05128	0.07594	0.01307	0.00389	0.00557	0.02183	0.00777	0.00744
16	0.02031	0.06078	0.19125	0.09925	0.19230	0.04347	0.21314	0.02581	0.01892	0.02610	0.01674	0.02185	0.01332	0.00856	0.00892	0.00285	0.01199	0.00789	0.00447	0.01210
17	0.03046	0.01721	0.01957	0.01637	0.02165	0.04694	0.01284	0.08594	0.19031	0.36765	0.03191	0.07155	0.02361	0.01219	0.00893	0.00291	0.00767	0.00952	0.00931	0.01349
18	0.01989	0.02172	0.09355	0.09987	0.22788	0.02133	0.14007	0.02388	0.01731	0.02493	0.01573	0.02194	0.01334	0.01043	0.01406	0.00315	0.20694	0.00797	0.00444	0.01157
19	0.08067	0.27334	0.02753	0.01881	0.10493	0.02209	0.01352	0.08409	0.05853	0.02660	0.02272	0.06009	0.05134	0.10720	0.01207	0.00330	0.00840	0.00839	0.00563	0.01074

[dist]
# distance from previous block
# <min> <max>
0	10

[block]
# block no. 7 follows, 24 sequences, length 110
# corresponding to MSA columns:
# 355-464
name=unknown_H
#
# <colnr> <probs for GDERKNQSTAVLIFYWHMCP>
#	G	D	E	R	K	N	Q	S	T	A	V	L	I	F	Y	W	H	M	C	P
0	0.01239	0.00937	0.01095	0.01071	0.01285	0.00826	0.00780	0.01469	0.02115	0.02851	0.39208	0.13007	0.27118	0.01931	0.01014	0.00296	0.00461	0.01627	0.00863	0.00808
1	0.01326	0.00989	0.01403	0.01394	0.01551	0.01098	0.01066	0.01549	0.01392	0.02013	0.02283	0.03324	0.02131	0.05910	0.66964	0.01276	0.02139	0.00900	0.00488	0.00806
2	0.03003	0.02176	0.02316	0.01823	0.02415	0.02355	0.01474	0.56711	0.03572	0.04876	0.02136	0.02251	0.01582	0.01066	0.00845	0.00266	0.00878	0.00771	0.08116	0.01368
3	0.07182	0.02281	0.02408	0.01885	0.02512	0.02484	0.01531	0.59373	0.03642	0.04995	0.02027	0.02117	0.01490	0.01057	0.00851	0.00272	0.00913	0.00753	0.00828	0.01400
4	0.02246	0.01690	0.02003	0.01651	0.02097	0.01762	0.01311	0.22248	0.02325	0.06662	0.02076	0.05831	0.01784	0.02060	0.13910	0.00458	0.09947	0.00818	0.00652	0.18470
5	0.01178	0.00843	0.01074	0.01244	0.01314	0.00773	0.00841	0.01269	0.01641	0.02205	0.04454	0.67093	0.05264	0.02541	0.01083	0.00355	0.00538	0.04753	0.00789	0.00747
6	0.01214	0.00894	0.01138	0.01273	0.01332	0.00863	0.00862	0.01292	0.01597	0.02165	0.04208	0.63340	0.04973	0.05224	0.01284	0.00372	0.04328	0.02134	0.00758	0.00749
7	0.02197	0.01922	0.02622	0.05345	0.08520	0.04838	0.14076	0.12593	0.16470	0.03202	0.02277	0.02604	0.01792	0.01236	0.03895	0.00326	0.03916	0.00852	0.10140	0.01178
8	0.05569	0.01457	0.01622	0.01367	0.01808	0.01458	0.01074	0.14214	0.09081	0.21823	0.02770	0.02841	0.02030	0.01071	0.00773	0.00258	0.00654	0.00810	0.28143	0.01178
9	0.01012	0.00789	0.00918	0.00921	0.01126	0.00695	0.00677	0.01269	0.01930	0.02517	0.29720	0.16474	0.35250	0.01932	0.00948	0.00269	0.00400	0.01669	0.00788	0.00695
10	0.48910	0.01508	0.01456	0.01207	0.01747	0.01608	0.00996	0.06096	0.01783	0.25194	0.01826	0.01794	0.01255	0.00830	0.00610	0.00245	0.00648	0.00568	0.00671	0.01049
11	0.19859	0.01609	0.02289	0.29722	0.03596	0.01816	0.09606	0.10581	0.01891	0.06321	0.01567	0.01960	0.01156	0.00800	0.00730	0.00252	0.00915	0.00677	0.03671	0.00981
12	0.01377	0.00689	0.01033	0.01033	0.01033	0.00689	0.00689	0.01033	0.01033	0.01377	0.01377	0.02410	0.01377	0.02755	0.03099	0.76928	0.00689	0.00689	0.00344	0.00344
13	0.00966	0.00690	0.00920	0.01104	0.01150	0.00644	0.00736	0.01104	0.01518	0.02024	0.04371	0.71614	0.05245	0.02484	0.01012	0.00322	0.00460	0.02254	0.00736	0.00644
14	0.77733	0.01534	0.01166	0.01043	0.01534	0.01779	0.00859	0.02331	0.01350	0.03558	0.01104	0.01288	0.00859	0.00736	0.00491	0.00245	0.00613	0.00429	0.00491	0.00859
15	0.01796	0.02092	0.06926	0.13280	0.04201	0.01984	0.48995	0.02428	0.01785	0.02428	0.01537	0.02094	0.01164	0.00729	0.00996	0.00270	0.04999	0.00873	0.00388	0.01035
16	0.01829	0.02114	0.07606	0.06752	0.07106	0.01922	0.49072	0.02550	0.04660	0.02566	0.01692	0.02175	0.01276	0.00710	0.00889	0.00261	0.01221	0.00883	0.03648	0.01068
17	0.01153	0.00769	0.00865	0.00865	0.00865	0.00769	0.00480	0.01153	0.01153	0.01538	0.02499	0.05189	0.02883	0.72131	0.04036	0.00769	0.00769	0.01153	0.00480	0.00480
18	0.01881	0.01978	0.02321	0.02013	0.02071	0.11893	0.01640	0.02050	0.01360	0.01894	0.01144	0.01872	0.01134	0.05002	0.02406	0.00349	0.57084	0.00692	0.00363	0.00855
19	0.06090	0.01737	0.08283	0.01529	0.02152	0.01478	0.01353	0.09622	0.11080	0.40720	0.05585	0.02640	0.02070	0.00987	0.00787	0.00249	0.00720	0.00795	0.00850	0.01272
20	0.03558	0.01350	0.01840	0.01411	0.02024	0.01166	0.01166	0.03865	0.02270	0.67734	0.03128	0.02699	0.01963	0.00981	0.00797	0.00245	0.00675	0.00797	0.00981	0.01350
21	0.02910	0.03692	0.02255	0.02045	0.02436	0.66098	0.01541	0.03113	0.02203	0.01939	0.01218	0.01443	0.01022	0.00842	0.00796	0.00210	0.04396	0.00519	0.00406	0.00917
