[name]
unknown

[dist]
# distance from previous block
# <min> <max>
0	7

[block]
# block no. 0 follows, 23 sequences, length 34
# corresponding to MSA columns:
# 7-40
name=unknown_A
#
# <colnr> <probs for GDERKNQSTAVLIFYWHMCP>
#	G	D	E	R	K	N	Q	S	T	A	V	L	I	F	Y	W	H	M	C	P
0	0.01727	0.01689	0.02364	0.02065	0.02084	0.02326	0.01727	0.01925	0.01307	0.02002	0.01398	0.02535	0.01436	0.01505	0.02504	0.00357	0.62870	0.06912	0.00395	0.00873
1	0.03503	0.01350	0.01839	0.01420	0.02024	0.01169	0.01169	0.03820	0.02321	0.63457	0.06676	0.02944	0.02321	0.01041	0.00824	0.00251	0.00673	0.00852	0.00998	0.01347
2	0.01293	0.01110	0.01164	0.01172	0.01349	0.07681	0.00859	0.01578	0.02040	0.02692	0.36011	0.24773	0.09037	0.01875	0.00964	0.00278	0.00536	0.04049	0.00791	0.00748
3	0.01023	0.00714	0.00941	0.01104	0.01145	0.00673	0.00726	0.01132	0.01499	0.01999	0.04174	0.62103	0.04987	0.09130	0.01412	0.03247	0.00510	0.02139	0.00713	0.00632
4	0.02931	0.02173	0.02334	0.01822	0.02433	0.02405	0.01492	0.57597	0.07096	0.04881	0.02137	0.05130	0.01621	0.01052	0.00823	0.00249	0.00860	0.00812	0.00810	0.01342
5	0.02624	0.05450	0.02095	0.01593	0.02110	0.01916	0.01293	0.34247	0.06004	0.14202	0.07410	0.12352	0.02568	0.01248	0.00841	0.00256	0.00747	0.01021	0.00817	0.01207
6	0.62762	0.01594	0.01403	0.08176	0.02048	0.01857	0.01067	0.05054	0.04474	0.03530	0.01298	0.01512	0.00996	0.00785	0.00562	0.00254	0.00686	0.00503	0.00516	0.00921
7	0.06287	0.01545	0.01918	0.08496	0.02424	0.01581	0.01320	0.10849	0.14236	0.35225	0.02772	0.02599	0.01878	0.00985	0.00792	0.00254	0.00730	0.00796	0.04050	0.01264
8	0.02102	0.02161	0.03310	0.04403	0.50767	0.09197	0.08642	0.02564	0.01882	0.02548	0.01492	0.01959	0.01246	0.00756	0.00877	0.00245	0.03506	0.00725	0.00403	0.01214
9	0.01978	0.01085	0.01416	0.01353	0.01667	0.01032	0.01081	0.04487	0.05347	0.21191	0.07906	0.21935	0.06530	0.01810	0.00968	0.00306	0.00625	0.17486	0.00839	0.00958
10	0.01409	0.00705	0.01057	0.01057	0.01057	0.00705	0.00705	0.01057	0.01057	0.01409	0.01409	0.02467	0.01409	0.02819	0.03171	0.76392	0.00705	0.00705	0.00352	0.00352
11	0.01614	0.01486	0.02434	0.65959	0.05426	0.01840	0.02216	0.05329	0.01738	0.02234	0.01469	0.02152	0.01097	0.00820	0.00811	0.00269	0.01072	0.00722	0.00384	0.00927
12	0.03067	0.02135	0.02320	0.01786	0.02414	0.02333	0.01473	0.56146	0.03603	0.10231	0.02082	0.02061	0.01462	0.00975	0.00802	0.00242	0.00855	0.00739	0.03921	0.01354
13	0.01031	0.00742	0.00955	0.01108	0.01181	0.00696	0.00759	0.01181	0.01565	0.02060	0.04578	0.54206	0.10126	0.09410	0.01347	0.00374	0.00519	0.06783	0.00726	0.00651
14	0.02703	0.01960	0.08651	0.01565	0.02243	0.04088	0.01388	0.17985	0.02446	0.24259	0.02211	0.02179	0.01540	0.00873	0.00744	0.00215	0.00783	0.00683	0.05438	0.18045
15	0.01459	0.00751	0.00775	0.00795	0.00969	0.00746	0.00586	0.01812	0.01686	0.02927	0.02835	0.10017	0.02418	0.01110	0.00615	0.00204	0.00388	0.00916	0.68244	0.00746
16	0.02658	0.01600	0.04862	0.01440	0.02066	0.01350	0.01211	0.10420	0.04768	0.30602	0.02504	0.05074	0.01854	0.04088	0.00911	0.00242	0.00708	0.00781	0.00765	0.22098
17	0.01896	0.01813	0.02758	0.24644	0.34905	0.04202	0.02193	0.02673	0.11781	0.02564	0.01772	0.02199	0.01402	0.00814	0.00807	0.00255	0.00967	0.00746	0.00456	0.01153
18	0.03167	0.02141	0.02354	0.01804	0.02451	0.02321	0.01491	0.54896	0.03595	0.14245	0.02133	0.02068	0.01473	0.00979	0.00812	0.00245	0.00863	0.00743	0.00840	0.01380
19	0.01627	0.04197	0.67279	0.02313	0.03512	0.01884	0.02998	0.02570	0.01713	0.02570	0.01456	0.01713	0.01028	0.00771	0.00771	0.00257	0.01199	0.00600	0.00343	0.01199
20	0.00989	0.00706	0.00942	0.01130	0.01177	0.00659	0.00753	0.01130	0.01554	0.02071	0.04472	0.70954	0.05367	0.02542	0.01036	0.00330	0.00471	0.02307	0.00753	0.00659
21	0.01525	0.01396	0.02348	0.65252	0.05305	0.01734	0.02157	0.02010	0.01587	0.02032	0.01440	0.02182	0.01102	0.00937	0.00959	0.05030	0.01058	0.00720	0.00360	0.00867
22	0.00989	0.00706	0.00942	0.01130	0.01177	0.00659	0.00753	0.01130	0.01554	0.02071	0.04472	0.70954	0.05367	0.02542	0.01036	0.00330	0.00471	0.02307	0.00753	0.00659
23	0.02094	0.62585	0.12981	0.01516	0.02281	0.03027	0.01611	0.02449	0.01658	0.02001	0.01174	0.01359	0.01039	0.00705	0.00555	0.00185	0.00914	0.00457	0.00346	0.01063
24	0.00989	0.00706	0.00942	0.01130	0.01177	0.00659	0.00753	0.01130	0.01554	0.02071	0.04472	0.70954	0.05367	0.02542	0.01036	0.00330	0.00471	0.02307	0.00753	0.00659
25	0.02018	0.01743	0.01835	0.01651	0.02110	0.02018	0.01284	0.04312	0.64956	0.03394	0.03303	0.03027	0.02477	0.01101	0.00826	0.00275	0.00642	0.00917	0.00826	0.01284
26	0.00989	0.00706	0.00942	0.01130	0.01177	0.00659	0.00753	0.01130	0.01554	0.02071	0.04472	0.70954	0.05367	0.02542	0.01036	0.00330	0.00471	0.02307	0.00753	0.00659
27	0.32453	0.01592	0.04803	0.01338	0.01944	0.01473	0.01157	0.03270	0.01923	0.38950	0.02302	0.02143	0.01517	0.00894	0.00690	0.00251	0.00691	0.00657	0.00775	0.01175
28	0.01513	0.00756	0.00756	0.00756	0.00945	0.00756	0.00567	0.01891	0.01702	0.03025	0.02647	0.03025	0.02080	0.00945	0.00567	0.00189	0.00378	0.00756	0.75988	0.00756
29	0.77215	0.01569	0.01193	0.01067	0.01569	0.01820	0.00879	0.02385	0.01381	0.03641	0.01130	0.01318	0.00879	0.00753	0.00502	0.00251	0.00628	0.00439	0.00502	0.00879
30	0.01915	0.02189	0.04788	0.03420	0.04241	0.02052	0.63475	0.02599	0.01915	0.02599	0.01642	0.02189	0.01231	0.00684	0.00958	0.00274	0.01368	0.00958	0.00410	0.01094
31	0.02697	0.02080	0.02217	0.01789	0.02369	0.02335	0.01449	0.42119	0.26043	0.04489	0.02441	0.02340	0.01779	0.01020	0.00817	0.00255	0.00802	0.00798	0.00817	0.01345
32	0.01180	0.00787	0.00885	0.00885	0.00885	0.00787	0.00492	0.01180	0.01180	0.01573	0.02557	0.05310	0.02950	0.71483	0.04130	0.00787	0.00787	0.01180	0.00492	0.00492
33	0.01532	0.01442	0.02434	0.69533	0.05589	0.01803	0.02253	0.02073	0.01622	0.02073	0.01442	0.02163	0.01082	0.00811	0.00811	0.00270	0.01082	0.00721	0.00361	0.00901

[dist]
# distance from previous block
# <min> <max>
0	6

[block]
# block no. 1 follows, 23 sequences, length 39
# corresponding to MSA columns:
# 47-85
name=unknown_B
#
# <colnr> <probs for GDERKNQSTAVLIFYWHMCP>
#	G	D	E	R	K	N	Q	S	T	A	V	L	I	F	Y	W	H	M	C	P
0	0.01409	0.00705	0.01057	0.01057	0.01057	0.00705	0.00705	0.01057	0.01057	0.01409	0.01409	0.02467	0.01409	0.02819	0.03171	0.76392	0.00705	0.00705	0.00352	0.00352
1	0.01649	0.01604	0.02509	0.60212	0.11199	0.04978	0.02243	0.02168	0.01676	0.02124	0.01441	0.02115	0.01099	0.00804	0.00807	0.00265	0.01089	0.00712	0.00367	0.00940
2	0.01648	0.04074	0.63803	0.02458	0.06929	0.01887	0.02970	0.02565	0.01720	0.02574	0.01460	0.01729	0.01042	0.00768	0.00773	0.00256	0.01186	0.00606	0.00346	0.01204
3	0.02074	0.01771	0.01866	0.01662	0.02131	0.02044	0.01298	0.07393	0.61784	0.03484	0.03232	0.02971	0.02420	0.01094	0.00825	0.00274	0.00655	0.00908	0.00825	0.01289
4	0.21116	0.01536	0.01787	0.01406	0.02007	0.01506	0.01161	0.10951	0.02282	0.44248	0.02553	0.02317	0.01662	0.00941	0.00741	0.00250	0.00700	0.00716	0.00861	0.01261
5	0.01793	0.18642	0.43477	0.02123	0.05583	0.05115	0.02410	0.02496	0.01771	0.02449	0.05742	0.01918	0.01490	0.00815	0.00728	0.00236	0.01074	0.00624	0.00387	0.01127
6	0.64239	0.04498	0.01484	0.03910	0.01821	0.01939	0.01026	0.05252	0.01510	0.03501	0.01178	0.01401	0.00926	0.00793	0.00626	0.00253	0.03757	0.00476	0.00498	0.00910
7	0.01775	0.01775	0.02485	0.02130	0.02130	0.02485	0.01775	0.01953	0.01243	0.01953	0.01065	0.01775	0.01065	0.01420	0.02663	0.00355	0.69998	0.00710	0.00355	0.00888
8	0.01409	0.00705	0.01057	0.01057	0.01057	0.00705	0.00705	0.01057	0.01057	0.01409	0.01409	0.02467	0.01409	0.02819	0.03171	0.76392	0.00705	0.00705	0.00352	0.00352
9	0.02018	0.01743	0.01835	0.01651	0.02110	0.02018	0.01284	0.04312	0.64956	0.03394	0.03303	0.03027	0.02477	0.01101	0.00826	0.00275	0.00642	0.00917	0.00826	0.01284
10	0.77215	0.01569	0.01193	0.01067	0.01569	0.01820	0.00879	0.02385	0.01381	0.03641	0.01130	0.01318	0.00879	0.00753	0.00502	0.00251	0.00628	0.00439	0.00502	0.00879
11	0.01148	0.00829	0.01085	0.01021	0.01212	0.00766	0.00766	0.01531	0.02297	0.03254	0.65994	0.06061	0.07656	0.01659	0.00957	0.00255	0.00383	0.01467	0.00893	0.00766
12	0.01279	0.00925	0.01268	0.01440	0.01634	0.00914	0.01252	0.01639	0.01866	0.02409	0.04614	0.09044	0.09651	0.02226	0.01108	0.00366	0.00720	0.56156	0.00748	0.00742
13	0.60947	0.01568	0.01507	0.12300	0.05739	0.01823	0.01188	0.02341	0.01445	0.03335	0.01202	0.01492	0.00934	0.00761	0.00568	0.00254	0.00719	0.00500	0.00474	0.00904
14	0.77215	0.01569	0.01193	0.01067	0.01569	0.01820	0.00879	0.02385	0.01381	0.03641	0.01130	0.01318	0.00879	0.00753	0.00502	0.00251	0.00628	0.00439	0.00502	0.00879
15	0.01587	0.01498	0.02532	0.62119	0.12575	0.01817	0.02281	0.02121	0.01648	0.02140	0.01452	0.02146	0.01105	0.00801	0.00810	0.00267	0.01068	0.00721	0.00365	0.00945
16	0.01148	0.00829	0.01085	0.01021	0.01212	0.00766	0.00766	0.01531	0.02297	0.03254	0.65994	0.06061	0.07656	0.01659	0.00957	0.00255	0.00383	0.01467	0.00893	0.00766
17	0.01409	0.00705	0.01057	0.01057	0.01057	0.00705	0.00705	0.01057	0.01057	0.01409	0.01409	0.02467	0.01409	0.02819	0.03171	0.76392	0.00705	0.00705	0.00352	0.00352
18	0.02018	0.01743	0.01835	0.01651	0.02110	0.02018	0.01284	0.04312	0.64956	0.03394	0.03303	0.03027	0.02477	0.01101	0.00826	0.00275	0.00642	0.00917	0.00826	0.01284
19	0.00999	0.00714	0.00951	0.01122	0.01179	0.00666	0.00754	0.01157	0.01604	0.02151	0.08632	0.66566	0.05522	0.02482	0.01030	0.00325	0.00465	0.02250	0.00763	0.00666
20	0.01980	0.01700	0.01807	0.01643	0.02087	0.01960	0.01286	0.04171	0.61578	0.03343	0.03356	0.03355	0.02594	0.01162	0.00841	0.00280	0.00648	0.04132	0.00821	0.01256
21	0.01915	0.02189	0.04788	0.03420	0.04241	0.02052	0.63475	0.02599	0.01915	0.02599	0.01642	0.02189	0.01231	0.00684	0.00958	0.00274	0.01368	0.00958	0.00410	0.01094
22	0.01955	0.01679	0.01780	0.01619	0.02053	0.01935	0.01252	0.04116	0.61055	0.03313	0.03375	0.07207	0.02655	0.01190	0.00839	0.00279	0.00632	0.01003	0.00821	0.01246
23	0.01915	0.40190	0.33807	0.01822	0.02753	0.02589	0.02143	0.02495	0.01679	0.02219	0.01282	0.01495	0.01035	0.00730	0.00638	0.00213	0.01023	0.00512	0.00345	0.01115
24	0.02201	0.65064	0.06658	0.01469	0.02166	0.07158	0.01464	0.02485	0.01691	0.01940	0.01149	0.01328	0.01041	0.00706	0.00544	0.00179	0.00918	0.00446	0.00351	0.01041
25	0.02018	0.01696	0.02015	0.05364	0.02388	0.01917	0.05137	0.03943	0.52298	0.06112	0.03143	0.05640	0.02420	0.01113	0.00841	0.00276	0.00706	0.00960	0.00780	0.01231
26	0.00989	0.00706	0.00942	0.01130	0.01177	0.00659	0.00753	0.01130	0.01554	0.02071	0.04472	0.70954	0.05367	0.02542	0.01036	0.00330	0.00471	0.02307	0.00753	0.00659
27	0.01409	0.00705	0.01057	0.01057	0.01057	0.00705	0.00705	0.01057	0.01057	0.01409	0.01409	0.02467	0.01409	0.02819	0.03171	0.76392	0.00705	0.00705	0.00352	0.00352
28	0.01159	0.00869	0.01304	0.01304	0.01449	0.01014	0.01014	0.01449	0.01304	0.01884	0.02173	0.03188	0.02029	0.06086	0.68268	0.01304	0.02173	0.00869	0.00435	0.00724
29	0.01537	0.01382	0.01946	0.01742	0.01806	0.01842	0.01421	0.01768	0.01296	0.02001	0.01569	0.02365	0.01478	0.03057	0.25993	0.00683	0.41025	0.00770	0.05498	0.00820
30	0.01252	0.00948	0.01169	0.01103	0.01328	0.00928	0.00829	0.01877	0.10786	0.03175	0.52245	0.08501	0.09454	0.01638	0.00943	0.00262	0.00423	0.01439	0.00872	0.00828
31	0.01159	0.00869	0.01304	0.01304	0.01449	0.01014	0.01014	0.01449	0.01304	0.01884	0.02173	0.03188	0.02029	0.06086	0.68268	0.01304	0.02173	0.00869	0.00435	0.00724
32	0.09761	0.05450	0.06364	0.09193	0.13578	0.12101	0.01728	0.10381	0.14490	0.06331	0.01901	0.02054	0.01444	0.00873	0.00755	0.00246	0.00943	0.00687	0.00568	0.01153
33	0.02472	0.02605	0.05379	0.05588	0.11868	0.21941	0.01747	0.16362	0.07677	0.02968	0.01635	0.01869	0.01289	0.00904	0.00934	0.00239	0.07107	0.00658	0.00530	0.06228
34	0.01975	0.02188	0.03682	0.05804	0.03538	0.09516	0.37914	0.02501	0.01850	0.02457	0.01506	0.01985	0.01184	0.00756	0.01011	0.00248	0.07101	0.00796	0.00416	0.13571
35	0.11186	0.23320	0.11468	0.02017	0.07900	0.10701	0.05449	0.07771	0.01986	0.05122	0.04874	0.01858	0.01473	0.00818	0.00689	0.00223	0.00967	0.00620	0.00476	0.01081
36	0.13336	0.09631	0.02320	0.12195	0.07761	0.12426	0.03516	0.08606	0.07605	0.02855	0.01787	0.02241	0.01453	0.00895	0.00717	0.00240	0.00916	0.03101	0.07383	0.01018
37	0.08187	0.01787	0.02915	0.04954	0.02964	0.01770	0.25429	0.02766	0.13914	0.05384	0.02162	0.02403	0.03876	0.00850	0.00878	0.00246	0.03387	0.00824	0.00543	0.14761
38	0.26134	0.05051	0.02052	0.05693	0.13731	0.05196	0.01405	0.05390	0.04786	0.15458	0.06145	0.02200	0.01750	0.00887	0.00706	0.00245	0.00776	0.00686	0.00616	0.01094

[dist]
# distance from previous block
# <min> <max>
23	49

[block]
# block no. 2 follows, 23 sequences, length 127
# corresponding to MSA columns:
# 138-264
name=unknown_C
#
# <colnr> <probs for GDERKNQSTAVLIFYWHMCP>
#	G	D	E	R	K	N	Q	S	T	A	V	L	I	F	Y	W	H	M	C	P
0	0.05098	0.07124	0.49104	0.02267	0.05379	0.01888	0.05626	0.02698	0.01774	0.09311	0.01619	0.01818	0.01144	0.00785	0.00762	0.00252	0.01105	0.00629	0.00424	0.01194
1	0.01789	0.03197	0.41648	0.02712	0.14826	0.01797	0.05610	0.02620	0.04483	0.05550	0.03976	0.02355	0.01572	0.00874	0.00812	0.00260	0.01071	0.03218	0.00443	0.01188
2	0.01258	0.00957	0.01381	0.01447	0.01636	0.00942	0.04385	0.01665	0.04787	0.02439	0.09415	0.27993	0.04861	0.02151	0.01057	0.00339	0.00656	0.31117	0.00747	0.00764
3	0.00989	0.00706	0.00942	0.01130	0.01177	0.00659	0.00753	0.01130	0.01554	0.02071	0.04472	0.70954	0.05367	0.02542	0.01036	0.00330	0.00471	0.02307	0.00753	0.00659
4	0.01653	0.01586	0.02459	0.57967	0.09997	0.04217	0.02188	0.02283	0.05508	0.02195	0.01555	0.02179	0.01181	0.00823	0.00809	0.00266	0.01060	0.00726	0.00394	0.00956
5	0.02169	0.71972	0.04252	0.01388	0.02083	0.03211	0.01388	0.02430	0.01649	0.01909	0.01128	0.01302	0.01041	0.00694	0.00521	0.00174	0.00868	0.00434	0.00347	0.01041
6	0.01160	0.00866	0.01287	0.01287	0.01425	0.01005	0.00992	0.01438	0.01299	0.01871	0.02189	0.03276	0.02067	0.08821	0.65585	0.01282	0.02115	0.00882	0.00437	0.00715
7	0.01172	0.00783	0.00887	0.00895	0.00897	0.00781	0.00503	0.01178	0.01196	0.01594	0.02637	0.08055	0.03051	0.68600	0.04001	0.00768	0.00773	0.01227	0.00503	0.00499
8	0.01915	0.02189	0.04788	0.03420	0.04241	0.02052	0.63475	0.02599	0.01915	0.02599	0.01642	0.02189	0.01231	0.00684	0.00958	0.00274	0.01368	0.00958	0.00410	0.01094
9	0.00989	0.00706	0.00942	0.01130	0.01177	0.00659	0.00753	0.01130	0.01554	0.02071	0.04472	0.70954	0.05367	0.02542	0.01036	0.00330	0.00471	0.02307	0.00753	0.00659
10	0.02508	0.22012	0.02963	0.02090	0.07627	0.21647	0.01615	0.10707	0.02090	0.04761	0.01369	0.01630	0.01146	0.00917	0.01041	0.00234	0.13535	0.00586	0.00458	0.01061
11	0.01148	0.00829	0.01085	0.01021	0.01212	0.00766	0.00766	0.01531	0.02297	0.03254	0.65994	0.06061	0.07656	0.01659	0.00957	0.00255	0.00383	0.01467	0.00893	0.00766
12	0.02061	0.02210	0.05186	0.10608	0.39425	0.11443	0.05917	0.02527	0.01875	0.02489	0.01476	0.01918	0.01211	0.00737	0.00784	0.00231	0.01049	0.00683	0.00405	0.07767
13	0.01043	0.00742	0.00990	0.01168	0.01233	0.00704	0.00817	0.01209	0.01579	0.02096	0.04352	0.59072	0.05149	0.05935	0.01202	0.00358	0.00525	0.10423	0.00739	0.00663
14	0.52671	0.01981	0.13487	0.04388	0.02078	0.01733	0.01323	0.02325	0.01539	0.03335	0.07271	0.01873	0.01549	0.00844	0.00608	0.00253	0.00731	0.00578	0.00503	0.00929
15	0.02091	0.49135	0.14883	0.04685	0.02517	0.06799	0.01713	0.02587	0.05061	0.02115	0.01322	0.01514	0.01117	0.00743	0.00606	0.00200	0.00959	0.00507	0.00377	0.01069
16	0.00989	0.00706	0.00942	0.01130	0.01177	0.00659	0.00753	0.01130	0.01554	0.02071	0.04472	0.70954	0.05367	0.02542	0.01036	0.00330	0.00471	0.02307	0.00753	0.00659
17	0.01188	0.00912	0.01359	0.01343	0.01481	0.01083	0.01050	0.01473	0.01301	0.01887	0.02121	0.03121	0.01983	0.05867	0.65191	0.01260	0.05354	0.00862	0.00431	0.00732
18	0.01845	0.01781	0.02742	0.28638	0.33709	0.05131	0.02230	0.02426	0.05139	0.02430	0.01719	0.02463	0.01436	0.00860	0.00820	0.00259	0.01005	0.03842	0.00428	0.01097
19	0.01949	0.13577	0.40099	0.02527	0.11804	0.05585	0.04801	0.02647	0.01792	0.05789	0.01504	0.01752	0.01124	0.00765	0.00746	0.00240	0.01113	0.00613	0.00392	0.01180
20	0.01409	0.00705	0.01057	0.01057	0.01057	0.00705	0.00705	0.01057	0.01057	0.01409	0.01409	0.02467	0.01409	0.02819	0.03171	0.76392	0.00705	0.00705	0.00352	0.00352
21	0.58017	0.01645	0.01466	0.03536	0.01880	0.01860	0.01044	0.10935	0.01806	0.09339	0.01434	0.01560	0.01053	0.00808	0.00583	0.00251	0.00685	0.00522	0.00584	0.00992
22	0.03071	0.07927	0.07705	0.01620	0.02257	0.01720	0.01447	0.11333	0.05672	0.40554	0.02587	0.02395	0.01728	0.00984	0.00899	0.00251	0.04978	0.00752	0.00817	0.01301
23	0.03057	0.01310	0.01831	0.08909	0.02339	0.01200	0.01250	0.03405	0.02241	0.50836	0.11849	0.03160	0.02701	0.01075	0.00835	0.00254	0.00690	0.00897	0.00918	0.01241
24	0.02169	0.71972	0.04252	0.01388	0.02083	0.03211	0.01388	0.02430	0.01649	0.01909	0.01128	0.01302	0.01041	0.00694	0.00521	0.00174	0.00868	0.00434	0.00347	0.01041
25	0.01822	0.05798	0.02122	0.01480	0.02080	0.01483	0.06317	0.06532	0.01817	0.02755	0.01577	0.01878	0.01293	0.00750	0.00818	0.00173	0.06758	0.00587	0.08863	0.45097
26	0.01775	0.01775	0.02485	0.02130	0.02130	0.02485	0.01775	0.01953	0.01243	0.01953	0.01065	0.01775	0.01065	0.01420	0.02663	0.00355	0.69998	0.00710	0.00355	0.00888
27	0.01180	0.00787	0.00885	0.00885	0.00885	0.00787	0.00492	0.01180	0.01180	0.01573	0.02557	0.05310	0.02950	0.71483	0.04130	0.00787	0.00787	0.01180	0.00492	0.00492
28	0.02125	0.02067	0.03114	0.11541	0.46359	0.07125	0.05066	0.07842	0.02032	0.02748	0.01538	0.01986	0.01250	0.00762	0.00806	0.00243	0.01028	0.00718	0.00435	0.01216
29	0.02047	0.08242	0.07908	0.06689	0.21242	0.02266	0.08393	0.10761	0.01932	0.02704	0.01434	0.01884	0.01185	0.00937	0.01266	0.00271	0.18564	0.00710	0.00436	0.01129
30	0.01203	0.01019	0.01064	0.01029	0.01329	0.00981	0.00777	0.01873	0.15724	0.02503	0.09825	0.09818	0.46182	0.01850	0.00933	0.00276	0.00463	0.01555	0.00776	0.00819
31	0.09984	0.01428	0.01842	0.01426	0.02043	0.01292	0.01177	0.05873	0.02292	0.59379	0.02979	0.02609	0.01889	0.00982	0.00789	0.00251	0.00692	0.00780	0.00954	0.01337
32	0.02495	0.34069	0.06279	0.01869	0.04650	0.24086	0.01594	0.08959	0.02075	0.02322	0.01280	0.01485	0.01086	0.00804	0.00732	0.00206	0.04013	0.00523	0.00420	0.01053
33	0.01060	0.00874	0.00939	0.00926	0.01191	0.00776	0.00704	0.01408	0.05075	0.02452	0.18159	0.07312	0.49982	0.01944	0.00959	0.00275	0.00431	0.04021	0.00782	0.00732
34	0.01180	0.00787	0.00885	0.00885	0.00885	0.00787	0.00492	0.01180	0.01180	0.01573	0.02557	0.05310	0.02950	0.71483	0.04130	0.00787	0.00787	0.01180	0.00492	0.00492
35	0.02070	0.01786	0.01994	0.01957	0.07836	0.02035	0.01404	0.07110	0.56310	0.03414	0.03078	0.02883	0.02317	0.01061	0.00823	0.00271	0.00683	0.00891	0.00787	0.01289
36	0.77215	0.01569	0.01193	0.01067	0.01569	0.01820	0.00879	0.02385	0.01381	0.03641	0.01130	0.01318	0.00879	0.00753	0.00502	0.00251	0.00628	0.00439	0.00502	0.00879
37	0.01148	0.00829	0.01085	0.01021	0.01212	0.00766	0.00766	0.01531	0.02297	0.03254	0.65994	0.06061	0.07656	0.01659	0.00957	0.00255	0.00383	0.01467	0.00893	0.00766
38	0.01532	0.01442	0.02434	0.69533	0.05589	0.01803	0.02253	0.02073	0.01622	0.02073	0.01442	0.02163	0.01082	0.00811	0.00811	0.00270	0.01082	0.00721	0.00361	0.00901
39	0.01247	0.00901	0.01232	0.01404	0.01583	0.00886	0.01196	0.01583	0.01833	0.02372	0.04614	0.15621	0.09428	0.02259	0.01099	0.00361	0.00692	0.50206	0.00748	0.00733
40	0.00989	0.00706	0.00942	0.01130	0.01177	0.00659	0.00753	0.01130	0.01554	0.02071	0.04472	0.70954	0.05367	0.02542	0.01036	0.00330	0.00471	0.02307	0.00753	0.00659
41	0.01561	0.01472	0.02486	0.65616	0.09280	0.01810	0.02268	0.02099	0.01636	0.02108	0.01447	0.02154	0.01094	0.00806	0.00811	0.00269	0.01075	0.00721	0.00363	0.00925
42	0.01915	0.02189	0.04788	0.03420	0.04241	0.02052	0.63475	0.02599	0.01915	0.02599	0.01642	0.02189	0.01231	0.00684	0.00958	0.00274	0.01368	0.00958	0.00410	0.01094
43	0.02141	0.68372	0.07600	0.01438	0.02159	0.03140	0.01474	0.02437	0.01652	0.01944	0.01146	0.01323	0.01041	0.00698	0.00534	0.00178	0.00885	0.00443	0.00347	0.01050
44	0.01683	0.01442	0.01683	0.01202	0.01923	0.01082	0.00961	0.02043	0.01683	0.02644	0.01442	0.01683	0.01202	0.00601	0.00601	0.00120	0.00601	0.00481	0.00481	0.76444
45	0.01689	0.01411	0.01544	0.01409	0.01776	0.01558	0.01086	0.03277	0.42193	0.03269	0.21984	0.04251	0.08465	0.01331	0.00873	0.00269	0.00550	0.01134	0.00840	0.01090
46	0.01627	0.04197	0.67279	0.02313	0.03512	0.01884	0.02998	0.02570	0.01713	0.02570	0.01456	0.01713	0.01028	0.00771	0.00771	0.00257	0.01199	0.00600	0.00343	0.01199
47	0.01513	0.00756	0.00756	0.00756	0.00945	0.00756	0.00567	0.01891	0.01702	0.03025	0.02647	0.03025	0.02080	0.00945	0.00567	0.00189	0.00378	0.00756	0.75988	0.00756
48	0.00989	0.00706	0.00942	0.01130	0.01177	0.00659	0.00753	0.01130	0.01554	0.02071	0.04472	0.70954	0.05367	0.02542	0.01036	0.00330	0.00471	0.02307	0.00753	0.00659
49	0.01180	0.00787	0.00885	0.00885	0.00885	0.00787	0.00492	0.01180	0.01180	0.01573	0.02557	0.05310	0.02950	0.71483	0.04130	0.00787	0.00787	0.01180	0.00492	0.00492
50	0.03085	0.02273	0.02435	0.01867	0.02516	0.02516	0.01542	0.63716	0.03815	0.05114	0.01948	0.01948	0.01380	0.00974	0.00812	0.00244	0.00893	0.00731	0.00812	0.01380
51	0.01158	0.00784	0.00884	0.00894	0.00912	0.00774	0.00512	0.01177	0.01236	0.01633	0.02966	0.08846	0.06533	0.64112	0.03796	0.00735	0.00750	0.01268	0.00520	0.00511
52	0.00959	0.00822	0.00822	0.00822	0.01096	0.00685	0.00617	0.01165	0.01850	0.02192	0.08220	0.07809	0.66092	0.02055	0.00959	0.00274	0.00411	0.01713	0.00754	0.00685
53	0.01513	0.00756	0.00756	0.00756	0.00945	0.00756	0.00567	0.01891	0.01702	0.03025	0.02647	0.03025	0.02080	0.00945	0.00567	0.00189	0.00378	0.00756	0.75988	0.00756
54	0.02277	0.01872	0.01981	0.01704	0.02209	0.02139	0.01347	0.18732	0.50114	0.03812	0.02974	0.02765	0.02211	0.01070	0.00822	0.00268	0.00703	0.00872	0.00822	0.01308
55	0.03085	0.02273	0.02435	0.01867	0.02516	0.02516	0.01542	0.63716	0.03815	0.05114	0.01948	0.01948	0.01380	0.00974	0.00812	0.00244	0.00893	0.00731	0.00812	0.01380
56	0.03031	0.03867	0.02299	0.02090	0.02508	0.68226	0.01568	0.03240	0.02299	0.01986	0.01254	0.01463	0.01045	0.00836	0.00732	0.00209	0.01463	0.00523	0.00418	0.00941
57	0.03031	0.03867	0.02299	0.02090	0.02508	0.68226	0.01568	0.03240	0.02299	0.01986	0.01254	0.01463	0.01045	0.00836	0.00732	0.00209	0.01463	0.00523	0.00418	0.00941
58	0.01909	0.01998	0.02466	0.02126	0.02171	0.09489	0.01753	0.02090	0.01355	0.01956	0.01085	0.01742	0.01063	0.01358	0.02457	0.00339	0.62696	0.00690	0.00362	0.00893
59	0.00959	0.00822	0.00822	0.00822	0.01096	0.00685	0.00617	0.01165	0.01850	0.02192	0.08220	0.07809	0.66092	0.02055	0.00959	0.00274	0.00411	0.01713	0.00754	0.00685
60	0.03029	0.02245	0.02404	0.01856	0.02495	0.02491	0.01529	0.60640	0.06981	0.05025	0.02018	0.02004	0.01437	0.00981	0.00812	0.00245	0.00880	0.00740	0.00812	0.01375
61	0.01532	0.01442	0.02434	0.69533	0.05589	0.01803	0.02253	0.02073	0.01622	0.02073	0.01442	0.02163	0.01082	0.00811	0.00811	0.00270	0.01082	0.00721	0.00361	0.00901
62	0.01017	0.00872	0.00877	0.00867	0.01152	0.00758	0.00653	0.01337	0.05305	0.02258	0.07951	0.07547	0.62609	0.02003	0.00952	0.00274	0.00424	0.01669	0.00757	0.00718
63	0.01891	0.02370	0.11005	0.03213	0.04053	0.02033	0.54002	0.02687	0.05243	0.02638	0.01711	0.02185	0.01277	0.00715	0.00932	0.00272	0.01312	0.00919	0.00426	0.01115
64	0.77215	0.01569	0.01193	0.01067	0.01569	0.01820	0.00879	0.02385	0.01381	0.03641	0.01130	0.01318	0.00879	0.00753	0.00502	0.00251	0.00628	0.00439	0.00502	0.00879
65	0.01308	0.00934	0.01308	0.01494	0.01681	0.00934	0.01308	0.01681	0.01868	0.02428	0.04296	0.09153	0.04670	0.02242	0.01121	0.00374	0.00747	0.60960	0.00747	0.00747
66	0.01113	0.00828	0.01035	0.00984	0.01190	0.00751	0.00738	0.01463	0.02213	0.03055	0.55184	0.06388	0.18590	0.01733	0.00957	0.00259	0.00388	0.01513	0.00867	0.00751
67	0.01627	0.04197	0.67279	0.02313	0.03512	0.01884	0.02998	0.02570	0.01713	0.02570	0.01456	0.01713	0.01028	0.00771	0.00771	0.00257	0.01199	0.00600	0.00343	0.01199
68	0.01617	0.01488	0.02434	0.65828	0.05420	0.01842	0.02215	0.05449	0.01743	0.02240	0.01470	0.02152	0.01098	0.00820	0.00811	0.00269	0.01071	0.00722	0.00385	0.00928
69	0.00989	0.00706	0.00942	0.01130	0.01177	0.00659	0.00753	0.01130	0.01554	0.02071	0.04472	0.70954	0.05367	0.02542	0.01036	0.00330	0.00471	0.02307	0.00753	0.00659
70	0.01513	0.00756	0.00756	0.00756	0.00945	0.00756	0.00567	0.01891	0.01702	0.03025	0.02647	0.03025	0.02080	0.00945	0.00567	0.00189	0.00378	0.00756	0.75988	0.00756
71	0.02045	0.02310	0.08759	0.02809	0.03533	0.07458	0.41546	0.05319	0.02007	0.05664	0.04336	0.02453	0.01607	0.05067	0.01103	0.00295	0.01235	0.00911	0.00476	0.01066
72	0.02758	0.01649	0.02026	0.01874	0.07758	0.01708	0.01371	0.08279	0.29411	0.29462	0.03008	0.02752	0.02102	0.01019	0.00819	0.00260	0.00708	0.00845	0.00861	0.01331
73	0.01030	0.00751	0.01028	0.04240	0.01402	0.00725	0.00850	0.01201	0.01573	0.02090	0.04326	0.64645	0.05137	0.02448	0.01030	0.00329	0.00513	0.05272	0.00735	0.00675
74	0.77215	0.01569	0.01193	0.01067	0.01569	0.01820	0.00879	0.02385	0.01381	0.03641	0.01130	0.01318	0.00879	0.00753	0.00502	0.00251	0.00628	0.00439	0.00502	0.00879
75	0.02556	0.04775	0.01944	0.01517	0.02062	0.01717	0.01224	0.08630	0.29669	0.23824	0.03218	0.02956	0.05578	0.01063	0.00801	0.00251	0.00673	0.00865	0.00836	0.05841
76	0.01608	0.01394	0.01801	0.11484	0.05605	0.01189	0.01208	0.01980	0.01669	0.02504	0.01745	0.08586	0.01598	0.00829	0.00685	0.00169	0.00677	0.00708	0.00486	0.54075
77	0.00989	0.00706	0.00942	0.01130	0.01177	0.00659	0.00753	0.01130	0.01554	0.02071	0.04472	0.70954	0.05367	0.02542	0.01036	0.00330	0.00471	0.02307	0.00753	0.00659
78	0.04099	0.04578	0.01008	0.00848	0.01063	0.00937	0.00650	0.01858	0.01679	0.02874	0.06332	0.03185	0.02364	0.04853	0.03830	0.00276	0.00515	0.00798	0.57490	0.00761
79	0.01889	0.02273	0.10134	0.06407	0.09962	0.02009	0.42670	0.02737	0.08333	0.02658	0.01774	0.02211	0.01338	0.00745	0.00905	0.00269	0.01226	0.00886	0.00443	0.01133
80	0.00987	0.00713	0.00934	0.01111	0.01172	0.00661	0.00745	0.01132	0.01571	0.02079	0.04700	0.67122	0.09052	0.02513	0.01031	0.00326	0.00467	0.02271	0.00753	0.00661
81	0.02154	0.67737	0.04285	0.01512	0.02214	0.03140	0.05156	0.02440	0.01665	0.01951	0.01159	0.01355	0.01053	0.00694	0.00547	0.00180	0.00898	0.00466	0.00351	0.01045
82	0.11865	0.16200	0.13853	0.06045	0.03417	0.02211	0.30187	0.02505	0.01745	0.02568	0.01433	0.01822	0.01107	0.00716	0.00774	0.00248	0.01129	0.00717	0.00397	0.01061
83	0.01979	0.05196	0.01995	0.01787	0.05583	0.02006	0.01328	0.03970	0.55019	0.03272	0.06432	0.03047	0.02616	0.01090	0.00816	0.00267	0.00657	0.00912	0.00782	0.01245
84	0.02729	0.01962	0.02275	0.01792	0.02312	0.02187	0.01477	0.35714	0.06195	0.12216	0.01971	0.02055	0.01444	0.01037	0.01145	0.00257	0.13927	0.00726	0.00722	0.07858
85	0.01159	0.00869	0.01304	0.01304	0.01449	0.01014	0.01014	0.01449	0.01304	0.01884	0.02173	0.03188	0.02029	0.06086	0.68268	0.01304	0.02173	0.00869	0.00435	0.00724
86	0.01551	0.01445	0.02054	0.01829	0.01882	0.01949	0.01498	0.01769	0.01265	0.01928	0.01469	0.02291	0.01417	0.03122	0.26596	0.00701	0.45256	0.00768	0.00384	0.00828
87	0.02262	0.64777	0.04055	0.01451	0.02127	0.06736	0.01406	0.05521	0.01792	0.02073	0.01176	0.01343	0.01058	0.00716	0.00547	0.00179	0.00902	0.00453	0.00374	0.01053
88	0.01180	0.00787	0.00885	0.00885	0.00885	0.00787	0.00492	0.01180	0.01180	0.01573	0.02557	0.05310	0.02950	0.71483	0.04130	0.00787	0.00787	0.01180	0.00492	0.00492
89	0.01683	0.01442	0.01683	0.01202	0.01923	0.01082	0.00961	0.02043	0.01683	0.02644	0.01442	0.01683	0.01202	0.00601	0.00601	0.00120	0.00601	0.00481	0.00481	0.76444
90	0.02520	0.01950	0.02092	0.01720	0.02278	0.02170	0.01380	0.30107	0.33624	0.06132	0.02630	0.02491	0.01930	0.01021	0.00810	0.00254	0.00751	0.00814	0.00811	0.04516
91	0.00992	0.00727	0.00933	0.01086	0.01168	0.00667	0.00736	0.01153	0.01626	0.02143	0.07854	0.59879	0.13177	0.02439	0.01022	0.00319	0.00459	0.02192	0.00760	0.00667
92	0.02607	0.05247	0.03011	0.02201	0.02825	0.02333	0.16283	0.34036	0.07357	0.07061	0.01924	0.02080	0.01413	0.00940	0.00989	0.00259	0.06729	0.00787	0.00668	0.01249
93	0.06895	0.05223	0.02011	0.01462	0.02080	0.01459	0.01216	0.07810	0.05463	0.53249	0.02915	0.02575	0.01885	0.00979	0.00786	0.00248	0.00708	0.00777	0.00924	0.01334
94	0.00989	0.00706	0.00942	0.01130	0.01177	0.00659	0.00753	0.01130	0.01554	0.02071	0.04472	0.70954	0.05367	0.02542	0.01036	0.00330	0.00471	0.02307	0.00753	0.00659
95	0.03527	0.01445	0.01908	0.01476	0.02096	0.01302	0.01215	0.06945	0.05729	0.60524	0.03144	0.02735	0.02002	0.01008	0.00816	0.00252	0.00698	0.00817	0.00985	0.01376
96	0.09959	0.58207	0.09892	0.01442	0.02164	0.02940	0.01487	0.02438	0.01627	0.02152	0.01159	0.01342	0.01023	0.00708	0.00542	0.00190	0.00874	0.00450	0.00363	0.01039
97	0.10189	0.09056	0.02369	0.01786	0.05410	0.04649	0.01407	0.38475	0.02936	0.04129	0.01762	0.01869	0.01320	0.00885	0.00719	0.00225	0.00835	0.00652	0.06102	0.05224
98	0.12498	0.04361	0.02256	0.01942	0.07636	0.05536	0.01457	0.37161	0.08304	0.04196	0.01897	0.01975	0.01410	0.00917	0.00745	0.00240	0.00843	0.00689	0.04703	0.01232
99	0.01140	0.00829	0.01072	0.01012	0.01207	0.00762	0.00759	0.01514	0.02276	0.03204	0.63284	0.06143	0.10397	0.01677	0.00957	0.00256	0.00384	0.01479	0.00887	0.00762
100	0.01627	0.04197	0.67279	0.02313	0.03512	0.01884	0.02998	0.02570	0.01713	0.02570	0.01456	0.01713	0.01028	0.00771	0.00771	0.00257	0.01199	0.00600	0.00343	0.01199
101	0.03039	0.01829	0.11949	0.01602	0.02277	0.01371	0.01487	0.03656	0.08652	0.47054	0.03000	0.02967	0.02047	0.01044	0.00826	0.00261	0.00767	0.03993	0.00870	0.01309
102	0.01615	0.01189	0.01744	0.29958	0.03142	0.01345	0.04453	0.04924	0.01779	0.02701	0.02056	0.02569	0.01583	0.00877	0.00701	0.00230	0.00748	0.00750	0.36771	0.00864
103	0.00989	0.00706	0.00942	0.01130	0.01177	0.00659	0.00753	0.01130	0.01554	0.02071	0.04472	0.70954	0.05367	0.02542	0.01036	0.00330	0.00471	0.02307	0.00753	0.00659
104	0.01532	0.01442	0.02434	0.69533	0.05589	0.01803	0.02253	0.02073	0.01622	0.02073	0.01442	0.02163	0.01082	0.00811	0.00811	0.00270	0.01082	0.00721	0.00361	0.00901
105	0.02112	0.64796	0.10925	0.01486	0.02234	0.03070	0.01559	0.02445	0.01656	0.01979	0.01163	0.01345	0.01040	0.00702	0.00547	0.00182	0.00903	0.00451	0.00347	0.01058
106	0.00989	0.00706	0.00942	0.01130	0.01177	0.00659	0.00753	0.01130	0.01554	0.02071	0.04472	0.70954	0.05367	0.02542	0.01036	0.00330	0.00471	0.02307	0.00753	0.00659
107	0.68657	0.01650	0.01336	0.01159	0.01679	0.01901	0.00955	0.09466	0.01662	0.03811	0.01224	0.01391	0.00937	0.00779	0.00538	0.00250	0.00658	0.00473	0.00538	0.00937
108	0.01180	0.00787	0.00885	0.00885	0.00885	0.00787	0.00492	0.01180	0.01180	0.01573	0.02557	0.05310	0.02950	0.71483	0.04130	0.00787	0.00787	0.01180	0.00492	0.00492
109	0.77215	0.01569	0.01193	0.01067	0.01569	0.01820	0.00879	0.02385	0.01381	0.03641	0.01130	0.01318	0.00879	0.00753	0.00502	0.00251	0.00628	0.00439	0.00502	0.00879
110	0.01159	0.00869	0.01304	0.01304	0.01449	0.01014	0.01014	0.01449	0.01304	0.01884	0.02173	0.03188	0.02029	0.06086	0.68268	0.01304	0.02173	0.00869	0.00435	0.00724
111	0.01532	0.01442	0.02434	0.69533	0.05589	0.01803	0.02253	0.02073	0.01622	0.02073	0.01442	0.02163	0.01082	0.00811	0.00811	0.00270	0.01082	0.00721	0.00361	0.00901
112	0.03641	0.01381	0.01883	0.01444	0.02071	0.01193	0.01193	0.03954	0.02322	0.66984	0.03201	0.02762	0.02009	0.01004	0.00816	0.00251	0.00690	0.00816	0.01004	0.01381
113	0.01594	0.01524	0.02633	0.60485	0.10734	0.01827	0.05526	0.02137	0.01657	0.02151	0.01460	0.02151	0.01107	0.00797	0.00818	0.00268	0.01087	0.00734	0.00367	0.00945
114	0.01179	0.00790	0.00901	0.00901	0.00906	0.00795	0.00511	0.01190	0.01185	0.01585	0.02542	0.05230	0.02915	0.69020	0.06546	0.00806	0.00839	0.01168	0.00490	0.00500
115	0.00987	0.00712	0.00936	0.01115	0.01173	0.00660	0.00747	0.01131	0.01567	0.02077	0.04648	0.67992	0.08215	0.02519	0.01032	0.00327	0.00468	0.02279	0.00753	0.00660
116	0.01908	0.02167	0.04669	0.03353	0.04131	0.02074	0.60280	0.02566	0.01880	0.02566	0.01612	0.02167	0.01223	0.00722	0.01046	0.00278	0.04922	0.00945	0.00408	0.01084
117	0.01915	0.02189	0.04788	0.03420	0.04241	0.02052	0.63475	0.02599	0.01915	0.02599	0.01642	0.02189	0.01231	0.00684	0.00958	0.00274	0.01368	0.00958	0.00410	0.01094
118	0.03085	0.02273	0.02435	0.01867	0.02516	0.02516	0.01542	0.63716	0.03815	0.05114	0.01948	0.01948	0.01380	0.00974	0.00812	0.00244	0.00893	0.00731	0.00812	0.01380
119	0.03611	0.01428	0.01912	0.01466	0.02095	0.01263	0.01211	0.07134	0.02402	0.63692	0.03135	0.02719	0.01975	0.01003	0.00816	0.00251	0.00701	0.00811	0.00994	0.01381
120	0.01916	0.01916	0.03149	0.18664	0.38227	0.04729	0.08740	0.02394	0.01771	0.02430	0.01468	0.02018	0.01206	0.00804	0.00980	0.00259	0.07068	0.00738	0.00390	0.01132
121	0.01735	0.01777	0.03447	0.02988	0.12229	0.01737	0.34293	0.02343	0.04965	0.02530	0.02357	0.12831	0.02231	0.01158	0.01018	0.00290	0.03550	0.06985	0.00510	0.01027
122	0.00959	0.00822	0.00822	0.00822	0.01096	0.00685	0.00617	0.01165	0.01850	0.02192	0.08220	0.07809	0.66092	0.02055	0.00959	0.00274	0.00411	0.01713	0.00754	0.00685
123	0.01047	0.00748	0.01008	0.01196	0.01269	0.00709	0.00854	0.01230	0.01611	0.02136	0.04440	0.59702	0.05240	0.02487	0.01051	0.00338	0.00521	0.12986	0.00752	0.00675
124	0.02403	0.53744	0.03745	0.01556	0.02196	0.14797	0.01434	0.07874	0.01953	0.02200	0.01222	0.01386	0.01071	0.00744	0.00584	0.00186	0.00977	0.00475	0.00400	0.01053
125	0.02562	0.05324	0.02378	0.01854	0.02417	0.08380	0.04362	0.29057	0.27636	0.03885	0.02368	0.02312	0.01760	0.00985	0.00804	0.00251	0.00868	0.00783	0.00741	0.01273
126	0.01743	0.01727	0.02423	0.02086	0.02094	0.02407	0.01735	0.01926	0.01246	0.01949	0.01124	0.01850	0.01116	0.01668	0.06148	0.00405	0.66396	0.00719	0.00359	0.00879

[dist]
# distance from previous block
# <min> <max>
0	1

[block]
# block no. 3 follows, 23 sequences, length 95
# corresponding to MSA columns:
# 266-360
name=unknown_D
#
# <colnr> <probs for GDERKNQSTAVLIFYWHMCP>
#	G	D	E	R	K	N	Q	S	T	A	V	L	I	F	Y	W	H	M	C	P
0	0.69673	0.01613	0.01321	0.01162	0.01644	0.01889	0.00958	0.05219	0.01487	0.03618	0.01164	0.01372	0.00912	0.00800	0.00634	0.00256	0.04399	0.00468	0.00509	0.00903
1	0.01748	0.01360	0.01627	0.01323	0.01830	0.01209	0.01039	0.06563	0.04659	0.05957	0.02359	0.16307	0.02287	0.01168	0.00843	0.00206	0.03901	0.03111	0.00607	0.41897
2	0.05603	0.21941	0.03859	0.05284	0.09178	0.05438	0.26308	0.02461	0.01758	0.02349	0.01434	0.01870	0.01179	0.00978	0.03860	0.00287	0.04054	0.00717	0.00393	0.01047
3	0.01409	0.00705	0.01057	0.01057	0.01057	0.00705	0.00705	0.01057	0.01057	0.01409	0.01409	0.02467	0.01409	0.02819	0.03171	0.76392	0.00705	0.00705	0.00352	0.00352
4	0.00989	0.00706	0.00942	0.01130	0.01177	0.00659	0.00753	0.01130	0.01554	0.02071	0.04472	0.70954	0.05367	0.02542	0.01036	0.00330	0.00471	0.02307	0.00753	0.00659
5	0.05625	0.16227	0.22404	0.02087	0.02808	0.02115	0.13445	0.05205	0.01777	0.02538	0.04101	0.05513	0.01603	0.01142	0.03592	0.00296	0.07263	0.00775	0.00434	0.01050
6	0.49836	0.01863	0.04603	0.01434	0.02006	0.01982	0.04050	0.14107	0.07416	0.03800	0.01511	0.01644	0.01135	0.00823	0.00622	0.00253	0.00739	0.00567	0.00577	0.01033
7	0.00989	0.00706	0.00942	0.01130	0.01177	0.00659	0.00753	0.01130	0.01554	0.02071	0.04472	0.70954	0.05367	0.02542	0.01036	0.00330	0.00471	0.02307	0.00753	0.00659
8	0.01532	0.01442	0.02434	0.69533	0.05589	0.01803	0.02253	0.02073	0.01622	0.02073	0.01442	0.02163	0.01082	0.00811	0.00811	0.00270	0.01082	0.00721	0.00361	0.00901
9	0.02738	0.02390	0.02359	0.15872	0.03115	0.16628	0.01670	0.32962	0.05179	0.06506	0.01797	0.01962	0.01313	0.00916	0.00795	0.00243	0.01038	0.00694	0.00642	0.01182
10	0.01782	0.01041	0.01324	0.01177	0.01490	0.00982	0.00908	0.02327	0.08642	0.17456	0.40825	0.07704	0.08021	0.01506	0.00915	0.00260	0.00483	0.01309	0.00900	0.00949
11	0.01780	0.01492	0.01719	0.01271	0.01948	0.01219	0.01013	0.06939	0.04672	0.02848	0.01685	0.04505	0.01438	0.00729	0.00645	0.00145	0.00620	0.00592	0.00533	0.64206
12	0.01159	0.00869	0.01304	0.01304	0.01449	0.01014	0.01014	0.01449	0.01304	0.01884	0.02173	0.03188	0.02029	0.06086	0.68268	0.01304	0.02173	0.00869	0.00435	0.00724
13	0.01095	0.01063	0.07399	0.01214	0.01397	0.00796	0.00964	0.01355	0.01668	0.02312	0.11728	0.52969	0.05074	0.02185	0.00978	0.00307	0.00526	0.01964	0.04276	0.00729
14	0.01758	0.03301	0.39727	0.02874	0.06813	0.01952	0.26670	0.02577	0.01799	0.02585	0.01532	0.01914	0.01120	0.00735	0.00846	0.00263	0.01254	0.00746	0.00372	0.01162
15	0.03641	0.01381	0.01883	0.01444	0.02071	0.01193	0.01193	0.03954	0.02322	0.66984	0.03201	0.02762	0.02009	0.01004	0.00816	0.00251	0.00690	0.00816	0.01004	0.01381
16	0.01554	0.01441	0.02358	0.59865	0.05039	0.01817	0.02127	0.02053	0.01590	0.02107	0.01464	0.02168	0.01128	0.00875	0.00975	0.00275	0.07563	0.00722	0.03985	0.00893
17	0.02192	0.56668	0.11858	0.01562	0.02303	0.06252	0.01604	0.05589	0.01799	0.02157	0.01216	0.01393	0.01057	0.00725	0.00577	0.00189	0.00940	0.00474	0.00374	0.01073
18	0.06295	0.01423	0.01879	0.01447	0.02070	0.01267	0.01195	0.06230	0.02346	0.62264	0.03077	0.02678	0.01943	0.00994	0.00804	0.00251	0.00696	0.00799	0.00979	0.01363
19	0.00989	0.00706	0.00942	0.01130	0.01177	0.00659	0.00753	0.01130	0.01554	0.02071	0.04472	0.70954	0.05367	0.02542	0.01036	0.00330	0.00471	0.02307	0.00753	0.00659
20	0.01506	0.01407	0.02363	0.66267	0.05378	0.01748	0.02182	0.02028	0.01619	0.02073	0.01587	0.05447	0.01286	0.00894	0.00822	0.00273	0.01053	0.00797	0.00379	0.00890
21	0.02095	0.01726	0.01837	0.01641	0.02108	0.01979	0.01280	0.04295	0.61983	0.06412	0.03298	0.03015	0.02455	0.01096	0.00825	0.00274	0.00644	0.00913	0.00834	0.01289
22	0.00989	0.00706	0.00942	0.01130	0.01177	0.00659	0.00753	0.01130	0.01554	0.02071	0.04472	0.70954	0.05367	0.02542	0.01036	0.00330	0.00471	0.02307	0.00753	0.00659
23	0.01749	0.01481	0.01718	0.01233	0.01951	0.01149	0.00989	0.04949	0.01783	0.02760	0.01466	0.01695	0.01210	0.00619	0.00611	0.00126	0.00615	0.00493	0.00496	0.72907
24	0.77215	0.01569	0.01193	0.01067	0.01569	0.01820	0.00879	0.02385	0.01381	0.03641	0.01130	0.01318	0.00879	0.00753	0.00502	0.00251	0.00628	0.00439	0.00502	0.00879
25	0.01148	0.00829	0.01085	0.01021	0.01212	0.00766	0.00766	0.01531	0.02297	0.03254	0.65994	0.06061	0.07656	0.01659	0.00957	0.00255	0.00383	0.01467	0.00893	0.00766
26	0.77215	0.01569	0.01193	0.01067	0.01569	0.01820	0.00879	0.02385	0.01381	0.03641	0.01130	0.01318	0.00879	0.00753	0.00502	0.00251	0.00628	0.00439	0.00502	0.00879
27	0.01768	0.01395	0.01560	0.01420	0.01803	0.01473	0.01072	0.03088	0.35418	0.05940	0.03283	0.18818	0.02982	0.04928	0.01011	0.00292	0.00606	0.01192	0.00754	0.11196
28	0.02008	0.01928	0.03294	0.04981	0.66422	0.01928	0.02490	0.02490	0.01848	0.02651	0.01526	0.02008	0.01285	0.00723	0.00803	0.00241	0.00964	0.00723	0.00402	0.01285
29	0.01148	0.00829	0.01085	0.01021	0.01212	0.00766	0.00766	0.01531	0.02297	0.03254	0.65994	0.06061	0.07656	0.01659	0.00957	0.00255	0.00383	0.01467	0.00893	0.00766
30	0.03641	0.01381	0.01883	0.01444	0.02071	0.01193	0.01193	0.03954	0.02322	0.66984	0.03201	0.02762	0.02009	0.01004	0.00816	0.00251	0.00690	0.00816	0.01004	0.01381
31	0.02143	0.68723	0.07273	0.01433	0.02151	0.03147	0.01466	0.02436	0.01652	0.01941	0.01144	0.01321	0.01041	0.00698	0.00533	0.00178	0.00884	0.00442	0.00347	0.01049
32	0.01513	0.00756	0.00756	0.00756	0.00945	0.00756	0.00567	0.01891	0.01702	0.03025	0.02647	0.03025	0.02080	0.00945	0.00567	0.00189	0.00378	0.00756	0.75988	0.00756
33	0.01238	0.00849	0.01113	0.01036	0.01243	0.00781	0.00781	0.01618	0.02298	0.05547	0.63734	0.05942	0.07453	0.01635	0.00952	0.00255	0.00394	0.01444	0.00897	0.00788
34	0.01579	0.00820	0.00827	0.00803	0.01011	0.00830	0.00608	0.04485	0.01790	0.03113	0.02618	0.02980	0.02050	0.00947	0.00577	0.00191	0.00400	0.00755	0.72834	0.00782
35	0.00989	0.00706	0.00942	0.01130	0.01177	0.00659	0.00753	0.01130	0.01554	0.02071	0.04472	0.70954	0.05367	0.02542	0.01036	0.00330	0.00471	0.02307	0.00753	0.00659
36	0.01308	0.00934	0.01308	0.01494	0.01681	0.00934	0.01308	0.01681	0.01868	0.02428	0.04296	0.09153	0.04670	0.02242	0.01121	0.00374	0.00747	0.60960	0.00747	0.00747
37	0.02907	0.02045	0.02200	0.01709	0.02299	0.02241	0.01405	0.53503	0.03488	0.07297	0.02086	0.02117	0.01494	0.00972	0.00781	0.00237	0.00820	0.00737	0.10361	0.01301
38	0.00989	0.00706	0.00942	0.01130	0.01177	0.00659	0.00753	0.01130	0.01554	0.02071	0.04472	0.70954	0.05367	0.02542	0.01036	0.00330	0.00471	0.02307	0.00753	0.00659
