[name]
unknown

[dist]
# distance from previous block
# <min> <max>
0	281

[block]
# block no. 0 follows, 18 sequences, length 13
# corresponding to MSA columns:
# 309-321
name=unknown_A
#
# <colnr> <probs for GDERKNQSTAVLIFYWHMCP>
#	G	D	E	R	K	N	Q	S	T	A	V	L	I	F	Y	W	H	M	C	P
0	0.01425	0.01039	0.01395	0.01567	0.01757	0.01041	0.01284	0.01912	0.05560	0.02757	0.07726	0.24485	0.05511	0.02513	0.01214	0.00396	0.00736	0.35963	0.00861	0.00857
1	0.01114	0.00819	0.01045	0.01227	0.01318	0.00750	0.00829	0.01284	0.01808	0.02364	0.05691	0.58467	0.14331	0.02795	0.01159	0.00364	0.00523	0.02510	0.00852	0.00750
2	0.02485	0.01703	0.01921	0.01602	0.01972	0.01858	0.01215	0.23301	0.05653	0.08624	0.02633	0.03819	0.02367	0.26146	0.02458	0.00514	0.05321	0.01037	0.04266	0.01107
3	0.01604	0.00802	0.01169	0.01169	0.01186	0.00802	0.00785	0.01270	0.01253	0.01738	0.01705	0.02841	0.01654	0.03023	0.03357	0.67547	0.00768	0.00802	0.06086	0.00435
4	0.01262	0.00950	0.01356	0.01352	0.01502	0.00891	0.04075	0.01529	0.02011	0.02756	0.23318	0.36519	0.06353	0.09883	0.01540	0.00401	0.00598	0.02063	0.00849	0.00792
5	0.01119	0.00799	0.01065	0.01278	0.01332	0.00746	0.00852	0.01278	0.01758	0.02344	0.05061	0.67132	0.06073	0.02877	0.01172	0.00373	0.00533	0.02610	0.00852	0.00746
6	0.07988	0.50270	0.16230	0.01753	0.02636	0.03207	0.01892	0.02777	0.01856	0.02465	0.01351	0.01568	0.01161	0.00808	0.00644	0.00222	0.01036	0.00529	0.00406	0.01200
7	0.02540	0.01873	0.02269	0.01834	0.02409	0.01955	0.05848	0.21719	0.14569	0.10141	0.09066	0.04294	0.14578	0.01421	0.00983	0.00294	0.00814	0.01193	0.00903	0.01297
8	0.01491	0.01201	0.04510	0.01607	0.05664	0.01004	0.01150	0.01859	0.02224	0.06544	0.30306	0.28232	0.06470	0.02079	0.01084	0.00318	0.00581	0.01860	0.00891	0.00927
9	0.12332	0.21172	0.24312	0.02065	0.02927	0.08515	0.02197	0.06451	0.02041	0.02941	0.01475	0.01746	0.01175	0.00926	0.00920	0.00267	0.06252	0.00614	0.00457	0.01216
10	0.02080	0.06142	0.17881	0.03118	0.21797	0.07031	0.02263	0.05259	0.02188	0.02983	0.06280	0.07933	0.05725	0.01183	0.00908	0.00279	0.01043	0.01010	0.03669	0.01230
11	0.05462	0.02254	0.02699	0.06066	0.16829	0.09517	0.04552	0.10419	0.12239	0.03411	0.02184	0.02487	0.01717	0.01044	0.01045	0.00283	0.06503	0.00832	0.09194	0.01261
12	0.14141	0.12849	0.15216	0.02208	0.02978	0.02400	0.11468	0.08848	0.06723	0.03304	0.02028	0.07009	0.01725	0.01081	0.00947	0.00290	0.04117	0.00885	0.00567	0.01215

[dist]
# distance from previous block
# <min> <max>
0	8

[block]
# block no. 1 follows, 18 sequences, length 16
# corresponding to MSA columns:
# 332-347
name=unknown_B
#
# <colnr> <probs for GDERKNQSTAVLIFYWHMCP>
#	G	D	E	R	K	N	Q	S	T	A	V	L	I	F	Y	W	H	M	C	P
0	0.02270	0.02022	0.07166	0.01702	0.02390	0.01773	0.01461	0.09105	0.20710	0.07699	0.08880	0.03030	0.02661	0.01077	0.00861	0.00245	0.00767	0.00885	0.00783	0.24513
1	0.30110	0.01562	0.01662	0.01384	0.01966	0.01571	0.01127	0.03351	0.04476	0.28908	0.06116	0.03307	0.08447	0.01196	0.00814	0.00288	0.00702	0.00910	0.00877	0.01226
2	0.03705	0.01604	0.02099	0.01620	0.02327	0.01410	0.01327	0.04248	0.07229	0.50711	0.03393	0.03003	0.02206	0.01091	0.00895	0.00269	0.00765	0.00887	0.01049	0.10162
3	0.09505	0.03277	0.31275	0.02621	0.07938	0.02023	0.08423	0.05754	0.02186	0.15283	0.02066	0.02230	0.01436	0.00920	0.00880	0.00289	0.01161	0.00770	0.00595	0.01368
4	0.01423	0.01093	0.01460	0.14133	0.02359	0.01154	0.01183	0.01910	0.06005	0.02741	0.12645	0.24660	0.10270	0.05717	0.01228	0.00349	0.00673	0.01672	0.08452	0.00872
5	0.01528	0.00798	0.01178	0.01208	0.01215	0.00790	0.00805	0.01208	0.01275	0.01700	0.02080	0.11791	0.02221	0.03146	0.03251	0.63087	0.00760	0.01051	0.00462	0.00447
6	0.01197	0.00894	0.01030	0.01065	0.01281	0.00797	0.00772	0.01477	0.02121	0.02818	0.20566	0.22219	0.30179	0.02249	0.01070	0.00312	0.00471	0.01947	0.06737	0.00797
7	0.05255	0.02472	0.08761	0.09828	0.07220	0.02218	0.41787	0.02837	0.02077	0.02936	0.01780	0.02360	0.01344	0.00797	0.01005	0.00298	0.01409	0.00969	0.00461	0.04186
8	0.01384	0.01059	0.01296	0.01307	0.01549	0.01033	0.01003	0.02001	0.09244	0.03159	0.28787	0.16407	0.15595	0.02128	0.01108	0.00329	0.00553	0.10232	0.00926	0.00901
9	0.01279	0.00866	0.01018	0.01074	0.01088	0.00852	0.00634	0.01320	0.01446	0.01927	0.03459	0.21967	0.04052	0.50799	0.03759	0.00755	0.00797	0.01668	0.00634	0.00606
10	0.02393	0.61909	0.10648	0.01676	0.02519	0.03483	0.01754	0.02765	0.01873	0.02235	0.01314	0.01520	0.01177	0.00794	0.00618	0.00206	0.01020	0.00510	0.00392	0.01196
11	0.03102	0.01864	0.02235	0.01785	0.02395	0.01918	0.01451	0.15994	0.13312	0.25468	0.06289	0.02985	0.02409	0.01181	0.01066	0.00281	0.05691	0.00918	0.00929	0.08727
12	0.03088	0.02173	0.02417	0.01952	0.02560	0.02371	0.01601	0.41412	0.07647	0.08504	0.02636	0.03260	0.02091	0.01424	0.01158	0.05775	0.00943	0.06711	0.00886	0.01390
13	0.01422	0.01027	0.01291	0.01333	0.01505	0.01004	0.00951	0.07556	0.02265	0.03084	0.20489	0.43411	0.06314	0.02409	0.01120	0.00339	0.00556	0.02155	0.00904	0.00866
14	0.01717	0.00990	0.01047	0.01012	0.01203	0.01007	0.00717	0.06155	0.01951	0.03134	0.03038	0.07873	0.02762	0.17409	0.01676	0.00393	0.00591	0.01078	0.45418	0.00829
15	0.60734	0.14271	0.02000	0.01276	0.01885	0.02355	0.01103	0.02709	0.01620	0.03751	0.01278	0.01488	0.01029	0.00840	0.00572	0.00268	0.00761	0.00496	0.00535	0.01029

[dist]
# distance from previous block
# <min> <max>
0	1

[block]
# block no. 2 follows, 18 sequences, length 160
# corresponding to MSA columns:
# 349-508
name=unknown_C
#
# <colnr> <probs for GDERKNQSTAVLIFYWHMCP>
#	G	D	E	R	K	N	Q	S	T	A	V	L	I	F	Y	W	H	M	C	P
0	0.10832	0.05195	0.01514	0.01251	0.01574	0.01290	0.00988	0.02120	0.06357	0.03537	0.40046	0.05905	0.09782	0.01697	0.00986	0.00292	0.00546	0.04258	0.00893	0.00936
1	0.02882	0.02080	0.02254	0.01823	0.02392	0.02288	0.01474	0.40511	0.06848	0.04898	0.02619	0.07015	0.02099	0.01534	0.04237	0.00339	0.00952	0.00975	0.11424	0.01356
2	0.02064	0.01112	0.01483	0.01314	0.01662	0.01006	0.01031	0.02476	0.02579	0.19397	0.42790	0.06061	0.06761	0.01717	0.01051	0.00295	0.00550	0.04565	0.01035	0.01051
3	0.03336	0.02495	0.02669	0.02081	0.02789	0.02776	0.01708	0.52045	0.11464	0.05539	0.02400	0.02360	0.01720	0.01121	0.00921	0.00280	0.00974	0.00854	0.00921	0.01548
4	0.05835	0.06605	0.24456	0.01898	0.02864	0.01815	0.02018	0.03069	0.05252	0.12740	0.02041	0.02155	0.01488	0.00871	0.00794	0.00237	0.00966	0.00677	0.00597	0.23621
5	0.02284	0.36099	0.30420	0.02038	0.03072	0.02830	0.02365	0.02924	0.01944	0.06148	0.01583	0.01779	0.01238	0.00845	0.00735	0.00244	0.01136	0.00600	0.00435	0.01281
6	0.06721	0.01583	0.01980	0.01606	0.02214	0.01514	0.01298	0.04157	0.14080	0.41402	0.10182	0.03537	0.03052	0.01230	0.00927	0.00290	0.00727	0.01011	0.01055	0.01434
7	0.01148	0.00822	0.01092	0.01258	0.01338	0.00766	0.00855	0.01353	0.01897	0.02564	0.14362	0.57202	0.06500	0.02712	0.01157	0.00359	0.00516	0.02454	0.00878	0.00766
8	0.06123	0.02105	0.04139	0.27933	0.05225	0.02196	0.33325	0.02694	0.02002	0.02775	0.01736	0.02409	0.01304	0.00835	0.00989	0.00307	0.01373	0.00945	0.00448	0.01139
9	0.01764	0.01607	0.02738	0.53431	0.05605	0.01925	0.06581	0.02367	0.01871	0.02515	0.01806	0.02562	0.01366	0.00925	0.00899	0.00296	0.01157	0.00841	0.08726	0.01018
10	0.01335	0.00890	0.01001	0.01001	0.01001	0.00890	0.00556	0.01335	0.01335	0.01780	0.02893	0.06009	0.03338	0.67731	0.04673	0.00890	0.00890	0.01335	0.00556	0.00556
11	0.01334	0.00895	0.01027	0.01027	0.01035	0.00904	0.00588	0.01351	0.01343	0.01799	0.02870	0.05882	0.03283	0.64514	0.07816	0.00921	0.00973	0.01317	0.00553	0.00570
12	0.02273	0.01859	0.02170	0.02228	0.09210	0.02058	0.01564	0.04235	0.43421	0.07019	0.03884	0.03997	0.06147	0.01328	0.00959	0.00312	0.00764	0.04307	0.00880	0.01385
13	0.02009	0.02009	0.02812	0.02411	0.02411	0.02812	0.02009	0.02210	0.01406	0.02210	0.01205	0.02009	0.01205	0.01607	0.03013	0.00402	0.66051	0.00804	0.00402	0.01004
14	0.02794	0.02035	0.02164	0.01765	0.02317	0.02250	0.01412	0.34247	0.14847	0.04728	0.02697	0.02892	0.02058	0.04912	0.01083	0.00306	0.00838	0.00903	0.14401	0.01350
15	0.01119	0.00799	0.01065	0.01278	0.01332	0.00746	0.00852	0.01278	0.01758	0.02344	0.05061	0.67132	0.06073	0.02877	0.01172	0.00373	0.00533	0.02610	0.00852	0.00746
16	0.02227	0.01908	0.02034	0.01856	0.02353	0.02197	0.01455	0.04669	0.56226	0.03764	0.03817	0.03916	0.02978	0.01337	0.00958	0.00319	0.00735	0.04913	0.00928	0.01410
17	0.02015	0.02109	0.03917	0.12454	0.08091	0.02348	0.26588	0.02555	0.01849	0.02596	0.01658	0.02385	0.01369	0.01394	0.05224	0.00400	0.20541	0.00938	0.00439	0.01128
18	0.01853	0.01551	0.01656	0.01507	0.01932	0.01671	0.01165	0.05937	0.32579	0.03520	0.13721	0.05420	0.20445	0.01641	0.00999	0.00306	0.00622	0.01377	0.00921	0.01178
19	0.01172	0.00822	0.01050	0.01210	0.01250	0.00781	0.00779	0.01293	0.01654	0.02205	0.04526	0.52042	0.05398	0.18888	0.02036	0.00501	0.00621	0.02296	0.00779	0.00699
20	0.02393	0.01948	0.02079	0.01855	0.02385	0.02228	0.01447	0.04855	0.56921	0.07329	0.03730	0.03408	0.02771	0.01239	0.00934	0.00310	0.00730	0.01031	0.00946	0.01460
21	0.01551	0.01257	0.01803	0.01688	0.01799	0.01584	0.01342	0.01806	0.01467	0.02201	0.02084	0.03093	0.01948	0.04816	0.39337	0.05269	0.20356	0.00914	0.04834	0.00850
22	0.02213	0.02316	0.03219	0.32023	0.23150	0.12324	0.06385	0.02753	0.02065	0.02576	0.01642	0.02264	0.01301	0.00881	0.00912	0.00284	0.01276	0.00798	0.00437	0.01179
23	0.02017	0.01706	0.01963	0.01434	0.02227	0.01380	0.01147	0.05686	0.05575	0.03202	0.01792	0.02013	0.01459	0.00738	0.00709	0.00155	0.00702	0.00590	0.00589	0.64918
24	0.05810	0.01812	0.03297	0.32497	0.04842	0.01954	0.20430	0.02440	0.02004	0.02748	0.06763	0.03190	0.06102	0.01040	0.00977	0.00305	0.01187	0.01029	0.00512	0.01061
25	0.01173	0.00822	0.01049	0.01208	0.01248	0.00782	0.00778	0.01293	0.01651	0.02202	0.04513	0.51687	0.05382	0.19264	0.02057	0.00504	0.00623	0.02288	0.00778	0.00698
26	0.02457	0.02071	0.02816	0.03462	0.27621	0.02217	0.02041	0.07056	0.29103	0.07084	0.02793	0.02851	0.02131	0.01050	0.00922	0.00291	0.00900	0.00926	0.00743	0.01466
27	0.01300	0.00939	0.01227	0.01155	0.01372	0.00866	0.00866	0.01733	0.02599	0.03682	0.61519	0.06859	0.08664	0.01877	0.01083	0.00289	0.00433	0.01661	0.01011	0.00866
28	0.03490	0.02572	0.02756	0.02113	0.02847	0.02847	0.01745	0.58942	0.04317	0.05787	0.02204	0.02204	0.01561	0.01102	0.00919	0.00276	0.01010	0.00827	0.00919	0.01561
29	0.02501	0.59947	0.04555	0.01657	0.02394	0.03532	0.01608	0.06602	0.02009	0.02414	0.01337	0.01554	0.01206	0.00854	0.00751	0.00214	0.04710	0.00532	0.00430	0.01195
30	0.03920	0.01518	0.02067	0.01600	0.02275	0.01315	0.01315	0.04281	0.02626	0.58469	0.07717	0.03389	0.02725	0.01189	0.00935	0.00284	0.00757	0.00975	0.01128	0.01513
31	0.01153	0.00933	0.01024	0.01001	0.01282	0.00804	0.00751	0.01449	0.02252	0.02859	0.25762	0.08213	0.44934	0.02184	0.01084	0.00303	0.00455	0.01850	0.00902	0.00804
32	0.03543	0.02070	0.06467	0.01844	0.02575	0.01879	0.01595	0.16554	0.11733	0.36912	0.03188	0.02884	0.02118	0.01127	0.00920	0.00287	0.00864	0.00902	0.01005	0.01532
33	0.01488	0.01136	0.01582	0.01587	0.01814	0.01124	0.04299	0.05118	0.04843	0.02947	0.12874	0.33302	0.05576	0.02347	0.01153	0.00361	0.00692	0.15999	0.00860	0.00897
34	0.02167	0.02477	0.05418	0.03870	0.04799	0.02322	0.58669	0.02941	0.02167	0.02941	0.01858	0.02477	0.01393	0.00774	0.01084	0.00310	0.01548	0.01084	0.00464	0.01238
35	0.03160	0.03131	0.02758	0.07828	0.06691	0.26288	0.01905	0.26242	0.03146	0.03760	0.01768	0.02007	0.01360	0.01038	0.01002	0.00270	0.04978	0.00733	0.00646	0.01286
36	0.02063	0.12330	0.32346	0.03158	0.10162	0.02393	0.18976	0.02887	0.02011	0.02827	0.01667	0.02066	0.01262	0.00827	0.00899	0.00282	0.01333	0.00785	0.00418	0.01309
37	0.01595	0.00797	0.01196	0.01196	0.01196	0.00797	0.00797	0.01196	0.01196	0.01595	0.01595	0.02791	0.01595	0.03190	0.03589	0.73285	0.00797	0.00797	0.00399	0.00399
38	0.08681	0.02028	0.02101	0.01786	0.02349	0.02287	0.01423	0.21097	0.31934	0.04379	0.03273	0.03137	0.05002	0.01209	0.00889	0.00292	0.00784	0.00959	0.05011	0.01382
39	0.01320	0.00887	0.01018	0.01027	0.01043	0.00880	0.00592	0.01355	0.01434	0.01925	0.06433	0.09754	0.03813	0.59980	0.04253	0.00824	0.00842	0.01431	0.00601	0.00586
40	0.03917	0.01608	0.02125	0.01660	0.02349	0.01453	0.01361	0.04519	0.09001	0.56147	0.03635	0.03158	0.02331	0.01149	0.00925	0.00287	0.00775	0.00936	0.01114	0.01551
41	0.02315	0.02285	0.03613	0.08374	0.55768	0.05844	0.02743	0.02845	0.02109	0.02923	0.01704	0.02245	0.01427	0.00831	0.00905	0.00272	0.01131	0.00805	0.00453	0.01410
42	0.02951	0.01964	0.02200	0.01848	0.02451	0.02135	0.01474	0.13515	0.36447	0.19274	0.03460	0.03151	0.02466	0.01194	0.00929	0.00299	0.00787	0.00974	0.00984	0.01499
43	0.06986	0.02168	0.02227	0.01766	0.02401	0.05178	0.01424	0.33518	0.03240	0.04552	0.02275	0.06776	0.01859	0.01124	0.00844	0.00250	0.00880	0.00872	0.06913	0.14749
44	0.02003	0.01623	0.02303	0.27482	0.03833	0.01713	0.01773	0.02469	0.01879	0.07188	0.01815	0.02315	0.01414	0.00932	0.01042	0.00249	0.07868	0.00728	0.04627	0.26745
45	0.01334	0.00936	0.01217	0.05004	0.01661	0.00931	0.00968	0.04107	0.01900	0.02630	0.04487	0.52897	0.05146	0.02469	0.01083	0.00346	0.00583	0.02218	0.09272	0.00812
46	0.01285	0.00850	0.01139	0.01318	0.01411	0.00792	0.00910	0.01468	0.01819	0.05317	0.04980	0.61016	0.05845	0.02774	0.01165	0.00371	0.00561	0.05323	0.00866	0.00791
47	0.02228	0.01923	0.02022	0.01825	0.02334	0.02213	0.01418	0.04712	0.57609	0.03777	0.03998	0.03680	0.05565	0.01296	0.00941	0.00311	0.00714	0.01080	0.00930	0.01421
48	0.03576	0.05823	0.02624	0.01938	0.02640	0.06616	0.01599	0.32334	0.06112	0.23345	0.02623	0.02477	0.01799	0.01092	0.00897	0.00273	0.00968	0.00833	0.00930	0.01502
49	0.01119	0.00799	0.01065	0.01278	0.01332	0.00746	0.00852	0.01278	0.01758	0.02344	0.05061	0.67132	0.06073	0.02877	0.01172	0.00373	0.00533	0.02610	0.00852	0.00746
50	0.01352	0.00910	0.01101	0.01101	0.01151	0.00947	0.00696	0.01451	0.01402	0.01956	0.02800	0.05310	0.03043	0.49973	0.17995	0.00984	0.01221	0.01227	0.04744	0.00634
51	0.01951	0.01482	0.02093	0.34853	0.04047	0.01731	0.01782	0.09533	0.02185	0.03163	0.02181	0.02757	0.01661	0.00995	0.00822	0.00270	0.00919	0.00831	0.25713	0.01032
52	0.02260	0.02216	0.03923	0.05431	0.55364	0.02198	0.09301	0.02832	0.02100	0.02993	0.01742	0.02296	0.01447	0.00813	0.00929	0.00277	0.01144	0.00849	0.00456	0.01429
53	0.01166	0.00845	0.01105	0.01257	0.01363	0.00785	0.00878	0.01390	0.01938	0.02594	0.14549	0.50044	0.10381	0.02656	0.01157	0.00358	0.00529	0.05355	0.00878	0.00773
54	0.03151	0.01552	0.01847	0.01494	0.02044	0.01524	0.01209	0.13676	0.06141	0.30496	0.03177	0.03068	0.02200	0.01116	0.00836	0.00262	0.00710	0.00892	0.23266	0.01337
55	0.01633	0.01021	0.01348	0.01301	0.01568	0.00942	0.01020	0.02024	0.02428	0.10173	0.37788	0.11424	0.10175	0.02005	0.01104	0.00319	0.00555	0.11266	0.00976	0.00929
56	0.01255	0.00967	0.01154	0.01151	0.01381	0.00895	0.00846	0.01696	0.05485	0.03076	0.31914	0.18745	0.23719	0.02167	0.01092	0.00312	0.00478	0.01890	0.00929	0.00849
57	0.01323	0.00885	0.01005	0.01017	0.01020	0.00882	0.00573	0.01332	0.01359	0.01813	0.03017	0.09509	0.03495	0.64017	0.04473	0.00861	0.00870	0.01408	0.00573	0.00567
58	0.03202	0.02690	0.05712	0.05491	0.05484	0.05593	0.05179	0.45588	0.03795	0.05047	0.02075	0.02197	0.01495	0.01045	0.00921	0.00278	0.01101	0.00823	0.00804	0.01479
59	0.01630	0.01092	0.01421	0.01353	0.01627	0.01046	0.01077	0.05104	0.02591	0.07161	0.42492	0.07131	0.07154	0.01932	0.01104	0.00317	0.00575	0.13272	0.00978	0.00942
60	0.01899	0.04347	0.52777	0.02839	0.04120	0.02166	0.13186	0.02914	0.01979	0.02914	0.01685	0.02034	0.01204	0.00855	0.00910	0.00294	0.01391	0.00750	0.00401	0.01336
61	0.01997	0.02584	0.15657	0.03142	0.07186	0.01985	0.33134	0.02746	0.02106	0.03048	0.05131	0.02730	0.01877	0.00897	0.00968	0.00289	0.01262	0.00987	0.11076	0.01198
62	0.01175	0.00842	0.01116	0.01240	0.01344	0.00783	0.00857	0.01419	0.02018	0.02758	0.22529	0.48484	0.06874	0.02567	0.01144	0.00347	0.00502	0.02316	0.00901	0.00783
63	0.01177	0.00814	0.01046	0.01221	0.01276	0.00770	0.00804	0.01331	0.01713	0.02329	0.04678	0.56045	0.05531	0.10996	0.01588	0.00430	0.00572	0.02357	0.04595	0.00728
64	0.07112	0.02079	0.02480	0.04958	0.02667	0.02380	0.01674	0.26931	0.02933	0.15163	0.02195	0.02361	0.01602	0.01202	0.01375	0.00305	0.16107	0.00821	0.04315	0.01340
65	0.02071	0.06681	0.03460	0.02638	0.02874	0.02773	0.13051	0.02390	0.01587	0.02349	0.01338	0.02063	0.01240	0.01387	0.02469	0.00370	0.48948	0.00837	0.00413	0.01062
66	0.01144	0.00817	0.01095	0.01308	0.01372	0.00768	0.00897	0.01323	0.01783	0.02372	0.05047	0.63116	0.06017	0.02853	0.01179	0.00376	0.00555	0.06374	0.00852	0.00753
67	0.02167	0.02477	0.05418	0.03870	0.04799	0.02322	0.58669	0.02941	0.02167	0.02941	0.01858	0.02477	0.01393	0.00774	0.01084	0.00310	0.01548	0.01084	0.00464	0.01238
68	0.02135	0.02407	0.05144	0.07306	0.04773	0.02329	0.52818	0.02873	0.02113	0.02873	0.01814	0.02453	0.01375	0.00821	0.01165	0.00314	0.04559	0.01055	0.00458	0.01215
69	0.01285	0.00938	0.01207	0.01140	0.01363	0.00860	0.00855	0.01704	0.02564	0.03599	0.57910	0.06995	0.12325	0.01908	0.01083	0.00290	0.00435	0.01680	0.01000	0.00860
70	0.01119	0.00799	0.01065	0.01278	0.01332	0.00746	0.00852	0.01278	0.01758	0.02344	0.05061	0.67132	0.06073	0.02877	0.01172	0.00373	0.00533	0.02610	0.00852	0.00746
71	0.01988	0.07936	0.55757	0.02527	0.03811	0.02261	0.03183	0.06772	0.02099	0.03068	0.01667	0.01932	0.01191	0.00884	0.00861	0.00285	0.01313	0.00679	0.00425	0.01362
72	0.02284	0.01972	0.02076	0.01869	0.02388	0.02284	0.01453	0.04879	0.60345	0.03841	0.03737	0.03426	0.02803	0.01246	0.00934	0.00311	0.00727	0.01038	0.00934	0.01453
73	0.01973	0.05721	0.02832	0.05641	0.02558	0.02710	0.01952	0.02199	0.01474	0.02221	0.01434	0.05422	0.01460	0.01590	0.02667	0.00383	0.55455	0.00881	0.00425	0.01002
74	0.01842	0.04749	0.62974	0.02617	0.03974	0.02132	0.03392	0.02908	0.01939	0.02908	0.01648	0.01939	0.01163	0.00872	0.00872	0.00291	0.01357	0.00678	0.00388	0.01357
75	0.01287	0.00938	0.01210	0.01142	0.01364	0.00861	0.00856	0.01708	0.02569	0.03611	0.58422	0.06976	0.11806	0.01904	0.01083	0.00290	0.00435	0.01677	0.01001	0.00861
76	0.03434	0.04269	0.02611	0.02350	0.02839	0.60415	0.01772	0.06945	0.02704	0.02457	0.01466	0.01688	0.01205	0.00955	0.00833	0.00239	0.01618	0.00605	0.00500	0.01094
77	0.01595	0.00797	0.01196	0.01196	0.01196	0.00797	0.00797	0.01196	0.01196	0.01595	0.01595	0.02791	0.01595	0.03190	0.03589	0.73285	0.00797	0.00797	0.00399	0.00399
78	0.02124	0.02153	0.04033	0.18007	0.32543	0.02194	0.19805	0.02754	0.02059	0.02841	0.01746	0.02373	0.01386	0.00826	0.00964	0.00291	0.01259	0.00899	0.00447	0.01295
79	0.02173	0.02303	0.02646	0.02318	0.02399	0.12633	0.01883	0.02377	0.01628	0.02226	0.01532	0.06883	0.01570	0.01596	0.02518	0.00373	0.50597	0.00906	0.00448	0.00995
80	0.01268	0.00937	0.01184	0.01122	0.01352	0.00853	0.00842	0.01672	0.02525	0.03506	0.53871	0.07148	0.16421	0.01943	0.01083	0.00292	0.00438	0.01701	0.00988	0.00853
81	0.01119	0.00799	0.01065	0.01278	0.01332	0.00746	0.00852	0.01278	0.01758	0.02344	0.05061	0.67132	0.06073	0.02877	0.01172	0.00373	0.00533	0.02610	0.00852	0.00746
82	0.02578	0.01719	0.01828	0.01502	0.01977	0.01853	0.01207	0.30540	0.03161	0.04621	0.06003	0.03013	0.02324	0.01133	0.00806	0.00249	0.00720	0.00888	0.32668	0.01210
83	0.01466	0.00878	0.00951	0.00951	0.01025	0.00878	0.00586	0.01615	0.01541	0.02353	0.02929	0.05108	0.02995	0.44511	0.03269	0.00655	0.00729	0.01168	0.25730	0.00661
84	0.01189	0.00861	0.01123	0.01211	0.01343	0.00795	0.00850	0.01461	0.02110	0.02883	0.27741	0.40095	0.10021	0.02450	0.01132	0.00336	0.00490	0.02197	0.00915	0.00795
85	0.03490	0.02572	0.02756	0.02113	0.02847	0.02847	0.01745	0.58942	0.04317	0.05787	0.02204	0.02204	0.01561	0.01102	0.00919	0.00276	0.01010	0.00827	0.00919	0.01561
86	0.02316	0.02014	0.02225	0.01963	0.02419	0.02395	0.01552	0.07757	0.48325	0.03720	0.03274	0.03144	0.02494	0.01290	0.01238	0.00322	0.10311	0.00991	0.00855	0.01394
87	0.01131	0.00809	0.01077	0.01270	0.01335	0.00754	0.00853	0.01310	0.01816	0.02436	0.08963	0.62966	0.06252	0.02808	0.01166	0.00367	0.00526	0.02545	0.00863	0.00754
88	0.01119	0.00799	0.01065	0.01278	0.01332	0.00746	0.00852	0.01278	0.01758	0.02344	0.05061	0.67132	0.06073	0.02877	0.01172	0.00373	0.00533	0.02610	0.00852	0.00746
89	0.01284	0.00938	0.01206	0.01139	0.01362	0.00860	0.00854	0.01703	0.02563	0.03597	0.57826	0.06999	0.12410	0.01909	0.01083	0.00290	0.00435	0.01680	0.01000	0.00860
90	0.01313	0.00977	0.01440	0.01440	0.01591	0.01128	0.01103	0.01617	0.01465	0.02105	0.02492	0.03789	0.02374	0.11494	0.59593	0.01431	0.02341	0.01010	0.00497	0.00800
91	0.02410	0.19062	0.06516	0.02081	0.02582	0.21540	0.04722	0.02752	0.01975	0.02271	0.01613	0.02125	0.01429	0.02227	0.14397	0.00515	0.09573	0.00706	0.00443	0.01059
92	0.02370	0.02107	0.03032	0.02428	0.06378	0.02059	0.14175	0.14954	0.08630	0.03636	0.02013	0.02282	0.01561	0.00903	0.00970	0.00243	0.04042	0.00805	0.00636	0.26776
93	0.02487	0.02101	0.02787	0.05866	0.02943	0.07696	0.13133	0.15660	0.02559	0.07047	0.02440	0.09396	0.02082	0.01247	0.01136	0.00295	0.07451	0.01056	0.11447	0.01171
94	0.03265	0.01794	0.02135	0.01761	0.02387	0.01839	0.01415	0.07174	0.28665	0.33567	0.03608	0.03218	0.02478	0.01184	0.00928	0.00296	0.00767	0.00970	0.01035	0.01513
95	0.02133	0.02401	0.05119	0.07520	0.04765	0.02331	0.52279	0.02867	0.02107	0.02867	0.01809	0.02450	0.01373	0.00827	0.01176	0.00314	0.04939	0.01053	0.00458	0.01213
96	0.02680	0.02095	0.02257	0.05413	0.02611	0.06262	0.01480	0.24616	0.02905	0.07091	0.02233	0.06155	0.01816	0.01098	0.00928	0.00245	0.03431	0.00851	0.05835	0.19998
97	0.06772	0.01767	0.01858	0.01518	0.02030	0.01897	0.01227	0.29416	0.03091	0.07449	0.02841	0.02965	0.04623	0.01134	0.00804	0.00255	0.00742	0.00875	0.27503	0.01232
98	0.01127	0.00806	0.01073	0.01273	0.01334	0.00751	0.00853	0.01299	0.01797	0.02406	0.07670	0.64346	0.06193	0.02830	0.01168	0.00369	0.00528	0.02566	0.00860	0.00751
99	0.02182	0.01939	0.02828	0.16932	0.26647	0.02089	0.02176	0.10342	0.10481	0.03289	0.02943	0.03235	0.08692	0.01115	0.00936	0.00290	0.00984	0.00981	0.00621	0.01295
100	0.02049	0.12038	0.52520	0.02436	0.03687	0.02263	0.03057	0.02982	0.01971	0.06363	0.01721	0.01954	0.01231	0.00878	0.00842	0.00279	0.01279	0.00671	0.00433	0.01348
101	0.01132	0.00810	0.01078	0.01269	0.01335	0.00755	0.00853	0.01313	0.01822	0.02445	0.09336	0.62567	0.06269	0.02801	0.01165	0.00367	0.00525	0.02538	0.00864	0.00755
102	0.01119	0.00799	0.01065	0.01278	0.01332	0.00746	0.00852	0.01278	0.01758	0.02344	0.05061	0.67132	0.06073	0.02877	0.01172	0.00373	0.00533	0.02610	0.00852	0.00746
103	0.02956	0.06772	0.02631	0.06716	0.02817	0.02535	0.01640	0.41467	0.03517	0.04740	0.02190	0.02503	0.01681	0.04526	0.04691	0.00367	0.01068	0.00837	0.04984	0.01363
104	0.01931	0.01620	0.02567	0.49041	0.05235	0.01965	0.02250	0.02597	0.05164	0.07079	0.06014	0.02833	0.01904	0.01059	0.01053	0.00309	0.04878	0.00894	0.00534	0.01074
105	0.01119	0.00799	0.01065	0.01278	0.01332	0.00746	0.00852	0.01278	0.01758	0.02344	0.05061	0.67132	0.06073	0.02877	0.01172	0.00373	0.00533	0.02610	0.00852	0.00746
106	0.01119	0.00799	0.01065	0.01278	0.01332	0.00746	0.00852	0.01278	0.01758	0.02344	0.05061	0.67132	0.06073	0.02877	0.01172	0.00373	0.00533	0.02610	0.00852	0.00746
107	0.02851	0.02434	0.02521	0.10928	0.03185	0.08860	0.01767	0.27975	0.21780	0.04316	0.02536	0.02574	0.01874	0.01106	0.00914	0.00287	0.01016	0.00869	0.00806	0.01400
108	0.03513	0.02426	0.02722	0.02217	0.05562	0.02626	0.01745	0.49408	0.03999	0.12856	0.02362	0.02324	0.01647	0.01093	0.00919	0.00277	0.00985	0.00839	0.00924	0.01557
109	0.04120	0.01563	0.02131	0.01634	0.02344	0.01350	0.01350	0.04475	0.02628	0.62639	0.03622	0.03125	0.02273	0.01136	0.00923	0.00284	0.00781	0.00923	0.01136	0.01563
110	0.01335	0.00890	0.01001	0.01001	0.01001	0.00890	0.00556	0.01335	0.01335	0.01780	0.02893	0.06009	0.03338	0.67731	0.04673	0.00890	0.00890	0.01335	0.00556	0.00556
111	0.01940	0.15212	0.33963	0.06134	0.03643	0.02350	0.09715	0.02691	0.01907	0.02666	0.01842	0.06893	0.01572	0.01037	0.00986	0.00289	0.04642	0.00857	0.00435	0.01226
112	0.36981	0.01882	0.01784	0.01520	0.02067	0.02110	0.01226	0.19625	0.05880	0.04436	0.07105	0.07245	0.02306	0.01191	0.00785	0.00290	0.00765	0.00887	0.00754	0.01162
113	0.01313	0.00977	0.01440	0.01440	0.01591	0.01128	0.01103	0.01617	0.01465	0.02105	0.02492	0.03789	0.02374	0.11494	0.59593	0.01431	0.02341	0.01010	0.00497	0.00800
114	0.02420	0.64673	0.08117	0.01631	0.02449	0.03548	0.01675	0.02758	0.01870	0.02203	0.01298	0.01499	0.01177	0.00790	0.00605	0.00202	0.01003	0.00502	0.00392	0.01188
115	0.01185	0.00849	0.01130	0.01271	0.01375	0.00794	0.00892	0.01429	0.01990	0.02704	0.19269	0.48685	0.06680	0.02605	0.01155	0.00355	0.00526	0.05433	0.00892	0.00782
116	0.01842	0.04749	0.62974	0.02617	0.03974	0.02132	0.03392	0.02908	0.01939	0.02908	0.01648	0.01939	0.01163	0.00872	0.00872	0.00291	0.01357	0.00678	0.00388	0.01357
117	0.02803	0.02960	0.03139	0.10191	0.17445	0.23706	0.06425	0.12837	0.02596	0.03106	0.01675	0.02068	0.01335	0.00963	0.01013	0.00274	0.04919	0.00760	0.00535	0.01249
118	0.01429	0.01022	0.01419	0.01611	0.01806	0.01011	0.01371	0.01825	0.02110	0.02770	0.08798	0.16083	0.05601	0.02527	0.01245	0.00408	0.00784	0.46487	0.00858	0.00836
119	0.01085	0.00930	0.00930	0.00930	0.01240	0.00775	0.00698	0.01318	0.02093	0.02480	0.09302	0.08837	0.61631	0.02325	0.01085	0.00310	0.00465	0.01938	0.00853	0.00775
120	0.02375	0.02018	0.02128	0.01887	0.02422	0.02326	0.01475	0.08973	0.56102	0.03988	0.03621	0.03333	0.02709	0.01235	0.00933	0.00309	0.00748	0.01022	0.00933	0.01462
121	0.07658	0.01584	0.02011	0.01600	0.02221	0.01476	0.01301	0.09919	0.02688	0.44301	0.07818	0.07740	0.02874	0.01296	0.00932	0.00290	0.00758	0.01063	0.01050	0.01419
122	0.01335	0.00890	0.01001	0.01001	0.01001	0.00890	0.00556	0.01335	0.01335	0.01780	0.02893	0.06009	0.03338	0.67731	0.04673	0.00890	0.00890	0.01335	0.00556	0.00556
123	0.01119	0.00799	0.01065	0.01278	0.01332	0.00746	0.00852	0.01278	0.01758	0.02344	0.05061	0.67132	0.06073	0.02877	0.01172	0.00373	0.00533	0.02610	0.00852	0.00746
124	0.01119	0.00799	0.01065	0.01278	0.01332	0.00746	0.00852	0.01278	0.01758	0.02344	0.05061	0.67132	0.06073	0.02877	0.01172	0.00373	0.00533	0.02610	0.00852	0.00746
125	0.04120	0.01563	0.02131	0.01634	0.02344	0.01350	0.01350	0.04475	0.02628	0.62639	0.03622	0.03125	0.02273	0.01136	0.00923	0.00284	0.00781	0.00923	0.01136	0.01563
126	0.01734	0.01632	0.02754	0.65524	0.06324	0.02040	0.02550	0.02346	0.01836	0.02346	0.01632	0.02448	0.01224	0.00918	0.00918	0.00306	0.01224	0.00816	0.00408	0.01020
127	0.02167	0.02477	0.05418	0.03870	0.04799	0.02322	0.58669	0.02941	0.02167	0.02941	0.01858	0.02477	0.01393	0.00774	0.01084	0.00310	0.01548	0.01084	0.00464	0.01238
128	0.59918	0.01732	0.01509	0.01294	0.01892	0.01915	0.01067	0.03061	0.01780	0.16057	0.01757	0.01825	0.01255	0.00910	0.00641	0.00284	0.00725	0.00584	0.00684	0.01110
129	0.07206	0.01609	0.02087	0.01620	0.02298	0.01461	0.01333	0.08088	0.02696	0.52520	0.06703	0.03196	0.02526	0.01163	0.00915	0.00284	0.00774	0.00938	0.01087	0.01496
130	0.01119	0.00799	0.01065	0.01278	0.01332	0.00746	0.00852	0.01278	0.01758	0.02344	0.05061	0.67132	0.06073	0.02877	0.01172	0.00373	0.00533	0.02610	0.00852	0.00746
131	0.01861	0.04615	0.59560	0.02691	0.04023	0.02144	0.06671	0.02910	0.01952	0.02910	0.01660	0.01970	0.01177	0.00867	0.00885	0.00292	0.01368	0.00703	0.00392	0.01350
132	0.74217	0.01776	0.01350	0.01207	0.01776	0.02060	0.00994	0.02699	0.01563	0.04120	0.01278	0.01492	0.00994	0.00852	0.00568	0.00284	0.00710	0.00497	0.00568	0.00994
133	0.02240	0.01667	0.01970	0.01427	0.02227	0.01314	0.01149	0.05186	0.02101	0.10196	0.01895	0.02063	0.01478	0.00754	0.00720	0.00160	0.00707	0.00602	0.00632	0.61512
134	0.24943	0.01675	0.01929	0.01530	0.02200	0.01634	0.01263	0.06613	0.02394	0.42446	0.02856	0.02594	0.01858	0.01050	0.00817	0.00284	0.00771	0.00792	0.00957	0.01394
135	0.01222	0.00936	0.01120	0.01074	0.01324	0.00833	0.00806	0.01583	0.02417	0.03249	0.42688	0.07572	0.27765	0.02039	0.01084	0.00296	0.00445	0.01761	0.00954	0.00833
136	0.01335	0.00890	0.01001	0.01001	0.01001	0.00890	0.00556	0.01335	0.01335	0.01780	0.02893	0.06009	0.03338	0.67731	0.04673	0.00890	0.00890	0.01335	0.00556	0.00556
137	0.02012	0.01748	0.02217	0.01592	0.02412	0.01397	0.05485	0.05496	0.02058	0.03143	0.01681	0.01964	0.01374	0.00710	0.00724	0.00157	0.00764	0.00601	0.00559	0.63908
138	0.03282	0.02449	0.02644	0.02014	0.02759	0.02634	0.01659	0.51513	0.04001	0.05420	0.02129	0.02165	0.01535	0.01047	0.00887	0.00257	0.00967	0.00790	0.00869	0.10979
139	0.01312	0.00984	0.01476	0.01476	0.01640	0.01148	0.01148	0.01640	0.01476	0.02131	0.02459	0.03607	0.02295	0.06886	0.64092	0.01476	0.02459	0.00984	0.00492	0.00820
140	0.03190	0.02505	0.02638	0.05733	0.02972	0.05583	0.01745	0.44305	0.13198	0.05106	0.02384	0.02391	0.01726	0.01108	0.00917	0.00281	0.01007	0.00849	0.00871	0.01489
141	0.02368	0.59246	0.13085	0.01720	0.02587	0.03420	0.01830	0.02772	0.01876	0.02267	0.01329	0.01539	0.01176	0.00798	0.00629	0.00210	0.01035	0.00518	0.00392	0.01204
142	0.01595	0.00797	0.01196	0.01196	0.01196	0.00797	0.00797	0.01196	0.01196	0.01595	0.01595	0.02791	0.01595	0.03190	0.03589	0.73285	0.00797	0.00797	0.00399	0.00399
143	0.01335	0.00890	0.01001	0.01001	0.01001	0.00890	0.00556	0.01335	0.01335	0.01780	0.02893	0.06009	0.03338	0.67731	0.04673	0.00890	0.00890	0.01335	0.00556	0.00556
144	0.02273	0.02182	0.03727	0.05636	0.62003	0.02182	0.02818	0.02818	0.02091	0.03000	0.01727	0.02273	0.01454	0.00818	0.00909	0.00273	0.01091	0.00818	0.00455	0.01454
145	0.01475	0.01313	0.05140	0.06046	0.02212	0.01186	0.01499	0.02018	0.05533	0.02701	0.04653	0.20130	0.07726	0.02305	0.01172	0.00384	0.00812	0.32000	0.00795	0.00901
146	0.03339	0.02258	0.02459	0.01910	0.02578	0.02449	0.01570	0.46370	0.03850	0.11387	0.02448	0.02449	0.01732	0.01102	0.00885	0.00269	0.00916	0.00840	0.09714	0.01476
147	0.01335	0.00890	0.01001	0.01001	0.01001	0.00890	0.00556	0.01335	0.01335	0.01780	0.02893	0.06009	0.03338	0.67731	0.04673	0.00890	0.00890	0.01335	0.00556	0.00556
148	0.65446	0.01799	0.01478	0.01284	0.01871	0.02045	0.01058	0.05587	0.01778	0.08633	0.01501	0.01650	0.01119	0.00886	0.00612	0.00284	0.00730	0.00546	0.00628	0.01065
149	0.56987	0.01809	0.01572	0.01369	0.01945	0.02041	0.01133	0.09192	0.01983	0.08273	0.01759	0.02212	0.01402	0.01000	0.00674	0.00291	0.00757	0.03846	0.00664	0.01090
150	0.10308	0.01998	0.02348	0.05504	0.02727	0.02067	0.01547	0.26391	0.03171	0.30458	0.02708	0.02557	0.01802	0.01083	0.00888	0.00282	0.00894	0.00838	0.00952	0.01477
151	0.03526	0.02594	0.02711	0.02095	0.02817	0.05575	0.01723	0.53103	0.04136	0.09061	0.02254	0.02235	0.01587	0.01097	0.00915	0.00274	0.01026	0.00822	0.00911	0.01539
152	0.39966	0.02065	0.01923	0.01575	0.02195	0.02330	0.01296	0.26711	0.02760	0.04794	0.01769	0.01903	0.01312	0.00971	0.00722	0.00277	0.00823	0.00658	0.04720	0.01229
153	0.01629	0.01098	0.01470	0.01373	0.01572	0.01176	0.01021	0.01872	0.01571	0.06741	0.02564	0.04014	0.02457	0.22124	0.32349	0.01015	0.05208	0.01029	0.03888	0.05828
154	0.02026	0.02059	0.03090	0.02566	0.02665	0.02760	0.08053	0.02288	0.01487	0.02288	0.01275	0.02059	0.01225	0.01518	0.02807	0.00392	0.59169	0.00833	0.00408	0.01029
155	0.21309	0.01743	0.01999	0.01591	0.02258	0.01734	0.01309	0.09709	0.05820	0.38907	0.02901	0.02642	0.01913	0.01069	0.00836	0.00285	0.00784	0.00814	0.00962	0.01416
156	0.07202	0.03196	0.02636	0.02652	0.11371	0.30592	0.01825	0.13440	0.12104	0.03349	0.01969	0.02120	0.01540	0.00998	0.00858	0.00264	0.01254	0.00733	0.00629	0.01268
157	0.03393	0.02520	0.02755	0.05624	0.03040	0.02803	0.01790	0.55807	0.04180	0.05596	0.02173	0.02218	0.01543	0.01092	0.00918	0.00277	0.01022	0.00826	0.00890	0.01532
158	0.02273	0.02182	0.03727	0.05636	0.62003	0.02182	0.02818	0.02818	0.02091	0.03000	0.01727	0.02273	0.01454	0.00818	0.00909	0.00273	0.01091	0.00818	0.00455	0.01454
159	0.02273	0.02182	0.03727	0.05636	0.62003	0.02182	0.02818	0.02818	0.02091	0.03000	0.01727	0.02273	0.01454	0.00818	0.00909	0.00273	0.01091	0.00818	0.00455	0.01454

[dist]
# distance from previous block
# <min> <max>
0	18

[block]
# block no. 3 follows, 18 sequences, length 52
# corresponding to MSA columns:
# 527-578
name=unknown_D
#
# <colnr> <probs for GDERKNQSTAVLIFYWHMCP>
#	G	D	E	R	K	N	Q	S	T	A	V	L	I	F	Y	W	H	M	C	P
0	0.02158	0.02449	0.05263	0.03783	0.04657	0.02351	0.55297	0.02898	0.02122	0.02898	0.01819	0.02449	0.01382	0.00824	0.01198	0.00315	0.05386	0.01067	0.00461	0.01224
1	0.01312	0.00984	0.01476	0.01476	0.01640	0.01148	0.01148	0.01640	0.01476	0.02131	0.02459	0.03607	0.02295	0.06886	0.64092	0.01476	0.02459	0.00984	0.00492	0.00820
2	0.01119	0.00799	0.01065	0.01278	0.01332	0.00746	0.00852	0.01278	0.01758	0.02344	0.05061	0.67132	0.06073	0.02877	0.01172	0.00373	0.00533	0.02610	0.00852	0.00746
3	0.02273	0.02182	0.03727	0.05636	0.62003	0.02182	0.02818	0.02818	0.02091	0.03000	0.01727	0.02273	0.01454	0.00818	0.00909	0.00273	0.01091	0.00818	0.00455	0.01454
4	0.01288	0.00938	0.01211	0.01143	0.01365	0.00861	0.00857	0.01710	0.02572	0.03617	0.58706	0.06965	0.11517	0.01901	0.01083	0.00290	0.00435	0.01675	0.01002	0.00861
5	0.02009	0.02009	0.02812	0.02411	0.02411	0.02812	0.02009	0.02210	0.01406	0.02210	0.01205	0.02009	0.01205	0.01607	0.03013	0.00402	0.66051	0.00804	0.00402	0.01004
6	0.01168	0.00927	0.01050	0.01034	0.01295	0.00808	0.00770	0.01474	0.02268	0.02931	0.28949	0.11110	0.38594	0.02183	0.01089	0.00305	0.00456	0.01867	0.00913	0.00808
7	0.01206	0.00873	0.01159	0.01356	0.01467	0.00826	0.00997	0.01437	0.01871	0.02455	0.05324	0.48671	0.09971	0.02751	0.01190	0.00381	0.00606	0.15837	0.00851	0.00773
8	0.02002	0.02013	0.02657	0.02307	0.02348	0.05619	0.01904	0.02219	0.01472	0.02203	0.01352	0.02166	0.01323	0.02149	0.09552	0.00511	0.55990	0.00813	0.00415	0.00987
9	0.01904	0.01632	0.01904	0.01360	0.02176	0.01224	0.01088	0.02312	0.01904	0.02992	0.01632	0.01904	0.01360	0.00680	0.00680	0.00136	0.00680	0.00544	0.00544	0.73344
10	0.01904	0.01632	0.01904	0.01360	0.02176	0.01224	0.01088	0.02312	0.01904	0.02992	0.01632	0.01904	0.01360	0.00680	0.00680	0.00136	0.00680	0.00544	0.00544	0.73344
11	0.01305	0.00945	0.01314	0.01328	0.01438	0.01048	0.00960	0.01529	0.01455	0.02046	0.02757	0.08553	0.02844	0.23848	0.43040	0.01236	0.01886	0.01193	0.00534	0.00740
12	0.01343	0.00999	0.01257	0.01182	0.01423	0.00944	0.00889	0.01891	0.05999	0.03607	0.54410	0.06793	0.12039	0.01871	0.01074	0.00292	0.00453	0.01643	0.00995	0.00895
13	0.07386	0.01709	0.01963	0.01491	0.02228	0.01480	0.01215	0.09347	0.02261	0.09745	0.02105	0.02609	0.01719	0.00916	0.00766	0.00198	0.00744	0.04327	0.00674	0.47116
14	0.16622	0.01258	0.01423	0.01290	0.01666	0.01250	0.01008	0.02376	0.05082	0.09627	0.31917	0.08242	0.05494	0.01581	0.00946	0.00291	0.00576	0.03737	0.00889	0.04725
15	0.02273	0.02182	0.03727	0.05636	0.62003	0.02182	0.02818	0.02818	0.02091	0.03000	0.01727	0.02273	0.01454	0.00818	0.00909	0.00273	0.01091	0.00818	0.00455	0.01454
16	0.01860	0.01781	0.02490	0.02175	0.02199	0.02435	0.01781	0.02065	0.01411	0.02168	0.01507	0.02525	0.01515	0.07094	0.11927	0.00591	0.52236	0.00867	0.00426	0.00946
17	0.01734	0.01632	0.02754	0.65524	0.06324	0.02040	0.02550	0.02346	0.01836	0.02346	0.01632	0.02448	0.01224	0.00918	0.00918	0.00306	0.01224	0.00816	0.00408	0.01020
18	0.03432	0.02490	0.02613	0.02049	0.02747	0.05556	0.01675	0.45004	0.09747	0.11477	0.02474	0.02400	0.01745	0.01113	0.00916	0.00278	0.00988	0.00847	0.00922	0.01527
19	0.01144	0.00818	0.01088	0.01261	0.01337	0.00763	0.00854	0.01341	0.01875	0.02529	0.12888	0.58776	0.06432	0.02738	0.01160	0.00361	0.00519	0.02479	0.00874	0.00763
20	0.01119	0.00799	0.01065	0.01278	0.01332	0.00746	0.00852	0.01278	0.01758	0.02344	0.05061	0.67132	0.06073	0.02877	0.01172	0.00373	0.00533	0.02610	0.00852	0.00746
21	0.01856	0.01809	0.03523	0.02952	0.06233	0.01733	0.29633	0.02457	0.02139	0.02855	0.03234	0.06096	0.03188	0.01588	0.01160	0.00360	0.01202	0.26276	0.00639	0.01068
22	0.01842	0.04749	0.62974	0.02617	0.03974	0.02132	0.03392	0.02908	0.01939	0.02908	0.01648	0.01939	0.01163	0.00872	0.00872	0.00291	0.01357	0.00678	0.00388	0.01357
23	0.01313	0.00978	0.01446	0.01446	0.01599	0.01131	0.01110	0.01620	0.01467	0.02109	0.02487	0.03759	0.02362	0.10741	0.60328	0.01439	0.02360	0.01006	0.00496	0.00803
24	0.01241	0.00936	0.01146	0.01094	0.01336	0.00842	0.00820	0.01620	0.02461	0.03355	0.47307	0.07397	0.23079	0.01999	0.01084	0.00295	0.00442	0.01736	0.00968	0.00842
25	0.03328	0.02402	0.02598	0.02039	0.02736	0.02651	0.01669	0.46109	0.13713	0.09274	0.02560	0.02474	0.01820	0.01129	0.00922	0.00282	0.00947	0.00869	0.00936	0.01543
26	0.01119	0.00799	0.01065	0.01278	0.01332	0.00746	0.00852	0.01278	0.01758	0.02344	0.05061	0.67132	0.06073	0.02877	0.01172	0.00373	0.00533	0.02610	0.00852	0.00746
27	0.04013	0.01586	0.02128	0.01647	0.02346	0.01404	0.01356	0.04498	0.05985	0.59220	0.03629	0.03143	0.02304	0.01143	0.00924	0.00286	0.00778	0.00930	0.01125	0.01556
28	0.02138	0.02044	0.03483	0.20648	0.48046	0.02146	0.02751	0.02700	0.02027	0.02836	0.01703	0.02317	0.01397	0.00843	0.00911	0.00281	0.01124	0.00818	0.00443	0.01346
29	0.02284	0.01972	0.02076	0.01869	0.02388	0.02284	0.01453	0.04879	0.60345	0.03841	0.03737	0.03426	0.02803	0.01246	0.00934	0.00311	0.00727	0.01038	0.00934	0.01453
30	0.01734	0.01632	0.02754	0.65524	0.06324	0.02040	0.02550	0.02346	0.01836	0.02346	0.01632	0.02448	0.01224	0.00918	0.00918	0.00306	0.01224	0.00816	0.00408	0.01020
31	0.01119	0.00799	0.01065	0.01278	0.01332	0.00746	0.00852	0.01278	0.01758	0.02344	0.05061	0.67132	0.06073	0.02877	0.01172	0.00373	0.00533	0.02610	0.00852	0.00746
32	0.03626	0.01924	0.02361	0.10823	0.03030	0.05451	0.01617	0.14061	0.02822	0.40126	0.02950	0.02774	0.01930	0.01088	0.00916	0.00283	0.00938	0.00871	0.00954	0.01456
33	0.02455	0.68284	0.04811	0.01571	0.02357	0.03633	0.01571	0.02749	0.01866	0.02160	0.01277	0.01473	0.01178	0.00786	0.00589	0.00196	0.00982	0.00491	0.00393	0.01178
34	0.01119	0.00799	0.01065	0.01278	0.01332	0.00746	0.00852	0.01278	0.01758	0.02344	0.05061	0.67132	0.06073	0.02877	0.01172	0.00373	0.00533	0.02610	0.00852	0.00746
35	0.02267	0.02197	0.03814	0.05545	0.59051	0.02189	0.05700	0.02824	0.02095	0.02997	0.01734	0.02283	0.01451	0.00816	0.00918	0.00275	0.01114	0.00832	0.00455	0.01443
36	0.06911	0.02672	0.28323	0.01800	0.02543	0.01510	0.01984	0.02319	0.02233	0.03375	0.30815	0.04305	0.04808	0.01361	0.00953	0.00289	0.00859	0.01144	0.00705	0.01091
37	0.03490	0.02572	0.02756	0.02113	0.02847	0.02847	0.01745	0.58942	0.04317	0.05787	0.02204	0.02204	0.01561	0.01102	0.00919	0.00276	0.01010	0.00827	0.00919	0.01561
38	0.01241	0.00903	0.01169	0.01173	0.01354	0.00831	0.00853	0.01594	0.02357	0.03273	0.44187	0.22235	0.11088	0.02156	0.01106	0.00311	0.00460	0.01917	0.00961	0.00831
39	0.01878	0.08569	0.59477	0.02554	0.03877	0.02223	0.03283	0.02898	0.01934	0.02863	0.01625	0.01911	0.01164	0.00867	0.00855	0.00285	0.01334	0.00667	0.00388	0.01346
40	0.06538	0.25999	0.31400	0.02238	0.03261	0.07213	0.06011	0.02899	0.01955	0.02680	0.01496	0.01767	0.01174	0.00841	0.00768	0.00255	0.01225	0.00623	0.00411	0.01245
41	0.01739	0.01297	0.01657	0.01747	0.02040	0.01362	0.01495	0.06408	0.10656	0.03122	0.04510	0.08776	0.04661	0.02248	0.01195	0.00396	0.00840	0.44003	0.00863	0.00984
42	0.74217	0.01776	0.01350	0.01207	0.01776	0.02060	0.00994	0.02699	0.01563	0.04120	0.01278	0.01492	0.00994	0.00852	0.00568	0.00284	0.00710	0.00497	0.00568	0.00994
43	0.01137	0.00834	0.01072	0.01255	0.01355	0.00770	0.00870	0.01324	0.01828	0.02389	0.05649	0.55270	0.13900	0.02777	0.01166	0.00367	0.00543	0.05886	0.00852	0.00756
44	0.01316	0.00966	0.01385	0.01385	0.01518	0.01099	0.01035	0.01582	0.01449	0.02065	0.02542	0.04065	0.02494	0.18476	0.52775	0.01364	0.02161	0.01051	0.00504	0.00770
45	0.01866	0.04582	0.58732	0.02709	0.04035	0.02146	0.07466	0.02910	0.01955	0.02910	0.01663	0.01978	0.01180	0.00865	0.00888	0.00292	0.01371	0.00708	0.00393	0.01348
46	0.02057	0.43819	0.06269	0.01484	0.02113	0.02678	0.01427	0.02430	0.02104	0.02682	0.20629	0.03222	0.03580	0.01140	0.00760	0.00230	0.00823	0.00875	0.00591	0.01086
47	0.01252	0.00929	0.01166	0.01124	0.01347	0.00843	0.00836	0.01633	0.02461	0.03393	0.49074	0.10825	0.17689	0.02015	0.01089	0.00298	0.00445	0.01766	0.00974	0.00843
48	0.03395	0.02744	0.02641	0.02087	0.02759	0.11427	0.01695	0.48333	0.03957	0.05170	0.02132	0.02186	0.01546	0.01079	0.00892	0.00267	0.01073	0.00795	0.04364	0.01457
