[name]
unknown

[dist]
# distance from previous block
# <min> <max>
3	98

[block]
# block no. 0 follows, 22 sequences, length 74
# corresponding to MSA columns:
# 98-171
name=unknown_A
#
# <colnr> <probs for GDERKNQSTAVLIFYWHMCP>
#	G	D	E	R	K	N	Q	S	T	A	V	L	I	F	Y	W	H	M	C	P
0	0.02422	0.02268	0.02173	0.05175	0.08046	0.16654	0.01510	0.20317	0.13427	0.03431	0.09207	0.02952	0.06574	0.01108	0.00841	0.00252	0.00927	0.00882	0.00689	0.01147
1	0.05900	0.01834	0.01943	0.01582	0.02125	0.05176	0.01264	0.24856	0.09481	0.13483	0.05286	0.08415	0.04389	0.01162	0.00822	0.00248	0.00763	0.00934	0.00786	0.09551
2	0.01287	0.01022	0.01165	0.01099	0.01397	0.00959	0.00853	0.04038	0.07505	0.02859	0.25437	0.06588	0.30621	0.01793	0.00961	0.00275	0.00489	0.06519	0.00813	0.04318
3	0.01057	0.00798	0.01084	0.06950	0.01586	0.00778	0.00891	0.01243	0.01624	0.02132	0.04656	0.58816	0.10486	0.02405	0.01034	0.00327	0.00530	0.02167	0.00737	0.00698
4	0.01817	0.01703	0.02859	0.26506	0.39586	0.01830	0.02291	0.02288	0.01754	0.02417	0.01624	0.02401	0.01391	0.06800	0.01118	0.00305	0.01012	0.00780	0.00405	0.01112
5	0.01663	0.06556	0.55522	0.02257	0.03341	0.01894	0.05558	0.02504	0.01714	0.02518	0.01583	0.02077	0.01232	0.06807	0.01084	0.00307	0.01186	0.00675	0.00367	0.01154
6	0.70208	0.01535	0.01183	0.01065	0.01552	0.01770	0.00872	0.02398	0.01442	0.03673	0.01290	0.01500	0.01005	0.00788	0.00520	0.00252	0.00621	0.00478	0.06959	0.00889
7	0.01191	0.00798	0.00911	0.00928	0.00932	0.00794	0.00526	0.01204	0.01241	0.01655	0.02786	0.11015	0.03233	0.64936	0.03956	0.00765	0.00778	0.01307	0.00526	0.00518
8	0.01107	0.00836	0.01129	0.01274	0.01330	0.00858	0.00906	0.01274	0.01588	0.02139	0.04264	0.59575	0.05059	0.02480	0.01211	0.00343	0.06425	0.06764	0.00736	0.00702
9	0.01208	0.00843	0.01082	0.01022	0.01218	0.00783	0.00766	0.01599	0.02299	0.03311	0.59808	0.05938	0.07347	0.01635	0.00945	0.00255	0.00392	0.01440	0.07325	0.00783
10	0.02070	0.07940	0.03456	0.04783	0.60159	0.02087	0.02452	0.02544	0.01874	0.02649	0.01528	0.01994	0.01294	0.00738	0.00798	0.00241	0.00978	0.00715	0.00406	0.01294
11	0.01621	0.01578	0.02812	0.60131	0.05538	0.01880	0.10318	0.02194	0.01701	0.02194	0.01504	0.02218	0.01128	0.00813	0.00850	0.00277	0.01146	0.00770	0.00376	0.00949
12	0.76672	0.01607	0.01221	0.01092	0.01607	0.01864	0.00900	0.02442	0.01414	0.03727	0.01157	0.01350	0.00900	0.00771	0.00514	0.00257	0.00643	0.00450	0.00514	0.00900
13	0.01818	0.01818	0.02545	0.02181	0.02181	0.02545	0.01818	0.01999	0.01272	0.01999	0.01091	0.01818	0.01091	0.01454	0.02726	0.00364	0.69284	0.00727	0.00364	0.00909
14	0.01115	0.00829	0.01032	0.01043	0.01222	0.00757	0.00768	0.01409	0.02052	0.02776	0.36826	0.18340	0.19008	0.04620	0.01128	0.00306	0.00450	0.04750	0.00835	0.00735
15	0.01176	0.00849	0.01110	0.01045	0.01241	0.00784	0.00784	0.01568	0.02352	0.03331	0.65184	0.06206	0.07839	0.01698	0.00980	0.00261	0.00392	0.01502	0.00914	0.00784
16	0.01759	0.01759	0.02691	0.02225	0.02386	0.02236	0.10286	0.02020	0.01422	0.02141	0.01514	0.08152	0.01526	0.01409	0.02217	0.00337	0.49801	0.00901	0.00416	0.04802
17	0.03103	0.03959	0.02354	0.02140	0.02568	0.67469	0.01605	0.03317	0.02354	0.02033	0.01284	0.01498	0.01070	0.00856	0.00749	0.00214	0.01498	0.00535	0.00428	0.00963
18	0.01443	0.00722	0.01082	0.01082	0.01082	0.00722	0.00722	0.01082	0.01082	0.01443	0.01443	0.02525	0.01443	0.02886	0.03247	0.75830	0.00722	0.00722	0.00361	0.00361
19	0.02056	0.01974	0.03372	0.05099	0.65622	0.01974	0.02550	0.02550	0.01892	0.02714	0.01563	0.02056	0.01316	0.00740	0.00822	0.00247	0.00987	0.00740	0.00411	0.01316
20	0.03042	0.01283	0.01726	0.01366	0.01907	0.01113	0.01108	0.03382	0.02344	0.48717	0.17813	0.03579	0.03387	0.01169	0.00860	0.00252	0.00629	0.00979	0.00979	0.04366
21	0.01569	0.01477	0.02492	0.68808	0.05722	0.01846	0.02307	0.02123	0.01661	0.02123	0.01477	0.02215	0.01107	0.00831	0.00831	0.00277	0.01107	0.00738	0.00369	0.00923
22	0.01443	0.00722	0.01082	0.01082	0.01082	0.00722	0.00722	0.01082	0.01082	0.01443	0.01443	0.02525	0.01443	0.02886	0.03247	0.75830	0.00722	0.00722	0.00361	0.00361
23	0.01208	0.00805	0.00906	0.00906	0.00906	0.00805	0.00503	0.01208	0.01208	0.01611	0.02618	0.05436	0.03020	0.70804	0.04228	0.00805	0.00805	0.01208	0.00503	0.00503
24	0.01286	0.00878	0.01142	0.01074	0.01294	0.00806	0.00819	0.01665	0.02311	0.06044	0.56950	0.06279	0.10430	0.01714	0.00980	0.00267	0.00423	0.03923	0.00906	0.00807
25	0.01012	0.00723	0.00964	0.01157	0.01205	0.00675	0.00771	0.01157	0.01591	0.02121	0.04579	0.70262	0.05495	0.02603	0.01060	0.00337	0.00482	0.02362	0.00771	0.00675
26	0.01790	0.01589	0.02249	0.02598	0.18635	0.01712	0.04707	0.02859	0.23585	0.02821	0.03013	0.13459	0.02819	0.01400	0.01020	0.00299	0.04452	0.09217	0.00663	0.01114
27	0.02217	0.01542	0.01872	0.04964	0.02254	0.01302	0.01153	0.07999	0.02040	0.14686	0.01858	0.01979	0.01394	0.00738	0.00687	0.00168	0.00686	0.00592	0.00616	0.51252
28	0.02214	0.62360	0.09631	0.01537	0.02279	0.06174	0.01572	0.02539	0.01725	0.02017	0.01190	0.01377	0.01065	0.00724	0.00565	0.00187	0.00946	0.00463	0.00358	0.01075
29	0.02017	0.01900	0.03152	0.17018	0.44432	0.01992	0.05282	0.05803	0.05145	0.02771	0.01668	0.02146	0.01341	0.00789	0.00833	0.00256	0.01009	0.00762	0.00448	0.01235
30	0.01012	0.00723	0.00964	0.01157	0.01205	0.00675	0.00771	0.01157	0.01591	0.02121	0.04579	0.70262	0.05495	0.02603	0.01060	0.00337	0.00482	0.02362	0.00771	0.00675
31	0.01082	0.00798	0.01024	0.01183	0.01285	0.00758	0.00836	0.01339	0.03958	0.02221	0.04901	0.55252	0.11307	0.02466	0.01054	0.00334	0.00512	0.08207	0.00773	0.00710
32	0.01187	0.00890	0.01335	0.01335	0.01483	0.01038	0.01038	0.01483	0.01335	0.01928	0.02225	0.03264	0.02077	0.06231	0.67512	0.01335	0.02225	0.00890	0.00445	0.00742
33	0.01189	0.00883	0.01298	0.01298	0.01434	0.01018	0.00992	0.01460	0.01324	0.01901	0.02259	0.03451	0.02158	0.11787	0.62067	0.01290	0.02103	0.00917	0.00450	0.00721
34	0.02010	0.01927	0.03288	0.11152	0.59931	0.01962	0.02527	0.02509	0.01870	0.02658	0.01554	0.02071	0.01296	0.00749	0.00823	0.00250	0.00998	0.00740	0.00407	0.01279
35	0.01188	0.00886	0.01313	0.01313	0.01454	0.01026	0.01011	0.01469	0.01329	0.01912	0.02245	0.03375	0.02125	0.09538	0.64271	0.01308	0.02152	0.00906	0.00448	0.00730
36	0.01818	0.22671	0.49459	0.02108	0.03194	0.02302	0.02618	0.02592	0.01736	0.02445	0.01399	0.01638	0.01056	0.00768	0.00719	0.00240	0.01135	0.00567	0.00352	0.01183
37	0.72407	0.01559	0.01196	0.01074	0.01570	0.01802	0.00882	0.02413	0.01432	0.03691	0.01245	0.01449	0.00969	0.00782	0.00518	0.00253	0.00628	0.00468	0.04767	0.00893
38	0.56473	0.01775	0.01537	0.01305	0.01850	0.02032	0.01072	0.15857	0.05327	0.04046	0.01461	0.01586	0.01101	0.00840	0.00602	0.00257	0.00703	0.00542	0.00602	0.01035
39	0.01944	0.01859	0.03169	0.19817	0.51784	0.01944	0.02494	0.02451	0.01838	0.02577	0.01543	0.02093	0.01268	0.00761	0.00824	0.00254	0.01015	0.00740	0.00401	0.01225
40	0.01673	0.01583	0.02680	0.55210	0.18507	0.01873	0.02359	0.02214	0.01710	0.02249	0.01495	0.02181	0.01152	0.00811	0.00829	0.00270	0.01082	0.00739	0.00378	0.01007
41	0.02228	0.65185	0.07436	0.01499	0.02224	0.05800	0.01513	0.02528	0.01718	0.01992	0.01177	0.01361	0.01066	0.00721	0.00555	0.00183	0.00930	0.00456	0.00358	0.01070
42	0.03158	0.02327	0.02493	0.01911	0.02576	0.02576	0.01579	0.62852	0.03906	0.05236	0.01995	0.01995	0.01413	0.00997	0.00831	0.00249	0.00914	0.00748	0.00831	0.01413
43	0.02268	0.01506	0.01499	0.01268	0.01655	0.04878	0.01006	0.23444	0.02555	0.05962	0.02405	0.02618	0.01821	0.00974	0.00686	0.00216	0.00641	0.00755	0.42815	0.01030
44	0.01880	0.02048	0.04081	0.03162	0.06883	0.02111	0.42624	0.02425	0.01785	0.02488	0.01710	0.06000	0.01466	0.00976	0.01360	0.00300	0.16225	0.00991	0.00427	0.01059
45	0.01569	0.01477	0.02492	0.68808	0.05722	0.01846	0.02307	0.02123	0.01661	0.02123	0.01477	0.02215	0.01107	0.00831	0.00831	0.00277	0.01107	0.00738	0.00369	0.00923
46	0.76672	0.01607	0.01221	0.01092	0.01607	0.01864	0.00900	0.02442	0.01414	0.03727	0.01157	0.01350	0.00900	0.00771	0.00514	0.00257	0.00643	0.00450	0.00514	0.00900
47	0.02021	0.01845	0.02799	0.09887	0.39575	0.01951	0.02115	0.05783	0.15892	0.02982	0.05220	0.02512	0.01906	0.00896	0.00837	0.00258	0.00891	0.00824	0.00550	0.01257
48	0.01258	0.01016	0.01059	0.01039	0.01319	0.00858	0.00761	0.01425	0.02087	0.02612	0.17221	0.07789	0.54095	0.02141	0.01067	0.00317	0.00500	0.01742	0.00858	0.00836
49	0.01223	0.01082	0.04480	0.01286	0.01521	0.00894	0.00990	0.01577	0.04997	0.02327	0.03926	0.49171	0.04480	0.02139	0.00982	0.00305	0.00569	0.06465	0.00716	0.10870
50	0.01012	0.00723	0.00964	0.01157	0.01205	0.00675	0.00771	0.01157	0.01591	0.02121	0.04579	0.70262	0.05495	0.02603	0.01060	0.00337	0.00482	0.02362	0.00771	0.00675
51	0.02235	0.01706	0.02554	0.12417	0.29716	0.01777	0.01922	0.08254	0.07857	0.11715	0.02229	0.06205	0.01792	0.00970	0.00829	0.00258	0.00867	0.00866	0.04614	0.01218
52	0.28037	0.34298	0.06149	0.01431	0.02064	0.08104	0.01335	0.02653	0.05003	0.02691	0.01303	0.01469	0.01087	0.00770	0.00575	0.00218	0.00860	0.00489	0.00443	0.01021
53	0.01745	0.00964	0.00984	0.00913	0.01165	0.00995	0.00703	0.09384	0.02007	0.03359	0.02623	0.02962	0.02042	0.00971	0.00611	0.00200	0.00452	0.00771	0.66297	0.00852
54	0.01449	0.01772	0.13948	0.02079	0.10148	0.01281	0.08144	0.01973	0.02075	0.02947	0.33229	0.09901	0.04838	0.01377	0.00931	0.00268	0.00740	0.01258	0.00680	0.00961
55	0.01015	0.00827	0.00898	0.00913	0.01151	0.00710	0.00672	0.01244	0.01924	0.02393	0.16500	0.15791	0.48855	0.02107	0.00992	0.00285	0.00424	0.01794	0.00793	0.00710
56	0.02112	0.01807	0.01904	0.01700	0.02178	0.02087	0.01326	0.06842	0.61620	0.03548	0.03324	0.03054	0.02489	0.01122	0.00845	0.00280	0.00668	0.00931	0.00845	0.01319
57	0.01699	0.00920	0.00935	0.00881	0.01119	0.00943	0.00674	0.07647	0.01945	0.03298	0.02643	0.02994	0.02062	0.00971	0.00604	0.00199	0.00437	0.00772	0.68423	0.00834
58	0.01723	0.01477	0.01723	0.01230	0.01969	0.01107	0.00984	0.02092	0.01723	0.02707	0.01477	0.01723	0.01230	0.00615	0.00615	0.00123	0.00615	0.00492	0.00492	0.75883
59	0.01220	0.00834	0.01052	0.01052	0.01117	0.00887	0.00700	0.01348	0.01284	0.01809	0.02482	0.04525	0.02632	0.43696	0.26702	0.00961	0.01291	0.01069	0.04736	0.00604
60	0.01012	0.00723	0.00964	0.01157	0.01205	0.00675	0.00771	0.01157	0.01591	0.02121	0.04579	0.70262	0.05495	0.02603	0.01060	0.00337	0.00482	0.02362	0.00771	0.00675
61	0.01688	0.09864	0.57762	0.02218	0.03347	0.01986	0.02809	0.02563	0.01779	0.02609	0.04782	0.01950	0.01407	0.00830	0.00777	0.00256	0.01155	0.00646	0.00381	0.01191
62	0.01253	0.00914	0.01279	0.01260	0.01379	0.01055	0.00950	0.01500	0.01343	0.01972	0.02273	0.03548	0.02192	0.16650	0.47829	0.01101	0.05327	0.00927	0.06535	0.00712
63	0.01738	0.12981	0.58446	0.02245	0.03406	0.02105	0.02856	0.02612	0.01745	0.02543	0.01447	0.01699	0.01054	0.00779	0.00756	0.00252	0.01184	0.00592	0.00351	0.01207
64	0.03103	0.03959	0.02354	0.02140	0.02568	0.67469	0.01605	0.03317	0.02354	0.02033	0.01284	0.01498	0.01070	0.00856	0.00749	0.00214	0.01498	0.00535	0.00428	0.00963
65	0.01569	0.01477	0.02492	0.68808	0.05722	0.01846	0.02307	0.02123	0.01661	0.02123	0.01477	0.02215	0.01107	0.00831	0.00831	0.00277	0.01107	0.00738	0.00369	0.00923
66	0.01723	0.01477	0.01723	0.01230	0.01969	0.01107	0.00984	0.02092	0.01723	0.02707	0.01477	0.01723	0.01230	0.00615	0.00615	0.00123	0.00615	0.00492	0.00492	0.75883
67	0.01012	0.00723	0.00964	0.01157	0.01205	0.00675	0.00771	0.01157	0.01591	0.02121	0.04579	0.70262	0.05495	0.02603	0.01060	0.00337	0.00482	0.02362	0.00771	0.00675
68	0.01275	0.00871	0.01142	0.01062	0.01275	0.00801	0.00801	0.01664	0.02353	0.05777	0.62776	0.06074	0.07614	0.01672	0.00974	0.00261	0.00404	0.01476	0.00919	0.00808
69	0.01077	0.00771	0.00924	0.01018	0.01086	0.00725	0.00654	0.01181	0.01501	0.01958	0.04474	0.37491	0.13881	0.26847	0.02178	0.00495	0.00588	0.01856	0.00676	0.00618
70	0.01904	0.01819	0.03098	0.24953	0.46955	0.01934	0.02474	0.02416	0.01820	0.02530	0.01536	0.02106	0.01251	0.00768	0.00825	0.00256	0.01024	0.00740	0.00398	0.01193
71	0.01018	0.00735	0.00964	0.01135	0.01202	0.00681	0.00764	0.01178	0.01642	0.02184	0.07603	0.64050	0.08702	0.02535	0.01053	0.00331	0.00475	0.02290	0.00778	0.00681
72	0.01850	0.02076	0.06691	0.12974	0.12414	0.02009	0.34613	0.02452	0.01859	0.02566	0.04866	0.02359	0.01563	0.00845	0.01079	0.00281	0.07083	0.00902	0.00429	0.01087
73	0.02288	0.01813	0.01937	0.01677	0.02180	0.02045	0.01323	0.14320	0.47536	0.06970	0.03379	0.03131	0.05342	0.01147	0.00849	0.00275	0.00693	0.00940	0.00849	0.01307

[dist]
# distance from previous block
# <min> <max>
1	3

[block]
# block no. 1 follows, 22 sequences, length 32
# corresponding to MSA columns:
# 175-206
name=unknown_B
#
# <colnr> <probs for GDERKNQSTAVLIFYWHMCP>
#	G	D	E	R	K	N	Q	S	T	A	V	L	I	F	Y	W	H	M	C	P
0	0.02033	0.01977	0.18643	0.01547	0.02149	0.01290	0.01537	0.05787	0.02285	0.18520	0.29896	0.03981	0.04293	0.01257	0.00886	0.00260	0.00717	0.01065	0.00789	0.01088
1	0.01962	0.24347	0.42087	0.02064	0.03064	0.08251	0.02443	0.02650	0.01788	0.02374	0.01372	0.01605	0.01058	0.00772	0.00709	0.00233	0.01150	0.00556	0.00359	0.01155
2	0.01559	0.01437	0.02048	0.01834	0.01895	0.01926	0.01498	0.01787	0.01298	0.01970	0.01556	0.02411	0.01496	0.03415	0.29330	0.00762	0.41747	0.00794	0.00397	0.00840
3	0.01206	0.00813	0.00945	0.00945	0.00959	0.00827	0.00552	0.01233	0.01220	0.01640	0.02582	0.05239	0.02935	0.64940	0.09976	0.00854	0.00934	0.01179	0.00498	0.00525
4	0.01037	0.00741	0.00993	0.01185	0.01244	0.00696	0.00815	0.01200	0.01615	0.02149	0.04565	0.65609	0.05440	0.02579	0.01067	0.00341	0.00504	0.06769	0.00771	0.00682
5	0.01666	0.04297	0.66500	0.02368	0.03596	0.01929	0.03069	0.02631	0.01754	0.02631	0.01491	0.01754	0.01052	0.00789	0.00789	0.00263	0.01228	0.00614	0.00351	0.01228
6	0.03727	0.01414	0.01928	0.01478	0.02121	0.01221	0.01221	0.04049	0.02378	0.66198	0.03277	0.02828	0.02056	0.01028	0.00835	0.00257	0.00707	0.00835	0.01028	0.01414
7	0.01672	0.00893	0.00906	0.00861	0.01091	0.00912	0.00657	0.06591	0.01908	0.03261	0.02655	0.03013	0.02075	0.00970	0.00600	0.00198	0.00427	0.00772	0.69716	0.00823
8	0.03013	0.02232	0.02405	0.01881	0.02513	0.02472	0.01553	0.56791	0.07061	0.05010	0.02184	0.02405	0.01634	0.01066	0.00847	0.00257	0.00893	0.03577	0.00829	0.01377
9	0.01569	0.01477	0.02492	0.68808	0.05722	0.01846	0.02307	0.02123	0.01661	0.02123	0.01477	0.02215	0.01107	0.00831	0.00831	0.00277	0.01107	0.00738	0.00369	0.00923
10	0.01666	0.04297	0.66500	0.02368	0.03596	0.01929	0.03069	0.02631	0.01754	0.02631	0.01491	0.01754	0.01052	0.00789	0.00789	0.00263	0.01228	0.00614	0.00351	0.01228
11	0.01724	0.11274	0.60029	0.02269	0.03443	0.02071	0.02898	0.02616	0.01747	0.02560	0.01456	0.01710	0.01054	0.00781	0.00763	0.00254	0.01192	0.00596	0.00351	0.01211
12	0.01569	0.01477	0.02492	0.68808	0.05722	0.01846	0.02307	0.02123	0.01661	0.02123	0.01477	0.02215	0.01107	0.00831	0.00831	0.00277	0.01107	0.00738	0.00369	0.00923
13	0.02221	0.71304	0.04353	0.01421	0.02132	0.03287	0.01421	0.02488	0.01688	0.01955	0.01155	0.01333	0.01066	0.00711	0.00533	0.00178	0.00888	0.00444	0.00355	0.01066
14	0.01872	0.14498	0.41222	0.02164	0.03153	0.02084	0.07513	0.02732	0.05691	0.05414	0.04757	0.02075	0.01540	0.00845	0.00779	0.00252	0.01088	0.00691	0.00445	0.01185
15	0.01443	0.00722	0.01082	0.01082	0.01082	0.00722	0.00722	0.01082	0.01082	0.01443	0.01443	0.02525	0.01443	0.02886	0.03247	0.75830	0.00722	0.00722	0.00361	0.00361
16	0.03602	0.01386	0.01888	0.01457	0.02077	0.01200	0.01200	0.03927	0.02376	0.63110	0.06318	0.02993	0.02340	0.01061	0.00843	0.00257	0.00691	0.00868	0.01023	0.01383
17	0.09081	0.08335	0.05616	0.01509	0.02165	0.01582	0.01324	0.03726	0.07511	0.46241	0.02818	0.02532	0.01857	0.00973	0.00779	0.00252	0.00743	0.00764	0.00870	0.01321
18	0.06201	0.31928	0.14798	0.01594	0.02335	0.02391	0.01623	0.09644	0.02046	0.11958	0.01740	0.01839	0.01320	0.00827	0.00661	0.00218	0.00877	0.00593	0.06251	0.01155
19	0.00982	0.00842	0.00842	0.00842	0.01122	0.00701	0.00631	0.01192	0.01894	0.02244	0.08416	0.07995	0.65285	0.02104	0.00982	0.00281	0.00421	0.01753	0.00771	0.00701
20	0.12755	0.04829	0.01848	0.10430	0.02405	0.01760	0.01294	0.03211	0.27153	0.10640	0.03069	0.09221	0.05588	0.01196	0.00807	0.00275	0.00703	0.00984	0.00722	0.01110
21	0.03453	0.01555	0.01979	0.01550	0.02172	0.01469	0.01270	0.10083	0.10584	0.51813	0.03160	0.02778	0.02053	0.01038	0.00836	0.00259	0.00722	0.00840	0.00984	0.01401
22	0.03362	0.01479	0.04663	0.01470	0.02090	0.01205	0.01255	0.03719	0.02348	0.56640	0.09874	0.03145	0.02636	0.01090	0.00849	0.00258	0.00696	0.00898	0.00986	0.01338
23	0.01826	0.00995	0.01306	0.01145	0.01462	0.00892	0.00888	0.02188	0.02330	0.19576	0.45595	0.05440	0.09906	0.01550	0.00942	0.00261	0.00475	0.01345	0.00935	0.00942
24	0.02158	0.16247	0.16994	0.06220	0.06157	0.15184	0.20416	0.02717	0.01923	0.02368	0.01445	0.01808	0.01136	0.00761	0.00794	0.00242	0.01251	0.00689	0.00392	0.01099
25	0.02151	0.02258	0.05490	0.20334	0.29540	0.12516	0.07752	0.02644	0.01930	0.05214	0.01579	0.02045	0.01240	0.00793	0.00826	0.00253	0.01135	0.00728	0.00429	0.01142
26	0.01012	0.00723	0.00964	0.01157	0.01205	0.00675	0.00771	0.01157	0.01591	0.02121	0.04579	0.70262	0.05495	0.02603	0.01060	0.00337	0.00482	0.02362	0.00771	0.00675
27	0.09271	0.01953	0.05709	0.20009	0.08453	0.05093	0.14079	0.08475	0.01965	0.02825	0.01760	0.05687	0.01456	0.00939	0.00907	0.00269	0.04155	0.00832	0.05128	0.01034
28	0.02498	0.01719	0.01968	0.01524	0.02174	0.01654	0.01230	0.16705	0.14821	0.15493	0.02317	0.02270	0.01690	0.00883	0.00752	0.00209	0.00709	0.00705	0.00741	0.29940
29	0.20362	0.01648	0.01937	0.05248	0.05307	0.01797	0.01352	0.10493	0.08510	0.21459	0.05612	0.02420	0.01889	0.01025	0.00941	0.00269	0.07071	0.00760	0.00730	0.01169
30	0.11474	0.40684	0.06189	0.01719	0.06095	0.02657	0.01504	0.05083	0.01819	0.10029	0.01478	0.01629	0.01194	0.00813	0.00726	0.00218	0.04550	0.00545	0.00478	0.01115
31	0.38580	0.04996	0.04590	0.01384	0.01980	0.01848	0.01195	0.08121	0.07482	0.19532	0.01978	0.01951	0.01396	0.00885	0.00665	0.00255	0.00720	0.00623	0.00686	0.01132

[dist]
# distance from previous block
# <min> <max>
3	12

[block]
# block no. 2 follows, 22 sequences, length 109
# corresponding to MSA columns:
# 219-271,273-328
name=unknown_C
#
# <colnr> <probs for GDERKNQSTAVLIFYWHMCP>
#	G	D	E	R	K	N	Q	S	T	A	V	L	I	F	Y	W	H	M	C	P
0	0.04923	0.01676	0.02713	0.12410	0.06479	0.01725	0.18307	0.07682	0.08780	0.02907	0.05926	0.08636	0.04963	0.01149	0.00900	0.00276	0.00935	0.04260	0.00590	0.04763
1	0.02180	0.02205	0.07589	0.06407	0.25290	0.05053	0.06968	0.13103	0.04811	0.03112	0.01686	0.02005	0.01323	0.00790	0.00796	0.00231	0.00978	0.00707	0.00512	0.14254
2	0.24225	0.16082	0.12917	0.01524	0.02203	0.02084	0.01483	0.08447	0.05064	0.11256	0.05956	0.02075	0.01700	0.00896	0.00682	0.00243	0.00807	0.00648	0.00594	0.01115
3	0.02560	0.01932	0.02377	0.01795	0.02458	0.01943	0.06345	0.28835	0.05702	0.09302	0.01949	0.02048	0.01440	0.00883	0.00857	0.00220	0.03679	0.00704	0.00691	0.24280
4	0.10490	0.09604	0.09180	0.04992	0.11968	0.01972	0.04220	0.08038	0.10554	0.13990	0.05372	0.02370	0.01848	0.00921	0.00775	0.00252	0.00855	0.00757	0.00636	0.01207
5	0.17456	0.02295	0.13329	0.01673	0.02375	0.01989	0.01563	0.23829	0.07841	0.03890	0.05090	0.02101	0.01654	0.00913	0.00740	0.00240	0.00826	0.00686	0.00643	0.10863
6	0.01952	0.01391	0.01605	0.01475	0.01797	0.01468	0.01114	0.21709	0.09082	0.06332	0.03548	0.37649	0.03686	0.01847	0.00952	0.00299	0.00652	0.01612	0.00811	0.01019
7	0.01886	0.02446	0.13827	0.05562	0.06626	0.02034	0.44269	0.02580	0.01879	0.02627	0.01650	0.02170	0.01248	0.00761	0.01000	0.00277	0.04179	0.00889	0.02973	0.01117
8	0.01101	0.00815	0.01105	0.04414	0.01500	0.00775	0.00901	0.01295	0.01627	0.02180	0.04262	0.58641	0.05015	0.02394	0.01034	0.00328	0.00542	0.06900	0.00738	0.04433
9	0.02004	0.02164	0.02941	0.05588	0.02791	0.11125	0.12761	0.02301	0.01560	0.02129	0.01241	0.01870	0.01119	0.01208	0.02057	0.00324	0.44732	0.00747	0.00383	0.00955
10	0.02940	0.11126	0.02588	0.02054	0.02500	0.54253	0.01595	0.05632	0.02288	0.02156	0.01289	0.01518	0.01085	0.00878	0.00836	0.00220	0.05073	0.00544	0.00433	0.00990
11	0.01069	0.00843	0.00949	0.00923	0.01156	0.00739	0.00683	0.01338	0.02033	0.02628	0.29947	0.07168	0.39812	0.05663	0.01157	0.00302	0.00430	0.01627	0.00812	0.00722
12	0.02996	0.12877	0.02671	0.01977	0.02510	0.40534	0.01572	0.19719	0.02692	0.02911	0.01463	0.01613	0.01165	0.00875	0.00742	0.00219	0.01251	0.00581	0.00530	0.01102
13	0.01012	0.00723	0.00964	0.01157	0.01205	0.00675	0.00771	0.01157	0.01591	0.02121	0.04579	0.70262	0.05495	0.02603	0.01060	0.00337	0.00482	0.02362	0.00771	0.00675
14	0.06645	0.02746	0.02394	0.01936	0.02528	0.20546	0.01554	0.43456	0.03357	0.04275	0.01758	0.01826	0.01293	0.00947	0.00793	0.00240	0.01063	0.00675	0.00704	0.01264
15	0.02007	0.02113	0.04168	0.04268	0.33759	0.02040	0.33776	0.02608	0.01928	0.02686	0.01624	0.02152	0.01287	0.00719	0.00905	0.00264	0.01202	0.00865	0.00416	0.01214
16	0.01176	0.00849	0.01110	0.01045	0.01241	0.00784	0.00784	0.01568	0.02352	0.03331	0.65184	0.06206	0.07839	0.01698	0.00980	0.00261	0.00392	0.01502	0.00914	0.00784
17	0.01097	0.00789	0.01040	0.01099	0.01224	0.00731	0.00778	0.01370	0.01986	0.02750	0.36091	0.36956	0.06713	0.02132	0.01018	0.00298	0.00435	0.01915	0.00846	0.00731
18	0.02193	0.67973	0.07443	0.01469	0.02205	0.03220	0.01503	0.02495	0.01691	0.01988	0.01172	0.01354	0.01065	0.00715	0.00546	0.00182	0.00905	0.00453	0.00355	0.01074
19	0.03131	0.02166	0.02356	0.01815	0.02455	0.02362	0.01497	0.54429	0.03658	0.10735	0.02148	0.02126	0.01507	0.00999	0.00819	0.00247	0.00869	0.00757	0.04542	0.01381
20	0.01339	0.00956	0.01339	0.01530	0.01721	0.00956	0.01339	0.01721	0.01912	0.02486	0.04399	0.09371	0.04781	0.02295	0.01147	0.00382	0.00765	0.60031	0.00765	0.00765
21	0.01265	0.01004	0.01484	0.01439	0.01569	0.01224	0.01134	0.01547	0.01327	0.01937	0.02085	0.03085	0.01955	0.05642	0.59527	0.01215	0.10490	0.00870	0.00435	0.00762
22	0.02221	0.71304	0.04353	0.01421	0.02132	0.03287	0.01421	0.02488	0.01688	0.01955	0.01155	0.01333	0.01066	0.00711	0.00533	0.00178	0.00888	0.00444	0.00355	0.01066
23	0.01176	0.00849	0.01110	0.01045	0.01241	0.00784	0.00784	0.01568	0.02352	0.03331	0.65184	0.06206	0.07839	0.01698	0.00980	0.00261	0.00392	0.01502	0.00914	0.00784
24	0.01818	0.01818	0.02545	0.02181	0.02181	0.02545	0.01818	0.01999	0.01272	0.01999	0.01091	0.01818	0.01091	0.01454	0.02726	0.00364	0.69284	0.00727	0.00364	0.00909
25	0.02988	0.02467	0.02462	0.02086	0.05830	0.10897	0.01608	0.46341	0.09423	0.04519	0.02014	0.02040	0.01472	0.00978	0.00821	0.00248	0.00969	0.00738	0.00758	0.01340
26	0.76672	0.01607	0.01221	0.01092	0.01607	0.01864	0.00900	0.02442	0.01414	0.03727	0.01157	0.01350	0.00900	0.00771	0.00514	0.00257	0.00643	0.00450	0.00514	0.00900
27	0.01007	0.00843	0.00881	0.00903	0.01166	0.00717	0.00685	0.01226	0.01880	0.02254	0.07960	0.11169	0.58318	0.02141	0.00997	0.00290	0.00447	0.05643	0.00771	0.00704
28	0.02092	0.02105	0.03134	0.14335	0.50105	0.08752	0.02415	0.02565	0.01905	0.02555	0.01521	0.02022	0.01259	0.00766	0.00816	0.00248	0.01058	0.00719	0.00407	0.01220
29	0.01182	0.00866	0.01187	0.01356	0.01461	0.00871	0.01052	0.01428	0.01711	0.02268	0.04357	0.41972	0.05011	0.02426	0.01167	0.00357	0.03494	0.26359	0.00751	0.00722
30	0.10466	0.02133	0.02023	0.01683	0.02213	0.08920	0.01347	0.29691	0.18461	0.04094	0.02252	0.02260	0.01676	0.00989	0.00769	0.00249	0.00830	0.00745	0.07973	0.01226
31	0.02969	0.02807	0.02303	0.01918	0.02455	0.26470	0.01515	0.33121	0.07740	0.03802	0.01874	0.01953	0.01409	0.00953	0.00788	0.00236	0.01083	0.00685	0.04716	0.01204
32	0.01884	0.01940	0.02454	0.02129	0.02166	0.07757	0.01750	0.02067	0.01376	0.02008	0.01273	0.05052	0.01299	0.01460	0.02485	0.00350	0.60471	0.00789	0.00388	0.00902
33	0.01427	0.01026	0.01221	0.01179	0.01414	0.03604	0.00916	0.01779	0.02216	0.07213	0.41877	0.09172	0.11564	0.01781	0.00989	0.00282	0.00521	0.10139	0.00861	0.00819
34	0.01666	0.04297	0.66500	0.02368	0.03596	0.01929	0.03069	0.02631	0.01754	0.02631	0.01491	0.01754	0.01052	0.00789	0.00789	0.00263	0.01228	0.00614	0.00351	0.01228
35	0.01955	0.02223	0.04802	0.03446	0.04250	0.02120	0.60037	0.02633	0.01932	0.02633	0.01656	0.02223	0.01253	0.00732	0.01054	0.00284	0.04268	0.00970	0.00418	0.01112
36	0.71791	0.01594	0.01268	0.01118	0.01641	0.01821	0.00921	0.02550	0.01478	0.07907	0.01299	0.01448	0.00977	0.00788	0.00536	0.00257	0.00647	0.00476	0.00549	0.00934
37	0.02846	0.02419	0.02274	0.05154	0.02557	0.14555	0.01509	0.41588	0.03264	0.04175	0.02299	0.02366	0.05641	0.01035	0.00814	0.00243	0.00976	0.00776	0.04282	0.01226
38	0.02231	0.01786	0.01940	0.01678	0.02156	0.02012	0.01339	0.21370	0.34801	0.03766	0.03172	0.03336	0.05381	0.01611	0.06306	0.00363	0.00856	0.03856	0.00801	0.01240
39	0.01233	0.00937	0.01342	0.01317	0.01430	0.01099	0.00998	0.01470	0.01309	0.01878	0.02217	0.03543	0.02174	0.17086	0.52226	0.01178	0.06467	0.00934	0.00450	0.00712
40	0.02569	0.02014	0.02380	0.06687	0.11152	0.02201	0.01635	0.38468	0.09163	0.04201	0.02705	0.02750	0.08139	0.01079	0.00847	0.00257	0.00860	0.00870	0.00738	0.01283
41	0.03103	0.03959	0.02354	0.02140	0.02568	0.67469	0.01605	0.03317	0.02354	0.02033	0.01284	0.01498	0.01070	0.00856	0.00749	0.00214	0.01498	0.00535	0.00428	0.00963
42	0.01549	0.00774	0.00774	0.00774	0.00968	0.00774	0.00581	0.01936	0.01742	0.03097	0.02710	0.03097	0.02129	0.00968	0.00581	0.00194	0.00387	0.00774	0.75416	0.00774
43	0.01208	0.00805	0.00906	0.00906	0.00906	0.00805	0.00503	0.01208	0.01208	0.01611	0.02618	0.05436	0.03020	0.70804	0.04228	0.00805	0.00805	0.01208	0.00503	0.00503
44	0.03085	0.02291	0.02452	0.01897	0.02548	0.02542	0.01561	0.58942	0.07935	0.05118	0.02087	0.02068	0.01488	0.01006	0.00832	0.00251	0.00897	0.00761	0.00832	0.01406
45	0.76672	0.01607	0.01221	0.01092	0.01607	0.01864	0.00900	0.02442	0.01414	0.03727	0.01157	0.01350	0.00900	0.00771	0.00514	0.00257	0.00643	0.00450	0.00514	0.00900
46	0.03214	0.02238	0.02438	0.01869	0.02532	0.02444	0.01544	0.57100	0.03756	0.11199	0.02120	0.02076	0.01476	0.01000	0.00831	0.00250	0.00894	0.00756	0.00850	0.01413
47	0.03727	0.01414	0.01928	0.01478	0.02121	0.01221	0.01221	0.04049	0.02378	0.66198	0.03277	0.02828	0.02056	0.01028	0.00835	0.00257	0.00707	0.00835	0.01028	0.01414
48	0.01329	0.00889	0.01174	0.01108	0.01328	0.00822	0.00853	0.01716	0.02317	0.06698	0.56838	0.06279	0.07273	0.01710	0.00986	0.00271	0.00440	0.06245	0.00908	0.00817
49	0.01176	0.00849	0.01110	0.01045	0.01241	0.00784	0.00784	0.01568	0.02352	0.03331	0.65184	0.06206	0.07839	0.01698	0.00980	0.00261	0.00392	0.01502	0.00914	0.00784
50	0.02221	0.71304	0.04353	0.01421	0.02132	0.03287	0.01421	0.02488	0.01688	0.01955	0.01155	0.01333	0.01066	0.00711	0.00533	0.00178	0.00888	0.00444	0.00355	0.01066
51	0.01443	0.00722	0.01082	0.01082	0.01082	0.00722	0.00722	0.01082	0.01082	0.01443	0.01443	0.02525	0.01443	0.02886	0.03247	0.75830	0.00722	0.00722	0.00361	0.00361
52	0.01023	0.00727	0.00961	0.01143	0.01189	0.00682	0.00757	0.01160	0.01570	0.02093	0.04472	0.66720	0.05359	0.06329	0.01233	0.00363	0.00500	0.02299	0.00757	0.00665
53	0.01179	0.00851	0.01119	0.01082	0.01272	0.00791	0.00820	0.01560	0.02289	0.03221	0.58446	0.09240	0.07531	0.01778	0.00995	0.00273	0.00421	0.05457	0.00898	0.00778
54	0.01537	0.01062	0.01174	0.01076	0.01188	0.01104	0.00685	0.11619	0.01664	0.02223	0.02512	0.04855	0.02749	0.59015	0.03655	0.00711	0.00824	0.01130	0.00559	0.00657
55	0.01825	0.01580	0.01633	0.01642	0.01939	0.10415	0.01368	0.08364	0.07879	0.02837	0.06858	0.06795	0.03884	0.01826	0.01024	0.00330	0.00852	0.37299	0.00740	0.00909
56	0.02047	0.02182	0.04429	0.06993	0.10197	0.02114	0.48613	0.07536	0.02097	0.02848	0.01684	0.02202	0.01270	0.00735	0.00945	0.00274	0.01305	0.00925	0.00450	0.01153
57	0.01096	0.00793	0.01052	0.05624	0.01436	0.00784	0.00810	0.01234	0.01504	0.01999	0.03904	0.50259	0.04611	0.18738	0.01800	0.00445	0.00601	0.01978	0.00680	0.00651
58	0.02837	0.01392	0.01767	0.01421	0.01930	0.01318	0.01148	0.11518	0.05156	0.36829	0.21103	0.03705	0.03668	0.01223	0.00877	0.00258	0.00642	0.01022	0.00960	0.01226
59	0.01026	0.00733	0.00976	0.01148	0.01208	0.00684	0.00772	0.01190	0.01653	0.02220	0.09527	0.65032	0.05686	0.02529	0.01054	0.00331	0.00475	0.02292	0.00783	0.00684
60	0.02225	0.01950	0.01962	0.01735	0.02222	0.05533	0.01355	0.09976	0.55104	0.03569	0.03138	0.02910	0.02351	0.01100	0.00839	0.00275	0.00726	0.00900	0.00822	0.01306
61	0.01569	0.01477	0.02492	0.68808	0.05722	0.01846	0.02307	0.02123	0.01661	0.02123	0.01477	0.02215	0.01107	0.00831	0.00831	0.00277	0.01107	0.00738	0.00369	0.00923
62	0.04093	0.01037	0.01372	0.01438	0.06601	0.01000	0.00981	0.01928	0.05313	0.06523	0.48195	0.08764	0.06370	0.01572	0.00940	0.00265	0.00484	0.01386	0.00854	0.00885
63	0.01666	0.04297	0.66500	0.02368	0.03596	0.01929	0.03069	0.02631	0.01754	0.02631	0.01491	0.01754	0.01052	0.00789	0.00789	0.00263	0.01228	0.00614	0.00351	0.01228
64	0.03727	0.01414	0.01928	0.01478	0.02121	0.01221	0.01221	0.04049	0.02378	0.66198	0.03277	0.02828	0.02056	0.01028	0.00835	0.00257	0.00707	0.00835	0.01028	0.01414
65	0.01175	0.00847	0.01113	0.01071	0.01260	0.00786	0.00807	0.01554	0.02295	0.03236	0.59616	0.09511	0.07593	0.01768	0.00991	0.00270	0.00412	0.04017	0.00901	0.00778
66	0.02066	0.01785	0.01878	0.01691	0.02160	0.02066	0.01315	0.04414	0.64121	0.03475	0.03381	0.03099	0.02536	0.01127	0.00845	0.00282	0.00657	0.00939	0.00845	0.01315
67	0.01012	0.00723	0.00964	0.01157	0.01205	0.00675	0.00771	0.01157	0.01591	0.02121	0.04579	0.70262	0.05495	0.02603	0.01060	0.00337	0.00482	0.02362	0.00771	0.00675
68	0.07576	0.01462	0.01914	0.01476	0.02112	0.01312	0.01219	0.06412	0.02390	0.60342	0.03111	0.02714	0.01968	0.01013	0.00818	0.00257	0.00712	0.00811	0.00993	0.01386
69	0.03101	0.02299	0.02461	0.01900	0.02555	0.02550	0.01565	0.59798	0.07053	0.05144	0.02067	0.02052	0.01471	0.01004	0.00832	0.00251	0.00901	0.00758	0.00832	0.01408
70	0.03727	0.01414	0.01928	0.01478	0.02121	0.01221	0.01221	0.04049	0.02378	0.66198	0.03277	0.02828	0.02056	0.01028	0.00835	0.00257	0.00707	0.00835	0.01028	0.01414
71	0.01017	0.00736	0.00962	0.01131	0.01201	0.00681	0.00762	0.01176	0.01642	0.02179	0.07359	0.63428	0.09593	0.02532	0.01052	0.00330	0.00474	0.02285	0.00777	0.00681
72	0.01047	0.00749	0.01002	0.01181	0.01249	0.00704	0.00818	0.01225	0.01657	0.02215	0.07781	0.61890	0.05561	0.02530	0.01063	0.00337	0.00500	0.07025	0.00778	0.00688
73	0.01778	0.17754	0.54019	0.02178	0.03302	0.02202	0.02738	0.02602	0.01741	0.02495	0.01423	0.01669	0.01055	0.00773	0.00738	0.00246	0.01160	0.00580	0.00352	0.01195
74	0.01649	0.04120	0.63041	0.02323	0.03496	0.01878	0.02977	0.02583	0.01762	0.02623	0.01645	0.02158	0.01250	0.00869	0.00808	0.00269	0.01203	0.03768	0.00373	0.01203
75	0.66684	0.01655	0.01364	0.01180	0.01714	0.01887	0.00973	0.07462	0.01670	0.07264	0.01341	0.01483	0.01005	0.00804	0.00558	0.00256	0.00668	0.00495	0.00568	0.00970
76	0.01545	0.03993	0.01369	0.01163	0.01306	0.01238	0.00813	0.09275	0.01646	0.02271	0.02473	0.07672	0.02618	0.41343	0.08296	0.00659	0.04527	0.01095	0.05986	0.00713
77	0.01048	0.00757	0.00993	0.01118	0.01210	0.00701	0.00768	0.01253	0.01778	0.02404	0.18667	0.52945	0.08526	0.02374	0.01039	0.00318	0.00459	0.02139	0.00804	0.00701
78	0.01640	0.01572	0.02694	0.57262	0.10387	0.01900	0.05507	0.02181	0.01679	0.02194	0.01478	0.02186	0.01132	0.00843	0.00920	0.00278	0.04056	0.00751	0.00375	0.00965
79	0.02157	0.01584	0.01813	0.01443	0.02064	0.01488	0.01146	0.03270	0.25491	0.12634	0.02472	0.02413	0.01851	0.00872	0.00736	0.00204	0.00645	0.00714	0.00707	0.36297
80	0.01173	0.00875	0.01142	0.03949	0.01422	0.00821	0.00834	0.01552	0.02274	0.03166	0.56509	0.06220	0.13543	0.01703	0.00974	0.00264	0.00426	0.01496	0.00876	0.00781
81	0.76672	0.01607	0.01221	0.01092	0.01607	0.01864	0.00900	0.02442	0.01414	0.03727	0.01157	0.01350	0.00900	0.00771	0.00514	0.00257	0.00643	0.00450	0.00514	0.00900
82	0.01100	0.00857	0.01189	0.01216	0.01382	0.00786	0.04003	0.01340	0.01818	0.02407	0.16110	0.40939	0.16803	0.02234	0.01031	0.00312	0.00514	0.04456	0.00779	0.00727
83	0.01755	0.01667	0.02828	0.44441	0.28632	0.01895	0.02400	0.02286	0.01749	0.02349	0.01509	0.02154	0.01187	0.00796	0.00827	0.00265	0.01061	0.00739	0.00385	0.01073
84	0.03158	0.02327	0.02493	0.01911	0.02576	0.02576	0.01579	0.62852	0.03906	0.05236	0.01995	0.01995	0.01413	0.00997	0.00831	0.00249	0.00914	0.00748	0.00831	0.01413
85	0.01507	0.01005	0.01315	0.01228	0.01462	0.00994	0.00953	0.01969	0.05551	0.09199	0.43487	0.10026	0.06233	0.01699	0.01069	0.00282	0.04073	0.06203	0.00871	0.00871
86	0.01867	0.10571	0.55876	0.02213	0.03349	0.02010	0.02778	0.02718	0.01792	0.07107	0.01586	0.01790	0.01125	0.00799	0.00768	0.00254	0.01158	0.00613	0.00400	0.01225
87	0.10814	0.01433	0.01859	0.01441	0.02071	0.01283	0.01190	0.03892	0.02284	0.60128	0.03071	0.02684	0.01944	0.01003	0.00804	0.00257	0.00701	0.00798	0.00978	0.01364
88	0.01138	0.00921	0.01401	0.01358	0.01542	0.00850	0.07470	0.01390	0.01787	0.02387	0.14389	0.45593	0.12171	0.02195	0.01030	0.00313	0.00560	0.02006	0.00756	0.00744
89	0.01580	0.01492	0.02494	0.65872	0.05566	0.01876	0.02286	0.02117	0.01644	0.02117	0.01460	0.02197	0.01107	0.00858	0.00914	0.00281	0.04111	0.00738	0.00369	0.00922
90	0.02583	0.02552	0.02106	0.01831	0.02319	0.23294	0.01424	0.17370	0.25997	0.03333	0.02717	0.02652	0.06000	0.01075	0.00820	0.00252	0.00974	0.00818	0.00702	0.01182
91	0.06281	0.01491	0.01930	0.01528	0.02062	0.01461	0.01257	0.08331	0.02320	0.46213	0.05654	0.02957	0.04878	0.01137	0.01039	0.00269	0.08140	0.00869	0.00903	0.01280
92	0.42853	0.01951	0.05922	0.01399	0.01995	0.07072	0.01215	0.05112	0.01868	0.20858	0.01806	0.01821	0.01262	0.00858	0.00652	0.00254	0.00779	0.00585	0.00650	0.01087
93	0.01077	0.00783	0.01036	0.01191	0.01288	0.00721	0.00829	0.01253	0.01624	0.02182	0.04396	0.61584	0.05206	0.02470	0.01043	0.00329	0.00512	0.06969	0.00756	0.04749
94	0.24340	0.02117	0.02036	0.01654	0.02239	0.05160	0.01348	0.34875	0.11178	0.04421	0.01906	0.01933	0.01399	0.00943	0.00737	0.00254	0.00827	0.00678	0.00723	0.01231
95	0.05450	0.07375	0.51310	0.02416	0.03526	0.02021	0.11294	0.02618	0.01763	0.02654	0.01484	0.01781	0.01075	0.00772	0.00789	0.00261	0.01205	0.00649	0.00369	0.01188
96	0.01907	0.02144	0.04589	0.03319	0.04079	0.02052	0.56521	0.02554	0.01908	0.02601	0.01796	0.05602	0.01463	0.00832	0.01071	0.00287	0.04716	0.01037	0.00435	0.01088
97	0.01197	0.00801	0.00909	0.00920	0.00922	0.00798	0.00518	0.01205	0.01229	0.01638	0.02724	0.08942	0.03154	0.67116	0.04057	0.00780	0.00788	0.01270	0.00518	0.00513
98	0.01087	0.00795	0.01038	0.01206	0.01319	0.00746	0.00890	0.01298	0.01708	0.02225	0.05034	0.47480	0.13090	0.02464	0.01071	0.00341	0.00542	0.16197	0.00770	0.00700
99	0.02221	0.71304	0.04353	0.01421	0.02132	0.03287	0.01421	0.02488	0.01688	0.01955	0.01155	0.01333	0.01066	0.00711	0.00533	0.00178	0.00888	0.00444	0.00355	0.01066
100	0.02221	0.71304	0.04353	0.01421	0.02132	0.03287	0.01421	0.02488	0.01688	0.01955	0.01155	0.01333	0.01066	0.00711	0.00533	0.00178	0.00888	0.00444	0.00355	0.01066
101	0.03158	0.02327	0.02493	0.01911	0.02576	0.02576	0.01579	0.62852	0.03906	0.05236	0.01995	0.01995	0.01413	0.00997	0.00831	0.00249	0.00914	0.00748	0.00831	0.01413
102	0.02066	0.01785	0.01878	0.01691	0.02160	0.02066	0.01315	0.04414	0.64121	0.03475	0.03381	0.03099	0.02536	0.01127	0.00845	0.00282	0.00657	0.00939	0.00845	0.01315
103	0.03650	0.01538	0.02005	0.01537	0.02183	0.01406	0.01270	0.12063	0.02586	0.57889	0.03103	0.02714	0.01969	0.01024	0.00835	0.00256	0.00735	0.00823	0.01001	0.01414
104	0.01012	0.00723	0.00964	0.01157	0.01205	0.00675	0.00771	0.01157	0.01591	0.02121	0.04579	0.70262	0.05495	0.02603	0.01060	0.00337	0.00482	0.02362	0.00771	0.00675
105	0.01187	0.00890	0.01335	0.01335	0.01483	0.01038	0.01038	0.01483	0.01335	0.01928	0.02225	0.03264	0.02077	0.06231	0.67512	0.01335	0.02225	0.00890	0.00445	0.00742
106	0.10583	0.02047	0.02195	0.01708	0.02329	0.02224	0.01408	0.45538	0.03331	0.13130	0.02121	0.02101	0.01486	0.00977	0.00786	0.00248	0.00830	0.00731	0.04901	0.01326
107	0.01191	0.00802	0.00929	0.00944	0.00955	0.00804	0.00548	0.01215	0.01245	0.01666	0.02761	0.10639	0.03183	0.62544	0.06608	0.00789	0.00838	0.01289	0.00523	0.00527
108	0.03213	0.01993	0.02443	0.01852	0.02524	0.02050	0.05525	0.37496	0.03200	0.24852	0.02373	0.02273	0.01606	0.00974	0.00835	0.00249	0.00869	0.00783	0.00856	0.04033

[dist]
# distance from previous block
# <min> <max>
0	1

[block]
# block no. 3 follows, 22 sequences, length 129
# corresponding to MSA columns:
# 330-458
name=unknown_D
#
# <colnr> <probs for GDERKNQSTAVLIFYWHMCP>
#	G	D	E	R	K	N	Q	S	T	A	V	L	I	F	Y	W	H	M	C	P
0	0.01994	0.26073	0.35860	0.02127	0.03111	0.02358	0.08768	0.02664	0.01788	0.05886	0.01498	0.01725	0.01134	0.00767	0.00727	0.00236	0.01106	0.00609	0.00397	0.01173
1	0.03008	0.02691	0.02373	0.01947	0.02515	0.20452	0.01563	0.40829	0.06182	0.04140	0.01973	0.02248	0.01525	0.01024	0.00824	0.00247	0.01057	0.03431	0.00717	0.01254
2	0.01131	0.00777	0.00950	0.01040	0.01068	0.00757	0.00653	0.01209	0.01401	0.01865	0.03525	0.33031	0.04144	0.38944	0.02753	0.00589	0.00667	0.04281	0.00628	0.00587
3	0.02046	0.01993	0.03465	0.04768	0.56096	0.01992	0.08892	0.02649	0.04836	0.02744	0.01661	0.02125	0.01368	0.00754	0.00840	0.00252	0.01015	0.00775	0.00433	0.01295
4	0.02022	0.01939	0.03311	0.09526	0.61460	0.01965	0.02533	0.02520	0.01876	0.02673	0.01557	0.02067	0.01301	0.00746	0.00823	0.00249	0.00995	0.00740	0.00408	0.01289
5	0.01603	0.01511	0.02553	0.64381	0.09884	0.01855	0.02324	0.02152	0.01677	0.02164	0.01483	0.02204	0.01122	0.00824	0.00830	0.00275	0.01099	0.00738	0.00372	0.00950
6	0.71604	0.01593	0.01270	0.01119	0.01642	0.01819	0.00922	0.02554	0.01481	0.08068	0.01304	0.01452	0.00980	0.00789	0.00536	0.00257	0.00647	0.00477	0.00550	0.00935
7	0.03073	0.02245	0.02403	0.01852	0.02492	0.02481	0.01526	0.59645	0.03792	0.05123	0.02032	0.02053	0.01451	0.00996	0.00818	0.00246	0.00886	0.00749	0.04758	0.01379
8	0.01185	0.00855	0.01123	0.01072	0.01267	0.00793	0.00814	0.01576	0.02328	0.03285	0.61861	0.06379	0.07671	0.01731	0.00989	0.00268	0.00412	0.04702	0.00906	0.00783
9	0.02056	0.01974	0.03372	0.05099	0.65622	0.01974	0.02550	0.02550	0.01892	0.02714	0.01563	0.02056	0.01316	0.00740	0.00822	0.00247	0.00987	0.00740	0.00411	0.01316
10	0.03513	0.01600	0.02067	0.04669	0.02378	0.01522	0.01343	0.15766	0.02652	0.51004	0.02937	0.02632	0.01883	0.01013	0.00834	0.00256	0.00767	0.00813	0.00958	0.01391
11	0.06943	0.10581	0.53484	0.02231	0.03343	0.02064	0.05082	0.02605	0.01732	0.02642	0.01442	0.01704	0.01051	0.00777	0.00753	0.00255	0.01161	0.00600	0.00365	0.01185
12	0.02194	0.01762	0.02350	0.07763	0.20490	0.01893	0.01719	0.03577	0.32408	0.10006	0.02632	0.02651	0.01976	0.00963	0.00828	0.00263	0.00790	0.00838	0.00692	0.04207
13	0.03101	0.02298	0.02461	0.01900	0.02554	0.02549	0.01565	0.59776	0.07076	0.05143	0.02068	0.02053	0.01472	0.01004	0.00832	0.00251	0.00901	0.00758	0.00832	0.01408
14	0.01151	0.00854	0.01181	0.07567	0.01689	0.00831	0.00948	0.01352	0.01661	0.02243	0.09573	0.48639	0.04847	0.02252	0.01121	0.04097	0.00563	0.04165	0.00711	0.04554
15	0.03046	0.02271	0.02430	0.01889	0.02533	0.02524	0.01552	0.56836	0.10105	0.05054	0.02137	0.02108	0.01528	0.01011	0.00833	0.00253	0.00888	0.00768	0.00833	0.01403
16	0.03567	0.01516	0.01909	0.01490	0.02100	0.04598	0.01219	0.03887	0.02375	0.59757	0.06276	0.02929	0.02295	0.01053	0.00838	0.00255	0.00732	0.00853	0.00992	0.01359
17	0.01259	0.00910	0.01169	0.01127	0.01324	0.00866	0.00846	0.04655	0.02297	0.03209	0.50133	0.15912	0.07023	0.01826	0.00992	0.00277	0.00448	0.04047	0.00882	0.00799
18	0.01666	0.04297	0.66500	0.02368	0.03596	0.01929	0.03069	0.02631	0.01754	0.02631	0.01491	0.01754	0.01052	0.00789	0.00789	0.00263	0.01228	0.00614	0.00351	0.01228
19	0.01042	0.00745	0.00999	0.01191	0.01253	0.00701	0.00824	0.01209	0.01620	0.02155	0.04562	0.64626	0.05428	0.02574	0.01068	0.00342	0.00508	0.07700	0.00771	0.00683
20	0.03158	0.02327	0.02493	0.01911	0.02576	0.02576	0.01579	0.62852	0.03906	0.05236	0.01995	0.01995	0.01413	0.00997	0.00831	0.00249	0.00914	0.00748	0.00831	0.01413
21	0.76672	0.01607	0.01221	0.01092	0.01607	0.01864	0.00900	0.02442	0.01414	0.03727	0.01157	0.01350	0.00900	0.00771	0.00514	0.00257	0.00643	0.00450	0.00514	0.00900
22	0.01995	0.01840	0.03111	0.13019	0.46269	0.01907	0.04981	0.02470	0.01851	0.05125	0.01898	0.02362	0.04083	0.00859	0.00938	0.00260	0.04581	0.00798	0.00444	0.01211
23	0.01176	0.00849	0.01110	0.01045	0.01241	0.00784	0.00784	0.01568	0.02352	0.03331	0.65184	0.06206	0.07839	0.01698	0.00980	0.00261	0.00392	0.01502	0.00914	0.00784
