[name]
unknown

[dist]
# distance from previous block
# <min> <max>
0	10

[block]
# block no. 0 follows, 25 sequences, length 17
# corresponding to MSA columns:
# 10-26
name=unknown_A
#
# <colnr> <probs for GDERKNQSTAVLIFYWHMCP>
#	G	D	E	R	K	N	Q	S	T	A	V	L	I	F	Y	W	H	M	C	P
0	0.06244	0.39728	0.16668	0.01560	0.02239	0.02462	0.01622	0.04973	0.06404	0.02308	0.01512	0.01953	0.01313	0.00838	0.00689	0.00214	0.03467	0.04368	0.00415	0.01024
1	0.09818	0.09304	0.02110	0.01661	0.03939	0.22299	0.01289	0.16609	0.02193	0.05501	0.01597	0.01878	0.01289	0.03499	0.03536	0.00274	0.04088	0.00608	0.07524	0.00983
2	0.40460	0.02033	0.04705	0.01438	0.01995	0.07086	0.01221	0.26368	0.02286	0.03851	0.01400	0.01516	0.01040	0.00807	0.00620	0.00234	0.00781	0.00539	0.00580	0.01040
3	0.05339	0.01694	0.01836	0.01507	0.02035	0.01804	0.01214	0.23862	0.24268	0.07819	0.02655	0.02726	0.05059	0.01010	0.00758	0.00233	0.00683	0.02998	0.00731	0.11768
4	0.01040	0.00790	0.00957	0.00916	0.01123	0.00707	0.00687	0.01353	0.02060	0.02790	0.48714	0.06318	0.26306	0.01704	0.00915	0.00250	0.00374	0.01476	0.00811	0.00707
5	0.01112	0.00815	0.01166	0.01166	0.01276	0.00926	0.00869	0.01333	0.01222	0.01740	0.02150	0.03453	0.02115	0.19258	0.56477	0.01147	0.01811	0.00890	0.00426	0.00648
6	0.01069	0.00791	0.00997	0.00945	0.01141	0.00719	0.00709	0.01408	0.02127	0.02949	0.58086	0.06056	0.16835	0.01645	0.00915	0.00247	0.00370	0.01439	0.00832	0.00719
7	0.01464	0.01378	0.02326	0.70887	0.05340	0.01723	0.02153	0.01981	0.01550	0.01981	0.01378	0.02067	0.01034	0.00775	0.00775	0.00258	0.01034	0.00689	0.00345	0.00861
8	0.01602	0.10264	0.62890	0.02130	0.03232	0.01915	0.02726	0.02443	0.01631	0.02398	0.01363	0.01601	0.00983	0.00730	0.00715	0.00238	0.01117	0.00559	0.00328	0.01132
9	0.01806	0.01857	0.02530	0.42367	0.21972	0.12078	0.02115	0.02259	0.01707	0.02119	0.01373	0.01925	0.01081	0.00756	0.00762	0.00242	0.01058	0.00661	0.00364	0.00967
10	0.78228	0.01499	0.01140	0.01020	0.01499	0.01739	0.00840	0.02279	0.01320	0.03479	0.01080	0.01260	0.00840	0.00720	0.00480	0.00240	0.00600	0.00420	0.00480	0.00840
11	0.02158	0.03012	0.26730	0.02622	0.14414	0.12557	0.07578	0.16353	0.02205	0.02918	0.01491	0.01737	0.01119	0.00774	0.00760	0.00234	0.01095	0.00639	0.00453	0.01151
12	0.00945	0.00675	0.00900	0.01080	0.01125	0.00630	0.00720	0.01080	0.01484	0.01979	0.04274	0.72245	0.05128	0.02429	0.00990	0.00315	0.00450	0.02204	0.00720	0.00630
13	0.01509	0.01409	0.02263	0.51761	0.04367	0.01808	0.01969	0.01901	0.01440	0.01920	0.01297	0.02002	0.01048	0.01011	0.01293	0.04610	0.16536	0.00686	0.00343	0.00829
14	0.01428	0.01086	0.01627	0.39895	0.03392	0.01275	0.01451	0.01863	0.01576	0.02331	0.01986	0.06363	0.01633	0.00918	0.00697	0.00232	0.00741	0.00788	0.29924	0.00795
15	0.01096	0.00790	0.01040	0.01011	0.01184	0.00734	0.00763	0.01444	0.02117	0.02978	0.58947	0.10834	0.06979	0.01681	0.00930	0.00256	0.00394	0.05265	0.00835	0.00723
16	0.08137	0.02538	0.02068	0.04780	0.02357	0.27029	0.01399	0.27652	0.06640	0.03339	0.01657	0.01778	0.01256	0.00866	0.00714	0.00221	0.01002	0.00617	0.04880	0.01070

[dist]
# distance from previous block
# <min> <max>
18	43

[block]
# block no. 1 follows, 25 sequences, length 18
# corresponding to MSA columns:
# 70-87
name=unknown_B
#
# <colnr> <probs for GDERKNQSTAVLIFYWHMCP>
#	G	D	E	R	K	N	Q	S	T	A	V	L	I	F	Y	W	H	M	C	P
0	0.02099	0.01162	0.01580	0.09352	0.04213	0.01138	0.01130	0.04618	0.05429	0.25264	0.27162	0.03742	0.03844	0.01167	0.00819	0.00241	0.00590	0.01002	0.04439	0.01008
1	0.01375	0.01352	0.05298	0.11158	0.06761	0.01171	0.08611	0.01741	0.01615	0.02270	0.04915	0.27204	0.02789	0.01329	0.00824	0.00242	0.00721	0.01225	0.00532	0.18868
2	0.01661	0.01531	0.02320	0.41803	0.15204	0.01796	0.01955	0.02597	0.18234	0.02399	0.01847	0.02253	0.01409	0.00832	0.00777	0.00255	0.00907	0.00737	0.00465	0.01018
3	0.01942	0.15454	0.03065	0.06979	0.42012	0.02060	0.01984	0.05604	0.05991	0.02514	0.01617	0.04487	0.01398	0.00790	0.00726	0.00225	0.00868	0.00707	0.00430	0.01147
4	0.01971	0.23539	0.35417	0.02004	0.04947	0.15158	0.02150	0.02538	0.01731	0.02172	0.01268	0.01489	0.00997	0.00726	0.00663	0.00214	0.01097	0.00518	0.00344	0.01058
5	0.01752	0.01789	0.02367	0.02034	0.02052	0.05488	0.01687	0.01923	0.01234	0.01867	0.01026	0.01683	0.01017	0.01331	0.02459	0.00333	0.68095	0.00670	0.00342	0.00851
6	0.01188	0.00746	0.00822	0.00822	0.00857	0.00746	0.00484	0.01258	0.01223	0.01769	0.02460	0.04656	0.02660	0.58987	0.03294	0.00642	0.00677	0.01050	0.15141	0.00518
7	0.01107	0.00930	0.01186	0.14306	0.01943	0.00924	0.00963	0.01472	0.03775	0.02369	0.21352	0.05910	0.35864	0.01619	0.00890	0.00260	0.00525	0.03190	0.00684	0.00732
8	0.01151	0.00779	0.00923	0.00957	0.00991	0.00779	0.00619	0.01219	0.01253	0.01660	0.02761	0.05777	0.03134	0.59224	0.03396	0.00676	0.00744	0.12922	0.00517	0.00517
9	0.02160	0.01838	0.01880	0.01633	0.02105	0.04535	0.01285	0.15808	0.52080	0.03508	0.02835	0.02640	0.02115	0.01019	0.00783	0.00255	0.00689	0.00828	0.00772	0.01233
10	0.01460	0.01088	0.01453	0.01349	0.01580	0.01244	0.01066	0.13634	0.01706	0.02391	0.02036	0.02819	0.01820	0.04879	0.56478	0.01052	0.01842	0.00805	0.00484	0.00812
11	0.02490	0.02975	0.02161	0.15138	0.02909	0.47402	0.01587	0.03022	0.10836	0.02097	0.01500	0.01730	0.01192	0.00829	0.00726	0.00220	0.01221	0.00587	0.00442	0.00936
12	0.02519	0.02061	0.13585	0.05957	0.18790	0.01693	0.01849	0.13266	0.04612	0.24662	0.02101	0.02143	0.01462	0.00845	0.00769	0.00239	0.00856	0.00708	0.00642	0.01241
13	0.01587	0.03789	0.61313	0.02332	0.03436	0.01819	0.10063	0.02459	0.01659	0.02459	0.01412	0.01690	0.01005	0.00727	0.00757	0.00247	0.01165	0.00613	0.00335	0.01134
14	0.78228	0.01499	0.01140	0.01020	0.01499	0.01739	0.00840	0.02279	0.01320	0.03479	0.01080	0.01260	0.00840	0.00720	0.00480	0.00240	0.00600	0.00420	0.00480	0.00840
15	0.02942	0.02322	0.02314	0.01805	0.02404	0.09050	0.01476	0.59177	0.03502	0.04591	0.01796	0.01816	0.01287	0.00918	0.00768	0.00229	0.00907	0.00678	0.00738	0.01277
16	0.00945	0.00675	0.00900	0.01080	0.01125	0.00630	0.00720	0.01080	0.01484	0.01979	0.04274	0.72245	0.05128	0.02429	0.00990	0.00315	0.00450	0.02204	0.00720	0.00630
17	0.01523	0.01381	0.02181	0.47142	0.06522	0.01737	0.01888	0.01954	0.01498	0.02085	0.01445	0.02086	0.01148	0.00898	0.01087	0.00264	0.14419	0.00691	0.09197	0.00856

[dist]
# distance from previous block
# <min> <max>
0	3

[block]
# block no. 2 follows, 25 sequences, length 46
# corresponding to MSA columns:
# 91-136
name=unknown_C
#
# <colnr> <probs for GDERKNQSTAVLIFYWHMCP>
#	G	D	E	R	K	N	Q	S	T	A	V	L	I	F	Y	W	H	M	C	P
0	0.01890	0.01795	0.02961	0.08755	0.57545	0.01843	0.02255	0.02520	0.07941	0.02565	0.01615	0.02022	0.01324	0.00731	0.00770	0.00235	0.00899	0.00708	0.00420	0.01204
1	0.02734	0.02051	0.02211	0.01700	0.02317	0.02221	0.01396	0.54409	0.07329	0.04520	0.01888	0.01897	0.01365	0.00898	0.00754	0.00221	0.00807	0.00682	0.00741	0.09859
2	0.00945	0.00675	0.00900	0.01080	0.01125	0.00630	0.00720	0.01080	0.01484	0.01979	0.04274	0.72245	0.05128	0.02429	0.00990	0.00315	0.00450	0.02204	0.00720	0.00630
3	0.01097	0.00747	0.00892	0.00920	0.00940	0.00753	0.00556	0.01144	0.01195	0.01606	0.02695	0.15383	0.03097	0.55449	0.09680	0.00730	0.00829	0.01268	0.00504	0.00516
4	0.02093	0.54624	0.06210	0.01762	0.05628	0.04978	0.07544	0.05435	0.01732	0.02097	0.01197	0.01408	0.01040	0.00684	0.00580	0.00185	0.00910	0.00499	0.00364	0.01030
5	0.00951	0.00792	0.00836	0.00860	0.01106	0.00677	0.00659	0.01161	0.01759	0.02113	0.07354	0.09883	0.59099	0.01998	0.00934	0.00273	0.00427	0.07738	0.00719	0.00660
6	0.02382	0.01639	0.01803	0.01500	0.01981	0.01786	0.01200	0.22859	0.28051	0.13102	0.05930	0.02680	0.02188	0.01013	0.00766	0.00241	0.00658	0.00818	0.08206	0.01195
7	0.00945	0.00675	0.00900	0.01080	0.01125	0.00630	0.00720	0.01080	0.01484	0.01979	0.04274	0.72245	0.05128	0.02429	0.00990	0.00315	0.00450	0.02204	0.00720	0.00630
8	0.01264	0.01009	0.01412	0.03797	0.01635	0.01041	0.04906	0.07412	0.01744	0.02342	0.06795	0.47593	0.07371	0.01983	0.01051	0.00297	0.05165	0.01760	0.00673	0.00750
9	0.01127	0.00756	0.00865	0.00865	0.00872	0.00762	0.00494	0.01140	0.01133	0.01518	0.02425	0.04976	0.02776	0.69518	0.07121	0.00776	0.00816	0.01113	0.00467	0.00481
10	0.01040	0.00790	0.00957	0.00916	0.01123	0.00707	0.00687	0.01353	0.02060	0.02789	0.48685	0.06319	0.26335	0.01705	0.00915	0.00250	0.00374	0.01476	0.00811	0.00707
11	0.03180	0.01253	0.01704	0.01329	0.01876	0.01088	0.01088	0.03488	0.02216	0.60255	0.11142	0.03035	0.02596	0.01038	0.00797	0.00240	0.00623	0.00858	0.00946	0.01246
12	0.07503	0.52323	0.10101	0.01404	0.02046	0.04385	0.01418	0.02264	0.01548	0.02009	0.01207	0.01459	0.01071	0.01164	0.07047	0.00282	0.00977	0.00472	0.00352	0.00968
13	0.02629	0.03250	0.02237	0.02006	0.02316	0.54648	0.01542	0.02822	0.01972	0.01891	0.01158	0.01465	0.01003	0.00923	0.01110	0.00231	0.16983	0.00539	0.00386	0.00888
14	0.00978	0.00788	0.00871	0.00850	0.01085	0.00681	0.00638	0.01232	0.01913	0.02441	0.28194	0.06892	0.47045	0.01835	0.00916	0.00256	0.00384	0.01557	0.00766	0.00681
15	0.01762	0.02420	0.17609	0.02486	0.03017	0.04987	0.23247	0.02255	0.01545	0.02204	0.01292	0.01803	0.01063	0.00961	0.01523	0.00287	0.29472	0.00727	0.00357	0.00982
16	0.01665	0.01666	0.02228	0.01943	0.01961	0.04468	0.01596	0.01832	0.01250	0.01878	0.01335	0.08430	0.01410	0.01441	0.02334	0.00332	0.62206	0.00818	0.00378	0.00829
17	0.01072	0.00786	0.01005	0.00962	0.01146	0.00719	0.00717	0.01409	0.02116	0.02951	0.58388	0.09318	0.13188	0.01665	0.00918	0.00249	0.00373	0.01466	0.00834	0.00719
18	0.01955	0.57434	0.18811	0.01528	0.02302	0.02779	0.01677	0.02352	0.01589	0.01968	0.01149	0.01333	0.00992	0.00680	0.00552	0.00184	0.00901	0.00451	0.00331	0.01029
19	0.02947	0.02172	0.02327	0.01784	0.02404	0.02404	0.01474	0.65329	0.03646	0.04887	0.01862	0.01862	0.01319	0.00931	0.00776	0.00233	0.00853	0.00698	0.00776	0.01319
20	0.00945	0.00675	0.00900	0.01080	0.01125	0.00630	0.00720	0.01080	0.01484	0.01979	0.04274	0.72245	0.05128	0.02429	0.00990	0.00315	0.00450	0.02204	0.00720	0.00630
21	0.01102	0.00831	0.01089	0.01119	0.03998	0.00764	0.00784	0.01440	0.02088	0.02902	0.54121	0.09069	0.14511	0.01635	0.00912	0.00249	0.00397	0.01440	0.00810	0.00738
22	0.73742	0.05724	0.01312	0.01038	0.01528	0.01818	0.00868	0.02282	0.01335	0.03381	0.01080	0.01259	0.00849	0.00716	0.00481	0.00236	0.00613	0.00420	0.00471	0.00849
23	0.01128	0.00752	0.00846	0.00846	0.00846	0.00752	0.00470	0.01128	0.01128	0.01503	0.02443	0.05074	0.02819	0.72751	0.03946	0.00752	0.00752	0.01128	0.00470	0.00470
24	0.01608	0.01378	0.01608	0.01148	0.01837	0.01034	0.00919	0.01952	0.01608	0.02527	0.01378	0.01608	0.01148	0.00574	0.00574	0.00115	0.00574	0.00459	0.00459	0.77491
25	0.01595	0.09403	0.63695	0.02141	0.03249	0.01899	0.02745	0.02445	0.01632	0.02406	0.01367	0.01606	0.00983	0.00731	0.00718	0.00239	0.01121	0.00561	0.00328	0.01134
26	0.01812	0.02216	0.08747	0.03199	0.04007	0.01950	0.61051	0.02482	0.01818	0.02482	0.01557	0.02062	0.01164	0.00659	0.00903	0.00260	0.01297	0.00893	0.00388	0.01052
27	0.01055	0.00825	0.00979	0.01039	0.01262	0.00749	0.00844	0.01326	0.01814	0.02273	0.12105	0.07775	0.38805	0.01993	0.00973	0.00295	0.00508	0.23966	0.00730	0.00684
28	0.47056	0.01424	0.01415	0.01170	0.01700	0.01489	0.00965	0.02905	0.01695	0.30573	0.01905	0.01835	0.01290	0.00820	0.00605	0.00240	0.00625	0.00570	0.00680	0.01040
29	0.01868	0.44369	0.16749	0.08234	0.02591	0.02606	0.01757	0.02265	0.01542	0.01971	0.01163	0.01453	0.00999	0.00767	0.00802	0.00210	0.08823	0.00502	0.00333	0.00996
30	0.01652	0.01830	0.09078	0.37563	0.27146	0.01784	0.05508	0.02193	0.01649	0.02247	0.01417	0.01975	0.01105	0.00736	0.00776	0.00247	0.01019	0.00690	0.00359	0.01027
31	0.00967	0.00692	0.00920	0.01064	0.01130	0.00645	0.00721	0.01136	0.01589	0.02146	0.13574	0.62470	0.05450	0.02305	0.00979	0.00304	0.00437	0.02086	0.00739	0.00645
32	0.01128	0.00752	0.00846	0.00846	0.00846	0.00752	0.00470	0.01128	0.01128	0.01503	0.02443	0.05074	0.02819	0.72751	0.03946	0.00752	0.00752	0.01128	0.00470	0.00470
33	0.02593	0.01270	0.01605	0.01309	0.01780	0.01199	0.01052	0.06998	0.10171	0.38530	0.17622	0.03571	0.06487	0.01160	0.00818	0.00244	0.00587	0.00969	0.00891	0.01143
34	0.03287	0.01312	0.01761	0.01371	0.01942	0.01161	0.01125	0.03687	0.05529	0.62011	0.06104	0.02801	0.02197	0.00994	0.00787	0.00241	0.00644	0.00814	0.00946	0.01287
35	0.03335	0.01288	0.01753	0.01355	0.01930	0.01115	0.01115	0.03639	0.02218	0.64504	0.06952	0.02830	0.02245	0.00997	0.00788	0.00240	0.00642	0.00817	0.00953	0.01284
36	0.01739	0.03753	0.62335	0.02131	0.03224	0.01737	0.02700	0.02582	0.01693	0.08764	0.01551	0.01733	0.01072	0.00758	0.00741	0.00245	0.01099	0.00593	0.00388	0.01162
37	0.01824	0.03635	0.59382	0.02094	0.03164	0.01708	0.02624	0.02640	0.01718	0.11676	0.01624	0.01777	0.01113	0.00768	0.00743	0.00245	0.01078	0.00602	0.00416	0.01170
38	0.09571	0.02461	0.02535	0.07425	0.31915	0.26338	0.01871	0.04607	0.01925	0.02434	0.01336	0.01675	0.01099	0.00746	0.00716	0.00222	0.01068	0.00596	0.00409	0.01052
39	0.06388	0.01651	0.02988	0.30475	0.04033	0.01848	0.23928	0.02141	0.01599	0.02252	0.01520	0.02321	0.01246	0.00875	0.01049	0.00274	0.10167	0.03943	0.00388	0.00915
40	0.01412	0.01229	0.01878	0.02524	0.28979	0.01183	0.01397	0.01791	0.01950	0.02712	0.30736	0.04435	0.14102	0.01271	0.00854	0.00241	0.00602	0.01142	0.00637	0.00927
41	0.01128	0.00752	0.00846	0.00846	0.00846	0.00752	0.00470	0.01128	0.01128	0.01503	0.02443	0.05074	0.02819	0.72751	0.03946	0.00752	0.00752	0.01128	0.00470	0.00470
42	0.02106	0.01430	0.01643	0.01431	0.01807	0.01509	0.01110	0.26033	0.09712	0.10793	0.05889	0.27045	0.03111	0.01505	0.00859	0.00266	0.00641	0.01289	0.00782	0.01040
43	0.02279	0.24546	0.09890	0.08483	0.04525	0.30418	0.01689	0.02605	0.01825	0.01959	0.01198	0.01470	0.01007	0.00773	0.00741	0.00208	0.04552	0.00514	0.00363	0.00958
44	0.05650	0.01397	0.01620	0.01231	0.01841	0.01188	0.00983	0.06384	0.04850	0.11653	0.01886	0.06203	0.01554	0.00795	0.00646	0.00165	0.00599	0.00645	0.00580	0.50128
45	0.02120	0.42025	0.11819	0.05875	0.02452	0.09016	0.01590	0.09251	0.01869	0.02290	0.01248	0.01445	0.01039	0.00718	0.00599	0.00190	0.00928	0.00493	0.00393	0.04641

[dist]
# distance from previous block
# <min> <max>
0	1

[block]
# block no. 3 follows, 25 sequences, length 64
# corresponding to MSA columns:
# 138-201
name=unknown_D
#
# <colnr> <probs for GDERKNQSTAVLIFYWHMCP>
#	G	D	E	R	K	N	Q	S	T	A	V	L	I	F	Y	W	H	M	C	P
0	0.17927	0.01895	0.02003	0.01565	0.02154	0.02060	0.01292	0.42500	0.02945	0.15305	0.01908	0.01873	0.01325	0.00894	0.00718	0.00235	0.00771	0.00657	0.00748	0.01224
1	0.02189	0.01540	0.01977	0.01538	0.02082	0.01483	0.06916	0.19662	0.05249	0.13011	0.06169	0.08990	0.02150	0.01008	0.00760	0.00215	0.00700	0.00866	0.03361	0.20132
2	0.01696	0.01627	0.02802	0.36603	0.35453	0.01789	0.04508	0.02191	0.01664	0.02265	0.01424	0.01997	0.01132	0.00730	0.00777	0.00245	0.00989	0.00698	0.00365	0.01045
3	0.07991	0.01330	0.01760	0.01358	0.01950	0.01176	0.01121	0.03688	0.02165	0.64529	0.02939	0.02556	0.01854	0.00945	0.00762	0.00240	0.00656	0.00758	0.00931	0.01291
4	0.00957	0.00689	0.00911	0.01083	0.01143	0.00643	0.00739	0.01105	0.01510	0.02000	0.04414	0.66649	0.07686	0.02397	0.00990	0.00315	0.00460	0.04954	0.00719	0.00635
5	0.01786	0.01920	0.03905	0.15073	0.17130	0.01896	0.41760	0.02377	0.01769	0.02408	0.01514	0.02053	0.01163	0.00682	0.00862	0.00255	0.01183	0.00831	0.00382	0.01051
6	0.01029	0.00758	0.00970	0.01070	0.01176	0.00722	0.00743	0.01325	0.05070	0.02299	0.18289	0.51177	0.08159	0.02151	0.00959	0.00294	0.00437	0.01933	0.00753	0.00685
7	0.01128	0.00752	0.00846	0.00846	0.00846	0.00752	0.00470	0.01128	0.01128	0.01503	0.02443	0.05074	0.02819	0.72751	0.03946	0.00752	0.00752	0.01128	0.00470	0.00470
8	0.02725	0.02003	0.02075	0.01642	0.02189	0.05206	0.01337	0.47942	0.08089	0.07313	0.02059	0.02069	0.01486	0.00932	0.00747	0.00228	0.00797	0.00709	0.09225	0.01226
9	0.01878	0.44348	0.27405	0.01660	0.02487	0.02548	0.01879	0.02465	0.05010	0.02128	0.01301	0.01473	0.01062	0.00710	0.00600	0.00200	0.00933	0.00496	0.00354	0.01062
10	0.03479	0.01320	0.01799	0.01380	0.01979	0.01140	0.01140	0.03779	0.02219	0.68451	0.03059	0.02639	0.01919	0.00960	0.00780	0.00240	0.00660	0.00780	0.00960	0.01320
11	0.01108	0.00831	0.01246	0.01246	0.01385	0.00969	0.00969	0.01385	0.01246	0.01800	0.02077	0.03046	0.01938	0.05815	0.69678	0.01246	0.02077	0.00831	0.00415	0.00692
12	0.73593	0.01492	0.01211	0.05238	0.01731	0.01738	0.00919	0.02261	0.01333	0.03388	0.01098	0.01308	0.00851	0.00723	0.00498	0.00241	0.00626	0.00436	0.00472	0.00841
13	0.11222	0.26032	0.27316	0.01784	0.02558	0.05769	0.05790	0.02373	0.01621	0.02347	0.03339	0.01612	0.01184	0.00757	0.00705	0.00221	0.03432	0.00550	0.00372	0.01016
14	0.01094	0.00845	0.01032	0.01177	0.01289	0.02996	0.00876	0.01303	0.01636	0.02121	0.07002	0.46055	0.09218	0.02233	0.00993	0.00315	0.00543	0.17894	0.00713	0.00667
15	0.01098	0.00792	0.01041	0.01003	0.01179	0.00735	0.00757	0.01453	0.02142	0.03018	0.61458	0.08981	0.07074	0.01651	0.00926	0.00253	0.00387	0.04486	0.00840	0.00726
16	0.00945	0.00675	0.00900	0.01080	0.01125	0.00630	0.00720	0.01080	0.01484	0.01979	0.04274	0.72245	0.05128	0.02429	0.00990	0.00315	0.00450	0.02204	0.00720	0.00630
17	0.36533	0.01825	0.08338	0.12347	0.22558	0.01774	0.01692	0.02284	0.01519	0.02876	0.01268	0.01614	0.01000	0.00720	0.00635	0.00240	0.00812	0.00556	0.00416	0.00991
18	0.02947	0.02172	0.02327	0.01784	0.02404	0.02404	0.01474	0.65329	0.03646	0.04887	0.01862	0.01862	0.01319	0.00931	0.00776	0.00233	0.00853	0.00698	0.00776	0.01319
19	0.00945	0.00675	0.00900	0.01080	0.01125	0.00630	0.00720	0.01080	0.01484	0.01979	0.04274	0.72245	0.05128	0.02429	0.00990	0.00315	0.00450	0.02204	0.00720	0.00630
20	0.01445	0.00723	0.00723	0.00723	0.00903	0.00723	0.00542	0.01807	0.01626	0.02891	0.02529	0.02891	0.01987	0.00903	0.00542	0.00181	0.00361	0.00723	0.77055	0.00723
21	0.00945	0.00675	0.00900	0.01080	0.01125	0.00630	0.00720	0.01080	0.01484	0.01979	0.04274	0.72245	0.05128	0.02429	0.00990	0.00315	0.00450	0.02204	0.00720	0.00630
22	0.01464	0.01378	0.02326	0.70887	0.05340	0.01723	0.02153	0.01981	0.01550	0.01981	0.01378	0.02067	0.01034	0.00775	0.00775	0.00258	0.01034	0.00689	0.00345	0.00861
23	0.02575	0.14736	0.02566	0.02018	0.05261	0.47712	0.01534	0.02791	0.01956	0.01911	0.01169	0.01432	0.01011	0.00838	0.00888	0.00212	0.09570	0.00515	0.00381	0.00924
24	0.01464	0.01378	0.02326	0.70887	0.05340	0.01723	0.02153	0.01981	0.01550	0.01981	0.01378	0.02067	0.01034	0.00775	0.00775	0.00258	0.01034	0.00689	0.00345	0.00861
25	0.05046	0.00892	0.01067	0.01131	0.04542	0.00943	0.00677	0.01340	0.01210	0.01773	0.02243	0.04321	0.02456	0.54124	0.06895	0.00672	0.04005	0.01008	0.05080	0.00573
26	0.01517	0.01169	0.01402	0.01169	0.01619	0.00971	0.00887	0.05303	0.01702	0.04959	0.02508	0.26994	0.02615	0.01274	0.00742	0.00198	0.00549	0.01111	0.00590	0.42722
27	0.00945	0.00675	0.00900	0.01080	0.01125	0.00630	0.00720	0.01080	0.01484	0.01979	0.04274	0.72245	0.05128	0.02429	0.00990	0.00315	0.00450	0.02204	0.00720	0.00630
28	0.00989	0.00713	0.00924	0.01028	0.01116	0.00662	0.00704	0.01177	0.01657	0.02240	0.19820	0.49435	0.08939	0.05422	0.01103	0.00315	0.00440	0.01928	0.00741	0.00649
29	0.02311	0.01925	0.02326	0.01895	0.02213	0.02371	0.01569	0.32671	0.05092	0.03385	0.01515	0.01826	0.01219	0.01138	0.01616	0.00285	0.34287	0.00696	0.00569	0.01092
30	0.01555	0.04011	0.68733	0.02210	0.03356	0.01801	0.02865	0.02455	0.01637	0.02455	0.01391	0.01637	0.00982	0.00737	0.00737	0.00246	0.01146	0.00573	0.00327	0.01146
31	0.01605	0.01522	0.02580	0.50400	0.24726	0.01760	0.02223	0.02105	0.01617	0.02152	0.01403	0.02021	0.01094	0.00749	0.00773	0.00250	0.00999	0.00690	0.00357	0.00975
32	0.01068	0.00789	0.01024	0.01167	0.01312	0.00746	0.00917	0.01309	0.01669	0.02147	0.04931	0.32256	0.17554	0.02213	0.01009	0.00322	0.00550	0.27631	0.00717	0.00670
33	0.01917	0.26001	0.36483	0.01835	0.02714	0.05319	0.02105	0.04381	0.05566	0.04812	0.01462	0.01618	0.01114	0.00748	0.00664	0.00218	0.00997	0.00548	0.00396	0.01102
34	0.01647	0.06498	0.63781	0.02145	0.03253	0.01823	0.02742	0.02501	0.01657	0.04929	0.01443	0.01660	0.01018	0.00742	0.00729	0.00242	0.01116	0.00575	0.00351	0.01147
35	0.00916	0.00785	0.00785	0.00785	0.01047	0.00655	0.00589	0.01113	0.01767	0.02095	0.07855	0.07462	0.67599	0.01964	0.00916	0.00262	0.00393	0.01636	0.00720	0.00655
36	0.01837	0.01794	0.03163	0.15206	0.51302	0.01835	0.08806	0.02326	0.01738	0.02440	0.01457	0.01961	0.01192	0.00701	0.00784	0.00238	0.00979	0.00714	0.00378	0.01151
37	0.01822	0.01400	0.01717	0.01514	0.01905	0.01505	0.04585	0.05662	0.33709	0.08125	0.17022	0.04126	0.03549	0.01266	0.00856	0.00267	0.00623	0.08502	0.00785	0.01059
38	0.01128	0.00752	0.00846	0.00846	0.00846	0.00752	0.00470	0.01128	0.01128	0.01503	0.02443	0.05074	0.02819	0.72751	0.03946	0.00752	0.00752	0.01128	0.00470	0.00470
39	0.01655	0.01668	0.02647	0.11924	0.02778	0.02150	0.11381	0.01952	0.01340	0.01973	0.01205	0.01876	0.01090	0.01389	0.05383	0.00361	0.47279	0.00724	0.00352	0.00872
40	0.08594	0.01935	0.02261	0.03971	0.02410	0.05096	0.07902	0.38787	0.02775	0.03857	0.01778	0.02003	0.01342	0.01425	0.08532	0.00348	0.01026	0.00705	0.04133	0.01120
41	0.00953	0.00681	0.00907	0.01074	0.01127	0.00636	0.00720	0.01101	0.01525	0.02043	0.07860	0.68475	0.05252	0.02381	0.00985	0.00311	0.00445	0.02159	0.00727	0.00636
42	0.01769	0.02276	0.17447	0.13065	0.38966	0.01829	0.08717	0.02352	0.01715	0.02436	0.01444	0.01895	0.01143	0.00709	0.00777	0.00241	0.01024	0.00687	0.00367	0.01142
43	0.02274	0.01639	0.01780	0.04036	0.02023	0.01808	0.01195	0.34886	0.12385	0.03950	0.05701	0.02484	0.01948	0.00971	0.00728	0.00226	0.00678	0.00768	0.19408	0.01111
44	0.00945	0.00675	0.00900	0.01080	0.01125	0.00630	0.00720	0.01080	0.01484	0.01979	0.04274	0.72245	0.05128	0.02429	0.00990	0.00315	0.00450	0.02204	0.00720	0.00630
45	0.02073	0.73217	0.04063	0.01327	0.01990	0.03068	0.01327	0.02322	0.01575	0.01824	0.01078	0.01244	0.00995	0.00663	0.00498	0.00166	0.00829	0.00415	0.00332	0.00995
46	0.00945	0.00675	0.00900	0.01080	0.01125	0.00630	0.00720	0.01080	0.01484	0.01979	0.04274	0.72245	0.05128	0.02429	0.00990	0.00315	0.00450	0.02204	0.00720	0.00630
47	0.01286	0.00953	0.01184	0.01115	0.01176	0.01073	0.00767	0.04640	0.01291	0.01784	0.02171	0.04099	0.02351	0.47057	0.16932	0.00776	0.09290	0.00992	0.00460	0.00604
48	0.78228	0.01499	0.01140	0.01020	0.01499	0.01739	0.00840	0.02279	0.01320	0.03479	0.01080	0.01260	0.00840	0.00720	0.00480	0.00240	0.00600	0.00420	0.00480	0.00840
49	0.01445	0.00723	0.00723	0.00723	0.00903	0.00723	0.00542	0.01807	0.01626	0.02891	0.02529	0.02891	0.01987	0.00903	0.00542	0.00181	0.00361	0.00723	0.77055	0.00723
50	0.05650	0.01497	0.02517	0.53112	0.14726	0.01756	0.05689	0.02087	0.01587	0.02175	0.01385	0.02003	0.01061	0.00752	0.00766	0.00253	0.01009	0.00688	0.00361	0.00927
51	0.00945	0.00675	0.00900	0.01080	0.01125	0.00630	0.00720	0.01080	0.01484	0.01979	0.04274	0.72245	0.05128	0.02429	0.00990	0.00315	0.00450	0.02204	0.00720	0.00630
52	0.78228	0.01499	0.01140	0.01020	0.01499	0.01739	0.00840	0.02279	0.01320	0.03479	0.01080	0.01260	0.00840	0.00720	0.00480	0.00240	0.00600	0.00420	0.00480	0.00840
53	0.02073	0.73217	0.04063	0.01327	0.01990	0.03068	0.01327	0.02322	0.01575	0.01824	0.01078	0.01244	0.00995	0.00663	0.00498	0.00166	0.00829	0.00415	0.00332	0.00995
54	0.02475	0.24624	0.02679	0.01611	0.02112	0.20965	0.01356	0.16752	0.02219	0.05656	0.01497	0.01670	0.01204	0.00992	0.03023	0.00238	0.04225	0.00563	0.05114	0.01023
55	0.01696	0.01696	0.02375	0.02036	0.02036	0.02375	0.01696	0.01866	0.01187	0.01866	0.01018	0.01696	0.01018	0.01357	0.02545	0.00339	0.71332	0.00679	0.00339	0.00848
56	0.06026	0.20210	0.49629	0.01934	0.02928	0.02096	0.02387	0.02414	0.01604	0.02364	0.01300	0.01523	0.00977	0.00718	0.00666	0.00226	0.01040	0.00527	0.00337	0.01093
57	0.00956	0.00758	0.00846	0.00897	0.01080	0.00665	0.00645	0.01137	0.01673	0.02079	0.08931	0.24373	0.42502	0.06350	0.01124	0.00308	0.00440	0.03884	0.00710	0.00642
58	0.01102	0.00741	0.00853	0.00879	0.00885	0.00735	0.00505	0.01121	0.01178	0.01571	0.02701	0.14550	0.03145	0.62831	0.03529	0.00690	0.00709	0.01279	0.00505	0.00492
59	0.04175	0.02073	0.10503	0.11653	0.07069	0.01821	0.30651	0.08810	0.01910	0.02679	0.01631	0.04851	0.01305	0.00779	0.00819	0.00245	0.01074	0.00818	0.00439	0.06694
60	0.01664	0.01649	0.02314	0.01993	0.02000	0.02299	0.01657	0.01840	0.01191	0.01862	0.01075	0.01769	0.01068	0.01598	0.06180	0.00388	0.67581	0.00687	0.00343	0.00840
61	0.00957	0.00698	0.00901	0.01039	0.01120	0.00642	0.00707	0.01121	0.01584	0.02102	0.10864	0.58981	0.11832	0.02298	0.00975	0.00302	0.00436	0.02066	0.00733	0.00642
62	0.01983	0.01693	0.01784	0.01589	0.02037	0.01954	0.01240	0.07385	0.63160	0.03331	0.03087	0.02838	0.02311	0.01045	0.00788	0.00261	0.00626	0.00867	0.00788	0.01232
63	0.02869	0.02133	0.02283	0.01768	0.02375	0.02368	0.01455	0.60609	0.08494	0.04760	0.01961	0.01941	0.01399	0.00940	0.00777	0.00235	0.00835	0.00712	0.00777	0.01312

[dist]
# distance from previous block
# <min> <max>
3	6

[block]
# block no. 4 follows, 25 sequences, length 70
# corresponding to MSA columns:
# 208-277
name=unknown_E
#
# <colnr> <probs for GDERKNQSTAVLIFYWHMCP>
#	G	D	E	R	K	N	Q	S	T	A	V	L	I	F	Y	W	H	M	C	P
0	0.02713	0.02125	0.02270	0.10427	0.02727	0.06530	0.01532	0.51528	0.03230	0.04273	0.01779	0.01889	0.01283	0.00902	0.00764	0.00232	0.00896	0.00685	0.02999	0.01217
1	0.00945	0.00675	0.00900	0.01080	0.01125	0.00630	0.00720	0.01080	0.01484	0.01979	0.04274	0.72245	0.05128	0.02429	0.00990	0.00315	0.00450	0.02204	0.00720	0.00630
2	0.01302	0.01128	0.03616	0.01144	0.01441	0.01048	0.00920	0.04549	0.14135	0.02847	0.29851	0.08224	0.20860	0.01582	0.00889	0.00260	0.00487	0.04105	0.00774	0.00839
3	0.01772	0.02013	0.06608	0.08437	0.09564	0.01883	0.46894	0.02345	0.01734	0.02374	0.01506	0.02053	0.01164	0.00788	0.01041	0.03739	0.03850	0.00844	0.00381	0.01012
4	0.00945	0.00675	0.00900	0.01080	0.01125	0.00630	0.00720	0.01080	0.01484	0.01979	0.04274	0.72245	0.05128	0.02429	0.00990	0.00315	0.00450	0.02204	0.00720	0.00630
5	0.01927	0.01332	0.01479	0.01251	0.01522	0.01422	0.00910	0.26344	0.02159	0.05357	0.02222	0.03634	0.02158	0.38931	0.05568	0.00552	0.00848	0.00933	0.00605	0.00844
6	0.00953	0.00736	0.00873	0.00965	0.01113	0.00656	0.00687	0.01134	0.01652	0.02099	0.08996	0.39030	0.31497	0.02179	0.00958	0.00291	0.00432	0.04374	0.00726	0.00649
7	0.69956	0.01480	0.01213	0.01059	0.01553	0.01673	0.00873	0.02445	0.01419	0.10668	0.01299	0.01412	0.00959	0.00746	0.00513	0.00240	0.00606	0.00460	0.00533	0.00893
8	0.42849	0.21458	0.02096	0.01187	0.01741	0.02037	0.01043	0.04584	0.01608	0.13252	0.01415	0.01491	0.01068	0.00749	0.00541	0.00219	0.00681	0.00484	0.00523	0.00974
9	0.02896	0.03695	0.02197	0.01998	0.02397	0.69638	0.01498	0.03096	0.02197	0.01898	0.01199	0.01398	0.00999	0.00799	0.00699	0.00200	0.01398	0.00499	0.00400	0.00899
10	0.08273	0.05191	0.01721	0.04498	0.01879	0.12980	0.01134	0.16009	0.02106	0.03002	0.02042	0.02279	0.04372	0.00943	0.00797	0.00219	0.06299	0.00677	0.24661	0.00919
11	0.00949	0.00683	0.00900	0.01065	0.01123	0.00634	0.00715	0.01095	0.01520	0.02024	0.06681	0.67505	0.07469	0.02382	0.00984	0.00310	0.00445	0.02155	0.00725	0.00634
12	0.02869	0.02133	0.02283	0.01768	0.02375	0.02368	0.01455	0.60634	0.08467	0.04761	0.01961	0.01941	0.01399	0.00940	0.00777	0.00235	0.00835	0.00712	0.00777	0.01312
13	0.02073	0.73217	0.04063	0.01327	0.01990	0.03068	0.01327	0.02322	0.01575	0.01824	0.01078	0.01244	0.00995	0.00663	0.00498	0.00166	0.00829	0.00415	0.00332	0.00995
14	0.02009	0.01392	0.02015	0.01925	0.10157	0.01443	0.05766	0.08416	0.04774	0.16072	0.22363	0.03338	0.03316	0.01362	0.04130	0.00298	0.08548	0.00958	0.00697	0.01022
15	0.74532	0.01491	0.01172	0.01037	0.01523	0.01710	0.00855	0.02353	0.01364	0.06691	0.01177	0.01328	0.00893	0.00732	0.00495	0.00240	0.00603	0.00438	0.00504	0.00863
16	0.00945	0.00675	0.00900	0.01080	0.01125	0.00630	0.00720	0.01080	0.01484	0.01979	0.04274	0.72245	0.05128	0.02429	0.00990	0.00315	0.00450	0.02204	0.00720	0.00630
17	0.01757	0.01948	0.04123	0.16864	0.04311	0.01913	0.52442	0.02383	0.01774	0.02383	0.01530	0.02087	0.01148	0.00678	0.00887	0.00261	0.01252	0.00870	0.00383	0.01009
18	0.01575	0.01491	0.02525	0.54848	0.20518	0.01752	0.02208	0.02078	0.01603	0.02115	0.01398	0.02031	0.01081	0.00755	0.00773	0.00252	0.01006	0.00689	0.00354	0.00950
19	0.00973	0.00687	0.00891	0.01043	0.01081	0.00649	0.00681	0.01087	0.01429	0.01905	0.03988	0.61778	0.04768	0.13387	0.01450	0.00383	0.00497	0.02036	0.00681	0.00605
20	0.01929	0.01666	0.01753	0.01578	0.02016	0.01929	0.01227	0.04120	0.66513	0.03243	0.03156	0.02893	0.02367	0.01052	0.00789	0.00263	0.00614	0.00877	0.00789	0.01227
21	0.03353	0.01288	0.01755	0.01365	0.01937	0.01114	0.01119	0.03645	0.02183	0.65165	0.03119	0.06080	0.02078	0.01032	0.00790	0.00244	0.00649	0.00850	0.00948	0.01285
22	0.01608	0.01378	0.01608	0.01148	0.01837	0.01034	0.00919	0.01952	0.01608	0.02527	0.01378	0.01608	0.01148	0.00574	0.00574	0.00115	0.00574	0.00459	0.00459	0.77491
23	0.01020	0.00784	0.00933	0.00908	0.01114	0.00697	0.00676	0.01310	0.01995	0.02663	0.41455	0.09719	0.30375	0.01772	0.00919	0.00254	0.00380	0.01532	0.00796	0.00697
24	0.01464	0.01378	0.02326	0.70887	0.05340	0.01723	0.02153	0.01981	0.01550	0.01981	0.01378	0.02067	0.01034	0.00775	0.00775	0.00258	0.01034	0.00689	0.00345	0.00861
25	0.01203	0.00837	0.01096	0.01172	0.01357	0.00810	0.00972	0.01552	0.01888	0.02603	0.23061	0.07132	0.09319	0.01827	0.00955	0.00297	0.00550	0.33449	0.09203	0.00716
26	0.01210	0.00896	0.01237	0.04881	0.01713	0.00897	0.01199	0.01547	0.01757	0.02263	0.04389	0.11132	0.11304	0.02066	0.01035	0.00340	0.00683	0.50046	0.00696	0.00711
27	0.01758	0.01760	0.03192	0.22670	0.31954	0.01869	0.16407	0.02260	0.01684	0.02326	0.01433	0.01985	0.01149	0.00748	0.00915	0.00252	0.05465	0.00740	0.00372	0.01061
28	0.01770	0.01622	0.02645	0.20733	0.41486	0.01720	0.02065	0.05349	0.01737	0.02401	0.01568	0.02302	0.01360	0.08698	0.01122	0.00295	0.00927	0.00739	0.00403	0.01057
29	0.65961	0.01503	0.01370	0.08936	0.05208	0.01743	0.01061	0.02251	0.01367	0.03266	0.01131	0.01382	0.00880	0.00724	0.00527	0.00241	0.00664	0.00463	0.00460	0.00861
30	0.00969	0.00691	0.00913	0.01059	0.01117	0.00646	0.00711	0.01124	0.01549	0.02085	0.11197	0.62194	0.05278	0.05159	0.01100	0.00325	0.00453	0.02072	0.00725	0.00635
31	0.08235	0.39861	0.14188	0.06459	0.02500	0.02481	0.04234	0.02522	0.08759	0.02262	0.01402	0.01586	0.01142	0.00731	0.00605	0.00206	0.00873	0.00533	0.00397	0.01026
32	0.08834	0.01922	0.01734	0.10992	0.02257	0.18754	0.01274	0.10353	0.01945	0.02714	0.01660	0.01997	0.01316	0.00895	0.00852	0.00225	0.08359	0.00627	0.22405	0.00886
33	0.00942	0.00687	0.00887	0.01047	0.01116	0.00633	0.00705	0.01083	0.01516	0.01992	0.04670	0.65076	0.12041	0.02378	0.00982	0.00309	0.00444	0.02141	0.00720	0.00633
34	0.01817	0.02092	0.07788	0.06645	0.11606	0.01921	0.43509	0.02625	0.08954	0.02546	0.01711	0.02131	0.01296	0.00713	0.00865	0.00257	0.01160	0.00852	0.00429	0.01085
35	0.01352	0.00982	0.01368	0.01293	0.01485	0.00986	0.05785	0.06332	0.01747	0.04322	0.06771	0.41019	0.05744	0.01813	0.00967	0.00279	0.03938	0.01609	0.11443	0.00764
36	0.00945	0.00675	0.00900	0.01080	0.01125	0.00630	0.00720	0.01080	0.01484	0.01979	0.04274	0.72245	0.05128	0.02429	0.00990	0.00315	0.00450	0.02204	0.00720	0.00630
37	0.02170	0.65356	0.03871	0.01377	0.02036	0.02995	0.01343	0.09294	0.01805	0.02163	0.01165	0.01312	0.01031	0.00693	0.00528	0.00173	0.00832	0.00446	0.00381	0.01031
38	0.00975	0.00732	0.00904	0.00978	0.01113	0.00661	0.00689	0.01182	0.01731	0.02285	0.20624	0.39289	0.21810	0.02103	0.00952	0.00284	0.00415	0.01862	0.00752	0.00661
39	0.11277	0.02097	0.02196	0.01699	0.02304	0.02331	0.01404	0.58352	0.03388	0.04731	0.01775	0.01795	0.01266	0.00907	0.00743	0.00233	0.00825	0.00667	0.00743	0.01266
40	0.04699	0.04477	0.04407	0.04015	0.01858	0.08989	0.01253	0.04874	0.01525	0.02135	0.01720	0.02377	0.01529	0.03328	0.34674	0.00735	0.10913	0.00711	0.04968	0.00811
41	0.02754	0.03439	0.02132	0.01904	0.02335	0.62047	0.01434	0.02970	0.02132	0.01967	0.01218	0.01421	0.01015	0.00774	0.00685	0.00190	0.01307	0.00495	0.00406	0.09374
42	0.01590	0.01413	0.01573	0.01189	0.01784	0.03321	0.00945	0.01980	0.04234	0.02460	0.02146	0.02304	0.08540	0.00786	0.00705	0.00149	0.03448	0.00617	0.00495	0.60323
43	0.00944	0.00761	0.00841	0.00875	0.01078	0.00658	0.00636	0.01146	0.01752	0.02187	0.14033	0.22153	0.46169	0.02026	0.00933	0.00272	0.00403	0.01739	0.00736	0.00658
44	0.02670	0.02034	0.02171	0.01728	0.02299	0.02275	0.01407	0.48680	0.20746	0.04440	0.02214	0.02142	0.01604	0.00964	0.00779	0.00241	0.00788	0.00747	0.00779	0.01294
45	0.01583	0.10405	0.59564	0.02071	0.03128	0.01872	0.02623	0.02398	0.01656	0.02425	0.04349	0.01788	0.01270	0.00768	0.00722	0.00238	0.01081	0.00595	0.00352	0.01113
46	0.01639	0.01674	0.05658	0.39354	0.25322	0.01757	0.05045	0.02201	0.03386	0.02248	0.01541	0.02218	0.01237	0.00788	0.00786	0.00252	0.00994	0.02512	0.00381	0.01007
47	0.24075	0.01385	0.01615	0.01289	0.01848	0.01341	0.01061	0.03380	0.04886	0.47531	0.02516	0.02269	0.01641	0.00898	0.00697	0.00241	0.00641	0.00685	0.00819	0.01183
48	0.00979	0.00714	0.00913	0.01018	0.01113	0.00658	0.00699	0.01163	0.01647	0.02204	0.17400	0.49196	0.12400	0.04753	0.01073	0.00310	0.00437	0.01940	0.00738	0.00647
49	0.33779	0.01401	0.01773	0.38629	0.03547	0.01687	0.01540	0.02067	0.01431	0.02586	0.01251	0.01739	0.00965	0.00830	0.00743	0.03389	0.00836	0.00575	0.00401	0.00831
50	0.01311	0.00979	0.01366	0.01306	0.01497	0.01128	0.01025	0.08460	0.01512	0.02141	0.02053	0.02915	0.01870	0.05275	0.62054	0.01134	0.01941	0.00816	0.00455	0.00762
51	0.00943	0.00680	0.00895	0.01066	0.01121	0.00631	0.00714	0.01081	0.01497	0.01985	0.04435	0.69318	0.07950	0.02408	0.00986	0.00312	0.00447	0.02179	0.00720	0.00631
52	0.02108	0.01717	0.02051	0.04666	0.11796	0.01912	0.01466	0.13228	0.39781	0.06020	0.02670	0.02763	0.02045	0.01006	0.00793	0.00256	0.00717	0.03076	0.00715	0.01213
53	0.01445	0.00723	0.00723	0.00723	0.00903	0.00723	0.00542	0.01807	0.01626	0.02891	0.02529	0.02891	0.01987	0.00903	0.00542	0.00181	0.00361	0.00723	0.77055	0.00723
54	0.01030	0.00711	0.00874	0.00971	0.00995	0.00687	0.00603	0.01102	0.01318	0.01757	0.03420	0.40920	0.04051	0.35223	0.02369	0.00519	0.00591	0.01702	0.00603	0.00555
55	0.01954	0.01684	0.02238	0.01949	0.09951	0.01587	0.06994	0.14900	0.05347	0.03008	0.01578	0.01808	0.01251	0.00723	0.00758	0.00182	0.03580	0.00605	0.00520	0.39385
56	0.02046	0.01929	0.02884	0.04132	0.54513	0.07339	0.02164	0.02544	0.04444	0.05473	0.01673	0.02194	0.01403	0.00779	0.00774	0.00234	0.00929	0.02921	0.00439	0.01187
57	0.00945	0.00675	0.00900	0.01080	0.01125	0.00630	0.00720	0.01080	0.01484	0.01979	0.04274	0.72245	0.05128	0.02429	0.00990	0.00315	0.00450	0.02204	0.00720	0.00630
58	0.01639	0.04306	0.20775	0.21532	0.06139	0.01658	0.09253	0.05376	0.01820	0.04644	0.09706	0.05853	0.02057	0.00938	0.00800	0.00250	0.00953	0.00840	0.00469	0.00991
59	0.25826	0.02179	0.10828	0.02884	0.26632	0.07094	0.09061	0.02425	0.01651	0.02764	0.01324	0.01656	0.01052	0.00710	0.00685	0.00236	0.00930	0.00602	0.00409	0.01050
60	0.00945	0.00675	0.00900	0.01080	0.01125	0.00630	0.00720	0.01080	0.01484	0.01979	0.04274	0.72245	0.05128	0.02429	0.00990	0.00315	0.00450	0.02204	0.00720	0.00630
61	0.02113	0.69879	0.03973	0.01359	0.02010	0.06265	0.01335	0.02359	0.01605	0.01828	0.01084	0.01251	0.00995	0.00670	0.00507	0.00167	0.00857	0.00419	0.00335	0.00990
62	0.01381	0.00854	0.01071	0.00999	0.01246	0.00761	0.00754	0.01671	0.02016	0.12206	0.36663	0.12974	0.21076	0.01679	0.00904	0.00255	0.00424	0.01457	0.00822	0.00787
63	0.02906	0.02151	0.02303	0.01776	0.02389	0.02385	0.01464	0.62810	0.06233	0.04819	0.01915	0.01904	0.01362	0.00936	0.00776	0.00234	0.00843	0.00705	0.00776	0.01315
64	0.49407	0.05037	0.04439	0.04111	0.01982	0.01696	0.04335	0.02587	0.01561	0.16256	0.01526	0.01626	0.01094	0.00765	0.00586	0.00238	0.00699	0.00534	0.00553	0.00967
65	0.01929	0.01666	0.01753	0.01578	0.02016	0.01929	0.01227	0.04120	0.66513	0.03243	0.03156	0.02893	0.02367	0.01052	0.00789	0.00263	0.00614	0.00877	0.00789	0.01227
66	0.16493	0.02283	0.08458	0.04045	0.11062	0.13700	0.01583	0.18730	0.02182	0.03117	0.01643	0.07219	0.01410	0.00949	0.00792	0.00241	0.03812	0.00716	0.00525	0.01040
67	0.01158	0.00847	0.01077	0.01110	0.01285	0.00809	0.00856	0.04017	0.01935	0.02606	0.28383	0.20081	0.12795	0.03936	0.01047	0.00301	0.00498	0.15780	0.00764	0.00715
68	0.01804	0.01956	0.09140	0.07555	0.50472	0.01761	0.05149	0.02309	0.01747	0.02478	0.01667	0.02459	0.01454	0.00815	0.00796	0.00245	0.00949	0.05690	0.00404	0.01152
69	0.01243	0.00863	0.01080	0.01098	0.01286	0.00794	0.00799	0.03725	0.01716	0.05454	0.11118	0.37517	0.10554	0.06650	0.01126	0.00312	0.00511	0.06667	0.00711	0.06776

[dist]
# distance from previous block
# <min> <max>
0	35

[block]
# block no. 5 follows, 25 sequences, length 7
# corresponding to MSA columns:
# 313-319
name=unknown_F
#
# <colnr> <probs for GDERKNQSTAVLIFYWHMCP>
#	G	D	E	R	K	N	Q	S	T	A	V	L	I	F	Y	W	H	M	C	P
0	0.50866	0.12958	0.01758	0.01182	0.01687	0.05205	0.01001	0.09032	0.01665	0.03264	0.01239	0.01407	0.00978	0.00746	0.00528	0.00223	0.00690	0.00467	0.04193	0.00912
1	0.02325	0.01790	0.11303	0.01521	0.02127	0.01442	0.01384	0.07064	0.16622	0.24583	0.06071	0.02908	0.02192	0.01002	0.00774	0.00237	0.00708	0.04454	0.00736	0.10755
2	0.15356	0.05721	0.05225	0.10606	0.02421	0.01872	0.01367	0.23045	0.07395	0.06198	0.02000	0.08243	0.01648	0.00994	0.00716	0.00242	0.00759	0.00781	0.04360	0.01050
3	0.00987	0.00703	0.00923	0.01044	0.01113	0.00658	0.00706	0.01159	0.01602	0.02172	0.16705	0.54636	0.05411	0.06886	0.01169	0.00330	0.00453	0.01974	0.00730	0.00639
4	0.01863	0.01852	0.02909	0.09227	0.46058	0.05865	0.05524	0.02279	0.01710	0.02359	0.01559	0.05785	0.01394	0.00858	0.00944	0.00247	0.07294	0.00774	0.00397	0.01103
5	0.06036	0.01751	0.02569	0.08821	0.13445	0.03876	0.14789	0.10310	0.13460	0.04906	0.02380	0.06848	0.05353	0.00978	0.00809	0.00252	0.00880	0.00902	0.00565	0.01069
6	0.01640	0.01251	0.01423	0.05158	0.01780	0.01362	0.01016	0.06542	0.27478	0.05495	0.03485	0.16246	0.08634	0.10489	0.01228	0.00328	0.00612	0.01190	0.03706	0.00939

[dist]
# distance from previous block
# <min> <max>
0	1

[block]
# block no. 6 follows, 25 sequences, length 42
# corresponding to MSA columns:
# 321-362
name=unknown_G
#
# <colnr> <probs for GDERKNQSTAVLIFYWHMCP>
#	G	D	E	R	K	N	Q	S	T	A	V	L	I	F	Y	W	H	M	C	P
0	0.01590	0.01180	0.01741	0.20954	0.07564	0.01349	0.01351	0.07316	0.01512	0.02071	0.01506	0.02307	0.01329	0.04969	0.01885	0.28976	0.06169	0.00706	0.04815	0.00708
1	0.02534	0.25675	0.05215	0.05117	0.05684	0.26872	0.01524	0.06726	0.02017	0.09769	0.01444	0.01587	0.01136	0.00773	0.00656	0.00201	0.01044	0.00538	0.00460	0.01028
2	0.05817	0.01206	0.01812	0.06400	0.14459	0.01240	0.05575	0.01899	0.06975	0.02419	0.06881	0.25476	0.03347	0.01665	0.02740	0.00309	0.00730	0.09581	0.00601	0.00867
3	0.01095	0.00782	0.01073	0.01252	0.01363	0.00760	0.00982	0.01340	0.01633	0.02148	0.04190	0.40855	0.04799	0.02287	0.01030	0.00336	0.00580	0.32107	0.00717	0.00671
4	0.65488	0.01523	0.01338	0.08903	0.01980	0.01774	0.01022	0.05700	0.01473	0.03388	0.01156	0.01383	0.00888	0.00738	0.00529	0.00242	0.00662	0.00465	0.00481	0.00868
5	0.01027	0.00729	0.00972	0.01136	0.01207	0.00698	0.00815	0.01199	0.01520	0.02014	0.04084	0.52717	0.04789	0.08248	0.01255	0.00361	0.00533	0.15365	0.00698	0.00635
6	0.01240	0.01050	0.04679	0.01042	0.01338	0.00863	0.00851	0.03325	0.04322	0.05793	0.31025	0.09880	0.28344	0.01663	0.00895	0.00255	0.00459	0.01425	0.00769	0.00781
7	0.01313	0.01101	0.01489	0.01403	0.01492	0.01314	0.01085	0.01495	0.01329	0.01924	0.02375	0.18753	0.02592	0.12198	0.13056	0.00522	0.23933	0.04998	0.02441	0.05185
8	0.02988	0.02106	0.02286	0.01753	0.02372	0.02307	0.01448	0.60587	0.03536	0.09783	0.01954	0.01921	0.01365	0.00933	0.00776	0.00233	0.00838	0.00704	0.00790	0.01319
9	0.01872	0.14504	0.40518	0.01879	0.02765	0.01925	0.02181	0.02565	0.03819	0.09517	0.01557	0.01726	0.01145	0.00787	0.00805	0.00230	0.05278	0.00579	0.00421	0.05927
10	0.01868	0.02130	0.12341	0.12770	0.23527	0.05849	0.01973	0.06147	0.15864	0.02719	0.05621	0.02298	0.01752	0.00859	0.00774	0.00243	0.00897	0.00743	0.00507	0.01119
11	0.01685	0.01376	0.01652	0.04993	0.02027	0.01102	0.01004	0.03843	0.01682	0.04922	0.01548	0.04011	0.01306	0.00671	0.00612	0.00137	0.00607	0.00548	0.00489	0.65784
