[name]
unknown

[dist]
# distance from previous block
# <min> <max>
0	33

[block]
# block no. 0 follows, 23 sequences, length 9
# corresponding to MSA columns:
# 33-41
name=unknown_A
#
# <colnr> <probs for GDERKNQSTAVLIFYWHMCP>
#	G	D	E	R	K	N	Q	S	T	A	V	L	I	F	Y	W	H	M	C	P
0	0.01386	0.01024	0.01366	0.01512	0.01729	0.01054	0.01305	0.01973	0.08874	0.02536	0.04186	0.08473	0.04426	0.02115	0.01088	0.00363	0.00736	0.54292	0.00756	0.00807
1	0.01721	0.10248	0.54131	0.02153	0.03223	0.02023	0.02658	0.02750	0.08730	0.02600	0.01631	0.01821	0.01190	0.00800	0.00754	0.00251	0.01106	0.00619	0.00397	0.01194
2	0.03031	0.03867	0.02299	0.02090	0.02508	0.68226	0.01568	0.03240	0.02299	0.01986	0.01254	0.01463	0.01045	0.00836	0.00732	0.00209	0.01463	0.00523	0.00418	0.00941
3	0.01955	0.01874	0.03198	0.12149	0.59666	0.01914	0.02464	0.02444	0.01823	0.02587	0.01517	0.02025	0.01263	0.00733	0.00804	0.00244	0.00977	0.00723	0.00397	0.01243
4	0.03364	0.01320	0.01794	0.01397	0.01976	0.01145	0.01145	0.03685	0.02320	0.59906	0.10174	0.03128	0.02636	0.01077	0.00832	0.00252	0.00656	0.00888	0.00992	0.01313
5	0.01250	0.00916	0.01228	0.01384	0.01585	0.00893	0.01194	0.01596	0.01865	0.02390	0.04940	0.08932	0.14748	0.02211	0.01094	0.00357	0.00692	0.51239	0.00748	0.00737
6	0.01217	0.00851	0.01214	0.01214	0.01366	0.00972	0.00941	0.01521	0.01369	0.02071	0.02251	0.03161	0.02037	0.05242	0.57159	0.01121	0.01879	0.00851	0.12832	0.00730
7	0.01039	0.00743	0.00996	0.01160	0.01236	0.00700	0.00816	0.01229	0.01658	0.02221	0.10192	0.58037	0.05503	0.02426	0.01038	0.00327	0.00493	0.08742	0.00766	0.00679
8	0.02711	0.02078	0.02368	0.12946	0.02975	0.02344	0.01630	0.47005	0.10245	0.04424	0.02016	0.02103	0.01453	0.00961	0.00813	0.00251	0.00896	0.00750	0.00739	0.01291

[dist]
# distance from previous block
# <min> <max>
0	1

[block]
# block no. 1 follows, 23 sequences, length 18
# corresponding to MSA columns:
# 43-60
name=unknown_B
#
# <colnr> <probs for GDERKNQSTAVLIFYWHMCP>
#	G	D	E	R	K	N	Q	S	T	A	V	L	I	F	Y	W	H	M	C	P
0	0.02294	0.01880	0.01990	0.01707	0.02215	0.02147	0.01351	0.19657	0.49162	0.03839	0.02953	0.02749	0.02194	0.01068	0.00822	0.00267	0.00707	0.00869	0.00822	0.01309
1	0.01764	0.01830	0.01716	0.01618	0.01827	0.20571	0.01254	0.02019	0.01585	0.01920	0.01791	0.02541	0.01643	0.04078	0.41856	0.00888	0.09118	0.00752	0.00421	0.00804
2	0.01646	0.04071	0.63350	0.02382	0.03558	0.01895	0.06800	0.02572	0.01726	0.02572	0.01468	0.01743	0.01041	0.00765	0.00783	0.00258	0.01210	0.00622	0.00347	0.01193
3	0.01735	0.17683	0.54738	0.02129	0.03228	0.02148	0.02678	0.02542	0.01700	0.02438	0.01391	0.01631	0.01031	0.00756	0.00721	0.00240	0.01133	0.00567	0.00344	0.01168
4	0.01554	0.01472	0.02438	0.63565	0.05282	0.01863	0.02211	0.02063	0.01589	0.02063	0.01409	0.02129	0.01080	0.00865	0.00975	0.00278	0.07183	0.00720	0.00360	0.00900
5	0.01768	0.21737	0.50968	0.02074	0.03142	0.02228	0.02581	0.02533	0.01696	0.02399	0.01371	0.01607	0.01031	0.00751	0.00706	0.00235	0.01113	0.00557	0.00344	0.01158
6	0.03043	0.03504	0.02330	0.02040	0.02510	0.53273	0.01562	0.17002	0.02644	0.02698	0.01412	0.01574	0.01121	0.00868	0.00750	0.00217	0.01333	0.00570	0.00508	0.01041
7	0.44591	0.01587	0.01477	0.01272	0.01769	0.01772	0.01030	0.08782	0.11821	0.10104	0.06945	0.02174	0.01836	0.00927	0.00652	0.00254	0.00643	0.00663	0.00665	0.01033
8	0.03122	0.02213	0.02398	0.01838	0.02486	0.02427	0.01519	0.59687	0.03714	0.09285	0.02033	0.02003	0.01422	0.00976	0.00812	0.00244	0.00879	0.00736	0.00825	0.01380
9	0.01215	0.00854	0.01082	0.01178	0.01287	0.00843	0.00896	0.01412	0.01567	0.02041	0.03856	0.10489	0.08219	0.30856	0.02349	0.00535	0.00727	0.29318	0.00642	0.00633
10	0.01212	0.00847	0.01192	0.01192	0.01332	0.00959	0.00909	0.01491	0.01351	0.02023	0.02272	0.03332	0.02109	0.10521	0.53453	0.01103	0.01805	0.00878	0.11309	0.00711
11	0.01627	0.04197	0.67279	0.02313	0.03512	0.01884	0.02998	0.02570	0.01713	0.02570	0.01456	0.01713	0.01028	0.00771	0.00771	0.00257	0.01199	0.00600	0.00343	0.01199
12	0.01751	0.19664	0.52896	0.02102	0.03186	0.02187	0.02631	0.02538	0.01698	0.02419	0.01381	0.01619	0.01031	0.00753	0.00714	0.00238	0.01124	0.00562	0.00344	0.01163
13	0.25909	0.01442	0.01618	0.05041	0.02023	0.01437	0.01098	0.06259	0.01991	0.24984	0.08964	0.02452	0.02078	0.00933	0.00705	0.00235	0.00659	0.00716	0.00722	0.10736
14	0.01177	0.00852	0.01219	0.01219	0.01345	0.00970	0.00919	0.01429	0.01303	0.01887	0.02250	0.03491	0.02165	0.15426	0.55998	0.01181	0.01894	0.00910	0.03673	0.00692
15	0.01949	0.44414	0.29880	0.01764	0.02664	0.02671	0.02043	0.02487	0.01675	0.02178	0.01261	0.01469	0.01036	0.00725	0.00622	0.00207	0.01003	0.00501	0.00345	0.01106
16	0.77215	0.01569	0.01193	0.01067	0.01569	0.01820	0.00879	0.02385	0.01381	0.03641	0.01130	0.01318	0.00879	0.00753	0.00502	0.00251	0.00628	0.00439	0.00502	0.00879
17	0.07542	0.01466	0.02049	0.18893	0.02803	0.01872	0.01654	0.01908	0.01496	0.02208	0.02276	0.03461	0.07344	0.01391	0.01645	0.00321	0.30686	0.09674	0.00461	0.00852

[dist]
# distance from previous block
# <min> <max>
0	3

[block]
# block no. 2 follows, 23 sequences, length 12
# corresponding to MSA columns:
# 64-75
name=unknown_C
#
# <colnr> <probs for GDERKNQSTAVLIFYWHMCP>
#	G	D	E	R	K	N	Q	S	T	A	V	L	I	F	Y	W	H	M	C	P
0	0.03041	0.03561	0.02326	0.02047	0.02510	0.55591	0.01563	0.14869	0.02591	0.02587	0.01388	0.01557	0.01110	0.00863	0.00747	0.00216	0.01354	0.00563	0.00494	0.01025
1	0.01284	0.00927	0.01152	0.01234	0.01366	0.00921	0.00864	0.09947	0.01872	0.02500	0.04117	0.61233	0.04805	0.02321	0.01004	0.00317	0.00530	0.02085	0.00761	0.00761
2	0.03085	0.02273	0.02435	0.01867	0.02516	0.02516	0.01542	0.63716	0.03815	0.05114	0.01948	0.01948	0.01380	0.00974	0.00812	0.00244	0.00893	0.00731	0.00812	0.01380
3	0.02008	0.01928	0.03294	0.04981	0.66422	0.01928	0.02490	0.02490	0.01848	0.02651	0.01526	0.02008	0.01285	0.00723	0.00803	0.00241	0.00964	0.00723	0.00402	0.01285
4	0.00989	0.00706	0.00942	0.01130	0.01177	0.00659	0.00753	0.01130	0.01554	0.02071	0.04472	0.70954	0.05367	0.02542	0.01036	0.00330	0.00471	0.02307	0.00753	0.00659
5	0.03031	0.03867	0.02299	0.02090	0.02508	0.68226	0.01568	0.03240	0.02299	0.01986	0.01254	0.01463	0.01045	0.00836	0.00732	0.00209	0.01463	0.00523	0.00418	0.00941
6	0.00989	0.00706	0.00942	0.01130	0.01177	0.00659	0.00753	0.01130	0.01554	0.02071	0.04472	0.70954	0.05367	0.02542	0.01036	0.00330	0.00471	0.02307	0.00753	0.00659
7	0.01463	0.00772	0.00833	0.00833	0.01016	0.00793	0.00630	0.01828	0.01646	0.02864	0.02580	0.03048	0.02073	0.01669	0.10105	0.00346	0.00631	0.00772	0.65344	0.00752
8	0.01928	0.41845	0.32269	0.01799	0.02718	0.02621	0.02104	0.02492	0.01677	0.02203	0.01274	0.01485	0.01035	0.00728	0.00632	0.00211	0.01015	0.00508	0.00345	0.01111
9	0.01728	0.16751	0.55605	0.02142	0.03247	0.02130	0.02700	0.02544	0.01701	0.02447	0.01395	0.01637	0.01030	0.00757	0.00725	0.00242	0.01138	0.00569	0.00343	0.01170
10	0.25589	0.01257	0.01325	0.01152	0.01544	0.01296	0.00916	0.07227	0.02111	0.12297	0.28296	0.03873	0.07574	0.01249	0.00782	0.00253	0.00546	0.01007	0.00771	0.00932
11	0.11890	0.01778	0.01883	0.05450	0.02240	0.04644	0.01332	0.30295	0.02729	0.06604	0.05713	0.03220	0.02173	0.01146	0.00801	0.00259	0.00796	0.09215	0.06733	0.01098

[dist]
# distance from previous block
# <min> <max>
0	4

[block]
# block no. 3 follows, 23 sequences, length 54
# corresponding to MSA columns:
# 80-133
name=unknown_D
#
# <colnr> <probs for GDERKNQSTAVLIFYWHMCP>
#	G	D	E	R	K	N	Q	S	T	A	V	L	I	F	Y	W	H	M	C	P
0	0.01532	0.01442	0.02434	0.69533	0.05589	0.01803	0.02253	0.02073	0.01622	0.02073	0.01442	0.02163	0.01082	0.00811	0.00811	0.00270	0.01082	0.00721	0.00361	0.00901
1	0.01532	0.01442	0.02434	0.69533	0.05589	0.01803	0.02253	0.02073	0.01622	0.02073	0.01442	0.02163	0.01082	0.00811	0.00811	0.00270	0.01082	0.00721	0.00361	0.00901
2	0.01942	0.01860	0.03174	0.13986	0.57935	0.01910	0.02457	0.02432	0.01816	0.02570	0.01515	0.02030	0.01257	0.00735	0.00804	0.00245	0.00980	0.00723	0.00396	0.01232
3	0.04625	0.01871	0.03278	0.02809	0.11951	0.01831	0.28941	0.02897	0.14402	0.06845	0.02137	0.05143	0.01692	0.00865	0.00860	0.00257	0.01001	0.00908	0.00552	0.07134
4	0.02056	0.57765	0.17463	0.01582	0.02382	0.02933	0.01726	0.02459	0.01662	0.02048	0.01197	0.01388	0.01038	0.00710	0.00573	0.00191	0.00937	0.00469	0.00346	0.01074
5	0.04512	0.02406	0.03269	0.11966	0.03540	0.17972	0.26341	0.04852	0.05933	0.02489	0.01567	0.01990	0.01223	0.00845	0.01012	0.00263	0.07579	0.00771	0.00443	0.01027
6	0.01494	0.00838	0.00944	0.05186	0.01294	0.00889	0.00726	0.01855	0.01643	0.02821	0.02498	0.03040	0.02022	0.04340	0.03396	0.00269	0.02722	0.00776	0.62490	0.00756
7	0.01513	0.00756	0.00756	0.00756	0.00945	0.00756	0.00567	0.01891	0.01702	0.03025	0.02647	0.03025	0.02080	0.00945	0.00567	0.00189	0.00378	0.00756	0.75988	0.00756
8	0.34004	0.02196	0.01847	0.01539	0.02083	0.14059	0.01241	0.22219	0.02402	0.09061	0.01585	0.01665	0.01162	0.00860	0.00669	0.00241	0.00869	0.00579	0.00627	0.01091
9	0.01678	0.01669	0.02530	0.02136	0.02238	0.02170	0.08826	0.01909	0.01366	0.02045	0.01626	0.11847	0.01708	0.01497	0.02228	0.00342	0.51917	0.00970	0.00419	0.00879
10	0.01034	0.00748	0.00976	0.01120	0.01199	0.00687	0.00750	0.01179	0.01540	0.02074	0.04217	0.63945	0.05027	0.06118	0.01179	0.00343	0.00494	0.02154	0.00725	0.04490
11	0.02632	0.31024	0.03057	0.01786	0.02317	0.38665	0.01481	0.02973	0.05378	0.02030	0.01313	0.01482	0.01120	0.00793	0.00652	0.00198	0.01181	0.00508	0.00411	0.00999
12	0.03085	0.02273	0.02435	0.01867	0.02516	0.02516	0.01542	0.63716	0.03815	0.05114	0.01948	0.01948	0.01380	0.00974	0.00812	0.00244	0.00893	0.00731	0.00812	0.01380
13	0.01047	0.00748	0.01008	0.01196	0.01269	0.00709	0.00854	0.01230	0.01611	0.02136	0.04440	0.59722	0.05240	0.02487	0.01051	0.00338	0.00521	0.12967	0.00752	0.00675
14	0.03075	0.02147	0.02340	0.01809	0.02444	0.02347	0.01490	0.53738	0.07535	0.11437	0.02164	0.02101	0.01515	0.00985	0.00813	0.00246	0.00856	0.00751	0.00833	0.01374
15	0.03585	0.01471	0.01939	0.01486	0.02116	0.01326	0.01228	0.09958	0.02472	0.60768	0.03075	0.02680	0.01945	0.01001	0.00816	0.00250	0.00711	0.00807	0.00985	0.01381
16	0.00971	0.00822	0.00839	0.00835	0.01103	0.00690	0.00626	0.01188	0.01878	0.02259	0.11866	0.07699	0.62405	0.02030	0.00959	0.00273	0.00409	0.01697	0.00762	0.00690
17	0.02008	0.01928	0.03294	0.04981	0.66422	0.01928	0.02490	0.02490	0.01848	0.02651	0.01526	0.02008	0.01285	0.00723	0.00803	0.00241	0.00964	0.00723	0.00402	0.01285
18	0.01428	0.01065	0.01462	0.01383	0.01598	0.01224	0.01088	0.10135	0.01654	0.02334	0.02142	0.03015	0.01938	0.05373	0.58857	0.01156	0.01995	0.00850	0.00487	0.00816
19	0.03641	0.01381	0.01883	0.01444	0.02071	0.01193	0.01193	0.03954	0.02322	0.66984	0.03201	0.02762	0.02009	0.01004	0.00816	0.00251	0.00690	0.00816	0.01004	0.01381
20	0.00985	0.00823	0.00859	0.00850	0.01112	0.00696	0.00637	0.01216	0.01912	0.02340	0.16280	0.07565	0.57940	0.02000	0.00959	0.00271	0.00407	0.01678	0.00773	0.00696
21	0.01114	0.00822	0.01041	0.00998	0.01194	0.00749	0.00744	0.01461	0.02199	0.03049	0.54989	0.09411	0.15699	0.01756	0.00961	0.00261	0.00391	0.01542	0.00867	0.00749
22	0.02795	0.02006	0.02143	0.01676	0.02237	0.02207	0.01367	0.52772	0.03423	0.04691	0.02068	0.02223	0.01536	0.03585	0.00901	0.00256	0.00817	0.00751	0.11287	0.01260
23	0.00989	0.00706	0.00942	0.01130	0.01177	0.00659	0.00753	0.01130	0.01554	0.02071	0.04472	0.70954	0.05367	0.02542	0.01036	0.00330	0.00471	0.02307	0.00753	0.00659
24	0.01159	0.00869	0.01304	0.01304	0.01449	0.01014	0.01014	0.01449	0.01304	0.01884	0.02173	0.03188	0.02029	0.06086	0.68268	0.01304	0.02173	0.00869	0.00435	0.00724
25	0.01023	0.00825	0.00911	0.00889	0.01135	0.00712	0.00667	0.01288	0.02001	0.02551	0.27729	0.07219	0.46360	0.01921	0.00958	0.00268	0.00401	0.01630	0.00801	0.00712
26	0.00989	0.00706	0.00942	0.01130	0.01177	0.00659	0.00753	0.01130	0.01554	0.02071	0.04472	0.70954	0.05367	0.02542	0.01036	0.00330	0.00471	0.02307	0.00753	0.00659
27	0.01114	0.00812	0.01048	0.01023	0.01200	0.00746	0.00754	0.01452	0.02165	0.03022	0.53765	0.15224	0.11024	0.01807	0.00968	0.00267	0.00397	0.01600	0.00865	0.00746
28	0.00989	0.00706	0.00942	0.01130	0.01177	0.00659	0.00753	0.01130	0.01554	0.02071	0.04472	0.70954	0.05367	0.02542	0.01036	0.00330	0.00471	0.02307	0.00753	0.00659
29	0.00989	0.00706	0.00942	0.01130	0.01177	0.00659	0.00753	0.01130	0.01554	0.02071	0.04472	0.70954	0.05367	0.02542	0.01036	0.00330	0.00471	0.02307	0.00753	0.00659
30	0.02400	0.01886	0.02000	0.01679	0.02194	0.02132	0.01339	0.27218	0.37231	0.04039	0.02735	0.02608	0.02026	0.01042	0.00804	0.00257	0.00723	0.00835	0.05563	0.01288
31	0.00985	0.00823	0.00859	0.00850	0.01112	0.00696	0.00637	0.01216	0.01912	0.02340	0.16280	0.07565	0.57940	0.02000	0.00959	0.00271	0.00407	0.01678	0.00773	0.00696
32	0.01137	0.00769	0.00898	0.00940	0.00951	0.00758	0.00551	0.01169	0.01264	0.01685	0.02988	0.20082	0.03494	0.55969	0.03434	0.00684	0.00716	0.01434	0.00551	0.00529
33	0.77215	0.01569	0.01193	0.01067	0.01569	0.01820	0.00879	0.02385	0.01381	0.03641	0.01130	0.01318	0.00879	0.00753	0.00502	0.00251	0.00628	0.00439	0.00502	0.00879
34	0.00989	0.00706	0.00942	0.01130	0.01177	0.00659	0.00753	0.01130	0.01554	0.02071	0.04472	0.70954	0.05367	0.02542	0.01036	0.00330	0.00471	0.02307	0.00753	0.00659
35	0.01513	0.00756	0.00756	0.00756	0.00945	0.00756	0.00567	0.01891	0.01702	0.03025	0.02647	0.03025	0.02080	0.00945	0.00567	0.00189	0.00378	0.00756	0.75988	0.00756
36	0.00992	0.00742	0.00922	0.01049	0.01160	0.00672	0.00721	0.01163	0.01671	0.02175	0.09251	0.51760	0.20032	0.02370	0.01012	0.00312	0.00451	0.02112	0.00762	0.00672
37	0.03569	0.01397	0.01881	0.01453	0.02073	0.01229	0.01197	0.03970	0.05087	0.64177	0.03206	0.02774	0.02029	0.01009	0.00816	0.00252	0.00688	0.00820	0.00996	0.01377
38	0.01148	0.00829	0.01085	0.01021	0.01212	0.00766	0.00766	0.01531	0.02297	0.03254	0.65994	0.06061	0.07656	0.01659	0.00957	0.00255	0.00383	0.01467	0.00893	0.00766
39	0.03085	0.02273	0.02435	0.01867	0.02516	0.02516	0.01542	0.63716	0.03815	0.05114	0.01948	0.01948	0.01380	0.00974	0.00812	0.00244	0.00893	0.00731	0.00812	0.01380
40	0.01596	0.01519	0.02495	0.56039	0.08962	0.01906	0.02202	0.02083	0.01584	0.02093	0.01395	0.02099	0.01092	0.00891	0.01069	0.00280	0.10688	0.00720	0.00362	0.00924
41	0.02650	0.01969	0.02169	0.01740	0.02278	0.02187	0.01415	0.48360	0.07138	0.04411	0.02184	0.05491	0.01729	0.01770	0.10234	0.00398	0.01036	0.00837	0.00757	0.01248
42	0.01871	0.02055	0.04088	0.03008	0.03622	0.02118	0.45593	0.02416	0.01739	0.02441	0.01491	0.02065	0.01189	0.00862	0.01364	0.00287	0.18289	0.00876	0.00400	0.04226
43	0.02134	0.10973	0.01822	0.01250	0.01663	0.01302	0.01029	0.02558	0.04848	0.23541	0.32158	0.04306	0.04604	0.01309	0.00850	0.00247	0.00572	0.02966	0.00845	0.01023
44	0.02711	0.01894	0.02082	0.01635	0.02160	0.02040	0.01307	0.45527	0.03125	0.08233	0.02064	0.02486	0.01633	0.10896	0.01393	0.04373	0.00844	0.00788	0.00742	0.04068
45	0.02820	0.02080	0.02263	0.01740	0.02357	0.02239	0.01424	0.52772	0.03399	0.04600	0.01857	0.01951	0.01362	0.01049	0.00937	0.05056	0.00848	0.00701	0.00745	0.09802
46	0.01745	0.02646	0.23779	0.12187	0.06818	0.01906	0.30814	0.02468	0.01824	0.02547	0.04215	0.02189	0.01415	0.00771	0.00872	0.00266	0.01217	0.00824	0.00402	0.01095
47	0.01729	0.01669	0.02910	0.41868	0.27026	0.01865	0.06794	0.02259	0.01723	0.02316	0.01486	0.02110	0.01165	0.00771	0.00819	0.00260	0.01061	0.00739	0.00379	0.01051
48	0.01867	0.02225	0.08287	0.03070	0.03795	0.02058	0.48205	0.02482	0.01798	0.02509	0.01540	0.02078	0.01194	0.00788	0.01168	0.00277	0.10897	0.00879	0.00402	0.04482
49	0.05699	0.06494	0.48945	0.02208	0.03254	0.02033	0.05844	0.11086	0.01998	0.02953	0.01505	0.01734	0.01081	0.00791	0.00763	0.00252	0.01123	0.00622	0.00420	0.01196
50	0.01941	0.01001	0.01323	0.01189	0.01483	0.00914	0.00917	0.02236	0.02067	0.22814	0.27931	0.08536	0.04804	0.11300	0.01377	0.00344	0.00578	0.07483	0.00850	0.00913
51	0.01376	0.01224	0.01206	0.01292	0.01425	0.10174	0.00903	0.04277	0.01798	0.02257	0.07027	0.54849	0.04699	0.02188	0.00979	0.00305	0.00624	0.01944	0.00716	0.00736
52	0.01414	0.01191	0.01842	0.01785	0.05022	0.01153	0.09837	0.01937	0.06612	0.02575	0.10887	0.16249	0.06920	0.01754	0.00995	0.00308	0.00728	0.23414	0.00694	0.04683
53	0.01708	0.07099	0.55133	0.02176	0.03248	0.01967	0.02682	0.02806	0.10533	0.02653	0.01698	0.01877	0.01231	0.00813	0.00767	0.00256	0.01106	0.00636	0.00410	0.01204

[dist]
# distance from previous block
# <min> <max>
10	20

[block]
# block no. 4 follows, 23 sequences, length 60
# corresponding to MSA columns:
# 154-213
name=unknown_E
#
# <colnr> <probs for GDERKNQSTAVLIFYWHMCP>
#	G	D	E	R	K	N	Q	S	T	A	V	L	I	F	Y	W	H	M	C	P
0	0.02292	0.04416	0.02064	0.01688	0.03828	0.01992	0.01311	0.20975	0.29989	0.05754	0.04405	0.02650	0.02093	0.03762	0.00919	0.00263	0.00727	0.00816	0.00750	0.09306
1	0.07177	0.02313	0.06525	0.05590	0.03954	0.06832	0.50179	0.02610	0.01888	0.02606	0.01564	0.02058	0.01180	0.00708	0.00897	0.00267	0.01307	0.00868	0.00413	0.01065
2	0.03179	0.06773	0.02261	0.01647	0.02258	0.06720	0.01359	0.24135	0.07669	0.31771	0.02498	0.02311	0.01695	0.00968	0.00789	0.00242	0.00824	0.00747	0.00837	0.01318
3	0.02229	0.67264	0.04117	0.01437	0.02112	0.07705	0.01401	0.02486	0.01694	0.01914	0.01137	0.01313	0.01042	0.00704	0.00535	0.00176	0.00909	0.00440	0.00352	0.01034
4	0.01029	0.00729	0.00955	0.01105	0.01161	0.00688	0.00740	0.01177	0.01571	0.02106	0.08395	0.57711	0.05236	0.10062	0.01373	0.00376	0.00507	0.03695	0.00734	0.00650
5	0.01013	0.00724	0.00970	0.01158	0.01216	0.00681	0.00796	0.01173	0.01578	0.02099	0.04459	0.66132	0.05312	0.02519	0.01042	0.00333	0.00492	0.06883	0.00753	0.00666
6	0.01656	0.07724	0.63999	0.02265	0.03438	0.01953	0.02914	0.02562	0.01710	0.02535	0.01439	0.01692	0.01029	0.00767	0.00758	0.00253	0.01182	0.00591	0.00343	0.01191
7	0.02934	0.03711	0.02248	0.02049	0.02453	0.64728	0.01539	0.03147	0.02248	0.01981	0.01302	0.01553	0.01096	0.01109	0.04246	0.00266	0.01500	0.00541	0.00419	0.00929
8	0.00959	0.00822	0.00822	0.00822	0.01096	0.00685	0.00617	0.01165	0.01850	0.02192	0.08220	0.07809	0.66092	0.02055	0.00959	0.00274	0.00411	0.01713	0.00754	0.00685
9	0.01409	0.00705	0.01057	0.01057	0.01057	0.00705	0.00705	0.01057	0.01057	0.01409	0.01409	0.02467	0.01409	0.02819	0.03171	0.76392	0.00705	0.00705	0.00352	0.00352
10	0.02008	0.01928	0.03294	0.04981	0.66422	0.01928	0.02490	0.02490	0.01848	0.02651	0.01526	0.02008	0.01285	0.00723	0.00803	0.00241	0.00964	0.00723	0.00402	0.01285
11	0.00989	0.00706	0.00942	0.01130	0.01177	0.00659	0.00753	0.01130	0.01554	0.02071	0.04472	0.70954	0.05367	0.02542	0.01036	0.00330	0.00471	0.02307	0.00753	0.00659
12	0.01667	0.03923	0.58756	0.02464	0.03611	0.01907	0.11246	0.02574	0.01741	0.02574	0.01481	0.01778	0.01056	0.00759	0.00796	0.00259	0.01222	0.00648	0.00352	0.01185
13	0.02971	0.03307	0.02344	0.05399	0.02665	0.46815	0.01595	0.19832	0.02683	0.02851	0.01455	0.01632	0.01139	0.00873	0.00758	0.00222	0.01287	0.00590	0.00524	0.01060
14	0.00986	0.00716	0.00932	0.01105	0.01170	0.00661	0.00742	0.01133	0.01578	0.02081	0.04777	0.65817	0.10307	0.02503	0.01029	0.00325	0.00466	0.02258	0.00753	0.00661
15	0.01152	0.00775	0.00893	0.00921	0.00927	0.00768	0.00530	0.01173	0.01234	0.01646	0.02835	0.14847	0.03301	0.61467	0.03680	0.00720	0.00741	0.01344	0.00530	0.00516
16	0.01890	0.02113	0.04368	0.03185	0.03855	0.02131	0.52210	0.02481	0.01792	0.02481	0.01536	0.02113	0.01201	0.00818	0.01269	0.00288	0.13898	0.00912	0.00400	0.01057
17	0.03031	0.03867	0.02299	0.02090	0.02508	0.68226	0.01568	0.03240	0.02299	0.01986	0.01254	0.01463	0.01045	0.00836	0.00732	0.00209	0.01463	0.00523	0.00418	0.00941
18	0.01783	0.01797	0.02605	0.02197	0.02240	0.02463	0.04986	0.01986	0.01278	0.01986	0.01095	0.01797	0.01074	0.01382	0.02574	0.00351	0.66427	0.00723	0.00358	0.00898
19	0.02897	0.02179	0.02329	0.01829	0.02445	0.02429	0.01497	0.53244	0.14593	0.04811	0.02187	0.02138	0.01573	0.00996	0.00814	0.00249	0.00849	0.00763	0.00814	0.01363
20	0.02059	0.16409	0.28966	0.02237	0.03064	0.11348	0.11448	0.06066	0.01899	0.02472	0.01396	0.01690	0.01086	0.00807	0.00876	0.00243	0.05809	0.00626	0.00391	0.01107
21	0.01882	0.01695	0.10259	0.06304	0.02277	0.01486	0.04680	0.08097	0.15481	0.05983	0.01990	0.02423	0.01590	0.01658	0.01722	0.29451	0.00833	0.00760	0.00536	0.00894
22	0.00989	0.00706	0.00942	0.01130	0.01177	0.00659	0.00753	0.01130	0.01554	0.02071	0.04472	0.70954	0.05367	0.02542	0.01036	0.00330	0.00471	0.02307	0.00753	0.00659
23	0.01822	0.01934	0.03863	0.10136	0.11613	0.01900	0.40611	0.02532	0.06089	0.02564	0.01939	0.07586	0.01629	0.00875	0.00921	0.00274	0.01170	0.01007	0.00459	0.01077
24	0.01728	0.01808	0.03581	0.28475	0.09154	0.01874	0.32450	0.02314	0.01780	0.02375	0.01708	0.05826	0.01399	0.00834	0.00895	0.00273	0.01182	0.00923	0.00409	0.01012
25	0.00989	0.00706	0.00942	0.01130	0.01177	0.00659	0.00753	0.01130	0.01554	0.02071	0.04472	0.70954	0.05367	0.02542	0.01036	0.00330	0.00471	0.02307	0.00753	0.00659
26	0.33639	0.05379	0.28974	0.01711	0.02516	0.05529	0.01865	0.06969	0.01755	0.03150	0.01332	0.01536	0.00992	0.00779	0.00650	0.00248	0.00939	0.00532	0.00448	0.01058
27	0.01355	0.01069	0.01581	0.16415	0.02415	0.01064	0.05630	0.01667	0.01776	0.06678	0.06842	0.21680	0.25241	0.01716	0.00935	0.00285	0.00663	0.01517	0.00663	0.00807
28	0.01833	0.00927	0.01239	0.01208	0.01441	0.00838	0.00876	0.02033	0.01812	0.22293	0.07288	0.42572	0.04311	0.05876	0.01136	0.00327	0.00552	0.01735	0.00824	0.00880
29	0.01148	0.00902	0.01049	0.01022	0.01260	0.00843	0.00772	0.01614	0.07465	0.02765	0.32892	0.10082	0.29392	0.01831	0.00957	0.00272	0.00434	0.03706	0.00821	0.00773
30	0.01914	0.01908	0.03514	0.20329	0.28329	0.01966	0.21836	0.05469	0.01911	0.02614	0.01563	0.02101	0.01222	0.00745	0.00855	0.00259	0.01118	0.00798	0.00415	0.01134
31	0.55150	0.01995	0.10978	0.06286	0.02215	0.01881	0.01337	0.07006	0.01630	0.03482	0.01262	0.01484	0.00953	0.00777	0.00587	0.00253	0.00764	0.00505	0.00492	0.00965
32	0.00999	0.00714	0.00951	0.01123	0.01179	0.00666	0.00754	0.01156	0.01602	0.02149	0.08496	0.66709	0.05516	0.02484	0.01031	0.00325	0.00465	0.02252	0.00762	0.00666
33	0.01650	0.04040	0.62403	0.02399	0.03569	0.01898	0.07717	0.02572	0.01729	0.02572	0.01471	0.01750	0.01044	0.00764	0.00785	0.00258	0.01212	0.00628	0.00348	0.01191
34	0.06709	0.01409	0.02463	0.20585	0.03279	0.01468	0.18254	0.01991	0.01845	0.02615	0.17126	0.10965	0.03265	0.01217	0.00900	0.00277	0.00883	0.03292	0.00567	0.00888
35	0.01894	0.38168	0.31028	0.06493	0.02935	0.02547	0.02135	0.02465	0.01674	0.02202	0.01290	0.01537	0.01038	0.00735	0.00648	0.00216	0.01024	0.00524	0.00346	0.01099
36	0.01039	0.00772	0.00968	0.01031	0.01173	0.00702	0.00731	0.01278	0.01873	0.02510	0.26821	0.35769	0.18084	0.02136	0.00993	0.00293	0.00428	0.01895	0.00802	0.00702
37	0.01650	0.01638	0.02943	0.48287	0.08312	0.01908	0.14185	0.02189	0.01664	0.02198	0.01458	0.02132	0.01120	0.00826	0.00974	0.00276	0.06142	0.00767	0.00372	0.00959
38	0.12493	0.21616	0.02784	0.01869	0.06554	0.13803	0.01471	0.22049	0.04788	0.03271	0.01518	0.01648	0.01198	0.00832	0.00677	0.00220	0.00944	0.00581	0.00548	0.01135
39	0.01204	0.00803	0.01025	0.01124	0.01275	0.00732	0.00813	0.01402	0.01724	0.06662	0.07426	0.45385	0.16908	0.02278	0.01011	0.00315	0.00499	0.07912	0.00775	0.00727
40	0.01854	0.02065	0.04359	0.12977	0.04357	0.02032	0.52239	0.02498	0.01847	0.02498	0.01591	0.02169	0.01203	0.00730	0.01001	0.00276	0.03930	0.00914	0.00401	0.01059
41	0.09584	0.05387	0.06584	0.01447	0.02005	0.01492	0.01266	0.06291	0.08210	0.31003	0.10683	0.02907	0.02517	0.01381	0.05324	0.00321	0.00797	0.00837	0.00794	0.01170
42	0.01802	0.03909	0.02434	0.11808	0.02654	0.09518	0.06114	0.02064	0.01475	0.01976	0.01411	0.02270	0.01334	0.08726	0.06431	0.00422	0.33642	0.00759	0.00386	0.00864
43	0.03080	0.02079	0.02278	0.01756	0.02379	0.02253	0.01447	0.52714	0.03512	0.13214	0.02149	0.02110	0.01498	0.00977	0.00800	0.00242	0.00840	0.00743	0.04579	0.01349
44	0.07512	0.06681	0.13855	0.01692	0.02169	0.06315	0.07161	0.06194	0.01820	0.02527	0.02764	0.31978	0.02959	0.01550	0.00866	0.00280	0.00827	0.01359	0.00579	0.00911
45	0.01841	0.02479	0.17639	0.02729	0.03416	0.02070	0.31408	0.05434	0.01807	0.02558	0.01616	0.04957	0.01338	0.00954	0.01275	0.00288	0.15830	0.00874	0.00419	0.01069
46	0.02413	0.01820	0.01997	0.01703	0.02207	0.02023	0.01382	0.26718	0.29975	0.07102	0.02911	0.03417	0.02325	0.01199	0.00859	0.00275	0.00755	0.08845	0.00819	0.01254
47	0.02075	0.13185	0.31856	0.01913	0.02770	0.02108	0.02088	0.07935	0.17297	0.07901	0.02032	0.02073	0.01487	0.00874	0.00754	0.00248	0.00951	0.00680	0.00550	0.01225
48	0.39214	0.17127	0.02222	0.01371	0.01958	0.02327	0.01184	0.20295	0.02150	0.03693	0.01368	0.01498	0.01060	0.00805	0.00597	0.00232	0.00757	0.00523	0.00559	0.01060
49	0.01977	0.01475	0.01726	0.01492	0.01838	0.01649	0.01167	0.25451	0.08163	0.03213	0.02247	0.03001	0.01953	0.12946	0.27146	0.00730	0.01345	0.00865	0.00623	0.00994
50	0.01115	0.00799	0.01075	0.01187	0.01312	0.00759	0.00894	0.01387	0.01855	0.02515	0.22953	0.36188	0.05884	0.02202	0.01033	0.00318	0.00512	0.16505	0.00794	0.00713
51	0.02182	0.01717	0.13466	0.01454	0.01992	0.01230	0.01361	0.06994	0.02256	0.23513	0.26790	0.03764	0.03924	0.01289	0.00963	0.03543	0.00680	0.01015	0.00799	0.01067
52	0.01808	0.02247	0.10976	0.02919	0.03600	0.02021	0.42204	0.02415	0.01805	0.02531	0.05852	0.02327	0.01613	0.00884	0.01226	0.00284	0.12903	0.00911	0.00426	0.01049
53	0.01030	0.00736	0.00989	0.01177	0.01242	0.00695	0.00825	0.01201	0.01594	0.02118	0.04450	0.62960	0.05277	0.02503	0.01047	0.00335	0.00507	0.09894	0.00752	0.00670
54	0.18917	0.29074	0.15649	0.06469	0.02480	0.02352	0.01630	0.06471	0.01714	0.02631	0.01287	0.01555	0.01047	0.00863	0.00748	0.04276	0.00888	0.00523	0.00414	0.01012
55	0.02027	0.52306	0.16719	0.01638	0.02373	0.02882	0.01744	0.02416	0.01626	0.02045	0.01188	0.01425	0.01041	0.00773	0.00757	0.00206	0.06936	0.00491	0.00347	0.01060
56	0.06882	0.01638	0.02299	0.37446	0.05807	0.07022	0.04919	0.02126	0.01668	0.02277	0.06132	0.02372	0.01628	0.01332	0.06243	0.00351	0.07772	0.00763	0.00423	0.00899
57	0.01035	0.00742	0.00983	0.01098	0.01187	0.00690	0.00757	0.01246	0.01768	0.02412	0.22205	0.52249	0.06027	0.02288	0.01013	0.00308	0.00445	0.02065	0.00794	0.00690
58	0.17330	0.02073	0.05600	0.06624	0.02542	0.02170	0.01524	0.39037	0.02912	0.04256	0.01907	0.02389	0.01497	0.01007	0.00773	0.00258	0.00860	0.05365	0.00688	0.01187
59	0.15239	0.06927	0.02079	0.01560	0.02102	0.02103	0.01292	0.29664	0.11920	0.06747	0.05464	0.02715	0.03483	0.01063	0.00767	0.00253	0.00756	0.03956	0.00735	0.01175

[dist]
# distance from previous block
# <min> <max>
0	5

[block]
# block no. 5 follows, 23 sequences, length 149
# corresponding to MSA columns:
# 219-367
name=unknown_F
#
# <colnr> <probs for GDERKNQSTAVLIFYWHMCP>
#	G	D	E	R	K	N	Q	S	T	A	V	L	I	F	Y	W	H	M	C	P
0	0.02992	0.01876	0.02032	0.01615	0.02204	0.06447	0.01309	0.23569	0.10486	0.27790	0.02794	0.02603	0.04614	0.01021	0.00805	0.00243	0.00789	0.00802	0.00839	0.05170
1	0.26330	0.01780	0.02553	0.08193	0.02818	0.03777	0.19593	0.06531	0.03774	0.02947	0.01650	0.06040	0.01397	0.01005	0.00973	0.03768	0.04629	0.00795	0.00492	0.00956
2	0.10380	0.01695	0.02418	0.48741	0.04633	0.05299	0.05432	0.07501	0.01835	0.02538	0.01452	0.02014	0.01091	0.00813	0.00780	0.00263	0.01049	0.00693	0.00421	0.00953
3	0.06852	0.03673	0.02249	0.02027	0.02461	0.61685	0.01531	0.06070	0.02324	0.02220	0.01281	0.01479	0.01053	0.00838	0.00724	0.00213	0.01393	0.00528	0.00441	0.00958
4	0.01601	0.01241	0.01361	0.01302	0.01532	0.04717	0.00959	0.14818	0.02189	0.02883	0.13797	0.34229	0.07650	0.01959	0.01083	0.04886	0.00612	0.01605	0.00746	0.00830
5	0.02476	0.01971	0.02093	0.01744	0.02284	0.02232	0.01395	0.29818	0.38704	0.04133	0.02721	0.02564	0.02006	0.01046	0.00820	0.00262	0.00750	0.00837	0.00820	0.01325
6	0.19546	0.01934	0.01928	0.01580	0.02063	0.06582	0.01284	0.28824	0.02663	0.07383	0.10719	0.02380	0.02135	0.01047	0.00902	0.00254	0.06207	0.00757	0.00700	0.01111
7	0.00989	0.00706	0.00942	0.01130	0.01177	0.00659	0.00753	0.01130	0.01554	0.02071	0.04472	0.70954	0.05367	0.02542	0.01036	0.00330	0.00471	0.02307	0.00753	0.00659
8	0.14722	0.05499	0.02198	0.05292	0.02365	0.04469	0.05055	0.29550	0.04312	0.03717	0.02385	0.02509	0.08255	0.01111	0.00894	0.04314	0.00839	0.00783	0.00644	0.01089
9	0.02786	0.07434	0.05771	0.01594	0.02173	0.07846	0.01365	0.14226	0.08967	0.26803	0.10166	0.02750	0.02409	0.01035	0.00800	0.00243	0.00798	0.00821	0.00795	0.01219
10	0.02114	0.22651	0.29079	0.02128	0.03036	0.02194	0.13122	0.02729	0.01816	0.11395	0.01640	0.01828	0.01205	0.00766	0.00740	0.00235	0.01064	0.00647	0.00449	0.01161
11	0.01084	0.00778	0.01032	0.01106	0.01229	0.00727	0.00798	0.01351	0.01913	0.02633	0.32358	0.37155	0.06356	0.02120	0.01006	0.00299	0.00450	0.06075	0.00816	0.00714
12	0.03385	0.01523	0.02013	0.01697	0.05724	0.01419	0.01306	0.09732	0.06695	0.53018	0.02992	0.02658	0.01938	0.00992	0.00816	0.00251	0.00722	0.00809	0.00940	0.01369
13	0.01664	0.01546	0.02543	0.43631	0.04421	0.01837	0.08609	0.06856	0.01782	0.02356	0.01772	0.09044	0.01551	0.01044	0.01030	0.00283	0.07750	0.00906	0.00440	0.00934
14	0.02708	0.01539	0.01825	0.01523	0.02044	0.01585	0.01217	0.06133	0.30791	0.31361	0.07643	0.03086	0.02598	0.01093	0.00830	0.00262	0.00654	0.00905	0.00908	0.01294
15	0.03005	0.01896	0.02239	0.01913	0.06822	0.01987	0.01457	0.36353	0.06326	0.21992	0.05757	0.02454	0.01940	0.01008	0.00821	0.00248	0.00801	0.00803	0.00841	0.01336
16	0.12471	0.01606	0.05234	0.14178	0.02600	0.01612	0.01391	0.08047	0.14252	0.12036	0.08733	0.03220	0.09062	0.01110	0.00799	0.00262	0.00732	0.00903	0.00690	0.01061
17	0.02188	0.01487	0.01729	0.01471	0.01802	0.01603	0.01129	0.32334	0.02501	0.03348	0.02095	0.11528	0.01933	0.01861	0.01703	0.28042	0.00767	0.00936	0.00636	0.00907
18	0.00982	0.00731	0.00915	0.01063	0.01159	0.00665	0.00723	0.01137	0.01618	0.02098	0.05290	0.57174	0.18619	0.02436	0.01019	0.00317	0.00458	0.02177	0.00753	0.00665
19	0.01687	0.01691	0.02846	0.33382	0.04075	0.02099	0.12296	0.02116	0.01530	0.02116	0.01335	0.02023	0.01100	0.01017	0.01526	0.00302	0.26808	0.00756	0.00367	0.00928
20	0.06392	0.35007	0.08203	0.01768	0.06715	0.07495	0.01517	0.07861	0.01932	0.09192	0.01566	0.01848	0.01295	0.05051	0.00850	0.00243	0.00912	0.00585	0.00482	0.01086
21	0.01857	0.02016	0.03826	0.02881	0.03359	0.02233	0.37697	0.02329	0.01634	0.02329	0.01401	0.02016	0.01162	0.00992	0.01670	0.00308	0.30041	0.00854	0.00387	0.01008
22	0.02261	0.64875	0.04059	0.01448	0.02127	0.06217	0.01405	0.05903	0.01801	0.02092	0.01180	0.01345	0.01060	0.00717	0.00547	0.00179	0.00897	0.00455	0.00376	0.01056
23	0.01983	0.01325	0.01574	0.01423	0.01763	0.01398	0.01093	0.09210	0.19796	0.13612	0.11792	0.22446	0.03749	0.01564	0.00958	0.00283	0.02811	0.01341	0.00827	0.01051
24	0.01309	0.00996	0.01603	0.06298	0.01956	0.00963	0.08701	0.01574	0.01669	0.05657	0.03825	0.49079	0.04316	0.02083	0.01005	0.00318	0.00659	0.06517	0.00696	0.00776
25	0.00998	0.00721	0.00945	0.01106	0.01175	0.00668	0.00747	0.01160	0.01622	0.02161	0.09024	0.62991	0.08772	0.02454	0.01026	0.00321	0.00461	0.02216	0.00763	0.00668
26	0.01667	0.01594	0.02697	0.43381	0.13982	0.01852	0.07803	0.02279	0.05056	0.02288	0.01686	0.02495	0.01367	0.00902	0.00938	0.00276	0.04759	0.03575	0.00414	0.00989
27	0.01928	0.18772	0.38832	0.02074	0.03032	0.02257	0.05601	0.08318	0.06861	0.02724	0.01583	0.01772	0.01188	0.00794	0.00733	0.00240	0.01063	0.00619	0.00428	0.01182
28	0.02346	0.01594	0.01805	0.01590	0.02067	0.01738	0.01264	0.04021	0.45217	0.18338	0.03357	0.03445	0.02538	0.01167	0.00847	0.00277	0.00662	0.05600	0.00862	0.01265
29	0.02874	0.01734	0.02012	0.01590	0.02139	0.01794	0.01293	0.34530	0.03052	0.22771	0.10922	0.06598	0.02617	0.01161	0.00845	0.00252	0.00743	0.00941	0.00875	0.01259
30	0.52383	0.12985	0.01778	0.04982	0.01868	0.01970	0.01045	0.03953	0.01504	0.03160	0.01350	0.05001	0.01178	0.00910	0.00643	0.02652	0.00694	0.00567	0.00486	0.00892
31	0.01923	0.02111	0.03694	0.13162	0.07854	0.07278	0.33494	0.02437	0.01766	0.02349	0.01462	0.02036	0.01165	0.00861	0.01239	0.00282	0.14644	0.00825	0.00392	0.01025
32	0.01140	0.00821	0.01087	0.01095	0.01262	0.00768	0.00828	0.01481	0.02121	0.02958	0.48364	0.17334	0.06919	0.01876	0.00990	0.00282	0.00441	0.08637	0.00852	0.00746
33	0.06613	0.28169	0.07984	0.01658	0.02283	0.13827	0.01508	0.16039	0.05230	0.02924	0.05377	0.01873	0.01573	0.00867	0.00680	0.00216	0.00948	0.00613	0.00525	0.01096
34	0.21828	0.01720	0.03656	0.07559	0.02334	0.06334	0.06953	0.07382	0.09381	0.03079	0.09161	0.12460	0.02576	0.01179	0.00787	0.00266	0.00784	0.00989	0.00614	0.00958
35	0.00999	0.00710	0.00939	0.01117	0.01161	0.00666	0.00739	0.01133	0.01534	0.02045	0.04370	0.67448	0.05238	0.06224	0.01201	0.00354	0.00488	0.02247	0.00739	0.00650
36	0.01690	0.01779	0.06473	0.44061	0.20936	0.01859	0.07155	0.02249	0.01708	0.02290	0.01480	0.02100	0.01142	0.00776	0.00818	0.00262	0.01081	0.00733	0.00374	0.01031
37	0.01794	0.22994	0.46336	0.02114	0.03152	0.02263	0.05803	0.02532	0.01706	0.02387	0.01375	0.01624	0.01043	0.00745	0.00711	0.00235	0.01116	0.00573	0.00348	0.01150
38	0.01857	0.01774	0.03021	0.25432	0.47148	0.01888	0.02415	0.02358	0.01776	0.02468	0.01500	0.02057	0.01221	0.00751	0.00806	0.00250	0.01001	0.00722	0.00389	0.01164
39	0.00997	0.00712	0.00949	0.01124	0.01179	0.00665	0.00754	0.01150	0.01592	0.02132	0.07639	0.67614	0.05485	0.02497	0.01032	0.00326	0.00466	0.02264	0.00760	0.00665
40	0.01894	0.37537	0.36275	0.01858	0.02809	0.02537	0.02206	0.02501	0.01681	0.02245	0.01295	0.01511	0.01034	0.00733	0.00648	0.00216	0.01036	0.00518	0.00345	0.01122
41	0.01815	0.17775	0.50993	0.02115	0.03169	0.05869	0.02595	0.02579	0.01733	0.02404	0.01379	0.01617	0.01032	0.00759	0.00719	0.00238	0.01148	0.00562	0.00348	0.01153
42	0.01179	0.00849	0.01127	0.01110	0.01301	0.00797	0.00868	0.01560	0.02216	0.03098	0.54320	0.06646	0.07091	0.01769	0.00988	0.00278	0.00452	0.12724	0.00866	0.00762
43	0.22296	0.09523	0.02331	0.01783	0.02297	0.28426	0.05714	0.06402	0.09183	0.02793	0.01509	0.01666	0.01196	0.00827	0.00682	0.00231	0.01052	0.00579	0.00501	0.01009
44	0.01445	0.00810	0.01321	0.01224	0.01282	0.00800	0.05145	0.01166	0.01118	0.01494	0.01426	0.02447	0.01397	0.02668	0.03015	0.71007	0.00752	0.00723	0.00356	0.00405
45	0.01900	0.01687	0.01713	0.01596	0.01999	0.05765	0.01258	0.03636	0.47382	0.03081	0.03674	0.04176	0.07215	0.01321	0.00873	0.00286	0.00691	0.09823	0.00784	0.01142
46	0.01117	0.00811	0.01053	0.01029	0.01202	0.00746	0.00758	0.01456	0.02168	0.03034	0.54468	0.15810	0.09692	0.01807	0.00969	0.00267	0.00397	0.01603	0.00867	0.00746
47	0.66064	0.01780	0.01553	0.01324	0.01845	0.06536	0.05835	0.02462	0.01488	0.03442	0.01179	0.01397	0.00918	0.00754	0.00554	0.00250	0.00745	0.00486	0.00489	0.00900
48	0.02983	0.01525	0.01870	0.01498	0.02053	0.01503	0.01219	0.14850	0.10762	0.38494	0.03273	0.03027	0.06487	0.01393	0.04903	0.00318	0.00792	0.00880	0.00893	0.01279
49	0.01099	0.00818	0.01022	0.00990	0.01187	0.00741	0.00735	0.01428	0.02151	0.02953	0.49854	0.11491	0.18924	0.01806	0.00964	0.00265	0.00395	0.01581	0.00855	0.00741
50	0.03031	0.03867	0.02299	0.02090	0.02508	0.68226	0.01568	0.03240	0.02299	0.01986	0.01254	0.01463	0.01045	0.00836	0.00732	0.00209	0.01463	0.00523	0.00418	0.00941
51	0.07084	0.01723	0.02388	0.09728	0.02484	0.02361	0.01766	0.01997	0.01296	0.02086	0.01113	0.01787	0.01054	0.01304	0.02299	0.00338	0.57246	0.00692	0.00366	0.00889
52	0.02251	0.01859	0.01966	0.01698	0.02199	0.02127	0.01341	0.17275	0.51613	0.03770	0.03007	0.02792	0.02238	0.01073	0.00823	0.00268	0.00697	0.00877	0.00823	0.01305
53	0.01134	0.00775	0.00924	0.00957	0.00993	0.00756	0.00586	0.01217	0.01413	0.01910	0.11564	0.19737	0.04115	0.46984	0.03025	0.00615	0.00663	0.01465	0.00603	0.00565
54	0.08484	0.01921	0.02055	0.01680	0.02226	0.02128	0.01371	0.36911	0.17052	0.06633	0.05239	0.02789	0.02088	0.01093	0.00816	0.00260	0.00777	0.04425	0.00797	0.01254
55	0.12680	0.03109	0.02195	0.01893	0.02389	0.40668	0.01471	0.20555	0.02617	0.03102	0.01438	0.01584	0.01120	0.00865	0.00725	0.00224	0.01190	0.00572	0.00542	0.01059
56	0.02120	0.64706	0.07401	0.01476	0.02159	0.03103	0.01492	0.02411	0.01630	0.01945	0.01142	0.01348	0.01042	0.00737	0.00649	0.00188	0.04604	0.00457	0.00347	0.01041
57	0.01045	0.00832	0.00942	0.00934	0.01175	0.00729	0.00714	0.01321	0.01997	0.02555	0.26791	0.07334	0.42683	0.01939	0.00970	0.00275	0.00426	0.05824	0.00799	0.00716
58	0.12693	0.08235	0.02403	0.01725	0.02342	0.05547	0.01435	0.45687	0.05173	0.04444	0.01781	0.01821	0.01304	0.00919	0.00743	0.00238	0.00875	0.00663	0.00713	0.01261
59	0.01103	0.00868	0.00995	0.00985	0.01209	0.00795	0.00734	0.01475	0.05350	0.02595	0.26999	0.11863	0.33515	0.04455	0.01079	0.00294	0.00444	0.03710	0.00795	0.00738
60	0.01795	0.01833	0.02807	0.02311	0.02425	0.02425	0.10403	0.02043	0.01337	0.02043	0.01146	0.01833	0.01088	0.01317	0.02424	0.00344	0.60401	0.00745	0.00363	0.00917
61	0.01769	0.01791	0.02672	0.20186	0.05258	0.04354	0.06755	0.02094	0.01449	0.02059	0.01231	0.01908	0.01089	0.01160	0.01918	0.00318	0.41976	0.00727	0.00364	0.00922
62	0.01201	0.00828	0.01049	0.01155	0.01284	0.00789	0.00803	0.01518	0.06129	0.05559	0.06870	0.55313	0.09834	0.02291	0.01001	0.00315	0.00486	0.02054	0.00776	0.00746
63	0.02033	0.02013	0.03223	0.04562	0.56239	0.05895	0.05661	0.02504	0.01879	0.02598	0.01643	0.02313	0.01423	0.00798	0.00822	0.00247	0.01006	0.03491	0.00419	0.01229
64	0.01040	0.00875	0.00914	0.00923	0.01198	0.00770	0.00712	0.01358	0.04751	0.02269	0.07626	0.07715	0.57403	0.02029	0.00968	0.00283	0.00453	0.07238	0.00756	0.00718
65	0.01793	0.02258	0.12695	0.04871	0.09652	0.01994	0.33180	0.02382	0.01722	0.02431	0.01553	0.02120	0.01241	0.01239	0.06448	0.00361	0.11773	0.00834	0.00392	0.01062
66	0.02066	0.54849	0.09004	0.01642	0.02344	0.04752	0.06827	0.02409	0.01690	0.02031	0.01382	0.05162	0.01289	0.00803	0.00612	0.00198	0.00933	0.00595	0.00376	0.01035
67	0.00989	0.00706	0.00942	0.01130	0.01177	0.00659	0.00753	0.01130	0.01554	0.02071	0.04472	0.70954	0.05367	0.02542	0.01036	0.00330	0.00471	0.02307	0.00753	0.00659
68	0.01915	0.02189	0.04788	0.03420	0.04241	0.02052	0.63475	0.02599	0.01915	0.02599	0.01642	0.02189	0.01231	0.00684	0.00958	0.00274	0.01368	0.00958	0.00410	0.01094
69	0.09103	0.01168	0.06172	0.01041	0.01380	0.00929	0.00888	0.01544	0.01961	0.02781	0.29110	0.05978	0.31713	0.01665	0.00895	0.00263	0.00485	0.01397	0.00748	0.00777
70	0.01866	0.02079	0.04438	0.03404	0.08930	0.01958	0.54904	0.02502	0.01888	0.02571	0.01804	0.06330	0.01485	0.00799	0.00950	0.00274	0.01282	0.01021	0.00430	0.01083
71	0.00985	0.00807	0.00869	0.00888	0.01121	0.00691	0.00653	0.01201	0.01859	0.02296	0.14272	0.16440	0.50949	0.02078	0.00970	0.00280	0.00416	0.01768	0.00769	0.00691
72	0.17487	0.01816	0.01901	0.01537	0.02024	0.02023	0.01242	0.36301	0.02836	0.04195	0.10232	0.02595	0.02205	0.06026	0.01079	0.00290	0.03577	0.00800	0.00719	0.01116
73	0.03031	0.03867	0.02299	0.02090	0.02508	0.68226	0.01568	0.03240	0.02299	0.01986	0.01254	0.01463	0.01045	0.00836	0.00732	0.00209	0.01463	0.00523	0.00418	0.00941
74	0.01181	0.00852	0.01003	0.00951	0.01200	0.00749	0.00718	0.01480	0.02095	0.05801	0.36811	0.06697	0.33887	0.01807	0.00951	0.00264	0.00410	0.01548	0.00835	0.00758
75	0.02176	0.01822	0.01924	0.01683	0.02170	0.02092	0.01323	0.13122	0.55888	0.03649	0.03102	0.02867	0.02314	0.01082	0.00824	0.00271	0.00679	0.00890	0.00824	0.01299
76	0.01744	0.06048	0.38354	0.02508	0.03385	0.02084	0.17204	0.02463	0.01676	0.02441	0.01418	0.01821	0.01084	0.00861	0.01138	0.00275	0.13322	0.00698	0.00361	0.01113
77	0.02137	0.67876	0.08061	0.01444	0.02169	0.03131	0.01486	0.02438	0.01653	0.01949	0.01148	0.01326	0.01040	0.00699	0.00536	0.00179	0.00888	0.00444	0.00347	0.01051
78	0.02427	0.01695	0.01879	0.01619	0.02124	0.01869	0.01279	0.07565	0.48052	0.17173	0.03205	0.02910	0.02315	0.01073	0.00823	0.00268	0.00667	0.00885	0.00863	0.01310
79	0.06422	0.01755	0.02230	0.16462	0.02999	0.01954	0.05275	0.29070	0.05970	0.03610	0.02282	0.11324	0.02006	0.01178	0.00847	0.00270	0.00873	0.03708	0.00662	0.01103
80	0.08410	0.01954	0.02040	0.01680	0.02198	0.04043	0.01353	0.37214	0.14395	0.04133	0.02267	0.05881	0.01804	0.01531	0.07023	0.00351	0.00938	0.00833	0.00741	0.01211
81	0.01214	0.00909	0.01164	0.01298	0.01457	0.00908	0.01005	0.01677	0.08487	0.02353	0.04547	0.36426	0.09096	0.02242	0.01039	0.00336	0.00587	0.23734	0.00759	0.00760
82	0.01560	0.01193	0.01961	0.27132	0.14229	0.01327	0.01593	0.01686	0.01406	0.01874	0.01442	0.02274	0.01266	0.01706	0.01880	0.34784	0.00890	0.00714	0.00364	0.00720
