[name]
unknown

[dist]
# distance from previous block
# <min> <max>
0	2

[block]
# block no. 0 follows, 26 sequences, length 8
# corresponding to MSA columns:
# 2-9
name=unknown_A
#
# <colnr> <probs for GDERKNQSTAVLIFYWHMCP>
#	G	D	E	R	K	N	Q	S	T	A	V	L	I	F	Y	W	H	M	C	P
0	0.01222	0.00873	0.01222	0.01397	0.01572	0.00873	0.01222	0.01572	0.01746	0.02270	0.04016	0.08556	0.04365	0.02095	0.01048	0.00349	0.00698	0.63506	0.00698	0.00698
1	0.00990	0.00772	0.00898	0.00866	0.01082	0.00680	0.00650	0.01269	0.01949	0.02572	0.39572	0.06439	0.36089	0.01726	0.00895	0.00247	0.00370	0.01480	0.00773	0.00680
2	0.78701	0.01467	0.01115	0.00997	0.01467	0.01702	0.00821	0.02230	0.01291	0.03403	0.01056	0.01232	0.00821	0.00704	0.00469	0.00235	0.00587	0.00411	0.00469	0.00821
3	0.01087	0.00728	0.00832	0.00848	0.00852	0.00724	0.00482	0.01099	0.01135	0.01513	0.02553	0.11161	0.02964	0.66864	0.03597	0.00696	0.00708	0.01199	0.00482	0.00474
4	0.69555	0.01546	0.01255	0.01088	0.01574	0.01780	0.00896	0.09932	0.01565	0.03569	0.01148	0.01303	0.00878	0.00729	0.00504	0.00234	0.00617	0.00444	0.00504	0.00878
5	0.03403	0.01291	0.01760	0.01350	0.01936	0.01115	0.01115	0.03697	0.02171	0.69137	0.02992	0.02582	0.01878	0.00939	0.00763	0.00235	0.00645	0.00763	0.00939	0.01291
6	0.02655	0.03353	0.02022	0.01845	0.02223	0.63886	0.01384	0.02850	0.02111	0.01874	0.01772	0.01914	0.07174	0.00887	0.00703	0.00201	0.01277	0.00591	0.00420	0.00857
7	0.01432	0.01348	0.02275	0.71520	0.05224	0.01685	0.02107	0.01938	0.01517	0.01938	0.01348	0.02022	0.01011	0.00758	0.00758	0.00253	0.01011	0.00674	0.00337	0.00843

[dist]
# distance from previous block
# <min> <max>
0	3

[block]
# block no. 1 follows, 26 sequences, length 183
# corresponding to MSA columns:
# 13-195
name=unknown_B
#
# <colnr> <probs for GDERKNQSTAVLIFYWHMCP>
#	G	D	E	R	K	N	Q	S	T	A	V	L	I	F	Y	W	H	M	C	P
0	0.01432	0.01348	0.02275	0.71520	0.05224	0.01685	0.02107	0.01938	0.01517	0.01938	0.01348	0.02022	0.01011	0.00758	0.00758	0.00253	0.01011	0.00674	0.00337	0.00843
1	0.00957	0.00688	0.00912	0.01064	0.01135	0.00644	0.00739	0.01124	0.01537	0.02050	0.09235	0.60669	0.07287	0.02276	0.00966	0.00304	0.00451	0.06617	0.00714	0.00631
2	0.01573	0.01348	0.01573	0.01123	0.01798	0.01011	0.00899	0.01910	0.01573	0.02472	0.01348	0.01573	0.01123	0.00562	0.00562	0.00112	0.00562	0.00449	0.00449	0.77980
3	0.02883	0.02125	0.02276	0.01745	0.02352	0.02352	0.01442	0.66082	0.03566	0.04780	0.01821	0.01821	0.01290	0.00911	0.00759	0.00228	0.00835	0.00683	0.00759	0.01290
4	0.01081	0.00734	0.00826	0.00835	0.00853	0.00724	0.00479	0.01100	0.01159	0.01530	0.02806	0.08461	0.06928	0.65415	0.03534	0.00685	0.00699	0.01186	0.00487	0.00479
5	0.00931	0.00770	0.00817	0.00805	0.01046	0.00655	0.00604	0.01156	0.01811	0.02244	0.19560	0.06979	0.56307	0.01848	0.00896	0.00253	0.00379	0.01556	0.00730	0.00655
6	0.00983	0.00711	0.00917	0.01036	0.01115	0.00653	0.00690	0.01114	0.01423	0.01921	0.03817	0.61304	0.04538	0.09718	0.01247	0.00341	0.00479	0.01940	0.00663	0.05390
7	0.00948	0.00770	0.00840	0.00823	0.01056	0.00662	0.00617	0.01189	0.01851	0.02339	0.25340	0.06823	0.50467	0.01813	0.00896	0.00251	0.00377	0.01534	0.00742	0.00662
8	0.07944	0.00998	0.01200	0.01038	0.01297	0.00949	0.00739	0.02157	0.01553	0.26575	0.05181	0.03828	0.02463	0.38180	0.02339	0.00492	0.00675	0.00935	0.00652	0.00804
9	0.00947	0.00677	0.00907	0.01082	0.01137	0.00636	0.00744	0.01096	0.01475	0.01962	0.04168	0.67880	0.04966	0.02355	0.00974	0.00311	0.00460	0.06897	0.00704	0.00622
10	0.01223	0.00891	0.01206	0.01359	0.01531	0.00901	0.01149	0.01655	0.05841	0.02281	0.03980	0.17113	0.04326	0.02067	0.01019	0.00338	0.00656	0.51039	0.00704	0.00719
11	0.01269	0.00815	0.01073	0.00993	0.01201	0.00746	0.00750	0.01612	0.02120	0.08718	0.59842	0.08255	0.06609	0.01533	0.00886	0.00241	0.00386	0.01352	0.00838	0.00761
12	0.00973	0.00766	0.00878	0.00861	0.01074	0.00671	0.00642	0.01233	0.01894	0.02466	0.33297	0.09750	0.39221	0.01785	0.00899	0.00251	0.00376	0.01530	0.00760	0.00671
13	0.00899	0.00760	0.00777	0.00791	0.01030	0.00638	0.00586	0.01086	0.01708	0.02040	0.07413	0.12365	0.63413	0.01956	0.00902	0.00260	0.00389	0.01644	0.00704	0.00638
14	0.13360	0.01082	0.01313	0.01136	0.01519	0.01011	0.00893	0.02448	0.01886	0.31695	0.14709	0.14886	0.08301	0.01325	0.00787	0.00249	0.00532	0.01113	0.00795	0.00960
15	0.00956	0.00762	0.00857	0.00851	0.01066	0.00663	0.00632	0.01198	0.01844	0.02364	0.27129	0.11833	0.43495	0.01836	0.00901	0.00254	0.00380	0.01569	0.00747	0.00663
16	0.00924	0.00660	0.00880	0.01056	0.01100	0.00616	0.00704	0.01056	0.01452	0.01936	0.04181	0.72848	0.05017	0.02376	0.00968	0.00308	0.00440	0.02156	0.00704	0.00616
17	0.02974	0.01979	0.02186	0.01676	0.02280	0.02136	0.01385	0.55194	0.03323	0.16012	0.02026	0.01954	0.01392	0.00915	0.00759	0.00229	0.00802	0.00697	0.00790	0.01290
18	0.01100	0.00746	0.00882	0.00882	0.00901	0.00765	0.00528	0.01138	0.01119	0.01511	0.02340	0.04688	0.02638	0.63926	0.13114	0.00803	0.00916	0.01063	0.00452	0.00490
19	0.02833	0.03615	0.02149	0.01954	0.02345	0.70298	0.01466	0.03029	0.02149	0.01856	0.01172	0.01368	0.00977	0.00782	0.00684	0.00195	0.01368	0.00489	0.00391	0.00879
20	0.01084	0.00813	0.01219	0.01219	0.01354	0.00948	0.00948	0.01354	0.01219	0.01761	0.02032	0.02980	0.01896	0.05689	0.70337	0.01219	0.02032	0.00813	0.00406	0.00677
21	0.01310	0.00664	0.00996	0.00996	0.01000	0.00668	0.00668	0.01000	0.00996	0.01332	0.01341	0.02327	0.01336	0.02733	0.05132	0.75463	0.00703	0.00664	0.00332	0.00341
22	0.02224	0.01678	0.01850	0.04274	0.02168	0.01887	0.01273	0.15936	0.45434	0.10455	0.02764	0.02577	0.02020	0.00986	0.00768	0.00249	0.00666	0.00807	0.00770	0.01214
23	0.01074	0.00775	0.01014	0.00954	0.01133	0.00716	0.00716	0.01431	0.02147	0.03042	0.68211	0.05666	0.07157	0.01551	0.00895	0.00239	0.00358	0.01372	0.00835	0.00716
24	0.02788	0.02077	0.02223	0.01726	0.02316	0.02308	0.01419	0.60140	0.09664	0.04626	0.01942	0.01918	0.01388	0.00922	0.00760	0.00230	0.00812	0.00700	0.00760	0.01281
25	0.02655	0.02999	0.02303	0.01966	0.02429	0.44940	0.06407	0.14559	0.09726	0.02581	0.01534	0.01668	0.01198	0.00822	0.00724	0.00213	0.01177	0.00597	0.00500	0.01001
26	0.01822	0.01938	0.08155	0.08608	0.59634	0.01792	0.02351	0.02309	0.01704	0.02439	0.01417	0.01865	0.01171	0.00684	0.00749	0.00228	0.00925	0.00667	0.00369	0.01173
27	0.01674	0.01702	0.02558	0.02123	0.02207	0.02279	0.08672	0.01891	0.01230	0.01891	0.01055	0.01702	0.01013	0.01252	0.02315	0.00324	0.64235	0.00689	0.00338	0.00851
28	0.61998	0.01509	0.01485	0.04210	0.01868	0.01705	0.05935	0.02396	0.05240	0.05848	0.01301	0.01476	0.00984	0.00730	0.00544	0.00238	0.00661	0.00499	0.00493	0.00879
29	0.01448	0.01370	0.02278	0.66618	0.04996	0.01730	0.02075	0.01930	0.01492	0.01930	0.01323	0.01997	0.01010	0.00798	0.00880	0.00258	0.06013	0.00673	0.00337	0.00842
30	0.01116	0.00709	0.00948	0.01079	0.01165	0.00655	0.00736	0.01260	0.01508	0.07129	0.04089	0.67418	0.04774	0.02265	0.00952	0.00302	0.00456	0.02049	0.00722	0.00668
31	0.00922	0.00668	0.00871	0.01034	0.01094	0.00618	0.00694	0.01059	0.01474	0.01945	0.04451	0.67783	0.09907	0.02341	0.00963	0.00304	0.00436	0.02113	0.00704	0.00618
32	0.02028	0.73799	0.03975	0.01298	0.01947	0.03001	0.01298	0.02271	0.01541	0.01785	0.01055	0.01217	0.00973	0.00649	0.00487	0.00162	0.00811	0.00406	0.00324	0.00973
33	0.01521	0.03923	0.69413	0.02162	0.03283	0.01762	0.02802	0.02402	0.01601	0.02402	0.01361	0.01601	0.00961	0.00721	0.00721	0.00240	0.01121	0.00560	0.00320	0.01121
34	0.00930	0.00665	0.00885	0.01052	0.01101	0.00620	0.00705	0.01071	0.01479	0.01979	0.06662	0.70245	0.05100	0.02344	0.00965	0.00305	0.00437	0.02126	0.00709	0.00620
35	0.02789	0.01149	0.01557	0.01255	0.01726	0.01004	0.01011	0.03082	0.02113	0.51939	0.15116	0.08381	0.03085	0.01159	0.00802	0.00241	0.00577	0.00979	0.00902	0.01134
36	0.01521	0.03923	0.69413	0.02162	0.03283	0.01762	0.02802	0.02402	0.01601	0.02402	0.01361	0.01601	0.00961	0.00721	0.00721	0.00240	0.01121	0.00560	0.00320	0.01121
37	0.01266	0.00825	0.01059	0.00984	0.01209	0.00748	0.00755	0.01597	0.02080	0.08819	0.52151	0.05712	0.14247	0.01564	0.00889	0.00245	0.00401	0.03869	0.00822	0.00757
38	0.01773	0.01994	0.04187	0.03035	0.03699	0.01973	0.57236	0.02349	0.01706	0.02349	0.01462	0.01994	0.01130	0.00732	0.01109	0.00266	0.10769	0.00864	0.00377	0.00997
39	0.02202	0.01638	0.01783	0.01539	0.02009	0.01833	0.01215	0.10795	0.51411	0.12313	0.02935	0.02685	0.02143	0.01004	0.00769	0.00251	0.00632	0.00826	0.00793	0.01223
40	0.01776	0.02019	0.04391	0.05834	0.04013	0.01909	0.63396	0.02411	0.01780	0.02411	0.01527	0.02045	0.01146	0.00644	0.00890	0.00256	0.01268	0.00887	0.00382	0.01016
41	0.01087	0.00784	0.01033	0.00994	0.01173	0.00730	0.00762	0.01444	0.02111	0.02972	0.62401	0.05927	0.06904	0.01600	0.00908	0.00249	0.00389	0.06996	0.00823	0.00714
42	0.01869	0.01824	0.03205	0.04524	0.62760	0.01813	0.08078	0.02337	0.01733	0.02474	0.01437	0.01893	0.01197	0.00673	0.00764	0.00228	0.00935	0.00696	0.00376	0.01185
43	0.01432	0.01348	0.02275	0.71520	0.05224	0.01685	0.02107	0.01938	0.01517	0.01938	0.01348	0.02022	0.01011	0.00758	0.00758	0.00253	0.01011	0.00674	0.00337	0.00843
44	0.02051	0.01711	0.01807	0.01577	0.02035	0.01963	0.01240	0.14240	0.56765	0.03437	0.02879	0.02664	0.02147	0.01010	0.00770	0.00252	0.00639	0.00829	0.00770	0.01215
45	0.02008	0.71092	0.06510	0.01331	0.01999	0.02953	0.01356	0.02276	0.01544	0.01808	0.01066	0.01232	0.00973	0.00652	0.00496	0.00165	0.00823	0.00412	0.00324	0.00979
46	0.03403	0.01291	0.01760	0.01350	0.01936	0.01115	0.01115	0.03697	0.02171	0.69137	0.02992	0.02582	0.01878	0.00939	0.00763	0.00235	0.00645	0.00763	0.00939	0.01291
47	0.03403	0.01291	0.01760	0.01350	0.01936	0.01115	0.01115	0.03697	0.02171	0.69137	0.02992	0.02582	0.01878	0.00939	0.00763	0.00235	0.00645	0.00763	0.00939	0.01291
48	0.01432	0.01348	0.02275	0.71520	0.05224	0.01685	0.02107	0.01938	0.01517	0.01938	0.01348	0.02022	0.01011	0.00758	0.00758	0.00253	0.01011	0.00674	0.00337	0.00843
49	0.02804	0.02144	0.02228	0.01738	0.02323	0.04949	0.01424	0.58844	0.08432	0.04543	0.01894	0.01881	0.01357	0.00915	0.00757	0.00229	0.00837	0.00689	0.00746	0.01267
50	0.01432	0.01348	0.02275	0.71520	0.05224	0.01685	0.02107	0.01938	0.01517	0.01938	0.01348	0.02022	0.01011	0.00758	0.00758	0.00253	0.01011	0.00674	0.00337	0.00843
51	0.00924	0.00660	0.00880	0.01056	0.01100	0.00616	0.00704	0.01056	0.01452	0.01936	0.04181	0.72848	0.05017	0.02376	0.00968	0.00308	0.00440	0.02156	0.00704	0.00616
52	0.01521	0.03923	0.69413	0.02162	0.03283	0.01762	0.02802	0.02402	0.01601	0.02402	0.01361	0.01601	0.00961	0.00721	0.00721	0.00240	0.01121	0.00560	0.00320	0.01121
53	0.01877	0.01802	0.03079	0.04656	0.68612	0.01802	0.02328	0.02328	0.01727	0.02478	0.01427	0.01877	0.01201	0.00676	0.00751	0.00225	0.00901	0.00676	0.00375	0.01201
54	0.01432	0.01348	0.02275	0.71520	0.05224	0.01685	0.02107	0.01938	0.01517	0.01938	0.01348	0.02022	0.01011	0.00758	0.00758	0.00253	0.01011	0.00674	0.00337	0.00843
55	0.02833	0.03615	0.02149	0.01954	0.02345	0.70298	0.01466	0.03029	0.02149	0.01856	0.01172	0.01368	0.00977	0.00782	0.00684	0.00195	0.01368	0.00489	0.00391	0.00879
56	0.02802	0.02084	0.02231	0.01729	0.02321	0.02314	0.01422	0.61040	0.08740	0.04650	0.01924	0.01903	0.01373	0.00920	0.00760	0.00230	0.00816	0.00697	0.00760	0.01283
57	0.01521	0.03923	0.69413	0.02162	0.03283	0.01762	0.02802	0.02402	0.01601	0.02402	0.01361	0.01601	0.00961	0.00721	0.00721	0.00240	0.01121	0.00560	0.00320	0.01121
58	0.00924	0.00660	0.00880	0.01056	0.01100	0.00616	0.00704	0.01056	0.01452	0.01936	0.04181	0.72848	0.05017	0.02376	0.00968	0.00308	0.00440	0.02156	0.00704	0.00616
59	0.01171	0.00857	0.01151	0.01298	0.01486	0.00837	0.01121	0.01496	0.01743	0.02235	0.04591	0.08359	0.14392	0.02068	0.01024	0.00335	0.00649	0.53799	0.00699	0.00689
60	0.01406	0.00844	0.01125	0.01072	0.01291	0.00776	0.00825	0.01722	0.02012	0.12391	0.43148	0.14872	0.05802	0.01634	0.00902	0.00259	0.00447	0.07872	0.00818	0.00783
61	0.01790	0.02046	0.04476	0.03197	0.03964	0.01918	0.65857	0.02430	0.01790	0.02430	0.01535	0.02046	0.01151	0.00639	0.00895	0.00256	0.01279	0.00895	0.00384	0.01023
62	0.01074	0.00775	0.01014	0.00954	0.01133	0.00716	0.00716	0.01431	0.02147	0.03042	0.68211	0.05666	0.07157	0.01551	0.00895	0.00239	0.00358	0.01372	0.00835	0.00716
63	0.02010	0.71322	0.06295	0.01328	0.01994	0.02957	0.01351	0.02276	0.01543	0.01806	0.01065	0.01230	0.00973	0.00651	0.00495	0.00165	0.00822	0.00411	0.00324	0.00979
64	0.02006	0.01646	0.01751	0.01548	0.01994	0.01885	0.01212	0.07753	0.60872	0.05841	0.03007	0.02760	0.02237	0.01018	0.00771	0.00255	0.00616	0.00843	0.00778	0.01209
65	0.01636	0.01625	0.02278	0.01960	0.01966	0.02267	0.01631	0.01806	0.01164	0.01823	0.01038	0.01713	0.01032	0.01505	0.05244	0.00368	0.69115	0.00670	0.00335	0.00824
66	0.01520	0.01437	0.02433	0.58369	0.17691	0.01708	0.02150	0.02015	0.01558	0.02044	0.01364	0.01994	0.01049	0.00742	0.00757	0.00247	0.00989	0.00674	0.00345	0.00913
67	0.01818	0.01741	0.02971	0.13634	0.60100	0.01786	0.02298	0.02276	0.01699	0.02406	0.01416	0.01897	0.01176	0.00687	0.00752	0.00229	0.00916	0.00676	0.00370	0.01153
68	0.01790	0.02046	0.04476	0.03197	0.03964	0.01918	0.65857	0.02430	0.01790	0.02430	0.01535	0.02046	0.01151	0.00639	0.00895	0.00256	0.01279	0.00895	0.00384	0.01023
69	0.00909	0.00759	0.00792	0.00804	0.01037	0.00643	0.00595	0.01105	0.01729	0.02096	0.10831	0.12883	0.59338	0.01939	0.00903	0.00260	0.00388	0.01636	0.00712	0.00643
70	0.02044	0.68276	0.06277	0.01357	0.02012	0.05816	0.01360	0.02308	0.01569	0.01810	0.01071	0.01237	0.00973	0.00657	0.00504	0.00166	0.00846	0.00415	0.00327	0.00975
71	0.01759	0.01982	0.04280	0.03169	0.06346	0.01862	0.60832	0.02371	0.01774	0.02412	0.01635	0.04836	0.01306	0.00709	0.00892	0.00257	0.01231	0.00936	0.00396	0.01014
72	0.01793	0.01717	0.02927	0.17254	0.56668	0.01780	0.02286	0.02254	0.01687	0.02376	0.01412	0.01905	0.01166	0.00691	0.00752	0.00230	0.00922	0.00675	0.00368	0.01134
73	0.01935	0.60918	0.16038	0.01457	0.02193	0.02773	0.01575	0.02295	0.01552	0.01898	0.01111	0.01288	0.00971	0.00662	0.00530	0.00177	0.00868	0.00434	0.00324	0.01001
74	0.61532	0.01448	0.01243	0.03792	0.01656	0.01662	0.00914	0.05867	0.04305	0.03384	0.06896	0.01740	0.01457	0.00804	0.00546	0.00236	0.00598	0.00537	0.00525	0.00856
75	0.02028	0.73799	0.03975	0.01298	0.01947	0.03001	0.01298	0.02271	0.01541	0.01785	0.01055	0.01217	0.00973	0.00649	0.00487	0.00162	0.00811	0.00406	0.00324	0.00973
76	0.01220	0.01018	0.01271	0.01239	0.01380	0.05472	0.00948	0.01471	0.01367	0.01884	0.09004	0.03259	0.02426	0.09858	0.50780	0.00977	0.04422	0.00867	0.00452	0.00684
77	0.06519	0.02098	0.02138	0.01674	0.02237	0.06098	0.01370	0.55544	0.03290	0.04444	0.05638	0.01992	0.01593	0.00931	0.00748	0.00227	0.00825	0.00699	0.00728	0.01210
78	0.01598	0.00989	0.01381	0.01239	0.01527	0.00932	0.04016	0.02047	0.05851	0.15061	0.36080	0.09280	0.05080	0.01491	0.00889	0.00260	0.00523	0.10097	0.00801	0.00857
79	0.00947	0.00681	0.00904	0.01073	0.01136	0.00638	0.00741	0.01099	0.01486	0.01967	0.04295	0.65250	0.07266	0.02337	0.00972	0.00309	0.00459	0.07112	0.00704	0.00624
80	0.01532	0.03849	0.66849	0.02203	0.03310	0.01768	0.05293	0.02403	0.01609	0.02403	0.01368	0.01619	0.00968	0.00717	0.00728	0.00241	0.01127	0.00574	0.00323	0.01117
81	0.51976	0.10990	0.01708	0.01188	0.01701	0.04627	0.01003	0.10358	0.01693	0.07053	0.01267	0.01386	0.00966	0.00739	0.00533	0.00223	0.00681	0.00467	0.00511	0.00929
82	0.01858	0.01783	0.03045	0.07497	0.65918	0.01797	0.02318	0.02311	0.01718	0.02455	0.01423	0.01883	0.01193	0.00679	0.00751	0.00226	0.00906	0.00676	0.00374	0.01186
83	0.00923	0.00663	0.00877	0.01048	0.01098	0.00617	0.00700	0.01057	0.01460	0.01940	0.04285	0.70894	0.06904	0.02363	0.00966	0.00306	0.00438	0.02140	0.00704	0.00617
84	0.01794	0.02034	0.04409	0.03267	0.07067	0.01913	0.62807	0.02425	0.01787	0.02432	0.01529	0.02038	0.01153	0.00641	0.00888	0.00254	0.01261	0.00885	0.00383	0.01032
85	0.07463	0.01309	0.01688	0.01330	0.01879	0.01199	0.01089	0.03546	0.07855	0.56767	0.05662	0.02658	0.02080	0.00959	0.00752	0.00237	0.00626	0.00777	0.00893	0.01232
86	0.01475	0.01422	0.02510	0.54742	0.09065	0.01658	0.09674	0.01971	0.01560	0.02033	0.01542	0.06167	0.01275	0.00833	0.00787	0.00255	0.01002	0.00788	0.00367	0.00875
87	0.01741	0.34177	0.41081	0.01788	0.02704	0.02298	0.02151	0.02345	0.01575	0.02135	0.01228	0.01435	0.00966	0.00690	0.00619	0.00206	0.00987	0.00493	0.00322	0.01057
88	0.14275	0.01419	0.04449	0.01304	0.01825	0.01288	0.01105	0.06746	0.05972	0.38413	0.12633	0.02781	0.02485	0.00992	0.00737	0.00236	0.00621	0.00796	0.00805	0.01118
89	0.01276	0.00969	0.01588	0.01463	0.01665	0.00926	0.11519	0.01504	0.01551	0.06988	0.03548	0.53542	0.04010	0.01948	0.00993	0.00295	0.03026	0.01794	0.00656	0.00740
90	0.01197	0.00892	0.00983	0.00927	0.01156	0.02949	0.00691	0.01457	0.01914	0.06378	0.33664	0.05961	0.31025	0.06180	0.01068	0.00275	0.00442	0.01383	0.00750	0.00708
91	0.01817	0.01741	0.02970	0.13664	0.60071	0.01786	0.02298	0.02275	0.01699	0.02405	0.01416	0.01897	0.01176	0.00687	0.00752	0.00229	0.00916	0.00676	0.00370	0.01153
92	0.01940	0.01775	0.02971	0.04399	0.63272	0.01778	0.02234	0.02451	0.04332	0.05212	0.01556	0.01944	0.01273	0.00700	0.00752	0.00227	0.00879	0.00687	0.00414	0.01205
93	0.01414	0.00707	0.00707	0.00707	0.00884	0.00707	0.00530	0.01767	0.01591	0.02828	0.02474	0.02828	0.01944	0.00884	0.00530	0.00177	0.00353	0.00707	0.77554	0.00707
94	0.02327	0.01668	0.01830	0.01550	0.02039	0.01848	0.01232	0.15809	0.44360	0.14365	0.02830	0.02597	0.02048	0.00992	0.00768	0.00248	0.00652	0.00809	0.00797	0.01233
95	0.02028	0.73799	0.03975	0.01298	0.01947	0.03001	0.01298	0.02271	0.01541	0.01785	0.01055	0.01217	0.00973	0.00649	0.00487	0.00162	0.00811	0.00406	0.00324	0.00973
96	0.01610	0.16177	0.57938	0.02010	0.03049	0.01979	0.02539	0.02379	0.01591	0.02294	0.01307	0.01534	0.00963	0.00708	0.00680	0.00227	0.01067	0.00533	0.00321	0.01095
97	0.01863	0.01888	0.05772	0.04554	0.65959	0.01801	0.02347	0.02331	0.01722	0.02475	0.01424	0.01866	0.01192	0.00678	0.00750	0.00226	0.00910	0.00671	0.00373	0.01198
98	0.01560	0.01300	0.01367	0.01413	0.01655	0.10439	0.01176	0.01986	0.05701	0.05545	0.10060	0.06615	0.06207	0.01737	0.00947	0.00303	0.00737	0.39784	0.00686	0.00781
99	0.01843	0.01767	0.03017	0.09822	0.63713	0.01793	0.02311	0.02298	0.01711	0.02436	0.01421	0.01888	0.01187	0.00682	0.00751	0.00227	0.00910	0.00676	0.00372	0.01174
100	0.00956	0.00688	0.00909	0.01045	0.01120	0.00641	0.00721	0.01131	0.01572	0.02111	0.13450	0.58530	0.07450	0.02232	0.00958	0.00298	0.00436	0.04393	0.00723	0.00634
101	0.01779	0.02126	0.07235	0.03153	0.03935	0.01912	0.63178	0.02428	0.01782	0.02428	0.01527	0.02027	0.01143	0.00643	0.00888	0.00255	0.01272	0.00881	0.00381	0.01027
102	0.26239	0.08806	0.02025	0.05488	0.02188	0.17050	0.01270	0.20691	0.04476	0.03216	0.01388	0.01530	0.01067	0.00789	0.00628	0.00219	0.00874	0.00536	0.00524	0.00996
103	0.01918	0.62036	0.10809	0.01370	0.02042	0.02735	0.01425	0.02236	0.01583	0.01924	0.05024	0.01519	0.01335	0.00709	0.00536	0.00175	0.00818	0.00479	0.00354	0.00974
104	0.11693	0.00948	0.01228	0.01101	0.01351	0.00922	0.04545	0.01614	0.01904	0.04849	0.43921	0.09975	0.07317	0.04210	0.00953	0.00264	0.00473	0.01253	0.00733	0.00745
105	0.02138	0.01808	0.05704	0.04959	0.02268	0.01893	0.01372	0.14814	0.44026	0.08452	0.02674	0.02523	0.01960	0.00970	0.00765	0.00249	0.00695	0.00794	0.00736	0.01202
106	0.02867	0.01454	0.01911	0.01490	0.02041	0.03771	0.06100	0.07510	0.06002	0.46204	0.03240	0.02962	0.08843	0.01018	0.00785	0.00238	0.00703	0.00852	0.00829	0.01181
107	0.01797	0.02027	0.04368	0.03310	0.08960	0.01909	0.60948	0.02422	0.01785	0.02433	0.01526	0.02033	0.01155	0.00642	0.00884	0.00253	0.01250	0.00878	0.00383	0.01037
108	0.01520	0.01088	0.01432	0.05543	0.01898	0.01144	0.01279	0.05684	0.10062	0.05810	0.03568	0.06777	0.03614	0.01759	0.00966	0.00319	0.00710	0.45294	0.00702	0.00833
109	0.02380	0.01800	0.01890	0.01591	0.02086	0.04585	0.01266	0.20803	0.39438	0.11641	0.02657	0.02469	0.01931	0.00976	0.00764	0.00244	0.00699	0.00784	0.00774	0.01223
110	0.01560	0.09323	0.64356	0.02095	0.03180	0.01857	0.02686	0.02392	0.01597	0.02354	0.01337	0.01572	0.00962	0.00715	0.00703	0.00234	0.01097	0.00549	0.00321	0.01110
111	0.00944	0.00780	0.00835	0.00849	0.01091	0.00671	0.00655	0.01165	0.01762	0.02146	0.11773	0.07312	0.56975	0.01912	0.00912	0.00265	0.00416	0.08171	0.00713	0.00652
112	0.01790	0.02000	0.03672	0.05687	0.03428	0.07171	0.44817	0.02304	0.01740	0.02318	0.05759	0.02173	0.01500	0.00812	0.01099	0.00261	0.11252	0.00852	0.00404	0.00957
113	0.01458	0.01374	0.02321	0.67708	0.08838	0.01692	0.02119	0.01960	0.01529	0.01969	0.01353	0.02014	0.01022	0.00754	0.00758	0.00251	0.01005	0.00674	0.00339	0.00863
114	0.00955	0.00709	0.01008	0.01132	0.01202	0.00662	0.03014	0.01105	0.01464	0.01954	0.04087	0.70338	0.04880	0.02315	0.00966	0.00306	0.00470	0.02112	0.00693	0.00631
115	0.01838	0.01815	0.02921	0.16391	0.47781	0.05079	0.05930	0.02359	0.04096	0.02373	0.01467	0.01924	0.01194	0.00707	0.00758	0.00232	0.00955	0.00686	0.00384	0.01111
116	0.01546	0.07375	0.66181	0.02119	0.03217	0.01823	0.02728	0.02396	0.01598	0.02372	0.01346	0.01582	0.00961	0.00717	0.00709	0.00236	0.01106	0.00553	0.00320	0.01114
117	0.01790	0.02046	0.04476	0.03197	0.03964	0.01918	0.65857	0.02430	0.01790	0.02430	0.01535	0.02046	0.01151	0.00639	0.00895	0.00256	0.01279	0.00895	0.00384	0.01023
118	0.00968	0.00693	0.00922	0.01046	0.01125	0.00647	0.00725	0.01157	0.01615	0.02191	0.18216	0.55777	0.05462	0.02185	0.00955	0.00294	0.00431	0.04216	0.00733	0.00641
119	0.01895	0.01993	0.06575	0.08762	0.42222	0.06879	0.02058	0.02683	0.14380	0.02521	0.01719	0.02018	0.01371	0.00761	0.00749	0.00232	0.00899	0.00690	0.00447	0.01146
120	0.01631	0.19108	0.55193	0.01974	0.02993	0.02031	0.02476	0.02374	0.01588	0.02268	0.01295	0.01518	0.00964	0.00705	0.00670	0.00223	0.01054	0.00527	0.00321	0.01089
121	0.00947	0.00677	0.00907	0.01082	0.01137	0.00636	0.00744	0.01096	0.01475	0.01962	0.04168	0.67880	0.04966	0.02355	0.00974	0.00311	0.00460	0.06897	0.00704	0.00622
122	0.01815	0.01849	0.02891	0.25271	0.35815	0.07976	0.08940	0.02280	0.01706	0.02247	0.01391	0.01895	0.01116	0.00707	0.00763	0.00234	0.01018	0.00682	0.00366	0.01041
123	0.01809	0.07591	0.04437	0.03050	0.03808	0.02002	0.60868	0.02417	0.01771	0.02380	0.01497	0.01982	0.01137	0.00640	0.00864	0.00249	0.01243	0.00857	0.00379	0.01019
124	0.01521	0.03923	0.69413	0.02162	0.03283	0.01762	0.02802	0.02402	0.01601	0.02402	0.01361	0.01601	0.00961	0.00721	0.00721	0.00240	0.01121	0.00560	0.00320	0.01121
125	0.01051	0.00725	0.00850	0.00882	0.00921	0.00703	0.00538	0.01119	0.01298	0.01730	0.08364	0.19349	0.07641	0.48341	0.02835	0.00577	0.00622	0.01375	0.00556	0.00524
126	0.01166	0.00935	0.01325	0.01456	0.05309	0.00887	0.04242	0.01470	0.01717	0.02196	0.04850	0.12905	0.23086	0.01914	0.00972	0.00306	0.00623	0.33255	0.00667	0.00719
127	0.01764	0.01687	0.02875	0.21630	0.52520	0.01773	0.02272	0.02229	0.01674	0.02341	0.01407	0.01914	0.01153	0.00697	0.00753	0.00232	0.00929	0.00675	0.00366	0.01110
128	0.01742	0.01957	0.04220	0.03118	0.05877	0.01838	0.59993	0.02346	0.01768	0.02402	0.01686	0.06191	0.01379	0.00742	0.00895	0.00258	0.01217	0.00962	0.00402	0.01005
129	0.01521	0.03923	0.69413	0.02162	0.03283	0.01762	0.02802	0.02402	0.01601	0.02402	0.01361	0.01601	0.00961	0.00721	0.00721	0.00240	0.01121	0.00560	0.00320	0.01121
130	0.01709	0.31371	0.38965	0.01807	0.02700	0.02218	0.04276	0.02306	0.01588	0.02147	0.01464	0.01661	0.03300	0.00731	0.00640	0.00210	0.00978	0.00547	0.00337	0.01043
131	0.01790	0.02046	0.04476	0.03197	0.03964	0.01918	0.65857	0.02430	0.01790	0.02430	0.01535	0.02046	0.01151	0.00639	0.00895	0.00256	0.01279	0.00895	0.00384	0.01023
132	0.00967	0.00721	0.01033	0.01151	0.01228	0.00675	0.03293	0.01126	0.01475	0.01966	0.04071	0.68092	0.04844	0.02299	0.00968	0.00307	0.00481	0.03977	0.00691	0.00635
133	0.01504	0.01433	0.02326	0.49838	0.11944	0.01769	0.02007	0.01936	0.01490	0.01986	0.01515	0.02125	0.03320	0.00882	0.01048	0.00263	0.12684	0.00704	0.00353	0.00875
134	0.01562	0.09591	0.64106	0.02092	0.03175	0.01862	0.02680	0.02392	0.01597	0.02352	0.01336	0.01570	0.00962	0.00715	0.00702	0.00234	0.01096	0.00548	0.00321	0.01109
135	0.01170	0.00873	0.01102	0.01043	0.01249	0.00851	0.00797	0.01720	0.09155	0.03012	0.57517	0.05524	0.06475	0.01525	0.00890	0.00247	0.00403	0.04858	0.00820	0.00767
136	0.01816	0.01740	0.02969	0.13823	0.59921	0.01786	0.02298	0.02274	0.01698	0.02404	0.01416	0.01897	0.01175	0.00687	0.00752	0.00229	0.00916	0.00676	0.00370	0.01152
137	0.01815	0.01739	0.02966	0.14010	0.59743	0.01786	0.02297	0.02273	0.01698	0.02402	0.01416	0.01898	0.01175	0.00687	0.00752	0.00229	0.00916	0.00676	0.00370	0.01151
138	0.02833	0.03615	0.02149	0.01954	0.02345	0.70298	0.01466	0.03029	0.02149	0.01856	0.01172	0.01368	0.00977	0.00782	0.00684	0.00195	0.01368	0.00489	0.00391	0.00879
139	0.10996	0.02223	0.02134	0.04385	0.02367	0.11356	0.01404	0.48277	0.03052	0.04131	0.01633	0.01705	0.01187	0.00865	0.00718	0.00225	0.00886	0.00627	0.00662	0.01167
140	0.01929	0.01650	0.01739	0.01552	0.01989	0.01906	0.01211	0.06668	0.64534	0.03241	0.03033	0.02787	0.02272	0.01024	0.00771	0.00256	0.00610	0.00850	0.00771	0.01204
141	0.02227	0.02397	0.02142	0.01841	0.02273	0.27950	0.08146	0.05481	0.29325	0.02548	0.02106	0.02278	0.01671	0.05128	0.00932	0.00260	0.00982	0.00729	0.00566	0.01019
142	0.00938	0.00668	0.00882	0.01041	0.01088	0.00625	0.00693	0.01072	0.01461	0.01954	0.06423	0.67146	0.04986	0.05753	0.01104	0.00326	0.00451	0.02077	0.00697	0.00612
143	0.01521	0.03923	0.69413	0.02162	0.03283	0.01762	0.02802	0.02402	0.01601	0.02402	0.01361	0.01601	0.00961	0.00721	0.00721	0.00240	0.01121	0.00560	0.00320	0.01121
144	0.01625	0.01544	0.02622	0.42614	0.32627	0.01736	0.02202	0.02107	0.01608	0.02171	0.01382	0.01960	0.01093	0.00723	0.00755	0.00241	0.00964	0.00675	0.00354	0.00998
145	0.01836	0.01760	0.03005	0.10801	0.62786	0.01791	0.02308	0.02292	0.01708	0.02428	0.01420	0.01891	0.01184	0.00683	0.00752	0.00228	0.00911	0.00676	0.00372	0.01168
146	0.00947	0.00677	0.00907	0.01082	0.01137	0.00636	0.00744	0.01096	0.01475	0.01962	0.04168	0.67880	0.04966	0.02355	0.00974	0.00311	0.00460	0.06897	0.00704	0.00622
147	0.01521	0.03923	0.69413	0.02162	0.03283	0.01762	0.02802	0.02402	0.01601	0.02402	0.01361	0.01601	0.00961	0.00721	0.00721	0.00240	0.01121	0.00560	0.00320	0.01121
148	0.01084	0.00813	0.01219	0.01219	0.01354	0.00948	0.00948	0.01354	0.01219	0.01761	0.02032	0.02980	0.01896	0.05689	0.70337	0.01219	0.02032	0.00813	0.00406	0.00677
149	0.01521	0.03923	0.69413	0.02162	0.03283	0.01762	0.02802	0.02402	0.01601	0.02402	0.01361	0.01601	0.00961	0.00721	0.00721	0.00240	0.01121	0.00560	0.00320	0.01121
150	0.02833	0.02098	0.02276	0.04157	0.02452	0.02329	0.01465	0.63865	0.03495	0.04682	0.01805	0.01828	0.01280	0.00905	0.00759	0.00229	0.00841	0.00683	0.00744	0.01274
151	0.00933	0.00664	0.00878	0.01045	0.01087	0.00622	0.00692	0.01058	0.01435	0.01913	0.04092	0.69495	0.04905	0.05882	0.01111	0.00329	0.00455	0.02104	0.00692	0.00608
152	0.01761	0.01990	0.04321	0.03096	0.03831	0.01868	0.63078	0.02373	0.01761	0.02389	0.01571	0.02170	0.01219	0.03729	0.01021	0.00276	0.01256	0.00904	0.00387	0.00999
153	0.01414	0.00707	0.00707	0.00707	0.00884	0.00707	0.00530	0.01767	0.01591	0.02828	0.02474	0.02828	0.01944	0.00884	0.00530	0.00177	0.00353	0.00707	0.77554	0.00707
154	0.78701	0.01467	0.01115	0.00997	0.01467	0.01702	0.00821	0.02230	0.01291	0.03403	0.01056	0.01232	0.00821	0.00704	0.00469	0.00235	0.00587	0.00411	0.00469	0.00821
155	0.01453	0.01389	0.02404	0.67515	0.05150	0.01699	0.05844	0.01967	0.01533	0.01967	0.01359	0.02024	0.01019	0.00751	0.00766	0.00253	0.01027	0.00687	0.00340	0.00853
156	0.01790	0.02046	0.04476	0.03197	0.03964	0.01918	0.65857	0.02430	0.01790	0.02430	0.01535	0.02046	0.01151	0.00639	0.00895	0.00256	0.01279	0.00895	0.00384	0.01023
157	0.00940	0.00802	0.00813	0.00804	0.01065	0.00691	0.00605	0.01214	0.04295	0.02123	0.09350	0.07076	0.63868	0.01875	0.00892	0.00256	0.00392	0.01565	0.00711	0.00664
158	0.03351	0.01303	0.01759	0.01356	0.01938	0.01142	0.01118	0.03708	0.04420	0.66857	0.02996	0.02590	0.01893	0.00942	0.00763	0.00235	0.00644	0.00766	0.00933	0.01288
159	0.01744	0.02370	0.15693	0.03018	0.03847	0.01891	0.54965	0.02425	0.01758	0.02425	0.01505	0.01969	0.01118	0.00653	0.00865	0.00253	0.01252	0.00837	0.00373	0.01040
160	0.00924	0.00660	0.00880	0.01056	0.01100	0.00616	0.00704	0.01056	0.01452	0.01936	0.04181	0.72848	0.05017	0.02376	0.00968	0.00308	0.00440	0.02156	0.00704	0.00616
161	0.01855	0.01770	0.03015	0.04543	0.66294	0.01770	0.02290	0.02302	0.01728	0.02471	0.01516	0.02108	0.01311	0.00725	0.00761	0.00230	0.00894	0.02848	0.00387	0.01184
162	0.10318	0.34526	0.14677	0.01597	0.02297	0.02267	0.07317	0.06113	0.01724	0.07706	0.01607	0.01740	0.03660	0.00754	0.00616	0.00205	0.00855	0.00568	0.00434	0.01018
163	0.01546	0.07278	0.66272	0.02120	0.03219	0.01821	0.02730	0.02396	0.01599	0.02372	0.01346	0.01583	0.00961	0.00717	0.00709	0.00236	0.01106	0.00553	0.00320	0.01114
164	0.01147	0.00908	0.01233	0.01226	0.01364	0.03397	0.00943	0.01402	0.01246	0.01750	0.02018	0.03018	0.01905	0.08762	0.64676	0.01160	0.01946	0.00815	0.00408	0.00674
165	0.01538	0.06213	0.67269	0.02134	0.03239	0.01802	0.02753	0.02398	0.01599	0.02382	0.01351	0.01589	0.00961	0.00718	0.00713	0.00238	0.01111	0.00555	0.00320	0.01116
166	0.01583	0.12378	0.61495	0.02057	0.03121	0.01912	0.02620	0.02386	0.01594	0.02327	0.01324	0.01555	0.00962	0.00712	0.00692	0.00231	0.01083	0.00542	0.00321	0.01103
167	0.02627	0.01739	0.02202	0.05303	0.06284	0.01833	0.05072	0.28245	0.12652	0.20626	0.02312	0.02375	0.01653	0.00930	0.00777	0.00240	0.00784	0.02387	0.00741	0.01218
168	0.01736	0.01626	0.02719	0.06693	0.55051	0.01633	0.02105	0.02164	0.01721	0.02412	0.02032	0.02923	0.04874	0.00905	0.00793	0.00242	0.00856	0.07986	0.00428	0.01102
169	0.01821	0.01745	0.02978	0.13061	0.60644	0.01788	0.02300	0.02279	0.01701	0.02410	0.01417	0.01896	0.01178	0.00686	0.00752	0.00229	0.00915	0.00676	0.00371	0.01156
170	0.02145	0.01586	0.01824	0.11350	0.06143	0.07097	0.01332	0.05224	0.24266	0.17306	0.02843	0.08087	0.05299	0.01075	0.00781	0.00248	0.00732	0.00902	0.00686	0.01075
171	0.01109	0.00726	0.00974	0.01096	0.01195	0.00677	0.00777	0.01288	0.01577	0.05995	0.09225	0.57450	0.04944	0.02200	0.00958	0.00302	0.00469	0.07640	0.00728	0.00671
172	0.01478	0.03617	0.62753	0.02044	0.03074	0.01660	0.02599	0.02308	0.01655	0.02464	0.07870	0.01997	0.01564	0.00801	0.00738	0.00240	0.01047	0.00639	0.00370	0.01082
173	0.09012	0.03008	0.44006	0.02243	0.09904	0.01663	0.05442	0.02417	0.01666	0.07276	0.05207	0.01915	0.01395	0.00772	0.00721	0.00238	0.00978	0.00635	0.00416	0.01086
174	0.01598	0.07721	0.55787	0.02378	0.08302	0.01849	0.07207	0.02391	0.01621	0.02374	0.01361	0.01632	0.00994	0.00707	0.00722	0.00236	0.01097	0.00584	0.00329	0.01112
175	0.02996	0.01265	0.01672	0.01324	0.01849	0.01144	0.01078	0.03473	0.08392	0.55385	0.10346	0.02953	0.02514	0.01016	0.00778	0.00237	0.00609	0.00840	0.00911	0.01217
176	0.02464	0.01735	0.05792	0.01525	0.02053	0.01690	0.01290	0.27469	0.13313	0.18892	0.09199	0.06567	0.02386	0.01074	0.00785	0.00241	0.00698	0.00877	0.00781	0.01169
177	0.01800	0.06025	0.05412	0.15368	0.51900	0.01852	0.02248	0.02263	0.01677	0.02346	0.01390	0.01852	0.01148	0.00689	0.00736	0.00227	0.00922	0.00656	0.00364	0.01126
178	0.00977	0.00749	0.01074	0.03527	0.01358	0.00709	0.03514	0.01146	0.01485	0.01964	0.04177	0.63587	0.08426	0.02221	0.00954	0.00301	0.00492	0.02020	0.00678	0.00643
179	0.01564	0.01520	0.02692	0.50127	0.17870	0.01736	0.09522	0.02074	0.01591	0.02104	0.01386	0.01996	0.01066	0.00728	0.00773	0.00248	0.01020	0.00700	0.00350	0.00936
180	0.01620	0.01681	0.03321	0.13167	0.16389	0.01659	0.33929	0.02124	0.01685	0.02290	0.01897	0.13003	0.01741	0.00934	0.00858	0.00257	0.01035	0.01016	0.00425	0.00968
181	0.05006	0.02511	0.07471	0.01840	0.02444	0.16144	0.04135	0.41097	0.02925	0.06596	0.01668	0.01735	0.01206	0.00853	0.00738	0.00224	0.00969	0.00638	0.00633	0.01168
182	0.04810	0.01032	0.01365	0.01469	0.08044	0.01005	0.01008	0.01999	0.06945	0.11551	0.27377	0.15240	0.06787	0.01494	0.00860	0.00259	0.00522	0.06625	0.00746	0.00863

[dist]
# distance from previous block
# <min> <max>
10	31

[block]
# block no. 2 follows, 26 sequences, length 7
# corresponding to MSA columns:
# 228-234
name=unknown_C
#
# <colnr> <probs for GDERKNQSTAVLIFYWHMCP>
#	G	D	E	R	K	N	Q	S	T	A	V	L	I	F	Y	W	H	M	C	P
0	0.13578	0.01310	0.05381	0.01350	0.04647	0.01225	0.01051	0.02288	0.14092	0.07931	0.29649	0.07940	0.04091	0.01236	0.00783	0.00245	0.00536	0.01048	0.00714	0.00906
1	0.01960	0.18941	0.39643	0.01901	0.02807	0.01942	0.06169	0.02587	0.01693	0.13210	0.01571	0.01705	0.01126	0.00735	0.00686	0.00223	0.00984	0.00580	0.00427	0.01110
2	0.02025	0.07312	0.02038	0.01724	0.07334	0.01540	0.03393	0.02627	0.12190	0.17999	0.10072	0.05018	0.02540	0.01126	0.00992	0.00248	0.09556	0.05836	0.00653	0.05775
3	0.14427	0.04636	0.03991	0.01332	0.01859	0.04260	0.01122	0.03176	0.11168	0.35971	0.05857	0.02594	0.04419	0.00956	0.00714	0.00234	0.00660	0.00749	0.00759	0.01117
4	0.37604	0.10781	0.10280	0.08846	0.04827	0.01787	0.01358	0.02378	0.01507	0.10005	0.01360	0.01543	0.01017	0.00725	0.00579	0.00224	0.00744	0.00507	0.00465	0.03463
5	0.11393	0.09163	0.47340	0.01883	0.02807	0.05869	0.02248	0.02487	0.01626	0.06591	0.01388	0.01571	0.01002	0.00730	0.00671	0.00230	0.01014	0.00537	0.00382	0.01068
6	0.01400	0.01305	0.02107	0.53216	0.04267	0.01639	0.01870	0.01813	0.01460	0.01922	0.01654	0.10815	0.01509	0.01038	0.01021	0.00270	0.10640	0.00858	0.00382	0.00813

[dist]
# distance from previous block
# <min> <max>
7	18

[block]
# block no. 3 follows, 26 sequences, length 24
# corresponding to MSA columns:
# 253-276
name=unknown_D
#
# <colnr> <probs for GDERKNQSTAVLIFYWHMCP>
#	G	D	E	R	K	N	Q	S	T	A	V	L	I	F	Y	W	H	M	C	P
0	0.09372	0.26962	0.29508	0.02169	0.13514	0.02182	0.02019	0.02328	0.01571	0.02305	0.01238	0.01481	0.00991	0.00687	0.00622	0.00211	0.00927	0.00512	0.00346	0.01055
1	0.07315	0.31289	0.35695	0.01685	0.02533	0.02205	0.01976	0.02298	0.01578	0.02257	0.03988	0.01591	0.01213	0.00725	0.00617	0.00209	0.00928	0.00522	0.00354	0.01024
2	0.01126	0.00805	0.01110	0.01268	0.01405	0.00788	0.01038	0.01414	0.01691	0.02231	0.08730	0.26685	0.04754	0.02136	0.01014	0.00329	0.00600	0.41489	0.00710	0.00676
3	0.58356	0.01362	0.01174	0.01036	0.01465	0.01524	0.00841	0.04642	0.01574	0.06621	0.13033	0.02104	0.02010	0.00873	0.00570	0.00235	0.00559	0.00608	0.00568	0.00844
4	0.01877	0.01802	0.03079	0.04656	0.68612	0.01802	0.02328	0.02328	0.01727	0.02478	0.01427	0.01877	0.01201	0.00676	0.00751	0.00225	0.00901	0.00676	0.00375	0.01201
5	0.01551	0.01341	0.01598	0.01184	0.01782	0.01090	0.00946	0.01867	0.01538	0.02402	0.01444	0.04641	0.01281	0.00695	0.00719	0.00137	0.05747	0.00538	0.00452	0.69047
6	0.78701	0.01467	0.01115	0.00997	0.01467	0.01702	0.00821	0.02230	0.01291	0.03403	0.01056	0.01232	0.00821	0.00704	0.00469	0.00235	0.00587	0.00411	0.00469	0.00821
7	0.02883	0.02125	0.02276	0.01745	0.02352	0.02352	0.01442	0.66082	0.03566	0.04780	0.01821	0.01821	0.01290	0.00911	0.00759	0.00228	0.00835	0.00683	0.00759	0.01290
8	0.02028	0.73799	0.03975	0.01298	0.01947	0.03001	0.01298	0.02271	0.01541	0.01785	0.01055	0.01217	0.00973	0.00649	0.00487	0.00162	0.00811	0.00406	0.00324	0.00973
9	0.03403	0.01291	0.01760	0.01350	0.01936	0.01115	0.01115	0.03697	0.02171	0.69137	0.02992	0.02582	0.01878	0.00939	0.00763	0.00235	0.00645	0.00763	0.00939	0.01291
10	0.78701	0.01467	0.01115	0.00997	0.01467	0.01702	0.00821	0.02230	0.01291	0.03403	0.01056	0.01232	0.00821	0.00704	0.00469	0.00235	0.00587	0.00411	0.00469	0.00821
11	0.01222	0.00873	0.01222	0.01397	0.01572	0.00873	0.01222	0.01572	0.01746	0.02270	0.04016	0.08556	0.04365	0.02095	0.01048	0.00349	0.00698	0.63506	0.00698	0.00698
12	0.01573	0.01348	0.01573	0.01123	0.01798	0.01011	0.00899	0.01910	0.01573	0.02472	0.01348	0.01573	0.01123	0.00562	0.00562	0.00112	0.00562	0.00449	0.00449	0.77980
13	0.69862	0.01446	0.01191	0.01039	0.01522	0.01633	0.00856	0.02402	0.01394	0.11119	0.01283	0.01391	0.00945	0.00732	0.00504	0.00235	0.00594	0.00452	0.00525	0.00877
14	0.00896	0.00768	0.00768	0.00768	0.01025	0.00640	0.00576	0.01089	0.01729	0.02049	0.07684	0.07300	0.68304	0.01921	0.00896	0.00256	0.00384	0.01601	0.00704	0.00640
15	0.01521	0.03923	0.69413	0.02162	0.03283	0.01762	0.02802	0.02402	0.01601	0.02402	0.01361	0.01601	0.00961	0.00721	0.00721	0.00240	0.01121	0.00560	0.00320	0.01121
16	0.02028	0.73799	0.03975	0.01298	0.01947	0.03001	0.01298	0.02271	0.01541	0.01785	0.01055	0.01217	0.00973	0.00649	0.00487	0.00162	0.00811	0.00406	0.00324	0.00973
17	0.02880	0.02236	0.02267	0.01761	0.02352	0.07415	0.01443	0.61384	0.03461	0.04562	0.01773	0.01787	0.01267	0.00901	0.00753	0.00225	0.00874	0.00668	0.00731	0.01259
18	0.01552	0.08112	0.65490	0.02110	0.03203	0.01836	0.02712	0.02394	0.01598	0.02365	0.01343	0.01578	0.00962	0.00716	0.00707	0.00236	0.01102	0.00551	0.00321	0.01112
19	0.01045	0.00759	0.00984	0.00959	0.01123	0.00699	0.00707	0.01364	0.02033	0.02844	0.56598	0.14781	0.09903	0.01680	0.00905	0.00249	0.00370	0.01489	0.00811	0.00699
20	0.78701	0.01467	0.01115	0.00997	0.01467	0.01702	0.00821	0.02230	0.01291	0.03403	0.01056	0.01232	0.00821	0.00704	0.00469	0.00235	0.00587	0.00411	0.00469	0.00821
21	0.01877	0.01802	0.03079	0.04656	0.68612	0.01802	0.02328	0.02328	0.01727	0.02478	0.01427	0.01877	0.01201	0.00676	0.00751	0.00225	0.00901	0.00676	0.00375	0.01201
22	0.01230	0.00951	0.01058	0.01029	0.01292	0.03284	0.00803	0.01490	0.01813	0.05583	0.17274	0.11850	0.30179	0.01727	0.00888	0.00259	0.00498	0.11620	0.00709	0.06466
23	0.01865	0.51378	0.24972	0.01575	0.02376	0.02603	0.01781	0.02313	0.01561	0.01983	0.01153	0.01340	0.00969	0.00672	0.00562	0.00187	0.00911	0.00455	0.00323	0.01021

[dist]
# distance from previous block
# <min> <max>
0	1

[block]
# block no. 4 follows, 26 sequences, length 12
# corresponding to MSA columns:
# 278-289
name=unknown_E
#
# <colnr> <probs for GDERKNQSTAVLIFYWHMCP>
#	G	D	E	R	K	N	Q	S	T	A	V	L	I	F	Y	W	H	M	C	P
0	0.02062	0.38208	0.22312	0.01691	0.02418	0.17583	0.01766	0.02477	0.01693	0.01977	0.01169	0.01360	0.00971	0.00699	0.00597	0.00192	0.01023	0.00468	0.00338	0.00995
1	0.01326	0.01058	0.01140	0.01081	0.01313	0.05844	0.00827	0.04568	0.02061	0.04769	0.38110	0.10290	0.17014	0.01610	0.00885	0.00251	0.00498	0.05845	0.00760	0.00750
2	0.01725	0.07183	0.11953	0.06547	0.03383	0.02049	0.35976	0.02257	0.01598	0.02223	0.01352	0.01848	0.01073	0.00806	0.01182	0.00264	0.16490	0.00757	0.00358	0.00980
3	0.01101	0.00745	0.00876	0.00876	0.00893	0.00762	0.00521	0.01134	0.01118	0.01507	0.02345	0.04716	0.02650	0.64902	0.12155	0.00796	0.00897	0.01067	0.00453	0.00487
4	0.19001	0.01462	0.05087	0.01318	0.01907	0.01270	0.01140	0.03325	0.01958	0.52022	0.02505	0.02250	0.01611	0.00879	0.00699	0.00235	0.00658	0.00679	0.00809	0.01184
5	0.01014	0.00746	0.00974	0.01084	0.01206	0.00683	0.00777	0.01203	0.01550	0.02083	0.07755	0.52955	0.07749	0.02146	0.00942	0.00293	0.00474	0.09621	0.00693	0.06052
6	0.01877	0.01802	0.03079	0.04656	0.68612	0.01802	0.02328	0.02328	0.01727	0.02478	0.01427	0.01877	0.01201	0.00676	0.00751	0.00225	0.00901	0.00676	0.00375	0.01201
7	0.01845	0.01769	0.03020	0.09507	0.64012	0.01794	0.02312	0.02300	0.01712	0.02439	0.01421	0.01888	0.01188	0.00682	0.00751	0.00227	0.00909	0.00676	0.00373	0.01175
8	0.01724	0.01438	0.01654	0.01195	0.01862	0.01166	0.00962	0.09335	0.01804	0.02739	0.01403	0.01602	0.01143	0.00602	0.00585	0.00126	0.00593	0.00476	0.00485	0.69107
9	0.21426	0.01352	0.01603	0.01276	0.01825	0.01299	0.01049	0.03362	0.05598	0.49641	0.02532	0.02271	0.01648	0.00887	0.00693	0.00236	0.00629	0.00683	0.00817	0.01173
10	0.00896	0.00768	0.00768	0.00768	0.01025	0.00640	0.00576	0.01089	0.01729	0.02049	0.07684	0.07300	0.68304	0.01921	0.00896	0.00256	0.00384	0.01601	0.00704	0.00640
11	0.01996	0.01859	0.01765	0.01591	0.02015	0.09802	0.01231	0.03915	0.59710	0.03021	0.02866	0.02661	0.02161	0.01000	0.00762	0.00250	0.00689	0.00815	0.00728	0.01163

[dist]
# distance from previous block
# <min> <max>
16	50

[block]
# block no. 5 follows, 26 sequences, length 15
# corresponding to MSA columns:
# 347-361
name=unknown_F
#
# <colnr> <probs for GDERKNQSTAVLIFYWHMCP>
#	G	D	E	R	K	N	Q	S	T	A	V	L	I	F	Y	W	H	M	C	P
0	0.25322	0.01360	0.01757	0.01396	0.01909	0.01310	0.09073	0.02472	0.01697	0.21692	0.04900	0.09344	0.01910	0.00951	0.00689	0.00228	0.00662	0.00798	0.00629	0.11900
