[name]
unknown

[dist]
# distance from previous block
# <min> <max>
0	63

[block]
# block no. 0 follows, 21 sequences, length 65
# corresponding to MSA columns:
# 63-127
name=unknown_A
#
# <colnr> <probs for GDERKNQSTAVLIFYWHMCP>
#	G	D	E	R	K	N	Q	S	T	A	V	L	I	F	Y	W	H	M	C	P
0	0.01298	0.00927	0.01287	0.01484	0.01647	0.00916	0.01244	0.01637	0.01887	0.02465	0.04546	0.22722	0.05058	0.02420	0.01156	0.00382	0.00720	0.46656	0.00785	0.00763
1	0.01668	0.01063	0.01414	0.05138	0.01761	0.01027	0.01037	0.04901	0.02411	0.11116	0.45009	0.05745	0.06303	0.01618	0.00983	0.00278	0.00543	0.06163	0.00902	0.00922
2	0.03120	0.02326	0.02489	0.01935	0.02595	0.02585	0.01590	0.56029	0.10106	0.05177	0.02190	0.02160	0.01566	0.01035	0.00853	0.00259	0.00909	0.00786	0.00853	0.01437
3	0.76103	0.01646	0.01251	0.01119	0.01646	0.01909	0.00922	0.02502	0.01448	0.03818	0.01185	0.01382	0.00922	0.00790	0.00527	0.00263	0.00658	0.00461	0.00527	0.00922
4	0.01676	0.01646	0.02973	0.57065	0.05620	0.01935	0.12472	0.02268	0.01754	0.02268	0.01548	0.02273	0.01161	0.00828	0.00877	0.00284	0.01186	0.00799	0.00387	0.00980
5	0.02117	0.01828	0.01924	0.01732	0.02213	0.02117	0.01347	0.04522	0.63246	0.03560	0.03464	0.03175	0.02598	0.01155	0.00866	0.00289	0.00673	0.00962	0.00866	0.01347
6	0.02106	0.02022	0.03454	0.05223	0.64784	0.02022	0.02612	0.02612	0.01938	0.02780	0.01601	0.02106	0.01348	0.00758	0.00842	0.00253	0.01011	0.00758	0.00421	0.01348
7	0.02075	0.01990	0.03398	0.09134	0.61116	0.02014	0.02596	0.02585	0.01923	0.02743	0.01595	0.02116	0.01335	0.00764	0.00843	0.00255	0.01019	0.00758	0.00419	0.01323
8	0.01907	0.01824	0.03069	0.28188	0.39135	0.02010	0.02473	0.02415	0.01811	0.02511	0.01538	0.02151	0.01255	0.00838	0.00968	0.00272	0.05303	0.00757	0.00402	0.01173
9	0.01798	0.01542	0.01627	0.01501	0.01919	0.01707	0.01167	0.03552	0.44796	0.03191	0.04838	0.04745	0.18639	0.01464	0.00915	0.00293	0.00616	0.03685	0.00843	0.01161
10	0.01765	0.01513	0.01765	0.01260	0.02017	0.01134	0.01008	0.02143	0.01765	0.02773	0.01513	0.01765	0.01260	0.00630	0.00630	0.00126	0.00630	0.00504	0.00504	0.75295
11	0.02107	0.02011	0.03371	0.05034	0.61394	0.02027	0.02543	0.02715	0.05259	0.02822	0.01702	0.02164	0.01416	0.00780	0.00844	0.00255	0.00993	0.00769	0.00445	0.01348
12	0.01035	0.00747	0.00981	0.01169	0.01230	0.00693	0.00783	0.01187	0.01645	0.02179	0.04887	0.66468	0.08570	0.02641	0.01082	0.00343	0.00491	0.02388	0.00790	0.00693
13	0.01930	0.02064	0.03731	0.02864	0.03264	0.02395	0.29707	0.02364	0.01632	0.02364	0.01398	0.02064	0.01198	0.01130	0.01960	0.00333	0.37306	0.00866	0.00399	0.01032
14	0.01764	0.01539	0.01898	0.09433	0.02500	0.01323	0.01219	0.02245	0.04381	0.02707	0.01582	0.01890	0.01297	0.00711	0.00747	0.00161	0.03188	0.00563	0.00500	0.60351
15	0.01061	0.00755	0.01001	0.01189	0.01242	0.00710	0.00801	0.01212	0.01624	0.02162	0.04582	0.63763	0.05470	0.06025	0.01252	0.00372	0.00523	0.04793	0.00776	0.00686
16	0.01037	0.00741	0.00987	0.01185	0.01234	0.00691	0.00790	0.01185	0.01629	0.02172	0.04690	0.69537	0.05629	0.02666	0.01086	0.00346	0.00494	0.02419	0.00790	0.00691
17	0.02583	0.02854	0.02301	0.01882	0.02484	0.33047	0.04314	0.07722	0.02275	0.02651	0.01471	0.01702	0.01198	0.00786	0.00733	0.00190	0.01133	0.00571	0.00497	0.29606
18	0.02534	0.02517	0.02511	0.29800	0.03991	0.21441	0.01939	0.19351	0.02560	0.03044	0.01603	0.01986	0.01211	0.00907	0.00826	0.00256	0.01198	0.00697	0.00529	0.01099
19	0.01204	0.00870	0.01138	0.01071	0.01271	0.00803	0.00803	0.01606	0.02409	0.03413	0.64335	0.06357	0.08030	0.01740	0.01004	0.00268	0.00401	0.01539	0.00937	0.00803
20	0.01175	0.00847	0.01111	0.01091	0.01265	0.00784	0.00801	0.01533	0.02273	0.03197	0.53950	0.17358	0.07612	0.01901	0.01018	0.00281	0.00418	0.01692	0.00911	0.00784
21	0.02144	0.01748	0.02029	0.04598	0.07467	0.01963	0.01452	0.04064	0.48125	0.07279	0.07054	0.03234	0.02747	0.01140	0.00871	0.00283	0.00706	0.00967	0.00826	0.01303
22	0.01371	0.00980	0.01371	0.01567	0.01763	0.00980	0.01371	0.01763	0.01959	0.02547	0.04506	0.09599	0.04898	0.02351	0.01175	0.00392	0.00784	0.59056	0.00784	0.00784
23	0.08994	0.01542	0.01912	0.01500	0.02117	0.01460	0.01232	0.10112	0.05117	0.48058	0.03024	0.02719	0.01972	0.01031	0.00816	0.00260	0.00721	0.00817	0.05229	0.01366
24	0.11359	0.01995	0.02186	0.01705	0.02355	0.02109	0.01401	0.34559	0.06942	0.19124	0.02317	0.02226	0.01606	0.00989	0.00804	0.00253	0.00821	0.00750	0.00844	0.05655
25	0.03279	0.02313	0.02510	0.01925	0.02604	0.02535	0.01590	0.57596	0.03883	0.09880	0.02142	0.02107	0.01497	0.01024	0.00852	0.00256	0.00920	0.00773	0.00867	0.01447
26	0.02020	0.02012	0.03422	0.13178	0.03617	0.02340	0.22466	0.08793	0.01902	0.02660	0.01488	0.02095	0.01215	0.01072	0.01658	0.00316	0.27400	0.00838	0.00445	0.01064
27	0.03089	0.03811	0.02323	0.02103	0.02536	0.60712	0.01583	0.05280	0.02429	0.02256	0.01424	0.01647	0.01171	0.00888	0.00760	0.00219	0.01449	0.00570	0.04760	0.00991
28	0.76103	0.01646	0.01251	0.01119	0.01646	0.01909	0.00922	0.02502	0.01448	0.03818	0.01185	0.01382	0.00922	0.00790	0.00527	0.00263	0.00658	0.00461	0.00527	0.00922
29	0.01692	0.01099	0.01437	0.01447	0.01727	0.01091	0.01198	0.02305	0.09257	0.10176	0.18741	0.09270	0.05087	0.01923	0.01058	0.00333	0.00662	0.29708	0.00862	0.00928
30	0.01478	0.00739	0.01109	0.01109	0.01109	0.00739	0.00739	0.01109	0.01109	0.01478	0.01478	0.02587	0.01478	0.02956	0.03326	0.75240	0.00739	0.00739	0.00370	0.00370
31	0.01048	0.00745	0.00984	0.01170	0.01217	0.00699	0.00774	0.01188	0.01607	0.02142	0.04574	0.65836	0.05482	0.06567	0.01274	0.00373	0.00513	0.02351	0.00774	0.00681
32	0.02284	0.01017	0.01219	0.01060	0.01410	0.00945	0.00833	0.02659	0.02064	0.23745	0.09293	0.03409	0.02757	0.01089	0.00723	0.00227	0.00505	0.00890	0.42858	0.01011
33	0.76103	0.01646	0.01251	0.01119	0.01646	0.01909	0.00922	0.02502	0.01448	0.03818	0.01185	0.01382	0.00922	0.00790	0.00527	0.00263	0.00658	0.00461	0.00527	0.00922
34	0.01043	0.00762	0.00982	0.01141	0.01227	0.00701	0.00774	0.01214	0.01711	0.02259	0.08602	0.58749	0.12601	0.02553	0.01072	0.00334	0.00481	0.02296	0.00799	0.00701
35	0.01037	0.00741	0.00987	0.01185	0.01234	0.00691	0.00790	0.01185	0.01629	0.02172	0.04690	0.69537	0.05629	0.02666	0.01086	0.00346	0.00494	0.02419	0.00790	0.00691
36	0.01497	0.01035	0.01396	0.01474	0.06168	0.00986	0.01003	0.01974	0.05766	0.07891	0.41586	0.16032	0.06364	0.01733	0.00986	0.00280	0.00503	0.01540	0.00879	0.00906
37	0.03124	0.02258	0.02439	0.01903	0.02557	0.02491	0.01561	0.51165	0.11579	0.08606	0.02303	0.02239	0.01634	0.01041	0.00853	0.00260	0.00890	0.00797	0.00865	0.01434
38	0.76103	0.01646	0.01251	0.01119	0.01646	0.01909	0.00922	0.02502	0.01448	0.03818	0.01185	0.01382	0.00922	0.00790	0.00527	0.00263	0.00658	0.00461	0.00527	0.00922
39	0.01737	0.04223	0.61000	0.02636	0.08282	0.01980	0.03104	0.02689	0.01807	0.02701	0.01533	0.01820	0.01098	0.00805	0.00811	0.00268	0.01239	0.00639	0.00364	0.01264
40	0.01111	0.00806	0.01059	0.01201	0.01314	0.00754	0.00869	0.01340	0.01821	0.02427	0.14033	0.46202	0.10309	0.02439	0.01081	0.00336	0.00519	0.10842	0.00811	0.00724
41	0.01238	0.00825	0.00928	0.00928	0.00928	0.00825	0.00516	0.01238	0.01238	0.01650	0.02681	0.05569	0.03094	0.70092	0.04331	0.00825	0.00825	0.01238	0.00516	0.00516
42	0.01062	0.00759	0.01016	0.01214	0.01274	0.00713	0.00834	0.01228	0.01654	0.02201	0.04677	0.65026	0.05574	0.02642	0.01093	0.00349	0.00516	0.06682	0.00789	0.00698
43	0.01478	0.00739	0.01109	0.01109	0.01109	0.00739	0.00739	0.01109	0.01109	0.01478	0.01478	0.02587	0.01478	0.02956	0.03326	0.75240	0.00739	0.00739	0.00370	0.00370
44	0.03129	0.07881	0.02538	0.02138	0.02605	0.60013	0.01632	0.06046	0.02445	0.02229	0.01341	0.01548	0.01112	0.00875	0.00758	0.00219	0.01470	0.00553	0.00453	0.01014
45	0.01752	0.01660	0.02814	0.49861	0.22918	0.01929	0.02435	0.02301	0.01770	0.02350	0.01538	0.02222	0.01196	0.00824	0.00848	0.00275	0.01099	0.00757	0.00391	0.01062
46	0.02275	0.70604	0.04459	0.01456	0.02184	0.03367	0.01456	0.02548	0.01729	0.02002	0.01183	0.01365	0.01092	0.00728	0.00546	0.00182	0.00910	0.00455	0.00364	0.01092
47	0.02077	0.02046	0.03229	0.16548	0.50402	0.05739	0.02510	0.02577	0.01922	0.02629	0.01568	0.02103	0.01294	0.00782	0.00840	0.00256	0.01064	0.00746	0.00414	0.01253
48	0.02275	0.70604	0.04459	0.01456	0.02184	0.03367	0.01456	0.02548	0.01729	0.02002	0.01183	0.01365	0.01092	0.00728	0.00546	0.00182	0.00910	0.00455	0.00364	0.01092
49	0.01474	0.01038	0.01241	0.01260	0.01427	0.01048	0.00889	0.11608	0.02029	0.02768	0.06093	0.44614	0.04513	0.09550	0.01364	0.00370	0.00596	0.01875	0.05431	0.00812
50	0.01035	0.00748	0.00980	0.01165	0.01229	0.00693	0.00781	0.01187	0.01649	0.02180	0.04935	0.65719	0.09289	0.02634	0.01081	0.00342	0.00490	0.02380	0.00790	0.00693
51	0.02077	0.01993	0.03402	0.08858	0.61375	0.02014	0.02597	0.02586	0.01924	0.02745	0.01596	0.02116	0.01336	0.00764	0.00843	0.00255	0.01018	0.00758	0.00419	0.01325
52	0.02074	0.01779	0.01892	0.01722	0.02187	0.02051	0.01348	0.04363	0.59719	0.03502	0.03524	0.03545	0.02730	0.01223	0.00884	0.00295	0.00680	0.04306	0.00861	0.01315
53	0.02509	0.01258	0.01623	0.01352	0.01795	0.01173	0.01074	0.05344	0.07063	0.30888	0.30328	0.04417	0.04742	0.01364	0.00922	0.00267	0.00586	0.01163	0.00980	0.01155
54	0.07395	0.01650	0.01962	0.01577	0.02188	0.01641	0.01279	0.09341	0.18722	0.36683	0.03047	0.02748	0.02066	0.01041	0.00828	0.00262	0.00722	0.00836	0.00927	0.05085
55	0.08584	0.01574	0.01937	0.01526	0.02158	0.01492	0.01247	0.07346	0.10816	0.45022	0.03025	0.02706	0.01998	0.01020	0.00819	0.00258	0.00719	0.00815	0.00944	0.05993
56	0.01216	0.01009	0.03674	0.01116	0.01362	0.00846	0.00889	0.01634	0.02366	0.03340	0.59644	0.06250	0.09995	0.01720	0.00996	0.00269	0.00436	0.01513	0.00908	0.00818
57	0.01929	0.01610	0.01853	0.01338	0.02086	0.01303	0.01076	0.08825	0.02015	0.03062	0.01572	0.01796	0.01281	0.00674	0.00655	0.00140	0.00664	0.00533	0.00543	0.67044
58	0.02203	0.03264	0.41128	0.02067	0.03049	0.01746	0.02397	0.03127	0.07454	0.17397	0.06075	0.02462	0.01890	0.00955	0.00837	0.00270	0.01028	0.00769	0.00602	0.01281
59	0.01190	0.01031	0.04059	0.01094	0.01360	0.00841	0.00881	0.01584	0.02292	0.03170	0.50957	0.06492	0.18324	0.01775	0.00995	0.00271	0.00446	0.01545	0.00883	0.00808
60	0.01752	0.01182	0.01391	0.01269	0.01535	0.04768	0.00978	0.02087	0.02137	0.12379	0.31335	0.08064	0.08509	0.02121	0.08448	0.00394	0.04043	0.01281	0.05427	0.00902
61	0.01959	0.12005	0.22809	0.03026	0.06344	0.02257	0.33996	0.02689	0.01906	0.02623	0.01588	0.02017	0.01204	0.00747	0.00879	0.00266	0.01296	0.00810	0.00400	0.01181
62	0.01147	0.00849	0.01069	0.01191	0.01341	0.00794	0.00899	0.01382	0.01808	0.02338	0.08850	0.30240	0.18949	0.07481	0.01332	0.00377	0.00579	0.17881	0.00776	0.00716
63	0.01693	0.00994	0.01171	0.01063	0.01411	0.00854	0.00819	0.01961	0.02115	0.17142	0.16063	0.09647	0.38115	0.01858	0.00974	0.00281	0.00498	0.01567	0.00875	0.00900
64	0.02765	0.02159	0.02182	0.01823	0.02387	0.07535	0.01452	0.23749	0.31680	0.10718	0.02796	0.02628	0.02033	0.01076	0.00852	0.00269	0.00839	0.00850	0.00846	0.01362

[dist]
# distance from previous block
# <min> <max>
2	7

[block]
# block no. 1 follows, 21 sequences, length 108
# corresponding to MSA columns:
# 135-242
name=unknown_B
#
# <colnr> <probs for GDERKNQSTAVLIFYWHMCP>
#	G	D	E	R	K	N	Q	S	T	A	V	L	I	F	Y	W	H	M	C	P
0	0.12281	0.01936	0.02090	0.01653	0.02272	0.02063	0.01352	0.31447	0.09399	0.15960	0.02332	0.02273	0.01647	0.00988	0.00788	0.00251	0.00792	0.00751	0.04137	0.05587
1	0.06253	0.01462	0.01764	0.04229	0.02099	0.01572	0.03788	0.06682	0.24044	0.03295	0.15312	0.12503	0.03872	0.01461	0.00916	0.00288	0.00669	0.04959	0.00790	0.04040
2	0.01771	0.01534	0.02379	0.32478	0.17679	0.01695	0.01960	0.06018	0.01907	0.02644	0.02022	0.09398	0.01784	0.01034	0.00837	0.00264	0.00928	0.00922	0.07444	0.05301
3	0.01111	0.00830	0.01061	0.01172	0.01311	0.00739	0.00803	0.01288	0.01664	0.02244	0.04615	0.58403	0.09030	0.02419	0.01033	0.00319	0.00504	0.02178	0.00760	0.08516
4	0.02968	0.02147	0.02292	0.01792	0.02400	0.02370	0.01469	0.51575	0.06080	0.04996	0.02199	0.02241	0.01592	0.01023	0.00817	0.00249	0.00853	0.00778	0.10803	0.01355
5	0.01077	0.00772	0.01023	0.01157	0.01243	0.00718	0.00793	0.01286	0.01817	0.02470	0.19013	0.54365	0.06205	0.02444	0.01066	0.00327	0.00472	0.02208	0.00825	0.00718
6	0.05165	0.01681	0.03222	0.04754	0.03117	0.01665	0.31971	0.02140	0.01825	0.02573	0.04984	0.22837	0.02838	0.01409	0.01119	0.00308	0.05465	0.01404	0.00558	0.00964
7	0.01204	0.00870	0.01138	0.01071	0.01271	0.00803	0.00803	0.01606	0.02409	0.03413	0.64335	0.06357	0.08030	0.01740	0.01004	0.00268	0.00401	0.01539	0.00937	0.00803
8	0.03235	0.02384	0.02554	0.01958	0.02639	0.02639	0.01618	0.61946	0.04001	0.05363	0.02043	0.02043	0.01447	0.01022	0.00851	0.00255	0.00936	0.00766	0.00851	0.01447
9	0.44543	0.06101	0.05095	0.01164	0.01661	0.01691	0.01022	0.02429	0.01594	0.06320	0.01665	0.01912	0.01293	0.00924	0.00679	0.03040	0.00658	0.00572	0.16710	0.00928
10	0.02343	0.60466	0.07255	0.01565	0.02304	0.06088	0.01556	0.06008	0.01894	0.02233	0.01255	0.01433	0.01112	0.00756	0.00586	0.00192	0.00957	0.00486	0.00395	0.01116
11	0.67579	0.01622	0.01336	0.01166	0.01708	0.01831	0.00960	0.02696	0.01565	0.11078	0.01441	0.01561	0.01061	0.00821	0.00565	0.00263	0.00666	0.00507	0.00589	0.00984
12	0.01667	0.01451	0.02194	0.12678	0.02883	0.01560	0.10018	0.02628	0.17306	0.02779	0.05414	0.08285	0.03337	0.01568	0.01011	0.00327	0.00879	0.22321	0.00694	0.00999
13	0.01620	0.01530	0.02555	0.64826	0.05684	0.01926	0.02339	0.02168	0.01682	0.02168	0.01493	0.02249	0.01134	0.00882	0.00946	0.00288	0.04433	0.00756	0.00378	0.00945
14	0.01451	0.00913	0.01204	0.01130	0.01359	0.00835	0.00847	0.01813	0.02314	0.09590	0.50636	0.13913	0.07124	0.01786	0.00999	0.00277	0.00446	0.01579	0.00930	0.00855
15	0.01053	0.00753	0.01002	0.01174	0.01238	0.00702	0.00791	0.01225	0.01703	0.02290	0.10344	0.63548	0.05856	0.02578	0.01078	0.00338	0.00485	0.02336	0.00804	0.00702
16	0.01051	0.00752	0.01001	0.01175	0.01238	0.00701	0.00791	0.01222	0.01697	0.02280	0.09883	0.64037	0.05838	0.02585	0.01079	0.00339	0.00486	0.02343	0.00803	0.00701
17	0.02191	0.01137	0.01476	0.01271	0.01646	0.01040	0.00992	0.05574	0.02413	0.24801	0.32347	0.10460	0.07963	0.01563	0.00952	0.00273	0.00550	0.01350	0.00953	0.01046
18	0.07958	0.01720	0.02013	0.01612	0.02213	0.01753	0.01312	0.16918	0.14488	0.33467	0.05436	0.02803	0.02219	0.01077	0.00841	0.00267	0.00744	0.00859	0.00933	0.01368
19	0.01361	0.01042	0.01221	0.01183	0.01419	0.01028	0.00871	0.05413	0.09351	0.02982	0.26775	0.20315	0.16857	0.04861	0.01141	0.00315	0.00511	0.01659	0.00844	0.00852
20	0.02059	0.01756	0.01928	0.01844	0.05190	0.01989	0.01358	0.07067	0.50647	0.03474	0.03587	0.07621	0.05166	0.01268	0.00884	0.00289	0.00682	0.01071	0.00835	0.01284
21	0.71313	0.01658	0.01294	0.01159	0.01682	0.01923	0.00949	0.02632	0.05450	0.03801	0.01333	0.01499	0.01030	0.00814	0.00549	0.00265	0.00659	0.00493	0.00549	0.00949
22	0.01939	0.02140	0.04461	0.07661	0.07408	0.02099	0.48436	0.02578	0.01924	0.02627	0.01782	0.04953	0.01447	0.00857	0.01106	0.00293	0.05724	0.01015	0.00437	0.01113
23	0.01355	0.00907	0.01163	0.01077	0.01317	0.00823	0.00815	0.01731	0.02360	0.07359	0.54304	0.06328	0.13745	0.01740	0.00994	0.00270	0.00426	0.01522	0.00929	0.00836
24	0.01213	0.00821	0.00929	0.00942	0.00959	0.00811	0.00540	0.01233	0.01298	0.01716	0.03104	0.09896	0.06263	0.62342	0.03956	0.00767	0.00784	0.01342	0.00547	0.00537
25	0.01037	0.00741	0.00987	0.01185	0.01234	0.00691	0.00790	0.01185	0.01629	0.02172	0.04690	0.69537	0.05629	0.02666	0.01086	0.00346	0.00494	0.02419	0.00790	0.00691
26	0.01478	0.00739	0.01109	0.01109	0.01109	0.00739	0.00739	0.01109	0.01109	0.01478	0.01478	0.02587	0.01478	0.02956	0.03326	0.75240	0.00739	0.00739	0.00370	0.00370
27	0.01727	0.04265	0.61733	0.02501	0.03733	0.01988	0.06956	0.02697	0.01811	0.02697	0.01540	0.01829	0.01092	0.00803	0.00821	0.00271	0.01269	0.00653	0.00364	0.01251
28	0.01660	0.00864	0.00872	0.00845	0.01065	0.00876	0.00641	0.04664	0.01884	0.03271	0.02743	0.03122	0.02148	0.00993	0.00606	0.00201	0.00421	0.00792	0.71509	0.00822
29	0.01644	0.01300	0.01505	0.01432	0.01744	0.01388	0.01113	0.06082	0.24259	0.03277	0.21943	0.13290	0.06753	0.01694	0.00978	0.00301	0.00592	0.08822	0.00864	0.01017
30	0.02303	0.45491	0.12447	0.01588	0.02337	0.02712	0.01625	0.05262	0.01967	0.08740	0.06794	0.02029	0.01791	0.00870	0.00666	0.00213	0.00899	0.00625	0.00502	0.01143
31	0.08154	0.01282	0.01576	0.07811	0.02095	0.01265	0.01140	0.05352	0.05179	0.09561	0.25063	0.04441	0.06849	0.01337	0.00877	0.00258	0.00628	0.04872	0.00773	0.11489
32	0.01787	0.01932	0.07289	0.44382	0.07106	0.01990	0.15953	0.04756	0.01878	0.02482	0.01585	0.02230	0.01186	0.00822	0.00883	0.00281	0.01199	0.00805	0.00409	0.01045
33	0.11009	0.55916	0.03778	0.01392	0.02045	0.02967	0.01342	0.02452	0.01716	0.02292	0.04516	0.01707	0.01475	0.01016	0.03233	0.00244	0.00909	0.00531	0.00417	0.01043
34	0.01086	0.00768	0.01004	0.01175	0.01228	0.00728	0.00791	0.01230	0.01598	0.02127	0.04408	0.57028	0.05240	0.11717	0.01529	0.00413	0.00557	0.05948	0.00753	0.00674
35	0.07215	0.04659	0.01926	0.01548	0.02066	0.04546	0.01253	0.11182	0.16290	0.15266	0.03234	0.07096	0.06381	0.01268	0.00849	0.00268	0.00746	0.05886	0.00791	0.07531
36	0.58015	0.01637	0.01382	0.01220	0.01708	0.01865	0.00980	0.09905	0.01774	0.03794	0.01602	0.06158	0.01411	0.04552	0.00803	0.00297	0.00692	0.00669	0.00585	0.00952
37	0.01220	0.00914	0.01175	0.01174	0.01391	0.00809	0.00852	0.01498	0.01923	0.02694	0.24039	0.35466	0.05715	0.02027	0.00991	0.00287	0.00496	0.04142	0.00794	0.12390
38	0.01606	0.01465	0.02437	0.63633	0.05542	0.01819	0.02247	0.02162	0.01707	0.02240	0.01596	0.02328	0.01203	0.00860	0.00834	0.00278	0.01086	0.00759	0.05264	0.00935
39	0.02275	0.70604	0.04459	0.01456	0.02184	0.03367	0.01456	0.02548	0.01729	0.02002	0.01183	0.01365	0.01092	0.00728	0.00546	0.00182	0.00910	0.00455	0.00364	0.01092
40	0.64910	0.01727	0.01328	0.01181	0.01689	0.04660	0.00962	0.05116	0.01624	0.03769	0.01332	0.01535	0.01034	0.00817	0.00556	0.00257	0.00691	0.00500	0.05374	0.00939
41	0.02086	0.01776	0.05919	0.01533	0.02136	0.01608	0.01291	0.07064	0.24814	0.09206	0.05904	0.03245	0.08302	0.01100	0.00818	0.00239	0.00686	0.00904	0.00751	0.20616
42	0.01562	0.00949	0.01217	0.01114	0.01388	0.00852	0.00848	0.01912	0.02304	0.12537	0.43976	0.09561	0.14986	0.01746	0.00986	0.00274	0.00459	0.01521	0.00926	0.00882
43	0.02041	0.01822	0.03074	0.25603	0.41870	0.01935	0.02452	0.02557	0.01889	0.06180	0.01673	0.02205	0.01322	0.00806	0.00846	0.00263	0.01035	0.00763	0.00443	0.01222
44	0.76103	0.01646	0.01251	0.01119	0.01646	0.01909	0.00922	0.02502	0.01448	0.03818	0.01185	0.01382	0.00922	0.00790	0.00527	0.00263	0.00658	0.00461	0.00527	0.00922
45	0.01813	0.01799	0.02609	0.26822	0.03695	0.06276	0.07273	0.02202	0.01631	0.02232	0.01589	0.05082	0.01400	0.01163	0.01567	0.00310	0.25857	0.00836	0.04902	0.00941
46	0.01478	0.00739	0.01109	0.01109	0.01109	0.00739	0.00739	0.01109	0.01109	0.01478	0.01478	0.02587	0.01478	0.02956	0.03326	0.75240	0.00739	0.00739	0.00370	0.00370
47	0.03173	0.01666	0.02027	0.01628	0.02218	0.01662	0.01332	0.17165	0.11908	0.36066	0.06305	0.03252	0.02475	0.01161	0.00880	0.00272	0.00751	0.03735	0.00960	0.01367
48	0.01803	0.02050	0.07476	0.06648	0.03326	0.02123	0.25878	0.02278	0.01672	0.02377	0.01751	0.07750	0.01599	0.01377	0.04071	0.00361	0.25024	0.00988	0.00433	0.01014
49	0.01019	0.00844	0.00893	0.00920	0.01168	0.00718	0.00675	0.01233	0.01913	0.02329	0.10476	0.17387	0.53065	0.02214	0.01018	0.00295	0.00439	0.01879	0.00797	0.00718
50	0.02049	0.01911	0.07013	0.02562	0.05007	0.01712	0.27590	0.05898	0.02038	0.10675	0.02635	0.18810	0.02450	0.01297	0.01058	0.00298	0.04011	0.01277	0.00615	0.01094
51	0.01951	0.01570	0.01827	0.01420	0.01978	0.01467	0.01127	0.12799	0.02092	0.03100	0.01920	0.06561	0.01722	0.04741	0.01087	0.00228	0.06524	0.00755	0.04847	0.42286
52	0.01881	0.01398	0.01791	0.01512	0.01958	0.01304	0.04538	0.13392	0.02193	0.06801	0.03068	0.30275	0.03177	0.01588	0.00899	0.00260	0.00684	0.01406	0.00719	0.21157
53	0.04860	0.07029	0.46422	0.02389	0.03467	0.06233	0.08983	0.02805	0.01876	0.05933	0.01600	0.01853	0.01150	0.00812	0.00806	0.00263	0.01227	0.00660	0.00415	0.01217
54	0.06788	0.30905	0.11773	0.01743	0.02385	0.16961	0.01656	0.02804	0.05233	0.02389	0.01485	0.01703	0.01235	0.00853	0.00758	0.00223	0.04237	0.00564	0.05239	0.01068
55	0.06430	0.01812	0.01936	0.01646	0.02186	0.01990	0.01305	0.13608	0.38023	0.08956	0.03212	0.03011	0.05114	0.01117	0.00835	0.00269	0.00706	0.00903	0.00834	0.06107
56	0.01856	0.01462	0.01955	0.01600	0.02065	0.01419	0.08751	0.15788	0.02487	0.05702	0.12630	0.08025	0.21636	0.01558	0.00957	0.00276	0.00721	0.05067	0.00772	0.05273
57	0.01070	0.00764	0.01026	0.01223	0.01287	0.00720	0.00848	0.01243	0.01662	0.02210	0.04672	0.63556	0.05556	0.02635	0.01095	0.00350	0.00523	0.08070	0.00789	0.00700
58	0.01765	0.01513	0.01765	0.01260	0.02017	0.01134	0.01008	0.02143	0.01765	0.02773	0.01513	0.01765	0.01260	0.00630	0.00630	0.00126	0.00630	0.00504	0.00504	0.75295
59	0.03089	0.02311	0.02472	0.01928	0.02583	0.02571	0.01582	0.54438	0.11747	0.05128	0.02229	0.02191	0.01598	0.01039	0.00853	0.00260	0.00902	0.00792	0.00853	0.01434
60	0.02315	0.01844	0.04829	0.01674	0.02176	0.01837	0.01380	0.27659	0.06257	0.06524	0.05345	0.17690	0.02727	0.01411	0.00989	0.00272	0.04291	0.01158	0.00768	0.08855
61	0.05927	0.01965	0.03271	0.12801	0.17929	0.04595	0.19690	0.02687	0.04840	0.06333	0.05812	0.02482	0.01789	0.00910	0.01002	0.00277	0.05167	0.00872	0.00512	0.01138
62	0.02275	0.70604	0.04459	0.01456	0.02184	0.03367	0.01456	0.02548	0.01729	0.02002	0.01183	0.01365	0.01092	0.00728	0.00546	0.00182	0.00910	0.00455	0.00364	0.01092
63	0.02074	0.01989	0.03396	0.09291	0.60968	0.02013	0.02596	0.02583	0.01922	0.02741	0.01595	0.02117	0.01334	0.00764	0.00843	0.00255	0.01019	0.00758	0.00418	0.01322
64	0.01732	0.07375	0.62934	0.02382	0.03616	0.02039	0.03068	0.02688	0.01794	0.02664	0.01512	0.01777	0.01079	0.00805	0.00797	0.00266	0.01242	0.00621	0.00360	0.01250
65	0.03738	0.01466	0.01973	0.01524	0.02174	0.01292	0.01255	0.04165	0.05314	0.62448	0.03362	0.02910	0.02130	0.01058	0.00856	0.00265	0.00722	0.00861	0.01044	0.01443
66	0.02859	0.02021	0.02153	0.01693	0.02264	0.02219	0.01385	0.48285	0.03496	0.04864	0.02210	0.02301	0.01614	0.01015	0.00793	0.00242	0.00813	0.00772	0.17703	0.01298
67	0.01604	0.01602	0.03111	0.06388	0.03127	0.01514	0.30663	0.02102	0.01934	0.02644	0.11210	0.20594	0.03365	0.01378	0.00999	0.00292	0.00986	0.01414	0.00596	0.04476
68	0.01785	0.01720	0.02394	0.05680	0.02295	0.02350	0.01743	0.02008	0.01390	0.02142	0.01638	0.02300	0.04485	0.01456	0.02449	0.00352	0.56817	0.00803	0.05281	0.00912
69	0.02397	0.01759	0.01880	0.01596	0.02089	0.01947	0.01268	0.20640	0.30190	0.07188	0.03142	0.03036	0.04697	0.01125	0.00822	0.00263	0.00697	0.00906	0.13095	0.01264
70	0.01372	0.00920	0.01074	0.01017	0.01303	0.00800	0.00769	0.01652	0.02116	0.09434	0.24833	0.11053	0.36639	0.01943	0.00994	0.00283	0.00458	0.01657	0.00863	0.00821
71	0.01238	0.00825	0.00928	0.00928	0.00928	0.00825	0.00516	0.01238	0.01238	0.01650	0.02681	0.05569	0.03094	0.70092	0.04331	0.00825	0.00825	0.01238	0.00516	0.00516
72	0.01156	0.00868	0.01071	0.01020	0.01242	0.00783	0.00765	0.01513	0.02296	0.03144	0.50879	0.06800	0.21653	0.01840	0.01004	0.00272	0.00409	0.01601	0.00901	0.00783
73	0.06920	0.02045	0.03661	0.06989	0.43465	0.02042	0.17069	0.02616	0.01914	0.02811	0.01600	0.02112	0.01298	0.00754	0.00862	0.00263	0.01097	0.00799	0.00429	0.01255
74	0.17660	0.01949	0.01965	0.01670	0.02217	0.02223	0.01336	0.20437	0.33681	0.04126	0.02591	0.02484	0.01926	0.01042	0.00792	0.00274	0.00745	0.00803	0.00792	0.01288
75	0.01769	0.03967	0.53166	0.02665	0.03841	0.02013	0.15225	0.02701	0.01840	0.02701	0.01567	0.01900	0.01122	0.00790	0.00849	0.00273	0.01294	0.00706	0.00374	0.01235
76	0.02539	0.04305	0.01742	0.01354	0.01822	0.01261	0.01090	0.03114	0.09036	0.31664	0.24720	0.04281	0.06726	0.01334	0.00901	0.00265	0.00602	0.01126	0.00951	0.01167
77	0.01198	0.00870	0.01153	0.01261	0.01424	0.00826	0.00986	0.01506	0.01984	0.02651	0.21113	0.25976	0.11091	0.02260	0.01088	0.00336	0.00566	0.22127	0.00828	0.00756
78	0.69916	0.01629	0.01313	0.01153	0.01691	0.01853	0.00950	0.02642	0.01533	0.09087	0.01371	0.01512	0.01023	0.00813	0.00555	0.00263	0.00664	0.00495	0.00572	0.00967
79	0.02275	0.70604	0.04459	0.01456	0.02184	0.03367	0.01456	0.02548	0.01729	0.02002	0.01183	0.01365	0.01092	0.00728	0.00546	0.00182	0.00910	0.00455	0.00364	0.01092
80	0.01792	0.01124	0.01339	0.01188	0.01517	0.01090	0.00921	0.06700	0.07118	0.11528	0.32637	0.05179	0.12656	0.01513	0.00914	0.00262	0.00508	0.01289	0.09760	0.00967
81	0.06438	0.00849	0.00823	0.00814	0.01034	0.00866	0.00616	0.02017	0.01763	0.03215	0.02673	0.03056	0.02099	0.00978	0.00590	0.00203	0.00414	0.00772	0.69980	0.00802
82	0.01043	0.00745	0.00993	0.01181	0.01236	0.00695	0.00790	0.01201	0.01658	0.02219	0.06915	0.67181	0.05718	0.02632	0.01083	0.00343	0.00490	0.02386	0.00795	0.00695
83	0.03032	0.02165	0.02343	0.01832	0.02448	0.02373	0.01499	0.53009	0.03683	0.07099	0.02288	0.06214	0.01763	0.01120	0.00852	0.00258	0.00873	0.00871	0.04913	0.01366
84	0.03602	0.01450	0.01938	0.01510	0.02139	0.01289	0.01239	0.04069	0.06394	0.58853	0.05820	0.03054	0.02377	0.01088	0.00862	0.00265	0.00708	0.00890	0.01036	0.01416
85	0.01225	0.00820	0.00932	0.00944	0.00947	0.00817	0.00532	0.01234	0.01261	0.01682	0.02803	0.09435	0.03247	0.66017	0.04135	0.00796	0.00805	0.01309	0.00532	0.00526
86	0.01598	0.00959	0.01255	0.01130	0.01405	0.00868	0.00866	0.01981	0.02394	0.12896	0.52714	0.05899	0.09391	0.01651	0.00981	0.00268	0.00452	0.01444	0.00949	0.00899
87	0.01236	0.00831	0.00957	0.00957	0.00966	0.00840	0.00551	0.01256	0.01246	0.01671	0.02655	0.05425	0.03031	0.65967	0.08371	0.00860	0.00919	0.01216	0.00512	0.00531
88	0.02055	0.01655	0.01790	0.01617	0.02068	0.01857	0.01264	0.04009	0.49977	0.06824	0.07510	0.03916	0.06989	0.01294	0.00894	0.00290	0.00648	0.03212	0.00873	0.01258
89	0.03184	0.02206	0.02357	0.01843	0.02478	0.05111	0.01508	0.44439	0.06202	0.14970	0.05239	0.02416	0.01903	0.01060	0.00856	0.00257	0.00891	0.00817	0.00871	0.01392
90	0.62422	0.01897	0.07546	0.04201	0.02051	0.01885	0.01214	0.02580	0.01537	0.06402	0.01330	0.01529	0.00999	0.00806	0.00583	0.00265	0.00740	0.00508	0.00528	0.00979
91	0.02136	0.02537	0.14131	0.03312	0.26821	0.10247	0.05798	0.02662	0.02033	0.06312	0.09795	0.02573	0.02164	0.00965	0.00965	0.00263	0.04758	0.00829	0.00514	0.01185
92	0.02060	0.02630	0.14545	0.04009	0.29745	0.05427	0.23611	0.02707	0.01964	0.02710	0.01616	0.02091	0.01269	0.00758	0.00890	0.00266	0.01231	0.00813	0.00415	0.01243
93	0.01044	0.00746	0.00994	0.01180	0.01236	0.00696	0.00791	0.01204	0.01664	0.02228	0.07369	0.66700	0.05736	0.02625	0.01083	0.00342	0.00490	0.02380	0.00797	0.00696
94	0.06162	0.01151	0.01119	0.01069	0.01368	0.04524	0.00821	0.03928	0.02113	0.02807	0.19564	0.06557	0.36149	0.01813	0.00943	0.00277	0.00533	0.04010	0.04292	0.00800
95	0.01163	0.00899	0.01067	0.01053	0.01275	0.00828	0.00778	0.01571	0.05311	0.02877	0.34307	0.15861	0.25928	0.01979	0.01009	0.00286	0.00439	0.01720	0.00864	0.00787
96	0.02257	0.01898	0.02003	0.01760	0.02266	0.02182	0.01381	0.11732	0.55808	0.03786	0.03285	0.03033	0.02453	0.01138	0.00864	0.00284	0.00707	0.00938	0.00864	0.01360
97	0.01349	0.00822	0.00899	0.00917	0.01061	0.00797	0.00640	0.01593	0.01676	0.02540	0.06713	0.08654	0.11126	0.21492	0.01815	0.00414	0.00552	0.04212	0.32030	0.00697
98	0.01035	0.00747	0.00981	0.01169	0.01230	0.00693	0.00783	0.01187	0.01645	0.02179	0.04883	0.66534	0.08507	0.02641	0.01082	0.00343	0.00491	0.02389	0.00790	0.00693
99	0.02076	0.01991	0.03400	0.09021	0.61222	0.02014	0.02597	0.02585	0.01923	0.02744	0.01595	0.02116	0.01335	0.00764	0.00843	0.00255	0.01018	0.00758	0.00419	0.01324
100	0.01027	0.00863	0.00891	0.00884	0.01162	0.00727	0.00663	0.01262	0.01989	0.02416	0.14490	0.07997	0.58496	0.02111	0.01006	0.00285	0.00428	0.01769	0.00806	0.00727
101	0.01964	0.02167	0.06213	0.07393	0.04102	0.02021	0.46122	0.05827	0.02106	0.02853	0.04653	0.02918	0.01814	0.00897	0.00991	0.00290	0.01295	0.04767	0.00493	0.01116
102	0.01478	0.00739	0.01109	0.01109	0.01109	0.00739	0.00739	0.01109	0.01109	0.01478	0.01478	0.02587	0.01478	0.02956	0.03326	0.75240	0.00739	0.00739	0.00370	0.00370
103	0.06788	0.13028	0.32388	0.02553	0.13442	0.02154	0.02379	0.07620	0.01966	0.02876	0.01719	0.06227	0.01446	0.00927	0.00780	0.00257	0.01049	0.00744	0.00452	0.01206
104	0.01865	0.08239	0.47636	0.05414	0.03718	0.02124	0.10223	0.06072	0.01941	0.02784	0.01558	0.01866	0.01129	0.00806	0.00820	0.00266	0.01233	0.00678	0.00398	0.01230
105	0.33505	0.01895	0.01901	0.05581	0.02334	0.08625	0.05178	0.03138	0.10527	0.13877	0.02005	0.02090	0.01463	0.00902	0.00710	0.00263	0.00834	0.00674	0.03410	0.01090
106	0.02056	0.01939	0.02708	0.02165	0.02526	0.07336	0.13685	0.08100	0.01822	0.02493	0.01458	0.02064	0.01266	0.01412	0.01931	0.14125	0.22694	0.00756	0.00451	0.09012
107	0.01831	0.06143	0.19139	0.04597	0.08120	0.01638	0.01853	0.08277	0.02225	0.05871	0.18595	0.06197	0.03562	0.01298	0.00903	0.00276	0.00855	0.06880	0.00656	0.01085

[dist]
# distance from previous block
# <min> <max>
0	5

[block]
# block no. 2 follows, 21 sequences, length 153
# corresponding to MSA columns:
# 248-400
name=unknown_C
#
# <colnr> <probs for GDERKNQSTAVLIFYWHMCP>
#	G	D	E	R	K	N	Q	S	T	A	V	L	I	F	Y	W	H	M	C	P
0	0.42403	0.01943	0.01852	0.04798	0.02265	0.02209	0.01280	0.26950	0.02512	0.04372	0.01554	0.01699	0.01149	0.00888	0.00676	0.00261	0.00796	0.00601	0.00653	0.01139
1	0.02534	0.01835	0.02049	0.01625	0.02196	0.01875	0.01296	0.34426	0.02965	0.07255	0.02420	0.12208	0.02137	0.04347	0.00999	0.00268	0.00789	0.00982	0.00763	0.17031
2	0.01708	0.01635	0.10969	0.01714	0.05239	0.01226	0.04870	0.02291	0.05343	0.10403	0.32521	0.08396	0.07245	0.01452	0.00947	0.00274	0.00676	0.01286	0.00793	0.01011
3	0.61063	0.01910	0.04772	0.07646	0.02209	0.05527	0.01215	0.02530	0.01544	0.03506	0.01241	0.01497	0.00960	0.00802	0.00586	0.00263	0.00784	0.00503	0.00499	0.00945
4	0.01218	0.00902	0.01316	0.01316	0.01450	0.01036	0.00999	0.01487	0.01352	0.01937	0.02327	0.03604	0.02241	0.13861	0.59397	0.01304	0.02109	0.00950	0.00463	0.00731
5	0.08661	0.02334	0.02440	0.12368	0.03071	0.08044	0.01684	0.42747	0.03300	0.04452	0.01829	0.01983	0.01326	0.00964	0.00819	0.00257	0.00998	0.00722	0.00715	0.01287
6	0.01235	0.00894	0.01045	0.00992	0.01256	0.00784	0.00749	0.01544	0.02184	0.05878	0.34532	0.07073	0.34926	0.01907	0.00998	0.00277	0.00431	0.01630	0.00872	0.00793
7	0.02010	0.10222	0.06879	0.16206	0.09959	0.02233	0.25731	0.02569	0.01843	0.04895	0.01598	0.02118	0.01245	0.00844	0.01067	0.00277	0.07948	0.00816	0.00426	0.01115
8	0.01478	0.00739	0.01109	0.01109	0.01109	0.00739	0.00739	0.01109	0.01109	0.01478	0.01478	0.02587	0.01478	0.02956	0.03326	0.75240	0.00739	0.00739	0.00370	0.00370
9	0.02726	0.01209	0.01611	0.01317	0.01793	0.01060	0.01056	0.03073	0.02393	0.39733	0.24804	0.04446	0.08311	0.01364	0.00917	0.00266	0.00593	0.01155	0.00995	0.01176
10	0.02238	0.01888	0.01993	0.01756	0.02259	0.02173	0.01376	0.10764	0.56807	0.03756	0.03309	0.03052	0.02473	0.01140	0.00864	0.00285	0.00702	0.00941	0.00864	0.01358
11	0.02096	0.02041	0.03541	0.04849	0.54659	0.02042	0.09035	0.02731	0.05368	0.02818	0.01718	0.02187	0.01412	0.00776	0.00862	0.00259	0.01039	0.00797	0.00447	0.01326
12	0.02130	0.01783	0.01966	0.01858	0.05022	0.02018	0.01376	0.10865	0.46653	0.03585	0.03345	0.10286	0.02737	0.01287	0.00887	0.00289	0.00700	0.01090	0.00835	0.01287
13	0.01210	0.00896	0.01277	0.01277	0.01412	0.01012	0.00961	0.01463	0.01373	0.01940	0.02624	0.03902	0.05055	0.16011	0.54176	0.01236	0.01973	0.01001	0.00480	0.00720
14	0.01957	0.01476	0.01750	0.01306	0.01997	0.01169	0.01038	0.02415	0.04800	0.09409	0.01986	0.05879	0.01668	0.00818	0.00692	0.00161	0.00634	0.00675	0.00596	0.59573
15	0.01229	0.00878	0.01209	0.01405	0.01539	0.00857	0.01125	0.01518	0.01819	0.02388	0.04584	0.35024	0.05208	0.02485	0.01138	0.00372	0.00661	0.35032	0.00786	0.00744
16	0.06792	0.06440	0.02546	0.05172	0.02692	0.09811	0.01584	0.43034	0.03339	0.04437	0.01815	0.01910	0.01335	0.00950	0.00797	0.00243	0.00984	0.00695	0.00720	0.04704
17	0.02117	0.05185	0.02586	0.23372	0.03496	0.05345	0.05769	0.14351	0.02164	0.02950	0.01700	0.02188	0.01336	0.01005	0.01158	0.00275	0.13124	0.00753	0.10080	0.01047
18	0.01037	0.00741	0.00987	0.01185	0.01234	0.00691	0.00790	0.01185	0.01629	0.02172	0.04690	0.69537	0.05629	0.02666	0.01086	0.00346	0.00494	0.02419	0.00790	0.00691
19	0.02106	0.01987	0.05351	0.02019	0.05802	0.05080	0.05487	0.09380	0.29090	0.03396	0.08709	0.03030	0.02590	0.01123	0.00969	0.00274	0.04759	0.00927	0.06720	0.01199
20	0.01765	0.01513	0.01765	0.01260	0.02017	0.01134	0.01008	0.02143	0.01765	0.02773	0.01513	0.01765	0.01260	0.00630	0.00630	0.00126	0.00630	0.00504	0.00504	0.75295
21	0.01861	0.01510	0.01775	0.01272	0.02024	0.01140	0.01020	0.02237	0.01796	0.05711	0.01599	0.01818	0.01300	0.00650	0.00641	0.00132	0.00635	0.00521	0.00530	0.71829
22	0.01586	0.00793	0.00793	0.00793	0.00991	0.00793	0.00595	0.01983	0.01785	0.03173	0.02776	0.03173	0.02181	0.00991	0.00595	0.00198	0.00397	0.00793	0.74817	0.00793
23	0.01842	0.01870	0.03528	0.26338	0.11506	0.02016	0.25254	0.02417	0.01816	0.02498	0.01633	0.02270	0.01272	0.00854	0.01074	0.00285	0.07380	0.00853	0.04233	0.01061
24	0.02096	0.01635	0.01891	0.01376	0.02116	0.01359	0.01110	0.10899	0.02127	0.06774	0.01696	0.01870	0.01336	0.00711	0.00675	0.00153	0.00680	0.00562	0.00586	0.60347
25	0.01204	0.00870	0.01138	0.01071	0.01271	0.00803	0.00803	0.01606	0.02409	0.03413	0.64335	0.06357	0.08030	0.01740	0.01004	0.00268	0.00401	0.01539	0.00937	0.00803
26	0.02060	0.01975	0.03370	0.11063	0.59307	0.02010	0.02589	0.02571	0.01916	0.02724	0.01593	0.02121	0.01328	0.00767	0.00843	0.00256	0.01022	0.00758	0.00417	0.01311
27	0.03235	0.02384	0.02554	0.01958	0.02639	0.02639	0.01618	0.61946	0.04001	0.05363	0.02043	0.02043	0.01447	0.01022	0.00851	0.00255	0.00936	0.00766	0.00851	0.01447
28	0.01607	0.01513	0.02552	0.68047	0.05861	0.01891	0.02363	0.02174	0.01702	0.02174	0.01513	0.02269	0.01134	0.00851	0.00851	0.00284	0.01134	0.00756	0.00378	0.00945
29	0.76103	0.01646	0.01251	0.01119	0.01646	0.01909	0.00922	0.02502	0.01448	0.03818	0.01185	0.01382	0.00922	0.00790	0.00527	0.00263	0.00658	0.00461	0.00527	0.00922
30	0.08018	0.01502	0.01958	0.01511	0.02162	0.01351	0.01248	0.06629	0.02448	0.59098	0.03172	0.02770	0.02008	0.01036	0.00836	0.00263	0.00730	0.00829	0.01013	0.01417
31	0.01037	0.00741	0.00987	0.01185	0.01234	0.00691	0.00790	0.01185	0.01629	0.02172	0.04690	0.69537	0.05629	0.02666	0.01086	0.00346	0.00494	0.02419	0.00790	0.00691
32	0.01195	0.00862	0.01129	0.01077	0.01269	0.00796	0.00802	0.01581	0.02363	0.03340	0.60848	0.10050	0.07889	0.01794	0.01009	0.00272	0.00407	0.01590	0.00928	0.00796
33	0.05995	0.01517	0.01727	0.01292	0.01959	0.01281	0.01036	0.07719	0.02026	0.06349	0.05352	0.02176	0.01749	0.00782	0.00676	0.00165	0.00638	0.00621	0.04935	0.52006
34	0.03556	0.05466	0.02099	0.01506	0.02144	0.01412	0.01254	0.06560	0.02465	0.55494	0.06576	0.02962	0.02348	0.01071	0.00846	0.00258	0.00727	0.00867	0.00998	0.01392
35	0.01196	0.00812	0.00936	0.00968	0.00987	0.00799	0.00566	0.01228	0.01329	0.01761	0.03235	0.16268	0.05789	0.56398	0.03670	0.00726	0.00756	0.01454	0.00571	0.00552
36	0.03235	0.02384	0.02554	0.01958	0.02639	0.02639	0.01618	0.61946	0.04001	0.05363	0.02043	0.02043	0.01447	0.01022	0.00851	0.00255	0.00936	0.00766	0.00851	0.01447
37	0.01765	0.01513	0.01765	0.01260	0.02017	0.01134	0.01008	0.02143	0.01765	0.02773	0.01513	0.01765	0.01260	0.00630	0.00630	0.00126	0.00630	0.00504	0.00504	0.75295
38	0.02244	0.67013	0.07780	0.01509	0.02266	0.03292	0.01548	0.02556	0.01733	0.02040	0.01202	0.01389	0.01091	0.00732	0.00560	0.00187	0.00929	0.00464	0.00364	0.01101
39	0.76103	0.01646	0.01251	0.01119	0.01646	0.01909	0.00922	0.02502	0.01448	0.03818	0.01185	0.01382	0.00922	0.00790	0.00527	0.00263	0.00658	0.00461	0.00527	0.00922
40	0.01760	0.01719	0.03211	0.18293	0.03828	0.01755	0.27300	0.06809	0.01994	0.02658	0.02452	0.19386	0.02370	0.01269	0.00976	0.00299	0.01084	0.01287	0.00542	0.01006
41	0.01056	0.00763	0.01003	0.01175	0.01251	0.00709	0.00804	0.01230	0.01699	0.02257	0.07972	0.60625	0.09008	0.02578	0.01081	0.00340	0.00496	0.04452	0.00797	0.00702
42	0.01037	0.00741	0.00987	0.01185	0.01234	0.00691	0.00790	0.01185	0.01629	0.02172	0.04690	0.69537	0.05629	0.02666	0.01086	0.00346	0.00494	0.02419	0.00790	0.00691
43	0.03818	0.01448	0.01975	0.01514	0.02172	0.01251	0.01251	0.04147	0.02436	0.65373	0.03357	0.02897	0.02107	0.01053	0.00856	0.00263	0.00724	0.00856	0.01053	0.01448
44	0.01106	0.00866	0.01002	0.00968	0.01211	0.00761	0.00726	0.01416	0.02177	0.02863	0.36823	0.07262	0.35885	0.01945	0.01005	0.00277	0.00416	0.01666	0.00864	0.00761
45	0.01726	0.01037	0.01292	0.01154	0.01477	0.00950	0.00891	0.02194	0.05878	0.15222	0.37978	0.05860	0.17669	0.01654	0.00967	0.00272	0.00486	0.01423	0.00926	0.00943
46	0.01044	0.00746	0.00994	0.01180	0.01236	0.00696	0.00791	0.01203	0.01662	0.02225	0.07198	0.66881	0.05729	0.02627	0.01083	0.00342	0.00490	0.02382	0.00796	0.00696
47	0.03179	0.04056	0.02412	0.02192	0.02631	0.66676	0.01644	0.03398	0.02412	0.02083	0.01315	0.01535	0.01096	0.00877	0.00767	0.00219	0.01535	0.00548	0.00438	0.00987
48	0.02009	0.02296	0.05022	0.03587	0.04448	0.02152	0.61693	0.02726	0.02009	0.02726	0.01722	0.02296	0.01291	0.00717	0.01004	0.00287	0.01435	0.01004	0.00430	0.01148
49	0.01739	0.01647	0.02790	0.51490	0.21390	0.01925	0.02429	0.02290	0.01764	0.02334	0.01536	0.02226	0.01191	0.00826	0.00849	0.00275	0.01102	0.00757	0.00390	0.01051
50	0.02197	0.31293	0.04394	0.02881	0.13287	0.05919	0.23430	0.02666	0.01899	0.02395	0.01453	0.01832	0.01206	0.00737	0.00772	0.00233	0.01148	0.00708	0.00401	0.01149
51	0.01765	0.01513	0.01765	0.01260	0.02017	0.01134	0.01008	0.02143	0.01765	0.02773	0.01513	0.01765	0.01260	0.00630	0.00630	0.00126	0.00630	0.00504	0.00504	0.75295
52	0.01902	0.01884	0.03415	0.28309	0.31427	0.01998	0.13696	0.02470	0.01863	0.02544	0.01591	0.02203	0.01258	0.00785	0.00876	0.00271	0.01137	0.00804	0.00407	0.01160
53	0.03663	0.07086	0.02206	0.01532	0.02197	0.01493	0.01286	0.06992	0.02459	0.57163	0.03114	0.02729	0.01991	0.01025	0.00831	0.00256	0.00750	0.00819	0.00987	0.01419
54	0.02117	0.01828	0.01924	0.01732	0.02213	0.02117	0.01347	0.04522	0.63246	0.03560	0.03464	0.03175	0.02598	0.01155	0.00866	0.00289	0.00673	0.00962	0.00866	0.01347
55	0.02009	0.02296	0.05022	0.03587	0.04448	0.02152	0.61693	0.02726	0.02009	0.02726	0.01722	0.02296	0.01291	0.00717	0.01004	0.00287	0.01435	0.01004	0.00430	0.01148
56	0.01348	0.00905	0.01192	0.01118	0.01342	0.00835	0.00854	0.01745	0.02389	0.06575	0.58289	0.06335	0.07572	0.01734	0.01004	0.00273	0.00437	0.04284	0.00935	0.00835
57	0.01058	0.00762	0.01007	0.01196	0.01266	0.00712	0.00822	0.01225	0.01665	0.02203	0.04853	0.62806	0.08203	0.02622	0.01089	0.00346	0.00510	0.06167	0.00790	0.00699
58	0.01234	0.00838	0.00992	0.00992	0.01014	0.00860	0.00595	0.01279	0.01256	0.01697	0.02623	0.05246	0.02954	0.60843	0.13389	0.00904	0.01036	0.01190	0.00507	0.00551
59	0.01150	0.00868	0.01062	0.01014	0.01238	0.00780	0.00760	0.01501	0.02281	0.03108	0.49094	0.06858	0.23461	0.01853	0.01004	0.00273	0.00410	0.01609	0.00897	0.00780
60	0.03230	0.02546	0.02540	0.01981	0.02638	0.08839	0.01620	0.56278	0.03847	0.05046	0.01973	0.01994	0.01413	0.01008	0.00843	0.00252	0.00994	0.00745	0.00811	0.01403
61	0.02022	0.01629	0.01769	0.01601	0.02042	0.01824	0.01250	0.03929	0.48508	0.06516	0.09789	0.03995	0.06647	0.01308	0.00898	0.00289	0.00640	0.03227	0.00875	0.01242
62	0.01893	0.02095	0.04442	0.03234	0.03970	0.01997	0.51913	0.02534	0.01978	0.02701	0.05392	0.06988	0.01950	0.00934	0.01079	0.00293	0.03917	0.01118	0.00480	0.01090
63	0.03179	0.04056	0.02412	0.02192	0.02631	0.66676	0.01644	0.03398	0.02412	0.02083	0.01315	0.01535	0.01096	0.00877	0.00767	0.00219	0.01535	0.00548	0.00438	0.00987
64	0.01215	0.00816	0.00935	0.00956	0.00962	0.00810	0.00546	0.01232	0.01281	0.01707	0.02902	0.12600	0.03372	0.62681	0.03975	0.00772	0.00789	0.01367	0.00546	0.00535
65	0.01185	0.00869	0.01111	0.01050	0.01260	0.00795	0.00788	0.01569	0.02364	0.03305	0.58957	0.06534	0.13475	0.01780	0.01004	0.00270	0.00404	0.01564	0.00923	0.00795
66	0.02834	0.02166	0.02309	0.01848	0.02458	0.02413	0.01501	0.43771	0.19866	0.04741	0.02719	0.02622	0.04566	0.01108	0.00862	0.00266	0.00843	0.00865	0.00853	0.01388
