[name]
unknown

[dist]
# distance from previous block
# <min> <max>
0	18

[block]
# block no. 0 follows, 23 sequences, length 43
# corresponding to MSA columns:
# 18-60
name=unknown_A
#
# <colnr> <probs for GDERKNQSTAVLIFYWHMCP>
#	G	D	E	R	K	N	Q	S	T	A	V	L	I	F	Y	W	H	M	C	P
0	0.02227	0.13243	0.02541	0.01764	0.02279	0.04615	0.06609	0.21083	0.15779	0.03285	0.02371	0.05082	0.02038	0.04059	0.03911	0.00322	0.00923	0.06094	0.00654	0.01122
1	0.10646	0.07931	0.02400	0.14868	0.09876	0.04556	0.01622	0.10325	0.05021	0.13463	0.01793	0.02011	0.01337	0.00894	0.00895	0.00249	0.06643	0.00673	0.00571	0.04228
2	0.08292	0.07166	0.07329	0.01592	0.02130	0.01535	0.07096	0.07503	0.02047	0.19725	0.09619	0.03284	0.04819	0.04791	0.06884	0.00370	0.00912	0.03169	0.00682	0.01054
3	0.10523	0.18149	0.11398	0.07663	0.05744	0.04637	0.06875	0.02392	0.05889	0.02457	0.02158	0.05726	0.05794	0.01023	0.00827	0.00252	0.03949	0.03073	0.00470	0.01001
4	0.43499	0.01993	0.12345	0.01371	0.02011	0.01721	0.01303	0.05392	0.04106	0.07965	0.03912	0.01792	0.01352	0.00818	0.00622	0.00241	0.00728	0.00567	0.00551	0.07712
5	0.21627	0.20767	0.11186	0.01435	0.02055	0.02094	0.01379	0.10589	0.01950	0.03071	0.08583	0.05496	0.01993	0.00953	0.00666	0.00229	0.00770	0.00708	0.00536	0.03913
6	0.03085	0.02273	0.02435	0.01867	0.02516	0.02516	0.01542	0.63716	0.03815	0.05114	0.01948	0.01948	0.01380	0.00974	0.00812	0.00244	0.00893	0.00731	0.00812	0.01380
7	0.01159	0.00869	0.01304	0.01304	0.01449	0.01014	0.01014	0.01449	0.01304	0.01884	0.02173	0.03188	0.02029	0.06086	0.68268	0.01304	0.02173	0.00869	0.00435	0.00724
8	0.02018	0.01743	0.01835	0.01651	0.02110	0.02018	0.01284	0.04312	0.64956	0.03394	0.03303	0.03027	0.02477	0.01101	0.00826	0.00275	0.00642	0.00917	0.00826	0.01284
9	0.02083	0.47720	0.21796	0.01702	0.02517	0.07827	0.01854	0.02531	0.01717	0.02100	0.01230	0.01430	0.01038	0.00727	0.00607	0.00200	0.01006	0.00487	0.00351	0.01078
10	0.03031	0.03867	0.02299	0.02090	0.02508	0.68226	0.01568	0.03240	0.02299	0.01986	0.01254	0.01463	0.01045	0.00836	0.00732	0.00209	0.01463	0.00523	0.00418	0.00941
11	0.00989	0.00706	0.00942	0.01130	0.01177	0.00659	0.00753	0.01130	0.01554	0.02071	0.04472	0.70954	0.05367	0.02542	0.01036	0.00330	0.00471	0.02307	0.00753	0.00659
12	0.00959	0.00822	0.00822	0.00822	0.01096	0.00685	0.00617	0.01165	0.01850	0.02192	0.08220	0.07809	0.66092	0.02055	0.00959	0.00274	0.00411	0.01713	0.00754	0.00685
13	0.77215	0.01569	0.01193	0.01067	0.01569	0.01820	0.00879	0.02385	0.01381	0.03641	0.01130	0.01318	0.00879	0.00753	0.00502	0.00251	0.00628	0.00439	0.00502	0.00879
14	0.02018	0.01743	0.01835	0.01651	0.02110	0.02018	0.01284	0.04312	0.64956	0.03394	0.03303	0.03027	0.02477	0.01101	0.00826	0.00275	0.00642	0.00917	0.00826	0.01284
15	0.00999	0.00714	0.00951	0.01123	0.01179	0.00666	0.00754	0.01156	0.01603	0.02150	0.08540	0.66663	0.05518	0.02484	0.01030	0.00325	0.00465	0.02251	0.00762	0.00666
16	0.01001	0.00711	0.00938	0.01114	0.01158	0.00668	0.00736	0.01133	0.01529	0.02038	0.04346	0.66613	0.05207	0.07101	0.01240	0.00360	0.00492	0.02232	0.00736	0.00648
17	0.09285	0.01395	0.01830	0.01415	0.02033	0.01241	0.01169	0.03834	0.02250	0.62124	0.03042	0.02651	0.01922	0.00985	0.00792	0.00251	0.00686	0.00787	0.00966	0.01342
18	0.00959	0.00822	0.00822	0.00822	0.01096	0.00685	0.00617	0.01165	0.01850	0.02192	0.08220	0.07809	0.66092	0.02055	0.00959	0.00274	0.00411	0.01713	0.00754	0.00685
19	0.01286	0.00883	0.00987	0.00958	0.01016	0.00890	0.00579	0.05312	0.01405	0.01861	0.02887	0.08133	0.06134	0.60258	0.03613	0.00705	0.00761	0.01227	0.00538	0.00568
20	0.77215	0.01569	0.01193	0.01067	0.01569	0.01820	0.00879	0.02385	0.01381	0.03641	0.01130	0.01318	0.00879	0.00753	0.00502	0.00251	0.00628	0.00439	0.00502	0.00879
21	0.06268	0.03701	0.02257	0.02037	0.02468	0.62619	0.01537	0.05698	0.02322	0.02187	0.01277	0.01477	0.01052	0.00838	0.00725	0.00212	0.01403	0.00528	0.00438	0.00956
22	0.01070	0.00766	0.01005	0.01069	0.01180	0.00714	0.00747	0.01316	0.01878	0.02592	0.32616	0.38288	0.06311	0.05173	0.01136	0.00316	0.00444	0.01872	0.00806	0.00701
23	0.00982	0.00734	0.00913	0.01056	0.01158	0.00665	0.00721	0.01138	0.01624	0.02100	0.05367	0.55878	0.19865	0.02426	0.01017	0.00316	0.00456	0.02165	0.00753	0.00665
24	0.01113	0.00828	0.01036	0.00984	0.01191	0.00751	0.00738	0.01464	0.02214	0.03058	0.55331	0.06384	0.18441	0.01732	0.00957	0.00259	0.00388	0.01513	0.00867	0.00751
25	0.03085	0.02273	0.02435	0.01867	0.02516	0.02516	0.01542	0.63716	0.03815	0.05114	0.01948	0.01948	0.01380	0.00974	0.00812	0.00244	0.00893	0.00731	0.00812	0.01380
26	0.00976	0.00823	0.00846	0.00840	0.01107	0.00692	0.00630	0.01198	0.01890	0.02289	0.13476	0.07650	0.60776	0.02019	0.00959	0.00272	0.00408	0.01690	0.00766	0.00692
27	0.03174	0.02130	0.02347	0.01799	0.02445	0.02304	0.01486	0.54135	0.03576	0.15033	0.02149	0.02079	0.01481	0.00979	0.00812	0.00245	0.00860	0.00744	0.00843	0.01380
28	0.01033	0.00741	0.00982	0.01099	0.01187	0.00689	0.00757	0.01242	0.01761	0.02402	0.21658	0.52826	0.06006	0.02295	0.01014	0.00309	0.00446	0.02072	0.00792	0.00689
29	0.02610	0.02120	0.02022	0.01668	0.02175	0.10478	0.01333	0.34291	0.15019	0.04037	0.02237	0.02274	0.01665	0.00976	0.00763	0.00236	0.00831	0.00744	0.13316	0.01202
30	0.00987	0.00818	0.00863	0.00862	0.01115	0.00695	0.00643	0.01214	0.01900	0.02335	0.16101	0.10156	0.55475	0.02020	0.00962	0.00274	0.00410	0.01703	0.00773	0.00695
31	0.01915	0.02189	0.04788	0.03420	0.04241	0.02052	0.63475	0.02599	0.01915	0.02599	0.01642	0.02189	0.01231	0.00684	0.00958	0.00274	0.01368	0.00958	0.00410	0.01094
32	0.02008	0.01928	0.03294	0.04981	0.66422	0.01928	0.02490	0.02490	0.01848	0.02651	0.01526	0.02008	0.01285	0.00723	0.00803	0.00241	0.00964	0.00723	0.00402	0.01285
33	0.01285	0.01085	0.01811	0.04352	0.01976	0.01218	0.08785	0.01622	0.01402	0.01991	0.02142	0.06188	0.02011	0.04846	0.51349	0.01050	0.04731	0.00936	0.00441	0.00781
34	0.12325	0.02142	0.02254	0.01747	0.02377	0.02365	0.01443	0.53168	0.03439	0.07960	0.01908	0.01910	0.01348	0.00948	0.00773	0.00245	0.00850	0.00699	0.00783	0.01318
35	0.01775	0.01775	0.02485	0.02130	0.02130	0.02485	0.01775	0.01953	0.01243	0.01953	0.01065	0.01775	0.01065	0.01420	0.02663	0.00355	0.69998	0.00710	0.00355	0.00888
36	0.01127	0.00813	0.01065	0.01036	0.01207	0.00751	0.00764	0.01477	0.02197	0.03094	0.57690	0.14820	0.07347	0.01778	0.00968	0.00265	0.00395	0.01581	0.00874	0.00751
37	0.01983	0.01706	0.02090	0.02225	0.13878	0.01905	0.01486	0.08578	0.36885	0.03316	0.10853	0.03078	0.02764	0.01108	0.00927	0.00268	0.04085	0.00927	0.00732	0.01206
38	0.01001	0.00716	0.00953	0.01121	0.01180	0.00667	0.00754	0.01161	0.01611	0.02162	0.09192	0.65975	0.05542	0.02474	0.01030	0.00324	0.00464	0.02242	0.00764	0.00667
39	0.03449	0.01339	0.01822	0.01411	0.02005	0.01160	0.01160	0.03769	0.02320	0.62094	0.08019	0.03015	0.02442	0.01055	0.00827	0.00251	0.00667	0.00866	0.00996	0.01334
40	0.73942	0.01537	0.01188	0.01065	0.01554	0.01775	0.00874	0.02348	0.01420	0.03624	0.03920	0.01522	0.01170	0.00792	0.00522	0.00251	0.00617	0.00484	0.00519	0.00874
41	0.02413	0.01958	0.01997	0.04777	0.04374	0.09809	0.01397	0.06631	0.40370	0.12932	0.02843	0.02681	0.02086	0.01024	0.00811	0.00261	0.00788	0.00832	0.00770	0.01245
42	0.02170	0.02235	0.03136	0.04523	0.56296	0.12431	0.02344	0.02609	0.01919	0.02546	0.01483	0.01922	0.01247	0.00741	0.00792	0.00236	0.01043	0.00691	0.00404	0.01231

[dist]
# distance from previous block
# <min> <max>
0	1

[block]
# block no. 1 follows, 23 sequences, length 66
# corresponding to MSA columns:
# 62-127
name=unknown_B
#
# <colnr> <probs for GDERKNQSTAVLIFYWHMCP>
#	G	D	E	R	K	N	Q	S	T	A	V	L	I	F	Y	W	H	M	C	P
0	0.01696	0.01694	0.05285	0.01726	0.02423	0.01351	0.13346	0.02128	0.01704	0.02573	0.01612	0.05142	0.01395	0.00756	0.00792	0.00177	0.03895	0.00678	0.00468	0.51158
1	0.01557	0.01490	0.02583	0.65333	0.05503	0.01819	0.06142	0.02107	0.01641	0.02107	0.01455	0.02165	0.01091	0.00803	0.00821	0.00271	0.01100	0.00736	0.00364	0.00914
2	0.02548	0.01492	0.02006	0.01584	0.02130	0.01433	0.06091	0.05684	0.12791	0.29548	0.07714	0.03106	0.06128	0.01075	0.00900	0.00247	0.03615	0.00899	0.00806	0.10203
3	0.01176	0.00802	0.00961	0.00961	0.00988	0.00828	0.00587	0.01229	0.01203	0.01630	0.02487	0.04924	0.02782	0.59593	0.15791	0.00881	0.01039	0.01124	0.00481	0.00534
4	0.01159	0.00869	0.01304	0.01304	0.01449	0.01014	0.01014	0.01449	0.01304	0.01884	0.02173	0.03188	0.02029	0.06086	0.68268	0.01304	0.02173	0.00869	0.00435	0.00724
5	0.01648	0.01701	0.05119	0.34824	0.03955	0.04345	0.07664	0.02101	0.01579	0.02152	0.01501	0.02170	0.01220	0.01351	0.06540	0.00363	0.15512	0.00742	0.04604	0.00908
6	0.02131	0.01752	0.01863	0.01653	0.02127	0.02008	0.01292	0.06948	0.59727	0.06009	0.03238	0.02969	0.02409	0.01091	0.00825	0.00273	0.00655	0.00905	0.00832	0.01292
7	0.02008	0.01928	0.03294	0.04981	0.66422	0.01928	0.02490	0.02490	0.01848	0.02651	0.01526	0.02008	0.01285	0.00723	0.00803	0.00241	0.00964	0.00723	0.00402	0.01285
8	0.02018	0.01743	0.01835	0.01651	0.02110	0.02018	0.01284	0.04312	0.64956	0.03394	0.03303	0.03027	0.02477	0.01101	0.00826	0.00275	0.00642	0.00917	0.00826	0.01284
9	0.01409	0.00705	0.01057	0.01057	0.01057	0.00705	0.00705	0.01057	0.01057	0.01409	0.01409	0.02467	0.01409	0.02819	0.03171	0.76392	0.00705	0.00705	0.00352	0.00352
10	0.01409	0.00705	0.01057	0.01057	0.01057	0.00705	0.00705	0.01057	0.01057	0.01409	0.01409	0.02467	0.01409	0.02819	0.03171	0.76392	0.00705	0.00705	0.00352	0.00352
11	0.01864	0.01155	0.01265	0.01125	0.01402	0.01198	0.00848	0.16862	0.02179	0.05843	0.05623	0.10186	0.02630	0.11498	0.01226	0.00310	0.00586	0.01007	0.32310	0.00886
12	0.77215	0.01569	0.01193	0.01067	0.01569	0.01820	0.00879	0.02385	0.01381	0.03641	0.01130	0.01318	0.00879	0.00753	0.00502	0.00251	0.00628	0.00439	0.00502	0.00879
13	0.01101	0.00754	0.00908	0.00986	0.01005	0.00734	0.00599	0.01159	0.01334	0.01778	0.03345	0.32340	0.03945	0.43095	0.02856	0.00598	0.00657	0.01644	0.00599	0.00561
14	0.01201	0.00830	0.01053	0.01041	0.01224	0.00761	0.00766	0.01491	0.02022	0.05270	0.38629	0.17781	0.14377	0.06054	0.01163	0.00307	0.00453	0.04009	0.00824	0.00743
15	0.01051	0.00732	0.00923	0.01050	0.01082	0.00701	0.00668	0.01146	0.01432	0.01909	0.03848	0.49549	0.04579	0.25022	0.02045	0.00479	0.00574	0.01939	0.00668	0.00604
16	0.01930	0.01425	0.01590	0.01453	0.01854	0.01527	0.01150	0.07011	0.32495	0.09758	0.04235	0.08296	0.13690	0.01465	0.00894	0.00285	0.00627	0.08400	0.00818	0.01098
17	0.01419	0.00793	0.00895	0.00893	0.01074	0.00760	0.00650	0.01727	0.01776	0.05545	0.13154	0.13605	0.07311	0.05834	0.00955	0.00265	0.00433	0.01175	0.40985	0.00750
18	0.01005	0.00743	0.00940	0.01061	0.01168	0.00678	0.00731	0.01190	0.01706	0.02252	0.13444	0.51179	0.16256	0.02338	0.01012	0.00310	0.00448	0.02090	0.00772	0.00678
19	0.77215	0.01569	0.01193	0.01067	0.01569	0.01820	0.00879	0.02385	0.01381	0.03641	0.01130	0.01318	0.00879	0.00753	0.00502	0.00251	0.00628	0.00439	0.00502	0.00879
20	0.01627	0.04197	0.67279	0.02313	0.03512	0.01884	0.02998	0.02570	0.01713	0.02570	0.01456	0.01713	0.01028	0.00771	0.00771	0.00257	0.01199	0.00600	0.00343	0.01199
21	0.40570	0.01457	0.01446	0.01226	0.01717	0.01546	0.00994	0.07542	0.01926	0.19928	0.09019	0.05395	0.02157	0.01016	0.00682	0.00254	0.00631	0.00757	0.00710	0.01026
22	0.08113	0.01440	0.01844	0.01455	0.02050	0.01332	0.01201	0.07119	0.05112	0.53949	0.03050	0.02906	0.02035	0.01043	0.00809	0.00257	0.00698	0.03326	0.00943	0.01318
23	0.02349	0.02836	0.01830	0.01724	0.02054	0.45801	0.01276	0.02545	0.02098	0.02033	0.02902	0.14771	0.11865	0.01327	0.00821	0.00240	0.01125	0.01023	0.00529	0.00851
24	0.01180	0.00787	0.00885	0.00885	0.00885	0.00787	0.00492	0.01180	0.01180	0.01573	0.02557	0.05310	0.02950	0.71483	0.04130	0.00787	0.00787	0.01180	0.00492	0.00492
25	0.01533	0.00943	0.01227	0.01105	0.01369	0.00876	0.00846	0.01983	0.04809	0.12204	0.54670	0.05477	0.06656	0.01545	0.00932	0.00255	0.00436	0.01354	0.00906	0.00873
26	0.03120	0.02216	0.02400	0.01840	0.02488	0.02432	0.01520	0.59920	0.03720	0.09044	0.02028	0.02000	0.01420	0.00976	0.00812	0.00244	0.00880	0.00736	0.00824	0.01380
27	0.01159	0.00869	0.01304	0.01304	0.01449	0.01014	0.01014	0.01449	0.01304	0.01884	0.02173	0.03188	0.02029	0.06086	0.68268	0.01304	0.02173	0.00869	0.00435	0.00724
28	0.03641	0.01381	0.01883	0.01444	0.02071	0.01193	0.01193	0.03954	0.02322	0.66984	0.03201	0.02762	0.02009	0.01004	0.00816	0.00251	0.00690	0.00816	0.01004	0.01381
29	0.01180	0.00787	0.00885	0.00885	0.00885	0.00787	0.00492	0.01180	0.01180	0.01573	0.02557	0.05310	0.02950	0.71483	0.04130	0.00787	0.00787	0.01180	0.00492	0.00492
30	0.03641	0.01381	0.01883	0.01444	0.02071	0.01193	0.01193	0.03954	0.02322	0.66984	0.03201	0.02762	0.02009	0.01004	0.00816	0.00251	0.00690	0.00816	0.01004	0.01381
31	0.01683	0.01442	0.01683	0.01202	0.01923	0.01082	0.00961	0.02043	0.01683	0.02644	0.01442	0.01683	0.01202	0.00601	0.00601	0.00120	0.00601	0.00481	0.00481	0.76444
32	0.01004	0.00729	0.00948	0.01094	0.01174	0.00673	0.00744	0.01176	0.01657	0.02209	0.11410	0.58999	0.10371	0.02409	0.01021	0.00317	0.00457	0.02170	0.00768	0.00673
33	0.03214	0.01844	0.02148	0.01656	0.02274	0.01900	0.01364	0.36688	0.03142	0.29888	0.05553	0.02474	0.01937	0.01019	0.00820	0.00247	0.00787	0.00801	0.00893	0.01351
34	0.01021	0.00737	0.00966	0.01093	0.01181	0.00683	0.00750	0.01216	0.01724	0.02327	0.17642	0.54399	0.08583	0.02334	0.01016	0.00311	0.00449	0.02103	0.00783	0.00683
35	0.01032	0.00825	0.00924	0.00899	0.01141	0.00716	0.00674	0.01307	0.02023	0.02604	0.30635	0.07131	0.43421	0.01901	0.00958	0.00267	0.00400	0.01617	0.00808	0.00716
36	0.03467	0.01386	0.01859	0.01437	0.02039	0.01224	0.01182	0.06390	0.02385	0.60489	0.06913	0.02925	0.02320	0.01042	0.00824	0.00251	0.00681	0.00851	0.00989	0.01344
37	0.01683	0.01442	0.01683	0.01202	0.01923	0.01082	0.00961	0.02043	0.01683	0.02644	0.01442	0.01683	0.01202	0.00601	0.00601	0.00120	0.00601	0.00481	0.00481	0.76444
38	0.00989	0.00706	0.00942	0.01130	0.01177	0.00659	0.00753	0.01130	0.01554	0.02071	0.04472	0.70954	0.05367	0.02542	0.01036	0.00330	0.00471	0.02307	0.00753	0.00659
39	0.06491	0.03604	0.02261	0.02021	0.02466	0.58687	0.01533	0.09134	0.02405	0.02370	0.01317	0.01504	0.01070	0.00846	0.00729	0.00214	0.01368	0.00539	0.00461	0.00981
40	0.03641	0.01381	0.01883	0.01444	0.02071	0.01193	0.01193	0.03954	0.02322	0.66984	0.03201	0.02762	0.02009	0.01004	0.00816	0.00251	0.00690	0.00816	0.01004	0.01381
41	0.01148	0.00829	0.01085	0.01021	0.01212	0.00766	0.00766	0.01531	0.02297	0.03254	0.65994	0.06061	0.07656	0.01659	0.00957	0.00255	0.00383	0.01467	0.00893	0.00766
42	0.03085	0.02273	0.02435	0.01867	0.02516	0.02516	0.01542	0.63716	0.03815	0.05114	0.01948	0.01948	0.01380	0.00974	0.00812	0.00244	0.00893	0.00731	0.00812	0.01380
43	0.01115	0.00815	0.01034	0.01004	0.01182	0.00748	0.00736	0.01438	0.02128	0.02953	0.51175	0.12439	0.13309	0.04970	0.01110	0.00289	0.00413	0.01560	0.00847	0.00734
44	0.00991	0.00763	0.00906	0.00997	0.01148	0.00679	0.00700	0.01179	0.01738	0.02224	0.11427	0.39926	0.29877	0.02269	0.00998	0.00301	0.00439	0.01994	0.00766	0.00679
45	0.02746	0.01672	0.01924	0.01600	0.02144	0.01772	0.01281	0.11268	0.34461	0.27152	0.03103	0.02800	0.02173	0.01050	0.00820	0.00262	0.00690	0.00858	0.00890	0.01332
46	0.03085	0.02273	0.02435	0.01867	0.02516	0.02516	0.01542	0.63716	0.03815	0.05114	0.01948	0.01948	0.01380	0.00974	0.00812	0.00244	0.00893	0.00731	0.00812	0.01380
47	0.02721	0.01970	0.02136	0.01691	0.02238	0.02171	0.01380	0.51123	0.03356	0.04579	0.02143	0.05208	0.01665	0.01348	0.04843	0.00306	0.00900	0.00812	0.08162	0.01247
48	0.00959	0.00822	0.00822	0.00822	0.01096	0.00685	0.00617	0.01165	0.01850	0.02192	0.08220	0.07809	0.66092	0.02055	0.00959	0.00274	0.00411	0.01713	0.00754	0.00685
49	0.00989	0.00706	0.00942	0.01130	0.01177	0.00659	0.00753	0.01130	0.01554	0.02071	0.04472	0.70954	0.05367	0.02542	0.01036	0.00330	0.00471	0.02307	0.00753	0.00659
50	0.77215	0.01569	0.01193	0.01067	0.01569	0.01820	0.00879	0.02385	0.01381	0.03641	0.01130	0.01318	0.00879	0.00753	0.00502	0.00251	0.00628	0.00439	0.00502	0.00879
51	0.01149	0.00774	0.00894	0.00925	0.00933	0.00766	0.00534	0.01172	0.01241	0.01655	0.02869	0.16014	0.03344	0.60242	0.03625	0.00712	0.00735	0.01364	0.00534	0.00519
52	0.00989	0.00773	0.00897	0.00973	0.01141	0.00681	0.00689	0.01182	0.01762	0.02235	0.11783	0.34988	0.34559	0.02230	0.00992	0.00296	0.00434	0.01948	0.00766	0.00681
53	0.01179	0.00791	0.00908	0.00908	0.00917	0.00799	0.00521	0.01195	0.01187	0.01591	0.02535	0.05191	0.02898	0.67823	0.07720	0.00816	0.00864	0.01163	0.00488	0.00505
54	0.01008	0.00720	0.00963	0.01152	0.01207	0.00676	0.00786	0.01163	0.01572	0.02093	0.04462	0.67247	0.05325	0.02524	0.01041	0.00332	0.00487	0.05825	0.00753	0.00664
55	0.01523	0.01430	0.02371	0.62468	0.05186	0.01793	0.02158	0.02024	0.01597	0.02066	0.01553	0.05180	0.01270	0.00924	0.00932	0.00278	0.05188	0.00791	0.00378	0.00890
56	0.01632	0.07263	0.61335	0.02211	0.03341	0.01897	0.02822	0.02517	0.01736	0.02569	0.04321	0.01888	0.01324	0.00807	0.00767	0.00253	0.01147	0.00630	0.00367	0.01172
57	0.01964	0.01883	0.03213	0.11011	0.60738	0.01916	0.02468	0.02451	0.01827	0.02597	0.01518	0.02023	0.01266	0.00731	0.00804	0.00244	0.00975	0.00723	0.00398	0.01249
58	0.02001	0.01343	0.01619	0.01409	0.01668	0.01469	0.01075	0.24221	0.02165	0.02955	0.01947	0.08127	0.01779	0.02108	0.04941	0.31179	0.04093	0.00861	0.04222	0.00819
59	0.02008	0.01928	0.03294	0.04981	0.66422	0.01928	0.02490	0.02490	0.01848	0.02651	0.01526	0.02008	0.01285	0.00723	0.00803	0.00241	0.00964	0.00723	0.00402	0.01285
60	0.02229	0.01396	0.01696	0.01271	0.01908	0.01136	0.01012	0.02639	0.04631	0.21123	0.02101	0.02283	0.01601	0.05242	0.00897	0.00207	0.00640	0.00641	0.00647	0.46698
61	0.02032	0.02023	0.03330	0.07251	0.56008	0.05144	0.07272	0.02519	0.01866	0.02592	0.01519	0.02002	0.01261	0.00729	0.00812	0.00243	0.01025	0.00732	0.00402	0.01238
62	0.01810	0.25205	0.44689	0.02077	0.03101	0.02305	0.05366	0.02528	0.01703	0.02365	0.01363	0.01608	0.01042	0.00743	0.00702	0.00232	0.01104	0.00565	0.00347	0.01145
63	0.01180	0.00787	0.00885	0.00885	0.00885	0.00787	0.00492	0.01180	0.01180	0.01573	0.02557	0.05310	0.02950	0.71483	0.04130	0.00787	0.00787	0.01180	0.00492	0.00492
64	0.02346	0.01061	0.01426	0.01267	0.01617	0.00943	0.00964	0.02590	0.01994	0.34804	0.09534	0.27726	0.03789	0.04663	0.01051	0.00303	0.00587	0.01430	0.00881	0.01025
65	0.01986	0.01862	0.03060	0.14331	0.51561	0.01940	0.02358	0.05234	0.04781	0.02708	0.01614	0.02075	0.01313	0.00765	0.00806	0.00247	0.00964	0.00732	0.00433	0.01232

[dist]
# distance from previous block
# <min> <max>
0	4

[block]
# block no. 2 follows, 23 sequences, length 208
# corresponding to MSA columns:
# 132-339
name=unknown_C
#
# <colnr> <probs for GDERKNQSTAVLIFYWHMCP>
#	G	D	E	R	K	N	Q	S	T	A	V	L	I	F	Y	W	H	M	C	P
0	0.01819	0.01920	0.02728	0.47503	0.04786	0.11818	0.10240	0.02312	0.01745	0.02124	0.01423	0.02044	0.01095	0.00827	0.00906	0.00266	0.04416	0.00722	0.00376	0.00932
1	0.01270	0.01027	0.01494	0.01431	0.01543	0.01265	0.01125	0.01526	0.01287	0.01881	0.01995	0.03038	0.01901	0.08371	0.53546	0.01111	0.14169	0.00856	0.00423	0.00742
2	0.45014	0.01254	0.01070	0.00989	0.01384	0.01351	0.00787	0.01916	0.01636	0.03165	0.11531	0.03837	0.20948	0.01253	0.00695	0.00258	0.00533	0.00946	0.00626	0.00807
3	0.00996	0.00712	0.00948	0.01125	0.01178	0.00664	0.00754	0.01148	0.01587	0.02124	0.07228	0.68047	0.05469	0.02503	0.01032	0.00326	0.00467	0.02269	0.00759	0.00664
4	0.02708	0.01997	0.02161	0.01708	0.02291	0.02178	0.01392	0.44767	0.12672	0.06817	0.05526	0.02602	0.04902	0.01066	0.00821	0.00247	0.00792	0.00835	0.00811	0.03707
5	0.01170	0.00788	0.00882	0.00882	0.00895	0.00782	0.00498	0.01179	0.01211	0.01602	0.02823	0.05427	0.05918	0.68220	0.03981	0.00763	0.00769	0.01205	0.00504	0.00501
6	0.00998	0.00716	0.00933	0.01102	0.01157	0.00667	0.00732	0.01134	0.01546	0.02048	0.04531	0.64394	0.07950	0.06439	0.01208	0.00353	0.00486	0.02216	0.00738	0.00651
7	0.77215	0.01569	0.01193	0.01067	0.01569	0.01820	0.00879	0.02385	0.01381	0.03641	0.01130	0.01318	0.00879	0.00753	0.00502	0.00251	0.00628	0.00439	0.00502	0.00879
8	0.01464	0.00864	0.01011	0.00990	0.01183	0.00917	0.00757	0.04826	0.01683	0.02751	0.02547	0.05858	0.02167	0.02542	0.20725	0.00529	0.00942	0.00853	0.46617	0.00774
9	0.01794	0.00980	0.01191	0.01060	0.01398	0.00852	0.00814	0.02050	0.02020	0.21420	0.16507	0.09428	0.30502	0.04966	0.01070	0.00291	0.00509	0.01413	0.00840	0.00894
10	0.01044	0.00739	0.00939	0.01076	0.01129	0.00700	0.00712	0.01166	0.01497	0.01981	0.04212	0.50666	0.07650	0.17954	0.01729	0.00431	0.00550	0.04505	0.00694	0.00627
11	0.01816	0.01545	0.01653	0.01500	0.01907	0.01742	0.01161	0.03684	0.51385	0.03284	0.12521	0.03814	0.07972	0.01251	0.00854	0.00272	0.00588	0.01055	0.00830	0.01166
12	0.01597	0.01024	0.01178	0.01055	0.01395	0.00930	0.00818	0.04788	0.04759	0.13514	0.19917	0.06091	0.36426	0.01698	0.00922	0.00265	0.00484	0.01427	0.00833	0.00878
13	0.57660	0.01491	0.01333	0.01145	0.01657	0.01632	0.00939	0.02674	0.01628	0.17058	0.04936	0.01871	0.01470	0.00853	0.00592	0.00251	0.00628	0.00573	0.00629	0.00979
14	0.73032	0.01559	0.01232	0.01088	0.01598	0.01785	0.00897	0.02474	0.01434	0.07241	0.01248	0.01400	0.00943	0.00767	0.00520	0.00251	0.00631	0.00461	0.00531	0.00907
15	0.02176	0.01685	0.01816	0.01596	0.02071	0.01890	0.01252	0.07421	0.51825	0.09638	0.03496	0.03213	0.05986	0.01139	0.00832	0.00271	0.00648	0.00942	0.00838	0.01265
16	0.01159	0.00869	0.01304	0.01304	0.01449	0.01014	0.01014	0.01449	0.01304	0.01884	0.02173	0.03188	0.02029	0.06086	0.68268	0.01304	0.02173	0.00869	0.00435	0.00724
17	0.00989	0.00706	0.00942	0.01130	0.01177	0.00659	0.00753	0.01130	0.01554	0.02071	0.04472	0.70954	0.05367	0.02542	0.01036	0.00330	0.00471	0.02307	0.00753	0.00659
18	0.01163	0.00779	0.00890	0.00907	0.00912	0.00775	0.00516	0.01175	0.01214	0.01619	0.02731	0.11296	0.03170	0.65196	0.03848	0.00745	0.00758	0.01283	0.00516	0.00507
19	0.01248	0.00851	0.01116	0.01038	0.01246	0.00783	0.00783	0.01628	0.02298	0.05787	0.63497	0.05930	0.07432	0.01633	0.00951	0.00255	0.00395	0.01442	0.00898	0.00790
20	0.02697	0.01820	0.02024	0.01669	0.02222	0.01982	0.01341	0.21891	0.32795	0.18104	0.02877	0.02647	0.02046	0.01042	0.00819	0.00260	0.00727	0.00839	0.00861	0.01334
21	0.01180	0.00787	0.00885	0.00885	0.00885	0.00787	0.00492	0.01180	0.01180	0.01573	0.02557	0.05310	0.02950	0.71483	0.04130	0.00787	0.00787	0.01180	0.00492	0.00492
22	0.77215	0.01569	0.01193	0.01067	0.01569	0.01820	0.00879	0.02385	0.01381	0.03641	0.01130	0.01318	0.00879	0.00753	0.00502	0.00251	0.00628	0.00439	0.00502	0.00879
23	0.01683	0.01442	0.01683	0.01202	0.01923	0.01082	0.00961	0.02043	0.01683	0.02644	0.01442	0.01683	0.01202	0.00601	0.00601	0.00120	0.00601	0.00481	0.00481	0.76444
24	0.03031	0.03867	0.02299	0.02090	0.02508	0.68226	0.01568	0.03240	0.02299	0.01986	0.01254	0.01463	0.01045	0.00836	0.00732	0.00209	0.01463	0.00523	0.00418	0.00941
25	0.02736	0.01989	0.02188	0.01732	0.02315	0.02172	0.01413	0.43902	0.11560	0.07941	0.02191	0.02229	0.01607	0.01407	0.06533	0.00332	0.00941	0.00759	0.00775	0.05278
26	0.01775	0.01775	0.02485	0.02130	0.02130	0.02485	0.01775	0.01953	0.01243	0.01953	0.01065	0.01775	0.01065	0.01420	0.02663	0.00355	0.69998	0.00710	0.00355	0.00888
27	0.01652	0.04027	0.61971	0.02407	0.03574	0.01899	0.08135	0.02572	0.01730	0.02572	0.01472	0.01754	0.01045	0.00764	0.00787	0.00258	0.01214	0.00630	0.00348	0.01190
28	0.01973	0.01926	0.03389	0.08442	0.57034	0.01933	0.08346	0.02477	0.01842	0.02614	0.01533	0.02034	0.01269	0.00724	0.00819	0.00246	0.01009	0.00745	0.00400	0.01245
29	0.00989	0.00706	0.00942	0.01130	0.01177	0.00659	0.00753	0.01130	0.01554	0.02071	0.04472	0.70954	0.05367	0.02542	0.01036	0.00330	0.00471	0.02307	0.00753	0.00659
30	0.02219	0.06365	0.05716	0.02442	0.08428	0.18071	0.16341	0.08211	0.11061	0.02702	0.02226	0.05925	0.04669	0.00977	0.00829	0.00249	0.01082	0.00868	0.00534	0.01085
31	0.06821	0.01389	0.01853	0.01427	0.02050	0.01220	0.01179	0.03887	0.02282	0.64245	0.03112	0.02699	0.01960	0.00993	0.00802	0.00251	0.00688	0.00800	0.00983	0.01359
32	0.01809	0.10185	0.49325	0.04841	0.06155	0.01984	0.02617	0.02692	0.05080	0.05604	0.01608	0.01824	0.01166	0.00792	0.00755	0.00249	0.01099	0.00621	0.00403	0.01190
33	0.02742	0.03329	0.02110	0.01908	0.02309	0.54665	0.01438	0.06160	0.02354	0.02281	0.07736	0.02274	0.05320	0.00989	0.00770	0.00219	0.01273	0.00689	0.00502	0.00933
34	0.00987	0.00823	0.00861	0.00852	0.01113	0.00697	0.00639	0.01219	0.01916	0.02351	0.16856	0.07548	0.57358	0.01996	0.00959	0.00271	0.00407	0.01676	0.00774	0.00697
35	0.01130	0.00829	0.01059	0.01002	0.01201	0.00758	0.00751	0.01496	0.02254	0.03151	0.60421	0.06230	0.13293	0.01697	0.00957	0.00257	0.00386	0.01491	0.00880	0.00758
36	0.01987	0.01889	0.03124	0.07719	0.57855	0.01930	0.02372	0.02632	0.07438	0.02690	0.01680	0.02106	0.01381	0.00761	0.00806	0.00245	0.00941	0.00740	0.00437	0.01267
37	0.01787	0.01810	0.02681	0.02240	0.02310	0.02449	0.07016	0.02008	0.01300	0.02008	0.01114	0.01810	0.01079	0.01358	0.02518	0.00348	0.64168	0.00731	0.00360	0.00905
38	0.01039	0.00781	0.00963	0.01011	0.01169	0.00704	0.00723	0.01284	0.01899	0.02532	0.27766	0.31176	0.21799	0.02096	0.00987	0.00288	0.00423	0.01849	0.00804	0.00704
39	0.01076	0.00827	0.00984	0.00945	0.01168	0.00735	0.00708	0.01390	0.02125	0.02846	0.43816	0.06732	0.30088	0.01811	0.00958	0.00262	0.00394	0.01562	0.00840	0.00735
40	0.65784	0.01578	0.01323	0.01143	0.01666	0.01779	0.00942	0.05154	0.01590	0.10847	0.01398	0.01508	0.01027	0.00791	0.00551	0.00251	0.00646	0.00494	0.00572	0.00957
41	0.01409	0.00705	0.01057	0.01057	0.01057	0.00705	0.00705	0.01057	0.01057	0.01409	0.01409	0.02467	0.01409	0.02819	0.03171	0.76392	0.00705	0.00705	0.00352	0.00352
42	0.01683	0.01442	0.01683	0.01202	0.01923	0.01082	0.00961	0.02043	0.01683	0.02644	0.01442	0.01683	0.01202	0.00601	0.00601	0.00120	0.00601	0.00481	0.00481	0.76444
43	0.01158	0.00817	0.01026	0.00981	0.01116	0.00772	0.00685	0.01428	0.01967	0.02758	0.47268	0.05839	0.06267	0.22269	0.01894	0.00412	0.00502	0.01383	0.00775	0.00685
44	0.00989	0.00706	0.00942	0.01130	0.01177	0.00659	0.00753	0.01130	0.01554	0.02071	0.04472	0.70954	0.05367	0.02542	0.01036	0.00330	0.00471	0.02307	0.00753	0.00659
45	0.00996	0.00712	0.00948	0.01125	0.01179	0.00664	0.00754	0.01148	0.01587	0.02125	0.07253	0.68021	0.05470	0.02502	0.01032	0.00326	0.00467	0.02269	0.00760	0.00664
46	0.01159	0.00869	0.01304	0.01304	0.01449	0.01014	0.01014	0.01449	0.01304	0.01884	0.02173	0.03188	0.02029	0.06086	0.68268	0.01304	0.02173	0.00869	0.00435	0.00724
47	0.01042	0.00745	0.00999	0.01166	0.01243	0.00702	0.00823	0.01233	0.01656	0.02216	0.09676	0.57742	0.05474	0.02430	0.01040	0.00329	0.00498	0.09543	0.00764	0.00679
48	0.01025	0.00724	0.00940	0.01088	0.01135	0.00683	0.00715	0.01157	0.01535	0.02057	0.07271	0.57951	0.05122	0.12738	0.01491	0.00394	0.00513	0.02097	0.00721	0.00640
49	0.00998	0.00713	0.00950	0.01124	0.01179	0.00665	0.00754	0.01153	0.01596	0.02139	0.07970	0.67265	0.05497	0.02492	0.01031	0.00325	0.00466	0.02259	0.00761	0.00665
50	0.07670	0.03987	0.61996	0.02213	0.03357	0.01879	0.02829	0.02555	0.01687	0.02655	0.01430	0.01682	0.01016	0.00769	0.00749	0.00256	0.01154	0.00587	0.00355	0.01174
51	0.00978	0.00823	0.00848	0.00842	0.01108	0.00693	0.00631	0.01201	0.01894	0.02298	0.13960	0.07635	0.60286	0.02016	0.00959	0.00272	0.00408	0.01688	0.00767	0.00693
52	0.00959	0.00822	0.00822	0.00822	0.01096	0.00685	0.00617	0.01165	0.01850	0.02192	0.08220	0.07809	0.66092	0.02055	0.00959	0.00274	0.00411	0.01713	0.00754	0.00685
53	0.02379	0.01486	0.01753	0.01560	0.02020	0.01571	0.01261	0.03724	0.34541	0.22419	0.03453	0.04064	0.02735	0.01280	0.00877	0.00286	0.00676	0.11834	0.00865	0.01216
54	0.01180	0.00787	0.00885	0.00885	0.00885	0.00787	0.00492	0.01180	0.01180	0.01573	0.02557	0.05310	0.02950	0.71483	0.04130	0.00787	0.00787	0.01180	0.00492	0.00492
55	0.01513	0.00756	0.00756	0.00756	0.00945	0.00756	0.00567	0.01891	0.01702	0.03025	0.02647	0.03025	0.02080	0.00945	0.00567	0.00189	0.00378	0.00756	0.75988	0.00756
56	0.00999	0.00710	0.00939	0.01117	0.01162	0.00666	0.00740	0.01132	0.01534	0.02046	0.04373	0.67547	0.05241	0.06120	0.01196	0.00353	0.00487	0.02248	0.00740	0.00650
57	0.01013	0.00725	0.00963	0.01113	0.01182	0.00675	0.00755	0.01191	0.01667	0.02252	0.13895	0.61014	0.05717	0.02407	0.01024	0.00318	0.00457	0.02178	0.00775	0.00675
58	0.00989	0.00706	0.00942	0.01130	0.01177	0.00659	0.00753	0.01130	0.01554	0.02071	0.04472	0.70954	0.05367	0.02542	0.01036	0.00330	0.00471	0.02307	0.00753	0.00659
59	0.01160	0.00865	0.01282	0.01282	0.01420	0.01002	0.00987	0.01435	0.01298	0.01868	0.02193	0.03298	0.02076	0.09480	0.64939	0.01277	0.02101	0.00885	0.00438	0.00712
60	0.01194	0.00789	0.00897	0.00897	0.00912	0.00795	0.00517	0.01223	0.01209	0.01652	0.02545	0.05117	0.02872	0.65532	0.06679	0.00782	0.00827	0.01148	0.03901	0.00513
61	0.01159	0.00869	0.01304	0.01304	0.01449	0.01014	0.01014	0.01449	0.01304	0.01884	0.02173	0.03188	0.02029	0.06086	0.68268	0.01304	0.02173	0.00869	0.00435	0.00724
62	0.02008	0.01928	0.03294	0.04981	0.66422	0.01928	0.02490	0.02490	0.01848	0.02651	0.01526	0.02008	0.01285	0.00723	0.00803	0.00241	0.00964	0.00723	0.00402	0.01285
63	0.01853	0.02063	0.04351	0.13088	0.04356	0.02032	0.52044	0.02496	0.01846	0.02496	0.01590	0.02169	0.01203	0.00732	0.01003	0.00276	0.04030	0.00913	0.00401	0.01058
64	0.01613	0.01545	0.02489	0.50497	0.07826	0.01969	0.02153	0.02066	0.01545	0.02074	0.01358	0.02065	0.01088	0.00950	0.01245	0.00289	0.17232	0.00719	0.00361	0.00917
65	0.13760	0.02726	0.02269	0.15804	0.09351	0.33537	0.01693	0.07163	0.02090	0.02543	0.01351	0.01672	0.01076	0.00817	0.00726	0.00233	0.01170	0.00585	0.00446	0.00989
66	0.03451	0.01362	0.01818	0.01414	0.02010	0.01204	0.01162	0.03855	0.05016	0.60636	0.03175	0.02788	0.02033	0.01005	0.00802	0.00249	0.00671	0.00817	0.05191	0.01342
67	0.02743	0.06502	0.02364	0.02138	0.05766	0.52570	0.01563	0.03069	0.05009	0.02145	0.04707	0.01807	0.01466	0.00903	0.00823	0.00221	0.04181	0.00604	0.00454	0.00968
68	0.01193	0.00913	0.01345	0.01326	0.01456	0.01080	0.01027	0.01462	0.01294	0.01871	0.02135	0.03223	0.02025	0.09233	0.61473	0.01227	0.05685	0.00877	0.00433	0.00721
69	0.01002	0.00717	0.00954	0.01121	0.01180	0.00668	0.00754	0.01164	0.01617	0.02172	0.09714	0.65425	0.05562	0.02467	0.01029	0.00323	0.00463	0.02235	0.00765	0.00668
70	0.01106	0.00828	0.01026	0.00976	0.01186	0.00748	0.00732	0.01449	0.02197	0.03016	0.53055	0.06453	0.20743	0.01748	0.00957	0.00259	0.00389	0.01522	0.00862	0.00748
71	0.01056	0.00808	0.00969	0.00966	0.01165	0.00720	0.00710	0.01339	0.02023	0.02693	0.35905	0.16626	0.28208	0.01936	0.00970	0.00273	0.00406	0.01684	0.00822	0.00720
72	0.00981	0.00823	0.00853	0.00845	0.01110	0.00694	0.00634	0.01207	0.01902	0.02316	0.14960	0.07605	0.59275	0.02009	0.00959	0.00272	0.00408	0.01684	0.00770	0.00694
73	0.01005	0.00719	0.00956	0.01119	0.01181	0.00670	0.00754	0.01171	0.01629	0.02192	0.10725	0.64358	0.05599	0.02452	0.01028	0.00322	0.00462	0.02221	0.00767	0.00670
74	0.01040	0.00743	0.01001	0.01189	0.01258	0.00703	0.00843	0.01219	0.01604	0.02129	0.04444	0.60988	0.05254	0.02494	0.01049	0.00337	0.00515	0.11765	0.00752	0.00673
75	0.00989	0.00706	0.00942	0.01130	0.01177	0.00659	0.00753	0.01130	0.01554	0.02071	0.04472	0.70954	0.05367	0.02542	0.01036	0.00330	0.00471	0.02307	0.00753	0.00659
76	0.01244	0.00851	0.01115	0.01037	0.01245	0.00782	0.00782	0.01624	0.02298	0.05693	0.63591	0.05935	0.07440	0.01634	0.00952	0.00255	0.00395	0.01443	0.00897	0.00789
77	0.03584	0.01472	0.01939	0.01487	0.02117	0.01327	0.01228	0.10029	0.02474	0.60695	0.03074	0.02679	0.01945	0.01001	0.00816	0.00250	0.00711	0.00807	0.00985	0.01381
78	0.00989	0.00706	0.00942	0.01130	0.01177	0.00659	0.00753	0.01130	0.01554	0.02071	0.04472	0.70954	0.05367	0.02542	0.01036	0.00330	0.00471	0.02307	0.00753	0.00659
79	0.00989	0.00706	0.00942	0.01130	0.01177	0.00659	0.00753	0.01130	0.01554	0.02071	0.04472	0.70954	0.05367	0.02542	0.01036	0.00330	0.00471	0.02307	0.00753	0.00659
80	0.73001	0.01609	0.01263	0.01113	0.01623	0.01860	0.00916	0.05872	0.01519	0.03724	0.01176	0.01354	0.00907	0.00766	0.00520	0.00251	0.00643	0.00456	0.00520	0.00907
81	0.03085	0.02273	0.02435	0.01867	0.02516	0.02516	0.01542	0.63716	0.03815	0.05114	0.01948	0.01948	0.01380	0.00974	0.00812	0.00244	0.00893	0.00731	0.00812	0.01380
82	0.01149	0.00835	0.01085	0.01037	0.01232	0.00771	0.00788	0.01524	0.02256	0.03167	0.60377	0.06295	0.09943	0.01706	0.00966	0.00262	0.00403	0.04565	0.00880	0.00761
83	0.02104	0.01724	0.01837	0.01640	0.02108	0.01975	0.01279	0.04293	0.61646	0.06754	0.03297	0.03013	0.02452	0.01096	0.00825	0.00274	0.00645	0.00912	0.00835	0.01289
84	0.01512	0.00914	0.01211	0.01107	0.01361	0.00836	0.00857	0.01884	0.02277	0.12270	0.53613	0.05765	0.06686	0.01598	0.00946	0.00261	0.00447	0.04703	0.00901	0.00852
85	0.00960	0.00816	0.00828	0.00837	0.01100	0.00684	0.00623	0.01163	0.01835	0.02186	0.08041	0.10817	0.63200	0.02078	0.00963	0.00277	0.00414	0.01741	0.00753	0.00684
86	0.02118	0.01793	0.01891	0.01671	0.02148	0.02065	0.01308	0.09868	0.59237	0.03555	0.03176	0.02926	0.02374	0.01089	0.00824	0.00272	0.00666	0.00900	0.00824	0.01293
87	0.01257	0.00853	0.01119	0.01039	0.01250	0.00784	0.00784	0.01637	0.02298	0.06030	0.63259	0.05917	0.07410	0.01630	0.00951	0.00255	0.00396	0.01439	0.00898	0.00792
88	0.02008	0.01928	0.03294	0.04981	0.66422	0.01928	0.02490	0.02490	0.01848	0.02651	0.01526	0.02008	0.01285	0.00723	0.00803	0.00241	0.00964	0.00723	0.00402	0.01285
89	0.03641	0.01381	0.01883	0.01444	0.02071	0.01193	0.01193	0.03954	0.02322	0.66984	0.03201	0.02762	0.02009	0.01004	0.00816	0.00251	0.00690	0.00816	0.01004	0.01381
90	0.01139	0.00822	0.01076	0.01027	0.01210	0.00760	0.00765	0.01508	0.02255	0.03187	0.62496	0.09750	0.07526	0.01709	0.00962	0.00259	0.00388	0.01515	0.00885	0.00760
91	0.03178	0.02123	0.02342	0.01796	0.02442	0.02294	0.01484	0.53682	0.03564	0.15502	0.02159	0.02085	0.01485	0.00979	0.00812	0.00245	0.00859	0.00745	0.00844	0.01380
92	0.58705	0.01631	0.01450	0.01238	0.01742	0.01861	0.01021	0.08657	0.01711	0.09997	0.01414	0.01548	0.01051	0.00834	0.00673	0.00256	0.04137	0.00520	0.00576	0.00979
93	0.01308	0.00934	0.01308	0.01494	0.01681	0.00934	0.01308	0.01681	0.01868	0.02428	0.04296	0.09153	0.04670	0.02242	0.01121	0.00374	0.00747	0.60960	0.00747	0.00747
94	0.01455	0.01007	0.01216	0.01309	0.01453	0.00895	0.00896	0.01534	0.01868	0.05364	0.09564	0.51596	0.13465	0.02460	0.01125	0.00366	0.00580	0.02110	0.00865	0.00873
95	0.01128	0.00818	0.01053	0.01014	0.01191	0.00754	0.00746	0.01469	0.02175	0.03046	0.55992	0.10978	0.10228	0.04496	0.01088	0.00283	0.00407	0.01531	0.00860	0.00743
96	0.00989	0.00706	0.00942	0.01130	0.01177	0.00659	0.00753	0.01130	0.01554	0.02071	0.04472	0.70954	0.05367	0.02542	0.01036	0.00330	0.00471	0.02307	0.00753	0.00659
97	0.02499	0.01982	0.02105	0.01749	0.02293	0.02243	0.01401	0.31087	0.37398	0.04169	0.02692	0.02541	0.01982	0.01044	0.00819	0.00261	0.00755	0.00833	0.00819	0.01327
98	0.01544	0.00954	0.01142	0.01074	0.01360	0.00856	0.00809	0.04310	0.02024	0.13522	0.16253	0.20381	0.28919	0.01870	0.00945	0.00278	0.00487	0.01608	0.00823	0.00841
99	0.01664	0.03165	0.39584	0.06366	0.03663	0.01837	0.20885	0.02452	0.01787	0.02560	0.04352	0.04674	0.01535	0.00851	0.00847	0.00265	0.01181	0.00815	0.00403	0.01112
100	0.73008	0.01589	0.01310	0.01286	0.05197	0.01826	0.00969	0.02391	0.01407	0.03585	0.01152	0.01357	0.00902	0.00752	0.00519	0.00251	0.00646	0.00455	0.00497	0.00902
101	0.02677	0.05363	0.02292	0.01780	0.02355	0.13262	0.01434	0.32328	0.17435	0.03859	0.02070	0.02068	0.01549	0.00938	0.00772	0.00232	0.00906	0.00706	0.00703	0.07270
102	0.01244	0.00889	0.01235	0.01422	0.01581	0.00880	0.01198	0.01572	0.01806	0.02358	0.04331	0.21387	0.04808	0.02301	0.01104	0.00365	0.00692	0.49349	0.00748	0.00730
103	0.01915	0.02189	0.04788	0.03420	0.04241	0.02052	0.63475	0.02599	0.01915	0.02599	0.01642	0.02189	0.01231	0.00684	0.00958	0.00274	0.01368	0.00958	0.00410	0.01094
104	0.00989	0.00706	0.00942	0.01130	0.01177	0.00659	0.00753	0.01130	0.01554	0.02071	0.04472	0.70954	0.05367	0.02542	0.01036	0.00330	0.00471	0.02307	0.00753	0.00659
105	0.05808	0.31655	0.06713	0.01703	0.02312	0.15604	0.01534	0.14714	0.05012	0.02737	0.01427	0.01583	0.01166	0.00835	0.00743	0.00215	0.04111	0.00553	0.00481	0.01094
106	0.01421	0.01288	0.01443	0.01414	0.01597	0.10399	0.01092	0.01699	0.01443	0.01898	0.02045	0.02947	0.01891	0.05353	0.58838	0.01151	0.02074	0.00821	0.00432	0.00755
107	0.01683	0.01442	0.01683	0.01202	0.01923	0.01082	0.00961	0.02043	0.01683	0.02644	0.01442	0.01683	0.01202	0.00601	0.00601	0.00120	0.00601	0.00481	0.00481	0.76444
108	0.00959	0.00822	0.00822	0.00822	0.01096	0.00685	0.00617	0.01165	0.01850	0.02192	0.08220	0.07809	0.66092	0.02055	0.00959	0.00274	0.00411	0.01713	0.00754	0.00685
109	0.01180	0.00787	0.00885	0.00885	0.00885	0.00787	0.00492	0.01180	0.01180	0.01573	0.02557	0.05310	0.02950	0.71483	0.04130	0.00787	0.00787	0.01180	0.00492	0.00492
110	0.02137	0.01607	0.01881	0.01600	0.02010	0.01811	0.01286	0.30494	0.09017	0.03531	0.02186	0.02599	0.01775	0.03212	0.30178	0.00708	0.01425	0.00810	0.00649	0.01085
111	0.01140	0.00829	0.01073	0.01012	0.01207	0.00762	0.00759	0.01515	0.02277	0.03208	0.63477	0.06137	0.10201	0.01676	0.00957	0.00256	0.00384	0.01478	0.00887	0.00762
112	0.01308	0.00934	0.01308	0.01494	0.01681	0.00934	0.01308	0.01681	0.01868	0.02428	0.04296	0.09153	0.04670	0.02242	0.01121	0.00374	0.00747	0.60960	0.00747	0.00747
113	0.01227	0.00848	0.00977	0.00990	0.01047	0.00844	0.00613	0.04472	0.01434	0.01902	0.03210	0.20303	0.06163	0.48924	0.03107	0.00631	0.00703	0.01438	0.00580	0.00585
114	0.01148	0.00829	0.01085	0.01021	0.01212	0.00766	0.00766	0.01531	0.02297	0.03254	0.65994	0.06061	0.07656	0.01659	0.00957	0.00255	0.00383	0.01467	0.00893	0.00766
115	0.01513	0.00756	0.00756	0.00756	0.00945	0.00756	0.00567	0.01891	0.01702	0.03025	0.02647	0.03025	0.02080	0.00945	0.00567	0.00189	0.00378	0.00756	0.75988	0.00756
116	0.01308	0.00934	0.01308	0.01494	0.01681	0.00934	0.01308	0.01681	0.01868	0.02428	0.04296	0.09153	0.04670	0.02242	0.01121	0.00374	0.00747	0.60960	0.00747	0.00747
117	0.01157	0.00816	0.01055	0.01014	0.01195	0.00757	0.00754	0.01521	0.02207	0.03152	0.57809	0.10787	0.07172	0.01686	0.00941	0.00257	0.00389	0.01491	0.05084	0.00757
118	0.03497	0.01494	0.01939	0.01499	0.02121	0.01376	0.01234	0.10311	0.05731	0.57122	0.03074	0.02689	0.01966	0.01006	0.00816	0.00252	0.00709	0.00812	0.00975	0.01376
119	0.02627	0.02045	0.02177	0.01774	0.02342	0.02302	0.01431	0.38203	0.30074	0.04375	0.02530	0.02412	0.01851	0.01029	0.00818	0.00257	0.00785	0.00811	0.00818	0.01339
120	0.01347	0.00882	0.01096	0.01011	0.01268	0.00787	0.00769	0.01677	0.02183	0.09321	0.44715	0.06187	0.22295	0.01697	0.00944	0.00260	0.00421	0.01466	0.00868	0.00806
121	0.01146	0.00867	0.01051	0.00999	0.01213	0.00804	0.00744	0.01559	0.04944	0.02955	0.47690	0.06290	0.20400	0.04474	0.01077	0.00281	0.00417	0.01487	0.00843	0.00760
122	0.01180	0.00787	0.00885	0.00885	0.00885	0.00787	0.00492	0.01180	0.01180	0.01573	0.02557	0.05310	0.02950	0.71483	0.04130	0.00787	0.00787	0.01180	0.00492	0.00492
123	0.01915	0.02189	0.04788	0.03420	0.04241	0.02052	0.63475	0.02599	0.01915	0.02599	0.01642	0.02189	0.01231	0.00684	0.00958	0.00274	0.01368	0.00958	0.00410	0.01094
124	0.03641	0.01381	0.01883	0.01444	0.02071	0.01193	0.01193	0.03954	0.02322	0.66984	0.03201	0.02762	0.02009	0.01004	0.00816	0.00251	0.00690	0.00816	0.01004	0.01381
125	0.05679	0.01824	0.02335	0.33766	0.07433	0.04793	0.01864	0.17759	0.10863	0.03112	0.01804	0.02150	0.01347	0.00885	0.00795	0.00259	0.00962	0.00729	0.00548	0.01095
126	0.01180	0.00787	0.00885	0.00885	0.00885	0.00787	0.00492	0.01180	0.01180	0.01573	0.02557	0.05310	0.02950	0.71483	0.04130	0.00787	0.00787	0.01180	0.00492	0.00492
127	0.00989	0.00706	0.00942	0.01130	0.01177	0.00659	0.00753	0.01130	0.01554	0.02071	0.04472	0.70954	0.05367	0.02542	0.01036	0.00330	0.00471	0.02307	0.00753	0.00659
128	0.03046	0.02121	0.02315	0.01798	0.02427	0.02318	0.01478	0.51255	0.09473	0.11989	0.02220	0.02144	0.01556	0.00990	0.00814	0.00247	0.00846	0.00758	0.00835	0.01371
129	0.01915	0.02189	0.04788	0.03420	0.04241	0.02052	0.63475	0.02599	0.01915	0.02599	0.01642	0.02189	0.01231	0.00684	0.00958	0.00274	0.01368	0.00958	0.00410	0.01094
130	0.03641	0.01381	0.01883	0.01444	0.02071	0.01193	0.01193	0.03954	0.02322	0.66984	0.03201	0.02762	0.02009	0.01004	0.00816	0.00251	0.00690	0.00816	0.01004	0.01381
