[name]
unknown

[dist]
# distance from previous block
# <min> <max>
0	0

[block]
# block no. 0 follows, 20 sequences, length 9
# corresponding to MSA columns:
# 0-8
name=unknown_A
#
# <colnr> <probs for GDERKNQSTAVLIFYWHMCP>
#	G	D	E	R	K	N	Q	S	T	A	V	L	I	F	Y	W	H	M	C	P
0	0.01406	0.01004	0.01406	0.01606	0.01807	0.01004	0.01406	0.01807	0.02008	0.02610	0.04618	0.09839	0.05020	0.02410	0.01205	0.00402	0.00803	0.58032	0.00803	0.00803
1	0.75506	0.01687	0.01282	0.01147	0.01687	0.01957	0.00945	0.02564	0.01484	0.03914	0.01215	0.01417	0.00945	0.00810	0.00540	0.00270	0.00675	0.00472	0.00540	0.00945
2	0.01626	0.00813	0.00813	0.00813	0.01016	0.00813	0.00610	0.02033	0.01829	0.03252	0.02846	0.03252	0.02236	0.01016	0.00610	0.00203	0.00407	0.00813	0.74187	0.00813
3	0.01626	0.00813	0.00813	0.00813	0.01016	0.00813	0.00610	0.02033	0.01829	0.03252	0.02846	0.03252	0.02236	0.01016	0.00610	0.00203	0.00407	0.00813	0.74187	0.00813
4	0.09867	0.02375	0.02497	0.01929	0.02613	0.02637	0.01593	0.55692	0.03864	0.05354	0.02014	0.02033	0.01435	0.01026	0.00842	0.00263	0.00934	0.00757	0.00842	0.01435
5	0.01239	0.00886	0.01139	0.01079	0.01259	0.00826	0.00786	0.01599	0.02318	0.03271	0.55828	0.06414	0.07596	0.10260	0.01457	0.00346	0.00466	0.01539	0.00906	0.00786
6	0.02170	0.01874	0.01972	0.01775	0.02268	0.02170	0.01381	0.04635	0.62327	0.03649	0.03550	0.03254	0.02663	0.01183	0.00888	0.00296	0.00690	0.00986	0.00888	0.01381
7	0.02239	0.02074	0.04048	0.02904	0.03738	0.01869	0.40619	0.02850	0.02061	0.10548	0.01930	0.02315	0.01422	0.00760	0.00929	0.00256	0.01204	0.00902	0.00537	0.16796
8	0.01610	0.01508	0.02470	0.53551	0.10191	0.01794	0.02217	0.02140	0.01796	0.02297	0.02498	0.03095	0.09228	0.01037	0.00892	0.00289	0.01059	0.00913	0.00446	0.00973

[dist]
# distance from previous block
# <min> <max>
0	2

[block]
# block no. 1 follows, 20 sequences, length 16
# corresponding to MSA columns:
# 11-26
name=unknown_B
#
# <colnr> <probs for GDERKNQSTAVLIFYWHMCP>
#	G	D	E	R	K	N	Q	S	T	A	V	L	I	F	Y	W	H	M	C	P
0	0.02134	0.01863	0.02523	0.02155	0.02281	0.02476	0.01783	0.02620	0.08971	0.08320	0.01664	0.02177	0.01430	0.01441	0.02427	0.00360	0.53002	0.00802	0.00512	0.01058
1	0.13060	0.02127	0.02118	0.02013	0.06721	0.07365	0.01475	0.12154	0.35986	0.03771	0.02688	0.02607	0.02028	0.01057	0.00825	0.00279	0.00823	0.00834	0.00767	0.01302
2	0.75506	0.01687	0.01282	0.01147	0.01687	0.01957	0.00945	0.02564	0.01484	0.03914	0.01215	0.01417	0.00945	0.00810	0.00540	0.00270	0.00675	0.00472	0.00540	0.00945
3	0.01356	0.01083	0.01238	0.01165	0.01455	0.01062	0.00883	0.02114	0.14144	0.03173	0.34650	0.06455	0.24314	0.01797	0.01002	0.00285	0.00476	0.01543	0.00899	0.00906
4	0.02332	0.69869	0.04571	0.01493	0.02239	0.03451	0.01493	0.02612	0.01772	0.02052	0.01213	0.01399	0.01119	0.00746	0.00560	0.00187	0.00933	0.00466	0.00373	0.01119
5	0.01848	0.12469	0.53391	0.02318	0.03490	0.02212	0.02892	0.02861	0.05630	0.02730	0.01646	0.01875	0.01205	0.00841	0.00799	0.00266	0.01207	0.00644	0.00402	0.01274
6	0.01235	0.00892	0.01166	0.01097	0.01303	0.00823	0.00823	0.01646	0.02469	0.03498	0.63443	0.06516	0.08230	0.01783	0.01029	0.00274	0.00412	0.01578	0.00960	0.00823
7	0.75506	0.01687	0.01282	0.01147	0.01687	0.01957	0.00945	0.02564	0.01484	0.03914	0.01215	0.01417	0.00945	0.00810	0.00540	0.00270	0.00675	0.00472	0.00540	0.00945
8	0.01809	0.01550	0.01809	0.01292	0.02067	0.01163	0.01034	0.02196	0.01809	0.02842	0.01550	0.01809	0.01292	0.00646	0.00646	0.00129	0.00646	0.00517	0.00517	0.74677
9	0.02332	0.69869	0.04571	0.01493	0.02239	0.03451	0.01493	0.02612	0.01772	0.02052	0.01213	0.01399	0.01119	0.00746	0.00560	0.00187	0.00933	0.00466	0.00373	0.01119
10	0.01750	0.04512	0.64825	0.02486	0.03775	0.02026	0.03223	0.02762	0.01842	0.02762	0.01565	0.01842	0.01105	0.00829	0.00829	0.00276	0.01289	0.00645	0.00368	0.01289
11	0.01034	0.00874	0.00894	0.00910	0.01185	0.00734	0.00675	0.01249	0.01962	0.02346	0.08510	0.13285	0.58870	0.02252	0.01038	0.00299	0.00447	0.01893	0.00810	0.00734
12	0.01750	0.04512	0.64825	0.02486	0.03775	0.02026	0.03223	0.02762	0.01842	0.02762	0.01565	0.01842	0.01105	0.00829	0.00829	0.00276	0.01289	0.00645	0.00368	0.01289
13	0.01063	0.00759	0.01012	0.01215	0.01265	0.00709	0.00810	0.01215	0.01670	0.02227	0.04808	0.68775	0.05769	0.02733	0.01113	0.00354	0.00506	0.02480	0.00810	0.00709
14	0.01063	0.00759	0.01012	0.01215	0.01265	0.00709	0.00810	0.01215	0.01670	0.02227	0.04808	0.68775	0.05769	0.02733	0.01113	0.00354	0.00506	0.02480	0.00810	0.00709
15	0.01806	0.10827	0.59003	0.02390	0.03627	0.02164	0.03056	0.02748	0.01835	0.02694	0.01531	0.01799	0.01106	0.00821	0.00803	0.00268	0.01255	0.00627	0.00369	0.01273

[dist]
# distance from previous block
# <min> <max>
0	5

[block]
# block no. 2 follows, 20 sequences, length 11
# corresponding to MSA columns:
# 32-42
name=unknown_C
#
# <colnr> <probs for GDERKNQSTAVLIFYWHMCP>
#	G	D	E	R	K	N	Q	S	T	A	V	L	I	F	Y	W	H	M	C	P
0	0.02008	0.01252	0.01540	0.01443	0.01780	0.01223	0.01089	0.08207	0.08899	0.14352	0.03912	0.35247	0.03984	0.01927	0.00993	0.00310	0.00639	0.04308	0.00855	0.06033
1	0.75506	0.01687	0.01282	0.01147	0.01687	0.01957	0.00945	0.02564	0.01484	0.03914	0.01215	0.01417	0.00945	0.00810	0.00540	0.00270	0.00675	0.00472	0.00540	0.00945
2	0.01195	0.00882	0.01116	0.01074	0.01283	0.00803	0.00799	0.01562	0.02350	0.03254	0.51903	0.10748	0.15984	0.01905	0.01034	0.00282	0.00422	0.01673	0.00929	0.00803
3	0.01526	0.00822	0.01256	0.06488	0.01531	0.00853	0.00892	0.01225	0.01186	0.01573	0.01518	0.02625	0.01487	0.02856	0.03204	0.68604	0.00790	0.00759	0.00380	0.00427
4	0.03078	0.02482	0.02474	0.01982	0.02616	0.08290	0.01604	0.44372	0.15770	0.04819	0.02322	0.02283	0.01690	0.01061	0.00868	0.00265	0.00960	0.00806	0.00837	0.01420
5	0.01186	0.00890	0.01144	0.01227	0.01398	0.00784	0.00847	0.01377	0.01693	0.02329	0.04268	0.57683	0.05028	0.02387	0.01036	0.00317	0.00529	0.02155	0.00761	0.12961
6	0.53187	0.01754	0.01593	0.01335	0.01919	0.01940	0.01100	0.10782	0.02016	0.14734	0.01724	0.01780	0.01230	0.00889	0.00644	0.00269	0.00725	0.00586	0.00679	0.01112
7	0.01810	0.11304	0.58563	0.02383	0.03616	0.02174	0.03043	0.02747	0.01834	0.02689	0.01529	0.01796	0.01106	0.00820	0.00801	0.00267	0.01252	0.00626	0.00369	0.01271
8	0.02828	0.02266	0.02339	0.09238	0.02889	0.09652	0.01622	0.24309	0.21561	0.10298	0.02539	0.02511	0.01842	0.01056	0.00868	0.00272	0.00948	0.00830	0.00795	0.01339
9	0.01646	0.01527	0.02552	0.52065	0.12745	0.01817	0.02273	0.02171	0.01766	0.02306	0.01927	0.09763	0.01707	0.01069	0.00898	0.00294	0.01073	0.00967	0.00441	0.00992
10	0.01241	0.01208	0.05828	0.01564	0.01810	0.00979	0.07701	0.01547	0.01818	0.02475	0.11069	0.49530	0.05240	0.02269	0.01075	0.00333	0.00657	0.02087	0.00756	0.00814

[dist]
# distance from previous block
# <min> <max>
16	63

[block]
# block no. 3 follows, 20 sequences, length 16
# corresponding to MSA columns:
# 107-122
name=unknown_D
#
# <colnr> <probs for GDERKNQSTAVLIFYWHMCP>
#	G	D	E	R	K	N	Q	S	T	A	V	L	I	F	Y	W	H	M	C	P
0	0.01699	0.00983	0.01287	0.01186	0.01463	0.00887	0.00897	0.02048	0.02330	0.14663	0.40466	0.14914	0.10105	0.01814	0.01013	0.00286	0.00489	0.01592	0.00952	0.00925
1	0.01089	0.00775	0.01020	0.01189	0.01249	0.00726	0.00793	0.01251	0.01706	0.02290	0.09128	0.60151	0.05795	0.06781	0.01313	0.00379	0.00520	0.02336	0.00804	0.00706
2	0.01515	0.00758	0.01136	0.01136	0.01136	0.00758	0.00758	0.01136	0.01136	0.01515	0.01515	0.02652	0.01515	0.03030	0.03409	0.74621	0.00758	0.00758	0.00379	0.00379
3	0.75506	0.01687	0.01282	0.01147	0.01687	0.01957	0.00945	0.02564	0.01484	0.03914	0.01215	0.01417	0.00945	0.00810	0.00540	0.00270	0.00675	0.00472	0.00540	0.00945
4	0.01648	0.01433	0.02443	0.40367	0.09936	0.01648	0.05351	0.02018	0.01664	0.02183	0.01814	0.07473	0.01612	0.01407	0.01379	0.14353	0.01042	0.00917	0.00425	0.00887
5	0.02812	0.02209	0.02455	0.02180	0.07243	0.02463	0.01636	0.36103	0.25032	0.04625	0.02587	0.02519	0.01903	0.01076	0.00877	0.00274	0.00868	0.00857	0.00844	0.01438
6	0.01842	0.01749	0.02968	0.43679	0.28054	0.01989	0.02519	0.02399	0.01836	0.02465	0.01585	0.02262	0.01246	0.00836	0.00869	0.00279	0.01115	0.00776	0.00404	0.01126
7	0.05872	0.27040	0.26514	0.02411	0.07787	0.04909	0.08873	0.02723	0.01858	0.02558	0.01443	0.01735	0.01148	0.00787	0.00742	0.00243	0.01143	0.00623	0.00395	0.01196
8	0.01800	0.10144	0.59632	0.02401	0.03643	0.02149	0.03074	0.02749	0.01836	0.02701	0.01535	0.01803	0.01106	0.00822	0.00806	0.00269	0.01258	0.00629	0.00369	0.01275
9	0.01063	0.00759	0.01012	0.01215	0.01265	0.00709	0.00810	0.01215	0.01670	0.02227	0.04808	0.68775	0.05769	0.02733	0.01113	0.00354	0.00506	0.02480	0.00810	0.00709
10	0.01903	0.01879	0.02721	0.02296	0.02357	0.02552	0.05228	0.02136	0.01402	0.02197	0.01266	0.02001	0.01210	0.01456	0.02644	0.00368	0.60562	0.00781	0.04081	0.00960
11	0.01858	0.01848	0.03191	0.08422	0.03177	0.02178	0.20331	0.02283	0.01648	0.02424	0.01614	0.02317	0.01375	0.01554	0.06691	0.00408	0.30046	0.00866	0.06768	0.01000
12	0.01816	0.01633	0.02659	0.50288	0.13816	0.01933	0.02310	0.05879	0.01888	0.02478	0.01595	0.02307	0.01236	0.01001	0.01025	0.04805	0.01107	0.00775	0.00424	0.01024
13	0.01041	0.00843	0.00925	0.00991	0.01206	0.00727	0.00710	0.01240	0.01885	0.02314	0.07534	0.27913	0.44872	0.02378	0.01058	0.00314	0.00463	0.02047	0.00810	0.00727
14	0.01267	0.00923	0.01345	0.01345	0.01494	0.01062	0.01033	0.01565	0.01416	0.02069	0.02387	0.03550	0.02241	0.09905	0.58935	0.01307	0.02150	0.00948	0.04291	0.00766
15	0.02843	0.02317	0.02344	0.01927	0.02526	0.06410	0.01546	0.34345	0.27839	0.04532	0.02644	0.02537	0.01944	0.01094	0.00873	0.00273	0.00888	0.00854	0.00852	0.01412

[dist]
# distance from previous block
# <min> <max>
0	1

[block]
# block no. 4 follows, 20 sequences, length 31
# corresponding to MSA columns:
# 124-154
name=unknown_E
#
# <colnr> <probs for GDERKNQSTAVLIFYWHMCP>
#	G	D	E	R	K	N	Q	S	T	A	V	L	I	F	Y	W	H	M	C	P
0	0.01971	0.02428	0.10365	0.08553	0.04244	0.02240	0.41090	0.02635	0.01898	0.02635	0.01630	0.02231	0.01261	0.00880	0.01286	0.00306	0.11863	0.00929	0.00420	0.01135
1	0.01892	0.01581	0.01832	0.01346	0.02076	0.01265	0.01073	0.06963	0.01989	0.03027	0.01770	0.05435	0.01549	0.00791	0.00690	0.00152	0.00664	0.00644	0.00562	0.64699
2	0.01051	0.00884	0.00912	0.00905	0.01191	0.00745	0.00679	0.01291	0.02036	0.02471	0.14301	0.08207	0.58014	0.02167	0.01031	0.00293	0.00439	0.01815	0.00825	0.00745
3	0.01607	0.01486	0.02475	0.60802	0.05549	0.01829	0.02267	0.02172	0.01815	0.02352	0.07582	0.02734	0.01851	0.00961	0.00887	0.00289	0.01090	0.00853	0.00443	0.00955
4	0.33753	0.20138	0.08254	0.01451	0.02145	0.02219	0.01376	0.02956	0.01811	0.16258	0.01723	0.01784	0.01266	0.00852	0.00644	0.00248	0.00816	0.00573	0.00595	0.01139
5	0.01515	0.00758	0.01136	0.01136	0.01136	0.00758	0.00758	0.01136	0.01136	0.01515	0.01515	0.02652	0.01515	0.03030	0.03409	0.74621	0.00758	0.00758	0.00379	0.00379
6	0.01750	0.04512	0.64825	0.02486	0.03775	0.02026	0.03223	0.02762	0.01842	0.02762	0.01565	0.01842	0.01105	0.00829	0.00829	0.00276	0.01289	0.00645	0.00368	0.01289
7	0.75506	0.01687	0.01282	0.01147	0.01687	0.01957	0.00945	0.02564	0.01484	0.03914	0.01215	0.01417	0.00945	0.00810	0.00540	0.00270	0.00675	0.00472	0.00540	0.00945
8	0.01914	0.02027	0.03954	0.20042	0.04511	0.02072	0.34768	0.02530	0.01892	0.02593	0.01637	0.02256	0.01264	0.00827	0.01101	0.00284	0.06742	0.00891	0.00430	0.08266
9	0.02643	0.01524	0.01894	0.01395	0.02130	0.01210	0.01132	0.03010	0.02081	0.27273	0.02300	0.02268	0.01636	0.00818	0.00738	0.00185	0.00684	0.00660	0.00740	0.45680
10	0.02872	0.01384	0.01793	0.01428	0.02002	0.01205	0.01145	0.03335	0.05548	0.37376	0.12909	0.06701	0.03202	0.01207	0.00874	0.00252	0.00657	0.01015	0.00938	0.14157
11	0.01883	0.01856	0.02597	0.06405	0.02512	0.02501	0.01870	0.02116	0.01401	0.02169	0.01204	0.01927	0.01158	0.01412	0.02552	0.00355	0.57946	0.00744	0.00393	0.06998
12	0.01839	0.01415	0.01639	0.01549	0.01877	0.01524	0.01222	0.11185	0.19767	0.03356	0.12555	0.11383	0.04213	0.07277	0.01295	0.00364	0.00711	0.14948	0.00839	0.01042
13	0.01246	0.00935	0.01402	0.01402	0.01558	0.01090	0.01090	0.01558	0.01402	0.02025	0.02336	0.03427	0.02181	0.06542	0.65888	0.01402	0.02336	0.00935	0.00467	0.00779
14	0.75506	0.01687	0.01282	0.01147	0.01687	0.01957	0.00945	0.02564	0.01484	0.03914	0.01215	0.01417	0.00945	0.00810	0.00540	0.00270	0.00675	0.00472	0.00540	0.00945
15	0.01896	0.20905	0.49712	0.02237	0.03390	0.02383	0.02789	0.02725	0.01824	0.02584	0.01477	0.01731	0.01109	0.00808	0.00761	0.00254	0.01200	0.00600	0.00370	0.01247
16	0.01093	0.00886	0.00969	0.00948	0.01216	0.00763	0.00711	0.01371	0.02134	0.02703	0.25403	0.07825	0.46767	0.02080	0.01030	0.00288	0.00433	0.01761	0.00856	0.00763
17	0.01358	0.00936	0.01063	0.01015	0.01313	0.00807	0.00767	0.01627	0.02122	0.08651	0.19831	0.11146	0.42121	0.02039	0.01021	0.00291	0.00468	0.01729	0.00869	0.00826
18	0.01723	0.01533	0.02176	0.01929	0.01956	0.02054	0.01560	0.01833	0.01312	0.01982	0.01418	0.02305	0.01391	0.02667	0.13897	0.13878	0.44379	0.00792	0.00396	0.00821
19	0.03316	0.02443	0.02618	0.02007	0.02705	0.02705	0.01658	0.60995	0.04101	0.05497	0.02094	0.02094	0.01483	0.01047	0.00873	0.00262	0.00960	0.00785	0.00873	0.01483
20	0.03316	0.02443	0.02618	0.02007	0.02705	0.02705	0.01658	0.60995	0.04101	0.05497	0.02094	0.02094	0.01483	0.01047	0.00873	0.00262	0.00960	0.00785	0.00873	0.01483
21	0.01369	0.01035	0.01390	0.09995	0.02030	0.01069	0.01103	0.06977	0.01992	0.02668	0.10361	0.47152	0.05023	0.02229	0.01050	0.00329	0.00625	0.02000	0.00776	0.00827
22	0.01359	0.00924	0.01217	0.01146	0.01372	0.00853	0.00877	0.01767	0.02443	0.06054	0.57453	0.06558	0.07784	0.01790	0.01033	0.00282	0.00448	0.04835	0.00956	0.00850
23	0.02506	0.01890	0.02324	0.01840	0.02341	0.02036	0.07083	0.34804	0.02971	0.04044	0.02255	0.03009	0.01903	0.14719	0.07633	0.00481	0.01084	0.00918	0.04996	0.01164
24	0.01074	0.00768	0.01022	0.01207	0.01268	0.00716	0.00811	0.01242	0.01722	0.02309	0.08596	0.64753	0.05928	0.02671	0.01108	0.00349	0.00500	0.02421	0.00819	0.00716
25	0.01567	0.01323	0.01851	0.01689	0.01756	0.01705	0.01338	0.01759	0.01367	0.02057	0.01846	0.02946	0.01799	0.10022	0.25830	0.05319	0.29834	0.00877	0.04307	0.00806
26	0.03077	0.11319	0.02675	0.02073	0.02588	0.46651	0.01621	0.12019	0.02620	0.02644	0.01728	0.01889	0.03532	0.00953	0.00783	0.00229	0.01364	0.00633	0.00518	0.01085
27	0.20812	0.02151	0.02464	0.06224	0.08843	0.07766	0.06433	0.17456	0.02371	0.03583	0.02045	0.02310	0.05251	0.01033	0.00998	0.00279	0.07479	0.00772	0.00591	0.01140
28	0.01348	0.01085	0.01598	0.01539	0.01671	0.01334	0.01217	0.01641	0.01392	0.02036	0.02153	0.03193	0.02021	0.05768	0.56164	0.01244	0.12429	0.00908	0.00454	0.00806
29	0.02323	0.01922	0.02051	0.01805	0.02317	0.02195	0.01430	0.14158	0.48861	0.03907	0.03361	0.03433	0.02595	0.01230	0.00903	0.00296	0.00743	0.04225	0.00880	0.01365
30	0.02044	0.02350	0.07735	0.07684	0.19537	0.02147	0.39753	0.02731	0.02011	0.02774	0.01711	0.02276	0.01317	0.00759	0.00968	0.00284	0.01334	0.00931	0.00432	0.01222

[dist]
# distance from previous block
# <min> <max>
0	1

[block]
# block no. 5 follows, 20 sequences, length 45
# corresponding to MSA columns:
# 156-200
name=unknown_F
#
# <colnr> <probs for GDERKNQSTAVLIFYWHMCP>
#	G	D	E	R	K	N	Q	S	T	A	V	L	I	F	Y	W	H	M	C	P
0	0.02040	0.03757	0.50082	0.02231	0.03339	0.01815	0.02732	0.02901	0.01992	0.12289	0.06823	0.02390	0.01839	0.00944	0.00852	0.00275	0.01135	0.00755	0.00525	0.01282
1	0.01958	0.01664	0.02184	0.10298	0.06480	0.01834	0.04737	0.08229	0.25359	0.03226	0.03491	0.04734	0.06032	0.01425	0.00972	0.00315	0.00849	0.14306	0.00748	0.01157
2	0.03054	0.07381	0.02691	0.08258	0.02942	0.05952	0.01687	0.42043	0.06403	0.07848	0.02081	0.02142	0.01501	0.01008	0.00846	0.00259	0.00985	0.00764	0.00778	0.01376
3	0.01808	0.07834	0.57455	0.02628	0.07769	0.02105	0.03093	0.02749	0.01848	0.02730	0.01552	0.01840	0.01125	0.00821	0.00817	0.00270	0.01253	0.00644	0.00373	0.01286
4	0.01736	0.01685	0.02698	0.38073	0.04410	0.02160	0.05180	0.02168	0.01612	0.02212	0.01557	0.05024	0.01362	0.01177	0.01597	0.00326	0.24795	0.00857	0.00406	0.00963
5	0.01258	0.00885	0.01153	0.01153	0.01223	0.00955	0.00780	0.01398	0.01328	0.01841	0.02564	0.04687	0.02728	0.41227	0.31951	0.01095	0.01513	0.01119	0.00501	0.00641
6	0.01063	0.00759	0.01012	0.01215	0.01265	0.00709	0.00810	0.01215	0.01670	0.02227	0.04808	0.68775	0.05769	0.02733	0.01113	0.00354	0.00506	0.02480	0.00810	0.00709
7	0.01217	0.00878	0.01150	0.01110	0.01299	0.00811	0.00822	0.01601	0.02385	0.03365	0.57302	0.13037	0.07973	0.01883	0.01038	0.00283	0.00421	0.01672	0.00944	0.00811
8	0.01063	0.00759	0.01012	0.01215	0.01265	0.00709	0.00810	0.01215	0.01670	0.02227	0.04808	0.68775	0.05769	0.02733	0.01113	0.00354	0.00506	0.02480	0.00810	0.00709
9	0.01268	0.00846	0.00951	0.00951	0.00951	0.00846	0.00529	0.01268	0.01268	0.01691	0.02748	0.05708	0.03171	0.69345	0.04440	0.00846	0.00846	0.01268	0.00529	0.00529
10	0.03135	0.02317	0.02492	0.01917	0.02585	0.02531	0.01569	0.54919	0.03839	0.05168	0.02098	0.02258	0.01557	0.04401	0.01037	0.00284	0.00938	0.00795	0.00837	0.05325
11	0.01479	0.01010	0.01123	0.01060	0.01132	0.01037	0.00645	0.07407	0.01560	0.02083	0.02681	0.05337	0.02998	0.62325	0.04073	0.00786	0.00857	0.01219	0.00564	0.00627
12	0.01908	0.01908	0.02672	0.02290	0.02290	0.02672	0.01908	0.02099	0.01336	0.02099	0.01145	0.01908	0.01145	0.01527	0.02863	0.00382	0.67748	0.00763	0.00382	0.00954
13	0.01063	0.00759	0.01012	0.01215	0.01265	0.00709	0.00810	0.01215	0.01670	0.02227	0.04808	0.68775	0.05769	0.02733	0.01113	0.00354	0.00506	0.02480	0.00810	0.00709
14	0.01063	0.00759	0.01012	0.01215	0.01265	0.00709	0.00810	0.01215	0.01670	0.02227	0.04808	0.68775	0.05769	0.02733	0.01113	0.00354	0.00506	0.02480	0.00810	0.00709
15	0.01052	0.00882	0.00918	0.00941	0.01216	0.00748	0.00710	0.01278	0.01970	0.02362	0.08374	0.12139	0.57018	0.02251	0.01045	0.00304	0.00464	0.04779	0.00810	0.00738
16	0.01063	0.00759	0.01012	0.01215	0.01265	0.00709	0.00810	0.01215	0.01670	0.02227	0.04808	0.68775	0.05769	0.02733	0.01113	0.00354	0.00506	0.02480	0.00810	0.00709
17	0.03393	0.02163	0.02636	0.02001	0.02706	0.02261	0.05943	0.40459	0.03491	0.22152	0.02455	0.02363	0.01665	0.01033	0.00886	0.00267	0.00936	0.00830	0.00900	0.01461
18	0.01072	0.00766	0.01020	0.01208	0.01267	0.00715	0.00810	0.01238	0.01713	0.02295	0.07947	0.65442	0.05901	0.02682	0.01109	0.00350	0.00501	0.02431	0.00818	0.00715
19	0.02332	0.69869	0.04571	0.01493	0.02239	0.03451	0.01493	0.02612	0.01772	0.02052	0.01213	0.01399	0.01119	0.00746	0.00560	0.00187	0.00933	0.00466	0.00373	0.01119
20	0.05998	0.02316	0.02498	0.02138	0.02339	0.14304	0.01742	0.05209	0.01722	0.02416	0.01261	0.01822	0.01158	0.01286	0.02101	0.00323	0.43914	0.00694	0.00436	0.06325
21	0.02967	0.02153	0.02332	0.01833	0.02478	0.02334	0.01495	0.41538	0.13168	0.08049	0.02399	0.02365	0.01734	0.01040	0.00845	0.00255	0.00854	0.00804	0.04482	0.06875
22	0.02161	0.02164	0.02934	0.26748	0.12307	0.13387	0.10353	0.02628	0.01966	0.05739	0.01858	0.06689	0.01573	0.01017	0.01001	0.00283	0.04749	0.00893	0.00478	0.01071
23	0.02033	0.02520	0.10660	0.10121	0.08346	0.05242	0.36252	0.02691	0.01949	0.02638	0.01634	0.02204	0.01261	0.00845	0.01143	0.00295	0.07695	0.00898	0.00422	0.01151
24	0.02419	0.61387	0.07514	0.01549	0.02318	0.03216	0.01567	0.02742	0.01830	0.06732	0.01397	0.01539	0.01196	0.00775	0.00597	0.00197	0.00937	0.00506	0.00425	0.01155
25	0.01267	0.00848	0.00962	0.00959	0.00969	0.00845	0.00543	0.01287	0.01328	0.01782	0.05779	0.05749	0.03424	0.65971	0.04269	0.00817	0.00824	0.01284	0.00550	0.00543
26	0.01336	0.01128	0.01212	0.04338	0.01643	0.01089	0.00901	0.04751	0.10196	0.02721	0.09396	0.07024	0.47214	0.01932	0.00996	0.00292	0.00535	0.01612	0.00808	0.00875
27	0.01246	0.00935	0.01402	0.01402	0.01558	0.01090	0.01090	0.01558	0.01402	0.02025	0.02336	0.03427	0.02181	0.06542	0.65888	0.01402	0.02336	0.00935	0.00467	0.00779
28	0.05585	0.03799	0.47248	0.02560	0.03701	0.02003	0.12797	0.02859	0.01905	0.07010	0.01709	0.01984	0.01206	0.00829	0.00852	0.00279	0.01253	0.00718	0.00437	0.01266
29	0.75506	0.01687	0.01282	0.01147	0.01687	0.01957	0.00945	0.02564	0.01484	0.03914	0.01215	0.01417	0.00945	0.00810	0.00540	0.00270	0.00675	0.00472	0.00540	0.00945
30	0.01069	0.00892	0.00936	0.00943	0.01226	0.00759	0.00720	0.01315	0.02025	0.02457	0.12640	0.08343	0.55880	0.02190	0.01041	0.00300	0.00462	0.05236	0.00821	0.00747
31	0.01063	0.00759	0.01012	0.01215	0.01265	0.00709	0.00810	0.01215	0.01670	0.02227	0.04808	0.68775	0.05769	0.02733	0.01113	0.00354	0.00506	0.02480	0.00810	0.00709
32	0.01809	0.01550	0.01809	0.01292	0.02067	0.01163	0.01034	0.02196	0.01809	0.02842	0.01550	0.01809	0.01292	0.00646	0.00646	0.00129	0.00646	0.00517	0.00517	0.74677
33	0.01078	0.00784	0.01017	0.01173	0.01262	0.00723	0.00798	0.01263	0.01782	0.02371	0.11303	0.56944	0.11108	0.02587	0.01097	0.00341	0.00491	0.02329	0.00826	0.00723
34	0.03316	0.02443	0.02618	0.02007	0.02705	0.02705	0.01658	0.60995	0.04101	0.05497	0.02094	0.02094	0.01483	0.01047	0.00873	0.00262	0.00960	0.00785	0.00873	0.01483
35	0.58778	0.01640	0.01455	0.01242	0.01813	0.01799	0.01024	0.02958	0.01721	0.18072	0.01735	0.01780	0.01228	0.00873	0.00619	0.00270	0.00691	0.00567	0.00666	0.01071
36	0.01147	0.00871	0.01069	0.01190	0.01339	0.00819	0.00850	0.01466	0.04962	0.02422	0.08560	0.43810	0.19174	0.02459	0.01085	0.00337	0.00518	0.06338	0.00821	0.00763
37	0.02842	0.06395	0.13813	0.02037	0.02819	0.02559	0.01896	0.40542	0.10634	0.04596	0.02128	0.02152	0.01539	0.01008	0.00850	0.00264	0.00985	0.00767	0.00757	0.01416
38	0.01368	0.00887	0.01101	0.01072	0.01197	0.00843	0.00720	0.01570	0.01864	0.05749	0.27543	0.13276	0.05466	0.30706	0.02487	0.00527	0.00625	0.01515	0.00764	0.00718
39	0.01878	0.01935	0.03688	0.32375	0.12294	0.02093	0.24468	0.02490	0.01872	0.02511	0.01622	0.02294	0.01249	0.00842	0.01033	0.00293	0.04681	0.00871	0.00413	0.01097
40	0.06185	0.01488	0.06248	0.01411	0.01910	0.01219	0.01200	0.02819	0.06296	0.23813	0.19064	0.10540	0.07665	0.01447	0.00917	0.00276	0.00644	0.01227	0.00883	0.04749
41	0.01210	0.00961	0.01098	0.01075	0.01329	0.00892	0.00800	0.01692	0.07430	0.02884	0.28382	0.13272	0.31759	0.02012	0.01026	0.00293	0.00459	0.01731	0.00873	0.00823
42	0.02884	0.02169	0.02414	0.06706	0.02760	0.02349	0.01568	0.45986	0.03477	0.04699	0.02037	0.02324	0.01553	0.05619	0.01089	0.00289	0.00932	0.00787	0.00773	0.09585
43	0.01487	0.01599	0.06842	0.02206	0.02647	0.01352	0.22459	0.01921	0.01841	0.02489	0.03487	0.36881	0.03816	0.01869	0.01070	0.00330	0.00922	0.05212	0.00647	0.00921
44	0.02221	0.47684	0.07182	0.02086	0.02847	0.03058	0.15373	0.02633	0.01818	0.02258	0.01353	0.01668	0.01168	0.00789	0.00805	0.00226	0.04690	0.00621	0.00389	0.01131

[dist]
# distance from previous block
# <min> <max>
2	6

[block]
# block no. 6 follows, 20 sequences, length 100
# corresponding to MSA columns:
# 207-306
name=unknown_G
#
# <colnr> <probs for GDERKNQSTAVLIFYWHMCP>
#	G	D	E	R	K	N	Q	S	T	A	V	L	I	F	Y	W	H	M	C	P
0	0.02873	0.01965	0.02275	0.01894	0.05294	0.02019	0.01462	0.31012	0.07862	0.14250	0.07485	0.02661	0.02221	0.01054	0.00854	0.00247	0.00815	0.00843	0.00842	0.12073
1	0.02341	0.01749	0.02373	0.01776	0.02499	0.01556	0.09104	0.09848	0.05672	0.12372	0.02180	0.02536	0.01696	0.00882	0.00798	0.00210	0.00818	0.03315	0.00668	0.37609
2	0.02114	0.02219	0.02545	0.02208	0.02292	0.12872	0.01806	0.02321	0.01546	0.02163	0.01264	0.01922	0.01197	0.01399	0.02410	0.00347	0.53558	0.00733	0.04126	0.00956
3	0.06195	0.01149	0.01481	0.01563	0.01846	0.01170	0.01338	0.02268	0.06936	0.07700	0.07029	0.08089	0.04506	0.02077	0.01104	0.00369	0.00763	0.42679	0.00823	0.00913
4	0.01256	0.00840	0.00955	0.00967	0.00971	0.00837	0.00546	0.01265	0.01293	0.01724	0.02875	0.09570	0.03330	0.65266	0.04236	0.00816	0.00825	0.01343	0.00546	0.00540
5	0.01777	0.04319	0.59490	0.02593	0.03845	0.02042	0.08364	0.02765	0.01861	0.02765	0.01583	0.01887	0.01125	0.00820	0.00847	0.00278	0.01305	0.00679	0.00375	0.01279
6	0.01033	0.00874	0.00894	0.00910	0.01185	0.00734	0.00674	0.01249	0.01963	0.02346	0.08519	0.13158	0.58991	0.02250	0.01037	0.00299	0.00447	0.01891	0.00810	0.00734
7	0.03132	0.02366	0.02586	0.02018	0.02645	0.02672	0.01663	0.52840	0.07178	0.05107	0.02097	0.02145	0.01522	0.01095	0.01041	0.00274	0.06560	0.00795	0.00832	0.01433
8	0.49219	0.01962	0.01768	0.01460	0.02058	0.02229	0.01204	0.23841	0.02437	0.04490	0.01535	0.01664	0.01141	0.00896	0.00661	0.00267	0.00779	0.00586	0.00661	0.01141
9	0.02012	0.01626	0.02012	0.01450	0.02220	0.01291	0.03795	0.05177	0.01970	0.06473	0.01694	0.01913	0.01352	0.00694	0.00688	0.00151	0.00704	0.00574	0.00563	0.63642
10	0.01390	0.00994	0.01384	0.01561	0.01762	0.00988	0.01354	0.01793	0.02049	0.02689	0.09845	0.09544	0.05305	0.02354	0.01189	0.00390	0.00768	0.53016	0.00817	0.00805
11	0.01252	0.00903	0.01190	0.01148	0.01353	0.00841	0.00881	0.01662	0.02423	0.03410	0.57590	0.06846	0.07911	0.01846	0.01046	0.00287	0.00450	0.07194	0.00945	0.00821
12	0.02204	0.54565	0.15566	0.01714	0.02524	0.03152	0.01831	0.02615	0.01764	0.02185	0.01274	0.01505	0.01118	0.00799	0.00720	0.00212	0.04222	0.00514	0.00373	0.01143
13	0.03029	0.02278	0.02462	0.01885	0.02586	0.02441	0.01548	0.49266	0.06449	0.05000	0.02078	0.02104	0.01509	0.00991	0.00838	0.00243	0.00899	0.00753	0.00818	0.12822
14	0.02119	0.02031	0.03468	0.10237	0.59336	0.02062	0.02657	0.02642	0.01967	0.02801	0.01634	0.02172	0.01364	0.00785	0.00864	0.00262	0.01046	0.00777	0.00428	0.01349
15	0.01151	0.00888	0.01051	0.01010	0.01252	0.00788	0.00758	0.01485	0.02273	0.03032	0.41154	0.07283	0.30810	0.01957	0.01030	0.00283	0.00424	0.01685	0.00899	0.00788
16	0.01266	0.00850	0.00969	0.00964	0.00981	0.00844	0.00553	0.01300	0.01369	0.01843	0.07851	0.05776	0.03597	0.63664	0.04153	0.00798	0.00809	0.01294	0.00565	0.00553
17	0.01478	0.01149	0.01351	0.04633	0.04411	0.01105	0.01002	0.02083	0.10680	0.06514	0.14361	0.06498	0.37831	0.01806	0.00985	0.00289	0.00554	0.01524	0.00820	0.00926
18	0.01626	0.00813	0.00813	0.00813	0.01016	0.00813	0.00610	0.02033	0.01829	0.03252	0.02846	0.03252	0.02236	0.01016	0.00610	0.00203	0.00407	0.00813	0.74187	0.00813
19	0.03427	0.06280	0.02229	0.06706	0.02511	0.01474	0.01363	0.03784	0.02322	0.49445	0.02959	0.02700	0.01927	0.00999	0.00833	0.00253	0.00780	0.00807	0.00923	0.08280
20	0.13771	0.02673	0.02363	0.01923	0.02535	0.16048	0.01547	0.37682	0.05980	0.04466	0.01872	0.01936	0.01381	0.00987	0.00806	0.00257	0.01037	0.00701	0.00734	0.01300
21	0.03698	0.01596	0.02126	0.01650	0.02270	0.01511	0.01364	0.08546	0.02526	0.54605	0.03142	0.02811	0.02021	0.01115	0.01044	0.00279	0.06393	0.00860	0.01005	0.01440
22	0.07593	0.01539	0.01948	0.01568	0.02185	0.01453	0.01284	0.04116	0.12169	0.48557	0.03382	0.03215	0.02292	0.01137	0.00873	0.00280	0.00732	0.03262	0.01006	0.01408
23	0.02078	0.24128	0.42152	0.02119	0.03201	0.02406	0.02562	0.02821	0.01866	0.06866	0.01590	0.01786	0.01183	0.00821	0.00751	0.00249	0.01143	0.00607	0.00420	0.01251
24	0.01418	0.01139	0.01605	0.11970	0.02321	0.01202	0.03525	0.05129	0.07015	0.02557	0.03905	0.46142	0.04348	0.02128	0.01038	0.00331	0.00691	0.01926	0.00738	0.00870
25	0.02034	0.02125	0.03753	0.09215	0.23154	0.05101	0.24341	0.02588	0.01996	0.02726	0.06497	0.02540	0.01848	0.00922	0.01116	0.00286	0.07196	0.00924	0.00470	0.01169
26	0.05695	0.01976	0.02407	0.06485	0.21236	0.07261	0.01760	0.06782	0.16654	0.08435	0.02613	0.02748	0.04226	0.01010	0.00836	0.00265	0.00885	0.00849	0.06625	0.01250
27	0.01515	0.00758	0.01136	0.01136	0.01136	0.00758	0.00758	0.01136	0.01136	0.01515	0.01515	0.02652	0.01515	0.03030	0.03409	0.74621	0.00758	0.00758	0.00379	0.00379
28	0.01216	0.00924	0.01153	0.01278	0.01493	0.00861	0.01041	0.01514	0.01953	0.02460	0.06243	0.17550	0.27305	0.02379	0.01126	0.00354	0.00625	0.28955	0.00807	0.00765
29	0.01982	0.08252	0.22108	0.03116	0.06809	0.02287	0.31325	0.02703	0.01905	0.02667	0.01602	0.02080	0.01231	0.00836	0.01090	0.00287	0.07280	0.00837	0.00409	0.01195
30	0.02232	0.02282	0.02754	0.02300	0.02571	0.13062	0.08579	0.09184	0.01957	0.02585	0.01646	0.06096	0.01537	0.01601	0.05149	0.00381	0.33692	0.00877	0.00488	0.01027
31	0.01336	0.00951	0.01064	0.01049	0.01359	0.00823	0.00824	0.01600	0.02055	0.07705	0.10195	0.08052	0.47867	0.02122	0.01042	0.00306	0.00516	0.09482	0.00839	0.00813
32	0.01807	0.06753	0.57192	0.02700	0.08987	0.02083	0.03110	0.02749	0.01852	0.02743	0.01559	0.01853	0.01130	0.00821	0.00822	0.00271	0.01254	0.00649	0.00374	0.01291
33	0.02197	0.47127	0.22731	0.01827	0.02725	0.05814	0.02025	0.02697	0.01825	0.02271	0.01326	0.01541	0.01115	0.00778	0.00651	0.00215	0.01069	0.00525	0.00375	0.01166
34	0.01788	0.01625	0.02616	0.61763	0.05730	0.02002	0.02358	0.07170	0.01942	0.02504	0.01596	0.02306	0.01190	0.00887	0.00872	0.00288	0.01146	0.00776	0.00428	0.01012
35	0.01649	0.01527	0.02555	0.59013	0.08195	0.01865	0.02348	0.02213	0.01777	0.02288	0.01812	0.02950	0.01497	0.00997	0.00900	0.00299	0.01127	0.05589	0.00424	0.00973
36	0.01722	0.06815	0.02073	0.01645	0.01953	0.06010	0.06175	0.04679	0.01742	0.02438	0.02135	0.02888	0.01877	0.03915	0.35335	0.00857	0.04915	0.00847	0.11078	0.00901
37	0.02064	0.02138	0.06894	0.13863	0.52374	0.02051	0.02672	0.02619	0.01944	0.02758	0.01624	0.02164	0.01335	0.00793	0.00863	0.00264	0.01068	0.00769	0.00422	0.01319
38	0.03211	0.02200	0.02426	0.01877	0.02531	0.02380	0.01544	0.49357	0.03776	0.12242	0.07410	0.02568	0.02130	0.01113	0.00886	0.00264	0.00888	0.00863	0.00904	0.01428
39	0.01325	0.01018	0.01294	0.04510	0.01733	0.01030	0.01086	0.01839	0.08605	0.02537	0.07286	0.27545	0.12888	0.05637	0.01256	0.00371	0.00647	0.17781	0.00788	0.00822
40	0.02352	0.01907	0.02304	0.20657	0.07133	0.07281	0.01798	0.08456	0.18194	0.10470	0.02637	0.03270	0.02086	0.01138	0.00901	0.00290	0.00961	0.06272	0.00694	0.01199
41	0.01951	0.02171	0.04644	0.07929	0.04400	0.02069	0.51929	0.02630	0.02006	0.02710	0.01990	0.07591	0.01663	0.00902	0.01025	0.00299	0.01373	0.01126	0.00467	0.01125
42	0.01987	0.01955	0.03057	0.02241	0.02993	0.04530	0.23098	0.04959	0.02022	0.02870	0.01843	0.06112	0.01578	0.00836	0.00832	0.00214	0.00997	0.00840	0.00519	0.36517
43	0.01516	0.00975	0.01270	0.01365	0.01557	0.00940	0.01030	0.01910	0.06092	0.08929	0.04709	0.41070	0.07525	0.02354	0.01090	0.00350	0.00609	0.15007	0.00842	0.00860
44	0.07678	0.02368	0.02503	0.01943	0.02621	0.02632	0.01600	0.54566	0.06886	0.05307	0.02114	0.02111	0.01510	0.01039	0.00853	0.00264	0.00929	0.00776	0.00853	0.01445
45	0.01809	0.01550	0.01809	0.01292	0.02067	0.01163	0.01034	0.02196	0.01809	0.02842	0.01550	0.01809	0.01292	0.00646	0.00646	0.00129	0.00646	0.00517	0.00517	0.74677
46	0.02963	0.02112	0.02287	0.01800	0.02399	0.02297	0.01456	0.45469	0.06562	0.08477	0.02777	0.02951	0.06068	0.06880	0.01185	0.00315	0.00887	0.00916	0.00853	0.01346
47	0.01985	0.01981	0.03016	0.05283	0.02790	0.02576	0.10208	0.05005	0.01587	0.02364	0.01295	0.01998	0.01187	0.01364	0.02423	0.00360	0.52350	0.00802	0.00414	0.01011
48	0.02368	0.01528	0.01605	0.01337	0.01757	0.01643	0.01070	0.27906	0.02826	0.04237	0.02516	0.02744	0.01906	0.01030	0.00725	0.00229	0.00649	0.00801	0.42016	0.01107
49	0.03452	0.01469	0.01936	0.01524	0.02130	0.01329	0.01244	0.06388	0.05589	0.50970	0.11164	0.03405	0.02942	0.01175	0.00897	0.00271	0.00706	0.00969	0.01045	0.01393
50	0.01063	0.00759	0.01012	0.01215	0.01265	0.00709	0.00810	0.01215	0.01670	0.02227	0.04808	0.68775	0.05769	0.02733	0.01113	0.00354	0.00506	0.02480	0.00810	0.00709
51	0.03358	0.02376	0.02576	0.01975	0.02672	0.02606	0.01632	0.57025	0.03989	0.09625	0.02188	0.02155	0.01531	0.01049	0.00873	0.00262	0.00945	0.00792	0.00887	0.01483
52	0.01278	0.00924	0.01352	0.01352	0.01512	0.01067	0.01050	0.01598	0.01438	0.02128	0.02379	0.03412	0.02185	0.06077	0.60399	0.01301	0.02174	0.00924	0.06665	0.00782
53	0.01063	0.00759	0.01012	0.01215	0.01265	0.00709	0.00810	0.01215	0.01670	0.02227	0.04808	0.68775	0.05769	0.02733	0.01113	0.00354	0.00506	0.02480	0.00810	0.00709
54	0.01114	0.00798	0.01058	0.01180	0.01276	0.00742	0.00814	0.01342	0.01907	0.02603	0.22160	0.50351	0.06498	0.02452	0.01088	0.00331	0.00478	0.02213	0.00854	0.00742
55	0.01809	0.01550	0.01809	0.01292	0.02067	0.01163	0.01034	0.02196	0.01809	0.02842	0.01550	0.01809	0.01292	0.00646	0.00646	0.00129	0.00646	0.00517	0.00517	0.74677
56	0.01626	0.00813	0.00813	0.00813	0.01016	0.00813	0.00610	0.02033	0.01829	0.03252	0.02846	0.03252	0.02236	0.01016	0.00610	0.00203	0.00407	0.00813	0.74187	0.00813
57	0.02414	0.64057	0.04385	0.01559	0.02279	0.08970	0.01510	0.02689	0.01834	0.02060	0.01225	0.01415	0.01120	0.00760	0.00580	0.00190	0.00989	0.00475	0.00380	0.01110
58	0.01678	0.04081	0.57406	0.02333	0.03485	0.01878	0.02943	0.02602	0.01859	0.02759	0.04665	0.06741	0.01762	0.01006	0.00858	0.00282	0.01194	0.00816	0.00427	0.01227
59	0.05426	0.02506	0.02492	0.09842	0.08038	0.18429	0.01754	0.15032	0.02391	0.03090	0.01551	0.01897	0.01247	0.00965	0.01087	0.00253	0.10619	0.00671	0.00534	0.12177
60	0.01515	0.00758	0.01136	0.01136	0.01136	0.00758	0.00758	0.01136	0.01136	0.01515	0.01515	0.02652	0.01515	0.03030	0.03409	0.74621	0.00758	0.00758	0.00379	0.00379
61	0.02159	0.02073	0.03541	0.05354	0.63903	0.02073	0.02677	0.02677	0.01986	0.02850	0.01641	0.02159	0.01382	0.00777	0.00864	0.00259	0.01036	0.00777	0.00432	0.01382
62	0.01773	0.01679	0.02844	0.52001	0.20270	0.01971	0.02485	0.02339	0.01804	0.02382	0.01573	0.02285	0.01217	0.00849	0.00870	0.00283	0.01132	0.00776	0.00398	0.01071
63	0.01789	0.07393	0.59501	0.02492	0.03739	0.02098	0.05633	0.02757	0.01848	0.02731	0.01558	0.01844	0.01115	0.00821	0.00825	0.00273	0.01281	0.00653	0.00372	0.01277
64	0.01750	0.04512	0.64825	0.02486	0.03775	0.02026	0.03223	0.02762	0.01842	0.02762	0.01565	0.01842	0.01105	0.00829	0.00829	0.00276	0.01289	0.00645	0.00368	0.01289
65	0.01087	0.00776	0.01040	0.01242	0.01303	0.00729	0.00851	0.01256	0.01694	0.02254	0.04794	0.64653	0.05717	0.02710	0.01120	0.00358	0.00527	0.06366	0.00809	0.00715
66	0.01989	0.01887	0.03164	0.09732	0.52040	0.01905	0.02429	0.02474	0.01953	0.02737	0.02284	0.05701	0.05917	0.00976	0.00888	0.00268	0.00980	0.00930	0.00472	0.01273
67	0.01930	0.01971	0.06006	0.30640	0.37335	0.02015	0.02598	0.02497	0.01880	0.02591	0.01600	0.02213	0.01279	0.00819	0.00865	0.00273	0.01100	0.00770	0.00411	0.01208
68	0.01246	0.00935	0.01402	0.01402	0.01558	0.01090	0.01090	0.01558	0.01402	0.02025	0.02336	0.03427	0.02181	0.06542	0.65888	0.01402	0.02336	0.00935	0.00467	0.00779
69	0.01079	0.00772	0.01027	0.01204	0.01269	0.00719	0.00811	0.01255	0.01745	0.02347	0.10342	0.62899	0.06002	0.02643	0.01105	0.00347	0.00497	0.02395	0.00824	0.00719
70	0.01144	0.00869	0.01173	0.04326	0.01555	0.00870	0.00956	0.01337	0.01700	0.02252	0.04767	0.55183	0.09352	0.02538	0.01178	0.00351	0.03499	0.05438	0.00771	0.00739
71	0.01898	0.01989	0.03830	0.27091	0.08996	0.02149	0.28725	0.02501	0.01859	0.02513	0.01609	0.02281	0.01249	0.00875	0.01160	0.00300	0.08582	0.00889	0.00414	0.01090
72	0.03791	0.01682	0.02146	0.01646	0.02325	0.01575	0.01359	0.15934	0.02827	0.52357	0.03164	0.02789	0.02020	0.01073	0.00876	0.00268	0.00787	0.00858	0.01037	0.01484
73	0.01809	0.01550	0.01809	0.01292	0.02067	0.01163	0.01034	0.02196	0.01809	0.02842	0.01550	0.01809	0.01292	0.00646	0.00646	0.00129	0.00646	0.00517	0.00517	0.74677
74	0.01031	0.00884	0.00884	0.00884	0.01178	0.00736	0.00663	0.01252	0.01988	0.02356	0.08837	0.08395	0.63549	0.02209	0.01031	0.00295	0.00442	0.01841	0.00810	0.00736
75	0.01513	0.00897	0.01376	0.07391	0.04336	0.00928	0.01024	0.01337	0.01309	0.01743	0.01927	0.08458	0.01978	0.02685	0.02784	0.55341	0.00787	0.03231	0.00435	0.00521
76	0.02207	0.02624	0.07540	0.03344	0.04153	0.08751	0.46900	0.05016	0.02133	0.02794	0.01695	0.02218	0.01290	0.00806	0.01076	0.00289	0.04607	0.00941	0.00452	0.01166
77	0.01515	0.00758	0.01136	0.01136	0.01136	0.00758	0.00758	0.01136	0.01136	0.01515	0.01515	0.02652	0.01515	0.03030	0.03409	0.74621	0.00758	0.00758	0.00379	0.00379
78	0.01750	0.04512	0.64825	0.02486	0.03775	0.02026	0.03223	0.02762	0.01842	0.02762	0.01565	0.01842	0.01105	0.00829	0.00829	0.00276	0.01289	0.00645	0.00368	0.01289
79	0.75506	0.01687	0.01282	0.01147	0.01687	0.01957	0.00945	0.02564	0.01484	0.03914	0.01215	0.01417	0.00945	0.00810	0.00540	0.00270	0.00675	0.00472	0.00540	0.00945
80	0.02824	0.02092	0.02270	0.01845	0.02432	0.02314	0.01487	0.36829	0.20665	0.07538	0.05196	0.05746	0.02329	0.01196	0.00895	0.00277	0.00828	0.00959	0.00887	0.01391
81	0.01809	0.01550	0.01809	0.01292	0.02067	0.01163	0.01034	0.02196	0.01809	0.02842	0.01550	0.01809	0.01292	0.00646	0.00646	0.00129	0.00646	0.00517	0.00517	0.74677
82	0.01031	0.00884	0.00884	0.00884	0.01178	0.00736	0.00663	0.01252	0.01988	0.02356	0.08837	0.08395	0.63549	0.02209	0.01031	0.00295	0.00442	0.01841	0.00810	0.00736
83	0.02037	0.02289	0.04788	0.03476	0.04230	0.02273	0.52213	0.02693	0.01954	0.02693	0.01675	0.02289	0.01298	0.00850	0.01295	0.00307	0.11072	0.00991	0.00433	0.01144
84	0.01908	0.01908	0.02672	0.02290	0.02290	0.02672	0.01908	0.02099	0.01336	0.02099	0.01145	0.01908	0.01145	0.01527	0.02863	0.00382	0.67748	0.00763	0.00382	0.00954
85	0.01377	0.00983	0.01373	0.01573	0.01762	0.00979	0.01356	0.01757	0.01980	0.02578	0.04634	0.14795	0.05083	0.02437	0.01197	0.00398	0.00778	0.53361	0.00804	0.00795
86	0.75506	0.01687	0.01282	0.01147	0.01687	0.01957	0.00945	0.02564	0.01484	0.03914	0.01215	0.01417	0.00945	0.00810	0.00540	0.00270	0.00675	0.00472	0.00540	0.00945
87	0.01979	0.02153	0.04361	0.03163	0.03930	0.02060	0.45876	0.02608	0.01941	0.02711	0.01715	0.02297	0.01344	0.01046	0.04029	0.00330	0.06585	0.00939	0.00447	0.10485
88	0.01829	0.01437	0.01673	0.01244	0.01933	0.01102	0.00991	0.02186	0.01886	0.07077	0.02870	0.02963	0.11498	0.00931	0.00725	0.00166	0.00619	0.00758	0.00604	0.57507
89	0.38856	0.01416	0.01408	0.06828	0.01979	0.01563	0.01063	0.04467	0.01864	0.05886	0.13142	0.10432	0.05492	0.01285	0.00767	0.00283	0.00654	0.01008	0.00677	0.00931
90	0.01301	0.00981	0.01429	0.01408	0.01550	0.01158	0.01092	0.01597	0.01411	0.02069	0.02308	0.03428	0.02166	0.08641	0.56872	0.01268	0.05907	0.00933	0.03700	0.00780
91	0.01172	0.00903	0.01082	0.01145	0.01336	0.00841	0.00836	0.01544	0.05398	0.02628	0.17810	0.30230	0.23879	0.02272	0.01064	0.00319	0.00496	0.05417	0.00844	0.00784
92	0.03316	0.02443	0.02618	0.02007	0.02705	0.02705	0.01658	0.60995	0.04101	0.05497	0.02094	0.02094	0.01483	0.01047	0.00873	0.00262	0.00960	0.00785	0.00873	0.01483
93	0.01299	0.01197	0.05064	0.01279	0.01555	0.01018	0.01032	0.01852	0.08802	0.02730	0.17665	0.22261	0.18688	0.05014	0.01188	0.00338	0.00582	0.06775	0.00810	0.00851
94	0.01446	0.00938	0.01234	0.01133	0.01376	0.00859	0.00859	0.01852	0.02471	0.08311	0.58710	0.06236	0.07752	0.01728	0.01017	0.00274	0.00438	0.01522	0.00970	0.00875
95	0.01912	0.01925	0.02556	0.02214	0.02246	0.05297	0.01830	0.02114	0.01391	0.02095	0.01254	0.02021	0.01231	0.01921	0.08071	0.00461	0.59359	0.00769	0.00392	0.00942
96	0.01081	0.00886	0.00954	0.00937	0.01209	0.00758	0.00703	0.01350	0.02108	0.02640	0.22394	0.07928	0.49815	0.02103	0.01030	0.00290	0.00434	0.01776	0.00847	0.00758
97	0.01680	0.01339	0.01423	0.01281	0.01664	0.01352	0.00992	0.14061	0.11190	0.03238	0.09125	0.11019	0.34567	0.01841	0.00984	0.00292	0.00588	0.01536	0.00842	0.00986
98	0.03258	0.04157	0.02472	0.02247	0.02697	0.65843	0.01685	0.03483	0.02472	0.02135	0.01348	0.01573	0.01124	0.00899	0.00787	0.00225	0.01573	0.00562	0.00449	0.01011
99	0.02408	0.01800	0.01985	0.01718	0.02216	0.01989	0.01361	0.16322	0.34643	0.09053	0.08434	0.06365	0.03064	0.01310	0.00917	0.00291	0.00726	0.03186	0.00900	0.01313

[dist]
# distance from previous block
# <min> <max>
0	6

[block]
# block no. 7 follows, 20 sequences, length 83
# corresponding to MSA columns:
# 313-395
name=unknown_H
#
# <colnr> <probs for GDERKNQSTAVLIFYWHMCP>
#	G	D	E	R	K	N	Q	S	T	A	V	L	I	F	Y	W	H	M	C	P
0	0.01645	0.01509	0.02404	0.54633	0.05197	0.01847	0.02170	0.02374	0.07753	0.02370	0.02051	0.08571	0.01738	0.01075	0.00896	0.00297	0.01055	0.00954	0.00476	0.00986
1	0.01993	0.02365	0.08321	0.06103	0.04214	0.02173	0.45567	0.02666	0.01946	0.02701	0.01670	0.02247	0.01284	0.00821	0.01171	0.00293	0.07982	0.00940	0.00432	0.05111
2	0.67482	0.01686	0.01361	0.01204	0.01749	0.01932	0.00988	0.02772	0.04946	0.07216	0.01467	0.01605	0.01107	0.00845	0.00578	0.00271	0.00679	0.00523	0.00589	0.00999
3	0.01800	0.01456	0.01789	0.04668	0.02062	0.01559	0.01255	0.13995	0.02177	0.02991	0.03395	0.25897	0.08475	0.01748	0.01248	0.00297	0.11156	0.01429	0.00692	0.11913
4	0.01993	0.02225	0.04666	0.03400	0.04142	0.02184	0.51193	0.02638	0.01959	0.02688	0.01845	0.05581	0.01523	0.00922	0.01239	0.00307	0.08842	0.01071	0.00453	0.01128
