[name]
unknown

[dist]
# distance from previous block
# <min> <max>
0	24

[block]
# block no. 0 follows, 23 sequences, length 26
# corresponding to MSA columns:
# 24-49
name=unknown_A
#
# <colnr> <probs for GDERKNQSTAVLIFYWHMCP>
#	G	D	E	R	K	N	Q	S	T	A	V	L	I	F	Y	W	H	M	C	P
0	0.01308	0.00934	0.01308	0.01494	0.01681	0.00934	0.01308	0.01681	0.01868	0.02428	0.04296	0.09153	0.04670	0.02242	0.01121	0.00374	0.00747	0.60960	0.00747	0.00747
1	0.02094	0.62528	0.13034	0.01517	0.02282	0.03026	0.01613	0.02449	0.01658	0.02001	0.01174	0.01359	0.01039	0.00705	0.00556	0.00185	0.00914	0.00457	0.00346	0.01063
2	0.01124	0.00820	0.01076	0.01167	0.01322	0.00772	0.00899	0.01411	0.01899	0.02542	0.23404	0.27142	0.12314	0.02138	0.01028	0.00314	0.00516	0.18599	0.00794	0.00719
3	0.02018	0.01743	0.01835	0.01651	0.02110	0.02018	0.01284	0.04312	0.64956	0.03394	0.03303	0.03027	0.02477	0.01101	0.00826	0.00275	0.00642	0.00917	0.00826	0.01284
4	0.01176	0.00793	0.00913	0.00904	0.00931	0.00784	0.00530	0.01229	0.01336	0.01807	0.11396	0.05415	0.03606	0.61754	0.03688	0.00713	0.00730	0.01220	0.00548	0.00530
5	0.00989	0.00706	0.00942	0.01130	0.01177	0.00659	0.00753	0.01130	0.01554	0.02071	0.04472	0.70954	0.05367	0.02542	0.01036	0.00330	0.00471	0.02307	0.00753	0.00659
6	0.77215	0.01569	0.01193	0.01067	0.01569	0.01820	0.00879	0.02385	0.01381	0.03641	0.01130	0.01318	0.00879	0.00753	0.00502	0.00251	0.00628	0.00439	0.00502	0.00879
7	0.02212	0.01839	0.01944	0.01690	0.02184	0.02109	0.01331	0.15081	0.53872	0.03706	0.03057	0.02832	0.02278	0.01078	0.00823	0.00269	0.00688	0.00884	0.00823	0.01302
8	0.77215	0.01569	0.01193	0.01067	0.01569	0.01820	0.00879	0.02385	0.01381	0.03641	0.01130	0.01318	0.00879	0.00753	0.00502	0.00251	0.00628	0.00439	0.00502	0.00879
9	0.03118	0.02219	0.02402	0.01842	0.02490	0.02437	0.01521	0.60132	0.03726	0.08824	0.02023	0.01997	0.01418	0.00976	0.00812	0.00244	0.00881	0.00736	0.00823	0.01380
10	0.03641	0.01381	0.01883	0.01444	0.02071	0.01193	0.01193	0.03954	0.02322	0.66984	0.03201	0.02762	0.02009	0.01004	0.00816	0.00251	0.00690	0.00816	0.01004	0.01381
11	0.01159	0.00869	0.01304	0.01304	0.01449	0.01014	0.01014	0.01449	0.01304	0.01884	0.02173	0.03188	0.02029	0.06086	0.68268	0.01304	0.02173	0.00869	0.00435	0.00724
12	0.01683	0.01442	0.01683	0.01202	0.01923	0.01082	0.00961	0.02043	0.01683	0.02644	0.01442	0.01683	0.01202	0.00601	0.00601	0.00120	0.00601	0.00481	0.00481	0.76444
13	0.13414	0.02175	0.02262	0.01756	0.02384	0.02419	0.01450	0.55170	0.03476	0.04909	0.01834	0.01860	0.01310	0.00943	0.00769	0.00245	0.00856	0.00690	0.00769	0.01310
14	0.01645	0.01402	0.01642	0.01198	0.01882	0.01059	0.00950	0.01994	0.01676	0.02613	0.01607	0.05442	0.01428	0.00706	0.00625	0.00132	0.00594	0.00580	0.00496	0.72330
15	0.01675	0.01654	0.02422	0.02076	0.02137	0.02202	0.05701	0.01881	0.01330	0.02012	0.01578	0.11442	0.01675	0.01528	0.02324	0.00346	0.55785	0.00949	0.00414	0.00869
16	0.01532	0.01442	0.02434	0.69533	0.05589	0.01803	0.02253	0.02073	0.01622	0.02073	0.01442	0.02163	0.01082	0.00811	0.00811	0.00270	0.01082	0.00721	0.00361	0.00901
17	0.77215	0.01569	0.01193	0.01067	0.01569	0.01820	0.00879	0.02385	0.01381	0.03641	0.01130	0.01318	0.00879	0.00753	0.00502	0.00251	0.00628	0.00439	0.00502	0.00879
18	0.03612	0.01426	0.01911	0.01465	0.02094	0.01260	0.01210	0.07006	0.02399	0.63825	0.03137	0.02720	0.01977	0.01003	0.00816	0.00251	0.00701	0.00812	0.00994	0.01381
19	0.03014	0.02238	0.02396	0.01853	0.02490	0.02483	0.01525	0.59799	0.07847	0.05000	0.02037	0.02019	0.01452	0.00982	0.00813	0.00246	0.00876	0.00743	0.00813	0.01374
20	0.03641	0.01381	0.01883	0.01444	0.02071	0.01193	0.01193	0.03954	0.02322	0.66984	0.03201	0.02762	0.02009	0.01004	0.00816	0.00251	0.00690	0.00816	0.01004	0.01381
21	0.01083	0.00788	0.01028	0.01140	0.01245	0.00753	0.00801	0.01382	0.04384	0.02426	0.19211	0.49951	0.05768	0.02257	0.01012	0.00311	0.00468	0.04488	0.00790	0.00714
22	0.01496	0.00906	0.01196	0.01080	0.01332	0.00825	0.00825	0.01869	0.02300	0.12134	0.57244	0.05601	0.06869	0.01568	0.00937	0.00255	0.00426	0.01377	0.00909	0.00851
23	0.00989	0.00706	0.00942	0.01130	0.01177	0.00659	0.00753	0.01130	0.01554	0.02071	0.04472	0.70954	0.05367	0.02542	0.01036	0.00330	0.00471	0.02307	0.00753	0.00659
24	0.01532	0.01442	0.02434	0.69533	0.05589	0.01803	0.02253	0.02073	0.01622	0.02073	0.01442	0.02163	0.01082	0.00811	0.00811	0.00270	0.01082	0.00721	0.00361	0.00901
25	0.02107	0.01644	0.01789	0.01594	0.02029	0.01843	0.01238	0.11382	0.44610	0.07241	0.03288	0.12339	0.02712	0.01280	0.00853	0.00277	0.00653	0.01081	0.00825	0.01215

[dist]
# distance from previous block
# <min> <max>
0	1

[block]
# block no. 1 follows, 23 sequences, length 55
# corresponding to MSA columns:
# 51-105
name=unknown_B
#
# <colnr> <probs for GDERKNQSTAVLIFYWHMCP>
#	G	D	E	R	K	N	Q	S	T	A	V	L	I	F	Y	W	H	M	C	P
0	0.01885	0.27251	0.36519	0.01968	0.02842	0.05068	0.02265	0.02487	0.01668	0.02257	0.01296	0.01568	0.01037	0.00812	0.00872	0.00236	0.07967	0.00551	0.00348	0.01103
1	0.77215	0.01569	0.01193	0.01067	0.01569	0.01820	0.00879	0.02385	0.01381	0.03641	0.01130	0.01318	0.00879	0.00753	0.00502	0.00251	0.00628	0.00439	0.00502	0.00879
2	0.01815	0.27668	0.45452	0.01993	0.03017	0.02344	0.02441	0.02521	0.01691	0.02341	0.01343	0.01571	0.01033	0.00744	0.00684	0.00228	0.01084	0.00542	0.00344	0.01145
3	0.01707	0.01085	0.01014	0.00962	0.01208	0.04669	0.00732	0.04587	0.08134	0.03085	0.02609	0.02898	0.02035	0.00956	0.00612	0.00201	0.00484	0.00759	0.61421	0.00843
4	0.01409	0.00705	0.01057	0.01057	0.01057	0.00705	0.00705	0.01057	0.01057	0.01409	0.01409	0.02467	0.01409	0.02819	0.03171	0.76392	0.00705	0.00705	0.00352	0.00352
5	0.00986	0.00718	0.00930	0.01099	0.01169	0.00662	0.00740	0.01133	0.01583	0.02083	0.04847	0.64647	0.11432	0.02493	0.01028	0.00324	0.00465	0.02247	0.00753	0.00662
6	0.01180	0.00787	0.00885	0.00885	0.00885	0.00787	0.00492	0.01180	0.01180	0.01573	0.02557	0.05310	0.02950	0.71483	0.04130	0.00787	0.00787	0.01180	0.00492	0.00492
7	0.02169	0.71972	0.04252	0.01388	0.02083	0.03211	0.01388	0.02430	0.01649	0.01909	0.01128	0.01302	0.01041	0.00694	0.00521	0.00174	0.00868	0.00434	0.00347	0.01041
8	0.01513	0.00756	0.00756	0.00756	0.00945	0.00756	0.00567	0.01891	0.01702	0.03025	0.02647	0.03025	0.02080	0.00945	0.00567	0.00189	0.00378	0.00756	0.75988	0.00756
9	0.77215	0.01569	0.01193	0.01067	0.01569	0.01820	0.00879	0.02385	0.01381	0.03641	0.01130	0.01318	0.00879	0.00753	0.00502	0.00251	0.00628	0.00439	0.00502	0.00879
10	0.01627	0.04197	0.67279	0.02313	0.03512	0.01884	0.02998	0.02570	0.01713	0.02570	0.01456	0.01713	0.01028	0.00771	0.00771	0.00257	0.01199	0.00600	0.00343	0.01199
11	0.77215	0.01569	0.01193	0.01067	0.01569	0.01820	0.00879	0.02385	0.01381	0.03641	0.01130	0.01318	0.00879	0.00753	0.00502	0.00251	0.00628	0.00439	0.00502	0.00879
12	0.02018	0.01743	0.01835	0.01651	0.02110	0.02018	0.01284	0.04312	0.64956	0.03394	0.03303	0.03027	0.02477	0.01101	0.00826	0.00275	0.00642	0.00917	0.00826	0.01284
13	0.01915	0.02189	0.04788	0.03420	0.04241	0.02052	0.63475	0.02599	0.01915	0.02599	0.01642	0.02189	0.01231	0.00684	0.00958	0.00274	0.01368	0.00958	0.00410	0.01094
14	0.01960	0.01692	0.01779	0.01606	0.02054	0.01945	0.01248	0.04138	0.61477	0.03328	0.03574	0.03291	0.05984	0.01153	0.00833	0.00275	0.00629	0.00961	0.00822	0.01251
15	0.01915	0.02189	0.04788	0.03420	0.04241	0.02052	0.63475	0.02599	0.01915	0.02599	0.01642	0.02189	0.01231	0.00684	0.00958	0.00274	0.01368	0.00958	0.00410	0.01094
16	0.00989	0.00706	0.00942	0.01130	0.01177	0.00659	0.00753	0.01130	0.01554	0.02071	0.04472	0.70954	0.05367	0.02542	0.01036	0.00330	0.00471	0.02307	0.00753	0.00659
17	0.01308	0.00934	0.01308	0.01494	0.01681	0.00934	0.01308	0.01681	0.01868	0.02428	0.04296	0.09153	0.04670	0.02242	0.01121	0.00374	0.00747	0.60960	0.00747	0.00747
18	0.01969	0.01888	0.03223	0.10302	0.61407	0.01918	0.02471	0.02456	0.01829	0.02603	0.01519	0.02021	0.01269	0.00730	0.00804	0.00243	0.00974	0.00723	0.00398	0.01254
19	0.03085	0.02273	0.02435	0.01867	0.02516	0.02516	0.01542	0.63716	0.03815	0.05114	0.01948	0.01948	0.01380	0.00974	0.00812	0.00244	0.00893	0.00731	0.00812	0.01380
20	0.01866	0.02039	0.04150	0.09771	0.04060	0.02006	0.48352	0.02587	0.05319	0.02561	0.01677	0.02191	0.01276	0.00752	0.01003	0.00271	0.04582	0.00900	0.00429	0.04211
21	0.01090	0.00815	0.01025	0.01167	0.01266	0.00796	0.00800	0.01449	0.07900	0.02209	0.04536	0.61120	0.08010	0.02375	0.01011	0.00321	0.00485	0.02139	0.00760	0.00723
22	0.01685	0.01598	0.02709	0.48881	0.25051	0.01843	0.02329	0.02207	0.01695	0.02258	0.01469	0.02114	0.01147	0.00783	0.00809	0.00261	0.01044	0.00722	0.00374	0.01024
23	0.03309	0.01467	0.01887	0.01480	0.02071	0.01368	0.01211	0.09021	0.08705	0.52179	0.06180	0.02880	0.02278	0.01043	0.00824	0.00253	0.00688	0.00851	0.00964	0.01341
24	0.64383	0.01691	0.01408	0.01206	0.01733	0.01941	0.00994	0.13002	0.01802	0.03896	0.01271	0.01427	0.00966	0.00791	0.00556	0.00250	0.00674	0.00490	0.00556	0.00966
25	0.01624	0.01503	0.02519	0.53619	0.17183	0.01776	0.02217	0.02145	0.01670	0.02232	0.01518	0.02175	0.01170	0.00801	0.00798	0.00261	0.01024	0.00723	0.04074	0.00969
26	0.00959	0.00822	0.00822	0.00822	0.01096	0.00685	0.00617	0.01165	0.01850	0.02192	0.08220	0.07809	0.66092	0.02055	0.00959	0.00274	0.00411	0.01713	0.00754	0.00685
27	0.02287	0.01877	0.01986	0.01706	0.02213	0.02144	0.01349	0.19299	0.49531	0.03828	0.02961	0.02755	0.02200	0.01069	0.00822	0.00267	0.00705	0.00870	0.00822	0.01308
28	0.02056	0.02019	0.03247	0.04845	0.63428	0.05033	0.02447	0.02525	0.01869	0.02620	0.01514	0.01983	0.01274	0.00728	0.00800	0.00239	0.00987	0.00714	0.00402	0.01269
29	0.01113	0.00828	0.01036	0.00984	0.01191	0.00751	0.00738	0.01463	0.02214	0.03057	0.55264	0.06386	0.18509	0.01732	0.00957	0.00259	0.00388	0.01513	0.00867	0.00751
30	0.01180	0.00787	0.00885	0.00885	0.00885	0.00787	0.00492	0.01180	0.01180	0.01573	0.02557	0.05310	0.02950	0.71483	0.04130	0.00787	0.00787	0.01180	0.00492	0.00492
31	0.00978	0.00823	0.00848	0.00842	0.01108	0.00693	0.00631	0.01201	0.01894	0.02298	0.13990	0.07634	0.60256	0.02015	0.00959	0.00272	0.00408	0.01688	0.00767	0.00693
32	0.03026	0.02244	0.02402	0.01855	0.02494	0.02489	0.01528	0.60481	0.07145	0.05020	0.02022	0.02007	0.01440	0.00981	0.00812	0.00245	0.00879	0.00741	0.00812	0.01375
33	0.01775	0.01775	0.02485	0.02130	0.02130	0.02485	0.01775	0.01953	0.01243	0.01953	0.01065	0.01775	0.01065	0.01420	0.02663	0.00355	0.69998	0.00710	0.00355	0.00888
34	0.00989	0.00706	0.00942	0.01130	0.01177	0.00659	0.00753	0.01130	0.01554	0.02071	0.04472	0.70954	0.05367	0.02542	0.01036	0.00330	0.00471	0.02307	0.00753	0.00659
35	0.01775	0.01775	0.02485	0.02130	0.02130	0.02485	0.01775	0.01953	0.01243	0.01953	0.01065	0.01775	0.01065	0.01420	0.02663	0.00355	0.69998	0.00710	0.00355	0.00888
36	0.77215	0.01569	0.01193	0.01067	0.01569	0.01820	0.00879	0.02385	0.01381	0.03641	0.01130	0.01318	0.00879	0.00753	0.00502	0.00251	0.00628	0.00439	0.00502	0.00879
37	0.02169	0.71972	0.04252	0.01388	0.02083	0.03211	0.01388	0.02430	0.01649	0.01909	0.01128	0.01302	0.01041	0.00694	0.00521	0.00174	0.00868	0.00434	0.00347	0.01041
38	0.01775	0.01775	0.02485	0.02130	0.02130	0.02485	0.01775	0.01953	0.01243	0.01953	0.01065	0.01775	0.01065	0.01420	0.02663	0.00355	0.69998	0.00710	0.00355	0.00888
39	0.01018	0.00728	0.00967	0.01110	0.01183	0.00678	0.00755	0.01202	0.01688	0.02285	0.15608	0.59208	0.05781	0.02382	0.01021	0.00316	0.00455	0.02155	0.00779	0.00678
40	0.01178	0.00795	0.00927	0.00927	0.00941	0.00809	0.00544	0.01207	0.01192	0.01604	0.02518	0.05098	0.02858	0.64952	0.10536	0.00838	0.00925	0.01149	0.00486	0.00515
41	0.77215	0.01569	0.01193	0.01067	0.01569	0.01820	0.00879	0.02385	0.01381	0.03641	0.01130	0.01318	0.00879	0.00753	0.00502	0.00251	0.00628	0.00439	0.00502	0.00879
42	0.00989	0.00706	0.00942	0.01130	0.01177	0.00659	0.00753	0.01130	0.01554	0.02071	0.04472	0.70954	0.05367	0.02542	0.01036	0.00330	0.00471	0.02307	0.00753	0.00659
43	0.01683	0.01442	0.01683	0.01202	0.01923	0.01082	0.00961	0.02043	0.01683	0.02644	0.01442	0.01683	0.01202	0.00601	0.00601	0.00120	0.00601	0.00481	0.00481	0.76444
44	0.77215	0.01569	0.01193	0.01067	0.01569	0.01820	0.00879	0.02385	0.01381	0.03641	0.01130	0.01318	0.00879	0.00753	0.00502	0.00251	0.00628	0.00439	0.00502	0.00879
45	0.00989	0.00706	0.00942	0.01130	0.01177	0.00659	0.00753	0.01130	0.01554	0.02071	0.04472	0.70954	0.05367	0.02542	0.01036	0.00330	0.00471	0.02307	0.00753	0.00659
46	0.00989	0.00706	0.00942	0.01130	0.01177	0.00659	0.00753	0.01130	0.01554	0.02071	0.04472	0.70954	0.05367	0.02542	0.01036	0.00330	0.00471	0.02307	0.00753	0.00659
47	0.01513	0.00756	0.00756	0.00756	0.00945	0.00756	0.00567	0.01891	0.01702	0.03025	0.02647	0.03025	0.02080	0.00945	0.00567	0.00189	0.00378	0.00756	0.75988	0.00756
48	0.02018	0.01743	0.01835	0.01651	0.02110	0.02018	0.01284	0.04312	0.64956	0.03394	0.03303	0.03027	0.02477	0.01101	0.00826	0.00275	0.00642	0.00917	0.00826	0.01284
49	0.01088	0.00815	0.01009	0.00985	0.01181	0.00736	0.00729	0.01405	0.02118	0.02887	0.46292	0.12953	0.21140	0.01840	0.00965	0.00267	0.00398	0.01609	0.00846	0.00736
50	0.03085	0.02273	0.02435	0.01867	0.02516	0.02516	0.01542	0.63716	0.03815	0.05114	0.01948	0.01948	0.01380	0.00974	0.00812	0.00244	0.00893	0.00731	0.00812	0.01380
51	0.00989	0.00706	0.00942	0.01130	0.01177	0.00659	0.00753	0.01130	0.01554	0.02071	0.04472	0.70954	0.05367	0.02542	0.01036	0.00330	0.00471	0.02307	0.00753	0.00659
52	0.02965	0.03676	0.02316	0.02082	0.02488	0.61459	0.01578	0.06103	0.02315	0.02136	0.01278	0.01504	0.01063	0.00875	0.00841	0.00219	0.05168	0.00543	0.00434	0.00959
53	0.01896	0.01420	0.01565	0.01415	0.01757	0.01548	0.01088	0.17317	0.21209	0.03269	0.03253	0.16020	0.05339	0.04892	0.01109	0.03393	0.00649	0.03572	0.08274	0.01015
54	0.02807	0.02992	0.02178	0.01880	0.02362	0.38961	0.01452	0.18361	0.08167	0.02983	0.01695	0.01819	0.01320	0.00889	0.00745	0.00218	0.01147	0.00620	0.04672	0.04732

[dist]
# distance from previous block
# <min> <max>
4	18

[block]
# block no. 2 follows, 23 sequences, length 53
# corresponding to MSA columns:
# 124-176
name=unknown_C
#
# <colnr> <probs for GDERKNQSTAVLIFYWHMCP>
#	G	D	E	R	K	N	Q	S	T	A	V	L	I	F	Y	W	H	M	C	P
0	0.10149	0.01269	0.01652	0.01401	0.01818	0.01172	0.06719	0.05721	0.01780	0.02713	0.05127	0.28899	0.03053	0.01448	0.00820	0.00244	0.00635	0.01287	0.00620	0.23475
1	0.06821	0.02235	0.02421	0.04639	0.11499	0.19418	0.08573	0.02870	0.07935	0.08602	0.05895	0.02231	0.01761	0.00860	0.00771	0.00227	0.00987	0.00722	0.00550	0.10984
2	0.01565	0.00974	0.01219	0.03184	0.01426	0.00998	0.04400	0.01952	0.01681	0.02876	0.02367	0.02778	0.01874	0.00933	0.00735	0.00203	0.04947	0.00745	0.59202	0.05943
3	0.01130	0.00815	0.01068	0.01033	0.01208	0.00753	0.00764	0.01485	0.02212	0.03119	0.58952	0.13489	0.07394	0.01760	0.00966	0.00264	0.00393	0.01564	0.00877	0.00753
4	0.02055	0.48904	0.22455	0.01692	0.02519	0.06061	0.01865	0.02511	0.01700	0.02105	0.01230	0.01429	0.01038	0.00724	0.00604	0.00200	0.00994	0.00486	0.00349	0.01082
5	0.00980	0.00819	0.00854	0.00854	0.01111	0.00693	0.00637	0.01202	0.01887	0.02301	0.14245	0.09891	0.57681	0.02030	0.00962	0.00274	0.00410	0.01708	0.00768	0.00693
6	0.01162	0.00857	0.01240	0.01240	0.01363	0.00979	0.00934	0.01408	0.01285	0.01836	0.02232	0.03512	0.02170	0.16091	0.58455	0.01225	0.01961	0.00917	0.00443	0.00689
7	0.77215	0.01569	0.01193	0.01067	0.01569	0.01820	0.00879	0.02385	0.01381	0.03641	0.01130	0.01318	0.00879	0.00753	0.00502	0.00251	0.00628	0.00439	0.00502	0.00879
8	0.01683	0.01442	0.01683	0.01202	0.01923	0.01082	0.00961	0.02043	0.01683	0.02644	0.01442	0.01683	0.01202	0.00601	0.00601	0.00120	0.00601	0.00481	0.00481	0.76444
9	0.01489	0.01352	0.02298	0.46385	0.04364	0.01566	0.07639	0.01994	0.01753	0.02354	0.11276	0.05501	0.02303	0.01002	0.00841	0.00266	0.00939	0.00919	0.04879	0.00881
10	0.77215	0.01569	0.01193	0.01067	0.01569	0.01820	0.00879	0.02385	0.01381	0.03641	0.01130	0.01318	0.00879	0.00753	0.00502	0.00251	0.00628	0.00439	0.00502	0.00879
11	0.00989	0.00706	0.00942	0.01130	0.01177	0.00659	0.00753	0.01130	0.01554	0.02071	0.04472	0.70954	0.05367	0.02542	0.01036	0.00330	0.00471	0.02307	0.00753	0.00659
12	0.01532	0.01442	0.02434	0.69533	0.05589	0.01803	0.02253	0.02073	0.01622	0.02073	0.01442	0.02163	0.01082	0.00811	0.00811	0.00270	0.01082	0.00721	0.00361	0.00901
13	0.01706	0.01682	0.02743	0.02747	0.15598	0.01977	0.11517	0.02020	0.01530	0.02221	0.01858	0.14186	0.01902	0.01359	0.01719	0.00314	0.32482	0.01036	0.00444	0.00962
14	0.01178	0.00796	0.00933	0.00933	0.00950	0.00813	0.00551	0.01211	0.01194	0.01609	0.02513	0.05067	0.02845	0.63998	0.11471	0.00846	0.00945	0.01144	0.00485	0.00518
15	0.00987	0.00713	0.00934	0.01110	0.01172	0.00661	0.00745	0.01132	0.01572	0.02079	0.04709	0.66957	0.09210	0.02511	0.01031	0.00326	0.00467	0.02269	0.00753	0.00661
16	0.01532	0.01442	0.02434	0.69533	0.05589	0.01803	0.02253	0.02073	0.01622	0.02073	0.01442	0.02163	0.01082	0.00811	0.00811	0.00270	0.01082	0.00721	0.00361	0.00901
17	0.01148	0.00829	0.01085	0.01021	0.01212	0.00766	0.00766	0.01531	0.02297	0.03254	0.65994	0.06061	0.07656	0.01659	0.00957	0.00255	0.00383	0.01467	0.00893	0.00766
18	0.02833	0.01561	0.01859	0.01547	0.02091	0.01604	0.01238	0.04132	0.33514	0.35316	0.03252	0.02894	0.02242	0.01052	0.00821	0.00263	0.00666	0.00866	0.00915	0.01333
19	0.00989	0.00706	0.00942	0.01130	0.01177	0.00659	0.00753	0.01130	0.01554	0.02071	0.04472	0.70954	0.05367	0.02542	0.01036	0.00330	0.00471	0.02307	0.00753	0.00659
20	0.48592	0.01857	0.07316	0.09314	0.02531	0.01863	0.08318	0.02520	0.05826	0.03237	0.01399	0.01663	0.01063	0.00777	0.00634	0.00258	0.00812	0.00576	0.00484	0.00960
21	0.01006	0.00725	0.00953	0.01105	0.01178	0.00672	0.00749	0.01177	0.01650	0.02212	0.11663	0.61009	0.08049	0.02422	0.01024	0.00319	0.00458	0.02187	0.00769	0.00672
22	0.02311	0.01805	0.01909	0.01620	0.02110	0.02038	0.01287	0.23596	0.37583	0.03918	0.02782	0.02672	0.02070	0.01041	0.00791	0.00255	0.00695	0.00837	0.09424	0.01255
23	0.54469	0.01697	0.01520	0.01271	0.01817	0.01903	0.01048	0.15336	0.01982	0.10215	0.01506	0.01592	0.01095	0.00824	0.00598	0.00249	0.00689	0.00537	0.00616	0.01033
24	0.03085	0.02273	0.02435	0.01867	0.02516	0.02516	0.01542	0.63716	0.03815	0.05114	0.01948	0.01948	0.01380	0.00974	0.00812	0.00244	0.00893	0.00731	0.00812	0.01380
25	0.01882	0.02419	0.11941	0.03293	0.04157	0.02033	0.56552	0.02596	0.01892	0.02596	0.01620	0.02134	0.01208	0.00694	0.00936	0.00272	0.01349	0.00917	0.00403	0.01106
26	0.00989	0.00706	0.00942	0.01130	0.01177	0.00659	0.00753	0.01130	0.01554	0.02071	0.04472	0.70954	0.05367	0.02542	0.01036	0.00330	0.00471	0.02307	0.00753	0.00659
27	0.01060	0.00758	0.01020	0.01188	0.01272	0.00718	0.00855	0.01263	0.01671	0.02232	0.09432	0.54406	0.05425	0.02416	0.01045	0.00332	0.00514	0.12946	0.00763	0.00684
28	0.01180	0.00787	0.00885	0.00885	0.00885	0.00787	0.00492	0.01180	0.01180	0.01573	0.02557	0.05310	0.02950	0.71483	0.04130	0.00787	0.00787	0.01180	0.00492	0.00492
29	0.01730	0.01476	0.01761	0.05620	0.02183	0.01186	0.01068	0.04541	0.01765	0.02707	0.01463	0.01724	0.01201	0.00630	0.00623	0.00135	0.00644	0.00506	0.00486	0.68551
30	0.01162	0.00860	0.01256	0.01256	0.01384	0.00988	0.00954	0.01418	0.01290	0.01848	0.02217	0.03431	0.02134	0.13571	0.60926	0.01245	0.02015	0.00905	0.00441	0.00698
31	0.03181	0.01407	0.01822	0.01444	0.02010	0.01303	0.01176	0.06406	0.09555	0.50578	0.09443	0.03086	0.02600	0.01080	0.00831	0.00254	0.00663	0.00889	0.00964	0.01308
32	0.01148	0.00829	0.01085	0.01021	0.01212	0.00766	0.00766	0.01531	0.02297	0.03254	0.65994	0.06061	0.07656	0.01659	0.00957	0.00255	0.00383	0.01467	0.00893	0.00766
33	0.01775	0.01775	0.02485	0.02130	0.02130	0.02485	0.01775	0.01953	0.01243	0.01953	0.01065	0.01775	0.01065	0.01420	0.02663	0.00355	0.69998	0.00710	0.00355	0.00888
34	0.01627	0.04197	0.67279	0.02313	0.03512	0.01884	0.02998	0.02570	0.01713	0.02570	0.01456	0.01713	0.01028	0.00771	0.00771	0.00257	0.01199	0.00600	0.00343	0.01199
35	0.00989	0.00706	0.00942	0.01130	0.01177	0.00659	0.00753	0.01130	0.01554	0.02071	0.04472	0.70954	0.05367	0.02542	0.01036	0.00330	0.00471	0.02307	0.00753	0.00659
36	0.01613	0.03841	0.58817	0.02295	0.03401	0.01819	0.06674	0.02501	0.01766	0.02618	0.05862	0.02039	0.01492	0.00826	0.00795	0.00258	0.01154	0.00681	0.00384	0.01163
37	0.01809	0.01517	0.01751	0.01262	0.01977	0.01211	0.01014	0.07608	0.01875	0.02867	0.01488	0.01707	0.01218	0.00635	0.00620	0.00131	0.00627	0.00503	0.00511	0.69670
38	0.07206	0.01765	0.01829	0.01625	0.02099	0.02036	0.01273	0.07940	0.56757	0.03520	0.03069	0.02843	0.02299	0.01069	0.00803	0.00272	0.00657	0.00873	0.00803	0.01263
39	0.02295	0.10987	0.04394	0.01577	0.02200	0.01857	0.03677	0.15259	0.12587	0.11229	0.04679	0.04635	0.01920	0.00939	0.00745	0.00217	0.00749	0.00763	0.00671	0.18618
40	0.02103	0.63698	0.11946	0.01501	0.02257	0.03049	0.01585	0.02447	0.01657	0.01990	0.01168	0.01352	0.01040	0.00704	0.00551	0.00184	0.00908	0.00454	0.00347	0.01061
41	0.01915	0.02189	0.04788	0.03420	0.04241	0.02052	0.63475	0.02599	0.01915	0.02599	0.01642	0.02189	0.01231	0.00684	0.00958	0.00274	0.01368	0.00958	0.00410	0.01094
42	0.02322	0.01537	0.01621	0.01328	0.01754	0.01663	0.01069	0.33734	0.02790	0.04101	0.02287	0.02470	0.01719	0.00960	0.00693	0.00217	0.00643	0.00743	0.37269	0.01077
43	0.01683	0.01442	0.01683	0.01202	0.01923	0.01082	0.00961	0.02043	0.01683	0.02644	0.01442	0.01683	0.01202	0.00601	0.00601	0.00120	0.00601	0.00481	0.00481	0.76444
44	0.01737	0.02849	0.34425	0.01856	0.02804	0.01559	0.04104	0.02482	0.04535	0.04583	0.01592	0.01807	0.01197	0.00723	0.00714	0.00204	0.00929	0.00585	0.00441	0.30874
45	0.01911	0.10577	0.53561	0.02122	0.03206	0.01936	0.02632	0.02714	0.01777	0.09877	0.01623	0.01792	0.01141	0.00790	0.00751	0.00248	0.01108	0.00608	0.00419	0.01204
46	0.72916	0.01558	0.01233	0.01089	0.01599	0.01784	0.00897	0.02477	0.01436	0.07341	0.01251	0.01402	0.00945	0.00768	0.00520	0.00251	0.00631	0.00461	0.00531	0.00908
47	0.01604	0.01638	0.03188	0.06832	0.05660	0.01635	0.32620	0.02052	0.01706	0.02322	0.02356	0.19904	0.02368	0.05363	0.01281	0.00323	0.06454	0.01272	0.00495	0.00927
48	0.01113	0.00848	0.01069	0.01123	0.01308	0.00738	0.00782	0.01299	0.01596	0.02184	0.04160	0.54250	0.08509	0.02156	0.00951	0.00288	0.00491	0.01935	0.00704	0.14495
49	0.07603	0.14986	0.02684	0.01752	0.02353	0.05216	0.01486	0.42568	0.03052	0.04125	0.01667	0.01760	0.01254	0.00929	0.00844	0.00236	0.04931	0.00648	0.00665	0.01240
50	0.06624	0.01279	0.01733	0.03750	0.01990	0.01124	0.07137	0.01832	0.01649	0.02503	0.04468	0.17913	0.02564	0.05710	0.00991	0.00253	0.00676	0.03117	0.00556	0.34129
51	0.01755	0.14038	0.37923	0.01883	0.02726	0.01841	0.02168	0.02464	0.04216	0.06502	0.02151	0.11004	0.01932	0.01105	0.00792	0.00261	0.00971	0.04694	0.00482	0.01092
52	0.01485	0.01285	0.08038	0.01401	0.01715	0.01023	0.01226	0.01980	0.05954	0.08376	0.16028	0.22102	0.04676	0.01866	0.00985	0.00310	0.00642	0.19279	0.00764	0.00867

[dist]
# distance from previous block
# <min> <max>
2	10

[block]
# block no. 3 follows, 23 sequences, length 118
# corresponding to MSA columns:
# 187-304
name=unknown_D
#
# <colnr> <probs for GDERKNQSTAVLIFYWHMCP>
#	G	D	E	R	K	N	Q	S	T	A	V	L	I	F	Y	W	H	M	C	P
0	0.07260	0.14293	0.02520	0.07975	0.02487	0.02349	0.01473	0.29976	0.04673	0.03597	0.01722	0.01945	0.01335	0.01139	0.03569	0.00284	0.06709	0.00670	0.04886	0.01137
1	0.50756	0.05691	0.11662	0.01345	0.01991	0.01901	0.01287	0.06934	0.01648	0.03423	0.01263	0.01451	0.00970	0.00758	0.00575	0.00238	0.00746	0.00488	0.00491	0.06382
2	0.01823	0.01547	0.01892	0.08780	0.02372	0.01484	0.01245	0.08063	0.05606	0.02807	0.01609	0.01901	0.01302	0.00786	0.00867	0.00184	0.07789	0.00591	0.03416	0.45936
3	0.01150	0.00877	0.01114	0.01147	0.01350	0.00757	0.00802	0.01342	0.01584	0.02205	0.03768	0.54850	0.04398	0.02091	0.00935	0.00281	0.00501	0.01882	0.00690	0.18277
4	0.01730	0.01714	0.02397	0.02073	0.02076	0.02381	0.01717	0.01906	0.01260	0.01960	0.01259	0.05717	0.01310	0.01484	0.02570	0.00354	0.66037	0.00801	0.00378	0.00875
5	0.01737	0.01474	0.01712	0.01227	0.01946	0.01137	0.00984	0.04419	0.01765	0.02739	0.01462	0.01693	0.01209	0.00615	0.00609	0.00125	0.00612	0.00490	0.00493	0.73552
6	0.01915	0.02189	0.04788	0.03420	0.04241	0.02052	0.63475	0.02599	0.01915	0.02599	0.01642	0.02189	0.01231	0.00684	0.00958	0.00274	0.01368	0.00958	0.00410	0.01094
7	0.01627	0.04197	0.67279	0.02313	0.03512	0.01884	0.02998	0.02570	0.01713	0.02570	0.01456	0.01713	0.01028	0.00771	0.00771	0.00257	0.01199	0.00600	0.00343	0.01199
8	0.01609	0.01628	0.03104	0.24717	0.03940	0.01720	0.26822	0.02133	0.01793	0.02418	0.09314	0.08720	0.02291	0.01047	0.01013	0.00280	0.04989	0.01045	0.00478	0.00942
9	0.01721	0.01358	0.01607	0.01224	0.01831	0.01083	0.00962	0.04670	0.01820	0.05531	0.05216	0.10061	0.02064	0.00916	0.00689	0.00163	0.00591	0.00770	0.00571	0.57153
10	0.77215	0.01569	0.01193	0.01067	0.01569	0.01820	0.00879	0.02385	0.01381	0.03641	0.01130	0.01318	0.00879	0.00753	0.00502	0.00251	0.00628	0.00439	0.00502	0.00879
11	0.01532	0.01442	0.02434	0.69533	0.05589	0.01803	0.02253	0.02073	0.01622	0.02073	0.01442	0.02163	0.01082	0.00811	0.00811	0.00270	0.01082	0.00721	0.00361	0.00901
12	0.02131	0.01891	0.01892	0.01687	0.02154	0.05816	0.01314	0.07307	0.58240	0.03403	0.03116	0.02883	0.02339	0.01079	0.00820	0.00270	0.00702	0.00885	0.00802	0.01270
13	0.00998	0.00806	0.00870	0.00886	0.01105	0.00697	0.00642	0.01202	0.01820	0.02255	0.13812	0.15151	0.48117	0.06561	0.01173	0.00312	0.00439	0.01723	0.00752	0.00678
14	0.02445	0.01759	0.02207	0.06556	0.02507	0.01847	0.05372	0.23663	0.08413	0.11859	0.02108	0.02223	0.01545	0.00926	0.00880	0.00234	0.04918	0.00735	0.06908	0.12895
15	0.01080	0.00803	0.01039	0.01139	0.01275	0.00715	0.00781	0.01250	0.01570	0.02146	0.04075	0.61868	0.04820	0.02288	0.00979	0.00302	0.00488	0.02067	0.00717	0.10600
16	0.02135	0.68256	0.04070	0.01355	0.02023	0.03083	0.01346	0.02402	0.01651	0.01967	0.01207	0.01392	0.01095	0.00707	0.00523	0.00174	0.00842	0.00451	0.04294	0.01026
17	0.04862	0.01177	0.01519	0.01244	0.01655	0.01058	0.04141	0.04957	0.02147	0.05462	0.36420	0.04297	0.06808	0.01261	0.00837	0.00222	0.00537	0.01099	0.00744	0.19553
18	0.02612	0.06692	0.16392	0.01807	0.02529	0.05004	0.01731	0.32614	0.02832	0.10365	0.02152	0.02186	0.03689	0.00948	0.00775	0.00240	0.00918	0.00721	0.04550	0.01244
19	0.02635	0.12181	0.02741	0.04065	0.02593	0.02474	0.05502	0.38257	0.14294	0.04082	0.02037	0.02072	0.01509	0.00932	0.00782	0.00242	0.00881	0.00736	0.00707	0.01280
20	0.10892	0.57880	0.09348	0.01431	0.02146	0.02933	0.01468	0.02437	0.01623	0.02169	0.01157	0.01339	0.01021	0.00708	0.00540	0.00190	0.00868	0.00449	0.00365	0.01036
21	0.02054	0.01270	0.01366	0.01189	0.01536	0.01342	0.00932	0.18561	0.07350	0.07185	0.02676	0.07586	0.02157	0.01083	0.00701	0.00224	0.00560	0.00877	0.40358	0.00993
22	0.01159	0.00869	0.01304	0.01304	0.01449	0.01014	0.01014	0.01449	0.01304	0.01884	0.02173	0.03188	0.02029	0.06086	0.68268	0.01304	0.02173	0.00869	0.00435	0.00724
23	0.01285	0.01016	0.01240	0.01245	0.01421	0.01045	0.00895	0.01814	0.12184	0.02388	0.08875	0.38267	0.06044	0.07393	0.01299	0.00335	0.04668	0.01675	0.00713	0.06198
24	0.00987	0.00711	0.00936	0.01116	0.01173	0.00660	0.00747	0.01131	0.01566	0.02077	0.04636	0.68191	0.08024	0.02521	0.01032	0.00327	0.00468	0.02281	0.00753	0.00660
25	0.01099	0.00760	0.00901	0.00969	0.01002	0.00735	0.00592	0.01161	0.01353	0.01788	0.03578	0.28887	0.07575	0.42741	0.02837	0.00593	0.00652	0.01614	0.00601	0.00563
26	0.01719	0.07842	0.51544	0.02536	0.06264	0.01990	0.11786	0.02562	0.01745	0.02538	0.01467	0.01771	0.01070	0.00751	0.00785	0.00254	0.01194	0.00648	0.00355	0.01178
27	0.02214	0.58889	0.09601	0.01528	0.02253	0.05546	0.01547	0.06437	0.01819	0.02177	0.01215	0.01386	0.01062	0.00724	0.00570	0.00187	0.00921	0.00471	0.00379	0.01073
28	0.01987	0.06499	0.17647	0.03659	0.37782	0.04710	0.04116	0.04605	0.01883	0.02645	0.01489	0.01861	0.01200	0.00736	0.00769	0.00233	0.01018	0.00662	0.00405	0.06096
29	0.01787	0.01739	0.02987	0.22366	0.29314	0.01877	0.09787	0.02270	0.01743	0.02436	0.04264	0.02212	0.01472	0.00849	0.01012	0.00260	0.08032	0.00772	0.00411	0.04409
30	0.01175	0.00794	0.00917	0.00907	0.00938	0.00783	0.00536	0.01237	0.01361	0.01846	0.12844	0.05432	0.03713	0.60160	0.03615	0.00700	0.00721	0.01227	0.00557	0.00536
31	0.01335	0.01140	0.04603	0.01174	0.01458	0.00996	0.00953	0.06125	0.05089	0.03260	0.50153	0.08738	0.08617	0.01598	0.00935	0.00260	0.00478	0.01397	0.00844	0.00847
32	0.01244	0.00851	0.01115	0.01037	0.01245	0.00782	0.00782	0.01624	0.02298	0.05702	0.63582	0.05934	0.07439	0.01634	0.00952	0.00255	0.00395	0.01442	0.00897	0.00789
33	0.02027	0.01906	0.03186	0.12197	0.52533	0.01960	0.04603	0.06828	0.01965	0.02758	0.01551	0.02029	0.01266	0.00750	0.00810	0.00246	0.00987	0.00732	0.00427	0.01241
34	0.03641	0.01381	0.01883	0.01444	0.02071	0.01193	0.01193	0.03954	0.02322	0.66984	0.03201	0.02762	0.02009	0.01004	0.00816	0.00251	0.00690	0.00816	0.01004	0.01381
35	0.01180	0.00787	0.00885	0.00885	0.00885	0.00787	0.00492	0.01180	0.01180	0.01573	0.02557	0.05310	0.02950	0.71483	0.04130	0.00787	0.00787	0.01180	0.00492	0.00492
36	0.01561	0.01471	0.02485	0.65686	0.09214	0.01810	0.02268	0.02098	0.01636	0.02108	0.01447	0.02154	0.01094	0.00806	0.00811	0.00269	0.01075	0.00721	0.00363	0.00924
37	0.00989	0.00706	0.00942	0.01130	0.01177	0.00659	0.00753	0.01130	0.01554	0.02071	0.04472	0.70954	0.05367	0.02542	0.01036	0.00330	0.00471	0.02307	0.00753	0.00659
38	0.01179	0.00791	0.00907	0.00907	0.00914	0.00798	0.00519	0.01194	0.01186	0.01589	0.02537	0.05201	0.02903	0.68119	0.07430	0.00813	0.00858	0.01164	0.00489	0.00504
39	0.01775	0.01775	0.02485	0.02130	0.02130	0.02485	0.01775	0.01953	0.01243	0.01953	0.01065	0.01775	0.01065	0.01420	0.02663	0.00355	0.69998	0.00710	0.00355	0.00888
40	0.01532	0.01442	0.02434	0.69533	0.05589	0.01803	0.02253	0.02073	0.01622	0.02073	0.01442	0.02163	0.01082	0.00811	0.00811	0.00270	0.01082	0.00721	0.00361	0.00901
41	0.01039	0.00806	0.00946	0.00952	0.01155	0.00712	0.00698	0.01303	0.01976	0.02591	0.30373	0.17677	0.32899	0.01980	0.00971	0.00276	0.00410	0.01715	0.00809	0.00712
42	0.01683	0.01442	0.01683	0.01202	0.01923	0.01082	0.00961	0.02043	0.01683	0.02644	0.01442	0.01683	0.01202	0.00601	0.00601	0.00120	0.00601	0.00481	0.00481	0.76444
43	0.03085	0.02273	0.02435	0.01867	0.02516	0.02516	0.01542	0.63716	0.03815	0.05114	0.01948	0.01948	0.01380	0.00974	0.00812	0.00244	0.00893	0.00731	0.00812	0.01380
44	0.01180	0.00787	0.00885	0.00885	0.00885	0.00787	0.00492	0.01180	0.01180	0.01573	0.02557	0.05310	0.02950	0.71483	0.04130	0.00787	0.00787	0.01180	0.00492	0.00492
45	0.77215	0.01569	0.01193	0.01067	0.01569	0.01820	0.00879	0.02385	0.01381	0.03641	0.01130	0.01318	0.00879	0.00753	0.00502	0.00251	0.00628	0.00439	0.00502	0.00879
46	0.01180	0.00787	0.00885	0.00885	0.00885	0.00787	0.00492	0.01180	0.01180	0.01573	0.02557	0.05310	0.02950	0.71483	0.04130	0.00787	0.00787	0.01180	0.00492	0.00492
47	0.01901	0.01087	0.01160	0.01024	0.01324	0.01120	0.00801	0.13969	0.02182	0.06664	0.06636	0.02999	0.02301	0.01000	0.00652	0.00207	0.00494	0.00800	0.52769	0.00909
48	0.01080	0.00827	0.00989	0.00949	0.01170	0.00736	0.00712	0.01398	0.02135	0.02869	0.45050	0.06695	0.28840	0.01802	0.00958	0.00262	0.00393	0.01556	0.00843	0.00736
49	0.01866	0.02398	0.12331	0.03158	0.03946	0.02073	0.49987	0.02533	0.01825	0.02533	0.01563	0.02090	0.01190	0.00766	0.01099	0.00279	0.07991	0.00889	0.00397	0.01087
50	0.01627	0.04197	0.67279	0.02313	0.03512	0.01884	0.02998	0.02570	0.01713	0.02570	0.01456	0.01713	0.01028	0.00771	0.00771	0.00257	0.01199	0.00600	0.00343	0.01199
51	0.01662	0.01610	0.02521	0.33036	0.03783	0.02094	0.05060	0.02038	0.01466	0.02075	0.01318	0.02015	0.01114	0.01089	0.01660	0.00307	0.32696	0.00729	0.02825	0.00900
52	0.08035	0.50809	0.14059	0.01501	0.02263	0.02747	0.01581	0.02424	0.01640	0.02202	0.01202	0.01394	0.01037	0.00705	0.00565	0.00190	0.00885	0.00464	0.00367	0.05930
53	0.01527	0.01410	0.02374	0.66537	0.05390	0.01755	0.02186	0.02029	0.01598	0.02044	0.01441	0.02177	0.01096	0.00899	0.00915	0.03601	0.01065	0.00720	0.00360	0.00877
54	0.01695	0.01453	0.01688	0.01218	0.01930	0.01116	0.00973	0.02125	0.03973	0.02671	0.01510	0.01731	0.01248	0.00619	0.00609	0.00126	0.00602	0.00497	0.00493	0.73723
55	0.77215	0.01569	0.01193	0.01067	0.01569	0.01820	0.00879	0.02385	0.01381	0.03641	0.01130	0.01318	0.00879	0.00753	0.00502	0.00251	0.00628	0.00439	0.00502	0.00879
56	0.01583	0.01494	0.02525	0.62680	0.12046	0.01816	0.02279	0.02117	0.01646	0.02135	0.01451	0.02147	0.01103	0.00802	0.00810	0.00267	0.01069	0.00721	0.00365	0.00942
57	0.00989	0.00706	0.00942	0.01130	0.01177	0.00659	0.00753	0.01130	0.01554	0.02071	0.04472	0.70954	0.05367	0.02542	0.01036	0.00330	0.00471	0.02307	0.00753	0.00659
58	0.02296	0.02522	0.02862	0.11434	0.38021	0.24119	0.02154	0.02693	0.01973	0.02362	0.01426	0.01844	0.01181	0.00771	0.00780	0.00234	0.01145	0.00656	0.00402	0.01126
59	0.01899	0.01626	0.01793	0.01704	0.04656	0.01844	0.01264	0.03857	0.53801	0.03344	0.11770	0.03398	0.03133	0.01161	0.00843	0.00271	0.00620	0.00984	0.00817	0.01214
60	0.01721	0.07812	0.50316	0.02492	0.03581	0.01999	0.15683	0.02568	0.01752	0.02537	0.01476	0.01789	0.01072	0.00748	0.00795	0.00256	0.01215	0.00665	0.00357	0.01168
61	0.01073	0.00814	0.01153	0.10327	0.01773	0.00821	0.00956	0.01286	0.01617	0.02158	0.08568	0.56946	0.04958	0.02245	0.01000	0.00316	0.00547	0.02032	0.00711	0.00699
62	0.00989	0.00706	0.00942	0.01130	0.01177	0.00659	0.00753	0.01130	0.01554	0.02071	0.04472	0.70954	0.05367	0.02542	0.01036	0.00330	0.00471	0.02307	0.00753	0.00659
63	0.02003	0.01943	0.03379	0.04892	0.62879	0.01935	0.05965	0.02496	0.01851	0.02648	0.01533	0.02019	0.01282	0.00721	0.00812	0.00243	0.00987	0.00736	0.00402	0.01274
64	0.01703	0.06800	0.53227	0.02472	0.03581	0.01973	0.13857	0.02569	0.01747	0.02546	0.01475	0.01781	0.01065	0.00752	0.00794	0.00256	0.01215	0.00657	0.00355	0.01173
65	0.00989	0.00706	0.00942	0.01130	0.01177	0.00659	0.00753	0.01130	0.01554	0.02071	0.04472	0.70954	0.05367	0.02542	0.01036	0.00330	0.00471	0.02307	0.00753	0.00659
66	0.77215	0.01569	0.01193	0.01067	0.01569	0.01820	0.00879	0.02385	0.01381	0.03641	0.01130	0.01318	0.00879	0.00753	0.00502	0.00251	0.00628	0.00439	0.00502	0.00879
67	0.01032	0.00748	0.00977	0.01100	0.01197	0.00693	0.00767	0.01237	0.01741	0.02342	0.17728	0.50891	0.09753	0.02313	0.01017	0.00312	0.00458	0.04223	0.00783	0.00687
68	0.01989	0.01909	0.03259	0.07552	0.63999	0.01923	0.02481	0.02474	0.01839	0.02628	0.01523	0.02014	0.01277	0.00726	0.00804	0.00242	0.00969	0.00723	0.00400	0.01270
69	0.01683	0.01442	0.01683	0.01202	0.01923	0.01082	0.00961	0.02043	0.01683	0.02644	0.01442	0.01683	0.01202	0.00601	0.00601	0.00120	0.00601	0.00481	0.00481	0.76444
70	0.77215	0.01569	0.01193	0.01067	0.01569	0.01820	0.00879	0.02385	0.01381	0.03641	0.01130	0.01318	0.00879	0.00753	0.00502	0.00251	0.00628	0.00439	0.00502	0.00879
71	0.01729	0.01470	0.01708	0.01224	0.01943	0.01130	0.00981	0.04101	0.01754	0.02726	0.01459	0.01691	0.01208	0.00613	0.00608	0.00124	0.00611	0.00489	0.00492	0.73939
72	0.01144	0.04565	0.01377	0.04259	0.01562	0.00970	0.03132	0.01346	0.01619	0.02145	0.07271	0.51819	0.08681	0.02184	0.01049	0.00310	0.03203	0.01949	0.00694	0.00721
73	0.01183	0.00859	0.01253	0.01253	0.01396	0.00989	0.00966	0.01468	0.01325	0.01946	0.02218	0.03254	0.02065	0.08131	0.61558	0.01213	0.02007	0.00873	0.05323	0.00718
74	0.77215	0.01569	0.01193	0.01067	0.01569	0.01820	0.00879	0.02385	0.01381	0.03641	0.01130	0.01318	0.00879	0.00753	0.00502	0.00251	0.00628	0.00439	0.00502	0.00879
75	0.01548	0.01445	0.02465	0.63629	0.05328	0.01768	0.04884	0.02089	0.01639	0.02138	0.01503	0.02202	0.01132	0.00811	0.00807	0.00267	0.01064	0.00733	0.03645	0.00904
76	0.01000	0.00715	0.00952	0.01122	0.01179	0.00667	0.00754	0.01159	0.01607	0.02156	0.08876	0.66309	0.05531	0.02479	0.01030	0.00324	0.00464	0.02247	0.00763	0.00667
77	0.02008	0.01928	0.03294	0.04981	0.66422	0.01928	0.02490	0.02490	0.01848	0.02651	0.01526	0.02008	0.01285	0.00723	0.00803	0.00241	0.00964	0.00723	0.00402	0.01285
78	0.03434	0.02153	0.02033	0.01654	0.02222	0.20846	0.01320	0.06820	0.02393	0.44810	0.02568	0.02341	0.01695	0.00954	0.00791	0.00238	0.00927	0.00726	0.00823	0.01252
79	0.77215	0.01569	0.01193	0.01067	0.01569	0.01820	0.00879	0.02385	0.01381	0.03641	0.01130	0.01318	0.00879	0.00753	0.00502	0.00251	0.00628	0.00439	0.00502	0.00879
80	0.08577	0.03345	0.45820	0.02226	0.03168	0.01844	0.09288	0.02418	0.01667	0.02601	0.01640	0.06689	0.01349	0.00923	0.00894	0.00269	0.05033	0.00753	0.00395	0.01102
81	0.02990	0.02136	0.02367	0.05681	0.02640	0.02355	0.01545	0.53130	0.06279	0.09472	0.02072	0.02069	0.01458	0.00973	0.00813	0.00247	0.00878	0.00745	0.00801	0.01349
82	0.01112	0.00817	0.01041	0.01008	0.01196	0.00747	0.00747	0.01452	0.02177	0.03023	0.53685	0.12291	0.14111	0.01786	0.00965	0.00264	0.00394	0.01573	0.00864	0.00747
83	0.01840	0.01610	0.01923	0.06508	0.02341	0.01814	0.04813	0.03623	0.47418	0.03193	0.10257	0.03440	0.05327	0.01155	0.00852	0.00273	0.00677	0.00998	0.00773	0.01165
84	0.01001	0.00715	0.00956	0.01144	0.01196	0.00670	0.00774	0.01151	0.01566	0.02085	0.04466	0.68589	0.05340	0.02531	0.01039	0.00331	0.00481	0.04551	0.00753	0.00662
85	0.01761	0.20887	0.51759	0.02085	0.03160	0.02211	0.02602	0.02535	0.01697	0.02407	0.01375	0.01612	0.01031	0.00752	0.00709	0.00236	0.01118	0.00559	0.00344	0.01160
86	0.02786	0.14818	0.02599	0.01790	0.02342	0.23557	0.01464	0.28223	0.05200	0.03381	0.01671	0.01777	0.01292	0.00885	0.00723	0.00219	0.01035	0.00621	0.04473	0.01145
87	0.77215	0.01569	0.01193	0.01067	0.01569	0.01820	0.00879	0.02385	0.01381	0.03641	0.01130	0.01318	0.00879	0.00753	0.00502	0.00251	0.00628	0.00439	0.00502	0.00879
88	0.01532	0.01440	0.02518	0.51274	0.04775	0.01680	0.09772	0.02057	0.01703	0.02251	0.05817	0.05435	0.01748	0.00930	0.00840	0.00269	0.01021	0.00869	0.03168	0.00901
89	0.01154	0.00842	0.01089	0.01059	0.01238	0.00792	0.00781	0.01565	0.04327	0.03079	0.54501	0.15818	0.07131	0.01774	0.00964	0.00267	0.00405	0.01576	0.00870	0.00767
90	0.01089	0.00797	0.01023	0.01030	0.01192	0.00730	0.00748	0.01393	0.02062	0.02847	0.44600	0.22990	0.12630	0.01925	0.00978	0.00276	0.00408	0.01708	0.00844	0.00730
91	0.07150	0.01688	0.04601	0.01986	0.07701	0.04225	0.05831	0.06405	0.15279	0.02755	0.02724	0.22661	0.02684	0.01447	0.01076	0.00290	0.08654	0.01219	0.00624	0.01000
92	0.02013	0.01478	0.01748	0.01268	0.01973	0.01171	0.01022	0.05512	0.01878	0.11212	0.01699	0.01838	0.01317	0.00673	0.00640	0.00144	0.00628	0.00538	0.00567	0.62681
93	0.16172	0.06147	0.08772	0.01933	0.05780	0.02117	0.05927	0.27925	0.02600	0.09418	0.02012	0.02091	0.03768	0.00909	0.00751	0.00246	0.00874	0.00709	0.00648	0.01200
94	0.01701	0.11420	0.57323	0.02269	0.03394	0.02036	0.05868	0.02556	0.01716	0.02500	0.01430	0.01693	0.01040	0.00758	0.00753	0.00249	0.01172	0.00600	0.00347	0.01177
95	0.06593	0.00882	0.01092	0.01024	0.01238	0.00841	0.00774	0.01592	0.02231	0.03282	0.61351	0.05722	0.07171	0.01594	0.00924	0.00255	0.00400	0.01394	0.00865	0.00774
96	0.01022	0.00731	0.00975	0.01130	0.01202	0.00684	0.00777	0.01203	0.01662	0.02238	0.12374	0.60150	0.05633	0.02417	0.01029	0.00322	0.00470	0.04535	0.00771	0.00676
97	0.01627	0.04197	0.67279	0.02313	0.03512	0.01884	0.02998	0.02570	0.01713	0.02570	0.01456	0.01713	0.01028	0.00771	0.00771	0.00257	0.01199	0.00600	0.00343	0.01199
98	0.04777	0.11973	0.31985	0.05466	0.07678	0.01862	0.02137	0.02526	0.01738	0.07394	0.01535	0.01763	0.01151	0.00746	0.00706	0.00221	0.00967	0.00583	0.00429	0.14364
99	0.07940	0.13280	0.02196	0.01419	0.02034	0.05485	0.01184	0.03160	0.11132	0.23841	0.02208	0.02132	0.01595	0.00846	0.00692	0.00209	0.00732	0.00646	0.00679	0.18592
100	0.01111	0.00916	0.00988	0.00967	0.01232	0.00843	0.00725	0.01572	0.08738	0.02515	0.18351	0.10726	0.44586	0.01906	0.00949	0.00274	0.00434	0.01616	0.00788	0.00763
101	0.01733	0.01466	0.01811	0.06319	0.06000	0.01219	0.01146	0.04306	0.01767	0.02713	0.01528	0.01816	0.01251	0.00655	0.00634	0.00146	0.00656	0.00536	0.04419	0.59880
102	0.77215	0.01569	0.01193	0.01067	0.01569	0.01820	0.00879	0.02385	0.01381	0.03641	0.01130	0.01318	0.00879	0.00753	0.00502	0.00251	0.00628	0.00439	0.00502	0.00879
103	0.01532	0.01442	0.02434	0.69533	0.05589	0.01803	0.02253	0.02073	0.01622	0.02073	0.01442	0.02163	0.01082	0.00811	0.00811	0.00270	0.01082	0.00721	0.00361	0.00901
104	0.01974	0.01893	0.03232	0.09601	0.62068	0.01919	0.02473	0.02460	0.01831	0.02610	0.01520	0.02019	0.01271	0.00729	0.00804	0.00243	0.00972	0.00723	0.00399	0.01258
