[name]
unknown

[dist]
# distance from previous block
# <min> <max>
22	75

[block]
# block no. 0 follows, 22 sequences, length 6
# corresponding to MSA columns:
# 80-85
name=unknown_A
#
# <colnr> <probs for GDERKNQSTAVLIFYWHMCP>
#	G	D	E	R	K	N	Q	S	T	A	V	L	I	F	Y	W	H	M	C	P
0	0.01949	0.01474	0.01765	0.01537	0.06203	0.01302	0.01116	0.10853	0.02066	0.05664	0.02062	0.08036	0.01787	0.00916	0.00704	0.00183	0.00646	0.00761	0.10235	0.40742
1	0.02718	0.01640	0.02280	0.05108	0.02551	0.01480	0.07816	0.10522	0.02279	0.28285	0.02281	0.02277	0.01579	0.00848	0.00780	0.00217	0.00798	0.00726	0.00734	0.25082
2	0.01236	0.01005	0.01623	0.01535	0.01750	0.00949	0.09775	0.01549	0.01847	0.02498	0.16068	0.37681	0.05227	0.02099	0.01048	0.00322	0.00644	0.11622	0.00748	0.00776
3	0.01894	0.01470	0.01753	0.04442	0.02137	0.01264	0.01101	0.02539	0.10756	0.08198	0.02091	0.06146	0.01739	0.00853	0.00704	0.00177	0.00644	0.00709	0.00600	0.50782
4	0.01252	0.00944	0.01190	0.01252	0.01460	0.00920	0.00996	0.01737	0.07061	0.02706	0.21437	0.16560	0.14837	0.02053	0.01039	0.00319	0.00561	0.22069	0.00814	0.00792
5	0.01914	0.02175	0.11544	0.09681	0.43623	0.01907	0.02402	0.02626	0.07327	0.02698	0.02019	0.02393	0.04297	0.00851	0.00828	0.00256	0.00975	0.00787	0.00454	0.01242

[dist]
# distance from previous block
# <min> <max>
0	1

[block]
# block no. 1 follows, 22 sequences, length 6
# corresponding to MSA columns:
# 87-92
name=unknown_B
#
# <colnr> <probs for GDERKNQSTAVLIFYWHMCP>
#	G	D	E	R	K	N	Q	S	T	A	V	L	I	F	Y	W	H	M	C	P
0	0.42849	0.08320	0.08255	0.07791	0.02405	0.05338	0.01411	0.09896	0.01848	0.03410	0.01329	0.01556	0.01021	0.00805	0.00623	0.00249	0.00842	0.00534	0.00505	0.01015
1	0.01549	0.00774	0.00774	0.00774	0.00968	0.00774	0.00581	0.01936	0.01742	0.03097	0.02710	0.03097	0.02129	0.00968	0.00581	0.00194	0.00387	0.00774	0.75416	0.00774
2	0.01468	0.01346	0.04970	0.01419	0.01644	0.04038	0.01139	0.06425	0.01774	0.02437	0.11440	0.14727	0.03338	0.10106	0.24164	0.00700	0.06259	0.01201	0.00591	0.00814
3	0.01455	0.01324	0.02367	0.06187	0.05183	0.01275	0.18473	0.01920	0.02060	0.02840	0.29062	0.11981	0.04781	0.01468	0.00986	0.00285	0.00786	0.05979	0.00692	0.00897
4	0.01446	0.00947	0.01197	0.01127	0.01363	0.00891	0.00859	0.01864	0.04909	0.08639	0.40161	0.06139	0.11207	0.08500	0.01296	0.00328	0.00510	0.06934	0.00855	0.00828
5	0.15689	0.05365	0.07848	0.01638	0.02267	0.04863	0.01436	0.27074	0.02603	0.06479	0.01978	0.08258	0.01653	0.01034	0.00754	0.00243	0.00839	0.00791	0.00662	0.08524

[dist]
# distance from previous block
# <min> <max>
0	1

[block]
# block no. 2 follows, 22 sequences, length 27
# corresponding to MSA columns:
# 94-120
name=unknown_C
#
# <colnr> <probs for GDERKNQSTAVLIFYWHMCP>
#	G	D	E	R	K	N	Q	S	T	A	V	L	I	F	Y	W	H	M	C	P
0	0.01666	0.04297	0.66500	0.02368	0.03596	0.01929	0.03069	0.02631	0.01754	0.02631	0.01491	0.01754	0.01052	0.00789	0.00789	0.00263	0.01228	0.00614	0.00351	0.01228
1	0.01254	0.08690	0.01415	0.01054	0.01358	0.01052	0.00835	0.01555	0.02024	0.02670	0.29257	0.09976	0.25831	0.01740	0.00921	0.00260	0.00489	0.03712	0.00765	0.05139
2	0.08210	0.08936	0.35618	0.01928	0.02841	0.01965	0.02184	0.06035	0.08756	0.02905	0.01802	0.02190	0.01412	0.00881	0.00752	0.00248	0.00987	0.03319	0.00479	0.08551
3	0.01377	0.16916	0.09218	0.01280	0.01676	0.01423	0.01156	0.01693	0.01805	0.02353	0.13600	0.25764	0.15221	0.01742	0.00885	0.00271	0.00633	0.01490	0.00653	0.00847
4	0.01206	0.00815	0.00954	0.00954	0.00970	0.00831	0.00563	0.01239	0.01222	0.01646	0.02574	0.05196	0.02916	0.63646	0.11244	0.00864	0.00963	0.01173	0.00497	0.00530
5	0.01884	0.01696	0.05355	0.39167	0.04208	0.01981	0.02081	0.02324	0.01633	0.09213	0.01566	0.02148	0.01205	0.01030	0.01374	0.00299	0.20669	0.00740	0.00440	0.00987
6	0.01567	0.01004	0.01271	0.01230	0.01476	0.00963	0.00932	0.04606	0.05501	0.10329	0.26371	0.24086	0.08845	0.01887	0.00986	0.00294	0.00524	0.06392	0.00859	0.00877
7	0.01829	0.06451	0.32136	0.02773	0.03774	0.02028	0.29788	0.02608	0.01843	0.02616	0.01560	0.01952	0.01157	0.00736	0.00854	0.00259	0.01256	0.00765	0.00390	0.05227
8	0.76672	0.01607	0.01221	0.01092	0.01607	0.01864	0.00900	0.02442	0.01414	0.03727	0.01157	0.01350	0.00900	0.00771	0.00514	0.00257	0.00643	0.00450	0.00514	0.00900
9	0.01714	0.10109	0.61109	0.02286	0.03469	0.02047	0.02926	0.02618	0.01748	0.02572	0.01462	0.01717	0.01054	0.00782	0.00767	0.00256	0.01198	0.00599	0.00351	0.01214
10	0.03636	0.01417	0.01919	0.01467	0.02114	0.01216	0.01210	0.03960	0.02348	0.63311	0.03196	0.02777	0.02019	0.01009	0.00825	0.00251	0.00703	0.00820	0.01004	0.04799
11	0.01172	0.00856	0.01106	0.01063	0.01265	0.00789	0.00810	0.01549	0.02286	0.03190	0.56628	0.06562	0.12035	0.01771	0.00992	0.00271	0.00420	0.05566	0.00893	0.00776
12	0.01318	0.00941	0.01092	0.01022	0.01304	0.00854	0.00777	0.01741	0.05856	0.07195	0.31679	0.06590	0.32943	0.01800	0.00963	0.00271	0.00443	0.01535	0.00854	0.00822
13	0.01015	0.00757	0.00945	0.01080	0.01189	0.00687	0.00741	0.01189	0.01704	0.02221	0.09073	0.52528	0.18971	0.02437	0.01038	0.00320	0.00463	0.02174	0.00780	0.00687
14	0.02358	0.01927	0.02531	0.15909	0.10120	0.02183	0.03694	0.29242	0.06958	0.03657	0.01892	0.02224	0.01448	0.01389	0.06398	0.00353	0.05119	0.00776	0.00619	0.01202
15	0.01305	0.00797	0.00869	0.00869	0.00924	0.00797	0.00525	0.01414	0.01359	0.02032	0.02644	0.04774	0.02768	0.51020	0.03195	0.00632	0.00687	0.01085	0.21726	0.00580
16	0.01703	0.01475	0.01766	0.01317	0.01931	0.01249	0.01049	0.02030	0.01643	0.02565	0.01500	0.01949	0.01319	0.04782	0.01059	0.00189	0.08239	0.00560	0.00479	0.63196
17	0.01508	0.01141	0.01468	0.01636	0.08717	0.01157	0.01066	0.08314	0.01863	0.02489	0.07029	0.07759	0.10034	0.26011	0.06101	0.00537	0.00840	0.10900	0.00631	0.00798
18	0.01339	0.00862	0.01042	0.01077	0.01160	0.00846	0.00692	0.01532	0.04571	0.06060	0.03442	0.29744	0.03873	0.36953	0.02639	0.00566	0.00669	0.01608	0.00656	0.00668
19	0.01925	0.06395	0.23917	0.10019	0.08403	0.01695	0.02085	0.02468	0.01815	0.11135	0.04304	0.05394	0.02013	0.01193	0.01041	0.03714	0.04070	0.06806	0.00529	0.01079
20	0.04852	0.05658	0.02547	0.38881	0.08002	0.08522	0.01983	0.10333	0.02078	0.07030	0.01625	0.02068	0.01212	0.00854	0.00795	0.00258	0.01058	0.00700	0.00488	0.01055
21	0.01844	0.01303	0.01601	0.01398	0.01725	0.05654	0.03969	0.04319	0.04383	0.13041	0.33545	0.07773	0.04974	0.01989	0.08311	0.00381	0.00802	0.01234	0.00811	0.00942
22	0.01016	0.00758	0.00946	0.01079	0.01189	0.00688	0.00741	0.01191	0.01707	0.02226	0.09341	0.52245	0.18982	0.02433	0.01038	0.00320	0.00463	0.02171	0.00780	0.00688
23	0.10188	0.01867	0.09602	0.06144	0.19317	0.01687	0.01759	0.05760	0.06987	0.05947	0.02281	0.06829	0.04525	0.01481	0.04898	0.05551	0.02697	0.00871	0.00540	0.01070
24	0.01697	0.01228	0.01889	0.09565	0.15921	0.01259	0.01444	0.02079	0.01888	0.09957	0.18000	0.09114	0.03520	0.02401	0.15759	0.00505	0.01054	0.01109	0.00641	0.00970
25	0.01871	0.01758	0.02532	0.53573	0.08481	0.06163	0.02195	0.08956	0.01967	0.02495	0.01526	0.02135	0.01150	0.00846	0.00825	0.00268	0.01105	0.00726	0.00426	0.01001
26	0.13487	0.06767	0.02438	0.19005	0.16218	0.11893	0.01752	0.02629	0.01833	0.09536	0.01660	0.02135	0.01327	0.04881	0.00946	0.00280	0.00995	0.00682	0.00489	0.01048

[dist]
# distance from previous block
# <min> <max>
0	3

[block]
# block no. 3 follows, 22 sequences, length 12
# corresponding to MSA columns:
# 124-135
name=unknown_D
#
# <colnr> <probs for GDERKNQSTAVLIFYWHMCP>
#	G	D	E	R	K	N	Q	S	T	A	V	L	I	F	Y	W	H	M	C	P
0	0.02070	0.16682	0.08561	0.01665	0.05492	0.01847	0.01424	0.06025	0.07054	0.07596	0.05617	0.02145	0.01766	0.00820	0.00695	0.00193	0.00765	0.00645	0.00560	0.28379
1	0.02274	0.02038	0.01952	0.01523	0.02172	0.13011	0.01205	0.10160	0.06868	0.06270	0.01746	0.01879	0.01367	0.00765	0.00695	0.00174	0.00815	0.00583	0.00578	0.43926
2	0.29836	0.05704	0.01939	0.01462	0.02051	0.02037	0.01208	0.19142	0.10190	0.11351	0.01936	0.01943	0.01413	0.00895	0.00687	0.00245	0.00737	0.00640	0.00692	0.05890
3	0.02718	0.01430	0.01827	0.01517	0.01959	0.01470	0.01210	0.07090	0.11355	0.33324	0.02841	0.03045	0.02108	0.08402	0.10242	0.00465	0.06122	0.00880	0.00810	0.01184
4	0.02300	0.02106	0.05830	0.05183	0.07432	0.05766	0.03837	0.16069	0.28230	0.05731	0.04386	0.02807	0.04455	0.01055	0.00845	0.00266	0.00851	0.00877	0.00725	0.01251
5	0.01247	0.00960	0.01446	0.01338	0.01489	0.01010	0.05871	0.01472	0.01419	0.01976	0.06283	0.07865	0.02877	0.27477	0.32540	0.00945	0.01460	0.01127	0.00510	0.00690
6	0.01502	0.01375	0.02183	0.05606	0.02275	0.01542	0.11546	0.03554	0.01744	0.02427	0.11290	0.22919	0.05199	0.03554	0.01533	0.00329	0.18566	0.01400	0.00598	0.00857
7	0.01095	0.00817	0.00927	0.00931	0.01110	0.00731	0.00655	0.01243	0.01761	0.02236	0.15781	0.11338	0.35686	0.12986	0.01715	0.07545	0.00510	0.01573	0.00713	0.00649
8	0.02598	0.01895	0.02010	0.03682	0.02258	0.06085	0.01335	0.24636	0.17432	0.12784	0.08496	0.03002	0.02468	0.06194	0.01093	0.00299	0.00809	0.00897	0.00807	0.01220
9	0.13819	0.02014	0.02658	0.10916	0.29099	0.08288	0.02016	0.02439	0.01702	0.02589	0.01362	0.01859	0.01155	0.00919	0.01173	0.00274	0.15550	0.00672	0.00414	0.01085
10	0.10805	0.11237	0.02546	0.01877	0.04589	0.10825	0.04896	0.14683	0.12406	0.14902	0.02126	0.02120	0.01554	0.00917	0.00758	0.00244	0.00910	0.00708	0.00681	0.01216
11	0.02825	0.14849	0.02680	0.02071	0.06977	0.31995	0.01544	0.12518	0.02388	0.07814	0.01634	0.01923	0.01334	0.04850	0.00936	0.00253	0.01158	0.00631	0.00532	0.01089

[dist]
# distance from previous block
# <min> <max>
2	39

[block]
# block no. 4 follows, 22 sequences, length 51
# corresponding to MSA columns:
# 175-225
name=unknown_E
#
# <colnr> <probs for GDERKNQSTAVLIFYWHMCP>
#	G	D	E	R	K	N	Q	S	T	A	V	L	I	F	Y	W	H	M	C	P
0	0.02042	0.05033	0.03248	0.01384	0.01771	0.03347	0.01105	0.02456	0.06453	0.18897	0.05530	0.24553	0.07811	0.01596	0.00978	0.00275	0.04043	0.01348	0.00760	0.07370
1	0.01682	0.04936	0.05386	0.14983	0.02636	0.01626	0.01503	0.06413	0.01690	0.04803	0.01982	0.06215	0.01810	0.07360	0.20382	0.00613	0.09368	0.00868	0.00486	0.05257
2	0.10552	0.06173	0.09372	0.03877	0.04526	0.17180	0.14047	0.02787	0.01960	0.10377	0.01909	0.07663	0.01597	0.00957	0.00800	0.00251	0.01087	0.00821	0.00527	0.03538
3	0.16165	0.10587	0.03060	0.02238	0.06021	0.02232	0.16736	0.12432	0.05415	0.08825	0.01745	0.01976	0.01321	0.00880	0.00933	0.00261	0.06728	0.00729	0.00567	0.01149
4	0.12119	0.03060	0.28456	0.07828	0.05632	0.07972	0.04452	0.11716	0.05709	0.03123	0.01621	0.01859	0.01196	0.00842	0.00770	0.00258	0.01081	0.00653	0.00487	0.01166
5	0.54313	0.07753	0.04260	0.01360	0.01851	0.05688	0.01179	0.02448	0.01485	0.03232	0.01169	0.01429	0.00952	0.00854	0.00808	0.00261	0.09062	0.00494	0.00471	0.00931
6	0.01569	0.01477	0.02492	0.68808	0.05722	0.01846	0.02307	0.02123	0.01661	0.02123	0.01477	0.02215	0.01107	0.00831	0.00831	0.00277	0.01107	0.00738	0.00369	0.00923
7	0.01167	0.00849	0.01098	0.01035	0.01235	0.00780	0.00777	0.01550	0.02330	0.03279	0.62472	0.06291	0.10583	0.01718	0.00980	0.00262	0.00393	0.01514	0.00908	0.00780
8	0.01567	0.01546	0.02798	0.13148	0.08447	0.01584	0.21161	0.02020	0.01832	0.02465	0.08811	0.12991	0.10222	0.01317	0.01083	0.00289	0.05985	0.01243	0.00546	0.00943
9	0.01861	0.05645	0.03946	0.02838	0.03516	0.01968	0.42984	0.02681	0.10094	0.02658	0.02266	0.11425	0.01986	0.01012	0.00950	0.00283	0.01152	0.01132	0.00520	0.01083
10	0.01911	0.01985	0.06884	0.21407	0.07630	0.02086	0.15759	0.09731	0.01946	0.02671	0.01671	0.05454	0.01404	0.01024	0.01246	0.00292	0.14522	0.00865	0.00458	0.01055
11	0.45526	0.17933	0.09090	0.01392	0.02001	0.04397	0.01321	0.02481	0.01538	0.03065	0.01193	0.01417	0.00969	0.00795	0.00662	0.00243	0.04070	0.00482	0.00450	0.00976
12	0.03832	0.02003	0.09646	0.30953	0.15956	0.03940	0.02161	0.02407	0.04699	0.02453	0.01548	0.02053	0.01215	0.00835	0.00901	0.00256	0.04981	0.00693	0.00417	0.09051
13	0.08386	0.02250	0.14181	0.09855	0.03537	0.01837	0.25027	0.05955	0.01976	0.10497	0.02006	0.07159	0.01595	0.00933	0.00871	0.00275	0.01095	0.00917	0.00533	0.01117
14	0.01024	0.00741	0.00969	0.01128	0.01203	0.00686	0.00764	0.01194	0.01673	0.02230	0.09931	0.61050	0.09344	0.02496	0.01049	0.00327	0.00471	0.02252	0.00783	0.00686
15	0.01407	0.00722	0.01072	0.01089	0.01093	0.00718	0.00726	0.01089	0.01125	0.01500	0.01708	0.08245	0.01785	0.02862	0.03062	0.69455	0.00701	0.00860	0.00395	0.00387
16	0.01098	0.00759	0.00939	0.01047	0.01074	0.00732	0.00653	0.01179	0.01422	0.01897	0.03717	0.41774	0.04407	0.32574	0.02453	0.00543	0.00624	0.01855	0.00653	0.00599
17	0.01012	0.00723	0.00964	0.01157	0.01205	0.00675	0.00771	0.01157	0.01591	0.02121	0.04579	0.70262	0.05495	0.02603	0.01060	0.00337	0.00482	0.02362	0.00771	0.00675
18	0.01723	0.01477	0.01723	0.01230	0.01969	0.01107	0.00984	0.02092	0.01723	0.02707	0.01477	0.01723	0.01230	0.00615	0.00615	0.00123	0.00615	0.00492	0.00492	0.75883
19	0.12513	0.01627	0.01959	0.01521	0.02153	0.01581	0.01256	0.16065	0.02577	0.45911	0.02752	0.02474	0.01782	0.00990	0.00795	0.00255	0.00742	0.00770	0.00925	0.01351
20	0.01611	0.01587	0.03023	0.13396	0.05795	0.01617	0.26394	0.02058	0.01778	0.02414	0.06890	0.16682	0.02605	0.01345	0.01178	0.04042	0.04914	0.01230	0.00515	0.00928
21	0.02362	0.01664	0.05522	0.04843	0.02295	0.01485	0.01322	0.03348	0.20445	0.21602	0.07275	0.02812	0.02331	0.00989	0.00796	0.00235	0.00698	0.00819	0.00771	0.18385
22	0.02906	0.02153	0.02384	0.06803	0.02732	0.02399	0.01582	0.47853	0.12263	0.07023	0.02202	0.02199	0.01574	0.01005	0.00833	0.00256	0.00884	0.00778	0.00806	0.01363
23	0.02221	0.71304	0.04353	0.01421	0.02132	0.03287	0.01421	0.02488	0.01688	0.01955	0.01155	0.01333	0.01066	0.00711	0.00533	0.00178	0.00888	0.00444	0.00355	0.01066
24	0.03037	0.02267	0.02425	0.01887	0.02530	0.02520	0.01550	0.56357	0.10599	0.05040	0.02149	0.02117	0.01538	0.01012	0.00833	0.00253	0.00886	0.00769	0.00833	0.01402
25	0.76672	0.01607	0.01221	0.01092	0.01607	0.01864	0.00900	0.02442	0.01414	0.03727	0.01157	0.01350	0.00900	0.00771	0.00514	0.00257	0.00643	0.00450	0.00514	0.00900
26	0.02135	0.03137	0.26027	0.02260	0.06191	0.14092	0.04358	0.06620	0.18300	0.02921	0.04381	0.02273	0.01740	0.00930	0.00815	0.00258	0.01073	0.00746	0.00549	0.01196
27	0.01188	0.00886	0.01312	0.01312	0.01453	0.01026	0.01010	0.01469	0.01328	0.01912	0.02246	0.03378	0.02127	0.09644	0.64167	0.01307	0.02150	0.00907	0.00448	0.00729
28	0.02324	0.01936	0.01979	0.01691	0.02199	0.04546	0.01338	0.21369	0.37980	0.03824	0.03376	0.03183	0.08184	0.01172	0.00851	0.00269	0.00742	0.00946	0.00818	0.01272
29	0.03854	0.00831	0.00935	0.00931	0.01123	0.00878	0.00710	0.01834	0.01625	0.02812	0.02534	0.03085	0.02076	0.02335	0.18044	0.00493	0.00875	0.00794	0.53460	0.00770
30	0.01672	0.01396	0.01525	0.01396	0.01764	0.01524	0.01075	0.03185	0.38467	0.03272	0.21503	0.04622	0.12309	0.01417	0.00901	0.00276	0.00551	0.01206	0.00855	0.01084
31	0.01166	0.00835	0.01132	0.01162	0.01245	0.00902	0.00816	0.01339	0.01333	0.01852	0.02730	0.14601	0.02936	0.27434	0.35651	0.00999	0.01470	0.01230	0.00516	0.00651
32	0.01665	0.01528	0.02492	0.64776	0.05532	0.01890	0.02263	0.05782	0.01796	0.02310	0.01508	0.02202	0.01126	0.00841	0.00831	0.00275	0.01096	0.00739	0.00397	0.00952
33	0.03058	0.03409	0.02363	0.02055	0.02547	0.46800	0.01582	0.18915	0.06287	0.02951	0.01589	0.01719	0.01243	0.00908	0.00776	0.00227	0.01298	0.00614	0.00557	0.01101
34	0.02372	0.23104	0.25663	0.05403	0.02892	0.02271	0.02035	0.09819	0.02093	0.14244	0.01774	0.01877	0.01283	0.00836	0.00729	0.00236	0.00991	0.00626	0.00532	0.01219
35	0.02343	0.01922	0.02034	0.01747	0.02266	0.02195	0.01382	0.19213	0.48872	0.03921	0.03030	0.02820	0.02251	0.01094	0.00842	0.00274	0.00722	0.00891	0.00842	0.01340
36	0.01184	0.00852	0.01168	0.01174	0.01274	0.00931	0.00842	0.01385	0.01367	0.01919	0.06069	0.07656	0.02883	0.26059	0.40325	0.01055	0.01582	0.01103	0.00507	0.00666
37	0.01549	0.00774	0.00774	0.00774	0.00968	0.00774	0.00581	0.01936	0.01742	0.03097	0.02710	0.03097	0.02129	0.00968	0.00581	0.00194	0.00387	0.00774	0.75416	0.00774
38	0.01099	0.00820	0.01020	0.01034	0.01203	0.00758	0.00747	0.01368	0.01957	0.02642	0.31869	0.20385	0.19635	0.06076	0.05240	0.00378	0.00553	0.01693	0.00800	0.00723
39	0.02033	0.01569	0.01945	0.07706	0.02436	0.01720	0.04361	0.03535	0.36893	0.10148	0.08005	0.03818	0.06137	0.01233	0.00885	0.00283	0.00715	0.04605	0.00798	0.01176
40	0.71244	0.01660	0.01315	0.01153	0.01678	0.01916	0.00950	0.06902	0.01598	0.03839	0.01219	0.01397	0.00938	0.00788	0.00538	0.00256	0.00663	0.00472	0.00538	0.00938
41	0.02664	0.06298	0.02475	0.05758	0.06060	0.02307	0.01555	0.41218	0.06758	0.04271	0.02273	0.02333	0.04813	0.00994	0.00805	0.00241	0.00864	0.00774	0.00725	0.06813
42	0.01033	0.00838	0.00879	0.00872	0.01106	0.00724	0.00630	0.01234	0.01851	0.02275	0.13697	0.07461	0.50804	0.11273	0.01417	0.00349	0.00469	0.01653	0.00751	0.00684
43	0.02598	0.01976	0.02247	0.07035	0.04632	0.02207	0.01552	0.31803	0.23501	0.07143	0.02552	0.02694	0.01915	0.01069	0.00847	0.00267	0.00831	0.03021	0.00794	0.01316
44	0.01048	0.00762	0.00993	0.01140	0.01233	0.00707	0.00795	0.01242	0.01724	0.02294	0.11936	0.53889	0.10773	0.02437	0.01050	0.00326	0.00483	0.05686	0.00787	0.00695
45	0.01781	0.01766	0.02947	0.12656	0.03285	0.01986	0.20549	0.02638	0.14518	0.02536	0.02294	0.02723	0.05058	0.01449	0.06255	0.00376	0.14716	0.00920	0.00510	0.01036
46	0.01130	0.00847	0.01047	0.00997	0.01213	0.00764	0.00748	0.01480	0.02244	0.03076	0.51870	0.06625	0.21312	0.01793	0.00980	0.00266	0.00399	0.01561	0.00881	0.00764
47	0.01355	0.01005	0.01401	0.01352	0.01532	0.01151	0.01044	0.06645	0.01543	0.02184	0.02235	0.03320	0.02092	0.10642	0.57124	0.01204	0.02008	0.00902	0.00482	0.00780
48	0.02221	0.06505	0.38210	0.02448	0.09001	0.01911	0.05963	0.06326	0.02017	0.14785	0.01859	0.02007	0.01300	0.00833	0.00802	0.00257	0.01083	0.00688	0.00516	0.01268
49	0.02727	0.08013	0.02542	0.05533	0.06392	0.06098	0.01574	0.33556	0.10018	0.07100	0.02014	0.02073	0.01489	0.00930	0.00787	0.00238	0.00900	0.00717	0.00705	0.06594
50	0.15217	0.09552	0.02367	0.04923	0.17202	0.03973	0.01530	0.10121	0.05487	0.03028	0.02008	0.11047	0.01856	0.01197	0.02581	0.00278	0.00853	0.00869	0.00554	0.05358

[dist]
# distance from previous block
# <min> <max>
3	7

[block]
# block no. 5 follows, 22 sequences, length 18
# corresponding to MSA columns:
# 233-237,239-251
name=unknown_F
#
# <colnr> <probs for GDERKNQSTAVLIFYWHMCP>
#	G	D	E	R	K	N	Q	S	T	A	V	L	I	F	Y	W	H	M	C	P
0	0.02713	0.01994	0.02191	0.01743	0.02288	0.02198	0.01415	0.47131	0.06979	0.04565	0.07602	0.02529	0.02080	0.01461	0.04623	0.04698	0.00914	0.00832	0.00791	0.01254
1	0.01319	0.01057	0.01509	0.01459	0.01567	0.01282	0.01147	0.01568	0.01360	0.01954	0.02252	0.03782	0.02240	0.12413	0.42476	0.01011	0.14304	0.06087	0.00465	0.00747
2	0.04462	0.01872	0.09157	0.05350	0.02407	0.01425	0.01353	0.05726	0.06582	0.02900	0.01641	0.01862	0.01301	0.00713	0.00673	0.00172	0.00734	0.00567	0.00516	0.50588
3	0.01500	0.01367	0.01236	0.01194	0.01397	0.12504	0.00863	0.01635	0.01824	0.02202	0.15692	0.07782	0.21207	0.08214	0.05270	0.12749	0.00790	0.01253	0.00629	0.00691
4	0.02517	0.01946	0.02086	0.05611	0.02415	0.05593	0.01407	0.32765	0.09507	0.06314	0.02446	0.08388	0.02087	0.05209	0.01045	0.00291	0.00856	0.03334	0.00745	0.05440
5	0.02903	0.01403	0.01814	0.01479	0.01981	0.01364	0.01196	0.03574	0.12809	0.41239	0.13732	0.03394	0.03070	0.01183	0.00967	0.00268	0.04462	0.00961	0.00941	0.01261
6	0.01998	0.06875	0.02219	0.01764	0.04728	0.01751	0.06625	0.08755	0.19401	0.06584	0.02752	0.03177	0.05451	0.10291	0.07097	0.00412	0.00922	0.00907	0.00648	0.07641
7	0.01731	0.01594	0.09875	0.01369	0.01890	0.01175	0.01224	0.06685	0.02208	0.08693	0.28716	0.07516	0.04316	0.01270	0.00852	0.00233	0.00624	0.01087	0.00740	0.18203
8	0.67000	0.10662	0.01628	0.01135	0.01675	0.02049	0.00967	0.02448	0.01449	0.03497	0.01157	0.01347	0.00921	0.00763	0.00517	0.00247	0.00675	0.00449	0.00493	0.00921
9	0.02010	0.03231	0.39269	0.05842	0.10267	0.01918	0.02537	0.07245	0.01954	0.08358	0.01669	0.01926	0.01210	0.00854	0.00907	0.00260	0.05045	0.00665	0.00461	0.04370
10	0.02359	0.20426	0.07575	0.02608	0.16243	0.20469	0.04321	0.03016	0.10630	0.02429	0.01634	0.01848	0.01333	0.00820	0.00735	0.00227	0.01091	0.00636	0.00458	0.01140
11	0.14513	0.01071	0.01298	0.01261	0.01503	0.01097	0.03476	0.01847	0.07275	0.02882	0.20611	0.31515	0.04898	0.01818	0.00919	0.00295	0.00540	0.01602	0.00757	0.00820
12	0.01999	0.01964	0.10656	0.15791	0.06566	0.01818	0.01817	0.09751	0.19408	0.06726	0.02640	0.07038	0.02209	0.01177	0.00873	0.00284	0.00877	0.06603	0.00654	0.01149
13	0.01094	0.00816	0.00943	0.00964	0.01103	0.00759	0.00655	0.01258	0.01664	0.02156	0.13293	0.16170	0.25572	0.23829	0.05638	0.00508	0.00645	0.01595	0.00689	0.00649
14	0.01637	0.05728	0.07347	0.14514	0.07042	0.04822	0.01501	0.05382	0.03775	0.02491	0.09148	0.03784	0.11912	0.08998	0.06286	0.00396	0.00956	0.00994	0.00552	0.02735
15	0.01549	0.00774	0.00774	0.00774	0.00968	0.00774	0.00581	0.01936	0.01742	0.03097	0.02710	0.03097	0.02129	0.00968	0.00581	0.00194	0.00387	0.00774	0.75416	0.00774
16	0.01723	0.01477	0.01723	0.01230	0.01969	0.01107	0.00984	0.02092	0.01723	0.02707	0.01477	0.01723	0.01230	0.00615	0.00615	0.00123	0.00615	0.00492	0.00492	0.75883
17	0.06889	0.02205	0.02297	0.06982	0.02556	0.12382	0.01591	0.23001	0.02505	0.07528	0.05141	0.02140	0.01623	0.01104	0.01281	0.00276	0.18030	0.00739	0.00616	0.01115

[dist]
# distance from previous block
# <min> <max>
7	11

[block]
# block no. 6 follows, 22 sequences, length 8
# corresponding to MSA columns:
# 263-270
name=unknown_G
#
# <colnr> <probs for GDERKNQSTAVLIFYWHMCP>
#	G	D	E	R	K	N	Q	S	T	A	V	L	I	F	Y	W	H	M	C	P
0	0.01999	0.02088	0.07396	0.07769	0.02574	0.10549	0.04339	0.12501	0.02162	0.02856	0.06285	0.13839	0.02371	0.01248	0.01037	0.00260	0.07899	0.01007	0.00578	0.11243
1	0.01423	0.01009	0.01181	0.01076	0.01414	0.00875	0.00814	0.01777	0.04442	0.08280	0.17025	0.15280	0.27761	0.01744	0.00920	0.00260	0.00488	0.01493	0.00783	0.11956
2	0.01772	0.02788	0.27516	0.08643	0.07110	0.01983	0.18399	0.02454	0.01739	0.02538	0.01565	0.02037	0.01202	0.00873	0.01109	0.00278	0.10928	0.00756	0.05209	0.01102
3	0.01443	0.00722	0.01082	0.01082	0.01082	0.00722	0.00722	0.01082	0.01082	0.01443	0.01443	0.02525	0.01443	0.02886	0.03247	0.75830	0.00722	0.00722	0.00361	0.00361
4	0.01419	0.08253	0.01800	0.01430	0.01580	0.01518	0.01131	0.01636	0.01336	0.01887	0.01967	0.03182	0.01954	0.16531	0.36526	0.00931	0.14852	0.00871	0.00431	0.00764
5	0.02005	0.01922	0.03280	0.11766	0.59354	0.01960	0.02524	0.02505	0.01867	0.02652	0.01554	0.02073	0.01294	0.00750	0.00823	0.00250	0.01000	0.00740	0.00407	0.01275
6	0.13198	0.30018	0.15107	0.01632	0.02314	0.12986	0.01624	0.02549	0.01836	0.02500	0.07786	0.01941	0.01732	0.00859	0.00660	0.00220	0.00965	0.00600	0.00447	0.01027
7	0.02406	0.07959	0.02115	0.01523	0.01964	0.02033	0.01196	0.36349	0.02784	0.03701	0.02133	0.03115	0.01933	0.24886	0.01968	0.00433	0.00875	0.00878	0.00676	0.01070

[dist]
# distance from previous block
# <min> <max>
10	19

[block]
# block no. 7 follows, 22 sequences, length 45
# corresponding to MSA columns:
# 290-334
name=unknown_H
#
# <colnr> <probs for GDERKNQSTAVLIFYWHMCP>
#	G	D	E	R	K	N	Q	S	T	A	V	L	I	F	Y	W	H	M	C	P
0	0.02096	0.04206	0.02299	0.08439	0.13981	0.03910	0.03991	0.10544	0.10811	0.08740	0.10787	0.08391	0.05815	0.01198	0.00869	0.00264	0.00804	0.01044	0.00687	0.01123
1	0.01010	0.00730	0.00957	0.01139	0.01200	0.00676	0.00763	0.01159	0.01607	0.02128	0.04794	0.66775	0.08843	0.02575	0.01056	0.00334	0.00479	0.02328	0.00771	0.00676
2	0.01884	0.01380	0.01922	0.06871	0.02342	0.01432	0.06936	0.05128	0.16458	0.10589	0.07609	0.12577	0.05897	0.01546	0.00958	0.00303	0.00752	0.13617	0.00767	0.01031
3	0.00982	0.00842	0.00842	0.00842	0.01122	0.00701	0.00631	0.01192	0.01894	0.02244	0.08416	0.07995	0.65285	0.02104	0.00982	0.00281	0.00421	0.01753	0.00771	0.00701
4	0.01983	0.01724	0.02397	0.15014	0.03108	0.01642	0.08740	0.13286	0.02139	0.03048	0.01596	0.01932	0.01243	0.00738	0.00741	0.00195	0.00862	0.00646	0.00521	0.38446
5	0.05441	0.15737	0.09766	0.01844	0.04943	0.16090	0.01593	0.03317	0.02118	0.28179	0.02098	0.02052	0.01471	0.00883	0.00742	0.00233	0.00981	0.00654	0.00651	0.01207
6	0.01335	0.00891	0.01120	0.01038	0.01285	0.00801	0.00787	0.01685	0.02262	0.07988	0.49026	0.06302	0.18885	0.01728	0.00969	0.00265	0.00422	0.01501	0.00895	0.00816
7	0.02216	0.02076	0.02961	0.15837	0.20193	0.06901	0.09199	0.15507	0.02269	0.03015	0.01703	0.02324	0.01390	0.00945	0.01028	0.00271	0.07386	0.03121	0.00506	0.01153
8	0.01676	0.01464	0.02154	0.28629	0.05796	0.01558	0.03834	0.05944	0.04579	0.02682	0.09743	0.02716	0.02157	0.01328	0.05979	0.00321	0.00972	0.00812	0.00524	0.17134
9	0.07126	0.08722	0.13489	0.07473	0.02920	0.02141	0.06238	0.23494	0.02531	0.09564	0.01940	0.02309	0.01471	0.01131	0.03234	0.00296	0.01022	0.03075	0.00619	0.01205
10	0.02043	0.40728	0.03557	0.01756	0.02154	0.02960	0.01596	0.02273	0.01505	0.01974	0.01127	0.01546	0.01077	0.01038	0.01498	0.00259	0.30985	0.00569	0.00359	0.00997
11	0.09706	0.02294	0.17221	0.02077	0.07241	0.01704	0.05197	0.10083	0.02259	0.30482	0.02305	0.02257	0.01544	0.00906	0.00802	0.00258	0.00905	0.00739	0.00721	0.01299
12	0.76672	0.01607	0.01221	0.01092	0.01607	0.01864	0.00900	0.02442	0.01414	0.03727	0.01157	0.01350	0.00900	0.00771	0.00514	0.00257	0.00643	0.00450	0.00514	0.00900
13	0.01092	0.00786	0.01028	0.01108	0.01205	0.00758	0.00766	0.01297	0.01707	0.02327	0.18437	0.37522	0.07751	0.10949	0.08834	0.00485	0.00692	0.01834	0.00736	0.00688
14	0.01187	0.00890	0.01335	0.01335	0.01483	0.01038	0.01038	0.01483	0.01335	0.01928	0.02225	0.03264	0.02077	0.06231	0.67512	0.01335	0.02225	0.00890	0.00445	0.00742
15	0.02020	0.01756	0.01935	0.07896	0.02490	0.02046	0.01407	0.04202	0.58347	0.03350	0.03205	0.03018	0.02404	0.01100	0.00844	0.00281	0.00699	0.00921	0.00801	0.01279
16	0.01549	0.00774	0.00774	0.00774	0.00968	0.00774	0.00581	0.01936	0.01742	0.03097	0.02710	0.03097	0.02129	0.00968	0.00581	0.00194	0.00387	0.00774	0.75416	0.00774
17	0.01773	0.02326	0.17117	0.26699	0.06841	0.01940	0.18409	0.04451	0.01809	0.02475	0.01540	0.02106	0.01169	0.00900	0.01034	0.03520	0.03671	0.00775	0.00396	0.01050
18	0.01301	0.00835	0.01121	0.01223	0.01330	0.00804	0.00855	0.01473	0.01678	0.08084	0.06514	0.58978	0.05086	0.02379	0.01103	0.00328	0.03244	0.02124	0.00784	0.00756
19	0.02135	0.01928	0.02144	0.18116	0.05334	0.08730	0.01618	0.10313	0.28637	0.03029	0.02332	0.02510	0.01782	0.01127	0.01005	0.05798	0.00900	0.00803	0.00634	0.01125
20	0.01293	0.00904	0.01139	0.01063	0.01280	0.00847	0.00792	0.01723	0.04730	0.05443	0.52356	0.06040	0.11317	0.06021	0.01173	0.00298	0.00442	0.01455	0.00880	0.00805
21	0.01284	0.01028	0.01292	0.03938	0.01608	0.01051	0.00964	0.01789	0.09682	0.02542	0.14697	0.34447	0.10005	0.01956	0.01069	0.00298	0.04370	0.01706	0.00749	0.05524
22	0.01067	0.00826	0.00923	0.00926	0.01117	0.00735	0.00654	0.01273	0.01842	0.02355	0.19335	0.12906	0.36157	0.14355	0.01570	0.00376	0.00489	0.01658	0.00754	0.00681
23	0.02874	0.13909	0.02612	0.01990	0.02465	0.51748	0.01551	0.03294	0.07964	0.02155	0.01459	0.01621	0.01205	0.00859	0.00725	0.00215	0.01329	0.00559	0.00456	0.01011
24	0.05526	0.08784	0.11050	0.07484	0.05359	0.34150	0.08418	0.05310	0.02135	0.02399	0.01391	0.01688	0.01107	0.00815	0.00765	0.00234	0.01297	0.00614	0.00426	0.01047
25	0.02073	0.01785	0.02984	0.10713	0.03300	0.01836	0.23458	0.07585	0.15408	0.08781	0.05395	0.08350	0.02261	0.01067	0.00914	0.00279	0.00979	0.01050	0.00645	0.01134
26	0.01832	0.02154	0.08700	0.07691	0.03720	0.01988	0.36267	0.02413	0.01784	0.02507	0.01639	0.04359	0.01346	0.00884	0.01182	0.00277	0.11396	0.00894	0.00422	0.08544
27	0.01191	0.00874	0.01253	0.01253	0.01373	0.00994	0.00936	0.01431	0.01311	0.01868	0.02300	0.03679	0.02257	0.18582	0.55408	0.01234	0.01954	0.00951	0.00456	0.00696
28	0.09107	0.02228	0.02789	0.03735	0.40506	0.13025	0.02046	0.02739	0.05398	0.02734	0.01573	0.01929	0.01297	0.00775	0.00767	0.00235	0.00995	0.00670	0.00454	0.06999
29	0.01140	0.00839	0.01068	0.01030	0.01224	0.00766	0.00765	0.01492	0.02239	0.03111	0.53857	0.11381	0.14364	0.01816	0.00986	0.00269	0.00402	0.01598	0.00887	0.00766
30	0.02895	0.02196	0.02345	0.01858	0.02476	0.02453	0.01515	0.48773	0.18414	0.04811	0.02329	0.02261	0.01683	0.01029	0.00834	0.00257	0.00852	0.00794	0.00834	0.01389
31	0.01768	0.01471	0.02440	0.62583	0.05389	0.01788	0.02207	0.02301	0.01727	0.08047	0.01643	0.02271	0.01195	0.00849	0.00831	0.00275	0.01070	0.00747	0.00430	0.00968
32	0.02367	0.01452	0.01706	0.01462	0.01924	0.01499	0.01154	0.05150	0.28315	0.22423	0.16324	0.03844	0.06191	0.01254	0.00876	0.00269	0.00614	0.01055	0.00911	0.01211
33	0.01138	0.00808	0.00961	0.00966	0.01115	0.00743	0.00672	0.01243	0.01674	0.02160	0.15054	0.11217	0.27893	0.13993	0.03781	0.13231	0.00588	0.01469	0.00670	0.00622
34	0.01663	0.01598	0.02129	0.10945	0.18638	0.08180	0.03357	0.02054	0.04030	0.02325	0.02807	0.29931	0.03006	0.01566	0.00995	0.00291	0.03575	0.01395	0.00569	0.00946
35	0.01027	0.00734	0.00977	0.01147	0.01208	0.00684	0.00772	0.01193	0.01658	0.02228	0.09955	0.64579	0.05702	0.02522	0.01053	0.00331	0.00474	0.02285	0.00784	0.00684
36	0.02092	0.01905	0.02804	0.02336	0.05132	0.07464	0.16875	0.05229	0.01908	0.08431	0.06540	0.07683	0.02118	0.01213	0.01444	0.00294	0.21261	0.00971	0.03279	0.01021
37	0.01164	0.00849	0.01094	0.01032	0.01234	0.00779	0.00774	0.01544	0.02323	0.03263	0.61619	0.06318	0.11446	0.01724	0.00980	0.00262	0.00394	0.01518	0.00906	0.00779
38	0.01977	0.02219	0.14305	0.08879	0.13323	0.01805	0.15098	0.04808	0.08876	0.07400	0.02168	0.08112	0.01789	0.00977	0.00866	0.00266	0.01010	0.00927	0.00541	0.04654
39	0.27756	0.10861	0.18322	0.01559	0.02290	0.01909	0.01595	0.05334	0.01869	0.14683	0.05250	0.02020	0.01581	0.00877	0.00685	0.00249	0.00831	0.00633	0.00583	0.01113
40	0.01951	0.01743	0.02211	0.01933	0.08094	0.04682	0.06872	0.09795	0.04211	0.02944	0.01985	0.09844	0.01797	0.00943	0.00761	0.00200	0.00788	0.00827	0.00562	0.37856
41	0.02009	0.24498	0.17687	0.01595	0.02328	0.04382	0.01634	0.02475	0.01863	0.08142	0.09468	0.02314	0.02058	0.01092	0.03388	0.00255	0.00924	0.00679	0.00511	0.12699
42	0.12166	0.01613	0.06291	0.01332	0.01930	0.01329	0.01135	0.02427	0.09639	0.06013	0.06285	0.07751	0.04719	0.01017	0.00726	0.00210	0.00641	0.00828	0.00615	0.33332
43	0.01828	0.05268	0.20568	0.01850	0.06307	0.01584	0.01724	0.05134	0.08936	0.07049	0.16086	0.03209	0.05430	0.01075	0.00819	0.00242	0.00794	0.00896	0.00632	0.10568
44	0.01441	0.01174	0.01325	0.01177	0.01555	0.01083	0.00887	0.04076	0.11273	0.02721	0.11160	0.14691	0.19301	0.04784	0.01028	0.00272	0.00546	0.01323	0.00719	0.19465

[dist]
# distance from previous block
# <min> <max>
0	107

[block]
# block no. 8 follows, 22 sequences, length 14
# corresponding to MSA columns:
# 442-455
name=unknown_I
#
# <colnr> <probs for GDERKNQSTAVLIFYWHMCP>
#	G	D	E	R	K	N	Q	S	T	A	V	L	I	F	Y	W	H	M	C	P
0	0.02482	0.02044	0.07845	0.01701	0.02312	0.01952	0.01473	0.24904	0.20190	0.11014	0.05886	0.02996	0.06642	0.01117	0.00842	0.00259	0.00777	0.00898	0.00802	0.03864
1	0.02327	0.06740	0.02260	0.06449	0.04917	0.01819	0.01371	0.22169	0.02475	0.07526	0.01896	0.05272	0.01536	0.00892	0.00740	0.00203	0.00782	0.00714	0.00630	0.29282
2	0.07568	0.06267	0.06504	0.01632	0.04426	0.05844	0.01326	0.10970	0.07168	0.07640	0.05027	0.13812	0.08179	0.01342	0.00833	0.00261	0.00762	0.03383	0.00677	0.06381
3	0.01194	0.00895	0.01060	0.01000	0.01227	0.00789	0.00714	0.01397	0.01808	0.02435	0.21564	0.11799	0.21783	0.13138	0.01620	0.05191	0.00524	0.01434	0.00707	0.09721
4	0.05997	0.05990	0.02365	0.04294	0.11793	0.01682	0.07152	0.06490	0.01854	0.02682	0.04956	0.19431	0.02575	0.01336	0.01055	0.00269	0.08347	0.01141	0.00561	0.10032
5	0.02029	0.01630	0.02167	0.04170	0.02397	0.01471	0.06746	0.09329	0.02004	0.07457	0.01700	0.01974	0.01341	0.01001	0.03837	0.00234	0.04140	0.00630	0.00550	0.45192
6	0.01723	0.01477	0.01723	0.01230	0.01969	0.01107	0.00984	0.02092	0.01723	0.02707	0.01477	0.01723	0.01230	0.00615	0.00615	0.00123	0.00615	0.00492	0.00492	0.75883
7	0.01502	0.01644	0.12128	0.06527	0.04889	0.01359	0.01557	0.01944	0.01855	0.05097	0.20682	0.09649	0.03906	0.01948	0.07400	0.00393	0.09248	0.06727	0.00630	0.00913
8	0.00999	0.00839	0.00846	0.00846	0.01106	0.00709	0.00622	0.01193	0.01843	0.02197	0.07986	0.07806	0.60675	0.07191	0.01222	0.00319	0.00449	0.01713	0.00752	0.00687
9	0.01363	0.00989	0.01155	0.01064	0.01348	0.00923	0.00813	0.04648	0.05234	0.05979	0.35604	0.06345	0.27899	0.01753	0.00960	0.00268	0.00455	0.01499	0.00860	0.00839
10	0.02544	0.01906	0.02096	0.01706	0.02209	0.02123	0.01367	0.40156	0.11886	0.04183	0.02282	0.02645	0.01814	0.08088	0.10674	0.00460	0.01055	0.00837	0.00748	0.01220
11	0.01723	0.01477	0.01723	0.01230	0.01969	0.01107	0.00984	0.02092	0.01723	0.02707	0.01477	0.01723	0.01230	0.00615	0.00615	0.00123	0.00615	0.00492	0.00492	0.75883
12	0.01759	0.01073	0.01366	0.03866	0.01671	0.01027	0.00973	0.07430	0.02214	0.14189	0.23371	0.22566	0.11617	0.01770	0.00957	0.00283	0.00551	0.01545	0.00851	0.00920
13	0.02960	0.07976	0.02509	0.02076	0.02513	0.52848	0.01606	0.08564	0.02375	0.02316	0.01326	0.01555	0.01102	0.00902	0.00884	0.00226	0.06238	0.00562	0.00455	0.01007

[dist]
# distance from previous block
# <min> <max>
0	1

[block]
# block no. 9 follows, 22 sequences, length 8
# corresponding to MSA columns:
# 457-464
name=unknown_J
#
# <colnr> <probs for GDERKNQSTAVLIFYWHMCP>
#	G	D	E	R	K	N	Q	S	T	A	V	L	I	F	Y	W	H	M	C	P
0	0.02455	0.15626	0.02546	0.01672	0.02244	0.02404	0.01397	0.26856	0.23046	0.03858	0.07412	0.02567	0.02234	0.01040	0.00789	0.00247	0.00783	0.00812	0.00749	0.01261
1	0.01158	0.00886	0.01049	0.01023	0.01232	0.00825	0.00749	0.01560	0.05567	0.02802	0.35748	0.11959	0.23595	0.06691	0.01207	0.00313	0.00452	0.01596	0.00828	0.00761
2	0.01196	0.00881	0.01040	0.01019	0.01092	0.00914	0.00669	0.01284	0.01362	0.01796	0.03621	0.05468	0.15024	0.45543	0.11094	0.00740	0.04873	0.01249	0.00541	0.00594
3	0.01566	0.03214	0.42783	0.02191	0.03140	0.01677	0.10846	0.02334	0.01852	0.02634	0.07721	0.03114	0.11214	0.01047	0.00860	0.00268	0.01064	0.00907	0.00469	0.01098
4	0.03058	0.01891	0.02136	0.01661	0.02273	0.01969	0.01364	0.38874	0.03234	0.22068	0.03126	0.02949	0.09255	0.01139	0.00850	0.00255	0.00797	0.00893	0.00879	0.01328
5	0.02036	0.01593	0.02256	0.13961	0.02882	0.01649	0.08722	0.14276	0.02228	0.08399	0.02964	0.06159	0.11098	0.01149	0.00949	0.00256	0.04565	0.00974	0.03665	0.10218
6	0.01536	0.01679	0.09445	0.01606	0.01929	0.01560	0.01407	0.05985	0.01748	0.02438	0.03475	0.18663	0.14780	0.01661	0.01457	0.00301	0.21196	0.01270	0.00579	0.07286
7	0.65566	0.12004	0.01688	0.01142	0.01685	0.02076	0.00978	0.02449	0.01455	0.03463	0.01156	0.01347	0.00925	0.00762	0.00517	0.00245	0.00679	0.00449	0.00490	0.00925

[dist]
# distance from previous block
# <min> <max>
0	2

[block]
# block no. 10 follows, 22 sequences, length 11
# corresponding to MSA columns:
# 467-477
name=unknown_K
#
# <colnr> <probs for GDERKNQSTAVLIFYWHMCP>
#	G	D	E	R	K	N	Q	S	T	A	V	L	I	F	Y	W	H	M	C	P
0	0.01067	0.00945	0.04801	0.01216	0.01348	0.00759	0.00907	0.01285	0.01679	0.02276	0.10705	0.59601	0.05479	0.02403	0.01036	0.00325	0.00516	0.02170	0.00762	0.00718
1	0.01592	0.02991	0.41362	0.01878	0.02727	0.01498	0.02203	0.02300	0.01891	0.06211	0.13655	0.08670	0.07118	0.01204	0.00861	0.00270	0.00933	0.01007	0.00552	0.01077
2	0.01044	0.00799	0.00964	0.01063	0.01223	0.00719	0.00770	0.01256	0.01799	0.02306	0.11348	0.36060	0.27876	0.02310	0.01032	0.00313	0.00476	0.07155	0.00783	0.00702
3	0.01641	0.01623	0.06055	0.02085	0.07846	0.01446	0.13594	0.04614	0.01744	0.02449	0.04181	0.05249	0.04120	0.18099	0.05482	0.00444	0.04059	0.02568	0.00508	0.12193
4	0.01549	0.00774	0.00774	0.00774	0.00968	0.00774	0.00581	0.01936	0.01742	0.03097	0.02710	0.03097	0.02129	0.00968	0.00581	0.00194	0.00387	0.00774	0.75416	0.00774
5	0.01783	0.05577	0.02942	0.22585	0.16042	0.01904	0.12478	0.02504	0.08889	0.02630	0.10018	0.02746	0.02211	0.00949	0.00918	0.00267	0.03089	0.00886	0.00510	0.01069
6	0.01564	0.00935	0.01235	0.01111	0.01375	0.00850	0.00850	0.01945	0.02356	0.12898	0.55763	0.05691	0.06959	0.01596	0.00958	0.00261	0.00440	0.01401	0.00932	0.00880
7	0.01467	0.01164	0.01239	0.01251	0.01398	0.05551	0.00866	0.08669	0.01889	0.02460	0.08042	0.38381	0.04328	0.17319	0.01707	0.00416	0.00668	0.01726	0.00706	0.00752
8	0.02053	0.01491	0.01664	0.01476	0.01907	0.01610	0.01151	0.03597	0.39516	0.12149	0.14161	0.04021	0.09000	0.01297	0.00879	0.00275	0.00599	0.01092	0.00876	0.01185
9	0.33130	0.10002	0.21378	0.01545	0.02282	0.01894	0.01633	0.02574	0.01709	0.08691	0.06710	0.02000	0.01637	0.00869	0.00666	0.00251	0.00832	0.00620	0.00526	0.01053
10	0.05274	0.08463	0.01572	0.01193	0.01497	0.10454	0.00953	0.04838	0.01877	0.02833	0.02477	0.02770	0.05395	0.01019	0.00779	0.00217	0.05386	0.00746	0.41391	0.00868

[dist]
# distance from previous block
# <min> <max>
0	2

[block]
# block no. 11 follows, 22 sequences, length 30
# corresponding to MSA columns:
# 480-509
name=unknown_L
#
# <colnr> <probs for GDERKNQSTAVLIFYWHMCP>
#	G	D	E	R	K	N	Q	S	T	A	V	L	I	F	Y	W	H	M	C	P
0	0.02811	0.01939	0.13335	0.01592	0.02323	0.01356	0.01496	0.05934	0.02171	0.36813	0.02647	0.06290	0.01896	0.01000	0.00800	0.00238	0.00779	0.00817	0.00786	0.14977
1	0.02215	0.40350	0.10751	0.08037	0.02679	0.11142	0.01695	0.06302	0.01952	0.02334	0.04571	0.01777	0.01437	0.00818	0.00660	0.00210	0.01003	0.00576	0.00424	0.01065
2	0.02912	0.02077	0.02446	0.01888	0.02497	0.05046	0.07208	0.37954	0.03138	0.14610	0.02510	0.02640	0.04852	0.05055	0.01046	0.00286	0.00921	0.00853	0.00785	0.01276
3	0.02216	0.01657	0.01834	0.01647	0.02113	0.01849	0.01305	0.04110	0.50062	0.11659	0.03464	0.03659	0.02686	0.01225	0.00873	0.00288	0.00674	0.06540	0.00862	0.01276
4	0.01770	0.06366	0.30939	0.02045	0.06961	0.01575	0.02076	0.02402	0.01936	0.08726	0.13264	0.06126	0.02966	0.01211	0.00868	0.00273	0.00914	0.07910	0.00583	0.01089
5	0.01157	0.00835	0.01094	0.01058	0.01237	0.00771	0.00782	0.01521	0.02265	0.03194	0.58295	0.13487	0.07572	0.01801	0.00989	0.00270	0.00402	0.01600	0.00898	0.00771
6	0.07298	0.01670	0.01777	0.01588	0.02030	0.01901	0.01233	0.05628	0.49244	0.06190	0.02998	0.02879	0.02264	0.01261	0.01050	0.07456	0.00672	0.00874	0.00784	0.01203
7	0.01443	0.00722	0.01082	0.01082	0.01082	0.00722	0.00722	0.01082	0.01082	0.01443	0.01443	0.02525	0.01443	0.02886	0.03247	0.75830	0.00722	0.00722	0.00361	0.00361
8	0.01303	0.01015	0.01472	0.01444	0.01624	0.00987	0.06542	0.07157	0.01845	0.02466	0.04066	0.57511	0.04717	0.02275	0.01031	0.00324	0.00608	0.02081	0.00745	0.00786
9	0.01508	0.00936	0.01189	0.01104	0.01380	0.00843	0.00860	0.01852	0.02225	0.11859	0.39889	0.06358	0.18496	0.01736	0.00974	0.00275	0.00473	0.06300	0.00889	0.00854
10	0.02806	0.23396	0.02989	0.02038	0.05064	0.41525	0.01589	0.07180	0.02249	0.02261	0.01307	0.01508	0.01103	0.00819	0.00695	0.00207	0.01259	0.00532	0.00434	0.01039
11	0.63782	0.10035	0.01666	0.01176	0.01722	0.02073	0.00999	0.05675	0.01580	0.03594	0.01201	0.01382	0.00947	0.00776	0.00533	0.00247	0.00687	0.00465	0.00512	0.00947
12	0.01813	0.02081	0.06943	0.08291	0.06356	0.05912	0.32487	0.02363	0.01908	0.02551	0.07903	0.09091	0.02252	0.01050	0.01045	0.00282	0.05090	0.01070	0.00490	0.01022
13	0.02561	0.02202	0.07698	0.01908	0.02579	0.05021	0.07312	0.25890	0.08307	0.10498	0.02231	0.06068	0.01734	0.01001	0.00823	0.00243	0.00902	0.00834	0.00706	0.11481
14	0.01226	0.00953	0.01162	0.01056	0.01354	0.00818	0.00793	0.01554	0.02065	0.02882	0.36120	0.12855	0.16631	0.01667	0.00920	0.00247	0.00450	0.01452	0.00793	0.15003
15	0.01751	0.14533	0.57006	0.02223	0.03372	0.02137	0.02818	0.02609	0.01744	0.02528	0.01440	0.01690	0.01054	0.00777	0.00750	0.00250	0.01176	0.00588	0.00351	0.01203
16	0.02402	0.07815	0.10676	0.06446	0.02592	0.02042	0.01677	0.20426	0.04080	0.12687	0.02267	0.10593	0.01914	0.01199	0.01058	0.00274	0.09094	0.00922	0.00663	0.01171
17	0.03158	0.02327	0.02493	0.01911	0.02576	0.02576	0.01579	0.62852	0.03906	0.05236	0.01995	0.01995	0.01413	0.00997	0.00831	0.00249	0.00914	0.00748	0.00831	0.01413
18	0.01504	0.06155	0.01821	0.07842	0.02001	0.05299	0.01242	0.01757	0.01497	0.02004	0.05154	0.03364	0.05242	0.12870	0.26460	0.00749	0.12874	0.00913	0.00463	0.00789
19	0.01039	0.00742	0.00995	0.01188	0.01248	0.00698	0.00818	0.01203	0.01617	0.02151	0.04564	0.65227	0.05436	0.02577	0.01068	0.00341	0.00505	0.07130	0.00771	0.00682
