[name]
unknown

[dist]
# distance from previous block
# <min> <max>
0	57

[block]
# block no. 0 follows, 20 sequences, length 66
# corresponding to MSA columns:
# 61-126
name=unknown_A
#
# <colnr> <probs for GDERKNQSTAVLIFYWHMCP>
#	G	D	E	R	K	N	Q	S	T	A	V	L	I	F	Y	W	H	M	C	P
0	0.01575	0.01125	0.01405	0.01416	0.04728	0.01031	0.00968	0.05161	0.01974	0.05133	0.10618	0.26164	0.06823	0.07067	0.01199	0.00314	0.00597	0.01505	0.07323	0.13874
1	0.01278	0.00911	0.01054	0.01076	0.01181	0.00885	0.00700	0.04342	0.01692	0.02221	0.06928	0.23863	0.13303	0.33637	0.02638	0.00566	0.00674	0.01689	0.00688	0.00674
2	0.01426	0.00942	0.01245	0.01281	0.01378	0.00979	0.00895	0.01618	0.04558	0.05288	0.03432	0.32524	0.03799	0.13494	0.08360	0.11472	0.04283	0.01637	0.00664	0.00724
3	0.01605	0.01099	0.01315	0.01322	0.01514	0.01120	0.00947	0.07918	0.07445	0.05480	0.03895	0.35676	0.04231	0.14001	0.01628	0.00419	0.00653	0.05021	0.03847	0.00863
4	0.22873	0.01221	0.01248	0.01222	0.01509	0.01293	0.00910	0.07771	0.01936	0.03187	0.08183	0.29315	0.06478	0.04180	0.01005	0.00321	0.00598	0.01500	0.04385	0.00865
5	0.05270	0.01202	0.04457	0.01249	0.01524	0.01071	0.00999	0.07063	0.02015	0.02929	0.06564	0.29249	0.11677	0.01924	0.00941	0.00300	0.00584	0.05097	0.15029	0.00856
6	0.04411	0.04958	0.01730	0.01302	0.01821	0.01443	0.01030	0.11579	0.04305	0.03154	0.03255	0.08964	0.11489	0.04390	0.00956	0.00249	0.00659	0.01007	0.07277	0.26020
7	0.06305	0.01561	0.01984	0.01614	0.02136	0.01515	0.04537	0.15725	0.02539	0.19790	0.08863	0.16248	0.03134	0.01399	0.00907	0.00273	0.00739	0.01201	0.00846	0.08685
8	0.04558	0.05511	0.17449	0.01665	0.02149	0.01488	0.03447	0.02078	0.04325	0.02682	0.10629	0.22467	0.03620	0.04777	0.01204	0.00325	0.04898	0.01361	0.04414	0.00955
9	0.01435	0.00931	0.01198	0.01221	0.01407	0.00870	0.00878	0.03937	0.02092	0.07851	0.22611	0.38749	0.09028	0.02216	0.01055	0.00316	0.00511	0.01975	0.00880	0.00839
10	0.01844	0.01351	0.01846	0.07510	0.02171	0.01488	0.04291	0.11148	0.04624	0.02710	0.04791	0.06383	0.02367	0.08450	0.02112	0.20977	0.06112	0.04261	0.04731	0.00835
11	0.03488	0.02043	0.02355	0.01819	0.02497	0.02127	0.01498	0.36114	0.06499	0.28237	0.02691	0.02493	0.01806	0.01067	0.00875	0.00267	0.00862	0.00831	0.00953	0.01479
12	0.01325	0.01073	0.01767	0.01624	0.01850	0.01199	0.06904	0.01678	0.01466	0.02100	0.02281	0.03322	0.02097	0.05976	0.59566	0.01294	0.02252	0.00944	0.00465	0.00818
13	0.01826	0.07555	0.52835	0.02612	0.03813	0.02126	0.11699	0.02759	0.01870	0.02731	0.01577	0.01895	0.01138	0.00811	0.00845	0.00274	0.01298	0.00693	0.00379	0.01264
14	0.03855	0.01578	0.02082	0.01596	0.02273	0.01421	0.01319	0.09782	0.02653	0.58756	0.03310	0.02884	0.02093	0.01076	0.00877	0.00269	0.00763	0.00868	0.01059	0.01484
15	0.01731	0.01454	0.01702	0.01253	0.01932	0.01117	0.00981	0.02089	0.01807	0.02792	0.05446	0.02406	0.01866	0.06136	0.00969	0.00195	0.00647	0.00641	0.00545	0.64291
16	0.04701	0.03800	0.47787	0.02689	0.09409	0.01971	0.06440	0.02704	0.01852	0.02824	0.01570	0.01884	0.01154	0.00803	0.00819	0.00264	0.01201	0.00664	0.00397	0.07068
17	0.07895	0.43603	0.20132	0.01724	0.02568	0.02834	0.01888	0.02594	0.01749	0.02386	0.01364	0.01622	0.01156	0.01071	0.03992	0.00279	0.01079	0.00538	0.00390	0.01133
18	0.02080	0.02349	0.10799	0.08003	0.50866	0.02067	0.05739	0.02671	0.01961	0.02806	0.01634	0.02140	0.01335	0.00786	0.00868	0.00264	0.01095	0.00775	0.00423	0.01340
19	0.01853	0.06849	0.38183	0.02758	0.03822	0.02090	0.22313	0.02703	0.01946	0.02779	0.05106	0.02255	0.01581	0.00847	0.00894	0.00278	0.01283	0.00818	0.00426	0.01217
20	0.02451	0.56582	0.04120	0.01615	0.02304	0.12024	0.01512	0.02857	0.05588	0.02162	0.01375	0.01537	0.01215	0.00794	0.00611	0.00199	0.01007	0.00512	0.00415	0.01120
21	0.01143	0.00891	0.01057	0.01025	0.01267	0.00805	0.00772	0.01461	0.02167	0.02865	0.33903	0.07123	0.32794	0.02352	0.06147	0.00372	0.00577	0.01646	0.00853	0.00780
22	0.01268	0.00846	0.00951	0.00951	0.00951	0.00846	0.00529	0.01268	0.01268	0.01691	0.02748	0.05708	0.03171	0.69345	0.04440	0.00846	0.00846	0.01268	0.00529	0.00529
23	0.03532	0.01713	0.05560	0.01638	0.02320	0.01456	0.01406	0.04224	0.11371	0.51960	0.03352	0.02948	0.02175	0.01081	0.00876	0.00274	0.00765	0.00880	0.01011	0.01458
24	0.02497	0.02193	0.02988	0.14592	0.19141	0.04910	0.06859	0.22524	0.08990	0.03682	0.01975	0.02273	0.01496	0.00929	0.00881	0.00271	0.01054	0.00813	0.00622	0.01310
25	0.01921	0.01785	0.02857	0.24738	0.32444	0.01942	0.02287	0.02693	0.09443	0.02798	0.06725	0.02693	0.02010	0.00938	0.00882	0.00275	0.00985	0.00866	0.00516	0.01203
26	0.03645	0.01509	0.02003	0.01538	0.02201	0.01322	0.01265	0.06671	0.02528	0.55415	0.05765	0.03005	0.02328	0.01081	0.00869	0.00261	0.00733	0.00880	0.01030	0.05952
27	0.08827	0.00898	0.00859	0.00846	0.01082	0.00924	0.00642	0.02084	0.01796	0.03317	0.02687	0.03073	0.02110	0.00996	0.00603	0.00210	0.00433	0.00780	0.67009	0.00826
28	0.01809	0.01550	0.01809	0.01292	0.02067	0.01163	0.01034	0.02196	0.01809	0.02842	0.01550	0.01809	0.01292	0.00646	0.00646	0.00129	0.00646	0.00517	0.00517	0.74677
29	0.03884	0.01532	0.02054	0.01575	0.02251	0.01353	0.01301	0.07087	0.02577	0.61558	0.03374	0.02925	0.02125	0.01078	0.00877	0.00269	0.00753	0.00873	0.01069	0.01484
30	0.01257	0.00841	0.00955	0.00967	0.00969	0.00838	0.00545	0.01265	0.01292	0.01722	0.02867	0.09350	0.03321	0.65498	0.04248	0.00817	0.00826	0.01338	0.00545	0.00539
31	0.01083	0.00768	0.01006	0.01189	0.01235	0.00722	0.00782	0.01220	0.01631	0.02175	0.04607	0.62628	0.05516	0.09225	0.01438	0.00402	0.00539	0.02362	0.00782	0.00691
32	0.01697	0.01389	0.01653	0.07844	0.02184	0.01518	0.01221	0.05081	0.25827	0.03356	0.24443	0.09661	0.07482	0.01526	0.00959	0.00291	0.00624	0.01321	0.00854	0.01068
33	0.01268	0.00846	0.00951	0.00951	0.00951	0.00846	0.00529	0.01268	0.01268	0.01691	0.02748	0.05708	0.03171	0.69345	0.04440	0.00846	0.00846	0.01268	0.00529	0.00529
34	0.02086	0.18794	0.14832	0.01782	0.02432	0.10409	0.01707	0.03038	0.17052	0.02640	0.02800	0.03212	0.07319	0.04294	0.00978	0.00287	0.00971	0.03662	0.00578	0.01127
35	0.03267	0.03905	0.02493	0.02212	0.02698	0.56539	0.01681	0.11958	0.02712	0.02630	0.01458	0.01650	0.01177	0.00921	0.00799	0.00230	0.01483	0.00595	0.00512	0.01081
36	0.02947	0.01354	0.01769	0.01444	0.01963	0.01244	0.01159	0.03536	0.08946	0.40214	0.20886	0.04030	0.03977	0.01295	0.00922	0.00274	0.00641	0.01092	0.01024	0.01281
37	0.03914	0.01484	0.02024	0.01552	0.02227	0.01282	0.01282	0.04251	0.02497	0.64507	0.03441	0.02969	0.02159	0.01080	0.00877	0.00270	0.00742	0.00877	0.01080	0.01484
38	0.01451	0.01071	0.01464	0.01405	0.01594	0.01217	0.01076	0.07315	0.01648	0.02322	0.02364	0.03580	0.02236	0.13800	0.51925	0.01222	0.02017	0.00961	0.00514	0.00816
39	0.01196	0.00927	0.01291	0.01313	0.01496	0.00834	0.03614	0.01426	0.01791	0.02440	0.10161	0.50936	0.07569	0.02327	0.01053	0.00320	0.00553	0.02112	0.00779	0.07863
40	0.03663	0.01861	0.05776	0.01702	0.02417	0.01625	0.01473	0.16126	0.02797	0.48504	0.03049	0.02719	0.01956	0.01058	0.00873	0.00269	0.00820	0.00844	0.00995	0.01473
41	0.37191	0.37389	0.03004	0.01328	0.01976	0.02739	0.01232	0.02589	0.01635	0.02939	0.01214	0.01408	0.01036	0.00776	0.00550	0.00226	0.00810	0.00469	0.00453	0.01036
42	0.01552	0.00988	0.01332	0.01318	0.01567	0.00930	0.01069	0.01953	0.02312	0.09057	0.37246	0.07329	0.06532	0.01933	0.01075	0.00318	0.00579	0.21114	0.00917	0.00880
43	0.02170	0.01874	0.01972	0.01775	0.02268	0.02170	0.01381	0.04635	0.62327	0.03649	0.03550	0.03254	0.02663	0.01183	0.00888	0.00296	0.00690	0.00986	0.00888	0.01381
44	0.01173	0.00889	0.01081	0.01033	0.01266	0.00797	0.00775	0.01528	0.02325	0.03155	0.47036	0.07080	0.24852	0.01911	0.01029	0.00280	0.00421	0.01657	0.00915	0.00797
45	0.01709	0.04226	0.59802	0.02377	0.03580	0.01931	0.03033	0.02674	0.01891	0.02820	0.06448	0.02210	0.01667	0.00904	0.00845	0.00276	0.01220	0.00718	0.00415	0.01252
46	0.01063	0.00759	0.01012	0.01215	0.01265	0.00709	0.00810	0.01215	0.01670	0.02227	0.04808	0.68775	0.05769	0.02733	0.01113	0.00354	0.00506	0.02480	0.00810	0.00709
47	0.01928	0.01621	0.01873	0.01348	0.02118	0.01284	0.01083	0.06836	0.01990	0.03052	0.01593	0.01831	0.01307	0.00678	0.00664	0.00140	0.00671	0.00538	0.00545	0.68902
48	0.01626	0.00813	0.00813	0.00813	0.01016	0.00813	0.00610	0.02033	0.01829	0.03252	0.02846	0.03252	0.02236	0.01016	0.00610	0.00203	0.00407	0.00813	0.74187	0.00813
49	0.01805	0.01680	0.02341	0.08393	0.02481	0.02218	0.01731	0.05562	0.01603	0.02339	0.01890	0.12986	0.01966	0.01828	0.04727	0.00401	0.43568	0.01054	0.00486	0.00941
50	0.01626	0.00813	0.00813	0.00813	0.01016	0.00813	0.00610	0.02033	0.01829	0.03252	0.02846	0.03252	0.02236	0.01016	0.00610	0.00203	0.00407	0.00813	0.74187	0.00813
51	0.02159	0.02073	0.03541	0.05354	0.63903	0.02073	0.02677	0.02677	0.01986	0.02850	0.01641	0.02159	0.01382	0.00777	0.00864	0.00259	0.01036	0.00777	0.00432	0.01382
52	0.01956	0.01637	0.01888	0.01362	0.02129	0.01313	0.01094	0.07927	0.02032	0.03101	0.01603	0.01837	0.01311	0.00685	0.00668	0.00142	0.00677	0.00543	0.00551	0.67543
53	0.01925	0.03177	0.33068	0.02779	0.07041	0.01908	0.19387	0.02720	0.01991	0.05727	0.06597	0.02427	0.01804	0.00877	0.00898	0.00273	0.01200	0.00841	0.00480	0.04879
54	0.06382	0.06373	0.32873	0.06007	0.07249	0.02078	0.17874	0.02668	0.01906	0.02821	0.04461	0.02189	0.01503	0.00843	0.00864	0.00276	0.01221	0.00784	0.00430	0.01198
55	0.02228	0.01149	0.01495	0.01279	0.01672	0.01044	0.01004	0.02695	0.05157	0.25359	0.36099	0.05200	0.08919	0.01527	0.00968	0.00275	0.00545	0.01314	0.00991	0.01081
56	0.01893	0.01907	0.03589	0.02883	0.06428	0.01962	0.31305	0.05911	0.01960	0.02708	0.02203	0.12263	0.02058	0.01728	0.07596	0.00419	0.10431	0.01172	0.00516	0.01067
57	0.03314	0.02514	0.02612	0.02017	0.02705	0.05306	0.01659	0.58626	0.04034	0.05359	0.02064	0.02073	0.01469	0.01041	0.00869	0.00260	0.00985	0.00776	0.00855	0.01464
58	0.01235	0.00892	0.01166	0.01097	0.01303	0.00823	0.00823	0.01646	0.02469	0.03498	0.63443	0.06516	0.08230	0.01783	0.01029	0.00274	0.00412	0.01578	0.00960	0.00823
59	0.01235	0.00892	0.01166	0.01097	0.01303	0.00823	0.00823	0.01646	0.02469	0.03498	0.63443	0.06516	0.08230	0.01783	0.01029	0.00274	0.00412	0.01578	0.00960	0.00823
60	0.01515	0.00758	0.01136	0.01136	0.01136	0.00758	0.00758	0.01136	0.01136	0.01515	0.01515	0.02652	0.01515	0.03030	0.03409	0.74621	0.00758	0.00758	0.00379	0.00379
61	0.01322	0.00983	0.01289	0.01251	0.01310	0.01116	0.00874	0.01458	0.01325	0.01857	0.02437	0.04480	0.02601	0.39110	0.27401	0.01010	0.07927	0.01094	0.00491	0.00664
62	0.01327	0.00950	0.01257	0.01236	0.01346	0.01045	0.00877	0.03489	0.01440	0.02006	0.02499	0.04327	0.02567	0.32396	0.38162	0.01132	0.01671	0.01068	0.00507	0.00699
63	0.01931	0.02055	0.04134	0.25188	0.11070	0.02102	0.35265	0.02592	0.01946	0.02610	0.01680	0.02324	0.01275	0.00785	0.00960	0.00289	0.01323	0.00918	0.00422	0.01128
64	0.02110	0.02010	0.03362	0.11185	0.54783	0.02065	0.02579	0.02744	0.05367	0.02834	0.01740	0.02237	0.01433	0.00809	0.00866	0.00264	0.01029	0.00789	0.00453	0.01341
65	0.01819	0.02023	0.07737	0.08563	0.02987	0.02250	0.09988	0.02209	0.01544	0.02288	0.01444	0.02154	0.01281	0.01769	0.08589	0.00444	0.37052	0.00797	0.00405	0.04656

[dist]
# distance from previous block
# <min> <max>
1	3

[block]
# block no. 1 follows, 20 sequences, length 85
# corresponding to MSA columns:
# 130-214
name=unknown_B
#
# <colnr> <probs for GDERKNQSTAVLIFYWHMCP>
#	G	D	E	R	K	N	Q	S	T	A	V	L	I	F	Y	W	H	M	C	P
0	0.07720	0.02050	0.02195	0.01782	0.02334	0.02262	0.01445	0.41782	0.06734	0.04598	0.02421	0.03224	0.02025	0.08774	0.01279	0.00342	0.00898	0.06056	0.00806	0.01273
1	0.01822	0.05266	0.29711	0.05359	0.12210	0.01974	0.05052	0.02699	0.07694	0.02736	0.02190	0.06331	0.01914	0.01135	0.01006	0.00295	0.04884	0.06033	0.00496	0.01194
2	0.02277	0.32230	0.24017	0.02111	0.02996	0.13418	0.06587	0.02822	0.01935	0.02355	0.01393	0.01646	0.01131	0.00798	0.00722	0.00231	0.01198	0.00584	0.00390	0.01161
3	0.02324	0.01845	0.01975	0.01736	0.02248	0.02084	0.01362	0.08966	0.50715	0.07842	0.03681	0.03390	0.05466	0.01215	0.00893	0.00291	0.00703	0.01004	0.00896	0.01365
4	0.01990	0.01743	0.02863	0.38549	0.15999	0.01967	0.06691	0.02782	0.09165	0.06762	0.01952	0.02452	0.01464	0.00896	0.00885	0.00284	0.01077	0.00827	0.00507	0.01146
5	0.02851	0.01249	0.01684	0.01372	0.01860	0.01100	0.01100	0.03217	0.02486	0.40301	0.27248	0.04376	0.04568	0.01359	0.00937	0.00272	0.00611	0.01155	0.01032	0.01222
6	0.01060	0.00769	0.01002	0.01188	0.01258	0.00711	0.00798	0.01218	0.01696	0.02237	0.05131	0.63934	0.10402	0.02691	0.01107	0.00349	0.00501	0.02429	0.00810	0.00711
7	0.02452	0.02014	0.02132	0.01832	0.02376	0.02302	0.01449	0.18541	0.47961	0.04105	0.03191	0.02968	0.02372	0.01150	0.00884	0.00287	0.00757	0.00937	0.00884	0.01406
8	0.02332	0.69869	0.04571	0.01493	0.02239	0.03451	0.01493	0.02612	0.01772	0.02052	0.01213	0.01399	0.01119	0.00746	0.00560	0.00187	0.00933	0.00466	0.00373	0.01119
9	0.01599	0.06508	0.01944	0.01560	0.01630	0.01784	0.01195	0.01723	0.01345	0.01909	0.01964	0.03682	0.02130	0.31848	0.08988	0.00662	0.27333	0.00979	0.00453	0.00763
10	0.02395	0.02738	0.10551	0.02378	0.02811	0.14479	0.07665	0.08728	0.02023	0.05374	0.01496	0.01946	0.01233	0.01175	0.01744	0.00313	0.30620	0.00743	0.00481	0.01107
11	0.75506	0.01687	0.01282	0.01147	0.01687	0.01957	0.00945	0.02564	0.01484	0.03914	0.01215	0.01417	0.00945	0.00810	0.00540	0.00270	0.00675	0.00472	0.00540	0.00945
12	0.02463	0.02659	0.02042	0.01874	0.02293	0.28392	0.01419	0.03658	0.28070	0.02900	0.07534	0.07788	0.02706	0.01231	0.00874	0.00269	0.01021	0.00971	0.00706	0.01132
13	0.02684	0.01965	0.02869	0.09201	0.29197	0.02053	0.02087	0.14461	0.05106	0.15728	0.02149	0.02363	0.01586	0.00946	0.00948	0.00271	0.03548	0.00807	0.00663	0.01369
14	0.01124	0.00828	0.01052	0.01121	0.01267	0.00757	0.00793	0.01386	0.02024	0.02733	0.27891	0.35948	0.15279	0.02291	0.01069	0.00315	0.00460	0.02039	0.00867	0.00757
15	0.01200	0.00892	0.01125	0.01168	0.01332	0.00845	0.00836	0.01606	0.05508	0.02887	0.31304	0.32335	0.11327	0.02178	0.01056	0.00310	0.00469	0.01940	0.00882	0.00800
16	0.02275	0.63443	0.10496	0.01590	0.02390	0.03311	0.01663	0.02627	0.01779	0.02122	0.01247	0.01443	0.01118	0.00754	0.00586	0.00195	0.00968	0.00484	0.00373	0.01136
17	0.02594	0.01970	0.02157	0.01737	0.02369	0.02078	0.01394	0.22857	0.26325	0.08203	0.02642	0.02548	0.01951	0.01019	0.00832	0.00248	0.00774	0.00814	0.00818	0.16668
18	0.08877	0.02338	0.02421	0.01888	0.02557	0.05875	0.01550	0.45052	0.03577	0.13908	0.02186	0.02144	0.01523	0.01026	0.00843	0.00262	0.00939	0.00763	0.00855	0.01417
19	0.02117	0.02260	0.10231	0.14031	0.23057	0.02076	0.16554	0.02706	0.01925	0.07331	0.01737	0.02235	0.01338	0.00883	0.01096	0.00287	0.07619	0.00830	0.00464	0.01222
20	0.01178	0.00880	0.01094	0.01060	0.01273	0.00796	0.00788	0.01529	0.02305	0.03156	0.47266	0.11642	0.19926	0.01947	0.01036	0.00285	0.00425	0.01703	0.00917	0.00796
21	0.25285	0.01775	0.05309	0.05836	0.02333	0.01579	0.01260	0.02619	0.05044	0.07341	0.01681	0.01879	0.01296	0.00782	0.00667	0.00212	0.00736	0.00577	0.00565	0.33225
22	0.01848	0.01798	0.02682	0.22290	0.03533	0.02309	0.04842	0.02349	0.05638	0.02317	0.01484	0.02144	0.01269	0.01217	0.01909	0.00330	0.35926	0.00782	0.00428	0.04906
23	0.18388	0.08527	0.06129	0.02073	0.07414	0.02525	0.01662	0.35252	0.03034	0.04478	0.01760	0.01878	0.01306	0.00935	0.00770	0.00257	0.00922	0.00681	0.00692	0.01316
24	0.24934	0.02067	0.06179	0.01635	0.02249	0.02079	0.01409	0.24225	0.07491	0.08890	0.05631	0.05415	0.02025	0.01094	0.00790	0.00274	0.00805	0.00828	0.00756	0.01224
25	0.07297	0.55280	0.09961	0.01607	0.02374	0.06768	0.01631	0.02673	0.01799	0.02251	0.01254	0.01452	0.01106	0.00767	0.00597	0.00203	0.00986	0.00489	0.00388	0.01118
26	0.01061	0.00768	0.01003	0.01192	0.01259	0.00710	0.00800	0.01217	0.01692	0.02235	0.05080	0.64700	0.09669	0.02697	0.01108	0.00350	0.00502	0.02437	0.00810	0.00710
27	0.01838	0.01902	0.07089	0.44624	0.05066	0.02025	0.09310	0.06743	0.01924	0.02547	0.01597	0.02271	0.01215	0.00980	0.01081	0.03120	0.04411	0.00796	0.00429	0.01031
28	0.11895	0.02688	0.05981	0.01961	0.02643	0.10606	0.01665	0.43343	0.03451	0.04724	0.01864	0.01932	0.01351	0.00987	0.00819	0.00259	0.01022	0.00711	0.00750	0.01348
29	0.01647	0.01550	0.02616	0.67248	0.06008	0.01938	0.02422	0.02229	0.01744	0.02229	0.01550	0.02326	0.01163	0.00872	0.00872	0.00291	0.01163	0.00775	0.00388	0.00969
30	0.01249	0.00842	0.00973	0.00984	0.01003	0.00833	0.00573	0.01293	0.01392	0.01871	0.07518	0.10827	0.03763	0.58878	0.03914	0.00763	0.00786	0.01389	0.00584	0.00565
31	0.03198	0.02385	0.02551	0.01983	0.02660	0.02650	0.01629	0.55190	0.10098	0.05307	0.02244	0.02214	0.01605	0.01061	0.00874	0.00265	0.00932	0.00806	0.00874	0.01473
32	0.01031	0.00884	0.00884	0.00884	0.01178	0.00736	0.00663	0.01252	0.01988	0.02356	0.08837	0.08395	0.63549	0.02209	0.01031	0.00295	0.00442	0.01841	0.00810	0.00736
33	0.01647	0.01550	0.02616	0.67248	0.06008	0.01938	0.02422	0.02229	0.01744	0.02229	0.01550	0.02326	0.01163	0.00872	0.00872	0.00291	0.01163	0.00775	0.00388	0.00969
34	0.01063	0.00759	0.01012	0.01215	0.01265	0.00709	0.00810	0.01215	0.01670	0.02227	0.04808	0.68775	0.05769	0.02733	0.01113	0.00354	0.00506	0.02480	0.00810	0.00709
35	0.01268	0.00846	0.00951	0.00951	0.00951	0.00846	0.00529	0.01268	0.01268	0.01691	0.02748	0.05708	0.03171	0.69345	0.04440	0.00846	0.00846	0.01268	0.00529	0.00529
36	0.03243	0.02404	0.02618	0.04848	0.02849	0.02672	0.01691	0.58436	0.03999	0.05355	0.02071	0.02104	0.01469	0.01039	0.00873	0.00263	0.00969	0.00785	0.00851	0.01461
37	0.01063	0.00759	0.01012	0.01215	0.01265	0.00709	0.00810	0.01215	0.01670	0.02227	0.04808	0.68775	0.05769	0.02733	0.01113	0.00354	0.00506	0.02480	0.00810	0.00709
38	0.01130	0.00869	0.01120	0.01248	0.01343	0.00859	0.00885	0.01307	0.01717	0.02257	0.05242	0.51315	0.15331	0.02547	0.01222	0.00348	0.05073	0.04673	0.00780	0.00734
39	0.01073	0.00885	0.00942	0.00928	0.01204	0.00754	0.00696	0.01334	0.02088	0.02594	0.20205	0.08004	0.52033	0.02120	0.01030	0.00290	0.00436	0.01786	0.00841	0.00754
40	0.01267	0.00852	0.00982	0.00982	0.00993	0.00862	0.00567	0.01288	0.01278	0.01714	0.02720	0.05553	0.03104	0.65081	0.08612	0.00883	0.00947	0.01246	0.00524	0.00546
41	0.01647	0.01550	0.02616	0.67248	0.06008	0.01938	0.02422	0.02229	0.01744	0.02229	0.01550	0.02326	0.01163	0.00872	0.00872	0.00291	0.01163	0.00775	0.00388	0.00969
42	0.08791	0.01508	0.01828	0.01481	0.02019	0.01472	0.01197	0.11607	0.05895	0.32333	0.18363	0.03638	0.03539	0.01238	0.00889	0.00271	0.00681	0.01016	0.00966	0.01267
43	0.28730	0.02018	0.03220	0.06812	0.03353	0.02086	0.27508	0.07167	0.02009	0.06724	0.01668	0.02027	0.01234	0.00814	0.00822	0.00281	0.01084	0.00784	0.00541	0.01119
44	0.01784	0.02148	0.15056	0.01848	0.05162	0.01444	0.04947	0.04826	0.02061	0.03062	0.13206	0.02758	0.02569	0.00926	0.00797	0.00208	0.00813	0.00795	0.00577	0.35013
45	0.13372	0.16506	0.08282	0.01592	0.02296	0.02006	0.01470	0.08087	0.02236	0.29370	0.02419	0.04935	0.01759	0.01012	0.00766	0.00255	0.00832	0.00768	0.00758	0.01280
46	0.02300	0.64714	0.04427	0.01553	0.02243	0.03392	0.01524	0.02573	0.01739	0.02056	0.01208	0.01438	0.01121	0.00805	0.00734	0.00201	0.06001	0.00489	0.00374	0.01107
47	0.03321	0.02347	0.02547	0.01963	0.02651	0.02573	0.01618	0.54445	0.06101	0.10100	0.02254	0.02206	0.01580	0.01055	0.00874	0.00264	0.00933	0.00800	0.00890	0.01480
48	0.75506	0.01687	0.01282	0.01147	0.01687	0.01957	0.00945	0.02564	0.01484	0.03914	0.01215	0.01417	0.00945	0.00810	0.00540	0.00270	0.00675	0.00472	0.00540	0.00945
49	0.01401	0.01241	0.01649	0.01540	0.01660	0.01489	0.01213	0.01628	0.01651	0.02283	0.08745	0.15291	0.17883	0.02659	0.11309	0.00498	0.25015	0.01404	0.00617	0.00823
50	0.01246	0.00935	0.01402	0.01402	0.01558	0.01090	0.01090	0.01558	0.01402	0.02025	0.02336	0.03427	0.02181	0.06542	0.65888	0.01402	0.02336	0.00935	0.00467	0.00779
51	0.01134	0.00933	0.01005	0.01014	0.01277	0.00838	0.00749	0.01516	0.06064	0.02544	0.13572	0.16590	0.45329	0.02171	0.01033	0.00301	0.00465	0.01848	0.00831	0.00785
52	0.01626	0.00813	0.00813	0.00813	0.01016	0.00813	0.00610	0.02033	0.01829	0.03252	0.02846	0.03252	0.02236	0.01016	0.00610	0.00203	0.00407	0.00813	0.74187	0.00813
53	0.71680	0.01727	0.01353	0.01193	0.01741	0.01996	0.00982	0.05661	0.01623	0.03998	0.01261	0.01453	0.00973	0.00822	0.00557	0.00269	0.00690	0.00489	0.00557	0.00973
54	0.02810	0.02192	0.02333	0.01905	0.02512	0.02469	0.01536	0.36141	0.29778	0.04682	0.02736	0.02606	0.02003	0.01107	0.00879	0.00277	0.00841	0.00874	0.00879	0.01438
55	0.03097	0.04594	0.06986	0.01959	0.07272	0.01674	0.01559	0.06127	0.12578	0.36779	0.05920	0.02940	0.02326	0.01073	0.00869	0.00270	0.00799	0.00884	0.00899	0.01397
56	0.07513	0.02252	0.02577	0.12877	0.06408	0.08099	0.01852	0.25180	0.02623	0.03607	0.01630	0.01999	0.01277	0.01089	0.01314	0.00292	0.16893	0.00737	0.00593	0.01190
57	0.41160	0.01963	0.02170	0.12534	0.14557	0.07108	0.03845	0.02616	0.01723	0.03258	0.01381	0.01751	0.01092	0.00818	0.00693	0.00268	0.00924	0.00607	0.00484	0.01047
58	0.02100	0.39545	0.18972	0.07300	0.03224	0.02819	0.10003	0.02642	0.01826	0.02337	0.01399	0.01709	0.01147	0.00775	0.00713	0.00231	0.01110	0.00610	0.00382	0.01156
59	0.01266	0.00857	0.01006	0.01006	0.01026	0.00876	0.00597	0.01304	0.01285	0.01732	0.02698	0.05429	0.03050	0.61663	0.11956	0.00914	0.01028	0.01228	0.00521	0.00559
60	0.01268	0.00846	0.00951	0.00951	0.00951	0.00846	0.00529	0.01268	0.01268	0.01691	0.02748	0.05708	0.03171	0.69345	0.04440	0.00846	0.00846	0.01268	0.00529	0.00529
61	0.01248	0.00927	0.01362	0.01362	0.01503	0.01068	0.01040	0.01532	0.01390	0.01995	0.02373	0.03631	0.02269	0.12168	0.60383	0.01352	0.02203	0.00964	0.00473	0.00756
62	0.52459	0.01622	0.01521	0.01277	0.01861	0.01740	0.01053	0.03107	0.01810	0.23420	0.01931	0.01917	0.01336	0.00897	0.00648	0.00270	0.00696	0.00603	0.00714	0.01118
63	0.01283	0.00979	0.01434	0.01414	0.01549	0.01155	0.01090	0.01564	0.01388	0.02003	0.02305	0.03523	0.02203	0.11147	0.57782	0.01305	0.05688	0.00951	0.00468	0.00769
64	0.02114	0.56008	0.03934	0.01474	0.02102	0.02977	0.01412	0.02400	0.01698	0.02047	0.01439	0.01807	0.01333	0.01912	0.13696	0.00431	0.01215	0.00561	0.00392	0.01051
65	0.01144	0.00822	0.01085	0.01159	0.01283	0.00763	0.00816	0.01418	0.02047	0.02827	0.32498	0.39374	0.06932	0.02284	0.01073	0.00317	0.00461	0.02054	0.00881	0.00763
66	0.02332	0.69869	0.04571	0.01493	0.02239	0.03451	0.01493	0.02612	0.01772	0.02052	0.01213	0.01399	0.01119	0.00746	0.00560	0.00187	0.00933	0.00466	0.00373	0.01119
67	0.01105	0.00887	0.00986	0.00961	0.01223	0.00768	0.00721	0.01395	0.02162	0.02770	0.28625	0.07714	0.43503	0.02055	0.01030	0.00287	0.00431	0.01745	0.00864	0.00768
68	0.02059	0.02353	0.05147	0.03676	0.04559	0.02206	0.60735	0.02794	0.02059	0.02794	0.01765	0.02353	0.01324	0.00735	0.01029	0.00294	0.01471	0.01029	0.00441	0.01176
69	0.01726	0.03662	0.47522	0.02648	0.11126	0.01853	0.02797	0.02586	0.01953	0.02883	0.10748	0.02575	0.02197	0.00964	0.00863	0.00274	0.01127	0.00800	0.00464	0.01232
70	0.02682	0.01251	0.01643	0.01335	0.01836	0.01083	0.01069	0.03037	0.02400	0.35803	0.22958	0.04461	0.08967	0.01366	0.00922	0.00264	0.00606	0.01154	0.00982	0.06182
71	0.06828	0.01695	0.02906	0.31333	0.07242	0.01857	0.15114	0.02420	0.01828	0.05003	0.01851	0.04845	0.01485	0.00937	0.00941	0.00282	0.03515	0.00874	0.05469	0.03574
72	0.01928	0.05953	0.09220	0.13771	0.10450	0.02040	0.11819	0.03032	0.18662	0.02848	0.04661	0.02862	0.02039	0.05598	0.01128	0.00319	0.01017	0.00911	0.00570	0.01171
73	0.01164	0.00878	0.01127	0.03705	0.01455	0.00818	0.00853	0.01473	0.02123	0.02873	0.34125	0.24557	0.17428	0.02098	0.01047	0.00302	0.00474	0.01853	0.00867	0.00780
74	0.02685	0.02028	0.02231	0.01837	0.02358	0.02253	0.01470	0.40169	0.10769	0.04505	0.02759	0.15044	0.02440	0.01407	0.00999	0.00289	0.03477	0.01135	0.00843	0.01301
75	0.01223	0.00837	0.00954	0.00980	0.01010	0.00819	0.00575	0.01260	0.01377	0.01812	0.03491	0.14039	0.08237	0.55508	0.03744	0.00739	0.00770	0.01469	0.00587	0.00568
76	0.02436	0.01900	0.02079	0.01702	0.02301	0.02003	0.01355	0.20192	0.27274	0.06255	0.02755	0.05752	0.02157	0.01099	0.00842	0.00252	0.00752	0.00895	0.00807	0.17194
77	0.01940	0.06776	0.02414	0.01711	0.02257	0.03976	0.10406	0.05261	0.01799	0.02503	0.01570	0.02117	0.01353	0.01399	0.01528	0.22020	0.00883	0.00680	0.00470	0.28938
78	0.08166	0.02437	0.06722	0.28697	0.06519	0.14391	0.02081	0.11046	0.02193	0.02871	0.01541	0.02007	0.01188	0.00935	0.00961	0.00276	0.05697	0.00702	0.00482	0.01087
79	0.02095	0.01557	0.01873	0.05345	0.05138	0.01531	0.01329	0.13460	0.02431	0.03310	0.06560	0.37067	0.04465	0.07247	0.01443	0.00434	0.00837	0.01846	0.00893	0.01139
80	0.02307	0.14013	0.07232	0.01838	0.05001	0.02097	0.01550	0.10376	0.17981	0.08942	0.08116	0.03247	0.02598	0.01136	0.00839	0.00261	0.00811	0.04719	0.00729	0.06206
81	0.07153	0.02202	0.11461	0.05915	0.10320	0.01794	0.12250	0.08091	0.02155	0.09604	0.02414	0.02630	0.06354	0.00935	0.00847	0.00253	0.00981	0.00837	0.00583	0.13221
82	0.05711	0.02416	0.18254	0.14798	0.05654	0.04347	0.08404	0.06988	0.02023	0.02805	0.02667	0.13090	0.06649	0.01251	0.00907	0.00291	0.01039	0.01097	0.00539	0.01071
83	0.02433	0.04918	0.02337	0.13007	0.05780	0.14093	0.01628	0.13607	0.12282	0.05562	0.08261	0.02718	0.02245	0.01196	0.01033	0.05282	0.00991	0.00843	0.00656	0.01129
84	0.04891	0.01585	0.05026	0.08532	0.02731	0.01477	0.11515	0.05076	0.04490	0.12677	0.08349	0.13727	0.03174	0.01415	0.00950	0.00298	0.00856	0.06456	0.05717	0.01059

[dist]
# distance from previous block
# <min> <max>
0	9

[block]
# block no. 2 follows, 20 sequences, length 69
# corresponding to MSA columns:
# 224-292
name=unknown_C
#
# <colnr> <probs for GDERKNQSTAVLIFYWHMCP>
#	G	D	E	R	K	N	Q	S	T	A	V	L	I	F	Y	W	H	M	C	P
0	0.11782	0.01755	0.05551	0.02150	0.11246	0.01664	0.04377	0.08156	0.05460	0.07593	0.08379	0.10163	0.08952	0.01324	0.00969	0.00281	0.03812	0.01108	0.00685	0.04595
1	0.15675	0.02053	0.05352	0.04971	0.05307	0.02085	0.01551	0.22027	0.12190	0.13552	0.02585	0.02557	0.04220	0.01048	0.00821	0.00273	0.00841	0.00812	0.00777	0.01302
2	0.06891	0.08342	0.10977	0.02004	0.02702	0.09110	0.04906	0.25482	0.02808	0.08094	0.02278	0.02369	0.05227	0.01042	0.00916	0.00263	0.03880	0.00783	0.00666	0.01260
3	0.11015	0.09248	0.02469	0.02019	0.08852	0.01926	0.05059	0.09898	0.09034	0.10755	0.05742	0.05691	0.05517	0.01095	0.00815	0.00255	0.00799	0.00909	0.00695	0.08205
4	0.02688	0.02401	0.02901	0.05060	0.07739	0.12575	0.11435	0.15852	0.10572	0.09167	0.02101	0.02278	0.01570	0.00970	0.00984	0.00267	0.04771	0.00808	0.00654	0.05210
5	0.07370	0.01918	0.08393	0.01791	0.05658	0.01593	0.01472	0.07344	0.05123	0.10183	0.02099	0.05917	0.01727	0.01223	0.03822	0.00280	0.04140	0.00771	0.00619	0.28555
6	0.01374	0.01100	0.01458	0.01554	0.05408	0.01036	0.01048	0.01602	0.01685	0.02369	0.03521	0.38988	0.04020	0.06823	0.01346	0.00338	0.04779	0.04064	0.00676	0.16812
7	0.01255	0.00901	0.01229	0.01229	0.01325	0.00997	0.00875	0.01447	0.01351	0.01897	0.02494	0.04301	0.02560	0.30598	0.42350	0.01189	0.01765	0.01062	0.00491	0.00683
8	0.01873	0.01991	0.03942	0.22194	0.07949	0.02049	0.34088	0.02495	0.01926	0.02573	0.02106	0.02689	0.05133	0.00904	0.01055	0.00295	0.04221	0.00979	0.00445	0.01090
9	0.01256	0.00933	0.01175	0.01118	0.01338	0.00877	0.00836	0.01740	0.05334	0.03352	0.53260	0.09266	0.12559	0.01832	0.01026	0.00281	0.00432	0.01611	0.00937	0.00838
10	0.01268	0.00846	0.00951	0.00951	0.00951	0.00846	0.00529	0.01268	0.01268	0.01691	0.02748	0.05708	0.03171	0.69345	0.04440	0.00846	0.00846	0.01268	0.00529	0.00529
11	0.02337	0.01978	0.01989	0.01765	0.02266	0.06035	0.01376	0.06974	0.50068	0.06951	0.03567	0.03301	0.05084	0.01198	0.00886	0.00288	0.00750	0.00981	0.00867	0.01341
12	0.08194	0.02333	0.02487	0.10068	0.03003	0.06993	0.01697	0.40298	0.03315	0.07396	0.01935	0.02072	0.01398	0.01019	0.00926	0.00269	0.03774	0.00749	0.00748	0.01326
13	0.01297	0.00933	0.01189	0.01168	0.01217	0.01024	0.00783	0.01406	0.01314	0.01819	0.02529	0.04776	0.02746	0.45720	0.23796	0.00996	0.05018	0.01135	0.00501	0.00631
14	0.06438	0.01567	0.02714	0.17781	0.03397	0.01655	0.17787	0.06217	0.01770	0.02473	0.01615	0.02374	0.01340	0.01599	0.01783	0.26311	0.01061	0.00821	0.00443	0.00855
15	0.01896	0.01826	0.06408	0.05531	0.02478	0.01403	0.01326	0.05683	0.04520	0.02984	0.01668	0.01921	0.01340	0.00719	0.00696	0.00164	0.00744	0.00577	0.00534	0.57581
16	0.01515	0.00758	0.01136	0.01136	0.01136	0.00758	0.00758	0.01136	0.01136	0.01515	0.01515	0.02652	0.01515	0.03030	0.03409	0.74621	0.00758	0.00758	0.00379	0.00379
17	0.03234	0.02403	0.02572	0.01990	0.02674	0.02667	0.01638	0.56973	0.08256	0.05365	0.02198	0.02177	0.01568	0.01057	0.00874	0.00264	0.00941	0.00800	0.00874	0.01476
18	0.01490	0.01098	0.01636	0.04678	0.05656	0.01045	0.04345	0.01906	0.02311	0.06618	0.44608	0.11273	0.06528	0.01667	0.01010	0.00282	0.00571	0.01503	0.00864	0.00910
19	0.01626	0.00813	0.00813	0.00813	0.01016	0.00813	0.00610	0.02033	0.01829	0.03252	0.02846	0.03252	0.02236	0.01016	0.00610	0.00203	0.00407	0.00813	0.74187	0.00813
20	0.02332	0.69869	0.04571	0.01493	0.02239	0.03451	0.01493	0.02612	0.01772	0.02052	0.01213	0.01399	0.01119	0.00746	0.00560	0.00187	0.00933	0.00466	0.00373	0.01119
21	0.01647	0.01550	0.02616	0.67248	0.06008	0.01938	0.02422	0.02229	0.01744	0.02229	0.01550	0.02326	0.01163	0.00872	0.00872	0.00291	0.01163	0.00775	0.00388	0.00969
22	0.01626	0.00813	0.00813	0.00813	0.01016	0.00813	0.00610	0.02033	0.01829	0.03252	0.02846	0.03252	0.02236	0.01016	0.00610	0.00203	0.00407	0.00813	0.74187	0.00813
23	0.59782	0.12693	0.05321	0.01276	0.01890	0.02198	0.01158	0.02583	0.01550	0.03554	0.01234	0.01438	0.00981	0.00801	0.00559	0.00257	0.00750	0.00481	0.00504	0.00992
24	0.01374	0.00956	0.01273	0.04381	0.01594	0.00903	0.00942	0.01780	0.02387	0.06120	0.51942	0.06406	0.10420	0.01759	0.01023	0.00282	0.00484	0.04197	0.00922	0.00855
25	0.01806	0.01811	0.05863	0.17750	0.06510	0.01536	0.06794	0.02312	0.01826	0.02685	0.01575	0.02001	0.01258	0.00725	0.00756	0.00198	0.00899	0.00645	0.00466	0.42584
26	0.75506	0.01687	0.01282	0.01147	0.01687	0.01957	0.00945	0.02564	0.01484	0.03914	0.01215	0.01417	0.00945	0.00810	0.00540	0.00270	0.00675	0.00472	0.00540	0.00945
27	0.01750	0.04512	0.64825	0.02486	0.03775	0.02026	0.03223	0.02762	0.01842	0.02762	0.01565	0.01842	0.01105	0.00829	0.00829	0.00276	0.01289	0.00645	0.00368	0.01289
28	0.01975	0.02211	0.04755	0.06933	0.04432	0.02099	0.53890	0.02666	0.02018	0.02729	0.01942	0.06473	0.01591	0.00867	0.01026	0.00298	0.01394	0.01106	0.00461	0.01136
29	0.01585	0.01250	0.01480	0.01403	0.01708	0.01319	0.01096	0.02714	0.23363	0.03432	0.34611	0.05818	0.05852	0.01657	0.01003	0.00299	0.00561	0.08918	0.00914	0.01016
30	0.01647	0.01550	0.02616	0.67248	0.06008	0.01938	0.02422	0.02229	0.01744	0.02229	0.01550	0.02326	0.01163	0.00872	0.00872	0.00291	0.01163	0.00775	0.00388	0.00969
31	0.06304	0.01094	0.01350	0.01212	0.01525	0.01054	0.00934	0.02280	0.06683	0.12038	0.46927	0.05471	0.06533	0.01582	0.00967	0.00275	0.00494	0.01369	0.00945	0.00963
32	0.75506	0.01687	0.01282	0.01147	0.01687	0.01957	0.00945	0.02564	0.01484	0.03914	0.01215	0.01417	0.00945	0.00810	0.00540	0.00270	0.00675	0.00472	0.00540	0.00945
33	0.01063	0.00759	0.01012	0.01215	0.01265	0.00709	0.00810	0.01215	0.01670	0.02227	0.04808	0.68775	0.05769	0.02733	0.01113	0.00354	0.00506	0.02480	0.00810	0.00709
34	0.01626	0.00813	0.00813	0.00813	0.01016	0.00813	0.00610	0.02033	0.01829	0.03252	0.02846	0.03252	0.02236	0.01016	0.00610	0.00203	0.00407	0.00813	0.74187	0.00813
35	0.01247	0.00930	0.01377	0.01377	0.01524	0.01077	0.01059	0.01542	0.01395	0.02007	0.02359	0.03553	0.02235	0.10008	0.62497	0.01371	0.02254	0.00953	0.00471	0.00765
36	0.01155	0.00863	0.01073	0.01075	0.01268	0.00781	0.00785	0.01472	0.02201	0.02989	0.39559	0.19647	0.19786	0.02070	0.01047	0.00295	0.00437	0.01819	0.00897	0.00781
37	0.01990	0.01891	0.02789	0.15724	0.13810	0.04639	0.06216	0.06488	0.01922	0.02623	0.01941	0.03230	0.01794	0.01281	0.01524	0.00324	0.21074	0.09180	0.00495	0.01065
38	0.03173	0.02372	0.02537	0.01978	0.02651	0.02638	0.01623	0.53975	0.11354	0.05267	0.02276	0.02239	0.01630	0.01064	0.00874	0.00266	0.00926	0.00810	0.00874	0.01471
39	0.01950	0.18622	0.08993	0.15780	0.08599	0.04496	0.04903	0.02413	0.01827	0.02415	0.01913	0.02286	0.05081	0.00906	0.00880	0.00238	0.04686	0.00718	0.00438	0.12858
40	0.01288	0.00953	0.01307	0.01287	0.01379	0.01084	0.00932	0.01482	0.01351	0.01910	0.02422	0.04161	0.02480	0.28654	0.40763	0.01151	0.05165	0.01045	0.00485	0.00699
41	0.01063	0.00759	0.01012	0.01215	0.01265	0.00709	0.00810	0.01215	0.01670	0.02227	0.04808	0.68775	0.05769	0.02733	0.01113	0.00354	0.00506	0.02480	0.00810	0.00709
42	0.02012	0.02274	0.06355	0.02382	0.02608	0.09184	0.08177	0.02320	0.01567	0.02210	0.01341	0.02024	0.01233	0.01692	0.06801	0.00422	0.45233	0.00776	0.00401	0.00991
43	0.06475	0.00947	0.01135	0.01071	0.01313	0.00892	0.00810	0.01657	0.02333	0.03370	0.51509	0.06413	0.15332	0.01773	0.00994	0.00277	0.00434	0.01535	0.00910	0.00820
44	0.01647	0.01550	0.02616	0.67248	0.06008	0.01938	0.02422	0.02229	0.01744	0.02229	0.01550	0.02326	0.01163	0.00872	0.00872	0.00291	0.01163	0.00775	0.00388	0.00969
45	0.01246	0.00935	0.01402	0.01402	0.01558	0.01090	0.01090	0.01558	0.01402	0.02025	0.02336	0.03427	0.02181	0.06542	0.65888	0.01402	0.02336	0.00935	0.00467	0.00779
46	0.01671	0.01580	0.02710	0.42669	0.09098	0.01809	0.08917	0.02292	0.04660	0.02406	0.02154	0.12107	0.01944	0.01137	0.00926	0.00298	0.01071	0.01065	0.00483	0.01004
47	0.01914	0.01690	0.02661	0.27458	0.06685	0.01922	0.09309	0.09707	0.05768	0.02765	0.02078	0.09174	0.01827	0.01300	0.01259	0.06162	0.05764	0.00995	0.00531	0.01030
48	0.02686	0.02290	0.12259	0.02116	0.06016	0.05276	0.04778	0.10981	0.08144	0.20851	0.02736	0.06105	0.02142	0.01154	0.00896	0.00277	0.00942	0.04961	0.00759	0.04631
49	0.02953	0.03078	0.02442	0.02220	0.06367	0.32515	0.01634	0.20227	0.06254	0.03313	0.02025	0.02148	0.03841	0.00986	0.00822	0.00238	0.01198	0.00713	0.00617	0.06408
50	0.02078	0.06480	0.08208	0.15941	0.04149	0.02222	0.27217	0.08793	0.02121	0.02883	0.01657	0.02160	0.01267	0.00842	0.01014	0.00275	0.05013	0.00838	0.00469	0.06372
51	0.12075	0.02172	0.02088	0.06608	0.06020	0.11458	0.01515	0.03908	0.37707	0.03316	0.02665	0.02635	0.02029	0.01047	0.00824	0.00280	0.00871	0.00829	0.00716	0.01239
52	0.01626	0.01236	0.05249	0.01250	0.01605	0.01008	0.01039	0.02140	0.05118	0.11049	0.43464	0.05827	0.12641	0.01653	0.00991	0.00277	0.00524	0.01432	0.00919	0.00952
53	0.03161	0.01677	0.01933	0.01587	0.02148	0.06009	0.01271	0.03933	0.14665	0.39678	0.11178	0.03392	0.02983	0.01180	0.00893	0.00273	0.00748	0.00969	0.00980	0.01343
54	0.03141	0.02340	0.02524	0.01924	0.02631	0.02526	0.01586	0.54176	0.03835	0.05189	0.02031	0.02061	0.01461	0.01001	0.00846	0.00246	0.00923	0.00754	0.00831	0.09971
55	0.01626	0.00813	0.00813	0.00813	0.01016	0.00813	0.00610	0.02033	0.01829	0.03252	0.02846	0.03252	0.02236	0.01016	0.00610	0.00203	0.00407	0.00813	0.74187	0.00813
56	0.75506	0.01687	0.01282	0.01147	0.01687	0.01957	0.00945	0.02564	0.01484	0.03914	0.01215	0.01417	0.00945	0.00810	0.00540	0.00270	0.00675	0.00472	0.00540	0.00945
57	0.03316	0.02443	0.02618	0.02007	0.02705	0.02705	0.01658	0.60995	0.04101	0.05497	0.02094	0.02094	0.01483	0.01047	0.00873	0.00262	0.00960	0.00785	0.00873	0.01483
58	0.30350	0.02121	0.08018	0.01576	0.02280	0.01972	0.01411	0.18276	0.02384	0.11627	0.01805	0.01884	0.01301	0.00886	0.00713	0.00250	0.00815	0.00629	0.00676	0.11025
59	0.03871	0.01552	0.02066	0.01584	0.02261	0.01383	0.01309	0.08276	0.02610	0.60322	0.03346	0.02907	0.02111	0.01077	0.00877	0.00269	0.00758	0.00871	0.01065	0.01484
60	0.01227	0.00886	0.01159	0.01103	0.01301	0.00818	0.00822	0.01627	0.02433	0.03440	0.60783	0.09341	0.08119	0.01826	0.01033	0.00278	0.00416	0.01618	0.00953	0.00818
61	0.01772	0.01512	0.01770	0.01288	0.02028	0.01140	0.01023	0.02148	0.01802	0.02812	0.01710	0.05099	0.01512	0.00749	0.00669	0.00140	0.00639	0.00613	0.00531	0.71043
62	0.01672	0.01908	0.09996	0.33163	0.11190	0.01775	0.08662	0.02253	0.01851	0.02493	0.04702	0.09833	0.02151	0.01143	0.00930	0.00297	0.01080	0.03384	0.00483	0.01035
63	0.06820	0.01652	0.02398	0.24641	0.03665	0.01756	0.05385	0.08804	0.04471	0.24480	0.05370	0.02717	0.01940	0.01005	0.00873	0.00279	0.00934	0.00857	0.00734	0.01218
64	0.01257	0.00841	0.00955	0.00966	0.00969	0.00838	0.00545	0.01265	0.01291	0.01722	0.02865	0.09291	0.03319	0.65561	0.04251	0.00818	0.00826	0.01337	0.00545	0.00539
65	0.40577	0.02036	0.05244	0.04464	0.06989	0.02091	0.12003	0.07989	0.05242	0.03652	0.01580	0.01852	0.01202	0.00839	0.00725	0.00275	0.00915	0.00669	0.00550	0.01106
66	0.01492	0.01452	0.06210	0.04564	0.04915	0.01282	0.04575	0.04290	0.04571	0.02574	0.03494	0.39635	0.03861	0.01936	0.01088	0.00313	0.03895	0.01726	0.00683	0.07444
67	0.06096	0.06078	0.10193	0.01894	0.05021	0.01609	0.06303	0.08444	0.02182	0.13936	0.05946	0.19720	0.05940	0.01478	0.00919	0.00289	0.00825	0.01288	0.00726	0.01113
68	0.09627	0.06362	0.06014	0.06002	0.26664	0.08737	0.01966	0.05381	0.02072	0.02922	0.06323	0.07345	0.02239	0.01096	0.00847	0.00269	0.00973	0.03473	0.00539	0.01149

[dist]
# distance from previous block
# <min> <max>
0	4

[block]
# block no. 3 follows, 20 sequences, length 18
# corresponding to MSA columns:
# 297-314
name=unknown_D
#
# <colnr> <probs for GDERKNQSTAVLIFYWHMCP>
#	G	D	E	R	K	N	Q	S	T	A	V	L	I	F	Y	W	H	M	C	P
0	0.05321	0.04397	0.05901	0.08663	0.02467	0.01601	0.04807	0.02450	0.10186	0.05426	0.19537	0.03725	0.03579	0.02176	0.12246	0.00477	0.04324	0.01041	0.00669	0.01008
1	0.55087	0.01807	0.05732	0.08195	0.02286	0.01863	0.01264	0.02573	0.01578	0.07090	0.01418	0.01690	0.01077	0.00939	0.00750	0.03812	0.00775	0.00553	0.00536	0.00975
2	0.03380	0.01429	0.01908	0.01473	0.02110	0.01219	0.01204	0.03731	0.02412	0.50727	0.09584	0.03208	0.02701	0.01103	0.00866	0.00254	0.00696	0.00909	0.01000	0.10087
3	0.06837	0.02769	0.24522	0.10437	0.28663	0.01957	0.02609	0.02587	0.01906	0.02864	0.05405	0.02286	0.01657	0.00870	0.00841	0.00270	0.01075	0.00760	0.00445	0.01241
4	0.01094	0.00782	0.01045	0.01232	0.01301	0.00733	0.00847	0.01276	0.01737	0.02323	0.08158	0.61601	0.05865	0.02659	0.01114	0.00353	0.00519	0.05826	0.00818	0.00721
5	0.05397	0.03504	0.43783	0.04528	0.03306	0.01860	0.02575	0.05717	0.02065	0.09488	0.07723	0.02420	0.01915	0.00959	0.00844	0.00275	0.01098	0.00763	0.00534	0.01247
6	0.01221	0.00891	0.01147	0.01083	0.01295	0.00817	0.00812	0.01620	0.02437	0.03422	0.59825	0.06640	0.11896	0.01811	0.01029	0.00276	0.00414	0.01595	0.00950	0.00817
7	0.01829	0.01726	0.02867	0.45161	0.23495	0.01990	0.02449	0.02483	0.04776	0.02488	0.01676	0.02320	0.01303	0.00858	0.00870	0.00281	0.01101	0.00786	0.00425	0.01115
8	0.09380	0.09080	0.04741	0.13277	0.03150	0.10238	0.01744	0.27189	0.02850	0.07595	0.01807	0.01987	0.01328	0.00942	0.00800	0.00257	0.01040	0.00698	0.00653	0.01245
9	0.01626	0.00813	0.00813	0.00813	0.01016	0.00813	0.00610	0.02033	0.01829	0.03252	0.02846	0.03252	0.02236	0.01016	0.00610	0.00203	0.00407	0.00813	0.74187	0.00813
10	0.01984	0.02755	0.17171	0.05950	0.03585	0.07706	0.23052	0.02570	0.01842	0.02509	0.01701	0.05783	0.01457	0.01072	0.01386	0.00308	0.16729	0.00911	0.00430	0.01099
11	0.01638	0.01357	0.05332	0.01359	0.01723	0.01193	0.01135	0.05217	0.09982	0.06874	0.39397	0.05686	0.09057	0.01631	0.00993	0.00285	0.00572	0.04683	0.00900	0.00987
12	0.02209	0.01656	0.01866	0.01535	0.02103	0.01651	0.01204	0.06941	0.27204	0.09783	0.06508	0.03037	0.02489	0.04472	0.00999	0.00266	0.00689	0.00870	0.00780	0.23737
13	0.01626	0.00813	0.00813	0.00813	0.01016	0.00813	0.00610	0.02033	0.01829	0.03252	0.02846	0.03252	0.02236	0.01016	0.00610	0.00203	0.00407	0.00813	0.74187	0.00813
14	0.01987	0.01656	0.01905	0.01377	0.02143	0.01346	0.01108	0.09164	0.02080	0.03157	0.01615	0.01843	0.01315	0.00694	0.00673	0.00145	0.00683	0.00549	0.00559	0.66003
15	0.02528	0.01966	0.02086	0.01783	0.05271	0.08569	0.01338	0.06672	0.14537	0.14281	0.02317	0.02324	0.01727	0.00892	0.00777	0.00213	0.00811	0.00712	0.00704	0.30492
16	0.05616	0.07236	0.19293	0.03384	0.17142	0.02158	0.24168	0.02712	0.01931	0.02806	0.01615	0.02051	0.01249	0.00769	0.00871	0.00267	0.01220	0.00792	0.00424	0.04296
17	0.02834	0.01556	0.01967	0.04583	0.02351	0.01370	0.01256	0.03442	0.08985	0.31959	0.02668	0.02544	0.01850	0.00922	0.00793	0.00222	0.00721	0.00752	0.00818	0.28409

[dist]
# distance from previous block
# <min> <max>
6	8

[block]
# block no. 4 follows, 20 sequences, length 10
# corresponding to MSA columns:
# 323-332
name=unknown_E
#
