[name]
unknown

[dist]
# distance from previous block
# <min> <max>
0	19

[block]
# block no. 0 follows, 25 sequences, length 66
# corresponding to MSA columns:
# 19-84
name=unknown_A
#
# <colnr> <probs for GDERKNQSTAVLIFYWHMCP>
#	G	D	E	R	K	N	Q	S	T	A	V	L	I	F	Y	W	H	M	C	P
0	0.01113	0.00839	0.01030	0.01133	0.01268	0.00823	0.00809	0.03429	0.07386	0.02222	0.04542	0.51204	0.12667	0.02180	0.00961	0.00304	0.00488	0.06161	0.00727	0.00714
1	0.02580	0.01865	0.02040	0.01609	0.02117	0.02040	0.01303	0.51750	0.03170	0.04243	0.04779	0.02327	0.04399	0.01226	0.01074	0.10061	0.00790	0.00764	0.00721	0.01141
2	0.05847	0.02012	0.05649	0.07579	0.22003	0.06818	0.16663	0.04711	0.10182	0.02672	0.03889	0.02126	0.01507	0.00779	0.00781	0.00238	0.00972	0.00749	0.00471	0.04352
3	0.01123	0.00799	0.00974	0.00944	0.01154	0.00713	0.00702	0.01407	0.01982	0.05393	0.38972	0.13610	0.25823	0.01772	0.00918	0.00257	0.00396	0.01540	0.00801	0.00721
4	0.01772	0.00955	0.01247	0.01195	0.01477	0.00875	0.00935	0.02085	0.03718	0.21411	0.11008	0.23529	0.12162	0.01766	0.00921	0.00285	0.00546	0.12435	0.00804	0.00875
5	0.01042	0.00824	0.01234	0.05379	0.01572	0.00792	0.05145	0.01250	0.01564	0.02079	0.07416	0.56497	0.07947	0.02142	0.00964	0.00301	0.00535	0.01955	0.00682	0.00678
6	0.58816	0.01512	0.01347	0.01141	0.01653	0.01671	0.00941	0.06918	0.01651	0.15930	0.01510	0.01563	0.01078	0.00780	0.00557	0.00239	0.00629	0.00507	0.00591	0.00964
7	0.01163	0.00796	0.01021	0.00988	0.01168	0.00728	0.00726	0.01465	0.02019	0.05591	0.48264	0.15533	0.11625	0.04165	0.01024	0.00273	0.00406	0.01504	0.00814	0.00726
8	0.11165	0.01163	0.01208	0.01112	0.01439	0.01207	0.00858	0.07388	0.14798	0.02917	0.16361	0.09238	0.25224	0.01497	0.00828	0.00257	0.00501	0.01245	0.00733	0.00861
9	0.00960	0.00686	0.00918	0.01098	0.01149	0.00643	0.00747	0.01107	0.01500	0.01997	0.04265	0.68976	0.05094	0.02414	0.00994	0.00317	0.00463	0.05318	0.00719	0.00634
10	0.02545	0.01746	0.01931	0.01538	0.02053	0.01876	0.01250	0.39830	0.08949	0.11431	0.10703	0.02779	0.04556	0.01063	0.00790	0.00237	0.00711	0.00847	0.03975	0.01188
11	0.01157	0.00734	0.00966	0.01071	0.01170	0.00681	0.00735	0.01328	0.01592	0.06687	0.09684	0.56875	0.04913	0.04467	0.01048	0.00313	0.00463	0.01947	0.03485	0.00685
12	0.00952	0.00694	0.00897	0.01042	0.01119	0.00639	0.00707	0.01109	0.01561	0.02067	0.08909	0.61116	0.11682	0.02324	0.00977	0.00305	0.00438	0.02092	0.00729	0.00639
13	0.00916	0.00785	0.00785	0.00785	0.01047	0.00655	0.00589	0.01113	0.01767	0.02095	0.07855	0.07462	0.67599	0.01964	0.00916	0.00262	0.00393	0.01636	0.00720	0.00655
14	0.06405	0.00773	0.00951	0.01056	0.01166	0.00741	0.00724	0.01296	0.01521	0.04866	0.06719	0.54504	0.07122	0.06942	0.01139	0.00331	0.00483	0.01892	0.00702	0.00667
15	0.00945	0.00675	0.00900	0.01080	0.01125	0.00630	0.00720	0.01080	0.01484	0.01979	0.04274	0.72245	0.05128	0.02429	0.00990	0.00315	0.00450	0.02204	0.00720	0.00630
16	0.01929	0.01666	0.01753	0.01578	0.02016	0.01929	0.01227	0.04120	0.66513	0.03243	0.03156	0.02893	0.02367	0.01052	0.00789	0.00263	0.00614	0.00877	0.00789	0.01227
17	0.01088	0.00792	0.01023	0.00966	0.01153	0.00728	0.00724	0.01445	0.02172	0.03056	0.64379	0.05879	0.10475	0.01605	0.00915	0.00245	0.00367	0.01414	0.00847	0.00728
18	0.31732	0.01346	0.01264	0.01091	0.01475	0.01482	0.00863	0.15026	0.01891	0.05647	0.01837	0.02256	0.01484	0.08107	0.00918	0.00274	0.00605	0.00642	0.21175	0.00886
19	0.78228	0.01499	0.01140	0.01020	0.01499	0.01739	0.00840	0.02279	0.01320	0.03479	0.01080	0.01260	0.00840	0.00720	0.00480	0.00240	0.00600	0.00420	0.00480	0.00840
20	0.02896	0.03695	0.02197	0.01998	0.02397	0.69638	0.01498	0.03096	0.02197	0.01898	0.01199	0.01398	0.00999	0.00799	0.00699	0.00200	0.01398	0.00499	0.00400	0.00899
21	0.01089	0.00797	0.01025	0.00982	0.01172	0.00733	0.00746	0.01440	0.02135	0.02978	0.58885	0.06095	0.12521	0.01648	0.00923	0.00251	0.00386	0.04635	0.00834	0.00724
22	0.00955	0.00683	0.00909	0.01072	0.01127	0.00637	0.00721	0.01106	0.01534	0.02057	0.08640	0.67656	0.05279	0.02371	0.00984	0.00310	0.00444	0.02149	0.00729	0.00637
23	0.01097	0.00793	0.01036	0.00975	0.01158	0.00732	0.00732	0.01463	0.02195	0.03109	0.67505	0.05792	0.07316	0.01585	0.00914	0.00244	0.00366	0.01402	0.00854	0.00732
24	0.01423	0.00725	0.00731	0.00731	0.00899	0.00725	0.00537	0.01760	0.01592	0.02795	0.02523	0.03041	0.02045	0.05865	0.00777	0.00220	0.00388	0.00751	0.71766	0.00705
25	0.00951	0.00679	0.00905	0.01075	0.01126	0.00634	0.00720	0.01095	0.01513	0.02024	0.06790	0.69600	0.05215	0.02396	0.00987	0.00312	0.00446	0.02172	0.00725	0.00634
26	0.03479	0.01320	0.01799	0.01380	0.01979	0.01140	0.01140	0.03779	0.02219	0.68451	0.03059	0.02639	0.01919	0.00960	0.00780	0.00240	0.00660	0.00780	0.00960	0.01320
27	0.01097	0.00793	0.01036	0.00975	0.01158	0.00732	0.00732	0.01463	0.02195	0.03109	0.67505	0.05792	0.07316	0.01585	0.00914	0.00244	0.00366	0.01402	0.00854	0.00732
28	0.16468	0.00887	0.00860	0.00836	0.01059	0.00946	0.00633	0.01814	0.01497	0.02812	0.02198	0.02737	0.01816	0.06341	0.06909	0.00327	0.00588	0.00701	0.49844	0.00725
29	0.02966	0.01207	0.01627	0.01286	0.01800	0.01050	0.01047	0.03273	0.02196	0.54546	0.14240	0.03378	0.05582	0.01108	0.00808	0.00242	0.00599	0.00922	0.00932	0.01192
30	0.02384	0.01782	0.01891	0.01552	0.02045	0.01988	0.01249	0.35666	0.23616	0.04045	0.02383	0.02355	0.01761	0.00966	0.00743	0.00234	0.00699	0.00760	0.12684	0.01196
31	0.01464	0.01378	0.02326	0.70887	0.05340	0.01723	0.02153	0.01981	0.01550	0.01981	0.01378	0.02067	0.01034	0.00775	0.00775	0.00258	0.01034	0.00689	0.00345	0.00861
32	0.01554	0.01469	0.02487	0.57904	0.17625	0.01746	0.02198	0.02059	0.01593	0.02089	0.01394	0.02038	0.01072	0.00759	0.00774	0.00253	0.01012	0.00689	0.00352	0.00933
33	0.00945	0.00675	0.00900	0.01080	0.01125	0.00630	0.00720	0.01080	0.01484	0.01979	0.04274	0.72245	0.05128	0.02429	0.00990	0.00315	0.00450	0.02204	0.00720	0.00630
34	0.01464	0.01378	0.02326	0.70887	0.05340	0.01723	0.02153	0.01981	0.01550	0.01981	0.01378	0.02067	0.01034	0.00775	0.00775	0.00258	0.01034	0.00689	0.00345	0.00861
35	0.01837	0.01240	0.01135	0.01022	0.01299	0.07138	0.00790	0.13046	0.02030	0.03152	0.02294	0.02578	0.01782	0.00899	0.00597	0.00191	0.00540	0.00699	0.56888	0.00843
36	0.01016	0.00730	0.00964	0.01031	0.01140	0.00677	0.00725	0.01259	0.01817	0.02508	0.33836	0.41177	0.06151	0.02035	0.00955	0.00282	0.00411	0.01829	0.00782	0.00677
37	0.01929	0.01666	0.01753	0.01578	0.02016	0.01929	0.01227	0.04120	0.66513	0.03243	0.03156	0.02893	0.02367	0.01052	0.00789	0.00263	0.00614	0.00877	0.00789	0.01227
38	0.02896	0.03695	0.02197	0.01998	0.02397	0.69638	0.01498	0.03096	0.02197	0.01898	0.01199	0.01398	0.00999	0.00799	0.00699	0.00200	0.01398	0.00499	0.00400	0.00899
39	0.11218	0.00822	0.00776	0.00760	0.00979	0.00852	0.00580	0.01867	0.01587	0.02966	0.02345	0.02683	0.01841	0.00880	0.00534	0.00188	0.00392	0.00684	0.67309	0.00738
40	0.01104	0.00742	0.00853	0.00875	0.00881	0.00736	0.00502	0.01121	0.01173	0.01564	0.02676	0.13623	0.03113	0.63801	0.03570	0.00696	0.00713	0.01265	0.00502	0.00490
41	0.00939	0.00786	0.00817	0.00810	0.01061	0.00664	0.00607	0.01157	0.01822	0.02224	0.15447	0.07249	0.59927	0.01915	0.00916	0.00260	0.00389	0.01607	0.00737	0.00664
42	0.01097	0.00793	0.01036	0.00975	0.01158	0.00732	0.00732	0.01463	0.02195	0.03109	0.67505	0.05792	0.07316	0.01585	0.00914	0.00244	0.00366	0.01402	0.00854	0.00732
43	0.02947	0.02172	0.02327	0.01784	0.02404	0.02404	0.01474	0.65329	0.03646	0.04887	0.01862	0.01862	0.01319	0.00931	0.00776	0.00233	0.00853	0.00698	0.00776	0.01319
44	0.00945	0.00675	0.00900	0.01080	0.01125	0.00630	0.00720	0.01080	0.01484	0.01979	0.04274	0.72245	0.05128	0.02429	0.00990	0.00315	0.00450	0.02204	0.00720	0.00630
45	0.03479	0.01320	0.01799	0.01380	0.01979	0.01140	0.01140	0.03779	0.02219	0.68451	0.03059	0.02639	0.01919	0.00960	0.00780	0.00240	0.00660	0.00780	0.00960	0.01320
46	0.01355	0.00900	0.01128	0.01033	0.01280	0.00842	0.00787	0.01820	0.06491	0.09099	0.50521	0.05488	0.13179	0.01533	0.00894	0.00247	0.00413	0.01335	0.00844	0.00811
47	0.01929	0.01666	0.01753	0.01578	0.02016	0.01929	0.01227	0.04120	0.66513	0.03243	0.03156	0.02893	0.02367	0.01052	0.00789	0.00263	0.00614	0.00877	0.00789	0.01227
48	0.02073	0.73217	0.04063	0.01327	0.01990	0.03068	0.01327	0.02322	0.01575	0.01824	0.01078	0.01244	0.00995	0.00663	0.00498	0.00166	0.00829	0.00415	0.00332	0.00995
49	0.00961	0.00682	0.00895	0.01059	0.01100	0.00641	0.00698	0.01084	0.01453	0.01937	0.04111	0.66279	0.04923	0.08675	0.01252	0.00354	0.00477	0.02109	0.00698	0.00616
50	0.00945	0.00675	0.00900	0.01080	0.01125	0.00630	0.00720	0.01080	0.01484	0.01979	0.04274	0.72245	0.05128	0.02429	0.00990	0.00315	0.00450	0.02204	0.00720	0.00630
51	0.00945	0.00675	0.00900	0.01080	0.01125	0.00630	0.00720	0.01080	0.01484	0.01979	0.04274	0.72245	0.05128	0.02429	0.00990	0.00315	0.00450	0.02204	0.00720	0.00630
52	0.78228	0.01499	0.01140	0.01020	0.01499	0.01739	0.00840	0.02279	0.01320	0.03479	0.01080	0.01260	0.00840	0.00720	0.00480	0.00240	0.00600	0.00420	0.00480	0.00840
53	0.01406	0.00814	0.01086	0.01141	0.01309	0.00746	0.00831	0.01607	0.01697	0.13228	0.09005	0.47824	0.06912	0.02078	0.00953	0.00299	0.00499	0.07034	0.00770	0.00761
54	0.01161	0.00771	0.01006	0.01125	0.01223	0.00731	0.00773	0.03905	0.01613	0.05584	0.04109	0.65657	0.04801	0.02290	0.00970	0.00308	0.00478	0.02067	0.00735	0.00695
55	0.01097	0.00793	0.01036	0.00975	0.01158	0.00732	0.00732	0.01463	0.02195	0.03109	0.67505	0.05792	0.07316	0.01585	0.00914	0.00244	0.00366	0.01402	0.00854	0.00732
56	0.00945	0.00675	0.00900	0.01080	0.01125	0.00630	0.00720	0.01080	0.01484	0.01979	0.04274	0.72245	0.05128	0.02429	0.00990	0.00315	0.00450	0.02204	0.00720	0.00630
57	0.01608	0.01378	0.01608	0.01148	0.01837	0.01034	0.00919	0.01952	0.01608	0.02527	0.01378	0.01608	0.01148	0.00574	0.00574	0.00115	0.00574	0.00459	0.00459	0.77491
58	0.01128	0.00752	0.00846	0.00846	0.00846	0.00752	0.00470	0.01128	0.01128	0.01503	0.02443	0.05074	0.02819	0.72751	0.03946	0.00752	0.00752	0.01128	0.00470	0.00470
59	0.02947	0.02172	0.02327	0.01784	0.02404	0.02404	0.01474	0.65329	0.03646	0.04887	0.01862	0.01862	0.01319	0.00931	0.00776	0.00233	0.00853	0.00698	0.00776	0.01319
60	0.03177	0.01387	0.01790	0.01418	0.01987	0.01293	0.01157	0.03845	0.14749	0.55743	0.03078	0.02689	0.02007	0.00978	0.00782	0.00244	0.00651	0.00799	0.00926	0.01302
61	0.01046	0.00773	0.01046	0.01182	0.01257	0.00773	0.00862	0.01237	0.01569	0.02109	0.08441	0.53168	0.04951	0.02266	0.01080	0.00318	0.04203	0.12348	0.00708	0.00663
62	0.01245	0.01029	0.01539	0.06232	0.05723	0.01061	0.05452	0.04683	0.01627	0.02184	0.03520	0.41444	0.07983	0.02240	0.07103	0.00378	0.03559	0.01623	0.00612	0.00761
63	0.01634	0.02427	0.21867	0.02665	0.03448	0.01741	0.38497	0.02288	0.01714	0.02393	0.01799	0.08581	0.01532	0.01109	0.04412	0.00313	0.01222	0.00936	0.00406	0.01016
64	0.00983	0.00705	0.00920	0.01038	0.01114	0.00657	0.00705	0.01158	0.01614	0.02179	0.16619	0.53727	0.07470	0.05869	0.01125	0.00322	0.00447	0.01974	0.00733	0.00642
65	0.04590	0.02408	0.02053	0.10561	0.02618	0.25459	0.01467	0.13118	0.24094	0.02883	0.01985	0.02059	0.01512	0.00900	0.00745	0.00235	0.00977	0.00680	0.00586	0.01070

[dist]
# distance from previous block
# <min> <max>
0	2

[block]
# block no. 1 follows, 25 sequences, length 90
# corresponding to MSA columns:
# 87-176
name=unknown_B
#
# <colnr> <probs for GDERKNQSTAVLIFYWHMCP>
#	G	D	E	R	K	N	Q	S	T	A	V	L	I	F	Y	W	H	M	C	P
0	0.01960	0.45085	0.22872	0.01574	0.02354	0.02469	0.01742	0.02409	0.01661	0.06098	0.04372	0.01655	0.01340	0.00746	0.00604	0.00197	0.00891	0.00529	0.00393	0.01047
1	0.01347	0.00673	0.01010	0.01010	0.01010	0.00673	0.00673	0.01010	0.01010	0.01347	0.01347	0.02357	0.01347	0.02694	0.03030	0.77441	0.00673	0.00673	0.00337	0.00337
2	0.01577	0.01345	0.01575	0.01145	0.01804	0.01015	0.00910	0.01912	0.01602	0.02501	0.01512	0.04885	0.01333	0.00660	0.00593	0.00124	0.00568	0.00540	0.00471	0.73924
3	0.00961	0.00682	0.00895	0.01059	0.01100	0.00641	0.00697	0.01084	0.01452	0.01936	0.04109	0.66200	0.04920	0.08758	0.01256	0.00354	0.00477	0.02107	0.00697	0.00615
4	0.78228	0.01499	0.01140	0.01020	0.01499	0.01739	0.00840	0.02279	0.01320	0.03479	0.01080	0.01260	0.00840	0.00720	0.00480	0.00240	0.00600	0.00420	0.00480	0.00840
5	0.02504	0.01350	0.01700	0.01259	0.01905	0.01084	0.01025	0.02827	0.01901	0.34096	0.02183	0.02102	0.01518	0.00759	0.00673	0.00175	0.00615	0.00613	0.00699	0.41015
6	0.01677	0.01192	0.01542	0.01378	0.01617	0.01327	0.01104	0.02253	0.11401	0.11661	0.26786	0.04254	0.06090	0.01550	0.03265	0.00305	0.15491	0.05482	0.00723	0.00905
7	0.01119	0.00748	0.00848	0.00856	0.00859	0.00746	0.00481	0.01125	0.01144	0.01525	0.02527	0.08172	0.02925	0.69508	0.03810	0.00732	0.00738	0.01177	0.00481	0.00477
8	0.01445	0.00723	0.00723	0.00723	0.00903	0.00723	0.00542	0.01807	0.01626	0.02891	0.02529	0.02891	0.01987	0.00903	0.00542	0.00181	0.00361	0.00723	0.77055	0.00723
9	0.02896	0.03695	0.02197	0.01998	0.02397	0.69638	0.01498	0.03096	0.02197	0.01898	0.01199	0.01398	0.00999	0.00799	0.00699	0.00200	0.01398	0.00499	0.00400	0.00899
10	0.01056	0.00772	0.00872	0.00857	0.00981	0.00717	0.00568	0.01201	0.01573	0.02060	0.19276	0.05976	0.23807	0.34371	0.02307	0.00483	0.00551	0.01348	0.00636	0.00588
11	0.01108	0.00831	0.01246	0.01246	0.01385	0.00969	0.00969	0.01385	0.01246	0.01800	0.02077	0.03046	0.01938	0.05815	0.69678	0.01246	0.02077	0.00831	0.00415	0.00692
12	0.00974	0.00825	0.00846	0.00834	0.01098	0.00716	0.00628	0.01271	0.04659	0.02218	0.11933	0.07140	0.60385	0.01896	0.00911	0.00261	0.00401	0.01586	0.00733	0.00685
13	0.02947	0.02172	0.02327	0.01784	0.02404	0.02404	0.01474	0.65329	0.03646	0.04887	0.01862	0.01862	0.01319	0.00931	0.00776	0.00233	0.00853	0.00698	0.00776	0.01319
14	0.01115	0.00797	0.01096	0.01275	0.01394	0.00777	0.01016	0.01375	0.01653	0.02170	0.04179	0.36693	0.04755	0.02268	0.01035	0.00338	0.00598	0.36072	0.00717	0.00677
15	0.02073	0.73217	0.04063	0.01327	0.01990	0.03068	0.01327	0.02322	0.01575	0.01824	0.01078	0.01244	0.00995	0.00663	0.00498	0.00166	0.00829	0.00415	0.00332	0.00995
16	0.01097	0.00793	0.01036	0.00975	0.01158	0.00732	0.00732	0.01463	0.02195	0.03109	0.67505	0.05792	0.07316	0.01585	0.00914	0.00244	0.00366	0.01402	0.00854	0.00732
17	0.01249	0.00892	0.01249	0.01428	0.01606	0.00892	0.01249	0.01606	0.01785	0.02320	0.04105	0.08746	0.04462	0.02142	0.01071	0.00357	0.00714	0.62695	0.00714	0.00714
18	0.00956	0.00679	0.00896	0.01065	0.01108	0.00637	0.00705	0.01083	0.01463	0.01951	0.04163	0.68184	0.04989	0.06680	0.01168	0.00341	0.00468	0.02139	0.00705	0.00620
19	0.01733	0.01000	0.01030	0.00926	0.01191	0.01045	0.00721	0.13982	0.02013	0.03273	0.02401	0.02693	0.01859	0.00909	0.00587	0.00191	0.00456	0.00718	0.62434	0.00837
20	0.01929	0.01666	0.01753	0.01578	0.02016	0.01929	0.01227	0.04120	0.66513	0.03243	0.03156	0.02893	0.02367	0.01052	0.00789	0.00263	0.00614	0.00877	0.00789	0.01227
21	0.03479	0.01320	0.01799	0.01380	0.01979	0.01140	0.01140	0.03779	0.02219	0.68451	0.03059	0.02639	0.01919	0.00960	0.00780	0.00240	0.00660	0.00780	0.00960	0.01320
22	0.02947	0.02172	0.02327	0.01784	0.02404	0.02404	0.01474	0.65329	0.03646	0.04887	0.01862	0.01862	0.01319	0.00931	0.00776	0.00233	0.00853	0.00698	0.00776	0.01319
23	0.00916	0.00785	0.00785	0.00785	0.01047	0.00655	0.00589	0.01113	0.01767	0.02095	0.07855	0.07462	0.67599	0.01964	0.00916	0.00262	0.00393	0.01636	0.00720	0.00655
24	0.00945	0.00675	0.00900	0.01080	0.01125	0.00630	0.00720	0.01080	0.01484	0.01979	0.04274	0.72245	0.05128	0.02429	0.00990	0.00315	0.00450	0.02204	0.00720	0.00630
25	0.02365	0.02580	0.01953	0.01767	0.02188	0.32440	0.01349	0.03659	0.37531	0.02637	0.02274	0.02219	0.01750	0.00938	0.00748	0.00234	0.00967	0.00707	0.00613	0.01079
26	0.00945	0.00675	0.00900	0.01080	0.01125	0.00630	0.00720	0.01080	0.01484	0.01979	0.04274	0.72245	0.05128	0.02429	0.00990	0.00315	0.00450	0.02204	0.00720	0.00630
27	0.00979	0.00689	0.00890	0.01036	0.01072	0.00653	0.00673	0.01089	0.01418	0.01890	0.03931	0.59677	0.04696	0.15586	0.01543	0.00397	0.00506	0.02003	0.00673	0.00600
28	0.02869	0.01187	0.01593	0.01267	0.01766	0.01033	0.01029	0.03176	0.02189	0.51950	0.15865	0.03528	0.06724	0.01139	0.00814	0.00242	0.00587	0.00950	0.00925	0.01167
29	0.00916	0.00785	0.00785	0.00785	0.01047	0.00655	0.00589	0.01113	0.01767	0.02095	0.07855	0.07462	0.67599	0.01964	0.00916	0.00262	0.00393	0.01636	0.00720	0.00655
30	0.02947	0.02172	0.02327	0.01784	0.02404	0.02404	0.01474	0.65329	0.03646	0.04887	0.01862	0.01862	0.01319	0.00931	0.00776	0.00233	0.00853	0.00698	0.00776	0.01319
31	0.01075	0.00781	0.01020	0.01029	0.01190	0.00725	0.00773	0.01390	0.02005	0.02776	0.46858	0.18200	0.09695	0.01811	0.00943	0.00269	0.00416	0.07527	0.00809	0.00708
32	0.02073	0.73217	0.04063	0.01327	0.01990	0.03068	0.01327	0.02322	0.01575	0.01824	0.01078	0.01244	0.00995	0.00663	0.00498	0.00166	0.00829	0.00415	0.00332	0.00995
33	0.01464	0.01378	0.02326	0.70887	0.05340	0.01723	0.02153	0.01981	0.01550	0.01981	0.01378	0.02067	0.01034	0.00775	0.00775	0.00258	0.01034	0.00689	0.00345	0.00861
34	0.01108	0.00827	0.01229	0.01229	0.01362	0.00960	0.00948	0.01374	0.01241	0.01787	0.02092	0.03132	0.01976	0.08649	0.66896	0.01225	0.02021	0.00843	0.00418	0.00683
35	0.01015	0.00713	0.00886	0.00996	0.01041	0.00681	0.00645	0.01114	0.01387	0.01834	0.03828	0.44200	0.07488	0.26273	0.01992	0.00462	0.00558	0.03675	0.00635	0.00579
36	0.03479	0.01320	0.01799	0.01380	0.01979	0.01140	0.01140	0.03779	0.02219	0.68451	0.03059	0.02639	0.01919	0.00960	0.00780	0.00240	0.00660	0.00780	0.00960	0.01320
37	0.01075	0.00792	0.01006	0.00952	0.01145	0.00722	0.00714	0.01420	0.02143	0.02985	0.60226	0.05996	0.14672	0.01631	0.00915	0.00246	0.00369	0.01431	0.00837	0.00722
38	0.01929	0.01666	0.01753	0.01578	0.02016	0.01929	0.01227	0.04120	0.66513	0.03243	0.03156	0.02893	0.02367	0.01052	0.00789	0.00263	0.00614	0.00877	0.00789	0.01227
39	0.02222	0.01068	0.01468	0.01367	0.01728	0.00982	0.01150	0.02544	0.01985	0.31845	0.06858	0.08818	0.03503	0.01600	0.00929	0.00297	0.00660	0.29164	0.00831	0.00981
40	0.01608	0.01378	0.01608	0.01148	0.01837	0.01034	0.00919	0.01952	0.01608	0.02527	0.01378	0.01608	0.01148	0.00574	0.00574	0.00115	0.00574	0.00459	0.00459	0.77491
41	0.00945	0.00675	0.00900	0.01080	0.01125	0.00630	0.00720	0.01080	0.01484	0.01979	0.04274	0.72245	0.05128	0.02429	0.00990	0.00315	0.00450	0.02204	0.00720	0.00630
42	0.01464	0.01378	0.02326	0.70887	0.05340	0.01723	0.02153	0.01981	0.01550	0.01981	0.01378	0.02067	0.01034	0.00775	0.00775	0.00258	0.01034	0.00689	0.00345	0.00861
43	0.01135	0.00871	0.01298	0.01283	0.01415	0.01034	0.01003	0.01407	0.01243	0.01803	0.02028	0.02983	0.01896	0.05608	0.66563	0.01204	0.05290	0.00824	0.00412	0.00700
44	0.02410	0.01574	0.01823	0.01422	0.02019	0.01514	0.01147	0.14597	0.16698	0.20153	0.02300	0.02209	0.01652	0.00847	0.00713	0.00202	0.00657	0.00680	0.00721	0.26664
45	0.02641	0.01802	0.02009	0.01637	0.02173	0.01956	0.01339	0.34650	0.19184	0.14692	0.02565	0.02799	0.01933	0.01063	0.00803	0.00251	0.00750	0.05701	0.00804	0.01247
46	0.00982	0.00702	0.00941	0.01113	0.01177	0.00661	0.00776	0.01148	0.01539	0.02051	0.06248	0.63412	0.05126	0.02372	0.00996	0.00317	0.00475	0.08598	0.00723	0.00642
47	0.01076	0.00776	0.01017	0.00990	0.01154	0.00717	0.00730	0.01409	0.02095	0.02950	0.58588	0.15163	0.07007	0.01704	0.00925	0.00254	0.00378	0.01515	0.00835	0.00717
48	0.01185	0.00927	0.01193	0.01388	0.05323	0.00939	0.00911	0.01717	0.13180	0.02279	0.06126	0.53229	0.04475	0.02048	0.00938	0.00298	0.00505	0.01847	0.00717	0.00777
49	0.01704	0.01435	0.01659	0.01194	0.01878	0.01132	0.00959	0.06506	0.01754	0.02696	0.01413	0.01626	0.01161	0.00600	0.00589	0.00123	0.00594	0.00477	0.00482	0.72017
50	0.05948	0.00966	0.01416	0.07498	0.01713	0.01012	0.04117	0.01635	0.05898	0.05776	0.01579	0.02310	0.01389	0.02082	0.02278	0.51972	0.00728	0.00693	0.00419	0.00572
51	0.05045	0.01430	0.02326	0.59948	0.08998	0.01764	0.02084	0.02014	0.01535	0.02080	0.01351	0.02002	0.01036	0.00797	0.00851	0.00260	0.04567	0.00676	0.00353	0.00883
52	0.01084	0.00792	0.01018	0.00962	0.01150	0.00726	0.00721	0.01438	0.02164	0.03036	0.63219	0.05912	0.11648	0.01612	0.00915	0.00245	0.00368	0.01419	0.00844	0.00726
53	0.29898	0.01332	0.01489	0.01235	0.01739	0.01321	0.01016	0.02990	0.01827	0.38049	0.02405	0.02676	0.01750	0.03609	0.00811	0.00267	0.00646	0.05113	0.00753	0.01073
54	0.01545	0.00923	0.01188	0.01075	0.01341	0.00855	0.00822	0.01970	0.05394	0.14617	0.46145	0.09252	0.08751	0.01516	0.00889	0.00249	0.00437	0.01325	0.00855	0.00851
55	0.02919	0.01357	0.01717	0.01358	0.01889	0.01267	0.01107	0.11450	0.05333	0.45930	0.09088	0.03217	0.07585	0.01096	0.00803	0.00242	0.00635	0.00898	0.00899	0.01209
56	0.01096	0.00790	0.01069	0.01238	0.01362	0.00763	0.00978	0.01346	0.01652	0.02157	0.04394	0.36643	0.08366	0.02258	0.01026	0.00333	0.00579	0.32558	0.00717	0.00673
57	0.06453	0.01220	0.01558	0.01297	0.01762	0.01134	0.01051	0.03097	0.07749	0.41820	0.12035	0.05866	0.05161	0.01200	0.00814	0.00253	0.00600	0.04933	0.00874	0.01123
58	0.04666	0.01537	0.01722	0.01459	0.01887	0.01647	0.01152	0.26240	0.14671	0.11001	0.09940	0.15173	0.02917	0.01291	0.00823	0.00255	0.00652	0.01080	0.00788	0.01098
59	0.01027	0.00790	0.00939	0.00901	0.01115	0.00702	0.00676	0.01326	0.02028	0.02713	0.44231	0.06443	0.30837	0.01733	0.00915	0.00251	0.00376	0.01494	0.00801	0.00702
60	0.01347	0.00673	0.01010	0.01010	0.01010	0.00673	0.00673	0.01010	0.01010	0.01347	0.01347	0.02357	0.01347	0.02694	0.03030	0.77441	0.00673	0.00673	0.00337	0.00337
61	0.01860	0.01234	0.01427	0.01319	0.01663	0.01284	0.01004	0.02906	0.29226	0.15666	0.03943	0.22155	0.10008	0.01505	0.00855	0.00272	0.00555	0.01299	0.00797	0.01022
62	0.01084	0.00792	0.01018	0.00962	0.01150	0.00726	0.00721	0.01438	0.02164	0.03036	0.63219	0.05912	0.11648	0.01612	0.00915	0.00245	0.00368	0.01419	0.00844	0.00726
63	0.02974	0.02129	0.02300	0.01764	0.02383	0.02341	0.01457	0.62241	0.03574	0.08075	0.01922	0.01901	0.01349	0.00932	0.00776	0.00233	0.00844	0.00702	0.00785	0.01319
64	0.01025	0.00753	0.00961	0.00987	0.01134	0.00689	0.00711	0.01295	0.01910	0.02616	0.39555	0.27873	0.13801	0.01908	0.00939	0.00269	0.00397	0.01694	0.00794	0.00689
65	0.26815	0.01300	0.01491	0.01274	0.01760	0.01286	0.01064	0.02913	0.01856	0.35969	0.02618	0.03295	0.02032	0.01095	0.00737	0.00261	0.00650	0.11761	0.00763	0.01059
66	0.01083	0.00781	0.01023	0.00985	0.01155	0.00722	0.00730	0.01427	0.02127	0.03001	0.61460	0.12145	0.07107	0.01666	0.00922	0.00251	0.00374	0.01479	0.00841	0.00722
67	0.02947	0.02172	0.02327	0.01784	0.02404	0.02404	0.01474	0.65329	0.03646	0.04887	0.01862	0.01862	0.01319	0.00931	0.00776	0.00233	0.00853	0.00698	0.00776	0.01319
68	0.01128	0.00752	0.00846	0.00846	0.00846	0.00752	0.00470	0.01128	0.01128	0.01503	0.02443	0.05074	0.02819	0.72751	0.03946	0.00752	0.00752	0.01128	0.00470	0.00470
69	0.00986	0.00707	0.00937	0.01051	0.01134	0.00657	0.00723	0.01184	0.01677	0.02286	0.21436	0.54208	0.05722	0.02200	0.00969	0.00296	0.00427	0.01987	0.00756	0.00657
70	0.01608	0.01378	0.01608	0.01148	0.01837	0.01034	0.00919	0.01952	0.01608	0.02527	0.01378	0.01608	0.01148	0.00574	0.00574	0.00115	0.00574	0.00459	0.00459	0.77491
71	0.00916	0.00785	0.00785	0.00785	0.01047	0.00655	0.00589	0.01113	0.01767	0.02095	0.07855	0.07462	0.67599	0.01964	0.00916	0.00262	0.00393	0.01636	0.00720	0.00655
72	0.01727	0.01820	0.03197	0.02490	0.02803	0.02160	0.26561	0.02091	0.01442	0.02106	0.01273	0.01901	0.01114	0.01245	0.04383	0.00342	0.41283	0.00777	0.00363	0.00920
73	0.01118	0.00799	0.01099	0.01278	0.01399	0.00779	0.01022	0.01380	0.01656	0.02174	0.04178	0.36071	0.04749	0.02266	0.01036	0.00339	0.00600	0.36665	0.00716	0.00678
74	0.78228	0.01499	0.01140	0.01020	0.01499	0.01739	0.00840	0.02279	0.01320	0.03479	0.01080	0.01260	0.00840	0.00720	0.00480	0.00240	0.00600	0.00420	0.00480	0.00840
75	0.01347	0.00673	0.01010	0.01010	0.01010	0.00673	0.00673	0.01010	0.01010	0.01347	0.01347	0.02357	0.01347	0.02694	0.03030	0.77441	0.00673	0.00673	0.00337	0.00337
76	0.02896	0.03695	0.02197	0.01998	0.02397	0.69638	0.01498	0.03096	0.02197	0.01898	0.01199	0.01398	0.00999	0.00799	0.00699	0.00200	0.01398	0.00499	0.00400	0.00899
77	0.01929	0.01666	0.01753	0.01578	0.02016	0.01929	0.01227	0.04120	0.66513	0.03243	0.03156	0.02893	0.02367	0.01052	0.00789	0.00263	0.00614	0.00877	0.00789	0.01227
78	0.01270	0.01150	0.04448	0.15375	0.06173	0.01063	0.01223	0.01695	0.01981	0.02785	0.43467	0.04383	0.05048	0.01272	0.00850	0.00239	0.00581	0.01125	0.00677	0.05195
79	0.02451	0.41302	0.03207	0.01635	0.02177	0.33628	0.01405	0.02677	0.01861	0.01858	0.01133	0.01315	0.00997	0.00726	0.00590	0.00181	0.01090	0.00454	0.00363	0.00951
80	0.44673	0.01392	0.01507	0.07161	0.01929	0.01621	0.04267	0.01995	0.01360	0.02810	0.01615	0.10860	0.01564	0.05135	0.01027	0.00293	0.08738	0.00770	0.00478	0.00805
81	0.02239	0.01828	0.01990	0.01781	0.05047	0.02070	0.01353	0.22716	0.44473	0.03713	0.02686	0.02535	0.01997	0.00999	0.00784	0.00252	0.00700	0.00814	0.00767	0.01255
82	0.01075	0.00792	0.01006	0.00952	0.01145	0.00722	0.00714	0.01420	0.02143	0.02985	0.60226	0.05996	0.14672	0.01631	0.00915	0.00246	0.00369	0.01431	0.00837	0.00722
83	0.01830	0.02092	0.04575	0.03268	0.04052	0.01961	0.65098	0.02484	0.01830	0.02484	0.01569	0.02092	0.01176	0.00654	0.00915	0.00261	0.01307	0.00915	0.00392	0.01046
84	0.02896	0.03695	0.02197	0.01998	0.02397	0.69638	0.01498	0.03096	0.02197	0.01898	0.01199	0.01398	0.00999	0.00799	0.00699	0.00200	0.01398	0.00499	0.00400	0.00899
85	0.01512	0.01480	0.02405	0.05299	0.06073	0.01752	0.13094	0.01815	0.01439	0.02045	0.02172	0.09800	0.06908	0.01851	0.09709	0.00414	0.29973	0.00977	0.00431	0.00850
86	0.67587	0.01479	0.01274	0.06613	0.01835	0.01702	0.00963	0.02346	0.01392	0.07287	0.01223	0.01407	0.00920	0.00739	0.00522	0.00241	0.00638	0.00463	0.00498	0.00870
87	0.01639	0.02035	0.16162	0.05913	0.09858	0.01391	0.06173	0.02146	0.01644	0.02478	0.01404	0.01710	0.01118	0.00639	0.00666	0.00174	0.00812	0.00555	0.00412	0.43073
88	0.24213	0.18008	0.04810	0.03727	0.01659	0.01645	0.01036	0.01803	0.01289	0.02175	0.01233	0.01755	0.01108	0.01587	0.03786	0.27770	0.00770	0.00540	0.00380	0.00706
89	0.02584	0.29790	0.12792	0.01505	0.02193	0.02031	0.01490	0.02950	0.01848	0.30406	0.01970	0.01914	0.01389	0.00823	0.00719	0.00215	0.03027	0.00603	0.00600	0.01152

[dist]
# distance from previous block
# <min> <max>
0	3

[block]
# block no. 2 follows, 25 sequences, length 54
# corresponding to MSA columns:
# 180-233
name=unknown_C
#
# <colnr> <probs for GDERKNQSTAVLIFYWHMCP>
#	G	D	E	R	K	N	Q	S	T	A	V	L	I	F	Y	W	H	M	C	P
0	0.06255	0.04722	0.29114	0.02080	0.05256	0.01679	0.09651	0.02824	0.01806	0.22890	0.01888	0.01984	0.01300	0.00820	0.00837	0.00247	0.04275	0.00675	0.00542	0.01156
1	0.18147	0.06254	0.05888	0.47358	0.04178	0.01819	0.01854	0.02094	0.01507	0.02322	0.01295	0.01814	0.00986	0.00754	0.00691	0.00248	0.00932	0.00606	0.00372	0.00881
2	0.05075	0.15644	0.19254	0.17351	0.16364	0.02040	0.02071	0.02472	0.08143	0.02373	0.01507	0.01823	0.01179	0.00753	0.00700	0.00232	0.00939	0.00616	0.00396	0.01067
3	0.01445	0.00723	0.00723	0.00723	0.00903	0.00723	0.00542	0.01807	0.01626	0.02891	0.02529	0.02891	0.01987	0.00903	0.00542	0.00181	0.00361	0.00723	0.77055	0.00723
4	0.01560	0.01484	0.02460	0.53358	0.14865	0.01809	0.02142	0.02032	0.01547	0.02056	0.01354	0.02006	0.01063	0.00822	0.00957	0.00262	0.08268	0.00688	0.00350	0.00918
5	0.01128	0.00752	0.00846	0.00846	0.00846	0.00752	0.00470	0.01128	0.01128	0.01503	0.02443	0.05074	0.02819	0.72751	0.03946	0.00752	0.00752	0.01128	0.00470	0.00470
6	0.01588	0.08457	0.64579	0.02153	0.03268	0.01882	0.02766	0.02447	0.01633	0.02415	0.01371	0.01612	0.00983	0.00732	0.00721	0.00240	0.01126	0.00563	0.00328	0.01136
7	0.00945	0.00675	0.00900	0.01080	0.01125	0.00630	0.00720	0.01080	0.01484	0.01979	0.04274	0.72245	0.05128	0.02429	0.00990	0.00315	0.00450	0.02204	0.00720	0.00630
8	0.02896	0.03695	0.02197	0.01998	0.02397	0.69638	0.01498	0.03096	0.02197	0.01898	0.01199	0.01398	0.00999	0.00799	0.00699	0.00200	0.01398	0.00499	0.00400	0.00899
9	0.01512	0.01363	0.01967	0.34957	0.05986	0.01376	0.01552	0.01936	0.01595	0.02239	0.01743	0.02168	0.04804	0.00753	0.00698	0.00197	0.00799	0.00645	0.00416	0.33296
10	0.06930	0.01570	0.01717	0.01349	0.01924	0.01528	0.01079	0.15196	0.15860	0.03255	0.06083	0.02179	0.01818	0.00822	0.00676	0.00187	0.00627	0.00654	0.00620	0.35926
11	0.01108	0.00828	0.01232	0.01232	0.01365	0.00961	0.00951	0.01375	0.01242	0.01789	0.02090	0.03119	0.01970	0.08208	0.67328	0.01228	0.02029	0.00841	0.00417	0.00684
12	0.01750	0.00937	0.01245	0.01086	0.01383	0.00843	0.00843	0.02097	0.02201	0.21008	0.49851	0.04928	0.05838	0.01414	0.00878	0.00243	0.00446	0.01232	0.00883	0.00893
13	0.01262	0.00819	0.01049	0.01111	0.01262	0.00775	0.00786	0.01576	0.05833	0.08415	0.12011	0.49724	0.08231	0.02075	0.00944	0.00293	0.00467	0.01858	0.00763	0.00746
14	0.01476	0.01190	0.01363	0.01250	0.01549	0.01277	0.00957	0.02673	0.31492	0.03170	0.38194	0.04471	0.05062	0.01342	0.00857	0.00253	0.00479	0.01163	0.00824	0.00957
15	0.02073	0.73217	0.04063	0.01327	0.01990	0.03068	0.01327	0.02322	0.01575	0.01824	0.01078	0.01244	0.00995	0.00663	0.00498	0.00166	0.00829	0.00415	0.00332	0.00995
16	0.03214	0.01744	0.02062	0.01581	0.02191	0.01770	0.01306	0.34438	0.02930	0.36788	0.02462	0.02252	0.01620	0.00945	0.00778	0.00236	0.00756	0.00739	0.00868	0.01319
17	0.01200	0.00848	0.01027	0.01065	0.01161	0.00841	0.00715	0.07128	0.01634	0.02196	0.08561	0.39743	0.04240	0.23781	0.01870	0.00435	0.00573	0.01669	0.00659	0.00653
18	0.06802	0.00986	0.01229	0.01178	0.01428	0.00941	0.00864	0.05292	0.01762	0.20039	0.03493	0.40872	0.03636	0.06361	0.01079	0.00314	0.00557	0.01556	0.00755	0.00855
19	0.01929	0.01666	0.01753	0.01578	0.02016	0.01929	0.01227	0.04120	0.66513	0.03243	0.03156	0.02893	0.02367	0.01052	0.00789	0.00263	0.00614	0.00877	0.00789	0.01227
20	0.01128	0.00752	0.00846	0.00846	0.00846	0.00752	0.00470	0.01128	0.01128	0.01503	0.02443	0.05074	0.02819	0.72751	0.03946	0.00752	0.00752	0.01128	0.00470	0.00470
21	0.01108	0.00831	0.01246	0.01246	0.01385	0.00969	0.00969	0.01385	0.01246	0.01800	0.02077	0.03046	0.01938	0.05815	0.69678	0.01246	0.02077	0.00831	0.00415	0.00692
22	0.00943	0.00680	0.00894	0.01065	0.01121	0.00631	0.00713	0.01081	0.01499	0.01985	0.04454	0.68971	0.08285	0.02406	0.00986	0.00312	0.00447	0.02176	0.00720	0.00631
23	0.01608	0.01378	0.01608	0.01148	0.01837	0.01034	0.00919	0.01952	0.01608	0.02527	0.01378	0.01608	0.01148	0.00574	0.00574	0.00115	0.00574	0.00459	0.00459	0.77491
24	0.00945	0.00675	0.00900	0.01080	0.01125	0.00630	0.00720	0.01080	0.01484	0.01979	0.04274	0.72245	0.05128	0.02429	0.00990	0.00315	0.00450	0.02204	0.00720	0.00630
25	0.06579	0.00820	0.01021	0.01063	0.01228	0.00780	0.00769	0.01470	0.01751	0.06784	0.22788	0.38670	0.07738	0.01937	0.00917	0.00283	0.00455	0.03467	0.00758	0.00723
26	0.02737	0.01159	0.01542	0.01237	0.01719	0.01008	0.01001	0.03040	0.02168	0.48508	0.16536	0.03767	0.09713	0.01188	0.00821	0.00243	0.00573	0.00993	0.00914	0.01133
27	0.01249	0.00892	0.01249	0.01428	0.01606	0.00892	0.01249	0.01606	0.01785	0.02320	0.04105	0.08746	0.04462	0.02142	0.01071	0.00357	0.00714	0.62695	0.00714	0.00714
28	0.01445	0.00723	0.00723	0.00723	0.00903	0.00723	0.00542	0.01807	0.01626	0.02891	0.02529	0.02891	0.01987	0.00903	0.00542	0.00181	0.00361	0.00723	0.77055	0.00723
29	0.05781	0.00764	0.01054	0.01020	0.01095	0.00766	0.00706	0.01304	0.01139	0.05940	0.01506	0.02342	0.01390	0.02376	0.02610	0.64014	0.00652	0.00669	0.04423	0.00449
30	0.02063	0.01766	0.01808	0.01604	0.02042	0.05043	0.01260	0.13244	0.48626	0.03346	0.02950	0.05529	0.02338	0.01121	0.00803	0.00261	0.00685	0.03567	0.00763	0.01181
31	0.01108	0.00831	0.01246	0.01246	0.01385	0.00969	0.00969	0.01385	0.01246	0.01800	0.02077	0.03046	0.01938	0.05815	0.69678	0.01246	0.02077	0.00831	0.00415	0.00692
32	0.01135	0.00864	0.01186	0.01222	0.01295	0.00976	0.00900	0.01325	0.01364	0.01945	0.02975	0.34186	0.03303	0.06763	0.22010	0.00612	0.10355	0.01438	0.05469	0.00675
33	0.01584	0.01595	0.02984	0.49457	0.07479	0.01794	0.19655	0.02137	0.01637	0.02143	0.01434	0.02068	0.01081	0.00738	0.00814	0.00258	0.01105	0.00752	0.00359	0.00927
34	0.00967	0.00787	0.00855	0.00838	0.01078	0.00676	0.00629	0.01210	0.01886	0.02376	0.24389	0.06999	0.50889	0.01859	0.00916	0.00257	0.00385	0.01571	0.00757	0.00676
35	0.01034	0.00712	0.00873	0.00965	0.00988	0.00689	0.00598	0.01103	0.01310	0.01747	0.03379	0.39404	0.03999	0.36811	0.02435	0.00528	0.00597	0.01678	0.00598	0.00552
36	0.01468	0.01373	0.02307	0.63030	0.09224	0.01675	0.02096	0.01962	0.01561	0.02017	0.01530	0.05604	0.01253	0.00853	0.00786	0.00259	0.00997	0.00766	0.00366	0.00874
37	0.00916	0.00785	0.00785	0.00785	0.01047	0.00655	0.00589	0.01113	0.01767	0.02095	0.07855	0.07462	0.67599	0.01964	0.00916	0.00262	0.00393	0.01636	0.00720	0.00655
38	0.03479	0.01320	0.01799	0.01380	0.01979	0.01140	0.01140	0.03779	0.02219	0.68451	0.03059	0.02639	0.01919	0.00960	0.00780	0.00240	0.00660	0.00780	0.00960	0.01320
39	0.01489	0.01426	0.02477	0.66337	0.05254	0.01739	0.06389	0.02015	0.01569	0.02015	0.01391	0.02069	0.01043	0.00767	0.00785	0.00259	0.01052	0.00704	0.00348	0.00874
40	0.06249	0.01925	0.15314	0.01567	0.02224	0.01433	0.01500	0.07597	0.07714	0.36413	0.04563	0.02758	0.01974	0.00991	0.00777	0.00249	0.00759	0.04025	0.00765	0.01204
41	0.01811	0.02054	0.04456	0.06853	0.04121	0.01948	0.61761	0.02457	0.01815	0.02457	0.01559	0.02090	0.01169	0.00660	0.00908	0.00261	0.01293	0.00903	0.00390	0.01036
42	0.03386	0.01300	0.01763	0.01358	0.01945	0.01122	0.01120	0.03682	0.02203	0.66041	0.03233	0.02814	0.04305	0.00996	0.00785	0.00241	0.00650	0.00811	0.00951	0.01295
43	0.01822	0.01743	0.02972	0.18875	0.54557	0.01817	0.02331	0.02295	0.01720	0.02415	0.01441	0.01951	0.01187	0.00709	0.00769	0.00236	0.00945	0.00690	0.00375	0.01150
44	0.01464	0.01378	0.02326	0.70887	0.05340	0.01723	0.02153	0.01981	0.01550	0.01981	0.01378	0.02067	0.01034	0.00775	0.00775	0.00258	0.01034	0.00689	0.00345	0.00861
45	0.00916	0.00785	0.00785	0.00785	0.01047	0.00655	0.00589	0.01113	0.01767	0.02095	0.07855	0.07462	0.67599	0.01964	0.00916	0.00262	0.00393	0.01636	0.00720	0.00655
46	0.04053	0.01348	0.01144	0.01092	0.01365	0.12755	0.00819	0.01697	0.04495	0.02380	0.19653	0.08390	0.34736	0.01615	0.00861	0.00248	0.00580	0.01337	0.00689	0.00743
47	0.02714	0.01849	0.02139	0.05165	0.02356	0.02034	0.01413	0.41367	0.02941	0.15250	0.02357	0.02357	0.05719	0.01035	0.00951	0.00247	0.07383	0.00771	0.00741	0.01208
48	0.02422	0.01495	0.01813	0.08997	0.02338	0.01593	0.01279	0.06082	0.31540	0.26106	0.03078	0.02867	0.04803	0.01023	0.00789	0.00253	0.00676	0.00847	0.00797	0.01199
49	0.01545	0.01442	0.02261	0.47703	0.04267	0.01740	0.04270	0.02223	0.09399	0.02165	0.01602	0.02157	0.01245	0.01059	0.03907	0.00301	0.06656	0.00714	0.00409	0.04937
50	0.01747	0.01489	0.01902	0.20579	0.02887	0.01438	0.01344	0.09760	0.05254	0.02699	0.01530	0.01834	0.01201	0.00698	0.00666	0.00177	0.00737	0.00574	0.00483	0.42999
51	0.15060	0.01572	0.01570	0.01369	0.01787	0.04777	0.01086	0.08510	0.24842	0.10108	0.03014	0.02924	0.09710	0.01078	0.00812	0.00249	0.03963	0.00828	0.05699	0.01044
52	0.06723	0.01054	0.01165	0.01040	0.01347	0.01071	0.00810	0.10016	0.01883	0.10104	0.02487	0.09064	0.02075	0.01411	0.06006	0.00290	0.00622	0.00842	0.37795	0.04195
53	0.06694	0.01463	0.01329	0.01192	0.01533	0.10486	0.00921	0.09394	0.05510	0.07103	0.12438	0.06577	0.21435	0.01341	0.00788	0.00238	0.00622	0.01087	0.08980	0.00868

[dist]
# distance from previous block
# <min> <max>
0	19

[block]
# block no. 3 follows, 25 sequences, length 42
# corresponding to MSA columns:
# 253-294
name=unknown_D
#
# <colnr> <probs for GDERKNQSTAVLIFYWHMCP>
#	G	D	E	R	K	N	Q	S	T	A	V	L	I	F	Y	W	H	M	C	P
0	0.01964	0.01499	0.01665	0.01440	0.01875	0.01609	0.01126	0.11104	0.35394	0.07891	0.10919	0.07987	0.02907	0.01152	0.00797	0.00245	0.00601	0.00970	0.00772	0.08080
1	0.03030	0.01245	0.01671	0.01322	0.01864	0.01075	0.01084	0.03327	0.02129	0.55480	0.05308	0.05221	0.05163	0.01098	0.00798	0.00242	0.00630	0.03443	0.00904	0.04966
2	0.01450	0.00922	0.01165	0.01090	0.01346	0.00843	0.00827	0.04334	0.02008	0.10900	0.30327	0.20291	0.11818	0.01683	0.00899	0.00259	0.00469	0.04009	0.00794	0.04566
3	0.03230	0.01375	0.01792	0.01411	0.01985	0.01266	0.01154	0.03834	0.12553	0.57970	0.03075	0.02680	0.01991	0.00974	0.00781	0.00244	0.00652	0.00795	0.00932	0.01305
4	0.01154	0.00742	0.00988	0.01083	0.01192	0.00684	0.00752	0.01341	0.01661	0.06967	0.15167	0.55687	0.05277	0.02177	0.00961	0.00297	0.00450	0.01962	0.00760	0.00697
5	0.01464	0.01378	0.02326	0.70887	0.05340	0.01723	0.02153	0.01981	0.01550	0.01981	0.01378	0.02067	0.01034	0.00775	0.00775	0.00258	0.01034	0.00689	0.00345	0.00861
6	0.01589	0.08509	0.64530	0.02153	0.03267	0.01883	0.02765	0.02447	0.01633	0.02414	0.01371	0.01611	0.00983	0.00732	0.00721	0.00240	0.01125	0.00563	0.00328	0.01136
7	0.01696	0.01696	0.02375	0.02036	0.02036	0.02375	0.01696	0.01866	0.01187	0.01866	0.01018	0.01696	0.01018	0.01357	0.02545	0.00339	0.71332	0.00679	0.00339	0.00848
8	0.01919	0.01842	0.03147	0.04759	0.67914	0.01842	0.02380	0.02380	0.01765	0.02533	0.01458	0.01919	0.01228	0.00691	0.00768	0.00230	0.00921	0.00691	0.00384	0.01228
9	0.03479	0.01320	0.01799	0.01380	0.01979	0.01140	0.01140	0.03779	0.02219	0.68451	0.03059	0.02639	0.01919	0.00960	0.00780	0.00240	0.00660	0.00780	0.00960	0.01320
10	0.02019	0.01645	0.01756	0.01566	0.02014	0.01883	0.01222	0.04100	0.62779	0.07031	0.03150	0.02878	0.02341	0.01047	0.00788	0.00262	0.00616	0.00871	0.00799	0.01233
11	0.01084	0.00781	0.01031	0.01026	0.01186	0.00727	0.00768	0.01413	0.02051	0.02870	0.52677	0.16613	0.06754	0.01761	0.00938	0.00264	0.00405	0.06114	0.00822	0.00714
12	0.01902	0.01649	0.01786	0.05603	0.02209	0.01917	0.01281	0.03996	0.62740	0.03170	0.03053	0.02845	0.02289	0.01036	0.00788	0.00263	0.00638	0.00866	0.00763	0.01206
13	0.00945	0.00675	0.00900	0.01080	0.01125	0.00630	0.00720	0.01080	0.01484	0.01979	0.04274	0.72245	0.05128	0.02429	0.00990	0.00315	0.00450	0.02204	0.00720	0.00630
14	0.03479	0.01320	0.01799	0.01380	0.01979	0.01140	0.01140	0.03779	0.02219	0.68451	0.03059	0.02639	0.01919	0.00960	0.00780	0.00240	0.00660	0.00780	0.00960	0.01320
15	0.08541	0.01216	0.01581	0.01263	0.01761	0.01094	0.01027	0.03153	0.02147	0.49105	0.17199	0.03235	0.03035	0.01080	0.00787	0.00241	0.00590	0.00891	0.00900	0.01153
16	0.01077	0.00787	0.01012	0.00966	0.01149	0.00722	0.00720	0.01421	0.02133	0.02986	0.60409	0.08686	0.11733	0.01649	0.00918	0.00248	0.00371	0.01453	0.00838	0.00722
17	0.00941	0.00742	0.00849	0.00916	0.01086	0.00650	0.00651	0.01125	0.01685	0.02122	0.10726	0.33179	0.38338	0.02122	0.00945	0.00282	0.00414	0.01846	0.00730	0.00650
18	0.78228	0.01499	0.01140	0.01020	0.01499	0.01739	0.00840	0.02279	0.01320	0.03479	0.01080	0.01260	0.00840	0.00720	0.00480	0.00240	0.00600	0.00420	0.00480	0.00840
19	0.03383	0.01298	0.01769	0.01363	0.01946	0.01123	0.01123	0.03685	0.02218	0.65812	0.05662	0.02766	0.02137	0.00985	0.00785	0.00240	0.00648	0.00805	0.00955	0.01296
20	0.01128	0.00752	0.00846	0.00846	0.00846	0.00752	0.00470	0.01128	0.01128	0.01503	0.02443	0.05074	0.02819	0.72751	0.03946	0.00752	0.00752	0.01128	0.00470	0.00470
21	0.01065	0.00796	0.00992	0.00955	0.01154	0.00722	0.00724	0.01394	0.02084	0.02855	0.51822	0.06284	0.20170	0.01692	0.00922	0.00253	0.00387	0.04196	0.00819	0.00714
22	0.01054	0.00791	0.00977	0.00930	0.01132	0.00713	0.00698	0.01380	0.02093	0.02867	0.53261	0.06191	0.21711	0.01676	0.00915	0.00248	0.00372	0.01458	0.00822	0.00713
23	0.01445	0.00723	0.00723	0.00723	0.00903	0.00723	0.00542	0.01807	0.01626	0.02891	0.02529	0.02891	0.01987	0.00903	0.00542	0.00181	0.00361	0.00723	0.77055	0.00723
24	0.01347	0.00673	0.01010	0.01010	0.01010	0.00673	0.00673	0.01010	0.01010	0.01347	0.01347	0.02357	0.01347	0.02694	0.03030	0.77441	0.00673	0.00673	0.00337	0.00337
25	0.01055	0.00727	0.00899	0.00992	0.01025	0.00707	0.00638	0.01141	0.01334	0.01775	0.03381	0.35344	0.03969	0.36249	0.02418	0.00528	0.00614	0.06046	0.00599	0.00559
26	0.01608	0.01378	0.01608	0.01148	0.01837	0.01034	0.00919	0.01952	0.01608	0.02527	0.01378	0.01608	0.01148	0.00574	0.00574	0.00115	0.00574	0.00459	0.00459	0.77491
27	0.01108	0.00831	0.01246	0.01246	0.01385	0.00969	0.00969	0.01385	0.01246	0.01800	0.02077	0.03046	0.01938	0.05815	0.69678	0.01246	0.02077	0.00831	0.00415	0.00692
28	0.01128	0.00752	0.00846	0.00846	0.00846	0.00752	0.00470	0.01128	0.01128	0.01503	0.02443	0.05074	0.02819	0.72751	0.03946	0.00752	0.00752	0.01128	0.00470	0.00470
