[name]
unknown

[dist]
# distance from previous block
# <min> <max>
0	36

[block]
# block no. 0 follows, 24 sequences, length 13
# corresponding to MSA columns:
# 36-48
name=unknown_A
#
# <colnr> <probs for GDERKNQSTAVLIFYWHMCP>
#	G	D	E	R	K	N	Q	S	T	A	V	L	I	F	Y	W	H	M	C	P
0	0.03240	0.06391	0.01952	0.01412	0.01989	0.01282	0.01190	0.03548	0.02181	0.56859	0.03085	0.03187	0.02141	0.01074	0.00805	0.00251	0.00692	0.06540	0.00912	0.01267
1	0.03310	0.01370	0.01922	0.01687	0.07548	0.01208	0.01255	0.03634	0.02229	0.59215	0.05906	0.02784	0.02156	0.00987	0.00803	0.00245	0.00684	0.00819	0.00926	0.01314
2	0.02403	0.01917	0.02200	0.05091	0.07943	0.02087	0.01484	0.31938	0.21622	0.03905	0.02186	0.02204	0.01627	0.00922	0.00775	0.00236	0.00784	0.00741	0.00709	0.09228
3	0.01452	0.00747	0.00779	0.00779	0.00961	0.00758	0.00587	0.01816	0.01634	0.02873	0.02552	0.02968	0.02029	0.01298	0.05652	0.00266	0.00500	0.00747	0.70864	0.00737
4	0.02127	0.01558	0.01799	0.01578	0.04353	0.01659	0.01202	0.26196	0.12844	0.06897	0.26440	0.03615	0.03840	0.01214	0.00848	0.00247	0.00641	0.01016	0.00819	0.01106
5	0.01240	0.00717	0.01001	0.01046	0.01076	0.00703	0.00705	0.01120	0.01265	0.01696	0.06302	0.18427	0.02931	0.11086	0.02531	0.42561	0.00631	0.03997	0.00497	0.00469
6	0.01554	0.04413	0.01968	0.07985	0.18025	0.01433	0.01403	0.02287	0.13167	0.02903	0.31100	0.03899	0.04230	0.01188	0.00845	0.00247	0.00638	0.01054	0.00675	0.00985
7	0.01959	0.01283	0.01481	0.03724	0.01729	0.01320	0.01002	0.11980	0.04932	0.08330	0.02184	0.02414	0.01674	0.00909	0.00790	0.00205	0.05787	0.00694	0.33027	0.14576
8	0.01478	0.00739	0.00739	0.00739	0.00924	0.00739	0.00554	0.01848	0.01663	0.02956	0.02587	0.02956	0.02033	0.00924	0.00554	0.00185	0.00370	0.00739	0.76534	0.00739
9	0.21314	0.08901	0.25177	0.02248	0.12666	0.12345	0.01973	0.02543	0.01695	0.02647	0.01295	0.01549	0.01011	0.00745	0.00665	0.00233	0.01006	0.00539	0.00395	0.01053
10	0.08895	0.08746	0.44288	0.02252	0.07610	0.01956	0.04870	0.02616	0.06815	0.02632	0.01525	0.01749	0.01132	0.00765	0.00723	0.00245	0.01040	0.00606	0.00395	0.01139
11	0.01746	0.03383	0.47897	0.08563	0.03367	0.01901	0.02528	0.07682	0.10188	0.02771	0.01696	0.01902	0.01222	0.00815	0.00767	0.00254	0.01066	0.00648	0.00435	0.01170
12	0.18110	0.01775	0.05170	0.23190	0.14021	0.03614	0.01753	0.06757	0.06806	0.08975	0.01692	0.01982	0.01257	0.00816	0.00725	0.00250	0.00877	0.00660	0.00514	0.01058

[dist]
# distance from previous block
# <min> <max>
0	5

[block]
# block no. 1 follows, 24 sequences, length 99
# corresponding to MSA columns:
# 54-152
name=unknown_B
#
# <colnr> <probs for GDERKNQSTAVLIFYWHMCP>
#	G	D	E	R	K	N	Q	S	T	A	V	L	I	F	Y	W	H	M	C	P
0	0.02089	0.49576	0.10097	0.01666	0.02382	0.08359	0.07018	0.02446	0.01696	0.02038	0.01207	0.01423	0.01043	0.00691	0.00592	0.00186	0.00956	0.00495	0.00358	0.05682
1	0.05482	0.07999	0.02916	0.03586	0.41510	0.12257	0.01996	0.05846	0.01931	0.02602	0.01419	0.01772	0.01183	0.00728	0.00727	0.00219	0.00969	0.00627	0.00421	0.05810
2	0.03131	0.01284	0.01721	0.01368	0.01906	0.01140	0.01111	0.03528	0.05285	0.55513	0.08661	0.06741	0.02637	0.01123	0.00821	0.00251	0.00635	0.00936	0.00950	0.01255
3	0.01467	0.00884	0.01100	0.01017	0.01266	0.00792	0.00759	0.01740	0.01999	0.13243	0.32471	0.10928	0.19783	0.07561	0.01178	0.00302	0.00469	0.01427	0.00815	0.00797
4	0.00983	0.00794	0.00874	0.00878	0.01105	0.00685	0.00649	0.01218	0.01881	0.02372	0.21332	0.13415	0.47107	0.01964	0.00944	0.00269	0.00401	0.01674	0.00768	0.00685
5	0.01116	0.00803	0.01046	0.00998	0.01171	0.00744	0.00738	0.01464	0.02167	0.03060	0.61211	0.09236	0.07198	0.04279	0.01054	0.00272	0.00393	0.01465	0.00851	0.00733
6	0.01728	0.01760	0.03335	0.33063	0.19140	0.01871	0.22883	0.02290	0.01731	0.02326	0.01493	0.02088	0.01151	0.00732	0.00839	0.00259	0.01124	0.00782	0.00378	0.01029
7	0.01153	0.00769	0.00865	0.00865	0.00865	0.00769	0.00480	0.01153	0.01153	0.01538	0.02499	0.05189	0.02883	0.72131	0.04036	0.00769	0.00769	0.01153	0.00480	0.00480
8	0.02978	0.02203	0.02359	0.01817	0.02445	0.02442	0.01498	0.62411	0.05918	0.04938	0.01951	0.01941	0.01386	0.00956	0.00794	0.00239	0.00864	0.00720	0.00794	0.01345
9	0.02962	0.03779	0.02247	0.02043	0.02451	0.68948	0.01532	0.03166	0.02247	0.01941	0.01226	0.01430	0.01021	0.00817	0.00715	0.00204	0.01430	0.00511	0.00409	0.00919
10	0.77733	0.01534	0.01166	0.01043	0.01534	0.01779	0.00859	0.02331	0.01350	0.03558	0.01104	0.01288	0.00859	0.00736	0.00491	0.00245	0.00613	0.00429	0.00491	0.00859
11	0.05111	0.05907	0.05089	0.01929	0.06161	0.19475	0.04820	0.15497	0.02194	0.02863	0.01652	0.02039	0.01352	0.04516	0.01033	0.00256	0.06783	0.00666	0.11656	0.00999
12	0.01169	0.00862	0.01099	0.01073	0.01260	0.00815	0.00796	0.01580	0.05264	0.02850	0.44153	0.16869	0.06237	0.04948	0.01079	0.00288	0.00447	0.04761	0.00805	0.03647
13	0.02024	0.05537	0.03163	0.12572	0.39159	0.04077	0.08863	0.07915	0.04116	0.02690	0.01560	0.01978	0.01252	0.00750	0.00788	0.00240	0.00993	0.00718	0.00435	0.01173
14	0.02856	0.09407	0.02462	0.02073	0.04974	0.53717	0.01550	0.09507	0.02331	0.02281	0.01297	0.01487	0.01065	0.00815	0.00708	0.00206	0.01303	0.00532	0.00442	0.00986
15	0.02851	0.01510	0.01832	0.01478	0.02044	0.01483	0.01192	0.06455	0.23512	0.38280	0.02971	0.02667	0.02027	0.00980	0.00784	0.00243	0.00661	0.00801	0.00874	0.07355
16	0.01999	0.43657	0.23597	0.01778	0.02597	0.06894	0.05058	0.02475	0.01684	0.02102	0.01234	0.01449	0.01023	0.00710	0.00619	0.00202	0.01009	0.00505	0.00345	0.01061
17	0.01934	0.01996	0.08595	0.13229	0.17933	0.04036	0.13905	0.06382	0.01877	0.06098	0.01748	0.06244	0.01457	0.00888	0.00909	0.00250	0.04744	0.00816	0.00466	0.06494
18	0.00993	0.00711	0.00944	0.01086	0.01156	0.00662	0.00738	0.01171	0.01641	0.02220	0.14942	0.60484	0.05624	0.02338	0.00999	0.00310	0.00446	0.02115	0.00759	0.00662
19	0.04930	0.52732	0.10670	0.01572	0.02283	0.06430	0.03676	0.05822	0.01767	0.02194	0.01204	0.01388	0.01035	0.00711	0.00575	0.00190	0.00923	0.00479	0.00375	0.01043
20	0.01153	0.00769	0.00865	0.00865	0.00865	0.00769	0.00480	0.01153	0.01153	0.01538	0.02499	0.05189	0.02883	0.72131	0.04036	0.00769	0.00769	0.01153	0.00480	0.00480
21	0.02387	0.01873	0.02264	0.08117	0.11902	0.02076	0.01594	0.25549	0.25289	0.06991	0.02335	0.02347	0.01723	0.00948	0.00797	0.00251	0.00801	0.00781	0.00712	0.01261
22	0.01194	0.00886	0.01159	0.01265	0.01427	0.00888	0.00993	0.01633	0.07126	0.02400	0.11846	0.28360	0.07206	0.02308	0.04470	0.00371	0.00648	0.24335	0.00741	0.00745
23	0.01157	0.00849	0.01159	0.01152	0.01234	0.00954	0.00827	0.01330	0.01237	0.01741	0.02293	0.06126	0.02381	0.29449	0.40809	0.01025	0.04192	0.01000	0.00452	0.00630
24	0.01966	0.01848	0.03076	0.12215	0.56564	0.01901	0.02357	0.05769	0.01885	0.02657	0.01505	0.01977	0.01238	0.00730	0.00786	0.00239	0.00952	0.00707	0.00410	0.01218
25	0.02601	0.02894	0.02325	0.02017	0.02341	0.37428	0.01589	0.13372	0.02191	0.02458	0.01287	0.01604	0.01084	0.01012	0.01297	0.00253	0.22211	0.00601	0.00456	0.00978
26	0.02004	0.01389	0.01716	0.07578	0.05644	0.01455	0.01230	0.08249	0.20108	0.14325	0.14884	0.03858	0.11707	0.01228	0.00842	0.00256	0.00636	0.01038	0.00776	0.01077
27	0.02084	0.63317	0.06060	0.01408	0.02058	0.06138	0.01387	0.02353	0.01639	0.01899	0.01285	0.04870	0.01232	0.00779	0.00553	0.00182	0.00867	0.00527	0.00363	0.00999
28	0.12235	0.02863	0.38457	0.01798	0.02633	0.01626	0.02059	0.05819	0.01843	0.09281	0.07754	0.06409	0.01953	0.00970	0.00756	0.00253	0.00913	0.00772	0.00519	0.01085
29	0.04882	0.02259	0.05493	0.04071	0.04369	0.18434	0.01396	0.17306	0.10620	0.03086	0.07965	0.03064	0.11485	0.01112	0.00795	0.00241	0.00886	0.00869	0.00633	0.01035
30	0.02994	0.03649	0.02225	0.02009	0.02429	0.65307	0.01512	0.03204	0.02248	0.05474	0.01328	0.01498	0.01072	0.00826	0.00719	0.00206	0.01389	0.00526	0.00439	0.00942
31	0.01644	0.01409	0.01644	0.01175	0.01879	0.01057	0.00940	0.01997	0.01644	0.02584	0.01409	0.01644	0.01175	0.00587	0.00587	0.00117	0.00587	0.00470	0.00470	0.76979
32	0.01498	0.01409	0.02378	0.70226	0.05462	0.01762	0.02202	0.02026	0.01586	0.02026	0.01409	0.02114	0.01057	0.00793	0.00793	0.00264	0.01057	0.00705	0.00352	0.00881
33	0.01963	0.01884	0.03219	0.04867	0.67185	0.01884	0.02434	0.02434	0.01806	0.02591	0.01492	0.01963	0.01256	0.00707	0.00785	0.00236	0.00942	0.00707	0.00393	0.01256
34	0.01923	0.01844	0.03148	0.10392	0.61967	0.01874	0.02414	0.02399	0.01787	0.02543	0.01485	0.01975	0.01239	0.00714	0.00786	0.00238	0.00952	0.00706	0.00389	0.01224
35	0.02563	0.02395	0.02207	0.04792	0.02428	0.19163	0.01497	0.28929	0.09712	0.03395	0.02066	0.02181	0.04674	0.01030	0.00997	0.00248	0.09256	0.00729	0.00622	0.01117
36	0.01518	0.01449	0.02503	0.66611	0.05390	0.01775	0.05558	0.02054	0.01601	0.02054	0.01420	0.02116	0.01065	0.00786	0.00801	0.00264	0.01072	0.00717	0.00355	0.00891
37	0.01487	0.01389	0.02332	0.63873	0.07671	0.01706	0.02132	0.01992	0.01591	0.02048	0.01574	0.05893	0.01293	0.00882	0.00804	0.00266	0.01020	0.00789	0.00375	0.00883
38	0.00969	0.00813	0.00847	0.00864	0.01124	0.00692	0.00665	0.01185	0.01809	0.02163	0.07680	0.07753	0.61123	0.02025	0.00952	0.00277	0.00432	0.07217	0.00736	0.00675
39	0.01035	0.00748	0.00981	0.01064	0.01178	0.00694	0.00755	0.01273	0.01815	0.02476	0.27959	0.41870	0.08723	0.02129	0.00983	0.00294	0.00435	0.04113	0.00787	0.00687
40	0.01600	0.00916	0.01213	0.01079	0.01349	0.00830	0.00830	0.01961	0.02250	0.15849	0.54278	0.05291	0.06399	0.01496	0.00908	0.00249	0.00433	0.01309	0.00894	0.00866
41	0.03558	0.01350	0.01840	0.01411	0.02024	0.01166	0.01166	0.03865	0.02270	0.67734	0.03128	0.02699	0.01963	0.00981	0.00797	0.00245	0.00675	0.00797	0.00981	0.01350
42	0.01643	0.10886	0.61698	0.02171	0.03294	0.01970	0.02774	0.02498	0.01668	0.02447	0.01391	0.01634	0.01006	0.00746	0.00729	0.00243	0.01140	0.00570	0.00335	0.01157
43	0.02838	0.02133	0.02280	0.01789	0.02392	0.02377	0.01465	0.54320	0.14237	0.04713	0.02128	0.02083	0.01530	0.00973	0.00796	0.00243	0.00831	0.00745	0.00796	0.01333
44	0.02083	0.61857	0.11947	0.01491	0.02221	0.05201	0.01556	0.02418	0.01640	0.01948	0.01146	0.01327	0.01016	0.00692	0.00546	0.00181	0.00908	0.00447	0.00341	0.01033
45	0.01498	0.01409	0.02378	0.70226	0.05462	0.01762	0.02202	0.02026	0.01586	0.02026	0.01409	0.02114	0.01057	0.00793	0.00793	0.00264	0.01057	0.00705	0.00352	0.00881
46	0.00983	0.00702	0.00939	0.01123	0.01177	0.00659	0.00765	0.01133	0.01535	0.02043	0.04361	0.68228	0.05208	0.02468	0.01017	0.00324	0.00475	0.05474	0.00736	0.00649
47	0.02717	0.01857	0.02028	0.01573	0.02146	0.01972	0.01288	0.44596	0.03116	0.09944	0.02067	0.02104	0.01487	0.00918	0.00741	0.00220	0.00757	0.00703	0.11875	0.07891
48	0.01133	0.00850	0.01274	0.01274	0.01416	0.00991	0.00991	0.01416	0.01274	0.01841	0.02124	0.03115	0.01982	0.05947	0.68989	0.01274	0.02124	0.00850	0.00425	0.00708
49	0.01203	0.00828	0.01086	0.01011	0.01212	0.00762	0.00762	0.01575	0.02245	0.05309	0.64667	0.05817	0.07300	0.01600	0.00931	0.00249	0.00384	0.01413	0.00877	0.00768
50	0.73749	0.01524	0.01202	0.01063	0.01560	0.01746	0.00875	0.02413	0.01399	0.07005	0.01213	0.01364	0.00918	0.00749	0.00507	0.00245	0.00617	0.00449	0.00517	0.00885
51	0.02606	0.05273	0.03014	0.02329	0.02891	0.31501	0.18731	0.16455	0.02415	0.02775	0.01469	0.01733	0.01144	0.00820	0.00848	0.00233	0.03546	0.00675	0.00487	0.01057
52	0.02962	0.03779	0.02247	0.02043	0.02451	0.68948	0.01532	0.03166	0.02247	0.01941	0.01226	0.01430	0.01021	0.00817	0.00715	0.00204	0.01430	0.00511	0.00409	0.00919
53	0.01152	0.00774	0.00890	0.00890	0.00899	0.00782	0.00512	0.01169	0.01161	0.01556	0.02476	0.05062	0.02828	0.68078	0.08015	0.00800	0.00852	0.01135	0.00477	0.00494
54	0.75235	0.01527	0.01188	0.01055	0.01550	0.01758	0.00869	0.02383	0.01381	0.05719	0.01172	0.01336	0.00896	0.00744	0.00501	0.00245	0.00615	0.00442	0.00507	0.00875
55	0.02387	0.01861	0.07516	0.01543	0.02147	0.04231	0.01330	0.11283	0.18084	0.19006	0.06578	0.02535	0.02088	0.00943	0.00762	0.00226	0.00726	0.00762	0.00733	0.15258
56	0.57388	0.05524	0.11269	0.01265	0.01875	0.01814	0.01213	0.02468	0.01476	0.07825	0.01294	0.01444	0.00966	0.00753	0.00552	0.00242	0.00712	0.00478	0.00494	0.00948
57	0.02965	0.02055	0.02251	0.01746	0.02349	0.02236	0.01433	0.55188	0.03469	0.11173	0.02153	0.05537	0.01609	0.01033	0.00805	0.00243	0.00832	0.00801	0.00809	0.01313
58	0.01023	0.00731	0.00986	0.01169	0.01240	0.00693	0.00835	0.01203	0.01575	0.02088	0.04339	0.60134	0.05120	0.02431	0.01027	0.00330	0.00510	0.13170	0.00735	0.00660
59	0.01893	0.01892	0.03464	0.11401	0.46268	0.01899	0.16559	0.02415	0.01798	0.02520	0.01509	0.02019	0.01223	0.00707	0.00820	0.00246	0.01044	0.00759	0.00390	0.01174
60	0.01552	0.00811	0.00818	0.00791	0.00998	0.00822	0.00600	0.04868	0.01762	0.03055	0.02554	0.02906	0.02000	0.00925	0.00566	0.00187	0.00394	0.00738	0.72884	0.00768
61	0.02962	0.03779	0.02247	0.02043	0.02451	0.68948	0.01532	0.03166	0.02247	0.01941	0.01226	0.01430	0.01021	0.00817	0.00715	0.00204	0.01430	0.00511	0.00409	0.00919
62	0.02768	0.03169	0.02171	0.01929	0.02374	0.47287	0.01473	0.10848	0.15294	0.02592	0.01714	0.01797	0.01345	0.00886	0.00743	0.00221	0.01200	0.00614	0.00536	0.01040
63	0.01001	0.00727	0.00951	0.01109	0.01193	0.00677	0.00778	0.01176	0.01603	0.02115	0.07147	0.57162	0.10703	0.02379	0.01011	0.00319	0.00478	0.08072	0.00741	0.00659
64	0.01478	0.00739	0.00739	0.00739	0.00924	0.00739	0.00554	0.01848	0.01663	0.02956	0.02587	0.02956	0.02033	0.00924	0.00554	0.00185	0.00370	0.00739	0.76534	0.00739
65	0.02059	0.02140	0.02895	0.15959	0.44628	0.13884	0.02231	0.02493	0.01846	0.02374	0.01429	0.01894	0.01179	0.00742	0.00774	0.00235	0.01050	0.00671	0.00388	0.01129
66	0.01133	0.00850	0.01274	0.01274	0.01416	0.00991	0.00991	0.01416	0.01274	0.01841	0.02124	0.03115	0.01982	0.05947	0.68989	0.01274	0.02124	0.00850	0.00425	0.00708
67	0.01137	0.00831	0.01181	0.01181	0.01290	0.00940	0.00874	0.01356	0.01247	0.01771	0.02210	0.03590	0.02188	0.21083	0.54135	0.01159	0.01814	0.00919	0.00438	0.00656
68	0.01114	0.00810	0.01048	0.00989	0.01180	0.00745	0.00742	0.01480	0.02225	0.03133	0.64086	0.06001	0.10192	0.01639	0.00935	0.00250	0.00375	0.01445	0.00867	0.00745
69	0.77733	0.01534	0.01166	0.01043	0.01534	0.01779	0.00859	0.02331	0.01350	0.03558	0.01104	0.01288	0.00859	0.00736	0.00491	0.00245	0.00613	0.00429	0.00491	0.00859
70	0.01122	0.00811	0.01060	0.00998	0.01185	0.00748	0.00748	0.01496	0.02245	0.03180	0.66766	0.05923	0.07482	0.01621	0.00935	0.00249	0.00374	0.01434	0.00873	0.00748
71	0.00966	0.00690	0.00920	0.01104	0.01150	0.00644	0.00736	0.01104	0.01518	0.02024	0.04371	0.71614	0.05245	0.02484	0.01012	0.00322	0.00460	0.02254	0.00736	0.00644
72	0.02600	0.33362	0.03067	0.01748	0.02273	0.40663	0.01457	0.02826	0.01974	0.01908	0.01173	0.01362	0.01020	0.00758	0.00626	0.00189	0.01180	0.00473	0.00379	0.00962
73	0.01963	0.01884	0.03219	0.04867	0.67185	0.01884	0.02434	0.02434	0.01806	0.02591	0.01492	0.01963	0.01256	0.00707	0.00785	0.00236	0.00942	0.00707	0.00393	0.01256
74	0.02001	0.02348	0.12822	0.11668	0.09985	0.05512	0.31676	0.05718	0.01937	0.06118	0.01621	0.02033	0.01200	0.00740	0.00850	0.00256	0.01185	0.00793	0.00437	0.01099
75	0.01972	0.01703	0.01793	0.01614	0.02062	0.01972	0.01255	0.04214	0.65752	0.03317	0.03228	0.02959	0.02421	0.01076	0.00807	0.00269	0.00628	0.00897	0.00807	0.01255
76	0.01353	0.01040	0.01542	0.06027	0.08948	0.01060	0.01439	0.01731	0.01797	0.02362	0.03742	0.10159	0.04017	0.01956	0.01040	0.00343	0.00763	0.49218	0.00671	0.00793
77	0.01897	0.02163	0.06573	0.09151	0.06511	0.05628	0.39038	0.02723	0.10428	0.02543	0.01751	0.02166	0.01331	0.00775	0.00940	0.00265	0.03747	0.00852	0.00446	0.01074
78	0.01278	0.00913	0.01278	0.01460	0.01643	0.00913	0.01278	0.01643	0.01825	0.02373	0.04199	0.08945	0.04564	0.02191	0.01095	0.00365	0.00730	0.61847	0.00730	0.00730
79	0.05234	0.03458	0.46123	0.02788	0.17865	0.05959	0.02636	0.02525	0.01725	0.02542	0.01412	0.01708	0.01056	0.00746	0.00746	0.00244	0.01110	0.00602	0.00360	0.01161
80	0.01117	0.00806	0.01060	0.01030	0.01205	0.00748	0.00774	0.01471	0.02163	0.03043	0.58417	0.11510	0.07148	0.01722	0.00950	0.00261	0.00399	0.04581	0.00854	0.00739
81	0.01748	0.01774	0.02649	0.02205	0.02284	0.02387	0.07854	0.01970	0.01279	0.01970	0.01096	0.01774	0.01057	0.01318	0.02439	0.00339	0.63899	0.00718	0.00352	0.00887
82	0.02708	0.02625	0.04529	0.08664	0.05012	0.23016	0.01629	0.32695	0.02844	0.03510	0.01638	0.01810	0.01228	0.00878	0.00758	0.00228	0.01059	0.00646	0.03386	0.01137
83	0.03409	0.01317	0.01792	0.01386	0.01973	0.01140	0.01140	0.03720	0.02268	0.63780	0.07026	0.02897	0.02301	0.01021	0.00806	0.00246	0.00656	0.00836	0.00975	0.01313
84	0.01760	0.02189	0.10507	0.02996	0.03765	0.01855	0.51676	0.02414	0.01864	0.02561	0.06052	0.04923	0.01754	0.00808	0.00921	0.00267	0.01224	0.00984	0.00439	0.01042
85	0.00977	0.00705	0.00926	0.01082	0.01149	0.00654	0.00731	0.01137	0.01589	0.02123	0.09559	0.63521	0.08121	0.02394	0.01003	0.00314	0.00451	0.02163	0.00747	0.00654
86	0.01153	0.00769	0.00865	0.00865	0.00865	0.00769	0.00480	0.01153	0.01153	0.01538	0.02499	0.05189	0.02883	0.72131	0.04036	0.00769	0.00769	0.01153	0.00480	0.00480
87	0.02967	0.03622	0.02261	0.02021	0.02452	0.62243	0.01530	0.09356	0.02397	0.02249	0.01294	0.01478	0.01054	0.00831	0.00723	0.00208	0.01374	0.00531	0.00447	0.00963
88	0.01202	0.00859	0.01191	0.01374	0.01523	0.00847	0.01146	0.01512	0.01751	0.02288	0.04240	0.24195	0.04729	0.02262	0.01075	0.00355	0.00664	0.47346	0.00732	0.00709
89	0.01732	0.01879	0.03929	0.02891	0.03529	0.01806	0.50395	0.02294	0.01783	0.02453	0.01970	0.11240	0.01753	0.00954	0.01022	0.00276	0.04913	0.01089	0.03103	0.00991
90	0.01644	0.01409	0.01644	0.01175	0.01879	0.01057	0.00940	0.01997	0.01644	0.02584	0.01409	0.01644	0.01175	0.00587	0.00587	0.00117	0.00587	0.00470	0.00470	0.76979
91	0.01298	0.04202	0.01272	0.01064	0.01316	0.00990	0.00821	0.06949	0.02245	0.03071	0.46575	0.08945	0.15014	0.01619	0.00908	0.00251	0.00447	0.01401	0.00815	0.00796
92	0.00937	0.00803	0.00803	0.00803	0.01071	0.00669	0.00602	0.01138	0.01807	0.02142	0.08033	0.07632	0.66863	0.02008	0.00937	0.00268	0.00402	0.01674	0.00736	0.00669
93	0.01644	0.01409	0.01644	0.01175	0.01879	0.01057	0.00940	0.01997	0.01644	0.02584	0.01409	0.01644	0.01175	0.00587	0.00587	0.00117	0.00587	0.00470	0.00470	0.76979
94	0.77733	0.01534	0.01166	0.01043	0.01534	0.01779	0.00859	0.02331	0.01350	0.03558	0.01104	0.01288	0.00859	0.00736	0.00491	0.00245	0.00613	0.00429	0.00491	0.00859
95	0.01590	0.04102	0.68023	0.02260	0.03432	0.01842	0.02930	0.02511	0.01674	0.02511	0.01423	0.01674	0.01005	0.00753	0.00753	0.00251	0.01172	0.00586	0.00335	0.01172
96	0.06046	0.01808	0.03923	0.04738	0.02273	0.01959	0.01352	0.15811	0.39833	0.06640	0.02890	0.02745	0.04370	0.01041	0.00790	0.00260	0.00706	0.00842	0.00759	0.01217
97	0.01879	0.06284	0.04195	0.01434	0.01882	0.01621	0.01189	0.05141	0.31524	0.08414	0.14621	0.03785	0.06638	0.01214	0.00821	0.00255	0.00621	0.04062	0.00765	0.03655
98	0.01974	0.09166	0.20555	0.05440	0.02601	0.01665	0.04888	0.02738	0.10039	0.13352	0.09773	0.02524	0.02155	0.00910	0.00759	0.00232	0.00834	0.00759	0.00585	0.09051

[dist]
# distance from previous block
# <min> <max>
2	5

[block]
# block no. 2 follows, 24 sequences, length 66
# corresponding to MSA columns:
# 158-223
name=unknown_C
#
# <colnr> <probs for GDERKNQSTAVLIFYWHMCP>
#	G	D	E	R	K	N	Q	S	T	A	V	L	I	F	Y	W	H	M	C	P
0	0.01824	0.08231	0.16907	0.02926	0.15176	0.02016	0.23195	0.02587	0.08128	0.02515	0.01729	0.04308	0.01404	0.00832	0.00911	0.00256	0.04703	0.00806	0.00430	0.01115
1	0.02307	0.33645	0.07288	0.01863	0.05352	0.20102	0.01592	0.05995	0.04435	0.02192	0.01296	0.01516	0.01105	0.00818	0.00813	0.00211	0.07509	0.00530	0.00404	0.01026
2	0.02036	0.02039	0.11185	0.01981	0.05678	0.01836	0.07744	0.07798	0.33290	0.07808	0.02833	0.02766	0.05280	0.00992	0.00810	0.00256	0.00796	0.00857	0.00680	0.03335
3	0.02422	0.01961	0.02028	0.01824	0.05579	0.08164	0.01369	0.16273	0.34001	0.10008	0.02575	0.02454	0.01899	0.00972	0.00782	0.00245	0.00772	0.00781	0.00746	0.05146
4	0.01774	0.05049	0.03030	0.02844	0.18127	0.01738	0.22075	0.05543	0.07911	0.02651	0.04552	0.13878	0.02351	0.01126	0.00879	0.00266	0.00926	0.03692	0.00540	0.01048
5	0.02440	0.01886	0.02020	0.01686	0.02212	0.02124	0.01348	0.27300	0.39271	0.06730	0.02716	0.02544	0.01990	0.01024	0.00801	0.00256	0.00723	0.00822	0.00809	0.01295
6	0.01173	0.00899	0.01313	0.01291	0.01412	0.01063	0.00996	0.01425	0.01261	0.01820	0.02087	0.03201	0.01998	0.11178	0.59386	0.01174	0.06336	0.00865	0.00425	0.00699
7	0.01527	0.01439	0.02431	0.66102	0.09355	0.01770	0.02217	0.02052	0.01600	0.02062	0.01415	0.02105	0.01070	0.00787	0.00792	0.00262	0.01050	0.00705	0.00355	0.00905
8	0.01900	0.41135	0.26769	0.01812	0.02637	0.02585	0.05003	0.02407	0.01626	0.02130	0.01238	0.01481	0.01023	0.00742	0.00726	0.00213	0.04646	0.00521	0.00341	0.01067
9	0.01963	0.01884	0.03219	0.04867	0.67185	0.01884	0.02434	0.02434	0.01806	0.02591	0.01492	0.01963	0.01256	0.00707	0.00785	0.00236	0.00942	0.00707	0.00393	0.01256
10	0.01116	0.00806	0.01054	0.01002	0.01183	0.00744	0.00748	0.01480	0.02214	0.03131	0.64150	0.08678	0.07388	0.01657	0.00939	0.00252	0.00378	0.01468	0.00867	0.00744
11	0.02120	0.72609	0.04155	0.01357	0.02035	0.03138	0.01357	0.02374	0.01611	0.01866	0.01102	0.01272	0.01018	0.00678	0.00509	0.00170	0.00848	0.00424	0.00339	0.01018
12	0.02775	0.05319	0.02203	0.01664	0.02223	0.02061	0.01380	0.43514	0.03115	0.13521	0.02389	0.07314	0.01937	0.01144	0.00818	0.00251	0.00803	0.05542	0.00790	0.01236
13	0.00966	0.00690	0.00920	0.01104	0.01150	0.00644	0.00736	0.01104	0.01518	0.02024	0.04371	0.71614	0.05245	0.02484	0.01012	0.00322	0.00460	0.02254	0.00736	0.00644
14	0.00947	0.00804	0.00817	0.00813	0.01077	0.00674	0.00610	0.01157	0.01830	0.02196	0.11094	0.07543	0.63768	0.01988	0.00937	0.00267	0.00400	0.01661	0.00743	0.00674
15	0.01590	0.04102	0.68023	0.02260	0.03432	0.01842	0.02930	0.02511	0.01674	0.02511	0.01423	0.01674	0.01005	0.00753	0.00753	0.00251	0.01172	0.00586	0.00335	0.01172
16	0.03558	0.01350	0.01840	0.01411	0.02024	0.01166	0.01166	0.03865	0.02270	0.67734	0.03128	0.02699	0.01963	0.00981	0.00797	0.00245	0.00675	0.00797	0.00981	0.01350
17	0.01153	0.00769	0.00865	0.00865	0.00865	0.00769	0.00480	0.01153	0.01153	0.01538	0.02499	0.05189	0.02883	0.72131	0.04036	0.00769	0.00769	0.01153	0.00480	0.00480
18	0.77733	0.01534	0.01166	0.01043	0.01534	0.01779	0.00859	0.02331	0.01350	0.03558	0.01104	0.01288	0.00859	0.00736	0.00491	0.00245	0.00613	0.00429	0.00491	0.00859
19	0.01972	0.01703	0.01793	0.01614	0.02062	0.01972	0.01255	0.04214	0.65752	0.03317	0.03228	0.02959	0.02421	0.01076	0.00807	0.00269	0.00628	0.00897	0.00807	0.01255
20	0.02742	0.03170	0.02156	0.01926	0.02364	0.47846	0.01467	0.08847	0.16796	0.02524	0.01740	0.01819	0.01368	0.00888	0.00743	0.00222	0.01198	0.00616	0.00533	0.01034
21	0.01940	0.01861	0.03178	0.08053	0.64177	0.01878	0.02422	0.02414	0.01795	0.02563	0.01488	0.01970	0.01246	0.00711	0.00785	0.00237	0.00948	0.00706	0.00391	0.01238
22	0.01872	0.02139	0.04679	0.03342	0.04144	0.02005	0.64305	0.02540	0.01872	0.02540	0.01604	0.02139	0.01203	0.00668	0.00936	0.00267	0.01337	0.00936	0.00401	0.01070
23	0.01963	0.01884	0.03219	0.04867	0.67185	0.01884	0.02434	0.02434	0.01806	0.02591	0.01492	0.01963	0.01256	0.00707	0.00785	0.00236	0.00942	0.00707	0.00393	0.01256
24	0.01547	0.01460	0.02468	0.63292	0.12009	0.01775	0.02227	0.02069	0.01609	0.02086	0.01418	0.02098	0.01078	0.00784	0.00792	0.00261	0.01045	0.00705	0.00357	0.00921
25	0.03530	0.01395	0.01868	0.01432	0.02047	0.01233	0.01183	0.07027	0.02346	0.64464	0.03065	0.02658	0.01931	0.00980	0.00797	0.00245	0.00685	0.00793	0.00972	0.01349
26	0.00966	0.00690	0.00920	0.01104	0.01150	0.00644	0.00736	0.01104	0.01518	0.02024	0.04371	0.71614	0.05245	0.02484	0.01012	0.00322	0.00460	0.02254	0.00736	0.00644
27	0.02831	0.02405	0.02213	0.01799	0.02346	0.16410	0.01441	0.39940	0.10271	0.06426	0.04549	0.02112	0.01668	0.00965	0.00784	0.00235	0.00936	0.00723	0.00723	0.01223
28	0.02920	0.02151	0.02313	0.01791	0.02399	0.02376	0.01472	0.61627	0.03627	0.04861	0.02017	0.05105	0.01528	0.01022	0.00803	0.00242	0.00854	0.00785	0.00791	0.01316
29	0.01498	0.01409	0.02378	0.70226	0.05462	0.01762	0.02202	0.02026	0.01586	0.02026	0.01409	0.02114	0.01057	0.00793	0.00793	0.00264	0.01057	0.00705	0.00352	0.00881
30	0.01535	0.01447	0.02445	0.65027	0.10371	0.01772	0.02221	0.02058	0.01603	0.02071	0.01416	0.02102	0.01073	0.00786	0.00792	0.00262	0.01048	0.00705	0.00356	0.00911
31	0.01071	0.00852	0.00990	0.01153	0.01218	0.04223	0.00778	0.01212	0.01556	0.02020	0.04206	0.67937	0.05023	0.02397	0.00997	0.00316	0.00511	0.02163	0.00719	0.00659
32	0.02962	0.03779	0.02247	0.02043	0.02451	0.68948	0.01532	0.03166	0.02247	0.01941	0.01226	0.01430	0.01021	0.00817	0.00715	0.00204	0.01430	0.00511	0.00409	0.00919
33	0.01798	0.02257	0.15643	0.02733	0.03490	0.01748	0.39959	0.02435	0.01832	0.05842	0.02061	0.06536	0.01764	0.00952	0.00915	0.00276	0.01164	0.07080	0.00470	0.01045
34	0.01122	0.00811	0.01060	0.00998	0.01185	0.00748	0.00748	0.01496	0.02245	0.03180	0.66766	0.05923	0.07482	0.01621	0.00935	0.00249	0.00374	0.01434	0.00873	0.00748
35	0.69042	0.01634	0.01212	0.01090	0.01560	0.05962	0.00885	0.02359	0.01422	0.03424	0.01189	0.01384	0.00930	0.00751	0.00508	0.00240	0.00652	0.00451	0.04449	0.00856
36	0.02900	0.02715	0.05798	0.02025	0.05275	0.21213	0.01616	0.38994	0.03065	0.06191	0.01713	0.01789	0.01256	0.00894	0.00769	0.00229	0.01042	0.00652	0.00650	0.01214
37	0.01963	0.38539	0.30810	0.01789	0.02654	0.07680	0.02031	0.02493	0.01687	0.02142	0.01247	0.01453	0.01012	0.00721	0.00627	0.00206	0.01029	0.00499	0.00343	0.01075
38	0.02398	0.01541	0.01779	0.01550	0.02025	0.01649	0.01245	0.06985	0.37269	0.21569	0.03240	0.03507	0.02477	0.01169	0.00836	0.00272	0.00665	0.07750	0.00847	0.01227
39	0.00966	0.00690	0.00920	0.01104	0.01150	0.00644	0.00736	0.01104	0.01518	0.02024	0.04371	0.71614	0.05245	0.02484	0.01012	0.00322	0.00460	0.02254	0.00736	0.00644
40	0.01848	0.02017	0.03615	0.02748	0.03187	0.04416	0.34874	0.02285	0.01597	0.02244	0.01346	0.01939	0.01126	0.00988	0.01657	0.00300	0.31644	0.00816	0.00378	0.00976
41	0.01922	0.01994	0.03386	0.02913	0.11829	0.04763	0.27677	0.05493	0.04179	0.02518	0.03860	0.02128	0.01438	0.00949	0.01370	0.00281	0.20999	0.00824	0.00437	0.01040
42	0.03558	0.01350	0.01840	0.01411	0.02024	0.01166	0.01166	0.03865	0.02270	0.67734	0.03128	0.02699	0.01963	0.00981	0.00797	0.00245	0.00675	0.00797	0.00981	0.01350
43	0.01122	0.00811	0.01060	0.00998	0.01185	0.00748	0.00748	0.01496	0.02245	0.03180	0.66766	0.05923	0.07482	0.01621	0.00935	0.00249	0.00374	0.01434	0.00873	0.00748
44	0.03254	0.08132	0.02054	0.01427	0.02029	0.01438	0.01193	0.03761	0.08940	0.54667	0.02947	0.02591	0.01922	0.00963	0.00771	0.00241	0.00686	0.00773	0.00902	0.01308
45	0.01822	0.01863	0.05373	0.12889	0.44470	0.01843	0.08733	0.02309	0.01741	0.02453	0.01608	0.05285	0.01396	0.00828	0.00888	0.00252	0.03907	0.00799	0.00401	0.01139
46	0.03558	0.01350	0.01840	0.01411	0.02024	0.01166	0.01166	0.03865	0.02270	0.67734	0.03128	0.02699	0.01963	0.00981	0.00797	0.00245	0.00675	0.00797	0.00981	0.01350
47	0.03558	0.01350	0.01840	0.01411	0.02024	0.01166	0.01166	0.03865	0.02270	0.67734	0.03128	0.02699	0.01963	0.00981	0.00797	0.00245	0.00675	0.00797	0.00981	0.01350
48	0.09686	0.13009	0.05708	0.04214	0.02415	0.17005	0.01494	0.22968	0.10417	0.03279	0.01682	0.01775	0.01287	0.00861	0.00705	0.00227	0.00958	0.00615	0.00575	0.01121
49	0.06666	0.02446	0.02091	0.04365	0.02396	0.21650	0.01426	0.21957	0.22552	0.03388	0.02059	0.02071	0.01552	0.00934	0.00758	0.00239	0.00951	0.00696	0.00652	0.01150
50	0.01079	0.00809	0.00999	0.00952	0.01158	0.00730	0.00714	0.01412	0.02141	0.02935	0.52884	0.06327	0.21518	0.01713	0.00936	0.00254	0.00381	0.01491	0.00841	0.00730
51	0.00937	0.00803	0.00803	0.00803	0.01071	0.00669	0.00602	0.01138	0.01807	0.02142	0.08033	0.07632	0.66863	0.02008	0.00937	0.00268	0.00402	0.01674	0.00736	0.00669
52	0.04490	0.36608	0.20336	0.01956	0.06071	0.10882	0.04974	0.02519	0.01722	0.02170	0.01247	0.01477	0.01032	0.00718	0.00634	0.00206	0.01027	0.00518	0.00358	0.01056
53	0.01913	0.04890	0.10266	0.03471	0.18371	0.04332	0.39829	0.02529	0.01841	0.02504	0.01530	0.01998	0.01183	0.00691	0.00861	0.00253	0.01216	0.00817	0.00391	0.01115
54	0.01937	0.01858	0.03173	0.08411	0.63838	0.01877	0.02421	0.02412	0.01794	0.02560	0.01487	0.01971	0.01245	0.00711	0.00785	0.00237	0.00948	0.00706	0.00390	0.01236
55	0.77733	0.01534	0.01166	0.01043	0.01534	0.01779	0.00859	0.02331	0.01350	0.03558	0.01104	0.01288	0.00859	0.00736	0.00491	0.00245	0.00613	0.00429	0.00491	0.00859
56	0.00995	0.00712	0.00946	0.01084	0.01157	0.00663	0.00738	0.01177	0.01653	0.02238	0.15916	0.59459	0.05659	0.02325	0.00998	0.00309	0.00444	0.02103	0.00761	0.00663
57	0.01638	0.08325	0.60828	0.02257	0.03380	0.01932	0.05898	0.02504	0.01680	0.02472	0.01412	0.01672	0.01015	0.00744	0.00747	0.00247	0.01160	0.00593	0.00338	0.01157
58	0.02985	0.01224	0.01648	0.01307	0.01825	0.01065	0.01062	0.03300	0.02245	0.52716	0.15366	0.03520	0.05795	0.01146	0.00830	0.00247	0.00606	0.00955	0.00950	0.01207
59	0.00966	0.00690	0.00920	0.01104	0.01150	0.00644	0.00736	0.01104	0.01518	0.02024	0.04371	0.71614	0.05245	0.02484	0.01012	0.00322	0.00460	0.02254	0.00736	0.00644
60	0.01795	0.02346	0.13446	0.09800	0.04173	0.01958	0.49451	0.02485	0.01815	0.02485	0.01559	0.02071	0.01161	0.00693	0.00896	0.00265	0.01286	0.00863	0.00387	0.01065
61	0.01940	0.02145	0.04185	0.10765	0.04126	0.05441	0.51077	0.05456	0.01947	0.02568	0.01577	0.02089	0.01184	0.00704	0.00902	0.00262	0.01288	0.00877	0.00415	0.01054
62	0.01666	0.13829	0.58954	0.02132	0.03234	0.02026	0.02706	0.02492	0.01665	0.02420	0.01378	0.01617	0.01006	0.00743	0.00719	0.00240	0.01126	0.00563	0.00335	0.01150
63	0.01122	0.00811	0.01060	0.00998	0.01185	0.00748	0.00748	0.01496	0.02245	0.03180	0.66766	0.05923	0.07482	0.01621	0.00935	0.00249	0.00374	0.01434	0.00873	0.00748
64	0.03071	0.01274	0.01694	0.01340	0.01879	0.01126	0.01092	0.03463	0.04972	0.54059	0.10811	0.03340	0.05963	0.01113	0.00821	0.00248	0.00624	0.00921	0.00949	0.01240
65	0.01826	0.17939	0.38348	0.02337	0.05238	0.05224	0.13471	0.02516	0.01727	0.02358	0.01382	0.01671	0.01051	0.00724	0.00734	0.00234	0.01138	0.00615	0.00353	0.01113

[dist]
# distance from previous block
# <min> <max>
7	9

[block]
# block no. 3 follows, 24 sequences, length 47
# corresponding to MSA columns:
# 233-279
name=unknown_D
#
# <colnr> <probs for GDERKNQSTAVLIFYWHMCP>
#	G	D	E	R	K	N	Q	S	T	A	V	L	I	F	Y	W	H	M	C	P
0	0.01636	0.01451	0.01937	0.01693	0.01763	0.01887	0.01348	0.06799	0.01414	0.02071	0.01567	0.02677	0.01587	0.17335	0.11236	0.00548	0.41009	0.00815	0.00422	0.00802
1	0.00966	0.00690	0.00920	0.01104	0.01150	0.00644	0.00736	0.01104	0.01518	0.02024	0.04371	0.71614	0.05245	0.02484	0.01012	0.00322	0.00460	0.02254	0.00736	0.00644
2	0.01589	0.01351	0.01585	0.01169	0.01820	0.01023	0.00923	0.01924	0.01634	0.02538	0.01651	0.07362	0.01507	0.00742	0.00622	0.00134	0.00577	0.00616	0.00492	0.70741
3	0.01672	0.01410	0.01638	0.01202	0.01861	0.01121	0.00959	0.04365	0.04035	0.02740	0.05871	0.01987	0.01648	0.00687	0.00626	0.00136	0.00585	0.00559	0.00521	0.66376
4	0.01464	0.00773	0.00824	0.04098	0.01140	0.00790	0.00630	0.01824	0.01635	0.02845	0.02526	0.03020	0.02025	0.04234	0.00728	0.00216	0.00421	0.00757	0.69315	0.00734
5	0.02689	0.03274	0.02252	0.02018	0.02353	0.52860	0.01549	0.04908	0.02083	0.02032	0.01245	0.01554	0.01067	0.01088	0.03263	0.00265	0.13612	0.00561	0.00411	0.00917
6	0.02406	0.01453	0.01939	0.05078	0.10135	0.01319	0.01295	0.02968	0.08792	0.27018	0.04881	0.02413	0.01861	0.00853	0.00738	0.00208	0.00682	0.00717	0.00698	0.24546
7	0.05744	0.35905	0.14832	0.01715	0.02390	0.23136	0.01669	0.02641	0.01807	0.02081	0.01198	0.01393	0.01009	0.00737	0.00615	0.00198	0.01075	0.00480	0.00367	0.01008
8	0.03558	0.01350	0.01840	0.01411	0.02024	0.01166	0.01166	0.03865	0.02270	0.67734	0.03128	0.02699	0.01963	0.00981	0.00797	0.00245	0.00675	0.00797	0.00981	0.01350
9	0.04448	0.62687	0.08565	0.01431	0.02137	0.02976	0.01460	0.04879	0.01693	0.02090	0.01158	0.01327	0.01025	0.00697	0.00537	0.00181	0.00865	0.00447	0.00362	0.01037
10	0.01799	0.01672	0.02638	0.17652	0.38463	0.01784	0.02078	0.02551	0.11992	0.02563	0.02109	0.02687	0.03830	0.00900	0.00810	0.00254	0.00887	0.03720	0.00479	0.01132
11	0.01668	0.01538	0.06365	0.18046	0.02896	0.01290	0.04969	0.02089	0.01673	0.06937	0.01909	0.10540	0.01696	0.00916	0.00735	0.00205	0.00773	0.00805	0.00497	0.34451
12	0.01608	0.03983	0.64186	0.02326	0.03475	0.01852	0.06648	0.02513	0.01686	0.02513	0.01434	0.01702	0.01017	0.00748	0.00764	0.00252	0.01182	0.00607	0.00339	0.01166
13	0.07360	0.48141	0.03559	0.01610	0.02223	0.17738	0.05176	0.02559	0.01752	0.02037	0.01161	0.01361	0.01019	0.00713	0.00580	0.00188	0.00992	0.00475	0.00369	0.00988
14	0.01122	0.00811	0.01060	0.00998	0.01185	0.00748	0.00748	0.01496	0.02245	0.03180	0.66766	0.05923	0.07482	0.01621	0.00935	0.00249	0.00374	0.01434	0.00873	0.00748
15	0.01133	0.00850	0.01274	0.01274	0.01416	0.00991	0.00991	0.01416	0.01274	0.01841	0.02124	0.03115	0.01982	0.05947	0.68989	0.01274	0.02124	0.00850	0.00425	0.00708
16	0.01528	0.01200	0.01444	0.01164	0.01675	0.00943	0.00890	0.01817	0.01634	0.05123	0.02333	0.21836	0.02379	0.01150	0.00718	0.00182	0.00554	0.00997	0.00568	0.51863
17	0.01144	0.00765	0.00868	0.00876	0.00879	0.00763	0.00493	0.01151	0.01171	0.01561	0.02589	0.08395	0.02997	0.68771	0.03890	0.00747	0.00754	0.01206	0.00493	0.00488
18	0.02104	0.61895	0.11004	0.01477	0.02207	0.02965	0.01535	0.05285	0.01717	0.02082	0.01175	0.01345	0.01032	0.00699	0.00549	0.00182	0.00884	0.00455	0.00360	0.01050
19	0.12838	0.29755	0.22290	0.01804	0.02583	0.09188	0.06766	0.02502	0.01678	0.02358	0.01249	0.01477	0.01006	0.00722	0.00633	0.00216	0.01008	0.00522	0.00372	0.01034
20	0.00969	0.00715	0.00895	0.01036	0.01122	0.00655	0.00699	0.01113	0.01557	0.02024	0.04982	0.56395	0.16868	0.05579	0.01136	0.00332	0.00463	0.02093	0.00724	0.00641
21	0.00962	0.00705	0.00904	0.01063	0.01139	0.00648	0.00718	0.01109	0.01557	0.02040	0.04868	0.62932	0.13606	0.02420	0.01002	0.00315	0.00452	0.02176	0.00736	0.00648
22	0.02841	0.04660	0.02394	0.04247	0.02519	0.02418	0.01506	0.55024	0.08771	0.04638	0.01968	0.01977	0.01416	0.00947	0.00784	0.00239	0.00858	0.00719	0.00762	0.01312
23	0.01846	0.06281	0.01904	0.01267	0.01962	0.01371	0.01038	0.09789	0.01901	0.02836	0.01450	0.01652	0.01186	0.00639	0.00608	0.00136	0.00640	0.00497	0.00501	0.62497
24	0.01857	0.01425	0.03833	0.01332	0.01652	0.08812	0.01088	0.02208	0.02145	0.15191	0.36332	0.04702	0.04904	0.01413	0.00968	0.00258	0.03887	0.06305	0.00784	0.00902
25	0.01622	0.06377	0.62767	0.02281	0.03418	0.01894	0.05827	0.02508	0.01682	0.02490	0.01421	0.01683	0.01015	0.00747	0.00754	0.00249	0.01169	0.00597	0.00338	0.01162
26	0.01113	0.00779	0.00999	0.01032	0.01083	0.00814	0.00681	0.01224	0.01255	0.01717	0.02721	0.16479	0.03034	0.39552	0.23202	0.00842	0.01125	0.01259	0.00509	0.00579
27	0.06947	0.12586	0.19516	0.02015	0.09076	0.04789	0.01805	0.07698	0.02030	0.23190	0.01931	0.01953	0.01353	0.00827	0.00721	0.00233	0.00901	0.00639	0.00593	0.01198
28	0.03407	0.01591	0.01990	0.01526	0.02145	0.01524	0.01260	0.20698	0.02674	0.50329	0.02789	0.02478	0.01792	0.00973	0.00796	0.00243	0.00730	0.00774	0.00929	0.01349
29	0.00966	0.00690	0.00920	0.01104	0.01150	0.00644	0.00736	0.01104	0.01518	0.02024	0.04371	0.71614	0.05245	0.02484	0.01012	0.00322	0.00460	0.02254	0.00736	0.00644
30	0.05189	0.07466	0.41986	0.06007	0.16840	0.01928	0.04805	0.02456	0.01686	0.02515	0.01409	0.01731	0.01061	0.00737	0.00742	0.00244	0.01079	0.00613	0.00358	0.01148
31	0.01984	0.07767	0.16616	0.02227	0.02957	0.01775	0.23985	0.06656	0.02047	0.10587	0.12898	0.02675	0.02325	0.00907	0.00838	0.00249	0.00989	0.00877	0.00559	0.01084
32	0.09103	0.01252	0.01537	0.01236	0.01732	0.01123	0.00990	0.04794	0.02080	0.29265	0.17649	0.06108	0.03138	0.01100	0.00772	0.00225	0.00579	0.00913	0.00797	0.15610
33	0.67667	0.01509	0.01257	0.01093	0.01600	0.01696	0.00900	0.02539	0.01474	0.12267	0.01379	0.01480	0.01009	0.00769	0.00532	0.00245	0.00622	0.00479	0.00557	0.00925
34	0.02601	0.02266	0.11781	0.02264	0.07122	0.02006	0.12392	0.27729	0.05578	0.15115	0.02036	0.02105	0.01428	0.00871	0.00813	0.00247	0.00951	0.00757	0.00670	0.01266
35	0.02093	0.01840	0.03106	0.04585	0.61860	0.01825	0.02330	0.02551	0.01844	0.07914	0.01625	0.02023	0.01314	0.00729	0.00786	0.00236	0.00920	0.00714	0.00441	0.01264
36	0.01224	0.00874	0.01213	0.01380	0.01535	0.00874	0.01160	0.01541	0.01733	0.02270	0.04066	0.17052	0.04479	0.05197	0.04074	0.00414	0.00754	0.48744	0.00708	0.00708
37	0.03305	0.01471	0.01987	0.01732	0.07380	0.01354	0.01297	0.07832	0.05756	0.54730	0.02918	0.02600	0.01889	0.00962	0.00797	0.00245	0.00707	0.00790	0.00911	0.01337
38	0.09676	0.02089	0.17875	0.01611	0.02343	0.01478	0.01586	0.06188	0.04794	0.40514	0.02480	0.02298	0.01622	0.00907	0.00759	0.00247	0.00797	0.00713	0.00764	0.01258
39	0.00966	0.00690	0.00920	0.01104	0.01150	0.00644	0.00736	0.01104	0.01518	0.02024	0.04371	0.71614	0.05245	0.02484	0.01012	0.00322	0.00460	0.02254	0.00736	0.00644
40	0.02236	0.01834	0.01941	0.01667	0.02162	0.02095	0.01319	0.19464	0.50072	0.03742	0.02893	0.02692	0.02150	0.01045	0.00803	0.00261	0.00690	0.00850	0.00803	0.01279
41	0.02368	0.01686	0.02162	0.01705	0.04240	0.01594	0.06431	0.21945	0.02415	0.13729	0.02038	0.06184	0.01607	0.00890	0.00746	0.00204	0.00756	0.00753	0.00661	0.27884
42	0.01602	0.07683	0.62201	0.02167	0.03277	0.01873	0.02768	0.02468	0.01691	0.02500	0.03723	0.01803	0.01235	0.00780	0.00747	0.00247	0.01126	0.00607	0.00354	0.01149
43	0.01813	0.32903	0.41172	0.01880	0.02845	0.02387	0.02269	0.02454	0.01648	0.02240	0.01288	0.01505	0.01010	0.00722	0.00651	0.00217	0.01036	0.00518	0.00337	0.01107
44	0.01017	0.00770	0.01088	0.01175	0.01279	0.00713	0.03500	0.01201	0.01611	0.02148	0.09571	0.59342	0.08984	0.02306	0.00998	0.00310	0.00488	0.02095	0.00733	0.00673
45	0.01793	0.01714	0.03309	0.02926	0.14231	0.01635	0.33081	0.04455	0.01861	0.05648	0.02330	0.18724	0.02220	0.01134	0.00916	0.00273	0.01010	0.01196	0.00522	0.01024
46	0.02034	0.01890	0.03032	0.04365	0.56867	0.01931	0.02263	0.06759	0.07807	0.02819	0.01679	0.02050	0.01369	0.00757	0.00788	0.00239	0.00909	0.00724	0.00457	0.01262

[dist]
# distance from previous block
# <min> <max>
4	5

[block]
# block no. 4 follows, 24 sequences, length 17
# corresponding to MSA columns:
# 285-301
name=unknown_E
#
# <colnr> <probs for GDERKNQSTAVLIFYWHMCP>
#	G	D	E	R	K	N	Q	S	T	A	V	L	I	F	Y	W	H	M	C	P
0	0.33512	0.01536	0.01632	0.04618	0.01947	0.01702	0.04942	0.16636	0.01981	0.03495	0.01687	0.02109	0.01357	0.06628	0.00902	0.00279	0.00714	0.00649	0.12738	0.00937
1	0.01798	0.01402	0.01502	0.01189	0.01675	0.03989	0.00937	0.09790	0.01926	0.02926	0.03814	0.02259	0.01661	0.02907	0.00784	0.00185	0.02749	0.00631	0.20884	0.36993
2	0.01318	0.01580	0.11763	0.05074	0.02423	0.01210	0.15947	0.01731	0.01651	0.02243	0.03141	0.36974	0.03431	0.01705	0.00953	0.00300	0.00818	0.06319	0.00581	0.00839
3	0.01995	0.01454	0.01568	0.01355	0.01743	0.01602	0.01069	0.19264	0.22741	0.03599	0.09518	0.03002	0.02560	0.01239	0.03248	0.00273	0.00651	0.00862	0.21191	0.01066
4	0.01446	0.00875	0.01145	0.01059	0.01296	0.00793	0.00800	0.01777	0.02149	0.12278	0.48080	0.12630	0.09292	0.01641	0.00924	0.00258	0.00428	0.01443	0.00867	0.00820
5	0.01237	0.00892	0.01216	0.01377	0.06607	0.00832	0.00925	0.01527	0.01914	0.05269	0.28993	0.25394	0.12259	0.01864	0.00953	0.00281	0.00490	0.06427	0.00772	0.00773
6	0.01777	0.02089	0.10843	0.17396	0.27028	0.05947	0.08880	0.02288	0.01764	0.02393	0.04653	0.05457	0.01639	0.00886	0.00878	0.00254	0.03540	0.00812	0.00416	0.01059
7	0.01505	0.01733	0.09224	0.01864	0.02099	0.01812	0.06571	0.01793	0.01437	0.02061	0.02580	0.11213	0.11071	0.03593	0.01879	0.00328	0.36885	0.01046	0.00457	0.00849
8	0.01000	0.00714	0.00959	0.01143	0.01203	0.00673	0.00795	0.01162	0.01551	0.02062	0.04352	0.64852	0.05171	0.02453	0.01021	0.00327	0.00489	0.08685	0.00735	0.00653
9	0.01693	0.03432	0.47234	0.02799	0.11390	0.01880	0.15316	0.02508	0.01730	0.02527	0.01468	0.01804	0.01076	0.00730	0.00794	0.00253	0.01177	0.00672	0.00355	0.01161
10	0.02312	0.02169	0.01751	0.01638	0.04077	0.24548	0.01211	0.08494	0.14850	0.05659	0.02239	0.04770	0.01789	0.00972	0.00716	0.00222	0.00865	0.00746	0.19973	0.00999
11	0.01035	0.00739	0.00999	0.01183	0.01259	0.00703	0.00856	0.01223	0.01586	0.02101	0.04333	0.57760	0.05094	0.02419	0.01031	0.00332	0.00520	0.15429	0.00735	0.00663
