[name]
unknown

[dist]
# distance from previous block
# <min> <max>
0	9

[block]
# block no. 0 follows, 24 sequences, length 7
# corresponding to MSA columns:
# 9-15
name=unknown_A
#
# <colnr> <probs for GDERKNQSTAVLIFYWHMCP>
#	G	D	E	R	K	N	Q	S	T	A	V	L	I	F	Y	W	H	M	C	P
0	0.01597	0.21039	0.02361	0.17469	0.02662	0.01781	0.01514	0.02058	0.04751	0.02196	0.02640	0.04930	0.02656	0.01390	0.00848	0.00283	0.00834	0.27584	0.00537	0.00870
1	0.01481	0.02066	0.20440	0.28768	0.09930	0.01560	0.02089	0.02078	0.01785	0.02485	0.16657	0.02865	0.02560	0.00967	0.00814	0.00254	0.00919	0.00842	0.00473	0.00968
2	0.02273	0.03317	0.20430	0.01901	0.02591	0.34428	0.01783	0.02711	0.01947	0.02250	0.01324	0.01548	0.01052	0.00746	0.00696	0.00197	0.01162	0.00522	0.00402	0.18721
3	0.01686	0.01611	0.02205	0.08703	0.02366	0.01979	0.01561	0.01945	0.01372	0.02108	0.01181	0.01748	0.01080	0.01105	0.01858	0.00275	0.44131	0.00633	0.00382	0.22071
4	0.01301	0.01686	0.16765	0.01393	0.01885	0.01038	0.01304	0.01681	0.01590	0.02294	0.02859	0.35818	0.03122	0.01552	0.00833	0.00249	0.00661	0.01368	0.00568	0.22032
5	0.01640	0.01123	0.01342	0.04814	0.01660	0.01207	0.00982	0.16197	0.02039	0.02948	0.02790	0.21818	0.02709	0.02150	0.11533	0.00411	0.00824	0.01171	0.21784	0.00857
6	0.01495	0.01031	0.01337	0.17149	0.02200	0.01125	0.01085	0.08006	0.01813	0.02686	0.02740	0.21780	0.02631	0.01331	0.00762	0.00247	0.00606	0.01151	0.30019	0.00807

[dist]
# distance from previous block
# <min> <max>
3	9

[block]
# block no. 1 follows, 24 sequences, length 8
# corresponding to MSA columns:
# 25-32
name=unknown_B
#
# <colnr> <probs for GDERKNQSTAVLIFYWHMCP>
#	G	D	E	R	K	N	Q	S	T	A	V	L	I	F	Y	W	H	M	C	P
0	0.01112	0.00798	0.01071	0.01151	0.01292	0.00757	0.00881	0.01408	0.01903	0.02600	0.30566	0.27801	0.06010	0.02045	0.01001	0.00303	0.00494	0.17303	0.00792	0.00710
1	0.01057	0.00737	0.00885	0.00965	0.01003	0.00708	0.00600	0.01131	0.01356	0.01790	0.03685	0.34201	0.08221	0.37158	0.02514	0.00541	0.00610	0.01666	0.00609	0.00564
2	0.46389	0.01816	0.07369	0.01281	0.01828	0.01807	0.01146	0.15354	0.01914	0.03697	0.01472	0.01645	0.01111	0.00805	0.00585	0.00237	0.00690	0.00539	0.09339	0.00976
3	0.01468	0.00988	0.01129	0.01002	0.01312	0.00897	0.00743	0.01837	0.05669	0.02531	0.02390	0.11224	0.02194	0.05109	0.01062	0.07265	0.00512	0.00878	0.28734	0.23054
4	0.40424	0.01230	0.01262	0.07425	0.01742	0.01406	0.00953	0.01828	0.01304	0.02631	0.01613	0.05442	0.03575	0.01452	0.01354	0.21282	0.03250	0.00671	0.00454	0.00703
5	0.51096	0.08278	0.05211	0.03635	0.01831	0.01824	0.01087	0.05397	0.01625	0.03317	0.08771	0.01905	0.01680	0.00847	0.00584	0.00239	0.00667	0.00578	0.00523	0.00904
6	0.02368	0.01629	0.01826	0.01543	0.02027	0.01768	0.01226	0.15021	0.34845	0.15847	0.10315	0.03057	0.02721	0.01098	0.00817	0.00256	0.00653	0.00906	0.00845	0.01232
7	0.02069	0.01090	0.01639	0.01426	0.01773	0.00981	0.06857	0.02338	0.01890	0.27706	0.07635	0.34084	0.03733	0.01674	0.00917	0.00282	0.00620	0.01511	0.00809	0.00965

[dist]
# distance from previous block
# <min> <max>
7	15

[block]
# block no. 2 follows, 24 sequences, length 13
# corresponding to MSA columns:
# 49-61
name=unknown_C
#
# <colnr> <probs for GDERKNQSTAVLIFYWHMCP>
#	G	D	E	R	K	N	Q	S	T	A	V	L	I	F	Y	W	H	M	C	P
0	0.56999	0.01658	0.07072	0.01143	0.01669	0.01623	0.01030	0.02405	0.01481	0.08103	0.01447	0.01613	0.01085	0.00777	0.00544	0.00239	0.00640	0.00505	0.09059	0.00909
1	0.01438	0.00747	0.00775	0.00768	0.00953	0.00740	0.00576	0.01808	0.01728	0.02982	0.09800	0.03290	0.02645	0.01002	0.00597	0.00192	0.00370	0.00817	0.68031	0.00740
2	0.01510	0.01181	0.06015	0.01173	0.01540	0.00917	0.00994	0.01913	0.02125	0.10731	0.44972	0.04860	0.05550	0.01387	0.00872	0.00238	0.00503	0.03305	0.00797	0.09417
3	0.01478	0.00739	0.00739	0.00739	0.00924	0.00739	0.00554	0.01848	0.01663	0.02956	0.02587	0.02956	0.02033	0.00924	0.00554	0.00185	0.00370	0.00739	0.76534	0.00739
4	0.01167	0.00951	0.01336	0.01291	0.01491	0.00891	0.04607	0.01374	0.01553	0.02140	0.03709	0.50120	0.06634	0.02002	0.01028	0.00286	0.04486	0.01788	0.00653	0.12491
5	0.01719	0.01750	0.03206	0.07011	0.09185	0.01825	0.29509	0.02403	0.08927	0.02502	0.05603	0.09239	0.02065	0.01052	0.01122	0.00279	0.10076	0.01022	0.00495	0.01010
6	0.01478	0.00739	0.00739	0.00739	0.00924	0.00739	0.00554	0.01848	0.01663	0.02956	0.02587	0.02956	0.02033	0.00924	0.00554	0.00185	0.00370	0.00739	0.76534	0.00739
7	0.01827	0.01446	0.01693	0.01221	0.01917	0.01133	0.00981	0.05218	0.01785	0.06587	0.01536	0.01720	0.01230	0.00629	0.00610	0.00131	0.00607	0.00501	0.00516	0.68711
8	0.03138	0.01496	0.02194	0.04095	0.02401	0.01370	0.08310	0.06286	0.05049	0.50323	0.02790	0.02557	0.01813	0.00930	0.00806	0.00245	0.00767	0.00800	0.00861	0.03770
9	0.77733	0.01534	0.01166	0.01043	0.01534	0.01779	0.00859	0.02331	0.01350	0.03558	0.01104	0.01288	0.00859	0.00736	0.00491	0.00245	0.00613	0.00429	0.00491	0.00859
10	0.01834	0.02345	0.12259	0.03216	0.07109	0.02003	0.50165	0.02496	0.01807	0.02504	0.01545	0.02051	0.01172	0.00721	0.00999	0.00268	0.05170	0.00868	0.00389	0.01080
11	0.01668	0.10699	0.56105	0.02267	0.03357	0.01984	0.08205	0.02500	0.01685	0.02450	0.01407	0.01676	0.01023	0.00738	0.00745	0.00245	0.01155	0.00601	0.00341	0.01148
12	0.01833	0.01404	0.01664	0.01198	0.01894	0.01068	0.00962	0.02181	0.01706	0.09023	0.01579	0.01749	0.01252	0.00626	0.00608	0.00130	0.00596	0.00502	0.00520	0.69504

[dist]
# distance from previous block
# <min> <max>
0	4

[block]
# block no. 3 follows, 24 sequences, length 10
# corresponding to MSA columns:
# 66-75
name=unknown_D
#
# <colnr> <probs for GDERKNQSTAVLIFYWHMCP>
#	G	D	E	R	K	N	Q	S	T	A	V	L	I	F	Y	W	H	M	C	P
0	0.01850	0.01884	0.05909	0.11967	0.34396	0.01857	0.09579	0.02692	0.13486	0.02635	0.01922	0.02461	0.01564	0.00844	0.00819	0.00255	0.00948	0.03295	0.00476	0.01161
1	0.02950	0.01332	0.01747	0.01329	0.01940	0.01115	0.01086	0.03272	0.02117	0.48140	0.06477	0.02634	0.02099	0.00924	0.00755	0.00215	0.00636	0.00756	0.00851	0.19626
2	0.01478	0.00739	0.00739	0.00739	0.00924	0.00739	0.00554	0.01848	0.01663	0.02956	0.02587	0.02956	0.02033	0.00924	0.00554	0.00185	0.00370	0.00739	0.76534	0.00739
3	0.50048	0.01810	0.09355	0.04377	0.01992	0.01714	0.01216	0.06574	0.01632	0.06606	0.04024	0.01721	0.01268	0.00886	0.00696	0.03363	0.00714	0.00551	0.00521	0.00930
4	0.01662	0.02440	0.22552	0.10862	0.09177	0.01763	0.25355	0.02288	0.01684	0.02350	0.01629	0.02363	0.01341	0.09610	0.01238	0.00322	0.01149	0.00812	0.00385	0.01020
5	0.01422	0.01323	0.09413	0.01126	0.01560	0.00919	0.01015	0.01774	0.01931	0.10308	0.19104	0.05508	0.33253	0.01545	0.00873	0.00249	0.00537	0.01297	0.00727	0.06114
6	0.01722	0.11234	0.20859	0.02385	0.03107	0.01999	0.25488	0.02316	0.01758	0.02455	0.09240	0.02315	0.01861	0.00887	0.01019	0.00258	0.08828	0.00811	0.00426	0.01029
7	0.19259	0.02142	0.09862	0.01635	0.02284	0.02033	0.01471	0.30695	0.08093	0.12051	0.01936	0.01930	0.01368	0.00895	0.00724	0.00245	0.00806	0.00662	0.00696	0.01212
8	0.01950	0.01367	0.01688	0.06687	0.02133	0.01206	0.01098	0.05170	0.06260	0.13415	0.02211	0.10671	0.01897	0.00955	0.00716	0.00192	0.00638	0.00805	0.00616	0.40327
9	0.15397	0.09298	0.05251	0.06120	0.02141	0.01590	0.01248	0.02947	0.08781	0.25999	0.08344	0.05337	0.02255	0.01012	0.00733	0.00245	0.00693	0.00805	0.00712	0.01093

[dist]
# distance from previous block
# <min> <max>
0	2

[block]
# block no. 4 follows, 24 sequences, length 56
# corresponding to MSA columns:
# 78-133
name=unknown_E
#
# <colnr> <probs for GDERKNQSTAVLIFYWHMCP>
#	G	D	E	R	K	N	Q	S	T	A	V	L	I	F	Y	W	H	M	C	P
0	0.07252	0.00959	0.01164	0.01069	0.01314	0.00933	0.00815	0.05096	0.02216	0.05854	0.51971	0.08974	0.06281	0.01539	0.00892	0.00252	0.00437	0.01338	0.00835	0.00808
1	0.05309	0.02077	0.11683	0.11952	0.10968	0.01875	0.20921	0.05397	0.05292	0.02591	0.01790	0.07398	0.01521	0.00939	0.00980	0.00269	0.06666	0.00877	0.00452	0.01044
2	0.01478	0.00739	0.00739	0.00739	0.00924	0.00739	0.00554	0.01848	0.01663	0.02956	0.02587	0.02956	0.02033	0.00924	0.00554	0.00185	0.00370	0.00739	0.76534	0.00739
3	0.05061	0.01798	0.03494	0.23257	0.04140	0.01894	0.35206	0.02265	0.01697	0.02359	0.01601	0.05099	0.01308	0.00843	0.01003	0.00274	0.06449	0.00883	0.00401	0.00969
4	0.02150	0.01394	0.01694	0.04618	0.01986	0.01410	0.01154	0.16510	0.04436	0.16194	0.05711	0.12916	0.08002	0.03510	0.01015	0.00269	0.03910	0.03040	0.00734	0.09348
5	0.01478	0.00739	0.00739	0.00739	0.00924	0.00739	0.00554	0.01848	0.01663	0.02956	0.02587	0.02956	0.02033	0.00924	0.00554	0.00185	0.00370	0.00739	0.76534	0.00739
6	0.01741	0.01511	0.01955	0.01421	0.02107	0.01232	0.06866	0.06530	0.01812	0.02735	0.01564	0.04082	0.01328	0.00685	0.00649	0.00147	0.00673	0.00591	0.00496	0.61874
7	0.06454	0.01606	0.04937	0.01434	0.01995	0.01475	0.01198	0.07900	0.18689	0.20115	0.06017	0.05778	0.02225	0.01007	0.00757	0.00230	0.00655	0.00825	0.00746	0.15958
8	0.77733	0.01534	0.01166	0.01043	0.01534	0.01779	0.00859	0.02331	0.01350	0.03558	0.01104	0.01288	0.00859	0.00736	0.00491	0.00245	0.00613	0.00429	0.00491	0.00859
9	0.02294	0.01867	0.02035	0.04108	0.02315	0.02146	0.01392	0.24197	0.40225	0.03777	0.02635	0.02528	0.01960	0.01037	0.00873	0.00262	0.03502	0.00821	0.00768	0.01258
10	0.01153	0.00769	0.00865	0.00865	0.00865	0.00769	0.00480	0.01153	0.01153	0.01538	0.02499	0.05189	0.02883	0.72131	0.04036	0.00769	0.00769	0.01153	0.00480	0.00480
11	0.03014	0.02221	0.02380	0.01825	0.02459	0.02459	0.01507	0.64541	0.03728	0.04998	0.01904	0.01904	0.01349	0.00952	0.00793	0.00238	0.00873	0.00714	0.00793	0.01349
12	0.05236	0.61726	0.05778	0.01431	0.02093	0.08743	0.01399	0.02445	0.01658	0.01960	0.01123	0.01298	0.01011	0.00695	0.00533	0.00178	0.00899	0.00437	0.00351	0.01007
13	0.06969	0.01579	0.01845	0.05268	0.02217	0.01662	0.01258	0.11942	0.23872	0.27321	0.02991	0.02773	0.04650	0.01028	0.00788	0.00254	0.00692	0.00830	0.00824	0.01235
14	0.01309	0.04426	0.01498	0.01319	0.01440	0.03978	0.03622	0.01473	0.01476	0.01971	0.07396	0.28182	0.03539	0.19739	0.05820	0.00472	0.09658	0.01424	0.00567	0.00690
15	0.12422	0.57262	0.03600	0.01361	0.02002	0.05429	0.01303	0.05146	0.01694	0.02236	0.01143	0.01308	0.01011	0.00704	0.00527	0.00184	0.00840	0.00441	0.00382	0.01007
16	0.02845	0.01797	0.02056	0.01580	0.02206	0.01817	0.01294	0.32102	0.07765	0.21839	0.02259	0.02161	0.01572	0.00906	0.00759	0.00221	0.00749	0.00709	0.00790	0.14572
17	0.01754	0.16905	0.53007	0.02081	0.03125	0.05211	0.02570	0.02516	0.01689	0.02364	0.01354	0.01588	0.01008	0.00742	0.00706	0.00234	0.01123	0.00552	0.00339	0.01131
18	0.01316	0.01174	0.01950	0.01641	0.01997	0.01048	0.15763	0.01629	0.01655	0.02300	0.05718	0.39176	0.03607	0.01659	0.00910	0.00267	0.00688	0.01569	0.00612	0.15322
19	0.01478	0.00739	0.00739	0.00739	0.00924	0.00739	0.00554	0.01848	0.01663	0.02956	0.02587	0.02956	0.02033	0.00924	0.00554	0.00185	0.00370	0.00739	0.76534	0.00739
20	0.01521	0.01415	0.02247	0.53090	0.04534	0.01776	0.01976	0.02059	0.04527	0.02105	0.04342	0.02380	0.01463	0.03418	0.01139	0.00292	0.09681	0.00760	0.00400	0.00877
21	0.01575	0.01332	0.01561	0.01178	0.01792	0.01044	0.00926	0.01987	0.04254	0.02593	0.04766	0.07895	0.01866	0.00818	0.00649	0.00147	0.00568	0.00685	0.00525	0.63838
22	0.01703	0.01709	0.02450	0.02076	0.02124	0.02328	0.04384	0.01900	0.01271	0.01947	0.01393	0.02029	0.04135	0.01386	0.02452	0.00340	0.64390	0.00750	0.00368	0.00867
23	0.02159	0.01624	0.01832	0.05491	0.02211	0.01810	0.01281	0.14599	0.36858	0.09371	0.05777	0.08529	0.02565	0.01170	0.00825	0.00264	0.00676	0.00980	0.00792	0.01186
24	0.02844	0.05835	0.02577	0.01859	0.02496	0.02210	0.07777	0.44452	0.03160	0.12793	0.02226	0.02217	0.03891	0.00953	0.00798	0.00239	0.00874	0.00768	0.00752	0.01277
25	0.01478	0.00739	0.00739	0.00739	0.00924	0.00739	0.00554	0.01848	0.01663	0.02956	0.02587	0.02956	0.02033	0.00924	0.00554	0.00185	0.00370	0.00739	0.76534	0.00739
26	0.09309	0.02508	0.22749	0.17295	0.15325	0.01930	0.02245	0.05934	0.01827	0.02748	0.01608	0.02118	0.01286	0.01028	0.01040	0.03865	0.04877	0.00702	0.00465	0.01142
27	0.02071	0.01445	0.01616	0.01443	0.01797	0.01460	0.01084	0.15635	0.13076	0.09518	0.10062	0.16035	0.11984	0.07311	0.01212	0.00344	0.00680	0.01317	0.00836	0.01077
28	0.01220	0.00898	0.01130	0.04429	0.01488	0.00836	0.00871	0.01312	0.01649	0.02193	0.04550	0.57120	0.10326	0.06194	0.01234	0.00373	0.00574	0.02080	0.00764	0.00759
29	0.38236	0.02437	0.01757	0.03774	0.02098	0.27299	0.01243	0.06909	0.01855	0.02918	0.01212	0.01432	0.00969	0.00814	0.00705	0.00235	0.04220	0.00501	0.00469	0.00917
30	0.01515	0.01443	0.02486	0.67105	0.05400	0.01773	0.05099	0.02050	0.01599	0.02050	0.01419	0.02115	0.01064	0.00787	0.00799	0.00264	0.01070	0.00716	0.00355	0.00890
31	0.01862	0.05187	0.04561	0.02988	0.29312	0.03762	0.06741	0.05689	0.06958	0.02537	0.05564	0.02481	0.03834	0.01186	0.01181	0.13003	0.00870	0.00787	0.00475	0.01022
32	0.01246	0.00879	0.01100	0.01085	0.01281	0.00840	0.00797	0.01704	0.07657	0.05607	0.36231	0.24130	0.10762	0.01818	0.00940	0.00273	0.00436	0.01608	0.00823	0.00784
33	0.02182	0.01471	0.06739	0.01375	0.01835	0.01263	0.01177	0.11979	0.05169	0.22068	0.27112	0.07521	0.04096	0.01289	0.00858	0.00251	0.00615	0.01095	0.00840	0.01064
34	0.02046	0.01384	0.01630	0.05165	0.01994	0.01476	0.01143	0.05689	0.29854	0.15120	0.12605	0.03587	0.07926	0.01286	0.00964	0.04648	0.00619	0.00987	0.00792	0.01084
35	0.02090	0.01592	0.01903	0.01545	0.04818	0.01473	0.01184	0.16203	0.02140	0.08178	0.01777	0.05065	0.01461	0.00838	0.00789	0.00182	0.04516	0.00656	0.00585	0.43002
36	0.65069	0.01513	0.01245	0.01065	0.01591	0.01659	0.00872	0.02275	0.01399	0.03396	0.01155	0.01347	0.00911	0.00711	0.00507	0.00224	0.00609	0.00436	0.00487	0.13528
37	0.01990	0.01759	0.01831	0.05536	0.02250	0.04682	0.01306	0.06558	0.54201	0.03213	0.03176	0.02988	0.04816	0.01081	0.00807	0.00265	0.00687	0.00893	0.00761	0.01201
38	0.05873	0.01570	0.01844	0.01480	0.01998	0.01597	0.01198	0.24775	0.05496	0.27799	0.10198	0.07669	0.02605	0.01148	0.00815	0.00250	0.00689	0.00936	0.00857	0.01204
39	0.02065	0.01893	0.08608	0.05603	0.02345	0.01890	0.01498	0.12513	0.26850	0.08013	0.02646	0.02787	0.04862	0.04911	0.01199	0.00297	0.09380	0.00844	0.00667	0.01130
40	0.05787	0.02059	0.02193	0.01733	0.02311	0.02285	0.01414	0.52512	0.09810	0.04609	0.02139	0.05742	0.01648	0.01038	0.00794	0.00246	0.00815	0.00804	0.00779	0.01282
41	0.02120	0.72609	0.04155	0.01357	0.02035	0.03138	0.01357	0.02374	0.01611	0.01866	0.01102	0.01272	0.01018	0.00678	0.00509	0.00170	0.00848	0.00424	0.00339	0.01018
42	0.03090	0.01513	0.01873	0.01491	0.02060	0.01478	0.01213	0.11250	0.15620	0.44811	0.04894	0.02752	0.02147	0.01017	0.00803	0.00249	0.00680	0.00827	0.00919	0.01312
43	0.01257	0.00910	0.01177	0.01205	0.04334	0.00852	0.00845	0.01671	0.04908	0.05475	0.44872	0.11437	0.14708	0.01657	0.00924	0.00258	0.00435	0.01455	0.00821	0.00798
44	0.01478	0.00739	0.00739	0.00739	0.00924	0.00739	0.00554	0.01848	0.01663	0.02956	0.02587	0.02956	0.02033	0.00924	0.00554	0.00185	0.00370	0.00739	0.76534	0.00739
45	0.77733	0.01534	0.01166	0.01043	0.01534	0.01779	0.00859	0.02331	0.01350	0.03558	0.01104	0.01288	0.00859	0.00736	0.00491	0.00245	0.00613	0.00429	0.00491	0.00859
46	0.11679	0.37974	0.06666	0.05396	0.02283	0.05141	0.01435	0.05473	0.01772	0.10601	0.01434	0.01580	0.01136	0.00782	0.00680	0.00210	0.03721	0.00525	0.00464	0.01046
47	0.01478	0.00739	0.00739	0.00739	0.00924	0.00739	0.00554	0.01848	0.01663	0.02956	0.02587	0.02956	0.02033	0.00924	0.00554	0.00185	0.00370	0.00739	0.76534	0.00739
48	0.00983	0.00702	0.00939	0.01123	0.01177	0.00659	0.00765	0.01133	0.01535	0.02043	0.04361	0.68238	0.05208	0.02469	0.01017	0.00324	0.00475	0.05465	0.00736	0.00649
49	0.01857	0.01547	0.01803	0.05252	0.02181	0.01365	0.01116	0.11187	0.06485	0.02953	0.01610	0.01802	0.01281	0.00686	0.00644	0.00154	0.00658	0.00549	0.00534	0.56335
50	0.77733	0.01534	0.01166	0.01043	0.01534	0.01779	0.00859	0.02331	0.01350	0.03558	0.01104	0.01288	0.00859	0.00736	0.00491	0.00245	0.00613	0.00429	0.00491	0.00859
51	0.01144	0.00765	0.00868	0.00877	0.00879	0.00763	0.00493	0.01151	0.01171	0.01561	0.02590	0.08428	0.02998	0.68735	0.03889	0.00747	0.00754	0.01207	0.00493	0.00488
52	0.01765	0.01680	0.02344	0.01966	0.02178	0.05066	0.09002	0.08216	0.01676	0.02358	0.04804	0.07178	0.01842	0.01983	0.11591	0.00448	0.33651	0.00887	0.00466	0.00898
53	0.02271	0.01726	0.01901	0.01449	0.02039	0.01708	0.01164	0.32652	0.02631	0.03707	0.01794	0.02111	0.01435	0.06343	0.00955	0.00231	0.00731	0.00656	0.04339	0.30159
54	0.02256	0.01489	0.01715	0.01537	0.04889	0.04320	0.01143	0.10813	0.10224	0.19652	0.06591	0.11969	0.07796	0.01233	0.00814	0.00241	0.00663	0.01036	0.00758	0.10861
55	0.02850	0.06538	0.02119	0.01527	0.02101	0.01497	0.04637	0.08498	0.08697	0.39017	0.05308	0.05798	0.02183	0.01026	0.00791	0.00241	0.00709	0.00859	0.00831	0.04772

[dist]
# distance from previous block
# <min> <max>
1	4

[block]
# block no. 5 follows, 24 sequences, length 11
# corresponding to MSA columns:
# 138-148
name=unknown_F
#
# <colnr> <probs for GDERKNQSTAVLIFYWHMCP>
#	G	D	E	R	K	N	Q	S	T	A	V	L	I	F	Y	W	H	M	C	P
0	0.04179	0.08762	0.17038	0.07778	0.07435	0.06793	0.14768	0.13463	0.06932	0.02911	0.01633	0.01897	0.01231	0.00792	0.00776	0.00243	0.01062	0.00697	0.00479	0.01131
1	0.09071	0.04026	0.01758	0.01594	0.07706	0.04945	0.01137	0.06174	0.05434	0.13265	0.14704	0.05801	0.06784	0.01098	0.00763	0.00225	0.00653	0.00906	0.00680	0.13276
2	0.08561	0.02014	0.02164	0.01678	0.02294	0.02181	0.01380	0.47392	0.06598	0.10388	0.01997	0.01971	0.01415	0.00923	0.00759	0.00234	0.00805	0.00695	0.00769	0.05782
3	0.12302	0.01775	0.01843	0.01744	0.06548	0.05786	0.01280	0.09086	0.32608	0.10755	0.02827	0.02697	0.05294	0.01017	0.00763	0.00254	0.00711	0.00811	0.00728	0.01171
4	0.01613	0.01623	0.02601	0.05774	0.04902	0.06140	0.23211	0.02176	0.07581	0.02366	0.02666	0.26354	0.02703	0.01353	0.00904	0.00273	0.00905	0.01317	0.00556	0.04981
5	0.05195	0.01761	0.02175	0.06360	0.02444	0.01947	0.06100	0.29518	0.09501	0.03600	0.02148	0.08468	0.01799	0.01326	0.04338	0.00305	0.04992	0.00876	0.02977	0.04169
6	0.02207	0.01464	0.01758	0.01389	0.01934	0.01368	0.01110	0.10263	0.07863	0.17506	0.02318	0.09464	0.01912	0.01010	0.00833	0.00209	0.04368	0.00814	0.00677	0.31532
7	0.01478	0.00739	0.00739	0.00739	0.00924	0.00739	0.00554	0.01848	0.01663	0.02956	0.02587	0.02956	0.02033	0.00924	0.00554	0.00185	0.00370	0.00739	0.76534	0.00739
8	0.01248	0.00876	0.01168	0.01223	0.04738	0.00806	0.00843	0.01570	0.02067	0.06118	0.44687	0.15947	0.12253	0.01712	0.00932	0.00262	0.00436	0.01514	0.00818	0.00782
9	0.01846	0.02019	0.10712	0.22598	0.30565	0.01887	0.02239	0.06088	0.09233	0.02642	0.01684	0.02082	0.01309	0.00794	0.00786	0.00250	0.00963	0.00714	0.00445	0.01144
10	0.02222	0.01664	0.01979	0.02080	0.13562	0.05148	0.01401	0.07766	0.21596	0.13514	0.02809	0.03103	0.04568	0.01049	0.00793	0.00246	0.00733	0.05070	0.05046	0.05651

[dist]
# distance from previous block
# <min> <max>
0	15

[block]
# block no. 6 follows, 24 sequences, length 12
# corresponding to MSA columns:
# 164-175
name=unknown_G
#
# <colnr> <probs for GDERKNQSTAVLIFYWHMCP>
#	G	D	E	R	K	N	Q	S	T	A	V	L	I	F	Y	W	H	M	C	P
0	0.01983	0.01457	0.01755	0.07463	0.02186	0.01455	0.01206	0.21202	0.02367	0.06874	0.08804	0.13620	0.02713	0.01227	0.00809	0.00233	0.00688	0.04260	0.00684	0.19014
1	0.01547	0.01379	0.02013	0.12244	0.02423	0.01678	0.04879	0.07081	0.01622	0.02260	0.02297	0.23777	0.02440	0.01781	0.04762	0.00357	0.24893	0.01207	0.00515	0.00844
2	0.01526	0.01155	0.01537	0.01631	0.10421	0.01098	0.01074	0.07707	0.02214	0.05267	0.37637	0.08138	0.08140	0.01387	0.00871	0.00240	0.00534	0.01218	0.00754	0.07452
3	0.01498	0.01409	0.02378	0.70226	0.05462	0.01762	0.02202	0.02026	0.01586	0.02026	0.01409	0.02114	0.01057	0.00793	0.00793	0.00264	0.01057	0.00705	0.00352	0.00881
4	0.01605	0.01451	0.05567	0.11753	0.08782	0.01353	0.04669	0.02289	0.11607	0.06141	0.10286	0.17304	0.03082	0.01300	0.00852	0.00261	0.00724	0.02755	0.00625	0.07595
5	0.01421	0.01082	0.01504	0.10501	0.07481	0.01030	0.01114	0.01799	0.02003	0.06380	0.34964	0.04575	0.11386	0.01316	0.00855	0.00236	0.00558	0.01151	0.00707	0.09937
6	0.01498	0.01409	0.02378	0.70226	0.05462	0.01762	0.02202	0.02026	0.01586	0.02026	0.01409	0.02114	0.01057	0.00793	0.00793	0.00264	0.01057	0.00705	0.00352	0.00881
7	0.02365	0.02291	0.01989	0.01750	0.02215	0.18628	0.01359	0.12501	0.41238	0.03214	0.02544	0.02431	0.01922	0.00994	0.00782	0.00249	0.00861	0.00775	0.00706	0.01185
8	0.01629	0.00923	0.01222	0.01084	0.01360	0.00835	0.00835	0.01990	0.02250	0.16621	0.53516	0.05252	0.06333	0.01488	0.00907	0.00249	0.00437	0.01302	0.00896	0.00873
9	0.50718	0.04739	0.05160	0.01244	0.01794	0.01797	0.01091	0.09060	0.01773	0.10541	0.04526	0.01746	0.01358	0.00826	0.00592	0.00242	0.00677	0.00555	0.00579	0.00983
10	0.02071	0.06299	0.13511	0.03715	0.40023	0.06916	0.05373	0.07851	0.01975	0.02695	0.01481	0.01843	0.01191	0.00740	0.00768	0.00234	0.01023	0.00670	0.00417	0.01204
11	0.40027	0.05405	0.01768	0.01345	0.01884	0.01996	0.01118	0.23825	0.02280	0.07180	0.05144	0.01829	0.01461	0.00869	0.00636	0.00239	0.00705	0.00602	0.00633	0.01055

[dist]
# distance from previous block
# <min> <max>
0	14

[block]
# block no. 7 follows, 24 sequences, length 10
# corresponding to MSA columns:
# 190-199
name=unknown_H
#
# <colnr> <probs for GDERKNQSTAVLIFYWHMCP>
#	G	D	E	R	K	N	Q	S	T	A	V	L	I	F	Y	W	H	M	C	P
0	0.06457	0.01556	0.01791	0.01389	0.01943	0.01501	0.01122	0.17248	0.02201	0.08680	0.07106	0.04553	0.01915	0.00922	0.00829	0.00198	0.05384	0.00710	0.00626	0.33869
1	0.09127	0.01213	0.01507	0.01239	0.01684	0.01135	0.00995	0.06416	0.02248	0.33876	0.24598	0.03818	0.06325	0.01216	0.00822	0.00247	0.00568	0.01011	0.00880	0.01075
2	0.02962	0.03779	0.02247	0.02043	0.02451	0.68948	0.01532	0.03166	0.02247	0.01941	0.01226	0.01430	0.01021	0.00817	0.00715	0.00204	0.01430	0.00511	0.00409	0.00919
3	0.21376	0.04637	0.01961	0.01504	0.02072	0.02005	0.01239	0.26160	0.12444	0.15755	0.02105	0.02036	0.01494	0.00912	0.00710	0.00243	0.00733	0.00676	0.00737	0.01200
4	0.01972	0.01703	0.01793	0.01614	0.02062	0.01972	0.01255	0.04214	0.65752	0.03317	0.03228	0.02959	0.02421	0.01076	0.00807	0.00269	0.00628	0.00897	0.00807	0.01255
5	0.02274	0.01839	0.01797	0.05427	0.02111	0.14477	0.01243	0.17803	0.02563	0.11207	0.24056	0.03559	0.03554	0.01196	0.00839	0.00243	0.00792	0.03270	0.00741	0.01011
6	0.01210	0.00902	0.01135	0.01061	0.01275	0.00874	0.00800	0.01776	0.08769	0.03194	0.60239	0.05619	0.06962	0.01565	0.00922	0.00251	0.00400	0.01379	0.00866	0.00800
7	0.01615	0.01536	0.02632	0.41773	0.04329	0.01786	0.12733	0.05580	0.01719	0.02275	0.01744	0.09214	0.01528	0.01005	0.00996	0.00276	0.07017	0.00904	0.00425	0.00915
8	0.15480	0.01933	0.02019	0.01617	0.02192	0.02141	0.01321	0.37594	0.14617	0.09969	0.02120	0.02064	0.01517	0.00941	0.00745	0.00246	0.00766	0.00707	0.00761	0.01249
9	0.02791	0.01410	0.01775	0.01364	0.01985	0.01229	0.01108	0.03342	0.09644	0.40384	0.02621	0.02411	0.01779	0.00874	0.00735	0.00210	0.00643	0.00710	0.00806	0.24179

[dist]
# distance from previous block
# <min> <max>
1	2

[block]
# block no. 8 follows, 24 sequences, length 46
# corresponding to MSA columns:
# 202-247
name=unknown_I
#
# <colnr> <probs for GDERKNQSTAVLIFYWHMCP>
#	G	D	E	R	K	N	Q	S	T	A	V	L	I	F	Y	W	H	M	C	P
0	0.02016	0.04909	0.06500	0.04409	0.57074	0.06374	0.02357	0.02484	0.01821	0.02515	0.01455	0.01885	0.01218	0.00715	0.00768	0.00232	0.00982	0.00676	0.00389	0.01220
1	0.02203	0.01893	0.01918	0.01671	0.02150	0.05225	0.01313	0.14805	0.51810	0.03549	0.02899	0.02700	0.02165	0.01042	0.00800	0.00260	0.00709	0.00846	0.00786	0.01256
2	0.03029	0.01467	0.01825	0.01478	0.02037	0.01434	0.01195	0.03981	0.23427	0.46266	0.03161	0.02786	0.02115	0.01013	0.00801	0.00253	0.00659	0.00830	0.00923	0.01318
3	0.01590	0.04102	0.68023	0.02260	0.03432	0.01842	0.02930	0.02511	0.01674	0.02511	0.01423	0.01674	0.01005	0.00753	0.00753	0.00251	0.01172	0.00586	0.00335	0.01172
4	0.01133	0.00850	0.01274	0.01274	0.01416	0.00991	0.00991	0.01416	0.01274	0.01841	0.02124	0.03115	0.01982	0.05947	0.68989	0.01274	0.02124	0.00850	0.00425	0.00708
5	0.03558	0.01350	0.01840	0.01411	0.02024	0.01166	0.01166	0.03865	0.02270	0.67734	0.03128	0.02699	0.01963	0.00981	0.00797	0.00245	0.00675	0.00797	0.00981	0.01350
6	0.01122	0.00811	0.01060	0.00998	0.01185	0.00748	0.00748	0.01496	0.02245	0.03180	0.66766	0.05923	0.07482	0.01621	0.00935	0.00249	0.00374	0.01434	0.00873	0.00748
7	0.01153	0.00769	0.00865	0.00865	0.00865	0.00769	0.00480	0.01153	0.01153	0.01538	0.02499	0.05189	0.02883	0.72131	0.04036	0.00769	0.00769	0.01153	0.00480	0.00480
8	0.03558	0.01350	0.01840	0.01411	0.02024	0.01166	0.01166	0.03865	0.02270	0.67734	0.03128	0.02699	0.01963	0.00981	0.00797	0.00245	0.00675	0.00797	0.00981	0.01350
9	0.00965	0.00695	0.00915	0.01090	0.01146	0.00645	0.00730	0.01106	0.01532	0.02030	0.04544	0.68589	0.08158	0.02462	0.01009	0.00319	0.00457	0.02227	0.00736	0.00645
10	0.01122	0.00811	0.01060	0.00998	0.01185	0.00748	0.00748	0.01496	0.02245	0.03180	0.66766	0.05923	0.07482	0.01621	0.00935	0.00249	0.00374	0.01434	0.00873	0.00748
11	0.01644	0.01409	0.01644	0.01175	0.01879	0.01057	0.00940	0.01997	0.01644	0.02584	0.01409	0.01644	0.01175	0.00587	0.00587	0.00117	0.00587	0.00470	0.00470	0.76979
12	0.01024	0.00807	0.00924	0.00895	0.01125	0.00706	0.00671	0.01307	0.02013	0.02630	0.35658	0.06828	0.38934	0.01826	0.00936	0.00259	0.00389	0.01561	0.00801	0.00706
13	0.01153	0.00769	0.00865	0.00865	0.00865	0.00769	0.00480	0.01153	0.01153	0.01538	0.02499	0.05189	0.02883	0.72131	0.04036	0.00769	0.00769	0.01153	0.00480	0.00480
14	0.01478	0.00739	0.00739	0.00739	0.00924	0.00739	0.00554	0.01848	0.01663	0.02956	0.02587	0.02956	0.02033	0.00924	0.00554	0.00185	0.00370	0.00739	0.76534	0.00739
15	0.01079	0.00809	0.01000	0.00953	0.01158	0.00730	0.00714	0.01413	0.02143	0.02939	0.53128	0.06320	0.21271	0.01711	0.00936	0.00254	0.00381	0.01490	0.00841	0.00730
16	0.01338	0.00999	0.01308	0.01437	0.01656	0.01022	0.01233	0.01913	0.09324	0.02469	0.04326	0.08160	0.08237	0.02048	0.01051	0.00348	0.00697	0.50906	0.00740	0.00788
17	0.77733	0.01534	0.01166	0.01043	0.01534	0.01779	0.00859	0.02331	0.01350	0.03558	0.01104	0.01288	0.00859	0.00736	0.00491	0.00245	0.00613	0.00429	0.00491	0.00859
18	0.00966	0.00690	0.00920	0.01104	0.01150	0.00644	0.00736	0.01104	0.01518	0.02024	0.04371	0.71614	0.05245	0.02484	0.01012	0.00322	0.00460	0.02254	0.00736	0.00644
19	0.00978	0.00705	0.00930	0.01105	0.01167	0.00657	0.00753	0.01129	0.01545	0.02045	0.04539	0.65875	0.08168	0.02449	0.01012	0.00321	0.00469	0.04768	0.00736	0.00649
20	0.77733	0.01534	0.01166	0.01043	0.01534	0.01779	0.00859	0.02331	0.01350	0.03558	0.01104	0.01288	0.00859	0.00736	0.00491	0.00245	0.00613	0.00429	0.00491	0.00859
21	0.00937	0.00803	0.00803	0.00803	0.01071	0.00669	0.00602	0.01138	0.01807	0.02142	0.08033	0.07632	0.66863	0.02008	0.00937	0.00268	0.00402	0.01674	0.00736	0.00669
22	0.00987	0.00705	0.00944	0.01128	0.01183	0.00662	0.00772	0.01140	0.01539	0.02047	0.04359	0.67462	0.05200	0.02465	0.01018	0.00325	0.00478	0.06202	0.00736	0.00650
23	0.00937	0.00803	0.00803	0.00803	0.01071	0.00669	0.00602	0.01138	0.01807	0.02142	0.08033	0.07632	0.66863	0.02008	0.00937	0.00268	0.00402	0.01674	0.00736	0.00669
24	0.01478	0.00739	0.00739	0.00739	0.00924	0.00739	0.00554	0.01848	0.01663	0.02956	0.02587	0.02956	0.02033	0.00924	0.00554	0.00185	0.00370	0.00739	0.76534	0.00739
25	0.02962	0.03779	0.02247	0.02043	0.02451	0.68948	0.01532	0.03166	0.02247	0.01941	0.01226	0.01430	0.01021	0.00817	0.00715	0.00204	0.01430	0.00511	0.00409	0.00919
26	0.00947	0.00764	0.00844	0.00908	0.01099	0.00661	0.00649	0.01126	0.01707	0.02101	0.06763	0.29825	0.45489	0.02173	0.00963	0.00287	0.00422	0.01875	0.00736	0.00661
27	0.00966	0.00690	0.00920	0.01104	0.01150	0.00644	0.00736	0.01104	0.01518	0.02024	0.04371	0.71614	0.05245	0.02484	0.01012	0.00322	0.00460	0.02254	0.00736	0.00644
28	0.01963	0.01884	0.03219	0.04867	0.67185	0.01884	0.02434	0.02434	0.01806	0.02591	0.01492	0.01963	0.01256	0.00707	0.00785	0.00236	0.00942	0.00707	0.00393	0.01256
29	0.01963	0.01884	0.03219	0.04867	0.67185	0.01884	0.02434	0.02434	0.01806	0.02591	0.01492	0.01963	0.01256	0.00707	0.00785	0.00236	0.00942	0.00707	0.00393	0.01256
30	0.01963	0.01884	0.03219	0.04867	0.67185	0.01884	0.02434	0.02434	0.01806	0.02591	0.01492	0.01963	0.01256	0.00707	0.00785	0.00236	0.00942	0.00707	0.00393	0.01256
31	0.77733	0.01534	0.01166	0.01043	0.01534	0.01779	0.00859	0.02331	0.01350	0.03558	0.01104	0.01288	0.00859	0.00736	0.00491	0.00245	0.00613	0.00429	0.00491	0.00859
32	0.01147	0.00836	0.01197	0.01197	0.01340	0.00948	0.00919	0.01419	0.01319	0.01914	0.02453	0.03421	0.05098	0.08690	0.58036	0.01130	0.01860	0.00896	0.05485	0.00697
33	0.02005	0.02209	0.02502	0.32368	0.07871	0.21292	0.04652	0.02384	0.01742	0.02040	0.01310	0.01846	0.01063	0.00886	0.01072	0.00259	0.12548	0.00657	0.00372	0.00922
34	0.01478	0.00739	0.00739	0.00739	0.00924	0.00739	0.00554	0.01848	0.01663	0.02956	0.02587	0.02956	0.02033	0.00924	0.00554	0.00185	0.00370	0.00739	0.76534	0.00739
35	0.02185	0.01954	0.01885	0.01664	0.02115	0.09691	0.01306	0.13283	0.43451	0.03376	0.05500	0.02987	0.02392	0.01095	0.00811	0.00260	0.00752	0.03345	0.00758	0.01188
36	0.12218	0.01396	0.01749	0.01370	0.01962	0.01285	0.01125	0.03625	0.06133	0.53288	0.02821	0.02503	0.01827	0.00942	0.00753	0.00241	0.00661	0.00746	0.00890	0.04464
37	0.01699	0.18142	0.54933	0.02075	0.03146	0.02107	0.02607	0.02483	0.01661	0.02379	0.01357	0.01592	0.01007	0.00738	0.00703	0.00234	0.01106	0.00553	0.00336	0.01140
38	0.01963	0.01884	0.03219	0.04867	0.67185	0.01884	0.02434	0.02434	0.01806	0.02591	0.01492	0.01963	0.01256	0.00707	0.00785	0.00236	0.00942	0.00707	0.00393	0.01256
39	0.01673	0.14743	0.58102	0.02120	0.03215	0.02043	0.02686	0.02490	0.01664	0.02411	0.01373	0.01612	0.01007	0.00742	0.00715	0.00238	0.01122	0.00561	0.00336	0.01148
40	0.60086	0.01532	0.01382	0.05483	0.01885	0.01728	0.01011	0.05220	0.01587	0.11821	0.01420	0.01549	0.01035	0.00781	0.00563	0.00246	0.00661	0.00507	0.00559	0.00945
41	0.43924	0.01368	0.01415	0.11167	0.02120	0.01520	0.01081	0.02354	0.01609	0.12545	0.07509	0.06686	0.01929	0.00975	0.00654	0.00254	0.00655	0.00733	0.00592	0.00909
42	0.02091	0.55244	0.07772	0.01490	0.02118	0.08625	0.01458	0.02385	0.01684	0.01982	0.04483	0.01571	0.01348	0.00777	0.00664	0.00190	0.04241	0.00506	0.00373	0.00998
43	0.01942	0.03085	0.44913	0.01920	0.02850	0.01554	0.02264	0.02643	0.01807	0.15970	0.04401	0.06450	0.01718	0.00935	0.00779	0.00249	0.00971	0.00762	0.00519	0.04267
44	0.01590	0.04102	0.68023	0.02260	0.03432	0.01842	0.02930	0.02511	0.01674	0.02511	0.01423	0.01674	0.01005	0.00753	0.00753	0.00251	0.01172	0.00586	0.00335	0.01172
45	0.02465	0.01412	0.01700	0.01454	0.01922	0.01443	0.01171	0.06390	0.24666	0.28241	0.06613	0.03645	0.05355	0.01367	0.03310	0.00301	0.00698	0.05808	0.00854	0.01183

[dist]
# distance from previous block
# <min> <max>
0	1

[block]
# block no. 9 follows, 24 sequences, length 8
# corresponding to MSA columns:
# 249-256
name=unknown_J
#
# <colnr> <probs for GDERKNQSTAVLIFYWHMCP>
#	G	D	E	R	K	N	Q	S	T	A	V	L	I	F	Y	W	H	M	C	P
0	0.16192	0.01394	0.01681	0.01297	0.01908	0.01251	0.01065	0.03209	0.01979	0.42991	0.02417	0.02233	0.01606	0.00857	0.00700	0.00219	0.00646	0.00665	0.00789	0.16900
1	0.02273	0.01584	0.01780	0.01539	0.02004	0.01727	0.01222	0.10230	0.39387	0.15301	0.08655	0.03295	0.02749	0.01137	0.00826	0.00263	0.00644	0.03325	0.00840	0.01217
2	0.01605	0.01403	0.01801	0.01323	0.01981	0.01091	0.05416	0.01963	0.01650	0.02535	0.01664	0.07369	0.01508	0.00747	0.00647	0.00145	0.00630	0.00648	0.00487	0.65389
3	0.01936	0.02465	0.11348	0.03013	0.06846	0.08697	0.40269	0.02517	0.01803	0.02403	0.01472	0.01957	0.01145	0.00782	0.01088	0.00267	0.09740	0.00812	0.00387	0.01051
4	0.01916	0.01837	0.03135	0.11374	0.61040	0.01872	0.02411	0.02393	0.01784	0.02534	0.01483	0.01978	0.01236	0.00715	0.00786	0.00238	0.00954	0.00706	0.00389	0.01219
5	0.01666	0.13893	0.58895	0.02131	0.03232	0.02027	0.02705	0.02492	0.01665	0.02419	0.01377	0.01617	0.01006	0.00743	0.00718	0.00239	0.01126	0.00563	0.00335	0.01150
6	0.66556	0.01555	0.01297	0.01121	0.01632	0.01759	0.00924	0.05956	0.01569	0.09693	0.01340	0.01456	0.00990	0.00771	0.00537	0.00245	0.00634	0.00480	0.00554	0.00932
7	0.02869	0.03355	0.02255	0.01992	0.02418	0.52793	0.01525	0.12429	0.05330	0.02464	0.01411	0.01586	0.01136	0.00875	0.00817	0.00219	0.04479	0.00567	0.00482	0.00997

[dist]
# distance from previous block
# <min> <max>
4	9

[block]
# block no. 10 follows, 24 sequences, length 35
# corresponding to MSA columns:
# 267-301
name=unknown_K
#
# <colnr> <probs for GDERKNQSTAVLIFYWHMCP>
#	G	D	E	R	K	N	Q	S	T	A	V	L	I	F	Y	W	H	M	C	P
0	0.01346	0.01018	0.01383	0.01260	0.01575	0.00872	0.04028	0.01599	0.01647	0.05205	0.05709	0.39456	0.03753	0.01721	0.00873	0.00254	0.00558	0.03819	0.00657	0.23266
1	0.02962	0.03779	0.02247	0.02043	0.02451	0.68948	0.01532	0.03166	0.02247	0.01941	0.01226	0.01430	0.01021	0.00817	0.00715	0.00204	0.01430	0.00511	0.00409	0.00919
2	0.01590	0.04102	0.68023	0.02260	0.03432	0.01842	0.02930	0.02511	0.01674	0.02511	0.01423	0.01674	0.01005	0.00753	0.00753	0.00251	0.01172	0.00586	0.00335	0.01172
3	0.02120	0.72609	0.04155	0.01357	0.02035	0.03138	0.01357	0.02374	0.01611	0.01866	0.01102	0.01272	0.01018	0.00678	0.00509	0.00170	0.00848	0.00424	0.00339	0.01018
4	0.01972	0.01703	0.01793	0.01614	0.02062	0.01972	0.01255	0.04214	0.65752	0.03317	0.03228	0.02959	0.02421	0.01076	0.00807	0.00269	0.00628	0.00897	0.00807	0.01255
5	0.00937	0.00803	0.00803	0.00803	0.01071	0.00669	0.00602	0.01138	0.01807	0.02142	0.08033	0.07632	0.66863	0.02008	0.00937	0.00268	0.00402	0.01674	0.00736	0.00669
6	0.09515	0.02161	0.02274	0.01757	0.02379	0.02400	0.01451	0.59128	0.03521	0.04872	0.01834	0.01850	0.01306	0.00933	0.00767	0.00239	0.00850	0.00689	0.00767	0.01306
7	0.01203	0.00836	0.01042	0.00975	0.01202	0.00752	0.00737	0.01535	0.02148	0.06190	0.50469	0.06143	0.20452	0.01675	0.00929	0.00253	0.00395	0.01456	0.00848	0.00761
8	0.00966	0.00690	0.00920	0.01104	0.01150	0.00644	0.00736	0.01104	0.01518	0.02024	0.04371	0.71614	0.05245	0.02484	0.01012	0.00322	0.00460	0.02254	0.00736	0.00644
9	0.01122	0.00811	0.01060	0.00998	0.01185	0.00748	0.00748	0.01496	0.02245	0.03180	0.66766	0.05923	0.07482	0.01621	0.00935	0.00249	0.00374	0.01434	0.00873	0.00748
10	0.01509	0.01425	0.02381	0.66921	0.05298	0.01794	0.02180	0.02020	0.01568	0.02020	0.01392	0.02096	0.01056	0.00822	0.00881	0.00268	0.04433	0.00704	0.00352	0.00880
11	0.00965	0.00696	0.00914	0.01088	0.01146	0.00645	0.00729	0.01106	0.01534	0.02031	0.04566	0.68201	0.08532	0.02459	0.01008	0.00319	0.00457	0.02223	0.00736	0.00645
12	0.00937	0.00803	0.00803	0.00803	0.01071	0.00669	0.00602	0.01138	0.01807	0.02142	0.08033	0.07632	0.66863	0.02008	0.00937	0.00268	0.00402	0.01674	0.00736	0.00669
13	0.01972	0.01703	0.01793	0.01614	0.02062	0.01972	0.01255	0.04214	0.65752	0.03317	0.03228	0.02959	0.02421	0.01076	0.00807	0.00269	0.00628	0.00897	0.00807	0.01255
14	0.01590	0.04102	0.68023	0.02260	0.03432	0.01842	0.02930	0.02511	0.01674	0.02511	0.01423	0.01674	0.01005	0.00753	0.00753	0.00251	0.01172	0.00586	0.00335	0.01172
15	0.01963	0.01884	0.03219	0.04867	0.67185	0.01884	0.02434	0.02434	0.01806	0.02591	0.01492	0.01963	0.01256	0.00707	0.00785	0.00236	0.00942	0.00707	0.00393	0.01256
16	0.01963	0.01884	0.03219	0.04867	0.67185	0.01884	0.02434	0.02434	0.01806	0.02591	0.01492	0.01963	0.01256	0.00707	0.00785	0.00236	0.00942	0.00707	0.00393	0.01256
17	0.01590	0.04102	0.68023	0.02260	0.03432	0.01842	0.02930	0.02511	0.01674	0.02511	0.01423	0.01674	0.01005	0.00753	0.00753	0.00251	0.01172	0.00586	0.00335	0.01172
18	0.02962	0.03779	0.02247	0.02043	0.02451	0.68948	0.01532	0.03166	0.02247	0.01941	0.01226	0.01430	0.01021	0.00817	0.00715	0.00204	0.01430	0.00511	0.00409	0.00919
19	0.03558	0.01350	0.01840	0.01411	0.02024	0.01166	0.01166	0.03865	0.02270	0.67734	0.03128	0.02699	0.01963	0.00981	0.00797	0.00245	0.00675	0.00797	0.00981	0.01350
20	0.03528	0.01398	0.01870	0.01434	0.02049	0.01238	0.01185	0.07250	0.02351	0.64233	0.03060	0.02655	0.01929	0.00980	0.00797	0.00245	0.00686	0.00793	0.00971	0.01349
21	0.03558	0.01350	0.01840	0.01411	0.02024	0.01166	0.01166	0.03865	0.02270	0.67734	0.03128	0.02699	0.01963	0.00981	0.00797	0.00245	0.00675	0.00797	0.00981	0.01350
22	0.00966	0.00690	0.00920	0.01104	0.01150	0.00644	0.00736	0.01104	0.01518	0.02024	0.04371	0.71614	0.05245	0.02484	0.01012	0.00322	0.00460	0.02254	0.00736	0.00644
23	0.01590	0.04102	0.68023	0.02260	0.03432	0.01842	0.02930	0.02511	0.01674	0.02511	0.01423	0.01674	0.01005	0.00753	0.00753	0.00251	0.01172	0.00586	0.00335	0.01172
24	0.01590	0.04102	0.68023	0.02260	0.03432	0.01842	0.02930	0.02511	0.01674	0.02511	0.01423	0.01674	0.01005	0.00753	0.00753	0.00251	0.01172	0.00586	0.00335	0.01172
25	0.00982	0.00702	0.00939	0.01123	0.01176	0.00658	0.00764	0.01132	0.01534	0.02042	0.04362	0.68384	0.05210	0.02469	0.01016	0.00324	0.00474	0.05326	0.00736	0.00649
26	0.00966	0.00690	0.00920	0.01104	0.01150	0.00644	0.00736	0.01104	0.01518	0.02024	0.04371	0.71614	0.05245	0.02484	0.01012	0.00322	0.00460	0.02254	0.00736	0.00644
27	0.01116	0.00888	0.01381	0.01497	0.04399	0.00841	0.06405	0.01334	0.01588	0.02124	0.03986	0.57190	0.04657	0.02222	0.01002	0.00317	0.00581	0.07066	0.00691	0.00716
28	0.01590	0.04102	0.68023	0.02260	0.03432	0.01842	0.02930	0.02511	0.01674	0.02511	0.01423	0.01674	0.01005	0.00753	0.00753	0.00251	0.01172	0.00586	0.00335	0.01172
29	0.01133	0.00850	0.01274	0.01274	0.01416	0.00991	0.00991	0.01416	0.01274	0.01841	0.02124	0.03115	0.01982	0.05947	0.68989	0.01274	0.02124	0.00850	0.00425	0.00708
30	0.01590	0.04102	0.68023	0.02260	0.03432	0.01842	0.02930	0.02511	0.01674	0.02511	0.01423	0.01674	0.01005	0.00753	0.00753	0.00251	0.01172	0.00586	0.00335	0.01172
31	0.06622	0.05382	0.02322	0.06905	0.02585	0.14646	0.01504	0.37893	0.07984	0.03870	0.01771	0.01857	0.01312	0.00902	0.00752	0.00234	0.00956	0.00663	0.00655	0.01188
32	0.01993	0.01980	0.03194	0.07569	0.57909	0.05626	0.05216	0.02461	0.01823	0.02527	0.01478	0.01948	0.01232	0.00715	0.00788	0.00237	0.00993	0.00706	0.00392	0.01212
33	0.01848	0.02303	0.09968	0.03252	0.04085	0.01992	0.59180	0.02538	0.01855	0.02538	0.01589	0.02100	0.01187	0.00676	0.00921	0.00266	0.01323	0.00907	0.00396	0.01078
34	0.01493	0.01041	0.01359	0.01443	0.01674	0.01062	0.01210	0.05249	0.07416	0.05551	0.03966	0.16188	0.04180	0.02012	0.01029	0.00339	0.00690	0.42520	0.00753	0.00825

[dist]
# distance from previous block
# <min> <max>
0	2

[block]
# block no. 11 follows, 24 sequences, length 10
# corresponding to MSA columns:
# 304-313
name=unknown_L
#
# <colnr> <probs for GDERKNQSTAVLIFYWHMCP>
#	G	D	E	R	K	N	Q	S	T	A	V	L	I	F	Y	W	H	M	C	P
0	0.02999	0.02686	0.02340	0.01890	0.02457	0.22310	0.01515	0.46217	0.03286	0.04085	0.01701	0.01762	0.01251	0.00912	0.00770	0.00228	0.01039	0.00653	0.00678	0.01220
1	0.01963	0.01868	0.03095	0.04584	0.61522	0.01892	0.02331	0.02588	0.07366	0.02654	0.01643	0.02049	0.01357	0.00739	0.00787	0.00238	0.00915	0.00723	0.00429	0.01256
2	0.21976	0.01552	0.01746	0.07365	0.02218	0.01657	0.01216	0.13232	0.09762	0.23207	0.06512	0.02400	0.01922	0.00951	0.00728	0.00249	0.00699	0.00735	0.00742	0.01131
3	0.02866	0.02148	0.02297	0.01795	0.02403	0.02390	0.01471	0.55974	0.12536	0.04759	0.02092	0.02054	0.01501	0.00970	0.00795	0.00242	0.00838	0.00740	0.00795	0.01335
4	0.03052	0.02044	0.02256	0.01742	0.02363	0.02211	0.01435	0.50883	0.06781	0.15706	0.02185	0.02097	0.01511	0.00964	0.00795	0.00241	0.00825	0.00738	0.00826	0.01344
5	0.00953	0.00790	0.00834	0.00852	0.01088	0.00672	0.00628	0.01158	0.01802	0.02197	0.11514	0.15125	0.55577	0.02039	0.00946	0.00273	0.00407	0.01727	0.00745	0.00672
6	0.01931	0.01852	0.03162	0.09291	0.63007	0.01876	0.02418	0.02406	0.01791	0.02552	0.01486	0.01973	0.01243	0.00712	0.00786	0.00237	0.00950	0.00706	0.00390	0.01231
7	0.01120	0.00755	0.00875	0.00907	0.00916	0.00747	0.00526	0.01144	0.01218	0.01624	0.02832	0.17012	0.03303	0.59735	0.03498	0.00689	0.00714	0.01349	0.00526	0.00510
8	0.01798	0.01405	0.01660	0.01194	0.01891	0.01066	0.00958	0.02147	0.01695	0.07824	0.01548	0.01729	0.01238	0.00619	0.00604	0.00128	0.00594	0.00496	0.00511	0.70896
9	0.17002	0.01162	0.01360	0.01296	0.01650	0.01172	0.01081	0.02273	0.05627	0.12915	0.12306	0.05280	0.03544	0.01482	0.00862	0.00288	0.00633	0.24587	0.00733	0.04747

[dist]
# distance from previous block
# <min> <max>
2	8

[block]
# block no. 12 follows, 24 sequences, length 12
# corresponding to MSA columns:
# 322-333
name=unknown_M
#
