[name]
unknown

[dist]
# distance from previous block
# <min> <max>
9	61

[block]
# block no. 0 follows, 23 sequences, length 6
# corresponding to MSA columns:
# 61-66
name=unknown_A
#
# <colnr> <probs for GDERKNQSTAVLIFYWHMCP>
#	G	D	E	R	K	N	Q	S	T	A	V	L	I	F	Y	W	H	M	C	P
0	0.01562	0.00954	0.01024	0.00885	0.01228	0.00850	0.00681	0.01935	0.01696	0.02915	0.02299	0.02637	0.01826	0.00846	0.00577	0.00169	0.00442	0.00677	0.54181	0.22616
1	0.55191	0.01353	0.01086	0.00996	0.01433	0.01492	0.00803	0.02033	0.01516	0.03222	0.03178	0.03193	0.19713	0.01129	0.00634	0.00258	0.00565	0.00807	0.00575	0.00823
2	0.01658	0.03984	0.60661	0.02430	0.03589	0.01902	0.09403	0.02573	0.01735	0.02573	0.01476	0.01764	0.01049	0.00762	0.00791	0.00259	0.01217	0.00638	0.00350	0.01188
3	0.01775	0.01775	0.02485	0.02130	0.02130	0.02485	0.01775	0.01953	0.01243	0.01953	0.01065	0.01775	0.01065	0.01420	0.02663	0.00355	0.69998	0.00710	0.00355	0.00888
4	0.02921	0.01222	0.01652	0.01322	0.01823	0.01069	0.01069	0.03255	0.02315	0.48578	0.21336	0.03715	0.03640	0.01193	0.00857	0.00252	0.00602	0.01004	0.00972	0.01203
5	0.02121	0.10109	0.01952	0.01498	0.01841	0.16856	0.01156	0.02729	0.18391	0.05454	0.02272	0.02531	0.04840	0.01532	0.01452	0.22230	0.00866	0.00743	0.00545	0.00883

[dist]
# distance from previous block
# <min> <max>
4	10

[block]
# block no. 1 follows, 23 sequences, length 9
# corresponding to MSA columns:
# 77-85
name=unknown_B
#
# <colnr> <probs for GDERKNQSTAVLIFYWHMCP>
#	G	D	E	R	K	N	Q	S	T	A	V	L	I	F	Y	W	H	M	C	P
0	0.09720	0.01793	0.02270	0.34467	0.06622	0.04861	0.01820	0.19807	0.02276	0.03131	0.01844	0.02222	0.03960	0.00903	0.00783	0.00257	0.00964	0.00729	0.00526	0.01045
1	0.05615	0.01745	0.03045	0.26929	0.18131	0.01854	0.17497	0.05381	0.01861	0.02576	0.01983	0.02466	0.05598	0.00850	0.00841	0.00263	0.01049	0.00835	0.00439	0.01044
2	0.01532	0.01442	0.02434	0.69533	0.05589	0.01803	0.02253	0.02073	0.01622	0.02073	0.01442	0.02163	0.01082	0.00811	0.00811	0.00270	0.01082	0.00721	0.00361	0.00901
3	0.01013	0.00824	0.00897	0.00879	0.01129	0.00708	0.00659	0.01269	0.01977	0.02496	0.24747	0.07309	0.49376	0.01942	0.00958	0.00269	0.00403	0.01642	0.00793	0.00708
4	0.01508	0.01246	0.01467	0.01161	0.01678	0.01035	0.00908	0.02012	0.06626	0.02863	0.21614	0.03434	0.06601	0.01036	0.00745	0.00181	0.00528	0.00878	0.00646	0.43834
5	0.01433	0.00772	0.00828	0.00814	0.01004	0.00758	0.00610	0.01812	0.01831	0.03075	0.16453	0.03687	0.03295	0.01101	0.00652	0.00203	0.00379	0.00911	0.59621	0.00758
6	0.01683	0.01442	0.01683	0.01202	0.01923	0.01082	0.00961	0.02043	0.01683	0.02644	0.01442	0.01683	0.01202	0.00601	0.00601	0.00120	0.00601	0.00481	0.00481	0.76444
7	0.01213	0.00932	0.01136	0.01243	0.01380	0.00955	0.00869	0.01823	0.15372	0.02360	0.04217	0.56149	0.04737	0.02228	0.00990	0.00318	0.00508	0.02004	0.00769	0.00795
8	0.02357	0.57128	0.03826	0.01541	0.02175	0.17381	0.01428	0.02606	0.01791	0.01926	0.01156	0.01337	0.01042	0.00725	0.00567	0.00181	0.00998	0.00453	0.00363	0.01019

[dist]
# distance from previous block
# <min> <max>
0	2

[block]
# block no. 2 follows, 23 sequences, length 12
# corresponding to MSA columns:
# 88-99
name=unknown_C
#
# <colnr> <probs for GDERKNQSTAVLIFYWHMCP>
#	G	D	E	R	K	N	Q	S	T	A	V	L	I	F	Y	W	H	M	C	P
0	0.01816	0.01752	0.02383	0.01730	0.02453	0.05469	0.14320	0.02236	0.01771	0.02594	0.01473	0.01777	0.01198	0.00633	0.00685	0.00158	0.00818	0.00585	0.00462	0.55686
1	0.01791	0.01668	0.02792	0.04160	0.52519	0.01658	0.02120	0.02200	0.01785	0.02527	0.02154	0.16700	0.02155	0.01111	0.00853	0.00260	0.00859	0.01060	0.00477	0.01152
2	0.01775	0.01775	0.02485	0.02130	0.02130	0.02485	0.01775	0.01953	0.01243	0.01953	0.01065	0.01775	0.01065	0.01420	0.02663	0.00355	0.69998	0.00710	0.00355	0.00888
3	0.02018	0.01743	0.01835	0.01651	0.02110	0.02018	0.01284	0.04312	0.64956	0.03394	0.03303	0.03027	0.02477	0.01101	0.00826	0.00275	0.00642	0.00917	0.00826	0.01284
4	0.01679	0.00947	0.01255	0.01111	0.01395	0.00857	0.00857	0.02048	0.02302	0.16834	0.52613	0.05358	0.06453	0.01519	0.00927	0.00254	0.00448	0.01329	0.00917	0.00897
5	0.01815	0.09163	0.01729	0.01287	0.01622	0.06774	0.00992	0.10769	0.07995	0.04538	0.03478	0.04150	0.15672	0.19043	0.07105	0.00463	0.00880	0.01034	0.00615	0.00878
6	0.01864	0.03423	0.47350	0.07763	0.06129	0.01825	0.08176	0.02669	0.01791	0.09028	0.01650	0.01909	0.01160	0.00788	0.00797	0.00258	0.01144	0.00668	0.00419	0.01188
7	0.02149	0.39019	0.20848	0.01860	0.02652	0.13272	0.05249	0.02607	0.01785	0.02136	0.01264	0.01487	0.01049	0.00737	0.00646	0.00207	0.01080	0.00521	0.00361	0.01070
8	0.02146	0.02732	0.16437	0.03185	0.28388	0.15096	0.02165	0.08506	0.02089	0.02696	0.01926	0.04890	0.04340	0.00915	0.00800	0.00243	0.01061	0.00767	0.00463	0.01154
9	0.01078	0.00706	0.00966	0.01114	0.01151	0.00669	0.00743	0.01114	0.01448	0.01930	0.03820	0.56360	0.04523	0.02601	0.01491	0.16537	0.00521	0.01965	0.00668	0.00594
10	0.02370	0.22723	0.22745	0.01843	0.02667	0.02160	0.05417	0.06307	0.05900	0.17469	0.01918	0.01959	0.01380	0.00829	0.00726	0.00233	0.00944	0.00649	0.00557	0.01205
11	0.02398	0.02378	0.02929	0.03965	0.45054	0.18741	0.02153	0.02797	0.02000	0.07583	0.01590	0.01929	0.01282	0.00774	0.00786	0.00234	0.01069	0.00679	0.00454	0.01205

[dist]
# distance from previous block
# <min> <max>
0	9

[block]
# block no. 3 follows, 23 sequences, length 28
# corresponding to MSA columns:
# 109-136
name=unknown_D
#
# <colnr> <probs for GDERKNQSTAVLIFYWHMCP>
#	G	D	E	R	K	N	Q	S	T	A	V	L	I	F	Y	W	H	M	C	P
0	0.01824	0.01769	0.02355	0.02034	0.02126	0.02392	0.01677	0.02425	0.14005	0.02242	0.01513	0.02026	0.01348	0.01356	0.02295	0.00339	0.56105	0.00752	0.00449	0.00967
1	0.01398	0.01339	0.01214	0.01322	0.01444	0.14194	0.00916	0.01553	0.01703	0.02054	0.03828	0.57034	0.04501	0.02200	0.00975	0.00305	0.00670	0.01949	0.00686	0.00715
2	0.02201	0.01974	0.03080	0.07444	0.50711	0.02040	0.02289	0.14735	0.02231	0.03117	0.01607	0.02004	0.01295	0.00777	0.00805	0.00243	0.00955	0.00724	0.00482	0.01286
3	0.01851	0.01711	0.02865	0.06616	0.51253	0.01724	0.02245	0.02313	0.01844	0.02585	0.02078	0.03445	0.01956	0.01030	0.00867	0.00269	0.00925	0.12789	0.00469	0.01164
4	0.01593	0.01043	0.01564	0.01290	0.01605	0.01016	0.13169	0.02033	0.01744	0.02940	0.02446	0.02858	0.01910	0.00893	0.00645	0.00206	0.00576	0.00797	0.60848	0.00824
5	0.02731	0.03381	0.02326	0.15600	0.03125	0.54920	0.01705	0.03006	0.02164	0.02003	0.01292	0.01604	0.01053	0.00831	0.00748	0.00221	0.01387	0.00562	0.00407	0.00933
6	0.02774	0.02106	0.02435	0.15422	0.03132	0.02373	0.01685	0.51368	0.03376	0.04505	0.01847	0.01991	0.01320	0.00941	0.00812	0.00249	0.00931	0.00729	0.00721	0.01284
7	0.01541	0.01413	0.02359	0.44506	0.15464	0.01667	0.02047	0.02022	0.01598	0.02137	0.01603	0.02341	0.01307	0.01852	0.14323	0.00472	0.01280	0.00751	0.00383	0.00934
8	0.01589	0.09235	0.40018	0.02029	0.02909	0.01753	0.08085	0.02314	0.01865	0.02676	0.16756	0.02753	0.02621	0.00966	0.00811	0.00251	0.00992	0.00825	0.00480	0.01072
9	0.02312	0.01795	0.02970	0.07359	0.50622	0.01775	0.02219	0.02764	0.01932	0.15510	0.01858	0.02167	0.01420	0.00784	0.00806	0.00244	0.00915	0.00742	0.00520	0.01286
10	0.01731	0.06850	0.01718	0.01221	0.01761	0.01154	0.00965	0.02023	0.01708	0.08509	0.02349	0.19260	0.02318	0.01137	0.00725	0.00190	0.00598	0.00970	0.00588	0.44226
11	0.01895	0.01802	0.03006	0.20194	0.48252	0.01903	0.02365	0.02494	0.05379	0.02555	0.01607	0.02103	0.01304	0.00766	0.00806	0.00250	0.00974	0.00734	0.00416	0.01194
12	0.01672	0.01994	0.14823	0.01424	0.02241	0.01242	0.01369	0.02149	0.01689	0.02629	0.01445	0.01689	0.01167	0.00635	0.00635	0.00148	0.00721	0.00505	0.00453	0.61371
13	0.01263	0.00839	0.01089	0.01056	0.01252	0.00766	0.00780	0.01581	0.02120	0.07012	0.45813	0.18966	0.10733	0.01820	0.00964	0.00271	0.00422	0.01610	0.00863	0.00778
14	0.01165	0.00848	0.01194	0.01194	0.01300	0.00954	0.00877	0.01378	0.01271	0.01802	0.02274	0.03747	0.02271	0.23319	0.51367	0.01168	0.01808	0.00951	0.00450	0.00663
15	0.01184	0.00899	0.01324	0.01311	0.01441	0.01057	0.01012	0.01452	0.01294	0.01868	0.02154	0.03261	0.02047	0.09825	0.61904	0.01237	0.04696	0.00882	0.00435	0.00717
16	0.01298	0.00864	0.01122	0.01037	0.01261	0.00789	0.00785	0.01667	0.02275	0.07264	0.58960	0.05942	0.10358	0.01638	0.00948	0.00256	0.00404	0.01439	0.00893	0.00801
17	0.01807	0.02966	0.30841	0.03230	0.17165	0.01973	0.22145	0.02536	0.01786	0.02570	0.01514	0.01931	0.01150	0.00761	0.00919	0.00263	0.04151	0.00745	0.00377	0.01171
18	0.02480	0.47426	0.03548	0.01641	0.02236	0.26643	0.01453	0.02722	0.01883	0.01937	0.01174	0.01360	0.01043	0.00745	0.00597	0.00186	0.01082	0.00466	0.00373	0.01005
19	0.00991	0.00846	0.00897	0.03423	0.01271	0.00731	0.00686	0.01218	0.01864	0.02243	0.10992	0.07505	0.60580	0.01987	0.00953	0.00273	0.00435	0.01662	0.00746	0.00697
20	0.03031	0.03867	0.02299	0.02090	0.02508	0.68226	0.01568	0.03240	0.02299	0.01986	0.01254	0.01463	0.01045	0.00836	0.00732	0.00209	0.01463	0.00523	0.00418	0.00941
21	0.03609	0.01432	0.01914	0.01468	0.02097	0.01268	0.01212	0.07350	0.02407	0.63468	0.03130	0.02716	0.01973	0.01003	0.00816	0.00251	0.00702	0.00811	0.00993	0.01381
22	0.77215	0.01569	0.01193	0.01067	0.01569	0.01820	0.00879	0.02385	0.01381	0.03641	0.01130	0.01318	0.00879	0.00753	0.00502	0.00251	0.00628	0.00439	0.00502	0.00879
23	0.02292	0.01774	0.02000	0.04101	0.02272	0.01744	0.01256	0.30350	0.02687	0.03796	0.04483	0.02057	0.01586	0.00838	0.00720	0.00191	0.00736	0.00656	0.03236	0.33226
24	0.05412	0.01678	0.07291	0.01609	0.02218	0.01403	0.06373	0.08389	0.04591	0.30418	0.12580	0.03099	0.04382	0.01056	0.00824	0.00247	0.00740	0.00897	0.00802	0.05994
25	0.04200	0.22971	0.10426	0.01384	0.01938	0.05320	0.01313	0.06246	0.03581	0.04410	0.07337	0.05913	0.17167	0.01210	0.00750	0.00233	0.00754	0.00950	0.02931	0.00965
26	0.18955	0.13518	0.16218	0.04041	0.02190	0.03709	0.01474	0.02205	0.01789	0.02851	0.17915	0.02681	0.02714	0.00975	0.00706	0.00232	0.00769	0.00754	0.00533	0.05770
27	0.04520	0.30699	0.26428	0.01862	0.04604	0.02366	0.01979	0.06464	0.01864	0.06960	0.01591	0.01951	0.01283	0.00830	0.00684	0.00227	0.00967	0.03142	0.00445	0.01133

[dist]
# distance from previous block
# <min> <max>
2	6

[block]
# block no. 4 follows, 23 sequences, length 99
# corresponding to MSA columns:
# 143-241
name=unknown_E
#
# <colnr> <probs for GDERKNQSTAVLIFYWHMCP>
#	G	D	E	R	K	N	Q	S	T	A	V	L	I	F	Y	W	H	M	C	P
0	0.02005	0.17454	0.08232	0.05392	0.08967	0.05621	0.08090	0.04808	0.01912	0.05560	0.08103	0.02212	0.01851	0.00850	0.00799	0.00217	0.03284	0.00703	0.00491	0.13449
1	0.01763	0.06175	0.41280	0.02583	0.03600	0.01999	0.21790	0.02676	0.05494	0.02601	0.01610	0.01923	0.01177	0.00760	0.00822	0.00260	0.01206	0.00724	0.00392	0.01165
2	0.01207	0.00921	0.01130	0.01043	0.01293	0.00851	0.00788	0.01682	0.06083	0.03078	0.50224	0.05860	0.15133	0.01617	0.00928	0.00251	0.00416	0.01410	0.00845	0.05238
3	0.02556	0.01906	0.02138	0.04966	0.02441	0.01990	0.01381	0.34027	0.11784	0.07802	0.02069	0.02097	0.01516	0.00897	0.00764	0.00220	0.00785	0.00702	0.00724	0.19234
4	0.00981	0.00736	0.00911	0.01051	0.01156	0.00666	0.00718	0.01139	0.01629	0.02102	0.05432	0.54778	0.20923	0.02417	0.01016	0.00315	0.00455	0.02155	0.00753	0.00666
5	0.09759	0.01587	0.01809	0.01432	0.01979	0.01615	0.01172	0.23351	0.02627	0.29581	0.02500	0.02406	0.01709	0.00961	0.00743	0.00238	0.00698	0.00743	0.13863	0.01227
6	0.01957	0.18712	0.45612	0.02031	0.03051	0.02169	0.02448	0.06251	0.01862	0.06570	0.01522	0.01702	0.01112	0.00781	0.00721	0.00238	0.01077	0.00585	0.00412	0.01187
7	0.01490	0.01385	0.02257	0.54580	0.04712	0.01731	0.02024	0.01947	0.01577	0.02061	0.01774	0.10495	0.01601	0.01082	0.01021	0.00286	0.07786	0.00913	0.00408	0.00871
8	0.02953	0.02208	0.02361	0.01840	0.02466	0.02455	0.01510	0.56397	0.11348	0.04902	0.02115	0.02081	0.01515	0.00990	0.00813	0.00247	0.00862	0.00754	0.00813	0.01368
9	0.01968	0.01664	0.02707	0.24921	0.34195	0.01782	0.02140	0.05960	0.01857	0.06298	0.01614	0.02135	0.01278	0.00949	0.00995	0.06304	0.00961	0.00727	0.00444	0.01100
10	0.02381	0.02467	0.21851	0.01915	0.02674	0.01808	0.05651	0.13126	0.14558	0.17551	0.05857	0.02511	0.01965	0.00964	0.00820	0.00258	0.00893	0.00801	0.00695	0.01255
11	0.01708	0.06607	0.52048	0.02498	0.03600	0.01973	0.15138	0.02570	0.01751	0.02548	0.01480	0.01792	0.01069	0.00750	0.00798	0.00257	0.01219	0.00665	0.00356	0.01171
12	0.01020	0.00729	0.00975	0.01144	0.01211	0.00684	0.00789	0.01193	0.01628	0.02180	0.08975	0.62361	0.05491	0.02459	0.01035	0.00327	0.00481	0.05882	0.00763	0.00672
13	0.02027	0.28267	0.27803	0.02119	0.02990	0.10044	0.11234	0.02601	0.01788	0.02269	0.01342	0.01607	0.01065	0.00738	0.00704	0.00224	0.01135	0.00584	0.00363	0.01097
14	0.05759	0.10425	0.04904	0.01662	0.02163	0.01974	0.04972	0.20632	0.06908	0.08481	0.02549	0.11449	0.04824	0.04138	0.01059	0.00283	0.05086	0.00977	0.00663	0.01091
15	0.00989	0.00706	0.00942	0.01130	0.01177	0.00659	0.00753	0.01130	0.01554	0.02071	0.04472	0.70954	0.05367	0.02542	0.01036	0.00330	0.00471	0.02307	0.00753	0.00659
16	0.01014	0.00795	0.00918	0.00949	0.01145	0.00699	0.00688	0.01247	0.01886	0.02426	0.21671	0.23296	0.36219	0.02079	0.00978	0.00283	0.00419	0.01801	0.00788	0.00699
17	0.08066	0.25388	0.14250	0.02035	0.04914	0.02212	0.13821	0.02451	0.04531	0.02531	0.06813	0.02498	0.01883	0.00898	0.00742	0.00239	0.00950	0.04270	0.00462	0.01045
18	0.01911	0.01844	0.03189	0.17588	0.51817	0.01909	0.05053	0.02413	0.01806	0.02535	0.01515	0.02046	0.01243	0.00739	0.00811	0.00248	0.01004	0.00733	0.00394	0.01202
19	0.01002	0.00716	0.00957	0.01146	0.01199	0.00671	0.00777	0.01154	0.01567	0.02087	0.04465	0.68297	0.05337	0.02529	0.01039	0.00331	0.00483	0.04828	0.00753	0.00663
20	0.02017	0.06085	0.03230	0.10573	0.54388	0.04757	0.02365	0.02480	0.01834	0.02527	0.01484	0.01958	0.01242	0.00734	0.00784	0.00238	0.00990	0.00697	0.00395	0.01221
21	0.02461	0.01726	0.02003	0.01915	0.08241	0.04456	0.01379	0.09696	0.29056	0.18334	0.05257	0.02823	0.02257	0.01349	0.05003	0.00323	0.00828	0.00858	0.00788	0.01248
22	0.07079	0.01481	0.04363	0.01444	0.02073	0.01236	0.01233	0.03740	0.02252	0.59182	0.05197	0.02764	0.02110	0.01006	0.00804	0.00251	0.00697	0.00812	0.00950	0.01328
23	0.01437	0.00963	0.01178	0.01109	0.01332	0.00933	0.00826	0.07739	0.02193	0.05731	0.34827	0.18342	0.07971	0.04057	0.01026	0.00282	0.00478	0.01475	0.07283	0.00818
24	0.06469	0.06120	0.11126	0.07972	0.25769	0.04547	0.10129	0.05279	0.09552	0.02778	0.01704	0.02027	0.01333	0.00791	0.00787	0.00249	0.01006	0.00722	0.00465	0.01175
25	0.72732	0.01725	0.05112	0.01141	0.01684	0.01824	0.01004	0.02396	0.01401	0.03577	0.01149	0.01342	0.00888	0.00754	0.00518	0.00251	0.00662	0.00449	0.00493	0.00898
26	0.01000	0.00726	0.00923	0.01075	0.01144	0.00672	0.00717	0.01138	0.01558	0.02046	0.04749	0.58509	0.12126	0.07965	0.01273	0.00360	0.00489	0.02149	0.00732	0.00649
27	0.02406	0.05578	0.05973	0.02581	0.08073	0.19176	0.20792	0.09290	0.05672	0.05743	0.01687	0.01946	0.01289	0.00794	0.00810	0.00236	0.01165	0.00728	0.00503	0.05558
28	0.06371	0.01176	0.01356	0.05168	0.01709	0.01251	0.03492	0.08239	0.09402	0.03130	0.02985	0.05956	0.07302	0.01094	0.00700	0.00230	0.00565	0.00903	0.38072	0.00901
29	0.02019	0.24631	0.17689	0.02923	0.25388	0.05166	0.02141	0.02634	0.05687	0.02416	0.01483	0.01759	0.01215	0.00753	0.00705	0.00224	0.00987	0.00608	0.00398	0.01174
30	0.01422	0.01205	0.01579	0.01388	0.01646	0.01269	0.01095	0.01708	0.01699	0.02495	0.18313	0.13524	0.03614	0.01727	0.05010	0.00318	0.17447	0.03592	0.00604	0.20344
31	0.04586	0.08638	0.43791	0.02151	0.06854	0.01854	0.02376	0.02507	0.05508	0.02655	0.07152	0.02371	0.04329	0.00907	0.00769	0.00251	0.01004	0.00724	0.00444	0.01128
32	0.01989	0.32325	0.33058	0.01864	0.02778	0.02497	0.02139	0.07616	0.04261	0.02534	0.01429	0.01610	0.01118	0.00768	0.00672	0.00222	0.01014	0.00553	0.00401	0.01151
33	0.08846	0.02273	0.02483	0.20838	0.10131	0.15712	0.04195	0.20176	0.02409	0.03148	0.01539	0.01869	0.01170	0.00844	0.00773	0.00245	0.01066	0.00668	0.00521	0.01094
34	0.01174	0.00929	0.01063	0.01055	0.01288	0.00886	0.00791	0.01677	0.09622	0.02603	0.22377	0.13722	0.29402	0.04716	0.01089	0.00302	0.00474	0.05267	0.00789	0.00773
35	0.01098	0.00863	0.01312	0.01458	0.04244	0.00811	0.05192	0.01292	0.01592	0.02133	0.04147	0.63156	0.04901	0.02333	0.01020	0.00322	0.00555	0.02144	0.00714	0.00717
36	0.02875	0.04968	0.02368	0.01758	0.02351	0.02388	0.01441	0.55557	0.03488	0.04663	0.01970	0.02227	0.01509	0.07356	0.01101	0.00290	0.00882	0.00759	0.00764	0.01286
37	0.01775	0.01775	0.02485	0.02130	0.02130	0.02485	0.01775	0.01953	0.01243	0.01953	0.01065	0.01775	0.01065	0.01420	0.02663	0.00355	0.69998	0.00710	0.00355	0.00888
38	0.02061	0.01552	0.01828	0.01345	0.02020	0.01325	0.01089	0.09873	0.01995	0.09522	0.01671	0.01830	0.01301	0.00720	0.00729	0.00158	0.03343	0.00555	0.00571	0.56513
39	0.02539	0.01137	0.01530	0.01257	0.01692	0.01004	0.01004	0.02883	0.02311	0.38813	0.30957	0.04220	0.04505	0.01294	0.00878	0.00253	0.00554	0.01104	0.00955	0.01109
40	0.01008	0.00717	0.00945	0.01110	0.01161	0.00672	0.00738	0.01152	0.01568	0.02100	0.07372	0.63915	0.05337	0.06554	0.01214	0.00353	0.00485	0.02199	0.00745	0.00654
41	0.01902	0.02053	0.03108	0.06423	0.03042	0.10992	0.24722	0.02306	0.01701	0.02255	0.01641	0.06122	0.01461	0.01262	0.04082	0.00329	0.21205	0.00881	0.03566	0.00948
42	0.01806	0.28983	0.41263	0.01917	0.02888	0.02324	0.02310	0.02474	0.01714	0.02356	0.04097	0.01748	0.01316	0.00781	0.00687	0.00226	0.01042	0.00576	0.00368	0.01123
43	0.02422	0.02749	0.31970	0.01920	0.02828	0.01589	0.04701	0.05506	0.02021	0.25616	0.02104	0.02114	0.01418	0.00841	0.00779	0.00241	0.00952	0.00685	0.00614	0.08929
44	0.01145	0.00746	0.00997	0.01148	0.01230	0.00690	0.00779	0.01296	0.01599	0.05890	0.04398	0.66942	0.05169	0.02452	0.01023	0.00325	0.00484	0.02219	0.00768	0.00702
45	0.02609	0.06828	0.02338	0.01878	0.02301	0.29969	0.01491	0.18262	0.05552	0.02900	0.04428	0.02156	0.04282	0.01041	0.01023	0.00243	0.10386	0.00705	0.00559	0.01050
46	0.02566	0.40658	0.03354	0.01711	0.02278	0.33104	0.01471	0.02802	0.01948	0.01944	0.01186	0.01376	0.01043	0.00759	0.00618	0.00190	0.01142	0.00475	0.00380	0.00995
47	0.01683	0.01442	0.01683	0.01202	0.01923	0.01082	0.00961	0.02043	0.01683	0.02644	0.01442	0.01683	0.01202	0.00601	0.00601	0.00120	0.00601	0.00481	0.00481	0.76444
48	0.02072	0.02048	0.03232	0.04801	0.62459	0.06039	0.02433	0.02537	0.01876	0.02610	0.01509	0.01974	0.01270	0.00730	0.00799	0.00239	0.00995	0.00711	0.00403	0.01264
49	0.03031	0.03867	0.02299	0.02090	0.02508	0.68226	0.01568	0.03240	0.02299	0.01986	0.01254	0.01463	0.01045	0.00836	0.00732	0.00209	0.01463	0.00523	0.00418	0.00941
50	0.77215	0.01569	0.01193	0.01067	0.01569	0.01820	0.00879	0.02385	0.01381	0.03641	0.01130	0.01318	0.00879	0.00753	0.00502	0.00251	0.00628	0.00439	0.00502	0.00879
51	0.05342	0.54743	0.09568	0.01543	0.02241	0.10860	0.01534	0.02538	0.01722	0.02050	0.01173	0.01359	0.01034	0.00721	0.00568	0.00189	0.00959	0.00460	0.00362	0.01037
52	0.02696	0.01983	0.02130	0.01681	0.02205	0.02184	0.01342	0.49881	0.06016	0.04402	0.02117	0.02599	0.01710	0.13649	0.01409	0.00343	0.00863	0.00819	0.00755	0.01216
53	0.03641	0.01381	0.01883	0.01444	0.02071	0.01193	0.01193	0.03954	0.02322	0.66984	0.03201	0.02762	0.02009	0.01004	0.00816	0.00251	0.00690	0.00816	0.01004	0.01381
54	0.01461	0.01235	0.01663	0.05462	0.01734	0.01553	0.01178	0.01632	0.01339	0.01970	0.05623	0.03432	0.02229	0.25485	0.07574	0.00549	0.29095	0.00930	0.05129	0.00727
55	0.02008	0.01928	0.03294	0.04981	0.66422	0.01928	0.02490	0.02490	0.01848	0.02651	0.01526	0.02008	0.01285	0.00723	0.00803	0.00241	0.00964	0.00723	0.00402	0.01285
56	0.01775	0.01775	0.02485	0.02130	0.02130	0.02485	0.01775	0.01953	0.01243	0.01953	0.01065	0.01775	0.01065	0.01420	0.02663	0.00355	0.69998	0.00710	0.00355	0.00888
57	0.00989	0.00706	0.00942	0.01130	0.01177	0.00659	0.00753	0.01130	0.01554	0.02071	0.04472	0.70954	0.05367	0.02542	0.01036	0.00330	0.00471	0.02307	0.00753	0.00659
58	0.01986	0.01905	0.03253	0.08007	0.63570	0.01922	0.02479	0.02471	0.01837	0.02624	0.01522	0.02016	0.01276	0.00727	0.00804	0.00242	0.00969	0.00723	0.00400	0.01267
59	0.01915	0.02189	0.04788	0.03420	0.04241	0.02052	0.63475	0.02599	0.01915	0.02599	0.01642	0.02189	0.01231	0.00684	0.00958	0.00274	0.01368	0.00958	0.00410	0.01094
60	0.01915	0.02189	0.04788	0.03420	0.04241	0.02052	0.63475	0.02599	0.01915	0.02599	0.01642	0.02189	0.01231	0.00684	0.00958	0.00274	0.01368	0.00958	0.00410	0.01094
61	0.03490	0.01622	0.02032	0.01558	0.02192	0.01550	0.01287	0.20107	0.02726	0.50262	0.02863	0.02542	0.01839	0.00996	0.00815	0.00249	0.00745	0.00793	0.00952	0.01381
62	0.03085	0.02273	0.02435	0.01867	0.02516	0.02516	0.01542	0.63716	0.03815	0.05114	0.01948	0.01948	0.01380	0.00974	0.00812	0.00244	0.00893	0.00731	0.00812	0.01380
63	0.00967	0.00790	0.00855	0.00907	0.01118	0.00678	0.00654	0.01155	0.01767	0.02159	0.07181	0.25312	0.49260	0.02190	0.00980	0.00289	0.00428	0.01877	0.00753	0.00678
64	0.00989	0.00706	0.00942	0.01130	0.01177	0.00659	0.00753	0.01130	0.01554	0.02071	0.04472	0.70954	0.05367	0.02542	0.01036	0.00330	0.00471	0.02307	0.00753	0.00659
65	0.73765	0.01560	0.01225	0.01085	0.01593	0.01791	0.00893	0.02459	0.01425	0.06610	0.01227	0.01386	0.00932	0.00765	0.00517	0.00251	0.00631	0.00457	0.00526	0.00902
66	0.02402	0.02818	0.02393	0.02110	0.02319	0.35268	0.01672	0.02595	0.01770	0.01969	0.01159	0.01620	0.01055	0.01129	0.01700	0.00282	0.35822	0.00617	0.00386	0.00914
67	0.01144	0.00817	0.01120	0.01307	0.01422	0.00793	0.01023	0.01398	0.01706	0.02245	0.04387	0.40904	0.05028	0.02396	0.01077	0.00351	0.00605	0.30827	0.00750	0.00702
68	0.01868	0.09456	0.50171	0.02277	0.03333	0.05635	0.07802	0.02663	0.01786	0.05506	0.01515	0.01755	0.01093	0.00772	0.00766	0.00249	0.01177	0.00622	0.00384	0.01172
69	0.02618	0.13445	0.17354	0.01681	0.02419	0.01874	0.01667	0.09200	0.08741	0.26474	0.04855	0.02365	0.01840	0.00934	0.00764	0.00242	0.00839	0.00733	0.00705	0.01250
70	0.01015	0.00742	0.01015	0.04479	0.01393	0.00715	0.00827	0.01176	0.01557	0.02071	0.04324	0.67585	0.05157	0.02457	0.01025	0.00327	0.00501	0.02229	0.00734	0.00671
71	0.43660	0.02236	0.14882	0.05629	0.02410	0.04776	0.04242	0.02408	0.01512	0.03050	0.01235	0.01537	0.00962	0.00826	0.00816	0.00263	0.07618	0.00541	0.00440	0.00957
72	0.00989	0.00706	0.00942	0.01130	0.01177	0.00659	0.00753	0.01130	0.01554	0.02071	0.04472	0.70954	0.05367	0.02542	0.01036	0.00330	0.00471	0.02307	0.00753	0.00659
73	0.00989	0.00706	0.00942	0.01130	0.01177	0.00659	0.00753	0.01130	0.01554	0.02071	0.04472	0.70954	0.05367	0.02542	0.01036	0.00330	0.00471	0.02307	0.00753	0.00659
74	0.48175	0.01713	0.04381	0.11258	0.02367	0.01850	0.01268	0.09851	0.01755	0.05526	0.01402	0.01663	0.01062	0.01028	0.03535	0.00299	0.00820	0.00554	0.00526	0.00967
75	0.17258	0.01516	0.01863	0.21531	0.02985	0.01542	0.01377	0.06051	0.01771	0.06380	0.01507	0.01827	0.01156	0.00740	0.00668	0.00206	0.00772	0.00578	0.00499	0.29773
76	0.36565	0.10164	0.07369	0.04367	0.05059	0.09796	0.04109	0.02461	0.01583	0.02838	0.01215	0.01513	0.00989	0.00825	0.00824	0.00250	0.08145	0.00535	0.00433	0.00959
77	0.01532	0.01442	0.02434	0.69533	0.05589	0.01803	0.02253	0.02073	0.01622	0.02073	0.01442	0.02163	0.01082	0.00811	0.00811	0.00270	0.01082	0.00721	0.00361	0.00901
78	0.01513	0.00756	0.00756	0.00756	0.00945	0.00756	0.00567	0.01891	0.01702	0.03025	0.02647	0.03025	0.02080	0.00945	0.00567	0.00189	0.00378	0.00756	0.75988	0.00756
79	0.01174	0.00806	0.00982	0.00978	0.01019	0.00831	0.00614	0.01256	0.01274	0.01740	0.06413	0.04930	0.03057	0.54008	0.16826	0.00858	0.01040	0.01135	0.00505	0.00555
80	0.01106	0.00828	0.01025	0.00976	0.01186	0.00747	0.00732	0.01448	0.02196	0.03013	0.52910	0.06457	0.20890	0.01749	0.00957	0.00259	0.00389	0.01523	0.00862	0.00747
81	0.01627	0.04197	0.67279	0.02313	0.03512	0.01884	0.02998	0.02570	0.01713	0.02570	0.01456	0.01713	0.01028	0.00771	0.00771	0.00257	0.01199	0.00600	0.00343	0.01199
82	0.01180	0.00787	0.00885	0.00885	0.00885	0.00787	0.00492	0.01180	0.01180	0.01573	0.02557	0.05310	0.02950	0.71483	0.04130	0.00787	0.00787	0.01180	0.00492	0.00492
83	0.77215	0.01569	0.01193	0.01067	0.01569	0.01820	0.00879	0.02385	0.01381	0.03641	0.01130	0.01318	0.00879	0.00753	0.00502	0.00251	0.00628	0.00439	0.00502	0.00879
84	0.03641	0.01381	0.01883	0.01444	0.02071	0.01193	0.01193	0.03954	0.02322	0.66984	0.03201	0.02762	0.02009	0.01004	0.00816	0.00251	0.00690	0.00816	0.01004	0.01381
85	0.77215	0.01569	0.01193	0.01067	0.01569	0.01820	0.00879	0.02385	0.01381	0.03641	0.01130	0.01318	0.00879	0.00753	0.00502	0.00251	0.00628	0.00439	0.00502	0.00879
86	0.01770	0.01684	0.02863	0.37343	0.35924	0.01865	0.02372	0.02281	0.01735	0.02361	0.01484	0.02086	0.01183	0.00767	0.00807	0.00256	0.01023	0.00722	0.00381	0.01093
87	0.77215	0.01569	0.01193	0.01067	0.01569	0.01820	0.00879	0.02385	0.01381	0.03641	0.01130	0.01318	0.00879	0.00753	0.00502	0.00251	0.00628	0.00439	0.00502	0.00879
88	0.02008	0.01928	0.03294	0.04981	0.66422	0.01928	0.02490	0.02490	0.01848	0.02651	0.01526	0.02008	0.01285	0.00723	0.00803	0.00241	0.00964	0.00723	0.00402	0.01285
89	0.00989	0.00706	0.00942	0.01130	0.01177	0.00659	0.00753	0.01130	0.01554	0.02071	0.04472	0.70954	0.05367	0.02542	0.01036	0.00330	0.00471	0.02307	0.00753	0.00659
90	0.03085	0.02273	0.02435	0.01867	0.02516	0.02516	0.01542	0.63716	0.03815	0.05114	0.01948	0.01948	0.01380	0.00974	0.00812	0.00244	0.00893	0.00731	0.00812	0.01380
91	0.01775	0.01775	0.02485	0.02130	0.02130	0.02485	0.01775	0.01953	0.01243	0.01953	0.01065	0.01775	0.01065	0.01420	0.02663	0.00355	0.69998	0.00710	0.00355	0.00888
92	0.01409	0.00705	0.01057	0.01057	0.01057	0.00705	0.00705	0.01057	0.01057	0.01409	0.01409	0.02467	0.01409	0.02819	0.03171	0.76392	0.00705	0.00705	0.00352	0.00352
93	0.00978	0.00828	0.00849	0.00859	0.01128	0.00699	0.00655	0.01193	0.01851	0.02205	0.08004	0.07883	0.62704	0.02065	0.00968	0.00279	0.00430	0.04981	0.00753	0.00688
94	0.01799	0.05938	0.02590	0.02086	0.02127	0.02528	0.01752	0.01981	0.01267	0.01950	0.01069	0.01747	0.01064	0.01377	0.02536	0.00344	0.65898	0.00694	0.00355	0.00897
95	0.01473	0.02330	0.27809	0.08440	0.02638	0.01416	0.01837	0.05806	0.02027	0.02828	0.21582	0.03916	0.12127	0.01231	0.00859	0.00259	0.00816	0.01033	0.00594	0.00980
96	0.03641	0.01381	0.01883	0.01444	0.02071	0.01193	0.01193	0.03954	0.02322	0.66984	0.03201	0.02762	0.02009	0.01004	0.00816	0.00251	0.00690	0.00816	0.01004	0.01381
97	0.01005	0.00723	0.00957	0.01138	0.01202	0.00675	0.00778	0.01162	0.01583	0.02096	0.04610	0.65055	0.07722	0.02506	0.01037	0.00330	0.00484	0.05519	0.00753	0.00665
98	0.01878	0.02321	0.13886	0.09934	0.33532	0.01944	0.19545	0.02496	0.01825	0.02571	0.01540	0.02025	0.01211	0.00728	0.00842	0.00255	0.01125	0.00768	0.00391	0.01184

[dist]
# distance from previous block
# <min> <max>
0	12

[block]
# block no. 5 follows, 23 sequences, length 49
# corresponding to MSA columns:
# 254-302
name=unknown_F
#
# <colnr> <probs for GDERKNQSTAVLIFYWHMCP>
#	G	D	E	R	K	N	Q	S	T	A	V	L	I	F	Y	W	H	M	C	P
0	0.10808	0.04841	0.07216	0.01751	0.04721	0.04330	0.03753	0.05348	0.23162	0.14345	0.02583	0.02513	0.03945	0.00954	0.00759	0.00247	0.00772	0.00769	0.00687	0.06496
1	0.02475	0.01544	0.02225	0.04180	0.02366	0.01534	0.10868	0.13198	0.02237	0.21816	0.02315	0.02460	0.01662	0.01132	0.03657	0.00281	0.03863	0.00783	0.14964	0.06440
2	0.05310	0.11528	0.35357	0.06058	0.09088	0.02035	0.07195	0.02453	0.01690	0.02499	0.01403	0.01735	0.01077	0.00771	0.00823	0.00243	0.04182	0.00616	0.00371	0.05566
3	0.02322	0.45014	0.07330	0.06416	0.02526	0.16558	0.01590	0.05915	0.01904	0.02150	0.01240	0.01455	0.01063	0.00752	0.00616	0.00196	0.01028	0.00499	0.00388	0.01038
4	0.01041	0.00764	0.00977	0.01053	0.01179	0.00700	0.00741	0.01276	0.01852	0.02504	0.26651	0.40264	0.13660	0.02170	0.00998	0.00296	0.00432	0.01937	0.00803	0.00700
5	0.01849	0.01992	0.03691	0.02806	0.03236	0.02258	0.34090	0.02291	0.01595	0.02291	0.01367	0.01992	0.01152	0.01035	0.01770	0.00312	0.34054	0.00840	0.00384	0.00996
6	0.01127	0.00779	0.00966	0.01050	0.01099	0.00758	0.00695	0.01242	0.01456	0.01946	0.07163	0.28609	0.04269	0.35289	0.02515	0.00548	0.00649	0.08610	0.00636	0.00596
7	0.01006	0.00719	0.00961	0.01150	0.01204	0.00674	0.00783	0.01160	0.01571	0.02091	0.04463	0.67593	0.05329	0.02526	0.01040	0.00332	0.00486	0.05497	0.00753	0.00664
8	0.00989	0.00706	0.00942	0.01130	0.01177	0.00659	0.00753	0.01130	0.01554	0.02071	0.04472	0.70954	0.05367	0.02542	0.01036	0.00330	0.00471	0.02307	0.00753	0.00659
9	0.01148	0.00829	0.01085	0.01021	0.01212	0.00766	0.00766	0.01531	0.02297	0.03254	0.65994	0.06061	0.07656	0.01659	0.00957	0.00255	0.00383	0.01467	0.00893	0.00766
10	0.01627	0.04197	0.67279	0.02313	0.03512	0.01884	0.02998	0.02570	0.01713	0.02570	0.01456	0.01713	0.01028	0.00771	0.00771	0.00257	0.01199	0.00600	0.00343	0.01199
11	0.01532	0.01442	0.02434	0.69533	0.05589	0.01803	0.02253	0.02073	0.01622	0.02073	0.01442	0.02163	0.01082	0.00811	0.00811	0.00270	0.01082	0.00721	0.00361	0.00901
12	0.02629	0.01756	0.01886	0.01501	0.02007	0.01900	0.01222	0.41351	0.03081	0.07840	0.02232	0.02325	0.01630	0.00967	0.00736	0.00227	0.00723	0.00743	0.24056	0.01187
13	0.02773	0.02050	0.02186	0.01730	0.02308	0.02276	0.01412	0.48759	0.13112	0.04653	0.02223	0.02216	0.01615	0.00991	0.00791	0.00243	0.00806	0.00762	0.07787	0.01307
14	0.02048	0.01692	0.01798	0.01610	0.02069	0.01931	0.01255	0.04176	0.59806	0.06121	0.03487	0.03199	0.04895	0.01133	0.00830	0.00274	0.00635	0.00943	0.00831	0.01266
15	0.01532	0.01442	0.02434	0.69533	0.05589	0.01803	0.02253	0.02073	0.01622	0.02073	0.01442	0.02163	0.01082	0.00811	0.00811	0.00270	0.01082	0.00721	0.00361	0.00901
16	0.01180	0.00787	0.00885	0.00885	0.00885	0.00787	0.00492	0.01180	0.01180	0.01573	0.02557	0.05310	0.02950	0.71483	0.04130	0.00787	0.00787	0.01180	0.00492	0.00492
17	0.02008	0.01928	0.03294	0.04981	0.66422	0.01928	0.02490	0.02490	0.01848	0.02651	0.01526	0.02008	0.01285	0.00723	0.00803	0.00241	0.00964	0.00723	0.00402	0.01285
18	0.01148	0.00829	0.01085	0.01021	0.01212	0.00766	0.00766	0.01531	0.02297	0.03254	0.65994	0.06061	0.07656	0.01659	0.00957	0.00255	0.00383	0.01467	0.00893	0.00766
19	0.02169	0.71972	0.04252	0.01388	0.02083	0.03211	0.01388	0.02430	0.01649	0.01909	0.01128	0.01302	0.01041	0.00694	0.00521	0.00174	0.00868	0.00434	0.00347	0.01041
20	0.77215	0.01569	0.01193	0.01067	0.01569	0.01820	0.00879	0.02385	0.01381	0.03641	0.01130	0.01318	0.00879	0.00753	0.00502	0.00251	0.00628	0.00439	0.00502	0.00879
21	0.02008	0.01928	0.03294	0.04981	0.66422	0.01928	0.02490	0.02490	0.01848	0.02651	0.01526	0.02008	0.01285	0.00723	0.00803	0.00241	0.00964	0.00723	0.00402	0.01285
22	0.01839	0.01882	0.02476	0.02128	0.02150	0.05839	0.01765	0.02018	0.01297	0.01954	0.01075	0.01759	0.01064	0.01390	0.02564	0.00348	0.66502	0.00701	0.00358	0.00890
23	0.01981	0.01940	0.03784	0.14773	0.22683	0.01923	0.31619	0.02559	0.01870	0.06319	0.01666	0.02165	0.01268	0.00736	0.00879	0.00262	0.01161	0.00841	0.00434	0.01135
24	0.11185	0.26398	0.07452	0.01718	0.02329	0.24026	0.01525	0.11927	0.02161	0.02663	0.01316	0.01483	0.01074	0.00795	0.00649	0.00210	0.01061	0.00520	0.00458	0.01052
25	0.14941	0.07099	0.02050	0.01601	0.05295	0.01739	0.01243	0.11512	0.09199	0.23950	0.04410	0.02293	0.01787	0.00913	0.00724	0.00233	0.00711	0.00707	0.00737	0.08856
26	0.25197	0.30682	0.06591	0.01458	0.02067	0.05219	0.01361	0.07785	0.01793	0.05662	0.01313	0.01484	0.01065	0.00800	0.00694	0.00223	0.04601	0.00507	0.00467	0.01033
27	0.02088	0.04755	0.05657	0.01461	0.01927	0.01604	0.01238	0.20637	0.07997	0.09276	0.27079	0.06179	0.04076	0.01286	0.00862	0.00252	0.00657	0.01077	0.00811	0.01081
28	0.01871	0.02200	0.15494	0.02285	0.08149	0.01755	0.13648	0.05117	0.18614	0.05414	0.06151	0.02969	0.07303	0.01001	0.00846	0.00258	0.00897	0.00911	0.00602	0.04514
29	0.01180	0.00787	0.00885	0.00885	0.00885	0.00787	0.00492	0.01180	0.01180	0.01573	0.02557	0.05310	0.02950	0.71483	0.04130	0.00787	0.00787	0.01180	0.00492	0.00492
30	0.01940	0.23918	0.41679	0.02021	0.03017	0.02233	0.04716	0.02627	0.01745	0.06914	0.01489	0.01684	0.01109	0.00761	0.00707	0.00233	0.01072	0.00580	0.00393	0.01161
31	0.01532	0.01442	0.02434	0.69533	0.05589	0.01803	0.02253	0.02073	0.01622	0.02073	0.01442	0.02163	0.01082	0.00811	0.00811	0.00270	0.01082	0.00721	0.00361	0.00901
32	0.00989	0.00706	0.00942	0.01130	0.01177	0.00659	0.00753	0.01130	0.01554	0.02071	0.04472	0.70954	0.05367	0.02542	0.01036	0.00330	0.00471	0.02307	0.00753	0.00659
33	0.01898	0.02139	0.04511	0.03265	0.03987	0.02104	0.56060	0.02521	0.01834	0.02521	0.01572	0.02139	0.01211	0.00772	0.01163	0.00283	0.09616	0.00928	0.00404	0.01070
34	0.01135	0.00829	0.01066	0.01007	0.01204	0.00760	0.00755	0.01505	0.02265	0.03179	0.61924	0.06184	0.11773	0.01687	0.00957	0.00257	0.00385	0.01485	0.00883	0.00760
35	0.02169	0.71972	0.04252	0.01388	0.02083	0.03211	0.01388	0.02430	0.01649	0.01909	0.01128	0.01302	0.01041	0.00694	0.00521	0.00174	0.00868	0.00434	0.00347	0.01041
36	0.00959	0.00822	0.00822	0.00822	0.01096	0.00685	0.00617	0.01165	0.01850	0.02192	0.08220	0.07809	0.66092	0.02055	0.00959	0.00274	0.00411	0.01713	0.00754	0.00685
37	0.01901	0.02289	0.07896	0.03365	0.04205	0.02044	0.60467	0.02598	0.01905	0.02598	0.01632	0.02165	0.01221	0.00688	0.00948	0.00273	0.01360	0.00940	0.00407	0.01100
38	0.01775	0.01775	0.02485	0.02130	0.02130	0.02485	0.01775	0.01953	0.01243	0.01953	0.01065	0.01775	0.01065	0.01420	0.02663	0.00355	0.69998	0.00710	0.00355	0.00888
39	0.00989	0.00706	0.00942	0.01130	0.01177	0.00659	0.00753	0.01130	0.01554	0.02071	0.04472	0.70954	0.05367	0.02542	0.01036	0.00330	0.00471	0.02307	0.00753	0.00659
40	0.02139	0.61077	0.03789	0.01341	0.01978	0.02912	0.01306	0.05132	0.01752	0.02175	0.01330	0.01518	0.01170	0.00734	0.00539	0.00178	0.00816	0.00482	0.08605	0.01026
41	0.00989	0.00706	0.00942	0.01130	0.01177	0.00659	0.00753	0.01130	0.01554	0.02071	0.04472	0.70954	0.05367	0.02542	0.01036	0.00330	0.00471	0.02307	0.00753	0.00659
42	0.10335	0.01968	0.02253	0.24555	0.03421	0.05749	0.01695	0.28991	0.07044	0.03643	0.01749	0.02003	0.01285	0.00897	0.00775	0.00254	0.00942	0.00698	0.00607	0.01135
43	0.06403	0.01908	0.02989	0.15128	0.50050	0.04659	0.02318	0.02447	0.01802	0.02588	0.01478	0.01970	0.01218	0.00744	0.00784	0.00245	0.00984	0.00698	0.00402	0.01185
44	0.01148	0.00829	0.01085	0.01021	0.01212	0.00766	0.00766	0.01531	0.02297	0.03254	0.65994	0.06061	0.07656	0.01659	0.00957	0.00255	0.00383	0.01467	0.00893	0.00766
45	0.01759	0.01520	0.01898	0.04183	0.02215	0.01230	0.03984	0.05217	0.01800	0.02744	0.01477	0.01740	0.01207	0.00633	0.00637	0.00140	0.00672	0.00526	0.00489	0.65928
46	0.01053	0.00745	0.00948	0.01075	0.01133	0.00707	0.00715	0.01186	0.01529	0.02033	0.06922	0.47842	0.07257	0.18064	0.01733	0.00430	0.00549	0.04749	0.00700	0.00631
47	0.00989	0.00706	0.00942	0.01130	0.01177	0.00659	0.00753	0.01130	0.01554	0.02071	0.04472	0.70954	0.05367	0.02542	0.01036	0.00330	0.00471	0.02307	0.00753	0.00659
48	0.01738	0.02001	0.08170	0.27924	0.04577	0.01902	0.34154	0.02376	0.01784	0.02416	0.01589	0.02175	0.01191	0.00747	0.00876	0.00268	0.01214	0.00837	0.03043	0.01018

[dist]
# distance from previous block
# <min> <max>
0	1

[block]
# block no. 6 follows, 23 sequences, length 28
# corresponding to MSA columns:
# 304-331
name=unknown_G
#
# <colnr> <probs for GDERKNQSTAVLIFYWHMCP>
#	G	D	E	R	K	N	Q	S	T	A	V	L	I	F	Y	W	H	M	C	P
0	0.01934	0.01855	0.03237	0.10620	0.52307	0.01876	0.07888	0.02435	0.01826	0.02609	0.01578	0.02084	0.01297	0.00737	0.00808	0.00244	0.00986	0.00745	0.03724	0.01209
1	0.24678	0.01793	0.02635	0.09188	0.30205	0.01890	0.07765	0.04996	0.01794	0.05636	0.01497	0.01861	0.01173	0.00758	0.00729	0.00250	0.00898	0.00664	0.00471	0.01118
2	0.01044	0.00758	0.00989	0.01118	0.01210	0.00694	0.00755	0.01205	0.01584	0.02145	0.07408	0.60964	0.05148	0.05164	0.01131	0.00332	0.00486	0.02113	0.00734	0.05014
3	0.01683	0.01442	0.01683	0.01202	0.01923	0.01082	0.00961	0.02043	0.01683	0.02644	0.01442	0.01683	0.01202	0.00601	0.00601	0.00120	0.00601	0.00481	0.00481	0.76444
4	0.01066	0.00776	0.01004	0.01053	0.01189	0.00714	0.00749	0.01332	0.01945	0.02669	0.35378	0.34028	0.10945	0.02067	0.00991	0.00288	0.00423	0.01845	0.00823	0.00714
5	0.01106	0.00828	0.01026	0.00977	0.01186	0.00748	0.00733	0.01450	0.02198	0.03019	0.53198	0.06448	0.20598	0.01747	0.00957	0.00259	0.00389	0.01522	0.00862	0.00748
6	0.66342	0.01541	0.01295	0.01123	0.01643	0.01728	0.00925	0.02617	0.01520	0.13002	0.01436	0.01531	0.01046	0.00790	0.00549	0.00251	0.00637	0.00495	0.00576	0.00953
7	0.01138	0.00829	0.01070	0.01009	0.01206	0.00761	0.00757	0.01510	0.02271	0.03193	0.62673	0.06162	0.11015	0.01682	0.00957	0.00256	0.00384	0.01482	0.00885	0.00761
8	0.77215	0.01569	0.01193	0.01067	0.01569	0.01820	0.00879	0.02385	0.01381	0.03641	0.01130	0.01318	0.00879	0.00753	0.00502	0.00251	0.00628	0.00439	0.00502	0.00879
9	0.02008	0.01928	0.03294	0.04981	0.66422	0.01928	0.02490	0.02490	0.01848	0.02651	0.01526	0.02008	0.01285	0.00723	0.00803	0.00241	0.00964	0.00723	0.00402	0.01285
10	0.01775	0.01775	0.02485	0.02130	0.02130	0.02485	0.01775	0.01953	0.01243	0.01953	0.01065	0.01775	0.01065	0.01420	0.02663	0.00355	0.69998	0.00710	0.00355	0.00888
11	0.00997	0.00713	0.00949	0.01124	0.01179	0.00665	0.00754	0.01151	0.01593	0.02134	0.07729	0.67519	0.05488	0.02495	0.01032	0.00326	0.00466	0.02262	0.00761	0.00665
12	0.01513	0.00756	0.00756	0.00756	0.00945	0.00756	0.00567	0.01891	0.01702	0.03025	0.02647	0.03025	0.02080	0.00945	0.00567	0.00189	0.00378	0.00756	0.75988	0.00756
13	0.77215	0.01569	0.01193	0.01067	0.01569	0.01820	0.00879	0.02385	0.01381	0.03641	0.01130	0.01318	0.00879	0.00753	0.00502	0.00251	0.00628	0.00439	0.00502	0.00879
14	0.03482	0.01346	0.01832	0.01417	0.02017	0.01165	0.01165	0.03800	0.02321	0.62927	0.07198	0.02972	0.02368	0.01046	0.00825	0.00251	0.00671	0.00857	0.00997	0.01342
15	0.03641	0.01381	0.01883	0.01444	0.02071	0.01193	0.01193	0.03954	0.02322	0.66984	0.03201	0.02762	0.02009	0.01004	0.00816	0.00251	0.00690	0.00816	0.01004	0.01381
16	0.02018	0.01743	0.01835	0.01651	0.02110	0.02018	0.01284	0.04312	0.64956	0.03394	0.03303	0.03027	0.02477	0.01101	0.00826	0.00275	0.00642	0.00917	0.00826	0.01284
17	0.02169	0.71972	0.04252	0.01388	0.02083	0.03211	0.01388	0.02430	0.01649	0.01909	0.01128	0.01302	0.01041	0.00694	0.00521	0.00174	0.00868	0.00434	0.00347	0.01041
18	0.00989	0.00706	0.00942	0.01130	0.01177	0.00659	0.00753	0.01130	0.01554	0.02071	0.04472	0.70954	0.05367	0.02542	0.01036	0.00330	0.00471	0.02307	0.00753	0.00659
19	0.03544	0.01403	0.01880	0.01456	0.02074	0.01242	0.01198	0.03976	0.06057	0.63193	0.03207	0.02778	0.02037	0.01010	0.00817	0.00253	0.00688	0.00822	0.00994	0.01375
20	0.00989	0.00706	0.00942	0.01130	0.01177	0.00659	0.00753	0.01130	0.01554	0.02071	0.04472	0.70954	0.05367	0.02542	0.01036	0.00330	0.00471	0.02307	0.00753	0.00659
21	0.01566	0.01507	0.02639	0.63776	0.05471	0.01824	0.07585	0.02119	0.01648	0.02119	0.01460	0.02166	0.01095	0.00800	0.00824	0.00271	0.01107	0.00742	0.00365	0.00918
22	0.01513	0.00756	0.00756	0.00756	0.00945	0.00756	0.00567	0.01891	0.01702	0.03025	0.02647	0.03025	0.02080	0.00945	0.00567	0.00189	0.00378	0.00756	0.75988	0.00756
23	0.00989	0.00706	0.00942	0.01130	0.01177	0.00659	0.00753	0.01130	0.01554	0.02071	0.04472	0.70954	0.05367	0.02542	0.01036	0.00330	0.00471	0.02307	0.00753	0.00659
24	0.01051	0.00736	0.00935	0.01056	0.01099	0.00701	0.00683	0.01169	0.01499	0.02011	0.07865	0.48903	0.04853	0.21306	0.01875	0.00450	0.00551	0.01946	0.00691	0.00620
25	0.15051	0.09887	0.46386	0.05469	0.03142	0.01992	0.02435	0.02498	0.01644	0.02672	0.01367	0.01628	0.01006	0.00763	0.00702	0.00249	0.01061	0.00562	0.00372	0.01112
26	0.02244	0.01903	0.02268	0.13524	0.05097	0.05105	0.01639	0.17872	0.17578	0.05562	0.02012	0.02216	0.01537	0.01026	0.01132	0.00269	0.13181	0.00753	0.00617	0.04466
27	0.05838	0.01760	0.01860	0.04947	0.02202	0.07944	0.01211	0.14779	0.02315	0.16544	0.05298	0.02260	0.01760	0.00876	0.00723	0.00206	0.00762	0.00683	0.05472	0.22560

[dist]
# distance from previous block
# <min> <max>
17	46

[block]
# block no. 7 follows, 23 sequences, length 56
# corresponding to MSA columns:
# 382-437
name=unknown_H
#
# <colnr> <probs for GDERKNQSTAVLIFYWHMCP>
#	G	D	E	R	K	N	Q	S	T	A	V	L	I	F	Y	W	H	M	C	P
0	0.01882	0.02189	0.19289	0.01804	0.04958	0.01467	0.04563	0.04523	0.07399	0.08543	0.04965	0.04914	0.01851	0.00887	0.00749	0.00215	0.00807	0.00750	0.03912	0.24334
1	0.33804	0.01154	0.01156	0.04470	0.01594	0.01238	0.00886	0.01773	0.01531	0.02825	0.05533	0.29637	0.05347	0.01550	0.00771	0.00279	0.00568	0.01291	0.00620	0.03972
