[name]
unknown

[dist]
# distance from previous block
# <min> <max>
0	0

[block]
# block no. 0 follows, 24 sequences, length 19
# corresponding to MSA columns:
# 0-18
name=unknown_A
#
# <colnr> <probs for GDERKNQSTAVLIFYWHMCP>
#	G	D	E	R	K	N	Q	S	T	A	V	L	I	F	Y	W	H	M	C	P
0	0.01278	0.00913	0.01278	0.01460	0.01643	0.00913	0.01278	0.01643	0.01825	0.02373	0.04199	0.08945	0.04564	0.02191	0.01095	0.00365	0.00730	0.61847	0.00730	0.00730
1	0.03451	0.01521	0.01946	0.01492	0.02110	0.01420	0.01233	0.15789	0.02556	0.55405	0.02888	0.02543	0.01842	0.00976	0.00797	0.00244	0.00714	0.00781	0.00944	0.01349
2	0.01963	0.01884	0.03219	0.04867	0.67185	0.01884	0.02434	0.02434	0.01806	0.02591	0.01492	0.01963	0.01256	0.00707	0.00785	0.00236	0.00942	0.00707	0.00393	0.01256
3	0.01872	0.02139	0.04679	0.03342	0.04144	0.02005	0.64305	0.02540	0.01872	0.02540	0.01604	0.02139	0.01203	0.00668	0.00936	0.00267	0.01337	0.00936	0.00401	0.01070
4	0.02831	0.02123	0.02380	0.10090	0.02822	0.02375	0.01591	0.56986	0.03469	0.04639	0.01844	0.01929	0.01313	0.00933	0.00793	0.00241	0.00895	0.00713	0.00740	0.01292
5	0.03010	0.02348	0.02369	0.01842	0.02459	0.07888	0.01509	0.59529	0.03607	0.04748	0.01848	0.01865	0.01322	0.00941	0.00787	0.00235	0.00918	0.00697	0.00762	0.01314
6	0.00954	0.00739	0.00869	0.00974	0.01116	0.00655	0.00678	0.01119	0.01644	0.02075	0.05960	0.43849	0.31984	0.02278	0.00980	0.00298	0.00435	0.02002	0.00736	0.00655
7	0.01142	0.00764	0.00868	0.00879	0.00882	0.00762	0.00495	0.01150	0.01174	0.01566	0.02608	0.09060	0.03021	0.68073	0.03860	0.00743	0.00751	0.01217	0.00495	0.00490
8	0.02768	0.03073	0.02473	0.02576	0.15699	0.41611	0.01712	0.15583	0.02460	0.02700	0.01419	0.01636	0.01136	0.00822	0.00745	0.00218	0.01216	0.00592	0.00484	0.01076
9	0.01153	0.00769	0.00865	0.00865	0.00865	0.00769	0.00480	0.01153	0.01153	0.01538	0.02499	0.05189	0.02883	0.72131	0.04036	0.00769	0.00769	0.01153	0.00480	0.00480
10	0.01153	0.00769	0.00865	0.00865	0.00865	0.00769	0.00480	0.01153	0.01153	0.01538	0.02499	0.05189	0.02883	0.72131	0.04036	0.00769	0.00769	0.01153	0.00480	0.00480
11	0.07982	0.01931	0.01871	0.01630	0.02111	0.07854	0.01282	0.12518	0.44003	0.06037	0.02701	0.02539	0.02010	0.01006	0.00773	0.00256	0.00733	0.00798	0.00753	0.01213
12	0.01963	0.01884	0.03219	0.04867	0.67185	0.01884	0.02434	0.02434	0.01806	0.02591	0.01492	0.01963	0.01256	0.00707	0.00785	0.00236	0.00942	0.00707	0.00393	0.01256
13	0.03014	0.02221	0.02380	0.01825	0.02459	0.02459	0.01507	0.64541	0.03728	0.04998	0.01904	0.01904	0.01349	0.00952	0.00793	0.00238	0.00873	0.00714	0.00793	0.01349
14	0.01644	0.01409	0.01644	0.01175	0.01879	0.01057	0.00940	0.01997	0.01644	0.02584	0.01409	0.01644	0.01175	0.00587	0.00587	0.00117	0.00587	0.00470	0.00470	0.76979
15	0.01644	0.01409	0.01644	0.01175	0.01879	0.01057	0.00940	0.01997	0.01644	0.02584	0.01409	0.01644	0.01175	0.00587	0.00587	0.00117	0.00587	0.00470	0.00470	0.76979
16	0.01639	0.01227	0.01457	0.01176	0.01682	0.01004	0.00909	0.04802	0.01774	0.07468	0.02791	0.18453	0.07550	0.01190	0.00740	0.00193	0.00563	0.01018	0.00607	0.43757
17	0.01622	0.01055	0.01313	0.01159	0.01452	0.01028	0.00896	0.07122	0.07156	0.10777	0.49347	0.05000	0.05964	0.01452	0.00898	0.00249	0.00469	0.01261	0.00874	0.00905
18	0.02591	0.01822	0.02078	0.01742	0.04993	0.01936	0.01351	0.38190	0.08244	0.10929	0.12003	0.02678	0.02425	0.01041	0.00807	0.00238	0.00746	0.00837	0.00795	0.04554

[dist]
# distance from previous block
# <min> <max>
0	2

[block]
# block no. 1 follows, 24 sequences, length 15
# corresponding to MSA columns:
# 21-35
name=unknown_B
#
# <colnr> <probs for GDERKNQSTAVLIFYWHMCP>
#	G	D	E	R	K	N	Q	S	T	A	V	L	I	F	Y	W	H	M	C	P
0	0.01963	0.01884	0.03219	0.04867	0.67185	0.01884	0.02434	0.02434	0.01806	0.02591	0.01492	0.01963	0.01256	0.00707	0.00785	0.00236	0.00942	0.00707	0.00393	0.01256
1	0.02250	0.01470	0.01895	0.01421	0.02056	0.01268	0.04724	0.06847	0.05569	0.20310	0.06068	0.02312	0.01860	0.00814	0.00712	0.00185	0.00663	0.00685	0.00669	0.38223
2	0.01963	0.01884	0.03219	0.04867	0.67185	0.01884	0.02434	0.02434	0.01806	0.02591	0.01492	0.01963	0.01256	0.00707	0.00785	0.00236	0.00942	0.00707	0.00393	0.01256
3	0.01962	0.01639	0.01951	0.01460	0.02123	0.01491	0.04118	0.14399	0.10321	0.03143	0.01749	0.01888	0.01370	0.00725	0.00672	0.00167	0.00683	0.00594	0.00573	0.48971
4	0.02976	0.02501	0.02300	0.01845	0.02420	0.16952	0.01486	0.45653	0.06306	0.06889	0.01870	0.01884	0.01354	0.00930	0.00777	0.00232	0.00975	0.00682	0.00718	0.01250
5	0.02063	0.01505	0.01763	0.01288	0.01972	0.01250	0.01041	0.10217	0.01990	0.11178	0.01691	0.01812	0.01297	0.00684	0.00640	0.00149	0.00635	0.00543	0.00576	0.57708
6	0.02926	0.02188	0.02383	0.01842	0.02433	0.02457	0.01523	0.60212	0.03555	0.04784	0.01844	0.01892	0.01327	0.00982	0.00918	0.00246	0.05698	0.00713	0.00762	0.01315
7	0.01644	0.01409	0.01644	0.01175	0.01879	0.01057	0.00940	0.01997	0.01644	0.02584	0.01409	0.01644	0.01175	0.00587	0.00587	0.00117	0.00587	0.00470	0.00470	0.76979
8	0.02342	0.01302	0.01595	0.01353	0.01789	0.01296	0.01071	0.03276	0.22213	0.28464	0.21915	0.03731	0.03733	0.01200	0.00841	0.00254	0.00571	0.01016	0.00895	0.01143
9	0.01590	0.04102	0.68023	0.02260	0.03432	0.01842	0.02930	0.02511	0.01674	0.02511	0.01423	0.01674	0.01005	0.00753	0.00753	0.00251	0.01172	0.00586	0.00335	0.01172
10	0.09475	0.01390	0.01782	0.01395	0.01987	0.01273	0.01147	0.03765	0.06691	0.57955	0.02971	0.02603	0.01906	0.00968	0.00773	0.00247	0.00666	0.00775	0.00929	0.01303
11	0.02120	0.72609	0.04155	0.01357	0.02035	0.03138	0.01357	0.02374	0.01611	0.01866	0.01102	0.01272	0.01018	0.00678	0.00509	0.00170	0.00848	0.00424	0.00339	0.01018
12	0.01403	0.00816	0.01097	0.01172	0.01324	0.00751	0.00842	0.01597	0.01698	0.12414	0.07635	0.52718	0.04807	0.02180	0.00980	0.00309	0.00508	0.06201	0.00782	0.00767
13	0.01605	0.01364	0.01600	0.01161	0.01827	0.01034	0.00925	0.01959	0.01690	0.02629	0.06342	0.01967	0.01651	0.00665	0.00614	0.00127	0.00571	0.00543	0.00500	0.71226
14	0.09086	0.02239	0.02275	0.01771	0.02384	0.05530	0.01456	0.56598	0.03465	0.04737	0.01807	0.01832	0.01293	0.00928	0.00765	0.00237	0.00878	0.00681	0.00751	0.01289

[dist]
# distance from previous block
# <min> <max>
0	3

[block]
# block no. 2 follows, 24 sequences, length 16
# corresponding to MSA columns:
# 39-54
name=unknown_C
#
# <colnr> <probs for GDERKNQSTAVLIFYWHMCP>
#	G	D	E	R	K	N	Q	S	T	A	V	L	I	F	Y	W	H	M	C	P
0	0.01927	0.01896	0.03003	0.17356	0.51716	0.05517	0.02340	0.02395	0.01787	0.02446	0.01461	0.01963	0.01205	0.00729	0.00783	0.00239	0.00991	0.00696	0.00386	0.01165
1	0.02957	0.02302	0.02414	0.01994	0.05766	0.06610	0.01556	0.57508	0.03537	0.04682	0.01840	0.01877	0.01323	0.00931	0.00788	0.00236	0.00911	0.00701	0.00749	0.01317
2	0.02969	0.03578	0.02264	0.02015	0.02452	0.60351	0.01529	0.11102	0.02439	0.02336	0.01313	0.01491	0.01064	0.00835	0.00725	0.00209	0.01358	0.00537	0.00458	0.00975
3	0.02622	0.02060	0.02095	0.01692	0.02227	0.06355	0.01366	0.42236	0.15176	0.04272	0.05846	0.02360	0.01918	0.01004	0.00786	0.00239	0.00805	0.00778	0.04926	0.01236
4	0.03014	0.02221	0.02380	0.01825	0.02459	0.02459	0.01507	0.64541	0.03728	0.04998	0.01904	0.01904	0.01349	0.00952	0.00793	0.00238	0.00873	0.00714	0.00793	0.01349
5	0.01644	0.01409	0.01644	0.01175	0.01879	0.01057	0.00940	0.01997	0.01644	0.02584	0.01409	0.01644	0.01175	0.00587	0.00587	0.00117	0.00587	0.00470	0.00470	0.76979
6	0.01963	0.01884	0.03219	0.04867	0.67185	0.01884	0.02434	0.02434	0.01806	0.02591	0.01492	0.01963	0.01256	0.00707	0.00785	0.00236	0.00942	0.00707	0.00393	0.01256
7	0.01612	0.03955	0.63288	0.02341	0.03485	0.01854	0.07517	0.02513	0.01689	0.02513	0.01437	0.01709	0.01019	0.00747	0.00767	0.00252	0.01184	0.00612	0.00340	0.01164
8	0.01697	0.06987	0.46752	0.02523	0.03565	0.01953	0.20349	0.02513	0.01727	0.02487	0.01459	0.01787	0.01062	0.00725	0.00793	0.00252	0.01203	0.00678	0.00354	0.01135
9	0.03558	0.01350	0.01840	0.01411	0.02024	0.01166	0.01166	0.03865	0.02270	0.67734	0.03128	0.02699	0.01963	0.00981	0.00797	0.00245	0.00675	0.00797	0.00981	0.01350
10	0.01994	0.01996	0.03131	0.10193	0.54571	0.06914	0.04767	0.02458	0.01823	0.02492	0.01469	0.01943	0.01219	0.00721	0.00786	0.00237	0.01004	0.00701	0.00391	0.01191
11	0.01589	0.01957	0.11561	0.02400	0.02945	0.01691	0.30001	0.02103	0.01741	0.02443	0.09708	0.12929	0.02513	0.01172	0.01168	0.00283	0.11242	0.01113	0.00491	0.00951
12	0.02601	0.01852	0.02020	0.05415	0.02370	0.09703	0.03592	0.06523	0.26767	0.23592	0.02666	0.02517	0.01891	0.00960	0.00788	0.00246	0.00798	0.00785	0.00762	0.04154
13	0.02401	0.01910	0.05162	0.01998	0.02711	0.01732	0.17758	0.19396	0.02376	0.14408	0.01890	0.02026	0.01358	0.00781	0.00776	0.00216	0.00897	0.00718	0.00622	0.20863
14	0.01944	0.01939	0.03558	0.05779	0.11080	0.01938	0.34563	0.10001	0.04030	0.02792	0.01768	0.05558	0.01452	0.00852	0.00966	0.00259	0.04895	0.00898	0.00476	0.05251
15	0.02124	0.02145	0.03400	0.02931	0.13365	0.09037	0.30057	0.06324	0.09286	0.05123	0.01790	0.02100	0.01365	0.00758	0.00835	0.00242	0.01097	0.00798	0.00496	0.06726

[dist]
# distance from previous block
# <min> <max>
6	24

[block]
# block no. 3 follows, 24 sequences, length 19
# corresponding to MSA columns:
# 79-97
name=unknown_D
#
# <colnr> <probs for GDERKNQSTAVLIFYWHMCP>
#	G	D	E	R	K	N	Q	S	T	A	V	L	I	F	Y	W	H	M	C	P
0	0.02334	0.01717	0.02016	0.01630	0.02156	0.05633	0.05764	0.16116	0.13126	0.14663	0.02552	0.12042	0.02133	0.01107	0.00799	0.00237	0.00758	0.00942	0.00716	0.13560
1	0.06521	0.01428	0.01767	0.01405	0.01955	0.01364	0.01145	0.10475	0.08126	0.44370	0.07768	0.03001	0.04896	0.01063	0.00799	0.00248	0.00657	0.00862	0.00903	0.01247
2	0.05379	0.01964	0.02713	0.03527	0.40412	0.05043	0.01967	0.17957	0.02308	0.03216	0.04533	0.02234	0.03497	0.00853	0.00783	0.00237	0.00893	0.00748	0.00529	0.01208
3	0.38111	0.01562	0.01523	0.01461	0.05968	0.05737	0.01072	0.04772	0.01796	0.16498	0.07164	0.07345	0.02009	0.01002	0.00674	0.00248	0.00677	0.00758	0.00641	0.00982
4	0.73256	0.01522	0.01206	0.01065	0.01563	0.01742	0.00877	0.02424	0.01405	0.07431	0.01226	0.01373	0.00925	0.00751	0.00509	0.00245	0.00617	0.00452	0.00520	0.00888
5	0.01262	0.01028	0.01405	0.01277	0.01368	0.01133	0.04630	0.01394	0.01356	0.01854	0.05694	0.11214	0.08565	0.35881	0.05480	0.00569	0.13520	0.01214	0.00515	0.00641
6	0.06409	0.02005	0.02529	0.02732	0.23033	0.07847	0.03963	0.19233	0.02445	0.19019	0.01959	0.02052	0.01410	0.00848	0.00775	0.00237	0.00901	0.00708	0.00648	0.01247
7	0.06517	0.02001	0.02993	0.04305	0.55853	0.06125	0.02236	0.05754	0.01908	0.02734	0.01474	0.01887	0.01223	0.00728	0.00764	0.00234	0.00950	0.00678	0.00420	0.01217
8	0.01074	0.00821	0.01151	0.01200	0.01332	0.00748	0.03697	0.01246	0.01524	0.02065	0.03892	0.58805	0.04588	0.06323	0.01151	0.00329	0.00529	0.01983	0.00684	0.06857
9	0.01153	0.00769	0.00865	0.00865	0.00865	0.00769	0.00480	0.01153	0.01153	0.01538	0.02499	0.05189	0.02883	0.72131	0.04036	0.00769	0.00769	0.01153	0.00480	0.00480
10	0.57659	0.06262	0.01552	0.01192	0.01713	0.01922	0.00994	0.09023	0.05058	0.06429	0.01390	0.01502	0.01052	0.00784	0.00554	0.00241	0.00659	0.00500	0.00551	0.00963
11	0.06990	0.29289	0.23276	0.02015	0.05670	0.08332	0.06991	0.04770	0.01777	0.02384	0.01300	0.01536	0.01042	0.00728	0.00659	0.00216	0.01029	0.00547	0.00378	0.01073
12	0.02095	0.01832	0.03007	0.09760	0.53833	0.01863	0.02274	0.06399	0.01939	0.06963	0.01618	0.02019	0.01292	0.00747	0.00787	0.00239	0.00930	0.00713	0.00453	0.01238
13	0.02768	0.01577	0.02222	0.02436	0.20540	0.01541	0.01545	0.03532	0.15616	0.35555	0.02685	0.02545	0.01859	0.00923	0.00796	0.00248	0.00741	0.00793	0.00777	0.01303
14	0.02198	0.01382	0.01741	0.01422	0.01885	0.01335	0.02558	0.10299	0.07306	0.20007	0.09466	0.12981	0.02779	0.01214	0.00901	0.00239	0.04326	0.01013	0.00747	0.16201
15	0.02342	0.07518	0.02070	0.01517	0.02093	0.04666	0.01231	0.12983	0.24680	0.12369	0.02339	0.02259	0.01734	0.00890	0.00726	0.00216	0.00716	0.00703	0.00699	0.18251
16	0.02047	0.10063	0.01975	0.04568	0.02042	0.01638	0.01163	0.05161	0.21817	0.13007	0.10455	0.03013	0.05634	0.01029	0.00755	0.00225	0.00642	0.00843	0.00707	0.13215
17	0.02188	0.02134	0.07618	0.03647	0.40110	0.07267	0.05150	0.02851	0.08752	0.09719	0.01836	0.02094	0.01418	0.00787	0.00788	0.00240	0.00955	0.00723	0.00499	0.01224
18	0.04930	0.09415	0.41241	0.02494	0.10169	0.04369	0.09358	0.02470	0.01708	0.02476	0.01486	0.03684	0.01170	0.00783	0.00751	0.00244	0.01103	0.00662	0.00369	0.01119

[dist]
# distance from previous block
# <min> <max>
0	3

[block]
# block no. 4 follows, 24 sequences, length 120
# corresponding to MSA columns:
# 101-220
name=unknown_E
#
# <colnr> <probs for GDERKNQSTAVLIFYWHMCP>
#	G	D	E	R	K	N	Q	S	T	A	V	L	I	F	Y	W	H	M	C	P
0	0.02586	0.05180	0.05164	0.01859	0.04983	0.02246	0.01511	0.42511	0.13044	0.04237	0.04544	0.02181	0.01716	0.00954	0.00779	0.00236	0.00819	0.00743	0.00731	0.03976
1	0.02456	0.02190	0.06988	0.01718	0.02371	0.07512	0.03970	0.31765	0.02694	0.05940	0.01742	0.01954	0.01331	0.03737	0.00870	0.00229	0.00877	0.00656	0.00624	0.20377
2	0.02548	0.01970	0.02337	0.02011	0.07328	0.02113	0.04478	0.35276	0.17577	0.06651	0.02172	0.02174	0.01593	0.00919	0.00786	0.00237	0.00812	0.00749	0.00728	0.07542
3	0.01488	0.00875	0.00922	0.00877	0.01069	0.00880	0.00629	0.04495	0.04241	0.02714	0.02567	0.05265	0.02256	0.16207	0.01335	0.00317	0.00499	0.00865	0.48672	0.03830
4	0.01933	0.01527	0.01897	0.01499	0.02043	0.01454	0.05685	0.14986	0.10184	0.05960	0.05123	0.10640	0.04984	0.01074	0.00771	0.00214	0.00677	0.00924	0.00655	0.27769
5	0.01153	0.00769	0.00865	0.00865	0.00865	0.00769	0.00480	0.01153	0.01153	0.01538	0.02499	0.05189	0.02883	0.72131	0.04036	0.00769	0.00769	0.01153	0.00480	0.00480
6	0.02551	0.02147	0.02295	0.06961	0.05621	0.10158	0.01574	0.32433	0.08036	0.05889	0.04136	0.02104	0.01575	0.01003	0.01018	0.00253	0.09699	0.00730	0.00650	0.01169
7	0.03537	0.01383	0.01861	0.01427	0.02041	0.01216	0.01179	0.06225	0.02326	0.65293	0.03081	0.02668	0.01939	0.00980	0.00797	0.00245	0.00682	0.00794	0.00974	0.01349
8	0.77733	0.01534	0.01166	0.01043	0.01534	0.01779	0.00859	0.02331	0.01350	0.03558	0.01104	0.01288	0.00859	0.00736	0.00491	0.00245	0.00613	0.00429	0.00491	0.00859
9	0.03161	0.13371	0.02311	0.01478	0.02099	0.01739	0.01257	0.13503	0.05146	0.43771	0.02596	0.02343	0.01725	0.00930	0.00749	0.00233	0.00734	0.00726	0.00836	0.01290
10	0.00966	0.00690	0.00920	0.01104	0.01150	0.00644	0.00736	0.01104	0.01518	0.02024	0.04371	0.71614	0.05245	0.02484	0.01012	0.00322	0.00460	0.02254	0.00736	0.00644
11	0.01122	0.00811	0.01060	0.00998	0.01185	0.00748	0.00748	0.01496	0.02245	0.03180	0.66766	0.05923	0.07482	0.01621	0.00935	0.00249	0.00374	0.01434	0.00873	0.00748
12	0.01377	0.00689	0.01033	0.01033	0.01033	0.00689	0.00689	0.01033	0.01033	0.01377	0.01377	0.02410	0.01377	0.02755	0.03099	0.76928	0.00689	0.00689	0.00344	0.00344
13	0.03429	0.01378	0.01836	0.01427	0.02027	0.01231	0.01173	0.03893	0.07441	0.62487	0.03137	0.02720	0.02000	0.00989	0.00798	0.00247	0.00671	0.00806	0.00967	0.01342
14	0.01963	0.01884	0.03219	0.04867	0.67185	0.01884	0.02434	0.02434	0.01806	0.02591	0.01492	0.01963	0.01256	0.00707	0.00785	0.00236	0.00942	0.00707	0.00393	0.01256
15	0.01018	0.00727	0.00980	0.01164	0.01232	0.00689	0.00826	0.01194	0.01569	0.02082	0.04342	0.61171	0.05131	0.02435	0.01026	0.00329	0.00505	0.12185	0.00735	0.00658
16	0.01590	0.04102	0.68023	0.02260	0.03432	0.01842	0.02930	0.02511	0.01674	0.02511	0.01423	0.01674	0.01005	0.00753	0.00753	0.00251	0.01172	0.00586	0.00335	0.01172
17	0.77733	0.01534	0.01166	0.01043	0.01534	0.01779	0.00859	0.02331	0.01350	0.03558	0.01104	0.01288	0.00859	0.00736	0.00491	0.00245	0.00613	0.00429	0.00491	0.00859
18	0.01706	0.01692	0.02373	0.02043	0.02050	0.02360	0.01699	0.01885	0.01217	0.01905	0.01093	0.01801	0.01086	0.01607	0.05794	0.00392	0.67384	0.00701	0.00351	0.00860
19	0.01644	0.01409	0.01644	0.01175	0.01879	0.01057	0.00940	0.01997	0.01644	0.02584	0.01409	0.01644	0.01175	0.00587	0.00587	0.00117	0.00587	0.00470	0.00470	0.76979
20	0.01377	0.00689	0.01033	0.01033	0.01033	0.00689	0.00689	0.01033	0.01033	0.01377	0.01377	0.02410	0.01377	0.02755	0.03099	0.76928	0.00689	0.00689	0.00344	0.00344
21	0.01377	0.00689	0.01033	0.01033	0.01033	0.00689	0.00689	0.01033	0.01033	0.01377	0.01377	0.02410	0.01377	0.02755	0.03099	0.76928	0.00689	0.00689	0.00344	0.00344
22	0.01644	0.01409	0.01644	0.01175	0.01879	0.01057	0.00940	0.01997	0.01644	0.02584	0.01409	0.01644	0.01175	0.00587	0.00587	0.00117	0.00587	0.00470	0.00470	0.76979
23	0.01478	0.00739	0.00739	0.00739	0.00924	0.00739	0.00554	0.01848	0.01663	0.02956	0.02587	0.02956	0.02033	0.00924	0.00554	0.00185	0.00370	0.00739	0.76534	0.00739
24	0.01243	0.00888	0.01237	0.01420	0.01587	0.00882	0.01217	0.01582	0.01791	0.02334	0.04218	0.16012	0.04641	0.02224	0.01086	0.00360	0.00700	0.55127	0.00731	0.00720
25	0.01122	0.00815	0.01059	0.01011	0.01202	0.00753	0.00767	0.01488	0.02206	0.03097	0.61246	0.06141	0.09914	0.01665	0.00943	0.00256	0.00392	0.04319	0.00860	0.00744
26	0.01114	0.00813	0.01063	0.01009	0.01196	0.00762	0.00759	0.01473	0.02153	0.03033	0.59247	0.05800	0.09911	0.01955	0.05904	0.00325	0.00503	0.01403	0.00834	0.00742
27	0.01644	0.01409	0.01644	0.01175	0.01879	0.01057	0.00940	0.01997	0.01644	0.02584	0.01409	0.01644	0.01175	0.00587	0.00587	0.00117	0.00587	0.00470	0.00470	0.76979
28	0.01851	0.02078	0.04339	0.03152	0.03832	0.02069	0.54837	0.02445	0.01772	0.02445	0.01519	0.02078	0.01179	0.00777	0.01188	0.00279	0.11830	0.00899	0.00393	0.01039
29	0.01644	0.01409	0.01644	0.01175	0.01879	0.01057	0.00940	0.01997	0.01644	0.02584	0.01409	0.01644	0.01175	0.00587	0.00587	0.00117	0.00587	0.00470	0.00470	0.76979
30	0.01028	0.00775	0.01097	0.01170	0.01280	0.00719	0.03437	0.01228	0.01659	0.02232	0.14151	0.55731	0.07991	0.02252	0.00994	0.00306	0.00482	0.02046	0.00743	0.00680
31	0.02392	0.02036	0.02021	0.01717	0.02223	0.07377	0.01360	0.23926	0.40429	0.03761	0.02636	0.02493	0.01959	0.01015	0.00795	0.00254	0.00771	0.00806	0.00771	0.01260
32	0.77733	0.01534	0.01166	0.01043	0.01534	0.01779	0.00859	0.02331	0.01350	0.03558	0.01104	0.01288	0.00859	0.00736	0.00491	0.00245	0.00613	0.00429	0.00491	0.00859
33	0.01851	0.02282	0.09304	0.03263	0.04092	0.01993	0.59824	0.02538	0.01857	0.02538	0.01591	0.02105	0.01189	0.00675	0.00923	0.00266	0.01325	0.00910	0.00396	0.01077
34	0.01829	0.02070	0.04500	0.03236	0.04002	0.01940	0.61275	0.02472	0.01855	0.02516	0.01736	0.05450	0.01396	0.00755	0.00939	0.00270	0.01295	0.00999	0.00417	0.01049
35	0.01255	0.00914	0.01237	0.01398	0.01578	0.00914	0.01185	0.01663	0.04383	0.02360	0.04329	0.16213	0.06982	0.02174	0.01067	0.00352	0.00681	0.49840	0.00734	0.00739
36	0.01520	0.01432	0.02418	0.67115	0.08399	0.01768	0.02213	0.02045	0.01596	0.02053	0.01413	0.02107	0.01067	0.00789	0.00792	0.00263	0.01052	0.00705	0.00354	0.00899
37	0.68856	0.04306	0.01391	0.01225	0.04238	0.01812	0.00954	0.02396	0.01414	0.05926	0.01198	0.01369	0.00924	0.00742	0.00515	0.00242	0.00638	0.00455	0.00500	0.00900
38	0.01605	0.01507	0.02518	0.42927	0.16979	0.01771	0.04551	0.02073	0.01607	0.02185	0.01563	0.04789	0.01303	0.00896	0.00960	0.00265	0.07309	0.00775	0.03470	0.00947
39	0.77733	0.01534	0.01166	0.01043	0.01534	0.01779	0.00859	0.02331	0.01350	0.03558	0.01104	0.01288	0.00859	0.00736	0.00491	0.00245	0.00613	0.00429	0.00491	0.00859
40	0.01627	0.01612	0.02940	0.49161	0.12350	0.01825	0.14755	0.02177	0.01669	0.02195	0.01458	0.02102	0.01110	0.00758	0.00821	0.00262	0.01100	0.00752	0.00367	0.00962
41	0.02481	0.45160	0.06216	0.01606	0.04981	0.05172	0.01441	0.04964	0.01872	0.16960	0.01626	0.01672	0.01254	0.00767	0.00615	0.00197	0.00851	0.00542	0.00506	0.01118
42	0.01872	0.02139	0.04679	0.03342	0.04144	0.02005	0.64305	0.02540	0.01872	0.02540	0.01604	0.02139	0.01203	0.00668	0.00936	0.00267	0.01337	0.00936	0.00401	0.01070
43	0.01498	0.01409	0.02378	0.70226	0.05462	0.01762	0.02202	0.02026	0.01586	0.02026	0.01409	0.02114	0.01057	0.00793	0.00793	0.00264	0.01057	0.00705	0.00352	0.00881
44	0.01084	0.00831	0.00980	0.01027	0.01213	0.00763	0.00756	0.03854	0.01845	0.02376	0.14170	0.30136	0.29584	0.02095	0.00969	0.00290	0.00462	0.06104	0.00757	0.00704
45	0.01735	0.01735	0.02429	0.02082	0.02082	0.02429	0.01735	0.01908	0.01214	0.01908	0.01041	0.01735	0.01041	0.01388	0.02602	0.00347	0.70680	0.00694	0.00347	0.00867
46	0.01122	0.00811	0.01060	0.00998	0.01185	0.00748	0.00748	0.01496	0.02245	0.03180	0.66766	0.05923	0.07482	0.01621	0.00935	0.00249	0.00374	0.01434	0.00873	0.00748
47	0.01745	0.01764	0.02593	0.02174	0.02232	0.02398	0.06303	0.01955	0.01262	0.01955	0.01082	0.01764	0.01053	0.01335	0.02481	0.00341	0.65617	0.00712	0.00351	0.00882
48	0.01153	0.00769	0.00865	0.00865	0.00865	0.00769	0.00480	0.01153	0.01153	0.01538	0.02499	0.05189	0.02883	0.72131	0.04036	0.00769	0.00769	0.01153	0.00480	0.00480
49	0.01144	0.00770	0.00862	0.00862	0.00874	0.00765	0.00486	0.01153	0.01181	0.01563	0.02734	0.05293	0.05605	0.69148	0.03904	0.00747	0.00753	0.01175	0.00491	0.00489
50	0.02120	0.72609	0.04155	0.01357	0.02035	0.03138	0.01357	0.02374	0.01611	0.01866	0.01102	0.01272	0.01018	0.00678	0.00509	0.00170	0.00848	0.00424	0.00339	0.01018
51	0.01622	0.03915	0.62551	0.02480	0.08816	0.01845	0.02888	0.02505	0.01685	0.02518	0.01429	0.01699	0.01026	0.00749	0.00756	0.00250	0.01153	0.00596	0.00340	0.01179
52	0.01644	0.01409	0.01644	0.01175	0.01879	0.01057	0.00940	0.01997	0.01644	0.02584	0.01409	0.01644	0.01175	0.00587	0.00587	0.00117	0.00587	0.00470	0.00470	0.76979
53	0.01818	0.01404	0.01662	0.01196	0.01892	0.01067	0.00960	0.02167	0.01701	0.08513	0.01566	0.01740	0.01246	0.00623	0.00606	0.00129	0.00595	0.00500	0.00516	0.70097
54	0.02048	0.01741	0.01836	0.01629	0.02091	0.02008	0.01274	0.08618	0.61224	0.03440	0.03131	0.02882	0.02342	0.01067	0.00806	0.00267	0.00645	0.00883	0.00806	0.01262
55	0.01498	0.01409	0.02378	0.70226	0.05462	0.01762	0.02202	0.02026	0.01586	0.02026	0.01409	0.02114	0.01057	0.00793	0.00793	0.00264	0.01057	0.00705	0.00352	0.00881
56	0.77733	0.01534	0.01166	0.01043	0.01534	0.01779	0.00859	0.02331	0.01350	0.03558	0.01104	0.01288	0.00859	0.00736	0.00491	0.00245	0.00613	0.00429	0.00491	0.00859
57	0.01377	0.00689	0.01033	0.01033	0.01033	0.00689	0.00689	0.01033	0.01033	0.01377	0.01377	0.02410	0.01377	0.02755	0.03099	0.76928	0.00689	0.00689	0.00344	0.00344
58	0.01114	0.00810	0.01049	0.00989	0.01180	0.00745	0.00742	0.01481	0.02226	0.03136	0.64268	0.05996	0.10008	0.01638	0.00935	0.00250	0.00375	0.01444	0.00867	0.00745
59	0.02703	0.02260	0.02365	0.13383	0.02949	0.10620	0.01636	0.43954	0.03086	0.03997	0.01703	0.01874	0.01247	0.00925	0.00853	0.00242	0.03664	0.00686	0.00654	0.01198
60	0.01890	0.01599	0.01776	0.01684	0.05045	0.01803	0.01245	0.06539	0.50053	0.03340	0.12837	0.03317	0.03092	0.01136	0.00825	0.00263	0.00615	0.00961	0.00797	0.01182
61	0.01986	0.01961	0.03190	0.07544	0.59137	0.05026	0.04646	0.02454	0.01819	0.02534	0.01480	0.01951	0.01234	0.00714	0.00788	0.00236	0.00984	0.00706	0.00392	0.01217
62	0.01150	0.00876	0.01326	0.04506	0.01606	0.01027	0.01048	0.01445	0.01289	0.01850	0.02091	0.03068	0.01939	0.05706	0.65793	0.01227	0.02074	0.00843	0.00421	0.00716
63	0.01021	0.00807	0.00920	0.00892	0.01123	0.00705	0.00669	0.01301	0.02006	0.02613	0.34688	0.06856	0.39914	0.01833	0.00936	0.00259	0.00389	0.01565	0.00798	0.00705
64	0.01518	0.01430	0.02415	0.67360	0.08167	0.01767	0.02212	0.02044	0.01595	0.02051	0.01413	0.02108	0.01066	0.00789	0.00792	0.00263	0.01052	0.00705	0.00354	0.00897
65	0.01808	0.09536	0.54276	0.02167	0.03234	0.01903	0.05575	0.02611	0.01727	0.07752	0.01543	0.01746	0.01093	0.00762	0.00745	0.00245	0.01112	0.00606	0.00391	0.01169
66	0.01133	0.00850	0.01274	0.01274	0.01416	0.00991	0.00991	0.01416	0.01274	0.01841	0.02124	0.03115	0.01982	0.05947	0.68989	0.01274	0.02124	0.00850	0.00425	0.00708
67	0.01833	0.02175	0.08856	0.09470	0.14701	0.01952	0.44000	0.02475	0.01821	0.02501	0.01555	0.02074	0.01184	0.00692	0.00885	0.00261	0.01234	0.00852	0.00390	0.01091
68	0.77733	0.01534	0.01166	0.01043	0.01534	0.01779	0.00859	0.02331	0.01350	0.03558	0.01104	0.01288	0.00859	0.00736	0.00491	0.00245	0.00613	0.00429	0.00491	0.00859
69	0.03014	0.02221	0.02380	0.01825	0.02459	0.02459	0.01507	0.64541	0.03728	0.04998	0.01904	0.01904	0.01349	0.00952	0.00793	0.00238	0.00873	0.00714	0.00793	0.01349
70	0.05198	0.63966	0.03875	0.01402	0.02051	0.08646	0.01352	0.02440	0.01655	0.01939	0.01113	0.01286	0.01012	0.00692	0.00526	0.00176	0.00888	0.00432	0.00351	0.01003
71	0.02939	0.02214	0.02296	0.01782	0.02386	0.05099	0.01463	0.59041	0.03569	0.04775	0.01909	0.01935	0.01368	0.00945	0.00779	0.00234	0.00871	0.00707	0.04387	0.01302
72	0.02800	0.01937	0.02163	0.04652	0.02413	0.02096	0.01410	0.43653	0.08919	0.12239	0.02159	0.02137	0.01528	0.00943	0.00776	0.00235	0.00802	0.00731	0.03796	0.04611
73	0.02079	0.69688	0.04029	0.01342	0.02001	0.03041	0.01332	0.02339	0.01637	0.01919	0.03773	0.01461	0.01281	0.00717	0.00526	0.00173	0.00829	0.00465	0.00361	0.01007
74	0.03067	0.01241	0.01683	0.01328	0.01855	0.01081	0.01081	0.03388	0.02265	0.54732	0.15946	0.03348	0.03075	0.01110	0.00825	0.00246	0.00614	0.00926	0.00960	0.01228
75	0.01963	0.01884	0.03219	0.04867	0.67185	0.01884	0.02434	0.02434	0.01806	0.02591	0.01492	0.01963	0.01256	0.00707	0.00785	0.00236	0.00942	0.00707	0.00393	0.01256
76	0.01869	0.01528	0.01683	0.01382	0.01894	0.01537	0.01093	0.13151	0.23858	0.03269	0.09958	0.03115	0.07847	0.01049	0.00765	0.00217	0.00610	0.00865	0.00706	0.23606
77	0.77733	0.01534	0.01166	0.01043	0.01534	0.01779	0.00859	0.02331	0.01350	0.03558	0.01104	0.01288	0.00859	0.00736	0.00491	0.00245	0.00613	0.00429	0.00491	0.00859
78	0.77733	0.01534	0.01166	0.01043	0.01534	0.01779	0.00859	0.02331	0.01350	0.03558	0.01104	0.01288	0.00859	0.00736	0.00491	0.00245	0.00613	0.00429	0.00491	0.00859
79	0.01170	0.00863	0.01107	0.01101	0.01281	0.00833	0.00828	0.01637	0.06717	0.02916	0.45715	0.17674	0.06467	0.01783	0.00953	0.00274	0.00438	0.06647	0.00832	0.00765
80	0.01152	0.00773	0.00884	0.00884	0.00891	0.00779	0.00504	0.01165	0.01159	0.01552	0.02481	0.05092	0.02841	0.69030	0.07080	0.00792	0.00832	0.01139	0.00478	0.00491
81	0.01153	0.00769	0.00865	0.00865	0.00865	0.00769	0.00480	0.01153	0.01153	0.01538	0.02499	0.05189	0.02883	0.72131	0.04036	0.00769	0.00769	0.01153	0.00480	0.00480
82	0.02869	0.02080	0.02224	0.01721	0.02313	0.02296	0.01417	0.58589	0.03532	0.04804	0.01969	0.02004	0.01413	0.00949	0.00771	0.00233	0.00825	0.00716	0.07984	0.01291
83	0.60023	0.01708	0.01390	0.01199	0.01699	0.04576	0.00980	0.12360	0.01780	0.03703	0.01289	0.01451	0.00985	0.00781	0.00551	0.00240	0.00680	0.00489	0.03180	0.00936
84	0.01963	0.01884	0.03219	0.04867	0.67185	0.01884	0.02434	0.02434	0.01806	0.02591	0.01492	0.01963	0.01256	0.00707	0.00785	0.00236	0.00942	0.00707	0.00393	0.01256
85	0.01644	0.01409	0.01644	0.01175	0.01879	0.01057	0.00940	0.01997	0.01644	0.02584	0.01409	0.01644	0.01175	0.00587	0.00587	0.00117	0.00587	0.00470	0.00470	0.76979
86	0.01134	0.00940	0.03794	0.01054	0.01275	0.00788	0.00837	0.01520	0.02187	0.03098	0.61168	0.08828	0.07112	0.01626	0.00931	0.00253	0.00411	0.01438	0.00844	0.00761
87	0.00953	0.00802	0.00815	0.00813	0.01066	0.00677	0.00602	0.01152	0.01795	0.02153	0.09898	0.07464	0.61957	0.05039	0.01072	0.00289	0.00417	0.01642	0.00730	0.00664
88	0.01525	0.01458	0.02491	0.64221	0.05260	0.01801	0.05169	0.02046	0.01584	0.02046	0.01404	0.02100	0.01063	0.00811	0.00874	0.00268	0.03920	0.00715	0.00354	0.00889
89	0.01661	0.01643	0.02815	0.37421	0.12152	0.01962	0.10793	0.02122	0.01569	0.02141	0.01364	0.02013	0.01098	0.00899	0.01220	0.00280	0.16798	0.00735	0.00363	0.00951
90	0.05806	0.01391	0.01841	0.01416	0.02027	0.01237	0.01170	0.06278	0.02301	0.63225	0.03017	0.02624	0.01904	0.00973	0.00788	0.00245	0.00681	0.00783	0.00959	0.01334
91	0.01272	0.00909	0.01269	0.01443	0.01625	0.00906	0.01257	0.01637	0.01842	0.02404	0.06610	0.08828	0.04676	0.02169	0.01089	0.00361	0.00716	0.59519	0.00736	0.00731
92	0.01626	0.03889	0.61819	0.02510	0.09535	0.01846	0.02882	0.02504	0.01687	0.02519	0.01430	0.01702	0.01029	0.00749	0.00756	0.00250	0.01150	0.00598	0.00340	0.01180
93	0.00989	0.00706	0.00946	0.01130	0.01186	0.00664	0.00776	0.01143	0.01541	0.02050	0.04358	0.67038	0.05195	0.02463	0.01018	0.00325	0.00480	0.06605	0.00736	0.00650
94	0.03558	0.01350	0.01840	0.01411	0.02024	0.01166	0.01166	0.03865	0.02270	0.67734	0.03128	0.02699	0.01963	0.00981	0.00797	0.00245	0.00675	0.00797	0.00981	0.01350
95	0.02120	0.72609	0.04155	0.01357	0.02035	0.03138	0.01357	0.02374	0.01611	0.01866	0.01102	0.01272	0.01018	0.00678	0.00509	0.00170	0.00848	0.00424	0.00339	0.01018
96	0.14479	0.01750	0.05599	0.05836	0.20302	0.01665	0.09256	0.07026	0.01956	0.12458	0.07303	0.05127	0.01958	0.00920	0.00778	0.00249	0.00842	0.00821	0.00575	0.01100
97	0.05274	0.01057	0.01336	0.01152	0.01494	0.00980	0.00896	0.04499	0.02181	0.23557	0.34170	0.07271	0.07502	0.03859	0.00978	0.00269	0.00516	0.01197	0.00863	0.00948
98	0.01122	0.00810	0.01081	0.01234	0.01365	0.00780	0.00969	0.01375	0.01700	0.02225	0.07040	0.32451	0.09698	0.04772	0.01150	0.00351	0.00589	0.29874	0.00730	0.00684
99	0.01755	0.01316	0.01958	0.01946	0.11963	0.01292	0.08986	0.07355	0.01684	0.07755	0.02190	0.03674	0.02143	0.37122	0.02455	0.00508	0.00862	0.00963	0.00526	0.03548
100	0.02072	0.66429	0.09916	0.01438	0.02161	0.03021	0.01499	0.02387	0.01617	0.01924	0.01131	0.01308	0.01016	0.00685	0.00531	0.00177	0.00877	0.00439	0.00339	0.01032
101	0.02748	0.07245	0.02379	0.01725	0.02327	0.02381	0.01431	0.50740	0.10298	0.04466	0.02246	0.02212	0.04174	0.00990	0.00780	0.00238	0.00824	0.00753	0.00759	0.01286
102	0.01730	0.04295	0.01753	0.01190	0.01891	0.01145	0.00964	0.02077	0.01665	0.04820	0.01457	0.01666	0.01196	0.00605	0.00591	0.00124	0.00601	0.00479	0.00482	0.71269
103	0.07210	0.10102	0.54731	0.02133	0.03195	0.01962	0.05122	0.02487	0.01653	0.02530	0.01378	0.01628	0.01003	0.00742	0.00719	0.00244	0.01108	0.00574	0.00349	0.01131
104	0.01938	0.02239	0.12286	0.04016	0.42931	0.01925	0.12828	0.04995	0.04151	0.02693	0.01579	0.01986	0.01258	0.00729	0.00807	0.00244	0.01026	0.00736	0.00417	0.01217
105	0.01498	0.01409	0.02378	0.70226	0.05462	0.01762	0.02202	0.02026	0.01586	0.02026	0.01409	0.02114	0.01057	0.00793	0.00793	0.00264	0.01057	0.00705	0.00352	0.00881
106	0.00974	0.00696	0.00927	0.01099	0.01152	0.00649	0.00737	0.01123	0.01553	0.02079	0.07344	0.68483	0.05351	0.02443	0.01008	0.00319	0.00456	0.02215	0.00743	0.00649
107	0.01956	0.01894	0.03257	0.04600	0.59451	0.01897	0.06895	0.02527	0.04885	0.02622	0.01583	0.02023	0.01308	0.00722	0.00797	0.00239	0.00956	0.00732	0.00413	0.01242
108	0.01230	0.00911	0.01200	0.01341	0.01536	0.00897	0.01135	0.01627	0.04287	0.02349	0.04756	0.13088	0.13992	0.02141	0.01054	0.00343	0.00657	0.45986	0.00735	0.00735
109	0.01944	0.01477	0.01816	0.01328	0.02012	0.01205	0.03324	0.05034	0.04624	0.10116	0.01713	0.01851	0.01327	0.00672	0.00642	0.00149	0.00639	0.00553	0.00554	0.59019
110	0.01062	0.00798	0.01035	0.01108	0.01228	0.00771	0.00808	0.01292	0.01764	0.02377	0.21667	0.37940	0.13125	0.02122	0.01054	0.00300	0.03326	0.06773	0.00757	0.00692
111	0.01478	0.00739	0.00739	0.00739	0.00924	0.00739	0.00554	0.01848	0.01663	0.02956	0.02587	0.02956	0.02033	0.00924	0.00554	0.00185	0.00370	0.00739	0.76534	0.00739
112	0.01575	0.01271	0.01586	0.04104	0.04652	0.01384	0.01325	0.02674	0.26481	0.02773	0.06619	0.05956	0.03614	0.01621	0.00953	0.00313	0.00694	0.30705	0.00739	0.00961
113	0.02081	0.67607	0.08819	0.01423	0.02137	0.03043	0.01472	0.02384	0.01616	0.01913	0.01126	0.01301	0.01017	0.00684	0.00527	0.00176	0.00872	0.00436	0.00339	0.01029
114	0.01784	0.01379	0.01636	0.01187	0.01863	0.01053	0.00951	0.02133	0.01722	0.08094	0.04279	0.01912	0.01504	0.00664	0.00619	0.00134	0.00586	0.00538	0.00530	0.67433
115	0.03014	0.02221	0.02380	0.01825	0.02459	0.02459	0.01507	0.64541	0.03728	0.04998	0.01904	0.01904	0.01349	0.00952	0.00793	0.00238	0.00873	0.00714	0.00793	0.01349
116	0.05372	0.66755	0.06614	0.01380	0.02070	0.03026	0.01399	0.02378	0.01602	0.01965	0.01116	0.01289	0.01010	0.00684	0.00518	0.00176	0.00851	0.00431	0.00346	0.01017
117	0.01882	0.25138	0.39949	0.01855	0.02784	0.02144	0.02203	0.02523	0.01726	0.07255	0.04514	0.01825	0.01384	0.00788	0.00689	0.00225	0.00996	0.00591	0.00410	0.01117
118	0.01613	0.07076	0.65250	0.02221	0.03371	0.01898	0.02862	0.02505	0.01671	0.02483	0.01409	0.01657	0.01005	0.00750	0.00743	0.00248	0.01158	0.00579	0.00335	0.01165
119	0.08667	0.14491	0.48790	0.01968	0.02974	0.02007	0.02411	0.02538	0.01663	0.05609	0.01425	0.01625	0.01039	0.00751	0.00693	0.00238	0.01047	0.00556	0.00380	0.01128

[dist]
# distance from previous block
# <min> <max>
0	8

[block]
# block no. 5 follows, 24 sequences, length 14
# corresponding to MSA columns:
# 229-242
name=unknown_F
#
# <colnr> <probs for GDERKNQSTAVLIFYWHMCP>
#	G	D	E	R	K	N	Q	S	T	A	V	L	I	F	Y	W	H	M	C	P
0	0.01810	0.32525	0.41525	0.01885	0.02853	0.02379	0.02277	0.02455	0.01648	0.02243	0.01290	0.01507	0.01010	0.00722	0.00652	0.00217	0.01038	0.00519	0.00337	0.01108
1	0.01582	0.07302	0.57087	0.02122	0.03155	0.01803	0.02660	0.02405	0.01688	0.02462	0.01723	0.02483	0.01411	0.00913	0.00780	0.00260	0.01105	0.07565	0.00380	0.01114
2	0.01719	0.20736	0.52515	0.02041	0.03093	0.02156	0.02548	0.02478	0.01659	0.02355	0.01345	0.01577	0.01008	0.00735	0.00694	0.00231	0.01093	0.00547	0.00336	0.01134
3	0.01260	0.00901	0.01253	0.01408	0.01591	0.00894	0.01217	0.01626	0.01873	0.02465	0.11335	0.08600	0.04897	0.02126	0.01077	0.00352	0.00690	0.54957	0.00746	0.00732
4	0.01634	0.03828	0.60469	0.02186	0.03276	0.01857	0.02739	0.02705	0.08983	0.02603	0.01629	0.01821	0.01166	0.00790	0.00759	0.00253	0.01110	0.00621	0.00389	0.01181
5	0.01029	0.00746	0.00971	0.01043	0.01160	0.00689	0.00734	0.01268	0.01835	0.02508	0.30345	0.40885	0.09636	0.02101	0.00976	0.00289	0.00421	0.01883	0.00793	0.00689
6	0.06906	0.53449	0.17531	0.01528	0.02300	0.02774	0.01659	0.02401	0.01608	0.02112	0.01171	0.01359	0.01005	0.00698	0.00560	0.00192	0.00902	0.00459	0.00348	0.01040
7	0.02009	0.02126	0.07485	0.06582	0.46741	0.04123	0.10140	0.06348	0.01932	0.02688	0.01515	0.01950	0.01224	0.00727	0.00800	0.00241	0.01022	0.00722	0.00414	0.01208
8	0.02739	0.02038	0.02210	0.01710	0.02315	0.02195	0.01398	0.53859	0.03366	0.04553	0.02005	0.06239	0.01574	0.01009	0.00785	0.00230	0.00816	0.00784	0.00755	0.09420
9	0.01931	0.01600	0.01725	0.01527	0.01948	0.01807	0.01192	0.10058	0.48016	0.03469	0.14327	0.03372	0.03204	0.01159	0.00828	0.00262	0.00608	0.00972	0.00817	0.01175
10	0.01202	0.03948	0.05461	0.01219	0.01511	0.00949	0.02959	0.01534	0.01870	0.02566	0.27245	0.22725	0.11087	0.01736	0.00916	0.00267	0.00538	0.05809	0.00718	0.05741
11	0.02321	0.01849	0.01960	0.01641	0.02152	0.02077	0.01311	0.28447	0.36052	0.03915	0.03034	0.02864	0.06582	0.01092	0.00811	0.00256	0.00711	0.00878	0.00796	0.01251
12	0.02148	0.65159	0.06986	0.01441	0.02126	0.07175	0.01440	0.02430	0.01654	0.01900	0.01125	0.01300	0.01017	0.00691	0.00533	0.00176	0.00899	0.00437	0.00343	0.01019
13	0.01887	0.11065	0.53134	0.02060	0.03111	0.01897	0.02547	0.02662	0.01740	0.10409	0.01597	0.01757	0.01123	0.00773	0.00733	0.00242	0.01077	0.00595	0.00414	0.01177

[dist]
# distance from previous block
# <min> <max>
2	15

[block]
# block no. 6 follows, 24 sequences, length 6
# corresponding to MSA columns:
# 258-263
name=unknown_G
#
# <colnr> <probs for GDERKNQSTAVLIFYWHMCP>
#	G	D	E	R	K	N	Q	S	T	A	V	L	I	F	Y	W	H	M	C	P
0	0.02285	0.01496	0.01823	0.08633	0.02274	0.01526	0.01243	0.20676	0.04569	0.15633	0.09525	0.03168	0.02433	0.07813	0.01108	0.00286	0.00738	0.03625	0.00720	0.10425
1	0.02094	0.01888	0.02972	0.11971	0.48530	0.01971	0.02243	0.13361	0.02120	0.02950	0.01555	0.01970	0.01249	0.00760	0.00787	0.00239	0.00943	0.00708	0.00459	0.01229
2	0.10790	0.01214	0.01422	0.01172	0.01603	0.01135	0.00929	0.07038	0.02143	0.14151	0.30423	0.03681	0.04056	0.01154	0.00781	0.00222	0.00534	0.00963	0.00761	0.15828
3	0.14134	0.02122	0.02189	0.08895	0.02634	0.06126	0.01484	0.45042	0.03059	0.04292	0.01692	0.01806	0.01225	0.00895	0.00743	0.00240	0.00885	0.00658	0.00679	0.01201
4	0.01704	0.01395	0.02175	0.46922	0.04243	0.01621	0.01849	0.02144	0.01625	0.08341	0.01687	0.05432	0.01357	0.00915	0.00922	0.00255	0.06399	0.00760	0.00444	0.09810
5	0.01681	0.01504	0.02369	0.48834	0.04449	0.01832	0.04769	0.07980	0.01771	0.02388	0.01514	0.02118	0.01160	0.00871	0.00963	0.00264	0.07979	0.00717	0.05913	0.00922

[dist]
# distance from previous block
# <min> <max>
0	3

[block]
# block no. 7 follows, 24 sequences, length 41
# corresponding to MSA columns:
# 267-307
name=unknown_H
#
# <colnr> <probs for GDERKNQSTAVLIFYWHMCP>
#	G	D	E	R	K	N	Q	S	T	A	V	L	I	F	Y	W	H	M	C	P
0	0.03073	0.01526	0.01995	0.10141	0.02530	0.01493	0.01351	0.14367	0.04484	0.43587	0.02628	0.02450	0.01723	0.00940	0.00788	0.00242	0.00753	0.00761	0.00843	0.04327
1	0.02753	0.01766	0.02075	0.07366	0.02455	0.01887	0.01392	0.34210	0.07753	0.19450	0.05212	0.05863	0.02016	0.01061	0.00812	0.00249	0.00779	0.00856	0.00803	0.01241
2	0.06012	0.01441	0.02117	0.04659	0.08235	0.01413	0.08370	0.02995	0.10935	0.26085	0.12854	0.03340	0.02797	0.01077	0.00835	0.00258	0.00735	0.03959	0.00759	0.01127
3	0.10836	0.10391	0.45943	0.02057	0.05480	0.01949	0.02363	0.04916	0.01721	0.02662	0.01612	0.01822	0.03380	0.00795	0.00707	0.00242	0.01023	0.00600	0.00389	0.01111
4	0.04784	0.02161	0.05162	0.03398	0.32879	0.09481	0.08301	0.09494	0.02030	0.02788	0.04631	0.02053	0.01496	0.00848	0.00945	0.00247	0.06977	0.00729	0.00462	0.01135
5	0.39201	0.02176	0.17241	0.01459	0.02133	0.01766	0.01455	0.10001	0.01833	0.11187	0.01570	0.01680	0.01125	0.00802	0.00628	0.00244	0.00776	0.00555	0.03120	0.01047
6	0.07473	0.02548	0.03105	0.02398	0.03005	0.22266	0.26544	0.14082	0.02290	0.02862	0.01806	0.02076	0.04164	0.00832	0.00813	0.00241	0.01188	0.00766	0.00497	0.01043
7	0.06322	0.01864	0.03101	0.04647	0.63408	0.01878	0.02343	0.02428	0.01779	0.02646	0.01469	0.01924	0.01233	0.00708	0.00768	0.00236	0.00923	0.00691	0.00398	0.01233
8	0.02624	0.01547	0.01854	0.01408	0.02046	0.01406	0.01145	0.13475	0.07191	0.27632	0.02282	0.02188	0.01598	0.00836	0.00718	0.00198	0.00672	0.00668	0.00744	0.29767
9	0.01963	0.01884	0.03219	0.04867	0.67185	0.01884	0.02434	0.02434	0.01806	0.02591	0.01492	0.01963	0.01256	0.00707	0.00785	0.00236	0.00942	0.00707	0.00393	0.01256
10	0.01498	0.01409	0.02378	0.70226	0.05462	0.01762	0.02202	0.02026	0.01586	0.02026	0.01409	0.02114	0.01057	0.00793	0.00793	0.00264	0.01057	0.00705	0.00352	0.00881
11	0.01498	0.01409	0.02378	0.70226	0.05462	0.01762	0.02202	0.02026	0.01586	0.02026	0.01409	0.02114	0.01057	0.00793	0.00793	0.00264	0.01057	0.00705	0.00352	0.00881
12	0.01498	0.01409	0.02378	0.70226	0.05462	0.01762	0.02202	0.02026	0.01586	0.02026	0.01409	0.02114	0.01057	0.00793	0.00793	0.00264	0.01057	0.00705	0.00352	0.00881
13	0.00937	0.00803	0.00803	0.00803	0.01071	0.00669	0.00602	0.01138	0.01807	0.02142	0.08033	0.07632	0.66863	0.02008	0.00937	0.00268	0.00402	0.01674	0.00736	0.00669
14	0.01107	0.00876	0.01005	0.00961	0.01203	0.00809	0.00724	0.01550	0.06965	0.02738	0.36241	0.06439	0.32985	0.01748	0.00926	0.00259	0.00406	0.01497	0.00808	0.00753
15	0.01251	0.00956	0.03492	0.01053	0.01301	0.00804	0.00839	0.01631	0.02200	0.06333	0.57848	0.05707	0.10389	0.01580	0.00922	0.00250	0.00419	0.01385	0.00851	0.00789
16	0.03452	0.01326	0.01806	0.01393	0.01988	0.01147	0.01147	0.03761	0.02269	0.64917	0.05906	0.02840	0.02204	0.01009	0.00803	0.00246	0.00662	0.00825	0.00977	0.01323
17	0.03014	0.02221	0.02380	0.01825	0.02459	0.02459	0.01507	0.64541	0.03728	0.04998	0.01904	0.01904	0.01349	0.00952	0.00793	0.00238	0.00873	0.00714	0.00793	0.01349
18	0.02120	0.72609	0.04155	0.01357	0.02035	0.03138	0.01357	0.02374	0.01611	0.01866	0.01102	0.01272	0.01018	0.00678	0.00509	0.00170	0.00848	0.00424	0.00339	0.01018
19	0.03014	0.02221	0.02380	0.01825	0.02459	0.02459	0.01507	0.64541	0.03728	0.04998	0.01904	0.01904	0.01349	0.00952	0.00793	0.00238	0.00873	0.00714	0.00793	0.01349
20	0.04700	0.48462	0.24151	0.01630	0.02457	0.02680	0.01834	0.02416	0.01622	0.02130	0.01203	0.01399	0.01008	0.00704	0.00585	0.00198	0.00941	0.00475	0.00343	0.01060
21	0.46135	0.13333	0.11666	0.01482	0.04234	0.07201	0.01350	0.02433	0.01524	0.02977	0.01174	0.01377	0.00932	0.00735	0.00560	0.00231	0.00807	0.00468	0.00434	0.00949
22	0.03061	0.02146	0.02334	0.01789	0.02422	0.02348	0.01478	0.59338	0.03603	0.10377	0.02009	0.01972	0.01401	0.00954	0.00794	0.00239	0.00856	0.00721	0.00809	0.01349
23	0.26300	0.47131	0.05743	0.01292	0.01930	0.02651	0.01260	0.02366	0.01530	0.02433	0.01116	0.01293	0.00966	0.00700	0.00513	0.00197	0.00786	0.00432	0.00388	0.00973
