[name]
unknown

[dist]
# distance from previous block
# <min> <max>
24	128

[block]
# block no. 0 follows, 24 sequences, length 12
# corresponding to MSA columns:
# 142-153
name=unknown_A
#
# <colnr> <probs for GDERKNQSTAVLIFYWHMCP>
#	G	D	E	R	K	N	Q	S	T	A	V	L	I	F	Y	W	H	M	C	P
0	0.14055	0.18231	0.02251	0.01454	0.01928	0.14793	0.01208	0.09144	0.05612	0.06054	0.04690	0.02266	0.04799	0.01491	0.08492	0.00340	0.01008	0.00672	0.00537	0.00976
1	0.01917	0.28655	0.06430	0.01508	0.01996	0.05488	0.01352	0.05779	0.11136	0.02381	0.05457	0.04437	0.01891	0.04878	0.03954	0.00297	0.07368	0.00722	0.00495	0.03860
2	0.05233	0.16811	0.07322	0.01523	0.02007	0.12228	0.01327	0.07049	0.10294	0.06058	0.02393	0.08036	0.04688	0.04999	0.03822	0.00309	0.00913	0.03443	0.00561	0.00984
3	0.10479	0.05621	0.05859	0.01373	0.01757	0.04048	0.01136	0.16215	0.03766	0.02965	0.05592	0.22957	0.06289	0.05109	0.03002	0.00319	0.00740	0.01214	0.00646	0.00912
4	0.04984	0.10804	0.05988	0.03368	0.05520	0.01714	0.04431	0.14708	0.02180	0.11698	0.06751	0.06576	0.07579	0.03334	0.00871	0.00249	0.00760	0.00889	0.00633	0.06963
5	0.08024	0.18931	0.26408	0.01731	0.02448	0.05590	0.04882	0.02218	0.01645	0.02311	0.02068	0.08545	0.05775	0.01276	0.04644	0.00297	0.01011	0.00790	0.00425	0.00982
6	0.01247	0.00886	0.01196	0.04088	0.01470	0.00851	0.00862	0.01359	0.01380	0.01923	0.02571	0.22236	0.02790	0.09631	0.12593	0.16218	0.00864	0.03759	0.00518	0.13557
7	0.08579	0.00813	0.00779	0.00767	0.00981	0.00836	0.00583	0.01893	0.01634	0.03012	0.02449	0.02801	0.01923	0.00906	0.00548	0.00190	0.00392	0.00710	0.69452	0.00750
8	0.11458	0.14754	0.44564	0.01864	0.02791	0.01975	0.02245	0.02377	0.01588	0.02477	0.01400	0.01789	0.01111	0.05419	0.00895	0.00271	0.01021	0.00577	0.00365	0.01061
9	0.10456	0.06094	0.01844	0.01309	0.01912	0.01418	0.01081	0.06460	0.05174	0.29612	0.02540	0.02419	0.05058	0.00892	0.00700	0.00209	0.00651	0.00697	0.00724	0.20749
10	0.17735	0.21365	0.06303	0.01597	0.02195	0.14795	0.01411	0.17765	0.04933	0.03084	0.01430	0.01554	0.01126	0.00804	0.00640	0.00217	0.00924	0.00541	0.00513	0.01067
11	0.02006	0.17546	0.21867	0.05091	0.11411	0.02083	0.01969	0.08791	0.01860	0.06112	0.01482	0.01764	0.01161	0.00892	0.00927	0.04030	0.04922	0.00603	0.00435	0.05049

[dist]
# distance from previous block
# <min> <max>
0	1

[block]
# block no. 1 follows, 24 sequences, length 36
# corresponding to MSA columns:
# 155-190
name=unknown_B
#
# <colnr> <probs for GDERKNQSTAVLIFYWHMCP>
#	G	D	E	R	K	N	Q	S	T	A	V	L	I	F	Y	W	H	M	C	P
0	0.01812	0.08554	0.08925	0.02669	0.03333	0.02049	0.37982	0.02500	0.06334	0.02435	0.01731	0.02355	0.01409	0.01053	0.03831	0.00310	0.07984	0.03266	0.00428	0.01038
1	0.01860	0.09590	0.40801	0.02479	0.10786	0.01966	0.06276	0.02551	0.01708	0.07366	0.01515	0.01783	0.01123	0.00799	0.00882	0.00249	0.06084	0.00631	0.00396	0.01153
2	0.01693	0.01327	0.01536	0.06140	0.01835	0.03898	0.01079	0.15306	0.05156	0.02636	0.05137	0.19728	0.02853	0.14927	0.04049	0.05179	0.04879	0.01202	0.00613	0.00825
3	0.01847	0.01440	0.01538	0.01388	0.01731	0.03659	0.01060	0.09408	0.27660	0.06446	0.05755	0.06539	0.08721	0.11889	0.04728	0.00391	0.00745	0.03330	0.00725	0.01001
4	0.01214	0.00897	0.00960	0.00922	0.01201	0.00791	0.00691	0.04483	0.01885	0.06341	0.06909	0.12800	0.51861	0.04182	0.01027	0.00286	0.00459	0.01607	0.00746	0.00737
5	0.02052	0.01710	0.02722	0.06467	0.44977	0.01733	0.02071	0.04717	0.06238	0.08623	0.02065	0.02864	0.01756	0.00931	0.00822	0.00254	0.00875	0.07404	0.00523	0.01195
6	0.08340	0.01048	0.01225	0.01203	0.01472	0.01069	0.00956	0.02048	0.11782	0.05159	0.24480	0.09885	0.11285	0.01657	0.00911	0.00285	0.00535	0.15046	0.00776	0.00839
7	0.01142	0.00770	0.00928	0.00922	0.00988	0.00743	0.00587	0.01224	0.01473	0.01994	0.18769	0.08909	0.08000	0.40142	0.02823	0.07537	0.00624	0.01273	0.00595	0.00555
8	0.01875	0.02129	0.04623	0.03401	0.06574	0.02001	0.61921	0.02536	0.01869	0.02542	0.01600	0.02132	0.01205	0.00670	0.00930	0.00266	0.01322	0.00927	0.00401	0.01077
9	0.02204	0.01628	0.01758	0.01562	0.01992	0.04808	0.01247	0.11508	0.31289	0.12345	0.06305	0.06319	0.02802	0.01267	0.00853	0.00273	0.00699	0.09196	0.00801	0.01145
10	0.04095	0.01082	0.01137	0.01044	0.01332	0.01139	0.00815	0.09551	0.10255	0.03214	0.08796	0.03552	0.06589	0.01117	0.00691	0.00221	0.00486	0.03033	0.40971	0.00878
11	0.01553	0.00897	0.01116	0.01031	0.01282	0.00804	0.00762	0.01798	0.01924	0.15517	0.24972	0.13268	0.19191	0.10719	0.01314	0.00328	0.00501	0.01422	0.00797	0.00804
12	0.01151	0.00776	0.00902	0.00902	0.00915	0.00789	0.00527	0.01177	0.01164	0.01565	0.02464	0.05000	0.02801	0.66090	0.09965	0.00815	0.00893	0.01125	0.00475	0.00501
13	0.01665	0.01054	0.01170	0.01095	0.01372	0.01064	0.00829	0.09710	0.07852	0.07564	0.03840	0.19054	0.12662	0.01465	0.00787	0.00247	0.00503	0.01241	0.25953	0.00874
14	0.01111	0.00770	0.00986	0.01040	0.01184	0.00702	0.00738	0.01342	0.01826	0.04874	0.25582	0.38701	0.14029	0.02078	0.00969	0.00288	0.00432	0.01850	0.00791	0.00708
15	0.01144	0.00832	0.00969	0.00920	0.01167	0.00729	0.00695	0.01429	0.02028	0.05690	0.34493	0.06624	0.36835	0.01784	0.00930	0.00258	0.00402	0.01524	0.00810	0.00737
16	0.01137	0.00762	0.00870	0.00885	0.00889	0.00758	0.00502	0.01149	0.01184	0.01579	0.02657	0.10818	0.03083	0.66230	0.03780	0.00731	0.00743	0.01246	0.00502	0.00494
17	0.01087	0.00793	0.00990	0.01063	0.01168	0.00751	0.00718	0.01328	0.04193	0.02165	0.12038	0.43946	0.06473	0.14662	0.01515	0.00381	0.00514	0.01809	0.00700	0.03705
18	0.01183	0.00815	0.01036	0.01126	0.01251	0.00772	0.00785	0.04712	0.01741	0.04702	0.09004	0.55864	0.09503	0.02248	0.00981	0.00305	0.00480	0.02015	0.00758	0.00718
19	0.77733	0.01534	0.01166	0.01043	0.01534	0.01779	0.00859	0.02331	0.01350	0.03558	0.01104	0.01288	0.00859	0.00736	0.00491	0.00245	0.00613	0.00429	0.00491	0.00859
20	0.01072	0.00804	0.00985	0.00976	0.01166	0.00730	0.00729	0.01364	0.01998	0.02691	0.39512	0.11383	0.23001	0.04962	0.01089	0.00290	0.00428	0.05314	0.00800	0.00706
21	0.01432	0.00912	0.01138	0.01123	0.01360	0.00850	0.00851	0.01812	0.05876	0.11147	0.19511	0.24149	0.17520	0.01872	0.00945	0.00284	0.00492	0.07107	0.00805	0.00813
22	0.77733	0.01534	0.01166	0.01043	0.01534	0.01779	0.00859	0.02331	0.01350	0.03558	0.01104	0.01288	0.00859	0.00736	0.00491	0.00245	0.00613	0.00429	0.00491	0.00859
23	0.02962	0.03779	0.02247	0.02043	0.02451	0.68948	0.01532	0.03166	0.02247	0.01941	0.01226	0.01430	0.01021	0.00817	0.00715	0.00204	0.01430	0.00511	0.00409	0.00919
24	0.14872	0.01293	0.01324	0.01160	0.01514	0.01392	0.00924	0.19040	0.02236	0.03578	0.09021	0.05980	0.02457	0.01091	0.00690	0.00230	0.00568	0.03176	0.28532	0.00923
25	0.00966	0.00690	0.00920	0.01104	0.01150	0.00644	0.00736	0.01104	0.01518	0.02024	0.04371	0.71614	0.05245	0.02484	0.01012	0.00322	0.00460	0.02254	0.00736	0.00644
26	0.01122	0.00811	0.01060	0.00998	0.01185	0.00748	0.00748	0.01496	0.02245	0.03180	0.66766	0.05923	0.07482	0.01621	0.00935	0.00249	0.00374	0.01434	0.00873	0.00748
27	0.00988	0.00806	0.00880	0.00905	0.01141	0.00698	0.00689	0.01216	0.01828	0.02250	0.12768	0.12200	0.51110	0.02024	0.00957	0.00279	0.00434	0.07395	0.00748	0.00681
28	0.03253	0.01417	0.01831	0.01450	0.02032	0.01320	0.01183	0.03932	0.14458	0.55367	0.03147	0.02749	0.02051	0.01000	0.00799	0.00250	0.00666	0.00816	0.00948	0.01331
29	0.01972	0.01703	0.01793	0.01614	0.02062	0.01972	0.01255	0.04214	0.65752	0.03317	0.03228	0.02959	0.02421	0.01076	0.00807	0.00269	0.00628	0.00897	0.00807	0.01255
30	0.01152	0.00775	0.00894	0.00894	0.00905	0.00785	0.00517	0.01172	0.01162	0.01559	0.02472	0.05040	0.02818	0.67373	0.08706	0.00805	0.00866	0.01131	0.00476	0.00497
31	0.02832	0.01303	0.01669	0.01345	0.01856	0.01204	0.01088	0.05604	0.09066	0.44597	0.12545	0.03513	0.07444	0.01156	0.00828	0.00250	0.00614	0.00959	0.00923	0.01205
32	0.01433	0.01023	0.01535	0.18860	0.06450	0.01072	0.01269	0.01712	0.01625	0.08350	0.03239	0.37460	0.03495	0.04614	0.01049	0.00315	0.00687	0.04377	0.00630	0.00807
33	0.01209	0.00905	0.01319	0.01297	0.01458	0.01051	0.01012	0.03977	0.01374	0.01969	0.02115	0.03066	0.01957	0.05745	0.66222	0.01232	0.02073	0.00844	0.00440	0.00734
34	0.01486	0.01318	0.02194	0.61298	0.04887	0.01625	0.02002	0.01929	0.01538	0.02002	0.01451	0.02173	0.01123	0.00977	0.00994	0.07260	0.00998	0.00705	0.03215	0.00827
35	0.01507	0.01299	0.02068	0.53221	0.04410	0.01603	0.01862	0.01986	0.01580	0.02197	0.01614	0.02254	0.01243	0.00850	0.00846	0.00254	0.04740	0.00711	0.14902	0.00853

[dist]
# distance from previous block
# <min> <max>
0	1

[block]
# block no. 2 follows, 24 sequences, length 31
# corresponding to MSA columns:
# 192-222
name=unknown_C
#
# <colnr> <probs for GDERKNQSTAVLIFYWHMCP>
#	G	D	E	R	K	N	Q	S	T	A	V	L	I	F	Y	W	H	M	C	P
0	0.01570	0.01463	0.02505	0.54517	0.11923	0.01724	0.05853	0.02091	0.01632	0.02179	0.01506	0.02153	0.01150	0.00784	0.00785	0.00256	0.01017	0.00721	0.05245	0.00925
1	0.01000	0.00733	0.01002	0.04703	0.01376	0.00707	0.00813	0.01169	0.01552	0.02072	0.06811	0.65259	0.05119	0.02360	0.00998	0.00316	0.00488	0.02139	0.00722	0.00661
2	0.01510	0.01426	0.02381	0.66692	0.05286	0.01796	0.02178	0.02020	0.01566	0.02020	0.01390	0.02095	0.01056	0.00824	0.00887	0.00269	0.04667	0.00704	0.00352	0.00880
3	0.02687	0.01905	0.02030	0.01593	0.02132	0.02093	0.01304	0.51183	0.03288	0.04563	0.02049	0.02128	0.01494	0.00946	0.00742	0.00227	0.00765	0.00719	0.16931	0.01219
4	0.01378	0.00922	0.01285	0.01436	0.01633	0.00910	0.01239	0.01726	0.01830	0.05760	0.04153	0.12416	0.04469	0.02145	0.01075	0.00356	0.00711	0.55054	0.00744	0.00757
5	0.01972	0.01703	0.01793	0.01614	0.02062	0.01972	0.01255	0.04214	0.65752	0.03317	0.03228	0.02959	0.02421	0.01076	0.00807	0.00269	0.00628	0.00897	0.00807	0.01255
6	0.02120	0.72609	0.04155	0.01357	0.02035	0.03138	0.01357	0.02374	0.01611	0.01866	0.01102	0.01272	0.01018	0.00678	0.00509	0.00170	0.00848	0.00424	0.00339	0.01018
7	0.01372	0.00870	0.01114	0.01018	0.01264	0.00785	0.00776	0.01716	0.02189	0.10318	0.51798	0.05787	0.14742	0.01600	0.00920	0.00251	0.00412	0.01394	0.00867	0.00806
8	0.01153	0.00769	0.00865	0.00865	0.00865	0.00769	0.00480	0.01153	0.01153	0.01538	0.02499	0.05189	0.02883	0.72131	0.04036	0.00769	0.00769	0.01153	0.00480	0.00480
9	0.00966	0.00690	0.00920	0.01104	0.01150	0.00644	0.00736	0.01104	0.01518	0.02024	0.04371	0.71614	0.05245	0.02484	0.01012	0.00322	0.00460	0.02254	0.00736	0.00644
10	0.01194	0.00771	0.00912	0.00940	0.00972	0.00754	0.00564	0.01237	0.01278	0.03986	0.02958	0.20632	0.03403	0.53338	0.03215	0.00646	0.00693	0.01398	0.00558	0.00549
11	0.01722	0.01756	0.02423	0.02041	0.02200	0.07561	0.09341	0.01972	0.01390	0.01963	0.01381	0.02149	0.01304	0.04956	0.14245	0.00509	0.41099	0.00756	0.00378	0.00852
12	0.00966	0.00690	0.00920	0.01104	0.01150	0.00644	0.00736	0.01104	0.01518	0.02024	0.04371	0.71614	0.05245	0.02484	0.01012	0.00322	0.00460	0.02254	0.00736	0.00644
13	0.03558	0.01350	0.01840	0.01411	0.02024	0.01166	0.01166	0.03865	0.02270	0.67734	0.03128	0.02699	0.01963	0.00981	0.00797	0.00245	0.00675	0.00797	0.00981	0.01350
14	0.01010	0.00729	0.00962	0.01107	0.01192	0.00680	0.00776	0.01199	0.01647	0.02202	0.12250	0.55335	0.08310	0.02331	0.01006	0.00314	0.00469	0.07064	0.00753	0.00665
15	0.03254	0.01584	0.01939	0.01498	0.02090	0.01544	0.01234	0.22790	0.02689	0.43878	0.02709	0.02466	0.01774	0.00969	0.00781	0.00239	0.00717	0.00767	0.05768	0.01310
16	0.02120	0.72609	0.04155	0.01357	0.02035	0.03138	0.01357	0.02374	0.01611	0.01866	0.01102	0.01272	0.01018	0.00678	0.00509	0.00170	0.00848	0.00424	0.00339	0.01018
17	0.01015	0.00725	0.00976	0.01160	0.01227	0.00686	0.00821	0.01189	0.01566	0.02079	0.04344	0.61790	0.05138	0.02438	0.01025	0.00329	0.00502	0.11596	0.00735	0.00658
18	0.01035	0.00789	0.01139	0.01209	0.01305	0.00738	0.04561	0.01196	0.01520	0.02020	0.04183	0.59535	0.07083	0.08128	0.01255	0.00354	0.00537	0.02062	0.00695	0.00657
19	0.01084	0.00778	0.01004	0.01146	0.01226	0.00749	0.00781	0.04763	0.01646	0.02196	0.04228	0.67594	0.05020	0.02396	0.01000	0.00317	0.00484	0.02165	0.00739	0.00685
20	0.00972	0.00695	0.00926	0.01100	0.01152	0.00648	0.00737	0.01120	0.01547	0.02071	0.06879	0.68973	0.05335	0.02450	0.01009	0.00319	0.00457	0.02221	0.00742	0.00648
21	0.00989	0.00700	0.00913	0.01074	0.01115	0.00660	0.00704	0.01110	0.01473	0.01964	0.04138	0.63363	0.04951	0.11135	0.01388	0.00378	0.00498	0.02118	0.00704	0.00624
22	0.01932	0.01658	0.01763	0.01605	0.02038	0.01911	0.01256	0.04065	0.62066	0.03263	0.03284	0.03304	0.02544	0.01140	0.00824	0.00275	0.00633	0.04412	0.00802	0.01225
23	0.00961	0.00711	0.00899	0.01049	0.01136	0.00649	0.00712	0.01110	0.01571	0.02046	0.05044	0.59843	0.16581	0.02397	0.00998	0.00312	0.00449	0.02147	0.00736	0.00649
24	0.01644	0.01409	0.01644	0.01175	0.01879	0.01057	0.00940	0.01997	0.01644	0.02584	0.01409	0.01644	0.01175	0.00587	0.00587	0.00117	0.00587	0.00470	0.00470	0.76979
25	0.00990	0.00708	0.00920	0.01067	0.01126	0.00662	0.00711	0.01133	0.01542	0.02058	0.08100	0.59789	0.07470	0.08186	0.01255	0.00353	0.00478	0.02092	0.00723	0.00638
26	0.01851	0.02179	0.07389	0.06120	0.09388	0.01978	0.53837	0.02509	0.01846	0.02522	0.01579	0.02102	0.01193	0.00681	0.00909	0.00264	0.01285	0.00891	0.00395	0.01082
27	0.03135	0.01379	0.01785	0.01421	0.01980	0.01281	0.01156	0.03783	0.13352	0.52609	0.06969	0.02938	0.02374	0.01036	0.00807	0.00250	0.00648	0.00853	0.00944	0.01297
28	0.16134	0.01242	0.01345	0.01183	0.01553	0.01286	0.00927	0.07089	0.11150	0.11233	0.19788	0.03950	0.12665	0.01370	0.00936	0.04898	0.00554	0.01023	0.00747	0.00927
29	0.01825	0.40753	0.25947	0.01660	0.02449	0.02446	0.01860	0.02313	0.01595	0.02086	0.01329	0.01620	0.01122	0.01301	0.08353	0.00323	0.01105	0.00528	0.00347	0.01036
30	0.01872	0.01491	0.01624	0.01482	0.01890	0.01656	0.01165	0.03562	0.47669	0.07014	0.06063	0.04033	0.09486	0.01279	0.00848	0.00275	0.00606	0.06041	0.00806	0.01138

[dist]
# distance from previous block
# <min> <max>
3	6

[block]
# block no. 3 follows, 24 sequences, length 46
# corresponding to MSA columns:
# 229-274
name=unknown_D
#
# <colnr> <probs for GDERKNQSTAVLIFYWHMCP>
#	G	D	E	R	K	N	Q	S	T	A	V	L	I	F	Y	W	H	M	C	P
0	0.01133	0.00760	0.00871	0.00891	0.00896	0.00755	0.00508	0.01148	0.01193	0.01590	0.02701	0.12375	0.03138	0.64597	0.03709	0.00720	0.00735	0.01272	0.00508	0.00498
1	0.35729	0.01763	0.01704	0.01356	0.01940	0.01893	0.01113	0.25204	0.02283	0.03904	0.01457	0.01583	0.01099	0.00787	0.00621	0.00218	0.00704	0.00542	0.00598	0.15500
2	0.10349	0.15536	0.07586	0.01491	0.02012	0.10405	0.01336	0.09336	0.02087	0.10282	0.12188	0.02927	0.02468	0.01197	0.02814	0.00266	0.00861	0.05252	0.00605	0.01002
3	0.08015	0.01198	0.01448	0.01184	0.01636	0.01075	0.00934	0.02226	0.01818	0.18009	0.12458	0.06157	0.07436	0.03864	0.04240	0.00284	0.02773	0.00907	0.00680	0.23658
4	0.01205	0.00765	0.01023	0.01145	0.01253	0.00712	0.00813	0.01355	0.01589	0.06775	0.04259	0.53899	0.07368	0.02341	0.01114	0.04450	0.00512	0.08000	0.00732	0.00689
5	0.01478	0.00739	0.00739	0.00739	0.00924	0.00739	0.00554	0.01848	0.01663	0.02956	0.02587	0.02956	0.02033	0.00924	0.00554	0.00185	0.00370	0.00739	0.76534	0.00739
6	0.01963	0.01878	0.03168	0.04752	0.64871	0.01887	0.02392	0.02497	0.04077	0.02616	0.01553	0.01998	0.01297	0.00720	0.00786	0.00237	0.00931	0.00713	0.00407	0.01256
7	0.01397	0.00842	0.01086	0.01096	0.01297	0.00760	0.00805	0.01632	0.01850	0.12137	0.18870	0.34492	0.14316	0.01982	0.00955	0.00288	0.00475	0.04137	0.00804	0.00780
8	0.02111	0.01971	0.01731	0.01643	0.01998	0.19680	0.01297	0.03042	0.23363	0.07271	0.03003	0.08437	0.02743	0.01377	0.00869	0.00278	0.00864	0.16639	0.00687	0.00996
9	0.01544	0.01547	0.05807	0.44387	0.09581	0.01728	0.02016	0.02024	0.01556	0.02145	0.01507	0.02158	0.01197	0.01165	0.05028	0.00324	0.08667	0.00708	0.06007	0.00906
10	0.26732	0.01516	0.01689	0.01348	0.01921	0.01528	0.01111	0.10307	0.03908	0.38657	0.02356	0.02173	0.01559	0.00904	0.00701	0.00245	0.00677	0.00675	0.00801	0.01193
11	0.07725	0.00937	0.01061	0.01081	0.01285	0.00958	0.00822	0.05311	0.03759	0.02821	0.11256	0.23878	0.03839	0.01612	0.00818	0.00266	0.00498	0.08680	0.22624	0.00773
12	0.01198	0.00864	0.01268	0.01254	0.01381	0.01007	0.00969	0.01429	0.01275	0.01871	0.02046	0.02992	0.01898	0.05201	0.56780	0.07516	0.04598	0.00823	0.04944	0.00686
13	0.03427	0.01442	0.01883	0.01456	0.02063	0.01317	0.01199	0.08970	0.05816	0.59001	0.03031	0.02646	0.01936	0.00984	0.00798	0.00246	0.00689	0.00796	0.00956	0.01344
14	0.00999	0.00806	0.00888	0.00868	0.01109	0.00696	0.00651	0.01257	0.01953	0.02486	0.27520	0.07065	0.47162	0.01880	0.00937	0.00262	0.00393	0.01594	0.00782	0.00696
15	0.02965	0.03695	0.02254	0.02031	0.02452	0.65362	0.01531	0.06476	0.02327	0.02106	0.01262	0.01456	0.01039	0.00824	0.00719	0.00206	0.01400	0.00522	0.00429	0.00942
16	0.01907	0.01655	0.01865	0.01642	0.02075	0.01885	0.04266	0.03905	0.57854	0.03147	0.03094	0.03084	0.02396	0.06324	0.01053	0.00306	0.00673	0.00917	0.00763	0.01189
17	0.01133	0.00850	0.01274	0.01274	0.01416	0.00991	0.00991	0.01416	0.01274	0.01841	0.02124	0.03115	0.01982	0.05947	0.68989	0.01274	0.02124	0.00850	0.00425	0.00708
18	0.22951	0.02038	0.02056	0.01616	0.02212	0.02278	0.01334	0.47942	0.03094	0.04613	0.01690	0.01740	0.01218	0.00894	0.00713	0.00240	0.00803	0.00638	0.00713	0.01218
19	0.77733	0.01534	0.01166	0.01043	0.01534	0.01779	0.00859	0.02331	0.01350	0.03558	0.01104	0.01288	0.00859	0.00736	0.00491	0.00245	0.00613	0.00429	0.00491	0.00859
20	0.00979	0.00700	0.00912	0.01075	0.01126	0.00654	0.00712	0.01109	0.01502	0.01993	0.04373	0.64218	0.07450	0.07630	0.01233	0.00353	0.00481	0.02150	0.00717	0.00633
21	0.00978	0.00698	0.00933	0.01117	0.01168	0.00654	0.00756	0.01124	0.01530	0.02037	0.04364	0.69296	0.05220	0.02473	0.01015	0.00324	0.00470	0.04459	0.00736	0.00647
22	0.00980	0.00696	0.00916	0.01086	0.01129	0.00653	0.00717	0.01108	0.01491	0.01988	0.04232	0.66689	0.05070	0.07648	0.01236	0.00355	0.00483	0.02173	0.00717	0.00632
23	0.00966	0.00690	0.00920	0.01104	0.01150	0.00644	0.00736	0.01104	0.01518	0.02024	0.04371	0.71614	0.05245	0.02484	0.01012	0.00322	0.00460	0.02254	0.00736	0.00644
24	0.06151	0.01356	0.01817	0.01398	0.02007	0.01187	0.01155	0.03811	0.02237	0.65491	0.03058	0.02650	0.01924	0.00973	0.00787	0.00245	0.00673	0.00785	0.00964	0.01332
25	0.01478	0.00739	0.00739	0.00739	0.00924	0.00739	0.00554	0.01848	0.01663	0.02956	0.02587	0.02956	0.02033	0.00924	0.00554	0.00185	0.00370	0.00739	0.76534	0.00739
26	0.00937	0.00803	0.00803	0.00803	0.01071	0.00669	0.00602	0.01138	0.01807	0.02142	0.08033	0.07632	0.66863	0.02008	0.00937	0.00268	0.00402	0.01674	0.00736	0.00669
27	0.03054	0.02158	0.02341	0.01795	0.02428	0.02366	0.01483	0.60158	0.03623	0.09529	0.01992	0.01961	0.01393	0.00954	0.00794	0.00239	0.00858	0.00720	0.00807	0.01349
28	0.01288	0.00854	0.01072	0.00992	0.01231	0.00767	0.00753	0.01620	0.02155	0.08375	0.49162	0.06010	0.19424	0.01648	0.00924	0.00253	0.00405	0.01431	0.00854	0.00782
29	0.02076	0.66865	0.09510	0.01433	0.02152	0.03029	0.01489	0.02386	0.01617	0.01920	0.01129	0.01306	0.01017	0.00685	0.00529	0.00176	0.00875	0.00438	0.00339	0.01031
30	0.01498	0.01409	0.02378	0.70226	0.05462	0.01762	0.02202	0.02026	0.01586	0.02026	0.01409	0.02114	0.01057	0.00793	0.00793	0.00264	0.01057	0.00705	0.00352	0.00881
31	0.01133	0.00850	0.01274	0.01274	0.01416	0.00991	0.00991	0.01416	0.01274	0.01841	0.02124	0.03115	0.01982	0.05947	0.68989	0.01274	0.02124	0.00850	0.00425	0.00708
32	0.01257	0.00910	0.01169	0.01240	0.01410	0.00896	0.00959	0.06653	0.01934	0.02586	0.15250	0.33039	0.07490	0.02098	0.01002	0.00313	0.00558	0.19724	0.00763	0.00748
33	0.01289	0.00842	0.01108	0.01034	0.01243	0.00772	0.00778	0.01644	0.02203	0.07774	0.58457	0.09600	0.06950	0.01626	0.00930	0.00253	0.00401	0.01437	0.00873	0.00785
34	0.01095	0.00809	0.01022	0.00969	0.01168	0.00737	0.00727	0.01443	0.02180	0.03026	0.58060	0.06177	0.16284	0.01679	0.00936	0.00252	0.00378	0.01470	0.00853	0.00737
35	0.02058	0.01048	0.01379	0.01177	0.01532	0.00955	0.00924	0.02487	0.04972	0.27016	0.40555	0.04606	0.05228	0.01362	0.00879	0.00249	0.00496	0.01176	0.00910	0.00992
36	0.01564	0.01440	0.02348	0.38986	0.06350	0.01687	0.06481	0.01998	0.01575	0.02155	0.01632	0.02575	0.01390	0.01008	0.01105	0.02415	0.10203	0.05238	0.03478	0.06371
37	0.02941	0.01425	0.01915	0.12188	0.02568	0.01409	0.01344	0.03643	0.13995	0.45473	0.02879	0.02656	0.01907	0.00970	0.00798	0.00253	0.00726	0.00801	0.00851	0.01259
38	0.01826	0.01818	0.03299	0.28543	0.04263	0.01966	0.28002	0.07639	0.06626	0.02581	0.01651	0.02153	0.01243	0.00801	0.00931	0.00267	0.04106	0.00816	0.00443	0.01026
39	0.08456	0.02119	0.17470	0.02124	0.09885	0.01599	0.06339	0.05289	0.08426	0.15582	0.07610	0.02942	0.02185	0.01005	0.00805	0.00259	0.00847	0.05303	0.00626	0.01130
40	0.02194	0.01131	0.01516	0.01419	0.01787	0.01075	0.01195	0.02673	0.06644	0.27654	0.08209	0.05892	0.03618	0.01604	0.00948	0.00304	0.00676	0.29612	0.00843	0.01008
41	0.01555	0.01411	0.02223	0.07473	0.02416	0.01532	0.13058	0.06993	0.01723	0.02388	0.02519	0.27937	0.02678	0.01519	0.01250	0.00290	0.14817	0.01308	0.00549	0.06361
42	0.01721	0.01512	0.02509	0.50319	0.16892	0.01782	0.02162	0.02208	0.01650	0.06039	0.01510	0.02102	0.01148	0.00817	0.00880	0.00262	0.04401	0.00710	0.00397	0.00980
43	0.01119	0.00884	0.01301	0.14839	0.04747	0.00920	0.01086	0.01343	0.01531	0.02031	0.03603	0.52734	0.04173	0.04498	0.01065	0.00323	0.00608	0.01847	0.00637	0.00711
44	0.08023	0.01499	0.02279	0.56115	0.04752	0.01847	0.02014	0.07191	0.01728	0.02394	0.01410	0.02013	0.01064	0.00825	0.00839	0.00264	0.03745	0.00682	0.00400	0.00917
45	0.02510	0.02053	0.02514	0.07514	0.11254	0.07005	0.05361	0.28730	0.02615	0.08170	0.01726	0.01928	0.01288	0.00879	0.00901	0.00236	0.05743	0.00692	0.00607	0.08274

[dist]
# distance from previous block
# <min> <max>
4	12

[block]
# block no. 4 follows, 24 sequences, length 28
# corresponding to MSA columns:
# 287-314
name=unknown_E
#
# <colnr> <probs for GDERKNQSTAVLIFYWHMCP>
#	G	D	E	R	K	N	Q	S	T	A	V	L	I	F	Y	W	H	M	C	P
0	0.13197	0.01268	0.01763	0.01487	0.01865	0.01338	0.06477	0.04636	0.01730	0.18081	0.06487	0.02746	0.02052	0.02859	0.26676	0.00641	0.04332	0.00810	0.00606	0.00948
1	0.32559	0.01794	0.01829	0.04921	0.02188	0.01985	0.01241	0.28807	0.02488	0.12517	0.01723	0.01775	0.01221	0.00862	0.00674	0.00243	0.00753	0.00612	0.00676	0.01131
2	0.01890	0.01704	0.02467	0.03298	0.37833	0.03930	0.01826	0.08663	0.05906	0.02931	0.13187	0.03188	0.05396	0.01027	0.00829	0.00245	0.00804	0.03188	0.00569	0.01122
3	0.01414	0.00875	0.01195	0.05395	0.01584	0.00832	0.00932	0.01674	0.01823	0.11273	0.17974	0.35681	0.06908	0.01942	0.00957	0.00294	0.00530	0.07153	0.00776	0.00787
4	0.03043	0.01577	0.01897	0.01492	0.02054	0.01570	0.01219	0.21595	0.07822	0.37388	0.05302	0.02631	0.02045	0.01003	0.00788	0.00242	0.00698	0.00803	0.05553	0.01280
5	0.03036	0.01339	0.01718	0.01362	0.01894	0.01241	0.01109	0.08096	0.06229	0.48050	0.08350	0.02948	0.02415	0.01034	0.00788	0.00241	0.00635	0.00846	0.07425	0.01241
6	0.01074	0.00801	0.01013	0.01039	0.01212	0.00723	0.00757	0.01337	0.01873	0.02552	0.29967	0.29724	0.14500	0.01959	0.00953	0.00277	0.00436	0.04469	0.00778	0.04555
7	0.32428	0.01438	0.01446	0.01220	0.01686	0.01532	0.00986	0.13138	0.02033	0.17261	0.04441	0.06389	0.01830	0.00988	0.00664	0.00242	0.00623	0.00743	0.09899	0.01015
8	0.01107	0.00810	0.01038	0.00981	0.01175	0.00741	0.00736	0.01466	0.02207	0.03091	0.61751	0.06069	0.12552	0.01654	0.00935	0.00251	0.00376	0.01455	0.00861	0.00741
9	0.02006	0.00891	0.01273	0.01143	0.01335	0.00833	0.00833	0.01897	0.01471	0.21086	0.05794	0.02705	0.01914	0.02163	0.02290	0.49705	0.00666	0.00765	0.00564	0.00665
10	0.01166	0.00802	0.01009	0.01046	0.01178	0.00756	0.00728	0.01434	0.03752	0.04838	0.23162	0.33462	0.09711	0.11565	0.01381	0.00352	0.00485	0.01718	0.00754	0.00701
11	0.01986	0.01141	0.01387	0.01212	0.01593	0.01090	0.00955	0.02649	0.13900	0.22547	0.21908	0.04836	0.16787	0.01422	0.00875	0.00259	0.00529	0.03054	0.00862	0.01008
12	0.03356	0.01673	0.02040	0.01564	0.02186	0.01645	0.01292	0.26376	0.02811	0.44458	0.02674	0.02404	0.01735	0.00971	0.00796	0.00243	0.00748	0.00766	0.00912	0.01349
13	0.05093	0.00903	0.01037	0.01012	0.01243	0.00853	0.00763	0.04560	0.02010	0.02755	0.29576	0.15812	0.25586	0.01815	0.00923	0.00270	0.00447	0.03819	0.00780	0.00743
14	0.01140	0.00772	0.01001	0.01091	0.01213	0.00717	0.00777	0.01341	0.01700	0.05086	0.14853	0.43167	0.10307	0.06365	0.01171	0.00333	0.00492	0.07030	0.00754	0.00692
15	0.00982	0.00697	0.00915	0.01084	0.01126	0.00655	0.00714	0.01108	0.01487	0.01983	0.04211	0.65942	0.05043	0.08431	0.01270	0.00360	0.00486	0.02160	0.00714	0.00630
16	0.03014	0.02221	0.02380	0.01825	0.02459	0.02459	0.01507	0.64541	0.03728	0.04998	0.01904	0.01904	0.01349	0.00952	0.00793	0.00238	0.00873	0.00714	0.00793	0.01349
17	0.00978	0.00705	0.00927	0.01082	0.01150	0.00654	0.00731	0.01139	0.01593	0.02128	0.09879	0.63198	0.08118	0.02390	0.01002	0.00313	0.00450	0.02159	0.00748	0.00654
18	0.01644	0.01409	0.01644	0.01175	0.01879	0.01057	0.00940	0.01997	0.01644	0.02584	0.01409	0.01644	0.01175	0.00587	0.00587	0.00117	0.00587	0.00470	0.00470	0.76979
19	0.01713	0.19909	0.53286	0.02052	0.03110	0.02141	0.02567	0.02480	0.01660	0.02362	0.01349	0.01581	0.01008	0.00736	0.00697	0.00232	0.01097	0.00549	0.00336	0.01136
20	0.00972	0.00770	0.00852	0.00898	0.01080	0.00675	0.00635	0.01147	0.01693	0.02106	0.09251	0.24574	0.42077	0.08131	0.01223	0.00325	0.00448	0.01774	0.00721	0.00650
21	0.01215	0.00945	0.01194	0.08243	0.01727	0.00944	0.00963	0.06671	0.01820	0.02341	0.04844	0.35578	0.21316	0.02023	0.00957	0.00298	0.00564	0.06913	0.00701	0.00743
22	0.01246	0.00856	0.01008	0.00979	0.01034	0.00891	0.00614	0.04464	0.01305	0.01764	0.02409	0.04692	0.02662	0.58003	0.14131	0.00821	0.00988	0.01083	0.00488	0.00561
23	0.02731	0.02037	0.02197	0.01726	0.02300	0.02251	0.01411	0.52396	0.10127	0.04654	0.07999	0.02384	0.02025	0.01026	0.00808	0.00242	0.00801	0.00799	0.00802	0.01284
24	0.36788	0.08136	0.07572	0.03940	0.02168	0.02100	0.01330	0.19440	0.06018	0.03643	0.01491	0.01621	0.01122	0.00814	0.00628	0.00239	0.00770	0.00559	0.00561	0.01058
25	0.01122	0.00811	0.01060	0.00998	0.01185	0.00748	0.00748	0.01496	0.02245	0.03180	0.66766	0.05923	0.07482	0.01621	0.00935	0.00249	0.00374	0.01434	0.00873	0.00748
26	0.02320	0.18268	0.18181	0.01854	0.04816	0.07358	0.01756	0.18871	0.02318	0.08303	0.04584	0.04541	0.01631	0.00914	0.00729	0.00227	0.00930	0.00699	0.00556	0.01143
27	0.12611	0.03734	0.11885	0.04033	0.10374	0.12735	0.01573	0.02509	0.06644	0.06595	0.07238	0.08386	0.02206	0.01113	0.00826	0.02249	0.00872	0.02887	0.00544	0.00986

[dist]
# distance from previous block
# <min> <max>
0	11

[block]
# block no. 5 follows, 24 sequences, length 6
# corresponding to MSA columns:
# 326-331
name=unknown_F
#
# <colnr> <probs for GDERKNQSTAVLIFYWHMCP>
#	G	D	E	R	K	N	Q	S	T	A	V	L	I	F	Y	W	H	M	C	P
0	0.02153	0.01425	0.05324	0.05513	0.02175	0.01271	0.05634	0.06698	0.01928	0.23053	0.02836	0.16654	0.02574	0.07426	0.01197	0.00312	0.03267	0.04763	0.00700	0.05097
1	0.01548	0.01366	0.01891	0.15246	0.02556	0.04398	0.05154	0.06201	0.05045	0.02261	0.02216	0.09598	0.02113	0.05732	0.21136	0.00597	0.07125	0.04474	0.00497	0.00845
2	0.01478	0.00739	0.00739	0.00739	0.00924	0.00739	0.00554	0.01848	0.01663	0.02956	0.02587	0.02956	0.02033	0.00924	0.00554	0.00185	0.00370	0.00739	0.76534	0.00739
3	0.40119	0.10727	0.18420	0.01383	0.02033	0.01836	0.01430	0.02282	0.01571	0.03042	0.09052	0.01939	0.01709	0.00840	0.00613	0.00238	0.00754	0.00589	0.00479	0.00944
4	0.01304	0.01000	0.01333	0.01415	0.01583	0.01076	0.01156	0.01802	0.08383	0.02367	0.06589	0.19349	0.04154	0.02344	0.06489	0.00412	0.05658	0.32115	0.00695	0.00777
5	0.01739	0.01827	0.02756	0.02616	0.14323	0.10732	0.21977	0.02136	0.01841	0.02358	0.07518	0.14542	0.05987	0.04738	0.01047	0.00286	0.00974	0.01149	0.00517	0.00934

[dist]
# distance from previous block
# <min> <max>
6	12

[block]
# block no. 6 follows, 24 sequences, length 31
# corresponding to MSA columns:
# 345-375
name=unknown_G
#
# <colnr> <probs for GDERKNQSTAVLIFYWHMCP>
#	G	D	E	R	K	N	Q	S	T	A	V	L	I	F	Y	W	H	M	C	P
0	0.02420	0.01150	0.01490	0.01267	0.01650	0.01090	0.01001	0.04452	0.07790	0.31767	0.11398	0.03426	0.02773	0.01421	0.01186	0.12758	0.00614	0.03951	0.07385	0.01012
1	0.02505	0.01455	0.01809	0.07695	0.02294	0.01478	0.01252	0.03531	0.25232	0.29622	0.02929	0.06134	0.02148	0.01042	0.00794	0.00249	0.00674	0.00872	0.00806	0.07477
2	0.02191	0.02265	0.02370	0.18208	0.03148	0.23029	0.08577	0.12788	0.02149	0.02525	0.01753	0.08223	0.01540	0.01244	0.03654	0.02935	0.01152	0.00817	0.00487	0.00946
3	0.41848	0.01299	0.01259	0.01113	0.01546	0.01383	0.00907	0.02391	0.01674	0.15810	0.08352	0.02902	0.06103	0.01220	0.03219	0.00289	0.00643	0.03711	0.03414	0.00916
4	0.02896	0.01463	0.02039	0.01595	0.02159	0.01385	0.06884	0.06621	0.11726	0.42560	0.09379	0.02973	0.02489	0.01030	0.00825	0.00251	0.00707	0.00885	0.00882	0.01249
5	0.01449	0.01250	0.01957	0.02108	0.15221	0.01158	0.10193	0.01791	0.01830	0.05650	0.05006	0.08151	0.32262	0.01533	0.00917	0.00271	0.00694	0.07043	0.00630	0.00887
6	0.01031	0.00885	0.00893	0.00877	0.01161	0.00788	0.00662	0.01417	0.07611	0.02249	0.07597	0.07207	0.61015	0.01924	0.00925	0.00268	0.00422	0.01603	0.00743	0.00723
7	0.07938	0.01453	0.01703	0.01386	0.01907	0.04263	0.01118	0.03507	0.11347	0.43470	0.08684	0.02887	0.02417	0.01028	0.00780	0.00246	0.00661	0.00831	0.03166	0.01211
8	0.38101	0.01159	0.01093	0.01006	0.01345	0.01240	0.00791	0.01874	0.01781	0.03288	0.30854	0.03808	0.08536	0.01222	0.00721	0.00249	0.00492	0.00966	0.00679	0.00796
9	0.01142	0.00771	0.00862	0.00862	0.00875	0.00764	0.00487	0.01152	0.01186	0.01568	0.02780	0.05314	0.06139	0.68563	0.03878	0.00743	0.00750	0.01180	0.00494	0.00490
10	0.04665	0.00802	0.00812	0.00786	0.01005	0.00803	0.00598	0.01970	0.01681	0.06280	0.02555	0.02876	0.01982	0.00919	0.00564	0.00190	0.00395	0.00730	0.69613	0.00775
11	0.01015	0.00756	0.00945	0.01005	0.01146	0.00686	0.00713	0.01248	0.01831	0.02451	0.26864	0.35471	0.18795	0.02085	0.00970	0.00285	0.00418	0.01848	0.00784	0.00686
12	0.02282	0.01787	0.01987	0.01477	0.02149	0.01710	0.01204	0.31126	0.02615	0.03708	0.01640	0.01765	0.01256	0.00757	0.00683	0.00174	0.00720	0.00584	0.00620	0.41755
13	0.01183	0.00747	0.00850	0.00886	0.00933	0.00738	0.00546	0.01286	0.01330	0.01925	0.02884	0.17753	0.03171	0.43825	0.02727	0.00561	0.00626	0.01284	0.16180	0.00566
14	0.01335	0.00858	0.01053	0.01057	0.01225	0.00808	0.00741	0.01618	0.04951	0.08821	0.14373	0.29222	0.13245	0.15170	0.01527	0.00377	0.00526	0.01619	0.00738	0.00736
15	0.01576	0.00987	0.01204	0.01082	0.01386	0.00919	0.00834	0.02078	0.08261	0.13946	0.36123	0.05487	0.19893	0.01550	0.00900	0.00255	0.00456	0.01330	0.00853	0.00881
16	0.01278	0.00913	0.01278	0.01460	0.01643	0.00913	0.01278	0.01643	0.01825	0.02373	0.04199	0.08945	0.04564	0.02191	0.01095	0.00365	0.00730	0.61847	0.00730	0.00730
17	0.01304	0.00824	0.01075	0.01064	0.01251	0.00750	0.00777	0.01580	0.01972	0.09269	0.35316	0.28140	0.09882	0.01875	0.00948	0.00275	0.00436	0.01665	0.00829	0.00769
18	0.01875	0.01237	0.01455	0.01295	0.01639	0.01276	0.01001	0.04918	0.22500	0.13963	0.22867	0.04415	0.06164	0.07752	0.01155	0.00307	0.00576	0.03778	0.00821	0.01005
19	0.01555	0.00814	0.00822	0.00794	0.01001	0.00826	0.00602	0.04998	0.01767	0.03059	0.02553	0.02904	0.01998	0.00925	0.00566	0.00187	0.00395	0.00738	0.72728	0.00770
20	0.01133	0.00850	0.01274	0.01274	0.01416	0.00991	0.00991	0.01416	0.01274	0.01841	0.02124	0.03115	0.01982	0.05947	0.68989	0.01274	0.02124	0.00850	0.00425	0.00708
21	0.14707	0.01857	0.01916	0.01603	0.02125	0.02095	0.01300	0.29621	0.25418	0.04028	0.02365	0.02543	0.01817	0.01025	0.00764	0.00257	0.00736	0.03875	0.00746	0.01204
22	0.06039	0.01349	0.01602	0.03307	0.01862	0.01386	0.01100	0.18568	0.05056	0.17079	0.08823	0.24209	0.03265	0.01487	0.00860	0.00269	0.00638	0.01271	0.00796	0.01032
23	0.00937	0.00803	0.00803	0.00803	0.01071	0.00669	0.00602	0.01138	0.01807	0.02142	0.08033	0.07632	0.66863	0.02008	0.00937	0.00268	0.00402	0.01674	0.00736	0.00669
24	0.45417	0.01404	0.01363	0.01147	0.01659	0.01469	0.00940	0.02747	0.01706	0.25359	0.02425	0.02346	0.07226	0.00935	0.00636	0.00247	0.00615	0.00668	0.00681	0.01009
25	0.04590	0.01363	0.02150	0.33576	0.11062	0.01604	0.03315	0.01932	0.01615	0.02285	0.07932	0.07485	0.02071	0.01311	0.04501	0.00321	0.08292	0.00889	0.02823	0.00884
26	0.01272	0.00977	0.01266	0.01295	0.04703	0.00962	0.00918	0.01876	0.10137	0.03095	0.50836	0.07852	0.06337	0.01559	0.00920	0.00258	0.00452	0.03623	0.00830	0.00833
27	0.00966	0.00690	0.00920	0.01104	0.01150	0.00644	0.00736	0.01104	0.01518	0.02024	0.04371	0.71614	0.05245	0.02484	0.01012	0.00322	0.00460	0.02254	0.00736	0.00644
28	0.01405	0.00858	0.01153	0.03897	0.01400	0.00851	0.00847	0.03925	0.01577	0.05388	0.09168	0.14909	0.10112	0.02349	0.05183	0.28577	0.00674	0.03750	0.03346	0.00630
29	0.04245	0.02858	0.32683	0.08523	0.09335	0.01875	0.16290	0.02494	0.01714	0.05801	0.01521	0.01886	0.01123	0.00784	0.00910	0.00260	0.05493	0.00698	0.00395	0.01111
30	0.66716	0.01547	0.01309	0.01229	0.03870	0.01765	0.00953	0.02528	0.05449	0.06655	0.01350	0.01486	0.01025	0.00768	0.00536	0.00247	0.00629	0.00486	0.00531	0.00921

[dist]
# distance from previous block
# <min> <max>
0	11

[block]
# block no. 7 follows, 24 sequences, length 32
# corresponding to MSA columns:
# 387-418
name=unknown_H
#
# <colnr> <probs for GDERKNQSTAVLIFYWHMCP>
#	G	D	E	R	K	N	Q	S	T	A	V	L	I	F	Y	W	H	M	C	P
0	0.13437	0.01817	0.03026	0.11056	0.41547	0.01872	0.11041	0.02390	0.01722	0.02670	0.01440	0.01901	0.01167	0.00715	0.00763	0.00245	0.00961	0.00697	0.00404	0.01129
1	0.16710	0.01606	0.02457	0.09182	0.02771	0.01639	0.19215	0.08346	0.01939	0.11096	0.03517	0.02210	0.01502	0.00817	0.00741	0.00240	0.00860	0.00745	0.10727	0.03680
2	0.01398	0.00817	0.01178	0.06788	0.01461	0.00851	0.00841	0.03773	0.01250	0.01661	0.01790	0.09934	0.01854	0.06668	0.02646	0.54613	0.00707	0.00887	0.00414	0.00471
3	0.01662	0.01882	0.09607	0.33552	0.03985	0.01971	0.08037	0.04152	0.01595	0.02213	0.01347	0.01944	0.01075	0.00935	0.01282	0.00279	0.19793	0.00703	0.00372	0.03614
4	0.01583	0.01485	0.02451	0.54178	0.14925	0.01723	0.02134	0.02088	0.01625	0.02162	0.01422	0.02051	0.01098	0.00762	0.00775	0.00248	0.01000	0.00686	0.00368	0.07236
5	0.01826	0.02035	0.04248	0.08741	0.04033	0.02030	0.52475	0.02430	0.01778	0.02430	0.01528	0.02094	0.01174	0.00756	0.01102	0.00276	0.08730	0.00891	0.00391	0.01032
6	0.01575	0.01489	0.02519	0.59299	0.15781	0.01782	0.02241	0.02094	0.01622	0.02120	0.01423	0.02089	0.01090	0.00778	0.00792	0.00259	0.01038	0.00705	0.00359	0.00944
7	0.02142	0.01666	0.01798	0.01592	0.02058	0.01886	0.01246	0.04176	0.58963	0.10207	0.03217	0.02931	0.02372	0.01066	0.00806	0.00266	0.00633	0.00886	0.00826	0.01265
8	0.00966	0.00690	0.00920	0.01104	0.01150	0.00644	0.00736	0.01104	0.01518	0.02024	0.04371	0.71614	0.05245	0.02484	0.01012	0.00322	0.00460	0.02254	0.00736	0.00644
9	0.01647	0.01502	0.02509	0.36777	0.28307	0.01675	0.02096	0.02101	0.01652	0.02266	0.01620	0.04938	0.01364	0.00901	0.00863	0.02801	0.00942	0.00770	0.04281	0.00988
10	0.00983	0.00703	0.00935	0.01093	0.01154	0.00655	0.00737	0.01146	0.01596	0.02148	0.11044	0.64588	0.05484	0.02392	0.01004	0.00314	0.00451	0.02167	0.00751	0.00655
11	0.01188	0.00879	0.01156	0.01297	0.01493	0.00847	0.01103	0.01507	0.01809	0.02307	0.05077	0.11139	0.18746	0.02161	0.01056	0.00341	0.00645	0.45805	0.00732	0.00713
12	0.05368	0.00899	0.01148	0.01087	0.01319	0.00838	0.00813	0.01798	0.02030	0.12537	0.39090	0.20830	0.05789	0.01686	0.00910	0.00266	0.00452	0.01483	0.00837	0.00819
13	0.05572	0.01251	0.01611	0.01324	0.01794	0.01152	0.01051	0.05298	0.04773	0.44267	0.07445	0.11679	0.02757	0.05043	0.00997	0.00284	0.00635	0.01031	0.00884	0.01151
14	0.00966	0.00690	0.00920	0.01104	0.01150	0.00644	0.00736	0.01104	0.01518	0.02024	0.04371	0.71614	0.05245	0.02484	0.01012	0.00322	0.00460	0.02254	0.00736	0.00644
15	0.01102	0.00803	0.01036	0.00992	0.01176	0.00737	0.00739	0.01451	0.02175	0.03048	0.59483	0.09970	0.10925	0.01696	0.00940	0.00255	0.00381	0.01498	0.00856	0.00737
16	0.01411	0.00829	0.01108	0.01137	0.01309	0.00759	0.00824	0.01642	0.01826	0.12332	0.19839	0.42432	0.05283	0.02029	0.00963	0.00294	0.00481	0.03917	0.00808	0.00781
17	0.01190	0.00794	0.01042	0.01054	0.01214	0.00729	0.00762	0.01466	0.01960	0.06195	0.38182	0.30479	0.08076	0.01922	0.00957	0.00277	0.00423	0.01715	0.00823	0.00739
18	0.01153	0.00769	0.00865	0.00865	0.00865	0.00769	0.00480	0.01153	0.01153	0.01538	0.02499	0.05189	0.02883	0.72131	0.04036	0.00769	0.00769	0.01153	0.00480	0.00480
19	0.01002	0.00722	0.00949	0.01068	0.01155	0.00669	0.00734	0.01197	0.01699	0.02299	0.19113	0.53887	0.08029	0.02265	0.00991	0.00303	0.00438	0.02041	0.00768	0.00669
20	0.01303	0.00850	0.01090	0.01113	0.01293	0.00791	0.00816	0.03505	0.01897	0.07878	0.21938	0.35947	0.11270	0.02010	0.00963	0.00290	0.00476	0.05013	0.00796	0.00761
21	0.01138	0.00762	0.00869	0.00885	0.00888	0.00758	0.00502	0.01149	0.01183	0.01578	0.02653	0.10685	0.03078	0.66369	0.03786	0.00732	0.00743	0.01244	0.00502	0.00494
22	0.01872	0.02139	0.04679	0.03342	0.04144	0.02005	0.64305	0.02540	0.01872	0.02540	0.01604	0.02139	0.01203	0.00668	0.00936	0.00267	0.01337	0.00936	0.00401	0.01070
23	0.00966	0.00690	0.00920	0.01104	0.01150	0.00644	0.00736	0.01104	0.01518	0.02024	0.04371	0.71614	0.05245	0.02484	0.01012	0.00322	0.00460	0.02254	0.00736	0.00644
24	0.01644	0.01409	0.01644	0.01175	0.01879	0.01057	0.00940	0.01997	0.01644	0.02584	0.01409	0.01644	0.01175	0.00587	0.00587	0.00117	0.00587	0.00470	0.00470	0.76979
25	0.01219	0.00976	0.01439	0.01390	0.01511	0.01196	0.01097	0.01486	0.01266	0.01850	0.01969	0.02918	0.01848	0.05296	0.59511	0.01142	0.11912	0.00827	0.00414	0.00731
26	0.02423	0.01839	0.01929	0.01644	0.02148	0.04682	0.01302	0.15568	0.42903	0.12205	0.02882	0.02662	0.02099	0.01029	0.00799	0.00257	0.00713	0.00833	0.00811	0.01272
27	0.01215	0.00860	0.01093	0.01072	0.01270	0.00812	0.00806	0.01631	0.05320	0.04983	0.43112	0.16334	0.11293	0.01774	0.00946	0.00270	0.00434	0.05173	0.00832	0.00770
28	0.01112	0.00810	0.01046	0.00987	0.01179	0.00744	0.00740	0.01477	0.02221	0.03124	0.63601	0.06016	0.10683	0.01642	0.00935	0.00250	0.00376	0.01447	0.00866	0.00744
29	0.01004	0.00760	0.01077	0.01184	0.01276	0.00705	0.03499	0.01169	0.01551	0.02054	0.04470	0.64745	0.08768	0.02377	0.01004	0.00316	0.00495	0.02162	0.00722	0.00664
30	0.05523	0.01633	0.01759	0.01474	0.01881	0.01784	0.01145	0.34939	0.07913	0.03721	0.02477	0.13344	0.02286	0.12445	0.01320	0.00336	0.00744	0.01026	0.03198	0.01053
31	0.01164	0.00961	0.01385	0.12626	0.02001	0.01020	0.02996	0.01414	0.01623	0.02163	0.11760	0.33233	0.11501	0.06101	0.01249	0.00324	0.05515	0.01609	0.00637	0.00718

[dist]
# distance from previous block
# <min> <max>
5	18

[block]
# block no. 8 follows, 24 sequences, length 42
# corresponding to MSA columns:
# 439-480
name=unknown_I
#
# <colnr> <probs for GDERKNQSTAVLIFYWHMCP>
#	G	D	E	R	K	N	Q	S	T	A	V	L	I	F	Y	W	H	M	C	P
0	0.02036	0.04106	0.04173	0.06222	0.08525	0.05364	0.01198	0.04672	0.04957	0.12755	0.02300	0.02586	0.01759	0.03111	0.00777	0.00232	0.00677	0.00731	0.32849	0.00972
1	0.14848	0.04349	0.01580	0.01295	0.01713	0.01532	0.01018	0.06929	0.19507	0.14424	0.03214	0.08753	0.09004	0.07131	0.01039	0.00301	0.00633	0.00982	0.00724	0.01025
2	0.01338	0.01186	0.01366	0.01365	0.01500	0.05680	0.01002	0.01621	0.05159	0.02114	0.03314	0.46045	0.03791	0.01966	0.01215	0.00300	0.12289	0.01665	0.00633	0.06451
3	0.01036	0.00752	0.00988	0.01119	0.01225	0.00704	0.00811	0.01250	0.01701	0.02266	0.14251	0.46704	0.10413	0.02268	0.01007	0.00313	0.00484	0.11277	0.00756	0.00675
4	0.09419	0.01173	0.01534	0.03810	0.01815	0.01175	0.03920	0.08453	0.01942	0.14638	0.07442	0.26327	0.03401	0.01660	0.00976	0.03482	0.00646	0.06566	0.00726	0.00898
5	0.01590	0.04102	0.68023	0.02260	0.03432	0.01842	0.02930	0.02511	0.01674	0.02511	0.01423	0.01674	0.01005	0.00753	0.00753	0.00251	0.01172	0.00586	0.00335	0.01172
6	0.01408	0.11132	0.01738	0.01317	0.01568	0.04443	0.01066	0.03698	0.01473	0.01968	0.02218	0.02957	0.04920	0.04615	0.50675	0.00987	0.01788	0.00810	0.00439	0.00781
7	0.01177	0.00838	0.00989	0.00934	0.01181	0.00736	0.00706	0.01470	0.02050	0.06365	0.36819	0.06507	0.33809	0.01759	0.00928	0.00257	0.00403	0.01506	0.00818	0.00747
8	0.01972	0.01703	0.01793	0.01614	0.02062	0.01972	0.01255	0.04214	0.65752	0.03317	0.03228	0.02959	0.02421	0.01076	0.00807	0.00269	0.00628	0.00897	0.00807	0.01255
