[name]
unknown

[dist]
# distance from previous block
# <min> <max>
0	47

[block]
# block no. 0 follows, 25 sequences, length 19
# corresponding to MSA columns:
# 64-82
name=unknown_A
#
# <colnr> <probs for GDERKNQSTAVLIFYWHMCP>
#	G	D	E	R	K	N	Q	S	T	A	V	L	I	F	Y	W	H	M	C	P
0	0.01386	0.01428	0.10871	0.01389	0.01770	0.01081	0.01258	0.01858	0.05012	0.04729	0.12940	0.18441	0.03757	0.01572	0.00947	0.00272	0.03373	0.15835	0.00644	0.11437
1	0.11623	0.24249	0.11241	0.01684	0.02340	0.05788	0.09258	0.09965	0.01911	0.06437	0.01721	0.01878	0.03710	0.00796	0.00656	0.00215	0.00885	0.00618	0.03997	0.01028
2	0.04847	0.01839	0.01996	0.01550	0.02108	0.01949	0.01258	0.44870	0.02995	0.08568	0.02234	0.02399	0.04992	0.06023	0.00979	0.00260	0.00772	0.00752	0.00723	0.08887
3	0.07119	0.09382	0.01884	0.01301	0.01845	0.03073	0.01055	0.11958	0.05950	0.04724	0.01971	0.11841	0.01803	0.00962	0.00672	0.00191	0.00653	0.00776	0.00567	0.32274
4	0.02453	0.19214	0.07080	0.01768	0.02269	0.38675	0.01488	0.06636	0.04059	0.02153	0.01502	0.06422	0.01349	0.00894	0.00684	0.00207	0.01126	0.00629	0.00437	0.00955
5	0.01154	0.00875	0.01170	0.01181	0.01346	0.00836	0.03350	0.05726	0.01808	0.02416	0.14949	0.44653	0.11344	0.02055	0.00954	0.00291	0.00502	0.03941	0.00733	0.00717
6	0.08084	0.02019	0.02143	0.01681	0.02251	0.02232	0.01376	0.56366	0.03330	0.04582	0.01977	0.06795	0.01554	0.01022	0.00770	0.00239	0.00807	0.00785	0.00751	0.01236
7	0.04433	0.06626	0.02070	0.01552	0.02076	0.01954	0.01267	0.30054	0.16469	0.14291	0.03862	0.07692	0.02031	0.01068	0.00772	0.00243	0.00721	0.00855	0.00768	0.01199
8	0.00953	0.00774	0.00845	0.00855	0.01077	0.00666	0.00631	0.01173	0.01811	0.02266	0.18289	0.14874	0.49183	0.01950	0.00925	0.00265	0.00395	0.01661	0.00744	0.00666
9	0.08552	0.27273	0.27809	0.01675	0.02483	0.06902	0.01843	0.02503	0.01666	0.06808	0.01357	0.01519	0.01049	0.00721	0.00624	0.00207	0.00944	0.00508	0.00397	0.05161
10	0.01856	0.01894	0.07443	0.13435	0.36152	0.01824	0.06020	0.05713	0.09778	0.02665	0.01721	0.02087	0.01354	0.00769	0.00770	0.00240	0.00914	0.00721	0.03505	0.01142
11	0.02767	0.10686	0.05424	0.01426	0.02006	0.01540	0.01242	0.03444	0.13965	0.40493	0.06746	0.02653	0.02172	0.00966	0.00752	0.00235	0.00679	0.00779	0.00809	0.01216
12	0.08158	0.02049	0.02159	0.01676	0.02267	0.02262	0.01381	0.57373	0.03379	0.04635	0.02133	0.02124	0.04896	0.00972	0.00762	0.00235	0.00810	0.00730	0.00752	0.01249
13	0.01115	0.00754	0.00842	0.00842	0.00857	0.00746	0.00477	0.01127	0.01164	0.01537	0.02753	0.05211	0.06528	0.68698	0.03773	0.00724	0.00731	0.01157	0.00484	0.00480
14	0.01047	0.00755	0.00927	0.01023	0.01116	0.00716	0.00719	0.01193	0.01482	0.01921	0.04323	0.30391	0.14993	0.22724	0.01850	0.00440	0.00575	0.12556	0.00646	0.00603
15	0.01802	0.15574	0.32980	0.02517	0.10446	0.02064	0.14593	0.02445	0.01679	0.04229	0.01412	0.01718	0.01078	0.00731	0.00798	0.00236	0.03593	0.00634	0.00366	0.01103
16	0.55645	0.06881	0.13452	0.01257	0.01849	0.01791	0.01231	0.02259	0.01402	0.03112	0.01282	0.04594	0.01073	0.00798	0.00551	0.00239	0.00707	0.00529	0.00453	0.00896
17	0.01305	0.10233	0.12636	0.01305	0.01635	0.03888	0.01168	0.01603	0.01562	0.02114	0.03131	0.43076	0.03500	0.01736	0.00838	0.00269	0.00643	0.01520	0.07061	0.00779
18	0.01800	0.13337	0.15441	0.06471	0.03685	0.02091	0.41113	0.02426	0.01742	0.02350	0.01452	0.01881	0.01107	0.00676	0.00812	0.00244	0.01191	0.00767	0.00369	0.01045

[dist]
# distance from previous block
# <min> <max>
1	3

[block]
# block no. 1 follows, 25 sequences, length 21
# corresponding to MSA columns:
# 86-106
name=unknown_B
#
# <colnr> <probs for GDERKNQSTAVLIFYWHMCP>
#	G	D	E	R	K	N	Q	S	T	A	V	L	I	F	Y	W	H	M	C	P
0	0.06479	0.12987	0.02161	0.01533	0.01831	0.04992	0.01272	0.10319	0.05875	0.02518	0.04575	0.02242	0.01657	0.04332	0.11555	0.00419	0.19884	0.00702	0.03755	0.00911
1	0.63457	0.01671	0.05536	0.01139	0.01657	0.01741	0.01003	0.07129	0.01535	0.03491	0.01236	0.01416	0.00946	0.00747	0.00522	0.00237	0.00642	0.00467	0.04538	0.00890
2	0.02643	0.03115	0.02146	0.02047	0.05726	0.52769	0.01496	0.02874	0.02095	0.04955	0.04356	0.02027	0.01490	0.00930	0.00845	0.00221	0.05501	0.03393	0.00454	0.00916
3	0.01590	0.01378	0.01697	0.09838	0.02274	0.01119	0.01073	0.01956	0.01601	0.02459	0.01378	0.01665	0.01134	0.00599	0.00599	0.00133	0.00631	0.00488	0.00445	0.67942
4	0.00954	0.00679	0.00897	0.01068	0.01110	0.00636	0.00707	0.01082	0.01466	0.01955	0.04180	0.68798	0.05010	0.06037	0.01141	0.00337	0.00465	0.02149	0.00707	0.00622
5	0.01696	0.01696	0.02375	0.02036	0.02036	0.02375	0.01696	0.01866	0.01187	0.01866	0.01018	0.01696	0.01018	0.01357	0.02545	0.00339	0.71332	0.00679	0.00339	0.00848
6	0.02947	0.02172	0.02327	0.01784	0.02404	0.02404	0.01474	0.65329	0.03646	0.04887	0.01862	0.01862	0.01319	0.00931	0.00776	0.00233	0.00853	0.00698	0.00776	0.01319
7	0.01929	0.01666	0.01753	0.01578	0.02016	0.01929	0.01227	0.04120	0.66513	0.03243	0.03156	0.02893	0.02367	0.01052	0.00789	0.00263	0.00614	0.00877	0.00789	0.01227
8	0.03479	0.01320	0.01799	0.01380	0.01979	0.01140	0.01140	0.03779	0.02219	0.68451	0.03059	0.02639	0.01919	0.00960	0.00780	0.00240	0.00660	0.00780	0.00960	0.01320
9	0.01008	0.00734	0.00961	0.01105	0.01207	0.00687	0.00803	0.01205	0.01617	0.02129	0.08852	0.49382	0.11733	0.02271	0.00992	0.00312	0.00486	0.13133	0.00728	0.00655
10	0.01600	0.10065	0.63075	0.02133	0.03236	0.01912	0.02730	0.02444	0.01632	0.02400	0.01364	0.01603	0.00983	0.00730	0.00716	0.00239	0.01118	0.00559	0.00328	0.01133
11	0.01710	0.24763	0.49341	0.01945	0.02946	0.02181	0.02404	0.02415	0.01619	0.02266	0.01297	0.01519	0.00986	0.00715	0.00665	0.00222	0.01051	0.00525	0.00329	0.01101
12	0.05482	0.40948	0.18744	0.01603	0.02261	0.02523	0.01692	0.02255	0.01548	0.02106	0.03691	0.01574	0.01230	0.00814	0.00851	0.00215	0.10585	0.00526	0.00359	0.00993
13	0.01114	0.00914	0.03987	0.01115	0.01253	0.00781	0.00813	0.03640	0.01542	0.02117	0.03664	0.53045	0.04252	0.10309	0.01278	0.00346	0.00531	0.01822	0.04295	0.03180
14	0.05809	0.14532	0.02526	0.07486	0.04826	0.14201	0.01498	0.24260	0.08837	0.03145	0.01611	0.01761	0.01249	0.00862	0.00782	0.00226	0.04123	0.00618	0.00552	0.01096
15	0.04379	0.06890	0.05767	0.01384	0.04676	0.01287	0.01113	0.04641	0.04172	0.05677	0.19409	0.06539	0.03069	0.01019	0.00722	0.00197	0.00599	0.00856	0.00606	0.26999
16	0.09482	0.01748	0.09890	0.01626	0.04444	0.03297	0.06185	0.06031	0.04772	0.08251	0.11561	0.09202	0.02512	0.01027	0.00750	0.00223	0.00721	0.00879	0.00594	0.16805
17	0.07867	0.02302	0.23217	0.02182	0.09470	0.01600	0.10166	0.04659	0.06512	0.05616	0.04773	0.10089	0.01932	0.00980	0.00777	0.00247	0.00883	0.00870	0.00507	0.05350
18	0.12283	0.15793	0.19473	0.04916	0.07723	0.01975	0.01732	0.05637	0.09338	0.08461	0.04400	0.01970	0.01509	0.00819	0.00680	0.00230	0.00838	0.00631	0.00506	0.01086
19	0.19805	0.06278	0.07336	0.05610	0.14628	0.01997	0.15206	0.07626	0.04435	0.02848	0.01434	0.01768	0.01126	0.00777	0.00840	0.00247	0.05893	0.00658	0.00445	0.01042
20	0.05817	0.04560	0.07150	0.05082	0.07992	0.07533	0.23749	0.02241	0.01679	0.02352	0.01741	0.06701	0.01552	0.00968	0.01027	0.00261	0.09993	0.03592	0.05063	0.00948

[dist]
# distance from previous block
# <min> <max>
32	184

[block]
# block no. 2 follows, 25 sequences, length 6
# corresponding to MSA columns:
# 317-322
name=unknown_C
#
# <colnr> <probs for GDERKNQSTAVLIFYWHMCP>
#	G	D	E	R	K	N	Q	S	T	A	V	L	I	F	Y	W	H	M	C	P
0	0.07808	0.07624	0.08910	0.01877	0.06812	0.01978	0.04297	0.25522	0.08279	0.05815	0.01943	0.06598	0.01573	0.00932	0.00735	0.00230	0.00810	0.00755	0.00611	0.06891
1	0.02273	0.20652	0.13573	0.06087	0.02641	0.02055	0.06654	0.13287	0.02069	0.13815	0.01683	0.01803	0.01236	0.00769	0.00689	0.00211	0.00883	0.00612	0.00530	0.08479
2	0.08106	0.01856	0.14220	0.01781	0.05146	0.01419	0.09208	0.02394	0.10354	0.07591	0.07364	0.09831	0.07263	0.01092	0.00784	0.00243	0.00757	0.00959	0.00582	0.09053
3	0.09033	0.09977	0.20523	0.13923	0.03066	0.01970	0.06121	0.15555	0.02013	0.02882	0.01648	0.06868	0.01366	0.00893	0.00732	0.00242	0.00939	0.00731	0.00473	0.01043
4	0.02103	0.01945	0.05444	0.02056	0.07336	0.05418	0.10716	0.20709	0.05161	0.03186	0.01883	0.02444	0.01542	0.00905	0.00825	0.00226	0.03282	0.05427	0.04807	0.14585
5	0.16817	0.21545	0.17078	0.01699	0.02414	0.02245	0.06463	0.11977	0.07919	0.02924	0.01495	0.01643	0.01152	0.00766	0.00647	0.00224	0.00874	0.00574	0.00473	0.01072

[dist]
# distance from previous block
# <min> <max>
0	4

[block]
# block no. 3 follows, 25 sequences, length 11
# corresponding to MSA columns:
# 327-337
name=unknown_D
#
# <colnr> <probs for GDERKNQSTAVLIFYWHMCP>
#	G	D	E	R	K	N	Q	S	T	A	V	L	I	F	Y	W	H	M	C	P
0	0.02204	0.04739	0.02933	0.12308	0.03176	0.03527	0.21877	0.15072	0.02206	0.12035	0.06340	0.02298	0.01697	0.00855	0.00860	0.00243	0.02895	0.00802	0.00571	0.03361
1	0.02091	0.01910	0.03084	0.12194	0.13427	0.03569	0.21457	0.15542	0.02133	0.05310	0.01588	0.01961	0.01207	0.00783	0.00901	0.00242	0.04954	0.00744	0.00487	0.06416
2	0.07010	0.01867	0.02556	0.09524	0.17519	0.08614	0.10424	0.06994	0.04252	0.11780	0.01756	0.02034	0.01325	0.00832	0.00878	0.00242	0.05826	0.00706	0.04790	0.01072
3	0.01714	0.01952	0.11735	0.32667	0.10405	0.01939	0.04881	0.07703	0.01714	0.02360	0.01371	0.01906	0.01075	0.00879	0.01108	0.00267	0.14273	0.00682	0.00385	0.00984
4	0.06383	0.11379	0.02577	0.34934	0.08819	0.01794	0.08078	0.02015	0.01617	0.02190	0.03966	0.05271	0.06037	0.00913	0.00754	0.00245	0.00907	0.00807	0.00416	0.00898
5	0.06365	0.01802	0.01961	0.06500	0.06352	0.08455	0.01330	0.12484	0.08770	0.06523	0.01758	0.03779	0.01410	0.00859	0.00822	0.00210	0.05681	0.00654	0.00553	0.23732
6	0.01914	0.02244	0.22364	0.01641	0.02279	0.01598	0.01639	0.20093	0.04655	0.06273	0.09248	0.10154	0.04721	0.01180	0.00861	0.02383	0.00796	0.00932	0.00621	0.04405
7	0.01303	0.01002	0.01202	0.01169	0.01402	0.00983	0.00855	0.05712	0.10819	0.02632	0.17137	0.35430	0.06451	0.01773	0.00890	0.00267	0.00491	0.01571	0.00736	0.08175
8	0.02504	0.11825	0.02357	0.01625	0.02172	0.02262	0.01348	0.42862	0.10611	0.03974	0.02149	0.08961	0.01780	0.01058	0.00760	0.00235	0.00781	0.00831	0.00710	0.01194
9	0.13399	0.02078	0.02162	0.01678	0.02279	0.02312	0.01386	0.56576	0.03323	0.04691	0.01753	0.01778	0.01252	0.00901	0.00735	0.00234	0.00818	0.00659	0.00735	0.01252
10	0.01816	0.35412	0.29051	0.01647	0.02431	0.02307	0.01852	0.05233	0.01653	0.02185	0.01375	0.01812	0.01188	0.07938	0.00951	0.00259	0.00947	0.00562	0.00365	0.01017

[dist]
# distance from previous block
# <min> <max>
0	3

[block]
# block no. 4 follows, 25 sequences, length 16
# corresponding to MSA columns:
# 341-356
name=unknown_E
#
# <colnr> <probs for GDERKNQSTAVLIFYWHMCP>
#	G	D	E	R	K	N	Q	S	T	A	V	L	I	F	Y	W	H	M	C	P
0	0.02011	0.09811	0.10975	0.01593	0.02167	0.07300	0.01433	0.13240	0.22646	0.03057	0.08715	0.02549	0.03563	0.00965	0.00740	0.00227	0.00778	0.00764	0.00625	0.06840
1	0.07016	0.56032	0.06383	0.01387	0.02011	0.02757	0.01365	0.02269	0.01534	0.02004	0.01104	0.01317	0.00995	0.00717	0.00665	0.00184	0.06103	0.00444	0.00349	0.05364
2	0.01577	0.07420	0.57519	0.02193	0.03238	0.01830	0.07359	0.02391	0.01642	0.02403	0.01513	0.04716	0.01177	0.00800	0.00748	0.00245	0.01111	0.00661	0.00350	0.01108
3	0.11295	0.53916	0.13558	0.01424	0.02138	0.02713	0.01502	0.02337	0.01554	0.02122	0.01126	0.01306	0.00974	0.00681	0.00532	0.00187	0.00849	0.00439	0.00349	0.00999
4	0.02029	0.06911	0.16639	0.01658	0.02300	0.01894	0.01578	0.22362	0.14981	0.03316	0.04420	0.07494	0.03421	0.01026	0.00761	0.00236	0.00791	0.00827	0.00625	0.06732
5	0.02430	0.07674	0.02129	0.01561	0.02074	0.08620	0.01278	0.39697	0.02957	0.03823	0.09286	0.02865	0.10051	0.01092	0.00778	0.00229	0.00797	0.00845	0.00705	0.01109
6	0.07075	0.00759	0.00977	0.00968	0.01024	0.00783	0.00651	0.01204	0.01112	0.01675	0.01642	0.02821	0.01641	0.14830	0.05398	0.49047	0.00711	0.00744	0.06494	0.00442
7	0.06229	0.01976	0.07340	0.04982	0.09431	0.10719	0.01572	0.04365	0.05938	0.04287	0.08849	0.02639	0.06805	0.01123	0.01251	0.00265	0.19982	0.00798	0.00503	0.00947
8	0.04165	0.01540	0.01620	0.01244	0.01850	0.06559	0.00980	0.02221	0.05141	0.06104	0.01700	0.05581	0.01452	0.00745	0.00627	0.00151	0.00641	0.00597	0.00514	0.56569
9	0.02611	0.02100	0.05731	0.01921	0.07521	0.06409	0.01496	0.34141	0.06957	0.11472	0.01999	0.03663	0.01487	0.00907	0.00756	0.00225	0.00836	0.00713	0.00687	0.08367
10	0.01869	0.01568	0.02263	0.05895	0.14591	0.01385	0.07361	0.05362	0.01797	0.06957	0.01546	0.01817	0.01219	0.00658	0.00677	0.00172	0.00753	0.00591	0.00481	0.43038
11	0.10241	0.01961	0.09233	0.03143	0.33852	0.01761	0.03760	0.09840	0.01942	0.05721	0.01698	0.02274	0.01406	0.00825	0.00748	0.00236	0.00869	0.04668	0.00486	0.05338
12	0.07979	0.01797	0.02700	0.07741	0.48304	0.04681	0.02069	0.02425	0.05290	0.02575	0.01677	0.02349	0.01448	0.00817	0.00763	0.00241	0.00892	0.04691	0.00434	0.01129
13	0.02459	0.03659	0.02353	0.07227	0.15823	0.01734	0.04300	0.13763	0.11836	0.21016	0.04040	0.02348	0.01746	0.00884	0.00773	0.00237	0.00788	0.00759	0.00680	0.03575
14	0.01867	0.01766	0.02640	0.26013	0.34571	0.05486	0.02091	0.07772	0.01893	0.02524	0.03132	0.02172	0.03087	0.00800	0.00774	0.00239	0.00951	0.00722	0.00426	0.01070
15	0.08309	0.01284	0.01844	0.20985	0.04577	0.01411	0.03514	0.03889	0.01733	0.09999	0.09937	0.04559	0.02409	0.03366	0.04750	0.00328	0.05417	0.06799	0.00558	0.04331

[dist]
# distance from previous block
# <min> <max>
23	66

[block]
# block no. 5 follows, 25 sequences, length 134
# corresponding to MSA columns:
# 444-577
name=unknown_F
#
# <colnr> <probs for GDERKNQSTAVLIFYWHMCP>
#	G	D	E	R	K	N	Q	S	T	A	V	L	I	F	Y	W	H	M	C	P
0	0.01717	0.01724	0.05788	0.30306	0.20756	0.01792	0.04033	0.04836	0.05855	0.02403	0.01516	0.01989	0.01192	0.00793	0.00877	0.00243	0.05607	0.00683	0.00411	0.07479
1	0.08240	0.01587	0.06587	0.29459	0.09811	0.01548	0.06034	0.02077	0.03306	0.02353	0.01776	0.07600	0.01573	0.00926	0.00760	0.00244	0.00879	0.03816	0.00436	0.10988
2	0.11819	0.11427	0.02303	0.09272	0.05325	0.09412	0.05222	0.06845	0.07597	0.09883	0.03934	0.05415	0.01661	0.00894	0.00704	0.00226	0.00834	0.00720	0.00549	0.05959
3	0.17043	0.01283	0.01627	0.08314	0.05178	0.01331	0.03151	0.06151	0.01895	0.10156	0.19608	0.08924	0.03176	0.01149	0.00810	0.00244	0.02495	0.00960	0.00647	0.05858
4	0.06708	0.01691	0.02846	0.26285	0.22265	0.01812	0.13253	0.04993	0.01731	0.02480	0.01426	0.01930	0.01121	0.00740	0.00824	0.00243	0.03225	0.00700	0.00398	0.05329
5	0.23186	0.06813	0.02095	0.04154	0.11436	0.20974	0.01384	0.05247	0.04177	0.07469	0.01444	0.01620	0.01126	0.00766	0.00643	0.00216	0.00913	0.00545	0.00487	0.05304
6	0.21038	0.01326	0.03558	0.05385	0.01838	0.01194	0.00995	0.01947	0.01627	0.05069	0.11512	0.10168	0.02449	0.01002	0.00672	0.00206	0.00585	0.00815	0.00559	0.28056
7	0.01664	0.01403	0.01488	0.01334	0.01740	0.01505	0.01044	0.07149	0.37515	0.02949	0.04336	0.04260	0.20919	0.01314	0.00821	0.00255	0.00568	0.03280	0.00746	0.05710
8	0.01923	0.38320	0.23393	0.01800	0.02562	0.02470	0.06639	0.02395	0.01607	0.04696	0.01283	0.01518	0.01043	0.00753	0.00778	0.00214	0.06664	0.00536	0.00360	0.01045
9	0.01222	0.00892	0.03159	0.01146	0.01281	0.00786	0.00826	0.04127	0.01601	0.06144	0.03853	0.57215	0.04446	0.07915	0.01199	0.00340	0.00527	0.01912	0.00704	0.00706
10	0.01790	0.33527	0.37928	0.01884	0.02806	0.02351	0.05248	0.02400	0.01620	0.02187	0.01266	0.01491	0.00997	0.00701	0.00643	0.00212	0.01018	0.00522	0.00332	0.01076
11	0.01064	0.00778	0.00999	0.00972	0.01145	0.00713	0.00718	0.01389	0.02076	0.02892	0.55104	0.13730	0.12093	0.01716	0.00923	0.00254	0.00378	0.01516	0.00827	0.00713
12	0.01209	0.00818	0.01066	0.00989	0.01195	0.00749	0.00747	0.01566	0.02182	0.06293	0.62417	0.05690	0.08986	0.01566	0.00908	0.00244	0.00381	0.01379	0.00854	0.00758
13	0.00978	0.00713	0.00975	0.04222	0.01329	0.00687	0.00801	0.01137	0.01497	0.01990	0.04138	0.67031	0.04923	0.02346	0.00983	0.00314	0.00485	0.04104	0.00703	0.00643
14	0.01983	0.35235	0.27600	0.01703	0.02501	0.06436	0.01891	0.02478	0.01688	0.06392	0.01475	0.01850	0.01217	0.00789	0.00644	0.00211	0.00965	0.03497	0.00393	0.01052
15	0.03190	0.01620	0.04848	0.01505	0.02122	0.01457	0.01284	0.15185	0.06806	0.49314	0.02769	0.02467	0.01797	0.00951	0.00778	0.00240	0.00714	0.00762	0.00886	0.01305
16	0.01125	0.00755	0.00860	0.00855	0.00869	0.00750	0.00490	0.01153	0.01208	0.01625	0.07366	0.05128	0.03159	0.67365	0.03717	0.00713	0.00723	0.01148	0.00499	0.00490
17	0.01325	0.01260	0.02365	0.04549	0.05602	0.01201	0.23685	0.01674	0.01623	0.02186	0.03071	0.41378	0.03387	0.01654	0.00945	0.00290	0.00798	0.01618	0.00574	0.00815
18	0.08219	0.39696	0.17803	0.01587	0.02269	0.04663	0.01658	0.02402	0.01584	0.05385	0.01243	0.01447	0.01027	0.00767	0.00758	0.00210	0.07395	0.00495	0.00377	0.01015
19	0.01137	0.00750	0.00855	0.00871	0.00889	0.00748	0.00513	0.01175	0.01194	0.01627	0.02604	0.08862	0.02960	0.62892	0.03516	0.00686	0.00714	0.03149	0.04361	0.00499
20	0.01235	0.00764	0.00896	0.00868	0.01053	0.00734	0.00652	0.01585	0.01884	0.02896	0.33239	0.04534	0.08486	0.01504	0.03790	0.00262	0.00441	0.01101	0.33353	0.00721
21	0.02196	0.27092	0.13528	0.01758	0.02460	0.02388	0.06408	0.16927	0.12299	0.05173	0.01736	0.01817	0.01327	0.00806	0.00685	0.00219	0.00881	0.00627	0.00529	0.01144
22	0.01802	0.02614	0.20591	0.02869	0.05627	0.05209	0.38263	0.02445	0.01737	0.02392	0.01451	0.01900	0.01105	0.00748	0.01006	0.00261	0.07779	0.00779	0.00371	0.01052
23	0.01137	0.00868	0.01278	0.01262	0.01386	0.01025	0.00976	0.01393	0.01237	0.01786	0.02047	0.03095	0.01944	0.09367	0.62751	0.01175	0.05333	0.00840	0.00415	0.00687
24	0.04416	0.01577	0.02429	0.22972	0.31738	0.01699	0.01920	0.06892	0.03892	0.02531	0.02161	0.02606	0.07711	0.03167	0.00877	0.00260	0.00871	0.00793	0.00454	0.01035
25	0.01668	0.10294	0.49832	0.02494	0.10331	0.01941	0.07994	0.02437	0.01662	0.02405	0.01384	0.01669	0.01027	0.00717	0.00732	0.00238	0.01105	0.00600	0.00340	0.01132
26	0.02309	0.01814	0.01942	0.01624	0.02139	0.02028	0.01295	0.24650	0.40699	0.05867	0.02646	0.02486	0.01951	0.00989	0.00776	0.00246	0.00694	0.00797	0.00777	0.04269
27	0.06190	0.00853	0.01059	0.01006	0.01218	0.00804	0.00754	0.01584	0.02033	0.06628	0.49259	0.13684	0.08780	0.01615	0.00888	0.00253	0.00409	0.01413	0.00813	0.00756
28	0.06851	0.20774	0.37995	0.01874	0.02749	0.10117	0.02140	0.04967	0.01747	0.02396	0.01290	0.01497	0.00991	0.00733	0.00658	0.00220	0.01051	0.00520	0.00364	0.01067
29	0.02852	0.02121	0.02327	0.06250	0.02594	0.02360	0.01518	0.61234	0.03510	0.04699	0.01830	0.01875	0.01300	0.00921	0.00776	0.00234	0.00865	0.00697	0.00748	0.01289
30	0.05950	0.14825	0.10124	0.02364	0.16629	0.13815	0.04813	0.02680	0.01855	0.12676	0.03699	0.01881	0.01400	0.00777	0.00698	0.00216	0.00948	0.00623	0.00484	0.03545
31	0.02757	0.01416	0.01751	0.01391	0.01914	0.01363	0.01128	0.13923	0.08773	0.37351	0.13431	0.03005	0.02717	0.01050	0.00793	0.00236	0.00636	0.00864	0.00871	0.04630
32	0.01241	0.00826	0.01072	0.00991	0.01205	0.00754	0.00750	0.01593	0.02172	0.07275	0.59983	0.05682	0.10359	0.01566	0.00906	0.00245	0.00386	0.01375	0.00853	0.00765
33	0.01894	0.01803	0.02848	0.16345	0.41718	0.04003	0.05314	0.06221	0.04962	0.02568	0.01638	0.04244	0.01368	0.00796	0.00783	0.00241	0.00943	0.00754	0.00432	0.01127
34	0.04850	0.05974	0.07862	0.18904	0.13440	0.01953	0.27255	0.02298	0.01672	0.02341	0.01418	0.01926	0.01105	0.00735	0.00897	0.00253	0.04984	0.00745	0.00373	0.01014
35	0.03002	0.01665	0.01966	0.01546	0.02112	0.01697	0.01262	0.29408	0.07433	0.33387	0.02633	0.06249	0.01881	0.01037	0.00791	0.00243	0.00726	0.00833	0.00857	0.01274
36	0.00955	0.00782	0.00843	0.00838	0.01074	0.00670	0.00625	0.01185	0.01844	0.02302	0.20162	0.09971	0.52245	0.01905	0.00919	0.00260	0.00390	0.01613	0.00748	0.00670
37	0.04815	0.39449	0.10428	0.07219	0.02488	0.18048	0.01594	0.02473	0.01704	0.01982	0.01163	0.01402	0.00993	0.00732	0.00646	0.00197	0.02866	0.00481	0.00353	0.00969
38	0.02221	0.01198	0.01556	0.07747	0.01960	0.01240	0.01098	0.06319	0.06047	0.25789	0.02591	0.06676	0.02043	0.06598	0.06325	0.00355	0.04324	0.00867	0.14051	0.00995
39	0.01094	0.00740	0.00863	0.00893	0.00908	0.00729	0.00525	0.01133	0.01235	0.01654	0.05425	0.17141	0.03416	0.57246	0.03293	0.00653	0.00682	0.01332	0.00530	0.00509
40	0.02990	0.02104	0.02285	0.01752	0.02371	0.02304	0.01447	0.60456	0.03533	0.09919	0.01956	0.01923	0.01366	0.00933	0.00776	0.00233	0.00838	0.00705	0.00790	0.01319
41	0.02335	0.10632	0.09003	0.09939	0.02729	0.12079	0.01669	0.24610	0.08900	0.03133	0.01641	0.01817	0.01252	0.00886	0.00856	0.00235	0.05995	0.00639	0.00545	0.01106
42	0.02621	0.02649	0.02156	0.01974	0.06492	0.31115	0.01452	0.25483	0.05812	0.03104	0.02057	0.04314	0.05397	0.00976	0.00758	0.00224	0.01039	0.00726	0.00584	0.01065
43	0.01110	0.00775	0.00956	0.00921	0.01027	0.00740	0.00622	0.01322	0.01747	0.02435	0.40189	0.05490	0.05428	0.31464	0.02187	0.00457	0.00528	0.01287	0.00692	0.00622
44	0.01595	0.02789	0.36043	0.08871	0.18470	0.01689	0.05894	0.02283	0.01734	0.02508	0.09029	0.02245	0.01785	0.00822	0.00778	0.00244	0.01002	0.00725	0.00406	0.01086
45	0.01946	0.26616	0.36768	0.01883	0.02779	0.05438	0.04399	0.02543	0.01695	0.07215	0.01411	0.01588	0.01065	0.00729	0.00665	0.00217	0.01022	0.00545	0.00382	0.01094
46	0.01791	0.02008	0.04266	0.09284	0.04069	0.01960	0.56344	0.02408	0.01774	0.02408	0.01525	0.02070	0.01156	0.00699	0.00982	0.00265	0.04705	0.00883	0.00385	0.01020
47	0.00945	0.00675	0.00900	0.01080	0.01125	0.00630	0.00720	0.01080	0.01484	0.01979	0.04274	0.72245	0.05128	0.02429	0.00990	0.00315	0.00450	0.02204	0.00720	0.00630
48	0.01700	0.01425	0.04022	0.01552	0.01919	0.01435	0.05068	0.07382	0.26135	0.05779	0.04999	0.20352	0.03240	0.01504	0.00885	0.00284	0.00663	0.09931	0.00730	0.00994
49	0.01602	0.08391	0.61468	0.02204	0.03301	0.01890	0.05758	0.02448	0.01642	0.02416	0.01380	0.01633	0.00992	0.00728	0.00730	0.00241	0.01133	0.00579	0.00331	0.01131
50	0.01742	0.01532	0.02503	0.03220	0.36222	0.01518	0.07071	0.02259	0.05941	0.05777	0.02754	0.06653	0.09574	0.01302	0.04144	0.00301	0.00877	0.05030	0.00519	0.01061
51	0.00917	0.00782	0.00789	0.00795	0.01050	0.00654	0.00593	0.01112	0.01758	0.02091	0.07741	0.09511	0.65623	0.01978	0.00919	0.00264	0.00395	0.01654	0.00720	0.00654
52	0.02272	0.01719	0.01895	0.01591	0.02030	0.01940	0.01280	0.28249	0.24338	0.05789	0.02476	0.02817	0.01957	0.04236	0.01037	0.00277	0.05279	0.04269	0.05400	0.01149
53	0.02721	0.04352	0.08517	0.01646	0.02228	0.09169	0.01447	0.23539	0.02541	0.23605	0.02370	0.06416	0.01844	0.01060	0.00787	0.00243	0.00849	0.04772	0.00726	0.01168
54	0.01818	0.01473	0.01512	0.01375	0.01693	0.06087	0.01037	0.09476	0.26284	0.05332	0.03000	0.10085	0.05571	0.12063	0.07291	0.00415	0.00810	0.01024	0.02693	0.00961
55	0.01901	0.01948	0.06352	0.04635	0.64759	0.01840	0.02403	0.02383	0.01759	0.02529	0.01455	0.01905	0.01216	0.00693	0.00766	0.00231	0.00932	0.00685	0.00381	0.01224
56	0.05465	0.15394	0.39595	0.02284	0.08242	0.06175	0.07666	0.02459	0.01672	0.02371	0.01331	0.01598	0.01015	0.00716	0.00699	0.00229	0.01076	0.00573	0.00350	0.01088
57	0.00988	0.00699	0.00911	0.01054	0.01104	0.00661	0.00704	0.01123	0.01480	0.01980	0.07103	0.57479	0.04891	0.12158	0.01400	0.00374	0.00497	0.04088	0.00691	0.00615
58	0.01999	0.02050	0.02874	0.16514	0.27995	0.12268	0.10972	0.05590	0.05164	0.02466	0.01608	0.02154	0.01312	0.00794	0.00791	0.00241	0.01046	0.02664	0.00430	0.01069
59	0.01995	0.06405	0.01943	0.01508	0.01914	0.10033	0.05227	0.10465	0.13409	0.08225	0.20200	0.05608	0.05037	0.03467	0.00910	0.00255	0.00731	0.00985	0.00700	0.00984
60	0.01013	0.00747	0.01004	0.04449	0.01337	0.00713	0.00788	0.01235	0.01702	0.02307	0.22365	0.47174	0.08092	0.02088	0.00955	0.00290	0.00452	0.01878	0.00740	0.00671
61	0.01885	0.01812	0.03128	0.04545	0.62124	0.01806	0.05143	0.02350	0.01769	0.02521	0.01580	0.02228	0.01369	0.00753	0.00788	0.00237	0.00929	0.03437	0.00399	0.01197
62	0.01569	0.01499	0.02566	0.54772	0.14406	0.01761	0.06002	0.02139	0.03670	0.02134	0.01458	0.02073	0.01114	0.00764	0.00783	0.00255	0.01020	0.00709	0.00367	0.00938
63	0.01912	0.08473	0.40729	0.06712	0.08653	0.05424	0.08618	0.02608	0.04018	0.02548	0.01631	0.01998	0.01260	0.00864	0.00821	0.00274	0.01155	0.00680	0.00428	0.01192
64	0.02958	0.03444	0.02155	0.01932	0.02353	0.62393	0.01460	0.03168	0.02200	0.08936	0.01395	0.01529	0.01096	0.00816	0.00708	0.00204	0.01320	0.00529	0.00459	0.00943
65	0.02305	0.01607	0.01737	0.01558	0.03989	0.07296	0.01193	0.09898	0.20490	0.19332	0.13135	0.03472	0.05161	0.01154	0.00815	0.00249	0.00686	0.04028	0.00788	0.01108
66	0.01914	0.01857	0.03234	0.04668	0.64013	0.01849	0.06211	0.02386	0.01769	0.02530	0.01465	0.01930	0.01225	0.00689	0.00777	0.00232	0.00945	0.00705	0.00384	0.01217
67	0.01115	0.00852	0.01041	0.01048	0.01253	0.00805	0.00808	0.01534	0.06114	0.02634	0.32518	0.12775	0.21368	0.01812	0.00939	0.00274	0.00451	0.11145	0.00781	0.00732
68	0.24126	0.05917	0.01938	0.01719	0.06012	0.30114	0.01270	0.02848	0.01877	0.12786	0.01508	0.01625	0.01143	0.00792	0.00639	0.00217	0.00967	0.00535	0.02999	0.00967
69	0.06276	0.01831	0.02100	0.04841	0.04889	0.02000	0.01401	0.41367	0.02905	0.11396	0.02218	0.02284	0.04727	0.01268	0.05019	0.00301	0.02528	0.00748	0.00712	0.01189
70	0.02278	0.01273	0.01562	0.01407	0.01770	0.01227	0.01074	0.06427	0.12578	0.25792	0.07454	0.24942	0.03486	0.01597	0.00921	0.00296	0.00628	0.03328	0.00867	0.01093
71	0.05658	0.00823	0.00843	0.00863	0.01111	0.00730	0.00652	0.01205	0.01711	0.02178	0.06873	0.14000	0.53725	0.01946	0.00905	0.00271	0.00428	0.04707	0.00705	0.00666
72	0.02216	0.02678	0.05042	0.23662	0.03389	0.35665	0.05619	0.02576	0.01879	0.02016	0.01324	0.01729	0.01056	0.00811	0.00822	0.00230	0.04648	0.00604	0.03134	0.00897
73	0.01927	0.01650	0.02488	0.23724	0.10464	0.01857	0.09100	0.06345	0.19169	0.07457	0.02012	0.02281	0.01509	0.00887	0.00912	0.00259	0.05565	0.00772	0.00542	0.01079
74	0.01951	0.01892	0.03047	0.04511	0.62500	0.04004	0.02293	0.02490	0.05050	0.02549	0.01536	0.01952	0.01278	0.00713	0.00767	0.00231	0.00921	0.00694	0.00405	0.01218
75	0.01761	0.01570	0.02111	0.31631	0.07830	0.01850	0.01710	0.05054	0.32232	0.02706	0.02236	0.02440	0.01684	0.00905	0.00781	0.00258	0.00823	0.00778	0.00570	0.01073
76	0.02168	0.01787	0.03024	0.02285	0.02875	0.01802	0.29021	0.10054	0.12358	0.13459	0.02376	0.05281	0.03783	0.00952	0.00952	0.00261	0.04916	0.00924	0.00612	0.01110
77	0.01568	0.01499	0.02582	0.55219	0.17287	0.01756	0.04974	0.02080	0.01604	0.02109	0.01402	0.02040	0.01077	0.00754	0.00780	0.00253	0.01024	0.00699	0.00354	0.00940
78	0.00945	0.00675	0.00900	0.01080	0.01125	0.00630	0.00720	0.01080	0.01484	0.01979	0.04274	0.72245	0.05128	0.02429	0.00990	0.00315	0.00450	0.02204	0.00720	0.00630
79	0.01001	0.00713	0.00931	0.01032	0.01109	0.00667	0.00701	0.01186	0.01642	0.02238	0.20909	0.48763	0.05509	0.08310	0.01226	0.00334	0.00454	0.01898	0.00734	0.00643
80	0.01858	0.32392	0.37732	0.01833	0.02731	0.06869	0.02142	0.02444	0.01649	0.02159	0.01250	0.01460	0.00989	0.00711	0.00636	0.00210	0.01033	0.00503	0.00334	0.01067
81	0.02860	0.01264	0.01657	0.01323	0.01826	0.01153	0.01073	0.05812	0.06199	0.48110	0.16602	0.03288	0.03060	0.01096	0.00809	0.00242	0.00603	0.00914	0.00919	0.01190
82	0.02003	0.02001	0.03066	0.04523	0.62302	0.07649	0.02304	0.02441	0.01802	0.02479	0.01436	0.01874	0.01209	0.00700	0.00762	0.00228	0.00962	0.00674	0.00385	0.01200
83	0.02436	0.02899	0.02394	0.02067	0.02406	0.42783	0.07200	0.04671	0.01936	0.02033	0.01268	0.01640	0.01086	0.01216	0.05331	0.00300	0.16432	0.00602	0.00399	0.00902
84	0.01555	0.04011	0.68733	0.02210	0.03356	0.01801	0.02865	0.02455	0.01637	0.02455	0.01391	0.01637	0.00982	0.00737	0.00737	0.00246	0.01146	0.00573	0.00327	0.01146
85	0.00990	0.00717	0.00942	0.01109	0.01172	0.00685	0.00755	0.01206	0.03834	0.02036	0.04228	0.67729	0.05008	0.02370	0.00985	0.00314	0.00464	0.04081	0.00722	0.00654
86	0.01103	0.00872	0.01096	0.05609	0.01579	0.00832	0.00991	0.01394	0.01761	0.02190	0.05729	0.07698	0.34544	0.01968	0.00978	0.00305	0.00580	0.29382	0.00693	0.00695
87	0.01711	0.01624	0.02766	0.38962	0.30053	0.01804	0.05401	0.04204	0.01717	0.02319	0.01435	0.02003	0.01127	0.00741	0.00779	0.00247	0.00997	0.00701	0.00376	0.01031
88	0.09381	0.01683	0.02162	0.06241	0.05577	0.01724	0.04945	0.22709	0.04005	0.30245	0.02247	0.02181	0.01517	0.00890	0.00760	0.00240	0.00787	0.00723	0.00757	0.01227
89	0.01631	0.03539	0.54216	0.02554	0.10955	0.01821	0.06765	0.02514	0.04224	0.02498	0.01480	0.01749	0.01078	0.00738	0.00754	0.00245	0.01109	0.00621	0.00356	0.01152
90	0.05596	0.03812	0.02020	0.38335	0.03661	0.01617	0.01651	0.02444	0.11422	0.09207	0.05387	0.02858	0.03911	0.00973	0.00779	0.00257	0.00834	0.03751	0.00536	0.00947
91	0.01783	0.07006	0.13924	0.09125	0.12052	0.01974	0.37871	0.02411	0.01751	0.02398	0.01478	0.01942	0.01129	0.00682	0.00829	0.00248	0.01178	0.00781	0.00373	0.01065
92	0.01265	0.00858	0.01136	0.04621	0.01465	0.00836	0.00857	0.01638	0.05762	0.07190	0.26168	0.36176	0.05292	0.01860	0.00925	0.00279	0.00475	0.01664	0.00769	0.00763
93	0.03934	0.01195	0.01914	0.27521	0.06231	0.01326	0.06276	0.03726	0.01477	0.02003	0.01772	0.06611	0.01676	0.08363	0.01653	0.18970	0.00869	0.03341	0.00415	0.00724
94	0.01515	0.01258	0.05940	0.02087	0.17923	0.01065	0.01313	0.01801	0.01660	0.09768	0.03396	0.39627	0.06074	0.01701	0.00891	0.00279	0.00633	0.01537	0.00639	0.00892
95	0.00960	0.00685	0.00917	0.01097	0.01148	0.00643	0.00746	0.01106	0.01499	0.01996	0.04265	0.69119	0.05095	0.02415	0.00994	0.00317	0.00463	0.05182	0.00719	0.00634
96	0.01768	0.02540	0.19809	0.03070	0.06184	0.01918	0.48015	0.02473	0.01782	0.02479	0.01522	0.01977	0.01132	0.00675	0.00867	0.00257	0.01255	0.00825	0.00376	0.01076
97	0.01919	0.01842	0.03147	0.04759	0.67914	0.01842	0.02380	0.02380	0.01765	0.02533	0.01458	0.01919	0.01228	0.00691	0.00768	0.00230	0.00921	0.00691	0.00384	0.01228
98	0.01672	0.17308	0.52279	0.02103	0.03134	0.02056	0.06368	0.02431	0.01637	0.02335	0.01342	0.01589	0.00997	0.00717	0.00701	0.00231	0.01094	0.00563	0.00332	0.01111
99	0.01751	0.01917	0.08170	0.06030	0.32078	0.01958	0.06134	0.02154	0.01553	0.02264	0.01442	0.04997	0.01305	0.00986	0.01353	0.00273	0.23449	0.00760	0.00379	0.01047
100	0.02828	0.12549	0.02410	0.01597	0.02198	0.01905	0.04496	0.19050	0.11564	0.29744	0.02395	0.02239	0.01653	0.00905	0.00744	0.00231	0.00760	0.00724	0.00765	0.01243
101	0.05404	0.05947	0.41147	0.04650	0.03488	0.01894	0.21690	0.02435	0.01675	0.02474	0.01418	0.01756	0.01037	0.00709	0.00770	0.00247	0.01152	0.00667	0.00355	0.01085
102	0.00971	0.00693	0.00930	0.01109	0.01166	0.00652	0.00765	0.01125	0.01510	0.02009	0.04259	0.66806	0.05071	0.02405	0.00997	0.00318	0.00472	0.07386	0.00719	0.00637
103	0.01775	0.02884	0.33289	0.06099	0.11131	0.01889	0.18455	0.06588	0.05478	0.02650	0.01574	0.01893	0.01163	0.00742	0.00793	0.00249	0.01106	0.00705	0.00406	0.01132
104	0.01549	0.02024	0.13983	0.02512	0.03157	0.01579	0.37812	0.02104	0.01706	0.02344	0.02263	0.20769	0.02201	0.01142	0.00906	0.00273	0.01052	0.01204	0.00469	0.00951
105	0.01582	0.01536	0.02419	0.59852	0.12776	0.04734	0.02152	0.02078	0.01605	0.02044	0.01380	0.02020	0.01056	0.00766	0.00771	0.00252	0.01036	0.00681	0.00352	0.00907
106	0.00986	0.00724	0.00989	0.05581	0.01385	0.00706	0.00801	0.01140	0.01473	0.01958	0.04004	0.64696	0.04760	0.05477	0.01108	0.00331	0.00501	0.02058	0.00684	0.00638
107	0.02410	0.04277	0.06529	0.02120	0.12812	0.01718	0.03685	0.10913	0.18334	0.20555	0.02343	0.02340	0.01692	0.01006	0.00909	0.04957	0.00775	0.00752	0.00680	0.01189
108	0.02399	0.54863	0.03518	0.01366	0.02015	0.02656	0.01300	0.06673	0.01832	0.14776	0.01508	0.01551	0.01193	0.00737	0.00570	0.00184	0.00798	0.00503	0.00481	0.01078
109	0.00939	0.00696	0.00878	0.01023	0.01110	0.00635	0.00694	0.01086	0.01539	0.02002	0.04966	0.59711	0.17215	0.02339	0.00975	0.00305	0.00439	0.02094	0.00720	0.00635
110	0.01643	0.01761	0.06737	0.41714	0.13562	0.04739	0.05163	0.02319	0.07832	0.02236	0.01769	0.02241	0.03324	0.00820	0.00781	0.00252	0.00994	0.00733	0.00408	0.00971
111	0.01755	0.01949	0.08795	0.26673	0.15477	0.01864	0.20776	0.05461	0.04905	0.02471	0.01559	0.02041	0.01184	0.00742	0.00813	0.00252	0.01075	0.00756	0.00407	0.01045
112	0.56740	0.01691	0.01479	0.01238	0.01758	0.01929	0.01021	0.20275	0.01983	0.03881	0.01303	0.01431	0.00976	0.00780	0.00564	0.00238	0.00672	0.00499	0.00564	0.00976
113	0.01878	0.01766	0.02753	0.10525	0.05906	0.01937	0.19371	0.08246	0.23350	0.02821	0.02172	0.02629	0.01721	0.00963	0.00989	0.00269	0.07114	0.03947	0.00562	0.01081
114	0.02976	0.01578	0.01929	0.01536	0.02075	0.01614	0.01255	0.16124	0.14712	0.39473	0.02722	0.02478	0.01833	0.00994	0.00880	0.00248	0.04667	0.00776	0.00855	0.01275
115	0.01093	0.00737	0.00856	0.00890	0.00899	0.00728	0.00518	0.01118	0.01196	0.01594	0.02793	0.17898	0.03260	0.59325	0.03382	0.00668	0.00694	0.01333	0.00518	0.00500
116	0.00945	0.00675	0.00900	0.01080	0.01125	0.00630	0.00720	0.01080	0.01484	0.01979	0.04274	0.72245	0.05128	0.02429	0.00990	0.00315	0.00450	0.02204	0.00720	0.00630
117	0.07025	0.01768	0.02425	0.04358	0.08707	0.04603	0.09700	0.08551	0.08743	0.09092	0.01747	0.02043	0.01362	0.00983	0.01259	0.00267	0.20778	0.00722	0.04829	0.01037
118	0.06216	0.38580	0.03114	0.01590	0.02124	0.21828	0.01388	0.08608	0.01916	0.02227	0.01184	0.01376	0.01021	0.00773	0.00706	0.00196	0.05288	0.00483	0.00402	0.00982
119	0.00940	0.00717	0.00865	0.00974	0.01099	0.00642	0.00675	0.01105	0.01608	0.02059	0.07734	0.47394	0.26923	0.02238	0.00962	0.00294	0.00427	0.01979	0.00725	0.00642
120	0.06160	0.01566	0.02494	0.36473	0.15381	0.01781	0.07539	0.04348	0.08904	0.02437	0.01633	0.02120	0.01263	0.00981	0.03488	0.00291	0.01001	0.00720	0.00430	0.00990
121	0.01944	0.13305	0.32800	0.05468	0.03080	0.01954	0.11617	0.02562	0.01704	0.11436	0.01578	0.01810	0.01148	0.00786	0.00852	0.00242	0.05546	0.00642	0.00427	0.01100
122	0.00945	0.00675	0.00900	0.01080	0.01125	0.00630	0.00720	0.01080	0.01484	0.01979	0.04274	0.72245	0.05128	0.02429	0.00990	0.00315	0.00450	0.02204	0.00720	0.00630
123	0.02449	0.02768	0.02443	0.02069	0.02472	0.35568	0.08659	0.08470	0.11148	0.02412	0.01544	0.01776	0.01242	0.00921	0.01044	0.00241	0.12660	0.00646	0.00477	0.00990
124	0.04375	0.01680	0.02792	0.26005	0.19185	0.01802	0.13162	0.05599	0.07641	0.07536	0.01732	0.02118	0.01300	0.00778	0.00790	0.00249	0.00967	0.00745	0.00474	0.01071
125	0.02081	0.01913	0.06215	0.20485	0.14566	0.01843	0.16797	0.09469	0.02066	0.07048	0.04083	0.05843	0.01776	0.00994	0.00899	0.00286	0.01041	0.00899	0.00553	0.01142
126	0.01165	0.00915	0.01355	0.01323	0.01448	0.01105	0.01040	0.01431	0.01240	0.01806	0.01974	0.02915	0.01849	0.05383	0.63173	0.01158	0.08788	0.00816	0.00408	0.00707
127	0.00953	0.00681	0.00907	0.01074	0.01127	0.00636	0.00720	0.01101	0.01524	0.02043	0.07832	0.68505	0.05251	0.02382	0.00985	0.00311	0.00445	0.02159	0.00727	0.00636
128	0.04533	0.27690	0.08529	0.06536	0.10287	0.02157	0.09482	0.02589	0.05013	0.11041	0.03986	0.01946	0.01461	0.00772	0.00685	0.00218	0.00881	0.00647	0.00476	0.01073
129	0.01466	0.01325	0.02056	0.05140	0.02066	0.01658	0.07509	0.01712	0.01292	0.01914	0.01526	0.02298	0.01404	0.02852	0.25239	0.05342	0.30534	0.00755	0.03131	0.00779
130	0.01493	0.01398	0.02373	0.60729	0.04909	0.01712	0.05595	0.01996	0.01555	0.02051	0.01432	0.02095	0.01089	0.00799	0.00843	0.00258	0.03883	0.00703	0.04222	0.00864
131	0.01845	0.04371	0.14634	0.11551	0.07836	0.01912	0.12829	0.07624	0.03918	0.05743	0.03868	0.02233	0.03652	0.00938	0.01106	0.00263	0.13418	0.00763	0.00461	0.01035
132	0.06092	0.08674	0.07562	0.07911	0.17276	0.01707	0.05527	0.02819	0.07306	0.20239	0.05687	0.02314	0.01772	0.00851	0.00747	0.00236	0.00819	0.00734	0.00592	0.01135
133	0.01860	0.05954	0.02578	0.02175	0.05372	0.09447	0.04264	0.02071	0.01370	0.01925	0.01084	0.01666	0.01031	0.01198	0.02082	0.00306	0.53721	0.00655	0.00350	0.00888

[dist]
# distance from previous block
# <min> <max>
0	20

[block]
# block no. 6 follows, 25 sequences, length 25
# corresponding to MSA columns:
# 598-622
name=unknown_G
#
# <colnr> <probs for GDERKNQSTAVLIFYWHMCP>
#	G	D	E	R	K	N	Q	S	T	A	V	L	I	F	Y	W	H	M	C	P
0	0.01559	0.03836	0.64292	0.02140	0.03255	0.01750	0.02736	0.02422	0.01635	0.02460	0.01391	0.01635	0.00993	0.00726	0.00726	0.00237	0.01108	0.00565	0.00336	0.06197
1	0.01741	0.01748	0.08462	0.01748	0.05686	0.01689	0.01415	0.03340	0.43456	0.03009	0.08667	0.03624	0.02835	0.01169	0.00825	0.00268	0.00674	0.07808	0.00717	0.01118
2	0.01109	0.00824	0.01213	0.01213	0.01340	0.00951	0.00928	0.01363	0.01236	0.01776	0.02107	0.03213	0.02011	0.11311	0.64282	0.01206	0.01968	0.00855	0.00420	0.00674
3	0.74546	0.04967	0.01281	0.01034	0.01523	0.01804	0.00863	0.02281	0.01332	0.03399	0.01080	0.01259	0.00847	0.00717	0.00481	0.00236	0.00611	0.00420	0.00473	0.00847
4	0.02629	0.01319	0.01689	0.01270	0.01886	0.01079	0.01034	0.02949	0.01975	0.39319	0.05255	0.02369	0.01853	0.00834	0.00704	0.00190	0.00613	0.00680	0.00756	0.31598
5	0.02880	0.02138	0.02289	0.01770	0.02379	0.02373	0.01457	0.61279	0.07805	0.04778	0.01947	0.01930	0.01388	0.00939	0.00777	0.00235	0.00837	0.00710	0.00777	0.01313
6	0.02672	0.01906	0.02033	0.01589	0.02129	0.02096	0.01303	0.53679	0.03275	0.04521	0.01984	0.02050	0.01441	0.00926	0.00733	0.00223	0.00763	0.00703	0.14765	0.01209
7	0.01001	0.00715	0.00964	0.01143	0.01213	0.00678	0.00817	0.01176	0.01540	0.02042	0.04243	0.60600	0.05006	0.02376	0.01005	0.00323	0.00498	0.13298	0.00719	0.00645
8	0.01833	0.01371	0.01631	0.01176	0.01855	0.01046	0.00945	0.02172	0.01681	0.10462	0.01580	0.01732	0.01241	0.00621	0.00599	0.00130	0.00585	0.00498	0.00520	0.68322
9	0.03452	0.01363	0.01826	0.01400	0.02001	0.01204	0.01157	0.06906	0.02292	0.65222	0.02998	0.02600	0.01889	0.00958	0.00780	0.00240	0.00670	0.00776	0.00950	0.01319
10	0.01001	0.00715	0.00964	0.01143	0.01213	0.00678	0.00817	0.01176	0.01540	0.02042	0.04243	0.60600	0.05006	0.02376	0.01005	0.00323	0.00498	0.13298	0.00719	0.00645
11	0.01030	0.00799	0.01206	0.01244	0.01361	0.00745	0.05857	0.01227	0.01578	0.02125	0.09950	0.60455	0.05017	0.02209	0.00977	0.00304	0.00510	0.02027	0.00706	0.00672
12	0.01042	0.00798	0.01170	0.01251	0.01370	0.00750	0.04714	0.01244	0.01562	0.02065	0.04243	0.55822	0.07567	0.02258	0.00994	0.00315	0.00538	0.10930	0.00699	0.00669
13	0.01570	0.03904	0.65173	0.02269	0.03394	0.01810	0.06318	0.02457	0.01648	0.02457	0.01401	0.01662	0.00993	0.00732	0.00747	0.00246	0.01155	0.00592	0.00331	0.01140
14	0.02692	0.01563	0.01742	0.01468	0.01955	0.06812	0.01176	0.03579	0.22204	0.35507	0.06920	0.03121	0.02443	0.01074	0.00799	0.00250	0.00689	0.03971	0.00843	0.01191
15	0.01838	0.01806	0.02838	0.30642	0.30892	0.05961	0.07197	0.05195	0.01799	0.02380	0.01438	0.01957	0.01137	0.00739	0.00779	0.00242	0.01023	0.00697	0.00388	0.01052
16	0.03734	0.03302	0.01749	0.03255	0.01827	0.05433	0.01205	0.13859	0.07066	0.02746	0.02284	0.14507	0.02191	0.03824	0.01286	0.00286	0.16714	0.02935	0.10897	0.00901
17	0.01214	0.00903	0.01048	0.01011	0.01273	0.00827	0.00771	0.01627	0.07024	0.05537	0.21015	0.12960	0.31182	0.01753	0.00903	0.00262	0.00451	0.05527	0.00758	0.03954
18	0.01541	0.01504	0.02772	0.12023	0.05894	0.01536	0.25820	0.02116	0.05987	0.02333	0.02492	0.14927	0.02433	0.01265	0.00976	0.00287	0.03419	0.11248	0.00517	0.00909
19	0.35039	0.01717	0.04952	0.11232	0.02513	0.01808	0.06376	0.07779	0.12190	0.06953	0.01688	0.01849	0.01248	0.00808	0.00659	0.00248	0.00769	0.00621	0.00548	0.01003
20	0.02437	0.01473	0.01929	0.01553	0.02083	0.01455	0.06224	0.03469	0.25737	0.28661	0.07761	0.02842	0.02372	0.00984	0.00787	0.00240	0.00665	0.00847	0.00801	0.07681
21	0.08084	0.03155	0.43771	0.02113	0.05029	0.01805	0.05804	0.10090	0.01918	0.05626	0.04358	0.01889	0.01342	0.00799	0.00741	0.00244	0.01013	0.00643	0.00449	0.01128
22	0.01848	0.09227	0.02357	0.04758	0.02167	0.07342	0.05093	0.02243	0.06160	0.06215	0.09589	0.05439	0.02122	0.01204	0.01513	0.00278	0.30212	0.00827	0.00495	0.00911
23	0.01795	0.01931	0.03864	0.08214	0.06558	0.01856	0.47013	0.02526	0.06947	0.02511	0.01660	0.02105	0.01260	0.00690	0.00859	0.00248	0.01152	0.00846	0.00425	0.07539
24	0.01158	0.01055	0.04261	0.01438	0.04303	0.00873	0.05212	0.01402	0.01542	0.02129	0.03470	0.52294	0.04000	0.01921	0.00910	0.00279	0.00573	0.01755	0.00633	0.10793

[dist]
# distance from previous block
# <min> <max>
0	30

# created by:
# /st0/software/busco_prod/Augustus/scripts/msa2prfl.pl ./align_prep/75955.fa
