[name]
unknown

[dist]
# distance from previous block
# <min> <max>
6	38

[block]
# block no. 0 follows, 25 sequences, length 36
# corresponding to MSA columns:
# 45-80
name=unknown_A
#
# <colnr> <probs for GDERKNQSTAVLIFYWHMCP>
#	G	D	E	R	K	N	Q	S	T	A	V	L	I	F	Y	W	H	M	C	P
0	0.00942	0.00786	0.00821	0.00813	0.01063	0.00666	0.00609	0.01163	0.01828	0.02240	0.16375	0.07223	0.58989	0.01910	0.00916	0.00259	0.00389	0.01603	0.00739	0.00666
1	0.01696	0.01696	0.02375	0.02036	0.02036	0.02375	0.01696	0.01866	0.01187	0.01866	0.01018	0.01696	0.01018	0.01357	0.02545	0.00339	0.71332	0.00679	0.00339	0.00848
2	0.02888	0.02198	0.02290	0.01780	0.02382	0.04796	0.01461	0.59606	0.07172	0.04686	0.01911	0.01904	0.01367	0.00933	0.00774	0.00233	0.00859	0.00701	0.00763	0.01298
3	0.01347	0.00673	0.01010	0.01010	0.01010	0.00673	0.00673	0.01010	0.01010	0.01347	0.01347	0.02357	0.01347	0.02694	0.03030	0.77441	0.00673	0.00673	0.00337	0.00337
4	0.01824	0.01506	0.01724	0.01251	0.01929	0.01255	0.01008	0.12175	0.01937	0.02907	0.01456	0.01649	0.01176	0.00632	0.00607	0.00134	0.00619	0.00498	0.00510	0.65204
5	0.65024	0.01420	0.01167	0.01029	0.01496	0.01601	0.00843	0.02380	0.01428	0.09479	0.01382	0.01521	0.01034	0.00757	0.00513	0.00235	0.00586	0.00478	0.06753	0.00875
6	0.02947	0.02172	0.02327	0.01784	0.02404	0.02404	0.01474	0.65329	0.03646	0.04887	0.01862	0.01862	0.01319	0.00931	0.00776	0.00233	0.00853	0.00698	0.00776	0.01319
7	0.01108	0.00831	0.01246	0.01246	0.01385	0.00969	0.00969	0.01385	0.01246	0.01800	0.02077	0.03046	0.01938	0.05815	0.69678	0.01246	0.02077	0.00831	0.00415	0.00692
8	0.01108	0.00831	0.01246	0.01246	0.01385	0.00969	0.00969	0.01385	0.01246	0.01800	0.02077	0.03046	0.01938	0.05815	0.69678	0.01246	0.02077	0.00831	0.00415	0.00692
9	0.00950	0.00777	0.00839	0.00845	0.01074	0.00666	0.00626	0.01170	0.01815	0.02260	0.17858	0.13102	0.51441	0.01941	0.00923	0.00264	0.00393	0.01648	0.00743	0.00666
10	0.02838	0.03573	0.02170	0.01972	0.02374	0.65544	0.01482	0.03158	0.06086	0.01979	0.01317	0.01489	0.01081	0.00814	0.00705	0.00204	0.01351	0.00522	0.00423	0.00919
11	0.15845	0.02143	0.02032	0.01646	0.02195	0.09078	0.01334	0.39900	0.11482	0.04119	0.01831	0.01848	0.01343	0.00897	0.00718	0.00235	0.00833	0.00653	0.00688	0.01181
12	0.01710	0.13876	0.55473	0.02071	0.03103	0.06083	0.02562	0.02475	0.01662	0.02332	0.01335	0.01566	0.00985	0.00730	0.00700	0.00231	0.01116	0.00546	0.00332	0.01109
13	0.01919	0.01842	0.03147	0.04759	0.67914	0.01842	0.02380	0.02380	0.01765	0.02533	0.01458	0.01919	0.01228	0.00691	0.00768	0.00230	0.00921	0.00691	0.00384	0.01228
14	0.01464	0.01378	0.02326	0.70887	0.05340	0.01723	0.02153	0.01981	0.01550	0.01981	0.01378	0.02067	0.01034	0.00775	0.00775	0.00258	0.01034	0.00689	0.00345	0.00861
15	0.01347	0.00673	0.01010	0.01010	0.01010	0.00673	0.00673	0.01010	0.01010	0.01347	0.01347	0.02357	0.01347	0.02694	0.03030	0.77441	0.00673	0.00673	0.00337	0.00337
16	0.01488	0.02618	0.38858	0.01687	0.02431	0.01351	0.01945	0.02149	0.01885	0.06464	0.26942	0.03294	0.03474	0.01076	0.00808	0.00245	0.00818	0.00904	0.00566	0.00996
17	0.02755	0.02402	0.02169	0.01767	0.02311	0.18201	0.01412	0.37310	0.12177	0.05927	0.01910	0.01915	0.01406	0.00904	0.00752	0.00225	0.00931	0.00670	0.00682	0.04177
18	0.78228	0.01499	0.01140	0.01020	0.01499	0.01739	0.00840	0.02279	0.01320	0.03479	0.01080	0.01260	0.00840	0.00720	0.00480	0.00240	0.00600	0.00420	0.00480	0.00840
19	0.01800	0.01509	0.01809	0.07179	0.02243	0.01680	0.04553	0.03384	0.44740	0.05760	0.07072	0.03410	0.09200	0.01129	0.00814	0.00260	0.00649	0.00968	0.00736	0.01105
20	0.00945	0.00675	0.00900	0.01080	0.01125	0.00630	0.00720	0.01080	0.01484	0.01979	0.04274	0.72245	0.05128	0.02429	0.00990	0.00315	0.00450	0.02204	0.00720	0.00630
21	0.02719	0.02015	0.02152	0.01691	0.02260	0.02237	0.01383	0.53236	0.11930	0.04544	0.02076	0.02063	0.01500	0.00945	0.00763	0.00234	0.00791	0.00723	0.05468	0.01270
22	0.00945	0.00675	0.00900	0.01080	0.01125	0.00630	0.00720	0.01080	0.01484	0.01979	0.04274	0.72245	0.05128	0.02429	0.00990	0.00315	0.00450	0.02204	0.00720	0.00630
23	0.02166	0.01784	0.01887	0.01626	0.02107	0.02040	0.01285	0.18395	0.51852	0.03627	0.02854	0.02652	0.02122	0.01024	0.00786	0.00256	0.00670	0.00835	0.00786	0.01249
24	0.01490	0.01365	0.02226	0.60059	0.06908	0.01628	0.01991	0.01984	0.01565	0.02082	0.01430	0.02060	0.01090	0.00762	0.00749	0.00242	0.00964	0.00672	0.03632	0.07100
25	0.02059	0.01710	0.01865	0.01713	0.04637	0.01940	0.01290	0.14952	0.49035	0.03443	0.02916	0.06462	0.02283	0.01091	0.00797	0.00259	0.00660	0.00910	0.00767	0.01211
26	0.02088	0.01318	0.01604	0.01486	0.01873	0.01376	0.01229	0.06432	0.23415	0.18219	0.03424	0.05005	0.03002	0.01439	0.00893	0.00292	0.00676	0.24372	0.00800	0.01058
27	0.01042	0.00749	0.00991	0.01044	0.01169	0.00698	0.00755	0.01311	0.01877	0.02596	0.37717	0.33614	0.06249	0.01967	0.00954	0.00280	0.00420	0.05089	0.00790	0.00688
28	0.01496	0.01352	0.02210	0.62441	0.04875	0.01669	0.02009	0.04063	0.01609	0.02106	0.01474	0.02140	0.01125	0.01024	0.04031	0.00301	0.01050	0.00697	0.03463	0.00863
29	0.01128	0.00752	0.00846	0.00846	0.00846	0.00752	0.00470	0.01128	0.01128	0.01503	0.02443	0.05074	0.02819	0.72751	0.03946	0.00752	0.00752	0.01128	0.00470	0.00470
30	0.01759	0.04045	0.01544	0.01278	0.01641	0.01378	0.01008	0.07712	0.22401	0.09360	0.24699	0.04104	0.09713	0.01503	0.04094	0.00295	0.00613	0.01076	0.00784	0.00993
31	0.02992	0.02022	0.02224	0.01714	0.02325	0.02192	0.01413	0.53581	0.05722	0.14648	0.02094	0.02019	0.01450	0.00940	0.00777	0.00235	0.00815	0.00717	0.00805	0.01315
32	0.02345	0.10972	0.17267	0.01801	0.02465	0.19084	0.01703	0.21445	0.02408	0.03018	0.05514	0.01854	0.01486	0.00847	0.00715	0.00215	0.01010	0.00620	0.00520	0.04711
33	0.01881	0.01923	0.03632	0.03146	0.16164	0.01904	0.36535	0.07441	0.01889	0.02622	0.01627	0.04818	0.01344	0.00807	0.00988	0.00254	0.06652	0.00863	0.00434	0.05079
34	0.13110	0.02021	0.02129	0.01812	0.05952	0.04763	0.01398	0.42019	0.06850	0.09540	0.01883	0.01891	0.01348	0.00893	0.00733	0.00235	0.00813	0.00670	0.00714	0.01227
35	0.08506	0.02013	0.11824	0.08399	0.37177	0.01740	0.08167	0.02288	0.01734	0.02608	0.06793	0.02164	0.01636	0.00775	0.00765	0.00239	0.00923	0.00730	0.00421	0.01098

[dist]
# distance from previous block
# <min> <max>
0	10

[block]
# block no. 1 follows, 25 sequences, length 67
# corresponding to MSA columns:
# 91-157
name=unknown_B
#
# <colnr> <probs for GDERKNQSTAVLIFYWHMCP>
#	G	D	E	R	K	N	Q	S	T	A	V	L	I	F	Y	W	H	M	C	P
0	0.07160	0.10063	0.39428	0.01876	0.02722	0.07135	0.02127	0.02698	0.11743	0.02571	0.04232	0.01914	0.01442	0.00816	0.00708	0.00236	0.00982	0.00621	0.00437	0.01087
1	0.14322	0.01857	0.01794	0.01478	0.01973	0.07299	0.01191	0.28798	0.11394	0.08774	0.02047	0.02072	0.01499	0.00903	0.00694	0.00229	0.00743	0.00673	0.11144	0.01117
2	0.12953	0.00814	0.00950	0.01061	0.01186	0.00811	0.00739	0.01301	0.01525	0.02317	0.09655	0.55051	0.04666	0.02085	0.00904	0.00297	0.00465	0.01853	0.00695	0.00672
3	0.02410	0.01097	0.01456	0.01245	0.01648	0.00983	0.00988	0.02754	0.04133	0.38822	0.14351	0.14493	0.06596	0.01399	0.00855	0.00259	0.00566	0.04018	0.00876	0.01051
4	0.06190	0.01933	0.02019	0.01636	0.02145	0.04192	0.01316	0.47688	0.05923	0.04202	0.02235	0.12787	0.01923	0.01154	0.00793	0.00246	0.00785	0.00920	0.00742	0.01172
5	0.01061	0.00738	0.00865	0.00906	0.00953	0.00711	0.00559	0.01135	0.01340	0.01774	0.07372	0.22085	0.09599	0.44386	0.02746	0.00567	0.00620	0.01459	0.00578	0.00543
6	0.01548	0.01405	0.02170	0.43457	0.10740	0.01522	0.01800	0.02009	0.01590	0.02211	0.01423	0.01957	0.01114	0.00718	0.00714	0.00215	0.00880	0.00630	0.02823	0.21073
7	0.00945	0.00675	0.00900	0.01080	0.01125	0.00630	0.00720	0.01080	0.01484	0.01979	0.04274	0.72245	0.05128	0.02429	0.00990	0.00315	0.00450	0.02204	0.00720	0.00630
8	0.02947	0.02172	0.02327	0.01784	0.02404	0.02404	0.01474	0.65329	0.03646	0.04887	0.01862	0.01862	0.01319	0.00931	0.00776	0.00233	0.00853	0.00698	0.00776	0.01319
9	0.01769	0.01545	0.02370	0.60981	0.04973	0.01830	0.02085	0.07146	0.01831	0.02414	0.01641	0.02324	0.01269	0.00916	0.00844	0.00287	0.01047	0.00748	0.02989	0.00988
10	0.00951	0.00787	0.00833	0.00822	0.01068	0.00669	0.00616	0.01180	0.01849	0.02288	0.19242	0.07143	0.56092	0.01891	0.00916	0.00258	0.00388	0.01592	0.00746	0.00669
11	0.01334	0.01028	0.01268	0.01284	0.01526	0.01060	0.01046	0.02093	0.16344	0.02754	0.23534	0.06458	0.08730	0.01717	0.00951	0.00296	0.00565	0.26410	0.00774	0.00830
12	0.01594	0.05884	0.56349	0.02154	0.03107	0.01931	0.02634	0.02360	0.01565	0.02344	0.01323	0.01634	0.00988	0.00831	0.01010	0.00258	0.12028	0.00584	0.00329	0.01095
13	0.00937	0.00779	0.00821	0.00843	0.01078	0.00663	0.00630	0.01139	0.01756	0.02126	0.09406	0.13587	0.57382	0.02001	0.00929	0.00270	0.00409	0.03862	0.00724	0.00657
14	0.02071	0.02130	0.03000	0.04331	0.57746	0.12364	0.02243	0.02491	0.01833	0.02434	0.01418	0.01838	0.01193	0.00708	0.00757	0.00226	0.00995	0.00661	0.00386	0.01177
15	0.01393	0.01067	0.01436	0.01641	0.05447	0.01107	0.01310	0.02041	0.11829	0.02476	0.03807	0.07449	0.03953	0.01890	0.01010	0.00335	0.00710	0.49570	0.00707	0.00823
16	0.01555	0.04011	0.68733	0.02210	0.03356	0.01801	0.02865	0.02455	0.01637	0.02455	0.01391	0.01637	0.00982	0.00737	0.00737	0.00246	0.01146	0.00573	0.00327	0.01146
17	0.02821	0.02163	0.02252	0.01766	0.02357	0.04671	0.01444	0.55700	0.11275	0.04583	0.01997	0.01971	0.01436	0.00941	0.00775	0.00235	0.00843	0.00713	0.00764	0.01293
18	0.02947	0.02172	0.02327	0.01784	0.02404	0.02404	0.01474	0.65329	0.03646	0.04887	0.01862	0.01862	0.01319	0.00931	0.00776	0.00233	0.00853	0.00698	0.00776	0.01319
19	0.06314	0.01915	0.02021	0.01583	0.02128	0.02112	0.01299	0.52456	0.03221	0.04509	0.01928	0.01992	0.01399	0.00916	0.00725	0.00225	0.00765	0.00689	0.12600	0.01203
20	0.01105	0.00748	0.00847	0.00859	0.00874	0.00739	0.00492	0.01124	0.01182	0.01563	0.02819	0.09771	0.05978	0.64669	0.03604	0.00699	0.00714	0.01225	0.00498	0.00489
21	0.00916	0.00785	0.00785	0.00785	0.01047	0.00655	0.00589	0.01113	0.01767	0.02095	0.07855	0.07462	0.67599	0.01964	0.00916	0.00262	0.00393	0.01636	0.00720	0.00655
22	0.01128	0.00752	0.00846	0.00846	0.00846	0.00752	0.00470	0.01128	0.01128	0.01503	0.02443	0.05074	0.02819	0.72751	0.03946	0.00752	0.00752	0.01128	0.00470	0.00470
23	0.02947	0.02172	0.02327	0.01784	0.02404	0.02404	0.01474	0.65329	0.03646	0.04887	0.01862	0.01862	0.01319	0.00931	0.00776	0.00233	0.00853	0.00698	0.00776	0.01319
24	0.02522	0.01533	0.01771	0.01502	0.02002	0.01627	0.01194	0.03990	0.41921	0.28186	0.03119	0.02796	0.02196	0.01017	0.00785	0.00254	0.00631	0.00840	0.00854	0.01263
25	0.00968	0.00693	0.00921	0.01063	0.01130	0.00646	0.00722	0.01139	0.01595	0.02155	0.14087	0.61931	0.05468	0.02298	0.00978	0.00304	0.00437	0.02080	0.00741	0.00646
26	0.01929	0.01666	0.01753	0.01578	0.02016	0.01929	0.01227	0.04120	0.66513	0.03243	0.03156	0.02893	0.02367	0.01052	0.00789	0.00263	0.00614	0.00877	0.00789	0.01227
27	0.01056	0.00774	0.00991	0.00974	0.01143	0.00708	0.00716	0.01370	0.02044	0.02837	0.52007	0.16264	0.12721	0.01752	0.00926	0.00257	0.00381	0.01549	0.00820	0.00708
28	0.01082	0.00895	0.01470	0.01419	0.01579	0.00836	0.10711	0.01298	0.01538	0.02058	0.03854	0.61357	0.04515	0.02154	0.00978	0.00307	0.00583	0.02004	0.00669	0.00694
29	0.01555	0.04011	0.68733	0.02210	0.03356	0.01801	0.02865	0.02455	0.01637	0.02455	0.01391	0.01637	0.00982	0.00737	0.00737	0.00246	0.01146	0.00573	0.00327	0.01146
30	0.01591	0.03197	0.45335	0.13034	0.03725	0.01838	0.12842	0.02363	0.01637	0.02363	0.01403	0.01780	0.01023	0.00754	0.00844	0.00254	0.03952	0.00651	0.00341	0.01074
31	0.66409	0.12630	0.01593	0.01067	0.01576	0.01946	0.00915	0.02286	0.01359	0.03222	0.01079	0.01257	0.00864	0.00711	0.00483	0.00228	0.00635	0.00419	0.00457	0.00864
32	0.02987	0.03327	0.02136	0.01902	0.02332	0.59007	0.01442	0.03202	0.02201	0.12226	0.01487	0.01591	0.01142	0.00824	0.00712	0.00206	0.01284	0.00543	0.00486	0.00964
33	0.01144	0.00932	0.01183	0.01123	0.01292	0.00972	0.00876	0.01422	0.01862	0.02535	0.33764	0.08887	0.22508	0.01729	0.01182	0.00274	0.11414	0.05457	0.00722	0.00723
34	0.01919	0.01842	0.03147	0.04759	0.67914	0.01842	0.02380	0.02380	0.01765	0.02533	0.01458	0.01919	0.01228	0.00691	0.00768	0.00230	0.00921	0.00691	0.00384	0.01228
35	0.01696	0.01696	0.02375	0.02036	0.02036	0.02375	0.01696	0.01866	0.01187	0.01866	0.01018	0.01696	0.01018	0.01357	0.02545	0.00339	0.71332	0.00679	0.00339	0.00848
36	0.01347	0.00673	0.01010	0.01010	0.01010	0.00673	0.00673	0.01010	0.01010	0.01347	0.01347	0.02357	0.01347	0.02694	0.03030	0.77441	0.00673	0.00673	0.00337	0.00337
37	0.01128	0.00752	0.00846	0.00846	0.00846	0.00752	0.00470	0.01128	0.01128	0.01503	0.02443	0.05074	0.02819	0.72751	0.03946	0.00752	0.00752	0.01128	0.00470	0.00470
38	0.62257	0.01642	0.01391	0.01182	0.01691	0.01880	0.00974	0.15655	0.01813	0.03777	0.01246	0.01387	0.00941	0.00765	0.00543	0.00238	0.00654	0.00479	0.00543	0.00941
39	0.02947	0.02172	0.02327	0.01784	0.02404	0.02404	0.01474	0.65329	0.03646	0.04887	0.01862	0.01862	0.01319	0.00931	0.00776	0.00233	0.00853	0.00698	0.00776	0.01319
40	0.00945	0.00675	0.00900	0.01080	0.01125	0.00630	0.00720	0.01080	0.01484	0.01979	0.04274	0.72245	0.05128	0.02429	0.00990	0.00315	0.00450	0.02204	0.00720	0.00630
41	0.01800	0.01740	0.03023	0.21245	0.48597	0.01819	0.05895	0.02286	0.01715	0.02392	0.01445	0.01966	0.01176	0.00710	0.00778	0.00239	0.00971	0.00703	0.00374	0.01126
42	0.01608	0.01378	0.01608	0.01148	0.01837	0.01034	0.00919	0.01952	0.01608	0.02527	0.01378	0.01608	0.01148	0.00574	0.00574	0.00115	0.00574	0.00459	0.00459	0.77491
43	0.02614	0.02881	0.01973	0.01749	0.02131	0.45043	0.01339	0.12490	0.02288	0.02530	0.01522	0.01735	0.01217	0.00857	0.00751	0.00207	0.03654	0.00575	0.13514	0.00932
44	0.01777	0.01369	0.02244	0.60100	0.04819	0.01632	0.01996	0.02260	0.01654	0.12297	0.01639	0.02156	0.01171	0.00804	0.00776	0.00256	0.00976	0.00703	0.00440	0.00932
45	0.01897	0.01267	0.01438	0.01241	0.01583	0.04303	0.00968	0.11939	0.05453	0.14300	0.35215	0.06928	0.07515	0.01365	0.00857	0.00244	0.00555	0.01162	0.00824	0.00946
46	0.01958	0.00983	0.01312	0.01122	0.01455	0.00879	0.00879	0.02300	0.02204	0.26733	0.44205	0.04652	0.05365	0.01359	0.00866	0.00242	0.00472	0.01177	0.00892	0.00944
47	0.01097	0.00793	0.01036	0.00975	0.01158	0.00732	0.00732	0.01463	0.02195	0.03109	0.67505	0.05792	0.07316	0.01585	0.00914	0.00244	0.00366	0.01402	0.00854	0.00732
48	0.01115	0.00803	0.01108	0.01108	0.01198	0.00894	0.00797	0.01296	0.01205	0.01697	0.02203	0.03747	0.02243	0.28951	0.46959	0.01075	0.01619	0.00933	0.00434	0.00615
49	0.02506	0.03045	0.02255	0.02010	0.02279	0.47741	0.01563	0.02696	0.01869	0.01887	0.01140	0.01495	0.01005	0.00981	0.01300	0.00245	0.24165	0.00558	0.00380	0.00882
50	0.01097	0.00793	0.01036	0.00975	0.01158	0.00732	0.00732	0.01463	0.02195	0.03109	0.67505	0.05792	0.07316	0.01585	0.00914	0.00244	0.00366	0.01402	0.00854	0.00732
51	0.00955	0.00686	0.00909	0.01083	0.01139	0.00640	0.00735	0.01100	0.01504	0.01995	0.04382	0.67894	0.07099	0.02404	0.00990	0.00315	0.00458	0.04360	0.00720	0.00634
52	0.01582	0.03604	0.56479	0.02332	0.03389	0.01789	0.12451	0.02426	0.01686	0.02482	0.03662	0.01849	0.01227	0.00753	0.00770	0.00248	0.01144	0.00654	0.00355	0.01116
53	0.01696	0.01696	0.02375	0.02036	0.02036	0.02375	0.01696	0.01866	0.01187	0.01866	0.01018	0.01696	0.01018	0.01357	0.02545	0.00339	0.71332	0.00679	0.00339	0.00848
54	0.01128	0.00752	0.00846	0.00846	0.00846	0.00752	0.00470	0.01128	0.01128	0.01503	0.02443	0.05074	0.02819	0.72751	0.03946	0.00752	0.00752	0.01128	0.00470	0.00470
55	0.01347	0.00673	0.01010	0.01010	0.01010	0.00673	0.00673	0.01010	0.01010	0.01347	0.01347	0.02357	0.01347	0.02694	0.03030	0.77441	0.00673	0.00673	0.00337	0.00337
56	0.01464	0.01378	0.02326	0.70887	0.05340	0.01723	0.02153	0.01981	0.01550	0.01981	0.01378	0.02067	0.01034	0.00775	0.00775	0.00258	0.01034	0.00689	0.00345	0.00861
57	0.01555	0.04011	0.68733	0.02210	0.03356	0.01801	0.02865	0.02455	0.01637	0.02455	0.01391	0.01637	0.00982	0.00737	0.00737	0.00246	0.01146	0.00573	0.00327	0.01146
58	0.01707	0.01661	0.06110	0.54085	0.04668	0.01853	0.02074	0.11836	0.01869	0.02455	0.01443	0.01999	0.01074	0.00815	0.00829	0.00256	0.03224	0.00684	0.00410	0.00948
59	0.00945	0.00675	0.00900	0.01080	0.01125	0.00630	0.00720	0.01080	0.01484	0.01979	0.04274	0.72245	0.05128	0.02429	0.00990	0.00315	0.00450	0.02204	0.00720	0.00630
60	0.01338	0.00775	0.01039	0.01126	0.01257	0.00709	0.00785	0.01499	0.01599	0.12295	0.04085	0.61442	0.04630	0.02201	0.00957	0.00303	0.00482	0.01983	0.00757	0.00737
61	0.02660	0.01958	0.02127	0.01659	0.02211	0.02145	0.01359	0.55417	0.03420	0.04611	0.12049	0.02472	0.02249	0.01032	0.00797	0.00234	0.00778	0.00807	0.00788	0.01227
62	0.01727	0.01466	0.01794	0.12051	0.02443	0.01311	0.01177	0.08092	0.04653	0.02698	0.01503	0.01760	0.01201	0.00660	0.00634	0.00155	0.00674	0.00536	0.00486	0.54979
63	0.17748	0.05916	0.01926	0.01520	0.02025	0.04674	0.01228	0.19486	0.30784	0.03585	0.02205	0.02142	0.01654	0.00921	0.00703	0.00242	0.00715	0.00697	0.00682	0.01146
64	0.14151	0.04964	0.10846	0.01729	0.02278	0.02118	0.03546	0.25723	0.06857	0.03442	0.01862	0.02014	0.04130	0.00973	0.00999	0.00254	0.11766	0.00685	0.00572	0.01091
65	0.02132	0.05769	0.29431	0.01868	0.04674	0.01764	0.01922	0.16524	0.02196	0.11808	0.05936	0.02075	0.01611	0.00844	0.00738	0.00226	0.00891	0.00668	0.00560	0.08365
66	0.02318	0.01591	0.04385	0.04898	0.02310	0.01499	0.06516	0.05963	0.20382	0.22987	0.04610	0.02539	0.01955	0.00909	0.00761	0.00230	0.00714	0.00778	0.03146	0.11511

[dist]
# distance from previous block
# <min> <max>
0	6

[block]
# block no. 2 follows, 25 sequences, length 86
# corresponding to MSA columns:
# 164-249
name=unknown_C
#
# <colnr> <probs for GDERKNQSTAVLIFYWHMCP>
#	G	D	E	R	K	N	Q	S	T	A	V	L	I	F	Y	W	H	M	C	P
0	0.07381	0.03177	0.43539	0.02029	0.02885	0.04579	0.04283	0.02470	0.01626	0.07061	0.01435	0.01691	0.01055	0.00824	0.00948	0.00251	0.09945	0.00593	0.00394	0.03835
1	0.04635	0.01549	0.01771	0.01402	0.01943	0.01559	0.01138	0.21256	0.10594	0.23604	0.02396	0.02312	0.01686	0.00902	0.00717	0.00218	0.00661	0.00712	0.10352	0.10594
2	0.01743	0.01872	0.05520	0.02536	0.07624	0.01652	0.32844	0.02257	0.01705	0.02465	0.01457	0.01875	0.01155	0.00673	0.00876	0.00213	0.05088	0.00717	0.00409	0.27318
3	0.01475	0.01170	0.01391	0.01186	0.01606	0.01014	0.00912	0.08002	0.01821	0.02605	0.06146	0.23791	0.04942	0.01351	0.00775	0.00211	0.00555	0.04377	0.00612	0.36056
4	0.02786	0.02092	0.02236	0.01751	0.02343	0.02329	0.01435	0.55627	0.13610	0.04626	0.02067	0.02025	0.01485	0.00950	0.00778	0.00237	0.00815	0.00726	0.00778	0.01304
5	0.01861	0.01784	0.03043	0.13124	0.59999	0.01827	0.02351	0.02329	0.01738	0.02463	0.01448	0.01938	0.01204	0.00702	0.00769	0.00234	0.00935	0.00691	0.00379	0.01182
6	0.78228	0.01499	0.01140	0.01020	0.01499	0.01739	0.00840	0.02279	0.01320	0.03479	0.01080	0.01260	0.00840	0.00720	0.00480	0.00240	0.00600	0.00420	0.00480	0.00840
7	0.01688	0.01670	0.03055	0.40157	0.14152	0.01831	0.19153	0.04629	0.01739	0.02311	0.01460	0.02044	0.01112	0.00736	0.00812	0.00254	0.01084	0.00751	0.00380	0.00983
8	0.01567	0.03532	0.55754	0.11033	0.06300	0.01797	0.04563	0.02393	0.01637	0.02400	0.01398	0.01716	0.01005	0.00737	0.00748	0.00247	0.01127	0.00602	0.00334	0.01110
9	0.00945	0.00675	0.00900	0.01080	0.01125	0.00630	0.00720	0.01080	0.01484	0.01979	0.04274	0.72245	0.05128	0.02429	0.00990	0.00315	0.00450	0.02204	0.00720	0.00630
10	0.00916	0.00785	0.00785	0.00785	0.01047	0.00655	0.00589	0.01113	0.01767	0.02095	0.07855	0.07462	0.67599	0.01964	0.00916	0.00262	0.00393	0.01636	0.00720	0.00655
11	0.12391	0.02601	0.02114	0.01755	0.02276	0.25693	0.01395	0.33837	0.04792	0.03619	0.01572	0.01656	0.01179	0.00862	0.00712	0.00223	0.01003	0.00599	0.00608	0.01109
12	0.00983	0.00702	0.00944	0.01124	0.01186	0.00663	0.00787	0.01146	0.01522	0.02022	0.04252	0.64213	0.05044	0.02393	0.01000	0.00320	0.00483	0.09856	0.00719	0.00640
13	0.01107	0.00807	0.01050	0.01030	0.01218	0.00750	0.00800	0.01458	0.02100	0.02912	0.53319	0.06369	0.11458	0.01699	0.00938	0.00262	0.00421	0.10756	0.00822	0.00723
14	0.03021	0.01651	0.01962	0.01530	0.02102	0.01673	0.01254	0.28411	0.06822	0.34763	0.06564	0.02537	0.02039	0.00992	0.00787	0.00239	0.00717	0.00791	0.00868	0.01277
15	0.68595	0.10571	0.01509	0.01058	0.01562	0.01907	0.00901	0.02285	0.01352	0.03269	0.01079	0.01258	0.00859	0.00713	0.00482	0.00231	0.00629	0.00419	0.00461	0.00859
16	0.03297	0.04363	0.01918	0.01411	0.02004	0.01335	0.01170	0.06982	0.06239	0.58315	0.02920	0.02556	0.01877	0.00952	0.00768	0.00238	0.00674	0.00766	0.00913	0.01300
17	0.01830	0.02092	0.04575	0.03268	0.04052	0.01961	0.65098	0.02484	0.01830	0.02484	0.01569	0.02092	0.01176	0.00654	0.00915	0.00261	0.01307	0.00915	0.00392	0.01046
18	0.01554	0.01480	0.02442	0.53349	0.13277	0.01821	0.02126	0.02020	0.01533	0.02040	0.01343	0.02000	0.01058	0.00838	0.00998	0.00265	0.09911	0.00688	0.00349	0.00909
19	0.01537	0.01442	0.02341	0.59485	0.04870	0.01758	0.04489	0.02271	0.09779	0.02160	0.01610	0.02173	0.01208	0.00805	0.00782	0.00259	0.00991	0.00722	0.00403	0.00915
20	0.00945	0.00675	0.00900	0.01080	0.01125	0.00630	0.00720	0.01080	0.01484	0.01979	0.04274	0.72245	0.05128	0.02429	0.00990	0.00315	0.00450	0.02204	0.00720	0.00630
21	0.04360	0.03446	0.53423	0.02033	0.03030	0.01770	0.02472	0.02749	0.09872	0.07048	0.01717	0.01851	0.01216	0.00791	0.00737	0.00247	0.01027	0.00620	0.00434	0.01157
22	0.02069	0.60493	0.03751	0.01452	0.02017	0.06501	0.01383	0.02305	0.01559	0.01833	0.01077	0.01309	0.00998	0.00758	0.00767	0.00190	0.09777	0.00452	0.00336	0.00971
23	0.02026	0.01672	0.01777	0.01578	0.02030	0.01917	0.01234	0.06477	0.61675	0.05745	0.03102	0.02843	0.02310	0.01044	0.00788	0.00261	0.00625	0.00866	0.00795	0.01234
24	0.78228	0.01499	0.01140	0.01020	0.01499	0.01739	0.00840	0.02279	0.01320	0.03479	0.01080	0.01260	0.00840	0.00720	0.00480	0.00240	0.00600	0.00420	0.00480	0.00840
25	0.01729	0.01672	0.02464	0.37348	0.23212	0.05947	0.02051	0.02381	0.08521	0.02284	0.01672	0.02298	0.01347	0.00828	0.00780	0.00250	0.00968	0.02823	0.00419	0.01006
26	0.01399	0.00859	0.01133	0.01027	0.01262	0.00783	0.00783	0.01756	0.02198	0.11374	0.59353	0.05393	0.06633	0.01506	0.00897	0.00243	0.00403	0.01323	0.00867	0.00806
27	0.00945	0.00675	0.00900	0.01080	0.01125	0.00630	0.00720	0.01080	0.01484	0.01979	0.04274	0.72245	0.05128	0.02429	0.00990	0.00315	0.00450	0.02204	0.00720	0.00630
28	0.11865	0.07349	0.02259	0.01695	0.02193	0.09834	0.01396	0.34534	0.07173	0.03697	0.01629	0.01745	0.01240	0.00928	0.00914	0.00239	0.08931	0.00632	0.00616	0.01129
29	0.01669	0.01700	0.02747	0.02229	0.02414	0.02150	0.15470	0.01955	0.01333	0.01995	0.01240	0.01912	0.01141	0.01631	0.08629	0.00409	0.49398	0.00745	0.00358	0.00876
30	0.01830	0.02092	0.04575	0.03268	0.04052	0.01961	0.65098	0.02484	0.01830	0.02484	0.01569	0.02092	0.01176	0.00654	0.00915	0.00261	0.01307	0.00915	0.00392	0.01046
31	0.78228	0.01499	0.01140	0.01020	0.01499	0.01739	0.00840	0.02279	0.01320	0.03479	0.01080	0.01260	0.00840	0.00720	0.00480	0.00240	0.00600	0.00420	0.00480	0.00840
32	0.01571	0.06179	0.66707	0.02182	0.03313	0.01840	0.02817	0.02451	0.01635	0.02436	0.01382	0.01625	0.00983	0.00734	0.00729	0.00243	0.01136	0.00568	0.00328	0.01141
33	0.01830	0.02092	0.04575	0.03268	0.04052	0.01961	0.65098	0.02484	0.01830	0.02484	0.01569	0.02092	0.01176	0.00654	0.00915	0.00261	0.01307	0.00915	0.00392	0.01046
34	0.01128	0.00752	0.00846	0.00846	0.00846	0.00752	0.00470	0.01128	0.01128	0.01503	0.02443	0.05074	0.02819	0.72751	0.03946	0.00752	0.00752	0.01128	0.00470	0.00470
35	0.02025	0.64170	0.03849	0.01416	0.01996	0.02980	0.01373	0.02264	0.01526	0.01829	0.01070	0.01301	0.00998	0.00751	0.00756	0.00188	0.09747	0.00448	0.00333	0.00976
36	0.02722	0.05492	0.02286	0.01968	0.02339	0.54663	0.01516	0.06997	0.02145	0.02087	0.01215	0.01462	0.01022	0.00874	0.00931	0.00219	0.10191	0.00532	0.00414	0.00923
37	0.01289	0.00892	0.01205	0.01329	0.01534	0.00866	0.01143	0.01624	0.01816	0.04886	0.07123	0.08231	0.12232	0.02051	0.01034	0.00336	0.00658	0.50291	0.00730	0.00731
38	0.01177	0.00868	0.01149	0.01284	0.01479	0.00839	0.01099	0.01502	0.01794	0.02300	0.06860	0.08393	0.17332	0.02088	0.01035	0.00334	0.00638	0.48407	0.00720	0.00702
39	0.01758	0.01942	0.03967	0.02921	0.03518	0.01969	0.49770	0.02293	0.01691	0.02341	0.01607	0.05713	0.01355	0.00880	0.01226	0.00279	0.14445	0.00938	0.00399	0.00987
40	0.65444	0.04513	0.01694	0.01317	0.01842	0.01822	0.08988	0.02307	0.01395	0.03285	0.01141	0.01364	0.00889	0.00709	0.00536	0.00240	0.00699	0.00482	0.00463	0.00872
41	0.00941	0.00689	0.00885	0.01042	0.01115	0.00633	0.00703	0.01084	0.01520	0.01994	0.04726	0.64050	0.13030	0.02370	0.00980	0.00308	0.00443	0.02132	0.00720	0.00633
42	0.01832	0.40997	0.34171	0.01738	0.02626	0.02478	0.02043	0.02384	0.01604	0.02118	0.01224	0.01427	0.00989	0.00697	0.00609	0.00203	0.00977	0.00488	0.00330	0.01065
43	0.01989	0.01974	0.03080	0.04563	0.63253	0.06665	0.02317	0.02431	0.01796	0.02488	0.01440	0.01882	0.01212	0.00699	0.00763	0.00228	0.00955	0.00677	0.00385	0.01205
44	0.00993	0.00810	0.00893	0.00934	0.01177	0.00710	0.00742	0.01227	0.01771	0.02147	0.06988	0.07759	0.53008	0.02005	0.00952	0.00284	0.00467	0.15748	0.00719	0.00668
45	0.04852	0.40383	0.29270	0.01689	0.02524	0.05275	0.01919	0.02405	0.01615	0.02139	0.01206	0.01405	0.00984	0.00700	0.00599	0.00201	0.00968	0.00480	0.00339	0.01044
46	0.02947	0.02172	0.02327	0.01784	0.02404	0.02404	0.01474	0.65329	0.03646	0.04887	0.01862	0.01862	0.01319	0.00931	0.00776	0.00233	0.00853	0.00698	0.00776	0.01319
47	0.02107	0.70369	0.03987	0.01354	0.02007	0.05795	0.01334	0.02353	0.01601	0.01827	0.01083	0.01250	0.00995	0.00669	0.00506	0.00167	0.00853	0.00418	0.00334	0.00991
48	0.00945	0.00675	0.00900	0.01080	0.01125	0.00630	0.00720	0.01080	0.01484	0.01979	0.04274	0.72245	0.05128	0.02429	0.00990	0.00315	0.00450	0.02204	0.00720	0.00630
49	0.66247	0.07393	0.01446	0.01095	0.01593	0.01880	0.00918	0.04679	0.03972	0.03386	0.01189	0.01344	0.00930	0.00736	0.00504	0.00234	0.00628	0.00448	0.00491	0.00885
50	0.01094	0.00796	0.01032	0.00984	0.01171	0.00734	0.00745	0.01451	0.02155	0.03023	0.61725	0.06002	0.10386	0.01628	0.00921	0.00249	0.00382	0.03952	0.00841	0.00727
51	0.03383	0.01341	0.01797	0.01392	0.01982	0.01188	0.01145	0.03800	0.06191	0.64423	0.03065	0.02655	0.01947	0.00965	0.00780	0.00241	0.00657	0.00786	0.00949	0.01314
52	0.02117	0.69540	0.03964	0.01362	0.02012	0.06589	0.01336	0.02363	0.01608	0.01828	0.01084	0.01252	0.00995	0.00671	0.00508	0.00168	0.00859	0.00419	0.00335	0.00990
53	0.01919	0.01842	0.03147	0.04759	0.67914	0.01842	0.02380	0.02380	0.01765	0.02533	0.01458	0.01919	0.01228	0.00691	0.00768	0.00230	0.00921	0.00691	0.00384	0.01228
54	0.00945	0.00675	0.00900	0.01080	0.01125	0.00630	0.00720	0.01080	0.01484	0.01979	0.04274	0.72245	0.05128	0.02429	0.00990	0.00315	0.00450	0.02204	0.00720	0.00630
55	0.00945	0.00675	0.00900	0.01080	0.01125	0.00630	0.00720	0.01080	0.01484	0.01979	0.04274	0.72245	0.05128	0.02429	0.00990	0.00315	0.00450	0.02204	0.00720	0.00630
56	0.02894	0.02145	0.02297	0.01773	0.02384	0.02379	0.01461	0.62091	0.06971	0.04800	0.01930	0.01916	0.01374	0.00937	0.00776	0.00234	0.00841	0.00708	0.00776	0.01314
57	0.01569	0.03926	0.66178	0.02309	0.05871	0.01802	0.02846	0.02453	0.01642	0.02459	0.01394	0.01648	0.00992	0.00735	0.00738	0.00245	0.01137	0.00578	0.00330	0.01149
58	0.00945	0.00675	0.00900	0.01080	0.01125	0.00630	0.00720	0.01080	0.01484	0.01979	0.04274	0.72245	0.05128	0.02429	0.00990	0.00315	0.00450	0.02204	0.00720	0.00630
59	0.01555	0.04011	0.68733	0.02210	0.03356	0.01801	0.02865	0.02455	0.01637	0.02455	0.01391	0.01637	0.00982	0.00737	0.00737	0.00246	0.01146	0.00573	0.00327	0.01146
60	0.02717	0.01975	0.02108	0.01649	0.02208	0.02182	0.01351	0.54638	0.06734	0.04565	0.02008	0.02037	0.01453	0.00934	0.00749	0.00228	0.00783	0.00710	0.09726	0.01244
61	0.01608	0.01378	0.01608	0.01148	0.01837	0.01034	0.00919	0.01952	0.01608	0.02527	0.01378	0.01608	0.01148	0.00574	0.00574	0.00115	0.00574	0.00459	0.00459	0.77491
62	0.02493	0.01719	0.01955	0.01465	0.02110	0.01654	0.01198	0.30169	0.02602	0.13944	0.01856	0.01882	0.01345	0.00792	0.00695	0.00186	0.00711	0.00615	0.00678	0.31933
63	0.01347	0.00673	0.01010	0.01010	0.01010	0.00673	0.00673	0.01010	0.01010	0.01347	0.01347	0.02357	0.01347	0.02694	0.03030	0.77441	0.00673	0.00673	0.00337	0.00337
64	0.01347	0.00673	0.01010	0.01010	0.01010	0.00673	0.00673	0.01010	0.01010	0.01347	0.01347	0.02357	0.01347	0.02694	0.03030	0.77441	0.00673	0.00673	0.00337	0.00337
65	0.01608	0.01378	0.01608	0.01148	0.01837	0.01034	0.00919	0.01952	0.01608	0.02527	0.01378	0.01608	0.01148	0.00574	0.00574	0.00115	0.00574	0.00459	0.00459	0.77491
66	0.01310	0.00886	0.00979	0.00971	0.00990	0.00859	0.00555	0.01261	0.01242	0.01675	0.02584	0.05214	0.02935	0.70775	0.03925	0.00768	0.00806	0.01167	0.00528	0.00569
67	0.62042	0.01738	0.01487	0.01284	0.01794	0.01943	0.01033	0.14213	0.01865	0.03857	0.01407	0.01623	0.01103	0.00876	0.00615	0.00270	0.00706	0.00532	0.00593	0.01018
68	0.02079	0.01945	0.03214	0.04771	0.66109	0.01918	0.02409	0.02477	0.01862	0.02675	0.01628	0.02151	0.01390	0.00808	0.00839	0.00262	0.00971	0.00743	0.00444	0.01305
69	0.01150	0.00822	0.01043	0.01205	0.01270	0.00755	0.00811	0.01237	0.01589	0.02136	0.04298	0.65860	0.05079	0.04677	0.01150	0.00359	0.00533	0.04542	0.00762	0.00722
70	0.01736	0.01451	0.01675	0.01261	0.01909	0.01108	0.00979	0.02008	0.01701	0.02635	0.01729	0.06212	0.01558	0.00810	0.00677	0.00162	0.00626	0.00626	0.00534	0.70604
71	0.01523	0.00810	0.01139	0.01131	0.01149	0.00783	0.00753	0.01147	0.01128	0.01523	0.01520	0.02576	0.01505	0.02753	0.03036	0.75230	0.00730	0.00726	0.00398	0.00439
72	0.02085	0.02074	0.02948	0.20864	0.39561	0.10469	0.04838	0.02473	0.01865	0.02455	0.01580	0.02129	0.01310	0.00842	0.00838	0.00266	0.01075	0.00728	0.00437	0.01164
73	0.02575	0.01802	0.02088	0.10445	0.02618	0.01928	0.01453	0.28233	0.14949	0.13329	0.02861	0.03067	0.06202	0.01164	0.00870	0.00281	0.00818	0.03272	0.00794	0.01251
74	0.02038	0.02080	0.04049	0.03294	0.11857	0.02046	0.45210	0.02526	0.01846	0.04626	0.01697	0.02263	0.01349	0.00877	0.01169	0.00298	0.10282	0.00898	0.00462	0.01134
75	0.01944	0.02014	0.04113	0.03001	0.03705	0.01877	0.55140	0.02493	0.01899	0.02679	0.01857	0.02419	0.01442	0.00804	0.00935	0.00282	0.01226	0.00937	0.10150	0.01087
76	0.04220	0.09937	0.50850	0.02313	0.03334	0.02010	0.10551	0.02537	0.01746	0.02579	0.01548	0.01887	0.01172	0.00835	0.00802	0.00271	0.01164	0.00653	0.00403	0.01189
77	0.03154	0.01522	0.05926	0.01503	0.02067	0.01212	0.01259	0.03412	0.02173	0.54193	0.03233	0.11592	0.02409	0.01241	0.00874	0.00281	0.00720	0.00997	0.00934	0.01296
78	0.02033	0.02219	0.11510	0.04449	0.57943	0.01913	0.02471	0.02487	0.01845	0.02665	0.01620	0.02115	0.01359	0.00814	0.00835	0.00264	0.00999	0.00728	0.00437	0.01295
79	0.05379	0.01454	0.01763	0.01459	0.01945	0.01377	0.01150	0.12760	0.04684	0.38006	0.05557	0.11634	0.02568	0.01268	0.00860	0.00278	0.00689	0.01010	0.04928	0.01233
80	0.11484	0.03322	0.48296	0.02173	0.06408	0.01782	0.02405	0.02511	0.01759	0.05151	0.05671	0.02137	0.01571	0.00909	0.00790	0.00275	0.01042	0.00674	0.00467	0.01171
81	0.02320	0.35937	0.06057	0.02215	0.10766	0.02486	0.09641	0.04575	0.01849	0.09741	0.01623	0.01906	0.01331	0.00871	0.00839	0.00244	0.05302	0.00645	0.00492	0.01158
82	0.03148	0.01299	0.01772	0.05021	0.02100	0.01171	0.01168	0.03534	0.04586	0.57924	0.07498	0.02840	0.02268	0.00997	0.00789	0.00242	0.00657	0.00822	0.00913	0.01251
83	0.03187	0.01814	0.10305	0.01531	0.02190	0.04876	0.01388	0.05685	0.02193	0.54418	0.02709	0.02420	0.01732	0.00922	0.00770	0.00238	0.00767	0.00736	0.00844	0.01275
84	0.01955	0.01515	0.02482	0.35437	0.20686	0.01652	0.04048	0.04218	0.01794	0.13041	0.01804	0.02390	0.01381	0.00840	0.00791	0.00252	0.00934	0.03252	0.00484	0.01044
85	0.03073	0.01612	0.05972	0.01496	0.02106	0.01411	0.01288	0.09005	0.12306	0.48805	0.02869	0.02550	0.01880	0.00958	0.00778	0.00243	0.00699	0.00775	0.00878	0.01294

[dist]
# distance from previous block
# <min> <max>
4	13

[block]
# block no. 3 follows, 25 sequences, length 21
# corresponding to MSA columns:
# 263-283
name=unknown_D
#
# <colnr> <probs for GDERKNQSTAVLIFYWHMCP>
#	G	D	E	R	K	N	Q	S	T	A	V	L	I	F	Y	W	H	M	C	P
0	0.29665	0.01597	0.02086	0.20601	0.20875	0.01799	0.01658	0.04694	0.05357	0.02861	0.01412	0.01772	0.01104	0.00754	0.00666	0.00243	0.00813	0.00603	0.00447	0.00993
1	0.35632	0.03781	0.05123	0.05372	0.02105	0.01846	0.01233	0.19259	0.02084	0.09704	0.03258	0.01800	0.01301	0.01014	0.03221	0.00275	0.00782	0.00592	0.00592	0.01026
2	0.21488	0.01698	0.01830	0.01460	0.01996	0.01827	0.01199	0.23662	0.06068	0.17557	0.01902	0.01905	0.01354	0.00890	0.00802	0.00235	0.05293	0.00636	0.00687	0.07511
3	0.32892	0.01657	0.01990	0.08731	0.19978	0.01828	0.01485	0.11733	0.04287	0.03268	0.04299	0.01863	0.01374	0.00799	0.00660	0.00239	0.00756	0.00620	0.00513	0.01028
4	0.14647	0.01525	0.02172	0.33196	0.15654	0.01726	0.01778	0.08102	0.01793	0.05937	0.01815	0.02198	0.04625	0.00837	0.00732	0.00247	0.00870	0.00700	0.00466	0.00981
5	0.02366	0.02487	0.03133	0.02402	0.02994	0.20281	0.26141	0.17597	0.02315	0.02866	0.01498	0.01805	0.01152	0.00796	0.00902	0.00236	0.05236	0.00717	0.00486	0.04591
6	0.14271	0.01675	0.02623	0.19949	0.42119	0.01797	0.02074	0.02268	0.01641	0.02556	0.01377	0.01847	0.01118	0.00716	0.00722	0.00239	0.00896	0.00646	0.00390	0.01077
7	0.01126	0.01084	0.07385	0.01101	0.01362	0.00822	0.00931	0.01520	0.02074	0.02939	0.55222	0.11780	0.06511	0.01586	0.00905	0.00251	0.00447	0.01401	0.00791	0.00761
8	0.00916	0.00785	0.00785	0.00785	0.01047	0.00655	0.00589	0.01113	0.01767	0.02095	0.07855	0.07462	0.67599	0.01964	0.00916	0.00262	0.00393	0.01636	0.00720	0.00655
9	0.02036	0.01447	0.01621	0.01413	0.01813	0.01566	0.01105	0.14285	0.29228	0.10389	0.12711	0.09635	0.03119	0.01223	0.00811	0.00253	0.00596	0.01031	0.04621	0.01097
10	0.02856	0.02186	0.02225	0.01736	0.02316	0.06676	0.01421	0.57565	0.03433	0.04575	0.01858	0.01892	0.01337	0.00921	0.00757	0.00228	0.00860	0.00687	0.05217	0.01256
11	0.00953	0.00787	0.00837	0.00824	0.01070	0.00670	0.00618	0.01184	0.01854	0.02302	0.20020	0.07121	0.55305	0.01886	0.00916	0.00258	0.00387	0.01589	0.00747	0.00670
12	0.01608	0.01378	0.01608	0.01148	0.01837	0.01034	0.00919	0.01952	0.01608	0.02527	0.01378	0.01608	0.01148	0.00574	0.00574	0.00115	0.00574	0.00459	0.00459	0.77491
13	0.03048	0.03921	0.01763	0.01313	0.01849	0.01147	0.01082	0.03356	0.02191	0.55575	0.13230	0.03088	0.02743	0.01048	0.00791	0.00238	0.00619	0.00865	0.00919	0.01214
14	0.01032	0.00790	0.00946	0.00907	0.01118	0.00704	0.00680	0.01337	0.02040	0.02743	0.45957	0.06395	0.29093	0.01722	0.00915	0.00250	0.00376	0.01487	0.00805	0.00704
15	0.01073	0.00776	0.01003	0.00985	0.01134	0.00732	0.00714	0.01361	0.01922	0.02682	0.46314	0.14103	0.09049	0.08673	0.05679	0.00367	0.00525	0.01452	0.00766	0.00688
16	0.06317	0.01789	0.01960	0.01573	0.02061	0.01972	0.01268	0.43466	0.06043	0.06581	0.01954	0.02224	0.01509	0.05286	0.07540	0.04989	0.00920	0.00730	0.00692	0.01128
17	0.01728	0.01652	0.02778	0.30436	0.39393	0.01828	0.02249	0.02192	0.01646	0.02276	0.01400	0.01963	0.01139	0.00765	0.00880	0.00248	0.05310	0.00689	0.00366	0.01061
18	0.64981	0.07244	0.01406	0.01066	0.01546	0.01805	0.00892	0.04212	0.01467	0.03367	0.05203	0.01557	0.01267	0.00775	0.00517	0.00234	0.00612	0.00489	0.00500	0.00861
19	0.60018	0.01626	0.05383	0.10530	0.02150	0.01715	0.01151	0.02315	0.01409	0.06047	0.01225	0.01451	0.00921	0.00739	0.00548	0.00243	0.00694	0.00481	0.00473	0.00882
20	0.02197	0.50896	0.09161	0.01581	0.02271	0.06257	0.05196	0.06358	0.01795	0.06105	0.01306	0.01456	0.01080	0.00710	0.00587	0.00188	0.00905	0.00501	0.00404	0.01045

[dist]
# distance from previous block
# <min> <max>
0	3

[block]
# block no. 4 follows, 25 sequences, length 86
# corresponding to MSA columns:
# 287-372
name=unknown_E
#
# <colnr> <probs for GDERKNQSTAVLIFYWHMCP>
#	G	D	E	R	K	N	Q	S	T	A	V	L	I	F	Y	W	H	M	C	P
0	0.12345	0.01763	0.01978	0.01566	0.02106	0.01896	0.03789	0.35172	0.06317	0.13288	0.02132	0.04550	0.01585	0.00955	0.00733	0.00236	0.00744	0.00748	0.06928	0.01169
1	0.02138	0.56256	0.10384	0.01512	0.02187	0.12430	0.01508	0.02446	0.01670	0.01899	0.01127	0.01306	0.00994	0.00690	0.00551	0.00179	0.00943	0.00443	0.00341	0.00997
2	0.01016	0.00710	0.00950	0.01095	0.01161	0.00672	0.00763	0.01164	0.01536	0.02056	0.09154	0.54213	0.04960	0.05117	0.01209	0.04115	0.00493	0.08290	0.00701	0.00626
3	0.01952	0.01945	0.02987	0.11246	0.56265	0.07313	0.02285	0.02397	0.01779	0.02426	0.01429	0.01892	0.01190	0.00708	0.00763	0.00231	0.00971	0.00675	0.00381	0.01164
4	0.01716	0.01442	0.01666	0.01200	0.01883	0.01144	0.00964	0.07078	0.01773	0.02717	0.01417	0.01628	0.01162	0.00603	0.00591	0.00124	0.00597	0.00479	0.00485	0.71330
5	0.78228	0.01499	0.01140	0.01020	0.01499	0.01739	0.00840	0.02279	0.01320	0.03479	0.01080	0.01260	0.00840	0.00720	0.00480	0.00240	0.00600	0.00420	0.00480	0.00840
6	0.02034	0.01217	0.01369	0.01281	0.05103	0.01264	0.00939	0.18819	0.02217	0.08702	0.02336	0.02544	0.01763	0.00903	0.00636	0.00202	0.00547	0.00719	0.46450	0.00957
7	0.00962	0.00682	0.00895	0.01057	0.01098	0.00641	0.00696	0.01084	0.01451	0.01934	0.04100	0.65872	0.04909	0.09101	0.01270	0.00356	0.00478	0.02102	0.00696	0.00615
8	0.01233	0.00972	0.01143	0.01180	0.01368	0.01003	0.00851	0.01970	0.19513	0.02484	0.12470	0.39292	0.09679	0.01903	0.00919	0.00287	0.00479	0.01689	0.00756	0.00810
9	0.01062	0.00771	0.01005	0.01013	0.01168	0.00713	0.00748	0.01368	0.01996	0.02771	0.47515	0.20969	0.09358	0.01819	0.00939	0.00266	0.00403	0.04600	0.00811	0.00704
10	0.01098	0.00867	0.01234	0.01286	0.01399	0.00870	0.04382	0.01397	0.05484	0.02092	0.03905	0.58712	0.04534	0.02189	0.01045	0.00311	0.03660	0.04143	0.00689	0.00702
11	0.01172	0.00878	0.01120	0.01001	0.01258	0.00776	0.00759	0.01535	0.02109	0.03024	0.57836	0.05180	0.06414	0.01437	0.00865	0.00225	0.00396	0.01264	0.00796	0.11955
12	0.02947	0.02172	0.02327	0.01784	0.02404	0.02404	0.01474	0.65329	0.03646	0.04887	0.01862	0.01862	0.01319	0.00931	0.00776	0.00233	0.00853	0.00698	0.00776	0.01319
13	0.02887	0.01946	0.02133	0.01655	0.02239	0.02110	0.01361	0.50562	0.05880	0.13363	0.02118	0.02072	0.01484	0.00938	0.00762	0.00232	0.00787	0.00718	0.05473	0.01279
14	0.00981	0.00701	0.00940	0.01111	0.01174	0.00660	0.00774	0.01147	0.01541	0.02056	0.06607	0.63381	0.05142	0.02369	0.00995	0.00316	0.00473	0.08265	0.00724	0.00642
15	0.01555	0.04011	0.68733	0.02210	0.03356	0.01801	0.02865	0.02455	0.01637	0.02455	0.01391	0.01637	0.00982	0.00737	0.00737	0.00246	0.01146	0.00573	0.00327	0.01146
16	0.01161	0.00800	0.01038	0.00992	0.01180	0.00732	0.00738	0.01492	0.02102	0.05350	0.55765	0.12526	0.09852	0.01667	0.00917	0.00252	0.00387	0.01472	0.00837	0.00739
17	0.01439	0.01302	0.02138	0.53543	0.04387	0.01585	0.03849	0.01880	0.01511	0.02004	0.01626	0.04947	0.01387	0.06687	0.01110	0.00300	0.04078	0.00789	0.04623	0.00819
18	0.02118	0.60058	0.09205	0.01471	0.02146	0.10091	0.01472	0.02416	0.01647	0.01884	0.01117	0.01293	0.00994	0.00684	0.00539	0.00176	0.00916	0.00437	0.00339	0.00997
19	0.06766	0.01549	0.01811	0.01606	0.04895	0.01623	0.01223	0.08362	0.29851	0.27003	0.02981	0.02734	0.04057	0.01004	0.00771	0.00250	0.00654	0.00818	0.00813	0.01228
20	0.13298	0.07024	0.02147	0.01781	0.02232	0.48396	0.01380	0.07712	0.02153	0.05293	0.01308	0.01461	0.01042	0.00798	0.00667	0.00208	0.01182	0.00511	0.00460	0.00947
21	0.25440	0.01172	0.01101	0.00988	0.01313	0.01284	0.00777	0.10807	0.01778	0.03252	0.01966	0.02343	0.01573	0.04212	0.03175	0.00270	0.00583	0.00647	0.36491	0.00830
22	0.01708	0.01689	0.03179	0.26533	0.04002	0.01824	0.28789	0.02283	0.04068	0.04603	0.01691	0.05534	0.01375	0.00881	0.01027	0.00270	0.08296	0.00869	0.00421	0.00957
23	0.00945	0.00675	0.00900	0.01080	0.01125	0.00630	0.00720	0.01080	0.01484	0.01979	0.04274	0.72245	0.05128	0.02429	0.00990	0.00315	0.00450	0.02204	0.00720	0.00630
24	0.00962	0.00718	0.00888	0.01014	0.01120	0.00656	0.00706	0.01119	0.01560	0.02009	0.05111	0.49446	0.21036	0.05067	0.01092	0.00321	0.00462	0.05370	0.00710	0.00634
25	0.01696	0.01696	0.02375	0.02036	0.02036	0.02375	0.01696	0.01866	0.01187	0.01866	0.01018	0.01696	0.01018	0.01357	0.02545	0.00339	0.71332	0.00679	0.00339	0.00848
26	0.01496	0.01313	0.02095	0.51452	0.06387	0.01619	0.01859	0.01956	0.01539	0.02138	0.01538	0.02165	0.01194	0.00843	0.00887	0.00252	0.06879	0.00694	0.12846	0.00850
