[name]
unknown

[dist]
# distance from previous block
# <min> <max>
0	10

[block]
# block no. 0 follows, 24 sequences, length 15
# corresponding to MSA columns:
# 10-24
name=unknown_A
#
# <colnr> <probs for GDERKNQSTAVLIFYWHMCP>
#	G	D	E	R	K	N	Q	S	T	A	V	L	I	F	Y	W	H	M	C	P
0	0.01278	0.00913	0.01278	0.01460	0.01643	0.00913	0.01278	0.01643	0.01825	0.02373	0.04199	0.08945	0.04564	0.02191	0.01095	0.00365	0.00730	0.61847	0.00730	0.00730
1	0.03362	0.01663	0.02035	0.01560	0.02181	0.01631	0.01289	0.25714	0.02795	0.45143	0.02687	0.02413	0.01742	0.00971	0.00796	0.00243	0.00746	0.00767	0.00914	0.01349
2	0.01741	0.01452	0.04807	0.01518	0.01864	0.01390	0.04597	0.22539	0.02327	0.03138	0.06762	0.37408	0.03641	0.01740	0.00918	0.00283	0.00676	0.01540	0.00725	0.00935
3	0.01317	0.01050	0.01261	0.01313	0.01486	0.01131	0.00957	0.02107	0.21116	0.02429	0.03883	0.45269	0.04188	0.01999	0.01016	0.00309	0.03297	0.04288	0.00742	0.00843
4	0.01478	0.00739	0.00739	0.00739	0.00924	0.00739	0.00554	0.01848	0.01663	0.02956	0.02587	0.02956	0.02033	0.00924	0.00554	0.00185	0.00370	0.00739	0.76534	0.00739
5	0.01139	0.00825	0.01149	0.01149	0.01248	0.00923	0.00835	0.01336	0.01237	0.01748	0.02238	0.03748	0.02257	0.26139	0.49173	0.01120	0.01711	0.00942	0.00442	0.00639
6	0.02344	0.02871	0.01807	0.01665	0.02030	0.48118	0.01249	0.02548	0.02113	0.02002	0.03303	0.03322	0.21108	0.01181	0.00783	0.00224	0.01116	0.00865	0.00509	0.00843
7	0.01603	0.01429	0.02298	0.19444	0.32033	0.01514	0.01782	0.01944	0.01553	0.02133	0.01779	0.02984	0.01704	0.22518	0.01779	0.00405	0.00917	0.00842	0.00410	0.00929
8	0.54589	0.01718	0.02237	0.01744	0.02330	0.01848	0.20215	0.02395	0.01509	0.03247	0.01257	0.01548	0.00964	0.00715	0.00627	0.00252	0.00834	0.00584	0.00463	0.00923
9	0.01313	0.00759	0.00759	0.00759	0.00969	0.00718	0.00569	0.01631	0.01707	0.02708	0.04248	0.04383	0.21811	0.01255	0.00671	0.00210	0.00379	0.01024	0.53409	0.00718
10	0.54304	0.01311	0.01055	0.00970	0.01392	0.01440	0.00781	0.01967	0.01489	0.03126	0.03218	0.03223	0.20995	0.01124	0.00627	0.00252	0.00549	0.00809	0.00566	0.00801
11	0.04645	0.11908	0.22657	0.02072	0.02860	0.04244	0.11375	0.21369	0.02322	0.03184	0.01679	0.05060	0.01338	0.00875	0.00764	0.00241	0.01019	0.00729	0.00512	0.01147
12	0.01597	0.01398	0.02098	0.20071	0.22546	0.01524	0.01624	0.02170	0.09890	0.02219	0.02004	0.03116	0.01853	0.22567	0.01782	0.00410	0.00878	0.00867	0.00463	0.00923
13	0.01093	0.00757	0.00943	0.00999	0.01034	0.00764	0.00634	0.01177	0.01283	0.01731	0.03014	0.25146	0.03470	0.41047	0.12767	0.00708	0.00876	0.01444	0.00550	0.00564
14	0.01815	0.46795	0.03061	0.01318	0.01789	0.06079	0.01177	0.02031	0.01619	0.01918	0.02106	0.22741	0.02307	0.01237	0.00674	0.00218	0.00762	0.00987	0.00464	0.00898

[dist]
# distance from previous block
# <min> <max>
0	2

[block]
# block no. 1 follows, 24 sequences, length 70
# corresponding to MSA columns:
# 27-96
name=unknown_B
#
# <colnr> <probs for GDERKNQSTAVLIFYWHMCP>
#	G	D	E	R	K	N	Q	S	T	A	V	L	I	F	Y	W	H	M	C	P
0	0.02022	0.05635	0.05593	0.04106	0.52126	0.04259	0.02218	0.05753	0.01901	0.02676	0.01539	0.01946	0.01272	0.00735	0.00755	0.00229	0.00929	0.00683	0.04414	0.01207
1	0.02965	0.03696	0.02254	0.02031	0.02452	0.65388	0.01531	0.06452	0.02326	0.02104	0.01262	0.01455	0.01039	0.00824	0.00719	0.00206	0.01400	0.00522	0.00429	0.00942
2	0.02462	0.05875	0.06204	0.03047	0.29189	0.04489	0.01921	0.23039	0.04760	0.08621	0.01788	0.01968	0.01351	0.00828	0.00771	0.00235	0.00911	0.00695	0.00581	0.01265
3	0.02205	0.59177	0.03773	0.01509	0.04389	0.06060	0.01372	0.02473	0.01685	0.05398	0.01245	0.01400	0.01085	0.00697	0.00548	0.00175	0.00856	0.00460	0.00385	0.05106
4	0.02120	0.72609	0.04155	0.01357	0.02035	0.03138	0.01357	0.02374	0.01611	0.01866	0.01102	0.01272	0.01018	0.00678	0.00509	0.00170	0.00848	0.00424	0.00339	0.01018
5	0.03159	0.01761	0.02072	0.01598	0.02200	0.01796	0.01316	0.34314	0.03003	0.32802	0.05787	0.02464	0.01938	0.01000	0.00802	0.00242	0.00759	0.00788	0.00881	0.01318
6	0.01478	0.00739	0.00739	0.00739	0.00924	0.00739	0.00554	0.01848	0.01663	0.02956	0.02587	0.02956	0.02033	0.00924	0.00554	0.00185	0.00370	0.00739	0.76534	0.00739
7	0.01142	0.00889	0.01327	0.11779	0.01940	0.00900	0.03801	0.01417	0.01676	0.02295	0.14372	0.42951	0.04633	0.01913	0.00938	0.00291	0.00572	0.01737	0.04706	0.00722
8	0.01264	0.00968	0.01224	0.01156	0.01175	0.01122	0.00792	0.01335	0.01181	0.01650	0.02165	0.04243	0.02405	0.49627	0.12301	0.00753	0.14583	0.01024	0.00447	0.00586
9	0.01723	0.01718	0.02426	0.05590	0.02256	0.02395	0.01759	0.01914	0.01234	0.01914	0.01060	0.01754	0.01042	0.01357	0.02509	0.00343	0.67096	0.00695	0.00347	0.00868
10	0.01718	0.01453	0.01684	0.01209	0.01910	0.01132	0.00970	0.05345	0.01756	0.02713	0.01436	0.01658	0.01184	0.00607	0.00598	0.00124	0.00603	0.00483	0.00487	0.72930
11	0.77733	0.01534	0.01166	0.01043	0.01534	0.01779	0.00859	0.02331	0.01350	0.03558	0.01104	0.01288	0.00859	0.00736	0.00491	0.00245	0.00613	0.00429	0.00491	0.00859
12	0.01123	0.00816	0.01061	0.01014	0.01204	0.00754	0.00770	0.01489	0.02204	0.03094	0.61013	0.06154	0.09818	0.01667	0.00944	0.00256	0.00394	0.04622	0.00860	0.00744
13	0.01644	0.01409	0.01644	0.01175	0.01879	0.01057	0.00940	0.01997	0.01644	0.02584	0.01409	0.01644	0.01175	0.00587	0.00587	0.00117	0.00587	0.00470	0.00470	0.76979
14	0.00937	0.00803	0.00803	0.00803	0.01071	0.00669	0.00602	0.01138	0.01807	0.02142	0.08033	0.07632	0.66863	0.02008	0.00937	0.00268	0.00402	0.01674	0.00736	0.00669
15	0.01153	0.00769	0.00865	0.00865	0.00865	0.00769	0.00480	0.01153	0.01153	0.01538	0.02499	0.05189	0.02883	0.72131	0.04036	0.00769	0.00769	0.01153	0.00480	0.00480
16	0.01735	0.01735	0.02429	0.02082	0.02082	0.02429	0.01735	0.01908	0.01214	0.01908	0.01041	0.01735	0.01041	0.01388	0.02602	0.00347	0.70680	0.00694	0.00347	0.00867
17	0.02120	0.72609	0.04155	0.01357	0.02035	0.03138	0.01357	0.02374	0.01611	0.01866	0.01102	0.01272	0.01018	0.00678	0.00509	0.00170	0.00848	0.00424	0.00339	0.01018
18	0.03558	0.01350	0.01840	0.01411	0.02024	0.01166	0.01166	0.03865	0.02270	0.67734	0.03128	0.02699	0.01963	0.00981	0.00797	0.00245	0.00675	0.00797	0.00981	0.01350
19	0.00966	0.00690	0.00920	0.01104	0.01150	0.00644	0.00736	0.01104	0.01518	0.02024	0.04371	0.71614	0.05245	0.02484	0.01012	0.00322	0.00460	0.02254	0.00736	0.00644
20	0.01963	0.01884	0.03219	0.04867	0.67185	0.01884	0.02434	0.02434	0.01806	0.02591	0.01492	0.01963	0.01256	0.00707	0.00785	0.00236	0.00942	0.00707	0.00393	0.01256
21	0.77733	0.01534	0.01166	0.01043	0.01534	0.01779	0.00859	0.02331	0.01350	0.03558	0.01104	0.01288	0.00859	0.00736	0.00491	0.00245	0.00613	0.00429	0.00491	0.00859
22	0.01377	0.00689	0.01033	0.01033	0.01033	0.00689	0.00689	0.01033	0.01033	0.01377	0.01377	0.02410	0.01377	0.02755	0.03099	0.76928	0.00689	0.00689	0.00344	0.00344
23	0.03014	0.02221	0.02380	0.01825	0.02459	0.02459	0.01507	0.64541	0.03728	0.04998	0.01904	0.01904	0.01349	0.00952	0.00793	0.00238	0.00873	0.00714	0.00793	0.01349
24	0.01478	0.00739	0.00739	0.00739	0.00924	0.00739	0.00554	0.01848	0.01663	0.02956	0.02587	0.02956	0.02033	0.00924	0.00554	0.00185	0.00370	0.00739	0.76534	0.00739
25	0.01478	0.00739	0.00739	0.00739	0.00924	0.00739	0.00554	0.01848	0.01663	0.02956	0.02587	0.02956	0.02033	0.00924	0.00554	0.00185	0.00370	0.00739	0.76534	0.00739
26	0.01775	0.01693	0.02880	0.31196	0.42320	0.01835	0.02340	0.02269	0.01717	0.02363	0.01459	0.02024	0.01176	0.00741	0.00788	0.00247	0.00988	0.00706	0.00376	0.01105
27	0.01963	0.01884	0.03219	0.04867	0.67185	0.01884	0.02434	0.02434	0.01806	0.02591	0.01492	0.01963	0.01256	0.00707	0.00785	0.00236	0.00942	0.00707	0.00393	0.01256
28	0.01498	0.01409	0.02378	0.70226	0.05462	0.01762	0.02202	0.02026	0.01586	0.02026	0.01409	0.02114	0.01057	0.00793	0.00793	0.00264	0.01057	0.00705	0.00352	0.00881
29	0.01972	0.01703	0.01793	0.01614	0.02062	0.01972	0.01255	0.04214	0.65752	0.03317	0.03228	0.02959	0.02421	0.01076	0.00807	0.00269	0.00628	0.00897	0.00807	0.01255
30	0.01972	0.01703	0.01793	0.01614	0.02062	0.01972	0.01255	0.04214	0.65752	0.03317	0.03228	0.02959	0.02421	0.01076	0.00807	0.00269	0.00628	0.00897	0.00807	0.01255
31	0.02120	0.72609	0.04155	0.01357	0.02035	0.03138	0.01357	0.02374	0.01611	0.01866	0.01102	0.01272	0.01018	0.00678	0.00509	0.00170	0.00848	0.00424	0.00339	0.01018
32	0.01153	0.00769	0.00865	0.00865	0.00865	0.00769	0.00480	0.01153	0.01153	0.01538	0.02499	0.05189	0.02883	0.72131	0.04036	0.00769	0.00769	0.01153	0.00480	0.00480
33	0.03014	0.02221	0.02380	0.01825	0.02459	0.02459	0.01507	0.64541	0.03728	0.04998	0.01904	0.01904	0.01349	0.00952	0.00793	0.00238	0.00873	0.00714	0.00793	0.01349
34	0.01590	0.04102	0.68023	0.02260	0.03432	0.01842	0.02930	0.02511	0.01674	0.02511	0.01423	0.01674	0.01005	0.00753	0.00753	0.00251	0.01172	0.00586	0.00335	0.01172
35	0.01153	0.00769	0.00865	0.00865	0.00865	0.00769	0.00480	0.01153	0.01153	0.01538	0.02499	0.05189	0.02883	0.72131	0.04036	0.00769	0.00769	0.01153	0.00480	0.00480
36	0.00966	0.00690	0.00920	0.01104	0.01150	0.00644	0.00736	0.01104	0.01518	0.02024	0.04371	0.71614	0.05245	0.02484	0.01012	0.00322	0.00460	0.02254	0.00736	0.00644
37	0.03042	0.02176	0.02352	0.01803	0.02437	0.02393	0.01490	0.61417	0.03653	0.08228	0.01967	0.01945	0.01380	0.00953	0.00793	0.00238	0.00862	0.00718	0.00803	0.01349
38	0.00937	0.00803	0.00803	0.00803	0.01071	0.00669	0.00602	0.01138	0.01807	0.02142	0.08033	0.07632	0.66863	0.02008	0.00937	0.00268	0.00402	0.01674	0.00736	0.00669
39	0.01921	0.01861	0.03264	0.04557	0.57998	0.01849	0.08284	0.02406	0.01813	0.02575	0.01633	0.02317	0.01411	0.00775	0.00814	0.00245	0.00970	0.03685	0.00410	0.01213
40	0.77733	0.01534	0.01166	0.01043	0.01534	0.01779	0.00859	0.02331	0.01350	0.03558	0.01104	0.01288	0.00859	0.00736	0.00491	0.00245	0.00613	0.00429	0.00491	0.00859
41	0.01478	0.00739	0.00739	0.00739	0.00924	0.00739	0.00554	0.01848	0.01663	0.02956	0.02587	0.02956	0.02033	0.00924	0.00554	0.00185	0.00370	0.00739	0.76534	0.00739
42	0.02176	0.01679	0.01818	0.01588	0.02057	0.01889	0.01248	0.09322	0.51801	0.09474	0.05726	0.02965	0.02493	0.01079	0.00810	0.00263	0.00643	0.00894	0.00825	0.01251
43	0.01532	0.01448	0.02425	0.63952	0.08591	0.01796	0.02195	0.02043	0.01582	0.02051	0.01399	0.02090	0.01067	0.00813	0.00867	0.00266	0.03925	0.00704	0.00354	0.00900
44	0.77733	0.01534	0.01166	0.01043	0.01534	0.01779	0.00859	0.02331	0.01350	0.03558	0.01104	0.01288	0.00859	0.00736	0.00491	0.00245	0.00613	0.00429	0.00491	0.00859
45	0.01488	0.01372	0.02259	0.61190	0.04936	0.01713	0.02055	0.01976	0.01566	0.02055	0.01555	0.04937	0.01263	0.00898	0.00888	0.00268	0.04669	0.00768	0.03280	0.00865
46	0.01735	0.01735	0.02429	0.02082	0.02082	0.02429	0.01735	0.01908	0.01214	0.01908	0.01041	0.01735	0.01041	0.01388	0.02602	0.00347	0.70680	0.00694	0.00347	0.00867
47	0.03014	0.02221	0.02380	0.01825	0.02459	0.02459	0.01507	0.64541	0.03728	0.04998	0.01904	0.01904	0.01349	0.00952	0.00793	0.00238	0.00873	0.00714	0.00793	0.01349
48	0.02866	0.11674	0.02466	0.01964	0.02404	0.61400	0.01512	0.03076	0.02174	0.01932	0.01212	0.01412	0.01021	0.00801	0.00691	0.00200	0.01363	0.00501	0.00401	0.00931
49	0.01446	0.02725	0.38392	0.01815	0.02583	0.01454	0.04466	0.02211	0.04495	0.02789	0.25373	0.03297	0.03436	0.01080	0.00829	0.00252	0.00865	0.00922	0.00553	0.01017
50	0.01963	0.01884	0.03219	0.04867	0.67185	0.01884	0.02434	0.02434	0.01806	0.02591	0.01492	0.01963	0.01256	0.00707	0.00785	0.00236	0.00942	0.00707	0.00393	0.01256
51	0.01644	0.01409	0.01644	0.01175	0.01879	0.01057	0.00940	0.01997	0.01644	0.02584	0.01409	0.01644	0.01175	0.00587	0.00587	0.00117	0.00587	0.00470	0.00470	0.76979
52	0.01767	0.02374	0.15278	0.06561	0.03948	0.01904	0.47409	0.02458	0.01841	0.02539	0.04714	0.02241	0.01465	0.00736	0.00897	0.00264	0.01247	0.00888	0.00410	0.01062
53	0.01676	0.03982	0.65150	0.02223	0.03371	0.01812	0.02853	0.02570	0.01700	0.05343	0.01497	0.01719	0.01046	0.00763	0.00755	0.00251	0.01150	0.00595	0.00363	0.01180
54	0.01662	0.01425	0.01652	0.01198	0.01889	0.01106	0.00956	0.02114	0.05045	0.02623	0.01506	0.01714	0.01241	0.00613	0.00599	0.00125	0.00589	0.00492	0.00488	0.72963
55	0.00983	0.00702	0.00939	0.01123	0.01176	0.00658	0.00765	0.01133	0.01534	0.02043	0.04362	0.68295	0.05209	0.02469	0.01017	0.00324	0.00474	0.05410	0.00736	0.00649
56	0.01590	0.01554	0.02784	0.44549	0.10301	0.01727	0.14049	0.02111	0.01660	0.02202	0.01610	0.05738	0.01329	0.00840	0.00821	0.00258	0.01047	0.00820	0.00391	0.04618
57	0.01614	0.01377	0.01612	0.01171	0.01847	0.01039	0.00931	0.01957	0.01639	0.02559	0.01542	0.04779	0.01357	0.00672	0.00606	0.00127	0.00582	0.00550	0.00482	0.73559
58	0.01823	0.06438	0.53646	0.02149	0.03198	0.01845	0.04737	0.02721	0.05127	0.08524	0.01669	0.01836	0.01175	0.00785	0.00757	0.00249	0.01090	0.00627	0.00422	0.01183
59	0.01131	0.00813	0.01059	0.01011	0.01188	0.00757	0.00758	0.01485	0.02168	0.03057	0.60555	0.06020	0.07108	0.05387	0.01107	0.00282	0.00411	0.04126	0.00846	0.00733
60	0.02163	0.01712	0.01939	0.01796	0.05529	0.01897	0.01369	0.23933	0.28157	0.03669	0.05288	0.05809	0.02576	0.01234	0.00852	0.00271	0.00725	0.09135	0.00770	0.01176
61	0.02869	0.02149	0.02298	0.01795	0.02404	0.02391	0.01472	0.56128	0.12377	0.04763	0.02088	0.02051	0.01498	0.00969	0.00795	0.00242	0.00838	0.00739	0.00795	0.01336
62	0.02081	0.58359	0.14038	0.01533	0.02275	0.06323	0.01612	0.02437	0.01654	0.01970	0.01159	0.01343	0.01016	0.00697	0.00558	0.00184	0.00929	0.00454	0.00342	0.01037
63	0.01963	0.01884	0.03219	0.04867	0.67185	0.01884	0.02434	0.02434	0.01806	0.02591	0.01492	0.01963	0.01256	0.00707	0.00785	0.00236	0.00942	0.00707	0.00393	0.01256
64	0.38480	0.01788	0.01633	0.03980	0.02010	0.08709	0.01133	0.08721	0.04221	0.19700	0.01792	0.01810	0.01265	0.00841	0.00643	0.00242	0.00756	0.00585	0.00641	0.01051
65	0.16486	0.29801	0.27883	0.01726	0.02561	0.02334	0.04592	0.02425	0.01596	0.02467	0.01246	0.01466	0.00990	0.00718	0.00617	0.00219	0.00947	0.00509	0.00369	0.01048
66	0.04517	0.05102	0.02084	0.01602	0.02027	0.04321	0.11887	0.09984	0.02169	0.07594	0.18337	0.10012	0.12180	0.01359	0.00872	0.00258	0.00728	0.03347	0.00692	0.00929
67	0.01876	0.01829	0.03234	0.07949	0.52823	0.01829	0.09886	0.02357	0.01787	0.02525	0.01649	0.05577	0.01444	0.00798	0.00816	0.00245	0.00972	0.00814	0.00409	0.01182
68	0.01934	0.02018	0.02576	0.05631	0.02641	0.13895	0.14781	0.05511	0.04883	0.02338	0.01862	0.08741	0.01738	0.01323	0.03573	0.00311	0.18224	0.03521	0.00476	0.04025
69	0.02403	0.01996	0.02161	0.01800	0.02194	0.12449	0.03661	0.09527	0.13649	0.14157	0.04622	0.02276	0.01756	0.01066	0.01239	0.00262	0.18402	0.00749	0.00629	0.05002

[dist]
# distance from previous block
# <min> <max>
0	2

[block]
# block no. 2 follows, 24 sequences, length 30
# corresponding to MSA columns:
# 99-128
name=unknown_C
#
# <colnr> <probs for GDERKNQSTAVLIFYWHMCP>
#	G	D	E	R	K	N	Q	S	T	A	V	L	I	F	Y	W	H	M	C	P
0	0.42726	0.07853	0.01790	0.06475	0.02089	0.11804	0.01162	0.08368	0.01787	0.05265	0.01334	0.01527	0.01031	0.00782	0.00589	0.00232	0.00805	0.00510	0.02929	0.00941
1	0.01962	0.02364	0.16544	0.07383	0.15439	0.03940	0.20485	0.02530	0.01771	0.07928	0.01587	0.01978	0.01204	0.00803	0.01002	0.00258	0.08216	0.00742	0.00429	0.03433
2	0.01590	0.04102	0.68023	0.02260	0.03432	0.01842	0.02930	0.02511	0.01674	0.02511	0.01423	0.01674	0.01005	0.00753	0.00753	0.00251	0.01172	0.00586	0.00335	0.01172
3	0.00953	0.00808	0.00826	0.00834	0.01098	0.00681	0.00634	0.01162	0.01808	0.02153	0.07853	0.07693	0.63929	0.02017	0.00945	0.00272	0.00417	0.04508	0.00736	0.00672
4	0.00937	0.00803	0.00803	0.00803	0.01071	0.00669	0.00602	0.01138	0.01807	0.02142	0.08033	0.07632	0.66863	0.02008	0.00937	0.00268	0.00402	0.01674	0.00736	0.00669
5	0.01135	0.00841	0.01233	0.01233	0.01360	0.00969	0.00939	0.01389	0.01262	0.01810	0.02162	0.03327	0.02074	0.12706	0.62356	0.01223	0.01986	0.00881	0.00430	0.00685
6	0.01818	0.01968	0.04006	0.09509	0.03943	0.01928	0.48978	0.02620	0.08365	0.02562	0.01871	0.02535	0.01469	0.00792	0.00916	0.00272	0.01209	0.03730	0.00453	0.01055
7	0.77733	0.01534	0.01166	0.01043	0.01534	0.01779	0.00859	0.02331	0.01350	0.03558	0.01104	0.01288	0.00859	0.00736	0.00491	0.00245	0.00613	0.00429	0.00491	0.00859
8	0.01644	0.01409	0.01644	0.01175	0.01879	0.01057	0.00940	0.01997	0.01644	0.02584	0.01409	0.01644	0.01175	0.00587	0.00587	0.00117	0.00587	0.00470	0.00470	0.76979
9	0.01963	0.01884	0.03219	0.04867	0.67185	0.01884	0.02434	0.02434	0.01806	0.02591	0.01492	0.01963	0.01256	0.00707	0.00785	0.00236	0.00942	0.00707	0.00393	0.01256
10	0.03014	0.02221	0.02380	0.01825	0.02459	0.02459	0.01507	0.64541	0.03728	0.04998	0.01904	0.01904	0.01349	0.00952	0.00793	0.00238	0.00873	0.00714	0.00793	0.01349
11	0.03527	0.01398	0.01871	0.01434	0.02049	0.01238	0.01185	0.07271	0.02352	0.64212	0.03060	0.02654	0.01928	0.00980	0.00797	0.00245	0.00686	0.00793	0.00971	0.01349
12	0.01590	0.04102	0.68023	0.02260	0.03432	0.01842	0.02930	0.02511	0.01674	0.02511	0.01423	0.01674	0.01005	0.00753	0.00753	0.00251	0.01172	0.00586	0.00335	0.01172
13	0.02880	0.01427	0.02000	0.02011	0.13042	0.01339	0.01381	0.03419	0.08935	0.43287	0.02973	0.05592	0.02175	0.01076	0.00823	0.00256	0.00710	0.04576	0.00838	0.01259
14	0.00997	0.00712	0.00955	0.01139	0.01199	0.00671	0.00789	0.01157	0.01548	0.02059	0.04354	0.65440	0.05178	0.02455	0.01020	0.00326	0.00487	0.08126	0.00736	0.00653
15	0.01796	0.02307	0.13857	0.03355	0.16406	0.01880	0.39052	0.02434	0.01809	0.02517	0.01709	0.05933	0.01410	0.00791	0.00882	0.00262	0.01184	0.00911	0.00408	0.01098
16	0.01825	0.01743	0.02970	0.24232	0.48897	0.01848	0.02365	0.02313	0.01740	0.02423	0.01467	0.02008	0.01197	0.00732	0.00787	0.00244	0.00976	0.00706	0.00381	0.01145
17	0.01624	0.08404	0.64012	0.02203	0.03344	0.01923	0.02831	0.02503	0.01670	0.02471	0.01403	0.01649	0.01005	0.00749	0.00738	0.00246	0.01152	0.00576	0.00335	0.01162
18	0.01498	0.01409	0.02378	0.70226	0.05462	0.01762	0.02202	0.02026	0.01586	0.02026	0.01409	0.02114	0.01057	0.00793	0.00793	0.00264	0.01057	0.00705	0.00352	0.00881
19	0.01644	0.01409	0.01644	0.01175	0.01879	0.01057	0.00940	0.01997	0.01644	0.02584	0.01409	0.01644	0.01175	0.00587	0.00587	0.00117	0.00587	0.00470	0.00470	0.76979
20	0.02751	0.02080	0.02380	0.13718	0.02981	0.02338	0.01628	0.53671	0.03356	0.04481	0.01818	0.01940	0.01298	0.00924	0.00793	0.00243	0.00905	0.00712	0.00717	0.01267
21	0.02609	0.01839	0.02069	0.01641	0.02181	0.01981	0.01337	0.44122	0.03037	0.09045	0.02112	0.05347	0.01655	0.01709	0.10436	0.00381	0.00997	0.00795	0.00733	0.05975
22	0.01999	0.44146	0.15639	0.01701	0.05826	0.06712	0.01641	0.02399	0.01679	0.02143	0.01344	0.01568	0.01132	0.00728	0.00588	0.00192	0.00902	0.00508	0.08126	0.01025
23	0.01653	0.03692	0.55944	0.02285	0.03352	0.01869	0.07909	0.02688	0.08234	0.02596	0.01623	0.01844	0.01166	0.00779	0.00774	0.00254	0.01130	0.00647	0.00389	0.01172
24	0.01788	0.03712	0.04537	0.01272	0.01889	0.01187	0.01071	0.02238	0.04672	0.09246	0.05361	0.02191	0.01734	0.01265	0.07628	0.00271	0.00777	0.00619	0.00546	0.47997
25	0.01732	0.01630	0.02860	0.06602	0.37210	0.01624	0.11324	0.02199	0.01801	0.02488	0.02246	0.05910	0.02160	0.01118	0.00890	0.00275	0.00940	0.15442	0.00484	0.01066
26	0.01995	0.01630	0.01759	0.01498	0.01972	0.01771	0.01181	0.15477	0.36558	0.03488	0.09426	0.03205	0.06633	0.01114	0.00803	0.00245	0.00633	0.00919	0.00772	0.08919
27	0.01924	0.01852	0.02833	0.04018	0.51424	0.04387	0.02099	0.02459	0.05356	0.02585	0.01859	0.02216	0.04213	0.00777	0.00770	0.00226	0.00884	0.00728	0.00439	0.08949
28	0.00965	0.00695	0.00915	0.01090	0.01146	0.00645	0.00730	0.01106	0.01532	0.02030	0.04545	0.68564	0.08182	0.02462	0.01009	0.00319	0.00457	0.02227	0.00736	0.00645
29	0.02004	0.01726	0.05071	0.04183	0.11188	0.01454	0.06389	0.08670	0.01951	0.08429	0.01636	0.01861	0.01263	0.00695	0.00695	0.00179	0.00772	0.00605	0.00521	0.40709

[dist]
# distance from previous block
# <min> <max>
0	8

[block]
# block no. 3 follows, 24 sequences, length 13
# corresponding to MSA columns:
# 137-149
name=unknown_D
#
# <colnr> <probs for GDERKNQSTAVLIFYWHMCP>
#	G	D	E	R	K	N	Q	S	T	A	V	L	I	F	Y	W	H	M	C	P
0	0.01359	0.01177	0.01732	0.01503	0.01650	0.01341	0.06593	0.01621	0.01657	0.02369	0.25608	0.07763	0.03994	0.13943	0.04285	0.00408	0.20491	0.01156	0.00591	0.00757
1	0.01852	0.01795	0.02757	0.04035	0.51619	0.05883	0.02081	0.02248	0.01783	0.02451	0.01976	0.14056	0.01936	0.01023	0.00820	0.00249	0.00889	0.00964	0.00453	0.01128
2	0.01144	0.00856	0.01070	0.01046	0.01235	0.00816	0.00772	0.01604	0.06883	0.02902	0.46181	0.17280	0.11682	0.01763	0.00939	0.00265	0.00411	0.01556	0.00833	0.00762
3	0.02630	0.01833	0.02030	0.01644	0.02160	0.01984	0.01322	0.43210	0.07895	0.10272	0.02549	0.14196	0.02166	0.01231	0.00833	0.00256	0.00764	0.01004	0.00802	0.01219
4	0.02525	0.01395	0.01740	0.01301	0.01953	0.01146	0.01056	0.02939	0.04740	0.32108	0.02267	0.02179	0.01586	0.00787	0.00692	0.00182	0.00629	0.00637	0.00716	0.39422
5	0.03014	0.02221	0.02380	0.01825	0.02459	0.02459	0.01507	0.64541	0.03728	0.04998	0.01904	0.01904	0.01349	0.00952	0.00793	0.00238	0.00873	0.00714	0.00793	0.01349
6	0.00966	0.00690	0.00920	0.01104	0.01150	0.00644	0.00736	0.01104	0.01518	0.02024	0.04371	0.71614	0.05245	0.02484	0.01012	0.00322	0.00460	0.02254	0.00736	0.00644
7	0.02298	0.01562	0.06629	0.01428	0.01933	0.01388	0.01218	0.08458	0.16970	0.24553	0.09852	0.07301	0.10417	0.01252	0.00838	0.00258	0.00645	0.01045	0.00822	0.01135
8	0.01720	0.01870	0.03930	0.03052	0.07715	0.01760	0.49221	0.02283	0.01806	0.02454	0.02079	0.14224	0.01910	0.00987	0.00939	0.00275	0.01159	0.01151	0.00459	0.01008
9	0.01781	0.01253	0.05626	0.01164	0.01625	0.00950	0.00986	0.02117	0.01970	0.18391	0.18258	0.06821	0.20015	0.01360	0.00833	0.00233	0.00546	0.01147	0.00754	0.14170
10	0.00991	0.00714	0.00945	0.01120	0.01188	0.00668	0.00775	0.01151	0.01557	0.02059	0.04522	0.63474	0.07973	0.02438	0.01016	0.00323	0.00480	0.07218	0.00736	0.00652
11	0.01959	0.03389	0.45087	0.02299	0.03303	0.01944	0.11107	0.13371	0.02084	0.05645	0.01602	0.01821	0.01132	0.00786	0.00787	0.00251	0.01122	0.00665	0.00451	0.01196
12	0.02201	0.02047	0.03019	0.04183	0.52362	0.05665	0.02223	0.13288	0.02165	0.02974	0.01549	0.01923	0.01259	0.00755	0.00783	0.00234	0.00957	0.00697	0.00463	0.01254

[dist]
# distance from previous block
# <min> <max>
0	8

[block]
# block no. 4 follows, 24 sequences, length 7
# corresponding to MSA columns:
# 158-164
name=unknown_E
#
# <colnr> <probs for GDERKNQSTAVLIFYWHMCP>
#	G	D	E	R	K	N	Q	S	T	A	V	L	I	F	Y	W	H	M	C	P
0	0.04131	0.07230	0.11084	0.07188	0.19225	0.03473	0.04805	0.09169	0.01906	0.07088	0.01892	0.06414	0.01672	0.09931	0.01186	0.00309	0.00919	0.00823	0.00498	0.01055
1	0.06355	0.06875	0.33976	0.02508	0.14232	0.01796	0.08444	0.02397	0.01692	0.02611	0.01563	0.01887	0.01191	0.00753	0.00722	0.00237	0.00993	0.00643	0.10029	0.01094
2	0.02172	0.02273	0.06021	0.03546	0.32199	0.09393	0.14810	0.10528	0.06016	0.02855	0.01641	0.01981	0.01291	0.00767	0.00809	0.00242	0.01059	0.00739	0.00470	0.01189
3	0.01924	0.01615	0.02783	0.03274	0.32805	0.01544	0.13138	0.02345	0.01855	0.10738	0.02893	0.08170	0.11221	0.01059	0.00853	0.00254	0.00865	0.01018	0.00545	0.01102
4	0.01747	0.24305	0.49188	0.01994	0.03020	0.02224	0.02466	0.02471	0.01656	0.02321	0.01329	0.01556	0.01008	0.00731	0.00681	0.00227	0.01076	0.00538	0.00336	0.01126
5	0.17037	0.01959	0.02110	0.07342	0.02502	0.02177	0.01417	0.43086	0.02993	0.09134	0.01803	0.01864	0.01277	0.00900	0.00736	0.00242	0.00824	0.00666	0.00713	0.01217
6	0.08425	0.02266	0.16251	0.07413	0.07444	0.01773	0.26752	0.02720	0.01838	0.14696	0.01789	0.02067	0.01269	0.00760	0.00817	0.00256	0.01076	0.00767	0.00499	0.01123

[dist]
# distance from previous block
# <min> <max>
0	1

[block]
# block no. 5 follows, 24 sequences, length 121
# corresponding to MSA columns:
# 166-286
name=unknown_F
#
# <colnr> <probs for GDERKNQSTAVLIFYWHMCP>
#	G	D	E	R	K	N	Q	S	T	A	V	L	I	F	Y	W	H	M	C	P
0	0.01107	0.00805	0.01042	0.00994	0.01178	0.00740	0.00741	0.01462	0.02191	0.03080	0.61233	0.09114	0.09978	0.01679	0.00939	0.00254	0.00379	0.01483	0.00860	0.00740
1	0.01333	0.00930	0.01202	0.01270	0.01498	0.00899	0.01056	0.01747	0.04943	0.05825	0.13163	0.10294	0.15982	0.01978	0.01013	0.00320	0.00604	0.34401	0.00767	0.00775
2	0.01613	0.01398	0.02252	0.01770	0.02184	0.01397	0.15423	0.01989	0.01682	0.05287	0.11790	0.02876	0.02387	0.04503	0.11114	0.00407	0.11082	0.00863	0.02999	0.16985
3	0.77733	0.01534	0.01166	0.01043	0.01534	0.01779	0.00859	0.02331	0.01350	0.03558	0.01104	0.01288	0.00859	0.00736	0.00491	0.00245	0.00613	0.00429	0.00491	0.00859
4	0.01886	0.01622	0.01714	0.01548	0.01977	0.01857	0.01202	0.03949	0.59936	0.03255	0.06240	0.03310	0.05699	0.01144	0.00819	0.00268	0.00606	0.00957	0.00806	0.01205
5	0.01574	0.01488	0.02517	0.59475	0.15614	0.01782	0.02240	0.02093	0.01622	0.02119	0.01423	0.02089	0.01090	0.00779	0.00792	0.00260	0.01038	0.00705	0.00359	0.00943
6	0.01478	0.00739	0.00739	0.00739	0.00924	0.00739	0.00554	0.01848	0.01663	0.02956	0.02587	0.02956	0.02033	0.00924	0.00554	0.00185	0.00370	0.00739	0.76534	0.00739
7	0.01963	0.01884	0.03219	0.04867	0.67185	0.01884	0.02434	0.02434	0.01806	0.02591	0.01492	0.01963	0.01256	0.00707	0.00785	0.00236	0.00942	0.00707	0.00393	0.01256
8	0.02962	0.03779	0.02247	0.02043	0.02451	0.68948	0.01532	0.03166	0.02247	0.01941	0.01226	0.01430	0.01021	0.00817	0.00715	0.00204	0.01430	0.00511	0.00409	0.00919
9	0.02827	0.01605	0.01887	0.01547	0.02094	0.01663	0.01245	0.11487	0.29031	0.33031	0.03019	0.02710	0.02079	0.01017	0.00801	0.00254	0.00679	0.00829	0.00885	0.01310
10	0.73529	0.01572	0.01234	0.01087	0.01586	0.01817	0.00895	0.05831	0.01483	0.03639	0.01149	0.01323	0.00886	0.00748	0.00508	0.00245	0.00628	0.00445	0.00508	0.00886
11	0.01478	0.00739	0.00739	0.00739	0.00924	0.00739	0.00554	0.01848	0.01663	0.02956	0.02587	0.02956	0.02033	0.00924	0.00554	0.00185	0.00370	0.00739	0.76534	0.00739
12	0.01941	0.01851	0.03099	0.07784	0.60593	0.01883	0.02356	0.02514	0.05393	0.02605	0.01585	0.02026	0.01312	0.00731	0.00787	0.00239	0.00930	0.00717	0.00414	0.01238
13	0.01919	0.01666	0.01810	0.01726	0.05100	0.01901	0.01277	0.03971	0.59428	0.03222	0.03393	0.03152	0.05682	0.01106	0.00813	0.00267	0.00631	0.00928	0.00784	0.01225
14	0.01413	0.01093	0.01524	0.01341	0.01655	0.01036	0.07318	0.07218	0.02121	0.05067	0.24452	0.10703	0.20882	0.01678	0.00944	0.00275	0.00586	0.09110	0.00758	0.00825
15	0.01133	0.00850	0.01274	0.01274	0.01416	0.00991	0.00991	0.01416	0.01274	0.01841	0.02124	0.03115	0.01982	0.05947	0.68989	0.01274	0.02124	0.00850	0.00425	0.00708
16	0.01811	0.06269	0.21197	0.02958	0.03850	0.02021	0.45043	0.02524	0.01807	0.02498	0.01531	0.01973	0.01142	0.00691	0.00866	0.00258	0.01269	0.00818	0.00381	0.01094
17	0.66682	0.01710	0.01339	0.01169	0.01670	0.05056	0.00956	0.08597	0.01631	0.03625	0.01190	0.01357	0.00916	0.00762	0.00532	0.00243	0.00678	0.00462	0.00517	0.00911
18	0.01763	0.01669	0.07799	0.01309	0.02040	0.01179	0.01151	0.02255	0.04745	0.06278	0.01594	0.01769	0.01263	0.00648	0.00625	0.00144	0.00648	0.00519	0.00502	0.62098
19	0.04950	0.17117	0.37460	0.02269	0.09831	0.02045	0.04321	0.02595	0.01724	0.08463	0.01517	0.01720	0.01124	0.00751	0.00708	0.00233	0.01020	0.00591	0.00410	0.01151
20	0.01972	0.01703	0.01793	0.01614	0.02062	0.01972	0.01255	0.04214	0.65752	0.03317	0.03228	0.02959	0.02421	0.01076	0.00807	0.00269	0.00628	0.00897	0.00807	0.01255
21	0.02335	0.49689	0.06662	0.01596	0.02221	0.21861	0.01482	0.02607	0.01796	0.01918	0.01153	0.01336	0.01018	0.00722	0.00579	0.00183	0.01030	0.00457	0.00359	0.00997
22	0.06117	0.01170	0.01563	0.01508	0.04851	0.01101	0.01150	0.02691	0.04308	0.31259	0.05701	0.15884	0.03217	0.01503	0.00888	0.00285	0.00647	0.14297	0.00822	0.01040
23	0.01590	0.04102	0.68023	0.02260	0.03432	0.01842	0.02930	0.02511	0.01674	0.02511	0.01423	0.01674	0.01005	0.00753	0.00753	0.00251	0.01172	0.00586	0.00335	0.01172
24	0.01388	0.01063	0.01226	0.01100	0.01429	0.01009	0.00844	0.02066	0.14061	0.05445	0.30115	0.05214	0.20882	0.01481	0.00869	0.00243	0.00464	0.01265	0.00786	0.09050
25	0.01478	0.00739	0.00739	0.00739	0.00924	0.00739	0.00554	0.01848	0.01663	0.02956	0.02587	0.02956	0.02033	0.00924	0.00554	0.00185	0.00370	0.00739	0.76534	0.00739
26	0.01862	0.01663	0.01767	0.05190	0.04814	0.05188	0.01285	0.05494	0.42964	0.03006	0.03625	0.03649	0.11293	0.01203	0.00830	0.00267	0.00685	0.03365	0.00733	0.01119
27	0.01626	0.01575	0.02220	0.01936	0.01961	0.02169	0.01600	0.01819	0.01225	0.01896	0.01237	0.01985	0.01211	0.02213	0.14618	0.00515	0.58272	0.00722	0.00361	0.00839
28	0.01735	0.01735	0.02429	0.02082	0.02082	0.02429	0.01735	0.01908	0.01214	0.01908	0.01041	0.01735	0.01041	0.01388	0.02602	0.00347	0.70680	0.00694	0.00347	0.00867
29	0.01708	0.01447	0.01679	0.01205	0.01906	0.01122	0.00966	0.04904	0.01741	0.02696	0.01432	0.01656	0.01183	0.00604	0.00597	0.00123	0.00601	0.00481	0.00485	0.73464
30	0.77733	0.01534	0.01166	0.01043	0.01534	0.01779	0.00859	0.02331	0.01350	0.03558	0.01104	0.01288	0.00859	0.00736	0.00491	0.00245	0.00613	0.00429	0.00491	0.00859
31	0.19037	0.01316	0.01592	0.01277	0.01807	0.01240	0.01044	0.03219	0.02070	0.45377	0.11255	0.02832	0.02470	0.01015	0.00751	0.00246	0.00621	0.00805	0.00862	0.01164
32	0.01644	0.01409	0.01644	0.01175	0.01879	0.01057	0.00940	0.01997	0.01644	0.02584	0.01409	0.01644	0.01175	0.00587	0.00587	0.00117	0.00587	0.00470	0.00470	0.76979
33	0.01112	0.00810	0.01046	0.00987	0.01178	0.00744	0.00740	0.01476	0.02220	0.03122	0.63462	0.06020	0.10823	0.01643	0.00935	0.00250	0.00376	0.01448	0.00865	0.00744
34	0.01153	0.00769	0.00865	0.00865	0.00865	0.00769	0.00480	0.01153	0.01153	0.01538	0.02499	0.05189	0.02883	0.72131	0.04036	0.00769	0.00769	0.01153	0.00480	0.00480
35	0.01735	0.01735	0.02429	0.02082	0.02082	0.02429	0.01735	0.01908	0.01214	0.01908	0.01041	0.01735	0.01041	0.01388	0.02602	0.00347	0.70680	0.00694	0.00347	0.00867
36	0.01590	0.04102	0.68023	0.02260	0.03432	0.01842	0.02930	0.02511	0.01674	0.02511	0.01423	0.01674	0.01005	0.00753	0.00753	0.00251	0.01172	0.00586	0.00335	0.01172
37	0.77733	0.01534	0.01166	0.01043	0.01534	0.01779	0.00859	0.02331	0.01350	0.03558	0.01104	0.01288	0.00859	0.00736	0.00491	0.00245	0.00613	0.00429	0.00491	0.00859
38	0.01133	0.00850	0.01274	0.01274	0.01416	0.00991	0.00991	0.01416	0.01274	0.01841	0.02124	0.03115	0.01982	0.05947	0.68989	0.01274	0.02124	0.00850	0.00425	0.00708
39	0.01963	0.01884	0.03219	0.04867	0.67185	0.01884	0.02434	0.02434	0.01806	0.02591	0.01492	0.01963	0.01256	0.00707	0.00785	0.00236	0.00942	0.00707	0.00393	0.01256
40	0.01135	0.00843	0.01240	0.01240	0.01370	0.00973	0.00949	0.01394	0.01264	0.01816	0.02155	0.03288	0.02058	0.11467	0.63571	0.01232	0.02011	0.00875	0.00429	0.00689
41	0.01377	0.00689	0.01033	0.01033	0.01033	0.00689	0.00689	0.01033	0.01033	0.01377	0.01377	0.02410	0.01377	0.02755	0.03099	0.76928	0.00689	0.00689	0.00344	0.00344
42	0.03007	0.02444	0.02361	0.01856	0.02458	0.11949	0.01511	0.55781	0.03517	0.04561	0.01807	0.01836	0.01302	0.00933	0.00782	0.00233	0.00952	0.00685	0.00738	0.01287
43	0.01478	0.00739	0.00739	0.00739	0.00924	0.00739	0.00554	0.01848	0.01663	0.02956	0.02587	0.02956	0.02033	0.00924	0.00554	0.00185	0.00370	0.00739	0.76534	0.00739
44	0.01478	0.00739	0.00739	0.00739	0.00924	0.00739	0.00554	0.01848	0.01663	0.02956	0.02587	0.02956	0.02033	0.00924	0.00554	0.00185	0.00370	0.00739	0.76534	0.00739
45	0.01543	0.00801	0.00808	0.00785	0.00988	0.00811	0.00594	0.04479	0.01750	0.03042	0.02558	0.02912	0.02004	0.00925	0.00564	0.00187	0.00391	0.00738	0.73355	0.00765
46	0.00956	0.00804	0.00829	0.00823	0.01083	0.00677	0.00617	0.01174	0.01852	0.02248	0.14002	0.07458	0.60829	0.01969	0.00937	0.00266	0.00399	0.01649	0.00750	0.00677
47	0.01909	0.01830	0.03122	0.12373	0.60096	0.01870	0.02407	0.02387	0.01780	0.02526	0.01482	0.01980	0.01233	0.00716	0.00786	0.00239	0.00955	0.00706	0.00388	0.01213
48	0.01972	0.01703	0.01793	0.01614	0.02062	0.01972	0.01255	0.04214	0.65752	0.03317	0.03228	0.02959	0.02421	0.01076	0.00807	0.00269	0.00628	0.00897	0.00807	0.01255
49	0.01493	0.01411	0.04888	0.01331	0.01711	0.01374	0.01086	0.02726	0.32845	0.02733	0.04850	0.10678	0.23791	0.01539	0.00878	0.00277	0.00573	0.04086	0.00749	0.00981
50	0.02120	0.72609	0.04155	0.01357	0.02035	0.03138	0.01357	0.02374	0.01611	0.01866	0.01102	0.01272	0.01018	0.00678	0.00509	0.00170	0.00848	0.00424	0.00339	0.01018
51	0.01153	0.00769	0.00865	0.00865	0.00865	0.00769	0.00480	0.01153	0.01153	0.01538	0.02499	0.05189	0.02883	0.72131	0.04036	0.00769	0.00769	0.01153	0.00480	0.00480
52	0.02848	0.09263	0.04656	0.01996	0.02452	0.61413	0.01566	0.03081	0.02177	0.01954	0.01223	0.01426	0.01021	0.00804	0.00700	0.00203	0.01375	0.00506	0.00401	0.00936
53	0.03558	0.01350	0.01840	0.01411	0.02024	0.01166	0.01166	0.03865	0.02270	0.67734	0.03128	0.02699	0.01963	0.00981	0.00797	0.00245	0.00675	0.00797	0.00981	0.01350
54	0.01153	0.00769	0.00865	0.00865	0.00865	0.00769	0.00480	0.01153	0.01153	0.01538	0.02499	0.05189	0.02883	0.72131	0.04036	0.00769	0.00769	0.01153	0.00480	0.00480
55	0.00966	0.00690	0.00920	0.01104	0.01150	0.00644	0.00736	0.01104	0.01518	0.02024	0.04371	0.71614	0.05245	0.02484	0.01012	0.00322	0.00460	0.02254	0.00736	0.00644
56	0.02099	0.69907	0.06674	0.01392	0.02090	0.03087	0.01419	0.02380	0.01614	0.01891	0.01115	0.01288	0.01017	0.00681	0.00518	0.00173	0.00861	0.00430	0.00339	0.01024
57	0.01872	0.02139	0.04679	0.03342	0.04144	0.02005	0.64305	0.02540	0.01872	0.02540	0.01604	0.02139	0.01203	0.00668	0.00936	0.00267	0.01337	0.00936	0.00401	0.01070
58	0.01963	0.01884	0.03219	0.04867	0.67185	0.01884	0.02434	0.02434	0.01806	0.02591	0.01492	0.01963	0.01256	0.00707	0.00785	0.00236	0.00942	0.00707	0.00393	0.01256
59	0.77733	0.01534	0.01166	0.01043	0.01534	0.01779	0.00859	0.02331	0.01350	0.03558	0.01104	0.01288	0.00859	0.00736	0.00491	0.00245	0.00613	0.00429	0.00491	0.00859
60	0.01478	0.00739	0.00739	0.00739	0.00924	0.00739	0.00554	0.01848	0.01663	0.02956	0.02587	0.02956	0.02033	0.00924	0.00554	0.00185	0.00370	0.00739	0.76534	0.00739
61	0.02078	0.01697	0.01823	0.01596	0.02050	0.01921	0.01266	0.16884	0.43410	0.03517	0.03198	0.03263	0.05694	0.01342	0.03513	0.00306	0.00732	0.03730	0.00782	0.01198
62	0.02252	0.01951	0.05235	0.01635	0.02136	0.08004	0.01347	0.09111	0.38177	0.10919	0.03093	0.03056	0.05370	0.01096	0.00809	0.00260	0.00749	0.02846	0.00759	0.01193
63	0.74780	0.01526	0.01192	0.01057	0.01553	0.01755	0.00871	0.02392	0.01386	0.06113	0.01185	0.01344	0.00903	0.00746	0.00503	0.00245	0.00616	0.00444	0.00510	0.00878
64	0.01919	0.01833	0.03090	0.10935	0.59084	0.01876	0.02371	0.02457	0.04008	0.02563	0.01544	0.02012	0.01278	0.00728	0.00787	0.00239	0.00942	0.00713	0.00403	0.01221
65	0.01735	0.01735	0.02429	0.02082	0.02082	0.02429	0.01735	0.01908	0.01214	0.01908	0.01041	0.01735	0.01041	0.01388	0.02602	0.00347	0.70680	0.00694	0.00347	0.00867
66	0.01546	0.01221	0.01846	0.45167	0.03878	0.01455	0.01642	0.04231	0.01688	0.02436	0.01810	0.02380	0.01385	0.00841	0.00715	0.00237	0.00827	0.00716	0.25126	0.00852
67	0.01377	0.00689	0.01033	0.01033	0.01033	0.00689	0.00689	0.01033	0.01033	0.01377	0.01377	0.02410	0.01377	0.02755	0.03099	0.76928	0.00689	0.00689	0.00344	0.00344
68	0.01061	0.00803	0.00978	0.00944	0.01150	0.00720	0.00704	0.01374	0.02084	0.02824	0.46719	0.09187	0.25009	0.01772	0.00939	0.00258	0.00386	0.01540	0.00827	0.00720
69	0.01996	0.01499	0.02058	0.04787	0.02320	0.01297	0.07521	0.02453	0.04408	0.13407	0.01776	0.01951	0.01350	0.00723	0.00756	0.00176	0.03467	0.00609	0.00552	0.46893
70	0.01913	0.01833	0.03128	0.11900	0.60544	0.01871	0.02409	0.02390	0.01782	0.02530	0.01483	0.01979	0.01235	0.00716	0.00786	0.00239	0.00954	0.00706	0.00388	0.01216
71	0.01756	0.01907	0.03941	0.03085	0.08558	0.01838	0.47499	0.02323	0.01820	0.02498	0.05071	0.08258	0.01861	0.00913	0.01019	0.00273	0.04866	0.01043	0.00450	0.01021
72	0.02206	0.65614	0.03961	0.01427	0.02078	0.09826	0.01375	0.02455	0.01676	0.01873	0.01115	0.01288	0.01018	0.00693	0.00530	0.00173	0.00907	0.00433	0.00346	0.01008
73	0.02059	0.02090	0.03198	0.04499	0.57257	0.08706	0.05629	0.02514	0.01854	0.02522	0.01471	0.01918	0.01229	0.00716	0.00786	0.00234	0.01013	0.00699	0.00395	0.01212
74	0.01963	0.01884	0.03219	0.04867	0.67185	0.01884	0.02434	0.02434	0.01806	0.02591	0.01492	0.01963	0.01256	0.00707	0.00785	0.00236	0.00942	0.00707	0.00393	0.01256
75	0.02013	0.01970	0.03097	0.04559	0.60595	0.05252	0.02328	0.02562	0.05110	0.02595	0.01567	0.01987	0.01304	0.00731	0.00783	0.00236	0.00950	0.00706	0.00415	0.01239
76	0.01122	0.00811	0.01060	0.00998	0.01185	0.00748	0.00748	0.01496	0.02245	0.03180	0.66766	0.05923	0.07482	0.01621	0.00935	0.00249	0.00374	0.01434	0.00873	0.00748
77	0.03536	0.01384	0.01862	0.01427	0.02042	0.01217	0.01179	0.06274	0.02328	0.65243	0.03080	0.02667	0.01939	0.00980	0.00797	0.00245	0.00683	0.00794	0.00974	0.01349
78	0.01478	0.00739	0.00739	0.00739	0.00924	0.00739	0.00554	0.01848	0.01663	0.02956	0.02587	0.02956	0.02033	0.00924	0.00554	0.00185	0.00370	0.00739	0.76534	0.00739
79	0.01498	0.01409	0.02378	0.70226	0.05462	0.01762	0.02202	0.02026	0.01586	0.02026	0.01409	0.02114	0.01057	0.00793	0.00793	0.00264	0.01057	0.00705	0.00352	0.00881
80	0.01550	0.01457	0.02049	0.01810	0.01845	0.01973	0.01477	0.01742	0.01226	0.01870	0.01396	0.02278	0.01382	0.06519	0.19442	0.00605	0.49440	0.00759	0.00374	0.00805
81	0.02120	0.72609	0.04155	0.01357	0.02035	0.03138	0.01357	0.02374	0.01611	0.01866	0.01102	0.01272	0.01018	0.00678	0.00509	0.00170	0.00848	0.00424	0.00339	0.01018
82	0.01377	0.00689	0.01033	0.01033	0.01033	0.00689	0.00689	0.01033	0.01033	0.01377	0.01377	0.02410	0.01377	0.02755	0.03099	0.76928	0.00689	0.00689	0.00344	0.00344
83	0.01704	0.01689	0.02369	0.02040	0.02048	0.02355	0.01697	0.01883	0.01218	0.01905	0.01097	0.01806	0.01089	0.01623	0.06019	0.00395	0.67152	0.00702	0.00351	0.00859
84	0.01872	0.02139	0.04679	0.03342	0.04144	0.02005	0.64305	0.02540	0.01872	0.02540	0.01604	0.02139	0.01203	0.00668	0.00936	0.00267	0.01337	0.00936	0.00401	0.01070
85	0.01972	0.01703	0.01793	0.01614	0.02062	0.01972	0.01255	0.04214	0.65752	0.03317	0.03228	0.02959	0.02421	0.01076	0.00807	0.00269	0.00628	0.00897	0.00807	0.01255
86	0.51369	0.01513	0.01433	0.01195	0.01730	0.01628	0.00985	0.05990	0.01751	0.23123	0.01760	0.01748	0.01219	0.00822	0.00599	0.00245	0.00645	0.00556	0.00655	0.01033
87	0.02909	0.03160	0.02271	0.02076	0.05418	0.46262	0.01535	0.14667	0.05689	0.06312	0.01572	0.01691	0.01216	0.00859	0.00742	0.00218	0.01221	0.00593	0.00532	0.01056
88	0.02222	0.02263	0.03285	0.02623	0.06429	0.11894	0.29681	0.12806	0.12144	0.02984	0.01879	0.02145	0.01422	0.00810	0.00839	0.00249	0.01111	0.00813	0.03284	0.01119
89	0.01122	0.00811	0.01060	0.00998	0.01185	0.00748	0.00748	0.01496	0.02245	0.03180	0.66766	0.05923	0.07482	0.01621	0.00935	0.00249	0.00374	0.01434	0.00873	0.00748
90	0.01124	0.00810	0.01061	0.01005	0.01180	0.00761	0.00747	0.01475	0.02140	0.03028	0.60217	0.05745	0.06970	0.05467	0.04508	0.00328	0.00482	0.01390	0.00830	0.00732
91	0.01082	0.00794	0.01003	0.00980	0.01152	0.00727	0.00717	0.01391	0.02058	0.02844	0.49355	0.13679	0.14507	0.04859	0.01080	0.00283	0.00405	0.01547	0.00823	0.00715
92	0.02031	0.01733	0.01826	0.01626	0.02084	0.02000	0.01269	0.07608	0.62262	0.03412	0.03153	0.02899	0.02360	0.01069	0.00806	0.00267	0.00641	0.00886	0.00806	0.01260
93	0.00948	0.00799	0.00821	0.00825	0.01080	0.00672	0.00615	0.01155	0.01819	0.02191	0.10904	0.10060	0.61392	0.02007	0.00940	0.00269	0.00403	0.01684	0.00743	0.00672
94	0.01133	0.00850	0.01274	0.01274	0.01416	0.00991	0.00991	0.01416	0.01274	0.01841	0.02124	0.03115	0.01982	0.05947	0.68989	0.01274	0.02124	0.00850	0.00425	0.00708
95	0.03558	0.01350	0.01840	0.01411	0.02024	0.01166	0.01166	0.03865	0.02270	0.67734	0.03128	0.02699	0.01963	0.00981	0.00797	0.00245	0.00675	0.00797	0.00981	0.01350
96	0.01963	0.01884	0.03219	0.04867	0.67185	0.01884	0.02434	0.02434	0.01806	0.02591	0.01492	0.01963	0.01256	0.00707	0.00785	0.00236	0.00942	0.00707	0.00393	0.01256
97	0.02962	0.03779	0.02247	0.02043	0.02451	0.68948	0.01532	0.03166	0.02247	0.01941	0.01226	0.01430	0.01021	0.00817	0.00715	0.00204	0.01430	0.00511	0.00409	0.00919
98	0.03191	0.01565	0.01916	0.01498	0.02082	0.01532	0.01228	0.18688	0.08017	0.43768	0.02811	0.02538	0.01855	0.00980	0.00786	0.00243	0.00705	0.00783	0.04504	0.01312
99	0.02531	0.02974	0.02052	0.01859	0.02215	0.46392	0.01426	0.07498	0.02190	0.02218	0.02118	0.04780	0.07145	0.01107	0.00930	0.00237	0.07081	0.03851	0.00489	0.00907
100	0.01813	0.01404	0.01662	0.01195	0.01892	0.01067	0.00959	0.02161	0.01699	0.08312	0.01561	0.01737	0.01244	0.00622	0.00606	0.00129	0.00595	0.00499	0.00515	0.70330
