[name]
unknown

[dist]
# distance from previous block
# <min> <max>
0	27

[block]
# block no. 0 follows, 25 sequences, length 11
# corresponding to MSA columns:
# 33-43
name=unknown_A
#
# <colnr> <probs for GDERKNQSTAVLIFYWHMCP>
#	G	D	E	R	K	N	Q	S	T	A	V	L	I	F	Y	W	H	M	C	P
0	0.01225	0.00882	0.01215	0.01371	0.01554	0.00872	0.01188	0.01575	0.01809	0.02357	0.08058	0.08510	0.07567	0.02100	0.01054	0.00346	0.00678	0.56204	0.00723	0.00712
1	0.01895	0.01909	0.03529	0.04360	0.50832	0.01874	0.19156	0.02407	0.01783	0.02520	0.01488	0.01965	0.01214	0.00681	0.00807	0.00239	0.01024	0.00751	0.00386	0.01179
2	0.00958	0.00680	0.00896	0.01062	0.01104	0.00639	0.00701	0.01083	0.01458	0.01944	0.04138	0.67262	0.04957	0.07646	0.01209	0.00347	0.00472	0.02124	0.00701	0.00618
3	0.01598	0.09737	0.63382	0.02137	0.03243	0.01906	0.02737	0.02444	0.01632	0.02403	0.01366	0.01604	0.00983	0.00731	0.00717	0.00239	0.01120	0.00560	0.00328	0.01133
4	0.00964	0.00694	0.00902	0.01044	0.01110	0.00645	0.00702	0.01115	0.01543	0.02058	0.09624	0.60040	0.08725	0.05532	0.01114	0.00326	0.00453	0.02057	0.00719	0.00632
5	0.02682	0.02030	0.02327	0.14150	0.02930	0.02282	0.01595	0.53993	0.03271	0.04367	0.01775	0.01898	0.01268	0.00903	0.00776	0.00237	0.00885	0.00696	0.00698	0.01237
6	0.10326	0.01452	0.02344	0.50397	0.10581	0.01711	0.05521	0.02050	0.01558	0.02233	0.01463	0.04394	0.01180	0.00811	0.00756	0.00256	0.00968	0.00724	0.00379	0.00896
7	0.01070	0.00771	0.01012	0.00994	0.01152	0.00713	0.00729	0.01395	0.02068	0.02907	0.56190	0.17683	0.06924	0.01736	0.00928	0.00257	0.00381	0.01546	0.00830	0.00713
8	0.01326	0.00837	0.01072	0.01009	0.01233	0.00755	0.00757	0.01631	0.02047	0.10327	0.43661	0.14228	0.14794	0.01675	0.00909	0.00255	0.00414	0.01467	0.00830	0.00775
9	0.01800	0.01976	0.03784	0.10788	0.03796	0.04620	0.45161	0.02364	0.01760	0.02380	0.01487	0.01988	0.01143	0.00694	0.00918	0.00245	0.04103	0.00810	0.00392	0.09790
10	0.73017	0.01447	0.01111	0.00999	0.01459	0.01670	0.00820	0.02247	0.01340	0.03439	0.01178	0.01370	0.00918	0.00732	0.00484	0.00236	0.00584	0.00440	0.05677	0.00832

[dist]
# distance from previous block
# <min> <max>
0	1

[block]
# block no. 1 follows, 25 sequences, length 12
# corresponding to MSA columns:
# 45-56
name=unknown_B
#
# <colnr> <probs for GDERKNQSTAVLIFYWHMCP>
#	G	D	E	R	K	N	Q	S	T	A	V	L	I	F	Y	W	H	M	C	P
0	0.05013	0.01201	0.01308	0.01119	0.01487	0.01244	0.00888	0.13082	0.08842	0.15027	0.02523	0.02611	0.01859	0.00927	0.00647	0.00211	0.00533	0.00733	0.39757	0.00987
1	0.01464	0.01378	0.02326	0.70887	0.05340	0.01723	0.02153	0.01981	0.01550	0.01981	0.01378	0.02067	0.01034	0.00775	0.00775	0.00258	0.01034	0.00689	0.00345	0.00861
2	0.00945	0.00675	0.00900	0.01080	0.01125	0.00630	0.00720	0.01080	0.01484	0.01979	0.04274	0.72245	0.05128	0.02429	0.00990	0.00315	0.00450	0.02204	0.00720	0.00630
3	0.78228	0.01499	0.01140	0.01020	0.01499	0.01739	0.00840	0.02279	0.01320	0.03479	0.01080	0.01260	0.00840	0.00720	0.00480	0.00240	0.00600	0.00420	0.00480	0.00840
4	0.01192	0.00865	0.01232	0.01140	0.01351	0.00794	0.04615	0.01508	0.01982	0.05447	0.42260	0.20592	0.10573	0.01721	0.00926	0.00262	0.00456	0.01545	0.00790	0.00746
5	0.00945	0.00675	0.00900	0.01080	0.01125	0.00630	0.00720	0.01080	0.01484	0.01979	0.04274	0.72245	0.05128	0.02429	0.00990	0.00315	0.00450	0.02204	0.00720	0.00630
6	0.02129	0.01805	0.02531	0.02989	0.29518	0.01916	0.04511	0.11184	0.25514	0.06383	0.02211	0.02308	0.01685	0.00864	0.00783	0.00244	0.00805	0.00773	0.00610	0.01236
7	0.54792	0.01838	0.09214	0.01353	0.01944	0.01738	0.04765	0.05522	0.01578	0.09139	0.01357	0.01502	0.00994	0.00750	0.00575	0.00241	0.00720	0.00511	0.00514	0.00952
8	0.00981	0.00733	0.00920	0.01044	0.01163	0.00671	0.00750	0.01169	0.01625	0.02108	0.08594	0.45916	0.19992	0.02239	0.00977	0.00303	0.00462	0.08973	0.00727	0.00651
9	0.71424	0.01722	0.07138	0.01125	0.01664	0.01745	0.01019	0.02295	0.01348	0.03388	0.01107	0.01293	0.00852	0.00721	0.00503	0.00240	0.00648	0.00433	0.00466	0.00867
10	0.07260	0.01731	0.02727	0.38630	0.13528	0.05556	0.12559	0.04628	0.01727	0.02359	0.01409	0.01947	0.01080	0.00746	0.00772	0.00249	0.01045	0.00698	0.00387	0.00963
11	0.07547	0.01665	0.01696	0.01531	0.01951	0.05572	0.01214	0.08651	0.39263	0.07027	0.02931	0.05813	0.02407	0.01174	0.00800	0.00267	0.00685	0.07951	0.00742	0.01113

[dist]
# distance from previous block
# <min> <max>
0	1

[block]
# block no. 2 follows, 25 sequences, length 16
# corresponding to MSA columns:
# 58-73
name=unknown_C
#
# <colnr> <probs for GDERKNQSTAVLIFYWHMCP>
#	G	D	E	R	K	N	Q	S	T	A	V	L	I	F	Y	W	H	M	C	P
0	0.61687	0.01686	0.05545	0.01177	0.01719	0.01732	0.01036	0.06554	0.01573	0.09391	0.01330	0.01448	0.00978	0.00756	0.00543	0.00240	0.00656	0.00480	0.00533	0.00934
1	0.01861	0.08348	0.04269	0.02940	0.03682	0.02056	0.53559	0.02620	0.07776	0.02495	0.01672	0.02090	0.01270	0.00691	0.00866	0.00253	0.01201	0.00867	0.00423	0.01058
2	0.01574	0.01525	0.02222	0.16380	0.02643	0.02065	0.01699	0.01822	0.01282	0.01891	0.01318	0.05279	0.01279	0.01569	0.06337	0.00378	0.48779	0.00764	0.00364	0.00831
3	0.02942	0.01992	0.02181	0.01681	0.02277	0.02161	0.01386	0.54364	0.03365	0.12921	0.02047	0.02011	0.01428	0.00933	0.00765	0.00231	0.00805	0.00710	0.04511	0.01290
4	0.00986	0.00705	0.00944	0.01103	0.01172	0.00663	0.00770	0.01162	0.01575	0.02111	0.09855	0.60503	0.05260	0.02328	0.00991	0.00312	0.00467	0.07715	0.00731	0.00647
5	0.01747	0.25369	0.43074	0.02150	0.08374	0.02199	0.02345	0.02407	0.01629	0.02266	0.01300	0.01538	0.01007	0.00710	0.00665	0.00219	0.01028	0.00534	0.00333	0.01106
6	0.01144	0.00875	0.01060	0.01008	0.01225	0.00836	0.00757	0.01657	0.08613	0.02902	0.48128	0.08382	0.17225	0.01630	0.00905	0.00252	0.00399	0.01421	0.00819	0.00764
7	0.01608	0.01378	0.01608	0.01148	0.01837	0.01034	0.00919	0.01952	0.01608	0.02527	0.01378	0.01608	0.01148	0.00574	0.00574	0.00115	0.00574	0.00459	0.00459	0.77491
8	0.73917	0.01456	0.01116	0.01003	0.01466	0.01682	0.00823	0.02253	0.01337	0.03446	0.01161	0.01351	0.00904	0.00730	0.00483	0.00237	0.00586	0.00437	0.04779	0.00833
9	0.01445	0.00723	0.00723	0.00723	0.00903	0.00723	0.00542	0.01807	0.01626	0.02891	0.02529	0.02891	0.01987	0.00903	0.00542	0.00181	0.00361	0.00723	0.77055	0.00723
10	0.00945	0.00675	0.00900	0.01080	0.01125	0.00630	0.00720	0.01080	0.01484	0.01979	0.04274	0.72245	0.05128	0.02429	0.00990	0.00315	0.00450	0.02204	0.00720	0.00630
11	0.00945	0.00675	0.00900	0.01080	0.01125	0.00630	0.00720	0.01080	0.01484	0.01979	0.04274	0.72245	0.05128	0.02429	0.00990	0.00315	0.00450	0.02204	0.00720	0.00630
12	0.01153	0.00875	0.01257	0.01217	0.01396	0.00964	0.00939	0.01421	0.01272	0.01849	0.02034	0.03025	0.01915	0.08854	0.60121	0.01120	0.01874	0.00813	0.00422	0.07479
13	0.01984	0.01693	0.01784	0.01589	0.02037	0.01954	0.01241	0.07441	0.63102	0.03333	0.03086	0.02837	0.02310	0.01045	0.00788	0.00261	0.00627	0.00867	0.00788	0.01232
14	0.01588	0.01548	0.02352	0.34067	0.03573	0.02071	0.01909	0.01920	0.01356	0.01920	0.01185	0.01869	0.01025	0.01086	0.01721	0.00302	0.38627	0.00683	0.00342	0.00854
15	0.01252	0.00780	0.00942	0.07309	0.01348	0.00801	0.00712	0.01484	0.01459	0.02245	0.02795	0.19058	0.02823	0.19651	0.01537	0.00365	0.00543	0.01158	0.33086	0.00650

[dist]
# distance from previous block
# <min> <max>
0	13

[block]
# block no. 3 follows, 25 sequences, length 248
# corresponding to MSA columns:
# 87-334
name=unknown_D
#
# <colnr> <probs for GDERKNQSTAVLIFYWHMCP>
#	G	D	E	R	K	N	Q	S	T	A	V	L	I	F	Y	W	H	M	C	P
0	0.00978	0.00715	0.00924	0.01059	0.01152	0.00661	0.00742	0.01159	0.01610	0.02130	0.11044	0.53572	0.12624	0.02270	0.00979	0.00304	0.00453	0.06242	0.00733	0.00649
1	0.12315	0.08717	0.02325	0.10303	0.07937	0.04298	0.01504	0.28513	0.04874	0.03461	0.01799	0.01974	0.03615	0.00896	0.00795	0.00236	0.04099	0.00666	0.00576	0.01099
2	0.02583	0.10901	0.02430	0.06523	0.05241	0.26492	0.01505	0.19249	0.02383	0.06990	0.01744	0.01891	0.03658	0.00891	0.00802	0.00221	0.04284	0.00632	0.00532	0.01048
3	0.00943	0.00680	0.00895	0.01066	0.01121	0.00631	0.00714	0.01081	0.01497	0.01984	0.04434	0.69349	0.07920	0.02408	0.00986	0.00313	0.00447	0.02179	0.00720	0.00631
4	0.01648	0.01402	0.01629	0.01168	0.01855	0.01075	0.00935	0.03858	0.01669	0.02598	0.01393	0.01615	0.01154	0.00585	0.00580	0.00118	0.00583	0.00467	0.00469	0.75200
5	0.02917	0.05507	0.02080	0.01523	0.02087	0.01830	0.01256	0.32567	0.04860	0.27140	0.02343	0.02314	0.01640	0.03762	0.00877	0.00251	0.00748	0.00736	0.04325	0.01238
6	0.06177	0.00866	0.01084	0.01000	0.01224	0.00818	0.00760	0.01639	0.02140	0.06609	0.59812	0.05333	0.06613	0.01496	0.00879	0.00243	0.00396	0.01306	0.00835	0.00770
7	0.02075	0.01667	0.01783	0.01575	0.02032	0.01900	0.01233	0.06922	0.59484	0.07506	0.03090	0.02829	0.02290	0.01040	0.00788	0.00260	0.00628	0.00862	0.00799	0.01237
8	0.01773	0.02001	0.04339	0.03127	0.03864	0.01875	0.60964	0.02394	0.01808	0.02451	0.01742	0.06596	0.01430	0.00768	0.00920	0.00265	0.01252	0.00998	0.00413	0.01019
9	0.01046	0.00758	0.00988	0.00999	0.01145	0.00699	0.00723	0.01339	0.01973	0.02744	0.46963	0.25156	0.08879	0.01844	0.00936	0.00265	0.00391	0.01644	0.00810	0.00699
10	0.02071	0.01675	0.01805	0.01539	0.02038	0.01838	0.01213	0.11238	0.47834	0.05920	0.02762	0.02589	0.02062	0.00971	0.00759	0.00239	0.00639	0.00796	0.00751	0.11261
11	0.00957	0.00684	0.00910	0.01071	0.01127	0.00638	0.00721	0.01110	0.01540	0.02068	0.09245	0.67020	0.05300	0.02363	0.00984	0.00309	0.00443	0.02141	0.00730	0.00638
12	0.02827	0.15880	0.05602	0.01650	0.02274	0.09789	0.01438	0.29637	0.02675	0.17979	0.01881	0.01853	0.01338	0.00862	0.00713	0.00218	0.00880	0.00634	0.00668	0.01201
13	0.02435	0.02219	0.02103	0.01782	0.02171	0.17333	0.01423	0.20265	0.16030	0.06110	0.01895	0.02016	0.01460	0.01014	0.01113	0.00252	0.15227	0.00692	0.03371	0.01087
14	0.00969	0.00746	0.00888	0.00954	0.01114	0.00665	0.00686	0.01175	0.01729	0.02229	0.16506	0.32937	0.30558	0.02089	0.00950	0.00283	0.00421	0.03700	0.00743	0.00660
15	0.03479	0.01320	0.01799	0.01380	0.01979	0.01140	0.01140	0.03779	0.02219	0.68451	0.03059	0.02639	0.01919	0.00960	0.00780	0.00240	0.00660	0.00780	0.00960	0.01320
16	0.01555	0.04011	0.68733	0.02210	0.03356	0.01801	0.02865	0.02455	0.01637	0.02455	0.01391	0.01637	0.00982	0.00737	0.00737	0.00246	0.01146	0.00573	0.00327	0.01146
17	0.01702	0.01714	0.02473	0.02091	0.02126	0.02356	0.04530	0.01894	0.01216	0.01894	0.01042	0.01714	0.01025	0.01326	0.02472	0.00336	0.68202	0.00689	0.00342	0.00857
18	0.01791	0.02006	0.04224	0.03066	0.03743	0.01971	0.56060	0.02379	0.01741	0.02394	0.01527	0.02082	0.01186	0.00907	0.03452	0.00304	0.08884	0.00887	0.00387	0.01012
19	0.01608	0.11098	0.62110	0.02119	0.03216	0.01930	0.02707	0.02442	0.01631	0.02391	0.01359	0.01597	0.00984	0.00729	0.00712	0.00237	0.01113	0.00557	0.00328	0.01130
20	0.01089	0.00792	0.01025	0.00967	0.01153	0.00728	0.00725	0.01447	0.02175	0.03062	0.64744	0.05869	0.10106	0.01603	0.00915	0.00245	0.00367	0.01413	0.00847	0.00728
21	0.00954	0.00682	0.00911	0.01091	0.01140	0.00638	0.00736	0.01096	0.01494	0.01990	0.04268	0.70251	0.05107	0.02420	0.00992	0.00316	0.00458	0.04104	0.00720	0.00632
22	0.01569	0.03928	0.66227	0.02307	0.05823	0.01802	0.02846	0.02453	0.01642	0.02458	0.01394	0.01648	0.00992	0.00735	0.00738	0.00245	0.01137	0.00577	0.00330	0.01149
23	0.01825	0.09920	0.51880	0.02041	0.03034	0.01929	0.02481	0.06550	0.01784	0.06967	0.01493	0.01685	0.01069	0.00778	0.00781	0.00240	0.03414	0.00584	0.00399	0.01145
24	0.01118	0.00748	0.00849	0.00858	0.00861	0.00745	0.00483	0.01125	0.01147	0.01529	0.02540	0.08647	0.02942	0.69010	0.03789	0.00728	0.00736	0.01185	0.00483	0.00478
25	0.01883	0.01827	0.03184	0.09105	0.59611	0.01842	0.06392	0.02359	0.01755	0.02493	0.01460	0.01940	0.01212	0.00694	0.00778	0.00234	0.00953	0.00705	0.00382	0.01192
26	0.06591	0.28845	0.35003	0.01853	0.02712	0.02292	0.04905	0.02370	0.01582	0.02264	0.01248	0.01493	0.00988	0.00734	0.00725	0.00221	0.04252	0.00526	0.00342	0.01053
27	0.78228	0.01499	0.01140	0.01020	0.01499	0.01739	0.00840	0.02279	0.01320	0.03479	0.01080	0.01260	0.00840	0.00720	0.00480	0.00240	0.00600	0.00420	0.00480	0.00840
28	0.01722	0.00905	0.01138	0.01023	0.01221	0.00843	0.00712	0.01888	0.01666	0.19212	0.17449	0.07256	0.03698	0.35239	0.02322	0.00487	0.00628	0.01142	0.00694	0.00755
29	0.04654	0.01501	0.02426	0.36734	0.17723	0.01661	0.04838	0.02415	0.04612	0.11000	0.03770	0.02236	0.01448	0.00812	0.00775	0.00249	0.00918	0.00733	0.00477	0.01020
30	0.01919	0.01842	0.03147	0.04759	0.67914	0.01842	0.02380	0.02380	0.01765	0.02533	0.01458	0.01919	0.01228	0.00691	0.00768	0.00230	0.00921	0.00691	0.00384	0.01228
31	0.01115	0.00747	0.00849	0.00861	0.00864	0.00744	0.00487	0.01124	0.01152	0.01535	0.02566	0.09585	0.02974	0.68028	0.03748	0.00722	0.00731	0.01200	0.00487	0.00481
32	0.03397	0.01451	0.01881	0.01442	0.02045	0.01335	0.01191	0.13282	0.02439	0.58637	0.02874	0.02519	0.01827	0.00955	0.00779	0.00239	0.00690	0.00767	0.00931	0.01319
33	0.78228	0.01499	0.01140	0.01020	0.01499	0.01739	0.00840	0.02279	0.01320	0.03479	0.01080	0.01260	0.00840	0.00720	0.00480	0.00240	0.00600	0.00420	0.00480	0.00840
34	0.00945	0.00675	0.00900	0.01080	0.01125	0.00630	0.00720	0.01080	0.01484	0.01979	0.04274	0.72245	0.05128	0.02429	0.00990	0.00315	0.00450	0.02204	0.00720	0.00630
35	0.01667	0.01656	0.02369	0.10710	0.02452	0.02293	0.01754	0.01880	0.01233	0.01880	0.01063	0.01743	0.01020	0.01284	0.02322	0.00329	0.62475	0.00680	0.00340	0.00850
36	0.02126	0.68753	0.03943	0.01370	0.02016	0.07343	0.01338	0.02371	0.01615	0.01829	0.01086	0.01254	0.00995	0.00672	0.00510	0.00168	0.00866	0.00420	0.00336	0.00989
37	0.01929	0.01666	0.01753	0.01578	0.02016	0.01929	0.01227	0.04120	0.66513	0.03243	0.03156	0.02893	0.02367	0.01052	0.00789	0.00263	0.00614	0.00877	0.00789	0.01227
38	0.01505	0.00879	0.01163	0.01051	0.01300	0.00798	0.00802	0.01849	0.02166	0.14435	0.53356	0.08319	0.06275	0.01515	0.00895	0.00246	0.00421	0.01331	0.00866	0.00829
39	0.00949	0.00684	0.00900	0.01064	0.01123	0.00635	0.00715	0.01095	0.01523	0.02027	0.06803	0.67120	0.07735	0.02379	0.00984	0.00310	0.00444	0.02151	0.00725	0.00635
40	0.01114	0.00804	0.01111	0.01111	0.01202	0.00896	0.00800	0.01298	0.01206	0.01700	0.02201	0.03732	0.02236	0.28456	0.47445	0.01079	0.01629	0.00931	0.00434	0.00617
41	0.01445	0.00723	0.00723	0.00723	0.00903	0.00723	0.00542	0.01807	0.01626	0.02891	0.02529	0.02891	0.01987	0.00903	0.00542	0.00181	0.00361	0.00723	0.77055	0.00723
42	0.02857	0.02127	0.02276	0.01766	0.02370	0.02362	0.01452	0.59892	0.09229	0.04741	0.01977	0.01953	0.01412	0.00942	0.00777	0.00235	0.00832	0.00714	0.00777	0.01310
43	0.00945	0.00675	0.00900	0.01080	0.01125	0.00630	0.00720	0.01080	0.01484	0.01979	0.04274	0.72245	0.05128	0.02429	0.00990	0.00315	0.00450	0.02204	0.00720	0.00630
44	0.01711	0.01748	0.02495	0.02092	0.02200	0.05074	0.08061	0.01940	0.01301	0.01924	0.01171	0.01838	0.01111	0.01640	0.07999	0.00402	0.55372	0.00708	0.00354	0.00857
45	0.02073	0.73217	0.04063	0.01327	0.01990	0.03068	0.01327	0.02322	0.01575	0.01824	0.01078	0.01244	0.00995	0.00663	0.00498	0.00166	0.00829	0.00415	0.00332	0.00995
46	0.01805	0.01495	0.01714	0.01242	0.01921	0.01235	0.01000	0.11269	0.01907	0.02873	0.01449	0.01645	0.01173	0.00627	0.00604	0.00132	0.00615	0.00494	0.00506	0.66293
47	0.03479	0.01320	0.01799	0.01380	0.01979	0.01140	0.01140	0.03779	0.02219	0.68451	0.03059	0.02639	0.01919	0.00960	0.00780	0.00240	0.00660	0.00780	0.00960	0.01320
48	0.02649	0.01550	0.01770	0.01484	0.01983	0.04102	0.01189	0.06219	0.28115	0.32515	0.05599	0.02972	0.02333	0.01050	0.00794	0.00251	0.00667	0.02682	0.00851	0.01225
49	0.01829	0.01537	0.01975	0.04132	0.02212	0.01460	0.07138	0.14296	0.09580	0.02965	0.02085	0.11357	0.01856	0.00963	0.00733	0.00201	0.00702	0.00840	0.00583	0.33556
50	0.02021	0.01428	0.01396	0.01200	0.01523	0.06401	0.00949	0.21223	0.02262	0.03377	0.02158	0.02412	0.01666	0.00925	0.00717	0.00205	0.03872	0.00697	0.44643	0.00923
51	0.01608	0.01378	0.01608	0.01148	0.01837	0.01034	0.00919	0.01952	0.01608	0.02527	0.01378	0.01608	0.01148	0.00574	0.00574	0.00115	0.00574	0.00459	0.00459	0.77491
52	0.02398	0.01572	0.01789	0.01493	0.02013	0.01648	0.01188	0.07739	0.37926	0.21628	0.02869	0.02627	0.02052	0.00971	0.00764	0.00240	0.00638	0.00796	0.00803	0.08846
53	0.78228	0.01499	0.01140	0.01020	0.01499	0.01739	0.00840	0.02279	0.01320	0.03479	0.01080	0.01260	0.00840	0.00720	0.00480	0.00240	0.00600	0.00420	0.00480	0.00840
54	0.01324	0.01144	0.01641	0.01517	0.01599	0.01474	0.01213	0.01549	0.01219	0.01811	0.01706	0.02643	0.01641	0.07176	0.42180	0.00892	0.27354	0.00788	0.00390	0.00739
55	0.01790	0.01664	0.01496	0.01365	0.01719	0.13331	0.01045	0.02802	0.27295	0.05185	0.15286	0.04126	0.17119	0.01296	0.00823	0.00247	0.00662	0.01065	0.00723	0.00961
56	0.01929	0.01666	0.01753	0.01578	0.02016	0.01929	0.01227	0.04120	0.66513	0.03243	0.03156	0.02893	0.02367	0.01052	0.00789	0.00263	0.00614	0.00877	0.00789	0.01227
57	0.02865	0.03519	0.02190	0.01968	0.02384	0.62654	0.01487	0.07313	0.04640	0.02147	0.01314	0.01484	0.01070	0.00817	0.00708	0.00204	0.01333	0.00526	0.00439	0.00939
58	0.01919	0.01842	0.03147	0.04759	0.67914	0.01842	0.02380	0.02380	0.01765	0.02533	0.01458	0.01919	0.01228	0.00691	0.00768	0.00230	0.00921	0.00691	0.00384	0.01228
59	0.01997	0.01700	0.01792	0.01592	0.02042	0.01961	0.01244	0.08231	0.62291	0.03354	0.03069	0.02824	0.02296	0.01044	0.00788	0.00261	0.00630	0.00865	0.00788	0.01233
60	0.01097	0.00793	0.01036	0.00975	0.01158	0.00732	0.00732	0.01463	0.02195	0.03109	0.67505	0.05792	0.07316	0.01585	0.00914	0.00244	0.00366	0.01402	0.00854	0.00732
61	0.02947	0.02172	0.02327	0.01784	0.02404	0.02404	0.01474	0.65329	0.03646	0.04887	0.01862	0.01862	0.01319	0.00931	0.00776	0.00233	0.00853	0.00698	0.00776	0.01319
62	0.01069	0.00779	0.01006	0.00974	0.01148	0.00716	0.00721	0.01400	0.02091	0.02923	0.56887	0.13032	0.10952	0.01700	0.00923	0.00253	0.00377	0.01503	0.00831	0.00716
63	0.01347	0.00673	0.01010	0.01010	0.01010	0.00673	0.00673	0.01010	0.01010	0.01347	0.01347	0.02357	0.01347	0.02694	0.03030	0.77441	0.00673	0.00673	0.00337	0.00337
64	0.68338	0.01588	0.01296	0.01120	0.01618	0.01827	0.00923	0.10562	0.01625	0.03664	0.01182	0.01339	0.00903	0.00747	0.00519	0.00239	0.00633	0.00456	0.00519	0.00903
65	0.02942	0.02094	0.02268	0.01749	0.02360	0.02300	0.01441	0.58735	0.06076	0.09090	0.01994	0.01955	0.01401	0.00938	0.00776	0.00234	0.00831	0.00711	0.00789	0.01315
66	0.67279	0.01513	0.01253	0.01082	0.01583	0.01705	0.00891	0.05187	0.01494	0.07873	0.01257	0.01391	0.00944	0.00740	0.00516	0.00235	0.00614	0.00458	0.00525	0.03458
67	0.78228	0.01499	0.01140	0.01020	0.01499	0.01739	0.00840	0.02279	0.01320	0.03479	0.01080	0.01260	0.00840	0.00720	0.00480	0.00240	0.00600	0.00420	0.00480	0.00840
68	0.01464	0.01378	0.02326	0.70887	0.05340	0.01723	0.02153	0.01981	0.01550	0.01981	0.01378	0.02067	0.01034	0.00775	0.00775	0.00258	0.01034	0.00689	0.00345	0.00861
69	0.00946	0.00793	0.00826	0.00836	0.01089	0.00673	0.00638	0.01159	0.01786	0.02150	0.10004	0.07480	0.61006	0.01960	0.00927	0.00267	0.00413	0.05661	0.00725	0.00662
70	0.01576	0.06740	0.66183	0.02175	0.03302	0.01851	0.02804	0.02450	0.01635	0.02431	0.01379	0.01621	0.00983	0.00734	0.00727	0.00242	0.01133	0.00567	0.00328	0.01140
71	0.00957	0.00683	0.00913	0.01093	0.01144	0.00640	0.00741	0.01100	0.01496	0.01993	0.04267	0.69741	0.05102	0.02418	0.00993	0.00317	0.00460	0.04590	0.00720	0.00633
72	0.02094	0.01748	0.01846	0.01611	0.02079	0.02006	0.01267	0.14061	0.56303	0.03510	0.02946	0.02725	0.02197	0.01032	0.00787	0.00258	0.00653	0.00848	0.00787	0.01242
73	0.01505	0.00908	0.01189	0.01049	0.01326	0.00813	0.00807	0.01859	0.02167	0.13520	0.53689	0.05065	0.06125	0.01431	0.00875	0.00236	0.00424	0.01253	0.00850	0.04909
74	0.03092	0.06921	0.02185	0.01518	0.02142	0.01447	0.05276	0.09049	0.02234	0.48948	0.02591	0.02358	0.01695	0.00889	0.00753	0.00227	0.00726	0.00732	0.00825	0.06393
75	0.01794	0.01715	0.02922	0.22874	0.50773	0.01809	0.02318	0.02270	0.01707	0.02382	0.01436	0.01960	0.01175	0.00714	0.00770	0.00238	0.00952	0.00690	0.00373	0.01128
76	0.01124	0.00765	0.00913	0.00913	0.00937	0.00788	0.00554	0.01171	0.01148	0.01554	0.02381	0.04731	0.02670	0.61433	0.15061	0.00835	0.00976	0.01077	0.00461	0.00507
77	0.01239	0.00886	0.01235	0.01398	0.01576	0.00882	0.01215	0.01597	0.01812	0.02373	0.08363	0.08548	0.04654	0.02105	0.01060	0.00349	0.00691	0.58579	0.00723	0.00715
78	0.03457	0.01354	0.01821	0.01396	0.01996	0.01191	0.01153	0.06266	0.02277	0.65882	0.03011	0.02608	0.01895	0.00958	0.00780	0.00240	0.00668	0.00776	0.00952	0.01320
79	0.00987	0.00716	0.00942	0.01108	0.01190	0.00671	0.00788	0.01160	0.01551	0.02039	0.04530	0.57767	0.09942	0.02350	0.00996	0.00317	0.00484	0.11099	0.00719	0.00644
80	0.01763	0.01978	0.04274	0.03080	0.03809	0.01854	0.59709	0.02384	0.01834	0.02494	0.04712	0.04899	0.01608	0.00763	0.00918	0.00263	0.01232	0.00986	0.00426	0.01016
81	0.02538	0.01591	0.02525	0.08076	0.35901	0.01540	0.01845	0.02935	0.01940	0.30026	0.02121	0.02230	0.01503	0.00809	0.00773	0.00236	0.00820	0.00728	0.00622	0.01240
82	0.02659	0.01394	0.01709	0.01430	0.01921	0.01391	0.01149	0.05439	0.23472	0.36926	0.05690	0.06030	0.02501	0.01124	0.00809	0.00255	0.00632	0.03382	0.00873	0.01212
83	0.01122	0.00802	0.00996	0.00948	0.01156	0.00722	0.00711	0.01437	0.02066	0.04836	0.48996	0.08909	0.21041	0.01690	0.00914	0.00251	0.00385	0.01472	0.00820	0.00727
84	0.01724	0.01829	0.03673	0.19944	0.14377	0.01838	0.37584	0.02296	0.01740	0.02351	0.01598	0.04467	0.01285	0.00750	0.00860	0.00258	0.01150	0.00869	0.00390	0.01015
85	0.01608	0.01378	0.01608	0.01148	0.01837	0.01034	0.00919	0.01952	0.01608	0.02527	0.01378	0.01608	0.01148	0.00574	0.00574	0.00115	0.00574	0.00459	0.00459	0.77491
86	0.02126	0.68753	0.03943	0.01370	0.02016	0.07343	0.01338	0.02371	0.01615	0.01829	0.01086	0.01254	0.00995	0.00672	0.00510	0.00168	0.00866	0.00420	0.00336	0.00989
87	0.01320	0.00687	0.00943	0.00955	0.00988	0.00684	0.00640	0.01157	0.01154	0.01659	0.01822	0.07404	0.01816	0.07314	0.02539	0.53839	0.00611	0.00818	0.13218	0.00431
88	0.01108	0.00831	0.01246	0.01246	0.01385	0.00969	0.00969	0.01385	0.01246	0.01800	0.02077	0.03046	0.01938	0.05815	0.69678	0.01246	0.02077	0.00831	0.00415	0.00692
89	0.01769	0.02074	0.07108	0.02961	0.03635	0.01955	0.51245	0.02359	0.01753	0.02429	0.04293	0.02177	0.01408	0.00788	0.01118	0.00270	0.10355	0.00889	0.00402	0.01011
90	0.02828	0.02113	0.02260	0.01760	0.02359	0.02349	0.01445	0.58161	0.11007	0.04694	0.02013	0.01982	0.01441	0.00945	0.00777	0.00236	0.00825	0.00719	0.00777	0.01308
91	0.01209	0.00864	0.01203	0.01382	0.01543	0.00858	0.01180	0.01537	0.01745	0.02276	0.04127	0.17088	0.04550	0.02180	0.01060	0.00351	0.00679	0.54748	0.00715	0.00703
92	0.03392	0.01302	0.01779	0.01375	0.01958	0.01133	0.01133	0.03691	0.02184	0.66021	0.03023	0.02654	0.01920	0.01137	0.03292	0.00277	0.00711	0.00782	0.00940	0.01297
93	0.02073	0.73217	0.04063	0.01327	0.01990	0.03068	0.01327	0.02322	0.01575	0.01824	0.01078	0.01244	0.00995	0.00663	0.00498	0.00166	0.00829	0.00415	0.00332	0.00995
94	0.78228	0.01499	0.01140	0.01020	0.01499	0.01739	0.00840	0.02279	0.01320	0.03479	0.01080	0.01260	0.00840	0.00720	0.00480	0.00240	0.00600	0.00420	0.00480	0.00840
95	0.01651	0.16784	0.56798	0.02047	0.03104	0.02035	0.02581	0.02431	0.01626	0.02339	0.01334	0.01564	0.00985	0.00723	0.00693	0.00231	0.01087	0.00544	0.00328	0.01118
96	0.02033	0.01642	0.01756	0.01565	0.02014	0.01876	0.01221	0.04097	0.62195	0.07623	0.03149	0.02876	0.02337	0.01046	0.00788	0.00261	0.00617	0.00870	0.00800	0.01233
97	0.04316	0.00928	0.01553	0.05024	0.01659	0.00939	0.09222	0.01303	0.01158	0.01610	0.01368	0.02265	0.01289	0.02249	0.02536	0.60284	0.00773	0.00696	0.00350	0.00477
98	0.01764	0.01935	0.04012	0.02883	0.03624	0.01778	0.53504	0.02353	0.01785	0.02470	0.01648	0.04778	0.01328	0.00712	0.00870	0.00243	0.01170	0.00901	0.00415	0.11827
99	0.05478	0.04909	0.04407	0.01472	0.02027	0.11320	0.01232	0.12171	0.04332	0.28807	0.02842	0.02688	0.08868	0.00997	0.00747	0.00227	0.00783	0.00772	0.00725	0.05195
100	0.22078	0.05718	0.02013	0.01701	0.02153	0.43178	0.01321	0.08903	0.02090	0.02588	0.01228	0.01402	0.00989	0.00786	0.00643	0.00212	0.01119	0.00495	0.00454	0.00928
101	0.02099	0.01602	0.01739	0.01523	0.01976	0.01792	0.01196	0.08001	0.51000	0.10267	0.05559	0.03050	0.04531	0.01083	0.00796	0.00258	0.00618	0.00898	0.00806	0.01207
102	0.02947	0.02172	0.02327	0.01784	0.02404	0.02404	0.01474	0.65329	0.03646	0.04887	0.01862	0.01862	0.01319	0.00931	0.00776	0.00233	0.00853	0.00698	0.00776	0.01319
103	0.01402	0.01286	0.02110	0.58978	0.04649	0.01552	0.01916	0.01862	0.01544	0.02002	0.01758	0.11268	0.01576	0.00985	0.00795	0.00260	0.00939	0.00879	0.00398	0.03841
104	0.01919	0.01842	0.03147	0.04759	0.67914	0.01842	0.02380	0.02380	0.01765	0.02533	0.01458	0.01919	0.01228	0.00691	0.00768	0.00230	0.00921	0.00691	0.00384	0.01228
105	0.01464	0.01378	0.02326	0.70887	0.05340	0.01723	0.02153	0.01981	0.01550	0.01981	0.01378	0.02067	0.01034	0.00775	0.00775	0.00258	0.01034	0.00689	0.00345	0.00861
106	0.01206	0.00820	0.01051	0.00978	0.01191	0.00745	0.00739	0.01551	0.02153	0.06482	0.58005	0.05794	0.13166	0.01590	0.00908	0.00245	0.00384	0.01393	0.00846	0.00755
107	0.01476	0.01402	0.02401	0.68625	0.05297	0.01731	0.04259	0.01998	0.01560	0.01998	0.01384	0.02068	0.01038	0.00771	0.00780	0.00258	0.01043	0.00697	0.00346	0.00867
108	0.01888	0.01811	0.03092	0.09200	0.63712	0.01834	0.02364	0.02353	0.01751	0.02496	0.01453	0.01929	0.01215	0.00697	0.00768	0.00232	0.00929	0.00691	0.00381	0.01204
109	0.03100	0.01928	0.02176	0.01668	0.02283	0.02042	0.01378	0.47706	0.03237	0.23086	0.02204	0.02084	0.01491	0.00939	0.00777	0.00235	0.00798	0.00721	0.00828	0.01319
110	0.01097	0.00793	0.01036	0.00975	0.01158	0.00732	0.00732	0.01463	0.02195	0.03109	0.67505	0.05792	0.07316	0.01585	0.00914	0.00244	0.00366	0.01402	0.00854	0.00732
111	0.02020	0.60096	0.14088	0.01487	0.02217	0.05098	0.01572	0.02369	0.01606	0.01925	0.01131	0.01310	0.00993	0.00679	0.00542	0.00179	0.00898	0.00442	0.00333	0.01015
112	0.01464	0.01378	0.02326	0.70887	0.05340	0.01723	0.02153	0.01981	0.01550	0.01981	0.01378	0.02067	0.01034	0.00775	0.00775	0.00258	0.01034	0.00689	0.00345	0.00861
113	0.02016	0.01709	0.01802	0.01596	0.02049	0.01969	0.01248	0.09348	0.61143	0.03384	0.03045	0.02805	0.02277	0.01042	0.00788	0.00260	0.00634	0.00861	0.00788	0.01235
114	0.00945	0.00675	0.00900	0.01080	0.01125	0.00630	0.00720	0.01080	0.01484	0.01979	0.04274	0.72245	0.05128	0.02429	0.00990	0.00315	0.00450	0.02204	0.00720	0.00630
115	0.03330	0.01414	0.01841	0.01427	0.02018	0.01299	0.01174	0.08972	0.06657	0.58732	0.02965	0.02591	0.01899	0.00963	0.00780	0.00241	0.00673	0.00779	0.00933	0.01313
116	0.01607	0.01553	0.02153	0.01866	0.01871	0.02131	0.01525	0.01761	0.01183	0.01821	0.01225	0.02144	0.01264	0.09906	0.05232	0.00422	0.60442	0.00737	0.00357	0.00798
117	0.00945	0.00675	0.00900	0.01080	0.01125	0.00630	0.00720	0.01080	0.01484	0.01979	0.04274	0.72245	0.05128	0.02429	0.00990	0.00315	0.00450	0.02204	0.00720	0.00630
118	0.02073	0.73217	0.04063	0.01327	0.01990	0.03068	0.01327	0.02322	0.01575	0.01824	0.01078	0.01244	0.00995	0.00663	0.00498	0.00166	0.00829	0.00415	0.00332	0.00995
119	0.01555	0.04011	0.68733	0.02210	0.03356	0.01801	0.02865	0.02455	0.01637	0.02455	0.01391	0.01637	0.00982	0.00737	0.00737	0.00246	0.01146	0.00573	0.00327	0.01146
120	0.01445	0.00723	0.00723	0.00723	0.00903	0.00723	0.00542	0.01807	0.01626	0.02891	0.02529	0.02891	0.01987	0.00903	0.00542	0.00181	0.00361	0.00723	0.77055	0.00723
121	0.00955	0.00683	0.00909	0.01073	0.01127	0.00637	0.00721	0.01105	0.01532	0.02055	0.08520	0.67782	0.05275	0.02372	0.00985	0.00310	0.00444	0.02150	0.00729	0.00637
122	0.01136	0.00953	0.04283	0.01242	0.01428	0.00792	0.04267	0.01370	0.01623	0.04675	0.09137	0.50874	0.09157	0.02093	0.00957	0.00298	0.00533	0.03764	0.00704	0.00714
123	0.01004	0.00721	0.00953	0.01039	0.01138	0.00669	0.00724	0.01229	0.01761	0.02420	0.28922	0.46340	0.05981	0.02100	0.00960	0.00287	0.00417	0.01892	0.00772	0.00669
124	0.01696	0.01696	0.02375	0.02036	0.02036	0.02375	0.01696	0.01866	0.01187	0.01866	0.01018	0.01696	0.01018	0.01357	0.02545	0.00339	0.71332	0.00679	0.00339	0.00848
125	0.01798	0.01977	0.03933	0.02998	0.06024	0.02066	0.45756	0.02315	0.01656	0.02321	0.01418	0.01980	0.01136	0.00842	0.01343	0.00281	0.19934	0.00843	0.00378	0.01000
126	0.02045	0.01961	0.02854	0.10116	0.49721	0.08776	0.02163	0.02557	0.04797	0.05255	0.01571	0.01954	0.01269	0.00738	0.00763	0.00232	0.00955	0.00683	0.00425	0.01165
127	0.02534	0.01878	0.02036	0.01667	0.02201	0.02087	0.01351	0.35904	0.27178	0.08252	0.02511	0.02560	0.01871	0.01024	0.00792	0.00249	0.00745	0.03109	0.00790	0.01261
128	0.01919	0.02100	0.07612	0.03041	0.06103	0.01850	0.52244	0.02541	0.01833	0.06916	0.01646	0.02075	0.01217	0.00676	0.00875	0.00251	0.01207	0.00859	0.00430	0.04603
129	0.04437	0.03916	0.66193	0.02165	0.03286	0.01798	0.02789	0.02449	0.01625	0.02494	0.01380	0.01623	0.00977	0.00736	0.00727	0.00245	0.01125	0.00567	0.00333	0.01134
130	0.00952	0.00678	0.00898	0.01070	0.01114	0.00635	0.00710	0.01082	0.01470	0.01961	0.04202	0.69607	0.05038	0.05191	0.01106	0.00332	0.00462	0.02162	0.00710	0.00623
131	0.02038	0.17344	0.21003	0.02448	0.17772	0.01994	0.03865	0.07814	0.01926	0.09239	0.05995	0.02033	0.01596	0.00804	0.00719	0.00224	0.00906	0.00665	0.00480	0.01135
132	0.48904	0.01868	0.08654	0.04411	0.05708	0.01827	0.08225	0.04830	0.01528	0.03148	0.01225	0.01497	0.00946	0.00749	0.00676	0.00247	0.03635	0.00536	0.00451	0.00934
133	0.02319	0.01139	0.01486	0.01244	0.01649	0.01052	0.00998	0.05598	0.04839	0.33229	0.29299	0.04179	0.04224	0.01271	0.00848	0.00248	0.00550	0.03890	0.00890	0.01048
134	0.04188	0.03206	0.46599	0.02100	0.05269	0.01779	0.02371	0.06992	0.01821	0.08514	0.04199	0.01911	0.01351	0.00842	0.00860	0.00249	0.05532	0.00640	0.00444	0.01131
135	0.01010	0.00776	0.00927	0.00935	0.01128	0.00693	0.00695	0.01276	0.01907	0.02516	0.32441	0.16346	0.30379	0.01879	0.00932	0.00266	0.00402	0.04029	0.00776	0.00686
136	0.01105	0.00742	0.00852	0.00874	0.00880	0.00737	0.00500	0.01122	0.01171	0.01561	0.02665	0.13228	0.03099	0.64215	0.03588	0.00699	0.00715	0.01258	0.00500	0.00489
137	0.78228	0.01499	0.01140	0.01020	0.01499	0.01739	0.00840	0.02279	0.01320	0.03479	0.01080	0.01260	0.00840	0.00720	0.00480	0.00240	0.00600	0.00420	0.00480	0.00840
138	0.01097	0.00793	0.01036	0.00975	0.01158	0.00732	0.00732	0.01463	0.02195	0.03109	0.67505	0.05792	0.07316	0.01585	0.00914	0.00244	0.00366	0.01402	0.00854	0.00732
139	0.01086	0.00792	0.01020	0.00963	0.01151	0.00727	0.00722	0.01441	0.02167	0.03044	0.63675	0.05899	0.11187	0.01609	0.00915	0.00245	0.00368	0.01417	0.00845	0.00727
140	0.01567	0.03925	0.65866	0.02257	0.03387	0.01808	0.05646	0.02457	0.01646	0.02457	0.01399	0.01657	0.00991	0.00733	0.00745	0.00246	0.01153	0.00588	0.00330	0.01141
141	0.78228	0.01499	0.01140	0.01020	0.01499	0.01739	0.00840	0.02279	0.01320	0.03479	0.01080	0.01260	0.00840	0.00720	0.00480	0.00240	0.00600	0.00420	0.00480	0.00840
142	0.73208	0.01487	0.01184	0.01044	0.01532	0.01699	0.00860	0.02380	0.01380	0.07842	0.01213	0.01352	0.00912	0.00736	0.00500	0.00240	0.00604	0.00444	0.00512	0.00872
143	0.02103	0.70704	0.03996	0.01351	0.02005	0.05475	0.01333	0.02350	0.01598	0.01827	0.01082	0.01249	0.00995	0.00668	0.00505	0.00167	0.00850	0.00418	0.00334	0.00992
144	0.00974	0.00788	0.00865	0.00846	0.01083	0.00679	0.00634	0.01224	0.01903	0.02417	0.26788	0.06932	0.48465	0.01844	0.00916	0.00256	0.00384	0.01562	0.00762	0.00679
145	0.01057	0.00811	0.01141	0.10814	0.01760	0.00809	0.00948	0.01262	0.01510	0.02016	0.03741	0.57084	0.04364	0.02109	0.00945	0.00300	0.00546	0.04193	0.00656	0.03934
146	0.01576	0.06792	0.66135	0.02174	0.03301	0.01852	0.02803	0.02450	0.01635	0.02430	0.01379	0.01621	0.00983	0.00734	0.00727	0.00242	0.01133	0.00567	0.00328	0.01140
147	0.01555	0.04011	0.68733	0.02210	0.03356	0.01801	0.02865	0.02455	0.01637	0.02455	0.01391	0.01637	0.00982	0.00737	0.00737	0.00246	0.01146	0.00573	0.00327	0.01146
148	0.01464	0.01378	0.02326	0.70887	0.05340	0.01723	0.02153	0.01981	0.01550	0.01981	0.01378	0.02067	0.01034	0.00775	0.00775	0.00258	0.01034	0.00689	0.00345	0.00861
149	0.01141	0.00953	0.04067	0.01103	0.01297	0.00814	0.00854	0.04086	0.01976	0.02748	0.38963	0.29395	0.05989	0.01824	0.00928	0.00269	0.00452	0.01624	0.00778	0.00738
150	0.01464	0.01378	0.02326	0.70887	0.05340	0.01723	0.02153	0.01981	0.01550	0.01981	0.01378	0.02067	0.01034	0.00775	0.00775	0.00258	0.01034	0.00689	0.00345	0.00861
151	0.02947	0.02172	0.02327	0.01784	0.02404	0.02404	0.01474	0.65329	0.03646	0.04887	0.01862	0.01862	0.01319	0.00931	0.00776	0.00233	0.00853	0.00698	0.00776	0.01319
152	0.03445	0.01374	0.01833	0.01405	0.02007	0.01221	0.01161	0.07731	0.02311	0.64370	0.02982	0.02589	0.01881	0.00958	0.00779	0.00239	0.00672	0.00774	0.00948	0.01319
153	0.01485	0.01400	0.02363	0.67836	0.08227	0.01728	0.02164	0.01999	0.01560	0.02007	0.01382	0.02060	0.01043	0.00771	0.00775	0.00257	0.01028	0.00689	0.00346	0.00878
154	0.01555	0.04011	0.68733	0.02210	0.03356	0.01801	0.02865	0.02455	0.01637	0.02455	0.01391	0.01637	0.00982	0.00737	0.00737	0.00246	0.01146	0.00573	0.00327	0.01146
155	0.01929	0.01666	0.01753	0.01578	0.02016	0.01929	0.01227	0.04120	0.66513	0.03243	0.03156	0.02893	0.02367	0.01052	0.00789	0.00263	0.00614	0.00877	0.00789	0.01227
156	0.03479	0.01320	0.01799	0.01380	0.01979	0.01140	0.01140	0.03779	0.02219	0.68451	0.03059	0.02639	0.01919	0.00960	0.00780	0.00240	0.00660	0.00780	0.00960	0.01320
157	0.01919	0.01842	0.03147	0.04759	0.67914	0.01842	0.02380	0.02380	0.01765	0.02533	0.01458	0.01919	0.01228	0.00691	0.00768	0.00230	0.00921	0.00691	0.00384	0.01228
158	0.01464	0.01378	0.02326	0.70887	0.05340	0.01723	0.02153	0.01981	0.01550	0.01981	0.01378	0.02067	0.01034	0.00775	0.00775	0.00258	0.01034	0.00689	0.00345	0.00861
159	0.01608	0.01378	0.01608	0.01148	0.01837	0.01034	0.00919	0.01952	0.01608	0.02527	0.01378	0.01608	0.01148	0.00574	0.00574	0.00115	0.00574	0.00459	0.00459	0.77491
160	0.01097	0.00793	0.01036	0.00975	0.01158	0.00732	0.00732	0.01463	0.02195	0.03109	0.67505	0.05792	0.07316	0.01585	0.00914	0.00244	0.00366	0.01402	0.00854	0.00732
161	0.22317	0.01433	0.01664	0.01322	0.01886	0.01402	0.01088	0.07364	0.04508	0.45455	0.02484	0.02249	0.01624	0.00901	0.00704	0.00240	0.00655	0.00687	0.00820	0.01194
162	0.78228	0.01499	0.01140	0.01020	0.01499	0.01739	0.00840	0.02279	0.01320	0.03479	0.01080	0.01260	0.00840	0.00720	0.00480	0.00240	0.00600	0.00420	0.00480	0.00840
163	0.01128	0.00752	0.00846	0.00846	0.00846	0.00752	0.00470	0.01128	0.01128	0.01503	0.02443	0.05074	0.02819	0.72751	0.03946	0.00752	0.00752	0.01128	0.00470	0.00470
164	0.01300	0.00752	0.00854	0.00828	0.01010	0.00726	0.00621	0.01663	0.01864	0.02982	0.29668	0.04102	0.04213	0.01188	0.00698	0.00207	0.00363	0.01007	0.45227	0.00726
165	0.00945	0.00675	0.00900	0.01080	0.01125	0.00630	0.00720	0.01080	0.01484	0.01979	0.04274	0.72245	0.05128	0.02429	0.00990	0.00315	0.00450	0.02204	0.00720	0.00630
166	0.02073	0.73217	0.04063	0.01327	0.01990	0.03068	0.01327	0.02322	0.01575	0.01824	0.01078	0.01244	0.00995	0.00663	0.00498	0.00166	0.00829	0.00415	0.00332	0.00995
167	0.78228	0.01499	0.01140	0.01020	0.01499	0.01739	0.00840	0.02279	0.01320	0.03479	0.01080	0.01260	0.00840	0.00720	0.00480	0.00240	0.00600	0.00420	0.00480	0.00840
168	0.01069	0.00727	0.00863	0.00920	0.00935	0.00713	0.00550	0.01112	0.01242	0.01655	0.03027	0.26518	0.03556	0.50300	0.03002	0.00612	0.00655	0.01471	0.00550	0.00521
169	0.01802	0.02008	0.04111	0.03008	0.03627	0.02048	0.51718	0.02353	0.01694	0.02353	0.01452	0.02008	0.01143	0.00802	0.01259	0.00278	0.16084	0.00865	0.00381	0.01004
170	0.02520	0.01945	0.02049	0.01665	0.02210	0.04250	0.01347	0.36176	0.23259	0.06561	0.02341	0.02406	0.01753	0.00985	0.00776	0.00239	0.00768	0.02685	0.00756	0.05309
171	0.46015	0.04659	0.01517	0.05624	0.01882	0.01673	0.01027	0.05135	0.04633	0.14816	0.01654	0.01741	0.01201	0.00797	0.00582	0.00235	0.00647	0.00549	0.04649	0.00964
172	0.02877	0.01494	0.01855	0.04389	0.02110	0.01480	0.01209	0.21663	0.02563	0.36756	0.09362	0.02826	0.02310	0.04321	0.00939	0.00263	0.00707	0.00833	0.00845	0.01199
173	0.01206	0.00866	0.01196	0.01360	0.01529	0.00856	0.01162	0.01539	0.01773	0.02313	0.06621	0.14225	0.06611	0.02141	0.01053	0.00346	0.00667	0.53111	0.00720	0.00705
174	0.04914	0.46807	0.17194	0.01676	0.04678	0.05506	0.01681	0.05734	0.01722	0.02210	0.01204	0.01390	0.01012	0.00702	0.00580	0.00193	0.00915	0.00476	0.00365	0.01042
175	0.05180	0.01889	0.03811	0.10379	0.03810	0.01814	0.47074	0.02516	0.01804	0.08469	0.01655	0.02084	0.01213	0.00695	0.00855	0.00252	0.01159	0.00839	0.00445	0.04056
176	0.06550	0.20601	0.09807	0.01534	0.02148	0.06579	0.01424	0.07613	0.06891	0.22018	0.03963	0.02036	0.01582	0.00871	0.00740	0.00223	0.03046	0.00641	0.00613	0.01122
177	0.00965	0.00690	0.00918	0.01066	0.01129	0.00643	0.00721	0.01130	0.01578	0.02128	0.12609	0.63485	0.05417	0.02318	0.00980	0.00306	0.00439	0.02099	0.00737	0.00643
178	0.01488	0.01424	0.02470	0.66545	0.05258	0.01738	0.06195	0.02013	0.01568	0.02013	0.01390	0.02069	0.01043	0.00767	0.00784	0.00259	0.01051	0.00704	0.00348	0.00873
179	0.02198	0.01813	0.04980	0.01636	0.02082	0.04114	0.01367	0.16453	0.25339	0.10273	0.05159	0.02958	0.04685	0.01135	0.01009	0.00264	0.09010	0.03680	0.00714	0.01132
180	0.01905	0.02139	0.07388	0.03119	0.03910	0.01910	0.58825	0.02551	0.01842	0.05991	0.01640	0.02100	0.01207	0.00674	0.00900	0.00260	0.01265	0.00892	0.00419	0.01065
181	0.00945	0.00675	0.00900	0.01080	0.01125	0.00630	0.00720	0.01080	0.01484	0.01979	0.04274	0.72245	0.05128	0.02429	0.00990	0.00315	0.00450	0.02204	0.00720	0.00630
182	0.00952	0.00809	0.00824	0.00828	0.01084	0.00696	0.00617	0.01212	0.03919	0.02127	0.07507	0.10755	0.62094	0.01958	0.00916	0.00265	0.00403	0.01641	0.00722	0.00672
183	0.02474	0.01608	0.01928	0.01679	0.04562	0.04241	0.03805	0.10625	0.23290	0.24249	0.06960	0.06438	0.02420	0.01076	0.00804	0.00250	0.00702	0.00909	0.00796	0.01184
184	0.03324	0.01473	0.04522	0.01436	0.02052	0.01243	0.01225	0.06051	0.04596	0.61015	0.02950	0.02579	0.01875	0.00953	0.00778	0.00241	0.00685	0.00772	0.00921	0.01309
185	0.01235	0.00936	0.01160	0.01109	0.01333	0.00929	0.00857	0.01873	0.11970	0.03016	0.49178	0.05709	0.08173	0.01574	0.00912	0.00259	0.00441	0.07711	0.00825	0.00803
186	0.01985	0.01753	0.01724	0.01526	0.01954	0.06952	0.01190	0.11160	0.44355	0.03212	0.05717	0.03264	0.09535	0.01138	0.00799	0.00254	0.00669	0.00929	0.00752	0.01132
187	0.02442	0.01648	0.02542	0.09387	0.34720	0.01646	0.01866	0.06892	0.04234	0.23695	0.02046	0.02192	0.01476	0.00812	0.00773	0.00237	0.00833	0.00726	0.00603	0.01230
188	0.01535	0.03867	0.65708	0.02155	0.03258	0.01753	0.02769	0.02411	0.01662	0.02485	0.04346	0.01823	0.01265	0.00775	0.00745	0.00245	0.01111	0.00610	0.00351	0.01127
189	0.00945	0.00675	0.00900	0.01080	0.01125	0.00630	0.00720	0.01080	0.01484	0.01979	0.04274	0.72245	0.05128	0.02429	0.00990	0.00315	0.00450	0.02204	0.00720	0.00630
190	0.01608	0.01378	0.01608	0.01148	0.01837	0.01034	0.00919	0.01952	0.01608	0.02527	0.01378	0.01608	0.01148	0.00574	0.00574	0.00115	0.00574	0.00459	0.00459	0.77491
191	0.01671	0.06856	0.38798	0.07139	0.03656	0.01918	0.24110	0.02426	0.01694	0.02400	0.01435	0.01801	0.01053	0.00707	0.00788	0.00248	0.01177	0.00690	0.00351	0.01084
192	0.01972	0.59695	0.16699	0.01499	0.02257	0.02820	0.01627	0.02348	0.01587	0.01948	0.01139	0.01321	0.00993	0.00678	0.00544	0.00181	0.00891	0.00446	0.00331	0.01025
193	0.01919	0.01842	0.03147	0.04759	0.67914	0.01842	0.02380	0.02380	0.01765	0.02533	0.01458	0.01919	0.01228	0.00691	0.00768	0.00230	0.00921	0.00691	0.00384	0.01228
194	0.01608	0.01378	0.01608	0.01148	0.01837	0.01034	0.00919	0.01952	0.01608	0.02527	0.01378	0.01608	0.01148	0.00574	0.00574	0.00115	0.00574	0.00459	0.00459	0.77491
195	0.01464	0.01378	0.02326	0.70887	0.05340	0.01723	0.02153	0.01981	0.01550	0.01981	0.01378	0.02067	0.01034	0.00775	0.00775	0.00258	0.01034	0.00689	0.00345	0.00861
196	0.00945	0.00675	0.00900	0.01080	0.01125	0.00630	0.00720	0.01080	0.01484	0.01979	0.04274	0.72245	0.05128	0.02429	0.00990	0.00315	0.00450	0.02204	0.00720	0.00630
197	0.00967	0.00692	0.00920	0.01064	0.01130	0.00645	0.00721	0.01136	0.01588	0.02144	0.13492	0.62557	0.05447	0.02306	0.00979	0.00305	0.00438	0.02087	0.00739	0.00645
198	0.01679	0.01838	0.03855	0.06034	0.03612	0.01771	0.50487	0.02233	0.01743	0.02364	0.01934	0.12303	0.01740	0.00944	0.00979	0.00272	0.03723	0.01084	0.00436	0.00969
