[name]
unknown

[dist]
# distance from previous block
# <min> <max>
0	12

[block]
# block no. 0 follows, 26 sequences, length 11
# corresponding to MSA columns:
# 12-22
name=unknown_A
#
# <colnr> <probs for GDERKNQSTAVLIFYWHMCP>
#	G	D	E	R	K	N	Q	S	T	A	V	L	I	F	Y	W	H	M	C	P
0	0.02325	0.01584	0.01818	0.01484	0.01988	0.01632	0.01219	0.28838	0.09358	0.13038	0.06830	0.03224	0.02293	0.01094	0.00786	0.00235	0.00696	0.09721	0.00742	0.11096
1	0.01515	0.11677	0.04720	0.01399	0.01790	0.01477	0.05687	0.02307	0.19399	0.04259	0.05765	0.17858	0.13174	0.01417	0.00815	0.00256	0.00632	0.04308	0.00640	0.00906
2	0.02046	0.01302	0.01546	0.01328	0.01707	0.01339	0.01057	0.16216	0.12600	0.15964	0.22215	0.06281	0.03711	0.03190	0.00914	0.00263	0.00593	0.05909	0.00803	0.01014
3	0.43685	0.02156	0.22244	0.01384	0.02032	0.01603	0.01445	0.02313	0.01435	0.08097	0.01320	0.01525	0.00981	0.00860	0.00741	0.05550	0.00761	0.00501	0.00451	0.00917
4	0.02477	0.24922	0.02671	0.01673	0.02158	0.35238	0.01377	0.11711	0.02103	0.02246	0.01285	0.01491	0.01081	0.01079	0.05178	0.00257	0.01163	0.00512	0.00424	0.00954
5	0.50676	0.04973	0.01390	0.06302	0.01771	0.01567	0.00945	0.02147	0.01487	0.05870	0.09801	0.01940	0.01722	0.00814	0.00565	0.00225	0.00601	0.00571	0.00518	0.06114
6	0.02598	0.01750	0.06886	0.01539	0.02117	0.01639	0.01321	0.14492	0.24620	0.28390	0.02650	0.02431	0.01834	0.00937	0.00756	0.00238	0.00696	0.00757	0.00789	0.03560
7	0.08096	0.01326	0.04508	0.01255	0.01667	0.01221	0.01037	0.10332	0.06610	0.21197	0.16361	0.06293	0.07636	0.01317	0.00973	0.06913	0.00597	0.00959	0.00739	0.00963
8	0.02262	0.02610	0.01854	0.07656	0.02271	0.42610	0.01312	0.06863	0.02063	0.02129	0.05367	0.07408	0.06951	0.04318	0.00887	0.00242	0.01078	0.00796	0.00484	0.00840
9	0.01373	0.01040	0.01090	0.01073	0.01168	0.05817	0.00716	0.06812	0.01469	0.01887	0.02549	0.18419	0.02851	0.36064	0.02561	0.10075	0.00717	0.03213	0.00523	0.00585
10	0.02056	0.01808	0.01806	0.01562	0.02033	0.06633	0.01225	0.11868	0.48772	0.03231	0.02640	0.02489	0.01986	0.00956	0.00746	0.00237	0.00681	0.00774	0.00716	0.07783

[dist]
# distance from previous block
# <min> <max>
12	19

[block]
# block no. 1 follows, 26 sequences, length 6
# corresponding to MSA columns:
# 44-49
name=unknown_B
#
# <colnr> <probs for GDERKNQSTAVLIFYWHMCP>
#	G	D	E	R	K	N	Q	S	T	A	V	L	I	F	Y	W	H	M	C	P
0	0.15758	0.06575	0.01723	0.01325	0.01789	0.01613	0.01072	0.09981	0.18309	0.19678	0.02699	0.09791	0.04362	0.01083	0.00720	0.00243	0.00626	0.00867	0.00718	0.01069
1	0.01500	0.01142	0.01571	0.19576	0.02473	0.01189	0.01205	0.02007	0.09636	0.06121	0.06972	0.11919	0.02319	0.01558	0.05730	0.07780	0.00768	0.00918	0.00536	0.15079
2	0.01474	0.00844	0.01130	0.01075	0.01153	0.00870	0.00746	0.09026	0.01341	0.01791	0.01619	0.06639	0.01626	0.06850	0.02629	0.58849	0.00672	0.00779	0.00413	0.00473
3	0.14691	0.36924	0.07622	0.08409	0.02296	0.02392	0.01413	0.02434	0.09584	0.02287	0.01354	0.01549	0.01118	0.00756	0.00665	0.00209	0.04414	0.00513	0.00405	0.00966
4	0.19298	0.19970	0.02420	0.12684	0.02513	0.13450	0.01378	0.15304	0.01993	0.02790	0.01277	0.01497	0.01011	0.00754	0.00614	0.00212	0.00890	0.00520	0.00458	0.00967
5	0.20284	0.01936	0.13986	0.01667	0.06614	0.01599	0.01447	0.11153	0.06442	0.18333	0.05525	0.02266	0.03782	0.00892	0.00697	0.00237	0.00734	0.00692	0.00629	0.01086

[dist]
# distance from previous block
# <min> <max>
1	19

[block]
# block no. 2 follows, 26 sequences, length 24
# corresponding to MSA columns:
# 75-98
name=unknown_C
#
# <colnr> <probs for GDERKNQSTAVLIFYWHMCP>
#	G	D	E	R	K	N	Q	S	T	A	V	L	I	F	Y	W	H	M	C	P
0	0.01199	0.00996	0.01431	0.07583	0.01770	0.01131	0.03299	0.01536	0.05686	0.01958	0.02840	0.32985	0.03106	0.07212	0.13988	0.00495	0.10136	0.01386	0.00546	0.00718
1	0.01799	0.05035	0.01471	0.01141	0.01541	0.01163	0.00910	0.08730	0.06346	0.15343	0.16068	0.07836	0.20067	0.01336	0.00800	0.00231	0.00532	0.01117	0.00740	0.07795
2	0.05889	0.01807	0.08621	0.27478	0.08040	0.01741	0.16146	0.06437	0.06048	0.02486	0.01661	0.05357	0.01339	0.00820	0.00775	0.00247	0.00973	0.00777	0.00432	0.02926
3	0.01527	0.08575	0.60372	0.02023	0.03049	0.01779	0.02561	0.02329	0.01633	0.02401	0.05729	0.01842	0.01369	0.00770	0.00716	0.00235	0.01049	0.00603	0.00354	0.01084
4	0.01641	0.01892	0.07461	0.18664	0.07496	0.01764	0.39931	0.02220	0.01691	0.02286	0.01650	0.06655	0.01364	0.00787	0.00851	0.00256	0.01133	0.00896	0.00390	0.00970
5	0.03218	0.01371	0.01783	0.01391	0.01962	0.01261	0.01141	0.07082	0.09008	0.58826	0.02939	0.02567	0.01892	0.00947	0.00764	0.00237	0.00651	0.00768	0.00912	0.01281
6	0.01084	0.00813	0.01219	0.01219	0.01354	0.00948	0.00948	0.01354	0.01219	0.01761	0.02032	0.02980	0.01896	0.05689	0.70337	0.01219	0.02032	0.00813	0.00406	0.00677
7	0.06535	0.01386	0.02252	0.62500	0.09139	0.01694	0.02037	0.01983	0.01516	0.02070	0.01334	0.01961	0.01011	0.00749	0.00739	0.00250	0.00976	0.00657	0.00348	0.00865
8	0.02028	0.73799	0.03975	0.01298	0.01947	0.03001	0.01298	0.02271	0.01541	0.01785	0.01055	0.01217	0.00973	0.00649	0.00487	0.00162	0.00811	0.00406	0.00324	0.00973
9	0.01103	0.00735	0.00827	0.00827	0.00827	0.00735	0.00460	0.01103	0.01103	0.01471	0.02390	0.04964	0.02758	0.73343	0.03861	0.00735	0.00735	0.01103	0.00460	0.00460
10	0.02279	0.01543	0.01738	0.01471	0.01935	0.01670	0.01168	0.13368	0.36486	0.17482	0.09808	0.02922	0.02578	0.01047	0.00781	0.00246	0.00621	0.00865	0.00812	0.01182
11	0.01846	0.01576	0.01658	0.01484	0.01906	0.01798	0.01156	0.06739	0.58351	0.03150	0.03436	0.03180	0.08150	0.01103	0.00782	0.00256	0.00592	0.00915	0.00765	0.01155
12	0.02341	0.01592	0.01771	0.01498	0.01983	0.01731	0.01192	0.13277	0.40079	0.18313	0.03065	0.02806	0.04811	0.01028	0.00773	0.00248	0.00637	0.00840	0.00805	0.01211
13	0.01213	0.00824	0.00985	0.00935	0.01185	0.00728	0.00722	0.01491	0.01940	0.08449	0.31659	0.06294	0.33473	0.01694	0.00893	0.00253	0.00417	0.05335	0.00778	0.00733
14	0.01790	0.02046	0.04476	0.03197	0.03964	0.01918	0.65857	0.02430	0.01790	0.02430	0.01535	0.02046	0.01151	0.00639	0.00895	0.00256	0.01279	0.00895	0.00384	0.01023
15	0.01049	0.00765	0.00986	0.00951	0.01123	0.00702	0.00706	0.01375	0.02058	0.02878	0.58527	0.11764	0.10982	0.01649	0.00901	0.00246	0.00367	0.01457	0.00815	0.00702
16	0.01013	0.00701	0.00865	0.00949	0.00982	0.00675	0.00597	0.01101	0.01342	0.01800	0.07426	0.38647	0.04154	0.33651	0.02240	0.00492	0.00565	0.01642	0.00604	0.00553
17	0.00935	0.00764	0.00825	0.00823	0.01051	0.00655	0.00612	0.01158	0.01800	0.02248	0.20029	0.10554	0.52170	0.01869	0.00900	0.00255	0.00382	0.01584	0.00731	0.00655
18	0.00957	0.00676	0.00876	0.01017	0.01058	0.00638	0.00666	0.01076	0.01421	0.01901	0.06105	0.59833	0.04734	0.13534	0.01422	0.00373	0.00484	0.01963	0.00670	0.00595
19	0.01171	0.00790	0.00945	0.00937	0.01151	0.00696	0.00690	0.01399	0.01805	0.08252	0.21530	0.22480	0.31649	0.01852	0.00902	0.00263	0.00415	0.01605	0.00758	0.00711
20	0.71878	0.01498	0.01188	0.01053	0.01525	0.01734	0.00864	0.04528	0.04984	0.03438	0.01194	0.01340	0.00919	0.00729	0.00496	0.00236	0.00596	0.00445	0.00496	0.00858
21	0.02883	0.02125	0.02276	0.01745	0.02352	0.02352	0.01442	0.66082	0.03566	0.04780	0.01821	0.01821	0.01290	0.00911	0.00759	0.00228	0.00835	0.00683	0.00759	0.01290
22	0.00924	0.00660	0.00880	0.01056	0.01100	0.00616	0.00704	0.01056	0.01452	0.01936	0.04181	0.72848	0.05017	0.02376	0.00968	0.00308	0.00440	0.02156	0.00704	0.00616
23	0.00923	0.00665	0.00875	0.01044	0.01097	0.00617	0.00699	0.01058	0.01464	0.01941	0.04329	0.70068	0.07701	0.02357	0.00965	0.00306	0.00438	0.02133	0.00704	0.00617

[dist]
# distance from previous block
# <min> <max>
0	18

[block]
# block no. 3 follows, 26 sequences, length 138
# corresponding to MSA columns:
# 117-254
name=unknown_D
#
# <colnr> <probs for GDERKNQSTAVLIFYWHMCP>
#	G	D	E	R	K	N	Q	S	T	A	V	L	I	F	Y	W	H	M	C	P
0	0.73588	0.01417	0.01088	0.00978	0.01428	0.01636	0.00802	0.02199	0.01311	0.03365	0.01150	0.01338	0.00896	0.00716	0.00473	0.00231	0.00571	0.00430	0.05569	0.00814
1	0.02833	0.03615	0.02149	0.01954	0.02345	0.70298	0.01466	0.03029	0.02149	0.01856	0.01172	0.01368	0.00977	0.00782	0.00684	0.00195	0.01368	0.00489	0.00391	0.00879
2	0.03079	0.01320	0.01717	0.01347	0.01895	0.01204	0.01102	0.06817	0.07052	0.55773	0.05553	0.02860	0.04672	0.01005	0.00773	0.00237	0.00631	0.00821	0.00904	0.01237
3	0.02236	0.01325	0.01598	0.01410	0.01832	0.01368	0.01140	0.03317	0.29311	0.25600	0.07911	0.03907	0.02858	0.01214	0.00824	0.00264	0.00615	0.11337	0.00821	0.01113
4	0.01068	0.00770	0.01014	0.00994	0.01159	0.00716	0.00748	0.01401	0.02047	0.02874	0.57200	0.12954	0.06746	0.01674	0.00913	0.00253	0.00389	0.05565	0.00812	0.00704
5	0.00924	0.00660	0.00880	0.01056	0.01100	0.00616	0.00704	0.01056	0.01452	0.01936	0.04181	0.72848	0.05017	0.02376	0.00968	0.00308	0.00440	0.02156	0.00704	0.00616
6	0.01318	0.00659	0.00988	0.00988	0.00988	0.00659	0.00659	0.00988	0.00988	0.01318	0.01318	0.02306	0.01318	0.02635	0.02964	0.77931	0.00659	0.00659	0.00329	0.00329
7	0.01621	0.00907	0.00929	0.00854	0.01091	0.00939	0.00659	0.10847	0.01870	0.03103	0.02382	0.02686	0.01852	0.00887	0.00562	0.00184	0.00421	0.00704	0.66712	0.00789
8	0.02055	0.01592	0.01720	0.01522	0.01968	0.01801	0.01191	0.03994	0.60035	0.10479	0.03077	0.02802	0.02267	0.01019	0.00771	0.00255	0.00605	0.00847	0.00790	0.01211
9	0.01394	0.00709	0.00709	0.00709	0.00889	0.00704	0.00532	0.01741	0.01596	0.02798	0.02676	0.03001	0.04506	0.00924	0.00544	0.00180	0.00355	0.00741	0.74587	0.00704
10	0.01602	0.01051	0.01290	0.13691	0.01946	0.01163	0.01003	0.11554	0.01834	0.02838	0.02119	0.02547	0.01671	0.01436	0.08896	0.00322	0.00745	0.00710	0.42766	0.00817
11	0.01835	0.01584	0.01665	0.01503	0.01923	0.01821	0.01168	0.03876	0.63795	0.03114	0.03329	0.03065	0.05787	0.01076	0.00778	0.00257	0.00589	0.00897	0.00768	0.01171
12	0.02641	0.02777	0.02089	0.01808	0.02266	0.36917	0.01401	0.20381	0.16728	0.02938	0.01766	0.01810	0.01354	0.00871	0.00723	0.00218	0.01056	0.00622	0.00574	0.01061
13	0.01291	0.00825	0.01076	0.00985	0.01206	0.00751	0.00749	0.01636	0.02133	0.09362	0.59516	0.05434	0.09093	0.01507	0.00882	0.00239	0.00387	0.01322	0.00840	0.00768
14	0.01103	0.00735	0.00827	0.00827	0.00827	0.00735	0.00460	0.01103	0.01103	0.01471	0.02390	0.04964	0.02758	0.73343	0.03861	0.00735	0.00735	0.01103	0.00460	0.00460
15	0.01855	0.01780	0.03039	0.07932	0.65505	0.01796	0.02317	0.02309	0.01717	0.02452	0.01423	0.01884	0.01192	0.00680	0.00751	0.00227	0.00906	0.00676	0.00374	0.01184
16	0.02799	0.02083	0.02229	0.01728	0.02320	0.02313	0.01421	0.60853	0.08932	0.04645	0.01928	0.01906	0.01376	0.00921	0.00760	0.00230	0.00815	0.00698	0.00760	0.01282
17	0.01074	0.00775	0.01014	0.00954	0.01133	0.00716	0.00716	0.01431	0.02147	0.03042	0.68211	0.05666	0.07157	0.01551	0.00895	0.00239	0.00358	0.01372	0.00835	0.00716
18	0.01887	0.01629	0.01715	0.01544	0.01972	0.01887	0.01201	0.04031	0.67241	0.03173	0.03087	0.02830	0.02315	0.01029	0.00772	0.00257	0.00600	0.00858	0.00772	0.01201
19	0.14993	0.02749	0.02087	0.01954	0.07299	0.36607	0.01422	0.18972	0.02341	0.02901	0.01339	0.01501	0.01049	0.00794	0.00674	0.00212	0.01070	0.00540	0.00496	0.01000
20	0.01395	0.01297	0.02172	0.66295	0.04918	0.01606	0.02003	0.01873	0.01512	0.01938	0.01558	0.07275	0.01308	0.00878	0.00774	0.00257	0.00969	0.00784	0.00364	0.00826
21	0.01094	0.00731	0.00830	0.00839	0.00842	0.00729	0.00472	0.01101	0.01121	0.01495	0.02484	0.08535	0.02876	0.69610	0.03708	0.00713	0.00720	0.01158	0.00472	0.00468
22	0.00919	0.00761	0.00805	0.00811	0.01042	0.00647	0.00602	0.01126	0.01757	0.02155	0.14401	0.11843	0.56694	0.01911	0.00901	0.00258	0.00385	0.01615	0.00719	0.00647
23	0.01854	0.01778	0.03036	0.08173	0.65277	0.01796	0.02316	0.02307	0.01716	0.02450	0.01423	0.01885	0.01191	0.00680	0.00751	0.00227	0.00907	0.00676	0.00373	0.01183
24	0.02745	0.03430	0.02109	0.01916	0.02310	0.63915	0.01441	0.03122	0.08223	0.01979	0.01351	0.01504	0.01102	0.00805	0.00692	0.00201	0.01296	0.00523	0.00426	0.00909
25	0.00924	0.00660	0.00880	0.01056	0.01100	0.00616	0.00704	0.01056	0.01452	0.01936	0.04181	0.72848	0.05017	0.02376	0.00968	0.00308	0.00440	0.02156	0.00704	0.00616
26	0.03403	0.01291	0.01760	0.01350	0.01936	0.01115	0.01115	0.03697	0.02171	0.69137	0.02992	0.02582	0.01878	0.00939	0.00763	0.00235	0.00645	0.00763	0.00939	0.01291
27	0.01410	0.00705	0.00718	0.00718	0.00888	0.00705	0.00535	0.01736	0.01567	0.02767	0.02428	0.02807	0.01919	0.00954	0.00628	0.03285	0.00366	0.00705	0.74467	0.00692
28	0.02816	0.02044	0.02203	0.01710	0.02300	0.02256	0.01406	0.57783	0.09229	0.07443	0.01986	0.01945	0.01408	0.00922	0.00760	0.00231	0.00805	0.00702	0.00768	0.01282
29	0.73229	0.01514	0.01199	0.01051	0.01531	0.01749	0.00866	0.06838	0.01455	0.03503	0.01111	0.01275	0.00855	0.00719	0.00490	0.00234	0.00605	0.00430	0.00490	0.00855
30	0.00932	0.00780	0.00818	0.00837	0.01085	0.00666	0.00647	0.01142	0.01731	0.02073	0.07281	0.07438	0.61285	0.01940	0.00913	0.00266	0.00419	0.08396	0.00704	0.00647
31	0.10780	0.00799	0.00756	0.00742	0.00954	0.00827	0.00566	0.01823	0.01554	0.02898	0.02303	0.02634	0.01808	0.00862	0.00523	0.00184	0.00382	0.00671	0.68213	0.00721
32	0.03403	0.01291	0.01760	0.01350	0.01936	0.01115	0.01115	0.03697	0.02171	0.69137	0.02992	0.02582	0.01878	0.00939	0.00763	0.00235	0.00645	0.00763	0.00939	0.01291
33	0.47188	0.01640	0.01455	0.01220	0.01714	0.04801	0.00997	0.15487	0.01913	0.11263	0.01514	0.01595	0.01103	0.00786	0.00576	0.00229	0.00668	0.00526	0.04357	0.00969
34	0.00924	0.00660	0.00880	0.01056	0.01100	0.00616	0.00704	0.01056	0.01452	0.01936	0.04181	0.72848	0.05017	0.02376	0.00968	0.00308	0.00440	0.02156	0.00704	0.00616
35	0.01382	0.00841	0.01110	0.01011	0.01240	0.00766	0.00769	0.01723	0.02126	0.11896	0.57206	0.07592	0.06372	0.01497	0.00879	0.00240	0.00399	0.01317	0.00844	0.00790
36	0.01414	0.00707	0.00707	0.00707	0.00884	0.00707	0.00530	0.01767	0.01591	0.02828	0.02474	0.02828	0.01944	0.00884	0.00530	0.00177	0.00353	0.00707	0.77554	0.00707
37	0.01054	0.00775	0.00986	0.00933	0.01121	0.00707	0.00700	0.01393	0.02100	0.02930	0.61423	0.05849	0.14015	0.01592	0.00895	0.00241	0.00361	0.01397	0.00820	0.00707
38	0.01573	0.01348	0.01573	0.01123	0.01798	0.01011	0.00899	0.01910	0.01573	0.02472	0.01348	0.01573	0.01123	0.00562	0.00562	0.00112	0.00562	0.00449	0.00449	0.77980
39	0.01103	0.00735	0.00827	0.00827	0.00827	0.00735	0.00460	0.01103	0.01103	0.01471	0.02390	0.04964	0.02758	0.73343	0.03861	0.00735	0.00735	0.01103	0.00460	0.00460
40	0.02028	0.73799	0.03975	0.01298	0.01947	0.03001	0.01298	0.02271	0.01541	0.01785	0.01055	0.01217	0.00973	0.00649	0.00487	0.00162	0.00811	0.00406	0.00324	0.00973
41	0.01016	0.00768	0.00938	0.00907	0.01101	0.00690	0.00676	0.01316	0.01995	0.02708	0.48036	0.09418	0.24264	0.01695	0.00899	0.00247	0.00369	0.01475	0.00792	0.00690
42	0.02715	0.01125	0.01526	0.01253	0.01702	0.00985	0.00999	0.02991	0.02052	0.50128	0.11258	0.14284	0.03037	0.01246	0.00812	0.00247	0.00577	0.01063	0.00888	0.01111
43	0.00924	0.00660	0.00880	0.01056	0.01100	0.00616	0.00704	0.01056	0.01452	0.01936	0.04181	0.72848	0.05017	0.02376	0.00968	0.00308	0.00440	0.02156	0.00704	0.00616
44	0.54142	0.01842	0.01477	0.01262	0.01753	0.09285	0.01025	0.16066	0.01874	0.03532	0.01233	0.01374	0.00939	0.00757	0.00555	0.00229	0.00725	0.00478	0.00523	0.00929
45	0.09782	0.01448	0.01763	0.01376	0.01930	0.01401	0.01132	0.16585	0.02386	0.45381	0.06889	0.02506	0.02010	0.00953	0.00745	0.00233	0.00661	0.00755	0.00853	0.01211
46	0.02880	0.02234	0.02267	0.01761	0.02352	0.07358	0.01443	0.61437	0.03462	0.04565	0.01773	0.01788	0.01267	0.00901	0.00753	0.00225	0.00874	0.00669	0.00732	0.01260
47	0.01573	0.01348	0.01573	0.01123	0.01798	0.01011	0.00899	0.01910	0.01573	0.02472	0.01348	0.01573	0.01123	0.00562	0.00562	0.00112	0.00562	0.00449	0.00449	0.77980
48	0.01406	0.01300	0.02058	0.49686	0.04093	0.01579	0.01795	0.01814	0.01472	0.01963	0.01656	0.10671	0.01511	0.01010	0.00971	0.00259	0.09147	0.00839	0.00390	0.06381
49	0.01414	0.00707	0.00707	0.00707	0.00884	0.00707	0.00530	0.01767	0.01591	0.02828	0.02474	0.02828	0.01944	0.00884	0.00530	0.00177	0.00353	0.00707	0.77554	0.00707
50	0.01414	0.00707	0.00707	0.00707	0.00884	0.00707	0.00530	0.01767	0.01591	0.02828	0.02474	0.02828	0.01944	0.00884	0.00530	0.00177	0.00353	0.00707	0.77554	0.00707
51	0.01200	0.00709	0.00993	0.01021	0.01085	0.00669	0.00692	0.01078	0.01190	0.01614	0.02307	0.26578	0.02579	0.02396	0.02103	0.45547	0.00576	0.01160	0.00467	0.06033
52	0.01304	0.00659	0.00984	0.00991	0.00992	0.00657	0.00660	0.00991	0.01004	0.01339	0.01418	0.04790	0.01448	0.02626	0.02894	0.75197	0.00651	0.00712	0.00343	0.00339
53	0.00938	0.00691	0.00878	0.00999	0.01092	0.00632	0.00685	0.01106	0.01579	0.02086	0.12359	0.54521	0.15240	0.02206	0.00948	0.00292	0.00421	0.01975	0.00720	0.00632
54	0.01629	0.01637	0.02501	0.07780	0.02439	0.02166	0.08559	0.01878	0.01261	0.01897	0.01129	0.01790	0.01054	0.01403	0.05226	0.00357	0.55412	0.00696	0.00341	0.00845
55	0.07551	0.01629	0.01703	0.01506	0.01954	0.01863	0.01182	0.07150	0.56230	0.06216	0.02870	0.02650	0.02134	0.00995	0.00749	0.00253	0.00614	0.00812	0.00757	0.01182
56	0.06564	0.00758	0.00918	0.01031	0.01151	0.00714	0.00710	0.01181	0.01469	0.02075	0.04125	0.59001	0.09872	0.02137	0.00908	0.00290	0.00451	0.01908	0.00676	0.04060
57	0.00971	0.00704	0.00910	0.01030	0.01119	0.00655	0.00720	0.01148	0.01575	0.02096	0.12904	0.50228	0.11015	0.05370	0.01086	0.00316	0.00456	0.06355	0.00710	0.00630
58	0.00963	0.00697	0.00870	0.00973	0.01050	0.00648	0.00649	0.01103	0.01496	0.01978	0.10274	0.47297	0.12986	0.13640	0.01417	0.00364	0.00473	0.01843	0.00677	0.00603
59	0.01414	0.00707	0.00707	0.00707	0.00884	0.00707	0.00530	0.01767	0.01591	0.02828	0.02474	0.02828	0.01944	0.00884	0.00530	0.00177	0.00353	0.00707	0.77554	0.00707
60	0.01842	0.01766	0.03015	0.09949	0.63594	0.01793	0.02310	0.02297	0.01710	0.02435	0.01421	0.01889	0.01186	0.00682	0.00752	0.00227	0.00910	0.00676	0.00372	0.01173
61	0.02741	0.01296	0.01652	0.01326	0.01818	0.01223	0.01073	0.08436	0.09376	0.43745	0.15628	0.03148	0.02907	0.01066	0.00789	0.00237	0.00600	0.00885	0.00885	0.01169
62	0.00954	0.00746	0.00852	0.00874	0.01056	0.00658	0.00630	0.01164	0.01741	0.02233	0.21059	0.20256	0.37596	0.05427	0.01056	0.00286	0.00407	0.01636	0.00723	0.00644
63	0.01877	0.01802	0.03079	0.04656	0.68612	0.01802	0.02328	0.02328	0.01727	0.02478	0.01427	0.01877	0.01201	0.00676	0.00751	0.00225	0.00901	0.00676	0.00375	0.01201
64	0.01103	0.00735	0.00827	0.00827	0.00827	0.00735	0.00460	0.01103	0.01103	0.01471	0.02390	0.04964	0.02758	0.73343	0.03861	0.00735	0.00735	0.01103	0.00460	0.00460
65	0.00924	0.00660	0.00880	0.01056	0.01100	0.00616	0.00704	0.01056	0.01452	0.01936	0.04181	0.72848	0.05017	0.02376	0.00968	0.00308	0.00440	0.02156	0.00704	0.00616
66	0.01673	0.01698	0.02538	0.02111	0.02188	0.02283	0.08055	0.01886	0.01224	0.01886	0.01049	0.01698	0.01011	0.01259	0.02330	0.00324	0.64914	0.00687	0.00337	0.00849
67	0.01752	0.01675	0.02853	0.23416	0.50826	0.01769	0.02266	0.02218	0.01668	0.02327	0.01405	0.01918	0.01148	0.00699	0.00753	0.00233	0.00932	0.00675	0.00365	0.01101
68	0.00931	0.00665	0.00886	0.01052	0.01102	0.00621	0.00705	0.01073	0.01483	0.01986	0.07059	0.69828	0.05113	0.02339	0.00965	0.00305	0.00436	0.02121	0.00710	0.00621
69	0.01102	0.00740	0.00853	0.00853	0.00862	0.00749	0.00492	0.01120	0.01111	0.01490	0.02366	0.04832	0.02701	0.68868	0.08258	0.00767	0.00821	0.01084	0.00456	0.00474
70	0.01414	0.00707	0.00707	0.00707	0.00884	0.00707	0.00530	0.01767	0.01591	0.02828	0.02474	0.02828	0.01944	0.00884	0.00530	0.00177	0.00353	0.00707	0.77554	0.00707
71	0.02883	0.02125	0.02276	0.01745	0.02352	0.02352	0.01442	0.66082	0.03566	0.04780	0.01821	0.01821	0.01290	0.00911	0.00759	0.00228	0.00835	0.00683	0.00759	0.01290
72	0.01598	0.00891	0.01182	0.01043	0.01314	0.00806	0.00806	0.01941	0.02152	0.17925	0.53525	0.04971	0.05968	0.01413	0.00865	0.00238	0.00423	0.01235	0.00858	0.00845
73	0.01959	0.01665	0.01756	0.01558	0.02000	0.01920	0.01218	0.08509	0.62645	0.03289	0.02996	0.02757	0.02241	0.01021	0.00771	0.00255	0.00617	0.00845	0.00771	0.01207
74	0.01064	0.00778	0.01000	0.00954	0.01139	0.00715	0.00722	0.01407	0.02098	0.02930	0.60834	0.05905	0.12253	0.01601	0.00900	0.00244	0.00372	0.03556	0.00819	0.00709
75	0.00924	0.00660	0.00880	0.01056	0.01100	0.00616	0.00704	0.01056	0.01452	0.01936	0.04181	0.72848	0.05017	0.02376	0.00968	0.00308	0.00440	0.02156	0.00704	0.00616
76	0.02882	0.02180	0.02272	0.01753	0.02352	0.04886	0.01443	0.63731	0.03513	0.04671	0.01797	0.01804	0.01278	0.00906	0.00756	0.00226	0.00855	0.00676	0.00745	0.01275
77	0.01103	0.00735	0.00827	0.00827	0.00827	0.00735	0.00460	0.01103	0.01103	0.01471	0.02390	0.04964	0.02758	0.73343	0.03861	0.00735	0.00735	0.01103	0.00460	0.00460
78	0.08286	0.01800	0.01974	0.01566	0.02126	0.01944	0.01280	0.36112	0.14922	0.18653	0.02261	0.02135	0.01577	0.00924	0.00741	0.00235	0.00731	0.00713	0.00780	0.01240
79	0.03230	0.01253	0.01705	0.01320	0.01877	0.01085	0.01085	0.03529	0.02169	0.64235	0.07829	0.02810	0.02269	0.00984	0.00773	0.00235	0.00624	0.00808	0.00931	0.01248
80	0.00909	0.00769	0.00785	0.00781	0.01032	0.00645	0.00586	0.01112	0.01757	0.02117	0.11818	0.07188	0.64127	0.01896	0.00896	0.00255	0.00382	0.01585	0.00713	0.00645
81	0.03403	0.01291	0.01760	0.01350	0.01936	0.01115	0.01115	0.03697	0.02171	0.69137	0.02992	0.02582	0.01878	0.00939	0.00763	0.00235	0.00645	0.00763	0.00939	0.01291
82	0.00924	0.00660	0.00880	0.01056	0.01100	0.00616	0.00704	0.01056	0.01452	0.01936	0.04181	0.72848	0.05017	0.02376	0.00968	0.00308	0.00440	0.02156	0.00704	0.00616
83	0.02028	0.73799	0.03975	0.01298	0.01947	0.03001	0.01298	0.02271	0.01541	0.01785	0.01055	0.01217	0.00973	0.00649	0.00487	0.00162	0.00811	0.00406	0.00324	0.00973
84	0.01432	0.01348	0.02275	0.71520	0.05224	0.01685	0.02107	0.01938	0.01517	0.01938	0.01348	0.02022	0.01011	0.00758	0.00758	0.00253	0.01011	0.00674	0.00337	0.00843
85	0.01084	0.00813	0.01219	0.01219	0.01354	0.00948	0.00948	0.01354	0.01219	0.01761	0.02032	0.02980	0.01896	0.05689	0.70337	0.01219	0.02032	0.00813	0.00406	0.00677
86	0.01085	0.00808	0.01193	0.01193	0.01320	0.00934	0.00916	0.01338	0.01211	0.01742	0.02055	0.03111	0.01953	0.10164	0.65940	0.01187	0.01946	0.00832	0.00410	0.00663
87	0.02883	0.02125	0.02276	0.01745	0.02352	0.02352	0.01442	0.66082	0.03566	0.04780	0.01821	0.01821	0.01290	0.00911	0.00759	0.00228	0.00835	0.00683	0.00759	0.01290
88	0.01238	0.00812	0.01066	0.00982	0.01190	0.00744	0.00744	0.01591	0.02149	0.07694	0.63620	0.05449	0.06785	0.01508	0.00885	0.00238	0.00378	0.01329	0.00842	0.00756
89	0.00924	0.00660	0.00880	0.01056	0.01100	0.00616	0.00704	0.01056	0.01452	0.01936	0.04181	0.72848	0.05017	0.02376	0.00968	0.00308	0.00440	0.02156	0.00704	0.00616
90	0.01084	0.00810	0.01204	0.01204	0.01334	0.00940	0.00929	0.01345	0.01214	0.01749	0.02046	0.03057	0.01930	0.08333	0.67739	0.01200	0.01981	0.00824	0.00408	0.00669
91	0.01573	0.01348	0.01573	0.01123	0.01798	0.01011	0.00899	0.01910	0.01573	0.02472	0.01348	0.01573	0.01123	0.00562	0.00562	0.00112	0.00562	0.00449	0.00449	0.77980
92	0.01020	0.00732	0.00949	0.01090	0.01162	0.00701	0.00740	0.04243	0.01556	0.02076	0.04065	0.69368	0.04834	0.02305	0.00958	0.00304	0.00459	0.02084	0.00707	0.00649
93	0.01489	0.03696	0.64476	0.02075	0.03128	0.01686	0.02652	0.02332	0.01641	0.02448	0.06186	0.01895	0.01408	0.00781	0.00733	0.00240	0.01066	0.00619	0.00357	0.01092
94	0.01425	0.01303	0.02190	0.66854	0.04944	0.01617	0.02011	0.01875	0.01482	0.01897	0.01346	0.02041	0.01031	0.00882	0.00904	0.05391	0.00988	0.00673	0.00337	0.00809
95	0.01877	0.01802	0.03079	0.04656	0.68612	0.01802	0.02328	0.02328	0.01727	0.02478	0.01427	0.01877	0.01201	0.00676	0.00751	0.00225	0.00901	0.00676	0.00375	0.01201
96	0.00898	0.00761	0.00776	0.00789	0.01030	0.00639	0.00586	0.01086	0.01709	0.02041	0.07431	0.12031	0.63736	0.01954	0.00902	0.00260	0.00388	0.01641	0.00704	0.00639
97	0.02817	0.02092	0.02239	0.01732	0.02327	0.02321	0.01426	0.61978	0.07779	0.04674	0.01905	0.01888	0.01358	0.00918	0.00760	0.00230	0.00819	0.00694	0.00760	0.01284
98	0.02028	0.73799	0.03975	0.01298	0.01947	0.03001	0.01298	0.02271	0.01541	0.01785	0.01055	0.01217	0.00973	0.00649	0.00487	0.00162	0.00811	0.00406	0.00324	0.00973
99	0.03208	0.01438	0.01835	0.01414	0.01989	0.01348	0.01165	0.16150	0.02451	0.53615	0.05306	0.02549	0.01966	0.00957	0.00767	0.00233	0.00672	0.00771	0.00899	0.01268
100	0.01589	0.01508	0.02558	0.47959	0.27560	0.01726	0.02184	0.02075	0.01591	0.02128	0.01376	0.01971	0.01078	0.00729	0.00756	0.00243	0.00972	0.00675	0.00351	0.00969
101	0.02883	0.02125	0.02276	0.01745	0.02352	0.02352	0.01442	0.66082	0.03566	0.04780	0.01821	0.01821	0.01290	0.00911	0.00759	0.00228	0.00835	0.00683	0.00759	0.01290
102	0.01432	0.01348	0.02275	0.71520	0.05224	0.01685	0.02107	0.01938	0.01517	0.01938	0.01348	0.02022	0.01011	0.00758	0.00758	0.00253	0.01011	0.00674	0.00337	0.00843
103	0.02028	0.73799	0.03975	0.01298	0.01947	0.03001	0.01298	0.02271	0.01541	0.01785	0.01055	0.01217	0.00973	0.00649	0.00487	0.00162	0.00811	0.00406	0.00324	0.00973
104	0.00929	0.00664	0.00885	0.01053	0.01101	0.00620	0.00705	0.01069	0.01476	0.01975	0.06413	0.70506	0.05091	0.02348	0.00966	0.00306	0.00437	0.02129	0.00709	0.00620
105	0.01039	0.00774	0.00966	0.00918	0.01112	0.00701	0.00689	0.01365	0.02066	0.02848	0.56428	0.05984	0.19061	0.01623	0.00895	0.00242	0.00363	0.01416	0.00810	0.00701
106	0.00959	0.00807	0.00836	0.00822	0.01078	0.00703	0.00619	0.01255	0.04675	0.02204	0.13874	0.06929	0.58921	0.01842	0.00891	0.00254	0.00391	0.01544	0.00721	0.00673
107	0.01084	0.00813	0.01219	0.01219	0.01354	0.00948	0.00948	0.01354	0.01219	0.01761	0.02032	0.02980	0.01896	0.05689	0.70337	0.01219	0.02032	0.00813	0.00406	0.00677
108	0.00956	0.00785	0.00851	0.00876	0.01116	0.00680	0.00684	0.01180	0.01750	0.02128	0.09786	0.07426	0.55503	0.01932	0.00920	0.00270	0.00433	0.11362	0.00709	0.00653
109	0.01318	0.00659	0.00988	0.00988	0.00988	0.00659	0.00659	0.00988	0.00988	0.01318	0.01318	0.02306	0.01318	0.02635	0.02964	0.77931	0.00659	0.00659	0.00329	0.00329
110	0.01061	0.00775	0.00996	0.00941	0.01125	0.00710	0.00706	0.01406	0.02117	0.02969	0.63806	0.05785	0.11607	0.01578	0.00895	0.00240	0.00360	0.01388	0.00825	0.00710
111	0.01621	0.01603	0.02250	0.01940	0.01949	0.02232	0.01612	0.01794	0.01165	0.01821	0.01064	0.01747	0.01055	0.01616	0.06978	0.00391	0.67329	0.00674	0.00337	0.00820
112	0.07364	0.01300	0.01726	0.01331	0.01912	0.01146	0.01099	0.03619	0.02125	0.65679	0.02891	0.02511	0.01822	0.00926	0.00747	0.00235	0.00642	0.00744	0.00914	0.01266
113	0.01722	0.01006	0.01265	0.01146	0.01446	0.00962	0.00885	0.02273	0.11061	0.18734	0.29810	0.13083	0.08612	0.01474	0.00860	0.00253	0.00483	0.03198	0.00823	0.00904
114	0.01149	0.00790	0.01028	0.00967	0.01158	0.00724	0.00725	0.01490	0.02107	0.05430	0.61268	0.08200	0.08938	0.01572	0.00893	0.00242	0.00373	0.01387	0.00829	0.00731
115	0.03005	0.01203	0.01633	0.01282	0.01799	0.01047	0.01047	0.03309	0.02167	0.57833	0.14147	0.03109	0.02781	0.01043	0.00785	0.00235	0.00596	0.00867	0.00921	0.01192
116	0.02883	0.02125	0.02276	0.01745	0.02352	0.02352	0.01442	0.66082	0.03566	0.04780	0.01821	0.01821	0.01290	0.00911	0.00759	0.00228	0.00835	0.00683	0.00759	0.01290
117	0.01281	0.00779	0.01012	0.01044	0.01210	0.00705	0.00747	0.01486	0.01717	0.11114	0.17183	0.42973	0.11893	0.01971	0.00918	0.00279	0.00445	0.01754	0.00761	0.00728
118	0.01573	0.01348	0.01573	0.01123	0.01798	0.01011	0.00899	0.01910	0.01573	0.02472	0.01348	0.01573	0.01123	0.00562	0.00562	0.00112	0.00562	0.00449	0.00449	0.77980
119	0.01146	0.00791	0.01037	0.00967	0.01158	0.00728	0.00728	0.01502	0.02148	0.05097	0.66183	0.05570	0.06993	0.01532	0.00891	0.00238	0.00367	0.01353	0.00838	0.00734
120	0.01095	0.00732	0.00830	0.00837	0.00839	0.00730	0.00471	0.01101	0.01119	0.01491	0.02470	0.07991	0.02858	0.70178	0.03732	0.00716	0.00722	0.01150	0.00471	0.00467
121	0.08280	0.01280	0.01684	0.01309	0.01869	0.01136	0.01078	0.03498	0.02112	0.61841	0.05773	0.02630	0.02043	0.00951	0.00749	0.00235	0.00629	0.00767	0.00903	0.01234
122	0.01074	0.00775	0.01014	0.00954	0.01133	0.00716	0.00716	0.01431	0.02147	0.03042	0.68211	0.05666	0.07157	0.01551	0.00895	0.00239	0.00358	0.01372	0.00835	0.00716
123	0.02178	0.01695	0.01821	0.01566	0.02039	0.01916	0.01238	0.15341	0.50913	0.08228	0.02849	0.02628	0.02096	0.01001	0.00769	0.00250	0.00646	0.00819	0.00781	0.01223
124	0.02837	0.03507	0.02159	0.01939	0.02345	0.65394	0.01464	0.07580	0.02252	0.02067	0.01219	0.01401	0.01000	0.00791	0.00689	0.00198	0.01329	0.00503	0.00417	0.00909
125	0.01074	0.00775	0.01014	0.00954	0.01133	0.00716	0.00716	0.01431	0.02147	0.03042	0.68211	0.05666	0.07157	0.01551	0.00895	0.00239	0.00358	0.01372	0.00835	0.00716
126	0.01887	0.01629	0.01715	0.01544	0.01972	0.01887	0.01201	0.04031	0.67241	0.03173	0.03087	0.02830	0.02315	0.01029	0.00772	0.00257	0.00600	0.00858	0.00772	0.01201
127	0.02028	0.73799	0.03975	0.01298	0.01947	0.03001	0.01298	0.02271	0.01541	0.01785	0.01055	0.01217	0.00973	0.00649	0.00487	0.00162	0.00811	0.00406	0.00324	0.00973
128	0.01050	0.00774	0.00981	0.00930	0.01119	0.00706	0.00697	0.01386	0.02091	0.02909	0.60151	0.05883	0.15300	0.01600	0.00895	0.00241	0.00361	0.01402	0.00818	0.00706
129	0.01085	0.00807	0.01191	0.01191	0.01316	0.00933	0.00913	0.01336	0.01211	0.01740	0.02058	0.03123	0.01958	0.10572	0.65539	0.01184	0.01938	0.00834	0.00410	0.00662
130	0.02471	0.01084	0.01461	0.01191	0.01615	0.00955	0.00955	0.02790	0.02161	0.42678	0.29100	0.03816	0.03991	0.01184	0.00816	0.00236	0.00530	0.01007	0.00897	0.01061
131	0.02118	0.01608	0.01754	0.01536	0.01988	0.01805	0.01216	0.10066	0.50990	0.10352	0.02993	0.02960	0.02259	0.01056	0.00782	0.00256	0.00633	0.03646	0.00785	0.01197
132	0.02828	0.01976	0.02158	0.01676	0.02255	0.02156	0.01376	0.55463	0.05849	0.10814	0.02063	0.04327	0.01512	0.00967	0.00767	0.00232	0.00794	0.00747	0.00775	0.01264
133	0.02548	0.01893	0.02056	0.01643	0.02168	0.02086	0.01342	0.52030	0.08352	0.04315	0.05040	0.06108	0.01961	0.01078	0.00790	0.00240	0.00768	0.03628	0.00758	0.01196
134	0.01414	0.00707	0.00707	0.00707	0.00884	0.00707	0.00530	0.01767	0.01591	0.02828	0.02474	0.02828	0.01944	0.00884	0.00530	0.00177	0.00353	0.00707	0.77554	0.00707
135	0.02708	0.02015	0.02164	0.01697	0.02263	0.02234	0.01387	0.57686	0.09112	0.04511	0.02038	0.05078	0.01547	0.00986	0.00769	0.00234	0.00796	0.00764	0.00757	0.01252
136	0.05497	0.45844	0.15071	0.01471	0.02177	0.05165	0.01526	0.02512	0.01649	0.10904	0.01371	0.01473	0.01085	0.00708	0.00572	0.00190	0.00857	0.00484	0.00414	0.01031
137	0.25713	0.29719	0.06966	0.01375	0.01943	0.08292	0.01274	0.05302	0.03838	0.05145	0.01262	0.01411	0.01022	0.00742	0.00617	0.00208	0.03305	0.00475	0.00433	0.00957

[dist]
# distance from previous block
# <min> <max>
0	2

[block]
# block no. 4 follows, 26 sequences, length 96
# corresponding to MSA columns:
# 257-352
name=unknown_E
#
# <colnr> <probs for GDERKNQSTAVLIFYWHMCP>
#	G	D	E	R	K	N	Q	S	T	A	V	L	I	F	Y	W	H	M	C	P
0	0.01512	0.01481	0.02251	0.35481	0.03605	0.05295	0.06865	0.01901	0.01446	0.01917	0.01417	0.02104	0.01187	0.01806	0.14457	0.00451	0.14937	0.00707	0.00356	0.00825
1	0.02756	0.02049	0.02208	0.01685	0.02298	0.02222	0.01389	0.59837	0.03372	0.04556	0.01775	0.01797	0.01274	0.00877	0.00740	0.00216	0.00808	0.00660	0.00729	0.08754
2	0.00928	0.00668	0.00880	0.01042	0.01098	0.00620	0.00700	0.01069	0.01485	0.01976	0.06345	0.68233	0.07483	0.02333	0.00963	0.00304	0.00435	0.02110	0.00708	0.00620
3	0.76001	0.01490	0.01156	0.01024	0.01498	0.01725	0.00844	0.04504	0.01372	0.03452	0.01083	0.01253	0.00838	0.00711	0.00480	0.00234	0.00596	0.00420	0.00480	0.00838
4	0.01659	0.01659	0.02323	0.01991	0.01991	0.02323	0.01659	0.01825	0.01162	0.01825	0.00996	0.01659	0.00996	0.01328	0.02489	0.00332	0.71955	0.00664	0.00332	0.00830
5	0.01109	0.00805	0.01075	0.01199	0.01333	0.00790	0.00936	0.01450	0.04491	0.02296	0.14035	0.33460	0.04972	0.02077	0.00980	0.00312	0.00538	0.26728	0.00725	0.00690
6	0.01060	0.00770	0.00999	0.00952	0.01128	0.00709	0.00710	0.01402	0.02102	0.02957	0.63180	0.08600	0.09383	0.01600	0.00898	0.00242	0.00362	0.01414	0.00824	0.00709
7	0.01085	0.00807	0.01192	0.01192	0.01319	0.00934	0.00915	0.01337	0.01211	0.01741	0.02056	0.03115	0.01955	0.10294	0.65813	0.01186	0.01943	0.00832	0.00410	0.00662
8	0.01113	0.00801	0.01069	0.01071	0.01248	0.00757	0.00849	0.01468	0.02042	0.02839	0.51326	0.06426	0.06423	0.01694	0.00935	0.00268	0.00447	0.17715	0.00799	0.00711
9	0.00971	0.00713	0.00913	0.01003	0.01116	0.00655	0.00709	0.01178	0.01683	0.02255	0.21550	0.43979	0.14047	0.02087	0.00942	0.00284	0.00420	0.04106	0.00738	0.00649
10	0.01317	0.00948	0.01067	0.00999	0.01284	0.00896	0.00761	0.01862	0.12280	0.08401	0.19501	0.09332	0.35201	0.01636	0.00868	0.00253	0.00439	0.01388	0.00764	0.00802
11	0.01084	0.00813	0.01219	0.01219	0.01354	0.00948	0.00948	0.01354	0.01219	0.01761	0.02032	0.02980	0.01896	0.05689	0.70337	0.01219	0.02032	0.00813	0.00406	0.00677
12	0.02800	0.03370	0.02146	0.01914	0.02330	0.60010	0.01452	0.10023	0.04965	0.02233	0.01322	0.01478	0.01066	0.00806	0.00696	0.00201	0.01278	0.00525	0.00447	0.00938
13	0.01014	0.00759	0.00941	0.00926	0.01104	0.00686	0.00683	0.01304	0.01961	0.02672	0.46090	0.14885	0.20702	0.01743	0.00905	0.00252	0.00375	0.01527	0.00788	0.00686
14	0.02046	0.01658	0.01767	0.01553	0.02005	0.01892	0.01218	0.09553	0.58517	0.06400	0.02970	0.02728	0.02203	0.01014	0.00770	0.00254	0.00623	0.00838	0.00778	0.01213
15	0.01849	0.01589	0.01682	0.01516	0.01933	0.01832	0.01178	0.03909	0.64198	0.03167	0.06132	0.02963	0.02542	0.01053	0.00778	0.00256	0.00589	0.00882	0.00775	0.01178
16	0.01036	0.00752	0.00976	0.00966	0.01122	0.00693	0.00707	0.01342	0.01991	0.02778	0.52823	0.18919	0.09596	0.01730	0.00909	0.00253	0.00375	0.01536	0.00803	0.00693
17	0.01050	0.00797	0.00850	0.00821	0.01086	0.00674	0.00621	0.01267	0.01802	0.05720	0.14598	0.06857	0.57550	0.01825	0.00889	0.00253	0.00395	0.01529	0.00732	0.00684
18	0.01033	0.00743	0.00948	0.01063	0.01147	0.00710	0.00731	0.03755	0.01572	0.02095	0.07464	0.57050	0.07299	0.07076	0.01152	0.00330	0.00478	0.04017	0.00696	0.00642
19	0.01573	0.01348	0.01573	0.01123	0.01798	0.01011	0.00899	0.01910	0.01573	0.02472	0.01348	0.01573	0.01123	0.00562	0.00562	0.00112	0.00562	0.00449	0.00449	0.77980
20	0.00932	0.00666	0.00887	0.01051	0.01102	0.00621	0.00705	0.01076	0.01490	0.01996	0.07646	0.69212	0.05133	0.02332	0.00964	0.00304	0.00436	0.02114	0.00711	0.00621
21	0.05668	0.01207	0.01584	0.01259	0.01750	0.01085	0.01024	0.05048	0.02176	0.49802	0.17594	0.03204	0.03011	0.01067	0.00781	0.00235	0.00584	0.00885	0.00892	0.01144
22	0.01536	0.00838	0.01121	0.01094	0.01302	0.00759	0.00802	0.01770	0.01816	0.17693	0.22226	0.37484	0.04908	0.01810	0.00900	0.00271	0.00464	0.01612	0.00795	0.00800
23	0.01074	0.00775	0.01014	0.00954	0.01133	0.00716	0.00716	0.01431	0.02147	0.03042	0.68211	0.05666	0.07157	0.01551	0.00895	0.00239	0.00358	0.01372	0.00835	0.00716
24	0.01094	0.00731	0.00830	0.00839	0.00842	0.00729	0.00473	0.01101	0.01122	0.01495	0.02485	0.08559	0.02877	0.69584	0.03707	0.00713	0.00720	0.01159	0.00473	0.00468
25	0.01011	0.00722	0.00912	0.01014	0.01076	0.00696	0.00671	0.01209	0.03727	0.01999	0.10593	0.48914	0.04674	0.17243	0.01565	0.00389	0.00499	0.01805	0.00669	0.00614
26	0.01691	0.00874	0.01078	0.00986	0.01145	0.00824	0.00655	0.01781	0.01417	0.19313	0.02716	0.10706	0.02738	0.47640	0.02774	0.00564	0.00684	0.01112	0.00609	0.00693
27	0.01199	0.00857	0.01196	0.01371	0.01535	0.00853	0.01182	0.01532	0.01723	0.02244	0.04029	0.13522	0.04416	0.02117	0.01042	0.00346	0.00678	0.58768	0.00699	0.00692
28	0.01499	0.00821	0.01100	0.01101	0.01291	0.00745	0.00797	0.01710	0.01746	0.16938	0.16402	0.44290	0.04743	0.01899	0.00909	0.00278	0.00469	0.01697	0.00781	0.00784
29	0.00924	0.00660	0.00880	0.01056	0.01100	0.00616	0.00704	0.01056	0.01452	0.01936	0.04181	0.72848	0.05017	0.02376	0.00968	0.00308	0.00440	0.02156	0.00704	0.00616
30	0.00906	0.00769	0.00781	0.00778	0.01030	0.00644	0.00584	0.01107	0.01751	0.02102	0.10890	0.07213	0.65065	0.01901	0.00896	0.00255	0.00383	0.01589	0.00711	0.00644
31	0.01432	0.01348	0.02275	0.71520	0.05224	0.01685	0.02107	0.01938	0.01517	0.01938	0.01348	0.02022	0.01011	0.00758	0.00758	0.00253	0.01011	0.00674	0.00337	0.00843
32	0.01432	0.01348	0.02275	0.71520	0.05224	0.01685	0.02107	0.01938	0.01517	0.01938	0.01348	0.02022	0.01011	0.00758	0.00758	0.00253	0.01011	0.00674	0.00337	0.00843
33	0.03403	0.01291	0.01760	0.01350	0.01936	0.01115	0.01115	0.03697	0.02171	0.69137	0.02992	0.02582	0.01878	0.00939	0.00763	0.00235	0.00645	0.00763	0.00939	0.01291
34	0.00928	0.00670	0.00879	0.01037	0.01097	0.00621	0.00698	0.01072	0.01492	0.01983	0.06698	0.66929	0.08447	0.02322	0.00962	0.00303	0.00434	0.02098	0.00709	0.00621
35	0.02883	0.02125	0.02276	0.01745	0.02352	0.02352	0.01442	0.66082	0.03566	0.04780	0.01821	0.01821	0.01290	0.00911	0.00759	0.00228	0.00835	0.00683	0.00759	0.01290
36	0.03103	0.01382	0.01769	0.01399	0.01957	0.01300	0.01142	0.05849	0.14341	0.54691	0.02971	0.02602	0.01939	0.00955	0.00764	0.00239	0.00643	0.00778	0.00902	0.01274
37	0.02883	0.02125	0.02276	0.01745	0.02352	0.02352	0.01442	0.66082	0.03566	0.04780	0.01821	0.01821	0.01290	0.00911	0.00759	0.00228	0.00835	0.00683	0.00759	0.01290
38	0.01790	0.02046	0.04476	0.03197	0.03964	0.01918	0.65857	0.02430	0.01790	0.02430	0.01535	0.02046	0.01151	0.00639	0.00895	0.00256	0.01279	0.00895	0.00384	0.01023
39	0.01877	0.01802	0.03079	0.04656	0.68612	0.01802	0.02328	0.02328	0.01727	0.02478	0.01427	0.01877	0.01201	0.00676	0.00751	0.00225	0.00901	0.00676	0.00375	0.01201
40	0.01928	0.01898	0.03030	0.04514	0.65125	0.05406	0.02282	0.02365	0.01749	0.02445	0.01413	0.01850	0.01190	0.00681	0.00747	0.00224	0.00926	0.00666	0.00376	0.01185
41	0.01877	0.01802	0.03079	0.04656	0.68612	0.01802	0.02328	0.02328	0.01727	0.02478	0.01427	0.01877	0.01201	0.00676	0.00751	0.00225	0.00901	0.00676	0.00375	0.01201
42	0.01074	0.00775	0.01014	0.00954	0.01133	0.00716	0.00716	0.01431	0.02147	0.03042	0.68211	0.05666	0.07157	0.01551	0.00895	0.00239	0.00358	0.01372	0.00835	0.00716
43	0.00896	0.00768	0.00768	0.00768	0.01025	0.00640	0.00576	0.01089	0.01729	0.02049	0.07684	0.07300	0.68304	0.01921	0.00896	0.00256	0.00384	0.01601	0.00704	0.00640
44	0.00896	0.00768	0.00768	0.00768	0.01025	0.00640	0.00576	0.01089	0.01729	0.02049	0.07684	0.07300	0.68304	0.01921	0.00896	0.00256	0.00384	0.01601	0.00704	0.00640
45	0.03403	0.01291	0.01760	0.01350	0.01936	0.01115	0.01115	0.03697	0.02171	0.69137	0.02992	0.02582	0.01878	0.00939	0.00763	0.00235	0.00645	0.00763	0.00939	0.01291
46	0.03403	0.01291	0.01760	0.01350	0.01936	0.01115	0.01115	0.03697	0.02171	0.69137	0.02992	0.02582	0.01878	0.00939	0.00763	0.00235	0.00645	0.00763	0.00939	0.01291
47	0.00924	0.00660	0.00880	0.01056	0.01100	0.00616	0.00704	0.01056	0.01452	0.01936	0.04181	0.72848	0.05017	0.02376	0.00968	0.00308	0.00440	0.02156	0.00704	0.00616
48	0.01432	0.01348	0.02275	0.71520	0.05224	0.01685	0.02107	0.01938	0.01517	0.01938	0.01348	0.02022	0.01011	0.00758	0.00758	0.00253	0.01011	0.00674	0.00337	0.00843
49	0.01887	0.01629	0.01715	0.01544	0.01972	0.01887	0.01201	0.04031	0.67241	0.03173	0.03087	0.02830	0.02315	0.01029	0.00772	0.00257	0.00600	0.00858	0.00772	0.01201
50	0.01573	0.01348	0.01573	0.01123	0.01798	0.01011	0.00899	0.01910	0.01573	0.02472	0.01348	0.01573	0.01123	0.00562	0.00562	0.00112	0.00562	0.00449	0.00449	0.77980
51	0.01790	0.02046	0.04476	0.03197	0.03964	0.01918	0.65857	0.02430	0.01790	0.02430	0.01535	0.02046	0.01151	0.00639	0.00895	0.00256	0.01279	0.00895	0.00384	0.01023
52	0.02844	0.03305	0.02176	0.01911	0.02346	0.56145	0.01461	0.16163	0.02445	0.02465	0.01308	0.01462	0.01042	0.00808	0.00700	0.00202	0.01257	0.00529	0.00467	0.00965
53	0.02690	0.01990	0.02163	0.04662	0.02377	0.02212	0.01409	0.56598	0.06821	0.04469	0.01904	0.01937	0.01368	0.00909	0.00747	0.00228	0.00804	0.00693	0.04782	0.01235
54	0.00906	0.00769	0.00782	0.00778	0.01030	0.00644	0.00584	0.01107	0.01751	0.02102	0.10933	0.07212	0.65021	0.01901	0.00896	0.00255	0.00383	0.01589	0.00711	0.00644
55	0.02883	0.02125	0.02276	0.01745	0.02352	0.02352	0.01442	0.66082	0.03566	0.04780	0.01821	0.01821	0.01290	0.00911	0.00759	0.00228	0.00835	0.00683	0.00759	0.01290
56	0.00896	0.00768	0.00768	0.00768	0.01025	0.00640	0.00576	0.01089	0.01729	0.02049	0.07684	0.07300	0.68304	0.01921	0.00896	0.00256	0.00384	0.01601	0.00704	0.00640
57	0.01573	0.01348	0.01573	0.01123	0.01798	0.01011	0.00899	0.01910	0.01573	0.02472	0.01348	0.01573	0.01123	0.00562	0.00562	0.00112	0.00562	0.00449	0.00449	0.77980
