[name]
unknown

[dist]
# distance from previous block
# <min> <max>
25	69

[block]
# block no. 0 follows, 25 sequences, length 11
# corresponding to MSA columns:
# 91-101
name=unknown_A
#
# <colnr> <probs for GDERKNQSTAVLIFYWHMCP>
#	G	D	E	R	K	N	Q	S	T	A	V	L	I	F	Y	W	H	M	C	P
0	0.09306	0.01324	0.01647	0.01487	0.05585	0.01245	0.01097	0.06584	0.05680	0.28717	0.02704	0.15577	0.02270	0.01150	0.00762	0.00236	0.00626	0.00967	0.00743	0.12293
1	0.02537	0.01968	0.02096	0.01701	0.02248	0.02213	0.01374	0.40649	0.28994	0.04224	0.02383	0.02277	0.01741	0.00980	0.00781	0.00245	0.00757	0.00770	0.00781	0.01282
2	0.04036	0.01509	0.01861	0.30493	0.03219	0.10445	0.01587	0.01919	0.01581	0.02024	0.01998	0.09021	0.01916	0.01872	0.11225	0.00419	0.05610	0.08021	0.00442	0.00802
3	0.01046	0.00783	0.01044	0.09123	0.01544	0.00787	0.00818	0.01198	0.01429	0.01876	0.03774	0.43468	0.08770	0.18724	0.01654	0.00407	0.00584	0.01733	0.00617	0.00621
4	0.33774	0.01276	0.01282	0.05112	0.01671	0.01416	0.00928	0.06519	0.05725	0.06981	0.03681	0.02085	0.01495	0.01117	0.00951	0.11543	0.00614	0.00619	0.12378	0.00832
5	0.01173	0.00995	0.01614	0.01466	0.01665	0.01030	0.10260	0.01434	0.01438	0.01966	0.03115	0.25569	0.07761	0.07140	0.25906	0.00663	0.04202	0.01355	0.00532	0.00716
6	0.01929	0.01666	0.01753	0.01578	0.02016	0.01929	0.01227	0.04120	0.66513	0.03243	0.03156	0.02893	0.02367	0.01052	0.00789	0.00263	0.00614	0.00877	0.00789	0.01227
7	0.01808	0.01501	0.01755	0.04746	0.02101	0.01280	0.01066	0.11751	0.01920	0.02864	0.01453	0.01670	0.01169	0.00639	0.00615	0.00140	0.00640	0.00508	0.00503	0.61870
8	0.50456	0.01477	0.01450	0.01229	0.01683	0.01662	0.01015	0.02610	0.01531	0.19693	0.01572	0.01659	0.01133	0.00854	0.00796	0.00251	0.08842	0.00541	0.00585	0.00962
9	0.01387	0.01272	0.02107	0.08073	0.02280	0.01440	0.12967	0.01635	0.01466	0.02035	0.04604	0.27032	0.02747	0.01660	0.01511	0.05923	0.19304	0.01289	0.00502	0.00767
10	0.01551	0.01355	0.01853	0.01916	0.09533	0.01436	0.06980	0.02633	0.28811	0.02620	0.03232	0.28611	0.03158	0.01488	0.00873	0.00278	0.00651	0.01354	0.00680	0.00988

[dist]
# distance from previous block
# <min> <max>
2	5

[block]
# block no. 1 follows, 25 sequences, length 7
# corresponding to MSA columns:
# 107-113
name=unknown_B
#
# <colnr> <probs for GDERKNQSTAVLIFYWHMCP>
#	G	D	E	R	K	N	Q	S	T	A	V	L	I	F	Y	W	H	M	C	P
0	0.01458	0.01274	0.02090	0.44219	0.10825	0.01485	0.01881	0.01875	0.01585	0.02067	0.01966	0.03496	0.01807	0.01192	0.00995	0.05684	0.00928	0.13912	0.00427	0.00832
1	0.01266	0.00990	0.01403	0.01805	0.15391	0.00931	0.01069	0.01505	0.01671	0.04698	0.07441	0.31791	0.18854	0.04212	0.01016	0.00294	0.00560	0.03657	0.00655	0.00792
2	0.02077	0.02313	0.01900	0.01592	0.02070	0.30187	0.05184	0.04913	0.01990	0.02262	0.02715	0.02808	0.15265	0.00986	0.00730	0.00196	0.00943	0.00766	0.00498	0.20602
3	0.02231	0.01748	0.01920	0.04662	0.02252	0.01976	0.01334	0.21100	0.40580	0.06352	0.02750	0.02802	0.02083	0.01048	0.00796	0.00257	0.00706	0.03413	0.00770	0.01219
4	0.02679	0.02179	0.02531	0.02564	0.19299	0.06322	0.01709	0.45333	0.03073	0.04099	0.01718	0.01848	0.01276	0.00861	0.00769	0.00230	0.00904	0.00684	0.00652	0.01270
5	0.01770	0.01872	0.02298	0.56195	0.04713	0.16207	0.02014	0.02219	0.01688	0.01963	0.01340	0.01925	0.01026	0.00780	0.00759	0.00246	0.01111	0.00649	0.00356	0.00869
6	0.12545	0.01715	0.06478	0.16529	0.23421	0.01658	0.01809	0.02710	0.06286	0.16653	0.01847	0.02063	0.01347	0.00797	0.00732	0.00243	0.00837	0.00678	0.00537	0.01115

[dist]
# distance from previous block
# <min> <max>
5	8

[block]
# block no. 2 follows, 25 sequences, length 51
# corresponding to MSA columns:
# 122-172
name=unknown_C
#
# <colnr> <probs for GDERKNQSTAVLIFYWHMCP>
#	G	D	E	R	K	N	Q	S	T	A	V	L	I	F	Y	W	H	M	C	P
0	0.01985	0.10591	0.39999	0.02107	0.04862	0.16904	0.02267	0.05155	0.04754	0.02404	0.01418	0.01619	0.01070	0.00764	0.00709	0.00227	0.01128	0.00563	0.00384	0.01089
1	0.01916	0.06761	0.03245	0.06128	0.44843	0.04368	0.09762	0.02349	0.01711	0.02372	0.01390	0.01858	0.01171	0.00757	0.00942	0.00240	0.07990	0.00691	0.00376	0.01129
2	0.01076	0.00785	0.01011	0.00969	0.01149	0.00720	0.00721	0.01416	0.02122	0.02971	0.59546	0.10008	0.11280	0.01663	0.00919	0.00249	0.00373	0.01468	0.00836	0.00720
3	0.02249	0.46688	0.03396	0.04753	0.04519	0.12655	0.01437	0.09248	0.04581	0.02253	0.01292	0.01462	0.01097	0.00734	0.00591	0.00188	0.00919	0.00499	0.00411	0.01027
4	0.01621	0.01397	0.01671	0.01298	0.04571	0.01067	0.00979	0.01970	0.01614	0.02527	0.01381	0.01621	0.01152	0.00579	0.00582	0.00120	0.00589	0.00469	0.00456	0.74335
5	0.01793	0.11936	0.50491	0.06305	0.03185	0.01886	0.02472	0.02535	0.01679	0.08570	0.01510	0.01711	0.01075	0.00751	0.00714	0.00236	0.01055	0.00581	0.00389	0.01126
6	0.01717	0.04276	0.03491	0.02591	0.03043	0.02024	0.35725	0.02151	0.01567	0.02202	0.01550	0.06291	0.01385	0.01159	0.03586	0.00318	0.24695	0.00896	0.00393	0.00941
7	0.00994	0.00732	0.00930	0.01000	0.01125	0.00669	0.00704	0.01218	0.01774	0.02390	0.26811	0.39488	0.15177	0.02066	0.00953	0.00282	0.00412	0.01841	0.00766	0.00669
8	0.03275	0.04786	0.04282	0.01462	0.02086	0.01426	0.01254	0.12241	0.02369	0.54305	0.02745	0.02433	0.01761	0.00935	0.00765	0.00236	0.00711	0.00745	0.00884	0.01299
9	0.01079	0.00787	0.01004	0.01114	0.01216	0.00765	0.00774	0.05106	0.01623	0.02157	0.04232	0.58492	0.09169	0.02533	0.05641	0.00369	0.00581	0.01976	0.00703	0.00679
10	0.00943	0.00682	0.00892	0.01060	0.01119	0.00631	0.00711	0.01082	0.01504	0.01987	0.04517	0.67840	0.09376	0.02398	0.00985	0.00311	0.00446	0.02166	0.00720	0.00631
11	0.01320	0.00892	0.01152	0.01126	0.01345	0.00853	0.00882	0.01768	0.06017	0.07280	0.39637	0.10966	0.08645	0.01696	0.00933	0.00273	0.00475	0.13138	0.00814	0.00788
12	0.01993	0.05366	0.03126	0.04408	0.60321	0.06510	0.02270	0.02426	0.01786	0.02456	0.01423	0.01851	0.01201	0.00697	0.00750	0.00225	0.00949	0.00665	0.00382	0.01195
13	0.05668	0.01915	0.02052	0.02217	0.14929	0.11620	0.01474	0.05075	0.26358	0.04502	0.02572	0.02739	0.06211	0.01037	0.00911	0.00253	0.06351	0.02432	0.00600	0.01084
14	0.01555	0.04011	0.68733	0.02210	0.03356	0.01801	0.02865	0.02455	0.01637	0.02455	0.01391	0.01637	0.00982	0.00737	0.00737	0.00246	0.01146	0.00573	0.00327	0.01146
15	0.01347	0.00673	0.01010	0.01010	0.01010	0.00673	0.00673	0.01010	0.01010	0.01347	0.01347	0.02357	0.01347	0.02694	0.03030	0.77441	0.00673	0.00673	0.00337	0.00337
16	0.01863	0.01934	0.03676	0.03909	0.35778	0.01937	0.28421	0.02380	0.01744	0.02456	0.01467	0.01972	0.01189	0.00732	0.00979	0.00252	0.07025	0.00783	0.00384	0.01120
17	0.00945	0.00675	0.00900	0.01080	0.01125	0.00630	0.00720	0.01080	0.01484	0.01979	0.04274	0.72245	0.05128	0.02429	0.00990	0.00315	0.00450	0.02204	0.00720	0.00630
18	0.02755	0.01890	0.02075	0.01621	0.02156	0.02054	0.01316	0.50887	0.03172	0.09841	0.01982	0.02149	0.01467	0.04550	0.01062	0.05023	0.00804	0.00725	0.03272	0.01197
19	0.01134	0.00870	0.01297	0.01282	0.01414	0.01032	0.01002	0.01406	0.01243	0.01803	0.02029	0.02985	0.01897	0.05615	0.66660	0.01205	0.05190	0.00824	0.00412	0.00699
20	0.01244	0.00825	0.01084	0.01000	0.01209	0.00757	0.00757	0.01606	0.02196	0.07143	0.63526	0.05597	0.06983	0.01547	0.00906	0.00244	0.00384	0.01364	0.00860	0.00768
21	0.01968	0.01685	0.01776	0.01586	0.02031	0.01947	0.01237	0.06506	0.64063	0.03308	0.03105	0.02853	0.02326	0.01047	0.00788	0.00262	0.00623	0.00870	0.00788	0.01231
22	0.01608	0.01378	0.01608	0.01148	0.01837	0.01034	0.00919	0.01952	0.01608	0.02527	0.01378	0.01608	0.01148	0.00574	0.00574	0.00115	0.00574	0.00459	0.00459	0.77491
23	0.00945	0.00675	0.00900	0.01080	0.01125	0.00630	0.00720	0.01080	0.01484	0.01979	0.04274	0.72245	0.05128	0.02429	0.00990	0.00315	0.00450	0.02204	0.00720	0.00630
24	0.01146	0.00876	0.01272	0.01251	0.01366	0.01033	0.00960	0.01386	0.01230	0.01772	0.02051	0.03184	0.01978	0.12857	0.58328	0.01136	0.06227	0.00854	0.00417	0.00678
25	0.01756	0.01899	0.03836	0.08490	0.11272	0.01907	0.43390	0.02303	0.01719	0.02364	0.01614	0.05369	0.01343	0.00823	0.01055	0.00268	0.08272	0.00909	0.00398	0.01013
26	0.01128	0.00752	0.00846	0.00846	0.00846	0.00752	0.00470	0.01128	0.01128	0.01503	0.02443	0.05074	0.02819	0.72751	0.03946	0.00752	0.00752	0.01128	0.00470	0.00470
27	0.01486	0.01401	0.02366	0.67656	0.08398	0.01728	0.02164	0.02001	0.01561	0.02008	0.01382	0.02060	0.01043	0.00771	0.00775	0.00257	0.01028	0.00689	0.00346	0.00879
28	0.01629	0.01598	0.02247	0.01946	0.01962	0.02215	0.01614	0.01811	0.01194	0.01858	0.01138	0.01850	0.01122	0.01864	0.10174	0.00442	0.63461	0.00696	0.00348	0.00830
29	0.01897	0.01633	0.01726	0.01555	0.01984	0.01883	0.01209	0.04020	0.64082	0.03238	0.05588	0.03002	0.02554	0.01072	0.00794	0.00262	0.00604	0.00896	0.00791	0.01209
30	0.01766	0.01948	0.04123	0.10091	0.06440	0.01877	0.53093	0.02384	0.01797	0.02426	0.01675	0.02424	0.01333	0.00744	0.00903	0.00265	0.01235	0.04055	0.00404	0.01017
31	0.00945	0.00675	0.00900	0.01080	0.01125	0.00630	0.00720	0.01080	0.01484	0.01979	0.04274	0.72245	0.05128	0.02429	0.00990	0.00315	0.00450	0.02204	0.00720	0.00630
32	0.01844	0.01766	0.03040	0.06706	0.58334	0.01768	0.05099	0.02308	0.01790	0.02551	0.05951	0.02195	0.01633	0.00753	0.00785	0.00234	0.00905	0.00749	0.00415	0.01174
33	0.02373	0.01823	0.01931	0.01600	0.02062	0.04299	0.01271	0.41761	0.09407	0.03968	0.04900	0.16192	0.02399	0.01263	0.00822	0.00251	0.00749	0.01037	0.00755	0.01135
34	0.01108	0.00831	0.01246	0.01246	0.01385	0.00969	0.00969	0.01385	0.01246	0.01800	0.02077	0.03046	0.01938	0.05815	0.69678	0.01246	0.02077	0.00831	0.00415	0.00692
35	0.03019	0.02057	0.02256	0.01730	0.02347	0.02234	0.01429	0.57053	0.03454	0.13433	0.02023	0.01966	0.01399	0.00935	0.00776	0.00234	0.00827	0.00709	0.00800	0.01319
36	0.01675	0.01593	0.02706	0.40267	0.34315	0.01778	0.02258	0.02166	0.01650	0.02237	0.01415	0.01999	0.01124	0.00736	0.00772	0.00245	0.00982	0.00690	0.00363	0.01031
37	0.01774	0.02083	0.07357	0.06205	0.03707	0.02017	0.47240	0.02345	0.01689	0.02345	0.01449	0.01994	0.01131	0.00793	0.01199	0.00275	0.14172	0.00843	0.00377	0.01006
38	0.00945	0.00675	0.00900	0.01080	0.01125	0.00630	0.00720	0.01080	0.01484	0.01979	0.04274	0.72245	0.05128	0.02429	0.00990	0.00315	0.00450	0.02204	0.00720	0.00630
39	0.03053	0.02003	0.02222	0.01704	0.02320	0.02154	0.01408	0.53139	0.03363	0.17476	0.02099	0.02016	0.01438	0.00936	0.00776	0.00234	0.00815	0.00714	0.00812	0.01319
40	0.03371	0.01475	0.04851	0.01433	0.02059	0.01220	0.01231	0.06165	0.02250	0.62937	0.02936	0.02563	0.01853	0.00948	0.00778	0.00240	0.00689	0.00767	0.00924	0.01312
41	0.01128	0.00752	0.00846	0.00846	0.00846	0.00752	0.00470	0.01128	0.01128	0.01503	0.02443	0.05074	0.02819	0.72751	0.03946	0.00752	0.00752	0.01128	0.00470	0.00470
42	0.00940	0.00783	0.00824	0.00851	0.01089	0.00667	0.00642	0.01141	0.01744	0.02099	0.07312	0.13141	0.58265	0.02015	0.00932	0.00272	0.00418	0.05490	0.00720	0.00656
43	0.02338	0.01096	0.01438	0.01203	0.01616	0.00981	0.00964	0.02717	0.04362	0.36561	0.24299	0.04337	0.09846	0.01301	0.00847	0.00248	0.00541	0.03372	0.00888	0.01043
44	0.03389	0.01463	0.01888	0.01448	0.02051	0.01352	0.01196	0.14133	0.02459	0.57758	0.02857	0.02508	0.01818	0.00955	0.00779	0.00239	0.00692	0.00766	0.00929	0.01319
45	0.01555	0.04011	0.68733	0.02210	0.03356	0.01801	0.02865	0.02455	0.01637	0.02455	0.01391	0.01637	0.00982	0.00737	0.00737	0.00246	0.01146	0.00573	0.00327	0.01146
46	0.01862	0.01784	0.03044	0.13045	0.60074	0.01827	0.02351	0.02330	0.01739	0.02464	0.01448	0.01938	0.01204	0.00701	0.00769	0.00234	0.00935	0.00691	0.00379	0.01182
47	0.01776	0.02152	0.08421	0.03112	0.03888	0.01896	0.58557	0.02424	0.01804	0.02461	0.01669	0.04966	0.01328	0.00732	0.00907	0.00263	0.01262	0.00947	0.00402	0.01035
48	0.01820	0.02108	0.06555	0.05347	0.11528	0.01935	0.53817	0.02456	0.01808	0.02474	0.01544	0.02055	0.01172	0.00664	0.00888	0.00257	0.01249	0.00871	0.00388	0.01065
49	0.73421	0.01455	0.01133	0.01017	0.01478	0.01677	0.00833	0.02228	0.01374	0.03456	0.05219	0.01542	0.01243	0.00774	0.00507	0.00240	0.00585	0.00481	0.00503	0.00833
50	0.01116	0.01050	0.05439	0.04656	0.01670	0.00877	0.04273	0.01423	0.01730	0.02327	0.17852	0.32906	0.11479	0.01890	0.00944	0.00289	0.00569	0.08094	0.00689	0.00728

[dist]
# distance from previous block
# <min> <max>
4	8

[block]
# block no. 3 follows, 25 sequences, length 35
# corresponding to MSA columns:
# 181-215
name=unknown_D
#
# <colnr> <probs for GDERKNQSTAVLIFYWHMCP>
#	G	D	E	R	K	N	Q	S	T	A	V	L	I	F	Y	W	H	M	C	P
0	0.05803	0.08543	0.02145	0.01629	0.02071	0.13544	0.04249	0.10405	0.09637	0.14596	0.04098	0.08768	0.02070	0.01112	0.00873	0.00247	0.04996	0.03536	0.00641	0.01037
1	0.33110	0.01847	0.01663	0.01378	0.01892	0.06905	0.01116	0.23351	0.06959	0.03720	0.01598	0.01701	0.01205	0.00821	0.00626	0.00225	0.00729	0.00571	0.04819	0.05765
2	0.01118	0.00754	0.00875	0.00879	0.00897	0.00754	0.00515	0.01156	0.01209	0.01629	0.06341	0.07695	0.03140	0.63070	0.06297	0.00724	0.00770	0.01174	0.00500	0.00501
3	0.01760	0.01671	0.02788	0.27749	0.42645	0.01805	0.02242	0.02329	0.04993	0.02376	0.01517	0.02021	0.01218	0.00739	0.00771	0.00242	0.00945	0.00700	0.00391	0.01100
4	0.01097	0.00793	0.01036	0.00975	0.01158	0.00732	0.00732	0.01463	0.02195	0.03109	0.67505	0.05792	0.07316	0.01585	0.00914	0.00244	0.00366	0.01402	0.00854	0.00732
5	0.02458	0.01975	0.01972	0.01611	0.02103	0.08137	0.01292	0.37964	0.13826	0.04009	0.10427	0.02547	0.02265	0.01021	0.00777	0.00234	0.00775	0.00801	0.04645	0.01160
6	0.01098	0.00755	0.00861	0.00883	0.00919	0.00739	0.00533	0.01142	0.01244	0.01631	0.03171	0.10838	0.09213	0.57486	0.03303	0.00654	0.00692	0.03805	0.00524	0.00510
7	0.06296	0.02114	0.02242	0.01738	0.02343	0.02349	0.01432	0.59176	0.06932	0.04734	0.01896	0.01890	0.01353	0.00928	0.00763	0.00235	0.00829	0.00695	0.00763	0.01292
8	0.05519	0.00968	0.01192	0.01092	0.01367	0.00926	0.00833	0.02025	0.06965	0.13741	0.37467	0.12941	0.08866	0.01520	0.00869	0.00254	0.00457	0.01318	0.00823	0.00856
9	0.01053	0.00766	0.00991	0.00988	0.01144	0.00704	0.00721	0.01357	0.02010	0.02796	0.49815	0.20921	0.10241	0.01798	0.00932	0.00261	0.00386	0.01597	0.00816	0.00704
10	0.01439	0.01529	0.05380	0.02162	0.02603	0.01387	0.30386	0.01842	0.01618	0.02212	0.02582	0.28200	0.02718	0.05436	0.01175	0.00308	0.04221	0.01368	0.00515	0.02918
11	0.73486	0.01655	0.05319	0.01093	0.01614	0.01743	0.00965	0.02290	0.01339	0.03416	0.01099	0.01283	0.00849	0.00721	0.00496	0.00240	0.00634	0.00429	0.00470	0.00859
12	0.01074	0.00772	0.01045	0.01218	0.01328	0.00743	0.00942	0.01307	0.01624	0.02130	0.04338	0.42536	0.07226	0.02288	0.01022	0.00331	0.00561	0.28130	0.00717	0.00667
13	0.05140	0.01402	0.01691	0.01388	0.01880	0.01401	0.01116	0.08691	0.18410	0.34304	0.13034	0.03086	0.02792	0.01071	0.00793	0.00246	0.00617	0.00883	0.00869	0.01188
14	0.01516	0.03685	0.61786	0.02106	0.03153	0.01699	0.02672	0.02361	0.01673	0.02482	0.04953	0.02215	0.01488	0.00852	0.00763	0.00251	0.01083	0.03785	0.00374	0.01102
15	0.02387	0.01710	0.01876	0.01587	0.02088	0.01895	0.01262	0.16351	0.43355	0.14261	0.02880	0.02644	0.02083	0.01012	0.00785	0.00253	0.00669	0.00825	0.00814	0.01261
16	0.02120	0.36253	0.20618	0.01899	0.07349	0.08926	0.01820	0.04532	0.01772	0.06268	0.01348	0.01519	0.01077	0.00725	0.00626	0.00202	0.00965	0.00517	0.00394	0.01073
17	0.01921	0.44442	0.18897	0.01785	0.04764	0.05250	0.05232	0.02351	0.01620	0.02035	0.01243	0.01497	0.01055	0.00928	0.03843	0.00244	0.01014	0.00512	0.00343	0.01023
18	0.02073	0.73217	0.04063	0.01327	0.01990	0.03068	0.01327	0.02322	0.01575	0.01824	0.01078	0.01244	0.00995	0.00663	0.00498	0.00166	0.00829	0.00415	0.00332	0.00995
19	0.02820	0.01375	0.01745	0.01343	0.01947	0.01204	0.01093	0.03350	0.09505	0.44019	0.02640	0.02404	0.01774	0.00872	0.00728	0.00211	0.00633	0.00709	0.00812	0.20817
20	0.01527	0.03812	0.64547	0.02134	0.03220	0.01735	0.02733	0.02394	0.01671	0.02496	0.05480	0.01894	0.01374	0.00789	0.00748	0.00245	0.01098	0.00624	0.00360	0.01120
21	0.01964	0.01589	0.01708	0.01538	0.01963	0.01808	0.01193	0.03927	0.59029	0.07020	0.03214	0.06812	0.02497	0.01125	0.00800	0.00265	0.00607	0.00946	0.00795	0.01199
22	0.01072	0.00792	0.01001	0.00948	0.01143	0.00721	0.00711	0.01413	0.02134	0.02965	0.59019	0.06029	0.15892	0.01639	0.00915	0.00246	0.00370	0.01436	0.00835	0.00721
23	0.01022	0.00712	0.00899	0.01002	0.01035	0.00694	0.00641	0.01114	0.01339	0.01792	0.03471	0.43438	0.04093	0.28776	0.05880	0.00529	0.00652	0.01728	0.00610	0.00574
24	0.01007	0.00838	0.00862	0.00844	0.01109	0.00727	0.00635	0.03703	0.01853	0.02249	0.10193	0.09302	0.60152	0.01921	0.00913	0.00262	0.00412	0.01607	0.00728	0.00684
25	0.01834	0.02081	0.04513	0.03333	0.06844	0.01956	0.62357	0.02479	0.01827	0.02486	0.01564	0.02084	0.01179	0.00655	0.00909	0.00260	0.01290	0.00905	0.00392	0.01054
26	0.00946	0.00787	0.00826	0.00816	0.01065	0.00667	0.00612	0.01170	0.01837	0.02260	0.17581	0.07190	0.57769	0.01902	0.00916	0.00259	0.00388	0.01598	0.00742	0.00667
27	0.01625	0.01520	0.02357	0.01948	0.02149	0.01840	0.12691	0.05557	0.01495	0.02180	0.01715	0.08578	0.01678	0.06181	0.08197	0.00419	0.34337	0.00905	0.03778	0.00848
28	0.02893	0.02202	0.02292	0.01781	0.02384	0.04862	0.01462	0.59862	0.06847	0.04691	0.01904	0.01898	0.01361	0.00932	0.00774	0.00233	0.00861	0.00700	0.00762	0.01298
29	0.01855	0.01777	0.03032	0.14046	0.59127	0.01825	0.02348	0.02324	0.01735	0.02456	0.01447	0.01940	0.01201	0.00703	0.00769	0.00234	0.00937	0.00691	0.00378	0.01177
30	0.01744	0.01512	0.01940	0.01396	0.02088	0.01237	0.06801	0.07507	0.01805	0.02728	0.01437	0.01674	0.01166	0.00612	0.00623	0.00138	0.00665	0.00522	0.00481	0.63923
31	0.01522	0.00968	0.01233	0.01182	0.01421	0.00930	0.00905	0.05394	0.04529	0.10624	0.24116	0.21708	0.04810	0.05053	0.01059	0.00297	0.00532	0.10043	0.00778	0.02897
32	0.01128	0.00752	0.00846	0.00846	0.00846	0.00752	0.00470	0.01128	0.01128	0.01503	0.02443	0.05074	0.02819	0.72751	0.03946	0.00752	0.00752	0.01128	0.00470	0.00470
33	0.11885	0.01428	0.01757	0.01356	0.01952	0.01322	0.01117	0.09420	0.02198	0.48780	0.02561	0.02311	0.01666	0.00894	0.00726	0.00228	0.00664	0.00701	0.00841	0.08190
34	0.12028	0.01442	0.02101	0.19932	0.10362	0.01502	0.04795	0.04957	0.01908	0.23703	0.07794	0.02454	0.01890	0.00889	0.00758	0.00245	0.00794	0.00759	0.00626	0.01062

[dist]
# distance from previous block
# <min> <max>
0	2

[block]
# block no. 4 follows, 25 sequences, length 120
# corresponding to MSA columns:
# 218-337
name=unknown_E
#
# <colnr> <probs for GDERKNQSTAVLIFYWHMCP>
#	G	D	E	R	K	N	Q	S	T	A	V	L	I	F	Y	W	H	M	C	P
0	0.01973	0.31947	0.32054	0.01881	0.05345	0.02307	0.02038	0.05531	0.01752	0.06559	0.01396	0.01563	0.01074	0.00729	0.00645	0.00211	0.00962	0.00532	0.00394	0.01107
1	0.04964	0.03725	0.01786	0.01305	0.01889	0.01327	0.01066	0.06575	0.03934	0.20259	0.04975	0.02116	0.01669	0.00812	0.00764	0.00185	0.04406	0.00626	0.00632	0.36986
2	0.01678	0.06344	0.06156	0.02123	0.02772	0.01586	0.28441	0.04391	0.01790	0.02510	0.04997	0.10106	0.01904	0.00896	0.00794	0.00220	0.00917	0.00911	0.00477	0.20989
3	0.01781	0.01688	0.02857	0.16937	0.51872	0.01748	0.02231	0.02246	0.01753	0.02466	0.05687	0.02196	0.01583	0.00764	0.00778	0.00236	0.00907	0.00736	0.00407	0.01127
4	0.01674	0.01215	0.01431	0.01210	0.01613	0.01146	0.00940	0.08768	0.10125	0.07926	0.22235	0.10934	0.06768	0.01267	0.00800	0.00222	0.00531	0.01085	0.00730	0.19383
5	0.01077	0.00792	0.01009	0.00954	0.01146	0.00723	0.00716	0.01424	0.02147	0.02996	0.60875	0.05977	0.14017	0.01627	0.00915	0.00246	0.00369	0.01428	0.00839	0.00723
6	0.01347	0.00673	0.01010	0.01010	0.01010	0.00673	0.00673	0.01010	0.01010	0.01347	0.01347	0.02357	0.01347	0.02694	0.03030	0.77441	0.00673	0.00673	0.00337	0.00337
7	0.02614	0.01980	0.02344	0.08286	0.06143	0.02182	0.03819	0.49571	0.03150	0.04272	0.01830	0.01961	0.01327	0.00892	0.00764	0.00232	0.00857	0.00706	0.05847	0.01222
8	0.78228	0.01499	0.01140	0.01020	0.01499	0.01739	0.00840	0.02279	0.01320	0.03479	0.01080	0.01260	0.00840	0.00720	0.00480	0.00240	0.00600	0.00420	0.00480	0.00840
9	0.01327	0.00673	0.01005	0.01014	0.01016	0.00671	0.00676	0.01014	0.01033	0.01378	0.01491	0.05803	0.01533	0.02681	0.02930	0.73638	0.00662	0.00749	0.00356	0.00351
10	0.00962	0.00682	0.00894	0.01057	0.01098	0.00642	0.00696	0.01084	0.01450	0.01934	0.04097	0.65780	0.04906	0.09197	0.01274	0.00357	0.00479	0.02101	0.00696	0.00614
11	0.02238	0.01688	0.01830	0.01580	0.02060	0.01895	0.01248	0.11705	0.51106	0.11131	0.02983	0.02734	0.02184	0.01026	0.00786	0.00256	0.00649	0.00843	0.00807	0.01250
12	0.01445	0.00723	0.00723	0.00723	0.00903	0.00723	0.00542	0.01807	0.01626	0.02891	0.02529	0.02891	0.01987	0.00903	0.00542	0.00181	0.00361	0.00723	0.77055	0.00723
13	0.01009	0.00786	0.00881	0.00857	0.01085	0.00687	0.00643	0.01278	0.01929	0.02524	0.30963	0.06621	0.41331	0.01772	0.00900	0.00251	0.00381	0.01507	0.03906	0.00687
14	0.06321	0.03420	0.02270	0.02014	0.02417	0.59990	0.04531	0.02970	0.02090	0.01998	0.01202	0.01439	0.01001	0.00815	0.00787	0.00211	0.04696	0.00524	0.00400	0.00901
15	0.78228	0.01499	0.01140	0.01020	0.01499	0.01739	0.00840	0.02279	0.01320	0.03479	0.01080	0.01260	0.00840	0.00720	0.00480	0.00240	0.00600	0.00420	0.00480	0.00840
16	0.02669	0.23394	0.02755	0.01769	0.02281	0.39227	0.01445	0.13336	0.02262	0.02379	0.01275	0.01432	0.01051	0.00782	0.00654	0.00196	0.01143	0.00508	0.00443	0.00997
17	0.01580	0.01257	0.01552	0.07141	0.02010	0.01080	0.01014	0.02032	0.05839	0.05659	0.07776	0.10693	0.02281	0.00954	0.00695	0.00178	0.00587	0.00816	0.00561	0.46295
18	0.01749	0.29979	0.44468	0.01879	0.02843	0.02276	0.02288	0.02405	0.01614	0.02219	0.01274	0.01489	0.00987	0.00709	0.00647	0.00216	0.01027	0.00514	0.00329	0.01089
19	0.01108	0.00831	0.01246	0.01246	0.01385	0.00969	0.00969	0.01385	0.01246	0.01800	0.02077	0.03046	0.01938	0.05815	0.69678	0.01246	0.02077	0.00831	0.00415	0.00692
20	0.00958	0.00691	0.00911	0.01081	0.01144	0.00644	0.00738	0.01107	0.01514	0.02002	0.04457	0.65695	0.08443	0.02390	0.00990	0.00314	0.00460	0.05107	0.00719	0.00635
21	0.01739	0.01722	0.02515	0.40011	0.04093	0.07855	0.09488	0.05141	0.01693	0.02200	0.01411	0.01987	0.01105	0.00860	0.01030	0.00260	0.11232	0.00700	0.04059	0.00900
22	0.02944	0.02035	0.02227	0.01719	0.02320	0.02214	0.01415	0.56749	0.03426	0.11640	0.02064	0.04086	0.01499	0.00979	0.00783	0.00236	0.00820	0.00753	0.00794	0.01298
23	0.00943	0.00682	0.00892	0.01061	0.01120	0.00631	0.00711	0.01082	0.01503	0.01987	0.04504	0.68082	0.09142	0.02399	0.00985	0.00311	0.00446	0.02168	0.00720	0.00631
24	0.01672	0.01416	0.01642	0.01179	0.01865	0.01099	0.00945	0.04996	0.01706	0.02640	0.01401	0.01620	0.01157	0.00591	0.00584	0.00121	0.00588	0.00471	0.00475	0.73832
25	0.01980	0.01671	0.02536	0.06316	0.32798	0.01604	0.04382	0.08307	0.01917	0.06944	0.01676	0.04289	0.01382	0.00763	0.00734	0.00207	0.00815	0.00699	0.00487	0.20490
26	0.07969	0.55098	0.15493	0.01462	0.02198	0.02735	0.01566	0.02342	0.01566	0.02068	0.01135	0.01316	0.00980	0.00681	0.00539	0.00186	0.00868	0.00444	0.00343	0.01010
27	0.01128	0.00752	0.00846	0.00846	0.00846	0.00752	0.00470	0.01128	0.01128	0.01503	0.02443	0.05074	0.02819	0.72751	0.03946	0.00752	0.00752	0.01128	0.00470	0.00470
28	0.01393	0.01126	0.01280	0.01183	0.01473	0.01180	0.00904	0.02437	0.26740	0.03038	0.35688	0.04885	0.12708	0.01427	0.00867	0.00253	0.00464	0.01230	0.00813	0.00912
29	0.02030	0.01287	0.01347	0.01136	0.01487	0.01377	0.00905	0.26522	0.02412	0.03667	0.02270	0.02490	0.01727	0.00914	0.00633	0.00201	0.00553	0.00713	0.47376	0.00955
30	0.00958	0.00684	0.00915	0.01095	0.01146	0.00641	0.00743	0.01103	0.01498	0.01994	0.04266	0.69458	0.05099	0.02417	0.00993	0.00317	0.00461	0.04859	0.00719	0.00633
31	0.01608	0.01378	0.01608	0.01148	0.01837	0.01034	0.00919	0.01952	0.01608	0.02527	0.01378	0.01608	0.01148	0.00574	0.00574	0.00115	0.00574	0.00459	0.00459	0.77491
32	0.00945	0.00675	0.00900	0.01080	0.01125	0.00630	0.00720	0.01080	0.01484	0.01979	0.04274	0.72245	0.05128	0.02429	0.00990	0.00315	0.00450	0.02204	0.00720	0.00630
33	0.01119	0.00748	0.00848	0.00857	0.00859	0.00746	0.00482	0.01125	0.01145	0.01527	0.02533	0.08386	0.02933	0.69284	0.03801	0.00730	0.00737	0.01181	0.00482	0.00478
34	0.25524	0.00966	0.00853	0.00816	0.01090	0.01042	0.00635	0.01955	0.01530	0.03075	0.02075	0.02379	0.01627	0.00846	0.00523	0.00199	0.00436	0.00628	0.53042	0.00759
35	0.02746	0.01933	0.02120	0.01680	0.02247	0.02122	0.01371	0.44459	0.15503	0.11527	0.02251	0.02188	0.01609	0.01129	0.03200	0.00275	0.00829	0.00746	0.00786	0.01279
36	0.02591	0.02072	0.02378	0.15140	0.07578	0.05495	0.01668	0.45833	0.03045	0.04023	0.01709	0.01882	0.01243	0.00878	0.00771	0.00236	0.00919	0.00686	0.00648	0.01205
37	0.75282	0.01596	0.03737	0.01065	0.01571	0.01742	0.00918	0.02286	0.01332	0.03439	0.01092	0.01274	0.00845	0.00720	0.00490	0.00240	0.00621	0.00426	0.00474	0.00851
38	0.02507	0.01437	0.01750	0.01338	0.01943	0.01272	0.01082	0.10404	0.05570	0.29179	0.02324	0.05051	0.01708	0.00874	0.00709	0.00195	0.00639	0.00711	0.00726	0.30582
39	0.09461	0.06712	0.56321	0.02092	0.03134	0.01857	0.05144	0.02433	0.01610	0.02534	0.01353	0.01600	0.00976	0.00728	0.00707	0.00242	0.01083	0.00564	0.00346	0.01104
40	0.13893	0.04431	0.01944	0.01516	0.02024	0.09099	0.01233	0.29532	0.02575	0.09695	0.06570	0.02146	0.01740	0.01303	0.06192	0.00306	0.00907	0.00687	0.00660	0.03546
41	0.00949	0.00688	0.00887	0.01042	0.01106	0.00637	0.00697	0.01085	0.01498	0.01972	0.04546	0.63376	0.11050	0.05141	0.01099	0.00327	0.00456	0.02107	0.00710	0.00626
42	0.02223	0.01812	0.01919	0.01638	0.02129	0.02066	0.01299	0.21827	0.48326	0.03719	0.02781	0.02594	0.02064	0.01017	0.00785	0.00254	0.00683	0.00825	0.00785	0.01254
43	0.06383	0.01757	0.01995	0.07757	0.02385	0.03927	0.01337	0.30907	0.04589	0.21802	0.04389	0.02355	0.01726	0.04052	0.00903	0.00260	0.00793	0.00748	0.00752	0.01182
44	0.00957	0.00690	0.00906	0.01056	0.01124	0.00640	0.00715	0.01115	0.01560	0.02083	0.09961	0.63354	0.08302	0.02333	0.00980	0.00306	0.00440	0.02107	0.00731	0.00640
45	0.01090	0.00792	0.01027	0.00968	0.01154	0.00729	0.00726	0.01449	0.02178	0.03069	0.65166	0.05857	0.09679	0.01600	0.00915	0.00245	0.00367	0.01411	0.00848	0.00729
46	0.01915	0.01853	0.03207	0.04697	0.65261	0.01847	0.04985	0.02384	0.01768	0.02531	0.01463	0.01926	0.01226	0.00689	0.00774	0.00232	0.00937	0.00700	0.00384	0.01221
47	0.02854	0.02102	0.02260	0.01751	0.02344	0.02321	0.01438	0.62315	0.03544	0.04750	0.01975	0.05163	0.01497	0.01001	0.00786	0.00237	0.00834	0.00769	0.00773	0.01286
48	0.01347	0.00673	0.01010	0.01010	0.01010	0.00673	0.00673	0.01010	0.01010	0.01347	0.01347	0.02357	0.01347	0.02694	0.03030	0.77441	0.00673	0.00673	0.00337	0.00337
49	0.01097	0.00739	0.00855	0.00884	0.00892	0.00732	0.00511	0.01120	0.01187	0.01582	0.02746	0.16179	0.03201	0.61125	0.03458	0.00679	0.00702	0.01306	0.00511	0.00496
50	0.01721	0.02595	0.24234	0.08964	0.06999	0.01882	0.33826	0.02504	0.04878	0.02469	0.01568	0.01978	0.01163	0.00712	0.00833	0.00255	0.01180	0.00775	0.00386	0.01078
51	0.01711	0.01651	0.02878	0.31556	0.18695	0.01793	0.15087	0.04902	0.05915	0.02411	0.01697	0.05164	0.01384	0.00828	0.00813	0.00254	0.01005	0.00815	0.00426	0.01015
52	0.02109	0.01876	0.01747	0.01571	0.01980	0.12552	0.01217	0.05917	0.41400	0.06878	0.02965	0.03148	0.04497	0.04510	0.00942	0.00278	0.00755	0.03840	0.00715	0.01103
53	0.01128	0.00752	0.00846	0.00846	0.00846	0.00752	0.00470	0.01128	0.01128	0.01503	0.02443	0.05074	0.02819	0.72751	0.03946	0.00752	0.00752	0.01128	0.00470	0.00470
54	0.02073	0.73217	0.04063	0.01327	0.01990	0.03068	0.01327	0.02322	0.01575	0.01824	0.01078	0.01244	0.00995	0.00663	0.00498	0.00166	0.00829	0.00415	0.00332	0.00995
55	0.01445	0.00723	0.00723	0.00723	0.00903	0.00723	0.00542	0.01807	0.01626	0.02891	0.02529	0.02891	0.01987	0.00903	0.00542	0.00181	0.00361	0.00723	0.77055	0.00723
56	0.02014	0.01553	0.01380	0.01215	0.01529	0.11972	0.00940	0.17626	0.02175	0.03117	0.02130	0.02501	0.01699	0.04113	0.04118	0.00272	0.00745	0.00704	0.39312	0.00885
57	0.01128	0.00752	0.00846	0.00846	0.00846	0.00752	0.00470	0.01128	0.01128	0.01503	0.02443	0.05074	0.02819	0.72751	0.03946	0.00752	0.00752	0.01128	0.00470	0.00470
58	0.78228	0.01499	0.01140	0.01020	0.01499	0.01739	0.00840	0.02279	0.01320	0.03479	0.01080	0.01260	0.00840	0.00720	0.00480	0.00240	0.00600	0.00420	0.00480	0.00840
59	0.02019	0.01603	0.02034	0.01515	0.02146	0.01477	0.07685	0.17170	0.05181	0.05521	0.01741	0.01909	0.01338	0.00727	0.00672	0.00174	0.00705	0.00613	0.06174	0.39594
60	0.00956	0.00690	0.00909	0.01080	0.01142	0.00642	0.00736	0.01104	0.01511	0.02000	0.04443	0.66296	0.08179	0.02394	0.00990	0.00314	0.00458	0.04801	0.00720	0.00635
61	0.10507	0.08239	0.33770	0.06191	0.02730	0.04944	0.01984	0.05445	0.01720	0.06556	0.01557	0.01869	0.01183	0.03240	0.02954	0.00281	0.00998	0.00599	0.04200	0.01032
62	0.00926	0.00747	0.00825	0.00887	0.01074	0.00646	0.00634	0.01101	0.01669	0.02055	0.06613	0.29930	0.45933	0.02125	0.00942	0.00280	0.00413	0.01833	0.00720	0.00646
63	0.02828	0.06171	0.02294	0.01886	0.02363	0.43972	0.01470	0.21107	0.05760	0.02825	0.01481	0.01599	0.01159	0.00844	0.00717	0.00211	0.01177	0.00572	0.00525	0.01041
64	0.02124	0.01974	0.05338	0.02033	0.02474	0.02159	0.10398	0.23502	0.02174	0.03072	0.01435	0.01795	0.01154	0.01005	0.01431	0.00264	0.27173	0.00690	0.00507	0.09297
65	0.02058	0.01710	0.01805	0.01573	0.02034	0.01946	0.01237	0.14989	0.51716	0.03478	0.03174	0.02952	0.05673	0.01079	0.00793	0.00257	0.00645	0.00885	0.00783	0.01213
66	0.02298	0.05076	0.01963	0.01582	0.02040	0.11915	0.01268	0.25211	0.18869	0.03392	0.02477	0.02645	0.04913	0.01246	0.03987	0.00282	0.00867	0.02703	0.06172	0.01096
67	0.00945	0.00675	0.00900	0.01080	0.01125	0.00630	0.00720	0.01080	0.01484	0.01979	0.04274	0.72245	0.05128	0.02429	0.00990	0.00315	0.00450	0.02204	0.00720	0.00630
68	0.01911	0.02267	0.06413	0.05644	0.03498	0.10426	0.40286	0.02423	0.01737	0.02274	0.01405	0.01913	0.01111	0.00810	0.01177	0.00267	0.14274	0.00796	0.00379	0.00987
69	0.01354	0.00719	0.01095	0.05500	0.01288	0.00741	0.00768	0.01072	0.01045	0.01388	0.01349	0.02338	0.01327	0.02570	0.02885	0.72482	0.00697	0.00674	0.00337	0.00370
70	0.00953	0.00678	0.00897	0.01068	0.01111	0.00636	0.00708	0.01082	0.01467	0.01956	0.04186	0.69018	0.05017	0.05807	0.01132	0.00336	0.00464	0.02153	0.00708	0.00622
71	0.06341	0.01165	0.01536	0.01266	0.01724	0.01049	0.01033	0.02964	0.02136	0.44000	0.18990	0.03826	0.03400	0.01195	0.00821	0.00250	0.00588	0.05723	0.00891	0.01104
72	0.03262	0.01427	0.01837	0.01434	0.02018	0.01330	0.01176	0.08799	0.09536	0.56002	0.02973	0.02605	0.01921	0.00968	0.00780	0.00242	0.00670	0.00784	0.00926	0.01309
73	0.00979	0.00699	0.00939	0.01118	0.01178	0.00659	0.00779	0.01138	0.01518	0.02017	0.04255	0.65187	0.05054	0.02397	0.00999	0.00320	0.00479	0.08928	0.00719	0.00639
74	0.01347	0.00673	0.01010	0.01010	0.01010	0.00673	0.00673	0.01010	0.01010	0.01347	0.01347	0.02357	0.01347	0.02694	0.03030	0.77441	0.00673	0.00673	0.00337	0.00337
75	0.01889	0.01624	0.01719	0.01549	0.01975	0.01871	0.01203	0.03992	0.63424	0.03237	0.06247	0.03032	0.02605	0.01078	0.00795	0.00262	0.00602	0.00902	0.00792	0.01203
76	0.32787	0.06175	0.05092	0.01586	0.02067	0.36115	0.01294	0.02703	0.01791	0.02551	0.01155	0.01347	0.00934	0.00758	0.00604	0.00216	0.01041	0.00467	0.00425	0.00892
77	0.01427	0.00728	0.00751	0.00751	0.00929	0.00736	0.00565	0.01784	0.01606	0.02832	0.02505	0.02899	0.01985	0.01166	0.04246	0.00238	0.00453	0.00728	0.72949	0.00721
78	0.01751	0.01794	0.02452	0.02081	0.02128	0.05120	0.04124	0.01940	0.01254	0.01891	0.01046	0.01699	0.01023	0.01307	0.02406	0.00331	0.65770	0.00680	0.00344	0.00858
79	0.02030	0.01574	0.02007	0.01584	0.02133	0.01545	0.06667	0.12778	0.13538	0.09090	0.02334	0.02745	0.03736	0.00959	0.00834	0.00218	0.04022	0.05468	0.00632	0.26106
80	0.01892	0.02908	0.38630	0.01961	0.02817	0.01728	0.05168	0.04931	0.15318	0.10382	0.05077	0.02239	0.01696	0.00870	0.00771	0.00249	0.00940	0.00720	0.00539	0.01164
81	0.02527	0.01874	0.02020	0.01735	0.05338	0.04875	0.01331	0.37401	0.10913	0.08635	0.06521	0.02533	0.04155	0.01006	0.00773	0.00234	0.00760	0.00796	0.05383	0.01188
82	0.08533	0.06347	0.02201	0.01804	0.02280	0.41520	0.01410	0.16429	0.04674	0.05624	0.01477	0.01587	0.01144	0.00831	0.00696	0.00212	0.01134	0.00558	0.00521	0.01019
83	0.00919	0.00777	0.00795	0.00809	0.01053	0.00653	0.00599	0.01110	0.01745	0.02085	0.07570	0.12612	0.62633	0.02001	0.00922	0.00266	0.00397	0.01682	0.00720	0.00653
84	0.01698	0.01764	0.03437	0.30679	0.15066	0.01846	0.29502	0.02265	0.01707	0.02290	0.01474	0.02053	0.01128	0.00709	0.00835	0.00255	0.01134	0.00787	0.00372	0.01002
85	0.01665	0.01639	0.02096	0.04675	0.02157	0.10093	0.07220	0.04639	0.01517	0.02036	0.01570	0.02263	0.01415	0.02978	0.29089	0.00673	0.22302	0.00741	0.00401	0.00831
86	0.00945	0.00675	0.00900	0.01080	0.01125	0.00630	0.00720	0.01080	0.01484	0.01979	0.04274	0.72245	0.05128	0.02429	0.00990	0.00315	0.00450	0.02204	0.00720	0.00630
87	0.01914	0.01856	0.03224	0.04679	0.64493	0.01849	0.05740	0.02385	0.01769	0.02530	0.01464	0.01928	0.01225	0.00689	0.00776	0.00232	0.00942	0.00703	0.00384	0.01218
88	0.01101	0.00786	0.01079	0.01258	0.01371	0.00764	0.00991	0.01349	0.01638	0.02154	0.04187	0.39746	0.04787	0.02282	0.01031	0.00336	0.00585	0.33163	0.00717	0.00673
89	0.04453	0.01114	0.01384	0.01221	0.01561	0.01064	0.03545	0.09897	0.02071	0.13151	0.12459	0.16525	0.22546	0.01614	0.00880	0.00265	0.00560	0.04056	0.00759	0.00876
90	0.01347	0.00673	0.01010	0.01010	0.01010	0.00673	0.00673	0.01010	0.01010	0.01347	0.01347	0.02357	0.01347	0.02694	0.03030	0.77441	0.00673	0.00673	0.00337	0.00337
91	0.02113	0.01954	0.01844	0.01644	0.02088	0.10544	0.01277	0.07702	0.54545	0.03172	0.02829	0.02641	0.02130	0.01013	0.00777	0.00253	0.00728	0.00818	0.00739	0.01191
92	0.00990	0.00730	0.00932	0.01051	0.01164	0.00673	0.00752	0.01187	0.01653	0.02177	0.12901	0.46437	0.15981	0.02214	0.00976	0.00301	0.00456	0.08034	0.00736	0.00655
93	0.01608	0.01378	0.01608	0.01148	0.01837	0.01034	0.00919	0.01952	0.01608	0.02527	0.01378	0.01608	0.01148	0.00574	0.00574	0.00115	0.00574	0.00459	0.00459	0.77491
94	0.02094	0.01344	0.01579	0.01349	0.01754	0.01394	0.01064	0.09856	0.23261	0.17693	0.25229	0.03726	0.03864	0.01203	0.00829	0.00248	0.00564	0.01017	0.00847	0.01086
95	0.01823	0.02072	0.17822	0.02224	0.05485	0.01502	0.22079	0.02435	0.04075	0.11292	0.05948	0.10613	0.02146	0.01008	0.00831	0.00254	0.00928	0.00976	0.05457	0.01031
96	0.01667	0.01413	0.01639	0.01176	0.01862	0.01094	0.00943	0.04734	0.01697	0.02630	0.01399	0.01619	0.01156	0.00590	0.00583	0.00120	0.00586	0.00470	0.00473	0.74147
97	0.01560	0.01344	0.01660	0.01219	0.01856	0.01035	0.03366	0.01906	0.01634	0.02520	0.04287	0.05584	0.01619	0.00719	0.00624	0.00137	0.00587	0.00610	0.00487	0.67248
98	0.00985	0.00703	0.00946	0.01125	0.01188	0.00664	0.00789	0.01149	0.01524	0.02024	0.04251	0.63920	0.05041	0.02391	0.01000	0.00320	0.00484	0.10135	0.00719	0.00641
99	0.01937	0.33834	0.04192	0.02415	0.05851	0.02467	0.31229	0.02381	0.01687	0.02166	0.01322	0.01689	0.01091	0.00689	0.00790	0.00221	0.03983	0.00672	0.00363	0.01023
100	0.01023	0.00790	0.00933	0.00897	0.01113	0.00700	0.00673	0.01319	0.02019	0.02692	0.42974	0.06479	0.32107	0.01741	0.00915	0.00251	0.00377	0.01499	0.00799	0.00700
101	0.02234	0.01777	0.04272	0.01618	0.02112	0.01879	0.01336	0.21237	0.34282	0.08326	0.02826	0.05178	0.02239	0.01130	0.00811	0.00261	0.00708	0.05805	0.00773	0.01197
102	0.01101	0.00824	0.01231	0.01239	0.01373	0.00954	0.00958	0.01371	0.01256	0.01808	0.02172	0.06048	0.02077	0.05668	0.66698	0.01206	0.02006	0.00890	0.00429	0.00690
103	0.01987	0.01608	0.01796	0.01701	0.05226	0.01809	0.01269	0.06018	0.52428	0.06719	0.05699	0.03142	0.02534	0.01089	0.00803	0.00262	0.00634	0.03301	0.00777	0.01195
104	0.01097	0.00793	0.01036	0.00975	0.01158	0.00732	0.00732	0.01463	0.02195	0.03109	0.67505	0.05792	0.07316	0.01585	0.00914	0.00244	0.00366	0.01402	0.00854	0.00732
105	0.02430	0.16656	0.10252	0.01900	0.02384	0.40480	0.01649	0.02716	0.01884	0.01944	0.01175	0.01435	0.00999	0.00838	0.00904	0.00217	0.10313	0.00515	0.00371	0.00939
106	0.08543	0.01505	0.01702	0.01263	0.01913	0.01318	0.01024	0.12017	0.01971	0.10683	0.01624	0.01738	0.01239	0.00687	0.00621	0.00158	0.00630	0.00530	0.00569	0.50265
107	0.06778	0.04608	0.06291	0.02685	0.03400	0.04670	0.44809	0.05019	0.01881	0.02634	0.05034	0.02130	0.01467	0.00725	0.00836	0.00245	0.01141	0.00832	0.00437	0.04378
108	0.02073	0.73217	0.04063	0.01327	0.01990	0.03068	0.01327	0.02322	0.01575	0.01824	0.01078	0.01244	0.00995	0.00663	0.00498	0.00166	0.00829	0.00415	0.00332	0.00995
109	0.03052	0.01225	0.01663	0.01307	0.01832	0.01066	0.01066	0.03364	0.02215	0.56735	0.14614	0.03204	0.02887	0.01072	0.00804	0.00241	0.00607	0.00891	0.00941	0.01214
110	0.01419	0.00770	0.01086	0.01065	0.01108	0.00781	0.00728	0.05148	0.01216	0.01623	0.01605	0.07694	0.01635	0.02560	0.02729	0.66556	0.00668	0.00793	0.00394	0.00422
111	0.01953	0.25657	0.27658	0.02036	0.05923	0.08682	0.07184	0.02489	0.01739	0.04970	0.03952	0.01744	0.01303	0.00753	0.00681	0.00216	0.01020	0.00590	0.00391	0.01061
112	0.00945	0.00675	0.00900	0.01080	0.01125	0.00630	0.00720	0.01080	0.01484	0.01979	0.04274	0.72245	0.05128	0.02429	0.00990	0.00315	0.00450	0.02204	0.00720	0.00630
113	0.01347	0.00673	0.01010	0.01010	0.01010	0.00673	0.00673	0.01010	0.01010	0.01347	0.01347	0.02357	0.01347	0.02694	0.03030	0.77441	0.00673	0.00673	0.00337	0.00337
114	0.02572	0.11491	0.02385	0.07036	0.02469	0.24139	0.01458	0.26835	0.02584	0.03116	0.01617	0.01922	0.01287	0.00879	0.00712	0.00217	0.01010	0.02567	0.04649	0.01055
115	0.02771	0.05057	0.02435	0.06334	0.05418	0.02364	0.01551	0.55911	0.03343	0.04471	0.01780	0.01852	0.01283	0.00899	0.00764	0.00231	0.00867	0.00685	0.00713	0.01272
116	0.01187	0.00841	0.01026	0.00988	0.01211	0.00770	0.00746	0.01548	0.04278	0.05936	0.38211	0.11433	0.23389	0.01728	0.00915	0.00259	0.00415	0.03569	0.00804	0.00748
117	0.01561	0.01463	0.02406	0.45848	0.10830	0.01785	0.04584	0.02013	0.01530	0.02098	0.01410	0.02047	0.01118	0.00863	0.01049	0.00264	0.12259	0.00699	0.05278	0.00895
118	0.05971	0.02034	0.08316	0.05421	0.23927	0.06418	0.16487	0.02425	0.03794	0.04609	0.01760	0.05588	0.01500	0.00843	0.00789	0.00241	0.00980	0.02743	0.00449	0.05704
119	0.10536	0.13973	0.22632	0.04720	0.02769	0.05290	0.09512	0.09722	0.01910	0.05051	0.03681	0.01795	0.01287	0.00772	0.00698	0.00227	0.00966	0.00620	0.00453	0.03386

[dist]
# distance from previous block
# <min> <max>
0	13

[block]
# block no. 5 follows, 25 sequences, length 54
# corresponding to MSA columns:
# 351-404
name=unknown_F
#
# <colnr> <probs for GDERKNQSTAVLIFYWHMCP>
#	G	D	E	R	K	N	Q	S	T	A	V	L	I	F	Y	W	H	M	C	P
0	0.12609	0.18082	0.24758	0.01860	0.07131	0.06380	0.01809	0.02536	0.01723	0.10042	0.05096	0.01847	0.01440	0.00791	0.00663	0.00223	0.00903	0.00590	0.00460	0.01058
1	0.13312	0.33346	0.08023	0.10100	0.06749	0.06990	0.01527	0.02376	0.01644	0.05136	0.03548	0.01649	0.01249	0.00747	0.00606	0.00207	0.00867	0.00535	0.00408	0.00981
2	0.06141	0.01620	0.01981	0.11919	0.04321	0.05052	0.05905	0.21187	0.04759	0.03235	0.08785	0.02483	0.01992	0.01051	0.00900	0.05376	0.00790	0.00771	0.10760	0.00971
3	0.00943	0.00787	0.00822	0.00813	0.01064	0.00666	0.00610	0.01164	0.01830	0.02243	0.16575	0.07218	0.58787	0.01908	0.00916	0.00259	0.00389	0.01602	0.00740	0.00666
4	0.07878	0.36334	0.09606	0.01575	0.02216	0.06640	0.01505	0.17778	0.02089	0.02764	0.01305	0.01465	0.01063	0.00780	0.00692	0.00205	0.04067	0.00517	0.00455	0.01065
5	0.01106	0.00881	0.00943	0.00914	0.01161	0.00801	0.00683	0.05803	0.01875	0.02335	0.11549	0.10340	0.47601	0.07239	0.01144	0.00301	0.00464	0.03449	0.00716	0.00695
6	0.06298	0.16639	0.43398	0.02121	0.07221	0.04655	0.02324	0.04606	0.01706	0.02465	0.01327	0.01558	0.01005	0.00728	0.00679	0.00227	0.01039	0.00544	0.00359	0.01101
7	0.01576	0.10966	0.57118	0.02029	0.03055	0.01855	0.02551	0.02370	0.01671	0.02437	0.06143	0.01897	0.01442	0.00790	0.00725	0.00237	0.01057	0.00617	0.00366	0.01100
8	0.01270	0.00831	0.01092	0.01005	0.01218	0.00761	0.00761	0.01631	0.02197	0.07837	0.62842	0.05564	0.06925	0.01540	0.00905	0.00244	0.00387	0.01357	0.00861	0.00774
9	0.01796	0.01844	0.07599	0.06025	0.11811	0.03813	0.09977	0.06216	0.21779	0.02761	0.02536	0.06440	0.02216	0.01125	0.00847	0.00270	0.00859	0.10429	0.00591	0.01066
10	0.09285	0.01683	0.05026	0.35607	0.03845	0.01806	0.06360	0.14755	0.02016	0.07659	0.01667	0.03996	0.01263	0.00852	0.00762	0.00251	0.00936	0.00727	0.00502	0.01002
11	0.01114	0.00751	0.00871	0.00883	0.00894	0.00756	0.00514	0.01139	0.01157	0.01551	0.02543	0.09362	0.02922	0.64467	0.07364	0.00750	0.00805	0.01182	0.00483	0.00493
