[name]
unknown

[dist]
# distance from previous block
# <min> <max>
0	22

[block]
# block no. 0 follows, 24 sequences, length 24
# corresponding to MSA columns:
# 22-45
name=unknown_A
#
# <colnr> <probs for GDERKNQSTAVLIFYWHMCP>
#	G	D	E	R	K	N	Q	S	T	A	V	L	I	F	Y	W	H	M	C	P
0	0.01492	0.01104	0.01363	0.01492	0.01710	0.04946	0.01287	0.01844	0.01873	0.05627	0.03969	0.08187	0.04224	0.02049	0.01058	0.00350	0.00769	0.55159	0.00724	0.00772
1	0.24535	0.08959	0.04746	0.01323	0.01877	0.01538	0.01159	0.02924	0.01841	0.31937	0.02383	0.06151	0.01830	0.01020	0.00705	0.00249	0.00689	0.04328	0.00715	0.01090
2	0.06997	0.10677	0.08211	0.01410	0.02055	0.01565	0.01272	0.07528	0.01989	0.27479	0.02120	0.02239	0.01549	0.05616	0.00915	0.00246	0.00744	0.00662	0.00662	0.16066
3	0.01418	0.01524	0.13070	0.01331	0.01723	0.01110	0.01233	0.01854	0.01994	0.06503	0.40727	0.04415	0.05026	0.03995	0.01120	0.00269	0.05915	0.01130	0.00708	0.04935
4	0.01044	0.00764	0.00981	0.01019	0.01160	0.00701	0.00729	0.01311	0.01924	0.02636	0.37124	0.31212	0.12472	0.01989	0.00965	0.00279	0.00410	0.01771	0.00807	0.00701
5	0.11284	0.03463	0.52037	0.02183	0.06707	0.01775	0.02515	0.02427	0.01672	0.02687	0.05062	0.01881	0.01365	0.00797	0.00732	0.00249	0.01043	0.00621	0.00388	0.01113
6	0.00989	0.00717	0.00934	0.01067	0.01150	0.00662	0.00729	0.01168	0.01652	0.02214	0.14415	0.56992	0.09743	0.02317	0.00995	0.00307	0.00443	0.02086	0.00758	0.00662
7	0.01049	0.00808	0.00958	0.00920	0.01139	0.00717	0.00690	0.01354	0.02070	0.02766	0.43359	0.06604	0.31148	0.01775	0.00936	0.00257	0.00385	0.01530	0.00819	0.00717
8	0.03435	0.01322	0.01801	0.01390	0.01982	0.01144	0.01144	0.03745	0.02268	0.64481	0.06335	0.02862	0.02241	0.01014	0.00804	0.00246	0.00660	0.00830	0.00976	0.01319
9	0.77733	0.01534	0.01166	0.01043	0.01534	0.01779	0.00859	0.02331	0.01350	0.03558	0.01104	0.01288	0.00859	0.00736	0.00491	0.00245	0.00613	0.00429	0.00491	0.00859
10	0.02635	0.01855	0.01975	0.01556	0.02080	0.02034	0.01272	0.49053	0.03218	0.04493	0.02073	0.02164	0.01518	0.00945	0.00734	0.00225	0.00748	0.00720	0.19504	0.01198
11	0.01133	0.00850	0.01274	0.01274	0.01416	0.00991	0.00991	0.01416	0.01274	0.01841	0.02124	0.03115	0.01982	0.05947	0.68989	0.01274	0.02124	0.00850	0.00425	0.00708
12	0.01590	0.04102	0.68023	0.02260	0.03432	0.01842	0.02930	0.02511	0.01674	0.02511	0.01423	0.01674	0.01005	0.00753	0.00753	0.00251	0.01172	0.00586	0.00335	0.01172
13	0.01872	0.02139	0.04679	0.03342	0.04144	0.02005	0.64305	0.02540	0.01872	0.02540	0.01604	0.02139	0.01203	0.00668	0.00936	0.00267	0.01337	0.00936	0.00401	0.01070
14	0.00968	0.00805	0.00846	0.00836	0.01090	0.00682	0.00627	0.01197	0.01880	0.02314	0.17764	0.07349	0.57025	0.01944	0.00937	0.00265	0.00397	0.01634	0.00759	0.00682
15	0.01810	0.01254	0.01454	0.01292	0.01648	0.01297	0.01002	0.06863	0.22648	0.11470	0.25518	0.07656	0.09976	0.01396	0.00871	0.00260	0.00534	0.01193	0.00841	0.01016
16	0.01164	0.00771	0.00877	0.00871	0.00896	0.00766	0.00508	0.01214	0.01273	0.01745	0.08247	0.05159	0.03257	0.62767	0.03609	0.00697	0.00716	0.01160	0.03786	0.00516
17	0.77733	0.01534	0.01166	0.01043	0.01534	0.01779	0.00859	0.02331	0.01350	0.03558	0.01104	0.01288	0.00859	0.00736	0.00491	0.00245	0.00613	0.00429	0.00491	0.00859
18	0.01133	0.00850	0.01274	0.01274	0.01416	0.00991	0.00991	0.01416	0.01274	0.01841	0.02124	0.03115	0.01982	0.05947	0.68989	0.01274	0.02124	0.00850	0.00425	0.00708
19	0.01552	0.01478	0.02538	0.62048	0.10735	0.01782	0.04581	0.02081	0.01615	0.02094	0.01424	0.02102	0.01080	0.00781	0.00798	0.00262	0.01058	0.00714	0.00358	0.00920
20	0.01107	0.00799	0.01047	0.01008	0.01181	0.00738	0.00747	0.01459	0.02175	0.03069	0.60787	0.12219	0.07268	0.01704	0.00943	0.00256	0.00382	0.01513	0.00860	0.00738
21	0.01774	0.01663	0.05912	0.05091	0.21772	0.04146	0.06451	0.05688	0.01785	0.02624	0.01874	0.02452	0.01562	0.05048	0.06390	0.00341	0.03724	0.00753	0.19969	0.00982
22	0.01838	0.01610	0.01920	0.06399	0.08314	0.01667	0.01331	0.03215	0.35653	0.02936	0.02381	0.02403	0.01835	0.00871	0.00736	0.00219	0.00673	0.00734	0.00633	0.24631
23	0.22437	0.20925	0.14145	0.01544	0.02221	0.06703	0.01512	0.08728	0.05457	0.07450	0.01509	0.01616	0.01151	0.00787	0.00626	0.00224	0.00860	0.00541	0.00499	0.01065

[dist]
# distance from previous block
# <min> <max>
0	1

[block]
# block no. 1 follows, 24 sequences, length 65
# corresponding to MSA columns:
# 47-111
name=unknown_B
#
# <colnr> <probs for GDERKNQSTAVLIFYWHMCP>
#	G	D	E	R	K	N	Q	S	T	A	V	L	I	F	Y	W	H	M	C	P
0	0.01963	0.02604	0.18476	0.03714	0.37676	0.08315	0.07958	0.02604	0.04407	0.02535	0.01530	0.01900	0.01217	0.00740	0.00785	0.00240	0.01066	0.00688	0.00398	0.01187
1	0.01635	0.09834	0.62679	0.02185	0.03315	0.01950	0.02798	0.02500	0.01669	0.02457	0.01396	0.01641	0.01006	0.00747	0.00733	0.00244	0.01145	0.00572	0.00335	0.01159
2	0.01358	0.00698	0.01035	0.01030	0.01045	0.00693	0.00693	0.01068	0.01126	0.01515	0.06374	0.02679	0.01844	0.02668	0.02934	0.71070	0.00665	0.00746	0.00385	0.00375
3	0.02091	0.01748	0.01949	0.12600	0.02647	0.04193	0.01431	0.08420	0.45369	0.06487	0.02763	0.02678	0.02050	0.01008	0.00800	0.00262	0.00744	0.00834	0.00729	0.01196
4	0.02444	0.01340	0.01527	0.01297	0.01726	0.06195	0.01015	0.04635	0.02100	0.33318	0.08665	0.14795	0.11701	0.01389	0.00848	0.00253	0.00639	0.01169	0.00829	0.04116
5	0.01789	0.02361	0.21588	0.03121	0.30812	0.01712	0.02177	0.02561	0.09312	0.04866	0.02512	0.02697	0.09158	0.00928	0.00797	0.00248	0.00898	0.00812	0.00486	0.01165
6	0.02838	0.06813	0.01955	0.01331	0.01979	0.01282	0.01108	0.03155	0.02020	0.41936	0.02426	0.02254	0.01639	0.00833	0.00708	0.00199	0.00660	0.00664	0.00769	0.25430
7	0.01905	0.42738	0.07691	0.01392	0.01968	0.07884	0.01329	0.02301	0.04504	0.02199	0.11668	0.02573	0.07084	0.00956	0.00653	0.00202	0.00804	0.00711	0.00475	0.00963
8	0.01153	0.00769	0.00865	0.00865	0.00865	0.00769	0.00480	0.01153	0.01153	0.01538	0.02499	0.05189	0.02883	0.72131	0.04036	0.00769	0.00769	0.01153	0.00480	0.00480
9	0.02052	0.01743	0.01838	0.01630	0.02092	0.02010	0.01274	0.08823	0.61013	0.03446	0.03126	0.02878	0.02339	0.01066	0.00806	0.00267	0.00646	0.00883	0.00806	0.01262
10	0.01758	0.01783	0.02330	0.02018	0.02052	0.06081	0.01667	0.01942	0.01277	0.01905	0.01134	0.01823	0.01112	0.01704	0.07568	0.00410	0.61526	0.00695	0.00356	0.00858
11	0.01735	0.01735	0.02429	0.02082	0.02082	0.02429	0.01735	0.01908	0.01214	0.01908	0.01041	0.01735	0.01041	0.01388	0.02602	0.00347	0.70680	0.00694	0.00347	0.00867
12	0.03417	0.01381	0.01836	0.01429	0.02028	0.01237	0.01173	0.03896	0.07923	0.61997	0.03137	0.02722	0.02004	0.00990	0.00798	0.00247	0.00671	0.00806	0.00966	0.01341
13	0.01735	0.01735	0.02429	0.02082	0.02082	0.02429	0.01735	0.01908	0.01214	0.01908	0.01041	0.01735	0.01041	0.01388	0.02602	0.00347	0.70680	0.00694	0.00347	0.00867
14	0.01944	0.01639	0.01739	0.01548	0.01984	0.01863	0.01208	0.08488	0.53598	0.03376	0.07510	0.03311	0.05974	0.01150	0.00821	0.00265	0.00618	0.00957	0.00807	0.01199
15	0.03558	0.01350	0.01840	0.01411	0.02024	0.01166	0.01166	0.03865	0.02270	0.67734	0.03128	0.02699	0.01963	0.00981	0.00797	0.00245	0.00675	0.00797	0.00981	0.01350
16	0.02856	0.02012	0.02166	0.01680	0.02261	0.02205	0.01382	0.54733	0.03427	0.07293	0.02033	0.02059	0.01454	0.00950	0.00765	0.00232	0.00806	0.00720	0.09688	0.01277
17	0.00996	0.00752	0.00921	0.00993	0.01136	0.00677	0.00701	0.01209	0.01777	0.02338	0.20559	0.37455	0.23329	0.02139	0.00972	0.00289	0.00423	0.01890	0.00769	0.00677
18	0.02851	0.02177	0.02250	0.01768	0.02357	0.05166	0.01444	0.53726	0.09255	0.04626	0.02025	0.02025	0.01462	0.00956	0.00781	0.00237	0.00852	0.00723	0.04021	0.01296
19	0.03060	0.01379	0.01775	0.01412	0.01958	0.01287	0.01148	0.06748	0.10309	0.49262	0.10154	0.03049	0.02603	0.01063	0.00814	0.00248	0.00646	0.00876	0.00938	0.01271
20	0.01113	0.00810	0.01047	0.00988	0.01179	0.00744	0.00741	0.01478	0.02222	0.03127	0.63754	0.06011	0.10528	0.01641	0.00935	0.00250	0.00376	0.01446	0.00866	0.00744
21	0.03507	0.01431	0.01891	0.01450	0.02065	0.01287	0.01197	0.09546	0.02406	0.61860	0.03014	0.02625	0.01905	0.00979	0.00797	0.00245	0.00693	0.00790	0.00964	0.01349
22	0.03108	0.01598	0.01936	0.01536	0.02118	0.01595	0.01252	0.15902	0.16273	0.41447	0.02908	0.02598	0.01941	0.00996	0.00799	0.00249	0.00704	0.00802	0.00907	0.01329
23	0.02947	0.02569	0.02317	0.01866	0.02437	0.18450	0.01500	0.46606	0.06611	0.04173	0.01810	0.01845	0.01326	0.00926	0.00775	0.00231	0.00994	0.00675	0.00701	0.01240
24	0.01869	0.11202	0.44980	0.02321	0.05905	0.11062	0.06938	0.02584	0.01765	0.02370	0.01378	0.01643	0.01033	0.00746	0.00736	0.00237	0.01174	0.00588	0.00352	0.01117
25	0.01625	0.01624	0.03005	0.48872	0.09856	0.01831	0.17410	0.02183	0.01672	0.02195	0.01463	0.02109	0.01108	0.00756	0.00827	0.00263	0.01117	0.00761	0.00367	0.00956
26	0.01150	0.00782	0.00931	0.00931	0.00953	0.00804	0.00562	0.01195	0.01173	0.01586	0.02438	0.04856	0.02738	0.61506	0.14464	0.00850	0.00986	0.01104	0.00472	0.00517
27	0.01035	0.00807	0.00939	0.00906	0.01131	0.00711	0.00679	0.01327	0.02038	0.02689	0.38987	0.06731	0.35568	0.01804	0.00936	0.00258	0.00387	0.01547	0.00808	0.00711
28	0.02433	0.01101	0.01480	0.01220	0.01636	0.00973	0.00973	0.02771	0.02258	0.37916	0.32523	0.04188	0.04512	0.01277	0.00861	0.00247	0.00536	0.01092	0.00931	0.01072
29	0.01972	0.01703	0.01793	0.01614	0.02062	0.01972	0.01255	0.04214	0.65752	0.03317	0.03228	0.02959	0.02421	0.01076	0.00807	0.00269	0.00628	0.00897	0.00807	0.01255
30	0.77733	0.01534	0.01166	0.01043	0.01534	0.01779	0.00859	0.02331	0.01350	0.03558	0.01104	0.01288	0.00859	0.00736	0.00491	0.00245	0.00613	0.00429	0.00491	0.00859
31	0.03014	0.02221	0.02380	0.01825	0.02459	0.02459	0.01507	0.64541	0.03728	0.04998	0.01904	0.01904	0.01349	0.00952	0.00793	0.00238	0.00873	0.00714	0.00793	0.01349
32	0.01918	0.01874	0.03026	0.16669	0.53317	0.04571	0.02355	0.02389	0.01783	0.02461	0.01466	0.01969	0.01210	0.00727	0.00784	0.00239	0.00983	0.00698	0.00386	0.01174
33	0.02120	0.72609	0.04155	0.01357	0.02035	0.03138	0.01357	0.02374	0.01611	0.01866	0.01102	0.01272	0.01018	0.00678	0.00509	0.00170	0.00848	0.00424	0.00339	0.01018
34	0.01590	0.04102	0.68023	0.02260	0.03432	0.01842	0.02930	0.02511	0.01674	0.02511	0.01423	0.01674	0.01005	0.00753	0.00753	0.00251	0.01172	0.00586	0.00335	0.01172
35	0.01972	0.01703	0.01793	0.01614	0.02062	0.01972	0.01255	0.04214	0.65752	0.03317	0.03228	0.02959	0.02421	0.01076	0.00807	0.00269	0.00628	0.00897	0.00807	0.01255
36	0.00959	0.00808	0.00834	0.00838	0.01099	0.00683	0.00636	0.01174	0.01827	0.02197	0.10429	0.07610	0.61767	0.01999	0.00944	0.00271	0.00414	0.04094	0.00742	0.00675
37	0.01805	0.01974	0.04226	0.03053	0.03777	0.01854	0.56865	0.02429	0.01841	0.02551	0.01791	0.05009	0.01430	0.00761	0.00910	0.00263	0.01228	0.00974	0.06232	0.01027
38	0.00991	0.00718	0.00939	0.01085	0.01165	0.00666	0.00747	0.01166	0.01624	0.02166	0.11180	0.58387	0.09493	0.02352	0.01002	0.00312	0.00456	0.04139	0.00750	0.00660
39	0.01133	0.00850	0.01274	0.01274	0.01416	0.00991	0.00991	0.01416	0.01274	0.01841	0.02124	0.03115	0.01982	0.05947	0.68989	0.01274	0.02124	0.00850	0.00425	0.00708
40	0.02175	0.68127	0.04031	0.01402	0.02062	0.07423	0.01368	0.02426	0.01653	0.01871	0.01110	0.01282	0.01018	0.00687	0.00522	0.00172	0.00886	0.00430	0.00344	0.01011
41	0.01262	0.00901	0.01259	0.01442	0.01618	0.00899	0.01250	0.01615	0.01810	0.02355	0.04207	0.12159	0.04599	0.02206	0.01091	0.00363	0.00716	0.58791	0.00730	0.00726
42	0.02040	0.01927	0.02968	0.04276	0.55485	0.04781	0.02217	0.05693	0.04630	0.02732	0.01621	0.02021	0.01333	0.00749	0.00774	0.00234	0.00922	0.00708	0.03666	0.01224
43	0.02111	0.01979	0.02939	0.04092	0.50938	0.04822	0.02175	0.08805	0.08955	0.02880	0.01709	0.02042	0.01382	0.00776	0.00785	0.00238	0.00922	0.00720	0.00478	0.01251
44	0.04909	0.01575	0.02610	0.45200	0.26139	0.01804	0.02223	0.02177	0.01650	0.02282	0.01424	0.02028	0.01116	0.00761	0.00777	0.00254	0.00999	0.00694	0.00372	0.01007
45	0.01645	0.01369	0.01537	0.01474	0.04489	0.01474	0.01083	0.06358	0.33100	0.03136	0.18792	0.04394	0.15153	0.01349	0.00859	0.00261	0.00555	0.01144	0.00791	0.01036
46	0.01634	0.09706	0.62798	0.02186	0.03318	0.01948	0.02801	0.02500	0.01669	0.02458	0.01397	0.01641	0.01006	0.00747	0.00733	0.00244	0.01145	0.00573	0.00335	0.01159
47	0.01742	0.01756	0.02546	0.02148	0.02190	0.02407	0.05002	0.01941	0.01249	0.01941	0.01070	0.01756	0.01049	0.01350	0.02515	0.00343	0.67059	0.00707	0.00350	0.00878
48	0.77733	0.01534	0.01166	0.01043	0.01534	0.01779	0.00859	0.02331	0.01350	0.03558	0.01104	0.01288	0.00859	0.00736	0.00491	0.00245	0.00613	0.00429	0.00491	0.00859
49	0.03276	0.01360	0.01803	0.01400	0.01973	0.01220	0.01149	0.08113	0.02375	0.56683	0.09362	0.02961	0.02466	0.01043	0.00811	0.00245	0.00660	0.00855	0.00957	0.01290
50	0.00966	0.00690	0.00920	0.01104	0.01150	0.00644	0.00736	0.01104	0.01518	0.02024	0.04371	0.71614	0.05245	0.02484	0.01012	0.00322	0.00460	0.02254	0.00736	0.00644
51	0.01010	0.00749	0.01005	0.01159	0.01203	0.00745	0.00793	0.01150	0.01501	0.02018	0.04182	0.67662	0.05007	0.02422	0.01102	0.00323	0.04431	0.02166	0.00714	0.00657
52	0.01700	0.01696	0.02430	0.02076	0.02106	0.02323	0.03861	0.01889	0.01253	0.01936	0.01231	0.05323	0.01262	0.01419	0.02463	0.00343	0.64676	0.00782	0.00369	0.00863
53	0.01735	0.01735	0.02429	0.02082	0.02082	0.02429	0.01735	0.01908	0.01214	0.01908	0.01041	0.01735	0.01041	0.01388	0.02602	0.00347	0.70680	0.00694	0.00347	0.00867
54	0.07283	0.40254	0.08058	0.01619	0.02243	0.21673	0.01497	0.05307	0.01872	0.02181	0.01196	0.01375	0.01022	0.00739	0.00597	0.00193	0.01024	0.00474	0.00388	0.01005
55	0.77733	0.01534	0.01166	0.01043	0.01534	0.01779	0.00859	0.02331	0.01350	0.03558	0.01104	0.01288	0.00859	0.00736	0.00491	0.00245	0.00613	0.00429	0.00491	0.00859
56	0.02017	0.01726	0.01818	0.01623	0.02079	0.01993	0.01266	0.06789	0.63105	0.03389	0.03171	0.02914	0.02375	0.01071	0.00806	0.00268	0.00638	0.00889	0.00806	0.01259
57	0.00969	0.00805	0.00847	0.00837	0.01091	0.00683	0.00628	0.01200	0.01883	0.02321	0.18131	0.07338	0.56653	0.01942	0.00937	0.00265	0.00397	0.01632	0.00760	0.00683
58	0.02386	0.01875	0.02006	0.01677	0.02185	0.02110	0.01337	0.31731	0.33070	0.04005	0.02694	0.06944	0.02112	0.01111	0.00814	0.00258	0.00729	0.00901	0.00796	0.01258
59	0.01493	0.00795	0.00835	0.00815	0.00989	0.00835	0.00621	0.01851	0.01638	0.02897	0.02499	0.02887	0.01976	0.00950	0.00670	0.00194	0.04346	0.00737	0.72225	0.00746
60	0.00966	0.00690	0.00920	0.01104	0.01150	0.00644	0.00736	0.01104	0.01518	0.02024	0.04371	0.71614	0.05245	0.02484	0.01012	0.00322	0.00460	0.02254	0.00736	0.00644
61	0.01601	0.04028	0.65631	0.02301	0.03459	0.01848	0.05247	0.02512	0.01682	0.02512	0.01430	0.01692	0.01012	0.00750	0.00760	0.00252	0.01178	0.00599	0.00337	0.01168
62	0.01153	0.00769	0.00865	0.00865	0.00865	0.00769	0.00480	0.01153	0.01153	0.01538	0.02499	0.05189	0.02883	0.72131	0.04036	0.00769	0.00769	0.01153	0.00480	0.00480
63	0.06121	0.00894	0.01267	0.01259	0.01424	0.01043	0.00983	0.01476	0.01279	0.01953	0.02058	0.02996	0.01909	0.05608	0.64529	0.01207	0.02026	0.00822	0.00429	0.00718
64	0.70232	0.01591	0.01316	0.01227	0.03878	0.01827	0.00956	0.06385	0.01520	0.03618	0.01170	0.01352	0.00905	0.00749	0.00521	0.00245	0.00642	0.00458	0.00507	0.00905

[dist]
# distance from previous block
# <min> <max>
0	1

[block]
# block no. 2 follows, 24 sequences, length 186
# corresponding to MSA columns:
# 113-298
name=unknown_C
#
# <colnr> <probs for GDERKNQSTAVLIFYWHMCP>
#	G	D	E	R	K	N	Q	S	T	A	V	L	I	F	Y	W	H	M	C	P
0	0.02998	0.02153	0.02326	0.01794	0.02419	0.02370	0.01478	0.58727	0.06317	0.08256	0.02026	0.01991	0.01427	0.00959	0.00794	0.00240	0.00852	0.00726	0.00804	0.01345
1	0.01687	0.01664	0.02337	0.02018	0.02029	0.02314	0.01676	0.01869	0.01219	0.01903	0.01127	0.01845	0.01116	0.01751	0.07892	0.00421	0.65217	0.00706	0.00353	0.00855
2	0.00966	0.00690	0.00920	0.01104	0.01150	0.00644	0.00736	0.01104	0.01518	0.02024	0.04371	0.71614	0.05245	0.02484	0.01012	0.00322	0.00460	0.02254	0.00736	0.00644
3	0.00966	0.00690	0.00920	0.01104	0.01150	0.00644	0.00736	0.01104	0.01518	0.02024	0.04371	0.71614	0.05245	0.02484	0.01012	0.00322	0.00460	0.02254	0.00736	0.00644
4	0.03014	0.02221	0.02380	0.01825	0.02459	0.02459	0.01507	0.64541	0.03728	0.04998	0.01904	0.01904	0.01349	0.00952	0.00793	0.00238	0.00873	0.00714	0.00793	0.01349
5	0.77733	0.01534	0.01166	0.01043	0.01534	0.01779	0.00859	0.02331	0.01350	0.03558	0.01104	0.01288	0.00859	0.00736	0.00491	0.00245	0.00613	0.00429	0.00491	0.00859
6	0.66515	0.01506	0.01268	0.01098	0.01608	0.01686	0.00905	0.02563	0.01489	0.13264	0.01410	0.01502	0.01026	0.00773	0.00537	0.00245	0.00623	0.00485	0.00565	0.00933
7	0.01650	0.03690	0.54724	0.02487	0.03582	0.01876	0.15816	0.02517	0.01716	0.02517	0.01461	0.01772	0.01046	0.00736	0.00792	0.00255	0.01207	0.00659	0.00349	0.01150
8	0.02120	0.72609	0.04155	0.01357	0.02035	0.03138	0.01357	0.02374	0.01611	0.01866	0.01102	0.01272	0.01018	0.00678	0.00509	0.00170	0.00848	0.00424	0.00339	0.01018
9	0.77733	0.01534	0.01166	0.01043	0.01534	0.01779	0.00859	0.02331	0.01350	0.03558	0.01104	0.01288	0.00859	0.00736	0.00491	0.00245	0.00613	0.00429	0.00491	0.00859
10	0.00966	0.00690	0.00920	0.01104	0.01150	0.00644	0.00736	0.01104	0.01518	0.02024	0.04371	0.71614	0.05245	0.02484	0.01012	0.00322	0.00460	0.02254	0.00736	0.00644
11	0.00999	0.00744	0.00936	0.01059	0.01177	0.00681	0.00753	0.01189	0.01667	0.02173	0.10210	0.46866	0.18996	0.02285	0.00996	0.00308	0.00463	0.07088	0.00747	0.00665
12	0.01478	0.00739	0.00739	0.00739	0.00924	0.00739	0.00554	0.01848	0.01663	0.02956	0.02587	0.02956	0.02033	0.00924	0.00554	0.00185	0.00370	0.00739	0.76534	0.00739
13	0.01111	0.00810	0.01044	0.00985	0.01178	0.00743	0.00739	0.01474	0.02217	0.03114	0.63061	0.06031	0.11229	0.01646	0.00935	0.00251	0.00376	0.01449	0.00864	0.00743
14	0.01377	0.00689	0.01033	0.01033	0.01033	0.00689	0.00689	0.01033	0.01033	0.01377	0.01377	0.02410	0.01377	0.02755	0.03099	0.76928	0.00689	0.00689	0.00344	0.00344
15	0.02883	0.02297	0.02343	0.05585	0.02606	0.08475	0.01537	0.52992	0.06061	0.04485	0.01870	0.01916	0.01347	0.00936	0.00787	0.00238	0.00923	0.00702	0.00735	0.01280
16	0.01972	0.01703	0.01793	0.01614	0.02062	0.01972	0.01255	0.04214	0.65752	0.03317	0.03228	0.02959	0.02421	0.01076	0.00807	0.00269	0.00628	0.00897	0.00807	0.01255
17	0.01922	0.01843	0.03145	0.10587	0.61783	0.01873	0.02413	0.02398	0.01786	0.02541	0.01484	0.01976	0.01239	0.00714	0.00786	0.00238	0.00952	0.00706	0.00389	0.01223
18	0.02041	0.02003	0.02931	0.04163	0.52452	0.07070	0.02188	0.02756	0.11404	0.02649	0.01731	0.02071	0.01412	0.00770	0.00783	0.00238	0.00933	0.00720	0.00456	0.01230
19	0.01377	0.00689	0.01033	0.01033	0.01033	0.00689	0.00689	0.01033	0.01033	0.01377	0.01377	0.02410	0.01377	0.02755	0.03099	0.76928	0.00689	0.00689	0.00344	0.00344
20	0.01628	0.07209	0.62077	0.02269	0.03400	0.01910	0.05728	0.02506	0.01681	0.02483	0.01417	0.01677	0.01014	0.00746	0.00751	0.00248	0.01165	0.00595	0.00338	0.01160
21	0.01478	0.00739	0.00739	0.00739	0.00924	0.00739	0.00554	0.01848	0.01663	0.02956	0.02587	0.02956	0.02033	0.00924	0.00554	0.00185	0.00370	0.00739	0.76534	0.00739
22	0.01011	0.00854	0.03929	0.01165	0.01271	0.00711	0.00854	0.01200	0.01562	0.02099	0.06423	0.63927	0.05110	0.02366	0.01001	0.00318	0.00499	0.04303	0.00723	0.00674
23	0.01957	0.01894	0.03259	0.04654	0.60856	0.01895	0.06295	0.02505	0.04119	0.02614	0.01561	0.02010	0.01295	0.00717	0.00795	0.00239	0.00956	0.00728	0.00408	0.01244
24	0.02748	0.02089	0.02230	0.01771	0.02357	0.02334	0.01443	0.49090	0.19613	0.04567	0.02243	0.02174	0.01623	0.00984	0.00797	0.00246	0.00810	0.00761	0.00797	0.01325
25	0.00939	0.00798	0.00809	0.00818	0.01075	0.00668	0.00609	0.01136	0.01793	0.02136	0.07850	0.10833	0.63780	0.02032	0.00941	0.00270	0.00405	0.01703	0.00736	0.00668
26	0.01894	0.01863	0.02950	0.20660	0.42482	0.05219	0.04952	0.02469	0.05171	0.02455	0.01555	0.02034	0.01255	0.00751	0.00791	0.00244	0.00995	0.00716	0.00406	0.01138
27	0.03558	0.01350	0.01840	0.01411	0.02024	0.01166	0.01166	0.03865	0.02270	0.67734	0.03128	0.02699	0.01963	0.00981	0.00797	0.00245	0.00675	0.00797	0.00981	0.01350
28	0.01735	0.01735	0.02429	0.02082	0.02082	0.02429	0.01735	0.01908	0.01214	0.01908	0.01041	0.01735	0.01041	0.01388	0.02602	0.00347	0.70680	0.00694	0.00347	0.00867
29	0.01885	0.01793	0.03022	0.10540	0.52913	0.01836	0.04295	0.02457	0.05183	0.02565	0.01706	0.02361	0.01452	0.00802	0.00806	0.00247	0.00939	0.03579	0.00427	0.01191
30	0.77733	0.01534	0.01166	0.01043	0.01534	0.01779	0.00859	0.02331	0.01350	0.03558	0.01104	0.01288	0.00859	0.00736	0.00491	0.00245	0.00613	0.00429	0.00491	0.00859
31	0.01875	0.01875	0.03054	0.05823	0.02863	0.02279	0.19300	0.07633	0.01640	0.02365	0.01294	0.01882	0.01115	0.01118	0.01884	0.00311	0.41558	0.00764	0.00402	0.00967
32	0.01114	0.00804	0.01052	0.01003	0.01183	0.00743	0.00748	0.01475	0.02205	0.03117	0.63346	0.09524	0.07360	0.01668	0.00939	0.00253	0.00379	0.01479	0.00865	0.00743
33	0.02267	0.01868	0.01945	0.01680	0.02162	0.04316	0.01343	0.22217	0.39806	0.03704	0.02836	0.03059	0.02217	0.01117	0.00822	0.00265	0.00737	0.05624	0.00783	0.01231
34	0.02922	0.02149	0.02305	0.01777	0.02380	0.02375	0.01456	0.61394	0.03601	0.04826	0.01933	0.02067	0.01425	0.04485	0.00954	0.00264	0.00867	0.00736	0.00778	0.01305
35	0.01001	0.00712	0.00941	0.01102	0.01158	0.00671	0.00748	0.01154	0.01547	0.02068	0.07341	0.61043	0.05173	0.06821	0.01203	0.00349	0.00489	0.05111	0.00726	0.00643
36	0.03014	0.02221	0.02380	0.01825	0.02459	0.02459	0.01507	0.64541	0.03728	0.04998	0.01904	0.01904	0.01349	0.00952	0.00793	0.00238	0.00873	0.00714	0.00793	0.01349
37	0.01106	0.00804	0.01041	0.00995	0.01178	0.00739	0.00741	0.01460	0.02187	0.03072	0.60836	0.09487	0.10011	0.01684	0.00939	0.00254	0.00380	0.01488	0.00860	0.00739
38	0.01735	0.01735	0.02429	0.02082	0.02082	0.02429	0.01735	0.01908	0.01214	0.01908	0.01041	0.01735	0.01041	0.01388	0.02602	0.00347	0.70680	0.00694	0.00347	0.00867
39	0.01637	0.01409	0.01681	0.04630	0.02059	0.01092	0.01003	0.01998	0.01641	0.02556	0.01409	0.01668	0.01169	0.00598	0.00598	0.00125	0.00611	0.00482	0.00464	0.73171
40	0.03014	0.02221	0.02380	0.01825	0.02459	0.02459	0.01507	0.64541	0.03728	0.04998	0.01904	0.01904	0.01349	0.00952	0.00793	0.00238	0.00873	0.00714	0.00793	0.01349
41	0.77733	0.01534	0.01166	0.01043	0.01534	0.01779	0.00859	0.02331	0.01350	0.03558	0.01104	0.01288	0.00859	0.00736	0.00491	0.00245	0.00613	0.00429	0.00491	0.00859
42	0.01963	0.01884	0.03219	0.04867	0.67185	0.01884	0.02434	0.02434	0.01806	0.02591	0.01492	0.01963	0.01256	0.00707	0.00785	0.00236	0.00942	0.00707	0.00393	0.01256
43	0.00965	0.00695	0.00915	0.01091	0.01147	0.00645	0.00730	0.01106	0.01531	0.02029	0.04529	0.68840	0.07917	0.02464	0.01009	0.00320	0.00458	0.02229	0.00736	0.00645
44	0.03465	0.01329	0.01810	0.01395	0.01992	0.01150	0.01150	0.03774	0.02269	0.65266	0.05562	0.02822	0.02174	0.01006	0.00803	0.00246	0.00663	0.00822	0.00977	0.01327
45	0.00966	0.00690	0.00920	0.01104	0.01150	0.00644	0.00736	0.01104	0.01518	0.02024	0.04371	0.71614	0.05245	0.02484	0.01012	0.00322	0.00460	0.02254	0.00736	0.00644
46	0.02768	0.02099	0.02241	0.01775	0.02365	0.02344	0.01448	0.50301	0.18369	0.04601	0.02216	0.02153	0.01602	0.00981	0.00796	0.00245	0.00815	0.00757	0.00796	0.01327
47	0.01122	0.00811	0.01060	0.00998	0.01185	0.00748	0.00748	0.01496	0.02245	0.03180	0.66766	0.05923	0.07482	0.01621	0.00935	0.00249	0.00374	0.01434	0.00873	0.00748
48	0.77733	0.01534	0.01166	0.01043	0.01534	0.01779	0.00859	0.02331	0.01350	0.03558	0.01104	0.01288	0.00859	0.00736	0.00491	0.00245	0.00613	0.00429	0.00491	0.00859
49	0.01972	0.01703	0.01793	0.01614	0.02062	0.01972	0.01255	0.04214	0.65752	0.03317	0.03228	0.02959	0.02421	0.01076	0.00807	0.00269	0.00628	0.00897	0.00807	0.01255
50	0.02120	0.72609	0.04155	0.01357	0.02035	0.03138	0.01357	0.02374	0.01611	0.01866	0.01102	0.01272	0.01018	0.00678	0.00509	0.00170	0.00848	0.00424	0.00339	0.01018
51	0.01885	0.01821	0.03155	0.15093	0.54511	0.01871	0.05292	0.02374	0.01774	0.02499	0.01484	0.01995	0.01222	0.00718	0.00793	0.00242	0.00979	0.00717	0.00387	0.01188
52	0.02008	0.01749	0.02027	0.02108	0.11816	0.01976	0.01440	0.06065	0.54011	0.03268	0.02921	0.02773	0.02209	0.01016	0.00803	0.00263	0.00683	0.00862	0.00744	0.01259
53	0.00966	0.00690	0.00920	0.01104	0.01150	0.00644	0.00736	0.01104	0.01518	0.02024	0.04371	0.71614	0.05245	0.02484	0.01012	0.00322	0.00460	0.02254	0.00736	0.00644
54	0.01498	0.01409	0.02378	0.70226	0.05462	0.01762	0.02202	0.02026	0.01586	0.02026	0.01409	0.02114	0.01057	0.00793	0.00793	0.00264	0.01057	0.00705	0.00352	0.00881
55	0.01972	0.01703	0.01793	0.01614	0.02062	0.01972	0.01255	0.04214	0.65752	0.03317	0.03228	0.02959	0.02421	0.01076	0.00807	0.00269	0.00628	0.00897	0.00807	0.01255
56	0.01377	0.00689	0.01033	0.01033	0.01033	0.00689	0.00689	0.01033	0.01033	0.01377	0.01377	0.02410	0.01377	0.02755	0.03099	0.76928	0.00689	0.00689	0.00344	0.00344
57	0.02962	0.03779	0.02247	0.02043	0.02451	0.68948	0.01532	0.03166	0.02247	0.01941	0.01226	0.01430	0.01021	0.00817	0.00715	0.00204	0.01430	0.00511	0.00409	0.00919
58	0.00966	0.00690	0.00920	0.01104	0.01150	0.00644	0.00736	0.01104	0.01518	0.02024	0.04371	0.71614	0.05245	0.02484	0.01012	0.00322	0.00460	0.02254	0.00736	0.00644
59	0.01053	0.00893	0.00920	0.00898	0.01178	0.00805	0.00678	0.01469	0.08194	0.02333	0.11740	0.07045	0.56227	0.01888	0.00924	0.00267	0.00422	0.01579	0.00753	0.00733
60	0.02343	0.32479	0.12212	0.01867	0.04670	0.26921	0.01673	0.02762	0.04533	0.02069	0.01294	0.01480	0.01084	0.00757	0.00640	0.00200	0.01100	0.00508	0.00385	0.01021
61	0.77733	0.01534	0.01166	0.01043	0.01534	0.01779	0.00859	0.02331	0.01350	0.03558	0.01104	0.01288	0.00859	0.00736	0.00491	0.00245	0.00613	0.00429	0.00491	0.00859
62	0.01498	0.01409	0.02378	0.70226	0.05462	0.01762	0.02202	0.02026	0.01586	0.02026	0.01409	0.02114	0.01057	0.00793	0.00793	0.00264	0.01057	0.00705	0.00352	0.00881
63	0.02942	0.02178	0.02341	0.01790	0.02428	0.02385	0.01477	0.61220	0.03618	0.04869	0.01878	0.01890	0.01339	0.00933	0.00782	0.00232	0.00857	0.00701	0.00776	0.05364
64	0.03558	0.01350	0.01840	0.01411	0.02024	0.01166	0.01166	0.03865	0.02270	0.67734	0.03128	0.02699	0.01963	0.00981	0.00797	0.00245	0.00675	0.00797	0.00981	0.01350
65	0.01153	0.00769	0.00865	0.00865	0.00865	0.00769	0.00480	0.01153	0.01153	0.01538	0.02499	0.05189	0.02883	0.72131	0.04036	0.00769	0.00769	0.01153	0.00480	0.00480
66	0.01028	0.00848	0.00865	0.00852	0.01122	0.00746	0.00642	0.01353	0.05215	0.02294	0.10249	0.07071	0.57442	0.01887	0.00911	0.00263	0.00411	0.01575	0.04520	0.00708
67	0.01963	0.01884	0.03219	0.04867	0.67185	0.01884	0.02434	0.02434	0.01806	0.02591	0.01492	0.01963	0.01256	0.00707	0.00785	0.00236	0.00942	0.00707	0.00393	0.01256
68	0.02807	0.03517	0.02150	0.01958	0.02361	0.61878	0.01471	0.03123	0.05706	0.02026	0.01674	0.01823	0.04376	0.00891	0.00731	0.00211	0.01335	0.00590	0.00447	0.00925
69	0.00940	0.00791	0.00816	0.00835	0.01079	0.00667	0.00616	0.01134	0.01777	0.02130	0.07649	0.14340	0.60402	0.02058	0.00945	0.00273	0.00408	0.01734	0.00736	0.00667
70	0.01963	0.01884	0.03219	0.04867	0.67185	0.01884	0.02434	0.02434	0.01806	0.02591	0.01492	0.01963	0.01256	0.00707	0.00785	0.00236	0.00942	0.00707	0.00393	0.01256
71	0.01840	0.02361	0.11829	0.03220	0.04064	0.01987	0.57377	0.02537	0.01849	0.02537	0.01584	0.02087	0.01181	0.00678	0.00915	0.00266	0.01318	0.00896	0.00394	0.01081
72	0.02928	0.06830	0.02350	0.01988	0.02433	0.58930	0.01521	0.09540	0.02372	0.02257	0.01291	0.01472	0.01055	0.00825	0.00714	0.00206	0.01345	0.00528	0.00446	0.00969
73	0.03532	0.01390	0.01866	0.01430	0.02045	0.01226	0.01181	0.06703	0.02338	0.64799	0.03071	0.02662	0.01934	0.00980	0.00797	0.00245	0.00684	0.00794	0.00973	0.01349
74	0.01679	0.05754	0.08232	0.02072	0.02301	0.02184	0.07951	0.01976	0.01402	0.02077	0.03861	0.06905	0.01598	0.01310	0.01985	0.00316	0.46264	0.00834	0.00399	0.00902
75	0.00943	0.00782	0.00826	0.00861	0.01086	0.00665	0.00628	0.01132	0.01752	0.02120	0.07335	0.19823	0.55122	0.02099	0.00951	0.00278	0.00413	0.01784	0.00736	0.00665
76	0.01122	0.00811	0.01060	0.00998	0.01185	0.00748	0.00748	0.01496	0.02245	0.03180	0.66766	0.05923	0.07482	0.01621	0.00935	0.00249	0.00374	0.01434	0.00873	0.00748
77	0.01455	0.01306	0.02139	0.38758	0.15157	0.01486	0.01870	0.01882	0.01634	0.02158	0.02263	0.16332	0.02238	0.01239	0.00863	0.00280	0.00889	0.06695	0.00470	0.00887
78	0.01377	0.00689	0.01033	0.01033	0.01033	0.00689	0.00689	0.01033	0.01033	0.01377	0.01377	0.02410	0.01377	0.02755	0.03099	0.76928	0.00689	0.00689	0.00344	0.00344
79	0.03014	0.02221	0.02380	0.01825	0.02459	0.02459	0.01507	0.64541	0.03728	0.04998	0.01904	0.01904	0.01349	0.00952	0.00793	0.00238	0.00873	0.00714	0.00793	0.01349
80	0.01607	0.01370	0.01605	0.01171	0.01839	0.01034	0.00928	0.01948	0.01637	0.02553	0.01572	0.05480	0.01398	0.00691	0.00611	0.00129	0.00580	0.00568	0.00484	0.72795
81	0.02258	0.38940	0.15189	0.01511	0.02244	0.02293	0.01562	0.02656	0.01791	0.15853	0.04663	0.01876	0.01521	0.00796	0.00637	0.00202	0.00839	0.00581	0.00503	0.04085
82	0.77733	0.01534	0.01166	0.01043	0.01534	0.01779	0.00859	0.02331	0.01350	0.03558	0.01104	0.01288	0.00859	0.00736	0.00491	0.00245	0.00613	0.00429	0.00491	0.00859
83	0.02184	0.67345	0.04009	0.01409	0.02067	0.08171	0.01370	0.02435	0.01660	0.01871	0.01112	0.01284	0.01018	0.00689	0.00525	0.00172	0.00893	0.00431	0.00345	0.01010
84	0.01918	0.01884	0.03016	0.16503	0.46228	0.04862	0.05382	0.02494	0.05293	0.02495	0.01565	0.02030	0.01270	0.00746	0.00792	0.00243	0.00987	0.00719	0.00409	0.01163
85	0.01134	0.00846	0.01256	0.01256	0.01391	0.00981	0.00968	0.01404	0.01269	0.01827	0.02141	0.03208	0.02023	0.08898	0.66094	0.01252	0.02064	0.00863	0.00427	0.00698
86	0.01672	0.00932	0.01236	0.01091	0.01374	0.00842	0.00842	0.02031	0.02250	0.17743	0.52410	0.05196	0.06237	0.01477	0.00904	0.00248	0.00442	0.01290	0.00897	0.00884
87	0.01109	0.00800	0.01048	0.01007	0.01182	0.00739	0.00747	0.01464	0.02184	0.03083	0.61535	0.11431	0.07295	0.01694	0.00942	0.00255	0.00381	0.01503	0.00861	0.00739
88	0.01244	0.00837	0.01099	0.01018	0.01226	0.00769	0.00769	0.01614	0.02246	0.06393	0.63599	0.05763	0.07207	0.01589	0.00928	0.00249	0.00389	0.01402	0.00878	0.00778
89	0.05199	0.00946	0.01136	0.01079	0.01343	0.00898	0.00836	0.01826	0.05511	0.08982	0.32552	0.10128	0.18091	0.01670	0.00912	0.00268	0.00470	0.06527	0.00812	0.00814
90	0.02681	0.13236	0.02548	0.01942	0.02343	0.48223	0.01533	0.05211	0.02075	0.02042	0.01209	0.01466	0.01036	0.00878	0.00940	0.00220	0.10539	0.00530	0.00405	0.00943
91	0.02261	0.61077	0.03836	0.01472	0.02105	0.14164	0.01386	0.02507	0.01718	0.01878	0.01123	0.01299	0.01018	0.00702	0.00543	0.00175	0.00946	0.00439	0.00351	0.01001
92	0.01841	0.01806	0.03164	0.10665	0.46826	0.01843	0.10334	0.02316	0.01770	0.02478	0.01839	0.02302	0.04818	0.00808	0.00885	0.00249	0.03713	0.00789	0.00407	0.01148
93	0.01057	0.00792	0.00988	0.01026	0.01200	0.00723	0.00769	0.01332	0.01919	0.02561	0.30533	0.22074	0.21370	0.01984	0.00972	0.00284	0.00441	0.08483	0.00791	0.00702
94	0.02205	0.65692	0.03964	0.01426	0.02077	0.09751	0.01374	0.02454	0.01675	0.01873	0.01115	0.01288	0.01018	0.00692	0.00530	0.00173	0.00907	0.00433	0.00346	0.01008
95	0.00984	0.00800	0.00871	0.00864	0.01102	0.00688	0.00644	0.01224	0.01902	0.02391	0.22254	0.09963	0.49678	0.01934	0.00940	0.00266	0.00397	0.01640	0.00770	0.00688
96	0.01133	0.00850	0.01274	0.01274	0.01416	0.00991	0.00991	0.01416	0.01274	0.01841	0.02124	0.03115	0.01982	0.05947	0.68989	0.01274	0.02124	0.00850	0.00425	0.00708
97	0.02279	0.20217	0.08481	0.02409	0.17089	0.12032	0.01750	0.15134	0.04502	0.02798	0.01822	0.01994	0.04484	0.00848	0.00712	0.00219	0.00957	0.00653	0.00490	0.01129
98	0.01008	0.00732	0.00957	0.01125	0.01188	0.00699	0.00758	0.01234	0.04196	0.02078	0.04323	0.68752	0.05127	0.02426	0.01004	0.00320	0.00467	0.02198	0.00739	0.00670
99	0.01697	0.09123	0.50098	0.02532	0.08656	0.01967	0.10050	0.02497	0.01703	0.02470	0.01425	0.01721	0.01050	0.00734	0.00758	0.00245	0.01147	0.00625	0.00348	0.01154
100	0.02218	0.01825	0.01931	0.01663	0.02156	0.02087	0.01315	0.18427	0.51139	0.03713	0.02916	0.02710	0.02168	0.01047	0.00804	0.00262	0.00685	0.00854	0.00804	0.01277
101	0.03558	0.01350	0.01840	0.01411	0.02024	0.01166	0.01166	0.03865	0.02270	0.67734	0.03128	0.02699	0.01963	0.00981	0.00797	0.00245	0.00675	0.00797	0.00981	0.01350
102	0.02585	0.02008	0.02138	0.01738	0.02295	0.02258	0.01403	0.39667	0.29301	0.04305	0.02450	0.02339	0.01791	0.01003	0.00799	0.00251	0.00772	0.00789	0.00799	0.01310
103	0.01060	0.00799	0.00980	0.00954	0.01151	0.00719	0.00708	0.01369	0.02069	0.02808	0.45963	0.11693	0.23234	0.01795	0.00942	0.00260	0.00388	0.01565	0.00825	0.00719
104	0.01731	0.01494	0.01562	0.01425	0.01831	0.01669	0.01103	0.03497	0.50847	0.03043	0.04348	0.04048	0.17442	0.01293	0.00837	0.00269	0.00575	0.01078	0.00790	0.01119
105	0.48726	0.01660	0.01581	0.05619	0.02038	0.01867	0.01119	0.16339	0.01988	0.10303	0.01507	0.01621	0.01093	0.00813	0.00608	0.00245	0.00705	0.00548	0.00599	0.01019
106	0.02128	0.01709	0.01827	0.01612	0.02081	0.01947	0.01263	0.07394	0.58454	0.07470	0.03151	0.02886	0.02335	0.01063	0.00806	0.00266	0.00644	0.00881	0.00817	0.01266
107	0.00989	0.00781	0.00865	0.00888	0.01079	0.00686	0.00633	0.01182	0.01750	0.02201	0.14799	0.18139	0.41655	0.09241	0.01268	0.00326	0.00446	0.01687	0.00729	0.00656
108	0.02166	0.01534	0.01793	0.01711	0.06913	0.01630	0.01231	0.12073	0.27962	0.13551	0.03444	0.07618	0.09227	0.04284	0.00969	0.00283	0.00666	0.01020	0.00775	0.01149
109	0.02459	0.02931	0.01908	0.01762	0.02084	0.49532	0.01312	0.02666	0.01979	0.01942	0.01537	0.02081	0.01376	0.07726	0.11204	0.00412	0.01424	0.00628	0.04196	0.00841
110	0.01682	0.01515	0.02066	0.08554	0.02512	0.01312	0.08053	0.02250	0.07179	0.02585	0.01587	0.01860	0.01273	0.00659	0.00666	0.00162	0.00721	0.00582	0.00479	0.54302
111	0.01924	0.01849	0.03195	0.04622	0.60777	0.01842	0.05472	0.02400	0.01810	0.02577	0.01632	0.02318	0.01418	0.00778	0.00808	0.00244	0.00951	0.03753	0.00410	0.01221
112	0.01498	0.01409	0.02378	0.70226	0.05462	0.01762	0.02202	0.02026	0.01586	0.02026	0.01409	0.02114	0.01057	0.00793	0.00793	0.00264	0.01057	0.00705	0.00352	0.00881
113	0.00945	0.00804	0.00814	0.00812	0.01076	0.00673	0.00609	0.01154	0.01826	0.02187	0.10580	0.07557	0.64288	0.01992	0.00937	0.00267	0.00400	0.01663	0.00742	0.00673
114	0.03035	0.02188	0.02359	0.01809	0.02443	0.02410	0.01494	0.62221	0.03673	0.07396	0.01951	0.01934	0.01372	0.00953	0.00793	0.00238	0.00865	0.00717	0.00800	0.01349
115	0.02824	0.01978	0.02128	0.01656	0.02227	0.02164	0.01360	0.53210	0.03378	0.07410	0.02052	0.02084	0.01470	0.00949	0.00760	0.00231	0.00794	0.00721	0.11339	0.01264
116	0.01016	0.00788	0.00925	0.00929	0.01129	0.00697	0.00682	0.01277	0.01938	0.02541	0.31057	0.16986	0.33334	0.01927	0.00948	0.00269	0.00400	0.01668	0.00791	0.00697
117	0.02005	0.02008	0.03064	0.09849	0.50372	0.07562	0.05174	0.02555	0.05002	0.02522	0.01554	0.01988	0.01275	0.00740	0.00788	0.00238	0.00996	0.00710	0.00412	0.01187
118	0.01153	0.00769	0.00865	0.00865	0.00865	0.00769	0.00480	0.01153	0.01153	0.01538	0.02499	0.05189	0.02883	0.72131	0.04036	0.00769	0.00769	0.01153	0.00480	0.00480
119	0.00975	0.00702	0.00924	0.01085	0.01149	0.00652	0.00731	0.01130	0.01576	0.02102	0.08460	0.64803	0.07954	0.02410	0.01004	0.00315	0.00452	0.02178	0.00745	0.00652
120	0.02622	0.02983	0.02528	0.02575	0.14535	0.39871	0.05110	0.08810	0.08694	0.02518	0.01561	0.01766	0.01247	0.00827	0.00757	0.00223	0.01201	0.00628	0.00481	0.01064
121	0.02898	0.09043	0.02393	0.01990	0.02420	0.63915	0.01519	0.03106	0.02199	0.01935	0.01216	0.01418	0.01021	0.00807	0.00699	0.00202	0.01386	0.00504	0.00403	0.00927
122	0.02674	0.01946	0.02120	0.01708	0.02267	0.02157	0.01386	0.39352	0.22065	0.09298	0.02404	0.02327	0.01741	0.01180	0.03380	0.00287	0.00831	0.00780	0.00798	0.01296
123	0.01027	0.00774	0.00895	0.00942	0.01119	0.00693	0.00683	0.01249	0.01771	0.02314	0.16083	0.24202	0.32097	0.04552	0.01054	0.00297	0.00438	0.04228	0.04904	0.00675
124	0.00976	0.00698	0.00929	0.01097	0.01152	0.00651	0.00737	0.01129	0.01564	0.02097	0.08307	0.67470	0.05386	0.02430	0.01007	0.00317	0.00455	0.02203	0.00745	0.00651
125	0.03475	0.01331	0.01814	0.01397	0.01996	0.01151	0.01151	0.03784	0.02269	0.65536	0.05295	0.02809	0.02151	0.01003	0.00802	0.00246	0.00665	0.00819	0.00978	0.01329
126	0.01100	0.00810	0.01030	0.00975	0.01171	0.00739	0.00731	0.01454	0.02193	0.03058	0.59839	0.06125	0.14486	0.01667	0.00936	0.00252	0.00377	0.01462	0.00857	0.00739
127	0.09835	0.01342	0.01749	0.01361	0.01946	0.01200	0.01121	0.03631	0.02189	0.59438	0.05689	0.02716	0.02105	0.00988	0.00777	0.00246	0.00657	0.00793	0.00935	0.01281
128	0.77733	0.01534	0.01166	0.01043	0.01534	0.01779	0.00859	0.02331	0.01350	0.03558	0.01104	0.01288	0.00859	0.00736	0.00491	0.00245	0.00613	0.00429	0.00491	0.00859
129	0.02162	0.69165	0.04060	0.01391	0.02056	0.06431	0.01366	0.02414	0.01643	0.01869	0.01109	0.01280	0.01018	0.00685	0.00519	0.00171	0.00877	0.00428	0.00343	0.01013
130	0.02087	0.68287	0.08185	0.01414	0.02123	0.03056	0.01456	0.02383	0.01615	0.01906	0.01123	0.01297	0.01017	0.00683	0.00524	0.00175	0.00868	0.00434	0.00339	0.01027
131	0.01619	0.06239	0.63472	0.02273	0.03415	0.01890	0.05289	0.02508	0.01680	0.02492	0.01420	0.01679	0.01013	0.00748	0.00753	0.00249	0.01168	0.00594	0.00338	0.01163
132	0.02025	0.01730	0.01730	0.01509	0.01884	0.08046	0.01180	0.16225	0.22903	0.03207	0.08063	0.03226	0.07334	0.04456	0.04219	0.00322	0.04497	0.00912	0.05487	0.01045
133	0.01112	0.00803	0.01051	0.01004	0.01183	0.00742	0.00747	0.01472	0.02199	0.03107	0.62830	0.10068	0.07341	0.01676	0.00940	0.00254	0.00380	0.01486	0.00864	0.00742
134	0.01558	0.01507	0.02654	0.60294	0.08208	0.01793	0.08602	0.02098	0.01625	0.02105	0.01433	0.02110	0.01081	0.00776	0.00807	0.00263	0.01080	0.00729	0.00359	0.00918
135	0.00997	0.00725	0.00913	0.01028	0.01114	0.00671	0.00693	0.01153	0.01593	0.02106	0.10905	0.49651	0.13598	0.09378	0.01300	0.00353	0.00475	0.01982	0.00724	0.00641
136	0.01314	0.00832	0.01041	0.01025	0.01160	0.00919	0.00768	0.01592	0.01425	0.02289	0.02324	0.03256	0.02079	0.12302	0.27514	0.00690	0.04389	0.00834	0.33546	0.00699
137	0.02158	0.69540	0.04070	0.01387	0.02054	0.06071	0.01365	0.02410	0.01640	0.01869	0.01108	0.01279	0.01018	0.00685	0.00518	0.00171	0.00874	0.00428	0.00342	0.01013
138	0.01317	0.00951	0.01168	0.01157	0.01381	0.00934	0.00881	0.01894	0.11323	0.05558	0.28447	0.19299	0.12327	0.01796	0.00944	0.00282	0.00485	0.08228	0.00809	0.00817
139	0.17928	0.13829	0.13872	0.01597	0.02212	0.10094	0.01504	0.05755	0.14207	0.05609	0.01864	0.05068	0.01508	0.00908	0.00680	0.00237	0.00860	0.00671	0.00536	0.01058
140	0.02391	0.02158	0.05702	0.03032	0.28139	0.04313	0.01909	0.27023	0.11004	0.03604	0.01870	0.02040	0.01427	0.00857	0.00787	0.00241	0.00900	0.00722	0.00602	0.01277
141	0.06930	0.02593	0.25570	0.02478	0.06226	0.01747	0.22633	0.02799	0.01854	0.16698	0.01835	0.02038	0.01280	0.00771	0.00808	0.00254	0.01073	0.00743	0.00509	0.01161
142	0.01867	0.01879	0.05372	0.08051	0.54772	0.01809	0.04911	0.02359	0.01819	0.02592	0.05608	0.02218	0.01627	0.00769	0.00800	0.00240	0.00937	0.00758	0.00419	0.01193
143	0.01392	0.00726	0.00910	0.00923	0.01023	0.00722	0.00660	0.01446	0.01416	0.02223	0.04643	0.05810	0.02202	0.01857	0.01705	0.33168	0.00527	0.03662	0.34417	0.00566
144	0.01068	0.00794	0.00998	0.01004	0.01182	0.00724	0.00747	0.01367	0.02010	0.02733	0.41067	0.17936	0.18386	0.01878	0.00958	0.00272	0.00414	0.04936	0.00815	0.00714
145	0.04882	0.00867	0.00861	0.00821	0.01047	0.00893	0.00628	0.05824	0.01780	0.03111	0.02479	0.02818	0.01938	0.00918	0.00567	0.00191	0.00412	0.00724	0.68458	0.00783
146	0.01590	0.04102	0.68023	0.02260	0.03432	0.01842	0.02930	0.02511	0.01674	0.02511	0.01423	0.01674	0.01005	0.00753	0.00753	0.00251	0.01172	0.00586	0.00335	0.01172
147	0.01220	0.00821	0.00920	0.00900	0.00922	0.00830	0.00518	0.03442	0.01246	0.01663	0.02477	0.05071	0.02828	0.69561	0.03919	0.00750	0.00773	0.01137	0.00492	0.00512
148	0.01855	0.01964	0.08043	0.09664	0.54090	0.01815	0.02370	0.02361	0.01800	0.02569	0.04720	0.02149	0.01530	0.00762	0.00791	0.00240	0.00941	0.00733	0.00409	0.01195
149	0.03558	0.01350	0.01840	0.01411	0.02024	0.01166	0.01166	0.03865	0.02270	0.67734	0.03128	0.02699	0.01963	0.00981	0.00797	0.00245	0.00675	0.00797	0.00981	0.01350
150	0.01735	0.01735	0.02429	0.02082	0.02082	0.02429	0.01735	0.01908	0.01214	0.01908	0.01041	0.01735	0.01041	0.01388	0.02602	0.00347	0.70680	0.00694	0.00347	0.00867
