[name]
unknown

[dist]
# distance from previous block
# <min> <max>
5	81

[block]
# block no. 0 follows, 24 sequences, length 16
# corresponding to MSA columns:
# 94-109
name=unknown_A
#
# <colnr> <probs for GDERKNQSTAVLIFYWHMCP>
#	G	D	E	R	K	N	Q	S	T	A	V	L	I	F	Y	W	H	M	C	P
0	0.07884	0.01567	0.02423	0.26641	0.03461	0.01808	0.09673	0.02053	0.01520	0.02276	0.01420	0.04211	0.01214	0.00940	0.01196	0.00262	0.17679	0.00725	0.00400	0.12649
1	0.07608	0.03531	0.02246	0.01686	0.02185	0.01543	0.12697	0.05343	0.04353	0.06677	0.05981	0.04452	0.01922	0.07222	0.01221	0.00272	0.07947	0.00799	0.00539	0.21777
2	0.01734	0.01475	0.02519	0.09091	0.05297	0.01620	0.16221	0.02097	0.01632	0.08917	0.04412	0.14096	0.02207	0.01687	0.07321	0.00379	0.16782	0.01068	0.00519	0.00926
3	0.01737	0.01598	0.02304	0.26666	0.03275	0.02074	0.01806	0.08407	0.01610	0.02256	0.01359	0.02069	0.01182	0.03878	0.04375	0.00357	0.33018	0.00723	0.00403	0.00902
4	0.02736	0.02039	0.02249	0.06051	0.02536	0.02222	0.01463	0.52535	0.03325	0.04514	0.01856	0.01936	0.01342	0.00908	0.00765	0.00227	0.00839	0.00693	0.03767	0.07997
5	0.01935	0.00993	0.01303	0.01121	0.01461	0.00883	0.00877	0.02271	0.02214	0.25072	0.39890	0.04977	0.10865	0.01438	0.00889	0.00250	0.00479	0.01239	0.00898	0.00946
6	0.77733	0.01534	0.01166	0.01043	0.01534	0.01779	0.00859	0.02331	0.01350	0.03558	0.01104	0.01288	0.00859	0.00736	0.00491	0.00245	0.00613	0.00429	0.00491	0.00859
7	0.00959	0.00789	0.00843	0.00862	0.01092	0.00674	0.00634	0.01167	0.01811	0.02225	0.13111	0.15932	0.53091	0.02035	0.00947	0.00273	0.00407	0.01728	0.00749	0.00674
8	0.01005	0.00806	0.00898	0.00875	0.01113	0.00698	0.00656	0.01270	0.01968	0.02524	0.29621	0.07004	0.45037	0.01866	0.00936	0.00261	0.00392	0.01586	0.00787	0.00698
9	0.77733	0.01534	0.01166	0.01043	0.01534	0.01779	0.00859	0.02331	0.01350	0.03558	0.01104	0.01288	0.00859	0.00736	0.00491	0.00245	0.00613	0.00429	0.00491	0.00859
10	0.03401	0.01315	0.01790	0.01384	0.01970	0.01139	0.01139	0.03712	0.02268	0.63568	0.07235	0.02907	0.02319	0.01023	0.00806	0.00246	0.00655	0.00839	0.00974	0.01311
11	0.01826	0.01404	0.01663	0.01197	0.01893	0.01067	0.00961	0.02174	0.01704	0.08753	0.01572	0.01744	0.01249	0.00625	0.00607	0.00130	0.00596	0.00501	0.00518	0.69817
12	0.01295	0.00879	0.00980	0.00938	0.00986	0.00898	0.00559	0.05981	0.01349	0.01801	0.02453	0.04939	0.02766	0.66711	0.03789	0.00728	0.00777	0.01120	0.00504	0.00547
13	0.02768	0.01775	0.01977	0.01557	0.02080	0.01899	0.01266	0.42157	0.03027	0.13979	0.02141	0.02203	0.01535	0.01090	0.00938	0.06073	0.00762	0.00728	0.10853	0.01191
14	0.05525	0.01780	0.02966	0.16664	0.52710	0.01857	0.02315	0.02354	0.01743	0.02534	0.01458	0.01958	0.01200	0.00724	0.00772	0.00241	0.00947	0.00693	0.00390	0.01168
15	0.77733	0.01534	0.01166	0.01043	0.01534	0.01779	0.00859	0.02331	0.01350	0.03558	0.01104	0.01288	0.00859	0.00736	0.00491	0.00245	0.00613	0.00429	0.00491	0.00859

[dist]
# distance from previous block
# <min> <max>
0	22

[block]
# block no. 1 follows, 24 sequences, length 204
# corresponding to MSA columns:
# 132-335
name=unknown_B
#
# <colnr> <probs for GDERKNQSTAVLIFYWHMCP>
#	G	D	E	R	K	N	Q	S	T	A	V	L	I	F	Y	W	H	M	C	P
0	0.01872	0.02139	0.04679	0.03342	0.04144	0.02005	0.64305	0.02540	0.01872	0.02540	0.01604	0.02139	0.01203	0.00668	0.00936	0.00267	0.01337	0.00936	0.00401	0.01070
1	0.01858	0.01557	0.02074	0.08758	0.02486	0.01455	0.05928	0.09438	0.01915	0.05010	0.04088	0.01972	0.01451	0.00768	0.00822	0.00184	0.05656	0.00623	0.00515	0.43439
2	0.01664	0.01580	0.02680	0.46765	0.27618	0.01806	0.02285	0.02172	0.01665	0.02229	0.01439	0.02060	0.01129	0.00762	0.00790	0.00254	0.01016	0.00705	0.00367	0.01016
3	0.22487	0.38352	0.02903	0.04960	0.02095	0.02436	0.01243	0.05181	0.01683	0.07385	0.01318	0.01471	0.01069	0.00731	0.00556	0.00201	0.00773	0.00483	0.00454	0.04219
4	0.77733	0.01534	0.01166	0.01043	0.01534	0.01779	0.00859	0.02331	0.01350	0.03558	0.01104	0.01288	0.00859	0.00736	0.00491	0.00245	0.00613	0.00429	0.00491	0.00859
5	0.01122	0.00811	0.01060	0.00998	0.01185	0.00748	0.00748	0.01496	0.02245	0.03180	0.66766	0.05923	0.07482	0.01621	0.00935	0.00249	0.00374	0.01434	0.00873	0.00748
6	0.01684	0.06504	0.49361	0.02495	0.03553	0.01938	0.18328	0.02513	0.01721	0.02491	0.01455	0.01774	0.01055	0.00729	0.00789	0.00252	0.01200	0.00667	0.00352	0.01140
7	0.01684	0.04545	0.10285	0.13794	0.16901	0.01674	0.05121	0.04805	0.10566	0.02568	0.02279	0.14466	0.02089	0.01110	0.00812	0.00259	0.00848	0.00995	0.04164	0.01034
8	0.74174	0.01525	0.01198	0.01060	0.01557	0.01749	0.00874	0.02405	0.01394	0.06637	0.01201	0.01356	0.00912	0.00748	0.00505	0.00245	0.00616	0.00447	0.00514	0.00882
9	0.01787	0.01405	0.01659	0.01192	0.01890	0.01065	0.00956	0.02136	0.01691	0.07450	0.01538	0.01723	0.01233	0.00617	0.00603	0.00127	0.00594	0.00494	0.00508	0.71331
10	0.02140	0.66655	0.06535	0.01425	0.02109	0.06245	0.01426	0.02418	0.01644	0.01894	0.01121	0.01295	0.01017	0.00688	0.00528	0.00174	0.00888	0.00434	0.00342	0.01019
11	0.01210	0.00991	0.01481	0.14271	0.07477	0.01059	0.01203	0.01494	0.01642	0.02236	0.12994	0.36482	0.04149	0.02026	0.04523	0.00343	0.03448	0.01577	0.00626	0.00767
12	0.00939	0.00798	0.00809	0.00818	0.01075	0.00668	0.00609	0.01136	0.01794	0.02137	0.07857	0.10701	0.63907	0.02031	0.00941	0.00270	0.00404	0.01701	0.00736	0.00668
13	0.01498	0.01409	0.02378	0.70226	0.05462	0.01762	0.02202	0.02026	0.01586	0.02026	0.01409	0.02114	0.01057	0.00793	0.00793	0.00264	0.01057	0.00705	0.00352	0.00881
14	0.13302	0.01642	0.04742	0.05002	0.02223	0.04975	0.01279	0.03476	0.04253	0.47023	0.02591	0.02373	0.01689	0.00923	0.00750	0.00245	0.00747	0.00721	0.00817	0.01225
15	0.03446	0.01506	0.05613	0.01459	0.02105	0.01204	0.01266	0.03787	0.02236	0.64016	0.03031	0.02641	0.01908	0.00968	0.00795	0.00246	0.00703	0.00785	0.00945	0.01339
16	0.73786	0.01527	0.01228	0.04625	0.01737	0.01778	0.00928	0.02315	0.01362	0.03479	0.01120	0.01331	0.00869	0.00739	0.00506	0.00246	0.00636	0.00444	0.00484	0.00860
17	0.00966	0.00690	0.00920	0.01104	0.01150	0.00644	0.00736	0.01104	0.01518	0.02024	0.04371	0.71614	0.05245	0.02484	0.01012	0.00322	0.00460	0.02254	0.00736	0.00644
18	0.01091	0.00822	0.01141	0.01113	0.01282	0.00759	0.03196	0.01390	0.01970	0.02723	0.40788	0.27268	0.09675	0.01886	0.00960	0.00275	0.00441	0.01695	0.00803	0.00723
19	0.02008	0.08244	0.19842	0.05166	0.08382	0.09900	0.17968	0.02563	0.01793	0.05728	0.01488	0.01828	0.01142	0.00776	0.00897	0.00241	0.05762	0.00680	0.00408	0.05184
20	0.01765	0.01682	0.02861	0.32699	0.40901	0.01832	0.02335	0.02260	0.01712	0.02350	0.01457	0.02027	0.01171	0.00743	0.00788	0.00248	0.00991	0.00706	0.00375	0.01096
21	0.00966	0.00690	0.00920	0.01104	0.01150	0.00644	0.00736	0.01104	0.01518	0.02024	0.04371	0.71614	0.05245	0.02484	0.01012	0.00322	0.00460	0.02254	0.00736	0.00644
22	0.05708	0.01914	0.06205	0.14838	0.23452	0.01877	0.22750	0.02317	0.01717	0.02465	0.01581	0.04729	0.01318	0.00819	0.00927	0.00262	0.04835	0.00823	0.00402	0.01061
23	0.21678	0.02301	0.18342	0.02235	0.06291	0.01755	0.18967	0.02704	0.01756	0.14154	0.01691	0.01897	0.01202	0.00763	0.00745	0.00252	0.00974	0.00685	0.00509	0.01098
24	0.01771	0.01973	0.04229	0.06085	0.03925	0.01868	0.55671	0.02384	0.01826	0.02470	0.01852	0.08580	0.01571	0.00842	0.00937	0.00272	0.01243	0.01048	0.00430	0.01022
25	0.73619	0.01672	0.04778	0.01109	0.01636	0.01782	0.00971	0.02341	0.01367	0.03501	0.01121	0.01309	0.00867	0.00737	0.00505	0.00246	0.00644	0.00438	0.00482	0.00876
26	0.01554	0.00919	0.00890	0.00864	0.01048	0.03711	0.00657	0.01907	0.01664	0.02859	0.02449	0.02829	0.01938	0.00943	0.00667	0.00194	0.04054	0.00727	0.69370	0.00753
27	0.02770	0.04544	0.07047	0.01550	0.02147	0.01395	0.04539	0.03392	0.10192	0.40800	0.10432	0.02949	0.02527	0.01023	0.00807	0.00247	0.00712	0.00861	0.00840	0.01224
28	0.01122	0.00811	0.01060	0.00998	0.01185	0.00748	0.00748	0.01496	0.02245	0.03180	0.66766	0.05923	0.07482	0.01621	0.00935	0.00249	0.00374	0.01434	0.00873	0.00748
29	0.01938	0.01859	0.03174	0.08375	0.63872	0.01878	0.02421	0.02412	0.01794	0.02560	0.01487	0.01971	0.01245	0.00711	0.00785	0.00237	0.00948	0.00706	0.00390	0.01236
30	0.02120	0.72609	0.04155	0.01357	0.02035	0.03138	0.01357	0.02374	0.01611	0.01866	0.01102	0.01272	0.01018	0.00678	0.00509	0.00170	0.00848	0.00424	0.00339	0.01018
31	0.01133	0.00850	0.01274	0.01274	0.01416	0.00991	0.00991	0.01416	0.01274	0.01841	0.02124	0.03115	0.01982	0.05947	0.68989	0.01274	0.02124	0.00850	0.00425	0.00708
32	0.77733	0.01534	0.01166	0.01043	0.01534	0.01779	0.00859	0.02331	0.01350	0.03558	0.01104	0.01288	0.00859	0.00736	0.00491	0.00245	0.00613	0.00429	0.00491	0.00859
33	0.02874	0.11011	0.02448	0.01971	0.02408	0.62033	0.01514	0.03083	0.02180	0.01933	0.01213	0.01413	0.01021	0.00803	0.00693	0.00201	0.01369	0.00502	0.00401	0.00930
34	0.01002	0.00717	0.00955	0.01100	0.01173	0.00670	0.00757	0.01185	0.01643	0.02218	0.14180	0.59111	0.05573	0.02338	0.01003	0.00312	0.00456	0.04189	0.00757	0.00663
35	0.02107	0.04901	0.06912	0.01924	0.08957	0.01805	0.01472	0.06750	0.28156	0.11442	0.05561	0.02815	0.04981	0.01040	0.00884	0.00252	0.04441	0.00841	0.00692	0.04067
36	0.01152	0.00773	0.00888	0.00888	0.00896	0.00781	0.00510	0.01168	0.01160	0.01555	0.02477	0.05071	0.02832	0.68358	0.07739	0.00798	0.00846	0.01136	0.00477	0.00493
37	0.01660	0.12588	0.56440	0.02089	0.03173	0.01963	0.02626	0.02467	0.01665	0.02434	0.01382	0.01622	0.01015	0.00735	0.00714	0.00234	0.01100	0.00559	0.00343	0.05193
38	0.02016	0.32418	0.27037	0.01946	0.02789	0.08259	0.07780	0.05093	0.01801	0.02298	0.01309	0.01538	0.01044	0.00728	0.00666	0.00214	0.01062	0.00550	0.00368	0.01083
39	0.01257	0.00862	0.01108	0.01046	0.01273	0.00776	0.00790	0.01587	0.02084	0.06400	0.46167	0.13218	0.10670	0.01679	0.00924	0.00256	0.00427	0.03795	0.00826	0.04854
40	0.02333	0.01876	0.11680	0.01537	0.02151	0.01503	0.01401	0.17629	0.04580	0.19174	0.11721	0.06628	0.02579	0.01073	0.00796	0.00234	0.00728	0.00884	0.00739	0.10755
41	0.02097	0.17828	0.10298	0.01618	0.02175	0.20242	0.01442	0.07297	0.01978	0.02381	0.04316	0.11367	0.01903	0.01022	0.00714	0.00212	0.00942	0.00789	0.00487	0.10892
42	0.02099	0.69468	0.04045	0.01349	0.02028	0.03046	0.01338	0.02358	0.01613	0.01897	0.01116	0.01288	0.01025	0.00674	0.00512	0.00167	0.00837	0.00426	0.00345	0.04368
43	0.05878	0.07250	0.49620	0.02183	0.05158	0.01995	0.02529	0.07914	0.01814	0.02722	0.01413	0.01665	0.01038	0.00798	0.00830	0.00250	0.04821	0.00590	0.00386	0.01149
44	0.05054	0.01447	0.01652	0.01194	0.01887	0.01144	0.00958	0.04449	0.01713	0.02721	0.01415	0.01639	0.01167	0.00608	0.00591	0.00128	0.00600	0.00478	0.00483	0.70674
45	0.04484	0.01016	0.04627	0.01048	0.01312	0.00836	0.00858	0.01494	0.02023	0.02839	0.41639	0.09387	0.19805	0.01688	0.00916	0.00262	0.00452	0.03777	0.00784	0.00752
46	0.63195	0.01571	0.01523	0.06129	0.05070	0.01816	0.03357	0.02306	0.01401	0.03306	0.01160	0.01425	0.00911	0.00761	0.00622	0.00251	0.03350	0.00490	0.00468	0.00887
47	0.26799	0.01551	0.01814	0.24613	0.09250	0.06347	0.01489	0.02115	0.01604	0.02644	0.05168	0.09809	0.01827	0.01003	0.00719	0.00257	0.00821	0.00814	0.00477	0.00879
48	0.01536	0.01085	0.01313	0.01220	0.01474	0.01095	0.00918	0.11360	0.07265	0.05826	0.31508	0.23544	0.05281	0.01694	0.00919	0.00270	0.00507	0.01487	0.00821	0.00876
49	0.01937	0.01851	0.03165	0.12708	0.54007	0.01895	0.05694	0.04514	0.01848	0.02601	0.01502	0.01989	0.01232	0.00723	0.00794	0.00241	0.00975	0.00719	0.00402	0.01203
50	0.02102	0.01883	0.02341	0.23426	0.03311	0.07797	0.04503	0.19459	0.04706	0.02945	0.01739	0.02356	0.01407	0.01012	0.01077	0.00267	0.11618	0.03873	0.03156	0.01022
51	0.01463	0.01127	0.01376	0.01108	0.01565	0.00914	0.00859	0.01811	0.01901	0.05050	0.27991	0.07187	0.03966	0.01120	0.00758	0.00186	0.00497	0.00967	0.00665	0.39488
52	0.01638	0.01457	0.02444	0.60275	0.11840	0.01748	0.02181	0.02150	0.01639	0.04984	0.01494	0.02124	0.01118	0.00792	0.00792	0.00260	0.01028	0.00709	0.00384	0.00941
53	0.03137	0.01395	0.01796	0.01433	0.01994	0.01306	0.01165	0.03828	0.14790	0.52156	0.05980	0.02894	0.02299	0.01029	0.00805	0.00250	0.00652	0.00845	0.00942	0.01304
54	0.01122	0.00811	0.01060	0.00998	0.01185	0.00748	0.00748	0.01496	0.02245	0.03180	0.66766	0.05923	0.07482	0.01621	0.00935	0.00249	0.00374	0.01434	0.00873	0.00748
55	0.77733	0.01534	0.01166	0.01043	0.01534	0.01779	0.00859	0.02331	0.01350	0.03558	0.01104	0.01288	0.00859	0.00736	0.00491	0.00245	0.00613	0.00429	0.00491	0.00859
56	0.15235	0.05668	0.02043	0.18083	0.02798	0.01904	0.01432	0.23780	0.02308	0.05857	0.01998	0.11741	0.01752	0.01079	0.00756	0.00254	0.00805	0.00868	0.00608	0.01032
57	0.03428	0.01318	0.01788	0.01381	0.01962	0.01144	0.01128	0.03718	0.02209	0.64158	0.03094	0.02834	0.02013	0.04826	0.00972	0.00274	0.00680	0.00817	0.00954	0.01303
58	0.02962	0.03779	0.02247	0.02043	0.02451	0.68948	0.01532	0.03166	0.02247	0.01941	0.01226	0.01430	0.01021	0.00817	0.00715	0.00204	0.01430	0.00511	0.00409	0.00919
59	0.01785	0.02313	0.14596	0.12293	0.14416	0.01940	0.33571	0.02428	0.01767	0.02453	0.01510	0.02016	0.01154	0.00730	0.00919	0.00262	0.03580	0.00801	0.00380	0.01085
60	0.01575	0.01567	0.02909	0.44895	0.07180	0.01747	0.18481	0.02109	0.01665	0.02183	0.01685	0.07305	0.01416	0.00883	0.00847	0.00268	0.01082	0.00881	0.00395	0.00927
61	0.00973	0.00695	0.00926	0.01099	0.01152	0.00649	0.00737	0.01122	0.01551	0.02076	0.07147	0.68691	0.05344	0.02446	0.01009	0.00319	0.00456	0.02218	0.00742	0.00649
62	0.03180	0.01955	0.02215	0.01698	0.02326	0.02064	0.01403	0.46019	0.03283	0.24148	0.02278	0.02147	0.01536	0.00961	0.00795	0.00240	0.00812	0.00739	0.00851	0.01349
63	0.07643	0.18161	0.30379	0.02048	0.06192	0.06886	0.05416	0.02566	0.01759	0.06924	0.04019	0.01819	0.01343	0.00783	0.00700	0.00229	0.01010	0.00607	0.00425	0.01091
64	0.03558	0.01350	0.01840	0.01411	0.02024	0.01166	0.01166	0.03865	0.02270	0.67734	0.03128	0.02699	0.01963	0.00981	0.00797	0.00245	0.00675	0.00797	0.00981	0.01350
65	0.01125	0.00819	0.01064	0.01026	0.01217	0.00758	0.00785	0.01489	0.02186	0.03057	0.58391	0.06267	0.10425	0.01689	0.00949	0.00260	0.00405	0.06491	0.00854	0.00742
66	0.01907	0.01925	0.03387	0.15411	0.19153	0.05473	0.25902	0.02411	0.01782	0.04845	0.01640	0.04529	0.01342	0.00834	0.00974	0.00262	0.05906	0.00841	0.00421	0.01054
67	0.02658	0.01450	0.02101	0.12888	0.13430	0.01437	0.01528	0.03222	0.08737	0.36088	0.02660	0.06234	0.01927	0.00997	0.00807	0.00253	0.00763	0.00857	0.00752	0.01212
68	0.01211	0.00836	0.01048	0.01000	0.01220	0.00755	0.00758	0.01533	0.02103	0.06314	0.45562	0.09378	0.19668	0.01732	0.00938	0.00261	0.00413	0.03677	0.00838	0.00758
69	0.01963	0.01884	0.03219	0.04867	0.67185	0.01884	0.02434	0.02434	0.01806	0.02591	0.01492	0.01963	0.01256	0.00707	0.00785	0.00236	0.00942	0.00707	0.00393	0.01256
70	0.01993	0.02295	0.13409	0.17320	0.20076	0.07349	0.02122	0.11224	0.05428	0.02745	0.01688	0.02235	0.01359	0.00887	0.00867	0.00254	0.03909	0.03267	0.00467	0.01109
71	0.05122	0.63874	0.06151	0.01411	0.02085	0.06446	0.01401	0.02419	0.01636	0.01959	0.01120	0.01295	0.01011	0.00690	0.00527	0.00177	0.00880	0.00434	0.00349	0.01012
72	0.77733	0.01534	0.01166	0.01043	0.01534	0.01779	0.00859	0.02331	0.01350	0.03558	0.01104	0.01288	0.00859	0.00736	0.00491	0.00245	0.00613	0.00429	0.00491	0.00859
73	0.01784	0.01837	0.02476	0.08876	0.02523	0.07246	0.04973	0.02025	0.01365	0.01952	0.01168	0.01831	0.01091	0.01449	0.05105	0.00365	0.52000	0.00701	0.00358	0.00876
74	0.01873	0.01575	0.01674	0.01514	0.01926	0.01801	0.01174	0.03854	0.56868	0.03286	0.08665	0.03214	0.02836	0.01115	0.00804	0.00263	0.00592	0.00934	0.04848	0.01184
75	0.02618	0.01418	0.01631	0.01326	0.01795	0.01443	0.01071	0.19243	0.08091	0.25062	0.02644	0.02594	0.01864	0.00964	0.00720	0.00226	0.00626	0.00766	0.24751	0.01148
76	0.01114	0.00804	0.01052	0.01003	0.01183	0.00743	0.00748	0.01475	0.02206	0.03118	0.63418	0.09449	0.07362	0.01667	0.00939	0.00253	0.00379	0.01478	0.00866	0.00743
77	0.01253	0.00896	0.01243	0.01385	0.01569	0.00886	0.01192	0.01619	0.01893	0.02504	0.14340	0.08455	0.05037	0.02098	0.01069	0.00346	0.00672	0.52056	0.00753	0.00733
78	0.00966	0.00690	0.00920	0.01104	0.01150	0.00644	0.00736	0.01104	0.01518	0.02024	0.04371	0.71614	0.05245	0.02484	0.01012	0.00322	0.00460	0.02254	0.00736	0.00644
79	0.77733	0.01534	0.01166	0.01043	0.01534	0.01779	0.00859	0.02331	0.01350	0.03558	0.01104	0.01288	0.00859	0.00736	0.00491	0.00245	0.00613	0.00429	0.00491	0.00859
80	0.77733	0.01534	0.01166	0.01043	0.01534	0.01779	0.00859	0.02331	0.01350	0.03558	0.01104	0.01288	0.00859	0.00736	0.00491	0.00245	0.00613	0.00429	0.00491	0.00859
81	0.04878	0.70016	0.04046	0.01345	0.02017	0.03088	0.01339	0.02373	0.01602	0.01927	0.01103	0.01273	0.01012	0.00681	0.00508	0.00172	0.00839	0.00424	0.00345	0.01012
82	0.01735	0.01735	0.02429	0.02082	0.02082	0.02429	0.01735	0.01908	0.01214	0.01908	0.01041	0.01735	0.01041	0.01388	0.02602	0.00347	0.70680	0.00694	0.00347	0.00867
83	0.03014	0.02221	0.02380	0.01825	0.02459	0.02459	0.01507	0.64541	0.03728	0.04998	0.01904	0.01904	0.01349	0.00952	0.00793	0.00238	0.00873	0.00714	0.00793	0.01349
84	0.00966	0.00690	0.00920	0.01104	0.01150	0.00644	0.00736	0.01104	0.01518	0.02024	0.04371	0.71614	0.05245	0.02484	0.01012	0.00322	0.00460	0.02254	0.00736	0.00644
85	0.03558	0.01350	0.01840	0.01411	0.02024	0.01166	0.01166	0.03865	0.02270	0.67734	0.03128	0.02699	0.01963	0.00981	0.00797	0.00245	0.00675	0.00797	0.00981	0.01350
86	0.00949	0.00807	0.00820	0.00826	0.01091	0.00678	0.00626	0.01156	0.01808	0.02150	0.07899	0.07677	0.64690	0.02015	0.00943	0.00271	0.00413	0.03772	0.00736	0.00672
87	0.77733	0.01534	0.01166	0.01043	0.01534	0.01779	0.00859	0.02331	0.01350	0.03558	0.01104	0.01288	0.00859	0.00736	0.00491	0.00245	0.00613	0.00429	0.00491	0.00859
88	0.03014	0.02221	0.02380	0.01825	0.02459	0.02459	0.01507	0.64541	0.03728	0.04998	0.01904	0.01904	0.01349	0.00952	0.00793	0.00238	0.00873	0.00714	0.00793	0.01349
89	0.00954	0.00804	0.00827	0.00821	0.01082	0.00677	0.00616	0.01171	0.01848	0.02239	0.13508	0.07472	0.61328	0.01972	0.00937	0.00266	0.00399	0.01651	0.00749	0.00677
90	0.01746	0.01661	0.02333	0.01992	0.02080	0.02205	0.03886	0.06522	0.01452	0.02167	0.01435	0.07150	0.01438	0.01649	0.05722	0.00382	0.54045	0.00831	0.00416	0.00886
91	0.77733	0.01534	0.01166	0.01043	0.01534	0.01779	0.00859	0.02331	0.01350	0.03558	0.01104	0.01288	0.00859	0.00736	0.00491	0.00245	0.00613	0.00429	0.00491	0.00859
92	0.01735	0.01735	0.02429	0.02082	0.02082	0.02429	0.01735	0.01908	0.01214	0.01908	0.01041	0.01735	0.01041	0.01388	0.02602	0.00347	0.70680	0.00694	0.00347	0.00867
93	0.03357	0.01567	0.01962	0.01516	0.02126	0.01502	0.01248	0.17842	0.05651	0.50209	0.02851	0.02529	0.01844	0.00979	0.00797	0.00245	0.00718	0.00783	0.00930	0.01345
94	0.03477	0.01479	0.01920	0.01472	0.02089	0.01357	0.01216	0.12865	0.02486	0.58428	0.02947	0.02581	0.01872	0.00977	0.00797	0.00244	0.00704	0.00785	0.00954	0.01349
95	0.03093	0.01444	0.01825	0.01437	0.01984	0.01388	0.01178	0.16077	0.02445	0.44567	0.02752	0.02588	0.01842	0.01386	0.06471	0.00325	0.00815	0.00780	0.06353	0.01252
96	0.07131	0.01189	0.01839	0.15967	0.06929	0.01235	0.07372	0.01821	0.01944	0.02819	0.34836	0.06721	0.04509	0.01259	0.00865	0.00256	0.00671	0.01139	0.00651	0.00846
97	0.42463	0.01623	0.01759	0.05404	0.10698	0.01803	0.01274	0.07028	0.01651	0.05309	0.01323	0.01582	0.01039	0.00794	0.00746	0.00240	0.05933	0.00538	0.00496	0.08295
98	0.05105	0.20456	0.27204	0.01866	0.02710	0.02052	0.08029	0.02347	0.01640	0.02388	0.01328	0.01598	0.01056	0.00718	0.00738	0.00210	0.03704	0.00554	0.00376	0.15922
99	0.00989	0.00708	0.00941	0.01089	0.01155	0.00659	0.00738	0.01162	0.01625	0.02194	0.13516	0.61985	0.05573	0.02358	0.01001	0.00311	0.00447	0.02134	0.00756	0.00659
100	0.06890	0.02064	0.02229	0.05397	0.02491	0.02296	0.01460	0.54579	0.03378	0.04655	0.01869	0.01936	0.01342	0.00930	0.00765	0.00237	0.00842	0.00699	0.04674	0.01265
101	0.01103	0.00803	0.01038	0.00993	0.01177	0.00738	0.00740	0.01455	0.02180	0.03058	0.60036	0.09761	0.10563	0.01691	0.00940	0.00255	0.00381	0.01494	0.00858	0.00738
102	0.01100	0.00794	0.01040	0.01013	0.01180	0.00734	0.00747	0.01441	0.02142	0.03017	0.57955	0.15200	0.07166	0.01743	0.00946	0.00260	0.00386	0.01550	0.00854	0.00734
103	0.01377	0.00689	0.01033	0.01033	0.01033	0.00689	0.00689	0.01033	0.01033	0.01377	0.01377	0.02410	0.01377	0.02755	0.03099	0.76928	0.00689	0.00689	0.00344	0.00344
104	0.01122	0.00811	0.01060	0.00998	0.01185	0.00748	0.00748	0.01496	0.02245	0.03180	0.66766	0.05923	0.07482	0.01621	0.00935	0.00249	0.00374	0.01434	0.00873	0.00748
105	0.02120	0.72609	0.04155	0.01357	0.02035	0.03138	0.01357	0.02374	0.01611	0.01866	0.01102	0.01272	0.01018	0.00678	0.00509	0.00170	0.00848	0.00424	0.00339	0.01018
106	0.03558	0.01350	0.01840	0.01411	0.02024	0.01166	0.01166	0.03865	0.02270	0.67734	0.03128	0.02699	0.01963	0.00981	0.00797	0.00245	0.00675	0.00797	0.00981	0.01350
107	0.01735	0.01735	0.02429	0.02082	0.02082	0.02429	0.01735	0.01908	0.01214	0.01908	0.01041	0.01735	0.01041	0.01388	0.02602	0.00347	0.70680	0.00694	0.00347	0.00867
108	0.03558	0.01350	0.01840	0.01411	0.02024	0.01166	0.01166	0.03865	0.02270	0.67734	0.03128	0.02699	0.01963	0.00981	0.00797	0.00245	0.00675	0.00797	0.00981	0.01350
109	0.02120	0.72609	0.04155	0.01357	0.02035	0.03138	0.01357	0.02374	0.01611	0.01866	0.01102	0.01272	0.01018	0.00678	0.00509	0.00170	0.00848	0.00424	0.00339	0.01018
110	0.00965	0.00804	0.00841	0.00832	0.01088	0.00681	0.00624	0.01191	0.01872	0.02295	0.16701	0.07379	0.58100	0.01951	0.00937	0.00265	0.00398	0.01638	0.00757	0.00681
111	0.02903	0.03681	0.02256	0.02045	0.02434	0.65756	0.01542	0.03106	0.02198	0.01939	0.01217	0.01445	0.01022	0.00845	0.00806	0.00211	0.04753	0.00520	0.00406	0.00917
112	0.01972	0.01703	0.01793	0.01614	0.02062	0.01972	0.01255	0.04214	0.65752	0.03317	0.03228	0.02959	0.02421	0.01076	0.00807	0.00269	0.00628	0.00897	0.00807	0.01255
113	0.01725	0.01407	0.01653	0.01185	0.01885	0.01062	0.00949	0.02076	0.01671	0.05339	0.01482	0.01689	0.01208	0.00604	0.00596	0.00123	0.00591	0.00484	0.00491	0.73781
114	0.00966	0.00690	0.00920	0.01104	0.01150	0.00644	0.00736	0.01104	0.01518	0.02024	0.04371	0.71614	0.05245	0.02484	0.01012	0.00322	0.00460	0.02254	0.00736	0.00644
115	0.02088	0.01761	0.01858	0.01637	0.02106	0.02026	0.01283	0.10891	0.58888	0.03503	0.03081	0.02842	0.02302	0.01062	0.00805	0.00266	0.00655	0.00876	0.00805	0.01265
116	0.02510	0.01971	0.02096	0.01723	0.02267	0.02224	0.01385	0.35360	0.33730	0.04185	0.02544	0.02414	0.01867	0.01012	0.00800	0.00253	0.00754	0.00802	0.00800	0.01303
117	0.01883	0.01619	0.01739	0.01403	0.01923	0.06781	0.01114	0.13183	0.04639	0.02811	0.01733	0.02088	0.01443	0.02004	0.17397	0.00436	0.01084	0.00627	0.00526	0.35568
118	0.01972	0.01703	0.01793	0.01614	0.02062	0.01972	0.01255	0.04214	0.65752	0.03317	0.03228	0.02959	0.02421	0.01076	0.00807	0.00269	0.00628	0.00897	0.00807	0.01255
119	0.77733	0.01534	0.01166	0.01043	0.01534	0.01779	0.00859	0.02331	0.01350	0.03558	0.01104	0.01288	0.00859	0.00736	0.00491	0.00245	0.00613	0.00429	0.00491	0.00859
120	0.02962	0.03779	0.02247	0.02043	0.02451	0.68948	0.01532	0.03166	0.02247	0.01941	0.01226	0.01430	0.01021	0.00817	0.00715	0.00204	0.01430	0.00511	0.00409	0.00919
121	0.01000	0.00793	0.00881	0.00931	0.01127	0.00702	0.00687	0.01190	0.01699	0.02090	0.06474	0.18125	0.43664	0.08831	0.01264	0.00336	0.00483	0.08357	0.00711	0.00654
122	0.01735	0.01735	0.02429	0.02082	0.02082	0.02429	0.01735	0.01908	0.01214	0.01908	0.01041	0.01735	0.01041	0.01388	0.02602	0.00347	0.70680	0.00694	0.00347	0.00867
123	0.77733	0.01534	0.01166	0.01043	0.01534	0.01779	0.00859	0.02331	0.01350	0.03558	0.01104	0.01288	0.00859	0.00736	0.00491	0.00245	0.00613	0.00429	0.00491	0.00859
124	0.01872	0.02139	0.04679	0.03342	0.04144	0.02005	0.64305	0.02540	0.01872	0.02540	0.01604	0.02139	0.01203	0.00668	0.00936	0.00267	0.01337	0.00936	0.00401	0.01070
125	0.01644	0.01409	0.01644	0.01175	0.01879	0.01057	0.00940	0.01997	0.01644	0.02584	0.01409	0.01644	0.01175	0.00587	0.00587	0.00117	0.00587	0.00470	0.00470	0.76979
126	0.01323	0.00878	0.01209	0.01335	0.01512	0.00851	0.01101	0.01634	0.01819	0.06093	0.09837	0.22517	0.04834	0.02137	0.01045	0.00338	0.00634	0.39398	0.00759	0.00748
127	0.03014	0.02221	0.02380	0.01825	0.02459	0.02459	0.01507	0.64541	0.03728	0.04998	0.01904	0.01904	0.01349	0.00952	0.00793	0.00238	0.00873	0.00714	0.00793	0.01349
128	0.01136	0.00838	0.01217	0.01217	0.01339	0.00960	0.00919	0.01379	0.01257	0.01798	0.02177	0.03407	0.02109	0.15242	0.59868	0.01203	0.01934	0.00892	0.00433	0.00676
129	0.00973	0.00695	0.00926	0.01100	0.01152	0.00648	0.00737	0.01120	0.01548	0.02072	0.06965	0.68883	0.05338	0.02448	0.01009	0.00319	0.00456	0.02220	0.00742	0.00648
130	0.00963	0.00742	0.00881	0.00978	0.01120	0.00660	0.00683	0.01139	0.01673	0.02134	0.09204	0.42522	0.29964	0.02248	0.00978	0.00296	0.00432	0.01978	0.00744	0.00660
131	0.01662	0.01603	0.02404	0.12600	0.12372	0.02075	0.01822	0.01947	0.01367	0.02021	0.01293	0.01990	0.01188	0.01738	0.09960	0.00428	0.41539	0.00716	0.00364	0.00909
132	0.01590	0.04102	0.68023	0.02260	0.03432	0.01842	0.02930	0.02511	0.01674	0.02511	0.01423	0.01674	0.01005	0.00753	0.00753	0.00251	0.01172	0.00586	0.00335	0.01172
133	0.00966	0.00690	0.00920	0.01104	0.01150	0.00644	0.00736	0.01104	0.01518	0.02024	0.04371	0.71614	0.05245	0.02484	0.01012	0.00322	0.00460	0.02254	0.00736	0.00644
134	0.01691	0.01726	0.03152	0.17851	0.03555	0.01947	0.26278	0.02158	0.01631	0.02297	0.04917	0.02257	0.01496	0.00963	0.01360	0.00285	0.20879	0.00833	0.03788	0.00938
135	0.02711	0.02090	0.02175	0.01698	0.02296	0.04955	0.01384	0.47571	0.08227	0.04382	0.01955	0.01985	0.01430	0.00914	0.00758	0.00223	0.00823	0.00694	0.04062	0.09667
136	0.02019	0.01902	0.03173	0.04703	0.63688	0.01915	0.02384	0.05789	0.01910	0.02721	0.01514	0.01959	0.01261	0.00720	0.00785	0.00236	0.00938	0.00707	0.00414	0.01261
137	0.01032	0.00816	0.00935	0.00931	0.01163	0.00719	0.00715	0.01308	0.01959	0.02520	0.27837	0.07167	0.40710	0.01892	0.00951	0.00270	0.00423	0.07166	0.00783	0.00702
138	0.01662	0.01425	0.01652	0.01198	0.01889	0.01106	0.00957	0.02116	0.05085	0.02623	0.01507	0.01715	0.01241	0.00613	0.00599	0.00126	0.00589	0.00493	0.00488	0.72915
139	0.01689	0.01024	0.01334	0.01246	0.03983	0.00931	0.00913	0.02107	0.04578	0.16127	0.40320	0.04956	0.11131	0.01421	0.00880	0.00244	0.00480	0.01232	0.00842	0.04560
140	0.00968	0.00714	0.00907	0.01049	0.01138	0.00653	0.00714	0.01127	0.01598	0.02095	0.07717	0.58044	0.15639	0.02367	0.00996	0.00310	0.00447	0.02121	0.00742	0.00653
141	0.01644	0.01409	0.01644	0.01175	0.01879	0.01057	0.00940	0.01997	0.01644	0.02584	0.01409	0.01644	0.01175	0.00587	0.00587	0.00117	0.00587	0.00470	0.00470	0.76979
142	0.14015	0.05518	0.02175	0.01853	0.02276	0.46147	0.01437	0.08467	0.02155	0.02453	0.01252	0.01467	0.01028	0.00851	0.00810	0.00222	0.05949	0.00526	0.00449	0.00949
143	0.01135	0.00761	0.00870	0.00888	0.00893	0.00757	0.00505	0.01148	0.01189	0.01585	0.02680	0.11641	0.03112	0.65367	0.03742	0.00725	0.00739	0.01260	0.00505	0.00496
144	0.03014	0.02221	0.02380	0.01825	0.02459	0.02459	0.01507	0.64541	0.03728	0.04998	0.01904	0.01904	0.01349	0.00952	0.00793	0.00238	0.00873	0.00714	0.00793	0.01349
145	0.01377	0.00689	0.01033	0.01033	0.01033	0.00689	0.00689	0.01033	0.01033	0.01377	0.01377	0.02410	0.01377	0.02755	0.03099	0.76928	0.00689	0.00689	0.00344	0.00344
146	0.01057	0.00801	0.00980	0.01067	0.01237	0.00736	0.00815	0.01291	0.01752	0.02245	0.11637	0.24243	0.26856	0.05105	0.01127	0.00326	0.00512	0.16801	0.00737	0.00678
147	0.01960	0.01863	0.03024	0.04165	0.51387	0.01907	0.05506	0.02779	0.14023	0.02727	0.01829	0.02162	0.01476	0.00775	0.00797	0.00244	0.00903	0.00755	0.00472	0.01246
148	0.01714	0.01407	0.01651	0.01183	0.01885	0.01061	0.00948	0.02064	0.01667	0.04942	0.01472	0.01683	0.01203	0.00602	0.00595	0.00122	0.00590	0.00482	0.00488	0.74242
149	0.01478	0.00739	0.00739	0.00739	0.00924	0.00739	0.00554	0.01848	0.01663	0.02956	0.02587	0.02956	0.02033	0.00924	0.00554	0.00185	0.00370	0.00739	0.76534	0.00739
150	0.01044	0.00779	0.00971	0.00982	0.01152	0.00706	0.00714	0.01323	0.01973	0.02674	0.38885	0.22453	0.19596	0.01916	0.00955	0.00271	0.00401	0.01687	0.00810	0.00706
151	0.03010	0.01971	0.02231	0.04319	0.02442	0.02123	0.01441	0.48281	0.03275	0.16999	0.02107	0.02083	0.01458	0.01010	0.00869	0.02719	0.00835	0.00729	0.00799	0.01299
152	0.03381	0.01393	0.01843	0.01423	0.02015	0.01250	0.01171	0.08764	0.02389	0.59048	0.06465	0.02807	0.02210	0.01014	0.00805	0.00245	0.00675	0.00825	0.00960	0.01317
153	0.05005	0.04882	0.03156	0.15205	0.34406	0.01868	0.12693	0.02507	0.01795	0.08508	0.01616	0.02030	0.01252	0.00740	0.00789	0.00244	0.00987	0.00730	0.00443	0.01142
154	0.02098	0.68568	0.04057	0.01398	0.02038	0.03097	0.01378	0.02348	0.01589	0.01868	0.01099	0.01298	0.01019	0.00719	0.00628	0.00180	0.04829	0.00439	0.00340	0.01009
155	0.00986	0.00743	0.00913	0.01002	0.01134	0.00669	0.00701	0.01182	0.01726	0.02260	0.16352	0.42416	0.22634	0.02201	0.00978	0.00294	0.00429	0.01950	0.00760	0.00669
156	0.01122	0.00811	0.01060	0.00998	0.01185	0.00748	0.00748	0.01496	0.02245	0.03180	0.66766	0.05923	0.07482	0.01621	0.00935	0.00249	0.00374	0.01434	0.00873	0.00748
157	0.01135	0.00842	0.01237	0.01237	0.01365	0.00971	0.00944	0.01392	0.01263	0.01813	0.02159	0.03307	0.02066	0.12060	0.62990	0.01228	0.01999	0.00878	0.00430	0.00687
158	0.00937	0.00803	0.00803	0.00803	0.01071	0.00669	0.00602	0.01138	0.01807	0.02142	0.08033	0.07632	0.66863	0.02008	0.00937	0.00268	0.00402	0.01674	0.00736	0.00669
159	0.77733	0.01534	0.01166	0.01043	0.01534	0.01779	0.00859	0.02331	0.01350	0.03558	0.01104	0.01288	0.00859	0.00736	0.00491	0.00245	0.00613	0.00429	0.00491	0.00859
160	0.00966	0.00690	0.00920	0.01104	0.01150	0.00644	0.00736	0.01104	0.01518	0.02024	0.04371	0.71614	0.05245	0.02484	0.01012	0.00322	0.00460	0.02254	0.00736	0.00644
161	0.01498	0.01409	0.02378	0.70226	0.05462	0.01762	0.02202	0.02026	0.01586	0.02026	0.01409	0.02114	0.01057	0.00793	0.00793	0.00264	0.01057	0.00705	0.00352	0.00881
162	0.02120	0.72609	0.04155	0.01357	0.02035	0.03138	0.01357	0.02374	0.01611	0.01866	0.01102	0.01272	0.01018	0.00678	0.00509	0.00170	0.00848	0.00424	0.00339	0.01018
163	0.01100	0.00793	0.01044	0.01043	0.01202	0.00737	0.00774	0.01428	0.02081	0.02912	0.51271	0.18888	0.06891	0.01820	0.00959	0.00270	0.00410	0.04814	0.00839	0.00727
164	0.02120	0.72609	0.04155	0.01357	0.02035	0.03138	0.01357	0.02374	0.01611	0.01866	0.01102	0.01272	0.01018	0.00678	0.00509	0.00170	0.00848	0.00424	0.00339	0.01018
165	0.01644	0.01409	0.01644	0.01175	0.01879	0.01057	0.00940	0.01997	0.01644	0.02584	0.01409	0.01644	0.01175	0.00587	0.00587	0.00117	0.00587	0.00470	0.00470	0.76979
166	0.30520	0.02371	0.24501	0.01568	0.02329	0.01628	0.01662	0.02825	0.01721	0.21237	0.01784	0.01818	0.01220	0.00811	0.00668	0.00247	0.00824	0.00587	0.00575	0.01105
167	0.01590	0.04102	0.68023	0.02260	0.03432	0.01842	0.02930	0.02511	0.01674	0.02511	0.01423	0.01674	0.01005	0.00753	0.00753	0.00251	0.01172	0.00586	0.00335	0.01172
168	0.01790	0.01743	0.02424	0.05725	0.02283	0.02395	0.01748	0.05253	0.01368	0.02079	0.01107	0.01764	0.01058	0.01333	0.02409	0.00337	0.63223	0.00696	0.00371	0.00894
169	0.01206	0.00940	0.01347	0.01307	0.01411	0.01125	0.01002	0.01434	0.01249	0.01804	0.02054	0.03263	0.02007	0.15236	0.51664	0.01092	0.09865	0.00877	0.00424	0.00693
170	0.00939	0.00797	0.00810	0.00820	0.01076	0.00668	0.00610	0.01136	0.01791	0.02135	0.07824	0.11279	0.63350	0.02035	0.00941	0.00271	0.00405	0.01707	0.00736	0.00668
171	0.00980	0.00707	0.00931	0.01106	0.01170	0.00658	0.00755	0.01132	0.01548	0.02047	0.04552	0.65295	0.08402	0.02446	0.01012	0.00321	0.00470	0.05084	0.00736	0.00650
172	0.02035	0.02054	0.03043	0.09893	0.55004	0.09272	0.02315	0.02481	0.01836	0.02473	0.01456	0.01916	0.01214	0.00726	0.00778	0.00234	0.01005	0.00685	0.00391	0.01188
173	0.01438	0.01353	0.05050	0.01483	0.01675	0.03843	0.01195	0.06411	0.04207	0.02319	0.03111	0.34840	0.03430	0.02228	0.06709	0.00390	0.12399	0.06489	0.00619	0.00810
174	0.00983	0.00703	0.00936	0.01092	0.01154	0.00656	0.00737	0.01148	0.01599	0.02152	0.11276	0.64343	0.05492	0.02389	0.01004	0.00314	0.00451	0.02164	0.00751	0.00656
175	0.67273	0.01747	0.04802	0.01163	0.01693	0.04307	0.01009	0.02446	0.01445	0.06520	0.01223	0.01382	0.00926	0.00752	0.00528	0.00244	0.00677	0.00458	0.00503	0.00901
176	0.01142	0.00830	0.00977	0.00927	0.01169	0.00730	0.00700	0.01435	0.02049	0.05442	0.37587	0.06557	0.34029	0.01769	0.00930	0.00258	0.00399	0.01515	0.00816	0.00738
177	0.01949	0.01965	0.05583	0.04772	0.64859	0.01883	0.02452	0.02436	0.01801	0.02588	0.01489	0.01952	0.01247	0.00708	0.00784	0.00236	0.00950	0.00702	0.00390	0.01253
178	0.02093	0.01256	0.01541	0.01359	0.01745	0.01264	0.01090	0.06371	0.17119	0.20276	0.23175	0.04546	0.04107	0.01361	0.00882	0.00267	0.00588	0.09039	0.00863	0.01057
179	0.01152	0.00775	0.00898	0.00898	0.00909	0.00787	0.00522	0.01174	0.01163	0.01562	0.02468	0.05023	0.02811	0.66817	0.09252	0.00809	0.00878	0.01129	0.00476	0.00499
180	0.02946	0.02155	0.02307	0.01776	0.02391	0.02383	0.01465	0.61751	0.03636	0.04907	0.01934	0.01951	0.01379	0.00951	0.00783	0.00236	0.00850	0.00715	0.04164	0.01321
181	0.01263	0.00908	0.01257	0.01431	0.01618	0.00902	0.01248	0.01621	0.01825	0.02363	0.04368	0.08887	0.07312	0.02183	0.01088	0.00361	0.00716	0.59193	0.00730	0.00728
182	0.02367	0.01874	0.02002	0.01670	0.02183	0.02113	0.01335	0.29543	0.36176	0.04019	0.06055	0.02671	0.02238	0.01053	0.00808	0.00255	0.00718	0.00848	0.00805	0.01268
183	0.01669	0.03566	0.50985	0.02610	0.06105	0.01881	0.16947	0.02515	0.01725	0.02521	0.01467	0.01792	0.01060	0.00732	0.00796	0.00254	0.01201	0.00671	0.00352	0.01152
184	0.01116	0.00806	0.01054	0.01002	0.01183	0.00744	0.00748	0.01480	0.02214	0.03132	0.64172	0.08655	0.07389	0.01657	0.00938	0.00252	0.00378	0.01468	0.00867	0.00744
185	0.02120	0.72609	0.04155	0.01357	0.02035	0.03138	0.01357	0.02374	0.01611	0.01866	0.01102	0.01272	0.01018	0.00678	0.00509	0.00170	0.00848	0.00424	0.00339	0.01018
186	0.01825	0.01710	0.03126	0.36044	0.04456	0.01887	0.22994	0.05078	0.01791	0.06069	0.01570	0.02120	0.01170	0.00810	0.00966	0.00269	0.05914	0.00788	0.00424	0.00991
187	0.00966	0.00690	0.00920	0.01104	0.01150	0.00644	0.00736	0.01104	0.01518	0.02024	0.04371	0.71614	0.05245	0.02484	0.01012	0.00322	0.00460	0.02254	0.00736	0.00644
188	0.77733	0.01534	0.01166	0.01043	0.01534	0.01779	0.00859	0.02331	0.01350	0.03558	0.01104	0.01288	0.00859	0.00736	0.00491	0.00245	0.00613	0.00429	0.00491	0.00859
189	0.01012	0.00806	0.00907	0.00882	0.01117	0.00701	0.00662	0.01283	0.01985	0.02563	0.31856	0.06939	0.42778	0.01851	0.00936	0.00260	0.00390	0.01576	0.00792	0.00701
190	0.14668	0.01426	0.01761	0.01369	0.01969	0.01324	0.01130	0.06846	0.02188	0.52393	0.02697	0.02406	0.01736	0.00929	0.00744	0.00241	0.00673	0.00726	0.00879	0.03894
191	0.01724	0.01640	0.02787	0.38424	0.35494	0.01821	0.02315	0.02224	0.01693	0.02301	0.01449	0.02040	0.01154	0.00751	0.00789	0.00250	0.01001	0.00706	0.00372	0.01063
192	0.01122	0.00811	0.01060	0.00998	0.01185	0.00748	0.00748	0.01496	0.02245	0.03180	0.66766	0.05923	0.07482	0.01621	0.00935	0.00249	0.00374	0.01434	0.00873	0.00748
193	0.01278	0.00913	0.01278	0.01460	0.01643	0.00913	0.01278	0.01643	0.01825	0.02373	0.04199	0.08945	0.04564	0.02191	0.01095	0.00365	0.00730	0.61847	0.00730	0.00730
194	0.01590	0.04102	0.68023	0.02260	0.03432	0.01842	0.02930	0.02511	0.01674	0.02511	0.01423	0.01674	0.01005	0.00753	0.00753	0.00251	0.01172	0.00586	0.00335	0.01172
195	0.01665	0.03581	0.51221	0.02547	0.03621	0.01885	0.19209	0.02519	0.01727	0.02519	0.01471	0.01797	0.01057	0.00731	0.00802	0.00255	0.01216	0.00679	0.00352	0.01145
196	0.02024	0.01650	0.01773	0.01596	0.02041	0.01883	0.01252	0.04081	0.59621	0.06610	0.03266	0.03212	0.02492	0.01121	0.00819	0.00272	0.00635	0.03604	0.00813	0.01237
197	0.03938	0.00765	0.00753	0.00749	0.00944	0.00773	0.00564	0.01863	0.01653	0.02976	0.02539	0.02903	0.01995	0.00918	0.00552	0.00187	0.00377	0.00729	0.74081	0.00743
198	0.02097	0.69606	0.06954	0.01396	0.02096	0.03081	0.01426	0.02380	0.01614	0.01894	0.01116	0.01290	0.01017	0.00682	0.00520	0.00173	0.00862	0.00431	0.00339	0.01024
199	0.01403	0.01251	0.01790	0.01639	0.01710	0.01638	0.01322	0.01627	0.01260	0.01883	0.01750	0.06380	0.01732	0.03635	0.34316	0.00790	0.33833	0.00857	0.00406	0.00778
200	0.00996	0.00744	0.00934	0.01073	0.01189	0.00682	0.00768	0.01176	0.01625	0.02094	0.05239	0.48660	0.20117	0.02334	0.01004	0.00314	0.00478	0.09176	0.00735	0.00660
201	0.01668	0.01133	0.01252	0.01134	0.01338	0.01204	0.00803	0.14174	0.08054	0.02652	0.02470	0.07148	0.02386	0.29604	0.02251	0.06802	0.00685	0.00989	0.13484	0.00770
202	0.02868	0.11545	0.02499	0.01823	0.05960	0.02186	0.01441	0.33805	0.08204	0.18429	0.02158	0.02089	0.01527	0.00918	0.00756	0.00233	0.00808	0.00708	0.00752	0.01291
203	0.01861	0.05751	0.02879	0.30432	0.34379	0.01947	0.02215	0.06641	0.01842	0.02494	0.01466	0.01979	0.01170	0.00757	0.00773	0.00243	0.00978	0.00690	0.00402	0.01100

[dist]
# distance from previous block
# <min> <max>
0	2

[block]
# block no. 2 follows, 24 sequences, length 98
# corresponding to MSA columns:
# 338-435
name=unknown_C
#
# <colnr> <probs for GDERKNQSTAVLIFYWHMCP>
#	G	D	E	R	K	N	Q	S	T	A	V	L	I	F	Y	W	H	M	C	P
0	0.01976	0.01956	0.03155	0.09748	0.56696	0.05406	0.04608	0.02444	0.01814	0.02511	0.01475	0.01953	0.01226	0.00718	0.00787	0.00237	0.00991	0.00704	0.00391	0.01202
1	0.01898	0.01818	0.03102	0.13933	0.58623	0.01867	0.02402	0.02377	0.01775	0.02512	0.01480	0.01984	0.01228	0.00719	0.00786	0.00240	0.00958	0.00706	0.00387	0.01204
2	0.01644	0.01409	0.01644	0.01175	0.01879	0.01057	0.00940	0.01997	0.01644	0.02584	0.01409	0.01644	0.01175	0.00587	0.00587	0.00117	0.00587	0.00470	0.00470	0.76979
3	0.00961	0.00804	0.00836	0.00828	0.01086	0.00680	0.00621	0.01184	0.01864	0.02275	0.15569	0.07412	0.59244	0.01959	0.00937	0.00265	0.00398	0.01643	0.00754	0.00680
4	0.01735	0.01735	0.02429	0.02082	0.02082	0.02429	0.01735	0.01908	0.01214	0.01908	0.01041	0.01735	0.01041	0.01388	0.02602	0.00347	0.70680	0.00694	0.00347	0.00867
5	0.00966	0.00690	0.00920	0.01104	0.01150	0.00644	0.00736	0.01104	0.01518	0.02024	0.04371	0.71614	0.05245	0.02484	0.01012	0.00322	0.00460	0.02254	0.00736	0.00644
6	0.03014	0.02221	0.02380	0.01825	0.02459	0.02459	0.01507	0.64541	0.03728	0.04998	0.01904	0.01904	0.01349	0.00952	0.00793	0.00238	0.00873	0.00714	0.00793	0.01349
7	0.01136	0.00837	0.01212	0.01212	0.01331	0.00957	0.00913	0.01376	0.01256	0.01794	0.02182	0.03434	0.02121	0.16114	0.59012	0.01197	0.01916	0.00896	0.00433	0.00673
8	0.02120	0.72609	0.04155	0.01357	0.02035	0.03138	0.01357	0.02374	0.01611	0.01866	0.01102	0.01272	0.01018	0.00678	0.00509	0.00170	0.00848	0.00424	0.00339	0.01018
9	0.00967	0.00804	0.00844	0.00834	0.01089	0.00682	0.00626	0.01195	0.01877	0.02307	0.17386	0.07360	0.57408	0.01947	0.00937	0.00265	0.00397	0.01635	0.00758	0.00682
10	0.02120	0.72609	0.04155	0.01357	0.02035	0.03138	0.01357	0.02374	0.01611	0.01866	0.01102	0.01272	0.01018	0.00678	0.00509	0.00170	0.00848	0.00424	0.00339	0.01018
11	0.03558	0.01350	0.01840	0.01411	0.02024	0.01166	0.01166	0.03865	0.02270	0.67734	0.03128	0.02699	0.01963	0.00981	0.00797	0.00245	0.00675	0.00797	0.00981	0.01350
12	0.00964	0.00761	0.00849	0.00914	0.01083	0.00668	0.00640	0.01127	0.01654	0.02053	0.06308	0.30056	0.40107	0.07632	0.01205	0.00326	0.00451	0.01838	0.00716	0.00646
13	0.02120	0.72609	0.04155	0.01357	0.02035	0.03138	0.01357	0.02374	0.01611	0.01866	0.01102	0.01272	0.01018	0.00678	0.00509	0.00170	0.00848	0.00424	0.00339	0.01018
14	0.01644	0.01409	0.01644	0.01175	0.01879	0.01057	0.00940	0.01997	0.01644	0.02584	0.01409	0.01644	0.01175	0.00587	0.00587	0.00117	0.00587	0.00470	0.00470	0.76979
15	0.02982	0.02065	0.02257	0.01754	0.02368	0.02254	0.01441	0.51313	0.09481	0.12548	0.02181	0.02102	0.01527	0.00967	0.00795	0.00242	0.00825	0.00742	0.00818	0.01340
16	0.01088	0.00809	0.01012	0.00961	0.01163	0.00733	0.00721	0.01429	0.02163	0.02986	0.55779	0.06243	0.18591	0.01694	0.00936	0.00253	0.00379	0.01479	0.00847	0.00733
17	0.02469	0.01722	0.01903	0.01609	0.02123	0.01894	0.01281	0.14521	0.42362	0.16515	0.02980	0.02725	0.02145	0.01036	0.00803	0.00259	0.00679	0.00845	0.00840	0.01290
18	0.01644	0.01409	0.01644	0.01175	0.01879	0.01057	0.00940	0.01997	0.01644	0.02584	0.01409	0.01644	0.01175	0.00587	0.00587	0.00117	0.00587	0.00470	0.00470	0.76979
19	0.03558	0.01350	0.01840	0.01411	0.02024	0.01166	0.01166	0.03865	0.02270	0.67734	0.03128	0.02699	0.01963	0.00981	0.00797	0.00245	0.00675	0.00797	0.00981	0.01350
