[name]
unknown

[dist]
# distance from previous block
# <min> <max>
14	56

[block]
# block no. 0 follows, 26 sequences, length 30
# corresponding to MSA columns:
# 69-98
name=unknown_A
#
# <colnr> <probs for GDERKNQSTAVLIFYWHMCP>
#	G	D	E	R	K	N	Q	S	T	A	V	L	I	F	Y	W	H	M	C	P
0	0.12626	0.04291	0.01771	0.01349	0.01876	0.01653	0.01099	0.21406	0.09471	0.13717	0.02075	0.04894	0.01589	0.00893	0.00674	0.00212	0.00654	0.00692	0.05627	0.13430
1	0.04767	0.01642	0.01767	0.03465	0.01990	0.06402	0.01151	0.21425	0.02317	0.11950	0.08328	0.05147	0.02022	0.00953	0.00777	0.00208	0.03286	0.00746	0.03619	0.18037
2	0.13069	0.01495	0.03962	0.05607	0.02270	0.01367	0.09645	0.07070	0.01831	0.18362	0.02091	0.10375	0.01727	0.00939	0.00719	0.00221	0.00728	0.00814	0.00601	0.17107
3	0.06616	0.01556	0.02461	0.15689	0.07387	0.01498	0.16059	0.04950	0.01712	0.05239	0.01552	0.03992	0.01251	0.00721	0.00712	0.00204	0.00849	0.00683	0.00450	0.26419
4	0.07189	0.01606	0.05740	0.45178	0.15107	0.01754	0.04862	0.02062	0.01532	0.02173	0.01330	0.01901	0.01032	0.00764	0.00832	0.00251	0.04753	0.00659	0.00354	0.00921
5	0.00949	0.00660	0.00887	0.01052	0.01093	0.00619	0.00701	0.01052	0.01422	0.01896	0.03996	0.68305	0.04778	0.02393	0.01097	0.05308	0.00454	0.02060	0.00680	0.00598
6	0.01434	0.01441	0.02793	0.09022	0.02891	0.01433	0.31788	0.01836	0.01582	0.02135	0.02371	0.24331	0.02440	0.05911	0.01176	0.00307	0.04527	0.01269	0.00481	0.00832
7	0.01507	0.01424	0.02409	0.60341	0.15822	0.01705	0.02144	0.02003	0.01552	0.02028	0.01361	0.01998	0.01043	0.00745	0.00757	0.00248	0.00993	0.00674	0.00343	0.00903
8	0.00924	0.00660	0.00880	0.01056	0.01100	0.00616	0.00704	0.01056	0.01452	0.01936	0.04181	0.72848	0.05017	0.02376	0.00968	0.00308	0.00440	0.02156	0.00704	0.00616
9	0.05475	0.01157	0.01340	0.04055	0.01652	0.03247	0.00933	0.04219	0.06339	0.11848	0.13390	0.21858	0.03366	0.01348	0.00781	0.00234	0.00556	0.01162	0.04066	0.12973
10	0.14178	0.05859	0.01896	0.01382	0.01951	0.04180	0.01149	0.13316	0.02227	0.42700	0.02338	0.02136	0.01542	0.00877	0.00700	0.00228	0.00705	0.00667	0.00784	0.01188
11	0.01063	0.00775	0.00999	0.00943	0.01127	0.00711	0.00707	0.01411	0.02122	0.02983	0.64605	0.05763	0.10800	0.01573	0.00895	0.00240	0.00359	0.01385	0.00827	0.00711
12	0.01666	0.01404	0.01623	0.01168	0.01837	0.01107	0.00938	0.06491	0.01715	0.02636	0.01382	0.01591	0.01135	0.00587	0.00576	0.00121	0.00581	0.00466	0.00471	0.72505
13	0.78701	0.01467	0.01115	0.00997	0.01467	0.01702	0.00821	0.02230	0.01291	0.03403	0.01056	0.01232	0.00821	0.00704	0.00469	0.00235	0.00587	0.00411	0.00469	0.00821
14	0.01743	0.01204	0.01333	0.01187	0.01446	0.03291	0.00927	0.13672	0.05697	0.04795	0.02186	0.02689	0.01801	0.06521	0.14464	0.00441	0.05186	0.00750	0.29817	0.00851
15	0.04357	0.16499	0.30943	0.04488	0.06034	0.01838	0.07355	0.02244	0.01675	0.04574	0.09109	0.04182	0.01849	0.00850	0.00713	0.00228	0.00917	0.00710	0.00426	0.01012
16	0.01588	0.01447	0.02042	0.01488	0.02126	0.01195	0.11294	0.01958	0.01586	0.02419	0.01466	0.04234	0.01264	0.00671	0.00709	0.00151	0.03603	0.00591	0.00443	0.59723
17	0.02311	0.09497	0.02409	0.09733	0.02544	0.27004	0.01566	0.13572	0.02019	0.02363	0.01250	0.01579	0.01040	0.00925	0.01138	0.00238	0.18860	0.00579	0.00428	0.00944
18	0.01448	0.01351	0.02269	0.64065	0.08747	0.01651	0.02075	0.01942	0.01541	0.01986	0.01488	0.02344	0.01192	0.00821	0.00773	0.00256	0.00989	0.03850	0.00358	0.00856
19	0.01234	0.00981	0.03576	0.01100	0.01333	0.00878	0.00868	0.01760	0.08697	0.05039	0.45968	0.14638	0.05874	0.01580	0.00886	0.00254	0.00442	0.03316	0.00791	0.00785
20	0.02833	0.03615	0.02149	0.01954	0.02345	0.70298	0.01466	0.03029	0.02149	0.01856	0.01172	0.01368	0.00977	0.00782	0.00684	0.00195	0.01368	0.00489	0.00391	0.00879
21	0.01970	0.65846	0.11423	0.01396	0.02099	0.02860	0.01469	0.02286	0.01548	0.01855	0.01089	0.01261	0.00972	0.00657	0.00513	0.00171	0.00846	0.00423	0.00324	0.00990
22	0.00984	0.00704	0.00945	0.01095	0.01173	0.00664	0.00781	0.01172	0.01570	0.02104	0.11011	0.56233	0.05150	0.02247	0.00972	0.00307	0.00469	0.11065	0.00717	0.00639
23	0.00924	0.00660	0.00880	0.01056	0.01100	0.00616	0.00704	0.01056	0.01452	0.01936	0.04181	0.72848	0.05017	0.02376	0.00968	0.00308	0.00440	0.02156	0.00704	0.00616
24	0.00940	0.00671	0.00898	0.01074	0.01125	0.00630	0.00732	0.01084	0.01468	0.01954	0.04172	0.69428	0.04982	0.02361	0.00972	0.00310	0.00454	0.05420	0.00704	0.00620
25	0.00959	0.00703	0.00941	0.01087	0.01135	0.00685	0.00741	0.01102	0.01472	0.01981	0.06874	0.67199	0.04958	0.02300	0.01023	0.00306	0.03145	0.02065	0.00696	0.00629
26	0.01696	0.01486	0.02284	0.51205	0.04380	0.01760	0.04518	0.14212	0.01917	0.02503	0.01612	0.06127	0.01305	0.00877	0.00776	0.00251	0.00955	0.00772	0.00441	0.00923
27	0.01648	0.01403	0.01657	0.05297	0.02036	0.01169	0.01014	0.05209	0.05580	0.02596	0.01475	0.01686	0.01196	0.00618	0.00595	0.00135	0.00604	0.00498	0.00477	0.65105
28	0.06018	0.23182	0.15266	0.01600	0.02293	0.02057	0.04694	0.11226	0.06161	0.11103	0.03911	0.01861	0.01434	0.00787	0.00658	0.00209	0.00820	0.00606	0.00524	0.05589
29	0.06498	0.05377	0.08425	0.01449	0.02016	0.01636	0.01276	0.07717	0.25072	0.17790	0.02394	0.02293	0.01729	0.00881	0.00700	0.00224	0.00671	0.00701	0.04779	0.08371

[dist]
# distance from previous block
# <min> <max>
2	24

[block]
# block no. 1 follows, 26 sequences, length 81
# corresponding to MSA columns:
# 123-203
name=unknown_B
#
# <colnr> <probs for GDERKNQSTAVLIFYWHMCP>
#	G	D	E	R	K	N	Q	S	T	A	V	L	I	F	Y	W	H	M	C	P
0	0.09033	0.16388	0.02494	0.04051	0.04402	0.04678	0.01401	0.34620	0.04450	0.03514	0.01554	0.01697	0.01196	0.00984	0.02764	0.00249	0.04231	0.00604	0.00577	0.01112
1	0.15013	0.05228	0.09156	0.03983	0.02434	0.13623	0.09239	0.10744	0.01936	0.09081	0.01511	0.01719	0.01137	0.00809	0.00818	0.00230	0.06349	0.00606	0.03154	0.03233
2	0.02720	0.06116	0.02241	0.01878	0.02300	0.50008	0.01454	0.14006	0.04590	0.02409	0.01339	0.01506	0.01079	0.00833	0.00777	0.00208	0.04568	0.00540	0.00463	0.00964
3	0.04702	0.08529	0.02755	0.23276	0.21263	0.01834	0.07923	0.06766	0.01824	0.11551	0.01606	0.01943	0.01204	0.00747	0.00734	0.00232	0.00911	0.00673	0.00466	0.01061
4	0.01659	0.01659	0.02323	0.01991	0.01991	0.02323	0.01659	0.01825	0.01162	0.01825	0.00996	0.01659	0.00996	0.01328	0.02489	0.00332	0.71955	0.00664	0.00332	0.00830
5	0.01067	0.00775	0.01005	0.00947	0.01129	0.00713	0.00710	0.01419	0.02131	0.03004	0.65937	0.05727	0.09454	0.01565	0.00895	0.00239	0.00359	0.01380	0.00830	0.00713
6	0.01062	0.00767	0.01004	0.00962	0.01131	0.00708	0.00715	0.01403	0.02095	0.02959	0.63450	0.10662	0.06998	0.01612	0.00900	0.00244	0.00364	0.01430	0.00825	0.00708
7	0.01103	0.00735	0.00827	0.00827	0.00827	0.00735	0.00460	0.01103	0.01103	0.01471	0.02390	0.04964	0.02758	0.73343	0.03861	0.00735	0.00735	0.01103	0.00460	0.00460
8	0.01103	0.00735	0.00827	0.00827	0.00827	0.00735	0.00460	0.01103	0.01103	0.01471	0.02390	0.04964	0.02758	0.73343	0.03861	0.00735	0.00735	0.01103	0.00460	0.00460
9	0.01621	0.01521	0.01989	0.01605	0.01905	0.01739	0.01321	0.01863	0.01345	0.02113	0.01153	0.01621	0.01053	0.00987	0.01631	0.00234	0.40184	0.00568	0.00384	0.35163
10	0.78701	0.01467	0.01115	0.00997	0.01467	0.01702	0.00821	0.02230	0.01291	0.03403	0.01056	0.01232	0.00821	0.00704	0.00469	0.00235	0.00587	0.00411	0.00469	0.00821
11	0.02028	0.73799	0.03975	0.01298	0.01947	0.03001	0.01298	0.02271	0.01541	0.01785	0.01055	0.01217	0.00973	0.00649	0.00487	0.00162	0.00811	0.00406	0.00324	0.00973
12	0.00896	0.00768	0.00768	0.00768	0.01025	0.00640	0.00576	0.01089	0.01729	0.02049	0.07684	0.07300	0.68304	0.01921	0.00896	0.00256	0.00384	0.01601	0.00704	0.00640
13	0.01790	0.02046	0.04476	0.03197	0.03964	0.01918	0.65857	0.02430	0.01790	0.02430	0.01535	0.02046	0.01151	0.00639	0.00895	0.00256	0.01279	0.00895	0.00384	0.01023
14	0.02833	0.03615	0.02149	0.01954	0.02345	0.70298	0.01466	0.03029	0.02149	0.01856	0.01172	0.01368	0.00977	0.00782	0.00684	0.00195	0.01368	0.00489	0.00391	0.00879
15	0.01103	0.00735	0.00827	0.00827	0.00827	0.00735	0.00460	0.01103	0.01103	0.01471	0.02390	0.04964	0.02758	0.73343	0.03861	0.00735	0.00735	0.01103	0.00460	0.00460
16	0.01760	0.02140	0.09474	0.03091	0.08597	0.01941	0.48836	0.02354	0.01701	0.02365	0.01453	0.01954	0.01122	0.00724	0.01044	0.00260	0.08962	0.00826	0.00372	0.01023
17	0.01650	0.06107	0.40846	0.02537	0.03498	0.01876	0.27813	0.02408	0.01674	0.02387	0.01417	0.01762	0.01037	0.00685	0.00780	0.00243	0.01171	0.00687	0.00346	0.01076
18	0.01566	0.08654	0.62479	0.02141	0.03217	0.01853	0.05067	0.02394	0.01604	0.02361	0.01347	0.01592	0.00969	0.00713	0.00711	0.00235	0.01106	0.00562	0.00323	0.01107
19	0.01222	0.00873	0.01222	0.01397	0.01572	0.00873	0.01222	0.01572	0.01746	0.02270	0.04016	0.08556	0.04365	0.02095	0.01048	0.00349	0.00698	0.63506	0.00698	0.00698
20	0.02935	0.01343	0.01721	0.01362	0.01878	0.01256	0.01107	0.13974	0.02355	0.47601	0.08417	0.07862	0.02455	0.01091	0.00788	0.00239	0.00638	0.00903	0.00882	0.01192
21	0.01162	0.00908	0.01323	0.04767	0.04749	0.00895	0.04007	0.04477	0.01656	0.02224	0.08074	0.50240	0.04380	0.01987	0.00934	0.00293	0.00560	0.05978	0.00667	0.00720
22	0.01754	0.01957	0.04063	0.06305	0.03743	0.01965	0.53636	0.02320	0.01687	0.02320	0.01449	0.01990	0.01122	0.00743	0.01116	0.00266	0.11352	0.00852	0.00374	0.00987
23	0.01873	0.01411	0.01768	0.01280	0.01945	0.01131	0.04049	0.05215	0.01753	0.10864	0.01584	0.01733	0.01226	0.00629	0.00612	0.00140	0.00619	0.00521	0.00522	0.61126
24	0.01726	0.32169	0.42961	0.01813	0.02743	0.02263	0.02194	0.02349	0.01577	0.02152	0.01237	0.01446	0.00966	0.00692	0.00626	0.00209	0.00996	0.00498	0.00322	0.01061
25	0.34795	0.01447	0.01457	0.01199	0.01708	0.04639	0.00980	0.02956	0.01773	0.35161	0.02070	0.01971	0.01396	0.00830	0.00625	0.00230	0.00641	0.00600	0.04477	0.01046
26	0.06809	0.01391	0.01766	0.01369	0.01934	0.01297	0.01127	0.12258	0.02323	0.53813	0.05867	0.02559	0.01998	0.00953	0.00755	0.00234	0.00655	0.00764	0.00886	0.01241
27	0.01713	0.01797	0.03441	0.02458	0.03192	0.01595	0.42707	0.02244	0.01713	0.02445	0.01468	0.01877	0.01141	0.00612	0.00776	0.00205	0.01023	0.00736	0.00407	0.28449
28	0.01318	0.00659	0.00988	0.00988	0.00988	0.00659	0.00659	0.00988	0.00988	0.01318	0.01318	0.02306	0.01318	0.02635	0.02964	0.77931	0.00659	0.00659	0.00329	0.00329
29	0.01303	0.01129	0.02037	0.01716	0.02025	0.01048	0.20998	0.01614	0.01634	0.04954	0.06548	0.41525	0.06801	0.01714	0.00930	0.00283	0.00703	0.01641	0.00620	0.00777
30	0.06096	0.01845	0.02015	0.10266	0.02469	0.05214	0.01391	0.37081	0.05412	0.06983	0.01830	0.01967	0.01340	0.00899	0.00802	0.00231	0.04195	0.00672	0.08182	0.01110
31	0.01303	0.00664	0.00977	0.00977	0.00977	0.00664	0.00645	0.00996	0.00996	0.01328	0.01390	0.02485	0.01415	0.07418	0.03025	0.72710	0.00664	0.00689	0.00338	0.00338
32	0.02883	0.02125	0.02276	0.01745	0.02352	0.02352	0.01442	0.66082	0.03566	0.04780	0.01821	0.01821	0.01290	0.00911	0.00759	0.00228	0.00835	0.00683	0.00759	0.01290
33	0.00941	0.00667	0.00875	0.01034	0.01074	0.00627	0.00681	0.01061	0.01419	0.01892	0.04010	0.66369	0.04801	0.09149	0.01244	0.00349	0.00468	0.02056	0.00681	0.00601
34	0.01521	0.03923	0.69413	0.02162	0.03283	0.01762	0.02802	0.02402	0.01601	0.02402	0.01361	0.01601	0.00961	0.00721	0.00721	0.00240	0.01121	0.00560	0.00320	0.01121
35	0.01657	0.01753	0.03370	0.25620	0.04086	0.03894	0.37344	0.02207	0.01690	0.02250	0.01597	0.04500	0.01270	0.00755	0.00828	0.00251	0.01120	0.00844	0.04034	0.00930
36	0.01074	0.00775	0.01014	0.00954	0.01133	0.00716	0.00716	0.01431	0.02147	0.03042	0.68211	0.05666	0.07157	0.01551	0.00895	0.00239	0.00358	0.01372	0.00835	0.00716
37	0.09352	0.01346	0.01734	0.01341	0.01919	0.01222	0.01108	0.06642	0.02170	0.60762	0.02781	0.02437	0.01765	0.00919	0.00739	0.00234	0.00650	0.00731	0.00893	0.01254
38	0.01003	0.00750	0.01068	0.01124	0.01220	0.00704	0.03791	0.01184	0.01549	0.02096	0.13977	0.53389	0.04985	0.07936	0.01188	0.00329	0.00491	0.01887	0.00690	0.00638
39	0.01507	0.01167	0.01315	0.01215	0.01522	0.01234	0.00944	0.02456	0.26189	0.07124	0.12768	0.08005	0.22934	0.01474	0.00926	0.00262	0.03928	0.03373	0.00744	0.00913
40	0.00924	0.00660	0.00880	0.01056	0.01100	0.00616	0.00704	0.01056	0.01452	0.01936	0.04181	0.72848	0.05017	0.02376	0.00968	0.00308	0.00440	0.02156	0.00704	0.00616
41	0.61965	0.01468	0.01283	0.01095	0.01591	0.01631	0.00902	0.05550	0.01553	0.14903	0.01430	0.01495	0.01028	0.00755	0.00534	0.00234	0.00609	0.00485	0.00565	0.00926
42	0.01820	0.01499	0.02487	0.40815	0.04042	0.01757	0.09786	0.04231	0.01647	0.11012	0.01551	0.02037	0.01150	0.00860	0.01042	0.00262	0.11917	0.00712	0.00435	0.00937
43	0.01432	0.01348	0.02275	0.71520	0.05224	0.01685	0.02107	0.01938	0.01517	0.01938	0.01348	0.02022	0.01011	0.00758	0.00758	0.00253	0.01011	0.00674	0.00337	0.00843
44	0.01103	0.00735	0.00827	0.00827	0.00827	0.00735	0.00460	0.01103	0.01103	0.01471	0.02390	0.04964	0.02758	0.73343	0.03861	0.00735	0.00735	0.01103	0.00460	0.00460
45	0.01573	0.01348	0.01573	0.01123	0.01798	0.01011	0.00899	0.01910	0.01573	0.02472	0.01348	0.01573	0.01123	0.00562	0.00562	0.00112	0.00562	0.00449	0.00449	0.77980
46	0.32094	0.28570	0.02446	0.04617	0.01976	0.07257	0.01188	0.07069	0.01623	0.02657	0.01133	0.01336	0.00941	0.00733	0.00611	0.00209	0.03745	0.00458	0.00420	0.00919
47	0.01609	0.01445	0.02223	0.40306	0.03778	0.01796	0.04470	0.06833	0.01611	0.02239	0.01423	0.02004	0.01127	0.00908	0.01139	0.00262	0.17244	0.00685	0.08030	0.00868
48	0.01614	0.01606	0.02034	0.01791	0.01846	0.07147	0.01457	0.01795	0.01245	0.01800	0.01268	0.02031	0.01242	0.05136	0.15529	0.00510	0.50107	0.00698	0.00356	0.00789
49	0.00979	0.00772	0.00883	0.00855	0.01075	0.00675	0.00641	0.01248	0.01923	0.02511	0.35829	0.06540	0.39871	0.01749	0.00896	0.00248	0.00372	0.01494	0.00765	0.00675
50	0.01318	0.00659	0.00988	0.00988	0.00988	0.00659	0.00659	0.00988	0.00988	0.01318	0.01318	0.02306	0.01318	0.02635	0.02964	0.77931	0.00659	0.00659	0.00329	0.00329
51	0.01062	0.00771	0.01003	0.00969	0.01142	0.00711	0.00727	0.01398	0.02071	0.02903	0.59413	0.10370	0.09214	0.01639	0.00905	0.00248	0.00376	0.03556	0.00817	0.00706
52	0.01033	0.00774	0.00958	0.00912	0.01108	0.00698	0.00684	0.01353	0.02051	0.02814	0.54312	0.06041	0.21199	0.01636	0.00895	0.00243	0.00364	0.01424	0.00805	0.00698
53	0.01501	0.01418	0.02399	0.61191	0.15016	0.01703	0.02141	0.01998	0.01549	0.02021	0.01360	0.02000	0.01041	0.00746	0.00757	0.00249	0.00994	0.00674	0.00343	0.00898
54	0.03279	0.01295	0.01748	0.01334	0.01927	0.01108	0.01100	0.03576	0.02131	0.64627	0.02881	0.02513	0.01827	0.00913	0.00749	0.00226	0.00640	0.00742	0.00906	0.06478
55	0.02933	0.02045	0.02227	0.01707	0.02312	0.02234	0.01410	0.60108	0.03433	0.10943	0.01933	0.01894	0.01346	0.00913	0.00759	0.00228	0.00817	0.00691	0.00776	0.01290
56	0.01508	0.01441	0.02303	0.48887	0.04272	0.03962	0.08362	0.02042	0.04311	0.02076	0.01669	0.06854	0.01394	0.00892	0.00828	0.00254	0.03192	0.00800	0.04099	0.00855
57	0.01164	0.00836	0.01152	0.01319	0.01477	0.00824	0.01117	0.01473	0.01701	0.02210	0.04194	0.18227	0.07133	0.02131	0.01029	0.00339	0.00646	0.51643	0.00700	0.00684
58	0.01142	0.00899	0.01331	0.01297	0.01419	0.01088	0.01020	0.01402	0.01213	0.01767	0.01926	0.02846	0.01805	0.05246	0.63446	0.01129	0.09134	0.00798	0.00399	0.00693
59	0.00924	0.00660	0.00880	0.01056	0.01100	0.00616	0.00704	0.01056	0.01452	0.01936	0.04181	0.72848	0.05017	0.02376	0.00968	0.00308	0.00440	0.02156	0.00704	0.00616
60	0.01754	0.01816	0.02309	0.01988	0.02020	0.07778	0.01644	0.01922	0.01241	0.01828	0.01010	0.01636	0.00994	0.01284	0.02344	0.00321	0.66291	0.00650	0.00337	0.00834
61	0.01877	0.01802	0.03079	0.04656	0.68612	0.01802	0.02328	0.02328	0.01727	0.02478	0.01427	0.01877	0.01201	0.00676	0.00751	0.00225	0.00901	0.00676	0.00375	0.01201
62	0.01103	0.00735	0.00827	0.00827	0.00827	0.00735	0.00460	0.01103	0.01103	0.01471	0.02390	0.04964	0.02758	0.73343	0.03861	0.00735	0.00735	0.01103	0.00460	0.00460
63	0.02883	0.02125	0.02276	0.01745	0.02352	0.02352	0.01442	0.66082	0.03566	0.04780	0.01821	0.01821	0.01290	0.00911	0.00759	0.00228	0.00835	0.00683	0.00759	0.01290
64	0.05348	0.00880	0.00877	0.00820	0.01052	0.00913	0.00632	0.07928	0.01764	0.03042	0.02342	0.02653	0.01827	0.00877	0.00549	0.00184	0.00411	0.00690	0.66441	0.00768
65	0.01084	0.00813	0.01219	0.01219	0.01354	0.00948	0.00948	0.01354	0.01219	0.01761	0.02032	0.02980	0.01896	0.05689	0.70337	0.01219	0.02032	0.00813	0.00406	0.00677
66	0.01671	0.05043	0.02898	0.05567	0.02717	0.01799	0.27137	0.02220	0.06026	0.02376	0.03908	0.02228	0.01519	0.00902	0.01162	0.00254	0.17150	0.00789	0.13716	0.00915
67	0.02720	0.03426	0.02166	0.01958	0.02311	0.63722	0.01484	0.02912	0.02054	0.01853	0.01155	0.01396	0.00979	0.00834	0.00859	0.00209	0.08196	0.00505	0.00385	0.00875
68	0.01103	0.00735	0.00827	0.00827	0.00827	0.00735	0.00460	0.01103	0.01103	0.01471	0.02390	0.04964	0.02758	0.73343	0.03861	0.00735	0.00735	0.01103	0.00460	0.00460
69	0.01074	0.00775	0.01014	0.00954	0.01133	0.00716	0.00716	0.01431	0.02147	0.03042	0.68211	0.05666	0.07157	0.01551	0.00895	0.00239	0.00358	0.01372	0.00835	0.00716
70	0.01742	0.17889	0.45342	0.02056	0.03012	0.02069	0.08395	0.06686	0.01740	0.02440	0.01346	0.01580	0.01004	0.00711	0.00692	0.00225	0.01053	0.00569	0.00357	0.01093
71	0.02714	0.01961	0.02095	0.01625	0.02183	0.02163	0.01337	0.58667	0.03338	0.04555	0.01896	0.01937	0.01365	0.00907	0.00732	0.00222	0.00779	0.00686	0.09613	0.01223
72	0.02783	0.08238	0.02284	0.01892	0.02319	0.60079	0.01452	0.08237	0.02227	0.02095	0.01219	0.01395	0.01003	0.00783	0.00677	0.00196	0.01286	0.00499	0.00417	0.00920
73	0.01098	0.00784	0.01078	0.01243	0.01366	0.00765	0.00995	0.01361	0.01646	0.02170	0.06756	0.33956	0.04740	0.02184	0.01010	0.00328	0.00582	0.36566	0.00706	0.00666
74	0.01103	0.00735	0.00827	0.00827	0.00827	0.00735	0.00460	0.01103	0.01103	0.01471	0.02390	0.04964	0.02758	0.73343	0.03861	0.00735	0.00735	0.01103	0.00460	0.00460
75	0.78701	0.01467	0.01115	0.00997	0.01467	0.01702	0.00821	0.02230	0.01291	0.03403	0.01056	0.01232	0.00821	0.00704	0.00469	0.00235	0.00587	0.00411	0.00469	0.00821
76	0.03330	0.01307	0.01758	0.01359	0.01938	0.01152	0.01119	0.03713	0.05299	0.65966	0.02997	0.02594	0.01899	0.00943	0.00763	0.00236	0.00643	0.00767	0.00931	0.01287
77	0.01573	0.01348	0.01573	0.01123	0.01798	0.01011	0.00899	0.01910	0.01573	0.02472	0.01348	0.01573	0.01123	0.00562	0.00562	0.00112	0.00562	0.00449	0.00449	0.77980
78	0.01638	0.03577	0.58901	0.02347	0.07679	0.01745	0.05794	0.02453	0.01643	0.05207	0.01443	0.01683	0.01025	0.00723	0.00733	0.00240	0.01094	0.00593	0.00353	0.01129
79	0.01632	0.01619	0.02270	0.01954	0.01961	0.02257	0.01625	0.01803	0.01164	0.01822	0.01045	0.01723	0.01039	0.01537	0.05746	0.00374	0.68598	0.00671	0.00335	0.00822
80	0.08583	0.01940	0.02074	0.01615	0.02190	0.02128	0.01329	0.51500	0.05652	0.10130	0.01933	0.01912	0.01365	0.00901	0.00731	0.00228	0.00776	0.00677	0.03104	0.01233

[dist]
# distance from previous block
# <min> <max>
1	4

[block]
# block no. 2 follows, 26 sequences, length 21
# corresponding to MSA columns:
# 208-228
name=unknown_C
#
# <colnr> <probs for GDERKNQSTAVLIFYWHMCP>
#	G	D	E	R	K	N	Q	S	T	A	V	L	I	F	Y	W	H	M	C	P
0	0.08510	0.53979	0.08274	0.01417	0.02031	0.06991	0.01398	0.02299	0.01540	0.01973	0.01081	0.01281	0.00961	0.00707	0.00632	0.00186	0.05004	0.00438	0.00341	0.00957
1	0.09524	0.01100	0.01494	0.01318	0.01541	0.01231	0.06382	0.03765	0.01420	0.02216	0.02333	0.03125	0.07254	0.11916	0.24241	0.00631	0.09177	0.00846	0.09753	0.00732
2	0.78701	0.01467	0.01115	0.00997	0.01467	0.01702	0.00821	0.02230	0.01291	0.03403	0.01056	0.01232	0.00821	0.00704	0.00469	0.00235	0.00587	0.00411	0.00469	0.00821
3	0.07130	0.01332	0.01748	0.01347	0.01929	0.01192	0.01113	0.06032	0.02181	0.63382	0.02851	0.02485	0.01802	0.00926	0.00748	0.00234	0.00650	0.00742	0.00908	0.01267
4	0.01040	0.00731	0.00843	0.00867	0.00929	0.00699	0.00540	0.01121	0.01345	0.01769	0.09100	0.16704	0.13380	0.44622	0.02679	0.00550	0.00601	0.01377	0.00569	0.00535
5	0.01643	0.01374	0.02156	0.30173	0.03301	0.01614	0.08008	0.05723	0.01662	0.05238	0.03989	0.05082	0.01585	0.00971	0.01048	0.00255	0.12980	0.00788	0.11539	0.00871
6	0.01686	0.01737	0.02753	0.02232	0.02385	0.02242	0.14480	0.01946	0.01287	0.01946	0.01103	0.01737	0.01027	0.01190	0.02171	0.00317	0.57841	0.00710	0.00342	0.00868
7	0.00924	0.00660	0.00880	0.01056	0.01100	0.00616	0.00704	0.01056	0.01452	0.01936	0.04181	0.72848	0.05017	0.02376	0.00968	0.00308	0.00440	0.02156	0.00704	0.00616
8	0.01483	0.01400	0.02366	0.63956	0.12395	0.01698	0.02132	0.01982	0.01540	0.01999	0.01357	0.02006	0.01033	0.00749	0.00758	0.00250	0.00999	0.00674	0.00341	0.00883
9	0.11639	0.04385	0.01844	0.01378	0.01944	0.01489	0.01141	0.12023	0.07516	0.44863	0.02544	0.02291	0.01677	0.00904	0.00719	0.00233	0.00668	0.00705	0.00823	0.01218
10	0.00924	0.00660	0.00880	0.01056	0.01100	0.00616	0.00704	0.01056	0.01452	0.01936	0.04181	0.72848	0.05017	0.02376	0.00968	0.00308	0.00440	0.02156	0.00704	0.00616
11	0.00924	0.00660	0.00880	0.01056	0.01100	0.00616	0.00704	0.01056	0.01452	0.01936	0.04181	0.72848	0.05017	0.02376	0.00968	0.00308	0.00440	0.02156	0.00704	0.00616
12	0.19829	0.01821	0.01899	0.05583	0.02220	0.02036	0.01277	0.41137	0.05288	0.04090	0.04000	0.02051	0.03707	0.00915	0.00703	0.00233	0.00749	0.00681	0.00670	0.01113
13	0.01995	0.02225	0.02205	0.01935	0.02066	0.23579	0.01558	0.02176	0.01475	0.01831	0.01111	0.01644	0.01042	0.01407	0.05822	0.00340	0.45781	0.00617	0.00355	0.00837
14	0.55064	0.01470	0.01353	0.01135	0.01643	0.01604	0.00936	0.07039	0.01664	0.19519	0.01581	0.01602	0.01112	0.00776	0.00561	0.00234	0.00618	0.00515	0.00604	0.00969
15	0.01190	0.00850	0.01185	0.01360	0.01520	0.00845	0.01166	0.01515	0.01714	0.02234	0.04034	0.15543	0.04436	0.02126	0.01039	0.00345	0.00670	0.56839	0.00699	0.00689
16	0.01579	0.06326	0.44648	0.06212	0.03192	0.04537	0.11047	0.02287	0.01652	0.02323	0.03777	0.05957	0.01436	0.00836	0.00755	0.00242	0.01067	0.00723	0.00373	0.01032
17	0.01462	0.01394	0.02479	0.54190	0.04629	0.01625	0.11917	0.01963	0.01559	0.02054	0.01568	0.05586	0.01274	0.00826	0.00780	0.00253	0.00995	0.00784	0.03808	0.00853
18	0.03267	0.01261	0.01717	0.01326	0.01889	0.01091	0.01091	0.03564	0.02170	0.65267	0.06811	0.02762	0.02187	0.00975	0.00770	0.00235	0.00629	0.00798	0.00933	0.01257
19	0.30429	0.04849	0.02050	0.03935	0.16829	0.11965	0.01414	0.09448	0.01828	0.06750	0.01357	0.01570	0.01057	0.00762	0.00677	0.00226	0.02825	0.00545	0.00482	0.01000
20	0.00921	0.00673	0.00867	0.01022	0.01091	0.00619	0.00689	0.01060	0.01485	0.01950	0.04602	0.64961	0.12632	0.02322	0.00960	0.00302	0.00433	0.02089	0.00704	0.00619

[dist]
# distance from previous block
# <min> <max>
9	31

[block]
# block no. 3 follows, 26 sequences, length 132
# corresponding to MSA columns:
# 260-391
name=unknown_D
#
# <colnr> <probs for GDERKNQSTAVLIFYWHMCP>
#	G	D	E	R	K	N	Q	S	T	A	V	L	I	F	Y	W	H	M	C	P
0	0.02182	0.01580	0.01930	0.01461	0.02060	0.01497	0.03965	0.16558	0.07781	0.13168	0.01846	0.01915	0.01374	0.00774	0.00754	0.00185	0.03840	0.00613	0.00612	0.35904
1	0.71753	0.04394	0.01280	0.01059	0.01531	0.05337	0.00874	0.02273	0.01345	0.03259	0.01062	0.01239	0.00835	0.00706	0.00481	0.00230	0.00636	0.00415	0.00460	0.00830
2	0.01083	0.00729	0.00839	0.00856	0.00866	0.00722	0.00494	0.01109	0.01174	0.01572	0.04711	0.12282	0.03143	0.63395	0.03454	0.00673	0.00691	0.01225	0.00498	0.00485
3	0.02833	0.02051	0.02212	0.01713	0.02306	0.02263	0.01409	0.58709	0.08228	0.07519	0.01967	0.01930	0.01392	0.00921	0.00760	0.00230	0.00809	0.00699	0.00768	0.01283
4	0.00924	0.00660	0.00880	0.01056	0.01100	0.00616	0.00704	0.01056	0.01452	0.01936	0.04181	0.72848	0.05017	0.02376	0.00968	0.00308	0.00440	0.02156	0.00704	0.00616
5	0.01799	0.01344	0.01477	0.01318	0.01707	0.01439	0.01034	0.06325	0.35850	0.09818	0.09599	0.04110	0.16349	0.01278	0.00816	0.00255	0.00555	0.03112	0.00777	0.01040
6	0.00932	0.00680	0.00878	0.01017	0.01094	0.00626	0.00691	0.01087	0.01534	0.02030	0.09294	0.60701	0.12112	0.02265	0.00955	0.00297	0.00428	0.02037	0.00714	0.00626
7	0.01074	0.00775	0.01014	0.00954	0.01133	0.00716	0.00716	0.01431	0.02147	0.03042	0.68211	0.05666	0.07157	0.01551	0.00895	0.00239	0.00358	0.01372	0.00835	0.00716
8	0.75441	0.01459	0.01143	0.01013	0.01487	0.01676	0.00834	0.02293	0.01329	0.06249	0.01140	0.01291	0.00867	0.00714	0.00482	0.00235	0.00589	0.00426	0.00490	0.00842
9	0.01103	0.00735	0.00827	0.00827	0.00827	0.00735	0.00460	0.01103	0.01103	0.01471	0.02390	0.04964	0.02758	0.73343	0.03861	0.00735	0.00735	0.01103	0.00460	0.00460
10	0.02883	0.02125	0.02276	0.01745	0.02352	0.02352	0.01442	0.66082	0.03566	0.04780	0.01821	0.01821	0.01290	0.00911	0.00759	0.00228	0.00835	0.00683	0.00759	0.01290
11	0.01877	0.01802	0.03079	0.04656	0.68612	0.01802	0.02328	0.02328	0.01727	0.02478	0.01427	0.01877	0.01201	0.00676	0.00751	0.00225	0.00901	0.00676	0.00375	0.01201
12	0.78701	0.01467	0.01115	0.00997	0.01467	0.01702	0.00821	0.02230	0.01291	0.03403	0.01056	0.01232	0.00821	0.00704	0.00469	0.00235	0.00587	0.00411	0.00469	0.00821
13	0.01414	0.00707	0.00707	0.00707	0.00884	0.00707	0.00530	0.01767	0.01591	0.02828	0.02474	0.02828	0.01944	0.00884	0.00530	0.00177	0.00353	0.00707	0.77554	0.00707
14	0.01074	0.00775	0.01014	0.00954	0.01133	0.00716	0.00716	0.01431	0.02147	0.03042	0.68211	0.05666	0.07157	0.01551	0.00895	0.00239	0.00358	0.01372	0.00835	0.00716
15	0.01074	0.00775	0.01014	0.00954	0.01133	0.00716	0.00716	0.01431	0.02147	0.03042	0.68211	0.05666	0.07157	0.01551	0.00895	0.00239	0.00358	0.01372	0.00835	0.00716
16	0.00924	0.00660	0.00880	0.01056	0.01100	0.00616	0.00704	0.01056	0.01452	0.01936	0.04181	0.72848	0.05017	0.02376	0.00968	0.00308	0.00440	0.02156	0.00704	0.00616
17	0.02833	0.03615	0.02149	0.01954	0.02345	0.70298	0.01466	0.03029	0.02149	0.01856	0.01172	0.01368	0.00977	0.00782	0.00684	0.00195	0.01368	0.00489	0.00391	0.00879
18	0.01790	0.02046	0.04476	0.03197	0.03964	0.01918	0.65857	0.02430	0.01790	0.02430	0.01535	0.02046	0.01151	0.00639	0.00895	0.00256	0.01279	0.00895	0.00384	0.01023
19	0.01080	0.00806	0.01035	0.01142	0.01321	0.00761	0.00932	0.01358	0.01735	0.02232	0.10649	0.17062	0.21742	0.02041	0.00983	0.00309	0.00548	0.32879	0.00713	0.00673
20	0.01166	0.00796	0.01043	0.00970	0.01165	0.00731	0.00731	0.01521	0.02148	0.05652	0.65636	0.05544	0.06948	0.01527	0.00889	0.00238	0.00369	0.01348	0.00839	0.00738
21	0.01201	0.00986	0.01445	0.01377	0.01485	0.01229	0.01094	0.01451	0.01207	0.01774	0.01820	0.02710	0.01712	0.04797	0.56462	0.01038	0.16332	0.00782	0.00391	0.00708
22	0.01521	0.03923	0.69413	0.02162	0.03283	0.01762	0.02802	0.02402	0.01601	0.02402	0.01361	0.01601	0.00961	0.00721	0.00721	0.00240	0.01121	0.00560	0.00320	0.01121
23	0.00924	0.00660	0.00880	0.01056	0.01100	0.00616	0.00704	0.01056	0.01452	0.01936	0.04181	0.72848	0.05017	0.02376	0.00968	0.00308	0.00440	0.02156	0.00704	0.00616
24	0.07393	0.01631	0.09082	0.06576	0.02281	0.01283	0.01319	0.04983	0.01927	0.36982	0.02196	0.02117	0.01473	0.00808	0.00698	0.00211	0.00709	0.00645	0.00691	0.16994
25	0.59060	0.01545	0.03837	0.03525	0.01755	0.01643	0.01014	0.05389	0.01524	0.09812	0.01423	0.01726	0.01101	0.00795	0.00554	0.00240	0.00643	0.02988	0.00528	0.00897
26	0.03218	0.01277	0.01719	0.01336	0.01895	0.01124	0.01097	0.03589	0.04764	0.62980	0.06477	0.02756	0.02177	0.00975	0.00770	0.00236	0.00628	0.00799	0.00927	0.01257
27	0.09431	0.01423	0.02334	0.42942	0.13243	0.01630	0.07315	0.01988	0.01541	0.02206	0.01592	0.08096	0.01379	0.00872	0.00758	0.00252	0.00925	0.00795	0.00392	0.00886
28	0.02842	0.01369	0.01718	0.01385	0.01893	0.01316	0.01118	0.11132	0.11097	0.44235	0.05816	0.08024	0.02336	0.01084	0.00785	0.00243	0.00634	0.00899	0.00872	0.01202
29	0.02006	0.70730	0.06849	0.01336	0.02005	0.02947	0.01364	0.02277	0.01544	0.01812	0.01068	0.01234	0.00973	0.00652	0.00497	0.00166	0.00825	0.00412	0.00324	0.00980
30	0.01614	0.01359	0.01580	0.01154	0.01796	0.01065	0.00919	0.05297	0.01674	0.02571	0.01499	0.04752	0.01305	0.00661	0.00590	0.00127	0.00571	0.00538	0.00477	0.70451
31	0.01626	0.09371	0.31478	0.10883	0.03323	0.04280	0.16067	0.02248	0.01621	0.02222	0.01546	0.06647	0.01292	0.00838	0.00815	0.00244	0.03392	0.00745	0.00366	0.00998
32	0.01058	0.00756	0.01030	0.01185	0.01294	0.00729	0.00915	0.01297	0.01631	0.02166	0.09603	0.41040	0.04936	0.02192	0.00994	0.00319	0.00538	0.26946	0.00713	0.00658
33	0.08416	0.01706	0.02217	0.07514	0.05413	0.01768	0.06299	0.27046	0.02535	0.26237	0.02088	0.02075	0.01420	0.00861	0.00749	0.00235	0.00803	0.00705	0.00719	0.01195
34	0.01946	0.04935	0.04094	0.01513	0.04063	0.01347	0.04224	0.02436	0.07673	0.15863	0.02125	0.09770	0.01797	0.00950	0.00821	0.00204	0.05517	0.00783	0.00582	0.29357
35	0.01103	0.00735	0.00827	0.00827	0.00827	0.00735	0.00460	0.01103	0.01103	0.01471	0.02390	0.04964	0.02758	0.73343	0.03861	0.00735	0.00735	0.01103	0.00460	0.00460
36	0.01095	0.00752	0.00954	0.00984	0.01140	0.00682	0.00707	0.01331	0.01796	0.05615	0.28868	0.33099	0.16306	0.01919	0.00918	0.00270	0.00410	0.01700	0.00765	0.00690
37	0.05727	0.07019	0.18191	0.05179	0.22237	0.01891	0.05542	0.08665	0.01846	0.09279	0.01537	0.01803	0.01165	0.00781	0.00843	0.00236	0.05848	0.00639	0.00454	0.01119
38	0.02001	0.01551	0.02075	0.18255	0.02784	0.01747	0.06799	0.25259	0.02280	0.03226	0.01791	0.02127	0.01354	0.00873	0.00828	0.00230	0.05512	0.00703	0.19618	0.00986
39	0.00942	0.00757	0.00840	0.00848	0.01060	0.00655	0.00625	0.01166	0.01794	0.02271	0.21603	0.14917	0.46082	0.01889	0.00905	0.00258	0.00385	0.01614	0.00735	0.00655
40	0.02632	0.01961	0.02151	0.05340	0.02415	0.02187	0.01419	0.48693	0.15697	0.06453	0.02079	0.02051	0.01493	0.00926	0.00761	0.00235	0.00792	0.00719	0.00745	0.01249
41	0.02111	0.60445	0.09830	0.01383	0.02070	0.02707	0.01420	0.02419	0.01607	0.08231	0.01267	0.01382	0.01058	0.00683	0.00535	0.00176	0.00824	0.00454	0.00382	0.01017
42	0.01164	0.00842	0.01147	0.01299	0.01469	0.00826	0.01105	0.01481	0.01733	0.02250	0.06620	0.13955	0.09836	0.02086	0.01023	0.00334	0.00638	0.50799	0.00704	0.00687
43	0.01090	0.00786	0.01085	0.01085	0.01175	0.00876	0.00782	0.01269	0.01179	0.01662	0.02154	0.03656	0.02190	0.28754	0.47673	0.01054	0.01590	0.00912	0.00424	0.00603
44	0.01318	0.00659	0.00988	0.00988	0.00988	0.00659	0.00659	0.00988	0.00988	0.01318	0.01318	0.02306	0.01318	0.02635	0.02964	0.77931	0.00659	0.00659	0.00329	0.00329
45	0.00924	0.00660	0.00880	0.01056	0.01100	0.00616	0.00704	0.01056	0.01452	0.01936	0.04181	0.72848	0.05017	0.02376	0.00968	0.00308	0.00440	0.02156	0.00704	0.00616
46	0.02028	0.73799	0.03975	0.01298	0.01947	0.03001	0.01298	0.02271	0.01541	0.01785	0.01055	0.01217	0.00973	0.00649	0.00487	0.00162	0.00811	0.00406	0.00324	0.00973
47	0.78701	0.01467	0.01115	0.00997	0.01467	0.01702	0.00821	0.02230	0.01291	0.03403	0.01056	0.01232	0.00821	0.00704	0.00469	0.00235	0.00587	0.00411	0.00469	0.00821
48	0.78701	0.01467	0.01115	0.00997	0.01467	0.01702	0.00821	0.02230	0.01291	0.03403	0.01056	0.01232	0.00821	0.00704	0.00469	0.00235	0.00587	0.00411	0.00469	0.00821
49	0.01659	0.01659	0.02323	0.01991	0.01991	0.02323	0.01659	0.01825	0.01162	0.01825	0.00996	0.01659	0.00996	0.01328	0.02489	0.00332	0.71955	0.00664	0.00332	0.00830
50	0.01573	0.01348	0.01573	0.01123	0.01798	0.01011	0.00899	0.01910	0.01573	0.02472	0.01348	0.01573	0.01123	0.00562	0.00562	0.00112	0.00562	0.00449	0.00449	0.77980
51	0.78701	0.01467	0.01115	0.00997	0.01467	0.01702	0.00821	0.02230	0.01291	0.03403	0.01056	0.01232	0.00821	0.00704	0.00469	0.00235	0.00587	0.00411	0.00469	0.00821
52	0.75039	0.01475	0.01143	0.01024	0.01491	0.01710	0.00840	0.02316	0.04435	0.03392	0.01153	0.01308	0.00893	0.00720	0.00484	0.00236	0.00587	0.00432	0.00484	0.00840
53	0.11874	0.02047	0.02139	0.01657	0.02247	0.02275	0.01368	0.58511	0.03296	0.04617	0.01730	0.01751	0.01234	0.00886	0.00724	0.00228	0.00805	0.00651	0.00724	0.01234
54	0.09939	0.09156	0.54372	0.04435	0.03048	0.01852	0.02442	0.02356	0.01560	0.02445	0.01303	0.01546	0.00949	0.00714	0.00676	0.00234	0.01034	0.00536	0.00337	0.01067
55	0.01887	0.01629	0.01715	0.01544	0.01972	0.01887	0.01201	0.04031	0.67241	0.03173	0.03087	0.02830	0.02315	0.01029	0.00772	0.00257	0.00600	0.00858	0.00772	0.01201
56	0.01318	0.00659	0.00988	0.00988	0.00988	0.00659	0.00659	0.00988	0.00988	0.01318	0.01318	0.02306	0.01318	0.02635	0.02964	0.77931	0.00659	0.00659	0.00329	0.00329
57	0.01074	0.00775	0.01014	0.00954	0.01133	0.00716	0.00716	0.01431	0.02147	0.03042	0.68211	0.05666	0.07157	0.01551	0.00895	0.00239	0.00358	0.01372	0.00835	0.00716
58	0.01887	0.01629	0.01715	0.01544	0.01972	0.01887	0.01201	0.04031	0.67241	0.03173	0.03087	0.02830	0.02315	0.01029	0.00772	0.00257	0.00600	0.00858	0.00772	0.01201
59	0.02030	0.61206	0.10950	0.01438	0.02120	0.07666	0.01473	0.02339	0.01591	0.01857	0.01096	0.01269	0.00972	0.00666	0.00526	0.00173	0.00885	0.00428	0.00329	0.00983
60	0.01759	0.01699	0.02947	0.21719	0.48911	0.01778	0.05662	0.02233	0.01677	0.02337	0.01412	0.01923	0.01150	0.00695	0.00761	0.00234	0.00949	0.00687	0.00366	0.01100
61	0.01685	0.01901	0.12258	0.26925	0.07258	0.01683	0.19582	0.05275	0.01738	0.04562	0.01641	0.04130	0.01275	0.00786	0.00782	0.00245	0.01014	0.00769	0.05521	0.00971
62	0.02358	0.01056	0.01421	0.01178	0.01577	0.00932	0.00936	0.02669	0.02127	0.39639	0.28957	0.07197	0.04126	0.01251	0.00825	0.00240	0.00521	0.01072	0.00886	0.01030
63	0.00924	0.00660	0.00880	0.01056	0.01100	0.00616	0.00704	0.01056	0.01452	0.01936	0.04181	0.72848	0.05017	0.02376	0.00968	0.00308	0.00440	0.02156	0.00704	0.00616
64	0.26792	0.01881	0.09601	0.07885	0.28817	0.01733	0.05142	0.02340	0.01579	0.05614	0.01367	0.01688	0.01065	0.00705	0.00665	0.00234	0.00840	0.00592	0.00422	0.01038
65	0.01584	0.03353	0.55317	0.02038	0.03012	0.01622	0.05530	0.02366	0.01700	0.05960	0.08714	0.02115	0.01691	0.00818	0.00750	0.00240	0.01021	0.00675	0.00412	0.01081
66	0.00924	0.00660	0.00880	0.01056	0.01100	0.00616	0.00704	0.01056	0.01452	0.01936	0.04181	0.72848	0.05017	0.02376	0.00968	0.00308	0.00440	0.02156	0.00704	0.00616
67	0.06132	0.01297	0.01737	0.01337	0.01919	0.01136	0.01104	0.03643	0.02139	0.66754	0.02922	0.02533	0.01839	0.00930	0.00752	0.00235	0.00643	0.00750	0.00922	0.01274
68	0.03005	0.01601	0.01949	0.04537	0.02220	0.01621	0.01274	0.24325	0.08635	0.38788	0.02542	0.02328	0.01686	0.00930	0.00762	0.00235	0.00720	0.00741	0.00838	0.01263
69	0.02673	0.01956	0.02138	0.05506	0.02381	0.02170	0.01398	0.56859	0.03279	0.04451	0.01853	0.01921	0.01332	0.00900	0.00739	0.00225	0.00802	0.00685	0.07519	0.01214
70	0.67118	0.01546	0.03805	0.08973	0.01958	0.01702	0.01040	0.02203	0.01328	0.03201	0.01100	0.01335	0.00848	0.00711	0.00511	0.00237	0.00655	0.00446	0.00449	0.00835
71	0.01048	0.00779	0.00978	0.00941	0.01134	0.00709	0.00714	0.01374	0.02050	0.02821	0.53910	0.06107	0.18380	0.01645	0.00902	0.00247	0.00379	0.04376	0.00804	0.00701
72	0.10636	0.01753	0.01959	0.01527	0.02105	0.01846	0.01258	0.35714	0.05692	0.26435	0.02198	0.02065	0.01488	0.00905	0.00732	0.00232	0.00735	0.00690	0.00791	0.01239
73	0.00996	0.00746	0.00924	0.00936	0.01100	0.00674	0.00680	0.01260	0.01880	0.02540	0.38436	0.22416	0.20956	0.01839	0.00913	0.00260	0.00384	0.01617	0.00772	0.00674
74	0.01659	0.01659	0.02323	0.01991	0.01991	0.02323	0.01659	0.01825	0.01162	0.01825	0.00996	0.01659	0.00996	0.01328	0.02489	0.00332	0.71955	0.00664	0.00332	0.00830
75	0.03258	0.01282	0.01729	0.01340	0.01906	0.01125	0.01102	0.03618	0.04403	0.64238	0.05596	0.02713	0.02103	0.00966	0.00768	0.00236	0.00632	0.00790	0.00929	0.01265
76	0.01659	0.01659	0.02323	0.01991	0.01991	0.02323	0.01659	0.01825	0.01162	0.01825	0.00996	0.01659	0.00996	0.01328	0.02489	0.00332	0.71955	0.00664	0.00332	0.00830
77	0.01074	0.00775	0.01014	0.00954	0.01133	0.00716	0.00716	0.01431	0.02147	0.03042	0.68211	0.05666	0.07157	0.01551	0.00895	0.00239	0.00358	0.01372	0.00835	0.00716
78	0.01887	0.01629	0.01715	0.01544	0.01972	0.01887	0.01201	0.04031	0.67241	0.03173	0.03087	0.02830	0.02315	0.01029	0.00772	0.00257	0.00600	0.00858	0.00772	0.01201
79	0.01573	0.01348	0.01573	0.01123	0.01798	0.01011	0.00899	0.01910	0.01573	0.02472	0.01348	0.01573	0.01123	0.00562	0.00562	0.00112	0.00562	0.00449	0.00449	0.77980
80	0.01084	0.00813	0.01219	0.01219	0.01354	0.00948	0.00948	0.01354	0.01219	0.01761	0.02032	0.02980	0.01896	0.05689	0.70337	0.01219	0.02032	0.00813	0.00406	0.00677
81	0.01521	0.03923	0.69413	0.02162	0.03283	0.01762	0.02802	0.02402	0.01601	0.02402	0.01361	0.01601	0.00961	0.00721	0.00721	0.00240	0.01121	0.00560	0.00320	0.01121
82	0.01074	0.00775	0.01014	0.00954	0.01133	0.00716	0.00716	0.01431	0.02147	0.03042	0.68211	0.05666	0.07157	0.01551	0.00895	0.00239	0.00358	0.01372	0.00835	0.00716
83	0.01456	0.01137	0.01748	0.34728	0.03184	0.01325	0.04949	0.01888	0.01544	0.02329	0.01807	0.02339	0.01405	0.00834	0.00762	0.00226	0.04460	0.00699	0.32383	0.00796
84	0.02028	0.73799	0.03975	0.01298	0.01947	0.03001	0.01298	0.02271	0.01541	0.01785	0.01055	0.01217	0.00973	0.00649	0.00487	0.00162	0.00811	0.00406	0.00324	0.00973
85	0.01573	0.01348	0.01573	0.01123	0.01798	0.01011	0.00899	0.01910	0.01573	0.02472	0.01348	0.01573	0.01123	0.00562	0.00562	0.00112	0.00562	0.00449	0.00449	0.77980
86	0.01441	0.00945	0.01292	0.01400	0.01622	0.00943	0.01212	0.01872	0.04943	0.08028	0.03884	0.07769	0.04054	0.01945	0.01010	0.00335	0.00689	0.55122	0.00723	0.00773
87	0.01432	0.01348	0.02275	0.71520	0.05224	0.01685	0.02107	0.01938	0.01517	0.01938	0.01348	0.02022	0.01011	0.00758	0.00758	0.00253	0.01011	0.00674	0.00337	0.00843
88	0.03375	0.01335	0.01788	0.01371	0.01958	0.01181	0.01132	0.07026	0.02245	0.65702	0.02930	0.02541	0.01846	0.00937	0.00763	0.00234	0.00656	0.00759	0.00929	0.01291
89	0.01318	0.00659	0.00988	0.00988	0.00988	0.00659	0.00659	0.00988	0.00988	0.01318	0.01318	0.02306	0.01318	0.02635	0.02964	0.77931	0.00659	0.00659	0.00329	0.00329
90	0.01079	0.00779	0.01022	0.00971	0.01150	0.00722	0.00735	0.01437	0.02131	0.03012	0.65714	0.05778	0.07048	0.01572	0.00901	0.00243	0.00371	0.03789	0.00830	0.00715
91	0.78701	0.01467	0.01115	0.00997	0.01467	0.01702	0.00821	0.02230	0.01291	0.03403	0.01056	0.01232	0.00821	0.00704	0.00469	0.00235	0.00587	0.00411	0.00469	0.00821
92	0.01531	0.01505	0.02355	0.58482	0.04703	0.04734	0.04341	0.01991	0.01515	0.01940	0.01309	0.01955	0.01013	0.00817	0.00948	0.00259	0.08740	0.00673	0.00340	0.00849
93	0.01521	0.03923	0.69413	0.02162	0.03283	0.01762	0.02802	0.02402	0.01601	0.02402	0.01361	0.01601	0.00961	0.00721	0.00721	0.00240	0.01121	0.00560	0.00320	0.01121
94	0.01581	0.01551	0.02236	0.01920	0.01965	0.02113	0.03658	0.01778	0.01190	0.01836	0.01162	0.01861	0.01130	0.01930	0.12152	0.00456	0.59631	0.00693	0.00344	0.00814
95	0.22363	0.01578	0.04362	0.27761	0.06242	0.01666	0.10402	0.02387	0.03476	0.10564	0.01548	0.01886	0.01128	0.00752	0.00699	0.00245	0.00878	0.00647	0.00465	0.00950
96	0.01368	0.01187	0.01840	0.25970	0.02854	0.01416	0.04960	0.01715	0.01499	0.02133	0.06847	0.14418	0.02298	0.01373	0.03415	0.00299	0.14288	0.00997	0.10344	0.00779
97	0.01103	0.00735	0.00827	0.00827	0.00827	0.00735	0.00460	0.01103	0.01103	0.01471	0.02390	0.04964	0.02758	0.73343	0.03861	0.00735	0.00735	0.01103	0.00460	0.00460
98	0.01041	0.00841	0.00934	0.00899	0.01141	0.00769	0.00677	0.01451	0.07192	0.02500	0.29251	0.06345	0.40789	0.01714	0.00886	0.00250	0.00392	0.01458	0.00757	0.00713
99	0.01775	0.01874	0.06741	0.13837	0.46191	0.01818	0.09014	0.02265	0.01672	0.02363	0.01405	0.01891	0.01147	0.00715	0.00841	0.00238	0.04046	0.00692	0.00366	0.01111
100	0.01918	0.01587	0.01792	0.01757	0.06872	0.01792	0.01281	0.03759	0.56016	0.06003	0.03010	0.03054	0.02323	0.01056	0.00785	0.00259	0.00630	0.04184	0.00746	0.01178
101	0.00924	0.00660	0.00880	0.01056	0.01100	0.00616	0.00704	0.01056	0.01452	0.01936	0.04181	0.72848	0.05017	0.02376	0.00968	0.00308	0.00440	0.02156	0.00704	0.00616
102	0.01555	0.03708	0.62357	0.02354	0.06926	0.01772	0.06071	0.02399	0.01618	0.02408	0.01374	0.01640	0.00984	0.00714	0.00731	0.00240	0.01117	0.00584	0.00327	0.01120
103	0.05719	0.08394	0.59141	0.02036	0.03066	0.04192	0.02552	0.02406	0.01600	0.02396	0.01318	0.01548	0.00955	0.00717	0.00691	0.00233	0.01080	0.00540	0.00331	0.01087
104	0.01016	0.00729	0.00926	0.01021	0.01048	0.00731	0.00665	0.01106	0.01323	0.01776	0.03444	0.47116	0.04088	0.25962	0.01998	0.00451	0.03679	0.01740	0.00606	0.00573
105	0.71127	0.01580	0.01269	0.01241	0.05213	0.04720	0.00933	0.02270	0.01353	0.03284	0.01082	0.01274	0.00849	0.00706	0.00494	0.00232	0.00638	0.00429	0.00461	0.00845
106	0.03318	0.01336	0.01777	0.01372	0.01953	0.01194	0.01130	0.05972	0.05080	0.63907	0.02954	0.02565	0.01876	0.00942	0.00763	0.00235	0.00650	0.00764	0.00925	0.01287
