[name]
unknown

[dist]
# distance from previous block
# <min> <max>
0	12

[block]
# block no. 0 follows, 24 sequences, length 103
# corresponding to MSA columns:
# 12-114
name=unknown_A
#
# <colnr> <probs for GDERKNQSTAVLIFYWHMCP>
#	G	D	E	R	K	N	Q	S	T	A	V	L	I	F	Y	W	H	M	C	P
0	0.01353	0.00970	0.01316	0.01444	0.01649	0.00977	0.01249	0.04763	0.01952	0.02565	0.08804	0.08366	0.04624	0.02086	0.01068	0.00350	0.00710	0.54247	0.00744	0.00762
1	0.01498	0.01409	0.02378	0.70226	0.05462	0.01762	0.02202	0.02026	0.01586	0.02026	0.01409	0.02114	0.01057	0.00793	0.00793	0.00264	0.01057	0.00705	0.00352	0.00881
2	0.07838	0.01717	0.01795	0.01579	0.02052	0.01963	0.01242	0.08903	0.53244	0.06177	0.02957	0.02737	0.02197	0.01036	0.00782	0.00264	0.00648	0.00842	0.00789	0.01237
3	0.00965	0.00696	0.00914	0.01089	0.01146	0.00645	0.00729	0.01106	0.01533	0.02030	0.04554	0.68415	0.08325	0.02461	0.01008	0.00319	0.00457	0.02225	0.00736	0.00645
4	0.01613	0.06964	0.65354	0.02222	0.03374	0.01896	0.02864	0.02506	0.01672	0.02484	0.01410	0.01657	0.01005	0.00750	0.00743	0.00248	0.01158	0.00579	0.00335	0.01165
5	0.01609	0.03975	0.63942	0.02330	0.03478	0.01852	0.06884	0.02513	0.01687	0.02513	0.01435	0.01704	0.01017	0.00748	0.00765	0.00252	0.01183	0.00609	0.00339	0.01165
6	0.01122	0.00811	0.01060	0.00998	0.01185	0.00748	0.00748	0.01496	0.02245	0.03180	0.66766	0.05923	0.07482	0.01621	0.00935	0.00249	0.00374	0.01434	0.00873	0.00748
7	0.01844	0.02036	0.03901	0.16640	0.06596	0.05204	0.42465	0.02423	0.01788	0.02370	0.01506	0.02067	0.01157	0.00748	0.00998	0.00268	0.05738	0.00845	0.00388	0.01019
8	0.06907	0.01358	0.01810	0.01394	0.02002	0.01193	0.01152	0.03795	0.02228	0.64836	0.03037	0.02635	0.01913	0.00970	0.00784	0.00245	0.00672	0.00781	0.00959	0.01327
9	0.01972	0.01703	0.01793	0.01614	0.02062	0.01972	0.01255	0.04214	0.65752	0.03317	0.03228	0.02959	0.02421	0.01076	0.00807	0.00269	0.00628	0.00897	0.00807	0.01255
10	0.00976	0.00698	0.00929	0.01097	0.01152	0.00651	0.00737	0.01129	0.01565	0.02099	0.08391	0.67382	0.05389	0.02429	0.01007	0.00317	0.00455	0.02201	0.00745	0.00651
11	0.01809	0.02547	0.18683	0.03150	0.07968	0.01977	0.44198	0.02503	0.01798	0.02513	0.01535	0.02008	0.01156	0.00717	0.00949	0.00265	0.03910	0.00834	0.00384	0.01097
12	0.00937	0.00803	0.00803	0.00803	0.01071	0.00669	0.00602	0.01138	0.01807	0.02142	0.08033	0.07632	0.66863	0.02008	0.00937	0.00268	0.00402	0.01674	0.00736	0.00669
13	0.03558	0.01350	0.01840	0.01411	0.02024	0.01166	0.01166	0.03865	0.02270	0.67734	0.03128	0.02699	0.01963	0.00981	0.00797	0.00245	0.00675	0.00797	0.00981	0.01350
14	0.01963	0.01884	0.03219	0.04867	0.67185	0.01884	0.02434	0.02434	0.01806	0.02591	0.01492	0.01963	0.01256	0.00707	0.00785	0.00236	0.00942	0.00707	0.00393	0.01256
15	0.00979	0.00700	0.00932	0.01095	0.01153	0.00653	0.00737	0.01136	0.01578	0.02119	0.09498	0.66216	0.05429	0.02413	0.01006	0.00316	0.00453	0.02187	0.00747	0.00653
16	0.02038	0.02041	0.03149	0.04397	0.55350	0.07268	0.05646	0.02587	0.05028	0.02572	0.01563	0.01979	0.01292	0.00732	0.00789	0.00236	0.00987	0.00713	0.00415	0.01219
17	0.01619	0.07803	0.64572	0.02211	0.03357	0.01912	0.02845	0.02504	0.01671	0.02476	0.01406	0.01652	0.01005	0.00749	0.00740	0.00247	0.01154	0.00577	0.00335	0.01164
18	0.01631	0.07428	0.62373	0.02315	0.05792	0.01908	0.02833	0.02502	0.01676	0.02482	0.01410	0.01665	0.01015	0.00748	0.00742	0.00246	0.01147	0.00583	0.00337	0.01167
19	0.02057	0.64493	0.11721	0.01464	0.02201	0.02984	0.01543	0.02391	0.01619	0.01942	0.01140	0.01320	0.01016	0.00687	0.00538	0.00179	0.00886	0.00443	0.00339	0.01036
20	0.00975	0.00694	0.00917	0.01092	0.01136	0.00650	0.00723	0.01107	0.01500	0.02000	0.04277	0.68293	0.05127	0.05967	0.01163	0.00344	0.00476	0.02199	0.00723	0.00636
21	0.01840	0.02042	0.03501	0.02663	0.03185	0.09099	0.37941	0.02308	0.01780	0.02339	0.04211	0.09724	0.01833	0.01037	0.01194	0.00279	0.12602	0.01013	0.00447	0.00962
22	0.02133	0.01924	0.04202	0.02197	0.15873	0.06869	0.01482	0.12464	0.05908	0.05686	0.01672	0.01860	0.01310	0.00740	0.00699	0.00187	0.00798	0.00605	0.00538	0.32852
23	0.01695	0.01412	0.01554	0.01413	0.01776	0.01573	0.01090	0.03327	0.45023	0.03272	0.23967	0.03926	0.04073	0.01254	0.00849	0.00263	0.00545	0.01072	0.00828	0.01090
24	0.01212	0.00985	0.01076	0.01023	0.01286	0.00962	0.00764	0.01857	0.14841	0.02607	0.22057	0.06051	0.33382	0.07007	0.01144	0.00301	0.00468	0.01414	0.00767	0.00795
25	0.01696	0.01695	0.02515	0.02117	0.02193	0.02277	0.06700	0.01919	0.01272	0.01954	0.01175	0.01881	0.01131	0.01705	0.07923	0.00417	0.59477	0.00726	0.00358	0.00871
26	0.01478	0.00739	0.00739	0.00739	0.00924	0.00739	0.00554	0.01848	0.01663	0.02956	0.02587	0.02956	0.02033	0.00924	0.00554	0.00185	0.00370	0.00739	0.76534	0.00739
27	0.00975	0.00694	0.00917	0.01093	0.01136	0.00650	0.00724	0.01107	0.01501	0.02001	0.04280	0.68414	0.05131	0.05839	0.01158	0.00344	0.00475	0.02201	0.00724	0.00636
28	0.02865	0.02147	0.02296	0.01794	0.02402	0.02389	0.01471	0.55898	0.12615	0.04757	0.02094	0.02055	0.01502	0.00970	0.00795	0.00242	0.00837	0.00740	0.00795	0.01335
29	0.01145	0.00765	0.00867	0.00875	0.00877	0.00764	0.00491	0.01151	0.01169	0.01558	0.02577	0.07981	0.02982	0.69205	0.03909	0.00750	0.00756	0.01199	0.00491	0.00487
30	0.65569	0.01541	0.01336	0.06309	0.01889	0.01774	0.01000	0.04746	0.01502	0.06588	0.01255	0.01442	0.00946	0.00760	0.00540	0.00247	0.00660	0.00479	0.00515	0.00903
31	0.01681	0.16731	0.44787	0.07094	0.03130	0.01997	0.02374	0.02394	0.01654	0.02376	0.01418	0.01693	0.01069	0.00744	0.00693	0.00228	0.01037	0.00567	0.04136	0.04197
32	0.02881	0.05639	0.02333	0.01996	0.02421	0.55234	0.01534	0.10764	0.02361	0.02320	0.01298	0.01500	0.01063	0.00858	0.00813	0.00215	0.04804	0.00543	0.00451	0.00974
33	0.01408	0.00874	0.01151	0.01046	0.01283	0.00797	0.00797	0.01774	0.02248	0.10746	0.59307	0.05545	0.06835	0.01546	0.00919	0.00249	0.00409	0.01359	0.00886	0.00819
34	0.03090	0.02099	0.02304	0.01767	0.02398	0.02278	0.01459	0.56055	0.03524	0.13772	0.02075	0.02015	0.01434	0.00956	0.00794	0.00239	0.00845	0.00726	0.00820	0.01349
35	0.03055	0.02155	0.02339	0.01793	0.02426	0.02362	0.01481	0.59964	0.03618	0.09730	0.01996	0.01964	0.01395	0.00954	0.00794	0.00239	0.00858	0.00720	0.00807	0.01349
36	0.30687	0.01550	0.04781	0.01317	0.01912	0.01423	0.01138	0.03237	0.01903	0.41039	0.02303	0.02132	0.01512	0.00880	0.00683	0.00246	0.00676	0.00652	0.00770	0.01161
37	0.02120	0.72609	0.04155	0.01357	0.02035	0.03138	0.01357	0.02374	0.01611	0.01866	0.01102	0.01272	0.01018	0.00678	0.00509	0.00170	0.00848	0.00424	0.00339	0.01018
38	0.01133	0.00850	0.01274	0.01274	0.01416	0.00991	0.00991	0.01416	0.01274	0.01841	0.02124	0.03115	0.01982	0.05947	0.68989	0.01274	0.02124	0.00850	0.00425	0.00708
39	0.01562	0.00876	0.00935	0.00886	0.01075	0.00938	0.00683	0.04472	0.01715	0.02963	0.02442	0.02820	0.01929	0.00960	0.00719	0.00199	0.05694	0.00735	0.67622	0.00774
40	0.00966	0.00690	0.00920	0.01104	0.01150	0.00644	0.00736	0.01104	0.01518	0.02024	0.04371	0.71614	0.05245	0.02484	0.01012	0.00322	0.00460	0.02254	0.00736	0.00644
41	0.01208	0.00863	0.01197	0.01380	0.01532	0.00852	0.01156	0.01522	0.01756	0.02295	0.04237	0.23024	0.04717	0.02257	0.01077	0.00355	0.00670	0.48459	0.00732	0.00711
42	0.01590	0.04102	0.68023	0.02260	0.03432	0.01842	0.02930	0.02511	0.01674	0.02511	0.01423	0.01674	0.01005	0.00753	0.00753	0.00251	0.01172	0.00586	0.00335	0.01172
43	0.00973	0.00696	0.00926	0.01099	0.01152	0.00649	0.00737	0.01122	0.01551	0.02076	0.07188	0.68648	0.05346	0.02445	0.01009	0.00319	0.00456	0.02217	0.00742	0.00649
44	0.02120	0.72609	0.04155	0.01357	0.02035	0.03138	0.01357	0.02374	0.01611	0.01866	0.01102	0.01272	0.01018	0.00678	0.00509	0.00170	0.00848	0.00424	0.00339	0.01018
45	0.02007	0.45210	0.20160	0.01604	0.02407	0.02606	0.01737	0.06386	0.01766	0.02286	0.01259	0.01444	0.01047	0.00708	0.00596	0.00191	0.00913	0.00488	0.00377	0.06808
46	0.02179	0.01860	0.01837	0.01636	0.02093	0.07809	0.01273	0.04095	0.55371	0.08055	0.03044	0.02804	0.02263	0.01046	0.00798	0.00261	0.00702	0.00855	0.00785	0.01233
47	0.00966	0.00690	0.00920	0.01104	0.01150	0.00644	0.00736	0.01104	0.01518	0.02024	0.04371	0.71614	0.05245	0.02484	0.01012	0.00322	0.00460	0.02254	0.00736	0.00644
48	0.01478	0.00739	0.00739	0.00739	0.00924	0.00739	0.00554	0.01848	0.01663	0.02956	0.02587	0.02956	0.02033	0.00924	0.00554	0.00185	0.00370	0.00739	0.76534	0.00739
49	0.02134	0.01757	0.02933	0.11635	0.51224	0.01770	0.02231	0.02589	0.01846	0.11639	0.01711	0.02082	0.01333	0.00755	0.00788	0.00240	0.00917	0.00719	0.00470	0.01228
50	0.01664	0.01662	0.02527	0.06517	0.02433	0.02179	0.08305	0.01910	0.01336	0.01993	0.01428	0.08165	0.01442	0.01373	0.02164	0.00331	0.52453	0.00862	0.00388	0.00869
51	0.00937	0.00803	0.00803	0.00803	0.01071	0.00669	0.00602	0.01138	0.01807	0.02142	0.08033	0.07632	0.66863	0.02008	0.00937	0.00268	0.00402	0.01674	0.00736	0.00669
52	0.01612	0.03954	0.63245	0.02342	0.03486	0.01854	0.07560	0.02513	0.01689	0.02513	0.01437	0.01709	0.01020	0.00747	0.00767	0.00252	0.01184	0.00612	0.00340	0.01164
53	0.03164	0.05117	0.07802	0.01529	0.02185	0.01478	0.01363	0.08486	0.06674	0.49446	0.02791	0.02495	0.01816	0.00951	0.00780	0.00243	0.00739	0.00761	0.00867	0.01311
54	0.77733	0.01534	0.01166	0.01043	0.01534	0.01779	0.00859	0.02331	0.01350	0.03558	0.01104	0.01288	0.00859	0.00736	0.00491	0.00245	0.00613	0.00429	0.00491	0.00859
55	0.01908	0.09409	0.16622	0.03329	0.25702	0.04882	0.17393	0.02466	0.01757	0.02420	0.01427	0.01843	0.01145	0.00752	0.00902	0.00246	0.05589	0.00701	0.00375	0.01131
56	0.03014	0.02221	0.02380	0.01825	0.02459	0.02459	0.01507	0.64541	0.03728	0.04998	0.01904	0.01904	0.01349	0.00952	0.00793	0.00238	0.00873	0.00714	0.00793	0.01349
57	0.00966	0.00690	0.00920	0.01104	0.01150	0.00644	0.00736	0.01104	0.01518	0.02024	0.04371	0.71614	0.05245	0.02484	0.01012	0.00322	0.00460	0.02254	0.00736	0.00644
58	0.01251	0.00983	0.01152	0.01079	0.01333	0.00971	0.00818	0.01954	0.14493	0.03003	0.42931	0.05682	0.18121	0.01591	0.00911	0.00257	0.00429	0.01377	0.00833	0.00831
59	0.00937	0.00803	0.00803	0.00803	0.01071	0.00669	0.00602	0.01138	0.01807	0.02142	0.08033	0.07632	0.66863	0.02008	0.00937	0.00268	0.00402	0.01674	0.00736	0.00669
60	0.01498	0.01409	0.02378	0.70226	0.05462	0.01762	0.02202	0.02026	0.01586	0.02026	0.01409	0.02114	0.01057	0.00793	0.00793	0.00264	0.01057	0.00705	0.00352	0.00881
61	0.77733	0.01534	0.01166	0.01043	0.01534	0.01779	0.00859	0.02331	0.01350	0.03558	0.01104	0.01288	0.00859	0.00736	0.00491	0.00245	0.00613	0.00429	0.00491	0.00859
62	0.02120	0.72609	0.04155	0.01357	0.02035	0.03138	0.01357	0.02374	0.01611	0.01866	0.01102	0.01272	0.01018	0.00678	0.00509	0.00170	0.00848	0.00424	0.00339	0.01018
63	0.01963	0.01874	0.03142	0.04692	0.63666	0.01889	0.02370	0.02530	0.05261	0.02630	0.01585	0.02016	0.01319	0.00727	0.00786	0.00237	0.00925	0.00717	0.00415	0.01256
64	0.02147	0.60036	0.09917	0.01503	0.02203	0.08953	0.01519	0.02459	0.01674	0.01932	0.01143	0.01324	0.01017	0.00698	0.00550	0.00180	0.00931	0.00447	0.00345	0.01023
65	0.01590	0.04102	0.68023	0.02260	0.03432	0.01842	0.02930	0.02511	0.01674	0.02511	0.01423	0.01674	0.01005	0.00753	0.00753	0.00251	0.01172	0.00586	0.00335	0.01172
66	0.01656	0.01627	0.02412	0.24615	0.03199	0.02208	0.01889	0.01947	0.01337	0.01947	0.01163	0.01860	0.01046	0.01191	0.02004	0.00320	0.47658	0.00698	0.00349	0.00872
67	0.03493	0.01364	0.01838	0.01419	0.02026	0.01198	0.01169	0.03879	0.04863	0.65102	0.03132	0.02710	0.01982	0.00985	0.00798	0.00246	0.00673	0.00801	0.00974	0.01346
68	0.01106	0.00810	0.01037	0.00980	0.01174	0.00741	0.00735	0.01464	0.02205	0.03086	0.61443	0.06078	0.12864	0.01656	0.00935	0.00251	0.00377	0.01456	0.00861	0.00741
69	0.00973	0.00695	0.00926	0.01100	0.01152	0.00648	0.00737	0.01120	0.01548	0.02072	0.06921	0.68929	0.05336	0.02449	0.01009	0.00319	0.00457	0.02221	0.00742	0.00648
70	0.01478	0.00739	0.00739	0.00739	0.00924	0.00739	0.00554	0.01848	0.01663	0.02956	0.02587	0.02956	0.02033	0.00924	0.00554	0.00185	0.00370	0.00739	0.76534	0.00739
71	0.02859	0.02203	0.02289	0.01802	0.02400	0.04849	0.01471	0.53391	0.12801	0.04637	0.02074	0.02042	0.01494	0.00965	0.00792	0.00241	0.00857	0.00733	0.00781	0.01319
72	0.19371	0.08719	0.34434	0.04113	0.06221	0.01936	0.02078	0.06829	0.01744	0.02883	0.01405	0.01646	0.01051	0.00763	0.00671	0.00239	0.00948	0.00562	0.03310	0.01078
73	0.02191	0.58564	0.08738	0.01498	0.02194	0.07148	0.01496	0.06440	0.01793	0.02121	0.01186	0.01353	0.01038	0.00710	0.00559	0.00182	0.00911	0.00460	0.00373	0.01044
74	0.02143	0.02046	0.03164	0.10713	0.56369	0.05293	0.02398	0.02538	0.01911	0.02660	0.01655	0.02202	0.01402	0.00848	0.00859	0.00271	0.01030	0.00753	0.00455	0.01288
75	0.01972	0.01703	0.01793	0.01614	0.02062	0.01972	0.01255	0.04214	0.65752	0.03317	0.03228	0.02959	0.02421	0.01076	0.00807	0.00269	0.00628	0.00897	0.00807	0.01255
76	0.01133	0.00850	0.01274	0.01274	0.01416	0.00991	0.00991	0.01416	0.01274	0.01841	0.02124	0.03115	0.01982	0.05947	0.68989	0.01274	0.02124	0.00850	0.00425	0.00708
77	0.02157	0.69732	0.04083	0.01376	0.02053	0.03110	0.01363	0.04915	0.01698	0.01994	0.01135	0.01298	0.01031	0.00690	0.00520	0.00172	0.00849	0.00436	0.00358	0.01031
78	0.01243	0.00891	0.01114	0.01278	0.01350	0.00808	0.00851	0.01303	0.01671	0.02256	0.04496	0.68965	0.05311	0.02581	0.01107	0.00365	0.00553	0.02265	0.00810	0.00783
79	0.01915	0.01835	0.03133	0.11568	0.60857	0.01872	0.02410	0.02392	0.01783	0.02533	0.01483	0.01978	0.01236	0.00715	0.00786	0.00238	0.00954	0.00706	0.00388	0.01218
80	0.00937	0.00803	0.00803	0.00803	0.01071	0.00669	0.00602	0.01138	0.01807	0.02142	0.08033	0.07632	0.66863	0.02008	0.00937	0.00268	0.00402	0.01674	0.00736	0.00669
81	0.03558	0.01350	0.01840	0.01411	0.02024	0.01166	0.01166	0.03865	0.02270	0.67734	0.03128	0.02699	0.01963	0.00981	0.00797	0.00245	0.00675	0.00797	0.00981	0.01350
82	0.02152	0.69987	0.04083	0.01383	0.02051	0.05645	0.01364	0.02405	0.01635	0.01869	0.01107	0.01278	0.01018	0.00684	0.00517	0.00171	0.00870	0.00427	0.00342	0.01014
83	0.01972	0.01703	0.01793	0.01614	0.02062	0.01972	0.01255	0.04214	0.65752	0.03317	0.03228	0.02959	0.02421	0.01076	0.00807	0.00269	0.00628	0.00897	0.00807	0.01255
84	0.03014	0.02221	0.02380	0.01825	0.02459	0.02459	0.01507	0.64541	0.03728	0.04998	0.01904	0.01904	0.01349	0.00952	0.00793	0.00238	0.00873	0.00714	0.00793	0.01349
85	0.02962	0.03779	0.02247	0.02043	0.02451	0.68948	0.01532	0.03166	0.02247	0.01941	0.01226	0.01430	0.01021	0.00817	0.00715	0.00204	0.01430	0.00511	0.00409	0.00919
86	0.01009	0.00721	0.00969	0.01153	0.01218	0.00681	0.00810	0.01178	0.01560	0.02072	0.04347	0.63033	0.05152	0.02444	0.01024	0.00328	0.00497	0.10414	0.00735	0.00656
87	0.00966	0.00690	0.00920	0.01104	0.01150	0.00644	0.00736	0.01104	0.01518	0.02024	0.04371	0.71614	0.05245	0.02484	0.01012	0.00322	0.00460	0.02254	0.00736	0.00644
88	0.00983	0.00702	0.00939	0.01123	0.01177	0.00659	0.00765	0.01133	0.01535	0.02043	0.04361	0.68228	0.05208	0.02468	0.01017	0.00324	0.00475	0.05474	0.00736	0.00649
89	0.01157	0.00776	0.00889	0.00895	0.00909	0.00774	0.00524	0.01186	0.01219	0.01629	0.04742	0.05375	0.03110	0.66749	0.03805	0.00734	0.00754	0.03767	0.00504	0.00500
90	0.01074	0.00787	0.01008	0.00999	0.01167	0.00720	0.00732	0.01386	0.02062	0.02856	0.48988	0.18738	0.12881	0.01825	0.00950	0.00265	0.00393	0.01616	0.00833	0.00720
91	0.01669	0.01432	0.01656	0.01208	0.01893	0.01126	0.00963	0.02164	0.06480	0.02639	0.01547	0.01743	0.01269	0.00624	0.00604	0.00129	0.00590	0.00502	0.00495	0.71267
92	0.67103	0.08895	0.04019	0.01121	0.01657	0.01920	0.00989	0.02342	0.01389	0.03345	0.01116	0.01301	0.00881	0.00731	0.00503	0.00238	0.00659	0.00435	0.00469	0.00887
93	0.01478	0.00739	0.00739	0.00739	0.00924	0.00739	0.00554	0.01848	0.01663	0.02956	0.02587	0.02956	0.02033	0.00924	0.00554	0.00185	0.00370	0.00739	0.76534	0.00739
94	0.01742	0.01847	0.05940	0.34392	0.26216	0.06088	0.04099	0.02234	0.01714	0.02255	0.01580	0.05457	0.01334	0.00843	0.00798	0.00253	0.01026	0.00771	0.00390	0.01021
95	0.02017	0.01726	0.01818	0.01623	0.02079	0.01993	0.01266	0.06802	0.63091	0.03389	0.03171	0.02913	0.02375	0.01071	0.00806	0.00268	0.00638	0.00889	0.00806	0.01259
96	0.01644	0.01409	0.01644	0.01175	0.01879	0.01057	0.00940	0.01997	0.01644	0.02584	0.01409	0.01644	0.01175	0.00587	0.00587	0.00117	0.00587	0.00470	0.00470	0.76979
97	0.02080	0.67442	0.08972	0.01425	0.02141	0.03040	0.01475	0.02385	0.01616	0.01914	0.01127	0.01302	0.01017	0.00684	0.00527	0.00176	0.00872	0.00436	0.00339	0.01029
98	0.01853	0.02203	0.07285	0.03233	0.04011	0.02019	0.58543	0.02507	0.01830	0.02507	0.01568	0.02099	0.01187	0.00708	0.01011	0.00271	0.04797	0.00909	0.00396	0.01064
99	0.01055	0.00761	0.00985	0.01136	0.01207	0.00736	0.00784	0.01288	0.04136	0.02063	0.04124	0.56287	0.04832	0.09236	0.01309	0.00368	0.00523	0.07798	0.00713	0.00661
100	0.08034	0.01671	0.01815	0.01616	0.04670	0.01779	0.01219	0.08487	0.37798	0.03274	0.02450	0.02388	0.01867	0.00909	0.00728	0.00228	0.00650	0.00736	0.00684	0.18995
101	0.09897	0.32351	0.10854	0.05030	0.02379	0.14007	0.01565	0.05048	0.01778	0.02282	0.01473	0.01684	0.03526	0.00821	0.00719	0.00213	0.04435	0.00546	0.00401	0.00989
102	0.08062	0.13716	0.05510	0.01623	0.02158	0.08550	0.01402	0.21224	0.10063	0.05862	0.02275	0.02316	0.06725	0.01003	0.00861	0.00239	0.05973	0.00722	0.00609	0.01106

[dist]
# distance from previous block
# <min> <max>
0	1

[block]
# block no. 1 follows, 24 sequences, length 45
# corresponding to MSA columns:
# 116-160
name=unknown_B
#
# <colnr> <probs for GDERKNQSTAVLIFYWHMCP>
#	G	D	E	R	K	N	Q	S	T	A	V	L	I	F	Y	W	H	M	C	P
0	0.01967	0.02031	0.07502	0.04965	0.03357	0.01806	0.34864	0.08022	0.05765	0.05849	0.01832	0.04114	0.01420	0.00783	0.00844	0.00242	0.01067	0.00847	0.00501	0.12221
1	0.09468	0.23842	0.13092	0.01852	0.05895	0.02242	0.05073	0.09854	0.07970	0.10950	0.01746	0.01831	0.01312	0.00803	0.00680	0.00225	0.00869	0.00618	0.00535	0.01144
2	0.10053	0.08668	0.02393	0.05245	0.02394	0.05020	0.01479	0.33007	0.02634	0.07998	0.01644	0.01802	0.01234	0.00961	0.01016	0.00250	0.11771	0.00652	0.00625	0.01153
3	0.02199	0.01670	0.02121	0.01612	0.02239	0.01582	0.07281	0.18390	0.08269	0.09649	0.02058	0.05850	0.01641	0.00878	0.00739	0.00201	0.00738	0.00748	0.00643	0.31494
4	0.01871	0.01987	0.03368	0.07314	0.10066	0.06510	0.28386	0.02322	0.01673	0.02313	0.01445	0.01998	0.01184	0.00908	0.01350	0.00278	0.20947	0.00789	0.04300	0.00992
5	0.01023	0.00740	0.00967	0.01052	0.01160	0.00684	0.00735	0.01252	0.01800	0.02459	0.27756	0.44560	0.08572	0.02144	0.00980	0.00293	0.00426	0.01925	0.00787	0.00684
6	0.01133	0.01025	0.05429	0.01081	0.01336	0.00813	0.00895	0.01514	0.02115	0.02948	0.51348	0.08639	0.13169	0.01662	0.00933	0.00259	0.00446	0.03680	0.00812	0.00763
7	0.01757	0.01800	0.02792	0.02285	0.02415	0.02360	0.11841	0.02010	0.01321	0.02010	0.01132	0.01800	0.01067	0.01272	0.02333	0.00334	0.59480	0.00733	0.00356	0.00900
8	0.02949	0.01464	0.01837	0.03513	0.02122	0.01442	0.01219	0.06653	0.19230	0.43019	0.05663	0.02846	0.02256	0.01026	0.00805	0.00252	0.00670	0.00843	0.00903	0.01286
9	0.01828	0.02441	0.14413	0.03176	0.04035	0.01980	0.54873	0.02536	0.01841	0.02536	0.01576	0.02068	0.01173	0.00682	0.00908	0.00265	0.01312	0.00882	0.00391	0.01085
10	0.00968	0.00805	0.00846	0.00836	0.01090	0.00683	0.00627	0.01198	0.01881	0.02316	0.17863	0.07346	0.56925	0.01944	0.00937	0.00265	0.00397	0.01634	0.00759	0.00683
11	0.01551	0.00851	0.01176	0.01117	0.01184	0.00876	0.00776	0.07768	0.01319	0.01761	0.01433	0.02357	0.01374	0.02564	0.02855	0.68795	0.00708	0.00691	0.00392	0.00451
12	0.77733	0.01534	0.01166	0.01043	0.01534	0.01779	0.00859	0.02331	0.01350	0.03558	0.01104	0.01288	0.00859	0.00736	0.00491	0.00245	0.00613	0.00429	0.00491	0.00859
13	0.01166	0.00776	0.00904	0.00904	0.00928	0.00792	0.00540	0.01215	0.01190	0.01638	0.02462	0.04857	0.02744	0.61538	0.10972	0.00797	0.00898	0.01100	0.04062	0.00518
14	0.02396	0.01406	0.01544	0.01263	0.01688	0.01469	0.01018	0.26344	0.02555	0.13881	0.02408	0.02510	0.01758	0.00944	0.00685	0.00215	0.00611	0.00739	0.35497	0.01070
15	0.02965	0.03695	0.02254	0.02031	0.02452	0.65351	0.01531	0.06486	0.02327	0.02106	0.01262	0.01456	0.01039	0.00824	0.00719	0.00206	0.01400	0.00522	0.00429	0.00943
16	0.02819	0.02140	0.02165	0.01703	0.02266	0.06691	0.01390	0.52585	0.03371	0.04538	0.01944	0.02004	0.01412	0.00939	0.00758	0.00229	0.00847	0.00704	0.10252	0.01244
17	0.01133	0.00850	0.01274	0.01274	0.01416	0.00991	0.00991	0.01416	0.01274	0.01841	0.02124	0.03115	0.01982	0.05947	0.68989	0.01274	0.02124	0.00850	0.00425	0.00708
18	0.01377	0.00689	0.01033	0.01033	0.01033	0.00689	0.00689	0.01033	0.01033	0.01377	0.01377	0.02410	0.01377	0.02755	0.03099	0.76928	0.00689	0.00689	0.00344	0.00344
19	0.01590	0.04102	0.68023	0.02260	0.03432	0.01842	0.02930	0.02511	0.01674	0.02511	0.01423	0.01674	0.01005	0.00753	0.00753	0.00251	0.01172	0.00586	0.00335	0.01172
20	0.01017	0.00740	0.00972	0.01097	0.01191	0.00676	0.00748	0.01191	0.01600	0.02172	0.10658	0.61234	0.05266	0.02298	0.00982	0.00304	0.00458	0.02078	0.00737	0.04583
21	0.01566	0.01480	0.02503	0.60543	0.14606	0.01780	0.02237	0.02086	0.01618	0.02110	0.01422	0.02092	0.01087	0.00780	0.00792	0.00260	0.01040	0.00705	0.00358	0.00936
22	0.01749	0.01676	0.02863	0.31877	0.35419	0.01800	0.05174	0.02248	0.01709	0.02353	0.01459	0.02019	0.01167	0.00735	0.00786	0.00243	0.00992	0.00705	0.00380	0.04645
23	0.01778	0.01904	0.03996	0.12710	0.04040	0.01852	0.49526	0.02376	0.01791	0.02453	0.01627	0.02193	0.01237	0.00770	0.00964	0.02791	0.01218	0.00883	0.04893	0.00999
24	0.01522	0.01444	0.02384	0.63077	0.05107	0.01832	0.02153	0.02014	0.01547	0.02014	0.01371	0.02074	0.01055	0.00855	0.00983	0.00273	0.08361	0.00704	0.00352	0.00879
25	0.01644	0.01409	0.01644	0.01175	0.01879	0.01057	0.00940	0.01997	0.01644	0.02584	0.01409	0.01644	0.01175	0.00587	0.00587	0.00117	0.00587	0.00470	0.00470	0.76979
26	0.01880	0.01800	0.03069	0.16519	0.56181	0.01862	0.02392	0.02361	0.01766	0.02490	0.01477	0.01990	0.01221	0.00722	0.00786	0.00241	0.00963	0.00706	0.00385	0.01189
27	0.00966	0.00690	0.00920	0.01104	0.01150	0.00644	0.00736	0.01104	0.01518	0.02024	0.04371	0.71614	0.05245	0.02484	0.01012	0.00322	0.00460	0.02254	0.00736	0.00644
28	0.01945	0.01866	0.03187	0.07322	0.64867	0.01880	0.02425	0.02418	0.01797	0.02569	0.01489	0.01968	0.01249	0.00710	0.00785	0.00237	0.00946	0.00706	0.00391	0.01242
29	0.01963	0.01884	0.03219	0.04867	0.67185	0.01884	0.02434	0.02434	0.01806	0.02591	0.01492	0.01963	0.01256	0.00707	0.00785	0.00236	0.00942	0.00707	0.00393	0.01256
30	0.00966	0.00690	0.00920	0.01104	0.01150	0.00644	0.00736	0.01104	0.01518	0.02024	0.04371	0.71614	0.05245	0.02484	0.01012	0.00322	0.00460	0.02254	0.00736	0.00644
31	0.01907	0.01805	0.02993	0.04436	0.59077	0.01820	0.02259	0.02479	0.06102	0.02608	0.01771	0.05949	0.01559	0.00831	0.00799	0.00243	0.00894	0.00806	0.00440	0.01222
32	0.01921	0.01842	0.03144	0.10711	0.61666	0.01873	0.02413	0.02397	0.01786	0.02540	0.01484	0.01976	0.01238	0.00714	0.00786	0.00238	0.00952	0.00706	0.00389	0.01223
33	0.00981	0.00702	0.00934	0.01094	0.01154	0.00654	0.00737	0.01142	0.01588	0.02136	0.10407	0.65259	0.05461	0.02401	0.01005	0.00315	0.00452	0.02175	0.00749	0.00654
34	0.00966	0.00690	0.00920	0.01104	0.01150	0.00644	0.00736	0.01104	0.01518	0.02024	0.04371	0.71614	0.05245	0.02484	0.01012	0.00322	0.00460	0.02254	0.00736	0.00644
35	0.01355	0.00990	0.01372	0.05327	0.01869	0.01018	0.01311	0.04595	0.01885	0.02458	0.03943	0.11690	0.04253	0.02070	0.01059	0.00351	0.00740	0.52239	0.00712	0.00763
36	0.01590	0.04102	0.68023	0.02260	0.03432	0.01842	0.02930	0.02511	0.01674	0.02511	0.01423	0.01674	0.01005	0.00753	0.00753	0.00251	0.01172	0.00586	0.00335	0.01172
37	0.02655	0.03086	0.02282	0.08575	0.07004	0.46857	0.01621	0.09616	0.02260	0.02321	0.01388	0.01681	0.01133	0.01126	0.04772	0.00279	0.01342	0.00584	0.00445	0.00973
38	0.01612	0.01376	0.01610	0.01171	0.01845	0.01038	0.00930	0.01955	0.01638	0.02558	0.01549	0.04937	0.01366	0.00677	0.00607	0.00127	0.00581	0.00554	0.00482	0.73387
39	0.01133	0.00850	0.01274	0.01274	0.01416	0.00991	0.00991	0.01416	0.01274	0.01841	0.02124	0.03115	0.01982	0.05947	0.68989	0.01274	0.02124	0.00850	0.00425	0.00708
40	0.01954	0.11942	0.41198	0.01922	0.02834	0.01898	0.02231	0.06093	0.05308	0.10303	0.01875	0.05762	0.01454	0.00897	0.00748	0.00244	0.00986	0.00708	0.00485	0.01158
41	0.77733	0.01534	0.01166	0.01043	0.01534	0.01779	0.00859	0.02331	0.01350	0.03558	0.01104	0.01288	0.00859	0.00736	0.00491	0.00245	0.00613	0.00429	0.00491	0.00859
42	0.01572	0.01331	0.01566	0.01161	0.01795	0.01014	0.00916	0.01911	0.01667	0.02577	0.04971	0.06545	0.01771	0.00767	0.00634	0.00138	0.00568	0.00639	0.00508	0.67950
43	0.02352	0.01494	0.05578	0.01376	0.01957	0.01206	0.01159	0.05030	0.06844	0.27637	0.02652	0.12205	0.02153	0.01071	0.00763	0.00220	0.00650	0.00900	0.00734	0.24020
44	0.05705	0.00834	0.01000	0.01034	0.01221	0.00773	0.00746	0.01451	0.01773	0.06777	0.17926	0.35289	0.18551	0.01997	0.00935	0.00285	0.00453	0.01752	0.00767	0.00731

[dist]
# distance from previous block
# <min> <max>
5	8

[block]
# block no. 2 follows, 24 sequences, length 98
# corresponding to MSA columns:
# 169-266
name=unknown_C
#
# <colnr> <probs for GDERKNQSTAVLIFYWHMCP>
#	G	D	E	R	K	N	Q	S	T	A	V	L	I	F	Y	W	H	M	C	P
0	0.02195	0.01769	0.01860	0.01639	0.04776	0.07727	0.01230	0.03377	0.30461	0.12057	0.02452	0.02375	0.01833	0.00887	0.00735	0.00216	0.00710	0.00721	0.00684	0.22297
1	0.07598	0.03596	0.53481	0.02251	0.06457	0.01876	0.02603	0.05712	0.04369	0.02756	0.01500	0.01723	0.01081	0.00773	0.00739	0.00250	0.01079	0.00599	0.00392	0.01164
2	0.05744	0.02926	0.05515	0.01884	0.02351	0.40744	0.05252	0.05544	0.02079	0.02287	0.01697	0.10336	0.01584	0.00996	0.00750	0.00221	0.01152	0.00762	0.00472	0.07704
3	0.05538	0.01580	0.02594	0.36012	0.24104	0.01770	0.05005	0.02264	0.04444	0.02381	0.01678	0.02479	0.01389	0.00855	0.00801	0.00261	0.00973	0.04442	0.00417	0.01013
4	0.01156	0.00875	0.01268	0.01260	0.01376	0.01018	0.00959	0.01397	0.01269	0.01819	0.02209	0.06126	0.02173	0.12770	0.56081	0.01138	0.05046	0.00934	0.00440	0.00688
5	0.02157	0.01737	0.01854	0.01625	0.02100	0.01980	0.01276	0.10238	0.56317	0.06756	0.03090	0.02840	0.02290	0.01059	0.00805	0.00265	0.00655	0.00873	0.00814	0.01269
6	0.01320	0.00961	0.01309	0.01470	0.01669	0.00977	0.01276	0.01800	0.05727	0.02431	0.04139	0.08580	0.04433	0.02123	0.01078	0.00359	0.00724	0.58127	0.00735	0.00762
7	0.09029	0.08531	0.30106	0.02282	0.03149	0.01900	0.20989	0.02511	0.01710	0.06502	0.01576	0.01972	0.01198	0.04062	0.00920	0.00273	0.01093	0.00703	0.00416	0.01077
8	0.02120	0.72609	0.04155	0.01357	0.02035	0.03138	0.01357	0.02374	0.01611	0.01866	0.01102	0.01272	0.01018	0.00678	0.00509	0.00170	0.00848	0.00424	0.00339	0.01018
9	0.00975	0.00694	0.00918	0.01093	0.01137	0.00650	0.00724	0.01106	0.01501	0.02001	0.04282	0.68467	0.05133	0.05784	0.01155	0.00343	0.00475	0.02202	0.00724	0.00636
10	0.01013	0.00765	0.01113	0.01219	0.01304	0.00714	0.04004	0.01178	0.01536	0.02051	0.04228	0.68042	0.05037	0.02391	0.01008	0.00319	0.00505	0.02187	0.00719	0.00666
11	0.01751	0.17057	0.53042	0.02080	0.03125	0.05035	0.02571	0.02514	0.01687	0.02364	0.01354	0.01587	0.01008	0.00742	0.00705	0.00234	0.01122	0.00552	0.00339	0.01132
12	0.01607	0.01472	0.02317	0.60389	0.04989	0.01811	0.02076	0.04706	0.08360	0.02277	0.01618	0.02194	0.01211	0.00829	0.00794	0.00264	0.01005	0.00725	0.00417	0.00938
13	0.00937	0.00803	0.00803	0.00803	0.01071	0.00669	0.00602	0.01138	0.01807	0.02142	0.08033	0.07632	0.66863	0.02008	0.00937	0.00268	0.00402	0.01674	0.00736	0.00669
14	0.01872	0.02139	0.04679	0.03342	0.04144	0.02005	0.64305	0.02540	0.01872	0.02540	0.01604	0.02139	0.01203	0.00668	0.00936	0.00267	0.01337	0.00936	0.00401	0.01070
15	0.06928	0.01398	0.01834	0.01413	0.02022	0.01254	0.01167	0.06611	0.02295	0.61884	0.02979	0.02598	0.01884	0.00969	0.00783	0.00245	0.00681	0.00777	0.00950	0.01327
16	0.03014	0.02221	0.02380	0.01825	0.02459	0.02459	0.01507	0.64541	0.03728	0.04998	0.01904	0.01904	0.01349	0.00952	0.00793	0.00238	0.00873	0.00714	0.00793	0.01349
17	0.01664	0.03213	0.43705	0.11635	0.12848	0.01851	0.05485	0.02525	0.04985	0.02501	0.01532	0.01861	0.01130	0.00765	0.00774	0.00252	0.01103	0.00651	0.00373	0.01145
18	0.01725	0.06272	0.45176	0.02466	0.11923	0.01781	0.04595	0.02469	0.01774	0.05596	0.07281	0.02136	0.01664	0.00828	0.00771	0.00246	0.01038	0.00692	0.00423	0.01144
19	0.01590	0.04102	0.68023	0.02260	0.03432	0.01842	0.02930	0.02511	0.01674	0.02511	0.01423	0.01674	0.01005	0.00753	0.00753	0.00251	0.01172	0.00586	0.00335	0.01172
20	0.00947	0.00764	0.00844	0.00908	0.01099	0.00661	0.00649	0.01126	0.01707	0.02101	0.06759	0.29887	0.45430	0.02174	0.00963	0.00287	0.00422	0.01876	0.00736	0.00661
21	0.01665	0.02221	0.19637	0.05473	0.35091	0.01630	0.02190	0.02198	0.01746	0.02488	0.05956	0.05423	0.05141	0.04588	0.00970	0.00274	0.00915	0.00854	0.00441	0.01097
22	0.02899	0.07798	0.02150	0.01581	0.02145	0.07529	0.01293	0.14111	0.18256	0.29854	0.02611	0.02400	0.01812	0.00960	0.00768	0.00240	0.00776	0.00752	0.00803	0.01261
23	0.01896	0.01983	0.02855	0.02309	0.02554	0.08139	0.15480	0.04592	0.01552	0.02169	0.01265	0.01867	0.01130	0.01370	0.05036	0.00355	0.43394	0.00739	0.00385	0.00928
24	0.00966	0.00690	0.00920	0.01104	0.01150	0.00644	0.00736	0.01104	0.01518	0.02024	0.04371	0.71614	0.05245	0.02484	0.01012	0.00322	0.00460	0.02254	0.00736	0.00644
25	0.04703	0.05191	0.24753	0.02793	0.12265	0.01887	0.22661	0.02389	0.01767	0.02574	0.06653	0.02179	0.01617	0.00814	0.00899	0.00255	0.04323	0.00778	0.00414	0.01084
26	0.05712	0.04844	0.02090	0.01803	0.05207	0.13795	0.05115	0.03300	0.26501	0.11158	0.05016	0.02875	0.07072	0.01035	0.00784	0.00247	0.00818	0.00846	0.00677	0.01105
27	0.00967	0.00804	0.00844	0.00834	0.01089	0.00682	0.00626	0.01195	0.01877	0.02308	0.17427	0.07358	0.57366	0.01946	0.00937	0.00265	0.00397	0.01635	0.00758	0.00682
28	0.01809	0.06145	0.02527	0.02036	0.02094	0.05239	0.01703	0.01989	0.01282	0.01907	0.01052	0.01694	0.01039	0.01321	0.02396	0.00330	0.63538	0.00670	0.00349	0.00879
29	0.03441	0.01324	0.01803	0.01391	0.01984	0.01145	0.01145	0.03751	0.02268	0.64633	0.06186	0.02854	0.02228	0.01012	0.00804	0.00246	0.00660	0.00828	0.00976	0.01321
30	0.01478	0.00739	0.00739	0.00739	0.00924	0.00739	0.00554	0.01848	0.01663	0.02956	0.02587	0.02956	0.02033	0.00924	0.00554	0.00185	0.00370	0.00739	0.76534	0.00739
31	0.01803	0.03001	0.30660	0.05070	0.06691	0.05366	0.30796	0.02539	0.01797	0.02483	0.01498	0.01901	0.01109	0.00717	0.00837	0.00256	0.01246	0.00751	0.00372	0.01107
32	0.00944	0.00804	0.00813	0.00810	0.01075	0.00672	0.00608	0.01151	0.01824	0.02180	0.10192	0.07569	0.64680	0.01994	0.00937	0.00267	0.00401	0.01665	0.00741	0.00672
33	0.06084	0.54664	0.08319	0.01499	0.02166	0.11944	0.01468	0.02490	0.01689	0.02009	0.01142	0.01323	0.01009	0.00706	0.00554	0.00184	0.00939	0.00448	0.00356	0.01007
34	0.77733	0.01534	0.01166	0.01043	0.01534	0.01779	0.00859	0.02331	0.01350	0.03558	0.01104	0.01288	0.00859	0.00736	0.00491	0.00245	0.00613	0.00429	0.00491	0.00859
35	0.01198	0.00815	0.01103	0.01103	0.01225	0.00905	0.00818	0.01444	0.01321	0.01983	0.02276	0.03474	0.02159	0.17399	0.44671	0.00986	0.01558	0.00887	0.14004	0.00671
36	0.01364	0.00689	0.01029	0.01035	0.01037	0.00687	0.00690	0.01035	0.01049	0.01399	0.01477	0.04724	0.01507	0.02746	0.03029	0.74368	0.00681	0.00741	0.00357	0.00354
37	0.01497	0.01381	0.02310	0.67308	0.05271	0.01719	0.02133	0.02019	0.01589	0.02065	0.01459	0.02150	0.01098	0.00798	0.00783	0.00261	0.01028	0.00706	0.03551	0.00875
38	0.04273	0.00844	0.00977	0.00978	0.01205	0.00773	0.00754	0.01382	0.01943	0.02617	0.29419	0.09855	0.31350	0.01852	0.00940	0.00274	0.00441	0.08632	0.00777	0.00713
39	0.00966	0.00690	0.00920	0.01104	0.01150	0.00644	0.00736	0.01104	0.01518	0.02024	0.04371	0.71614	0.05245	0.02484	0.01012	0.00322	0.00460	0.02254	0.00736	0.00644
40	0.02151	0.66694	0.07031	0.01401	0.02100	0.03002	0.01423	0.02438	0.01639	0.04423	0.01195	0.01345	0.01053	0.00694	0.00531	0.00176	0.00856	0.00446	0.00364	0.01038
41	0.01322	0.00903	0.01010	0.00965	0.01027	0.00924	0.00587	0.07150	0.01411	0.01883	0.02513	0.07378	0.02827	0.62774	0.03615	0.00702	0.00767	0.01153	0.00520	0.00569
42	0.02097	0.69599	0.06961	0.01397	0.02097	0.03081	0.01426	0.02381	0.01614	0.01894	0.01117	0.01290	0.01017	0.00682	0.00520	0.00173	0.00862	0.00431	0.00339	0.01024
43	0.01133	0.00850	0.01274	0.01274	0.01416	0.00991	0.00991	0.01416	0.01274	0.01841	0.02124	0.03115	0.01982	0.05947	0.68989	0.01274	0.02124	0.00850	0.00425	0.00708
44	0.01616	0.07348	0.64997	0.02217	0.03366	0.01903	0.02855	0.02505	0.01671	0.02481	0.01408	0.01655	0.01005	0.00750	0.00742	0.00247	0.01157	0.00578	0.00335	0.01165
45	0.01205	0.00872	0.01187	0.01355	0.01525	0.00855	0.01145	0.01525	0.01781	0.02305	0.04549	0.17580	0.09969	0.02216	0.01070	0.00351	0.00664	0.48400	0.00732	0.00713
46	0.01963	0.01884	0.03219	0.04867	0.67185	0.01884	0.02434	0.02434	0.01806	0.02591	0.01492	0.01963	0.01256	0.00707	0.00785	0.00236	0.00942	0.00707	0.00393	0.01256
47	0.00966	0.00690	0.00920	0.01104	0.01150	0.00644	0.00736	0.01104	0.01518	0.02024	0.04371	0.71614	0.05245	0.02484	0.01012	0.00322	0.00460	0.02254	0.00736	0.00644
48	0.00966	0.00690	0.00920	0.01104	0.01150	0.00644	0.00736	0.01104	0.01518	0.02024	0.04371	0.71614	0.05245	0.02484	0.01012	0.00322	0.00460	0.02254	0.00736	0.00644
49	0.71783	0.01588	0.01262	0.01105	0.01607	0.01833	0.00910	0.07284	0.01539	0.03672	0.01168	0.01337	0.00898	0.00753	0.00515	0.00245	0.00634	0.00452	0.00515	0.00898
50	0.01705	0.01686	0.02349	0.02020	0.02020	0.02345	0.01671	0.01870	0.01211	0.01890	0.01115	0.01910	0.01134	0.04980	0.02675	0.00368	0.67131	0.00717	0.00354	0.00848
51	0.01120	0.00814	0.01057	0.01008	0.01198	0.00751	0.00763	0.01485	0.02206	0.03097	0.61343	0.06131	0.10213	0.01663	0.00942	0.00255	0.00390	0.03958	0.00860	0.00744
52	0.02021	0.01728	0.01820	0.01624	0.02081	0.01995	0.01267	0.07027	0.62860	0.03396	0.03166	0.02909	0.02371	0.01070	0.00806	0.00268	0.00639	0.00888	0.00806	0.01260
53	0.01872	0.02139	0.04679	0.03342	0.04144	0.02005	0.64305	0.02540	0.01872	0.02540	0.01604	0.02139	0.01203	0.00668	0.00936	0.00267	0.01337	0.00936	0.00401	0.01070
54	0.00966	0.00690	0.00920	0.01104	0.01150	0.00644	0.00736	0.01104	0.01518	0.02024	0.04371	0.71614	0.05245	0.02484	0.01012	0.00322	0.00460	0.02254	0.00736	0.00644
55	0.01122	0.00811	0.01060	0.00998	0.01185	0.00748	0.00748	0.01496	0.02245	0.03180	0.66766	0.05923	0.07482	0.01621	0.00935	0.00249	0.00374	0.01434	0.00873	0.00748
56	0.02120	0.72609	0.04155	0.01357	0.02035	0.03138	0.01357	0.02374	0.01611	0.01866	0.01102	0.01272	0.01018	0.00678	0.00509	0.00170	0.00848	0.00424	0.00339	0.01018
57	0.03014	0.02221	0.02380	0.01825	0.02459	0.02459	0.01507	0.64541	0.03728	0.04998	0.01904	0.01904	0.01349	0.00952	0.00793	0.00238	0.00873	0.00714	0.00793	0.01349
58	0.01590	0.04102	0.68023	0.02260	0.03432	0.01842	0.02930	0.02511	0.01674	0.02511	0.01423	0.01674	0.01005	0.00753	0.00753	0.00251	0.01172	0.00586	0.00335	0.01172
59	0.03014	0.02221	0.02380	0.01825	0.02459	0.02459	0.01507	0.64541	0.03728	0.04998	0.01904	0.01904	0.01349	0.00952	0.00793	0.00238	0.00873	0.00714	0.00793	0.01349
60	0.01377	0.00689	0.01033	0.01033	0.01033	0.00689	0.00689	0.01033	0.01033	0.01377	0.01377	0.02410	0.01377	0.02755	0.03099	0.76928	0.00689	0.00689	0.00344	0.00344
61	0.02941	0.02093	0.02282	0.01742	0.02381	0.02253	0.01437	0.55128	0.03455	0.09265	0.01951	0.01939	0.01378	0.00924	0.00777	0.00229	0.00835	0.00700	0.00780	0.07510
62	0.01148	0.00766	0.00859	0.00867	0.00890	0.00757	0.00501	0.01180	0.01223	0.01650	0.02854	0.08251	0.06028	0.62496	0.03598	0.00699	0.00720	0.01211	0.03792	0.00508
63	0.06671	0.08678	0.02424	0.01829	0.02361	0.25476	0.01478	0.32795	0.02832	0.03499	0.01532	0.01650	0.01172	0.00886	0.00787	0.00225	0.03380	0.00604	0.00591	0.01131
64	0.01841	0.01918	0.06995	0.18645	0.50132	0.01855	0.02415	0.02351	0.01751	0.02465	0.01470	0.01977	0.01198	0.00728	0.00785	0.00243	0.00981	0.00699	0.00380	0.01171
65	0.01384	0.01000	0.01242	0.01171	0.01377	0.00902	0.00859	0.01673	0.02362	0.03356	0.64293	0.06089	0.07454	0.01751	0.01030	0.00294	0.00468	0.01478	0.00939	0.00878
66	0.01692	0.01438	0.01670	0.01197	0.01900	0.01106	0.00959	0.04180	0.01717	0.02668	0.01427	0.01653	0.01181	0.00600	0.00594	0.00122	0.00597	0.00478	0.00481	0.74339
67	0.00988	0.00719	0.00980	0.03918	0.01326	0.00690	0.00796	0.01142	0.01521	0.02024	0.04250	0.68784	0.05074	0.02415	0.01003	0.00320	0.00484	0.02191	0.00720	0.00654
68	0.05421	0.05673	0.06124	0.08947	0.05563	0.02129	0.28472	0.15905	0.06076	0.03059	0.01673	0.02016	0.01259	0.00798	0.00884	0.00256	0.03344	0.00786	0.00502	0.01115
69	0.01747	0.04443	0.01663	0.01406	0.01777	0.04720	0.01099	0.05854	0.33599	0.03088	0.19699	0.03830	0.07471	0.01487	0.04292	0.00306	0.00682	0.01035	0.00762	0.01039
70	0.02248	0.01505	0.01587	0.01308	0.01724	0.01634	0.01051	0.32419	0.05745	0.03965	0.02286	0.02445	0.01719	0.00945	0.00683	0.00215	0.00626	0.00734	0.36099	0.01060
71	0.00966	0.00690	0.00920	0.01104	0.01150	0.00644	0.00736	0.01104	0.01518	0.02024	0.04371	0.71614	0.05245	0.02484	0.01012	0.00322	0.00460	0.02254	0.00736	0.00644
72	0.01668	0.08309	0.54161	0.02366	0.03449	0.01952	0.12187	0.02507	0.01700	0.02473	0.01430	0.01719	0.01036	0.00736	0.00765	0.00248	0.01176	0.00629	0.00345	0.01146
73	0.01590	0.04102	0.68023	0.02260	0.03432	0.01842	0.02930	0.02511	0.01674	0.02511	0.01423	0.01674	0.01005	0.00753	0.00753	0.00251	0.01172	0.00586	0.00335	0.01172
74	0.00966	0.00690	0.00920	0.01104	0.01150	0.00644	0.00736	0.01104	0.01518	0.02024	0.04371	0.71614	0.05245	0.02484	0.01012	0.00322	0.00460	0.02254	0.00736	0.00644
75	0.33062	0.01559	0.04724	0.01296	0.01862	0.01473	0.01116	0.05563	0.01931	0.32295	0.06067	0.02247	0.01785	0.00910	0.00680	0.00246	0.00664	0.00675	0.00739	0.01107
76	0.06388	0.01480	0.01704	0.04250	0.02060	0.01241	0.01034	0.06865	0.01785	0.02806	0.01429	0.01663	0.01164	0.00634	0.00606	0.00141	0.00632	0.00497	0.00491	0.63129
77	0.00966	0.00690	0.00920	0.01104	0.01150	0.00644	0.00736	0.01104	0.01518	0.02024	0.04371	0.71614	0.05245	0.02484	0.01012	0.00322	0.00460	0.02254	0.00736	0.00644
78	0.01590	0.04102	0.68023	0.02260	0.03432	0.01842	0.02930	0.02511	0.01674	0.02511	0.01423	0.01674	0.01005	0.00753	0.00753	0.00251	0.01172	0.00586	0.00335	0.01172
79	0.01644	0.01409	0.01644	0.01175	0.01879	0.01057	0.00940	0.01997	0.01644	0.02584	0.01409	0.01644	0.01175	0.00587	0.00587	0.00117	0.00587	0.00470	0.00470	0.76979
80	0.01755	0.01749	0.05225	0.29196	0.31678	0.01802	0.02178	0.02426	0.07707	0.02440	0.01616	0.02086	0.01275	0.00770	0.00779	0.00244	0.00947	0.00707	0.00418	0.05003
81	0.02161	0.05443	0.41390	0.02124	0.03090	0.01724	0.09149	0.02869	0.01852	0.19784	0.01884	0.01984	0.01281	0.00802	0.00777	0.00249	0.01047	0.00675	0.00514	0.01203
82	0.01278	0.00913	0.01278	0.01460	0.01643	0.00913	0.01278	0.01643	0.01825	0.02373	0.04199	0.08945	0.04564	0.02191	0.01095	0.00365	0.00730	0.61847	0.00730	0.00730
83	0.00937	0.00803	0.00803	0.00803	0.01071	0.00669	0.00602	0.01138	0.01807	0.02142	0.08033	0.07632	0.66863	0.02008	0.00937	0.00268	0.00402	0.01674	0.00736	0.00669
84	0.01590	0.04102	0.68023	0.02260	0.03432	0.01842	0.02930	0.02511	0.01674	0.02511	0.01423	0.01674	0.01005	0.00753	0.00753	0.00251	0.01172	0.00586	0.00335	0.01172
85	0.01735	0.01735	0.02429	0.02082	0.02082	0.02429	0.01735	0.01908	0.01214	0.01908	0.01041	0.01735	0.01041	0.01388	0.02602	0.00347	0.70680	0.00694	0.00347	0.00867
86	0.01478	0.00739	0.00739	0.00739	0.00924	0.00739	0.00554	0.01848	0.01663	0.02956	0.02587	0.02956	0.02033	0.00924	0.00554	0.00185	0.00370	0.00739	0.76534	0.00739
87	0.00966	0.00690	0.00920	0.01104	0.01150	0.00644	0.00736	0.01104	0.01518	0.02024	0.04371	0.71614	0.05245	0.02484	0.01012	0.00322	0.00460	0.02254	0.00736	0.00644
88	0.02967	0.03646	0.02259	0.02024	0.02452	0.63251	0.01530	0.08425	0.02374	0.02203	0.01284	0.01471	0.01049	0.00829	0.00722	0.00207	0.01382	0.00528	0.00442	0.00956
89	0.01478	0.00739	0.00739	0.00739	0.00924	0.00739	0.00554	0.01848	0.01663	0.02956	0.02587	0.02956	0.02033	0.00924	0.00554	0.00185	0.00370	0.00739	0.76534	0.00739
90	0.01133	0.00850	0.01274	0.01274	0.01416	0.00991	0.00991	0.01416	0.01274	0.01841	0.02124	0.03115	0.01982	0.05947	0.68989	0.01274	0.02124	0.00850	0.00425	0.00708
91	0.77733	0.01534	0.01166	0.01043	0.01534	0.01779	0.00859	0.02331	0.01350	0.03558	0.01104	0.01288	0.00859	0.00736	0.00491	0.00245	0.00613	0.00429	0.00491	0.00859
