[name]
unknown

[dist]
# distance from previous block
# <min> <max>
0	76

[block]
# block no. 0 follows, 24 sequences, length 85
# corresponding to MSA columns:
# 76-160
name=unknown_A
#
# <colnr> <probs for GDERKNQSTAVLIFYWHMCP>
#	G	D	E	R	K	N	Q	S	T	A	V	L	I	F	Y	W	H	M	C	P
0	0.02648	0.01945	0.02147	0.01748	0.02287	0.02133	0.01459	0.51275	0.03327	0.04444	0.02388	0.03389	0.02027	0.01213	0.00857	0.00265	0.00843	0.13608	0.00780	0.01218
1	0.03014	0.02221	0.02380	0.01825	0.02459	0.02459	0.01507	0.64541	0.03728	0.04998	0.01904	0.01904	0.01349	0.00952	0.00793	0.00238	0.00873	0.00714	0.00793	0.01349
2	0.02961	0.01401	0.01787	0.01398	0.01961	0.01274	0.01135	0.11742	0.02355	0.43850	0.06808	0.07054	0.02345	0.01070	0.00796	0.00236	0.00660	0.00883	0.00878	0.09405
3	0.01805	0.02188	0.10701	0.02796	0.03482	0.01950	0.41845	0.05190	0.01868	0.02582	0.04529	0.02426	0.04287	0.00876	0.01114	0.00273	0.09698	0.00912	0.00440	0.01038
4	0.34976	0.01845	0.01839	0.01492	0.02010	0.02106	0.01233	0.29748	0.02427	0.06986	0.01543	0.01662	0.01140	0.00898	0.00818	0.00251	0.06702	0.00594	0.00634	0.01098
5	0.22149	0.02244	0.18720	0.20746	0.08972	0.01827	0.09846	0.02328	0.01599	0.02672	0.01362	0.01773	0.01026	0.00745	0.00719	0.00254	0.00991	0.00630	0.00395	0.01003
6	0.02120	0.72609	0.04155	0.01357	0.02035	0.03138	0.01357	0.02374	0.01611	0.01866	0.01102	0.01272	0.01018	0.00678	0.00509	0.00170	0.00848	0.00424	0.00339	0.01018
7	0.01024	0.00836	0.00889	0.00894	0.01137	0.00732	0.00662	0.03369	0.01854	0.02277	0.10271	0.16968	0.52266	0.02023	0.00943	0.00274	0.00426	0.01715	0.00745	0.00693
8	0.02913	0.02082	0.02267	0.01740	0.02372	0.02247	0.01432	0.53549	0.05609	0.09091	0.01997	0.01976	0.01415	0.00931	0.00778	0.00230	0.00829	0.00708	0.00782	0.07054
9	0.27369	0.28561	0.10878	0.01460	0.02115	0.07000	0.01416	0.08637	0.01787	0.02828	0.01232	0.01402	0.00996	0.00744	0.00576	0.00214	0.00853	0.00481	0.00439	0.01010
10	0.01133	0.00850	0.01274	0.01274	0.01416	0.00991	0.00991	0.01416	0.01274	0.01841	0.02124	0.03115	0.01982	0.05947	0.68989	0.01274	0.02124	0.00850	0.00425	0.00708
11	0.01730	0.01735	0.02500	0.04801	0.02282	0.02389	0.03786	0.01934	0.01250	0.01934	0.01074	0.01763	0.01047	0.01341	0.02477	0.00341	0.65691	0.00702	0.00349	0.00875
12	0.01074	0.00864	0.00966	0.01061	0.01179	0.03638	0.00731	0.01244	0.01662	0.02137	0.11356	0.45399	0.17217	0.06200	0.01149	0.00324	0.00499	0.01916	0.00722	0.00663
13	0.03014	0.02221	0.02380	0.01825	0.02459	0.02459	0.01507	0.64541	0.03728	0.04998	0.01904	0.01904	0.01349	0.00952	0.00793	0.00238	0.00873	0.00714	0.00793	0.01349
14	0.01122	0.00811	0.01060	0.00998	0.01185	0.00748	0.00748	0.01496	0.02245	0.03180	0.66766	0.05923	0.07482	0.01621	0.00935	0.00249	0.00374	0.01434	0.00873	0.00748
15	0.01112	0.00810	0.01046	0.00987	0.01179	0.00744	0.00740	0.01477	0.02221	0.03125	0.63640	0.06014	0.10643	0.01642	0.00935	0.00250	0.00376	0.01447	0.00866	0.00744
16	0.01445	0.01348	0.02286	0.58909	0.04868	0.01631	0.04459	0.01930	0.01588	0.02046	0.01789	0.10850	0.01589	0.01001	0.00826	0.00272	0.00993	0.00909	0.00403	0.00859
17	0.02861	0.16143	0.02573	0.01848	0.02339	0.46482	0.01467	0.07319	0.02234	0.07722	0.01411	0.01541	0.01123	0.00815	0.00689	0.00204	0.01220	0.00533	0.00471	0.01004
18	0.01644	0.01409	0.01644	0.01175	0.01879	0.01057	0.00940	0.01997	0.01644	0.02584	0.01409	0.01644	0.01175	0.00587	0.00587	0.00117	0.00587	0.00470	0.00470	0.76979
19	0.01732	0.01407	0.01653	0.01185	0.01886	0.01062	0.00950	0.02082	0.01673	0.05563	0.01488	0.01693	0.01211	0.00605	0.00597	0.00123	0.00591	0.00485	0.00493	0.73521
20	0.55894	0.01612	0.04186	0.01195	0.01739	0.01662	0.01028	0.02736	0.04271	0.16821	0.01627	0.01668	0.01160	0.00802	0.00579	0.00247	0.00651	0.00532	0.00599	0.00991
21	0.01377	0.00689	0.01033	0.01033	0.01033	0.00689	0.00689	0.01033	0.01033	0.01377	0.01377	0.02410	0.01377	0.02755	0.03099	0.76928	0.00689	0.00689	0.00344	0.00344
22	0.01590	0.04102	0.68023	0.02260	0.03432	0.01842	0.02930	0.02511	0.01674	0.02511	0.01423	0.01674	0.01005	0.00753	0.00753	0.00251	0.01172	0.00586	0.00335	0.01172
23	0.01216	0.00832	0.01084	0.01008	0.01215	0.00763	0.00761	0.01582	0.02231	0.05800	0.62236	0.05847	0.09191	0.01607	0.00930	0.00250	0.00387	0.01416	0.00873	0.00770
24	0.64757	0.01425	0.01143	0.01021	0.01479	0.01620	0.00835	0.02340	0.01431	0.06417	0.01383	0.01562	0.01057	0.00771	0.00513	0.00238	0.00586	0.00485	0.10071	0.00866
25	0.00992	0.00775	0.00900	0.00934	0.01121	0.00683	0.00676	0.01221	0.01841	0.02376	0.22077	0.24440	0.35058	0.02038	0.00957	0.00278	0.00410	0.01769	0.00771	0.00683
26	0.01137	0.00833	0.01188	0.01188	0.01300	0.00944	0.00884	0.01361	0.01249	0.01777	0.02203	0.03552	0.02172	0.19883	0.55313	0.01168	0.01839	0.00914	0.00437	0.00660
27	0.01046	0.00752	0.00992	0.01049	0.01168	0.00698	0.00742	0.01306	0.01892	0.02618	0.36449	0.37842	0.06395	0.02041	0.00973	0.00285	0.00416	0.01833	0.00806	0.00698
28	0.01654	0.00944	0.01223	0.01130	0.01381	0.00880	0.00844	0.02039	0.05283	0.16584	0.33382	0.18309	0.05312	0.06014	0.01108	0.00297	0.00493	0.01419	0.00841	0.00864
29	0.77733	0.01534	0.01166	0.01043	0.01534	0.01779	0.00859	0.02331	0.01350	0.03558	0.01104	0.01288	0.00859	0.00736	0.00491	0.00245	0.00613	0.00429	0.00491	0.00859
30	0.01153	0.00769	0.00865	0.00865	0.00865	0.00769	0.00480	0.01153	0.01153	0.01538	0.02499	0.05189	0.02883	0.72131	0.04036	0.00769	0.00769	0.01153	0.00480	0.00480
31	0.01035	0.00724	0.00924	0.01056	0.01096	0.00693	0.00693	0.01147	0.01432	0.01907	0.03837	0.49669	0.04547	0.21981	0.01864	0.00449	0.00561	0.05118	0.00664	0.00603
32	0.01305	0.00961	0.01168	0.01110	0.01344	0.00947	0.00832	0.01946	0.12739	0.04971	0.41693	0.13347	0.11258	0.01647	0.00919	0.00263	0.00438	0.01443	0.00837	0.00832
33	0.00966	0.00690	0.00920	0.01104	0.01150	0.00644	0.00736	0.01104	0.01518	0.02024	0.04371	0.71614	0.05245	0.02484	0.01012	0.00322	0.00460	0.02254	0.00736	0.00644
34	0.00990	0.00700	0.00913	0.01074	0.01114	0.00660	0.00704	0.01110	0.01472	0.01963	0.04135	0.63265	0.04948	0.11238	0.01392	0.00378	0.00499	0.02116	0.00704	0.00624
35	0.44135	0.01344	0.01307	0.01139	0.01597	0.01428	0.00933	0.02548	0.01711	0.18847	0.09348	0.02653	0.02135	0.00986	0.00652	0.00251	0.00599	0.04146	0.03288	0.00953
36	0.01632	0.00916	0.01207	0.01106	0.01373	0.00828	0.00847	0.01952	0.02121	0.17110	0.39756	0.13738	0.09055	0.01629	0.00920	0.00262	0.00464	0.03353	0.00868	0.00862
37	0.02383	0.01089	0.01464	0.01211	0.01619	0.00964	0.00964	0.02722	0.02258	0.36589	0.33832	0.04255	0.04626	0.01290	0.00864	0.00247	0.00530	0.01105	0.00929	0.01059
38	0.51718	0.01364	0.01213	0.01065	0.01525	0.01477	0.00865	0.02352	0.01606	0.12933	0.06813	0.02616	0.09777	0.00994	0.00623	0.00248	0.00579	0.00710	0.00621	0.00901
39	0.01030	0.00740	0.00942	0.01024	0.01117	0.00690	0.00697	0.01216	0.01682	0.02274	0.20839	0.41214	0.09783	0.11296	0.01381	0.00357	0.00474	0.01854	0.00739	0.00652
40	0.02962	0.03779	0.02247	0.02043	0.02451	0.68948	0.01532	0.03166	0.02247	0.01941	0.01226	0.01430	0.01021	0.00817	0.00715	0.00204	0.01430	0.00511	0.00409	0.00919
41	0.00954	0.00739	0.00870	0.00974	0.01116	0.00655	0.00678	0.01119	0.01643	0.02075	0.05955	0.43931	0.31905	0.02278	0.00980	0.00299	0.00435	0.02003	0.00736	0.00655
42	0.01377	0.00689	0.01033	0.01033	0.01033	0.00689	0.00689	0.01033	0.01033	0.01377	0.01377	0.02410	0.01377	0.02755	0.03099	0.76928	0.00689	0.00689	0.00344	0.00344
43	0.01934	0.01855	0.03166	0.08930	0.63348	0.01877	0.02419	0.02408	0.01792	0.02556	0.01486	0.01972	0.01244	0.00712	0.00786	0.00237	0.00949	0.00706	0.00390	0.01233
44	0.00966	0.00690	0.00920	0.01104	0.01150	0.00644	0.00736	0.01104	0.01518	0.02024	0.04371	0.71614	0.05245	0.02484	0.01012	0.00322	0.00460	0.02254	0.00736	0.00644
45	0.01369	0.00702	0.01029	0.01029	0.01050	0.00711	0.00699	0.01109	0.01088	0.01507	0.01501	0.02489	0.01457	0.02837	0.07033	0.67350	0.00758	0.00702	0.05190	0.00392
46	0.01907	0.01827	0.03117	0.12746	0.59744	0.01869	0.02406	0.02385	0.01779	0.02523	0.01482	0.01981	0.01232	0.00717	0.00786	0.00239	0.00956	0.00706	0.00388	0.01211
47	0.03014	0.02221	0.02380	0.01825	0.02459	0.02459	0.01507	0.64541	0.03728	0.04998	0.01904	0.01904	0.01349	0.00952	0.00793	0.00238	0.00873	0.00714	0.00793	0.01349
48	0.77733	0.01534	0.01166	0.01043	0.01534	0.01779	0.00859	0.02331	0.01350	0.03558	0.01104	0.01288	0.00859	0.00736	0.00491	0.00245	0.00613	0.00429	0.00491	0.00859
49	0.02353	0.01892	0.02007	0.01691	0.02207	0.02150	0.01347	0.26226	0.43121	0.03930	0.02745	0.02574	0.02029	0.01031	0.00802	0.00258	0.00717	0.00830	0.00802	0.01289
50	0.01152	0.00774	0.00893	0.00893	0.00903	0.00784	0.00516	0.01171	0.01162	0.01559	0.02473	0.05046	0.02821	0.67560	0.08522	0.00804	0.00862	0.01132	0.00477	0.00496
51	0.01644	0.01409	0.01644	0.01175	0.01879	0.01057	0.00940	0.01997	0.01644	0.02584	0.01409	0.01644	0.01175	0.00587	0.00587	0.00117	0.00587	0.00470	0.00470	0.76979
52	0.03001	0.01474	0.01824	0.01482	0.02038	0.01449	0.01197	0.03987	0.24554	0.45122	0.03163	0.02790	0.02124	0.01015	0.00801	0.00254	0.00658	0.00832	0.00920	0.01316
53	0.01644	0.01409	0.01644	0.01175	0.01879	0.01057	0.00940	0.01997	0.01644	0.02584	0.01409	0.01644	0.01175	0.00587	0.00587	0.00117	0.00587	0.00470	0.00470	0.76979
54	0.03014	0.02221	0.02380	0.01825	0.02459	0.02459	0.01507	0.64541	0.03728	0.04998	0.01904	0.01904	0.01349	0.00952	0.00793	0.00238	0.00873	0.00714	0.00793	0.01349
55	0.01644	0.01409	0.01644	0.01175	0.01879	0.01057	0.00940	0.01997	0.01644	0.02584	0.01409	0.01644	0.01175	0.00587	0.00587	0.00117	0.00587	0.00470	0.00470	0.76979
56	0.01148	0.00789	0.00969	0.00969	0.01004	0.00825	0.00610	0.01220	0.01184	0.01614	0.02404	0.04664	0.02655	0.55379	0.20477	0.00897	0.01112	0.01076	0.00466	0.00538
57	0.01644	0.01409	0.01644	0.01175	0.01879	0.01057	0.00940	0.01997	0.01644	0.02584	0.01409	0.01644	0.01175	0.00587	0.00587	0.00117	0.00587	0.00470	0.00470	0.76979
58	0.02962	0.03779	0.02247	0.02043	0.02451	0.68948	0.01532	0.03166	0.02247	0.01941	0.01226	0.01430	0.01021	0.00817	0.00715	0.00204	0.01430	0.00511	0.00409	0.00919
59	0.01150	0.00782	0.00933	0.00933	0.00957	0.00806	0.00566	0.01197	0.01173	0.01588	0.02436	0.04843	0.02732	0.61066	0.14896	0.00853	0.00995	0.01102	0.00471	0.00519
60	0.02116	0.60037	0.03837	0.01484	0.02063	0.06552	0.01414	0.02358	0.01595	0.01875	0.01101	0.01339	0.01021	0.00775	0.00783	0.00194	0.09656	0.00463	0.00344	0.00994
61	0.01192	0.00936	0.01388	0.01354	0.01481	0.01132	0.01064	0.01464	0.01269	0.01847	0.02018	0.02980	0.01890	0.05500	0.62475	0.01183	0.08851	0.00834	0.00417	0.00724
62	0.01498	0.01409	0.02378	0.70226	0.05462	0.01762	0.02202	0.02026	0.01586	0.02026	0.01409	0.02114	0.01057	0.00793	0.00793	0.00264	0.01057	0.00705	0.00352	0.00881
63	0.01134	0.00845	0.01253	0.01253	0.01388	0.00980	0.00965	0.01403	0.01268	0.01825	0.02143	0.03221	0.02028	0.09332	0.65667	0.01249	0.02055	0.00865	0.00428	0.00696
64	0.00966	0.00690	0.00920	0.01104	0.01150	0.00644	0.00736	0.01104	0.01518	0.02024	0.04371	0.71614	0.05245	0.02484	0.01012	0.00322	0.00460	0.02254	0.00736	0.00644
65	0.01852	0.02275	0.09054	0.03268	0.04095	0.01994	0.60066	0.02538	0.01858	0.02538	0.01592	0.02107	0.01189	0.00674	0.00923	0.00266	0.01326	0.00912	0.00396	0.01077
66	0.01632	0.06856	0.60953	0.02297	0.03422	0.01908	0.07103	0.02508	0.01685	0.02486	0.01422	0.01689	0.01019	0.00744	0.00756	0.00249	0.01170	0.00603	0.00340	0.01158
67	0.01963	0.01884	0.03219	0.04867	0.67185	0.01884	0.02434	0.02434	0.01806	0.02591	0.01492	0.01963	0.01256	0.00707	0.00785	0.00236	0.00942	0.00707	0.00393	0.01256
68	0.01133	0.00850	0.01274	0.01274	0.01416	0.00991	0.00991	0.01416	0.01274	0.01841	0.02124	0.03115	0.01982	0.05947	0.68989	0.01274	0.02124	0.00850	0.00425	0.00708
69	0.77733	0.01534	0.01166	0.01043	0.01534	0.01779	0.00859	0.02331	0.01350	0.03558	0.01104	0.01288	0.00859	0.00736	0.00491	0.00245	0.00613	0.00429	0.00491	0.00859
70	0.02272	0.02167	0.01930	0.01723	0.02168	0.16586	0.01349	0.11390	0.39673	0.03163	0.02691	0.02906	0.02128	0.01081	0.00805	0.00258	0.00841	0.04999	0.00713	0.01157
71	0.03014	0.02221	0.02380	0.01825	0.02459	0.02459	0.01507	0.64541	0.03728	0.04998	0.01904	0.01904	0.01349	0.00952	0.00793	0.00238	0.00873	0.00714	0.00793	0.01349
72	0.01218	0.00917	0.01197	0.01150	0.01203	0.01044	0.00808	0.01346	0.01254	0.01761	0.05487	0.04159	0.02611	0.39405	0.23550	0.00844	0.09950	0.01017	0.00467	0.00612
73	0.02872	0.02144	0.02302	0.01777	0.02402	0.02354	0.01461	0.57175	0.07906	0.04758	0.01970	0.01963	0.01414	0.00942	0.00784	0.00234	0.00841	0.00714	0.00778	0.05210
74	0.01590	0.04102	0.68023	0.02260	0.03432	0.01842	0.02930	0.02511	0.01674	0.02511	0.01423	0.01674	0.01005	0.00753	0.00753	0.00251	0.01172	0.00586	0.00335	0.01172
75	0.01215	0.00833	0.01077	0.01003	0.01213	0.00761	0.00757	0.01575	0.02218	0.05869	0.60319	0.05894	0.11019	0.01618	0.00930	0.00250	0.00389	0.01422	0.00869	0.00769
76	0.01498	0.01409	0.02378	0.70226	0.05462	0.01762	0.02202	0.02026	0.01586	0.02026	0.01409	0.02114	0.01057	0.00793	0.00793	0.00264	0.01057	0.00705	0.00352	0.00881
77	0.01872	0.02139	0.04679	0.03342	0.04144	0.02005	0.64305	0.02540	0.01872	0.02540	0.01604	0.02139	0.01203	0.00668	0.00936	0.00267	0.01337	0.00936	0.00401	0.01070
78	0.01963	0.01884	0.03219	0.04867	0.67185	0.01884	0.02434	0.02434	0.01806	0.02591	0.01492	0.01963	0.01256	0.00707	0.00785	0.00236	0.00942	0.00707	0.00393	0.01256
79	0.01516	0.01358	0.02283	0.56791	0.04758	0.01634	0.05515	0.02031	0.01613	0.02184	0.01584	0.02232	0.01200	0.00804	0.00768	0.00253	0.00978	0.00723	0.10903	0.00872
80	0.01416	0.00908	0.01206	0.04977	0.01518	0.00849	0.00868	0.01777	0.02173	0.10673	0.50496	0.05470	0.11523	0.01531	0.00911	0.00251	0.00451	0.01338	0.00844	0.00820
81	0.03088	0.01245	0.01690	0.01331	0.01862	0.01085	0.01085	0.03407	0.02265	0.55274	0.15412	0.03321	0.03028	0.01105	0.00824	0.00246	0.00617	0.00920	0.00961	0.01233
82	0.03523	0.01405	0.01875	0.01437	0.02052	0.01248	0.01187	0.07719	0.02362	0.63748	0.03051	0.02649	0.01924	0.00980	0.00797	0.00245	0.00687	0.00792	0.00970	0.01349
83	0.02841	0.02848	0.02115	0.01809	0.02280	0.37405	0.01406	0.22203	0.02657	0.06717	0.01898	0.01989	0.03828	0.00922	0.00743	0.00218	0.01107	0.00650	0.05306	0.01057
84	0.02965	0.03691	0.02255	0.02030	0.02452	0.65157	0.01531	0.06666	0.02332	0.02115	0.01264	0.01457	0.01040	0.00825	0.00719	0.00206	0.01398	0.00522	0.00431	0.00944

[dist]
# distance from previous block
# <min> <max>
5	9

[block]
# block no. 1 follows, 24 sequences, length 16
# corresponding to MSA columns:
# 170-185
name=unknown_B
#
# <colnr> <probs for GDERKNQSTAVLIFYWHMCP>
#	G	D	E	R	K	N	Q	S	T	A	V	L	I	F	Y	W	H	M	C	P
0	0.02822	0.01767	0.02021	0.01622	0.02165	0.01863	0.01320	0.36522	0.07185	0.20583	0.02629	0.09135	0.02073	0.01162	0.00828	0.00255	0.00761	0.03203	0.00835	0.01252
1	0.03014	0.02221	0.02380	0.01825	0.02459	0.02459	0.01507	0.64541	0.03728	0.04998	0.01904	0.01904	0.01349	0.00952	0.00793	0.00238	0.00873	0.00714	0.00793	0.01349
2	0.01905	0.01682	0.02589	0.65745	0.05485	0.01947	0.02285	0.02282	0.01826	0.02398	0.01815	0.02650	0.01453	0.01064	0.00960	0.00337	0.01165	0.00828	0.00498	0.01087
3	0.01941	0.01851	0.03110	0.04613	0.62687	0.01827	0.02331	0.02404	0.01795	0.02590	0.01486	0.01941	0.01250	0.00698	0.00771	0.00227	0.00918	0.00690	0.00398	0.06471
4	0.01932	0.01580	0.01799	0.01311	0.02001	0.01351	0.01059	0.15116	0.02081	0.03090	0.01513	0.01699	0.01211	0.00664	0.00630	0.00143	0.00647	0.00521	0.00538	0.61115
5	0.03014	0.02221	0.02380	0.01825	0.02459	0.02459	0.01507	0.64541	0.03728	0.04998	0.01904	0.01904	0.01349	0.00952	0.00793	0.00238	0.00873	0.00714	0.00793	0.01349
6	0.00966	0.00690	0.00920	0.01104	0.01150	0.00644	0.00736	0.01104	0.01518	0.02024	0.04371	0.71614	0.05245	0.02484	0.01012	0.00322	0.00460	0.02254	0.00736	0.00644
7	0.02551	0.01821	0.03536	0.02564	0.03291	0.01667	0.38878	0.03073	0.02032	0.28794	0.02218	0.02365	0.01509	0.00795	0.00880	0.00259	0.01070	0.00880	0.00635	0.01182
8	0.01177	0.00903	0.01103	0.01211	0.01341	0.00923	0.00845	0.01756	0.14992	0.02295	0.04131	0.57213	0.04652	0.02189	0.00969	0.00311	0.00495	0.01970	0.00751	0.00772
9	0.41349	0.01931	0.15233	0.01333	0.01926	0.01556	0.01305	0.02416	0.01591	0.10918	0.04512	0.06525	0.01648	0.00932	0.00639	0.00249	0.00708	0.00685	0.03586	0.00960
10	0.02060	0.68298	0.03970	0.01335	0.01984	0.02994	0.01320	0.02322	0.01649	0.01945	0.05045	0.01551	0.01406	0.00735	0.00534	0.00174	0.00820	0.00485	0.00371	0.01001
11	0.02305	0.01629	0.01803	0.01571	0.02054	0.01803	0.01236	0.04140	0.52436	0.16829	0.03207	0.02904	0.02325	0.01056	0.00805	0.00264	0.00637	0.00876	0.00844	0.01275
12	0.01501	0.01254	0.01528	0.01192	0.01743	0.01021	0.00940	0.01828	0.01560	0.02398	0.01716	0.05665	0.01560	0.01812	0.14958	0.00371	0.00903	0.00644	0.00475	0.56931
13	0.02009	0.58239	0.17552	0.01546	0.02328	0.02866	0.01687	0.02403	0.01624	0.02001	0.01170	0.01356	0.01015	0.00694	0.00560	0.00187	0.00916	0.00458	0.00338	0.01050
14	0.49349	0.01610	0.01481	0.01241	0.01753	0.01789	0.01018	0.15476	0.02002	0.10266	0.05997	0.01878	0.01528	0.00867	0.00616	0.00244	0.00657	0.00595	0.00630	0.01003
15	0.01060	0.00756	0.00866	0.00913	0.00981	0.00716	0.00572	0.01137	0.01384	0.01789	0.04140	0.22766	0.16910	0.39531	0.02609	0.00549	0.00612	0.01545	0.00600	0.00562

[dist]
# distance from previous block
# <min> <max>
0	4

[block]
# block no. 2 follows, 24 sequences, length 10
# corresponding to MSA columns:
# 190-199
name=unknown_C
#
# <colnr> <probs for GDERKNQSTAVLIFYWHMCP>
#	G	D	E	R	K	N	Q	S	T	A	V	L	I	F	Y	W	H	M	C	P
0	0.01629	0.01480	0.02379	0.64282	0.05201	0.01822	0.02142	0.07458	0.01772	0.02284	0.01452	0.02096	0.01082	0.00807	0.00793	0.00262	0.01041	0.00706	0.00391	0.00922
1	0.01922	0.47015	0.28015	0.01694	0.02557	0.02654	0.01945	0.02426	0.01635	0.02107	0.01222	0.01422	0.01013	0.00706	0.00600	0.00200	0.00969	0.00485	0.00338	0.01075
2	0.00966	0.00690	0.00920	0.01104	0.01150	0.00644	0.00736	0.01104	0.01518	0.02024	0.04371	0.71614	0.05245	0.02484	0.01012	0.00322	0.00460	0.02254	0.00736	0.00644
3	0.77733	0.01534	0.01166	0.01043	0.01534	0.01779	0.00859	0.02331	0.01350	0.03558	0.01104	0.01288	0.00859	0.00736	0.00491	0.00245	0.00613	0.00429	0.00491	0.00859
4	0.01789	0.01668	0.02103	0.01783	0.02040	0.02051	0.01453	0.02601	0.20229	0.02442	0.01748	0.02078	0.01470	0.01154	0.01718	0.00283	0.37682	0.00714	0.00504	0.14491
5	0.00966	0.00690	0.00920	0.01104	0.01150	0.00644	0.00736	0.01104	0.01518	0.02024	0.04371	0.71614	0.05245	0.02484	0.01012	0.00322	0.00460	0.02254	0.00736	0.00644
6	0.01590	0.04102	0.68023	0.02260	0.03432	0.01842	0.02930	0.02511	0.01674	0.02511	0.01423	0.01674	0.01005	0.00753	0.00753	0.00251	0.01172	0.00586	0.00335	0.01172
7	0.00966	0.00690	0.00920	0.01104	0.01150	0.00644	0.00736	0.01104	0.01518	0.02024	0.04371	0.71614	0.05245	0.02484	0.01012	0.00322	0.00460	0.02254	0.00736	0.00644
8	0.01249	0.00892	0.01245	0.01427	0.01597	0.00888	0.01228	0.01593	0.01797	0.02341	0.04215	0.14739	0.04627	0.02218	0.01088	0.00361	0.00705	0.56338	0.00731	0.00722
9	0.07346	0.06163	0.02399	0.01765	0.02381	0.06137	0.01462	0.54053	0.03390	0.04571	0.01775	0.01807	0.01283	0.00917	0.00755	0.00233	0.00887	0.00670	0.00729	0.01278

[dist]
# distance from previous block
# <min> <max>
4	12

[block]
# block no. 3 follows, 24 sequences, length 37
# corresponding to MSA columns:
# 212-248
name=unknown_D
#
# <colnr> <probs for GDERKNQSTAVLIFYWHMCP>
#	G	D	E	R	K	N	Q	S	T	A	V	L	I	F	Y	W	H	M	C	P
0	0.00992	0.00712	0.00934	0.01102	0.01163	0.00667	0.00751	0.01140	0.01532	0.02028	0.04427	0.62155	0.07662	0.05649	0.01153	0.00343	0.00488	0.05736	0.00724	0.00643
1	0.02740	0.03209	0.02345	0.02192	0.06265	0.48287	0.01611	0.09908	0.02247	0.02322	0.01293	0.01557	0.01075	0.00904	0.00987	0.00230	0.10834	0.00571	0.00443	0.00981
2	0.01498	0.01409	0.02378	0.70226	0.05462	0.01762	0.02202	0.02026	0.01586	0.02026	0.01409	0.02114	0.01057	0.00793	0.00793	0.00264	0.01057	0.00705	0.00352	0.00881
3	0.03014	0.02221	0.02380	0.01825	0.02459	0.02459	0.01507	0.64541	0.03728	0.04998	0.01904	0.01904	0.01349	0.00952	0.00793	0.00238	0.00873	0.00714	0.00793	0.01349
4	0.01199	0.00844	0.01020	0.01033	0.01263	0.00757	0.00803	0.01467	0.01905	0.06321	0.20096	0.14429	0.31527	0.01944	0.00965	0.00285	0.00476	0.12150	0.00781	0.00736
5	0.03014	0.02221	0.02380	0.01825	0.02459	0.02459	0.01507	0.64541	0.03728	0.04998	0.01904	0.01904	0.01349	0.00952	0.00793	0.00238	0.00873	0.00714	0.00793	0.01349
6	0.02082	0.01653	0.01786	0.01566	0.02017	0.01864	0.01228	0.10153	0.50004	0.06839	0.09133	0.03119	0.02768	0.01110	0.00817	0.00263	0.00631	0.00924	0.00821	0.01221
7	0.02121	0.62806	0.10647	0.01452	0.02179	0.02928	0.01512	0.02446	0.01643	0.04468	0.01213	0.01368	0.01053	0.00698	0.00545	0.00181	0.00875	0.00455	0.00363	0.01046
8	0.03014	0.02221	0.02380	0.01825	0.02459	0.02459	0.01507	0.64541	0.03728	0.04998	0.01904	0.01904	0.01349	0.00952	0.00793	0.00238	0.00873	0.00714	0.00793	0.01349
9	0.00966	0.00690	0.00920	0.01104	0.01150	0.00644	0.00736	0.01104	0.01518	0.02024	0.04371	0.71614	0.05245	0.02484	0.01012	0.00322	0.00460	0.02254	0.00736	0.00644
10	0.02393	0.01622	0.01716	0.01385	0.01838	0.01763	0.01122	0.39183	0.02893	0.04172	0.02180	0.02330	0.01625	0.00941	0.00697	0.00216	0.00669	0.00724	0.31429	0.01102
11	0.03014	0.02221	0.02380	0.01825	0.02459	0.02459	0.01507	0.64541	0.03728	0.04998	0.01904	0.01904	0.01349	0.00952	0.00793	0.00238	0.00873	0.00714	0.00793	0.01349
12	0.00958	0.00804	0.00832	0.00825	0.01084	0.00678	0.00619	0.01178	0.01857	0.02259	0.14649	0.07439	0.60174	0.01965	0.00937	0.00266	0.00399	0.01647	0.00752	0.00678
13	0.03014	0.02221	0.02380	0.01825	0.02459	0.02459	0.01507	0.64541	0.03728	0.04998	0.01904	0.01904	0.01349	0.00952	0.00793	0.00238	0.00873	0.00714	0.00793	0.01349
14	0.03014	0.02221	0.02380	0.01825	0.02459	0.02459	0.01507	0.64541	0.03728	0.04998	0.01904	0.01904	0.01349	0.00952	0.00793	0.00238	0.00873	0.00714	0.00793	0.01349
15	0.00977	0.00805	0.00859	0.00845	0.01096	0.00686	0.00634	0.01216	0.01902	0.02367	0.20743	0.07262	0.54013	0.01925	0.00937	0.00264	0.00396	0.01622	0.00766	0.00686
16	0.17141	0.01383	0.01717	0.01343	0.01934	0.01278	0.01109	0.03584	0.02101	0.55982	0.02758	0.02441	0.01761	0.00937	0.00741	0.00245	0.00664	0.00730	0.00892	0.01260
17	0.02514	0.03050	0.02548	0.02187	0.02525	0.43824	0.08056	0.02757	0.01926	0.01994	0.01214	0.01587	0.01046	0.00958	0.01255	0.00250	0.20395	0.00605	0.00391	0.00921
18	0.02733	0.03298	0.02142	0.01943	0.02361	0.53420	0.01468	0.03409	0.16970	0.02260	0.01690	0.01784	0.01346	0.00877	0.00736	0.00219	0.01244	0.00600	0.00501	0.00997
19	0.01153	0.00769	0.00865	0.00865	0.00865	0.00769	0.00480	0.01153	0.01153	0.01538	0.02499	0.05189	0.02883	0.72131	0.04036	0.00769	0.00769	0.01153	0.00480	0.00480
20	0.77733	0.01534	0.01166	0.01043	0.01534	0.01779	0.00859	0.02331	0.01350	0.03558	0.01104	0.01288	0.00859	0.00736	0.00491	0.00245	0.00613	0.00429	0.00491	0.00859
21	0.01788	0.01823	0.02421	0.02080	0.02098	0.05302	0.01726	0.01963	0.01259	0.01910	0.01049	0.01722	0.01040	0.01363	0.02521	0.00341	0.67689	0.00686	0.00350	0.00870
22	0.02088	0.68418	0.08062	0.01412	0.02121	0.03058	0.01453	0.02383	0.01615	0.01905	0.01122	0.01297	0.01017	0.00683	0.00524	0.00175	0.00868	0.00434	0.00339	0.01027
23	0.01148	0.00782	0.00928	0.00922	0.00956	0.00790	0.00562	0.01216	0.01277	0.01736	0.08971	0.05043	0.03253	0.57943	0.10635	0.00770	0.00873	0.01149	0.00514	0.00532
24	0.01972	0.01703	0.01793	0.01614	0.02062	0.01972	0.01255	0.04214	0.65752	0.03317	0.03228	0.02959	0.02421	0.01076	0.00807	0.00269	0.00628	0.00897	0.00807	0.01255
25	0.01110	0.00801	0.01049	0.01006	0.01182	0.00740	0.00747	0.01466	0.02189	0.03091	0.61982	0.10961	0.07311	0.01687	0.00941	0.00255	0.00381	0.01497	0.00862	0.00740
26	0.77733	0.01534	0.01166	0.01043	0.01534	0.01779	0.00859	0.02331	0.01350	0.03558	0.01104	0.01288	0.00859	0.00736	0.00491	0.00245	0.00613	0.00429	0.00491	0.00859
27	0.01872	0.02139	0.04679	0.03342	0.04144	0.02005	0.64305	0.02540	0.01872	0.02540	0.01604	0.02139	0.01203	0.00668	0.00936	0.00267	0.01337	0.00936	0.00401	0.01070
28	0.00978	0.00699	0.00931	0.01096	0.01153	0.00652	0.00737	0.01134	0.01574	0.02113	0.09155	0.66576	0.05416	0.02418	0.01006	0.00316	0.00453	0.02191	0.00747	0.00652
29	0.01590	0.04102	0.68023	0.02260	0.03432	0.01842	0.02930	0.02511	0.01674	0.02511	0.01423	0.01674	0.01005	0.00753	0.00753	0.00251	0.01172	0.00586	0.00335	0.01172
30	0.01122	0.00811	0.01060	0.00998	0.01185	0.00748	0.00748	0.01496	0.02245	0.03180	0.66766	0.05923	0.07482	0.01621	0.00935	0.00249	0.00374	0.01434	0.00873	0.00748
31	0.01841	0.01580	0.01672	0.01514	0.01932	0.01798	0.01174	0.03812	0.56964	0.03219	0.07483	0.03498	0.07672	0.01181	0.00825	0.00268	0.00595	0.00989	0.00806	0.01179
32	0.00966	0.00690	0.00920	0.01104	0.01150	0.00644	0.00736	0.01104	0.01518	0.02024	0.04371	0.71614	0.05245	0.02484	0.01012	0.00322	0.00460	0.02254	0.00736	0.00644
33	0.01590	0.04102	0.68023	0.02260	0.03432	0.01842	0.02930	0.02511	0.01674	0.02511	0.01423	0.01674	0.01005	0.00753	0.00753	0.00251	0.01172	0.00586	0.00335	0.01172
34	0.01104	0.00775	0.01001	0.01044	0.01098	0.00807	0.00694	0.01221	0.01274	0.01742	0.02819	0.19950	0.03158	0.35993	0.22968	0.00818	0.01107	0.01317	0.00523	0.00587
35	0.01802	0.20673	0.48580	0.02028	0.03035	0.06212	0.02464	0.02518	0.01694	0.02320	0.01333	0.01562	0.01009	0.00739	0.00692	0.00229	0.01109	0.00542	0.00340	0.01119
36	0.07090	0.01390	0.01839	0.01453	0.02012	0.01261	0.05184	0.03035	0.08518	0.32319	0.02695	0.09859	0.02086	0.01037	0.00769	0.00231	0.00668	0.00884	0.00763	0.16906

[dist]
# distance from previous block
# <min> <max>
2	8

[block]
# block no. 4 follows, 24 sequences, length 255
# corresponding to MSA columns:
# 257-511
name=unknown_E
#
# <colnr> <probs for GDERKNQSTAVLIFYWHMCP>
#	G	D	E	R	K	N	Q	S	T	A	V	L	I	F	Y	W	H	M	C	P
0	0.45431	0.01923	0.02016	0.01617	0.02178	0.06533	0.10355	0.15804	0.01999	0.03608	0.01358	0.01555	0.01026	0.00778	0.00636	0.00244	0.00831	0.00570	0.00537	0.00999
1	0.01432	0.00990	0.01215	0.01229	0.01421	0.00997	0.00892	0.06061	0.10040	0.06585	0.10950	0.41394	0.04546	0.04827	0.01075	0.00316	0.00536	0.03903	0.00769	0.00822
2	0.00966	0.00690	0.00920	0.01104	0.01150	0.00644	0.00736	0.01104	0.01518	0.02024	0.04371	0.71614	0.05245	0.02484	0.01012	0.00322	0.00460	0.02254	0.00736	0.00644
3	0.01644	0.01620	0.02075	0.01841	0.01887	0.06142	0.01488	0.01821	0.01311	0.01897	0.01549	0.08458	0.01618	0.05148	0.10100	0.00462	0.48858	0.00865	0.00402	0.00814
4	0.00994	0.00795	0.00892	0.00911	0.01130	0.00693	0.00680	0.01230	0.01861	0.02351	0.19494	0.15552	0.43954	0.01998	0.00953	0.00275	0.00418	0.04369	0.00764	0.00685
5	0.02300	0.01718	0.01990	0.01676	0.02174	0.01901	0.03835	0.14808	0.40159	0.11434	0.02842	0.02713	0.02094	0.01327	0.05030	0.00323	0.00799	0.00850	0.00786	0.01242
6	0.00966	0.00690	0.00920	0.01104	0.01150	0.00644	0.00736	0.01104	0.01518	0.02024	0.04371	0.71614	0.05245	0.02484	0.01012	0.00322	0.00460	0.02254	0.00736	0.00644
7	0.01597	0.01534	0.02141	0.01904	0.01923	0.02078	0.01565	0.01779	0.01298	0.01956	0.01717	0.11906	0.01863	0.01594	0.02279	0.00345	0.56189	0.05075	0.00427	0.00827
8	0.01872	0.02139	0.04679	0.03342	0.04144	0.02005	0.64305	0.02540	0.01872	0.02540	0.01604	0.02139	0.01203	0.00668	0.00936	0.00267	0.01337	0.00936	0.00401	0.01070
9	0.74325	0.01525	0.01197	0.01060	0.01556	0.01751	0.00873	0.02401	0.01392	0.06506	0.01197	0.01353	0.00910	0.00747	0.00505	0.00245	0.00616	0.00446	0.00513	0.00881
10	0.01963	0.01884	0.03219	0.04867	0.67185	0.01884	0.02434	0.02434	0.01806	0.02591	0.01492	0.01963	0.01256	0.00707	0.00785	0.00236	0.00942	0.00707	0.00393	0.01256
11	0.02120	0.72609	0.04155	0.01357	0.02035	0.03138	0.01357	0.02374	0.01611	0.01866	0.01102	0.01272	0.01018	0.00678	0.00509	0.00170	0.00848	0.00424	0.00339	0.01018
12	0.00966	0.00690	0.00920	0.01104	0.01150	0.00644	0.00736	0.01104	0.01518	0.02024	0.04371	0.71614	0.05245	0.02484	0.01012	0.00322	0.00460	0.02254	0.00736	0.00644
13	0.00985	0.00704	0.00942	0.01126	0.01181	0.00661	0.00770	0.01138	0.01537	0.02046	0.04360	0.67734	0.05203	0.02466	0.01017	0.00325	0.00477	0.05944	0.00736	0.00649
14	0.01590	0.04102	0.68023	0.02260	0.03432	0.01842	0.02930	0.02511	0.01674	0.02511	0.01423	0.01674	0.01005	0.00753	0.00753	0.00251	0.01172	0.00586	0.00335	0.01172
15	0.01848	0.01784	0.03087	0.20256	0.49689	0.01861	0.05222	0.02342	0.01757	0.02455	0.01477	0.02007	0.01207	0.00725	0.00794	0.00244	0.00987	0.00717	0.00383	0.01159
16	0.01590	0.04102	0.68023	0.02260	0.03432	0.01842	0.02930	0.02511	0.01674	0.02511	0.01423	0.01674	0.01005	0.00753	0.00753	0.00251	0.01172	0.00586	0.00335	0.01172
17	0.01627	0.08768	0.63673	0.02199	0.03337	0.01930	0.02823	0.02502	0.01670	0.02467	0.01401	0.01647	0.01005	0.00748	0.00737	0.00246	0.01150	0.00575	0.00335	0.01161
18	0.44535	0.02470	0.25925	0.01518	0.02269	0.01760	0.01645	0.02502	0.01532	0.07542	0.01360	0.01527	0.00988	0.00759	0.00609	0.00247	0.00824	0.00512	0.00467	0.01008
19	0.02417	0.48672	0.03512	0.01569	0.02180	0.18255	0.01415	0.09662	0.02000	0.02241	0.01223	0.01381	0.01056	0.00742	0.00589	0.00185	0.00985	0.00477	0.00407	0.01033
20	0.01144	0.00765	0.00868	0.00876	0.00879	0.00763	0.00493	0.01151	0.01171	0.01561	0.02588	0.08366	0.02996	0.68801	0.03892	0.00747	0.00754	0.01206	0.00493	0.00488
21	0.01554	0.01310	0.01546	0.01157	0.01773	0.01002	0.00910	0.01890	0.01675	0.02579	0.06102	0.07627	0.01935	0.00812	0.00646	0.00143	0.00562	0.00681	0.00519	0.65578
22	0.65727	0.01644	0.01361	0.01168	0.01682	0.01888	0.00963	0.12327	0.01732	0.03789	0.01233	0.01387	0.00937	0.00771	0.00539	0.00244	0.00655	0.00475	0.00539	0.00937
23	0.01478	0.00739	0.00739	0.00739	0.00924	0.00739	0.00554	0.01848	0.01663	0.02956	0.02587	0.02956	0.02033	0.00924	0.00554	0.00185	0.00370	0.00739	0.76534	0.00739
24	0.01150	0.00782	0.00934	0.00934	0.00958	0.00806	0.00567	0.01198	0.01174	0.01589	0.02435	0.04838	0.02730	0.60922	0.15037	0.00854	0.00998	0.01102	0.00471	0.00519
25	0.00958	0.00804	0.00833	0.00825	0.01084	0.00678	0.00619	0.01179	0.01857	0.02261	0.14732	0.07437	0.60090	0.01964	0.00937	0.00266	0.00399	0.01646	0.00752	0.00678
26	0.01600	0.01473	0.02252	0.55463	0.04730	0.01807	0.01998	0.02497	0.15392	0.02304	0.01801	0.02296	0.01350	0.00854	0.00796	0.00265	0.00965	0.00746	0.00450	0.00961
27	0.01084	0.00809	0.01007	0.00957	0.01161	0.00732	0.00718	0.01422	0.02154	0.02965	0.54593	0.06277	0.19790	0.01701	0.00936	0.00253	0.00380	0.01484	0.00845	0.00732
28	0.02549	0.01990	0.02118	0.01730	0.02282	0.02242	0.01395	0.37570	0.31457	0.04246	0.02496	0.02375	0.01828	0.01007	0.00799	0.00252	0.00763	0.00796	0.00799	0.01307
29	0.00966	0.00690	0.00920	0.01104	0.01150	0.00644	0.00736	0.01104	0.01518	0.02024	0.04371	0.71614	0.05245	0.02484	0.01012	0.00322	0.00460	0.02254	0.00736	0.00644
30	0.38203	0.01119	0.01053	0.01049	0.01337	0.01209	0.00792	0.01751	0.01542	0.02923	0.11051	0.26458	0.05829	0.01506	0.00746	0.00273	0.00521	0.01240	0.00635	0.00763
31	0.01668	0.01411	0.01643	0.01195	0.01872	0.01092	0.00952	0.04225	0.01715	0.02650	0.01540	0.04325	0.01336	0.00673	0.00611	0.00130	0.00593	0.00547	0.00492	0.71329
32	0.01788	0.26151	0.41472	0.02067	0.03044	0.02277	0.08064	0.02470	0.01672	0.02304	0.01336	0.01586	0.01027	0.00721	0.00691	0.00226	0.01082	0.00566	0.00342	0.01112
33	0.01616	0.03921	0.62197	0.02360	0.03498	0.01857	0.08575	0.02514	0.01692	0.02514	0.01440	0.01717	0.01023	0.00746	0.00770	0.00253	0.01187	0.00618	0.00341	0.01163
34	0.01039	0.00830	0.01136	0.01143	0.01300	0.00758	0.04999	0.01217	0.01588	0.02042	0.05058	0.41006	0.22806	0.09658	0.01308	0.00350	0.00536	0.01876	0.00686	0.00663
35	0.02833	0.03306	0.02172	0.01920	0.02359	0.52734	0.01465	0.13702	0.02475	0.02486	0.01807	0.01935	0.05563	0.00922	0.00744	0.00214	0.01263	0.00625	0.00498	0.00977
36	0.01100	0.00799	0.01036	0.00999	0.01176	0.00735	0.00741	0.01444	0.02158	0.03028	0.58422	0.12041	0.09911	0.01718	0.00942	0.00257	0.00383	0.01520	0.00854	0.00735
37	0.77733	0.01534	0.01166	0.01043	0.01534	0.01779	0.00859	0.02331	0.01350	0.03558	0.01104	0.01288	0.00859	0.00736	0.00491	0.00245	0.00613	0.00429	0.00491	0.00859
38	0.01312	0.00859	0.01084	0.00999	0.01241	0.00772	0.00759	0.01647	0.02165	0.08922	0.49887	0.05948	0.18122	0.01635	0.00923	0.00252	0.00407	0.01421	0.00857	0.00789
39	0.02241	0.01837	0.01944	0.01668	0.02164	0.02098	0.01320	0.19764	0.49765	0.03750	0.02886	0.02687	0.02144	0.01044	0.00803	0.00261	0.00691	0.00849	0.00803	0.01279
40	0.01583	0.01529	0.02682	0.56902	0.12114	0.01798	0.07939	0.02118	0.01636	0.02135	0.01436	0.02100	0.01092	0.00772	0.00805	0.00261	0.01070	0.00726	0.00361	0.00939
41	0.01203	0.00831	0.01069	0.00998	0.01208	0.00758	0.00752	0.01560	0.02209	0.05628	0.59368	0.05939	0.12220	0.01628	0.00930	0.00251	0.00388	0.01429	0.00866	0.00765
42	0.01877	0.02123	0.04589	0.03437	0.08047	0.01998	0.60474	0.02534	0.01868	0.02543	0.01597	0.02128	0.01206	0.00671	0.00926	0.00265	0.01312	0.00922	0.00401	0.01081
43	0.02074	0.01681	0.02119	0.19823	0.07435	0.01921	0.01609	0.10929	0.33016	0.07125	0.02464	0.02524	0.01824	0.00955	0.00799	0.00260	0.00795	0.00805	0.00669	0.01175
44	0.02962	0.03779	0.02247	0.02043	0.02451	0.68948	0.01532	0.03166	0.02247	0.01941	0.01226	0.01430	0.01021	0.00817	0.00715	0.00204	0.01430	0.00511	0.00409	0.00919
45	0.03558	0.01350	0.01840	0.01411	0.02024	0.01166	0.01166	0.03865	0.02270	0.67734	0.03128	0.02699	0.01963	0.00981	0.00797	0.00245	0.00675	0.00797	0.00981	0.01350
46	0.01152	0.00774	0.00890	0.00890	0.00899	0.00783	0.00512	0.01169	0.01161	0.01556	0.02475	0.05061	0.02827	0.68034	0.08058	0.00800	0.00853	0.01134	0.00477	0.00495
47	0.02083	0.01758	0.01855	0.01636	0.02104	0.02024	0.01282	0.10625	0.59160	0.03496	0.03087	0.02846	0.02307	0.01063	0.00805	0.00266	0.00654	0.00877	0.00805	0.01265
48	0.01122	0.00811	0.01060	0.00998	0.01185	0.00748	0.00748	0.01496	0.02245	0.03180	0.66766	0.05923	0.07482	0.01621	0.00935	0.00249	0.00374	0.01434	0.00873	0.00748
49	0.01049	0.00803	0.00954	0.00996	0.01182	0.00727	0.00750	0.01289	0.01816	0.02342	0.19093	0.16810	0.30935	0.06801	0.01184	0.00321	0.00481	0.11041	0.00747	0.00679
50	0.01153	0.00769	0.00865	0.00865	0.00865	0.00769	0.00480	0.01153	0.01153	0.01538	0.02499	0.05189	0.02883	0.72131	0.04036	0.00769	0.00769	0.01153	0.00480	0.00480
51	0.02209	0.65377	0.03955	0.01429	0.02079	0.10052	0.01375	0.02458	0.01678	0.01874	0.01115	0.01289	0.01018	0.00693	0.00530	0.00173	0.00909	0.00433	0.00347	0.01007
52	0.01623	0.08343	0.64069	0.02204	0.03346	0.01922	0.02832	0.02503	0.01670	0.02471	0.01403	0.01649	0.01005	0.00749	0.00738	0.00246	0.01152	0.00576	0.00335	0.01162
53	0.01577	0.01499	0.02481	0.55406	0.12258	0.01847	0.02179	0.02061	0.01572	0.02079	0.01380	0.02056	0.01078	0.00846	0.00984	0.00270	0.08443	0.00704	0.00356	0.00923
54	0.01150	0.00781	0.00925	0.00925	0.00946	0.00802	0.00556	0.01192	0.01171	0.01582	0.02443	0.04883	0.02750	0.62346	0.13639	0.00844	0.00969	0.01108	0.00472	0.00514
55	0.02968	0.02198	0.02354	0.01815	0.02442	0.02438	0.01496	0.61864	0.06480	0.04923	0.01963	0.01951	0.01396	0.00957	0.00794	0.00239	0.00862	0.00722	0.00794	0.01344
56	0.01066	0.00849	0.00961	0.00925	0.01167	0.00766	0.00696	0.01439	0.05053	0.02643	0.32995	0.06675	0.38312	0.01798	0.00930	0.00260	0.00401	0.01534	0.00798	0.00731
57	0.01811	0.01462	0.01702	0.01228	0.01924	0.01157	0.00987	0.06328	0.01810	0.05235	0.01509	0.01702	0.01216	0.00627	0.00609	0.00131	0.00610	0.00499	0.00511	0.68942
58	0.01119	0.00800	0.01094	0.01267	0.01384	0.00775	0.00992	0.01374	0.01693	0.02237	0.06883	0.39383	0.05017	0.02310	0.01048	0.00339	0.00584	0.30273	0.00739	0.00689
59	0.02017	0.59299	0.16563	0.01532	0.02307	0.02886	0.01662	0.02401	0.01623	0.01991	0.01165	0.01350	0.01015	0.00693	0.00556	0.00185	0.00911	0.00455	0.00338	0.01048
60	0.01857	0.01369	0.01778	0.01408	0.01933	0.01204	0.05532	0.09881	0.01967	0.09766	0.02591	0.18347	0.04513	0.01173	0.00772	0.00210	0.00650	0.01027	0.00632	0.33388
61	0.02959	0.01786	0.02061	0.01594	0.02183	0.01841	0.01308	0.37264	0.03053	0.24477	0.08236	0.02514	0.02099	0.01009	0.00800	0.00237	0.00754	0.00797	0.00847	0.04181
62	0.02608	0.01636	0.01768	0.04157	0.02073	0.07646	0.01210	0.12309	0.11769	0.26001	0.05289	0.03082	0.04719	0.01078	0.00789	0.00245	0.00731	0.03360	0.08387	0.01141
63	0.00973	0.00696	0.00927	0.01099	0.01152	0.00649	0.00737	0.01122	0.01552	0.02077	0.07237	0.68596	0.05348	0.02445	0.01009	0.00319	0.00456	0.02217	0.00742	0.00649
64	0.01764	0.26596	0.47052	0.01964	0.02973	0.02267	0.02413	0.02466	0.01654	0.02299	0.01318	0.01542	0.01009	0.00729	0.00673	0.00224	0.01066	0.00533	0.00336	0.01121
65	0.01661	0.13167	0.59571	0.02141	0.03247	0.02013	0.02722	0.02493	0.01666	0.02426	0.01381	0.01621	0.01006	0.00743	0.00721	0.00240	0.01129	0.00565	0.00335	0.01152
66	0.01754	0.01837	0.01640	0.01648	0.04657	0.22947	0.01194	0.02005	0.01628	0.01906	0.02056	0.02783	0.04256	0.06589	0.38553	0.00822	0.01724	0.00779	0.00433	0.00790
67	0.02966	0.02263	0.02348	0.01824	0.02441	0.05201	0.01497	0.59313	0.06419	0.04796	0.01934	0.01931	0.01383	0.00952	0.00791	0.00238	0.00885	0.00714	0.00778	0.01327
68	0.00966	0.00690	0.00920	0.01104	0.01150	0.00644	0.00736	0.01104	0.01518	0.02024	0.04371	0.71614	0.05245	0.02484	0.01012	0.00322	0.00460	0.02254	0.00736	0.00644
69	0.01497	0.01379	0.02305	0.67116	0.05259	0.01716	0.02129	0.02018	0.01589	0.02068	0.01462	0.02152	0.01101	0.00799	0.00782	0.00261	0.01026	0.00706	0.03762	0.00875
70	0.01153	0.00769	0.00865	0.00865	0.00865	0.00769	0.00480	0.01153	0.01153	0.01538	0.02499	0.05189	0.02883	0.72131	0.04036	0.00769	0.00769	0.01153	0.00480	0.00480
71	0.03230	0.01838	0.08112	0.01600	0.02271	0.01575	0.01420	0.19997	0.02605	0.44886	0.02642	0.02391	0.01710	0.00952	0.00792	0.00244	0.00774	0.00755	0.00871	0.01333
72	0.03246	0.01345	0.01783	0.01401	0.01971	0.01211	0.01145	0.03735	0.08107	0.57413	0.07472	0.02943	0.02381	0.01034	0.00808	0.00248	0.00650	0.00850	0.00958	0.01300
73	0.01153	0.00769	0.00865	0.00865	0.00865	0.00769	0.00480	0.01153	0.01153	0.01538	0.02499	0.05189	0.02883	0.72131	0.04036	0.00769	0.00769	0.01153	0.00480	0.00480
74	0.77733	0.01534	0.01166	0.01043	0.01534	0.01779	0.00859	0.02331	0.01350	0.03558	0.01104	0.01288	0.00859	0.00736	0.00491	0.00245	0.00613	0.00429	0.00491	0.00859
75	0.00985	0.00805	0.00870	0.00854	0.01101	0.00690	0.00640	0.01231	0.01921	0.02412	0.23299	0.07188	0.51429	0.01908	0.00937	0.00263	0.00395	0.01611	0.00772	0.00690
76	0.02120	0.72609	0.04155	0.01357	0.02035	0.03138	0.01357	0.02374	0.01611	0.01866	0.01102	0.01272	0.01018	0.00678	0.00509	0.00170	0.00848	0.00424	0.00339	0.01018
77	0.03062	0.01640	0.06354	0.01508	0.02107	0.01414	0.01298	0.13539	0.04687	0.44983	0.02846	0.05773	0.02000	0.03862	0.00933	0.00270	0.00733	0.00854	0.00869	0.01267
78	0.02046	0.63063	0.13054	0.01483	0.02230	0.02957	0.01576	0.02394	0.01620	0.01956	0.01147	0.01328	0.01016	0.00689	0.00543	0.00181	0.00893	0.00447	0.00339	0.01039
79	0.01590	0.04102	0.68023	0.02260	0.03432	0.01842	0.02930	0.02511	0.01674	0.02511	0.01423	0.01674	0.01005	0.00753	0.00753	0.00251	0.01172	0.00586	0.00335	0.01172
80	0.01498	0.01409	0.02378	0.70226	0.05462	0.01762	0.02202	0.02026	0.01586	0.02026	0.01409	0.02114	0.01057	0.00793	0.00793	0.00264	0.01057	0.00705	0.00352	0.00881
81	0.02904	0.03682	0.02256	0.02045	0.02434	0.65767	0.01542	0.03106	0.02198	0.01939	0.01217	0.01445	0.01022	0.00844	0.00805	0.00211	0.04742	0.00519	0.00406	0.00917
82	0.00939	0.00796	0.00811	0.00822	0.01076	0.00668	0.00611	0.01136	0.01790	0.02135	0.07806	0.11593	0.63048	0.02038	0.00942	0.00271	0.00405	0.01710	0.00736	0.00668
83	0.02967	0.02197	0.02353	0.01815	0.02441	0.02437	0.01496	0.61778	0.06568	0.04921	0.01964	0.01952	0.01398	0.00958	0.00794	0.00239	0.00861	0.00722	0.00794	0.01344
84	0.03379	0.01389	0.01835	0.01434	0.02029	0.01257	0.01176	0.03904	0.09434	0.60464	0.03140	0.02728	0.02015	0.00992	0.00799	0.00248	0.00669	0.00809	0.00962	0.01339
85	0.77733	0.01534	0.01166	0.01043	0.01534	0.01779	0.00859	0.02331	0.01350	0.03558	0.01104	0.01288	0.00859	0.00736	0.00491	0.00245	0.00613	0.00429	0.00491	0.00859
86	0.01279	0.00885	0.01233	0.01138	0.01363	0.00809	0.03683	0.01605	0.02060	0.07251	0.43228	0.17882	0.11057	0.01725	0.00940	0.00265	0.00457	0.01539	0.00822	0.00778
87	0.03392	0.01313	0.01787	0.01383	0.01967	0.01137	0.01137	0.03703	0.02268	0.63337	0.07463	0.02919	0.02339	0.01025	0.00807	0.00246	0.00654	0.00841	0.00974	0.01309
88	0.01655	0.12448	0.60242	0.02150	0.03262	0.02000	0.02738	0.02495	0.01667	0.02433	0.01384	0.01625	0.01006	0.00744	0.00724	0.00241	0.01132	0.00566	0.00335	0.01153
