[name]
unknown

[dist]
# distance from previous block
# <min> <max>
4	46

[block]
# block no. 0 follows, 24 sequences, length 15
# corresponding to MSA columns:
# 48-62
name=unknown_A
#
# <colnr> <probs for GDERKNQSTAVLIFYWHMCP>
#	G	D	E	R	K	N	Q	S	T	A	V	L	I	F	Y	W	H	M	C	P
0	0.02692	0.18116	0.02718	0.01792	0.02328	0.21279	0.01487	0.27853	0.04701	0.03207	0.01527	0.01655	0.01200	0.00884	0.00819	0.00221	0.05243	0.00598	0.00559	0.01123
1	0.01123	0.00772	0.00942	0.00992	0.01043	0.00755	0.00648	0.01235	0.01431	0.01925	0.10901	0.19555	0.04109	0.41860	0.02727	0.00571	0.00652	0.07582	0.00607	0.00573
2	0.01769	0.01831	0.03024	0.02388	0.02658	0.02229	0.19509	0.02093	0.01427	0.02127	0.01223	0.01845	0.01095	0.01137	0.02011	0.00311	0.46866	0.00750	0.00370	0.05338
3	0.01153	0.00769	0.00865	0.00865	0.00865	0.00769	0.00480	0.01153	0.01153	0.01538	0.02499	0.05189	0.02883	0.72131	0.04036	0.00769	0.00769	0.01153	0.00480	0.00480
4	0.08600	0.03865	0.61868	0.02148	0.03257	0.01836	0.02739	0.02495	0.01644	0.02608	0.01394	0.01639	0.00991	0.00752	0.00729	0.00251	0.01121	0.00572	0.00349	0.01143
5	0.09357	0.01834	0.02329	0.42175	0.10701	0.10034	0.01948	0.07991	0.01863	0.02497	0.01411	0.01915	0.01080	0.00796	0.00753	0.00250	0.01030	0.00655	0.00417	0.00965
6	0.01346	0.00990	0.01328	0.01475	0.01684	0.01017	0.01276	0.01896	0.08109	0.02466	0.04103	0.08356	0.04353	0.02081	0.01067	0.00356	0.00720	0.55856	0.00738	0.00782
7	0.03002	0.02602	0.02347	0.01878	0.02457	0.18726	0.01513	0.49525	0.03366	0.04250	0.01738	0.01788	0.01269	0.00919	0.00774	0.00230	0.01009	0.00664	0.00699	0.01244
8	0.02981	0.03218	0.02295	0.01964	0.02454	0.44984	0.01523	0.25287	0.02781	0.03043	0.01470	0.01601	0.01139	0.00866	0.00743	0.00216	0.01229	0.00584	0.00547	0.01074
9	0.01043	0.00743	0.00966	0.01040	0.01134	0.00695	0.00715	0.01255	0.01751	0.02404	0.27327	0.40499	0.05835	0.09238	0.01291	0.00340	0.00460	0.01838	0.00761	0.00666
10	0.02223	0.64215	0.03923	0.01441	0.02086	0.11164	0.01378	0.02471	0.01689	0.01875	0.01117	0.01291	0.01018	0.00695	0.00534	0.00174	0.00919	0.00435	0.00348	0.01006
11	0.01246	0.00773	0.01038	0.01150	0.01266	0.00716	0.00810	0.01424	0.01642	0.08555	0.07009	0.58289	0.04982	0.02281	0.00992	0.00314	0.00493	0.05530	0.00766	0.00723
12	0.01870	0.02012	0.02855	0.02315	0.02568	0.10327	0.16621	0.02174	0.01502	0.02058	0.01283	0.01903	0.01151	0.01504	0.07177	0.00383	0.40271	0.00742	0.00374	0.00910
13	0.01726	0.01463	0.01687	0.01227	0.01916	0.01169	0.00982	0.05115	0.04879	0.02736	0.01522	0.01721	0.01244	0.00629	0.00608	0.00131	0.00603	0.00502	0.00502	0.69638
14	0.00963	0.00702	0.00908	0.01074	0.01142	0.00647	0.00723	0.01108	0.01548	0.02036	0.04743	0.65115	0.11503	0.02436	0.01005	0.00317	0.00454	0.02195	0.00736	0.00647

[dist]
# distance from previous block
# <min> <max>
0	4

[block]
# block no. 1 follows, 24 sequences, length 13
# corresponding to MSA columns:
# 67-79
name=unknown_B
#
# <colnr> <probs for GDERKNQSTAVLIFYWHMCP>
#	G	D	E	R	K	N	Q	S	T	A	V	L	I	F	Y	W	H	M	C	P
0	0.02954	0.02279	0.02340	0.01825	0.02437	0.06103	0.01495	0.57822	0.07071	0.04736	0.01939	0.01936	0.01390	0.00951	0.00790	0.00238	0.00890	0.00713	0.00773	0.01320
1	0.01642	0.17947	0.02791	0.54229	0.04666	0.02081	0.02006	0.02107	0.01592	0.01989	0.01338	0.01919	0.01048	0.00766	0.00727	0.00242	0.01009	0.00640	0.00349	0.00913
2	0.01132	0.00765	0.00970	0.01079	0.01154	0.00774	0.00754	0.01326	0.01533	0.02234	0.03754	0.51429	0.04244	0.02055	0.01002	0.00292	0.04697	0.01808	0.18318	0.00680
3	0.02703	0.01967	0.02339	0.17681	0.03124	0.02200	0.01643	0.45470	0.03121	0.09012	0.01881	0.02012	0.01327	0.00917	0.00793	0.00245	0.00901	0.00718	0.00705	0.01240
4	0.01487	0.01242	0.01476	0.01158	0.01710	0.00961	0.00892	0.01789	0.01615	0.02454	0.02097	0.17897	0.02120	0.01028	0.00686	0.00165	0.00558	0.00884	0.00532	0.59248
5	0.03323	0.05337	0.02120	0.01529	0.02152	0.01648	0.01276	0.21560	0.02662	0.45907	0.02664	0.02391	0.01733	0.00957	0.00781	0.00239	0.00742	0.00753	0.00893	0.01332
6	0.01889	0.01774	0.02853	0.04010	0.52016	0.01692	0.02087	0.02332	0.01768	0.02589	0.01473	0.01889	0.01237	0.00679	0.00739	0.00208	0.00860	0.00652	0.00410	0.18845
7	0.03141	0.02019	0.02254	0.01728	0.02358	0.02159	0.01428	0.50447	0.03390	0.19570	0.02188	0.02089	0.01491	0.00959	0.00794	0.00240	0.00827	0.00733	0.00837	0.01349
8	0.02563	0.02554	0.02089	0.01814	0.02291	0.25631	0.01411	0.17883	0.28995	0.03224	0.02216	0.02176	0.01679	0.00956	0.00771	0.00239	0.00967	0.00718	0.00664	0.01159
9	0.06784	0.02303	0.02309	0.01801	0.02412	0.07410	0.01476	0.56796	0.03497	0.04696	0.01813	0.01837	0.01299	0.00931	0.00772	0.00236	0.00901	0.00684	0.00749	0.01292
10	0.03014	0.02221	0.02380	0.01825	0.02459	0.02459	0.01507	0.64541	0.03728	0.04998	0.01904	0.01904	0.01349	0.00952	0.00793	0.00238	0.00873	0.00714	0.00793	0.01349
11	0.00937	0.00803	0.00803	0.00803	0.01071	0.00669	0.00602	0.01138	0.01807	0.02142	0.08033	0.07632	0.66863	0.02008	0.00937	0.00268	0.00402	0.01674	0.00736	0.00669
12	0.02043	0.41409	0.02899	0.01243	0.01782	0.02153	0.01140	0.02320	0.01843	0.12344	0.13349	0.02987	0.09534	0.01033	0.00673	0.00206	0.00691	0.00792	0.00574	0.00985

[dist]
# distance from previous block
# <min> <max>
4	6

[block]
# block no. 2 follows, 24 sequences, length 23
# corresponding to MSA columns:
# 87-109
name=unknown_C
#
# <colnr> <probs for GDERKNQSTAVLIFYWHMCP>
#	G	D	E	R	K	N	Q	S	T	A	V	L	I	F	Y	W	H	M	C	P
0	0.01792	0.01928	0.03622	0.07303	0.03404	0.02159	0.35025	0.02252	0.01589	0.02252	0.01365	0.01975	0.01128	0.00966	0.01596	0.00299	0.29171	0.00823	0.00376	0.00976
1	0.01735	0.01735	0.02429	0.02082	0.02082	0.02429	0.01735	0.01908	0.01214	0.01908	0.01041	0.01735	0.01041	0.01388	0.02602	0.00347	0.70680	0.00694	0.00347	0.00867
2	0.72033	0.01586	0.01258	0.01102	0.01604	0.01831	0.00908	0.07076	0.01531	0.03668	0.01165	0.01335	0.00896	0.00753	0.00514	0.00245	0.00633	0.00451	0.00514	0.00896
3	0.01963	0.01884	0.03219	0.04867	0.67185	0.01884	0.02434	0.02434	0.01806	0.02591	0.01492	0.01963	0.01256	0.00707	0.00785	0.00236	0.00942	0.00707	0.00393	0.01256
4	0.77733	0.01534	0.01166	0.01043	0.01534	0.01779	0.00859	0.02331	0.01350	0.03558	0.01104	0.01288	0.00859	0.00736	0.00491	0.00245	0.00613	0.00429	0.00491	0.00859
5	0.02120	0.72609	0.04155	0.01357	0.02035	0.03138	0.01357	0.02374	0.01611	0.01866	0.01102	0.01272	0.01018	0.00678	0.00509	0.00170	0.00848	0.00424	0.00339	0.01018
6	0.03014	0.02221	0.02380	0.01825	0.02459	0.02459	0.01507	0.64541	0.03728	0.04998	0.01904	0.01904	0.01349	0.00952	0.00793	0.00238	0.00873	0.00714	0.00793	0.01349
7	0.03558	0.01350	0.01840	0.01411	0.02024	0.01166	0.01166	0.03865	0.02270	0.67734	0.03128	0.02699	0.01963	0.00981	0.00797	0.00245	0.00675	0.00797	0.00981	0.01350
8	0.01133	0.00850	0.01274	0.01274	0.01416	0.00991	0.00991	0.01416	0.01274	0.01841	0.02124	0.03115	0.01982	0.05947	0.68989	0.01274	0.02124	0.00850	0.00425	0.00708
9	0.03014	0.02221	0.02380	0.01825	0.02459	0.02459	0.01507	0.64541	0.03728	0.04998	0.01904	0.01904	0.01349	0.00952	0.00793	0.00238	0.00873	0.00714	0.00793	0.01349
10	0.03014	0.02221	0.02380	0.01825	0.02459	0.02459	0.01507	0.64541	0.03728	0.04998	0.01904	0.01904	0.01349	0.00952	0.00793	0.00238	0.00873	0.00714	0.00793	0.01349
11	0.01153	0.00769	0.00865	0.00865	0.00865	0.00769	0.00480	0.01153	0.01153	0.01538	0.02499	0.05189	0.02883	0.72131	0.04036	0.00769	0.00769	0.01153	0.00480	0.00480
12	0.03014	0.02221	0.02380	0.01825	0.02459	0.02459	0.01507	0.64541	0.03728	0.04998	0.01904	0.01904	0.01349	0.00952	0.00793	0.00238	0.00873	0.00714	0.00793	0.01349
13	0.77733	0.01534	0.01166	0.01043	0.01534	0.01779	0.00859	0.02331	0.01350	0.03558	0.01104	0.01288	0.00859	0.00736	0.00491	0.00245	0.00613	0.00429	0.00491	0.00859
14	0.72714	0.01481	0.01137	0.01023	0.01493	0.01710	0.00839	0.02299	0.01370	0.03518	0.01202	0.01398	0.00936	0.00748	0.00495	0.00241	0.00597	0.00450	0.05495	0.00851
15	0.03014	0.02221	0.02380	0.01825	0.02459	0.02459	0.01507	0.64541	0.03728	0.04998	0.01904	0.01904	0.01349	0.00952	0.00793	0.00238	0.00873	0.00714	0.00793	0.01349
16	0.02467	0.02469	0.02038	0.01789	0.02255	0.24007	0.01387	0.13737	0.34791	0.03141	0.02355	0.02285	0.01787	0.00971	0.00775	0.00243	0.00931	0.00740	0.00674	0.01160
17	0.03372	0.01308	0.01781	0.01379	0.01960	0.01134	0.01134	0.03684	0.02268	0.62810	0.07983	0.02945	0.02384	0.01030	0.00808	0.00246	0.00652	0.00846	0.00973	0.01304
18	0.01660	0.01458	0.01847	0.01319	0.02031	0.01120	0.05172	0.02033	0.01660	0.02581	0.01422	0.01677	0.01176	0.00593	0.00611	0.00127	0.00637	0.00501	0.00465	0.71909
19	0.02091	0.68782	0.07722	0.01407	0.02113	0.03065	0.01445	0.02382	0.01615	0.01902	0.01120	0.01295	0.01017	0.00683	0.00522	0.00174	0.00866	0.00433	0.00339	0.01026
20	0.01156	0.00888	0.01317	0.01308	0.01437	0.01049	0.01017	0.01426	0.01284	0.01854	0.02186	0.06701	0.02106	0.05519	0.61811	0.01174	0.05697	0.00916	0.00437	0.00713
21	0.01931	0.01505	0.01743	0.01279	0.01959	0.01255	0.01029	0.08902	0.04794	0.07163	0.01657	0.01801	0.01301	0.00674	0.00633	0.00146	0.00625	0.00537	0.00553	0.60512
22	0.02898	0.02152	0.02318	0.01769	0.02410	0.02340	0.01459	0.59243	0.03552	0.04793	0.01862	0.01882	0.01334	0.00921	0.00776	0.00228	0.00848	0.00693	0.00766	0.07754

[dist]
# distance from previous block
# <min> <max>
0	1

[block]
# block no. 3 follows, 24 sequences, length 12
# corresponding to MSA columns:
# 111-122
name=unknown_D
#
# <colnr> <probs for GDERKNQSTAVLIFYWHMCP>
#	G	D	E	R	K	N	Q	S	T	A	V	L	I	F	Y	W	H	M	C	P
0	0.01602	0.01373	0.01623	0.01236	0.01830	0.01135	0.00977	0.02021	0.04893	0.02534	0.01763	0.08323	0.01616	0.00832	0.00741	0.00156	0.04133	0.00672	0.00506	0.62033
1	0.01314	0.00932	0.01078	0.01025	0.01071	0.00993	0.00648	0.05639	0.01355	0.01827	0.02447	0.07832	0.02762	0.59155	0.03572	0.00682	0.05446	0.01143	0.00505	0.00575
2	0.01061	0.00764	0.00965	0.01081	0.01150	0.00740	0.00720	0.01299	0.04765	0.02091	0.08579	0.51938	0.04862	0.14268	0.01514	0.00390	0.00515	0.01937	0.00706	0.00655
3	0.02013	0.01573	0.01816	0.01398	0.01985	0.01471	0.01121	0.16538	0.05373	0.05878	0.01888	0.06964	0.01604	0.00893	0.00788	0.00185	0.04202	0.00704	0.00597	0.43009
4	0.02040	0.62242	0.13820	0.01494	0.02247	0.02942	0.01595	0.02395	0.01621	0.01963	0.01151	0.01333	0.01016	0.00690	0.00546	0.00182	0.00897	0.00449	0.00339	0.01041
5	0.01990	0.55720	0.19900	0.01580	0.02380	0.02818	0.01745	0.02408	0.01627	0.02025	0.01181	0.01371	0.01014	0.00697	0.00569	0.00190	0.00928	0.00464	0.00338	0.01056
6	0.00999	0.00720	0.00933	0.01090	0.01158	0.00674	0.00746	0.01148	0.01535	0.02023	0.04492	0.57806	0.09530	0.07406	0.01229	0.00353	0.00497	0.06305	0.00717	0.00640
7	0.01919	0.02162	0.03955	0.02941	0.03520	0.07037	0.44537	0.02433	0.01740	0.02343	0.01440	0.01989	0.01151	0.00854	0.01323	0.00282	0.18129	0.00846	0.00389	0.01010
8	0.02415	0.01842	0.02120	0.01629	0.02194	0.01931	0.01338	0.32027	0.02613	0.07090	0.01684	0.01837	0.01280	0.00898	0.00986	0.00215	0.10795	0.00636	0.00634	0.25837
9	0.02352	0.02115	0.02665	0.02125	0.02505	0.06738	0.09088	0.27550	0.02383	0.03243	0.01471	0.01832	0.01184	0.01087	0.01544	0.00284	0.29484	0.00719	0.00539	0.01091
10	0.02889	0.02395	0.02298	0.01844	0.02397	0.13618	0.01492	0.44812	0.07881	0.06336	0.01889	0.01921	0.01379	0.00959	0.00864	0.00240	0.04132	0.00695	0.00715	0.01247
11	0.01054	0.00727	0.00894	0.00991	0.01015	0.00703	0.00615	0.01127	0.01346	0.01794	0.03487	0.40245	0.04129	0.35375	0.02440	0.00533	0.00606	0.01734	0.00615	0.00567

[dist]
# distance from previous block
# <min> <max>
3	10

[block]
# block no. 4 follows, 24 sequences, length 6
# corresponding to MSA columns:
# 133-138
name=unknown_E
#
# <colnr> <probs for GDERKNQSTAVLIFYWHMCP>
#	G	D	E	R	K	N	Q	S	T	A	V	L	I	F	Y	W	H	M	C	P
0	0.12494	0.06798	0.02137	0.01527	0.02138	0.01901	0.01278	0.27900	0.02693	0.29874	0.02240	0.02102	0.01511	0.00917	0.00737	0.00237	0.00759	0.00691	0.00799	0.01264
1	0.01177	0.00930	0.01100	0.01012	0.01307	0.00804	0.00769	0.01448	0.01799	0.02440	0.19933	0.08622	0.24232	0.07125	0.03736	0.00319	0.00554	0.05887	0.00684	0.16121
2	0.01162	0.00825	0.01152	0.01152	0.01268	0.00928	0.00856	0.01395	0.01279	0.01862	0.02234	0.03523	0.02168	0.18969	0.50800	0.01092	0.01720	0.00903	0.06047	0.00664
3	0.10659	0.02380	0.02223	0.07078	0.02448	0.22366	0.01577	0.12116	0.01961	0.02591	0.01266	0.01649	0.01064	0.01031	0.01381	0.00269	0.25916	0.00614	0.00451	0.00958
4	0.01922	0.01574	0.01793	0.01306	0.01997	0.01341	0.01054	0.14653	0.02066	0.03072	0.01509	0.01697	0.01210	0.00661	0.00629	0.00142	0.00645	0.00519	0.00535	0.61675
5	0.17732	0.01879	0.01727	0.01475	0.01964	0.10439	0.01172	0.13378	0.18156	0.12873	0.02800	0.02692	0.08342	0.01035	0.00741	0.00247	0.00753	0.00787	0.00708	0.01100

[dist]
# distance from previous block
# <min> <max>
5	9

[block]
# block no. 5 follows, 24 sequences, length 18
# corresponding to MSA columns:
# 149-166
name=unknown_F
#
# <colnr> <probs for GDERKNQSTAVLIFYWHMCP>
#	G	D	E	R	K	N	Q	S	T	A	V	L	I	F	Y	W	H	M	C	P
0	0.02599	0.02012	0.02043	0.01680	0.02203	0.07688	0.01345	0.30792	0.22325	0.09700	0.07186	0.02556	0.02160	0.01031	0.00802	0.00246	0.00790	0.00814	0.00788	0.01239
1	0.01486	0.01022	0.01538	0.01511	0.01777	0.00985	0.05860	0.01871	0.01943	0.08059	0.15397	0.07356	0.04629	0.01871	0.01029	0.00326	0.00705	0.41068	0.00753	0.00811
2	0.02170	0.60203	0.08704	0.01497	0.02183	0.10030	0.01492	0.02469	0.01683	0.01922	0.01139	0.01319	0.01017	0.00699	0.00549	0.00179	0.00934	0.00445	0.00346	0.01019
3	0.01844	0.02056	0.04216	0.03083	0.03720	0.02092	0.51431	0.02410	0.01736	0.02410	0.01488	0.02056	0.01170	0.00816	0.01279	0.00284	0.15605	0.00886	0.00390	0.01028
4	0.00972	0.00701	0.00922	0.01085	0.01148	0.00650	0.00731	0.01125	0.01567	0.02086	0.07591	0.65480	0.08166	0.02420	0.01005	0.00316	0.00453	0.02188	0.00743	0.00650
5	0.01154	0.00829	0.01173	0.01173	0.01291	0.00938	0.00876	0.01389	0.01271	0.01840	0.02216	0.03488	0.02150	0.17845	0.53682	0.01128	0.01788	0.00900	0.04202	0.00668
6	0.07173	0.01796	0.10741	0.42780	0.07726	0.01804	0.02090	0.02113	0.01557	0.02261	0.01407	0.01986	0.01088	0.00846	0.00940	0.00265	0.08131	0.00670	0.03699	0.00930
7	0.02880	0.02154	0.02304	0.01797	0.02408	0.02396	0.01475	0.56754	0.11734	0.04781	0.02075	0.02040	0.01487	0.00968	0.00795	0.00242	0.00841	0.00738	0.00795	0.01337
8	0.01505	0.00967	0.01266	0.01227	0.01480	0.00934	0.00989	0.02006	0.06800	0.10215	0.36385	0.06238	0.05624	0.01678	0.00958	0.00285	0.00532	0.19226	0.00838	0.00848
9	0.11418	0.03770	0.59393	0.02103	0.03187	0.01834	0.02663	0.02488	0.01632	0.02646	0.01382	0.01624	0.00986	0.00751	0.00719	0.00250	0.01100	0.00566	0.00355	0.01132
10	0.12564	0.01380	0.01660	0.01350	0.01868	0.01345	0.01094	0.05346	0.11201	0.39682	0.11336	0.02959	0.02602	0.01048	0.00777	0.00249	0.00626	0.00846	0.00873	0.01193
11	0.01141	0.10059	0.01309	0.00976	0.01239	0.01009	0.00763	0.01360	0.01765	0.02200	0.13303	0.16216	0.36393	0.04757	0.01028	0.00286	0.00495	0.04295	0.00691	0.00715
12	0.09113	0.01838	0.02007	0.01584	0.02155	0.01966	0.01294	0.36587	0.09205	0.14165	0.06911	0.02363	0.01952	0.00984	0.00771	0.00238	0.00747	0.00763	0.00790	0.04567
13	0.01822	0.02072	0.05703	0.07300	0.03537	0.04863	0.38470	0.02342	0.01725	0.02359	0.04122	0.02155	0.01401	0.00892	0.01299	0.00282	0.17405	0.00856	0.00403	0.00994
14	0.01823	0.02524	0.17316	0.07314	0.03714	0.05290	0.35618	0.02443	0.01739	0.02383	0.01457	0.01950	0.01121	0.00802	0.01109	0.00272	0.10915	0.00793	0.00377	0.01043
15	0.01469	0.01121	0.01519	0.05109	0.01731	0.01358	0.01144	0.05825	0.01525	0.02312	0.01958	0.02676	0.01717	0.03370	0.33148	0.00737	0.15019	0.00779	0.16688	0.00798
16	0.01739	0.01698	0.02424	0.19238	0.03063	0.06373	0.08376	0.04766	0.01583	0.02178	0.01448	0.02089	0.01237	0.01673	0.10247	0.00416	0.26302	0.00733	0.03525	0.00891
17	0.02135	0.02517	0.07918	0.02075	0.04406	0.26137	0.11599	0.02483	0.01827	0.02261	0.01545	0.01947	0.01262	0.00969	0.01082	0.03884	0.10019	0.00665	0.14360	0.00908

[dist]
# distance from previous block
# <min> <max>
10	40

[block]
# block no. 6 follows, 24 sequences, length 24
# corresponding to MSA columns:
# 207-230
name=unknown_G
#
# <colnr> <probs for GDERKNQSTAVLIFYWHMCP>
#	G	D	E	R	K	N	Q	S	T	A	V	L	I	F	Y	W	H	M	C	P
0	0.01614	0.01242	0.01544	0.06915	0.01982	0.01137	0.01048	0.04300	0.03662	0.07019	0.02903	0.17535	0.08849	0.01251	0.00852	0.00218	0.03755	0.01053	0.00598	0.32523
1	0.07170	0.06596	0.10410	0.01386	0.02003	0.01437	0.01263	0.08676	0.01935	0.08632	0.07354	0.09897	0.02189	0.00997	0.00714	0.00205	0.00689	0.00814	0.00587	0.27047
2	0.07545	0.04507	0.01900	0.14370	0.02465	0.01446	0.05184	0.01896	0.04084	0.02303	0.02419	0.16176	0.05584	0.04626	0.01098	0.00274	0.07120	0.01028	0.00509	0.15465
3	0.02067	0.01396	0.01688	0.01227	0.01911	0.01081	0.00990	0.02409	0.01782	0.16975	0.01789	0.01877	0.01349	0.00674	0.00634	0.00146	0.00607	0.00542	0.00583	0.60273
4	0.01568	0.01329	0.01563	0.01167	0.01798	0.01011	0.00917	0.01897	0.01630	0.02521	0.01741	0.09471	0.01630	0.00799	0.00635	0.00140	0.00573	0.00669	0.00500	0.68440
5	0.01623	0.01410	0.01759	0.01313	0.01955	0.01133	0.04352	0.02095	0.05697	0.02583	0.01771	0.07334	0.01579	0.00774	0.00654	0.00151	0.00620	0.00664	0.00509	0.62023
6	0.01361	0.01100	0.01323	0.01068	0.01512	0.00892	0.00829	0.01711	0.01919	0.02810	0.30483	0.03985	0.09100	0.01151	0.00767	0.00187	0.00480	0.00986	0.00667	0.37670
7	0.01644	0.01409	0.01644	0.01175	0.01879	0.01057	0.00940	0.01997	0.01644	0.02584	0.01409	0.01644	0.01175	0.00587	0.00587	0.00117	0.00587	0.00470	0.00470	0.76979
8	0.02938	0.01360	0.01740	0.01403	0.01926	0.01280	0.01133	0.06807	0.11098	0.45718	0.10242	0.05684	0.02736	0.01122	0.00822	0.00252	0.00637	0.00934	0.00926	0.01242
9	0.01438	0.01329	0.02215	0.62494	0.04979	0.01637	0.02038	0.01923	0.01578	0.02026	0.01741	0.09888	0.01526	0.00982	0.00817	0.00271	0.00990	0.00878	0.00395	0.00854
10	0.01177	0.00944	0.01344	0.01357	0.01531	0.00926	0.05906	0.01616	0.08773	0.02247	0.04183	0.49733	0.07503	0.02133	0.00987	0.00313	0.00570	0.07285	0.00717	0.00755
11	0.08185	0.64122	0.03839	0.01360	0.02012	0.05724	0.01324	0.02403	0.01616	0.02004	0.01108	0.01280	0.01005	0.00689	0.00516	0.00177	0.00853	0.00428	0.00354	0.01001
12	0.02898	0.02163	0.02314	0.01801	0.02415	0.02405	0.01479	0.57792	0.10666	0.04810	0.02052	0.02022	0.01468	0.00966	0.00795	0.00241	0.00845	0.00734	0.00795	0.01338
13	0.01125	0.00765	0.00911	0.00936	0.00956	0.00772	0.00563	0.01171	0.01215	0.01633	0.02723	0.14192	0.03126	0.56333	0.09660	0.00754	0.00852	0.01277	0.00511	0.00524
14	0.01139	0.00897	0.00948	0.00911	0.01198	0.00800	0.00691	0.01524	0.06968	0.04864	0.13313	0.06899	0.53310	0.01856	0.00921	0.00265	0.00427	0.01554	0.00765	0.00750
15	0.02774	0.01469	0.01788	0.01497	0.02017	0.01482	0.01209	0.03877	0.28290	0.37469	0.03232	0.03172	0.02303	0.01091	0.00819	0.00262	0.00659	0.04421	0.00895	0.01274
16	0.01968	0.01574	0.01680	0.01495	0.01935	0.01757	0.01167	0.06148	0.50255	0.07288	0.03847	0.03560	0.11448	0.01197	0.00824	0.00266	0.00608	0.00993	0.00807	0.01182
17	0.01780	0.01698	0.02889	0.30522	0.42957	0.01836	0.02343	0.02274	0.01719	0.02369	0.01459	0.02022	0.01178	0.00740	0.00788	0.00247	0.00987	0.00706	0.00377	0.01109
18	0.02962	0.03779	0.02247	0.02043	0.02451	0.68948	0.01532	0.03166	0.02247	0.01941	0.01226	0.01430	0.01021	0.00817	0.00715	0.00204	0.01430	0.00511	0.00409	0.00919
19	0.01165	0.00822	0.01037	0.01173	0.01237	0.00775	0.00798	0.01267	0.01545	0.02065	0.04009	0.48799	0.04692	0.17192	0.01702	0.00440	0.00599	0.09289	0.00714	0.00681
20	0.06807	0.03926	0.63443	0.02177	0.03302	0.01837	0.02788	0.02499	0.01652	0.02583	0.01401	0.01648	0.00995	0.00752	0.00735	0.00251	0.01134	0.00575	0.00346	0.01150
21	0.02744	0.07814	0.06853	0.01956	0.02463	0.47524	0.01592	0.10019	0.07294	0.02425	0.01464	0.01609	0.01166	0.00839	0.00721	0.00214	0.01251	0.00563	0.00473	0.01017
22	0.02426	0.01919	0.02162	0.01729	0.02233	0.05203	0.05606	0.37925	0.07871	0.03863	0.02244	0.02524	0.03733	0.05605	0.07251	0.00366	0.00981	0.00805	0.04415	0.01140
23	0.04047	0.01653	0.06670	0.36839	0.07914	0.01748	0.01888	0.05674	0.09972	0.02593	0.08964	0.02559	0.01968	0.00940	0.00857	0.00261	0.03181	0.00794	0.00498	0.00982

[dist]
# distance from previous block
# <min> <max>
11	47

[block]
# block no. 7 follows, 24 sequences, length 7
# corresponding to MSA columns:
# 278-284
name=unknown_H
#
# <colnr> <probs for GDERKNQSTAVLIFYWHMCP>
#	G	D	E	R	K	N	Q	S	T	A	V	L	I	F	Y	W	H	M	C	P
0	0.05862	0.05644	0.01797	0.01373	0.01807	0.01571	0.01105	0.20417	0.02353	0.10500	0.10740	0.13345	0.02788	0.01232	0.00850	0.00238	0.03359	0.01001	0.05033	0.08987
1	0.19309	0.05053	0.01821	0.08878	0.02171	0.10743	0.01256	0.09910	0.01898	0.02939	0.06267	0.02129	0.01661	0.00956	0.00909	0.00242	0.09885	0.00661	0.12401	0.00912
2	0.01483	0.01125	0.01288	0.01112	0.01426	0.01046	0.00809	0.10189	0.01868	0.02584	0.10399	0.12245	0.09569	0.21077	0.01705	0.00371	0.00618	0.01144	0.00624	0.19317
3	0.07049	0.01931	0.02382	0.23430	0.15953	0.09320	0.01843	0.14060	0.05037	0.02833	0.01573	0.01975	0.01232	0.01045	0.03484	0.00289	0.04346	0.00681	0.00482	0.01055
4	0.02324	0.01845	0.02228	0.01733	0.02255	0.04162	0.06420	0.25695	0.04737	0.07082	0.01821	0.02113	0.01425	0.04293	0.01126	0.00252	0.09346	0.00705	0.03595	0.16841
5	0.02008	0.41041	0.23295	0.01967	0.07797	0.07465	0.01934	0.02479	0.01693	0.02126	0.01240	0.01462	0.01033	0.00714	0.00621	0.00202	0.00997	0.00502	0.00347	0.01077
6	0.01867	0.01333	0.01577	0.01287	0.01791	0.01186	0.00999	0.08936	0.06588	0.10207	0.02528	0.19274	0.02386	0.01179	0.00755	0.00207	0.00600	0.01008	0.00654	0.35638

[dist]
# distance from previous block
# <min> <max>
0	3

[block]
# block no. 8 follows, 24 sequences, length 6
# corresponding to MSA columns:
# 288-293
name=unknown_I
#
# <colnr> <probs for GDERKNQSTAVLIFYWHMCP>
#	G	D	E	R	K	N	Q	S	T	A	V	L	I	F	Y	W	H	M	C	P
0	0.01385	0.09261	0.01924	0.22215	0.02663	0.01474	0.01352	0.01738	0.01766	0.02386	0.23844	0.13626	0.03844	0.01368	0.01013	0.00265	0.07329	0.01149	0.00583	0.00815
1	0.01551	0.01239	0.01993	0.22713	0.02931	0.01323	0.08496	0.01894	0.07225	0.02005	0.01584	0.02262	0.01333	0.01546	0.01686	0.30028	0.00861	0.00719	0.00408	0.08202
2	0.01615	0.01244	0.01827	0.27718	0.07587	0.01358	0.01470	0.06200	0.01942	0.07073	0.19197	0.03725	0.06792	0.07564	0.01132	0.00301	0.00767	0.01000	0.00599	0.00889
3	0.16282	0.06790	0.02079	0.01479	0.02097	0.01940	0.01233	0.28582	0.02575	0.15593	0.01853	0.01855	0.01323	0.00845	0.00689	0.00218	0.00746	0.00621	0.00693	0.12509
4	0.01820	0.01797	0.05991	0.06762	0.02917	0.01619	0.22210	0.12068	0.02110	0.02943	0.09218	0.07136	0.02193	0.00942	0.00827	0.00232	0.00910	0.00917	0.00548	0.16839
5	0.01836	0.01720	0.04648	0.02077	0.06800	0.01667	0.12807	0.12561	0.01951	0.02778	0.01830	0.08298	0.01642	0.01470	0.07699	0.00337	0.09218	0.00841	0.00507	0.19314

[dist]
# distance from previous block
# <min> <max>
37	88

[block]
# block no. 9 follows, 24 sequences, length 16
# corresponding to MSA columns:
# 384-399
name=unknown_J
#
# <colnr> <probs for GDERKNQSTAVLIFYWHMCP>
#	G	D	E	R	K	N	Q	S	T	A	V	L	I	F	Y	W	H	M	C	P
0	0.05492	0.01498	0.01636	0.01385	0.01726	0.01626	0.01050	0.31767	0.02454	0.03371	0.02356	0.11348	0.02291	0.22778	0.05283	0.00461	0.00844	0.01026	0.00660	0.00947
1	0.12704	0.03450	0.50411	0.05650	0.03310	0.01840	0.06946	0.02462	0.01636	0.02641	0.01389	0.01674	0.01000	0.00747	0.00730	0.00252	0.01096	0.00594	0.00363	0.01104
2	0.08533	0.06818	0.02062	0.06667	0.02300	0.14101	0.01323	0.25188	0.04693	0.03331	0.05514	0.02808	0.11240	0.01071	0.00763	0.00236	0.00864	0.00815	0.00631	0.01042
3	0.05435	0.02313	0.14097	0.06894	0.05312	0.01961	0.38670	0.02418	0.01730	0.02499	0.01480	0.01967	0.01132	0.00757	0.01015	0.00266	0.07545	0.00800	0.00389	0.03322
4	0.01725	0.01539	0.02378	0.49054	0.07799	0.01881	0.02027	0.09539	0.01797	0.02378	0.01434	0.02053	0.01113	0.00941	0.01063	0.03101	0.08134	0.00704	0.00407	0.00936
5	0.02040	0.02088	0.03073	0.10790	0.50472	0.10364	0.04782	0.02491	0.01843	0.02452	0.01455	0.01917	0.01205	0.00727	0.00783	0.00236	0.01031	0.00691	0.00391	0.01170
6	0.01560	0.01473	0.02491	0.61435	0.13763	0.01778	0.02233	0.02081	0.01615	0.02102	0.01420	0.02094	0.01084	0.00781	0.00792	0.00260	0.01042	0.00705	0.00358	0.00931
7	0.03039	0.01496	0.01840	0.01440	0.01990	0.01452	0.01179	0.20134	0.02626	0.40075	0.08788	0.02804	0.02322	0.01030	0.00793	0.00240	0.00680	0.00831	0.05989	0.01251
8	0.01696	0.01688	0.02244	0.09036	0.02339	0.05619	0.01651	0.01909	0.01309	0.01899	0.01248	0.02039	0.01208	0.05074	0.07876	0.00428	0.50814	0.00721	0.00364	0.00840
9	0.02796	0.02058	0.02224	0.01748	0.02320	0.02266	0.01425	0.57777	0.03493	0.04681	0.02167	0.09337	0.01764	0.01115	0.00817	0.00247	0.00829	0.00878	0.00787	0.01273
10	0.03064	0.01747	0.11340	0.01529	0.02194	0.01299	0.01408	0.03592	0.06461	0.51238	0.05607	0.02707	0.02091	0.00982	0.00798	0.00248	0.00730	0.00801	0.00872	0.01292
11	0.01595	0.04902	0.02556	0.05430	0.02483	0.04539	0.17395	0.01969	0.01513	0.02113	0.01700	0.02396	0.01482	0.02745	0.25904	0.00635	0.14065	0.00795	0.04920	0.00864
12	0.26147	0.24187	0.10874	0.08023	0.02361	0.05328	0.01450	0.02406	0.01625	0.05554	0.04581	0.01716	0.01338	0.00785	0.00606	0.00222	0.00831	0.00545	0.00447	0.00970
13	0.04432	0.01119	0.01486	0.01290	0.01561	0.01119	0.03656	0.11114	0.01908	0.11455	0.11925	0.09151	0.02734	0.01803	0.01622	0.26935	0.00656	0.00966	0.04283	0.00787
14	0.01701	0.01561	0.01511	0.04915	0.01842	0.12739	0.01087	0.07502	0.05712	0.02511	0.05991	0.27904	0.05045	0.01542	0.00912	0.00259	0.03509	0.01300	0.05748	0.06708
15	0.26448	0.01286	0.03310	0.02620	0.01611	0.01260	0.00971	0.04870	0.01831	0.03149	0.20898	0.07209	0.03454	0.01215	0.00740	0.00246	0.00570	0.05902	0.04295	0.08114

[dist]
# distance from previous block
# <min> <max>
3	5

[block]
# block no. 10 follows, 24 sequences, length 7
# corresponding to MSA columns:
# 405-411
name=unknown_K
#
# <colnr> <probs for GDERKNQSTAVLIFYWHMCP>
#	G	D	E	R	K	N	Q	S	T	A	V	L	I	F	Y	W	H	M	C	P
0	0.07491	0.01677	0.02687	0.27341	0.03736	0.01872	0.16788	0.12014	0.01961	0.02816	0.01605	0.02085	0.01218	0.00832	0.00890	0.00257	0.05144	0.00744	0.07860	0.00984
1	0.02238	0.04612	0.01664	0.01286	0.01740	0.01235	0.01007	0.05227	0.08117	0.24881	0.05061	0.13648	0.02596	0.08090	0.01100	0.00284	0.00635	0.01013	0.00742	0.14822
2	0.08094	0.06132	0.01838	0.11899	0.02330	0.01459	0.01222	0.07297	0.05082	0.24615	0.09397	0.03393	0.11686	0.01128	0.00788	0.00247	0.00684	0.00918	0.00735	0.01055
3	0.02504	0.20777	0.02915	0.06556	0.07196	0.02548	0.01598	0.34703	0.02697	0.03563	0.01564	0.01742	0.01212	0.00883	0.00851	0.00230	0.06059	0.00634	0.00581	0.01187
4	0.02174	0.01604	0.01859	0.01459	0.02013	0.01570	0.01172	0.19256	0.07501	0.09530	0.02101	0.08153	0.01755	0.00982	0.00842	0.00207	0.04926	0.00775	0.00651	0.31471
5	0.01522	0.01104	0.01961	0.08159	0.04617	0.01110	0.13893	0.01568	0.01348	0.01877	0.01549	0.02363	0.01371	0.01886	0.02102	0.43596	0.00835	0.00746	0.07776	0.00617
6	0.04393	0.02748	0.07292	0.08777	0.02902	0.28409	0.09109	0.06284	0.04475	0.02332	0.01382	0.01741	0.01119	0.00919	0.01119	0.00254	0.14695	0.00645	0.00425	0.00978

[dist]
# distance from previous block
# <min> <max>
1	10

[block]
# block no. 11 follows, 24 sequences, length 21
# corresponding to MSA columns:
# 424-444
name=unknown_L
#
# <colnr> <probs for GDERKNQSTAVLIFYWHMCP>
#	G	D	E	R	K	N	Q	S	T	A	V	L	I	F	Y	W	H	M	C	P
0	0.01439	0.01059	0.01216	0.01170	0.01369	0.01101	0.00857	0.07506	0.11545	0.02574	0.11736	0.11562	0.07498	0.23686	0.01886	0.00433	0.00634	0.08489	0.03460	0.00779
1	0.01178	0.00961	0.01097	0.01108	0.03885	0.00859	0.00785	0.05083	0.01952	0.02505	0.15520	0.12223	0.41620	0.01788	0.00907	0.00257	0.00464	0.01518	0.00730	0.05561
2	0.07450	0.03018	0.02236	0.01895	0.02400	0.38188	0.01482	0.27807	0.02789	0.03267	0.01491	0.01612	0.01143	0.00867	0.00733	0.00220	0.01157	0.00588	0.00568	0.01088
3	0.28921	0.01983	0.01959	0.01553	0.02138	0.02223	0.01282	0.42971	0.02904	0.04498	0.01627	0.01690	0.01179	0.00877	0.00688	0.00241	0.00783	0.00615	0.00688	0.01179
4	0.03009	0.02392	0.02365	0.01848	0.02458	0.09731	0.01510	0.57828	0.03566	0.04663	0.01830	0.01852	0.01313	0.00937	0.00785	0.00234	0.00934	0.00692	0.00751	0.01302
5	0.00937	0.00803	0.00803	0.00803	0.01071	0.00669	0.00602	0.01138	0.01807	0.02142	0.08033	0.07632	0.66863	0.02008	0.00937	0.00268	0.00402	0.01674	0.00736	0.00669
6	0.01877	0.02125	0.04600	0.03425	0.07551	0.01999	0.60961	0.02534	0.01868	0.02543	0.01598	0.02130	0.01206	0.00671	0.00928	0.00266	0.01316	0.00923	0.00401	0.01080
7	0.01735	0.01735	0.02429	0.02082	0.02082	0.02429	0.01735	0.01908	0.01214	0.01908	0.01041	0.01735	0.01041	0.01388	0.02602	0.00347	0.70680	0.00694	0.00347	0.00867
8	0.01951	0.01877	0.03178	0.04725	0.63865	0.01912	0.02398	0.02407	0.01775	0.02556	0.01469	0.01951	0.01245	0.00741	0.00878	0.00241	0.04498	0.00706	0.00390	0.01236
9	0.77733	0.01534	0.01166	0.01043	0.01534	0.01779	0.00859	0.02331	0.01350	0.03558	0.01104	0.01288	0.00859	0.00736	0.00491	0.00245	0.00613	0.00429	0.00491	0.00859
10	0.01928	0.02206	0.04321	0.03146	0.03850	0.06270	0.54653	0.02522	0.01836	0.02445	0.01529	0.02058	0.01177	0.00743	0.01073	0.00271	0.07647	0.00887	0.00397	0.01042
11	0.01150	0.00782	0.00934	0.00934	0.00957	0.00806	0.00566	0.01197	0.01173	0.01588	0.02436	0.04842	0.02732	0.61043	0.14919	0.00854	0.00996	0.01102	0.00471	0.00519
12	0.01133	0.00850	0.01274	0.01274	0.01416	0.00991	0.00991	0.01416	0.01274	0.01841	0.02124	0.03115	0.01982	0.05947	0.68989	0.01274	0.02124	0.00850	0.00425	0.00708
13	0.01302	0.00878	0.00973	0.00967	0.00982	0.00856	0.00550	0.01262	0.01246	0.01677	0.02612	0.05301	0.02976	0.70533	0.04017	0.00782	0.00813	0.01185	0.00528	0.00561
14	0.01100	0.00799	0.01036	0.00998	0.01176	0.00735	0.00740	0.01444	0.02159	0.03028	0.58423	0.11973	0.09979	0.01717	0.00942	0.00257	0.00383	0.01520	0.00854	0.00735
15	0.01909	0.01632	0.01746	0.01600	0.02024	0.01876	0.01257	0.03980	0.59940	0.03231	0.03316	0.03503	0.02615	0.01177	0.00833	0.00278	0.00637	0.06438	0.00800	0.01207
16	0.77733	0.01534	0.01166	0.01043	0.01534	0.01779	0.00859	0.02331	0.01350	0.03558	0.01104	0.01288	0.00859	0.00736	0.00491	0.00245	0.00613	0.00429	0.00491	0.00859
17	0.01118	0.00806	0.01059	0.01026	0.01203	0.00748	0.00771	0.01474	0.02173	0.03060	0.59431	0.10849	0.07189	0.01709	0.00948	0.00260	0.00396	0.04183	0.00857	0.00740
18	0.01492	0.00853	0.00951	0.00916	0.01113	0.00896	0.00696	0.05595	0.01693	0.02805	0.02450	0.03013	0.02015	0.04786	0.14170	0.00426	0.00762	0.00776	0.53832	0.00760
19	0.02008	0.01878	0.03078	0.07384	0.58128	0.01918	0.02323	0.06306	0.04275	0.02741	0.01578	0.02002	0.01296	0.00739	0.00787	0.00238	0.00931	0.00714	0.00431	0.01246
20	0.02003	0.01710	0.06012	0.01629	0.02158	0.01570	0.05797	0.20201	0.08098	0.06023	0.02558	0.17729	0.02382	0.01245	0.00823	0.00244	0.00744	0.03070	0.00671	0.15334

[dist]
# distance from previous block
# <min> <max>
90	117

[block]
# block no. 12 follows, 24 sequences, length 16
# corresponding to MSA columns:
# 574-589
name=unknown_M
#
# <colnr> <probs for GDERKNQSTAVLIFYWHMCP>
#	G	D	E	R	K	N	Q	S	T	A	V	L	I	F	Y	W	H	M	C	P
0	0.02807	0.01760	0.02117	0.01674	0.02242	0.04392	0.05163	0.21866	0.10351	0.26790	0.02610	0.07146	0.01941	0.01045	0.00808	0.00245	0.00781	0.00868	0.00805	0.04588
1	0.02867	0.07747	0.02407	0.06104	0.02585	0.33906	0.01531	0.23569	0.02658	0.06959	0.01570	0.01697	0.01190	0.00861	0.00737	0.00219	0.01135	0.00602	0.00563	0.01093
2	0.02392	0.02715	0.02341	0.02046	0.02279	0.33218	0.01625	0.06842	0.01867	0.02138	0.01186	0.01606	0.01053	0.01093	0.01603	0.00273	0.33779	0.00611	0.00406	0.00925
3	0.01661	0.01471	0.01792	0.01345	0.01917	0.01315	0.01089	0.01980	0.01563	0.02457	0.01340	0.01661	0.01149	0.00738	0.00967	0.00161	0.13787	0.00512	0.00447	0.62645
4	0.00949	0.00804	0.00820	0.00816	0.01078	0.00675	0.00612	0.01161	0.01836	0.02209	0.11823	0.07521	0.63031	0.01983	0.00937	0.00267	0.00400	0.01658	0.00745	0.00675
5	0.01153	0.00769	0.00865	0.00865	0.00865	0.00769	0.00480	0.01153	0.01153	0.01538	0.02499	0.05189	0.02883	0.72131	0.04036	0.00769	0.00769	0.01153	0.00480	0.00480
6	0.01133	0.00850	0.01274	0.01274	0.01416	0.00991	0.00991	0.01416	0.01274	0.01841	0.02124	0.03115	0.01982	0.05947	0.68989	0.01274	0.02124	0.00850	0.00425	0.00708
7	0.01478	0.00739	0.00739	0.00739	0.00924	0.00739	0.00554	0.01848	0.01663	0.02956	0.02587	0.02956	0.02033	0.00924	0.00554	0.00185	0.00370	0.00739	0.76534	0.00739
8	0.77733	0.01534	0.01166	0.01043	0.01534	0.01779	0.00859	0.02331	0.01350	0.03558	0.01104	0.01288	0.00859	0.00736	0.00491	0.00245	0.00613	0.00429	0.00491	0.00859
9	0.01644	0.01409	0.01644	0.01175	0.01879	0.01057	0.00940	0.01997	0.01644	0.02584	0.01409	0.01644	0.01175	0.00587	0.00587	0.00117	0.00587	0.00470	0.00470	0.76979
10	0.01821	0.33876	0.40265	0.01868	0.02825	0.02405	0.02246	0.02452	0.01647	0.02231	0.01284	0.01499	0.01010	0.00721	0.00647	0.00216	0.01031	0.00516	0.00337	0.01105
11	0.05430	0.18915	0.09702	0.22965	0.14544	0.08324	0.01933	0.02314	0.01687	0.02201	0.01440	0.04531	0.01232	0.00814	0.00707	0.00231	0.00989	0.00657	0.00382	0.01002
12	0.07365	0.02688	0.02361	0.02210	0.09491	0.29184	0.04475	0.22667	0.02570	0.03179	0.01558	0.01749	0.01206	0.00842	0.00736	0.00223	0.01084	0.00625	0.04700	0.01088
13	0.01699	0.04366	0.01387	0.01128	0.01392	0.01310	0.00875	0.12580	0.04955	0.02989	0.09288	0.03494	0.06054	0.10948	0.01280	0.00300	0.05084	0.00906	0.29112	0.00850
14	0.01838	0.01476	0.01681	0.01303	0.01871	0.01332	0.01026	0.14449	0.05950	0.03046	0.04925	0.07575	0.01971	0.04119	0.00847	0.00202	0.00635	0.00759	0.00595	0.44401
15	0.05518	0.01703	0.01931	0.05736	0.02276	0.05602	0.03310	0.11478	0.06659	0.05348	0.01774	0.04858	0.01461	0.00840	0.00765	0.00194	0.03421	0.00665	0.00556	0.35905

[dist]
# distance from previous block
# <min> <max>
6	83

[block]
# block no. 13 follows, 24 sequences, length 49
# corresponding to MSA columns:
# 673-721
name=unknown_N
#
# <colnr> <probs for GDERKNQSTAVLIFYWHMCP>
#	G	D	E	R	K	N	Q	S	T	A	V	L	I	F	Y	W	H	M	C	P
0	0.01404	0.01272	0.03748	0.01484	0.03953	0.01124	0.04610	0.01906	0.07360	0.02562	0.13772	0.19041	0.06256	0.01434	0.00913	0.00246	0.03178	0.04836	0.00639	0.20262
1	0.05271	0.01165	0.01287	0.01164	0.01511	0.01140	0.00887	0.04786	0.14090	0.02732	0.12180	0.12226	0.16600	0.05635	0.01023	0.00278	0.00544	0.03382	0.00699	0.13402
2	0.07369	0.02183	0.11081	0.01982	0.06066	0.04697	0.06894	0.26514	0.05553	0.03584	0.07522	0.06680	0.04247	0.01058	0.00806	0.00250	0.00868	0.00882	0.00641	0.01124
3	0.02439	0.02433	0.02116	0.01912	0.05331	0.28553	0.04905	0.13644	0.02330	0.05461	0.02226	0.02745	0.05406	0.01013	0.00772	0.00228	0.01021	0.05616	0.07021	0.04830
4	0.01983	0.20017	0.29716	0.02098	0.07121	0.11199	0.02085	0.02810	0.11116	0.02403	0.01588	0.01752	0.01234	0.00788	0.00699	0.00227	0.01033	0.00591	0.00419	0.01119
5	0.08339	0.02058	0.07362	0.02647	0.06946	0.01944	0.31527	0.06425	0.01818	0.02709	0.01465	0.01900	0.01149	0.00787	0.01051	0.00254	0.10427	0.00756	0.00431	0.10006
6	0.05290	0.01894	0.02230	0.04101	0.02439	0.10567	0.10409	0.06258	0.09546	0.08420	0.04198	0.02109	0.01599	0.00795	0.00728	0.00202	0.00849	0.00679	0.00566	0.27119
7	0.10038	0.01988	0.01688	0.01470	0.01874	0.19966	0.01140	0.11695	0.02264	0.08976	0.15833	0.06213	0.05041	0.01314	0.03286	0.00270	0.00872	0.00890	0.00657	0.04526
8	0.01698	0.01683	0.02526	0.02412	0.11713	0.04091	0.09218	0.02004	0.01475	0.02128	0.01655	0.02250	0.03984	0.01824	0.11583	0.00434	0.32443	0.00769	0.00398	0.05713
9	0.02138	0.09085	0.02024	0.01497	0.01920	0.12463	0.01207	0.05615	0.07350	0.10146	0.07333	0.05380	0.02097	0.01178	0.02984	0.00255	0.08754	0.00768	0.04418	0.13389
10	0.01971	0.06525	0.08834	0.06236	0.39801	0.05933	0.10946	0.02566	0.04878	0.02509	0.01542	0.01942	0.01248	0.00731	0.00784	0.00238	0.01029	0.00709	0.00405	0.01175
11	0.01833	0.01866	0.02781	0.36671	0.17313	0.09145	0.10009	0.04305	0.01815	0.02297	0.01643	0.02168	0.03072	0.00803	0.00805	0.00252	0.01085	0.00742	0.00399	0.00994
12	0.08456	0.20125	0.30303	0.01868	0.02721	0.02042	0.07162	0.02602	0.01746	0.10909	0.03956	0.01870	0.01374	0.00788	0.00698	0.00231	0.00965	0.00620	0.00458	0.01106
13	0.01819	0.31823	0.39743	0.01989	0.05187	0.02369	0.02273	0.02453	0.01653	0.02252	0.01295	0.01522	0.01019	0.00721	0.00655	0.00217	0.01032	0.00525	0.00339	0.01112
14	0.01779	0.01811	0.08048	0.08533	0.05908	0.01623	0.15643	0.05325	0.01754	0.05251	0.01706	0.04928	0.01428	0.01290	0.06751	0.00322	0.07643	0.00772	0.00462	0.19025
15	0.02441	0.01225	0.01775	0.01448	0.01907	0.01108	0.06286	0.02849	0.04413	0.35727	0.16610	0.08140	0.06525	0.01301	0.00875	0.00261	0.00643	0.04517	0.00863	0.01087
16	0.01877	0.02435	0.16918	0.08780	0.25303	0.08971	0.04212	0.02512	0.05412	0.02518	0.04258	0.02048	0.01474	0.00781	0.00762	0.00229	0.00988	0.00682	0.00430	0.09411
17	0.05431	0.01488	0.02432	0.48345	0.18421	0.01737	0.02128	0.02106	0.01636	0.02247	0.01583	0.02458	0.01305	0.00857	0.00794	0.00263	0.00990	0.04435	0.00391	0.00952
18	0.33644	0.01818	0.12101	0.01648	0.07317	0.01551	0.01383	0.04871	0.01703	0.06723	0.05919	0.08920	0.02122	0.01098	0.00714	0.00263	0.00726	0.05962	0.00564	0.00953
19	0.01699	0.01511	0.02262	0.12809	0.28219	0.01616	0.01770	0.02477	0.15025	0.02516	0.02383	0.07148	0.02191	0.06999	0.01108	0.00310	0.00829	0.07547	0.00537	0.01045
20	0.06089	0.01509	0.02486	0.49667	0.14827	0.01784	0.04203	0.02098	0.01591	0.02204	0.01399	0.02038	0.01090	0.00839	0.00891	0.02184	0.03105	0.00696	0.00368	0.00932
21	0.01788	0.01921	0.03871	0.16873	0.09478	0.01911	0.41499	0.02381	0.01777	0.02423	0.01529	0.02082	0.01172	0.00714	0.00927	0.00259	0.03294	0.00839	0.00392	0.04871
22	0.01708	0.01485	0.01918	0.01454	0.02055	0.01298	0.06279	0.05915	0.05545	0.02690	0.01822	0.08281	0.01633	0.00857	0.00770	0.00175	0.03747	0.00724	0.00523	0.51121
23	0.01088	0.00838	0.01188	0.01218	0.01358	0.00765	0.04316	0.01263	0.01521	0.02062	0.03824	0.56771	0.04497	0.07581	0.01205	0.00336	0.00544	0.01947	0.00675	0.07004
24	0.43961	0.01593	0.05696	0.01247	0.01745	0.01565	0.01071	0.05408	0.03888	0.13662	0.02018	0.11440	0.01735	0.01043	0.00655	0.00257	0.00651	0.00783	0.00619	0.00965
25	0.02080	0.52623	0.17292	0.01602	0.02361	0.08341	0.01699	0.02469	0.01677	0.02006	0.01179	0.01369	0.01015	0.00706	0.00577	0.00189	0.00964	0.00465	0.00344	0.01042
26	0.01233	0.00832	0.01072	0.01056	0.01256	0.00762	0.00801	0.01543	0.02040	0.06605	0.40103	0.16309	0.14203	0.01818	0.00954	0.00273	0.00441	0.07115	0.00828	0.00756
27	0.05501	0.01345	0.01704	0.01294	0.01908	0.01127	0.01054	0.03042	0.02025	0.39723	0.06234	0.02484	0.01984	0.00878	0.00724	0.00203	0.00625	0.00712	0.00785	0.26649
28	0.02667	0.02176	0.02289	0.10955	0.02806	0.07954	0.01568	0.42857	0.11657	0.04115	0.01958	0.02034	0.01426	0.00936	0.00788	0.00243	0.00912	0.00720	0.00703	0.01237
29	0.01777	0.26422	0.44778	0.02060	0.05298	0.02267	0.02397	0.02464	0.01658	0.02303	0.01321	0.01553	0.01018	0.00727	0.00675	0.00224	0.01058	0.00537	0.00338	0.01125
30	0.01810	0.01728	0.02942	0.26362	0.46886	0.01844	0.02358	0.02300	0.01733	0.02405	0.01465	0.02012	0.01191	0.00735	0.00788	0.00245	0.00980	0.00706	0.00379	0.01133
31	0.00937	0.00803	0.00803	0.00803	0.01071	0.00669	0.00602	0.01138	0.01807	0.02142	0.08033	0.07632	0.66863	0.02008	0.00937	0.00268	0.00402	0.01674	0.00736	0.00669
32	0.02892	0.03236	0.02241	0.01955	0.02421	0.47579	0.01503	0.17837	0.07881	0.02782	0.01553	0.01670	0.01216	0.00871	0.00741	0.00218	0.01231	0.00591	0.00533	0.01049
33	0.01963	0.01884	0.03219	0.04867	0.67185	0.01884	0.02434	0.02434	0.01806	0.02591	0.01492	0.01963	0.01256	0.00707	0.00785	0.00236	0.00942	0.00707	0.00393	0.01256
34	0.01645	0.11165	0.61438	0.02167	0.03288	0.01975	0.02768	0.02497	0.01668	0.02445	0.01390	0.01633	0.01006	0.00746	0.00728	0.00243	0.01139	0.00569	0.00335	0.01156
35	0.02170	0.01737	0.01857	0.01624	0.02101	0.01977	0.01276	0.10446	0.55747	0.07122	0.03085	0.02835	0.02284	0.01058	0.00805	0.00264	0.00656	0.00872	0.00815	0.01270
36	0.01972	0.01703	0.01793	0.01614	0.02062	0.01972	0.01255	0.04214	0.65752	0.03317	0.03228	0.02959	0.02421	0.01076	0.00807	0.00269	0.00628	0.00897	0.00807	0.01255
37	0.01644	0.01409	0.01644	0.01175	0.01879	0.01057	0.00940	0.01997	0.01644	0.02584	0.01409	0.01644	0.01175	0.00587	0.00587	0.00117	0.00587	0.00470	0.00470	0.76979
38	0.00993	0.00709	0.00951	0.01134	0.01192	0.00667	0.00782	0.01150	0.01544	0.02054	0.04356	0.66286	0.05187	0.02459	0.01019	0.00326	0.00483	0.07321	0.00736	0.00651
