[name]
unknown

[dist]
# distance from previous block
# <min> <max>
0	134

[block]
# block no. 0 follows, 25 sequences, length 22
# corresponding to MSA columns:
# 134-155
name=unknown_A
#
# <colnr> <probs for GDERKNQSTAVLIFYWHMCP>
#	G	D	E	R	K	N	Q	S	T	A	V	L	I	F	Y	W	H	M	C	P
0	0.02865	0.01506	0.01669	0.01373	0.01862	0.08938	0.01108	0.04655	0.03545	0.43769	0.06418	0.03282	0.06860	0.01098	0.00789	0.00240	0.00703	0.03729	0.04454	0.01136
1	0.02323	0.01671	0.01829	0.01468	0.01980	0.03966	0.01186	0.29432	0.05554	0.11142	0.02686	0.02735	0.09063	0.01600	0.09157	0.00345	0.00897	0.00800	0.00692	0.11474
2	0.19960	0.06544	0.01701	0.06976	0.01973	0.01716	0.01099	0.19128	0.04095	0.06484	0.01857	0.02037	0.01399	0.00847	0.00625	0.00219	0.00659	0.00628	0.21069	0.00984
3	0.25516	0.01570	0.06312	0.01629	0.09257	0.01501	0.01215	0.09275	0.04437	0.07164	0.13370	0.04646	0.02444	0.00989	0.00691	0.00237	0.00641	0.00786	0.07354	0.00967
4	0.01688	0.01488	0.02293	0.52319	0.09126	0.01777	0.01984	0.09512	0.04445	0.02450	0.01561	0.02101	0.01175	0.00804	0.00765	0.00250	0.00959	0.00699	0.03650	0.00950
5	0.05072	0.01307	0.01565	0.01350	0.01702	0.01395	0.01068	0.04282	0.18283	0.14253	0.18616	0.06169	0.03289	0.01206	0.00992	0.00250	0.08640	0.00965	0.03165	0.06431
6	0.01312	0.00824	0.01096	0.01079	0.01269	0.00760	0.00812	0.01612	0.01985	0.09368	0.39912	0.22496	0.05988	0.01780	0.00932	0.00271	0.00445	0.06476	0.00819	0.00764
7	0.36134	0.01376	0.01632	0.26603	0.02932	0.01586	0.01346	0.02257	0.01519	0.10259	0.01642	0.06747	0.01338	0.00889	0.00658	0.00252	0.00755	0.00686	0.00502	0.00888
8	0.02440	0.01838	0.01853	0.01554	0.01987	0.09483	0.01217	0.30000	0.07415	0.11189	0.02409	0.11913	0.02095	0.06957	0.03735	0.00324	0.00859	0.00943	0.00710	0.01079
9	0.01070	0.00768	0.00902	0.00943	0.01038	0.00729	0.00639	0.01200	0.01471	0.01915	0.09273	0.15305	0.17101	0.34563	0.02337	0.00504	0.00600	0.08448	0.00615	0.00579
10	0.01034	0.00776	0.01123	0.01218	0.01313	0.00734	0.04030	0.01214	0.01517	0.02018	0.04019	0.57829	0.04728	0.06069	0.01153	0.00340	0.00540	0.09003	0.00689	0.00652
11	0.32600	0.01301	0.01397	0.09645	0.01976	0.01446	0.01048	0.07052	0.04174	0.07569	0.04987	0.12104	0.02006	0.01248	0.00910	0.07625	0.00652	0.00845	0.00571	0.00846
12	0.01878	0.02056	0.10261	0.06886	0.41912	0.04949	0.02125	0.06774	0.01945	0.02702	0.09202	0.02319	0.01900	0.00827	0.00779	0.00234	0.00905	0.00752	0.00459	0.01134
13	0.07179	0.14521	0.01720	0.01136	0.01476	0.04323	0.00941	0.08921	0.01762	0.02685	0.01933	0.02327	0.01597	0.01878	0.15109	0.00413	0.00923	0.00655	0.29654	0.00848
14	0.30754	0.01340	0.01491	0.12176	0.02197	0.01405	0.01098	0.02439	0.02816	0.16529	0.04241	0.02239	0.04250	0.00859	0.00642	0.00227	0.00650	0.00650	0.04295	0.09703
15	0.06049	0.10272	0.02302	0.02090	0.13203	0.18848	0.01438	0.07328	0.06530	0.10320	0.06405	0.02144	0.01756	0.00888	0.00769	0.00221	0.03291	0.00674	0.04429	0.01043
16	0.01879	0.01296	0.01447	0.06145	0.01788	0.01423	0.01012	0.20005	0.09548	0.03235	0.02299	0.02778	0.01859	0.08713	0.04283	0.00321	0.00700	0.00779	0.29560	0.00931
17	0.13216	0.01354	0.01479	0.01234	0.01628	0.01417	0.00967	0.19252	0.02141	0.15870	0.02451	0.02894	0.05066	0.12358	0.04594	0.02081	0.00739	0.00797	0.09500	0.00964
18	0.04552	0.01535	0.01844	0.04965	0.06842	0.01644	0.01261	0.24371	0.09721	0.10813	0.02356	0.10602	0.02032	0.06473	0.01203	0.06398	0.00740	0.00925	0.00677	0.01045
19	0.06838	0.02132	0.06856	0.01778	0.02305	0.11459	0.08632	0.20456	0.11168	0.03241	0.07034	0.05990	0.06582	0.01061	0.00792	0.00244	0.00869	0.00881	0.00629	0.01052
20	0.01622	0.01680	0.09096	0.01386	0.01788	0.06136	0.01187	0.11021	0.09900	0.02671	0.06175	0.15438	0.13544	0.06828	0.01077	0.00295	0.00704	0.04293	0.00643	0.04517
21	0.02142	0.12464	0.02107	0.07105	0.02154	0.15360	0.01251	0.08343	0.03608	0.08823	0.04912	0.05590	0.01830	0.03473	0.03568	0.00273	0.03750	0.00737	0.06136	0.06373

[dist]
# distance from previous block
# <min> <max>
0	13

[block]
# block no. 1 follows, 25 sequences, length 141
# corresponding to MSA columns:
# 169-309
name=unknown_B
#
# <colnr> <probs for GDERKNQSTAVLIFYWHMCP>
#	G	D	E	R	K	N	Q	S	T	A	V	L	I	F	Y	W	H	M	C	P
0	0.01767	0.01407	0.01936	0.24491	0.03035	0.01534	0.03625	0.09611	0.12575	0.06652	0.10214	0.08540	0.02470	0.01066	0.00800	0.00246	0.00759	0.00929	0.00609	0.07734
1	0.01642	0.04671	0.03182	0.02291	0.02883	0.01594	0.35270	0.02117	0.01715	0.02416	0.04142	0.10852	0.01897	0.00932	0.00893	0.00237	0.03715	0.00972	0.03909	0.14671
2	0.01209	0.00997	0.01546	0.04084	0.01749	0.00927	0.08836	0.01552	0.01865	0.02597	0.31344	0.23137	0.05084	0.01609	0.00909	0.00260	0.00564	0.04047	0.00701	0.06983
3	0.01072	0.00820	0.01130	0.01140	0.01290	0.00747	0.03609	0.01264	0.01569	0.02136	0.11152	0.47153	0.06853	0.08642	0.01217	0.00327	0.00515	0.01792	0.00676	0.06899
4	0.08283	0.01538	0.01742	0.06870	0.02084	0.01688	0.01193	0.28388	0.02459	0.03567	0.10127	0.02594	0.02154	0.03878	0.04005	0.00293	0.03630	0.00774	0.09213	0.05521
5	0.01464	0.01378	0.02326	0.70887	0.05340	0.01723	0.02153	0.01981	0.01550	0.01981	0.01378	0.02067	0.01034	0.00775	0.00775	0.00258	0.01034	0.00689	0.00345	0.00861
6	0.01736	0.01889	0.03811	0.09684	0.03723	0.01904	0.45631	0.02282	0.01697	0.02338	0.01566	0.04498	0.01280	0.00816	0.01100	0.00267	0.10277	0.00888	0.00395	0.04218
7	0.00958	0.00773	0.00852	0.00862	0.01080	0.00668	0.00635	0.01183	0.01823	0.02294	0.19995	0.15094	0.47185	0.01941	0.00925	0.00265	0.00394	0.01657	0.00748	0.00668
8	0.01638	0.01016	0.01205	0.01063	0.01310	0.01084	0.03672	0.09240	0.01829	0.02997	0.02299	0.02670	0.01813	0.01136	0.03712	0.00246	0.04727	0.00731	0.56799	0.00813
9	0.06951	0.01111	0.01416	0.03991	0.01696	0.01159	0.03828	0.02138	0.15363	0.02970	0.35090	0.07535	0.04932	0.01426	0.00869	0.00263	0.00540	0.07113	0.00753	0.00856
10	0.02873	0.02135	0.02285	0.01769	0.02376	0.02370	0.01456	0.60864	0.08231	0.04767	0.01956	0.01937	0.01395	0.00940	0.00777	0.00235	0.00836	0.00711	0.00777	0.01312
11	0.02747	0.01824	0.02030	0.01558	0.02152	0.01898	0.01279	0.42434	0.03000	0.14668	0.02039	0.02028	0.01441	0.00886	0.00733	0.00215	0.00749	0.00682	0.06306	0.11329
12	0.02943	0.01365	0.01731	0.01372	0.01897	0.01289	0.01117	0.11063	0.07007	0.45710	0.10601	0.02947	0.02525	0.01035	0.00787	0.00239	0.00634	0.00849	0.03666	0.01221
13	0.01362	0.00851	0.01106	0.01157	0.01313	0.00809	0.00830	0.05219	0.01767	0.09450	0.09698	0.52241	0.04729	0.02095	0.00951	0.00297	0.00498	0.04108	0.00761	0.00757
14	0.01557	0.01255	0.01794	0.10235	0.02093	0.01533	0.03521	0.05383	0.01458	0.02124	0.01775	0.10428	0.01719	0.01562	0.01815	0.15218	0.24733	0.00875	0.10179	0.00744
15	0.09490	0.01438	0.02272	0.48698	0.15296	0.01691	0.01979	0.02052	0.01597	0.02290	0.04914	0.02158	0.01384	0.00799	0.00751	0.00251	0.00934	0.00700	0.00393	0.00914
16	0.01898	0.01821	0.03110	0.07765	0.65069	0.01837	0.02369	0.02361	0.01756	0.02508	0.01455	0.01926	0.01219	0.00695	0.00768	0.00232	0.00926	0.00691	0.00382	0.01211
17	0.02775	0.03408	0.02265	0.02138	0.05897	0.58967	0.01556	0.05814	0.02180	0.02066	0.01232	0.01465	0.01027	0.00832	0.00815	0.00211	0.05477	0.00529	0.00412	0.00933
18	0.01060	0.00977	0.04319	0.01330	0.01516	0.00819	0.07329	0.01286	0.01548	0.02061	0.04142	0.57032	0.09290	0.02138	0.00965	0.00302	0.00564	0.01957	0.00669	0.00697
19	0.06171	0.01414	0.01792	0.01399	0.01983	0.01312	0.01147	0.07314	0.08594	0.53009	0.02851	0.02522	0.01854	0.00942	0.00760	0.00237	0.00661	0.00757	0.00893	0.04389
20	0.03213	0.01491	0.01823	0.01431	0.01995	0.04352	0.01168	0.09330	0.04942	0.53433	0.06331	0.02691	0.02130	0.00987	0.00783	0.00239	0.00693	0.00797	0.00905	0.01265
21	0.02863	0.01653	0.07758	0.01481	0.02103	0.01366	0.01300	0.08832	0.08937	0.42645	0.02720	0.04752	0.01875	0.00965	0.00767	0.00235	0.00701	0.00786	0.00821	0.07441
22	0.67247	0.01675	0.04423	0.01229	0.01761	0.01784	0.04413	0.05164	0.01467	0.03443	0.01155	0.01349	0.00886	0.00727	0.00528	0.00241	0.00674	0.00466	0.00482	0.00886
23	0.01625	0.01453	0.01947	0.04206	0.02211	0.01159	0.07676	0.02009	0.01629	0.02500	0.01398	0.01677	0.01147	0.00591	0.00618	0.00136	0.00669	0.00516	0.00448	0.66386
24	0.01587	0.03655	0.58068	0.05485	0.05918	0.01812	0.07877	0.02434	0.01654	0.02439	0.01408	0.01704	0.01010	0.00730	0.00754	0.00247	0.01146	0.00610	0.00336	0.01128
25	0.02000	0.01823	0.03128	0.04522	0.61986	0.01809	0.04655	0.02459	0.01792	0.06073	0.01549	0.01964	0.01263	0.00704	0.00774	0.00232	0.00922	0.00704	0.00415	0.01226
26	0.01125	0.00761	0.00892	0.00892	0.00908	0.00777	0.00527	0.01157	0.01141	0.01538	0.02401	0.04841	0.02718	0.65050	0.11509	0.00809	0.00904	0.01093	0.00464	0.00495
27	0.02273	0.01837	0.01947	0.01648	0.02147	0.02089	0.01311	0.24803	0.45270	0.03799	0.02718	0.02544	0.02013	0.01011	0.00784	0.00253	0.00695	0.00816	0.00784	0.01258
28	0.01972	0.02478	0.30323	0.01909	0.02702	0.01452	0.09615	0.02566	0.01809	0.17811	0.04505	0.07093	0.01876	0.00962	0.00791	0.00244	0.00914	0.03073	0.00553	0.07351
29	0.01555	0.04011	0.68733	0.02210	0.03356	0.01801	0.02865	0.02455	0.01637	0.02455	0.01391	0.01637	0.00982	0.00737	0.00737	0.00246	0.01146	0.00573	0.00327	0.01146
30	0.01121	0.00778	0.00977	0.00977	0.01023	0.00823	0.00634	0.01212	0.01167	0.01601	0.02323	0.04407	0.02529	0.50737	0.25564	0.00914	0.01188	0.01030	0.00452	0.00543
31	0.00923	0.00786	0.00795	0.00793	0.01051	0.00657	0.00594	0.01126	0.01783	0.02132	0.10082	0.07400	0.65348	0.01950	0.00916	0.00261	0.00392	0.01628	0.00725	0.00657
32	0.01833	0.07984	0.11560	0.06596	0.26920	0.01978	0.26986	0.02407	0.01750	0.02422	0.01459	0.01905	0.01151	0.00683	0.00800	0.00240	0.01097	0.00742	0.00374	0.01111
33	0.01901	0.01939	0.05845	0.04602	0.62998	0.01845	0.04669	0.02386	0.01763	0.02528	0.01460	0.01914	0.01216	0.00691	0.00772	0.00232	0.00944	0.00694	0.00382	0.01218
34	0.01830	0.02092	0.04575	0.03268	0.04052	0.01961	0.65098	0.02484	0.01830	0.02484	0.01569	0.02092	0.01176	0.00654	0.00915	0.00261	0.01307	0.00915	0.00392	0.01046
35	0.01115	0.00809	0.00968	0.00917	0.01146	0.00717	0.00692	0.01413	0.02032	0.05103	0.42288	0.06317	0.30228	0.01707	0.00910	0.00251	0.00387	0.01469	0.00806	0.00724
36	0.05061	0.08821	0.58361	0.02195	0.05778	0.01891	0.02643	0.02435	0.01623	0.02459	0.01357	0.01603	0.00987	0.00729	0.00709	0.00239	0.01089	0.00559	0.00337	0.01125
37	0.01575	0.06720	0.66202	0.02175	0.03302	0.01850	0.02805	0.02450	0.01635	0.02431	0.01379	0.01622	0.00983	0.00734	0.00727	0.00242	0.01133	0.00567	0.00328	0.01140
38	0.01125	0.00764	0.00907	0.00907	0.00928	0.00785	0.00546	0.01167	0.01146	0.01549	0.02387	0.04763	0.02684	0.62492	0.14020	0.00827	0.00955	0.01082	0.00461	0.00504
39	0.02453	0.09651	0.20978	0.01990	0.02631	0.41966	0.01865	0.05636	0.02052	0.02181	0.01272	0.01473	0.01008	0.00776	0.00696	0.00211	0.01255	0.00522	0.00390	0.00995
40	0.00937	0.00786	0.00814	0.00807	0.01060	0.00663	0.00605	0.01153	0.01816	0.02210	0.14643	0.07272	0.60739	0.01921	0.00916	0.00260	0.00390	0.01610	0.00735	0.00663
41	0.78228	0.01499	0.01140	0.01020	0.01499	0.01739	0.00840	0.02279	0.01320	0.03479	0.01080	0.01260	0.00840	0.00720	0.00480	0.00240	0.00600	0.00420	0.00480	0.00840
42	0.01919	0.01842	0.03147	0.04759	0.67914	0.01842	0.02380	0.02380	0.01765	0.02533	0.01458	0.01919	0.01228	0.00691	0.00768	0.00230	0.00921	0.00691	0.00384	0.01228
43	0.01464	0.01378	0.02326	0.70887	0.05340	0.01723	0.02153	0.01981	0.01550	0.01981	0.01378	0.02067	0.01034	0.00775	0.00775	0.00258	0.01034	0.00689	0.00345	0.00861
44	0.01696	0.01696	0.02375	0.02036	0.02036	0.02375	0.01696	0.01866	0.01187	0.01866	0.01018	0.01696	0.01018	0.01357	0.02545	0.00339	0.71332	0.00679	0.00339	0.00848
45	0.00945	0.00675	0.00900	0.01080	0.01125	0.00630	0.00720	0.01080	0.01484	0.01979	0.04274	0.72245	0.05128	0.02429	0.00990	0.00315	0.00450	0.02204	0.00720	0.00630
46	0.03479	0.01320	0.01799	0.01380	0.01979	0.01140	0.01140	0.03779	0.02219	0.68451	0.03059	0.02639	0.01919	0.00960	0.00780	0.00240	0.00660	0.00780	0.00960	0.01320
47	0.02896	0.03695	0.02197	0.01998	0.02397	0.69638	0.01498	0.03096	0.02197	0.01898	0.01199	0.01398	0.00999	0.00799	0.00699	0.00200	0.01398	0.00499	0.00400	0.00899
48	0.01199	0.00876	0.01179	0.01330	0.01521	0.00856	0.01149	0.01531	0.01782	0.02286	0.04677	0.08550	0.14094	0.02115	0.01047	0.00342	0.00665	0.53381	0.00715	0.00705
49	0.01249	0.00892	0.01249	0.01428	0.01606	0.00892	0.01249	0.01606	0.01785	0.02320	0.04105	0.08746	0.04462	0.02142	0.01071	0.00357	0.00714	0.62695	0.00714	0.00714
50	0.71796	0.04525	0.04199	0.01084	0.01600	0.01796	0.00948	0.02289	0.01344	0.03367	0.01093	0.01275	0.00852	0.00718	0.00492	0.00237	0.00633	0.00426	0.00467	0.00859
51	0.01555	0.04011	0.68733	0.02210	0.03356	0.01801	0.02865	0.02455	0.01637	0.02455	0.01391	0.01637	0.00982	0.00737	0.00737	0.00246	0.01146	0.00573	0.00327	0.01146
52	0.02073	0.73217	0.04063	0.01327	0.01990	0.03068	0.01327	0.02322	0.01575	0.01824	0.01078	0.01244	0.00995	0.00663	0.00498	0.00166	0.00829	0.00415	0.00332	0.00995
53	0.01654	0.01405	0.01633	0.01170	0.01857	0.01081	0.00938	0.04134	0.01678	0.02608	0.01395	0.01617	0.01154	0.00586	0.00581	0.00119	0.00584	0.00468	0.00470	0.74869
54	0.01596	0.09475	0.63628	0.02140	0.03248	0.01901	0.02743	0.02445	0.01632	0.02406	0.01367	0.01606	0.00983	0.00731	0.00718	0.00239	0.01121	0.00560	0.00328	0.01134
55	0.02369	0.02530	0.01959	0.01760	0.02189	0.30179	0.01349	0.05925	0.37403	0.02742	0.02292	0.02232	0.01758	0.00942	0.00751	0.00236	0.00950	0.00713	0.00626	0.01094
56	0.01128	0.00752	0.00846	0.00846	0.00846	0.00752	0.00470	0.01128	0.01128	0.01503	0.02443	0.05074	0.02819	0.72751	0.03946	0.00752	0.00752	0.01128	0.00470	0.00470
57	0.02095	0.01748	0.01847	0.01612	0.02080	0.02007	0.01268	0.14146	0.56215	0.03513	0.02944	0.02724	0.02195	0.01032	0.00787	0.00258	0.00653	0.00847	0.00787	0.01242
58	0.01830	0.02092	0.04575	0.03268	0.04052	0.01961	0.65098	0.02484	0.01830	0.02484	0.01569	0.02092	0.01176	0.00654	0.00915	0.00261	0.01307	0.00915	0.00392	0.01046
59	0.04442	0.03764	0.61087	0.02250	0.03342	0.01811	0.07756	0.02451	0.01641	0.02496	0.01394	0.01659	0.00992	0.00729	0.00741	0.00247	0.01138	0.00595	0.00338	0.01126
60	0.02073	0.73217	0.04063	0.01327	0.01990	0.03068	0.01327	0.02322	0.01575	0.01824	0.01078	0.01244	0.00995	0.00663	0.00498	0.00166	0.00829	0.00415	0.00332	0.00995
61	0.00942	0.00786	0.00820	0.00812	0.01063	0.00665	0.00609	0.01162	0.01827	0.02236	0.16156	0.07230	0.59210	0.01911	0.00916	0.00259	0.00389	0.01604	0.00739	0.00665
62	0.02073	0.73217	0.04063	0.01327	0.01990	0.03068	0.01327	0.02322	0.01575	0.01824	0.01078	0.01244	0.00995	0.00663	0.00498	0.00166	0.00829	0.00415	0.00332	0.00995
63	0.01504	0.01419	0.02398	0.65057	0.10857	0.01733	0.02173	0.02016	0.01569	0.02030	0.01385	0.02054	0.01051	0.00768	0.00775	0.00256	0.01024	0.00689	0.00348	0.00894
64	0.02827	0.02056	0.02198	0.01699	0.02284	0.02270	0.01399	0.60240	0.03484	0.04727	0.01915	0.01944	0.01372	0.00929	0.00757	0.00229	0.00814	0.00700	0.06886	0.01271
65	0.00916	0.00785	0.00785	0.00785	0.01047	0.00655	0.00589	0.01113	0.01767	0.02095	0.07855	0.07462	0.67599	0.01964	0.00916	0.00262	0.00393	0.01636	0.00720	0.00655
66	0.03350	0.01383	0.01867	0.01524	0.04384	0.01241	0.01200	0.06149	0.04378	0.61427	0.02957	0.02591	0.01886	0.00952	0.00779	0.00240	0.00675	0.00777	0.00926	0.01313
67	0.01108	0.00831	0.01246	0.01246	0.01385	0.00969	0.00969	0.01385	0.01246	0.01800	0.02077	0.03046	0.01938	0.05815	0.69678	0.01246	0.02077	0.00831	0.00415	0.00692
68	0.00945	0.00675	0.00900	0.01080	0.01125	0.00630	0.00720	0.01080	0.01484	0.01979	0.04274	0.72245	0.05128	0.02429	0.00990	0.00315	0.00450	0.02204	0.00720	0.00630
69	0.01128	0.00752	0.00846	0.00846	0.00846	0.00752	0.00470	0.01128	0.01128	0.01503	0.02443	0.05074	0.02819	0.72751	0.03946	0.00752	0.00752	0.01128	0.00470	0.00470
70	0.01608	0.01378	0.01608	0.01148	0.01837	0.01034	0.00919	0.01952	0.01608	0.02527	0.01378	0.01608	0.01148	0.00574	0.00574	0.00115	0.00574	0.00459	0.00459	0.77491
71	0.02947	0.02172	0.02327	0.01784	0.02404	0.02404	0.01474	0.65329	0.03646	0.04887	0.01862	0.01862	0.01319	0.00931	0.00776	0.00233	0.00853	0.00698	0.00776	0.01319
72	0.67096	0.01599	0.01315	0.01133	0.01633	0.01838	0.00933	0.11602	0.01663	0.03687	0.01195	0.01349	0.00911	0.00751	0.00524	0.00239	0.00637	0.00461	0.00524	0.00911
73	0.00945	0.00675	0.00900	0.01080	0.01125	0.00630	0.00720	0.01080	0.01484	0.01979	0.04274	0.72245	0.05128	0.02429	0.00990	0.00315	0.00450	0.02204	0.00720	0.00630
74	0.01127	0.00755	0.00862	0.00862	0.00867	0.00760	0.00490	0.01138	0.01132	0.01515	0.02428	0.04992	0.02783	0.70051	0.06598	0.00772	0.00805	0.01116	0.00468	0.00479
75	0.01738	0.18799	0.51323	0.02010	0.03012	0.05717	0.02462	0.02461	0.01654	0.02290	0.01314	0.01540	0.00986	0.00724	0.00683	0.00226	0.01092	0.00535	0.00332	0.01100
76	0.01929	0.01884	0.03063	0.08561	0.61771	0.04368	0.02333	0.02383	0.01769	0.02477	0.01444	0.01908	0.01208	0.00700	0.00765	0.00231	0.00946	0.00684	0.00382	0.01194
77	0.04481	0.01763	0.02712	0.27310	0.37870	0.05460	0.02174	0.02257	0.01677	0.02315	0.01387	0.01911	0.01127	0.00752	0.00824	0.00243	0.03640	0.00670	0.00373	0.01055
78	0.03479	0.01320	0.01799	0.01380	0.01979	0.01140	0.01140	0.03779	0.02219	0.68451	0.03059	0.02639	0.01919	0.00960	0.00780	0.00240	0.00660	0.00780	0.00960	0.01320
79	0.01528	0.01460	0.02480	0.59207	0.10271	0.01776	0.04503	0.02027	0.01559	0.02039	0.01373	0.02036	0.01054	0.00795	0.00875	0.00261	0.04812	0.00697	0.00349	0.00898
80	0.01608	0.01378	0.01608	0.01148	0.01837	0.01034	0.00919	0.01952	0.01608	0.02527	0.01378	0.01608	0.01148	0.00574	0.00574	0.00115	0.00574	0.00459	0.00459	0.77491
81	0.00999	0.00732	0.00927	0.00996	0.01113	0.00672	0.00695	0.01213	0.01742	0.02349	0.25646	0.38611	0.14114	0.05146	0.01084	0.00303	0.00427	0.01815	0.00753	0.00660
82	0.01249	0.00892	0.01249	0.01428	0.01606	0.00892	0.01249	0.01606	0.01785	0.02320	0.04105	0.08746	0.04462	0.02142	0.01071	0.00357	0.00714	0.62695	0.00714	0.00714
83	0.01919	0.01842	0.03147	0.04759	0.67914	0.01842	0.02380	0.02380	0.01765	0.02533	0.01458	0.01919	0.01228	0.00691	0.00768	0.00230	0.00921	0.00691	0.00384	0.01228
84	0.01696	0.01696	0.02375	0.02036	0.02036	0.02375	0.01696	0.01866	0.01187	0.01866	0.01018	0.01696	0.01018	0.01357	0.02545	0.00339	0.71332	0.00679	0.00339	0.00848
85	0.01608	0.01378	0.01608	0.01148	0.01837	0.01034	0.00919	0.01952	0.01608	0.02527	0.01378	0.01608	0.01148	0.00574	0.00574	0.00115	0.00574	0.00459	0.00459	0.77491
86	0.01897	0.52000	0.21096	0.01547	0.02319	0.02640	0.01711	0.02323	0.01616	0.02042	0.03785	0.01528	0.01241	0.00719	0.00577	0.00190	0.00895	0.00496	0.00351	0.01025
87	0.01496	0.03569	0.58691	0.02110	0.03128	0.01677	0.04974	0.02304	0.01640	0.02408	0.01882	0.06675	0.04250	0.00903	0.00769	0.00252	0.01071	0.00743	0.00374	0.01085
88	0.00931	0.00782	0.00808	0.00809	0.01058	0.00659	0.00604	0.01137	0.01790	0.02165	0.12127	0.09435	0.61143	0.01951	0.00919	0.00262	0.00393	0.01638	0.00730	0.00659
89	0.01116	0.00754	0.00842	0.00842	0.00857	0.00746	0.00476	0.01127	0.01162	0.01535	0.02734	0.05202	0.06300	0.68947	0.03784	0.00725	0.00732	0.01155	0.00483	0.00480
90	0.01608	0.01378	0.01608	0.01148	0.01837	0.01034	0.00919	0.01952	0.01608	0.02527	0.01378	0.01608	0.01148	0.00574	0.00574	0.00115	0.00574	0.00459	0.00459	0.77491
91	0.01892	0.01815	0.03099	0.08664	0.64219	0.01835	0.02366	0.02356	0.01753	0.02501	0.01454	0.01928	0.01217	0.00696	0.00768	0.00232	0.00928	0.00691	0.00381	0.01207
92	0.01830	0.02092	0.04575	0.03268	0.04052	0.01961	0.65098	0.02484	0.01830	0.02484	0.01569	0.02092	0.01176	0.00654	0.00915	0.00261	0.01307	0.00915	0.00392	0.01046
93	0.01780	0.01582	0.02496	0.38417	0.17744	0.01798	0.04746	0.05295	0.11145	0.04763	0.01742	0.02168	0.01318	0.00806	0.00782	0.00251	0.00940	0.00730	0.00460	0.01036
94	0.03479	0.01320	0.01799	0.01380	0.01979	0.01140	0.01140	0.03779	0.02219	0.68451	0.03059	0.02639	0.01919	0.00960	0.00780	0.00240	0.00660	0.00780	0.00960	0.01320
95	0.01053	0.00791	0.00975	0.00929	0.01131	0.00713	0.00697	0.01378	0.02091	0.02862	0.52960	0.06199	0.22015	0.01677	0.00915	0.00248	0.00372	0.01459	0.00821	0.00713
96	0.01830	0.02092	0.04575	0.03268	0.04052	0.01961	0.65098	0.02484	0.01830	0.02484	0.01569	0.02092	0.01176	0.00654	0.00915	0.00261	0.01307	0.00915	0.00392	0.01046
97	0.01347	0.00673	0.01010	0.01010	0.01010	0.00673	0.00673	0.01010	0.01010	0.01347	0.01347	0.02357	0.01347	0.02694	0.03030	0.77441	0.00673	0.00673	0.00337	0.00337
98	0.64369	0.10404	0.01571	0.01103	0.01614	0.01943	0.00937	0.06008	0.01489	0.03357	0.01126	0.01293	0.00887	0.00725	0.00499	0.00230	0.00643	0.00436	0.00479	0.00887
99	0.02253	0.02586	0.32579	0.01822	0.02664	0.01489	0.04238	0.02926	0.04595	0.25789	0.02160	0.02319	0.01518	0.00865	0.00761	0.00239	0.00900	0.02942	0.00596	0.06760
100	0.02047	0.67493	0.06471	0.01509	0.04909	0.02967	0.01431	0.02329	0.01586	0.01879	0.01106	0.01288	0.01005	0.00667	0.00518	0.00172	0.00845	0.00433	0.00334	0.01011
101	0.59538	0.01495	0.01473	0.14499	0.05798	0.01742	0.01172	0.02228	0.01387	0.03143	0.01157	0.01448	0.00897	0.00729	0.00551	0.00243	0.00700	0.00486	0.00449	0.00865
102	0.01464	0.01378	0.02326	0.70887	0.05340	0.01723	0.02153	0.01981	0.01550	0.01981	0.01378	0.02067	0.01034	0.00775	0.00775	0.00258	0.01034	0.00689	0.00345	0.00861
103	0.01608	0.01378	0.01608	0.01148	0.01837	0.01034	0.00919	0.01952	0.01608	0.02527	0.01378	0.01608	0.01148	0.00574	0.00574	0.00115	0.00574	0.00459	0.00459	0.77491
104	0.01117	0.00747	0.00849	0.00859	0.00862	0.00745	0.00485	0.01125	0.01149	0.01532	0.02551	0.09041	0.02955	0.68598	0.03772	0.00726	0.00734	0.01191	0.00485	0.00479
105	0.01750	0.01786	0.02367	0.02034	0.02052	0.05385	0.01687	0.01921	0.01233	0.01867	0.01026	0.01683	0.01017	0.01332	0.02462	0.00333	0.68202	0.00671	0.00342	0.00850
106	0.01185	0.00807	0.00936	0.00919	0.00954	0.00829	0.00555	0.03271	0.01223	0.01646	0.02385	0.04755	0.02677	0.63365	0.10734	0.00786	0.00894	0.01082	0.00474	0.00521
107	0.00945	0.00675	0.00900	0.01080	0.01125	0.00630	0.00720	0.01080	0.01484	0.01979	0.04274	0.72245	0.05128	0.02429	0.00990	0.00315	0.00450	0.02204	0.00720	0.00630
108	0.01128	0.00752	0.00846	0.00846	0.00846	0.00752	0.00470	0.01128	0.01128	0.01503	0.02443	0.05074	0.02819	0.72751	0.03946	0.00752	0.00752	0.01128	0.00470	0.00470
109	0.01108	0.00831	0.01246	0.01246	0.01385	0.00969	0.00969	0.01385	0.01246	0.01800	0.02077	0.03046	0.01938	0.05815	0.69678	0.01246	0.02077	0.00831	0.00415	0.00692
110	0.01929	0.01666	0.01753	0.01578	0.02016	0.01929	0.01227	0.04120	0.66513	0.03243	0.03156	0.02893	0.02367	0.01052	0.00789	0.00263	0.00614	0.00877	0.00789	0.01227
111	0.78228	0.01499	0.01140	0.01020	0.01499	0.01739	0.00840	0.02279	0.01320	0.03479	0.01080	0.01260	0.00840	0.00720	0.00480	0.00240	0.00600	0.00420	0.00480	0.00840
112	0.01919	0.01842	0.03147	0.04759	0.67914	0.01842	0.02380	0.02380	0.01765	0.02533	0.01458	0.01919	0.01228	0.00691	0.00768	0.00230	0.00921	0.00691	0.00384	0.01228
113	0.01823	0.02153	0.07298	0.03121	0.03901	0.01952	0.58523	0.02579	0.05641	0.02527	0.01654	0.02118	0.01238	0.00681	0.00900	0.00261	0.01259	0.00897	0.00413	0.01061
114	0.02837	0.01957	0.02165	0.01696	0.02273	0.02132	0.01399	0.51310	0.05543	0.11846	0.02134	0.02284	0.01563	0.01175	0.03509	0.00279	0.00866	0.02980	0.00781	0.01269
115	0.01108	0.00828	0.01230	0.01230	0.01363	0.00961	0.00950	0.01375	0.01241	0.01788	0.02091	0.03125	0.01973	0.08436	0.67105	0.01227	0.02025	0.00842	0.00418	0.00684
116	0.01108	0.00831	0.01246	0.01246	0.01385	0.00969	0.00969	0.01385	0.01246	0.01800	0.02077	0.03046	0.01938	0.05815	0.69678	0.01246	0.02077	0.00831	0.00415	0.00692
117	0.02667	0.01966	0.02122	0.01675	0.02212	0.02168	0.01363	0.54339	0.05638	0.04401	0.02064	0.02505	0.01637	0.07532	0.01078	0.00287	0.00829	0.03562	0.00745	0.01210
118	0.00956	0.00682	0.00903	0.01068	0.01117	0.00638	0.00712	0.01095	0.01498	0.02005	0.06518	0.67575	0.05131	0.04749	0.01086	0.00327	0.00457	0.02139	0.00716	0.00628
119	0.01227	0.00877	0.01222	0.01386	0.01559	0.00872	0.01196	0.01575	0.01796	0.02352	0.07856	0.11334	0.04660	0.02122	0.01058	0.00348	0.00682	0.56445	0.00722	0.00711
120	0.01696	0.01696	0.02375	0.02036	0.02036	0.02375	0.01696	0.01866	0.01187	0.01866	0.01018	0.01696	0.01018	0.01357	0.02545	0.00339	0.71332	0.00679	0.00339	0.00848
121	0.01880	0.36464	0.31652	0.01750	0.02597	0.05488	0.01990	0.02511	0.05120	0.02175	0.01330	0.01508	0.01063	0.00722	0.00625	0.00207	0.00980	0.00511	0.00357	0.01068
122	0.01183	0.00924	0.01098	0.01118	0.01320	0.00920	0.00832	0.01785	0.13793	0.02547	0.20827	0.26288	0.16254	0.01855	0.00926	0.00281	0.00468	0.06037	0.00766	0.00777
123	0.01137	0.00864	0.01299	0.01249	0.01392	0.00963	0.03237	0.01390	0.01291	0.01838	0.04967	0.03434	0.02277	0.15451	0.54327	0.01092	0.01776	0.00903	0.00442	0.00674
124	0.54515	0.07147	0.06833	0.01232	0.01793	0.01877	0.01113	0.07307	0.04019	0.06207	0.01328	0.01456	0.01004	0.00756	0.00549	0.00235	0.00683	0.00486	0.00512	0.00948
125	0.01901	0.01824	0.03115	0.07372	0.65442	0.01838	0.02371	0.02364	0.01757	0.02511	0.01455	0.01925	0.01220	0.00694	0.00768	0.00231	0.00926	0.00691	0.00382	0.01214
126	0.01147	0.00825	0.01006	0.01015	0.01230	0.00749	0.00793	0.01426	0.01890	0.04917	0.25444	0.09356	0.28268	0.04364	0.01053	0.00294	0.00476	0.14277	0.00761	0.00709
127	0.00978	0.00728	0.01037	0.01162	0.01234	0.00680	0.03129	0.01132	0.01497	0.01998	0.04172	0.69619	0.04980	0.02363	0.00987	0.00313	0.00482	0.02156	0.00707	0.00645
128	0.05944	0.08582	0.02333	0.02178	0.14801	0.20087	0.01476	0.05069	0.02075	0.24314	0.04382	0.02072	0.01591	0.00850	0.00722	0.00220	0.00919	0.00659	0.00609	0.01116
129	0.01090	0.00787	0.00932	0.00934	0.01139	0.00694	0.00686	0.01330	0.01857	0.05276	0.25225	0.20947	0.32473	0.01905	0.00926	0.00267	0.00409	0.01651	0.00772	0.00702
130	0.01555	0.04011	0.68733	0.02210	0.03356	0.01801	0.02865	0.02455	0.01637	0.02455	0.01391	0.01637	0.00982	0.00737	0.00737	0.00246	0.01146	0.00573	0.00327	0.01146
131	0.01880	0.01802	0.03077	0.10430	0.62548	0.01832	0.02360	0.02345	0.01747	0.02486	0.01452	0.01932	0.01211	0.00698	0.00768	0.00233	0.00931	0.00691	0.00380	0.01197
132	0.01468	0.01361	0.02067	0.07781	0.05686	0.01725	0.04249	0.01749	0.01338	0.01967	0.04162	0.02386	0.01609	0.02777	0.25148	0.00630	0.31914	0.00772	0.00391	0.00820
133	0.01801	0.02292	0.11280	0.03157	0.03980	0.01944	0.58594	0.02481	0.01810	0.02481	0.01550	0.02044	0.01156	0.00662	0.00896	0.00260	0.01290	0.00879	0.00385	0.01056
134	0.02030	0.70058	0.03931	0.01311	0.01954	0.02966	0.01301	0.02284	0.01602	0.01880	0.03975	0.01442	0.01271	0.00704	0.00516	0.00169	0.00809	0.00458	0.00354	0.00984
135	0.01662	0.01534	0.02473	0.38524	0.11536	0.01800	0.06651	0.07432	0.01716	0.02301	0.01572	0.05174	0.01340	0.03811	0.01122	0.00285	0.08936	0.00790	0.00411	0.00930
136	0.01041	0.00744	0.01009	0.01178	0.01269	0.00712	0.00877	0.01251	0.01602	0.02126	0.06775	0.50779	0.05019	0.02310	0.01011	0.00324	0.00525	0.20067	0.00723	0.00659
137	0.01481	0.01387	0.02334	0.62175	0.10519	0.01685	0.02110	0.01976	0.01566	0.02028	0.01511	0.05115	0.01229	0.00840	0.00784	0.00258	0.00998	0.00755	0.00364	0.00883
138	0.06019	0.02078	0.01982	0.01600	0.02152	0.17878	0.01285	0.16622	0.02483	0.36553	0.02284	0.02125	0.01530	0.00906	0.00748	0.00229	0.00876	0.00682	0.00768	0.01200
139	0.01887	0.02034	0.08943	0.04534	0.62209	0.01839	0.02422	0.02386	0.01754	0.02526	0.01453	0.01894	0.01206	0.00695	0.00765	0.00232	0.00941	0.00680	0.00379	0.01221
140	0.74820	0.04709	0.01270	0.01033	0.01521	0.01799	0.00861	0.02281	0.01331	0.03405	0.01080	0.01259	0.00847	0.00717	0.00481	0.00237	0.00610	0.00420	0.00473	0.00847

[dist]
# distance from previous block
# <min> <max>
0	2

[block]
# block no. 2 follows, 25 sequences, length 7
# corresponding to MSA columns:
# 312-318
name=unknown_C
#
# <colnr> <probs for GDERKNQSTAVLIFYWHMCP>
#	G	D	E	R	K	N	Q	S	T	A	V	L	I	F	Y	W	H	M	C	P
0	0.02504	0.01916	0.02074	0.01661	0.02222	0.02091	0.01356	0.42308	0.17608	0.04163	0.02235	0.02451	0.01714	0.00993	0.00777	0.00236	0.00766	0.04120	0.00747	0.08058
1	0.02076	0.01987	0.07726	0.02736	0.15865	0.01791	0.21352	0.08888	0.09973	0.08840	0.01874	0.02099	0.01398	0.00763	0.00795	0.00234	0.00951	0.00759	0.00531	0.09361
2	0.02022	0.51396	0.12341	0.01568	0.02205	0.07572	0.01583	0.02346	0.01586	0.01918	0.01122	0.01356	0.00996	0.00757	0.00763	0.00197	0.08472	0.00470	0.00337	0.00992
3	0.13600	0.05212	0.01683	0.01305	0.01802	0.01525	0.01053	0.03083	0.22916	0.18318	0.07671	0.02755	0.04814	0.00981	0.00714	0.00230	0.00601	0.00782	0.00721	0.10235
4	0.01961	0.02002	0.03083	0.11590	0.48900	0.08754	0.07648	0.02418	0.01792	0.02404	0.01433	0.01897	0.01179	0.00708	0.00774	0.00233	0.01015	0.00690	0.00382	0.01139
5	0.04314	0.02056	0.03271	0.04828	0.12498	0.09108	0.29762	0.07084	0.03560	0.04892	0.01698	0.04979	0.01381	0.00815	0.00874	0.00245	0.03180	0.00825	0.00466	0.04164
6	0.00964	0.00782	0.00863	0.00914	0.01132	0.00682	0.00695	0.01172	0.01726	0.02106	0.06813	0.17688	0.49723	0.02059	0.00948	0.00282	0.00443	0.09631	0.00719	0.00658

[dist]
# distance from previous block
# <min> <max>
0	1

[block]
# block no. 3 follows, 25 sequences, length 190
# corresponding to MSA columns:
# 320-442,457-469,472-480,496-540
name=unknown_D
#
# <colnr> <probs for GDERKNQSTAVLIFYWHMCP>
#	G	D	E	R	K	N	Q	S	T	A	V	L	I	F	Y	W	H	M	C	P
0	0.05702	0.01871	0.02055	0.01619	0.02176	0.02022	0.01322	0.45483	0.06261	0.13354	0.05135	0.05462	0.01883	0.01032	0.00782	0.00240	0.00764	0.00810	0.00791	0.01237
1	0.00958	0.00683	0.00904	0.01067	0.01116	0.00639	0.00711	0.01098	0.01503	0.02012	0.06992	0.66890	0.05141	0.04934	0.01093	0.00328	0.00457	0.02130	0.00717	0.00628
2	0.39433	0.01442	0.01370	0.04459	0.01771	0.01618	0.00990	0.09921	0.09785	0.03376	0.10231	0.02704	0.08090	0.01011	0.00662	0.00245	0.00605	0.00756	0.00616	0.00916
3	0.37456	0.01496	0.01430	0.01278	0.01737	0.01675	0.01032	0.02985	0.24411	0.08327	0.02197	0.02503	0.01737	0.00955	0.00658	0.00253	0.00617	0.05180	0.00643	0.03430
4	0.02899	0.02148	0.02300	0.01774	0.02386	0.02382	0.01462	0.62433	0.06620	0.04809	0.01923	0.01910	0.01368	0.00937	0.00776	0.00234	0.00842	0.00707	0.00776	0.01314
5	0.01464	0.01378	0.02326	0.70887	0.05340	0.01723	0.02153	0.01981	0.01550	0.01981	0.01378	0.02067	0.01034	0.00775	0.00775	0.00258	0.01034	0.00689	0.00345	0.00861
6	0.01347	0.00673	0.01010	0.01010	0.01010	0.00673	0.00673	0.01010	0.01010	0.01347	0.01347	0.02357	0.01347	0.02694	0.03030	0.77441	0.00673	0.00673	0.00337	0.00337
7	0.00970	0.00689	0.00910	0.01076	0.01123	0.00649	0.00723	0.01104	0.01470	0.01958	0.04134	0.64859	0.04934	0.07524	0.01208	0.00348	0.00482	0.04515	0.00701	0.00621
8	0.01609	0.01303	0.01496	0.04839	0.01858	0.01442	0.01091	0.08549	0.31076	0.02872	0.06154	0.27940	0.03416	0.01548	0.00865	0.00278	0.00587	0.01353	0.00743	0.00980
9	0.01919	0.01842	0.03147	0.04759	0.67914	0.01842	0.02380	0.02380	0.01765	0.02533	0.01458	0.01919	0.01228	0.00691	0.00768	0.00230	0.00921	0.00691	0.00384	0.01228
10	0.05392	0.03885	0.65351	0.02150	0.03263	0.01798	0.02763	0.02447	0.01621	0.02507	0.01376	0.01618	0.00975	0.00736	0.00724	0.00245	0.01119	0.00565	0.00335	0.01131
11	0.01555	0.04011	0.68733	0.02210	0.03356	0.01801	0.02865	0.02455	0.01637	0.02455	0.01391	0.01637	0.00982	0.00737	0.00737	0.00246	0.01146	0.00573	0.00327	0.01146
12	0.00968	0.00698	0.00919	0.01073	0.01144	0.00650	0.00737	0.01132	0.01564	0.02084	0.09209	0.61520	0.08184	0.02332	0.00984	0.00309	0.00452	0.04670	0.00730	0.00642
13	0.04342	0.03842	0.63700	0.02209	0.03317	0.01805	0.05300	0.02450	0.01633	0.02494	0.01387	0.01642	0.00985	0.00733	0.00735	0.00246	0.01133	0.00581	0.00336	0.01131
14	0.01934	0.05277	0.30218	0.01763	0.02503	0.01549	0.04395	0.04886	0.06787	0.15245	0.10571	0.07041	0.02372	0.01023	0.00787	0.00247	0.00851	0.00860	0.00595	0.01095
15	0.01360	0.01202	0.01743	0.04243	0.01939	0.04256	0.11573	0.05680	0.01812	0.02377	0.09633	0.38056	0.06689	0.01783	0.00935	0.00286	0.00687	0.04317	0.00652	0.00780
16	0.00945	0.00675	0.00900	0.01080	0.01125	0.00630	0.00720	0.01080	0.01484	0.01979	0.04274	0.72245	0.05128	0.02429	0.00990	0.00315	0.00450	0.02204	0.00720	0.00630
17	0.01090	0.00787	0.01030	0.00980	0.01157	0.00727	0.00731	0.01445	0.02161	0.03056	0.64513	0.08936	0.07212	0.01625	0.00918	0.00247	0.00370	0.01440	0.00847	0.00727
18	0.01555	0.04011	0.68733	0.02210	0.03356	0.01801	0.02865	0.02455	0.01637	0.02455	0.01391	0.01637	0.00982	0.00737	0.00737	0.00246	0.01146	0.00573	0.00327	0.01146
19	0.05688	0.04856	0.01851	0.01546	0.01994	0.19749	0.01202	0.03184	0.29974	0.02739	0.07870	0.02446	0.02157	0.00940	0.00723	0.00221	0.00803	0.00730	0.00617	0.10708
20	0.00979	0.00803	0.00872	0.00898	0.01142	0.00697	0.00702	0.01209	0.01792	0.02182	0.10239	0.07584	0.54468	0.01973	0.00941	0.00276	0.00443	0.11406	0.00726	0.00668
21	0.02947	0.02172	0.02327	0.01784	0.02404	0.02404	0.01474	0.65329	0.03646	0.04887	0.01862	0.01862	0.01319	0.00931	0.00776	0.00233	0.00853	0.00698	0.00776	0.01319
22	0.02041	0.31554	0.06015	0.01482	0.02074	0.02345	0.01339	0.10881	0.21253	0.02727	0.01959	0.04603	0.01616	0.00879	0.00656	0.00210	0.00751	0.00669	0.00549	0.06396
23	0.01832	0.05529	0.03139	0.02481	0.05610	0.07735	0.22747	0.02181	0.01545	0.02107	0.01398	0.05235	0.01278	0.01065	0.01592	0.00287	0.32122	0.00804	0.00382	0.00932
24	0.02073	0.73217	0.04063	0.01327	0.01990	0.03068	0.01327	0.02322	0.01575	0.01824	0.01078	0.01244	0.00995	0.00663	0.00498	0.00166	0.00829	0.00415	0.00332	0.00995
25	0.01108	0.00831	0.01246	0.01246	0.01385	0.00969	0.00969	0.01385	0.01246	0.01800	0.02077	0.03046	0.01938	0.05815	0.69678	0.01246	0.02077	0.00831	0.00415	0.00692
26	0.02430	0.12712	0.04870	0.01621	0.02155	0.09756	0.03269	0.11077	0.17367	0.16752	0.02404	0.05412	0.01897	0.01014	0.00754	0.00238	0.00817	0.03654	0.00673	0.01127
27	0.01503	0.01429	0.02295	0.52562	0.04437	0.01841	0.02004	0.01932	0.01456	0.01948	0.01324	0.02021	0.01065	0.01103	0.03859	0.00315	0.17016	0.00692	0.00346	0.00852
28	0.01104	0.00742	0.00853	0.00876	0.00881	0.00736	0.00502	0.01121	0.01173	0.01564	0.02677	0.13671	0.03114	0.63750	0.03568	0.00696	0.00713	0.01265	0.00502	0.00490
29	0.00938	0.00751	0.00840	0.00893	0.01080	0.00652	0.00641	0.01127	0.01707	0.02129	0.10931	0.28095	0.43320	0.02086	0.00940	0.00278	0.00409	0.01802	0.00729	0.00652
30	0.01836	0.02075	0.04478	0.03369	0.08382	0.01953	0.60846	0.02477	0.01826	0.02487	0.01561	0.02080	0.01180	0.00656	0.00905	0.00259	0.01281	0.00900	0.00392	0.01058
31	0.00951	0.00679	0.00905	0.01076	0.01126	0.00634	0.00720	0.01094	0.01512	0.02023	0.06722	0.69671	0.05213	0.02396	0.00987	0.00312	0.00447	0.02173	0.00725	0.00634
32	0.01314	0.00890	0.01239	0.01392	0.01576	0.00878	0.01194	0.01647	0.01774	0.05078	0.04077	0.14593	0.04419	0.02120	0.01051	0.00348	0.00686	0.54267	0.00725	0.00731
33	0.01574	0.03893	0.65381	0.02178	0.03289	0.01807	0.02783	0.02539	0.04884	0.02495	0.01480	0.01700	0.01051	0.00752	0.00739	0.00246	0.01119	0.00588	0.00350	0.01150
34	0.01523	0.01454	0.02506	0.61716	0.10930	0.01745	0.05152	0.02041	0.01583	0.02055	0.01394	0.02055	0.01058	0.00762	0.00781	0.00256	0.01036	0.00700	0.00350	0.00903
35	0.00962	0.00694	0.00916	0.01087	0.01151	0.00647	0.00746	0.01114	0.01517	0.02006	0.04438	0.65145	0.08137	0.02389	0.00991	0.00315	0.00463	0.05927	0.00719	0.00636
36	0.00968	0.00699	0.00916	0.01049	0.01126	0.00647	0.00715	0.01143	0.01612	0.02167	0.14640	0.58463	0.08437	0.02271	0.00974	0.00301	0.00434	0.02048	0.00741	0.00647
37	0.03004	0.01977	0.02194	0.01693	0.02301	0.02129	0.01395	0.50078	0.06431	0.17470	0.02163	0.02067	0.01489	0.00942	0.00777	0.00236	0.00803	0.00723	0.00813	0.01314
38	0.01153	0.00824	0.01139	0.01318	0.01455	0.00810	0.01083	0.01440	0.01690	0.02213	0.04158	0.28756	0.04672	0.02232	0.01045	0.00344	0.00631	0.43634	0.00716	0.00687
39	0.01749	0.01411	0.01648	0.01187	0.01869	0.01099	0.00953	0.04841	0.01725	0.05504	0.01473	0.01664	0.01190	0.00607	0.00592	0.00126	0.00590	0.00484	0.00495	0.70795
40	0.01187	0.00932	0.01261	0.01253	0.01403	0.03491	0.00972	0.01464	0.01296	0.01846	0.02062	0.02979	0.01906	0.05439	0.64443	0.01166	0.01985	0.00814	0.03399	0.00701
41	0.05351	0.01218	0.01278	0.01102	0.01413	0.01328	0.00876	0.19993	0.02169	0.03439	0.02202	0.02466	0.01698	0.00924	0.00701	0.00206	0.03870	0.00700	0.48161	0.00904
42	0.05808	0.04910	0.02106	0.01561	0.02126	0.01875	0.01293	0.32380	0.02728	0.24789	0.02212	0.04637	0.01599	0.00979	0.00830	0.00235	0.03857	0.00745	0.00769	0.04559
43	0.01407	0.01074	0.01235	0.01250	0.01473	0.03264	0.00957	0.04240	0.11841	0.05072	0.12217	0.27707	0.10041	0.01847	0.00932	0.00291	0.00563	0.13026	0.00747	0.00814
44	0.01555	0.04011	0.68733	0.02210	0.03356	0.01801	0.02865	0.02455	0.01637	0.02455	0.01391	0.01637	0.00982	0.00737	0.00737	0.00246	0.01146	0.00573	0.00327	0.01146
45	0.01615	0.03383	0.49854	0.02555	0.08787	0.01791	0.13245	0.02416	0.01701	0.02492	0.03937	0.01895	0.01276	0.00751	0.00776	0.00247	0.01125	0.00672	0.00363	0.01120
46	0.01700	0.08605	0.47538	0.02323	0.06272	0.04738	0.09558	0.02447	0.01682	0.02396	0.01383	0.01661	0.01026	0.00714	0.00731	0.00232	0.01112	0.00597	0.00347	0.04938
47	0.01142	0.00754	0.00859	0.00859	0.00875	0.00761	0.00498	0.01174	0.01158	0.01587	0.02429	0.04866	0.02735	0.65909	0.06986	0.00747	0.00797	0.01093	0.04277	0.00493
48	0.01035	0.00790	0.00950	0.00910	0.01120	0.00705	0.00683	0.01343	0.02048	0.02760	0.46977	0.06367	0.28062	0.01715	0.00915	0.00250	0.00375	0.01483	0.00808	0.00705
49	0.01301	0.01200	0.02177	0.01863	0.02156	0.01170	0.21129	0.01631	0.01619	0.02178	0.03240	0.38175	0.03593	0.01779	0.01053	0.00305	0.04216	0.09835	0.00597	0.00783
50	0.01823	0.01684	0.02772	0.39270	0.10056	0.01915	0.12432	0.12656	0.01949	0.02592	0.01481	0.02007	0.01121	0.00799	0.00876	0.00256	0.04154	0.00728	0.00428	0.01000
51	0.01157	0.00857	0.01154	0.01130	0.01200	0.00974	0.00807	0.01308	0.01192	0.01678	0.02159	0.03816	0.02250	0.34012	0.37033	0.00973	0.06311	0.00947	0.00433	0.00608
52	0.01464	0.01378	0.02326	0.70887	0.05340	0.01723	0.02153	0.01981	0.01550	0.01981	0.01378	0.02067	0.01034	0.00775	0.00775	0.00258	0.01034	0.00689	0.00345	0.00861
53	0.01643	0.01656	0.03092	0.40820	0.15609	0.01809	0.19726	0.02189	0.01665	0.02215	0.01445	0.02049	0.01106	0.00727	0.00813	0.00254	0.01091	0.00752	0.00364	0.00975
54	0.01726	0.01998	0.07118	0.05600	0.06290	0.01787	0.48677	0.02331	0.01803	0.02478	0.04945	0.04943	0.01623	0.00776	0.00883	0.00254	0.01162	0.00936	0.00425	0.04245
55	0.00945	0.00675	0.00900	0.01080	0.01125	0.00630	0.00720	0.01080	0.01484	0.01979	0.04274	0.72245	0.05128	0.02429	0.00990	0.00315	0.00450	0.02204	0.00720	0.00630
56	0.04617	0.06959	0.60662	0.02164	0.03248	0.01862	0.05126	0.02444	0.01629	0.02469	0.01372	0.01622	0.00985	0.00729	0.00723	0.00242	0.01116	0.00573	0.00336	0.01123
57	0.02141	0.01145	0.01420	0.01191	0.01590	0.01069	0.00945	0.07739	0.05473	0.27161	0.25183	0.04433	0.14554	0.01336	0.00847	0.00245	0.00532	0.01126	0.00861	0.01009
58	0.01786	0.01988	0.04225	0.03163	0.07032	0.01860	0.56618	0.02395	0.01803	0.02465	0.01678	0.05230	0.01356	0.00733	0.00898	0.00257	0.01221	0.00945	0.00409	0.03939
59	0.02971	0.02133	0.02303	0.01766	0.02385	0.02347	0.01459	0.62552	0.03581	0.07754	0.01916	0.01897	0.01346	0.00932	0.00776	0.00233	0.00844	0.00702	0.00784	0.01319
60	0.02148	0.01656	0.02170	0.13244	0.12835	0.01805	0.01649	0.26054	0.05703	0.05825	0.02322	0.03489	0.02021	0.01140	0.00840	0.00265	0.00843	0.14256	0.00640	0.01094
61	0.01970	0.02004	0.05759	0.06865	0.45701	0.04562	0.04747	0.06959	0.01848	0.02582	0.01430	0.01873	0.01183	0.00786	0.00955	0.00244	0.08283	0.00687	0.00405	0.01156
62	0.01767	0.01948	0.04078	0.08373	0.07133	0.01909	0.51331	0.02361	0.01750	0.02388	0.01548	0.02108	0.01197	0.00937	0.04182	0.00309	0.04406	0.00872	0.00387	0.01015
63	0.01425	0.01924	0.18907	0.01841	0.05446	0.01346	0.08957	0.02150	0.09520	0.02606	0.15822	0.07570	0.10762	0.01293	0.00866	0.00264	0.00772	0.06988	0.00599	0.00941
64	0.01064	0.00820	0.01025	0.04031	0.01325	0.00757	0.00768	0.01385	0.02025	0.02729	0.44646	0.06222	0.25059	0.01681	0.00914	0.00253	0.00415	0.03381	0.00786	0.00714
65	0.01700	0.01587	0.05236	0.01455	0.02174	0.01182	0.08464	0.02106	0.01658	0.04949	0.01463	0.01703	0.01172	0.00606	0.00629	0.00143	0.00690	0.00530	0.00464	0.62090
66	0.01885	0.01646	0.07379	0.01547	0.05008	0.01227	0.04222	0.04678	0.01777	0.10703	0.01727	0.04466	0.01392	0.00728	0.00661	0.00165	0.00688	0.00615	0.00526	0.48958
67	0.00949	0.00684	0.00900	0.01064	0.01123	0.00635	0.00715	0.01095	0.01522	0.02026	0.06749	0.67184	0.07727	0.02379	0.00984	0.00310	0.00444	0.02152	0.00725	0.00635
