[name]
unknown

[dist]
# distance from previous block
# <min> <max>
0	19

[block]
# block no. 0 follows, 22 sequences, length 23
# corresponding to MSA columns:
# 19-41
name=unknown_A
#
# <colnr> <probs for GDERKNQSTAVLIFYWHMCP>
#	G	D	E	R	K	N	Q	S	T	A	V	L	I	F	Y	W	H	M	C	P
0	0.01354	0.00943	0.01299	0.01476	0.01668	0.00943	0.01285	0.01736	0.01900	0.02529	0.04279	0.08927	0.04593	0.02201	0.01107	0.00369	0.00738	0.55837	0.06048	0.00766
1	0.02871	0.03568	0.02238	0.02019	0.02450	0.58106	0.01521	0.03102	0.02238	0.02074	0.01364	0.01638	0.01152	0.01217	0.05430	0.00286	0.01487	0.00557	0.00434	0.06249
2	0.01008	0.00738	0.00948	0.01116	0.01194	0.00678	0.00753	0.01161	0.01629	0.02136	0.05069	0.62304	0.13136	0.02539	0.01050	0.00330	0.00474	0.02284	0.00771	0.00678
3	0.76672	0.01607	0.01221	0.01092	0.01607	0.01864	0.00900	0.02442	0.01414	0.03727	0.01157	0.01350	0.00900	0.00771	0.00514	0.00257	0.00643	0.00450	0.00514	0.00900
4	0.02187	0.67192	0.08167	0.01480	0.02222	0.03204	0.01523	0.02496	0.01692	0.01996	0.01176	0.01358	0.01065	0.00716	0.00549	0.00183	0.00909	0.00455	0.00355	0.01076
5	0.76672	0.01607	0.01221	0.01092	0.01607	0.01864	0.00900	0.02442	0.01414	0.03727	0.01157	0.01350	0.00900	0.00771	0.00514	0.00257	0.00643	0.00450	0.00514	0.00900
6	0.01012	0.00723	0.00964	0.01157	0.01205	0.00675	0.00771	0.01157	0.01591	0.02121	0.04579	0.70262	0.05495	0.02603	0.01060	0.00337	0.00482	0.02362	0.00771	0.00675
7	0.01180	0.00877	0.01230	0.01492	0.05519	0.00842	0.01028	0.01436	0.01781	0.02394	0.11587	0.43133	0.05327	0.02298	0.01057	0.00334	0.00574	0.16397	0.00763	0.00752
8	0.01208	0.00805	0.00906	0.00906	0.00906	0.00805	0.00503	0.01208	0.01208	0.01611	0.02618	0.05436	0.03020	0.70804	0.04228	0.00805	0.00805	0.01208	0.00503	0.00503
9	0.01852	0.03855	0.55233	0.02520	0.07290	0.01889	0.05578	0.02730	0.01817	0.07231	0.01633	0.01872	0.01150	0.00800	0.00803	0.00262	0.01183	0.00654	0.00407	0.01242
10	0.01034	0.00744	0.00961	0.01111	0.01180	0.00693	0.00743	0.01188	0.01629	0.02165	0.08368	0.57643	0.09340	0.07444	0.01279	0.00363	0.00496	0.02187	0.00761	0.00671
11	0.01706	0.04019	0.58173	0.02521	0.03696	0.01953	0.11118	0.02635	0.01782	0.02635	0.01516	0.01820	0.01080	0.00777	0.00815	0.00265	0.01251	0.00663	0.00360	0.01213
12	0.02873	0.14812	0.02693	0.02026	0.02471	0.52636	0.01589	0.03093	0.02173	0.02018	0.01250	0.01493	0.01071	0.00872	0.00846	0.00218	0.05944	0.00533	0.00412	0.00976
13	0.76672	0.01607	0.01221	0.01092	0.01607	0.01864	0.00900	0.02442	0.01414	0.03727	0.01157	0.01350	0.00900	0.00771	0.00514	0.00257	0.00643	0.00450	0.00514	0.00900
14	0.02056	0.01974	0.03372	0.05099	0.65622	0.01974	0.02550	0.02550	0.01892	0.02714	0.01563	0.02056	0.01316	0.00740	0.00822	0.00247	0.00987	0.00740	0.00411	0.01316
15	0.01841	0.01473	0.01735	0.01245	0.01978	0.01114	0.00998	0.02207	0.01761	0.06460	0.01583	0.01788	0.01279	0.00640	0.00628	0.00131	0.00621	0.00512	0.00524	0.71481
16	0.01941	0.01857	0.03164	0.20121	0.51498	0.01944	0.02492	0.02449	0.01837	0.02575	0.01542	0.02094	0.01267	0.00762	0.00824	0.00254	0.01015	0.00740	0.00401	0.01223
17	0.01018	0.00737	0.00962	0.01129	0.01201	0.00682	0.00762	0.01179	0.01648	0.02186	0.07695	0.62762	0.09925	0.02524	0.01051	0.00330	0.00473	0.02277	0.00778	0.00682
18	0.01110	0.00907	0.00988	0.00957	0.01226	0.00817	0.00721	0.01516	0.06198	0.02639	0.24375	0.07153	0.44585	0.01922	0.00972	0.00275	0.00428	0.01627	0.00817	0.00766
19	0.01036	0.00737	0.00971	0.01134	0.01189	0.00690	0.00756	0.01189	0.01621	0.02174	0.08716	0.61784	0.05507	0.06724	0.01249	0.00361	0.00495	0.02231	0.00765	0.00672
20	0.01919	0.01264	0.01508	0.01414	0.01710	0.01295	0.01056	0.16188	0.07197	0.10525	0.03725	0.40989	0.03898	0.01924	0.00963	0.00303	0.00624	0.01691	0.00821	0.00986
21	0.02858	0.02843	0.06913	0.02022	0.02568	0.21915	0.01699	0.29442	0.05004	0.05753	0.01730	0.01875	0.01307	0.01001	0.01031	0.00255	0.09273	0.00682	0.00628	0.01201
22	0.01691	0.01597	0.02354	0.08563	0.02477	0.02082	0.05242	0.02071	0.04328	0.02159	0.01544	0.02253	0.01390	0.02138	0.13474	0.00507	0.40481	0.00784	0.03958	0.00906

[dist]
# distance from previous block
# <min> <max>
9	14

[block]
# block no. 1 follows, 22 sequences, length 6
# corresponding to MSA columns:
# 56-61
name=unknown_B
#
# <colnr> <probs for GDERKNQSTAVLIFYWHMCP>
#	G	D	E	R	K	N	Q	S	T	A	V	L	I	F	Y	W	H	M	C	P
0	0.01440	0.01195	0.01430	0.01206	0.01612	0.01080	0.00935	0.01902	0.06133	0.02794	0.21417	0.08625	0.12493	0.01361	0.00948	0.00226	0.04731	0.01135	0.00690	0.28645
1	0.01842	0.01725	0.02209	0.38786	0.04092	0.07331	0.01802	0.08387	0.01981	0.02547	0.02088	0.02524	0.06476	0.00918	0.00799	0.00242	0.00978	0.00763	0.00476	0.14034
2	0.02052	0.01407	0.01765	0.01458	0.01914	0.01383	0.01160	0.06561	0.06112	0.14030	0.02380	0.09817	0.02064	0.01915	0.11197	0.00400	0.07948	0.00892	0.00646	0.24898
3	0.02197	0.01515	0.02218	0.12347	0.11617	0.01499	0.05642	0.06061	0.06144	0.17970	0.03308	0.06906	0.11452	0.01159	0.00862	0.00260	0.00802	0.01016	0.00685	0.06340
4	0.02903	0.02905	0.02345	0.02098	0.04752	0.36947	0.04265	0.08118	0.07500	0.12365	0.01912	0.02045	0.01455	0.01258	0.05168	0.00307	0.01284	0.00683	0.00588	0.01103
5	0.01660	0.01240	0.01849	0.24729	0.09477	0.01299	0.01507	0.02055	0.01926	0.10213	0.13236	0.08004	0.16748	0.01361	0.00900	0.00273	0.00749	0.01184	0.00650	0.00939

[dist]
# distance from previous block
# <min> <max>
0	5

[block]
# block no. 2 follows, 22 sequences, length 8
# corresponding to MSA columns:
# 67-74
name=unknown_C
#
# <colnr> <probs for GDERKNQSTAVLIFYWHMCP>
#	G	D	E	R	K	N	Q	S	T	A	V	L	I	F	Y	W	H	M	C	P
0	0.01433	0.00837	0.01083	0.01121	0.01289	0.00774	0.00802	0.01682	0.01862	0.09974	0.16938	0.40198	0.05150	0.02017	0.00955	0.00293	0.00477	0.01797	0.10524	0.00797
1	0.02370	0.02196	0.02407	0.08979	0.14877	0.12825	0.01712	0.21332	0.02533	0.03239	0.02411	0.02620	0.08727	0.01041	0.00928	0.00249	0.04811	0.00812	0.00585	0.05344
2	0.02656	0.01876	0.02057	0.01642	0.02181	0.02008	0.01318	0.41166	0.05040	0.07638	0.02404	0.08987	0.01995	0.04429	0.00984	0.00274	0.00794	0.00925	0.05824	0.05802
3	0.01767	0.01654	0.02781	0.24719	0.38330	0.01765	0.02242	0.02234	0.01780	0.02450	0.01927	0.10963	0.01793	0.01011	0.00856	0.00268	0.00959	0.00950	0.00445	0.01108
4	0.01858	0.02043	0.04323	0.03353	0.08772	0.01925	0.50695	0.02477	0.01912	0.02602	0.02009	0.10158	0.01759	0.00925	0.00977	0.00284	0.01261	0.01123	0.00460	0.01084
5	0.20188	0.01333	0.01367	0.01156	0.01603	0.01320	0.00889	0.02374	0.09585	0.05409	0.06082	0.02807	0.02120	0.10625	0.01151	0.00293	0.00617	0.00748	0.09011	0.21321
6	0.02164	0.01552	0.01783	0.01412	0.01924	0.01518	0.01113	0.21643	0.02395	0.07409	0.05025	0.02768	0.01997	0.10491	0.07745	0.00389	0.00883	0.00785	0.02946	0.24060
7	0.01939	0.11123	0.11541	0.06062	0.16791	0.08247	0.01766	0.02397	0.01798	0.02569	0.01765	0.02155	0.01428	0.00868	0.00821	0.00231	0.05067	0.00672	0.21724	0.01036

[dist]
# distance from previous block
# <min> <max>
65	115

[block]
# block no. 3 follows, 22 sequences, length 21
# corresponding to MSA columns:
# 205-225
name=unknown_D
#
# <colnr> <probs for GDERKNQSTAVLIFYWHMCP>
#	G	D	E	R	K	N	Q	S	T	A	V	L	I	F	Y	W	H	M	C	P
0	0.08325	0.11313	0.02528	0.01774	0.02333	0.09232	0.01476	0.28507	0.07765	0.09824	0.01905	0.01962	0.01418	0.00982	0.00927	0.00250	0.06881	0.00686	0.00682	0.01230
1	0.01453	0.01118	0.04416	0.01318	0.01572	0.00977	0.01062	0.01950	0.07381	0.07839	0.20676	0.28354	0.05264	0.01962	0.01002	0.00309	0.00573	0.11096	0.00816	0.00862
2	0.01925	0.01105	0.01542	0.01550	0.07691	0.01013	0.01068	0.02308	0.02314	0.19631	0.42927	0.04926	0.05704	0.01431	0.00927	0.00259	0.00531	0.01255	0.00895	0.00999
3	0.01766	0.07653	0.01255	0.00926	0.01209	0.01057	0.00739	0.02136	0.01854	0.08520	0.08959	0.03219	0.02601	0.01023	0.00639	0.00204	0.00464	0.00822	0.54095	0.00859
4	0.01042	0.00745	0.00994	0.01163	0.01231	0.00697	0.00798	0.01220	0.01675	0.02248	0.10125	0.61655	0.05677	0.02506	0.01057	0.00332	0.00486	0.04875	0.00784	0.00689
5	0.02345	0.02075	0.02025	0.01769	0.02268	0.08146	0.01386	0.14146	0.48329	0.03639	0.02956	0.02767	0.02213	0.01080	0.00834	0.00270	0.00778	0.00870	0.00805	0.01299
6	0.15452	0.02408	0.02572	0.06983	0.02882	0.18850	0.12691	0.10667	0.07763	0.09182	0.01818	0.01996	0.01348	0.00870	0.00784	0.00253	0.01079	0.00709	0.00583	0.01110
7	0.01730	0.10040	0.57848	0.02345	0.03507	0.02057	0.06044	0.02620	0.01759	0.02573	0.01471	0.01743	0.01064	0.00778	0.00777	0.00257	0.01207	0.00618	0.00355	0.01208
8	0.01911	0.02588	0.15296	0.03310	0.04216	0.02072	0.52559	0.02656	0.01926	0.02656	0.01649	0.02159	0.01225	0.00715	0.00948	0.00277	0.01371	0.00919	0.00408	0.01139
9	0.01063	0.00793	0.01131	0.01240	0.01332	0.00740	0.03214	0.01249	0.01667	0.02240	0.09370	0.62391	0.05517	0.02454	0.01051	0.00329	0.00511	0.02238	0.00769	0.00701
10	0.01912	0.02259	0.07784	0.05606	0.04160	0.02002	0.52331	0.02594	0.01920	0.02644	0.01647	0.02173	0.01242	0.00703	0.00935	0.00266	0.01317	0.00913	0.00421	0.07171
11	0.01882	0.02249	0.09676	0.03121	0.08887	0.02145	0.34067	0.02443	0.01757	0.02486	0.01604	0.02340	0.01335	0.00965	0.01404	0.00301	0.18763	0.03084	0.00411	0.01079
12	0.00988	0.00819	0.00865	0.00901	0.01138	0.00696	0.00658	0.01186	0.01836	0.02221	0.07693	0.19718	0.54028	0.02198	0.00997	0.00291	0.00432	0.01868	0.00771	0.00696
13	0.01022	0.00730	0.00973	0.01150	0.01207	0.00681	0.00772	0.01181	0.01635	0.02191	0.08119	0.66520	0.05631	0.02550	0.01056	0.00333	0.00477	0.02311	0.00780	0.00681
14	0.03079	0.02924	0.02443	0.02010	0.02556	0.27196	0.01599	0.37633	0.03203	0.03881	0.01686	0.01799	0.01269	0.00963	0.00882	0.00241	0.04091	0.00666	0.00658	0.01220
15	0.02368	0.01943	0.01943	0.01647	0.02138	0.07242	0.01304	0.22548	0.25761	0.05899	0.09136	0.03374	0.08608	0.01209	0.00859	0.00263	0.00762	0.00974	0.00813	0.01211
16	0.01092	0.00842	0.00973	0.00942	0.01159	0.00749	0.00691	0.01369	0.02048	0.02698	0.34476	0.06934	0.32964	0.07913	0.01264	0.00317	0.00441	0.01588	0.00815	0.00723
17	0.02177	0.02583	0.09876	0.03186	0.12713	0.10418	0.30801	0.06697	0.07800	0.02824	0.01770	0.02135	0.01351	0.00792	0.00887	0.00263	0.01237	0.00835	0.00478	0.01176
18	0.02327	0.01802	0.02270	0.01990	0.05222	0.03817	0.08422	0.03880	0.38509	0.14291	0.03256	0.03085	0.05125	0.01080	0.00862	0.00274	0.00781	0.00943	0.00793	0.01271
19	0.03047	0.02106	0.02254	0.01761	0.02397	0.05305	0.01437	0.37875	0.09174	0.16692	0.02305	0.02219	0.01617	0.00978	0.00812	0.00242	0.00853	0.00753	0.00824	0.07348
20	0.16093	0.01965	0.01793	0.01528	0.02010	0.08955	0.01215	0.21302	0.16167	0.03834	0.02202	0.02270	0.01662	0.00964	0.00721	0.00244	0.00773	0.00718	0.14452	0.01131

[dist]
# distance from previous block
# <min> <max>
2	3

[block]
# block no. 4 follows, 22 sequences, length 8
# corresponding to MSA columns:
# 229-236
name=unknown_E
#
# <colnr> <probs for GDERKNQSTAVLIFYWHMCP>
#	G	D	E	R	K	N	Q	S	T	A	V	L	I	F	Y	W	H	M	C	P
0	0.04938	0.02209	0.07281	0.07969	0.03067	0.07404	0.15304	0.13249	0.02112	0.02912	0.01662	0.04183	0.01375	0.01221	0.04270	0.00319	0.12022	0.00795	0.00498	0.07210
1	0.10298	0.10591	0.05864	0.04580	0.02586	0.01855	0.11927	0.06631	0.07065	0.07674	0.04985	0.06223	0.01913	0.00945	0.00768	0.00236	0.00852	0.00821	0.00581	0.13606
2	0.07123	0.21289	0.07845	0.01534	0.02207	0.09737	0.01394	0.07875	0.02037	0.05733	0.05739	0.01943	0.01627	0.00820	0.00670	0.00196	0.00862	0.00598	0.00520	0.20250
3	0.01840	0.07071	0.33584	0.02034	0.02969	0.01829	0.06926	0.08186	0.01956	0.02831	0.01707	0.05692	0.01397	0.00862	0.00770	0.00231	0.01011	0.00718	0.00458	0.17925
4	0.06025	0.19280	0.20761	0.02217	0.09443	0.07732	0.01999	0.10490	0.09230	0.02914	0.01666	0.01830	0.01294	0.00835	0.00726	0.00237	0.01008	0.00627	0.00491	0.01194
5	0.07302	0.05454	0.05220	0.02147	0.06644	0.01934	0.12140	0.07519	0.05499	0.08390	0.04574	0.02583	0.04442	0.01057	0.01164	0.00272	0.13786	0.00835	0.07962	0.01075
6	0.02251	0.01834	0.02449	0.13086	0.06235	0.04760	0.05257	0.08663	0.07655	0.11259	0.01866	0.02164	0.01427	0.00997	0.01225	0.00266	0.15944	0.00740	0.00570	0.11352
7	0.02348	0.01927	0.07480	0.01993	0.06766	0.01797	0.05586	0.16378	0.16436	0.13166	0.10971	0.03233	0.05902	0.01126	0.00868	0.00264	0.00794	0.00959	0.00776	0.01230

[dist]
# distance from previous block
# <min> <max>
4	24

[block]
# block no. 5 follows, 22 sequences, length 9
# corresponding to MSA columns:
# 261-269
name=unknown_F
#
# <colnr> <probs for GDERKNQSTAVLIFYWHMCP>
#	G	D	E	R	K	N	Q	S	T	A	V	L	I	F	Y	W	H	M	C	P
0	0.01966	0.02462	0.15564	0.13938	0.36684	0.05789	0.02486	0.02657	0.05594	0.02613	0.01628	0.02051	0.01291	0.00794	0.00814	0.00255	0.01063	0.00715	0.00420	0.01218
1	0.01735	0.07401	0.44708	0.02360	0.06548	0.01925	0.06177	0.02645	0.06194	0.02636	0.01777	0.05351	0.01420	0.00884	0.00797	0.00256	0.01097	0.00739	0.00422	0.04928
2	0.06878	0.20960	0.26474	0.04894	0.08009	0.02213	0.04917	0.02621	0.04900	0.04290	0.05192	0.02034	0.01570	0.00836	0.00732	0.00241	0.00993	0.00664	0.00447	0.01137
3	0.02005	0.19742	0.06492	0.05456	0.02629	0.07513	0.11140	0.02795	0.13496	0.02604	0.06091	0.02403	0.01923	0.00936	0.00854	0.00243	0.04348	0.00769	0.07502	0.01060
4	0.02030	0.05353	0.07723	0.15079	0.13718	0.01780	0.05301	0.06649	0.08598	0.09668	0.09986	0.05931	0.02460	0.01053	0.00851	0.00263	0.00881	0.00931	0.00615	0.01131
5	0.41570	0.01625	0.01391	0.01258	0.01692	0.05430	0.00993	0.08175	0.06279	0.03446	0.06103	0.09556	0.07209	0.01177	0.00704	0.00266	0.00669	0.00886	0.00635	0.00936
6	0.21406	0.02662	0.17206	0.01759	0.02456	0.08877	0.01691	0.19813	0.06478	0.03668	0.01717	0.01853	0.01273	0.00883	0.00719	0.00250	0.00935	0.00632	0.04571	0.01150
7	0.21745	0.12857	0.22533	0.05228	0.02612	0.02008	0.01799	0.02768	0.06816	0.08880	0.04280	0.02002	0.01510	0.00862	0.00697	0.00250	0.00886	0.00636	0.00523	0.01107
8	0.12788	0.06310	0.16269	0.02171	0.09671	0.01963	0.05014	0.07245	0.14612	0.06927	0.02189	0.02284	0.03508	0.00903	0.00764	0.00252	0.00881	0.00734	0.00581	0.04935

[dist]
# distance from previous block
# <min> <max>
10	41

[block]
# block no. 6 follows, 22 sequences, length 14
# corresponding to MSA columns:
# 314-327
name=unknown_G
#
# <colnr> <probs for GDERKNQSTAVLIFYWHMCP>
#	G	D	E	R	K	N	Q	S	T	A	V	L	I	F	Y	W	H	M	C	P
0	0.04959	0.01888	0.02161	0.06595	0.02521	0.01965	0.01408	0.28797	0.05009	0.03788	0.01739	0.01924	0.01330	0.00880	0.00874	0.00217	0.05431	0.00654	0.00637	0.27223
1	0.30486	0.01604	0.01875	0.23229	0.03108	0.01835	0.01477	0.11017	0.01995	0.09383	0.05295	0.02145	0.01553	0.00901	0.00720	0.00263	0.00824	0.00684	0.00584	0.01023
2	0.40504	0.03997	0.01445	0.01170	0.01624	0.01749	0.00951	0.13117	0.01941	0.03712	0.01724	0.02020	0.01362	0.03328	0.00718	0.00257	0.00646	0.00606	0.18176	0.00954
3	0.01421	0.01044	0.01270	0.01319	0.01493	0.01063	0.00949	0.11055	0.05549	0.02701	0.04098	0.53544	0.04659	0.02255	0.01015	0.00322	0.00570	0.04057	0.00785	0.00831
4	0.01194	0.00799	0.00910	0.00925	0.00928	0.00796	0.00523	0.01204	0.01237	0.01649	0.02763	0.10256	0.03204	0.65734	0.03993	0.00771	0.00781	0.01294	0.00523	0.00516
5	0.13384	0.02181	0.02263	0.01778	0.02406	0.02434	0.01462	0.49509	0.08570	0.04877	0.01992	0.01996	0.01434	0.00976	0.00788	0.00253	0.00855	0.00722	0.00788	0.01333
6	0.01754	0.01126	0.01405	0.01305	0.01479	0.01216	0.00944	0.07801	0.16188	0.02286	0.01952	0.02609	0.01697	0.02291	0.02450	0.50790	0.00725	0.00775	0.00520	0.00686
7	0.01070	0.00757	0.00988	0.01134	0.01194	0.00717	0.00766	0.01226	0.01611	0.02159	0.08797	0.52898	0.05278	0.12175	0.01508	0.00401	0.00537	0.05377	0.00744	0.00664
8	0.26650	0.11982	0.26805	0.02115	0.07383	0.02106	0.07050	0.02546	0.01660	0.02913	0.01357	0.01627	0.01040	0.00762	0.00682	0.00250	0.00985	0.00577	0.00416	0.01095
9	0.01703	0.04042	0.58869	0.02508	0.03688	0.01951	0.10445	0.02635	0.01780	0.02635	0.01514	0.01814	0.01078	0.00778	0.00813	0.00265	0.01249	0.00659	0.00359	0.01214
10	0.04576	0.01442	0.02317	0.55923	0.04939	0.01796	0.02089	0.02047	0.01619	0.02179	0.01696	0.07819	0.01463	0.01018	0.00965	0.00287	0.05656	0.00861	0.00408	0.00900
11	0.01758	0.07394	0.25795	0.07337	0.03499	0.01920	0.20128	0.02423	0.01774	0.02514	0.01685	0.05829	0.01396	0.00868	0.00895	0.00255	0.03531	0.00810	0.00414	0.09774
12	0.02166	0.01732	0.02226	0.12951	0.02844	0.01823	0.05583	0.26773	0.02661	0.03595	0.06665	0.05423	0.05780	0.02966	0.00942	0.00265	0.00853	0.03165	0.00670	0.10919
13	0.07912	0.32730	0.19790	0.01899	0.06708	0.02459	0.01851	0.02530	0.01705	0.05061	0.01445	0.01685	0.01171	0.00809	0.00759	0.00226	0.04847	0.00560	0.04751	0.01101

[dist]
# distance from previous block
# <min> <max>
0	1

[block]
# block no. 7 follows, 22 sequences, length 23
# corresponding to MSA columns:
# 329-351
name=unknown_H
#
# <colnr> <probs for GDERKNQSTAVLIFYWHMCP>
#	G	D	E	R	K	N	Q	S	T	A	V	L	I	F	Y	W	H	M	C	P
0	0.01712	0.01623	0.02751	0.50036	0.23371	0.01883	0.02379	0.02248	0.01729	0.02297	0.01502	0.02168	0.01169	0.00804	0.00828	0.00268	0.01072	0.00739	0.00382	0.01039
1	0.03187	0.13172	0.06781	0.01783	0.05765	0.03982	0.01491	0.08110	0.02314	0.41147	0.02552	0.02361	0.01705	0.00937	0.00779	0.00242	0.00829	0.00735	0.00804	0.01324
2	0.03199	0.01503	0.01899	0.01512	0.02092	0.01434	0.01230	0.08939	0.12288	0.45708	0.08428	0.03085	0.02567	0.01098	0.00849	0.00261	0.00690	0.00901	0.00973	0.01345
3	0.01212	0.00931	0.01067	0.01081	0.01298	0.00870	0.00787	0.06777	0.02012	0.02591	0.12870	0.30856	0.30299	0.02147	0.00998	0.00297	0.00485	0.01865	0.00793	0.00765
4	0.08910	0.15346	0.30327	0.02155	0.05972	0.15781	0.02187	0.05674	0.01948	0.02620	0.01388	0.01618	0.01075	0.00796	0.00716	0.00236	0.01145	0.00566	0.00409	0.01129
5	0.03669	0.01585	0.01977	0.01532	0.02165	0.04567	0.01258	0.06890	0.02451	0.60038	0.03116	0.02721	0.01976	0.01018	0.00831	0.00255	0.00756	0.00816	0.00989	0.01391
6	0.02033	0.01950	0.03330	0.08170	0.62735	0.01968	0.02538	0.02529	0.01880	0.02686	0.01558	0.02064	0.01306	0.00745	0.00823	0.00248	0.00993	0.00740	0.00409	0.01297
7	0.01917	0.01832	0.03121	0.23239	0.48566	0.01937	0.02481	0.02428	0.01826	0.02546	0.01538	0.02101	0.01257	0.00766	0.00825	0.00255	0.01021	0.00740	0.00399	0.01204
8	0.03172	0.01695	0.08645	0.01550	0.02203	0.01319	0.01385	0.03713	0.06766	0.49595	0.08406	0.03024	0.02481	0.01068	0.00844	0.00260	0.00731	0.00877	0.00934	0.01333
9	0.01954	0.02220	0.04785	0.03436	0.04234	0.02123	0.59580	0.02628	0.01927	0.02628	0.01651	0.02220	0.01252	0.00738	0.01067	0.00284	0.04779	0.00968	0.00417	0.01110
10	0.01443	0.00722	0.01082	0.01082	0.01082	0.00722	0.00722	0.01082	0.01082	0.01443	0.01443	0.02525	0.01443	0.02886	0.03247	0.75830	0.00722	0.00722	0.00361	0.00361
11	0.01727	0.01638	0.02778	0.48092	0.25199	0.01887	0.02386	0.02261	0.01736	0.02315	0.01505	0.02163	0.01175	0.00801	0.00828	0.00267	0.01068	0.00739	0.00383	0.01051
12	0.01830	0.01774	0.03109	0.33474	0.33559	0.01927	0.07591	0.02368	0.01794	0.02445	0.01534	0.02143	0.01218	0.00777	0.00840	0.00263	0.01076	0.00760	0.00393	0.01123
13	0.01741	0.10158	0.55618	0.02380	0.03528	0.02066	0.08027	0.02621	0.01766	0.02573	0.01477	0.01758	0.01071	0.00775	0.00783	0.00257	0.01212	0.00630	0.00357	0.01204
14	0.01012	0.00723	0.00964	0.01157	0.01205	0.00675	0.00771	0.01157	0.01591	0.02121	0.04579	0.70262	0.05495	0.02603	0.01060	0.00337	0.00482	0.02362	0.00771	0.00675
15	0.12170	0.52570	0.07184	0.01491	0.02180	0.08527	0.01458	0.02561	0.01712	0.02234	0.01185	0.01372	0.01044	0.00736	0.00563	0.00196	0.00927	0.00462	0.00382	0.01044
16	0.01719	0.03963	0.57904	0.02278	0.03405	0.01948	0.02836	0.02868	0.10050	0.02743	0.01742	0.01933	0.01250	0.00834	0.00797	0.00266	0.01152	0.00657	0.00417	0.01239
17	0.01942	0.02185	0.04588	0.03326	0.04054	0.02160	0.54519	0.02573	0.01869	0.02573	0.01602	0.02185	0.01238	0.00801	0.01213	0.00291	0.10431	0.00947	0.00413	0.01092
18	0.01322	0.00990	0.01260	0.01269	0.01487	0.00990	0.01000	0.01950	0.10385	0.03019	0.35523	0.12364	0.06118	0.01860	0.01013	0.00303	0.00534	0.16921	0.00853	0.00840
19	0.03321	0.01723	0.07739	0.01586	0.02259	0.01397	0.01400	0.03970	0.10535	0.52127	0.03130	0.02767	0.02030	0.01020	0.00833	0.00261	0.00747	0.00829	0.00943	0.01384
20	0.01142	0.01181	0.07164	0.01410	0.01658	0.00904	0.05857	0.01413	0.01675	0.02226	0.04581	0.50420	0.12713	0.02222	0.01019	0.00319	0.00614	0.02014	0.00706	0.00763
21	0.01917	0.01807	0.03052	0.04575	0.57053	0.01801	0.02313	0.02364	0.01852	0.02635	0.01964	0.11129	0.01872	0.00988	0.00854	0.00259	0.00920	0.00956	0.00459	0.01231
22	0.01948	0.02295	0.09801	0.07228	0.25564	0.02029	0.33421	0.02593	0.01903	0.02650	0.01612	0.02132	0.01253	0.00729	0.00901	0.00267	0.01227	0.00852	0.00408	0.01188

[dist]
# distance from previous block
# <min> <max>
13	104

[block]
# block no. 8 follows, 22 sequences, length 25
# corresponding to MSA columns:
# 466-480,485-494
name=unknown_I
#
# <colnr> <probs for GDERKNQSTAVLIFYWHMCP>
#	G	D	E	R	K	N	Q	S	T	A	V	L	I	F	Y	W	H	M	C	P
0	0.02587	0.05195	0.02253	0.05652	0.02390	0.02158	0.01449	0.35183	0.02879	0.07388	0.02014	0.02219	0.01513	0.01239	0.03788	0.00297	0.08054	0.00745	0.11804	0.01191
1	0.08979	0.01363	0.01491	0.01411	0.04351	0.01427	0.01025	0.14817	0.08557	0.03290	0.13013	0.07762	0.16616	0.08114	0.01185	0.00318	0.00629	0.01193	0.03506	0.00954
2	0.11378	0.02340	0.02241	0.01782	0.02379	0.09485	0.01451	0.46232	0.03338	0.04600	0.01861	0.01927	0.01356	0.00955	0.00773	0.00243	0.00919	0.00692	0.04776	0.01271
3	0.01738	0.01756	0.02984	0.09130	0.03034	0.02053	0.18901	0.02120	0.01556	0.02243	0.01603	0.06189	0.01478	0.01509	0.06037	0.00379	0.30603	0.00895	0.00418	0.05375
4	0.01757	0.01641	0.02666	0.35817	0.20652	0.01831	0.04755	0.02465	0.08078	0.02483	0.01874	0.02667	0.01535	0.00909	0.00847	0.00270	0.01003	0.04263	0.00459	0.04030
5	0.02105	0.19081	0.38825	0.02104	0.03086	0.06250	0.05339	0.02787	0.01850	0.08905	0.01593	0.01776	0.01169	0.00796	0.00743	0.00241	0.01123	0.00611	0.00429	0.01188
6	0.01524	0.01510	0.02902	0.02279	0.02763	0.01390	0.30209	0.01952	0.01778	0.02428	0.02935	0.32038	0.03115	0.01528	0.00984	0.00292	0.00930	0.01545	0.00580	0.07318
7	0.01732	0.01511	0.01806	0.01327	0.01990	0.01253	0.01069	0.02082	0.01677	0.02635	0.01437	0.01732	0.01216	0.00700	0.00829	0.00147	0.07570	0.00516	0.00479	0.68289
8	0.03494	0.01633	0.02051	0.01568	0.02221	0.01536	0.01294	0.17850	0.02707	0.48673	0.02886	0.02576	0.01864	0.01001	0.00824	0.00249	0.00751	0.00798	0.00955	0.05069
9	0.03727	0.01414	0.01928	0.01478	0.02121	0.01221	0.01221	0.04049	0.02378	0.66198	0.03277	0.02828	0.02056	0.01028	0.00835	0.00257	0.00707	0.00835	0.01028	0.01414
10	0.01059	0.00894	0.00924	0.00921	0.01196	0.00788	0.00688	0.01406	0.05765	0.02358	0.10193	0.11198	0.55607	0.02055	0.00978	0.00283	0.00438	0.01727	0.00782	0.00741
11	0.01569	0.01477	0.02492	0.68808	0.05722	0.01846	0.02307	0.02123	0.01661	0.02123	0.01477	0.02215	0.01107	0.00831	0.00831	0.00277	0.01107	0.00738	0.00369	0.00923
12	0.03158	0.02327	0.02493	0.01911	0.02576	0.02576	0.01579	0.62852	0.03906	0.05236	0.01995	0.01995	0.01413	0.00997	0.00831	0.00249	0.00914	0.00748	0.00831	0.01413
13	0.03365	0.02146	0.02268	0.01772	0.02405	0.08442	0.01448	0.35040	0.03183	0.27693	0.02404	0.02257	0.01620	0.00995	0.00825	0.00249	0.00894	0.00760	0.00865	0.01369
14	0.01085	0.00754	0.00942	0.01063	0.01093	0.00724	0.00671	0.01176	0.01448	0.01930	0.03846	0.46047	0.04570	0.28079	0.02244	0.00512	0.00603	0.01931	0.00671	0.00611
15	0.01447	0.01296	0.02033	0.36374	0.10696	0.01451	0.01742	0.01905	0.01875	0.02474	0.16610	0.03961	0.12422	0.01207	0.00886	0.00271	0.00831	0.01062	0.00556	0.00902
16	0.01034	0.00755	0.00974	0.01107	0.01202	0.00694	0.00759	0.01224	0.01739	0.02321	0.14380	0.54007	0.11914	0.02412	0.01040	0.00320	0.00462	0.02167	0.00793	0.00694
17	0.76672	0.01607	0.01221	0.01092	0.01607	0.01864	0.00900	0.02442	0.01414	0.03727	0.01157	0.01350	0.00900	0.00771	0.00514	0.00257	0.00643	0.00450	0.00514	0.00900
18	0.01833	0.14089	0.49846	0.02100	0.03159	0.02031	0.02589	0.02625	0.01812	0.05999	0.05199	0.02004	0.01499	0.00843	0.00764	0.00250	0.01100	0.00651	0.00420	0.01188
19	0.05612	0.01066	0.01340	0.01157	0.01510	0.00971	0.00897	0.02353	0.02191	0.23586	0.31771	0.05015	0.11491	0.05983	0.01122	0.00297	0.00537	0.01243	0.00890	0.00967
20	0.02650	0.01734	0.01955	0.01652	0.02191	0.01877	0.01315	0.10229	0.40438	0.21516	0.03211	0.02910	0.02286	0.01086	0.00841	0.00271	0.00698	0.00890	0.00896	0.01353
21	0.01723	0.01477	0.01723	0.01230	0.01969	0.01107	0.00984	0.02092	0.01723	0.02707	0.01477	0.01723	0.01230	0.00615	0.00615	0.00123	0.00615	0.00492	0.00492	0.75883
22	0.01144	0.00849	0.01086	0.01177	0.01353	0.00792	0.00917	0.01433	0.01933	0.02545	0.19703	0.23333	0.18554	0.02189	0.01051	0.00321	0.00534	0.19550	0.00803	0.00734
23	0.01702	0.08664	0.62450	0.02306	0.03500	0.02018	0.02962	0.02622	0.01750	0.02587	0.01469	0.01726	0.01053	0.00784	0.00773	0.00258	0.01206	0.00603	0.00351	0.01217
24	0.01770	0.03166	0.35998	0.02211	0.02901	0.06098	0.02413	0.02385	0.01657	0.02382	0.01648	0.02529	0.01443	0.01153	0.01426	0.00303	0.22387	0.06662	0.00401	0.01065

[dist]
# distance from previous block
# <min> <max>
0	1

[block]
# block no. 9 follows, 22 sequences, length 7
# corresponding to MSA columns:
# 496-502
name=unknown_J
#
# <colnr> <probs for GDERKNQSTAVLIFYWHMCP>
#	G	D	E	R	K	N	Q	S	T	A	V	L	I	F	Y	W	H	M	C	P
0	0.02599	0.01923	0.14890	0.01633	0.02268	0.01363	0.01562	0.07587	0.02268	0.31929	0.09219	0.07912	0.02873	0.01271	0.00885	0.00276	0.00788	0.06730	0.00822	0.01201
1	0.01343	0.01031	0.01467	0.01368	0.01529	0.01013	0.07117	0.06041	0.01672	0.02236	0.03395	0.35324	0.03879	0.26174	0.02144	0.00489	0.00723	0.01692	0.00646	0.00717
2	0.09365	0.02306	0.02249	0.01809	0.02407	0.09064	0.01466	0.39842	0.12330	0.07666	0.02120	0.02094	0.01532	0.00984	0.00798	0.00252	0.00902	0.00733	0.00774	0.01308
3	0.02106	0.04600	0.05058	0.01632	0.02097	0.01394	0.07342	0.02786	0.11365	0.18837	0.13495	0.10516	0.03570	0.04050	0.01043	0.00302	0.00737	0.07216	0.00787	0.01067
4	0.06810	0.03296	0.40883	0.02691	0.13284	0.01905	0.05385	0.02703	0.01797	0.08205	0.01627	0.01895	0.01183	0.00826	0.00873	0.00265	0.04058	0.00665	0.00434	0.01218
5	0.01817	0.01766	0.03110	0.34956	0.31268	0.01926	0.08444	0.02360	0.01790	0.02430	0.01534	0.02149	0.01212	0.00779	0.00842	0.00264	0.01085	0.00763	0.00392	0.01111
6	0.01864	0.01803	0.03143	0.29217	0.38611	0.01934	0.06604	0.02395	0.01809	0.02485	0.01538	0.02129	0.01233	0.00772	0.00836	0.00260	0.01061	0.00756	0.00396	0.01153

[dist]
# distance from previous block
# <min> <max>
0	1

[block]
# block no. 10 follows, 22 sequences, length 51
# corresponding to MSA columns:
# 504-554
name=unknown_K
#
# <colnr> <probs for GDERKNQSTAVLIFYWHMCP>
#	G	D	E	R	K	N	Q	S	T	A	V	L	I	F	Y	W	H	M	C	P
0	0.01726	0.09018	0.56194	0.02332	0.03442	0.02068	0.05162	0.02588	0.01732	0.02549	0.01452	0.01745	0.01063	0.00815	0.00880	0.00263	0.04800	0.00621	0.00354	0.01195
1	0.01968	0.06360	0.04737	0.03303	0.04088	0.02197	0.55537	0.02614	0.01906	0.02582	0.01616	0.02163	0.01239	0.00743	0.01051	0.00279	0.05165	0.00934	0.00413	0.01105
2	0.01716	0.01738	0.03233	0.43556	0.07416	0.01964	0.19911	0.02289	0.01736	0.02296	0.01518	0.02194	0.01159	0.00824	0.00980	0.00281	0.05000	0.00808	0.00385	0.00995
3	0.01591	0.01499	0.02532	0.65879	0.08475	0.01852	0.02318	0.02142	0.01672	0.02150	0.01481	0.02208	0.01117	0.00826	0.00830	0.00275	0.01102	0.00738	0.00371	0.00941
4	0.01564	0.01455	0.02375	0.37273	0.08357	0.01741	0.04757	0.02002	0.01664	0.02233	0.04126	0.10786	0.02094	0.01237	0.01166	0.00301	0.10970	0.04523	0.00463	0.00914
5	0.01443	0.00722	0.01082	0.01082	0.01082	0.00722	0.00722	0.01082	0.01082	0.01443	0.01443	0.02525	0.01443	0.02886	0.03247	0.75830	0.00722	0.00722	0.00361	0.00361
6	0.01012	0.00723	0.00964	0.01157	0.01205	0.00675	0.00771	0.01157	0.01591	0.02121	0.04579	0.70262	0.05495	0.02603	0.01060	0.00337	0.00482	0.02362	0.00771	0.00675
7	0.01846	0.03045	0.28976	0.03058	0.04050	0.02034	0.39337	0.02649	0.01880	0.02649	0.01606	0.02051	0.01179	0.00735	0.00906	0.00273	0.01333	0.00837	0.00393	0.01162
8	0.01824	0.23350	0.48829	0.02099	0.03179	0.02315	0.02601	0.02590	0.01735	0.02439	0.01395	0.01634	0.01056	0.00767	0.00716	0.00239	0.01131	0.00566	0.00352	0.01182
9	0.01012	0.00723	0.00964	0.01157	0.01205	0.00675	0.00771	0.01157	0.01591	0.02121	0.04579	0.70262	0.05495	0.02603	0.01060	0.00337	0.00482	0.02362	0.00771	0.00675
10	0.02147	0.62412	0.12600	0.01547	0.02326	0.03107	0.01640	0.02507	0.01697	0.02044	0.01200	0.01389	0.01064	0.00721	0.00567	0.00189	0.00933	0.00467	0.00355	0.01088
11	0.01773	0.01752	0.03170	0.30492	0.13767	0.01949	0.18144	0.02305	0.01737	0.02397	0.01572	0.02204	0.01237	0.00860	0.01067	0.00278	0.08748	0.00803	0.04722	0.01025
12	0.01961	0.02241	0.04902	0.03501	0.04342	0.02101	0.62605	0.02661	0.01961	0.02661	0.01681	0.02241	0.01261	0.00700	0.00980	0.00280	0.01401	0.00980	0.00420	0.01120
13	0.01628	0.01537	0.02599	0.61011	0.13052	0.01861	0.02337	0.02175	0.01689	0.02195	0.01487	0.02195	0.01133	0.00820	0.00830	0.00273	0.01093	0.00739	0.00374	0.00971
14	0.01838	0.03886	0.55933	0.02490	0.06183	0.01894	0.06361	0.02724	0.01813	0.06889	0.01624	0.01867	0.01143	0.00798	0.00805	0.00263	0.01193	0.00655	0.00403	0.01238
15	0.01666	0.04297	0.66500	0.02368	0.03596	0.01929	0.03069	0.02631	0.01754	0.02631	0.01491	0.01754	0.01052	0.00789	0.00789	0.00263	0.01228	0.00614	0.00351	0.01228
16	0.02569	0.08537	0.02102	0.01571	0.02095	0.01808	0.01294	0.07661	0.26627	0.22815	0.05757	0.03445	0.02587	0.01173	0.00842	0.00269	0.00711	0.06032	0.00848	0.01257
17	0.02527	0.01758	0.02489	0.06868	0.24482	0.01811	0.01814	0.10318	0.12868	0.18623	0.02503	0.02848	0.01905	0.01002	0.00850	0.00265	0.00848	0.04222	0.00704	0.01296
18	0.01446	0.02645	0.33955	0.01977	0.02685	0.01436	0.07738	0.02029	0.01684	0.02396	0.02631	0.26782	0.02707	0.01533	0.01014	0.03614	0.00950	0.01290	0.00511	0.00978
19	0.01569	0.01477	0.02492	0.68808	0.05722	0.01846	0.02307	0.02123	0.01661	0.02123	0.01477	0.02215	0.01107	0.00831	0.00831	0.00277	0.01107	0.00738	0.00369	0.00923
20	0.01732	0.01648	0.02765	0.45549	0.23890	0.01924	0.02354	0.02247	0.01710	0.02297	0.01481	0.02144	0.01170	0.00838	0.00934	0.00272	0.04882	0.00738	0.00382	0.01043
21	0.01673	0.01580	0.02727	0.34526	0.19819	0.01735	0.08187	0.02188	0.01792	0.02377	0.02218	0.03370	0.04626	0.01043	0.00891	0.00283	0.01031	0.08469	0.00455	0.01010
22	0.01630	0.01661	0.03244	0.26666	0.04215	0.01724	0.28443	0.02166	0.01778	0.02358	0.02185	0.15809	0.02050	0.01127	0.00942	0.00290	0.01111	0.01168	0.00472	0.00960
23	0.01666	0.04297	0.66500	0.02368	0.03596	0.01929	0.03069	0.02631	0.01754	0.02631	0.01491	0.01754	0.01052	0.00789	0.00789	0.00263	0.01228	0.00614	0.00351	0.01228
24	0.02027	0.01944	0.03319	0.08921	0.62029	0.01966	0.02535	0.02524	0.01878	0.02679	0.01557	0.02066	0.01303	0.00746	0.00823	0.00249	0.00994	0.00740	0.00409	0.01292
25	0.01558	0.01347	0.02405	0.01991	0.02371	0.01278	0.21316	0.04685	0.01921	0.05003	0.07756	0.34293	0.03903	0.01758	0.01013	0.00308	0.00823	0.04696	0.00678	0.00897
26	0.01616	0.09439	0.02063	0.01595	0.01892	0.05407	0.07248	0.07391	0.01884	0.02429	0.03320	0.35751	0.05895	0.02071	0.04736	0.00352	0.03843	0.01563	0.00637	0.00866
27	0.01789	0.01892	0.03771	0.16333	0.09633	0.01919	0.35953	0.02360	0.01822	0.02470	0.01888	0.08991	0.01649	0.00959	0.01035	0.00287	0.04728	0.01036	0.00441	0.01043
28	0.03020	0.02653	0.02538	0.06850	0.02859	0.22613	0.05676	0.28235	0.02931	0.11713	0.01880	0.01979	0.01357	0.00925	0.00816	0.00243	0.01116	0.00708	0.00670	0.01217
29	0.01934	0.02188	0.04735	0.08020	0.04437	0.02083	0.58433	0.02624	0.01940	0.02624	0.01667	0.02239	0.01250	0.00709	0.00970	0.00280	0.01380	0.00964	0.00417	0.01107
30	0.12093	0.01581	0.01835	0.01664	0.05314	0.01614	0.01260	0.03522	0.24054	0.21194	0.02798	0.02937	0.02096	0.01038	0.00788	0.00256	0.00688	0.04194	0.00785	0.10287
31	0.01666	0.04297	0.66500	0.02368	0.03596	0.01929	0.03069	0.02631	0.01754	0.02631	0.01491	0.01754	0.01052	0.00789	0.00789	0.00263	0.01228	0.00614	0.00351	0.01228
32	0.02257	0.68544	0.04271	0.01451	0.02150	0.05918	0.01429	0.02522	0.01715	0.01958	0.01160	0.01339	0.01066	0.00717	0.00542	0.00179	0.00913	0.00448	0.00358	0.01062
33	0.01675	0.01565	0.02171	0.05770	0.02172	0.02067	0.01588	0.04354	0.01511	0.02219	0.04461	0.15448	0.02245	0.01634	0.02140	0.00344	0.46190	0.01081	0.00486	0.00880
34	0.01725	0.10025	0.56755	0.02272	0.03372	0.02090	0.02841	0.02576	0.01716	0.02529	0.01435	0.01721	0.01056	0.00827	0.00896	0.00262	0.05751	0.00607	0.00352	0.01192
35	0.01338	0.01164	0.01857	0.40708	0.03846	0.01359	0.01669	0.01721	0.01632	0.02122	0.02765	0.30479	0.02930	0.01567	0.00926	0.00302	0.00848	0.01413	0.00536	0.00820
36	0.01443	0.00722	0.01082	0.01082	0.01082	0.00722	0.00722	0.01082	0.01082	0.01443	0.01443	0.02525	0.01443	0.02886	0.03247	0.75830	0.00722	0.00722	0.00361	0.00361
37	0.03563	0.01493	0.01912	0.01509	0.02116	0.03960	0.01244	0.03884	0.02350	0.59851	0.03259	0.03150	0.02173	0.01094	0.00850	0.00263	0.00743	0.04241	0.00988	0.01358
38	0.02208	0.01293	0.01605	0.01482	0.01873	0.01309	0.01222	0.05281	0.15823	0.19892	0.07877	0.05325	0.03466	0.01520	0.00936	0.00301	0.00680	0.20960	0.05860	0.01086
39	0.01818	0.01818	0.02545	0.02181	0.02181	0.02545	0.01818	0.01999	0.01272	0.01999	0.01091	0.01818	0.01091	0.01454	0.02726	0.00364	0.69284	0.00727	0.00364	0.00909
40	0.01208	0.00805	0.00906	0.00906	0.00906	0.00805	0.00503	0.01208	0.01208	0.01611	0.02618	0.05436	0.03020	0.70804	0.04228	0.00805	0.00805	0.01208	0.00503	0.00503
41	0.02166	0.64689	0.10489	0.01515	0.02277	0.03153	0.01584	0.02502	0.01694	0.02021	0.01188	0.01374	0.01065	0.00718	0.00558	0.00186	0.00922	0.00461	0.00355	0.01082
42	0.03158	0.02327	0.02493	0.01911	0.02576	0.02576	0.01579	0.62852	0.03906	0.05236	0.01995	0.01995	0.01413	0.00997	0.00831	0.00249	0.00914	0.00748	0.00831	0.01413
43	0.01240	0.00954	0.01221	0.01233	0.01340	0.00975	0.00870	0.01387	0.01486	0.02053	0.03365	0.35941	0.03903	0.19812	0.02022	0.00442	0.08273	0.04681	0.00629	0.08173
44	0.01935	0.02160	0.04524	0.03256	0.04033	0.02062	0.54275	0.02577	0.01898	0.02620	0.01627	0.02177	0.01247	0.00745	0.01072	0.00275	0.05888	0.00930	0.00421	0.06280
45	0.01713	0.01610	0.02747	0.39712	0.23829	0.01807	0.04718	0.02237	0.01770	0.02364	0.01803	0.02881	0.01545	0.00944	0.00866	0.00278	0.01048	0.06670	0.00424	0.01037
46	0.01830	0.01651	0.02552	0.45400	0.12364	0.01931	0.02142	0.08946	0.01924	0.02576	0.01525	0.02117	0.01175	0.00856	0.00915	0.00264	0.04635	0.00723	0.00434	0.06040
47	0.01923	0.01358	0.01648	0.04154	0.01989	0.01207	0.01068	0.06488	0.05644	0.11293	0.11357	0.09284	0.05712	0.01140	0.00791	0.00212	0.00619	0.00965	0.00699	0.32451
48	0.01915	0.01428	0.01716	0.01324	0.01913	0.01217	0.01050	0.06354	0.01937	0.09027	0.05372	0.09583	0.02133	0.00992	0.00810	0.00186	0.03545	0.00811	0.00615	0.48071
49	0.01856	0.01177	0.01630	0.01393	0.01770	0.01069	0.05206	0.05736	0.02133	0.15325	0.19479	0.21817	0.06989	0.01602	0.00926	0.00268	0.00604	0.01426	0.00809	0.08786
50	0.01699	0.01731	0.03207	0.09141	0.03291	0.01770	0.28705	0.02175	0.01767	0.02468	0.05245	0.11946	0.02155	0.01142	0.01209	0.00283	0.11635	0.01088	0.00489	0.08854

[dist]
# distance from previous block
# <min> <max>
8	42

[block]
# block no. 11 follows, 22 sequences, length 8
# corresponding to MSA columns:
# 599-606
name=unknown_L
#
# <colnr> <probs for GDERKNQSTAVLIFYWHMCP>
#	G	D	E	R	K	N	Q	S	T	A	V	L	I	F	Y	W	H	M	C	P
0	0.02683	0.02065	0.02349	0.01866	0.02352	0.02370	0.01535	0.44482	0.03233	0.04410	0.08878	0.02431	0.02069	0.01162	0.01207	0.00272	0.13808	0.00828	0.00752	0.01247
1	0.01444	0.01205	0.01257	0.01229	0.01446	0.08229	0.00911	0.01744	0.02106	0.04701	0.34370	0.22034	0.07722	0.01821	0.00966	0.00277	0.00572	0.04087	0.00803	0.03076
2	0.27707	0.01650	0.09673	0.06216	0.02102	0.01424	0.01290	0.02285	0.01808	0.10181	0.14971	0.10246	0.03088	0.01238	0.00781	0.00273	0.00694	0.02767	0.00657	0.00949
3	0.26610	0.04646	0.02025	0.29788	0.07610	0.01780	0.01606	0.02170	0.01610	0.02735	0.05976	0.02184	0.01559	0.00989	0.00871	0.04937	0.00859	0.00683	0.00459	0.00903
4	0.03102	0.01830	0.10079	0.01567	0.02216	0.04430	0.01418	0.03510	0.02294	0.46825	0.11018	0.03067	0.02634	0.01077	0.00844	0.00256	0.00770	0.00880	0.00898	0.01286
5	0.02811	0.02244	0.02358	0.12112	0.02971	0.09546	0.01634	0.35198	0.10960	0.08595	0.02106	0.02174	0.01518	0.00975	0.00824	0.00254	0.00961	0.00753	0.00731	0.01275
6	0.07684	0.01151	0.05542	0.01208	0.01490	0.00968	0.01018	0.01704	0.02120	0.03124	0.43315	0.10483	0.06229	0.01699	0.00954	0.00282	0.00524	0.08880	0.00813	0.00813
7	0.08582	0.51017	0.12746	0.01579	0.02326	0.07571	0.01623	0.02563	0.01722	0.02208	0.01212	0.01406	0.01050	0.00737	0.00583	0.00199	0.00959	0.00475	0.00374	0.01067

[dist]
# distance from previous block
# <min> <max>
0	2

[block]
# block no. 12 follows, 22 sequences, length 77
# corresponding to MSA columns:
# 609-612,614-686
name=unknown_M
#
# <colnr> <probs for GDERKNQSTAVLIFYWHMCP>
#	G	D	E	R	K	N	Q	S	T	A	V	L	I	F	Y	W	H	M	C	P
0	0.02491	0.01872	0.02032	0.01713	0.02243	0.02080	0.01375	0.24459	0.33499	0.08514	0.03128	0.03172	0.04574	0.01166	0.00859	0.00273	0.00746	0.03649	0.00847	0.01307
1	0.02205	0.01767	0.01956	0.05983	0.02398	0.02014	0.01382	0.09837	0.48895	0.07036	0.05064	0.03018	0.02476	0.01108	0.00847	0.00276	0.00706	0.00920	0.00826	0.01288
2	0.15339	0.01949	0.02541	0.12077	0.03063	0.02140	0.11057	0.27601	0.05373	0.03911	0.05492	0.02250	0.01680	0.00933	0.00809	0.00262	0.00930	0.00784	0.00647	0.01163
3	0.61290	0.01620	0.01489	0.08314	0.05046	0.01878	0.01145	0.02523	0.04942	0.03500	0.01332	0.01569	0.01031	0.00796	0.00580	0.00260	0.00708	0.00520	0.00513	0.00945
4	0.04754	0.01193	0.01328	0.01259	0.01431	0.04760	0.00945	0.01851	0.05213	0.02340	0.07110	0.03802	0.06013	0.16116	0.20006	0.00662	0.07913	0.00975	0.11559	0.00770
5	0.05075	0.01698	0.02593	0.01951	0.02616	0.01549	0.18890	0.02572	0.11635	0.02818	0.02046	0.07013	0.01738	0.00871	0.00785	0.00215	0.00841	0.00837	0.00548	0.33708
6	0.02324	0.02023	0.02724	0.02123	0.02732	0.06143	0.16113	0.10223	0.21250	0.08826	0.02300	0.02390	0.01716	0.00929	0.00927	0.00253	0.04165	0.00821	0.00660	0.11355
7	0.01856	0.01720	0.02826	0.40296	0.28296	0.01941	0.02353	0.06178	0.01893	0.02547	0.01542	0.02140	0.01206	0.00807	0.00828	0.00264	0.01049	0.00740	0.00415	0.01104
8	0.03184	0.01940	0.02133	0.01703	0.02307	0.05725	0.01382	0.23804	0.14625	0.30056	0.02750	0.02522	0.01874	0.01027	0.00831	0.00257	0.00813	0.00808	0.00892	0.01368
9	0.02994	0.02319	0.02489	0.06751	0.02789	0.05363	0.01641	0.53711	0.03583	0.04756	0.01894	0.01982	0.01364	0.00995	0.00895	0.00254	0.03380	0.00737	0.00764	0.01340
10	0.01388	0.01186	0.01721	0.01605	0.01706	0.01519	0.01287	0.01648	0.01315	0.01951	0.01863	0.02802	0.01762	0.04707	0.46846	0.01025	0.23616	0.00838	0.00419	0.00795
11	0.01010	0.00730	0.00957	0.01139	0.01200	0.00676	0.00763	0.01159	0.01607	0.02128	0.04792	0.66807	0.08813	0.02575	0.01056	0.00334	0.00479	0.02328	0.00771	0.00676
12	0.01569	0.01477	0.02492	0.68808	0.05722	0.01846	0.02307	0.02123	0.01661	0.02123	0.01477	0.02215	0.01107	0.00831	0.00831	0.00277	0.01107	0.00738	0.00369	0.00923
13	0.02184	0.01843	0.01945	0.01714	0.02205	0.02121	0.01343	0.10699	0.57645	0.03664	0.03232	0.02981	0.02415	0.01113	0.00844	0.00278	0.00685	0.00919	0.00844	0.01325
14	0.01339	0.00956	0.01339	0.01530	0.01721	0.00956	0.01339	0.01721	0.01912	0.02486	0.04399	0.09371	0.04781	0.02295	0.01147	0.00382	0.00765	0.60031	0.00765	0.00765
15	0.02066	0.01785	0.01878	0.01691	0.02160	0.02066	0.01315	0.04414	0.64121	0.03475	0.03381	0.03099	0.02536	0.01127	0.00845	0.00282	0.00657	0.00939	0.00845	0.01315
16	0.03509	0.01763	0.02144	0.01644	0.02295	0.01739	0.01358	0.26545	0.02962	0.42876	0.02787	0.02509	0.01810	0.01016	0.00834	0.00254	0.00786	0.00802	0.00953	0.01413
17	0.01012	0.00723	0.00964	0.01157	0.01205	0.00675	0.00771	0.01157	0.01591	0.02121	0.04579	0.70262	0.05495	0.02603	0.01060	0.00337	0.00482	0.02362	0.00771	0.00675
18	0.01012	0.00723	0.00964	0.01157	0.01205	0.00675	0.00771	0.01157	0.01591	0.02121	0.04579	0.70262	0.05495	0.02603	0.01060	0.00337	0.00482	0.02362	0.00771	0.00675
19	0.02221	0.71304	0.04353	0.01421	0.02132	0.03287	0.01421	0.02488	0.01688	0.01955	0.01155	0.01333	0.01066	0.00711	0.00533	0.00178	0.00888	0.00444	0.00355	0.01066
20	0.01723	0.01477	0.01723	0.01230	0.01969	0.01107	0.00984	0.02092	0.01723	0.02707	0.01477	0.01723	0.01230	0.00615	0.00615	0.00123	0.00615	0.00492	0.00492	0.75883
21	0.03386	0.01413	0.01871	0.01463	0.02055	0.01271	0.01197	0.06496	0.04742	0.54837	0.09376	0.03135	0.02620	0.01097	0.00850	0.00258	0.00683	0.00902	0.01001	0.01347
