[name]
unknown

[dist]
# distance from previous block
# <min> <max>
0	41

[block]
# block no. 0 follows, 24 sequences, length 21
# corresponding to MSA columns:
# 43-63
name=unknown_A
#
# <colnr> <probs for GDERKNQSTAVLIFYWHMCP>
#	G	D	E	R	K	N	Q	S	T	A	V	L	I	F	Y	W	H	M	C	P
0	0.01278	0.00913	0.01278	0.01460	0.01643	0.00913	0.01278	0.01643	0.01825	0.02373	0.04199	0.08945	0.04564	0.02191	0.01095	0.00365	0.00730	0.61847	0.00730	0.00730
1	0.02109	0.60462	0.11513	0.01504	0.02224	0.06936	0.01551	0.02438	0.01657	0.01946	0.01147	0.01329	0.01016	0.00696	0.00550	0.00181	0.00921	0.00448	0.00343	0.01030
2	0.01902	0.09277	0.09577	0.02879	0.03659	0.02076	0.46825	0.06004	0.01921	0.02590	0.01667	0.04783	0.01338	0.00765	0.00873	0.00257	0.01213	0.00896	0.00425	0.01072
3	0.01226	0.00953	0.01064	0.01005	0.01271	0.00890	0.00773	0.07593	0.02087	0.02689	0.22308	0.06600	0.37618	0.04825	0.01067	0.00288	0.00480	0.05741	0.00766	0.00754
4	0.01826	0.01442	0.01559	0.01404	0.01808	0.01579	0.01090	0.03410	0.44482	0.07577	0.09963	0.04017	0.13889	0.01280	0.00840	0.00265	0.00569	0.01073	0.00813	0.01114
5	0.01135	0.00761	0.00870	0.00889	0.00893	0.00756	0.00506	0.01148	0.01190	0.01586	0.02685	0.11815	0.03119	0.65184	0.03734	0.00724	0.00738	0.01263	0.00506	0.00497
6	0.01780	0.01862	0.03002	0.27123	0.08275	0.06446	0.17226	0.02224	0.01617	0.02154	0.01354	0.01966	0.01100	0.00913	0.01294	0.00281	0.19315	0.00746	0.00369	0.00952
7	0.02081	0.01757	0.02206	0.01850	0.02083	0.02194	0.01522	0.23178	0.02095	0.02955	0.01605	0.02338	0.01439	0.05288	0.06713	0.00398	0.35776	0.02999	0.00526	0.00995
8	0.02233	0.63339	0.03898	0.01449	0.02091	0.12000	0.01380	0.02481	0.01697	0.01876	0.01119	0.01293	0.01018	0.00697	0.00537	0.00174	0.00926	0.00436	0.00349	0.01004
9	0.02058	0.01723	0.01835	0.01630	0.02087	0.01974	0.01286	0.11145	0.55148	0.03465	0.03123	0.03148	0.02407	0.01120	0.00820	0.00270	0.00662	0.04060	0.00801	0.01239
10	0.01122	0.00811	0.01060	0.00998	0.01185	0.00748	0.00748	0.01496	0.02245	0.03180	0.66766	0.05923	0.07482	0.01621	0.00935	0.00249	0.00374	0.01434	0.00873	0.00748
11	0.00966	0.00690	0.00920	0.01104	0.01150	0.00644	0.00736	0.01104	0.01518	0.02024	0.04371	0.71614	0.05245	0.02484	0.01012	0.00322	0.00460	0.02254	0.00736	0.00644
12	0.03014	0.02221	0.02380	0.01825	0.02459	0.02459	0.01507	0.64541	0.03728	0.04998	0.01904	0.01904	0.01349	0.00952	0.00793	0.00238	0.00873	0.00714	0.00793	0.01349
13	0.02047	0.63188	0.12938	0.01481	0.02227	0.02959	0.01573	0.02393	0.01620	0.01954	0.01147	0.01327	0.01016	0.00689	0.00542	0.00181	0.00893	0.00446	0.00339	0.01039
14	0.01110	0.00810	0.01043	0.00985	0.01177	0.00743	0.00739	0.01473	0.02216	0.03111	0.62883	0.06036	0.11409	0.01647	0.00935	0.00251	0.00376	0.01450	0.00864	0.00743
15	0.01735	0.01735	0.02429	0.02082	0.02082	0.02429	0.01735	0.01908	0.01214	0.01908	0.01041	0.01735	0.01041	0.01388	0.02602	0.00347	0.70680	0.00694	0.00347	0.00867
16	0.01117	0.00808	0.01087	0.01257	0.01387	0.00778	0.00993	0.01372	0.01691	0.02205	0.04562	0.35959	0.09547	0.02304	0.01047	0.00339	0.00589	0.31537	0.00733	0.00688
17	0.01107	0.00865	0.01157	0.01239	0.01274	0.00942	0.00873	0.01238	0.01436	0.01961	0.03665	0.54328	0.04354	0.08677	0.01544	0.00367	0.11755	0.01903	0.00650	0.00665
18	0.01127	0.00914	0.01394	0.13841	0.02086	0.00936	0.04611	0.01359	0.01534	0.02023	0.03660	0.48070	0.06130	0.07028	0.01181	0.00338	0.00639	0.01798	0.00629	0.00701
19	0.01766	0.01405	0.01732	0.08079	0.02247	0.01135	0.01082	0.02133	0.01683	0.07180	0.01532	0.01767	0.01219	0.00636	0.00623	0.00141	0.00640	0.00517	0.00495	0.63989
20	0.09211	0.03357	0.02167	0.08581	0.02665	0.56679	0.01540	0.02984	0.02106	0.02087	0.01233	0.01484	0.01011	0.00808	0.00703	0.00214	0.01324	0.00523	0.00410	0.00910

[dist]
# distance from previous block
# <min> <max>
0	3

[block]
# block no. 1 follows, 24 sequences, length 30
# corresponding to MSA columns:
# 67-96
name=unknown_B
#
# <colnr> <probs for GDERKNQSTAVLIFYWHMCP>
#	G	D	E	R	K	N	Q	S	T	A	V	L	I	F	Y	W	H	M	C	P
0	0.11103	0.04897	0.01905	0.05135	0.02165	0.01604	0.01217	0.08562	0.14270	0.30827	0.04670	0.02478	0.01925	0.00946	0.00745	0.00240	0.00690	0.00750	0.00783	0.05086
1	0.11799	0.01525	0.02272	0.41725	0.04055	0.01873	0.04765	0.05173	0.01621	0.02418	0.01390	0.01968	0.01085	0.00881	0.01022	0.00270	0.11408	0.00679	0.03166	0.00903
2	0.01799	0.01723	0.02417	0.12730	0.02641	0.02327	0.01790	0.06899	0.01472	0.02172	0.01167	0.01808	0.01068	0.01260	0.02175	0.00325	0.54238	0.00697	0.00383	0.00908
3	0.01032	0.00769	0.01075	0.07609	0.01579	0.00762	0.00901	0.01217	0.01540	0.02042	0.04084	0.61977	0.04818	0.02311	0.00996	0.00319	0.00530	0.05070	0.00700	0.00671
4	0.01278	0.00913	0.01278	0.01460	0.01643	0.00913	0.01278	0.01643	0.01825	0.02373	0.04199	0.08945	0.04564	0.02191	0.01095	0.00365	0.00730	0.61847	0.00730	0.00730
5	0.02040	0.01567	0.01807	0.01742	0.06492	0.01726	0.01265	0.03714	0.46469	0.10293	0.10981	0.03229	0.02918	0.01107	0.00820	0.00262	0.00623	0.00939	0.00805	0.01203
6	0.01526	0.01448	0.02384	0.62149	0.05061	0.01841	0.02147	0.02012	0.01542	0.02012	0.01366	0.02069	0.01055	0.00863	0.01007	0.00274	0.09309	0.00703	0.00352	0.00879
7	0.00979	0.00700	0.00931	0.01096	0.01153	0.00652	0.00737	0.01135	0.01576	0.02116	0.09324	0.66399	0.05422	0.02416	0.01006	0.00316	0.00453	0.02189	0.00747	0.00652
8	0.02804	0.09052	0.02357	0.01949	0.02382	0.57519	0.01493	0.03201	0.08079	0.02062	0.01401	0.01559	0.01151	0.00830	0.00707	0.00208	0.01309	0.00540	0.00440	0.00958
9	0.10559	0.01859	0.01929	0.08077	0.02332	0.09047	0.01359	0.18131	0.09160	0.08645	0.05568	0.02408	0.03686	0.01031	0.00959	0.00253	0.08732	0.00754	0.04455	0.01057
10	0.01533	0.00903	0.01180	0.01058	0.01323	0.00816	0.00812	0.01885	0.02223	0.14292	0.52257	0.05467	0.10059	0.01533	0.00912	0.00250	0.00428	0.01338	0.00884	0.00848
11	0.77733	0.01534	0.01166	0.01043	0.01534	0.01779	0.00859	0.02331	0.01350	0.03558	0.01104	0.01288	0.00859	0.00736	0.00491	0.00245	0.00613	0.00429	0.00491	0.00859
12	0.01872	0.02139	0.04679	0.03342	0.04144	0.02005	0.64305	0.02540	0.01872	0.02540	0.01604	0.02139	0.01203	0.00668	0.00936	0.00267	0.01337	0.00936	0.00401	0.01070
13	0.01644	0.01409	0.01644	0.01175	0.01879	0.01057	0.00940	0.01997	0.01644	0.02584	0.01409	0.01644	0.01175	0.00587	0.00587	0.00117	0.00587	0.00470	0.00470	0.76979
14	0.01122	0.00811	0.01060	0.00998	0.01185	0.00748	0.00748	0.01496	0.02245	0.03180	0.66766	0.05923	0.07482	0.01621	0.00935	0.00249	0.00374	0.01434	0.00873	0.00748
15	0.01153	0.00769	0.00865	0.00865	0.00865	0.00769	0.00480	0.01153	0.01153	0.01538	0.02499	0.05189	0.02883	0.72131	0.04036	0.00769	0.00769	0.01153	0.00480	0.00480
16	0.01319	0.00964	0.01235	0.06898	0.01723	0.00950	0.01013	0.01766	0.06347	0.06023	0.17969	0.11716	0.21223	0.01787	0.00952	0.00290	0.00563	0.15718	0.00750	0.00793
17	0.03014	0.02221	0.02380	0.01825	0.02459	0.02459	0.01507	0.64541	0.03728	0.04998	0.01904	0.01904	0.01349	0.00952	0.00793	0.00238	0.00873	0.00714	0.00793	0.01349
18	0.01772	0.01735	0.02733	0.38644	0.31838	0.05252	0.02267	0.02260	0.01714	0.02264	0.01435	0.02014	0.01141	0.00757	0.00785	0.00249	0.01027	0.00696	0.00373	0.01044
19	0.01141	0.00764	0.00868	0.00880	0.00883	0.00761	0.00497	0.01150	0.01177	0.01569	0.02619	0.09471	0.03035	0.67642	0.03841	0.00740	0.00749	0.01224	0.00497	0.00491
20	0.01732	0.01679	0.02968	0.27545	0.33085	0.01783	0.10105	0.02243	0.01764	0.02423	0.05685	0.02294	0.01580	0.00791	0.00817	0.00251	0.00996	0.00782	0.00410	0.01067
21	0.00966	0.00791	0.00828	0.00841	0.01063	0.00679	0.00608	0.01150	0.01740	0.02116	0.09368	0.12641	0.53824	0.08370	0.01223	0.00317	0.00439	0.01666	0.00718	0.00653
22	0.00976	0.00694	0.00917	0.01092	0.01136	0.00650	0.00723	0.01107	0.01500	0.02000	0.04276	0.68274	0.05126	0.05986	0.01164	0.00345	0.00476	0.02199	0.00723	0.00636
23	0.02005	0.01452	0.02158	0.13969	0.04810	0.01493	0.08873	0.11687	0.05097	0.11437	0.07781	0.08055	0.02249	0.01250	0.01084	0.08748	0.00812	0.00927	0.00614	0.05503
24	0.04213	0.30448	0.28771	0.01849	0.02690	0.05211	0.05687	0.05540	0.01778	0.02407	0.01357	0.01581	0.01073	0.00737	0.00654	0.00215	0.01005	0.00548	0.03159	0.01078
25	0.14666	0.07499	0.11699	0.09634	0.07996	0.01737	0.04547	0.08809	0.01921	0.05722	0.07574	0.02432	0.03957	0.00906	0.00716	0.00237	0.00806	0.00735	0.07401	0.01009
26	0.01844	0.10939	0.28050	0.04599	0.06302	0.02055	0.05822	0.05262	0.01707	0.04740	0.01480	0.01827	0.01157	0.00894	0.01099	0.00256	0.14953	0.00643	0.05302	0.01068
27	0.13725	0.17074	0.07632	0.05922	0.07518	0.05474	0.07198	0.05617	0.07388	0.08318	0.05529	0.02070	0.01633	0.00838	0.00701	0.00232	0.00869	0.00673	0.00525	0.01064
28	0.02001	0.10409	0.04983	0.04261	0.10626	0.04527	0.09878	0.12373	0.07099	0.02794	0.05925	0.06308	0.01906	0.01048	0.01086	0.00259	0.12085	0.00845	0.00526	0.01061
29	0.08032	0.22875	0.13581	0.01595	0.02173	0.07481	0.01541	0.08713	0.01859	0.05620	0.01620	0.05030	0.01373	0.00927	0.00844	0.00229	0.07820	0.00647	0.07026	0.01016

[dist]
# distance from previous block
# <min> <max>
2	109

[block]
# block no. 2 follows, 24 sequences, length 24
# corresponding to MSA columns:
# 209-232
name=unknown_C
#
# <colnr> <probs for GDERKNQSTAVLIFYWHMCP>
#	G	D	E	R	K	N	Q	S	T	A	V	L	I	F	Y	W	H	M	C	P
0	0.11258	0.12981	0.19314	0.05349	0.06139	0.01989	0.10694	0.07294	0.04871	0.02789	0.05925	0.04611	0.01712	0.00880	0.00741	0.00243	0.00931	0.00746	0.00477	0.01056
1	0.21503	0.11099	0.12065	0.09315	0.02636	0.05699	0.04585	0.11416	0.05300	0.02990	0.01624	0.05527	0.01343	0.00884	0.00689	0.00242	0.00885	0.00678	0.00498	0.01022
2	0.08352	0.14259	0.05901	0.01936	0.10321	0.09647	0.01469	0.09812	0.02070	0.14521	0.04881	0.02077	0.01617	0.01123	0.04452	0.00276	0.00931	0.00654	0.00572	0.05128
3	0.01689	0.01609	0.06538	0.01957	0.09098	0.01443	0.08009	0.09744	0.08671	0.03083	0.21653	0.07193	0.03598	0.01202	0.00856	0.00248	0.00720	0.03969	0.00667	0.08055
4	0.08922	0.05842	0.33344	0.02107	0.05381	0.08744	0.05429	0.09865	0.01967	0.02823	0.04081	0.01893	0.01356	0.01029	0.03647	0.00285	0.01107	0.00641	0.00443	0.01093
5	0.01905	0.01438	0.01657	0.01328	0.01835	0.01357	0.01049	0.17087	0.06218	0.05827	0.13687	0.10018	0.02882	0.01107	0.00766	0.00206	0.00610	0.00929	0.00689	0.29406
6	0.01412	0.01065	0.01356	0.01352	0.05014	0.00989	0.00919	0.03816	0.01646	0.04164	0.06356	0.28830	0.03341	0.11255	0.01344	0.00317	0.03372	0.01337	0.02746	0.19370
7	0.01020	0.00759	0.01054	0.07079	0.01525	0.00746	0.00864	0.01205	0.01563	0.02086	0.07423	0.62117	0.05001	0.02292	0.00989	0.00313	0.00507	0.02077	0.00710	0.00670
8	0.02120	0.72609	0.04155	0.01357	0.02035	0.03138	0.01357	0.02374	0.01611	0.01866	0.01102	0.01272	0.01018	0.00678	0.00509	0.00170	0.00848	0.00424	0.00339	0.01018
9	0.01632	0.10211	0.56862	0.02214	0.05477	0.01915	0.02671	0.02451	0.01698	0.02484	0.04271	0.01834	0.01300	0.00783	0.00740	0.00243	0.01099	0.00613	0.00361	0.01142
10	0.02120	0.72609	0.04155	0.01357	0.02035	0.03138	0.01357	0.02374	0.01611	0.01866	0.01102	0.01272	0.01018	0.00678	0.00509	0.00170	0.00848	0.00424	0.00339	0.01018
11	0.77733	0.01534	0.01166	0.01043	0.01534	0.01779	0.00859	0.02331	0.01350	0.03558	0.01104	0.01288	0.00859	0.00736	0.00491	0.00245	0.00613	0.00429	0.00491	0.00859
12	0.02120	0.72609	0.04155	0.01357	0.02035	0.03138	0.01357	0.02374	0.01611	0.01866	0.01102	0.01272	0.01018	0.00678	0.00509	0.00170	0.00848	0.00424	0.00339	0.01018
13	0.00989	0.00700	0.00913	0.01075	0.01116	0.00659	0.00705	0.01110	0.01474	0.01965	0.04144	0.63562	0.04958	0.10927	0.01379	0.00376	0.00497	0.02121	0.00705	0.00624
14	0.02025	0.56172	0.13172	0.01497	0.02210	0.05465	0.01560	0.02380	0.01679	0.02031	0.04582	0.01580	0.01353	0.00744	0.00575	0.00187	0.00894	0.00504	0.00369	0.01022
15	0.01063	0.00794	0.00988	0.00969	0.01156	0.00719	0.00715	0.01372	0.02062	0.02816	0.46534	0.14247	0.20028	0.01809	0.00945	0.00262	0.00390	0.01585	0.00827	0.00719
16	0.01718	0.01287	0.01475	0.01305	0.01688	0.01320	0.01008	0.02849	0.28775	0.08371	0.22388	0.07205	0.06744	0.01289	0.00837	0.00248	0.00533	0.01105	0.00799	0.09054
17	0.01590	0.01684	0.06079	0.43010	0.04259	0.01981	0.04391	0.02035	0.01487	0.02035	0.01304	0.01974	0.01055	0.00970	0.01354	0.00289	0.22548	0.00703	0.00352	0.00900
18	0.01561	0.01470	0.02480	0.52664	0.10828	0.01700	0.05388	0.02072	0.01637	0.02160	0.01559	0.02392	0.01257	0.00830	0.00800	0.00257	0.01014	0.03585	0.00384	0.05962
19	0.01634	0.01426	0.01757	0.08115	0.02247	0.01197	0.01106	0.01995	0.01617	0.02494	0.01391	0.01696	0.01156	0.00648	0.00710	0.00144	0.04186	0.00505	0.00452	0.65525
20	0.01860	0.01700	0.02247	0.44244	0.07610	0.08649	0.01901	0.05086	0.07439	0.04949	0.01709	0.02171	0.01286	0.00837	0.00773	0.00251	0.00991	0.00708	0.04622	0.00968
21	0.02001	0.07819	0.13000	0.10671	0.13254	0.08703	0.07738	0.05916	0.04442	0.05671	0.01788	0.05477	0.01465	0.00867	0.00760	0.00235	0.00976	0.00748	0.04056	0.04412
22	0.02345	0.06047	0.04420	0.11157	0.06211	0.17152	0.01559	0.11926	0.07417	0.09584	0.02062	0.06004	0.01718	0.01005	0.00776	0.00239	0.00953	0.03931	0.00581	0.04913
23	0.01968	0.01571	0.05070	0.05053	0.02134	0.01401	0.01220	0.14237	0.06996	0.09228	0.04916	0.14155	0.02316	0.01120	0.00770	0.00220	0.00678	0.00945	0.00656	0.25348

[dist]
# distance from previous block
# <min> <max>
0	7

[block]
# block no. 3 follows, 24 sequences, length 19
# corresponding to MSA columns:
# 240-258
name=unknown_D
#
# <colnr> <probs for GDERKNQSTAVLIFYWHMCP>
#	G	D	E	R	K	N	Q	S	T	A	V	L	I	F	Y	W	H	M	C	P
0	0.22209	0.16753	0.12126	0.01534	0.02165	0.08408	0.01451	0.12292	0.06619	0.03031	0.01838	0.01936	0.04882	0.00866	0.00651	0.00229	0.00851	0.00609	0.00513	0.01039
1	0.01498	0.01409	0.02378	0.70226	0.05462	0.01762	0.02202	0.02026	0.01586	0.02026	0.01409	0.02114	0.01057	0.00793	0.00793	0.00264	0.01057	0.00705	0.00352	0.00881
2	0.01928	0.47764	0.27317	0.01684	0.02542	0.02668	0.01927	0.02424	0.01634	0.02100	0.01219	0.01418	0.01013	0.00706	0.00598	0.00199	0.00965	0.00483	0.00338	0.01074
3	0.01448	0.01222	0.05149	0.08698	0.10075	0.01106	0.01292	0.01834	0.04525	0.06242	0.12922	0.21926	0.07681	0.01683	0.01057	0.05502	0.00657	0.05493	0.00644	0.00845
4	0.01337	0.00953	0.01188	0.01114	0.01355	0.00927	0.00857	0.01935	0.10195	0.05908	0.49408	0.05677	0.09102	0.01578	0.00923	0.00260	0.00443	0.05153	0.00854	0.00834
5	0.01656	0.01204	0.01339	0.05866	0.01633	0.05075	0.00999	0.05521	0.01703	0.02681	0.02111	0.02585	0.01715	0.01497	0.07938	0.00331	0.11210	0.00727	0.43399	0.00810
6	0.01783	0.01405	0.01659	0.01192	0.01890	0.01065	0.00956	0.02133	0.01690	0.07321	0.01534	0.01721	0.01232	0.00616	0.00603	0.00127	0.00594	0.00494	0.00507	0.71480
7	0.01179	0.00916	0.01084	0.01023	0.01262	0.00876	0.00773	0.01734	0.09755	0.02940	0.44610	0.05990	0.21569	0.01652	0.00920	0.00256	0.00411	0.01429	0.00831	0.00790
8	0.00953	0.00793	0.00832	0.00845	0.01086	0.00672	0.00625	0.01159	0.01810	0.02202	0.11687	0.13589	0.56968	0.02027	0.00944	0.00272	0.00405	0.01712	0.00746	0.00672
9	0.00966	0.00690	0.00920	0.01104	0.01150	0.00644	0.00736	0.01104	0.01518	0.02024	0.04371	0.71614	0.05245	0.02484	0.01012	0.00322	0.00460	0.02254	0.00736	0.00644
10	0.02483	0.02006	0.02766	0.05976	0.24021	0.02159	0.05355	0.31692	0.02689	0.06293	0.01729	0.01968	0.01304	0.00874	0.00903	0.00247	0.04954	0.00726	0.00601	0.01254
11	0.01806	0.01980	0.04077	0.14053	0.07200	0.01991	0.46853	0.02407	0.01775	0.02414	0.01527	0.02097	0.01170	0.00743	0.01027	0.00271	0.06316	0.00870	0.00389	0.01033
12	0.13216	0.01890	0.02036	0.01609	0.02198	0.02048	0.01320	0.36688	0.10392	0.17285	0.02198	0.02104	0.01532	0.00943	0.00754	0.00244	0.00768	0.00713	0.00792	0.01271
13	0.14240	0.15016	0.16194	0.04364	0.02416	0.06480	0.03958	0.04820	0.04658	0.09115	0.03800	0.02147	0.03793	0.01138	0.04410	0.00289	0.00958	0.00663	0.00507	0.01033
14	0.14880	0.06648	0.06795	0.04142	0.02183	0.04165	0.01269	0.10515	0.01956	0.10528	0.01681	0.03730	0.01319	0.00795	0.00655	0.00198	0.00747	0.00600	0.00557	0.26637
15	0.08417	0.10190	0.09276	0.01520	0.02045	0.04064	0.04711	0.02726	0.14293	0.11100	0.19911	0.03158	0.03183	0.01071	0.00776	0.00242	0.00716	0.00890	0.00676	0.01034
16	0.01698	0.05385	0.09945	0.01433	0.01870	0.01301	0.02978	0.06683	0.06397	0.10419	0.06592	0.18546	0.12799	0.01758	0.04113	0.00321	0.00748	0.05391	0.00685	0.00940
17	0.01903	0.02534	0.25075	0.02027	0.06345	0.01776	0.04147	0.14772	0.10940	0.03082	0.02056	0.08566	0.01714	0.00975	0.00781	0.00240	0.00888	0.00817	0.00551	0.10811
18	0.01791	0.18951	0.27889	0.02405	0.03288	0.02154	0.24832	0.02439	0.01726	0.02356	0.01523	0.04305	0.01235	0.00769	0.00773	0.00241	0.01132	0.00737	0.00375	0.01080

[dist]
# distance from previous block
# <min> <max>
2	15

[block]
# block no. 4 follows, 24 sequences, length 95
# corresponding to MSA columns:
# 274-368
name=unknown_E
#
# <colnr> <probs for GDERKNQSTAVLIFYWHMCP>
#	G	D	E	R	K	N	Q	S	T	A	V	L	I	F	Y	W	H	M	C	P
0	0.01811	0.12327	0.54914	0.02082	0.03149	0.01948	0.02596	0.02602	0.01714	0.07594	0.01519	0.01706	0.01082	0.00762	0.00727	0.00241	0.01093	0.00583	0.00387	0.01167
1	0.14589	0.19066	0.27513	0.01835	0.05138	0.02162	0.01904	0.08912	0.04349	0.02854	0.03857	0.01761	0.01326	0.00797	0.00667	0.00230	0.00912	0.00584	0.00450	0.01093
2	0.01877	0.08342	0.27885	0.04921	0.04948	0.01799	0.06183	0.02587	0.06087	0.08686	0.01782	0.02016	0.01330	0.00842	0.00867	0.00240	0.06160	0.00664	0.07976	0.04808
3	0.06881	0.04578	0.03827	0.03501	0.01584	0.01185	0.00934	0.04385	0.04280	0.06341	0.05985	0.02725	0.02046	0.03962	0.03607	0.03559	0.00634	0.00733	0.29475	0.09778
4	0.02176	0.05332	0.01814	0.04108	0.01942	0.01531	0.01112	0.21326	0.02324	0.12886	0.04912	0.11049	0.05400	0.11045	0.01245	0.00309	0.00716	0.00998	0.00695	0.09083
5	0.04570	0.05055	0.05520	0.19261	0.28557	0.04573	0.04536	0.02469	0.04813	0.05632	0.01779	0.02478	0.01478	0.00864	0.00789	0.00251	0.00957	0.04877	0.00454	0.01086
6	0.05415	0.65444	0.03913	0.01384	0.02039	0.07014	0.01346	0.02420	0.01638	0.01943	0.01110	0.01282	0.01011	0.00689	0.00520	0.00175	0.00873	0.00429	0.00350	0.01005
7	0.01067	0.00806	0.00977	0.00953	0.01151	0.00727	0.00711	0.01364	0.02026	0.02728	0.41927	0.08963	0.25062	0.04690	0.01072	0.00283	0.00414	0.03565	0.00806	0.00709
8	0.00942	0.00784	0.00823	0.00855	0.01085	0.00665	0.00625	0.01132	0.01758	0.02122	0.07406	0.18581	0.56318	0.02090	0.00950	0.00277	0.00412	0.01773	0.00736	0.00665
9	0.01723	0.01639	0.02730	0.32342	0.31457	0.01798	0.04603	0.02338	0.06090	0.02381	0.01822	0.02313	0.03682	0.00815	0.00801	0.00253	0.00965	0.00764	0.00417	0.01067
10	0.00937	0.00803	0.00803	0.00803	0.01071	0.00669	0.00602	0.01138	0.01807	0.02142	0.08033	0.07632	0.66863	0.02008	0.00937	0.00268	0.00402	0.01674	0.00736	0.00669
11	0.01590	0.04102	0.68023	0.02260	0.03432	0.01842	0.02930	0.02511	0.01674	0.02511	0.01423	0.01674	0.01005	0.00753	0.00753	0.00251	0.01172	0.00586	0.00335	0.01172
12	0.01735	0.01735	0.02429	0.02082	0.02082	0.02429	0.01735	0.01908	0.01214	0.01908	0.01041	0.01735	0.01041	0.01388	0.02602	0.00347	0.70680	0.00694	0.00347	0.00867
13	0.01972	0.01703	0.01793	0.01614	0.02062	0.01972	0.01255	0.04214	0.65752	0.03317	0.03228	0.02959	0.02421	0.01076	0.00807	0.00269	0.00628	0.00897	0.00807	0.01255
14	0.01278	0.00913	0.01278	0.01460	0.01643	0.00913	0.01278	0.01643	0.01825	0.02373	0.04199	0.08945	0.04564	0.02191	0.01095	0.00365	0.00730	0.61847	0.00730	0.00730
15	0.03558	0.01350	0.01840	0.01411	0.02024	0.01166	0.01166	0.03865	0.02270	0.67734	0.03128	0.02699	0.01963	0.00981	0.00797	0.00245	0.00675	0.00797	0.00981	0.01350
16	0.01972	0.01703	0.01793	0.01614	0.02062	0.01972	0.01255	0.04214	0.65752	0.03317	0.03228	0.02959	0.02421	0.01076	0.00807	0.00269	0.00628	0.00897	0.00807	0.01255
17	0.01619	0.01387	0.01645	0.04030	0.01999	0.01105	0.00995	0.02049	0.04386	0.02565	0.01632	0.05143	0.01422	0.00709	0.00626	0.00140	0.00602	0.00585	0.00492	0.66865
18	0.00980	0.00700	0.00935	0.01119	0.01171	0.00656	0.00759	0.01127	0.01531	0.02039	0.04363	0.68924	0.05216	0.02472	0.01016	0.00324	0.00472	0.04812	0.00736	0.00648
19	0.01603	0.06521	0.60948	0.02121	0.03206	0.01816	0.02706	0.02461	0.01671	0.02517	0.01490	0.01746	0.01075	0.00762	0.00730	0.00243	0.01105	0.00590	0.05550	0.01136
20	0.02088	0.68513	0.07974	0.01411	0.02119	0.03060	0.01451	0.02383	0.01615	0.01904	0.01122	0.01296	0.01017	0.00683	0.00523	0.00174	0.00867	0.00434	0.00339	0.01027
21	0.01122	0.00811	0.01060	0.00998	0.01185	0.00748	0.00748	0.01496	0.02245	0.03180	0.66766	0.05923	0.07482	0.01621	0.00935	0.00249	0.00374	0.01434	0.00873	0.00748
22	0.77733	0.01534	0.01166	0.01043	0.01534	0.01779	0.00859	0.02331	0.01350	0.03558	0.01104	0.01288	0.00859	0.00736	0.00491	0.00245	0.00613	0.00429	0.00491	0.00859
23	0.01963	0.01884	0.03219	0.04867	0.67185	0.01884	0.02434	0.02434	0.01806	0.02591	0.01492	0.01963	0.01256	0.00707	0.00785	0.00236	0.00942	0.00707	0.00393	0.01256
24	0.01872	0.02139	0.04679	0.03342	0.04144	0.02005	0.64305	0.02540	0.01872	0.02540	0.01604	0.02139	0.01203	0.00668	0.00936	0.00267	0.01337	0.00936	0.00401	0.01070
25	0.01066	0.00808	0.00981	0.00938	0.01150	0.00724	0.00703	0.01386	0.02110	0.02861	0.48739	0.06448	0.25708	0.01740	0.00936	0.00255	0.00383	0.01508	0.00831	0.00724
26	0.01377	0.00689	0.01033	0.01033	0.01033	0.00689	0.00689	0.01033	0.01033	0.01377	0.01377	0.02410	0.01377	0.02755	0.03099	0.76928	0.00689	0.00689	0.00344	0.00344
27	0.01498	0.01409	0.02378	0.70226	0.05462	0.01762	0.02202	0.02026	0.01586	0.02026	0.01409	0.02114	0.01057	0.00793	0.00793	0.00264	0.01057	0.00705	0.00352	0.00881
28	0.74200	0.01525	0.01198	0.01060	0.01557	0.01750	0.00873	0.02404	0.01393	0.06614	0.01201	0.01355	0.00911	0.00748	0.00505	0.00245	0.00616	0.00447	0.00514	0.00882
29	0.06705	0.01357	0.01812	0.01395	0.02003	0.01192	0.01152	0.03799	0.02231	0.65011	0.03043	0.02639	0.01916	0.00971	0.00784	0.00245	0.00672	0.00782	0.00961	0.01329
30	0.01093	0.00749	0.00899	0.00950	0.00980	0.00729	0.00582	0.01169	0.01361	0.01831	0.08764	0.25486	0.04010	0.44671	0.02840	0.00587	0.00640	0.01513	0.00593	0.00554
31	0.01018	0.00714	0.00913	0.01042	0.01084	0.00679	0.00676	0.01134	0.01464	0.01961	0.06759	0.52769	0.04783	0.19074	0.01731	0.00425	0.00530	0.01954	0.00681	0.00610
32	0.01009	0.00721	0.00969	0.01153	0.01218	0.00681	0.00811	0.01178	0.01561	0.02072	0.04347	0.62978	0.05151	0.02444	0.01024	0.00328	0.00497	0.10466	0.00735	0.00656
33	0.07819	0.01448	0.01835	0.01424	0.02014	0.01348	0.01173	0.11368	0.02399	0.53168	0.05584	0.02652	0.02056	0.00991	0.00784	0.00245	0.00683	0.00792	0.00924	0.01294
34	0.02120	0.72609	0.04155	0.01357	0.02035	0.03138	0.01357	0.02374	0.01611	0.01866	0.01102	0.01272	0.01018	0.00678	0.00509	0.00170	0.00848	0.00424	0.00339	0.01018
35	0.01139	0.00768	0.00891	0.00904	0.00915	0.00772	0.00526	0.01164	0.01185	0.01588	0.02607	0.09642	0.02996	0.63714	0.07391	0.00766	0.00822	0.01212	0.00495	0.00504
36	0.00946	0.00804	0.00816	0.00813	0.01077	0.00673	0.00610	0.01156	0.01829	0.02193	0.10907	0.07548	0.63958	0.01989	0.00937	0.00267	0.00400	0.01662	0.00743	0.00673
37	0.00966	0.00690	0.00920	0.01104	0.01150	0.00644	0.00736	0.01104	0.01518	0.02024	0.04371	0.71614	0.05245	0.02484	0.01012	0.00322	0.00460	0.02254	0.00736	0.00644
38	0.03020	0.02142	0.02322	0.01788	0.02415	0.02351	0.01475	0.58246	0.05626	0.09438	0.02034	0.01995	0.01427	0.00958	0.00794	0.00240	0.00851	0.00726	0.00807	0.01346
39	0.01891	0.10125	0.15602	0.11398	0.11096	0.05006	0.15988	0.05329	0.01774	0.02404	0.01396	0.01834	0.01109	0.00826	0.01033	0.00256	0.10791	0.00694	0.00386	0.01060
40	0.01890	0.01502	0.01918	0.01506	0.04583	0.01250	0.04529	0.07434	0.01878	0.07299	0.01711	0.04748	0.01422	0.00735	0.00664	0.00158	0.00667	0.00624	0.00537	0.54945
41	0.05860	0.16350	0.10586	0.01575	0.02146	0.04265	0.04817	0.06972	0.03976	0.15415	0.07231	0.12843	0.02413	0.01135	0.00766	0.00242	0.00791	0.00942	0.00627	0.01047
42	0.01462	0.01208	0.04185	0.01521	0.01816	0.01126	0.05477	0.02108	0.11823	0.05631	0.08706	0.21673	0.04125	0.01822	0.00979	0.00314	0.00678	0.23756	0.00729	0.00864
43	0.01153	0.00769	0.00865	0.00865	0.00865	0.00769	0.00480	0.01153	0.01153	0.01538	0.02499	0.05189	0.02883	0.72131	0.04036	0.00769	0.00769	0.01153	0.00480	0.00480
44	0.01827	0.01679	0.05200	0.41883	0.16836	0.01794	0.04658	0.04804	0.04414	0.06842	0.01646	0.02135	0.01229	0.00800	0.00796	0.00256	0.01000	0.00724	0.00440	0.01039
45	0.71700	0.01737	0.06463	0.01139	0.01684	0.01784	0.01023	0.02345	0.01375	0.03475	0.01129	0.01319	0.00870	0.00737	0.00512	0.00246	0.00658	0.00442	0.00478	0.00884
46	0.03202	0.01457	0.01903	0.05230	0.02235	0.01381	0.01252	0.11214	0.05518	0.50613	0.05432	0.02710	0.02080	0.00998	0.00803	0.00247	0.00706	0.00812	0.00911	0.01295
47	0.01972	0.01703	0.01793	0.01614	0.02062	0.01972	0.01255	0.04214	0.65752	0.03317	0.03228	0.02959	0.02421	0.01076	0.00807	0.00269	0.00628	0.00897	0.00807	0.01255
48	0.01342	0.00861	0.01119	0.01025	0.01258	0.00783	0.00779	0.01700	0.02221	0.09242	0.57217	0.05720	0.10509	0.01584	0.00922	0.00250	0.00404	0.01388	0.00875	0.00801
49	0.00973	0.00696	0.00926	0.01099	0.01152	0.00649	0.00737	0.01122	0.01551	0.02077	0.07206	0.68628	0.05346	0.02445	0.01009	0.00319	0.00456	0.02217	0.00742	0.00649
50	0.01644	0.11016	0.61577	0.02169	0.03291	0.01972	0.02771	0.02497	0.01668	0.02446	0.01391	0.01634	0.01006	0.00746	0.00729	0.00243	0.01139	0.00570	0.00335	0.01156
51	0.00966	0.00690	0.00920	0.01104	0.01150	0.00644	0.00736	0.01104	0.01518	0.02024	0.04371	0.71614	0.05245	0.02484	0.01012	0.00322	0.00460	0.02254	0.00736	0.00644
52	0.77733	0.01534	0.01166	0.01043	0.01534	0.01779	0.00859	0.02331	0.01350	0.03558	0.01104	0.01288	0.00859	0.00736	0.00491	0.00245	0.00613	0.00429	0.00491	0.00859
53	0.03558	0.01350	0.01840	0.01411	0.02024	0.01166	0.01166	0.03865	0.02270	0.67734	0.03128	0.02699	0.01963	0.00981	0.00797	0.00245	0.00675	0.00797	0.00981	0.01350
54	0.77733	0.01534	0.01166	0.01043	0.01534	0.01779	0.00859	0.02331	0.01350	0.03558	0.01104	0.01288	0.00859	0.00736	0.00491	0.00245	0.00613	0.00429	0.00491	0.00859
55	0.01933	0.01637	0.01748	0.01585	0.02015	0.01871	0.01246	0.06659	0.55978	0.03283	0.03402	0.03518	0.04704	0.01185	0.00832	0.00275	0.00639	0.05492	0.00798	0.01200
56	0.77733	0.01534	0.01166	0.01043	0.01534	0.01779	0.00859	0.02331	0.01350	0.03558	0.01104	0.01288	0.00859	0.00736	0.00491	0.00245	0.00613	0.00429	0.00491	0.00859
57	0.00988	0.00714	0.00915	0.01052	0.01124	0.00663	0.00706	0.01138	0.01566	0.02077	0.08825	0.56461	0.10680	0.07613	0.01227	0.00346	0.00472	0.02064	0.00726	0.00641
58	0.02219	0.01725	0.01857	0.01617	0.02099	0.01951	0.01273	0.10344	0.53820	0.09169	0.03084	0.02828	0.02271	0.01055	0.00805	0.00264	0.00657	0.00869	0.00821	0.01273
59	0.03014	0.02221	0.02380	0.01825	0.02459	0.02459	0.01507	0.64541	0.03728	0.04998	0.01904	0.01904	0.01349	0.00952	0.00793	0.00238	0.00873	0.00714	0.00793	0.01349
60	0.00970	0.00795	0.00855	0.00860	0.01096	0.00680	0.00637	0.01194	0.01855	0.02302	0.17339	0.12628	0.52068	0.01984	0.00943	0.00269	0.00402	0.01682	0.00759	0.00680
61	0.01161	0.00824	0.01013	0.00966	0.01185	0.00738	0.00724	0.01473	0.02089	0.05420	0.44928	0.09480	0.23570	0.01745	0.00934	0.00258	0.00398	0.01515	0.00833	0.00745
62	0.01287	0.00934	0.01273	0.01426	0.01615	0.00942	0.01222	0.01732	0.04956	0.02439	0.07140	0.11945	0.04635	0.02125	0.01069	0.00353	0.00693	0.52720	0.00741	0.00752
63	0.03558	0.01350	0.01840	0.01411	0.02024	0.01166	0.01166	0.03865	0.02270	0.67734	0.03128	0.02699	0.01963	0.00981	0.00797	0.00245	0.00675	0.00797	0.00981	0.01350
64	0.01941	0.01588	0.01783	0.04391	0.02161	0.01797	0.01333	0.11717	0.40710	0.03285	0.03188	0.04098	0.02691	0.01293	0.00868	0.00286	0.00701	0.14263	0.00770	0.01137
65	0.01480	0.01086	0.01390	0.01242	0.01539	0.01079	0.03416	0.02239	0.15813	0.07469	0.38810	0.08031	0.10218	0.01491	0.00902	0.00259	0.00494	0.01311	0.00831	0.00900
66	0.03558	0.01350	0.01840	0.01411	0.02024	0.01166	0.01166	0.03865	0.02270	0.67734	0.03128	0.02699	0.01963	0.00981	0.00797	0.00245	0.00675	0.00797	0.00981	0.01350
67	0.01993	0.01866	0.03061	0.08469	0.57150	0.01912	0.02318	0.05892	0.04642	0.02720	0.01584	0.02011	0.01299	0.00741	0.00787	0.00239	0.00932	0.00715	0.00430	0.01239
68	0.01823	0.01566	0.01992	0.16938	0.07930	0.01791	0.01574	0.06526	0.33867	0.02930	0.02759	0.03509	0.02282	0.01140	0.00843	0.00278	0.00775	0.09712	0.00662	0.01102
69	0.01122	0.00811	0.01060	0.00998	0.01185	0.00748	0.00748	0.01496	0.02245	0.03180	0.66766	0.05923	0.07482	0.01621	0.00935	0.00249	0.00374	0.01434	0.00873	0.00748
70	0.01133	0.00850	0.01274	0.01274	0.01416	0.00991	0.00991	0.01416	0.01274	0.01841	0.02124	0.03115	0.01982	0.05947	0.68989	0.01274	0.02124	0.00850	0.00425	0.00708
71	0.01583	0.00841	0.00851	0.00813	0.01029	0.00857	0.00620	0.06138	0.01804	0.03096	0.02540	0.02884	0.01986	0.00926	0.00571	0.00188	0.00404	0.00737	0.71351	0.00781
72	0.01972	0.01703	0.01793	0.01614	0.02062	0.01972	0.01255	0.04214	0.65752	0.03317	0.03228	0.02959	0.02421	0.01076	0.00807	0.00269	0.00628	0.00897	0.00807	0.01255
73	0.02120	0.72609	0.04155	0.01357	0.02035	0.03138	0.01357	0.02374	0.01611	0.01866	0.01102	0.01272	0.01018	0.00678	0.00509	0.00170	0.00848	0.00424	0.00339	0.01018
74	0.01110	0.00810	0.01042	0.00984	0.01177	0.00743	0.00738	0.01472	0.02215	0.03109	0.62747	0.06040	0.11546	0.01648	0.00935	0.00251	0.00376	0.01450	0.00864	0.00743
75	0.77733	0.01534	0.01166	0.01043	0.01534	0.01779	0.00859	0.02331	0.01350	0.03558	0.01104	0.01288	0.00859	0.00736	0.00491	0.00245	0.00613	0.00429	0.00491	0.00859
76	0.01813	0.11107	0.45001	0.04918	0.03273	0.01976	0.08376	0.02546	0.01704	0.06861	0.01505	0.01764	0.01094	0.00781	0.00827	0.00248	0.04063	0.00625	0.00387	0.01133
77	0.02120	0.72609	0.04155	0.01357	0.02035	0.03138	0.01357	0.02374	0.01611	0.01866	0.01102	0.01272	0.01018	0.00678	0.00509	0.00170	0.00848	0.00424	0.00339	0.01018
78	0.00975	0.00697	0.00928	0.01098	0.01152	0.00650	0.00737	0.01128	0.01562	0.02093	0.08101	0.67686	0.05379	0.02433	0.01008	0.00318	0.00455	0.02205	0.00744	0.00650
79	0.00966	0.00690	0.00920	0.01104	0.01150	0.00644	0.00736	0.01104	0.01518	0.02024	0.04371	0.71614	0.05245	0.02484	0.01012	0.00322	0.00460	0.02254	0.00736	0.00644
80	0.11543	0.02140	0.02300	0.09602	0.02747	0.07297	0.04197	0.40218	0.05644	0.04081	0.01745	0.01874	0.01272	0.00891	0.00758	0.00242	0.00915	0.00681	0.00662	0.01189
81	0.01224	0.00874	0.01216	0.01398	0.01557	0.00866	0.01184	0.01549	0.01772	0.02313	0.04229	0.19835	0.04682	0.02242	0.01081	0.00358	0.00683	0.51492	0.00731	0.00715
82	0.01478	0.00739	0.00739	0.00739	0.00924	0.00739	0.00554	0.01848	0.01663	0.02956	0.02587	0.02956	0.02033	0.00924	0.00554	0.00185	0.00370	0.00739	0.76534	0.00739
83	0.01840	0.02221	0.12113	0.11282	0.19467	0.01971	0.27176	0.04388	0.01807	0.02521	0.01498	0.01995	0.01166	0.00766	0.00976	0.00262	0.06276	0.00782	0.00393	0.01101
84	0.01562	0.01462	0.02396	0.61037	0.09472	0.01785	0.02153	0.02204	0.05992	0.02153	0.01540	0.02162	0.01164	0.00806	0.00793	0.00263	0.01020	0.00718	0.00386	0.00932
85	0.02962	0.03779	0.02247	0.02043	0.02451	0.68948	0.01532	0.03166	0.02247	0.01941	0.01226	0.01430	0.01021	0.00817	0.00715	0.00204	0.01430	0.00511	0.00409	0.00919
86	0.01101	0.00816	0.01030	0.00996	0.01196	0.00746	0.00759	0.01444	0.02140	0.02944	0.52282	0.06427	0.17598	0.01727	0.00947	0.00261	0.00403	0.05610	0.00839	0.00733
87	0.02448	0.01760	0.05512	0.01626	0.02132	0.01764	0.01373	0.16178	0.23475	0.18773	0.02774	0.03113	0.02134	0.03890	0.01034	0.00287	0.04069	0.05679	0.00779	0.01202
88	0.00986	0.00716	0.00930	0.01065	0.01149	0.00661	0.00727	0.01162	0.01644	0.02196	0.13440	0.57187	0.10559	0.02324	0.00995	0.00307	0.00443	0.02092	0.00755	0.00661
89	0.02962	0.03779	0.02247	0.02043	0.02451	0.68948	0.01532	0.03166	0.02247	0.01941	0.01226	0.01430	0.01021	0.00817	0.00715	0.00204	0.01430	0.00511	0.00409	0.00919
90	0.07104	0.01897	0.05837	0.18448	0.32770	0.01908	0.07537	0.07346	0.04591	0.02745	0.01560	0.01990	0.01226	0.00762	0.00780	0.00248	0.00971	0.00710	0.00438	0.01133
91	0.01699	0.01701	0.02500	0.02114	0.02174	0.02292	0.06158	0.01906	0.01280	0.01961	0.01280	0.05942	0.01304	0.01402	0.02388	0.00340	0.61513	0.00805	0.00374	0.00869
92	0.01212	0.00950	0.01320	0.01506	0.06296	0.00990	0.01056	0.01452	0.01583	0.02135	0.06780	0.23048	0.09305	0.09323	0.10035	0.00483	0.05821	0.15355	0.00623	0.00725
93	0.01309	0.01017	0.01217	0.01270	0.01482	0.01048	0.00987	0.02008	0.16404	0.02457	0.06970	0.20637	0.12427	0.06962	0.01194	0.00345	0.00593	0.20127	0.00738	0.00807
94	0.01891	0.08499	0.42114	0.02529	0.10724	0.01968	0.08313	0.06804	0.01872	0.05751	0.01538	0.01786	0.01123	0.00759	0.00761	0.00244	0.01092	0.00640	0.00410	0.01181

[dist]
# distance from previous block
# <min> <max>
0	4

[block]
# block no. 5 follows, 24 sequences, length 7
# corresponding to MSA columns:
# 373-379
name=unknown_F
#
# <colnr> <probs for GDERKNQSTAVLIFYWHMCP>
#	G	D	E	R	K	N	Q	S	T	A	V	L	I	F	Y	W	H	M	C	P
0	0.37868	0.01428	0.01458	0.07666	0.01951	0.01621	0.01075	0.09913	0.01900	0.03427	0.18428	0.02676	0.02682	0.01028	0.00763	0.00252	0.03595	0.00765	0.00610	0.00894
1	0.08617	0.06286	0.37732	0.01928	0.05779	0.01589	0.02057	0.02115	0.01606	0.02454	0.02153	0.19950	0.02115	0.01199	0.00786	0.00264	0.00905	0.01006	0.00458	0.01001
2	0.01592	0.01179	0.01370	0.01187	0.01503	0.01185	0.00927	0.17959	0.02573	0.03513	0.41674	0.05106	0.14070	0.01499	0.00898	0.00249	0.00508	0.01279	0.00833	0.00895
3	0.01559	0.01377	0.02182	0.16878	0.29543	0.01443	0.01707	0.01898	0.01591	0.02162	0.02246	0.03572	0.05221	0.19592	0.01666	0.00391	0.00879	0.04737	0.00446	0.00912
4	0.01074	0.00809	0.00993	0.00947	0.01155	0.00728	0.00710	0.01403	0.02130	0.02908	0.51384	0.06371	0.23034	0.01723	0.00936	0.00254	0.00381	0.01497	0.00837	0.00728
5	0.01470	0.01305	0.02095	0.43310	0.12520	0.01518	0.01782	0.01852	0.01502	0.01974	0.01706	0.02899	0.01562	0.19465	0.01641	0.00393	0.00966	0.00822	0.00391	0.00826
6	0.01513	0.01739	0.08316	0.05275	0.02915	0.01569	0.28441	0.01965	0.01654	0.02274	0.02451	0.25430	0.02523	0.01369	0.01119	0.00293	0.08437	0.01315	0.00500	0.00905

[dist]
# distance from previous block
# <min> <max>
4	53

[block]
# block no. 6 follows, 24 sequences, length 22
# corresponding to MSA columns:
# 433-454
name=unknown_G
#
# <colnr> <probs for GDERKNQSTAVLIFYWHMCP>
#	G	D	E	R	K	N	Q	S	T	A	V	L	I	F	Y	W	H	M	C	P
0	0.10986	0.01762	0.02989	0.12781	0.06295	0.01858	0.24558	0.06087	0.04553	0.08762	0.01685	0.02080	0.01269	0.00907	0.01052	0.03587	0.06496	0.00773	0.00491	0.01028
1	0.01912	0.35862	0.03022	0.05352	0.02167	0.02491	0.01405	0.04964	0.09827	0.02210	0.01703	0.07235	0.01580	0.01183	0.03143	0.00269	0.13512	0.00719	0.00454	0.00988
2	0.02101	0.61346	0.03760	0.01374	0.01999	0.02888	0.01320	0.07226	0.01773	0.02128	0.01423	0.06854	0.01376	0.00842	0.00571	0.00187	0.00819	0.00591	0.00407	0.01015
3	0.01074	0.00740	0.00903	0.00973	0.01007	0.00716	0.00606	0.01160	0.01388	0.01866	0.08319	0.32438	0.04211	0.38077	0.02554	0.00545	0.00611	0.01626	0.00616	0.00569
4	0.01434	0.00904	0.01075	0.05711	0.01405	0.00967	0.00803	0.01744	0.01563	0.02576	0.02482	0.09799	0.02224	0.06695	0.01072	0.00261	0.06624	0.00904	0.47095	0.04664
5	0.01840	0.01556	0.01651	0.01483	0.01899	0.01751	0.01153	0.06757	0.50172	0.03257	0.08711	0.03677	0.10207	0.01220	0.00831	0.00266	0.00594	0.01019	0.00803	0.01152
6	0.08779	0.63176	0.03805	0.01361	0.02011	0.06088	0.01321	0.02408	0.01618	0.02017	0.01108	0.01281	0.01004	0.00690	0.00517	0.00178	0.00855	0.00429	0.00356	0.00999
7	0.03075	0.01340	0.01741	0.01355	0.01928	0.01190	0.01107	0.05425	0.04972	0.50536	0.05444	0.02732	0.02115	0.00970	0.00769	0.00231	0.00641	0.00791	0.05395	0.08242
8	0.14760	0.39216	0.14624	0.01499	0.02215	0.05354	0.01541	0.02562	0.01667	0.08292	0.01350	0.01483	0.01076	0.00735	0.00584	0.00205	0.00876	0.00491	0.00425	0.01045
9	0.01700	0.01535	0.10398	0.07424	0.02135	0.01249	0.01337	0.10531	0.02163	0.09428	0.22459	0.16489	0.04102	0.01464	0.00887	0.00268	0.00672	0.04098	0.00723	0.00939
10	0.01830	0.14564	0.47981	0.02156	0.03180	0.02016	0.07937	0.02582	0.01721	0.06760	0.01502	0.01720	0.01088	0.00749	0.00734	0.00239	0.01102	0.00605	0.00384	0.01150
11	0.01152	0.00774	0.00892	0.00892	0.00902	0.00784	0.00515	0.01171	0.01161	0.01558	0.02474	0.05051	0.02823	0.67719	0.08366	0.00802	0.00859	0.01133	0.00477	0.00496
12	0.20392	0.01917	0.01966	0.01552	0.02126	0.02115	0.01278	0.42369	0.02957	0.08726	0.01838	0.01874	0.01315	0.00902	0.00709	0.00237	0.00770	0.00655	0.05102	0.01199
13	0.01377	0.00689	0.01033	0.01033	0.01033	0.00689	0.00689	0.01033	0.01033	0.01377	0.01377	0.02410	0.01377	0.02755	0.03099	0.76928	0.00689	0.00689	0.00344	0.00344
14	0.02205	0.01819	0.01924	0.01661	0.02151	0.02081	0.01312	0.17701	0.51885	0.03693	0.02932	0.02723	0.02181	0.01048	0.00804	0.00262	0.00682	0.00856	0.00804	0.01276
15	0.01674	0.10287	0.55099	0.02354	0.05896	0.01976	0.06989	0.02497	0.01687	0.02456	0.01408	0.01680	0.01029	0.00739	0.00744	0.00244	0.01144	0.00600	0.00342	0.01154
16	0.01787	0.17622	0.48931	0.01977	0.02985	0.02022	0.02428	0.02512	0.01701	0.06128	0.01694	0.01866	0.03427	0.00796	0.00713	0.00235	0.01050	0.00605	0.00387	0.01133
17	0.01637	0.10099	0.62432	0.02181	0.03310	0.01955	0.02792	0.02499	0.01669	0.02455	0.01395	0.01639	0.01006	0.00747	0.00732	0.00244	0.01144	0.00572	0.00335	0.01158
18	0.01078	0.00809	0.00998	0.00951	0.01157	0.00729	0.00713	0.01411	0.02140	0.02931	0.52695	0.06333	0.21709	0.01714	0.00936	0.00254	0.00381	0.01491	0.00840	0.00729
19	0.03324	0.01393	0.01832	0.01432	0.02008	0.01262	0.01171	0.09868	0.02367	0.56805	0.03089	0.07364	0.02126	0.01082	0.00812	0.00250	0.00680	0.00889	0.00945	0.01301
20	0.02097	0.68407	0.04053	0.01400	0.02038	0.03096	0.01379	0.02347	0.01588	0.01868	0.01099	0.01299	0.01019	0.00720	0.00633	0.00180	0.04988	0.00440	0.00340	0.01009
21	0.00995	0.00716	0.00950	0.01126	0.01194	0.00671	0.00783	0.01157	0.01560	0.02063	0.04507	0.62911	0.07745	0.02436	0.01017	0.00324	0.00484	0.07973	0.00736	0.00653

[dist]
# distance from previous block
# <min> <max>
0	1

[block]
# block no. 7 follows, 24 sequences, length 10
# corresponding to MSA columns:
# 456-465
name=unknown_H
#
# <colnr> <probs for GDERKNQSTAVLIFYWHMCP>
#	G	D	E	R	K	N	Q	S	T	A	V	L	I	F	Y	W	H	M	C	P
0	0.02238	0.56178	0.07678	0.01534	0.02194	0.14807	0.01483	0.02524	0.01729	0.01918	0.01144	0.01325	0.01018	0.00708	0.00560	0.00181	0.00972	0.00449	0.00351	0.01009
1	0.02755	0.07751	0.07448	0.02009	0.02486	0.53362	0.01637	0.06281	0.02198	0.02142	0.01262	0.01478	0.01038	0.00836	0.00793	0.00214	0.04399	0.00530	0.00417	0.00965
2	0.02208	0.01651	0.01800	0.01584	0.02056	0.01853	0.01242	0.04162	0.56333	0.12875	0.03213	0.02920	0.02353	0.01062	0.00805	0.00265	0.00635	0.00882	0.00833	0.01269
3	0.02288	0.06012	0.02106	0.05452	0.02301	0.02090	0.01362	0.21880	0.31108	0.05975	0.02478	0.02438	0.01847	0.00998	0.00835	0.00250	0.03319	0.00782	0.05272	0.01206
4	0.01097	0.00783	0.00931	0.00923	0.01031	0.00738	0.00614	0.01271	0.01667	0.02252	0.26597	0.10919	0.13713	0.31481	0.02249	0.00477	0.00551	0.01413	0.00678	0.00616
5	0.00965	0.00786	0.00855	0.00877	0.01098	0.00675	0.00643	0.01178	0.01816	0.02254	0.14867	0.17862	0.49289	0.02037	0.00949	0.00274	0.00408	0.01738	0.00754	0.00675
6	0.01045	0.00818	0.00941	0.00994	0.01201	0.00736	0.00768	0.01274	0.01765	0.02200	0.09736	0.12301	0.39725	0.07378	0.01214	0.00331	0.00509	0.15668	0.00723	0.00672
7	0.03558	0.01350	0.01840	0.01411	0.02024	0.01166	0.01166	0.03865	0.02270	0.67734	0.03128	0.02699	0.01963	0.00981	0.00797	0.00245	0.00675	0.00797	0.00981	0.01350
8	0.03558	0.01350	0.01840	0.01411	0.02024	0.01166	0.01166	0.03865	0.02270	0.67734	0.03128	0.02699	0.01963	0.00981	0.00797	0.00245	0.00675	0.00797	0.00981	0.01350
9	0.02120	0.72609	0.04155	0.01357	0.02035	0.03138	0.01357	0.02374	0.01611	0.01866	0.01102	0.01272	0.01018	0.00678	0.00509	0.00170	0.00848	0.00424	0.00339	0.01018

[dist]
# distance from previous block
# <min> <max>
0	1

[block]
# block no. 8 follows, 24 sequences, length 61
# corresponding to MSA columns:
# 467-527
name=unknown_I
#
# <colnr> <probs for GDERKNQSTAVLIFYWHMCP>
#	G	D	E	R	K	N	Q	S	T	A	V	L	I	F	Y	W	H	M	C	P
0	0.01114	0.00804	0.01053	0.01003	0.01183	0.00743	0.00748	0.01476	0.02206	0.03119	0.63487	0.09376	0.07365	0.01667	0.00939	0.00253	0.00379	0.01477	0.00866	0.00743
1	0.01431	0.00746	0.00758	0.00755	0.00945	0.00736	0.00566	0.01791	0.01699	0.02922	0.06028	0.03363	0.05922	0.01019	0.00594	0.00193	0.00372	0.00825	0.68600	0.00736
2	0.01133	0.00850	0.01274	0.01274	0.01416	0.00991	0.00991	0.01416	0.01274	0.01841	0.02124	0.03115	0.01982	0.05947	0.68989	0.01274	0.02124	0.00850	0.00425	0.00708
