[name]
unknown

[dist]
# distance from previous block
# <min> <max>
0	36

[block]
# block no. 0 follows, 25 sequences, length 36
# corresponding to MSA columns:
# 36-71
name=unknown_A
#
# <colnr> <probs for GDERKNQSTAVLIFYWHMCP>
#	G	D	E	R	K	N	Q	S	T	A	V	L	I	F	Y	W	H	M	C	P
0	0.01704	0.01572	0.02156	0.02894	0.29752	0.07432	0.01749	0.02160	0.04243	0.02408	0.02692	0.04985	0.02708	0.01368	0.00899	0.00286	0.00859	0.28618	0.00549	0.00967
1	0.05984	0.02316	0.01936	0.04359	0.02200	0.24286	0.01299	0.21860	0.06450	0.07785	0.01843	0.02152	0.01459	0.07251	0.01006	0.00269	0.00964	0.00676	0.04879	0.01026
2	0.01289	0.00674	0.00994	0.01020	0.01027	0.00667	0.00680	0.01020	0.01079	0.01438	0.01770	0.12470	0.01894	0.02655	0.02735	0.66280	0.00641	0.00895	0.00392	0.00379
3	0.02446	0.01480	0.01951	0.01547	0.02068	0.01456	0.06444	0.11524	0.14864	0.26471	0.13650	0.03010	0.02734	0.01031	0.00802	0.00238	0.00675	0.00885	0.00805	0.05918
4	0.02582	0.01340	0.01675	0.01300	0.01857	0.01184	0.01043	0.05746	0.06934	0.35909	0.05795	0.02643	0.02043	0.04913	0.00909	0.00237	0.00632	0.00748	0.00771	0.21736
5	0.78228	0.01499	0.01140	0.01020	0.01499	0.01739	0.00840	0.02279	0.01320	0.03479	0.01080	0.01260	0.00840	0.00720	0.00480	0.00240	0.00600	0.00420	0.00480	0.00840
6	0.01770	0.01499	0.01617	0.01463	0.01853	0.01700	0.01133	0.03613	0.54247	0.03218	0.15427	0.03446	0.03311	0.01154	0.00813	0.00259	0.00566	0.00977	0.00801	0.01133
7	0.01822	0.02067	0.04438	0.03191	0.03927	0.01987	0.61153	0.02445	0.01790	0.02445	0.01534	0.02067	0.01167	0.00697	0.01016	0.00266	0.05664	0.00900	0.00389	0.01033
8	0.01445	0.00723	0.00723	0.00723	0.00903	0.00723	0.00542	0.01807	0.01626	0.02891	0.02529	0.02891	0.01987	0.00903	0.00542	0.00181	0.00361	0.00723	0.77055	0.00723
9	0.01081	0.00792	0.01014	0.00959	0.01149	0.00725	0.00719	0.01432	0.02157	0.03019	0.62213	0.05940	0.12664	0.01619	0.00915	0.00245	0.00368	0.01423	0.00842	0.00725
10	0.03265	0.01367	0.01793	0.01407	0.01984	0.01249	0.01152	0.03826	0.11096	0.59448	0.03072	0.02674	0.01981	0.00972	0.00781	0.00243	0.00653	0.00793	0.00936	0.01307
11	0.01919	0.01842	0.03147	0.04759	0.67914	0.01842	0.02380	0.02380	0.01765	0.02533	0.01458	0.01919	0.01228	0.00691	0.00768	0.00230	0.00921	0.00691	0.00384	0.01228
12	0.11785	0.01758	0.01965	0.05218	0.12271	0.05006	0.01376	0.26080	0.04436	0.05597	0.01850	0.02033	0.01393	0.00853	0.00691	0.00224	0.00761	0.00665	0.14950	0.01089
13	0.02041	0.65566	0.04014	0.01477	0.02116	0.02969	0.05164	0.02310	0.01572	0.01866	0.01104	0.01316	0.01007	0.00696	0.00620	0.00180	0.04200	0.00457	0.00336	0.00991
14	0.01874	0.01948	0.02312	0.01996	0.02073	0.11287	0.01639	0.03944	0.01399	0.01960	0.01103	0.01707	0.01055	0.01420	0.04506	0.00348	0.57542	0.00660	0.00363	0.00864
15	0.01854	0.01511	0.01946	0.20437	0.08244	0.01713	0.01502	0.14252	0.19434	0.03000	0.02330	0.08551	0.01924	0.01032	0.00773	0.00249	0.00756	0.00879	0.08573	0.01040
16	0.01915	0.01846	0.03144	0.04485	0.60391	0.01854	0.05822	0.02490	0.05647	0.02573	0.01566	0.01987	0.01293	0.00710	0.00777	0.00234	0.00924	0.00715	0.00409	0.01218
17	0.01793	0.01319	0.01574	0.01187	0.01799	0.01045	0.00940	0.02183	0.04109	0.10685	0.01910	0.08051	0.01643	0.00805	0.00645	0.00154	0.00575	0.00670	0.00557	0.58358
18	0.01919	0.01834	0.03081	0.04609	0.64804	0.01846	0.02325	0.02462	0.04821	0.02567	0.01539	0.01965	0.01282	0.00708	0.00769	0.00232	0.00907	0.00700	0.00403	0.01228
19	0.05059	0.04555	0.01697	0.01229	0.01816	0.01289	0.00997	0.05200	0.08519	0.15466	0.02247	0.02263	0.04590	0.00805	0.00652	0.00177	0.00600	0.00640	0.04495	0.37703
20	0.60332	0.01886	0.01402	0.01233	0.01713	0.11903	0.00994	0.07999	0.01657	0.03368	0.01167	0.01334	0.00906	0.00750	0.00539	0.00233	0.00741	0.00456	0.00494	0.00891
21	0.01555	0.04011	0.68733	0.02210	0.03356	0.01801	0.02865	0.02455	0.01637	0.02455	0.01391	0.01637	0.00982	0.00737	0.00737	0.00246	0.01146	0.00573	0.00327	0.01146
22	0.00958	0.00708	0.00897	0.01016	0.01115	0.00646	0.00699	0.01132	0.01620	0.02137	0.12613	0.52960	0.16166	0.02246	0.00968	0.00297	0.00430	0.02008	0.00736	0.00646
23	0.02726	0.01204	0.01579	0.01310	0.01750	0.01097	0.01029	0.07657	0.02095	0.44630	0.03202	0.18289	0.02647	0.05753	0.01023	0.00288	0.00633	0.01114	0.00862	0.01112
24	0.01108	0.00831	0.01246	0.01246	0.01385	0.00969	0.00969	0.01385	0.01246	0.01800	0.02077	0.03046	0.01938	0.05815	0.69678	0.01246	0.02077	0.00831	0.00415	0.00692
25	0.01661	0.01550	0.02380	0.25351	0.03257	0.01927	0.07344	0.07038	0.01604	0.02243	0.01571	0.07778	0.01431	0.01139	0.01471	0.00290	0.27666	0.00833	0.02578	0.00887
26	0.01919	0.01842	0.03147	0.04759	0.67914	0.01842	0.02380	0.02380	0.01765	0.02533	0.01458	0.01919	0.01228	0.00691	0.00768	0.00230	0.00921	0.00691	0.00384	0.01228
27	0.78228	0.01499	0.01140	0.01020	0.01499	0.01739	0.00840	0.02279	0.01320	0.03479	0.01080	0.01260	0.00840	0.00720	0.00480	0.00240	0.00600	0.00420	0.00480	0.00840
28	0.02105	0.60735	0.06892	0.01458	0.02093	0.08885	0.01431	0.02377	0.01617	0.01862	0.01101	0.01295	0.00996	0.00708	0.00614	0.00180	0.03885	0.00441	0.00338	0.00987
29	0.00950	0.00780	0.00840	0.00859	0.01090	0.00670	0.00644	0.01163	0.01780	0.02185	0.12730	0.13495	0.53415	0.01982	0.00930	0.00269	0.00410	0.04413	0.00732	0.00662
30	0.00941	0.00690	0.00884	0.01039	0.01114	0.00633	0.00702	0.01084	0.01524	0.01995	0.04773	0.63212	0.13838	0.02364	0.00979	0.00307	0.00442	0.02125	0.00720	0.00633
31	0.01929	0.01666	0.01753	0.01578	0.02016	0.01929	0.01227	0.04120	0.66513	0.03243	0.03156	0.02893	0.02367	0.01052	0.00789	0.00263	0.00614	0.00877	0.00789	0.01227
32	0.00954	0.00782	0.00841	0.00836	0.01073	0.00669	0.00623	0.01181	0.01840	0.02292	0.19586	0.09998	0.52817	0.01909	0.00919	0.00261	0.00390	0.01615	0.00747	0.00669
33	0.01190	0.00800	0.01031	0.01028	0.01211	0.00731	0.00765	0.01475	0.01950	0.06584	0.37647	0.22154	0.13420	0.01829	0.00934	0.00269	0.00427	0.05020	0.00804	0.00732
34	0.10020	0.32270	0.16575	0.05466	0.02467	0.07768	0.01653	0.06429	0.04605	0.04307	0.01366	0.01536	0.01085	0.00744	0.00615	0.00208	0.00915	0.00518	0.00418	0.01034
35	0.01740	0.01454	0.04786	0.04117	0.05281	0.01347	0.01209	0.04524	0.19857	0.07730	0.08250	0.07569	0.06262	0.01138	0.00779	0.00233	0.00627	0.04082	0.03240	0.15777

[dist]
# distance from previous block
# <min> <max>
0	2

[block]
# block no. 1 follows, 25 sequences, length 298
# corresponding to MSA columns:
# 74-371
name=unknown_B
#
# <colnr> <probs for GDERKNQSTAVLIFYWHMCP>
#	G	D	E	R	K	N	Q	S	T	A	V	L	I	F	Y	W	H	M	C	P
0	0.24769	0.02019	0.07503	0.01532	0.02090	0.04104	0.01328	0.25203	0.14253	0.03736	0.01916	0.04974	0.01501	0.00937	0.00695	0.00244	0.00758	0.00699	0.00638	0.01102
1	0.01779	0.01549	0.04467	0.01666	0.02096	0.01575	0.06958	0.04957	0.33709	0.05732	0.08659	0.04277	0.03047	0.01284	0.00871	0.00279	0.00706	0.14599	0.00731	0.01058
2	0.23833	0.01674	0.05420	0.27448	0.16671	0.01763	0.01780	0.05287	0.01662	0.05602	0.01406	0.01798	0.01068	0.00756	0.00687	0.00245	0.00866	0.00611	0.00438	0.00986
3	0.01884	0.01951	0.06863	0.06694	0.62263	0.01836	0.02400	0.02371	0.01751	0.02511	0.01452	0.01908	0.01208	0.00696	0.00766	0.00232	0.00937	0.00684	0.00379	0.01212
4	0.59330	0.01581	0.03993	0.06998	0.01935	0.01704	0.01060	0.04980	0.01502	0.06242	0.01292	0.01490	0.00973	0.00752	0.00543	0.00239	0.00663	0.00488	0.03345	0.00891
5	0.01195	0.01147	0.07361	0.01119	0.01349	0.00966	0.00919	0.01533	0.04351	0.02144	0.09854	0.09629	0.14637	0.19405	0.11358	0.00516	0.03619	0.01171	0.07024	0.00705
6	0.01109	0.00824	0.01212	0.01212	0.01338	0.00951	0.00926	0.01363	0.01236	0.01774	0.02108	0.03220	0.02014	0.11560	0.64036	0.01204	0.01963	0.00856	0.00420	0.00673
7	0.01636	0.01596	0.06383	0.32802	0.19925	0.01620	0.01955	0.02263	0.07120	0.04654	0.06596	0.06368	0.01914	0.00935	0.00795	0.00252	0.00882	0.00840	0.00471	0.00995
8	0.03257	0.01326	0.01768	0.01370	0.01938	0.01179	0.01126	0.07104	0.02299	0.59576	0.08167	0.02848	0.02319	0.01008	0.00790	0.00240	0.00647	0.00825	0.00941	0.01272
9	0.01622	0.01561	0.02688	0.46617	0.19769	0.01780	0.07593	0.02208	0.04369	0.02207	0.01488	0.02069	0.01148	0.00757	0.00786	0.00252	0.01013	0.00717	0.00377	0.00979
10	0.01728	0.01758	0.02312	0.01999	0.02020	0.05644	0.01651	0.01898	0.01248	0.01872	0.01145	0.04252	0.01167	0.01368	0.02396	0.00331	0.65284	0.00725	0.00356	0.00843
11	0.02896	0.03695	0.02197	0.01998	0.02397	0.69638	0.01498	0.03096	0.02197	0.01898	0.01199	0.01398	0.00999	0.00799	0.00699	0.00200	0.01398	0.00499	0.00400	0.00899
12	0.02157	0.01762	0.02201	0.11199	0.13845	0.01968	0.01599	0.17593	0.30166	0.05693	0.02332	0.02372	0.01741	0.00923	0.00780	0.00249	0.00778	0.00776	0.00665	0.01204
13	0.01929	0.01666	0.01753	0.01578	0.02016	0.01929	0.01227	0.04120	0.66513	0.03243	0.03156	0.02893	0.02367	0.01052	0.00789	0.00263	0.00614	0.00877	0.00789	0.01227
14	0.69617	0.01479	0.01216	0.01061	0.01555	0.01670	0.00874	0.02452	0.01423	0.10963	0.01308	0.01418	0.00964	0.00747	0.00514	0.00240	0.00607	0.00461	0.00535	0.00895
15	0.01735	0.09455	0.55032	0.02017	0.03037	0.01808	0.02506	0.02510	0.01703	0.07778	0.04293	0.01861	0.01327	0.00784	0.00728	0.00238	0.01047	0.00611	0.00401	0.01130
16	0.01579	0.03845	0.63203	0.02301	0.03416	0.01814	0.08229	0.02458	0.01654	0.02458	0.01407	0.01676	0.00999	0.00729	0.00752	0.00247	0.01160	0.00602	0.00333	0.01137
17	0.78228	0.01499	0.01140	0.01020	0.01499	0.01739	0.00840	0.02279	0.01320	0.03479	0.01080	0.01260	0.00840	0.00720	0.00480	0.00240	0.00600	0.00420	0.00480	0.00840
18	0.00990	0.00754	0.01068	0.01154	0.01256	0.00698	0.03710	0.01164	0.01553	0.02060	0.07105	0.61106	0.09912	0.02274	0.00977	0.00305	0.00482	0.02066	0.00710	0.00655
19	0.00935	0.00781	0.00814	0.00816	0.01061	0.00661	0.00608	0.01144	0.01795	0.02185	0.13288	0.10049	0.59310	0.01948	0.00919	0.00262	0.00393	0.01639	0.00733	0.00661
20	0.02836	0.02721	0.02167	0.01813	0.02304	0.31447	0.01419	0.31225	0.04688	0.05915	0.01685	0.01865	0.01301	0.04076	0.00884	0.00243	0.01071	0.00639	0.00606	0.01096
21	0.13433	0.01667	0.01909	0.01484	0.02075	0.01700	0.01225	0.26868	0.02637	0.35568	0.02337	0.02157	0.01545	0.00916	0.00737	0.00237	0.00725	0.00700	0.00825	0.01254
22	0.05348	0.01918	0.02011	0.01641	0.02181	0.04487	0.01323	0.31452	0.25690	0.11991	0.02418	0.02286	0.01737	0.00965	0.00768	0.00243	0.00755	0.00754	0.00779	0.01254
23	0.02728	0.10790	0.02478	0.02158	0.07978	0.54863	0.01555	0.04775	0.02137	0.02032	0.01228	0.01440	0.01027	0.00779	0.00686	0.00200	0.01282	0.00513	0.00402	0.00950
24	0.01083	0.00779	0.01034	0.01060	0.01211	0.00730	0.00798	0.01395	0.01978	0.02747	0.44628	0.21311	0.06436	0.01852	0.00953	0.00275	0.00432	0.09789	0.00804	0.00706
25	0.01490	0.01405	0.02372	0.67115	0.08910	0.01729	0.02166	0.02004	0.01563	0.02013	0.01383	0.02059	0.01045	0.00770	0.00775	0.00257	0.01027	0.00689	0.00347	0.00882
26	0.01555	0.04011	0.68733	0.02210	0.03356	0.01801	0.02865	0.02455	0.01637	0.02455	0.01391	0.01637	0.00982	0.00737	0.00737	0.00246	0.01146	0.00573	0.00327	0.01146
27	0.01464	0.01378	0.02326	0.70887	0.05340	0.01723	0.02153	0.01981	0.01550	0.01981	0.01378	0.02067	0.01034	0.00775	0.00775	0.00258	0.01034	0.00689	0.00345	0.00861
28	0.01677	0.03532	0.54665	0.02464	0.09530	0.01810	0.05338	0.02474	0.01661	0.04828	0.01451	0.01722	0.01049	0.00761	0.00819	0.00248	0.03854	0.00610	0.00359	0.01144
29	0.03378	0.01297	0.01767	0.01362	0.01945	0.01122	0.01122	0.03681	0.02218	0.65684	0.05788	0.02773	0.02148	0.00986	0.00785	0.00240	0.00647	0.00806	0.00955	0.01295
30	0.00936	0.00709	0.00864	0.00989	0.01101	0.00637	0.00679	0.01090	0.01572	0.02015	0.05377	0.52283	0.24378	0.02286	0.00967	0.00299	0.00432	0.02029	0.00720	0.00637
31	0.01485	0.01419	0.02454	0.67030	0.05267	0.01736	0.05744	0.02010	0.01566	0.02010	0.01389	0.02069	0.01042	0.00768	0.00783	0.00259	0.01049	0.00702	0.00347	0.00872
32	0.01078	0.00969	0.04839	0.01011	0.01259	0.00771	0.00822	0.01427	0.02038	0.02803	0.48048	0.09094	0.19639	0.01657	0.00908	0.00251	0.00420	0.01443	0.00789	0.00734
33	0.02027	0.66307	0.03813	0.01327	0.01959	0.02912	0.01298	0.02391	0.05304	0.01955	0.03791	0.01515	0.01320	0.00722	0.00530	0.00174	0.00799	0.00480	0.00378	0.00998
34	0.01678	0.01431	0.01677	0.01219	0.01874	0.01160	0.00980	0.05089	0.01691	0.02615	0.01386	0.01624	0.01151	0.00626	0.00670	0.00130	0.03665	0.00481	0.00470	0.70384
35	0.05340	0.02232	0.02267	0.02023	0.08415	0.11380	0.01503	0.42873	0.02985	0.03981	0.01703	0.01827	0.01270	0.00900	0.00820	0.00230	0.03965	0.00661	0.04438	0.01186
36	0.00945	0.00675	0.00900	0.01080	0.01125	0.00630	0.00720	0.01080	0.01484	0.01979	0.04274	0.72245	0.05128	0.02429	0.00990	0.00315	0.00450	0.02204	0.00720	0.00630
37	0.02947	0.02172	0.02327	0.01784	0.02404	0.02404	0.01474	0.65329	0.03646	0.04887	0.01862	0.01862	0.01319	0.00931	0.00776	0.00233	0.00853	0.00698	0.00776	0.01319
38	0.00944	0.00679	0.00896	0.01069	0.01122	0.00631	0.00715	0.01081	0.01495	0.01984	0.04404	0.69881	0.07407	0.02412	0.00987	0.00313	0.00448	0.02184	0.00720	0.00631
39	0.01249	0.00892	0.01249	0.01428	0.01606	0.00892	0.01249	0.01606	0.01785	0.02320	0.04105	0.08746	0.04462	0.02142	0.01071	0.00357	0.00714	0.62695	0.00714	0.00714
40	0.01608	0.01378	0.01608	0.01148	0.01837	0.01034	0.00919	0.01952	0.01608	0.02527	0.01378	0.01608	0.01148	0.00574	0.00574	0.00115	0.00574	0.00459	0.00459	0.77491
41	0.01351	0.00676	0.00997	0.00997	0.01005	0.00676	0.00667	0.01048	0.01039	0.01419	0.01402	0.02382	0.01377	0.02609	0.02913	0.73807	0.00659	0.00676	0.03945	0.00355
42	0.01128	0.00752	0.00846	0.00846	0.00846	0.00752	0.00470	0.01128	0.01128	0.01503	0.02443	0.05074	0.02819	0.72751	0.03946	0.00752	0.00752	0.01128	0.00470	0.00470
43	0.01696	0.01696	0.02375	0.02036	0.02036	0.02375	0.01696	0.01866	0.01187	0.01866	0.01018	0.01696	0.01018	0.01357	0.02545	0.00339	0.71332	0.00679	0.00339	0.00848
44	0.78228	0.01499	0.01140	0.01020	0.01499	0.01739	0.00840	0.02279	0.01320	0.03479	0.01080	0.01260	0.00840	0.00720	0.00480	0.00240	0.00600	0.00420	0.00480	0.00840
45	0.01919	0.01842	0.03147	0.04759	0.67914	0.01842	0.02380	0.02380	0.01765	0.02533	0.01458	0.01919	0.01228	0.00691	0.00768	0.00230	0.00921	0.00691	0.00384	0.01228
46	0.00916	0.00785	0.00785	0.00785	0.01047	0.00655	0.00589	0.01113	0.01767	0.02095	0.07855	0.07462	0.67599	0.01964	0.00916	0.00262	0.00393	0.01636	0.00720	0.00655
47	0.02972	0.02132	0.02302	0.01765	0.02385	0.02346	0.01458	0.62461	0.03579	0.07848	0.01917	0.01898	0.01347	0.00932	0.00776	0.00233	0.00844	0.00702	0.00784	0.01319
48	0.78228	0.01499	0.01140	0.01020	0.01499	0.01739	0.00840	0.02279	0.01320	0.03479	0.01080	0.01260	0.00840	0.00720	0.00480	0.00240	0.00600	0.00420	0.00480	0.00840
49	0.01649	0.01445	0.01888	0.01372	0.02040	0.01155	0.07101	0.04274	0.01698	0.02584	0.01541	0.04760	0.01332	0.00676	0.00633	0.00142	0.00649	0.00588	0.00476	0.63996
50	0.01683	0.06176	0.55590	0.02224	0.03274	0.01842	0.08515	0.02560	0.03936	0.04870	0.01519	0.01746	0.01083	0.00745	0.00748	0.00245	0.01113	0.00617	0.00373	0.01140
51	0.03479	0.01320	0.01799	0.01380	0.01979	0.01140	0.01140	0.03779	0.02219	0.68451	0.03059	0.02639	0.01919	0.00960	0.00780	0.00240	0.00660	0.00780	0.00960	0.01320
52	0.01183	0.00807	0.01059	0.00996	0.01189	0.00742	0.00747	0.01535	0.02161	0.05605	0.61855	0.08961	0.06997	0.01603	0.00913	0.00247	0.00381	0.01418	0.00851	0.00750
53	0.17038	0.08352	0.02030	0.04918	0.05350	0.09306	0.01276	0.22984	0.05028	0.03406	0.01673	0.01841	0.01283	0.00833	0.00652	0.00220	0.00794	0.00607	0.11372	0.01037
54	0.01906	0.01921	0.05537	0.04666	0.65562	0.01841	0.02397	0.02382	0.01761	0.02530	0.01456	0.01909	0.01219	0.00693	0.00766	0.00231	0.00929	0.00687	0.00382	0.01225
55	0.00945	0.00675	0.00900	0.01080	0.01125	0.00630	0.00720	0.01080	0.01484	0.01979	0.04274	0.72245	0.05128	0.02429	0.00990	0.00315	0.00450	0.02204	0.00720	0.00630
56	0.01769	0.01912	0.03916	0.17155	0.13456	0.01896	0.43389	0.02367	0.01764	0.02389	0.01514	0.02062	0.01155	0.00684	0.00866	0.00256	0.01197	0.00837	0.00381	0.01035
57	0.01608	0.01378	0.01608	0.01148	0.01837	0.01034	0.00919	0.01952	0.01608	0.02527	0.01378	0.01608	0.01148	0.00574	0.00574	0.00115	0.00574	0.00459	0.00459	0.77491
58	0.02456	0.01265	0.01696	0.04923	0.04924	0.01180	0.01194	0.02956	0.07859	0.35191	0.08237	0.03720	0.05346	0.01153	0.00816	0.00248	0.00651	0.08375	0.00801	0.07009
59	0.01609	0.03648	0.56910	0.02469	0.06260	0.01825	0.11547	0.02456	0.01670	0.02463	0.01419	0.01713	0.01020	0.00723	0.00763	0.00247	0.01159	0.00626	0.00339	0.01135
60	0.02073	0.73217	0.04063	0.01327	0.01990	0.03068	0.01327	0.02322	0.01575	0.01824	0.01078	0.01244	0.00995	0.00663	0.00498	0.00166	0.00829	0.00415	0.00332	0.00995
61	0.78228	0.01499	0.01140	0.01020	0.01499	0.01739	0.00840	0.02279	0.01320	0.03479	0.01080	0.01260	0.00840	0.00720	0.00480	0.00240	0.00600	0.00420	0.00480	0.00840
62	0.00945	0.00675	0.00900	0.01080	0.01125	0.00630	0.00720	0.01080	0.01484	0.01979	0.04274	0.72245	0.05128	0.02429	0.00990	0.00315	0.00450	0.02204	0.00720	0.00630
63	0.01128	0.00752	0.00846	0.00846	0.00846	0.00752	0.00470	0.01128	0.01128	0.01503	0.02443	0.05074	0.02819	0.72751	0.03946	0.00752	0.00752	0.01128	0.00470	0.00470
64	0.00945	0.00675	0.00900	0.01080	0.01125	0.00630	0.00720	0.01080	0.01484	0.01979	0.04274	0.72245	0.05128	0.02429	0.00990	0.00315	0.00450	0.02204	0.00720	0.00630
65	0.01097	0.00793	0.01036	0.00975	0.01158	0.00732	0.00732	0.01463	0.02195	0.03109	0.67505	0.05792	0.07316	0.01585	0.00914	0.00244	0.00366	0.01402	0.00854	0.00732
66	0.01464	0.01378	0.02326	0.70887	0.05340	0.01723	0.02153	0.01981	0.01550	0.01981	0.01378	0.02067	0.01034	0.00775	0.00775	0.00258	0.01034	0.00689	0.00345	0.00861
67	0.01555	0.04011	0.68733	0.02210	0.03356	0.01801	0.02865	0.02455	0.01637	0.02455	0.01391	0.01637	0.00982	0.00737	0.00737	0.00246	0.01146	0.00573	0.00327	0.01146
68	0.02947	0.02172	0.02327	0.01784	0.02404	0.02404	0.01474	0.65329	0.03646	0.04887	0.01862	0.01862	0.01319	0.00931	0.00776	0.00233	0.00853	0.00698	0.00776	0.01319
69	0.00944	0.00784	0.00812	0.00806	0.01048	0.00667	0.00597	0.01146	0.01776	0.02160	0.13171	0.07187	0.58745	0.05436	0.01066	0.00284	0.00408	0.01589	0.00720	0.00653
70	0.01464	0.01378	0.02326	0.70887	0.05340	0.01723	0.02153	0.01981	0.01550	0.01981	0.01378	0.02067	0.01034	0.00775	0.00775	0.00258	0.01034	0.00689	0.00345	0.00861
71	0.01696	0.01696	0.02375	0.02036	0.02036	0.02375	0.01696	0.01866	0.01187	0.01866	0.01018	0.01696	0.01018	0.01357	0.02545	0.00339	0.71332	0.00679	0.00339	0.00848
72	0.01608	0.01378	0.01608	0.01148	0.01837	0.01034	0.00919	0.01952	0.01608	0.02527	0.01378	0.01608	0.01148	0.00574	0.00574	0.00115	0.00574	0.00459	0.00459	0.77491
73	0.78228	0.01499	0.01140	0.01020	0.01499	0.01739	0.00840	0.02279	0.01320	0.03479	0.01080	0.01260	0.00840	0.00720	0.00480	0.00240	0.00600	0.00420	0.00480	0.00840
74	0.02073	0.73217	0.04063	0.01327	0.01990	0.03068	0.01327	0.02322	0.01575	0.01824	0.01078	0.01244	0.00995	0.00663	0.00498	0.00166	0.00829	0.00415	0.00332	0.00995
75	0.01110	0.00823	0.01209	0.01209	0.01334	0.00949	0.00922	0.01360	0.01235	0.01772	0.02111	0.03236	0.02021	0.12082	0.63524	0.01200	0.01953	0.00859	0.00420	0.00671
76	0.01097	0.00793	0.01036	0.00975	0.01158	0.00732	0.00732	0.01463	0.02195	0.03109	0.67505	0.05792	0.07316	0.01585	0.00914	0.00244	0.00366	0.01402	0.00854	0.00732
77	0.00945	0.00675	0.00900	0.01080	0.01125	0.00630	0.00720	0.01080	0.01484	0.01979	0.04274	0.72245	0.05128	0.02429	0.00990	0.00315	0.00450	0.02204	0.00720	0.00630
78	0.01445	0.00723	0.00723	0.00723	0.00903	0.00723	0.00542	0.01807	0.01626	0.02891	0.02529	0.02891	0.01987	0.00903	0.00542	0.00181	0.00361	0.00723	0.77055	0.00723
79	0.01081	0.00788	0.01016	0.00968	0.01150	0.00723	0.00722	0.01428	0.02143	0.03006	0.61521	0.08319	0.10952	0.01639	0.00917	0.00248	0.00371	0.01446	0.00840	0.00723
80	0.05746	0.01902	0.02034	0.01589	0.02146	0.02074	0.01305	0.50642	0.03203	0.08152	0.02215	0.02216	0.04204	0.00965	0.00748	0.00230	0.00767	0.00734	0.07914	0.01216
81	0.01107	0.00769	0.00946	0.00933	0.01009	0.00757	0.00611	0.01262	0.01523	0.02105	0.25076	0.08107	0.04411	0.39647	0.07990	0.00596	0.00710	0.01246	0.00610	0.00585
82	0.09285	0.02063	0.02296	0.01987	0.08010	0.05092	0.03735	0.44499	0.03022	0.07434	0.01799	0.01872	0.01300	0.00877	0.00744	0.00231	0.00853	0.00677	0.02998	0.01223
83	0.36110	0.01834	0.05441	0.05005	0.07145	0.01840	0.15284	0.09724	0.01809	0.06950	0.01445	0.01690	0.01073	0.00745	0.00672	0.00244	0.00855	0.00619	0.00502	0.01011
84	0.01707	0.11761	0.43594	0.02665	0.15330	0.01973	0.07536	0.02427	0.01669	0.02396	0.01380	0.01679	0.01045	0.00713	0.00728	0.00234	0.01079	0.00603	0.00344	0.01135
85	0.01090	0.00792	0.01026	0.00968	0.01154	0.00729	0.00726	0.01449	0.02178	0.03069	0.65136	0.05858	0.09710	0.01600	0.00915	0.00245	0.00367	0.01412	0.00848	0.00729
86	0.01014	0.03835	0.00957	0.00845	0.01065	0.00777	0.00617	0.01190	0.01672	0.02054	0.10850	0.09568	0.46938	0.13580	0.01402	0.00340	0.00471	0.01509	0.00672	0.00643
87	0.01696	0.01696	0.02375	0.02036	0.02036	0.02375	0.01696	0.01866	0.01187	0.01866	0.01018	0.01696	0.01018	0.01357	0.02545	0.00339	0.71332	0.00679	0.00339	0.00848
88	0.01108	0.00831	0.01246	0.01246	0.01385	0.00969	0.00969	0.01385	0.01246	0.01800	0.02077	0.03046	0.01938	0.05815	0.69678	0.01246	0.02077	0.00831	0.00415	0.00692
89	0.01475	0.01392	0.02328	0.67822	0.05193	0.01752	0.02133	0.01976	0.01534	0.01976	0.01362	0.02051	0.01033	0.00801	0.00854	0.00262	0.04163	0.00689	0.00344	0.00861
90	0.01082	0.00792	0.01016	0.00960	0.01149	0.00725	0.00720	0.01434	0.02160	0.03026	0.62582	0.05930	0.12291	0.01616	0.00915	0.00245	0.00368	0.01422	0.00843	0.00725
91	0.00958	0.00793	0.00830	0.00845	0.01085	0.00681	0.00640	0.01157	0.01732	0.02081	0.07217	0.07438	0.58366	0.06018	0.01103	0.00298	0.00441	0.06963	0.00705	0.00649
92	0.01109	0.00825	0.01215	0.01215	0.01342	0.00952	0.00930	0.01364	0.01237	0.01777	0.02106	0.03205	0.02007	0.11068	0.64519	0.01207	0.01973	0.00854	0.00420	0.00675
93	0.01802	0.01981	0.04098	0.09016	0.11369	0.01951	0.49031	0.02395	0.01763	0.02412	0.01509	0.02047	0.01161	0.00708	0.00979	0.00262	0.05235	0.00857	0.00384	0.01040
94	0.02098	0.61944	0.06732	0.01446	0.02084	0.08104	0.01423	0.02369	0.01611	0.01860	0.01099	0.01291	0.00996	0.00705	0.00605	0.00179	0.03692	0.00439	0.00337	0.00989
95	0.02862	0.03355	0.02261	0.02082	0.05271	0.55227	0.01533	0.13653	0.02425	0.02434	0.01323	0.01500	0.01063	0.00817	0.00715	0.00207	0.01285	0.00542	0.00463	0.00985
96	0.01915	0.01854	0.03216	0.04688	0.64854	0.01848	0.05385	0.02385	0.01769	0.02531	0.01464	0.01927	0.01226	0.00689	0.00775	0.00232	0.00940	0.00702	0.00384	0.01219
97	0.00945	0.00675	0.00900	0.01080	0.01125	0.00630	0.00720	0.01080	0.01484	0.01979	0.04274	0.72245	0.05128	0.02429	0.00990	0.00315	0.00450	0.02204	0.00720	0.00630
98	0.01976	0.01689	0.01780	0.01588	0.02034	0.01951	0.01239	0.06999	0.63557	0.03321	0.03095	0.02844	0.02318	0.01046	0.00788	0.00262	0.00625	0.00868	0.00788	0.01232
99	0.00923	0.00786	0.00795	0.00792	0.01051	0.00657	0.00594	0.01125	0.01783	0.02131	0.10012	0.07402	0.65419	0.01950	0.00916	0.00261	0.00392	0.01628	0.00725	0.00657
100	0.02104	0.70631	0.03994	0.01352	0.02005	0.05544	0.01333	0.02351	0.01599	0.01827	0.01082	0.01250	0.00995	0.00668	0.00505	0.00167	0.00850	0.00418	0.00334	0.00991
101	0.05890	0.05597	0.02210	0.04918	0.04327	0.38632	0.01483	0.11359	0.02143	0.02400	0.01426	0.04216	0.01234	0.01096	0.03366	0.00263	0.07413	0.00625	0.00457	0.00945
102	0.05373	0.01829	0.02363	0.02468	0.17512	0.05102	0.07386	0.13872	0.20948	0.03167	0.04994	0.02836	0.02045	0.00989	0.00802	0.00252	0.00825	0.05480	0.00621	0.01134
103	0.01826	0.02155	0.07267	0.03348	0.09424	0.01944	0.57065	0.02474	0.01816	0.02487	0.01552	0.02057	0.01172	0.00660	0.00895	0.00258	0.01267	0.00881	0.00389	0.01066
104	0.01190	0.00918	0.01265	0.01221	0.01298	0.01082	0.00905	0.01365	0.01201	0.01715	0.02056	0.03514	0.02098	0.26431	0.40184	0.00972	0.10614	0.00905	0.00423	0.00642
105	0.01128	0.00752	0.00846	0.00846	0.00846	0.00752	0.00470	0.01128	0.01128	0.01503	0.02443	0.05074	0.02819	0.72751	0.03946	0.00752	0.00752	0.01128	0.00470	0.00470
106	0.01238	0.04341	0.01423	0.01286	0.01461	0.04358	0.01011	0.01510	0.01307	0.01806	0.01988	0.02883	0.01849	0.05335	0.63149	0.01146	0.01986	0.00795	0.00411	0.00716
107	0.02896	0.03695	0.02197	0.01998	0.02397	0.69638	0.01498	0.03096	0.02197	0.01898	0.01199	0.01398	0.00999	0.00799	0.00699	0.00200	0.01398	0.00499	0.00400	0.00899
108	0.00945	0.00675	0.00900	0.01080	0.01125	0.00630	0.00720	0.01080	0.01484	0.01979	0.04274	0.72245	0.05128	0.02429	0.00990	0.00315	0.00450	0.02204	0.00720	0.00630
109	0.00916	0.00785	0.00785	0.00785	0.01047	0.00655	0.00589	0.01113	0.01767	0.02095	0.07855	0.07462	0.67599	0.01964	0.00916	0.00262	0.00393	0.01636	0.00720	0.00655
110	0.02073	0.73217	0.04063	0.01327	0.01990	0.03068	0.01327	0.02322	0.01575	0.01824	0.01078	0.01244	0.00995	0.00663	0.00498	0.00166	0.00829	0.00415	0.00332	0.00995
111	0.01249	0.00892	0.01249	0.01428	0.01606	0.00892	0.01249	0.01606	0.01785	0.02320	0.04105	0.08746	0.04462	0.02142	0.01071	0.00357	0.00714	0.62695	0.00714	0.00714
112	0.00957	0.00787	0.00842	0.00828	0.01072	0.00672	0.00621	0.01192	0.01864	0.02324	0.21363	0.07084	0.53948	0.01878	0.00916	0.00258	0.00387	0.01583	0.00750	0.00672
113	0.01650	0.03877	0.65417	0.02169	0.03288	0.01768	0.02779	0.02521	0.01666	0.05726	0.01474	0.01687	0.01029	0.00748	0.00739	0.00245	0.01122	0.00583	0.00359	0.01155
114	0.01128	0.00752	0.00846	0.00846	0.00846	0.00752	0.00470	0.01128	0.01128	0.01503	0.02443	0.05074	0.02819	0.72751	0.03946	0.00752	0.00752	0.01128	0.00470	0.00470
115	0.01132	0.00862	0.01276	0.01263	0.01391	0.01017	0.00980	0.01394	0.01239	0.01792	0.02048	0.03066	0.01934	0.08080	0.64609	0.01192	0.04784	0.00836	0.00414	0.00690
116	0.02843	0.02104	0.02264	0.01762	0.02359	0.02330	0.01455	0.60452	0.06241	0.04725	0.01997	0.02152	0.01476	0.00979	0.00787	0.00238	0.00838	0.02929	0.00774	0.01293
117	0.01835	0.01787	0.03139	0.15668	0.51707	0.01833	0.07996	0.02322	0.01735	0.02436	0.01455	0.01959	0.01191	0.00702	0.00782	0.00238	0.00975	0.00711	0.00378	0.01150
118	0.02729	0.03401	0.02115	0.01924	0.02290	0.61897	0.01451	0.02937	0.02101	0.01930	0.01273	0.01526	0.01071	0.01008	0.03280	0.00243	0.04167	0.00527	0.03249	0.00883
119	0.01905	0.01890	0.03166	0.10506	0.54177	0.04294	0.07933	0.02379	0.01767	0.02456	0.01452	0.01929	0.01198	0.00699	0.00779	0.00235	0.00983	0.00704	0.00382	0.01167
120	0.69846	0.06800	0.03866	0.01086	0.01604	0.01838	0.00950	0.02289	0.01350	0.03321	0.01091	0.01272	0.00856	0.00716	0.00491	0.00235	0.00637	0.00425	0.00463	0.00862
121	0.03007	0.01621	0.01921	0.01492	0.02052	0.01627	0.01217	0.29357	0.02736	0.34983	0.02734	0.02666	0.04643	0.05088	0.00965	0.00267	0.00734	0.00803	0.00844	0.01241
122	0.00923	0.00758	0.00814	0.00859	0.01067	0.00648	0.00622	0.01104	0.01696	0.02066	0.06956	0.23723	0.51919	0.02081	0.00935	0.00275	0.00407	0.01779	0.00720	0.00648
123	0.03011	0.01257	0.01679	0.01321	0.01844	0.01117	0.01077	0.05945	0.02275	0.53543	0.15064	0.03196	0.02903	0.01075	0.00805	0.00240	0.00613	0.00893	0.00932	0.01210
124	0.01906	0.01652	0.01781	0.04899	0.02176	0.01919	0.01272	0.04018	0.63400	0.03183	0.03071	0.02853	0.02303	0.01039	0.00788	0.00263	0.00634	0.00868	0.00768	0.01210
125	0.01698	0.01471	0.01695	0.08291	0.04787	0.01667	0.01257	0.03283	0.45620	0.02869	0.03452	0.09687	0.08438	0.01223	0.00817	0.00266	0.00631	0.01045	0.00717	0.01083
126	0.00945	0.00675	0.00900	0.01080	0.01125	0.00630	0.00720	0.01080	0.01484	0.01979	0.04274	0.72245	0.05128	0.02429	0.00990	0.00315	0.00450	0.02204	0.00720	0.00630
127	0.01400	0.01192	0.01937	0.04703	0.02096	0.01210	0.14330	0.01909	0.08759	0.04718	0.07448	0.36480	0.03646	0.01672	0.01007	0.00289	0.04186	0.01542	0.00641	0.00835
128	0.01897	0.01813	0.03058	0.07925	0.62516	0.01839	0.02328	0.02421	0.04013	0.02531	0.01514	0.01960	0.01258	0.00708	0.00769	0.00233	0.00916	0.00697	0.00396	0.01210
129	0.01608	0.01378	0.01608	0.01148	0.01837	0.01034	0.00919	0.01952	0.01608	0.02527	0.01378	0.01608	0.01148	0.00574	0.00574	0.00115	0.00574	0.00459	0.00459	0.77491
130	0.01847	0.01769	0.03018	0.15169	0.58063	0.01823	0.02344	0.02317	0.01732	0.02446	0.01446	0.01942	0.01198	0.00704	0.00769	0.00235	0.00939	0.00691	0.00378	0.01170
131	0.01747	0.05230	0.20457	0.02871	0.18593	0.01760	0.19259	0.02345	0.01712	0.02470	0.01441	0.01807	0.01125	0.00670	0.00753	0.00219	0.01016	0.00667	0.00383	0.15475
132	0.01919	0.01842	0.03147	0.04759	0.67914	0.01842	0.02380	0.02380	0.01765	0.02533	0.01458	0.01919	0.01228	0.00691	0.00768	0.00230	0.00921	0.00691	0.00384	0.01228
133	0.01883	0.02627	0.26035	0.02545	0.03360	0.01858	0.29610	0.02642	0.05443	0.08535	0.01695	0.02003	0.01234	0.00784	0.00952	0.00260	0.06224	0.00766	0.00441	0.01101
134	0.78228	0.01499	0.01140	0.01020	0.01499	0.01739	0.00840	0.02279	0.01320	0.03479	0.01080	0.01260	0.00840	0.00720	0.00480	0.00240	0.00600	0.00420	0.00480	0.00840
135	0.02437	0.01496	0.01730	0.01484	0.01961	0.01586	0.01172	0.03856	0.40512	0.26483	0.03173	0.06034	0.02336	0.01083	0.00795	0.00257	0.00622	0.00904	0.00847	0.01232
136	0.01877	0.01800	0.03072	0.10836	0.62164	0.01831	0.02359	0.02343	0.01746	0.02482	0.01451	0.01933	0.01210	0.00699	0.00768	0.00233	0.00931	0.00691	0.00380	0.01194
137	0.02947	0.02172	0.02327	0.01784	0.02404	0.02404	0.01474	0.65329	0.03646	0.04887	0.01862	0.01862	0.01319	0.00931	0.00776	0.00233	0.00853	0.00698	0.00776	0.01319
138	0.03479	0.01320	0.01799	0.01380	0.01979	0.01140	0.01140	0.03779	0.02219	0.68451	0.03059	0.02639	0.01919	0.00960	0.00780	0.00240	0.00660	0.00780	0.00960	0.01320
139	0.01895	0.03475	0.54999	0.02160	0.05437	0.01690	0.02554	0.02678	0.01741	0.13682	0.01677	0.01818	0.01150	0.00773	0.00745	0.00244	0.01055	0.00612	0.00437	0.01178
140	0.01198	0.01084	0.03859	0.01398	0.01637	0.00977	0.08269	0.01649	0.07716	0.02307	0.11149	0.38090	0.07958	0.04690	0.01062	0.00310	0.00601	0.04604	0.00680	0.00763
141	0.01706	0.03444	0.51403	0.02551	0.09433	0.01798	0.10859	0.02508	0.01699	0.05254	0.01491	0.01765	0.01070	0.00731	0.00765	0.00246	0.01125	0.00637	0.00368	0.01148
142	0.00943	0.00680	0.00894	0.01065	0.01121	0.00631	0.00713	0.01081	0.01498	0.01985	0.04451	0.69035	0.08224	0.02406	0.00986	0.00312	0.00447	0.02176	0.00720	0.00631
143	0.02499	0.01840	0.02015	0.01624	0.02124	0.02032	0.01314	0.48594	0.06177	0.04199	0.02192	0.08640	0.01803	0.01495	0.06702	0.00327	0.00891	0.00860	0.03499	0.01174
144	0.01901	0.01824	0.03115	0.07385	0.65429	0.01838	0.02371	0.02364	0.01757	0.02511	0.01455	0.01925	0.01220	0.00694	0.00768	0.00231	0.00926	0.00691	0.00382	0.01214
145	0.02497	0.01678	0.01811	0.01558	0.02033	0.06320	0.01255	0.11610	0.27363	0.22230	0.02938	0.03288	0.02258	0.01123	0.00812	0.00259	0.00725	0.08259	0.00801	0.01181
146	0.78228	0.01499	0.01140	0.01020	0.01499	0.01739	0.00840	0.02279	0.01320	0.03479	0.01080	0.01260	0.00840	0.00720	0.00480	0.00240	0.00600	0.00420	0.00480	0.00840
147	0.01347	0.00673	0.01010	0.01010	0.01010	0.00673	0.00673	0.01010	0.01010	0.01347	0.01347	0.02357	0.01347	0.02694	0.03030	0.77441	0.00673	0.00673	0.00337	0.00337
148	0.00945	0.00675	0.00900	0.01080	0.01125	0.00630	0.00720	0.01080	0.01484	0.01979	0.04274	0.72245	0.05128	0.02429	0.00990	0.00315	0.00450	0.02204	0.00720	0.00630
149	0.00945	0.00675	0.00900	0.01080	0.01125	0.00630	0.00720	0.01080	0.01484	0.01979	0.04274	0.72245	0.05128	0.02429	0.00990	0.00315	0.00450	0.02204	0.00720	0.00630
150	0.02047	0.69788	0.07267	0.01370	0.02058	0.03005	0.01403	0.02328	0.01579	0.01855	0.01093	0.01263	0.00994	0.00667	0.00509	0.00170	0.00845	0.00422	0.00331	0.01003
151	0.00952	0.00770	0.00852	0.00909	0.01115	0.00670	0.00677	0.01149	0.01706	0.02089	0.06718	0.22087	0.47972	0.02084	0.00947	0.00282	0.00434	0.07214	0.00719	0.00654
152	0.02207	0.08691	0.09542	0.04547	0.04962	0.05900	0.01549	0.16571	0.25619	0.05954	0.02164	0.02160	0.01617	0.00891	0.00737	0.00233	0.00817	0.00704	0.00631	0.04503
153	0.05187	0.01937	0.02767	0.03959	0.51567	0.09208	0.02085	0.02374	0.01816	0.02521	0.04703	0.02340	0.01630	0.00815	0.00769	0.00234	0.00924	0.03608	0.00428	0.01127
154	0.00945	0.00675	0.00900	0.01080	0.01125	0.00630	0.00720	0.01080	0.01484	0.01979	0.04274	0.72245	0.05128	0.02429	0.00990	0.00315	0.00450	0.02204	0.00720	0.00630
155	0.01910	0.01606	0.01972	0.01952	0.09869	0.01772	0.03812	0.06084	0.40583	0.05811	0.05496	0.03137	0.07758	0.01092	0.00870	0.00259	0.03239	0.00920	0.00712	0.01148
156	0.00985	0.00732	0.01039	0.01152	0.01232	0.00683	0.03029	0.01152	0.01537	0.02062	0.07784	0.65938	0.05111	0.02317	0.00983	0.00309	0.00476	0.02112	0.00716	0.00651
157	0.78228	0.01499	0.01140	0.01020	0.01499	0.01739	0.00840	0.02279	0.01320	0.03479	0.01080	0.01260	0.00840	0.00720	0.00480	0.00240	0.00600	0.00420	0.00480	0.00840
158	0.04483	0.03452	0.52320	0.02240	0.03238	0.01812	0.09880	0.02490	0.01655	0.05738	0.01465	0.01729	0.01048	0.00767	0.00837	0.00251	0.04484	0.00622	0.00372	0.01117
159	0.02266	0.02154	0.02161	0.08827	0.07910	0.17797	0.03827	0.22828	0.05214	0.03091	0.05540	0.02748	0.10208	0.01025	0.00788	0.00234	0.00929	0.00821	0.00594	0.01038
160	0.00916	0.00785	0.00785	0.00785	0.01047	0.00655	0.00589	0.01113	0.01767	0.02095	0.07855	0.07462	0.67599	0.01964	0.00916	0.00262	0.00393	0.01636	0.00720	0.00655
161	0.78228	0.01499	0.01140	0.01020	0.01499	0.01739	0.00840	0.02279	0.01320	0.03479	0.01080	0.01260	0.00840	0.00720	0.00480	0.00240	0.00600	0.00420	0.00480	0.00840
162	0.01594	0.06527	0.60464	0.02214	0.03274	0.01883	0.05459	0.02425	0.01623	0.02406	0.01370	0.01644	0.00993	0.00758	0.00816	0.00247	0.04265	0.00586	0.00331	0.01122
163	0.78228	0.01499	0.01140	0.01020	0.01499	0.01739	0.00840	0.02279	0.01320	0.03479	0.01080	0.01260	0.00840	0.00720	0.00480	0.00240	0.00600	0.00420	0.00480	0.00840
164	0.01555	0.04011	0.68733	0.02210	0.03356	0.01801	0.02865	0.02455	0.01637	0.02455	0.01391	0.01637	0.00982	0.00737	0.00737	0.00246	0.01146	0.00573	0.00327	0.01146
165	0.01127	0.00755	0.00863	0.00863	0.00868	0.00761	0.00491	0.01138	0.01133	0.01516	0.02428	0.04988	0.02782	0.69924	0.06723	0.00773	0.00808	0.01115	0.00468	0.00479
166	0.78228	0.01499	0.01140	0.01020	0.01499	0.01739	0.00840	0.02279	0.01320	0.03479	0.01080	0.01260	0.00840	0.00720	0.00480	0.00240	0.00600	0.00420	0.00480	0.00840
167	0.03178	0.01408	0.05050	0.01386	0.01977	0.01137	0.01190	0.03514	0.02188	0.59557	0.08524	0.02861	0.02337	0.01002	0.00789	0.00241	0.00659	0.00823	0.00919	0.01260
168	0.01097	0.00793	0.01036	0.00975	0.01158	0.00732	0.00732	0.01463	0.02195	0.03109	0.67505	0.05792	0.07316	0.01585	0.00914	0.00244	0.00366	0.01402	0.00854	0.00732
169	0.01134	0.00844	0.01197	0.01184	0.01287	0.00971	0.00883	0.01344	0.01217	0.01735	0.02121	0.03455	0.02104	0.20770	0.52383	0.01101	0.04304	0.00892	0.00425	0.00648
170	0.01857	0.06251	0.37944	0.12109	0.06064	0.01726	0.05123	0.02532	0.01725	0.11816	0.01739	0.02157	0.01291	0.00825	0.00760	0.00248	0.01024	0.03263	0.00442	0.01103
171	0.78228	0.01499	0.01140	0.01020	0.01499	0.01739	0.00840	0.02279	0.01320	0.03479	0.01080	0.01260	0.00840	0.00720	0.00480	0.00240	0.00600	0.00420	0.00480	0.00840
172	0.01663	0.19222	0.49487	0.01969	0.02930	0.02075	0.02409	0.02371	0.01621	0.02310	0.03297	0.01677	0.01177	0.00772	0.00765	0.00232	0.04024	0.00567	0.00345	0.01087
173	0.01108	0.00831	0.01246	0.01246	0.01385	0.00969	0.00969	0.01385	0.01246	0.01800	0.02077	0.03046	0.01938	0.05815	0.69678	0.01246	0.02077	0.00831	0.00415	0.00692
174	0.01324	0.00915	0.01220	0.01332	0.01536	0.00902	0.01121	0.01730	0.04806	0.05451	0.06634	0.14167	0.09392	0.02029	0.01018	0.00331	0.00643	0.43960	0.00735	0.00754
175	0.72378	0.01511	0.01207	0.01060	0.01550	0.01731	0.00873	0.04250	0.01433	0.06635	0.01198	0.01344	0.00906	0.00738	0.00503	0.00240	0.00610	0.00445	0.00512	0.00877
176	0.01782	0.01999	0.04282	0.12082	0.04220	0.01930	0.56893	0.02418	0.01794	0.02418	0.01544	0.02088	0.01158	0.00669	0.00897	0.00261	0.01272	0.00886	0.00386	0.01022
177	0.01760	0.01580	0.02687	0.30096	0.33356	0.01701	0.04605	0.02235	0.01706	0.05236	0.01692	0.02503	0.01412	0.00838	0.00799	0.00252	0.00954	0.05127	0.00418	0.01045
178	0.01104	0.00797	0.01046	0.00995	0.01178	0.00739	0.00754	0.01469	0.02177	0.03075	0.64725	0.05921	0.07191	0.01610	0.00921	0.00249	0.00381	0.04089	0.00847	0.00731
179	0.03479	0.01320	0.01799	0.01380	0.01979	0.01140	0.01140	0.03779	0.02219	0.68451	0.03059	0.02639	0.01919	0.00960	0.00780	0.00240	0.00660	0.00780	0.00960	0.01320
180	0.01097	0.00793	0.01036	0.00975	0.01158	0.00732	0.00732	0.01463	0.02195	0.03109	0.67505	0.05792	0.07316	0.01585	0.00914	0.00244	0.00366	0.01402	0.00854	0.00732
181	0.01919	0.01842	0.03147	0.04759	0.67914	0.01842	0.02380	0.02380	0.01765	0.02533	0.01458	0.01919	0.01228	0.00691	0.00768	0.00230	0.00921	0.00691	0.00384	0.01228
182	0.02135	0.05250	0.01843	0.01558	0.01969	0.25196	0.01208	0.08055	0.22342	0.02604	0.03299	0.03208	0.15844	0.01135	0.00772	0.00234	0.00866	0.00876	0.00619	0.00987
183	0.00916	0.00785	0.00785	0.00785	0.01047	0.00655	0.00589	0.01113	0.01767	0.02095	0.07855	0.07462	0.67599	0.01964	0.00916	0.00262	0.00393	0.01636	0.00720	0.00655
184	0.01919	0.01842	0.03147	0.04759	0.67914	0.01842	0.02380	0.02380	0.01765	0.02533	0.01458	0.01919	0.01228	0.00691	0.00768	0.00230	0.00921	0.00691	0.00384	0.01228
185	0.01641	0.00912	0.00932	0.00861	0.01099	0.00942	0.00663	0.10087	0.01889	0.03151	0.02442	0.02757	0.01900	0.00907	0.00572	0.00187	0.00425	0.00719	0.67112	0.00800
186	0.02073	0.73217	0.04063	0.01327	0.01990	0.03068	0.01327	0.02322	0.01575	0.01824	0.01078	0.01244	0.00995	0.00663	0.00498	0.00166	0.00829	0.00415	0.00332	0.00995
187	0.01097	0.00793	0.01036	0.00975	0.01158	0.00732	0.00732	0.01463	0.02195	0.03109	0.67505	0.05792	0.07316	0.01585	0.00914	0.00244	0.00366	0.01402	0.00854	0.00732
188	0.01909	0.01653	0.01777	0.04505	0.02157	0.01920	0.01266	0.04030	0.63770	0.03190	0.03081	0.02858	0.02311	0.01040	0.00788	0.00263	0.00631	0.00869	0.00770	0.01212
189	0.03479	0.01320	0.01799	0.01380	0.01979	0.01140	0.01140	0.03779	0.02219	0.68451	0.03059	0.02639	0.01919	0.00960	0.00780	0.00240	0.00660	0.00780	0.00960	0.01320
190	0.01830	0.02092	0.04575	0.03268	0.04052	0.01961	0.65098	0.02484	0.01830	0.02484	0.01569	0.02092	0.01176	0.00654	0.00915	0.00261	0.01307	0.00915	0.00392	0.01046
191	0.03459	0.01351	0.01819	0.01395	0.01995	0.01187	0.01152	0.06068	0.02272	0.66087	0.03014	0.02610	0.01897	0.00959	0.00780	0.00240	0.00667	0.00777	0.00953	0.01320
192	0.01128	0.00752	0.00846	0.00846	0.00846	0.00752	0.00470	0.01128	0.01128	0.01503	0.02443	0.05074	0.02819	0.72751	0.03946	0.00752	0.00752	0.01128	0.00470	0.00470
193	0.00966	0.00690	0.00925	0.01104	0.01159	0.00649	0.00758	0.01117	0.01506	0.02004	0.04262	0.67714	0.05081	0.02409	0.00995	0.00318	0.00469	0.06520	0.00719	0.00636
194	0.05018	0.08716	0.20126	0.06435	0.03465	0.01965	0.31866	0.05484	0.01798	0.02531	0.01569	0.04594	0.01251	0.00768	0.00803	0.00249	0.01123	0.00791	0.00403	0.01044
195	0.01555	0.04011	0.68733	0.02210	0.03356	0.01801	0.02865	0.02455	0.01637	0.02455	0.01391	0.01637	0.00982	0.00737	0.00737	0.00246	0.01146	0.00573	0.00327	0.01146
196	0.02003	0.01649	0.01755	0.01568	0.02014	0.01891	0.01223	0.04104	0.63432	0.06368	0.03151	0.02881	0.02345	0.01048	0.00789	0.00262	0.00616	0.00872	0.00797	0.01232
197	0.02806	0.01663	0.01923	0.01554	0.02104	0.01744	0.01258	0.20126	0.24704	0.29267	0.02777	0.02521	0.01915	0.00984	0.00782	0.00246	0.00695	0.00792	0.00852	0.01288
198	0.01097	0.00793	0.01036	0.00975	0.01158	0.00732	0.00732	0.01463	0.02195	0.03109	0.67505	0.05792	0.07316	0.01585	0.00914	0.00244	0.00366	0.01402	0.00854	0.00732
199	0.01249	0.00892	0.01249	0.01428	0.01606	0.00892	0.01249	0.01606	0.01785	0.02320	0.04105	0.08746	0.04462	0.02142	0.01071	0.00357	0.00714	0.62695	0.00714	0.00714
200	0.01929	0.01666	0.01753	0.01578	0.02016	0.01929	0.01227	0.04120	0.66513	0.03243	0.03156	0.02893	0.02367	0.01052	0.00789	0.00263	0.00614	0.00877	0.00789	0.01227
201	0.02011	0.02016	0.03058	0.04501	0.61780	0.08190	0.02297	0.02447	0.01806	0.02474	0.01434	0.01870	0.01207	0.00701	0.00761	0.00227	0.00966	0.00673	0.00385	0.01197
202	0.00945	0.00675	0.00900	0.01080	0.01125	0.00630	0.00720	0.01080	0.01484	0.01979	0.04274	0.72245	0.05128	0.02429	0.00990	0.00315	0.00450	0.02204	0.00720	0.00630
203	0.01818	0.02055	0.04369	0.03153	0.03863	0.02000	0.59162	0.02426	0.01770	0.02426	0.01517	0.02055	0.01162	0.00719	0.01068	0.00269	0.07863	0.00893	0.00387	0.01027
204	0.01696	0.01696	0.02375	0.02036	0.02036	0.02375	0.01696	0.01866	0.01187	0.01866	0.01018	0.01696	0.01018	0.01357	0.02545	0.00339	0.71332	0.00679	0.00339	0.00848
