[name]
unknown

[dist]
# distance from previous block
# <min> <max>
5	24

[block]
# block no. 0 follows, 26 sequences, length 12
# corresponding to MSA columns:
# 24-35
name=unknown_A
#
# <colnr> <probs for GDERKNQSTAVLIFYWHMCP>
#	G	D	E	R	K	N	Q	S	T	A	V	L	I	F	Y	W	H	M	C	P
0	0.01361	0.00915	0.01099	0.01106	0.01312	0.00881	0.00812	0.06398	0.05072	0.08246	0.04523	0.36980	0.18009	0.04874	0.01032	0.00301	0.00511	0.05085	0.00722	0.00760
1	0.02444	0.01261	0.01555	0.01271	0.01708	0.01213	0.01010	0.10766	0.08471	0.33599	0.15111	0.03543	0.07038	0.06259	0.01016	0.00274	0.00602	0.00951	0.00832	0.01076
2	0.02791	0.01222	0.01596	0.01283	0.01760	0.01117	0.01027	0.03263	0.08812	0.49225	0.11126	0.03163	0.02647	0.06186	0.01001	0.00273	0.00611	0.00873	0.00874	0.01150
3	0.00953	0.00721	0.00880	0.00945	0.01086	0.00648	0.00669	0.01159	0.01706	0.02243	0.21072	0.36742	0.24350	0.02037	0.00929	0.00275	0.00403	0.01797	0.00737	0.00648
4	0.05317	0.01482	0.01694	0.01267	0.01881	0.01322	0.01023	0.10932	0.04692	0.05907	0.01537	0.01696	0.01214	0.00684	0.00680	0.00154	0.03458	0.00521	0.00525	0.54013
5	0.12742	0.01004	0.01204	0.01124	0.01414	0.00996	0.00903	0.02009	0.04762	0.12401	0.34466	0.04993	0.04758	0.01418	0.00837	0.00259	0.00506	0.12606	0.00769	0.00831
6	0.01948	0.01106	0.01374	0.01190	0.01524	0.01078	0.00919	0.05691	0.11484	0.22052	0.28414	0.07841	0.04207	0.06430	0.01048	0.00279	0.00531	0.01111	0.00818	0.00957
7	0.01337	0.01032	0.01339	0.03529	0.01522	0.01142	0.00968	0.07883	0.01557	0.02186	0.02588	0.25762	0.02777	0.10502	0.15925	0.00523	0.09584	0.01226	0.03619	0.04998
8	0.01414	0.00707	0.00707	0.00707	0.00884	0.00707	0.00530	0.01767	0.01591	0.02828	0.02474	0.02828	0.01944	0.00884	0.00530	0.00177	0.00353	0.00707	0.77554	0.00707
9	0.01192	0.00874	0.01201	0.01176	0.01313	0.00984	0.00882	0.05348	0.01356	0.01907	0.02178	0.06405	0.02150	0.17136	0.51167	0.01031	0.01657	0.00916	0.00451	0.00675
10	0.01664	0.01419	0.01759	0.01282	0.01930	0.01160	0.04239	0.06988	0.01725	0.02618	0.01428	0.01685	0.01175	0.00841	0.03972	0.00182	0.00691	0.00508	0.00468	0.64265
11	0.05569	0.01708	0.01796	0.01476	0.02001	0.06506	0.01179	0.12219	0.25461	0.21247	0.02459	0.02303	0.01755	0.00902	0.00724	0.00224	0.00695	0.00714	0.00738	0.10324

[dist]
# distance from previous block
# <min> <max>
0	1

[block]
# block no. 1 follows, 26 sequences, length 12
# corresponding to MSA columns:
# 37-48
name=unknown_B
#
# <colnr> <probs for GDERKNQSTAVLIFYWHMCP>
#	G	D	E	R	K	N	Q	S	T	A	V	L	I	F	Y	W	H	M	C	P
0	0.02468	0.01558	0.01793	0.01431	0.01957	0.01584	0.01157	0.22495	0.15157	0.21424	0.08181	0.02710	0.04413	0.00993	0.00757	0.00225	0.00653	0.00803	0.00781	0.09460
1	0.01099	0.00750	0.00902	0.00902	0.00928	0.00776	0.00553	0.01151	0.01125	0.01526	0.02322	0.04586	0.02593	0.60447	0.16532	0.00828	0.00982	0.01048	0.00449	0.00501
2	0.01560	0.01823	0.10707	0.02241	0.02835	0.01503	0.31521	0.05318	0.01874	0.02527	0.07986	0.03984	0.09541	0.01130	0.00894	0.00267	0.00964	0.11876	0.00522	0.00925
3	0.01964	0.47850	0.13987	0.01522	0.02162	0.09724	0.01544	0.02306	0.01627	0.01957	0.04561	0.01545	0.01290	0.00755	0.00668	0.00191	0.04521	0.00502	0.00357	0.00967
4	0.01003	0.00768	0.01036	0.01157	0.01196	0.00800	0.00807	0.01139	0.01421	0.01924	0.03838	0.65183	0.04584	0.02263	0.01132	0.00311	0.08141	0.01996	0.00664	0.00639
5	0.09260	0.13216	0.31376	0.01905	0.05892	0.01880	0.04414	0.05753	0.01716	0.02584	0.07865	0.01953	0.01602	0.00819	0.00768	0.00227	0.04276	0.00630	0.00420	0.03445
6	0.11748	0.14089	0.11841	0.01630	0.02154	0.04191	0.06260	0.02393	0.05982	0.09006	0.04536	0.06309	0.01670	0.00963	0.00936	0.00239	0.10883	0.00722	0.00491	0.03957
7	0.04564	0.02382	0.10792	0.02002	0.07101	0.16651	0.03961	0.13401	0.09294	0.06448	0.03886	0.02176	0.04348	0.00947	0.00931	0.00240	0.08589	0.00706	0.00538	0.01044
8	0.35810	0.19074	0.02169	0.06620	0.02069	0.05936	0.01195	0.11780	0.01750	0.02960	0.01196	0.01401	0.00958	0.00755	0.00631	0.00219	0.03601	0.00485	0.00458	0.00933
9	0.09614	0.01746	0.02294	0.12791	0.13738	0.03811	0.06314	0.16139	0.08773	0.06721	0.01712	0.01925	0.01287	0.00780	0.00717	0.00224	0.00833	0.00661	0.00542	0.09378
10	0.02833	0.03615	0.02149	0.01954	0.02345	0.70298	0.01466	0.03029	0.02149	0.01856	0.01172	0.01368	0.00977	0.00782	0.00684	0.00195	0.01368	0.00489	0.00391	0.00879
11	0.01522	0.01490	0.02669	0.55844	0.10225	0.01730	0.11644	0.02043	0.01575	0.02056	0.01382	0.02014	0.01048	0.00734	0.00778	0.00251	0.01042	0.00707	0.00347	0.00899

[dist]
# distance from previous block
# <min> <max>
0	2

[block]
# block no. 2 follows, 26 sequences, length 77
# corresponding to MSA columns:
# 51-127
name=unknown_C
#
# <colnr> <probs for GDERKNQSTAVLIFYWHMCP>
#	G	D	E	R	K	N	Q	S	T	A	V	L	I	F	Y	W	H	M	C	P
0	0.02230	0.01740	0.01864	0.01586	0.02070	0.01966	0.01259	0.20221	0.47050	0.07200	0.02751	0.02553	0.02024	0.00993	0.00768	0.00248	0.00664	0.00807	0.00778	0.01229
1	0.02883	0.02125	0.02276	0.01745	0.02352	0.02352	0.01442	0.66082	0.03566	0.04780	0.01821	0.01821	0.01290	0.00911	0.00759	0.00228	0.00835	0.00683	0.00759	0.01290
2	0.00896	0.00768	0.00768	0.00768	0.01025	0.00640	0.00576	0.01089	0.01729	0.02049	0.07684	0.07300	0.68304	0.01921	0.00896	0.00256	0.00384	0.01601	0.00704	0.00640
3	0.01616	0.01535	0.02607	0.43937	0.31373	0.01733	0.02198	0.02099	0.01603	0.02161	0.01381	0.01962	0.01090	0.00724	0.00755	0.00241	0.00966	0.00675	0.00353	0.00991
4	0.01103	0.00735	0.00827	0.00827	0.00827	0.00735	0.00460	0.01103	0.01103	0.01471	0.02390	0.04964	0.02758	0.73343	0.03861	0.00735	0.00735	0.01103	0.00460	0.00460
5	0.00930	0.00664	0.00885	0.01052	0.01101	0.00620	0.00705	0.01070	0.01479	0.01978	0.06626	0.70282	0.05098	0.02345	0.00965	0.00305	0.00437	0.02126	0.00709	0.00620
6	0.02825	0.01163	0.01575	0.01251	0.01737	0.01016	0.01016	0.03134	0.02165	0.52732	0.19180	0.03347	0.03188	0.01091	0.00795	0.00236	0.00574	0.00914	0.00913	0.01148
7	0.01005	0.00744	0.00928	0.00941	0.01092	0.00678	0.00677	0.01262	0.01853	0.02519	0.38473	0.22774	0.17455	0.04853	0.01039	0.00280	0.00399	0.01598	0.00763	0.00666
8	0.78701	0.01467	0.01115	0.00997	0.01467	0.01702	0.00821	0.02230	0.01291	0.03403	0.01056	0.01232	0.00821	0.00704	0.00469	0.00235	0.00587	0.00411	0.00469	0.00821
9	0.02028	0.73799	0.03975	0.01298	0.01947	0.03001	0.01298	0.02271	0.01541	0.01785	0.01055	0.01217	0.00973	0.00649	0.00487	0.00162	0.00811	0.00406	0.00324	0.00973
10	0.01318	0.00659	0.00988	0.00988	0.00988	0.00659	0.00659	0.00988	0.00988	0.01318	0.01318	0.02306	0.01318	0.02635	0.02964	0.77931	0.00659	0.00659	0.00329	0.00329
11	0.78701	0.01467	0.01115	0.00997	0.01467	0.01702	0.00821	0.02230	0.01291	0.03403	0.01056	0.01232	0.00821	0.00704	0.00469	0.00235	0.00587	0.00411	0.00469	0.00821
12	0.78701	0.01467	0.01115	0.00997	0.01467	0.01702	0.00821	0.02230	0.01291	0.03403	0.01056	0.01232	0.00821	0.00704	0.00469	0.00235	0.00587	0.00411	0.00469	0.00821
13	0.00983	0.00706	0.00933	0.01016	0.01113	0.00656	0.00709	0.01205	0.01728	0.02374	0.29552	0.46228	0.05865	0.02049	0.00939	0.00281	0.00407	0.01845	0.00756	0.00656
14	0.01618	0.01429	0.01593	0.01153	0.01817	0.03476	0.00919	0.01950	0.01593	0.02450	0.01342	0.01566	0.01118	0.00570	0.00566	0.00115	0.00590	0.00451	0.00447	0.75238
15	0.01601	0.01569	0.01499	0.01426	0.01646	0.18243	0.01099	0.04748	0.01558	0.01923	0.01809	0.02526	0.01640	0.04250	0.49830	0.00919	0.01812	0.00726	0.00419	0.00756
16	0.01906	0.01308	0.01567	0.01146	0.01781	0.01016	0.00922	0.02236	0.01685	0.14893	0.01707	0.01819	0.01302	0.00647	0.00598	0.00138	0.00568	0.00520	0.04139	0.60103
17	0.01573	0.01348	0.01573	0.01123	0.01798	0.01011	0.00899	0.01910	0.01573	0.02472	0.01348	0.01573	0.01123	0.00562	0.00562	0.00112	0.00562	0.00449	0.00449	0.77980
18	0.01087	0.00798	0.01145	0.01145	0.01254	0.00908	0.00855	0.01307	0.01197	0.01706	0.02100	0.03356	0.02060	0.18531	0.57719	0.01127	0.01786	0.00868	0.00416	0.00636
19	0.01112	0.00901	0.01039	0.03933	0.01365	0.00870	0.00783	0.01594	0.09584	0.02435	0.22975	0.06062	0.34435	0.04926	0.01019	0.00278	0.00462	0.04774	0.00721	0.00731
20	0.01887	0.01629	0.01715	0.01544	0.01972	0.01887	0.01201	0.04031	0.67241	0.03173	0.03087	0.02830	0.02315	0.01029	0.00772	0.00257	0.00600	0.00858	0.00772	0.01201
21	0.02205	0.03969	0.01684	0.01214	0.01800	0.01135	0.00987	0.02608	0.04855	0.26048	0.08008	0.02341	0.01981	0.00808	0.00669	0.00175	0.00584	0.00660	0.00667	0.37600
22	0.01014	0.00773	0.00931	0.00892	0.01097	0.00690	0.00669	0.01316	0.02006	0.02707	0.47801	0.06217	0.27776	0.01676	0.00895	0.00244	0.00367	0.01449	0.00791	0.00690
23	0.01661	0.02951	0.35766	0.02698	0.03636	0.01843	0.35474	0.02416	0.01699	0.02416	0.01451	0.01832	0.01059	0.00679	0.00811	0.00248	0.01203	0.00734	0.00353	0.01070
24	0.01787	0.01629	0.02637	0.11730	0.47465	0.01684	0.02015	0.05109	0.04600	0.02449	0.01788	0.02213	0.04327	0.00906	0.00915	0.05669	0.00857	0.00725	0.00418	0.01077
25	0.03063	0.01367	0.01750	0.01393	0.01944	0.01288	0.01134	0.03772	0.16780	0.54328	0.03014	0.02637	0.01976	0.00959	0.00765	0.00240	0.00635	0.00784	0.00901	0.01271
26	0.01887	0.01629	0.01715	0.01544	0.01972	0.01887	0.01201	0.04031	0.67241	0.03173	0.03087	0.02830	0.02315	0.01029	0.00772	0.00257	0.00600	0.00858	0.00772	0.01201
27	0.03379	0.01330	0.01784	0.01368	0.01956	0.01173	0.01130	0.06608	0.02236	0.66133	0.02938	0.02546	0.01850	0.00937	0.00763	0.00234	0.00654	0.00759	0.00930	0.01291
28	0.04573	0.01623	0.02722	0.28144	0.06652	0.04401	0.18961	0.02055	0.01593	0.02185	0.05954	0.02182	0.01483	0.00923	0.01099	0.03291	0.10128	0.00762	0.00392	0.00878
29	0.01495	0.03652	0.63343	0.02094	0.03131	0.01682	0.02662	0.02328	0.01614	0.02390	0.01598	0.02220	0.01264	0.00843	0.00750	0.00250	0.01083	0.06163	0.00354	0.01083
30	0.01222	0.00873	0.01222	0.01397	0.01572	0.00873	0.01222	0.01572	0.01746	0.02270	0.04016	0.08556	0.04365	0.02095	0.01048	0.00349	0.00698	0.63506	0.00698	0.00698
31	0.32710	0.01913	0.01764	0.01433	0.01967	0.07499	0.01171	0.30330	0.02433	0.09730	0.01572	0.01621	0.01133	0.00821	0.00639	0.00228	0.00764	0.00567	0.00631	0.01073
32	0.01835	0.01710	0.02693	0.21783	0.43644	0.04971	0.02119	0.02278	0.01726	0.04924	0.04022	0.02064	0.01396	0.00746	0.00756	0.00232	0.00921	0.00697	0.00406	0.01077
33	0.01321	0.00967	0.01138	0.01051	0.01317	0.00948	0.00802	0.01986	0.14657	0.06472	0.39242	0.05294	0.18862	0.01495	0.00864	0.00246	0.00426	0.01287	0.00801	0.00825
34	0.03403	0.01291	0.01760	0.01350	0.01936	0.01115	0.01115	0.03697	0.02171	0.69137	0.02992	0.02582	0.01878	0.00939	0.00763	0.00235	0.00645	0.00763	0.00939	0.01291
35	0.01713	0.10714	0.53192	0.02174	0.06638	0.01942	0.02503	0.08053	0.01777	0.02555	0.01375	0.01597	0.01005	0.00728	0.00702	0.00230	0.01052	0.00562	0.00363	0.01125
36	0.01812	0.02050	0.04137	0.05760	0.06047	0.04541	0.55268	0.02397	0.01757	0.02357	0.01480	0.01992	0.01132	0.00688	0.00964	0.00256	0.05124	0.00851	0.00379	0.01006
37	0.01175	0.00839	0.01166	0.01332	0.01489	0.00831	0.01130	0.01494	0.01720	0.02253	0.06491	0.17451	0.04563	0.02114	0.01031	0.00339	0.00649	0.52539	0.00704	0.00688
38	0.78701	0.01467	0.01115	0.00997	0.01467	0.01702	0.00821	0.02230	0.01291	0.03403	0.01056	0.01232	0.00821	0.00704	0.00469	0.00235	0.00587	0.00411	0.00469	0.00821
39	0.03261	0.01290	0.01735	0.01346	0.01913	0.01137	0.01106	0.03640	0.05117	0.64064	0.05055	0.02690	0.02064	0.00962	0.00767	0.00236	0.00634	0.00786	0.00928	0.01269
40	0.02028	0.73799	0.03975	0.01298	0.01947	0.03001	0.01298	0.02271	0.01541	0.01785	0.01055	0.01217	0.00973	0.00649	0.00487	0.00162	0.00811	0.00406	0.00324	0.00973
41	0.01103	0.00735	0.00827	0.00827	0.00827	0.00735	0.00460	0.01103	0.01103	0.01471	0.02390	0.04964	0.02758	0.73343	0.03861	0.00735	0.00735	0.01103	0.00460	0.00460
42	0.01019	0.00773	0.00939	0.00898	0.01100	0.00693	0.00673	0.01327	0.02019	0.02739	0.49737	0.06165	0.25820	0.01664	0.00895	0.00244	0.00366	0.01442	0.00795	0.00693
43	0.00931	0.00666	0.00887	0.01051	0.01102	0.00621	0.00705	0.01074	0.01485	0.01989	0.07235	0.69643	0.05119	0.02337	0.00965	0.00305	0.00436	0.02119	0.00710	0.00621
44	0.03368	0.01347	0.01795	0.01376	0.01964	0.01198	0.01137	0.07913	0.02265	0.64787	0.02913	0.02530	0.01838	0.00937	0.00763	0.00234	0.00658	0.00757	0.00927	0.01291
45	0.00939	0.00671	0.00893	0.01046	0.01103	0.00626	0.00705	0.01093	0.01521	0.02045	0.10483	0.66236	0.05227	0.02295	0.00961	0.00301	0.00432	0.02079	0.00717	0.00626
46	0.78701	0.01467	0.01115	0.00997	0.01467	0.01702	0.00821	0.02230	0.01291	0.03403	0.01056	0.01232	0.00821	0.00704	0.00469	0.00235	0.00587	0.00411	0.00469	0.00821
47	0.02028	0.73799	0.03975	0.01298	0.01947	0.03001	0.01298	0.02271	0.01541	0.01785	0.01055	0.01217	0.00973	0.00649	0.00487	0.00162	0.00811	0.00406	0.00324	0.00973
48	0.02833	0.03615	0.02149	0.01954	0.02345	0.70298	0.01466	0.03029	0.02149	0.01856	0.01172	0.01368	0.00977	0.00782	0.00684	0.00195	0.01368	0.00489	0.00391	0.00879
49	0.01103	0.00735	0.00827	0.00827	0.00827	0.00735	0.00460	0.01103	0.01103	0.01471	0.02390	0.04964	0.02758	0.73343	0.03861	0.00735	0.00735	0.01103	0.00460	0.00460
50	0.01084	0.00813	0.01219	0.01219	0.01354	0.00948	0.00948	0.01354	0.01219	0.01761	0.02032	0.02980	0.01896	0.05689	0.70337	0.01219	0.02032	0.00813	0.00406	0.00677
51	0.01086	0.00804	0.01173	0.01173	0.01292	0.00923	0.00890	0.01325	0.01205	0.01726	0.02074	0.03215	0.01998	0.13694	0.62471	0.01162	0.01878	0.00847	0.00413	0.00651
52	0.01798	0.01687	0.02780	0.22281	0.46533	0.01796	0.02191	0.04778	0.04261	0.02450	0.01485	0.01950	0.01197	0.00721	0.00754	0.00234	0.00916	0.00683	0.00395	0.01109
53	0.78701	0.01467	0.01115	0.00997	0.01467	0.01702	0.00821	0.02230	0.01291	0.03403	0.01056	0.01232	0.00821	0.00704	0.00469	0.00235	0.00587	0.00411	0.00469	0.00821
54	0.01074	0.00775	0.01014	0.00954	0.01133	0.00716	0.00716	0.01431	0.02147	0.03042	0.68211	0.05666	0.07157	0.01551	0.00895	0.00239	0.00358	0.01372	0.00835	0.00716
55	0.02119	0.26257	0.05842	0.08338	0.07087	0.19959	0.01539	0.02796	0.14770	0.02170	0.01557	0.01716	0.01260	0.00774	0.00649	0.00206	0.00953	0.00568	0.00435	0.01005
56	0.02605	0.17430	0.02610	0.04604	0.02375	0.07894	0.01434	0.42826	0.04920	0.03739	0.01626	0.01696	0.01218	0.00842	0.00695	0.00213	0.00873	0.00613	0.00620	0.01168
57	0.01164	0.00795	0.01043	0.00970	0.01165	0.00731	0.00731	0.01520	0.02148	0.05622	0.65665	0.05545	0.06951	0.01527	0.00889	0.00238	0.00369	0.01348	0.00839	0.00738
58	0.02120	0.54842	0.03501	0.05279	0.02197	0.14528	0.01385	0.02366	0.01630	0.01807	0.01089	0.01305	0.00977	0.00705	0.00615	0.00180	0.03749	0.00445	0.00337	0.00944
59	0.02565	0.28769	0.02908	0.01579	0.02202	0.02594	0.01388	0.42361	0.02813	0.03667	0.01536	0.01596	0.01172	0.00813	0.00658	0.00203	0.00826	0.00580	0.00597	0.01172
60	0.01690	0.01430	0.01668	0.01218	0.01854	0.01188	0.00981	0.07434	0.01725	0.02640	0.01372	0.01598	0.01132	0.00628	0.00669	0.00133	0.03917	0.00480	0.00471	0.67773
61	0.01432	0.01348	0.02275	0.71520	0.05224	0.01685	0.02107	0.01938	0.01517	0.01938	0.01348	0.02022	0.01011	0.00758	0.00758	0.00253	0.01011	0.00674	0.00337	0.00843
62	0.01103	0.00735	0.00827	0.00827	0.00827	0.00735	0.00460	0.01103	0.01103	0.01471	0.02390	0.04964	0.02758	0.73343	0.03861	0.00735	0.00735	0.01103	0.00460	0.00460
63	0.01811	0.02032	0.06464	0.03673	0.26783	0.01871	0.40997	0.02393	0.01761	0.02446	0.01490	0.01969	0.01162	0.00655	0.00838	0.00244	0.01139	0.00805	0.00378	0.01090
64	0.01648	0.22185	0.45899	0.01928	0.02864	0.02050	0.05318	0.02325	0.01619	0.02269	0.04315	0.01705	0.01254	0.00735	0.00675	0.00220	0.01012	0.00572	0.00348	0.01059
65	0.01887	0.01629	0.01715	0.01544	0.01972	0.01887	0.01201	0.04031	0.67241	0.03173	0.03087	0.02830	0.02315	0.01029	0.00772	0.00257	0.00600	0.00858	0.00772	0.01201
66	0.01102	0.00738	0.00842	0.00842	0.00847	0.00743	0.00478	0.01112	0.01107	0.01481	0.02377	0.04890	0.02726	0.70841	0.06319	0.00753	0.00783	0.01092	0.00458	0.00468
67	0.01607	0.03804	0.66333	0.02125	0.03222	0.01732	0.02726	0.02461	0.01627	0.05440	0.01435	0.01646	0.01003	0.00731	0.00723	0.00240	0.01099	0.00570	0.00348	0.01129
68	0.02437	0.15118	0.02518	0.13245	0.02697	0.09353	0.01505	0.28023	0.04644	0.07984	0.01630	0.01780	0.01219	0.00847	0.00771	0.00222	0.03723	0.00622	0.00568	0.01094
69	0.01074	0.00775	0.01014	0.00954	0.01133	0.00716	0.00716	0.01431	0.02147	0.03042	0.68211	0.05666	0.07157	0.01551	0.00895	0.00239	0.00358	0.01372	0.00835	0.00716
70	0.01087	0.00799	0.01151	0.01151	0.01262	0.00911	0.00863	0.01311	0.01199	0.01710	0.02094	0.03326	0.02047	0.17497	0.58734	0.01135	0.01805	0.00863	0.00416	0.00639
71	0.01925	0.01649	0.01737	0.01551	0.01987	0.01905	0.01210	0.06447	0.64762	0.03236	0.03038	0.02791	0.02275	0.01024	0.00771	0.00256	0.00609	0.00851	0.00771	0.01204
72	0.06240	0.04389	0.02256	0.01634	0.02246	0.01477	0.10001	0.11110	0.02229	0.46616	0.02490	0.02303	0.01625	0.00873	0.00757	0.00234	0.00760	0.00742	0.00796	0.01222
73	0.01836	0.11238	0.09996	0.06517	0.45784	0.01956	0.07294	0.02321	0.01687	0.02356	0.01378	0.01784	0.01136	0.00677	0.00726	0.00222	0.00946	0.00647	0.00362	0.01136
74	0.02801	0.02064	0.02228	0.01721	0.02306	0.02288	0.01419	0.63105	0.03458	0.04641	0.01831	0.01874	0.01318	0.01130	0.03960	0.00273	0.00890	0.00689	0.00743	0.01262
75	0.00924	0.00660	0.00880	0.01056	0.01100	0.00616	0.00704	0.01056	0.01452	0.01936	0.04181	0.72848	0.05017	0.02376	0.00968	0.00308	0.00440	0.02156	0.00704	0.00616
76	0.02088	0.02525	0.06009	0.21580	0.07985	0.31893	0.06136	0.02466	0.01834	0.02009	0.01443	0.02050	0.01210	0.01005	0.03405	0.00267	0.01209	0.03604	0.00386	0.00899

[dist]
# distance from previous block
# <min> <max>
0	1

[block]
# block no. 3 follows, 26 sequences, length 75
# corresponding to MSA columns:
# 129-203
name=unknown_D
#
# <colnr> <probs for GDERKNQSTAVLIFYWHMCP>
#	G	D	E	R	K	N	Q	S	T	A	V	L	I	F	Y	W	H	M	C	P
0	0.01052	0.00836	0.00952	0.00912	0.01146	0.00769	0.00687	0.01467	0.06855	0.02587	0.34971	0.06217	0.35417	0.01685	0.00886	0.00248	0.00388	0.01440	0.00769	0.00717
1	0.01573	0.01348	0.01573	0.01123	0.01798	0.01011	0.00899	0.01910	0.01573	0.02472	0.01348	0.01573	0.01123	0.00562	0.00562	0.00112	0.00562	0.00449	0.00449	0.77980
2	0.01318	0.00659	0.00988	0.00988	0.00988	0.00659	0.00659	0.00988	0.00988	0.01318	0.01318	0.02306	0.01318	0.02635	0.02964	0.77931	0.00659	0.00659	0.00329	0.00329
3	0.01086	0.00802	0.01167	0.01167	0.01285	0.00920	0.00883	0.01321	0.01204	0.01722	0.02079	0.03243	0.02010	0.14652	0.61530	0.01155	0.01860	0.00851	0.00413	0.00648
4	0.01065	0.00775	0.01003	0.00946	0.01128	0.00712	0.00709	0.01416	0.02128	0.02996	0.65426	0.05741	0.09971	0.01568	0.00895	0.00239	0.00359	0.01382	0.00829	0.00712
5	0.00955	0.00725	0.00880	0.00937	0.01085	0.00650	0.00666	0.01167	0.01726	0.02268	0.22444	0.33976	0.25750	0.02010	0.00926	0.00273	0.00400	0.01769	0.00739	0.00650
6	0.03403	0.01291	0.01760	0.01350	0.01936	0.01115	0.01115	0.03697	0.02171	0.69137	0.02992	0.02582	0.01878	0.00939	0.00763	0.00235	0.00645	0.00763	0.00939	0.01291
7	0.78701	0.01467	0.01115	0.00997	0.01467	0.01702	0.00821	0.02230	0.01291	0.03403	0.01056	0.01232	0.00821	0.00704	0.00469	0.00235	0.00587	0.00411	0.00469	0.00821
8	0.02833	0.03615	0.02149	0.01954	0.02345	0.70298	0.01466	0.03029	0.02149	0.01856	0.01172	0.01368	0.00977	0.00782	0.00684	0.00195	0.01368	0.00489	0.00391	0.00879
9	0.01659	0.01659	0.02323	0.01991	0.01991	0.02323	0.01659	0.01825	0.01162	0.01825	0.00996	0.01659	0.00996	0.01328	0.02489	0.00332	0.71955	0.00664	0.00332	0.00830
10	0.02028	0.73799	0.03975	0.01298	0.01947	0.03001	0.01298	0.02271	0.01541	0.01785	0.01055	0.01217	0.00973	0.00649	0.00487	0.00162	0.00811	0.00406	0.00324	0.00973
11	0.01659	0.01659	0.02323	0.01991	0.01991	0.02323	0.01659	0.01825	0.01162	0.01825	0.00996	0.01659	0.00996	0.01328	0.02489	0.00332	0.71955	0.00664	0.00332	0.00830
12	0.03036	0.01205	0.01629	0.01291	0.01809	0.01045	0.01049	0.03316	0.02100	0.59103	0.05706	0.08166	0.04777	0.01107	0.00788	0.00241	0.00609	0.00922	0.00909	0.01194
13	0.78701	0.01467	0.01115	0.00997	0.01467	0.01702	0.00821	0.02230	0.01291	0.03403	0.01056	0.01232	0.00821	0.00704	0.00469	0.00235	0.00587	0.00411	0.00469	0.00821
14	0.02840	0.03405	0.02167	0.01925	0.02346	0.60715	0.01462	0.11922	0.02349	0.02269	0.01264	0.01432	0.01021	0.00800	0.00694	0.00200	0.01293	0.00516	0.00443	0.00937
15	0.01074	0.00775	0.01014	0.00954	0.01133	0.00716	0.00716	0.01431	0.02147	0.03042	0.68211	0.05666	0.07157	0.01551	0.00895	0.00239	0.00358	0.01372	0.00835	0.00716
16	0.01752	0.01889	0.07765	0.07753	0.43493	0.04563	0.05543	0.02263	0.04079	0.02375	0.01785	0.09943	0.01633	0.00893	0.00780	0.00239	0.00901	0.00846	0.00422	0.01084
17	0.03403	0.01291	0.01760	0.01350	0.01936	0.01115	0.01115	0.03697	0.02171	0.69137	0.02992	0.02582	0.01878	0.00939	0.00763	0.00235	0.00645	0.00763	0.00939	0.01291
18	0.01790	0.02046	0.04476	0.03197	0.03964	0.01918	0.65857	0.02430	0.01790	0.02430	0.01535	0.02046	0.01151	0.00639	0.00895	0.00256	0.01279	0.00895	0.00384	0.01023
19	0.00910	0.00773	0.00788	0.00795	0.01048	0.00650	0.00604	0.01109	0.01730	0.02058	0.07529	0.07353	0.65600	0.01928	0.00903	0.00260	0.00397	0.04219	0.00704	0.00643
20	0.01699	0.21578	0.41109	0.02122	0.03059	0.02108	0.13543	0.02373	0.01619	0.02248	0.01313	0.01581	0.00998	0.00688	0.00691	0.00223	0.01069	0.00580	0.00333	0.01066
21	0.01084	0.00813	0.01219	0.01219	0.01354	0.00948	0.00948	0.01354	0.01219	0.01761	0.02032	0.02980	0.01896	0.05689	0.70337	0.01219	0.02032	0.00813	0.00406	0.00677
22	0.02792	0.02079	0.02225	0.01727	0.02317	0.02309	0.01420	0.60385	0.09413	0.04633	0.01937	0.01914	0.01384	0.00921	0.00760	0.00230	0.00813	0.00699	0.00760	0.01282
23	0.04327	0.01681	0.02974	0.19112	0.26229	0.01767	0.17725	0.04409	0.01714	0.02403	0.01605	0.04454	0.01369	0.00828	0.00865	0.00251	0.03749	0.03120	0.00406	0.01013
24	0.01491	0.01354	0.02151	0.16172	0.28278	0.01448	0.01704	0.01878	0.01706	0.02357	0.13556	0.06097	0.07262	0.01131	0.00945	0.00254	0.06115	0.04677	0.00499	0.00928
25	0.02883	0.02125	0.02276	0.01745	0.02352	0.02352	0.01442	0.66082	0.03566	0.04780	0.01821	0.01821	0.01290	0.00911	0.00759	0.00228	0.00835	0.00683	0.00759	0.01290
26	0.01980	0.36441	0.05797	0.06276	0.15735	0.09119	0.01595	0.02389	0.04420	0.02078	0.01280	0.01525	0.01090	0.00686	0.00603	0.00187	0.00880	0.00513	0.00371	0.07033
27	0.01432	0.01348	0.02275	0.71520	0.05224	0.01685	0.02107	0.01938	0.01517	0.01938	0.01348	0.02022	0.01011	0.00758	0.00758	0.00253	0.01011	0.00674	0.00337	0.00843
28	0.01318	0.00659	0.00988	0.00988	0.00988	0.00659	0.00659	0.00988	0.00988	0.01318	0.01318	0.02306	0.01318	0.02635	0.02964	0.77931	0.00659	0.00659	0.00329	0.00329
29	0.02141	0.02424	0.02579	0.20516	0.22501	0.29130	0.05382	0.02514	0.01846	0.02090	0.01311	0.01720	0.01061	0.00737	0.00734	0.00222	0.01136	0.00613	0.00372	0.00972
30	0.01103	0.00735	0.00827	0.00827	0.00827	0.00735	0.00460	0.01103	0.01103	0.01471	0.02390	0.04964	0.02758	0.73343	0.03861	0.00735	0.00735	0.01103	0.00460	0.00460
31	0.01562	0.01348	0.01626	0.06426	0.02056	0.01062	0.00990	0.01912	0.01569	0.02431	0.01348	0.01607	0.01115	0.00577	0.00577	0.00123	0.00596	0.00466	0.00441	0.72169
32	0.02132	0.01459	0.01777	0.01491	0.01870	0.01622	0.01208	0.28941	0.02314	0.10668	0.02004	0.02385	0.01597	0.02935	0.29990	0.00649	0.04587	0.00745	0.00612	0.01012
33	0.01084	0.00810	0.01204	0.01204	0.01334	0.00940	0.00929	0.01345	0.01215	0.01750	0.02046	0.03057	0.01930	0.08322	0.67750	0.01200	0.01981	0.00824	0.00408	0.00669
34	0.01084	0.00813	0.01219	0.01219	0.01354	0.00948	0.00948	0.01354	0.01219	0.01761	0.02032	0.02980	0.01896	0.05689	0.70337	0.01219	0.02032	0.00813	0.00406	0.00677
35	0.01084	0.00813	0.01219	0.01219	0.01354	0.00948	0.00948	0.01354	0.01219	0.01761	0.02032	0.02980	0.01896	0.05689	0.70337	0.01219	0.02032	0.00813	0.00406	0.00677
36	0.01559	0.09187	0.64484	0.02097	0.03182	0.01855	0.02689	0.02392	0.01597	0.02356	0.01338	0.01572	0.00962	0.00715	0.00703	0.00234	0.01098	0.00549	0.00321	0.01110
37	0.00946	0.00676	0.00905	0.01081	0.01135	0.00635	0.00742	0.01094	0.01474	0.01961	0.04169	0.68158	0.04969	0.02356	0.00974	0.00311	0.00459	0.06632	0.00704	0.00622
38	0.02629	0.08520	0.02352	0.02070	0.06254	0.56131	0.01519	0.02841	0.02005	0.01886	0.01166	0.01409	0.00992	0.00807	0.00809	0.00205	0.06616	0.00507	0.00381	0.00902
39	0.01102	0.00738	0.00842	0.00842	0.00847	0.00743	0.00478	0.01112	0.01107	0.01482	0.02377	0.04889	0.02725	0.70810	0.06349	0.00753	0.00784	0.01092	0.00458	0.00468
40	0.01463	0.01391	0.02235	0.53792	0.04369	0.01785	0.01958	0.01881	0.01437	0.01913	0.01374	0.04520	0.01154	0.00941	0.01143	0.00272	0.16463	0.00726	0.00349	0.00832
41	0.00924	0.00769	0.00806	0.00797	0.01041	0.00652	0.00598	0.01141	0.01793	0.02202	0.16986	0.07049	0.58906	0.01864	0.00896	0.00253	0.00380	0.01566	0.00724	0.00652
42	0.01573	0.01348	0.01573	0.01123	0.01798	0.01011	0.00899	0.01910	0.01573	0.02472	0.01348	0.01573	0.01123	0.00562	0.00562	0.00112	0.00562	0.00449	0.00449	0.77980
43	0.02368	0.02850	0.02355	0.12661	0.05460	0.44282	0.05125	0.02641	0.01884	0.01920	0.01205	0.01563	0.01003	0.00840	0.00953	0.00227	0.10831	0.00570	0.00374	0.00888
44	0.01974	0.01656	0.01760	0.01561	0.02000	0.01900	0.01229	0.11032	0.57348	0.03321	0.02979	0.02943	0.02280	0.01058	0.00781	0.00258	0.00631	0.03332	0.00767	0.01191
45	0.30737	0.30770	0.05424	0.01572	0.07511	0.06362	0.01294	0.02295	0.01488	0.02481	0.01105	0.01320	0.00936	0.00708	0.00599	0.00206	0.03421	0.00452	0.00387	0.00931
46	0.02285	0.01770	0.02607	0.08590	0.35375	0.01859	0.01899	0.18061	0.02195	0.11979	0.01709	0.01960	0.01290	0.00805	0.00835	0.00234	0.04129	0.00689	0.00540	0.01190
47	0.01887	0.01629	0.01715	0.01544	0.01972	0.01887	0.01201	0.04031	0.67241	0.03173	0.03087	0.02830	0.02315	0.01029	0.00772	0.00257	0.00600	0.00858	0.00772	0.01201
48	0.00955	0.00683	0.00914	0.01077	0.01139	0.00641	0.00745	0.01117	0.01513	0.02022	0.07650	0.64208	0.05083	0.02310	0.00970	0.00307	0.00456	0.06872	0.00711	0.00628
49	0.01978	0.01683	0.01811	0.01592	0.02014	0.01962	0.01253	0.10450	0.56564	0.03262	0.02828	0.02653	0.02128	0.01034	0.00873	0.00259	0.04895	0.00828	0.00744	0.01188
50	0.00912	0.00769	0.00791	0.00785	0.01034	0.00647	0.00589	0.01119	0.01767	0.02139	0.13143	0.07152	0.62789	0.01888	0.00896	0.00255	0.00382	0.01580	0.00716	0.00647
51	0.00922	0.00731	0.00833	0.00909	0.01079	0.00642	0.00656	0.01098	0.01622	0.02015	0.06155	0.32810	0.40787	0.02106	0.00931	0.00281	0.00420	0.04665	0.00704	0.00634
52	0.01222	0.00873	0.01222	0.01397	0.01572	0.00873	0.01222	0.01572	0.01746	0.02270	0.04016	0.08556	0.04365	0.02095	0.01048	0.00349	0.00698	0.63506	0.00698	0.00698
53	0.00936	0.00669	0.00891	0.01048	0.01103	0.00624	0.00705	0.01086	0.01507	0.02023	0.09198	0.67584	0.05184	0.02312	0.00962	0.00303	0.00434	0.02095	0.00714	0.00624
54	0.02028	0.73799	0.03975	0.01298	0.01947	0.03001	0.01298	0.02271	0.01541	0.01785	0.01055	0.01217	0.00973	0.00649	0.00487	0.00162	0.00811	0.00406	0.00324	0.00973
55	0.01887	0.01629	0.01715	0.01544	0.01972	0.01887	0.01201	0.04031	0.67241	0.03173	0.03087	0.02830	0.02315	0.01029	0.00772	0.00257	0.00600	0.00858	0.00772	0.01201
56	0.01033	0.00774	0.00958	0.00912	0.01108	0.00699	0.00684	0.01353	0.02052	0.02816	0.54442	0.06038	0.21067	0.01635	0.00895	0.00243	0.00364	0.01424	0.00805	0.00699
57	0.01120	0.00820	0.01151	0.01378	0.04195	0.00800	0.01036	0.01383	0.01635	0.02164	0.06041	0.35117	0.04594	0.02136	0.00997	0.00323	0.00588	0.33146	0.00692	0.00686
58	0.00924	0.00660	0.00880	0.01056	0.01100	0.00616	0.00704	0.01056	0.01452	0.01936	0.04181	0.72848	0.05017	0.02376	0.00968	0.00308	0.00440	0.02156	0.00704	0.00616
59	0.01414	0.00707	0.00707	0.00707	0.00884	0.00707	0.00530	0.01767	0.01591	0.02828	0.02474	0.02828	0.01944	0.00884	0.00530	0.00177	0.00353	0.00707	0.77554	0.00707
60	0.78701	0.01467	0.01115	0.00997	0.01467	0.01702	0.00821	0.02230	0.01291	0.03403	0.01056	0.01232	0.00821	0.00704	0.00469	0.00235	0.00587	0.00411	0.00469	0.00821
61	0.02739	0.03445	0.02206	0.02102	0.05936	0.64100	0.01520	0.02947	0.02091	0.01889	0.01180	0.01406	0.00990	0.00796	0.00753	0.00202	0.03911	0.00505	0.00388	0.00895
62	0.02692	0.02029	0.02168	0.01706	0.02279	0.02263	0.01395	0.54148	0.15813	0.04471	0.02065	0.02015	0.01487	0.00933	0.00761	0.00233	0.00790	0.00716	0.00761	0.01273
63	0.02036	0.52787	0.03357	0.01428	0.01946	0.12556	0.01306	0.02258	0.01594	0.01809	0.01297	0.06539	0.01273	0.00846	0.00702	0.00191	0.06224	0.00566	0.00363	0.00923
64	0.02028	0.73799	0.03975	0.01298	0.01947	0.03001	0.01298	0.02271	0.01541	0.01785	0.01055	0.01217	0.00973	0.00649	0.00487	0.00162	0.00811	0.00406	0.00324	0.00973
65	0.01178	0.00885	0.01011	0.00992	0.01036	0.03278	0.00643	0.01250	0.01167	0.01560	0.02221	0.04289	0.02446	0.53470	0.18331	0.00809	0.03455	0.01003	0.00441	0.00535
66	0.01549	0.01487	0.09015	0.01578	0.04397	0.01267	0.05069	0.09330	0.10297	0.05304	0.12161	0.24200	0.06491	0.01487	0.00860	0.00265	0.00649	0.03009	0.00672	0.00913
67	0.02106	0.67016	0.03798	0.01361	0.01985	0.09506	0.01314	0.02344	0.01600	0.01791	0.01066	0.01231	0.00974	0.00662	0.00506	0.00165	0.00865	0.00414	0.00331	0.00964
68	0.06291	0.03120	0.43738	0.02417	0.05593	0.01776	0.18869	0.02444	0.01657	0.04948	0.01450	0.01740	0.01044	0.00705	0.00753	0.00243	0.01104	0.00649	0.00370	0.01087
69	0.01830	0.01799	0.03175	0.09257	0.48824	0.01818	0.13079	0.02418	0.05642	0.02471	0.01539	0.01974	0.01245	0.00697	0.00777	0.00234	0.00956	0.00724	0.00398	0.01144
70	0.01545	0.01319	0.01544	0.01121	0.01768	0.00994	0.00891	0.01874	0.01568	0.02449	0.01468	0.04586	0.01288	0.00638	0.00579	0.00121	0.00557	0.00522	0.00460	0.74709
71	0.01676	0.01569	0.02649	0.47295	0.13886	0.01793	0.09558	0.08141	0.01774	0.02343	0.01426	0.01985	0.01081	0.00747	0.00773	0.00247	0.01010	0.00701	0.00388	0.00958
72	0.73208	0.01454	0.01162	0.01023	0.01501	0.01659	0.00843	0.02337	0.01355	0.08199	0.01197	0.01331	0.00899	0.00721	0.00491	0.00235	0.00591	0.00436	0.00504	0.00856
73	0.01711	0.01344	0.01587	0.01140	0.01808	0.01019	0.00915	0.02044	0.01618	0.07493	0.01472	0.01649	0.01180	0.00590	0.00577	0.00122	0.00568	0.00473	0.00486	0.72203
74	0.01536	0.01042	0.01418	0.11158	0.01974	0.01084	0.01086	0.06526	0.01762	0.10546	0.08186	0.34787	0.03561	0.01659	0.00961	0.00275	0.04472	0.03534	0.00665	0.03766

[dist]
# distance from previous block
# <min> <max>
0	1

[block]
# block no. 4 follows, 26 sequences, length 146
# corresponding to MSA columns:
# 205-350
name=unknown_E
#
# <colnr> <probs for GDERKNQSTAVLIFYWHMCP>
#	G	D	E	R	K	N	Q	S	T	A	V	L	I	F	Y	W	H	M	C	P
0	0.11395	0.01858	0.11039	0.01533	0.02135	0.03768	0.03746	0.12397	0.04276	0.29034	0.09080	0.02448	0.02052	0.00928	0.00739	0.00235	0.00748	0.00745	0.00718	0.01127
1	0.01343	0.00998	0.03719	0.01096	0.01347	0.00875	0.00868	0.03996	0.04572	0.07967	0.46627	0.14691	0.05816	0.01548	0.00879	0.00249	0.00447	0.01363	0.00799	0.00800
2	0.01696	0.35786	0.18791	0.01691	0.02359	0.02162	0.08846	0.02127	0.01585	0.02051	0.01751	0.10640	0.01701	0.00968	0.00682	0.00221	0.00884	0.04707	0.00400	0.00952
3	0.03403	0.01291	0.01760	0.01350	0.01936	0.01115	0.01115	0.03697	0.02171	0.69137	0.02992	0.02582	0.01878	0.00939	0.00763	0.00235	0.00645	0.00763	0.00939	0.01291
4	0.02798	0.03549	0.02184	0.02053	0.04777	0.67784	0.01497	0.03003	0.02134	0.01879	0.01182	0.01387	0.00985	0.00778	0.00686	0.00197	0.01351	0.00495	0.00390	0.00891
5	0.01479	0.01434	0.02501	0.61337	0.04945	0.01739	0.08564	0.01983	0.01528	0.01983	0.01351	0.02008	0.01025	0.00773	0.00853	0.00257	0.04344	0.00696	0.00342	0.00860
6	0.01790	0.02046	0.04476	0.03197	0.03964	0.01918	0.65857	0.02430	0.01790	0.02430	0.01535	0.02046	0.01151	0.00639	0.00895	0.00256	0.01279	0.00895	0.00384	0.01023
7	0.00924	0.00660	0.00880	0.01056	0.01100	0.00616	0.00704	0.01056	0.01452	0.01936	0.04181	0.72848	0.05017	0.02376	0.00968	0.00308	0.00440	0.02156	0.00704	0.00616
8	0.01629	0.01237	0.01765	0.01499	0.01859	0.01243	0.10370	0.02479	0.20208	0.09994	0.20516	0.15059	0.06162	0.01353	0.00858	0.00258	0.00606	0.01228	0.00737	0.00940
9	0.01318	0.00659	0.00988	0.00988	0.00988	0.00659	0.00659	0.00988	0.00988	0.01318	0.01318	0.02306	0.01318	0.02635	0.02964	0.77931	0.00659	0.00659	0.00329	0.00329
10	0.00924	0.00660	0.00880	0.01056	0.01100	0.00616	0.00704	0.01056	0.01452	0.01936	0.04181	0.72848	0.05017	0.02376	0.00968	0.00308	0.00440	0.02156	0.00704	0.00616
11	0.01860	0.02223	0.12066	0.02956	0.03754	0.01849	0.54221	0.02507	0.01792	0.06650	0.01606	0.02027	0.01174	0.00668	0.00866	0.00253	0.01220	0.00847	0.00411	0.01052
12	0.04346	0.14765	0.39976	0.02488	0.14254	0.01981	0.07263	0.02364	0.01617	0.02351	0.01325	0.01607	0.01014	0.00694	0.00692	0.00226	0.01026	0.00576	0.00340	0.01093
13	0.01455	0.01392	0.02414	0.67194	0.05144	0.01700	0.06143	0.01969	0.01534	0.01969	0.01360	0.02024	0.01020	0.00751	0.00767	0.00253	0.01028	0.00688	0.00340	0.00854
14	0.01026	0.00733	0.00997	0.01173	0.01261	0.00704	0.00881	0.01232	0.01553	0.02050	0.04124	0.50856	0.04794	0.02280	0.00995	0.00322	0.00528	0.23142	0.00702	0.00644
15	0.03145	0.04845	0.06273	0.01485	0.02117	0.01280	0.04247	0.03490	0.02088	0.58689	0.02732	0.02432	0.01744	0.00898	0.00754	0.00233	0.00713	0.00740	0.00845	0.01253
16	0.04735	0.01375	0.02114	0.37703	0.08752	0.01560	0.04143	0.05158	0.05846	0.07804	0.02007	0.09840	0.01728	0.01001	0.00785	0.00257	0.00860	0.02911	0.00495	0.00928
17	0.02882	0.02178	0.02272	0.01753	0.02352	0.04780	0.01443	0.63830	0.03516	0.04676	0.01798	0.01805	0.01279	0.00906	0.00756	0.00226	0.00854	0.00676	0.00746	0.01275
18	0.01815	0.01850	0.06003	0.10779	0.51856	0.01800	0.04335	0.02435	0.07013	0.02476	0.01554	0.01962	0.01260	0.00713	0.00757	0.00232	0.00910	0.00692	0.00402	0.01157
19	0.03359	0.01361	0.01804	0.01383	0.01972	0.01220	0.01143	0.08980	0.02289	0.63686	0.02893	0.02517	0.01828	0.00936	0.00762	0.00234	0.00661	0.00756	0.00924	0.01291
20	0.02058	0.71137	0.03905	0.01323	0.01962	0.05554	0.01304	0.02300	0.01564	0.01787	0.01059	0.01222	0.00974	0.00654	0.00494	0.00163	0.00832	0.00409	0.00327	0.00970
21	0.01102	0.00741	0.00858	0.00858	0.00868	0.00752	0.00497	0.01122	0.01112	0.01493	0.02362	0.04811	0.02691	0.68119	0.08994	0.00773	0.00835	0.01081	0.00455	0.00476
22	0.00924	0.00660	0.00880	0.01056	0.01100	0.00616	0.00704	0.01056	0.01452	0.01936	0.04181	0.72848	0.05017	0.02376	0.00968	0.00308	0.00440	0.02156	0.00704	0.00616
23	0.00924	0.00660	0.00880	0.01056	0.01100	0.00616	0.00704	0.01056	0.01452	0.01936	0.04181	0.72848	0.05017	0.02376	0.00968	0.00308	0.00440	0.02156	0.00704	0.00616
24	0.01068	0.00771	0.01009	0.00958	0.01132	0.00712	0.00715	0.01418	0.02123	0.03004	0.66005	0.07981	0.07083	0.01579	0.00897	0.00241	0.00361	0.01399	0.00830	0.00712
25	0.03403	0.01291	0.01760	0.01350	0.01936	0.01115	0.01115	0.03697	0.02171	0.69137	0.02992	0.02582	0.01878	0.00939	0.00763	0.00235	0.00645	0.00763	0.00939	0.01291
26	0.78701	0.01467	0.01115	0.00997	0.01467	0.01702	0.00821	0.02230	0.01291	0.03403	0.01056	0.01232	0.00821	0.00704	0.00469	0.00235	0.00587	0.00411	0.00469	0.00821
27	0.01659	0.01659	0.02323	0.01991	0.01991	0.02323	0.01659	0.01825	0.01162	0.01825	0.00996	0.01659	0.00996	0.01328	0.02489	0.00332	0.71955	0.00664	0.00332	0.00830
28	0.01084	0.00813	0.01219	0.01219	0.01354	0.00948	0.00948	0.01354	0.01219	0.01761	0.02032	0.02980	0.01896	0.05689	0.70337	0.01219	0.02032	0.00813	0.00406	0.00677
29	0.01573	0.01348	0.01573	0.01123	0.01798	0.01011	0.00899	0.01910	0.01573	0.02472	0.01348	0.01573	0.01123	0.00562	0.00562	0.00112	0.00562	0.00449	0.00449	0.77980
30	0.01074	0.00775	0.01014	0.00954	0.01133	0.00716	0.00716	0.01431	0.02147	0.03042	0.68211	0.05666	0.07157	0.01551	0.00895	0.00239	0.00358	0.01372	0.00835	0.00716
31	0.01318	0.00659	0.00988	0.00988	0.00988	0.00659	0.00659	0.00988	0.00988	0.01318	0.01318	0.02306	0.01318	0.02635	0.02964	0.77931	0.00659	0.00659	0.00329	0.00329
32	0.02883	0.02125	0.02276	0.01745	0.02352	0.02352	0.01442	0.66082	0.03566	0.04780	0.01821	0.01821	0.01290	0.00911	0.00759	0.00228	0.00835	0.00683	0.00759	0.01290
33	0.01019	0.00773	0.00938	0.00897	0.01099	0.00692	0.00672	0.01325	0.02017	0.02734	0.49424	0.06173	0.26137	0.01666	0.00895	0.00244	0.00366	0.01443	0.00794	0.00692
34	0.02883	0.02125	0.02276	0.01745	0.02352	0.02352	0.01442	0.66082	0.03566	0.04780	0.01821	0.01821	0.01290	0.00911	0.00759	0.00228	0.00835	0.00683	0.00759	0.01290
35	0.01587	0.08079	0.57026	0.02293	0.08202	0.01869	0.02618	0.02361	0.01587	0.02342	0.01330	0.01601	0.00982	0.00741	0.00790	0.00238	0.04359	0.00564	0.00325	0.01104
36	0.01659	0.01659	0.02323	0.01991	0.01991	0.02323	0.01659	0.01825	0.01162	0.01825	0.00996	0.01659	0.00996	0.01328	0.02489	0.00332	0.71955	0.00664	0.00332	0.00830
37	0.78701	0.01467	0.01115	0.00997	0.01467	0.01702	0.00821	0.02230	0.01291	0.03403	0.01056	0.01232	0.00821	0.00704	0.00469	0.00235	0.00587	0.00411	0.00469	0.00821
38	0.01573	0.01348	0.01573	0.01123	0.01798	0.01011	0.00899	0.01910	0.01573	0.02472	0.01348	0.01573	0.01123	0.00562	0.00562	0.00112	0.00562	0.00449	0.00449	0.77980
39	0.01887	0.01629	0.01715	0.01544	0.01972	0.01887	0.01201	0.04031	0.67241	0.03173	0.03087	0.02830	0.02315	0.01029	0.00772	0.00257	0.00600	0.00858	0.00772	0.01201
40	0.01847	0.24510	0.28971	0.02366	0.13212	0.02132	0.08926	0.02413	0.01649	0.05315	0.01372	0.01621	0.01065	0.00693	0.00675	0.00216	0.00987	0.00577	0.00366	0.01086
41	0.01414	0.00707	0.00707	0.00707	0.00884	0.00707	0.00530	0.01767	0.01591	0.02828	0.02474	0.02828	0.01944	0.00884	0.00530	0.00177	0.00353	0.00707	0.77554	0.00707
42	0.00924	0.00660	0.00880	0.01056	0.01100	0.00616	0.00704	0.01056	0.01452	0.01936	0.04181	0.72848	0.05017	0.02376	0.00968	0.00308	0.00440	0.02156	0.00704	0.00616
43	0.00929	0.00664	0.00885	0.01053	0.01101	0.00619	0.00704	0.01069	0.01476	0.01974	0.06373	0.70548	0.05090	0.02348	0.00966	0.00306	0.00437	0.02129	0.00709	0.00619
44	0.01825	0.06454	0.03751	0.06877	0.31240	0.01927	0.31927	0.02354	0.01735	0.02386	0.01450	0.01921	0.01155	0.00661	0.00802	0.00237	0.01077	0.00761	0.00374	0.01087
45	0.10697	0.01867	0.02346	0.32219	0.15005	0.11429	0.04213	0.08975	0.01843	0.02505	0.01361	0.01795	0.01052	0.00753	0.00719	0.00235	0.00985	0.00627	0.00413	0.00961
46	0.00956	0.00685	0.00909	0.01034	0.01107	0.00637	0.00707	0.01137	0.01601	0.02174	0.17934	0.58418	0.05476	0.02199	0.00952	0.00293	0.00422	0.01988	0.00732	0.00637
47	0.01515	0.01470	0.02244	0.49998	0.04212	0.03798	0.01937	0.01921	0.01438	0.01902	0.01282	0.01950	0.01039	0.01079	0.03733	0.00306	0.18330	0.00671	0.00340	0.00834
48	0.01573	0.01348	0.01573	0.01123	0.01798	0.01011	0.00899	0.01910	0.01573	0.02472	0.01348	0.01573	0.01123	0.00562	0.00562	0.00112	0.00562	0.00449	0.00449	0.77980
49	0.00935	0.00668	0.00893	0.01069	0.01118	0.00626	0.00723	0.01075	0.01463	0.01949	0.04174	0.70452	0.04992	0.02366	0.00971	0.00310	0.00450	0.04442	0.00704	0.00619
50	0.00924	0.00660	0.00880	0.01056	0.01100	0.00616	0.00704	0.01056	0.01452	0.01936	0.04181	0.72848	0.05017	0.02376	0.00968	0.00308	0.00440	0.02156	0.00704	0.00616
51	0.01234	0.01106	0.01244	0.01414	0.08744	0.05880	0.00917	0.01561	0.04271	0.02364	0.21504	0.16652	0.26954	0.01646	0.00872	0.00252	0.00524	0.01423	0.00681	0.00757
52	0.01862	0.01885	0.05421	0.04512	0.63801	0.01805	0.04858	0.02334	0.01725	0.02474	0.01429	0.01874	0.01191	0.00676	0.00756	0.00227	0.00924	0.00681	0.00374	0.01192
53	0.01221	0.01014	0.01482	0.01403	0.01506	0.01276	0.01118	0.01467	0.01205	0.01776	0.01785	0.02665	0.01682	0.04650	0.54177	0.01008	0.18687	0.00777	0.00389	0.00714
54	0.02230	0.02471	0.02736	0.03659	0.44163	0.27073	0.02010	0.02586	0.01883	0.02249	0.01333	0.01689	0.01119	0.00715	0.00726	0.00214	0.01073	0.00607	0.00381	0.01083
55	0.02945	0.01190	0.01614	0.01272	0.01778	0.01036	0.01036	0.03251	0.02166	0.56150	0.15807	0.03188	0.02915	0.01059	0.00789	0.00235	0.00589	0.00882	0.00918	0.01178
56	0.01887	0.01629	0.01715	0.01544	0.01972	0.01887	0.01201	0.04031	0.67241	0.03173	0.03087	0.02830	0.02315	0.01029	0.00772	0.00257	0.00600	0.00858	0.00772	0.01201
57	0.03376	0.01335	0.01787	0.01370	0.01958	0.01180	0.01132	0.06985	0.02245	0.65744	0.02931	0.02542	0.01847	0.00937	0.00763	0.00234	0.00655	0.00759	0.00929	0.01291
58	0.01084	0.00813	0.01219	0.01219	0.01354	0.00948	0.00948	0.01354	0.01219	0.01761	0.02032	0.02980	0.01896	0.05689	0.70337	0.01219	0.02032	0.00813	0.00406	0.00677
59	0.00990	0.00690	0.00867	0.00975	0.01009	0.00660	0.00622	0.01085	0.01358	0.01817	0.05782	0.47543	0.04325	0.26381	0.01945	0.00450	0.00537	0.01773	0.00626	0.00567
60	0.01414	0.00707	0.00707	0.00707	0.00884	0.00707	0.00530	0.01767	0.01591	0.02828	0.02474	0.02828	0.01944	0.00884	0.00530	0.00177	0.00353	0.00707	0.77554	0.00707
