[name]
unknown

[dist]
# distance from previous block
# <min> <max>
0	48

[block]
# block no. 0 follows, 25 sequences, length 28
# corresponding to MSA columns:
# 48-75
name=unknown_A
#
# <colnr> <probs for GDERKNQSTAVLIFYWHMCP>
#	G	D	E	R	K	N	Q	S	T	A	V	L	I	F	Y	W	H	M	C	P
0	0.01293	0.00983	0.01501	0.01567	0.01791	0.00973	0.06080	0.01673	0.01788	0.02333	0.03913	0.08243	0.04214	0.02029	0.01059	0.00350	0.00759	0.58021	0.00690	0.00739
1	0.01612	0.17876	0.50408	0.01922	0.02903	0.01972	0.02379	0.02327	0.01634	0.02299	0.01817	0.01998	0.06025	0.00815	0.00701	0.00231	0.01024	0.00621	0.00358	0.01078
2	0.04425	0.02437	0.10372	0.03123	0.21989	0.13462	0.19932	0.02659	0.06992	0.02467	0.01547	0.01898	0.01219	0.00755	0.00845	0.00242	0.03417	0.00715	0.00417	0.01086
3	0.01913	0.01850	0.03167	0.04446	0.58927	0.01857	0.07052	0.02497	0.05853	0.02574	0.01574	0.01993	0.01296	0.00711	0.00780	0.00235	0.00931	0.00720	0.00410	0.01214
4	0.01898	0.02122	0.03749	0.10275	0.08903	0.09148	0.40942	0.02435	0.01790	0.02336	0.01462	0.01963	0.01136	0.00724	0.00952	0.00252	0.05397	0.00801	0.00386	0.03328
5	0.01538	0.01243	0.01326	0.01217	0.01574	0.01311	0.00939	0.02739	0.33850	0.05485	0.10181	0.04867	0.27717	0.01440	0.00848	0.00260	0.00511	0.01206	0.00775	0.00972
6	0.00954	0.00774	0.00846	0.00856	0.01077	0.00666	0.00631	0.01176	0.01816	0.02275	0.18801	0.14609	0.48921	0.01945	0.00924	0.00265	0.00394	0.01657	0.00745	0.00666
7	0.02896	0.03695	0.02197	0.01998	0.02397	0.69638	0.01498	0.03096	0.02197	0.01898	0.01199	0.01398	0.00999	0.00799	0.00699	0.00200	0.01398	0.00499	0.00400	0.00899
8	0.01128	0.00752	0.00846	0.00846	0.00846	0.00752	0.00470	0.01128	0.01128	0.01503	0.02443	0.05074	0.02819	0.72751	0.03946	0.00752	0.00752	0.01128	0.00470	0.00470
9	0.73754	0.01539	0.01210	0.01065	0.01553	0.01779	0.00877	0.06026	0.01458	0.03562	0.01126	0.01295	0.00868	0.00732	0.00497	0.00239	0.00615	0.00436	0.00497	0.00868
10	0.03274	0.01326	0.01778	0.01354	0.01964	0.01128	0.01115	0.03579	0.02152	0.61233	0.02875	0.02526	0.01835	0.00917	0.00757	0.00226	0.00650	0.00745	0.00905	0.09660
11	0.78228	0.01499	0.01140	0.01020	0.01499	0.01739	0.00840	0.02279	0.01320	0.03479	0.01080	0.01260	0.00840	0.00720	0.00480	0.00240	0.00600	0.00420	0.00480	0.00840
12	0.01608	0.01378	0.01608	0.01148	0.01837	0.01034	0.00919	0.01952	0.01608	0.02527	0.01378	0.01608	0.01148	0.00574	0.00574	0.00115	0.00574	0.00459	0.00459	0.77491
13	0.03479	0.01320	0.01799	0.01380	0.01979	0.01140	0.01140	0.03779	0.02219	0.68451	0.03059	0.02639	0.01919	0.00960	0.00780	0.00240	0.00660	0.00780	0.00960	0.01320
14	0.01919	0.01842	0.03147	0.04759	0.67914	0.01842	0.02380	0.02380	0.01765	0.02533	0.01458	0.01919	0.01228	0.00691	0.00768	0.00230	0.00921	0.00691	0.00384	0.01228
15	0.00940	0.00694	0.00880	0.01028	0.01111	0.00634	0.00697	0.01085	0.01534	0.02000	0.04901	0.60889	0.16079	0.02348	0.00977	0.00306	0.00440	0.02105	0.00720	0.00634
16	0.01608	0.01378	0.01608	0.01148	0.01837	0.01034	0.00919	0.01952	0.01608	0.02527	0.01378	0.01608	0.01148	0.00574	0.00574	0.00115	0.00574	0.00459	0.00459	0.77491
17	0.01772	0.01879	0.03670	0.02747	0.06627	0.01694	0.43922	0.02329	0.01764	0.02498	0.01510	0.01947	0.01171	0.00633	0.00812	0.00219	0.01082	0.00776	0.00411	0.22538
18	0.02618	0.01984	0.02148	0.01650	0.02269	0.02113	0.01351	0.48715	0.08270	0.04319	0.01875	0.01897	0.01370	0.00874	0.00739	0.00213	0.00782	0.00668	0.00718	0.15427
19	0.01097	0.00793	0.01036	0.00975	0.01158	0.00732	0.00732	0.01463	0.02195	0.03109	0.67505	0.05792	0.07316	0.01585	0.00914	0.00244	0.00366	0.01402	0.00854	0.00732
20	0.01169	0.00843	0.01060	0.01159	0.01268	0.00829	0.00804	0.08290	0.01727	0.02306	0.04003	0.64346	0.04701	0.02261	0.00966	0.00306	0.00495	0.02035	0.00726	0.00707
21	0.00996	0.00709	0.00899	0.01008	0.01070	0.00666	0.00666	0.01134	0.01509	0.02019	0.11194	0.48460	0.08071	0.15988	0.01553	0.00389	0.00496	0.01876	0.00686	0.00611
22	0.01715	0.02063	0.08959	0.03036	0.07698	0.01792	0.49178	0.02317	0.01773	0.02428	0.01852	0.09919	0.01608	0.00862	0.00901	0.00264	0.01174	0.01020	0.00423	0.01018
23	0.03419	0.01415	0.01859	0.01425	0.02027	0.01282	0.01177	0.10686	0.02379	0.61317	0.02925	0.02552	0.01852	0.00956	0.00779	0.00239	0.00681	0.00771	0.00939	0.01319
24	0.01840	0.02064	0.04415	0.03435	0.11220	0.01947	0.58059	0.02472	0.01823	0.02489	0.01556	0.02072	0.01182	0.00658	0.00898	0.00258	0.01264	0.00890	0.00391	0.01066
25	0.01861	0.01901	0.02923	0.09486	0.39328	0.08850	0.10781	0.02290	0.01770	0.02350	0.01755	0.09793	0.01618	0.00899	0.00806	0.00243	0.00982	0.00871	0.00421	0.01070
26	0.02213	0.04163	0.61630	0.02542	0.03630	0.02099	0.02925	0.02824	0.02023	0.03013	0.02055	0.02564	0.01635	0.01186	0.01015	0.00366	0.01312	0.00788	0.00567	0.01452
27	0.00975	0.00692	0.00910	0.01073	0.01120	0.00653	0.00720	0.01107	0.01465	0.01950	0.04095	0.63165	0.04883	0.08968	0.01269	0.00357	0.00490	0.04792	0.00696	0.00619

[dist]
# distance from previous block
# <min> <max>
0	8

[block]
# block no. 1 follows, 25 sequences, length 98
# corresponding to MSA columns:
# 84-181
name=unknown_B
#
# <colnr> <probs for GDERKNQSTAVLIFYWHMCP>
#	G	D	E	R	K	N	Q	S	T	A	V	L	I	F	Y	W	H	M	C	P
0	0.02831	0.02103	0.02264	0.01729	0.02355	0.02285	0.01425	0.59801	0.03468	0.04681	0.01819	0.01839	0.01304	0.00900	0.00758	0.00222	0.00829	0.00677	0.00748	0.07962
1	0.01078	0.00795	0.01026	0.00978	0.01166	0.00744	0.00736	0.01417	0.02064	0.02880	0.55047	0.05741	0.13670	0.01997	0.06912	0.00333	0.00518	0.01379	0.00800	0.00719
2	0.00990	0.00736	0.01024	0.07168	0.01492	0.00725	0.00845	0.01158	0.01490	0.01979	0.04021	0.66124	0.04771	0.02285	0.00971	0.00310	0.00501	0.02072	0.00687	0.00650
3	0.01672	0.03983	0.62930	0.02191	0.03272	0.07718	0.02746	0.02511	0.01686	0.02407	0.01375	0.01616	0.00984	0.00742	0.00733	0.00242	0.01168	0.00567	0.00334	0.01124
4	0.01300	0.00997	0.01540	0.01588	0.01820	0.00986	0.06818	0.01683	0.01789	0.02335	0.03884	0.08166	0.04176	0.02012	0.01057	0.00349	0.00766	0.57307	0.00686	0.00743
5	0.02816	0.02045	0.02187	0.01691	0.02274	0.02258	0.01392	0.59788	0.03469	0.04712	0.01920	0.01951	0.01377	0.00928	0.00755	0.00228	0.00810	0.00700	0.07429	0.01267
6	0.01689	0.01669	0.02308	0.01958	0.02018	0.02258	0.01629	0.01874	0.01224	0.01924	0.01049	0.01689	0.01029	0.01289	0.02373	0.00320	0.65160	0.00659	0.00350	0.07533
7	0.01419	0.01317	0.02201	0.64798	0.04973	0.01627	0.02028	0.01902	0.01545	0.01981	0.01631	0.08188	0.01391	0.00919	0.00794	0.00263	0.00983	0.00821	0.00377	0.00841
8	0.02840	0.02078	0.02347	0.02014	0.08080	0.02271	0.01525	0.54081	0.06140	0.07810	0.01943	0.01950	0.01386	0.00917	0.00776	0.00234	0.00839	0.00709	0.00751	0.01307
9	0.03029	0.01872	0.02128	0.01627	0.02245	0.01948	0.01342	0.43322	0.03103	0.23710	0.02191	0.02079	0.01488	0.00919	0.00765	0.00228	0.00779	0.00709	0.00812	0.05704
10	0.02043	0.69233	0.07786	0.01378	0.02069	0.02995	0.01415	0.02329	0.01579	0.01861	0.01096	0.01266	0.00994	0.00668	0.00511	0.00170	0.00847	0.00424	0.00331	0.01004
11	0.01128	0.00752	0.00846	0.00846	0.00846	0.00752	0.00470	0.01128	0.01128	0.01503	0.02443	0.05074	0.02819	0.72751	0.03946	0.00752	0.00752	0.01128	0.00470	0.00470
12	0.06318	0.02409	0.01976	0.01697	0.02170	0.24461	0.01328	0.19763	0.19513	0.05663	0.02292	0.02262	0.04825	0.00962	0.00746	0.00232	0.00928	0.00716	0.00644	0.01098
13	0.01954	0.01953	0.03258	0.04473	0.58044	0.04937	0.09108	0.02423	0.01792	0.02499	0.01459	0.01914	0.01212	0.00692	0.00780	0.00232	0.00984	0.00706	0.00385	0.01194
14	0.00916	0.00785	0.00785	0.00785	0.01047	0.00655	0.00589	0.01113	0.01767	0.02095	0.07855	0.07462	0.67599	0.01964	0.00916	0.00262	0.00393	0.01636	0.00720	0.00655
15	0.00968	0.00764	0.00880	0.00950	0.01135	0.00676	0.00705	0.01170	0.01702	0.02126	0.08807	0.26885	0.39710	0.02106	0.00955	0.00287	0.00443	0.08350	0.00725	0.00657
16	0.02896	0.03695	0.02197	0.01998	0.02397	0.69638	0.01498	0.03096	0.02197	0.01898	0.01199	0.01398	0.00999	0.00799	0.00699	0.00200	0.01398	0.00499	0.00400	0.00899
17	0.01967	0.01832	0.02434	0.09575	0.29879	0.05253	0.01820	0.05477	0.27662	0.02822	0.02130	0.02294	0.01656	0.00857	0.00774	0.00245	0.00830	0.00756	0.00557	0.01180
18	0.02200	0.01653	0.01797	0.01565	0.02037	0.01856	0.01232	0.08105	0.53884	0.11962	0.03058	0.02791	0.02239	0.01032	0.00787	0.00258	0.00635	0.00852	0.00811	0.01245
19	0.01572	0.03912	0.65752	0.02326	0.06290	0.01803	0.02843	0.02452	0.01643	0.02459	0.01394	0.01650	0.00993	0.00735	0.00738	0.00245	0.01136	0.00578	0.00330	0.01150
20	0.02806	0.02887	0.02240	0.01897	0.02363	0.36109	0.01488	0.27798	0.05508	0.03142	0.01537	0.01664	0.01186	0.00894	0.00840	0.00224	0.05174	0.00605	0.00562	0.01077
21	0.00952	0.00681	0.00907	0.01074	0.01126	0.00635	0.00720	0.01099	0.01520	0.02036	0.07457	0.68899	0.05238	0.02387	0.00986	0.00311	0.00446	0.02164	0.00726	0.00635
22	0.00953	0.00686	0.00906	0.01079	0.01137	0.00639	0.00731	0.01098	0.01506	0.01995	0.04417	0.67530	0.07699	0.02401	0.00989	0.00314	0.00456	0.04111	0.00720	0.00633
23	0.01464	0.01378	0.02326	0.70887	0.05340	0.01723	0.02153	0.01981	0.01550	0.01981	0.01378	0.02067	0.01034	0.00775	0.00775	0.00258	0.01034	0.00689	0.00345	0.00861
24	0.01573	0.06370	0.66528	0.02180	0.03309	0.01844	0.02812	0.02451	0.01635	0.02434	0.01381	0.01624	0.00983	0.00734	0.00728	0.00243	0.01135	0.00568	0.00328	0.01141
25	0.00942	0.00684	0.00890	0.01054	0.01118	0.00632	0.00708	0.01083	0.01509	0.01989	0.04586	0.66594	0.10577	0.02389	0.00983	0.00310	0.00445	0.02155	0.00720	0.00632
26	0.00960	0.00686	0.00917	0.01097	0.01149	0.00643	0.00746	0.01106	0.01499	0.01996	0.04265	0.69091	0.05095	0.02415	0.00994	0.00317	0.00463	0.05208	0.00719	0.00634
27	0.05179	0.11853	0.02435	0.01973	0.04785	0.51783	0.01488	0.07643	0.02187	0.02189	0.01240	0.01430	0.01026	0.00786	0.00676	0.00201	0.01245	0.00509	0.00422	0.00953
28	0.00947	0.00787	0.00827	0.00817	0.01066	0.00667	0.00613	0.01171	0.01839	0.02264	0.17812	0.07183	0.57536	0.01900	0.00916	0.00259	0.00388	0.01597	0.00742	0.00667
29	0.01608	0.01378	0.01608	0.01148	0.01837	0.01034	0.00919	0.01952	0.01608	0.02527	0.01378	0.01608	0.01148	0.00574	0.00574	0.00115	0.00574	0.00459	0.00459	0.77491
30	0.04549	0.41994	0.25144	0.01633	0.02438	0.04757	0.01815	0.02464	0.01641	0.05445	0.01285	0.01450	0.01032	0.00709	0.00597	0.00200	0.00937	0.00488	0.00369	0.01053
31	0.02896	0.03695	0.02197	0.01998	0.02397	0.69638	0.01498	0.03096	0.02197	0.01898	0.01199	0.01398	0.00999	0.00799	0.00699	0.00200	0.01398	0.00499	0.00400	0.00899
32	0.01108	0.00831	0.01246	0.01246	0.01385	0.00969	0.00969	0.01385	0.01246	0.01800	0.02077	0.03046	0.01938	0.05815	0.69678	0.01246	0.02077	0.00831	0.00415	0.00692
33	0.01915	0.01854	0.03212	0.04691	0.65011	0.01848	0.05230	0.02384	0.01768	0.02531	0.01463	0.01927	0.01226	0.00689	0.00774	0.00232	0.00939	0.00701	0.00384	0.01220
34	0.01083	0.00792	0.01016	0.00960	0.01150	0.00725	0.00720	0.01435	0.02161	0.03028	0.62750	0.05925	0.12121	0.01615	0.00915	0.00245	0.00368	0.01421	0.00843	0.00725
35	0.01033	0.00756	0.00990	0.01144	0.01259	0.00712	0.00862	0.01243	0.01614	0.02098	0.04713	0.44222	0.13478	0.02279	0.01004	0.00320	0.00522	0.20375	0.00718	0.00659
36	0.01128	0.00752	0.00846	0.00846	0.00846	0.00752	0.00470	0.01128	0.01128	0.01503	0.02443	0.05074	0.02819	0.72751	0.03946	0.00752	0.00752	0.01128	0.00470	0.00470
37	0.00945	0.00675	0.00900	0.01080	0.01125	0.00630	0.00720	0.01080	0.01484	0.01979	0.04274	0.72245	0.05128	0.02429	0.00990	0.00315	0.00450	0.02204	0.00720	0.00630
38	0.01825	0.02076	0.04492	0.03221	0.03976	0.01977	0.62690	0.02460	0.01806	0.02460	0.01548	0.02076	0.01170	0.00680	0.00977	0.00264	0.03967	0.00906	0.00390	0.01038
39	0.78228	0.01499	0.01140	0.01020	0.01499	0.01739	0.00840	0.02279	0.01320	0.03479	0.01080	0.01260	0.00840	0.00720	0.00480	0.00240	0.00600	0.00420	0.00480	0.00840
40	0.78228	0.01499	0.01140	0.01020	0.01499	0.01739	0.00840	0.02279	0.01320	0.03479	0.01080	0.01260	0.00840	0.00720	0.00480	0.00240	0.00600	0.00420	0.00480	0.00840
41	0.73924	0.01489	0.01178	0.01040	0.01527	0.01705	0.00857	0.02366	0.01371	0.07220	0.01194	0.01339	0.00902	0.00734	0.00497	0.00240	0.00603	0.00441	0.00507	0.00867
42	0.02651	0.01963	0.02094	0.01658	0.02211	0.02181	0.01352	0.49849	0.13678	0.04446	0.02130	0.02119	0.01547	0.00948	0.00757	0.00233	0.00771	0.00729	0.07431	0.01252
43	0.66656	0.01472	0.01242	0.01075	0.01574	0.01647	0.00886	0.02511	0.01459	0.13537	0.01386	0.01473	0.01007	0.00757	0.00526	0.00240	0.00609	0.00476	0.00554	0.00914
44	0.01830	0.02092	0.04575	0.03268	0.04052	0.01961	0.65098	0.02484	0.01830	0.02484	0.01569	0.02092	0.01176	0.00654	0.00915	0.00261	0.01307	0.00915	0.00392	0.01046
45	0.01128	0.00752	0.00846	0.00846	0.00846	0.00752	0.00470	0.01128	0.01128	0.01503	0.02443	0.05074	0.02819	0.72751	0.03946	0.00752	0.00752	0.01128	0.00470	0.00470
46	0.02947	0.02172	0.02327	0.01784	0.02404	0.02404	0.01474	0.65329	0.03646	0.04887	0.01862	0.01862	0.01319	0.00931	0.00776	0.00233	0.00853	0.00698	0.00776	0.01319
47	0.16524	0.01411	0.01721	0.01345	0.01925	0.01334	0.01111	0.07874	0.02163	0.52578	0.02628	0.02343	0.01688	0.00916	0.00727	0.00239	0.00663	0.00711	0.00863	0.01235
48	0.01071	0.00792	0.01000	0.00948	0.01142	0.00720	0.00711	0.01412	0.02132	0.02961	0.58788	0.06036	0.16126	0.01640	0.00915	0.00246	0.00370	0.01436	0.00834	0.00720
49	0.01852	0.01370	0.01633	0.01179	0.01856	0.01047	0.00948	0.02190	0.01687	0.11117	0.01597	0.01742	0.01249	0.00624	0.00601	0.00131	0.00585	0.00501	0.00525	0.67565
50	0.00945	0.00675	0.00900	0.01080	0.01125	0.00630	0.00720	0.01080	0.01484	0.01979	0.04274	0.72245	0.05128	0.02429	0.00990	0.00315	0.00450	0.02204	0.00720	0.00630
51	0.02896	0.03695	0.02197	0.01998	0.02397	0.69638	0.01498	0.03096	0.02197	0.01898	0.01199	0.01398	0.00999	0.00799	0.00699	0.00200	0.01398	0.00499	0.00400	0.00899
52	0.00945	0.00675	0.00900	0.01080	0.01125	0.00630	0.00720	0.01080	0.01484	0.01979	0.04274	0.72245	0.05128	0.02429	0.00990	0.00315	0.00450	0.02204	0.00720	0.00630
53	0.00936	0.00792	0.00812	0.00822	0.01079	0.00668	0.00627	0.01141	0.01768	0.02108	0.07639	0.07536	0.63964	0.01974	0.00925	0.00267	0.00411	0.05152	0.00720	0.00658
54	0.78228	0.01499	0.01140	0.01020	0.01499	0.01739	0.00840	0.02279	0.01320	0.03479	0.01080	0.01260	0.00840	0.00720	0.00480	0.00240	0.00600	0.00420	0.00480	0.00840
55	0.00944	0.00679	0.00895	0.01068	0.01121	0.00631	0.00714	0.01081	0.01496	0.01984	0.04418	0.69632	0.07647	0.02410	0.00987	0.00313	0.00448	0.02181	0.00720	0.00631
56	0.01915	0.01853	0.03207	0.04697	0.65232	0.01847	0.05014	0.02384	0.01768	0.02531	0.01463	0.01926	0.01226	0.00689	0.00774	0.00232	0.00937	0.00700	0.00384	0.01221
57	0.10602	0.03354	0.49652	0.02454	0.11929	0.01805	0.04746	0.02426	0.01624	0.02587	0.01370	0.01647	0.01006	0.00726	0.00717	0.00243	0.01057	0.00583	0.00355	0.01118
58	0.05493	0.64481	0.09048	0.01383	0.02076	0.02907	0.01426	0.02330	0.01569	0.01949	0.01103	0.01276	0.00987	0.00672	0.00516	0.00176	0.00844	0.00427	0.00338	0.01000
59	0.01567	0.01519	0.02320	0.58935	0.09231	0.05599	0.02085	0.02053	0.01614	0.02031	0.01511	0.02355	0.01217	0.00840	0.00785	0.00258	0.01031	0.03800	0.00369	0.00881
60	0.01446	0.00747	0.00783	0.03363	0.01070	0.00760	0.00603	0.01813	0.01623	0.02856	0.02486	0.02860	0.01951	0.00899	0.00551	0.00184	0.00387	0.00721	0.74168	0.00728
61	0.03479	0.01320	0.01799	0.01380	0.01979	0.01140	0.01140	0.03779	0.02219	0.68451	0.03059	0.02639	0.01919	0.00960	0.00780	0.00240	0.00660	0.00780	0.00960	0.01320
62	0.02073	0.73217	0.04063	0.01327	0.01990	0.03068	0.01327	0.02322	0.01575	0.01824	0.01078	0.01244	0.00995	0.00663	0.00498	0.00166	0.00829	0.00415	0.00332	0.00995
63	0.01108	0.00831	0.01246	0.01246	0.01385	0.00969	0.00969	0.01385	0.01246	0.01800	0.02077	0.03046	0.01938	0.05815	0.69678	0.01246	0.02077	0.00831	0.00415	0.00692
64	0.00971	0.00726	0.00889	0.00975	0.01096	0.00659	0.00675	0.01152	0.01654	0.02166	0.15233	0.41488	0.21547	0.05666	0.01105	0.00311	0.00437	0.01875	0.00729	0.00645
65	0.01097	0.00793	0.01036	0.00975	0.01158	0.00732	0.00732	0.01463	0.02195	0.03109	0.67505	0.05792	0.07316	0.01585	0.00914	0.00244	0.00366	0.01402	0.00854	0.00732
66	0.01929	0.01666	0.01753	0.01578	0.02016	0.01929	0.01227	0.04120	0.66513	0.03243	0.03156	0.02893	0.02367	0.01052	0.00789	0.00263	0.00614	0.00877	0.00789	0.01227
67	0.78228	0.01499	0.01140	0.01020	0.01499	0.01739	0.00840	0.02279	0.01320	0.03479	0.01080	0.01260	0.00840	0.00720	0.00480	0.00240	0.00600	0.00420	0.00480	0.00840
68	0.02135	0.01684	0.01807	0.01581	0.02047	0.01910	0.01242	0.09433	0.56166	0.08320	0.03036	0.02784	0.02242	0.01034	0.00787	0.00259	0.00638	0.00854	0.00801	0.01242
69	0.01347	0.00673	0.01010	0.01010	0.01010	0.00673	0.00673	0.01010	0.01010	0.01347	0.01347	0.02357	0.01347	0.02694	0.03030	0.77441	0.00673	0.00673	0.00337	0.00337
70	0.02947	0.02172	0.02327	0.01784	0.02404	0.02404	0.01474	0.65329	0.03646	0.04887	0.01862	0.01862	0.01319	0.00931	0.00776	0.00233	0.00853	0.00698	0.00776	0.01319
71	0.03291	0.01601	0.05259	0.01490	0.02121	0.01389	0.01284	0.14226	0.02434	0.54271	0.02770	0.02456	0.01770	0.00944	0.00777	0.00239	0.00717	0.00755	0.00896	0.01311
72	0.01940	0.01898	0.03075	0.07392	0.62675	0.04571	0.02335	0.02392	0.01774	0.02485	0.01445	0.01904	0.01211	0.00699	0.00765	0.00230	0.00945	0.00683	0.00383	0.01200
73	0.03479	0.01320	0.01799	0.01380	0.01979	0.01140	0.01140	0.03779	0.02219	0.68451	0.03059	0.02639	0.01919	0.00960	0.00780	0.00240	0.00660	0.00780	0.00960	0.01320
74	0.03479	0.01320	0.01799	0.01380	0.01979	0.01140	0.01140	0.03779	0.02219	0.68451	0.03059	0.02639	0.01919	0.00960	0.00780	0.00240	0.00660	0.00780	0.00960	0.01320
75	0.01919	0.01842	0.03147	0.04759	0.67914	0.01842	0.02380	0.02380	0.01765	0.02533	0.01458	0.01919	0.01228	0.00691	0.00768	0.00230	0.00921	0.00691	0.00384	0.01228
76	0.01555	0.04011	0.68733	0.02210	0.03356	0.01801	0.02865	0.02455	0.01637	0.02455	0.01391	0.01637	0.00982	0.00737	0.00737	0.00246	0.01146	0.00573	0.00327	0.01146
77	0.03479	0.01320	0.01799	0.01380	0.01979	0.01140	0.01140	0.03779	0.02219	0.68451	0.03059	0.02639	0.01919	0.00960	0.00780	0.00240	0.00660	0.00780	0.00960	0.01320
78	0.01555	0.04011	0.68733	0.02210	0.03356	0.01801	0.02865	0.02455	0.01637	0.02455	0.01391	0.01637	0.00982	0.00737	0.00737	0.00246	0.01146	0.00573	0.00327	0.01146
79	0.01919	0.01842	0.03147	0.04759	0.67914	0.01842	0.02380	0.02380	0.01765	0.02533	0.01458	0.01919	0.01228	0.00691	0.00768	0.00230	0.00921	0.00691	0.00384	0.01228
80	0.01108	0.00831	0.01246	0.01246	0.01385	0.00969	0.00969	0.01385	0.01246	0.01800	0.02077	0.03046	0.01938	0.05815	0.69678	0.01246	0.02077	0.00831	0.00415	0.00692
81	0.78228	0.01499	0.01140	0.01020	0.01499	0.01739	0.00840	0.02279	0.01320	0.03479	0.01080	0.01260	0.00840	0.00720	0.00480	0.00240	0.00600	0.00420	0.00480	0.00840
82	0.01890	0.01838	0.03216	0.07928	0.59888	0.01845	0.07199	0.02368	0.01760	0.02502	0.01463	0.01940	0.01215	0.00692	0.00779	0.00234	0.00956	0.00708	0.00382	0.01196
83	0.01060	0.00791	0.00984	0.00936	0.01135	0.00716	0.00702	0.01391	0.02106	0.02899	0.55141	0.06138	0.19811	0.01664	0.00915	0.00248	0.00371	0.01451	0.00826	0.00716
84	0.02849	0.03618	0.02202	0.04284	0.02495	0.67384	0.01520	0.03059	0.02176	0.01900	0.01204	0.01420	0.01000	0.00798	0.00702	0.00202	0.01386	0.00506	0.00398	0.00898
85	0.01017	0.00789	0.00925	0.00891	0.01109	0.00697	0.00668	0.01308	0.02005	0.02660	0.41074	0.06532	0.34027	0.01753	0.00915	0.00252	0.00378	0.01506	0.00794	0.00697
86	0.01070	0.00791	0.00998	0.00947	0.01142	0.00720	0.00710	0.01410	0.02130	0.02956	0.58469	0.06045	0.16448	0.01642	0.00915	0.00247	0.00370	0.01438	0.00833	0.00720
87	0.01696	0.01696	0.02375	0.02036	0.02036	0.02375	0.01696	0.01866	0.01187	0.01866	0.01018	0.01696	0.01018	0.01357	0.02545	0.00339	0.71332	0.00679	0.00339	0.00848
88	0.01684	0.01376	0.01616	0.01158	0.01843	0.01038	0.00928	0.02027	0.01633	0.05206	0.01446	0.01650	0.01180	0.00590	0.00583	0.00120	0.00578	0.00472	0.00480	0.74395
89	0.01919	0.01842	0.03147	0.04759	0.67914	0.01842	0.02380	0.02380	0.01765	0.02533	0.01458	0.01919	0.01228	0.00691	0.00768	0.00230	0.00921	0.00691	0.00384	0.01228
90	0.01009	0.00721	0.00972	0.01142	0.01218	0.00684	0.00821	0.01197	0.01573	0.02093	0.06988	0.57245	0.05096	0.02338	0.01002	0.00320	0.00497	0.13709	0.00724	0.00650
91	0.08672	0.56072	0.11661	0.01432	0.02116	0.02773	0.01485	0.02319	0.01548	0.02048	0.01114	0.01308	0.00981	0.00700	0.00594	0.00188	0.03208	0.00443	0.00344	0.00995
92	0.02654	0.01986	0.02248	0.04924	0.07362	0.02190	0.01494	0.50690	0.05799	0.04370	0.01911	0.01992	0.01391	0.00909	0.00758	0.00231	0.00820	0.00706	0.06320	0.01245
93	0.01108	0.00831	0.01246	0.01246	0.01385	0.00969	0.00969	0.01385	0.01246	0.01800	0.02077	0.03046	0.01938	0.05815	0.69678	0.01246	0.02077	0.00831	0.00415	0.00692
94	0.01900	0.01633	0.01732	0.01572	0.01999	0.01885	0.01228	0.04015	0.63794	0.03205	0.03196	0.03139	0.02455	0.01098	0.00801	0.00267	0.00618	0.03473	0.00786	0.01206
95	0.05295	0.01900	0.02967	0.06433	0.58131	0.04609	0.02238	0.04596	0.01823	0.02614	0.01443	0.01872	0.01199	0.00708	0.00753	0.00230	0.00928	0.00671	0.00401	0.01190
96	0.00941	0.00786	0.00820	0.00811	0.01062	0.00665	0.00609	0.01161	0.01826	0.02233	0.16020	0.07233	0.59348	0.01912	0.00916	0.00259	0.00389	0.01604	0.00738	0.00665
97	0.01608	0.01378	0.01608	0.01148	0.01837	0.01034	0.00919	0.01952	0.01608	0.02527	0.01378	0.01608	0.01148	0.00574	0.00574	0.00115	0.00574	0.00459	0.00459	0.77491

[dist]
# distance from previous block
# <min> <max>
0	2

[block]
# block no. 2 follows, 25 sequences, length 52
# corresponding to MSA columns:
# 184-235
name=unknown_C
#
# <colnr> <probs for GDERKNQSTAVLIFYWHMCP>
#	G	D	E	R	K	N	Q	S	T	A	V	L	I	F	Y	W	H	M	C	P
0	0.15818	0.02057	0.02124	0.01653	0.02250	0.02291	0.01365	0.54549	0.03248	0.04646	0.01728	0.01759	0.01237	0.00895	0.00725	0.00234	0.00810	0.00651	0.00725	0.01237
1	0.11408	0.02028	0.02115	0.01669	0.02249	0.02265	0.01368	0.49969	0.11761	0.04507	0.01945	0.01930	0.01404	0.00923	0.00744	0.00238	0.00792	0.00690	0.00744	0.01252
2	0.01347	0.00673	0.01010	0.01010	0.01010	0.00673	0.00673	0.01010	0.01010	0.01347	0.01347	0.02357	0.01347	0.02694	0.03030	0.77441	0.00673	0.00673	0.00337	0.00337
3	0.02460	0.02041	0.01981	0.01677	0.02176	0.10365	0.01327	0.22104	0.35398	0.08186	0.02524	0.02385	0.01856	0.00978	0.00773	0.00245	0.00785	0.00770	0.00749	0.01220
4	0.00988	0.00718	0.00944	0.01076	0.01162	0.00657	0.00730	0.01150	0.01541	0.02086	0.08612	0.64051	0.05087	0.02278	0.00964	0.00300	0.00450	0.02061	0.00716	0.04428
5	0.02708	0.08349	0.02270	0.01893	0.02317	0.55796	0.01449	0.03179	0.10820	0.02074	0.01454	0.01589	0.01183	0.00823	0.00697	0.00206	0.01252	0.00544	0.00447	0.00950
6	0.01837	0.01460	0.01693	0.01227	0.01904	0.01184	0.00988	0.08755	0.01852	0.05859	0.01508	0.01683	0.01203	0.00630	0.00605	0.00133	0.00608	0.00500	0.00516	0.65855
7	0.10048	0.02020	0.02161	0.01670	0.02276	0.02210	0.01380	0.53016	0.03279	0.11377	0.01913	0.01886	0.01336	0.00914	0.00748	0.00234	0.00809	0.00681	0.00767	0.01274
8	0.03454	0.01359	0.01824	0.01398	0.01999	0.01199	0.01155	0.06661	0.02286	0.65475	0.03003	0.02603	0.01891	0.00958	0.00780	0.00240	0.00669	0.00776	0.00951	0.01319
9	0.02947	0.02172	0.02327	0.01784	0.02404	0.02404	0.01474	0.65329	0.03646	0.04887	0.01862	0.01862	0.01319	0.00931	0.00776	0.00233	0.00853	0.00698	0.00776	0.01319
10	0.01108	0.00831	0.01246	0.01246	0.01385	0.00969	0.00969	0.01385	0.01246	0.01800	0.02077	0.03046	0.01938	0.05815	0.69678	0.01246	0.02077	0.00831	0.00415	0.00692
11	0.01087	0.00784	0.01027	0.00983	0.01156	0.00724	0.00731	0.01436	0.02144	0.03029	0.63023	0.10502	0.07161	0.01645	0.00920	0.00249	0.00372	0.01459	0.00844	0.00724
12	0.01108	0.00831	0.01246	0.01246	0.01385	0.00969	0.00969	0.01385	0.01246	0.01800	0.02077	0.03046	0.01938	0.05815	0.69678	0.01246	0.02077	0.00831	0.00415	0.00692
13	0.01108	0.00831	0.01246	0.01246	0.01385	0.00969	0.00969	0.01385	0.01246	0.01800	0.02077	0.03046	0.01938	0.05815	0.69678	0.01246	0.02077	0.00831	0.00415	0.00692
14	0.01445	0.00723	0.00723	0.00723	0.00903	0.00723	0.00542	0.01807	0.01626	0.02891	0.02529	0.02891	0.01987	0.00903	0.00542	0.00181	0.00361	0.00723	0.77055	0.00723
15	0.01648	0.01017	0.00934	0.00881	0.01108	0.05200	0.00671	0.06561	0.01811	0.02975	0.02396	0.02721	0.01876	0.00899	0.00569	0.00186	0.00463	0.00707	0.66602	0.00778
16	0.02896	0.03695	0.02197	0.01998	0.02397	0.69638	0.01498	0.03096	0.02197	0.01898	0.01199	0.01398	0.00999	0.00799	0.00699	0.00200	0.01398	0.00499	0.00400	0.00899
17	0.01555	0.04011	0.68733	0.02210	0.03356	0.01801	0.02865	0.02455	0.01637	0.02455	0.01391	0.01637	0.00982	0.00737	0.00737	0.00246	0.01146	0.00573	0.00327	0.01146
18	0.01929	0.01666	0.01753	0.01578	0.02016	0.01929	0.01227	0.04120	0.66513	0.03243	0.03156	0.02893	0.02367	0.01052	0.00789	0.00263	0.00614	0.00877	0.00789	0.01227
19	0.01086	0.00792	0.01021	0.00963	0.01151	0.00727	0.00723	0.01441	0.02168	0.03045	0.63737	0.05897	0.11124	0.01609	0.00915	0.00245	0.00367	0.01417	0.00845	0.00727
20	0.01696	0.01696	0.02375	0.02036	0.02036	0.02375	0.01696	0.01866	0.01187	0.01866	0.01018	0.01696	0.01018	0.01357	0.02545	0.00339	0.71332	0.00679	0.00339	0.00848
21	0.78228	0.01499	0.01140	0.01020	0.01499	0.01739	0.00840	0.02279	0.01320	0.03479	0.01080	0.01260	0.00840	0.00720	0.00480	0.00240	0.00600	0.00420	0.00480	0.00840
22	0.01087	0.00792	0.01022	0.00965	0.01152	0.00727	0.00724	0.01444	0.02171	0.03053	0.64192	0.05885	0.10664	0.01606	0.00915	0.00245	0.00367	0.01415	0.00846	0.00727
23	0.01555	0.04011	0.68733	0.02210	0.03356	0.01801	0.02865	0.02455	0.01637	0.02455	0.01391	0.01637	0.00982	0.00737	0.00737	0.00246	0.01146	0.00573	0.00327	0.01146
24	0.01118	0.00788	0.01028	0.01028	0.01091	0.00851	0.00697	0.01245	0.01182	0.01638	0.02276	0.04151	0.02418	0.42272	0.33877	0.00977	0.01355	0.00992	0.00445	0.00571
25	0.02705	0.06800	0.02346	0.05568	0.05215	0.55089	0.01565	0.05493	0.02142	0.02046	0.01234	0.01475	0.01024	0.00811	0.00761	0.00208	0.03655	0.00527	0.00406	0.00931
26	0.01295	0.00882	0.00982	0.00932	0.00989	0.00904	0.00562	0.07033	0.01359	0.01815	0.02390	0.04779	0.02681	0.66145	0.03655	0.00704	0.00761	0.01088	0.00498	0.00548
27	0.01426	0.01195	0.01292	0.01208	0.01534	0.01262	0.00934	0.02573	0.31540	0.02806	0.15856	0.05130	0.24668	0.01487	0.00864	0.00263	0.00503	0.03752	0.00774	0.00933
28	0.01608	0.01378	0.01608	0.01148	0.01837	0.01034	0.00919	0.01952	0.01608	0.02527	0.01378	0.01608	0.01148	0.00574	0.00574	0.00115	0.00574	0.00459	0.00459	0.77491
29	0.01768	0.32444	0.42163	0.01847	0.02795	0.02321	0.02233	0.02401	0.01612	0.02196	0.01263	0.01475	0.00987	0.00707	0.00638	0.00213	0.01016	0.00508	0.00329	0.01084
30	0.02090	0.01636	0.01772	0.01538	0.02017	0.01814	0.01208	0.06587	0.53372	0.09164	0.02965	0.02734	0.02195	0.01004	0.00772	0.00249	0.00625	0.00831	0.00780	0.06645
31	0.06102	0.02646	0.02548	0.03076	0.28965	0.32421	0.01843	0.02649	0.01884	0.02231	0.01281	0.01631	0.01086	0.00803	0.00889	0.00227	0.07709	0.00590	0.00391	0.01025
32	0.67388	0.04740	0.03797	0.01124	0.01645	0.01841	0.00974	0.06270	0.01489	0.03459	0.01140	0.01311	0.00882	0.00731	0.00509	0.00236	0.00646	0.00443	0.00487	0.00888
33	0.01509	0.00975	0.01240	0.01082	0.01381	0.00885	0.00833	0.04757	0.02182	0.10720	0.48065	0.07010	0.05703	0.01406	0.00860	0.00232	0.00447	0.01227	0.00818	0.08671
34	0.01142	0.00985	0.03836	0.01033	0.01299	0.00824	0.00826	0.01568	0.04686	0.02855	0.46934	0.07882	0.16208	0.01568	0.00888	0.00244	0.00426	0.01365	0.00783	0.04650
35	0.00945	0.00675	0.00900	0.01080	0.01125	0.00630	0.00720	0.01080	0.01484	0.01979	0.04274	0.72245	0.05128	0.02429	0.00990	0.00315	0.00450	0.02204	0.00720	0.00630
36	0.01230	0.00822	0.01079	0.00998	0.01204	0.00754	0.00754	0.01592	0.02196	0.06739	0.63925	0.05617	0.07016	0.01550	0.00907	0.00244	0.00382	0.01368	0.00859	0.00764
37	0.02578	0.01816	0.01933	0.01523	0.02036	0.01991	0.01245	0.49717	0.03149	0.04396	0.02026	0.02114	0.01483	0.00924	0.00718	0.00220	0.00732	0.00704	0.19523	0.01172
38	0.02073	0.73217	0.04063	0.01327	0.01990	0.03068	0.01327	0.02322	0.01575	0.01824	0.01078	0.01244	0.00995	0.00663	0.00498	0.00166	0.00829	0.00415	0.00332	0.00995
39	0.01249	0.00892	0.01249	0.01428	0.01606	0.00892	0.01249	0.01606	0.01785	0.02320	0.04105	0.08746	0.04462	0.02142	0.01071	0.00357	0.00714	0.62695	0.00714	0.00714
40	0.02947	0.02172	0.02327	0.01784	0.02404	0.02404	0.01474	0.65329	0.03646	0.04887	0.01862	0.01862	0.01319	0.00931	0.00776	0.00233	0.00853	0.00698	0.00776	0.01319
41	0.02947	0.02172	0.02327	0.01784	0.02404	0.02404	0.01474	0.65329	0.03646	0.04887	0.01862	0.01862	0.01319	0.00931	0.00776	0.00233	0.00853	0.00698	0.00776	0.01319
42	0.02896	0.03695	0.02197	0.01998	0.02397	0.69638	0.01498	0.03096	0.02197	0.01898	0.01199	0.01398	0.00999	0.00799	0.00699	0.00200	0.01398	0.00499	0.00400	0.00899
43	0.01128	0.00752	0.00846	0.00846	0.00846	0.00752	0.00470	0.01128	0.01128	0.01503	0.02443	0.05074	0.02819	0.72751	0.03946	0.00752	0.00752	0.01128	0.00470	0.00470
44	0.00945	0.00675	0.00900	0.01080	0.01125	0.00630	0.00720	0.01080	0.01484	0.01979	0.04274	0.72245	0.05128	0.02429	0.00990	0.00315	0.00450	0.02204	0.00720	0.00630
45	0.02947	0.02172	0.02327	0.01784	0.02404	0.02404	0.01474	0.65329	0.03646	0.04887	0.01862	0.01862	0.01319	0.00931	0.00776	0.00233	0.00853	0.00698	0.00776	0.01319
46	0.01503	0.01454	0.02565	0.63698	0.05203	0.01748	0.08845	0.02034	0.01580	0.02034	0.01398	0.02070	0.01049	0.00762	0.00790	0.00259	0.01063	0.00713	0.00350	0.00881
47	0.01608	0.01378	0.01608	0.01148	0.01837	0.01034	0.00919	0.01952	0.01608	0.02527	0.01378	0.01608	0.01148	0.00574	0.00574	0.00115	0.00574	0.00459	0.00459	0.77491
48	0.01086	0.00792	0.01021	0.00963	0.01151	0.00727	0.00723	0.01441	0.02168	0.03045	0.63737	0.05897	0.11124	0.01609	0.00915	0.00245	0.00367	0.01417	0.00845	0.00727
49	0.02073	0.73217	0.04063	0.01327	0.01990	0.03068	0.01327	0.02322	0.01575	0.01824	0.01078	0.01244	0.00995	0.00663	0.00498	0.00166	0.00829	0.00415	0.00332	0.00995
50	0.01097	0.00793	0.01036	0.00975	0.01158	0.00732	0.00732	0.01463	0.02195	0.03109	0.67505	0.05792	0.07316	0.01585	0.00914	0.00244	0.00366	0.01402	0.00854	0.00732
51	0.02947	0.02172	0.02327	0.01784	0.02404	0.02404	0.01474	0.65329	0.03646	0.04887	0.01862	0.01862	0.01319	0.00931	0.00776	0.00233	0.00853	0.00698	0.00776	0.01319

[dist]
# distance from previous block
# <min> <max>
0	6

[block]
# block no. 3 follows, 25 sequences, length 180
# corresponding to MSA columns:
# 242-421
name=unknown_D
#
# <colnr> <probs for GDERKNQSTAVLIFYWHMCP>
#	G	D	E	R	K	N	Q	S	T	A	V	L	I	F	Y	W	H	M	C	P
0	0.01915	0.01854	0.03214	0.04689	0.64907	0.01848	0.05333	0.02384	0.01769	0.02531	0.01464	0.01927	0.01226	0.00689	0.00775	0.00232	0.00939	0.00701	0.00384	0.01220
1	0.01128	0.00752	0.00846	0.00846	0.00846	0.00752	0.00470	0.01128	0.01128	0.01503	0.02443	0.05074	0.02819	0.72751	0.03946	0.00752	0.00752	0.01128	0.00470	0.00470
2	0.78228	0.01499	0.01140	0.01020	0.01499	0.01739	0.00840	0.02279	0.01320	0.03479	0.01080	0.01260	0.00840	0.00720	0.00480	0.00240	0.00600	0.00420	0.00480	0.00840
3	0.00945	0.00675	0.00900	0.01080	0.01125	0.00630	0.00720	0.01080	0.01484	0.01979	0.04274	0.72245	0.05128	0.02429	0.00990	0.00315	0.00450	0.02204	0.00720	0.00630
4	0.00916	0.00785	0.00785	0.00785	0.01047	0.00655	0.00589	0.01113	0.01767	0.02095	0.07855	0.07462	0.67599	0.01964	0.00916	0.00262	0.00393	0.01636	0.00720	0.00655
5	0.01125	0.00762	0.00900	0.00900	0.00919	0.00781	0.00538	0.01163	0.01144	0.01544	0.02393	0.04798	0.02699	0.63638	0.12895	0.00819	0.00932	0.01087	0.00462	0.00500
6	0.03479	0.01320	0.01799	0.01380	0.01979	0.01140	0.01140	0.03779	0.02219	0.68451	0.03059	0.02639	0.01919	0.00960	0.00780	0.00240	0.00660	0.00780	0.00960	0.01320
7	0.78228	0.01499	0.01140	0.01020	0.01499	0.01739	0.00840	0.02279	0.01320	0.03479	0.01080	0.01260	0.00840	0.00720	0.00480	0.00240	0.00600	0.00420	0.00480	0.00840
8	0.03479	0.01320	0.01799	0.01380	0.01979	0.01140	0.01140	0.03779	0.02219	0.68451	0.03059	0.02639	0.01919	0.00960	0.00780	0.00240	0.00660	0.00780	0.00960	0.01320
9	0.01830	0.02092	0.04575	0.03268	0.04052	0.01961	0.65098	0.02484	0.01830	0.02484	0.01569	0.02092	0.01176	0.00654	0.00915	0.00261	0.01307	0.00915	0.00392	0.01046
10	0.01919	0.01842	0.03147	0.04759	0.67914	0.01842	0.02380	0.02380	0.01765	0.02533	0.01458	0.01919	0.01228	0.00691	0.00768	0.00230	0.00921	0.00691	0.00384	0.01228
11	0.02896	0.03695	0.02197	0.01998	0.02397	0.69638	0.01498	0.03096	0.02197	0.01898	0.01199	0.01398	0.00999	0.00799	0.00699	0.00200	0.01398	0.00499	0.00400	0.00899
12	0.01083	0.00792	0.01017	0.00961	0.01150	0.00726	0.00720	0.01436	0.02161	0.03030	0.62848	0.05922	0.12022	0.01615	0.00915	0.00245	0.00368	0.01421	0.00843	0.00726
13	0.78228	0.01499	0.01140	0.01020	0.01499	0.01739	0.00840	0.02279	0.01320	0.03479	0.01080	0.01260	0.00840	0.00720	0.00480	0.00240	0.00600	0.00420	0.00480	0.00840
14	0.01445	0.00723	0.00723	0.00723	0.00903	0.00723	0.00542	0.01807	0.01626	0.02891	0.02529	0.02891	0.01987	0.00903	0.00542	0.00181	0.00361	0.00723	0.77055	0.00723
15	0.03479	0.01320	0.01799	0.01380	0.01979	0.01140	0.01140	0.03779	0.02219	0.68451	0.03059	0.02639	0.01919	0.00960	0.00780	0.00240	0.00660	0.00780	0.00960	0.01320
16	0.78228	0.01499	0.01140	0.01020	0.01499	0.01739	0.00840	0.02279	0.01320	0.03479	0.01080	0.01260	0.00840	0.00720	0.00480	0.00240	0.00600	0.00420	0.00480	0.00840
17	0.01097	0.00793	0.01036	0.00975	0.01158	0.00732	0.00732	0.01463	0.02195	0.03109	0.67505	0.05792	0.07316	0.01585	0.00914	0.00244	0.00366	0.01402	0.00854	0.00732
18	0.02005	0.01648	0.01756	0.01568	0.02014	0.01890	0.01223	0.04103	0.63336	0.06466	0.03151	0.02880	0.02345	0.01047	0.00788	0.00262	0.00616	0.00872	0.00797	0.01232
19	0.01086	0.00792	0.01021	0.00964	0.01152	0.00727	0.00723	0.01442	0.02169	0.03048	0.63891	0.05893	0.10968	0.01608	0.00915	0.00245	0.00367	0.01416	0.00845	0.00727
20	0.01097	0.00793	0.01036	0.00975	0.01158	0.00732	0.00732	0.01463	0.02195	0.03109	0.67505	0.05792	0.07316	0.01585	0.00914	0.00244	0.00366	0.01402	0.00854	0.00732
21	0.00925	0.00786	0.00797	0.00794	0.01053	0.00658	0.00596	0.01129	0.01787	0.02142	0.10663	0.07383	0.64761	0.01946	0.00916	0.00261	0.00391	0.01625	0.00726	0.00658
22	0.01086	0.00792	0.01021	0.00964	0.01152	0.00727	0.00723	0.01442	0.02169	0.03048	0.63891	0.05893	0.10968	0.01608	0.00915	0.00245	0.00367	0.01416	0.00845	0.00727
23	0.01464	0.01378	0.02326	0.70887	0.05340	0.01723	0.02153	0.01981	0.01550	0.01981	0.01378	0.02067	0.01034	0.00775	0.00775	0.00258	0.01034	0.00689	0.00345	0.00861
24	0.01609	0.11247	0.61971	0.02118	0.03213	0.01933	0.02704	0.02442	0.01631	0.02389	0.01359	0.01596	0.00984	0.00729	0.00712	0.00237	0.01113	0.00556	0.00328	0.01130
25	0.02073	0.73217	0.04063	0.01327	0.01990	0.03068	0.01327	0.02322	0.01575	0.01824	0.01078	0.01244	0.00995	0.00663	0.00498	0.00166	0.00829	0.00415	0.00332	0.00995
26	0.00945	0.00675	0.00900	0.01080	0.01125	0.00630	0.00720	0.01080	0.01484	0.01979	0.04274	0.72245	0.05128	0.02429	0.00990	0.00315	0.00450	0.02204	0.00720	0.00630
27	0.00948	0.00714	0.00881	0.01011	0.01122	0.00647	0.00704	0.01109	0.01575	0.02024	0.05262	0.51804	0.22465	0.02289	0.00972	0.00302	0.00444	0.04367	0.00720	0.00640
28	0.78228	0.01499	0.01140	0.01020	0.01499	0.01739	0.00840	0.02279	0.01320	0.03479	0.01080	0.01260	0.00840	0.00720	0.00480	0.00240	0.00600	0.00420	0.00480	0.00840
29	0.01824	0.01700	0.02588	0.02970	0.25979	0.02077	0.01894	0.02109	0.01441	0.04726	0.01300	0.01868	0.01166	0.01276	0.04492	0.00332	0.40183	0.00693	0.00383	0.00999
30	0.03350	0.01348	0.01796	0.01396	0.01982	0.01205	0.01147	0.03807	0.07567	0.63027	0.03067	0.02660	0.01957	0.00967	0.00780	0.00242	0.00656	0.00788	0.00945	0.01312
31	0.01057	0.00817	0.01237	0.04517	0.01535	0.00786	0.05646	0.01259	0.01520	0.02056	0.03859	0.60712	0.04504	0.02153	0.00955	0.00303	0.00538	0.01973	0.03897	0.00676
32	0.01919	0.01834	0.03078	0.04602	0.64657	0.01847	0.02323	0.02466	0.04966	0.02568	0.01542	0.01967	0.01284	0.00709	0.00769	0.00232	0.00906	0.00700	0.00404	0.01228
33	0.01576	0.06756	0.66168	0.02175	0.03302	0.01851	0.02804	0.02450	0.01635	0.02430	0.01379	0.01621	0.00983	0.00734	0.00727	0.00242	0.01133	0.00567	0.00328	0.01140
34	0.01445	0.00723	0.00723	0.00723	0.00903	0.00723	0.00542	0.01807	0.01626	0.02891	0.02529	0.02891	0.01987	0.00903	0.00542	0.00181	0.00361	0.00723	0.77055	0.00723
35	0.01608	0.01378	0.01608	0.01148	0.01837	0.01034	0.00919	0.01952	0.01608	0.02527	0.01378	0.01608	0.01148	0.00574	0.00574	0.00115	0.00574	0.00459	0.00459	0.77491
36	0.01044	0.00801	0.00868	0.00854	0.01104	0.00683	0.00639	0.01265	0.01829	0.04822	0.16047	0.10958	0.52566	0.01898	0.00915	0.00262	0.00403	0.01604	0.00749	0.00690
37	0.01055	0.00791	0.00978	0.00931	0.01133	0.00714	0.00699	0.01382	0.02096	0.02874	0.53678	0.06179	0.21289	0.01673	0.00915	0.00248	0.00372	0.01457	0.00823	0.00714
38	0.00956	0.00679	0.00896	0.01065	0.01108	0.00637	0.00705	0.01083	0.01463	0.01950	0.04163	0.68176	0.04988	0.06689	0.01169	0.00341	0.00468	0.02139	0.00705	0.00620
39	0.02114	0.69781	0.03971	0.01360	0.02010	0.06358	0.01335	0.02360	0.01606	0.01828	0.01084	0.01251	0.00995	0.00670	0.00507	0.00168	0.00857	0.00419	0.00335	0.00990
40	0.01109	0.00826	0.01222	0.01222	0.01352	0.00956	0.00939	0.01369	0.01239	0.01782	0.02099	0.03169	0.01992	0.09870	0.65696	0.01216	0.01997	0.00849	0.00419	0.00679
41	0.04851	0.02007	0.06594	0.04037	0.42744	0.01873	0.21532	0.02411	0.01762	0.02551	0.01474	0.01933	0.01186	0.00683	0.00800	0.00241	0.01037	0.00743	0.00387	0.01153
42	0.01139	0.00836	0.01072	0.01006	0.01201	0.00792	0.00756	0.01596	0.05419	0.03116	0.64279	0.05646	0.07068	0.01558	0.00908	0.00245	0.00378	0.01376	0.00850	0.00756
43	0.01830	0.02092	0.04575	0.03268	0.04052	0.01961	0.65098	0.02484	0.01830	0.02484	0.01569	0.02092	0.01176	0.00654	0.00915	0.00261	0.01307	0.00915	0.00392	0.01046
44	0.03302	0.01280	0.01743	0.01349	0.01918	0.01109	0.01109	0.03606	0.02217	0.63589	0.07854	0.02874	0.02321	0.01006	0.00790	0.00240	0.00638	0.00826	0.00952	0.01276
45	0.24961	0.07986	0.37815	0.01805	0.02675	0.01855	0.05149	0.02445	0.01568	0.05297	0.01348	0.01556	0.00986	0.00731	0.00652	0.00239	0.00946	0.00540	0.00402	0.01044
46	0.02291	0.02680	0.01840	0.01776	0.02090	0.44994	0.01382	0.02536	0.02034	0.02032	0.02248	0.07214	0.02273	0.01295	0.00828	0.00254	0.01140	0.19751	0.00512	0.00828
47	0.06470	0.03379	0.02142	0.01910	0.02339	0.58442	0.01451	0.08015	0.02272	0.04805	0.01318	0.01477	0.01053	0.00812	0.00698	0.00206	0.01289	0.00522	0.00455	0.00946
48	0.02947	0.02172	0.02327	0.01784	0.02404	0.02404	0.01474	0.65329	0.03646	0.04887	0.01862	0.01862	0.01319	0.00931	0.00776	0.00233	0.00853	0.00698	0.00776	0.01319
49	0.00983	0.00702	0.00941	0.01106	0.01172	0.00661	0.00770	0.01153	0.01557	0.02081	0.08180	0.62178	0.05202	0.02350	0.00993	0.00314	0.00469	0.07817	0.00728	0.00644
50	0.01143	0.00883	0.01314	0.01294	0.01424	0.01054	0.01013	0.01414	0.01243	0.01804	0.02013	0.02964	0.01883	0.05545	0.65611	0.01191	0.06272	0.00822	0.00411	0.00702
51	0.02854	0.03625	0.02204	0.01999	0.02384	0.67253	0.01505	0.03053	0.02161	0.01897	0.01192	0.01409	0.00999	0.00819	0.00765	0.00205	0.03878	0.00506	0.00397	0.00897
52	0.01929	0.01666	0.01753	0.01578	0.02016	0.01929	0.01227	0.04120	0.66513	0.03243	0.03156	0.02893	0.02367	0.01052	0.00789	0.00263	0.00614	0.00877	0.00789	0.01227
53	0.01608	0.01378	0.01608	0.01148	0.01837	0.01034	0.00919	0.01952	0.01608	0.02527	0.01378	0.01608	0.01148	0.00574	0.00574	0.00115	0.00574	0.00459	0.00459	0.77491
54	0.01700	0.01375	0.01617	0.01160	0.01845	0.01039	0.00930	0.02043	0.01638	0.05785	0.01461	0.01659	0.01187	0.00593	0.00584	0.00121	0.00578	0.00475	0.00484	0.73726
55	0.01445	0.00723	0.00723	0.00723	0.00903	0.00723	0.00542	0.01807	0.01626	0.02891	0.02529	0.02891	0.01987	0.00903	0.00542	0.00181	0.00361	0.00723	0.77055	0.00723
56	0.01125	0.00760	0.00890	0.00890	0.00905	0.00776	0.00525	0.01156	0.01141	0.01536	0.02402	0.04849	0.02721	0.65341	0.11223	0.00806	0.00898	0.01095	0.00464	0.00494
57	0.02947	0.02172	0.02327	0.01784	0.02404	0.02404	0.01474	0.65329	0.03646	0.04887	0.01862	0.01862	0.01319	0.00931	0.00776	0.00233	0.00853	0.00698	0.00776	0.01319
58	0.00916	0.00785	0.00785	0.00785	0.01047	0.00655	0.00589	0.01113	0.01767	0.02095	0.07855	0.07462	0.67599	0.01964	0.00916	0.00262	0.00393	0.01636	0.00720	0.00655
59	0.01108	0.00831	0.01246	0.01246	0.01385	0.00969	0.00969	0.01385	0.01246	0.01800	0.02077	0.03046	0.01938	0.05815	0.69678	0.01246	0.02077	0.00831	0.00415	0.00692
60	0.00924	0.00786	0.00796	0.00793	0.01052	0.00658	0.00595	0.01128	0.01785	0.02137	0.10371	0.07392	0.65056	0.01948	0.00916	0.00261	0.00392	0.01627	0.00726	0.00658
