[name]
unknown

[dist]
# distance from previous block
# <min> <max>
0	38

[block]
# block no. 0 follows, 26 sequences, length 25
# corresponding to MSA columns:
# 43-67
name=unknown_A
#
# <colnr> <probs for GDERKNQSTAVLIFYWHMCP>
#	G	D	E	R	K	N	Q	S	T	A	V	L	I	F	Y	W	H	M	C	P
0	0.01222	0.00873	0.01222	0.01397	0.01572	0.00873	0.01222	0.01572	0.01746	0.02270	0.04016	0.08556	0.04365	0.02095	0.01048	0.00349	0.00698	0.63506	0.00698	0.00698
1	0.03135	0.01308	0.01729	0.01343	0.01892	0.01175	0.01102	0.08477	0.02281	0.57558	0.09234	0.02820	0.02343	0.00996	0.00775	0.00235	0.00633	0.00816	0.00914	0.01235
2	0.02741	0.02054	0.02196	0.01716	0.02298	0.02286	0.01407	0.57234	0.12646	0.04551	0.02002	0.01965	0.01436	0.00927	0.00761	0.00232	0.00801	0.00708	0.00761	0.01277
3	0.01432	0.01348	0.02275	0.71520	0.05224	0.01685	0.02107	0.01938	0.01517	0.01938	0.01348	0.02022	0.01011	0.00758	0.00758	0.00253	0.01011	0.00674	0.00337	0.00843
4	0.00920	0.00769	0.00801	0.00793	0.01039	0.00650	0.00595	0.01135	0.01785	0.02182	0.15817	0.07080	0.60088	0.01871	0.00896	0.00254	0.00381	0.01570	0.00722	0.00650
5	0.74402	0.01504	0.01181	0.01040	0.01517	0.01738	0.00857	0.05850	0.01420	0.03481	0.01100	0.01266	0.00848	0.00716	0.00486	0.00234	0.00601	0.00426	0.00486	0.00848
6	0.00999	0.00714	0.00966	0.01142	0.01219	0.00681	0.00835	0.01186	0.01526	0.02020	0.04139	0.56653	0.04853	0.02306	0.00988	0.00318	0.00505	0.17610	0.00703	0.00637
7	0.01432	0.01348	0.02275	0.71520	0.05224	0.01685	0.02107	0.01938	0.01517	0.01938	0.01348	0.02022	0.01011	0.00758	0.00758	0.00253	0.01011	0.00674	0.00337	0.00843
8	0.01157	0.00901	0.01400	0.01434	0.01614	0.00871	0.07291	0.01447	0.01632	0.02151	0.03841	0.33893	0.04316	0.02067	0.01001	0.00324	0.00650	0.32643	0.00670	0.00697
9	0.01706	0.01911	0.04126	0.02989	0.03686	0.01792	0.59528	0.02296	0.01757	0.02382	0.01792	0.08924	0.01526	0.00808	0.00902	0.00261	0.01197	0.01018	0.00415	0.00983
10	0.00924	0.00660	0.00880	0.01056	0.01100	0.00616	0.00704	0.01056	0.01452	0.01936	0.04181	0.72848	0.05017	0.02376	0.00968	0.00308	0.00440	0.02156	0.00704	0.00616
11	0.01222	0.00873	0.01222	0.01397	0.01572	0.00873	0.01222	0.01572	0.01746	0.02270	0.04016	0.08556	0.04365	0.02095	0.01048	0.00349	0.00698	0.63506	0.00698	0.00698
12	0.01432	0.01348	0.02275	0.71520	0.05224	0.01685	0.02107	0.01938	0.01517	0.01938	0.01348	0.02022	0.01011	0.00758	0.00758	0.00253	0.01011	0.00674	0.00337	0.00843
13	0.01950	0.63069	0.14024	0.01431	0.02152	0.02811	0.01529	0.02291	0.01550	0.01879	0.01102	0.01276	0.00971	0.00660	0.00523	0.00174	0.00859	0.00429	0.00324	0.00996
14	0.01770	0.01990	0.04273	0.07789	0.06659	0.01898	0.59061	0.02393	0.01770	0.02399	0.01518	0.02038	0.01144	0.00649	0.00880	0.00254	0.01246	0.00872	0.00380	0.01018
15	0.01047	0.00799	0.01194	0.01273	0.01394	0.00759	0.05141	0.01261	0.01539	0.02042	0.03969	0.54014	0.04617	0.02199	0.00981	0.00314	0.00553	0.15562	0.00682	0.00661
16	0.01790	0.02046	0.04476	0.03197	0.03964	0.01918	0.65857	0.02430	0.01790	0.02430	0.01535	0.02046	0.01151	0.00639	0.00895	0.00256	0.01279	0.00895	0.00384	0.01023
17	0.01783	0.02024	0.04354	0.03129	0.03853	0.01941	0.62234	0.02396	0.01755	0.02396	0.01504	0.02024	0.01142	0.00678	0.00985	0.00260	0.05267	0.00882	0.00381	0.01012
18	0.01521	0.03923	0.69413	0.02162	0.03283	0.01762	0.02802	0.02402	0.01601	0.02402	0.01361	0.01601	0.00961	0.00721	0.00721	0.00240	0.01121	0.00560	0.00320	0.01121
19	0.01521	0.03923	0.69413	0.02162	0.03283	0.01762	0.02802	0.02402	0.01601	0.02402	0.01361	0.01601	0.00961	0.00721	0.00721	0.00240	0.01121	0.00560	0.00320	0.01121
20	0.01733	0.01949	0.04208	0.05882	0.03874	0.01844	0.60039	0.02342	0.01762	0.02385	0.01657	0.05538	0.01336	0.00730	0.00893	0.00258	0.01226	0.00948	0.00398	0.00996
21	0.01432	0.01348	0.02275	0.71520	0.05224	0.01685	0.02107	0.01938	0.01517	0.01938	0.01348	0.02022	0.01011	0.00758	0.00758	0.00253	0.01011	0.00674	0.00337	0.00843
22	0.01521	0.03923	0.69413	0.02162	0.03283	0.01762	0.02802	0.02402	0.01601	0.02402	0.01361	0.01601	0.00961	0.00721	0.00721	0.00240	0.01121	0.00560	0.00320	0.01121
23	0.01453	0.01370	0.02313	0.68360	0.08220	0.01691	0.02117	0.01956	0.01527	0.01964	0.01352	0.02015	0.01020	0.00754	0.00758	0.00251	0.01006	0.00674	0.00339	0.00860
24	0.01761	0.02252	0.11597	0.03083	0.03889	0.01901	0.58942	0.02427	0.01770	0.02427	0.01516	0.01997	0.01130	0.00648	0.00876	0.00254	0.01261	0.00858	0.00377	0.01034

[dist]
# distance from previous block
# <min> <max>
1	47

[block]
# block no. 1 follows, 26 sequences, length 10
# corresponding to MSA columns:
# 115-124
name=unknown_B
#
# <colnr> <probs for GDERKNQSTAVLIFYWHMCP>
#	G	D	E	R	K	N	Q	S	T	A	V	L	I	F	Y	W	H	M	C	P
0	0.02800	0.01393	0.02030	0.01590	0.02097	0.01332	0.07888	0.06451	0.04053	0.45476	0.02741	0.08930	0.02008	0.01071	0.00926	0.00251	0.06102	0.00897	0.00799	0.01163
1	0.01133	0.00943	0.01574	0.01496	0.01691	0.00893	0.12186	0.01395	0.01568	0.02087	0.03687	0.48100	0.04216	0.02019	0.00971	0.00307	0.00636	0.13748	0.00647	0.00703
2	0.01659	0.01737	0.03147	0.02402	0.02823	0.01890	0.31286	0.02058	0.01512	0.02173	0.01510	0.07002	0.01372	0.01014	0.01461	0.00275	0.27379	0.00860	0.00394	0.08048
3	0.01213	0.00961	0.01486	0.01355	0.01520	0.01089	0.06243	0.01482	0.01278	0.01872	0.01988	0.03015	0.01868	0.12210	0.46498	0.00936	0.06988	0.00833	0.06471	0.00695
4	0.01226	0.00956	0.01430	0.01463	0.01697	0.00929	0.06445	0.01579	0.01747	0.02254	0.04290	0.07858	0.12431	0.01953	0.01015	0.00329	0.00705	0.50301	0.00673	0.00718
5	0.01902	0.02205	0.04113	0.03001	0.03690	0.09662	0.55613	0.02469	0.01802	0.02337	0.01469	0.01952	0.01124	0.00687	0.00945	0.00252	0.04557	0.00839	0.00382	0.00998
6	0.01805	0.01907	0.03328	0.10403	0.03324	0.04661	0.32095	0.05562	0.01664	0.02281	0.01341	0.01881	0.01086	0.00894	0.01378	0.00276	0.24013	0.00769	0.00382	0.00949
7	0.01558	0.01468	0.02449	0.41747	0.04067	0.01722	0.12042	0.02231	0.08963	0.02215	0.01631	0.02149	0.01250	0.00825	0.00903	0.00254	0.06649	0.00732	0.06244	0.00901
8	0.01688	0.01203	0.01552	0.06511	0.02018	0.01212	0.01275	0.12572	0.02037	0.06603	0.03052	0.05706	0.03044	0.01535	0.00899	0.00285	0.00723	0.36644	0.00664	0.10776
9	0.05214	0.01267	0.01593	0.01253	0.01817	0.01065	0.01032	0.02663	0.01847	0.31738	0.02398	0.02891	0.01855	0.00928	0.00708	0.00201	0.00617	0.08605	0.00697	0.31612

[dist]
# distance from previous block
# <min> <max>
3	5

[block]
# block no. 2 follows, 26 sequences, length 6
# corresponding to MSA columns:
# 130-135
name=unknown_C
#
# <colnr> <probs for GDERKNQSTAVLIFYWHMCP>
#	G	D	E	R	K	N	Q	S	T	A	V	L	I	F	Y	W	H	M	C	P
0	0.02108	0.01739	0.01840	0.01588	0.02057	0.01990	0.01254	0.17808	0.53104	0.03530	0.02806	0.02606	0.02088	0.01003	0.00769	0.00251	0.00652	0.00819	0.00769	0.01220
1	0.01775	0.01342	0.01594	0.01148	0.01813	0.01023	0.00923	0.02107	0.01639	0.09841	0.01530	0.01684	0.01207	0.00603	0.00584	0.00126	0.00571	0.00484	0.00503	0.69503
2	0.03403	0.01291	0.01760	0.01350	0.01936	0.01115	0.01115	0.03697	0.02171	0.69137	0.02992	0.02582	0.01878	0.00939	0.00763	0.00235	0.00645	0.00763	0.00939	0.01291
3	0.00896	0.00768	0.00768	0.00768	0.01025	0.00640	0.00576	0.01089	0.01729	0.02049	0.07684	0.07300	0.68304	0.01921	0.00896	0.00256	0.00384	0.01601	0.00704	0.00640
4	0.02785	0.02592	0.02187	0.01800	0.02319	0.25485	0.01430	0.39515	0.08281	0.03652	0.01703	0.01749	0.01267	0.00876	0.00734	0.00219	0.00997	0.00631	0.00634	0.01143
5	0.02726	0.01442	0.01740	0.01436	0.01952	0.01459	0.01153	0.03846	0.31223	0.39686	0.03035	0.02693	0.02073	0.00979	0.00767	0.00245	0.00625	0.00805	0.00864	0.01251

[dist]
# distance from previous block
# <min> <max>
5	7

[block]
# block no. 3 follows, 26 sequences, length 53
# corresponding to MSA columns:
# 143-195
name=unknown_D
#
# <colnr> <probs for GDERKNQSTAVLIFYWHMCP>
#	G	D	E	R	K	N	Q	S	T	A	V	L	I	F	Y	W	H	M	C	P
0	0.02364	0.01939	0.01990	0.01518	0.02134	0.07266	0.01230	0.35818	0.02670	0.03639	0.01583	0.01687	0.01199	0.00763	0.00675	0.00180	0.00770	0.00576	0.00608	0.31391
1	0.01222	0.00873	0.01222	0.01397	0.01572	0.00873	0.01222	0.01572	0.01746	0.02270	0.04016	0.08556	0.04365	0.02095	0.01048	0.00349	0.00698	0.63506	0.00698	0.00698
2	0.01790	0.02046	0.04476	0.03197	0.03964	0.01918	0.65857	0.02430	0.01790	0.02430	0.01535	0.02046	0.01151	0.00639	0.00895	0.00256	0.01279	0.00895	0.00384	0.01023
3	0.01074	0.00775	0.01014	0.00954	0.01133	0.00716	0.00716	0.01431	0.02147	0.03042	0.68211	0.05666	0.07157	0.01551	0.00895	0.00239	0.00358	0.01372	0.00835	0.00716
4	0.01573	0.01348	0.01573	0.01123	0.01798	0.01011	0.00899	0.01910	0.01573	0.02472	0.01348	0.01573	0.01123	0.00562	0.00562	0.00112	0.00562	0.00449	0.00449	0.77980
5	0.01193	0.00810	0.01059	0.01008	0.01210	0.00747	0.00778	0.01539	0.02089	0.06140	0.55871	0.05876	0.09541	0.01592	0.00903	0.00250	0.00406	0.07428	0.00820	0.00738
6	0.01521	0.03923	0.69413	0.02162	0.03283	0.01762	0.02802	0.02402	0.01601	0.02402	0.01361	0.01601	0.00961	0.00721	0.00721	0.00240	0.01121	0.00560	0.00320	0.01121
7	0.01074	0.00775	0.01014	0.00954	0.01133	0.00716	0.00716	0.01431	0.02147	0.03042	0.68211	0.05666	0.07157	0.01551	0.00895	0.00239	0.00358	0.01372	0.00835	0.00716
8	0.00933	0.00664	0.00878	0.01045	0.01087	0.00622	0.00692	0.01058	0.01436	0.01914	0.04095	0.69618	0.04909	0.05753	0.01106	0.00328	0.00454	0.02106	0.00692	0.00609
9	0.01813	0.01711	0.02897	0.04337	0.62057	0.01711	0.02220	0.02254	0.01729	0.02458	0.01680	0.02530	0.01511	0.00815	0.00780	0.00237	0.00881	0.06819	0.00407	0.01152
10	0.01074	0.00775	0.01014	0.00954	0.01133	0.00716	0.00716	0.01431	0.02147	0.03042	0.68211	0.05666	0.07157	0.01551	0.00895	0.00239	0.00358	0.01372	0.00835	0.00716
11	0.01776	0.02146	0.07950	0.03142	0.03928	0.01910	0.62483	0.02428	0.01780	0.02428	0.01525	0.02022	0.01141	0.00644	0.00886	0.00255	0.01270	0.00877	0.00380	0.01028
12	0.01887	0.01629	0.01715	0.01544	0.01972	0.01887	0.01201	0.04031	0.67241	0.03173	0.03087	0.02830	0.02315	0.01029	0.00772	0.00257	0.00600	0.00858	0.00772	0.01201
13	0.01720	0.01760	0.02314	0.01989	0.02010	0.05815	0.01650	0.01887	0.01212	0.01827	0.01005	0.01644	0.00995	0.01300	0.02396	0.00325	0.68329	0.00655	0.00335	0.00832
14	0.00924	0.00660	0.00880	0.01056	0.01100	0.00616	0.00704	0.01056	0.01452	0.01936	0.04181	0.72848	0.05017	0.02376	0.00968	0.00308	0.00440	0.02156	0.00704	0.00616
15	0.01521	0.03923	0.69413	0.02162	0.03283	0.01762	0.02802	0.02402	0.01601	0.02402	0.01361	0.01601	0.00961	0.00721	0.00721	0.00240	0.01121	0.00560	0.00320	0.01121
16	0.02833	0.03615	0.02149	0.01954	0.02345	0.70298	0.01466	0.03029	0.02149	0.01856	0.01172	0.01368	0.00977	0.00782	0.00684	0.00195	0.01368	0.00489	0.00391	0.00879
17	0.01573	0.01348	0.01573	0.01123	0.01798	0.01011	0.00899	0.01910	0.01573	0.02472	0.01348	0.01573	0.01123	0.00562	0.00562	0.00112	0.00562	0.00449	0.00449	0.77980
18	0.01887	0.01629	0.01715	0.01544	0.01972	0.01887	0.01201	0.04031	0.67241	0.03173	0.03087	0.02830	0.02315	0.01029	0.00772	0.00257	0.00600	0.00858	0.00772	0.01201
19	0.02059	0.65862	0.03828	0.01536	0.06028	0.06333	0.01369	0.02313	0.01583	0.01830	0.01083	0.01265	0.00987	0.00657	0.00513	0.00168	0.00845	0.00426	0.00331	0.00983
20	0.01084	0.00813	0.01219	0.01219	0.01354	0.00948	0.00948	0.01354	0.01219	0.01761	0.02032	0.02980	0.01896	0.05689	0.70337	0.01219	0.02032	0.00813	0.00406	0.00677
21	0.01659	0.01659	0.02323	0.01991	0.01991	0.02323	0.01659	0.01825	0.01162	0.01825	0.00996	0.01659	0.00996	0.01328	0.02489	0.00332	0.71955	0.00664	0.00332	0.00830
22	0.00899	0.00758	0.00779	0.00797	0.01032	0.00638	0.00589	0.01085	0.01702	0.02038	0.07340	0.13735	0.62091	0.01966	0.00903	0.00261	0.00390	0.01655	0.00704	0.00638
23	0.01454	0.01391	0.02409	0.67358	0.05147	0.01699	0.05990	0.01968	0.01533	0.01968	0.01360	0.02024	0.01020	0.00751	0.00767	0.00253	0.01027	0.00688	0.00340	0.00854
24	0.01728	0.01946	0.04216	0.03042	0.03757	0.01824	0.61146	0.02330	0.01766	0.02394	0.01726	0.07165	0.01430	0.00765	0.00900	0.00260	0.01218	0.00986	0.00407	0.00994
25	0.02838	0.02047	0.02210	0.01711	0.02304	0.02256	0.01408	0.58439	0.08100	0.07920	0.01972	0.01933	0.01394	0.00921	0.00760	0.00230	0.00808	0.00700	0.00769	0.01284
26	0.01600	0.01679	0.03365	0.27447	0.04163	0.01726	0.36793	0.02164	0.01708	0.02276	0.04836	0.02524	0.01547	0.00796	0.00853	0.00258	0.01110	0.03824	0.00404	0.00928
27	0.01477	0.01394	0.02356	0.64755	0.11637	0.01697	0.02129	0.01977	0.01538	0.01993	0.01356	0.02008	0.01030	0.00750	0.00758	0.00250	0.01000	0.00674	0.00341	0.00879
28	0.01790	0.02046	0.04476	0.03197	0.03964	0.01918	0.65857	0.02430	0.01790	0.02430	0.01535	0.02046	0.01151	0.00639	0.00895	0.00256	0.01279	0.00895	0.00384	0.01023
29	0.01790	0.02046	0.04476	0.03197	0.03964	0.01918	0.65857	0.02430	0.01790	0.02430	0.01535	0.02046	0.01151	0.00639	0.00895	0.00256	0.01279	0.00895	0.00384	0.01023
30	0.01074	0.00775	0.01014	0.00954	0.01133	0.00716	0.00716	0.01431	0.02147	0.03042	0.68211	0.05666	0.07157	0.01551	0.00895	0.00239	0.00358	0.01372	0.00835	0.00716
31	0.01857	0.01781	0.03041	0.07759	0.65670	0.01797	0.02318	0.02310	0.01717	0.02453	0.01423	0.01884	0.01193	0.00680	0.00751	0.00227	0.00906	0.00676	0.00374	0.01185
32	0.01538	0.03809	0.65457	0.02225	0.03324	0.01771	0.06644	0.02404	0.01613	0.02404	0.01372	0.01628	0.00972	0.00716	0.00731	0.00241	0.01131	0.00581	0.00324	0.01115
33	0.01085	0.00809	0.01198	0.01198	0.01326	0.00937	0.00922	0.01341	0.01213	0.01745	0.02051	0.03086	0.01942	0.09309	0.66780	0.01193	0.01962	0.00828	0.00409	0.00666
34	0.00924	0.00660	0.00880	0.01056	0.01100	0.00616	0.00704	0.01056	0.01452	0.01936	0.04181	0.72848	0.05017	0.02376	0.00968	0.00308	0.00440	0.02156	0.00704	0.00616
35	0.02883	0.02125	0.02276	0.01745	0.02352	0.02352	0.01442	0.66082	0.03566	0.04780	0.01821	0.01821	0.01290	0.00911	0.00759	0.00228	0.00835	0.00683	0.00759	0.01290
36	0.02001	0.01686	0.01780	0.01567	0.02016	0.01940	0.01228	0.11177	0.59908	0.03358	0.02941	0.02714	0.02197	0.01015	0.00770	0.00254	0.00627	0.00837	0.00770	0.01211
37	0.01887	0.01629	0.01715	0.01544	0.01972	0.01887	0.01201	0.04031	0.67241	0.03173	0.03087	0.02830	0.02315	0.01029	0.00772	0.00257	0.00600	0.00858	0.00772	0.01201
38	0.01130	0.00820	0.01126	0.01120	0.01215	0.00930	0.00826	0.01331	0.01227	0.01779	0.02208	0.06961	0.02219	0.20870	0.43047	0.00944	0.04861	0.00935	0.05818	0.00632
39	0.03222	0.01253	0.01689	0.01308	0.01870	0.01081	0.01076	0.03508	0.02139	0.64286	0.03332	0.02923	0.06681	0.01010	0.00772	0.00236	0.00627	0.00823	0.00922	0.01244
40	0.01916	0.01735	0.01729	0.01524	0.01978	0.06547	0.01184	0.03717	0.55148	0.03001	0.02754	0.02583	0.02085	0.00958	0.00741	0.00236	0.00649	0.00785	0.00708	0.10020
41	0.01877	0.01802	0.03079	0.04656	0.68612	0.01802	0.02328	0.02328	0.01727	0.02478	0.01427	0.01877	0.01201	0.00676	0.00751	0.00225	0.00901	0.00676	0.00375	0.01201
42	0.01869	0.02052	0.04317	0.03092	0.03848	0.01950	0.61199	0.07032	0.01919	0.02600	0.01555	0.02030	0.01161	0.00659	0.00885	0.00254	0.01247	0.00880	0.00411	0.01042
43	0.02492	0.01358	0.01655	0.01409	0.01876	0.01373	0.01138	0.03515	0.27465	0.33904	0.06474	0.03387	0.02548	0.01112	0.00799	0.00254	0.00618	0.06606	0.00846	0.01172
44	0.01055	0.00775	0.00989	0.00935	0.01122	0.00708	0.00701	0.01396	0.02104	0.02940	0.62023	0.05833	0.13409	0.01589	0.00895	0.00240	0.00361	0.01395	0.00822	0.00708
45	0.01814	0.01798	0.02678	0.02163	0.02394	0.04233	0.14503	0.08615	0.01582	0.02260	0.01347	0.05132	0.01248	0.01179	0.01862	0.00300	0.44802	0.00778	0.00406	0.00908
46	0.03310	0.01339	0.01777	0.01374	0.01954	0.01199	0.01131	0.06048	0.05394	0.63513	0.02953	0.02565	0.01877	0.00942	0.00763	0.00236	0.00650	0.00764	0.00924	0.01286
47	0.01152	0.00797	0.01017	0.00949	0.01155	0.00724	0.00716	0.01488	0.02098	0.05757	0.58231	0.05728	0.14190	0.01568	0.00889	0.00240	0.00373	0.01373	0.00824	0.00731
48	0.02882	0.01413	0.01756	0.01402	0.01930	0.01374	0.01139	0.11244	0.14021	0.44144	0.08039	0.02777	0.02303	0.01000	0.00774	0.00238	0.00638	0.00818	0.00878	0.01229
49	0.73859	0.01509	0.01189	0.01045	0.01523	0.01743	0.00861	0.06308	0.01436	0.03491	0.01105	0.01270	0.00851	0.00717	0.00488	0.00234	0.00603	0.00428	0.00488	0.00851
50	0.01234	0.00858	0.01113	0.01082	0.01286	0.00790	0.00805	0.01490	0.01766	0.06490	0.26169	0.29998	0.07031	0.01743	0.00935	0.00259	0.02672	0.04467	0.00725	0.09088
51	0.05208	0.00998	0.01412	0.01229	0.01523	0.00927	0.07145	0.01662	0.01886	0.05841	0.34168	0.07181	0.10623	0.04858	0.01005	0.00270	0.00542	0.07354	0.00707	0.05462
52	0.01681	0.01642	0.02296	0.01710	0.02296	0.05547	0.15385	0.02061	0.01645	0.02390	0.04727	0.01881	0.01413	0.00717	0.00849	0.00177	0.07760	0.00618	0.00439	0.44765

[dist]
# distance from previous block
# <min> <max>
17	50

[block]
# block no. 4 follows, 26 sequences, length 16
# corresponding to MSA columns:
# 248-263
name=unknown_E
#
# <colnr> <probs for GDERKNQSTAVLIFYWHMCP>
#	G	D	E	R	K	N	Q	S	T	A	V	L	I	F	Y	W	H	M	C	P
0	0.02842	0.03346	0.02172	0.01916	0.02346	0.58049	0.01461	0.14396	0.02405	0.02384	0.01289	0.01450	0.01033	0.00805	0.00697	0.00201	0.01272	0.00524	0.00457	0.00953
1	0.02883	0.02125	0.02276	0.01745	0.02352	0.02352	0.01442	0.66082	0.03566	0.04780	0.01821	0.01821	0.01290	0.00911	0.00759	0.00228	0.00835	0.00683	0.00759	0.01290
2	0.03282	0.01268	0.01730	0.01352	0.01916	0.01101	0.01121	0.03579	0.02147	0.65428	0.03049	0.02913	0.02016	0.01003	0.00779	0.00241	0.00648	0.04243	0.00925	0.01258
3	0.01573	0.01348	0.01573	0.01123	0.01798	0.01011	0.00899	0.01910	0.01573	0.02472	0.01348	0.01573	0.01123	0.00562	0.00562	0.00112	0.00562	0.00449	0.00449	0.77980
4	0.02905	0.03323	0.02101	0.01878	0.02294	0.61613	0.01422	0.03113	0.02152	0.10303	0.01401	0.01520	0.01090	0.00801	0.00694	0.00200	0.01277	0.00523	0.00460	0.00931
5	0.02883	0.02125	0.02276	0.01745	0.02352	0.02352	0.01442	0.66082	0.03566	0.04780	0.01821	0.01821	0.01290	0.00911	0.00759	0.00228	0.00835	0.00683	0.00759	0.01290
6	0.01573	0.01348	0.01573	0.01123	0.01798	0.01011	0.00899	0.01910	0.01573	0.02472	0.01348	0.01573	0.01123	0.00562	0.00562	0.00112	0.00562	0.00449	0.00449	0.77980
7	0.01222	0.00873	0.01222	0.01397	0.01572	0.00873	0.01222	0.01572	0.01746	0.02270	0.04016	0.08556	0.04365	0.02095	0.01048	0.00349	0.00698	0.63506	0.00698	0.00698
8	0.03374	0.01337	0.01789	0.01371	0.01959	0.01183	0.01133	0.07157	0.02248	0.65567	0.02927	0.02540	0.01845	0.00937	0.00763	0.00234	0.00656	0.00758	0.00929	0.01291
9	0.01185	0.00846	0.01179	0.01354	0.01512	0.00841	0.01157	0.01507	0.01709	0.02228	0.04037	0.16627	0.04447	0.02131	0.01038	0.00344	0.00666	0.55804	0.00699	0.00688
10	0.00924	0.00660	0.00880	0.01056	0.01100	0.00616	0.00704	0.01056	0.01452	0.01936	0.04181	0.72848	0.05017	0.02376	0.00968	0.00308	0.00440	0.02156	0.00704	0.00616
11	0.02788	0.07572	0.02252	0.01917	0.02322	0.66504	0.01456	0.02986	0.02115	0.01852	0.01166	0.01359	0.00977	0.00774	0.00673	0.00194	0.01336	0.00484	0.00387	0.00885
12	0.00898	0.00762	0.00775	0.00785	0.01029	0.00639	0.00584	0.01087	0.01713	0.02043	0.07486	0.10995	0.64736	0.01947	0.00901	0.00259	0.00387	0.01632	0.00704	0.00639
13	0.40460	0.04772	0.01759	0.01371	0.01896	0.06755	0.01130	0.27487	0.02258	0.03775	0.01366	0.01473	0.01023	0.00789	0.00599	0.00226	0.00748	0.00523	0.00572	0.01016
14	0.05364	0.01898	0.02095	0.01657	0.02146	0.02152	0.01364	0.46869	0.05249	0.06504	0.01821	0.01911	0.01338	0.00959	0.00951	0.00239	0.09706	0.00681	0.05923	0.01172
15	0.05774	0.02405	0.10651	0.01779	0.02433	0.05971	0.01589	0.52056	0.03150	0.04266	0.01697	0.01745	0.01213	0.00871	0.00738	0.00228	0.00890	0.00646	0.00672	0.01227

[dist]
# distance from previous block
# <min> <max>
1	10

[block]
# block no. 5 follows, 26 sequences, length 13
# corresponding to MSA columns:
# 274-286
name=unknown_F
#
# <colnr> <probs for GDERKNQSTAVLIFYWHMCP>
#	G	D	E	R	K	N	Q	S	T	A	V	L	I	F	Y	W	H	M	C	P
0	0.08058	0.03601	0.54469	0.02096	0.03079	0.08049	0.05535	0.02447	0.01635	0.02436	0.01327	0.01571	0.00960	0.00721	0.00705	0.00236	0.01107	0.00557	0.00342	0.01069
1	0.01184	0.00846	0.01175	0.01328	0.01492	0.00837	0.01133	0.01516	0.01758	0.02313	0.09916	0.13625	0.04675	0.02069	0.01027	0.00336	0.00646	0.52719	0.00711	0.00693
2	0.02021	0.55490	0.14811	0.01484	0.02208	0.02734	0.01564	0.08145	0.01737	0.02163	0.01176	0.01337	0.01000	0.00685	0.00551	0.00181	0.00865	0.00457	0.00364	0.01027
3	0.01737	0.33651	0.41574	0.01794	0.02714	0.02289	0.02162	0.02346	0.01576	0.02139	0.01231	0.01438	0.00966	0.00690	0.00621	0.00207	0.00989	0.00495	0.00322	0.01058
4	0.01063	0.00767	0.01004	0.00961	0.01131	0.00709	0.00715	0.01405	0.02098	0.02964	0.63693	0.10407	0.07006	0.01609	0.00900	0.00243	0.00364	0.01427	0.00826	0.00709
5	0.00896	0.00768	0.00768	0.00768	0.01025	0.00640	0.00576	0.01089	0.01729	0.02049	0.07684	0.07300	0.68304	0.01921	0.00896	0.00256	0.00384	0.01601	0.00704	0.00640
6	0.01996	0.69345	0.08147	0.01353	0.02032	0.02922	0.01394	0.02280	0.01545	0.01824	0.01074	0.01241	0.00973	0.00654	0.00502	0.00167	0.00831	0.00415	0.00324	0.00983
7	0.02228	0.56383	0.03522	0.01461	0.02046	0.19701	0.01339	0.02459	0.01692	0.01802	0.01084	0.01254	0.00974	0.00682	0.00536	0.00170	0.00949	0.00426	0.00341	0.00950
8	0.00896	0.00768	0.00768	0.00768	0.01025	0.00640	0.00576	0.01089	0.01729	0.02049	0.07684	0.07300	0.68304	0.01921	0.00896	0.00256	0.00384	0.01601	0.00704	0.00640
9	0.00918	0.00775	0.00799	0.00811	0.01061	0.00656	0.00620	0.01121	0.01730	0.02064	0.07438	0.07384	0.64014	0.01933	0.00907	0.00262	0.00405	0.05754	0.00704	0.00644
10	0.07087	0.02219	0.02201	0.01722	0.02302	0.08276	0.01409	0.57008	0.03316	0.04447	0.01722	0.01749	0.01236	0.00888	0.00736	0.00225	0.00868	0.00651	0.00710	0.01228
11	0.01140	0.00815	0.01128	0.01303	0.01442	0.00803	0.01080	0.01430	0.01665	0.02178	0.04061	0.26200	0.04544	0.02172	0.01026	0.00338	0.00628	0.46670	0.00700	0.00676
12	0.01802	0.02157	0.09589	0.07840	0.03909	0.01912	0.52637	0.05854	0.01852	0.02521	0.01523	0.01995	0.01133	0.00669	0.00864	0.00253	0.01223	0.00840	0.00395	0.01033

[dist]
# distance from previous block
# <min> <max>
5	8

[block]
# block no. 6 follows, 26 sequences, length 6
# corresponding to MSA columns:
# 295-300
name=unknown_G
#
# <colnr> <probs for GDERKNQSTAVLIFYWHMCP>
#	G	D	E	R	K	N	Q	S	T	A	V	L	I	F	Y	W	H	M	C	P
0	0.08347	0.01988	0.06894	0.01670	0.02286	0.10940	0.07388	0.10727	0.02152	0.31303	0.02083	0.02029	0.01416	0.00825	0.00725	0.00222	0.00851	0.00665	0.00675	0.06815
1	0.01308	0.01153	0.01270	0.01245	0.01390	0.09671	0.00930	0.01523	0.01317	0.01724	0.01984	0.03114	0.01927	0.16575	0.50234	0.01007	0.01727	0.00821	0.00413	0.00666
2	0.07843	0.01052	0.01085	0.01037	0.01318	0.03643	0.00809	0.01770	0.07917	0.05168	0.21134	0.05661	0.29629	0.01575	0.00849	0.00256	0.00494	0.07274	0.00720	0.00767
3	0.02028	0.73799	0.03975	0.01298	0.01947	0.03001	0.01298	0.02271	0.01541	0.01785	0.01055	0.01217	0.00973	0.00649	0.00487	0.00162	0.00811	0.00406	0.00324	0.00973
4	0.01826	0.01251	0.01520	0.01156	0.01735	0.00980	0.00914	0.02129	0.01667	0.14609	0.02007	0.10760	0.01753	0.00860	0.00650	0.00159	0.00562	0.00722	0.00571	0.54168
5	0.01051	0.00775	0.00988	0.00973	0.01153	0.00712	0.00738	0.01370	0.02008	0.02764	0.50034	0.10631	0.15311	0.01704	0.00913	0.00255	0.00396	0.06730	0.00796	0.00697

[dist]
# distance from previous block
# <min> <max>
0	2

[block]
# block no. 7 follows, 26 sequences, length 8
# corresponding to MSA columns:
# 303-310
name=unknown_H
#
# <colnr> <probs for GDERKNQSTAVLIFYWHMCP>
#	G	D	E	R	K	N	Q	S	T	A	V	L	I	F	Y	W	H	M	C	P
0	0.01222	0.00873	0.01222	0.01397	0.01572	0.00873	0.01222	0.01572	0.01746	0.02270	0.04016	0.08556	0.04365	0.02095	0.01048	0.00349	0.00698	0.63506	0.00698	0.00698
1	0.01778	0.01470	0.01683	0.01221	0.01884	0.01221	0.00984	0.11955	0.01885	0.02833	0.01422	0.01612	0.01150	0.00616	0.00593	0.00130	0.00604	0.00486	0.00498	0.65975
2	0.02833	0.03615	0.02149	0.01954	0.02345	0.70298	0.01466	0.03029	0.02149	0.01856	0.01172	0.01368	0.00977	0.00782	0.00684	0.00195	0.01368	0.00489	0.00391	0.00879
3	0.01887	0.01629	0.01715	0.01544	0.01972	0.01887	0.01201	0.04031	0.67241	0.03173	0.03087	0.02830	0.02315	0.01029	0.00772	0.00257	0.00600	0.00858	0.00772	0.01201
4	0.00924	0.00660	0.00880	0.01056	0.01100	0.00616	0.00704	0.01056	0.01452	0.01936	0.04181	0.72848	0.05017	0.02376	0.00968	0.00308	0.00440	0.02156	0.00704	0.00616
5	0.01573	0.01348	0.01573	0.01123	0.01798	0.01011	0.00899	0.01910	0.01573	0.02472	0.01348	0.01573	0.01123	0.00562	0.00562	0.00112	0.00562	0.00449	0.00449	0.77980
6	0.00924	0.00660	0.00880	0.01056	0.01100	0.00616	0.00704	0.01056	0.01452	0.01936	0.04181	0.72848	0.05017	0.02376	0.00968	0.00308	0.00440	0.02156	0.00704	0.00616
7	0.02760	0.02052	0.02210	0.01687	0.02300	0.02226	0.01391	0.60046	0.03379	0.04563	0.01777	0.01798	0.01274	0.00878	0.00740	0.00217	0.00809	0.00661	0.00730	0.08504

[dist]
# distance from previous block
# <min> <max>
0	1

[block]
# block no. 8 follows, 26 sequences, length 34
# corresponding to MSA columns:
# 312-345
name=unknown_I
#
# <colnr> <probs for GDERKNQSTAVLIFYWHMCP>
#	G	D	E	R	K	N	Q	S	T	A	V	L	I	F	Y	W	H	M	C	P
0	0.02883	0.02125	0.02276	0.01745	0.02352	0.02352	0.01442	0.66082	0.03566	0.04780	0.01821	0.01821	0.01290	0.00911	0.00759	0.00228	0.00835	0.00683	0.00759	0.01290
1	0.01659	0.01659	0.02323	0.01991	0.01991	0.02323	0.01659	0.01825	0.01162	0.01825	0.00996	0.01659	0.00996	0.01328	0.02489	0.00332	0.71955	0.00664	0.00332	0.00830
2	0.00924	0.00660	0.00880	0.01056	0.01100	0.00616	0.00704	0.01056	0.01452	0.01936	0.04181	0.72848	0.05017	0.02376	0.00968	0.00308	0.00440	0.02156	0.00704	0.00616
3	0.01990	0.68620	0.08825	0.01362	0.02046	0.02909	0.01409	0.02281	0.01546	0.01830	0.01077	0.01245	0.00972	0.00654	0.00504	0.00168	0.00834	0.00417	0.00324	0.00984
4	0.06828	0.00827	0.01021	0.00957	0.01158	0.00789	0.00724	0.01491	0.02084	0.03068	0.63233	0.05337	0.06687	0.01488	0.00863	0.00238	0.00375	0.01301	0.00808	0.00724
5	0.01084	0.00813	0.01219	0.01219	0.01354	0.00948	0.00948	0.01354	0.01219	0.01761	0.02032	0.02980	0.01896	0.05689	0.70337	0.01219	0.02032	0.00813	0.00406	0.00677
6	0.02102	0.01660	0.01780	0.01552	0.02012	0.01884	0.01221	0.10845	0.55687	0.07950	0.02941	0.02701	0.02172	0.01010	0.00770	0.00252	0.00629	0.00832	0.00782	0.01217
7	0.74989	0.01458	0.01147	0.01015	0.01490	0.01673	0.00836	0.02302	0.01334	0.06643	0.01152	0.01299	0.00874	0.00716	0.00484	0.00235	0.00590	0.00428	0.00493	0.00845
8	0.01573	0.01348	0.01573	0.01123	0.01798	0.01011	0.00899	0.01910	0.01573	0.02472	0.01348	0.01573	0.01123	0.00562	0.00562	0.00112	0.00562	0.00449	0.00449	0.77980
9	0.78701	0.01467	0.01115	0.00997	0.01467	0.01702	0.00821	0.02230	0.01291	0.03403	0.01056	0.01232	0.00821	0.00704	0.00469	0.00235	0.00587	0.00411	0.00469	0.00821
10	0.01192	0.00861	0.01180	0.01333	0.01514	0.00850	0.01154	0.01530	0.01761	0.02284	0.06822	0.08349	0.09215	0.02061	0.01030	0.00338	0.00662	0.56464	0.00704	0.00695
11	0.02308	0.01677	0.02498	0.03184	0.37799	0.01693	0.01803	0.07384	0.12285	0.18414	0.02084	0.02189	0.01542	0.00810	0.00758	0.00233	0.00789	0.00725	0.00597	0.01229
12	0.70564	0.01448	0.01185	0.01036	0.01518	0.01638	0.00853	0.02388	0.01386	0.10507	0.01265	0.01378	0.00936	0.00729	0.00501	0.00235	0.00593	0.00449	0.00520	0.00872
13	0.01686	0.01474	0.01886	0.01375	0.02012	0.01250	0.05902	0.06440	0.01705	0.02592	0.01375	0.01631	0.01130	0.00637	0.00713	0.00144	0.04808	0.00512	0.00459	0.62268
14	0.06658	0.01456	0.01755	0.01416	0.01955	0.01450	0.01149	0.08442	0.20123	0.42886	0.02834	0.02526	0.01901	0.00950	0.00750	0.00240	0.00644	0.00765	0.00856	0.01243
15	0.00904	0.00769	0.00779	0.00776	0.01029	0.00644	0.00582	0.01103	0.01747	0.02092	0.10286	0.07230	0.65675	0.01905	0.00896	0.00255	0.00383	0.01591	0.00710	0.00644
16	0.08451	0.01333	0.01705	0.01333	0.01902	0.01215	0.01094	0.03559	0.07382	0.56848	0.02807	0.02472	0.01813	0.00917	0.00736	0.00232	0.00635	0.00735	0.00875	0.03957
17	0.01288	0.00948	0.01271	0.01411	0.01611	0.00973	0.01220	0.01815	0.08226	0.02359	0.03924	0.07989	0.04162	0.01990	0.01020	0.00340	0.00689	0.57308	0.00706	0.00748
18	0.01887	0.01629	0.01715	0.01544	0.01972	0.01887	0.01201	0.04031	0.67241	0.03173	0.03087	0.02830	0.02315	0.01029	0.00772	0.00257	0.00600	0.00858	0.00772	0.01201
19	0.02883	0.02125	0.02276	0.01745	0.02352	0.02352	0.01442	0.66082	0.03566	0.04780	0.01821	0.01821	0.01290	0.00911	0.00759	0.00228	0.00835	0.00683	0.00759	0.01290
20	0.02833	0.03615	0.02149	0.01954	0.02345	0.70298	0.01466	0.03029	0.02149	0.01856	0.01172	0.01368	0.00977	0.00782	0.00684	0.00195	0.01368	0.00489	0.00391	0.00879
21	0.02883	0.02125	0.02276	0.01745	0.02352	0.02352	0.01442	0.66082	0.03566	0.04780	0.01821	0.01821	0.01290	0.00911	0.00759	0.00228	0.00835	0.00683	0.00759	0.01290
22	0.01414	0.00707	0.00707	0.00707	0.00884	0.00707	0.00530	0.01767	0.01591	0.02828	0.02474	0.02828	0.01944	0.00884	0.00530	0.00177	0.00353	0.00707	0.77554	0.00707
23	0.01573	0.01348	0.01573	0.01123	0.01798	0.01011	0.00899	0.01910	0.01573	0.02472	0.01348	0.01573	0.01123	0.00562	0.00562	0.00112	0.00562	0.00449	0.00449	0.77980
24	0.03403	0.01291	0.01760	0.01350	0.01936	0.01115	0.01115	0.03697	0.02171	0.69137	0.02992	0.02582	0.01878	0.00939	0.00763	0.00235	0.00645	0.00763	0.00939	0.01291
25	0.02833	0.03615	0.02149	0.01954	0.02345	0.70298	0.01466	0.03029	0.02149	0.01856	0.01172	0.01368	0.00977	0.00782	0.00684	0.00195	0.01368	0.00489	0.00391	0.00879
26	0.00924	0.00660	0.00880	0.01056	0.01100	0.00616	0.00704	0.01056	0.01452	0.01936	0.04181	0.72848	0.05017	0.02376	0.00968	0.00308	0.00440	0.02156	0.00704	0.00616
27	0.02457	0.01616	0.01804	0.01529	0.01990	0.04440	0.01218	0.06018	0.36574	0.25242	0.02809	0.02582	0.02000	0.01002	0.00865	0.00250	0.04826	0.00793	0.00786	0.01199
28	0.00949	0.00821	0.00870	0.00848	0.01086	0.00742	0.00645	0.01146	0.01713	0.02078	0.09845	0.06901	0.61792	0.01871	0.00989	0.00260	0.04567	0.01536	0.00688	0.00655
29	0.01877	0.01802	0.03079	0.04656	0.68612	0.01802	0.02328	0.02328	0.01727	0.02478	0.01427	0.01877	0.01201	0.00676	0.00751	0.00225	0.00901	0.00676	0.00375	0.01201
30	0.01432	0.01348	0.02275	0.71520	0.05224	0.01685	0.02107	0.01938	0.01517	0.01938	0.01348	0.02022	0.01011	0.00758	0.00758	0.00253	0.01011	0.00674	0.00337	0.00843
31	0.01521	0.03923	0.69413	0.02162	0.03283	0.01762	0.02802	0.02402	0.01601	0.02402	0.01361	0.01601	0.00961	0.00721	0.00721	0.00240	0.01121	0.00560	0.00320	0.01121
32	0.00970	0.00705	0.00925	0.01084	0.01169	0.00660	0.00776	0.01142	0.01526	0.02001	0.04487	0.56235	0.10922	0.02288	0.00974	0.00310	0.00477	0.12015	0.00703	0.00632
33	0.02611	0.01966	0.02103	0.01665	0.02210	0.02189	0.01351	0.51201	0.15706	0.04321	0.02090	0.02157	0.01554	0.04213	0.00902	0.00256	0.00785	0.00736	0.00748	0.01235

[dist]
# distance from previous block
# <min> <max>
1	3

[block]
# block no. 9 follows, 26 sequences, length 42
# corresponding to MSA columns:
# 349-390
name=unknown_J
#
# <colnr> <probs for GDERKNQSTAVLIFYWHMCP>
#	G	D	E	R	K	N	Q	S	T	A	V	L	I	F	Y	W	H	M	C	P
0	0.03078	0.01290	0.01705	0.01336	0.01875	0.01163	0.01093	0.06075	0.05281	0.56788	0.09443	0.02869	0.02400	0.01003	0.00776	0.00236	0.00623	0.00825	0.00913	0.01229
1	0.01444	0.01364	0.02277	0.68068	0.05064	0.01717	0.02084	0.01932	0.01499	0.01932	0.01331	0.02004	0.01010	0.00787	0.00844	0.00257	0.04534	0.00674	0.00337	0.00842
2	0.03403	0.01291	0.01760	0.01350	0.01936	0.01115	0.01115	0.03697	0.02171	0.69137	0.02992	0.02582	0.01878	0.00939	0.00763	0.00235	0.00645	0.00763	0.00939	0.01291
3	0.01052	0.00752	0.01027	0.01203	0.01303	0.00727	0.00927	0.01278	0.01579	0.02080	0.04110	0.45185	0.04736	0.02255	0.01002	0.00326	0.00551	0.28553	0.00702	0.00652
4	0.03403	0.01291	0.01760	0.01350	0.01936	0.01115	0.01115	0.03697	0.02171	0.69137	0.02992	0.02582	0.01878	0.00939	0.00763	0.00235	0.00645	0.00763	0.00939	0.01291
5	0.01877	0.01802	0.03079	0.04656	0.68612	0.01802	0.02328	0.02328	0.01727	0.02478	0.01427	0.01877	0.01201	0.00676	0.00751	0.00225	0.00901	0.00676	0.00375	0.01201
6	0.01521	0.03923	0.69413	0.02162	0.03283	0.01762	0.02802	0.02402	0.01601	0.02402	0.01361	0.01601	0.00961	0.00721	0.00721	0.00240	0.01121	0.00560	0.00320	0.01121
7	0.01432	0.01348	0.02275	0.71520	0.05224	0.01685	0.02107	0.01938	0.01517	0.01938	0.01348	0.02022	0.01011	0.00758	0.00758	0.00253	0.01011	0.00674	0.00337	0.00843
8	0.01790	0.02046	0.04476	0.03197	0.03964	0.01918	0.65857	0.02430	0.01790	0.02430	0.01535	0.02046	0.01151	0.00639	0.00895	0.00256	0.01279	0.00895	0.00384	0.01023
9	0.01877	0.01802	0.03079	0.04656	0.68612	0.01802	0.02328	0.02328	0.01727	0.02478	0.01427	0.01877	0.01201	0.00676	0.00751	0.00225	0.00901	0.00676	0.00375	0.01201
10	0.01877	0.01802	0.03079	0.04656	0.68612	0.01802	0.02328	0.02328	0.01727	0.02478	0.01427	0.01877	0.01201	0.00676	0.00751	0.00225	0.00901	0.00676	0.00375	0.01201
11	0.02028	0.73799	0.03975	0.01298	0.01947	0.03001	0.01298	0.02271	0.01541	0.01785	0.01055	0.01217	0.00973	0.00649	0.00487	0.00162	0.00811	0.00406	0.00324	0.00973
12	0.02833	0.03615	0.02149	0.01954	0.02345	0.70298	0.01466	0.03029	0.02149	0.01856	0.01172	0.01368	0.00977	0.00782	0.00684	0.00195	0.01368	0.00489	0.00391	0.00879
13	0.01659	0.01659	0.02323	0.01991	0.01991	0.02323	0.01659	0.01825	0.01162	0.01825	0.00996	0.01659	0.00996	0.01328	0.02489	0.00332	0.71955	0.00664	0.00332	0.00830
14	0.02833	0.03615	0.02149	0.01954	0.02345	0.70298	0.01466	0.03029	0.02149	0.01856	0.01172	0.01368	0.00977	0.00782	0.00684	0.00195	0.01368	0.00489	0.00391	0.00879
15	0.00967	0.00729	0.01060	0.01163	0.01243	0.00681	0.03958	0.01125	0.01469	0.01961	0.04048	0.69312	0.04824	0.02290	0.00964	0.00305	0.00482	0.02093	0.00688	0.00636
16	0.00896	0.00768	0.00768	0.00768	0.01025	0.00640	0.00576	0.01089	0.01729	0.02049	0.07684	0.07300	0.68304	0.01921	0.00896	0.00256	0.00384	0.01601	0.00704	0.00640
17	0.01521	0.03923	0.69413	0.02162	0.03283	0.01762	0.02802	0.02402	0.01601	0.02402	0.01361	0.01601	0.00961	0.00721	0.00721	0.00240	0.01121	0.00560	0.00320	0.01121
18	0.01432	0.01348	0.02275	0.71520	0.05224	0.01685	0.02107	0.01938	0.01517	0.01938	0.01348	0.02022	0.01011	0.00758	0.00758	0.00253	0.01011	0.00674	0.00337	0.00843
19	0.01432	0.01348	0.02275	0.71520	0.05224	0.01685	0.02107	0.01938	0.01517	0.01938	0.01348	0.02022	0.01011	0.00758	0.00758	0.00253	0.01011	0.00674	0.00337	0.00843
20	0.01432	0.01348	0.02275	0.71520	0.05224	0.01685	0.02107	0.01938	0.01517	0.01938	0.01348	0.02022	0.01011	0.00758	0.00758	0.00253	0.01011	0.00674	0.00337	0.00843
21	0.01432	0.01348	0.02275	0.71520	0.05224	0.01685	0.02107	0.01938	0.01517	0.01938	0.01348	0.02022	0.01011	0.00758	0.00758	0.00253	0.01011	0.00674	0.00337	0.00843
22	0.01103	0.00735	0.00827	0.00827	0.00827	0.00735	0.00460	0.01103	0.01103	0.01471	0.02390	0.04964	0.02758	0.73343	0.03861	0.00735	0.00735	0.01103	0.00460	0.00460
23	0.02833	0.03615	0.02149	0.01954	0.02345	0.70298	0.01466	0.03029	0.02149	0.01856	0.01172	0.01368	0.00977	0.00782	0.00684	0.00195	0.01368	0.00489	0.00391	0.00879
24	0.00896	0.00768	0.00768	0.00768	0.01025	0.00640	0.00576	0.01089	0.01729	0.02049	0.07684	0.07300	0.68304	0.01921	0.00896	0.00256	0.00384	0.01601	0.00704	0.00640
25	0.02833	0.03615	0.02149	0.01954	0.02345	0.70298	0.01466	0.03029	0.02149	0.01856	0.01172	0.01368	0.00977	0.00782	0.00684	0.00195	0.01368	0.00489	0.00391	0.00879
26	0.02028	0.73799	0.03975	0.01298	0.01947	0.03001	0.01298	0.02271	0.01541	0.01785	0.01055	0.01217	0.00973	0.00649	0.00487	0.00162	0.00811	0.00406	0.00324	0.00973
27	0.01432	0.01348	0.02275	0.71520	0.05224	0.01685	0.02107	0.01938	0.01517	0.01938	0.01348	0.02022	0.01011	0.00758	0.00758	0.00253	0.01011	0.00674	0.00337	0.00843
28	0.00896	0.00768	0.00768	0.00768	0.01025	0.00640	0.00576	0.01089	0.01729	0.02049	0.07684	0.07300	0.68304	0.01921	0.00896	0.00256	0.00384	0.01601	0.00704	0.00640
29	0.01877	0.01802	0.03079	0.04656	0.68612	0.01802	0.02328	0.02328	0.01727	0.02478	0.01427	0.01877	0.01201	0.00676	0.00751	0.00225	0.00901	0.00676	0.00375	0.01201
30	0.01521	0.03923	0.69413	0.02162	0.03283	0.01762	0.02802	0.02402	0.01601	0.02402	0.01361	0.01601	0.00961	0.00721	0.00721	0.00240	0.01121	0.00560	0.00320	0.01121
31	0.00924	0.00660	0.00880	0.01056	0.01100	0.00616	0.00704	0.01056	0.01452	0.01936	0.04181	0.72848	0.05017	0.02376	0.00968	0.00308	0.00440	0.02156	0.00704	0.00616
32	0.78701	0.01467	0.01115	0.00997	0.01467	0.01702	0.00821	0.02230	0.01291	0.03403	0.01056	0.01232	0.00821	0.00704	0.00469	0.00235	0.00587	0.00411	0.00469	0.00821
33	0.08662	0.01615	0.01662	0.01495	0.01928	0.01870	0.01167	0.03872	0.61424	0.03193	0.02908	0.02689	0.02184	0.01000	0.00745	0.00255	0.00599	0.00818	0.00745	0.01167
34	0.01207	0.00868	0.01201	0.01367	0.01546	0.00862	0.01192	0.01549	0.01745	0.02260	0.04188	0.08497	0.07367	0.02087	0.01041	0.00345	0.00684	0.60600	0.00699	0.00696
35	0.00896	0.00768	0.00768	0.00768	0.01025	0.00640	0.00576	0.01089	0.01729	0.02049	0.07684	0.07300	0.68304	0.01921	0.00896	0.00256	0.00384	0.01601	0.00704	0.00640
36	0.01573	0.01348	0.01573	0.01123	0.01798	0.01011	0.00899	0.01910	0.01573	0.02472	0.01348	0.01573	0.01123	0.00562	0.00562	0.00112	0.00562	0.00449	0.00449	0.77980
37	0.01877	0.01802	0.03079	0.04656	0.68612	0.01802	0.02328	0.02328	0.01727	0.02478	0.01427	0.01877	0.01201	0.00676	0.00751	0.00225	0.00901	0.00676	0.00375	0.01201
38	0.01872	0.01616	0.01708	0.01524	0.01964	0.01846	0.01186	0.03931	0.64158	0.03140	0.03006	0.02771	0.02259	0.01007	0.00762	0.00250	0.00598	0.00838	0.00757	0.04805
39	0.02833	0.03615	0.02149	0.01954	0.02345	0.70298	0.01466	0.03029	0.02149	0.01856	0.01172	0.01368	0.00977	0.00782	0.00684	0.00195	0.01368	0.00489	0.00391	0.00879
40	0.02028	0.73799	0.03975	0.01298	0.01947	0.03001	0.01298	0.02271	0.01541	0.01785	0.01055	0.01217	0.00973	0.00649	0.00487	0.00162	0.00811	0.00406	0.00324	0.00973
41	0.00924	0.00660	0.00880	0.01056	0.01100	0.00616	0.00704	0.01056	0.01452	0.01936	0.04181	0.72848	0.05017	0.02376	0.00968	0.00308	0.00440	0.02156	0.00704	0.00616

[dist]
# distance from previous block
# <min> <max>
0	3

[block]
# block no. 10 follows, 26 sequences, length 70
# corresponding to MSA columns:
# 394-463
name=unknown_K
#
# <colnr> <probs for GDERKNQSTAVLIFYWHMCP>
#	G	D	E	R	K	N	Q	S	T	A	V	L	I	F	Y	W	H	M	C	P
0	0.02028	0.73799	0.03975	0.01298	0.01947	0.03001	0.01298	0.02271	0.01541	0.01785	0.01055	0.01217	0.00973	0.00649	0.00487	0.00162	0.00811	0.00406	0.00324	0.00973
1	0.01193	0.00803	0.01042	0.00966	0.01172	0.00734	0.00730	0.01538	0.02126	0.06633	0.61418	0.05582	0.10096	0.01536	0.00887	0.00239	0.00375	0.01350	0.00834	0.00743
2	0.01432	0.01348	0.02275	0.71520	0.05224	0.01685	0.02107	0.01938	0.01517	0.01938	0.01348	0.02022	0.01011	0.00758	0.00758	0.00253	0.01011	0.00674	0.00337	0.00843
3	0.01318	0.00659	0.00988	0.00988	0.00988	0.00659	0.00659	0.00988	0.00988	0.01318	0.01318	0.02306	0.01318	0.02635	0.02964	0.77931	0.00659	0.00659	0.00329	0.00329
4	0.02833	0.03615	0.02149	0.01954	0.02345	0.70298	0.01466	0.03029	0.02149	0.01856	0.01172	0.01368	0.00977	0.00782	0.00684	0.00195	0.01368	0.00489	0.00391	0.00879
5	0.01877	0.01802	0.03079	0.04656	0.68612	0.01802	0.02328	0.02328	0.01727	0.02478	0.01427	0.01877	0.01201	0.00676	0.00751	0.00225	0.00901	0.00676	0.00375	0.01201
6	0.78701	0.01467	0.01115	0.00997	0.01467	0.01702	0.00821	0.02230	0.01291	0.03403	0.01056	0.01232	0.00821	0.00704	0.00469	0.00235	0.00587	0.00411	0.00469	0.00821
7	0.01942	0.01657	0.01746	0.01555	0.01993	0.01912	0.01214	0.07452	0.63731	0.03262	0.03017	0.02774	0.02259	0.01023	0.00771	0.00256	0.00613	0.00848	0.00771	0.01206
8	0.00896	0.00768	0.00768	0.00768	0.01025	0.00640	0.00576	0.01089	0.01729	0.02049	0.07684	0.07300	0.68304	0.01921	0.00896	0.00256	0.00384	0.01601	0.00704	0.00640
9	0.00924	0.00660	0.00880	0.01056	0.01100	0.00616	0.00704	0.01056	0.01452	0.01936	0.04181	0.72848	0.05017	0.02376	0.00968	0.00308	0.00440	0.02156	0.00704	0.00616
10	0.01456	0.01372	0.02317	0.67988	0.08573	0.01691	0.02118	0.01959	0.01528	0.01967	0.01352	0.02015	0.01021	0.00754	0.00758	0.00251	0.01005	0.00674	0.00339	0.00862
11	0.03403	0.01291	0.01760	0.01350	0.01936	0.01115	0.01115	0.03697	0.02171	0.69137	0.02992	0.02582	0.01878	0.00939	0.00763	0.00235	0.00645	0.00763	0.00939	0.01291
12	0.02883	0.02125	0.02276	0.01745	0.02352	0.02352	0.01442	0.66082	0.03566	0.04780	0.01821	0.01821	0.01290	0.00911	0.00759	0.00228	0.00835	0.00683	0.00759	0.01290
13	0.01074	0.00775	0.01014	0.00954	0.01133	0.00716	0.00716	0.01431	0.02147	0.03042	0.68211	0.05666	0.07157	0.01551	0.00895	0.00239	0.00358	0.01372	0.00835	0.00716
14	0.01707	0.29527	0.45436	0.01845	0.02793	0.02216	0.02251	0.02354	0.01579	0.02176	0.01249	0.01460	0.00965	0.00694	0.00635	0.00212	0.01007	0.00504	0.00322	0.01067
