[name]
unknown

[dist]
# distance from previous block
# <min> <max>
7	38

[block]
# block no. 0 follows, 24 sequences, length 6
# corresponding to MSA columns:
# 41-46
name=unknown_A
#
# <colnr> <probs for GDERKNQSTAVLIFYWHMCP>
#	G	D	E	R	K	N	Q	S	T	A	V	L	I	F	Y	W	H	M	C	P
0	0.02689	0.08913	0.02619	0.02554	0.15904	0.43355	0.01703	0.08669	0.02241	0.02355	0.01334	0.01572	0.01101	0.00795	0.00720	0.00211	0.01228	0.00563	0.00435	0.01038
1	0.41395	0.01487	0.01752	0.24244	0.08931	0.01728	0.01443	0.02195	0.01518	0.02942	0.04755	0.01872	0.01316	0.00799	0.00642	0.00251	0.00778	0.00600	0.00456	0.00897
2	0.01836	0.12449	0.29254	0.02148	0.05702	0.01850	0.11811	0.02456	0.01727	0.05799	0.01495	0.01751	0.01133	0.00705	0.00717	0.00214	0.00996	0.00610	0.00410	0.16941
3	0.04854	0.01301	0.02099	0.01717	0.02091	0.01276	0.17335	0.05444	0.06219	0.02906	0.26404	0.17681	0.04424	0.01437	0.00915	0.00269	0.00697	0.01351	0.00697	0.00882
4	0.01729	0.01601	0.02664	0.12243	0.45708	0.01632	0.02054	0.02187	0.01870	0.02643	0.15080	0.02807	0.02528	0.00908	0.00817	0.00242	0.00838	0.00858	0.00488	0.01103
5	0.02226	0.01703	0.02808	0.13771	0.44521	0.01716	0.02135	0.02672	0.01870	0.16079	0.01821	0.02138	0.01374	0.00777	0.00789	0.00242	0.00903	0.00725	0.00509	0.01220

[dist]
# distance from previous block
# <min> <max>
6	20

[block]
# block no. 1 follows, 24 sequences, length 40
# corresponding to MSA columns:
# 68-107
name=unknown_B
#
# <colnr> <probs for GDERKNQSTAVLIFYWHMCP>
#	G	D	E	R	K	N	Q	S	T	A	V	L	I	F	Y	W	H	M	C	P
0	0.12937	0.21115	0.02469	0.01570	0.04724	0.10812	0.01258	0.06928	0.09553	0.02701	0.01516	0.01655	0.01233	0.00752	0.00618	0.00193	0.00811	0.00535	0.00489	0.18132
1	0.02374	0.08404	0.08140	0.01704	0.04394	0.01754	0.03651	0.19355	0.04482	0.15897	0.02311	0.10092	0.01895	0.01042	0.00766	0.00233	0.00775	0.00862	0.03640	0.08229
2	0.08298	0.02635	0.31030	0.07719	0.05304	0.01650	0.10011	0.02545	0.01779	0.12021	0.05206	0.04848	0.01674	0.00889	0.00785	0.00255	0.00987	0.00771	0.00497	0.01094
3	0.01516	0.01524	0.03036	0.02351	0.02846	0.01432	0.35632	0.02002	0.01847	0.02507	0.11760	0.17833	0.03281	0.01336	0.00968	0.00286	0.00956	0.07415	0.00571	0.00901
4	0.01732	0.01466	0.02489	0.57043	0.08286	0.01725	0.05279	0.02244	0.01675	0.08174	0.01583	0.02162	0.01159	0.00799	0.00800	0.00261	0.01030	0.00725	0.00415	0.00953
5	0.01863	0.38338	0.27012	0.01850	0.02696	0.02463	0.07731	0.02401	0.01686	0.02217	0.04125	0.01700	0.01312	0.00745	0.00655	0.00211	0.00989	0.00574	0.00367	0.01066
6	0.01640	0.10453	0.62101	0.02176	0.03303	0.01962	0.02784	0.02499	0.01668	0.02451	0.01393	0.01637	0.01006	0.00746	0.00731	0.00244	0.01142	0.00571	0.00335	0.01158
7	0.01092	0.00800	0.01032	0.01053	0.01222	0.00740	0.00795	0.01401	0.02009	0.02751	0.40965	0.18846	0.13190	0.01895	0.00969	0.00279	0.00437	0.08991	0.00815	0.00718
8	0.01591	0.02407	0.31497	0.01816	0.04904	0.01360	0.01888	0.02243	0.03756	0.08060	0.16959	0.09940	0.03274	0.01248	0.00851	0.00265	0.00824	0.05508	0.00595	0.01013
9	0.01677	0.01897	0.07653	0.33617	0.07749	0.01909	0.24170	0.02252	0.01676	0.02260	0.01456	0.02057	0.01114	0.00786	0.00975	0.00269	0.06348	0.00778	0.00370	0.00985
10	0.00966	0.00690	0.00920	0.01104	0.01150	0.00644	0.00736	0.01104	0.01518	0.02024	0.04371	0.71614	0.05245	0.02484	0.01012	0.00322	0.00460	0.02254	0.00736	0.00644
11	0.01133	0.00850	0.01274	0.01274	0.01416	0.00991	0.00991	0.01416	0.01274	0.01841	0.02124	0.03115	0.01982	0.05947	0.68989	0.01274	0.02124	0.00850	0.00425	0.00708
12	0.12942	0.01886	0.02680	0.12114	0.39682	0.04459	0.02032	0.09902	0.01961	0.02924	0.01465	0.01858	0.01176	0.00756	0.00742	0.00240	0.00920	0.00660	0.00451	0.01150
13	0.01002	0.00705	0.00909	0.01058	0.01095	0.00668	0.00687	0.01114	0.01448	0.01930	0.04009	0.58778	0.04788	0.15942	0.01596	0.00408	0.00520	0.02042	0.00687	0.00612
14	0.01682	0.01914	0.08024	0.30520	0.07066	0.01893	0.24210	0.02250	0.01673	0.02277	0.01451	0.02036	0.01116	0.00786	0.00989	0.00265	0.07145	0.00769	0.00374	0.03558
15	0.01293	0.00933	0.01284	0.01442	0.01634	0.00939	0.01250	0.01719	0.03926	0.02444	0.07315	0.08598	0.04641	0.02126	0.01078	0.00356	0.00709	0.56825	0.00740	0.00748
16	0.01644	0.01409	0.01644	0.01175	0.01879	0.01057	0.00940	0.01997	0.01644	0.02584	0.01409	0.01644	0.01175	0.00587	0.00587	0.00117	0.00587	0.00470	0.00470	0.76979
17	0.01670	0.16634	0.47124	0.01943	0.02933	0.01965	0.02360	0.02381	0.01653	0.02377	0.01480	0.04411	0.01193	0.00794	0.00702	0.00226	0.01028	0.00612	0.00364	0.08150
18	0.02120	0.72609	0.04155	0.01357	0.02035	0.03138	0.01357	0.02374	0.01611	0.01866	0.01102	0.01272	0.01018	0.00678	0.00509	0.00170	0.00848	0.00424	0.00339	0.01018
19	0.01051	0.00726	0.00895	0.00996	0.01021	0.00700	0.00621	0.01126	0.01353	0.01804	0.03525	0.41594	0.04177	0.33961	0.02379	0.00524	0.00600	0.01757	0.00621	0.00570
20	0.01138	0.00829	0.01168	0.01168	0.01273	0.00934	0.00859	0.01348	0.01243	0.01762	0.02221	0.03653	0.02216	0.23103	0.52153	0.01143	0.01773	0.00928	0.00439	0.00649
21	0.01728	0.01767	0.02794	0.02281	0.02436	0.02272	0.13627	0.01995	0.01353	0.02034	0.01290	0.04793	0.01251	0.01297	0.02217	0.00331	0.54458	0.00807	0.00374	0.00896
22	0.01126	0.00757	0.00873	0.00900	0.00906	0.00751	0.00518	0.01146	0.01206	0.01608	0.02770	0.14828	0.03226	0.62025	0.03597	0.00704	0.00724	0.01313	0.00518	0.00504
23	0.01377	0.00689	0.01033	0.01033	0.01033	0.00689	0.00689	0.01033	0.01033	0.01377	0.01377	0.02410	0.01377	0.02755	0.03099	0.76928	0.00689	0.00689	0.00344	0.00344
24	0.05935	0.44744	0.23178	0.01648	0.02452	0.06016	0.01815	0.02454	0.01649	0.02152	0.01206	0.01402	0.01006	0.00711	0.00592	0.00200	0.00963	0.00478	0.00349	0.01051
25	0.01132	0.00765	0.00866	0.00879	0.00892	0.00756	0.00503	0.01149	0.01203	0.01594	0.02837	0.09849	0.05465	0.64690	0.03711	0.00719	0.00734	0.01249	0.00508	0.00499
26	0.01478	0.00739	0.00739	0.00739	0.00924	0.00739	0.00554	0.01848	0.01663	0.02956	0.02587	0.02956	0.02033	0.00924	0.00554	0.00185	0.00370	0.00739	0.76534	0.00739
27	0.09099	0.02059	0.08216	0.07085	0.39768	0.01959	0.02124	0.12296	0.04557	0.03053	0.01579	0.01914	0.01248	0.00771	0.00758	0.00241	0.00913	0.00679	0.00474	0.01207
28	0.09369	0.08831	0.33005	0.16928	0.03587	0.01970	0.07954	0.05024	0.01722	0.02565	0.01398	0.01749	0.01035	0.00755	0.00733	0.00247	0.01065	0.00620	0.00380	0.01062
29	0.01048	0.00798	0.01085	0.07501	0.01582	0.00770	0.00875	0.01236	0.01545	0.02058	0.04134	0.58438	0.07781	0.02209	0.00967	0.00304	0.00519	0.01992	0.00687	0.04469
30	0.02260	0.01762	0.01637	0.01389	0.01759	0.11172	0.01101	0.24756	0.02471	0.03496	0.02064	0.02293	0.01589	0.00943	0.00771	0.00215	0.04387	0.00695	0.34247	0.00992
31	0.01950	0.01413	0.01680	0.01229	0.01909	0.01112	0.00987	0.02374	0.04405	0.12563	0.01748	0.01860	0.01347	0.00668	0.00628	0.00143	0.00602	0.00538	0.00562	0.62282
32	0.02021	0.56180	0.13429	0.01671	0.02433	0.02846	0.07420	0.02410	0.01644	0.02021	0.01195	0.01411	0.01033	0.00688	0.00584	0.00190	0.00940	0.00495	0.00344	0.01045
33	0.02690	0.10123	0.02331	0.01791	0.02242	0.36897	0.01418	0.17469	0.02434	0.02760	0.01504	0.01692	0.01201	0.00868	0.00770	0.00212	0.03852	0.00580	0.08156	0.01011
34	0.01644	0.01409	0.01644	0.01175	0.01879	0.01057	0.00940	0.01997	0.01644	0.02584	0.01409	0.01644	0.01175	0.00587	0.00587	0.00117	0.00587	0.00470	0.00470	0.76979
35	0.01700	0.01450	0.02598	0.32306	0.03872	0.01560	0.18717	0.02218	0.01716	0.05718	0.01824	0.02347	0.01370	0.00799	0.00777	0.00246	0.00954	0.00781	0.18126	0.00923
36	0.37049	0.36210	0.02676	0.01248	0.01826	0.05959	0.01136	0.02396	0.01524	0.02650	0.01110	0.01288	0.00945	0.00712	0.00511	0.00206	0.00770	0.00431	0.00413	0.00939
37	0.03452	0.01326	0.01806	0.01393	0.01988	0.01147	0.01147	0.03761	0.02269	0.64922	0.05901	0.02840	0.02203	0.01009	0.00803	0.00246	0.00662	0.00825	0.00977	0.01323
38	0.00974	0.00696	0.00927	0.01099	0.01152	0.00649	0.00737	0.01124	0.01555	0.02082	0.07510	0.68309	0.05357	0.02441	0.01008	0.00318	0.00456	0.02213	0.00743	0.00649
39	0.08996	0.05566	0.03103	0.07215	0.39843	0.01975	0.10173	0.04659	0.05938	0.02736	0.01572	0.01957	0.01268	0.00740	0.00765	0.00241	0.00941	0.00708	0.00438	0.01166

[dist]
# distance from previous block
# <min> <max>
0	1

[block]
# block no. 2 follows, 24 sequences, length 19
# corresponding to MSA columns:
# 109-127
name=unknown_C
#
# <colnr> <probs for GDERKNQSTAVLIFYWHMCP>
#	G	D	E	R	K	N	Q	S	T	A	V	L	I	F	Y	W	H	M	C	P
0	0.02147	0.01861	0.06453	0.01609	0.02137	0.01880	0.01353	0.15113	0.39497	0.07645	0.03297	0.03092	0.08137	0.01111	0.00812	0.00260	0.00694	0.00907	0.00776	0.01218
1	0.01169	0.00753	0.01003	0.01111	0.01216	0.00695	0.00768	0.01351	0.01669	0.06784	0.12719	0.57906	0.05317	0.02262	0.00987	0.00307	0.00463	0.02041	0.00772	0.00708
2	0.73120	0.05869	0.01348	0.01062	0.01564	0.01862	0.00889	0.02334	0.01365	0.03455	0.01104	0.01287	0.00868	0.00733	0.00492	0.00241	0.00628	0.00429	0.00481	0.00868
3	0.00987	0.00706	0.00939	0.01090	0.01155	0.00658	0.00738	0.01157	0.01616	0.02181	0.12806	0.62733	0.05547	0.02368	0.01002	0.00312	0.00448	0.02143	0.00755	0.00658
4	0.01699	0.01779	0.03498	0.28706	0.07751	0.01871	0.32582	0.02274	0.01751	0.02350	0.04161	0.02260	0.01401	0.00783	0.00934	0.00267	0.03699	0.00847	0.00399	0.00987
5	0.00966	0.00690	0.00920	0.01104	0.01150	0.00644	0.00736	0.01104	0.01518	0.02024	0.04371	0.71614	0.05245	0.02484	0.01012	0.00322	0.00460	0.02254	0.00736	0.00644
6	0.01122	0.00811	0.01060	0.00998	0.01185	0.00748	0.00748	0.01496	0.02245	0.03180	0.66766	0.05923	0.07482	0.01621	0.00935	0.00249	0.00374	0.01434	0.00873	0.00748
7	0.77733	0.01534	0.01166	0.01043	0.01534	0.01779	0.00859	0.02331	0.01350	0.03558	0.01104	0.01288	0.00859	0.00736	0.00491	0.00245	0.00613	0.00429	0.00491	0.00859
8	0.01644	0.01409	0.01644	0.01175	0.01879	0.01057	0.00940	0.01997	0.01644	0.02584	0.01409	0.01644	0.01175	0.00587	0.00587	0.00117	0.00587	0.00470	0.00470	0.76979
9	0.01149	0.00785	0.00949	0.00949	0.00978	0.00814	0.00585	0.01207	0.01178	0.01600	0.02422	0.04764	0.02698	0.58548	0.17367	0.00873	0.01047	0.01091	0.00469	0.00527
10	0.02060	0.64841	0.11397	0.01459	0.02194	0.02991	0.01535	0.02390	0.01618	0.01939	0.01139	0.01318	0.01016	0.00687	0.00537	0.00179	0.00885	0.00442	0.00339	0.01035
11	0.00989	0.00801	0.00878	0.00868	0.01105	0.00690	0.00648	0.01234	0.01915	0.02420	0.23896	0.09730	0.48208	0.01922	0.00940	0.00265	0.00396	0.01632	0.00774	0.00690
12	0.00987	0.00706	0.00939	0.01090	0.01155	0.00658	0.00738	0.01157	0.01616	0.02181	0.12806	0.62733	0.05547	0.02368	0.01002	0.00312	0.00448	0.02143	0.00755	0.00658
13	0.03162	0.01451	0.01805	0.01407	0.01967	0.01381	0.01155	0.16398	0.02496	0.45736	0.02797	0.02566	0.01843	0.00967	0.00764	0.00236	0.00675	0.00772	0.11155	0.01267
14	0.58719	0.01991	0.12496	0.01564	0.07313	0.01798	0.01336	0.02370	0.01442	0.03303	0.01190	0.01409	0.00916	0.00737	0.00559	0.00246	0.00734	0.00479	0.00457	0.00944
15	0.02916	0.01601	0.02255	0.09784	0.18330	0.04586	0.01605	0.03282	0.02081	0.41580	0.02452	0.02396	0.01647	0.00886	0.00790	0.00243	0.00817	0.00752	0.00742	0.01255
16	0.01795	0.01835	0.02420	0.02080	0.02100	0.05691	0.01725	0.01970	0.01265	0.01910	0.01050	0.01720	0.01040	0.01360	0.02510	0.00340	0.67284	0.00685	0.00350	0.00870
17	0.01789	0.01689	0.02729	0.28362	0.31336	0.01858	0.04477	0.02581	0.12267	0.02500	0.01752	0.02189	0.01373	0.00798	0.00797	0.00253	0.00947	0.00746	0.00446	0.01111
18	0.04486	0.05061	0.02343	0.13912	0.10830	0.22889	0.01664	0.10357	0.02100	0.05919	0.01828	0.04156	0.03958	0.00959	0.00894	0.00241	0.06181	0.00718	0.00494	0.01011

[dist]
# distance from previous block
# <min> <max>
1	3

[block]
# block no. 3 follows, 24 sequences, length 23
# corresponding to MSA columns:
# 131-153
name=unknown_D
#
# <colnr> <probs for GDERKNQSTAVLIFYWHMCP>
#	G	D	E	R	K	N	Q	S	T	A	V	L	I	F	Y	W	H	M	C	P
0	0.02172	0.01631	0.01898	0.06189	0.02286	0.01589	0.01229	0.19831	0.09438	0.08396	0.02026	0.05281	0.01609	0.00879	0.00720	0.00198	0.00705	0.00712	0.00643	0.32568
1	0.01873	0.02178	0.08555	0.03111	0.07858	0.01944	0.47481	0.04968	0.05216	0.02706	0.04683	0.02303	0.01550	0.00753	0.00901	0.00262	0.01201	0.00909	0.00454	0.01094
2	0.01605	0.01368	0.01603	0.01170	0.01837	0.01033	0.00928	0.01945	0.01637	0.02552	0.01580	0.05676	0.01409	0.00697	0.00612	0.00129	0.00580	0.00573	0.00485	0.72580
3	0.02909	0.03678	0.02299	0.02193	0.05900	0.65375	0.01580	0.03127	0.02224	0.01975	0.01240	0.01458	0.01034	0.00811	0.00719	0.00206	0.01404	0.00521	0.00408	0.00937
4	0.01122	0.00773	0.00952	0.00979	0.01013	0.00794	0.00616	0.01197	0.01230	0.01667	0.02699	0.14483	0.03054	0.49192	0.16132	0.00801	0.00985	0.01255	0.00507	0.00548
5	0.01774	0.01800	0.02309	0.01995	0.02022	0.06610	0.01635	0.01937	0.01277	0.01885	0.01154	0.01954	0.01167	0.06236	0.02579	0.00367	0.61381	0.00714	0.00360	0.00844
6	0.00966	0.00690	0.00920	0.01104	0.01150	0.00644	0.00736	0.01104	0.01518	0.02024	0.04371	0.71614	0.05245	0.02484	0.01012	0.00322	0.00460	0.02254	0.00736	0.00644
7	0.01735	0.01735	0.02429	0.02082	0.02082	0.02429	0.01735	0.01908	0.01214	0.01908	0.01041	0.01735	0.01041	0.01388	0.02602	0.00347	0.70680	0.00694	0.00347	0.00867
8	0.01387	0.00693	0.01005	0.01005	0.01023	0.00693	0.00676	0.01110	0.01093	0.01527	0.01492	0.02462	0.01439	0.02582	0.02859	0.69677	0.00659	0.00693	0.07544	0.00382
9	0.01498	0.01409	0.02378	0.70226	0.05462	0.01762	0.02202	0.02026	0.01586	0.02026	0.01409	0.02114	0.01057	0.00793	0.00793	0.00264	0.01057	0.00705	0.00352	0.00881
10	0.01222	0.00963	0.01375	0.01326	0.01425	0.01161	0.01018	0.01445	0.01247	0.01803	0.02028	0.03241	0.01988	0.15579	0.49455	0.01064	0.11667	0.00875	0.00422	0.00695
11	0.01136	0.00771	0.00886	0.00894	0.00913	0.00771	0.00522	0.01164	0.01200	0.01597	0.02775	0.07984	0.05442	0.63053	0.07115	0.00756	0.00811	0.01205	0.00498	0.00506
12	0.01133	0.00850	0.01274	0.01274	0.01416	0.00991	0.00991	0.01416	0.01274	0.01841	0.02124	0.03115	0.01982	0.05947	0.68989	0.01274	0.02124	0.00850	0.00425	0.00708
13	0.02120	0.72609	0.04155	0.01357	0.02035	0.03138	0.01357	0.02374	0.01611	0.01866	0.01102	0.01272	0.01018	0.00678	0.00509	0.00170	0.00848	0.00424	0.00339	0.01018
14	0.01644	0.01409	0.01644	0.01175	0.01879	0.01057	0.00940	0.01997	0.01644	0.02584	0.01409	0.01644	0.01175	0.00587	0.00587	0.00117	0.00587	0.00470	0.00470	0.76979
15	0.01644	0.01409	0.01644	0.01175	0.01879	0.01057	0.00940	0.01997	0.01644	0.02584	0.01409	0.01644	0.01175	0.00587	0.00587	0.00117	0.00587	0.00470	0.00470	0.76979
16	0.01590	0.04102	0.68023	0.02260	0.03432	0.01842	0.02930	0.02511	0.01674	0.02511	0.01423	0.01674	0.01005	0.00753	0.00753	0.00251	0.01172	0.00586	0.00335	0.01172
17	0.01112	0.00758	0.00908	0.00947	0.00968	0.00759	0.00574	0.01163	0.01241	0.01665	0.02870	0.19237	0.03319	0.52161	0.08369	0.00712	0.00807	0.01365	0.00531	0.00533
18	0.01872	0.02139	0.04679	0.03342	0.04144	0.02005	0.64305	0.02540	0.01872	0.02540	0.01604	0.02139	0.01203	0.00668	0.00936	0.00267	0.01337	0.00936	0.00401	0.01070
19	0.01972	0.01703	0.01793	0.01614	0.02062	0.01972	0.01255	0.04214	0.65752	0.03317	0.03228	0.02959	0.02421	0.01076	0.00807	0.00269	0.00628	0.00897	0.00807	0.01255
20	0.01016	0.00806	0.00913	0.00886	0.01119	0.00703	0.00665	0.01291	0.01994	0.02584	0.33039	0.06904	0.41581	0.01843	0.00936	0.00260	0.00390	0.01572	0.00795	0.00703
21	0.00962	0.00705	0.00904	0.01063	0.01139	0.00648	0.00718	0.01109	0.01558	0.02040	0.04868	0.62923	0.13614	0.02420	0.01002	0.00315	0.00452	0.02175	0.00736	0.00648
22	0.01707	0.01751	0.03357	0.12269	0.10845	0.01748	0.33077	0.02406	0.07475	0.02542	0.06452	0.08586	0.02087	0.00952	0.00894	0.00267	0.01046	0.01025	0.00491	0.01021

[dist]
# distance from previous block
# <min> <max>
0	1

[block]
# block no. 4 follows, 24 sequences, length 59
# corresponding to MSA columns:
# 155-213
name=unknown_E
#
# <colnr> <probs for GDERKNQSTAVLIFYWHMCP>
#	G	D	E	R	K	N	Q	S	T	A	V	L	I	F	Y	W	H	M	C	P
0	0.05860	0.09918	0.02390	0.01738	0.02283	0.16287	0.01416	0.38108	0.02941	0.03759	0.01814	0.06534	0.01494	0.00992	0.00749	0.00230	0.00947	0.00735	0.00648	0.01154
1	0.10572	0.05789	0.32501	0.01838	0.02681	0.01698	0.04659	0.02877	0.05438	0.18701	0.04405	0.02121	0.01561	0.00852	0.00742	0.00247	0.00919	0.00679	0.00561	0.01158
2	0.02118	0.41576	0.17919	0.01529	0.02290	0.02389	0.01628	0.02538	0.01708	0.09946	0.01498	0.01627	0.01181	0.00737	0.00605	0.00195	0.00864	0.00521	0.03753	0.05378
3	0.02439	0.05235	0.02194	0.04283	0.02371	0.02242	0.01411	0.31671	0.31942	0.03970	0.02454	0.02365	0.01813	0.00990	0.00786	0.00250	0.00766	0.00784	0.00762	0.01273
4	0.01826	0.02125	0.06774	0.03319	0.09003	0.01926	0.54097	0.02464	0.01842	0.02519	0.01717	0.05347	0.01388	0.00759	0.00920	0.00267	0.01258	0.00966	0.00414	0.01068
5	0.01565	0.01524	0.02316	0.01983	0.02090	0.01950	0.08417	0.01794	0.01348	0.01996	0.01804	0.15067	0.01915	0.01817	0.06515	0.00395	0.45210	0.01026	0.00432	0.00837
6	0.01735	0.01735	0.02429	0.02082	0.02082	0.02429	0.01735	0.01908	0.01214	0.01908	0.01041	0.01735	0.01041	0.01388	0.02602	0.00347	0.70680	0.00694	0.00347	0.00867
7	0.01107	0.00822	0.01048	0.01177	0.01339	0.00776	0.00934	0.01356	0.01713	0.02189	0.05137	0.24474	0.20397	0.05277	0.01163	0.00347	0.00580	0.28760	0.00722	0.00682
8	0.77733	0.01534	0.01166	0.01043	0.01534	0.01779	0.00859	0.02331	0.01350	0.03558	0.01104	0.01288	0.00859	0.00736	0.00491	0.00245	0.00613	0.00429	0.00491	0.00859
9	0.01133	0.00850	0.01274	0.01274	0.01416	0.00991	0.00991	0.01416	0.01274	0.01841	0.02124	0.03115	0.01982	0.05947	0.68989	0.01274	0.02124	0.00850	0.00425	0.00708
10	0.01136	0.00838	0.01215	0.01215	0.01337	0.00959	0.00918	0.01378	0.01257	0.01797	0.02178	0.03414	0.02112	0.15470	0.59643	0.01202	0.01929	0.00893	0.00433	0.00675
11	0.01498	0.01409	0.02378	0.70226	0.05462	0.01762	0.02202	0.02026	0.01586	0.02026	0.01409	0.02114	0.01057	0.00793	0.00793	0.00264	0.01057	0.00705	0.00352	0.00881
12	0.02120	0.72609	0.04155	0.01357	0.02035	0.03138	0.01357	0.02374	0.01611	0.01866	0.01102	0.01272	0.01018	0.00678	0.00509	0.00170	0.00848	0.00424	0.00339	0.01018
13	0.02305	0.01891	0.01875	0.01604	0.02060	0.07417	0.01263	0.25413	0.27206	0.03676	0.02615	0.07784	0.02102	0.01105	0.00787	0.00249	0.00745	0.00890	0.07848	0.01166
14	0.01665	0.04441	0.01751	0.01182	0.01886	0.01146	0.00957	0.02013	0.01643	0.02553	0.01396	0.01628	0.01168	0.00591	0.00584	0.00120	0.00598	0.00468	0.00464	0.73745
15	0.02085	0.68071	0.08386	0.01417	0.02128	0.03052	0.01461	0.02384	0.01615	0.01908	0.01124	0.01299	0.01017	0.00683	0.00525	0.00175	0.00869	0.00435	0.00339	0.01028
16	0.03136	0.06796	0.02320	0.01652	0.02283	0.02069	0.01381	0.39748	0.03089	0.25969	0.02262	0.02129	0.01533	0.00943	0.00775	0.00236	0.00804	0.00722	0.00825	0.01326
17	0.01007	0.00714	0.00936	0.01088	0.01141	0.00674	0.00731	0.01151	0.01528	0.02044	0.07283	0.58518	0.05072	0.09992	0.01340	0.00369	0.00500	0.04561	0.00715	0.00635
18	0.01644	0.01409	0.01644	0.01175	0.01879	0.01057	0.00940	0.01997	0.01644	0.02584	0.01409	0.01644	0.01175	0.00587	0.00587	0.00117	0.00587	0.00470	0.00470	0.76979
19	0.02349	0.01588	0.01817	0.01464	0.01925	0.01666	0.01180	0.33939	0.03005	0.11006	0.26848	0.03527	0.03761	0.01211	0.00848	0.00243	0.00661	0.00998	0.00844	0.01119
20	0.01175	0.00767	0.00857	0.00857	0.00869	0.00767	0.00485	0.01199	0.01187	0.01632	0.02504	0.05041	0.02827	0.67415	0.03805	0.00730	0.00742	0.01126	0.05518	0.00498
21	0.01076	0.00803	0.00999	0.00961	0.01159	0.00727	0.00717	0.01402	0.02118	0.02905	0.51343	0.09350	0.20030	0.01744	0.00939	0.00257	0.00384	0.01523	0.00837	0.00727
22	0.77733	0.01534	0.01166	0.01043	0.01534	0.01779	0.00859	0.02331	0.01350	0.03558	0.01104	0.01288	0.00859	0.00736	0.00491	0.00245	0.00613	0.00429	0.00491	0.00859
23	0.04145	0.04016	0.65780	0.02219	0.03368	0.01840	0.02860	0.02505	0.01663	0.02546	0.01412	0.01661	0.01000	0.00753	0.00745	0.00251	0.01153	0.00581	0.00340	0.01161
24	0.02964	0.03721	0.02252	0.02035	0.02452	0.66460	0.01531	0.05463	0.02303	0.02055	0.01251	0.01448	0.01034	0.00822	0.00718	0.00206	0.01409	0.00518	0.00423	0.00935
25	0.01650	0.09781	0.58062	0.02213	0.03288	0.01979	0.04832	0.02479	0.01659	0.02435	0.01388	0.01658	0.01014	0.00767	0.00806	0.00248	0.03669	0.00588	0.00338	0.01144
26	0.07168	0.01336	0.01774	0.01375	0.01965	0.01179	0.01133	0.03689	0.02223	0.61817	0.05694	0.02764	0.02139	0.00996	0.00788	0.00246	0.00659	0.00806	0.00952	0.01300
27	0.02031	0.01804	0.03048	0.10518	0.57114	0.01823	0.02325	0.02496	0.01818	0.07046	0.01597	0.02027	0.01287	0.00733	0.00787	0.00239	0.00934	0.00713	0.00430	0.01229
28	0.01963	0.01884	0.03219	0.04867	0.67185	0.01884	0.02434	0.02434	0.01806	0.02591	0.01492	0.01963	0.01256	0.00707	0.00785	0.00236	0.00942	0.00707	0.00393	0.01256
29	0.68722	0.06929	0.01437	0.01111	0.01612	0.04915	0.00926	0.02372	0.01410	0.03359	0.01110	0.01293	0.00878	0.00735	0.00502	0.00238	0.00668	0.00433	0.00476	0.00873
30	0.01375	0.00772	0.00899	0.00899	0.01071	0.00815	0.00685	0.01718	0.01547	0.02622	0.02448	0.03004	0.02018	0.02428	0.21051	0.00511	0.00895	0.00772	0.53738	0.00730
31	0.02091	0.01846	0.02114	0.01904	0.05488	0.04405	0.05691	0.11658	0.45041	0.03344	0.02991	0.02861	0.04861	0.01044	0.00815	0.00261	0.00744	0.00886	0.00739	0.01217
32	0.00937	0.00803	0.00803	0.00803	0.01071	0.00669	0.00602	0.01138	0.01807	0.02142	0.08033	0.07632	0.66863	0.02008	0.00937	0.00268	0.00402	0.01674	0.00736	0.00669
33	0.02205	0.01852	0.01979	0.01864	0.06438	0.04903	0.01371	0.11160	0.48726	0.06150	0.02865	0.02691	0.02137	0.01021	0.00799	0.00259	0.00714	0.00841	0.00768	0.01256
34	0.01863	0.02111	0.04561	0.03258	0.04056	0.01968	0.61839	0.02519	0.01863	0.02542	0.01597	0.02120	0.01202	0.00665	0.00922	0.00262	0.01308	0.00918	0.00404	0.04024
35	0.01219	0.00871	0.01210	0.01393	0.01550	0.00862	0.01175	0.01541	0.01767	0.02307	0.04231	0.20819	0.04693	0.02246	0.01080	0.00357	0.00679	0.50556	0.00731	0.00714
36	0.77733	0.01534	0.01166	0.01043	0.01534	0.01779	0.00859	0.02331	0.01350	0.03558	0.01104	0.01288	0.00859	0.00736	0.00491	0.00245	0.00613	0.00429	0.00491	0.00859
37	0.02105	0.62627	0.10475	0.01478	0.02194	0.05982	0.01523	0.02424	0.01646	0.01934	0.01140	0.01320	0.01016	0.00692	0.00543	0.00179	0.00907	0.00444	0.00342	0.01029
38	0.02962	0.03779	0.02247	0.02043	0.02451	0.68948	0.01532	0.03166	0.02247	0.01941	0.01226	0.01430	0.01021	0.00817	0.00715	0.00204	0.01430	0.00511	0.00409	0.00919
39	0.01028	0.00763	0.00961	0.01025	0.01168	0.00696	0.00738	0.01269	0.01838	0.02461	0.26663	0.34065	0.17720	0.02083	0.00975	0.00288	0.00431	0.04358	0.00783	0.00689
40	0.01153	0.00769	0.00865	0.00865	0.00865	0.00769	0.00480	0.01153	0.01153	0.01538	0.02499	0.05189	0.02883	0.72131	0.04036	0.00769	0.00769	0.01153	0.00480	0.00480
41	0.08421	0.01443	0.01846	0.01425	0.02032	0.01327	0.01177	0.09439	0.02345	0.57614	0.02880	0.02531	0.01832	0.00962	0.00777	0.00245	0.00689	0.00765	0.00931	0.01317
42	0.03558	0.01350	0.01840	0.01411	0.02024	0.01166	0.01166	0.03865	0.02270	0.67734	0.03128	0.02699	0.01963	0.00981	0.00797	0.00245	0.00675	0.00797	0.00981	0.01350
43	0.01122	0.00811	0.01060	0.00998	0.01185	0.00748	0.00748	0.01496	0.02245	0.03180	0.66766	0.05923	0.07482	0.01621	0.00935	0.00249	0.00374	0.01434	0.00873	0.00748
44	0.01129	0.00894	0.01246	0.01300	0.01363	0.01011	0.00957	0.01309	0.01409	0.01960	0.03285	0.43470	0.03767	0.03181	0.18314	0.00565	0.11891	0.01657	0.00597	0.00695
45	0.00966	0.00690	0.00920	0.01104	0.01150	0.00644	0.00736	0.01104	0.01518	0.02024	0.04371	0.71614	0.05245	0.02484	0.01012	0.00322	0.00460	0.02254	0.00736	0.00644
46	0.01160	0.00815	0.01013	0.01022	0.01060	0.00866	0.00666	0.01249	0.01239	0.01712	0.02603	0.12937	0.02906	0.45736	0.15842	0.00774	0.03984	0.01203	0.02646	0.00568
47	0.00965	0.00697	0.00914	0.01087	0.01146	0.00646	0.00729	0.01106	0.01535	0.02031	0.04578	0.67993	0.08732	0.02457	0.01008	0.00319	0.00457	0.02221	0.00736	0.00646
48	0.08341	0.05488	0.06765	0.01752	0.02195	0.01351	0.16239	0.02011	0.01723	0.08532	0.07045	0.29088	0.03195	0.01474	0.00876	0.00277	0.00770	0.01367	0.00616	0.00896
49	0.01645	0.01560	0.02646	0.49452	0.25080	0.01801	0.02276	0.02156	0.01656	0.02206	0.01436	0.02066	0.01120	0.00765	0.00790	0.00255	0.01021	0.00705	0.00365	0.01000
50	0.01874	0.01793	0.03058	0.17369	0.55378	0.01861	0.02389	0.02356	0.01764	0.02483	0.01476	0.01992	0.01218	0.00723	0.00787	0.00241	0.00964	0.00706	0.00385	0.01184
51	0.01731	0.01648	0.02801	0.37382	0.36478	0.01823	0.02319	0.02231	0.01696	0.02310	0.01451	0.02038	0.01157	0.00749	0.00789	0.00250	0.00999	0.00706	0.00373	0.01069
52	0.01860	0.01742	0.02942	0.15269	0.53391	0.01799	0.02290	0.02334	0.01762	0.02519	0.01540	0.02044	0.01268	0.00733	0.00773	0.00237	0.00928	0.00708	0.04695	0.01166
53	0.01584	0.03916	0.63481	0.06962	0.03573	0.01836	0.02880	0.02478	0.01668	0.02478	0.01422	0.01705	0.01008	0.00756	0.00756	0.00252	0.01164	0.00594	0.00336	0.01152
54	0.01595	0.01509	0.02554	0.56560	0.18367	0.01787	0.02251	0.02111	0.01632	0.02144	0.01427	0.02082	0.01099	0.00775	0.00791	0.00258	0.01033	0.00705	0.00361	0.00959
55	0.52118	0.04699	0.01589	0.08682	0.02097	0.04296	0.01114	0.08883	0.01711	0.03396	0.04193	0.01657	0.01244	0.00806	0.00585	0.00242	0.00718	0.00538	0.00516	0.00917
56	0.25757	0.01728	0.02057	0.13547	0.02707	0.01931	0.06232	0.23584	0.02332	0.03671	0.07582	0.02141	0.01705	0.00897	0.00723	0.00248	0.00814	0.00708	0.00599	0.01037
57	0.01855	0.05055	0.03195	0.24464	0.32379	0.04778	0.12192	0.02354	0.01758	0.02348	0.01455	0.01984	0.01166	0.00730	0.00796	0.00245	0.01057	0.00722	0.00380	0.01086
58	0.11618	0.06612	0.07421	0.14285	0.37851	0.01936	0.04473	0.02361	0.01693	0.02570	0.01402	0.01841	0.01138	0.00724	0.00734	0.00239	0.00942	0.00652	0.00392	0.01117

[dist]
# distance from previous block
# <min> <max>
0	7

[block]
# block no. 5 follows, 24 sequences, length 158
# corresponding to MSA columns:
# 221-378
name=unknown_F
#
# <colnr> <probs for GDERKNQSTAVLIFYWHMCP>
#	G	D	E	R	K	N	Q	S	T	A	V	L	I	F	Y	W	H	M	C	P
0	0.11668	0.10611	0.27193	0.05225	0.02667	0.01781	0.01859	0.02758	0.04318	0.16185	0.01773	0.01865	0.01261	0.00792	0.00693	0.00231	0.00887	0.00601	0.00520	0.07113
1	0.06597	0.04542	0.01945	0.01429	0.02034	0.01400	0.01187	0.07699	0.05271	0.54978	0.02877	0.02536	0.01855	0.00960	0.00772	0.00243	0.00690	0.00764	0.00912	0.01309
2	0.01077	0.00750	0.00988	0.01112	0.01186	0.00715	0.00758	0.03164	0.01617	0.02174	0.09654	0.58243	0.05027	0.02379	0.01157	0.06130	0.00483	0.02013	0.00720	0.00653
3	0.05025	0.09746	0.39676	0.04794	0.10362	0.04588	0.05081	0.02401	0.01687	0.02435	0.01578	0.06230	0.01315	0.00853	0.00747	0.00245	0.01058	0.00703	0.00381	0.01094
4	0.02437	0.02000	0.02387	0.07808	0.08829	0.05494	0.05007	0.35224	0.04942	0.03734	0.02029	0.02205	0.04172	0.00995	0.00887	0.03465	0.00894	0.00745	0.00634	0.06110
5	0.00966	0.00690	0.00920	0.01104	0.01150	0.00644	0.00736	0.01104	0.01518	0.02024	0.04371	0.71614	0.05245	0.02484	0.01012	0.00322	0.00460	0.02254	0.00736	0.00644
6	0.08842	0.03857	0.61656	0.02144	0.03251	0.01836	0.02733	0.02494	0.01643	0.02611	0.01393	0.01637	0.00991	0.00752	0.00728	0.00251	0.01119	0.00571	0.00350	0.01142
7	0.05761	0.02196	0.22941	0.01611	0.02298	0.01438	0.01652	0.06828	0.04797	0.22667	0.16478	0.02975	0.02802	0.01040	0.00800	0.00249	0.00776	0.00852	0.00707	0.01132
8	0.01900	0.08458	0.22112	0.03515	0.32821	0.04894	0.10129	0.02496	0.01779	0.02474	0.01442	0.01822	0.01147	0.00718	0.00769	0.00237	0.01071	0.00669	0.00373	0.01174
9	0.00966	0.00690	0.00920	0.01104	0.01150	0.00644	0.00736	0.01104	0.01518	0.02024	0.04371	0.71614	0.05245	0.02484	0.01012	0.00322	0.00460	0.02254	0.00736	0.00644
10	0.01747	0.01647	0.02781	0.40819	0.27490	0.01847	0.04944	0.04924	0.01771	0.02381	0.01469	0.02052	0.01148	0.00763	0.00796	0.00253	0.01020	0.00716	0.00388	0.01045
11	0.01828	0.21093	0.26847	0.08120	0.15523	0.02196	0.04433	0.02532	0.05853	0.02372	0.01475	0.01761	0.01160	0.00746	0.00709	0.00230	0.01004	0.00609	0.00382	0.01126
12	0.01843	0.02142	0.17631	0.31292	0.20121	0.01751	0.02323	0.02425	0.01730	0.08888	0.01606	0.02034	0.01186	0.00781	0.00782	0.00252	0.01016	0.00687	0.00422	0.01089
13	0.03456	0.01327	0.01808	0.01394	0.01989	0.01148	0.01148	0.03766	0.02269	0.65035	0.05789	0.02834	0.02194	0.01008	0.00803	0.00246	0.00662	0.00824	0.00977	0.01324
14	0.05212	0.06506	0.50244	0.02427	0.10047	0.01859	0.04688	0.02447	0.01701	0.02570	0.04140	0.01863	0.01303	0.00778	0.00748	0.00246	0.01079	0.00632	0.00373	0.01138
15	0.02131	0.01686	0.02033	0.16592	0.02841	0.01940	0.01503	0.15936	0.28887	0.07456	0.02652	0.02682	0.04595	0.01038	0.00894	0.00264	0.04190	0.00834	0.00691	0.01155
16	0.00966	0.00690	0.00920	0.01104	0.01150	0.00644	0.00736	0.01104	0.01518	0.02024	0.04371	0.71614	0.05245	0.02484	0.01012	0.00322	0.00460	0.02254	0.00736	0.00644
17	0.64653	0.07995	0.01522	0.01156	0.01657	0.07658	0.00960	0.02406	0.01450	0.03270	0.01114	0.01299	0.00887	0.00738	0.00512	0.00235	0.00704	0.00436	0.00470	0.00878
18	0.01020	0.00718	0.00931	0.01061	0.01102	0.00695	0.00694	0.01136	0.01419	0.01901	0.03797	0.52006	0.04494	0.18594	0.06126	0.00486	0.00639	0.01912	0.00658	0.00611
19	0.02501	0.01859	0.02025	0.01564	0.02154	0.01935	0.01273	0.43003	0.03008	0.04173	0.01955	0.04961	0.01533	0.00935	0.00738	0.00211	0.00752	0.00729	0.06633	0.18057
20	0.00966	0.00690	0.00920	0.01104	0.01150	0.00644	0.00736	0.01104	0.01518	0.02024	0.04371	0.71614	0.05245	0.02484	0.01012	0.00322	0.00460	0.02254	0.00736	0.00644
21	0.01615	0.07312	0.65030	0.02218	0.03367	0.01902	0.02856	0.02505	0.01671	0.02481	0.01408	0.01655	0.01005	0.00750	0.00742	0.00247	0.01157	0.00578	0.00335	0.01165
22	0.01904	0.02045	0.04402	0.03167	0.03930	0.01913	0.58988	0.02535	0.01873	0.05244	0.01785	0.05089	0.01405	0.00758	0.00933	0.00269	0.01272	0.00986	0.00439	0.01063
23	0.01963	0.01884	0.03219	0.04867	0.67185	0.01884	0.02434	0.02434	0.01806	0.02591	0.01492	0.01963	0.01256	0.00707	0.00785	0.00236	0.00942	0.00707	0.00393	0.01256
24	0.02169	0.01801	0.01904	0.01653	0.02137	0.02064	0.01303	0.15569	0.54077	0.03634	0.02978	0.02760	0.02219	0.01053	0.00804	0.00263	0.00674	0.00862	0.00804	0.01273
25	0.01963	0.01878	0.03168	0.04751	0.64849	0.01887	0.02391	0.02498	0.04100	0.02617	0.01554	0.01998	0.01298	0.00720	0.00786	0.00237	0.00931	0.00713	0.00407	0.01256
26	0.30597	0.10303	0.01933	0.01318	0.01884	0.01819	0.01114	0.12310	0.02071	0.24242	0.04025	0.01987	0.01526	0.00870	0.00653	0.00235	0.00694	0.00624	0.00689	0.01108
27	0.01278	0.00913	0.01278	0.01460	0.01643	0.00913	0.01278	0.01643	0.01825	0.02373	0.04199	0.08945	0.04564	0.02191	0.01095	0.00365	0.00730	0.61847	0.00730	0.00730
28	0.01963	0.01884	0.03219	0.04867	0.67185	0.01884	0.02434	0.02434	0.01806	0.02591	0.01492	0.01963	0.01256	0.00707	0.00785	0.00236	0.00942	0.00707	0.00393	0.01256
29	0.01825	0.01951	0.06064	0.02877	0.03572	0.01757	0.49631	0.02405	0.01836	0.06068	0.02081	0.12171	0.01821	0.00950	0.00933	0.00274	0.01168	0.01107	0.00479	0.01027
30	0.01498	0.01409	0.02378	0.70226	0.05462	0.01762	0.02202	0.02026	0.01586	0.02026	0.01409	0.02114	0.01057	0.00793	0.00793	0.00264	0.01057	0.00705	0.00352	0.00881
31	0.02132	0.56353	0.11334	0.01503	0.02199	0.02822	0.01547	0.02463	0.01641	0.06230	0.01268	0.01436	0.01079	0.00743	0.00664	0.00193	0.04481	0.00481	0.00381	0.01049
32	0.01803	0.01722	0.02931	0.27247	0.46050	0.01842	0.02354	0.02294	0.01730	0.02397	0.01463	0.02015	0.01188	0.00736	0.00788	0.00245	0.00981	0.00706	0.00379	0.01128
33	0.01963	0.01877	0.03166	0.04747	0.64777	0.01887	0.02390	0.02499	0.04170	0.02618	0.01556	0.01999	0.01299	0.00720	0.00786	0.00237	0.00930	0.00714	0.00408	0.01256
34	0.01122	0.00811	0.01060	0.00998	0.01185	0.00748	0.00748	0.01496	0.02245	0.03180	0.66766	0.05923	0.07482	0.01621	0.00935	0.00249	0.00374	0.01434	0.00873	0.00748
35	0.01122	0.00811	0.01060	0.00998	0.01185	0.00748	0.00748	0.01496	0.02245	0.03180	0.66766	0.05923	0.07482	0.01621	0.00935	0.00249	0.00374	0.01434	0.00873	0.00748
36	0.02253	0.01678	0.01829	0.01595	0.02076	0.01879	0.01255	0.07112	0.53539	0.12715	0.03149	0.02869	0.02302	0.01056	0.00805	0.00264	0.00646	0.00873	0.00831	0.01273
37	0.01898	0.01808	0.03036	0.10856	0.57052	0.01819	0.02314	0.02366	0.01774	0.02536	0.01478	0.01956	0.01232	0.00707	0.00773	0.00231	0.00930	0.00691	0.00394	0.06149
38	0.01972	0.01703	0.01793	0.01614	0.02062	0.01972	0.01255	0.04214	0.65752	0.03317	0.03228	0.02959	0.02421	0.01076	0.00807	0.00269	0.00628	0.00897	0.00807	0.01255
39	0.01153	0.00769	0.00865	0.00865	0.00865	0.00769	0.00480	0.01153	0.01153	0.01538	0.02499	0.05189	0.02883	0.72131	0.04036	0.00769	0.00769	0.01153	0.00480	0.00480
40	0.01735	0.01735	0.02429	0.02082	0.02082	0.02429	0.01735	0.01908	0.01214	0.01908	0.01041	0.01735	0.01041	0.01388	0.02602	0.00347	0.70680	0.00694	0.00347	0.00867
41	0.62507	0.01588	0.01317	0.01144	0.01637	0.01822	0.00938	0.10092	0.03730	0.03701	0.01340	0.01495	0.01024	0.00782	0.00541	0.00242	0.00635	0.00494	0.04043	0.00927
42	0.03437	0.01356	0.01826	0.01407	0.02004	0.01192	0.01159	0.05819	0.02318	0.62891	0.05767	0.02808	0.02175	0.01007	0.00803	0.00245	0.00669	0.00821	0.00971	0.01324
43	0.77733	0.01534	0.01166	0.01043	0.01534	0.01779	0.00859	0.02331	0.01350	0.03558	0.01104	0.01288	0.00859	0.00736	0.00491	0.00245	0.00613	0.00429	0.00491	0.00859
44	0.00940	0.00793	0.00814	0.00832	0.01079	0.00667	0.00615	0.01135	0.01780	0.02131	0.07684	0.13725	0.60995	0.02054	0.00944	0.00273	0.00407	0.01729	0.00736	0.00667
45	0.01115	0.00810	0.01049	0.00990	0.01180	0.00745	0.00742	0.01481	0.02226	0.03137	0.64311	0.05995	0.09965	0.01637	0.00935	0.00250	0.00375	0.01444	0.00867	0.00745
46	0.01248	0.00838	0.01100	0.01019	0.01228	0.00770	0.00770	0.01619	0.02246	0.06514	0.63480	0.05757	0.07197	0.01588	0.00928	0.00249	0.00390	0.01401	0.00879	0.00779
47	0.01644	0.01409	0.01644	0.01175	0.01879	0.01057	0.00940	0.01997	0.01644	0.02584	0.01409	0.01644	0.01175	0.00587	0.00587	0.00117	0.00587	0.00470	0.00470	0.76979
48	0.01122	0.00811	0.01060	0.00998	0.01185	0.00748	0.00748	0.01496	0.02245	0.03180	0.66766	0.05923	0.07482	0.01621	0.00935	0.00249	0.00374	0.01434	0.00873	0.00748
49	0.02120	0.72609	0.04155	0.01357	0.02035	0.03138	0.01357	0.02374	0.01611	0.01866	0.01102	0.01272	0.01018	0.00678	0.00509	0.00170	0.00848	0.00424	0.00339	0.01018
50	0.01958	0.01897	0.03294	0.04789	0.63929	0.01890	0.05629	0.02439	0.01809	0.02588	0.01497	0.01972	0.01253	0.00705	0.00793	0.00237	0.00962	0.00718	0.00393	0.01246
51	0.02962	0.03779	0.02247	0.02043	0.02451	0.68948	0.01532	0.03166	0.02247	0.01941	0.01226	0.01430	0.01021	0.00817	0.00715	0.00204	0.01430	0.00511	0.00409	0.00919
52	0.05395	0.62731	0.03821	0.01379	0.02033	0.06063	0.01334	0.02487	0.01664	0.05342	0.01213	0.01354	0.01060	0.00703	0.00533	0.00178	0.00857	0.00448	0.00382	0.01024
53	0.01122	0.00811	0.01060	0.00998	0.01185	0.00748	0.00748	0.01496	0.02245	0.03180	0.66766	0.05923	0.07482	0.01621	0.00935	0.00249	0.00374	0.01434	0.00873	0.00748
54	0.77733	0.01534	0.01166	0.01043	0.01534	0.01779	0.00859	0.02331	0.01350	0.03558	0.01104	0.01288	0.00859	0.00736	0.00491	0.00245	0.00613	0.00429	0.00491	0.00859
55	0.01133	0.00850	0.01274	0.01274	0.01416	0.00991	0.00991	0.01416	0.01274	0.01841	0.02124	0.03115	0.01982	0.05947	0.68989	0.01274	0.02124	0.00850	0.00425	0.00708
56	0.01498	0.01409	0.02378	0.70226	0.05462	0.01762	0.02202	0.02026	0.01586	0.02026	0.01409	0.02114	0.01057	0.00793	0.00793	0.00264	0.01057	0.00705	0.00352	0.00881
57	0.01590	0.04102	0.68023	0.02260	0.03432	0.01842	0.02930	0.02511	0.01674	0.02511	0.01423	0.01674	0.01005	0.00753	0.00753	0.00251	0.01172	0.00586	0.00335	0.01172
58	0.00966	0.00690	0.00920	0.01104	0.01150	0.00644	0.00736	0.01104	0.01518	0.02024	0.04371	0.71614	0.05245	0.02484	0.01012	0.00322	0.00460	0.02254	0.00736	0.00644
59	0.01644	0.01409	0.01644	0.01175	0.01879	0.01057	0.00940	0.01997	0.01644	0.02584	0.01409	0.01644	0.01175	0.00587	0.00587	0.00117	0.00587	0.00470	0.00470	0.76979
60	0.01612	0.03879	0.61428	0.02301	0.03391	0.01882	0.05740	0.02479	0.01658	0.02479	0.01410	0.01699	0.01016	0.00784	0.00864	0.00257	0.05022	0.00608	0.00339	0.01150
61	0.02117	0.01775	0.01875	0.01643	0.02117	0.02040	0.01290	0.12596	0.57134	0.03551	0.03044	0.02812	0.02272	0.01059	0.00805	0.00265	0.00662	0.00871	0.00805	0.01268
62	0.02120	0.72609	0.04155	0.01357	0.02035	0.03138	0.01357	0.02374	0.01611	0.01866	0.01102	0.01272	0.01018	0.00678	0.00509	0.00170	0.00848	0.00424	0.00339	0.01018
63	0.03452	0.01326	0.01806	0.01393	0.01988	0.01147	0.01147	0.03761	0.02269	0.64916	0.05907	0.02840	0.02204	0.01009	0.00803	0.00246	0.00662	0.00825	0.00977	0.01323
64	0.48705	0.11902	0.01835	0.01233	0.01784	0.02000	0.01051	0.10837	0.01806	0.10484	0.01431	0.01522	0.01067	0.00783	0.00567	0.00233	0.00689	0.00507	0.00563	0.01001
65	0.00966	0.00690	0.00920	0.01104	0.01150	0.00644	0.00736	0.01104	0.01518	0.02024	0.04371	0.71614	0.05245	0.02484	0.01012	0.00322	0.00460	0.02254	0.00736	0.00644
66	0.01963	0.01884	0.03219	0.04867	0.67185	0.01884	0.02434	0.02434	0.01806	0.02591	0.01492	0.01963	0.01256	0.00707	0.00785	0.00236	0.00942	0.00707	0.00393	0.01256
67	0.01873	0.01792	0.03056	0.17485	0.55269	0.01861	0.02389	0.02355	0.01763	0.02482	0.01476	0.01992	0.01218	0.00723	0.00787	0.00241	0.00964	0.00706	0.00385	0.01184
68	0.00957	0.00796	0.00823	0.00830	0.01071	0.00676	0.00610	0.01153	0.01781	0.02153	0.10149	0.10749	0.58144	0.05248	0.01084	0.00293	0.00420	0.01669	0.00731	0.00663
69	0.01458	0.00737	0.00746	0.00754	0.00933	0.00735	0.00562	0.01818	0.01657	0.02919	0.02659	0.05723	0.02162	0.00987	0.00573	0.00190	0.00373	0.00800	0.73479	0.00735
70	0.01911	0.01854	0.03231	0.11224	0.56985	0.01880	0.06438	0.02400	0.01788	0.02532	0.01491	0.01989	0.01233	0.00713	0.00796	0.00240	0.00979	0.00721	0.00389	0.01207
71	0.03376	0.05360	0.02001	0.01443	0.02055	0.01393	0.01202	0.07746	0.05002	0.57297	0.02941	0.02579	0.01890	0.00967	0.00782	0.00242	0.00695	0.00776	0.00926	0.01327
72	0.00937	0.00803	0.00803	0.00803	0.01071	0.00669	0.00602	0.01138	0.01807	0.02142	0.08033	0.07632	0.66863	0.02008	0.00937	0.00268	0.00402	0.01674	0.00736	0.00669
73	0.02665	0.01152	0.01554	0.01259	0.01716	0.01013	0.01013	0.02996	0.02260	0.44067	0.26459	0.03881	0.03986	0.01216	0.00848	0.00247	0.00565	0.01031	0.00942	0.01129
74	0.01625	0.08561	0.63866	0.02201	0.03341	0.01926	0.02827	0.02502	0.01670	0.02469	0.01402	0.01648	0.01005	0.00749	0.00737	0.00246	0.01151	0.00575	0.00335	0.01162
75	0.03558	0.01350	0.01840	0.01411	0.02024	0.01166	0.01166	0.03865	0.02270	0.67734	0.03128	0.02699	0.01963	0.00981	0.00797	0.00245	0.00675	0.00797	0.00981	0.01350
76	0.06587	0.01852	0.08560	0.34709	0.11661	0.04857	0.08542	0.02180	0.01711	0.02356	0.05304	0.02415	0.04204	0.00860	0.00794	0.00255	0.01007	0.00772	0.00417	0.00956
77	0.02563	0.23499	0.02791	0.01757	0.02272	0.27692	0.01454	0.13794	0.09255	0.02606	0.01521	0.01647	0.01232	0.00852	0.00757	0.00213	0.03967	0.00571	0.00497	0.01059
78	0.02120	0.72609	0.04155	0.01357	0.02035	0.03138	0.01357	0.02374	0.01611	0.01866	0.01102	0.01272	0.01018	0.00678	0.00509	0.00170	0.00848	0.00424	0.00339	0.01018
79	0.01762	0.06780	0.57355	0.02310	0.06804	0.01856	0.02719	0.02589	0.01717	0.06733	0.01524	0.01739	0.01081	0.00762	0.00747	0.00246	0.01113	0.00599	0.00380	0.01181
80	0.01789	0.07406	0.58211	0.02148	0.03240	0.01898	0.02689	0.05277	0.01793	0.06191	0.01522	0.01720	0.01073	0.00771	0.00745	0.00246	0.01115	0.00595	0.00391	0.01181
81	0.01498	0.01409	0.02378	0.70226	0.05462	0.01762	0.02202	0.02026	0.01586	0.02026	0.01409	0.02114	0.01057	0.00793	0.00793	0.00264	0.01057	0.00705	0.00352	0.00881
82	0.01159	0.00844	0.01116	0.01175	0.01359	0.00801	0.00950	0.01498	0.01987	0.02683	0.31959	0.11582	0.11503	0.01944	0.01006	0.00303	0.00527	0.26084	0.00794	0.00727
83	0.01963	0.01874	0.03140	0.04687	0.63585	0.01889	0.02369	0.02532	0.05340	0.02631	0.01588	0.02018	0.01320	0.00727	0.00786	0.00237	0.00925	0.00717	0.00415	0.01256
84	0.03558	0.01350	0.01840	0.01411	0.02024	0.01166	0.01166	0.03865	0.02270	0.67734	0.03128	0.02699	0.01963	0.00981	0.00797	0.00245	0.00675	0.00797	0.00981	0.01350
85	0.01153	0.00769	0.00865	0.00865	0.00865	0.00769	0.00480	0.01153	0.01153	0.01538	0.02499	0.05189	0.02883	0.72131	0.04036	0.00769	0.00769	0.01153	0.00480	0.00480
86	0.46395	0.01475	0.01470	0.04211	0.01892	0.01584	0.01037	0.02911	0.04632	0.24693	0.01884	0.01868	0.01304	0.00835	0.00620	0.00247	0.00654	0.00585	0.00661	0.01040
87	0.01644	0.01409	0.01644	0.01175	0.01879	0.01057	0.00940	0.01997	0.01644	0.02584	0.01409	0.01644	0.01175	0.00587	0.00587	0.00117	0.00587	0.00470	0.00470	0.76979
88	0.00950	0.00754	0.00854	0.00934	0.01105	0.00658	0.00660	0.01123	0.01682	0.02091	0.06445	0.35368	0.40151	0.02215	0.00970	0.00291	0.00427	0.01925	0.00736	0.00658
