[name]
unknown

[dist]
# distance from previous block
# <min> <max>
14	27

[block]
# block no. 0 follows, 23 sequences, length 16
# corresponding to MSA columns:
# 27-42
name=unknown_A
#
# <colnr> <probs for GDERKNQSTAVLIFYWHMCP>
#	G	D	E	R	K	N	Q	S	T	A	V	L	I	F	Y	W	H	M	C	P
0	0.02276	0.24381	0.04747	0.01777	0.02384	0.02390	0.08554	0.23906	0.02537	0.03350	0.11786	0.02411	0.02234	0.00967	0.00808	0.00230	0.02759	0.00775	0.00605	0.01123
1	0.15186	0.25274	0.02800	0.01614	0.02214	0.13705	0.01385	0.23161	0.02442	0.03289	0.01425	0.01549	0.01129	0.00822	0.00651	0.00216	0.00936	0.00549	0.00541	0.01111
2	0.15638	0.29097	0.08412	0.14070	0.02766	0.02393	0.01578	0.02667	0.11656	0.02547	0.01560	0.01774	0.01246	0.00798	0.00641	0.00229	0.00856	0.00579	0.00453	0.01038
3	0.01336	0.10359	0.13566	0.01173	0.01651	0.01241	0.01157	0.01725	0.01807	0.02434	0.09286	0.04981	0.31580	0.01442	0.00807	0.00243	0.00607	0.01177	0.12586	0.00842
4	0.01119	0.00849	0.01152	0.01134	0.01316	0.00883	0.00870	0.01420	0.01687	0.02330	0.21433	0.04860	0.15491	0.04081	0.36672	0.00815	0.01338	0.01195	0.00624	0.00729
5	0.01214	0.00784	0.00965	0.00965	0.00983	0.00802	0.00591	0.01194	0.01176	0.01586	0.02326	0.04592	0.02590	0.52377	0.12020	0.12860	0.00948	0.01066	0.00462	0.00499
6	0.01942	0.01696	0.02189	0.01658	0.02322	0.01580	0.08939	0.09236	0.17051	0.03081	0.01966	0.02096	0.01529	0.00771	0.00722	0.00190	0.00738	0.00671	0.00590	0.41036
7	0.02838	0.02141	0.02435	0.12615	0.03004	0.02403	0.01655	0.53925	0.03467	0.04631	0.01868	0.01982	0.01333	0.00948	0.00812	0.00248	0.00923	0.00729	0.00740	0.01304
8	0.02885	0.02209	0.02594	0.02444	0.14350	0.02407	0.01718	0.52379	0.03451	0.04658	0.01870	0.01959	0.01362	0.00928	0.00810	0.00243	0.00906	0.00729	0.00736	0.01362
9	0.02005	0.01686	0.02982	0.03510	0.33762	0.01626	0.14274	0.02444	0.01866	0.10600	0.02305	0.14906	0.02121	0.01087	0.00879	0.00265	0.00920	0.01075	0.00544	0.01143
10	0.02395	0.01764	0.01988	0.01646	0.02106	0.01943	0.01319	0.42245	0.02991	0.04032	0.02391	0.13138	0.02133	0.02170	0.13338	0.00454	0.01063	0.01007	0.00733	0.01144
11	0.02547	0.44718	0.06454	0.01529	0.02227	0.02700	0.01460	0.14027	0.02160	0.12869	0.01624	0.01672	0.01257	0.00799	0.00633	0.00203	0.00860	0.00557	0.00537	0.01165
12	0.02557	0.01938	0.02061	0.01646	0.02202	0.02115	0.01338	0.44684	0.11118	0.04357	0.03279	0.03169	0.13501	0.01190	0.00841	0.00253	0.00772	0.00936	0.00803	0.01239
13	0.01515	0.00965	0.01224	0.13634	0.01954	0.01058	0.00991	0.04685	0.01726	0.02748	0.02437	0.06730	0.02045	0.01658	0.09140	0.00355	0.00763	0.00852	0.44720	0.00802
14	0.15774	0.01600	0.02331	0.19056	0.21153	0.01659	0.04332	0.02235	0.01704	0.02725	0.05117	0.02097	0.01507	0.00780	0.00727	0.00230	0.00847	0.00677	0.00453	0.14995
15	0.03799	0.01415	0.01720	0.15159	0.02566	0.01610	0.01351	0.05765	0.28838	0.02853	0.03255	0.17210	0.04839	0.01418	0.00877	0.00289	0.00706	0.04608	0.00701	0.01022

[dist]
# distance from previous block
# <min> <max>
4	22

[block]
# block no. 1 follows, 23 sequences, length 23
# corresponding to MSA columns:
# 65-87
name=unknown_B
#
# <colnr> <probs for GDERKNQSTAVLIFYWHMCP>
#	G	D	E	R	K	N	Q	S	T	A	V	L	I	F	Y	W	H	M	C	P
0	0.28562	0.02212	0.01958	0.01609	0.02168	0.10848	0.01304	0.31608	0.05933	0.04108	0.01645	0.01723	0.01220	0.00886	0.00695	0.00243	0.00863	0.00613	0.00654	0.01145
1	0.01680	0.13006	0.26396	0.01707	0.02361	0.01746	0.01790	0.10053	0.01923	0.02631	0.02510	0.25536	0.02571	0.01396	0.00830	0.00268	0.00858	0.01180	0.00546	0.01013
2	0.01183	0.00946	0.01072	0.01020	0.01281	0.00896	0.00771	0.01741	0.10307	0.02826	0.33503	0.06399	0.31545	0.01752	0.00941	0.00266	0.00429	0.01498	0.00826	0.00800
3	0.01299	0.10144	0.01545	0.01171	0.01338	0.01223	0.00883	0.01485	0.01306	0.01780	0.02169	0.03672	0.02217	0.27911	0.37307	0.00978	0.01525	0.00919	0.00443	0.00686
4	0.02436	0.02738	0.01980	0.01799	0.02202	0.36590	0.01365	0.03386	0.23885	0.02637	0.10430	0.02604	0.02403	0.01035	0.00794	0.00238	0.01039	0.00782	0.00621	0.01036
5	0.01159	0.00869	0.01304	0.01304	0.01449	0.01014	0.01014	0.01449	0.01304	0.01884	0.02173	0.03188	0.02029	0.06086	0.68268	0.01304	0.02173	0.00869	0.00435	0.00724
6	0.01646	0.01830	0.10876	0.05412	0.33703	0.01518	0.01955	0.02156	0.01977	0.02829	0.23725	0.03371	0.03440	0.01055	0.00852	0.00249	0.00798	0.00963	0.00562	0.01082
7	0.01851	0.01639	0.02041	0.25038	0.03308	0.01944	0.01618	0.03541	0.43136	0.02939	0.02662	0.02730	0.01996	0.01001	0.00821	0.00274	0.00794	0.00850	0.00665	0.01152
8	0.01711	0.01246	0.01456	0.01384	0.01638	0.01299	0.01025	0.22692	0.02333	0.03120	0.03603	0.47180	0.03993	0.02002	0.00959	0.00300	0.00616	0.01764	0.00773	0.00907
9	0.03082	0.01506	0.01866	0.01515	0.02085	0.01477	0.01224	0.04078	0.23901	0.45076	0.03236	0.02853	0.02170	0.01038	0.00819	0.00259	0.00674	0.00851	0.00943	0.01348
10	0.02014	0.01046	0.01504	0.01352	0.01663	0.01076	0.01076	0.02312	0.01655	0.24312	0.02528	0.03041	0.02022	0.04335	0.45029	0.00941	0.01663	0.00851	0.00631	0.00951
11	0.02550	0.01987	0.02435	0.25179	0.03575	0.02271	0.01787	0.42479	0.03060	0.04066	0.01774	0.02022	0.01277	0.00918	0.00812	0.00253	0.00958	0.00727	0.00656	0.01215
12	0.51360	0.25824	0.02247	0.01178	0.01746	0.02299	0.01054	0.02401	0.01473	0.03044	0.01129	0.01312	0.00935	0.00733	0.00509	0.00224	0.00710	0.00437	0.00449	0.00935
13	0.50954	0.01272	0.01106	0.01089	0.01434	0.01420	0.00836	0.01953	0.01440	0.03100	0.02281	0.25309	0.02425	0.01370	0.00686	0.00278	0.00574	0.01083	0.00589	0.00803
14	0.01664	0.01386	0.01527	0.01472	0.01789	0.01550	0.01101	0.03216	0.43112	0.02939	0.03706	0.26429	0.03473	0.01597	0.00898	0.00294	0.00583	0.01396	0.00801	0.01069
15	0.01343	0.01063	0.01249	0.01309	0.01498	0.01127	0.00936	0.02226	0.23397	0.02527	0.04069	0.47552	0.04371	0.02046	0.00963	0.00311	0.00530	0.01828	0.00778	0.00874
16	0.01798	0.01546	0.01735	0.01357	0.01987	0.01404	0.01073	0.02825	0.23481	0.02903	0.02083	0.02146	0.01641	0.00773	0.00678	0.00174	0.00615	0.00631	0.00600	0.50550
17	0.02049	0.02278	0.02387	0.46298	0.04527	0.24687	0.02017	0.02475	0.01856	0.02043	0.01377	0.01922	0.01069	0.00820	0.00784	0.00249	0.01213	0.00653	0.00380	0.00915
18	0.02515	0.02587	0.01786	0.01602	0.01971	0.36384	0.01220	0.10688	0.02292	0.02753	0.01825	0.02065	0.01445	0.00892	0.00685	0.00207	0.01015	0.00630	0.26505	0.00935
19	0.01335	0.01018	0.01223	0.01073	0.01346	0.00910	0.00748	0.01511	0.01401	0.02027	0.02276	0.09139	0.02416	0.32243	0.11658	0.00592	0.00891	0.00988	0.00501	0.26705
20	0.01588	0.01483	0.02577	0.11113	0.28586	0.01492	0.09843	0.01986	0.01728	0.02376	0.02546	0.25803	0.02660	0.01355	0.00904	0.00279	0.00861	0.01299	0.00519	0.00999
21	0.02125	0.02164	0.03133	0.06902	0.55893	0.10598	0.02361	0.02574	0.01899	0.02543	0.01488	0.01942	0.01247	0.00741	0.00794	0.00238	0.01033	0.00697	0.00402	0.01227
22	0.26290	0.03008	0.01942	0.01740	0.02199	0.42918	0.01338	0.04965	0.02062	0.04905	0.01307	0.01480	0.01038	0.00821	0.00665	0.00225	0.01156	0.00514	0.00478	0.00951

[dist]
# distance from previous block
# <min> <max>
0	1

[block]
# block no. 2 follows, 23 sequences, length 12
# corresponding to MSA columns:
# 89-100
name=unknown_C
#
# <colnr> <probs for GDERKNQSTAVLIFYWHMCP>
#	G	D	E	R	K	N	Q	S	T	A	V	L	I	F	Y	W	H	M	C	P
0	0.48085	0.05501	0.01795	0.01363	0.01894	0.01819	0.06014	0.07177	0.01790	0.08777	0.07462	0.01998	0.01681	0.00867	0.00632	0.00248	0.00703	0.00630	0.00588	0.00975
1	0.01595	0.01321	0.01902	0.01594	0.01991	0.01241	0.10313	0.11093	0.02020	0.02794	0.06476	0.32665	0.03433	0.01587	0.00898	0.00262	0.00691	0.01452	0.00664	0.16007
2	0.01795	0.02171	0.09049	0.03014	0.03724	0.01945	0.47858	0.02406	0.01810	0.02494	0.01844	0.08539	0.01588	0.00925	0.01092	0.00284	0.06948	0.01036	0.00433	0.01045
3	0.02008	0.01928	0.03294	0.04981	0.66422	0.01928	0.02490	0.02490	0.01848	0.02651	0.01526	0.02008	0.01285	0.00723	0.00803	0.00241	0.00964	0.00723	0.00402	0.01285
4	0.01427	0.00774	0.01160	0.07183	0.01456	0.00807	0.00834	0.01204	0.01151	0.01577	0.01495	0.02477	0.01425	0.02513	0.02785	0.64446	0.00717	0.00710	0.05429	0.00429
5	0.01971	0.01872	0.03093	0.09880	0.55751	0.01926	0.02363	0.02620	0.07494	0.02671	0.01679	0.02112	0.01376	0.00764	0.00806	0.00246	0.00945	0.00740	0.00436	0.01254
6	0.01814	0.01520	0.01753	0.01264	0.01978	0.01216	0.01016	0.07802	0.01882	0.02875	0.01489	0.01707	0.01218	0.00636	0.00621	0.00132	0.00628	0.00504	0.00512	0.69434
7	0.01123	0.00920	0.01446	0.01392	0.01572	0.00853	0.08882	0.01365	0.01701	0.02273	0.10862	0.50347	0.09746	0.02171	0.01011	0.00310	0.00573	0.01998	0.00723	0.00729
8	0.02273	0.01922	0.01903	0.01665	0.02144	0.07450	0.01304	0.11499	0.45788	0.06843	0.03189	0.02973	0.05188	0.01103	0.00822	0.00264	0.00733	0.00893	0.00796	0.01245
9	0.01821	0.01999	0.04151	0.03044	0.03732	0.01929	0.51313	0.02507	0.04973	0.02556	0.01983	0.09138	0.01702	0.00925	0.01035	0.00283	0.04315	0.01080	0.00463	0.01051
10	0.02614	0.02012	0.02177	0.01696	0.02325	0.02142	0.01381	0.40744	0.14479	0.04313	0.02094	0.02091	0.01544	0.00923	0.00773	0.00225	0.00790	0.00715	0.00749	0.16213
11	0.01913	0.01584	0.01973	0.01453	0.02148	0.01350	0.05241	0.07320	0.07572	0.05255	0.01727	0.01898	0.01362	0.00696	0.00670	0.00159	0.00683	0.00584	0.00553	0.55858

[dist]
# distance from previous block
# <min> <max>
5	7

[block]
# block no. 3 follows, 23 sequences, length 59
# corresponding to MSA columns:
# 108-156,158-167
name=unknown_D
#
# <colnr> <probs for GDERKNQSTAVLIFYWHMCP>
#	G	D	E	R	K	N	Q	S	T	A	V	L	I	F	Y	W	H	M	C	P
0	0.01147	0.00835	0.01082	0.01035	0.01231	0.00770	0.00787	0.01519	0.02249	0.03151	0.59498	0.06324	0.10712	0.01712	0.00966	0.00263	0.00404	0.04678	0.00878	0.00760
1	0.01291	0.04008	0.04324	0.01161	0.01460	0.01075	0.00942	0.01919	0.11184	0.02895	0.35590	0.11183	0.16581	0.01645	0.00919	0.00265	0.00491	0.01422	0.00799	0.00848
2	0.00989	0.00706	0.00942	0.01130	0.01177	0.00659	0.00753	0.01130	0.01554	0.02071	0.04472	0.70954	0.05367	0.02542	0.01036	0.00330	0.00471	0.02307	0.00753	0.00659
3	0.01599	0.03904	0.61345	0.02239	0.03347	0.01799	0.02846	0.02490	0.01727	0.02557	0.01712	0.02382	0.01355	0.00903	0.00802	0.00267	0.01159	0.06029	0.00379	0.01159
4	0.01971	0.01890	0.03226	0.10033	0.61660	0.01918	0.02472	0.02458	0.01830	0.02606	0.01520	0.02020	0.01269	0.00730	0.00804	0.00243	0.00973	0.00723	0.00398	0.01255
5	0.06294	0.02300	0.06962	0.03573	0.38199	0.12477	0.02074	0.07478	0.02022	0.02748	0.01721	0.07255	0.01535	0.00909	0.00792	0.00245	0.00996	0.00792	0.00467	0.01161
6	0.01890	0.21319	0.44160	0.02090	0.03108	0.02197	0.05816	0.02610	0.01740	0.05864	0.01476	0.01690	0.01095	0.00759	0.00719	0.00236	0.01096	0.00588	0.00383	0.01163
7	0.07658	0.15754	0.46947	0.02126	0.03157	0.02123	0.06516	0.02533	0.01689	0.02540	0.01385	0.01641	0.01032	0.00750	0.00718	0.00243	0.01107	0.00581	0.00360	0.01140
8	0.01650	0.04040	0.62388	0.02399	0.03569	0.01898	0.07732	0.02572	0.01729	0.02572	0.01471	0.01750	0.01044	0.00764	0.00786	0.00258	0.01212	0.00628	0.00348	0.01191
9	0.02768	0.01735	0.01975	0.01628	0.02182	0.01852	0.01308	0.16491	0.31890	0.24473	0.02989	0.02717	0.02097	0.01043	0.00820	0.00261	0.00710	0.00846	0.00881	0.01336
10	0.01180	0.00787	0.00885	0.00885	0.00885	0.00787	0.00492	0.01180	0.01180	0.01573	0.02557	0.05310	0.02950	0.71483	0.04130	0.00787	0.00787	0.01180	0.00492	0.00492
11	0.77215	0.01569	0.01193	0.01067	0.01569	0.01820	0.00879	0.02385	0.01381	0.03641	0.01130	0.01318	0.00879	0.00753	0.00502	0.00251	0.00628	0.00439	0.00502	0.00879
12	0.01180	0.00787	0.00885	0.00885	0.00885	0.00787	0.00492	0.01180	0.01180	0.01573	0.02557	0.05310	0.02950	0.71483	0.04130	0.00787	0.00787	0.01180	0.00492	0.00492
13	0.01627	0.04197	0.67279	0.02313	0.03512	0.01884	0.02998	0.02570	0.01713	0.02570	0.01456	0.01713	0.01028	0.00771	0.00771	0.00257	0.01199	0.00600	0.00343	0.01199
14	0.00961	0.00816	0.00828	0.00838	0.01100	0.00684	0.00624	0.01163	0.01834	0.02186	0.08025	0.11090	0.62937	0.02080	0.00963	0.00277	0.00414	0.01743	0.00753	0.00684
15	0.01915	0.02189	0.04788	0.03420	0.04241	0.02052	0.63475	0.02599	0.01915	0.02599	0.01642	0.02189	0.01231	0.00684	0.00958	0.00274	0.01368	0.00958	0.00410	0.01094
16	0.02018	0.01743	0.01835	0.01651	0.02110	0.02018	0.01284	0.04312	0.64956	0.03394	0.03303	0.03027	0.02477	0.01101	0.00826	0.00275	0.00642	0.00917	0.00826	0.01284
17	0.01159	0.00869	0.01304	0.01304	0.01449	0.01014	0.01014	0.01449	0.01304	0.01884	0.02173	0.03188	0.02029	0.06086	0.68268	0.01304	0.02173	0.00869	0.00435	0.00724
18	0.77215	0.01569	0.01193	0.01067	0.01569	0.01820	0.00879	0.02385	0.01381	0.03641	0.01130	0.01318	0.00879	0.00753	0.00502	0.00251	0.00628	0.00439	0.00502	0.00879
19	0.00989	0.00706	0.00942	0.01130	0.01177	0.00659	0.00753	0.01130	0.01554	0.02071	0.04472	0.70954	0.05367	0.02542	0.01036	0.00330	0.00471	0.02307	0.00753	0.00659
20	0.01714	0.01692	0.02365	0.02052	0.02056	0.02342	0.01695	0.01888	0.01267	0.01962	0.01332	0.07190	0.01402	0.01508	0.02536	0.00353	0.64556	0.00835	0.00386	0.00870
21	0.01775	0.01775	0.02485	0.02130	0.02130	0.02485	0.01775	0.01953	0.01243	0.01953	0.01065	0.01775	0.01065	0.01420	0.02663	0.00355	0.69998	0.00710	0.00355	0.00888
22	0.01915	0.02189	0.04788	0.03420	0.04241	0.02052	0.63475	0.02599	0.01915	0.02599	0.01642	0.02189	0.01231	0.00684	0.00958	0.00274	0.01368	0.00958	0.00410	0.01094
23	0.02292	0.52342	0.09739	0.01581	0.02298	0.07264	0.01569	0.10301	0.01973	0.02384	0.01271	0.01433	0.01083	0.00746	0.00595	0.00193	0.00941	0.00493	0.00411	0.01092
24	0.01751	0.02810	0.26900	0.02874	0.03779	0.01901	0.37718	0.02492	0.01819	0.02554	0.01761	0.06529	0.01430	0.00837	0.00896	0.00271	0.01249	0.00918	0.00409	0.01103
25	0.03031	0.03867	0.02299	0.02090	0.02508	0.68226	0.01568	0.03240	0.02299	0.01986	0.01254	0.01463	0.01045	0.00836	0.00732	0.00209	0.01463	0.00523	0.00418	0.00941
26	0.02904	0.02183	0.02333	0.01830	0.02447	0.02432	0.01498	0.53633	0.14193	0.04822	0.02178	0.02131	0.01566	0.00996	0.00814	0.00249	0.00850	0.00762	0.00814	0.01364
27	0.01148	0.00829	0.01085	0.01021	0.01212	0.00766	0.00766	0.01531	0.02297	0.03254	0.65994	0.06061	0.07656	0.01659	0.00957	0.00255	0.00383	0.01467	0.00893	0.00766
28	0.01627	0.04197	0.67279	0.02313	0.03512	0.01884	0.02998	0.02570	0.01713	0.02570	0.01456	0.01713	0.01028	0.00771	0.00771	0.00257	0.01199	0.00600	0.00343	0.01199
29	0.01308	0.00934	0.01308	0.01494	0.01681	0.00934	0.01308	0.01681	0.01868	0.02428	0.04296	0.09153	0.04670	0.02242	0.01121	0.00374	0.00747	0.60960	0.00747	0.00747
30	0.01513	0.00756	0.00756	0.00756	0.00945	0.00756	0.00567	0.01891	0.01702	0.03025	0.02647	0.03025	0.02080	0.00945	0.00567	0.00189	0.00378	0.00756	0.75988	0.00756
31	0.02018	0.01743	0.01835	0.01651	0.02110	0.02018	0.01284	0.04312	0.64956	0.03394	0.03303	0.03027	0.02477	0.01101	0.00826	0.00275	0.00642	0.00917	0.00826	0.01284
32	0.01180	0.00787	0.00885	0.00885	0.00885	0.00787	0.00492	0.01180	0.01180	0.01573	0.02557	0.05310	0.02950	0.71483	0.04130	0.00787	0.00787	0.01180	0.00492	0.00492
33	0.01138	0.00829	0.01070	0.01010	0.01206	0.00761	0.00757	0.01511	0.02272	0.03195	0.62814	0.06157	0.10872	0.01681	0.00957	0.00256	0.00384	0.01481	0.00886	0.00761
34	0.01485	0.00765	0.00799	0.00799	0.00985	0.00776	0.00602	0.01856	0.01671	0.02936	0.02610	0.03038	0.02076	0.01348	0.05866	0.00276	0.00519	0.00765	0.70074	0.00754
35	0.01946	0.01864	0.03181	0.13448	0.58442	0.01912	0.02459	0.02436	0.01818	0.02575	0.01515	0.02029	0.01259	0.00735	0.00804	0.00245	0.00979	0.00723	0.00396	0.01235
36	0.01148	0.00829	0.01085	0.01021	0.01212	0.00766	0.00766	0.01531	0.02297	0.03254	0.65994	0.06061	0.07656	0.01659	0.00957	0.00255	0.00383	0.01467	0.00893	0.00766
37	0.01735	0.01716	0.02408	0.02076	0.02086	0.02389	0.01725	0.01920	0.01247	0.01948	0.01138	0.01868	0.01128	0.01726	0.06966	0.00417	0.65550	0.00721	0.00360	0.00877
38	0.06569	0.27628	0.34159	0.01817	0.02699	0.04810	0.02098	0.02466	0.01730	0.02427	0.05546	0.01819	0.01459	0.00804	0.00677	0.00225	0.01003	0.00585	0.00393	0.01085
39	0.07839	0.57461	0.03771	0.01461	0.02081	0.08285	0.01385	0.02466	0.01659	0.02047	0.01135	0.01341	0.01031	0.00749	0.00651	0.00192	0.04613	0.00456	0.00365	0.01013
40	0.03085	0.02273	0.02435	0.01867	0.02516	0.02516	0.01542	0.63716	0.03815	0.05114	0.01948	0.01948	0.01380	0.00974	0.00812	0.00244	0.00893	0.00731	0.00812	0.01380
41	0.01683	0.01442	0.01683	0.01202	0.01923	0.01082	0.00961	0.02043	0.01683	0.02644	0.01442	0.01683	0.01202	0.00601	0.00601	0.00120	0.00601	0.00481	0.00481	0.76444
42	0.03615	0.01421	0.01908	0.01463	0.02091	0.01252	0.01208	0.06658	0.02390	0.64185	0.03145	0.02725	0.01980	0.01003	0.00816	0.00251	0.00700	0.00812	0.00996	0.01381
43	0.01836	0.01968	0.03972	0.03368	0.14689	0.01944	0.41476	0.02399	0.01797	0.02491	0.01717	0.04762	0.01435	0.01173	0.05482	0.00344	0.06716	0.00942	0.00419	0.01071
44	0.01543	0.01593	0.04828	0.11591	0.03070	0.01573	0.22935	0.02133	0.06864	0.02372	0.02649	0.25132	0.02673	0.01406	0.01058	0.00297	0.05466	0.01343	0.00546	0.00928
45	0.03615	0.01422	0.01909	0.01463	0.02092	0.01254	0.01209	0.06718	0.02391	0.64123	0.03143	0.02724	0.01980	0.01003	0.00816	0.00251	0.00700	0.00812	0.00995	0.01381
46	0.77215	0.01569	0.01193	0.01067	0.01569	0.01820	0.00879	0.02385	0.01381	0.03641	0.01130	0.01318	0.00879	0.00753	0.00502	0.00251	0.00628	0.00439	0.00502	0.00879
47	0.00989	0.00706	0.00942	0.01130	0.01177	0.00659	0.00753	0.01130	0.01554	0.02071	0.04472	0.70954	0.05367	0.02542	0.01036	0.00330	0.00471	0.02307	0.00753	0.00659
48	0.01945	0.01856	0.03123	0.13458	0.55853	0.01915	0.02413	0.02504	0.04231	0.02602	0.01583	0.02068	0.01304	0.00749	0.00805	0.00246	0.00967	0.00730	0.00412	0.01234
49	0.01144	0.00830	0.01081	0.01042	0.01231	0.00767	0.00788	0.01511	0.02230	0.03128	0.58392	0.08742	0.09504	0.01737	0.00969	0.00265	0.00406	0.04599	0.00875	0.00758
50	0.77215	0.01569	0.01193	0.01067	0.01569	0.01820	0.00879	0.02385	0.01381	0.03641	0.01130	0.01318	0.00879	0.00753	0.00502	0.00251	0.00628	0.00439	0.00502	0.00879
51	0.02058	0.56545	0.08941	0.01779	0.07948	0.02873	0.01593	0.02393	0.01653	0.02026	0.01246	0.01499	0.01115	0.00993	0.04206	0.00247	0.00973	0.00496	0.00356	0.01059
52	0.01973	0.01654	0.01738	0.01571	0.02005	0.01905	0.01220	0.04094	0.59266	0.03361	0.03244	0.03027	0.02441	0.01087	0.00802	0.00267	0.00618	0.00903	0.07587	0.01237
53	0.01200	0.00872	0.00917	0.00878	0.01184	0.00731	0.00668	0.01415	0.01892	0.08020	0.07769	0.07355	0.60328	0.01960	0.00946	0.00272	0.00436	0.01632	0.00776	0.00748
54	0.03274	0.01573	0.02015	0.01583	0.02145	0.01563	0.01303	0.12576	0.06954	0.47471	0.02832	0.02573	0.01865	0.01044	0.00982	0.00261	0.06951	0.00801	0.00905	0.01329
55	0.02701	0.01956	0.02084	0.01637	0.02196	0.02136	0.01339	0.50506	0.03379	0.04595	0.02598	0.02607	0.07287	0.01068	0.00795	0.00240	0.00786	0.00822	0.10027	0.01241
56	0.01308	0.01102	0.01180	0.01107	0.01323	0.06830	0.00830	0.01666	0.02274	0.03085	0.57168	0.05738	0.10098	0.01605	0.00937	0.00252	0.00481	0.01395	0.00843	0.00777
57	0.02940	0.03676	0.02258	0.02051	0.02473	0.62270	0.01542	0.03337	0.07936	0.02113	0.01439	0.01604	0.01174	0.00860	0.00740	0.00215	0.01389	0.00558	0.00455	0.00972
58	0.01763	0.16504	0.49742	0.02082	0.03122	0.02142	0.02546	0.02701	0.07390	0.02522	0.01562	0.01755	0.01161	0.00786	0.00730	0.00243	0.01088	0.00598	0.00387	0.01178

[dist]
# distance from previous block
# <min> <max>
0	5

[block]
# block no. 4 follows, 23 sequences, length 85
# corresponding to MSA columns:
# 173-257
name=unknown_E
#
# <colnr> <probs for GDERKNQSTAVLIFYWHMCP>
#	G	D	E	R	K	N	Q	S	T	A	V	L	I	F	Y	W	H	M	C	P
0	0.02513	0.01603	0.01895	0.09606	0.02458	0.03781	0.01339	0.07807	0.24050	0.24324	0.07025	0.03076	0.04688	0.01087	0.00830	0.00261	0.00730	0.00898	0.00817	0.01212
1	0.02741	0.02054	0.02212	0.01760	0.02359	0.02262	0.01430	0.42074	0.20731	0.06749	0.02348	0.02266	0.01701	0.00993	0.00806	0.00247	0.00802	0.00774	0.00807	0.04885
2	0.01251	0.00960	0.01347	0.01491	0.08959	0.00904	0.00971	0.01645	0.02244	0.03182	0.58335	0.05580	0.06899	0.01548	0.00939	0.00254	0.00452	0.01379	0.00835	0.00827
3	0.06089	0.18042	0.42372	0.01914	0.02910	0.02066	0.02294	0.02467	0.01677	0.02500	0.01366	0.01600	0.01043	0.00733	0.00682	0.00223	0.01025	0.00541	0.00369	0.10086
4	0.63117	0.01538	0.01362	0.05958	0.01913	0.01744	0.01013	0.02550	0.01510	0.11055	0.01398	0.01549	0.01027	0.00787	0.00561	0.00252	0.00667	0.00504	0.00552	0.00940
5	0.01200	0.00799	0.00949	0.00949	0.00988	0.00824	0.00588	0.01277	0.01239	0.01730	0.02496	0.04777	0.02727	0.55046	0.15102	0.00835	0.01000	0.01096	0.05826	0.00551
6	0.01533	0.09751	0.02624	0.36263	0.03950	0.01736	0.10238	0.01967	0.01650	0.02126	0.02144	0.18215	0.02104	0.01186	0.00850	0.00273	0.00952	0.01092	0.00458	0.00888
7	0.01804	0.01771	0.02408	0.02073	0.02128	0.02430	0.01717	0.02233	0.08812	0.02124	0.01331	0.01924	0.01233	0.01382	0.02445	0.00346	0.61759	0.00735	0.00411	0.00935
8	0.01963	0.02198	0.10895	0.04664	0.58948	0.01923	0.02551	0.02500	0.01832	0.02641	0.01518	0.01973	0.01255	0.00729	0.00799	0.00243	0.00992	0.00708	0.00395	0.01275
9	0.02122	0.35818	0.29794	0.01774	0.02667	0.02428	0.02025	0.02668	0.01755	0.09910	0.01509	0.01644	0.01151	0.00762	0.00658	0.00217	0.00982	0.00547	0.00423	0.01146
10	0.01027	0.00896	0.01013	0.08985	0.01630	0.00818	0.00811	0.01272	0.01823	0.02178	0.07415	0.07138	0.58369	0.01907	0.00941	0.00274	0.00491	0.01595	0.00707	0.00711
11	0.01126	0.00829	0.01053	0.00997	0.01198	0.00756	0.00748	0.01488	0.02244	0.03128	0.59130	0.06269	0.14598	0.01706	0.00957	0.00257	0.00386	0.01497	0.00877	0.00756
12	0.01828	0.02022	0.04324	0.03119	0.03842	0.01902	0.55993	0.02431	0.01828	0.02477	0.01750	0.02560	0.01435	0.09095	0.01334	0.00335	0.01299	0.00984	0.00420	0.01023
13	0.01053	0.00794	0.01119	0.09256	0.01701	0.00795	0.00931	0.01242	0.01562	0.02072	0.04112	0.62782	0.04858	0.02337	0.01009	0.00323	0.00543	0.02118	0.00707	0.00688
14	0.00988	0.00823	0.00863	0.00853	0.01114	0.00698	0.00640	0.01221	0.01919	0.02357	0.17198	0.07537	0.57011	0.01993	0.00959	0.00271	0.00407	0.01674	0.00775	0.00698
15	0.01580	0.01464	0.02442	0.48760	0.16974	0.01704	0.02123	0.02090	0.01747	0.02327	0.09127	0.02596	0.01903	0.00895	0.00827	0.00263	0.00976	0.00810	0.00432	0.00960
16	0.03101	0.01661	0.01994	0.01578	0.02145	0.01665	0.01282	0.27786	0.02835	0.34252	0.02845	0.10534	0.02153	0.01175	0.00840	0.00257	0.00746	0.00959	0.00897	0.01295
17	0.11182	0.01521	0.01562	0.01299	0.01725	0.01662	0.01047	0.29013	0.02576	0.03974	0.02144	0.02356	0.01629	0.01112	0.03002	0.00259	0.00695	0.00711	0.31487	0.01043
18	0.68179	0.01481	0.01180	0.01062	0.01527	0.01695	0.00865	0.02284	0.01490	0.03595	0.08835	0.01882	0.01684	0.00861	0.00556	0.00252	0.00599	0.00562	0.00549	0.00865
19	0.02875	0.06452	0.02326	0.02009	0.02443	0.57652	0.01527	0.03334	0.09716	0.02150	0.01492	0.01642	0.01215	0.00862	0.00734	0.00215	0.01341	0.00566	0.00464	0.00986
20	0.02274	0.01806	0.01970	0.09678	0.02517	0.04283	0.01395	0.21485	0.26669	0.05733	0.02835	0.02811	0.05540	0.01060	0.00805	0.00256	0.00768	0.00855	0.06074	0.01187
21	0.01246	0.00941	0.01098	0.01112	0.01315	0.00899	0.00807	0.08618	0.01992	0.02596	0.11889	0.36609	0.23613	0.02113	0.00977	0.00294	0.00493	0.01849	0.00775	0.00764
22	0.01783	0.01435	0.02368	0.61444	0.05171	0.01730	0.02127	0.02297	0.01706	0.09784	0.01651	0.02234	0.01192	0.00834	0.00812	0.00268	0.01035	0.00732	0.00437	0.00958
23	0.00989	0.00706	0.00942	0.01130	0.01177	0.00659	0.00753	0.01130	0.01554	0.02071	0.04472	0.70954	0.05367	0.02542	0.01036	0.00330	0.00471	0.02307	0.00753	0.00659
24	0.01653	0.07358	0.64340	0.02270	0.03445	0.01946	0.02923	0.02563	0.01710	0.02539	0.01441	0.01694	0.01029	0.00767	0.00759	0.00253	0.01184	0.00592	0.00343	0.01192
25	0.02018	0.01743	0.01835	0.01651	0.02110	0.02018	0.01284	0.04312	0.64956	0.03394	0.03303	0.03027	0.02477	0.01101	0.00826	0.00275	0.00642	0.00917	0.00826	0.01284
26	0.01130	0.00822	0.01064	0.01018	0.01205	0.00756	0.00758	0.01491	0.02233	0.03136	0.59743	0.09869	0.10274	0.01728	0.00962	0.00260	0.00389	0.01527	0.00879	0.00756
27	0.01159	0.00869	0.01304	0.01304	0.01449	0.01014	0.01014	0.01449	0.01304	0.01884	0.02173	0.03188	0.02029	0.06086	0.68268	0.01304	0.02173	0.00869	0.00435	0.00724
28	0.07767	0.02228	0.02357	0.01816	0.02457	0.02472	0.01500	0.59842	0.03661	0.05021	0.01896	0.01908	0.01348	0.00960	0.00792	0.00244	0.00876	0.00712	0.00792	0.01348
29	0.02236	0.66675	0.04100	0.01443	0.02116	0.08267	0.01402	0.02493	0.01699	0.01915	0.01138	0.01314	0.01042	0.00705	0.00537	0.00176	0.00914	0.00441	0.00353	0.01033
30	0.03034	0.02166	0.02301	0.01802	0.02420	0.04573	0.01474	0.48220	0.10142	0.12112	0.02217	0.02143	0.01560	0.00986	0.00811	0.00247	0.00862	0.00753	0.00822	0.01355
31	0.00959	0.00822	0.00822	0.00822	0.01096	0.00685	0.00617	0.01165	0.01850	0.02192	0.08220	0.07809	0.66092	0.02055	0.00959	0.00274	0.00411	0.01713	0.00754	0.00685
32	0.01532	0.01442	0.02434	0.69533	0.05589	0.01803	0.02253	0.02073	0.01622	0.02073	0.01442	0.02163	0.01082	0.00811	0.00811	0.00270	0.01082	0.00721	0.00361	0.00901
33	0.02008	0.01928	0.03294	0.04981	0.66422	0.01928	0.02490	0.02490	0.01848	0.02651	0.01526	0.02008	0.01285	0.00723	0.00803	0.00241	0.00964	0.00723	0.00402	0.01285
34	0.03641	0.01381	0.01883	0.01444	0.02071	0.01193	0.01193	0.03954	0.02322	0.66984	0.03201	0.02762	0.02009	0.01004	0.00816	0.00251	0.00690	0.00816	0.01004	0.01381
35	0.01627	0.04197	0.67279	0.02313	0.03512	0.01884	0.02998	0.02570	0.01713	0.02570	0.01456	0.01713	0.01028	0.00771	0.00771	0.00257	0.01199	0.00600	0.00343	0.01199
36	0.00989	0.00706	0.00942	0.01130	0.01177	0.00659	0.00753	0.01130	0.01554	0.02071	0.04472	0.70954	0.05367	0.02542	0.01036	0.00330	0.00471	0.02307	0.00753	0.00659
37	0.05968	0.04046	0.63485	0.02241	0.03400	0.01881	0.02876	0.02559	0.01694	0.02631	0.01437	0.01690	0.01019	0.00770	0.00755	0.00257	0.01166	0.00590	0.00352	0.01181
38	0.03476	0.01418	0.01878	0.01465	0.02075	0.01276	0.01202	0.03991	0.08676	0.60533	0.03211	0.02789	0.02056	0.01014	0.00817	0.00254	0.00686	0.00826	0.00986	0.01371
39	0.01532	0.01442	0.02434	0.69533	0.05589	0.01803	0.02253	0.02073	0.01622	0.02073	0.01442	0.02163	0.01082	0.00811	0.00811	0.00270	0.01082	0.00721	0.00361	0.00901
40	0.00989	0.00706	0.00942	0.01130	0.01177	0.00659	0.00753	0.01130	0.01554	0.02071	0.04472	0.70954	0.05367	0.02542	0.01036	0.00330	0.00471	0.02307	0.00753	0.00659
41	0.01915	0.02189	0.04788	0.03420	0.04241	0.02052	0.63475	0.02599	0.01915	0.02599	0.01642	0.02189	0.01231	0.00684	0.00958	0.00274	0.01368	0.00958	0.00410	0.01094
42	0.01160	0.00866	0.01288	0.01288	0.01428	0.01006	0.00995	0.01439	0.01299	0.01872	0.02188	0.03268	0.02063	0.08548	0.65853	0.01285	0.02121	0.00881	0.00437	0.00716
43	0.00989	0.00706	0.00942	0.01130	0.01177	0.00659	0.00753	0.01130	0.01554	0.02071	0.04472	0.70954	0.05367	0.02542	0.01036	0.00330	0.00471	0.02307	0.00753	0.00659
44	0.01981	0.01900	0.03244	0.08687	0.62929	0.01921	0.02477	0.02466	0.01835	0.02618	0.01521	0.02017	0.01274	0.00728	0.00804	0.00243	0.00971	0.00723	0.00399	0.01263
45	0.01915	0.02189	0.04788	0.03420	0.04241	0.02052	0.63475	0.02599	0.01915	0.02599	0.01642	0.02189	0.01231	0.00684	0.00958	0.00274	0.01368	0.00958	0.00410	0.01094
46	0.02018	0.01743	0.01835	0.01651	0.02110	0.02018	0.01284	0.04312	0.64956	0.03394	0.03303	0.03027	0.02477	0.01101	0.00826	0.00275	0.00642	0.00917	0.00826	0.01284
47	0.00989	0.00706	0.00942	0.01130	0.01177	0.00659	0.00753	0.01130	0.01554	0.02071	0.04472	0.70954	0.05367	0.02542	0.01036	0.00330	0.00471	0.02307	0.00753	0.00659
48	0.01729	0.01707	0.02396	0.02068	0.02079	0.02374	0.01718	0.01915	0.01247	0.01948	0.01149	0.01882	0.01138	0.01774	0.07640	0.00427	0.64853	0.00722	0.00361	0.00875
49	0.01627	0.04197	0.67279	0.02313	0.03512	0.01884	0.02998	0.02570	0.01713	0.02570	0.01456	0.01713	0.01028	0.00771	0.00771	0.00257	0.01199	0.00600	0.00343	0.01199
50	0.02008	0.01928	0.03294	0.04981	0.66422	0.01928	0.02490	0.02490	0.01848	0.02651	0.01526	0.02008	0.01285	0.00723	0.00803	0.00241	0.00964	0.00723	0.00402	0.01285
51	0.01409	0.00705	0.01057	0.01057	0.01057	0.00705	0.00705	0.01057	0.01057	0.01409	0.01409	0.02467	0.01409	0.02819	0.03171	0.76392	0.00705	0.00705	0.00352	0.00352
52	0.02144	0.68783	0.07217	0.01432	0.02150	0.03148	0.01464	0.02436	0.01652	0.01940	0.01144	0.01321	0.01041	0.00698	0.00532	0.00177	0.00883	0.00442	0.00347	0.01049
53	0.01627	0.04197	0.67279	0.02313	0.03512	0.01884	0.02998	0.02570	0.01713	0.02570	0.01456	0.01713	0.01028	0.00771	0.00771	0.00257	0.01199	0.00600	0.00343	0.01199
54	0.01159	0.00869	0.01304	0.01304	0.01449	0.01014	0.01014	0.01449	0.01304	0.01884	0.02173	0.03188	0.02029	0.06086	0.68268	0.01304	0.02173	0.00869	0.00435	0.00724
55	0.01532	0.01442	0.02434	0.69533	0.05589	0.01803	0.02253	0.02073	0.01622	0.02073	0.01442	0.02163	0.01082	0.00811	0.00811	0.00270	0.01082	0.00721	0.00361	0.00901
56	0.03085	0.02273	0.02435	0.01867	0.02516	0.02516	0.01542	0.63716	0.03815	0.05114	0.01948	0.01948	0.01380	0.00974	0.00812	0.00244	0.00893	0.00731	0.00812	0.01380
57	0.00989	0.00706	0.00942	0.01130	0.01177	0.00659	0.00753	0.01130	0.01554	0.02071	0.04472	0.70954	0.05367	0.02542	0.01036	0.00330	0.00471	0.02307	0.00753	0.00659
58	0.01300	0.00929	0.01297	0.01472	0.01659	0.00926	0.01282	0.01674	0.01888	0.02467	0.07174	0.09009	0.04809	0.02214	0.01113	0.00368	0.00730	0.58185	0.00754	0.00748
59	0.01183	0.00864	0.01120	0.01085	0.01278	0.00819	0.00823	0.01623	0.04617	0.03126	0.55341	0.10263	0.07102	0.01735	0.00969	0.00269	0.00424	0.05711	0.00871	0.00777
60	0.01915	0.02189	0.04788	0.03420	0.04241	0.02052	0.63475	0.02599	0.01915	0.02599	0.01642	0.02189	0.01231	0.00684	0.00958	0.00274	0.01368	0.00958	0.00410	0.01094
61	0.01627	0.04197	0.67279	0.02313	0.03512	0.01884	0.02998	0.02570	0.01713	0.02570	0.01456	0.01713	0.01028	0.00771	0.00771	0.00257	0.01199	0.00600	0.00343	0.01199
62	0.01915	0.02189	0.04788	0.03420	0.04241	0.02052	0.63475	0.02599	0.01915	0.02599	0.01642	0.02189	0.01231	0.00684	0.00958	0.00274	0.01368	0.00958	0.00410	0.01094
63	0.01532	0.01442	0.02434	0.69533	0.05589	0.01803	0.02253	0.02073	0.01622	0.02073	0.01442	0.02163	0.01082	0.00811	0.00811	0.00270	0.01082	0.00721	0.00361	0.00901
64	0.00989	0.00706	0.00942	0.01130	0.01177	0.00659	0.00753	0.01130	0.01554	0.02071	0.04472	0.70954	0.05367	0.02542	0.01036	0.00330	0.00471	0.02307	0.00753	0.00659
65	0.01376	0.00919	0.01175	0.01081	0.01309	0.00869	0.00813	0.01846	0.05844	0.07695	0.54990	0.05618	0.06740	0.04837	0.01087	0.00281	0.00438	0.01376	0.00878	0.00826
66	0.01775	0.01775	0.02485	0.02130	0.02130	0.02485	0.01775	0.01953	0.01243	0.01953	0.01065	0.01775	0.01065	0.01420	0.02663	0.00355	0.69998	0.00710	0.00355	0.00888
67	0.77215	0.01569	0.01193	0.01067	0.01569	0.01820	0.00879	0.02385	0.01381	0.03641	0.01130	0.01318	0.00879	0.00753	0.00502	0.00251	0.00628	0.00439	0.00502	0.00879
68	0.00961	0.00814	0.00830	0.00844	0.01102	0.00683	0.00626	0.01162	0.01829	0.02183	0.07955	0.12279	0.61794	0.02089	0.00964	0.00278	0.00415	0.01755	0.00753	0.00683
69	0.01160	0.00837	0.01100	0.01054	0.01245	0.00778	0.00804	0.01542	0.02267	0.03195	0.61626	0.06280	0.07445	0.01700	0.00969	0.00264	0.00409	0.05679	0.00883	0.00764
70	0.01308	0.00934	0.01308	0.01494	0.01681	0.00934	0.01308	0.01681	0.01868	0.02428	0.04296	0.09153	0.04670	0.02242	0.01121	0.00374	0.00747	0.60960	0.00747	0.00747
71	0.03078	0.02465	0.02419	0.01894	0.02515	0.10440	0.01545	0.56424	0.03632	0.04737	0.01864	0.01890	0.01340	0.00957	0.00802	0.00239	0.00962	0.00705	0.00764	0.01327
72	0.02169	0.71972	0.04252	0.01388	0.02083	0.03211	0.01388	0.02430	0.01649	0.01909	0.01128	0.01302	0.01041	0.00694	0.00521	0.00174	0.00868	0.00434	0.00347	0.01041
73	0.02896	0.01272	0.01688	0.01340	0.01869	0.01117	0.01084	0.03297	0.04437	0.46275	0.17332	0.03451	0.03254	0.01131	0.00835	0.00245	0.00613	0.00946	0.00940	0.05980
74	0.03568	0.01497	0.01955	0.01499	0.02129	0.01364	0.01238	0.11708	0.02516	0.58956	0.03039	0.02656	0.01927	0.01000	0.00815	0.00250	0.00717	0.00805	0.00979	0.01381
75	0.01104	0.00822	0.01034	0.01044	0.01233	0.00752	0.00790	0.01416	0.02057	0.02784	0.39025	0.15540	0.19266	0.01923	0.00985	0.00282	0.00439	0.07941	0.00830	0.00732
76	0.01159	0.00869	0.01304	0.01304	0.01449	0.01014	0.01014	0.01449	0.01304	0.01884	0.02173	0.03188	0.02029	0.06086	0.68268	0.01304	0.02173	0.00869	0.00435	0.00724
77	0.01627	0.04197	0.67279	0.02313	0.03512	0.01884	0.02998	0.02570	0.01713	0.02570	0.01456	0.01713	0.01028	0.00771	0.00771	0.00257	0.01199	0.00600	0.00343	0.01199
78	0.03017	0.02239	0.02397	0.01853	0.02491	0.02485	0.01526	0.59964	0.07677	0.05005	0.02034	0.02016	0.01449	0.00982	0.00813	0.00246	0.00877	0.00742	0.00813	0.01374
79	0.00989	0.00706	0.00942	0.01130	0.01177	0.00659	0.00753	0.01130	0.01554	0.02071	0.04472	0.70954	0.05367	0.02542	0.01036	0.00330	0.00471	0.02307	0.00753	0.00659
80	0.01627	0.04197	0.67279	0.02313	0.03512	0.01884	0.02998	0.02570	0.01713	0.02570	0.01456	0.01713	0.01028	0.00771	0.00771	0.00257	0.01199	0.00600	0.00343	0.01199
81	0.03006	0.02214	0.02379	0.01839	0.02466	0.02447	0.01513	0.61365	0.03730	0.05000	0.02043	0.04540	0.01530	0.01033	0.00820	0.00247	0.00877	0.00790	0.00810	0.01353
82	0.03307	0.01307	0.01776	0.01387	0.01956	0.01135	0.01135	0.03630	0.02319	0.58447	0.11612	0.03204	0.02765	0.01092	0.00835	0.00252	0.00649	0.00903	0.00989	0.01298
83	0.67092	0.01573	0.01362	0.05981	0.01889	0.01861	0.01033	0.02336	0.01389	0.03423	0.01148	0.01407	0.00905	0.00799	0.00661	0.00259	0.05042	0.00476	0.00483	0.00881
84	0.01314	0.00910	0.01106	0.01054	0.01297	0.00842	0.00790	0.01740	0.06058	0.07370	0.35970	0.13778	0.21132	0.01780	0.00949	0.00270	0.00438	0.01547	0.00846	0.00809

[dist]
# distance from previous block
# <min> <max>
4	7

[block]
# block no. 5 follows, 23 sequences, length 7
# corresponding to MSA columns:
# 265-271
name=unknown_F
#
# <colnr> <probs for GDERKNQSTAVLIFYWHMCP>
#	G	D	E	R	K	N	Q	S	T	A	V	L	I	F	Y	W	H	M	C	P
0	0.69444	0.01549	0.01266	0.01107	0.01622	0.01754	0.00912	0.02551	0.01480	0.10331	0.01349	0.01471	0.00998	0.00780	0.00535	0.00251	0.00634	0.00479	0.00555	0.00932
1	0.02863	0.01571	0.01936	0.06302	0.02358	0.01617	0.01321	0.07475	0.25440	0.35373	0.03042	0.02770	0.02079	0.01025	0.00819	0.00261	0.00712	0.00842	0.00882	0.01312
2	0.01834	0.01532	0.01764	0.01274	0.01987	0.01237	0.01024	0.08714	0.01913	0.02911	0.01497	0.01711	0.01221	0.00641	0.00624	0.00134	0.00633	0.00508	0.00517	0.68324
3	0.03085	0.02273	0.02435	0.01867	0.02516	0.02516	0.01542	0.63716	0.03815	0.05114	0.01948	0.01948	0.01380	0.00974	0.00812	0.00244	0.00893	0.00731	0.00812	0.01380
4	0.01683	0.01442	0.01683	0.01202	0.01923	0.01082	0.00961	0.02043	0.01683	0.02644	0.01442	0.01683	0.01202	0.00601	0.00601	0.00120	0.00601	0.00481	0.00481	0.76444
5	0.02959	0.01290	0.01713	0.01393	0.01900	0.01164	0.01133	0.06880	0.02338	0.46592	0.12437	0.07370	0.03139	0.01256	0.00866	0.00263	0.00649	0.04496	0.00948	0.01214
6	0.02567	0.01532	0.01805	0.01498	0.01985	0.01577	0.01195	0.16261	0.17891	0.24108	0.13469	0.06902	0.03110	0.01214	0.00853	0.00260	0.00659	0.01012	0.00887	0.01216

[dist]
# distance from previous block
# <min> <max>
0	1

[block]
# block no. 6 follows, 23 sequences, length 10
# corresponding to MSA columns:
# 273-282
name=unknown_G
#
# <colnr> <probs for GDERKNQSTAVLIFYWHMCP>
#	G	D	E	R	K	N	Q	S	T	A	V	L	I	F	Y	W	H	M	C	P
0	0.01578	0.01456	0.02458	0.20902	0.03315	0.01560	0.14624	0.04383	0.01774	0.02391	0.02435	0.14382	0.02416	0.01339	0.01059	0.00293	0.06285	0.10922	0.00524	0.05905
1	0.01888	0.01432	0.02341	0.58057	0.04996	0.01700	0.02075	0.02390	0.01740	0.13014	0.01739	0.02264	0.01238	0.00844	0.00812	0.00267	0.01016	0.00737	0.00469	0.00982
2	0.03218	0.01821	0.02774	0.02089	0.02768	0.01698	0.16623	0.13379	0.02532	0.39643	0.02713	0.02662	0.01832	0.01011	0.00908	0.00281	0.00937	0.00878	0.00862	0.01371
3	0.01136	0.00917	0.01201	0.01241	0.01330	0.00983	0.00907	0.01321	0.01631	0.02207	0.11639	0.42620	0.13639	0.02180	0.01290	0.00317	0.12170	0.01854	0.00703	0.00714
4	0.01473	0.01323	0.02099	0.37643	0.07965	0.01605	0.01801	0.01872	0.01557	0.02115	0.02011	0.13809	0.01924	0.01586	0.06293	0.00366	0.09586	0.01000	0.03107	0.00865
5	0.27814	0.01218	0.01167	0.01053	0.01376	0.01335	0.00820	0.09644	0.01746	0.03226	0.01828	0.02207	0.01465	0.01198	0.01014	0.13061	0.00584	0.00635	0.27801	0.00808
6	0.01972	0.01705	0.01930	0.01730	0.02097	0.02028	0.01383	0.06894	0.45321	0.03159	0.02940	0.03301	0.02374	0.01249	0.01161	0.00296	0.12355	0.06192	0.00739	0.01175
7	0.60693	0.05388	0.01564	0.01220	0.01757	0.02011	0.01018	0.12794	0.01808	0.03800	0.01269	0.01424	0.00972	0.00788	0.00556	0.00246	0.00685	0.00488	0.00547	0.00972
8	0.02971	0.02216	0.02371	0.01844	0.02473	0.02463	0.01515	0.57382	0.10334	0.04931	0.02093	0.02063	0.01497	0.00988	0.00813	0.00247	0.00866	0.00750	0.00813	0.01370
9	0.10240	0.01723	0.01805	0.01583	0.02072	0.01952	0.01248	0.07453	0.49152	0.09152	0.02985	0.02760	0.02203	0.01048	0.00790	0.00269	0.00659	0.00847	0.00806	0.01255

[dist]
# distance from previous block
# <min> <max>
1	3

[block]
# block no. 7 follows, 23 sequences, length 6
# corresponding to MSA columns:
# 286-291
name=unknown_H
#
# <colnr> <probs for GDERKNQSTAVLIFYWHMCP>
#	G	D	E	R	K	N	Q	S	T	A	V	L	I	F	Y	W	H	M	C	P
0	0.03085	0.02273	0.02435	0.01867	0.02516	0.02516	0.01542	0.63716	0.03815	0.05114	0.01948	0.01948	0.01380	0.00974	0.00812	0.00244	0.00893	0.00731	0.00812	0.01380
1	0.02966	0.02214	0.02368	0.01843	0.02471	0.02461	0.01513	0.57085	0.10640	0.04922	0.02099	0.02069	0.01502	0.00988	0.00813	0.00247	0.00865	0.00751	0.00813	0.01369
2	0.02975	0.01239	0.01641	0.01307	0.01835	0.01072	0.01062	0.03282	0.02252	0.50511	0.11047	0.03856	0.11785	0.01228	0.00852	0.00255	0.00616	0.01018	0.00956	0.01212
3	0.03085	0.02273	0.02435	0.01867	0.02516	0.02516	0.01542	0.63716	0.03815	0.05114	0.01948	0.01948	0.01380	0.00974	0.00812	0.00244	0.00893	0.00731	0.00812	0.01380
4	0.01401	0.01210	0.01712	0.01533	0.01605	0.01450	0.04578	0.01560	0.01367	0.01948	0.05808	0.13148	0.02746	0.25372	0.06432	0.00540	0.25218	0.01161	0.00496	0.00718
5	0.00989	0.00706	0.00942	0.01130	0.01177	0.00659	0.00753	0.01130	0.01554	0.02071	0.04472	0.70954	0.05367	0.02542	0.01036	0.00330	0.00471	0.02307	0.00753	0.00659

[dist]
# distance from previous block
# <min> <max>
1	6

[block]
# block no. 8 follows, 23 sequences, length 18
# corresponding to MSA columns:
# 298-315
name=unknown_I
#
# <colnr> <probs for GDERKNQSTAVLIFYWHMCP>
#	G	D	E	R	K	N	Q	S	T	A	V	L	I	F	Y	W	H	M	C	P
0	0.01775	0.28050	0.40449	0.01885	0.02843	0.02276	0.02267	0.02426	0.01699	0.02310	0.01791	0.01974	0.05379	0.00829	0.00695	0.00228	0.01029	0.00615	0.00372	0.01109
1	0.02054	0.57532	0.17681	0.01585	0.02387	0.02928	0.01731	0.02460	0.01662	0.02050	0.01198	0.01389	0.01038	0.00711	0.00574	0.00191	0.00938	0.00469	0.00346	0.01075
2	0.02119	0.65691	0.10092	0.01474	0.02215	0.03088	0.01538	0.02443	0.01655	0.01970	0.01158	0.01340	0.01040	0.00701	0.00544	0.00181	0.00898	0.00449	0.00347	0.01056
3	0.01923	0.01518	0.01765	0.01279	0.01988	0.01225	0.01030	0.08046	0.01921	0.06366	0.01586	0.01766	0.01263	0.00658	0.00633	0.00139	0.00634	0.00523	0.00541	0.65198
4	0.00989	0.00706	0.00942	0.01130	0.01177	0.00659	0.00753	0.01130	0.01554	0.02071	0.04472	0.70954	0.05367	0.02542	0.01036	0.00330	0.00471	0.02307	0.00753	0.00659
5	0.01159	0.00869	0.01304	0.01304	0.01449	0.01014	0.01014	0.01449	0.01304	0.01884	0.02173	0.03188	0.02029	0.06086	0.68268	0.01304	0.02173	0.00869	0.00435	0.00724
6	0.01905	0.02158	0.04616	0.03323	0.04083	0.02084	0.58856	0.02551	0.01865	0.02551	0.01598	0.02158	0.01219	0.00739	0.01085	0.00280	0.06505	0.00939	0.00406	0.01079
7	0.02115	0.01946	0.01879	0.01693	0.02148	0.08351	0.01311	0.04209	0.58963	0.03260	0.03107	0.02878	0.02340	0.01076	0.00817	0.00269	0.00721	0.00880	0.00787	0.01251
8	0.01513	0.00756	0.00756	0.00756	0.00945	0.00756	0.00567	0.01891	0.01702	0.03025	0.02647	0.03025	0.02080	0.00945	0.00567	0.00189	0.00378	0.00756	0.75988	0.00756
9	0.00992	0.00731	0.00918	0.01063	0.01149	0.00670	0.00716	0.01138	0.01589	0.02069	0.05050	0.56596	0.16077	0.05713	0.01168	0.00341	0.00475	0.02148	0.00741	0.00656
10	0.01400	0.12502	0.01820	0.01295	0.01560	0.01414	0.01042	0.01654	0.01378	0.01925	0.01933	0.02926	0.01857	0.12037	0.40809	0.00911	0.04545	0.00792	0.00428	0.07773
11	0.01874	0.02050	0.03694	0.09012	0.03653	0.06445	0.38210	0.02411	0.01842	0.02473	0.05811	0.02316	0.01611	0.00860	0.01125	0.00270	0.09926	0.00883	0.00435	0.05100
12	0.26696	0.08250	0.01936	0.04822	0.02118	0.06326	0.01190	0.08361	0.06482	0.14049	0.03949	0.01990	0.01528	0.00859	0.00665	0.00230	0.00755	0.00622	0.00623	0.08551
