[name]
unknown

[dist]
# distance from previous block
# <min> <max>
16	71

[block]
# block no. 0 follows, 23 sequences, length 9
# corresponding to MSA columns:
# 83-91
name=unknown_A
#
# <colnr> <probs for GDERKNQSTAVLIFYWHMCP>
#	G	D	E	R	K	N	Q	S	T	A	V	L	I	F	Y	W	H	M	C	P
0	0.18236	0.01886	0.02047	0.17925	0.02973	0.04832	0.01523	0.21680	0.14738	0.03602	0.01890	0.02058	0.01404	0.00907	0.00745	0.00256	0.00856	0.00695	0.00624	0.01121
1	0.01646	0.18194	0.02044	0.01423	0.01735	0.05239	0.01210	0.05258	0.01851	0.02314	0.03159	0.16710	0.03428	0.06034	0.01109	0.00327	0.00779	0.26083	0.00622	0.00833
2	0.14755	0.01120	0.01315	0.01196	0.01393	0.01205	0.00877	0.11937	0.01582	0.02424	0.01453	0.02181	0.01313	0.02149	0.02310	0.50329	0.00723	0.00663	0.00456	0.00618
3	0.02933	0.02690	0.02318	0.01908	0.02462	0.22416	0.01517	0.37814	0.11104	0.03946	0.01909	0.01938	0.01417	0.00948	0.00789	0.00237	0.01034	0.00691	0.00694	0.01234
4	0.01430	0.00830	0.01291	0.12697	0.01827	0.00891	0.00968	0.01230	0.01153	0.01522	0.01415	0.02415	0.01354	0.02478	0.02770	0.63453	0.00769	0.00708	0.00354	0.00446
5	0.09303	0.01652	0.01769	0.01464	0.01873	0.04843	0.03559	0.23383	0.04945	0.06892	0.02462	0.03140	0.05113	0.17261	0.03629	0.00400	0.00850	0.00873	0.05589	0.00997
6	0.10881	0.06656	0.25185	0.02286	0.03158	0.02066	0.18585	0.12918	0.02081	0.03103	0.01532	0.01810	0.01134	0.00768	0.00775	0.00248	0.01080	0.00685	0.00466	0.04584
7	0.02160	0.01657	0.01846	0.01497	0.02082	0.01665	0.01189	0.09370	0.31037	0.09297	0.02513	0.02429	0.01882	0.00906	0.00745	0.00216	0.00657	0.00738	0.00721	0.27393
8	0.02192	0.02016	0.05046	0.01562	0.02247	0.12602	0.04701	0.02565	0.01890	0.11378	0.01664	0.01824	0.01280	0.00709	0.00681	0.00168	0.00831	0.00566	0.00532	0.45546

[dist]
# distance from previous block
# <min> <max>
42	148

[block]
# block no. 1 follows, 23 sequences, length 116
# corresponding to MSA columns:
# 247-362
name=unknown_B
#
# <colnr> <probs for GDERKNQSTAVLIFYWHMCP>
#	G	D	E	R	K	N	Q	S	T	A	V	L	I	F	Y	W	H	M	C	P
0	0.01986	0.01905	0.03253	0.08058	0.63521	0.01922	0.02479	0.02470	0.01837	0.02623	0.01522	0.02016	0.01276	0.00727	0.00804	0.00242	0.00970	0.00723	0.00400	0.01267
1	0.01670	0.07066	0.60537	0.02342	0.03495	0.01954	0.06755	0.02565	0.01723	0.02542	0.01453	0.01725	0.01041	0.00762	0.00772	0.00254	0.01195	0.00615	0.00347	0.01186
2	0.01781	0.01439	0.01693	0.01214	0.01930	0.01087	0.00973	0.02139	0.01715	0.05866	0.01530	0.01737	0.01242	0.00621	0.00612	0.00127	0.00605	0.00498	0.00507	0.72685
3	0.04961	0.06684	0.52882	0.02144	0.03181	0.01844	0.05133	0.02461	0.01758	0.02652	0.07382	0.02098	0.01641	0.00845	0.00773	0.00254	0.01091	0.00680	0.00403	0.01134
4	0.01172	0.00819	0.01050	0.01050	0.01107	0.00876	0.00698	0.01286	0.01229	0.01696	0.02406	0.04473	0.02587	0.45688	0.29428	0.00991	0.01334	0.01057	0.00469	0.00583
5	0.02786	0.02069	0.02251	0.01758	0.02366	0.02235	0.01445	0.52632	0.03436	0.04637	0.02119	0.05295	0.01686	0.01066	0.00816	0.00242	0.00841	0.03456	0.00776	0.08085
6	0.01720	0.01688	0.02355	0.02033	0.02039	0.02338	0.01678	0.01893	0.01242	0.01930	0.01187	0.02015	0.01201	0.05238	0.05364	0.00415	0.63697	0.00741	0.00365	0.00861
7	0.01174	0.00811	0.01009	0.01009	0.01051	0.00854	0.00646	0.01259	0.01217	0.01665	0.02444	0.04684	0.02678	0.52208	0.23034	0.00939	0.01195	0.01088	0.00475	0.00560
8	0.01513	0.00756	0.00756	0.00756	0.00945	0.00756	0.00567	0.01891	0.01702	0.03025	0.02647	0.03025	0.02080	0.00945	0.00567	0.00189	0.00378	0.00756	0.75988	0.00756
9	0.02169	0.71972	0.04252	0.01388	0.02083	0.03211	0.01388	0.02430	0.01649	0.01909	0.01128	0.01302	0.01041	0.00694	0.00521	0.00174	0.00868	0.00434	0.00347	0.01041
10	0.02068	0.01761	0.01865	0.01642	0.02126	0.02001	0.01284	0.07955	0.57806	0.03464	0.03120	0.02889	0.02341	0.01067	0.00813	0.00265	0.00656	0.00883	0.00807	0.05186
11	0.01513	0.00756	0.00756	0.00756	0.00945	0.00756	0.00567	0.01891	0.01702	0.03025	0.02647	0.03025	0.02080	0.00945	0.00567	0.00189	0.00378	0.00756	0.75988	0.00756
12	0.02169	0.71972	0.04252	0.01388	0.02083	0.03211	0.01388	0.02430	0.01649	0.01909	0.01128	0.01302	0.01041	0.00694	0.00521	0.00174	0.00868	0.00434	0.00347	0.01041
13	0.01532	0.01442	0.02434	0.69533	0.05589	0.01803	0.02253	0.02073	0.01622	0.02073	0.01442	0.02163	0.01082	0.00811	0.00811	0.00270	0.01082	0.00721	0.00361	0.00901
14	0.74143	0.01598	0.01244	0.01100	0.01608	0.01849	0.00906	0.04926	0.01482	0.03702	0.01164	0.01344	0.00900	0.00762	0.00515	0.00251	0.00639	0.00451	0.00515	0.00900
15	0.01180	0.00787	0.00885	0.00885	0.00885	0.00787	0.00492	0.01180	0.01180	0.01573	0.02557	0.05310	0.02950	0.71483	0.04130	0.00787	0.00787	0.01180	0.00492	0.00492
16	0.02037	0.02035	0.05877	0.04742	0.61196	0.01951	0.02472	0.05032	0.01924	0.02750	0.01541	0.01994	0.01279	0.00735	0.00802	0.00242	0.00971	0.00718	0.00416	0.01286
17	0.02778	0.03335	0.02208	0.01985	0.02391	0.51916	0.01510	0.06090	0.09036	0.02293	0.01771	0.01920	0.03770	0.00949	0.00855	0.00228	0.04858	0.00631	0.00491	0.00986
18	0.01837	0.02143	0.07844	0.03128	0.06675	0.01942	0.46954	0.02537	0.04383	0.02580	0.01911	0.05104	0.01593	0.00882	0.01006	0.00281	0.03701	0.03973	0.00450	0.01076
19	0.01917	0.20093	0.35051	0.02107	0.03053	0.02167	0.09976	0.02668	0.04682	0.05679	0.01572	0.01785	0.01180	0.00761	0.00731	0.00234	0.01064	0.00625	0.00413	0.04241
20	0.01959	0.01875	0.03167	0.04700	0.60905	0.01907	0.02391	0.02414	0.01808	0.02596	0.01615	0.04588	0.01428	0.00825	0.00901	0.00250	0.04237	0.00782	0.00413	0.01243
21	0.01159	0.00869	0.01304	0.01304	0.01449	0.01014	0.01014	0.01449	0.01304	0.01884	0.02173	0.03188	0.02029	0.06086	0.68268	0.01304	0.02173	0.00869	0.00435	0.00724
22	0.05569	0.50122	0.07840	0.01658	0.02341	0.12904	0.05116	0.02570	0.01756	0.02079	0.01198	0.01405	0.01045	0.00723	0.00593	0.00194	0.00998	0.00489	0.00368	0.01032
23	0.01627	0.04197	0.67279	0.02313	0.03512	0.01884	0.02998	0.02570	0.01713	0.02570	0.01456	0.01713	0.01028	0.00771	0.00771	0.00257	0.01199	0.00600	0.00343	0.01199
24	0.01775	0.01775	0.02485	0.02130	0.02130	0.02485	0.01775	0.01953	0.01243	0.01953	0.01065	0.01775	0.01065	0.01420	0.02663	0.00355	0.69998	0.00710	0.00355	0.00888
25	0.01111	0.00826	0.01041	0.01036	0.01229	0.00755	0.00785	0.01437	0.02102	0.02864	0.43554	0.12920	0.18247	0.01872	0.00980	0.00277	0.00429	0.06957	0.00840	0.00738
26	0.03073	0.01874	0.02137	0.01665	0.02252	0.01966	0.01357	0.40488	0.03156	0.23138	0.02452	0.05209	0.01805	0.04363	0.00978	0.00275	0.00810	0.00842	0.00851	0.01309
27	0.01915	0.02189	0.04788	0.03420	0.04241	0.02052	0.63475	0.02599	0.01915	0.02599	0.01642	0.02189	0.01231	0.00684	0.00958	0.00274	0.01368	0.00958	0.00410	0.01094
28	0.01775	0.01775	0.02485	0.02130	0.02130	0.02485	0.01775	0.01953	0.01243	0.01953	0.01065	0.01775	0.01065	0.01420	0.02663	0.00355	0.69998	0.00710	0.00355	0.00888
29	0.01148	0.00829	0.01085	0.01021	0.01212	0.00766	0.00766	0.01531	0.02297	0.03254	0.65994	0.06061	0.07656	0.01659	0.00957	0.00255	0.00383	0.01467	0.00893	0.00766
30	0.01973	0.01878	0.03194	0.04806	0.63180	0.01878	0.02431	0.02450	0.01849	0.02640	0.01665	0.02366	0.01455	0.00799	0.00819	0.00248	0.00953	0.03739	0.00419	0.01258
31	0.01513	0.00756	0.00756	0.00756	0.00945	0.00756	0.00567	0.01891	0.01702	0.03025	0.02647	0.03025	0.02080	0.00945	0.00567	0.00189	0.00378	0.00756	0.75988	0.00756
32	0.03085	0.02273	0.02435	0.01867	0.02516	0.02516	0.01542	0.63716	0.03815	0.05114	0.01948	0.01948	0.01380	0.00974	0.00812	0.00244	0.00893	0.00731	0.00812	0.01380
33	0.01306	0.01001	0.03865	0.01091	0.01353	0.00834	0.00877	0.01701	0.02256	0.06899	0.57290	0.05760	0.09444	0.01600	0.00941	0.00256	0.00436	0.01403	0.00871	0.00816
34	0.02006	0.05644	0.16380	0.01767	0.06090	0.01538	0.01602	0.04748	0.01836	0.10392	0.01650	0.01833	0.01259	0.00746	0.00764	0.00190	0.03629	0.00578	0.00509	0.36839
35	0.05537	0.66486	0.04048	0.01398	0.02075	0.05397	0.01372	0.02456	0.01659	0.01989	0.01133	0.01308	0.01034	0.00702	0.00527	0.00178	0.00878	0.00437	0.00356	0.01031
36	0.01513	0.00756	0.00756	0.00756	0.00945	0.00756	0.00567	0.01891	0.01702	0.03025	0.02647	0.03025	0.02080	0.00945	0.00567	0.00189	0.00378	0.00756	0.75988	0.00756
37	0.02752	0.02391	0.02443	0.04758	0.02657	0.13595	0.05439	0.39030	0.08523	0.04009	0.02017	0.05033	0.01572	0.01006	0.00818	0.00247	0.00988	0.00795	0.00699	0.01227
38	0.01180	0.00787	0.00885	0.00885	0.00885	0.00787	0.00492	0.01180	0.01180	0.01573	0.02557	0.05310	0.02950	0.71483	0.04130	0.00787	0.00787	0.01180	0.00492	0.00492
39	0.01785	0.01342	0.01634	0.04965	0.02078	0.01461	0.01331	0.06645	0.24241	0.06138	0.03607	0.08598	0.03406	0.01639	0.00963	0.00317	0.00721	0.27345	0.00773	0.01012
40	0.03641	0.01381	0.01883	0.01444	0.02071	0.01193	0.01193	0.03954	0.02322	0.66984	0.03201	0.02762	0.02009	0.01004	0.00816	0.00251	0.00690	0.00816	0.01004	0.01381
41	0.01775	0.01775	0.02485	0.02130	0.02130	0.02485	0.01775	0.01953	0.01243	0.01953	0.01065	0.01775	0.01065	0.01420	0.02663	0.00355	0.69998	0.00710	0.00355	0.00888
42	0.01646	0.04089	0.64229	0.02440	0.06511	0.01887	0.02974	0.02566	0.01720	0.02574	0.01460	0.01727	0.01040	0.00769	0.00772	0.00256	0.01188	0.00605	0.00345	0.01203
43	0.02008	0.01928	0.03294	0.04981	0.66422	0.01928	0.02490	0.02490	0.01848	0.02651	0.01526	0.02008	0.01285	0.00723	0.00803	0.00241	0.00964	0.00723	0.00402	0.01285
44	0.00978	0.00747	0.00899	0.01020	0.01148	0.00668	0.00705	0.01142	0.01659	0.02114	0.05807	0.48457	0.27002	0.02369	0.01008	0.00310	0.00449	0.02095	0.00753	0.00668
45	0.01148	0.00829	0.01085	0.01021	0.01212	0.00766	0.00766	0.01531	0.02297	0.03254	0.65994	0.06061	0.07656	0.01659	0.00957	0.00255	0.00383	0.01467	0.00893	0.00766
46	0.05292	0.02104	0.02534	0.05764	0.12803	0.07187	0.04535	0.27515	0.05263	0.11914	0.01926	0.02060	0.01408	0.00929	0.00909	0.00252	0.04964	0.00731	0.00663	0.01244
47	0.00959	0.00822	0.00822	0.00822	0.01096	0.00685	0.00617	0.01165	0.01850	0.02192	0.08220	0.07809	0.66092	0.02055	0.00959	0.00274	0.00411	0.01713	0.00754	0.00685
48	0.01775	0.01775	0.02485	0.02130	0.02130	0.02485	0.01775	0.01953	0.01243	0.01953	0.01065	0.01775	0.01065	0.01420	0.02663	0.00355	0.69998	0.00710	0.00355	0.00888
49	0.01409	0.00705	0.01057	0.01057	0.01057	0.00705	0.00705	0.01057	0.01057	0.01409	0.01409	0.02467	0.01409	0.02819	0.03171	0.76392	0.00705	0.00705	0.00352	0.00352
50	0.01850	0.01766	0.03008	0.26437	0.46201	0.01886	0.02412	0.02352	0.01773	0.02459	0.01498	0.02060	0.01218	0.00752	0.00806	0.00251	0.01003	0.00722	0.00388	0.01158
51	0.03031	0.03867	0.02299	0.02090	0.02508	0.68226	0.01568	0.03240	0.02299	0.01986	0.01254	0.01463	0.01045	0.00836	0.00732	0.00209	0.01463	0.00523	0.00418	0.00941
52	0.02842	0.03295	0.02215	0.01986	0.02424	0.49772	0.01523	0.10874	0.08375	0.02539	0.01712	0.02120	0.01434	0.00960	0.00773	0.00229	0.01272	0.04111	0.00525	0.01017
53	0.01775	0.01775	0.02485	0.02130	0.02130	0.02485	0.01775	0.01953	0.01243	0.01953	0.01065	0.01775	0.01065	0.01420	0.02663	0.00355	0.69998	0.00710	0.00355	0.00888
54	0.10796	0.01404	0.01784	0.01405	0.01995	0.01293	0.01153	0.03738	0.06192	0.54480	0.05126	0.02746	0.02117	0.01008	0.00790	0.00253	0.00671	0.00807	0.00939	0.01304
55	0.01924	0.01508	0.01758	0.01273	0.01982	0.01208	0.01025	0.07310	0.01901	0.06923	0.01596	0.01773	0.01268	0.00658	0.00632	0.00139	0.00631	0.00523	0.00542	0.65428
56	0.77215	0.01569	0.01193	0.01067	0.01569	0.01820	0.00879	0.02385	0.01381	0.03641	0.01130	0.01318	0.00879	0.00753	0.00502	0.00251	0.00628	0.00439	0.00502	0.00879
57	0.03124	0.01463	0.01918	0.01666	0.05287	0.01387	0.01282	0.03854	0.15101	0.47887	0.03186	0.03061	0.02186	0.01065	0.00831	0.00261	0.00697	0.03491	0.00926	0.01328
58	0.01971	0.01890	0.03227	0.09991	0.61700	0.01918	0.02472	0.02458	0.01830	0.02606	0.01520	0.02020	0.01269	0.00730	0.00804	0.00243	0.00973	0.00723	0.00398	0.01255
59	0.01581	0.01492	0.02522	0.62897	0.11842	0.01816	0.02278	0.02116	0.01646	0.02133	0.01451	0.02147	0.01103	0.00802	0.00810	0.00267	0.01070	0.00721	0.00365	0.00941
60	0.00959	0.00822	0.00822	0.00822	0.01096	0.00685	0.00617	0.01165	0.01850	0.02192	0.08220	0.07809	0.66092	0.02055	0.00959	0.00274	0.00411	0.01713	0.00754	0.00685
61	0.02008	0.01928	0.03294	0.04981	0.66422	0.01928	0.02490	0.02490	0.01848	0.02651	0.01526	0.02008	0.01285	0.00723	0.00803	0.00241	0.00964	0.00723	0.00402	0.01285
62	0.00989	0.00706	0.00942	0.01130	0.01177	0.00659	0.00753	0.01130	0.01554	0.02071	0.04472	0.70954	0.05367	0.02542	0.01036	0.00330	0.00471	0.02307	0.00753	0.00659
63	0.02135	0.67681	0.08242	0.01447	0.02173	0.03127	0.01490	0.02439	0.01653	0.01951	0.01149	0.01328	0.01040	0.00699	0.00536	0.00179	0.00889	0.00444	0.00347	0.01051
64	0.02018	0.01743	0.01835	0.01651	0.02110	0.02018	0.01284	0.04312	0.64956	0.03394	0.03303	0.03027	0.02477	0.01101	0.00826	0.00275	0.00642	0.00917	0.00826	0.01284
65	0.02028	0.01720	0.08589	0.01362	0.02116	0.01186	0.01216	0.02441	0.01800	0.14167	0.01759	0.01879	0.01328	0.00691	0.00657	0.00158	0.00680	0.00553	0.00560	0.55110
66	0.01782	0.11564	0.57231	0.02170	0.03286	0.01999	0.02735	0.02619	0.01735	0.05525	0.01502	0.01717	0.01075	0.00773	0.00745	0.00247	0.01139	0.00591	0.00374	0.01190
67	0.01686	0.11484	0.60503	0.02213	0.03358	0.02027	0.02825	0.02555	0.01706	0.02499	0.01421	0.01669	0.01029	0.00763	0.00744	0.00248	0.01164	0.00582	0.00343	0.01182
68	0.00959	0.00822	0.00822	0.00822	0.01096	0.00685	0.00617	0.01165	0.01850	0.02192	0.08220	0.07809	0.66092	0.02055	0.00959	0.00274	0.00411	0.01713	0.00754	0.00685
69	0.03232	0.01551	0.02056	0.06005	0.05687	0.01496	0.01377	0.11219	0.07123	0.47091	0.02855	0.02604	0.01869	0.00981	0.00815	0.00253	0.00751	0.00802	0.00895	0.01338
70	0.01929	0.01847	0.03151	0.15686	0.56333	0.01907	0.02451	0.02421	0.01810	0.02555	0.01512	0.02034	0.01252	0.00738	0.00805	0.00246	0.00983	0.00723	0.00395	0.01222
71	0.01409	0.00705	0.01057	0.01057	0.01057	0.00705	0.00705	0.01057	0.01057	0.01409	0.01409	0.02467	0.01409	0.02819	0.03171	0.76392	0.00705	0.00705	0.00352	0.00352
72	0.01532	0.01442	0.02434	0.69533	0.05589	0.01803	0.02253	0.02073	0.01622	0.02073	0.01442	0.02163	0.01082	0.00811	0.00811	0.00270	0.01082	0.00721	0.00361	0.00901
73	0.01627	0.04197	0.67279	0.02313	0.03512	0.01884	0.02998	0.02570	0.01713	0.02570	0.01456	0.01713	0.01028	0.00771	0.00771	0.00257	0.01199	0.00600	0.00343	0.01199
74	0.01653	0.07384	0.64316	0.02269	0.03445	0.01947	0.02922	0.02563	0.01710	0.02539	0.01441	0.01694	0.01029	0.00767	0.00759	0.00253	0.01184	0.00592	0.00343	0.01192
75	0.01532	0.01442	0.02434	0.69533	0.05589	0.01803	0.02253	0.02073	0.01622	0.02073	0.01442	0.02163	0.01082	0.00811	0.00811	0.00270	0.01082	0.00721	0.00361	0.00901
76	0.01560	0.01471	0.02484	0.65768	0.09137	0.01810	0.02267	0.02098	0.01636	0.02107	0.01447	0.02154	0.01094	0.00806	0.00811	0.00269	0.01075	0.00721	0.00363	0.00924
77	0.01887	0.01804	0.03075	0.21416	0.50933	0.01896	0.02430	0.02384	0.01790	0.02504	0.01505	0.02048	0.01233	0.00745	0.00805	0.00248	0.00994	0.00723	0.00391	0.01188
78	0.02934	0.03706	0.02314	0.02093	0.02479	0.63150	0.01584	0.03141	0.02218	0.01983	0.01240	0.01487	0.01047	0.00881	0.00881	0.00220	0.06755	0.00537	0.00413	0.00937
79	0.01160	0.00865	0.01282	0.01282	0.01420	0.01002	0.00987	0.01435	0.01298	0.01868	0.02193	0.03298	0.02076	0.09475	0.64944	0.01277	0.02102	0.00885	0.00438	0.00712
80	0.01683	0.01442	0.01683	0.01202	0.01923	0.01082	0.00961	0.02043	0.01683	0.02644	0.01442	0.01683	0.01202	0.00601	0.00601	0.00120	0.00601	0.00481	0.00481	0.76444
81	0.02018	0.01743	0.01835	0.01651	0.02110	0.02018	0.01284	0.04312	0.64956	0.03394	0.03303	0.03027	0.02477	0.01101	0.00826	0.00275	0.00642	0.00917	0.00826	0.01284
82	0.01025	0.00747	0.01014	0.03857	0.01357	0.00715	0.00814	0.01204	0.01624	0.02180	0.09979	0.62264	0.05405	0.02392	0.01020	0.00320	0.00487	0.02167	0.00750	0.00679
83	0.02193	0.02213	0.11610	0.09727	0.03536	0.01926	0.26131	0.14778	0.02288	0.09462	0.04087	0.02520	0.01639	0.00889	0.00881	0.00266	0.01097	0.03045	0.00564	0.01149
84	0.02955	0.03711	0.02222	0.02024	0.02430	0.64844	0.01518	0.03173	0.02269	0.02038	0.01324	0.01542	0.01097	0.00842	0.00723	0.00208	0.01409	0.00534	0.04205	0.00931
85	0.01051	0.00829	0.00950	0.00931	0.01167	0.00728	0.00706	0.01337	0.02036	0.02642	0.32039	0.07137	0.39434	0.01898	0.00965	0.00270	0.00413	0.03937	0.00811	0.00721
86	0.01767	0.10195	0.56434	0.02169	0.03271	0.01986	0.02714	0.02679	0.04319	0.04906	0.01566	0.01768	0.01124	0.00786	0.00752	0.00250	0.01127	0.00605	0.00387	0.01195
87	0.01872	0.01803	0.03113	0.22890	0.47045	0.01898	0.04818	0.02378	0.01788	0.02488	0.01507	0.02059	0.01226	0.00746	0.00812	0.00250	0.01013	0.00732	0.00391	0.01171
88	0.02008	0.01928	0.03294	0.04981	0.66422	0.01928	0.02490	0.02490	0.01848	0.02651	0.01526	0.02008	0.01285	0.00723	0.00803	0.00241	0.00964	0.00723	0.00402	0.01285
89	0.01650	0.01535	0.02598	0.25535	0.27017	0.01638	0.05939	0.02121	0.01767	0.02376	0.02343	0.06413	0.04882	0.01110	0.00879	0.00277	0.00950	0.09489	0.00470	0.01013
90	0.01945	0.01864	0.03180	0.13529	0.58366	0.01911	0.02459	0.02435	0.01818	0.02574	0.01515	0.02029	0.01258	0.00735	0.00804	0.00245	0.00980	0.00723	0.00396	0.01234
91	0.01238	0.00843	0.01106	0.01141	0.01322	0.00784	0.00873	0.01541	0.01993	0.05666	0.31207	0.22940	0.11048	0.01993	0.01001	0.00298	0.00490	0.12933	0.00824	0.00757
92	0.01333	0.00995	0.01392	0.01649	0.05400	0.01001	0.01290	0.01767	0.04784	0.02432	0.04115	0.17955	0.04477	0.02146	0.01075	0.00354	0.00712	0.45601	0.00732	0.00790
93	0.01778	0.08936	0.47509	0.02323	0.03361	0.01941	0.11939	0.02580	0.01787	0.05221	0.04065	0.01968	0.01361	0.00796	0.00789	0.00253	0.01146	0.00684	0.00402	0.01161
94	0.01756	0.11913	0.07370	0.01305	0.01719	0.01306	0.01166	0.02138	0.02060	0.13370	0.30408	0.09665	0.04732	0.01446	0.00872	0.00258	0.00614	0.06205	0.00759	0.00936
95	0.01658	0.01570	0.02661	0.52491	0.21648	0.01836	0.02316	0.02183	0.01682	0.02226	0.01464	0.02122	0.01135	0.00788	0.00809	0.00263	0.01051	0.00722	0.00371	0.01003
96	0.01810	0.06466	0.49257	0.02273	0.03295	0.05189	0.08470	0.02596	0.01780	0.05476	0.01675	0.05079	0.01301	0.00858	0.00791	0.00256	0.01157	0.00715	0.00403	0.01152
97	0.01768	0.03256	0.38608	0.02965	0.09707	0.01949	0.24859	0.02573	0.01799	0.02588	0.01530	0.01913	0.01126	0.00735	0.00842	0.00261	0.01238	0.00741	0.00373	0.01169
98	0.01974	0.01691	0.02187	0.31798	0.03726	0.01918	0.01754	0.05523	0.25845	0.02981	0.05960	0.03258	0.05241	0.01189	0.00929	0.00314	0.00904	0.00952	0.00686	0.01171
99	0.77215	0.01569	0.01193	0.01067	0.01569	0.01820	0.00879	0.02385	0.01381	0.03641	0.01130	0.01318	0.00879	0.00753	0.00502	0.00251	0.00628	0.00439	0.00502	0.00879
100	0.22783	0.20427	0.14085	0.01456	0.02152	0.01999	0.01459	0.02794	0.01755	0.18463	0.01757	0.01808	0.01274	0.00810	0.00635	0.00229	0.00799	0.00572	0.03646	0.01097
101	0.01148	0.00829	0.01085	0.01021	0.01212	0.00766	0.00766	0.01531	0.02297	0.03254	0.65994	0.06061	0.07656	0.01659	0.00957	0.00255	0.00383	0.01467	0.00893	0.00766
102	0.00989	0.00706	0.00942	0.01130	0.01177	0.00659	0.00753	0.01130	0.01554	0.02071	0.04472	0.70954	0.05367	0.02542	0.01036	0.00330	0.00471	0.02307	0.00753	0.00659
103	0.01733	0.15383	0.53541	0.02216	0.03312	0.02114	0.05864	0.02548	0.01713	0.02461	0.01411	0.01669	0.01041	0.00754	0.00739	0.00244	0.01153	0.00591	0.00347	0.01167
104	0.02069	0.01849	0.01858	0.01673	0.02130	0.05336	0.01299	0.04258	0.61816	0.03324	0.03200	0.02949	0.02405	0.01088	0.00821	0.00272	0.00683	0.00898	0.00805	0.01267
105	0.03359	0.01420	0.01866	0.01449	0.02066	0.01266	0.01187	0.03868	0.08366	0.56734	0.03100	0.02719	0.02003	0.00988	0.00803	0.00245	0.00680	0.00805	0.00954	0.06123
106	0.01885	0.02262	0.07930	0.06069	0.04258	0.02033	0.57834	0.02576	0.01893	0.02576	0.01624	0.02163	0.01215	0.00694	0.00942	0.00273	0.01348	0.00929	0.00405	0.01092
107	0.01180	0.00787	0.00885	0.00885	0.00885	0.00787	0.00492	0.01180	0.01180	0.01573	0.02557	0.05310	0.02950	0.71483	0.04130	0.00787	0.00787	0.01180	0.00492	0.00492
108	0.77215	0.01569	0.01193	0.01067	0.01569	0.01820	0.00879	0.02385	0.01381	0.03641	0.01130	0.01318	0.00879	0.00753	0.00502	0.00251	0.00628	0.00439	0.00502	0.00879
109	0.01646	0.01640	0.02698	0.58818	0.05291	0.04908	0.09251	0.02188	0.01687	0.02130	0.01456	0.02134	0.01097	0.00798	0.00824	0.00268	0.01132	0.00739	0.00369	0.00925
110	0.01272	0.00905	0.01219	0.01367	0.01528	0.00899	0.01147	0.01578	0.01757	0.02281	0.04192	0.08480	0.07111	0.13291	0.01594	0.00435	0.00739	0.48794	0.00707	0.00704
111	0.01606	0.01517	0.02567	0.59545	0.15001	0.01822	0.02290	0.02138	0.01657	0.02163	0.01455	0.02139	0.01113	0.00798	0.00810	0.00266	0.01063	0.00721	0.00367	0.00961
112	0.62468	0.01709	0.01440	0.01226	0.01758	0.01959	0.01011	0.14586	0.01865	0.03934	0.01293	0.01443	0.00978	0.00797	0.00564	0.00250	0.00680	0.00497	0.00564	0.00978
113	0.01560	0.01471	0.02484	0.65768	0.09137	0.01810	0.02267	0.02098	0.01636	0.02107	0.01447	0.02154	0.01094	0.00806	0.00811	0.00269	0.01075	0.00721	0.00363	0.00924
114	0.77215	0.01569	0.01193	0.01067	0.01569	0.01820	0.00879	0.02385	0.01381	0.03641	0.01130	0.01318	0.00879	0.00753	0.00502	0.00251	0.00628	0.00439	0.00502	0.00879
115	0.09945	0.01572	0.02531	0.52077	0.04860	0.01865	0.08144	0.05246	0.01735	0.02449	0.01453	0.02062	0.01089	0.00800	0.00792	0.00267	0.01051	0.00714	0.00404	0.00942

[dist]
# distance from previous block
# <min> <max>
6	38

[block]
# block no. 2 follows, 23 sequences, length 24
# corresponding to MSA columns:
# 409-430,437,438
name=unknown_C
#
# <colnr> <probs for GDERKNQSTAVLIFYWHMCP>
#	G	D	E	R	K	N	Q	S	T	A	V	L	I	F	Y	W	H	M	C	P
0	0.02034	0.01914	0.09043	0.06218	0.02559	0.01554	0.04348	0.14604	0.02138	0.06200	0.01669	0.01907	0.01284	0.00947	0.03353	0.00230	0.00858	0.00614	0.00545	0.37980
1	0.05379	0.01923	0.06591	0.05551	0.10420	0.01706	0.09339	0.11839	0.05963	0.03077	0.01657	0.01920	0.01290	0.00743	0.00734	0.00205	0.00853	0.00654	0.00521	0.29636
2	0.01757	0.05714	0.01845	0.09613	0.02282	0.01298	0.01138	0.02184	0.04687	0.07084	0.02005	0.09408	0.01809	0.03669	0.00833	0.00207	0.00678	0.00775	0.00541	0.42472
3	0.07130	0.01259	0.04434	0.01366	0.01726	0.01072	0.05194	0.04126	0.01713	0.02533	0.05978	0.34942	0.03522	0.04032	0.00978	0.00280	0.00628	0.01463	0.00634	0.16991
4	0.02375	0.02072	0.02313	0.02588	0.21010	0.13722	0.01614	0.08569	0.09029	0.10825	0.04838	0.02526	0.04957	0.00934	0.00787	0.00230	0.00889	0.00773	0.00610	0.09341
5	0.01750	0.01982	0.08010	0.20055	0.06871	0.01948	0.22824	0.02283	0.01677	0.02352	0.01447	0.02013	0.01147	0.00849	0.01168	0.00269	0.13485	0.00766	0.00389	0.08716
6	0.01636	0.01386	0.01817	0.04494	0.02085	0.01301	0.05794	0.05140	0.08316	0.02821	0.10758	0.07850	0.05606	0.01084	0.00845	0.00213	0.03359	0.00928	0.04378	0.30188
7	0.06912	0.01550	0.01774	0.06715	0.02103	0.04731	0.01240	0.10572	0.01928	0.02872	0.06191	0.07605	0.02047	0.01266	0.03153	0.00273	0.13094	0.00825	0.08786	0.16363
8	0.01712	0.01853	0.07798	0.33861	0.22720	0.01817	0.08639	0.02266	0.01718	0.02351	0.01512	0.02100	0.01187	0.00927	0.02944	0.00288	0.01101	0.00732	0.00384	0.04092
9	0.10599	0.43693	0.12862	0.01647	0.04413	0.05409	0.01598	0.02429	0.01676	0.02289	0.03895	0.01607	0.01306	0.00781	0.00657	0.00207	0.02981	0.00524	0.00392	0.01034
10	0.47346	0.01673	0.06703	0.10642	0.02283	0.01668	0.01251	0.02393	0.01606	0.08215	0.07887	0.02056	0.01688	0.00873	0.00636	0.00255	0.00716	0.00624	0.00548	0.00935
11	0.02169	0.71972	0.04252	0.01388	0.02083	0.03211	0.01388	0.02430	0.01649	0.01909	0.01128	0.01302	0.01041	0.00694	0.00521	0.00174	0.00868	0.00434	0.00347	0.01041
12	0.01683	0.01442	0.01683	0.01202	0.01923	0.01082	0.00961	0.02043	0.01683	0.02644	0.01442	0.01683	0.01202	0.00601	0.00601	0.00120	0.00601	0.00481	0.00481	0.76444
13	0.00989	0.00706	0.00942	0.01130	0.01177	0.00659	0.00753	0.01130	0.01554	0.02071	0.04472	0.70954	0.05367	0.02542	0.01036	0.00330	0.00471	0.02307	0.00753	0.00659
14	0.67059	0.01543	0.01288	0.01119	0.01639	0.01734	0.00922	0.02602	0.01511	0.12384	0.01416	0.01517	0.01035	0.00788	0.00545	0.00251	0.00636	0.00491	0.00571	0.00948
15	0.02606	0.01190	0.01585	0.01319	0.01769	0.01076	0.01066	0.03039	0.05242	0.39163	0.23676	0.04254	0.04035	0.01300	0.00882	0.00261	0.00592	0.04865	0.00943	0.01136
16	0.00985	0.00720	0.00928	0.01094	0.01167	0.00662	0.00737	0.01134	0.01588	0.02085	0.04910	0.63584	0.12454	0.02485	0.01027	0.00323	0.00464	0.02237	0.00753	0.00662
17	0.02940	0.01231	0.01670	0.01355	0.01858	0.01082	0.01108	0.03273	0.02286	0.48745	0.16924	0.03913	0.03417	0.01231	0.00867	0.00260	0.00627	0.05044	0.00963	0.01204
18	0.02658	0.08053	0.02474	0.02184	0.09086	0.29511	0.01578	0.17445	0.05900	0.02937	0.01628	0.01822	0.01293	0.00897	0.00834	0.00228	0.04543	0.00632	0.05203	0.01094
19	0.10197	0.02027	0.02145	0.01681	0.02277	0.02230	0.01381	0.47457	0.05893	0.08706	0.02050	0.02053	0.01462	0.00958	0.00767	0.00243	0.00810	0.00717	0.05660	0.01287
20	0.02183	0.62473	0.08925	0.01503	0.02219	0.07253	0.01522	0.02492	0.01695	0.01964	0.01161	0.01343	0.01041	0.00709	0.00553	0.00182	0.00931	0.00452	0.00351	0.01047
21	0.02049	0.01689	0.02379	0.01896	0.02253	0.01922	0.07048	0.06436	0.01727	0.10261	0.01815	0.02177	0.03964	0.01127	0.01655	0.00275	0.33213	0.00740	0.00513	0.16861
22	0.07911	0.56172	0.13627	0.01504	0.02261	0.02901	0.01594	0.02448	0.01638	0.02144	0.01178	0.01366	0.01027	0.00710	0.00557	0.00192	0.00900	0.00460	0.00358	0.01053
23	0.02934	0.02161	0.02330	0.01801	0.02415	0.02380	0.01482	0.58890	0.03697	0.04970	0.06918	0.02267	0.01867	0.01027	0.00823	0.00244	0.00853	0.00788	0.00818	0.01332

[dist]
# distance from previous block
# <min> <max>
7	19

[block]
# block no. 3 follows, 23 sequences, length 21
# corresponding to MSA columns:
# 459-479
name=unknown_D
#
# <colnr> <probs for GDERKNQSTAVLIFYWHMCP>
#	G	D	E	R	K	N	Q	S	T	A	V	L	I	F	Y	W	H	M	C	P
0	0.42500	0.06870	0.01848	0.01679	0.09080	0.04373	0.01203	0.07466	0.05355	0.05618	0.05875	0.01922	0.01576	0.00857	0.00631	0.00244	0.00722	0.00608	0.00564	0.01012
1	0.01062	0.00792	0.01001	0.01082	0.01229	0.00717	0.00772	0.01282	0.01769	0.02366	0.16985	0.41891	0.15340	0.02192	0.00994	0.00299	0.00464	0.05078	0.00769	0.03915
2	0.01637	0.01295	0.01432	0.01278	0.01621	0.01361	0.00985	0.10984	0.20640	0.03277	0.24640	0.04924	0.16879	0.04155	0.01020	0.00284	0.00551	0.01242	0.00819	0.00976
3	0.01148	0.00829	0.01085	0.01021	0.01212	0.00766	0.00766	0.01531	0.02297	0.03254	0.65994	0.06061	0.07656	0.01659	0.00957	0.00255	0.00383	0.01467	0.00893	0.00766
4	0.02955	0.01392	0.01769	0.01386	0.01982	0.01236	0.01126	0.03502	0.09580	0.44976	0.03318	0.03002	0.06670	0.01032	0.00795	0.00236	0.00651	0.00843	0.00886	0.12664
5	0.01683	0.01442	0.01683	0.01202	0.01923	0.01082	0.00961	0.02043	0.01683	0.02644	0.01442	0.01683	0.01202	0.00601	0.00601	0.00120	0.00601	0.00481	0.00481	0.76444
6	0.01972	0.01891	0.03228	0.09903	0.61783	0.01918	0.02472	0.02458	0.01830	0.02607	0.01520	0.02020	0.01270	0.00730	0.00804	0.00243	0.00973	0.00723	0.00399	0.01256
7	0.02194	0.02354	0.03713	0.02950	0.07393	0.11455	0.34152	0.09802	0.02086	0.02714	0.01528	0.01984	0.01201	0.00855	0.01161	0.00271	0.11833	0.00817	0.00450	0.01087
8	0.01242	0.00904	0.01216	0.01339	0.01536	0.00878	0.01138	0.01598	0.01939	0.02543	0.15289	0.08475	0.11979	0.02121	0.01075	0.00342	0.00648	0.44222	0.00773	0.00743
9	0.02628	0.02046	0.02178	0.01775	0.02342	0.02303	0.01432	0.38256	0.30019	0.04377	0.02529	0.02411	0.01850	0.01028	0.00818	0.00257	0.00785	0.00811	0.00818	0.01339
10	0.03182	0.02117	0.02338	0.01793	0.02438	0.02285	0.01481	0.53252	0.03554	0.15947	0.02168	0.02091	0.01490	0.00979	0.00812	0.00245	0.00857	0.00746	0.00845	0.01380
11	0.18965	0.01486	0.01780	0.01396	0.01999	0.01421	0.01153	0.08036	0.02236	0.49190	0.02676	0.02400	0.01726	0.00950	0.00750	0.00251	0.00692	0.00731	0.00885	0.01276
12	0.00989	0.00706	0.00942	0.01130	0.01177	0.00659	0.00753	0.01130	0.01554	0.02071	0.04472	0.70954	0.05367	0.02542	0.01036	0.00330	0.00471	0.02307	0.00753	0.00659
13	0.63296	0.01586	0.01355	0.01163	0.01690	0.01780	0.00959	0.06190	0.01646	0.11964	0.01447	0.01543	0.01055	0.00799	0.00561	0.00251	0.00651	0.00505	0.00586	0.00973
14	0.03135	0.01999	0.02230	0.01718	0.02340	0.02133	0.01416	0.47255	0.03377	0.18980	0.02265	0.02184	0.01555	0.00980	0.00801	0.00243	0.00822	0.00751	0.04467	0.01350
15	0.00989	0.00706	0.00942	0.01130	0.01177	0.00659	0.00753	0.01130	0.01554	0.02071	0.04472	0.70954	0.05367	0.02542	0.01036	0.00330	0.00471	0.02307	0.00753	0.00659
16	0.01179	0.00857	0.01135	0.01200	0.01382	0.00814	0.00963	0.01519	0.02018	0.02724	0.30914	0.13814	0.11241	0.02007	0.01029	0.00310	0.00536	0.24805	0.00810	0.00741
17	0.03382	0.01529	0.01948	0.01504	0.02111	0.01435	0.01238	0.15898	0.02623	0.50730	0.06634	0.02791	0.02213	0.01037	0.00823	0.00250	0.00713	0.00837	0.00959	0.01345
18	0.03051	0.03282	0.02349	0.02008	0.02511	0.44119	0.01558	0.25427	0.02856	0.03133	0.01509	0.01641	0.01168	0.00887	0.00761	0.00222	0.01254	0.00599	0.00562	0.01102
19	0.01159	0.00869	0.01304	0.01304	0.01449	0.01014	0.01014	0.01449	0.01304	0.01884	0.02173	0.03188	0.02029	0.06086	0.68268	0.01304	0.02173	0.00869	0.00435	0.00724
20	0.72339	0.06144	0.01391	0.01088	0.01603	0.01911	0.00912	0.02388	0.01398	0.03528	0.01130	0.01317	0.00889	0.00749	0.00503	0.00246	0.00643	0.00439	0.00492	0.00889

[dist]
# distance from previous block
# <min> <max>
7	11

[block]
# block no. 4 follows, 23 sequences, length 30
# corresponding to MSA columns:
# 491-520
name=unknown_E
#
# <colnr> <probs for GDERKNQSTAVLIFYWHMCP>
#	G	D	E	R	K	N	Q	S	T	A	V	L	I	F	Y	W	H	M	C	P
0	0.01957	0.01815	0.08592	0.01416	0.02162	0.01349	0.01258	0.07997	0.04942	0.07338	0.01700	0.01849	0.01317	0.00705	0.00663	0.00162	0.00698	0.00560	0.00549	0.52971
1	0.01796	0.22241	0.42853	0.02087	0.03101	0.02217	0.06640	0.02509	0.01708	0.02397	0.01380	0.01633	0.01054	0.00736	0.00708	0.00229	0.01093	0.00574	0.00355	0.04688
2	0.02822	0.22936	0.09041	0.01576	0.02257	0.05014	0.01467	0.05797	0.07175	0.30622	0.02279	0.02152	0.01592	0.00888	0.00720	0.00228	0.00833	0.00672	0.00694	0.01234
3	0.02152	0.01382	0.01612	0.01427	0.01837	0.01428	0.01125	0.09929	0.21223	0.17193	0.08484	0.12370	0.09371	0.01456	0.00891	0.00278	0.00625	0.05263	0.00847	0.01105
4	0.01887	0.01487	0.01732	0.01272	0.01966	0.01203	0.01019	0.04435	0.06165	0.07171	0.01708	0.01858	0.01351	0.00676	0.00638	0.00144	0.00620	0.00542	0.00552	0.63573
5	0.00992	0.00805	0.00881	0.00900	0.01126	0.00693	0.00660	0.01215	0.01871	0.02335	0.16416	0.17372	0.47761	0.02071	0.00971	0.00280	0.00416	0.01768	0.00775	0.00693
6	0.01443	0.01396	0.02600	0.06839	0.05525	0.01388	0.23305	0.01822	0.01683	0.02279	0.02943	0.34982	0.03189	0.01621	0.01070	0.00303	0.04612	0.01562	0.00567	0.00871
7	0.01805	0.01706	0.02813	0.32393	0.35422	0.01881	0.02296	0.02451	0.06586	0.02460	0.01626	0.02153	0.01289	0.00790	0.00808	0.00256	0.00990	0.00737	0.00417	0.01121
8	0.09660	0.01324	0.01602	0.01327	0.01817	0.01275	0.01065	0.03260	0.12157	0.35624	0.14103	0.03578	0.07317	0.01180	0.00822	0.00257	0.00605	0.00969	0.00893	0.01166
9	0.06500	0.02012	0.05022	0.11248	0.25217	0.04628	0.04669	0.15277	0.02286	0.12569	0.01819	0.02064	0.01343	0.00833	0.00794	0.00248	0.00952	0.00720	0.00574	0.01224
10	0.04615	0.21860	0.17298	0.02790	0.17425	0.02256	0.14044	0.02586	0.01786	0.05895	0.01499	0.01801	0.01177	0.00734	0.00738	0.00233	0.01040	0.00657	0.00411	0.01153
11	0.01634	0.00900	0.01188	0.01155	0.01386	0.00811	0.00849	0.01884	0.01948	0.17162	0.21240	0.34257	0.08513	0.01924	0.00960	0.00288	0.00493	0.01706	0.00849	0.00854
12	0.01048	0.00758	0.00990	0.01075	0.01187	0.00700	0.00752	0.01283	0.01847	0.02523	0.27862	0.43662	0.08919	0.02187	0.01003	0.00299	0.00435	0.01964	0.00806	0.00700
13	0.01789	0.02936	0.29245	0.05984	0.06782	0.01969	0.34210	0.02559	0.01820	0.02567	0.01555	0.01992	0.01147	0.00726	0.00871	0.00265	0.01271	0.00796	0.00381	0.01136
14	0.01627	0.04197	0.67279	0.02313	0.03512	0.01884	0.02998	0.02570	0.01713	0.02570	0.01456	0.01713	0.01028	0.00771	0.00771	0.00257	0.01199	0.00600	0.00343	0.01199
15	0.03031	0.03867	0.02299	0.02090	0.02508	0.68226	0.01568	0.03240	0.02299	0.01986	0.01254	0.01463	0.01045	0.00836	0.00732	0.00209	0.01463	0.00523	0.00418	0.00941
16	0.01843	0.02027	0.06540	0.10428	0.22978	0.01936	0.29279	0.02419	0.01840	0.02560	0.04991	0.02295	0.01558	0.00805	0.00980	0.00266	0.04865	0.00860	0.00422	0.01109
17	0.02370	0.09576	0.01961	0.01399	0.01884	0.01605	0.01143	0.06638	0.18661	0.22987	0.16347	0.03536	0.06052	0.01177	0.00820	0.00250	0.00633	0.00971	0.00836	0.01156
18	0.01034	0.00762	0.00979	0.01135	0.01243	0.00707	0.00818	0.01223	0.01654	0.02149	0.05089	0.50295	0.15704	0.02411	0.01036	0.00327	0.00504	0.11501	0.00752	0.00677
19	0.00987	0.00712	0.00936	0.01116	0.01173	0.00660	0.00747	0.01131	0.01567	0.02077	0.04647	0.68013	0.08195	0.02519	0.01032	0.00327	0.00468	0.02279	0.00753	0.00660
20	0.02588	0.07297	0.02548	0.08116	0.10675	0.22544	0.01698	0.12601	0.05839	0.08506	0.01679	0.01897	0.01302	0.00923	0.00960	0.00244	0.08273	0.00660	0.00538	0.01111
21	0.17031	0.06666	0.02225	0.06833	0.05269	0.07772	0.05628	0.07525	0.17285	0.05921	0.02072	0.05304	0.01666	0.00944	0.00737	0.00247	0.00835	0.00761	0.00598	0.04681
22	0.04826	0.01261	0.01315	0.01245	0.01532	0.05682	0.00966	0.05879	0.01916	0.02601	0.08567	0.17952	0.17640	0.01692	0.00971	0.00272	0.03911	0.08561	0.04713	0.08499
23	0.02012	0.02031	0.06719	0.01761	0.02470	0.06176	0.09454	0.10070	0.08952	0.02974	0.01722	0.01916	0.01345	0.00740	0.00719	0.00188	0.00842	0.00633	0.00536	0.38741
24	0.07041	0.06552	0.09897	0.01443	0.02033	0.01512	0.01306	0.05582	0.04423	0.07327	0.07712	0.08709	0.02232	0.01033	0.00836	0.00217	0.04637	0.00818	0.00581	0.26109
25	0.02240	0.02254	0.02170	0.08704	0.08887	0.18749	0.01526	0.07527	0.19600	0.02809	0.01957	0.02099	0.01526	0.00860	0.00753	0.00222	0.00937	0.00679	0.00565	0.15936
26	0.02429	0.07274	0.02174	0.01569	0.02107	0.01943	0.01294	0.27241	0.07596	0.10047	0.11834	0.02649	0.02424	0.01047	0.00890	0.00233	0.04669	0.00810	0.00739	0.11031
27	0.10077	0.01865	0.05982	0.05603	0.07650	0.01798	0.28057	0.02422	0.05396	0.02715	0.05432	0.03246	0.02058	0.01033	0.00989	0.00285	0.04764	0.09105	0.00507	0.01015
28	0.14495	0.21544	0.02344	0.04722	0.04987	0.07142	0.01230	0.02299	0.01727	0.06168	0.08076	0.02305	0.01941	0.01545	0.09388	0.00355	0.00964	0.00671	0.04539	0.03559
29	0.09722	0.01519	0.01993	0.18304	0.05475	0.01625	0.03735	0.11154	0.06074	0.07392	0.02345	0.02982	0.04737	0.03442	0.00897	0.00269	0.00813	0.04873	0.03980	0.08671

[dist]
# distance from previous block
# <min> <max>
28	61

[block]
# block no. 5 follows, 23 sequences, length 64
# corresponding to MSA columns:
# 582-645
name=unknown_F
#
# <colnr> <probs for GDERKNQSTAVLIFYWHMCP>
#	G	D	E	R	K	N	Q	S	T	A	V	L	I	F	Y	W	H	M	C	P
0	0.27768	0.01877	0.01931	0.18701	0.08399	0.11569	0.01498	0.02418	0.03899	0.02693	0.01422	0.01907	0.01173	0.04337	0.00921	0.00274	0.03619	0.00613	0.00450	0.04529
1	0.05965	0.01753	0.02468	0.10406	0.09243	0.04607	0.07680	0.05812	0.01688	0.02490	0.01460	0.02003	0.01239	0.01374	0.06571	0.00350	0.22076	0.00705	0.03082	0.09029
2	0.12287	0.01923	0.03082	0.07124	0.03193	0.04445	0.28673	0.06228	0.07883	0.02883	0.01846	0.05677	0.01507	0.00855	0.00821	0.00253	0.01025	0.00856	0.00508	0.08930
3	0.06931	0.28553	0.05798	0.07656	0.02491	0.09187	0.01494	0.06054	0.01927	0.14126	0.01619	0.01753	0.01238	0.00822	0.00736	0.00217	0.03620	0.00575	0.00516	0.04686
4	0.05969	0.01782	0.08468	0.01715	0.05262	0.01622	0.01410	0.09078	0.21875	0.09752	0.08620	0.06009	0.05358	0.01213	0.00837	0.00266	0.00711	0.05244	0.00736	0.04071
5	0.05385	0.01457	0.01832	0.01393	0.02006	0.01248	0.04727	0.02217	0.04840	0.05720	0.01855	0.07634	0.01634	0.00854	0.00759	0.00177	0.03455	0.00708	0.00538	0.51563
6	0.01878	0.02081	0.04380	0.08669	0.07228	0.01980	0.52671	0.02525	0.01877	0.02562	0.01611	0.02154	0.01220	0.00692	0.00921	0.00264	0.01289	0.00905	0.00409	0.04682
7	0.02008	0.01841	0.02800	0.17107	0.22383	0.05382	0.10186	0.06855	0.04185	0.05341	0.01875	0.04903	0.01569	0.00898	0.00828	0.00250	0.00987	0.02974	0.00496	0.07130
8	0.01624	0.01555	0.02508	0.47573	0.04562	0.01917	0.05292	0.02164	0.04039	0.02157	0.01455	0.02103	0.01147	0.00919	0.01154	0.00279	0.13880	0.00728	0.00386	0.04557
9	0.04573	0.01475	0.02263	0.50744	0.04554	0.01802	0.01971	0.04483	0.01671	0.02322	0.01478	0.02106	0.01143	0.00868	0.00947	0.00264	0.07390	0.00699	0.04355	0.04893
10	0.02209	0.01503	0.01888	0.05454	0.02226	0.01357	0.01198	0.05712	0.01898	0.17555	0.01840	0.01983	0.01378	0.00803	0.00867	0.00188	0.07153	0.00607	0.00600	0.43580
11	0.02018	0.01743	0.01835	0.01651	0.02110	0.02018	0.01284	0.04312	0.64956	0.03394	0.03303	0.03027	0.02477	0.01101	0.00826	0.00275	0.00642	0.00917	0.00826	0.01284
12	0.00989	0.00706	0.00942	0.01130	0.01177	0.00659	0.00753	0.01130	0.01554	0.02071	0.04472	0.70954	0.05367	0.02542	0.01036	0.00330	0.00471	0.02307	0.00753	0.00659
13	0.00989	0.00706	0.00942	0.01130	0.01177	0.00659	0.00753	0.01130	0.01554	0.02071	0.04472	0.70954	0.05367	0.02542	0.01036	0.00330	0.00471	0.02307	0.00753	0.00659
14	0.01627	0.04197	0.67279	0.02313	0.03512	0.01884	0.02998	0.02570	0.01713	0.02570	0.01456	0.01713	0.01028	0.00771	0.00771	0.00257	0.01199	0.00600	0.00343	0.01199
15	0.01308	0.00934	0.01308	0.01494	0.01681	0.00934	0.01308	0.01681	0.01868	0.02428	0.04296	0.09153	0.04670	0.02242	0.01121	0.00374	0.00747	0.60960	0.00747	0.00747
16	0.00989	0.00706	0.00942	0.01130	0.01177	0.00659	0.00753	0.01130	0.01554	0.02071	0.04472	0.70954	0.05367	0.02542	0.01036	0.00330	0.00471	0.02307	0.00753	0.00659
17	0.00989	0.00706	0.00942	0.01130	0.01177	0.00659	0.00753	0.01130	0.01554	0.02071	0.04472	0.70954	0.05367	0.02542	0.01036	0.00330	0.00471	0.02307	0.00753	0.00659
18	0.03641	0.01381	0.01883	0.01444	0.02071	0.01193	0.01193	0.03954	0.02322	0.66984	0.03201	0.02762	0.02009	0.01004	0.00816	0.00251	0.00690	0.00816	0.01004	0.01381
19	0.01835	0.01488	0.01802	0.01471	0.05781	0.01200	0.01087	0.05466	0.01830	0.05441	0.01654	0.04191	0.01396	0.00713	0.00649	0.00147	0.00638	0.00587	0.00525	0.62100
20	0.02082	0.60997	0.14458	0.01538	0.02314	0.02996	0.01649	0.02452	0.01659	0.02016	0.01181	0.01368	0.01039	0.00707	0.00561	0.00187	0.00921	0.00461	0.00346	0.01067
21	0.00976	0.00823	0.00845	0.00840	0.01106	0.00692	0.00630	0.01197	0.01889	0.02286	0.13359	0.07654	0.60895	0.02020	0.00959	0.00272	0.00408	0.01691	0.00766	0.00692
22	0.01532	0.01442	0.02434	0.69533	0.05589	0.01803	0.02253	0.02073	0.01622	0.02073	0.01442	0.02163	0.01082	0.00811	0.00811	0.00270	0.01082	0.00721	0.00361	0.00901
23	0.01762	0.01757	0.02483	0.05811	0.02319	0.02448	0.01801	0.01959	0.01263	0.01959	0.01086	0.01796	0.01066	0.01387	0.02562	0.00350	0.66235	0.00711	0.00355	0.00888
24	0.01627	0.04197	0.67279	0.02313	0.03512	0.01884	0.02998	0.02570	0.01713	0.02570	0.01456	0.01713	0.01028	0.00771	0.00771	0.00257	0.01199	0.00600	0.00343	0.01199
25	0.01532	0.01442	0.02434	0.69533	0.05589	0.01803	0.02253	0.02073	0.01622	0.02073	0.01442	0.02163	0.01082	0.00811	0.00811	0.00270	0.01082	0.00721	0.00361	0.00901
26	0.03031	0.03867	0.02299	0.02090	0.02508	0.68226	0.01568	0.03240	0.02299	0.01986	0.01254	0.01463	0.01045	0.00836	0.00732	0.00209	0.01463	0.00523	0.00418	0.00941
27	0.01148	0.00829	0.01085	0.01021	0.01212	0.00766	0.00766	0.01531	0.02297	0.03254	0.65994	0.06061	0.07656	0.01659	0.00957	0.00255	0.00383	0.01467	0.00893	0.00766
28	0.01027	0.00749	0.00971	0.01101	0.01201	0.00693	0.00771	0.01225	0.01716	0.02288	0.14487	0.51291	0.11690	0.02340	0.01020	0.00315	0.00466	0.05192	0.00775	0.00683
29	0.00989	0.00706	0.00942	0.01130	0.01177	0.00659	0.00753	0.01130	0.01554	0.02071	0.04472	0.70954	0.05367	0.02542	0.01036	0.00330	0.00471	0.02307	0.00753	0.00659
30	0.01915	0.02189	0.04788	0.03420	0.04241	0.02052	0.63475	0.02599	0.01915	0.02599	0.01642	0.02189	0.01231	0.00684	0.00958	0.00274	0.01368	0.00958	0.00410	0.01094
31	0.01513	0.00756	0.00756	0.00756	0.00945	0.00756	0.00567	0.01891	0.01702	0.03025	0.02647	0.03025	0.02080	0.00945	0.00567	0.00189	0.00378	0.00756	0.75988	0.00756
32	0.01128	0.00829	0.01057	0.01000	0.01200	0.00757	0.00750	0.01492	0.02249	0.03141	0.59827	0.06248	0.13894	0.01701	0.00957	0.00257	0.00386	0.01494	0.00878	0.00757
33	0.01532	0.01442	0.02434	0.69533	0.05589	0.01803	0.02253	0.02073	0.01622	0.02073	0.01442	0.02163	0.01082	0.00811	0.00811	0.00270	0.01082	0.00721	0.00361	0.00901
34	0.01166	0.00842	0.01164	0.01164	0.01261	0.00938	0.00840	0.01359	0.01263	0.01780	0.02301	0.03895	0.02336	0.27894	0.46880	0.01132	0.01711	0.00973	0.00454	0.00647
35	0.01064	0.00826	0.00968	0.00932	0.01161	0.00730	0.00699	0.01368	0.02098	0.02782	0.40309	0.06838	0.33635	0.01835	0.00958	0.00264	0.00395	0.01576	0.00831	0.00730
