[name]
unknown

[dist]
# distance from previous block
# <min> <max>
7	131

[block]
# block no. 0 follows, 26 sequences, length 8
# corresponding to MSA columns:
# 131-138
name=unknown_A
#
# <colnr> <probs for GDERKNQSTAVLIFYWHMCP>
#	G	D	E	R	K	N	Q	S	T	A	V	L	I	F	Y	W	H	M	C	P
0	0.05038	0.08226	0.45569	0.01824	0.02668	0.01694	0.02154	0.02340	0.07179	0.02450	0.04821	0.09188	0.01772	0.00949	0.00730	0.00243	0.00925	0.00769	0.00429	0.01033
1	0.01835	0.44999	0.23815	0.01634	0.02360	0.02552	0.01795	0.02265	0.01521	0.01978	0.01142	0.01380	0.00972	0.00741	0.00765	0.00204	0.08237	0.00480	0.00324	0.01004
2	0.02622	0.09935	0.02264	0.01700	0.02197	0.28047	0.01362	0.24399	0.08359	0.05941	0.01920	0.01952	0.04217	0.00891	0.00710	0.00213	0.00986	0.00640	0.00581	0.01065
3	0.01440	0.01374	0.02402	0.58241	0.04742	0.01627	0.08774	0.01947	0.01599	0.02084	0.07059	0.02335	0.01549	0.00813	0.00785	0.00252	0.00984	0.00757	0.00384	0.00851
4	0.01467	0.01063	0.01230	0.01205	0.01498	0.01084	0.00973	0.02256	0.19462	0.07001	0.07351	0.05795	0.20523	0.01585	0.00875	0.00277	0.00549	0.19413	0.05533	0.00860
5	0.02028	0.73799	0.03975	0.01298	0.01947	0.03001	0.01298	0.02271	0.01541	0.01785	0.01055	0.01217	0.00973	0.00649	0.00487	0.00162	0.00811	0.00406	0.00324	0.00973
6	0.02883	0.02125	0.02276	0.01745	0.02352	0.02352	0.01442	0.66082	0.03566	0.04780	0.01821	0.01821	0.01290	0.00911	0.00759	0.00228	0.00835	0.00683	0.00759	0.01290
7	0.78701	0.01467	0.01115	0.00997	0.01467	0.01702	0.00821	0.02230	0.01291	0.03403	0.01056	0.01232	0.00821	0.00704	0.00469	0.00235	0.00587	0.00411	0.00469	0.00821

[dist]
# distance from previous block
# <min> <max>
3	8

[block]
# block no. 1 follows, 26 sequences, length 8
# corresponding to MSA columns:
# 147-154
name=unknown_B
#
# <colnr> <probs for GDERKNQSTAVLIFYWHMCP>
#	G	D	E	R	K	N	Q	S	T	A	V	L	I	F	Y	W	H	M	C	P
0	0.01176	0.01148	0.06816	0.01124	0.01407	0.00933	0.00937	0.05096	0.05766	0.02255	0.04951	0.21899	0.28582	0.07049	0.01114	0.00310	0.00555	0.07483	0.00660	0.00739
1	0.01706	0.01514	0.01488	0.01364	0.01686	0.11216	0.01049	0.11406	0.07447	0.02671	0.10231	0.20914	0.03245	0.01553	0.02797	0.00272	0.00723	0.07262	0.00645	0.10809
2	0.01723	0.01679	0.02939	0.25932	0.37191	0.01783	0.10237	0.02286	0.04404	0.02327	0.01484	0.01985	0.01180	0.00713	0.00772	0.00239	0.00972	0.00711	0.00381	0.01063
3	0.02153	0.26233	0.21149	0.01676	0.02441	0.02328	0.01735	0.23911	0.02246	0.03008	0.01415	0.01547	0.01086	0.00752	0.00647	0.00203	0.00889	0.00544	0.00478	0.05559
4	0.01666	0.28754	0.32336	0.01806	0.02608	0.02098	0.07372	0.02218	0.01606	0.02171	0.04114	0.06978	0.01529	0.00844	0.00676	0.00218	0.00941	0.00684	0.00376	0.01005
5	0.07356	0.10797	0.21051	0.06891	0.02665	0.01783	0.09860	0.02104	0.01498	0.02245	0.01371	0.01903	0.01159	0.06909	0.01122	0.00267	0.08123	0.00622	0.00373	0.11900
6	0.05463	0.01370	0.01757	0.05967	0.02033	0.01352	0.05215	0.10308	0.01733	0.02614	0.01628	0.02196	0.01402	0.08274	0.06852	0.00323	0.05217	0.00648	0.06102	0.29547
7	0.07413	0.01744	0.01988	0.24258	0.03042	0.09294	0.03319	0.20617	0.02191	0.02885	0.02288	0.07728	0.07989	0.01035	0.00763	0.00242	0.00872	0.00847	0.00540	0.00944

[dist]
# distance from previous block
# <min> <max>
11	23

[block]
# block no. 2 follows, 26 sequences, length 12
# corresponding to MSA columns:
# 178-189
name=unknown_C
#
# <colnr> <probs for GDERKNQSTAVLIFYWHMCP>
#	G	D	E	R	K	N	Q	S	T	A	V	L	I	F	Y	W	H	M	C	P
0	0.16265	0.01305	0.01434	0.01224	0.01657	0.01340	0.00969	0.02808	0.20461	0.15925	0.17732	0.03020	0.02963	0.01026	0.00721	0.00230	0.00546	0.00835	0.00730	0.08808
1	0.01631	0.19036	0.55260	0.01975	0.02994	0.02030	0.02477	0.02374	0.01588	0.02269	0.01295	0.01518	0.00964	0.00705	0.00670	0.00223	0.01054	0.00527	0.00321	0.01089
2	0.01583	0.12421	0.61455	0.02057	0.03120	0.01912	0.02619	0.02386	0.01594	0.02327	0.01324	0.01555	0.00962	0.00712	0.00692	0.00231	0.01083	0.00542	0.00321	0.01103
3	0.01425	0.01302	0.02188	0.66769	0.04939	0.01616	0.02009	0.01874	0.01481	0.01896	0.01346	0.02041	0.01032	0.00885	0.00907	0.05485	0.00987	0.00673	0.00337	0.00808
4	0.01061	0.00851	0.00977	0.01090	0.01178	0.04641	0.00750	0.01237	0.01617	0.02129	0.15463	0.56719	0.05167	0.02137	0.00939	0.00289	0.00479	0.01920	0.00710	0.00649
5	0.02028	0.73799	0.03975	0.01298	0.01947	0.03001	0.01298	0.02271	0.01541	0.01785	0.01055	0.01217	0.00973	0.00649	0.00487	0.00162	0.00811	0.00406	0.00324	0.00973
6	0.02883	0.02125	0.02276	0.01745	0.02352	0.02352	0.01442	0.66082	0.03566	0.04780	0.01821	0.01821	0.01290	0.00911	0.00759	0.00228	0.00835	0.00683	0.00759	0.01290
7	0.03332	0.01405	0.01831	0.01403	0.01993	0.01284	0.01159	0.12202	0.02361	0.60362	0.02833	0.02478	0.01797	0.00935	0.00762	0.00234	0.00671	0.00752	0.00914	0.01291
8	0.01084	0.00813	0.01219	0.01219	0.01354	0.00948	0.00948	0.01354	0.01219	0.01761	0.02032	0.02980	0.01896	0.05689	0.70337	0.01219	0.02032	0.00813	0.00406	0.00677
9	0.46664	0.01740	0.06104	0.01276	0.01796	0.01797	0.01110	0.13638	0.10132	0.03530	0.04623	0.01772	0.01401	0.00823	0.00596	0.00237	0.00658	0.00571	0.00565	0.00968
10	0.02883	0.02125	0.02276	0.01745	0.02352	0.02352	0.01442	0.66082	0.03566	0.04780	0.01821	0.01821	0.01290	0.00911	0.00759	0.00228	0.00835	0.00683	0.00759	0.01290
11	0.02925	0.02057	0.02235	0.01713	0.02319	0.02252	0.01415	0.61044	0.03454	0.09978	0.01916	0.01883	0.01337	0.00913	0.00759	0.00228	0.00819	0.00689	0.00773	0.01290

[dist]
# distance from previous block
# <min> <max>
8	11

[block]
# block no. 3 follows, 26 sequences, length 11
# corresponding to MSA columns:
# 202-212
name=unknown_D
#
# <colnr> <probs for GDERKNQSTAVLIFYWHMCP>
#	G	D	E	R	K	N	Q	S	T	A	V	L	I	F	Y	W	H	M	C	P
0	0.05603	0.24337	0.27030	0.01621	0.02364	0.01965	0.04362	0.04733	0.01721	0.02418	0.09121	0.02244	0.05176	0.00852	0.00668	0.00213	0.00851	0.00666	0.00432	0.03623
1	0.01006	0.00796	0.00900	0.00944	0.01137	0.00727	0.00704	0.01281	0.04345	0.02104	0.08657	0.18766	0.38707	0.07173	0.01139	0.00311	0.00467	0.09486	0.00694	0.00657
2	0.01078	0.00804	0.01012	0.01005	0.01198	0.00732	0.00766	0.01367	0.01870	0.02551	0.35752	0.13662	0.15710	0.04726	0.01032	0.00280	0.00448	0.10576	0.00744	0.04690
3	0.12547	0.12336	0.31352	0.02358	0.10322	0.01953	0.14143	0.02357	0.01599	0.02474	0.01317	0.01613	0.01006	0.00688	0.00690	0.00230	0.01009	0.00595	0.00360	0.01050
4	0.31986	0.10045	0.05261	0.01924	0.10995	0.01990	0.07006	0.14755	0.01911	0.05654	0.01381	0.01569	0.01055	0.00738	0.00625	0.00226	0.00789	0.00561	0.00500	0.01029
5	0.01339	0.00723	0.00765	0.00765	0.00944	0.00727	0.00577	0.01671	0.01563	0.02656	0.02838	0.03195	0.07157	0.01463	0.07795	0.00291	0.00530	0.00788	0.63514	0.00699
6	0.02101	0.04492	0.04349	0.07652	0.05242	0.10200	0.01423	0.19038	0.22680	0.03074	0.02303	0.10058	0.01942	0.01058	0.00766	0.00242	0.00809	0.00864	0.00629	0.01078
7	0.01030	0.00819	0.00937	0.00990	0.01170	0.00774	0.00709	0.01424	0.08998	0.02182	0.09022	0.34991	0.30175	0.01997	0.00913	0.00278	0.00431	0.01744	0.00719	0.00697
8	0.02597	0.07768	0.05861	0.01662	0.02307	0.02221	0.01441	0.50501	0.03080	0.04160	0.01683	0.01734	0.01229	0.00841	0.00713	0.00210	0.00817	0.00628	0.00667	0.09878
9	0.19503	0.02423	0.21954	0.10053	0.09602	0.04932	0.01859	0.12118	0.05682	0.02968	0.01459	0.01689	0.01089	0.00766	0.00678	0.00236	0.00900	0.00584	0.00458	0.01048
10	0.02105	0.06115	0.07538	0.01669	0.02256	0.01672	0.10641	0.16544	0.09206	0.10433	0.05928	0.02302	0.01801	0.00853	0.00723	0.00215	0.00764	0.00733	0.08931	0.09571

[dist]
# distance from previous block
# <min> <max>
7	19

[block]
# block no. 4 follows, 26 sequences, length 251
# corresponding to MSA columns:
# 232-482
name=unknown_E
#
# <colnr> <probs for GDERKNQSTAVLIFYWHMCP>
#	G	D	E	R	K	N	Q	S	T	A	V	L	I	F	Y	W	H	M	C	P
0	0.01568	0.06229	0.60095	0.02242	0.03308	0.01823	0.09517	0.02400	0.01620	0.02383	0.01369	0.01635	0.00982	0.00709	0.00731	0.00239	0.01127	0.00591	0.00327	0.01105
1	0.04855	0.02831	0.44196	0.01745	0.02537	0.01468	0.02055	0.04351	0.01725	0.02563	0.12787	0.05977	0.05005	0.01059	0.00835	0.02877	0.00882	0.00816	0.00462	0.00976
2	0.02746	0.08076	0.02269	0.01868	0.02303	0.54923	0.01440	0.10441	0.04989	0.02251	0.01321	0.01472	0.01069	0.00798	0.00683	0.00200	0.01236	0.00521	0.00446	0.00947
3	0.01066	0.00800	0.00996	0.01022	0.01186	0.00706	0.00702	0.01229	0.01468	0.02019	0.06088	0.46186	0.06890	0.11023	0.01258	0.00323	0.00493	0.01667	0.00633	0.14244
4	0.00923	0.00665	0.00875	0.01044	0.01097	0.00617	0.00699	0.01058	0.01464	0.01941	0.04334	0.69986	0.07781	0.02356	0.00965	0.00306	0.00438	0.02132	0.00704	0.00617
5	0.02073	0.01588	0.01721	0.01520	0.01968	0.01792	0.01190	0.03989	0.59232	0.11292	0.03076	0.02799	0.02262	0.01018	0.00771	0.00254	0.00606	0.00846	0.00792	0.01212
6	0.01927	0.01584	0.01679	0.01485	0.01918	0.01791	0.01162	0.09197	0.53801	0.05095	0.03394	0.03143	0.08251	0.01098	0.00782	0.00254	0.00602	0.00908	0.00769	0.01160
7	0.00948	0.00774	0.00839	0.00835	0.01071	0.00666	0.00634	0.01181	0.01817	0.02266	0.20161	0.07013	0.52745	0.01851	0.00903	0.00257	0.00392	0.04256	0.00731	0.00659
8	0.01987	0.01679	0.01771	0.01564	0.02011	0.01933	0.01225	0.10263	0.60846	0.03334	0.02960	0.02729	0.02212	0.01017	0.00770	0.00254	0.00624	0.00840	0.00770	0.01210
9	0.01585	0.12701	0.61193	0.02053	0.03115	0.01917	0.02613	0.02386	0.01594	0.02325	0.01323	0.01553	0.00962	0.00712	0.00691	0.00230	0.01082	0.00541	0.00321	0.01102
10	0.01968	0.65531	0.11718	0.01400	0.02105	0.02855	0.01476	0.02287	0.01548	0.01858	0.01091	0.01262	0.00972	0.00657	0.00514	0.00171	0.00848	0.00424	0.00324	0.00991
11	0.78701	0.01467	0.01115	0.00997	0.01467	0.01702	0.00821	0.02230	0.01291	0.03403	0.01056	0.01232	0.00821	0.00704	0.00469	0.00235	0.00587	0.00411	0.00469	0.00821
12	0.02028	0.73799	0.03975	0.01298	0.01947	0.03001	0.01298	0.02271	0.01541	0.01785	0.01055	0.01217	0.00973	0.00649	0.00487	0.00162	0.00811	0.00406	0.00324	0.00973
13	0.01887	0.01629	0.01715	0.01544	0.01972	0.01887	0.01201	0.04031	0.67241	0.03173	0.03087	0.02830	0.02315	0.01029	0.00772	0.00257	0.00600	0.00858	0.00772	0.01201
14	0.00947	0.00766	0.00815	0.00805	0.01022	0.00663	0.00587	0.01147	0.01733	0.02153	0.17147	0.06788	0.51424	0.09234	0.01202	0.00303	0.00416	0.01512	0.00701	0.00634
15	0.00935	0.00669	0.00890	0.01049	0.01103	0.00623	0.00705	0.01084	0.01504	0.02018	0.08934	0.67861	0.05176	0.02315	0.00963	0.00303	0.00434	0.02098	0.00714	0.00623
16	0.01659	0.01659	0.02323	0.01991	0.01991	0.02323	0.01659	0.01825	0.01162	0.01825	0.00996	0.01659	0.00996	0.01328	0.02489	0.00332	0.71955	0.00664	0.00332	0.00830
17	0.00924	0.00660	0.00880	0.01056	0.01100	0.00616	0.00704	0.01056	0.01452	0.01936	0.04181	0.72848	0.05017	0.02376	0.00968	0.00308	0.00440	0.02156	0.00704	0.00616
18	0.03290	0.01300	0.01749	0.01348	0.01919	0.01144	0.01111	0.05877	0.02221	0.64128	0.05580	0.02678	0.02069	0.00962	0.00768	0.00235	0.00641	0.00784	0.00928	0.01268
19	0.00907	0.00769	0.00783	0.00779	0.01031	0.00645	0.00584	0.01109	0.01753	0.02107	0.11239	0.07204	0.64712	0.01899	0.00896	0.00255	0.00383	0.01587	0.00712	0.00645
20	0.00896	0.00768	0.00768	0.00768	0.01025	0.00640	0.00576	0.01089	0.01729	0.02049	0.07684	0.07300	0.68304	0.01921	0.00896	0.00256	0.00384	0.01601	0.00704	0.00640
21	0.01659	0.01659	0.02323	0.01991	0.01991	0.02323	0.01659	0.01825	0.01162	0.01825	0.00996	0.01659	0.00996	0.01328	0.02489	0.00332	0.71955	0.00664	0.00332	0.00830
22	0.01663	0.03726	0.64327	0.02101	0.03182	0.01713	0.02676	0.02499	0.01644	0.07419	0.01484	0.01675	0.01030	0.00737	0.00724	0.00240	0.01085	0.00576	0.00367	0.01134
23	0.01807	0.29341	0.23690	0.01728	0.05494	0.06475	0.01732	0.02258	0.01651	0.04831	0.04630	0.04697	0.03906	0.01049	0.03465	0.00250	0.00941	0.00657	0.00409	0.00988
24	0.03920	0.06573	0.23809	0.04752	0.07609	0.03581	0.01735	0.06853	0.09922	0.02578	0.05234	0.09254	0.08867	0.01083	0.00760	0.00243	0.00814	0.00897	0.00517	0.00999
25	0.01577	0.08013	0.10135	0.01689	0.07714	0.01492	0.03647	0.04154	0.01614	0.04932	0.09222	0.03191	0.06524	0.15449	0.01596	0.00336	0.10481	0.00861	0.03533	0.03840
26	0.01171	0.00824	0.00905	0.00872	0.01034	0.00769	0.00591	0.03730	0.01553	0.04643	0.07056	0.08184	0.30195	0.32717	0.02170	0.00463	0.00565	0.01328	0.00615	0.00615
27	0.03141	0.01363	0.01755	0.01365	0.01929	0.01250	0.01122	0.10253	0.04817	0.55717	0.03147	0.02788	0.05746	0.00997	0.00771	0.00236	0.00649	0.00807	0.00899	0.01249
28	0.01686	0.04917	0.09289	0.09534	0.10920	0.04138	0.29189	0.02191	0.01642	0.02227	0.01618	0.06910	0.01402	0.01051	0.03764	0.00294	0.07021	0.00850	0.00389	0.00969
29	0.01724	0.10264	0.18239	0.02713	0.08400	0.01974	0.33234	0.02313	0.01653	0.02290	0.01426	0.01864	0.01119	0.00933	0.04082	0.00288	0.05363	0.00733	0.00361	0.01026
30	0.00924	0.00660	0.00880	0.01056	0.01100	0.00616	0.00704	0.01056	0.01452	0.01936	0.04181	0.72848	0.05017	0.02376	0.00968	0.00308	0.00440	0.02156	0.00704	0.00616
31	0.00952	0.00802	0.00828	0.00816	0.01072	0.00696	0.00614	0.01235	0.04307	0.02186	0.13217	0.06972	0.59977	0.01851	0.00891	0.00255	0.00390	0.01550	0.00719	0.00669
32	0.01944	0.22178	0.09991	0.02440	0.08178	0.05217	0.26522	0.07576	0.01848	0.02402	0.01473	0.04112	0.01222	0.00740	0.00735	0.00223	0.01043	0.00717	0.00402	0.01034
33	0.00920	0.00675	0.00864	0.01015	0.01089	0.00620	0.00686	0.01061	0.01492	0.01952	0.04679	0.63525	0.14018	0.02312	0.00958	0.00301	0.00432	0.02077	0.00704	0.00620
34	0.01090	0.00730	0.00831	0.00844	0.00848	0.00727	0.00478	0.01100	0.01129	0.01505	0.02523	0.10003	0.02925	0.68075	0.03646	0.00704	0.00713	0.01181	0.00478	0.00471
35	0.01573	0.01348	0.01573	0.01123	0.01798	0.01011	0.00899	0.01910	0.01573	0.02472	0.01348	0.01573	0.01123	0.00562	0.00562	0.00112	0.00562	0.00449	0.00449	0.77980
36	0.01765	0.01673	0.02762	0.08505	0.54785	0.01659	0.02088	0.02194	0.01700	0.02417	0.01782	0.02179	0.05124	0.00745	0.00744	0.00219	0.00849	0.00711	0.00399	0.07701
37	0.01645	0.13770	0.57528	0.02032	0.03057	0.04639	0.02537	0.02408	0.01615	0.02293	0.01310	0.01538	0.00963	0.00713	0.00686	0.00227	0.01087	0.00536	0.00324	0.01091
38	0.01120	0.00783	0.00996	0.00952	0.01144	0.00711	0.00710	0.01434	0.02033	0.05168	0.52340	0.11511	0.14951	0.01649	0.00896	0.00247	0.00379	0.01448	0.00810	0.00718
39	0.00950	0.00678	0.00909	0.01085	0.01140	0.00638	0.00748	0.01100	0.01477	0.01965	0.04167	0.67358	0.04961	0.02352	0.00975	0.00312	0.00462	0.07395	0.00704	0.00623
40	0.02061	0.70939	0.03900	0.01325	0.01963	0.05744	0.01305	0.02302	0.01566	0.01787	0.01059	0.01223	0.00974	0.00654	0.00495	0.00164	0.00834	0.00409	0.00327	0.00970
41	0.00898	0.00764	0.00773	0.00780	0.01028	0.00639	0.00582	0.01087	0.01718	0.02044	0.07541	0.09972	0.65724	0.01940	0.00899	0.00258	0.00386	0.01623	0.00704	0.00639
42	0.01790	0.02046	0.04476	0.03197	0.03964	0.01918	0.65857	0.02430	0.01790	0.02430	0.01535	0.02046	0.01151	0.00639	0.00895	0.00256	0.01279	0.00895	0.00384	0.01023
43	0.02833	0.03615	0.02149	0.01954	0.02345	0.70298	0.01466	0.03029	0.02149	0.01856	0.01172	0.01368	0.00977	0.00782	0.00684	0.00195	0.01368	0.00489	0.00391	0.00879
44	0.02723	0.06419	0.02185	0.01895	0.02285	0.64463	0.01436	0.02924	0.02083	0.01849	0.01205	0.01432	0.01017	0.00990	0.03718	0.00239	0.01374	0.00499	0.00389	0.00874
45	0.00924	0.00660	0.00880	0.01056	0.01100	0.00616	0.00704	0.01056	0.01452	0.01936	0.04181	0.72848	0.05017	0.02376	0.00968	0.00308	0.00440	0.02156	0.00704	0.00616
46	0.01084	0.00813	0.01219	0.01219	0.01354	0.00948	0.00948	0.01354	0.01219	0.01761	0.02032	0.02980	0.01896	0.05689	0.70337	0.01219	0.02032	0.00813	0.00406	0.00677
47	0.01790	0.02046	0.04476	0.03197	0.03964	0.01918	0.65857	0.02430	0.01790	0.02430	0.01535	0.02046	0.01151	0.00639	0.00895	0.00256	0.01279	0.00895	0.00384	0.01023
48	0.02316	0.01843	0.01957	0.01630	0.02136	0.02087	0.01304	0.30747	0.39826	0.03865	0.02542	0.02396	0.01874	0.00978	0.00766	0.00245	0.00701	0.00782	0.00766	0.01239
49	0.01716	0.01392	0.01621	0.01168	0.01835	0.01094	0.00939	0.05745	0.01712	0.05035	0.01436	0.01624	0.01161	0.00596	0.00581	0.00124	0.00581	0.00475	0.00485	0.70682
50	0.00948	0.00677	0.00907	0.01083	0.01137	0.00636	0.00745	0.01097	0.01475	0.01963	0.04168	0.67764	0.04965	0.02354	0.00974	0.00311	0.00460	0.07008	0.00704	0.00623
51	0.01659	0.01659	0.02323	0.01991	0.01991	0.02323	0.01659	0.01825	0.01162	0.01825	0.00996	0.01659	0.00996	0.01328	0.02489	0.00332	0.71955	0.00664	0.00332	0.00830
52	0.00924	0.00660	0.00880	0.01056	0.01100	0.00616	0.00704	0.01056	0.01452	0.01936	0.04181	0.72848	0.05017	0.02376	0.00968	0.00308	0.00440	0.02156	0.00704	0.00616
53	0.03403	0.01291	0.01760	0.01350	0.01936	0.01115	0.01115	0.03697	0.02171	0.69137	0.02992	0.02582	0.01878	0.00939	0.00763	0.00235	0.00645	0.00763	0.00939	0.01291
54	0.01724	0.01458	0.01575	0.01426	0.01804	0.01652	0.01103	0.03510	0.54199	0.03147	0.16135	0.03398	0.03285	0.01134	0.00796	0.00254	0.00552	0.00961	0.00784	0.01103
55	0.01084	0.00813	0.01219	0.01219	0.01354	0.00948	0.00948	0.01354	0.01219	0.01761	0.02032	0.02980	0.01896	0.05689	0.70337	0.01219	0.02032	0.00813	0.00406	0.00677
56	0.00924	0.00660	0.00880	0.01056	0.01100	0.00616	0.00704	0.01056	0.01452	0.01936	0.04181	0.72848	0.05017	0.02376	0.00968	0.00308	0.00440	0.02156	0.00704	0.00616
57	0.02703	0.15259	0.02468	0.01825	0.02279	0.52701	0.01435	0.08748	0.02179	0.02115	0.01213	0.01385	0.01005	0.00771	0.00658	0.00193	0.01225	0.00493	0.00414	0.00933
58	0.01103	0.00946	0.01621	0.01497	0.01690	0.00884	0.14121	0.01339	0.01522	0.02038	0.03636	0.58267	0.04221	0.02019	0.00953	0.00297	0.00613	0.01897	0.00638	0.00700
59	0.01945	0.01471	0.01658	0.01355	0.01873	0.01464	0.01072	0.07440	0.29668	0.09761	0.07516	0.02546	0.02189	0.00900	0.00711	0.00204	0.00590	0.00743	0.00688	0.26206
60	0.02116	0.30006	0.08144	0.04368	0.04234	0.02192	0.03732	0.13777	0.04586	0.08247	0.01923	0.02172	0.04392	0.00852	0.00664	0.00208	0.00811	0.02872	0.00512	0.04195
61	0.01180	0.00799	0.01048	0.00972	0.01170	0.00734	0.00734	0.01535	0.02148	0.06075	0.65218	0.05524	0.06915	0.01523	0.00889	0.00238	0.00371	0.01344	0.00840	0.00742
62	0.01074	0.00775	0.01014	0.00954	0.01133	0.00716	0.00716	0.01431	0.02147	0.03042	0.68211	0.05666	0.07157	0.01551	0.00895	0.00239	0.00358	0.01372	0.00835	0.00716
63	0.01777	0.01675	0.02829	0.29304	0.35150	0.01807	0.07114	0.06780	0.01786	0.02438	0.01434	0.01940	0.01133	0.00721	0.00765	0.00238	0.00967	0.00693	0.00389	0.01060
64	0.17890	0.04320	0.07530	0.07724	0.02335	0.01684	0.03680	0.16075	0.04413	0.17550	0.02211	0.05005	0.04516	0.00936	0.00708	0.00238	0.00753	0.00739	0.00631	0.01060
65	0.00924	0.00660	0.00880	0.01056	0.01100	0.00616	0.00704	0.01056	0.01452	0.01936	0.04181	0.72848	0.05017	0.02376	0.00968	0.00308	0.00440	0.02156	0.00704	0.00616
66	0.01145	0.00861	0.01138	0.01190	0.03947	0.00824	0.00867	0.01562	0.04878	0.02796	0.46454	0.10144	0.09131	0.01641	0.00910	0.00260	0.00446	0.10285	0.00779	0.00744
67	0.01767	0.07278	0.43608	0.05357	0.07879	0.01814	0.07770	0.02461	0.01651	0.08201	0.01490	0.01743	0.01079	0.00753	0.00803	0.00240	0.04007	0.00615	0.00385	0.01100
68	0.02318	0.02208	0.03008	0.09857	0.49181	0.10419	0.02236	0.04748	0.02021	0.02725	0.01747	0.02296	0.01490	0.00942	0.00888	0.00288	0.01067	0.00760	0.00510	0.01292
69	0.59872	0.01667	0.04852	0.04173	0.04344	0.01753	0.06099	0.05034	0.01469	0.03248	0.01166	0.01393	0.00895	0.00710	0.00549	0.00237	0.00705	0.00487	0.00460	0.00887
70	0.02676	0.01121	0.01503	0.01208	0.01664	0.00986	0.00976	0.02990	0.02131	0.47919	0.20055	0.03404	0.03265	0.01096	0.00784	0.00232	0.00553	0.00919	0.05412	0.01106
71	0.05463	0.01926	0.02040	0.01590	0.02139	0.02126	0.01307	0.55821	0.03240	0.04489	0.01874	0.01924	0.01354	0.00900	0.00720	0.00222	0.00766	0.00676	0.10225	0.01201
72	0.00942	0.00683	0.00893	0.01046	0.01118	0.00634	0.00719	0.01097	0.01513	0.02001	0.06748	0.62104	0.10100	0.02297	0.00964	0.00303	0.00445	0.05057	0.00709	0.00626
73	0.06132	0.03672	0.62643	0.02060	0.03121	0.01732	0.02617	0.02445	0.01606	0.05181	0.01410	0.01620	0.00990	0.00729	0.00708	0.00240	0.01070	0.00560	0.00354	0.01110
74	0.00931	0.00666	0.00887	0.01051	0.01102	0.00621	0.00705	0.01074	0.01486	0.01990	0.07283	0.69593	0.05120	0.02336	0.00965	0.00305	0.00436	0.02118	0.00710	0.00621
75	0.01790	0.02046	0.04476	0.03197	0.03964	0.01918	0.65857	0.02430	0.01790	0.02430	0.01535	0.02046	0.01151	0.00639	0.00895	0.00256	0.01279	0.00895	0.00384	0.01023
76	0.02028	0.73799	0.03975	0.01298	0.01947	0.03001	0.01298	0.02271	0.01541	0.01785	0.01055	0.01217	0.00973	0.00649	0.00487	0.00162	0.00811	0.00406	0.00324	0.00973
77	0.01745	0.01943	0.04048	0.08989	0.03856	0.01943	0.53264	0.02321	0.01697	0.02321	0.01459	0.02001	0.01122	0.00725	0.01059	0.00264	0.09033	0.00851	0.00374	0.00986
78	0.01905	0.56854	0.19844	0.01507	0.02271	0.02701	0.01663	0.02303	0.01556	0.01934	0.01129	0.01310	0.00970	0.00666	0.00543	0.00181	0.00886	0.00443	0.00323	0.01009
79	0.78701	0.01467	0.01115	0.00997	0.01467	0.01702	0.00821	0.02230	0.01291	0.03403	0.01056	0.01232	0.00821	0.00704	0.00469	0.00235	0.00587	0.00411	0.00469	0.00821
80	0.02778	0.03498	0.02124	0.01930	0.02323	0.66279	0.01450	0.03088	0.05973	0.01934	0.01285	0.01454	0.01056	0.00796	0.00689	0.00199	0.01323	0.00510	0.00413	0.00898
81	0.01908	0.01637	0.01775	0.05664	0.02182	0.01897	0.01265	0.06914	0.60295	0.03178	0.02924	0.02734	0.02189	0.01007	0.00770	0.00256	0.00636	0.00838	0.00746	0.01184
82	0.02382	0.01281	0.01619	0.01224	0.01821	0.01036	0.00987	0.02686	0.01843	0.33289	0.02275	0.06227	0.01701	0.00843	0.00679	0.00180	0.00593	0.00695	0.00691	0.37948
83	0.01039	0.00746	0.00962	0.01097	0.01174	0.00718	0.00747	0.04876	0.01576	0.02103	0.04042	0.68676	0.04798	0.02290	0.00956	0.00303	0.00463	0.02070	0.00707	0.00656
84	0.01673	0.01658	0.02288	0.01965	0.01990	0.02298	0.01633	0.01955	0.05043	0.01905	0.01119	0.01728	0.01073	0.01310	0.02388	0.00328	0.67763	0.00675	0.00358	0.00852
85	0.01167	0.00786	0.01038	0.00970	0.01152	0.00726	0.00726	0.01482	0.02080	0.05181	0.62071	0.05364	0.06635	0.01594	0.01012	0.04802	0.00385	0.01309	0.00809	0.00712
86	0.03296	0.01294	0.01749	0.01336	0.01928	0.01109	0.01102	0.03592	0.02136	0.65221	0.02896	0.02522	0.01833	0.00917	0.00751	0.00228	0.00641	0.00744	0.00910	0.05796
87	0.01394	0.00711	0.00725	0.00721	0.00898	0.00707	0.00541	0.01748	0.01623	0.02840	0.06336	0.02995	0.02250	0.00923	0.00552	0.00180	0.00354	0.00746	0.73047	0.00707
88	0.01659	0.02908	0.34791	0.02660	0.03559	0.01863	0.33526	0.02390	0.01674	0.02390	0.01430	0.01821	0.01055	0.00707	0.00883	0.00252	0.04291	0.00728	0.00352	0.01060
89	0.01675	0.01740	0.02914	0.02316	0.02548	0.02150	0.20556	0.01985	0.01349	0.02001	0.01195	0.01826	0.01077	0.01297	0.04698	0.00344	0.48359	0.00738	0.00350	0.00881
90	0.78701	0.01467	0.01115	0.00997	0.01467	0.01702	0.00821	0.02230	0.01291	0.03403	0.01056	0.01232	0.00821	0.00704	0.00469	0.00235	0.00587	0.00411	0.00469	0.00821
91	0.01540	0.01583	0.03117	0.26668	0.03914	0.01635	0.32974	0.02038	0.01610	0.02138	0.01748	0.07779	0.01539	0.07024	0.01106	0.00300	0.01074	0.00934	0.00399	0.00880
92	0.04838	0.01261	0.01632	0.01667	0.07866	0.01325	0.03420	0.02589	0.23973	0.08776	0.08160	0.14382	0.02956	0.01432	0.01010	0.06897	0.00623	0.05574	0.00676	0.00944
93	0.01650	0.19905	0.46152	0.02057	0.05146	0.02019	0.05082	0.02334	0.01606	0.02256	0.01415	0.01844	0.01129	0.00759	0.00689	0.00227	0.01030	0.03292	0.00342	0.01067
94	0.01433	0.00743	0.00747	0.00740	0.00927	0.00753	0.00557	0.01857	0.04179	0.02841	0.02499	0.02828	0.01959	0.00889	0.00540	0.00180	0.00363	0.00713	0.74526	0.00726
95	0.02917	0.01206	0.01610	0.01275	0.01784	0.01062	0.01038	0.03273	0.04156	0.54818	0.12552	0.03229	0.05419	0.01070	0.00788	0.00237	0.00592	0.00888	0.00909	0.01178
96	0.05192	0.02183	0.02065	0.03761	0.02308	0.18423	0.04450	0.15929	0.25341	0.09223	0.02165	0.02134	0.01599	0.00899	0.00742	0.00233	0.00881	0.00705	0.00650	0.01117
97	0.04450	0.06263	0.56475	0.02120	0.05065	0.01804	0.02534	0.02421	0.01598	0.05334	0.01396	0.01627	0.01006	0.00752	0.00781	0.00240	0.04111	0.00566	0.00355	0.01102
98	0.01222	0.00873	0.01222	0.01397	0.01572	0.00873	0.01222	0.01572	0.01746	0.02270	0.04016	0.08556	0.04365	0.02095	0.01048	0.00349	0.00698	0.63506	0.00698	0.00698
99	0.01755	0.01428	0.01525	0.01385	0.01776	0.01588	0.01072	0.03399	0.50398	0.06130	0.03887	0.06656	0.13267	0.01231	0.00801	0.00258	0.00560	0.01033	0.00766	0.01087
100	0.01664	0.01462	0.02404	0.40038	0.13186	0.01668	0.06733	0.04907	0.03696	0.05465	0.01737	0.07634	0.01459	0.00912	0.00853	0.00255	0.03734	0.00818	0.00436	0.00941
101	0.05165	0.41032	0.15830	0.01624	0.02288	0.10316	0.04436	0.02342	0.01629	0.02049	0.03422	0.01512	0.01184	0.00737	0.00664	0.00197	0.03735	0.00509	0.00358	0.00972
102	0.01340	0.00897	0.01099	0.01054	0.01272	0.00854	0.00792	0.04217	0.04905	0.08141	0.27290	0.16002	0.15387	0.07423	0.01133	0.00300	0.00484	0.05895	0.00756	0.00760
103	0.02575	0.01900	0.02073	0.01600	0.02189	0.02016	0.01307	0.48843	0.05868	0.06223	0.01922	0.04433	0.01461	0.00914	0.00736	0.00214	0.00761	0.00709	0.00713	0.13544
104	0.05308	0.01310	0.01516	0.01158	0.01734	0.01088	0.00926	0.05567	0.01685	0.02617	0.04375	0.04573	0.01658	0.00975	0.03690	0.00194	0.00636	0.02838	0.00500	0.57650
105	0.09368	0.01901	0.02081	0.07069	0.02415	0.02163	0.01408	0.41959	0.13644	0.04026	0.01886	0.01943	0.01382	0.00920	0.00819	0.00240	0.04233	0.00686	0.00682	0.01176
106	0.01863	0.01756	0.03018	0.03782	0.44743	0.01753	0.12698	0.07320	0.01864	0.02601	0.01719	0.02549	0.01510	0.03371	0.00909	0.00259	0.00937	0.05799	0.00436	0.01112
107	0.00941	0.00671	0.00891	0.01060	0.01108	0.00630	0.00714	0.01077	0.01450	0.01932	0.04110	0.68072	0.04912	0.04912	0.01075	0.00325	0.00460	0.04353	0.00695	0.00613
108	0.11728	0.01543	0.04714	0.01592	0.05173	0.01383	0.01240	0.03100	0.09855	0.33509	0.09939	0.03313	0.05239	0.01166	0.00837	0.00279	0.00694	0.02668	0.00833	0.01195
109	0.01674	0.01572	0.04254	0.04797	0.02157	0.04375	0.06197	0.06657	0.01752	0.02551	0.01676	0.07712	0.01483	0.00785	0.00656	0.00167	0.00698	0.00673	0.03691	0.46473
110	0.01054	0.00768	0.00991	0.00949	0.01124	0.00705	0.00706	0.01388	0.02080	0.02914	0.60637	0.09715	0.10883	0.01622	0.00899	0.00244	0.00364	0.01432	0.00819	0.00705
111	0.01036	0.00692	0.00906	0.01039	0.01097	0.00649	0.00689	0.01158	0.01435	0.04325	0.03916	0.61914	0.04624	0.11081	0.01318	0.00358	0.00484	0.01976	0.00682	0.00621
112	0.01601	0.05513	0.54420	0.02531	0.11682	0.01813	0.07172	0.02391	0.01629	0.02396	0.01373	0.01657	0.01006	0.00707	0.00730	0.00237	0.01095	0.00595	0.00332	0.01120
113	0.01848	0.01360	0.01522	0.01388	0.01776	0.01473	0.01102	0.03239	0.40762	0.11238	0.05679	0.04158	0.10728	0.01278	0.00825	0.00265	0.00585	0.08932	0.00777	0.01065
114	0.01785	0.02029	0.04383	0.03145	0.03879	0.01936	0.63093	0.02404	0.01763	0.02404	0.01511	0.02029	0.01144	0.00669	0.00964	0.00259	0.04321	0.00885	0.00381	0.01015
115	0.02833	0.03615	0.02149	0.01954	0.02345	0.70298	0.01466	0.03029	0.02149	0.01856	0.01172	0.01368	0.00977	0.00782	0.00684	0.00195	0.01368	0.00489	0.00391	0.00879
116	0.01318	0.00659	0.00988	0.00988	0.00988	0.00659	0.00659	0.00988	0.00988	0.01318	0.01318	0.02306	0.01318	0.02635	0.02964	0.77931	0.00659	0.00659	0.00329	0.00329
117	0.01469	0.01386	0.02342	0.65963	0.10492	0.01695	0.02125	0.01970	0.01534	0.01983	0.01355	0.02010	0.01027	0.00751	0.00758	0.00250	0.01002	0.00674	0.00340	0.00872
118	0.78701	0.01467	0.01115	0.00997	0.01467	0.01702	0.00821	0.02230	0.01291	0.03403	0.01056	0.01232	0.00821	0.00704	0.00469	0.00235	0.00587	0.00411	0.00469	0.00821
119	0.00937	0.00674	0.00891	0.01060	0.01119	0.00629	0.00723	0.01081	0.01477	0.01956	0.04316	0.67225	0.07566	0.02345	0.00969	0.00308	0.00450	0.04950	0.00704	0.00621
120	0.05238	0.01482	0.01707	0.01435	0.01935	0.01550	0.01144	0.03773	0.37280	0.29230	0.02927	0.02639	0.02055	0.00968	0.00751	0.00243	0.00617	0.00792	0.00818	0.03415
121	0.01414	0.00707	0.00707	0.00707	0.00884	0.00707	0.00530	0.01767	0.01591	0.02828	0.02474	0.02828	0.01944	0.00884	0.00530	0.00177	0.00353	0.00707	0.77554	0.00707
122	0.00923	0.00664	0.00876	0.01046	0.01097	0.00617	0.00700	0.01057	0.01462	0.01940	0.04304	0.70532	0.07253	0.02360	0.00966	0.00306	0.00438	0.02137	0.00704	0.00617
123	0.01659	0.01659	0.02323	0.01991	0.01991	0.02323	0.01659	0.01825	0.01162	0.01825	0.00996	0.01659	0.00996	0.01328	0.02489	0.00332	0.71955	0.00664	0.00332	0.00830
124	0.00955	0.00684	0.00908	0.01035	0.01107	0.00637	0.00707	0.01134	0.01597	0.02167	0.17549	0.58821	0.05464	0.02204	0.00953	0.00294	0.00423	0.01993	0.00731	0.00637
125	0.03290	0.01266	0.01724	0.01330	0.01897	0.01095	0.01095	0.03587	0.02170	0.65934	0.06153	0.02731	0.02133	0.00968	0.00769	0.00235	0.00631	0.00792	0.00934	0.01263
126	0.02564	0.01393	0.01680	0.01400	0.01886	0.01412	0.01119	0.03653	0.29955	0.35526	0.08404	0.02942	0.02499	0.01028	0.00777	0.00245	0.00602	0.00853	0.00859	0.01205
127	0.00938	0.00671	0.00893	0.01047	0.01103	0.00625	0.00705	0.01091	0.01517	0.02039	0.10117	0.66619	0.05215	0.02300	0.00961	0.00302	0.00432	0.02084	0.00716	0.00625
128	0.02251	0.02584	0.02163	0.11014	0.02558	0.36418	0.01559	0.05222	0.01808	0.01970	0.01227	0.01709	0.01077	0.04060	0.01337	0.00266	0.20934	0.00597	0.00386	0.00861
129	0.07295	0.01513	0.02466	0.43297	0.26762	0.01727	0.02088	0.02094	0.01572	0.02232	0.01354	0.01914	0.01063	0.00726	0.00734	0.00242	0.00942	0.00655	0.00360	0.00965
130	0.01864	0.02099	0.03596	0.11921	0.06558	0.10545	0.39546	0.02370	0.01728	0.02229	0.01401	0.01908	0.01096	0.00750	0.01019	0.00255	0.08996	0.00780	0.00372	0.00968
131	0.01610	0.01578	0.02249	0.01895	0.02000	0.02074	0.04066	0.01820	0.01230	0.01905	0.01133	0.01772	0.01086	0.01577	0.07669	0.00379	0.56837	0.00665	0.00351	0.08105
132	0.04401	0.04769	0.05260	0.32390	0.03927	0.01817	0.19721	0.02099	0.01558	0.02177	0.01380	0.01925	0.01074	0.00771	0.00932	0.00249	0.08156	0.00703	0.02980	0.03711
133	0.00926	0.00725	0.00839	0.00905	0.01067	0.00638	0.00643	0.01110	0.01658	0.02104	0.12411	0.33963	0.36176	0.02070	0.00926	0.00276	0.00404	0.01805	0.00718	0.00638
134	0.01154	0.00830	0.01139	0.01298	0.01454	0.00815	0.01090	0.01462	0.01714	0.02238	0.06864	0.18975	0.07110	0.02112	0.01022	0.00334	0.00629	0.48370	0.00705	0.00683
135	0.01911	0.01953	0.05301	0.12576	0.51452	0.06252	0.02227	0.04842	0.01796	0.02459	0.01414	0.01850	0.01158	0.00704	0.00747	0.00227	0.00950	0.00660	0.00385	0.01137
136	0.01007	0.03568	0.01022	0.01054	0.01134	0.00739	0.00731	0.01157	0.01488	0.01984	0.08420	0.56706	0.04789	0.08222	0.01191	0.00335	0.00485	0.04662	0.00678	0.00628
137	0.00937	0.00670	0.00895	0.01071	0.01121	0.00627	0.00727	0.01079	0.01465	0.01951	0.04173	0.69999	0.04988	0.02364	0.00972	0.00310	0.00452	0.04875	0.00704	0.00620
138	0.01222	0.00887	0.01144	0.04184	0.01539	0.00860	0.01001	0.01585	0.04000	0.04933	0.11843	0.09866	0.21934	0.01860	0.00953	0.00298	0.00572	0.29878	0.00712	0.00728
139	0.05667	0.01764	0.02926	0.04334	0.62446	0.01767	0.02202	0.02383	0.01725	0.05434	0.01477	0.01877	0.01213	0.00689	0.00738	0.00226	0.00875	0.00667	0.00405	0.01187
140	0.01920	0.01907	0.02899	0.04246	0.59684	0.07598	0.02176	0.02344	0.01784	0.02452	0.04641	0.02017	0.01471	0.00727	0.00752	0.00223	0.00915	0.00694	0.00399	0.01150
141	0.66573	0.01566	0.03706	0.01191	0.03938	0.01695	0.00963	0.05050	0.01431	0.03371	0.01173	0.01361	0.00908	0.00720	0.00504	0.00232	0.00619	0.00450	0.03688	0.00862
142	0.02952	0.01216	0.01632	0.01289	0.01801	0.01075	0.01050	0.03324	0.04535	0.55498	0.14085	0.03115	0.02791	0.01046	0.00786	0.00236	0.00595	0.00870	0.00915	0.01190
143	0.02066	0.54427	0.06342	0.01458	0.02039	0.12496	0.01389	0.02328	0.01601	0.01822	0.01122	0.01347	0.01012	0.00908	0.03464	0.00221	0.04220	0.00453	0.00337	0.00948
144	0.00923	0.00665	0.00875	0.01044	0.01097	0.00617	0.00699	0.01058	0.01464	0.01941	0.04327	0.70115	0.07656	0.02357	0.00965	0.00306	0.00438	0.02133	0.00704	0.00617
145	0.02833	0.03615	0.02149	0.01954	0.02345	0.70298	0.01466	0.03029	0.02149	0.01856	0.01172	0.01368	0.00977	0.00782	0.00684	0.00195	0.01368	0.00489	0.00391	0.00879
146	0.01064	0.00822	0.00885	0.00861	0.01119	0.00720	0.00648	0.01360	0.04520	0.04953	0.14918	0.09616	0.52188	0.01816	0.00889	0.00255	0.00403	0.01531	0.00733	0.00699
147	0.01798	0.02024	0.04351	0.03328	0.09755	0.01908	0.60166	0.02421	0.01785	0.02434	0.01525	0.02031	0.01155	0.00643	0.00882	0.00253	0.01245	0.00875	0.00383	0.01039
148	0.01543	0.06932	0.66596	0.02125	0.03225	0.01815	0.02738	0.02396	0.01599	0.02376	0.01348	0.01585	0.00961	0.00718	0.00711	0.00237	0.01108	0.00554	0.00320	0.01115
149	0.78701	0.01467	0.01115	0.00997	0.01467	0.01702	0.00821	0.02230	0.01291	0.03403	0.01056	0.01232	0.00821	0.00704	0.00469	0.00235	0.00587	0.00411	0.00469	0.00821
150	0.01887	0.01629	0.01715	0.01544	0.01972	0.01887	0.01201	0.04031	0.67241	0.03173	0.03087	0.02830	0.02315	0.01029	0.00772	0.00257	0.00600	0.00858	0.00772	0.01201
151	0.02920	0.02065	0.02240	0.01717	0.02323	0.02264	0.01419	0.61657	0.03467	0.09346	0.01904	0.01875	0.01332	0.00913	0.00759	0.00228	0.00821	0.00689	0.00772	0.01290
152	0.78701	0.01467	0.01115	0.00997	0.01467	0.01702	0.00821	0.02230	0.01291	0.03403	0.01056	0.01232	0.00821	0.00704	0.00469	0.00235	0.00587	0.00411	0.00469	0.00821
153	0.01877	0.01802	0.03079	0.04656	0.68612	0.01802	0.02328	0.02328	0.01727	0.02478	0.01427	0.01877	0.01201	0.00676	0.00751	0.00225	0.00901	0.00676	0.00375	0.01201
154	0.01887	0.01629	0.01715	0.01544	0.01972	0.01887	0.01201	0.04031	0.67241	0.03173	0.03087	0.02830	0.02315	0.01029	0.00772	0.00257	0.00600	0.00858	0.00772	0.01201
155	0.02952	0.01305	0.01714	0.01294	0.01902	0.01089	0.01062	0.03256	0.02024	0.52717	0.02587	0.02333	0.01692	0.00846	0.00713	0.00205	0.00625	0.00686	0.00818	0.20180
156	0.00930	0.00665	0.00885	0.01052	0.01101	0.00620	0.00705	0.01071	0.01480	0.01980	0.06709	0.70195	0.05101	0.02344	0.00965	0.00305	0.00437	0.02125	0.00709	0.00620
157	0.01659	0.01659	0.02323	0.01991	0.01991	0.02323	0.01659	0.01825	0.01162	0.01825	0.00996	0.01659	0.00996	0.01328	0.02489	0.00332	0.71955	0.00664	0.00332	0.00830
158	0.00970	0.00705	0.00905	0.01047	0.01130	0.00660	0.00735	0.01128	0.01499	0.01959	0.04472	0.51877	0.12687	0.07272	0.01172	0.00337	0.00486	0.09655	0.00686	0.00618
159	0.05594	0.01296	0.01741	0.01339	0.01923	0.01132	0.01106	0.03654	0.02145	0.67225	0.02936	0.02542	0.01847	0.00932	0.00754	0.00235	0.00644	0.00753	0.00925	0.01277
160	0.01103	0.00806	0.01039	0.00976	0.01164	0.00758	0.00733	0.01526	0.04518	0.03046	0.65840	0.05563	0.06981	0.01532	0.00890	0.00239	0.00367	0.01353	0.00833	0.00733
161	0.01521	0.03923	0.69413	0.02162	0.03283	0.01762	0.02802	0.02402	0.01601	0.02402	0.01361	0.01601	0.00961	0.00721	0.00721	0.00240	0.01121	0.00560	0.00320	0.01121
162	0.01002	0.00779	0.01163	0.01221	0.01335	0.00727	0.05656	0.01184	0.01503	0.01993	0.04126	0.61789	0.07459	0.02213	0.00963	0.00304	0.00513	0.04741	0.00680	0.00652
163	0.01640	0.01633	0.02319	0.07924	0.02267	0.02269	0.01698	0.01835	0.01192	0.01835	0.01026	0.01690	0.00997	0.01279	0.02342	0.00325	0.65901	0.00665	0.00332	0.00831
164	0.02028	0.73799	0.03975	0.01298	0.01947	0.03001	0.01298	0.02271	0.01541	0.01785	0.01055	0.01217	0.00973	0.00649	0.00487	0.00162	0.00811	0.00406	0.00324	0.00973
165	0.01286	0.01096	0.03565	0.01103	0.01390	0.03642	0.00902	0.01687	0.04785	0.05204	0.30575	0.05752	0.20974	0.01572	0.00878	0.00252	0.00511	0.10113	0.00732	0.03981
166	0.02004	0.04823	0.07149	0.01604	0.05841	0.01547	0.01286	0.05653	0.25680	0.14264	0.10810	0.02921	0.04710	0.01003	0.00754	0.00230	0.00645	0.00835	0.00700	0.07540
167	0.02682	0.01669	0.01911	0.01530	0.02037	0.01750	0.01235	0.39520	0.02861	0.20360	0.02512	0.14020	0.02067	0.01165	0.00795	0.00243	0.00721	0.00952	0.00794	0.01176
168	0.01074	0.00775	0.01014	0.00954	0.01133	0.00716	0.00716	0.01431	0.02147	0.03042	0.68211	0.05666	0.07157	0.01551	0.00895	0.00239	0.00358	0.01372	0.00835	0.00716
169	0.01904	0.01710	0.02322	0.07982	0.30959	0.04450	0.01733	0.02959	0.26042	0.05341	0.02367	0.02490	0.04593	0.00883	0.00763	0.00240	0.00783	0.00780	0.00558	0.01141
170	0.00998	0.00758	0.01118	0.01209	0.01305	0.00713	0.04572	0.01177	0.01495	0.01991	0.04012	0.63649	0.04739	0.02252	0.00970	0.00308	0.00510	0.06891	0.00685	0.00646
171	0.00924	0.00660	0.00880	0.01056	0.01100	0.00616	0.00704	0.01056	0.01452	0.01936	0.04181	0.72848	0.05017	0.02376	0.00968	0.00308	0.00440	0.02156	0.00704	0.00616
172	0.00923	0.00665	0.00875	0.01043	0.01097	0.00617	0.00698	0.01058	0.01464	0.01941	0.04335	0.69959	0.07806	0.02356	0.00965	0.00306	0.00438	0.02132	0.00704	0.00617
173	0.05361	0.02591	0.02241	0.02187	0.11948	0.29159	0.01523	0.26811	0.02579	0.03123	0.01715	0.01849	0.03839	0.00858	0.00723	0.00216	0.01029	0.00632	0.00544	0.01071
174	0.08419	0.01573	0.04743	0.24338	0.25848	0.01624	0.04535	0.04352	0.01630	0.02390	0.01508	0.02163	0.01249	0.00913	0.00898	0.05904	0.00884	0.02878	0.03203	0.00950
175	0.75924	0.01463	0.01157	0.03532	0.01602	0.01701	0.00868	0.02219	0.01299	0.03350	0.01067	0.01261	0.00828	0.00706	0.00480	0.00235	0.00602	0.00420	0.00465	0.00822
176	0.03303	0.01269	0.01728	0.01333	0.01902	0.01098	0.01098	0.03599	0.02170	0.66291	0.05800	0.02714	0.02105	0.00965	0.00768	0.00235	0.00633	0.00789	0.00934	0.01266
177	0.02777	0.08555	0.02278	0.01908	0.02317	0.65561	0.01454	0.02975	0.02107	0.01851	0.01164	0.01357	0.00977	0.00772	0.00670	0.00193	0.01329	0.00483	0.00386	0.00886
178	0.01085	0.00783	0.01030	0.00989	0.01167	0.00728	0.00755	0.01442	0.02116	0.02981	0.63201	0.05891	0.06939	0.01593	0.00907	0.00247	0.00384	0.06221	0.00824	0.00714
179	0.02063	0.70706	0.03894	0.01327	0.01964	0.05968	0.01305	0.02305	0.01568	0.01788	0.01060	0.01223	0.00974	0.00655	0.00495	0.00164	0.00836	0.00409	0.00327	0.00969
180	0.03275	0.01289	0.01736	0.01346	0.01914	0.01133	0.01106	0.03643	0.04736	0.64583	0.04923	0.02683	0.02051	0.00960	0.00767	0.00236	0.00635	0.00785	0.00929	0.01270
181	0.03069	0.01334	0.01732	0.01342	0.01914	0.01192	0.01100	0.06358	0.05999	0.55137	0.02998	0.02662	0.04241	0.00952	0.00754	0.00228	0.00636	0.00773	0.00877	0.06702
182	0.01222	0.00873	0.01222	0.01397	0.01572	0.00873	0.01222	0.01572	0.01746	0.02270	0.04016	0.08556	0.04365	0.02095	0.01048	0.00349	0.00698	0.63506	0.00698	0.00698
183	0.01078	0.00737	0.00887	0.00909	0.00933	0.00750	0.00557	0.01132	0.01162	0.01568	0.02562	0.13069	0.02919	0.55328	0.12600	0.00749	0.00876	0.01193	0.00482	0.00509
184	0.02833	0.03615	0.02149	0.01954	0.02345	0.70298	0.01466	0.03029	0.02149	0.01856	0.01172	0.01368	0.00977	0.00782	0.00684	0.00195	0.01368	0.00489	0.00391	0.00879
185	0.78701	0.01467	0.01115	0.00997	0.01467	0.01702	0.00821	0.02230	0.01291	0.03403	0.01056	0.01232	0.00821	0.00704	0.00469	0.00235	0.00587	0.00411	0.00469	0.00821
186	0.01414	0.00707	0.00707	0.00707	0.00884	0.00707	0.00530	0.01767	0.01591	0.02828	0.02474	0.02828	0.01944	0.00884	0.00530	0.00177	0.00353	0.00707	0.77554	0.00707
187	0.01887	0.01629	0.01715	0.01544	0.01972	0.01887	0.01201	0.04031	0.67241	0.03173	0.03087	0.02830	0.02315	0.01029	0.00772	0.00257	0.00600	0.00858	0.00772	0.01201
188	0.02274	0.01418	0.01708	0.01262	0.01902	0.01193	0.01025	0.09644	0.01977	0.22914	0.01899	0.01906	0.01370	0.00715	0.00645	0.00162	0.00618	0.00570	0.00632	0.46166
189	0.00924	0.00660	0.00880	0.01056	0.01100	0.00616	0.00704	0.01056	0.01452	0.01936	0.04181	0.72848	0.05017	0.02376	0.00968	0.00308	0.00440	0.02156	0.00704	0.00616
190	0.01659	0.01659	0.02323	0.01991	0.01991	0.02323	0.01659	0.01825	0.01162	0.01825	0.00996	0.01659	0.00996	0.01328	0.02489	0.00332	0.71955	0.00664	0.00332	0.00830
191	0.00924	0.00660	0.00880	0.01056	0.01100	0.00616	0.00704	0.01056	0.01452	0.01936	0.04181	0.72848	0.05017	0.02376	0.00968	0.00308	0.00440	0.02156	0.00704	0.00616
192	0.03403	0.01291	0.01760	0.01350	0.01936	0.01115	0.01115	0.03697	0.02171	0.69137	0.02992	0.02582	0.01878	0.00939	0.00763	0.00235	0.00645	0.00763	0.00939	0.01291
193	0.01074	0.00775	0.01014	0.00954	0.01133	0.00716	0.00716	0.01431	0.02147	0.03042	0.68211	0.05666	0.07157	0.01551	0.00895	0.00239	0.00358	0.01372	0.00835	0.00716
194	0.78701	0.01467	0.01115	0.00997	0.01467	0.01702	0.00821	0.02230	0.01291	0.03403	0.01056	0.01232	0.00821	0.00704	0.00469	0.00235	0.00587	0.00411	0.00469	0.00821
195	0.01432	0.01348	0.02275	0.71520	0.05224	0.01685	0.02107	0.01938	0.01517	0.01938	0.01348	0.02022	0.01011	0.00758	0.00758	0.00253	0.01011	0.00674	0.00337	0.00843
196	0.01776	0.02019	0.04389	0.05891	0.04014	0.01909	0.63343	0.02410	0.01779	0.02410	0.01527	0.02045	0.01145	0.00644	0.00890	0.00256	0.01268	0.00886	0.00382	0.01016
197	0.02028	0.73799	0.03975	0.01298	0.01947	0.03001	0.01298	0.02271	0.01541	0.01785	0.01055	0.01217	0.00973	0.00649	0.00487	0.00162	0.00811	0.00406	0.00324	0.00973
