[name]
unknown

[dist]
# distance from previous block
# <min> <max>
0	42

[block]
# block no. 0 follows, 23 sequences, length 13
# corresponding to MSA columns:
# 42-54
name=unknown_A
#
# <colnr> <probs for GDERKNQSTAVLIFYWHMCP>
#	G	D	E	R	K	N	Q	S	T	A	V	L	I	F	Y	W	H	M	C	P
0	0.02589	0.01268	0.01670	0.01489	0.01936	0.01208	0.01246	0.03185	0.10394	0.35433	0.03608	0.05093	0.03026	0.01461	0.00927	0.00298	0.00704	0.22435	0.00888	0.01141
1	0.03155	0.01524	0.02015	0.10464	0.02589	0.01499	0.01381	0.10666	0.07955	0.45642	0.02834	0.02612	0.01855	0.00984	0.00816	0.00255	0.00761	0.00803	0.00882	0.01309
2	0.24548	0.01971	0.01985	0.01557	0.02171	0.02147	0.01281	0.38675	0.02858	0.04398	0.01651	0.01734	0.01213	0.00866	0.00697	0.00231	0.00782	0.00617	0.00683	0.09934
3	0.01170	0.00911	0.01076	0.01061	0.01279	0.00870	0.00784	0.01684	0.09307	0.02776	0.32331	0.17989	0.22004	0.01859	0.00957	0.00276	0.00436	0.01621	0.00823	0.00785
4	0.55084	0.01723	0.04575	0.01655	0.10227	0.01752	0.01198	0.02368	0.01493	0.03346	0.01233	0.01469	0.00977	0.00732	0.00566	0.00235	0.00695	0.00489	0.00479	0.09706
5	0.01458	0.00950	0.01220	0.01167	0.01437	0.00821	0.00848	0.01696	0.01767	0.09867	0.11810	0.40419	0.04432	0.01853	0.00911	0.00268	0.00511	0.01652	0.00745	0.16167
6	0.03211	0.01299	0.01756	0.01380	0.01943	0.01123	0.01123	0.03526	0.02264	0.55616	0.09394	0.05998	0.02683	0.01121	0.00832	0.00250	0.00647	0.00933	0.00964	0.03936
7	0.01270	0.00963	0.01362	0.10260	0.02021	0.00984	0.01230	0.01660	0.01967	0.02624	0.23157	0.07212	0.08231	0.01864	0.01021	0.00318	0.00662	0.31681	0.00742	0.00770
8	0.09531	0.03486	0.02218	0.01976	0.02427	0.54996	0.01505	0.09992	0.02390	0.02484	0.01322	0.01505	0.01068	0.00844	0.00721	0.00217	0.01326	0.00539	0.00470	0.00985
9	0.05448	0.01342	0.01582	0.01220	0.01810	0.01125	0.00974	0.02428	0.05217	0.15028	0.09648	0.02839	0.06355	0.00926	0.00713	0.00185	0.00584	0.00758	0.00664	0.41153
10	0.01991	0.01548	0.01794	0.01305	0.02010	0.01278	0.01053	0.10285	0.02004	0.07033	0.01620	0.01786	0.01276	0.00676	0.00642	0.00145	0.00645	0.00535	0.00557	0.61818
11	0.07186	0.02271	0.02499	0.02052	0.02407	0.17170	0.08272	0.06366	0.01791	0.02440	0.01282	0.01718	0.01105	0.01026	0.01502	0.00268	0.28680	0.00648	0.00431	0.10888
12	0.05474	0.01540	0.01773	0.01564	0.01930	0.01753	0.01242	0.07023	0.30206	0.09515	0.11608	0.06417	0.03017	0.01285	0.01087	0.00283	0.09740	0.02661	0.00770	0.01113

[dist]
# distance from previous block
# <min> <max>
1	5

[block]
# block no. 1 follows, 23 sequences, length 15
# corresponding to MSA columns:
# 60-74
name=unknown_B
#
# <colnr> <probs for GDERKNQSTAVLIFYWHMCP>
#	G	D	E	R	K	N	Q	S	T	A	V	L	I	F	Y	W	H	M	C	P
0	0.01416	0.03042	0.45335	0.01921	0.02740	0.01479	0.02255	0.02093	0.01660	0.02405	0.02454	0.24618	0.02463	0.01357	0.00858	0.00281	0.00958	0.01164	0.00478	0.01021
1	0.02110	0.01821	0.02428	0.44248	0.04440	0.04896	0.01989	0.22515	0.02377	0.03075	0.01601	0.02062	0.01179	0.00866	0.00808	0.00259	0.01036	0.00716	0.00512	0.01061
2	0.02997	0.01477	0.01833	0.01494	0.02047	0.01447	0.01205	0.03968	0.23040	0.43207	0.05936	0.02992	0.02406	0.01064	0.00825	0.00259	0.00661	0.00878	0.00940	0.01322
3	0.01096	0.00789	0.01037	0.01057	0.01201	0.00730	0.00762	0.01398	0.02051	0.02863	0.45642	0.27527	0.06899	0.01951	0.00983	0.00280	0.00412	0.01745	0.00847	0.00730
4	0.01180	0.00787	0.00885	0.00885	0.00885	0.00787	0.00492	0.01180	0.01180	0.01573	0.02557	0.05310	0.02950	0.71483	0.04130	0.00787	0.00787	0.01180	0.00492	0.00492
5	0.02482	0.01894	0.02037	0.01708	0.02242	0.02127	0.01363	0.23938	0.40458	0.08301	0.02848	0.02652	0.02082	0.01052	0.00820	0.00263	0.00728	0.00849	0.00833	0.01323
6	0.02302	0.02217	0.04010	0.02906	0.03670	0.02206	0.42988	0.22816	0.02544	0.03431	0.01743	0.02109	0.01280	0.00780	0.00909	0.00264	0.01211	0.00882	0.00543	0.01189
7	0.00989	0.00706	0.00942	0.01130	0.01177	0.00659	0.00753	0.01130	0.01554	0.02071	0.04472	0.70954	0.05367	0.02542	0.01036	0.00330	0.00471	0.02307	0.00753	0.00659
8	0.01696	0.01536	0.02512	0.07464	0.41276	0.01536	0.01906	0.02149	0.01983	0.02816	0.22847	0.03358	0.03381	0.01038	0.00855	0.00247	0.00779	0.00969	0.00562	0.01091
9	0.01443	0.01237	0.01398	0.01076	0.01649	0.00950	0.00847	0.01752	0.01738	0.02495	0.03684	0.03709	0.22667	0.01082	0.00719	0.00171	0.00538	0.00888	0.00571	0.51383
10	0.01096	0.00789	0.01037	0.01057	0.01201	0.00730	0.00762	0.01398	0.02051	0.02863	0.45642	0.27527	0.06899	0.01951	0.00983	0.00280	0.00412	0.01745	0.00847	0.00730
11	0.01640	0.01580	0.02500	0.43579	0.07892	0.02036	0.02109	0.02057	0.01510	0.02066	0.01322	0.02026	0.01088	0.01008	0.01423	0.00297	0.23872	0.00718	0.00361	0.00919
12	0.01346	0.01076	0.01639	0.23960	0.02917	0.01190	0.01558	0.01749	0.01751	0.02271	0.03372	0.13815	0.03562	0.01802	0.01009	0.00334	0.00827	0.34414	0.00620	0.00788
13	0.02373	0.01817	0.01995	0.01522	0.02156	0.01812	0.01236	0.32153	0.06439	0.03915	0.01879	0.01981	0.01423	0.00835	0.00714	0.00194	0.00730	0.00646	0.05762	0.30416
14	0.38736	0.01696	0.01804	0.01532	0.01893	0.02063	0.01269	0.08740	0.01663	0.08246	0.01357	0.01649	0.01082	0.01017	0.01274	0.00285	0.23608	0.00589	0.00525	0.00973

[dist]
# distance from previous block
# <min> <max>
2	7

[block]
# block no. 2 follows, 23 sequences, length 7
# corresponding to MSA columns:
# 84-90
name=unknown_C
#
# <colnr> <probs for GDERKNQSTAVLIFYWHMCP>
#	G	D	E	R	K	N	Q	S	T	A	V	L	I	F	Y	W	H	M	C	P
0	0.10321	0.01310	0.01569	0.01340	0.01776	0.01264	0.01049	0.11105	0.02170	0.26375	0.05668	0.22400	0.02964	0.01424	0.00839	0.00265	0.00630	0.01205	0.00816	0.05507
1	0.01752	0.08680	0.44394	0.02566	0.03617	0.02032	0.20465	0.02568	0.01767	0.02529	0.01486	0.01821	0.01088	0.00740	0.00806	0.00256	0.01224	0.00691	0.00363	0.01157
2	0.01908	0.41991	0.12529	0.21335	0.03302	0.02616	0.01865	0.02346	0.01650	0.02049	0.01265	0.01610	0.01051	0.00739	0.00640	0.00213	0.00976	0.00541	0.00350	0.01023
3	0.03013	0.01676	0.01998	0.01550	0.02176	0.01638	0.01266	0.19859	0.10518	0.33296	0.02630	0.02425	0.01785	0.00952	0.00786	0.00234	0.00726	0.00759	0.00857	0.11856
4	0.02527	0.01841	0.02065	0.01546	0.02224	0.01789	0.01263	0.32212	0.02773	0.09177	0.01834	0.01901	0.01355	0.00816	0.00721	0.00191	0.00750	0.00630	0.00685	0.33697
5	0.01398	0.01149	0.01727	0.02172	0.20176	0.01104	0.01267	0.01810	0.02166	0.03079	0.47245	0.04883	0.05803	0.01387	0.00912	0.00251	0.00552	0.01251	0.00750	0.00917
6	0.01247	0.00763	0.00935	0.00935	0.00935	0.00763	0.00554	0.01144	0.01144	0.01526	0.02223	0.04483	0.02502	0.51515	0.03851	0.22774	0.00763	0.01042	0.00451	0.00451

[dist]
# distance from previous block
# <min> <max>
0	2

[block]
# block no. 3 follows, 23 sequences, length 7
# corresponding to MSA columns:
# 93-99
name=unknown_D
#
# <colnr> <probs for GDERKNQSTAVLIFYWHMCP>
#	G	D	E	R	K	N	Q	S	T	A	V	L	I	F	Y	W	H	M	C	P
0	0.02016	0.08800	0.46687	0.02193	0.03162	0.18551	0.02529	0.02728	0.01855	0.02378	0.01383	0.01622	0.01033	0.00782	0.00744	0.00239	0.01242	0.00569	0.00362	0.01124
1	0.01800	0.39883	0.16772	0.01492	0.02167	0.02320	0.01573	0.02235	0.01824	0.02385	0.17404	0.02578	0.02691	0.00951	0.00683	0.00212	0.00817	0.00727	0.00483	0.01006
2	0.01229	0.00828	0.01071	0.01055	0.01241	0.00756	0.00774	0.01533	0.02076	0.06341	0.42487	0.22237	0.11548	0.01876	0.00969	0.00275	0.00424	0.01662	0.00853	0.00766
3	0.02049	0.19428	0.03533	0.04083	0.50347	0.02248	0.02215	0.02475	0.01798	0.02466	0.01427	0.01832	0.01224	0.00716	0.00733	0.00224	0.00940	0.00651	0.00388	0.01224
4	0.01721	0.01477	0.01700	0.01254	0.01945	0.01190	0.00999	0.02306	0.09016	0.02731	0.01658	0.01838	0.01350	0.00659	0.00627	0.00138	0.00606	0.00531	0.00521	0.67733
5	0.20583	0.01995	0.09379	0.01537	0.02184	0.01802	0.01381	0.18086	0.07967	0.13855	0.04310	0.02118	0.01628	0.00899	0.00717	0.00238	0.00760	0.00676	0.00682	0.09202
6	0.01760	0.01175	0.01246	0.01133	0.01451	0.03987	0.00872	0.02433	0.13159	0.11067	0.18574	0.04439	0.14154	0.01329	0.00809	0.00243	0.00519	0.01110	0.19613	0.00927

[dist]
# distance from previous block
# <min> <max>
1	15

[block]
# block no. 4 follows, 23 sequences, length 10
# corresponding to MSA columns:
# 115-124
name=unknown_E
#
# <colnr> <probs for GDERKNQSTAVLIFYWHMCP>
#	G	D	E	R	K	N	Q	S	T	A	V	L	I	F	Y	W	H	M	C	P
0	0.01247	0.00985	0.01464	0.01443	0.01637	0.00948	0.07203	0.04795	0.01782	0.02356	0.04236	0.46519	0.08119	0.02192	0.01025	0.00323	0.00626	0.11621	0.00721	0.00758
1	0.01718	0.15505	0.56763	0.02159	0.03273	0.02106	0.02729	0.02546	0.01702	0.02459	0.01401	0.01644	0.01030	0.00758	0.00729	0.00243	0.01144	0.00572	0.00343	0.01173
2	0.01111	0.00794	0.01082	0.01270	0.01371	0.00765	0.00967	0.01342	0.01675	0.02209	0.04405	0.47174	0.05099	0.02426	0.01068	0.00346	0.00577	0.24876	0.00751	0.00693
3	0.02007	0.51666	0.23135	0.01665	0.02511	0.02813	0.01871	0.02472	0.01668	0.02107	0.01226	0.01425	0.01037	0.00717	0.00596	0.00199	0.00967	0.00484	0.00346	0.01089
4	0.02008	0.01928	0.03294	0.04981	0.66422	0.01928	0.02490	0.02490	0.01848	0.02651	0.01526	0.02008	0.01285	0.00723	0.00803	0.00241	0.00964	0.00723	0.00402	0.01285
5	0.01159	0.00869	0.01304	0.01304	0.01449	0.01014	0.01014	0.01449	0.01304	0.01884	0.02173	0.03188	0.02029	0.06086	0.68268	0.01304	0.02173	0.00869	0.00435	0.00724
6	0.01008	0.00714	0.00936	0.01105	0.01147	0.00672	0.00727	0.01135	0.01516	0.02021	0.04279	0.64335	0.05123	0.09494	0.01348	0.00376	0.00503	0.02193	0.00727	0.00642
7	0.02003	0.01518	0.01766	0.01311	0.01994	0.01272	0.01052	0.06500	0.07641	0.09358	0.01822	0.01931	0.01411	0.00712	0.00657	0.00156	0.00633	0.00571	0.00587	0.57107
8	0.08859	0.01907	0.03655	0.02711	0.03340	0.01901	0.40428	0.02547	0.01808	0.09074	0.01874	0.06665	0.01532	0.00928	0.01099	0.00282	0.08886	0.00958	0.00495	0.01052
9	0.01966	0.01509	0.01633	0.01388	0.01779	0.05827	0.01094	0.11246	0.09106	0.09621	0.22915	0.04035	0.10791	0.01312	0.00965	0.00248	0.04870	0.01064	0.00767	0.07864

[dist]
# distance from previous block
# <min> <max>
4	10

[block]
# block no. 5 follows, 23 sequences, length 24
# corresponding to MSA columns:
# 135-158
name=unknown_F
#
# <colnr> <probs for GDERKNQSTAVLIFYWHMCP>
#	G	D	E	R	K	N	Q	S	T	A	V	L	I	F	Y	W	H	M	C	P
0	0.02413	0.28881	0.02818	0.01557	0.02113	0.13181	0.01333	0.08976	0.12608	0.08764	0.05378	0.02336	0.04506	0.00949	0.00704	0.00219	0.00869	0.00701	0.00592	0.01102
1	0.01750	0.14207	0.01897	0.01267	0.01700	0.01535	0.01038	0.02455	0.15113	0.07032	0.06616	0.11213	0.10832	0.01315	0.00785	0.00239	0.00608	0.04084	0.05627	0.10686
2	0.13189	0.01642	0.01631	0.01498	0.01913	0.06654	0.01194	0.05580	0.25941	0.09643	0.03203	0.07033	0.05465	0.01309	0.00832	0.00281	0.00715	0.10461	0.00745	0.01069
3	0.02138	0.68068	0.07882	0.01442	0.02165	0.03134	0.01481	0.02438	0.01652	0.01947	0.01147	0.01325	0.01041	0.00699	0.00535	0.00178	0.00887	0.00443	0.00347	0.01050
4	0.01975	0.01894	0.03234	0.09474	0.62187	0.01919	0.02474	0.02461	0.01832	0.02611	0.01520	0.02019	0.01271	0.00729	0.00804	0.00243	0.00972	0.00723	0.00399	0.01259
5	0.02008	0.01928	0.03294	0.04981	0.66422	0.01928	0.02490	0.02490	0.01848	0.02651	0.01526	0.02008	0.01285	0.00723	0.00803	0.00241	0.00964	0.00723	0.00402	0.01285
6	0.01355	0.01146	0.01353	0.01334	0.01500	0.07394	0.01022	0.01628	0.01412	0.01934	0.02126	0.03113	0.01980	0.08338	0.55653	0.01123	0.01956	0.00845	0.04053	0.00736
7	0.01532	0.01442	0.02434	0.69533	0.05589	0.01803	0.02253	0.02073	0.01622	0.02073	0.01442	0.02163	0.01082	0.00811	0.00811	0.00270	0.01082	0.00721	0.00361	0.00901
8	0.01532	0.01442	0.02434	0.69533	0.05589	0.01803	0.02253	0.02073	0.01622	0.02073	0.01442	0.02163	0.01082	0.00811	0.00811	0.00270	0.01082	0.00721	0.00361	0.00901
9	0.01717	0.15351	0.56906	0.02161	0.03277	0.02103	0.02733	0.02547	0.01703	0.02461	0.01402	0.01645	0.01030	0.00758	0.00730	0.00243	0.01145	0.00572	0.00343	0.01173
10	0.03085	0.02273	0.02435	0.01867	0.02516	0.02516	0.01542	0.63716	0.03815	0.05114	0.01948	0.01948	0.01380	0.00974	0.00812	0.00244	0.00893	0.00731	0.00812	0.01380
11	0.03641	0.01381	0.01883	0.01444	0.02071	0.01193	0.01193	0.03954	0.02322	0.66984	0.03201	0.02762	0.02009	0.01004	0.00816	0.00251	0.00690	0.00816	0.01004	0.01381
12	0.03085	0.02273	0.02435	0.01867	0.02516	0.02516	0.01542	0.63716	0.03815	0.05114	0.01948	0.01948	0.01380	0.00974	0.00812	0.00244	0.00893	0.00731	0.00812	0.01380
13	0.01133	0.00818	0.01071	0.01031	0.01209	0.00755	0.00764	0.01493	0.02226	0.03141	0.60133	0.12243	0.07438	0.01743	0.00965	0.00262	0.00391	0.01547	0.00880	0.00755
14	0.01148	0.00829	0.01085	0.01021	0.01212	0.00766	0.00766	0.01531	0.02297	0.03254	0.65994	0.06061	0.07656	0.01659	0.00957	0.00255	0.00383	0.01467	0.00893	0.00766
15	0.02169	0.71972	0.04252	0.01388	0.02083	0.03211	0.01388	0.02430	0.01649	0.01909	0.01128	0.01302	0.01041	0.00694	0.00521	0.00174	0.00868	0.00434	0.00347	0.01041
16	0.01663	0.08651	0.63138	0.02252	0.03418	0.01972	0.02892	0.02561	0.01709	0.02526	0.01435	0.01686	0.01029	0.00766	0.00754	0.00251	0.01177	0.00589	0.00343	0.01189
17	0.01161	0.00860	0.01257	0.01257	0.01386	0.00989	0.00956	0.01419	0.01290	0.01849	0.02216	0.03425	0.02132	0.13402	0.61092	0.01246	0.02018	0.00904	0.00441	0.00698
18	0.01180	0.00787	0.00885	0.00885	0.00885	0.00787	0.00492	0.01180	0.01180	0.01573	0.02557	0.05310	0.02950	0.71483	0.04130	0.00787	0.00787	0.01180	0.00492	0.00492
19	0.03185	0.02217	0.02323	0.01804	0.02433	0.06843	0.01479	0.48361	0.03431	0.16435	0.02134	0.02066	0.01474	0.00970	0.00807	0.00243	0.00895	0.00732	0.00820	0.01350
20	0.01751	0.16993	0.51931	0.02103	0.03168	0.02144	0.02604	0.02632	0.04921	0.02486	0.01488	0.01702	0.01104	0.00773	0.00726	0.00242	0.01108	0.00584	0.00368	0.01173
21	0.01882	0.36051	0.37657	0.01878	0.02840	0.02508	0.02241	0.02504	0.01683	0.02259	0.01302	0.01520	0.01034	0.00735	0.00653	0.00218	0.01043	0.00522	0.00345	0.01125
22	0.02008	0.01928	0.03294	0.04981	0.66422	0.01928	0.02490	0.02490	0.01848	0.02651	0.01526	0.02008	0.01285	0.00723	0.00803	0.00241	0.00964	0.00723	0.00402	0.01285
23	0.01755	0.01481	0.01699	0.01286	0.01936	0.01245	0.01019	0.05120	0.09822	0.02824	0.01856	0.05377	0.01583	0.00780	0.00661	0.00156	0.00613	0.00640	0.00554	0.59592

[dist]
# distance from previous block
# <min> <max>
0	2

[block]
# block no. 6 follows, 23 sequences, length 13
# corresponding to MSA columns:
# 161-173
name=unknown_G
#
# <colnr> <probs for GDERKNQSTAVLIFYWHMCP>
#	G	D	E	R	K	N	Q	S	T	A	V	L	I	F	Y	W	H	M	C	P
0	0.02801	0.01498	0.01810	0.01515	0.02038	0.01515	0.01207	0.03950	0.29003	0.36246	0.03315	0.06664	0.02395	0.01131	0.00832	0.00266	0.00658	0.00942	0.00914	0.01300
1	0.01683	0.01442	0.01683	0.01202	0.01923	0.01082	0.00961	0.02043	0.01683	0.02644	0.01442	0.01683	0.01202	0.00601	0.00601	0.00120	0.00601	0.00481	0.00481	0.76444
2	0.01159	0.00869	0.01304	0.01304	0.01449	0.01014	0.01014	0.01449	0.01304	0.01884	0.02173	0.03188	0.02029	0.06086	0.68268	0.01304	0.02173	0.00869	0.00435	0.00724
3	0.02986	0.02224	0.02379	0.01847	0.02479	0.02470	0.01518	0.58207	0.09485	0.04954	0.02074	0.02048	0.01482	0.00986	0.00813	0.00246	0.00870	0.00748	0.00813	0.01371
4	0.01036	0.00736	0.00962	0.01087	0.01156	0.00690	0.00731	0.01208	0.01655	0.02241	0.15545	0.52999	0.05561	0.08774	0.01308	0.00358	0.00484	0.02049	0.00755	0.00663
5	0.03031	0.03867	0.02299	0.02090	0.02508	0.68226	0.01568	0.03240	0.02299	0.01986	0.01254	0.01463	0.01045	0.00836	0.00732	0.00209	0.01463	0.00523	0.00418	0.00941
6	0.00986	0.00823	0.00860	0.00850	0.01113	0.00697	0.00638	0.01217	0.01913	0.02344	0.16477	0.07559	0.57741	0.01998	0.00959	0.00271	0.00407	0.01677	0.00773	0.00697
7	0.03031	0.03867	0.02299	0.02090	0.02508	0.68226	0.01568	0.03240	0.02299	0.01986	0.01254	0.01463	0.01045	0.00836	0.00732	0.00209	0.01463	0.00523	0.00418	0.00941
8	0.01054	0.00753	0.00987	0.01079	0.01173	0.00703	0.00743	0.01270	0.01787	0.02449	0.25443	0.45086	0.06017	0.06059	0.01180	0.00329	0.00458	0.01957	0.00787	0.00686
9	0.00959	0.00822	0.00822	0.00822	0.01096	0.00685	0.00617	0.01165	0.01850	0.02192	0.08220	0.07809	0.66092	0.02055	0.00959	0.00274	0.00411	0.01713	0.00754	0.00685
10	0.01016	0.00718	0.00933	0.01095	0.01135	0.00677	0.00716	0.01137	0.01500	0.02000	0.04199	0.61572	0.05021	0.12395	0.01478	0.00395	0.00516	0.02146	0.00716	0.00635
11	0.01875	0.01789	0.01771	0.01329	0.02007	0.10677	0.01048	0.02214	0.01771	0.02550	0.01415	0.01651	0.01179	0.00635	0.00620	0.00133	0.00724	0.00487	0.00472	0.65653
12	0.03046	0.03416	0.02338	0.02027	0.02511	0.49611	0.01561	0.20372	0.02729	0.02872	0.01451	0.01601	0.01140	0.00875	0.00754	0.00219	0.01302	0.00582	0.00530	0.01065

[dist]
# distance from previous block
# <min> <max>
0	1

[block]
# block no. 7 follows, 23 sequences, length 11
# corresponding to MSA columns:
# 175-185
name=unknown_H
#
# <colnr> <probs for GDERKNQSTAVLIFYWHMCP>
#	G	D	E	R	K	N	Q	S	T	A	V	L	I	F	Y	W	H	M	C	P
0	0.02352	0.01723	0.01885	0.01634	0.02133	0.01922	0.01288	0.08492	0.50630	0.13635	0.03190	0.02908	0.02324	0.01076	0.00823	0.00269	0.00668	0.00888	0.00853	0.01307
1	0.01791	0.01821	0.02742	0.02274	0.02365	0.02437	0.08646	0.02025	0.01318	0.02025	0.01129	0.01821	0.01084	0.01338	0.02473	0.00346	0.62355	0.00738	0.00361	0.00911
2	0.00989	0.00706	0.00942	0.01130	0.01177	0.00659	0.00753	0.01130	0.01554	0.02071	0.04472	0.70954	0.05367	0.02542	0.01036	0.00330	0.00471	0.02307	0.00753	0.00659
3	0.01532	0.01442	0.02434	0.69533	0.05589	0.01803	0.02253	0.02073	0.01622	0.02073	0.01442	0.02163	0.01082	0.00811	0.00811	0.00270	0.01082	0.00721	0.00361	0.00901
4	0.02018	0.01743	0.01835	0.01651	0.02110	0.02018	0.01284	0.04312	0.64956	0.03394	0.03303	0.03027	0.02477	0.01101	0.00826	0.00275	0.00642	0.00917	0.00826	0.01284
5	0.77215	0.01569	0.01193	0.01067	0.01569	0.01820	0.00879	0.02385	0.01381	0.03641	0.01130	0.01318	0.00879	0.00753	0.00502	0.00251	0.00628	0.00439	0.00502	0.00879
6	0.00989	0.00706	0.00942	0.01130	0.01177	0.00659	0.00753	0.01130	0.01554	0.02071	0.04472	0.70954	0.05367	0.02542	0.01036	0.00330	0.00471	0.02307	0.00753	0.00659
7	0.01159	0.00869	0.01304	0.01304	0.01449	0.01014	0.01014	0.01449	0.01304	0.01884	0.02173	0.03188	0.02029	0.06086	0.68268	0.01304	0.02173	0.00869	0.00435	0.00724
8	0.01532	0.01442	0.02434	0.69533	0.05589	0.01803	0.02253	0.02073	0.01622	0.02073	0.01442	0.02163	0.01082	0.00811	0.00811	0.00270	0.01082	0.00721	0.00361	0.00901
9	0.01847	0.01602	0.01941	0.01479	0.02031	0.01545	0.01204	0.08347	0.01802	0.02742	0.01409	0.01731	0.01189	0.00824	0.01087	0.00186	0.16260	0.00558	0.00486	0.51730
10	0.06116	0.02709	0.02222	0.02097	0.08237	0.30705	0.01501	0.12717	0.09392	0.05833	0.01723	0.01843	0.01334	0.00855	0.00740	0.00219	0.01065	0.00623	0.00562	0.09506

[dist]
# distance from previous block
# <min> <max>
2	17

[block]
# block no. 8 follows, 23 sequences, length 9
# corresponding to MSA columns:
# 203-211
name=unknown_I
#
# <colnr> <probs for GDERKNQSTAVLIFYWHMCP>
#	G	D	E	R	K	N	Q	S	T	A	V	L	I	F	Y	W	H	M	C	P
0	0.00959	0.00822	0.00822	0.00822	0.01096	0.00685	0.00617	0.01165	0.01850	0.02192	0.08220	0.07809	0.66092	0.02055	0.00959	0.00274	0.00411	0.01713	0.00754	0.00685
1	0.02008	0.01928	0.03294	0.04981	0.66422	0.01928	0.02490	0.02490	0.01848	0.02651	0.01526	0.02008	0.01285	0.00723	0.00803	0.00241	0.00964	0.00723	0.00402	0.01285
2	0.02187	0.01705	0.01840	0.01630	0.02106	0.01932	0.01275	0.04275	0.58439	0.10011	0.03292	0.03000	0.02428	0.01091	0.00825	0.00273	0.00647	0.00907	0.00844	0.01294
3	0.01627	0.04197	0.67279	0.02313	0.03512	0.01884	0.02998	0.02570	0.01713	0.02570	0.01456	0.01713	0.01028	0.00771	0.00771	0.00257	0.01199	0.00600	0.00343	0.01199
4	0.01683	0.01442	0.01683	0.01202	0.01923	0.01082	0.00961	0.02043	0.01683	0.02644	0.01442	0.01683	0.01202	0.00601	0.00601	0.00120	0.00601	0.00481	0.00481	0.76444
5	0.70946	0.07450	0.01448	0.01094	0.01612	0.01936	0.00921	0.02389	0.01403	0.03496	0.01130	0.01317	0.00892	0.00748	0.00504	0.00245	0.00648	0.00439	0.00489	0.00892
6	0.01333	0.00835	0.01102	0.01145	0.01316	0.00768	0.00839	0.01582	0.01882	0.09190	0.21679	0.37415	0.08890	0.02086	0.00994	0.00301	0.00488	0.06567	0.00818	0.00772
7	0.01804	0.26233	0.46787	0.02012	0.03047	0.02316	0.02475	0.02524	0.01692	0.02355	0.01349	0.01579	0.01032	0.00746	0.00690	0.00230	0.01091	0.00546	0.00344	0.01148
8	0.01625	0.01194	0.04371	0.01228	0.01576	0.01028	0.01008	0.05009	0.05271	0.10891	0.37765	0.08254	0.08387	0.01513	0.00911	0.00258	0.00527	0.03783	0.00834	0.04565

[dist]
# distance from previous block
# <min> <max>
4	21

[block]
# block no. 9 follows, 23 sequences, length 11
# corresponding to MSA columns:
# 235-245
name=unknown_J
#
# <colnr> <probs for GDERKNQSTAVLIFYWHMCP>
#	G	D	E	R	K	N	Q	S	T	A	V	L	I	F	Y	W	H	M	C	P
0	0.01915	0.02189	0.04788	0.03420	0.04241	0.02052	0.63475	0.02599	0.01915	0.02599	0.01642	0.02189	0.01231	0.00684	0.00958	0.00274	0.01368	0.00958	0.00410	0.01094
1	0.02854	0.01532	0.01850	0.01512	0.02077	0.01520	0.01215	0.03973	0.27647	0.36989	0.03126	0.02798	0.02145	0.01017	0.00806	0.00252	0.00665	0.00835	0.00897	0.06289
2	0.00989	0.00706	0.00942	0.01130	0.01177	0.00659	0.00753	0.01130	0.01554	0.02071	0.04472	0.70954	0.05367	0.02542	0.01036	0.00330	0.00471	0.02307	0.00753	0.00659
3	0.01683	0.01442	0.01683	0.01202	0.01923	0.01082	0.00961	0.02043	0.01683	0.02644	0.01442	0.01683	0.01202	0.00601	0.00601	0.00120	0.00601	0.00481	0.00481	0.76444
4	0.02151	0.57708	0.13098	0.01568	0.02315	0.07422	0.01630	0.02505	0.01702	0.02008	0.01183	0.01371	0.01040	0.00715	0.00571	0.00188	0.00955	0.00463	0.00351	0.01057
5	0.01180	0.00787	0.00885	0.00885	0.00885	0.00787	0.00492	0.01180	0.01180	0.01573	0.02557	0.05310	0.02950	0.71483	0.04130	0.00787	0.00787	0.01180	0.00492	0.00492
6	0.02018	0.01743	0.01835	0.01651	0.02110	0.02018	0.01284	0.04312	0.64956	0.03394	0.03303	0.03027	0.02477	0.01101	0.00826	0.00275	0.00642	0.00917	0.00826	0.01284
7	0.03085	0.02273	0.02435	0.01867	0.02516	0.02516	0.01542	0.63716	0.03815	0.05114	0.01948	0.01948	0.01380	0.00974	0.00812	0.00244	0.00893	0.00731	0.00812	0.01380
8	0.01148	0.00829	0.01085	0.01021	0.01212	0.00766	0.00766	0.01531	0.02297	0.03254	0.65994	0.06061	0.07656	0.01659	0.00957	0.00255	0.00383	0.01467	0.00893	0.00766
9	0.01180	0.00787	0.00885	0.00885	0.00885	0.00787	0.00492	0.01180	0.01180	0.01573	0.02557	0.05310	0.02950	0.71483	0.04130	0.00787	0.00787	0.01180	0.00492	0.00492
10	0.03075	0.02572	0.02410	0.01909	0.02515	0.14846	0.01547	0.52368	0.03531	0.04527	0.01818	0.01857	0.01317	0.00948	0.00797	0.00237	0.01000	0.00692	0.00738	0.01298

[dist]
# distance from previous block
# <min> <max>
0	7

[block]
# block no. 10 follows, 23 sequences, length 11
# corresponding to MSA columns:
# 253-263
name=unknown_K
#
# <colnr> <probs for GDERKNQSTAVLIFYWHMCP>
#	G	D	E	R	K	N	Q	S	T	A	V	L	I	F	Y	W	H	M	C	P
0	0.01219	0.00903	0.01145	0.01072	0.01285	0.00867	0.00807	0.01756	0.07352	0.03265	0.60935	0.05816	0.07238	0.01614	0.00946	0.00257	0.00404	0.01423	0.00888	0.00807
1	0.02981	0.08354	0.02465	0.01996	0.02480	0.50385	0.01550	0.15378	0.02559	0.02611	0.01385	0.01550	0.01112	0.00854	0.00733	0.00213	0.01306	0.00558	0.00492	0.01036
2	0.05774	0.02883	0.02256	0.01948	0.02380	0.33786	0.01526	0.17960	0.09828	0.02978	0.01635	0.01796	0.01290	0.00968	0.00987	0.00245	0.09484	0.00639	0.00558	0.01079
3	0.01091	0.00783	0.01043	0.01128	0.01250	0.00735	0.00823	0.01359	0.01895	0.02598	0.29655	0.37146	0.06223	0.02145	0.01013	0.00304	0.00467	0.08818	0.00810	0.00713
4	0.01178	0.00795	0.00928	0.00928	0.00942	0.00810	0.00545	0.01207	0.01193	0.01605	0.02518	0.05094	0.02856	0.64825	0.10660	0.00839	0.00928	0.01148	0.00486	0.00515
5	0.00989	0.00809	0.00873	0.00887	0.01122	0.00693	0.00654	0.01212	0.01876	0.02326	0.15862	0.15202	0.50559	0.02058	0.00968	0.00278	0.00414	0.01750	0.00773	0.00693
6	0.02008	0.01928	0.03294	0.04981	0.66422	0.01928	0.02490	0.02490	0.01848	0.02651	0.01526	0.02008	0.01285	0.00723	0.00803	0.00241	0.00964	0.00723	0.00402	0.01285
7	0.01698	0.01492	0.01889	0.01349	0.02077	0.01146	0.05109	0.02080	0.01698	0.02641	0.01455	0.01716	0.01204	0.00606	0.00625	0.00130	0.00652	0.00512	0.00476	0.71445
8	0.02153	0.45280	0.19935	0.01721	0.02504	0.11976	0.01821	0.02579	0.01756	0.02087	0.01229	0.01428	0.01038	0.00733	0.00614	0.00200	0.01035	0.00488	0.00356	0.01067
9	0.01402	0.01221	0.01288	0.01409	0.01597	0.08980	0.01132	0.01680	0.01839	0.02262	0.04359	0.23618	0.10451	0.02129	0.01036	0.00333	0.00731	0.33082	0.00710	0.00742
10	0.12360	0.01888	0.01962	0.01621	0.02165	0.04994	0.01330	0.28771	0.09584	0.11368	0.02362	0.02915	0.01881	0.01090	0.00796	0.00257	0.00801	0.07986	0.00752	0.05119

[dist]
# distance from previous block
# <min> <max>
0	25

[block]
# block no. 11 follows, 23 sequences, length 9
# corresponding to MSA columns:
# 290-298
name=unknown_L
#
# <colnr> <probs for GDERKNQSTAVLIFYWHMCP>
#	G	D	E	R	K	N	Q	S	T	A	V	L	I	F	Y	W	H	M	C	P
0	0.02259	0.32688	0.06189	0.01582	0.02189	0.02482	0.01453	0.08812	0.11127	0.08162	0.01741	0.01842	0.01383	0.00876	0.00850	0.00220	0.07646	0.00606	0.00531	0.07365
1	0.02237	0.30804	0.02871	0.01542	0.02119	0.02490	0.01336	0.06828	0.31616	0.06669	0.02321	0.02237	0.01794	0.00920	0.00698	0.00230	0.00752	0.00701	0.00638	0.01195
2	0.01745	0.18890	0.53616	0.02112	0.03202	0.02172	0.02649	0.02539	0.01699	0.02426	0.01385	0.01624	0.01031	0.00754	0.00717	0.00239	0.01127	0.00564	0.00344	0.01165
3	0.01020	0.00729	0.00978	0.01166	0.01227	0.00686	0.00808	0.01184	0.01585	0.02107	0.04455	0.64855	0.05298	0.02512	0.01044	0.00334	0.00498	0.08095	0.00753	0.00668
4	0.01759	0.01778	0.02829	0.02273	0.02514	0.02186	0.14631	0.02065	0.01424	0.02141	0.01287	0.01943	0.01171	0.01489	0.06229	0.00378	0.45600	0.00753	0.00382	0.07166
5	0.00959	0.00822	0.00822	0.00822	0.01096	0.00685	0.00617	0.01165	0.01850	0.02192	0.08220	0.07809	0.66092	0.02055	0.00959	0.00274	0.00411	0.01713	0.00754	0.00685
6	0.77215	0.01569	0.01193	0.01067	0.01569	0.01820	0.00879	0.02385	0.01381	0.03641	0.01130	0.01318	0.00879	0.00753	0.00502	0.00251	0.00628	0.00439	0.00502	0.00879
7	0.01683	0.01442	0.01683	0.01202	0.01923	0.01082	0.00961	0.02043	0.01683	0.02644	0.01442	0.01683	0.01202	0.00601	0.00601	0.00120	0.00601	0.00481	0.00481	0.76444
8	0.01818	0.01877	0.03493	0.02495	0.03274	0.01647	0.37407	0.02367	0.01818	0.02618	0.01558	0.01978	0.01219	0.00649	0.00809	0.00210	0.01048	0.00759	0.00440	0.32515

[dist]
# distance from previous block
# <min> <max>
0	2

[block]
# block no. 12 follows, 23 sequences, length 10
# corresponding to MSA columns:
# 301-310
name=unknown_M
#
# <colnr> <probs for GDERKNQSTAVLIFYWHMCP>
#	G	D	E	R	K	N	Q	S	T	A	V	L	I	F	Y	W	H	M	C	P
0	0.01923	0.02168	0.04670	0.03543	0.09150	0.02042	0.58660	0.02591	0.01910	0.02603	0.01632	0.02175	0.01235	0.00687	0.00945	0.00271	0.01336	0.00939	0.00410	0.01109
1	0.01655	0.01443	0.01825	0.01331	0.02017	0.01115	0.04702	0.02022	0.01689	0.02607	0.01636	0.05871	0.01454	0.00722	0.00648	0.00142	0.00639	0.00619	0.00493	0.67371
2	0.02104	0.02107	0.04203	0.03020	0.03807	0.01990	0.50059	0.08683	0.02109	0.06152	0.01739	0.02161	0.01284	0.00724	0.00913	0.00259	0.01236	0.00897	0.00485	0.06068
3	0.01395	0.00884	0.01164	0.01063	0.01297	0.00808	0.00808	0.01771	0.02299	0.09563	0.59777	0.05735	0.07097	0.01594	0.00943	0.00255	0.00413	0.01403	0.00904	0.00827
4	0.01159	0.00869	0.01304	0.01304	0.01449	0.01014	0.01014	0.01449	0.01304	0.01884	0.02173	0.03188	0.02029	0.06086	0.68268	0.01304	0.02173	0.00869	0.00435	0.00724
5	0.01850	0.01997	0.03721	0.02822	0.03263	0.02253	0.34885	0.02300	0.01604	0.02300	0.01374	0.01997	0.01154	0.01025	0.01748	0.00311	0.33169	0.00843	0.00385	0.00999
6	0.01256	0.00897	0.01249	0.01436	0.01600	0.00890	0.01218	0.01593	0.01817	0.02371	0.04325	0.19084	0.04782	0.02290	0.01107	0.00367	0.00703	0.51535	0.00748	0.00733
7	0.01826	0.01438	0.01697	0.01220	0.01934	0.01090	0.00978	0.02184	0.01730	0.07371	0.01571	0.01762	0.01261	0.00631	0.00617	0.00130	0.00608	0.00505	0.00519	0.70929
8	0.06406	0.00878	0.00963	0.00926	0.01180	0.00800	0.00700	0.01411	0.02012	0.02758	0.32993	0.06588	0.35943	0.01790	0.00926	0.00264	0.00414	0.01516	0.00797	0.00734
9	0.06932	0.02019	0.02071	0.01642	0.02247	0.06625	0.01327	0.29439	0.12391	0.11341	0.02120	0.02093	0.01539	0.00911	0.00755	0.00226	0.00806	0.00696	0.00735	0.14083

[dist]
# distance from previous block
# <min> <max>
2	6

[block]
# block no. 13 follows, 23 sequences, length 7
# corresponding to MSA columns:
# 317-323
name=unknown_N
#
# <colnr> <probs for GDERKNQSTAVLIFYWHMCP>
#	G	D	E	R	K	N	Q	S	T	A	V	L	I	F	Y	W	H	M	C	P
0	0.02307	0.19980	0.02586	0.01631	0.02196	0.09177	0.01358	0.13036	0.27970	0.03089	0.02185	0.02155	0.01695	0.00913	0.00720	0.00226	0.00822	0.00692	0.00634	0.06629
1	0.01203	0.00859	0.01188	0.01375	0.01516	0.00844	0.01126	0.01500	0.01765	0.02311	0.04354	0.29415	0.04898	0.02340	0.01093	0.00359	0.00657	0.41730	0.00749	0.00718
2	0.02244	0.01832	0.01968	0.01632	0.02186	0.01990	0.01297	0.19677	0.37914	0.03722	0.02625	0.02511	0.01968	0.00982	0.00783	0.00240	0.00702	0.00793	0.00763	0.14172
3	0.01059	0.00746	0.00970	0.01123	0.01177	0.00712	0.00764	0.01198	0.01518	0.02017	0.04096	0.52051	0.04840	0.15384	0.01623	0.00420	0.00559	0.08402	0.00704	0.00637
4	0.02876	0.02149	0.02323	0.01768	0.02428	0.02303	0.01456	0.54555	0.03498	0.04747	0.01873	0.01909	0.01353	0.00919	0.00780	0.00225	0.00850	0.00693	0.00763	0.12530
5	0.06021	0.01920	0.02483	0.02096	0.02241	0.05881	0.04634	0.05533	0.04415	0.02315	0.01257	0.01821	0.01144	0.01279	0.02177	0.00328	0.52387	0.00708	0.00415	0.00945
6	0.15089	0.02197	0.02144	0.01723	0.02307	0.06824	0.01401	0.41745	0.11331	0.04433	0.01944	0.01953	0.01419	0.00945	0.00757	0.00247	0.00855	0.00693	0.00736	0.01255

[dist]
# distance from previous block
# <min> <max>
4	8

[block]
# block no. 14 follows, 23 sequences, length 10
# corresponding to MSA columns:
# 332-341
name=unknown_O
#
# <colnr> <probs for GDERKNQSTAVLIFYWHMCP>
#	G	D	E	R	K	N	Q	S	T	A	V	L	I	F	Y	W	H	M	C	P
0	0.11952	0.01864	0.02100	0.01661	0.02221	0.02027	0.01369	0.30828	0.06379	0.22107	0.02208	0.02150	0.01534	0.01001	0.00933	0.00258	0.06615	0.00729	0.00792	0.01273
1	0.17120	0.02611	0.02015	0.01724	0.02236	0.27757	0.01352	0.15794	0.09074	0.07420	0.01728	0.01797	0.01305	0.00879	0.00715	0.00231	0.01013	0.00610	0.00601	0.04018
2	0.49050	0.01782	0.01631	0.01345	0.01902	0.02003	0.01110	0.22018	0.02215	0.08029	0.01519	0.01608	0.01108	0.00839	0.00620	0.00249	0.00716	0.00555	0.00632	0.01069
3	0.01581	0.01472	0.02374	0.62803	0.05244	0.01824	0.02157	0.02295	0.07901	0.02204	0.01627	0.02249	0.01220	0.00840	0.00813	0.00271	0.01038	0.00741	0.00407	0.00939
4	0.02307	0.01734	0.01884	0.01640	0.02134	0.01946	0.01291	0.08532	0.52381	0.11826	0.03192	0.02915	0.02337	0.01079	0.00823	0.00270	0.00666	0.00891	0.00848	0.01304
5	0.01308	0.00934	0.01308	0.01494	0.01681	0.00934	0.01308	0.01681	0.01868	0.02428	0.04296	0.09153	0.04670	0.02242	0.01121	0.00374	0.00747	0.60960	0.00747	0.00747
6	0.01149	0.00914	0.01231	0.01317	0.01379	0.00996	0.00968	0.01319	0.01541	0.02087	0.04055	0.50888	0.07485	0.02302	0.01317	0.00335	0.12378	0.06950	0.00685	0.00707
7	0.02800	0.03383	0.02194	0.01990	0.02418	0.53143	0.01503	0.03484	0.16573	0.02307	0.01721	0.01820	0.01371	0.00896	0.00753	0.00224	0.01276	0.00613	0.00511	0.01019
8	0.00986	0.00717	0.00931	0.01102	0.01170	0.00661	0.00741	0.01133	0.01581	0.02082	0.04815	0.65182	0.10917	0.02498	0.01029	0.00324	0.00465	0.02252	0.00753	0.00661
9	0.35471	0.02704	0.01829	0.01621	0.02099	0.32655	0.01264	0.08883	0.02049	0.03021	0.01269	0.01448	0.01006	0.00814	0.00639	0.00231	0.01041	0.00507	0.00494	0.00957

[dist]
# distance from previous block
# <min> <max>
0	22

[block]
# block no. 15 follows, 23 sequences, length 10
# corresponding to MSA columns:
# 364-373
name=unknown_P
#
# <colnr> <probs for GDERKNQSTAVLIFYWHMCP>
#	G	D	E	R	K	N	Q	S	T	A	V	L	I	F	Y	W	H	M	C	P
0	0.55527	0.01639	0.01473	0.01237	0.01779	0.01821	0.01020	0.11223	0.01867	0.13573	0.01563	0.01628	0.01122	0.00823	0.00594	0.00250	0.00674	0.00538	0.00623	0.01026
1	0.20113	0.11200	0.12125	0.01722	0.02374	0.14866	0.01583	0.18736	0.04730	0.03328	0.01501	0.01635	0.01146	0.00836	0.00683	0.00233	0.00973	0.00574	0.00537	0.01106
2	0.01168	0.00834	0.01124	0.01124	0.01207	0.00916	0.00790	0.01333	0.01251	0.01750	0.02338	0.04100	0.02424	0.34183	0.40711	0.01082	0.01578	0.01003	0.00459	0.00624
3	0.01443	0.00927	0.01242	0.01281	0.01512	0.00877	0.01058	0.01788	0.02017	0.08865	0.22103	0.10605	0.10336	0.01956	0.01027	0.00318	0.00597	0.30430	0.00814	0.00804
4	0.01213	0.00887	0.01185	0.01332	0.01516	0.00858	0.01118	0.01536	0.01850	0.02393	0.07850	0.15843	0.13822	0.02221	0.01080	0.00348	0.00649	0.42814	0.00756	0.00729
5	0.02423	0.01536	0.01900	0.01467	0.02045	0.01447	0.01194	0.06357	0.07079	0.23177	0.02134	0.02161	0.01555	0.00891	0.00952	0.00210	0.09151	0.00665	0.00678	0.32978
6	0.01936	0.11648	0.52018	0.02100	0.03171	0.01952	0.02592	0.02723	0.01780	0.10385	0.01632	0.01794	0.01150	0.00791	0.00748	0.00247	0.01099	0.00607	0.00424	0.01203
7	0.01855	0.02110	0.10635	0.02162	0.02627	0.02073	0.11681	0.06568	0.01678	0.02492	0.01342	0.01829	0.01136	0.01032	0.01625	0.00277	0.32161	0.00694	0.00419	0.15605
8	0.01438	0.01292	0.02146	0.01762	0.01991	0.01371	0.16278	0.01692	0.01499	0.02081	0.07429	0.09243	0.02758	0.28136	0.05854	0.00536	0.12091	0.01149	0.00501	0.00752
9	0.01522	0.01145	0.01759	0.01557	0.01872	0.01144	0.08646	0.01979	0.06131	0.07484	0.02859	0.19507	0.02814	0.03183	0.25037	0.00646	0.01243	0.03810	0.00600	0.07058

[dist]
# distance from previous block
# <min> <max>
1	21

[block]
# block no. 16 follows, 23 sequences, length 26
# corresponding to MSA columns:
# 398-423
name=unknown_Q
#
# <colnr> <probs for GDERKNQSTAVLIFYWHMCP>
#	G	D	E	R	K	N	Q	S	T	A	V	L	I	F	Y	W	H	M	C	P
0	0.02478	0.01707	0.02052	0.01659	0.02236	0.01763	0.04442	0.11303	0.30823	0.18253	0.02769	0.02603	0.01992	0.00973	0.00798	0.00244	0.00717	0.00813	0.00797	0.11577
1	0.11158	0.01772	0.03135	0.02306	0.03008	0.01657	0.29667	0.03157	0.02030	0.30360	0.02253	0.02337	0.01525	0.00829	0.00845	0.00261	0.00994	0.00838	0.00676	0.01193
2	0.01683	0.01442	0.01683	0.01202	0.01923	0.01082	0.00961	0.02043	0.01683	0.02644	0.01442	0.01683	0.01202	0.00601	0.00601	0.00120	0.00601	0.00481	0.00481	0.76444
3	0.01731	0.01715	0.02398	0.02074	0.02077	0.02383	0.01718	0.01906	0.01260	0.01959	0.01257	0.05670	0.01307	0.01483	0.02571	0.00354	0.66084	0.00800	0.00377	0.00875
4	0.03085	0.02273	0.02435	0.01867	0.02516	0.02516	0.01542	0.63716	0.03815	0.05114	0.01948	0.01948	0.01380	0.00974	0.00812	0.00244	0.00893	0.00731	0.00812	0.01380
5	0.00989	0.00706	0.00942	0.01130	0.01177	0.00659	0.00753	0.01130	0.01554	0.02071	0.04472	0.70954	0.05367	0.02542	0.01036	0.00330	0.00471	0.02307	0.00753	0.00659
6	0.01683	0.01442	0.01683	0.01202	0.01923	0.01082	0.00961	0.02043	0.01683	0.02644	0.01442	0.01683	0.01202	0.00601	0.00601	0.00120	0.00601	0.00481	0.00481	0.76444
7	0.01683	0.01442	0.01683	0.01202	0.01923	0.01082	0.00961	0.02043	0.01683	0.02644	0.01442	0.01683	0.01202	0.00601	0.00601	0.00120	0.00601	0.00481	0.00481	0.76444
8	0.03085	0.02273	0.02435	0.01867	0.02516	0.02516	0.01542	0.63716	0.03815	0.05114	0.01948	0.01948	0.01380	0.00974	0.00812	0.00244	0.00893	0.00731	0.00812	0.01380
9	0.01683	0.01442	0.01683	0.01202	0.01923	0.01082	0.00961	0.02043	0.01683	0.02644	0.01442	0.01683	0.01202	0.00601	0.00601	0.00120	0.00601	0.00481	0.00481	0.76444
10	0.01683	0.01442	0.01683	0.01202	0.01923	0.01082	0.00961	0.02043	0.01683	0.02644	0.01442	0.01683	0.01202	0.00601	0.00601	0.00120	0.00601	0.00481	0.00481	0.76444
11	0.03031	0.03867	0.02299	0.02090	0.02508	0.68226	0.01568	0.03240	0.02299	0.01986	0.01254	0.01463	0.01045	0.00836	0.00732	0.00209	0.01463	0.00523	0.00418	0.00941
12	0.03085	0.02273	0.02435	0.01867	0.02516	0.02516	0.01542	0.63716	0.03815	0.05114	0.01948	0.01948	0.01380	0.00974	0.00812	0.00244	0.00893	0.00731	0.00812	0.01380
13	0.01915	0.02189	0.04788	0.03420	0.04241	0.02052	0.63475	0.02599	0.01915	0.02599	0.01642	0.02189	0.01231	0.00684	0.00958	0.00274	0.01368	0.00958	0.00410	0.01094
14	0.01683	0.01442	0.01683	0.01202	0.01923	0.01082	0.00961	0.02043	0.01683	0.02644	0.01442	0.01683	0.01202	0.00601	0.00601	0.00120	0.00601	0.00481	0.00481	0.76444
15	0.69115	0.01602	0.01301	0.01134	0.01651	0.01830	0.00934	0.06112	0.01573	0.06905	0.01282	0.01428	0.00965	0.00779	0.00536	0.00251	0.00647	0.00476	0.00546	0.00934
16	0.03085	0.02273	0.02435	0.01867	0.02516	0.02516	0.01542	0.63716	0.03815	0.05114	0.01948	0.01948	0.01380	0.00974	0.00812	0.00244	0.00893	0.00731	0.00812	0.01380
17	0.01683	0.01442	0.01683	0.01202	0.01923	0.01082	0.00961	0.02043	0.01683	0.02644	0.01442	0.01683	0.01202	0.00601	0.00601	0.00120	0.00601	0.00481	0.00481	0.76444
18	0.01893	0.37383	0.36418	0.01860	0.02812	0.02534	0.02210	0.02501	0.01682	0.02246	0.01296	0.01512	0.01034	0.00733	0.00648	0.00216	0.01037	0.00518	0.00345	0.01122
19	0.34852	0.02622	0.01774	0.01591	0.02058	0.32196	0.01235	0.02975	0.05685	0.06200	0.01427	0.01564	0.01111	0.00825	0.00643	0.00233	0.01014	0.00526	0.00510	0.00958
20	0.01899	0.02142	0.04530	0.03275	0.04004	0.02101	0.56555	0.02527	0.01840	0.02527	0.01577	0.02142	0.01213	0.00767	0.01149	0.00283	0.09065	0.00930	0.00404	0.01071
21	0.07206	0.01417	0.01829	0.01418	0.02036	0.01266	0.01164	0.03746	0.05950	0.54934	0.02964	0.02619	0.01915	0.00966	0.00784	0.00242	0.00677	0.00777	0.00927	0.07164
22	0.01735	0.15323	0.53775	0.02287	0.06281	0.02106	0.02707	0.02543	0.01709	0.02464	0.01405	0.01659	0.01042	0.00756	0.00731	0.00242	0.01133	0.00578	0.00346	0.01177
23	0.01038	0.00752	0.00995	0.01152	0.01238	0.00693	0.00792	0.01201	0.01576	0.02117	0.04323	0.64484	0.05137	0.02436	0.01020	0.00322	0.00491	0.05322	0.00740	0.04168
24	0.00978	0.00749	0.00898	0.01017	0.01147	0.00669	0.00703	0.01143	0.01662	0.02116	0.05851	0.47726	0.27705	0.02363	0.01007	0.00309	0.00449	0.02088	0.00753	0.00669
25	0.02821	0.02395	0.02222	0.01832	0.02385	0.15012	0.01461	0.33295	0.19576	0.07230	0.02236	0.02181	0.01637	0.00982	0.00800	0.00246	0.00927	0.00744	0.00749	0.01270

[dist]
# distance from previous block
# <min> <max>
11	37

[block]
# block no. 17 follows, 23 sequences, length 10
# corresponding to MSA columns:
# 461-470
name=unknown_R
#
# <colnr> <probs for GDERKNQSTAVLIFYWHMCP>
#	G	D	E	R	K	N	Q	S	T	A	V	L	I	F	Y	W	H	M	C	P
0	0.48611	0.01759	0.05316	0.01954	0.14605	0.01802	0.01340	0.02506	0.06035	0.03346	0.04899	0.01856	0.01449	0.00822	0.00625	0.00251	0.00714	0.00594	0.00517	0.01000
1	0.01260	0.00911	0.01141	0.01173	0.01420	0.00825	0.00940	0.01553	0.01879	0.04857	0.13077	0.16048	0.21985	0.01993	0.00995	0.00302	0.00556	0.22229	0.00759	0.06094
2	0.01869	0.01730	0.02898	0.04287	0.53535	0.01730	0.02255	0.02329	0.01852	0.02607	0.02078	0.03430	0.01959	0.01025	0.00866	0.00267	0.00921	0.12713	0.00470	0.01178
3	0.04881	0.01006	0.01234	0.01137	0.01454	0.00906	0.00905	0.01677	0.02016	0.02915	0.33979	0.05690	0.09599	0.01547	0.00897	0.00252	0.00511	0.12815	0.00754	0.15825
4	0.25959	0.01537	0.01603	0.01353	0.01889	0.01604	0.01092	0.03212	0.20049	0.17249	0.02372	0.02468	0.01773	0.00942	0.00701	0.00244	0.00646	0.02889	0.00712	0.11705
5	0.33927	0.01856	0.02478	0.01949	0.02448	0.02105	0.16005	0.10956	0.01822	0.03264	0.01353	0.01704	0.01070	0.00901	0.01084	0.00276	0.14649	0.00657	0.00495	0.01002
6	0.01534	0.01110	0.01386	0.01423	0.01646	0.01139	0.01133	0.13809	0.02130	0.02820	0.03899	0.32386	0.04293	0.02109	0.01025	0.00330	0.00666	0.25561	0.00762	0.00838
7	0.02463	0.02084	0.02795	0.02172	0.02727	0.02324	0.13853	0.31462	0.14832	0.03839	0.02024	0.02179	0.01517	0.01003	0.01103	0.00271	0.10636	0.00809	0.00670	0.01236
8	0.01807	0.01395	0.01733	0.01424	0.01914	0.01295	0.01170	0.05479	0.01824	0.07125	0.02233	0.05961	0.02103	0.01152	0.01000	0.00223	0.09124	0.12655	0.00584	0.39798
9	0.01795	0.01833	0.02808	0.02311	0.02426	0.02425	0.10433	0.02043	0.01337	0.02043	0.01146	0.01833	0.01088	0.01317	0.02424	0.00344	0.60368	0.00745	0.00363	0.00917

[dist]
# distance from previous block
# <min> <max>
0	3

[block]
# block no. 18 follows, 23 sequences, length 114
# corresponding to MSA columns:
# 474-587
name=unknown_S
#
# <colnr> <probs for GDERKNQSTAVLIFYWHMCP>
#	G	D	E	R	K	N	Q	S	T	A	V	L	I	F	Y	W	H	M	C	P
0	0.03242	0.01698	0.02047	0.01583	0.02188	0.01691	0.01302	0.27641	0.02917	0.37772	0.07146	0.02671	0.02157	0.01039	0.00824	0.00248	0.00749	0.00828	0.00920	0.01337
1	0.01138	0.00815	0.01106	0.01249	0.01375	0.00782	0.00966	0.01411	0.01806	0.02419	0.15462	0.35851	0.05514	0.02269	0.01054	0.00333	0.00560	0.24403	0.00776	0.00712
2	0.00998	0.00720	0.00946	0.01107	0.01176	0.00668	0.00747	0.01160	0.01620	0.02161	0.09009	0.63307	0.08465	0.02456	0.01026	0.00322	0.00462	0.02219	0.00763	0.00668
