[name]
unknown

[dist]
# distance from previous block
# <min> <max>
8	117

[block]
# block no. 0 follows, 25 sequences, length 9
# corresponding to MSA columns:
# 128-136
name=unknown_A
#
# <colnr> <probs for GDERKNQSTAVLIFYWHMCP>
#	G	D	E	R	K	N	Q	S	T	A	V	L	I	F	Y	W	H	M	C	P
0	0.02414	0.01938	0.01925	0.01581	0.02066	0.08826	0.01265	0.34482	0.12502	0.06106	0.11273	0.02926	0.07038	0.01099	0.00799	0.00238	0.00768	0.00869	0.00752	0.01135
1	0.01219	0.00957	0.01060	0.01002	0.01263	0.00888	0.00746	0.05959	0.04176	0.02342	0.08403	0.12488	0.32709	0.11890	0.01323	0.00328	0.00523	0.05026	0.00676	0.07023
2	0.07715	0.08122	0.02003	0.01525	0.01987	0.11734	0.01221	0.22555	0.08836	0.09490	0.02433	0.12894	0.03899	0.01150	0.00758	0.00240	0.00795	0.00910	0.00670	0.01061
3	0.01969	0.01761	0.02063	0.01576	0.02178	0.07354	0.07866	0.15518	0.02105	0.02921	0.01745	0.08022	0.01531	0.00844	0.00701	0.00181	0.00772	0.00718	0.00538	0.39637
4	0.07717	0.01464	0.01758	0.07474	0.02202	0.01421	0.01197	0.08437	0.08025	0.21742	0.07871	0.10124	0.02616	0.03491	0.00949	0.00288	0.00715	0.00975	0.00780	0.10754
5	0.26088	0.05304	0.01456	0.01149	0.01577	0.01361	0.00917	0.02307	0.07001	0.11596	0.11438	0.12092	0.02672	0.01116	0.00691	0.00232	0.00564	0.00897	0.00644	0.10896
6	0.02315	0.06547	0.02046	0.01636	0.02086	0.28591	0.03305	0.07134	0.09182	0.07226	0.07548	0.04830	0.05673	0.01001	0.00744	0.00216	0.00939	0.00776	0.00576	0.07630
7	0.02151	0.01626	0.01928	0.11808	0.02522	0.01653	0.01305	0.23061	0.07856	0.07019	0.01844	0.01995	0.01379	0.00801	0.00699	0.00198	0.00732	0.00640	0.04610	0.26174
8	0.08597	0.01399	0.01687	0.01374	0.01751	0.01443	0.05418	0.18080	0.05054	0.08292	0.07491	0.03283	0.02332	0.24135	0.01785	0.00399	0.00748	0.00887	0.00628	0.05219

[dist]
# distance from previous block
# <min> <max>
7	36

[block]
# block no. 1 follows, 25 sequences, length 15
# corresponding to MSA columns:
# 174-188
name=unknown_B
#
# <colnr> <probs for GDERKNQSTAVLIFYWHMCP>
#	G	D	E	R	K	N	Q	S	T	A	V	L	I	F	Y	W	H	M	C	P
0	0.08736	0.10777	0.01771	0.01557	0.08353	0.01407	0.01072	0.08582	0.01758	0.02537	0.02759	0.34588	0.03010	0.01527	0.00790	0.00254	0.00612	0.01322	0.03046	0.05543
1	0.01725	0.36674	0.02648	0.01294	0.01687	0.06531	0.01126	0.01956	0.01578	0.01975	0.05845	0.12683	0.02209	0.03974	0.07163	0.00324	0.04511	0.00843	0.04403	0.00850
2	0.05372	0.20121	0.04142	0.01328	0.01819	0.04229	0.01151	0.13485	0.02093	0.13030	0.05219	0.10286	0.08045	0.01131	0.00716	0.00225	0.00700	0.00896	0.05011	0.01000
3	0.02354	0.09526	0.02031	0.01437	0.01925	0.01845	0.01182	0.33586	0.02685	0.10255	0.02859	0.11351	0.08711	0.01197	0.00773	0.00236	0.00703	0.00963	0.05291	0.01092
4	0.01967	0.01311	0.01562	0.04074	0.01801	0.01368	0.01054	0.22729	0.02241	0.10262	0.04742	0.20450	0.02785	0.12439	0.05297	0.00390	0.00770	0.01177	0.00692	0.02889
5	0.27356	0.08339	0.02184	0.01540	0.02098	0.01821	0.09862	0.14167	0.02048	0.13341	0.04792	0.02247	0.05294	0.00890	0.00686	0.00236	0.00753	0.00706	0.00612	0.01030
6	0.01127	0.00926	0.00930	0.00950	0.01079	0.04811	0.00636	0.01253	0.01539	0.01917	0.08720	0.19015	0.24380	0.26986	0.01989	0.00441	0.00589	0.01486	0.00621	0.00604
7	0.08840	0.05742	0.02049	0.01431	0.02054	0.01578	0.04892	0.12684	0.01911	0.02929	0.01406	0.01632	0.01134	0.00702	0.00728	0.00171	0.04735	0.00533	0.00496	0.44353
8	0.01274	0.03350	0.01145	0.01071	0.01280	0.00895	0.00813	0.01599	0.05405	0.06157	0.11300	0.18039	0.20944	0.11609	0.01341	0.00348	0.00545	0.11454	0.00703	0.00727
9	0.02208	0.51688	0.11002	0.01522	0.02200	0.11980	0.01514	0.02527	0.01705	0.05722	0.01244	0.01390	0.01047	0.00707	0.00569	0.00184	0.00934	0.00465	0.00376	0.01017
10	0.08847	0.46427	0.14211	0.01519	0.02224	0.07428	0.01557	0.06042	0.01727	0.02257	0.01184	0.01357	0.00998	0.00706	0.00566	0.00192	0.00903	0.00464	0.00375	0.01018
11	0.01347	0.00673	0.01010	0.01010	0.01010	0.00673	0.00673	0.01010	0.01010	0.01347	0.01347	0.02357	0.01347	0.02694	0.03030	0.77441	0.00673	0.00673	0.00337	0.00337
12	0.02073	0.73217	0.04063	0.01327	0.01990	0.03068	0.01327	0.02322	0.01575	0.01824	0.01078	0.01244	0.00995	0.00663	0.00498	0.00166	0.00829	0.00415	0.00332	0.00995
13	0.02017	0.66647	0.03904	0.07688	0.02296	0.02945	0.01402	0.02291	0.01573	0.01839	0.01105	0.01319	0.00999	0.00674	0.00523	0.00174	0.00848	0.00440	0.00333	0.00983
14	0.01060	0.00737	0.00896	0.00950	0.00989	0.00730	0.00597	0.01136	0.01278	0.01704	0.03231	0.25344	0.06639	0.41839	0.08913	0.00640	0.00764	0.01452	0.00553	0.00548

[dist]
# distance from previous block
# <min> <max>
3	6

[block]
# block no. 2 follows, 25 sequences, length 9
# corresponding to MSA columns:
# 195-203
name=unknown_C
#
# <colnr> <probs for GDERKNQSTAVLIFYWHMCP>
#	G	D	E	R	K	N	Q	S	T	A	V	L	I	F	Y	W	H	M	C	P
0	0.01915	0.01619	0.01714	0.01502	0.01958	0.01806	0.01176	0.09249	0.51114	0.03248	0.03313	0.03096	0.07640	0.01085	0.00784	0.00250	0.00614	0.00896	0.00760	0.06259
1	0.01715	0.01441	0.01665	0.01199	0.01883	0.01143	0.00963	0.07012	0.01770	0.02715	0.01417	0.01628	0.01162	0.00603	0.00590	0.00124	0.00596	0.00478	0.00485	0.71410
2	0.01793	0.01203	0.01376	0.01203	0.01528	0.04070	0.00935	0.07109	0.08861	0.14076	0.39368	0.04552	0.08016	0.01359	0.00859	0.00243	0.00524	0.01162	0.00832	0.00929
3	0.01936	0.01928	0.03130	0.09002	0.56023	0.05563	0.06291	0.02398	0.01779	0.02458	0.01446	0.01911	0.01199	0.00700	0.00774	0.00232	0.00979	0.00694	0.00383	0.01174
4	0.29839	0.04356	0.01548	0.01223	0.01702	0.01575	0.00999	0.09194	0.08939	0.17157	0.07580	0.02731	0.08138	0.01011	0.00684	0.00241	0.00612	0.00766	0.00692	0.01014
5	0.01889	0.02060	0.07855	0.14530	0.48998	0.06466	0.02321	0.02373	0.01752	0.02399	0.01423	0.01885	0.01164	0.00715	0.00762	0.00234	0.00988	0.00669	0.00375	0.01143
6	0.08195	0.02356	0.01845	0.01616	0.02021	0.29526	0.01255	0.08091	0.09827	0.10864	0.06849	0.02209	0.01841	0.00946	0.00796	0.00226	0.04027	0.00682	0.05837	0.00993
7	0.02265	0.16956	0.02376	0.01677	0.06484	0.04679	0.01295	0.17895	0.10127	0.10463	0.09591	0.05695	0.02290	0.01002	0.00733	0.00222	0.00738	0.00803	0.00655	0.04054
8	0.08164	0.01927	0.02222	0.01740	0.02317	0.02087	0.06236	0.39986	0.12256	0.04080	0.02036	0.04878	0.01571	0.00949	0.00762	0.00235	0.00799	0.00766	0.00703	0.06285

[dist]
# distance from previous block
# <min> <max>
2	4

[block]
# block no. 3 follows, 25 sequences, length 7
# corresponding to MSA columns:
# 208-214
name=unknown_D
#
# <colnr> <probs for GDERKNQSTAVLIFYWHMCP>
#	G	D	E	R	K	N	Q	S	T	A	V	L	I	F	Y	W	H	M	C	P
0	0.21945	0.16047	0.17312	0.01596	0.02280	0.01951	0.05986	0.07679	0.01818	0.08297	0.06887	0.01938	0.01589	0.00817	0.00657	0.00228	0.00824	0.00622	0.00506	0.01024
1	0.01700	0.10706	0.02317	0.02197	0.16800	0.07276	0.05760	0.02249	0.09249	0.02436	0.10220	0.08913	0.09646	0.01151	0.00790	0.00235	0.00759	0.02496	0.00556	0.04545
2	0.02339	0.01934	0.02055	0.01827	0.06621	0.08167	0.01367	0.34037	0.02668	0.03563	0.02176	0.07901	0.04629	0.01081	0.00912	0.00235	0.06616	0.00829	0.04560	0.06483
3	0.21699	0.01677	0.06921	0.09698	0.08506	0.01575	0.06630	0.02412	0.08721	0.05156	0.08320	0.02243	0.01841	0.00833	0.00696	0.00230	0.00754	0.00696	0.00523	0.10868
4	0.01905	0.01865	0.07996	0.15096	0.29312	0.04373	0.01950	0.02524	0.07729	0.07872	0.01856	0.05634	0.01521	0.00850	0.00765	0.00235	0.00881	0.00759	0.00480	0.06396
5	0.05955	0.08552	0.02301	0.01977	0.10892	0.07682	0.01420	0.26642	0.07847	0.06375	0.04183	0.02288	0.05195	0.00926	0.00733	0.00223	0.00812	0.00723	0.00631	0.04644
6	0.04199	0.01438	0.01586	0.01335	0.01749	0.03190	0.01045	0.15010	0.14676	0.16740	0.09983	0.05202	0.02610	0.07075	0.01030	0.00278	0.00644	0.00895	0.07819	0.03498

[dist]
# distance from previous block
# <min> <max>
38	92

[block]
# block no. 4 follows, 25 sequences, length 14
# corresponding to MSA columns:
# 322-335
name=unknown_E
#
# <colnr> <probs for GDERKNQSTAVLIFYWHMCP>
#	G	D	E	R	K	N	Q	S	T	A	V	L	I	F	Y	W	H	M	C	P
0	0.01754	0.09388	0.32642	0.02119	0.09138	0.01847	0.02066	0.10003	0.06804	0.02677	0.01878	0.08695	0.01610	0.01215	0.04525	0.00298	0.01001	0.00781	0.00466	0.01092
1	0.01505	0.13926	0.06212	0.01601	0.02099	0.01493	0.13468	0.01897	0.01737	0.02405	0.17341	0.08717	0.03013	0.03618	0.05356	0.00300	0.00837	0.00960	0.00529	0.12984
2	0.29072	0.14133	0.25955	0.01727	0.06544	0.01926	0.01732	0.02292	0.01529	0.02704	0.01587	0.01775	0.04596	0.00783	0.00617	0.00230	0.00843	0.00558	0.00408	0.00990
3	0.01897	0.39347	0.20824	0.01560	0.02278	0.02275	0.01691	0.02340	0.01684	0.06441	0.04723	0.02404	0.01696	0.00894	0.00657	0.00215	0.00870	0.06753	0.00434	0.01016
4	0.02551	0.02181	0.08661	0.01742	0.02356	0.02157	0.01528	0.47891	0.08773	0.04293	0.05694	0.02197	0.01743	0.01134	0.03241	0.00273	0.00877	0.00746	0.00725	0.01238
5	0.08667	0.01250	0.01424	0.01123	0.01665	0.01020	0.00872	0.01810	0.01556	0.02508	0.01923	0.15546	0.01907	0.00955	0.00648	0.00166	0.00552	0.00801	0.00513	0.55095
6	0.01272	0.00846	0.01034	0.00996	0.01241	0.00755	0.00771	0.01558	0.01967	0.09000	0.30122	0.09519	0.28392	0.01757	0.00921	0.00265	0.00443	0.07591	0.00795	0.00754
7	0.01797	0.01743	0.02402	0.12855	0.28801	0.08741	0.03772	0.02387	0.08249	0.02399	0.02185	0.05415	0.02026	0.01080	0.00833	0.00262	0.00914	0.12626	0.00494	0.01019
8	0.01530	0.01308	0.01794	0.07830	0.15044	0.01261	0.01314	0.02074	0.08589	0.02478	0.08323	0.05130	0.04357	0.07040	0.01040	0.00266	0.00689	0.07604	0.00548	0.21781
9	0.01782	0.01372	0.01585	0.01457	0.03567	0.01425	0.01123	0.07617	0.27014	0.06783	0.12289	0.04110	0.08026	0.01254	0.00825	0.00251	0.00600	0.08607	0.00744	0.09569
10	0.07641	0.01778	0.02411	0.32846	0.22865	0.08423	0.01969	0.02431	0.07756	0.02368	0.01528	0.01974	0.01198	0.00774	0.00744	0.00243	0.00964	0.00668	0.00414	0.01006
11	0.08748	0.01462	0.02304	0.50117	0.14625	0.01705	0.01998	0.02070	0.01566	0.02238	0.01363	0.01943	0.01052	0.00746	0.00735	0.00244	0.00950	0.00652	0.00370	0.05112
12	0.01667	0.01500	0.02241	0.35043	0.10010	0.01761	0.01815	0.08262	0.01723	0.02356	0.01598	0.07289	0.01401	0.00983	0.01053	0.00257	0.12052	0.00784	0.00430	0.07775
13	0.01755	0.01430	0.01931	0.07987	0.05215	0.01477	0.04751	0.08331	0.03324	0.05532	0.02261	0.06427	0.06576	0.01029	0.01007	0.00225	0.11639	0.00811	0.07047	0.21244

[dist]
# distance from previous block
# <min> <max>
0	2

[block]
# block no. 5 follows, 25 sequences, length 13
# corresponding to MSA columns:
# 338-350
name=unknown_F
#
# <colnr> <probs for GDERKNQSTAVLIFYWHMCP>
#	G	D	E	R	K	N	Q	S	T	A	V	L	I	F	Y	W	H	M	C	P
0	0.05220	0.01313	0.03349	0.04105	0.01926	0.01195	0.03097	0.08810	0.02176	0.24416	0.22057	0.07798	0.03509	0.01180	0.00810	0.00238	0.00617	0.01009	0.00781	0.06393
1	0.01726	0.01735	0.02609	0.09615	0.13939	0.05694	0.11182	0.02085	0.01574	0.02209	0.04046	0.04002	0.01490	0.01143	0.03538	0.00293	0.22813	0.00760	0.00405	0.09142
2	0.01603	0.01202	0.01767	0.09144	0.02151	0.01255	0.06378	0.02000	0.04937	0.10520	0.11730	0.20188	0.06330	0.01438	0.01078	0.00268	0.09654	0.01228	0.00635	0.06495
3	0.02169	0.01988	0.07591	0.03455	0.38975	0.04662	0.04539	0.02865	0.10507	0.12607	0.01917	0.02122	0.01455	0.00787	0.00773	0.00237	0.00893	0.00721	0.00522	0.01214
4	0.02293	0.01654	0.02000	0.01580	0.02099	0.01684	0.04299	0.30434	0.02556	0.09929	0.02251	0.13935	0.01978	0.01122	0.00845	0.00230	0.03339	0.00927	0.00687	0.16157
5	0.01179	0.00823	0.01050	0.01014	0.01220	0.00736	0.00746	0.01468	0.01943	0.05518	0.39490	0.22215	0.11293	0.01737	0.00906	0.00255	0.00415	0.01536	0.00788	0.05668
6	0.01005	0.00723	0.00951	0.01084	0.01170	0.00678	0.00766	0.01194	0.01616	0.02162	0.13075	0.50940	0.07971	0.04628	0.01085	0.00322	0.00475	0.08777	0.00729	0.00649
7	0.02938	0.02459	0.02302	0.01824	0.02403	0.15078	0.01478	0.53598	0.03373	0.04323	0.01737	0.01774	0.01258	0.00906	0.00761	0.00226	0.00956	0.00661	0.00705	0.01239
8	0.01962	0.52386	0.10546	0.01437	0.02107	0.05967	0.01447	0.02287	0.01594	0.01946	0.01204	0.01436	0.01066	0.01003	0.04994	0.00242	0.00953	0.00466	0.00349	0.06607
9	0.02450	0.01905	0.02185	0.11419	0.07552	0.04133	0.01526	0.39829	0.06617	0.03916	0.01889	0.02046	0.01393	0.00891	0.00749	0.00231	0.00835	0.00703	0.08562	0.01169
10	0.01793	0.16414	0.45037	0.02279	0.09706	0.02084	0.02426	0.07145	0.01790	0.02530	0.01376	0.01610	0.01035	0.00733	0.00699	0.00228	0.01042	0.00565	0.00368	0.01140
11	0.09576	0.22583	0.38818	0.01736	0.02614	0.02058	0.02061	0.02300	0.01597	0.02360	0.01758	0.01927	0.05975	0.00807	0.00658	0.00224	0.00946	0.00593	0.00374	0.01036
12	0.05502	0.32458	0.17466	0.01603	0.02312	0.09262	0.01628	0.02765	0.06503	0.11441	0.01588	0.01663	0.01216	0.00766	0.00631	0.00208	0.00908	0.00543	0.00465	0.01074

[dist]
# distance from previous block
# <min> <max>
15	100

[block]
# block no. 6 follows, 25 sequences, length 52
# corresponding to MSA columns:
# 461-512
name=unknown_G
#
# <colnr> <probs for GDERKNQSTAVLIFYWHMCP>
#	G	D	E	R	K	N	Q	S	T	A	V	L	I	F	Y	W	H	M	C	P
0	0.13735	0.05458	0.05081	0.05751	0.22888	0.06920	0.01623	0.06903	0.08055	0.02748	0.01819	0.08715	0.01615	0.00925	0.00718	0.00234	0.00820	0.00771	0.00497	0.04723
1	0.02029	0.27389	0.02841	0.02018	0.14113	0.02220	0.01444	0.12422	0.11042	0.02816	0.09343	0.02242	0.02026	0.00869	0.00684	0.00209	0.00755	0.00692	0.00541	0.04306
2	0.17810	0.10416	0.10840	0.02893	0.30143	0.05340	0.01874	0.04698	0.04444	0.02719	0.01400	0.01682	0.01130	0.00728	0.00671	0.00227	0.00880	0.00587	0.00422	0.01097
3	0.02087	0.01656	0.01944	0.01694	0.04390	0.01767	0.03688	0.18725	0.27511	0.05262	0.02529	0.02996	0.02052	0.05414	0.00980	0.00273	0.00724	0.05549	0.00697	0.10062
4	0.07974	0.21092	0.16032	0.04516	0.10005	0.20508	0.01780	0.02510	0.01744	0.02184	0.01271	0.01549	0.01050	0.00946	0.03589	0.00253	0.01101	0.00529	0.00371	0.00996
5	0.07827	0.39438	0.25048	0.01647	0.02435	0.07724	0.01810	0.02423	0.01624	0.02166	0.01191	0.01387	0.00979	0.00702	0.00591	0.00200	0.00960	0.00474	0.00347	0.01025
6	0.02119	0.02217	0.14273	0.02680	0.05967	0.01767	0.35944	0.02830	0.05837	0.15487	0.01925	0.02167	0.01366	0.00753	0.00846	0.00253	0.01096	0.00821	0.00517	0.01134
7	0.00945	0.00675	0.00900	0.01080	0.01125	0.00630	0.00720	0.01080	0.01484	0.01979	0.04274	0.72245	0.05128	0.02429	0.00990	0.00315	0.00450	0.02204	0.00720	0.00630
8	0.01102	0.00756	0.00891	0.00904	0.00935	0.00762	0.00549	0.01151	0.01198	0.01600	0.02797	0.10068	0.05950	0.56786	0.10737	0.00749	0.00856	0.01201	0.00495	0.00515
9	0.02778	0.02075	0.02170	0.01699	0.02271	0.05068	0.01389	0.53028	0.05518	0.07077	0.05214	0.02277	0.03821	0.00995	0.00784	0.00234	0.00823	0.00763	0.00769	0.01248
10	0.00960	0.00778	0.00853	0.00853	0.01079	0.00670	0.00633	0.01191	0.01843	0.02319	0.21327	0.12383	0.48571	0.01914	0.00922	0.00262	0.00391	0.01629	0.00751	0.00670
11	0.01249	0.00892	0.01249	0.01428	0.01606	0.00892	0.01249	0.01606	0.01785	0.02320	0.04105	0.08746	0.04462	0.02142	0.01071	0.00357	0.00714	0.62695	0.00714	0.00714
12	0.01569	0.03916	0.65555	0.02262	0.03390	0.01809	0.05947	0.02457	0.01647	0.02457	0.01400	0.01660	0.00992	0.00733	0.00745	0.00246	0.01154	0.00590	0.00331	0.01141
13	0.02707	0.02142	0.07320	0.01709	0.02328	0.02148	0.01485	0.49793	0.06231	0.07668	0.01995	0.02007	0.01421	0.00921	0.00756	0.00232	0.00819	0.00703	0.06357	0.01257
14	0.00916	0.00785	0.00785	0.00785	0.01047	0.00655	0.00589	0.01113	0.01767	0.02095	0.07855	0.07462	0.67599	0.01964	0.00916	0.00262	0.00393	0.01636	0.00720	0.00655
15	0.01445	0.00723	0.00723	0.00723	0.00903	0.00723	0.00542	0.01807	0.01626	0.02891	0.02529	0.02891	0.01987	0.00903	0.00542	0.00181	0.00361	0.00723	0.77055	0.00723
16	0.06194	0.01378	0.01810	0.06757	0.02146	0.01408	0.06074	0.13525	0.04271	0.22266	0.02338	0.02437	0.01669	0.01057	0.03037	0.00261	0.00737	0.00741	0.20838	0.01057
17	0.00943	0.00680	0.00894	0.01065	0.01121	0.00631	0.00713	0.01081	0.01498	0.01985	0.04446	0.69132	0.08130	0.02407	0.00986	0.00312	0.00447	0.02177	0.00720	0.00631
18	0.01107	0.00799	0.01049	0.01003	0.01186	0.00741	0.00763	0.01472	0.02170	0.03061	0.63619	0.05973	0.07141	0.01619	0.00924	0.00251	0.00387	0.05159	0.00845	0.00731
19	0.02073	0.73217	0.04063	0.01327	0.01990	0.03068	0.01327	0.02322	0.01575	0.01824	0.01078	0.01244	0.00995	0.00663	0.00498	0.00166	0.00829	0.00415	0.00332	0.00995
20	0.02685	0.01994	0.02188	0.01817	0.04576	0.02206	0.01428	0.45021	0.19074	0.07452	0.02225	0.02156	0.01604	0.00954	0.00779	0.00240	0.00787	0.00746	0.00774	0.01293
21	0.00924	0.00786	0.00796	0.00793	0.01052	0.00658	0.00595	0.01127	0.01784	0.02135	0.10246	0.07395	0.65183	0.01948	0.00916	0.00261	0.00392	0.01627	0.00725	0.00658
22	0.01608	0.01378	0.01608	0.01148	0.01837	0.01034	0.00919	0.01952	0.01608	0.02527	0.01378	0.01608	0.01148	0.00574	0.00574	0.00115	0.00574	0.00459	0.00459	0.77491
23	0.01625	0.13298	0.60055	0.02091	0.03173	0.01971	0.02658	0.02438	0.01629	0.02371	0.01349	0.01584	0.00984	0.00727	0.00705	0.00235	0.01103	0.00552	0.00328	0.01126
24	0.01726	0.01945	0.07436	0.02021	0.02134	0.05616	0.01753	0.01957	0.01274	0.01911	0.01090	0.01721	0.01044	0.01428	0.04516	0.00355	0.60194	0.00667	0.00344	0.00868
25	0.01555	0.04011	0.68733	0.02210	0.03356	0.01801	0.02865	0.02455	0.01637	0.02455	0.01391	0.01637	0.00982	0.00737	0.00737	0.00246	0.01146	0.00573	0.00327	0.01146
26	0.00945	0.00675	0.00900	0.01080	0.01125	0.00630	0.00720	0.01080	0.01484	0.01979	0.04274	0.72245	0.05128	0.02429	0.00990	0.00315	0.00450	0.02204	0.00720	0.00630
27	0.01153	0.00882	0.00928	0.00896	0.01183	0.00782	0.00678	0.01509	0.06818	0.06246	0.07045	0.09534	0.55875	0.01851	0.00901	0.00263	0.00429	0.01549	0.00740	0.00739
28	0.24165	0.01492	0.01692	0.01338	0.01907	0.01488	0.01104	0.12213	0.02174	0.41263	0.02337	0.02144	0.01533	0.00889	0.00696	0.00239	0.00671	0.00668	0.00800	0.01186
29	0.00945	0.00675	0.00900	0.01080	0.01125	0.00630	0.00720	0.01080	0.01484	0.01979	0.04274	0.72245	0.05128	0.02429	0.00990	0.00315	0.00450	0.02204	0.00720	0.00630
30	0.02629	0.02000	0.02085	0.01665	0.02233	0.05468	0.01347	0.37682	0.18825	0.08834	0.02199	0.02131	0.01592	0.00929	0.00760	0.00230	0.00786	0.00720	0.00749	0.07138
31	0.01561	0.00834	0.00846	0.00804	0.01019	0.00852	0.00614	0.06696	0.01781	0.03044	0.02478	0.02811	0.01936	0.00905	0.00560	0.00185	0.00399	0.00721	0.71184	0.00769
32	0.78228	0.01499	0.01140	0.01020	0.01499	0.01739	0.00840	0.02279	0.01320	0.03479	0.01080	0.01260	0.00840	0.00720	0.00480	0.00240	0.00600	0.00420	0.00480	0.00840
33	0.02293	0.07165	0.02155	0.07080	0.02425	0.17452	0.01409	0.13865	0.31789	0.03017	0.02211	0.02201	0.01681	0.00926	0.00745	0.00236	0.00880	0.00714	0.00632	0.01123
34	0.01648	0.14493	0.55623	0.02128	0.03182	0.02002	0.05758	0.02436	0.01637	0.02360	0.01352	0.01600	0.00994	0.00721	0.00709	0.00234	0.01106	0.00566	0.00331	0.01118
35	0.00945	0.00675	0.00900	0.01080	0.01125	0.00630	0.00720	0.01080	0.01484	0.01979	0.04274	0.72245	0.05128	0.02429	0.00990	0.00315	0.00450	0.02204	0.00720	0.00630
36	0.00945	0.00675	0.00900	0.01080	0.01125	0.00630	0.00720	0.01080	0.01484	0.01979	0.04274	0.72245	0.05128	0.02429	0.00990	0.00315	0.00450	0.02204	0.00720	0.00630
37	0.00978	0.00700	0.00913	0.01060	0.01122	0.00657	0.00718	0.01126	0.01516	0.02018	0.07439	0.58497	0.07419	0.07825	0.01216	0.00345	0.00478	0.04638	0.00707	0.00627
38	0.01771	0.01824	0.03533	0.06093	0.31219	0.01775	0.29830	0.02288	0.01760	0.02439	0.01772	0.08697	0.01570	0.00843	0.00854	0.00253	0.01050	0.00934	0.00418	0.01078
39	0.01464	0.01378	0.02326	0.70887	0.05340	0.01723	0.02153	0.01981	0.01550	0.01981	0.01378	0.02067	0.01034	0.00775	0.00775	0.00258	0.01034	0.00689	0.00345	0.00861
40	0.03479	0.01320	0.01799	0.01380	0.01979	0.01140	0.01140	0.03779	0.02219	0.68451	0.03059	0.02639	0.01919	0.00960	0.00780	0.00240	0.00660	0.00780	0.00960	0.01320
41	0.01629	0.01680	0.03015	0.13036	0.03189	0.01935	0.24835	0.02030	0.01504	0.02117	0.01573	0.07648	0.01441	0.01244	0.03764	0.00326	0.26846	0.00895	0.00393	0.00900
42	0.01464	0.01378	0.02326	0.70887	0.05340	0.01723	0.02153	0.01981	0.01550	0.01981	0.01378	0.02067	0.01034	0.00775	0.00775	0.00258	0.01034	0.00689	0.00345	0.00861
43	0.01884	0.01806	0.03083	0.09902	0.63048	0.01833	0.02362	0.02349	0.01749	0.02490	0.01452	0.01931	0.01213	0.00697	0.00768	0.00232	0.00930	0.00691	0.00381	0.01200
44	0.01499	0.01414	0.02389	0.65797	0.10156	0.01732	0.02171	0.02012	0.01567	0.02024	0.01384	0.02056	0.01049	0.00769	0.00775	0.00256	0.01025	0.00689	0.00348	0.00890
45	0.00935	0.00774	0.00799	0.00813	0.01038	0.00660	0.00590	0.01111	0.01696	0.02040	0.07158	0.12262	0.57753	0.07504	0.01158	0.00304	0.00425	0.01641	0.00701	0.00638
46	0.00950	0.00716	0.00859	0.00968	0.01078	0.00647	0.00659	0.01094	0.01547	0.01979	0.05270	0.46426	0.24809	0.07750	0.01196	0.00332	0.00455	0.01940	0.00700	0.00625
47	0.03135	0.01361	0.01764	0.01382	0.01941	0.01248	0.01131	0.08328	0.06253	0.53985	0.06334	0.02921	0.04484	0.01029	0.00791	0.00242	0.00648	0.00840	0.00921	0.01261
48	0.06531	0.05411	0.09521	0.01867	0.06886	0.07387	0.04451	0.04745	0.25050	0.02773	0.02565	0.06367	0.03790	0.01080	0.00774	0.00253	0.00796	0.05584	0.03120	0.01049
49	0.45754	0.01616	0.01495	0.01254	0.01753	0.01801	0.01024	0.20261	0.02062	0.07743	0.01814	0.05144	0.03580	0.00920	0.00622	0.00242	0.00661	0.00650	0.00614	0.00989
50	0.37138	0.01360	0.01362	0.01143	0.01612	0.01432	0.00931	0.07373	0.01851	0.21713	0.07170	0.02230	0.01821	0.00892	0.00628	0.00233	0.00592	0.00653	0.08877	0.00989
51	0.08805	0.29186	0.04850	0.06809	0.02242	0.03925	0.01340	0.13600	0.05222	0.05041	0.01684	0.05989	0.01436	0.00874	0.00639	0.00210	0.00789	0.00652	0.03102	0.03604

[dist]
# distance from previous block
# <min> <max>
9	15

[block]
# block no. 7 follows, 25 sequences, length 7
# corresponding to MSA columns:
# 528-534
name=unknown_H
#
# <colnr> <probs for GDERKNQSTAVLIFYWHMCP>
#	G	D	E	R	K	N	Q	S	T	A	V	L	I	F	Y	W	H	M	C	P
0	0.02216	0.01790	0.02060	0.02013	0.12652	0.05089	0.01376	0.29313	0.02529	0.03479	0.01984	0.09577	0.01719	0.00983	0.00742	0.00215	0.00764	0.00810	0.05684	0.15005
1	0.01714	0.14481	0.28384	0.01961	0.06202	0.07968	0.01951	0.02305	0.04357	0.02234	0.01862	0.07504	0.01712	0.01239	0.03825	0.00291	0.04419	0.06168	0.00424	0.00997
2	0.02020	0.06769	0.02037	0.06054	0.07923	0.01507	0.01236	0.10046	0.05347	0.10123	0.01776	0.02083	0.01420	0.05499	0.00881	0.00217	0.00711	0.00623	0.00549	0.33180
3	0.11774	0.01897	0.02318	0.20645	0.14758	0.05527	0.01738	0.26112	0.02386	0.03362	0.01529	0.01827	0.01150	0.00813	0.00733	0.00238	0.00910	0.00649	0.00534	0.01099
4	0.01490	0.01084	0.01245	0.01172	0.01353	0.01145	0.00825	0.13347	0.07637	0.02489	0.05395	0.21233	0.03214	0.28753	0.05692	0.00507	0.00737	0.01293	0.00631	0.00759
5	0.01762	0.08127	0.02630	0.07860	0.25265	0.06071	0.07270	0.04929	0.01753	0.02323	0.02059	0.18195	0.02073	0.01151	0.00906	0.00253	0.04890	0.01025	0.00471	0.00986
6	0.07457	0.08800	0.29594	0.02158	0.02866	0.13965	0.07793	0.02537	0.01740	0.02413	0.01413	0.01788	0.01141	0.00926	0.01047	0.00273	0.11967	0.00630	0.00411	0.01081

[dist]
# distance from previous block
# <min> <max>
8	25

[block]
# block no. 8 follows, 25 sequences, length 10
# corresponding to MSA columns:
# 560-569
name=unknown_I
#
# <colnr> <probs for GDERKNQSTAVLIFYWHMCP>
#	G	D	E	R	K	N	Q	S	T	A	V	L	I	F	Y	W	H	M	C	P
0	0.04597	0.01875	0.01935	0.01556	0.02066	0.05902	0.01250	0.36627	0.09117	0.06936	0.06367	0.02377	0.01897	0.03529	0.02381	0.00266	0.00800	0.00750	0.03792	0.05980
1	0.10102	0.01666	0.02454	0.06616	0.29265	0.01722	0.05730	0.12547	0.02031	0.06591	0.02144	0.05805	0.04578	0.00970	0.00783	0.00248	0.00835	0.04283	0.00538	0.01093
2	0.01982	0.01821	0.02542	0.03478	0.42215	0.07796	0.01903	0.02556	0.08299	0.06398	0.02354	0.02866	0.06626	0.00941	0.00795	0.00242	0.00865	0.04688	0.00506	0.01127
3	0.12684	0.01634	0.04018	0.01375	0.01943	0.01541	0.01147	0.12328	0.06999	0.05131	0.01677	0.04100	0.01370	0.00829	0.00786	0.00195	0.06038	0.00614	0.00550	0.35041
4	0.07348	0.01177	0.01422	0.01265	0.01540	0.01120	0.04268	0.07057	0.01731	0.02506	0.06774	0.19588	0.06716	0.21567	0.01744	0.00410	0.00684	0.01256	0.00629	0.11197
5	0.01876	0.02038	0.03662	0.06530	0.03521	0.06813	0.42688	0.04762	0.01844	0.02463	0.01567	0.03868	0.01257	0.00758	0.00937	0.00246	0.04837	0.00838	0.00418	0.09076
6	0.01427	0.01058	0.01212	0.01115	0.01306	0.01084	0.00783	0.10900	0.04286	0.02296	0.03023	0.15304	0.08250	0.32109	0.05410	0.00513	0.02398	0.01205	0.00584	0.05736
7	0.01692	0.01584	0.02638	0.47278	0.12486	0.01824	0.08725	0.07008	0.04691	0.02380	0.01525	0.02073	0.01154	0.00776	0.00790	0.00254	0.01016	0.00722	0.00407	0.00977
8	0.05468	0.01673	0.06218	0.43241	0.24253	0.01765	0.02196	0.02145	0.01610	0.02252	0.01389	0.01957	0.01081	0.00744	0.00756	0.00248	0.00984	0.00670	0.00362	0.00989
9	0.02654	0.01975	0.02144	0.01663	0.02249	0.02124	0.01358	0.53685	0.03264	0.04415	0.01985	0.06993	0.01579	0.01002	0.00769	0.00226	0.00793	0.00782	0.00737	0.09601

[dist]
# distance from previous block
# <min> <max>
0	2

[block]
# block no. 9 follows, 25 sequences, length 8
# corresponding to MSA columns:
# 572-579
name=unknown_J
#
# <colnr> <probs for GDERKNQSTAVLIFYWHMCP>
#	G	D	E	R	K	N	Q	S	T	A	V	L	I	F	Y	W	H	M	C	P
0	0.02947	0.02172	0.02327	0.01784	0.02404	0.02404	0.01474	0.65329	0.03646	0.04887	0.01862	0.01862	0.01319	0.00931	0.00776	0.00233	0.00853	0.00698	0.00776	0.01319
1	0.01467	0.01096	0.01307	0.01175	0.01445	0.01117	0.00901	0.11721	0.09397	0.03326	0.45970	0.09314	0.05691	0.01481	0.00884	0.00249	0.00475	0.01288	0.00825	0.00871
2	0.01349	0.00906	0.01089	0.01070	0.01360	0.00795	0.00854	0.01603	0.01785	0.09863	0.05546	0.13079	0.33345	0.01837	0.00922	0.00278	0.00523	0.16774	0.00727	0.06295
3	0.02374	0.01761	0.01909	0.01493	0.02019	0.01856	0.01196	0.40516	0.05699	0.03907	0.01946	0.02286	0.01546	0.08744	0.01074	0.00267	0.00751	0.00714	0.05811	0.14132
4	0.10325	0.01127	0.01424	0.01253	0.01564	0.01128	0.04065	0.09141	0.02143	0.07875	0.33735	0.12164	0.04783	0.01446	0.00856	0.00257	0.00545	0.04547	0.00764	0.00857
5	0.09034	0.52047	0.09063	0.01312	0.01954	0.02553	0.01330	0.02189	0.01579	0.02066	0.01891	0.02000	0.08700	0.00826	0.00565	0.00191	0.00785	0.00571	0.00390	0.00954
6	0.19293	0.05526	0.01542	0.01281	0.01600	0.05015	0.01031	0.09109	0.01621	0.02588	0.01733	0.02300	0.01511	0.03340	0.35689	0.00742	0.01426	0.00675	0.03149	0.00828
7	0.02122	0.50786	0.14346	0.01564	0.02278	0.09221	0.01604	0.06350	0.01774	0.02126	0.01190	0.01361	0.01013	0.00705	0.00573	0.00186	0.00937	0.00466	0.00365	0.01031

[dist]
# distance from previous block
# <min> <max>
36	76

[block]
# block no. 10 follows, 25 sequences, length 13
# corresponding to MSA columns:
# 669-681
name=unknown_K
#
# <colnr> <probs for GDERKNQSTAVLIFYWHMCP>
#	G	D	E	R	K	N	Q	S	T	A	V	L	I	F	Y	W	H	M	C	P
0	0.06575	0.17086	0.04873	0.04672	0.06875	0.05867	0.10582	0.05261	0.07870	0.02482	0.01825	0.08447	0.01623	0.00937	0.00793	0.00230	0.04102	0.00783	0.04501	0.04615
1	0.09332	0.08871	0.11852	0.01597	0.02231	0.02026	0.01472	0.24272	0.14440	0.03519	0.05721	0.02119	0.01730	0.00892	0.00711	0.00226	0.00775	0.00684	0.00624	0.06906
2	0.02006	0.41662	0.08103	0.01417	0.01970	0.09128	0.01326	0.02383	0.05369	0.05000	0.01673	0.06696	0.01572	0.07612	0.00924	0.00250	0.00857	0.00669	0.00433	0.00951
3	0.04396	0.04394	0.01472	0.04060	0.01602	0.01292	0.01024	0.01762	0.07582	0.02276	0.05050	0.32664	0.03231	0.01648	0.01137	0.00279	0.13203	0.01358	0.07840	0.03731
4	0.01375	0.03137	0.01208	0.01064	0.01212	0.01081	0.00731	0.07043	0.07652	0.02203	0.10263	0.07522	0.03176	0.41290	0.07298	0.00597	0.00781	0.01108	0.00576	0.00684
5	0.01248	0.00898	0.01168	0.01310	0.07292	0.00933	0.00791	0.01359	0.01300	0.01827	0.02639	0.06900	0.06889	0.37848	0.08999	0.05047	0.04162	0.01051	0.07724	0.00615
6	0.02606	0.01928	0.02091	0.01671	0.02198	0.02121	0.01351	0.53083	0.06182	0.04384	0.02276	0.12278	0.01927	0.01157	0.00808	0.00246	0.00783	0.00928	0.00768	0.01213
7	0.01844	0.01349	0.01615	0.01234	0.01833	0.01136	0.00985	0.02370	0.08479	0.11315	0.01855	0.02015	0.01453	0.01168	0.07115	0.00253	0.00731	0.00581	0.00557	0.52112
8	0.01933	0.09044	0.13051	0.03743	0.45025	0.07060	0.02254	0.02418	0.01761	0.02400	0.01468	0.01968	0.01244	0.00745	0.00741	0.00228	0.00977	0.02404	0.00381	0.01154
9	0.01846	0.01837	0.04260	0.29068	0.25215	0.06498	0.02034	0.05058	0.11657	0.02479	0.01683	0.02078	0.01309	0.00796	0.00769	0.00244	0.00953	0.00702	0.00446	0.01067
10	0.01793	0.04814	0.02070	0.03543	0.05596	0.01471	0.05580	0.09426	0.08540	0.02826	0.04852	0.04731	0.01733	0.00804	0.00687	0.00180	0.00689	0.00689	0.00540	0.39434
11	0.07501	0.06704	0.19115	0.01588	0.02221	0.01745	0.01568	0.14271	0.11646	0.07989	0.15073	0.02716	0.02576	0.00999	0.00757	0.00239	0.00762	0.00801	0.00641	0.01088
12	0.07777	0.10214	0.10118	0.01510	0.02075	0.04919	0.01366	0.19484	0.05765	0.09924	0.04603	0.09007	0.06393	0.01092	0.00745	0.00236	0.00769	0.00864	0.00638	0.02500

[dist]
# distance from previous block
# <min> <max>
10	23

[block]
# block no. 11 follows, 25 sequences, length 31
# corresponding to MSA columns:
# 705-735
name=unknown_L
#
# <colnr> <probs for GDERKNQSTAVLIFYWHMCP>
#	G	D	E	R	K	N	Q	S	T	A	V	L	I	F	Y	W	H	M	C	P
0	0.05034	0.13161	0.21121	0.01525	0.02153	0.01593	0.01561	0.02408	0.06303	0.11788	0.08075	0.11645	0.02462	0.01124	0.00754	0.00241	0.00765	0.03383	0.00576	0.04330
1	0.05545	0.39285	0.10241	0.01522	0.02178	0.07047	0.01473	0.11436	0.05065	0.05316	0.03379	0.01657	0.01325	0.00779	0.00614	0.00200	0.00864	0.00545	0.00469	0.01061
2	0.01908	0.13850	0.09500	0.01377	0.01874	0.01512	0.01263	0.02487	0.10078	0.15109	0.05427	0.06436	0.07317	0.06252	0.01003	0.00281	0.00708	0.08678	0.00639	0.04301
3	0.04925	0.21115	0.30556	0.01607	0.02389	0.01863	0.01819	0.02157	0.01646	0.02326	0.04730	0.02561	0.08143	0.00918	0.00687	0.00219	0.00863	0.03166	0.00424	0.07885
4	0.04686	0.08614	0.03740	0.04284	0.02077	0.01385	0.07644	0.02007	0.03531	0.05949	0.05093	0.16350	0.02535	0.01224	0.00838	0.00235	0.03181	0.06782	0.00556	0.19289
5	0.09401	0.55062	0.03429	0.01361	0.01949	0.09566	0.01276	0.02341	0.01595	0.01989	0.01149	0.01366	0.01036	0.00984	0.04561	0.00240	0.00938	0.00448	0.00358	0.00953
6	0.02020	0.66202	0.10618	0.01416	0.02128	0.02940	0.01483	0.02335	0.01582	0.01888	0.01110	0.01284	0.00994	0.00671	0.00522	0.00174	0.00861	0.00431	0.00331	0.01010
7	0.01118	0.00753	0.00843	0.00843	0.00855	0.00747	0.00475	0.01127	0.01158	0.01531	0.02700	0.05187	0.05894	0.69390	0.03803	0.00728	0.00735	0.01152	0.00482	0.00479
8	0.04419	0.08463	0.01461	0.01169	0.01381	0.01237	0.00903	0.01761	0.07930	0.02067	0.02324	0.09284	0.02257	0.13589	0.32142	0.00763	0.01280	0.00934	0.05887	0.00748
9	0.01514	0.07291	0.01402	0.01145	0.01401	0.16702	0.00846	0.01677	0.01715	0.01930	0.06244	0.09309	0.27825	0.15996	0.01453	0.00342	0.00735	0.01204	0.00568	0.00701
10	0.07443	0.68160	0.03857	0.01305	0.01955	0.02974	0.01292	0.02319	0.01557	0.01941	0.01078	0.01245	0.00984	0.00667	0.00496	0.00171	0.00813	0.00415	0.00342	0.00984
11	0.02154	0.60971	0.03704	0.01417	0.02026	0.12286	0.01338	0.02397	0.01651	0.01834	0.01130	0.01329	0.01029	0.00863	0.02956	0.00209	0.00952	0.00441	0.00344	0.00971
12	0.01128	0.00752	0.00846	0.00846	0.00846	0.00752	0.00470	0.01128	0.01128	0.01503	0.02443	0.05074	0.02819	0.72751	0.03946	0.00752	0.00752	0.01128	0.00470	0.00470
13	0.05134	0.70334	0.03945	0.01314	0.01970	0.03015	0.01307	0.02320	0.01565	0.01891	0.01078	0.01244	0.00989	0.00666	0.00497	0.00169	0.00820	0.00415	0.00338	0.00989
14	0.00916	0.00785	0.00785	0.00785	0.01047	0.00655	0.00589	0.01113	0.01767	0.02095	0.07855	0.07462	0.67599	0.01964	0.00916	0.00262	0.00393	0.01636	0.00720	0.00655
15	0.02073	0.73217	0.04063	0.01327	0.01990	0.03068	0.01327	0.02322	0.01575	0.01824	0.01078	0.01244	0.00995	0.00663	0.00498	0.00166	0.00829	0.00415	0.00332	0.00995
16	0.02073	0.73217	0.04063	0.01327	0.01990	0.03068	0.01327	0.02322	0.01575	0.01824	0.01078	0.01244	0.00995	0.00663	0.00498	0.00166	0.00829	0.00415	0.00332	0.00995
17	0.01100	0.00740	0.00854	0.00881	0.00888	0.00733	0.00508	0.01120	0.01182	0.01576	0.02723	0.15355	0.03172	0.61988	0.03494	0.00685	0.00706	0.01292	0.00508	0.00494
18	0.02622	0.27063	0.02836	0.01756	0.02260	0.42419	0.01439	0.07223	0.02089	0.02084	0.01205	0.01379	0.01020	0.00762	0.00636	0.00191	0.01168	0.00485	0.00403	0.00961
19	0.01769	0.32586	0.42031	0.01845	0.02792	0.02324	0.02230	0.02400	0.01612	0.02195	0.01262	0.01475	0.00987	0.00706	0.00638	0.00213	0.01015	0.00508	0.00329	0.01084
20	0.02773	0.02471	0.08995	0.01825	0.02464	0.09843	0.01592	0.46532	0.06235	0.06785	0.01849	0.01867	0.01323	0.00903	0.00764	0.00232	0.00925	0.00675	0.00696	0.01249
21	0.02073	0.73217	0.04063	0.01327	0.01990	0.03068	0.01327	0.02322	0.01575	0.01824	0.01078	0.01244	0.00995	0.00663	0.00498	0.00166	0.00829	0.00415	0.00332	0.00995
22	0.00995	0.00808	0.00895	0.00930	0.01170	0.00708	0.00735	0.01233	0.01791	0.02191	0.09927	0.07652	0.51445	0.01983	0.00949	0.00281	0.00459	0.14453	0.00725	0.00671
23	0.09374	0.01390	0.01560	0.01135	0.01803	0.01105	0.00911	0.01985	0.01579	0.02623	0.01348	0.01573	0.01117	0.00589	0.00565	0.00128	0.00577	0.00455	0.00461	0.69721
24	0.05386	0.41315	0.15382	0.01872	0.08068	0.12152	0.01703	0.02460	0.01681	0.02084	0.01186	0.01397	0.01007	0.00701	0.00593	0.00194	0.00966	0.00480	0.00352	0.01023
25	0.01127	0.00824	0.01215	0.01215	0.01356	0.00955	0.00944	0.01409	0.01268	0.01864	0.02103	0.03037	0.01941	0.05528	0.65635	0.01184	0.01977	0.00824	0.04897	0.00694
26	0.01317	0.00962	0.01022	0.00983	0.01074	0.03650	0.00638	0.05038	0.01393	0.01873	0.02540	0.04444	0.05106	0.49925	0.10930	0.00697	0.00896	0.01034	0.05889	0.00588
27	0.01769	0.32650	0.41971	0.01844	0.02791	0.02325	0.02228	0.02400	0.01612	0.02194	0.01262	0.01474	0.00988	0.00706	0.00638	0.00213	0.01015	0.00507	0.00329	0.01083
28	0.13906	0.03199	0.45470	0.02084	0.05495	0.01783	0.05059	0.05381	0.01693	0.02743	0.01374	0.01617	0.01003	0.00728	0.00697	0.00236	0.01009	0.00567	0.00386	0.05570
29	0.01936	0.01656	0.01743	0.01314	0.01937	0.08108	0.01048	0.04964	0.01784	0.07310	0.01488	0.01676	0.01191	0.00671	0.00688	0.00146	0.03459	0.00506	0.00499	0.57876
30	0.01989	0.08916	0.04845	0.01506	0.02160	0.03444	0.07458	0.07302	0.01916	0.09958	0.06293	0.02046	0.01663	0.00747	0.00673	0.00175	0.00736	0.00627	0.00541	0.37004

[dist]
# distance from previous block
# <min> <max>
0	12

[block]
# block no. 12 follows, 25 sequences, length 19
# corresponding to MSA columns:
# 748-766
name=unknown_M
#
# <colnr> <probs for GDERKNQSTAVLIFYWHMCP>
#	G	D	E	R	K	N	Q	S	T	A	V	L	I	F	Y	W	H	M	C	P
0	0.02535	0.01632	0.05190	0.06770	0.02303	0.01575	0.01337	0.12740	0.19046	0.27885	0.06456	0.02817	0.04120	0.01020	0.00791	0.00247	0.00705	0.00836	0.00796	0.01199
1	0.05273	0.01134	0.01411	0.01481	0.07350	0.01139	0.01007	0.02147	0.15147	0.04354	0.26065	0.17366	0.04407	0.01428	0.00840	0.00251	0.00517	0.01254	0.00726	0.06704
2	0.06447	0.01617	0.01686	0.01407	0.01885	0.04038	0.01115	0.15578	0.23744	0.05362	0.10488	0.02681	0.02408	0.00977	0.00733	0.00222	0.00641	0.00787	0.04457	0.13725
3	0.06193	0.01923	0.02611	0.04768	0.11000	0.06950	0.14852	0.11366	0.13130	0.07631	0.01889	0.02059	0.01419	0.00795	0.00761	0.00229	0.00904	0.00721	0.00563	0.10236
4	0.02408	0.01607	0.02055	0.04915	0.02334	0.01582	0.05763	0.13399	0.16279	0.20686	0.02309	0.02262	0.01645	0.00856	0.00743	0.00217	0.00726	0.00719	0.00707	0.18788
5	0.06599	0.00887	0.01042	0.03923	0.01350	0.00840	0.00759	0.01524	0.01851	0.06575	0.28278	0.09376	0.25627	0.06687	0.01090	0.00290	0.00470	0.01368	0.00733	0.00731
6	0.01680	0.01508	0.02443	0.24271	0.27058	0.01639	0.05422	0.02317	0.07958	0.02447	0.01770	0.02241	0.01403	0.00973	0.03368	0.00276	0.00918	0.00730	0.10561	0.01016
7	0.05301	0.06621	0.55573	0.02305	0.06420	0.01864	0.06487	0.02439	0.01637	0.02483	0.01377	0.01644	0.01000	0.00725	0.00727	0.00242	0.01105	0.00586	0.00342	0.01123
8	0.78228	0.01499	0.01140	0.01020	0.01499	0.01739	0.00840	0.02279	0.01320	0.03479	0.01080	0.01260	0.00840	0.00720	0.00480	0.00240	0.00600	0.00420	0.00480	0.00840
9	0.68675	0.01560	0.01292	0.01129	0.01595	0.01822	0.00931	0.07045	0.01490	0.03505	0.01136	0.01327	0.00885	0.00768	0.00606	0.00244	0.04166	0.00454	0.00495	0.00876
10	0.01844	0.01481	0.01885	0.01385	0.02019	0.01266	0.04650	0.05674	0.01751	0.07615	0.01518	0.01734	0.01209	0.00684	0.00761	0.00155	0.05672	0.00538	0.00503	0.57656
11	0.02575	0.02095	0.02138	0.06535	0.02458	0.08696	0.01430	0.43654	0.08758	0.04054	0.05870	0.02333	0.03883	0.00990	0.00782	0.00236	0.00854	0.00765	0.00713	0.01182
12	0.01940	0.01908	0.02865	0.11498	0.50516	0.06661	0.02189	0.02543	0.07573	0.02491	0.01583	0.01985	0.01293	0.00740	0.00765	0.00234	0.00940	0.00694	0.00417	0.01165
13	0.02722	0.01952	0.02129	0.01656	0.02245	0.02104	0.01352	0.47218	0.10174	0.09257	0.02068	0.02091	0.01501	0.02671	0.00838	0.00240	0.00787	0.00715	0.00758	0.07521
14	0.02159	0.01414	0.01688	0.01394	0.01833	0.01433	0.03318	0.17863	0.10895	0.13706	0.02595	0.10037	0.02178	0.05118	0.00936	0.00260	0.00657	0.02119	0.11566	0.08831
15	0.01420	0.06499	0.12319	0.05047	0.01881	0.01170	0.04886	0.01500	0.01273	0.01727	0.01609	0.06546	0.01555	0.04687	0.05918	0.39312	0.00884	0.00773	0.00371	0.00624
16	0.01826	0.15406	0.32440	0.08567	0.12438	0.02000	0.07935	0.02458	0.01688	0.06132	0.01457	0.01744	0.01096	0.00726	0.00721	0.00231	0.01034	0.00615	0.00380	0.01107
17	0.02056	0.02083	0.02899	0.10582	0.49919	0.11840	0.02196	0.04701	0.01876	0.02471	0.01427	0.01854	0.01179	0.00723	0.00759	0.00229	0.01000	0.00663	0.00396	0.01148
18	0.02135	0.01887	0.04514	0.03333	0.36062	0.01896	0.05254	0.10969	0.16036	0.07020	0.01979	0.02168	0.01519	0.00816	0.00781	0.00240	0.00856	0.00746	0.00556	0.01233

[dist]
# distance from previous block
# <min> <max>
21	30

[block]
# block no. 13 follows, 25 sequences, length 284
# corresponding to MSA columns:
# 797-1080
name=unknown_N
#
# <colnr> <probs for GDERKNQSTAVLIFYWHMCP>
#	G	D	E	R	K	N	Q	S	T	A	V	L	I	F	Y	W	H	M	C	P
0	0.03456	0.01413	0.01815	0.01404	0.01996	0.03837	0.01154	0.03752	0.02218	0.65830	0.02986	0.02590	0.01883	0.00953	0.00777	0.00238	0.00689	0.00769	0.00938	0.01303
1	0.01696	0.01696	0.02375	0.02036	0.02036	0.02375	0.01696	0.01866	0.01187	0.01866	0.01018	0.01696	0.01018	0.01357	0.02545	0.00339	0.71332	0.00679	0.00339	0.00848
2	0.05836	0.64104	0.06647	0.01375	0.02040	0.05422	0.01376	0.02354	0.01589	0.01936	0.01096	0.01267	0.00987	0.00674	0.00514	0.00174	0.00853	0.00425	0.00341	0.00990
3	0.01473	0.01360	0.02249	0.64450	0.04979	0.01702	0.02054	0.01967	0.01538	0.02021	0.01419	0.02092	0.01080	0.00807	0.00840	0.00258	0.04041	0.00690	0.04126	0.00854
4	0.01128	0.00752	0.00846	0.00846	0.00846	0.00752	0.00470	0.01128	0.01128	0.01503	0.02443	0.05074	0.02819	0.72751	0.03946	0.00752	0.00752	0.01128	0.00470	0.00470
5	0.01458	0.01343	0.02261	0.67442	0.05127	0.01671	0.02080	0.01933	0.01524	0.01950	0.01377	0.02081	0.01049	0.00870	0.00886	0.04064	0.01016	0.00688	0.00344	0.00835
6	0.75235	0.01492	0.01166	0.01034	0.01519	0.01715	0.00852	0.02339	0.01356	0.06080	0.01159	0.01315	0.00883	0.00729	0.00492	0.00240	0.00602	0.00434	0.00499	0.00859
7	0.01147	0.00753	0.00855	0.00855	0.00872	0.00759	0.00496	0.01182	0.01164	0.01605	0.02433	0.04848	0.02728	0.65315	0.06517	0.00736	0.00783	0.01089	0.05366	0.00495
8	0.02872	0.06047	0.02280	0.01948	0.02383	0.59363	0.01489	0.10336	0.02344	0.02244	0.01272	0.01447	0.01036	0.00809	0.00701	0.00202	0.01314	0.00519	0.00441	0.00951
9	0.01128	0.00752	0.00846	0.00846	0.00846	0.00752	0.00470	0.01128	0.01128	0.01503	0.02443	0.05074	0.02819	0.72751	0.03946	0.00752	0.00752	0.01128	0.00470	0.00470
10	0.01775	0.01489	0.01729	0.01264	0.01915	0.01259	0.01020	0.09686	0.01838	0.02786	0.01422	0.01643	0.01164	0.00652	0.00684	0.00139	0.03669	0.00498	0.00493	0.64875
11	0.01571	0.01511	0.02134	0.01867	0.01896	0.02074	0.01541	0.01763	0.01200	0.01852	0.01244	0.01985	0.01215	0.02310	0.16894	0.00533	0.56528	0.00711	0.00356	0.00815
12	0.02768	0.01999	0.02135	0.01657	0.02225	0.02203	0.01362	0.57735	0.03404	0.04648	0.01941	0.01985	0.01399	0.00927	0.00748	0.00226	0.00794	0.00701	0.09895	0.01247
13	0.01966	0.01827	0.03423	0.02458	0.03193	0.01647	0.39250	0.04773	0.01873	0.08786	0.01668	0.02003	0.01244	0.00671	0.00804	0.00218	0.01030	0.00770	0.00478	0.21918
14	0.01555	0.04011	0.68733	0.02210	0.03356	0.01801	0.02865	0.02455	0.01637	0.02455	0.01391	0.01637	0.00982	0.00737	0.00737	0.00246	0.01146	0.00573	0.00327	0.01146
15	0.01249	0.00892	0.01249	0.01428	0.01606	0.00892	0.01249	0.01606	0.01785	0.02320	0.04105	0.08746	0.04462	0.02142	0.01071	0.00357	0.00714	0.62695	0.00714	0.00714
