[name]
unknown

[dist]
# distance from previous block
# <min> <max>
12	42

[block]
# block no. 0 follows, 21 sequences, length 6
# corresponding to MSA columns:
# 62-67
name=unknown_A
#
# <colnr> <probs for GDERKNQSTAVLIFYWHMCP>
#	G	D	E	R	K	N	Q	S	T	A	V	L	I	F	Y	W	H	M	C	P
0	0.01933	0.01480	0.01900	0.11428	0.05398	0.01621	0.01407	0.14170	0.11608	0.05696	0.16621	0.08475	0.03487	0.01919	0.08605	0.00404	0.00923	0.01114	0.00740	0.01070
1	0.10489	0.01621	0.02400	0.53168	0.05024	0.01973	0.02115	0.08593	0.01917	0.02707	0.01531	0.02141	0.01143	0.00862	0.00813	0.00278	0.01058	0.00723	0.00446	0.00996
2	0.11219	0.02106	0.09399	0.01756	0.05163	0.03838	0.01481	0.14807	0.05295	0.09235	0.04363	0.02197	0.01681	0.00887	0.00744	0.00224	0.00809	0.00687	0.03611	0.20501
3	0.01691	0.01661	0.03029	0.17871	0.03605	0.01812	0.22392	0.02156	0.01706	0.02313	0.02030	0.03459	0.01876	0.09724	0.05037	0.00430	0.10683	0.07130	0.00459	0.00934
4	0.08553	0.01848	0.02107	0.04504	0.02397	0.01958	0.01381	0.28507	0.07747	0.22408	0.02508	0.02622	0.01810	0.06439	0.01103	0.00307	0.00832	0.00822	0.00841	0.01305
5	0.02630	0.01924	0.02095	0.01763	0.02319	0.02141	0.01405	0.19463	0.39880	0.12062	0.03079	0.02843	0.02234	0.01107	0.00861	0.00277	0.00749	0.00897	0.00886	0.01386

[dist]
# distance from previous block
# <min> <max>
6	17

[block]
# block no. 1 follows, 21 sequences, length 18
# corresponding to MSA columns:
# 89-106
name=unknown_B
#
# <colnr> <probs for GDERKNQSTAVLIFYWHMCP>
#	G	D	E	R	K	N	Q	S	T	A	V	L	I	F	Y	W	H	M	C	P
0	0.15069	0.01718	0.02123	0.39575	0.04149	0.06943	0.01824	0.02552	0.07898	0.02669	0.01723	0.02207	0.01313	0.00882	0.00770	0.00269	0.00983	0.00710	0.05647	0.00974
1	0.01151	0.00873	0.01176	0.05861	0.01637	0.00820	0.00922	0.01352	0.01648	0.02234	0.04144	0.57918	0.04869	0.02331	0.01023	0.00319	0.00552	0.02108	0.00732	0.08328
2	0.01933	0.01771	0.02811	0.37375	0.25099	0.02007	0.02319	0.07005	0.06252	0.02715	0.01718	0.02261	0.01332	0.00854	0.00849	0.00271	0.01046	0.00772	0.00462	0.01146
3	0.03818	0.01448	0.01975	0.01514	0.02172	0.01251	0.01251	0.04147	0.02436	0.65373	0.03357	0.02897	0.02107	0.01053	0.00856	0.00263	0.00724	0.00856	0.01053	0.01448
4	0.01820	0.01020	0.01202	0.01083	0.01454	0.00872	0.00837	0.02072	0.02081	0.20331	0.09559	0.11230	0.39444	0.01859	0.00969	0.00284	0.00518	0.01562	0.00872	0.00929
5	0.02275	0.70604	0.04459	0.01456	0.02184	0.03367	0.01456	0.02548	0.01729	0.02002	0.01183	0.01365	0.01092	0.00728	0.00546	0.00182	0.00910	0.00455	0.00364	0.01092
6	0.01031	0.00765	0.00963	0.01121	0.01218	0.00697	0.00762	0.01192	0.01691	0.02197	0.05466	0.57438	0.17227	0.02565	0.01070	0.00334	0.00481	0.02296	0.00790	0.00697
7	0.03601	0.01400	0.01905	0.01477	0.02097	0.01213	0.01213	0.03936	0.02433	0.60213	0.08436	0.03185	0.02600	0.01110	0.00868	0.00264	0.00697	0.00913	0.01044	0.01395
8	0.02027	0.02181	0.06598	0.25179	0.06971	0.08009	0.24780	0.02607	0.01936	0.05768	0.01806	0.04969	0.01432	0.00882	0.00909	0.00278	0.01239	0.00898	0.00457	0.01075
9	0.01890	0.02049	0.08433	0.27516	0.36236	0.01976	0.04733	0.02466	0.01844	0.02553	0.01567	0.02146	0.01246	0.00794	0.00849	0.00267	0.01092	0.00756	0.00401	0.01188
10	0.01154	0.01134	0.06420	0.01176	0.01448	0.00870	0.00971	0.01488	0.01975	0.02662	0.25788	0.21288	0.21450	0.02317	0.05588	0.00368	0.00633	0.01697	0.00781	0.00789
11	0.01711	0.01715	0.03192	0.51349	0.05495	0.01958	0.17732	0.02317	0.01781	0.02317	0.01567	0.02276	0.01175	0.00816	0.00891	0.00284	0.01212	0.00821	0.00392	0.00998
12	0.04415	0.07355	0.08899	0.16377	0.07681	0.02146	0.26133	0.05134	0.01920	0.02654	0.01701	0.04858	0.01393	0.00892	0.00987	0.00280	0.04753	0.00881	0.00442	0.01099
13	0.02003	0.08603	0.48721	0.02335	0.03446	0.02186	0.05353	0.12102	0.02152	0.03072	0.01594	0.01828	0.01147	0.00833	0.00806	0.00262	0.01190	0.00655	0.00441	0.01271
14	0.02132	0.02039	0.06912	0.14817	0.46984	0.01940	0.02501	0.02663	0.01929	0.07412	0.01715	0.02174	0.01355	0.00798	0.00843	0.00259	0.01024	0.00758	0.00458	0.01286
15	0.08493	0.02729	0.22748	0.02101	0.05394	0.06349	0.04214	0.05228	0.13489	0.13790	0.02345	0.05559	0.01783	0.01011	0.00825	0.00271	0.00974	0.00823	0.00636	0.01239
16	0.02097	0.02184	0.06383	0.08242	0.45962	0.04662	0.04969	0.02844	0.08910	0.02798	0.01797	0.02207	0.01451	0.00814	0.00848	0.00260	0.01032	0.00777	0.00467	0.01296
17	0.04937	0.02188	0.10768	0.07239	0.13908	0.01906	0.10356	0.05958	0.14574	0.07407	0.02102	0.02306	0.01578	0.00865	0.00829	0.00255	0.00957	0.00783	0.00582	0.10502

[dist]
# distance from previous block
# <min> <max>
0	25

[block]
# block no. 2 follows, 21 sequences, length 63
# corresponding to MSA columns:
# 132-194
name=unknown_C
#
# <colnr> <probs for GDERKNQSTAVLIFYWHMCP>
#	G	D	E	R	K	N	Q	S	T	A	V	L	I	F	Y	W	H	M	C	P
0	0.02268	0.02907	0.22792	0.02546	0.10049	0.09955	0.08893	0.03125	0.09780	0.10519	0.04250	0.02328	0.01711	0.00901	0.00842	0.00259	0.01087	0.00773	0.00561	0.04454
1	0.02732	0.02179	0.05061	0.01901	0.02524	0.09233	0.06134	0.10408	0.23428	0.18576	0.02690	0.02575	0.01925	0.01001	0.00844	0.00260	0.00895	0.00827	0.00783	0.06025
2	0.05897	0.07739	0.27693	0.02316	0.06321	0.02005	0.09542	0.10017	0.02095	0.05375	0.01823	0.05700	0.01468	0.00913	0.00808	0.00254	0.01053	0.00777	0.00505	0.07700
3	0.01946	0.01383	0.01634	0.01318	0.01844	0.01247	0.01040	0.05857	0.10122	0.10715	0.19867	0.03706	0.06659	0.01158	0.00824	0.00219	0.00591	0.00975	0.00772	0.28125
4	0.02029	0.04812	0.01924	0.01321	0.02052	0.01304	0.01073	0.02500	0.04977	0.09538	0.01796	0.01940	0.01412	0.00707	0.00663	0.00152	0.00656	0.00563	0.00575	0.60006
5	0.01389	0.00973	0.01320	0.06364	0.01746	0.00926	0.01001	0.01761	0.02175	0.06247	0.39826	0.14932	0.06250	0.01759	0.00990	0.00282	0.00530	0.06045	0.00844	0.04639
6	0.03046	0.02261	0.02422	0.01888	0.02518	0.02506	0.01540	0.54379	0.08464	0.05033	0.02186	0.02311	0.01621	0.04564	0.01030	0.00287	0.00910	0.00806	0.00835	0.01392
7	0.19478	0.01597	0.01894	0.01439	0.02120	0.01444	0.04903	0.02706	0.04645	0.13463	0.01846	0.01962	0.01386	0.00768	0.00678	0.00199	0.00706	0.00605	0.00613	0.37547
8	0.01855	0.01544	0.02565	0.05474	0.02687	0.01526	0.18907	0.11260	0.02257	0.06225	0.11270	0.23931	0.03624	0.01538	0.00991	0.00296	0.00871	0.01464	0.00706	0.01009
9	0.01996	0.02255	0.04853	0.03466	0.04322	0.02099	0.58550	0.02696	0.01996	0.02728	0.01711	0.02268	0.01290	0.00713	0.00985	0.00279	0.01393	0.00978	0.00434	0.04988
10	0.08502	0.01941	0.02975	0.28252	0.28646	0.05905	0.06776	0.02493	0.01840	0.02597	0.01523	0.02083	0.01210	0.00800	0.00825	0.00266	0.01090	0.00737	0.00416	0.01121
11	0.01862	0.01642	0.02500	0.59400	0.05404	0.05261	0.02239	0.02392	0.01796	0.07081	0.01646	0.02279	0.01208	0.00868	0.00847	0.00279	0.01124	0.00753	0.00434	0.00987
12	0.01204	0.00870	0.01138	0.01071	0.01271	0.00803	0.00803	0.01606	0.02409	0.03413	0.64335	0.06357	0.08030	0.01740	0.01004	0.00268	0.00401	0.01539	0.00937	0.00803
13	0.02134	0.01558	0.01688	0.01556	0.01952	0.05430	0.01233	0.05486	0.23705	0.12789	0.08595	0.10068	0.07376	0.01552	0.00948	0.00300	0.00712	0.10958	0.00849	0.01114
14	0.01777	0.10481	0.56542	0.02400	0.03586	0.02116	0.06277	0.02683	0.01802	0.02632	0.01506	0.01784	0.01091	0.00796	0.00795	0.00262	0.01235	0.00634	0.00364	0.01236
15	0.01035	0.00746	0.00982	0.01170	0.01230	0.00692	0.00783	0.01187	0.01644	0.02178	0.04871	0.66716	0.08333	0.02643	0.01083	0.00343	0.00491	0.02391	0.00790	0.00692
16	0.01931	0.01844	0.03138	0.27229	0.44144	0.01976	0.02525	0.02459	0.01855	0.02568	0.01570	0.02163	0.01273	0.00791	0.00845	0.00264	0.01054	0.00758	0.00406	0.01207
17	0.01779	0.01849	0.03612	0.40388	0.05255	0.02003	0.27820	0.02411	0.01833	0.02411	0.01602	0.02280	0.01202	0.00794	0.00917	0.00285	0.01263	0.00863	0.00401	0.01032
18	0.01290	0.00877	0.01004	0.01008	0.01044	0.00880	0.00602	0.03734	0.01409	0.01880	0.02951	0.14847	0.03399	0.57311	0.03710	0.00731	0.00781	0.01392	0.00570	0.00580
19	0.02884	0.02209	0.02356	0.01887	0.02505	0.02475	0.01533	0.43932	0.22587	0.04798	0.02489	0.02398	0.01808	0.01063	0.00856	0.00266	0.00854	0.00828	0.00856	0.01416
20	0.01747	0.01672	0.03170	0.07590	0.03258	0.01634	0.30264	0.02411	0.07172	0.04855	0.05100	0.21528	0.02898	0.01366	0.00998	0.00302	0.01016	0.01396	0.00606	0.01018
21	0.02009	0.02296	0.05022	0.03587	0.04448	0.02152	0.61693	0.02726	0.02009	0.02726	0.01722	0.02296	0.01291	0.00717	0.01004	0.00287	0.01435	0.01004	0.00430	0.01148
22	0.01037	0.00741	0.00987	0.01185	0.01234	0.00691	0.00790	0.01185	0.01629	0.02172	0.04690	0.69537	0.05629	0.02666	0.01086	0.00346	0.00494	0.02419	0.00790	0.00691
23	0.02009	0.02296	0.05022	0.03587	0.04448	0.02152	0.61693	0.02726	0.02009	0.02726	0.01722	0.02296	0.01291	0.00717	0.01004	0.00287	0.01435	0.01004	0.00430	0.01148
24	0.03147	0.03182	0.02592	0.02248	0.04916	0.36522	0.04711	0.21182	0.02859	0.08056	0.01726	0.01854	0.01300	0.00922	0.00815	0.00238	0.01266	0.00669	0.00611	0.01184
25	0.01195	0.00870	0.01124	0.01061	0.01266	0.00799	0.00796	0.01588	0.02387	0.03360	0.61681	0.06444	0.10716	0.01760	0.01004	0.00269	0.00403	0.01551	0.00930	0.00799
26	0.01862	0.01862	0.02607	0.02234	0.02234	0.02607	0.01862	0.02048	0.01303	0.02048	0.01117	0.01862	0.01117	0.01489	0.02793	0.00372	0.68535	0.00745	0.00372	0.00931
27	0.01765	0.01513	0.01765	0.01260	0.02017	0.01134	0.01008	0.02143	0.01765	0.02773	0.01513	0.01765	0.01260	0.00630	0.00630	0.00126	0.00630	0.00504	0.00504	0.75295
28	0.03100	0.03781	0.02382	0.02142	0.02599	0.57763	0.01620	0.07047	0.07236	0.02397	0.01527	0.01693	0.01234	0.00907	0.00780	0.00227	0.01431	0.00594	0.00497	0.01043
29	0.01204	0.00870	0.01138	0.01071	0.01271	0.00803	0.00803	0.01606	0.02409	0.03413	0.64335	0.06357	0.08030	0.01740	0.01004	0.00268	0.00401	0.01539	0.00937	0.00803
30	0.01064	0.00752	0.00979	0.01150	0.01193	0.00709	0.00753	0.01192	0.01576	0.02102	0.04418	0.60858	0.05285	0.11814	0.01526	0.00411	0.00539	0.02259	0.00753	0.00667
31	0.03659	0.01413	0.01924	0.01487	0.02118	0.01224	0.01224	0.03993	0.02434	0.61604	0.07067	0.03107	0.02467	0.01095	0.00865	0.00264	0.00705	0.00897	0.01046	0.01409
32	0.02106	0.02022	0.03454	0.05223	0.64784	0.02022	0.02612	0.02612	0.01938	0.02780	0.01601	0.02106	0.01348	0.00758	0.00842	0.00253	0.01011	0.00758	0.00421	0.01348
33	0.02440	0.01648	0.02353	0.01947	0.02209	0.01984	0.03701	0.02708	0.01762	0.22747	0.05469	0.02528	0.01875	0.01536	0.04635	0.00369	0.37523	0.00842	0.00631	0.01093
34	0.01037	0.00741	0.00987	0.01185	0.01234	0.00691	0.00790	0.01185	0.01629	0.02172	0.04690	0.69537	0.05629	0.02666	0.01086	0.00346	0.00494	0.02419	0.00790	0.00691
35	0.01938	0.01786	0.02578	0.07397	0.05562	0.02247	0.05459	0.09972	0.01789	0.02573	0.01630	0.05565	0.01516	0.01846	0.08506	0.00437	0.36855	0.00868	0.00472	0.01004
36	0.01677	0.01584	0.02679	0.59262	0.14101	0.01909	0.02398	0.02235	0.01735	0.02259	0.01525	0.02246	0.01164	0.00838	0.00850	0.00279	0.01117	0.00757	0.00384	0.01002
37	0.37104	0.01946	0.01878	0.01525	0.02124	0.02171	0.01255	0.27529	0.05062	0.09236	0.01803	0.01848	0.01300	0.00922	0.00701	0.00261	0.00780	0.00639	0.00717	0.01199
38	0.01120	0.00835	0.01042	0.01056	0.01236	0.00757	0.00767	0.01418	0.02113	0.02864	0.37519	0.22793	0.19226	0.02062	0.01025	0.00292	0.00431	0.01816	0.00869	0.00757
39	0.01042	0.00763	0.00980	0.01138	0.01226	0.00701	0.00773	0.01213	0.01712	0.02258	0.08535	0.58301	0.13130	0.02550	0.01071	0.00334	0.00481	0.02292	0.00798	0.00701
40	0.01283	0.01003	0.01442	0.01411	0.01522	0.01196	0.01081	0.01530	0.01363	0.01962	0.02339	0.07617	0.02335	0.12407	0.48327	0.01127	0.09808	0.01023	0.00474	0.00749
41	0.01922	0.02255	0.08857	0.07925	0.03962	0.02013	0.38862	0.02667	0.05074	0.02696	0.01724	0.02212	0.01318	0.00786	0.01015	0.00270	0.04687	0.00878	0.00450	0.10428
42	0.02320	0.54852	0.04008	0.01633	0.02238	0.10066	0.01527	0.02577	0.01749	0.02017	0.01189	0.01446	0.01096	0.00839	0.00851	0.00210	0.09448	0.00501	0.00373	0.01061
43	0.02040	0.02108	0.03675	0.08895	0.28280	0.04920	0.23111	0.02595	0.01944	0.02681	0.01612	0.02116	0.01289	0.00740	0.00870	0.00250	0.01146	0.00803	0.00432	0.10492
44	0.02185	0.37708	0.11433	0.06968	0.02717	0.10143	0.01828	0.02549	0.01741	0.02119	0.01256	0.01593	0.01098	0.00894	0.01009	0.00237	0.12525	0.00560	0.00374	0.01062
45	0.01110	0.00821	0.01037	0.01079	0.01238	0.00748	0.00773	0.01387	0.02044	0.02772	0.33175	0.30000	0.16379	0.02150	0.01035	0.00300	0.00440	0.01906	0.00859	0.00748
46	0.01575	0.00961	0.01203	0.01089	0.01386	0.00854	0.00836	0.01918	0.02295	0.13111	0.40434	0.06263	0.21331	0.01734	0.00980	0.00272	0.00461	0.01494	0.00919	0.00886
47	0.02017	0.01052	0.01361	0.01186	0.01544	0.00931	0.00923	0.02356	0.02314	0.23347	0.33443	0.07823	0.15009	0.01616	0.00959	0.00272	0.00515	0.01390	0.00946	0.00995
48	0.01098	0.00893	0.00979	0.00992	0.01237	0.00798	0.00730	0.01443	0.05095	0.02513	0.16225	0.17795	0.42930	0.02125	0.01012	0.00294	0.00449	0.01817	0.00816	0.00759
49	0.03179	0.04056	0.02412	0.02192	0.02631	0.66676	0.01644	0.03398	0.02412	0.02083	0.01315	0.01535	0.01096	0.00877	0.00767	0.00219	0.01535	0.00548	0.00438	0.00987
50	0.02106	0.02022	0.03454	0.05223	0.64784	0.02022	0.02612	0.02612	0.01938	0.02780	0.01601	0.02106	0.01348	0.00758	0.00842	0.00253	0.01011	0.00758	0.00421	0.01348
51	0.01765	0.01513	0.01765	0.01260	0.02017	0.01134	0.01008	0.02143	0.01765	0.02773	0.01513	0.01765	0.01260	0.00630	0.00630	0.00126	0.00630	0.00504	0.00504	0.75295
52	0.01217	0.00908	0.01350	0.01350	0.01496	0.01054	0.01042	0.01509	0.01363	0.01963	0.02295	0.03431	0.02165	0.08887	0.64268	0.01346	0.02222	0.00925	0.00458	0.00750
53	0.76103	0.01646	0.01251	0.01119	0.01646	0.01909	0.00922	0.02502	0.01448	0.03818	0.01185	0.01382	0.00922	0.00790	0.00527	0.00263	0.00658	0.00461	0.00527	0.00922
54	0.01192	0.00869	0.01121	0.01058	0.01264	0.00798	0.00793	0.01582	0.02380	0.03344	0.60899	0.06470	0.11508	0.01765	0.01004	0.00269	0.00403	0.01555	0.00928	0.00798
55	0.01824	0.01531	0.01790	0.01311	0.02026	0.01226	0.01051	0.05907	0.01882	0.02889	0.01594	0.01880	0.01326	0.01010	0.04720	0.00211	0.00751	0.00546	0.00523	0.66002
56	0.01187	0.00857	0.01122	0.01082	0.01268	0.00792	0.00802	0.01563	0.02329	0.03286	0.58246	0.12806	0.07785	0.01834	0.01012	0.00276	0.00411	0.01629	0.00922	0.00792
57	0.01790	0.01667	0.02829	0.26692	0.07026	0.01979	0.11626	0.02240	0.01648	0.04606	0.01627	0.02334	0.01338	0.01740	0.10289	0.00451	0.17887	0.00818	0.00423	0.00989
58	0.11855	0.35672	0.15566	0.01734	0.02495	0.11968	0.01751	0.05829	0.01924	0.02560	0.01315	0.01512	0.01087	0.00789	0.00643	0.00219	0.01036	0.00519	0.00420	0.01106
59	0.20974	0.22467	0.07449	0.01594	0.02234	0.02395	0.03596	0.08268	0.13257	0.03221	0.05569	0.02135	0.01787	0.00916	0.00692	0.00245	0.00819	0.00677	0.00579	0.01125
60	0.12682	0.06075	0.02158	0.01591	0.02209	0.02095	0.01310	0.25996	0.11471	0.09712	0.02167	0.02174	0.01593	0.00942	0.00750	0.00238	0.00773	0.00710	0.04535	0.10819
61	0.58005	0.07290	0.01780	0.04083	0.05812	0.02080	0.01170	0.06279	0.01673	0.03641	0.01278	0.01503	0.01004	0.00800	0.00581	0.00256	0.00737	0.00510	0.00522	0.00996
62	0.05588	0.01377	0.04386	0.01243	0.01621	0.05164	0.01019	0.02173	0.02243	0.13609	0.32813	0.05352	0.16974	0.01557	0.00930	0.00268	0.00588	0.01312	0.00848	0.00935

[dist]
# distance from previous block
# <min> <max>
0	1

[block]
# block no. 3 follows, 21 sequences, length 18
# corresponding to MSA columns:
# 197-214
name=unknown_D
#
# <colnr> <probs for GDERKNQSTAVLIFYWHMCP>
#	G	D	E	R	K	N	Q	S	T	A	V	L	I	F	Y	W	H	M	C	P
0	0.02670	0.02939	0.02174	0.01967	0.02424	0.34574	0.01509	0.06332	0.27605	0.02854	0.02363	0.02560	0.01885	0.01057	0.00828	0.00256	0.01123	0.03086	0.00647	0.01147
1	0.03118	0.02582	0.02471	0.01971	0.02596	0.12249	0.01595	0.47540	0.09511	0.04693	0.02071	0.02076	0.01506	0.01013	0.00840	0.00253	0.01001	0.00752	0.00790	0.01368
2	0.01018	0.00863	0.00879	0.00875	0.01157	0.00724	0.00656	0.01245	0.01969	0.02369	0.12114	0.08075	0.60902	0.02129	0.01006	0.00286	0.00429	0.01780	0.00799	0.00724
3	0.02945	0.01929	0.02316	0.01820	0.02428	0.02031	0.04562	0.30686	0.12388	0.18960	0.08486	0.02841	0.02397	0.01102	0.00877	0.00265	0.00821	0.00903	0.00887	0.01355
4	0.02562	0.13292	0.21248	0.02035	0.02850	0.02554	0.02053	0.32075	0.02852	0.03877	0.01707	0.01858	0.01266	0.00943	0.00909	0.00255	0.05075	0.00678	0.00605	0.01307
5	0.01639	0.01160	0.01383	0.01218	0.01513	0.01162	0.00943	0.13484	0.02662	0.03773	0.46247	0.05207	0.06181	0.01528	0.00935	0.00259	0.00506	0.01316	0.07956	0.00928
6	0.01037	0.00741	0.00987	0.01185	0.01234	0.00691	0.00790	0.01185	0.01629	0.02172	0.04690	0.69537	0.05629	0.02666	0.01086	0.00346	0.00494	0.02419	0.00790	0.00691
7	0.01765	0.01513	0.01765	0.01260	0.02017	0.01134	0.01008	0.02143	0.01765	0.02773	0.01513	0.01765	0.01260	0.00630	0.00630	0.00126	0.00630	0.00504	0.00504	0.75295
8	0.01146	0.00856	0.01065	0.01037	0.01242	0.00774	0.00769	0.01484	0.02235	0.03059	0.46864	0.12762	0.19738	0.01916	0.01012	0.00279	0.00417	0.01677	0.00892	0.00774
9	0.01035	0.00748	0.00980	0.01165	0.01229	0.00693	0.00781	0.01187	0.01648	0.02180	0.04929	0.65809	0.09202	0.02635	0.01081	0.00342	0.00490	0.02381	0.00790	0.00693
10	0.03443	0.01793	0.02141	0.01653	0.02292	0.01794	0.01362	0.27779	0.03040	0.36915	0.02782	0.02562	0.01840	0.01036	0.00838	0.00256	0.00791	0.00815	0.05460	0.01408
11	0.02106	0.02022	0.03454	0.05223	0.64784	0.02022	0.02612	0.02612	0.01938	0.02780	0.01601	0.02106	0.01348	0.00758	0.00842	0.00253	0.01011	0.00758	0.00421	0.01348
12	0.01254	0.00942	0.01208	0.01341	0.01566	0.00896	0.01139	0.01589	0.01953	0.02467	0.05827	0.09147	0.24017	0.02288	0.01121	0.00358	0.00670	0.40668	0.00786	0.00763
13	0.01251	0.00976	0.01172	0.01260	0.01490	0.00942	0.01004	0.01727	0.07731	0.02487	0.05933	0.19024	0.26416	0.02221	0.01069	0.00336	0.00594	0.22775	0.00795	0.00797
14	0.02360	0.52627	0.03896	0.01602	0.02247	0.07842	0.01491	0.06054	0.06963	0.02326	0.01426	0.01591	0.01238	0.00831	0.00724	0.00208	0.04484	0.00536	0.00439	0.01117
15	0.65744	0.01766	0.01306	0.01176	0.01674	0.06600	0.00953	0.02533	0.01542	0.03647	0.01301	0.01514	0.01019	0.00810	0.00549	0.00256	0.00705	0.00490	0.05499	0.00918
16	0.01441	0.01149	0.01379	0.01473	0.01721	0.03586	0.01221	0.01914	0.06030	0.02541	0.04529	0.15660	0.09883	0.02131	0.01080	0.00347	0.00729	0.37152	0.00760	0.05275
17	0.01965	0.01961	0.03590	0.19902	0.37128	0.02020	0.15815	0.02533	0.01897	0.02623	0.01607	0.02188	0.01284	0.00771	0.00881	0.00268	0.01136	0.00813	0.00413	0.01207

[dist]
# distance from previous block
# <min> <max>
0	2

[block]
# block no. 4 follows, 21 sequences, length 193
# corresponding to MSA columns:
# 217-409
name=unknown_E
#
# <colnr> <probs for GDERKNQSTAVLIFYWHMCP>
#	G	D	E	R	K	N	Q	S	T	A	V	L	I	F	Y	W	H	M	C	P
0	0.10773	0.01968	0.02150	0.01717	0.02336	0.02120	0.01401	0.30136	0.15275	0.19415	0.02558	0.02409	0.01784	0.01032	0.00821	0.00265	0.00803	0.00795	0.00869	0.01372
1	0.27333	0.27263	0.16146	0.01612	0.02358	0.08177	0.01648	0.02639	0.01708	0.02773	0.01268	0.01477	0.01032	0.00779	0.00615	0.00231	0.00953	0.00502	0.00425	0.01060
2	0.02956	0.02131	0.02304	0.01815	0.02409	0.02343	0.01467	0.47145	0.10081	0.07821	0.02323	0.02539	0.01759	0.07513	0.01179	0.00313	0.00887	0.00836	0.00832	0.01349
3	0.02047	0.02625	0.12124	0.10274	0.07473	0.09066	0.35131	0.02702	0.01977	0.02597	0.01613	0.02111	0.01227	0.00759	0.00911	0.00268	0.01330	0.00843	0.00419	0.04502
4	0.01051	0.00751	0.01004	0.01201	0.01256	0.00703	0.00814	0.01209	0.01643	0.02188	0.04683	0.67030	0.05598	0.02653	0.01090	0.00348	0.00506	0.04788	0.00790	0.00695
5	0.01403	0.01242	0.01762	0.01631	0.01725	0.01479	0.04071	0.01594	0.01508	0.02106	0.03303	0.26911	0.08658	0.08530	0.05921	0.00453	0.24835	0.01502	0.00579	0.00789
6	0.01439	0.01187	0.01399	0.01163	0.01644	0.00944	0.00886	0.01745	0.01826	0.02634	0.09312	0.17370	0.12855	0.01403	0.00821	0.00211	0.00548	0.01208	0.00651	0.40755
7	0.01655	0.00860	0.00867	0.00842	0.01060	0.00870	0.00638	0.04491	0.01877	0.03264	0.02745	0.03125	0.02151	0.00993	0.00606	0.00201	0.00419	0.00792	0.71723	0.00821
8	0.01283	0.01068	0.01474	0.01494	0.01540	0.01259	0.01115	0.01458	0.01512	0.02118	0.03455	0.44040	0.04022	0.02721	0.08275	0.00458	0.19501	0.01802	0.00640	0.00765
9	0.37807	0.01938	0.01921	0.15418	0.02838	0.05613	0.01442	0.17755	0.02210	0.03776	0.01481	0.01746	0.01111	0.00867	0.00691	0.00263	0.00877	0.00606	0.00574	0.01065
10	0.01037	0.00741	0.00987	0.01185	0.01234	0.00691	0.00790	0.01185	0.01629	0.02172	0.04690	0.69537	0.05629	0.02666	0.01086	0.00346	0.00494	0.02419	0.00790	0.00691
11	0.05593	0.21516	0.46491	0.02107	0.03190	0.02335	0.02593	0.02647	0.01762	0.02571	0.01420	0.01663	0.01074	0.00787	0.00726	0.00246	0.01137	0.00575	0.00369	0.01198
12	0.02106	0.02022	0.03454	0.05223	0.64784	0.02022	0.02612	0.02612	0.01938	0.02780	0.01601	0.02106	0.01348	0.00758	0.00842	0.00253	0.01011	0.00758	0.00421	0.01348
13	0.05153	0.32978	0.36375	0.01949	0.02946	0.02576	0.02317	0.02623	0.01752	0.02443	0.01363	0.01592	0.01077	0.00773	0.00683	0.00231	0.01081	0.00546	0.00369	0.01171
14	0.02646	0.01911	0.02006	0.01679	0.02221	0.05172	0.01338	0.19186	0.26850	0.14900	0.03536	0.03302	0.09011	0.01199	0.00871	0.00272	0.00768	0.00963	0.00866	0.01304
15	0.02269	0.01904	0.02010	0.01763	0.02271	0.02188	0.01384	0.12353	0.55167	0.03806	0.03270	0.03021	0.02441	0.01136	0.00864	0.00284	0.00709	0.00935	0.00864	0.01361
16	0.76103	0.01646	0.01251	0.01119	0.01646	0.01909	0.00922	0.02502	0.01448	0.03818	0.01185	0.01382	0.00922	0.00790	0.00527	0.00263	0.00658	0.00461	0.00527	0.00922
17	0.02288	0.01319	0.01622	0.01395	0.01819	0.01309	0.01096	0.03221	0.19276	0.23136	0.28097	0.04376	0.04643	0.01360	0.00919	0.00272	0.00579	0.01162	0.00954	0.01159
18	0.01067	0.00759	0.01008	0.01195	0.01251	0.00715	0.00811	0.01222	0.01629	0.02169	0.04579	0.62732	0.05458	0.06025	0.01254	0.00372	0.00528	0.05761	0.00776	0.00688
19	0.01046	0.00751	0.00978	0.01155	0.01213	0.00700	0.00768	0.01190	0.01624	0.02150	0.04778	0.62993	0.08432	0.06305	0.01259	0.00369	0.00509	0.02324	0.00775	0.00683
20	0.01037	0.00741	0.00987	0.01185	0.01234	0.00691	0.00790	0.01185	0.01629	0.02172	0.04690	0.69537	0.05629	0.02666	0.01086	0.00346	0.00494	0.02419	0.00790	0.00691
21	0.03818	0.01448	0.01975	0.01514	0.02172	0.01251	0.01251	0.04147	0.02436	0.65373	0.03357	0.02897	0.02107	0.01053	0.00856	0.00263	0.00724	0.00856	0.01053	0.01448
22	0.01708	0.01640	0.02849	0.54454	0.14546	0.01927	0.06298	0.02276	0.01757	0.02301	0.01539	0.02246	0.01177	0.00828	0.00860	0.00279	0.01136	0.00773	0.00388	0.01019
23	0.02624	0.02072	0.02332	0.10699	0.02919	0.02355	0.01622	0.33730	0.24575	0.04302	0.02473	0.02472	0.01811	0.01046	0.00856	0.00271	0.00870	0.00834	0.00793	0.01345
24	0.01849	0.06785	0.57477	0.02463	0.06172	0.01998	0.02962	0.02756	0.01831	0.05725	0.01606	0.01846	0.01140	0.00815	0.00802	0.00265	0.01207	0.00639	0.00396	0.01264
25	0.01887	0.04149	0.60235	0.02348	0.03554	0.01914	0.02982	0.02819	0.01851	0.08055	0.01684	0.01891	0.01166	0.00829	0.00813	0.00269	0.01212	0.00648	0.00419	0.01274
26	0.03030	0.01315	0.01749	0.01408	0.01935	0.01179	0.01137	0.03492	0.05734	0.45530	0.19585	0.03832	0.03709	0.01241	0.00896	0.00266	0.00636	0.01043	0.01012	0.01271
27	0.02298	0.01084	0.01430	0.01241	0.01611	0.00972	0.00965	0.02637	0.02260	0.28774	0.25588	0.12629	0.04709	0.01501	0.00913	0.00269	0.00546	0.01296	0.08223	0.01054
28	0.02002	0.13973	0.40781	0.02493	0.06137	0.09368	0.08444	0.02750	0.01882	0.02530	0.01475	0.01766	0.01115	0.00793	0.00785	0.00252	0.01243	0.00636	0.00379	0.01196
29	0.01787	0.08086	0.02614	0.18286	0.03028	0.02330	0.01845	0.02091	0.01466	0.02119	0.01362	0.02061	0.01225	0.01533	0.05849	0.00385	0.38694	0.00733	0.03572	0.00933
30	0.01094	0.00854	0.00992	0.00981	0.01209	0.00752	0.00727	0.01383	0.02112	0.02764	0.32130	0.13025	0.34884	0.02024	0.01012	0.00284	0.00424	0.01743	0.00853	0.00752
31	0.01581	0.01538	0.02821	0.02278	0.02642	0.01590	0.24628	0.01968	0.01729	0.02414	0.02838	0.28749	0.03012	0.01629	0.01321	0.00320	0.12432	0.01507	0.04088	0.00914
32	0.02807	0.06242	0.12333	0.01988	0.02672	0.17093	0.01781	0.22445	0.12453	0.08700	0.02087	0.02105	0.01529	0.00964	0.00813	0.00252	0.01064	0.00718	0.00675	0.01279
33	0.01102	0.00830	0.01208	0.01324	0.01421	0.00778	0.03877	0.01290	0.01664	0.02218	0.04533	0.63318	0.05376	0.02553	0.01086	0.00345	0.00555	0.05033	0.00772	0.00719
34	0.01939	0.04786	0.02202	0.01859	0.04892	0.10135	0.07033	0.09792	0.02086	0.02629	0.06310	0.04035	0.14706	0.13459	0.01739	0.00373	0.09433	0.01075	0.00589	0.00929
35	0.05051	0.01639	0.02648	0.48855	0.17581	0.01930	0.02299	0.02396	0.04822	0.02441	0.01614	0.02241	0.01242	0.00844	0.00835	0.00277	0.01065	0.00754	0.00418	0.01047
36	0.03109	0.03118	0.02289	0.01987	0.02484	0.39189	0.01532	0.15025	0.05773	0.10770	0.01995	0.05306	0.01597	0.01032	0.00816	0.00242	0.01218	0.00745	0.00637	0.01139
37	0.02458	0.02880	0.02521	0.02210	0.02468	0.33731	0.04556	0.02683	0.01900	0.02106	0.01478	0.06169	0.01412	0.01231	0.01606	0.00292	0.28142	0.00771	0.00435	0.00953
38	0.02030	0.05509	0.04854	0.03633	0.09754	0.02198	0.53536	0.02707	0.01989	0.02697	0.01685	0.02234	0.01287	0.00722	0.00968	0.00279	0.01372	0.00956	0.00426	0.01163
39	0.01363	0.00912	0.01206	0.01144	0.01369	0.00845	0.00883	0.01760	0.02366	0.06695	0.55144	0.06487	0.07400	0.01762	0.01013	0.00280	0.00457	0.07151	0.00928	0.00836
40	0.01887	0.10228	0.34890	0.02799	0.03842	0.02188	0.26731	0.02693	0.01876	0.02638	0.01571	0.01956	0.01166	0.00763	0.00861	0.00268	0.01294	0.00764	0.00389	0.01196
41	0.01729	0.01583	0.02568	0.48241	0.15021	0.01851	0.02243	0.05052	0.01874	0.02451	0.02018	0.02855	0.04218	0.00976	0.00872	0.00283	0.01056	0.03645	0.00446	0.01018
42	0.02056	0.01960	0.03287	0.11482	0.55705	0.02013	0.02525	0.02660	0.04901	0.02756	0.01682	0.02175	0.01387	0.00787	0.00844	0.00258	0.01007	0.00768	0.00439	0.01307
43	0.01216	0.00912	0.01368	0.01368	0.01520	0.01064	0.01064	0.01520	0.01368	0.01976	0.02279	0.03343	0.02127	0.06382	0.66720	0.01368	0.02279	0.00912	0.00456	0.00760
44	0.01391	0.00776	0.01129	0.01191	0.01229	0.00768	0.00844	0.01221	0.01322	0.01753	0.02456	0.14418	0.02667	0.02817	0.02638	0.51782	0.00706	0.09907	0.00500	0.00484
45	0.01499	0.00931	0.01228	0.01127	0.01374	0.00850	0.00854	0.01881	0.02376	0.10525	0.54562	0.08835	0.07235	0.01703	0.00990	0.00271	0.00443	0.01500	0.00944	0.00873
46	0.01113	0.00859	0.01015	0.00992	0.01219	0.00762	0.00738	0.01423	0.02169	0.02881	0.37880	0.10904	0.31044	0.01966	0.01010	0.00280	0.00419	0.01697	0.00868	0.00762
47	0.02361	0.01703	0.01859	0.01621	0.02117	0.01879	0.01275	0.07619	0.44235	0.13005	0.03586	0.03316	0.05531	0.01173	0.00857	0.00278	0.00671	0.00967	0.04637	0.01309
48	0.01204	0.00870	0.01138	0.01071	0.01271	0.00803	0.00803	0.01606	0.02409	0.03413	0.64335	0.06357	0.08030	0.01740	0.01004	0.00268	0.00401	0.01539	0.00937	0.00803
49	0.76103	0.01646	0.01251	0.01119	0.01646	0.01909	0.00922	0.02502	0.01448	0.03818	0.01185	0.01382	0.00922	0.00790	0.00527	0.00263	0.00658	0.00461	0.00527	0.00922
50	0.01204	0.00870	0.01138	0.01071	0.01271	0.00803	0.00803	0.01606	0.02409	0.03413	0.64335	0.06357	0.08030	0.01740	0.01004	0.00268	0.00401	0.01539	0.00937	0.00803
51	0.01765	0.01513	0.01765	0.01260	0.02017	0.01134	0.01008	0.02143	0.01765	0.02773	0.01513	0.01765	0.01260	0.00630	0.00630	0.00126	0.00630	0.00504	0.00504	0.75295
52	0.01204	0.00870	0.01138	0.01071	0.01271	0.00803	0.00803	0.01606	0.02409	0.03413	0.64335	0.06357	0.08030	0.01740	0.01004	0.00268	0.00401	0.01539	0.00937	0.00803
53	0.01765	0.01513	0.01765	0.01260	0.02017	0.01134	0.01008	0.02143	0.01765	0.02773	0.01513	0.01765	0.01260	0.00630	0.00630	0.00126	0.00630	0.00504	0.00504	0.75295
54	0.03162	0.02313	0.02476	0.01906	0.02566	0.02557	0.01572	0.59277	0.03903	0.05266	0.02076	0.02093	0.01480	0.01020	0.00840	0.00253	0.00912	0.00767	0.04144	0.01418
55	0.01708	0.07237	0.59757	0.02315	0.03498	0.01982	0.02953	0.02635	0.01823	0.02699	0.04572	0.01999	0.01417	0.00850	0.00806	0.00265	0.01200	0.00665	0.00388	0.01228
56	0.76103	0.01646	0.01251	0.01119	0.01646	0.01909	0.00922	0.02502	0.01448	0.03818	0.01185	0.01382	0.00922	0.00790	0.00527	0.00263	0.00658	0.00461	0.00527	0.00922
57	0.01169	0.00856	0.01106	0.01139	0.01317	0.00794	0.00860	0.01494	0.02127	0.02901	0.36990	0.20512	0.13540	0.02069	0.01045	0.00304	0.00477	0.09664	0.00868	0.00767
58	0.01028	0.00863	0.00893	0.00885	0.01163	0.00728	0.00664	0.01264	0.01992	0.02423	0.14812	0.07986	0.58170	0.02109	0.01006	0.00285	0.00428	0.01767	0.00807	0.00728
59	0.02275	0.70604	0.04459	0.01456	0.02184	0.03367	0.01456	0.02548	0.01729	0.02002	0.01183	0.01365	0.01092	0.00728	0.00546	0.00182	0.00910	0.00455	0.00364	0.01092
60	0.01006	0.00862	0.00862	0.00862	0.01149	0.00718	0.00647	0.01221	0.01940	0.02299	0.08621	0.08190	0.64438	0.02155	0.01006	0.00287	0.00431	0.01796	0.00790	0.00718
61	0.01765	0.01513	0.01765	0.01260	0.02017	0.01134	0.01008	0.02143	0.01765	0.02773	0.01513	0.01765	0.01260	0.00630	0.00630	0.00126	0.00630	0.00504	0.00504	0.75295
62	0.01053	0.00864	0.00928	0.00912	0.01179	0.00739	0.00684	0.01313	0.02052	0.02566	0.21965	0.07751	0.50928	0.02056	0.01005	0.00283	0.00424	0.01734	0.00825	0.00739
63	0.01028	0.00869	0.00893	0.00904	0.01186	0.00734	0.00690	0.01254	0.01941	0.02314	0.08374	0.08275	0.60863	0.02167	0.01016	0.00294	0.00452	0.05235	0.00790	0.00722
64	0.01707	0.04402	0.65683	0.02426	0.03683	0.01976	0.03144	0.02695	0.01797	0.02695	0.01527	0.01797	0.01078	0.00809	0.00809	0.00270	0.01258	0.00629	0.00359	0.01258
65	0.01807	0.01717	0.02914	0.42866	0.29479	0.01943	0.02463	0.02350	0.01796	0.02417	0.01548	0.02204	0.01220	0.00814	0.00847	0.00271	0.01085	0.00757	0.00395	0.01107
66	0.01707	0.04402	0.65683	0.02426	0.03683	0.01976	0.03144	0.02695	0.01797	0.02695	0.01527	0.01797	0.01078	0.00809	0.00809	0.00270	0.01258	0.00629	0.00359	0.01258
67	0.01185	0.00869	0.01111	0.01051	0.01260	0.00795	0.00788	0.01569	0.02364	0.03306	0.58997	0.06532	0.13434	0.01780	0.01004	0.00270	0.00404	0.01564	0.00923	0.00795
68	0.02088	0.01756	0.02165	0.05291	0.05171	0.01911	0.05042	0.03825	0.42002	0.06086	0.03050	0.03236	0.02370	0.01108	0.00867	0.00276	0.00761	0.04055	0.00766	0.08174
69	0.76103	0.01646	0.01251	0.01119	0.01646	0.01909	0.00922	0.02502	0.01448	0.03818	0.01185	0.01382	0.00922	0.00790	0.00527	0.00263	0.00658	0.00461	0.00527	0.00922
70	0.02512	0.05446	0.02120	0.01485	0.02192	0.01631	0.01220	0.14720	0.05434	0.15678	0.02065	0.02094	0.01524	0.00824	0.00727	0.00190	0.00728	0.00647	0.00693	0.38069
71	0.01976	0.02204	0.04663	0.09433	0.04482	0.02127	0.53667	0.02752	0.04590	0.02711	0.01777	0.02331	0.01333	0.00748	0.00984	0.00287	0.01375	0.00980	0.00444	0.01138
72	0.01779	0.01566	0.01893	0.01409	0.02050	0.01359	0.01139	0.02128	0.01694	0.02662	0.01452	0.01779	0.01239	0.00761	0.00960	0.00164	0.10991	0.00541	0.00484	0.63949
73	0.01862	0.01862	0.02607	0.02234	0.02234	0.02607	0.01862	0.02048	0.01303	0.02048	0.01117	0.01862	0.01117	0.01489	0.02793	0.00372	0.68535	0.00745	0.00372	0.00931
74	0.01227	0.00866	0.01136	0.01136	0.01207	0.00938	0.00774	0.01371	0.01299	0.01804	0.02492	0.04518	0.02638	0.40021	0.33779	0.01081	0.01512	0.01084	0.00487	0.00631
75	0.02106	0.02022	0.03454	0.05223	0.64784	0.02022	0.02612	0.02612	0.01938	0.02780	0.01601	0.02106	0.01348	0.00758	0.00842	0.00253	0.01011	0.00758	0.00421	0.01348
76	0.01371	0.00980	0.01371	0.01567	0.01763	0.00980	0.01371	0.01763	0.01959	0.02547	0.04506	0.09599	0.04898	0.02351	0.01175	0.00392	0.00784	0.59056	0.00784	0.00784
77	0.29120	0.01557	0.01714	0.01397	0.01991	0.01572	0.01145	0.03606	0.08331	0.37331	0.02603	0.02392	0.01739	0.00971	0.00741	0.00266	0.00696	0.00728	0.00848	0.01252
78	0.01047	0.00748	0.00996	0.01178	0.01237	0.00698	0.00791	0.01210	0.01676	0.02247	0.08272	0.65743	0.05773	0.02611	0.01081	0.00341	0.00488	0.02366	0.00799	0.00698
79	0.03235	0.02384	0.02554	0.01958	0.02639	0.02639	0.01618	0.61946	0.04001	0.05363	0.02043	0.02043	0.01447	0.01022	0.00851	0.00255	0.00936	0.00766	0.00851	0.01447
80	0.01765	0.01513	0.01765	0.01260	0.02017	0.01134	0.01008	0.02143	0.01765	0.02773	0.01513	0.01765	0.01260	0.00630	0.00630	0.00126	0.00630	0.00504	0.00504	0.75295
81	0.01091	0.00766	0.01006	0.01147	0.01231	0.00716	0.00784	0.01295	0.01777	0.02439	0.15369	0.55284	0.05913	0.02427	0.01050	0.00325	0.00473	0.02191	0.04000	0.00716
82	0.01227	0.00866	0.01138	0.01138	0.01210	0.00939	0.00777	0.01372	0.01300	0.01805	0.02490	0.04507	0.02633	0.39685	0.34108	0.01084	0.01519	0.01082	0.00487	0.00632
83	0.01734	0.01667	0.02897	0.51142	0.17652	0.01934	0.06311	0.02299	0.01769	0.02333	0.01544	0.02238	0.01188	0.00823	0.00859	0.00278	0.01129	0.00773	0.00390	0.01040
84	0.01346	0.00999	0.01307	0.01362	0.01588	0.00970	0.01102	0.01838	0.06060	0.02826	0.21790	0.16233	0.05567	0.02044	0.01063	0.00328	0.00616	0.27279	0.00820	0.04863
85	0.03093	0.03064	0.02425	0.02038	0.02591	0.30843	0.01601	0.30104	0.09496	0.03727	0.01871	0.01937	0.01413	0.00972	0.00816	0.00243	0.01173	0.00690	0.00671	0.01233
86	0.02215	0.31099	0.28202	0.02009	0.02924	0.07851	0.05174	0.02790	0.01873	0.06481	0.01499	0.01696	0.01164	0.00793	0.00711	0.00230	0.01113	0.00585	0.00417	0.01175
87	0.08867	0.07057	0.20435	0.01839	0.02642	0.01995	0.01851	0.12755	0.10805	0.19911	0.02312	0.02256	0.01608	0.00949	0.00795	0.00262	0.00911	0.00732	0.00706	0.01312
88	0.76103	0.01646	0.01251	0.01119	0.01646	0.01909	0.00922	0.02502	0.01448	0.03818	0.01185	0.01382	0.00922	0.00790	0.00527	0.00263	0.00658	0.00461	0.00527	0.00922
89	0.02187	0.51134	0.16531	0.01708	0.02507	0.03021	0.01819	0.05261	0.01827	0.02296	0.01288	0.01505	0.01107	0.00792	0.00715	0.00212	0.04053	0.00517	0.00386	0.01134
90	0.71636	0.01811	0.05120	0.01198	0.01768	0.01913	0.01055	0.02513	0.01469	0.03751	0.01206	0.01407	0.00931	0.00791	0.00544	0.00264	0.00694	0.00471	0.00517	0.00942
91	0.01124	0.00814	0.01061	0.01110	0.01250	0.00751	0.00790	0.01408	0.02054	0.02831	0.36275	0.33534	0.09511	0.02156	0.01039	0.00302	0.00442	0.01928	0.00867	0.00751
92	0.02067	0.01776	0.01882	0.01696	0.02162	0.02045	0.01317	0.04364	0.59940	0.03552	0.06772	0.03348	0.02893	0.01186	0.00873	0.00288	0.00659	0.00993	0.00870	0.01317
93	0.01894	0.01806	0.03071	0.31887	0.39775	0.01966	0.02506	0.02426	0.01838	0.02523	0.01563	0.02175	0.01257	0.00798	0.00846	0.00266	0.01063	0.00757	0.00403	0.01177
94	0.01188	0.00864	0.01118	0.01065	0.01264	0.00794	0.00795	0.01569	0.02353	0.03305	0.59055	0.09163	0.10675	0.01800	0.01007	0.00272	0.00407	0.01589	0.00923	0.00794
95	0.01607	0.01513	0.02552	0.68047	0.05861	0.01891	0.02363	0.02174	0.01702	0.02174	0.01513	0.02269	0.01134	0.00851	0.00851	0.00284	0.01134	0.00756	0.00378	0.00945
96	0.06732	0.01641	0.02054	0.04431	0.02382	0.01581	0.01340	0.13887	0.05304	0.43743	0.02869	0.02612	0.01878	0.01011	0.00829	0.00257	0.00769	0.00806	0.00931	0.04942
97	0.02524	0.02859	0.02518	0.02199	0.02433	0.30805	0.01751	0.06239	0.01953	0.02262	0.01260	0.01729	0.01128	0.01192	0.01785	0.00298	0.34989	0.00659	0.00430	0.00986
98	0.01607	0.01513	0.02552	0.68047	0.05861	0.01891	0.02363	0.02174	0.01702	0.02174	0.01513	0.02269	0.01134	0.00851	0.00851	0.00284	0.01134	0.00756	0.00378	0.00945
99	0.01978	0.02348	0.07635	0.03385	0.04171	0.02193	0.52420	0.02651	0.01922	0.02651	0.01647	0.02225	0.01262	0.00806	0.01189	0.00295	0.08713	0.00958	0.00421	0.01129
100	0.03762	0.01538	0.02030	0.01557	0.02217	0.01384	0.01286	0.09677	0.02585	0.59632	0.03232	0.02815	0.02044	0.01050	0.00855	0.00263	0.00744	0.00847	0.01034	0.01448
101	0.01857	0.01917	0.03086	0.02485	0.02697	0.02415	0.15659	0.02167	0.01496	0.02216	0.01599	0.02251	0.04043	0.01341	0.02297	0.00349	0.49896	0.00853	0.00405	0.00971
102	0.16055	0.01896	0.02008	0.01535	0.02214	0.01906	0.01256	0.27152	0.02665	0.06709	0.01752	0.01859	0.01312	0.00840	0.00713	0.00211	0.00767	0.00620	0.00676	0.27854
103	0.03818	0.01448	0.01975	0.01514	0.02172	0.01251	0.01251	0.04147	0.02436	0.65373	0.03357	0.02897	0.02107	0.01053	0.00856	0.00263	0.00724	0.00856	0.01053	0.01448
104	0.01704	0.00980	0.01297	0.01155	0.01443	0.00888	0.00888	0.02091	0.02414	0.15243	0.52692	0.05696	0.06899	0.01609	0.00975	0.00267	0.00463	0.01409	0.00959	0.00926
105	0.02117	0.01828	0.01924	0.01732	0.02213	0.02117	0.01347	0.04522	0.63246	0.03560	0.03464	0.03175	0.02598	0.01155	0.00866	0.00289	0.00673	0.00962	0.00866	0.01347
106	0.02033	0.02085	0.03924	0.07658	0.36789	0.02094	0.23719	0.02600	0.01917	0.02690	0.01613	0.02169	0.01304	0.00788	0.01007	0.00273	0.04839	0.00846	0.00420	0.01233
107	0.01216	0.00912	0.01368	0.01368	0.01520	0.01064	0.01064	0.01520	0.01368	0.01976	0.02279	0.03343	0.02127	0.06382	0.66720	0.01368	0.02279	0.00912	0.00456	0.00760
108	0.01706	0.01614	0.02732	0.55561	0.17572	0.01917	0.02413	0.02261	0.01749	0.02295	0.01530	0.02237	0.01177	0.00832	0.00849	0.00277	0.01110	0.00757	0.00387	0.01025
109	0.01204	0.00870	0.01138	0.01071	0.01271	0.00803	0.00803	0.01606	0.02409	0.03413	0.64335	0.06357	0.08030	0.01740	0.01004	0.00268	0.00401	0.01539	0.00937	0.00803
110	0.01035	0.00746	0.00982	0.01170	0.01231	0.00692	0.00784	0.01187	0.01643	0.02178	0.04867	0.66775	0.08276	0.02643	0.01083	0.00343	0.00491	0.02391	0.00790	0.00692
111	0.05948	0.64142	0.07080	0.01483	0.02225	0.03231	0.01506	0.02553	0.01718	0.02125	0.01199	0.01386	0.01083	0.00735	0.00557	0.00190	0.00913	0.00463	0.00372	0.01091
112	0.03235	0.02384	0.02554	0.01958	0.02639	0.02639	0.01618	0.61946	0.04001	0.05363	0.02043	0.02043	0.01447	0.01022	0.00851	0.00255	0.00936	0.00766	0.00851	0.01447
113	0.06646	0.02218	0.02302	0.01838	0.02423	0.05422	0.01499	0.41166	0.10349	0.07712	0.02188	0.02203	0.01589	0.01040	0.00910	0.00261	0.03965	0.00768	0.04166	0.01334
114	0.14478	0.02609	0.02236	0.01860	0.02395	0.20374	0.01487	0.28348	0.02853	0.06643	0.01734	0.01883	0.01311	0.01196	0.03671	0.00299	0.04118	0.00667	0.00656	0.01184
115	0.71317	0.01694	0.01336	0.01174	0.01711	0.01957	0.00967	0.06407	0.01616	0.03920	0.01241	0.01426	0.00956	0.00805	0.00548	0.00263	0.00677	0.00481	0.00548	0.00956
116	0.01586	0.00793	0.00793	0.00793	0.00991	0.00793	0.00595	0.01983	0.01785	0.03173	0.02776	0.03173	0.02181	0.00991	0.00595	0.00198	0.00397	0.00793	0.74817	0.00793
117	0.03270	0.02328	0.02519	0.01931	0.02611	0.02556	0.01595	0.58475	0.03907	0.08967	0.02122	0.02094	0.01487	0.01023	0.00852	0.00256	0.00924	0.00772	0.00863	0.01447
118	0.01037	0.00741	0.00987	0.01185	0.01234	0.00691	0.00790	0.01185	0.01629	0.02172	0.04690	0.69537	0.05629	0.02666	0.01086	0.00346	0.00494	0.02419	0.00790	0.00691
119	0.01204	0.00870	0.01138	0.01071	0.01271	0.00803	0.00803	0.01606	0.02409	0.03413	0.64335	0.06357	0.08030	0.01740	0.01004	0.00268	0.00401	0.01539	0.00937	0.00803
120	0.01707	0.04402	0.65683	0.02426	0.03683	0.01976	0.03144	0.02695	0.01797	0.02695	0.01527	0.01797	0.01078	0.00809	0.00809	0.00270	0.01258	0.00629	0.00359	0.01258
121	0.01037	0.00741	0.00987	0.01185	0.01234	0.00691	0.00790	0.01185	0.01629	0.02172	0.04690	0.69537	0.05629	0.02666	0.01086	0.00346	0.00494	0.02419	0.00790	0.00691
122	0.02009	0.02296	0.05022	0.03587	0.04448	0.02152	0.61693	0.02726	0.02009	0.02726	0.01722	0.02296	0.01291	0.00717	0.01004	0.00287	0.01435	0.01004	0.00430	0.01148
123	0.01853	0.01510	0.01774	0.01271	0.02023	0.01139	0.01019	0.02229	0.01793	0.05458	0.01592	0.01813	0.01297	0.00648	0.00640	0.00132	0.00634	0.00519	0.00528	0.72127
124	0.01154	0.00827	0.00999	0.01026	0.01163	0.00777	0.00710	0.01371	0.01812	0.02460	0.20974	0.20669	0.16713	0.16889	0.04677	0.00455	0.00604	0.01660	0.04363	0.00697
125	0.02190	0.01812	0.01926	0.01723	0.02211	0.02080	0.01343	0.04506	0.60638	0.06211	0.03459	0.03163	0.02577	0.01150	0.00865	0.00288	0.00676	0.00958	0.00874	0.01351
126	0.57156	0.02029	0.10749	0.04349	0.02167	0.01875	0.01332	0.02623	0.01575	0.07624	0.01392	0.01582	0.01032	0.00813	0.00604	0.00265	0.00771	0.00525	0.00530	0.01006
127	0.01321	0.00896	0.01175	0.01090	0.01311	0.00823	0.00823	0.01719	0.02410	0.06171	0.61620	0.06203	0.07766	0.01709	0.00997	0.00267	0.00416	0.01509	0.00942	0.00832
128	0.02106	0.02022	0.03454	0.05223	0.64784	0.02022	0.02612	0.02612	0.01938	0.02780	0.01601	0.02106	0.01348	0.00758	0.00842	0.00253	0.01011	0.00758	0.00421	0.01348
129	0.01928	0.01972	0.02597	0.02232	0.02254	0.05810	0.01851	0.02116	0.01359	0.02050	0.01127	0.01845	0.01116	0.01459	0.02691	0.00365	0.65184	0.00735	0.00376	0.00934
130	0.02009	0.02296	0.05022	0.03587	0.04448	0.02152	0.61693	0.02726	0.02009	0.02726	0.01722	0.02296	0.01291	0.00717	0.01004	0.00287	0.01435	0.01004	0.00430	0.01148
131	0.01211	0.00896	0.01162	0.01307	0.01462	0.00868	0.01010	0.01568	0.04594	0.02443	0.07831	0.35083	0.11853	0.02384	0.01096	0.00350	0.00595	0.22727	0.00798	0.00762
