[name]
unknown

[dist]
# distance from previous block
# <min> <max>
11	24

[block]
# block no. 0 follows, 23 sequences, length 8
# corresponding to MSA columns:
# 24-31
name=unknown_A
#
# <colnr> <probs for GDERKNQSTAVLIFYWHMCP>
#	G	D	E	R	K	N	Q	S	T	A	V	L	I	F	Y	W	H	M	C	P
0	0.01755	0.01286	0.01531	0.01274	0.01755	0.01128	0.00979	0.05668	0.07381	0.08416	0.04901	0.21216	0.02774	0.01276	0.00784	0.00215	0.00586	0.01103	0.00666	0.35308
1	0.01872	0.01377	0.01524	0.01347	0.01695	0.03591	0.01029	0.12783	0.11532	0.06697	0.09267	0.13299	0.03030	0.06971	0.07263	0.00384	0.00789	0.01094	0.06887	0.07567
2	0.06889	0.01775	0.09983	0.23667	0.06808	0.01623	0.01758	0.07761	0.04702	0.10351	0.10028	0.04951	0.04213	0.01044	0.00816	0.00262	0.00852	0.00881	0.00595	0.01041
3	0.01831	0.11342	0.37946	0.01937	0.02842	0.01790	0.05140	0.02511	0.01847	0.08503	0.10189	0.02361	0.02023	0.00887	0.00769	0.00239	0.00976	0.00725	0.00489	0.05651
4	0.05179	0.38308	0.24090	0.07633	0.02826	0.02524	0.01951	0.02501	0.01682	0.04760	0.01342	0.01567	0.01072	0.00744	0.00637	0.00215	0.00976	0.00527	0.00379	0.01086
5	0.09983	0.44261	0.08666	0.01660	0.05070	0.05899	0.01514	0.02378	0.01637	0.02195	0.01362	0.05282	0.01277	0.00861	0.00720	0.00213	0.05031	0.00586	0.00392	0.01013
6	0.01222	0.06726	0.01296	0.01019	0.01304	0.01027	0.00796	0.01666	0.06724	0.02733	0.33114	0.06138	0.29894	0.01695	0.00912	0.00257	0.00453	0.01439	0.00788	0.00795
7	0.02183	0.02054	0.11118	0.13393	0.07751	0.01908	0.01788	0.09482	0.27235	0.10790	0.02454	0.02485	0.01787	0.00954	0.00811	0.00263	0.00848	0.00795	0.00669	0.01230

[dist]
# distance from previous block
# <min> <max>
0	2

[block]
# block no. 1 follows, 23 sequences, length 9
# corresponding to MSA columns:
# 34-42
name=unknown_B
#
# <colnr> <probs for GDERKNQSTAVLIFYWHMCP>
#	G	D	E	R	K	N	Q	S	T	A	V	L	I	F	Y	W	H	M	C	P
0	0.01231	0.00876	0.01078	0.01064	0.01123	0.00927	0.00720	0.01375	0.01497	0.02128	0.14108	0.16182	0.03943	0.33814	0.02564	0.00516	0.07516	0.01341	0.07363	0.00633
1	0.01710	0.01765	0.07690	0.04325	0.02153	0.01946	0.01580	0.07551	0.01578	0.02297	0.01745	0.09120	0.01762	0.09374	0.03898	0.00395	0.35974	0.00910	0.00458	0.03769
2	0.02082	0.09935	0.09530	0.07234	0.38116	0.02049	0.02226	0.02546	0.01785	0.08030	0.01572	0.01952	0.01263	0.00818	0.00942	0.00248	0.07351	0.00685	0.00435	0.01200
3	0.01402	0.01318	0.08615	0.01240	0.01593	0.01023	0.01079	0.02003	0.07986	0.06542	0.44368	0.07315	0.09265	0.01522	0.00919	0.00260	0.00520	0.01324	0.00819	0.00888
4	0.06342	0.24976	0.13230	0.01478	0.02126	0.01968	0.01463	0.04947	0.02001	0.16147	0.14876	0.02672	0.02595	0.00983	0.00723	0.00227	0.00774	0.00764	0.00622	0.01086
5	0.15493	0.14396	0.02159	0.05456	0.02103	0.04296	0.01223	0.16121	0.02239	0.09172	0.09151	0.08256	0.02330	0.01084	0.00730	0.00240	0.00745	0.00845	0.02927	0.01036
6	0.15526	0.13759	0.08711	0.01607	0.01998	0.06010	0.01455	0.02167	0.01656	0.02575	0.14050	0.02440	0.02333	0.01124	0.01265	0.00267	0.20905	0.00743	0.00490	0.00922
7	0.10790	0.20582	0.14071	0.07594	0.05860	0.02115	0.01664	0.09397	0.01950	0.08887	0.01673	0.01870	0.01269	0.00812	0.00668	0.00226	0.00860	0.00605	0.08015	0.01093
8	0.01924	0.09015	0.18044	0.04685	0.08339	0.07459	0.10651	0.08362	0.04305	0.02817	0.11591	0.02721	0.04623	0.00968	0.00816	0.00246	0.00987	0.00841	0.00526	0.01080

[dist]
# distance from previous block
# <min> <max>
20	69

[block]
# block no. 2 follows, 23 sequences, length 7
# corresponding to MSA columns:
# 120-126
name=unknown_C
#
# <colnr> <probs for GDERKNQSTAVLIFYWHMCP>
#	G	D	E	R	K	N	Q	S	T	A	V	L	I	F	Y	W	H	M	C	P
0	0.01602	0.01066	0.01248	0.06150	0.01587	0.01139	0.00880	0.11649	0.01849	0.02712	0.02547	0.09555	0.02430	0.21411	0.06743	0.00469	0.00772	0.01017	0.24392	0.00782
1	0.01562	0.00945	0.01096	0.10728	0.01719	0.01022	0.00875	0.02138	0.07458	0.02922	0.02534	0.02901	0.01972	0.00940	0.00626	0.00209	0.00503	0.00766	0.58258	0.00825
2	0.17852	0.01125	0.01266	0.01302	0.05652	0.01155	0.00878	0.01928	0.05023	0.05763	0.22714	0.04407	0.08387	0.17433	0.01565	0.00378	0.00597	0.01088	0.00675	0.00811
3	0.18081	0.01909	0.05431	0.26423	0.13475	0.06869	0.01875	0.02469	0.06150	0.02605	0.01480	0.01915	0.01163	0.00851	0.00874	0.00263	0.06081	0.00653	0.00434	0.01001
4	0.27843	0.10080	0.10382	0.08112	0.06749	0.06591	0.04961	0.07094	0.03998	0.05171	0.01466	0.01699	0.01121	0.00791	0.00671	0.00243	0.00909	0.00587	0.00485	0.01049
5	0.19309	0.14941	0.15977	0.02385	0.16684	0.02221	0.01873	0.12501	0.02000	0.03131	0.01419	0.01653	0.01111	0.00776	0.00679	0.00235	0.00907	0.00582	0.00470	0.01146
6	0.14312	0.10328	0.05417	0.01552	0.04897	0.01689	0.01268	0.02477	0.06050	0.09877	0.01784	0.03855	0.01462	0.01199	0.04535	0.02354	0.05273	0.00647	0.00533	0.20492

[dist]
# distance from previous block
# <min> <max>
2	30

[block]
# block no. 3 follows, 23 sequences, length 158
# corresponding to MSA columns:
# 157-314
name=unknown_D
#
# <colnr> <probs for GDERKNQSTAVLIFYWHMCP>
#	G	D	E	R	K	N	Q	S	T	A	V	L	I	F	Y	W	H	M	C	P
0	0.02201	0.05147	0.21508	0.02161	0.08508	0.01677	0.06814	0.03005	0.10064	0.18238	0.07919	0.02573	0.02092	0.00929	0.00808	0.00250	0.00890	0.00800	0.00629	0.03787
1	0.18590	0.15994	0.08615	0.06867	0.02426	0.01906	0.06941	0.05000	0.01867	0.06111	0.13341	0.02484	0.02313	0.00925	0.00713	0.00235	0.00801	0.00745	0.00546	0.03579
2	0.05583	0.02375	0.19110	0.02183	0.08447	0.01720	0.08079	0.10026	0.04492	0.13963	0.01891	0.02022	0.01361	0.00803	0.00765	0.00230	0.00918	0.00683	0.00574	0.14776
3	0.08785	0.09704	0.43663	0.02292	0.08371	0.01941	0.04813	0.02453	0.01703	0.02596	0.01798	0.02033	0.04795	0.00829	0.00743	0.00249	0.01056	0.00658	0.00389	0.01128
4	0.01952	0.02251	0.12352	0.04424	0.52956	0.01929	0.04607	0.02574	0.04210	0.02666	0.01587	0.02011	0.01292	0.00743	0.00805	0.00246	0.00999	0.00721	0.00410	0.01267
5	0.01853	0.01774	0.02591	0.06027	0.20921	0.04260	0.09197	0.02291	0.01781	0.02585	0.01483	0.01853	0.01217	0.00666	0.00719	0.00185	0.00859	0.00623	0.00441	0.38673
6	0.01990	0.01948	0.02772	0.07112	0.42910	0.07586	0.02052	0.02515	0.04830	0.02626	0.04625	0.02164	0.01600	0.00783	0.00778	0.00226	0.00922	0.00717	0.00455	0.11389
7	0.11665	0.01531	0.02196	0.33859	0.08315	0.01719	0.01776	0.05157	0.01827	0.15247	0.01761	0.02115	0.01271	0.00858	0.00839	0.00257	0.03761	0.00693	0.00533	0.04621
8	0.01497	0.00758	0.00762	0.00762	0.00943	0.00758	0.00564	0.01857	0.01677	0.02957	0.02643	0.03132	0.02121	0.04249	0.00734	0.00217	0.00397	0.00776	0.72452	0.00744
9	0.02034	0.01623	0.01966	0.01432	0.02140	0.01389	0.03860	0.13308	0.02107	0.05954	0.01621	0.01801	0.01271	0.00690	0.00665	0.00155	0.00692	0.00562	0.00561	0.56169
10	0.77215	0.01569	0.01193	0.01067	0.01569	0.01820	0.00879	0.02385	0.01381	0.03641	0.01130	0.01318	0.00879	0.00753	0.00502	0.00251	0.00628	0.00439	0.00502	0.00879
11	0.00986	0.00716	0.00932	0.01105	0.01170	0.00661	0.00742	0.01133	0.01578	0.02081	0.04776	0.65835	0.10290	0.02503	0.01029	0.00325	0.00466	0.02259	0.00753	0.00661
12	0.77215	0.01569	0.01193	0.01067	0.01569	0.01820	0.00879	0.02385	0.01381	0.03641	0.01130	0.01318	0.00879	0.00753	0.00502	0.00251	0.00628	0.00439	0.00502	0.00879
13	0.00989	0.00706	0.00942	0.01130	0.01177	0.00659	0.00753	0.01130	0.01554	0.02071	0.04472	0.70954	0.05367	0.02542	0.01036	0.00330	0.00471	0.02307	0.00753	0.00659
14	0.01152	0.00791	0.00923	0.00943	0.00989	0.00773	0.00584	0.01228	0.01386	0.01847	0.08971	0.11906	0.07325	0.51555	0.03233	0.00647	0.00696	0.03914	0.00579	0.00555
15	0.01159	0.00869	0.01304	0.01304	0.01449	0.01014	0.01014	0.01449	0.01304	0.01884	0.02173	0.03188	0.02029	0.06086	0.68268	0.01304	0.02173	0.00869	0.00435	0.00724
16	0.09651	0.01538	0.01897	0.01481	0.02092	0.01472	0.01219	0.11936	0.06056	0.49619	0.02863	0.02546	0.01856	0.00985	0.00790	0.00251	0.00710	0.00779	0.00926	0.01333
17	0.01103	0.00764	0.00921	0.01000	0.01038	0.00740	0.00630	0.01181	0.01380	0.01825	0.03608	0.30531	0.06739	0.39335	0.02689	0.00573	0.00648	0.04106	0.00613	0.00574
18	0.01011	0.00722	0.00965	0.01142	0.01202	0.00677	0.00780	0.01174	0.01601	0.02140	0.07156	0.65185	0.05434	0.02489	0.01036	0.00328	0.00480	0.05050	0.00759	0.00668
19	0.03408	0.01753	0.02114	0.01620	0.02257	0.01746	0.01339	0.28917	0.02946	0.41141	0.02678	0.02422	0.01746	0.00992	0.00814	0.00248	0.00775	0.00780	0.00924	0.01381
20	0.02419	0.01942	0.02061	0.01732	0.02263	0.02206	0.01381	0.26661	0.41954	0.04041	0.02793	0.02621	0.02064	0.01053	0.00820	0.00263	0.00736	0.00847	0.00820	0.01320
21	0.01168	0.00856	0.01100	0.01069	0.01252	0.00812	0.00790	0.01609	0.05329	0.03080	0.53423	0.15848	0.07045	0.01766	0.00962	0.00268	0.00409	0.01568	0.00868	0.00775
22	0.01162	0.00783	0.00902	0.00914	0.00929	0.00775	0.00530	0.01197	0.01279	0.01717	0.06600	0.10787	0.03438	0.61503	0.03680	0.00716	0.00736	0.01291	0.00538	0.00522
23	0.01180	0.00787	0.00885	0.00885	0.00885	0.00787	0.00492	0.01180	0.01180	0.01573	0.02557	0.05310	0.02950	0.71483	0.04130	0.00787	0.00787	0.01180	0.00492	0.00492
24	0.03043	0.02252	0.02412	0.01859	0.02501	0.02497	0.01532	0.61416	0.06182	0.05047	0.02001	0.01990	0.01422	0.00979	0.00812	0.00245	0.00883	0.00738	0.00812	0.01376
25	0.01169	0.00879	0.00976	0.00943	0.01210	0.00776	0.00709	0.01496	0.04339	0.05510	0.20887	0.09984	0.44399	0.01902	0.00950	0.00271	0.00429	0.01612	0.00800	0.00757
26	0.01445	0.00950	0.01080	0.00994	0.01312	0.00839	0.00764	0.01801	0.04966	0.12088	0.18994	0.06480	0.41710	0.01774	0.00931	0.00267	0.00458	0.01492	0.00823	0.00833
27	0.03426	0.01508	0.01966	0.01528	0.02122	0.01426	0.01259	0.10157	0.05262	0.54730	0.02980	0.02645	0.01922	0.01024	0.00898	0.00256	0.03782	0.00807	0.00947	0.01355
28	0.01010	0.00717	0.00942	0.01106	0.01154	0.00673	0.00732	0.01148	0.01548	0.02071	0.06400	0.63384	0.05247	0.08153	0.01286	0.00364	0.00494	0.02186	0.00737	0.00649
29	0.00989	0.00706	0.00942	0.01130	0.01177	0.00659	0.00753	0.01130	0.01554	0.02071	0.04472	0.70954	0.05367	0.02542	0.01036	0.00330	0.00471	0.02307	0.00753	0.00659
30	0.01148	0.00829	0.01085	0.01021	0.01212	0.00766	0.00766	0.01531	0.02297	0.03254	0.65994	0.06061	0.07656	0.01659	0.00957	0.00255	0.00383	0.01467	0.00893	0.00766
31	0.02008	0.01928	0.03294	0.04981	0.66422	0.01928	0.02490	0.02490	0.01848	0.02651	0.01526	0.02008	0.01285	0.00723	0.00803	0.00241	0.00964	0.00723	0.00402	0.01285
32	0.02015	0.01805	0.02327	0.02775	0.23815	0.01988	0.01691	0.03697	0.43657	0.03143	0.02703	0.02683	0.02075	0.00973	0.00818	0.00264	0.00751	0.00852	0.00683	0.01285
33	0.00984	0.00827	0.00856	0.00861	0.01127	0.00700	0.00654	0.01205	0.01873	0.02255	0.10952	0.07779	0.60517	0.02043	0.00966	0.00277	0.00424	0.04248	0.00760	0.00692
34	0.01897	0.12056	0.29527	0.02640	0.03573	0.05949	0.27779	0.02603	0.01822	0.02463	0.01479	0.01843	0.01115	0.00729	0.00814	0.00250	0.01242	0.00722	0.00376	0.01121
35	0.60247	0.14568	0.04578	0.01179	0.01746	0.02078	0.01063	0.02401	0.01444	0.03278	0.01143	0.01332	0.00915	0.00743	0.00517	0.00237	0.00696	0.00445	0.00467	0.00922
36	0.01074	0.00815	0.00996	0.01019	0.01211	0.00736	0.00765	0.01358	0.01985	0.02634	0.31279	0.18317	0.25538	0.01992	0.00986	0.00285	0.00440	0.07037	0.00811	0.00720
37	0.01775	0.01775	0.02485	0.02130	0.02130	0.02485	0.01775	0.01953	0.01243	0.01953	0.01065	0.01775	0.01065	0.01420	0.02663	0.00355	0.69998	0.00710	0.00355	0.00888
38	0.03598	0.01450	0.01926	0.01476	0.02106	0.01295	0.01220	0.08584	0.02438	0.62191	0.03104	0.02699	0.01960	0.01002	0.00816	0.00250	0.00706	0.00809	0.00989	0.01381
39	0.01029	0.00825	0.00919	0.00895	0.01139	0.00715	0.00671	0.01300	0.02014	0.02583	0.29492	0.07165	0.44576	0.01909	0.00958	0.00267	0.00401	0.01622	0.00805	0.00715
40	0.01640	0.04111	0.64592	0.02360	0.03543	0.01892	0.05598	0.02571	0.01722	0.02571	0.01464	0.01734	0.01037	0.00767	0.00779	0.00258	0.01206	0.00615	0.00346	0.01195
41	0.00959	0.00822	0.00822	0.00822	0.01096	0.00685	0.00617	0.01165	0.01850	0.02192	0.08220	0.07809	0.66092	0.02055	0.00959	0.00274	0.00411	0.01713	0.00754	0.00685
42	0.03085	0.02273	0.02435	0.01867	0.02516	0.02516	0.01542	0.63716	0.03815	0.05114	0.01948	0.01948	0.01380	0.00974	0.00812	0.00244	0.00893	0.00731	0.00812	0.01380
43	0.10005	0.01397	0.01823	0.01411	0.02028	0.01247	0.01165	0.03819	0.02241	0.61504	0.03022	0.02637	0.01911	0.00983	0.00789	0.00251	0.00685	0.00783	0.00961	0.01337
44	0.00962	0.00812	0.00833	0.00850	0.01103	0.00683	0.00629	0.01161	0.01823	0.02181	0.07880	0.13532	0.60588	0.02099	0.00966	0.00279	0.00416	0.01766	0.00753	0.00683
45	0.01532	0.01442	0.02434	0.69533	0.05589	0.01803	0.02253	0.02073	0.01622	0.02073	0.01442	0.02163	0.01082	0.00811	0.00811	0.00270	0.01082	0.00721	0.00361	0.00901
46	0.01513	0.00756	0.00756	0.00756	0.00945	0.00756	0.00567	0.01891	0.01702	0.03025	0.02647	0.03025	0.02080	0.00945	0.00567	0.00189	0.00378	0.00756	0.75988	0.00756
47	0.01159	0.00778	0.00891	0.00912	0.00917	0.00773	0.00520	0.01175	0.01221	0.01628	0.02766	0.12474	0.03214	0.63959	0.03792	0.00737	0.00752	0.01303	0.00520	0.00510
48	0.01180	0.00787	0.00885	0.00885	0.00885	0.00787	0.00492	0.01180	0.01180	0.01573	0.02557	0.05310	0.02950	0.71483	0.04130	0.00787	0.00787	0.01180	0.00492	0.00492
49	0.01915	0.02189	0.04788	0.03420	0.04241	0.02052	0.63475	0.02599	0.01915	0.02599	0.01642	0.02189	0.01231	0.00684	0.00958	0.00274	0.01368	0.00958	0.00410	0.01094
50	0.01308	0.00934	0.01308	0.01494	0.01681	0.00934	0.01308	0.01681	0.01868	0.02428	0.04296	0.09153	0.04670	0.02242	0.01121	0.00374	0.00747	0.60960	0.00747	0.00747
51	0.01036	0.00775	0.00969	0.01111	0.01212	0.00731	0.00760	0.01295	0.04780	0.02155	0.04958	0.58376	0.14037	0.02399	0.01014	0.00319	0.00471	0.02151	0.00757	0.00694
52	0.01180	0.00787	0.00885	0.00885	0.00885	0.00787	0.00492	0.01180	0.01180	0.01573	0.02557	0.05310	0.02950	0.71483	0.04130	0.00787	0.00787	0.01180	0.00492	0.00492
53	0.01211	0.00903	0.01134	0.01063	0.01280	0.00864	0.00801	0.01741	0.07356	0.03219	0.58384	0.05892	0.09794	0.01631	0.00946	0.00258	0.00405	0.01434	0.00882	0.00804
54	0.01350	0.00893	0.01154	0.01194	0.01417	0.00828	0.00956	0.01654	0.01956	0.07897	0.18969	0.16157	0.17934	0.02010	0.01013	0.00310	0.00553	0.22173	0.00804	0.00779
55	0.01683	0.01442	0.01683	0.01202	0.01923	0.01082	0.00961	0.02043	0.01683	0.02644	0.01442	0.01683	0.01202	0.00601	0.00601	0.00120	0.00601	0.00481	0.00481	0.76444
56	0.01690	0.00929	0.01230	0.01226	0.01468	0.00833	0.00910	0.01906	0.01786	0.17857	0.04174	0.43075	0.07040	0.02029	0.00965	0.00302	0.00551	0.06758	0.00800	0.04472
57	0.01079	0.00777	0.01041	0.01221	0.01318	0.00739	0.00906	0.01290	0.01657	0.02179	0.04591	0.50346	0.07911	0.02434	0.01057	0.00340	0.00547	0.19130	0.00751	0.00686
58	0.00960	0.00817	0.00827	0.00835	0.01099	0.00684	0.00622	0.01163	0.01837	0.02187	0.08060	0.10499	0.63506	0.02076	0.00962	0.00276	0.00414	0.01738	0.00753	0.00684
59	0.01186	0.00910	0.01356	0.01341	0.01479	0.01079	0.01048	0.01471	0.01301	0.01887	0.02124	0.03125	0.01986	0.05879	0.65360	0.01262	0.05180	0.00862	0.00431	0.00732
60	0.01609	0.01445	0.01908	0.01795	0.04274	0.04218	0.01381	0.04048	0.01439	0.02098	0.01683	0.02553	0.01589	0.07070	0.26311	0.00704	0.30418	0.00791	0.03831	0.00835
61	0.02105	0.02111	0.03200	0.04708	0.60400	0.08175	0.02403	0.02561	0.01890	0.02588	0.01501	0.01957	0.01263	0.00734	0.00797	0.00238	0.01011	0.00704	0.00403	0.01253
62	0.01915	0.01653	0.01736	0.01570	0.02011	0.01888	0.01219	0.04004	0.58795	0.03277	0.03783	0.03494	0.08688	0.01194	0.00839	0.00275	0.00620	0.00995	0.00819	0.01226
63	0.77215	0.01569	0.01193	0.01067	0.01569	0.01820	0.00879	0.02385	0.01381	0.03641	0.01130	0.01318	0.00879	0.00753	0.00502	0.00251	0.00628	0.00439	0.00502	0.00879
64	0.01180	0.00787	0.00885	0.00885	0.00885	0.00787	0.00492	0.01180	0.01180	0.01573	0.02557	0.05310	0.02950	0.71483	0.04130	0.00787	0.00787	0.01180	0.00492	0.00492
65	0.00987	0.00711	0.00937	0.01118	0.01174	0.00660	0.00748	0.01131	0.01565	0.02076	0.04615	0.68545	0.07684	0.02524	0.01033	0.00327	0.00468	0.02284	0.00753	0.00660
66	0.77215	0.01569	0.01193	0.01067	0.01569	0.01820	0.00879	0.02385	0.01381	0.03641	0.01130	0.01318	0.00879	0.00753	0.00502	0.00251	0.00628	0.00439	0.00502	0.00879
67	0.01683	0.01442	0.01683	0.01202	0.01923	0.01082	0.00961	0.02043	0.01683	0.02644	0.01442	0.01683	0.01202	0.00601	0.00601	0.00120	0.00601	0.00481	0.00481	0.76444
68	0.01532	0.01442	0.02434	0.69533	0.05589	0.01803	0.02253	0.02073	0.01622	0.02073	0.01442	0.02163	0.01082	0.00811	0.00811	0.00270	0.01082	0.00721	0.00361	0.00901
69	0.17100	0.51578	0.06503	0.01401	0.02068	0.05953	0.01371	0.02466	0.01629	0.02288	0.01150	0.01332	0.01009	0.00716	0.00539	0.00195	0.00864	0.00447	0.00381	0.01012
70	0.01825	0.01723	0.03020	0.03917	0.42046	0.01704	0.10696	0.02309	0.01862	0.02590	0.02215	0.03768	0.02099	0.01086	0.00902	0.00278	0.00968	0.15378	0.00487	0.01128
71	0.01532	0.01442	0.02434	0.69533	0.05589	0.01803	0.02253	0.02073	0.01622	0.02073	0.01442	0.02163	0.01082	0.00811	0.00811	0.00270	0.01082	0.00721	0.00361	0.00901
72	0.01068	0.00888	0.01010	0.01050	0.03687	0.00764	0.00738	0.01321	0.01912	0.02421	0.18231	0.09845	0.47140	0.01888	0.00940	0.00265	0.00438	0.01602	0.00754	0.04037
73	0.01164	0.00848	0.01198	0.01198	0.01306	0.00956	0.00881	0.01381	0.01273	0.01805	0.02271	0.03727	0.02263	0.22713	0.51960	0.01173	0.01821	0.00948	0.00449	0.00665
74	0.00989	0.00706	0.00942	0.01130	0.01177	0.00659	0.00753	0.01130	0.01554	0.02071	0.04472	0.70954	0.05367	0.02542	0.01036	0.00330	0.00471	0.02307	0.00753	0.00659
75	0.01167	0.00820	0.01032	0.01021	0.01142	0.00784	0.00721	0.01411	0.01853	0.02568	0.36748	0.08558	0.05715	0.25310	0.02045	0.00448	0.00555	0.06695	0.00739	0.00667
76	0.01015	0.00725	0.00972	0.01160	0.01219	0.00682	0.00800	0.01176	0.01580	0.02101	0.04457	0.65763	0.05308	0.02517	0.01043	0.00333	0.00494	0.07233	0.00753	0.00666
77	0.01532	0.01442	0.02434	0.69533	0.05589	0.01803	0.02253	0.02073	0.01622	0.02073	0.01442	0.02163	0.01082	0.00811	0.00811	0.00270	0.01082	0.00721	0.00361	0.00901
78	0.77215	0.01569	0.01193	0.01067	0.01569	0.01820	0.00879	0.02385	0.01381	0.03641	0.01130	0.01318	0.00879	0.00753	0.00502	0.00251	0.00628	0.00439	0.00502	0.00879
79	0.01167	0.00790	0.00891	0.00888	0.00911	0.00781	0.00511	0.01196	0.01267	0.01685	0.05879	0.05471	0.06346	0.64653	0.03819	0.00735	0.00748	0.01221	0.00524	0.00514
80	0.01041	0.00786	0.00956	0.01066	0.01187	0.00733	0.00733	0.01293	0.04347	0.02184	0.07818	0.47885	0.19170	0.05387	0.01143	0.00332	0.00475	0.02025	0.00751	0.00689
81	0.77215	0.01569	0.01193	0.01067	0.01569	0.01820	0.00879	0.02385	0.01381	0.03641	0.01130	0.01318	0.00879	0.00753	0.00502	0.00251	0.00628	0.00439	0.00502	0.00879
82	0.03109	0.02233	0.02411	0.01848	0.02497	0.02457	0.01527	0.61055	0.03749	0.07869	0.02004	0.01984	0.01408	0.00975	0.00812	0.00244	0.00884	0.00734	0.00820	0.01380
83	0.02907	0.03604	0.02215	0.02002	0.02422	0.60942	0.01508	0.06009	0.02344	0.02148	0.01714	0.01875	0.05045	0.00917	0.00749	0.00215	0.01372	0.00605	0.00457	0.00946
84	0.03641	0.01381	0.01883	0.01444	0.02071	0.01193	0.01193	0.03954	0.02322	0.66984	0.03201	0.02762	0.02009	0.01004	0.00816	0.00251	0.00690	0.00816	0.01004	0.01381
85	0.01351	0.00984	0.01340	0.01504	0.01707	0.01000	0.01306	0.01842	0.05732	0.02487	0.04235	0.08778	0.04536	0.02172	0.01103	0.00368	0.00741	0.57283	0.00752	0.00780
86	0.00959	0.00822	0.00822	0.00822	0.01096	0.00685	0.00617	0.01165	0.01850	0.02192	0.08220	0.07809	0.66092	0.02055	0.00959	0.00274	0.00411	0.01713	0.00754	0.00685
87	0.01001	0.00715	0.00955	0.01144	0.01196	0.00669	0.00774	0.01151	0.01565	0.02085	0.04466	0.68637	0.05341	0.02531	0.01039	0.00331	0.00481	0.04505	0.00753	0.00662
88	0.01000	0.00711	0.00938	0.01115	0.01159	0.00667	0.00737	0.01133	0.01531	0.02041	0.04355	0.66933	0.05219	0.06764	0.01225	0.00358	0.00490	0.02238	0.00737	0.00649
89	0.01168	0.00835	0.01131	0.01131	0.01217	0.00920	0.00799	0.01338	0.01253	0.01756	0.02331	0.04062	0.02408	0.33034	0.41839	0.01091	0.01602	0.00997	0.00458	0.00629
90	0.01159	0.00869	0.01304	0.01304	0.01449	0.01014	0.01014	0.01449	0.01304	0.01884	0.02173	0.03188	0.02029	0.06086	0.68268	0.01304	0.02173	0.00869	0.00435	0.00724
91	0.03615	0.01421	0.01908	0.01463	0.02091	0.01252	0.01208	0.06655	0.02390	0.64188	0.03145	0.02725	0.01980	0.01003	0.00816	0.00251	0.00700	0.00812	0.00996	0.01381
92	0.01137	0.00829	0.01069	0.01009	0.01205	0.00761	0.00756	0.01509	0.02269	0.03189	0.62455	0.06168	0.11235	0.01683	0.00957	0.00256	0.00385	0.01482	0.00885	0.00761
93	0.01747	0.01892	0.03970	0.03028	0.06286	0.01781	0.48602	0.02310	0.01824	0.02474	0.02098	0.12471	0.01926	0.04350	0.01114	0.00305	0.01191	0.01157	0.00464	0.01009
94	0.01915	0.02189	0.04788	0.03420	0.04241	0.02052	0.63475	0.02599	0.01915	0.02599	0.01642	0.02189	0.01231	0.00684	0.00958	0.00274	0.01368	0.00958	0.00410	0.01094
95	0.01308	0.00934	0.01308	0.01494	0.01681	0.00934	0.01308	0.01681	0.01868	0.02428	0.04296	0.09153	0.04670	0.02242	0.01121	0.00374	0.00747	0.60960	0.00747	0.00747
96	0.01745	0.01479	0.01716	0.01231	0.01949	0.01145	0.00987	0.04777	0.01777	0.02754	0.01465	0.01694	0.01210	0.00617	0.00610	0.00126	0.00614	0.00492	0.00495	0.73116
97	0.00989	0.00706	0.00942	0.01130	0.01177	0.00659	0.00753	0.01130	0.01554	0.02071	0.04472	0.70954	0.05367	0.02542	0.01036	0.00330	0.00471	0.02307	0.00753	0.00659
98	0.03641	0.01381	0.01883	0.01444	0.02071	0.01193	0.01193	0.03954	0.02322	0.66984	0.03201	0.02762	0.02009	0.01004	0.00816	0.00251	0.00690	0.00816	0.01004	0.01381
99	0.02169	0.71972	0.04252	0.01388	0.02083	0.03211	0.01388	0.02430	0.01649	0.01909	0.01128	0.01302	0.01041	0.00694	0.00521	0.00174	0.00868	0.00434	0.00347	0.01041
100	0.03641	0.01381	0.01883	0.01444	0.02071	0.01193	0.01193	0.03954	0.02322	0.66984	0.03201	0.02762	0.02009	0.01004	0.00816	0.00251	0.00690	0.00816	0.01004	0.01381
101	0.01906	0.01645	0.01727	0.01563	0.02002	0.01876	0.01213	0.03977	0.58239	0.03266	0.03826	0.03536	0.09248	0.01202	0.00840	0.00275	0.00618	0.01002	0.00818	0.01221
102	0.01148	0.00829	0.01085	0.01021	0.01212	0.00766	0.00766	0.01531	0.02297	0.03254	0.65994	0.06061	0.07656	0.01659	0.00957	0.00255	0.00383	0.01467	0.00893	0.00766
103	0.00959	0.00822	0.00822	0.00822	0.01096	0.00685	0.00617	0.01165	0.01850	0.02192	0.08220	0.07809	0.66092	0.02055	0.00959	0.00274	0.00411	0.01713	0.00754	0.00685
104	0.01366	0.01007	0.01341	0.01466	0.01681	0.01030	0.01254	0.01937	0.08396	0.02606	0.10040	0.08230	0.04727	0.02069	0.01075	0.00352	0.00702	0.49149	0.00769	0.00804
105	0.01180	0.00787	0.00885	0.00885	0.00885	0.00787	0.00492	0.01180	0.01180	0.01573	0.02557	0.05310	0.02950	0.71483	0.04130	0.00787	0.00787	0.01180	0.00492	0.00492
106	0.03085	0.02273	0.02435	0.01867	0.02516	0.02516	0.01542	0.63716	0.03815	0.05114	0.01948	0.01948	0.01380	0.00974	0.00812	0.00244	0.00893	0.00731	0.00812	0.01380
107	0.03031	0.03867	0.02299	0.02090	0.02508	0.68226	0.01568	0.03240	0.02299	0.01986	0.01254	0.01463	0.01045	0.00836	0.00732	0.00209	0.01463	0.00523	0.00418	0.00941
108	0.01683	0.01442	0.01683	0.01202	0.01923	0.01082	0.00961	0.02043	0.01683	0.02644	0.01442	0.01683	0.01202	0.00601	0.00601	0.00120	0.00601	0.00481	0.00481	0.76444
109	0.01148	0.00829	0.01085	0.01021	0.01212	0.00766	0.00766	0.01531	0.02297	0.03254	0.65994	0.06061	0.07656	0.01659	0.00957	0.00255	0.00383	0.01467	0.00893	0.00766
110	0.01180	0.00787	0.00885	0.00885	0.00885	0.00787	0.00492	0.01180	0.01180	0.01573	0.02557	0.05310	0.02950	0.71483	0.04130	0.00787	0.00787	0.01180	0.00492	0.00492
111	0.02018	0.01743	0.01835	0.01651	0.02110	0.02018	0.01284	0.04312	0.64956	0.03394	0.03303	0.03027	0.02477	0.01101	0.00826	0.00275	0.00642	0.00917	0.00826	0.01284
112	0.03179	0.02008	0.02258	0.01743	0.02377	0.02138	0.01436	0.44789	0.06487	0.21535	0.02350	0.02219	0.01603	0.00988	0.00814	0.00247	0.00826	0.00763	0.00864	0.01375
113	0.01009	0.00728	0.00955	0.01102	0.01178	0.00674	0.00749	0.01185	0.01665	0.02234	0.12815	0.59519	0.08374	0.02403	0.01022	0.00317	0.00456	0.02169	0.00772	0.00674
114	0.00989	0.00706	0.00942	0.01130	0.01177	0.00659	0.00753	0.01130	0.01554	0.02071	0.04472	0.70954	0.05367	0.02542	0.01036	0.00330	0.00471	0.02307	0.00753	0.00659
115	0.03641	0.01381	0.01883	0.01444	0.02071	0.01193	0.01193	0.03954	0.02322	0.66984	0.03201	0.02762	0.02009	0.01004	0.00816	0.00251	0.00690	0.00816	0.01004	0.01381
116	0.01409	0.00705	0.01057	0.01057	0.01057	0.00705	0.00705	0.01057	0.01057	0.01409	0.01409	0.02467	0.01409	0.02819	0.03171	0.76392	0.00705	0.00705	0.00352	0.00352
117	0.00997	0.00815	0.00881	0.00883	0.01124	0.00698	0.00655	0.01232	0.01913	0.02385	0.18953	0.12165	0.50446	0.02016	0.00964	0.00275	0.00410	0.01710	0.00780	0.00698
118	0.01180	0.00787	0.00885	0.00885	0.00885	0.00787	0.00492	0.01180	0.01180	0.01573	0.02557	0.05310	0.02950	0.71483	0.04130	0.00787	0.00787	0.01180	0.00492	0.00492
119	0.00989	0.00706	0.00942	0.01130	0.01177	0.00659	0.00753	0.01130	0.01554	0.02071	0.04472	0.70954	0.05367	0.02542	0.01036	0.00330	0.00471	0.02307	0.00753	0.00659
120	0.01989	0.01909	0.03259	0.07562	0.63989	0.01923	0.02481	0.02474	0.01839	0.02628	0.01523	0.02014	0.01277	0.00727	0.00804	0.00242	0.00969	0.00723	0.00400	0.01270
121	0.01627	0.04197	0.67279	0.02313	0.03512	0.01884	0.02998	0.02570	0.01713	0.02570	0.01456	0.01713	0.01028	0.00771	0.00771	0.00257	0.01199	0.00600	0.00343	0.01199
122	0.01785	0.01700	0.02890	0.35245	0.37901	0.01869	0.02379	0.02295	0.01742	0.02380	0.01487	0.02081	0.01190	0.00764	0.00807	0.00255	0.01019	0.00722	0.00382	0.01105
123	0.01513	0.00756	0.00756	0.00756	0.00945	0.00756	0.00567	0.01891	0.01702	0.03025	0.02647	0.03025	0.02080	0.00945	0.00567	0.00189	0.00378	0.00756	0.75988	0.00756
124	0.02080	0.01774	0.01869	0.01664	0.02133	0.02047	0.01299	0.07736	0.61431	0.03493	0.03225	0.02965	0.02414	0.01094	0.00825	0.00273	0.00657	0.00907	0.00825	0.01290
125	0.00985	0.00827	0.00858	0.00863	0.01128	0.00701	0.00655	0.01208	0.01876	0.02264	0.11379	0.07767	0.60036	0.02040	0.00966	0.00277	0.00424	0.04291	0.00761	0.00692
126	0.01373	0.00705	0.01047	0.01063	0.01067	0.00701	0.00709	0.01063	0.01100	0.01466	0.01671	0.08325	0.01748	0.02795	0.02989	0.69885	0.00685	0.00842	0.00387	0.00379
127	0.02169	0.71972	0.04252	0.01388	0.02083	0.03211	0.01388	0.02430	0.01649	0.01909	0.01128	0.01302	0.01041	0.00694	0.00521	0.00174	0.00868	0.00434	0.00347	0.01041
128	0.01372	0.00779	0.00856	0.00841	0.01001	0.00763	0.00604	0.01693	0.01765	0.02854	0.18011	0.04119	0.03569	0.12122	0.01218	0.00298	0.00443	0.00995	0.45982	0.00717
129	0.01214	0.00849	0.01075	0.01006	0.01227	0.00769	0.00759	0.01567	0.02230	0.05494	0.54824	0.06203	0.16347	0.01695	0.00952	0.00258	0.00399	0.01480	0.00876	0.00777
130	0.01180	0.00787	0.00885	0.00885	0.00885	0.00787	0.00492	0.01180	0.01180	0.01573	0.02557	0.05310	0.02950	0.71483	0.04130	0.00787	0.00787	0.01180	0.00492	0.00492
131	0.02018	0.01743	0.01835	0.01651	0.02110	0.02018	0.01284	0.04312	0.64956	0.03394	0.03303	0.03027	0.02477	0.01101	0.00826	0.00275	0.00642	0.00917	0.00826	0.01284
132	0.01214	0.00845	0.01055	0.01007	0.01225	0.00760	0.00753	0.01537	0.02146	0.05957	0.45968	0.11244	0.19697	0.01780	0.00957	0.00265	0.00410	0.01553	0.00858	0.00769
133	0.01290	0.00872	0.00974	0.00942	0.00979	0.00886	0.00552	0.04785	0.01332	0.01777	0.02522	0.05116	0.02859	0.67419	0.03939	0.00755	0.00793	0.01154	0.00510	0.00543
134	0.02018	0.01743	0.01835	0.01651	0.02110	0.02018	0.01284	0.04312	0.64956	0.03394	0.03303	0.03027	0.02477	0.01101	0.00826	0.00275	0.00642	0.00917	0.00826	0.01284
135	0.00983	0.00727	0.00920	0.01073	0.01162	0.00664	0.00728	0.01136	0.01608	0.02094	0.05162	0.59337	0.16539	0.02453	0.01022	0.00319	0.00460	0.02197	0.00753	0.00664
136	0.02254	0.01690	0.01842	0.01621	0.02104	0.01898	0.01271	0.04260	0.55859	0.12630	0.03288	0.02989	0.02409	0.01087	0.00824	0.00272	0.00649	0.00903	0.00852	0.01298
137	0.77215	0.01569	0.01193	0.01067	0.01569	0.01820	0.00879	0.02385	0.01381	0.03641	0.01130	0.01318	0.00879	0.00753	0.00502	0.00251	0.00628	0.00439	0.00502	0.00879
138	0.01148	0.00829	0.01085	0.01021	0.01212	0.00766	0.00766	0.01531	0.02297	0.03254	0.65994	0.06061	0.07656	0.01659	0.00957	0.00255	0.00383	0.01467	0.00893	0.00766
139	0.00971	0.00817	0.00842	0.00847	0.01106	0.00688	0.00631	0.01184	0.01862	0.02248	0.11384	0.10519	0.60020	0.02054	0.00962	0.00275	0.00412	0.01725	0.00762	0.00688
140	0.01015	0.00725	0.00972	0.01160	0.01219	0.00682	0.00800	0.01176	0.01580	0.02101	0.04457	0.65763	0.05308	0.02517	0.01043	0.00333	0.00494	0.07233	0.00753	0.00666
141	0.00971	0.00822	0.00838	0.00834	0.01103	0.00690	0.00626	0.01187	0.01877	0.02257	0.11758	0.07702	0.62514	0.02031	0.00959	0.00273	0.00409	0.01697	0.00762	0.00690
142	0.03641	0.01381	0.01883	0.01444	0.02071	0.01193	0.01193	0.03954	0.02322	0.66984	0.03201	0.02762	0.02009	0.01004	0.00816	0.00251	0.00690	0.00816	0.01004	0.01381
143	0.01532	0.01442	0.02434	0.69533	0.05589	0.01803	0.02253	0.02073	0.01622	0.02073	0.01442	0.02163	0.01082	0.00811	0.00811	0.00270	0.01082	0.00721	0.00361	0.00901
144	0.01683	0.01442	0.01683	0.01202	0.01923	0.01082	0.00961	0.02043	0.01683	0.02644	0.01442	0.01683	0.01202	0.00601	0.00601	0.00120	0.00601	0.00481	0.00481	0.76444
145	0.01768	0.01493	0.01729	0.01243	0.01959	0.01170	0.00997	0.05820	0.01813	0.02795	0.01473	0.01699	0.01213	0.00624	0.00614	0.00128	0.00619	0.00496	0.00501	0.71846
146	0.01180	0.00787	0.00885	0.00885	0.00885	0.00787	0.00492	0.01180	0.01180	0.01573	0.02557	0.05310	0.02950	0.71483	0.04130	0.00787	0.00787	0.01180	0.00492	0.00492
147	0.00995	0.00752	0.00923	0.01055	0.01177	0.00680	0.00739	0.01167	0.01658	0.02125	0.05593	0.48963	0.23635	0.02381	0.01017	0.00315	0.00466	0.04937	0.00753	0.00671
148	0.01180	0.00787	0.00885	0.00885	0.00885	0.00787	0.00492	0.01180	0.01180	0.01573	0.02557	0.05310	0.02950	0.71483	0.04130	0.00787	0.00787	0.01180	0.00492	0.00492
149	0.77215	0.01569	0.01193	0.01067	0.01569	0.01820	0.00879	0.02385	0.01381	0.03641	0.01130	0.01318	0.00879	0.00753	0.00502	0.00251	0.00628	0.00439	0.00502	0.00879
150	0.15712	0.06036	0.32612	0.02208	0.08326	0.01945	0.04855	0.08434	0.01921	0.08394	0.01590	0.01780	0.01148	0.00795	0.00730	0.00250	0.00996	0.00620	0.00480	0.01169
151	0.01842	0.08324	0.12270	0.20749	0.06326	0.08026	0.02070	0.02257	0.01573	0.02109	0.01271	0.01815	0.01071	0.01009	0.01430	0.00283	0.25581	0.00657	0.00362	0.00974
152	0.01260	0.00905	0.01159	0.04132	0.01505	0.00815	0.00850	0.01516	0.01815	0.05674	0.17818	0.32971	0.13674	0.01892	0.00934	0.00274	0.00497	0.01673	0.00746	0.09891
153	0.07800	0.02134	0.07733	0.09709	0.02810	0.04491	0.04340	0.28799	0.05591	0.06480	0.01938	0.04705	0.01509	0.01211	0.03766	0.00304	0.04104	0.00779	0.00636	0.01162
154	0.65001	0.05678	0.01474	0.01161	0.01681	0.01952	0.00967	0.06230	0.04376	0.03620	0.01277	0.01432	0.00990	0.00779	0.00537	0.00247	0.00658	0.00478	0.00527	0.00937
155	0.01125	0.00851	0.00893	0.00875	0.01160	0.00715	0.00658	0.01334	0.01864	0.06154	0.07735	0.10492	0.59290	0.02014	0.00954	0.00275	0.00431	0.01686	0.00769	0.00726
156	0.01652	0.07214	0.64473	0.02272	0.03448	0.01943	0.02926	0.02563	0.01710	0.02540	0.01442	0.01695	0.01028	0.00767	0.00760	0.00253	0.01184	0.00592	0.00343	0.01192
157	0.64108	0.04764	0.01481	0.01200	0.01717	0.05760	0.00991	0.07088	0.01630	0.03583	0.01199	0.01374	0.00933	0.00772	0.00540	0.00245	0.00706	0.00466	0.00514	0.00927

[dist]
# distance from previous block
# <min> <max>
0	2

[block]
# block no. 4 follows, 23 sequences, length 149
# corresponding to MSA columns:
# 317-465
name=unknown_E
#
# <colnr> <probs for GDERKNQSTAVLIFYWHMCP>
#	G	D	E	R	K	N	Q	S	T	A	V	L	I	F	Y	W	H	M	C	P
0	0.02275	0.05480	0.02184	0.01736	0.02249	0.04780	0.04292	0.13734	0.39988	0.06564	0.05829	0.02790	0.02332	0.01051	0.00816	0.00260	0.00753	0.00869	0.00774	0.01244
1	0.02958	0.06480	0.02442	0.02154	0.05204	0.54105	0.01596	0.11031	0.02449	0.02417	0.01351	0.01543	0.01099	0.00843	0.00736	0.00213	0.01343	0.00554	0.00466	0.01017
2	0.01775	0.01775	0.02485	0.02130	0.02130	0.02485	0.01775	0.01953	0.01243	0.01953	0.01065	0.01775	0.01065	0.01420	0.02663	0.00355	0.69998	0.00710	0.00355	0.00888
3	0.00998	0.00803	0.00890	0.00912	0.01131	0.00695	0.00667	0.01223	0.01876	0.02358	0.17779	0.18813	0.44864	0.02072	0.00972	0.00281	0.00417	0.01776	0.00778	0.00695
4	0.02008	0.01928	0.03294	0.04981	0.66422	0.01928	0.02490	0.02490	0.01848	0.02651	0.01526	0.02008	0.01285	0.00723	0.00803	0.00241	0.00964	0.00723	0.00402	0.01285
5	0.77215	0.01569	0.01193	0.01067	0.01569	0.01820	0.00879	0.02385	0.01381	0.03641	0.01130	0.01318	0.00879	0.00753	0.00502	0.00251	0.00628	0.00439	0.00502	0.00879
6	0.02304	0.01679	0.01843	0.01615	0.02103	0.01873	0.01268	0.04249	0.53935	0.14583	0.03285	0.02981	0.02395	0.01084	0.00824	0.00271	0.00651	0.00900	0.00857	0.01301
7	0.01263	0.00873	0.00991	0.00941	0.01221	0.00752	0.00713	0.01517	0.01987	0.08669	0.21114	0.09594	0.43658	0.01882	0.00948	0.00270	0.00434	0.01594	0.00810	0.00770
8	0.03641	0.01381	0.01883	0.01444	0.02071	0.01193	0.01193	0.03954	0.02322	0.66984	0.03201	0.02762	0.02009	0.01004	0.00816	0.00251	0.00690	0.00816	0.01004	0.01381
9	0.03641	0.01381	0.01883	0.01444	0.02071	0.01193	0.01193	0.03954	0.02322	0.66984	0.03201	0.02762	0.02009	0.01004	0.00816	0.00251	0.00690	0.00816	0.01004	0.01381
10	0.01180	0.00787	0.00885	0.00885	0.00885	0.00787	0.00492	0.01180	0.01180	0.01573	0.02557	0.05310	0.02950	0.71483	0.04130	0.00787	0.00787	0.01180	0.00492	0.00492
11	0.21380	0.01438	0.01636	0.01365	0.01875	0.01450	0.01122	0.08899	0.05016	0.30655	0.08565	0.03216	0.02456	0.01115	0.00778	0.00263	0.00668	0.06145	0.00819	0.01137
12	0.66818	0.01632	0.01345	0.01162	0.01684	0.01864	0.00958	0.08553	0.01662	0.06387	0.01296	0.01440	0.00975	0.00786	0.00546	0.00250	0.00657	0.00484	0.00554	0.00949
13	0.03641	0.01381	0.01883	0.01444	0.02071	0.01193	0.01193	0.03954	0.02322	0.66984	0.03201	0.02762	0.02009	0.01004	0.00816	0.00251	0.00690	0.00816	0.01004	0.01381
14	0.01143	0.00841	0.00956	0.00934	0.01182	0.00729	0.00697	0.01397	0.01969	0.05597	0.23513	0.12622	0.41633	0.01938	0.00958	0.00273	0.00422	0.01654	0.00804	0.00738
15	0.51524	0.01503	0.01434	0.01199	0.01745	0.01601	0.00988	0.02933	0.01710	0.25759	0.01853	0.01822	0.01273	0.00841	0.00612	0.00251	0.00650	0.00571	0.00677	0.01054
16	0.03407	0.01329	0.01808	0.01404	0.01991	0.01153	0.01153	0.03727	0.02320	0.60998	0.09098	0.03072	0.02539	0.01066	0.00829	0.00251	0.00662	0.00877	0.00994	0.01323
17	0.03614	0.01424	0.01910	0.01464	0.02093	0.01256	0.01209	0.06835	0.02394	0.64001	0.03141	0.02723	0.01978	0.01003	0.00816	0.00251	0.00700	0.00812	0.00995	0.01381
18	0.01456	0.00836	0.00881	0.00856	0.00993	0.00847	0.00582	0.04410	0.01597	0.02563	0.02581	0.03852	0.02382	0.27973	0.01943	0.00420	0.00558	0.00917	0.43668	0.00683
19	0.02065	0.01766	0.01861	0.01661	0.02128	0.02040	0.01296	0.06933	0.62258	0.03470	0.03243	0.02980	0.02429	0.01095	0.00825	0.00274	0.00653	0.00909	0.00825	0.01289
20	0.01165	0.00811	0.01012	0.01106	0.01178	0.00796	0.00780	0.01307	0.01478	0.01943	0.03669	0.20904	0.06283	0.34562	0.02498	0.00553	0.00692	0.18027	0.00630	0.00606
21	0.01140	0.00829	0.01073	0.01012	0.01207	0.00762	0.00759	0.01514	0.02276	0.03205	0.63347	0.06141	0.10333	0.01677	0.00957	0.00256	0.00384	0.01479	0.00887	0.00762
22	0.01030	0.00825	0.00921	0.00897	0.01140	0.00715	0.00673	0.01302	0.02018	0.02592	0.29958	0.07151	0.44105	0.01906	0.00958	0.00267	0.00400	0.01620	0.00806	0.00715
23	0.00989	0.00706	0.00942	0.01130	0.01177	0.00659	0.00753	0.01130	0.01554	0.02071	0.04472	0.70954	0.05367	0.02542	0.01036	0.00330	0.00471	0.02307	0.00753	0.00659
24	0.01532	0.01442	0.02434	0.69533	0.05589	0.01803	0.02253	0.02073	0.01622	0.02073	0.01442	0.02163	0.01082	0.00811	0.00811	0.00270	0.01082	0.00721	0.00361	0.00901
25	0.02008	0.01928	0.03294	0.04981	0.66422	0.01928	0.02490	0.02490	0.01848	0.02651	0.01526	0.02008	0.01285	0.00723	0.00803	0.00241	0.00964	0.00723	0.00402	0.01285
26	0.01208	0.00897	0.01172	0.01313	0.01516	0.00861	0.01114	0.01531	0.01850	0.02355	0.05272	0.11402	0.19863	0.02208	0.01077	0.00347	0.00653	0.43883	0.00749	0.00728
27	0.77215	0.01569	0.01193	0.01067	0.01569	0.01820	0.00879	0.02385	0.01381	0.03641	0.01130	0.01318	0.00879	0.00753	0.00502	0.00251	0.00628	0.00439	0.00502	0.00879
28	0.02008	0.01928	0.03294	0.04981	0.66422	0.01928	0.02490	0.02490	0.01848	0.02651	0.01526	0.02008	0.01285	0.00723	0.00803	0.00241	0.00964	0.00723	0.00402	0.01285
29	0.03009	0.02480	0.02414	0.04824	0.02648	0.12507	0.01577	0.51830	0.03489	0.04505	0.01820	0.01883	0.01316	0.00946	0.00799	0.00239	0.00988	0.00698	0.00732	0.01292
30	0.01248	0.00851	0.01117	0.01038	0.01247	0.00783	0.00783	0.01628	0.02298	0.05803	0.63481	0.05929	0.07430	0.01633	0.00951	0.00255	0.00395	0.01441	0.00898	0.00790
31	0.01775	0.01775	0.02485	0.02130	0.02130	0.02485	0.01775	0.01953	0.01243	0.01953	0.01065	0.01775	0.01065	0.01420	0.02663	0.00355	0.69998	0.00710	0.00355	0.00888
32	0.01159	0.00869	0.01304	0.01304	0.01449	0.01014	0.01014	0.01449	0.01304	0.01884	0.02173	0.03188	0.02029	0.06086	0.68268	0.01304	0.02173	0.00869	0.00435	0.00724
33	0.01180	0.00857	0.01241	0.01241	0.01376	0.00982	0.00948	0.01450	0.01315	0.01919	0.02230	0.03353	0.02107	0.11179	0.59418	0.01203	0.01965	0.00889	0.04443	0.00707
34	0.00987	0.00711	0.00937	0.01117	0.01174	0.00660	0.00748	0.01131	0.01566	0.02076	0.04629	0.68317	0.07903	0.02522	0.01032	0.00327	0.00468	0.02282	0.00753	0.00660
35	0.03113	0.02227	0.02407	0.01845	0.02494	0.02448	0.01524	0.60650	0.03739	0.08288	0.02012	0.01990	0.01412	0.00976	0.00812	0.00244	0.00883	0.00735	0.00822	0.01380
36	0.01141	0.00823	0.01078	0.01026	0.01211	0.00760	0.00765	0.01512	0.02261	0.03197	0.63020	0.09197	0.07546	0.01702	0.00961	0.00259	0.00387	0.01508	0.00886	0.00760
37	0.01409	0.00705	0.01057	0.01057	0.01057	0.00705	0.00705	0.01057	0.01057	0.01409	0.01409	0.02467	0.01409	0.02819	0.03171	0.76392	0.00705	0.00705	0.00352	0.00352
38	0.01159	0.00869	0.01304	0.01304	0.01449	0.01014	0.01014	0.01449	0.01304	0.01884	0.02173	0.03188	0.02029	0.06086	0.68268	0.01304	0.02173	0.00869	0.00435	0.00724
39	0.01159	0.00869	0.01304	0.01304	0.01449	0.01014	0.01014	0.01449	0.01304	0.01884	0.02173	0.03188	0.02029	0.06086	0.68268	0.01304	0.02173	0.00869	0.00435	0.00724
40	0.03641	0.01381	0.01883	0.01444	0.02071	0.01193	0.01193	0.03954	0.02322	0.66984	0.03201	0.02762	0.02009	0.01004	0.00816	0.00251	0.00690	0.00816	0.01004	0.01381
41	0.01195	0.00878	0.01124	0.01054	0.01260	0.00832	0.00793	0.01679	0.05618	0.03261	0.62671	0.05900	0.07382	0.01629	0.00950	0.00256	0.00397	0.01438	0.00890	0.00793
42	0.00973	0.00805	0.00852	0.00877	0.01114	0.00685	0.00644	0.01177	0.01827	0.02225	0.10452	0.17039	0.54319	0.02108	0.00970	0.00281	0.00418	0.01788	0.00760	0.00685
43	0.77215	0.01569	0.01193	0.01067	0.01569	0.01820	0.00879	0.02385	0.01381	0.03641	0.01130	0.01318	0.00879	0.00753	0.00502	0.00251	0.00628	0.00439	0.00502	0.00879
44	0.01079	0.00744	0.00915	0.01014	0.01039	0.00719	0.00630	0.01153	0.01377	0.01837	0.03569	0.40002	0.04227	0.35049	0.02495	0.00545	0.00620	0.01775	0.00630	0.00580
45	0.01090	0.00839	0.00883	0.00877	0.01149	0.00707	0.00655	0.01295	0.01847	0.05284	0.07667	0.12839	0.57955	0.02045	0.00959	0.00278	0.00429	0.01719	0.00765	0.00716
46	0.01737	0.03979	0.61554	0.02316	0.03472	0.01858	0.05393	0.02638	0.01751	0.05684	0.01548	0.01783	0.01084	0.00779	0.00781	0.00257	0.01182	0.00625	0.00377	0.01204
47	0.01747	0.01006	0.01032	0.00947	0.01210	0.01051	0.00731	0.10326	0.04884	0.03323	0.02583	0.02880	0.02004	0.00956	0.00612	0.00200	0.00460	0.00760	0.62423	0.00864
48	0.01083	0.00812	0.01004	0.00988	0.01180	0.00733	0.00729	0.01393	0.02096	0.02851	0.44447	0.14741	0.21233	0.01865	0.00968	0.00269	0.00401	0.01633	0.00842	0.00733
49	0.00996	0.00823	0.00873	0.00861	0.01119	0.00701	0.00646	0.01236	0.01937	0.02399	0.19508	0.07468	0.54675	0.01978	0.00959	0.00270	0.00405	0.01665	0.00781	0.00701
50	0.02104	0.01528	0.01715	0.01528	0.01962	0.01676	0.01202	0.03757	0.44279	0.12636	0.11829	0.03693	0.03215	0.01217	0.00856	0.00274	0.00619	0.03852	0.00857	0.01202
51	0.01155	0.00855	0.01088	0.01118	0.01273	0.00826	0.00804	0.01598	0.07221	0.02778	0.35371	0.32589	0.06279	0.01977	0.00979	0.00288	0.00441	0.01768	0.00830	0.00765
52	0.02251	0.01636	0.01768	0.01452	0.01825	0.01780	0.01097	0.35241	0.05473	0.03576	0.02260	0.03384	0.02077	0.30078	0.02182	0.00469	0.00838	0.00924	0.00680	0.01009
53	0.01176	0.00852	0.00995	0.00944	0.01197	0.00747	0.00714	0.01469	0.02081	0.05789	0.34894	0.06753	0.35801	0.01820	0.00951	0.00264	0.00411	0.01555	0.00831	0.00756
54	0.01003	0.00730	0.00949	0.01119	0.01196	0.00676	0.00769	0.01163	0.01600	0.02102	0.04836	0.61395	0.11373	0.02478	0.01033	0.00326	0.00479	0.05356	0.00753	0.00666
