[name]
unknown

[dist]
# distance from previous block
# <min> <max>
0	38

[block]
# block no. 0 follows, 24 sequences, length 12
# corresponding to MSA columns:
# 59-70
name=unknown_A
#
# <colnr> <probs for GDERKNQSTAVLIFYWHMCP>
#	G	D	E	R	K	N	Q	S	T	A	V	L	I	F	Y	W	H	M	C	P
0	0.01517	0.01112	0.01435	0.01511	0.01762	0.01158	0.01301	0.08658	0.06689	0.02727	0.03879	0.07744	0.04059	0.01975	0.01041	0.00344	0.00738	0.50771	0.00743	0.00836
1	0.07451	0.02059	0.06794	0.01701	0.02274	0.02131	0.01444	0.26425	0.33639	0.03900	0.02460	0.02359	0.01813	0.00983	0.00777	0.00255	0.00758	0.00774	0.00746	0.01257
2	0.02427	0.10129	0.29351	0.01917	0.05000	0.01804	0.01984	0.07215	0.05064	0.24289	0.02076	0.02059	0.01424	0.00848	0.00748	0.00240	0.00918	0.00667	0.00605	0.01233
3	0.11531	0.14449	0.46685	0.04676	0.03047	0.02034	0.02385	0.02447	0.01619	0.02526	0.01331	0.01578	0.00990	0.00741	0.00682	0.00238	0.01044	0.00545	0.00356	0.01095
4	0.01630	0.03388	0.01356	0.01177	0.01407	0.01009	0.00861	0.01804	0.01541	0.13508	0.02916	0.24114	0.03032	0.19389	0.07669	0.00477	0.04094	0.01281	0.00629	0.08718
5	0.12788	0.01637	0.06367	0.19154	0.02828	0.01696	0.01490	0.02786	0.22813	0.04900	0.06992	0.02882	0.06341	0.01037	0.00822	0.00263	0.02750	0.00838	0.00603	0.01013
6	0.10212	0.09328	0.06249	0.01711	0.06375	0.01845	0.01344	0.09330	0.22688	0.06538	0.02585	0.13903	0.02271	0.01170	0.00768	0.00257	0.00706	0.00967	0.00660	0.01093
7	0.09721	0.00829	0.00799	0.00786	0.00984	0.00855	0.00579	0.01826	0.01574	0.02869	0.02416	0.03015	0.01996	0.08549	0.00921	0.00254	0.00439	0.00750	0.60113	0.00724
8	0.01874	0.32921	0.22358	0.01673	0.02436	0.02363	0.01787	0.02544	0.08497	0.02292	0.01455	0.01639	0.01183	0.00775	0.00744	0.00209	0.04979	0.00543	0.00403	0.09326
9	0.01320	0.00950	0.01158	0.01205	0.01345	0.00955	0.00844	0.11632	0.01857	0.02480	0.03817	0.54924	0.04416	0.07604	0.01209	0.00343	0.00552	0.01914	0.00726	0.00748
10	0.02077	0.01467	0.01634	0.01404	0.01883	0.01522	0.01104	0.03437	0.37078	0.15205	0.03752	0.03486	0.12098	0.01149	0.00802	0.00248	0.00597	0.00951	0.00793	0.09313
11	0.01921	0.01308	0.01589	0.01597	0.08631	0.01318	0.01096	0.06404	0.16115	0.10067	0.08160	0.04995	0.02492	0.02947	0.00821	0.00237	0.00589	0.00864	0.19894	0.08954

[dist]
# distance from previous block
# <min> <max>
19	46

[block]
# block no. 1 follows, 24 sequences, length 6
# corresponding to MSA columns:
# 117-122
name=unknown_B
#
# <colnr> <probs for GDERKNQSTAVLIFYWHMCP>
#	G	D	E	R	K	N	Q	S	T	A	V	L	I	F	Y	W	H	M	C	P
0	0.01096	0.00827	0.00941	0.00927	0.01095	0.00741	0.00624	0.01239	0.01535	0.02012	0.08345	0.17868	0.23265	0.26639	0.02010	0.00439	0.00557	0.01470	0.00630	0.07739
1	0.02853	0.02069	0.02100	0.01676	0.02231	0.08036	0.01358	0.39999	0.08947	0.12744	0.02187	0.02156	0.01559	0.00953	0.00767	0.00234	0.00830	0.00726	0.07325	0.01249
2	0.01873	0.01808	0.16023	0.01482	0.02015	0.01305	0.01408	0.02705	0.14426	0.16000	0.24498	0.06721	0.03869	0.01235	0.00846	0.00256	0.00662	0.01053	0.00758	0.01056
3	0.18193	0.01194	0.01276	0.01202	0.01499	0.01233	0.00902	0.11092	0.01808	0.02833	0.02807	0.29017	0.03039	0.08689	0.01134	0.00321	0.00614	0.04582	0.00640	0.07925
4	0.19667	0.02128	0.08637	0.01682	0.02298	0.07417	0.05909	0.11640	0.14930	0.08601	0.01917	0.01972	0.01415	0.00845	0.00708	0.00236	0.00832	0.00657	0.00607	0.07903
5	0.28868	0.05880	0.01785	0.07229	0.02113	0.01748	0.01147	0.14201	0.02009	0.11915	0.04542	0.02134	0.01564	0.05265	0.00862	0.00264	0.00721	0.00648	0.00607	0.06498

[dist]
# distance from previous block
# <min> <max>
7	34

[block]
# block no. 2 follows, 24 sequences, length 17
# corresponding to MSA columns:
# 162-178
name=unknown_C
#
# <colnr> <probs for GDERKNQSTAVLIFYWHMCP>
#	G	D	E	R	K	N	Q	S	T	A	V	L	I	F	Y	W	H	M	C	P
0	0.07092	0.10123	0.02115	0.11022	0.02438	0.01689	0.03512	0.04089	0.15510	0.15936	0.07606	0.03371	0.03652	0.01107	0.00793	0.00258	0.00739	0.07212	0.00682	0.01057
1	0.21363	0.10490	0.02221	0.11032	0.02540	0.02181	0.01381	0.25855	0.06586	0.03622	0.01602	0.01759	0.01208	0.00834	0.00674	0.00232	0.00801	0.00607	0.00587	0.04426
2	0.07281	0.26539	0.02680	0.01492	0.02051	0.11573	0.01280	0.17986	0.02295	0.02990	0.09390	0.02052	0.01895	0.00879	0.00666	0.00202	0.00842	0.00637	0.00548	0.06723
3	0.12982	0.01983	0.01809	0.01545	0.02017	0.13656	0.01220	0.14305	0.17601	0.12449	0.10109	0.02591	0.02317	0.01014	0.00759	0.00243	0.00788	0.00782	0.00722	0.01109
4	0.02417	0.06961	0.24831	0.01672	0.02427	0.01541	0.01752	0.03073	0.06391	0.29596	0.09089	0.02606	0.02179	0.00956	0.00778	0.00244	0.00824	0.00773	0.00692	0.01197
5	0.02520	0.18209	0.09925	0.01983	0.02673	0.11727	0.09321	0.28143	0.02611	0.03317	0.01545	0.01703	0.01176	0.00817	0.00733	0.00223	0.01033	0.00635	0.00543	0.01163
6	0.38942	0.01529	0.01437	0.01209	0.01703	0.01656	0.00986	0.16041	0.02059	0.10345	0.02799	0.02767	0.13515	0.01049	0.00674	0.00248	0.00637	0.00765	0.00655	0.00983
7	0.07546	0.10047	0.01740	0.01212	0.01650	0.01545	0.00998	0.17373	0.02319	0.07587	0.12965	0.04378	0.24858	0.01363	0.00806	0.00243	0.00604	0.01095	0.00719	0.00953
8	0.01902	0.06932	0.01998	0.01834	0.10716	0.01644	0.01232	0.13117	0.01901	0.06853	0.06426	0.03267	0.02248	0.24305	0.03447	0.00441	0.09378	0.00889	0.00556	0.00914
9	0.02355	0.01790	0.01931	0.01556	0.02079	0.01913	0.01253	0.39792	0.09643	0.04013	0.03049	0.08211	0.10854	0.01204	0.00816	0.00243	0.00728	0.00968	0.00758	0.06844
10	0.38725	0.01517	0.01472	0.01238	0.01710	0.01657	0.01006	0.15816	0.02137	0.09889	0.14956	0.02508	0.02430	0.00988	0.00677	0.00245	0.00626	0.00733	0.00682	0.00989
11	0.01958	0.11941	0.45963	0.02234	0.08022	0.01910	0.02453	0.02677	0.01759	0.11501	0.01626	0.01790	0.01159	0.00772	0.00732	0.00239	0.01045	0.00605	0.00430	0.01184
12	0.04635	0.01239	0.01509	0.01309	0.01699	0.01219	0.01054	0.13480	0.02293	0.22813	0.12187	0.11004	0.03283	0.01360	0.00838	0.00260	0.00613	0.08489	0.09691	0.01026
13	0.01819	0.13748	0.32638	0.02802	0.21385	0.02067	0.02370	0.02647	0.08427	0.02519	0.01583	0.01830	0.01227	0.00762	0.00730	0.00236	0.00999	0.00628	0.00402	0.01181
14	0.01206	0.00929	0.01202	0.01214	0.01363	0.00934	0.03003	0.01709	0.11739	0.02343	0.12750	0.39483	0.04641	0.11988	0.01396	0.00365	0.00549	0.01720	0.00719	0.00747
15	0.12073	0.00849	0.00798	0.00781	0.01009	0.00884	0.00597	0.01915	0.01619	0.03040	0.02381	0.02725	0.01869	0.00898	0.00545	0.00193	0.00403	0.00696	0.65968	0.00756
16	0.01777	0.01772	0.10996	0.01448	0.02017	0.01423	0.01302	0.08413	0.15920	0.05702	0.19039	0.03121	0.03120	0.01038	0.00777	0.00220	0.00653	0.00867	0.00680	0.19715

[dist]
# distance from previous block
# <min> <max>
0	5

[block]
# block no. 3 follows, 24 sequences, length 14
# corresponding to MSA columns:
# 184-197
name=unknown_D
#
# <colnr> <probs for GDERKNQSTAVLIFYWHMCP>
#	G	D	E	R	K	N	Q	S	T	A	V	L	I	F	Y	W	H	M	C	P
0	0.02247	0.08631	0.27848	0.01695	0.02457	0.04034	0.01819	0.02797	0.01974	0.23616	0.12486	0.02647	0.02362	0.00963	0.00774	0.00240	0.00864	0.00774	0.00634	0.01138
1	0.17227	0.01694	0.02171	0.01870	0.01970	0.02296	0.01556	0.01995	0.01242	0.02245	0.01054	0.01644	0.01004	0.01255	0.02172	0.00326	0.56397	0.00640	0.00376	0.00866
2	0.01688	0.12595	0.53004	0.02263	0.03332	0.02024	0.09417	0.02497	0.01688	0.02432	0.01402	0.01674	0.01028	0.00735	0.00742	0.00243	0.01149	0.00604	0.00343	0.01141
3	0.02394	0.01706	0.01940	0.05138	0.02232	0.01758	0.01259	0.33878	0.02723	0.08292	0.02099	0.07056	0.01709	0.03236	0.00855	0.00235	0.00747	0.00795	0.05323	0.16626
4	0.02035	0.06813	0.47473	0.02109	0.03120	0.01778	0.06267	0.02782	0.01805	0.15777	0.01766	0.01892	0.01213	0.00791	0.00761	0.00247	0.01065	0.00643	0.00471	0.01194
5	0.00990	0.00708	0.00944	0.01111	0.01172	0.00662	0.00759	0.01154	0.01582	0.02121	0.08812	0.64411	0.05377	0.02411	0.01010	0.00319	0.00465	0.04592	0.00746	0.00655
6	0.02060	0.50161	0.04024	0.02299	0.15556	0.02753	0.08749	0.02405	0.01681	0.02090	0.01239	0.01512	0.01087	0.00683	0.00614	0.00194	0.00923	0.00540	0.00357	0.01072
7	0.16914	0.00968	0.01247	0.11343	0.01808	0.01066	0.00954	0.01454	0.01235	0.01992	0.01668	0.10023	0.01665	0.02020	0.01986	0.41155	0.00702	0.00817	0.00420	0.00563
8	0.01636	0.00915	0.01207	0.01119	0.01294	0.00927	0.00799	0.01798	0.01423	0.15138	0.02496	0.03956	0.02380	0.34475	0.26098	0.00839	0.01224	0.00974	0.00563	0.00737
9	0.17023	0.00901	0.00826	0.00801	0.01048	0.00951	0.00616	0.01946	0.01599	0.03079	0.02285	0.02616	0.01793	0.00886	0.00541	0.00197	0.00419	0.00676	0.61032	0.00763
10	0.23885	0.03812	0.01878	0.06325	0.02227	0.05003	0.01243	0.18607	0.02294	0.21866	0.01959	0.01966	0.01363	0.00873	0.00690	0.00239	0.00766	0.00640	0.03237	0.01128
11	0.02026	0.01718	0.01997	0.15631	0.02812	0.02000	0.01485	0.12487	0.43707	0.03297	0.02666	0.02634	0.01988	0.01000	0.00802	0.00264	0.00751	0.00831	0.00712	0.01192
12	0.01590	0.04102	0.68023	0.02260	0.03432	0.01842	0.02930	0.02511	0.01674	0.02511	0.01423	0.01674	0.01005	0.00753	0.00753	0.00251	0.01172	0.00586	0.00335	0.01172
13	0.33697	0.01761	0.02786	0.04067	0.02805	0.01827	0.28193	0.02457	0.01637	0.06925	0.01543	0.03790	0.01212	0.00795	0.00794	0.00261	0.03255	0.00738	0.00481	0.00974

[dist]
# distance from previous block
# <min> <max>
0	8

[block]
# block no. 4 follows, 24 sequences, length 84
# corresponding to MSA columns:
# 206-289
name=unknown_E
#
# <colnr> <probs for GDERKNQSTAVLIFYWHMCP>
#	G	D	E	R	K	N	Q	S	T	A	V	L	I	F	Y	W	H	M	C	P
0	0.01943	0.01882	0.09066	0.01479	0.01985	0.06075	0.01290	0.13288	0.18375	0.07243	0.06726	0.03986	0.20756	0.01287	0.00835	0.00255	0.00712	0.01045	0.00718	0.01055
1	0.01893	0.07690	0.01967	0.01404	0.01851	0.01306	0.06876	0.06587	0.02164	0.14272	0.29101	0.06561	0.04112	0.01208	0.00827	0.00231	0.00622	0.01060	0.00743	0.09526
2	0.77733	0.01534	0.01166	0.01043	0.01534	0.01779	0.00859	0.02331	0.01350	0.03558	0.01104	0.01288	0.00859	0.00736	0.00491	0.00245	0.00613	0.00429	0.00491	0.00859
3	0.02395	0.01814	0.02187	0.09353	0.02623	0.01870	0.03766	0.33506	0.02702	0.06807	0.01795	0.02052	0.01362	0.03944	0.00888	0.00235	0.00824	0.00682	0.00642	0.20552
4	0.01480	0.00815	0.00924	0.08560	0.01435	0.00854	0.00740	0.01868	0.01654	0.02852	0.02454	0.02862	0.01923	0.00909	0.00581	0.00194	0.00447	0.00735	0.67959	0.00755
5	0.10230	0.01799	0.05754	0.20396	0.03459	0.01984	0.17273	0.02156	0.01550	0.02356	0.03740	0.02038	0.01302	0.00958	0.01324	0.00286	0.21318	0.00749	0.00397	0.00929
6	0.53602	0.01913	0.07843	0.01301	0.01876	0.04977	0.01168	0.06584	0.01681	0.10696	0.01420	0.01531	0.01037	0.00783	0.00581	0.00243	0.00730	0.00508	0.00547	0.00979
7	0.01719	0.02001	0.09812	0.02102	0.02234	0.02363	0.01869	0.01976	0.01266	0.01976	0.01084	0.01728	0.01037	0.01317	0.02394	0.00336	0.62857	0.00682	0.00346	0.00902
8	0.02284	0.01743	0.02166	0.01768	0.02299	0.01877	0.08344	0.14666	0.35148	0.11665	0.03104	0.02945	0.06199	0.01056	0.00826	0.00260	0.00743	0.00906	0.00776	0.01225
9	0.09745	0.00892	0.01072	0.01003	0.01224	0.00864	0.00761	0.01590	0.02144	0.03222	0.59376	0.05402	0.06737	0.01522	0.00885	0.00249	0.00401	0.01321	0.00830	0.00761
10	0.02039	0.01593	0.01734	0.01506	0.01990	0.01729	0.01180	0.03783	0.49330	0.09413	0.03243	0.03009	0.05322	0.01056	0.00787	0.00250	0.00617	0.00876	0.00782	0.09759
11	0.01748	0.02052	0.15543	0.01698	0.02507	0.01349	0.09904	0.02256	0.01708	0.05411	0.01514	0.01763	0.01178	0.00649	0.00677	0.00170	0.00811	0.00571	0.00455	0.48035
12	0.00987	0.00706	0.00939	0.01090	0.01155	0.00658	0.00738	0.01156	0.01614	0.02177	0.12609	0.62941	0.05540	0.02370	0.01002	0.00312	0.00449	0.02146	0.00754	0.00658
13	0.02971	0.01375	0.01801	0.04695	0.02108	0.01296	0.01191	0.09601	0.05029	0.45807	0.12507	0.03086	0.02707	0.01070	0.00818	0.00247	0.00666	0.00885	0.00909	0.01233
14	0.02053	0.07454	0.08190	0.10917	0.02881	0.04916	0.08644	0.10287	0.24077	0.05400	0.02293	0.05601	0.01804	0.00972	0.00796	0.00254	0.00886	0.00835	0.00608	0.01130
15	0.01498	0.01409	0.02378	0.70226	0.05462	0.01762	0.02202	0.02026	0.01586	0.02026	0.01409	0.02114	0.01057	0.00793	0.00793	0.00264	0.01057	0.00705	0.00352	0.00881
16	0.02103	0.01028	0.01374	0.01164	0.01523	0.00916	0.00916	0.02450	0.02255	0.29175	0.41140	0.04625	0.05260	0.01364	0.00880	0.00248	0.00495	0.01178	0.00917	0.00990
17	0.13498	0.01695	0.01739	0.01515	0.01994	0.01921	0.01199	0.11794	0.42595	0.06249	0.02924	0.02746	0.04635	0.01042	0.00763	0.00260	0.00651	0.00830	0.00762	0.01188
18	0.02633	0.01225	0.01578	0.01292	0.01765	0.01121	0.01037	0.03158	0.09177	0.41080	0.17578	0.03842	0.08535	0.01217	0.00840	0.00251	0.00581	0.01020	0.00918	0.01151
19	0.01097	0.00810	0.01024	0.00971	0.01169	0.00737	0.00728	0.01447	0.02184	0.03036	0.58620	0.06160	0.15718	0.01675	0.00936	0.00252	0.00378	0.01467	0.00854	0.00737
20	0.01519	0.01432	0.02418	0.67167	0.08350	0.01768	0.02213	0.02045	0.01596	0.02052	0.01413	0.02107	0.01066	0.00789	0.00792	0.00263	0.01052	0.00705	0.00354	0.00898
21	0.02962	0.03779	0.02247	0.02043	0.02451	0.68948	0.01532	0.03166	0.02247	0.01941	0.01226	0.01430	0.01021	0.00817	0.00715	0.00204	0.01430	0.00511	0.00409	0.00919
22	0.01859	0.02064	0.04261	0.03275	0.08343	0.02056	0.51161	0.02444	0.01775	0.02455	0.01518	0.02070	0.01184	0.00772	0.01158	0.00276	0.10995	0.00886	0.00393	0.01055
23	0.00966	0.00690	0.00920	0.01104	0.01150	0.00644	0.00736	0.01104	0.01518	0.02024	0.04371	0.71614	0.05245	0.02484	0.01012	0.00322	0.00460	0.02254	0.00736	0.00644
24	0.01122	0.00811	0.01060	0.00998	0.01185	0.00748	0.00748	0.01496	0.02245	0.03180	0.66766	0.05923	0.07482	0.01621	0.00935	0.00249	0.00374	0.01434	0.00873	0.00748
25	0.02120	0.72609	0.04155	0.01357	0.02035	0.03138	0.01357	0.02374	0.01611	0.01866	0.01102	0.01272	0.01018	0.00678	0.00509	0.00170	0.00848	0.00424	0.00339	0.01018
26	0.01351	0.00945	0.01158	0.01067	0.01322	0.00902	0.00813	0.01907	0.09335	0.07230	0.47574	0.05612	0.14568	0.01571	0.00912	0.00254	0.00426	0.01365	0.00854	0.00834
27	0.01478	0.00739	0.00739	0.00739	0.00924	0.00739	0.00554	0.01848	0.01663	0.02956	0.02587	0.02956	0.02033	0.00924	0.00554	0.00185	0.00370	0.00739	0.76534	0.00739
28	0.01590	0.04102	0.68023	0.02260	0.03432	0.01842	0.02930	0.02511	0.01674	0.02511	0.01423	0.01674	0.01005	0.00753	0.00753	0.00251	0.01172	0.00586	0.00335	0.01172
29	0.01947	0.01974	0.05993	0.04618	0.61681	0.01886	0.02406	0.02511	0.04467	0.02618	0.01561	0.01992	0.01294	0.00724	0.00785	0.00238	0.00939	0.00709	0.00407	0.01252
30	0.01159	0.00856	0.01125	0.01269	0.01449	0.00821	0.01055	0.01456	0.01775	0.02272	0.05021	0.18264	0.17605	0.02198	0.01050	0.00338	0.00621	0.40230	0.00732	0.00704
31	0.01872	0.02139	0.04679	0.03342	0.04144	0.02005	0.64305	0.02540	0.01872	0.02540	0.01604	0.02139	0.01203	0.00668	0.00936	0.00267	0.01337	0.00936	0.00401	0.01070
32	0.00966	0.00690	0.00920	0.01104	0.01150	0.00644	0.00736	0.01104	0.01518	0.02024	0.04371	0.71614	0.05245	0.02484	0.01012	0.00322	0.00460	0.02254	0.00736	0.00644
33	0.01891	0.02085	0.04371	0.03664	0.17444	0.01980	0.51251	0.02518	0.01858	0.02551	0.01581	0.02102	0.01214	0.00676	0.00904	0.00261	0.01254	0.00887	0.00399	0.01109
34	0.03558	0.01350	0.01840	0.01411	0.02024	0.01166	0.01166	0.03865	0.02270	0.67734	0.03128	0.02699	0.01963	0.00981	0.00797	0.00245	0.00675	0.00797	0.00981	0.01350
35	0.01215	0.00963	0.01404	0.04436	0.03824	0.00945	0.05205	0.05390	0.01710	0.02276	0.03959	0.54245	0.07098	0.02108	0.00972	0.00305	0.00586	0.01921	0.00689	0.00750
36	0.04369	0.01449	0.02443	0.64433	0.05252	0.01774	0.05126	0.02062	0.01590	0.02108	0.01407	0.02084	0.01057	0.00785	0.00788	0.00264	0.01054	0.00705	0.00360	0.00889
37	0.00956	0.00807	0.00829	0.00833	0.01095	0.00681	0.00631	0.01169	0.01825	0.02190	0.10133	0.07612	0.62456	0.02000	0.00943	0.00270	0.00412	0.03742	0.00741	0.00675
38	0.01629	0.07469	0.62131	0.02260	0.03392	0.01914	0.05443	0.02506	0.01679	0.02480	0.01415	0.01674	0.01014	0.00746	0.00749	0.00248	0.01163	0.00593	0.00338	0.01160
39	0.01608	0.01526	0.02561	0.53212	0.18568	0.01817	0.02232	0.02108	0.01617	0.02142	0.01411	0.02065	0.01099	0.00800	0.00870	0.00262	0.04076	0.00705	0.00361	0.00961
40	0.01153	0.00769	0.00865	0.00865	0.00865	0.00769	0.00480	0.01153	0.01153	0.01538	0.02499	0.05189	0.02883	0.72131	0.04036	0.00769	0.00769	0.01153	0.00480	0.00480
41	0.00960	0.00797	0.00840	0.00845	0.01089	0.00677	0.00628	0.01176	0.01838	0.02251	0.14407	0.11577	0.56195	0.01996	0.00942	0.00269	0.00402	0.01684	0.00752	0.00677
42	0.02269	0.18667	0.18002	0.02165	0.02893	0.22615	0.13348	0.06697	0.02004	0.02361	0.01357	0.01611	0.01071	0.00753	0.00724	0.00221	0.01190	0.00600	0.00400	0.01054
43	0.01987	0.02249	0.03656	0.11406	0.06535	0.12763	0.35939	0.02493	0.01811	0.02303	0.01444	0.01964	0.01138	0.00799	0.01084	0.00265	0.09971	0.00798	0.00389	0.01005
44	0.01877	0.01603	0.01711	0.01544	0.01963	0.01835	0.01198	0.03908	0.58604	0.03302	0.10379	0.03292	0.02990	0.01137	0.00821	0.00267	0.00599	0.00957	0.00814	0.01198
45	0.00966	0.00690	0.00920	0.01104	0.01150	0.00644	0.00736	0.01104	0.01518	0.02024	0.04371	0.71614	0.05245	0.02484	0.01012	0.00322	0.00460	0.02254	0.00736	0.00644
46	0.04281	0.01745	0.05095	0.01543	0.02067	0.01762	0.01273	0.08370	0.40184	0.07629	0.06867	0.02788	0.02375	0.01014	0.00777	0.00245	0.00656	0.00833	0.00751	0.09743
47	0.02967	0.04241	0.04900	0.01450	0.02078	0.01377	0.01240	0.03587	0.11406	0.45545	0.02795	0.02517	0.01862	0.00929	0.00762	0.00232	0.00687	0.00751	0.00845	0.09828
48	0.01895	0.01824	0.03054	0.10470	0.54270	0.01934	0.02334	0.02338	0.01719	0.02463	0.01433	0.01951	0.01214	0.00791	0.00990	0.00251	0.08802	0.00705	0.00384	0.01178
49	0.01643	0.08307	0.60735	0.02335	0.06555	0.01925	0.02806	0.02499	0.01677	0.02475	0.01406	0.01663	0.01018	0.00746	0.00740	0.00245	0.01140	0.00582	0.00338	0.01166
50	0.01739	0.01838	0.03703	0.11801	0.15328	0.01800	0.38173	0.02294	0.01784	0.02426	0.01871	0.09924	0.01649	0.00895	0.00899	0.00267	0.01132	0.01014	0.00431	0.01031
51	0.05233	0.09652	0.02755	0.05601	0.33385	0.01813	0.01826	0.02902	0.04792	0.21351	0.01981	0.02123	0.01464	0.00804	0.00748	0.00234	0.00832	0.00699	0.00577	0.01228
52	0.00994	0.00711	0.00945	0.01085	0.01156	0.00663	0.00738	0.01174	0.01647	0.02230	0.15451	0.59949	0.05642	0.02331	0.00998	0.00309	0.00445	0.02109	0.00760	0.00663
53	0.01805	0.02032	0.04401	0.03177	0.03923	0.01905	0.59598	0.02434	0.01845	0.02502	0.01809	0.07283	0.01502	0.00803	0.00941	0.00271	0.01272	0.01033	0.00426	0.01038
54	0.10981	0.01264	0.01525	0.01265	0.01721	0.01218	0.01015	0.04995	0.07935	0.32494	0.20154	0.03611	0.06082	0.01176	0.00807	0.00249	0.00578	0.00970	0.00865	0.01096
55	0.14173	0.19048	0.14316	0.01523	0.02236	0.01943	0.01507	0.07116	0.01961	0.26051	0.01941	0.01901	0.01352	0.00828	0.00673	0.00228	0.00810	0.00608	0.00622	0.01162
56	0.03558	0.01350	0.01840	0.01411	0.02024	0.01166	0.01166	0.03865	0.02270	0.67734	0.03128	0.02699	0.01963	0.00981	0.00797	0.00245	0.00675	0.00797	0.00981	0.01350
57	0.02912	0.02437	0.02357	0.06066	0.02642	0.13770	0.01554	0.50218	0.03344	0.04293	0.01758	0.01836	0.01275	0.00919	0.00780	0.00234	0.00979	0.00679	0.00700	0.01247
58	0.08395	0.01544	0.02304	0.38716	0.05894	0.01760	0.05855	0.10689	0.01945	0.06879	0.01973	0.02535	0.04259	0.00915	0.00793	0.00261	0.00943	0.02858	0.00500	0.00982
59	0.03330	0.01408	0.01894	0.01577	0.04780	0.01277	0.01228	0.03839	0.08657	0.58481	0.03069	0.02694	0.01979	0.00979	0.00798	0.00247	0.00681	0.00804	0.00939	0.01336
60	0.01498	0.01409	0.02378	0.70226	0.05462	0.01762	0.02202	0.02026	0.01586	0.02026	0.01409	0.02114	0.01057	0.00793	0.00793	0.00264	0.01057	0.00705	0.00352	0.00881
61	0.01677	0.15262	0.57618	0.02113	0.03205	0.02053	0.02674	0.02489	0.01664	0.02406	0.01371	0.01609	0.01007	0.00741	0.00714	0.00238	0.01119	0.00560	0.00336	0.01147
62	0.01938	0.01785	0.03436	0.24625	0.04183	0.01848	0.32660	0.02549	0.03767	0.09710	0.01740	0.02203	0.01272	0.00786	0.00938	0.00267	0.03959	0.00835	0.00461	0.01038
63	0.01115	0.00810	0.01050	0.00990	0.01180	0.00745	0.00742	0.01482	0.02227	0.03138	0.64387	0.05993	0.09888	0.01637	0.00935	0.00250	0.00375	0.01444	0.00867	0.00745
64	0.01015	0.00728	0.00964	0.01071	0.01161	0.00677	0.00740	0.01228	0.01747	0.02388	0.24019	0.50928	0.05949	0.02213	0.00988	0.00299	0.00433	0.01996	0.00779	0.00677
65	0.03326	0.01356	0.01901	0.09156	0.02411	0.01233	0.01282	0.03658	0.02193	0.60338	0.02935	0.02633	0.01861	0.00960	0.00797	0.00247	0.00718	0.00787	0.00911	0.01297
66	0.01792	0.01985	0.04192	0.17504	0.04423	0.01954	0.51155	0.02431	0.01811	0.02431	0.01563	0.02134	0.01172	0.00695	0.00906	0.00267	0.01278	0.00887	0.00391	0.01030
67	0.01081	0.00789	0.01016	0.01002	0.01170	0.00724	0.00735	0.01400	0.02083	0.02897	0.51270	0.17694	0.11573	0.01803	0.00949	0.00264	0.00391	0.01598	0.00838	0.00724
68	0.03079	0.02582	0.02257	0.01831	0.02392	0.23242	0.01464	0.36077	0.03042	0.13442	0.01874	0.01874	0.01338	0.00914	0.00769	0.00228	0.01019	0.00662	0.00700	0.01213
69	0.02896	0.01194	0.01619	0.01312	0.01798	0.01044	0.01054	0.03196	0.02189	0.50486	0.13668	0.10238	0.03200	0.01239	0.00842	0.00254	0.00604	0.01050	0.00939	0.01179
70	0.02299	0.01071	0.01437	0.01197	0.01590	0.00950	0.00950	0.02641	0.02257	0.34372	0.36017	0.04365	0.04815	0.01312	0.00869	0.00247	0.00519	0.01126	0.00925	0.01039
71	0.01498	0.01409	0.02378	0.70226	0.05462	0.01762	0.02202	0.02026	0.01586	0.02026	0.01409	0.02114	0.01057	0.00793	0.00793	0.00264	0.01057	0.00705	0.00352	0.00881
72	0.01615	0.07308	0.65034	0.02218	0.03367	0.01902	0.02856	0.02505	0.01671	0.02481	0.01408	0.01655	0.01005	0.00750	0.00742	0.00247	0.01157	0.00578	0.00335	0.01165
73	0.03455	0.01372	0.01837	0.01424	0.02027	0.01218	0.01171	0.03887	0.06375	0.63569	0.03135	0.02716	0.01993	0.00988	0.00798	0.00247	0.00672	0.00804	0.00970	0.01343
74	0.01031	0.00701	0.00906	0.01058	0.01126	0.00659	0.00716	0.01205	0.01566	0.02180	0.06897	0.61015	0.04981	0.02271	0.00957	0.00303	0.00446	0.02048	0.09273	0.00659
75	0.01675	0.15093	0.57776	0.02115	0.03208	0.02050	0.02677	0.02489	0.01664	0.02408	0.01372	0.01610	0.01007	0.00741	0.00714	0.00238	0.01120	0.00560	0.00336	0.01147
76	0.01609	0.03990	0.64759	0.02391	0.06643	0.01844	0.02905	0.02507	0.01681	0.02515	0.01427	0.01689	0.01017	0.00751	0.00755	0.00250	0.01160	0.00592	0.00338	0.01176
77	0.01590	0.04102	0.68023	0.02260	0.03432	0.01842	0.02930	0.02511	0.01674	0.02511	0.01423	0.01674	0.01005	0.00753	0.00753	0.00251	0.01172	0.00586	0.00335	0.01172
78	0.01590	0.04102	0.68023	0.02260	0.03432	0.01842	0.02930	0.02511	0.01674	0.02511	0.01423	0.01674	0.01005	0.00753	0.00753	0.00251	0.01172	0.00586	0.00335	0.01172
79	0.01872	0.02139	0.04679	0.03342	0.04144	0.02005	0.64305	0.02540	0.01872	0.02540	0.01604	0.02139	0.01203	0.00668	0.00936	0.00267	0.01337	0.00936	0.00401	0.01070
80	0.01508	0.01424	0.02381	0.67136	0.05308	0.01792	0.02181	0.02021	0.01569	0.02021	0.01393	0.02097	0.01056	0.00820	0.00875	0.00268	0.04214	0.00704	0.00352	0.00880
81	0.00974	0.00696	0.00927	0.01099	0.01152	0.00649	0.00737	0.01124	0.01555	0.02082	0.07513	0.68306	0.05357	0.02441	0.01008	0.00318	0.00456	0.02213	0.00743	0.00649
82	0.00966	0.00690	0.00920	0.01104	0.01150	0.00644	0.00736	0.01104	0.01518	0.02024	0.04371	0.71614	0.05245	0.02484	0.01012	0.00322	0.00460	0.02254	0.00736	0.00644
83	0.01590	0.04102	0.68023	0.02260	0.03432	0.01842	0.02930	0.02511	0.01674	0.02511	0.01423	0.01674	0.01005	0.00753	0.00753	0.00251	0.01172	0.00586	0.00335	0.01172

[dist]
# distance from previous block
# <min> <max>
0	9

[block]
# block no. 5 follows, 24 sequences, length 89
# corresponding to MSA columns:
# 299-387
name=unknown_F
#
# <colnr> <probs for GDERKNQSTAVLIFYWHMCP>
#	G	D	E	R	K	N	Q	S	T	A	V	L	I	F	Y	W	H	M	C	P
0	0.01662	0.06954	0.54528	0.02398	0.03486	0.01929	0.13061	0.02510	0.01704	0.02486	0.01438	0.01733	0.01038	0.00736	0.00772	0.00250	0.01184	0.00637	0.00346	0.01148
1	0.01857	0.02095	0.04435	0.03206	0.03921	0.02051	0.57519	0.02472	0.01800	0.02472	0.01543	0.02095	0.01186	0.00746	0.01117	0.00276	0.08858	0.00910	0.00395	0.01048
2	0.01645	0.00900	0.00917	0.00857	0.01090	0.00926	0.00658	0.08647	0.01887	0.03178	0.02513	0.02842	0.01958	0.00927	0.00580	0.00191	0.00424	0.00736	0.68319	0.00805
3	0.00966	0.00690	0.00920	0.01104	0.01150	0.00644	0.00736	0.01104	0.01518	0.02024	0.04371	0.71614	0.05245	0.02484	0.01012	0.00322	0.00460	0.02254	0.00736	0.00644
4	0.00966	0.00690	0.00920	0.01104	0.01150	0.00644	0.00736	0.01104	0.01518	0.02024	0.04371	0.71614	0.05245	0.02484	0.01012	0.00322	0.00460	0.02254	0.00736	0.00644
5	0.01972	0.01703	0.01793	0.01614	0.02062	0.01972	0.01255	0.04214	0.65752	0.03317	0.03228	0.02959	0.02421	0.01076	0.00807	0.00269	0.00628	0.00897	0.00807	0.01255
6	0.01872	0.02139	0.04679	0.03342	0.04144	0.02005	0.64305	0.02540	0.01872	0.02540	0.01604	0.02139	0.01203	0.00668	0.00936	0.00267	0.01337	0.00936	0.00401	0.01070
7	0.01540	0.01467	0.02523	0.63664	0.08974	0.01779	0.04801	0.02071	0.01610	0.02080	0.01422	0.02106	0.01075	0.00783	0.00798	0.00263	0.01062	0.00714	0.00357	0.00910
8	0.03466	0.01478	0.04919	0.01450	0.02090	0.01197	0.01248	0.03802	0.02242	0.64700	0.03049	0.02651	0.01918	0.00971	0.00795	0.00246	0.00698	0.00788	0.00951	0.01341
9	0.01735	0.01735	0.02429	0.02082	0.02082	0.02429	0.01735	0.01908	0.01214	0.01908	0.01041	0.01735	0.01041	0.01388	0.02602	0.00347	0.70680	0.00694	0.00347	0.00867
10	0.01377	0.00689	0.01033	0.01033	0.01033	0.00689	0.00689	0.01033	0.01033	0.01377	0.01377	0.02410	0.01377	0.02755	0.03099	0.76928	0.00689	0.00689	0.00344	0.00344
11	0.15329	0.02114	0.02043	0.01770	0.04888	0.10586	0.01364	0.27562	0.12773	0.10804	0.02010	0.01997	0.01458	0.00911	0.00735	0.00241	0.00843	0.00678	0.00700	0.01193
12	0.01872	0.02052	0.04189	0.03464	0.14575	0.02031	0.47096	0.02454	0.01790	0.02480	0.01524	0.02066	0.01195	0.00753	0.01090	0.00271	0.08755	0.00871	0.00394	0.01079
13	0.03367	0.01433	0.01865	0.01454	0.02052	0.01319	0.01193	0.07242	0.08782	0.57752	0.03071	0.02682	0.01975	0.00989	0.00798	0.00247	0.00681	0.00803	0.00953	0.01340
14	0.01002	0.00716	0.00961	0.01145	0.01207	0.00675	0.00799	0.01166	0.01554	0.02065	0.04351	0.64380	0.05166	0.02450	0.01022	0.00327	0.00491	0.09133	0.00735	0.00654
15	0.16439	0.06194	0.11015	0.01556	0.02157	0.07782	0.01413	0.06980	0.14153	0.17495	0.05549	0.02270	0.01828	0.00922	0.00719	0.00242	0.00797	0.00700	0.00662	0.01126
16	0.02567	0.02133	0.02244	0.02072	0.08858	0.08712	0.01517	0.36797	0.13553	0.03934	0.02219	0.05544	0.01790	0.01053	0.00809	0.00248	0.00869	0.03144	0.00712	0.01225
17	0.00966	0.00690	0.00920	0.01104	0.01150	0.00644	0.00736	0.01104	0.01518	0.02024	0.04371	0.71614	0.05245	0.02484	0.01012	0.00322	0.00460	0.02254	0.00736	0.00644
18	0.02587	0.02009	0.02139	0.01738	0.02296	0.02260	0.01404	0.39812	0.29152	0.04309	0.02446	0.02336	0.01788	0.01003	0.00799	0.00251	0.00772	0.00789	0.00799	0.01310
19	0.02129	0.02145	0.03940	0.02896	0.03563	0.07393	0.45860	0.02669	0.01877	0.09497	0.01680	0.02100	0.01254	0.00789	0.01076	0.00268	0.08477	0.00861	0.00459	0.01067
20	0.02096	0.01558	0.01720	0.01519	0.01962	0.01730	0.01188	0.03871	0.50214	0.12080	0.10105	0.03245	0.02907	0.01122	0.00820	0.00264	0.00607	0.00941	0.00838	0.01213
21	0.01498	0.01409	0.02378	0.70226	0.05462	0.01762	0.02202	0.02026	0.01586	0.02026	0.01409	0.02114	0.01057	0.00793	0.00793	0.00264	0.01057	0.00705	0.00352	0.00881
22	0.02695	0.01901	0.02081	0.01686	0.02247	0.02092	0.01363	0.33052	0.27104	0.13201	0.02580	0.02417	0.01843	0.01003	0.00799	0.00251	0.00752	0.00795	0.00825	0.01313
23	0.04518	0.01740	0.02591	0.36907	0.04117	0.02029	0.08668	0.19325	0.02173	0.02944	0.01530	0.02004	0.01146	0.00864	0.00928	0.00263	0.06019	0.00722	0.00483	0.01029
24	0.00966	0.00690	0.00920	0.01104	0.01150	0.00644	0.00736	0.01104	0.01518	0.02024	0.04371	0.71614	0.05245	0.02484	0.01012	0.00322	0.00460	0.02254	0.00736	0.00644
25	0.01122	0.00811	0.01060	0.00998	0.01185	0.00748	0.00748	0.01496	0.02245	0.03180	0.66766	0.05923	0.07482	0.01621	0.00935	0.00249	0.00374	0.01434	0.00873	0.00748
26	0.01709	0.01700	0.02423	0.09473	0.02448	0.02357	0.01786	0.01921	0.01255	0.01921	0.01081	0.01776	0.01043	0.01323	0.02406	0.00338	0.63129	0.00695	0.00348	0.00869
27	0.01816	0.01550	0.01742	0.01727	0.05522	0.01752	0.01265	0.03605	0.50958	0.03073	0.03321	0.10753	0.02807	0.01283	0.00847	0.00279	0.00634	0.05138	0.00771	0.01154
28	0.00966	0.00690	0.00920	0.01104	0.01150	0.00644	0.00736	0.01104	0.01518	0.02024	0.04371	0.71614	0.05245	0.02484	0.01012	0.00322	0.00460	0.02254	0.00736	0.00644
29	0.01972	0.01703	0.01793	0.01614	0.02062	0.01972	0.01255	0.04214	0.65752	0.03317	0.03228	0.02959	0.02421	0.01076	0.00807	0.00269	0.00628	0.00897	0.00807	0.01255
30	0.01823	0.02165	0.09528	0.02098	0.02260	0.08008	0.01847	0.02081	0.01352	0.01977	0.01098	0.01702	0.01035	0.01271	0.02242	0.00324	0.57267	0.00667	0.00351	0.00905
31	0.02414	0.01734	0.01897	0.01599	0.02109	0.01911	0.01274	0.18244	0.38889	0.13396	0.03101	0.02865	0.04781	0.01071	0.00808	0.00258	0.00683	0.00871	0.00827	0.01267
32	0.04265	0.01769	0.08897	0.01465	0.02108	0.01441	0.01299	0.05203	0.17041	0.11367	0.02238	0.02519	0.01748	0.00884	0.00719	0.00207	0.00692	0.04182	0.00630	0.31325
33	0.02100	0.69990	0.06596	0.01391	0.02089	0.03088	0.01417	0.02380	0.01614	0.01890	0.01115	0.01287	0.01017	0.00681	0.00518	0.00173	0.00860	0.00430	0.00339	0.01024
34	0.02803	0.01414	0.01851	0.08921	0.02371	0.01406	0.01298	0.06048	0.14336	0.40131	0.03007	0.05590	0.02173	0.01092	0.00821	0.00260	0.00710	0.03692	0.00851	0.01225
35	0.01754	0.01868	0.03788	0.02955	0.07184	0.01781	0.45717	0.02428	0.05212	0.02540	0.02374	0.03359	0.05323	0.00964	0.00941	0.00278	0.01146	0.08880	0.00483	0.01024
36	0.00963	0.00702	0.00908	0.01073	0.01142	0.00647	0.00722	0.01108	0.01548	0.02037	0.04751	0.64966	0.11647	0.02435	0.01004	0.00316	0.00454	0.02194	0.00736	0.00647
37	0.01543	0.00894	0.01185	0.01083	0.01332	0.00812	0.00822	0.01879	0.02170	0.14643	0.48575	0.12469	0.06249	0.01600	0.00919	0.00257	0.00437	0.01409	0.00878	0.00845
38	0.02226	0.09691	0.02151	0.01635	0.02124	0.10443	0.01310	0.13176	0.38223	0.03197	0.02765	0.02638	0.04925	0.01025	0.00767	0.00245	0.00779	0.00805	0.00701	0.01175
39	0.06762	0.02092	0.02129	0.03802	0.02336	0.06190	0.01393	0.48830	0.03223	0.04425	0.01880	0.01964	0.01368	0.00924	0.00747	0.00231	0.00843	0.00689	0.08955	0.01216
40	0.08516	0.01881	0.01616	0.01417	0.01795	0.17390	0.01098	0.14812	0.02393	0.05808	0.20535	0.06291	0.10711	0.01271	0.00814	0.00241	0.00766	0.01017	0.00697	0.00932
41	0.01895	0.02420	0.13459	0.03107	0.03951	0.02007	0.52216	0.05951	0.01946	0.02671	0.01595	0.02061	0.01183	0.00696	0.00902	0.00263	0.01288	0.00874	0.00413	0.01099
42	0.01667	0.14034	0.58763	0.02129	0.03230	0.02030	0.02702	0.02491	0.01665	0.02418	0.01377	0.01616	0.01006	0.00743	0.00718	0.00239	0.01125	0.00562	0.00335	0.01150
43	0.00937	0.00803	0.00803	0.00803	0.01071	0.00669	0.00602	0.01138	0.01807	0.02142	0.08033	0.07632	0.66863	0.02008	0.00937	0.00268	0.00402	0.01674	0.00736	0.00669
44	0.03347	0.01837	0.02031	0.01589	0.02188	0.08391	0.01297	0.20578	0.02671	0.43714	0.02597	0.02351	0.01698	0.00957	0.00788	0.00239	0.00806	0.00745	0.00871	0.01306
45	0.01860	0.29679	0.40709	0.01911	0.02859	0.05849	0.02269	0.02495	0.01681	0.02240	0.01293	0.01511	0.01010	0.00729	0.00660	0.00218	0.01064	0.00522	0.00340	0.01101
46	0.01498	0.01409	0.02378	0.70226	0.05462	0.01762	0.02202	0.02026	0.01586	0.02026	0.01409	0.02114	0.01057	0.00793	0.00793	0.00264	0.01057	0.00705	0.00352	0.00881
47	0.01076	0.00813	0.00996	0.00961	0.01170	0.00732	0.00728	0.01400	0.02104	0.02854	0.47629	0.06527	0.24231	0.01753	0.00942	0.00259	0.00396	0.03876	0.00829	0.00725
48	0.01590	0.04102	0.68023	0.02260	0.03432	0.01842	0.02930	0.02511	0.01674	0.02511	0.01423	0.01674	0.01005	0.00753	0.00753	0.00251	0.01172	0.00586	0.00335	0.01172
49	0.01674	0.13107	0.47137	0.01933	0.02874	0.01851	0.02343	0.02398	0.01737	0.04965	0.08553	0.02165	0.01777	0.01014	0.02957	0.00273	0.01052	0.00672	0.00421	0.01096
50	0.03446	0.01374	0.01837	0.01425	0.02027	0.01222	0.01172	0.03889	0.06730	0.63208	0.03135	0.02717	0.01995	0.00988	0.00798	0.00247	0.00671	0.00804	0.00969	0.01343
51	0.01669	0.14313	0.58503	0.02126	0.03224	0.02035	0.02695	0.02491	0.01665	0.02415	0.01375	0.01614	0.01006	0.00742	0.00717	0.00239	0.01124	0.00562	0.00335	0.01149
52	0.77733	0.01534	0.01166	0.01043	0.01534	0.01779	0.00859	0.02331	0.01350	0.03558	0.01104	0.01288	0.00859	0.00736	0.00491	0.00245	0.00613	0.00429	0.00491	0.00859
53	0.01122	0.00811	0.01060	0.00998	0.01185	0.00748	0.00748	0.01496	0.02245	0.03180	0.66766	0.05923	0.07482	0.01621	0.00935	0.00249	0.00374	0.01434	0.00873	0.00748
54	0.77733	0.01534	0.01166	0.01043	0.01534	0.01779	0.00859	0.02331	0.01350	0.03558	0.01104	0.01288	0.00859	0.00736	0.00491	0.00245	0.00613	0.00429	0.00491	0.00859
55	0.01797	0.11380	0.48100	0.02375	0.07490	0.07298	0.05870	0.02544	0.01732	0.02402	0.01386	0.01654	0.01035	0.00743	0.00735	0.00238	0.01150	0.00589	0.00349	0.01135
56	0.01644	0.01409	0.01644	0.01175	0.01879	0.01057	0.00940	0.01997	0.01644	0.02584	0.01409	0.01644	0.01175	0.00587	0.00587	0.00117	0.00587	0.00470	0.00470	0.76979
57	0.01570	0.01191	0.01817	0.11420	0.11002	0.01251	0.08014	0.01990	0.01682	0.02635	0.02409	0.02827	0.05400	0.00932	0.00778	0.00224	0.03914	0.00803	0.39274	0.00867
58	0.02120	0.72609	0.04155	0.01357	0.02035	0.03138	0.01357	0.02374	0.01611	0.01866	0.01102	0.01272	0.01018	0.00678	0.00509	0.00170	0.00848	0.00424	0.00339	0.01018
59	0.02143	0.01788	0.01889	0.01648	0.02127	0.02052	0.01296	0.14079	0.55609	0.03592	0.03011	0.02786	0.02245	0.01056	0.00805	0.00264	0.00668	0.00867	0.00805	0.01270
60	0.01768	0.27076	0.46605	0.01957	0.02964	0.02276	0.02402	0.02465	0.01653	0.02295	0.01316	0.01539	0.01009	0.00728	0.00671	0.00224	0.01063	0.00532	0.00336	0.01120
61	0.01821	0.01970	0.03903	0.05848	0.12669	0.02009	0.41092	0.02361	0.01742	0.02413	0.01676	0.02207	0.03094	0.00835	0.01182	0.00276	0.12583	0.00877	0.00399	0.01044
62	0.00966	0.00690	0.00920	0.01104	0.01150	0.00644	0.00736	0.01104	0.01518	0.02024	0.04371	0.71614	0.05245	0.02484	0.01012	0.00322	0.00460	0.02254	0.00736	0.00644
63	0.02709	0.03057	0.02211	0.02055	0.05372	0.43399	0.01511	0.10772	0.16064	0.02636	0.01751	0.01841	0.01373	0.00884	0.00747	0.00224	0.01167	0.00627	0.00540	0.01059
64	0.01043	0.00736	0.00965	0.01119	0.01178	0.00704	0.00776	0.01192	0.01505	0.01998	0.04044	0.51580	0.04763	0.13650	0.01511	0.00400	0.00550	0.10961	0.00694	0.00631
65	0.02780	0.03456	0.02355	0.05955	0.09356	0.58395	0.01662	0.03030	0.02166	0.02013	0.01263	0.01522	0.01048	0.00804	0.00726	0.00211	0.01359	0.00541	0.00404	0.00952
66	0.01876	0.01459	0.01888	0.14605	0.05604	0.01359	0.01296	0.06697	0.04333	0.08145	0.01729	0.02113	0.01383	0.04846	0.00876	0.00214	0.00733	0.00627	0.00524	0.39690
67	0.27543	0.11540	0.02160	0.09000	0.04746	0.09638	0.01336	0.10912	0.01975	0.12067	0.01554	0.01695	0.01154	0.00805	0.00645	0.00231	0.00842	0.00567	0.00551	0.01038
68	0.01645	0.00900	0.00917	0.00857	0.01090	0.00926	0.00658	0.08647	0.01887	0.03178	0.02513	0.02842	0.01958	0.00927	0.00580	0.00191	0.00424	0.00736	0.68319	0.00805
69	0.05479	0.02047	0.02148	0.04885	0.02415	0.05258	0.01428	0.46425	0.05032	0.06167	0.02405	0.02557	0.06133	0.01050	0.00799	0.00245	0.00846	0.02720	0.00744	0.01218
70	0.02142	0.51283	0.09543	0.01728	0.02432	0.10298	0.08340	0.02493	0.01716	0.02003	0.01199	0.01419	0.01037	0.00699	0.00600	0.00191	0.00995	0.00503	0.00353	0.01026
71	0.03014	0.02221	0.02380	0.01825	0.02459	0.02459	0.01507	0.64541	0.03728	0.04998	0.01904	0.01904	0.01349	0.00952	0.00793	0.00238	0.00873	0.00714	0.00793	0.01349
72	0.01906	0.01829	0.03094	0.06796	0.54480	0.01796	0.05546	0.02377	0.01784	0.02566	0.01486	0.01943	0.01237	0.00695	0.00772	0.00225	0.00929	0.00693	0.00400	0.09445
73	0.00974	0.00696	0.00927	0.01099	0.01152	0.00650	0.00737	0.01125	0.01556	0.02085	0.07646	0.68166	0.05362	0.02439	0.01008	0.00318	0.00456	0.02211	0.00743	0.00650
74	0.01065	0.00768	0.01029	0.01202	0.01304	0.00732	0.00903	0.01280	0.01634	0.02144	0.04527	0.47711	0.08586	0.02362	0.01035	0.00333	0.00544	0.21434	0.00734	0.00673
75	0.01307	0.01137	0.01815	0.42326	0.03748	0.01330	0.01639	0.01701	0.01610	0.02100	0.05642	0.23683	0.02822	0.01418	0.00882	0.00286	0.00826	0.04419	0.00514	0.00795
76	0.69623	0.01777	0.01283	0.01151	0.01633	0.09064	0.00932	0.02422	0.01447	0.03382	0.01117	0.01304	0.00876	0.00745	0.00515	0.00241	0.00702	0.00438	0.00482	0.00865
77	0.01009	0.00718	0.00956	0.01131	0.01190	0.00679	0.00782	0.01165	0.01534	0.02038	0.04261	0.61594	0.05056	0.05853	0.01169	0.00349	0.00504	0.08645	0.00723	0.00645
78	0.01377	0.00689	0.01033	0.01033	0.01033	0.00689	0.00689	0.01033	0.01033	0.01377	0.01377	0.02410	0.01377	0.02755	0.03099	0.76928	0.00689	0.00689	0.00344	0.00344
79	0.03558	0.01350	0.01840	0.01411	0.02024	0.01166	0.01166	0.03865	0.02270	0.67734	0.03128	0.02699	0.01963	0.00981	0.00797	0.00245	0.00675	0.00797	0.00981	0.01350
80	0.02624	0.02075	0.02052	0.01696	0.02226	0.09310	0.01355	0.29246	0.24152	0.09945	0.02646	0.02520	0.04458	0.01026	0.00796	0.00247	0.00812	0.00801	0.00772	0.01243
81	0.03558	0.01350	0.01840	0.01411	0.02024	0.01166	0.01166	0.03865	0.02270	0.67734	0.03128	0.02699	0.01963	0.00981	0.00797	0.00245	0.00675	0.00797	0.00981	0.01350
82	0.01193	0.00798	0.01039	0.01072	0.01234	0.00733	0.00783	0.01454	0.01896	0.06317	0.29805	0.32343	0.11150	0.01993	0.00967	0.00286	0.00447	0.04952	0.00805	0.00734
83	0.00966	0.00690	0.00920	0.01104	0.01150	0.00644	0.00736	0.01104	0.01518	0.02024	0.04371	0.71614	0.05245	0.02484	0.01012	0.00322	0.00460	0.02254	0.00736	0.00644
84	0.01007	0.00746	0.01000	0.01156	0.01200	0.00739	0.00789	0.01147	0.01502	0.02018	0.04194	0.67906	0.05022	0.02426	0.01097	0.00323	0.04186	0.02172	0.00715	0.00656
85	0.63033	0.01463	0.01222	0.04706	0.01705	0.01687	0.00918	0.04247	0.01472	0.03457	0.01307	0.01533	0.01012	0.00766	0.00523	0.00240	0.00619	0.00487	0.08740	0.00863
86	0.01774	0.01536	0.01966	0.08868	0.02429	0.01386	0.03814	0.07980	0.01821	0.02713	0.01443	0.01746	0.01172	0.00694	0.00760	0.00164	0.04748	0.00551	0.00478	0.53956
87	0.02592	0.02670	0.02222	0.04232	0.08376	0.31063	0.01532	0.20781	0.06056	0.02981	0.02007	0.06017	0.03991	0.01002	0.00777	0.00232	0.01071	0.00761	0.00571	0.01067
88	0.18365	0.01365	0.01674	0.01321	0.01893	0.01272	0.01087	0.03463	0.02084	0.52304	0.05222	0.02542	0.01958	0.00957	0.00741	0.00246	0.00651	0.00749	0.00879	0.01227

[dist]
# distance from previous block
# <min> <max>
0	3

[block]
# block no. 6 follows, 24 sequences, length 175
# corresponding to MSA columns:
# 391-565
name=unknown_G
#
# <colnr> <probs for GDERKNQSTAVLIFYWHMCP>
#	G	D	E	R	K	N	Q	S	T	A	V	L	I	F	Y	W	H	M	C	P
0	0.02346	0.01809	0.01983	0.01571	0.02140	0.01882	0.01263	0.35055	0.11703	0.03901	0.02203	0.08565	0.01824	0.01026	0.00766	0.00221	0.00731	0.00826	0.00712	0.19473
1	0.02352	0.01673	0.06635	0.01430	0.02038	0.01420	0.01230	0.13016	0.08354	0.21138	0.04857	0.02757	0.05990	0.03340	0.00863	0.00233	0.00693	0.00784	0.00719	0.20475
2	0.01782	0.01701	0.01840	0.05848	0.02076	0.11284	0.01330	0.05256	0.07824	0.02292	0.02028	0.09071	0.01931	0.04736	0.09914	0.00418	0.18667	0.02789	0.02723	0.06490
3	0.01007	0.00727	0.00950	0.01113	0.01189	0.00681	0.00777	0.01170	0.01559	0.02052	0.04538	0.57194	0.09508	0.05263	0.01140	0.00341	0.00499	0.08917	0.00725	0.00649
4	0.01952	0.01810	0.02789	0.03459	0.36022	0.01971	0.05197	0.07142	0.11112	0.02724	0.01752	0.02149	0.01442	0.01200	0.05268	0.00323	0.11295	0.00753	0.00478	0.01162
5	0.01143	0.00770	0.00862	0.00862	0.00874	0.00764	0.00486	0.01152	0.01183	0.01565	0.02750	0.05300	0.05792	0.68943	0.03895	0.00746	0.00752	0.01177	0.00492	0.00489
6	0.02097	0.63704	0.10243	0.01467	0.02184	0.05218	0.01514	0.02414	0.01639	0.01930	0.01137	0.01316	0.01017	0.00690	0.00539	0.00179	0.00899	0.00443	0.00341	0.01029
7	0.01737	0.06869	0.55271	0.02376	0.06638	0.01882	0.06189	0.02563	0.01716	0.05401	0.01498	0.01743	0.01072	0.00753	0.00756	0.00247	0.01132	0.00614	0.00371	0.01171
8	0.01542	0.01491	0.02602	0.61435	0.05218	0.01808	0.08167	0.02072	0.01600	0.02072	0.01416	0.02103	0.01071	0.00801	0.00869	0.00267	0.03484	0.00727	0.00357	0.00899
9	0.02080	0.01757	0.01854	0.01636	0.02103	0.02023	0.01281	0.10438	0.59353	0.03491	0.03091	0.02850	0.02310	0.01063	0.00805	0.00266	0.00653	0.00878	0.00805	0.01265
10	0.01238	0.00834	0.01094	0.01021	0.01225	0.00766	0.00769	0.01602	0.02223	0.06349	0.61649	0.07824	0.07138	0.01616	0.00931	0.00251	0.00392	0.01428	0.00874	0.00775
11	0.03012	0.02299	0.02373	0.01835	0.02459	0.05761	0.01508	0.61493	0.03655	0.04846	0.01870	0.01880	0.01332	0.00945	0.00789	0.00236	0.00900	0.00704	0.00774	0.01327
