[name]
unknown

[dist]
# distance from previous block
# <min> <max>
0	1

[block]
# block no. 0 follows, 22 sequences, length 8
# corresponding to MSA columns:
# 13-20
name=unknown_A
#
# <colnr> <probs for GDERKNQSTAVLIFYWHMCP>
#	G	D	E	R	K	N	Q	S	T	A	V	L	I	F	Y	W	H	M	C	P
0	0.02670	0.01959	0.02184	0.01809	0.02347	0.02142	0.01515	0.46465	0.03372	0.04499	0.02639	0.03972	0.02316	0.01345	0.00916	0.00285	0.00874	0.16639	0.00813	0.01239
1	0.02066	0.03769	0.49342	0.02245	0.03322	0.02103	0.02670	0.18774	0.02331	0.03329	0.01626	0.01818	0.01149	0.00845	0.00800	0.00259	0.01144	0.00650	0.00480	0.01277
2	0.01938	0.37129	0.36050	0.01904	0.02879	0.02595	0.02262	0.02561	0.01722	0.02299	0.01326	0.01547	0.01059	0.00751	0.00664	0.00221	0.01061	0.00531	0.00353	0.01149
3	0.02650	0.02791	0.19593	0.01983	0.02804	0.02292	0.01934	0.42142	0.03165	0.04347	0.01821	0.01910	0.01302	0.00913	0.00804	0.00244	0.00976	0.00693	0.00677	0.06962
4	0.02469	0.01748	0.01949	0.01620	0.02183	0.01852	0.01289	0.11869	0.36433	0.15041	0.02921	0.02717	0.02123	0.01023	0.00811	0.00252	0.00695	0.00835	0.00829	0.11340
5	0.03103	0.03959	0.02354	0.02140	0.02568	0.67469	0.01605	0.03317	0.02354	0.02033	0.01284	0.01498	0.01070	0.00856	0.00749	0.00214	0.01498	0.00535	0.00428	0.00963
6	0.01752	0.01503	0.01736	0.01270	0.01985	0.01190	0.01013	0.02292	0.07090	0.02773	0.01640	0.01841	0.01343	0.00659	0.00635	0.00137	0.00619	0.00531	0.00523	0.69469
7	0.03013	0.03789	0.02442	0.02395	0.07992	0.61835	0.01686	0.03251	0.02314	0.02092	0.01308	0.01546	0.01091	0.00846	0.00755	0.00217	0.01454	0.00553	0.00427	0.00993

[dist]
# distance from previous block
# <min> <max>
0	1

[block]
# block no. 1 follows, 22 sequences, length 41
# corresponding to MSA columns:
# 22-24,27-64
name=unknown_B
#
# <colnr> <probs for GDERKNQSTAVLIFYWHMCP>
#	G	D	E	R	K	N	Q	S	T	A	V	L	I	F	Y	W	H	M	C	P
0	0.02173	0.65446	0.09786	0.01504	0.02260	0.03168	0.01566	0.02500	0.01694	0.02014	0.01184	0.01369	0.01065	0.00718	0.00555	0.00185	0.00918	0.00459	0.00355	0.01080
1	0.02173	0.65446	0.09786	0.01504	0.02260	0.03168	0.01566	0.02500	0.01694	0.02014	0.01184	0.01369	0.01065	0.00718	0.00555	0.00185	0.00918	0.00459	0.00355	0.01080
2	0.03079	0.02287	0.02448	0.01895	0.02546	0.02539	0.01560	0.58598	0.08290	0.05107	0.02095	0.02075	0.01495	0.01007	0.00832	0.00252	0.00895	0.00762	0.00832	0.01406
3	0.01189	0.00883	0.01298	0.01298	0.01433	0.01018	0.00992	0.01459	0.01324	0.01901	0.02259	0.03454	0.02159	0.11876	0.61980	0.01289	0.02101	0.00918	0.00450	0.00721
4	0.03727	0.01414	0.01928	0.01478	0.02121	0.01221	0.01221	0.04049	0.02378	0.66198	0.03277	0.02828	0.02056	0.01028	0.00835	0.00257	0.00707	0.00835	0.01028	0.01414
5	0.01569	0.01477	0.02492	0.68808	0.05722	0.01846	0.02307	0.02123	0.01661	0.02123	0.01477	0.02215	0.01107	0.00831	0.00831	0.00277	0.01107	0.00738	0.00369	0.00923
6	0.01176	0.00849	0.01110	0.01045	0.01241	0.00784	0.00784	0.01568	0.02352	0.03331	0.65184	0.06206	0.07839	0.01698	0.00980	0.00261	0.00392	0.01502	0.00914	0.00784
7	0.01569	0.01477	0.02492	0.68808	0.05722	0.01846	0.02307	0.02123	0.01661	0.02123	0.01477	0.02215	0.01107	0.00831	0.00831	0.00277	0.01107	0.00738	0.00369	0.00923
8	0.03727	0.01414	0.01928	0.01478	0.02121	0.01221	0.01221	0.04049	0.02378	0.66198	0.03277	0.02828	0.02056	0.01028	0.00835	0.00257	0.00707	0.00835	0.01028	0.01414
9	0.01176	0.00849	0.01110	0.01045	0.01241	0.00784	0.00784	0.01568	0.02352	0.03331	0.65184	0.06206	0.07839	0.01698	0.00980	0.00261	0.00392	0.01502	0.00914	0.00784
10	0.01176	0.00849	0.01110	0.01045	0.01241	0.00784	0.00784	0.01568	0.02352	0.03331	0.65184	0.06206	0.07839	0.01698	0.00980	0.00261	0.00392	0.01502	0.00914	0.00784
11	0.01339	0.00956	0.01339	0.01530	0.01721	0.00956	0.01339	0.01721	0.01912	0.02486	0.04399	0.09371	0.04781	0.02295	0.01147	0.00382	0.00765	0.60031	0.00765	0.00765
12	0.02066	0.01785	0.01878	0.01691	0.02160	0.02066	0.01315	0.04414	0.64121	0.03475	0.03381	0.03099	0.02536	0.01127	0.00845	0.00282	0.00657	0.00939	0.00845	0.01315
13	0.01569	0.01477	0.02492	0.68808	0.05722	0.01846	0.02307	0.02123	0.01661	0.02123	0.01477	0.02215	0.01107	0.00831	0.00831	0.00277	0.01107	0.00738	0.00369	0.00923
14	0.02221	0.71304	0.04353	0.01421	0.02132	0.03287	0.01421	0.02488	0.01688	0.01955	0.01155	0.01333	0.01066	0.00711	0.00533	0.00178	0.00888	0.00444	0.00355	0.01066
15	0.02221	0.71304	0.04353	0.01421	0.02132	0.03287	0.01421	0.02488	0.01688	0.01955	0.01155	0.01333	0.01066	0.00711	0.00533	0.00178	0.00888	0.00444	0.00355	0.01066
16	0.03158	0.02327	0.02493	0.01911	0.02576	0.02576	0.01579	0.62852	0.03906	0.05236	0.01995	0.01995	0.01413	0.00997	0.00831	0.00249	0.00914	0.00748	0.00831	0.01413
17	0.03158	0.02327	0.02493	0.01911	0.02576	0.02576	0.01579	0.62852	0.03906	0.05236	0.01995	0.01995	0.01413	0.00997	0.00831	0.00249	0.00914	0.00748	0.00831	0.01413
18	0.76672	0.01607	0.01221	0.01092	0.01607	0.01864	0.00900	0.02442	0.01414	0.03727	0.01157	0.01350	0.00900	0.00771	0.00514	0.00257	0.00643	0.00450	0.00514	0.00900
19	0.76672	0.01607	0.01221	0.01092	0.01607	0.01864	0.00900	0.02442	0.01414	0.03727	0.01157	0.01350	0.00900	0.00771	0.00514	0.00257	0.00643	0.00450	0.00514	0.00900
20	0.01443	0.00722	0.01082	0.01082	0.01082	0.00722	0.00722	0.01082	0.01082	0.01443	0.01443	0.02525	0.01443	0.02886	0.03247	0.75830	0.00722	0.00722	0.00361	0.00361
21	0.01012	0.00723	0.00964	0.01157	0.01205	0.00675	0.00771	0.01157	0.01591	0.02121	0.04579	0.70262	0.05495	0.02603	0.01060	0.00337	0.00482	0.02362	0.00771	0.00675
22	0.01723	0.01477	0.01723	0.01230	0.01969	0.01107	0.00984	0.02092	0.01723	0.02707	0.01477	0.01723	0.01230	0.00615	0.00615	0.00123	0.00615	0.00492	0.00492	0.75883
23	0.01012	0.00723	0.00964	0.01157	0.01205	0.00675	0.00771	0.01157	0.01591	0.02121	0.04579	0.70262	0.05495	0.02603	0.01060	0.00337	0.00482	0.02362	0.00771	0.00675
24	0.76672	0.01607	0.01221	0.01092	0.01607	0.01864	0.00900	0.02442	0.01414	0.03727	0.01157	0.01350	0.00900	0.00771	0.00514	0.00257	0.00643	0.00450	0.00514	0.00900
25	0.64935	0.01656	0.01384	0.01192	0.01729	0.01879	0.00982	0.07840	0.01702	0.08407	0.01384	0.01514	0.01029	0.00810	0.00565	0.00256	0.00671	0.00504	0.00579	0.00982
26	0.76672	0.01607	0.01221	0.01092	0.01607	0.01864	0.00900	0.02442	0.01414	0.03727	0.01157	0.01350	0.00900	0.00771	0.00514	0.00257	0.00643	0.00450	0.00514	0.00900
27	0.76672	0.01607	0.01221	0.01092	0.01607	0.01864	0.00900	0.02442	0.01414	0.03727	0.01157	0.01350	0.00900	0.00771	0.00514	0.00257	0.00643	0.00450	0.00514	0.00900
28	0.01012	0.00723	0.00964	0.01157	0.01205	0.00675	0.00771	0.01157	0.01591	0.02121	0.04579	0.70262	0.05495	0.02603	0.01060	0.00337	0.00482	0.02362	0.00771	0.00675
29	0.03158	0.02327	0.02493	0.01911	0.02576	0.02576	0.01579	0.62852	0.03906	0.05236	0.01995	0.01995	0.01413	0.00997	0.00831	0.00249	0.00914	0.00748	0.00831	0.01413
30	0.01549	0.00774	0.00774	0.00774	0.00968	0.00774	0.00581	0.01936	0.01742	0.03097	0.02710	0.03097	0.02129	0.00968	0.00581	0.00194	0.00387	0.00774	0.75416	0.00774
31	0.01176	0.00849	0.01110	0.01045	0.01241	0.00784	0.00784	0.01568	0.02352	0.03331	0.65184	0.06206	0.07839	0.01698	0.00980	0.00261	0.00392	0.01502	0.00914	0.00784
32	0.02208	0.01855	0.01958	0.01719	0.02214	0.02132	0.01349	0.11978	0.56327	0.03703	0.03202	0.02956	0.02391	0.01110	0.00843	0.00278	0.00691	0.00914	0.00843	0.01328
33	0.01166	0.00849	0.01096	0.01034	0.01235	0.00780	0.00776	0.01548	0.02328	0.03274	0.62212	0.06299	0.10846	0.01720	0.00980	0.00262	0.00393	0.01516	0.00907	0.00780
34	0.01403	0.01208	0.01750	0.01625	0.01722	0.01554	0.01305	0.01660	0.01314	0.01953	0.01836	0.02768	0.01739	0.04594	0.45313	0.01002	0.25203	0.00834	0.00417	0.00799
35	0.02030	0.01947	0.03325	0.08475	0.62448	0.01967	0.02537	0.02527	0.01879	0.02683	0.01558	0.02065	0.01305	0.00745	0.00823	0.00248	0.00993	0.00740	0.00409	0.01295
36	0.01162	0.00849	0.01091	0.01030	0.01232	0.00778	0.00773	0.01540	0.02318	0.03252	0.61051	0.06336	0.12021	0.01728	0.00980	0.00263	0.00394	0.01521	0.00904	0.00778
37	0.02866	0.02373	0.02277	0.01830	0.02412	0.11233	0.01477	0.44303	0.08696	0.04385	0.02578	0.02546	0.07047	0.01086	0.00834	0.00250	0.00929	0.00823	0.00772	0.01281
38	0.01623	0.01552	0.02575	0.54854	0.05070	0.01906	0.04993	0.02132	0.01632	0.02160	0.01441	0.02147	0.01118	0.00888	0.01050	0.00280	0.09097	0.00737	0.00376	0.04369
39	0.05551	0.01570	0.01989	0.04685	0.02321	0.01532	0.03963	0.05796	0.17264	0.25285	0.05924	0.02722	0.02173	0.00977	0.00798	0.00240	0.00717	0.00816	0.00794	0.14885
40	0.01937	0.25562	0.43723	0.02025	0.03061	0.02331	0.02459	0.02650	0.01761	0.05302	0.01465	0.01668	0.01102	0.00775	0.00710	0.00236	0.01096	0.00570	0.00383	0.01185

[dist]
# distance from previous block
# <min> <max>
2	35

[block]
# block no. 2 follows, 22 sequences, length 15
# corresponding to MSA columns:
# 101-115
name=unknown_C
#
# <colnr> <probs for GDERKNQSTAVLIFYWHMCP>
#	G	D	E	R	K	N	Q	S	T	A	V	L	I	F	Y	W	H	M	C	P
0	0.14983	0.01538	0.01770	0.01435	0.01991	0.01550	0.01167	0.10274	0.10838	0.34233	0.05583	0.02700	0.02129	0.01024	0.00777	0.00256	0.00681	0.00804	0.05013	0.01253
1	0.01833	0.05541	0.01509	0.01170	0.01502	0.01047	0.00926	0.02201	0.02315	0.17773	0.46730	0.05109	0.06064	0.01480	0.00918	0.00255	0.00497	0.01280	0.00905	0.00948
2	0.01860	0.24537	0.42405	0.02175	0.03212	0.02357	0.07557	0.02590	0.01751	0.02427	0.01404	0.01666	0.01074	0.00758	0.00727	0.00238	0.01139	0.00593	0.00358	0.01170
3	0.01207	0.00811	0.00937	0.00937	0.00948	0.00822	0.00542	0.01228	0.01217	0.01634	0.02589	0.05280	0.02952	0.66151	0.08789	0.00844	0.00908	0.01185	0.00499	0.00521
4	0.01390	0.01230	0.01709	0.01633	0.01670	0.01548	0.01266	0.01566	0.01423	0.02047	0.02783	0.32978	0.03184	0.02447	0.08374	0.00448	0.31477	0.01484	0.00556	0.00786
5	0.00982	0.00842	0.00842	0.00842	0.01122	0.00701	0.00631	0.01192	0.01894	0.02244	0.08416	0.07995	0.65285	0.02104	0.00982	0.00281	0.00421	0.01753	0.00771	0.00701
6	0.01915	0.01937	0.03500	0.14848	0.30328	0.02070	0.17990	0.02426	0.01779	0.02496	0.01509	0.02095	0.01233	0.00851	0.01148	0.00278	0.11260	0.00800	0.00399	0.01139
7	0.76672	0.01607	0.01221	0.01092	0.01607	0.01864	0.00900	0.02442	0.01414	0.03727	0.01157	0.01350	0.00900	0.00771	0.00514	0.00257	0.00643	0.00450	0.00514	0.00900
8	0.01666	0.04297	0.66500	0.02368	0.03596	0.01929	0.03069	0.02631	0.01754	0.02631	0.01491	0.01754	0.01052	0.00789	0.00789	0.00263	0.01228	0.00614	0.00351	0.01228
9	0.01569	0.01477	0.02492	0.68808	0.05722	0.01846	0.02307	0.02123	0.01661	0.02123	0.01477	0.02215	0.01107	0.00831	0.00831	0.00277	0.01107	0.00738	0.00369	0.00923
10	0.01012	0.00723	0.00964	0.01157	0.01205	0.00675	0.00771	0.01157	0.01591	0.02121	0.04579	0.70262	0.05495	0.02603	0.01060	0.00337	0.00482	0.02362	0.00771	0.00675
11	0.01991	0.01907	0.03254	0.13644	0.57588	0.01957	0.02517	0.02492	0.01861	0.02635	0.01551	0.02077	0.01288	0.00752	0.00824	0.00251	0.01003	0.00740	0.00406	0.01263
12	0.02221	0.71304	0.04353	0.01421	0.02132	0.03287	0.01421	0.02488	0.01688	0.01955	0.01155	0.01333	0.01066	0.00711	0.00533	0.00178	0.00888	0.00444	0.00355	0.01066
13	0.02056	0.01974	0.03372	0.05099	0.65622	0.01974	0.02550	0.02550	0.01892	0.02714	0.01563	0.02056	0.01316	0.00740	0.00822	0.00247	0.00987	0.00740	0.00411	0.01316
14	0.01647	0.01234	0.01445	0.01412	0.01659	0.01311	0.01048	0.12773	0.14739	0.02927	0.03690	0.37876	0.03905	0.02020	0.01104	0.04609	0.00621	0.04285	0.00773	0.00922

[dist]
# distance from previous block
# <min> <max>
0	1

[block]
# block no. 3 follows, 22 sequences, length 50
# corresponding to MSA columns:
# 117-166
name=unknown_D
#
# <colnr> <probs for GDERKNQSTAVLIFYWHMCP>
#	G	D	E	R	K	N	Q	S	T	A	V	L	I	F	Y	W	H	M	C	P
0	0.01242	0.00818	0.01018	0.00997	0.01175	0.00769	0.00737	0.01605	0.02129	0.03143	0.44314	0.12667	0.06289	0.01635	0.00899	0.00255	0.00401	0.01434	0.17705	0.00769
1	0.01012	0.00723	0.00964	0.01157	0.01205	0.00675	0.00771	0.01157	0.01591	0.02121	0.04579	0.70262	0.05495	0.02603	0.01060	0.00337	0.00482	0.02362	0.00771	0.00675
2	0.01728	0.11790	0.59551	0.02262	0.03432	0.02081	0.02885	0.02615	0.01747	0.02555	0.01453	0.01707	0.01054	0.00780	0.00761	0.00254	0.01190	0.00595	0.00351	0.01210
3	0.01549	0.00774	0.00774	0.00774	0.00968	0.00774	0.00581	0.01936	0.01742	0.03097	0.02710	0.03097	0.02129	0.00968	0.00581	0.00194	0.00387	0.00774	0.75416	0.00774
4	0.01489	0.01281	0.01308	0.01202	0.01456	0.08408	0.00909	0.05114	0.02404	0.03211	0.50377	0.05571	0.10878	0.01594	0.00946	0.00257	0.00548	0.01370	0.00845	0.00833
5	0.01004	0.00754	0.00932	0.01074	0.01183	0.00682	0.00734	0.01166	0.01670	0.02153	0.05590	0.53853	0.21251	0.02471	0.01040	0.00322	0.00466	0.02201	0.00771	0.00682
6	0.01970	0.02079	0.04104	0.11038	0.17748	0.02082	0.37764	0.04528	0.01943	0.02665	0.01614	0.02169	0.01252	0.00770	0.01009	0.00275	0.04544	0.00881	0.00423	0.01141
7	0.01832	0.01869	0.05999	0.31714	0.35019	0.01921	0.02427	0.02442	0.04079	0.02489	0.01590	0.02147	0.01260	0.00795	0.00825	0.00262	0.01037	0.00741	0.00407	0.01146
8	0.10887	0.53813	0.08352	0.01500	0.02206	0.07358	0.01493	0.02549	0.01706	0.02215	0.01188	0.01376	0.01046	0.00733	0.00564	0.00196	0.00926	0.00463	0.00378	0.01052
9	0.01054	0.00760	0.00998	0.01116	0.01211	0.00704	0.00769	0.01266	0.01801	0.02443	0.20624	0.51147	0.08325	0.02347	0.01036	0.00315	0.00456	0.02114	0.00809	0.00704
10	0.01161	0.00849	0.01091	0.01030	0.01232	0.00778	0.00773	0.01540	0.02318	0.03251	0.61003	0.06337	0.12070	0.01728	0.00980	0.00263	0.00394	0.01521	0.00904	0.00778
11	0.01187	0.00890	0.01335	0.01335	0.01483	0.01038	0.01038	0.01483	0.01335	0.01928	0.02225	0.03264	0.02077	0.06231	0.67512	0.01335	0.02225	0.00890	0.00445	0.00742
12	0.03103	0.03959	0.02354	0.02140	0.02568	0.67469	0.01605	0.03317	0.02354	0.02033	0.01284	0.01498	0.01070	0.00856	0.00749	0.00214	0.01498	0.00535	0.00428	0.00963
13	0.02056	0.01974	0.03372	0.05099	0.65622	0.01974	0.02550	0.02550	0.01892	0.02714	0.01563	0.02056	0.01316	0.00740	0.00822	0.00247	0.00987	0.00740	0.00411	0.01316
14	0.01166	0.00849	0.01097	0.01035	0.01235	0.00780	0.00776	0.01550	0.02329	0.03279	0.62438	0.06292	0.10617	0.01718	0.00980	0.00262	0.00393	0.01515	0.00908	0.00780
15	0.02789	0.03301	0.02210	0.02004	0.02445	0.47669	0.01517	0.03649	0.21054	0.02470	0.01919	0.01983	0.01514	0.00938	0.00778	0.00235	0.01244	0.00657	0.00554	0.01070
16	0.01723	0.01477	0.01723	0.01230	0.01969	0.01107	0.00984	0.02092	0.01723	0.02707	0.01477	0.01723	0.01230	0.00615	0.00615	0.00123	0.00615	0.00492	0.00492	0.75883
17	0.00982	0.00842	0.00842	0.00842	0.01122	0.00701	0.00631	0.01192	0.01894	0.02244	0.08416	0.07995	0.65285	0.02104	0.00982	0.00281	0.00421	0.01753	0.00771	0.00701
18	0.01208	0.00805	0.00906	0.00906	0.00906	0.00805	0.00503	0.01208	0.01208	0.01611	0.02618	0.05436	0.03020	0.70804	0.04228	0.00805	0.00805	0.01208	0.00503	0.00503
19	0.01818	0.01818	0.02545	0.02181	0.02181	0.02545	0.01818	0.01999	0.01272	0.01999	0.01091	0.01818	0.01091	0.01454	0.02726	0.00364	0.69284	0.00727	0.00364	0.00909
20	0.01818	0.01818	0.02545	0.02181	0.02181	0.02545	0.01818	0.01999	0.01272	0.01999	0.01091	0.01818	0.01091	0.01454	0.02726	0.00364	0.69284	0.00727	0.00364	0.00909
21	0.01443	0.00722	0.01082	0.01082	0.01082	0.00722	0.00722	0.01082	0.01082	0.01443	0.01443	0.02525	0.01443	0.02886	0.03247	0.75830	0.00722	0.00722	0.00361	0.00361
22	0.01569	0.01477	0.02492	0.68808	0.05722	0.01846	0.02307	0.02123	0.01661	0.02123	0.01477	0.02215	0.01107	0.00831	0.00831	0.00277	0.01107	0.00738	0.00369	0.00923
23	0.00982	0.00842	0.00842	0.00842	0.01122	0.00701	0.00631	0.01192	0.01894	0.02244	0.08416	0.07995	0.65285	0.02104	0.00982	0.00281	0.00421	0.01753	0.00771	0.00701
24	0.11196	0.13913	0.02531	0.01914	0.02395	0.50396	0.01498	0.03094	0.02148	0.02211	0.01250	0.01456	0.01050	0.00825	0.00690	0.00213	0.01310	0.00512	0.00427	0.00972
25	0.05221	0.46252	0.07900	0.01637	0.02327	0.12800	0.01558	0.09372	0.02031	0.02445	0.01291	0.01461	0.01098	0.00772	0.00616	0.00200	0.00997	0.00504	0.00425	0.01094
26	0.01976	0.01860	0.03145	0.04700	0.58477	0.01860	0.02414	0.02457	0.01894	0.02689	0.01880	0.02874	0.01703	0.00914	0.00859	0.00262	0.00962	0.07370	0.00451	0.01254
27	0.02292	0.02422	0.03142	0.04432	0.51398	0.16748	0.02337	0.02723	0.01996	0.02560	0.01500	0.01930	0.01260	0.00766	0.00806	0.00239	0.01102	0.00694	0.00415	0.01236
28	0.01226	0.00835	0.01007	0.01061	0.01107	0.00832	0.00707	0.01321	0.01389	0.01837	0.03131	0.10002	0.03558	0.51481	0.03354	0.00683	0.00778	0.14543	0.00578	0.00572
29	0.60089	0.01769	0.01508	0.01277	0.01825	0.02024	0.01053	0.16069	0.01976	0.04068	0.01346	0.01495	0.01015	0.00822	0.00586	0.00255	0.00704	0.00517	0.00586	0.01015
30	0.01226	0.01065	0.01852	0.01686	0.01913	0.00996	0.14720	0.01496	0.01674	0.02243	0.03925	0.54918	0.04539	0.02174	0.01042	0.00324	0.00689	0.02050	0.00692	0.00775
31	0.01868	0.01583	0.01756	0.01610	0.02008	0.01834	0.01253	0.03753	0.49958	0.03126	0.03120	0.03136	0.02432	0.02278	0.15884	0.00519	0.01011	0.00928	0.00755	0.01186
32	0.01346	0.01034	0.01276	0.01194	0.01194	0.01198	0.00800	0.01387	0.01223	0.01698	0.02273	0.04620	0.02585	0.55160	0.03889	0.00706	0.16253	0.01100	0.00472	0.00595
33	0.01872	0.02068	0.04358	0.18233	0.04653	0.02043	0.49003	0.02540	0.01893	0.02540	0.01635	0.02235	0.01226	0.00730	0.00947	0.00279	0.01334	0.00926	0.00409	0.01076
34	0.03158	0.02327	0.02493	0.01911	0.02576	0.02576	0.01579	0.62852	0.03906	0.05236	0.01995	0.01995	0.01413	0.00997	0.00831	0.00249	0.00914	0.00748	0.00831	0.01413
35	0.02034	0.02037	0.01865	0.01436	0.02104	0.16077	0.01124	0.02368	0.01865	0.02555	0.01433	0.01672	0.01194	0.00670	0.00645	0.00144	0.00814	0.00502	0.00478	0.58982
36	0.03387	0.17180	0.02475	0.01465	0.02123	0.01687	0.01266	0.03696	0.02222	0.51706	0.02799	0.02490	0.01833	0.00957	0.00767	0.00239	0.00748	0.00747	0.00876	0.01335
37	0.02221	0.71304	0.04353	0.01421	0.02132	0.03287	0.01421	0.02488	0.01688	0.01955	0.01155	0.01333	0.01066	0.00711	0.00533	0.00178	0.00888	0.00444	0.00355	0.01066
38	0.03296	0.01505	0.02067	0.01637	0.02134	0.01520	0.01356	0.03586	0.02128	0.51716	0.02784	0.02600	0.01839	0.01124	0.01262	0.00281	0.16176	0.00811	0.00878	0.01300
39	0.01487	0.01325	0.02134	0.53490	0.04635	0.01611	0.01900	0.01916	0.01559	0.02007	0.01734	0.02942	0.01539	0.16615	0.01597	0.00396	0.01039	0.00844	0.00399	0.00828
40	0.03115	0.01258	0.01710	0.01406	0.01914	0.01098	0.01120	0.03396	0.02200	0.51743	0.03571	0.18039	0.02832	0.01383	0.00886	0.00275	0.00656	0.01180	0.00970	0.01247
41	0.01203	0.00824	0.01003	0.01003	0.01036	0.00858	0.00624	0.01270	0.01237	0.01682	0.02529	0.04946	0.02807	0.56238	0.18504	0.00925	0.01126	0.01136	0.00490	0.00557
42	0.01948	0.55382	0.03589	0.01362	0.01923	0.02698	0.01275	0.02187	0.01666	0.01992	0.01927	0.16882	0.02065	0.01138	0.00652	0.00214	0.00797	0.00877	0.00449	0.00978
43	0.01679	0.01589	0.02690	0.54436	0.19234	0.01875	0.02362	0.02219	0.01713	0.02256	0.01496	0.02179	0.01154	0.00810	0.00829	0.00270	0.01080	0.00739	0.00379	0.01012
44	0.59819	0.01750	0.02051	0.01636	0.02224	0.01917	0.14819	0.02491	0.01537	0.03487	0.01275	0.01551	0.00981	0.00755	0.00619	0.00262	0.00814	0.00570	0.00493	0.00949
45	0.01075	0.00868	0.00971	0.01010	0.01265	0.00764	0.00801	0.01336	0.01927	0.02369	0.11174	0.08190	0.47928	0.02121	0.01019	0.00302	0.00497	0.14883	0.00779	0.00721
46	0.02056	0.01462	0.02365	0.53619	0.04909	0.01705	0.02062	0.02557	0.01823	0.16577	0.01883	0.02353	0.01321	0.00875	0.00832	0.00272	0.01017	0.00760	0.00518	0.01034
47	0.01604	0.01477	0.02318	0.53564	0.04875	0.01679	0.02009	0.02116	0.01675	0.02254	0.01477	0.02104	0.01135	0.00782	0.00782	0.00242	0.00996	0.00683	0.00397	0.17832
48	0.03154	0.01296	0.01794	0.01446	0.01977	0.01180	0.01180	0.03470	0.02143	0.51700	0.03040	0.02926	0.02061	0.02202	0.15876	0.00500	0.01049	0.00848	0.00897	0.01262
49	0.01033	0.00841	0.00923	0.00974	0.01212	0.00732	0.00743	0.01258	0.01856	0.02260	0.07381	0.16351	0.49434	0.02195	0.01014	0.00301	0.00474	0.09540	0.00771	0.00706

[dist]
# distance from previous block
# <min> <max>
0	6

[block]
# block no. 4 follows, 22 sequences, length 8
# corresponding to MSA columns:
# 173-180
name=unknown_E
#
# <colnr> <probs for GDERKNQSTAVLIFYWHMCP>
#	G	D	E	R	K	N	Q	S	T	A	V	L	I	F	Y	W	H	M	C	P
0	0.01520	0.03500	0.51879	0.02098	0.03062	0.01649	0.02557	0.02302	0.01717	0.02517	0.02180	0.17038	0.02043	0.01194	0.00850	0.00280	0.01061	0.01004	0.00445	0.01104
1	0.01951	0.55558	0.03597	0.01362	0.01925	0.02704	0.01276	0.02191	0.01666	0.01992	0.01919	0.16711	0.02054	0.01133	0.00651	0.00213	0.00798	0.00872	0.00448	0.00979
2	0.01509	0.01177	0.01272	0.01159	0.01503	0.01143	0.00912	0.15014	0.02366	0.03006	0.10832	0.09273	0.39706	0.01861	0.00963	0.00282	0.00556	0.05799	0.00795	0.00870
3	0.02275	0.02454	0.02213	0.02507	0.16131	0.27081	0.01589	0.05239	0.10057	0.02519	0.02378	0.17188	0.02313	0.01261	0.00850	0.00259	0.01027	0.01048	0.00571	0.01040
4	0.01760	0.01871	0.03846	0.03164	0.10756	0.01768	0.41838	0.02313	0.01870	0.02547	0.02314	0.17395	0.02212	0.01129	0.00980	0.00289	0.01148	0.01261	0.00497	0.01044
5	0.60062	0.01524	0.01276	0.01132	0.01603	0.01728	0.00920	0.05792	0.01711	0.03750	0.11687	0.02182	0.02065	0.00936	0.00609	0.00257	0.00617	0.00639	0.00598	0.00910
6	0.11334	0.01063	0.01041	0.00957	0.01232	0.01125	0.00732	0.09019	0.01912	0.03317	0.02421	0.02916	0.01954	0.06054	0.00868	0.00253	0.00512	0.00761	0.51683	0.00845
7	0.02147	0.01627	0.02288	0.33535	0.03883	0.01796	0.01788	0.12299	0.02109	0.10936	0.01770	0.02148	0.01300	0.00881	0.00902	0.00248	0.04847	0.00708	0.00550	0.14239

[dist]
# distance from previous block
# <min> <max>
0	1

[block]
# block no. 5 follows, 22 sequences, length 12
# corresponding to MSA columns:
# 182-193
name=unknown_F
#
# <colnr> <probs for GDERKNQSTAVLIFYWHMCP>
#	G	D	E	R	K	N	Q	S	T	A	V	L	I	F	Y	W	H	M	C	P
0	0.02348	0.01688	0.01923	0.01525	0.02107	0.01672	0.01234	0.22339	0.10380	0.09916	0.09871	0.02964	0.02485	0.01048	0.00803	0.00225	0.00707	0.03371	0.00762	0.22630
1	0.01198	0.00844	0.01101	0.01101	0.01169	0.00911	0.00747	0.01333	0.01266	0.01755	0.02439	0.04448	0.02591	0.41418	0.33027	0.01046	0.01452	0.01063	0.00477	0.00612
2	0.43218	0.01934	0.01800	0.01465	0.02048	0.02188	0.01209	0.29933	0.02548	0.04414	0.01538	0.01643	0.01133	0.00874	0.00658	0.00254	0.00766	0.00586	0.00658	0.01133
3	0.01953	0.38885	0.34421	0.01879	0.02840	0.02630	0.02219	0.02557	0.01720	0.02282	0.01317	0.01536	0.01059	0.00749	0.00657	0.00219	0.01053	0.00526	0.00353	0.01144
4	0.35462	0.01760	0.01675	0.01409	0.01950	0.01958	0.01139	0.16066	0.15444	0.03909	0.04659	0.02108	0.01693	0.00926	0.00683	0.00250	0.00692	0.00670	0.00671	0.06878
5	0.02099	0.53949	0.12172	0.01639	0.02328	0.03019	0.01684	0.02445	0.01645	0.02048	0.01190	0.01448	0.01067	0.00814	0.00840	0.00212	0.09478	0.00502	0.00356	0.01067
6	0.02384	0.01687	0.01831	0.01574	0.02053	0.03988	0.01241	0.09648	0.33763	0.15830	0.11324	0.03451	0.05124	0.01193	0.00861	0.00269	0.00679	0.00987	0.00872	0.01242
7	0.01711	0.01493	0.01875	0.01380	0.02075	0.01182	0.04634	0.02169	0.04297	0.02703	0.01740	0.05622	0.01523	0.00752	0.00671	0.00151	0.00656	0.00643	0.00518	0.64205
8	0.01700	0.08408	0.62688	0.02310	0.03506	0.02013	0.02968	0.02622	0.01750	0.02589	0.01470	0.01728	0.01053	0.00784	0.00774	0.00258	0.01207	0.00603	0.00351	0.01218
9	0.02102	0.56967	0.17651	0.01624	0.02445	0.02997	0.01774	0.02518	0.01702	0.02099	0.01227	0.01423	0.01063	0.00728	0.00588	0.00196	0.00961	0.00481	0.00354	0.01101
10	0.53111	0.01888	0.09459	0.01285	0.01902	0.01721	0.01192	0.02493	0.01581	0.07181	0.04065	0.01726	0.01311	0.00814	0.00596	0.00246	0.00706	0.00542	0.00539	0.07642
11	0.01384	0.01067	0.01378	0.01372	0.01570	0.01081	0.03298	0.07146	0.09682	0.02681	0.08760	0.48230	0.04779	0.02132	0.01004	0.00315	0.00571	0.01921	0.00783	0.00846

[dist]
# distance from previous block
# <min> <max>
0	3

[block]
# block no. 6 follows, 22 sequences, length 15
# corresponding to MSA columns:
# 197-211
name=unknown_G
#
# <colnr> <probs for GDERKNQSTAVLIFYWHMCP>
#	G	D	E	R	K	N	Q	S	T	A	V	L	I	F	Y	W	H	M	C	P
0	0.02299	0.01689	0.01468	0.01278	0.01658	0.14195	0.00991	0.08864	0.02165	0.10701	0.02341	0.02543	0.01777	0.00933	0.00673	0.00206	0.00715	0.00713	0.38865	0.05925
1	0.02115	0.25775	0.10294	0.02466	0.03244	0.07555	0.27459	0.02767	0.05992	0.02426	0.01567	0.01887	0.01245	0.00753	0.00784	0.00239	0.01170	0.00727	0.00420	0.01113
2	0.01787	0.18834	0.53018	0.02162	0.03278	0.02224	0.02712	0.02600	0.01740	0.02484	0.01418	0.01663	0.01055	0.00772	0.00734	0.00245	0.01154	0.00577	0.00352	0.01193
3	0.02067	0.01646	0.01772	0.01372	0.02013	0.06088	0.01083	0.02615	0.08387	0.10371	0.02036	0.05440	0.01670	0.00837	0.00698	0.00173	0.00689	0.00678	0.00603	0.49762
4	0.01734	0.01423	0.01655	0.01275	0.01865	0.01217	0.01009	0.06787	0.06628	0.03098	0.16028	0.02856	0.02831	0.00926	0.00731	0.00176	0.00591	0.00773	0.00639	0.47759
5	0.02825	0.02065	0.02209	0.01731	0.02327	0.02263	0.01415	0.48700	0.08161	0.04746	0.02167	0.02202	0.01578	0.00989	0.00794	0.00240	0.00819	0.00756	0.09821	0.04191
6	0.01056	0.00831	0.00954	0.00952	0.01175	0.00728	0.00703	0.01325	0.02027	0.02628	0.28727	0.14371	0.37543	0.02012	0.00990	0.00280	0.00417	0.01730	0.00824	0.00728
7	0.09491	0.09380	0.01283	0.00915	0.01203	0.01206	0.00740	0.02031	0.01680	0.02963	0.02334	0.02710	0.01869	0.01195	0.04112	0.00259	0.00572	0.00707	0.54530	0.00821
8	0.02185	0.01844	0.01945	0.01715	0.02206	0.02122	0.01344	0.10776	0.57566	0.03667	0.03230	0.02979	0.02414	0.01113	0.00844	0.00278	0.00685	0.00918	0.00844	0.01326
9	0.01723	0.01477	0.01723	0.01230	0.01969	0.01107	0.00984	0.02092	0.01723	0.02707	0.01477	0.01723	0.01230	0.00615	0.00615	0.00123	0.00615	0.00492	0.00492	0.75883
10	0.01291	0.00967	0.01237	0.01293	0.01519	0.00948	0.01063	0.01798	0.06632	0.02794	0.24175	0.07714	0.13927	0.01993	0.01049	0.00323	0.00591	0.29063	0.00819	0.00803
11	0.01886	0.01800	0.03065	0.27345	0.44706	0.01929	0.02465	0.02400	0.01811	0.02508	0.01533	0.02112	0.01243	0.00772	0.00825	0.00257	0.01029	0.00740	0.00397	0.01179
12	0.01791	0.19413	0.52480	0.02154	0.03265	0.02236	0.02698	0.02599	0.01739	0.02478	0.01415	0.01659	0.01055	0.00772	0.00731	0.00244	0.01151	0.00576	0.00352	0.01191
13	0.01767	0.01344	0.01607	0.01228	0.01825	0.01085	0.00972	0.02225	0.04643	0.07732	0.16069	0.02879	0.02841	0.00914	0.00724	0.00171	0.00574	0.00766	0.00644	0.49992
14	0.01208	0.00805	0.00906	0.00906	0.00906	0.00805	0.00503	0.01208	0.01208	0.01611	0.02618	0.05436	0.03020	0.70804	0.04228	0.00805	0.00805	0.01208	0.00503	0.00503

[dist]
# distance from previous block
# <min> <max>
1	10

[block]
# block no. 7 follows, 22 sequences, length 16
# corresponding to MSA columns:
# 224-239
name=unknown_H
#
# <colnr> <probs for GDERKNQSTAVLIFYWHMCP>
#	G	D	E	R	K	N	Q	S	T	A	V	L	I	F	Y	W	H	M	C	P
0	0.09344	0.01691	0.01789	0.01511	0.02051	0.01800	0.01196	0.09176	0.34275	0.06676	0.02969	0.02839	0.05574	0.01038	0.00777	0.00246	0.00662	0.00833	0.00753	0.14801
1	0.01827	0.10750	0.55721	0.02259	0.03378	0.06935	0.02801	0.02668	0.01792	0.02521	0.01443	0.01694	0.01055	0.00787	0.00762	0.00251	0.01215	0.00592	0.00357	0.01192
2	0.01728	0.01719	0.06620	0.01407	0.02110	0.01307	0.01220	0.02123	0.01681	0.02633	0.01440	0.01734	0.01204	0.00709	0.00832	0.00157	0.07299	0.00524	0.00469	0.63082
3	0.01255	0.00801	0.00888	0.00888	0.00915	0.00801	0.00514	0.01307	0.01281	0.01814	0.02630	0.05117	0.02899	0.61264	0.03730	0.00722	0.00748	0.01149	0.10737	0.00540
4	0.05637	0.01502	0.02426	0.61583	0.05310	0.01884	0.02205	0.02133	0.01627	0.02203	0.01439	0.02147	0.01095	0.00861	0.00915	0.00280	0.04734	0.00722	0.00377	0.00921
5	0.53309	0.01667	0.01438	0.01229	0.01740	0.01895	0.01007	0.14963	0.01968	0.03974	0.01498	0.01671	0.01138	0.00839	0.00587	0.00249	0.00672	0.00547	0.08616	0.00993
6	0.01787	0.01031	0.01083	0.00989	0.01256	0.01079	0.00767	0.11708	0.02067	0.03375	0.02567	0.02929	0.02011	0.01272	0.04424	0.00267	0.00576	0.00777	0.59160	0.00875
7	0.01187	0.00890	0.01335	0.01335	0.01483	0.01038	0.01038	0.01483	0.01335	0.01928	0.02225	0.03264	0.02077	0.06231	0.67512	0.01335	0.02225	0.00890	0.00445	0.00742
8	0.01271	0.00950	0.01193	0.01114	0.01340	0.00921	0.00841	0.01873	0.08979	0.03347	0.58553	0.05872	0.07270	0.01637	0.00965	0.00263	0.00420	0.01442	0.00907	0.00841
9	0.01598	0.01477	0.02345	0.55916	0.05006	0.01705	0.02055	0.02117	0.01673	0.02234	0.01477	0.02121	0.01131	0.00789	0.00789	0.00248	0.01014	0.00691	0.00393	0.15223
10	0.02964	0.01513	0.01878	0.01483	0.02102	0.01400	0.01199	0.03774	0.16860	0.39632	0.02969	0.02688	0.02017	0.00975	0.00797	0.00238	0.00678	0.00797	0.00886	0.15150
11	0.01961	0.02241	0.04902	0.03501	0.04342	0.02101	0.62605	0.02661	0.01961	0.02661	0.01681	0.02241	0.01261	0.00700	0.00980	0.00280	0.01401	0.00980	0.00420	0.01120
12	0.01914	0.01471	0.01742	0.01254	0.01983	0.01118	0.01007	0.02279	0.01785	0.08765	0.01648	0.01828	0.01309	0.00655	0.00636	0.00136	0.00624	0.00525	0.00543	0.68777
13	0.01208	0.00805	0.00906	0.00906	0.00906	0.00805	0.00503	0.01208	0.01208	0.01611	0.02618	0.05436	0.03020	0.70804	0.04228	0.00805	0.00805	0.01208	0.00503	0.00503
14	0.02216	0.53249	0.09909	0.01763	0.02511	0.08158	0.07424	0.02583	0.01773	0.02090	0.01246	0.01471	0.01084	0.00728	0.00616	0.00198	0.01017	0.00518	0.00367	0.01078
15	0.01832	0.23344	0.41604	0.01972	0.02998	0.02233	0.02370	0.02532	0.01732	0.02444	0.01392	0.01629	0.01075	0.00748	0.00697	0.00223	0.01064	0.00552	0.00367	0.09191

[dist]
# distance from previous block
# <min> <max>
0	4

[block]
# block no. 8 follows, 22 sequences, length 8
# corresponding to MSA columns:
# 244-251
name=unknown_I
#
# <colnr> <probs for GDERKNQSTAVLIFYWHMCP>
#	G	D	E	R	K	N	Q	S	T	A	V	L	I	F	Y	W	H	M	C	P
0	0.02737	0.03042	0.02387	0.13361	0.03063	0.38669	0.01716	0.13343	0.05547	0.02670	0.01534	0.01801	0.01210	0.00920	0.00881	0.00242	0.04689	0.00636	0.00505	0.01049
1	0.01669	0.01626	0.02808	0.51417	0.05099	0.01939	0.10917	0.02321	0.05192	0.02269	0.01589	0.02243	0.01209	0.00868	0.00972	0.00283	0.05420	0.00784	0.00403	0.00973
2	0.01475	0.01349	0.02233	0.57361	0.04957	0.01648	0.02047	0.01959	0.01649	0.02122	0.02001	0.13729	0.01850	0.01130	0.00869	0.00287	0.01002	0.01013	0.00437	0.00881
3	0.01190	0.00878	0.01273	0.01273	0.01400	0.01005	0.00961	0.01444	0.01317	0.01883	0.02282	0.03577	0.02213	0.15544	0.58385	0.01259	0.02020	0.00936	0.00453	0.00707
4	0.01042	0.00751	0.01027	0.01187	0.01252	0.00736	0.00816	0.01212	0.01547	0.02088	0.04181	0.58926	0.04916	0.03216	0.12304	0.00506	0.00777	0.02113	0.00716	0.00686
5	0.01723	0.01477	0.01723	0.01230	0.01969	0.01107	0.00984	0.02092	0.01723	0.02707	0.01477	0.01723	0.01230	0.00615	0.00615	0.00123	0.00615	0.00492	0.00492	0.75883
6	0.01723	0.01477	0.01723	0.01230	0.01969	0.01107	0.00984	0.02092	0.01723	0.02707	0.01477	0.01723	0.01230	0.00615	0.00615	0.00123	0.00615	0.00492	0.00492	0.75883
7	0.01940	0.02175	0.04628	0.03306	0.04137	0.02015	0.57291	0.02612	0.01940	0.02665	0.01663	0.02196	0.01258	0.00693	0.00949	0.00267	0.01333	0.00938	0.00426	0.07568

[dist]
# distance from previous block
# <min> <max>
0	7

[block]
# block no. 9 follows, 22 sequences, length 8
# corresponding to MSA columns:
# 259-266
name=unknown_J
#
# <colnr> <probs for GDERKNQSTAVLIFYWHMCP>
#	G	D	E	R	K	N	Q	S	T	A	V	L	I	F	Y	W	H	M	C	P
0	0.07749	0.01995	0.02135	0.01655	0.02304	0.02091	0.01349	0.36170	0.10394	0.04275	0.01971	0.02013	0.01465	0.00900	0.00756	0.00222	0.00788	0.00685	0.00724	0.20359
1	0.02213	0.01780	0.02237	0.09710	0.02777	0.01991	0.06491	0.07056	0.42695	0.09218	0.02934	0.02841	0.02159	0.01041	0.00853	0.00277	0.00790	0.00899	0.00771	0.01267
2	0.01569	0.01477	0.02492	0.68808	0.05722	0.01846	0.02307	0.02123	0.01661	0.02123	0.01477	0.02215	0.01107	0.00831	0.00831	0.00277	0.01107	0.00738	0.00369	0.00923
3	0.01733	0.01701	0.02527	0.24894	0.03388	0.02306	0.01984	0.02041	0.01405	0.02041	0.01222	0.01953	0.01096	0.01241	0.02080	0.00334	0.46043	0.00731	0.00365	0.00914
4	0.01176	0.00849	0.01110	0.01045	0.01241	0.00784	0.00784	0.01568	0.02352	0.03331	0.65184	0.06206	0.07839	0.01698	0.00980	0.00261	0.00392	0.01502	0.00914	0.00784
5	0.03022	0.02327	0.06634	0.01883	0.02567	0.02364	0.01622	0.48531	0.08586	0.10629	0.02196	0.02148	0.01542	0.00997	0.00830	0.00254	0.00894	0.00763	0.00819	0.01393
6	0.01208	0.00805	0.00906	0.00906	0.00906	0.00805	0.00503	0.01208	0.01208	0.01611	0.02618	0.05436	0.03020	0.70804	0.04228	0.00805	0.00805	0.01208	0.00503	0.00503
7	0.01839	0.01901	0.02824	0.22792	0.03573	0.06286	0.09887	0.02205	0.01548	0.02126	0.01298	0.01975	0.01117	0.01127	0.01795	0.00317	0.35319	0.00752	0.00377	0.00944

[dist]
# distance from previous block
# <min> <max>
0	1

[block]
# block no. 10 follows, 22 sequences, length 26
# corresponding to MSA columns:
# 292-317
name=unknown_K
#
# <colnr> <probs for GDERKNQSTAVLIFYWHMCP>
#	G	D	E	R	K	N	Q	S	T	A	V	L	I	F	Y	W	H	M	C	P
0	0.02191	0.67701	0.07696	0.01472	0.02211	0.03214	0.01510	0.02495	0.01692	0.01991	0.01173	0.01355	0.01065	0.00715	0.00547	0.00182	0.00907	0.00453	0.00355	0.01075
1	0.01793	0.19553	0.52351	0.02152	0.03262	0.02238	0.02694	0.02598	0.01739	0.02477	0.01414	0.01658	0.01055	0.00771	0.00731	0.00244	0.01150	0.00575	0.00352	0.01191
2	0.01698	0.08128	0.62947	0.02314	0.03512	0.02007	0.02975	0.02623	0.01750	0.02592	0.01472	0.01730	0.01053	0.00785	0.00775	0.00258	0.01208	0.00604	0.00351	0.01219
3	0.01710	0.04036	0.59400	0.02675	0.10571	0.01934	0.03011	0.02622	0.01769	0.02640	0.01499	0.01788	0.01082	0.00784	0.00793	0.00261	0.01201	0.00628	0.00358	0.01238
4	0.01028	0.00843	0.00906	0.00890	0.01150	0.00721	0.00668	0.01282	0.02003	0.02503	0.21939	0.07569	0.51600	0.02007	0.00981	0.00276	0.00414	0.01694	0.00806	0.00721
5	0.01231	0.01237	0.08465	0.01194	0.01506	0.00913	0.01041	0.01687	0.02284	0.03253	0.58021	0.05705	0.07075	0.01596	0.00958	0.00261	0.00486	0.01402	0.00851	0.00834
6	0.01569	0.01477	0.02492	0.68808	0.05722	0.01846	0.02307	0.02123	0.01661	0.02123	0.01477	0.02215	0.01107	0.00831	0.00831	0.00277	0.01107	0.00738	0.00369	0.00923
7	0.00982	0.00842	0.00842	0.00842	0.01122	0.00701	0.00631	0.01192	0.01894	0.02244	0.08416	0.07995	0.65285	0.02104	0.00982	0.00281	0.00421	0.01753	0.00771	0.00701
8	0.03103	0.03959	0.02354	0.02140	0.02568	0.67469	0.01605	0.03317	0.02354	0.02033	0.01284	0.01498	0.01070	0.00856	0.00749	0.00214	0.01498	0.00535	0.00428	0.00963
9	0.01723	0.01477	0.01723	0.01230	0.01969	0.01107	0.00984	0.02092	0.01723	0.02707	0.01477	0.01723	0.01230	0.00615	0.00615	0.00123	0.00615	0.00492	0.00492	0.75883
10	0.01569	0.01477	0.02492	0.68808	0.05722	0.01846	0.02307	0.02123	0.01661	0.02123	0.01477	0.02215	0.01107	0.00831	0.00831	0.00277	0.01107	0.00738	0.00369	0.00923
11	0.02057	0.01953	0.03204	0.04716	0.58485	0.01984	0.02411	0.02759	0.08890	0.02800	0.01767	0.02173	0.01453	0.00784	0.00825	0.00251	0.00950	0.00763	0.00460	0.01316
12	0.02159	0.63768	0.11343	0.01528	0.02297	0.03134	0.01607	0.02504	0.01695	0.02031	0.01193	0.01380	0.01065	0.00720	0.00562	0.00187	0.00927	0.00463	0.00355	0.01084
13	0.01176	0.00849	0.01110	0.01045	0.01241	0.00784	0.00784	0.01568	0.02352	0.03331	0.65184	0.06206	0.07839	0.01698	0.00980	0.00261	0.00392	0.01502	0.00914	0.00784
14	0.01036	0.00733	0.00957	0.01126	0.01168	0.00691	0.00738	0.01163	0.01544	0.02058	0.04338	0.62315	0.05191	0.10964	0.01449	0.00395	0.00522	0.02220	0.00738	0.00654
15	0.00982	0.00842	0.00842	0.00842	0.01122	0.00701	0.00631	0.01192	0.01894	0.02244	0.08416	0.07995	0.65285	0.02104	0.00982	0.00281	0.00421	0.01753	0.00771	0.00701
16	0.01569	0.01477	0.02492	0.68808	0.05722	0.01846	0.02307	0.02123	0.01661	0.02123	0.01477	0.02215	0.01107	0.00831	0.00831	0.00277	0.01107	0.00738	0.00369	0.00923
17	0.71886	0.01598	0.01302	0.05408	0.01869	0.01862	0.00989	0.02422	0.01430	0.03625	0.01177	0.01405	0.00913	0.00775	0.00534	0.00258	0.00672	0.00468	0.00505	0.00901
18	0.01187	0.00890	0.01335	0.01335	0.01483	0.01038	0.01038	0.01483	0.01335	0.01928	0.02225	0.03264	0.02077	0.06231	0.67512	0.01335	0.02225	0.00890	0.00445	0.00742
19	0.01666	0.04297	0.66500	0.02368	0.03596	0.01929	0.03069	0.02631	0.01754	0.02631	0.01491	0.01754	0.01052	0.00789	0.00789	0.00263	0.01228	0.00614	0.00351	0.01228
20	0.02221	0.71304	0.04353	0.01421	0.02132	0.03287	0.01421	0.02488	0.01688	0.01955	0.01155	0.01333	0.01066	0.00711	0.00533	0.00178	0.00888	0.00444	0.00355	0.01066
21	0.01187	0.00890	0.01335	0.01335	0.01483	0.01038	0.01038	0.01483	0.01335	0.01928	0.02225	0.03264	0.02077	0.06231	0.67512	0.01335	0.02225	0.00890	0.00445	0.00742
22	0.01569	0.01477	0.02492	0.68808	0.05722	0.01846	0.02307	0.02123	0.01661	0.02123	0.01477	0.02215	0.01107	0.00831	0.00831	0.00277	0.01107	0.00738	0.00369	0.00923
23	0.01825	0.01840	0.02671	0.02252	0.02297	0.02521	0.05087	0.02035	0.01309	0.02035	0.01122	0.01840	0.01100	0.01413	0.02632	0.00359	0.65633	0.00741	0.00367	0.00920
24	0.01723	0.01477	0.01723	0.01230	0.01969	0.01107	0.00984	0.02092	0.01723	0.02707	0.01477	0.01723	0.01230	0.00615	0.00615	0.00123	0.00615	0.00492	0.00492	0.75883
25	0.05963	0.00889	0.01077	0.01027	0.01237	0.00841	0.00764	0.01554	0.02166	0.03127	0.50391	0.08771	0.12607	0.04668	0.01092	0.00289	0.00432	0.01484	0.00852	0.00767

[dist]
# distance from previous block
# <min> <max>
24	57

[block]
# block no. 11 follows, 22 sequences, length 7
# corresponding to MSA columns:
# 376-382
name=unknown_L
#
# <colnr> <probs for GDERKNQSTAVLIFYWHMCP>
#	G	D	E	R	K	N	Q	S	T	A	V	L	I	F	Y	W	H	M	C	P
0	0.02234	0.01754	0.01914	0.01569	0.02095	0.01863	0.01253	0.25235	0.20864	0.03940	0.12175	0.03244	0.06190	0.01151	0.00838	0.00246	0.00694	0.00939	0.00800	0.11004
1	0.02415	0.01195	0.01520	0.01260	0.01701	0.01080	0.01005	0.06516	0.02384	0.31506	0.23692	0.04725	0.14613	0.01422	0.00906	0.00262	0.00572	0.01198	0.00936	0.01093
2	0.01378	0.01218	0.01704	0.02286	0.22828	0.01146	0.01259	0.01652	0.01790	0.02307	0.05235	0.05609	0.34375	0.11962	0.01416	0.00348	0.00669	0.01330	0.00610	0.00879
3	0.02060	0.01910	0.02869	0.03950	0.44234	0.02005	0.02133	0.03178	0.22864	0.02971	0.02176	0.02408	0.01727	0.00871	0.00830	0.00259	0.00876	0.00807	0.00558	0.01316
4	0.01921	0.01814	0.02816	0.02277	0.02830	0.01911	0.21975	0.03419	0.33829	0.03052	0.02961	0.03752	0.02443	0.01159	0.00936	0.00296	0.00924	0.09828	0.00690	0.01167
5	0.01961	0.02241	0.04902	0.03501	0.04342	0.02101	0.62605	0.02661	0.01961	0.02661	0.01681	0.02241	0.01261	0.00700	0.00980	0.00280	0.01401	0.00980	0.00420	0.01120
6	0.01723	0.01477	0.01723	0.01230	0.01969	0.01107	0.00984	0.02092	0.01723	0.02707	0.01477	0.01723	0.01230	0.00615	0.00615	0.00123	0.00615	0.00492	0.00492	0.75883

[dist]
# distance from previous block
# <min> <max>
0	7

[block]
# block no. 12 follows, 22 sequences, length 123
# corresponding to MSA columns:
# 391-513
name=unknown_M
#
# <colnr> <probs for GDERKNQSTAVLIFYWHMCP>
#	G	D	E	R	K	N	Q	S	T	A	V	L	I	F	Y	W	H	M	C	P
0	0.02238	0.01831	0.03056	0.04404	0.53757	0.01806	0.02274	0.02661	0.01909	0.10872	0.01778	0.02183	0.01419	0.00898	0.00961	0.04503	0.00936	0.00751	0.00488	0.01275
1	0.43664	0.01930	0.01792	0.01460	0.02042	0.02184	0.01205	0.29566	0.02533	0.04405	0.01533	0.01639	0.01130	0.00873	0.00656	0.00254	0.00765	0.00584	0.00656	0.01130
2	0.01569	0.01477	0.02492	0.68808	0.05722	0.01846	0.02307	0.02123	0.01661	0.02123	0.01477	0.02215	0.01107	0.00831	0.00831	0.00277	0.01107	0.00738	0.00369	0.00923
3	0.01569	0.01477	0.02492	0.68808	0.05722	0.01846	0.02307	0.02123	0.01661	0.02123	0.01477	0.02215	0.01107	0.00831	0.00831	0.00277	0.01107	0.00738	0.00369	0.00923
4	0.01569	0.01477	0.02492	0.68808	0.05722	0.01846	0.02307	0.02123	0.01661	0.02123	0.01477	0.02215	0.01107	0.00831	0.00831	0.00277	0.01107	0.00738	0.00369	0.00923
5	0.01598	0.01506	0.02544	0.65015	0.09288	0.01853	0.02322	0.02148	0.01675	0.02158	0.01482	0.02205	0.01120	0.00825	0.00830	0.00275	0.01100	0.00738	0.00372	0.00946
6	0.01666	0.04297	0.66500	0.02368	0.03596	0.01929	0.03069	0.02631	0.01754	0.02631	0.01491	0.01754	0.01052	0.00789	0.00789	0.00263	0.01228	0.00614	0.00351	0.01228
7	0.02178	0.66163	0.09122	0.01494	0.02244	0.03183	0.01548	0.02499	0.01693	0.02006	0.01181	0.01365	0.01065	0.00717	0.00553	0.00184	0.00914	0.00457	0.00355	0.01079
8	0.76672	0.01607	0.01221	0.01092	0.01607	0.01864	0.00900	0.02442	0.01414	0.03727	0.01157	0.01350	0.00900	0.00771	0.00514	0.00257	0.00643	0.00450	0.00514	0.00900
9	0.01666	0.04297	0.66500	0.02368	0.03596	0.01929	0.03069	0.02631	0.01754	0.02631	0.01491	0.01754	0.01052	0.00789	0.00789	0.00263	0.01228	0.00614	0.00351	0.01228
10	0.01569	0.01477	0.02492	0.68808	0.05722	0.01846	0.02307	0.02123	0.01661	0.02123	0.01477	0.02215	0.01107	0.00831	0.00831	0.00277	0.01107	0.00738	0.00369	0.00923
