[name]
unknown

[dist]
# distance from previous block
# <min> <max>
0	33

[block]
# block no. 0 follows, 26 sequences, length 7
# corresponding to MSA columns:
# 40-46
name=unknown_A
#
# <colnr> <probs for GDERKNQSTAVLIFYWHMCP>
#	G	D	E	R	K	N	Q	S	T	A	V	L	I	F	Y	W	H	M	C	P
0	0.01769	0.01677	0.04903	0.20893	0.38015	0.01654	0.04250	0.02235	0.01681	0.05190	0.01569	0.02173	0.01288	0.00754	0.00755	0.00231	0.00906	0.03061	0.00406	0.06591
1	0.01645	0.01376	0.01507	0.01369	0.01723	0.01539	0.01057	0.03259	0.47910	0.03134	0.22427	0.03672	0.03753	0.01184	0.00808	0.00252	0.00528	0.01010	0.00791	0.01057
2	0.01774	0.03134	0.45947	0.01921	0.02811	0.01767	0.02241	0.16630	0.02111	0.03016	0.09617	0.02147	0.01791	0.00865	0.00750	0.00237	0.00963	0.00687	0.00482	0.01110
3	0.02066	0.01836	0.02829	0.09721	0.48261	0.01916	0.02109	0.16657	0.02123	0.02950	0.01509	0.01877	0.01205	0.00736	0.00753	0.00228	0.00896	0.00677	0.00459	0.01191
4	0.01835	0.00964	0.01240	0.01087	0.01368	0.00905	0.00819	0.02142	0.04129	0.23453	0.21075	0.04291	0.07952	0.16750	0.08198	0.00438	0.00700	0.01066	0.00737	0.00853
5	0.01703	0.02290	0.16598	0.02697	0.05988	0.01937	0.33669	0.02263	0.01600	0.02292	0.01367	0.01845	0.01079	0.00809	0.01200	0.00263	0.17125	0.00750	0.00362	0.04165
6	0.01033	0.00678	0.00833	0.00958	0.01046	0.00638	0.00656	0.01219	0.01503	0.02145	0.04039	0.52537	0.08705	0.02009	0.00865	0.00275	0.00417	0.01791	0.18017	0.00638

[dist]
# distance from previous block
# <min> <max>
0	6

[block]
# block no. 1 follows, 26 sequences, length 18
# corresponding to MSA columns:
# 53-70
name=unknown_B
#
# <colnr> <probs for GDERKNQSTAVLIFYWHMCP>
#	G	D	E	R	K	N	Q	S	T	A	V	L	I	F	Y	W	H	M	C	P
0	0.01865	0.07828	0.49987	0.02013	0.02987	0.01973	0.02398	0.16986	0.02048	0.02909	0.01448	0.01628	0.01037	0.00760	0.00715	0.00233	0.01036	0.00579	0.00421	0.01151
1	0.00961	0.00695	0.00958	0.01093	0.01158	0.00692	0.00760	0.01125	0.01399	0.01896	0.03688	0.56839	0.04302	0.03135	0.16863	0.00517	0.00805	0.01848	0.00636	0.00630
2	0.19338	0.01265	0.01471	0.21108	0.02463	0.01448	0.01176	0.11067	0.01782	0.02984	0.01735	0.02089	0.01328	0.00811	0.00614	0.00219	0.00663	0.00626	0.26959	0.00855
3	0.33395	0.07908	0.13442	0.01645	0.02298	0.01871	0.10654	0.07582	0.05054	0.07469	0.01471	0.01629	0.01089	0.00742	0.00633	0.00233	0.00819	0.00573	0.00490	0.01001
4	0.01477	0.01426	0.01274	0.01183	0.01411	0.16660	0.00888	0.01797	0.02148	0.02770	0.52850	0.04681	0.05741	0.01374	0.00846	0.00229	0.00589	0.01169	0.00733	0.00753
5	0.01123	0.00978	0.01704	0.01547	0.01756	0.00914	0.15633	0.01371	0.01530	0.02049	0.03574	0.56625	0.04131	0.01978	0.00951	0.00296	0.00632	0.01867	0.00631	0.00709
6	0.01737	0.02357	0.15734	0.02960	0.03754	0.01909	0.51869	0.02397	0.01728	0.02397	0.01479	0.01950	0.01111	0.00685	0.00938	0.00257	0.04508	0.00826	0.00370	0.01031
7	0.02687	0.02300	0.02154	0.04567	0.11342	0.24893	0.01488	0.11574	0.09838	0.18647	0.01960	0.01983	0.01423	0.00850	0.00735	0.00222	0.00958	0.00655	0.00612	0.01113
8	0.73526	0.01632	0.05695	0.01076	0.01589	0.01706	0.00954	0.02241	0.01312	0.03336	0.01077	0.01257	0.00831	0.00705	0.00486	0.00235	0.00623	0.00421	0.00459	0.00842
9	0.01061	0.01408	0.16584	0.01310	0.01600	0.00879	0.01185	0.01365	0.01486	0.02043	0.03535	0.56523	0.04087	0.01997	0.00911	0.00293	0.00596	0.01791	0.00616	0.00732
10	0.04103	0.02579	0.21593	0.09848	0.16978	0.07247	0.06388	0.16976	0.02116	0.02901	0.01468	0.01755	0.01103	0.00757	0.00742	0.00233	0.01013	0.00638	0.00448	0.01114
11	0.05193	0.08469	0.06941	0.02146	0.11878	0.12367	0.03779	0.21856	0.05154	0.12323	0.01749	0.01829	0.01284	0.00814	0.00716	0.00221	0.00913	0.00637	0.00583	0.01147
12	0.02964	0.03082	0.02060	0.01816	0.02251	0.54445	0.01385	0.03182	0.02154	0.17273	0.01589	0.01646	0.01183	0.00818	0.00702	0.00204	0.01202	0.00551	0.00516	0.00974
13	0.02550	0.01797	0.01884	0.01822	0.01966	0.01588	0.01134	0.02165	0.02014	0.02834	0.03515	0.06093	0.03684	0.57623	0.03713	0.00870	0.01168	0.01422	0.00919	0.01242
14	0.02598	0.01486	0.08655	0.01398	0.01918	0.01164	0.01222	0.07818	0.02056	0.41763	0.03003	0.18521	0.02455	0.01243	0.00805	0.00252	0.00663	0.01055	0.00806	0.01118
15	0.01999	0.26360	0.32632	0.01784	0.02633	0.02302	0.01999	0.16951	0.02032	0.02745	0.01366	0.01526	0.01040	0.00741	0.00653	0.00212	0.00954	0.00538	0.00422	0.01111
16	0.01632	0.00899	0.01193	0.01049	0.01326	0.00811	0.00811	0.01975	0.02153	0.18896	0.52568	0.04926	0.05891	0.01404	0.00863	0.00238	0.00427	0.01226	0.00860	0.00854
17	0.02036	0.02038	0.06139	0.05542	0.20839	0.01987	0.26882	0.16947	0.02140	0.02941	0.01538	0.01916	0.01178	0.00744	0.00872	0.00243	0.03678	0.00758	0.00461	0.01123

[dist]
# distance from previous block
# <min> <max>
0	1

[block]
# block no. 2 follows, 26 sequences, length 14
# corresponding to MSA columns:
# 72-85
name=unknown_C
#
# <colnr> <probs for GDERKNQSTAVLIFYWHMCP>
#	G	D	E	R	K	N	Q	S	T	A	V	L	I	F	Y	W	H	M	C	P
0	0.01174	0.00951	0.01388	0.22679	0.02387	0.01010	0.01136	0.01567	0.01928	0.02642	0.44003	0.04641	0.08914	0.01329	0.00853	0.00244	0.00561	0.01171	0.00674	0.00750
1	0.02705	0.01651	0.01848	0.04372	0.02105	0.04133	0.01221	0.28741	0.06510	0.23996	0.02310	0.02256	0.01606	0.00911	0.00724	0.00224	0.00718	0.00714	0.12088	0.01166
2	0.01791	0.00934	0.01244	0.01076	0.01381	0.00839	0.00839	0.02129	0.02154	0.23400	0.48123	0.04716	0.05531	0.01362	0.00854	0.00237	0.00446	0.01184	0.00867	0.00893
3	0.01513	0.01115	0.01569	0.22801	0.02575	0.01205	0.01244	0.04200	0.07612	0.08374	0.34222	0.03907	0.04200	0.01188	0.00826	0.00244	0.00621	0.01038	0.00682	0.00865
4	0.02123	0.15781	0.33703	0.01839	0.02691	0.02135	0.02031	0.22056	0.02224	0.06267	0.01527	0.01648	0.01109	0.00777	0.00692	0.00222	0.00954	0.00580	0.00486	0.01155
5	0.01318	0.00716	0.00744	0.00744	0.00866	0.00716	0.00508	0.01563	0.01440	0.02410	0.02448	0.03486	0.02195	0.23203	0.01556	0.00349	0.00471	0.00829	0.53807	0.00631
6	0.01670	0.01435	0.01617	0.01253	0.01851	0.01281	0.00992	0.02563	0.21800	0.02688	0.01884	0.01960	0.01491	0.00706	0.00626	0.00157	0.00574	0.00575	0.00549	0.54330
7	0.25645	0.51520	0.03094	0.01205	0.01799	0.02601	0.01151	0.02258	0.01464	0.02283	0.01055	0.01221	0.00927	0.00666	0.00481	0.00185	0.00742	0.00407	0.00369	0.00927
8	0.01045	0.00660	0.00913	0.01035	0.01066	0.00629	0.00690	0.01035	0.01309	0.01746	0.03299	0.51120	0.03877	0.02456	0.01583	0.24218	0.00507	0.01695	0.00589	0.00528
9	0.02073	0.01722	0.01820	0.01581	0.02044	0.01974	0.01246	0.15656	0.55311	0.03474	0.02850	0.02641	0.02123	0.01007	0.00769	0.00252	0.00644	0.00825	0.00769	0.01217
10	0.25468	0.01881	0.06524	0.06108	0.17581	0.01806	0.25214	0.02320	0.01599	0.02715	0.01345	0.01733	0.01044	0.00678	0.00716	0.00242	0.00960	0.00668	0.00403	0.00997
11	0.01893	0.15670	0.26936	0.02838	0.25448	0.01957	0.04605	0.02454	0.01685	0.07504	0.01461	0.01719	0.01124	0.00706	0.00698	0.00221	0.00958	0.00600	0.00391	0.01131
12	0.01640	0.01563	0.02467	0.01762	0.02465	0.01291	0.20907	0.02070	0.01640	0.02459	0.01406	0.01719	0.01132	0.00586	0.00664	0.00157	0.00783	0.00587	0.00429	0.54276
13	0.01103	0.00735	0.00827	0.00827	0.00827	0.00735	0.00460	0.01103	0.01103	0.01471	0.02390	0.04964	0.02758	0.73343	0.03861	0.00735	0.00735	0.01103	0.00460	0.00460

[dist]
# distance from previous block
# <min> <max>
0	1

[block]
# block no. 3 follows, 26 sequences, length 256
# corresponding to MSA columns:
# 87-342
name=unknown_D
#
# <colnr> <probs for GDERKNQSTAVLIFYWHMCP>
#	G	D	E	R	K	N	Q	S	T	A	V	L	I	F	Y	W	H	M	C	P
0	0.01116	0.00734	0.00822	0.00822	0.00830	0.00734	0.00463	0.01131	0.01124	0.01528	0.02394	0.04873	0.02723	0.70266	0.03719	0.00712	0.00719	0.01086	0.03734	0.00470
1	0.01567	0.01348	0.01603	0.04113	0.01943	0.01040	0.00950	0.01911	0.01570	0.02449	0.01348	0.01592	0.01119	0.00570	0.00570	0.00118	0.00581	0.00459	0.00445	0.74704
2	0.01606	0.00933	0.01213	0.01065	0.01342	0.00863	0.00825	0.04620	0.02212	0.16033	0.52645	0.04900	0.05876	0.01404	0.00863	0.00237	0.00434	0.01223	0.00852	0.00852
3	0.01938	0.01967	0.05095	0.04017	0.52973	0.05564	0.05009	0.05055	0.01818	0.02536	0.01427	0.01826	0.01178	0.00684	0.00741	0.00219	0.00927	0.00658	0.00396	0.05972
4	0.78701	0.01467	0.01115	0.00997	0.01467	0.01702	0.00821	0.02230	0.01291	0.03403	0.01056	0.01232	0.00821	0.00704	0.00469	0.00235	0.00587	0.00411	0.00469	0.00821
5	0.00922	0.00669	0.00871	0.01032	0.01094	0.00618	0.00693	0.01059	0.01476	0.01946	0.04481	0.67234	0.10437	0.02337	0.00962	0.00304	0.00435	0.02109	0.00704	0.00618
6	0.01414	0.00707	0.00707	0.00707	0.00884	0.00707	0.00530	0.01767	0.01591	0.02828	0.02474	0.02828	0.01944	0.00884	0.00530	0.00177	0.00353	0.00707	0.77554	0.00707
7	0.78701	0.01467	0.01115	0.00997	0.01467	0.01702	0.00821	0.02230	0.01291	0.03403	0.01056	0.01232	0.00821	0.00704	0.00469	0.00235	0.00587	0.00411	0.00469	0.00821
8	0.02485	0.02370	0.02553	0.02915	0.27798	0.18993	0.01788	0.25958	0.02509	0.03171	0.01509	0.01730	0.01178	0.00788	0.00737	0.00219	0.00992	0.00632	0.00520	0.01154
9	0.01573	0.01348	0.01573	0.01123	0.01798	0.01011	0.00899	0.01910	0.01573	0.02472	0.01348	0.01573	0.01123	0.00562	0.00562	0.00112	0.00562	0.00449	0.00449	0.77980
10	0.01432	0.01348	0.02275	0.71520	0.05224	0.01685	0.02107	0.01938	0.01517	0.01938	0.01348	0.02022	0.01011	0.00758	0.00758	0.00253	0.01011	0.00674	0.00337	0.00843
11	0.00904	0.00769	0.00779	0.00776	0.01029	0.00644	0.00582	0.01103	0.01747	0.02092	0.10296	0.07229	0.65665	0.01905	0.00896	0.00255	0.00383	0.01591	0.00710	0.00644
12	0.01850	0.01588	0.01688	0.01536	0.01950	0.01831	0.01202	0.03895	0.63623	0.03123	0.03139	0.03146	0.02429	0.01088	0.00787	0.00262	0.00606	0.04318	0.00768	0.01173
13	0.02028	0.73799	0.03975	0.01298	0.01947	0.03001	0.01298	0.02271	0.01541	0.01785	0.01055	0.01217	0.00973	0.00649	0.00487	0.00162	0.00811	0.00406	0.00324	0.00973
14	0.01074	0.00775	0.01014	0.00954	0.01133	0.00716	0.00716	0.01431	0.02147	0.03042	0.68211	0.05666	0.07157	0.01551	0.00895	0.00239	0.00358	0.01372	0.00835	0.00716
15	0.78701	0.01467	0.01115	0.00997	0.01467	0.01702	0.00821	0.02230	0.01291	0.03403	0.01056	0.01232	0.00821	0.00704	0.00469	0.00235	0.00587	0.00411	0.00469	0.00821
16	0.78701	0.01467	0.01115	0.00997	0.01467	0.01702	0.00821	0.02230	0.01291	0.03403	0.01056	0.01232	0.00821	0.00704	0.00469	0.00235	0.00587	0.00411	0.00469	0.00821
17	0.01074	0.00775	0.01014	0.00954	0.01133	0.00716	0.00716	0.01431	0.02147	0.03042	0.68211	0.05666	0.07157	0.01551	0.00895	0.00239	0.00358	0.01372	0.00835	0.00716
18	0.01573	0.01348	0.01573	0.01123	0.01798	0.01011	0.00899	0.01910	0.01573	0.02472	0.01348	0.01573	0.01123	0.00562	0.00562	0.00112	0.00562	0.00449	0.00449	0.77980
19	0.01157	0.00931	0.01258	0.01250	0.01396	0.03867	0.00970	0.01425	0.01258	0.01765	0.01996	0.02912	0.01858	0.05482	0.67405	0.01176	0.02004	0.00799	0.00406	0.00686
20	0.00924	0.00660	0.00880	0.01056	0.01100	0.00616	0.00704	0.01056	0.01452	0.01936	0.04181	0.72848	0.05017	0.02376	0.00968	0.00308	0.00440	0.02156	0.00704	0.00616
21	0.00990	0.00772	0.00898	0.00867	0.01082	0.00680	0.00650	0.01270	0.01950	0.02574	0.39716	0.06435	0.35944	0.01725	0.00895	0.00247	0.00370	0.01480	0.00773	0.00680
22	0.01573	0.01348	0.01573	0.01123	0.01798	0.01011	0.00899	0.01910	0.01573	0.02472	0.01348	0.01573	0.01123	0.00562	0.00562	0.00112	0.00562	0.00449	0.00449	0.77980
23	0.00964	0.00691	0.00916	0.01029	0.01109	0.00643	0.00707	0.01157	0.01638	0.02232	0.21307	0.54879	0.05589	0.02156	0.00948	0.00289	0.00418	0.01946	0.00739	0.00643
24	0.01430	0.00882	0.01152	0.01020	0.01285	0.00789	0.00783	0.01777	0.02116	0.12262	0.55082	0.04989	0.06057	0.01406	0.00856	0.00230	0.00410	0.01231	0.00826	0.05415
25	0.01789	0.01937	0.03914	0.05667	0.19089	0.01914	0.44024	0.02345	0.01720	0.02380	0.01463	0.01977	0.01147	0.00703	0.00976	0.00254	0.06461	0.00819	0.00376	0.01045
26	0.01567	0.01428	0.02144	0.02962	0.36160	0.03549	0.01612	0.01975	0.03666	0.02451	0.12201	0.16380	0.02977	0.01197	0.00816	0.00243	0.00715	0.03355	0.00535	0.04068
27	0.01895	0.41594	0.11146	0.01629	0.02134	0.05516	0.01588	0.02189	0.01464	0.01872	0.01079	0.01397	0.00979	0.00860	0.01105	0.00222	0.21553	0.00502	0.00329	0.00945
28	0.01877	0.01802	0.03079	0.04656	0.68612	0.01802	0.02328	0.02328	0.01727	0.02478	0.01427	0.01877	0.01201	0.00676	0.00751	0.00225	0.00901	0.00676	0.00375	0.01201
29	0.01362	0.05432	0.40587	0.01657	0.02401	0.01405	0.01937	0.02010	0.01792	0.02583	0.24545	0.03214	0.05846	0.01052	0.00778	0.00237	0.00817	0.00875	0.00513	0.00956
30	0.01084	0.00813	0.01219	0.01219	0.01354	0.00948	0.00948	0.01354	0.01219	0.01761	0.02032	0.02980	0.01896	0.05689	0.70337	0.01219	0.02032	0.00813	0.00406	0.00677
31	0.02605	0.23501	0.02667	0.01768	0.02232	0.51230	0.01418	0.02814	0.01977	0.01836	0.01139	0.01325	0.00976	0.00744	0.00628	0.00186	0.01210	0.00465	0.00372	0.00906
32	0.01222	0.00873	0.01222	0.01397	0.01572	0.00873	0.01222	0.01572	0.01746	0.02270	0.04016	0.08556	0.04365	0.02095	0.01048	0.00349	0.00698	0.63506	0.00698	0.00698
33	0.02761	0.09896	0.02313	0.01895	0.02309	0.64275	0.01451	0.02961	0.02095	0.01850	0.01162	0.01354	0.00977	0.00770	0.00666	0.00192	0.01318	0.00481	0.00385	0.00888
34	0.02107	0.01457	0.01644	0.01427	0.01858	0.01574	0.01130	0.08526	0.38273	0.15617	0.10625	0.03348	0.04784	0.01124	0.00796	0.00251	0.00596	0.02922	0.00805	0.01136
35	0.00999	0.00760	0.00919	0.00906	0.01094	0.00680	0.00669	0.01277	0.01931	0.02593	0.41235	0.13975	0.26670	0.01766	0.00904	0.00252	0.00376	0.01537	0.00778	0.00680
36	0.02980	0.01969	0.02180	0.01672	0.02275	0.02122	0.01381	0.54468	0.03307	0.16761	0.02039	0.01963	0.01399	0.00916	0.00760	0.00229	0.00799	0.00698	0.00792	0.01290
37	0.01858	0.01783	0.03044	0.07541	0.65876	0.01797	0.02318	0.02311	0.01718	0.02455	0.01423	0.01884	0.01193	0.00679	0.00751	0.00226	0.00906	0.00676	0.00374	0.01186
38	0.01617	0.06535	0.64140	0.02096	0.03177	0.01784	0.02676	0.02449	0.01622	0.05069	0.01415	0.01626	0.00998	0.00727	0.00713	0.00237	0.01090	0.00563	0.00345	0.01122
39	0.00964	0.00691	0.00916	0.01029	0.01109	0.00643	0.00707	0.01157	0.01638	0.02232	0.21337	0.54847	0.05590	0.02155	0.00948	0.00289	0.00418	0.01946	0.00739	0.00643
40	0.01521	0.03923	0.69413	0.02162	0.03283	0.01762	0.02802	0.02402	0.01601	0.02402	0.01361	0.01601	0.00961	0.00721	0.00721	0.00240	0.01121	0.00560	0.00320	0.01121
41	0.00924	0.00660	0.00880	0.01056	0.01100	0.00616	0.00704	0.01056	0.01452	0.01936	0.04181	0.72848	0.05017	0.02376	0.00968	0.00308	0.00440	0.02156	0.00704	0.00616
42	0.01573	0.01348	0.01573	0.01123	0.01798	0.01011	0.00899	0.01910	0.01573	0.02472	0.01348	0.01573	0.01123	0.00562	0.00562	0.00112	0.00562	0.00449	0.00449	0.77980
43	0.78701	0.01467	0.01115	0.00997	0.01467	0.01702	0.00821	0.02230	0.01291	0.03403	0.01056	0.01232	0.00821	0.00704	0.00469	0.00235	0.00587	0.00411	0.00469	0.00821
44	0.09792	0.01306	0.01705	0.01320	0.01896	0.01165	0.01090	0.03572	0.02096	0.63560	0.02828	0.02467	0.01788	0.00919	0.00738	0.00235	0.00640	0.00733	0.00899	0.01251
45	0.01103	0.00735	0.00827	0.00827	0.00827	0.00735	0.00460	0.01103	0.01103	0.01471	0.02390	0.04964	0.02758	0.73343	0.03861	0.00735	0.00735	0.01103	0.00460	0.00460
46	0.00952	0.00769	0.00821	0.00837	0.01047	0.00671	0.00619	0.01136	0.01658	0.02022	0.08548	0.09062	0.51686	0.10655	0.01272	0.00323	0.00451	0.06168	0.00678	0.00624
47	0.00923	0.00665	0.00876	0.01044	0.01097	0.00617	0.00699	0.01057	0.01464	0.01941	0.04324	0.70163	0.07610	0.02358	0.00965	0.00306	0.00438	0.02134	0.00704	0.00617
48	0.78701	0.01467	0.01115	0.00997	0.01467	0.01702	0.00821	0.02230	0.01291	0.03403	0.01056	0.01232	0.00821	0.00704	0.00469	0.00235	0.00587	0.00411	0.00469	0.00821
49	0.03403	0.01291	0.01760	0.01350	0.01936	0.01115	0.01115	0.03697	0.02171	0.69137	0.02992	0.02582	0.01878	0.00939	0.00763	0.00235	0.00645	0.00763	0.00939	0.01291
50	0.53798	0.01409	0.01328	0.01114	0.01622	0.01508	0.00918	0.02715	0.01582	0.25143	0.01697	0.01679	0.01171	0.00782	0.00566	0.00235	0.00606	0.00527	0.00625	0.00977
51	0.08575	0.01303	0.01716	0.01325	0.01904	0.01155	0.01095	0.03596	0.02111	0.64622	0.02859	0.02489	0.01805	0.00923	0.00743	0.00235	0.00641	0.00739	0.00907	0.01259
52	0.02150	0.01052	0.01375	0.01155	0.01533	0.00955	0.00915	0.02570	0.05732	0.32476	0.32992	0.04203	0.07110	0.01265	0.00829	0.00239	0.00501	0.01082	0.00872	0.00996
53	0.02452	0.01782	0.01984	0.01492	0.02121	0.01776	0.01222	0.38283	0.02744	0.08852	0.01740	0.01790	0.01275	0.00787	0.00688	0.00187	0.00722	0.00605	0.00661	0.28835
54	0.02635	0.01961	0.02045	0.01605	0.02126	0.04311	0.01299	0.54275	0.03183	0.04282	0.01892	0.02130	0.01444	0.06716	0.00989	0.00264	0.00810	0.00712	0.06154	0.01169
55	0.01612	0.01532	0.02600	0.44518	0.30822	0.01732	0.02196	0.02095	0.01602	0.02156	0.01380	0.01964	0.01088	0.00725	0.00755	0.00242	0.00967	0.00675	0.00353	0.00988
56	0.01724	0.01304	0.01380	0.01221	0.01585	0.03742	0.00951	0.08542	0.21097	0.09453	0.16055	0.04499	0.22619	0.01360	0.00826	0.00246	0.00547	0.01132	0.00765	0.00952
57	0.01247	0.00831	0.01042	0.00982	0.01203	0.00761	0.00738	0.01603	0.03921	0.08265	0.44674	0.11817	0.16774	0.01624	0.00887	0.00248	0.00401	0.01418	0.00807	0.00756
58	0.78701	0.01467	0.01115	0.00997	0.01467	0.01702	0.00821	0.02230	0.01291	0.03403	0.01056	0.01232	0.00821	0.00704	0.00469	0.00235	0.00587	0.00411	0.00469	0.00821
59	0.01194	0.00864	0.01183	0.01342	0.01524	0.00853	0.01166	0.01530	0.01745	0.02251	0.04334	0.08447	0.09915	0.02080	0.01035	0.00341	0.00671	0.58133	0.00699	0.00693
60	0.02833	0.03615	0.02149	0.01954	0.02345	0.70298	0.01466	0.03029	0.02149	0.01856	0.01172	0.01368	0.00977	0.00782	0.00684	0.00195	0.01368	0.00489	0.00391	0.00879
61	0.12467	0.01312	0.01683	0.01307	0.01880	0.01185	0.01080	0.03520	0.02065	0.61224	0.02759	0.02419	0.01750	0.00911	0.00727	0.00235	0.00638	0.00720	0.00882	0.01234
62	0.01521	0.03923	0.69413	0.02162	0.03283	0.01762	0.02802	0.02402	0.01601	0.02402	0.01361	0.01601	0.00961	0.00721	0.00721	0.00240	0.01121	0.00560	0.00320	0.01121
63	0.00943	0.00671	0.00890	0.01058	0.01105	0.00631	0.00712	0.01077	0.01447	0.01928	0.04095	0.67492	0.04892	0.05539	0.01100	0.00329	0.00463	0.04324	0.00693	0.00612
64	0.01170	0.00856	0.01149	0.01296	0.01484	0.00836	0.01118	0.01494	0.01743	0.02234	0.04606	0.08354	0.14646	0.02067	0.01023	0.00334	0.00648	0.53553	0.00699	0.00689
65	0.01573	0.01348	0.01573	0.01123	0.01798	0.01011	0.00899	0.01910	0.01573	0.02472	0.01348	0.01573	0.01123	0.00562	0.00562	0.00112	0.00562	0.00449	0.00449	0.77980
66	0.00923	0.00665	0.00875	0.01043	0.01097	0.00617	0.00698	0.01058	0.01465	0.01941	0.04337	0.69918	0.07846	0.02356	0.00965	0.00306	0.00438	0.02131	0.00704	0.00617
67	0.01090	0.00777	0.01013	0.00964	0.01143	0.00722	0.00730	0.01448	0.02113	0.03004	0.63567	0.05693	0.06881	0.01552	0.00889	0.00241	0.00371	0.03845	0.03242	0.00715
68	0.00966	0.00709	0.00970	0.04935	0.01331	0.00685	0.00783	0.01141	0.01522	0.02042	0.10143	0.62520	0.05000	0.02208	0.00950	0.00298	0.00464	0.02000	0.00696	0.00638
69	0.01887	0.01629	0.01715	0.01544	0.01972	0.01887	0.01201	0.04031	0.67241	0.03173	0.03087	0.02830	0.02315	0.01029	0.00772	0.00257	0.00600	0.00858	0.00772	0.01201
70	0.01597	0.03817	0.66685	0.02129	0.03229	0.01735	0.02734	0.02454	0.01624	0.05093	0.01427	0.01641	0.00998	0.00729	0.00722	0.00240	0.01102	0.00569	0.00345	0.01128
71	0.02924	0.01501	0.01774	0.01422	0.01932	0.05127	0.01153	0.10824	0.06314	0.45071	0.02990	0.05237	0.05538	0.01053	0.00835	0.00240	0.03209	0.00838	0.00834	0.01185
72	0.01601	0.13199	0.56041	0.02051	0.03081	0.01911	0.04888	0.02370	0.01599	0.02322	0.01326	0.01565	0.00975	0.00703	0.00691	0.00226	0.01068	0.00549	0.00327	0.03506
73	0.68207	0.04271	0.01389	0.01265	0.05711	0.01781	0.00956	0.04572	0.01411	0.03334	0.01107	0.01293	0.00868	0.00708	0.00498	0.00231	0.00624	0.00437	0.00469	0.00868
74	0.01490	0.01392	0.02341	0.57297	0.14838	0.01659	0.02092	0.01978	0.01562	0.02040	0.01508	0.02360	0.01226	0.00819	0.00773	0.00254	0.00977	0.04141	0.00363	0.00890
75	0.01953	0.01500	0.01741	0.01306	0.01908	0.01348	0.01054	0.16129	0.02029	0.07097	0.01656	0.04568	0.01359	0.00765	0.00709	0.00162	0.03399	0.00598	0.00554	0.50166
76	0.03286	0.01455	0.05985	0.01400	0.02020	0.01155	0.01220	0.03616	0.02135	0.64969	0.02891	0.02520	0.01820	0.00925	0.00760	0.00235	0.00675	0.00750	0.00900	0.01280
77	0.01059	0.00769	0.00998	0.00953	0.01127	0.00707	0.00710	0.01398	0.02093	0.02944	0.62461	0.09437	0.09275	0.01610	0.00899	0.00243	0.00363	0.01423	0.00823	0.00707
78	0.02833	0.03615	0.02149	0.01954	0.02345	0.70298	0.01466	0.03029	0.02149	0.01856	0.01172	0.01368	0.00977	0.00782	0.00684	0.00195	0.01368	0.00489	0.00391	0.00879
79	0.25181	0.01682	0.01752	0.01392	0.01936	0.01810	0.01147	0.30435	0.02498	0.18925	0.01891	0.01864	0.01314	0.00855	0.00665	0.00229	0.00698	0.00622	0.03976	0.01128
80	0.02883	0.02125	0.02276	0.01745	0.02352	0.02352	0.01442	0.66082	0.03566	0.04780	0.01821	0.01821	0.01290	0.00911	0.00759	0.00228	0.00835	0.00683	0.00759	0.01290
81	0.01101	0.00801	0.01202	0.01202	0.01327	0.00926	0.00926	0.01327	0.01202	0.01728	0.01978	0.02929	0.01853	0.05460	0.65284	0.06972	0.01929	0.00801	0.00401	0.00651
82	0.01083	0.00743	0.00877	0.00893	0.00931	0.00738	0.00554	0.01150	0.01249	0.01672	0.06883	0.10308	0.05766	0.54320	0.06904	0.00666	0.00746	0.03486	0.00517	0.00515
83	0.03004	0.01931	0.02157	0.01654	0.02256	0.02066	0.01366	0.51630	0.03243	0.19689	0.02092	0.01997	0.01426	0.00917	0.00760	0.00229	0.00791	0.00701	0.00800	0.01290
84	0.02718	0.01989	0.02148	0.01670	0.02231	0.02201	0.01374	0.59632	0.03348	0.04526	0.01862	0.01930	0.01353	0.01173	0.04592	0.00280	0.00879	0.00691	0.04172	0.01230
85	0.00910	0.00769	0.00787	0.00783	0.01033	0.00646	0.00587	0.01115	0.01761	0.02125	0.12308	0.07175	0.63632	0.01893	0.00896	0.00255	0.00382	0.01583	0.00714	0.00646
86	0.02833	0.03615	0.02149	0.01954	0.02345	0.70298	0.01466	0.03029	0.02149	0.01856	0.01172	0.01368	0.00977	0.00782	0.00684	0.00195	0.01368	0.00489	0.00391	0.00879
87	0.01573	0.01348	0.01573	0.01123	0.01798	0.01011	0.00899	0.01910	0.01573	0.02472	0.01348	0.01573	0.01123	0.00562	0.00562	0.00112	0.00562	0.00449	0.00449	0.77980
88	0.02596	0.03994	0.07267	0.01313	0.01841	0.01134	0.01159	0.02953	0.02095	0.44117	0.19606	0.03246	0.03130	0.01068	0.00783	0.00234	0.00617	0.00890	0.00838	0.01117
89	0.02057	0.71265	0.03909	0.01322	0.01961	0.05431	0.01304	0.02299	0.01563	0.01787	0.01059	0.01222	0.00974	0.00654	0.00494	0.00163	0.00831	0.00409	0.00327	0.00970
90	0.71731	0.05536	0.01310	0.01049	0.01525	0.04250	0.00871	0.02261	0.01336	0.03258	0.01060	0.01236	0.00835	0.00704	0.00478	0.00229	0.00627	0.00413	0.00459	0.00832
91	0.01827	0.01935	0.03820	0.03631	0.27146	0.01875	0.39397	0.02481	0.05383	0.02488	0.01581	0.02029	0.01233	0.00674	0.00836	0.00245	0.01105	0.00814	0.00402	0.01097
92	0.01414	0.00707	0.00707	0.00707	0.00884	0.00707	0.00530	0.01767	0.01591	0.02828	0.02474	0.02828	0.01944	0.00884	0.00530	0.00177	0.00353	0.00707	0.77554	0.00707
93	0.00924	0.00660	0.00880	0.01056	0.01100	0.00616	0.00704	0.01056	0.01452	0.01936	0.04181	0.72848	0.05017	0.02376	0.00968	0.00308	0.00440	0.02156	0.00704	0.00616
94	0.01560	0.01678	0.03521	0.02629	0.03204	0.01572	0.48558	0.02065	0.01701	0.02299	0.02237	0.20845	0.02177	0.01101	0.00915	0.00270	0.01056	0.01230	0.00469	0.00915
95	0.01521	0.03923	0.69413	0.02162	0.03283	0.01762	0.02802	0.02402	0.01601	0.02402	0.01361	0.01601	0.00961	0.00721	0.00721	0.00240	0.01121	0.00560	0.00320	0.01121
96	0.01858	0.01783	0.03044	0.07541	0.65876	0.01797	0.02318	0.02311	0.01718	0.02455	0.01423	0.01884	0.01193	0.00679	0.00751	0.00226	0.00906	0.00676	0.00374	0.01186
97	0.01084	0.00813	0.01219	0.01219	0.01354	0.00948	0.00948	0.01354	0.01219	0.01761	0.02032	0.02980	0.01896	0.05689	0.70337	0.01219	0.02032	0.00813	0.00406	0.00677
98	0.05226	0.01982	0.02159	0.04677	0.02375	0.02189	0.01403	0.56216	0.03272	0.07274	0.01850	0.01881	0.01312	0.00898	0.00741	0.00227	0.00808	0.00678	0.03598	0.01234
99	0.02010	0.64500	0.08533	0.01437	0.02115	0.04984	0.03383	0.02309	0.01572	0.01850	0.01094	0.01274	0.00978	0.00658	0.00522	0.00172	0.00865	0.00434	0.00328	0.00982
100	0.01733	0.01667	0.02878	0.25840	0.45960	0.01770	0.04729	0.02208	0.01663	0.02305	0.01406	0.01930	0.01139	0.00701	0.00759	0.00235	0.00951	0.00684	0.00364	0.01081
101	0.01168	0.00793	0.00910	0.00890	0.00922	0.00811	0.00532	0.03541	0.01203	0.01615	0.02343	0.04703	0.02641	0.65743	0.08563	0.00752	0.00833	0.01066	0.00467	0.00506
102	0.02458	0.08931	0.02418	0.04661	0.05978	0.02281	0.01489	0.41914	0.04898	0.03778	0.01673	0.01823	0.01265	0.00918	0.00928	0.00234	0.09188	0.00659	0.03349	0.01158
103	0.02056	0.71391	0.03912	0.01320	0.01960	0.05310	0.01304	0.02297	0.01562	0.01787	0.01059	0.01222	0.00974	0.00653	0.00493	0.00163	0.00830	0.00408	0.00327	0.00970
104	0.01397	0.00709	0.00714	0.00714	0.00881	0.00709	0.00526	0.01731	0.01564	0.02753	0.02470	0.02946	0.01989	0.04882	0.00714	0.00208	0.00375	0.00729	0.73300	0.00693
105	0.06682	0.28762	0.02789	0.01626	0.02137	0.26849	0.01373	0.13848	0.02087	0.02433	0.01230	0.01399	0.01024	0.00776	0.00694	0.00197	0.04182	0.00496	0.00434	0.00981
106	0.01103	0.00735	0.00827	0.00827	0.00827	0.00735	0.00460	0.01103	0.01103	0.01471	0.02390	0.04964	0.02758	0.73343	0.03861	0.00735	0.00735	0.01103	0.00460	0.00460
107	0.76325	0.01487	0.01151	0.01021	0.01495	0.01722	0.00841	0.04231	0.01362	0.03446	0.01080	0.01251	0.00836	0.00711	0.00478	0.00234	0.00595	0.00419	0.00478	0.00836
108	0.00923	0.00664	0.00876	0.01046	0.01097	0.00617	0.00699	0.01057	0.01462	0.01940	0.04309	0.70451	0.07331	0.02360	0.00966	0.00306	0.00438	0.02136	0.00704	0.00617
109	0.00937	0.00670	0.00895	0.01071	0.01121	0.00628	0.00727	0.01079	0.01465	0.01951	0.04173	0.69974	0.04988	0.02364	0.00972	0.00310	0.00452	0.04899	0.00704	0.00620
110	0.39101	0.01374	0.01454	0.01183	0.01714	0.01393	0.00976	0.03001	0.01754	0.37973	0.02074	0.01942	0.01377	0.00828	0.00624	0.00235	0.00618	0.00596	0.00716	0.01068
111	0.02833	0.03615	0.02149	0.01954	0.02345	0.70298	0.01466	0.03029	0.02149	0.01856	0.01172	0.01368	0.00977	0.00782	0.00684	0.00195	0.01368	0.00489	0.00391	0.00879
112	0.00924	0.00660	0.00880	0.01056	0.01100	0.00616	0.00704	0.01056	0.01452	0.01936	0.04181	0.72848	0.05017	0.02376	0.00968	0.00308	0.00440	0.02156	0.00704	0.00616
113	0.01084	0.00810	0.01204	0.01204	0.01334	0.00940	0.00929	0.01345	0.01215	0.01750	0.02045	0.03055	0.01929	0.08269	0.67802	0.01201	0.01982	0.00824	0.00408	0.00669
114	0.03403	0.01291	0.01760	0.01350	0.01936	0.01115	0.01115	0.03697	0.02171	0.69137	0.02992	0.02582	0.01878	0.00939	0.00763	0.00235	0.00645	0.00763	0.00939	0.01291
115	0.01414	0.00707	0.00707	0.00707	0.00884	0.00707	0.00530	0.01767	0.01591	0.02828	0.02474	0.02828	0.01944	0.00884	0.00530	0.00177	0.00353	0.00707	0.77554	0.00707
116	0.01521	0.03923	0.69413	0.02162	0.03283	0.01762	0.02802	0.02402	0.01601	0.02402	0.01361	0.01601	0.00961	0.00721	0.00721	0.00240	0.01121	0.00560	0.00320	0.01121
117	0.78701	0.01467	0.01115	0.00997	0.01467	0.01702	0.00821	0.02230	0.01291	0.03403	0.01056	0.01232	0.00821	0.00704	0.00469	0.00235	0.00587	0.00411	0.00469	0.00821
118	0.01855	0.01791	0.03094	0.07490	0.63586	0.01801	0.04569	0.02315	0.01720	0.02453	0.01427	0.01890	0.01191	0.00678	0.00756	0.00228	0.00919	0.00684	0.00374	0.01180
119	0.01922	0.01492	0.01716	0.01254	0.01910	0.01271	0.01013	0.14157	0.01983	0.06591	0.01529	0.01676	0.01197	0.00649	0.00610	0.00141	0.00618	0.00511	0.00535	0.59226
120	0.78701	0.01467	0.01115	0.00997	0.01467	0.01702	0.00821	0.02230	0.01291	0.03403	0.01056	0.01232	0.00821	0.00704	0.00469	0.00235	0.00587	0.00411	0.00469	0.00821
121	0.01872	0.01816	0.03156	0.04575	0.65040	0.01809	0.05837	0.02333	0.01731	0.02475	0.01433	0.01887	0.01199	0.00674	0.00759	0.00227	0.00922	0.00688	0.00376	0.01192
122	0.01074	0.00775	0.01014	0.00954	0.01133	0.00716	0.00716	0.01431	0.02147	0.03042	0.68211	0.05666	0.07157	0.01551	0.00895	0.00239	0.00358	0.01372	0.00835	0.00716
123	0.00914	0.00748	0.00810	0.00856	0.01061	0.00643	0.00628	0.01098	0.01667	0.02031	0.06760	0.22204	0.51692	0.02030	0.00918	0.00271	0.00408	0.03920	0.00704	0.00637
124	0.01521	0.03923	0.69413	0.02162	0.03283	0.01762	0.02802	0.02402	0.01601	0.02402	0.01361	0.01601	0.00961	0.00721	0.00721	0.00240	0.01121	0.00560	0.00320	0.01121
125	0.01061	0.00775	0.00997	0.00941	0.01126	0.00710	0.00706	0.01407	0.02118	0.02972	0.63939	0.05781	0.11473	0.01577	0.00895	0.00240	0.00360	0.01388	0.00826	0.00710
126	0.01537	0.01457	0.02489	0.48852	0.21523	0.01675	0.04051	0.02015	0.01577	0.02094	0.01501	0.05151	0.01244	0.00806	0.00770	0.00248	0.00965	0.00748	0.00365	0.00932
127	0.03403	0.01291	0.01760	0.01350	0.01936	0.01115	0.01115	0.03697	0.02171	0.69137	0.02992	0.02582	0.01878	0.00939	0.00763	0.00235	0.00645	0.00763	0.00939	0.01291
128	0.02143	0.01809	0.02642	0.03452	0.43042	0.01878	0.01913	0.21526	0.02271	0.03202	0.01632	0.01938	0.01289	0.00764	0.00735	0.00222	0.00836	0.00681	0.06838	0.01188
129	0.01588	0.01514	0.02555	0.41560	0.25891	0.01699	0.04703	0.02122	0.03738	0.02181	0.01685	0.02207	0.03740	0.00780	0.00767	0.00244	0.00948	0.00726	0.00380	0.00973
130	0.01432	0.01348	0.02275	0.71520	0.05224	0.01685	0.02107	0.01938	0.01517	0.01938	0.01348	0.02022	0.01011	0.00758	0.00758	0.00253	0.01011	0.00674	0.00337	0.00843
131	0.01820	0.01579	0.01704	0.01611	0.04451	0.01800	0.01202	0.03769	0.60374	0.03072	0.03330	0.03092	0.06674	0.01075	0.00779	0.00256	0.00597	0.00900	0.00752	0.01163
132	0.78701	0.01467	0.01115	0.00997	0.01467	0.01702	0.00821	0.02230	0.01291	0.03403	0.01056	0.01232	0.00821	0.00704	0.00469	0.00235	0.00587	0.00411	0.00469	0.00821
133	0.06614	0.13844	0.28590	0.01802	0.02596	0.02038	0.04506	0.19162	0.02150	0.06698	0.04003	0.01801	0.01330	0.00798	0.00695	0.00225	0.00918	0.00615	0.00501	0.01115
134	0.01804	0.22947	0.12860	0.01806	0.02277	0.08850	0.06501	0.02143	0.01514	0.01959	0.01536	0.01889	0.04744	0.01144	0.03998	0.00282	0.21835	0.00632	0.00361	0.00918
135	0.02883	0.02125	0.02276	0.01745	0.02352	0.02352	0.01442	0.66082	0.03566	0.04780	0.01821	0.01821	0.01290	0.00911	0.00759	0.00228	0.00835	0.00683	0.00759	0.01290
136	0.00933	0.00669	0.00872	0.01031	0.01082	0.00624	0.00685	0.01060	0.01445	0.01915	0.04233	0.66269	0.07623	0.06277	0.01125	0.00329	0.00454	0.02074	0.00691	0.00608
137	0.01066	0.00775	0.01003	0.00946	0.01129	0.00712	0.00710	0.01417	0.02129	0.03000	0.65641	0.05735	0.09754	0.01566	0.00895	0.00239	0.00359	0.01381	0.00829	0.00712
138	0.07887	0.01702	0.01779	0.01535	0.02006	0.01938	0.01216	0.15822	0.48013	0.05561	0.02688	0.02508	0.01992	0.00979	0.00746	0.00249	0.00646	0.00787	0.00752	0.01192
139	0.02636	0.01151	0.01422	0.01150	0.01590	0.01074	0.00931	0.08400	0.02081	0.39478	0.02703	0.02605	0.01851	0.00916	0.00678	0.00213	0.00556	0.00736	0.28751	0.01079
140	0.01019	0.00728	0.00990	0.01165	0.01251	0.00698	0.00870	0.01221	0.01546	0.02043	0.04128	0.52290	0.04808	0.02286	0.00994	0.00321	0.00523	0.21774	0.00702	0.00642
141	0.01432	0.01348	0.02275	0.71520	0.05224	0.01685	0.02107	0.01938	0.01517	0.01938	0.01348	0.02022	0.01011	0.00758	0.00758	0.00253	0.01011	0.00674	0.00337	0.00843
142	0.01932	0.01899	0.02842	0.06283	0.54762	0.06697	0.02139	0.02546	0.08712	0.02490	0.01583	0.01947	0.01298	0.00724	0.00749	0.00227	0.00906	0.00682	0.00417	0.01167
143	0.02172	0.01696	0.01773	0.01548	0.02006	0.04482	0.01215	0.07826	0.52735	0.11330	0.02922	0.02680	0.02146	0.01001	0.00766	0.00250	0.00650	0.00821	0.00777	0.01205
144	0.01016	0.00726	0.00986	0.01161	0.01245	0.00695	0.00864	0.01215	0.01543	0.02039	0.04130	0.53024	0.04816	0.02290	0.00993	0.00321	0.00520	0.21073	0.00702	0.00641
145	0.01728	0.03558	0.59688	0.02069	0.03091	0.01713	0.02580	0.02519	0.01646	0.09510	0.01522	0.01708	0.01060	0.00767	0.00791	0.00243	0.03708	0.00586	0.00387	0.01128
146	0.13886	0.02201	0.17351	0.04173	0.08616	0.07388	0.04259	0.06730	0.01892	0.16162	0.04905	0.02285	0.05163	0.00876	0.00719	0.00234	0.00854	0.00701	0.00555	0.01051
147	0.01610	0.01580	0.02377	0.08939	0.02392	0.02079	0.07456	0.01850	0.01266	0.01907	0.01208	0.01954	0.01141	0.05171	0.02179	0.00334	0.52029	0.00712	0.02994	0.00824
148	0.01084	0.00813	0.01219	0.01219	0.01354	0.00948	0.00948	0.01354	0.01219	0.01761	0.02032	0.02980	0.01896	0.05689	0.70337	0.01219	0.02032	0.00813	0.00406	0.00677
149	0.16605	0.01570	0.01584	0.01204	0.01817	0.05095	0.00967	0.08165	0.01741	0.02837	0.01327	0.01520	0.01073	0.00635	0.00570	0.00151	0.00637	0.00466	0.00480	0.51554
150	0.05210	0.54216	0.16998	0.01482	0.02210	0.05005	0.01587	0.02322	0.01564	0.01980	0.01121	0.01300	0.00965	0.00670	0.00540	0.00182	0.00883	0.00440	0.00332	0.00994
151	0.01862	0.01892	0.05896	0.04550	0.65837	0.01800	0.02348	0.02331	0.01722	0.02475	0.01424	0.01866	0.01191	0.00678	0.00750	0.00226	0.00910	0.00671	0.00373	0.01198
152	0.02684	0.01925	0.02091	0.01637	0.02186	0.02121	0.01343	0.54310	0.05705	0.06798	0.01960	0.02007	0.01420	0.01178	0.04586	0.00281	0.00858	0.00701	0.04989	0.01221
153	0.00951	0.00692	0.00899	0.01031	0.01116	0.00640	0.00714	0.01124	0.01572	0.02093	0.12199	0.56322	0.10983	0.02225	0.00956	0.00297	0.00435	0.04398	0.00720	0.00633
154	0.07563	0.01301	0.01725	0.01330	0.01910	0.01147	0.01099	0.03616	0.02122	0.65506	0.02885	0.02507	0.01819	0.00926	0.00747	0.00235	0.00642	0.00743	0.00913	0.01265
155	0.00941	0.00672	0.00899	0.01075	0.01126	0.00630	0.00733	0.01085	0.01468	0.01955	0.04172	0.69300	0.04981	0.02361	0.00973	0.00310	0.00454	0.05542	0.00704	0.00621
156	0.78701	0.01467	0.01115	0.00997	0.01467	0.01702	0.00821	0.02230	0.01291	0.03403	0.01056	0.01232	0.00821	0.00704	0.00469	0.00235	0.00587	0.00411	0.00469	0.00821
157	0.78701	0.01467	0.01115	0.00997	0.01467	0.01702	0.00821	0.02230	0.01291	0.03403	0.01056	0.01232	0.00821	0.00704	0.00469	0.00235	0.00587	0.00411	0.00469	0.00821
158	0.01887	0.01629	0.01715	0.01544	0.01972	0.01887	0.01201	0.04031	0.67241	0.03173	0.03087	0.02830	0.02315	0.01029	0.00772	0.00257	0.00600	0.00858	0.00772	0.01201
159	0.01103	0.00735	0.00827	0.00827	0.00827	0.00735	0.00460	0.01103	0.01103	0.01471	0.02390	0.04964	0.02758	0.73343	0.03861	0.00735	0.00735	0.01103	0.00460	0.00460
160	0.00940	0.00761	0.00834	0.00834	0.01056	0.00656	0.00619	0.01166	0.01804	0.02271	0.21475	0.12071	0.49120	0.01871	0.00902	0.00256	0.00382	0.01591	0.00735	0.00656
161	0.00922	0.00774	0.00803	0.00811	0.01059	0.00656	0.00618	0.01129	0.01747	0.02101	0.09911	0.07304	0.62317	0.01916	0.00905	0.00261	0.00400	0.05011	0.00709	0.00647
162	0.01790	0.02046	0.04476	0.03197	0.03964	0.01918	0.65857	0.02430	0.01790	0.02430	0.01535	0.02046	0.01151	0.00639	0.00895	0.00256	0.01279	0.00895	0.00384	0.01023
163	0.01930	0.01902	0.03027	0.04506	0.64951	0.05586	0.02280	0.02367	0.01750	0.02444	0.01413	0.01849	0.01189	0.00682	0.00747	0.00224	0.00927	0.00665	0.00376	0.01184
164	0.78701	0.01467	0.01115	0.00997	0.01467	0.01702	0.00821	0.02230	0.01291	0.03403	0.01056	0.01232	0.00821	0.00704	0.00469	0.00235	0.00587	0.00411	0.00469	0.00821
165	0.01899	0.01998	0.06703	0.04401	0.62143	0.04756	0.02317	0.02362	0.01738	0.02447	0.01412	0.01840	0.01178	0.00683	0.00746	0.00225	0.00933	0.00661	0.00373	0.01183
166	0.03403	0.01291	0.01760	0.01350	0.01936	0.01115	0.01115	0.03697	0.02171	0.69137	0.02992	0.02582	0.01878	0.00939	0.00763	0.00235	0.00645	0.00763	0.00939	0.01291
167	0.01877	0.01802	0.03079	0.04656	0.68612	0.01802	0.02328	0.02328	0.01727	0.02478	0.01427	0.01877	0.01201	0.00676	0.00751	0.00225	0.00901	0.00676	0.00375	0.01201
168	0.00951	0.00816	0.00821	0.00811	0.01077	0.00709	0.00611	0.01251	0.05344	0.02111	0.07430	0.07053	0.64663	0.01872	0.00890	0.00256	0.00396	0.01560	0.00708	0.00671
169	0.01659	0.01659	0.02323	0.01991	0.01991	0.02323	0.01659	0.01825	0.01162	0.01825	0.00996	0.01659	0.00996	0.01328	0.02489	0.00332	0.71955	0.00664	0.00332	0.00830
170	0.00906	0.00769	0.00782	0.00779	0.01031	0.00644	0.00584	0.01107	0.01752	0.02104	0.11024	0.07210	0.64930	0.01901	0.00896	0.00255	0.00383	0.01588	0.00712	0.00644
171	0.01222	0.00873	0.01222	0.01397	0.01572	0.00873	0.01222	0.01572	0.01746	0.02270	0.04016	0.08556	0.04365	0.02095	0.01048	0.00349	0.00698	0.63506	0.00698	0.00698
172	0.01573	0.01348	0.01573	0.01123	0.01798	0.01011	0.00899	0.01910	0.01573	0.02472	0.01348	0.01573	0.01123	0.00562	0.00562	0.00112	0.00562	0.00449	0.00449	0.77980
173	0.01471	0.01413	0.02452	0.62314	0.04969	0.01680	0.08011	0.01983	0.01544	0.02005	0.01366	0.02006	0.01029	0.00739	0.00763	0.00247	0.01018	0.00686	0.00346	0.03956
174	0.01521	0.03923	0.69413	0.02162	0.03283	0.01762	0.02802	0.02402	0.01601	0.02402	0.01361	0.01601	0.00961	0.00721	0.00721	0.00240	0.01121	0.00560	0.00320	0.01121
175	0.01103	0.00735	0.00827	0.00827	0.00827	0.00735	0.00460	0.01103	0.01103	0.01471	0.02390	0.04964	0.02758	0.73343	0.03861	0.00735	0.00735	0.01103	0.00460	0.00460
176	0.02916	0.02073	0.02244	0.01720	0.02326	0.02275	0.01421	0.62186	0.03479	0.08799	0.01894	0.01869	0.01327	0.00912	0.00759	0.00228	0.00823	0.00688	0.00770	0.01290
177	0.02418	0.01302	0.01604	0.01313	0.01758	0.01278	0.01053	0.12433	0.10740	0.30770	0.22763	0.03442	0.03459	0.01133	0.00804	0.00238	0.00580	0.00949	0.00859	0.01103
178	0.01414	0.00707	0.00707	0.00707	0.00884	0.00707	0.00530	0.01767	0.01591	0.02828	0.02474	0.02828	0.01944	0.00884	0.00530	0.00177	0.00353	0.00707	0.77554	0.00707
179	0.01573	0.01348	0.01573	0.01123	0.01798	0.01011	0.00899	0.01910	0.01573	0.02472	0.01348	0.01573	0.01123	0.00562	0.00562	0.00112	0.00562	0.00449	0.00449	0.77980
180	0.00924	0.00660	0.00880	0.01056	0.01100	0.00616	0.00704	0.01056	0.01452	0.01936	0.04181	0.72848	0.05017	0.02376	0.00968	0.00308	0.00440	0.02156	0.00704	0.00616
181	0.02613	0.05389	0.02302	0.05795	0.02531	0.52764	0.04127	0.06409	0.04937	0.02099	0.01306	0.01524	0.01062	0.00805	0.00755	0.00209	0.03484	0.00545	0.00420	0.00921
182	0.02133	0.01752	0.01854	0.01593	0.02066	0.02002	0.01260	0.19372	0.51498	0.03570	0.02774	0.02581	0.02062	0.01000	0.00769	0.00250	0.00658	0.00814	0.00769	0.01223
183	0.06803	0.17694	0.05217	0.01777	0.02254	0.50104	0.01451	0.02806	0.01957	0.01950	0.01150	0.01339	0.00967	0.00748	0.00634	0.00193	0.01202	0.00470	0.00379	0.00905
184	0.01813	0.44091	0.31796	0.01665	0.02515	0.02474	0.01938	0.02327	0.01567	0.02047	0.01185	0.01380	0.00968	0.00679	0.00586	0.00195	0.00943	0.00471	0.00323	0.01036
185	0.01830	0.46489	0.29550	0.01636	0.02469	0.02517	0.01886	0.02322	0.01565	0.02026	0.01174	0.01367	0.00968	0.00677	0.00578	0.00193	0.00932	0.00466	0.00323	0.01031
186	0.01062	0.00775	0.00999	0.00943	0.01126	0.00711	0.00707	0.01410	0.02121	0.02980	0.64432	0.05768	0.10975	0.01574	0.00895	0.00240	0.00359	0.01386	0.00827	0.00711
187	0.02833	0.03615	0.02149	0.01954	0.02345	0.70298	0.01466	0.03029	0.02149	0.01856	0.01172	0.01368	0.00977	0.00782	0.00684	0.00195	0.01368	0.00489	0.00391	0.00879
188	0.02569	0.05147	0.02508	0.02539	0.16600	0.43731	0.04147	0.09491	0.02176	0.02319	0.01306	0.01547	0.01065	0.00763	0.00708	0.00207	0.01191	0.00562	0.00424	0.01000
189	0.01318	0.00659	0.00988	0.00988	0.00988	0.00659	0.00659	0.00988	0.00988	0.01318	0.01318	0.02306	0.01318	0.02635	0.02964	0.77931	0.00659	0.00659	0.00329	0.00329
190	0.00924	0.00660	0.00880	0.01056	0.01100	0.00616	0.00704	0.01056	0.01452	0.01936	0.04181	0.72848	0.05017	0.02376	0.00968	0.00308	0.00440	0.02156	0.00704	0.00616
191	0.01841	0.01765	0.03013	0.10154	0.63399	0.01793	0.02310	0.02296	0.01710	0.02434	0.01420	0.01889	0.01186	0.00683	0.00752	0.00228	0.00910	0.00676	0.00372	0.01172
192	0.01640	0.01630	0.02285	0.01965	0.01970	0.02276	0.01635	0.01809	0.01164	0.01823	0.01031	0.01705	0.01027	0.01477	0.04817	0.00362	0.69556	0.00669	0.00334	0.00825
193	0.01101	0.00743	0.00865	0.00865	0.00878	0.00756	0.00507	0.01127	0.01114	0.01499	0.02355	0.04773	0.02675	0.66834	0.10256	0.00782	0.00860	0.01075	0.00454	0.00481
194	0.01516	0.03670	0.62906	0.02072	0.03119	0.01723	0.02624	0.02439	0.05233	0.02430	0.01711	0.01899	0.03751	0.00786	0.00731	0.00242	0.01063	0.00619	0.00361	0.01106
195	0.01076	0.00779	0.01009	0.00967	0.01143	0.00722	0.00729	0.01414	0.02072	0.02905	0.59981	0.05867	0.09306	0.04059	0.01005	0.00262	0.00391	0.04800	0.00809	0.00703
196	0.02587	0.01949	0.02206	0.07846	0.05371	0.02168	0.01482	0.51033	0.07198	0.04247	0.01871	0.01949	0.01355	0.00893	0.00749	0.00229	0.00817	0.00694	0.04140	0.01216
197	0.03349	0.01378	0.01814	0.01391	0.01980	0.01245	0.01149	0.10242	0.02317	0.62385	0.02870	0.02502	0.01816	0.00936	0.00762	0.00234	0.00665	0.00754	0.00920	0.01291
198	0.01573	0.01348	0.01573	0.01123	0.01798	0.01011	0.00899	0.01910	0.01573	0.02472	0.01348	0.01573	0.01123	0.00562	0.00562	0.00112	0.00562	0.00449	0.00449	0.77980
