[name]
unknown

[dist]
# distance from previous block
# <min> <max>
1	9

[block]
# block no. 0 follows, 25 sequences, length 113
# corresponding to MSA columns:
# 9-121
name=unknown_A
#
# <colnr> <probs for GDERKNQSTAVLIFYWHMCP>
#	G	D	E	R	K	N	Q	S	T	A	V	L	I	F	Y	W	H	M	C	P
0	0.01432	0.06777	0.03841	0.01164	0.01456	0.01051	0.00968	0.01810	0.04999	0.08122	0.24883	0.11391	0.13003	0.01666	0.00995	0.04213	0.00546	0.10161	0.00722	0.00800
1	0.21244	0.01281	0.04833	0.07290	0.05163	0.01259	0.01098	0.01916	0.01456	0.08052	0.04776	0.07708	0.01916	0.06868	0.01394	0.13476	0.03003	0.00802	0.05692	0.00775
2	0.05066	0.10602	0.02288	0.13446	0.02636	0.10874	0.01452	0.20900	0.07510	0.05347	0.01924	0.02197	0.03761	0.04236	0.00958	0.00258	0.04255	0.00697	0.00559	0.01036
3	0.01481	0.01196	0.01370	0.01284	0.01576	0.01290	0.00985	0.02682	0.32185	0.03052	0.29889	0.09616	0.04713	0.01424	0.00868	0.00263	0.00503	0.03859	0.00807	0.00955
4	0.00953	0.00681	0.00907	0.01074	0.01126	0.00635	0.00720	0.01099	0.01521	0.02038	0.07536	0.68816	0.05241	0.02386	0.00986	0.00311	0.00446	0.02163	0.00727	0.00635
5	0.01640	0.03841	0.64142	0.02258	0.05315	0.01777	0.02784	0.02504	0.01663	0.04971	0.01457	0.01684	0.01026	0.00744	0.00739	0.00245	0.01120	0.00584	0.00353	0.01155
6	0.04982	0.22213	0.19873	0.05393	0.04777	0.04967	0.01813	0.16300	0.07605	0.02874	0.01540	0.01692	0.01183	0.00788	0.00675	0.00220	0.00925	0.00584	0.00477	0.01116
7	0.01445	0.00723	0.00723	0.00723	0.00903	0.00723	0.00542	0.01807	0.01626	0.02891	0.02529	0.02891	0.01987	0.00903	0.00542	0.00181	0.00361	0.00723	0.77055	0.00723
8	0.01201	0.00776	0.01033	0.01079	0.01222	0.00717	0.00780	0.01444	0.01816	0.07262	0.27687	0.39434	0.05676	0.01995	0.00950	0.00285	0.00446	0.04687	0.00787	0.00722
9	0.02003	0.02242	0.08883	0.03900	0.42280	0.07505	0.13624	0.05511	0.01893	0.02579	0.01471	0.01880	0.01183	0.00709	0.00786	0.00235	0.01046	0.00706	0.00401	0.01165
10	0.01387	0.01130	0.01526	0.04353	0.14890	0.01116	0.01150	0.01908	0.10013	0.04914	0.09870	0.19053	0.22475	0.01576	0.00875	0.00264	0.00571	0.01382	0.00668	0.00878
11	0.00939	0.00725	0.00858	0.00954	0.01094	0.00644	0.00666	0.01108	0.01628	0.02070	0.08156	0.43026	0.30947	0.02205	0.00957	0.00290	0.00423	0.01940	0.00725	0.00644
12	0.02606	0.08272	0.08109	0.02009	0.02487	0.49162	0.03940	0.05630	0.02087	0.02091	0.01237	0.01474	0.01019	0.00823	0.00827	0.00215	0.06129	0.00536	0.00401	0.00947
13	0.02297	0.07203	0.01995	0.04984	0.07620	0.01575	0.01266	0.09953	0.13596	0.22049	0.10952	0.03181	0.07799	0.01077	0.00785	0.00240	0.00669	0.00894	0.00747	0.01120
14	0.02779	0.06340	0.02446	0.02106	0.04927	0.51945	0.04599	0.11333	0.02330	0.02347	0.01310	0.01507	0.01059	0.00800	0.00714	0.00207	0.01278	0.00550	0.00446	0.00979
15	0.02003	0.01649	0.01755	0.01568	0.02014	0.01891	0.01223	0.04104	0.63425	0.06376	0.03151	0.02881	0.02345	0.01048	0.00789	0.00262	0.00616	0.00872	0.00797	0.01232
16	0.05513	0.01462	0.01935	0.01491	0.02088	0.01363	0.03514	0.10288	0.05620	0.53960	0.02822	0.02508	0.01819	0.00943	0.00776	0.00241	0.00700	0.00770	0.00896	0.01290
17	0.01789	0.05327	0.03680	0.02688	0.03156	0.02177	0.36969	0.02232	0.01564	0.02208	0.01327	0.01895	0.01105	0.00932	0.01540	0.00288	0.28993	0.00798	0.00368	0.00965
18	0.01574	0.01342	0.01572	0.01145	0.01801	0.01013	0.00909	0.01908	0.01601	0.02499	0.01526	0.05222	0.01352	0.00669	0.00595	0.00125	0.00568	0.00549	0.00473	0.73558
19	0.01576	0.09384	0.60545	0.02084	0.03149	0.01854	0.02647	0.02400	0.01657	0.02434	0.04328	0.01792	0.01267	0.00769	0.00726	0.00239	0.01086	0.00597	0.00351	0.01115
20	0.02105	0.05088	0.02372	0.05465	0.07482	0.28810	0.06964	0.02436	0.03709	0.02064	0.01780	0.09985	0.01721	0.01121	0.01066	0.00254	0.12234	0.03997	0.00447	0.00901
21	0.01128	0.00752	0.00846	0.00846	0.00846	0.00752	0.00470	0.01128	0.01128	0.01503	0.02443	0.05074	0.02819	0.72751	0.03946	0.00752	0.00752	0.01128	0.00470	0.00470
22	0.00945	0.00675	0.00900	0.01080	0.01125	0.00630	0.00720	0.01080	0.01484	0.01979	0.04274	0.72245	0.05128	0.02429	0.00990	0.00315	0.00450	0.02204	0.00720	0.00630
23	0.02747	0.02170	0.02268	0.07666	0.02607	0.07468	0.01506	0.52720	0.03300	0.04341	0.04241	0.01991	0.01495	0.00932	0.00775	0.00233	0.00892	0.00708	0.00713	0.01225
24	0.00990	0.00707	0.00931	0.01045	0.01122	0.00660	0.00713	0.01177	0.01646	0.02241	0.19876	0.53119	0.05579	0.04996	0.01088	0.00315	0.00441	0.01963	0.00743	0.00649
25	0.01830	0.02092	0.04575	0.03268	0.04052	0.01961	0.65098	0.02484	0.01830	0.02484	0.01569	0.02092	0.01176	0.00654	0.00915	0.00261	0.01307	0.00915	0.00392	0.01046
26	0.02073	0.73217	0.04063	0.01327	0.01990	0.03068	0.01327	0.02322	0.01575	0.01824	0.01078	0.01244	0.00995	0.00663	0.00498	0.00166	0.00829	0.00415	0.00332	0.00995
27	0.33865	0.05636	0.17249	0.01368	0.01995	0.01590	0.01375	0.02463	0.01671	0.13829	0.10207	0.02170	0.01910	0.00874	0.00648	0.00238	0.00719	0.00644	0.00565	0.00985
28	0.01175	0.00821	0.01066	0.01041	0.01235	0.00737	0.00758	0.01457	0.01901	0.05039	0.37730	0.28202	0.05839	0.01766	0.00906	0.00257	0.00423	0.01575	0.00778	0.07294
29	0.03479	0.01320	0.01799	0.01380	0.01979	0.01140	0.01140	0.03779	0.02219	0.68451	0.03059	0.02639	0.01919	0.00960	0.00780	0.00240	0.00660	0.00780	0.00960	0.01320
30	0.03020	0.01564	0.01891	0.01503	0.02070	0.01565	0.01224	0.15770	0.17246	0.41188	0.02849	0.02547	0.01906	0.00975	0.00781	0.00244	0.00687	0.00786	0.00885	0.01298
31	0.01972	0.53003	0.20436	0.01577	0.02353	0.05252	0.01724	0.02385	0.01615	0.01987	0.01162	0.01350	0.00992	0.00687	0.00566	0.00187	0.00931	0.00458	0.00333	0.01030
32	0.01128	0.00752	0.00846	0.00846	0.00846	0.00752	0.00470	0.01128	0.01128	0.01503	0.02443	0.05074	0.02819	0.72751	0.03946	0.00752	0.00752	0.01128	0.00470	0.00470
33	0.01911	0.01663	0.01834	0.04262	0.04978	0.01917	0.01311	0.03966	0.61336	0.03166	0.03017	0.02821	0.02269	0.01026	0.00788	0.00261	0.00642	0.00862	0.00755	0.01214
34	0.03024	0.02049	0.02251	0.01726	0.02343	0.02222	0.01426	0.56458	0.03440	0.14048	0.02034	0.01974	0.01405	0.00935	0.00776	0.00234	0.00825	0.00710	0.00802	0.01319
35	0.00942	0.00684	0.00890	0.01056	0.01118	0.00632	0.00709	0.01082	0.01507	0.01989	0.04564	0.66997	0.10189	0.02391	0.00984	0.00311	0.00445	0.02158	0.00720	0.00632
36	0.01929	0.01666	0.01753	0.01578	0.02016	0.01929	0.01227	0.04120	0.66513	0.03243	0.03156	0.02893	0.02367	0.01052	0.00789	0.00263	0.00614	0.00877	0.00789	0.01227
37	0.01919	0.01842	0.03147	0.04759	0.67914	0.01842	0.02380	0.02380	0.01765	0.02533	0.01458	0.01919	0.01228	0.00691	0.00768	0.00230	0.00921	0.00691	0.00384	0.01228
38	0.01848	0.01589	0.01680	0.01527	0.01941	0.01824	0.01181	0.03875	0.61261	0.03145	0.03378	0.06125	0.04886	0.01146	0.00803	0.00265	0.00598	0.00963	0.00783	0.01180
39	0.00957	0.00684	0.00914	0.01094	0.01145	0.00641	0.00742	0.01101	0.01497	0.01993	0.04267	0.69608	0.05101	0.02417	0.00993	0.00317	0.00461	0.04716	0.00720	0.00633
40	0.01108	0.00831	0.01246	0.01246	0.01385	0.00969	0.00969	0.01385	0.01246	0.01800	0.02077	0.03046	0.01938	0.05815	0.69678	0.01246	0.02077	0.00831	0.00415	0.00692
41	0.02073	0.73217	0.04063	0.01327	0.01990	0.03068	0.01327	0.02322	0.01575	0.01824	0.01078	0.01244	0.00995	0.00663	0.00498	0.00166	0.00829	0.00415	0.00332	0.00995
42	0.00952	0.00682	0.00893	0.01059	0.01109	0.00636	0.00704	0.01083	0.01479	0.01962	0.04323	0.66922	0.07297	0.05519	0.01118	0.00332	0.00461	0.02136	0.00709	0.00624
43	0.01729	0.01806	0.03046	0.04929	0.02773	0.02224	0.21092	0.02059	0.01397	0.02059	0.01199	0.01831	0.01067	0.01121	0.01982	0.00313	0.47359	0.00751	0.00356	0.00909
44	0.01919	0.01842	0.03147	0.04759	0.67914	0.01842	0.02380	0.02380	0.01765	0.02533	0.01458	0.01919	0.01228	0.00691	0.00768	0.00230	0.00921	0.00691	0.00384	0.01228
45	0.03275	0.01481	0.01879	0.01459	0.02049	0.01401	0.01199	0.13547	0.07404	0.53360	0.02877	0.02536	0.01859	0.00962	0.00780	0.00241	0.00687	0.00774	0.00917	0.01312
46	0.01694	0.01999	0.08984	0.02524	0.02988	0.02012	0.30111	0.02157	0.01561	0.02246	0.04274	0.02102	0.01400	0.01175	0.04237	0.00328	0.28056	0.00813	0.00388	0.00951
47	0.01602	0.03607	0.56830	0.02427	0.08802	0.01775	0.05742	0.02426	0.01656	0.02467	0.01405	0.01682	0.01020	0.00721	0.00740	0.00239	0.01107	0.00594	0.00342	0.04816
48	0.01594	0.01386	0.01724	0.01248	0.01917	0.01063	0.03994	0.01945	0.01614	0.02504	0.01495	0.04265	0.01298	0.00647	0.00606	0.00129	0.00605	0.00546	0.00466	0.70952
49	0.11964	0.01477	0.04766	0.01528	0.04154	0.01291	0.04438	0.05249	0.02069	0.37575	0.11482	0.02738	0.02380	0.00964	0.00757	0.00235	0.00678	0.00800	0.00780	0.04675
50	0.33081	0.19651	0.05603	0.01436	0.04187	0.02096	0.01238	0.02194	0.01422	0.02659	0.01225	0.01513	0.01030	0.00826	0.00852	0.00232	0.12268	0.00505	0.07082	0.00900
51	0.01594	0.01035	0.01268	0.01178	0.01409	0.01120	0.00910	0.10012	0.05066	0.05592	0.02365	0.03280	0.02079	0.09949	0.25808	0.03186	0.01133	0.03762	0.18449	0.00805
52	0.01841	0.01766	0.02768	0.06593	0.52252	0.04199	0.02104	0.02360	0.04904	0.02527	0.04902	0.02559	0.04081	0.00851	0.00789	0.00238	0.00876	0.02802	0.00447	0.01141
53	0.75491	0.01524	0.01183	0.01047	0.01532	0.01764	0.00863	0.04571	0.01404	0.03530	0.01108	0.01281	0.00857	0.00727	0.00491	0.00240	0.00609	0.00430	0.00491	0.00857
54	0.02947	0.02172	0.02327	0.01784	0.02404	0.02404	0.01474	0.65329	0.03646	0.04887	0.01862	0.01862	0.01319	0.00931	0.00776	0.00233	0.00853	0.00698	0.00776	0.01319
55	0.01587	0.01357	0.01586	0.01146	0.01816	0.01021	0.00913	0.01926	0.01604	0.02510	0.01467	0.03779	0.01271	0.00631	0.00587	0.00121	0.00570	0.00513	0.00467	0.75128
56	0.00945	0.00675	0.00900	0.01080	0.01125	0.00630	0.00720	0.01080	0.01484	0.01979	0.04274	0.72245	0.05128	0.02429	0.00990	0.00315	0.00450	0.02204	0.00720	0.00630
57	0.02156	0.19660	0.14301	0.01626	0.05171	0.01777	0.01495	0.02722	0.07282	0.18872	0.07774	0.04470	0.02045	0.00914	0.00705	0.00217	0.00758	0.00731	0.00596	0.06727
58	0.01794	0.02342	0.12948	0.03130	0.03961	0.01940	0.56976	0.02480	0.01805	0.02480	0.01546	0.02032	0.01151	0.00664	0.00892	0.00259	0.01286	0.00870	0.00384	0.01059
59	0.00945	0.00675	0.00900	0.01080	0.01125	0.00630	0.00720	0.01080	0.01484	0.01979	0.04274	0.72245	0.05128	0.02429	0.00990	0.00315	0.00450	0.02204	0.00720	0.00630
60	0.01220	0.00824	0.01081	0.01037	0.01238	0.00761	0.00796	0.01565	0.02109	0.06290	0.53139	0.08951	0.08854	0.01658	0.00926	0.00258	0.00419	0.07286	0.00835	0.00753
61	0.01081	0.00792	0.01014	0.00958	0.01148	0.00725	0.00719	0.01431	0.02156	0.03017	0.62090	0.05943	0.12788	0.01619	0.00915	0.00245	0.00368	0.01423	0.00841	0.00725
62	0.01675	0.17460	0.52706	0.02167	0.06391	0.02051	0.02539	0.02425	0.01632	0.02336	0.01333	0.01574	0.00997	0.00720	0.00691	0.00229	0.01072	0.00548	0.00331	0.01121
63	0.02829	0.09389	0.02350	0.01943	0.02364	0.64186	0.01484	0.03033	0.02146	0.01892	0.01189	0.01386	0.00998	0.00788	0.00683	0.00197	0.01352	0.00492	0.00394	0.00907
64	0.01128	0.00752	0.00846	0.00846	0.00846	0.00752	0.00470	0.01128	0.01128	0.01503	0.02443	0.05074	0.02819	0.72751	0.03946	0.00752	0.00752	0.01128	0.00470	0.00470
65	0.02073	0.73217	0.04063	0.01327	0.01990	0.03068	0.01327	0.02322	0.01575	0.01824	0.01078	0.01244	0.00995	0.00663	0.00498	0.00166	0.00829	0.00415	0.00332	0.00995
66	0.01586	0.06570	0.63738	0.02218	0.03331	0.01855	0.05263	0.02452	0.01642	0.02433	0.01387	0.01640	0.00990	0.00731	0.00735	0.00243	0.01140	0.00580	0.00330	0.01136
67	0.01555	0.04011	0.68733	0.02210	0.03356	0.01801	0.02865	0.02455	0.01637	0.02455	0.01391	0.01637	0.00982	0.00737	0.00737	0.00246	0.01146	0.00573	0.00327	0.01146
68	0.01830	0.02092	0.04575	0.03268	0.04052	0.01961	0.65098	0.02484	0.01830	0.02484	0.01569	0.02092	0.01176	0.00654	0.00915	0.00261	0.01307	0.00915	0.00392	0.01046
69	0.00916	0.00785	0.00785	0.00785	0.01047	0.00655	0.00589	0.01113	0.01767	0.02095	0.07855	0.07462	0.67599	0.01964	0.00916	0.00262	0.00393	0.01636	0.00720	0.00655
70	0.01347	0.00673	0.01010	0.01010	0.01010	0.00673	0.00673	0.01010	0.01010	0.01347	0.01347	0.02357	0.01347	0.02694	0.03030	0.77441	0.00673	0.00673	0.00337	0.00337
71	0.01830	0.02092	0.04575	0.03268	0.04052	0.01961	0.65098	0.02484	0.01830	0.02484	0.01569	0.02092	0.01176	0.00654	0.00915	0.00261	0.01307	0.00915	0.00392	0.01046
72	0.01567	0.03928	0.65969	0.02256	0.03386	0.01808	0.05547	0.02457	0.01645	0.02457	0.01399	0.01657	0.00991	0.00733	0.00744	0.00246	0.01153	0.00588	0.00330	0.01142
73	0.00945	0.00675	0.00900	0.01080	0.01125	0.00630	0.00720	0.01080	0.01484	0.01979	0.04274	0.72245	0.05128	0.02429	0.00990	0.00315	0.00450	0.02204	0.00720	0.00630
74	0.01555	0.04011	0.68733	0.02210	0.03356	0.01801	0.02865	0.02455	0.01637	0.02455	0.01391	0.01637	0.00982	0.00737	0.00737	0.00246	0.01146	0.00573	0.00327	0.01146
75	0.00943	0.00680	0.00895	0.01067	0.01121	0.00631	0.00714	0.01081	0.01497	0.01984	0.04432	0.69385	0.07886	0.02409	0.00986	0.00313	0.00447	0.02179	0.00720	0.00631
76	0.01817	0.02184	0.07681	0.03217	0.04019	0.01953	0.62086	0.02482	0.01821	0.02482	0.01560	0.02070	0.01167	0.00658	0.00906	0.00261	0.01299	0.00898	0.00389	0.01051
77	0.02896	0.03695	0.02197	0.01998	0.02397	0.69638	0.01498	0.03096	0.02197	0.01898	0.01199	0.01398	0.00999	0.00799	0.00699	0.00200	0.01398	0.00499	0.00400	0.00899
78	0.02316	0.09129	0.07111	0.01927	0.07131	0.19019	0.01516	0.17898	0.09827	0.02891	0.01821	0.02277	0.01518	0.04601	0.00896	0.00249	0.00961	0.03599	0.00545	0.04767
79	0.03012	0.01380	0.01779	0.01358	0.01969	0.01205	0.01113	0.05775	0.05241	0.49789	0.02684	0.02417	0.01765	0.00886	0.00739	0.00216	0.00648	0.00718	0.00845	0.16462
80	0.01301	0.00833	0.01085	0.01012	0.01228	0.00758	0.00762	0.01634	0.02118	0.09150	0.53280	0.10885	0.09741	0.01613	0.00908	0.00250	0.00402	0.01419	0.00846	0.00775
81	0.00969	0.00699	0.00924	0.01095	0.01162	0.00653	0.00759	0.01126	0.01524	0.02014	0.04431	0.63693	0.08072	0.02382	0.00993	0.00316	0.00470	0.07359	0.00719	0.00638
82	0.01928	0.01890	0.08419	0.09735	0.29066	0.01754	0.08251	0.02763	0.14075	0.07812	0.02031	0.02494	0.01608	0.00858	0.00800	0.00250	0.00901	0.03702	0.00514	0.01150
83	0.01709	0.04396	0.02490	0.02024	0.02156	0.05653	0.07576	0.01935	0.01332	0.01925	0.01302	0.04916	0.01279	0.01607	0.07025	0.00383	0.50307	0.00760	0.00369	0.00854
84	0.01128	0.00752	0.00846	0.00846	0.00846	0.00752	0.00470	0.01128	0.01128	0.01503	0.02443	0.05074	0.02819	0.72751	0.03946	0.00752	0.00752	0.01128	0.00470	0.00470
85	0.01815	0.02769	0.28468	0.03189	0.27483	0.04883	0.08080	0.02629	0.08366	0.02543	0.01605	0.01902	0.01235	0.00747	0.00768	0.00241	0.01033	0.00676	0.00405	0.01165
86	0.02114	0.04965	0.14223	0.02321	0.10659	0.18537	0.07348	0.09813	0.06833	0.02624	0.04594	0.05589	0.01671	0.00937	0.00855	0.00239	0.04387	0.00757	0.00488	0.01048
87	0.02996	0.01356	0.01732	0.01379	0.01907	0.01263	0.01125	0.10654	0.04825	0.48399	0.03188	0.03222	0.05423	0.04741	0.00963	0.00273	0.00674	0.03788	0.00882	0.01209
88	0.01060	0.00816	0.00972	0.00928	0.01146	0.00740	0.00697	0.01421	0.03942	0.02766	0.45196	0.06278	0.27802	0.01699	0.00911	0.00251	0.00382	0.01467	0.00806	0.00720
89	0.15234	0.25390	0.18761	0.05055	0.05864	0.02296	0.01732	0.12615	0.01892	0.02807	0.01316	0.01516	0.01032	0.00741	0.00625	0.00217	0.00884	0.00527	0.00432	0.01063
90	0.10059	0.06206	0.24820	0.02603	0.08704	0.01869	0.26233	0.02370	0.01677	0.02530	0.01548	0.05038	0.01254	0.00774	0.00779	0.00249	0.01081	0.00764	0.00392	0.01050
91	0.06476	0.01251	0.01647	0.01296	0.01834	0.01104	0.01060	0.03361	0.02154	0.56098	0.09180	0.03116	0.05731	0.01058	0.00786	0.00241	0.00616	0.00865	0.00916	0.01210
92	0.01347	0.00912	0.01144	0.01144	0.01337	0.00896	0.00833	0.01874	0.11379	0.07972	0.24494	0.34777	0.05167	0.01832	0.00918	0.00278	0.00464	0.01632	0.00793	0.00807
93	0.02208	0.01694	0.05074	0.04760	0.02203	0.01679	0.03659	0.26398	0.09792	0.10908	0.06003	0.08648	0.07819	0.04381	0.00959	0.00273	0.00743	0.00986	0.00723	0.01089
94	0.02142	0.63622	0.03850	0.01540	0.04938	0.09184	0.01389	0.02396	0.01641	0.01862	0.01106	0.01288	0.01006	0.00677	0.00528	0.00172	0.00886	0.00435	0.00340	0.00996
95	0.04536	0.18652	0.22458	0.01861	0.05442	0.01994	0.04087	0.02655	0.15667	0.02534	0.04390	0.02692	0.01875	0.00953	0.00731	0.00242	0.00863	0.06813	0.00496	0.01060
96	0.05725	0.05469	0.08058	0.01517	0.02025	0.04140	0.01308	0.03246	0.31623	0.12104	0.02748	0.08619	0.02238	0.01100	0.00767	0.00251	0.00697	0.03134	0.00694	0.04536
97	0.00979	0.00741	0.00909	0.01034	0.01144	0.00689	0.00711	0.01213	0.04248	0.02058	0.05034	0.54766	0.19092	0.02267	0.00965	0.00301	0.00444	0.02021	0.00723	0.00660
98	0.05552	0.01742	0.04764	0.01725	0.05232	0.01835	0.01346	0.11536	0.40964	0.05686	0.02824	0.05754	0.02251	0.01100	0.00792	0.00262	0.00682	0.04051	0.00732	0.01170
99	0.01051	0.00908	0.03924	0.01038	0.01225	0.00752	0.00807	0.01291	0.01701	0.02247	0.18351	0.23383	0.20987	0.10891	0.01325	0.00342	0.00513	0.07896	0.00699	0.00669
100	0.01127	0.04264	0.04076	0.01096	0.01268	0.00888	0.00822	0.03877	0.01580	0.02068	0.04185	0.44543	0.13496	0.11393	0.01325	0.00351	0.00546	0.01762	0.00654	0.00681
101	0.01877	0.14473	0.27835	0.01704	0.02440	0.04360	0.01821	0.06996	0.04927	0.06463	0.03923	0.02220	0.04397	0.03578	0.00906	0.00244	0.04012	0.00671	0.00473	0.06680
102	0.01810	0.20231	0.42656	0.02250	0.10326	0.02079	0.02361	0.02476	0.01664	0.05364	0.01401	0.01621	0.01057	0.00724	0.00685	0.00224	0.01022	0.00558	0.00364	0.01127
103	0.01805	0.16349	0.40462	0.01916	0.02779	0.05051	0.02206	0.06803	0.04215	0.02517	0.04607	0.01820	0.01368	0.00820	0.00785	0.00233	0.04165	0.00605	0.00406	0.01089
104	0.01589	0.09308	0.57705	0.02132	0.03181	0.01862	0.05436	0.02402	0.01665	0.02435	0.04295	0.01810	0.01272	0.00765	0.00733	0.00240	0.01093	0.00612	0.00354	0.01111
105	0.05550	0.16899	0.36586	0.01770	0.02602	0.01850	0.03897	0.02231	0.01671	0.02423	0.07216	0.02409	0.04102	0.00886	0.00710	0.00229	0.00924	0.03227	0.00418	0.04400
106	0.01966	0.23914	0.30490	0.01911	0.05950	0.04196	0.01996	0.05471	0.01812	0.07790	0.03951	0.02031	0.01449	0.00824	0.00690	0.00223	0.00950	0.02858	0.00440	0.01089
107	0.04241	0.26005	0.25032	0.04816	0.02510	0.02092	0.01788	0.07392	0.01845	0.05407	0.07309	0.02192	0.04577	0.00866	0.00680	0.00219	0.00874	0.00659	0.00461	0.01038
108	0.05490	0.10669	0.46963	0.01947	0.02887	0.01931	0.02328	0.07123	0.01779	0.05333	0.01627	0.01809	0.03002	0.00807	0.00765	0.00239	0.03180	0.00602	0.00407	0.01112
109	0.16460	0.20776	0.25999	0.06512	0.04997	0.05096	0.01852	0.02333	0.01611	0.02468	0.04445	0.01694	0.01278	0.00760	0.00637	0.00222	0.00918	0.00552	0.00390	0.01001
110	0.08190	0.27452	0.25855	0.04332	0.04992	0.02223	0.03767	0.02490	0.06838	0.02373	0.01405	0.01608	0.01110	0.00726	0.00638	0.00214	0.00918	0.00544	0.00388	0.03938
111	0.08178	0.19054	0.29257	0.01643	0.02409	0.01927	0.01818	0.04725	0.04347	0.07541	0.10128	0.02189	0.01937	0.00865	0.00690	0.00226	0.00857	0.00664	0.00491	0.01054
112	0.17430	0.13928	0.32112	0.01819	0.05395	0.01933	0.01933	0.05323	0.01718	0.06117	0.04542	0.01771	0.01332	0.00781	0.00660	0.00230	0.00899	0.00578	0.00440	0.01061

[dist]
# distance from previous block
# <min> <max>
1	34

[block]
# block no. 1 follows, 25 sequences, length 10
# corresponding to MSA columns:
# 156-165
name=unknown_B
#
# <colnr> <probs for GDERKNQSTAVLIFYWHMCP>
#	G	D	E	R	K	N	Q	S	T	A	V	L	I	F	Y	W	H	M	C	P
0	0.01826	0.20872	0.40210	0.01880	0.02774	0.06332	0.02183	0.05492	0.04357	0.02399	0.01629	0.01797	0.03471	0.00789	0.00685	0.00224	0.01020	0.00586	0.00387	0.01087
1	0.01796	0.09943	0.34372	0.02005	0.06315	0.12710	0.02040	0.02406	0.04218	0.02277	0.05574	0.02104	0.01565	0.04821	0.01002	0.03769	0.01031	0.00651	0.00401	0.01000
2	0.01814	0.20918	0.35391	0.02000	0.02881	0.02036	0.10570	0.02446	0.01718	0.06433	0.05556	0.01919	0.01464	0.00774	0.00714	0.00227	0.01009	0.00643	0.00409	0.01079
3	0.10447	0.13956	0.33606	0.01816	0.04745	0.01909	0.01964	0.06285	0.04176	0.04307	0.04327	0.02146	0.05458	0.00859	0.00694	0.00233	0.00900	0.00656	0.00452	0.01062
4	0.01629	0.10223	0.42169	0.02386	0.13249	0.01803	0.02363	0.02307	0.01650	0.02382	0.01614	0.04838	0.01364	0.00848	0.00735	0.00236	0.00998	0.03558	0.00378	0.05269
5	0.01635	0.06686	0.32959	0.09149	0.03038	0.06922	0.06839	0.02245	0.01693	0.02299	0.02076	0.02310	0.08306	0.00850	0.00739	0.00227	0.01000	0.00700	0.00398	0.09929
6	0.01758	0.10091	0.16154	0.01657	0.04640	0.04308	0.01525	0.07666	0.04871	0.02583	0.04491	0.05528	0.05213	0.00933	0.00804	0.00208	0.04803	0.00726	0.00490	0.21550
7	0.01788	0.01529	0.04493	0.13712	0.06911	0.01374	0.01358	0.06677	0.06398	0.06766	0.04441	0.02269	0.03777	0.00799	0.00695	0.00191	0.00710	0.00667	0.02113	0.33331
8	0.01562	0.01919	0.14725	0.26253	0.18649	0.01666	0.02097	0.02139	0.03713	0.02318	0.05792	0.05266	0.01820	0.00968	0.00898	0.00260	0.04942	0.03598	0.00428	0.00987
9	0.01819	0.01861	0.04411	0.09237	0.05427	0.10379	0.19264	0.04727	0.08556	0.03738	0.02268	0.13393	0.02105	0.01198	0.00948	0.03394	0.00973	0.04842	0.00522	0.00938

[dist]
# distance from previous block
# <min> <max>
2	17

[block]
# block no. 2 follows, 25 sequences, length 29
# corresponding to MSA columns:
# 183-211
name=unknown_C
#
# <colnr> <probs for GDERKNQSTAVLIFYWHMCP>
#	G	D	E	R	K	N	Q	S	T	A	V	L	I	F	Y	W	H	M	C	P
0	0.06940	0.12230	0.21543	0.01714	0.02458	0.02015	0.01747	0.19319	0.02216	0.13521	0.01703	0.01780	0.01223	0.00831	0.00773	0.00228	0.03813	0.00607	0.00563	0.04776
1	0.04564	0.18958	0.15442	0.06028	0.04742	0.10503	0.01638	0.02549	0.01834	0.13164	0.07135	0.02512	0.01895	0.00926	0.00715	0.00227	0.00899	0.04728	0.00518	0.01021
2	0.22526	0.11016	0.21472	0.03402	0.02256	0.01745	0.01576	0.05003	0.01736	0.10205	0.07709	0.04730	0.01813	0.00901	0.00671	0.00236	0.00790	0.00683	0.00523	0.01005
3	0.12528	0.05578	0.14003	0.04184	0.02239	0.01676	0.01458	0.15079	0.05194	0.12962	0.09084	0.06405	0.02170	0.01005	0.00737	0.00239	0.00753	0.00801	0.00639	0.03268
4	0.06326	0.23285	0.41576	0.06797	0.02999	0.02151	0.02256	0.02373	0.01594	0.02304	0.01283	0.01534	0.00981	0.00718	0.00656	0.00224	0.01015	0.00527	0.00339	0.01064
5	0.11964	0.32520	0.12063	0.01791	0.07004	0.06271	0.04721	0.06468	0.01761	0.02434	0.01641	0.01816	0.05043	0.00786	0.00624	0.00208	0.00882	0.00580	0.00414	0.01010
6	0.05298	0.08165	0.01477	0.01196	0.01383	0.10266	0.00881	0.01638	0.01388	0.01815	0.02111	0.08752	0.02216	0.26491	0.22930	0.00713	0.01220	0.00935	0.00451	0.00677
7	0.02542	0.01950	0.02096	0.01694	0.02235	0.02187	0.01373	0.43182	0.23139	0.04227	0.02276	0.02240	0.01675	0.01202	0.04074	0.00291	0.00837	0.00760	0.00763	0.01260
8	0.10623	0.49675	0.18105	0.01488	0.02238	0.02635	0.01613	0.02347	0.01560	0.02153	0.01148	0.01333	0.00975	0.00686	0.00549	0.00192	0.00873	0.00450	0.00348	0.01011
9	0.01730	0.09704	0.53429	0.02187	0.03205	0.07642	0.06720	0.02500	0.01692	0.02357	0.01360	0.01614	0.00997	0.00730	0.00725	0.00236	0.01151	0.00576	0.00338	0.01106
10	0.02073	0.73217	0.04063	0.01327	0.01990	0.03068	0.01327	0.02322	0.01575	0.01824	0.01078	0.01244	0.00995	0.00663	0.00498	0.00166	0.00829	0.00415	0.00332	0.00995
11	0.02947	0.02172	0.02327	0.01784	0.02404	0.02404	0.01474	0.65329	0.03646	0.04887	0.01862	0.01862	0.01319	0.00931	0.00776	0.00233	0.00853	0.00698	0.00776	0.01319
12	0.02073	0.73217	0.04063	0.01327	0.01990	0.03068	0.01327	0.02322	0.01575	0.01824	0.01078	0.01244	0.00995	0.00663	0.00498	0.00166	0.00829	0.00415	0.00332	0.00995
13	0.00994	0.00742	0.00924	0.00978	0.01120	0.00672	0.00696	0.01226	0.01803	0.02414	0.27955	0.34050	0.19543	0.02022	0.00946	0.00278	0.00407	0.01790	0.00768	0.00672
14	0.02073	0.73217	0.04063	0.01327	0.01990	0.03068	0.01327	0.02322	0.01575	0.01824	0.01078	0.01244	0.00995	0.00663	0.00498	0.00166	0.00829	0.00415	0.00332	0.00995
15	0.01128	0.00752	0.00846	0.00846	0.00846	0.00752	0.00470	0.01128	0.01128	0.01503	0.02443	0.05074	0.02819	0.72751	0.03946	0.00752	0.00752	0.01128	0.00470	0.00470
16	0.02073	0.73217	0.04063	0.01327	0.01990	0.03068	0.01327	0.02322	0.01575	0.01824	0.01078	0.01244	0.00995	0.00663	0.00498	0.00166	0.00829	0.00415	0.00332	0.00995
17	0.01085	0.00792	0.01020	0.00963	0.01151	0.00727	0.00722	0.01440	0.02167	0.03042	0.63575	0.05902	0.11288	0.01610	0.00915	0.00245	0.00368	0.01418	0.00845	0.00727
18	0.02118	0.69456	0.03962	0.01363	0.02012	0.06670	0.01336	0.02364	0.01609	0.01828	0.01084	0.01252	0.00995	0.00671	0.00508	0.00168	0.00860	0.00419	0.00335	0.00990
19	0.03167	0.01424	0.02069	0.02056	0.15168	0.01280	0.01388	0.03499	0.02128	0.55266	0.02739	0.02495	0.01781	0.00906	0.00777	0.00238	0.00712	0.00762	0.00844	0.01301
20	0.00988	0.00693	0.00887	0.01024	0.01059	0.00659	0.00661	0.01091	0.01400	0.01867	0.03842	0.56396	0.04583	0.19021	0.01687	0.00418	0.00521	0.01950	0.00661	0.00592
21	0.01555	0.04011	0.68733	0.02210	0.03356	0.01801	0.02865	0.02455	0.01637	0.02455	0.01391	0.01637	0.00982	0.00737	0.00737	0.00246	0.01146	0.00573	0.00327	0.01146
22	0.01874	0.01925	0.06426	0.08488	0.60988	0.01833	0.02391	0.02360	0.01746	0.02497	0.01450	0.01913	0.01204	0.00698	0.00766	0.00233	0.00939	0.00685	0.00379	0.01203
23	0.01580	0.01774	0.07977	0.37003	0.09900	0.01739	0.19667	0.02136	0.01649	0.02204	0.01614	0.06267	0.01333	0.00831	0.00824	0.00259	0.01073	0.00835	0.00382	0.00952
24	0.02041	0.02725	0.31267	0.02011	0.02828	0.01811	0.08262	0.08143	0.18355	0.11488	0.02113	0.02150	0.01503	0.00853	0.00776	0.00250	0.00940	0.00721	0.00570	0.01193
25	0.01979	0.01976	0.03152	0.04507	0.60578	0.06315	0.05286	0.02432	0.01797	0.02489	0.01447	0.01893	0.01211	0.00696	0.00770	0.00230	0.00971	0.00689	0.00385	0.01198
26	0.01742	0.02061	0.07987	0.10329	0.07225	0.01865	0.48865	0.02365	0.01771	0.02410	0.01645	0.04977	0.01317	0.00747	0.00885	0.00261	0.01213	0.00913	0.00396	0.01024
27	0.02013	0.01875	0.02991	0.11076	0.51573	0.05462	0.04777	0.02464	0.01796	0.06287	0.01534	0.01955	0.01234	0.00719	0.00771	0.00233	0.00959	0.00695	0.00415	0.01171
28	0.01965	0.01772	0.03095	0.05914	0.40180	0.01763	0.14245	0.06039	0.01882	0.05898	0.01747	0.02441	0.01463	0.00867	0.00885	0.02581	0.00961	0.04715	0.00456	0.01131

[dist]
# distance from previous block
# <min> <max>
6	11

[block]
# block no. 3 follows, 25 sequences, length 32
# corresponding to MSA columns:
# 223-254
name=unknown_D
#
# <colnr> <probs for GDERKNQSTAVLIFYWHMCP>
#	G	D	E	R	K	N	Q	S	T	A	V	L	I	F	Y	W	H	M	C	P
0	0.12954	0.01805	0.02535	0.05082	0.29798	0.04484	0.06491	0.08950	0.05684	0.02833	0.01706	0.06635	0.01482	0.00905	0.00862	0.00248	0.05210	0.00775	0.00483	0.01080
1	0.26438	0.01379	0.05511	0.10623	0.02066	0.01344	0.01135	0.02117	0.05228	0.07732	0.14347	0.05608	0.08267	0.01172	0.00812	0.03252	0.00634	0.00881	0.00598	0.00856
2	0.01437	0.01253	0.06270	0.01196	0.01548	0.01058	0.00996	0.02104	0.13204	0.06808	0.27299	0.07603	0.12122	0.05623	0.01035	0.00277	0.00539	0.02828	0.00734	0.06068
3	0.17199	0.01421	0.01606	0.01243	0.01819	0.01300	0.03423	0.04530	0.06551	0.02921	0.08386	0.02099	0.01829	0.00762	0.00627	0.00175	0.00600	0.00608	0.00539	0.42364
4	0.02947	0.02172	0.02327	0.01784	0.02404	0.02404	0.01474	0.65329	0.03646	0.04887	0.01862	0.01862	0.01319	0.00931	0.00776	0.00233	0.00853	0.00698	0.00776	0.01319
5	0.01540	0.03612	0.59115	0.02267	0.07179	0.01716	0.02660	0.02369	0.01691	0.02514	0.06817	0.01995	0.01517	0.00803	0.00753	0.00244	0.01068	0.00648	0.00374	0.01117
6	0.01086	0.00792	0.01021	0.00964	0.01152	0.00727	0.00723	0.01442	0.02169	0.03047	0.63851	0.05894	0.11009	0.01608	0.00915	0.00245	0.00367	0.01417	0.00845	0.00727
7	0.02073	0.73217	0.04063	0.01327	0.01990	0.03068	0.01327	0.02322	0.01575	0.01824	0.01078	0.01244	0.00995	0.00663	0.00498	0.00166	0.00829	0.00415	0.00332	0.00995
8	0.02073	0.73217	0.04063	0.01327	0.01990	0.03068	0.01327	0.02322	0.01575	0.01824	0.01078	0.01244	0.00995	0.00663	0.00498	0.00166	0.00829	0.00415	0.00332	0.00995
9	0.01805	0.01766	0.02785	0.26211	0.33229	0.04746	0.06339	0.02464	0.08373	0.02392	0.01602	0.02057	0.01267	0.00758	0.00779	0.00244	0.00973	0.00716	0.00414	0.01080
10	0.01128	0.00752	0.00846	0.00846	0.00846	0.00752	0.00470	0.01128	0.01128	0.01503	0.02443	0.05074	0.02819	0.72751	0.03946	0.00752	0.00752	0.01128	0.00470	0.00470
11	0.01128	0.00752	0.00846	0.00846	0.00846	0.00752	0.00470	0.01128	0.01128	0.01503	0.02443	0.05074	0.02819	0.72751	0.03946	0.00752	0.00752	0.01128	0.00470	0.00470
12	0.01885	0.01808	0.03086	0.09706	0.63233	0.01833	0.02363	0.02350	0.01749	0.02492	0.01452	0.01930	0.01214	0.00697	0.00768	0.00232	0.00930	0.00691	0.00381	0.01201
13	0.00945	0.00675	0.00900	0.01080	0.01125	0.00630	0.00720	0.01080	0.01484	0.01979	0.04274	0.72245	0.05128	0.02429	0.00990	0.00315	0.00450	0.02204	0.00720	0.00630
14	0.02950	0.02043	0.02232	0.01725	0.02332	0.02229	0.01420	0.54573	0.07153	0.12204	0.02077	0.02012	0.01450	0.00941	0.00777	0.00235	0.00817	0.00718	0.00798	0.01313
15	0.01684	0.21245	0.52629	0.01990	0.03016	0.02116	0.02482	0.02422	0.01622	0.02298	0.01313	0.01539	0.00985	0.00718	0.00677	0.00226	0.01067	0.00534	0.00328	0.01108
16	0.01249	0.00892	0.01249	0.01428	0.01606	0.00892	0.01249	0.01606	0.01785	0.02320	0.04105	0.08746	0.04462	0.02142	0.01071	0.00357	0.00714	0.62695	0.00714	0.00714
17	0.01594	0.09188	0.63896	0.02144	0.03254	0.01895	0.02750	0.02445	0.01632	0.02408	0.01368	0.01608	0.00983	0.00731	0.00719	0.00240	0.01122	0.00561	0.00328	0.01135
18	0.07654	0.01613	0.01894	0.01493	0.02054	0.01633	0.01220	0.25607	0.05358	0.35036	0.02584	0.06354	0.01844	0.01024	0.00773	0.00243	0.00711	0.00816	0.00843	0.01246
19	0.01128	0.00752	0.00846	0.00846	0.00846	0.00752	0.00470	0.01128	0.01128	0.01503	0.02443	0.05074	0.02819	0.72751	0.03946	0.00752	0.00752	0.01128	0.00470	0.00470
20	0.00945	0.00675	0.00900	0.01080	0.01125	0.00630	0.00720	0.01080	0.01484	0.01979	0.04274	0.72245	0.05128	0.02429	0.00990	0.00315	0.00450	0.02204	0.00720	0.00630
21	0.01926	0.53620	0.22375	0.01577	0.02377	0.02709	0.01762	0.02360	0.01593	0.02003	0.01167	0.01355	0.00991	0.00684	0.00565	0.00188	0.00919	0.00459	0.00330	0.01038
22	0.05311	0.55182	0.11328	0.01443	0.02122	0.06664	0.01474	0.02349	0.01631	0.02023	0.03624	0.01471	0.01225	0.00717	0.00552	0.00183	0.00872	0.00476	0.00361	0.00991
23	0.01352	0.00900	0.01234	0.01334	0.01543	0.00875	0.01142	0.01700	0.01869	0.06523	0.13144	0.07896	0.07384	0.01982	0.01024	0.00330	0.00648	0.47620	0.00749	0.00751
24	0.01946	0.56228	0.19939	0.01544	0.02325	0.02757	0.01704	0.02355	0.01591	0.01979	0.01155	0.01340	0.00992	0.00681	0.00556	0.00185	0.00907	0.00453	0.00331	0.01032
25	0.01937	0.01931	0.02957	0.13568	0.53992	0.07386	0.02276	0.02384	0.01772	0.02406	0.01426	0.01897	0.01183	0.00711	0.00763	0.00232	0.00976	0.00675	0.00380	0.01151
26	0.01584	0.01536	0.02707	0.52013	0.16383	0.01769	0.08767	0.02105	0.01618	0.02132	0.01412	0.02043	0.01083	0.00747	0.00788	0.00254	0.01042	0.00713	0.00357	0.00946
27	0.01555	0.04011	0.68733	0.02210	0.03356	0.01801	0.02865	0.02455	0.01637	0.02455	0.01391	0.01637	0.00982	0.00737	0.00737	0.00246	0.01146	0.00573	0.00327	0.01146
28	0.62907	0.01471	0.01422	0.01226	0.01695	0.01649	0.06127	0.02209	0.01440	0.03307	0.05180	0.02035	0.01460	0.00849	0.00576	0.00249	0.00651	0.04197	0.00508	0.00843
29	0.01883	0.06190	0.07121	0.06708	0.52716	0.01918	0.07481	0.02375	0.01744	0.02462	0.01438	0.01882	0.01189	0.00692	0.00762	0.00231	0.00965	0.00686	0.00377	0.01181
30	0.15474	0.16402	0.40424	0.01986	0.06721	0.02030	0.02182	0.02394	0.01576	0.02526	0.01281	0.01513	0.00974	0.00717	0.00647	0.00229	0.00974	0.00523	0.00359	0.01068
31	0.09123	0.32848	0.05324	0.04280	0.06254	0.14477	0.01426	0.06744	0.01859	0.02375	0.05279	0.01693	0.01411	0.00774	0.00615	0.00197	0.00900	0.00545	0.00428	0.03448

[dist]
# distance from previous block
# <min> <max>
0	3

[block]
# block no. 4 follows, 25 sequences, length 15
# corresponding to MSA columns:
# 258-272
name=unknown_E
#
# <colnr> <probs for GDERKNQSTAVLIFYWHMCP>
#	G	D	E	R	K	N	Q	S	T	A	V	L	I	F	Y	W	H	M	C	P
0	0.14364	0.29466	0.28948	0.01603	0.02396	0.02200	0.01817	0.02313	0.01597	0.02428	0.05398	0.01689	0.01364	0.00760	0.00615	0.00214	0.00887	0.00540	0.00387	0.01012
1	0.10472	0.34886	0.18036	0.01561	0.02263	0.09667	0.01612	0.05401	0.01738	0.02321	0.01544	0.01697	0.04365	0.00780	0.00606	0.00204	0.00916	0.00536	0.00395	0.01000
2	0.13978	0.30900	0.28714	0.01661	0.02468	0.06166	0.01859	0.02411	0.01594	0.02337	0.01207	0.01408	0.00966	0.00709	0.00599	0.00211	0.00949	0.00482	0.00357	0.01024
3	0.01013	0.00789	0.00920	0.00887	0.01107	0.00696	0.00665	0.01300	0.01996	0.02638	0.39773	0.06568	0.35343	0.01761	0.00915	0.00252	0.00378	0.01511	0.00791	0.00696
4	0.02203	0.62244	0.03769	0.01433	0.02054	0.13576	0.01354	0.02444	0.01674	0.01836	0.01097	0.01268	0.00996	0.00685	0.00529	0.00171	0.00919	0.00428	0.00342	0.00980
5	0.01109	0.00824	0.01212	0.01212	0.01339	0.00951	0.00927	0.01363	0.01236	0.01775	0.02108	0.03216	0.02012	0.11439	0.64156	0.01205	0.01966	0.00856	0.00420	0.00674
6	0.01128	0.00752	0.00846	0.00846	0.00846	0.00752	0.00470	0.01128	0.01128	0.01503	0.02443	0.05074	0.02819	0.72751	0.03946	0.00752	0.00752	0.01128	0.00470	0.00470
7	0.01787	0.02309	0.12517	0.03059	0.03841	0.01966	0.53369	0.02442	0.01766	0.02442	0.01512	0.02010	0.01142	0.00707	0.00993	0.00264	0.05588	0.00857	0.00381	0.01046
8	0.02086	0.63560	0.08866	0.01436	0.02120	0.07176	0.01455	0.02381	0.01619	0.01877	0.01109	0.01283	0.00994	0.00677	0.00528	0.00174	0.00889	0.00432	0.00336	0.01000
9	0.00974	0.00712	0.00922	0.01068	0.01157	0.00660	0.00749	0.01147	0.01579	0.02077	0.07783	0.55681	0.12883	0.02306	0.00984	0.00308	0.00461	0.07177	0.00726	0.00645
10	0.01652	0.01341	0.01607	0.01205	0.01802	0.01085	0.00959	0.01969	0.01604	0.05590	0.01655	0.06976	0.01477	0.00777	0.00728	0.00149	0.04611	0.00618	0.00496	0.63700
11	0.02947	0.02172	0.02327	0.01784	0.02404	0.02404	0.01474	0.65329	0.03646	0.04887	0.01862	0.01862	0.01319	0.00931	0.00776	0.00233	0.00853	0.00698	0.00776	0.01319
12	0.19414	0.45789	0.13692	0.01397	0.02095	0.02562	0.01460	0.02333	0.01527	0.02303	0.01128	0.01310	0.00957	0.00688	0.00532	0.00195	0.00827	0.00441	0.00365	0.00984
13	0.01690	0.24748	0.46029	0.01885	0.02840	0.02133	0.02300	0.02368	0.01645	0.02296	0.04407	0.01714	0.01284	0.00754	0.00673	0.00221	0.01014	0.00564	0.00353	0.01081
14	0.01899	0.50023	0.25737	0.01623	0.02448	0.02643	0.01842	0.02367	0.01596	0.02036	0.01183	0.01376	0.00991	0.00688	0.00578	0.00193	0.00935	0.00468	0.00330	0.01046

[dist]
# distance from previous block
# <min> <max>
1	4

[block]
# block no. 5 follows, 25 sequences, length 11
# corresponding to MSA columns:
# 277-287
name=unknown_F
#
# <colnr> <probs for GDERKNQSTAVLIFYWHMCP>
#	G	D	E	R	K	N	Q	S	T	A	V	L	I	F	Y	W	H	M	C	P
0	0.06884	0.04299	0.01230	0.01144	0.01287	0.00919	0.03582	0.01317	0.01447	0.02037	0.03551	0.44516	0.06055	0.14485	0.01445	0.00376	0.00577	0.03567	0.00624	0.00657
1	0.12018	0.21519	0.02367	0.01471	0.01946	0.17150	0.01220	0.12908	0.02071	0.05605	0.04482	0.10370	0.01843	0.01014	0.00677	0.00219	0.00857	0.00759	0.00537	0.00966
2	0.01023	0.00708	0.00877	0.00980	0.01006	0.00682	0.00613	0.01100	0.01332	0.01776	0.03493	0.43602	0.04143	0.32416	0.02250	0.00501	0.00579	0.01745	0.00613	0.00562
3	0.07467	0.35423	0.21401	0.01755	0.07265	0.02272	0.01720	0.02294	0.01612	0.02298	0.03465	0.01678	0.01278	0.00738	0.00600	0.00202	0.00857	0.00535	0.06126	0.01014
4	0.01680	0.02679	0.29577	0.06407	0.18291	0.01779	0.17998	0.02359	0.01721	0.02447	0.01649	0.02358	0.01345	0.00811	0.00814	0.00255	0.01097	0.05255	0.00386	0.01094
5	0.05136	0.01141	0.01398	0.01438	0.08791	0.00996	0.00991	0.01775	0.01740	0.07328	0.04416	0.04800	0.28701	0.01346	0.00795	0.00227	0.00560	0.07116	0.00621	0.20685
6	0.01701	0.01175	0.01382	0.01256	0.01564	0.01201	0.00976	0.11583	0.12230	0.08991	0.20407	0.12933	0.09842	0.04689	0.01019	0.00287	0.00564	0.06497	0.00784	0.00918
7	0.02565	0.01721	0.02138	0.01670	0.02234	0.01766	0.06139	0.30032	0.08011	0.17329	0.07282	0.02736	0.02115	0.01007	0.00798	0.00237	0.00763	0.03753	0.00765	0.06939
8	0.07192	0.01791	0.02149	0.07107	0.11209	0.01955	0.01497	0.30182	0.12153	0.09245	0.02158	0.06217	0.01686	0.00983	0.00771	0.00245	0.00784	0.00801	0.00687	0.01189
9	0.01884	0.01822	0.03123	0.08600	0.55225	0.01849	0.07092	0.02465	0.05576	0.02537	0.01562	0.01999	0.01279	0.00715	0.00781	0.00236	0.00940	0.00719	0.00406	0.01191
10	0.01989	0.01917	0.05052	0.06381	0.46118	0.01855	0.06605	0.10124	0.01979	0.02797	0.01505	0.01898	0.01215	0.00714	0.00764	0.00226	0.00926	0.00687	0.00435	0.06813

[dist]
# distance from previous block
# <min> <max>
2	11

[block]
# block no. 6 follows, 25 sequences, length 13
# corresponding to MSA columns:
# 299-311
name=unknown_G
#
# <colnr> <probs for GDERKNQSTAVLIFYWHMCP>
#	G	D	E	R	K	N	Q	S	T	A	V	L	I	F	Y	W	H	M	C	P
0	0.04891	0.01394	0.03737	0.01790	0.09453	0.03538	0.02992	0.07512	0.06259	0.06900	0.12862	0.06412	0.02841	0.02475	0.19961	0.00528	0.01097	0.03829	0.00601	0.00926
1	0.01619	0.01518	0.02379	0.06593	0.42949	0.01511	0.01811	0.02100	0.05138	0.02422	0.03321	0.03517	0.19726	0.01067	0.00810	0.00242	0.00763	0.00963	0.00497	0.01051
2	0.02383	0.01786	0.01898	0.01506	0.02027	0.01918	0.01228	0.47480	0.03123	0.04111	0.03527	0.03418	0.19741	0.01218	0.00815	0.00241	0.00725	0.00959	0.00760	0.01134
3	0.02688	0.01992	0.02143	0.01708	0.02277	0.02215	0.01390	0.45518	0.21055	0.07320	0.02276	0.02184	0.01637	0.00966	0.00780	0.00241	0.00778	0.00751	0.00788	0.01293
4	0.01464	0.01378	0.02326	0.70887	0.05340	0.01723	0.02153	0.01981	0.01550	0.01981	0.01378	0.02067	0.01034	0.00775	0.00775	0.00258	0.01034	0.00689	0.00345	0.00861
5	0.02814	0.23686	0.02641	0.01626	0.02160	0.30824	0.01348	0.03056	0.02019	0.20374	0.01680	0.01697	0.01254	0.00803	0.00662	0.00201	0.01024	0.00552	0.00535	0.01044
6	0.01230	0.01095	0.01952	0.01691	0.01959	0.01030	0.18637	0.01538	0.01645	0.02218	0.08879	0.40268	0.04080	0.04793	0.01091	0.00315	0.00710	0.05485	0.00629	0.00753
7	0.01775	0.01695	0.02886	0.25756	0.48046	0.01804	0.02308	0.02253	0.01697	0.02358	0.01433	0.01966	0.01166	0.00718	0.00770	0.00239	0.00957	0.00690	0.00371	0.01112
8	0.01108	0.00831	0.01246	0.01246	0.01385	0.00969	0.00969	0.01385	0.01246	0.01800	0.02077	0.03046	0.01938	0.05815	0.69678	0.01246	0.02077	0.00831	0.00415	0.00692
9	0.01859	0.02515	0.21278	0.03801	0.44444	0.04655	0.02429	0.02504	0.04499	0.02515	0.01501	0.01860	0.01199	0.00723	0.00757	0.00235	0.00990	0.00658	0.00386	0.01192
10	0.01759	0.53054	0.03184	0.01258	0.01750	0.02390	0.01158	0.01976	0.01550	0.01867	0.01966	0.20978	0.02144	0.01154	0.00634	0.00207	0.00724	0.00912	0.00440	0.00894
11	0.01343	0.01073	0.01578	0.02026	0.19611	0.01105	0.01116	0.01535	0.01332	0.01858	0.02085	0.03730	0.02174	0.37310	0.18197	0.00721	0.01104	0.00938	0.00433	0.00732
12	0.01781	0.00910	0.01111	0.00994	0.01161	0.00860	0.00656	0.01864	0.01431	0.20111	0.02614	0.04397	0.02569	0.52797	0.03066	0.00609	0.00726	0.01031	0.00606	0.00706

[dist]
# distance from previous block
# <min> <max>
0	1

[block]
# block no. 7 follows, 25 sequences, length 8
# corresponding to MSA columns:
# 313-320
name=unknown_H
#
# <colnr> <probs for GDERKNQSTAVLIFYWHMCP>
#	G	D	E	R	K	N	Q	S	T	A	V	L	I	F	Y	W	H	M	C	P
0	0.02466	0.12253	0.02085	0.01360	0.01938	0.01578	0.01132	0.09027	0.08683	0.26204	0.02353	0.06718	0.01804	0.00931	0.00705	0.00207	0.00666	0.00748	0.00700	0.18442
1	0.01508	0.01407	0.11371	0.01252	0.01659	0.01024	0.01146	0.02050	0.06417	0.11077	0.34937	0.04911	0.12386	0.01414	0.00870	0.00252	0.00557	0.04107	0.00761	0.00892
2	0.06853	0.40303	0.30236	0.01667	0.02515	0.02464	0.01922	0.02373	0.01584	0.02190	0.01206	0.01405	0.00980	0.00697	0.00594	0.00203	0.00943	0.00479	0.00340	0.01046
3	0.29259	0.06494	0.11794	0.01401	0.02040	0.01761	0.01315	0.08287	0.08751	0.09935	0.01664	0.01733	0.01230	0.00780	0.00623	0.00222	0.00724	0.00559	0.00554	0.10874
4	0.09268	0.09653	0.30536	0.01931	0.06844	0.01707	0.04090	0.02472	0.01722	0.10650	0.06040	0.01998	0.01553	0.00793	0.00699	0.00224	0.00889	0.00634	0.00474	0.07822
5	0.01824	0.01640	0.07766	0.01511	0.02125	0.01286	0.06756	0.09253	0.01948	0.08172	0.06550	0.08149	0.02103	0.00950	0.00735	0.00197	0.00708	0.03126	0.00577	0.34625
6	0.07733	0.04368	0.04223	0.01494	0.02042	0.01423	0.05359	0.02901	0.07202	0.29234	0.06106	0.04267	0.01988	0.00952	0.00848	0.00229	0.05114	0.00768	0.00699	0.13050
7	0.01779	0.06498	0.17760	0.03042	0.25773	0.01745	0.12657	0.02329	0.01747	0.04667	0.01946	0.02650	0.03764	0.00870	0.00794	0.00243	0.00971	0.06174	0.00433	0.04159

[dist]
# distance from previous block
# <min> <max>
25	79

[block]
# block no. 8 follows, 25 sequences, length 23
# corresponding to MSA columns:
# 400-422
name=unknown_I
#
# <colnr> <probs for GDERKNQSTAVLIFYWHMCP>
#	G	D	E	R	K	N	Q	S	T	A	V	L	I	F	Y	W	H	M	C	P
