[name]
unknown

[dist]
# distance from previous block
# <min> <max>
0	35

[block]
# block no. 0 follows, 25 sequences, length 21
# corresponding to MSA columns:
# 35-55
name=unknown_A
#
# <colnr> <probs for GDERKNQSTAVLIFYWHMCP>
#	G	D	E	R	K	N	Q	S	T	A	V	L	I	F	Y	W	H	M	C	P
0	0.01607	0.08651	0.01813	0.05129	0.01956	0.01441	0.01295	0.09959	0.01974	0.02632	0.07780	0.05549	0.03280	0.01552	0.00992	0.00288	0.04783	0.31967	0.00632	0.06720
1	0.01833	0.01336	0.01647	0.10032	0.04476	0.01351	0.01172	0.08999	0.12796	0.08818	0.04259	0.09435	0.05872	0.01075	0.00747	0.00223	0.00638	0.00908	0.08561	0.15821
2	0.01464	0.01252	0.01648	0.03810	0.01826	0.01352	0.03561	0.05587	0.08405	0.02423	0.05978	0.26422	0.05294	0.01536	0.01168	0.00270	0.13822	0.01269	0.00601	0.12312
3	0.01633	0.01642	0.03042	0.06412	0.03023	0.01616	0.33634	0.02326	0.08579	0.02590	0.10980	0.02982	0.06081	0.00939	0.00923	0.00251	0.03664	0.00965	0.03685	0.05034
4	0.01127	0.00755	0.00862	0.00862	0.00867	0.00760	0.00490	0.01138	0.01132	0.01515	0.02428	0.04993	0.02784	0.70081	0.06568	0.00771	0.00805	0.01116	0.00468	0.00479
5	0.01428	0.01020	0.01232	0.01138	0.01402	0.01024	0.00865	0.02187	0.16874	0.07325	0.42355	0.08811	0.08265	0.01486	0.00881	0.00253	0.00448	0.01297	0.00832	0.00875
6	0.01108	0.00831	0.01246	0.01246	0.01385	0.00969	0.00969	0.01385	0.01246	0.01800	0.02077	0.03046	0.01938	0.05815	0.69678	0.01246	0.02077	0.00831	0.00415	0.00692
7	0.02458	0.02053	0.02036	0.05047	0.02335	0.09437	0.01376	0.32368	0.23092	0.03782	0.02214	0.02208	0.01640	0.00945	0.00758	0.00237	0.00816	0.00734	0.05277	0.01186
8	0.05700	0.17963	0.02709	0.04857	0.05849	0.23554	0.05383	0.04368	0.04621	0.02228	0.03556	0.01728	0.01306	0.00855	0.00907	0.00222	0.09885	0.00595	0.00422	0.03292
9	0.01828	0.02370	0.13879	0.10110	0.14326	0.05904	0.35192	0.02448	0.01783	0.02402	0.01482	0.01950	0.01130	0.00693	0.00837	0.00250	0.01197	0.00778	0.00376	0.01063
10	0.02004	0.62035	0.08128	0.01450	0.02083	0.02921	0.01462	0.02288	0.01543	0.01869	0.01093	0.01312	0.00996	0.00733	0.00704	0.00187	0.07418	0.00450	0.00332	0.00991
11	0.01116	0.00753	0.00876	0.00886	0.00898	0.00760	0.00518	0.01143	0.01155	0.01549	0.02515	0.08498	0.02880	0.64377	0.08348	0.00763	0.00828	0.01164	0.00479	0.00494
12	0.01263	0.05840	0.01233	0.00988	0.01240	0.00897	0.00767	0.01571	0.02033	0.06664	0.43793	0.08466	0.19160	0.01599	0.00881	0.00245	0.00425	0.01380	0.00790	0.00764
13	0.06486	0.06062	0.02161	0.09649	0.02487	0.06684	0.04493	0.08386	0.28600	0.02835	0.02227	0.02349	0.02873	0.01144	0.03347	0.00290	0.07527	0.00755	0.00588	0.01059
14	0.02028	0.41847	0.06469	0.01853	0.06083	0.08845	0.03926	0.02313	0.01575	0.01935	0.01132	0.01442	0.01020	0.00825	0.00987	0.00216	0.15662	0.00520	0.00345	0.00978
15	0.01200	0.00812	0.01066	0.00998	0.01195	0.00746	0.00750	0.01553	0.02166	0.06057	0.61882	0.08451	0.06976	0.01592	0.00911	0.00247	0.00383	0.01408	0.00853	0.00754
16	0.05480	0.01038	0.01487	0.14344	0.02127	0.01127	0.06634	0.01795	0.01531	0.02447	0.02204	0.07821	0.01937	0.06311	0.05973	0.00337	0.02400	0.00861	0.33388	0.00760
17	0.01453	0.01222	0.02053	0.44089	0.03892	0.01421	0.06318	0.01820	0.01524	0.02066	0.04730	0.02382	0.01499	0.01125	0.01128	0.12556	0.00894	0.00741	0.08318	0.00771
18	0.05774	0.01960	0.02032	0.03855	0.05063	0.07230	0.01361	0.34976	0.10843	0.03759	0.02259	0.07003	0.04012	0.01032	0.00766	0.00235	0.00802	0.00816	0.00681	0.05542
19	0.22454	0.10055	0.10230	0.06529	0.02368	0.04807	0.04225	0.11583	0.07621	0.03004	0.01944	0.02079	0.05755	0.00861	0.00667	0.00231	0.00812	0.00649	0.00514	0.03610
20	0.27991	0.19269	0.09084	0.04179	0.02214	0.04834	0.07881	0.02314	0.01544	0.04504	0.01333	0.01600	0.01062	0.00806	0.00694	0.03414	0.00825	0.00538	0.04996	0.00919

[dist]
# distance from previous block
# <min> <max>
1	9

[block]
# block no. 1 follows, 25 sequences, length 87
# corresponding to MSA columns:
# 65-151
name=unknown_B
#
# <colnr> <probs for GDERKNQSTAVLIFYWHMCP>
#	G	D	E	R	K	N	Q	S	T	A	V	L	I	F	Y	W	H	M	C	P
0	0.01494	0.01227	0.01564	0.07707	0.04123	0.01186	0.01112	0.06944	0.04740	0.02483	0.02573	0.26194	0.02681	0.01367	0.00862	0.00234	0.03398	0.03220	0.00581	0.26309
1	0.02780	0.01916	0.02108	0.01664	0.02234	0.02086	0.01358	0.43783	0.14415	0.13462	0.04494	0.02285	0.01791	0.00978	0.00783	0.00239	0.00767	0.00765	0.00806	0.01283
2	0.04734	0.01678	0.02691	0.20788	0.39552	0.01788	0.02099	0.04348	0.01744	0.05094	0.01480	0.01937	0.01183	0.00754	0.00824	0.00238	0.03774	0.00674	0.00414	0.04207
3	0.01120	0.00752	0.00863	0.00869	0.00876	0.00756	0.00497	0.01135	0.01145	0.01531	0.02494	0.07364	0.02867	0.67769	0.06302	0.00755	0.00791	0.01154	0.00477	0.00484
4	0.02073	0.73217	0.04063	0.01327	0.01990	0.03068	0.01327	0.02322	0.01575	0.01824	0.01078	0.01244	0.00995	0.00663	0.00498	0.00166	0.00829	0.00415	0.00332	0.00995
5	0.01851	0.01756	0.09628	0.03972	0.02210	0.01597	0.03980	0.14098	0.19986	0.05761	0.08075	0.09576	0.05602	0.01273	0.00845	0.00266	0.00730	0.07045	0.00697	0.01051
6	0.02146	0.01474	0.01582	0.01404	0.01799	0.06208	0.01099	0.06192	0.23134	0.18745	0.09011	0.10916	0.07291	0.01313	0.00834	0.00260	0.00644	0.04094	0.00792	0.01060
7	0.00944	0.00732	0.00864	0.00965	0.01110	0.00651	0.00684	0.01115	0.01620	0.02043	0.05832	0.41405	0.32412	0.02214	0.00961	0.00293	0.00435	0.04356	0.00720	0.00644
8	0.01592	0.01627	0.03110	0.47317	0.04891	0.01806	0.24094	0.02156	0.01648	0.02156	0.01445	0.02076	0.01083	0.00733	0.00824	0.00259	0.01129	0.00768	0.00361	0.00926
9	0.05749	0.09724	0.06141	0.01504	0.02083	0.01826	0.01316	0.19579	0.10519	0.23092	0.02280	0.02223	0.01617	0.01130	0.03926	0.00277	0.00803	0.00702	0.04324	0.01184
10	0.65360	0.01496	0.01293	0.01128	0.01585	0.01725	0.00930	0.02398	0.01399	0.09809	0.01272	0.01428	0.00959	0.00789	0.00657	0.00247	0.05646	0.00474	0.00517	0.00888
11	0.01347	0.00673	0.01010	0.01010	0.01010	0.00673	0.00673	0.01010	0.01010	0.01347	0.01347	0.02357	0.01347	0.02694	0.03030	0.77441	0.00673	0.00673	0.00337	0.00337
12	0.02323	0.01593	0.01951	0.04233	0.09399	0.01707	0.01362	0.08946	0.33271	0.18623	0.06040	0.02755	0.02250	0.00997	0.00789	0.00250	0.00681	0.00838	0.00771	0.01219
13	0.04733	0.36225	0.26602	0.01782	0.05303	0.02335	0.01882	0.02509	0.01658	0.08481	0.01394	0.01546	0.01083	0.00721	0.00620	0.00207	0.00921	0.00518	0.00397	0.01084
14	0.01627	0.01544	0.02620	0.47218	0.27737	0.01765	0.02234	0.02124	0.01627	0.02179	0.01407	0.02014	0.01103	0.00745	0.00772	0.00248	0.00993	0.00690	0.00359	0.00993
15	0.01269	0.00937	0.01347	0.07751	0.01946	0.00968	0.01332	0.01641	0.01764	0.02290	0.03857	0.08138	0.04150	0.02017	0.01044	0.00348	0.00743	0.57051	0.00680	0.00727
16	0.02315	0.18332	0.17315	0.05180	0.05748	0.15869	0.05025	0.10568	0.02054	0.08413	0.01504	0.01676	0.01138	0.00773	0.00698	0.00217	0.01040	0.00586	0.00463	0.01086
17	0.01885	0.01610	0.02668	0.36529	0.11154	0.01805	0.11017	0.06862	0.04657	0.08377	0.01662	0.02111	0.01233	0.00816	0.00878	0.00256	0.04265	0.00738	0.00461	0.01017
18	0.78228	0.01499	0.01140	0.01020	0.01499	0.01739	0.00840	0.02279	0.01320	0.03479	0.01080	0.01260	0.00840	0.00720	0.00480	0.00240	0.00600	0.00420	0.00480	0.00840
19	0.00958	0.00690	0.00912	0.01085	0.01145	0.00644	0.00740	0.01107	0.01511	0.02001	0.04413	0.66448	0.07675	0.02396	0.00991	0.00315	0.00460	0.05155	0.00719	0.00635
20	0.01128	0.00752	0.00846	0.00846	0.00846	0.00752	0.00470	0.01128	0.01128	0.01503	0.02443	0.05074	0.02819	0.72751	0.03946	0.00752	0.00752	0.01128	0.00470	0.00470
21	0.01464	0.01378	0.02326	0.70887	0.05340	0.01723	0.02153	0.01981	0.01550	0.01981	0.01378	0.02067	0.01034	0.00775	0.00775	0.00258	0.01034	0.00689	0.00345	0.00861
22	0.01108	0.00831	0.01246	0.01246	0.01385	0.00969	0.00969	0.01385	0.01246	0.01800	0.02077	0.03046	0.01938	0.05815	0.69678	0.01246	0.02077	0.00831	0.00415	0.00692
23	0.01612	0.01653	0.05280	0.14148	0.05259	0.02027	0.01740	0.01985	0.04145	0.02035	0.01411	0.04392	0.01295	0.01368	0.04277	0.00339	0.42529	0.00745	0.02882	0.00879
24	0.00945	0.00675	0.00900	0.01080	0.01125	0.00630	0.00720	0.01080	0.01484	0.01979	0.04274	0.72245	0.05128	0.02429	0.00990	0.00315	0.00450	0.02204	0.00720	0.00630
25	0.62096	0.11028	0.01615	0.03872	0.01753	0.04669	0.00983	0.02306	0.01398	0.03137	0.01096	0.01295	0.00874	0.00718	0.00503	0.00229	0.00680	0.00433	0.00452	0.00863
26	0.05092	0.53665	0.14647	0.01484	0.02211	0.04623	0.01562	0.02428	0.01621	0.04877	0.01220	0.01375	0.01027	0.00695	0.00555	0.00186	0.00882	0.00460	0.00366	0.01025
27	0.00943	0.00683	0.00892	0.01059	0.01119	0.00632	0.00710	0.01082	0.01505	0.01988	0.04529	0.67628	0.09580	0.02396	0.00984	0.00311	0.00446	0.02164	0.00720	0.00632
28	0.01728	0.05271	0.28035	0.02769	0.08449	0.01866	0.30366	0.02422	0.01729	0.02457	0.01463	0.01845	0.01100	0.00682	0.00798	0.00239	0.01149	0.00721	0.00370	0.06542
29	0.01929	0.01666	0.01753	0.01578	0.02016	0.01929	0.01227	0.04120	0.66513	0.03243	0.03156	0.02893	0.02367	0.01052	0.00789	0.00263	0.00614	0.00877	0.00789	0.01227
30	0.01484	0.01405	0.02330	0.65118	0.05063	0.01777	0.02115	0.01971	0.01520	0.01971	0.01348	0.02036	0.01032	0.00824	0.00923	0.00265	0.06924	0.00688	0.00344	0.00860
31	0.00966	0.00783	0.00857	0.00848	0.01080	0.00674	0.00632	0.01205	0.01870	0.02361	0.23662	0.09564	0.49024	0.01881	0.00919	0.00259	0.00388	0.01596	0.00756	0.00674
32	0.00968	0.00701	0.00921	0.01088	0.01160	0.00654	0.00755	0.01126	0.01530	0.02016	0.04515	0.62303	0.09524	0.02372	0.00991	0.00315	0.00468	0.07237	0.00719	0.00639
33	0.01580	0.01349	0.01579	0.01146	0.01808	0.01017	0.00911	0.01916	0.01603	0.02504	0.01498	0.04524	0.01313	0.00651	0.00591	0.00123	0.00569	0.00531	0.00470	0.74317
34	0.78228	0.01499	0.01140	0.01020	0.01499	0.01739	0.00840	0.02279	0.01320	0.03479	0.01080	0.01260	0.00840	0.00720	0.00480	0.00240	0.00600	0.00420	0.00480	0.00840
35	0.05821	0.02018	0.10230	0.06530	0.02510	0.04379	0.03959	0.16696	0.04237	0.06095	0.01611	0.01785	0.01214	0.00743	0.00685	0.00194	0.00810	0.00590	0.00537	0.29356
36	0.04954	0.01586	0.01883	0.06616	0.02068	0.06066	0.01354	0.10173	0.01758	0.07220	0.01748	0.05272	0.01497	0.01329	0.04195	0.00310	0.27415	0.00751	0.12895	0.00909
37	0.50692	0.04425	0.01696	0.11370	0.02283	0.04713	0.04266	0.02423	0.03908	0.06134	0.01323	0.01549	0.01005	0.00749	0.00580	0.00240	0.00744	0.00521	0.00481	0.00899
38	0.01105	0.00801	0.01120	0.01130	0.01226	0.00893	0.00822	0.01300	0.01226	0.01729	0.02287	0.07107	0.02338	0.23710	0.48449	0.01065	0.01637	0.00981	0.00446	0.00629
39	0.01072	0.00792	0.01002	0.00949	0.01143	0.00721	0.00712	0.01415	0.02136	0.02970	0.59301	0.06022	0.15607	0.01637	0.00915	0.00246	0.00370	0.01434	0.00835	0.00721
40	0.03353	0.01293	0.01750	0.01350	0.01933	0.01116	0.01113	0.03648	0.02197	0.65189	0.03295	0.02876	0.05148	0.01009	0.00786	0.00241	0.00647	0.00822	0.00948	0.01287
41	0.01830	0.02092	0.04575	0.03268	0.04052	0.01961	0.65098	0.02484	0.01830	0.02484	0.01569	0.02092	0.01176	0.00654	0.00915	0.00261	0.01307	0.00915	0.00392	0.01046
42	0.00945	0.00675	0.00900	0.01080	0.01125	0.00630	0.00720	0.01080	0.01484	0.01979	0.04274	0.72245	0.05128	0.02429	0.00990	0.00315	0.00450	0.02204	0.00720	0.00630
43	0.02896	0.03695	0.02197	0.01998	0.02397	0.69638	0.01498	0.03096	0.02197	0.01898	0.01199	0.01398	0.00999	0.00799	0.00699	0.00200	0.01398	0.00499	0.00400	0.00899
44	0.00967	0.00787	0.00856	0.00839	0.01079	0.00676	0.00629	0.01212	0.01888	0.02381	0.24680	0.06991	0.50595	0.01857	0.00916	0.00257	0.00385	0.01570	0.00758	0.00676
45	0.01800	0.01953	0.06879	0.03263	0.20251	0.01785	0.33708	0.05353	0.01871	0.02573	0.01901	0.05848	0.01668	0.00898	0.00878	0.00262	0.01083	0.06512	0.00450	0.01062
46	0.01464	0.01378	0.02326	0.70887	0.05340	0.01723	0.02153	0.01981	0.01550	0.01981	0.01378	0.02067	0.01034	0.00775	0.00775	0.00258	0.01034	0.00689	0.00345	0.00861
47	0.72901	0.01487	0.01187	0.01045	0.01534	0.01697	0.00861	0.02386	0.01384	0.08109	0.01221	0.01358	0.00917	0.00737	0.00501	0.00240	0.00604	0.00445	0.00514	0.00874
48	0.01464	0.01386	0.04064	0.01584	0.05022	0.01324	0.07452	0.04994	0.20054	0.02611	0.04744	0.09280	0.27924	0.01463	0.00871	0.00265	0.00633	0.03257	0.00679	0.00929
49	0.01617	0.07158	0.57039	0.02307	0.03381	0.01884	0.11049	0.02453	0.01660	0.02428	0.01400	0.01678	0.01009	0.00722	0.00749	0.00244	0.01152	0.00611	0.00336	0.01125
50	0.01516	0.01431	0.02420	0.63318	0.12503	0.01736	0.02179	0.02027	0.01575	0.02044	0.01387	0.02050	0.01056	0.00766	0.00774	0.00255	0.01021	0.00689	0.00349	0.00903
51	0.01464	0.01378	0.02326	0.70887	0.05340	0.01723	0.02153	0.01981	0.01550	0.01981	0.01378	0.02067	0.01034	0.00775	0.00775	0.00258	0.01034	0.00689	0.00345	0.00861
52	0.01916	0.01851	0.03195	0.04709	0.65773	0.01846	0.04483	0.02383	0.01768	0.02531	0.01462	0.01925	0.01226	0.00690	0.00773	0.00231	0.00934	0.00698	0.00384	0.01222
53	0.01608	0.01378	0.01608	0.01148	0.01837	0.01034	0.00919	0.01952	0.01608	0.02527	0.01378	0.01608	0.01148	0.00574	0.00574	0.00115	0.00574	0.00459	0.00459	0.77491
54	0.01819	0.02170	0.07184	0.03225	0.04024	0.01954	0.62568	0.02483	0.01822	0.02483	0.01561	0.02073	0.01169	0.00657	0.00908	0.00261	0.01301	0.00901	0.00390	0.01050
55	0.01558	0.07124	0.62536	0.02111	0.03189	0.01811	0.02693	0.02403	0.01660	0.02456	0.04451	0.01812	0.01277	0.00773	0.00734	0.00242	0.01095	0.00604	0.00352	0.01120
56	0.00916	0.00785	0.00785	0.00785	0.01047	0.00655	0.00589	0.01113	0.01767	0.02095	0.07855	0.07462	0.67599	0.01964	0.00916	0.00262	0.00393	0.01636	0.00720	0.00655
57	0.01100	0.00845	0.01227	0.01268	0.01392	0.00806	0.05342	0.04138	0.01609	0.02149	0.03970	0.64005	0.04671	0.02234	0.00974	0.00307	0.00530	0.02043	0.00699	0.00691
58	0.02944	0.02280	0.02318	0.01799	0.02404	0.07195	0.01475	0.60894	0.03542	0.04674	0.01814	0.01829	0.01296	0.00921	0.00770	0.00230	0.00892	0.00684	0.00749	0.01289
59	0.00953	0.00787	0.00836	0.00823	0.01069	0.00670	0.00618	0.01183	0.01853	0.02297	0.19767	0.07128	0.55560	0.01888	0.00916	0.00258	0.00387	0.01590	0.00747	0.00670
60	0.01798	0.01810	0.03389	0.24068	0.22111	0.01877	0.25543	0.05346	0.01815	0.02462	0.01495	0.02025	0.01154	0.00714	0.00825	0.00250	0.01095	0.00774	0.00394	0.01054
61	0.01830	0.02092	0.04575	0.03268	0.04052	0.01961	0.65098	0.02484	0.01830	0.02484	0.01569	0.02092	0.01176	0.00654	0.00915	0.00261	0.01307	0.00915	0.00392	0.01046
62	0.01969	0.09244	0.32846	0.05525	0.03119	0.18940	0.09635	0.02558	0.01770	0.02216	0.01320	0.01621	0.01014	0.00767	0.00813	0.00234	0.04428	0.00592	0.00355	0.01032
63	0.01128	0.00752	0.00846	0.00846	0.00846	0.00752	0.00470	0.01128	0.01128	0.01503	0.02443	0.05074	0.02819	0.72751	0.03946	0.00752	0.00752	0.01128	0.00470	0.00470
64	0.02473	0.36632	0.03079	0.01648	0.02190	0.30815	0.01405	0.07113	0.04297	0.02120	0.01257	0.01410	0.01068	0.00753	0.00612	0.00188	0.01061	0.00486	0.00407	0.00986
65	0.07905	0.01379	0.01664	0.01291	0.01843	0.01264	0.01048	0.02708	0.05754	0.24685	0.02054	0.02073	0.01488	0.00818	0.00798	0.00195	0.05993	0.00618	0.04202	0.32221
66	0.02126	0.02192	0.02892	0.10691	0.41482	0.15210	0.05083	0.06480	0.01951	0.02499	0.01430	0.01836	0.01167	0.00734	0.00762	0.00229	0.01040	0.00664	0.00408	0.01123
67	0.01715	0.01880	0.03971	0.03075	0.08203	0.01770	0.51833	0.02284	0.01778	0.02418	0.01930	0.11664	0.01720	0.00899	0.00915	0.00267	0.01163	0.01075	0.00436	0.01002
68	0.01128	0.00752	0.00846	0.00846	0.00846	0.00752	0.00470	0.01128	0.01128	0.01503	0.02443	0.05074	0.02819	0.72751	0.03946	0.00752	0.00752	0.01128	0.00470	0.00470
69	0.02838	0.03599	0.02206	0.01999	0.02380	0.66381	0.01508	0.03037	0.02148	0.01896	0.01190	0.01413	0.01000	0.00826	0.00788	0.00207	0.04784	0.00508	0.00397	0.00896
70	0.01128	0.00752	0.00846	0.00846	0.00846	0.00752	0.00470	0.01128	0.01128	0.01503	0.02443	0.05074	0.02819	0.72751	0.03946	0.00752	0.00752	0.01128	0.00470	0.00470
71	0.02896	0.03695	0.02197	0.01998	0.02397	0.69638	0.01498	0.03096	0.02197	0.01898	0.01199	0.01398	0.00999	0.00799	0.00699	0.00200	0.01398	0.00499	0.00400	0.00899
72	0.01866	0.01788	0.03051	0.12533	0.60558	0.01828	0.02353	0.02333	0.01740	0.02468	0.01449	0.01936	0.01205	0.00701	0.00768	0.00234	0.00934	0.00691	0.00379	0.01185
73	0.01065	0.00813	0.00863	0.00835	0.01106	0.00687	0.00632	0.01285	0.01835	0.05569	0.13808	0.07044	0.58002	0.01873	0.00909	0.00259	0.00403	0.01569	0.00746	0.00696
74	0.02639	0.05936	0.02532	0.02355	0.10691	0.43928	0.04688	0.10382	0.02228	0.02361	0.01316	0.01561	0.01075	0.00814	0.00804	0.00216	0.04465	0.00572	0.00437	0.01000
75	0.01940	0.01524	0.01783	0.01337	0.01950	0.01374	0.01081	0.11253	0.05100	0.07038	0.01617	0.01779	0.01273	0.00728	0.00763	0.00163	0.05524	0.00550	0.00544	0.52679
76	0.05709	0.28194	0.26686	0.02010	0.08496	0.09002	0.01958	0.02518	0.01694	0.05301	0.01329	0.01527	0.01047	0.00722	0.00640	0.00211	0.00989	0.00522	0.00378	0.01068
77	0.01555	0.04011	0.68733	0.02210	0.03356	0.01801	0.02865	0.02455	0.01637	0.02455	0.01391	0.01637	0.00982	0.00737	0.00737	0.00246	0.01146	0.00573	0.00327	0.01146
78	0.01034	0.00823	0.00933	0.00919	0.01143	0.00744	0.00683	0.01386	0.05179	0.02499	0.28247	0.12540	0.37422	0.01827	0.00916	0.00260	0.00400	0.01567	0.00770	0.00708
79	0.00969	0.00767	0.00878	0.00933	0.01126	0.00676	0.00693	0.01180	0.01737	0.02181	0.12258	0.23868	0.40609	0.02061	0.00948	0.00282	0.00432	0.07010	0.00732	0.00661
80	0.01160	0.00749	0.00833	0.00833	0.00852	0.00749	0.00477	0.01196	0.01178	0.01644	0.02452	0.04852	0.02735	0.65460	0.03601	0.00694	0.00712	0.01086	0.08242	0.00495
81	0.01555	0.04011	0.68733	0.02210	0.03356	0.01801	0.02865	0.02455	0.01637	0.02455	0.01391	0.01637	0.00982	0.00737	0.00737	0.00246	0.01146	0.00573	0.00327	0.01146
82	0.01191	0.00851	0.01183	0.01362	0.01515	0.00842	0.01149	0.01506	0.01728	0.02256	0.04137	0.20825	0.04589	0.02197	0.01055	0.00349	0.00664	0.51188	0.00715	0.00698
83	0.01596	0.01288	0.01666	0.01526	0.04645	0.01315	0.06995	0.10256	0.13727	0.02913	0.09265	0.06663	0.18517	0.01351	0.00835	0.00254	0.00619	0.05387	0.10261	0.00924
84	0.01985	0.01921	0.03035	0.07415	0.59544	0.05012	0.02293	0.04872	0.01850	0.02572	0.01459	0.01899	0.01213	0.00709	0.00765	0.00230	0.00946	0.00682	0.00398	0.01200
85	0.07471	0.18850	0.18673	0.04995	0.02479	0.01869	0.06952	0.04557	0.01796	0.10427	0.07161	0.02153	0.01729	0.00831	0.00685	0.00222	0.00844	0.00670	0.06613	0.01024
86	0.10512	0.08813	0.13793	0.04594	0.08252	0.03727	0.01597	0.07619	0.14570	0.10429	0.04806	0.02337	0.03888	0.00905	0.00720	0.00238	0.00798	0.00716	0.00584	0.01103

[dist]
# distance from previous block
# <min> <max>
0	25

[block]
# block no. 2 follows, 25 sequences, length 112
# corresponding to MSA columns:
# 177-288
name=unknown_C
#
# <colnr> <probs for GDERKNQSTAVLIFYWHMCP>
#	G	D	E	R	K	N	Q	S	T	A	V	L	I	F	Y	W	H	M	C	P
0	0.01731	0.01492	0.04627	0.04027	0.04517	0.01338	0.01157	0.05011	0.17353	0.05252	0.02238	0.07868	0.01912	0.04347	0.00857	0.00226	0.00642	0.00790	0.04611	0.30005
1	0.15036	0.01295	0.01628	0.10623	0.06291	0.01391	0.03287	0.09729	0.01867	0.09059	0.05036	0.02390	0.01730	0.01124	0.03330	0.03137	0.00721	0.00708	0.20703	0.00916
2	0.12405	0.01622	0.02330	0.30458	0.21013	0.01842	0.01882	0.08438	0.07718	0.02732	0.01568	0.01971	0.01208	0.00785	0.00734	0.00246	0.00888	0.00670	0.00456	0.01034
3	0.01402	0.00959	0.01124	0.01144	0.01379	0.00978	0.00934	0.04424	0.08944	0.02727	0.08588	0.05730	0.10596	0.01545	0.00843	0.00270	0.00542	0.23708	0.23370	0.00792
4	0.01283	0.00990	0.01329	0.01468	0.08130	0.00965	0.00991	0.04465	0.04606	0.02872	0.38678	0.13853	0.08631	0.01618	0.00912	0.00263	0.00497	0.06875	0.00763	0.00810
5	0.01107	0.00799	0.01050	0.01004	0.01187	0.00742	0.00765	0.01472	0.02169	0.03059	0.63457	0.05980	0.07134	0.01621	0.00924	0.00251	0.00388	0.05315	0.00845	0.00730
6	0.00979	0.00732	0.00913	0.01005	0.01132	0.00665	0.00713	0.01181	0.01697	0.02235	0.17133	0.42000	0.20051	0.02149	0.00962	0.00291	0.00431	0.04328	0.00745	0.00658
7	0.00987	0.00788	0.00883	0.00859	0.01090	0.00684	0.00644	0.01249	0.01933	0.02488	0.30968	0.06815	0.44241	0.01817	0.00916	0.00255	0.00382	0.01546	0.00772	0.00684
8	0.02896	0.03695	0.02197	0.01998	0.02397	0.69638	0.01498	0.03096	0.02197	0.01898	0.01199	0.01398	0.00999	0.00799	0.00699	0.00200	0.01398	0.00499	0.00400	0.00899
9	0.01223	0.00820	0.01077	0.00997	0.01202	0.00753	0.00753	0.01585	0.02196	0.06548	0.64113	0.05626	0.07032	0.01552	0.00907	0.00244	0.00381	0.01369	0.00859	0.00763
10	0.02947	0.02172	0.02327	0.01784	0.02404	0.02404	0.01474	0.65329	0.03646	0.04887	0.01862	0.01862	0.01319	0.00931	0.00776	0.00233	0.00853	0.00698	0.00776	0.01319
11	0.01608	0.01378	0.01608	0.01148	0.01837	0.01034	0.00919	0.01952	0.01608	0.02527	0.01378	0.01608	0.01148	0.00574	0.00574	0.00115	0.00574	0.00459	0.00459	0.77491
12	0.00945	0.00675	0.00900	0.01080	0.01125	0.00630	0.00720	0.01080	0.01484	0.01979	0.04274	0.72245	0.05128	0.02429	0.00990	0.00315	0.00450	0.02204	0.00720	0.00630
13	0.01555	0.04011	0.68733	0.02210	0.03356	0.01801	0.02865	0.02455	0.01637	0.02455	0.01391	0.01637	0.00982	0.00737	0.00737	0.00246	0.01146	0.00573	0.00327	0.01146
14	0.01117	0.00750	0.00856	0.00862	0.00872	0.00745	0.00493	0.01139	0.01188	0.01591	0.05135	0.08439	0.03113	0.66412	0.03678	0.00710	0.00721	0.01192	0.00498	0.00488
15	0.78228	0.01499	0.01140	0.01020	0.01499	0.01739	0.00840	0.02279	0.01320	0.03479	0.01080	0.01260	0.00840	0.00720	0.00480	0.00240	0.00600	0.00420	0.00480	0.00840
16	0.01696	0.01696	0.02375	0.02036	0.02036	0.02375	0.01696	0.01866	0.01187	0.01866	0.01018	0.01696	0.01018	0.01357	0.02545	0.00339	0.71332	0.00679	0.00339	0.00848
17	0.01686	0.00955	0.00980	0.00893	0.01144	0.00992	0.00691	0.11993	0.01950	0.03211	0.02422	0.02726	0.01880	0.00908	0.00579	0.00189	0.00440	0.00719	0.64824	0.00818
18	0.00945	0.00675	0.00900	0.01080	0.01125	0.00630	0.00720	0.01080	0.01484	0.01979	0.04274	0.72245	0.05128	0.02429	0.00990	0.00315	0.00450	0.02204	0.00720	0.00630
19	0.01029	0.00718	0.00867	0.00951	0.00989	0.00689	0.00594	0.01104	0.01335	0.01763	0.03642	0.36529	0.08031	0.35461	0.02375	0.00517	0.00588	0.01662	0.00602	0.00556
20	0.01067	0.00786	0.00998	0.00956	0.01143	0.00717	0.00713	0.01401	0.02107	0.02928	0.57001	0.09115	0.14836	0.01673	0.00918	0.00249	0.00373	0.01469	0.00830	0.00717
21	0.01591	0.01378	0.01692	0.01225	0.01893	0.01053	0.03300	0.01939	0.01611	0.02504	0.01495	0.04292	0.01300	0.00647	0.00603	0.00128	0.00597	0.00542	0.00467	0.71744
22	0.01907	0.44587	0.24996	0.01644	0.02433	0.05752	0.01824	0.02367	0.01613	0.02033	0.01223	0.01447	0.01026	0.00886	0.03169	0.00234	0.01006	0.00486	0.00337	0.01028
23	0.01608	0.01378	0.01608	0.01148	0.01837	0.01034	0.00919	0.01952	0.01608	0.02527	0.01378	0.01608	0.01148	0.00574	0.00574	0.00115	0.00574	0.00459	0.00459	0.77491
24	0.02547	0.04791	0.08130	0.01632	0.02195	0.06150	0.01414	0.27437	0.08235	0.16518	0.02401	0.10894	0.01946	0.01099	0.00785	0.00244	0.00804	0.00884	0.00724	0.01169
25	0.01577	0.01446	0.02498	0.21432	0.06136	0.01581	0.17378	0.04453	0.01676	0.02356	0.02004	0.12721	0.01834	0.01072	0.00989	0.00263	0.07973	0.00978	0.10747	0.00887
26	0.04524	0.00754	0.00739	0.00735	0.00927	0.00763	0.00554	0.01826	0.01614	0.02914	0.02471	0.02825	0.01941	0.00896	0.00540	0.00183	0.00371	0.00711	0.73985	0.00727
27	0.01315	0.01039	0.01413	0.01324	0.01439	0.01147	0.03888	0.06225	0.01497	0.02055	0.02739	0.26889	0.03061	0.22255	0.09783	0.00538	0.10791	0.01355	0.00550	0.00695
28	0.01608	0.01378	0.01608	0.01148	0.01837	0.01034	0.00919	0.01952	0.01608	0.02527	0.01378	0.01608	0.01148	0.00574	0.00574	0.00115	0.00574	0.00459	0.00459	0.77491
29	0.01830	0.02092	0.04575	0.03268	0.04052	0.01961	0.65098	0.02484	0.01830	0.02484	0.01569	0.02092	0.01176	0.00654	0.00915	0.00261	0.01307	0.00915	0.00392	0.01046
30	0.01011	0.00813	0.00905	0.00878	0.01115	0.00719	0.00659	0.01326	0.03749	0.02499	0.29610	0.06720	0.43640	0.01799	0.00912	0.00255	0.00389	0.01529	0.00771	0.00699
31	0.00945	0.00675	0.00900	0.01080	0.01125	0.00630	0.00720	0.01080	0.01484	0.01979	0.04274	0.72245	0.05128	0.02429	0.00990	0.00315	0.00450	0.02204	0.00720	0.00630
32	0.01939	0.01657	0.01744	0.01558	0.01998	0.01903	0.01215	0.06927	0.61069	0.03279	0.03271	0.03016	0.04779	0.01081	0.00793	0.00261	0.00617	0.00897	0.00786	0.01210
33	0.01801	0.01533	0.02178	0.16320	0.17559	0.01500	0.01577	0.04561	0.03636	0.05642	0.01531	0.01873	0.01216	0.00723	0.00771	0.00195	0.03926	0.00605	0.00459	0.32395
34	0.04720	0.01127	0.01349	0.01224	0.01424	0.01211	0.00891	0.04376	0.09311	0.10086	0.02555	0.13512	0.02542	0.26265	0.02177	0.03433	0.08479	0.01077	0.00596	0.03644
35	0.03228	0.01450	0.01847	0.01446	0.02027	0.01368	0.01185	0.10042	0.10546	0.53728	0.02950	0.02593	0.01916	0.00968	0.00780	0.00242	0.00673	0.00784	0.00919	0.01308
36	0.00971	0.00782	0.00866	0.00857	0.01084	0.00676	0.00638	0.01215	0.01879	0.02388	0.25284	0.10378	0.46507	0.01876	0.00920	0.00259	0.00388	0.01597	0.00759	0.00676
37	0.01786	0.02110	0.07413	0.08445	0.05772	0.01945	0.53382	0.02420	0.01776	0.02424	0.01524	0.02050	0.01152	0.00692	0.00946	0.00262	0.03617	0.00867	0.00383	0.01035
38	0.01315	0.00947	0.01130	0.01050	0.01297	0.00913	0.00799	0.04073	0.08034	0.05676	0.38258	0.05663	0.18416	0.05330	0.01058	0.00280	0.00459	0.03712	0.00796	0.00794
39	0.69400	0.01542	0.01256	0.01092	0.01588	0.01763	0.00900	0.07043	0.01532	0.06380	0.01223	0.01364	0.00922	0.00746	0.00515	0.00239	0.00621	0.00456	0.00523	0.00896
40	0.00940	0.00785	0.00822	0.00834	0.01078	0.00667	0.00628	0.01149	0.01777	0.02151	0.10681	0.10458	0.59054	0.01972	0.00926	0.00267	0.00406	0.04017	0.00727	0.00660
41	0.01581	0.07448	0.65521	0.02166	0.03288	0.01864	0.02788	0.02449	0.01634	0.02424	0.01376	0.01617	0.00983	0.00733	0.00725	0.00242	0.01130	0.00565	0.00328	0.01138
42	0.02845	0.01994	0.02160	0.01677	0.02260	0.02183	0.01379	0.54011	0.06222	0.09360	0.02050	0.02031	0.01452	0.00937	0.00762	0.00231	0.00797	0.00714	0.05660	0.01277
43	0.01071	0.00790	0.01004	0.00976	0.01162	0.00723	0.00735	0.01401	0.02079	0.02871	0.52894	0.09660	0.15469	0.01708	0.00926	0.00255	0.00390	0.04348	0.00821	0.00715
44	0.00988	0.00693	0.00887	0.01024	0.01059	0.00659	0.00661	0.01091	0.01400	0.01867	0.03840	0.56354	0.04582	0.19066	0.01689	0.00418	0.00521	0.01950	0.00661	0.00592
45	0.00956	0.00683	0.00913	0.01093	0.01143	0.00640	0.00740	0.01099	0.01496	0.01992	0.04267	0.69873	0.05103	0.02418	0.00993	0.00316	0.00460	0.04464	0.00720	0.00633
46	0.02947	0.02172	0.02327	0.01784	0.02404	0.02404	0.01474	0.65329	0.03646	0.04887	0.01862	0.01862	0.01319	0.00931	0.00776	0.00233	0.00853	0.00698	0.00776	0.01319
47	0.03022	0.01868	0.02105	0.01622	0.02216	0.01976	0.01337	0.45330	0.03156	0.22314	0.02224	0.02125	0.01516	0.00937	0.00766	0.00232	0.00776	0.00722	0.04466	0.01290
48	0.02044	0.56375	0.03592	0.01434	0.01985	0.05524	0.01353	0.04296	0.01652	0.01992	0.04271	0.01540	0.01310	0.00802	0.00772	0.00193	0.09015	0.00505	0.00375	0.00972
49	0.01620	0.01389	0.01614	0.01165	0.01845	0.01069	0.00931	0.02038	0.04169	0.02555	0.01448	0.01659	0.01197	0.00593	0.00583	0.00121	0.00576	0.00476	0.00472	0.74481
50	0.65062	0.01473	0.01229	0.01070	0.01554	0.01660	0.00879	0.04527	0.01501	0.10075	0.01364	0.01485	0.01011	0.00758	0.00523	0.00237	0.00605	0.00478	0.03608	0.00900
51	0.01113	0.00759	0.00909	0.00920	0.00944	0.00776	0.00560	0.01163	0.01168	0.01578	0.02505	0.09060	0.02835	0.58278	0.13561	0.00798	0.00930	0.01152	0.00478	0.00513
52	0.01464	0.01378	0.02326	0.70887	0.05340	0.01723	0.02153	0.01981	0.01550	0.01981	0.01378	0.02067	0.01034	0.00775	0.00775	0.00258	0.01034	0.00689	0.00345	0.00861
53	0.01204	0.00821	0.01083	0.01025	0.01224	0.00760	0.00786	0.01567	0.02165	0.05670	0.60223	0.05884	0.06888	0.01601	0.00921	0.00252	0.00403	0.05919	0.00847	0.00754
54	0.78228	0.01499	0.01140	0.01020	0.01499	0.01739	0.00840	0.02279	0.01320	0.03479	0.01080	0.01260	0.00840	0.00720	0.00480	0.00240	0.00600	0.00420	0.00480	0.00840
55	0.01128	0.00752	0.00846	0.00846	0.00846	0.00752	0.00470	0.01128	0.01128	0.01503	0.02443	0.05074	0.02819	0.72751	0.03946	0.00752	0.00752	0.01128	0.00470	0.00470
56	0.02896	0.03695	0.02197	0.01998	0.02397	0.69638	0.01498	0.03096	0.02197	0.01898	0.01199	0.01398	0.00999	0.00799	0.00699	0.00200	0.01398	0.00499	0.00400	0.00899
57	0.02947	0.02172	0.02327	0.01784	0.02404	0.02404	0.01474	0.65329	0.03646	0.04887	0.01862	0.01862	0.01319	0.00931	0.00776	0.00233	0.00853	0.00698	0.00776	0.01319
58	0.00945	0.00675	0.00900	0.01080	0.01125	0.00630	0.00720	0.01080	0.01484	0.01979	0.04274	0.72245	0.05128	0.02429	0.00990	0.00315	0.00450	0.02204	0.00720	0.00630
59	0.78228	0.01499	0.01140	0.01020	0.01499	0.01739	0.00840	0.02279	0.01320	0.03479	0.01080	0.01260	0.00840	0.00720	0.00480	0.00240	0.00600	0.00420	0.00480	0.00840
60	0.16927	0.01352	0.01681	0.01315	0.01893	0.01248	0.01086	0.03509	0.02057	0.56762	0.02703	0.02391	0.01725	0.00917	0.00726	0.00240	0.00649	0.00715	0.00873	0.01233
61	0.01128	0.00752	0.00846	0.00846	0.00846	0.00752	0.00470	0.01128	0.01128	0.01503	0.02443	0.05074	0.02819	0.72751	0.03946	0.00752	0.00752	0.01128	0.00470	0.00470
62	0.03479	0.01320	0.01799	0.01380	0.01979	0.01140	0.01140	0.03779	0.02219	0.68451	0.03059	0.02639	0.01919	0.00960	0.00780	0.00240	0.00660	0.00780	0.00960	0.01320
63	0.02910	0.02153	0.02306	0.01776	0.02390	0.02387	0.01465	0.63077	0.05958	0.04826	0.01909	0.01899	0.01357	0.00935	0.00776	0.00234	0.00844	0.00705	0.00776	0.01315
64	0.01097	0.00793	0.01036	0.00975	0.01158	0.00732	0.00732	0.01463	0.02195	0.03109	0.67505	0.05792	0.07316	0.01585	0.00914	0.00244	0.00366	0.01402	0.00854	0.00732
65	0.02896	0.03695	0.02197	0.01998	0.02397	0.69638	0.01498	0.03096	0.02197	0.01898	0.01199	0.01398	0.00999	0.00799	0.00699	0.00200	0.01398	0.00499	0.00400	0.00899
66	0.01696	0.01696	0.02375	0.02036	0.02036	0.02375	0.01696	0.01866	0.01187	0.01866	0.01018	0.01696	0.01018	0.01357	0.02545	0.00339	0.71332	0.00679	0.00339	0.00848
67	0.00945	0.00675	0.00900	0.01080	0.01125	0.00630	0.00720	0.01080	0.01484	0.01979	0.04274	0.72245	0.05128	0.02429	0.00990	0.00315	0.00450	0.02204	0.00720	0.00630
68	0.01696	0.01696	0.02375	0.02036	0.02036	0.02375	0.01696	0.01866	0.01187	0.01866	0.01018	0.01696	0.01018	0.01357	0.02545	0.00339	0.71332	0.00679	0.00339	0.00848
69	0.00945	0.00675	0.00900	0.01080	0.01125	0.00630	0.00720	0.01080	0.01484	0.01979	0.04274	0.72245	0.05128	0.02429	0.00990	0.00315	0.00450	0.02204	0.00720	0.00630
70	0.01696	0.01696	0.02375	0.02036	0.02036	0.02375	0.01696	0.01866	0.01187	0.01866	0.01018	0.01696	0.01018	0.01357	0.02545	0.00339	0.71332	0.00679	0.00339	0.00848
71	0.70480	0.01458	0.01166	0.01031	0.01507	0.01662	0.00847	0.02357	0.01389	0.07604	0.01262	0.01411	0.00953	0.00742	0.00501	0.00238	0.00594	0.00455	0.03478	0.00866
72	0.01108	0.00831	0.01246	0.01246	0.01385	0.00969	0.00969	0.01385	0.01246	0.01800	0.02077	0.03046	0.01938	0.05815	0.69678	0.01246	0.02077	0.00831	0.00415	0.00692
73	0.01108	0.00831	0.01246	0.01246	0.01385	0.00969	0.00969	0.01385	0.01246	0.01800	0.02077	0.03046	0.01938	0.05815	0.69678	0.01246	0.02077	0.00831	0.00415	0.00692
74	0.00978	0.00698	0.00938	0.01118	0.01177	0.00658	0.00777	0.01137	0.01517	0.02016	0.04255	0.65334	0.05056	0.02398	0.00999	0.00319	0.00479	0.08787	0.00719	0.00639
75	0.05257	0.38919	0.03260	0.02025	0.11836	0.20277	0.01522	0.02515	0.01742	0.02015	0.01164	0.01402	0.01025	0.00731	0.00666	0.00194	0.03607	0.00488	0.00363	0.00993
76	0.01664	0.01658	0.02407	0.04764	0.02215	0.02266	0.04204	0.01872	0.01230	0.01892	0.01104	0.01791	0.01069	0.01519	0.05613	0.00376	0.62465	0.00696	0.00345	0.00849
77	0.01787	0.03265	0.48591	0.05267	0.05627	0.01720	0.04911	0.02630	0.04925	0.09044	0.01653	0.01845	0.01169	0.00766	0.00748	0.00242	0.01045	0.00628	0.00423	0.03715
78	0.00945	0.00675	0.00900	0.01080	0.01125	0.00630	0.00720	0.01080	0.01484	0.01979	0.04274	0.72245	0.05128	0.02429	0.00990	0.00315	0.00450	0.02204	0.00720	0.00630
79	0.01849	0.01745	0.02686	0.27665	0.28298	0.06933	0.06706	0.02310	0.01776	0.05529	0.05713	0.02227	0.01559	0.00797	0.00786	0.00242	0.00979	0.00742	0.00430	0.01031
80	0.00936	0.00771	0.00822	0.00842	0.01067	0.00658	0.00619	0.01138	0.01764	0.02164	0.12382	0.16273	0.53892	0.01996	0.00926	0.00268	0.00398	0.01695	0.00731	0.00658
81	0.01555	0.04011	0.68733	0.02210	0.03356	0.01801	0.02865	0.02455	0.01637	0.02455	0.01391	0.01637	0.00982	0.00737	0.00737	0.00246	0.01146	0.00573	0.00327	0.01146
82	0.02516	0.01837	0.02020	0.01623	0.02111	0.02035	0.01306	0.45904	0.10810	0.04044	0.01950	0.02105	0.01473	0.01391	0.03685	0.11789	0.00843	0.00721	0.00698	0.01138
83	0.02419	0.04553	0.01941	0.04398	0.06690	0.01554	0.01298	0.14962	0.10066	0.23775	0.05487	0.03497	0.07852	0.01148	0.00811	0.00251	0.00703	0.06698	0.00764	0.01133
84	0.01783	0.01493	0.01860	0.07805	0.02294	0.01360	0.03652	0.12296	0.04358	0.02844	0.01749	0.07082	0.01512	0.00812	0.00678	0.00174	0.00683	0.00685	0.00529	0.46350
85	0.04211	0.01230	0.01451	0.01258	0.01636	0.01249	0.00987	0.05747	0.19440	0.17801	0.27871	0.04071	0.07242	0.01264	0.00831	0.00248	0.00529	0.01071	0.00839	0.01023
86	0.01740	0.02752	0.30372	0.05982	0.30680	0.01836	0.10676	0.02409	0.01713	0.02474	0.01442	0.01830	0.01113	0.00708	0.00774	0.00242	0.01068	0.00671	0.00360	0.01157
87	0.01490	0.01260	0.01467	0.01137	0.01700	0.00999	0.00886	0.01887	0.04762	0.02460	0.02268	0.11558	0.05986	0.00936	0.00662	0.00158	0.00548	0.00790	0.00527	0.58519
88	0.00959	0.00698	0.00904	0.01041	0.01121	0.00643	0.00709	0.01124	0.01587	0.02113	0.11465	0.59108	0.11077	0.02295	0.00975	0.00302	0.00435	0.02065	0.00734	0.00643
89	0.01157	0.00786	0.00995	0.01014	0.01189	0.00719	0.00751	0.01425	0.01876	0.05621	0.30328	0.25140	0.15902	0.01873	0.00928	0.00272	0.00430	0.05533	0.03346	0.00716
90	0.01774	0.01426	0.01662	0.01199	0.01880	0.01126	0.00964	0.06077	0.01764	0.05514	0.01481	0.01668	0.01192	0.00614	0.00596	0.00128	0.00596	0.00488	0.00501	0.69350
91	0.01802	0.06231	0.50418	0.02389	0.09102	0.04851	0.05078	0.02558	0.01716	0.06628	0.01490	0.01719	0.01074	0.00743	0.00738	0.00239	0.01100	0.00601	0.00379	0.01144
92	0.01819	0.01746	0.03025	0.08962	0.54576	0.01759	0.06261	0.02278	0.01743	0.02461	0.01664	0.05286	0.01481	0.00815	0.00796	0.00242	0.00926	0.02605	0.00406	0.01149
93	0.42329	0.01770	0.01588	0.09675	0.02171	0.09625	0.01176	0.08624	0.01724	0.05665	0.01353	0.01589	0.01037	0.00806	0.00685	0.00239	0.04204	0.00531	0.04299	0.00910
94	0.01066	0.00726	0.00864	0.00924	0.00939	0.00711	0.00553	0.01112	0.01247	0.01662	0.03055	0.27525	0.03591	0.49247	0.02958	0.00606	0.00651	0.01487	0.00553	0.00523
95	0.01243	0.01023	0.01479	0.01402	0.01500	0.01277	0.01105	0.01479	0.01226	0.01797	0.01857	0.02861	0.01782	0.08849	0.50391	0.01009	0.17790	0.00814	0.00401	0.00714
96	0.01524	0.01413	0.05077	0.41926	0.03905	0.01551	0.04923	0.01973	0.01565	0.04592	0.01844	0.09473	0.01597	0.01007	0.00919	0.00262	0.06454	0.00860	0.08278	0.00861
97	0.01113	0.00820	0.01018	0.01111	0.01235	0.00797	0.00794	0.03717	0.04431	0.02208	0.07308	0.44964	0.11170	0.07557	0.01196	0.00339	0.00513	0.08312	0.00711	0.00686
98	0.01512	0.04585	0.01794	0.06895	0.04483	0.01302	0.05716	0.02196	0.14657	0.04935	0.09358	0.22353	0.06355	0.01397	0.00834	0.00253	0.00635	0.01248	0.00645	0.08846
99	0.11929	0.43758	0.08271	0.01540	0.05149	0.05797	0.01398	0.02458	0.05735	0.02266	0.01327	0.01499	0.01119	0.00720	0.00557	0.00193	0.00820	0.00489	0.03979	0.00995
100	0.01194	0.00808	0.00920	0.00900	0.00930	0.00824	0.00531	0.03529	0.01227	0.01644	0.02404	0.04856	0.02720	0.66819	0.07029	0.00756	0.00820	0.01097	0.00479	0.00512
101	0.01612	0.01394	0.01645	0.01192	0.01847	0.01099	0.00957	0.01948	0.01587	0.02494	0.01361	0.01612	0.01142	0.00612	0.00670	0.00126	0.04019	0.00470	0.00454	0.73759
102	0.15192	0.01375	0.01755	0.09482	0.08687	0.01399	0.01252	0.07845	0.01987	0.22071	0.12142	0.02766	0.02363	0.04376	0.00891	0.00261	0.00690	0.00793	0.00676	0.03997
103	0.70580	0.01481	0.01207	0.01056	0.01549	0.01678	0.00870	0.02433	0.01412	0.10126	0.01282	0.01401	0.00950	0.00744	0.00511	0.00240	0.00606	0.00457	0.00529	0.00889
104	0.01122	0.00749	0.00847	0.00852	0.00854	0.00748	0.00477	0.01126	0.01138	0.01517	0.02496	0.07021	0.02886	0.70713	0.03861	0.00739	0.00743	0.01159	0.00477	0.00474
105	0.01040	0.00744	0.01002	0.01142	0.01240	0.00707	0.00843	0.01264	0.01671	0.02244	0.14686	0.46724	0.05337	0.02224	0.00996	0.00313	0.00496	0.15920	0.00741	0.00666
106	0.01111	0.00751	0.00844	0.00850	0.00865	0.00743	0.00484	0.01125	0.01171	0.01548	0.02771	0.07364	0.06111	0.66961	0.03700	0.00713	0.00724	0.01188	0.00490	0.00484
107	0.01109	0.00827	0.01229	0.01229	0.01361	0.00960	0.00948	0.01374	0.01241	0.01787	0.02093	0.03133	0.01976	0.08696	0.66850	0.01225	0.02020	0.00844	0.00418	0.00683
108	0.02146	0.01646	0.01781	0.01563	0.02027	0.01857	0.01227	0.06518	0.56659	0.10764	0.03093	0.02823	0.02274	0.01037	0.00787	0.00259	0.00628	0.00858	0.00808	0.01241
109	0.01626	0.10260	0.57387	0.02216	0.03288	0.01931	0.07919	0.02445	0.01647	0.02399	0.01377	0.01639	0.01000	0.00723	0.00729	0.00239	0.01130	0.00587	0.00333	0.01124
110	0.34606	0.01665	0.01639	0.01330	0.01854	0.01818	0.01090	0.25492	0.02335	0.08980	0.07413	0.02004	0.01686	0.00886	0.00654	0.00232	0.00676	0.00639	0.00658	0.04342
111	0.06546	0.14040	0.35525	0.02020	0.05897	0.01916	0.05235	0.02282	0.01590	0.02379	0.01451	0.04957	0.01210	0.00818	0.00787	0.00230	0.04671	0.00635	0.00374	0.07436

[dist]
# distance from previous block
# <min> <max>
0	1

[block]
# block no. 3 follows, 25 sequences, length 34
# corresponding to MSA columns:
# 290-323
name=unknown_D
#
# <colnr> <probs for GDERKNQSTAVLIFYWHMCP>
#	G	D	E	R	K	N	Q	S	T	A	V	L	I	F	Y	W	H	M	C	P
0	0.12232	0.24256	0.18772	0.01717	0.02395	0.08351	0.05814	0.04905	0.03680	0.02464	0.01356	0.01582	0.01085	0.00766	0.00715	0.00219	0.04184	0.00546	0.03957	0.01005
1	0.01208	0.00840	0.01077	0.01043	0.01255	0.00745	0.00762	0.01481	0.01867	0.05814	0.32685	0.28605	0.07979	0.01757	0.00898	0.00255	0.00433	0.01561	0.00764	0.08969
2	0.05989	0.13868	0.28917	0.11782	0.05710	0.01948	0.02044	0.05813	0.01749	0.02521	0.07687	0.02042	0.01624	0.00850	0.00797	0.00237	0.04328	0.00653	0.00418	0.01023
3	0.09728	0.08203	0.06461	0.02393	0.22104	0.01647	0.01563	0.05405	0.05702	0.09288	0.08639	0.08921	0.02376	0.01055	0.00760	0.00243	0.00740	0.03143	0.00575	0.01052
4	0.01491	0.00990	0.01219	0.01116	0.01394	0.00960	0.00864	0.02108	0.11848	0.10642	0.41487	0.05285	0.11701	0.01494	0.00887	0.00253	0.00456	0.04102	0.00837	0.00867
5	0.02865	0.01323	0.01703	0.01347	0.01855	0.01229	0.01096	0.12107	0.02419	0.44580	0.17417	0.03238	0.03050	0.01097	0.00810	0.00240	0.00621	0.00908	0.00909	0.01187
6	0.01904	0.02041	0.13373	0.25329	0.05933	0.05263	0.03774	0.10263	0.08430	0.05739	0.01812	0.02122	0.01341	0.00831	0.00747	0.00241	0.00926	0.00694	0.08208	0.01031
7	0.02651	0.05561	0.01859	0.01426	0.01925	0.04134	0.01156	0.05083	0.19376	0.34740	0.08101	0.02834	0.02377	0.01219	0.03717	0.00283	0.00728	0.00825	0.00820	0.01185
8	0.01031	0.00833	0.00922	0.00892	0.01135	0.00746	0.00671	0.01388	0.05235	0.02503	0.28183	0.06652	0.43467	0.01786	0.00909	0.00256	0.00395	0.01517	0.00770	0.00710
9	0.01508	0.00838	0.00897	0.00857	0.01046	0.00887	0.00658	0.04574	0.01676	0.02878	0.02406	0.02795	0.01909	0.01155	0.03861	0.00240	0.03881	0.00724	0.66457	0.00753
10	0.01824	0.02370	0.18847	0.08917	0.15109	0.01899	0.20069	0.08130	0.04991	0.02656	0.01647	0.03946	0.01303	0.00815	0.00886	0.00254	0.04026	0.00778	0.00432	0.01100
11	0.01030	0.00741	0.00976	0.01021	0.01143	0.00687	0.00726	0.01294	0.01881	0.02611	0.39603	0.35115	0.06351	0.01958	0.00948	0.00275	0.00403	0.01756	0.00794	0.00687
12	0.01929	0.01666	0.01753	0.01578	0.02016	0.01929	0.01227	0.04120	0.66513	0.03243	0.03156	0.02893	0.02367	0.01052	0.00789	0.00263	0.00614	0.00877	0.00789	0.01227
13	0.02073	0.73217	0.04063	0.01327	0.01990	0.03068	0.01327	0.02322	0.01575	0.01824	0.01078	0.01244	0.00995	0.00663	0.00498	0.00166	0.00829	0.00415	0.00332	0.00995
14	0.01292	0.00934	0.01084	0.01032	0.01179	0.00955	0.00713	0.08869	0.01621	0.02150	0.05857	0.10592	0.13219	0.34309	0.12261	0.00626	0.00858	0.01218	0.00575	0.00657
15	0.00967	0.00689	0.00916	0.01089	0.01139	0.00648	0.00738	0.01109	0.01487	0.01980	0.04197	0.66462	0.05008	0.05005	0.01103	0.00333	0.00475	0.05316	0.00710	0.00628
16	0.01206	0.00815	0.01074	0.01018	0.01213	0.00752	0.00772	0.01557	0.02143	0.06036	0.58720	0.09070	0.06838	0.01622	0.00919	0.00252	0.00398	0.03996	0.00846	0.00753
17	0.13602	0.26700	0.22537	0.05590	0.02562	0.10173	0.01773	0.02481	0.01651	0.04757	0.01277	0.01481	0.01005	0.00727	0.00616	0.00213	0.00961	0.00502	0.00385	0.01010
18	0.18822	0.06310	0.10048	0.18491	0.06654	0.05263	0.01708	0.05273	0.01660	0.07776	0.01401	0.01735	0.01073	0.00843	0.00907	0.00250	0.09767	0.00596	0.00445	0.00977
