[name]
unknown

[dist]
# distance from previous block
# <min> <max>
0	17

[block]
# block no. 0 follows, 21 sequences, length 19
# corresponding to MSA columns:
# 28-46
name=unknown_A
#
# <colnr> <probs for GDERKNQSTAVLIFYWHMCP>
#	G	D	E	R	K	N	Q	S	T	A	V	L	I	F	Y	W	H	M	C	P
0	0.01371	0.00980	0.01371	0.01567	0.01763	0.00980	0.01371	0.01763	0.01959	0.02547	0.04506	0.09599	0.04898	0.02351	0.01175	0.00392	0.00784	0.59056	0.00784	0.00784
1	0.01744	0.08671	0.61735	0.02363	0.03587	0.02066	0.03035	0.02686	0.01792	0.02650	0.01505	0.01769	0.01079	0.00803	0.00792	0.00264	0.01235	0.00618	0.00360	0.01247
2	0.06248	0.00841	0.01173	0.04814	0.01431	0.00869	0.00851	0.01274	0.01270	0.01811	0.02119	0.16196	0.02273	0.02640	0.02549	0.50902	0.00705	0.01066	0.00466	0.00503
3	0.02045	0.01917	0.03195	0.04583	0.03184	0.01790	0.25994	0.12126	0.02219	0.03112	0.01930	0.07268	0.01636	0.00895	0.00862	0.00235	0.01017	0.00908	0.00549	0.24536
4	0.43354	0.02320	0.19038	0.01490	0.02194	0.01768	0.01526	0.02412	0.01543	0.03231	0.01330	0.01626	0.01038	0.00958	0.00841	0.06359	0.00828	0.00533	0.00466	0.07142
5	0.02071	0.47972	0.13452	0.01689	0.02377	0.02916	0.01737	0.02446	0.01667	0.02112	0.01300	0.01617	0.01160	0.01196	0.05149	0.00295	0.08852	0.00545	0.00370	0.01077
6	0.01742	0.01001	0.01198	0.01118	0.01271	0.00976	0.00736	0.05053	0.01643	0.12390	0.03046	0.14118	0.03205	0.45275	0.03103	0.00633	0.00767	0.01319	0.00662	0.00745
7	0.01737	0.01347	0.01549	0.01271	0.01779	0.01189	0.00969	0.02387	0.11819	0.04816	0.02505	0.11241	0.02301	0.06788	0.01040	0.00250	0.00620	0.00923	0.06671	0.38800
8	0.14108	0.10445	0.18188	0.02453	0.03202	0.02281	0.21707	0.02555	0.01724	0.02709	0.01432	0.01854	0.01130	0.00873	0.01108	0.00280	0.11717	0.00723	0.00413	0.01096
9	0.02275	0.70604	0.04459	0.01456	0.02184	0.03367	0.01456	0.02548	0.01729	0.02002	0.01183	0.01365	0.01092	0.00728	0.00546	0.00182	0.00910	0.00455	0.00364	0.01092
10	0.01870	0.01885	0.02737	0.02307	0.02354	0.02582	0.05096	0.02085	0.01341	0.02085	0.01150	0.01885	0.01127	0.01448	0.02696	0.00368	0.64907	0.00759	0.00376	0.00943
11	0.06324	0.01419	0.01840	0.01419	0.02050	0.01222	0.01160	0.03538	0.02282	0.47350	0.08023	0.02934	0.02409	0.01030	0.00817	0.00241	0.00679	0.00838	0.00931	0.13494
12	0.01205	0.00811	0.00938	0.00970	0.00978	0.00803	0.00561	0.01229	0.01302	0.01736	0.03011	0.16069	0.03510	0.59024	0.03799	0.00746	0.00771	0.01432	0.00561	0.00544
13	0.13513	0.01006	0.01175	0.01119	0.01373	0.00999	0.00869	0.01766	0.02215	0.03409	0.49097	0.05804	0.06608	0.01634	0.00939	0.00277	0.00475	0.06046	0.00857	0.00821
14	0.02101	0.22101	0.38876	0.02127	0.03108	0.12970	0.02445	0.02771	0.01880	0.02409	0.01400	0.01638	0.01085	0.00798	0.00731	0.00238	0.01210	0.00569	0.00374	0.01169
15	0.01293	0.01009	0.01623	0.01511	0.01723	0.00952	0.10756	0.01584	0.01745	0.02473	0.06044	0.45304	0.04437	0.02037	0.00989	0.00309	0.00629	0.01888	0.12908	0.00787
16	0.01363	0.01143	0.01717	0.01485	0.01831	0.01005	0.08729	0.01697	0.01898	0.02677	0.18099	0.30619	0.04692	0.01742	0.00956	0.00271	0.00623	0.01602	0.00716	0.17135
17	0.01498	0.01096	0.01340	0.01305	0.01546	0.01091	0.01002	0.11398	0.02344	0.03166	0.24091	0.24785	0.09873	0.02010	0.01027	0.00308	0.00573	0.09831	0.00847	0.00867
18	0.02103	0.02571	0.20726	0.01771	0.02656	0.01745	0.01783	0.16747	0.02314	0.03376	0.01645	0.01841	0.01252	0.00777	0.00736	0.00199	0.00888	0.00604	0.00545	0.35718

[dist]
# distance from previous block
# <min> <max>
0	3

[block]
# block no. 1 follows, 21 sequences, length 7
# corresponding to MSA columns:
# 50-56
name=unknown_B
#
# <colnr> <probs for GDERKNQSTAVLIFYWHMCP>
#	G	D	E	R	K	N	Q	S	T	A	V	L	I	F	Y	W	H	M	C	P
0	0.46404	0.08914	0.01822	0.01333	0.01874	0.07667	0.01106	0.06457	0.01872	0.08970	0.05420	0.01883	0.01540	0.00889	0.00629	0.00251	0.00768	0.00590	0.00595	0.01017
1	0.04634	0.01075	0.01433	0.01554	0.07172	0.01096	0.01050	0.01670	0.02051	0.02939	0.34923	0.16014	0.11549	0.01779	0.01139	0.00290	0.06484	0.01521	0.00783	0.00843
2	0.02666	0.02004	0.02188	0.01661	0.02332	0.02045	0.01358	0.39279	0.03155	0.04410	0.01930	0.02035	0.01440	0.00898	0.00765	0.00211	0.00804	0.00687	0.05868	0.24263
3	0.14771	0.01892	0.02034	0.08873	0.02560	0.02091	0.01409	0.34609	0.02955	0.04207	0.03023	0.03061	0.12629	0.01168	0.00825	0.00266	0.00821	0.00899	0.00734	0.01174
4	0.02095	0.27306	0.33710	0.02121	0.03110	0.02427	0.07768	0.02757	0.01841	0.07224	0.01563	0.01774	0.01181	0.00790	0.00738	0.00240	0.01111	0.00619	0.00420	0.01204
5	0.01660	0.01100	0.01461	0.01585	0.07035	0.01048	0.01058	0.06377	0.02122	0.10228	0.16788	0.32062	0.10192	0.01945	0.00995	0.00300	0.00576	0.01725	0.00824	0.00922
6	0.02275	0.70604	0.04459	0.01456	0.02184	0.03367	0.01456	0.02548	0.01729	0.02002	0.01183	0.01365	0.01092	0.00728	0.00546	0.00182	0.00910	0.00455	0.00364	0.01092

[dist]
# distance from previous block
# <min> <max>
0	4

[block]
# block no. 2 follows, 21 sequences, length 15
# corresponding to MSA columns:
# 61-75
name=unknown_C
#
# <colnr> <probs for GDERKNQSTAVLIFYWHMCP>
#	G	D	E	R	K	N	Q	S	T	A	V	L	I	F	Y	W	H	M	C	P
0	0.01072	0.00793	0.01008	0.01149	0.01267	0.00729	0.00814	0.01273	0.01773	0.02321	0.09857	0.48310	0.16650	0.02475	0.01073	0.00333	0.00500	0.07089	0.00800	0.00713
1	0.01893	0.01809	0.03045	0.30231	0.37659	0.02002	0.02470	0.02405	0.01808	0.02496	0.01538	0.02158	0.01249	0.00836	0.00955	0.00272	0.04852	0.00757	0.00401	0.01163
2	0.02222	0.64356	0.10238	0.01548	0.02326	0.03236	0.01615	0.02562	0.01736	0.02068	0.01216	0.01406	0.01091	0.00736	0.00571	0.00190	0.00943	0.00471	0.00364	0.01108
3	0.02034	0.01756	0.01845	0.01667	0.02134	0.02012	0.01295	0.04276	0.58668	0.03466	0.03849	0.03550	0.07216	0.01229	0.00876	0.00289	0.00655	0.01024	0.00860	0.01300
4	0.01791	0.14197	0.56625	0.02282	0.03461	0.02182	0.02894	0.02673	0.01787	0.02593	0.01476	0.01733	0.01080	0.00797	0.00770	0.00257	0.01206	0.00603	0.00360	0.01233
5	0.01797	0.14957	0.55922	0.02271	0.03444	0.02198	0.02875	0.02672	0.01786	0.02585	0.01472	0.01728	0.01080	0.00796	0.00767	0.00256	0.01202	0.00601	0.00360	0.01231
6	0.02106	0.02022	0.03454	0.05223	0.64784	0.02022	0.02612	0.02612	0.01938	0.02780	0.01601	0.02106	0.01348	0.00758	0.00842	0.00253	0.01011	0.00758	0.00421	0.01348
7	0.01206	0.00920	0.01169	0.01203	0.01417	0.00794	0.00841	0.01408	0.01661	0.02312	0.03950	0.53747	0.04611	0.02192	0.00980	0.00294	0.00526	0.01973	0.00723	0.18073
8	0.02543	0.02467	0.02858	0.13772	0.26265	0.15967	0.02112	0.17832	0.02527	0.03193	0.01638	0.01994	0.01285	0.00865	0.00830	0.00251	0.01124	0.00715	0.00528	0.01232
9	0.01317	0.01030	0.01508	0.01481	0.01662	0.00997	0.06710	0.06500	0.01867	0.02497	0.04180	0.57339	0.04856	0.02339	0.01058	0.00332	0.00622	0.02143	0.00761	0.00799
10	0.03187	0.03809	0.02433	0.02158	0.02632	0.57202	0.01640	0.12060	0.02647	0.02568	0.01423	0.01610	0.01148	0.00898	0.00780	0.00225	0.01446	0.00580	0.00500	0.01055
11	0.07938	0.01514	0.01967	0.01517	0.02169	0.01369	0.01253	0.07397	0.02470	0.58364	0.03157	0.02760	0.02000	0.01036	0.00837	0.00263	0.00733	0.00828	0.01011	0.01418
12	0.02313	0.04502	0.02085	0.01644	0.02112	0.13150	0.06306	0.19314	0.02568	0.03395	0.03026	0.03163	0.10876	0.01119	0.00792	0.00238	0.00864	0.00896	0.20592	0.01044
13	0.02979	0.02136	0.02280	0.01777	0.02383	0.02352	0.01458	0.52619	0.03656	0.05023	0.02157	0.02219	0.01561	0.01017	0.00811	0.00247	0.00852	0.00770	0.12356	0.01346
14	0.01170	0.01005	0.01019	0.00991	0.01307	0.00925	0.00750	0.01710	0.11010	0.02485	0.07858	0.07448	0.55289	0.02007	0.00985	0.00288	0.00467	0.01673	0.00801	0.00811

[dist]
# distance from previous block
# <min> <max>
4	7

[block]
# block no. 3 follows, 21 sequences, length 6
# corresponding to MSA columns:
# 83-88
name=unknown_D
#
# <colnr> <probs for GDERKNQSTAVLIFYWHMCP>
#	G	D	E	R	K	N	Q	S	T	A	V	L	I	F	Y	W	H	M	C	P
0	0.02008	0.02234	0.04672	0.03664	0.10828	0.02172	0.50835	0.02663	0.01948	0.02681	0.01664	0.02243	0.01284	0.00779	0.01120	0.00290	0.06379	0.00958	0.00425	0.01153
1	0.15057	0.01535	0.01828	0.01513	0.02021	0.01576	0.03723	0.05752	0.16211	0.24254	0.09456	0.03216	0.02673	0.06145	0.01079	0.00311	0.00713	0.00918	0.00834	0.01185
2	0.02084	0.02070	0.03694	0.04522	0.44781	0.02062	0.16654	0.02808	0.07390	0.02836	0.01795	0.02246	0.01445	0.00784	0.00883	0.00264	0.01083	0.00835	0.00463	0.01300
3	0.01351	0.01010	0.01249	0.01306	0.01545	0.00977	0.01063	0.05935	0.02110	0.02731	0.11724	0.15620	0.21177	0.02175	0.01077	0.00335	0.00624	0.26377	0.00807	0.00805
4	0.61335	0.01821	0.07240	0.01236	0.01796	0.01800	0.01116	0.02426	0.01581	0.03671	0.07827	0.01942	0.01680	0.00891	0.00603	0.00264	0.00687	0.00589	0.00554	0.00941
5	0.02035	0.38926	0.28847	0.02130	0.07552	0.02709	0.02219	0.02612	0.01772	0.02338	0.01352	0.01594	0.01106	0.00763	0.00674	0.00222	0.01057	0.00548	0.00367	0.01178

[dist]
# distance from previous block
# <min> <max>
14	33

[block]
# block no. 4 follows, 21 sequences, length 17
# corresponding to MSA columns:
# 122-138
name=unknown_E
#
# <colnr> <probs for GDERKNQSTAVLIFYWHMCP>
#	G	D	E	R	K	N	Q	S	T	A	V	L	I	F	Y	W	H	M	C	P
0	0.02117	0.02194	0.04528	0.03281	0.04061	0.02120	0.51303	0.02876	0.05426	0.06569	0.01886	0.02358	0.01405	0.00805	0.01086	0.00290	0.05062	0.00978	0.00490	0.01165
1	0.01874	0.23919	0.47633	0.02140	0.03241	0.02386	0.02647	0.02652	0.01777	0.02491	0.01426	0.01669	0.01082	0.00785	0.00731	0.00244	0.01155	0.00578	0.00361	0.01209
2	0.01102	0.00822	0.01160	0.01263	0.01369	0.00765	0.03603	0.01291	0.01671	0.02245	0.04696	0.60309	0.08582	0.02480	0.01058	0.00334	0.00530	0.02253	0.03749	0.00718
3	0.01277	0.00917	0.01205	0.01353	0.01487	0.00902	0.01024	0.05086	0.01879	0.02486	0.04470	0.46471	0.05142	0.02466	0.01100	0.00355	0.00612	0.20210	0.00792	0.00767
4	0.02443	0.56400	0.07490	0.01561	0.02294	0.07020	0.01542	0.02757	0.01841	0.07923	0.01412	0.01542	0.01186	0.00772	0.00603	0.00197	0.00951	0.00508	0.00432	0.01128
5	0.01238	0.00825	0.00928	0.00928	0.00928	0.00825	0.00516	0.01238	0.01238	0.01650	0.02681	0.05569	0.03094	0.70092	0.04331	0.00825	0.00825	0.01238	0.00516	0.00516
6	0.01135	0.00782	0.00959	0.01060	0.01085	0.00756	0.00656	0.01211	0.01439	0.01918	0.03713	0.38404	0.04395	0.35482	0.02666	0.00579	0.00655	0.01844	0.00656	0.00606
7	0.01793	0.01683	0.02744	0.44493	0.21846	0.01948	0.02338	0.02513	0.07475	0.02471	0.01718	0.02308	0.01329	0.00853	0.00850	0.00276	0.01057	0.00776	0.00435	0.01094
8	0.03434	0.01442	0.01881	0.01453	0.02077	0.01274	0.01192	0.06891	0.02411	0.51953	0.03102	0.02796	0.02018	0.01016	0.00815	0.00247	0.00698	0.00820	0.07845	0.06633
9	0.01077	0.00770	0.01030	0.01201	0.01276	0.00723	0.00833	0.01268	0.01730	0.02322	0.10579	0.59028	0.05814	0.02552	0.01084	0.00341	0.00505	0.06355	0.00804	0.00709
10	0.01920	0.02141	0.04542	0.03306	0.04048	0.02061	0.53002	0.02558	0.01934	0.02639	0.01927	0.07768	0.01635	0.00925	0.01122	0.00297	0.05519	0.01104	0.00456	0.01097
11	0.02036	0.08565	0.04055	0.02862	0.03521	0.06733	0.37989	0.02709	0.06274	0.02575	0.01950	0.07442	0.01677	0.00975	0.01086	0.00284	0.06688	0.01008	0.00479	0.01092
12	0.01321	0.00980	0.01373	0.01372	0.01540	0.01098	0.01047	0.05710	0.01607	0.02255	0.02758	0.16838	0.02798	0.05242	0.48606	0.01080	0.01818	0.01211	0.00552	0.00794
13	0.01037	0.00741	0.00987	0.01185	0.01234	0.00691	0.00790	0.01185	0.01629	0.02172	0.04690	0.69537	0.05629	0.02666	0.01086	0.00346	0.00494	0.02419	0.00790	0.00691
14	0.01907	0.01836	0.03172	0.29639	0.39136	0.01977	0.05139	0.02446	0.01849	0.02542	0.01572	0.02178	0.01262	0.00793	0.00853	0.00266	0.01078	0.00768	0.00405	0.01182
15	0.02878	0.02120	0.02289	0.01846	0.02454	0.02355	0.01495	0.37420	0.24992	0.08951	0.02642	0.02506	0.01903	0.01071	0.00857	0.00268	0.00828	0.00842	0.00871	0.01412
16	0.04893	0.22850	0.37103	0.02410	0.08876	0.02383	0.05206	0.02639	0.01786	0.02552	0.01431	0.01709	0.01111	0.00776	0.00735	0.00244	0.01120	0.00602	0.00376	0.01200

[dist]
# distance from previous block
# <min> <max>
0	1

[block]
# block no. 5 follows, 21 sequences, length 24
# corresponding to MSA columns:
# 140-163
name=unknown_F
#
# <colnr> <probs for GDERKNQSTAVLIFYWHMCP>
#	G	D	E	R	K	N	Q	S	T	A	V	L	I	F	Y	W	H	M	C	P
0	0.01839	0.20241	0.47899	0.05319	0.03425	0.02308	0.02700	0.02635	0.01776	0.02503	0.01443	0.01715	0.01084	0.00791	0.00747	0.00249	0.01168	0.00593	0.00361	0.01203
1	0.32989	0.01837	0.06820	0.09031	0.02515	0.01777	0.01413	0.05144	0.07347	0.20312	0.02072	0.02110	0.01447	0.00910	0.00717	0.00268	0.00789	0.00670	0.00681	0.01150
2	0.01803	0.01589	0.02603	0.24469	0.31480	0.01721	0.02109	0.02298	0.01799	0.02593	0.01804	0.02411	0.01464	0.01206	0.05274	0.00330	0.01040	0.00774	0.12144	0.01091
3	0.01735	0.04227	0.61358	0.02378	0.03584	0.01986	0.03022	0.02819	0.05965	0.02754	0.01659	0.01890	0.01181	0.00832	0.00812	0.00271	0.01218	0.00651	0.00394	0.01264
4	0.01856	0.25927	0.40613	0.02003	0.03006	0.02345	0.02410	0.02564	0.01821	0.02522	0.06196	0.02002	0.01612	0.00853	0.00737	0.00241	0.01078	0.00641	0.00405	0.01169
5	0.02333	0.01169	0.01531	0.01306	0.01699	0.01069	0.01023	0.05865	0.02429	0.27903	0.30891	0.11027	0.05089	0.01521	0.00945	0.00273	0.00567	0.01314	0.00964	0.01082
6	0.02205	0.01476	0.01710	0.01498	0.01936	0.01564	0.01172	0.03612	0.33391	0.16192	0.20839	0.04027	0.04049	0.01301	0.00903	0.00277	0.00606	0.01105	0.00925	0.01212
7	0.01037	0.00741	0.00987	0.01185	0.01234	0.00691	0.00790	0.01185	0.01629	0.02172	0.04690	0.69537	0.05629	0.02666	0.01086	0.00346	0.00494	0.02419	0.00790	0.00691
8	0.01854	0.02570	0.17125	0.06358	0.04039	0.02028	0.39590	0.02557	0.01890	0.02622	0.01838	0.06628	0.01518	0.00910	0.01048	0.00291	0.04585	0.00995	0.00434	0.01120
9	0.01117	0.00816	0.01047	0.01211	0.01287	0.00791	0.00816	0.01408	0.05699	0.02243	0.04527	0.62524	0.05324	0.05320	0.01204	0.00361	0.00519	0.02274	0.00784	0.00728
10	0.01037	0.00741	0.00987	0.01185	0.01234	0.00691	0.00790	0.01185	0.01629	0.02172	0.04690	0.69537	0.05629	0.02666	0.01086	0.00346	0.00494	0.02419	0.00790	0.00691
11	0.01133	0.00833	0.01125	0.01284	0.01361	0.00825	0.00927	0.01333	0.01705	0.02287	0.07527	0.54185	0.05441	0.02519	0.01170	0.00350	0.03513	0.10983	0.00778	0.00722
12	0.02886	0.11869	0.02645	0.02145	0.05872	0.40366	0.01605	0.11003	0.05440	0.02670	0.01585	0.01770	0.01281	0.00890	0.00751	0.00224	0.01252	0.00609	0.04048	0.01089
13	0.01019	0.00810	0.00916	0.01000	0.01186	0.00707	0.00708	0.01206	0.01807	0.02245	0.06942	0.34389	0.39323	0.02373	0.01040	0.00312	0.00458	0.02062	0.00790	0.00707
14	0.03235	0.02384	0.02554	0.01958	0.02639	0.02639	0.01618	0.61946	0.04001	0.05363	0.02043	0.02043	0.01447	0.01022	0.00851	0.00255	0.00936	0.00766	0.00851	0.01447
15	0.03188	0.01958	0.02199	0.01708	0.02326	0.02069	0.01404	0.40191	0.03342	0.20342	0.02463	0.02393	0.01701	0.01026	0.00822	0.00251	0.00819	0.00792	0.09635	0.01370
16	0.01951	0.02184	0.04670	0.12769	0.04649	0.02115	0.53242	0.02647	0.01965	0.02647	0.01692	0.02292	0.01269	0.00736	0.00982	0.00286	0.01392	0.00969	0.00423	0.01119
17	0.01587	0.00829	0.00882	0.04182	0.01237	0.00848	0.00684	0.01993	0.01780	0.03122	0.02712	0.03127	0.02128	0.00984	0.00608	0.00203	0.00434	0.00791	0.71066	0.00801
18	0.62978	0.01615	0.01425	0.06256	0.02021	0.01840	0.01065	0.02646	0.01569	0.10040	0.01434	0.01606	0.01060	0.00822	0.00585	0.00265	0.00701	0.00524	0.00570	0.00978
19	0.01383	0.01020	0.01244	0.01142	0.01396	0.00977	0.00867	0.07764	0.02485	0.03428	0.48737	0.08711	0.14079	0.01754	0.00992	0.00272	0.00464	0.01526	0.00904	0.00855
20	0.02428	0.01225	0.01448	0.01228	0.01605	0.01218	0.00967	0.12138	0.02233	0.20017	0.02663	0.02862	0.01968	0.01405	0.03312	0.08003	0.00673	0.00804	0.32774	0.01030
21	0.01292	0.00896	0.01014	0.00962	0.01040	0.00857	0.00566	0.01331	0.01292	0.01766	0.02561	0.05177	0.02905	0.62931	0.03950	0.00753	0.00805	0.01162	0.00514	0.08226
22	0.01976	0.01506	0.01786	0.01287	0.02033	0.01146	0.01033	0.02349	0.01834	0.09227	0.01703	0.01881	0.01348	0.00674	0.00653	0.00140	0.00640	0.00540	0.00561	0.67681
23	0.05947	0.01611	0.01673	0.06453	0.02097	0.04507	0.01187	0.19188	0.09922	0.03702	0.02397	0.02631	0.01834	0.01178	0.02982	0.00276	0.00765	0.00780	0.29801	0.01070

[dist]
# distance from previous block
# <min> <max>
7	20

[block]
# block no. 6 follows, 21 sequences, length 12
# corresponding to MSA columns:
# 184-195
name=unknown_G
#
# <colnr> <probs for GDERKNQSTAVLIFYWHMCP>
#	G	D	E	R	K	N	Q	S	T	A	V	L	I	F	Y	W	H	M	C	P
0	0.02026	0.06514	0.02216	0.01646	0.02076	0.07411	0.03786	0.02350	0.03483	0.06698	0.01765	0.02483	0.01593	0.11905	0.01736	0.00324	0.15708	0.00733	0.00507	0.25040
1	0.02140	0.01662	0.01797	0.01534	0.02011	0.05079	0.01197	0.17240	0.07364	0.06723	0.02887	0.20371	0.02794	0.01434	0.00873	0.00256	0.00737	0.04058	0.00737	0.19106
2	0.01184	0.00894	0.01083	0.01122	0.01289	0.00854	0.00796	0.01592	0.06892	0.02643	0.23046	0.30298	0.15907	0.06869	0.01256	0.00341	0.00493	0.01848	0.00821	0.00770
3	0.02058	0.01893	0.02266	0.01920	0.02115	0.06662	0.01574	0.08732	0.01782	0.02631	0.01497	0.02035	0.01312	0.01256	0.01956	0.00305	0.41430	0.00721	0.10845	0.07010
4	0.07695	0.01730	0.01913	0.01663	0.02176	0.01892	0.01340	0.12034	0.32757	0.15028	0.03200	0.03547	0.02483	0.01224	0.00872	0.00289	0.00731	0.07274	0.00865	0.01288
5	0.01492	0.00994	0.01259	0.01113	0.01426	0.00873	0.00853	0.01866	0.02296	0.09037	0.46401	0.05702	0.12106	0.01593	0.00949	0.00254	0.00460	0.01386	0.00886	0.09054
6	0.01826	0.01789	0.03080	0.34317	0.21655	0.02056	0.08796	0.02339	0.01745	0.02386	0.01505	0.02169	0.01209	0.00900	0.01137	0.00288	0.10552	0.00782	0.00395	0.01078
7	0.02158	0.56973	0.17065	0.01656	0.02493	0.03081	0.01804	0.02578	0.01743	0.02145	0.01254	0.01454	0.01089	0.00745	0.00600	0.00200	0.00982	0.00491	0.00363	0.01126
8	0.02087	0.43659	0.20342	0.01723	0.02533	0.06304	0.01862	0.02558	0.01840	0.02305	0.06409	0.01894	0.01652	0.00840	0.00665	0.00214	0.00996	0.00594	0.00413	0.01107
9	0.09302	0.01737	0.01805	0.01566	0.02015	0.05303	0.01243	0.22992	0.06107	0.09692	0.05199	0.15360	0.07093	0.01494	0.00898	0.00285	0.00766	0.05230	0.00801	0.01113
10	0.03346	0.01903	0.02233	0.01703	0.02382	0.01905	0.01404	0.31663	0.03123	0.30749	0.02555	0.02382	0.01711	0.00998	0.00833	0.00247	0.00817	0.00780	0.00905	0.08362
11	0.01153	0.00844	0.01060	0.01180	0.01297	0.00798	0.00816	0.04264	0.01828	0.02417	0.08378	0.55573	0.12269	0.02473	0.01061	0.00330	0.00504	0.02215	0.00801	0.00739

[dist]
# distance from previous block
# <min> <max>
0	2

[block]
# block no. 7 follows, 21 sequences, length 22
# corresponding to MSA columns:
# 198-219
name=unknown_H
#
# <colnr> <probs for GDERKNQSTAVLIFYWHMCP>
#	G	D	E	R	K	N	Q	S	T	A	V	L	I	F	Y	W	H	M	C	P
0	0.01927	0.02291	0.07807	0.03320	0.04113	0.02075	0.52275	0.02600	0.01943	0.02660	0.01865	0.06335	0.01536	0.00875	0.01080	0.00293	0.04384	0.01059	0.00446	0.01116
1	0.01723	0.07394	0.56686	0.02277	0.03421	0.01986	0.02864	0.02697	0.04153	0.02733	0.05035	0.02078	0.01518	0.00869	0.00808	0.00266	0.01171	0.00683	0.00410	0.01228
2	0.08874	0.01271	0.01545	0.01354	0.01766	0.01243	0.01055	0.02976	0.11394	0.25680	0.17805	0.14467	0.04049	0.01470	0.00901	0.00282	0.00597	0.01253	0.00908	0.01111
3	0.01478	0.00739	0.01109	0.01109	0.01109	0.00739	0.00739	0.01109	0.01109	0.01478	0.01478	0.02587	0.01478	0.02956	0.03326	0.75240	0.00739	0.00739	0.00370	0.00370
4	0.02300	0.49270	0.15242	0.01735	0.02518	0.12024	0.01788	0.02694	0.01837	0.02139	0.01264	0.01467	0.01090	0.00764	0.00625	0.00203	0.01061	0.00500	0.00374	0.01107
5	0.02416	0.45622	0.10221	0.01540	0.02271	0.02637	0.01547	0.02784	0.01918	0.13780	0.06444	0.02073	0.01807	0.00873	0.00665	0.00213	0.00874	0.00630	0.00533	0.01153
6	0.01178	0.00869	0.01101	0.01043	0.01255	0.00792	0.00782	0.01555	0.02347	0.03265	0.56959	0.06600	0.15498	0.01795	0.01004	0.00270	0.00405	0.01573	0.00917	0.00792
7	0.01606	0.01458	0.02418	0.62906	0.05489	0.01807	0.02228	0.02160	0.01708	0.02251	0.01609	0.02338	0.01214	0.00862	0.00831	0.00277	0.01078	0.00759	0.06068	0.00934
8	0.01106	0.00802	0.01033	0.01157	0.01213	0.00782	0.00773	0.01247	0.01606	0.02153	0.07765	0.50804	0.07054	0.14178	0.01692	0.00423	0.02705	0.02092	0.00738	0.00676
9	0.01751	0.01697	0.03130	0.07385	0.03193	0.01706	0.28252	0.07358	0.01997	0.02695	0.02705	0.24950	0.02748	0.01453	0.01101	0.00308	0.04567	0.01429	0.00582	0.00994
10	0.01037	0.00741	0.00987	0.01185	0.01234	0.00691	0.00790	0.01185	0.01629	0.02172	0.04690	0.69537	0.05629	0.02666	0.01086	0.00346	0.00494	0.02419	0.00790	0.00691
11	0.01607	0.01513	0.02552	0.68047	0.05861	0.01891	0.02363	0.02174	0.01702	0.02174	0.01513	0.02269	0.01134	0.00851	0.00851	0.00284	0.01134	0.00756	0.00378	0.00945
12	0.01819	0.01593	0.02271	0.48704	0.04669	0.04731	0.01988	0.07478	0.01950	0.02608	0.01748	0.02357	0.01324	0.00889	0.00807	0.00265	0.01020	0.00753	0.12058	0.00968
13	0.01604	0.01474	0.02096	0.05866	0.02133	0.01959	0.01543	0.01831	0.01340	0.02000	0.01616	0.02641	0.01585	0.08872	0.21394	0.00696	0.39259	0.00837	0.00410	0.00846
14	0.01035	0.00749	0.00979	0.01163	0.01228	0.00693	0.00780	0.01187	0.01651	0.02181	0.04960	0.65323	0.09668	0.02631	0.01081	0.00342	0.00489	0.02376	0.00790	0.00693
15	0.01184	0.00885	0.01251	0.01568	0.06195	0.00849	0.01043	0.01407	0.01717	0.02292	0.04418	0.52694	0.05159	0.02459	0.01085	0.00348	0.00590	0.13337	0.00761	0.00759
16	0.17668	0.45226	0.10471	0.01465	0.02188	0.02773	0.01493	0.02489	0.01688	0.02476	0.01591	0.01756	0.04196	0.00821	0.00594	0.00214	0.00872	0.00542	0.00419	0.01056
17	0.06871	0.01687	0.02802	0.44463	0.20709	0.01937	0.04888	0.02333	0.01758	0.02467	0.01522	0.02167	0.01182	0.00817	0.00833	0.00274	0.01083	0.00747	0.00402	0.01056
18	0.01034	0.00751	0.00976	0.01156	0.01227	0.00694	0.00777	0.01188	0.01657	0.02184	0.05038	0.64120	0.10822	0.02621	0.01079	0.00340	0.00488	0.02364	0.00790	0.00694
19	0.02676	0.02134	0.03054	0.02313	0.02947	0.02257	0.17828	0.33703	0.02993	0.07810	0.02143	0.05809	0.01701	0.03394	0.01134	0.00295	0.04896	0.00938	0.00707	0.01265
20	0.07000	0.01390	0.01589	0.04853	0.01985	0.01469	0.01184	0.16037	0.05655	0.03390	0.03013	0.15399	0.02898	0.01488	0.00866	0.00279	0.00693	0.10969	0.13791	0.06052
21	0.01882	0.04134	0.05683	0.16914	0.03007	0.01653	0.04228	0.04571	0.01910	0.08100	0.06456	0.03504	0.02312	0.01379	0.03435	0.00318	0.08658	0.08590	0.04416	0.08850

[dist]
# distance from previous block
# <min> <max>
3	19

[block]
# block no. 8 follows, 21 sequences, length 40
# corresponding to MSA columns:
# 251-290
name=unknown_I
#
# <colnr> <probs for GDERKNQSTAVLIFYWHMCP>
#	G	D	E	R	K	N	Q	S	T	A	V	L	I	F	Y	W	H	M	C	P
0	0.02051	0.01640	0.02090	0.01674	0.02210	0.04778	0.08510	0.08283	0.05814	0.09093	0.02803	0.15380	0.04714	0.04020	0.00993	0.00263	0.00793	0.01100	0.00668	0.23122
1	0.01775	0.05147	0.31801	0.18235	0.04276	0.02010	0.16901	0.02553	0.01822	0.02560	0.01559	0.02014	0.01150	0.00787	0.00851	0.00269	0.01237	0.00739	0.00386	0.03926
2	0.01917	0.01612	0.02613	0.44265	0.16966	0.01846	0.02219	0.05143	0.01906	0.07083	0.01847	0.05580	0.01484	0.00944	0.00861	0.00278	0.01039	0.00846	0.00479	0.01073
3	0.01121	0.00867	0.01022	0.00983	0.01220	0.00768	0.00737	0.01445	0.02212	0.02946	0.40968	0.07126	0.31688	0.01914	0.01005	0.00276	0.00414	0.01647	0.00875	0.00768
4	0.01684	0.01622	0.02320	0.09635	0.02543	0.04821	0.07057	0.01955	0.01480	0.02066	0.01780	0.05675	0.01762	0.11578	0.12258	0.00561	0.28980	0.00929	0.00432	0.00861
5	0.05989	0.00938	0.01096	0.08130	0.01645	0.00996	0.00877	0.01861	0.01709	0.02823	0.03106	0.08268	0.07334	0.01801	0.08272	0.00364	0.00718	0.00984	0.42291	0.00800
6	0.01069	0.00759	0.00993	0.01151	0.01206	0.00713	0.00763	0.01221	0.01647	0.02211	0.08866	0.58463	0.05550	0.09382	0.01407	0.00388	0.00520	0.02236	0.00773	0.00682
7	0.01989	0.02378	0.08181	0.03529	0.07031	0.02159	0.52773	0.02685	0.01958	0.02693	0.01675	0.02238	0.01273	0.00763	0.01076	0.00289	0.04775	0.00959	0.00423	0.01152
8	0.01927	0.02144	0.04530	0.08038	0.04284	0.02089	0.51462	0.02579	0.01932	0.02625	0.01813	0.05404	0.01473	0.00858	0.01091	0.00294	0.04878	0.01039	0.00440	0.01101
9	0.01051	0.00751	0.01004	0.01201	0.01257	0.00704	0.00815	0.01210	0.01643	0.02188	0.04683	0.66972	0.05597	0.02653	0.01090	0.00348	0.00506	0.04843	0.00790	0.00695
10	0.01436	0.00970	0.01125	0.01134	0.01258	0.00980	0.00763	0.08421	0.01785	0.02483	0.03415	0.30208	0.03791	0.26610	0.02169	0.00490	0.00653	0.01595	0.09985	0.00729
11	0.01223	0.00819	0.00932	0.00947	0.00950	0.00815	0.00535	0.01234	0.01266	0.01688	0.02826	0.10168	0.03276	0.65245	0.04098	0.00791	0.00801	0.01323	0.00535	0.00528
12	0.01037	0.00741	0.00987	0.01185	0.01234	0.00691	0.00790	0.01185	0.01629	0.02172	0.04690	0.69537	0.05629	0.02666	0.01086	0.00346	0.00494	0.02419	0.00790	0.00691
13	0.01216	0.00912	0.01368	0.01368	0.01520	0.01064	0.01064	0.01520	0.01368	0.01976	0.02279	0.03343	0.02127	0.06382	0.66720	0.01368	0.02279	0.00912	0.00456	0.00760
14	0.01791	0.01536	0.01776	0.01295	0.02031	0.01207	0.01033	0.02317	0.06278	0.02831	0.01656	0.01868	0.01359	0.00669	0.00648	0.00138	0.00633	0.00538	0.00531	0.69867
15	0.01838	0.04088	0.58130	0.02583	0.08003	0.01945	0.03014	0.02759	0.01838	0.05730	0.01621	0.01872	0.01147	0.00817	0.00813	0.00268	0.01214	0.00649	0.00397	0.01273
16	0.02161	0.01551	0.01661	0.01444	0.01837	0.01716	0.01122	0.17837	0.23684	0.03656	0.02726	0.02956	0.02130	0.04428	0.01140	0.06098	0.00675	0.00862	0.21213	0.01105
17	0.01857	0.09683	0.53381	0.02501	0.07445	0.02129	0.02892	0.05653	0.01911	0.02777	0.01529	0.01793	0.01115	0.00809	0.00791	0.00260	0.01197	0.00630	0.00388	0.01259
18	0.01204	0.00870	0.01138	0.01071	0.01271	0.00803	0.00803	0.01606	0.02409	0.03413	0.64335	0.06357	0.08030	0.01740	0.01004	0.00268	0.00401	0.01539	0.00937	0.00803
19	0.01056	0.00758	0.00984	0.01147	0.01212	0.00706	0.00766	0.01209	0.01655	0.02201	0.07460	0.59530	0.08466	0.06946	0.01288	0.00370	0.00508	0.02273	0.00779	0.00686
20	0.02385	0.02088	0.06887	0.04529	0.02620	0.02065	0.04122	0.19297	0.27440	0.07058	0.05342	0.02721	0.02182	0.01045	0.00852	0.00264	0.00826	0.00866	0.00773	0.06640
21	0.01877	0.15558	0.02726	0.09917	0.12126	0.05485	0.01685	0.02114	0.01602	0.02112	0.01676	0.08140	0.01642	0.01589	0.04195	0.08922	0.16432	0.00838	0.00424	0.00940
22	0.01216	0.00912	0.01368	0.01368	0.01520	0.01064	0.01064	0.01520	0.01368	0.01976	0.02279	0.03343	0.02127	0.06382	0.66720	0.01368	0.02279	0.00912	0.00456	0.00760
23	0.02009	0.02296	0.05022	0.03587	0.04448	0.02152	0.61693	0.02726	0.02009	0.02726	0.01722	0.02296	0.01291	0.00717	0.01004	0.00287	0.01435	0.01004	0.00430	0.01148
24	0.28683	0.01831	0.05053	0.01513	0.02017	0.05296	0.01289	0.02996	0.05099	0.20716	0.07676	0.02439	0.02029	0.01055	0.00968	0.00275	0.08519	0.00742	0.00698	0.01103
25	0.01049	0.00759	0.00992	0.01155	0.01232	0.00702	0.00782	0.01223	0.01715	0.02285	0.09968	0.60260	0.09623	0.02555	0.01074	0.00335	0.00482	0.02305	0.00802	0.00702
26	0.01950	0.02000	0.03284	0.31783	0.23612	0.06638	0.13501	0.02501	0.01883	0.02459	0.01565	0.02171	0.01227	0.00799	0.00871	0.00270	0.01181	0.00788	0.00406	0.01111
27	0.06113	0.01688	0.02010	0.12182	0.02648	0.01885	0.01448	0.23092	0.05791	0.07397	0.06354	0.06445	0.09267	0.01274	0.01004	0.00278	0.05658	0.01006	0.03342	0.01118
28	0.01977	0.02043	0.03934	0.15820	0.29519	0.02052	0.26751	0.02580	0.01924	0.02649	0.01634	0.02213	0.01286	0.00758	0.00910	0.00272	0.01207	0.00859	0.00417	0.01194
29	0.02308	0.01307	0.01733	0.04435	0.02016	0.01361	0.01233	0.09382	0.02059	0.21746	0.02802	0.03950	0.02398	0.12064	0.17555	0.00630	0.03909	0.07356	0.00722	0.01034
30	0.01389	0.00951	0.01218	0.01143	0.01368	0.00904	0.00864	0.01866	0.05492	0.06256	0.51115	0.06141	0.06978	0.06115	0.01213	0.00311	0.00479	0.04451	0.00904	0.00843
31	0.01297	0.01263	0.05649	0.01683	0.01976	0.01057	0.11043	0.01652	0.01845	0.02506	0.12145	0.39134	0.04885	0.02071	0.01054	0.00326	0.00714	0.08149	0.00724	0.00826
32	0.17189	0.09809	0.02328	0.10629	0.02665	0.02185	0.01456	0.22225	0.05751	0.09922	0.06242	0.02308	0.01843	0.00978	0.00763	0.00256	0.00833	0.00741	0.00693	0.01184
33	0.01113	0.00851	0.01028	0.01103	0.01267	0.00790	0.00781	0.01439	0.04892	0.02511	0.17047	0.37697	0.21799	0.02278	0.01038	0.00312	0.00468	0.02012	0.00822	0.00752
34	0.01035	0.00748	0.00980	0.01165	0.01229	0.00693	0.00781	0.01187	0.01648	0.02180	0.04929	0.65807	0.09204	0.02635	0.01081	0.00342	0.00490	0.02381	0.00790	0.00693
35	0.01765	0.01755	0.02797	0.23678	0.03618	0.02252	0.08627	0.02132	0.01523	0.02169	0.01446	0.04576	0.01311	0.01241	0.01901	0.00333	0.36690	0.00840	0.00396	0.00951
36	0.11517	0.02380	0.02361	0.02067	0.06999	0.09758	0.01560	0.40855	0.03256	0.04504	0.01866	0.01972	0.01377	0.00957	0.00790	0.00249	0.00950	0.00707	0.04585	0.01292
37	0.02766	0.01994	0.02047	0.01704	0.02244	0.06737	0.01360	0.21561	0.24497	0.14290	0.02788	0.02664	0.02015	0.01061	0.00826	0.00260	0.00797	0.00838	0.08239	0.01313
38	0.01492	0.01399	0.02631	0.02167	0.02574	0.01320	0.24403	0.01933	0.01927	0.02600	0.10578	0.25382	0.04108	0.01748	0.01061	0.00322	0.00898	0.11894	0.00667	0.00897
39	0.06392	0.02062	0.02142	0.01721	0.02314	0.04750	0.01393	0.32821	0.14805	0.09914	0.02388	0.02351	0.01731	0.01009	0.00805	0.00250	0.00822	0.00776	0.06138	0.05417

[dist]
# distance from previous block
# <min> <max>
0	7

[block]
# block no. 9 follows, 21 sequences, length 68
# corresponding to MSA columns:
# 298-328,330-363,366-368
name=unknown_J
#
# <colnr> <probs for GDERKNQSTAVLIFYWHMCP>
#	G	D	E	R	K	N	Q	S	T	A	V	L	I	F	Y	W	H	M	C	P
0	0.02198	0.01803	0.02118	0.08246	0.08475	0.02037	0.01531	0.13323	0.35567	0.03613	0.02798	0.02801	0.02109	0.01050	0.00832	0.00270	0.00764	0.00874	0.08322	0.01269
1	0.64581	0.01762	0.01457	0.01252	0.01803	0.02025	0.01032	0.11901	0.01852	0.04062	0.01321	0.01487	0.01005	0.00827	0.00578	0.00262	0.00702	0.00509	0.00578	0.01005
2	0.01238	0.00825	0.00928	0.00928	0.00928	0.00825	0.00516	0.01238	0.01238	0.01650	0.02681	0.05569	0.03094	0.70092	0.04331	0.00825	0.00825	0.01238	0.00516	0.00516
3	0.02221	0.51475	0.10694	0.01881	0.02669	0.05889	0.09923	0.02626	0.01805	0.02176	0.01298	0.01545	0.01118	0.00741	0.00646	0.00207	0.01046	0.00552	0.00376	0.01112
4	0.01655	0.01562	0.02640	0.61978	0.11554	0.01903	0.02387	0.02217	0.01724	0.02233	0.01521	0.02253	0.01155	0.00842	0.00850	0.00281	0.01123	0.00756	0.00382	0.00984
5	0.01052	0.00752	0.01001	0.01174	0.01238	0.00701	0.00791	0.01224	0.01701	0.02286	0.10172	0.63731	0.05849	0.02581	0.01079	0.00338	0.00485	0.02338	0.00803	0.00701
6	0.07787	0.01517	0.01884	0.01518	0.02110	0.01458	0.01232	0.04018	0.15397	0.45709	0.05846	0.03011	0.02391	0.01088	0.00844	0.00269	0.00695	0.00883	0.00976	0.01367
7	0.01661	0.08242	0.01840	0.01453	0.01742	0.01419	0.03134	0.02206	0.09648	0.07586	0.15244	0.24504	0.06506	0.01785	0.01098	0.00300	0.05778	0.04158	0.00761	0.00935
8	0.54766	0.01644	0.01538	0.08049	0.02193	0.01869	0.01148	0.04825	0.04308	0.10524	0.01587	0.01741	0.01165	0.00849	0.00622	0.00266	0.00725	0.00567	0.00596	0.01019
9	0.01222	0.00810	0.00940	0.00972	0.01002	0.00798	0.00582	0.01291	0.01395	0.01917	0.05907	0.16730	0.03714	0.50794	0.03376	0.00676	0.00721	0.01433	0.05143	0.00577
10	0.05318	0.01659	0.02858	0.21992	0.03737	0.01757	0.21203	0.06805	0.01984	0.02921	0.01923	0.02447	0.01462	0.00852	0.00822	0.00260	0.01010	0.00834	0.19145	0.01010
11	0.02945	0.05333	0.02340	0.01816	0.02396	0.10381	0.01463	0.28529	0.16887	0.12797	0.02445	0.02447	0.01799	0.03365	0.00949	0.00276	0.00917	0.00798	0.00798	0.01319
12	0.02780	0.01252	0.01670	0.01380	0.01860	0.01126	0.01113	0.03219	0.04831	0.39688	0.23415	0.04352	0.04198	0.01342	0.00919	0.00272	0.00619	0.03768	0.00995	0.01202
13	0.02235	0.01222	0.01516	0.01290	0.01684	0.01157	0.01015	0.10060	0.02500	0.21790	0.26786	0.08599	0.09091	0.01486	0.00921	0.00267	0.00573	0.01265	0.05483	0.01062
14	0.01954	0.01564	0.01944	0.01419	0.02155	0.01252	0.03915	0.02469	0.05600	0.07581	0.01783	0.01962	0.01408	0.00699	0.00680	0.00154	0.00678	0.00583	0.00565	0.61636
15	0.02538	0.01527	0.02005	0.01665	0.02093	0.01615	0.03481	0.06064	0.12157	0.26089	0.07943	0.07124	0.07599	0.01360	0.01226	0.00293	0.12137	0.01070	0.00830	0.01184
16	0.01082	0.00765	0.00991	0.01135	0.01190	0.00721	0.00748	0.01228	0.01634	0.02195	0.09368	0.54300	0.05435	0.13078	0.01584	0.00414	0.00538	0.02162	0.00760	0.00673
17	0.01951	0.01413	0.01422	0.01294	0.01638	0.03798	0.00997	0.10948	0.18851	0.03429	0.03203	0.08219	0.05070	0.01213	0.00765	0.00247	0.00597	0.00993	0.32922	0.01031
18	0.08162	0.02099	0.03392	0.07332	0.03482	0.02149	0.26630	0.19385	0.05284	0.10484	0.02014	0.02260	0.01444	0.00874	0.00892	0.00274	0.01102	0.00860	0.00640	0.01241
19	0.02686	0.01301	0.01710	0.01517	0.01985	0.01221	0.01266	0.03242	0.08458	0.34978	0.04039	0.05414	0.06564	0.01550	0.00970	0.00309	0.00722	0.19957	0.00931	0.01180
20	0.01032	0.00759	0.00969	0.01137	0.01222	0.00695	0.00769	0.01190	0.01675	0.02191	0.05274	0.60425	0.14364	0.02590	0.01074	0.00337	0.00484	0.02327	0.00790	0.00695
21	0.02426	0.01876	0.02306	0.19305	0.08240	0.05577	0.01740	0.09035	0.23360	0.13332	0.02534	0.02609	0.01843	0.00999	0.00852	0.00273	0.00902	0.00833	0.00708	0.01248
22	0.01922	0.04100	0.59181	0.02333	0.03529	0.01902	0.02951	0.02843	0.01862	0.09092	0.01714	0.01909	0.01183	0.00833	0.00813	0.00269	0.01203	0.00652	0.00430	0.01277
23	0.01895	0.26349	0.45386	0.02104	0.03186	0.02437	0.02585	0.02646	0.01774	0.02465	0.01413	0.01654	0.01083	0.00782	0.00722	0.00241	0.01142	0.00571	0.00361	0.01203
24	0.01061	0.00800	0.00986	0.01107	0.01245	0.00725	0.00785	0.01263	0.01798	0.02326	0.10350	0.43363	0.22725	0.02429	0.01062	0.00326	0.00486	0.05648	0.00801	0.00713
25	0.01864	0.01969	0.03555	0.02755	0.03141	0.02259	0.28334	0.02283	0.01641	0.02358	0.01657	0.07202	0.01538	0.01236	0.01869	0.00332	0.33579	0.00987	0.00430	0.01009
26	0.01477	0.01011	0.01254	0.01151	0.01424	0.00963	0.00877	0.02059	0.08574	0.08031	0.47977	0.05950	0.12600	0.01669	0.00979	0.00271	0.00457	0.01454	0.00924	0.00899
27	0.01037	0.00741	0.00987	0.01185	0.01234	0.00691	0.00790	0.01185	0.01629	0.02172	0.04690	0.69537	0.05629	0.02666	0.01086	0.00346	0.00494	0.02419	0.00790	0.00691
28	0.02889	0.02763	0.02418	0.08728	0.02901	0.23693	0.01651	0.28920	0.07815	0.03679	0.01834	0.01973	0.01381	0.00947	0.00814	0.00243	0.01119	0.00695	0.00650	0.04889
29	0.29664	0.01556	0.01855	0.19394	0.05156	0.01784	0.01460	0.05062	0.01789	0.10759	0.01749	0.02070	0.01301	0.00907	0.00813	0.00268	0.04598	0.00662	0.08134	0.01018
30	0.01252	0.00920	0.01147	0.01127	0.01325	0.00867	0.00828	0.04835	0.02240	0.03071	0.38896	0.23024	0.13279	0.01991	0.01017	0.00290	0.00459	0.01757	0.00877	0.00800
31	0.02482	0.01244	0.01607	0.01349	0.01788	0.01162	0.01069	0.03094	0.09815	0.31076	0.29730	0.04426	0.04727	0.01362	0.00921	0.00268	0.00579	0.01164	0.00980	0.01157
32	0.01822	0.16145	0.52615	0.02348	0.05509	0.02226	0.02824	0.02666	0.01789	0.02574	0.01468	0.01730	0.01090	0.00792	0.00763	0.00253	0.01187	0.00602	0.00362	0.01231
33	0.01735	0.01536	0.02049	0.01500	0.02214	0.01208	0.07396	0.02131	0.01780	0.02722	0.01776	0.06976	0.01596	0.00794	0.00704	0.00160	0.00705	0.00703	0.00518	0.61794
34	0.02202	0.05595	0.02928	0.02394	0.04809	0.09123	0.07404	0.09404	0.01847	0.02533	0.01325	0.01875	0.01178	0.01235	0.02006	0.00321	0.41599	0.00738	0.00443	0.01041
35	0.02414	0.01894	0.01998	0.01817	0.04823	0.05900	0.01366	0.13960	0.32465	0.09028	0.08046	0.03073	0.02638	0.01128	0.00850	0.00268	0.00751	0.00923	0.05387	0.01272
36	0.01049	0.00846	0.00934	0.00949	0.01185	0.00731	0.00698	0.01291	0.01986	0.02498	0.18909	0.16696	0.44950	0.02148	0.01017	0.00292	0.00434	0.01836	0.00819	0.00731
37	0.01067	0.00777	0.01010	0.01167	0.01261	0.00720	0.00812	0.01256	0.01741	0.02303	0.09617	0.54792	0.11768	0.02524	0.01077	0.00337	0.00498	0.05764	0.00801	0.00708
38	0.38952	0.01693	0.01699	0.01393	0.01982	0.01807	0.01145	0.11351	0.05172	0.23969	0.02120	0.02053	0.01461	0.00925	0.00695	0.00263	0.00719	0.00656	0.00759	0.01186
39	0.01236	0.00827	0.00937	0.00934	0.00942	0.00824	0.00527	0.01252	0.01284	0.01720	0.05141	0.05600	0.03291	0.67366	0.04199	0.00803	0.00808	0.01250	0.00532	0.00527
40	0.01259	0.00828	0.01055	0.01143	0.01295	0.00749	0.00802	0.01457	0.01820	0.07122	0.11029	0.47780	0.15739	0.02366	0.01047	0.00322	0.00492	0.02108	0.00824	0.00764
41	0.03182	0.03962	0.02420	0.02179	0.02631	0.63086	0.01643	0.06681	0.02501	0.02267	0.01356	0.01563	0.01116	0.00885	0.00772	0.00221	0.01501	0.00560	0.00462	0.01012
42	0.02306	0.01811	0.05817	0.02239	0.02827	0.01672	0.21480	0.02912	0.05560	0.19522	0.14864	0.03263	0.02919	0.01116	0.01119	0.00284	0.07391	0.01029	0.00714	0.01153
43	0.10791	0.01527	0.01872	0.01496	0.02092	0.01469	0.01220	0.06730	0.10112	0.44491	0.06826	0.02947	0.02379	0.01080	0.00832	0.00266	0.00702	0.00866	0.00959	0.01342
44	0.01216	0.00912	0.01368	0.01368	0.01520	0.01064	0.01064	0.01520	0.01368	0.01976	0.02279	0.03343	0.02127	0.06382	0.66720	0.01368	0.02279	0.00912	0.00456	0.00760
45	0.01099	0.00773	0.00999	0.01155	0.01203	0.00737	0.00768	0.01231	0.01568	0.02086	0.04260	0.52515	0.05055	0.16712	0.01769	0.00448	0.00581	0.05648	0.00732	0.00660
46	0.17580	0.05748	0.02242	0.10514	0.02746	0.23696	0.01523	0.15985	0.02367	0.03139	0.01482	0.01771	0.01168	0.01009	0.00896	0.04856	0.01093	0.00614	0.00533	0.01038
47	0.02242	0.01781	0.01921	0.01690	0.02200	0.01996	0.01322	0.04373	0.55117	0.08692	0.03358	0.03082	0.02491	0.01120	0.00853	0.00278	0.00676	0.00931	0.00864	0.05014
48	0.01126	0.00842	0.01049	0.01072	0.01256	0.00764	0.00789	0.01424	0.02096	0.02825	0.34835	0.22167	0.20030	0.02083	0.01031	0.00296	0.00447	0.04250	0.00862	0.00756
49	0.03511	0.01725	0.02120	0.01649	0.02297	0.01690	0.01355	0.19144	0.08433	0.44154	0.03027	0.02701	0.01981	0.01054	0.00856	0.00264	0.00774	0.00842	0.00984	0.01439
50	0.01939	0.02128	0.04420	0.15484	0.04607	0.02102	0.47881	0.02706	0.04775	0.02662	0.01763	0.02331	0.01322	0.00762	0.00969	0.00286	0.01344	0.00956	0.00441	0.01119
51	0.01707	0.04402	0.65683	0.02426	0.03683	0.01976	0.03144	0.02695	0.01797	0.02695	0.01527	0.01797	0.01078	0.00809	0.00809	0.00270	0.01258	0.00629	0.00359	0.01258
52	0.01062	0.00756	0.01003	0.01191	0.01245	0.00711	0.00805	0.01215	0.01627	0.02166	0.04589	0.63755	0.05477	0.05761	0.01240	0.00370	0.00523	0.05041	0.00777	0.00687
53	0.16902	0.01522	0.01733	0.01460	0.01971	0.01547	0.01164	0.11084	0.08195	0.28327	0.03014	0.14390	0.02467	0.01296	0.00834	0.00279	0.00694	0.01057	0.00861	0.01203
54	0.02569	0.01721	0.01955	0.01593	0.02091	0.01805	0.01277	0.33465	0.03142	0.12024	0.15112	0.10319	0.06374	0.01394	0.00914	0.00270	0.00733	0.01153	0.00884	0.01206
55	0.01263	0.01079	0.01846	0.01709	0.01936	0.01014	0.13334	0.01548	0.01734	0.02316	0.04066	0.50900	0.04680	0.02241	0.01077	0.00337	0.00710	0.06702	0.00716	0.00792
56	0.01316	0.00955	0.01294	0.01441	0.01646	0.00933	0.01235	0.01691	0.02007	0.02617	0.11504	0.09099	0.11319	0.02264	0.01139	0.00368	0.00706	0.46888	0.00801	0.00779
57	0.05395	0.10333	0.51540	0.02196	0.03320	0.02045	0.02722	0.02793	0.01827	0.07912	0.01631	0.01828	0.01158	0.00820	0.00774	0.00260	0.01152	0.00623	0.00425	0.01242
58	0.01789	0.01983	0.09306	0.39706	0.25939	0.01945	0.02529	0.02378	0.01793	0.02436	0.01544	0.02165	0.01202	0.00815	0.00844	0.00272	0.01104	0.00744	0.00391	0.01116
59	0.01644	0.03755	0.54139	0.02165	0.03222	0.01758	0.02705	0.02508	0.01783	0.02704	0.01895	0.07090	0.01537	0.00968	0.00808	0.00268	0.01112	0.00782	0.07991	0.01167
60	0.01387	0.00818	0.00865	0.00858	0.01029	0.00789	0.00606	0.01672	0.01754	0.02741	0.09465	0.04760	0.12693	0.15659	0.01477	0.00350	0.00492	0.01113	0.40748	0.00724
61	0.01707	0.04402	0.65683	0.02426	0.03683	0.01976	0.03144	0.02695	0.01797	0.02695	0.01527	0.01797	0.01078	0.00809	0.00809	0.00270	0.01258	0.00629	0.00359	0.01258
62	0.02595	0.02140	0.02026	0.01870	0.04869	0.15514	0.01400	0.06407	0.25349	0.14954	0.06808	0.03272	0.04747	0.01166	0.00865	0.00268	0.00871	0.02870	0.00790	0.01219
63	0.03429	0.01370	0.01869	0.01498	0.02084	0.01200	0.01241	0.03769	0.02384	0.55642	0.06489	0.03779	0.02695	0.01225	0.00897	0.00277	0.00715	0.07071	0.01019	0.01346
64	0.01399	0.01255	0.02190	0.02005	0.04800	0.01224	0.15738	0.01746	0.01824	0.02482	0.09747	0.36234	0.04376	0.01940	0.01133	0.00324	0.03894	0.06147	0.00682	0.00859
65	0.01862	0.01772	0.03012	0.36013	0.35906	0.01958	0.02490	0.02397	0.01822	0.02483	0.01558	0.02186	0.01243	0.00804	0.00847	0.00268	0.01071	0.00757	0.00400	0.01151
66	0.02175	0.62254	0.08020	0.01492	0.02220	0.03124	0.01520	0.02499	0.01775	0.02131	0.05080	0.01698	0.01517	0.00795	0.00590	0.00193	0.00900	0.00532	0.00399	0.01085
67	0.03240	0.03881	0.02483	0.02264	0.02715	0.57605	0.01684	0.03606	0.08727	0.02446	0.01773	0.02035	0.01477	0.01059	0.00875	0.00270	0.01490	0.00668	0.00563	0.01139

