[name]
unknown

[dist]
# distance from previous block
# <min> <max>
0	11

[block]
# block no. 0 follows, 24 sequences, length 174
# corresponding to MSA columns:
# 11-184
name=unknown_A
#
# <colnr> <probs for GDERKNQSTAVLIFYWHMCP>
#	G	D	E	R	K	N	Q	S	T	A	V	L	I	F	Y	W	H	M	C	P
0	0.01278	0.00913	0.01278	0.01460	0.01643	0.00913	0.01278	0.01643	0.01825	0.02373	0.04199	0.08945	0.04564	0.02191	0.01095	0.00365	0.00730	0.61847	0.00730	0.00730
1	0.01498	0.01409	0.02378	0.70226	0.05462	0.01762	0.02202	0.02026	0.01586	0.02026	0.01409	0.02114	0.01057	0.00793	0.00793	0.00264	0.01057	0.00705	0.00352	0.00881
2	0.01498	0.01409	0.02378	0.70226	0.05462	0.01762	0.02202	0.02026	0.01586	0.02026	0.01409	0.02114	0.01057	0.00793	0.00793	0.00264	0.01057	0.00705	0.00352	0.00881
3	0.00973	0.00693	0.00918	0.01095	0.01140	0.00649	0.00727	0.01106	0.01505	0.02007	0.04303	0.69205	0.05159	0.05011	0.01122	0.00338	0.00471	0.02214	0.00727	0.00638
4	0.71137	0.01495	0.01185	0.01051	0.01537	0.01710	0.00864	0.02393	0.01409	0.06875	0.01263	0.01421	0.00958	0.00756	0.00509	0.00243	0.00608	0.00460	0.03245	0.00880
5	0.03001	0.02155	0.02329	0.01795	0.02421	0.02373	0.01479	0.58995	0.06108	0.08195	0.02020	0.01987	0.01423	0.00958	0.00794	0.00240	0.00853	0.00726	0.00804	0.01345
6	0.01122	0.00811	0.01060	0.00998	0.01185	0.00748	0.00748	0.01496	0.02245	0.03180	0.66766	0.05923	0.07482	0.01621	0.00935	0.00249	0.00374	0.01434	0.00873	0.00748
7	0.01872	0.02139	0.04679	0.03342	0.04144	0.02005	0.64305	0.02540	0.01872	0.02540	0.01604	0.02139	0.01203	0.00668	0.00936	0.00267	0.01337	0.00936	0.00401	0.01070
8	0.01849	0.02072	0.04306	0.03133	0.03803	0.02076	0.53939	0.02435	0.01763	0.02435	0.01511	0.02072	0.01176	0.00788	0.01212	0.00281	0.12825	0.00896	0.00392	0.01036
9	0.01963	0.01884	0.03219	0.04867	0.67185	0.01884	0.02434	0.02434	0.01806	0.02591	0.01492	0.01963	0.01256	0.00707	0.00785	0.00236	0.00942	0.00707	0.00393	0.01256
10	0.00995	0.00806	0.00884	0.00864	0.01107	0.00694	0.00648	0.01250	0.01945	0.02468	0.26449	0.07096	0.48244	0.01887	0.00937	0.00262	0.00393	0.01598	0.00779	0.00694
11	0.01731	0.01489	0.01827	0.01312	0.02017	0.01180	0.03930	0.05513	0.01771	0.02717	0.01446	0.01682	0.01186	0.00611	0.00615	0.00131	0.00638	0.00505	0.00485	0.69213
12	0.01478	0.00739	0.00739	0.00739	0.00924	0.00739	0.00554	0.01848	0.01663	0.02956	0.02587	0.02956	0.02033	0.00924	0.00554	0.00185	0.00370	0.00739	0.76534	0.00739
13	0.01122	0.00811	0.01060	0.00998	0.01185	0.00748	0.00748	0.01496	0.02245	0.03180	0.66766	0.05923	0.07482	0.01621	0.00935	0.00249	0.00374	0.01434	0.00873	0.00748
14	0.01153	0.00769	0.00865	0.00865	0.00865	0.00769	0.00480	0.01153	0.01153	0.01538	0.02499	0.05189	0.02883	0.72131	0.04036	0.00769	0.00769	0.01153	0.00480	0.00480
15	0.01067	0.00777	0.01017	0.01153	0.01251	0.00749	0.00820	0.01359	0.04742	0.02265	0.11923	0.53640	0.05310	0.02280	0.01002	0.00315	0.00486	0.08392	0.00756	0.00695
16	0.01972	0.01703	0.01793	0.01614	0.02062	0.01972	0.01255	0.04214	0.65752	0.03317	0.03228	0.02959	0.02421	0.01076	0.00807	0.00269	0.00628	0.00897	0.00807	0.01255
17	0.04705	0.16470	0.50894	0.04890	0.03185	0.02074	0.02528	0.02459	0.01646	0.02414	0.01351	0.01603	0.01003	0.00741	0.00700	0.00236	0.01085	0.00555	0.00343	0.01119
18	0.01122	0.00811	0.01060	0.00998	0.01185	0.00748	0.00748	0.01496	0.02245	0.03180	0.66766	0.05923	0.07482	0.01621	0.00935	0.00249	0.00374	0.01434	0.00873	0.00748
19	0.01810	0.01808	0.05628	0.19873	0.46872	0.01796	0.02316	0.02274	0.01711	0.02397	0.01464	0.02008	0.01205	0.00828	0.00897	0.03948	0.00966	0.00700	0.00378	0.01121
20	0.01750	0.06730	0.54096	0.02204	0.03252	0.07900	0.05225	0.02545	0.01730	0.02437	0.01399	0.01654	0.01022	0.00746	0.00741	0.00239	0.01165	0.00582	0.00350	0.04233
21	0.01590	0.04102	0.68023	0.02260	0.03432	0.01842	0.02930	0.02511	0.01674	0.02511	0.01423	0.01674	0.01005	0.00753	0.00753	0.00251	0.01172	0.00586	0.00335	0.01172
22	0.02022	0.01610	0.02498	0.01815	0.02519	0.01372	0.18015	0.02540	0.04797	0.12849	0.01817	0.02004	0.01364	0.00694	0.00724	0.00185	0.00804	0.00666	0.00548	0.41157
23	0.03014	0.02221	0.02380	0.01825	0.02459	0.02459	0.01507	0.64541	0.03728	0.04998	0.01904	0.01904	0.01349	0.00952	0.00793	0.00238	0.00873	0.00714	0.00793	0.01349
24	0.01725	0.01544	0.02426	0.57506	0.08508	0.01861	0.02123	0.10340	0.01882	0.02452	0.01480	0.02078	0.01107	0.00809	0.00792	0.00259	0.01026	0.00706	0.00413	0.00964
25	0.01963	0.01884	0.03219	0.04867	0.67185	0.01884	0.02434	0.02434	0.01806	0.02591	0.01492	0.01963	0.01256	0.00707	0.00785	0.00236	0.00942	0.00707	0.00393	0.01256
26	0.01498	0.01409	0.02378	0.70226	0.05462	0.01762	0.02202	0.02026	0.01586	0.02026	0.01409	0.02114	0.01057	0.00793	0.00793	0.00264	0.01057	0.00705	0.00352	0.00881
27	0.01978	0.45882	0.20084	0.05066	0.02562	0.02645	0.01811	0.02412	0.01625	0.04009	0.01256	0.01483	0.01046	0.00749	0.00703	0.00206	0.04569	0.00504	0.00358	0.01052
28	0.11731	0.01055	0.01205	0.11639	0.01831	0.01176	0.00944	0.04918	0.01661	0.02836	0.02207	0.06192	0.01866	0.04535	0.00865	0.00250	0.03055	0.00789	0.40452	0.00793
29	0.01872	0.02139	0.04679	0.03342	0.04144	0.02005	0.64305	0.02540	0.01872	0.02540	0.01604	0.02139	0.01203	0.00668	0.00936	0.00267	0.01337	0.00936	0.00401	0.01070
30	0.01929	0.02074	0.03764	0.02867	0.05950	0.05169	0.40475	0.04875	0.01839	0.02522	0.01490	0.01977	0.01175	0.00787	0.01125	0.00258	0.11540	0.00813	0.00416	0.08954
31	0.01151	0.00776	0.00904	0.00904	0.00917	0.00790	0.00529	0.01178	0.01165	0.01566	0.02463	0.04992	0.02797	0.65844	0.10207	0.00817	0.00898	0.01124	0.00475	0.00502
32	0.01864	0.02116	0.04554	0.03272	0.04029	0.02029	0.60813	0.02505	0.01835	0.02505	0.01573	0.02116	0.01194	0.00709	0.01029	0.00272	0.05207	0.00922	0.00398	0.01058
33	0.01131	0.00816	0.01072	0.01023	0.01210	0.00757	0.00778	0.01505	0.02221	0.03135	0.63275	0.06092	0.07319	0.01653	0.00944	0.00256	0.00394	0.04806	0.00865	0.00747
34	0.01100	0.00802	0.01021	0.00979	0.01157	0.00738	0.00721	0.01430	0.02119	0.02954	0.55534	0.09008	0.12446	0.05181	0.01092	0.00280	0.00400	0.01479	0.00835	0.00723
35	0.03558	0.01350	0.01840	0.01411	0.02024	0.01166	0.01166	0.03865	0.02270	0.67734	0.03128	0.02699	0.01963	0.00981	0.00797	0.00245	0.00675	0.00797	0.00981	0.01350
36	0.02107	0.01770	0.01869	0.01641	0.02113	0.02035	0.01288	0.12000	0.57747	0.03534	0.03057	0.02822	0.02282	0.01060	0.00805	0.00265	0.00659	0.00873	0.00805	0.01267
37	0.04675	0.10223	0.55754	0.02092	0.03151	0.01967	0.02608	0.02586	0.05232	0.02538	0.01481	0.01693	0.01079	0.00764	0.00723	0.00244	0.01089	0.00582	0.00368	0.01150
38	0.02352	0.02683	0.05466	0.05213	0.08299	0.29932	0.01610	0.07580	0.16013	0.02566	0.02124	0.02250	0.05048	0.00964	0.00858	0.00239	0.04508	0.00714	0.00531	0.01049
39	0.01082	0.00780	0.01024	0.01025	0.01176	0.00722	0.00745	0.01396	0.02059	0.02885	0.50821	0.22711	0.06910	0.01842	0.00955	0.00268	0.00396	0.01644	0.00838	0.00722
40	0.02967	0.03637	0.02259	0.02023	0.02452	0.62861	0.01530	0.08785	0.02383	0.02221	0.01288	0.01473	0.01051	0.00829	0.00722	0.00207	0.01379	0.00529	0.00444	0.00959
41	0.01644	0.01409	0.01644	0.01175	0.01879	0.01057	0.00940	0.01997	0.01644	0.02584	0.01409	0.01644	0.01175	0.00587	0.00587	0.00117	0.00587	0.00470	0.00470	0.76979
42	0.01525	0.04986	0.01535	0.08313	0.05022	0.01076	0.01051	0.01869	0.02023	0.10620	0.35039	0.10565	0.10333	0.01469	0.00880	0.00253	0.00545	0.01282	0.00756	0.00859
43	0.03303	0.01293	0.01759	0.01368	0.01937	0.01122	0.01122	0.03617	0.02267	0.60992	0.09775	0.03036	0.02539	0.01048	0.00812	0.00246	0.00643	0.00864	0.00970	0.01287
44	0.01026	0.00888	0.04435	0.01146	0.01275	0.00724	0.00852	0.01245	0.01652	0.02249	0.14987	0.56636	0.05410	0.02245	0.00985	0.00306	0.00482	0.02026	0.00739	0.00690
45	0.01989	0.08990	0.51002	0.02035	0.03067	0.01821	0.02486	0.02746	0.01777	0.14285	0.01707	0.01828	0.01179	0.00789	0.00742	0.00244	0.01056	0.00612	0.00452	0.01192
46	0.03221	0.01713	0.02047	0.01577	0.02183	0.01720	0.01300	0.30551	0.02912	0.37483	0.05113	0.02476	0.01911	0.00994	0.00801	0.00242	0.00750	0.00786	0.00894	0.01325
47	0.02489	0.31130	0.03035	0.05167	0.02416	0.33068	0.01505	0.05161	0.01964	0.02034	0.01203	0.01435	0.01036	0.00795	0.00737	0.00202	0.04759	0.00503	0.00390	0.00971
48	0.01016	0.00801	0.00917	0.00900	0.01123	0.00701	0.00670	0.01286	0.01976	0.02571	0.32434	0.10113	0.38929	0.01870	0.00940	0.00263	0.00393	0.01602	0.00794	0.00701
49	0.02110	0.33529	0.09591	0.01741	0.02230	0.09570	0.01636	0.02402	0.01595	0.05207	0.01228	0.01540	0.01071	0.00932	0.01208	0.00239	0.22249	0.00550	0.00380	0.00993
50	0.05245	0.01612	0.01589	0.07295	0.02000	0.07899	0.01120	0.22896	0.02387	0.03484	0.02067	0.02320	0.01576	0.00904	0.00667	0.00214	0.00707	0.00693	0.34347	0.00976
51	0.03504	0.01436	0.01894	0.01452	0.02067	0.01293	0.01199	0.09855	0.02414	0.61540	0.03008	0.02621	0.01902	0.00979	0.00797	0.00245	0.00694	0.00789	0.00963	0.01349
52	0.01111	0.00764	0.00971	0.01040	0.01172	0.00697	0.00728	0.01314	0.01743	0.05017	0.18815	0.42148	0.14657	0.04631	0.01082	0.00310	0.00452	0.01884	0.00768	0.00695
53	0.03558	0.01350	0.01840	0.01411	0.02024	0.01166	0.01166	0.03865	0.02270	0.67734	0.03128	0.02699	0.01963	0.00981	0.00797	0.00245	0.00675	0.00797	0.00981	0.01350
54	0.01972	0.01703	0.01793	0.01614	0.02062	0.01972	0.01255	0.04214	0.65752	0.03317	0.03228	0.02959	0.02421	0.01076	0.00807	0.00269	0.00628	0.00897	0.00807	0.01255
55	0.01590	0.04102	0.68023	0.02260	0.03432	0.01842	0.02930	0.02511	0.01674	0.02511	0.01423	0.01674	0.01005	0.00753	0.00753	0.00251	0.01172	0.00586	0.00335	0.01172
56	0.01963	0.01884	0.03219	0.04867	0.67185	0.01884	0.02434	0.02434	0.01806	0.02591	0.01492	0.01963	0.01256	0.00707	0.00785	0.00236	0.00942	0.00707	0.00393	0.01256
57	0.00979	0.00706	0.00928	0.01082	0.01150	0.00654	0.00732	0.01141	0.01595	0.02133	0.10128	0.63123	0.07936	0.02388	0.01002	0.00313	0.00450	0.02157	0.00748	0.00654
58	0.02120	0.72609	0.04155	0.01357	0.02035	0.03138	0.01357	0.02374	0.01611	0.01866	0.01102	0.01272	0.01018	0.00678	0.00509	0.00170	0.00848	0.00424	0.00339	0.01018
59	0.77733	0.01534	0.01166	0.01043	0.01534	0.01779	0.00859	0.02331	0.01350	0.03558	0.01104	0.01288	0.00859	0.00736	0.00491	0.00245	0.00613	0.00429	0.00491	0.00859
60	0.01972	0.01703	0.01793	0.01614	0.02062	0.01972	0.01255	0.04214	0.65752	0.03317	0.03228	0.02959	0.02421	0.01076	0.00807	0.00269	0.00628	0.00897	0.00807	0.01255
61	0.01478	0.00739	0.00739	0.00739	0.00924	0.00739	0.00554	0.01848	0.01663	0.02956	0.02587	0.02956	0.02033	0.00924	0.00554	0.00185	0.00370	0.00739	0.76534	0.00739
62	0.01478	0.00739	0.00739	0.00739	0.00924	0.00739	0.00554	0.01848	0.01663	0.02956	0.02587	0.02956	0.02033	0.00924	0.00554	0.00185	0.00370	0.00739	0.76534	0.00739
63	0.01133	0.00850	0.01274	0.01274	0.01416	0.00991	0.00991	0.01416	0.01274	0.01841	0.02124	0.03115	0.01982	0.05947	0.68989	0.01274	0.02124	0.00850	0.00425	0.00708
64	0.01114	0.00810	0.01048	0.00989	0.01179	0.00745	0.00741	0.01480	0.02224	0.03131	0.64024	0.06003	0.10255	0.01639	0.00935	0.00250	0.00375	0.01445	0.00867	0.00745
65	0.02363	0.01857	0.01983	0.01674	0.02188	0.02100	0.01333	0.23538	0.43617	0.06144	0.02800	0.02611	0.02061	0.01033	0.00802	0.00258	0.00708	0.00834	0.00809	0.01288
66	0.01426	0.01107	0.01336	0.01293	0.01508	0.01175	0.00976	0.08196	0.12034	0.02816	0.18558	0.29009	0.06898	0.01811	0.01030	0.00290	0.04438	0.04481	0.00763	0.00854
67	0.01208	0.00939	0.01334	0.01293	0.01392	0.01119	0.00984	0.01425	0.01245	0.01792	0.02066	0.03340	0.02040	0.17757	0.49050	0.01071	0.09949	0.00888	0.00426	0.00684
68	0.01990	0.02210	0.06318	0.10266	0.35369	0.09764	0.14919	0.02486	0.01821	0.02420	0.01455	0.01929	0.01179	0.00748	0.00876	0.00246	0.03767	0.00724	0.00388	0.01124
69	0.68863	0.04452	0.06530	0.01150	0.01702	0.01836	0.01040	0.02347	0.01385	0.03411	0.01129	0.01318	0.00876	0.00735	0.00512	0.00243	0.00666	0.00441	0.00473	0.00889
70	0.01734	0.02540	0.22587	0.15618	0.13964	0.01894	0.25245	0.02420	0.01751	0.02445	0.01498	0.01971	0.01126	0.00722	0.00833	0.00257	0.01176	0.00755	0.00371	0.01094
71	0.01606	0.01355	0.01604	0.01224	0.01810	0.01105	0.00964	0.04141	0.01686	0.02570	0.01812	0.11093	0.01725	0.00887	0.00730	0.00158	0.03298	0.00728	0.00513	0.60991
72	0.01358	0.01164	0.01563	0.01476	0.01590	0.04143	0.01166	0.01580	0.01289	0.01836	0.01803	0.02697	0.01698	0.04538	0.47728	0.04957	0.17486	0.00792	0.00402	0.00734
73	0.00966	0.00690	0.00920	0.01104	0.01150	0.00644	0.00736	0.01104	0.01518	0.02024	0.04371	0.71614	0.05245	0.02484	0.01012	0.00322	0.00460	0.02254	0.00736	0.00644
74	0.01377	0.00689	0.01033	0.01033	0.01033	0.00689	0.00689	0.01033	0.01033	0.01377	0.01377	0.02410	0.01377	0.02755	0.03099	0.76928	0.00689	0.00689	0.00344	0.00344
75	0.03558	0.01350	0.01840	0.01411	0.02024	0.01166	0.01166	0.03865	0.02270	0.67734	0.03128	0.02699	0.01963	0.00981	0.00797	0.00245	0.00675	0.00797	0.00981	0.01350
76	0.01498	0.01409	0.02378	0.70226	0.05462	0.01762	0.02202	0.02026	0.01586	0.02026	0.01409	0.02114	0.01057	0.00793	0.00793	0.00264	0.01057	0.00705	0.00352	0.00881
77	0.00983	0.00697	0.00915	0.01083	0.01125	0.00655	0.00714	0.01108	0.01486	0.01982	0.04207	0.65790	0.05038	0.08590	0.01277	0.00361	0.00487	0.02158	0.00714	0.00630
78	0.02120	0.72609	0.04155	0.01357	0.02035	0.03138	0.01357	0.02374	0.01611	0.01866	0.01102	0.01272	0.01018	0.00678	0.00509	0.00170	0.00848	0.00424	0.00339	0.01018
79	0.01498	0.01409	0.02378	0.70226	0.05462	0.01762	0.02202	0.02026	0.01586	0.02026	0.01409	0.02114	0.01057	0.00793	0.00793	0.00264	0.01057	0.00705	0.00352	0.00881
80	0.01945	0.01866	0.03186	0.07402	0.64791	0.01879	0.02425	0.02418	0.01797	0.02569	0.01488	0.01969	0.01248	0.00710	0.00785	0.00237	0.00947	0.00706	0.00391	0.01242
81	0.01751	0.01406	0.01655	0.01188	0.01887	0.01063	0.00952	0.02101	0.01679	0.06220	0.01505	0.01703	0.01219	0.00609	0.00599	0.00125	0.00592	0.00488	0.00498	0.72758
82	0.02645	0.03115	0.02102	0.01905	0.02327	0.47499	0.01443	0.03502	0.22585	0.02382	0.01867	0.01920	0.01470	0.00900	0.00744	0.00225	0.01173	0.00634	0.00536	0.01027
83	0.01963	0.01884	0.03219	0.04867	0.67185	0.01884	0.02434	0.02434	0.01806	0.02591	0.01492	0.01963	0.01256	0.00707	0.00785	0.00236	0.00942	0.00707	0.00393	0.01256
84	0.01913	0.02142	0.04597	0.03288	0.04084	0.02022	0.62051	0.04765	0.01938	0.02628	0.01615	0.02131	0.01208	0.00679	0.00931	0.00266	0.01320	0.00928	0.00415	0.01080
85	0.03496	0.01363	0.01838	0.01419	0.02026	0.01197	0.01169	0.03878	0.04731	0.65236	0.03132	0.02709	0.01981	0.00985	0.00798	0.00246	0.00673	0.00801	0.00975	0.01346
86	0.01833	0.27498	0.39642	0.01865	0.02783	0.05428	0.02207	0.02463	0.01679	0.02284	0.01360	0.01587	0.01060	0.00739	0.00658	0.00218	0.01034	0.00534	0.04045	0.01086
87	0.01963	0.01884	0.03219	0.04867	0.67185	0.01884	0.02434	0.02434	0.01806	0.02591	0.01492	0.01963	0.01256	0.00707	0.00785	0.00236	0.00942	0.00707	0.00393	0.01256
88	0.01520	0.01432	0.02418	0.67115	0.08399	0.01768	0.02213	0.02045	0.01596	0.02053	0.01413	0.02107	0.01067	0.00789	0.00792	0.00263	0.01052	0.00705	0.00354	0.00899
89	0.01153	0.00769	0.00865	0.00865	0.00865	0.00769	0.00480	0.01153	0.01153	0.01538	0.02499	0.05189	0.02883	0.72131	0.04036	0.00769	0.00769	0.01153	0.00480	0.00480
90	0.01941	0.01862	0.03179	0.07919	0.64302	0.01878	0.02423	0.02415	0.01795	0.02564	0.01488	0.01970	0.01247	0.00711	0.00785	0.00237	0.00947	0.00706	0.00391	0.01239
91	0.01899	0.01819	0.03104	0.13796	0.58753	0.01867	0.02402	0.02378	0.01776	0.02514	0.01480	0.01983	0.01229	0.00718	0.00786	0.00239	0.00958	0.00706	0.00387	0.01205
92	0.01379	0.01194	0.01678	0.01538	0.01601	0.01537	0.01214	0.01575	0.01232	0.01822	0.01744	0.02873	0.01739	0.14131	0.32377	0.00824	0.29569	0.00833	0.00402	0.00738
93	0.01825	0.02064	0.04484	0.03226	0.03989	0.01935	0.60997	0.02465	0.01853	0.02513	0.01748	0.05754	0.01413	0.00763	0.00940	0.00270	0.01291	0.01004	0.00419	0.01047
94	0.01483	0.01351	0.02019	0.06927	0.02131	0.01730	0.04683	0.01751	0.01333	0.01986	0.01682	0.05772	0.01607	0.02780	0.23197	0.00621	0.33201	0.00837	0.04099	0.00811
95	0.02610	0.01780	0.01982	0.01600	0.02108	0.01917	0.01283	0.38284	0.10259	0.12413	0.05392	0.08650	0.02247	0.04524	0.00976	0.00276	0.00755	0.00936	0.00803	0.01207
96	0.01753	0.01831	0.03147	0.02476	0.02759	0.02213	0.23230	0.02102	0.01444	0.02122	0.01287	0.01941	0.01143	0.01362	0.05257	0.00365	0.43485	0.00785	0.00369	0.00929
97	0.01832	0.01802	0.02933	0.27215	0.34765	0.04419	0.07238	0.02421	0.05078	0.02403	0.01552	0.02061	0.01234	0.00757	0.00798	0.00249	0.01016	0.00727	0.00401	0.01098
98	0.02748	0.02167	0.02225	0.01782	0.02358	0.05624	0.01445	0.46223	0.19368	0.04421	0.02206	0.02148	0.01604	0.00977	0.00793	0.00244	0.00838	0.00750	0.00778	0.01304
99	0.09124	0.01083	0.01088	0.00984	0.01274	0.01148	0.00766	0.13265	0.02001	0.03340	0.02408	0.06033	0.01955	0.00989	0.00615	0.00207	0.00489	0.00780	0.51593	0.00857
100	0.01992	0.02004	0.05524	0.04146	0.52492	0.04513	0.02226	0.05595	0.05076	0.02697	0.01896	0.02246	0.04422	0.00805	0.00790	0.00238	0.00926	0.00750	0.00448	0.01216
101	0.54744	0.16283	0.08422	0.01228	0.01825	0.02062	0.01166	0.02358	0.01435	0.03109	0.01136	0.01323	0.00906	0.00726	0.00521	0.00230	0.00717	0.00444	0.00444	0.00922
102	0.01153	0.00769	0.00865	0.00865	0.00865	0.00769	0.00480	0.01153	0.01153	0.01538	0.02499	0.05189	0.02883	0.72131	0.04036	0.00769	0.00769	0.01153	0.00480	0.00480
103	0.02167	0.01618	0.01778	0.01541	0.01999	0.01784	0.01222	0.13831	0.39088	0.09858	0.08432	0.03400	0.05240	0.01167	0.00830	0.00263	0.00647	0.03118	0.00822	0.01196
104	0.01377	0.00689	0.01033	0.01033	0.01033	0.00689	0.00689	0.01033	0.01033	0.01377	0.01377	0.02410	0.01377	0.02755	0.03099	0.76928	0.00689	0.00689	0.00344	0.00344
105	0.02965	0.03702	0.02254	0.02032	0.02452	0.65660	0.01531	0.06201	0.02320	0.02092	0.01259	0.01453	0.01038	0.00824	0.00719	0.00206	0.01402	0.00521	0.00428	0.00941
106	0.01099	0.00809	0.01031	0.00998	0.01188	0.00741	0.00752	0.01440	0.02140	0.02965	0.54023	0.09231	0.14646	0.01732	0.00946	0.00260	0.00396	0.04029	0.00844	0.00733
107	0.01682	0.06776	0.60356	0.02309	0.05647	0.04687	0.02790	0.02530	0.01700	0.02464	0.01404	0.01658	0.01015	0.00751	0.00743	0.00245	0.01161	0.00581	0.00340	0.01158
108	0.01590	0.04102	0.68023	0.02260	0.03432	0.01842	0.02930	0.02511	0.01674	0.02511	0.01423	0.01674	0.01005	0.00753	0.00753	0.00251	0.01172	0.00586	0.00335	0.01172
109	0.02120	0.72609	0.04155	0.01357	0.02035	0.03138	0.01357	0.02374	0.01611	0.01866	0.01102	0.01272	0.01018	0.00678	0.00509	0.00170	0.00848	0.00424	0.00339	0.01018
110	0.01153	0.00769	0.00865	0.00865	0.00865	0.00769	0.00480	0.01153	0.01153	0.01538	0.02499	0.05189	0.02883	0.72131	0.04036	0.00769	0.00769	0.01153	0.00480	0.00480
111	0.01844	0.01763	0.03004	0.21533	0.51446	0.01853	0.02375	0.02330	0.01750	0.02447	0.01471	0.02001	0.01205	0.00729	0.00787	0.00243	0.00971	0.00706	0.00382	0.01160
112	0.02522	0.01924	0.07368	0.01658	0.02251	0.01846	0.01431	0.20305	0.25041	0.17327	0.02665	0.02696	0.01951	0.01021	0.00800	0.00252	0.00752	0.03197	0.00785	0.04209
113	0.01122	0.00811	0.01060	0.00998	0.01185	0.00748	0.00748	0.01496	0.02245	0.03180	0.66766	0.05923	0.07482	0.01621	0.00935	0.00249	0.00374	0.01434	0.00873	0.00748
114	0.01700	0.01443	0.01674	0.01201	0.01903	0.01114	0.00963	0.04550	0.01729	0.02683	0.01430	0.01655	0.01182	0.00602	0.00596	0.00122	0.00599	0.00480	0.00483	0.73892
115	0.01737	0.23102	0.50309	0.02010	0.03045	0.02201	0.02494	0.02473	0.01657	0.02332	0.01334	0.01563	0.01008	0.00733	0.00686	0.00229	0.01082	0.00541	0.00336	0.01129
116	0.02277	0.01672	0.01932	0.01602	0.02060	0.01821	0.04050	0.23891	0.23225	0.08215	0.02614	0.03072	0.02096	0.10011	0.01213	0.00319	0.00754	0.03342	0.04692	0.01139
117	0.01377	0.00689	0.01033	0.01033	0.01033	0.00689	0.00689	0.01033	0.01033	0.01377	0.01377	0.02410	0.01377	0.02755	0.03099	0.76928	0.00689	0.00689	0.00344	0.00344
118	0.00967	0.00808	0.00845	0.00847	0.01105	0.00686	0.00643	0.01189	0.01845	0.02240	0.12860	0.07541	0.59230	0.01983	0.00944	0.00270	0.00413	0.04156	0.00748	0.00679
119	0.01972	0.01399	0.01678	0.01215	0.01904	0.01076	0.00978	0.02316	0.01751	0.13727	0.01703	0.01825	0.01309	0.00655	0.00623	0.00139	0.00602	0.00526	0.00557	0.64043
120	0.03558	0.01350	0.01840	0.01411	0.02024	0.01166	0.01166	0.03865	0.02270	0.67734	0.03128	0.02699	0.01963	0.00981	0.00797	0.00245	0.00675	0.00797	0.00981	0.01350
121	0.01639	0.01612	0.02348	0.08561	0.02382	0.02171	0.03781	0.01860	0.01303	0.01953	0.01430	0.08819	0.01471	0.01417	0.02213	0.00334	0.54606	0.00860	0.00388	0.00853
122	0.21980	0.01462	0.02087	0.48987	0.06927	0.01771	0.01851	0.02125	0.01531	0.02460	0.01331	0.01886	0.01012	0.00774	0.00711	0.00258	0.00933	0.00631	0.00391	0.00890
123	0.01122	0.00811	0.01060	0.00998	0.01185	0.00748	0.00748	0.01496	0.02245	0.03180	0.66766	0.05923	0.07482	0.01621	0.00935	0.00249	0.00374	0.01434	0.00873	0.00748
124	0.01871	0.02052	0.06871	0.09548	0.34366	0.01919	0.26598	0.02445	0.01807	0.02520	0.01525	0.02030	0.01207	0.00701	0.00843	0.00251	0.01117	0.00790	0.00390	0.01148
125	0.01695	0.01677	0.02371	0.05413	0.02217	0.02327	0.01723	0.01891	0.01236	0.01911	0.01111	0.01819	0.01087	0.01575	0.05673	0.00387	0.63974	0.00702	0.00351	0.00861
126	0.01791	0.05473	0.19338	0.02156	0.02717	0.01918	0.14753	0.04456	0.01668	0.05431	0.01721	0.06696	0.01482	0.01202	0.03351	0.00308	0.19514	0.00823	0.04197	0.01006
127	0.02827	0.11461	0.02477	0.01956	0.02392	0.56045	0.01518	0.05955	0.02210	0.02077	0.01238	0.01445	0.01037	0.00827	0.00759	0.00207	0.03686	0.00517	0.00417	0.00949
128	0.71556	0.04053	0.01319	0.01102	0.01595	0.05070	0.00908	0.02373	0.01402	0.03422	0.01110	0.01294	0.00872	0.00738	0.00502	0.00241	0.00661	0.00433	0.00482	0.00867
129	0.01740	0.01811	0.03138	0.13513	0.03286	0.02186	0.21743	0.02129	0.01484	0.02129	0.01280	0.01925	0.01095	0.01062	0.01779	0.00308	0.37320	0.00773	0.00365	0.00934
130	0.01644	0.01409	0.01644	0.01175	0.01879	0.01057	0.00940	0.01997	0.01644	0.02584	0.01409	0.01644	0.01175	0.00587	0.00587	0.00117	0.00587	0.00470	0.00470	0.76979
131	0.01138	0.00874	0.01216	0.01136	0.01352	0.00806	0.03916	0.01488	0.02086	0.02874	0.46880	0.11210	0.13689	0.01731	0.00954	0.00267	0.00460	0.06363	0.00812	0.00745
132	0.01644	0.01409	0.01644	0.01175	0.01879	0.01057	0.00940	0.01997	0.01644	0.02584	0.01409	0.01644	0.01175	0.00587	0.00587	0.00117	0.00587	0.00470	0.00470	0.76979
133	0.02098	0.69742	0.06827	0.01395	0.02094	0.03083	0.01423	0.02380	0.01614	0.01893	0.01116	0.01289	0.01017	0.00682	0.00519	0.00173	0.00862	0.00431	0.00339	0.01024
134	0.01666	0.14849	0.51725	0.02104	0.03133	0.02005	0.05347	0.02442	0.01700	0.02441	0.04490	0.01833	0.01324	0.00779	0.00731	0.00239	0.01089	0.00616	0.00364	0.01122
135	0.01916	0.02019	0.02243	0.01964	0.02051	0.14649	0.01594	0.02103	0.01443	0.01971	0.01302	0.04896	0.01276	0.01308	0.02078	0.00311	0.51137	0.00733	0.04143	0.00861
136	0.77733	0.01534	0.01166	0.01043	0.01534	0.01779	0.00859	0.02331	0.01350	0.03558	0.01104	0.01288	0.00859	0.00736	0.00491	0.00245	0.00613	0.00429	0.00491	0.00859
137	0.01735	0.01735	0.02429	0.02082	0.02082	0.02429	0.01735	0.01908	0.01214	0.01908	0.01041	0.01735	0.01041	0.01388	0.02602	0.00347	0.70680	0.00694	0.00347	0.00867
138	0.01013	0.00869	0.00876	0.00863	0.01144	0.00765	0.00650	0.01363	0.06492	0.02228	0.07681	0.07289	0.62142	0.01940	0.00928	0.00268	0.00418	0.01617	0.00742	0.00712
139	0.01610	0.01374	0.01608	0.01171	0.01843	0.01036	0.00929	0.01952	0.01638	0.02556	0.01557	0.05140	0.01378	0.00682	0.00608	0.00128	0.00581	0.00559	0.00483	0.73165
140	0.77733	0.01534	0.01166	0.01043	0.01534	0.01779	0.00859	0.02331	0.01350	0.03558	0.01104	0.01288	0.00859	0.00736	0.00491	0.00245	0.00613	0.00429	0.00491	0.00859
141	0.01377	0.00689	0.01033	0.01033	0.01033	0.00689	0.00689	0.01033	0.01033	0.01377	0.01377	0.02410	0.01377	0.02755	0.03099	0.76928	0.00689	0.00689	0.00344	0.00344
142	0.01122	0.00811	0.01060	0.00998	0.01185	0.00748	0.00748	0.01496	0.02245	0.03180	0.66766	0.05923	0.07482	0.01621	0.00935	0.00249	0.00374	0.01434	0.00873	0.00748
143	0.01644	0.01409	0.01644	0.01175	0.01879	0.01057	0.00940	0.01997	0.01644	0.02584	0.01409	0.01644	0.01175	0.00587	0.00587	0.00117	0.00587	0.00470	0.00470	0.76979
144	0.01122	0.00811	0.01060	0.00998	0.01185	0.00748	0.00748	0.01496	0.02245	0.03180	0.66766	0.05923	0.07482	0.01621	0.00935	0.00249	0.00374	0.01434	0.00873	0.00748
145	0.01732	0.19224	0.48567	0.02148	0.03179	0.02144	0.07625	0.02483	0.01676	0.02370	0.01366	0.01623	0.01024	0.00730	0.00714	0.00234	0.01113	0.00579	0.00341	0.01129
146	0.02018	0.05956	0.05161	0.12156	0.39825	0.05379	0.02183	0.07438	0.01893	0.02585	0.01441	0.01883	0.01188	0.00799	0.00916	0.00244	0.06696	0.00676	0.00412	0.01152
147	0.06649	0.23621	0.02681	0.01617	0.02141	0.14983	0.01367	0.17739	0.09626	0.02954	0.01633	0.01753	0.01301	0.00866	0.00753	0.00218	0.04275	0.00593	0.04152	0.01077
148	0.02926	0.06970	0.02353	0.01988	0.02432	0.59076	0.01521	0.09286	0.02365	0.02244	0.01288	0.01470	0.01054	0.00824	0.00713	0.00206	0.01346	0.00527	0.00444	0.00967
149	0.01958	0.01896	0.03288	0.04795	0.64184	0.01890	0.05378	0.02439	0.01809	0.02588	0.01497	0.01971	0.01254	0.00705	0.00792	0.00237	0.00961	0.00717	0.00393	0.01247
150	0.01861	0.02104	0.04532	0.03237	0.04034	0.01959	0.61223	0.02514	0.01861	0.02542	0.01595	0.02115	0.01202	0.00665	0.00919	0.00260	0.01300	0.00913	0.00404	0.04761
151	0.01133	0.00850	0.01274	0.01274	0.01416	0.00991	0.00991	0.01416	0.01274	0.01841	0.02124	0.03115	0.01982	0.05947	0.68989	0.01274	0.02124	0.00850	0.00425	0.00708
152	0.01478	0.00739	0.00739	0.00739	0.00924	0.00739	0.00554	0.01848	0.01663	0.02956	0.02587	0.02956	0.02033	0.00924	0.00554	0.00185	0.00370	0.00739	0.76534	0.00739
153	0.01377	0.00689	0.01033	0.01033	0.01033	0.00689	0.00689	0.01033	0.01033	0.01377	0.01377	0.02410	0.01377	0.02755	0.03099	0.76928	0.00689	0.00689	0.00344	0.00344
154	0.01735	0.01735	0.02429	0.02082	0.02082	0.02429	0.01735	0.01908	0.01214	0.01908	0.01041	0.01735	0.01041	0.01388	0.02602	0.00347	0.70680	0.00694	0.00347	0.00867
155	0.03037	0.01940	0.02166	0.01677	0.02282	0.02072	0.01380	0.45599	0.05816	0.19347	0.02267	0.02172	0.01561	0.00963	0.00785	0.00239	0.00797	0.00742	0.03836	0.01321
156	0.03014	0.02221	0.02380	0.01825	0.02459	0.02459	0.01507	0.64541	0.03728	0.04998	0.01904	0.01904	0.01349	0.00952	0.00793	0.00238	0.00873	0.00714	0.00793	0.01349
157	0.01507	0.00896	0.01183	0.01063	0.01317	0.00814	0.00814	0.01870	0.02249	0.13366	0.56724	0.05415	0.06611	0.01520	0.00914	0.00249	0.00422	0.01334	0.00890	0.00843
158	0.01122	0.00811	0.01060	0.00998	0.01185	0.00748	0.00748	0.01496	0.02245	0.03180	0.66766	0.05923	0.07482	0.01621	0.00935	0.00249	0.00374	0.01434	0.00873	0.00748
159	0.02380	0.51349	0.03566	0.01569	0.02164	0.23464	0.01411	0.02619	0.01808	0.01889	0.01141	0.01321	0.01019	0.00721	0.00573	0.00180	0.01028	0.00451	0.00361	0.00987
160	0.01162	0.00887	0.01310	0.01294	0.01422	0.01048	0.01003	0.01427	0.01266	0.01830	0.02090	0.03145	0.01979	0.08725	0.62954	0.01208	0.05264	0.00856	0.00424	0.00705
161	0.11524	0.21812	0.33902	0.05048	0.05848	0.04780	0.02135	0.02452	0.01640	0.02432	0.01292	0.01541	0.01004	0.00733	0.00656	0.00227	0.01008	0.00531	0.00362	0.01072
162	0.02351	0.01220	0.01547	0.01301	0.01713	0.01163	0.01028	0.08160	0.07622	0.29914	0.24302	0.09501	0.04059	0.01326	0.00862	0.00254	0.00570	0.01132	0.00894	0.01082
163	0.61640	0.01505	0.01401	0.12942	0.02228	0.01751	0.01102	0.02341	0.01427	0.05888	0.01238	0.01487	0.00937	0.00756	0.00555	0.00249	0.00692	0.00492	0.00487	0.00882
164	0.02168	0.01299	0.04026	0.01329	0.01741	0.01173	0.01079	0.05276	0.11841	0.25643	0.17345	0.14774	0.06068	0.01408	0.00867	0.00263	0.00584	0.01209	0.00850	0.01057
165	0.07029	0.01328	0.01764	0.01370	0.01954	0.01172	0.01127	0.03658	0.02224	0.61010	0.06582	0.02810	0.02217	0.01005	0.00790	0.00246	0.00655	0.00815	0.00952	0.01292
166	0.00972	0.00699	0.00922	0.01089	0.01149	0.00650	0.00732	0.01123	0.01561	0.02081	0.07315	0.66475	0.07436	0.02429	0.01006	0.00317	0.00454	0.02198	0.00742	0.00650
167	0.01114	0.00804	0.01052	0.01004	0.01183	0.00742	0.00748	0.01475	0.02204	0.03115	0.63284	0.09590	0.07357	0.01669	0.00940	0.00253	0.00379	0.01480	0.00865	0.00742
168	0.00966	0.00690	0.00920	0.01104	0.01150	0.00644	0.00736	0.01104	0.01518	0.02024	0.04371	0.71614	0.05245	0.02484	0.01012	0.00322	0.00460	0.02254	0.00736	0.00644
169	0.04611	0.01512	0.02503	0.54042	0.18002	0.01788	0.02197	0.02122	0.01622	0.02203	0.01414	0.02050	0.01090	0.00773	0.00779	0.00258	0.01016	0.00694	0.00366	0.00957
170	0.01638	0.01399	0.01622	0.01207	0.01859	0.01112	0.00956	0.02135	0.06895	0.02617	0.01702	0.05132	0.01473	0.00719	0.00626	0.00140	0.00584	0.00591	0.00510	0.67082
171	0.04984	0.04721	0.02073	0.04307	0.02147	0.10638	0.01367	0.19308	0.05098	0.06620	0.02009	0.02244	0.04503	0.01145	0.01240	0.04046	0.15326	0.00722	0.06491	0.01010
172	0.16277	0.01539	0.01749	0.04051	0.02068	0.01581	0.01169	0.14787	0.08105	0.28433	0.02365	0.02272	0.01628	0.00913	0.00716	0.00237	0.00685	0.00703	0.06367	0.04354
173	0.07725	0.34184	0.22266	0.01790	0.02546	0.08579	0.04872	0.02469	0.01661	0.02223	0.01228	0.01469	0.01012	0.00751	0.00719	0.00216	0.04375	0.00517	0.00359	0.01037

[dist]
# distance from previous block
# <min> <max>
0	21

[block]
# block no. 1 follows, 24 sequences, length 66
# corresponding to MSA columns:
# 206-271
name=unknown_B
#
# <colnr> <probs for GDERKNQSTAVLIFYWHMCP>
#	G	D	E	R	K	N	Q	S	T	A	V	L	I	F	Y	W	H	M	C	P
0	0.17044	0.38523	0.13099	0.01500	0.02173	0.05851	0.01516	0.02474	0.01614	0.05251	0.01246	0.01428	0.01028	0.00751	0.00652	0.00209	0.03742	0.00482	0.00401	0.01014
1	0.03918	0.01222	0.04502	0.04200	0.01803	0.01157	0.03226	0.05014	0.10882	0.02694	0.14864	0.28707	0.04327	0.01751	0.00927	0.00292	0.00612	0.08334	0.00719	0.00850
2	0.00966	0.00690	0.00920	0.01104	0.01150	0.00644	0.00736	0.01104	0.01518	0.02024	0.04371	0.71614	0.05245	0.02484	0.01012	0.00322	0.00460	0.02254	0.00736	0.00644
3	0.01590	0.04102	0.68023	0.02260	0.03432	0.01842	0.02930	0.02511	0.01674	0.02511	0.01423	0.01674	0.01005	0.00753	0.00753	0.00251	0.01172	0.00586	0.00335	0.01172
4	0.00958	0.00804	0.00832	0.00825	0.01084	0.00678	0.00619	0.01178	0.01857	0.02259	0.14622	0.07440	0.60201	0.01965	0.00937	0.00266	0.00399	0.01647	0.00752	0.00678
5	0.02458	0.01521	0.01763	0.01493	0.01978	0.01605	0.01186	0.07162	0.34759	0.24453	0.09920	0.03132	0.02753	0.01096	0.00817	0.00257	0.00630	0.00912	0.00870	0.01237
6	0.03040	0.01542	0.01883	0.01499	0.02066	0.01516	0.01228	0.16721	0.10747	0.40763	0.03142	0.02996	0.04999	0.01075	0.00814	0.00252	0.00700	0.02834	0.00899	0.01285
7	0.01101	0.00803	0.01034	0.00990	0.01175	0.00737	0.00737	0.01450	0.02174	0.03044	0.59210	0.09630	0.11555	0.01696	0.00940	0.00255	0.00381	0.01496	0.00856	0.00737
8	0.01644	0.01409	0.01644	0.01175	0.01879	0.01057	0.00940	0.01997	0.01644	0.02584	0.01409	0.01644	0.01175	0.00587	0.00587	0.00117	0.00587	0.00470	0.00470	0.76979
9	0.00966	0.00690	0.00920	0.01104	0.01150	0.00644	0.00736	0.01104	0.01518	0.02024	0.04371	0.71614	0.05245	0.02484	0.01012	0.00322	0.00460	0.02254	0.00736	0.00644
10	0.02962	0.01751	0.05154	0.01542	0.02115	0.05500	0.01300	0.13530	0.08054	0.38487	0.06321	0.05242	0.02229	0.01056	0.00806	0.00247	0.00748	0.00855	0.00853	0.01246
11	0.01893	0.43200	0.31573	0.01745	0.02635	0.02581	0.02032	0.02433	0.01638	0.02143	0.01240	0.01445	0.01012	0.00711	0.00614	0.00205	0.00987	0.00494	0.00337	0.01084
12	0.00966	0.00690	0.00920	0.01104	0.01150	0.00644	0.00736	0.01104	0.01518	0.02024	0.04371	0.71614	0.05245	0.02484	0.01012	0.00322	0.00460	0.02254	0.00736	0.00644
13	0.01387	0.01270	0.02350	0.02004	0.02360	0.01209	0.23047	0.01787	0.01746	0.02322	0.03349	0.26122	0.03606	0.01752	0.01014	0.00318	0.00857	0.22059	0.00617	0.00821
14	0.01619	0.07842	0.64536	0.02211	0.03356	0.01912	0.02844	0.02504	0.01671	0.02476	0.01406	0.01652	0.01005	0.00749	0.00740	0.00247	0.01154	0.00577	0.00335	0.01164
15	0.01865	0.02118	0.04564	0.03278	0.04038	0.02027	0.61092	0.02508	0.01838	0.02508	0.01575	0.02118	0.01195	0.00705	0.01021	0.00271	0.04897	0.00923	0.00398	0.01059
16	0.02043	0.01688	0.01795	0.01605	0.02060	0.01936	0.01251	0.04198	0.62912	0.06199	0.03223	0.02947	0.02400	0.01072	0.00806	0.00268	0.00630	0.00892	0.00815	0.01259
17	0.00966	0.00690	0.00920	0.01104	0.01150	0.00644	0.00736	0.01104	0.01518	0.02024	0.04371	0.71614	0.05245	0.02484	0.01012	0.00322	0.00460	0.02254	0.00736	0.00644
18	0.01590	0.04102	0.68023	0.02260	0.03432	0.01842	0.02930	0.02511	0.01674	0.02511	0.01423	0.01674	0.01005	0.00753	0.00753	0.00251	0.01172	0.00586	0.00335	0.01172
19	0.00966	0.00690	0.00920	0.01104	0.01150	0.00644	0.00736	0.01104	0.01518	0.02024	0.04371	0.71614	0.05245	0.02484	0.01012	0.00322	0.00460	0.02254	0.00736	0.00644
20	0.00947	0.00804	0.00816	0.00813	0.01077	0.00673	0.00610	0.01156	0.01830	0.02195	0.11049	0.07544	0.63814	0.01988	0.00937	0.00267	0.00400	0.01661	0.00743	0.00673
21	0.77733	0.01534	0.01166	0.01043	0.01534	0.01779	0.00859	0.02331	0.01350	0.03558	0.01104	0.01288	0.00859	0.00736	0.00491	0.00245	0.00613	0.00429	0.00491	0.00859
22	0.01972	0.01703	0.01793	0.01614	0.02062	0.01972	0.01255	0.04214	0.65752	0.03317	0.03228	0.02959	0.02421	0.01076	0.00807	0.00269	0.00628	0.00897	0.00807	0.01255
23	0.02965	0.03699	0.02254	0.02032	0.02452	0.65534	0.01531	0.06318	0.02323	0.02098	0.01261	0.01454	0.01038	0.00824	0.00719	0.00206	0.01401	0.00521	0.00428	0.00941
24	0.01059	0.00808	0.00972	0.00931	0.01146	0.00721	0.00698	0.01374	0.02095	0.02825	0.46653	0.06508	0.27817	0.01754	0.00936	0.00256	0.00384	0.01516	0.00826	0.00721
25	0.02965	0.03693	0.02255	0.02031	0.02452	0.65252	0.01531	0.06578	0.02330	0.02111	0.01263	0.01456	0.01040	0.00825	0.00719	0.00206	0.01399	0.00522	0.00430	0.00943
26	0.67774	0.01509	0.01256	0.01092	0.01599	0.01697	0.00900	0.02537	0.01473	0.12174	0.01376	0.01478	0.01007	0.00769	0.00532	0.00245	0.00622	0.00479	0.00557	0.00925
27	0.02962	0.03779	0.02247	0.02043	0.02451	0.68948	0.01532	0.03166	0.02247	0.01941	0.01226	0.01430	0.01021	0.00817	0.00715	0.00204	0.01430	0.00511	0.00409	0.00919
28	0.01749	0.01406	0.01655	0.01187	0.01887	0.01063	0.00952	0.02099	0.01678	0.06141	0.01503	0.01702	0.01218	0.00609	0.00599	0.00124	0.00592	0.00488	0.00498	0.72850
29	0.01133	0.00850	0.01274	0.01274	0.01416	0.00991	0.00991	0.01416	0.01274	0.01841	0.02124	0.03115	0.01982	0.05947	0.68989	0.01274	0.02124	0.00850	0.00425	0.00708
30	0.70159	0.01679	0.04584	0.01295	0.04918	0.01787	0.01040	0.02345	0.01388	0.03457	0.01139	0.01341	0.00886	0.00735	0.00519	0.00245	0.00658	0.00451	0.00478	0.00894
31	0.00996	0.00712	0.00953	0.01125	0.01187	0.00669	0.00776	0.01162	0.01576	0.02107	0.07453	0.63845	0.05307	0.02420	0.01014	0.00322	0.00475	0.06503	0.00742	0.00655
32	0.77733	0.01534	0.01166	0.01043	0.01534	0.01779	0.00859	0.02331	0.01350	0.03558	0.01104	0.01288	0.00859	0.00736	0.00491	0.00245	0.00613	0.00429	0.00491	0.00859
33	0.02853	0.02146	0.02203	0.01723	0.02300	0.05613	0.01410	0.54980	0.03441	0.04633	0.01941	0.01989	0.01403	0.00942	0.00765	0.00231	0.00848	0.00706	0.08609	0.01264
34	0.01940	0.01861	0.03177	0.08109	0.64123	0.01878	0.02422	0.02413	0.01795	0.02563	0.01488	0.01970	0.01246	0.00711	0.00785	0.00237	0.00948	0.00706	0.00391	0.01237
35	0.01959	0.01894	0.03274	0.04810	0.64802	0.01889	0.04772	0.02438	0.01808	0.02589	0.01496	0.01969	0.01254	0.00705	0.00791	0.00237	0.00957	0.00715	0.00393	0.01249
36	0.01899	0.02009	0.03590	0.09901	0.06561	0.05043	0.34542	0.05797	0.01813	0.02454	0.01487	0.02038	0.01185	0.01018	0.03459	0.00310	0.14650	0.00820	0.00408	0.01017
37	0.01644	0.01409	0.01644	0.01175	0.01879	0.01057	0.00940	0.01997	0.01644	0.02584	0.01409	0.01644	0.01175	0.00587	0.00587	0.00117	0.00587	0.00470	0.00470	0.76979
38	0.01069	0.00797	0.00981	0.00957	0.01141	0.00723	0.00702	0.01366	0.02033	0.02771	0.45210	0.11911	0.20429	0.05067	0.01087	0.00284	0.00406	0.01545	0.00812	0.00709
39	0.01735	0.01735	0.02429	0.02082	0.02082	0.02429	0.01735	0.01908	0.01214	0.01908	0.01041	0.01735	0.01041	0.01388	0.02602	0.00347	0.70680	0.00694	0.00347	0.00867
40	0.01278	0.00749	0.00860	0.00879	0.01031	0.00725	0.00635	0.01590	0.01762	0.02779	0.19189	0.16816	0.04057	0.04263	0.00878	0.00251	0.00404	0.01219	0.39924	0.00713
41	0.00966	0.00690	0.00920	0.01104	0.01150	0.00644	0.00736	0.01104	0.01518	0.02024	0.04371	0.71614	0.05245	0.02484	0.01012	0.00322	0.00460	0.02254	0.00736	0.00644
42	0.01122	0.00811	0.01060	0.00998	0.01185	0.00748	0.00748	0.01496	0.02245	0.03180	0.66766	0.05923	0.07482	0.01621	0.00935	0.00249	0.00374	0.01434	0.00873	0.00748
43	0.02243	0.01682	0.01905	0.01420	0.02087	0.01556	0.01153	0.22801	0.04449	0.08052	0.01754	0.01848	0.01328	0.00751	0.00677	0.00171	0.00689	0.00587	0.00624	0.44224
44	0.01735	0.01735	0.02429	0.02082	0.02082	0.02429	0.01735	0.01908	0.01214	0.01908	0.01041	0.01735	0.01041	0.01388	0.02602	0.00347	0.70680	0.00694	0.00347	0.00867
45	0.77733	0.01534	0.01166	0.01043	0.01534	0.01779	0.00859	0.02331	0.01350	0.03558	0.01104	0.01288	0.00859	0.00736	0.00491	0.00245	0.00613	0.00429	0.00491	0.00859
46	0.02442	0.01765	0.01965	0.04143	0.02192	0.01899	0.01294	0.42223	0.03127	0.07022	0.12911	0.03244	0.09893	0.01175	0.00833	0.00245	0.00738	0.00942	0.00791	0.01158
47	0.01006	0.00758	0.00931	0.00989	0.01139	0.00683	0.00703	0.01233	0.01819	0.02409	0.24390	0.33975	0.22901	0.02090	0.00968	0.00285	0.00418	0.01844	0.00778	0.00683
48	0.01724	0.01667	0.05745	0.25200	0.06558	0.01566	0.11226	0.02208	0.01674	0.05605	0.01540	0.01996	0.01194	0.00894	0.02903	0.00252	0.03255	0.00673	0.00429	0.23690
49	0.01000	0.00799	0.00895	0.00886	0.01114	0.00694	0.00659	0.01255	0.01935	0.02480	0.27305	0.10897	0.43467	0.01908	0.00941	0.00265	0.00396	0.01629	0.00782	0.00694
50	0.01558	0.01425	0.02299	0.54419	0.04693	0.01697	0.04674	0.02216	0.06869	0.02235	0.01638	0.02214	0.01239	0.00809	0.00777	0.00253	0.00972	0.00722	0.04960	0.04331
51	0.07364	0.05676	0.02290	0.02103	0.05628	0.59532	0.01532	0.03055	0.02152	0.02068	0.01228	0.01443	0.01023	0.00802	0.00699	0.00207	0.01339	0.00513	0.00411	0.00936
52	0.02116	0.01378	0.01670	0.01255	0.01893	0.01117	0.01005	0.02552	0.05360	0.19058	0.02078	0.05129	0.01626	0.00799	0.00672	0.00167	0.00606	0.00657	0.00630	0.50233
53	0.01614	0.01377	0.01612	0.01171	0.01846	0.01039	0.00930	0.01957	0.01639	0.02559	0.01543	0.04789	0.01357	0.00673	0.00606	0.00127	0.00582	0.00550	0.00482	0.73548
54	0.02029	0.01421	0.01722	0.04277	0.02057	0.01208	0.01070	0.08278	0.01935	0.13362	0.01971	0.07379	0.01636	0.00845	0.00684	0.00172	0.00640	0.00698	0.00600	0.48015
55	0.01113	0.00803	0.01052	0.01004	0.01183	0.00742	0.00747	0.01473	0.02201	0.03111	0.63029	0.09858	0.07348	0.01673	0.00940	0.00254	0.00379	0.01483	0.00865	0.00742
56	0.02279	0.42981	0.13143	0.01685	0.02361	0.21502	0.01641	0.02618	0.01800	0.01983	0.01185	0.01377	0.01017	0.00729	0.00603	0.00192	0.01060	0.00473	0.00358	0.01013
57	0.01138	0.00796	0.01020	0.01027	0.01082	0.00847	0.00682	0.01249	0.01213	0.01671	0.02436	0.07145	0.02644	0.44581	0.28142	0.00939	0.01262	0.01085	0.00470	0.00572
58	0.01870	0.02266	0.10460	0.02946	0.03636	0.02084	0.44413	0.05147	0.01818	0.02534	0.01500	0.02011	0.01161	0.00816	0.01206	0.00279	0.13547	0.00849	0.00402	0.01056
59	0.01822	0.02060	0.04474	0.03220	0.03981	0.01931	0.60834	0.02462	0.01852	0.02512	0.01755	0.05932	0.01424	0.00768	0.00940	0.00270	0.01289	0.01008	0.00419	0.01046
60	0.00970	0.00704	0.00917	0.01076	0.01145	0.00650	0.00726	0.01123	0.01570	0.02080	0.07171	0.63932	0.10186	0.02412	0.01003	0.00315	0.00452	0.02176	0.00742	0.00650
61	0.01502	0.01118	0.01548	0.18511	0.05978	0.01258	0.01254	0.04700	0.04172	0.02571	0.05280	0.09214	0.02248	0.01654	0.08590	0.00359	0.03129	0.00920	0.25151	0.00843
62	0.06293	0.02061	0.02288	0.04905	0.06068	0.02279	0.01511	0.52305	0.03313	0.04564	0.01856	0.01940	0.01342	0.00920	0.00767	0.00237	0.00847	0.00701	0.04533	0.01270
63	0.01377	0.00689	0.01033	0.01033	0.01033	0.00689	0.00689	0.01033	0.01033	0.01377	0.01377	0.02410	0.01377	0.02755	0.03099	0.76928	0.00689	0.00689	0.00344	0.00344
64	0.01142	0.00764	0.00868	0.00879	0.00882	0.00761	0.00496	0.01150	0.01175	0.01567	0.02611	0.09168	0.03024	0.67960	0.03855	0.00742	0.00750	0.01219	0.00496	0.00490
65	0.01830	0.02019	0.04247	0.05714	0.03898	0.01973	0.54362	0.02442	0.01801	0.02490	0.01597	0.02143	0.01221	0.00739	0.01041	0.00270	0.06570	0.00900	0.03711	0.01032

[dist]
# distance from previous block
# <min> <max>
0	1

[block]
# block no. 2 follows, 24 sequences, length 49
# corresponding to MSA columns:
# 273-321
name=unknown_C
#
# <colnr> <probs for GDERKNQSTAVLIFYWHMCP>
#	G	D	E	R	K	N	Q	S	T	A	V	L	I	F	Y	W	H	M	C	P
