[name]
unknown

[dist]
# distance from previous block
# <min> <max>
16	113

[block]
# block no. 0 follows, 22 sequences, length 17
# corresponding to MSA columns:
# 113-129
name=unknown_A
#
# <colnr> <probs for GDERKNQSTAVLIFYWHMCP>
#	G	D	E	R	K	N	Q	S	T	A	V	L	I	F	Y	W	H	M	C	P
0	0.01714	0.01010	0.01301	0.01289	0.01527	0.00946	0.00944	0.06356	0.01926	0.14189	0.04010	0.47659	0.04352	0.02098	0.00986	0.00309	0.00572	0.03984	0.00811	0.04017
1	0.02133	0.01167	0.01487	0.01295	0.01657	0.01109	0.01005	0.07007	0.05865	0.22574	0.29330	0.13837	0.04951	0.01538	0.00928	0.00271	0.00555	0.01333	0.00919	0.01038
2	0.02904	0.01823	0.05652	0.01683	0.02234	0.01767	0.01431	0.19330	0.08373	0.28466	0.04231	0.02555	0.01905	0.01207	0.01173	0.05805	0.06584	0.00810	0.00812	0.01257
3	0.14884	0.01530	0.01873	0.01460	0.02085	0.01449	0.01206	0.09391	0.02375	0.50802	0.02830	0.02521	0.01817	0.00986	0.00786	0.00256	0.00717	0.00768	0.00930	0.01335
4	0.07428	0.03616	0.50352	0.02235	0.05551	0.01821	0.02617	0.02675	0.01775	0.07110	0.01591	0.01807	0.01132	0.00791	0.00761	0.00252	0.01097	0.00613	0.00422	0.06354
5	0.01901	0.02271	0.08077	0.10677	0.04453	0.02063	0.52594	0.02600	0.01916	0.02600	0.01647	0.02211	0.01232	0.00720	0.00953	0.00279	0.01358	0.00933	0.00411	0.01105
6	0.01165	0.00841	0.01101	0.01053	0.01239	0.00776	0.00783	0.01540	0.02300	0.03249	0.61074	0.10549	0.07680	0.01760	0.00985	0.00266	0.00398	0.01561	0.00905	0.00776
7	0.03727	0.01414	0.01928	0.01478	0.02121	0.01221	0.01221	0.04049	0.02378	0.66198	0.03277	0.02828	0.02056	0.01028	0.00835	0.00257	0.00707	0.00835	0.01028	0.01414
8	0.01321	0.00877	0.01218	0.01213	0.01358	0.00819	0.03347	0.01522	0.01739	0.07064	0.15380	0.38711	0.05056	0.14492	0.01594	0.00399	0.00578	0.01821	0.00754	0.00738
9	0.01158	0.00835	0.01094	0.01058	0.01237	0.00772	0.00782	0.01522	0.02267	0.03197	0.58455	0.13318	0.07578	0.01799	0.00989	0.00270	0.00402	0.01598	0.00899	0.00772
10	0.01658	0.04058	0.61082	0.07991	0.03775	0.01922	0.03005	0.02588	0.01746	0.02588	0.01490	0.01793	0.01057	0.00793	0.00793	0.00264	0.01218	0.00624	0.00352	0.01202
11	0.01297	0.00881	0.01123	0.01044	0.01276	0.00798	0.00790	0.01662	0.02295	0.06791	0.54507	0.06237	0.14728	0.01711	0.00972	0.00263	0.00414	0.01496	0.00903	0.00810
12	0.01531	0.01082	0.01263	0.01189	0.01339	0.01138	0.00816	0.12607	0.01789	0.02409	0.02799	0.15943	0.03042	0.37868	0.10933	0.00686	0.00946	0.01287	0.00604	0.00731
13	0.01239	0.00802	0.01067	0.01151	0.01277	0.00739	0.00805	0.01457	0.01833	0.06828	0.19499	0.49760	0.05839	0.02270	0.01025	0.00313	0.00475	0.02044	0.00824	0.00753
14	0.01750	0.07923	0.39628	0.07244	0.08306	0.01995	0.13212	0.02523	0.01783	0.02540	0.01636	0.04747	0.01300	0.00844	0.00822	0.00263	0.01178	0.00758	0.00387	0.01160
15	0.06206	0.17002	0.10526	0.02699	0.03460	0.02359	0.35026	0.02552	0.01793	0.02512	0.01470	0.01913	0.01164	0.00780	0.00989	0.00263	0.07019	0.00779	0.00400	0.01089
16	0.01697	0.06926	0.08159	0.39099	0.04412	0.01963	0.06972	0.02221	0.01665	0.02250	0.01434	0.02021	0.01124	0.00843	0.00973	0.00260	0.07551	0.00697	0.00384	0.09348

[dist]
# distance from previous block
# <min> <max>
2	5

[block]
# block no. 1 follows, 22 sequences, length 13
# corresponding to MSA columns:
# 135-147
name=unknown_B
#
# <colnr> <probs for GDERKNQSTAVLIFYWHMCP>
#	G	D	E	R	K	N	Q	S	T	A	V	L	I	F	Y	W	H	M	C	P
0	0.01327	0.00958	0.01202	0.03479	0.01527	0.00949	0.00907	0.01844	0.10090	0.05481	0.17855	0.36840	0.10251	0.02037	0.00990	0.00303	0.00512	0.01811	0.00810	0.00827
1	0.01029	0.00739	0.00950	0.01110	0.01170	0.00689	0.00735	0.01164	0.01573	0.02079	0.04646	0.59612	0.09320	0.09314	0.01368	0.00380	0.00510	0.02206	0.00745	0.00660
2	0.01881	0.02181	0.06783	0.13806	0.04445	0.02072	0.48234	0.02547	0.01877	0.02547	0.01617	0.02201	0.01221	0.00755	0.01021	0.00282	0.04121	0.00917	0.00407	0.01084
3	0.76672	0.01607	0.01221	0.01092	0.01607	0.01864	0.00900	0.02442	0.01414	0.03727	0.01157	0.01350	0.00900	0.00771	0.00514	0.00257	0.00643	0.00450	0.00514	0.00900
4	0.01894	0.03406	0.43091	0.07386	0.03791	0.01902	0.15818	0.02718	0.01844	0.07853	0.01679	0.01982	0.01185	0.00793	0.00838	0.00267	0.01214	0.00721	0.00423	0.01198
5	0.01131	0.00826	0.01062	0.01048	0.01225	0.00758	0.00769	0.01464	0.02179	0.03028	0.49780	0.17676	0.12171	0.01892	0.00994	0.00276	0.00410	0.01675	0.00877	0.00758
6	0.01113	0.00808	0.01057	0.01126	0.01267	0.00751	0.00824	0.01392	0.01969	0.02687	0.30953	0.32830	0.10046	0.02152	0.01029	0.00306	0.00467	0.07658	0.00832	0.00732
7	0.10564	0.02981	0.30406	0.02388	0.03252	0.02050	0.16611	0.05487	0.07995	0.02922	0.01678	0.01971	0.01250	0.00857	0.00949	0.00275	0.06021	0.00728	0.00458	0.01158
8	0.20586	0.09125	0.02203	0.01519	0.02153	0.02071	0.01278	0.24572	0.02580	0.18034	0.01958	0.01939	0.01386	0.00893	0.00710	0.00236	0.00779	0.00646	0.00726	0.06606
9	0.02855	0.02179	0.02574	0.09837	0.03008	0.05095	0.06068	0.39943	0.07407	0.09463	0.02081	0.02161	0.01481	0.00961	0.00840	0.00256	0.00963	0.00775	0.00747	0.01308
10	0.11192	0.01408	0.02287	0.21275	0.09163	0.01513	0.11012	0.01959	0.01629	0.02409	0.02234	0.18833	0.02231	0.01411	0.01082	0.06956	0.00894	0.01136	0.00498	0.00877
11	0.15596	0.18129	0.09327	0.08373	0.02776	0.05748	0.06038	0.10255	0.02045	0.08824	0.01584	0.01781	0.01197	0.00810	0.00699	0.00234	0.00945	0.00612	0.00522	0.04505
12	0.09945	0.06462	0.08804	0.01981	0.05357	0.05986	0.06021	0.26042	0.02692	0.06952	0.06439	0.02510	0.05185	0.01004	0.00801	0.00250	0.00917	0.00801	0.00663	0.01189

[dist]
# distance from previous block
# <min> <max>
2	12

[block]
# block no. 2 follows, 22 sequences, length 17
# corresponding to MSA columns:
# 160-176
name=unknown_C
#
# <colnr> <probs for GDERKNQSTAVLIFYWHMCP>
#	G	D	E	R	K	N	Q	S	T	A	V	L	I	F	Y	W	H	M	C	P
0	0.06097	0.05652	0.17323	0.11462	0.13920	0.01901	0.07276	0.02555	0.05247	0.06661	0.01939	0.07867	0.01645	0.01010	0.00954	0.00273	0.05763	0.00856	0.00487	0.01114
1	0.10127	0.17219	0.18750	0.14827	0.08554	0.05968	0.04376	0.06438	0.01879	0.02654	0.01415	0.01753	0.01103	0.00788	0.00724	0.00243	0.01051	0.00612	0.00416	0.01101
2	0.01950	0.02183	0.11152	0.23284	0.09730	0.10167	0.04926	0.02446	0.01829	0.06670	0.01823	0.06055	0.01515	0.01263	0.05158	0.00323	0.01146	0.00797	0.00464	0.07116
3	0.01741	0.08501	0.43805	0.02160	0.03070	0.02073	0.02520	0.02450	0.01654	0.02467	0.01388	0.01732	0.01077	0.00895	0.01127	0.00263	0.14215	0.00612	0.00366	0.07884
4	0.13695	0.14857	0.27113	0.01805	0.02598	0.09111	0.01931	0.02758	0.08805	0.02693	0.02023	0.02149	0.05382	0.00904	0.00717	0.00245	0.00990	0.00661	0.00469	0.01096
5	0.01256	0.00864	0.01260	0.01299	0.01443	0.00800	0.04265	0.01464	0.01728	0.06426	0.09509	0.56590	0.05234	0.02316	0.01034	0.00322	0.00540	0.02112	0.00780	0.00757
6	0.01812	0.05445	0.36254	0.06793	0.14473	0.02015	0.16235	0.02591	0.01817	0.02601	0.01534	0.01927	0.01148	0.00761	0.00832	0.00262	0.01207	0.00719	0.00378	0.01196
7	0.76672	0.01607	0.01221	0.01092	0.01607	0.01864	0.00900	0.02442	0.01414	0.03727	0.01157	0.01350	0.00900	0.00771	0.00514	0.00257	0.00643	0.00450	0.00514	0.00900
8	0.02353	0.31034	0.17804	0.01836	0.02562	0.10436	0.01854	0.08086	0.01993	0.06798	0.01462	0.01651	0.01164	0.00857	0.00852	0.00229	0.06872	0.00572	0.00452	0.01132
9	0.01012	0.00723	0.00964	0.01157	0.01205	0.00675	0.00771	0.01157	0.01591	0.02121	0.04579	0.70262	0.05495	0.02603	0.01060	0.00337	0.00482	0.02362	0.00771	0.00675
10	0.01289	0.01080	0.01577	0.26116	0.02881	0.01163	0.01322	0.01710	0.02018	0.02700	0.31988	0.05029	0.15052	0.01445	0.00925	0.00270	0.00662	0.01262	0.00688	0.00821
11	0.01026	0.00734	0.00976	0.01147	0.01208	0.00684	0.00772	0.01192	0.01656	0.02224	0.09756	0.64790	0.05695	0.02525	0.01053	0.00331	0.00474	0.02288	0.00783	0.00684
12	0.01119	0.00836	0.01026	0.00998	0.01194	0.00757	0.00733	0.01431	0.02131	0.02901	0.44241	0.11308	0.21026	0.05225	0.01144	0.00298	0.00426	0.01611	0.00850	0.00743
13	0.06054	0.01835	0.03224	0.23264	0.16676	0.01985	0.19121	0.05069	0.01848	0.02615	0.01645	0.04652	0.01358	0.00892	0.01002	0.00278	0.06127	0.00851	0.00436	0.01069
14	0.01860	0.39872	0.17940	0.04591	0.02459	0.02447	0.01713	0.02310	0.01792	0.02295	0.09086	0.02483	0.06223	0.00942	0.00687	0.00218	0.00887	0.00707	0.00447	0.01040
15	0.07060	0.17368	0.35908	0.07443	0.03121	0.02097	0.02275	0.02639	0.01786	0.08289	0.03671	0.01922	0.01365	0.00827	0.00731	0.00246	0.01033	0.00627	0.00444	0.01149
16	0.02159	0.11848	0.35447	0.05705	0.03057	0.01947	0.02249	0.06862	0.02005	0.13925	0.02191	0.02287	0.04908	0.00913	0.00781	0.00252	0.01018	0.00712	0.00529	0.01206

[dist]
# distance from previous block
# <min> <max>
1	19

[block]
# block no. 3 follows, 22 sequences, length 19
# corresponding to MSA columns:
# 196-214
name=unknown_D
#
# <colnr> <probs for GDERKNQSTAVLIFYWHMCP>
#	G	D	E	R	K	N	Q	S	T	A	V	L	I	F	Y	W	H	M	C	P
0	0.12284	0.16023	0.19221	0.05557	0.04724	0.02067	0.01806	0.06359	0.01839	0.06515	0.01632	0.04651	0.01339	0.00885	0.00783	0.00237	0.03727	0.00657	0.00482	0.09215
1	0.18759	0.07088	0.19140	0.05167	0.09982	0.01967	0.08422	0.07073	0.01877	0.03009	0.01791	0.02058	0.04197	0.00835	0.00738	0.00248	0.00960	0.00683	0.00468	0.05538
2	0.07409	0.28330	0.13614	0.01609	0.02317	0.07696	0.01589	0.05273	0.01989	0.14130	0.04456	0.02199	0.04308	0.00909	0.00697	0.00226	0.00908	0.00663	0.00554	0.01125
3	0.04773	0.26429	0.16697	0.02061	0.02835	0.09164	0.14009	0.02640	0.01854	0.05036	0.01735	0.01971	0.03417	0.00812	0.00728	0.00230	0.01077	0.00669	0.02775	0.01087
4	0.19880	0.01922	0.06973	0.01852	0.06324	0.01815	0.05273	0.12140	0.11456	0.07989	0.02328	0.05058	0.04235	0.00987	0.00758	0.00252	0.00789	0.00798	0.00644	0.08528
5	0.01922	0.05917	0.24640	0.03821	0.34353	0.02034	0.10252	0.02588	0.01845	0.02645	0.01535	0.01946	0.01210	0.00750	0.00818	0.00253	0.01115	0.00715	0.00390	0.01251
6	0.08365	0.22727	0.26123	0.06626	0.07745	0.04557	0.04645	0.02488	0.01709	0.02430	0.01368	0.01698	0.01094	0.00858	0.00815	0.03654	0.01047	0.00586	0.00378	0.01086
7	0.06787	0.02120	0.07526	0.02965	0.13422	0.01954	0.26706	0.06623	0.05647	0.02911	0.01815	0.04912	0.01484	0.00865	0.00937	0.00262	0.03892	0.00869	0.00492	0.07811
8	0.01944	0.07328	0.49146	0.02359	0.03407	0.12605	0.06614	0.02737	0.01861	0.02504	0.01454	0.01724	0.01069	0.00791	0.00783	0.00252	0.01266	0.00617	0.00368	0.01170
9	0.01551	0.01302	0.01524	0.01209	0.01773	0.01036	0.00933	0.01946	0.04240	0.02595	0.02614	0.15343	0.06393	0.01117	0.00734	0.00181	0.00578	0.00953	0.00579	0.53398
10	0.01443	0.00722	0.01082	0.01082	0.01082	0.00722	0.00722	0.01082	0.01082	0.01443	0.01443	0.02525	0.01443	0.02886	0.03247	0.75830	0.00722	0.00722	0.00361	0.00361
11	0.00982	0.00842	0.00842	0.00842	0.01122	0.00701	0.00631	0.01192	0.01894	0.02244	0.08416	0.07995	0.65285	0.02104	0.00982	0.00281	0.00421	0.01753	0.00771	0.00701
12	0.76672	0.01607	0.01221	0.01092	0.01607	0.01864	0.00900	0.02442	0.01414	0.03727	0.01157	0.01350	0.00900	0.00771	0.00514	0.00257	0.00643	0.00450	0.00514	0.00900
13	0.01154	0.00832	0.01091	0.01060	0.01236	0.00769	0.00782	0.01512	0.02248	0.03167	0.56975	0.14882	0.07521	0.01821	0.00991	0.00272	0.00404	0.01619	0.00895	0.00769
14	0.01176	0.00848	0.01116	0.01083	0.01270	0.00788	0.00819	0.01551	0.02275	0.03200	0.57423	0.10476	0.07493	0.01794	0.00996	0.00274	0.00422	0.05325	0.00896	0.00776
15	0.01803	0.01524	0.01766	0.01269	0.02003	0.01190	0.01018	0.05498	0.01845	0.02849	0.01506	0.01738	0.01241	0.00637	0.00627	0.00130	0.00632	0.00507	0.00511	0.71709
16	0.01176	0.00849	0.01110	0.01045	0.01241	0.00784	0.00784	0.01568	0.02352	0.03331	0.65184	0.06206	0.07839	0.01698	0.00980	0.00261	0.00392	0.01502	0.00914	0.00784
17	0.01844	0.16416	0.35674	0.06896	0.08632	0.02214	0.11979	0.02569	0.01779	0.02480	0.01461	0.01804	0.01113	0.00759	0.00776	0.00249	0.01162	0.00657	0.00369	0.01167
18	0.06279	0.05524	0.01492	0.01381	0.01651	0.01132	0.01176	0.01893	0.01932	0.06736	0.11694	0.11073	0.07029	0.01950	0.01015	0.00331	0.00684	0.35440	0.00759	0.00829

[dist]
# distance from previous block
# <min> <max>
5	10

[block]
# block no. 4 follows, 22 sequences, length 36
# corresponding to MSA columns:
# 225-260
name=unknown_E
#
# <colnr> <probs for GDERKNQSTAVLIFYWHMCP>
#	G	D	E	R	K	N	Q	S	T	A	V	L	I	F	Y	W	H	M	C	P
0	0.07686	0.03522	0.02482	0.02150	0.02637	0.52065	0.06003	0.09163	0.02421	0.02506	0.01376	0.01592	0.01107	0.00853	0.00759	0.00225	0.01378	0.00583	0.00473	0.01015
1	0.01942	0.02185	0.04591	0.03327	0.04056	0.02159	0.54576	0.02574	0.01870	0.02574	0.01603	0.02185	0.01238	0.00800	0.01211	0.00291	0.10367	0.00947	0.00413	0.01092
2	0.01666	0.04297	0.66500	0.02368	0.03596	0.01929	0.03069	0.02631	0.01754	0.02631	0.01491	0.01754	0.01052	0.00789	0.00789	0.00263	0.01228	0.00614	0.00351	0.01228
3	0.03158	0.02327	0.02493	0.01911	0.02576	0.02576	0.01579	0.62852	0.03906	0.05236	0.01995	0.01995	0.01413	0.00997	0.00831	0.00249	0.00914	0.00748	0.00831	0.01413
4	0.01208	0.00805	0.00906	0.00906	0.00906	0.00805	0.00503	0.01208	0.01208	0.01611	0.02618	0.05436	0.03020	0.70804	0.04228	0.00805	0.00805	0.01208	0.00503	0.00503
5	0.03606	0.01441	0.01924	0.01494	0.02124	0.01283	0.01228	0.04075	0.06877	0.61627	0.03285	0.02847	0.02091	0.01035	0.00836	0.00259	0.00703	0.00843	0.01015	0.01407
6	0.02663	0.36888	0.07829	0.01504	0.02192	0.02354	0.01436	0.05615	0.01992	0.23158	0.01986	0.02092	0.01505	0.04418	0.00853	0.00245	0.00851	0.00637	0.00604	0.01178
7	0.03438	0.01552	0.01974	0.01549	0.02169	0.01468	0.01268	0.09608	0.11278	0.51593	0.03172	0.02788	0.02064	0.01039	0.00836	0.00260	0.00719	0.00842	0.00984	0.01400
8	0.01226	0.00882	0.01180	0.01194	0.01388	0.00837	0.00954	0.01615	0.02217	0.03073	0.46569	0.07175	0.06902	0.01881	0.01031	0.00298	0.00506	0.19426	0.00869	0.00778
9	0.01176	0.00849	0.01110	0.01045	0.01241	0.00784	0.00784	0.01568	0.02352	0.03331	0.65184	0.06206	0.07839	0.01698	0.00980	0.00261	0.00392	0.01502	0.00914	0.00784
10	0.03063	0.03603	0.02489	0.02160	0.02647	0.53431	0.04256	0.13557	0.02605	0.02613	0.01424	0.01616	0.01137	0.00874	0.00773	0.00223	0.01393	0.00591	0.00497	0.01047
11	0.01977	0.01893	0.03229	0.15441	0.55898	0.01953	0.02510	0.02480	0.01854	0.02618	0.01549	0.02082	0.01282	0.00755	0.00824	0.00252	0.01006	0.00740	0.00404	0.01252
12	0.01339	0.00956	0.01339	0.01530	0.01721	0.00956	0.01339	0.01721	0.01912	0.02486	0.04399	0.09371	0.04781	0.02295	0.01147	0.00382	0.00765	0.60031	0.00765	0.00765
13	0.02056	0.01974	0.03372	0.05099	0.65622	0.01974	0.02550	0.02550	0.01892	0.02714	0.01563	0.02056	0.01316	0.00740	0.00822	0.00247	0.00987	0.00740	0.00411	0.01316
14	0.01569	0.01477	0.02492	0.68808	0.05722	0.01846	0.02307	0.02123	0.01661	0.02123	0.01477	0.02215	0.01107	0.00831	0.00831	0.00277	0.01107	0.00738	0.00369	0.00923
15	0.03727	0.01414	0.01928	0.01478	0.02121	0.01221	0.01221	0.04049	0.02378	0.66198	0.03277	0.02828	0.02056	0.01028	0.00835	0.00257	0.00707	0.00835	0.01028	0.01414
16	0.01012	0.00723	0.00964	0.01157	0.01205	0.00675	0.00771	0.01157	0.01591	0.02121	0.04579	0.70262	0.05495	0.02603	0.01060	0.00337	0.00482	0.02362	0.00771	0.00675
17	0.01177	0.00847	0.01100	0.01038	0.01224	0.00785	0.00769	0.01549	0.02292	0.03243	0.61952	0.06166	0.07590	0.05268	0.01148	0.00289	0.00413	0.01487	0.00893	0.00769
18	0.01012	0.00723	0.00964	0.01157	0.01205	0.00675	0.00771	0.01157	0.01591	0.02121	0.04579	0.70262	0.05495	0.02603	0.01060	0.00337	0.00482	0.02362	0.00771	0.00675
19	0.76672	0.01607	0.01221	0.01092	0.01607	0.01864	0.00900	0.02442	0.01414	0.03727	0.01157	0.01350	0.00900	0.00771	0.00514	0.00257	0.00643	0.00450	0.00514	0.00900
20	0.03727	0.01414	0.01928	0.01478	0.02121	0.01221	0.01221	0.04049	0.02378	0.66198	0.03277	0.02828	0.02056	0.01028	0.00835	0.00257	0.00707	0.00835	0.01028	0.01414
21	0.03158	0.02327	0.02493	0.01911	0.02576	0.02576	0.01579	0.62852	0.03906	0.05236	0.01995	0.01995	0.01413	0.00997	0.00831	0.00249	0.00914	0.00748	0.00831	0.01413
22	0.03727	0.01414	0.01928	0.01478	0.02121	0.01221	0.01221	0.04049	0.02378	0.66198	0.03277	0.02828	0.02056	0.01028	0.00835	0.00257	0.00707	0.00835	0.01028	0.01414
23	0.01012	0.00723	0.00964	0.01157	0.01205	0.00675	0.00771	0.01157	0.01591	0.02121	0.04579	0.70262	0.05495	0.02603	0.01060	0.00337	0.00482	0.02362	0.00771	0.00675
24	0.00983	0.00835	0.00848	0.00858	0.01126	0.00700	0.00639	0.01190	0.01878	0.02238	0.08214	0.11276	0.62135	0.02130	0.00986	0.00284	0.00424	0.01785	0.00771	0.00700
25	0.00982	0.00842	0.00842	0.00842	0.01122	0.00701	0.00631	0.01192	0.01894	0.02244	0.08416	0.07995	0.65285	0.02104	0.00982	0.00281	0.00421	0.01753	0.00771	0.00701
26	0.01031	0.00737	0.00986	0.01179	0.01236	0.00691	0.00805	0.01190	0.01610	0.02142	0.04568	0.66656	0.05452	0.02584	0.01066	0.00340	0.00499	0.05777	0.00771	0.00680
27	0.03383	0.01338	0.01818	0.01420	0.02002	0.01162	0.01162	0.03714	0.02374	0.57717	0.11629	0.03283	0.02836	0.01119	0.00855	0.00258	0.00664	0.00925	0.01013	0.01329
28	0.01012	0.00723	0.00964	0.01157	0.01205	0.00675	0.00771	0.01157	0.01591	0.02121	0.04579	0.70262	0.05495	0.02603	0.01060	0.00337	0.00482	0.02362	0.00771	0.00675
29	0.03103	0.03959	0.02354	0.02140	0.02568	0.67469	0.01605	0.03317	0.02354	0.02033	0.01284	0.01498	0.01070	0.00856	0.00749	0.00214	0.01498	0.00535	0.00428	0.00963
30	0.01946	0.02192	0.04701	0.03358	0.04191	0.02038	0.58701	0.02625	0.01946	0.02664	0.01668	0.02208	0.01259	0.00695	0.00957	0.00270	0.01351	0.00949	0.00425	0.05857
31	0.03048	0.03854	0.02408	0.02297	0.05904	0.64004	0.01655	0.03277	0.02330	0.02069	0.01299	0.01528	0.01083	0.00850	0.00753	0.00216	0.01471	0.00546	0.00427	0.00982
32	0.02139	0.01812	0.01922	0.01681	0.02184	0.02050	0.01317	0.09345	0.54937	0.03579	0.03140	0.02916	0.02356	0.01083	0.00829	0.00269	0.00677	0.00894	0.00822	0.06047
33	0.01263	0.00867	0.01113	0.01065	0.01268	0.00798	0.00797	0.01603	0.02197	0.05580	0.49034	0.09588	0.11826	0.05418	0.01157	0.00300	0.00449	0.04026	0.00872	0.00781
34	0.02454	0.01950	0.02493	0.31538	0.03969	0.02253	0.01901	0.35957	0.02912	0.03857	0.01765	0.02092	0.01278	0.00923	0.00831	0.00262	0.01000	0.00744	0.00626	0.01196
35	0.01666	0.04297	0.66500	0.02368	0.03596	0.01929	0.03069	0.02631	0.01754	0.02631	0.01491	0.01754	0.01052	0.00789	0.00789	0.00263	0.01228	0.00614	0.00351	0.01228

[dist]
# distance from previous block
# <min> <max>
0	9

[block]
# block no. 5 follows, 22 sequences, length 6
# corresponding to MSA columns:
# 270-275
name=unknown_F
#
# <colnr> <probs for GDERKNQSTAVLIFYWHMCP>
#	G	D	E	R	K	N	Q	S	T	A	V	L	I	F	Y	W	H	M	C	P
0	0.01419	0.01048	0.01399	0.01548	0.01770	0.01079	0.01336	0.02020	0.08818	0.02596	0.04286	0.08675	0.04532	0.02165	0.01114	0.00371	0.00753	0.53471	0.00774	0.00826
1	0.02221	0.71304	0.04353	0.01421	0.02132	0.03287	0.01421	0.02488	0.01688	0.01955	0.01155	0.01333	0.01066	0.00711	0.00533	0.00178	0.00888	0.00444	0.00355	0.01066
2	0.01030	0.00737	0.00980	0.01144	0.01209	0.00687	0.00773	0.01202	0.01675	0.02255	0.11306	0.63152	0.05755	0.02502	0.01051	0.00329	0.00472	0.02266	0.00787	0.00687
3	0.03158	0.02327	0.02493	0.01911	0.02576	0.02576	0.01579	0.62852	0.03906	0.05236	0.01995	0.01995	0.01413	0.00997	0.00831	0.00249	0.00914	0.00748	0.00831	0.01413
4	0.01921	0.02115	0.04377	0.03126	0.03950	0.01937	0.52432	0.02567	0.01921	0.02669	0.01647	0.02155	0.01256	0.00686	0.00920	0.00254	0.01271	0.00900	0.00432	0.13464
5	0.01529	0.00927	0.01223	0.01105	0.01363	0.00844	0.00844	0.01911	0.02355	0.12025	0.56623	0.05738	0.07039	0.01606	0.00960	0.00261	0.00435	0.01410	0.00930	0.00871

[dist]
# distance from previous block
# <min> <max>
0	1

[block]
# block no. 6 follows, 22 sequences, length 41
# corresponding to MSA columns:
# 277-317
name=unknown_G
#
# <colnr> <probs for GDERKNQSTAVLIFYWHMCP>
#	G	D	E	R	K	N	Q	S	T	A	V	L	I	F	Y	W	H	M	C	P
0	0.01011	0.00729	0.00958	0.01142	0.01201	0.00676	0.00764	0.01158	0.01605	0.02127	0.04762	0.67291	0.08348	0.02579	0.01057	0.00335	0.00479	0.02333	0.00771	0.00676
1	0.03008	0.02215	0.02389	0.01846	0.02475	0.02441	0.01519	0.58218	0.03788	0.05092	0.06772	0.02313	0.01899	0.01050	0.00842	0.00250	0.00875	0.00805	0.00837	0.01365
2	0.02056	0.01974	0.03372	0.05099	0.65622	0.01974	0.02550	0.02550	0.01892	0.02714	0.01563	0.02056	0.01316	0.00740	0.00822	0.00247	0.00987	0.00740	0.00411	0.01316
3	0.01723	0.01477	0.01723	0.01230	0.01969	0.01107	0.00984	0.02092	0.01723	0.02707	0.01477	0.01723	0.01230	0.00615	0.00615	0.00123	0.00615	0.00492	0.00492	0.75883
4	0.01045	0.00844	0.00929	0.00908	0.01161	0.00728	0.00681	0.01315	0.02043	0.02599	0.26922	0.07412	0.46557	0.01972	0.00981	0.00274	0.00411	0.01671	0.00818	0.00728
5	0.00982	0.00842	0.00842	0.00842	0.01122	0.00701	0.00631	0.01192	0.01894	0.02244	0.08416	0.07995	0.65285	0.02104	0.00982	0.00281	0.00421	0.01753	0.00771	0.00701
6	0.01140	0.00848	0.01061	0.01008	0.01219	0.00769	0.00756	0.01499	0.02268	0.03133	0.54829	0.06532	0.18318	0.01772	0.00980	0.00265	0.00397	0.01548	0.00888	0.00769
7	0.00992	0.00842	0.00856	0.00852	0.01128	0.00706	0.00639	0.01212	0.01917	0.02301	0.11380	0.07902	0.62286	0.02083	0.00982	0.00280	0.00419	0.01740	0.00779	0.00706
8	0.01961	0.02241	0.04902	0.03501	0.04342	0.02101	0.62605	0.02661	0.01961	0.02661	0.01681	0.02241	0.01261	0.00700	0.00980	0.00280	0.01401	0.00980	0.00420	0.01120
9	0.02205	0.01944	0.01951	0.01732	0.02214	0.05666	0.01351	0.08773	0.56205	0.03530	0.03162	0.02929	0.02371	0.01103	0.00839	0.00276	0.00723	0.00903	0.00822	0.01303
10	0.03158	0.02327	0.02493	0.01911	0.02576	0.02576	0.01579	0.62852	0.03906	0.05236	0.01995	0.01995	0.01413	0.00997	0.00831	0.00249	0.00914	0.00748	0.00831	0.01413
11	0.01666	0.04297	0.66500	0.02368	0.03596	0.01929	0.03069	0.02631	0.01754	0.02631	0.01491	0.01754	0.01052	0.00789	0.00789	0.00263	0.01228	0.00614	0.00351	0.01228
12	0.03103	0.03959	0.02354	0.02140	0.02568	0.67469	0.01605	0.03317	0.02354	0.02033	0.01284	0.01498	0.01070	0.00856	0.00749	0.00214	0.01498	0.00535	0.00428	0.00963
13	0.01176	0.00849	0.01110	0.01045	0.01241	0.00784	0.00784	0.01568	0.02352	0.03331	0.65184	0.06206	0.07839	0.01698	0.00980	0.00261	0.00392	0.01502	0.00914	0.00784
14	0.02066	0.01785	0.01878	0.01691	0.02160	0.02066	0.01315	0.04414	0.64121	0.03475	0.03381	0.03099	0.02536	0.01127	0.00845	0.00282	0.00657	0.00939	0.00845	0.01315
15	0.01940	0.01855	0.03162	0.20305	0.51325	0.01943	0.02492	0.02448	0.01837	0.02573	0.01542	0.02094	0.01266	0.00762	0.00824	0.00254	0.01016	0.00740	0.00401	0.01222
16	0.01012	0.00723	0.00964	0.01157	0.01205	0.00675	0.00771	0.01157	0.01591	0.02121	0.04579	0.70262	0.05495	0.02603	0.01060	0.00337	0.00482	0.02362	0.00771	0.00675
17	0.01021	0.00835	0.00853	0.00853	0.01085	0.00719	0.00609	0.01195	0.01775	0.02135	0.07412	0.07552	0.54511	0.13992	0.01544	0.00371	0.00487	0.01659	0.00725	0.00667
18	0.76672	0.01607	0.01221	0.01092	0.01607	0.01864	0.00900	0.02442	0.01414	0.03727	0.01157	0.01350	0.00900	0.00771	0.00514	0.00257	0.00643	0.00450	0.00514	0.00900
19	0.03727	0.01414	0.01928	0.01478	0.02121	0.01221	0.01221	0.04049	0.02378	0.66198	0.03277	0.02828	0.02056	0.01028	0.00835	0.00257	0.00707	0.00835	0.01028	0.01414
20	0.01012	0.00723	0.00964	0.01157	0.01205	0.00675	0.00771	0.01157	0.01591	0.02121	0.04579	0.70262	0.05495	0.02603	0.01060	0.00337	0.00482	0.02362	0.00771	0.00675
21	0.01012	0.00723	0.00964	0.01157	0.01205	0.00675	0.00771	0.01157	0.01591	0.02121	0.04579	0.70262	0.05495	0.02603	0.01060	0.00337	0.00482	0.02362	0.00771	0.00675
22	0.01569	0.01477	0.02492	0.68808	0.05722	0.01846	0.02307	0.02123	0.01661	0.02123	0.01477	0.02215	0.01107	0.00831	0.00831	0.00277	0.01107	0.00738	0.00369	0.00923
23	0.76672	0.01607	0.01221	0.01092	0.01607	0.01864	0.00900	0.02442	0.01414	0.03727	0.01157	0.01350	0.00900	0.00771	0.00514	0.00257	0.00643	0.00450	0.00514	0.00900
24	0.01012	0.00723	0.00964	0.01157	0.01205	0.00675	0.00771	0.01157	0.01591	0.02121	0.04579	0.70262	0.05495	0.02603	0.01060	0.00337	0.00482	0.02362	0.00771	0.00675
25	0.01794	0.01987	0.06345	0.19260	0.03831	0.02197	0.21631	0.02274	0.01615	0.02274	0.01397	0.02050	0.01148	0.01023	0.01596	0.00310	0.27082	0.00806	0.00383	0.00996
26	0.03600	0.01386	0.01887	0.01456	0.02077	0.01199	0.01199	0.03925	0.02376	0.63063	0.06364	0.02996	0.02345	0.01062	0.00843	0.00257	0.00691	0.00869	0.01023	0.01382
27	0.02150	0.01826	0.01926	0.01708	0.02192	0.02106	0.01335	0.08909	0.59490	0.03611	0.03275	0.03014	0.02450	0.01117	0.00844	0.00279	0.00677	0.00925	0.00844	0.01322
28	0.03301	0.01320	0.01791	0.01406	0.01974	0.01148	0.01148	0.03635	0.02373	0.55705	0.13609	0.03391	0.03021	0.01140	0.00860	0.00258	0.00654	0.00947	0.01009	0.01309
29	0.01987	0.01903	0.03247	0.14175	0.57089	0.01956	0.02515	0.02489	0.01859	0.02630	0.01550	0.02079	0.01286	0.00753	0.00824	0.00251	0.01004	0.00740	0.00405	0.01260
30	0.00982	0.00842	0.00842	0.00842	0.01122	0.00701	0.00631	0.01192	0.01894	0.02244	0.08416	0.07995	0.65285	0.02104	0.00982	0.00281	0.00421	0.01753	0.00771	0.00701
31	0.02066	0.01785	0.01878	0.01691	0.02160	0.02066	0.01315	0.04414	0.64121	0.03475	0.03381	0.03099	0.02536	0.01127	0.00845	0.00282	0.00657	0.00939	0.00845	0.01315
32	0.01188	0.00884	0.01302	0.01302	0.01439	0.01020	0.00997	0.01462	0.01325	0.01904	0.02255	0.03431	0.02149	0.11197	0.62645	0.01294	0.02116	0.00915	0.00450	0.00723
33	0.02021	0.02230	0.10807	0.13075	0.40616	0.02007	0.07045	0.07148	0.02004	0.02814	0.01585	0.02051	0.01259	0.00775	0.00832	0.00255	0.01058	0.00744	0.00431	0.01245
34	0.02242	0.01999	0.01969	0.01745	0.02228	0.07142	0.01360	0.09454	0.54091	0.03519	0.03098	0.02879	0.02325	0.01095	0.00837	0.00274	0.00745	0.00891	0.00812	0.01296
35	0.01075	0.00831	0.00893	0.00885	0.01069	0.00743	0.00609	0.01241	0.01734	0.02174	0.13230	0.06990	0.39206	0.23440	0.01992	0.00442	0.00537	0.01554	0.00705	0.00649
36	0.01012	0.00723	0.00964	0.01157	0.01205	0.00675	0.00771	0.01157	0.01591	0.02121	0.04579	0.70262	0.05495	0.02603	0.01060	0.00337	0.00482	0.02362	0.00771	0.00675
37	0.01948	0.02196	0.04732	0.06384	0.07035	0.02084	0.57426	0.02633	0.01945	0.02640	0.01667	0.02232	0.01256	0.00708	0.00967	0.00279	0.01370	0.00960	0.00418	0.01120
38	0.02316	0.58845	0.07045	0.01565	0.02262	0.12048	0.01525	0.02609	0.01783	0.01998	0.01189	0.01375	0.01066	0.00734	0.00575	0.00187	0.00988	0.00465	0.00365	0.01060
39	0.03041	0.08908	0.02518	0.02066	0.02536	0.56927	0.01589	0.08474	0.02440	0.02308	0.01337	0.01529	0.01100	0.00857	0.00740	0.00214	0.01401	0.00547	0.00458	0.01010
40	0.01012	0.00723	0.00964	0.01157	0.01205	0.00675	0.00771	0.01157	0.01591	0.02121	0.04579	0.70262	0.05495	0.02603	0.01060	0.00337	0.00482	0.02362	0.00771	0.00675

[dist]
# distance from previous block
# <min> <max>
1	24

[block]
# block no. 7 follows, 22 sequences, length 33
# corresponding to MSA columns:
# 342-374
name=unknown_H
#
# <colnr> <probs for GDERKNQSTAVLIFYWHMCP>
#	G	D	E	R	K	N	Q	S	T	A	V	L	I	F	Y	W	H	M	C	P
0	0.03590	0.01384	0.01884	0.01455	0.02073	0.01198	0.01198	0.03915	0.02376	0.62825	0.06598	0.03009	0.02367	0.01064	0.00843	0.00257	0.00690	0.00871	0.01022	0.01380
1	0.02066	0.01785	0.01878	0.01691	0.02160	0.02066	0.01315	0.04414	0.64121	0.03475	0.03381	0.03099	0.02536	0.01127	0.00845	0.00282	0.00657	0.00939	0.00845	0.01315
2	0.01012	0.00723	0.00964	0.01157	0.01205	0.00675	0.00771	0.01157	0.01591	0.02121	0.04579	0.70262	0.05495	0.02603	0.01060	0.00337	0.00482	0.02362	0.00771	0.00675
3	0.02066	0.01785	0.01878	0.01691	0.02160	0.02066	0.01315	0.04414	0.64121	0.03475	0.03381	0.03099	0.02536	0.01127	0.00845	0.00282	0.00657	0.00939	0.00845	0.01315
4	0.01012	0.00723	0.00964	0.01157	0.01205	0.00675	0.00771	0.01157	0.01591	0.02121	0.04579	0.70262	0.05495	0.02603	0.01060	0.00337	0.00482	0.02362	0.00771	0.00675
5	0.01443	0.00722	0.01082	0.01082	0.01082	0.00722	0.00722	0.01082	0.01082	0.01443	0.01443	0.02525	0.01443	0.02886	0.03247	0.75830	0.00722	0.00722	0.00361	0.00361
6	0.03158	0.02327	0.02493	0.01911	0.02576	0.02576	0.01579	0.62852	0.03906	0.05236	0.01995	0.01995	0.01413	0.00997	0.00831	0.00249	0.00914	0.00748	0.00831	0.01413
7	0.03012	0.02254	0.02411	0.01882	0.02521	0.02508	0.01544	0.55038	0.11958	0.05000	0.02180	0.02142	0.01563	0.01015	0.00833	0.00254	0.00880	0.00774	0.00833	0.01400
8	0.01549	0.00774	0.00774	0.00774	0.00968	0.00774	0.00581	0.01936	0.01742	0.03097	0.02710	0.03097	0.02129	0.00968	0.00581	0.00194	0.00387	0.00774	0.75416	0.00774
9	0.76672	0.01607	0.01221	0.01092	0.01607	0.01864	0.00900	0.02442	0.01414	0.03727	0.01157	0.01350	0.00900	0.00771	0.00514	0.00257	0.00643	0.00450	0.00514	0.00900
10	0.01535	0.01431	0.02399	0.64717	0.05449	0.01775	0.02214	0.02064	0.01657	0.02122	0.01664	0.06329	0.01373	0.00938	0.00844	0.00281	0.01070	0.00836	0.00393	0.00908
11	0.03158	0.02327	0.02493	0.01911	0.02576	0.02576	0.01579	0.62852	0.03906	0.05236	0.01995	0.01995	0.01413	0.00997	0.00831	0.00249	0.00914	0.00748	0.00831	0.01413
12	0.01569	0.01477	0.02492	0.68808	0.05722	0.01846	0.02307	0.02123	0.01661	0.02123	0.01477	0.02215	0.01107	0.00831	0.00831	0.00277	0.01107	0.00738	0.00369	0.00923
13	0.65151	0.07168	0.01464	0.01118	0.01611	0.01895	0.00929	0.02346	0.01412	0.03417	0.01178	0.01434	0.00953	0.00921	0.00716	0.05787	0.00668	0.00469	0.00490	0.00874
14	0.70738	0.01665	0.01324	0.01159	0.01685	0.01921	0.00955	0.07319	0.01615	0.03849	0.01224	0.01402	0.00941	0.00789	0.00540	0.00256	0.00665	0.00474	0.00540	0.00941
15	0.01275	0.01079	0.01686	0.33134	0.03340	0.01228	0.01497	0.01613	0.01624	0.02122	0.03112	0.38097	0.03421	0.01765	0.00952	0.00309	0.00778	0.01594	0.00581	0.00792
16	0.01187	0.00890	0.01335	0.01335	0.01483	0.01038	0.01038	0.01483	0.01335	0.01928	0.02225	0.03264	0.02077	0.06231	0.67512	0.01335	0.02225	0.00890	0.00445	0.00742
17	0.76672	0.01607	0.01221	0.01092	0.01607	0.01864	0.00900	0.02442	0.01414	0.03727	0.01157	0.01350	0.00900	0.00771	0.00514	0.00257	0.00643	0.00450	0.00514	0.00900
18	0.01666	0.04297	0.66500	0.02368	0.03596	0.01929	0.03069	0.02631	0.01754	0.02631	0.01491	0.01754	0.01052	0.00789	0.00789	0.00263	0.01228	0.00614	0.00351	0.01228
19	0.01443	0.00722	0.01082	0.01082	0.01082	0.00722	0.00722	0.01082	0.01082	0.01443	0.01443	0.02525	0.01443	0.02886	0.03247	0.75830	0.00722	0.00722	0.00361	0.00361
20	0.01884	0.02118	0.04584	0.03312	0.04089	0.01986	0.57613	0.02540	0.01931	0.02617	0.01915	0.07732	0.01602	0.00854	0.00987	0.00285	0.01326	0.01092	0.00449	0.01084
21	0.76672	0.01607	0.01221	0.01092	0.01607	0.01864	0.00900	0.02442	0.01414	0.03727	0.01157	0.01350	0.00900	0.00771	0.00514	0.00257	0.00643	0.00450	0.00514	0.00900
22	0.01176	0.00849	0.01110	0.01045	0.01241	0.00784	0.00784	0.01568	0.02352	0.03331	0.65184	0.06206	0.07839	0.01698	0.00980	0.00261	0.00392	0.01502	0.00914	0.00784
23	0.00996	0.00842	0.00861	0.00856	0.01131	0.00707	0.00642	0.01220	0.01927	0.02324	0.12575	0.07864	0.61077	0.02074	0.00982	0.00279	0.00419	0.01735	0.00782	0.00707
24	0.01549	0.00774	0.00774	0.00774	0.00968	0.00774	0.00581	0.01936	0.01742	0.03097	0.02710	0.03097	0.02129	0.00968	0.00581	0.00194	0.00387	0.00774	0.75416	0.00774
25	0.02066	0.01785	0.01878	0.01691	0.02160	0.02066	0.01315	0.04414	0.64121	0.03475	0.03381	0.03099	0.02536	0.01127	0.00845	0.00282	0.00657	0.00939	0.00845	0.01315
26	0.76672	0.01607	0.01221	0.01092	0.01607	0.01864	0.00900	0.02442	0.01414	0.03727	0.01157	0.01350	0.00900	0.00771	0.00514	0.00257	0.00643	0.00450	0.00514	0.00900
27	0.01666	0.04297	0.66500	0.02368	0.03596	0.01929	0.03069	0.02631	0.01754	0.02631	0.01491	0.01754	0.01052	0.00789	0.00789	0.00263	0.01228	0.00614	0.00351	0.01228
28	0.02190	0.01825	0.01926	0.01683	0.02175	0.02080	0.01323	0.13877	0.50982	0.03702	0.03413	0.03171	0.05595	0.01156	0.00850	0.00276	0.00688	0.00950	0.00839	0.01299
29	0.03103	0.03959	0.02354	0.02140	0.02568	0.67469	0.01605	0.03317	0.02354	0.02033	0.01284	0.01498	0.01070	0.00856	0.00749	0.00214	0.01498	0.00535	0.00428	0.00963
30	0.03158	0.02327	0.02493	0.01911	0.02576	0.02576	0.01579	0.62852	0.03906	0.05236	0.01995	0.01995	0.01413	0.00997	0.00831	0.00249	0.00914	0.00748	0.00831	0.01413
31	0.01911	0.02081	0.04236	0.03026	0.03845	0.01893	0.49693	0.02542	0.01911	0.02671	0.01638	0.02132	0.01254	0.00682	0.00904	0.00247	0.01236	0.00878	0.00435	0.16786
32	0.01176	0.00849	0.01110	0.01045	0.01241	0.00784	0.00784	0.01568	0.02352	0.03331	0.65184	0.06206	0.07839	0.01698	0.00980	0.00261	0.00392	0.01502	0.00914	0.00784

[dist]
# distance from previous block
# <min> <max>
0	36

[block]
# block no. 8 follows, 22 sequences, length 40
# corresponding to MSA columns:
# 411-443,454-460
name=unknown_I
#
# <colnr> <probs for GDERKNQSTAVLIFYWHMCP>
#	G	D	E	R	K	N	Q	S	T	A	V	L	I	F	Y	W	H	M	C	P
0	0.01945	0.02210	0.04805	0.06118	0.04397	0.02091	0.60189	0.02639	0.01949	0.02639	0.01672	0.02240	0.01254	0.00706	0.00974	0.00280	0.01389	0.00971	0.00418	0.01113
1	0.02010	0.02250	0.10869	0.04775	0.58256	0.01969	0.02611	0.02559	0.01875	0.02704	0.01554	0.02020	0.01285	0.00746	0.00818	0.00249	0.01016	0.00725	0.00404	0.01305
2	0.01227	0.00950	0.01413	0.01390	0.01528	0.01136	0.01089	0.01517	0.01331	0.01933	0.02152	0.03170	0.02013	0.05922	0.63331	0.01272	0.06553	0.00880	0.00440	0.00753
3	0.01012	0.00723	0.00964	0.01157	0.01205	0.00675	0.00771	0.01157	0.01591	0.02121	0.04579	0.70262	0.05495	0.02603	0.01060	0.00337	0.00482	0.02362	0.00771	0.00675
4	0.01962	0.02208	0.04718	0.03557	0.08219	0.02109	0.56541	0.02630	0.01932	0.02641	0.01652	0.02214	0.01258	0.00730	0.01033	0.00281	0.03818	0.00956	0.00418	0.01125
5	0.01914	0.02150	0.04616	0.11257	0.04506	0.02071	0.55444	0.02597	0.01925	0.02597	0.01656	0.02238	0.01242	0.00716	0.00963	0.00280	0.01366	0.00952	0.00414	0.01097
6	0.01012	0.00723	0.00964	0.01157	0.01205	0.00675	0.00771	0.01157	0.01591	0.02121	0.04579	0.70262	0.05495	0.02603	0.01060	0.00337	0.00482	0.02362	0.00771	0.00675
7	0.01443	0.00722	0.01082	0.01082	0.01082	0.00722	0.00722	0.01082	0.01082	0.01443	0.01443	0.02525	0.01443	0.02886	0.03247	0.75830	0.00722	0.00722	0.00361	0.00361
8	0.02554	0.45924	0.03600	0.01692	0.02297	0.27476	0.01491	0.02800	0.01939	0.01984	0.01204	0.01395	0.01068	0.00766	0.00614	0.00191	0.01118	0.00478	0.00383	0.01027
9	0.02066	0.01785	0.01878	0.01691	0.02160	0.02066	0.01315	0.04414	0.64121	0.03475	0.03381	0.03099	0.02536	0.01127	0.00845	0.00282	0.00657	0.00939	0.00845	0.01315
10	0.01153	0.00848	0.01079	0.01021	0.01227	0.00774	0.00766	0.01523	0.02297	0.03202	0.58442	0.06418	0.14661	0.01747	0.00980	0.00264	0.00395	0.01532	0.00898	0.00774
11	0.01059	0.00759	0.01006	0.01125	0.01215	0.00706	0.00775	0.01275	0.01809	0.02468	0.21957	0.51894	0.06167	0.02343	0.01037	0.00316	0.00456	0.02115	0.00812	0.00706
12	0.01087	0.00723	0.00984	0.01144	0.01184	0.00683	0.00763	0.01144	0.01503	0.02004	0.04037	0.58552	0.04794	0.02652	0.01438	0.13388	0.00523	0.02078	0.00700	0.00620
13	0.01164	0.00849	0.01094	0.01033	0.01234	0.00779	0.00775	0.01545	0.02324	0.03265	0.61736	0.06314	0.11327	0.01723	0.00980	0.00262	0.00394	0.01518	0.00906	0.00779
14	0.03378	0.01337	0.01816	0.01419	0.02000	0.01161	0.01161	0.03709	0.02374	0.57598	0.11746	0.03290	0.02847	0.01120	0.00855	0.00258	0.00664	0.00927	0.01013	0.01328
15	0.01030	0.00736	0.00984	0.01177	0.01233	0.00690	0.00802	0.01187	0.01608	0.02140	0.04569	0.66967	0.05456	0.02586	0.01065	0.00340	0.00497	0.05483	0.00771	0.00680
16	0.00997	0.00842	0.00862	0.00857	0.01131	0.00708	0.00643	0.01221	0.01928	0.02327	0.12745	0.07858	0.60904	0.02073	0.00982	0.00279	0.00419	0.01734	0.00782	0.00708
17	0.01011	0.00728	0.00959	0.01143	0.01201	0.00676	0.00765	0.01158	0.01604	0.02126	0.04743	0.67591	0.08059	0.02581	0.01057	0.00335	0.00479	0.02336	0.00771	0.00676
18	0.02709	0.01894	0.02014	0.01594	0.02128	0.02074	0.01301	0.45873	0.03303	0.04640	0.02194	0.02302	0.01612	0.00989	0.00761	0.00234	0.00767	0.00755	0.21620	0.01235
19	0.02066	0.01785	0.01878	0.01691	0.02160	0.02066	0.01315	0.04414	0.64121	0.03475	0.03381	0.03099	0.02536	0.01127	0.00845	0.00282	0.00657	0.00939	0.00845	0.01315
20	0.76672	0.01607	0.01221	0.01092	0.01607	0.01864	0.00900	0.02442	0.01414	0.03727	0.01157	0.01350	0.00900	0.00771	0.00514	0.00257	0.00643	0.00450	0.00514	0.00900
21	0.01176	0.00849	0.01110	0.01045	0.01241	0.00784	0.00784	0.01568	0.02352	0.03331	0.65184	0.06206	0.07839	0.01698	0.00980	0.00261	0.00392	0.01502	0.00914	0.00784
22	0.00989	0.00814	0.00870	0.00915	0.01141	0.00695	0.00664	0.01184	0.01823	0.02215	0.07521	0.22517	0.51341	0.02220	0.01000	0.00294	0.00435	0.01895	0.00771	0.00695
23	0.01143	0.00820	0.01066	0.01060	0.01212	0.00762	0.00763	0.01458	0.02117	0.02965	0.48373	0.19657	0.07034	0.06349	0.01206	0.00312	0.00438	0.01664	0.00858	0.00743
24	0.01990	0.02257	0.04482	0.03269	0.03981	0.04910	0.51981	0.02601	0.01886	0.02547	0.01586	0.02154	0.01230	0.00807	0.01202	0.00288	0.10403	0.00928	0.00413	0.01086
25	0.03727	0.01414	0.01928	0.01478	0.02121	0.01221	0.01221	0.04049	0.02378	0.66198	0.03277	0.02828	0.02056	0.01028	0.00835	0.00257	0.00707	0.00835	0.01028	0.01414
26	0.01592	0.01508	0.02497	0.62678	0.05396	0.01910	0.02262	0.02111	0.01625	0.02111	0.01441	0.02178	0.01106	0.00888	0.01005	0.00285	0.07380	0.00737	0.00369	0.00922
27	0.01418	0.00811	0.01239	0.09132	0.01645	0.00851	0.00914	0.01213	0.01198	0.01586	0.01735	0.08720	0.01776	0.02616	0.02759	0.59912	0.00745	0.00874	0.00400	0.00456
28	0.01944	0.02191	0.04622	0.03345	0.04085	0.02154	0.55386	0.02582	0.01879	0.02582	0.01611	0.02191	0.01240	0.00790	0.01188	0.00290	0.09462	0.00950	0.00413	0.01095
29	0.01914	0.01720	0.01742	0.01615	0.01856	0.16067	0.01262	0.02183	0.01652	0.07872	0.01995	0.02680	0.01748	0.04059	0.39788	0.00885	0.08815	0.00789	0.00487	0.00870
30	0.02051	0.02135	0.04147	0.09472	0.04048	0.02177	0.43447	0.09691	0.02094	0.02849	0.01639	0.02167	0.01247	0.00824	0.01123	0.00285	0.08128	0.00904	0.00458	0.01115
31	0.09752	0.52262	0.09554	0.01503	0.02189	0.02896	0.01521	0.02436	0.01634	0.02200	0.01226	0.01470	0.01089	0.00974	0.03302	0.00247	0.03836	0.00490	0.00375	0.01044
32	0.02093	0.02496	0.06805	0.23266	0.03900	0.19164	0.14087	0.02557	0.01859	0.02241	0.01417	0.01936	0.01127	0.00884	0.01079	0.00266	0.10228	0.00716	0.00397	0.03483
33	0.05268	0.02092	0.04165	0.03028	0.03744	0.02052	0.46953	0.02520	0.01833	0.02634	0.01568	0.02103	0.01221	0.00785	0.01133	0.00275	0.09356	0.00882	0.00424	0.07964
34	0.08479	0.01021	0.01404	0.07483	0.01838	0.01031	0.04875	0.01514	0.01539	0.02241	0.03290	0.38267	0.03747	0.14594	0.01546	0.00398	0.00679	0.01651	0.00626	0.03778
35	0.02716	0.12463	0.02629	0.02015	0.02423	0.42070	0.01596	0.05184	0.05897	0.02219	0.01388	0.01643	0.01174	0.00955	0.01048	0.00239	0.12302	0.00586	0.00448	0.01006
36	0.11267	0.47393	0.03517	0.01549	0.02171	0.18018	0.01402	0.02675	0.01810	0.02183	0.01185	0.01373	0.01047	0.00752	0.00581	0.00196	0.01001	0.00466	0.00391	0.01022
37	0.02348	0.47993	0.04058	0.01875	0.02552	0.15270	0.10801	0.02671	0.01856	0.02077	0.01260	0.01503	0.01097	0.00737	0.00642	0.00200	0.01082	0.00543	0.00379	0.01055
38	0.01201	0.00909	0.01229	0.07459	0.01755	0.00929	0.01029	0.01571	0.05710	0.02312	0.07387	0.43759	0.04811	0.05023	0.01164	0.00350	0.00605	0.11311	0.00735	0.00752
39	0.01757	0.03663	0.47517	0.02717	0.03826	0.01982	0.21417	0.02640	0.01818	0.02640	0.01549	0.01904	0.01117	0.00762	0.00848	0.00268	0.01281	0.00727	0.00372	0.01195

[dist]
# distance from previous block
# <min> <max>
0	3

[block]
# block no. 9 follows, 22 sequences, length 21
# corresponding to MSA columns:
# 464-471,477-489
name=unknown_J
#
# <colnr> <probs for GDERKNQSTAVLIFYWHMCP>
#	G	D	E	R	K	N	Q	S	T	A	V	L	I	F	Y	W	H	M	C	P
0	0.01338	0.04341	0.01474	0.03779	0.01562	0.03711	0.01005	0.01483	0.01499	0.01988	0.03224	0.37908	0.03753	0.15861	0.01920	0.00421	0.11765	0.01648	0.00605	0.00716
1	0.01811	0.01442	0.01687	0.01287	0.01933	0.01180	0.01015	0.02370	0.08414	0.06290	0.02043	0.07721	0.01776	0.00861	0.00690	0.00166	0.00614	0.00717	0.00583	0.57400
2	0.02057	0.01962	0.03275	0.04878	0.61503	0.01980	0.02469	0.02671	0.05931	0.02763	0.01681	0.02124	0.01395	0.00765	0.00824	0.00249	0.00966	0.00753	0.00439	0.01316
3	0.01946	0.02193	0.04702	0.03359	0.04193	0.02038	0.58736	0.02625	0.01946	0.02664	0.01668	0.02208	0.01259	0.00695	0.00957	0.00270	0.01351	0.00950	0.00425	0.05815
4	0.02166	0.64664	0.10512	0.01515	0.02277	0.03153	0.01585	0.02502	0.01695	0.02022	0.01188	0.01374	0.01065	0.00719	0.00558	0.00186	0.00922	0.00461	0.00355	0.01082
5	0.01069	0.00821	0.00979	0.00989	0.01188	0.00731	0.00723	0.01343	0.02026	0.02676	0.31481	0.19586	0.29323	0.02033	0.00997	0.00284	0.00421	0.01769	0.00831	0.00731
6	0.01070	0.00765	0.01024	0.01179	0.01263	0.00720	0.00832	0.01275	0.01734	0.02334	0.13373	0.54663	0.05762	0.02439	0.01058	0.00331	0.00498	0.08189	0.00791	0.00700
