[name]
unknown

[dist]
# distance from previous block
# <min> <max>
0	77

[block]
# block no. 0 follows, 22 sequences, length 99
# corresponding to MSA columns:
# 80-178
name=unknown_A
#
# <colnr> <probs for GDERKNQSTAVLIFYWHMCP>
#	G	D	E	R	K	N	Q	S	T	A	V	L	I	F	Y	W	H	M	C	P
0	0.01547	0.11164	0.09589	0.01748	0.06194	0.01443	0.01513	0.01971	0.01855	0.02493	0.07000	0.08418	0.05992	0.01596	0.00925	0.00292	0.00788	0.26500	0.00618	0.08356
1	0.09109	0.16949	0.02894	0.05254	0.02657	0.21472	0.08679	0.09364	0.04268	0.05789	0.04823	0.01986	0.01559	0.00874	0.00743	0.00232	0.01078	0.00672	0.00528	0.01068
2	0.01633	0.05390	0.16019	0.01836	0.07401	0.01438	0.01586	0.02095	0.01847	0.05219	0.14948	0.12910	0.03195	0.01258	0.00956	0.00248	0.05295	0.01051	0.00588	0.15086
3	0.02083	0.29595	0.28910	0.01988	0.02864	0.10180	0.04658	0.02762	0.05422	0.02353	0.01456	0.01661	0.01154	0.00783	0.00698	0.00227	0.01104	0.00574	0.00393	0.01135
4	0.01698	0.01558	0.02535	0.61226	0.08462	0.01901	0.02271	0.06179	0.01822	0.02359	0.01515	0.02192	0.01138	0.00837	0.00830	0.00274	0.01089	0.00739	0.00402	0.00975
5	0.00993	0.00842	0.00857	0.00853	0.01129	0.00706	0.00640	0.01214	0.01920	0.02307	0.11705	0.07891	0.61956	0.02080	0.00982	0.00279	0.00419	0.01739	0.00780	0.00706
6	0.01187	0.00890	0.01335	0.01335	0.01483	0.01038	0.01038	0.01483	0.01335	0.01928	0.02225	0.03264	0.02077	0.06231	0.67512	0.01335	0.02225	0.00890	0.00445	0.00742
7	0.01339	0.00956	0.01339	0.01530	0.01721	0.00956	0.01339	0.01721	0.01912	0.02486	0.04399	0.09371	0.04781	0.02295	0.01147	0.00382	0.00765	0.60031	0.00765	0.00765
8	0.02221	0.71304	0.04353	0.01421	0.02132	0.03287	0.01421	0.02488	0.01688	0.01955	0.01155	0.01333	0.01066	0.00711	0.00533	0.00178	0.00888	0.00444	0.00355	0.01066
9	0.01224	0.00874	0.01258	0.01258	0.01404	0.01001	0.00967	0.01515	0.01370	0.02030	0.02293	0.03351	0.02127	0.08806	0.57774	0.01195	0.01973	0.00894	0.07949	0.00734
10	0.03103	0.03959	0.02354	0.02140	0.02568	0.67469	0.01605	0.03317	0.02354	0.02033	0.01284	0.01498	0.01070	0.00856	0.00749	0.00214	0.01498	0.00535	0.00428	0.00963
11	0.03727	0.01414	0.01928	0.01478	0.02121	0.01221	0.01221	0.04049	0.02378	0.66198	0.03277	0.02828	0.02056	0.01028	0.00835	0.00257	0.00707	0.00835	0.01028	0.01414
12	0.02066	0.01785	0.01878	0.01691	0.02160	0.02066	0.01315	0.04414	0.64121	0.03475	0.03381	0.03099	0.02536	0.01127	0.00845	0.00282	0.00657	0.00939	0.00845	0.01315
13	0.02066	0.01785	0.01878	0.01691	0.02160	0.02066	0.01315	0.04414	0.64121	0.03475	0.03381	0.03099	0.02536	0.01127	0.00845	0.00282	0.00657	0.00939	0.00845	0.01315
14	0.01723	0.01477	0.01723	0.01230	0.01969	0.01107	0.00984	0.02092	0.01723	0.02707	0.01477	0.01723	0.01230	0.00615	0.00615	0.00123	0.00615	0.00492	0.00492	0.75883
15	0.01249	0.00844	0.01114	0.01190	0.01337	0.00783	0.00867	0.01486	0.01814	0.05286	0.16886	0.39647	0.05450	0.05730	0.01193	0.00341	0.00534	0.10064	0.00788	0.03397
16	0.01942	0.20878	0.46654	0.02072	0.03131	0.02222	0.02534	0.02689	0.01779	0.06685	0.01525	0.01720	0.01123	0.00785	0.00728	0.00241	0.01108	0.00586	0.00397	0.01200
17	0.02077	0.01552	0.01819	0.01323	0.02044	0.01261	0.01067	0.08148	0.02003	0.09788	0.01720	0.01868	0.01337	0.00696	0.00660	0.00150	0.00654	0.00554	0.00583	0.60698
18	0.01819	0.04016	0.59569	0.02353	0.03525	0.01888	0.05367	0.02729	0.01805	0.06986	0.01621	0.01847	0.01130	0.00802	0.00800	0.00263	0.01199	0.00644	0.00400	0.01236
19	0.01176	0.00849	0.01110	0.01045	0.01241	0.00784	0.00784	0.01568	0.02352	0.03331	0.65184	0.06206	0.07839	0.01698	0.00980	0.00261	0.00392	0.01502	0.00914	0.00784
20	0.01200	0.00883	0.00979	0.00947	0.01230	0.00759	0.00725	0.01459	0.02010	0.06348	0.18621	0.07401	0.48095	0.01970	0.00979	0.00280	0.00447	0.04089	0.00814	0.00763
21	0.02045	0.02388	0.12058	0.13306	0.07244	0.02104	0.33481	0.11549	0.02174	0.02961	0.01665	0.02128	0.01235	0.00778	0.00902	0.00271	0.01240	0.00849	0.00464	0.01157
22	0.03065	0.01311	0.01735	0.01387	0.01926	0.01171	0.01125	0.03512	0.05931	0.48761	0.14531	0.03655	0.05677	0.01197	0.00868	0.00260	0.00636	0.00998	0.00987	0.01267
23	0.01133	0.00907	0.01021	0.00981	0.01240	0.00826	0.00739	0.01560	0.06216	0.02772	0.31369	0.06936	0.37550	0.01873	0.00972	0.00273	0.00425	0.01596	0.00835	0.00776
24	0.02298	0.01869	0.02005	0.01726	0.02226	0.02133	0.01367	0.19728	0.43970	0.03840	0.02936	0.02817	0.02207	0.01432	0.05271	0.00343	0.00830	0.00885	0.00815	0.01303
25	0.01840	0.20155	0.44448	0.02049	0.03051	0.05412	0.02463	0.02566	0.01804	0.02482	0.05273	0.01911	0.01469	0.00829	0.00737	0.00240	0.01109	0.00623	0.00390	0.01149
26	0.03727	0.01414	0.01928	0.01478	0.02121	0.01221	0.01221	0.04049	0.02378	0.66198	0.03277	0.02828	0.02056	0.01028	0.00835	0.00257	0.00707	0.00835	0.01028	0.01414
27	0.01032	0.00746	0.00981	0.01162	0.01234	0.00695	0.00800	0.01196	0.01630	0.02152	0.04800	0.62430	0.09083	0.02552	0.01061	0.00337	0.00497	0.06156	0.00771	0.00682
28	0.01817	0.01843	0.03040	0.19468	0.05748	0.05294	0.20401	0.02376	0.04460	0.02402	0.01855	0.05143	0.01602	0.01055	0.01225	0.00293	0.13413	0.03527	0.04048	0.00989
29	0.01945	0.36908	0.32952	0.01896	0.02810	0.02623	0.02202	0.02529	0.01698	0.02269	0.01307	0.01551	0.01061	0.00784	0.00761	0.00226	0.04455	0.00537	0.00354	0.01133
30	0.03727	0.01414	0.01928	0.01478	0.02121	0.01221	0.01221	0.04049	0.02378	0.66198	0.03277	0.02828	0.02056	0.01028	0.00835	0.00257	0.00707	0.00835	0.01028	0.01414
31	0.01443	0.00722	0.01082	0.01082	0.01082	0.00722	0.00722	0.01082	0.01082	0.01443	0.01443	0.02525	0.01443	0.02886	0.03247	0.75830	0.00722	0.00722	0.00361	0.00361
32	0.72237	0.01595	0.01264	0.01116	0.01638	0.01825	0.00919	0.02540	0.01472	0.07526	0.01286	0.01439	0.00970	0.00787	0.00534	0.00257	0.00647	0.00473	0.00545	0.00931
33	0.03103	0.03959	0.02354	0.02140	0.02568	0.67469	0.01605	0.03317	0.02354	0.02033	0.01284	0.01498	0.01070	0.00856	0.00749	0.00214	0.01498	0.00535	0.00428	0.00963
34	0.01723	0.01477	0.01723	0.01230	0.01969	0.01107	0.00984	0.02092	0.01723	0.02707	0.01477	0.01723	0.01230	0.00615	0.00615	0.00123	0.00615	0.00492	0.00492	0.75883
35	0.03158	0.02327	0.02493	0.01911	0.02576	0.02576	0.01579	0.62852	0.03906	0.05236	0.01995	0.01995	0.01413	0.00997	0.00831	0.00249	0.00914	0.00748	0.00831	0.01413
36	0.03158	0.02327	0.02493	0.01911	0.02576	0.02576	0.01579	0.62852	0.03906	0.05236	0.01995	0.01995	0.01413	0.00997	0.00831	0.00249	0.00914	0.00748	0.00831	0.01413
37	0.02825	0.02886	0.02250	0.01952	0.02447	0.31647	0.01527	0.21390	0.14940	0.03305	0.02070	0.02366	0.01652	0.01026	0.00813	0.00247	0.01119	0.03731	0.00649	0.01158
38	0.01238	0.00965	0.01433	0.01403	0.01540	0.01160	0.01101	0.01525	0.01330	0.01934	0.02134	0.03147	0.01997	0.05846	0.62295	0.01257	0.07625	0.00877	0.00438	0.00755
39	0.01213	0.00962	0.01132	0.01118	0.01372	0.00877	0.00813	0.01636	0.07418	0.02522	0.13764	0.30588	0.20156	0.01962	0.00953	0.00280	0.00486	0.01720	0.00763	0.10264
40	0.02743	0.01458	0.01832	0.01373	0.02053	0.01203	0.01117	0.03169	0.04580	0.34621	0.02458	0.02333	0.01698	0.00843	0.00735	0.00197	0.00663	0.00683	0.00776	0.35465
41	0.76672	0.01607	0.01221	0.01092	0.01607	0.01864	0.00900	0.02442	0.01414	0.03727	0.01157	0.01350	0.00900	0.00771	0.00514	0.00257	0.00643	0.00450	0.00514	0.00900
42	0.02180	0.01126	0.01504	0.04652	0.01851	0.01062	0.01058	0.02625	0.06364	0.26762	0.18954	0.20795	0.04357	0.01592	0.00929	0.00281	0.00588	0.01392	0.00889	0.01038
43	0.02000	0.01857	0.02933	0.04183	0.48779	0.01909	0.02224	0.02826	0.13357	0.02836	0.02126	0.02838	0.01820	0.00937	0.00853	0.00264	0.00908	0.05557	0.00520	0.01271
44	0.03727	0.01414	0.01928	0.01478	0.02121	0.01221	0.01221	0.04049	0.02378	0.66198	0.03277	0.02828	0.02056	0.01028	0.00835	0.00257	0.00707	0.00835	0.01028	0.01414
45	0.01963	0.01879	0.03204	0.17267	0.54181	0.01949	0.02503	0.02468	0.01848	0.02601	0.01546	0.02086	0.01276	0.00757	0.00824	0.00252	0.01010	0.00740	0.00403	0.01241
46	0.06502	0.15806	0.05967	0.01831	0.04938	0.06457	0.04507	0.07969	0.05278	0.29212	0.02282	0.02201	0.01589	0.00903	0.00758	0.00240	0.00880	0.00709	0.00714	0.01256
47	0.01152	0.00881	0.00944	0.00941	0.01231	0.00752	0.00731	0.01385	0.01919	0.05417	0.07763	0.07877	0.56158	0.02070	0.00991	0.00290	0.00469	0.07501	0.00783	0.00743
48	0.00999	0.00847	0.00865	0.00875	0.01151	0.00714	0.00665	0.01218	0.01894	0.02256	0.08223	0.08061	0.62378	0.02113	0.00990	0.00285	0.00437	0.04553	0.00771	0.00704
49	0.02647	0.06312	0.02340	0.02095	0.06003	0.36154	0.01544	0.05332	0.11915	0.05557	0.01822	0.02026	0.01465	0.01397	0.06743	0.00333	0.04057	0.00667	0.00532	0.01060
50	0.01954	0.02188	0.04605	0.03477	0.07702	0.02133	0.53755	0.02596	0.01896	0.02606	0.01622	0.02193	0.01249	0.00769	0.01125	0.00286	0.07374	0.00944	0.00415	0.01113
51	0.03339	0.02037	0.02314	0.01774	0.02432	0.02146	0.01465	0.44203	0.03421	0.24570	0.02401	0.02259	0.01617	0.01007	0.00832	0.00252	0.00848	0.00776	0.00894	0.01413
52	0.01569	0.01477	0.02492	0.68808	0.05722	0.01846	0.02307	0.02123	0.01661	0.02123	0.01477	0.02215	0.01107	0.00831	0.00831	0.00277	0.01107	0.00738	0.00369	0.00923
53	0.05539	0.12894	0.42549	0.02400	0.03445	0.02145	0.14548	0.02608	0.01769	0.02599	0.01466	0.01773	0.01088	0.00760	0.00779	0.00255	0.01187	0.00655	0.00373	0.01168
54	0.03112	0.02972	0.02381	0.01982	0.02534	0.30704	0.01563	0.31792	0.05787	0.06495	0.01804	0.01864	0.01342	0.00943	0.00796	0.00236	0.01148	0.00668	0.00665	0.01213
55	0.01117	0.00847	0.01029	0.00983	0.01205	0.00759	0.00737	0.01453	0.02212	0.03000	0.47899	0.06750	0.25330	0.01822	0.00980	0.00267	0.00401	0.01579	0.00871	0.00759
56	0.06717	0.01477	0.01933	0.01488	0.02127	0.01330	0.01229	0.07558	0.02431	0.59901	0.03111	0.02716	0.01969	0.01016	0.00822	0.00257	0.00717	0.00814	0.00995	0.01392
57	0.01792	0.01624	0.02558	0.52325	0.11872	0.01937	0.02218	0.07823	0.05005	0.02539	0.01628	0.02221	0.01230	0.00851	0.00830	0.00271	0.01054	0.00749	0.00440	0.01030
58	0.01304	0.00931	0.01299	0.01490	0.01666	0.00926	0.01278	0.01661	0.01878	0.02447	0.04418	0.15897	0.04857	0.02328	0.01138	0.00378	0.00735	0.53850	0.00766	0.00755
59	0.01140	0.00848	0.01061	0.01008	0.01219	0.00769	0.00756	0.01498	0.02267	0.03130	0.54694	0.06536	0.18454	0.01773	0.00980	0.00265	0.00397	0.01549	0.00888	0.00769
60	0.76672	0.01607	0.01221	0.01092	0.01607	0.01864	0.00900	0.02442	0.01414	0.03727	0.01157	0.01350	0.00900	0.00771	0.00514	0.00257	0.00643	0.00450	0.00514	0.00900
61	0.72930	0.01597	0.01257	0.01112	0.01633	0.01831	0.00916	0.02524	0.01463	0.06932	0.01266	0.01425	0.00959	0.00784	0.00531	0.00257	0.00646	0.00470	0.00540	0.00926
62	0.02081	0.02142	0.06774	0.14798	0.46168	0.06278	0.02434	0.02587	0.01894	0.04674	0.01583	0.02052	0.01276	0.00775	0.00817	0.00251	0.01045	0.00722	0.00423	0.01228
63	0.03449	0.01514	0.01963	0.01495	0.02150	0.01347	0.01231	0.09822	0.02461	0.53002	0.02949	0.02621	0.01900	0.00980	0.00811	0.00242	0.00718	0.00789	0.00949	0.09608
64	0.02136	0.14876	0.40798	0.02030	0.03025	0.02097	0.02377	0.05788	0.05132	0.11471	0.01803	0.01912	0.01287	0.00836	0.00758	0.00248	0.01055	0.00639	0.00494	0.01240
65	0.02221	0.71304	0.04353	0.01421	0.02132	0.03287	0.01421	0.02488	0.01688	0.01955	0.01155	0.01333	0.01066	0.00711	0.00533	0.00178	0.00888	0.00444	0.00355	0.01066
66	0.00990	0.00842	0.00853	0.00850	0.01127	0.00705	0.00638	0.01208	0.01913	0.02290	0.10797	0.07920	0.62876	0.02087	0.00982	0.00280	0.00420	0.01743	0.00777	0.00705
67	0.01025	0.00843	0.00902	0.00887	0.01149	0.00720	0.00665	0.01276	0.01996	0.02487	0.21105	0.07595	0.52444	0.02013	0.00981	0.00276	0.00414	0.01697	0.00803	0.00720
68	0.01195	0.00800	0.00910	0.00923	0.00927	0.00796	0.00522	0.01205	0.01234	0.01646	0.02752	0.09876	0.03190	0.66133	0.04011	0.00773	0.00783	0.01287	0.00522	0.00515
69	0.01980	0.01687	0.01815	0.01672	0.02108	0.01935	0.01318	0.04096	0.56766	0.03358	0.03502	0.03841	0.02801	0.01265	0.00881	0.00294	0.00670	0.07926	0.00836	0.01250
70	0.03158	0.02327	0.02493	0.01911	0.02576	0.02576	0.01579	0.62852	0.03906	0.05236	0.01995	0.01995	0.01413	0.00997	0.00831	0.00249	0.00914	0.00748	0.00831	0.01413
71	0.76672	0.01607	0.01221	0.01092	0.01607	0.01864	0.00900	0.02442	0.01414	0.03727	0.01157	0.01350	0.00900	0.00771	0.00514	0.00257	0.00643	0.00450	0.00514	0.00900
72	0.76672	0.01607	0.01221	0.01092	0.01607	0.01864	0.00900	0.02442	0.01414	0.03727	0.01157	0.01350	0.00900	0.00771	0.00514	0.00257	0.00643	0.00450	0.00514	0.00900
73	0.02066	0.01785	0.01878	0.01691	0.02160	0.02066	0.01315	0.04414	0.64121	0.03475	0.03381	0.03099	0.02536	0.01127	0.00845	0.00282	0.00657	0.00939	0.00845	0.01315
74	0.01666	0.04297	0.66500	0.02368	0.03596	0.01929	0.03069	0.02631	0.01754	0.02631	0.01491	0.01754	0.01052	0.00789	0.00789	0.00263	0.01228	0.00614	0.00351	0.01228
75	0.03689	0.01474	0.01965	0.01507	0.02151	0.01311	0.01245	0.07956	0.02479	0.62147	0.03192	0.02772	0.02014	0.01026	0.00835	0.00257	0.00721	0.00830	0.01015	0.01414
76	0.03103	0.03959	0.02354	0.02140	0.02568	0.67469	0.01605	0.03317	0.02354	0.02033	0.01284	0.01498	0.01070	0.00856	0.00749	0.00214	0.01498	0.00535	0.00428	0.00963
77	0.03103	0.03959	0.02354	0.02140	0.02568	0.67469	0.01605	0.03317	0.02354	0.02033	0.01284	0.01498	0.01070	0.00856	0.00749	0.00214	0.01498	0.00535	0.00428	0.00963
78	0.01115	0.00792	0.01063	0.01242	0.01326	0.00761	0.00908	0.01315	0.01652	0.02186	0.04395	0.49163	0.05130	0.07190	0.01301	0.00382	0.00582	0.18060	0.00751	0.00688
79	0.01176	0.00849	0.01110	0.01045	0.01241	0.00784	0.00784	0.01568	0.02352	0.03331	0.65184	0.06206	0.07839	0.01698	0.00980	0.00261	0.00392	0.01502	0.00914	0.00784
80	0.01111	0.00764	0.00935	0.01030	0.01054	0.00741	0.00636	0.01183	0.01398	0.01864	0.03591	0.37611	0.04248	0.36954	0.02656	0.00573	0.00645	0.01781	0.00636	0.00588
81	0.01871	0.01906	0.02537	0.02179	0.02197	0.05236	0.01809	0.02054	0.01317	0.02001	0.01099	0.01804	0.01090	0.01429	0.02644	0.00357	0.66473	0.00719	0.00366	0.00911
82	0.02375	0.01938	0.02052	0.01753	0.02278	0.02210	0.01390	0.20937	0.47096	0.03973	0.02989	0.02787	0.02218	0.01090	0.00841	0.00273	0.00730	0.00885	0.00841	0.01343
83	0.03727	0.01414	0.01928	0.01478	0.02121	0.01221	0.01221	0.04049	0.02378	0.66198	0.03277	0.02828	0.02056	0.01028	0.00835	0.00257	0.00707	0.00835	0.01028	0.01414
84	0.01124	0.00824	0.01060	0.01094	0.01261	0.00761	0.00812	0.01428	0.02056	0.02806	0.36929	0.23690	0.13734	0.02040	0.01016	0.00295	0.00453	0.07027	0.00846	0.00743
85	0.01712	0.03856	0.55154	0.06026	0.11721	0.01931	0.02964	0.02595	0.01767	0.02616	0.01499	0.01816	0.01089	0.00785	0.00796	0.00262	0.01191	0.00636	0.00360	0.01224
86	0.01880	0.01624	0.02277	0.01973	0.02050	0.02166	0.01626	0.02085	0.01395	0.07772	0.01586	0.05480	0.01506	0.02000	0.09621	0.00460	0.52286	0.00836	0.00453	0.00924
87	0.01205	0.00817	0.00967	0.00967	0.00988	0.00838	0.00579	0.01247	0.01226	0.01656	0.02562	0.05129	0.02887	0.61683	0.13168	0.00880	0.01006	0.01163	0.00495	0.00537
88	0.01590	0.01215	0.01995	0.27915	0.13247	0.01357	0.01628	0.01720	0.01436	0.01910	0.01475	0.02330	0.01293	0.01746	0.01923	0.34470	0.00913	0.00731	0.00372	0.00732
89	0.01982	0.06864	0.08988	0.17315	0.36630	0.02071	0.06073	0.05479	0.01923	0.02657	0.01539	0.02020	0.01234	0.00771	0.00811	0.00252	0.01048	0.00723	0.00415	0.01204
90	0.02948	0.02511	0.02385	0.01929	0.02503	0.13564	0.01555	0.42351	0.11998	0.04328	0.02036	0.02059	0.01501	0.01008	0.00886	0.00252	0.03398	0.00738	0.00748	0.01305
91	0.01698	0.01222	0.01791	0.17143	0.05317	0.01325	0.05342	0.06966	0.01831	0.02717	0.02141	0.02914	0.01769	0.01431	0.03834	0.09844	0.00827	0.03426	0.27605	0.00854
92	0.16948	0.01917	0.09644	0.28755	0.03621	0.04589	0.01826	0.04775	0.01833	0.08918	0.02063	0.02633	0.04223	0.00973	0.00782	0.00271	0.00951	0.03754	0.00519	0.01005
93	0.03057	0.06384	0.02313	0.01866	0.06586	0.01895	0.01428	0.17881	0.14560	0.31013	0.02734	0.02530	0.01879	0.00999	0.00815	0.00254	0.00778	0.00802	0.00859	0.01365
94	0.03479	0.01768	0.08510	0.01598	0.02301	0.01386	0.01433	0.07932	0.02419	0.55581	0.03009	0.02662	0.01911	0.01002	0.00830	0.00257	0.00774	0.00807	0.00946	0.01395
95	0.10003	0.06382	0.45728	0.06803	0.06585	0.01985	0.06134	0.02568	0.01726	0.02696	0.01454	0.01766	0.01065	0.00779	0.00764	0.00260	0.01139	0.00624	0.00377	0.01163
96	0.19528	0.02084	0.11066	0.06463	0.07205	0.01866	0.20479	0.02336	0.01698	0.02771	0.01998	0.06864	0.04604	0.00999	0.00969	0.00281	0.06418	0.00889	0.00467	0.01015
97	0.47770	0.02026	0.05563	0.06278	0.02249	0.06464	0.01294	0.10453	0.05474	0.03610	0.01447	0.01632	0.01097	0.00832	0.00630	0.00256	0.00807	0.00554	0.00548	0.01016
98	0.21194	0.10014	0.21791	0.08609	0.02914	0.02082	0.04822	0.02688	0.07163	0.05079	0.01583	0.01835	0.01199	0.00853	0.00823	0.00262	0.04911	0.00627	0.00467	0.01085

[dist]
# distance from previous block
# <min> <max>
2	15

[block]
# block no. 1 follows, 22 sequences, length 83
# corresponding to MSA columns:
# 194-276
name=unknown_B
#
# <colnr> <probs for GDERKNQSTAVLIFYWHMCP>
#	G	D	E	R	K	N	Q	S	T	A	V	L	I	F	Y	W	H	M	C	P
0	0.22945	0.07150	0.01626	0.01197	0.01663	0.01578	0.00978	0.10807	0.02106	0.03381	0.15800	0.03485	0.11481	0.01169	0.00737	0.00237	0.00607	0.00910	0.03257	0.08885
1	0.01136	0.00901	0.01352	0.07219	0.01787	0.00882	0.05006	0.01347	0.01609	0.02129	0.04147	0.52889	0.07185	0.06763	0.01239	0.00356	0.00617	0.02026	0.00695	0.00716
2	0.01723	0.01477	0.01723	0.01230	0.01969	0.01107	0.00984	0.02092	0.01723	0.02707	0.01477	0.01723	0.01230	0.00615	0.00615	0.00123	0.00615	0.00492	0.00492	0.75883
3	0.01818	0.01818	0.02545	0.02181	0.02181	0.02545	0.01818	0.01999	0.01272	0.01999	0.01091	0.01818	0.01091	0.01454	0.02726	0.00364	0.69284	0.00727	0.00364	0.00909
4	0.01004	0.00828	0.00867	0.00884	0.01124	0.00707	0.00645	0.01204	0.01847	0.02242	0.09930	0.13982	0.54005	0.05589	0.01153	0.00312	0.00445	0.01777	0.00763	0.00692
5	0.01015	0.00836	0.00891	0.00891	0.01146	0.00713	0.00663	0.01251	0.01951	0.02412	0.17340	0.11019	0.52867	0.02065	0.00986	0.00280	0.00419	0.01745	0.00794	0.00713
6	0.01994	0.01571	0.01688	0.01503	0.01946	0.01725	0.01173	0.06703	0.42521	0.07523	0.07485	0.04060	0.13889	0.01318	0.00875	0.00277	0.00618	0.01097	0.00847	0.01189
7	0.03105	0.02300	0.02463	0.01901	0.02556	0.02551	0.01566	0.59994	0.06851	0.05150	0.02062	0.02049	0.01468	0.01004	0.00832	0.00251	0.00902	0.00757	0.00832	0.01408
8	0.03008	0.11204	0.02569	0.02063	0.02521	0.60565	0.01585	0.03228	0.02283	0.02025	0.01270	0.01480	0.01070	0.00840	0.00726	0.00210	0.01433	0.00525	0.00420	0.00974
9	0.01176	0.00849	0.01110	0.01045	0.01241	0.00784	0.00784	0.01568	0.02352	0.03331	0.65184	0.06206	0.07839	0.01698	0.00980	0.00261	0.00392	0.01502	0.00914	0.00784
10	0.01666	0.04297	0.66500	0.02368	0.03596	0.01929	0.03069	0.02631	0.01754	0.02631	0.01491	0.01754	0.01052	0.00789	0.00789	0.00263	0.01228	0.00614	0.00351	0.01228
11	0.01818	0.01818	0.02545	0.02181	0.02181	0.02545	0.01818	0.01999	0.01272	0.01999	0.01091	0.01818	0.01091	0.01454	0.02726	0.00364	0.69284	0.00727	0.00364	0.00909
12	0.02221	0.71304	0.04353	0.01421	0.02132	0.03287	0.01421	0.02488	0.01688	0.01955	0.01155	0.01333	0.01066	0.00711	0.00533	0.00178	0.00888	0.00444	0.00355	0.01066
13	0.03158	0.02327	0.02493	0.01911	0.02576	0.02576	0.01579	0.62852	0.03906	0.05236	0.01995	0.01995	0.01413	0.00997	0.00831	0.00249	0.00914	0.00748	0.00831	0.01413
14	0.01080	0.00845	0.00977	0.00944	0.01182	0.00743	0.00708	0.01382	0.02125	0.02794	0.37107	0.07091	0.36251	0.01899	0.00981	0.00271	0.00406	0.01626	0.00844	0.00743
15	0.01933	0.01753	0.02937	0.23047	0.42664	0.01844	0.02332	0.02423	0.01846	0.05137	0.01941	0.02422	0.04393	0.00844	0.00833	0.00257	0.00983	0.00793	0.00442	0.01177
16	0.01142	0.00918	0.01108	0.04603	0.01498	0.03977	0.00889	0.01310	0.01631	0.02117	0.04263	0.63504	0.05059	0.02429	0.01034	0.00328	0.00563	0.02191	0.00734	0.00701
17	0.02130	0.01436	0.01661	0.01458	0.01881	0.01522	0.01140	0.03502	0.33752	0.15756	0.21609	0.03963	0.04007	0.01276	0.00883	0.00271	0.00589	0.01085	0.00902	0.01178
18	0.03727	0.01414	0.01928	0.01478	0.02121	0.01221	0.01221	0.04049	0.02378	0.66198	0.03277	0.02828	0.02056	0.01028	0.00835	0.00257	0.00707	0.00835	0.01028	0.01414
19	0.01720	0.07247	0.50198	0.02629	0.10998	0.01948	0.04806	0.02540	0.01766	0.02581	0.01644	0.05227	0.01315	0.00867	0.00800	0.00261	0.01149	0.00721	0.00382	0.01199
20	0.01957	0.01981	0.02534	0.04481	0.02396	0.08282	0.04079	0.05192	0.01547	0.02191	0.01264	0.01922	0.01177	0.01639	0.06559	0.00402	0.50328	0.00731	0.00401	0.00937
21	0.01022	0.00727	0.00961	0.01144	0.01190	0.00681	0.00758	0.01159	0.01572	0.02096	0.04483	0.67092	0.05374	0.05938	0.01215	0.00360	0.00498	0.02305	0.00758	0.00666
22	0.01552	0.01766	0.08324	0.02527	0.07054	0.01486	0.27733	0.02039	0.01816	0.02487	0.05424	0.27953	0.03117	0.01468	0.00984	0.00297	0.00970	0.01475	0.00567	0.00961
23	0.02138	0.02067	0.07067	0.12759	0.34173	0.05176	0.04767	0.02804	0.07235	0.08347	0.01945	0.02451	0.01547	0.00873	0.00839	0.00260	0.01002	0.02823	0.00507	0.01219
24	0.02056	0.21119	0.29804	0.01892	0.02722	0.08706	0.02078	0.05516	0.01984	0.05173	0.07008	0.02373	0.01849	0.00936	0.00753	0.00240	0.01039	0.03157	0.00476	0.01118
25	0.60141	0.01597	0.01491	0.05774	0.05258	0.01800	0.01112	0.02597	0.01557	0.10196	0.01424	0.01600	0.01058	0.00801	0.00585	0.00258	0.00698	0.00525	0.00554	0.00977
26	0.02004	0.01922	0.03230	0.10973	0.50682	0.01976	0.05589	0.02684	0.07564	0.02723	0.01727	0.02177	0.01404	0.00782	0.00834	0.00255	0.00991	0.00771	0.00447	0.01267
27	0.03557	0.01376	0.01873	0.01449	0.02062	0.01192	0.01192	0.03883	0.02376	0.62005	0.07406	0.03053	0.02442	0.01073	0.00845	0.00257	0.00686	0.00880	0.01021	0.01372
28	0.05650	0.64585	0.07438	0.01455	0.02184	0.03150	0.01483	0.02493	0.01679	0.02072	0.01172	0.01355	0.01058	0.00718	0.00545	0.00186	0.00895	0.00453	0.00363	0.01067
29	0.01178	0.00846	0.01097	0.01036	0.01219	0.00785	0.00765	0.01544	0.02275	0.03217	0.61012	0.06154	0.07517	0.06307	0.01196	0.00298	0.00419	0.01483	0.00887	0.00765
30	0.02066	0.01785	0.01878	0.01691	0.02160	0.02066	0.01315	0.04414	0.64121	0.03475	0.03381	0.03099	0.02536	0.01127	0.00845	0.00282	0.00657	0.00939	0.00845	0.01315
31	0.01434	0.00952	0.01060	0.01012	0.01124	0.00974	0.00658	0.07464	0.01604	0.02252	0.02861	0.08190	0.04982	0.45337	0.05163	0.00634	0.00771	0.01167	0.11702	0.00658
32	0.01141	0.00832	0.01073	0.01047	0.01228	0.00764	0.00772	0.01488	0.02219	0.03098	0.53324	0.14930	0.11284	0.01846	0.00991	0.00273	0.00406	0.01634	0.00886	0.00764
33	0.05913	0.01529	0.01779	0.01306	0.02013	0.01259	0.01055	0.06385	0.01950	0.12607	0.01769	0.01890	0.01352	0.00711	0.00658	0.00159	0.00650	0.00559	0.00597	0.55858
34	0.01305	0.00878	0.01152	0.01067	0.01286	0.00806	0.00806	0.01693	0.02353	0.06511	0.62053	0.06035	0.07546	0.01664	0.00973	0.00261	0.00408	0.01469	0.00920	0.00816
35	0.03158	0.02327	0.02493	0.01911	0.02576	0.02576	0.01579	0.62852	0.03906	0.05236	0.01995	0.01995	0.01413	0.00997	0.00831	0.00249	0.00914	0.00748	0.00831	0.01413
36	0.01988	0.01919	0.03285	0.12913	0.50794	0.01971	0.06387	0.02597	0.05014	0.02674	0.01651	0.02141	0.01348	0.00769	0.00835	0.00255	0.01013	0.00766	0.00428	0.01253
37	0.01305	0.01173	0.05478	0.01220	0.01510	0.00995	0.01013	0.01929	0.08455	0.03259	0.51895	0.05758	0.06717	0.01611	0.00962	0.00269	0.00491	0.04230	0.00863	0.00865
38	0.02121	0.01812	0.01909	0.01702	0.02181	0.02092	0.01328	0.07350	0.61096	0.03564	0.03312	0.03044	0.02479	0.01121	0.00845	0.00280	0.00670	0.00930	0.00845	0.01320
39	0.40664	0.01511	0.01570	0.01283	0.01860	0.01546	0.01058	0.03235	0.01890	0.34565	0.02204	0.02079	0.01471	0.00898	0.00673	0.00257	0.00674	0.00640	0.00768	0.01153
40	0.01584	0.01468	0.02419	0.61441	0.05280	0.01844	0.02199	0.02106	0.01639	0.02158	0.01506	0.02228	0.01151	0.00877	0.00944	0.00279	0.05538	0.00739	0.03684	0.00915
41	0.01169	0.00844	0.01104	0.01050	0.01240	0.00779	0.00783	0.01551	0.02320	0.03281	0.62687	0.08845	0.07742	0.01736	0.00983	0.00264	0.00396	0.01538	0.00909	0.00779
42	0.01741	0.13295	0.58155	0.02241	0.03399	0.02112	0.02848	0.02612	0.01745	0.02540	0.01446	0.01697	0.01054	0.00779	0.00755	0.00252	0.01182	0.00591	0.00351	0.01206
43	0.01346	0.00887	0.01165	0.01074	0.01300	0.00813	0.00813	0.01733	0.02353	0.07523	0.61056	0.05980	0.07453	0.01654	0.00970	0.00261	0.00413	0.01458	0.00922	0.00826
44	0.01798	0.17703	0.49910	0.02251	0.03349	0.02215	0.06633	0.02604	0.01754	0.02496	0.01435	0.01701	0.01069	0.00768	0.00750	0.00247	0.01170	0.00604	0.00356	0.01188
45	0.02221	0.71304	0.04353	0.01421	0.02132	0.03287	0.01421	0.02488	0.01688	0.01955	0.01155	0.01333	0.01066	0.00711	0.00533	0.00178	0.00888	0.00444	0.00355	0.01066
46	0.01108	0.00847	0.01017	0.00974	0.01200	0.00755	0.00731	0.01437	0.02192	0.02953	0.45427	0.06828	0.27831	0.01840	0.00981	0.00268	0.00402	0.01590	0.00865	0.00755
47	0.01066	0.00833	0.00975	0.01031	0.01238	0.00743	0.00779	0.01314	0.01903	0.02418	0.15818	0.20895	0.35834	0.02171	0.01020	0.00303	0.00475	0.09673	0.00793	0.00717
48	0.03639	0.01433	0.01925	0.01489	0.02123	0.01266	0.01226	0.04068	0.05643	0.62881	0.03283	0.02842	0.02082	0.01033	0.00836	0.00258	0.00704	0.00841	0.01019	0.01409
49	0.03517	0.01367	0.01860	0.01442	0.02048	0.01185	0.01185	0.03844	0.02376	0.61014	0.08382	0.03106	0.02533	0.01083	0.00847	0.00257	0.00681	0.00890	0.01019	0.01362
50	0.01114	0.00840	0.01033	0.01020	0.01226	0.00759	0.00765	0.01433	0.02137	0.02884	0.41339	0.12649	0.23373	0.01919	0.00995	0.00279	0.00424	0.04205	0.00855	0.00750
51	0.01569	0.01477	0.02492	0.68808	0.05722	0.01846	0.02307	0.02123	0.01661	0.02123	0.01477	0.02215	0.01107	0.00831	0.00831	0.00277	0.01107	0.00738	0.00369	0.00923
52	0.01799	0.01522	0.01764	0.01267	0.02001	0.01186	0.01016	0.05324	0.01839	0.02842	0.01504	0.01737	0.01240	0.00636	0.00627	0.00130	0.00631	0.00506	0.00510	0.71922
53	0.02959	0.03212	0.02269	0.01994	0.02475	0.43229	0.01531	0.12115	0.13509	0.05973	0.01858	0.01920	0.01428	0.00933	0.00782	0.00233	0.01226	0.00652	0.00590	0.01113
54	0.02066	0.01785	0.01878	0.01691	0.02160	0.02066	0.01315	0.04414	0.64121	0.03475	0.03381	0.03099	0.02536	0.01127	0.00845	0.00282	0.00657	0.00939	0.00845	0.01315
55	0.01613	0.00836	0.00843	0.00820	0.01032	0.00846	0.00621	0.04374	0.01829	0.03183	0.02681	0.03053	0.02101	0.00969	0.00591	0.00196	0.00408	0.00773	0.72431	0.00800
56	0.01012	0.00723	0.00964	0.01157	0.01205	0.00675	0.00771	0.01157	0.01591	0.02121	0.04579	0.70262	0.05495	0.02603	0.01060	0.00337	0.00482	0.02362	0.00771	0.00675
57	0.01053	0.00844	0.00940	0.00916	0.01166	0.00732	0.00687	0.01330	0.02062	0.02643	0.29246	0.07338	0.44206	0.01955	0.00981	0.00273	0.00410	0.01661	0.00824	0.00732
58	0.03110	0.02303	0.02466	0.01902	0.02558	0.02554	0.01567	0.60301	0.06535	0.05159	0.02055	0.02043	0.01462	0.01003	0.00832	0.00251	0.00903	0.00756	0.00832	0.01409
59	0.01082	0.00845	0.00980	0.00947	0.01183	0.00744	0.00710	0.01386	0.02130	0.02805	0.37692	0.07072	0.35659	0.01895	0.00981	0.00271	0.00406	0.01624	0.00845	0.00744
60	0.01339	0.00956	0.01339	0.01530	0.01721	0.00956	0.01339	0.01721	0.01912	0.02486	0.04399	0.09371	0.04781	0.02295	0.01147	0.00382	0.00765	0.60031	0.00765	0.00765
61	0.01096	0.00797	0.01046	0.01221	0.01304	0.00769	0.00857	0.01368	0.04529	0.02222	0.04504	0.60684	0.05281	0.02501	0.01060	0.00340	0.00520	0.08413	0.00774	0.00714
62	0.03727	0.01414	0.01928	0.01478	0.02121	0.01221	0.01221	0.04049	0.02378	0.66198	0.03277	0.02828	0.02056	0.01028	0.00835	0.00257	0.00707	0.00835	0.01028	0.01414
63	0.03103	0.03959	0.02354	0.02140	0.02568	0.67469	0.01605	0.03317	0.02354	0.02033	0.01284	0.01498	0.01070	0.00856	0.00749	0.00214	0.01498	0.00535	0.00428	0.00963
64	0.03103	0.03959	0.02354	0.02140	0.02568	0.67469	0.01605	0.03317	0.02354	0.02033	0.01284	0.01498	0.01070	0.00856	0.00749	0.00214	0.01498	0.00535	0.00428	0.00963
65	0.01666	0.04297	0.66500	0.02368	0.03596	0.01929	0.03069	0.02631	0.01754	0.02631	0.01491	0.01754	0.01052	0.00789	0.00789	0.00263	0.01228	0.00614	0.00351	0.01228
66	0.02066	0.01785	0.01878	0.01691	0.02160	0.02066	0.01315	0.04414	0.64121	0.03475	0.03381	0.03099	0.02536	0.01127	0.00845	0.00282	0.00657	0.00939	0.00845	0.01315
67	0.76672	0.01607	0.01221	0.01092	0.01607	0.01864	0.00900	0.02442	0.01414	0.03727	0.01157	0.01350	0.00900	0.00771	0.00514	0.00257	0.00643	0.00450	0.00514	0.00900
68	0.01139	0.00848	0.01059	0.01006	0.01218	0.00768	0.00755	0.01496	0.02264	0.03123	0.54303	0.06548	0.18849	0.01776	0.00980	0.00265	0.00397	0.01550	0.00887	0.00768
69	0.01013	0.00829	0.00898	0.00935	0.01172	0.00714	0.00697	0.01230	0.01866	0.02282	0.09927	0.17692	0.50425	0.02175	0.01003	0.00294	0.00447	0.04920	0.00777	0.00704
70	0.01339	0.00956	0.01339	0.01530	0.01721	0.00956	0.01339	0.01721	0.01912	0.02486	0.04399	0.09371	0.04781	0.02295	0.01147	0.00382	0.00765	0.60031	0.00765	0.00765
71	0.01723	0.01477	0.01723	0.01230	0.01969	0.01107	0.00984	0.02092	0.01723	0.02707	0.01477	0.01723	0.01230	0.00615	0.00615	0.00123	0.00615	0.00492	0.00492	0.75883
72	0.01027	0.00829	0.00914	0.00923	0.01158	0.00716	0.00681	0.01269	0.01957	0.02465	0.20268	0.14984	0.45748	0.02075	0.00991	0.00283	0.00422	0.01771	0.00802	0.00716
73	0.01917	0.01928	0.03592	0.23158	0.17999	0.01981	0.25760	0.05581	0.01948	0.02648	0.01602	0.02159	0.01234	0.00760	0.00878	0.00264	0.01165	0.00823	0.00427	0.04176
74	0.01798	0.15517	0.49817	0.02469	0.09310	0.02165	0.02738	0.02599	0.01756	0.02523	0.01440	0.01711	0.01080	0.00771	0.00749	0.00247	0.01147	0.00597	0.00357	0.01209
75	0.00987	0.00823	0.00861	0.00891	0.01135	0.00697	0.00653	0.01187	0.01846	0.02225	0.07815	0.17749	0.55919	0.02182	0.00994	0.00289	0.00430	0.01849	0.00771	0.00697
76	0.01656	0.00878	0.00889	0.00850	0.01075	0.00894	0.00647	0.05998	0.01886	0.03240	0.02662	0.03024	0.02082	0.00970	0.00597	0.00197	0.00422	0.00773	0.70443	0.00817
77	0.01979	0.02136	0.04427	0.06667	0.04141	0.02052	0.52350	0.06518	0.02092	0.02835	0.04902	0.02424	0.01595	0.00777	0.00963	0.00277	0.01302	0.00979	0.00469	0.01112
78	0.01635	0.01544	0.02612	0.60117	0.13893	0.01863	0.02340	0.02181	0.01693	0.02203	0.01488	0.02193	0.01136	0.00818	0.00829	0.00273	0.01091	0.00739	0.00375	0.00976
79	0.01128	0.00847	0.01044	0.00995	0.01212	0.00764	0.00746	0.01475	0.02239	0.03064	0.51223	0.06646	0.21966	0.01798	0.00980	0.00266	0.00399	0.01564	0.00879	0.00764
80	0.01923	0.05291	0.02942	0.33615	0.30480	0.07010	0.02312	0.02412	0.01813	0.02356	0.01482	0.02050	0.01190	0.00789	0.00806	0.00255	0.01076	0.00709	0.00391	0.01098
81	0.02786	0.02012	0.07160	0.04669	0.02458	0.01926	0.01501	0.33436	0.02918	0.17440	0.02398	0.05858	0.01875	0.08279	0.01191	0.00315	0.00870	0.00882	0.00778	0.01247
82	0.01436	0.00860	0.01152	0.01199	0.01370	0.00792	0.00872	0.01677	0.01893	0.11035	0.18395	0.42414	0.05527	0.02162	0.01017	0.00312	0.00510	0.05733	0.00838	0.00805

[dist]
# distance from previous block
# <min> <max>
4	7

[block]
# block no. 2 follows, 22 sequences, length 35
# corresponding to MSA columns:
# 284-318
name=unknown_C
#
# <colnr> <probs for GDERKNQSTAVLIFYWHMCP>
#	G	D	E	R	K	N	Q	S	T	A	V	L	I	F	Y	W	H	M	C	P
0	0.02091	0.01764	0.05708	0.29023	0.06699	0.01842	0.05346	0.13173	0.02147	0.09031	0.01996	0.06201	0.01585	0.01007	0.00926	0.00271	0.04229	0.00853	0.05028	0.01079
1	0.01531	0.01175	0.01474	0.01297	0.01652	0.01071	0.00983	0.01780	0.01669	0.06169	0.03117	0.29779	0.05939	0.01599	0.01046	0.00250	0.07757	0.01351	0.00636	0.29722
2	0.01598	0.01506	0.02544	0.64997	0.09304	0.01853	0.02322	0.02148	0.01675	0.02158	0.01482	0.02205	0.01120	0.00825	0.00830	0.00275	0.01100	0.00738	0.00372	0.00946
3	0.01011	0.00843	0.00882	0.00872	0.01140	0.00714	0.00654	0.01249	0.01962	0.02408	0.16952	0.07726	0.56647	0.02043	0.00982	0.00278	0.00416	0.01716	0.00793	0.00714
4	0.01012	0.00723	0.00964	0.01157	0.01205	0.00675	0.00771	0.01157	0.01591	0.02121	0.04579	0.70262	0.05495	0.02603	0.01060	0.00337	0.00482	0.02362	0.00771	0.00675
5	0.01026	0.00742	0.00971	0.01127	0.01203	0.00687	0.00764	0.01199	0.01682	0.02245	0.10686	0.60329	0.09295	0.02485	0.01048	0.00327	0.00470	0.02242	0.00785	0.00687
6	0.01818	0.01818	0.02545	0.02181	0.02181	0.02545	0.01818	0.01999	0.01272	0.01999	0.01091	0.01818	0.01091	0.01454	0.02726	0.00364	0.69284	0.00727	0.00364	0.00909
7	0.02066	0.01785	0.01878	0.01691	0.02160	0.02066	0.01315	0.04414	0.64121	0.03475	0.03381	0.03099	0.02536	0.01127	0.00845	0.00282	0.00657	0.00939	0.00845	0.01315
8	0.02221	0.71304	0.04353	0.01421	0.02132	0.03287	0.01421	0.02488	0.01688	0.01955	0.01155	0.01333	0.01066	0.00711	0.00533	0.00178	0.00888	0.00444	0.00355	0.01066
9	0.07644	0.01424	0.01890	0.01457	0.02093	0.01256	0.01204	0.03962	0.02326	0.62844	0.03164	0.02748	0.01994	0.01014	0.00818	0.00257	0.00703	0.00815	0.01001	0.01386
10	0.03727	0.01414	0.01928	0.01478	0.02121	0.01221	0.01221	0.04049	0.02378	0.66198	0.03277	0.02828	0.02056	0.01028	0.00835	0.00257	0.00707	0.00835	0.01028	0.01414
11	0.01961	0.02241	0.04902	0.03501	0.04342	0.02101	0.62605	0.02661	0.01961	0.02661	0.01681	0.02241	0.01261	0.00700	0.00980	0.00280	0.01401	0.00980	0.00420	0.01120
12	0.03727	0.01414	0.01928	0.01478	0.02121	0.01221	0.01221	0.04049	0.02378	0.66198	0.03277	0.02828	0.02056	0.01028	0.00835	0.00257	0.00707	0.00835	0.01028	0.01414
13	0.00997	0.00781	0.00904	0.01002	0.01164	0.00688	0.00703	0.01174	0.01739	0.02181	0.06459	0.39743	0.34800	0.02358	0.01022	0.00310	0.00452	0.02063	0.00771	0.00688
14	0.76672	0.01607	0.01221	0.01092	0.01607	0.01864	0.00900	0.02442	0.01414	0.03727	0.01157	0.01350	0.00900	0.00771	0.00514	0.00257	0.00643	0.00450	0.00514	0.00900
15	0.02056	0.01974	0.03372	0.05099	0.65622	0.01974	0.02550	0.02550	0.01892	0.02714	0.01563	0.02056	0.01316	0.00740	0.00822	0.00247	0.00987	0.00740	0.00411	0.01316
16	0.01134	0.00909	0.00993	0.00948	0.01221	0.00808	0.00717	0.03996	0.02116	0.02695	0.24832	0.07206	0.45598	0.01936	0.00975	0.00274	0.00434	0.01636	0.00816	0.00757
17	0.05337	0.01627	0.02525	0.34849	0.07114	0.01721	0.08199	0.05089	0.01814	0.02584	0.01511	0.02030	0.01170	0.00761	0.00775	0.00233	0.00972	0.00686	0.00437	0.20562
18	0.01176	0.00849	0.01110	0.01045	0.01241	0.00784	0.00784	0.01568	0.02352	0.03331	0.65184	0.06206	0.07839	0.01698	0.00980	0.00261	0.00392	0.01502	0.00914	0.00784
19	0.02328	0.57916	0.07000	0.01575	0.02268	0.12951	0.01528	0.02620	0.01792	0.01999	0.01190	0.01378	0.01066	0.00736	0.00578	0.00187	0.00997	0.00466	0.00366	0.01058
20	0.02763	0.01238	0.01644	0.01340	0.01820	0.01114	0.01075	0.03213	0.05533	0.41328	0.24607	0.04005	0.04073	0.01264	0.00886	0.00260	0.00596	0.01070	0.00980	0.01192
21	0.01887	0.01766	0.03158	0.15859	0.07314	0.01875	0.25086	0.06821	0.01934	0.02765	0.01790	0.02324	0.01389	0.00873	0.01025	0.00267	0.07678	0.00838	0.14320	0.01030
22	0.01778	0.17821	0.53957	0.02177	0.03300	0.02203	0.02737	0.02602	0.01741	0.02494	0.01423	0.01669	0.01055	0.00773	0.00738	0.00246	0.01159	0.00580	0.00352	0.01195
23	0.01031	0.00737	0.00986	0.01178	0.01235	0.00691	0.00804	0.01190	0.01609	0.02142	0.04568	0.66717	0.05453	0.02585	0.01065	0.00340	0.00498	0.05719	0.00771	0.00680
24	0.76672	0.01607	0.01221	0.01092	0.01607	0.01864	0.00900	0.02442	0.01414	0.03727	0.01157	0.01350	0.00900	0.00771	0.00514	0.00257	0.00643	0.00450	0.00514	0.00900
25	0.01166	0.00849	0.01097	0.01035	0.01235	0.00780	0.00776	0.01549	0.02329	0.03278	0.62408	0.06293	0.10648	0.01718	0.00980	0.00262	0.00393	0.01515	0.00907	0.00780
26	0.02221	0.71304	0.04353	0.01421	0.02132	0.03287	0.01421	0.02488	0.01688	0.01955	0.01155	0.01333	0.01066	0.00711	0.00533	0.00178	0.00888	0.00444	0.00355	0.01066
27	0.01189	0.00882	0.01295	0.01295	0.01430	0.01017	0.00989	0.01458	0.01323	0.01899	0.02262	0.03465	0.02164	0.12217	0.61646	0.01286	0.02094	0.00920	0.00450	0.00720
28	0.01040	0.00751	0.00991	0.01172	0.01247	0.00702	0.00814	0.01210	0.01638	0.02161	0.04792	0.61021	0.09006	0.02545	0.01064	0.00338	0.00504	0.07550	0.00771	0.00685
29	0.02066	0.01785	0.01878	0.01691	0.02160	0.02066	0.01315	0.04414	0.64121	0.03475	0.03381	0.03099	0.02536	0.01127	0.00845	0.00282	0.00657	0.00939	0.00845	0.01315
30	0.00993	0.00842	0.00857	0.00853	0.01129	0.00706	0.00640	0.01214	0.01920	0.02306	0.11655	0.07893	0.62007	0.02081	0.00982	0.00279	0.00419	0.01739	0.00780	0.00706
31	0.01176	0.00849	0.01110	0.01045	0.01241	0.00784	0.00784	0.01568	0.02352	0.03331	0.65184	0.06206	0.07839	0.01698	0.00980	0.00261	0.00392	0.01502	0.00914	0.00784
32	0.76672	0.01607	0.01221	0.01092	0.01607	0.01864	0.00900	0.02442	0.01414	0.03727	0.01157	0.01350	0.00900	0.00771	0.00514	0.00257	0.00643	0.00450	0.00514	0.00900
33	0.01818	0.01818	0.02545	0.02181	0.02181	0.02545	0.01818	0.01999	0.01272	0.01999	0.01091	0.01818	0.01091	0.01454	0.02726	0.00364	0.69284	0.00727	0.00364	0.00909
34	0.02056	0.01974	0.03372	0.05099	0.65622	0.01974	0.02550	0.02550	0.01892	0.02714	0.01563	0.02056	0.01316	0.00740	0.00822	0.00247	0.00987	0.00740	0.00411	0.01316

[dist]
# distance from previous block
# <min> <max>
0	4

[block]
# block no. 3 follows, 22 sequences, length 79
# corresponding to MSA columns:
# 323-401
name=unknown_D
#
# <colnr> <probs for GDERKNQSTAVLIFYWHMCP>
#	G	D	E	R	K	N	Q	S	T	A	V	L	I	F	Y	W	H	M	C	P
0	0.01208	0.00805	0.00906	0.00906	0.00906	0.00805	0.00503	0.01208	0.01208	0.01611	0.02618	0.05436	0.03020	0.70804	0.04228	0.00805	0.00805	0.01208	0.00503	0.00503
1	0.01187	0.00890	0.01335	0.01335	0.01483	0.01038	0.01038	0.01483	0.01335	0.01928	0.02225	0.03264	0.02077	0.06231	0.67512	0.01335	0.02225	0.00890	0.00445	0.00742
2	0.28793	0.01480	0.01685	0.01346	0.01944	0.01442	0.01111	0.03497	0.02046	0.44731	0.02549	0.02320	0.01659	0.00940	0.00725	0.00257	0.00685	0.00703	0.00852	0.01237
3	0.01738	0.01491	0.01730	0.01251	0.01977	0.01151	0.00999	0.02197	0.04560	0.02742	0.01563	0.01785	0.01290	0.00639	0.00626	0.00130	0.00617	0.00513	0.00508	0.72492
4	0.01569	0.01477	0.02492	0.68808	0.05722	0.01846	0.02307	0.02123	0.01661	0.02123	0.01477	0.02215	0.01107	0.00831	0.00831	0.00277	0.01107	0.00738	0.00369	0.00923
5	0.01100	0.00928	0.00963	0.00939	0.01228	0.00833	0.00708	0.01522	0.07576	0.02465	0.13677	0.07371	0.53816	0.01975	0.00969	0.00279	0.00439	0.01654	0.00793	0.00765
6	0.76672	0.01607	0.01221	0.01092	0.01607	0.01864	0.00900	0.02442	0.01414	0.03727	0.01157	0.01350	0.00900	0.00771	0.00514	0.00257	0.00643	0.00450	0.00514	0.00900
7	0.03727	0.01414	0.01928	0.01478	0.02121	0.01221	0.01221	0.04049	0.02378	0.66198	0.03277	0.02828	0.02056	0.01028	0.00835	0.00257	0.00707	0.00835	0.01028	0.01414
8	0.01012	0.00723	0.00964	0.01157	0.01205	0.00675	0.00771	0.01157	0.01591	0.02121	0.04579	0.70262	0.05495	0.02603	0.01060	0.00337	0.00482	0.02362	0.00771	0.00675
9	0.01191	0.00873	0.01248	0.01248	0.01367	0.00991	0.00930	0.01428	0.01309	0.01864	0.02304	0.03702	0.02267	0.19269	0.54734	0.01228	0.01939	0.00954	0.00457	0.00694
10	0.01416	0.00902	0.01187	0.01086	0.01324	0.00825	0.00825	0.01801	0.02354	0.09246	0.59359	0.05888	0.07294	0.01635	0.00966	0.00261	0.00422	0.01440	0.00925	0.00843
11	0.03018	0.03822	0.02362	0.05840	0.02743	0.63828	0.01644	0.03251	0.02316	0.02038	0.01295	0.01538	0.01072	0.00855	0.00754	0.00218	0.01476	0.00546	0.00425	0.00961
12	0.66176	0.08490	0.01584	0.01160	0.01700	0.02034	0.00980	0.05057	0.01548	0.03618	0.01193	0.01376	0.00938	0.00775	0.00530	0.00249	0.00679	0.00462	0.00512	0.00938
13	0.01683	0.01435	0.01681	0.01226	0.01927	0.01084	0.00973	0.02040	0.01715	0.02675	0.01648	0.05504	0.01466	0.00725	0.00640	0.00135	0.00608	0.00595	0.00508	0.71733
14	0.69458	0.01758	0.01447	0.01256	0.01781	0.05286	0.03735	0.02497	0.01488	0.03591	0.01187	0.01398	0.00925	0.00772	0.00547	0.00256	0.00721	0.00478	0.00505	0.00913
15	0.02175	0.01797	0.02024	0.04424	0.05533	0.02026	0.01416	0.15617	0.40298	0.03721	0.09154	0.03104	0.02728	0.01127	0.00854	0.00271	0.00716	0.00940	0.00809	0.01266
16	0.05117	0.01767	0.05089	0.14571	0.13691	0.01852	0.01761	0.06091	0.24586	0.03003	0.02618	0.06281	0.02218	0.01147	0.00860	0.00283	0.00837	0.06449	0.00635	0.01145
17	0.02189	0.01845	0.01947	0.01715	0.02207	0.02123	0.01344	0.10959	0.57378	0.03672	0.03226	0.02976	0.02410	0.01113	0.00844	0.00278	0.00686	0.00918	0.00844	0.01326
18	0.01695	0.01447	0.01693	0.01228	0.01939	0.01090	0.00976	0.02055	0.01717	0.02684	0.01598	0.04411	0.01398	0.00693	0.00633	0.00131	0.00610	0.00566	0.00503	0.72933
19	0.01045	0.00748	0.00993	0.01135	0.01212	0.00696	0.00774	0.01239	0.01742	0.02362	0.16652	0.57502	0.05961	0.02423	0.01044	0.00322	0.00464	0.02190	0.00800	0.00696
20	0.01230	0.00951	0.01390	0.01370	0.01494	0.01128	0.01058	0.01494	0.01335	0.01925	0.02267	0.06388	0.02210	0.09266	0.55772	0.01182	0.07380	0.00963	0.00457	0.00739
21	0.01878	0.01521	0.01773	0.01277	0.02008	0.01193	0.01026	0.05519	0.01868	0.05272	0.01574	0.01780	0.01272	0.00652	0.00636	0.00135	0.00635	0.00519	0.00531	0.68929
