[name]
unknown

[dist]
# distance from previous block
# <min> <max>
0	66

[block]
# block no. 0 follows, 25 sequences, length 15
# corresponding to MSA columns:
# 66-80
name=unknown_A
#
# <colnr> <probs for GDERKNQSTAVLIFYWHMCP>
#	G	D	E	R	K	N	Q	S	T	A	V	L	I	F	Y	W	H	M	C	P
0	0.01249	0.00892	0.01249	0.01428	0.01606	0.00892	0.01249	0.01606	0.01785	0.02320	0.04105	0.08746	0.04462	0.02142	0.01071	0.00357	0.00714	0.62695	0.00714	0.00714
1	0.00945	0.00675	0.00900	0.01080	0.01125	0.00630	0.00720	0.01080	0.01484	0.01979	0.04274	0.72245	0.05128	0.02429	0.00990	0.00315	0.00450	0.02204	0.00720	0.00630
2	0.01464	0.01378	0.02326	0.70887	0.05340	0.01723	0.02153	0.01981	0.01550	0.01981	0.01378	0.02067	0.01034	0.00775	0.00775	0.00258	0.01034	0.00689	0.00345	0.00861
3	0.01464	0.01378	0.02326	0.70887	0.05340	0.01723	0.02153	0.01981	0.01550	0.01981	0.01378	0.02067	0.01034	0.00775	0.00775	0.00258	0.01034	0.00689	0.00345	0.00861
4	0.01731	0.01651	0.02808	0.32039	0.42100	0.01793	0.02286	0.02215	0.01677	0.02305	0.01425	0.01980	0.01148	0.00726	0.00771	0.00242	0.00968	0.00690	0.00368	0.01077
5	0.01711	0.01444	0.01662	0.01212	0.01883	0.01168	0.00970	0.06133	0.05131	0.02715	0.01502	0.01691	0.01223	0.00622	0.00598	0.00130	0.00594	0.00497	0.00497	0.68616
6	0.02947	0.02172	0.02327	0.01784	0.02404	0.02404	0.01474	0.65329	0.03646	0.04887	0.01862	0.01862	0.01319	0.00931	0.00776	0.00233	0.00853	0.00698	0.00776	0.01319
7	0.02896	0.03695	0.02197	0.01998	0.02397	0.69638	0.01498	0.03096	0.02197	0.01898	0.01199	0.01398	0.00999	0.00799	0.00699	0.00200	0.01398	0.00499	0.00400	0.00899
8	0.03329	0.01286	0.01752	0.01354	0.01928	0.01114	0.01114	0.03633	0.02218	0.64351	0.07102	0.02837	0.02258	0.00999	0.00788	0.00240	0.00641	0.00819	0.00953	0.01283
9	0.02947	0.02172	0.02327	0.01784	0.02404	0.02404	0.01474	0.65329	0.03646	0.04887	0.01862	0.01862	0.01319	0.00931	0.00776	0.00233	0.00853	0.00698	0.00776	0.01319
10	0.01588	0.08353	0.64676	0.02155	0.03270	0.01880	0.02768	0.02447	0.01633	0.02416	0.01372	0.01612	0.00983	0.00732	0.00722	0.00241	0.01126	0.00563	0.00328	0.01136
11	0.01919	0.01842	0.03147	0.04759	0.67914	0.01842	0.02380	0.02380	0.01765	0.02533	0.01458	0.01919	0.01228	0.00691	0.00768	0.00230	0.00921	0.00691	0.00384	0.01228
12	0.01592	0.08877	0.64186	0.02148	0.03260	0.01890	0.02757	0.02446	0.01633	0.02411	0.01369	0.01609	0.00983	0.00731	0.00720	0.00240	0.01124	0.00562	0.00328	0.01135
13	0.01812	0.02000	0.04172	0.03130	0.07620	0.01854	0.54488	0.02421	0.01802	0.02491	0.01542	0.02029	0.01177	0.00647	0.00870	0.00244	0.01206	0.00853	0.00399	0.09243
14	0.07126	0.01553	0.05566	0.01396	0.01811	0.06069	0.03568	0.04931	0.12384	0.12232	0.29993	0.03726	0.04037	0.01186	0.00815	0.00243	0.00637	0.01005	0.00748	0.00971

[dist]
# distance from previous block
# <min> <max>
1	7

[block]
# block no. 1 follows, 25 sequences, length 18
# corresponding to MSA columns:
# 88-105
name=unknown_B
#
# <colnr> <probs for GDERKNQSTAVLIFYWHMCP>
#	G	D	E	R	K	N	Q	S	T	A	V	L	I	F	Y	W	H	M	C	P
0	0.01909	0.01871	0.03313	0.04586	0.60516	0.01856	0.09645	0.02392	0.01773	0.02527	0.01471	0.01939	0.01222	0.00687	0.00785	0.00234	0.00966	0.00717	0.00385	0.01207
1	0.01919	0.01842	0.03147	0.04759	0.67914	0.01842	0.02380	0.02380	0.01765	0.02533	0.01458	0.01919	0.01228	0.00691	0.00768	0.00230	0.00921	0.00691	0.00384	0.01228
2	0.01919	0.01842	0.03147	0.04759	0.67914	0.01842	0.02380	0.02380	0.01765	0.02533	0.01458	0.01919	0.01228	0.00691	0.00768	0.00230	0.00921	0.00691	0.00384	0.01228
3	0.01056	0.00816	0.01154	0.01491	0.08857	0.00771	0.00905	0.01232	0.01531	0.02049	0.04128	0.60824	0.07834	0.02204	0.00960	0.00302	0.00502	0.02000	0.00681	0.00700
4	0.02125	0.01748	0.01868	0.01575	0.02085	0.01934	0.01248	0.17906	0.44578	0.03537	0.02653	0.02507	0.01985	0.00969	0.00761	0.00239	0.00664	0.00787	0.00748	0.10082
5	0.00945	0.00675	0.00900	0.01080	0.01125	0.00630	0.00720	0.01080	0.01484	0.01979	0.04274	0.72245	0.05128	0.02429	0.00990	0.00315	0.00450	0.02204	0.00720	0.00630
6	0.01830	0.02092	0.04575	0.03268	0.04052	0.01961	0.65098	0.02484	0.01830	0.02484	0.01569	0.02092	0.01176	0.00654	0.00915	0.00261	0.01307	0.00915	0.00392	0.01046
7	0.01464	0.01378	0.02326	0.70887	0.05340	0.01723	0.02153	0.01981	0.01550	0.01981	0.01378	0.02067	0.01034	0.00775	0.00775	0.00258	0.01034	0.00689	0.00345	0.00861
8	0.02947	0.02172	0.02327	0.01784	0.02404	0.02404	0.01474	0.65329	0.03646	0.04887	0.01862	0.01862	0.01319	0.00931	0.00776	0.00233	0.00853	0.00698	0.00776	0.01319
9	0.03006	0.02150	0.02259	0.01748	0.02355	0.05656	0.01436	0.55054	0.03407	0.12099	0.01967	0.01928	0.01372	0.00927	0.00772	0.00232	0.00858	0.00697	0.00778	0.01297
10	0.02947	0.02172	0.02327	0.01784	0.02404	0.02404	0.01474	0.65329	0.03646	0.04887	0.01862	0.01862	0.01319	0.00931	0.00776	0.00233	0.00853	0.00698	0.00776	0.01319
11	0.01128	0.00752	0.00846	0.00846	0.00846	0.00752	0.00470	0.01128	0.01128	0.01503	0.02443	0.05074	0.02819	0.72751	0.03946	0.00752	0.00752	0.01128	0.00470	0.00470
12	0.01919	0.01842	0.03147	0.04759	0.67914	0.01842	0.02380	0.02380	0.01765	0.02533	0.01458	0.01919	0.01228	0.00691	0.00768	0.00230	0.00921	0.00691	0.00384	0.01228
13	0.02073	0.73217	0.04063	0.01327	0.01990	0.03068	0.01327	0.02322	0.01575	0.01824	0.01078	0.01244	0.00995	0.00663	0.00498	0.00166	0.00829	0.00415	0.00332	0.00995
14	0.01128	0.00752	0.00846	0.00846	0.00846	0.00752	0.00470	0.01128	0.01128	0.01503	0.02443	0.05074	0.02819	0.72751	0.03946	0.00752	0.00752	0.01128	0.00470	0.00470
15	0.01214	0.00881	0.01200	0.01360	0.01547	0.00867	0.01180	0.01554	0.01783	0.02297	0.04502	0.08610	0.11143	0.02123	0.01055	0.00347	0.00680	0.56235	0.00715	0.00708
16	0.01919	0.01842	0.03147	0.04759	0.67914	0.01842	0.02380	0.02380	0.01765	0.02533	0.01458	0.01919	0.01228	0.00691	0.00768	0.00230	0.00921	0.00691	0.00384	0.01228
17	0.01980	0.01809	0.02124	0.01718	0.02068	0.05894	0.01408	0.14184	0.01846	0.02648	0.01299	0.01684	0.01114	0.01007	0.01503	0.00243	0.32391	0.00606	0.00463	0.24010

[dist]
# distance from previous block
# <min> <max>
7	9

[block]
# block no. 2 follows, 25 sequences, length 11
# corresponding to MSA columns:
# 115-125
name=unknown_C
#
# <colnr> <probs for GDERKNQSTAVLIFYWHMCP>
#	G	D	E	R	K	N	Q	S	T	A	V	L	I	F	Y	W	H	M	C	P
0	0.01893	0.01696	0.02688	0.07396	0.46166	0.01647	0.01981	0.02387	0.03997	0.05133	0.01560	0.01926	0.01268	0.00695	0.00730	0.00210	0.00836	0.00654	0.00434	0.16703
1	0.01612	0.11623	0.61620	0.02113	0.03206	0.01940	0.02696	0.02441	0.01630	0.02386	0.01357	0.01594	0.00984	0.00729	0.00710	0.00237	0.01111	0.00556	0.00328	0.01129
2	0.05939	0.00897	0.01011	0.00955	0.01136	0.00833	0.00635	0.01345	0.01364	0.01983	0.04913	0.17202	0.06747	0.35732	0.02299	0.00479	0.00620	0.01209	0.00543	0.14157
3	0.02141	0.01870	0.01767	0.01543	0.01989	0.12604	0.01195	0.07585	0.33282	0.07962	0.05238	0.07177	0.02299	0.01060	0.00769	0.00236	0.00735	0.00863	0.00702	0.08983
4	0.00975	0.00687	0.00891	0.01041	0.01079	0.00650	0.00678	0.01088	0.01426	0.01901	0.03971	0.61147	0.04747	0.14048	0.01478	0.00387	0.00500	0.02026	0.00678	0.00603
5	0.07418	0.29886	0.35003	0.01776	0.02642	0.06803	0.02047	0.02435	0.01628	0.02255	0.01238	0.01445	0.00978	0.00712	0.00625	0.00212	0.01004	0.00497	0.00345	0.01050
6	0.01538	0.03718	0.61624	0.02148	0.03180	0.01785	0.02701	0.02367	0.01592	0.02389	0.01410	0.01717	0.01036	0.01046	0.04589	0.00305	0.04824	0.00592	0.00333	0.01106
7	0.04581	0.02288	0.02023	0.01704	0.02175	0.21279	0.01347	0.16061	0.16063	0.10214	0.01955	0.01985	0.01467	0.00920	0.00868	0.00229	0.06285	0.00660	0.00624	0.07271
8	0.05553	0.00886	0.01097	0.01069	0.01281	0.00839	0.00789	0.03514	0.01919	0.09517	0.29442	0.28390	0.09191	0.01771	0.00899	0.00269	0.00455	0.01557	0.00787	0.00776
9	0.04744	0.01315	0.04194	0.01233	0.01700	0.01105	0.00998	0.05892	0.01877	0.25744	0.07166	0.07266	0.02403	0.13688	0.01308	0.00309	0.00652	0.00883	0.00695	0.16827
10	0.06110	0.17693	0.51887	0.01964	0.02975	0.02050	0.02440	0.02419	0.01606	0.02389	0.01311	0.01537	0.00976	0.00721	0.00674	0.00229	0.01051	0.00532	0.00337	0.01098

[dist]
# distance from previous block
# <min> <max>
0	4

[block]
# block no. 3 follows, 25 sequences, length 9
# corresponding to MSA columns:
# 130-138
name=unknown_D
#
# <colnr> <probs for GDERKNQSTAVLIFYWHMCP>
#	G	D	E	R	K	N	Q	S	T	A	V	L	I	F	Y	W	H	M	C	P
0	0.07951	0.01458	0.01759	0.01432	0.01910	0.01486	0.03721	0.09240	0.16896	0.14871	0.14243	0.02877	0.02688	0.01019	0.00824	0.00231	0.03261	0.00834	0.00724	0.12575
1	0.01893	0.01569	0.07478	0.01723	0.02233	0.01329	0.12930	0.02363	0.03848	0.16088	0.14439	0.07786	0.02857	0.01122	0.00958	0.00245	0.06160	0.02939	0.00640	0.11402
2	0.01594	0.03770	0.61853	0.02145	0.03218	0.01814	0.02697	0.02626	0.08301	0.02536	0.01573	0.01766	0.01124	0.00769	0.00742	0.00247	0.01091	0.00604	0.00375	0.01154
3	0.01899	0.29721	0.34268	0.01919	0.02789	0.09082	0.05685	0.02471	0.01681	0.02165	0.01265	0.01492	0.01000	0.00711	0.00654	0.00212	0.01062	0.00526	0.00340	0.01059
4	0.10416	0.01656	0.01838	0.01470	0.02006	0.01738	0.01195	0.26609	0.11215	0.19177	0.08858	0.02506	0.02149	0.00981	0.00752	0.00234	0.00687	0.00772	0.00783	0.04960
5	0.39112	0.01491	0.07919	0.01172	0.01613	0.01362	0.01055	0.02066	0.01678	0.05750	0.20813	0.03254	0.03067	0.01094	0.00690	0.00251	0.00597	0.05556	0.00611	0.00848
6	0.01919	0.01842	0.03147	0.04759	0.67914	0.01842	0.02380	0.02380	0.01765	0.02533	0.01458	0.01919	0.01228	0.00691	0.00768	0.00230	0.00921	0.00691	0.00384	0.01228
7	0.08737	0.02198	0.02228	0.01767	0.02296	0.07949	0.01448	0.48827	0.03096	0.04224	0.01660	0.01759	0.01224	0.00946	0.00923	0.00241	0.07942	0.00658	0.00677	0.01199
8	0.45718	0.01740	0.01715	0.01589	0.06897	0.01981	0.01193	0.21428	0.02054	0.03754	0.01343	0.01515	0.01024	0.00813	0.00694	0.00242	0.04191	0.00538	0.00555	0.01015

[dist]
# distance from previous block
# <min> <max>
2	6

[block]
# block no. 4 follows, 25 sequences, length 33
# corresponding to MSA columns:
# 145-177
name=unknown_E
#
# <colnr> <probs for GDERKNQSTAVLIFYWHMCP>
#	G	D	E	R	K	N	Q	S	T	A	V	L	I	F	Y	W	H	M	C	P
0	0.01993	0.01845	0.03010	0.08845	0.57161	0.01891	0.02273	0.08697	0.01941	0.02734	0.01494	0.01923	0.01224	0.00721	0.00769	0.00232	0.00922	0.00691	0.00421	0.01213
1	0.01347	0.00673	0.01010	0.01010	0.01010	0.00673	0.00673	0.01010	0.01010	0.01347	0.01347	0.02357	0.01347	0.02694	0.03030	0.77441	0.00673	0.00673	0.00337	0.00337
2	0.01464	0.01378	0.02326	0.70887	0.05340	0.01723	0.02153	0.01981	0.01550	0.01981	0.01378	0.02067	0.01034	0.00775	0.00775	0.00258	0.01034	0.00689	0.00345	0.00861
3	0.02710	0.02815	0.02146	0.02077	0.08205	0.42589	0.01477	0.07614	0.02175	0.10923	0.01604	0.01807	0.01258	0.01319	0.07583	0.00314	0.01284	0.00602	0.00502	0.00995
4	0.01087	0.00792	0.01022	0.00964	0.01152	0.00727	0.00723	0.01443	0.02170	0.03051	0.64062	0.05888	0.10796	0.01607	0.00915	0.00245	0.00367	0.01416	0.00846	0.00727
5	0.00916	0.00785	0.00785	0.00785	0.01047	0.00655	0.00589	0.01113	0.01767	0.02095	0.07855	0.07462	0.67599	0.01964	0.00916	0.00262	0.00393	0.01636	0.00720	0.00655
6	0.02744	0.02160	0.02207	0.01756	0.02328	0.06192	0.01427	0.49720	0.15904	0.04391	0.02077	0.02037	0.01506	0.00947	0.00774	0.00237	0.00838	0.00722	0.00757	0.01276
7	0.01464	0.01378	0.02326	0.70887	0.05340	0.01723	0.02153	0.01981	0.01550	0.01981	0.01378	0.02067	0.01034	0.00775	0.00775	0.00258	0.01034	0.00689	0.00345	0.00861
8	0.01929	0.01666	0.01753	0.01578	0.02016	0.01929	0.01227	0.04120	0.66513	0.03243	0.03156	0.02893	0.02367	0.01052	0.00789	0.00263	0.00614	0.00877	0.00789	0.01227
9	0.01216	0.00882	0.01203	0.01364	0.01551	0.00869	0.01184	0.01557	0.01783	0.02298	0.04478	0.08618	0.10742	0.02124	0.01056	0.00348	0.00682	0.56622	0.00715	0.00708
10	0.01929	0.01666	0.01753	0.01578	0.02016	0.01929	0.01227	0.04120	0.66513	0.03243	0.03156	0.02893	0.02367	0.01052	0.00789	0.00263	0.00614	0.00877	0.00789	0.01227
11	0.01464	0.01378	0.02326	0.70887	0.05340	0.01723	0.02153	0.01981	0.01550	0.01981	0.01378	0.02067	0.01034	0.00775	0.00775	0.00258	0.01034	0.00689	0.00345	0.00861
12	0.01889	0.01811	0.03093	0.09145	0.63764	0.01834	0.02365	0.02353	0.01751	0.02496	0.01453	0.01929	0.01215	0.00696	0.00768	0.00232	0.00929	0.00691	0.00381	0.01204
13	0.02025	0.01867	0.01797	0.01620	0.02054	0.08664	0.01254	0.04018	0.60116	0.03110	0.02961	0.02744	0.02231	0.01027	0.00780	0.00257	0.00692	0.00839	0.00750	0.01195
14	0.02947	0.02172	0.02327	0.01784	0.02404	0.02404	0.01474	0.65329	0.03646	0.04887	0.01862	0.01862	0.01319	0.00931	0.00776	0.00233	0.00853	0.00698	0.00776	0.01319
15	0.01919	0.01842	0.03147	0.04759	0.67914	0.01842	0.02380	0.02380	0.01765	0.02533	0.01458	0.01919	0.01228	0.00691	0.00768	0.00230	0.00921	0.00691	0.00384	0.01228
16	0.01274	0.00941	0.01310	0.05169	0.01798	0.00970	0.01265	0.01712	0.04778	0.02324	0.03924	0.12005	0.04220	0.02035	0.01037	0.00345	0.00710	0.52746	0.00698	0.00741
17	0.01243	0.00825	0.01083	0.01000	0.01209	0.00757	0.00757	0.01605	0.02196	0.07115	0.63554	0.05599	0.06985	0.01547	0.00906	0.00244	0.00384	0.01364	0.00860	0.00768
18	0.01830	0.02092	0.04575	0.03268	0.04052	0.01961	0.65098	0.02484	0.01830	0.02484	0.01569	0.02092	0.01176	0.00654	0.00915	0.00261	0.01307	0.00915	0.00392	0.01046
19	0.01919	0.01842	0.03147	0.04759	0.67914	0.01842	0.02380	0.02380	0.01765	0.02533	0.01458	0.01919	0.01228	0.00691	0.00768	0.00230	0.00921	0.00691	0.00384	0.01228
20	0.03010	0.01262	0.01679	0.01331	0.01856	0.01129	0.01083	0.03446	0.06480	0.54094	0.12960	0.03140	0.02778	0.01062	0.00801	0.00242	0.00612	0.00882	0.00932	0.01223
21	0.00945	0.00675	0.00900	0.01080	0.01125	0.00630	0.00720	0.01080	0.01484	0.01979	0.04274	0.72245	0.05128	0.02429	0.00990	0.00315	0.00450	0.02204	0.00720	0.00630
22	0.03386	0.01380	0.01826	0.01410	0.02004	0.01241	0.01161	0.07120	0.04968	0.62305	0.02998	0.02608	0.01905	0.00962	0.00780	0.00240	0.00668	0.00779	0.00943	0.01316
23	0.01555	0.04011	0.68733	0.02210	0.03356	0.01801	0.02865	0.02455	0.01637	0.02455	0.01391	0.01637	0.00982	0.00737	0.00737	0.00246	0.01146	0.00573	0.00327	0.01146
24	0.01555	0.04011	0.68733	0.02210	0.03356	0.01801	0.02865	0.02455	0.01637	0.02455	0.01391	0.01637	0.00982	0.00737	0.00737	0.00246	0.01146	0.00573	0.00327	0.01146
25	0.78228	0.01499	0.01140	0.01020	0.01499	0.01739	0.00840	0.02279	0.01320	0.03479	0.01080	0.01260	0.00840	0.00720	0.00480	0.00240	0.00600	0.00420	0.00480	0.00840
26	0.26926	0.03702	0.01365	0.01143	0.01545	0.03555	0.00899	0.05889	0.01727	0.09255	0.04906	0.16978	0.09197	0.01257	0.00711	0.00241	0.00592	0.01009	0.00623	0.08481
27	0.01602	0.18048	0.48558	0.01914	0.02850	0.01947	0.02332	0.02291	0.01609	0.02277	0.01613	0.08579	0.01397	0.00890	0.00712	0.00236	0.01011	0.00702	0.00367	0.01063
28	0.02792	0.05755	0.02638	0.01908	0.02547	0.02394	0.07795	0.55893	0.03360	0.04493	0.01793	0.01853	0.01288	0.00890	0.00775	0.00232	0.00897	0.00705	0.00715	0.01275
29	0.66857	0.01503	0.01231	0.01074	0.01557	0.01712	0.00883	0.06248	0.01521	0.06827	0.01283	0.01429	0.00968	0.00752	0.00516	0.00237	0.00609	0.00467	0.03437	0.00889
30	0.01611	0.11487	0.61747	0.02115	0.03208	0.01938	0.02699	0.02441	0.01630	0.02387	0.01358	0.01595	0.00984	0.00729	0.00711	0.00237	0.01112	0.00556	0.00328	0.01130
31	0.01893	0.30417	0.37281	0.01828	0.02736	0.02348	0.02135	0.08658	0.01813	0.02455	0.01318	0.01508	0.01021	0.00728	0.00649	0.00214	0.00995	0.00525	0.00374	0.01105
32	0.24599	0.01325	0.01368	0.01272	0.01606	0.01441	0.00994	0.18050	0.02017	0.03205	0.02683	0.27657	0.02809	0.01508	0.00789	0.00275	0.00620	0.06243	0.00662	0.00877

[dist]
# distance from previous block
# <min> <max>
8	16

[block]
# block no. 5 follows, 25 sequences, length 20
# corresponding to MSA columns:
# 194-213
name=unknown_F
#
# <colnr> <probs for GDERKNQSTAVLIFYWHMCP>
#	G	D	E	R	K	N	Q	S	T	A	V	L	I	F	Y	W	H	M	C	P
0	0.09565	0.01356	0.01629	0.01367	0.01852	0.01320	0.01111	0.09016	0.08910	0.30923	0.02860	0.09160	0.02313	0.01175	0.00787	0.00251	0.00649	0.07779	0.00791	0.07185
1	0.69860	0.01479	0.01213	0.01060	0.01553	0.01672	0.00873	0.02447	0.01420	0.10752	0.01301	0.01414	0.00961	0.00747	0.00513	0.00240	0.00607	0.00460	0.00534	0.00893
2	0.01982	0.02567	0.11306	0.02990	0.06005	0.13302	0.45186	0.02580	0.01868	0.02384	0.01483	0.01918	0.01127	0.00689	0.00853	0.00248	0.01290	0.00799	0.00386	0.01039
3	0.01464	0.01378	0.02326	0.70887	0.05340	0.01723	0.02153	0.01981	0.01550	0.01981	0.01378	0.02067	0.01034	0.00775	0.00775	0.00258	0.01034	0.00689	0.00345	0.00861
4	0.01918	0.01703	0.01730	0.01587	0.01999	0.05478	0.01244	0.03832	0.57057	0.03086	0.03138	0.03354	0.02487	0.01139	0.00810	0.00268	0.00665	0.06581	0.00761	0.01162
5	0.02947	0.02172	0.02327	0.01784	0.02404	0.02404	0.01474	0.65329	0.03646	0.04887	0.01862	0.01862	0.01319	0.00931	0.00776	0.00233	0.00853	0.00698	0.00776	0.01319
6	0.01275	0.01031	0.01525	0.01343	0.01616	0.01000	0.08045	0.01841	0.08060	0.02956	0.46461	0.05468	0.05824	0.01499	0.00922	0.00261	0.00536	0.08747	0.00779	0.00811
7	0.01584	0.00857	0.00871	0.00821	0.01042	0.00878	0.00628	0.07689	0.01813	0.03076	0.02468	0.02795	0.01925	0.00906	0.00564	0.00185	0.00407	0.00720	0.69991	0.00778
8	0.02947	0.02172	0.02327	0.01784	0.02404	0.02404	0.01474	0.65329	0.03646	0.04887	0.01862	0.01862	0.01319	0.00931	0.00776	0.00233	0.00853	0.00698	0.00776	0.01319
9	0.02212	0.01965	0.01847	0.01603	0.02029	0.11354	0.01238	0.17920	0.35556	0.03244	0.02501	0.02688	0.01982	0.09014	0.01127	0.00302	0.00794	0.00810	0.00696	0.01118
10	0.48320	0.10022	0.12856	0.01340	0.01967	0.01974	0.01304	0.09532	0.01667	0.03284	0.01221	0.01390	0.00936	0.00740	0.00558	0.00232	0.00745	0.00477	0.00472	0.00963
11	0.02947	0.02172	0.02327	0.01784	0.02404	0.02404	0.01474	0.65329	0.03646	0.04887	0.01862	0.01862	0.01319	0.00931	0.00776	0.00233	0.00853	0.00698	0.00776	0.01319
12	0.05466	0.03883	0.65286	0.02149	0.03261	0.01798	0.02761	0.02447	0.01621	0.02508	0.01376	0.01618	0.00975	0.00736	0.00724	0.00245	0.01118	0.00565	0.00335	0.01130
13	0.01939	0.55336	0.20772	0.01555	0.02343	0.02741	0.01724	0.02356	0.01591	0.01987	0.01159	0.01345	0.00992	0.00682	0.00559	0.00186	0.00911	0.00456	0.00331	0.01034
14	0.02337	0.01625	0.01803	0.01549	0.02035	0.01790	0.01225	0.08304	0.48142	0.17554	0.03045	0.02766	0.02196	0.01023	0.00786	0.00256	0.00640	0.00843	0.00825	0.01254
15	0.03861	0.01161	0.01338	0.01248	0.01551	0.01213	0.00974	0.05632	0.20555	0.06112	0.24018	0.10186	0.09861	0.01498	0.00874	0.00267	0.00527	0.07415	0.00789	0.00919
16	0.01892	0.01707	0.02001	0.01582	0.02013	0.04776	0.01291	0.11255	0.01790	0.02619	0.01318	0.01666	0.01122	0.00903	0.01280	0.00212	0.24740	0.00571	0.00462	0.36801
17	0.02811	0.02089	0.02206	0.01693	0.02312	0.04793	0.01389	0.51886	0.03265	0.07905	0.01841	0.01854	0.01318	0.00884	0.00748	0.00217	0.00830	0.00666	0.00732	0.10559
18	0.01678	0.01323	0.01594	0.01206	0.01789	0.01074	0.00957	0.01990	0.01616	0.07025	0.01756	0.08534	0.01581	0.00823	0.00735	0.00155	0.04377	0.00663	0.00513	0.60612
19	0.01045	0.00779	0.00951	0.00980	0.01125	0.00727	0.00692	0.01331	0.03952	0.02402	0.27394	0.27184	0.17422	0.08939	0.01234	0.00321	0.00444	0.01658	0.00745	0.00675

[dist]
# distance from previous block
# <min> <max>
0	1

[block]
# block no. 6 follows, 25 sequences, length 23
# corresponding to MSA columns:
# 215-237
name=unknown_G
#
# <colnr> <probs for GDERKNQSTAVLIFYWHMCP>
#	G	D	E	R	K	N	Q	S	T	A	V	L	I	F	Y	W	H	M	C	P
0	0.01462	0.01301	0.02137	0.62611	0.04817	0.01605	0.01963	0.01960	0.01559	0.02088	0.01514	0.02164	0.01146	0.00790	0.00748	0.00249	0.00954	0.00693	0.09393	0.00845
1	0.01813	0.02037	0.04347	0.03105	0.03882	0.01889	0.60160	0.02443	0.01813	0.02487	0.01554	0.02054	0.01174	0.00647	0.00889	0.00250	0.01251	0.00880	0.00397	0.06928
2	0.00964	0.00689	0.00888	0.01038	0.01089	0.00645	0.00685	0.01087	0.01458	0.01931	0.04241	0.61372	0.07951	0.10438	0.01324	0.00362	0.00481	0.02053	0.00691	0.00613
3	0.02947	0.02172	0.02327	0.01784	0.02404	0.02404	0.01474	0.65329	0.03646	0.04887	0.01862	0.01862	0.01319	0.00931	0.00776	0.00233	0.00853	0.00698	0.00776	0.01319
4	0.62452	0.01499	0.01302	0.01113	0.01619	0.01669	0.00918	0.05314	0.01572	0.14363	0.01444	0.01516	0.01041	0.00769	0.00543	0.00240	0.00621	0.00492	0.00573	0.00941
5	0.02264	0.01743	0.01586	0.01338	0.01728	0.11489	0.01058	0.27629	0.02525	0.03551	0.02065	0.02257	0.01573	0.00899	0.00659	0.00204	0.00712	0.00680	0.35052	0.00989
6	0.36726	0.01831	0.01770	0.01423	0.01979	0.02048	0.01174	0.34235	0.02537	0.07171	0.01566	0.01627	0.01131	0.00837	0.00643	0.00236	0.00731	0.00577	0.00651	0.01104
7	0.02073	0.73217	0.04063	0.01327	0.01990	0.03068	0.01327	0.02322	0.01575	0.01824	0.01078	0.01244	0.00995	0.00663	0.00498	0.00166	0.00829	0.00415	0.00332	0.00995
8	0.01464	0.01378	0.02326	0.70887	0.05340	0.01723	0.02153	0.01981	0.01550	0.01981	0.01378	0.02067	0.01034	0.00775	0.00775	0.00258	0.01034	0.00689	0.00345	0.00861
9	0.01816	0.02049	0.04340	0.03136	0.03837	0.02005	0.58320	0.02418	0.01761	0.02418	0.01510	0.02049	0.01160	0.00729	0.01089	0.00270	0.08794	0.00890	0.00387	0.01025
10	0.02947	0.02172	0.02327	0.01784	0.02404	0.02404	0.01474	0.65329	0.03646	0.04887	0.01862	0.01862	0.01319	0.00931	0.00776	0.00233	0.00853	0.00698	0.00776	0.01319
11	0.00961	0.00687	0.00914	0.01068	0.01128	0.00641	0.00721	0.01121	0.01560	0.02100	0.11034	0.65140	0.05362	0.02339	0.00982	0.00307	0.00441	0.02118	0.00734	0.00641
12	0.02073	0.73217	0.04063	0.01327	0.01990	0.03068	0.01327	0.02322	0.01575	0.01824	0.01078	0.01244	0.00995	0.00663	0.00498	0.00166	0.00829	0.00415	0.00332	0.00995
13	0.02947	0.02172	0.02327	0.01784	0.02404	0.02404	0.01474	0.65329	0.03646	0.04887	0.01862	0.01862	0.01319	0.00931	0.00776	0.00233	0.00853	0.00698	0.00776	0.01319
14	0.78228	0.01499	0.01140	0.01020	0.01499	0.01739	0.00840	0.02279	0.01320	0.03479	0.01080	0.01260	0.00840	0.00720	0.00480	0.00240	0.00600	0.00420	0.00480	0.00840
15	0.01148	0.00804	0.01111	0.01111	0.01227	0.00900	0.00825	0.01379	0.01263	0.01858	0.02197	0.03428	0.02117	0.18449	0.49364	0.01035	0.01633	0.00878	0.08620	0.00652
16	0.02437	0.01679	0.01782	0.01423	0.01894	0.01833	0.01157	0.43743	0.02959	0.04208	0.02088	0.02211	0.01546	0.00921	0.00696	0.00215	0.00686	0.00706	0.26697	0.01116
17	0.01944	0.02263	0.04321	0.03132	0.03875	0.09196	0.58298	0.02549	0.01869	0.02421	0.01529	0.02017	0.01157	0.00669	0.00892	0.00255	0.01317	0.00871	0.00393	0.01030
18	0.01464	0.01378	0.02326	0.70887	0.05340	0.01723	0.02153	0.01981	0.01550	0.01981	0.01378	0.02067	0.01034	0.00775	0.00775	0.00258	0.01034	0.00689	0.00345	0.00861
19	0.02073	0.73217	0.04063	0.01327	0.01990	0.03068	0.01327	0.02322	0.01575	0.01824	0.01078	0.01244	0.00995	0.00663	0.00498	0.00166	0.00829	0.00415	0.00332	0.00995
20	0.02947	0.02172	0.02327	0.01784	0.02404	0.02404	0.01474	0.65329	0.03646	0.04887	0.01862	0.01862	0.01319	0.00931	0.00776	0.00233	0.00853	0.00698	0.00776	0.01319
21	0.01249	0.00892	0.01249	0.01428	0.01606	0.00892	0.01249	0.01606	0.01785	0.02320	0.04105	0.08746	0.04462	0.02142	0.01071	0.00357	0.00714	0.62695	0.00714	0.00714
22	0.01572	0.06969	0.05426	0.54322	0.12908	0.01843	0.02150	0.02078	0.01583	0.02059	0.01366	0.01968	0.01053	0.00754	0.00752	0.00247	0.01009	0.00664	0.00348	0.00930

[dist]
# distance from previous block
# <min> <max>
1	7

[block]
# block no. 7 follows, 25 sequences, length 78
# corresponding to MSA columns:
# 245-322
name=unknown_H
#
# <colnr> <probs for GDERKNQSTAVLIFYWHMCP>
#	G	D	E	R	K	N	Q	S	T	A	V	L	I	F	Y	W	H	M	C	P
0	0.02440	0.01837	0.01949	0.01553	0.02115	0.05095	0.01247	0.28998	0.14355	0.10005	0.02191	0.05260	0.01691	0.00943	0.00742	0.00216	0.00741	0.00748	0.00709	0.17166
1	0.01109	0.00826	0.01223	0.01223	0.01353	0.00957	0.00940	0.01370	0.01239	0.01783	0.02098	0.03164	0.01990	0.09718	0.65845	0.01217	0.02000	0.00848	0.00419	0.00679
2	0.02421	0.06774	0.02106	0.01765	0.02196	0.33485	0.01378	0.07756	0.24534	0.02598	0.02087	0.02369	0.01697	0.00966	0.00746	0.00231	0.01014	0.04265	0.00576	0.01037
3	0.78228	0.01499	0.01140	0.01020	0.01499	0.01739	0.00840	0.02279	0.01320	0.03479	0.01080	0.01260	0.00840	0.00720	0.00480	0.00240	0.00600	0.00420	0.00480	0.00840
4	0.01608	0.01378	0.01608	0.01148	0.01837	0.01034	0.00919	0.01952	0.01608	0.02527	0.01378	0.01608	0.01148	0.00574	0.00574	0.00115	0.00574	0.00459	0.00459	0.77491
5	0.01128	0.00752	0.00846	0.00846	0.00846	0.00752	0.00470	0.01128	0.01128	0.01503	0.02443	0.05074	0.02819	0.72751	0.03946	0.00752	0.00752	0.01128	0.00470	0.00470
6	0.01445	0.00723	0.00723	0.00723	0.00903	0.00723	0.00542	0.01807	0.01626	0.02891	0.02529	0.02891	0.01987	0.00903	0.00542	0.00181	0.00361	0.00723	0.77055	0.00723
7	0.78228	0.01499	0.01140	0.01020	0.01499	0.01739	0.00840	0.02279	0.01320	0.03479	0.01080	0.01260	0.00840	0.00720	0.00480	0.00240	0.00600	0.00420	0.00480	0.00840
8	0.01464	0.01378	0.02326	0.70887	0.05340	0.01723	0.02153	0.01981	0.01550	0.01981	0.01378	0.02067	0.01034	0.00775	0.00775	0.00258	0.01034	0.00689	0.00345	0.00861
9	0.03479	0.01320	0.01799	0.01380	0.01979	0.01140	0.01140	0.03779	0.02219	0.68451	0.03059	0.02639	0.01919	0.00960	0.00780	0.00240	0.00660	0.00780	0.00960	0.01320
10	0.01146	0.01055	0.05047	0.16147	0.02170	0.00968	0.01153	0.01490	0.01765	0.02416	0.26436	0.29061	0.04808	0.01672	0.00902	0.00273	0.00584	0.01496	0.00666	0.00745
11	0.01097	0.00793	0.01036	0.00975	0.01158	0.00732	0.00732	0.01463	0.02195	0.03109	0.67505	0.05792	0.07316	0.01585	0.00914	0.00244	0.00366	0.01402	0.00854	0.00732
12	0.01651	0.01643	0.02282	0.01963	0.01978	0.02275	0.01632	0.01822	0.01221	0.01879	0.01416	0.02032	0.04899	0.01392	0.02450	0.00335	0.67197	0.00734	0.00361	0.00837
13	0.01929	0.01666	0.01753	0.01578	0.02016	0.01929	0.01227	0.04120	0.66513	0.03243	0.03156	0.02893	0.02367	0.01052	0.00789	0.00263	0.00614	0.00877	0.00789	0.01227
14	0.02073	0.73217	0.04063	0.01327	0.01990	0.03068	0.01327	0.02322	0.01575	0.01824	0.01078	0.01244	0.00995	0.00663	0.00498	0.00166	0.00829	0.00415	0.00332	0.00995
15	0.01128	0.00752	0.00846	0.00846	0.00846	0.00752	0.00470	0.01128	0.01128	0.01503	0.02443	0.05074	0.02819	0.72751	0.03946	0.00752	0.00752	0.01128	0.00470	0.00470
16	0.01768	0.01526	0.01599	0.01452	0.01862	0.01726	0.01126	0.03642	0.56224	0.03061	0.03903	0.03619	0.12733	0.01197	0.00809	0.00263	0.00579	0.00997	0.00778	0.01136
17	0.01608	0.01378	0.01608	0.01148	0.01837	0.01034	0.00919	0.01952	0.01608	0.02527	0.01378	0.01608	0.01148	0.00574	0.00574	0.00115	0.00574	0.00459	0.00459	0.77491
18	0.02947	0.02172	0.02327	0.01784	0.02404	0.02404	0.01474	0.65329	0.03646	0.04887	0.01862	0.01862	0.01319	0.00931	0.00776	0.00233	0.00853	0.00698	0.00776	0.01319
19	0.01608	0.01378	0.01608	0.01148	0.01837	0.01034	0.00919	0.01952	0.01608	0.02527	0.01378	0.01608	0.01148	0.00574	0.00574	0.00115	0.00574	0.00459	0.00459	0.77491
20	0.01108	0.00831	0.01246	0.01246	0.01385	0.00969	0.00969	0.01385	0.01246	0.01800	0.02077	0.03046	0.01938	0.05815	0.69678	0.01246	0.02077	0.00831	0.00415	0.00692
21	0.02073	0.73217	0.04063	0.01327	0.01990	0.03068	0.01327	0.02322	0.01575	0.01824	0.01078	0.01244	0.00995	0.00663	0.00498	0.00166	0.00829	0.00415	0.00332	0.00995
22	0.01037	0.00796	0.00943	0.00929	0.01135	0.00714	0.00704	0.01318	0.01942	0.02564	0.35406	0.06673	0.31349	0.04905	0.01061	0.00282	0.00421	0.06362	0.00771	0.00687
23	0.01670	0.19397	0.54356	0.02014	0.03052	0.02082	0.02523	0.02426	0.01623	0.02315	0.01322	0.01550	0.00985	0.00720	0.00683	0.00228	0.01075	0.00538	0.00328	0.01112
24	0.02860	0.02087	0.02233	0.01722	0.02317	0.02306	0.01419	0.61626	0.03528	0.04770	0.01900	0.01922	0.01358	0.00929	0.00762	0.00230	0.00825	0.00700	0.05222	0.01284
25	0.00945	0.00675	0.00900	0.01080	0.01125	0.00630	0.00720	0.01080	0.01484	0.01979	0.04274	0.72245	0.05128	0.02429	0.00990	0.00315	0.00450	0.02204	0.00720	0.00630
26	0.01919	0.01842	0.03147	0.04759	0.67914	0.01842	0.02380	0.02380	0.01765	0.02533	0.01458	0.01919	0.01228	0.00691	0.00768	0.00230	0.00921	0.00691	0.00384	0.01228
27	0.00945	0.00675	0.00900	0.01080	0.01125	0.00630	0.00720	0.01080	0.01484	0.01979	0.04274	0.72245	0.05128	0.02429	0.00990	0.00315	0.00450	0.02204	0.00720	0.00630
28	0.01834	0.02079	0.04506	0.03340	0.07156	0.01955	0.62050	0.02479	0.01827	0.02486	0.01563	0.02083	0.01179	0.00655	0.00908	0.00260	0.01288	0.00904	0.00392	0.01055
29	0.01919	0.01842	0.03147	0.04759	0.67914	0.01842	0.02380	0.02380	0.01765	0.02533	0.01458	0.01919	0.01228	0.00691	0.00768	0.00230	0.00921	0.00691	0.00384	0.01228
30	0.78228	0.01499	0.01140	0.01020	0.01499	0.01739	0.00840	0.02279	0.01320	0.03479	0.01080	0.01260	0.00840	0.00720	0.00480	0.00240	0.00600	0.00420	0.00480	0.00840
31	0.02073	0.73217	0.04063	0.01327	0.01990	0.03068	0.01327	0.02322	0.01575	0.01824	0.01078	0.01244	0.00995	0.00663	0.00498	0.00166	0.00829	0.00415	0.00332	0.00995
32	0.00924	0.00786	0.00795	0.00793	0.01052	0.00658	0.00595	0.01127	0.01784	0.02135	0.10238	0.07395	0.65191	0.01949	0.00916	0.00261	0.00392	0.01627	0.00725	0.00658
33	0.00916	0.00785	0.00785	0.00785	0.01047	0.00655	0.00589	0.01113	0.01767	0.02095	0.07855	0.07462	0.67599	0.01964	0.00916	0.00262	0.00393	0.01636	0.00720	0.00655
34	0.01654	0.11051	0.03108	0.02191	0.02588	0.01987	0.23886	0.02030	0.01480	0.02063	0.01471	0.02096	0.01289	0.02073	0.17599	0.00504	0.20891	0.00763	0.00375	0.00900
35	0.00916	0.00785	0.00785	0.00785	0.01047	0.00655	0.00589	0.01113	0.01767	0.02095	0.07855	0.07462	0.67599	0.01964	0.00916	0.00262	0.00393	0.01636	0.00720	0.00655
36	0.00916	0.00785	0.00785	0.00785	0.01047	0.00655	0.00589	0.01113	0.01767	0.02095	0.07855	0.07462	0.67599	0.01964	0.00916	0.00262	0.00393	0.01636	0.00720	0.00655
37	0.01677	0.20308	0.53505	0.02002	0.03034	0.02099	0.02503	0.02424	0.01623	0.02307	0.01318	0.01544	0.00985	0.00719	0.00680	0.00227	0.01071	0.00536	0.00328	0.01110
38	0.01919	0.01842	0.03147	0.04759	0.67914	0.01842	0.02380	0.02380	0.01765	0.02533	0.01458	0.01919	0.01228	0.00691	0.00768	0.00230	0.00921	0.00691	0.00384	0.01228
39	0.01723	0.07674	0.01862	0.01199	0.01882	0.01287	0.00985	0.05525	0.01719	0.02597	0.01379	0.01590	0.01145	0.00602	0.00579	0.00126	0.00612	0.00469	0.00466	0.66578
40	0.01620	0.01418	0.01774	0.01267	0.01961	0.01085	0.04505	0.01982	0.01620	0.02524	0.01389	0.01635	0.01150	0.00579	0.00593	0.00123	0.00615	0.00485	0.00456	0.73220
41	0.01209	0.00821	0.01080	0.01015	0.01216	0.00757	0.00775	0.01572	0.02176	0.05937	0.61597	0.05797	0.06941	0.01585	0.00916	0.00249	0.00396	0.04353	0.00851	0.00757
42	0.78228	0.01499	0.01140	0.01020	0.01499	0.01739	0.00840	0.02279	0.01320	0.03479	0.01080	0.01260	0.00840	0.00720	0.00480	0.00240	0.00600	0.00420	0.00480	0.00840
43	0.01983	0.01779	0.01778	0.01601	0.02037	0.05712	0.01242	0.04063	0.62920	0.03168	0.03046	0.02809	0.02290	0.01038	0.00784	0.00259	0.00657	0.00856	0.00767	0.01209
44	0.01347	0.00673	0.01010	0.01010	0.01010	0.00673	0.00673	0.01010	0.01010	0.01347	0.01347	0.02357	0.01347	0.02694	0.03030	0.77441	0.00673	0.00673	0.00337	0.00337
45	0.01929	0.01666	0.01753	0.01578	0.02016	0.01929	0.01227	0.04120	0.66513	0.03243	0.03156	0.02893	0.02367	0.01052	0.00789	0.00263	0.00614	0.00877	0.00789	0.01227
46	0.78228	0.01499	0.01140	0.01020	0.01499	0.01739	0.00840	0.02279	0.01320	0.03479	0.01080	0.01260	0.00840	0.00720	0.00480	0.00240	0.00600	0.00420	0.00480	0.00840
47	0.01919	0.01842	0.03147	0.04759	0.67914	0.01842	0.02380	0.02380	0.01765	0.02533	0.01458	0.01919	0.01228	0.00691	0.00768	0.00230	0.00921	0.00691	0.00384	0.01228
48	0.00945	0.00675	0.00900	0.01080	0.01125	0.00630	0.00720	0.01080	0.01484	0.01979	0.04274	0.72245	0.05128	0.02429	0.00990	0.00315	0.00450	0.02204	0.00720	0.00630
49	0.02826	0.03579	0.02208	0.02000	0.02376	0.65716	0.01510	0.03024	0.02138	0.01896	0.01188	0.01416	0.01000	0.00832	0.00807	0.00208	0.05476	0.00510	0.00396	0.00896
50	0.02792	0.03506	0.02192	0.01985	0.02362	0.63299	0.01500	0.03061	0.04434	0.01944	0.01258	0.01469	0.01049	0.00841	0.00810	0.00210	0.05448	0.00523	0.00410	0.00908
51	0.01898	0.01821	0.03110	0.07776	0.65059	0.01837	0.02369	0.02361	0.01756	0.02508	0.01455	0.01926	0.01219	0.00695	0.00768	0.00232	0.00926	0.00691	0.00382	0.01211
52	0.01090	0.00792	0.01027	0.00968	0.01154	0.00729	0.00726	0.01450	0.02178	0.03070	0.65208	0.05856	0.09637	0.01600	0.00915	0.00245	0.00367	0.01411	0.00848	0.00729
53	0.78228	0.01499	0.01140	0.01020	0.01499	0.01739	0.00840	0.02279	0.01320	0.03479	0.01080	0.01260	0.00840	0.00720	0.00480	0.00240	0.00600	0.00420	0.00480	0.00840
54	0.02814	0.02106	0.02252	0.01757	0.02354	0.02342	0.01441	0.57317	0.11874	0.04672	0.02031	0.01997	0.01456	0.00947	0.00777	0.00237	0.00822	0.00721	0.00777	0.01307
55	0.01128	0.00752	0.00846	0.00846	0.00846	0.00752	0.00470	0.01128	0.01128	0.01503	0.02443	0.05074	0.02819	0.72751	0.03946	0.00752	0.00752	0.01128	0.00470	0.00470
56	0.01919	0.01842	0.03147	0.04759	0.67914	0.01842	0.02380	0.02380	0.01765	0.02533	0.01458	0.01919	0.01228	0.00691	0.00768	0.00230	0.00921	0.00691	0.00384	0.01228
57	0.01128	0.00752	0.00846	0.00846	0.00846	0.00752	0.00470	0.01128	0.01128	0.01503	0.02443	0.05074	0.02819	0.72751	0.03946	0.00752	0.00752	0.01128	0.00470	0.00470
58	0.00927	0.00786	0.00800	0.00797	0.01054	0.00659	0.00597	0.01133	0.01792	0.02154	0.11332	0.07365	0.64086	0.01942	0.00916	0.00261	0.00391	0.01623	0.00728	0.00659
59	0.01108	0.00831	0.01246	0.01246	0.01385	0.00969	0.00969	0.01385	0.01246	0.01800	0.02077	0.03046	0.01938	0.05815	0.69678	0.01246	0.02077	0.00831	0.00415	0.00692
60	0.01087	0.00792	0.01022	0.00964	0.01152	0.00727	0.00723	0.01443	0.02170	0.03050	0.64026	0.05889	0.10831	0.01607	0.00915	0.00245	0.00367	0.01416	0.00846	0.00727
61	0.02544	0.03021	0.05366	0.02009	0.05221	0.42116	0.01532	0.06923	0.18699	0.02471	0.01759	0.01842	0.01377	0.00864	0.00731	0.00221	0.01132	0.00619	0.00517	0.01034
62	0.00970	0.00734	0.00902	0.01017	0.01147	0.00666	0.00729	0.01154	0.01627	0.02089	0.07737	0.43745	0.24496	0.02226	0.00972	0.00300	0.00454	0.07661	0.00724	0.00649
63	0.00945	0.00675	0.00900	0.01080	0.01125	0.00630	0.00720	0.01080	0.01484	0.01979	0.04274	0.72245	0.05128	0.02429	0.00990	0.00315	0.00450	0.02204	0.00720	0.00630
64	0.01667	0.01413	0.01640	0.01177	0.01863	0.01094	0.00943	0.04752	0.01698	0.02631	0.01399	0.01619	0.01156	0.00590	0.00583	0.00120	0.00587	0.00470	0.00473	0.74125
65	0.01905	0.50722	0.25084	0.01614	0.02434	0.02656	0.01827	0.02365	0.01595	0.02029	0.01180	0.01372	0.00991	0.00687	0.00575	0.00192	0.00932	0.00466	0.00330	0.01044
66	0.01555	0.04011	0.68733	0.02210	0.03356	0.01801	0.02865	0.02455	0.01637	0.02455	0.01391	0.01637	0.00982	0.00737	0.00737	0.00246	0.01146	0.00573	0.00327	0.01146
67	0.02584	0.07380	0.09927	0.01824	0.04702	0.02157	0.01578	0.39409	0.07283	0.09336	0.04705	0.02093	0.01628	0.00919	0.00758	0.00232	0.00835	0.00712	0.00698	0.01241
68	0.01752	0.01507	0.01673	0.01342	0.01918	0.01436	0.01057	0.02927	0.30787	0.02849	0.02177	0.02186	0.01696	0.00789	0.00671	0.00181	0.00592	0.00647	0.00608	0.43205
69	0.01742	0.01400	0.01741	0.01269	0.01921	0.01115	0.03776	0.04557	0.01771	0.06339	0.05810	0.01970	0.01601	0.00679	0.00631	0.00141	0.00609	0.00568	0.00523	0.61837
70	0.02282	0.01454	0.01682	0.01319	0.01895	0.03502	0.01054	0.02941	0.13558	0.23919	0.06091	0.02409	0.01971	0.00851	0.00703	0.00192	0.00624	0.00694	0.00701	0.32157
71	0.01546	0.01446	0.02461	0.43727	0.19367	0.01644	0.04737	0.02026	0.01630	0.02160	0.01760	0.05473	0.01550	0.00937	0.00814	0.00263	0.00967	0.06156	0.00403	0.00932
72	0.01522	0.01437	0.02430	0.62469	0.13306	0.01738	0.02182	0.02032	0.01578	0.02051	0.01388	0.02048	0.01058	0.00764	0.00774	0.00255	0.01019	0.00689	0.00350	0.00908
73	0.01700	0.01613	0.02717	0.34871	0.36946	0.01759	0.02224	0.02182	0.01662	0.02280	0.01419	0.01976	0.01136	0.00725	0.00764	0.00239	0.00960	0.00682	0.00369	0.03777
74	0.01556	0.01508	0.02410	0.54591	0.07826	0.03951	0.04564	0.02032	0.01575	0.02030	0.01469	0.02287	0.01188	0.00868	0.00926	0.00266	0.06448	0.03258	0.00365	0.00881
75	0.04748	0.01012	0.01104	0.05992	0.01470	0.01079	0.00807	0.10961	0.01857	0.02997	0.02349	0.05383	0.01956	0.06485	0.00869	0.00245	0.00524	0.00791	0.48569	0.00801
76	0.02216	0.08802	0.02681	0.05037	0.05400	0.18145	0.07381	0.12135	0.01959	0.02456	0.01297	0.01668	0.01088	0.00945	0.01264	0.00249	0.22059	0.00629	0.00432	0.04155
77	0.05769	0.01969	0.02152	0.06704	0.02456	0.02191	0.01418	0.52909	0.03211	0.04395	0.01846	0.02029	0.01368	0.03954	0.00889	0.00255	0.00832	0.00705	0.03741	0.01206

[dist]
# distance from previous block
# <min> <max>
2	9

[block]
# block no. 8 follows, 25 sequences, length 24
# corresponding to MSA columns:
# 332-355
name=unknown_I
#
# <colnr> <probs for GDERKNQSTAVLIFYWHMCP>
#	G	D	E	R	K	N	Q	S	T	A	V	L	I	F	Y	W	H	M	C	P
0	0.01865	0.01775	0.02953	0.12456	0.55878	0.01834	0.02273	0.02452	0.06206	0.02516	0.01566	0.02004	0.01283	0.00726	0.00770	0.00236	0.00913	0.00703	0.00407	0.01184
1	0.01608	0.01378	0.01608	0.01148	0.01837	0.01034	0.00919	0.01952	0.01608	0.02527	0.01378	0.01608	0.01148	0.00574	0.00574	0.00115	0.00574	0.00459	0.00459	0.77491
2	0.01897	0.01800	0.03006	0.12530	0.49497	0.01862	0.05953	0.04853	0.06131	0.02599	0.01584	0.02010	0.01280	0.00732	0.00779	0.00238	0.00935	0.00717	0.00421	0.01175
3	0.02122	0.01762	0.01862	0.01617	0.02090	0.02019	0.01274	0.15719	0.54600	0.03555	0.02911	0.02697	0.02168	0.01029	0.00786	0.00257	0.00659	0.00843	0.00786	0.01245
4	0.00945	0.00675	0.00900	0.01080	0.01125	0.00630	0.00720	0.01080	0.01484	0.01979	0.04274	0.72245	0.05128	0.02429	0.00990	0.00315	0.00450	0.02204	0.00720	0.00630
5	0.01556	0.03636	0.59611	0.02113	0.03144	0.01742	0.02644	0.02496	0.05667	0.02494	0.01701	0.02239	0.01324	0.00860	0.00765	0.00255	0.01081	0.05169	0.00384	0.01119
6	0.01555	0.04011	0.68733	0.02210	0.03356	0.01801	0.02865	0.02455	0.01637	0.02455	0.01391	0.01637	0.00982	0.00737	0.00737	0.00246	0.01146	0.00573	0.00327	0.01146
7	0.01099	0.00800	0.01039	0.00999	0.01186	0.00739	0.00762	0.01456	0.02142	0.02999	0.59747	0.06096	0.10225	0.01646	0.00926	0.00253	0.00393	0.05931	0.00836	0.00726
8	0.00945	0.00675	0.00900	0.01080	0.01125	0.00630	0.00720	0.01080	0.01484	0.01979	0.04274	0.72245	0.05128	0.02429	0.00990	0.00315	0.00450	0.02204	0.00720	0.00630
9	0.01797	0.40395	0.29857	0.01658	0.02482	0.02397	0.01904	0.02316	0.01643	0.02167	0.05786	0.01716	0.01426	0.00756	0.00622	0.00203	0.00925	0.00546	0.00366	0.01038
10	0.05619	0.01805	0.02224	0.29285	0.08268	0.06049	0.01729	0.22285	0.06742	0.03127	0.01679	0.02002	0.01255	0.00841	0.00749	0.00241	0.00916	0.00682	0.03449	0.01054
11	0.01032	0.00852	0.00899	0.00904	0.01150	0.00770	0.00686	0.01361	0.06037	0.02148	0.06774	0.07099	0.52327	0.07273	0.01152	0.00308	0.00465	0.07373	0.00705	0.00684
12	0.70752	0.01566	0.01258	0.01096	0.01589	0.01805	0.00903	0.08540	0.01551	0.03619	0.01157	0.01319	0.00887	0.00741	0.00509	0.00239	0.00625	0.00447	0.00509	0.00887
13	0.00945	0.00675	0.00900	0.01080	0.01125	0.00630	0.00720	0.01080	0.01484	0.01979	0.04274	0.72245	0.05128	0.02429	0.00990	0.00315	0.00450	0.02204	0.00720	0.00630
14	0.01909	0.01608	0.01728	0.01666	0.04788	0.04800	0.01263	0.07113	0.40563	0.05040	0.03371	0.03926	0.06852	0.01245	0.00835	0.00271	0.00680	0.10499	0.00742	0.01103
15	0.01650	0.16728	0.56850	0.02048	0.03105	0.02034	0.02582	0.02431	0.01626	0.02339	0.01334	0.01565	0.00985	0.00723	0.00693	0.00231	0.01088	0.00544	0.00328	0.01118
16	0.00945	0.00675	0.00900	0.01080	0.01125	0.00630	0.00720	0.01080	0.01484	0.01979	0.04274	0.72245	0.05128	0.02429	0.00990	0.00315	0.00450	0.02204	0.00720	0.00630
17	0.21986	0.02215	0.04858	0.01618	0.02191	0.09466	0.01360	0.36086	0.06627	0.03999	0.01649	0.01711	0.01211	0.00862	0.00691	0.00233	0.00846	0.00611	0.00641	0.01138
18	0.02592	0.06793	0.02233	0.01597	0.02219	0.07293	0.01316	0.37924	0.02833	0.07173	0.01704	0.01764	0.01262	0.00819	0.00703	0.00198	0.00817	0.00611	0.00651	0.19499
19	0.00954	0.00688	0.00904	0.01060	0.01124	0.00638	0.00715	0.01107	0.01546	0.02062	0.08788	0.64891	0.07950	0.02351	0.00981	0.00308	0.00442	0.02125	0.00729	0.00638
20	0.00945	0.00675	0.00900	0.01080	0.01125	0.00630	0.00720	0.01080	0.01484	0.01979	0.04274	0.72245	0.05128	0.02429	0.00990	0.00315	0.00450	0.02204	0.00720	0.00630
21	0.02744	0.01996	0.02138	0.01661	0.02217	0.02200	0.01355	0.57494	0.03367	0.04557	0.01938	0.02120	0.01451	0.05291	0.00954	0.00261	0.00817	0.00726	0.05483	0.01230
22	0.01249	0.00892	0.01249	0.01428	0.01606	0.00892	0.01249	0.01606	0.01785	0.02320	0.04105	0.08746	0.04462	0.02142	0.01071	0.00357	0.00714	0.62695	0.00714	0.00714
23	0.01703	0.01716	0.02483	0.02096	0.02134	0.02355	0.04799	0.01896	0.01219	0.01896	0.01045	0.01716	0.01026	0.01323	0.02465	0.00335	0.67905	0.00690	0.00342	0.00858

[dist]
# distance from previous block
# <min> <max>
0	1

[block]
