[name]
unknown

[dist]
# distance from previous block
# <min> <max>
0	71

[block]
# block no. 0 follows, 25 sequences, length 12
# corresponding to MSA columns:
# 71-82
name=unknown_A
#
# <colnr> <probs for GDERKNQSTAVLIFYWHMCP>
#	G	D	E	R	K	N	Q	S	T	A	V	L	I	F	Y	W	H	M	C	P
0	0.01581	0.00956	0.01331	0.01421	0.01662	0.00929	0.01233	0.01929	0.01849	0.12152	0.03950	0.07838	0.04084	0.01966	0.01028	0.00340	0.00706	0.53490	0.00750	0.00804
1	0.01618	0.01506	0.02588	0.14267	0.32334	0.01544	0.09200	0.02015	0.01627	0.02238	0.01935	0.07155	0.01859	0.11607	0.01290	0.00329	0.00918	0.04572	0.00432	0.00967
2	0.15632	0.01499	0.02259	0.30380	0.19033	0.01679	0.04341	0.03938	0.01675	0.02571	0.06050	0.04462	0.01630	0.00856	0.00742	0.00249	0.00867	0.00749	0.00441	0.00949
3	0.01539	0.01310	0.01480	0.01418	0.04578	0.01346	0.01030	0.02681	0.31217	0.02753	0.07855	0.10693	0.15003	0.01309	0.00808	0.00243	0.00548	0.01116	0.00706	0.12366
4	0.01972	0.01389	0.01517	0.01325	0.01716	0.01507	0.01040	0.11413	0.30247	0.08969	0.10346	0.03237	0.05174	0.01095	0.00758	0.00239	0.00564	0.00903	0.15518	0.01072
5	0.12686	0.00974	0.01061	0.01048	0.01220	0.01005	0.00733	0.07284	0.01639	0.02451	0.09269	0.27049	0.06268	0.21880	0.01722	0.00411	0.00585	0.01393	0.00631	0.00690
6	0.00945	0.00675	0.00900	0.01080	0.01125	0.00630	0.00720	0.01080	0.01484	0.01979	0.04274	0.72245	0.05128	0.02429	0.00990	0.00315	0.00450	0.02204	0.00720	0.00630
7	0.12474	0.00820	0.00951	0.01054	0.01171	0.00823	0.00733	0.01304	0.01470	0.02222	0.06810	0.48584	0.04328	0.09648	0.01230	0.00349	0.00511	0.04202	0.00664	0.00652
8	0.11704	0.00872	0.00924	0.00890	0.01110	0.00882	0.00673	0.01783	0.01710	0.05208	0.18133	0.05597	0.03346	0.06116	0.00899	0.00255	0.00447	0.03081	0.35629	0.00741
9	0.12530	0.00835	0.00915	0.00963	0.01088	0.00843	0.00653	0.01352	0.01435	0.02225	0.08136	0.31027	0.05944	0.21401	0.01691	0.00408	0.00541	0.01458	0.05923	0.00632
10	0.31386	0.01355	0.01404	0.01206	0.01596	0.01466	0.00951	0.11616	0.04699	0.12503	0.04318	0.02066	0.01517	0.01306	0.01207	0.18654	0.00655	0.00634	0.00588	0.00873
11	0.21024	0.01227	0.01350	0.01157	0.01534	0.01254	0.00912	0.09366	0.02071	0.16538	0.25207	0.05477	0.03629	0.04867	0.00922	0.00269	0.00562	0.00960	0.00749	0.00928

[dist]
# distance from previous block
# <min> <max>
1	2

[block]
# block no. 1 follows, 25 sequences, length 8
# corresponding to MSA columns:
# 85-92
name=unknown_B
#
# <colnr> <probs for GDERKNQSTAVLIFYWHMCP>
#	G	D	E	R	K	N	Q	S	T	A	V	L	I	F	Y	W	H	M	C	P
0	0.07386	0.02131	0.02199	0.04603	0.02438	0.05669	0.01444	0.50537	0.08678	0.04391	0.01870	0.01898	0.01350	0.00915	0.00755	0.00235	0.00852	0.00686	0.00722	0.01242
1	0.01335	0.00946	0.01125	0.01124	0.01295	0.00949	0.00833	0.09510	0.01824	0.02453	0.08920	0.21103	0.09762	0.18434	0.01632	0.00396	0.00603	0.12439	0.04605	0.00711
2	0.02460	0.01414	0.01587	0.01296	0.01741	0.01468	0.01044	0.22960	0.07925	0.19346	0.02495	0.02498	0.01788	0.00938	0.00696	0.00219	0.00613	0.00742	0.27671	0.01101
3	0.01702	0.03942	0.02842	0.02149	0.02588	0.01620	0.27757	0.09397	0.01791	0.02428	0.02015	0.14073	0.01921	0.01628	0.05594	0.10457	0.05697	0.01040	0.00482	0.00877
4	0.03200	0.01382	0.01791	0.01415	0.01986	0.01281	0.01155	0.03840	0.13777	0.56729	0.03076	0.02685	0.02000	0.00976	0.00781	0.00244	0.00651	0.00797	0.00929	0.01303
5	0.01781	0.02436	0.16108	0.03078	0.03927	0.01932	0.53911	0.02479	0.01795	0.02479	0.01537	0.02010	0.01142	0.00669	0.00883	0.00259	0.01278	0.00854	0.00381	0.01064
6	0.01793	0.14377	0.04987	0.01505	0.01944	0.01694	0.05483	0.17981	0.02159	0.02877	0.08033	0.23379	0.02989	0.01389	0.00812	0.00249	0.00715	0.03322	0.00627	0.03684
7	0.01862	0.20257	0.27638	0.01703	0.02468	0.02025	0.01832	0.06278	0.11862	0.05193	0.01877	0.06554	0.01547	0.00894	0.00698	0.00225	0.00871	0.00701	0.00485	0.05030

[dist]
# distance from previous block
# <min> <max>
7	10

[block]
# block no. 2 follows, 25 sequences, length 35
# corresponding to MSA columns:
# 103-137
name=unknown_C
#
# <colnr> <probs for GDERKNQSTAVLIFYWHMCP>
#	G	D	E	R	K	N	Q	S	T	A	V	L	I	F	Y	W	H	M	C	P
0	0.01829	0.07868	0.53463	0.02113	0.03145	0.01809	0.05826	0.02605	0.01712	0.10221	0.01579	0.01755	0.01104	0.00754	0.00736	0.00241	0.01077	0.00606	0.00406	0.01152
1	0.01693	0.08856	0.60567	0.02103	0.03185	0.01857	0.02664	0.02515	0.01663	0.05867	0.01456	0.01661	0.01032	0.00743	0.00722	0.00240	0.01098	0.00572	0.00361	0.01144
2	0.01700	0.06038	0.56580	0.02142	0.03187	0.01826	0.05100	0.02619	0.05679	0.05680	0.01577	0.01768	0.01121	0.00761	0.00741	0.00244	0.01085	0.00610	0.00389	0.01150
3	0.01827	0.01714	0.09778	0.01619	0.02011	0.01605	0.01449	0.02168	0.01627	0.11815	0.11378	0.02419	0.02113	0.01098	0.01424	0.00253	0.27556	0.00743	0.00529	0.16873
4	0.01196	0.00896	0.01121	0.01047	0.01260	0.00873	0.00790	0.01777	0.09800	0.03125	0.59897	0.05449	0.06731	0.01522	0.00900	0.00246	0.00395	0.01340	0.00846	0.00790
5	0.01729	0.19640	0.51311	0.02001	0.03007	0.04946	0.02459	0.02452	0.01647	0.02289	0.01312	0.01538	0.00986	0.00723	0.00681	0.00226	0.01085	0.00534	0.00331	0.01101
6	0.00945	0.00675	0.00900	0.01080	0.01125	0.00630	0.00720	0.01080	0.01484	0.01979	0.04274	0.72245	0.05128	0.02429	0.00990	0.00315	0.00450	0.02204	0.00720	0.00630
7	0.01128	0.00752	0.00846	0.00846	0.00846	0.00752	0.00470	0.01128	0.01128	0.01503	0.02443	0.05074	0.02819	0.72751	0.03946	0.00752	0.00752	0.01128	0.00470	0.00470
8	0.01898	0.01630	0.01730	0.01571	0.01998	0.01882	0.01228	0.04006	0.63577	0.03202	0.03199	0.03158	0.02462	0.01101	0.00802	0.00267	0.00618	0.03681	0.00786	0.01204
9	0.01929	0.01666	0.01753	0.01578	0.02016	0.01929	0.01227	0.04120	0.66513	0.03243	0.03156	0.02893	0.02367	0.01052	0.00789	0.00263	0.00614	0.00877	0.00789	0.01227
10	0.01700	0.03997	0.01705	0.01164	0.01849	0.01112	0.00942	0.02039	0.01631	0.05142	0.01435	0.01636	0.01174	0.00593	0.00580	0.00122	0.00587	0.00471	0.00475	0.71647
11	0.01905	0.01551	0.02034	0.19331	0.05115	0.01760	0.04033	0.03318	0.37215	0.08406	0.05133	0.02712	0.02101	0.00967	0.00794	0.00258	0.00753	0.00837	0.00664	0.01115
12	0.02093	0.01674	0.01792	0.01578	0.02038	0.01906	0.01237	0.07880	0.58427	0.07607	0.03070	0.02813	0.02273	0.01038	0.00788	0.00260	0.00631	0.00859	0.00799	0.01239
13	0.01919	0.01842	0.03147	0.04759	0.67914	0.01842	0.02380	0.02380	0.01765	0.02533	0.01458	0.01919	0.01228	0.00691	0.00768	0.00230	0.00921	0.00691	0.00384	0.01228
14	0.01113	0.00795	0.01093	0.01272	0.01391	0.00775	0.01012	0.01371	0.01650	0.02168	0.04181	0.37166	0.04760	0.02270	0.01035	0.00338	0.00596	0.35621	0.00717	0.00676
15	0.28762	0.01380	0.01576	0.01258	0.01817	0.01342	0.01038	0.03271	0.01915	0.46474	0.02389	0.02172	0.01554	0.00879	0.00678	0.00240	0.00639	0.00658	0.00797	0.01157
16	0.03479	0.01320	0.01799	0.01380	0.01979	0.01140	0.01140	0.03779	0.02219	0.68451	0.03059	0.02639	0.01919	0.00960	0.00780	0.00240	0.00660	0.00780	0.00960	0.01320
17	0.03453	0.01361	0.01825	0.01399	0.02000	0.01201	0.01156	0.06760	0.02288	0.65372	0.03001	0.02601	0.01890	0.00958	0.00780	0.00240	0.00669	0.00776	0.00951	0.01319
18	0.01853	0.01515	0.01631	0.01479	0.01888	0.01706	0.01156	0.03662	0.53516	0.05813	0.06451	0.03592	0.07388	0.01184	0.00815	0.00265	0.00593	0.03557	0.00791	0.01145
19	0.03010	0.02071	0.02265	0.01736	0.02354	0.02255	0.01434	0.58051	0.03477	0.12402	0.02003	0.01953	0.01390	0.00934	0.00776	0.00234	0.00830	0.00708	0.00797	0.01319
20	0.02170	0.64997	0.03842	0.01406	0.02038	0.10939	0.01347	0.02413	0.01649	0.01833	0.01092	0.01262	0.00995	0.00679	0.00521	0.00170	0.00896	0.00425	0.00340	0.00984
21	0.01128	0.00752	0.00846	0.00846	0.00846	0.00752	0.00470	0.01128	0.01128	0.01503	0.02443	0.05074	0.02819	0.72751	0.03946	0.00752	0.00752	0.01128	0.00470	0.00470
22	0.78228	0.01499	0.01140	0.01020	0.01499	0.01739	0.00840	0.02279	0.01320	0.03479	0.01080	0.01260	0.00840	0.00720	0.00480	0.00240	0.00600	0.00420	0.00480	0.00840
23	0.01108	0.00827	0.01229	0.01229	0.01362	0.00960	0.00948	0.01374	0.01241	0.01787	0.02092	0.03131	0.01975	0.08629	0.66914	0.01225	0.02021	0.00843	0.00418	0.00683
24	0.02902	0.03515	0.02213	0.01972	0.02398	0.61689	0.01495	0.10454	0.02368	0.02251	0.01277	0.01453	0.01037	0.00815	0.00708	0.00204	0.01334	0.00523	0.00444	0.00949
25	0.00945	0.00675	0.00900	0.01080	0.01125	0.00630	0.00720	0.01080	0.01484	0.01979	0.04274	0.72245	0.05128	0.02429	0.00990	0.00315	0.00450	0.02204	0.00720	0.00630
26	0.01128	0.00752	0.00846	0.00846	0.00846	0.00752	0.00470	0.01128	0.01128	0.01503	0.02443	0.05074	0.02819	0.72751	0.03946	0.00752	0.00752	0.01128	0.00470	0.00470
27	0.01464	0.01378	0.02326	0.70887	0.05340	0.01723	0.02153	0.01981	0.01550	0.01981	0.01378	0.02067	0.01034	0.00775	0.00775	0.00258	0.01034	0.00689	0.00345	0.00861
28	0.02625	0.01909	0.10551	0.02056	0.02760	0.01539	0.20481	0.07589	0.02136	0.33729	0.04891	0.02426	0.01757	0.00865	0.00820	0.00247	0.00913	0.00815	0.00698	0.01194
29	0.01068	0.00856	0.01356	0.01360	0.01501	0.00803	0.08364	0.01278	0.01544	0.02060	0.03943	0.60027	0.04620	0.02201	0.00986	0.00311	0.00568	0.05789	0.00681	0.00684
30	0.03027	0.01300	0.01698	0.01338	0.01867	0.01183	0.01092	0.07500	0.04383	0.51688	0.10581	0.02979	0.02535	0.01032	0.00786	0.00238	0.00624	0.00849	0.04077	0.01222
31	0.13247	0.02054	0.02023	0.01608	0.02178	0.09957	0.01310	0.34518	0.02814	0.19761	0.01968	0.01914	0.01362	0.00894	0.00728	0.00232	0.00836	0.00657	0.00736	0.01204
32	0.01677	0.01585	0.02633	0.47170	0.04499	0.01896	0.10459	0.07851	0.01736	0.02301	0.01404	0.02007	0.01077	0.00844	0.01008	0.00266	0.09552	0.00719	0.00390	0.00926
33	0.01890	0.38176	0.26237	0.01843	0.02647	0.04970	0.07133	0.02392	0.01625	0.02100	0.01228	0.01472	0.01007	0.00720	0.00701	0.00209	0.03743	0.00524	0.00338	0.01042
34	0.02349	0.05201	0.01851	0.01330	0.01943	0.01378	0.01085	0.05324	0.12845	0.24279	0.02231	0.02153	0.01605	0.00799	0.00681	0.00188	0.00633	0.00641	0.00684	0.32799

[dist]
# distance from previous block
# <min> <max>
0	1

[block]
# block no. 3 follows, 25 sequences, length 22
# corresponding to MSA columns:
# 139-160
name=unknown_D
#
# <colnr> <probs for GDERKNQSTAVLIFYWHMCP>
#	G	D	E	R	K	N	Q	S	T	A	V	L	I	F	Y	W	H	M	C	P
0	0.07648	0.01536	0.01758	0.01445	0.01977	0.04107	0.01163	0.03769	0.23018	0.40619	0.02893	0.02586	0.01961	0.00968	0.00761	0.00246	0.00670	0.00778	0.00852	0.01243
1	0.02911	0.03252	0.02235	0.01935	0.02399	0.50072	0.01491	0.21207	0.02619	0.02767	0.01391	0.01533	0.01092	0.00837	0.00721	0.00209	0.01240	0.00557	0.00509	0.01021
2	0.01050	0.00782	0.00977	0.00947	0.01134	0.00709	0.00703	0.01365	0.02056	0.02825	0.51023	0.11346	0.18769	0.01725	0.00921	0.00253	0.00378	0.01511	0.00817	0.00709
3	0.01081	0.00732	0.00859	0.00905	0.00916	0.00721	0.00533	0.01115	0.01218	0.01624	0.02905	0.22025	0.03402	0.55005	0.03200	0.00641	0.00676	0.01399	0.00533	0.00510
4	0.00970	0.00693	0.00929	0.01109	0.01165	0.00652	0.00764	0.01123	0.01509	0.02008	0.04260	0.66972	0.05073	0.02405	0.00996	0.00318	0.00472	0.07228	0.00719	0.00637
5	0.05917	0.01893	0.02099	0.01621	0.02215	0.02021	0.01337	0.46176	0.03148	0.19618	0.02136	0.02058	0.01465	0.00928	0.00757	0.00233	0.00780	0.00707	0.03611	0.01278
6	0.01608	0.01378	0.01608	0.01148	0.01837	0.01034	0.00919	0.01952	0.01608	0.02527	0.01378	0.01608	0.01148	0.00574	0.00574	0.00115	0.00574	0.00459	0.00459	0.77491
7	0.00978	0.00783	0.00884	0.00936	0.01146	0.00688	0.00712	0.01197	0.01746	0.02163	0.09978	0.18261	0.45013	0.02045	0.00950	0.00283	0.00446	0.10400	0.00726	0.00663
8	0.07827	0.02128	0.02250	0.01734	0.02346	0.02361	0.01433	0.61242	0.03495	0.04795	0.01811	0.01823	0.01288	0.00917	0.00756	0.00233	0.00837	0.00680	0.00756	0.01288
9	0.01167	0.00818	0.01029	0.00978	0.01194	0.00742	0.00748	0.01495	0.02087	0.05557	0.49275	0.06162	0.19184	0.01667	0.00918	0.00254	0.00402	0.04762	0.00823	0.00739
10	0.02947	0.02172	0.02327	0.01784	0.02404	0.02404	0.01474	0.65329	0.03646	0.04887	0.01862	0.01862	0.01319	0.00931	0.00776	0.00233	0.00853	0.00698	0.00776	0.01319
11	0.03169	0.01410	0.04371	0.01405	0.01981	0.01180	0.01187	0.06260	0.02199	0.57498	0.03041	0.08345	0.02122	0.01072	0.00795	0.00246	0.00670	0.00886	0.00907	0.01255
12	0.02715	0.01151	0.01555	0.01250	0.01716	0.01009	0.01009	0.03036	0.02211	0.47493	0.23730	0.03650	0.03650	0.01160	0.00823	0.00241	0.00565	0.00979	0.00926	0.01131
13	0.00981	0.00690	0.00889	0.01034	0.01070	0.00654	0.00671	0.01089	0.01414	0.01886	0.03914	0.59035	0.04674	0.16259	0.01571	0.00401	0.00509	0.01992	0.00671	0.00598
14	0.01982	0.01692	0.01783	0.01589	0.02036	0.01953	0.01240	0.07313	0.63233	0.03329	0.03088	0.02839	0.02312	0.01046	0.00788	0.00261	0.00626	0.00867	0.00788	0.01232
15	0.01830	0.02092	0.04575	0.03268	0.04052	0.01961	0.65098	0.02484	0.01830	0.02484	0.01569	0.02092	0.01176	0.00654	0.00915	0.00261	0.01307	0.00915	0.00392	0.01046
16	0.00945	0.00675	0.00900	0.01080	0.01125	0.00630	0.00720	0.01080	0.01484	0.01979	0.04274	0.72245	0.05128	0.02429	0.00990	0.00315	0.00450	0.02204	0.00720	0.00630
17	0.03026	0.02046	0.02249	0.01724	0.02342	0.02217	0.01424	0.56227	0.03435	0.14286	0.02039	0.01977	0.01407	0.00935	0.00776	0.00234	0.00825	0.00710	0.00803	0.01319
18	0.01191	0.00851	0.01179	0.01338	0.01497	0.00840	0.01127	0.01515	0.01774	0.02334	0.09396	0.18071	0.04800	0.02139	0.01046	0.00341	0.00645	0.48489	0.00726	0.00703
19	0.78228	0.01499	0.01140	0.01020	0.01499	0.01739	0.00840	0.02279	0.01320	0.03479	0.01080	0.01260	0.00840	0.00720	0.00480	0.00240	0.00600	0.00420	0.00480	0.00840
20	0.37015	0.01400	0.01503	0.01218	0.01764	0.01409	0.01005	0.03106	0.01816	0.39301	0.02171	0.02020	0.01435	0.00852	0.00645	0.00240	0.00633	0.00618	0.00744	0.01104
21	0.02883	0.02140	0.02291	0.01771	0.02380	0.02375	0.01458	0.61484	0.07594	0.04783	0.01943	0.01926	0.01384	0.00938	0.00776	0.00235	0.00838	0.00709	0.00776	0.01313

[dist]
# distance from previous block
# <min> <max>
0	1

[block]
# block no. 4 follows, 25 sequences, length 75
# corresponding to MSA columns:
# 162-236
name=unknown_E
#
# <colnr> <probs for GDERKNQSTAVLIFYWHMCP>
#	G	D	E	R	K	N	Q	S	T	A	V	L	I	F	Y	W	H	M	C	P
0	0.01722	0.09659	0.50134	0.01942	0.02952	0.01773	0.02368	0.02456	0.01662	0.06322	0.01461	0.01658	0.01061	0.00722	0.00696	0.00221	0.01013	0.00556	0.00383	0.11241
1	0.04700	0.05475	0.08540	0.30677	0.03766	0.09423	0.09942	0.02261	0.01636	0.04364	0.01422	0.01927	0.01111	0.01071	0.04536	0.00304	0.06866	0.00672	0.00384	0.00926
2	0.03249	0.01537	0.01915	0.01485	0.02078	0.01481	0.01221	0.17704	0.07105	0.49467	0.02795	0.02481	0.01815	0.00960	0.00779	0.00240	0.00700	0.00768	0.00906	0.01313
3	0.01796	0.03094	0.39722	0.02551	0.03521	0.01814	0.26274	0.02560	0.01751	0.07151	0.01577	0.01880	0.01122	0.00721	0.00807	0.00251	0.01172	0.00717	0.00397	0.01120
4	0.01725	0.01591	0.02609	0.45414	0.21483	0.01821	0.04037	0.07671	0.01800	0.02397	0.01447	0.02011	0.01114	0.00763	0.00777	0.00249	0.00996	0.00697	0.00394	0.01003
5	0.01821	0.05751	0.04266	0.03129	0.07561	0.01941	0.54439	0.02387	0.01767	0.02389	0.01524	0.02051	0.01179	0.00770	0.01002	0.04538	0.01224	0.00862	0.00385	0.01015
6	0.00942	0.00684	0.00890	0.01055	0.01118	0.00632	0.00709	0.01082	0.01508	0.01989	0.04570	0.66889	0.10293	0.02391	0.00984	0.00311	0.00445	0.02157	0.00720	0.00632
7	0.01365	0.01182	0.01410	0.01339	0.01462	0.06043	0.01012	0.01661	0.04723	0.01827	0.02004	0.03179	0.01960	0.19346	0.37262	0.00884	0.11346	0.00854	0.00435	0.00708
8	0.01464	0.01378	0.02326	0.70887	0.05340	0.01723	0.02153	0.01981	0.01550	0.01981	0.01378	0.02067	0.01034	0.00775	0.00775	0.00258	0.01034	0.00689	0.00345	0.00861
9	0.02792	0.01168	0.01579	0.01263	0.01743	0.01022	0.01022	0.03111	0.02212	0.49620	0.21632	0.03548	0.03475	0.01140	0.00819	0.00241	0.00575	0.00959	0.00929	0.01150
10	0.00945	0.00675	0.00900	0.01080	0.01125	0.00630	0.00720	0.01080	0.01484	0.01979	0.04274	0.72245	0.05128	0.02429	0.00990	0.00315	0.00450	0.02204	0.00720	0.00630
11	0.01486	0.01420	0.02459	0.66878	0.05264	0.01737	0.05886	0.02011	0.01567	0.02011	0.01389	0.02069	0.01042	0.00768	0.00783	0.00259	0.01050	0.00702	0.00347	0.00872
12	0.01108	0.00831	0.01246	0.01246	0.01385	0.00969	0.00969	0.01385	0.01246	0.01800	0.02077	0.03046	0.01938	0.05815	0.69678	0.01246	0.02077	0.00831	0.00415	0.00692
13	0.01696	0.01696	0.02375	0.02036	0.02036	0.02375	0.01696	0.01866	0.01187	0.01866	0.01018	0.01696	0.01018	0.01357	0.02545	0.00339	0.71332	0.00679	0.00339	0.00848
14	0.02153	0.01976	0.01912	0.01681	0.02110	0.10341	0.01317	0.11001	0.47393	0.03188	0.02637	0.02518	0.01996	0.01025	0.00880	0.00256	0.04931	0.00798	0.00713	0.01175
15	0.00945	0.00675	0.00900	0.01080	0.01125	0.00630	0.00720	0.01080	0.01484	0.01979	0.04274	0.72245	0.05128	0.02429	0.00990	0.00315	0.00450	0.02204	0.00720	0.00630
16	0.01786	0.01940	0.04005	0.05727	0.08295	0.01920	0.49090	0.02327	0.01714	0.02354	0.01491	0.02054	0.01168	0.00827	0.01157	0.04038	0.07872	0.00856	0.00382	0.00998
17	0.02073	0.73217	0.04063	0.01327	0.01990	0.03068	0.01327	0.02322	0.01575	0.01824	0.01078	0.01244	0.00995	0.00663	0.00498	0.00166	0.00829	0.00415	0.00332	0.00995
18	0.01865	0.01518	0.01798	0.01346	0.01984	0.01338	0.03199	0.11207	0.08489	0.04860	0.01943	0.02056	0.03994	0.00743	0.00656	0.00161	0.00638	0.00608	0.00561	0.51037
19	0.01923	0.02035	0.04339	0.03262	0.07960	0.01910	0.57778	0.02545	0.01847	0.05967	0.01640	0.02110	0.01219	0.00672	0.00899	0.00258	0.01249	0.00894	0.00422	0.01072
20	0.00945	0.00675	0.00900	0.01080	0.01125	0.00630	0.00720	0.01080	0.01484	0.01979	0.04274	0.72245	0.05128	0.02429	0.00990	0.00315	0.00450	0.02204	0.00720	0.00630
21	0.01668	0.01666	0.02387	0.02037	0.02066	0.02284	0.03868	0.01853	0.01223	0.01892	0.01179	0.04784	0.01202	0.01379	0.02420	0.00335	0.65798	0.00753	0.00358	0.00846
22	0.02487	0.27301	0.02822	0.04125	0.02329	0.32128	0.01437	0.08934	0.07419	0.02278	0.01390	0.01537	0.01143	0.00785	0.00647	0.00199	0.01071	0.00527	0.00443	0.00999
23	0.01929	0.01666	0.01753	0.01578	0.02016	0.01929	0.01227	0.04120	0.66513	0.03243	0.03156	0.02893	0.02367	0.01052	0.00789	0.00263	0.00614	0.00877	0.00789	0.01227
24	0.00945	0.00675	0.00900	0.01080	0.01125	0.00630	0.00720	0.01080	0.01484	0.01979	0.04274	0.72245	0.05128	0.02429	0.00990	0.00315	0.00450	0.02204	0.00720	0.00630
25	0.01685	0.01604	0.02725	0.38768	0.35734	0.01781	0.02263	0.02175	0.01655	0.02249	0.01417	0.01995	0.01128	0.00734	0.00772	0.00245	0.00979	0.00690	0.00364	0.01040
26	0.02214	0.54406	0.05809	0.01487	0.02118	0.12514	0.01407	0.05830	0.04248	0.02072	0.01226	0.01375	0.01064	0.00714	0.00560	0.00181	0.00915	0.00465	0.00382	0.01012
27	0.00963	0.00695	0.00916	0.01086	0.01152	0.00648	0.00747	0.01116	0.01519	0.02008	0.04458	0.64581	0.08489	0.02385	0.00991	0.00315	0.00464	0.06111	0.00719	0.00637
28	0.00945	0.00675	0.00900	0.01080	0.01125	0.00630	0.00720	0.01080	0.01484	0.01979	0.04274	0.72245	0.05128	0.02429	0.00990	0.00315	0.00450	0.02204	0.00720	0.00630
29	0.02994	0.01448	0.01808	0.01434	0.01976	0.01396	0.01167	0.14262	0.08952	0.44462	0.06956	0.05073	0.02308	0.01053	0.00796	0.00244	0.00663	0.00863	0.00896	0.01250
30	0.02744	0.02002	0.02181	0.01714	0.02283	0.02217	0.01405	0.53230	0.09047	0.06677	0.02033	0.02064	0.01477	0.01289	0.05668	0.00308	0.00912	0.00726	0.00758	0.01266
31	0.01129	0.00815	0.01046	0.01063	0.01210	0.00776	0.00766	0.04668	0.01966	0.02717	0.36853	0.34158	0.06059	0.01914	0.00939	0.00274	0.00428	0.01710	0.00792	0.00719
32	0.01776	0.01709	0.02635	0.29725	0.29383	0.04180	0.04186	0.02515	0.11420	0.02402	0.01677	0.02110	0.01314	0.00780	0.00776	0.00246	0.00948	0.00719	0.00430	0.01068
33	0.02926	0.01564	0.01873	0.01506	0.02061	0.01585	0.01221	0.14048	0.21724	0.38409	0.02890	0.02587	0.01954	0.00983	0.00782	0.00246	0.00678	0.00795	0.00878	0.01292
34	0.04634	0.01640	0.01840	0.01396	0.02027	0.01558	0.01132	0.21329	0.08163	0.09627	0.01836	0.01888	0.01374	0.00766	0.00671	0.00180	0.00670	0.00598	0.00633	0.38039
35	0.42045	0.05299	0.06780	0.01317	0.01889	0.03903	0.01170	0.08353	0.04390	0.15849	0.01641	0.01677	0.01175	0.00799	0.00604	0.00236	0.00713	0.00546	0.00589	0.01023
36	0.01897	0.01820	0.03107	0.07990	0.64857	0.01836	0.02369	0.02360	0.01755	0.02506	0.01455	0.01926	0.01219	0.00695	0.00768	0.00232	0.00927	0.00691	0.00382	0.01210
37	0.78228	0.01499	0.01140	0.01020	0.01499	0.01739	0.00840	0.02279	0.01320	0.03479	0.01080	0.01260	0.00840	0.00720	0.00480	0.00240	0.00600	0.00420	0.00480	0.00840
38	0.01018	0.00706	0.00878	0.00985	0.01012	0.00679	0.00619	0.01099	0.01341	0.01787	0.03536	0.45166	0.04197	0.30778	0.02182	0.00491	0.00572	0.01770	0.00619	0.00565
39	0.02724	0.02080	0.02430	0.06507	0.10860	0.02291	0.01631	0.53396	0.03276	0.04407	0.01780	0.01882	0.01289	0.00891	0.00775	0.00234	0.00873	0.00697	0.00699	0.01278
40	0.04862	0.01725	0.01862	0.01556	0.02034	0.01899	0.01252	0.32410	0.20247	0.06290	0.02810	0.05463	0.05667	0.03345	0.00901	0.00270	0.00721	0.04776	0.00758	0.01153
41	0.03123	0.01241	0.01685	0.01319	0.01857	0.01079	0.01079	0.03433	0.02216	0.58689	0.12687	0.03110	0.02726	0.01053	0.00800	0.00241	0.00616	0.00873	0.00944	0.01232
42	0.03007	0.05111	0.14494	0.01570	0.02276	0.01464	0.01502	0.09057	0.02211	0.47334	0.02549	0.02318	0.01648	0.00902	0.00759	0.00237	0.00776	0.00717	0.00796	0.01272
43	0.01464	0.01378	0.02326	0.70887	0.05340	0.01723	0.02153	0.01981	0.01550	0.01981	0.01378	0.02067	0.01034	0.00775	0.00775	0.00258	0.01034	0.00689	0.00345	0.00861
44	0.00970	0.00736	0.00895	0.00965	0.01108	0.00660	0.00682	0.01177	0.01733	0.02270	0.19680	0.37200	0.24925	0.02094	0.00950	0.00282	0.00413	0.01847	0.00750	0.00660
45	0.01088	0.00776	0.01100	0.01153	0.01268	0.00848	0.00860	0.01330	0.01348	0.01944	0.02763	0.23445	0.02883	0.04404	0.43616	0.00882	0.01453	0.01227	0.06936	0.00676
46	0.00984	0.00712	0.00937	0.01094	0.01175	0.00666	0.00771	0.01158	0.01570	0.02075	0.07264	0.57558	0.09582	0.02327	0.00990	0.00313	0.00472	0.08981	0.00725	0.00646
47	0.08285	0.01837	0.11095	0.01535	0.02186	0.01499	0.01404	0.10128	0.09528	0.40458	0.02570	0.02347	0.01699	0.00919	0.00753	0.00243	0.00738	0.00728	0.00799	0.01251
48	0.01497	0.01411	0.02384	0.66193	0.09782	0.01731	0.02169	0.02009	0.01566	0.02020	0.01384	0.02057	0.01047	0.00769	0.00775	0.00256	0.01026	0.00689	0.00347	0.00887
49	0.01547	0.01463	0.02475	0.58838	0.16742	0.01744	0.02195	0.02054	0.01590	0.02082	0.01393	0.02040	0.01069	0.00760	0.00774	0.00253	0.01013	0.00689	0.00352	0.00928
50	0.00943	0.00682	0.00892	0.01060	0.01119	0.00631	0.00711	0.01082	0.01504	0.01987	0.04516	0.67849	0.09367	0.02398	0.00985	0.00311	0.00446	0.02166	0.00720	0.00631
51	0.01464	0.01378	0.02326	0.70887	0.05340	0.01723	0.02153	0.01981	0.01550	0.01981	0.01378	0.02067	0.01034	0.00775	0.00775	0.00258	0.01034	0.00689	0.00345	0.00861
52	0.01081	0.00814	0.01037	0.01097	0.01255	0.00737	0.00765	0.01332	0.03693	0.02190	0.09056	0.54697	0.04667	0.02057	0.00919	0.00280	0.00466	0.01853	0.00697	0.11307
53	0.01929	0.01907	0.02925	0.13154	0.52813	0.06642	0.02248	0.02437	0.03949	0.02439	0.01487	0.01934	0.01225	0.00722	0.00764	0.00233	0.00959	0.00683	0.00393	0.01157
54	0.01610	0.01502	0.02953	0.02281	0.02782	0.01395	0.35114	0.02047	0.01731	0.06461	0.02653	0.25704	0.02662	0.01318	0.00926	0.00277	0.00935	0.03678	0.00551	0.03420
55	0.06561	0.28307	0.41630	0.01823	0.02756	0.02245	0.02194	0.02397	0.01595	0.02297	0.01261	0.01474	0.00978	0.00710	0.00636	0.00217	0.01000	0.00507	0.00338	0.01073
56	0.01117	0.00795	0.01063	0.01063	0.01138	0.00870	0.00740	0.01267	0.01192	0.01664	0.02245	0.03975	0.02342	0.36469	0.39575	0.01020	0.01470	0.00967	0.00440	0.00590
57	0.01038	0.00714	0.00872	0.00960	0.00982	0.00692	0.00592	0.01104	0.01302	0.01736	0.03337	0.37871	0.03946	0.38415	0.02503	0.00538	0.00604	0.01653	0.00592	0.00548
58	0.08983	0.06909	0.02300	0.02237	0.13962	0.27040	0.01516	0.06979	0.11798	0.08416	0.01729	0.01835	0.01334	0.00825	0.00706	0.00222	0.00991	0.00616	0.00531	0.01072
59	0.01865	0.05654	0.01545	0.01277	0.01589	0.01234	0.00982	0.11043	0.06620	0.15174	0.09467	0.33321	0.03733	0.01648	0.00867	0.00269	0.00574	0.01437	0.00766	0.00933
60	0.01085	0.00792	0.01019	0.00962	0.01150	0.00726	0.00721	0.01438	0.02164	0.03037	0.63271	0.05910	0.11595	0.01612	0.00915	0.00245	0.00368	0.01419	0.00844	0.00726
61	0.01555	0.04011	0.68733	0.02210	0.03356	0.01801	0.02865	0.02455	0.01637	0.02455	0.01391	0.01637	0.00982	0.00737	0.00737	0.00246	0.01146	0.00573	0.00327	0.01146
62	0.04479	0.02009	0.03582	0.07774	0.31412	0.05576	0.28767	0.02436	0.01789	0.02477	0.01473	0.01950	0.01169	0.00687	0.00817	0.00244	0.01106	0.00766	0.00389	0.01098
63	0.01811	0.02158	0.08092	0.03039	0.03777	0.01976	0.54050	0.02529	0.05191	0.02483	0.01607	0.02082	0.01218	0.00724	0.01000	0.00265	0.05666	0.00878	0.00406	0.01049
64	0.01109	0.00827	0.01229	0.01229	0.01361	0.00960	0.00947	0.01373	0.01241	0.01787	0.02093	0.03134	0.01977	0.08732	0.66814	0.01225	0.02019	0.00844	0.00418	0.00683
65	0.74123	0.01619	0.01197	0.01073	0.01548	0.05439	0.00876	0.02324	0.01367	0.03393	0.01086	0.01267	0.00848	0.00724	0.00492	0.00238	0.00643	0.00424	0.00475	0.00843
66	0.01258	0.04597	0.13879	0.01242	0.01645	0.01092	0.01175	0.01805	0.05430	0.02875	0.45157	0.04765	0.09298	0.01381	0.00856	0.00243	0.00547	0.01190	0.00721	0.00842
67	0.01493	0.01407	0.02377	0.66727	0.09276	0.01730	0.02168	0.02006	0.01564	0.02016	0.01383	0.02058	0.01046	0.00770	0.00775	0.00257	0.01027	0.00689	0.00347	0.00884
68	0.01608	0.01378	0.01608	0.01148	0.01837	0.01034	0.00919	0.01952	0.01608	0.02527	0.01378	0.01608	0.01148	0.00574	0.00574	0.00115	0.00574	0.00459	0.00459	0.77491
69	0.01837	0.01827	0.03337	0.04182	0.48893	0.01793	0.16830	0.02322	0.01763	0.02487	0.01661	0.06383	0.01462	0.00792	0.00816	0.00243	0.00981	0.00838	0.00407	0.01148
70	0.02632	0.01325	0.01654	0.01366	0.01862	0.01271	0.01102	0.03413	0.18347	0.38965	0.08854	0.03372	0.05076	0.01110	0.00804	0.00247	0.00612	0.03372	0.00872	0.03743
71	0.00953	0.00681	0.00907	0.01074	0.01126	0.00635	0.00720	0.01101	0.01523	0.02041	0.07719	0.68624	0.05247	0.02383	0.00986	0.00311	0.00445	0.02161	0.00727	0.00635
72	0.01578	0.01196	0.01874	0.01656	0.01978	0.01170	0.12721	0.05920	0.05698	0.07948	0.05829	0.27645	0.03664	0.01708	0.00950	0.00298	0.00718	0.15895	0.00691	0.00865
73	0.74891	0.01491	0.01169	0.01036	0.01521	0.01713	0.00853	0.02346	0.01360	0.06379	0.01168	0.01321	0.00888	0.00730	0.00493	0.00240	0.00602	0.00436	0.00501	0.00861
74	0.65928	0.01591	0.01377	0.01306	0.05216	0.01817	0.00992	0.09104	0.01595	0.03580	0.01185	0.01361	0.00913	0.00741	0.00528	0.00239	0.00645	0.00465	0.00507	0.00913

[dist]
# distance from previous block
# <min> <max>
0	3

[block]
# block no. 5 follows, 25 sequences, length 22
# corresponding to MSA columns:
# 240-261
name=unknown_F
#
# <colnr> <probs for GDERKNQSTAVLIFYWHMCP>
#	G	D	E	R	K	N	Q	S	T	A	V	L	I	F	Y	W	H	M	C	P
0	0.02020	0.66082	0.10731	0.01418	0.02131	0.02937	0.01485	0.02336	0.01582	0.01889	0.01110	0.01284	0.00994	0.00671	0.00522	0.00174	0.00862	0.00431	0.00331	0.01011
1	0.01209	0.00988	0.01438	0.01352	0.01595	0.00953	0.07557	0.01671	0.06967	0.02488	0.19509	0.21883	0.13386	0.01811	0.00954	0.00289	0.00577	0.13884	0.00722	0.00765
2	0.02016	0.01948	0.03062	0.04482	0.61581	0.05168	0.02293	0.05436	0.01877	0.02615	0.01465	0.01891	0.01221	0.00708	0.00765	0.00229	0.00941	0.00682	0.00403	0.01216
3	0.01763	0.14655	0.36714	0.01826	0.02699	0.01975	0.02066	0.04904	0.13410	0.02587	0.01674	0.01804	0.01263	0.00772	0.00691	0.00222	0.00928	0.00594	0.00441	0.09013
4	0.01002	0.00789	0.00904	0.00876	0.01100	0.00691	0.00657	0.01279	0.01970	0.02576	0.36127	0.06670	0.39027	0.01784	0.00915	0.00253	0.00380	0.01525	0.00783	0.00691
5	0.02896	0.03695	0.02197	0.01998	0.02397	0.69638	0.01498	0.03096	0.02197	0.01898	0.01199	0.01398	0.00999	0.00799	0.00699	0.00200	0.01398	0.00499	0.00400	0.00899
6	0.02043	0.69167	0.07848	0.01378	0.02070	0.02994	0.01417	0.02330	0.01579	0.01861	0.01096	0.01267	0.00994	0.00668	0.00512	0.00171	0.00848	0.00424	0.00331	0.01004
7	0.01347	0.00673	0.01010	0.01010	0.01010	0.00673	0.00673	0.01010	0.01010	0.01347	0.01347	0.02357	0.01347	0.02694	0.03030	0.77441	0.00673	0.00673	0.00337	0.00337
8	0.01096	0.00779	0.00961	0.00923	0.01052	0.00734	0.00640	0.01336	0.01829	0.02538	0.43258	0.05661	0.09410	0.24310	0.01882	0.00407	0.00490	0.01328	0.00723	0.00644
9	0.02345	0.01832	0.02595	0.10141	0.30943	0.01936	0.01887	0.21845	0.06123	0.09882	0.01833	0.02046	0.01372	0.00821	0.00773	0.00237	0.00868	0.00713	0.00581	0.01227
10	0.01896	0.02077	0.04351	0.03300	0.08684	0.01976	0.57094	0.05804	0.01921	0.02615	0.01576	0.02067	0.01188	0.00671	0.00897	0.00258	0.01255	0.00887	0.00412	0.01074
11	0.01731	0.02644	0.24190	0.02814	0.03629	0.01954	0.39315	0.02411	0.01704	0.02411	0.01457	0.01910	0.01100	0.00752	0.01028	0.00265	0.08477	0.00785	0.00367	0.01056
12	0.01929	0.01666	0.01753	0.01578	0.02016	0.01929	0.01227	0.04120	0.66513	0.03243	0.03156	0.02893	0.02367	0.01052	0.00789	0.00263	0.00614	0.00877	0.00789	0.01227
13	0.67490	0.01595	0.01309	0.01129	0.01629	0.01834	0.00930	0.11273	0.01651	0.03680	0.01191	0.01345	0.00908	0.00750	0.00522	0.00239	0.00636	0.00460	0.00522	0.00908
14	0.53596	0.01727	0.01510	0.14097	0.02336	0.08782	0.01173	0.04497	0.01534	0.03087	0.01174	0.01444	0.00909	0.00746	0.00568	0.00239	0.00772	0.00488	0.00457	0.00866
15	0.01959	0.01961	0.03246	0.04466	0.58023	0.05276	0.08802	0.02426	0.01794	0.02496	0.01457	0.01911	0.01211	0.00692	0.00779	0.00232	0.00985	0.00704	0.00385	0.01193
16	0.01075	0.00792	0.01006	0.00952	0.01145	0.00722	0.00714	0.01421	0.02143	0.02986	0.60243	0.05995	0.14655	0.01631	0.00915	0.00246	0.00369	0.01431	0.00837	0.00722
17	0.01978	0.26701	0.06513	0.02166	0.02799	0.12235	0.25142	0.02388	0.01757	0.02123	0.01586	0.08132	0.01443	0.00845	0.00739	0.00224	0.01071	0.00785	0.00400	0.00973
18	0.04266	0.01633	0.02690	0.39272	0.04238	0.01823	0.14656	0.09819	0.01849	0.02524	0.01455	0.01975	0.01099	0.00770	0.00832	0.00247	0.03107	0.00710	0.00420	0.06616
19	0.01079	0.00755	0.00917	0.00924	0.01006	0.00721	0.00604	0.01235	0.01580	0.02159	0.25458	0.15880	0.07593	0.34082	0.02304	0.00487	0.00555	0.01413	0.00652	0.00593
20	0.00970	0.00703	0.00919	0.01067	0.01145	0.00652	0.00737	0.01138	0.01577	0.02094	0.09564	0.59077	0.09886	0.02314	0.00982	0.00307	0.00452	0.05042	0.00730	0.00644
21	0.10414	0.01644	0.01818	0.01478	0.02024	0.01730	0.01193	0.17185	0.23355	0.21204	0.02488	0.02326	0.01760	0.00928	0.00735	0.00236	0.00674	0.00731	0.00774	0.07304

[dist]
# distance from previous block
# <min> <max>
0	1

[block]
# block no. 6 follows, 25 sequences, length 27
# corresponding to MSA columns:
# 263-289
name=unknown_G
#
# <colnr> <probs for GDERKNQSTAVLIFYWHMCP>
#	G	D	E	R	K	N	Q	S	T	A	V	L	I	F	Y	W	H	M	C	P
0	0.05201	0.01625	0.01741	0.01314	0.01949	0.06396	0.01056	0.08640	0.01959	0.15367	0.01722	0.01801	0.01289	0.00706	0.00639	0.00162	0.00681	0.00546	0.00583	0.46622
1	0.00967	0.00684	0.00893	0.01051	0.01091	0.00645	0.00689	0.01085	0.01441	0.01921	0.04050	0.64035	0.04846	0.11024	0.01351	0.00368	0.00487	0.02073	0.00689	0.00610
2	0.07680	0.01462	0.01639	0.01198	0.01864	0.01217	0.00964	0.07902	0.01776	0.02821	0.01400	0.01604	0.01140	0.00619	0.00586	0.00136	0.00602	0.00479	0.00491	0.64422
3	0.01516	0.01431	0.02420	0.63313	0.12507	0.01736	0.02179	0.02027	0.01575	0.02044	0.01387	0.02050	0.01056	0.00766	0.00774	0.00255	0.01021	0.00689	0.00349	0.00903
4	0.09544	0.02858	0.02007	0.01765	0.02218	0.42806	0.01358	0.06735	0.09003	0.11950	0.01701	0.01749	0.01280	0.00849	0.00705	0.00218	0.01107	0.00584	0.00550	0.01013
5	0.06082	0.01586	0.01835	0.01457	0.02017	0.01580	0.01186	0.21708	0.09092	0.24107	0.02440	0.05406	0.01838	0.00991	0.00752	0.00227	0.00689	0.02857	0.00767	0.13386
6	0.56590	0.01559	0.05029	0.01131	0.01634	0.01578	0.00975	0.02445	0.01467	0.13587	0.01508	0.01770	0.01159	0.05864	0.00788	0.00277	0.00651	0.00536	0.00547	0.00907
7	0.01146	0.00805	0.01025	0.00999	0.01195	0.00735	0.00756	0.01462	0.02038	0.05019	0.46194	0.12275	0.16026	0.01736	0.00927	0.00260	0.00410	0.05448	0.00815	0.00729
8	0.05387	0.02008	0.01615	0.01495	0.01758	0.25862	0.01128	0.04559	0.04653	0.02435	0.18300	0.12446	0.03281	0.03469	0.03005	0.00288	0.05879	0.01018	0.00589	0.00825
9	0.02439	0.01395	0.01702	0.01298	0.01908	0.01208	0.01051	0.05756	0.07954	0.29692	0.02496	0.02380	0.04077	0.00845	0.00700	0.00191	0.00619	0.00684	0.00719	0.32887
10	0.01190	0.00801	0.01035	0.01000	0.01190	0.00731	0.00741	0.01499	0.02039	0.06511	0.48132	0.17142	0.11595	0.01726	0.00920	0.00257	0.00399	0.01524	0.00826	0.00741
11	0.33548	0.01817	0.01783	0.01436	0.01990	0.02024	0.01182	0.32754	0.05207	0.08793	0.01683	0.01715	0.01210	0.00852	0.00656	0.00237	0.00726	0.00598	0.00669	0.01120
12	0.11784	0.01357	0.01695	0.01332	0.01882	0.01268	0.01094	0.08083	0.02223	0.50231	0.08598	0.02708	0.02240	0.00987	0.00757	0.00240	0.00641	0.00789	0.00881	0.01211
13	0.07430	0.01372	0.01780	0.01381	0.01969	0.01245	0.01138	0.05825	0.04637	0.60316	0.02915	0.02548	0.01857	0.00949	0.00764	0.00241	0.00661	0.00761	0.00921	0.01290
14	0.01168	0.00913	0.01334	0.01300	0.01416	0.01097	0.01011	0.01417	0.01233	0.01787	0.01993	0.03040	0.01902	0.09686	0.58643	0.01122	0.08998	0.00835	0.00411	0.00694
15	0.01107	0.00743	0.00852	0.00871	0.00876	0.00738	0.00497	0.01122	0.01167	0.01556	0.02645	0.12471	0.03073	0.65007	0.03621	0.00704	0.00718	0.01246	0.00497	0.00487
16	0.01920	0.01830	0.03048	0.04534	0.63243	0.01848	0.02298	0.02503	0.06355	0.02583	0.01579	0.01988	0.01309	0.00716	0.00769	0.00233	0.00899	0.00704	0.00413	0.01228
17	0.74443	0.01465	0.01135	0.01017	0.01483	0.01690	0.00834	0.02239	0.01362	0.03461	0.04339	0.01482	0.01157	0.00762	0.00501	0.00240	0.00588	0.00468	0.00498	0.00834
18	0.07110	0.01793	0.03032	0.10449	0.53259	0.01832	0.06547	0.02343	0.01720	0.02544	0.01433	0.01899	0.01180	0.00698	0.00759	0.00236	0.00936	0.00687	0.00387	0.01155
19	0.01347	0.00673	0.01010	0.01010	0.01010	0.00673	0.00673	0.01010	0.01010	0.01347	0.01347	0.02357	0.01347	0.02694	0.03030	0.77441	0.00673	0.00673	0.00337	0.00337
20	0.01294	0.00988	0.01232	0.01271	0.05058	0.00961	0.00901	0.01875	0.10963	0.04706	0.35956	0.07518	0.18129	0.01572	0.00895	0.00257	0.00465	0.04350	0.00783	0.00826
21	0.01929	0.01666	0.01753	0.01578	0.02016	0.01929	0.01227	0.04120	0.66513	0.03243	0.03156	0.02893	0.02367	0.01052	0.00789	0.00263	0.00614	0.00877	0.00789	0.01227
22	0.01608	0.01374	0.02288	0.65915	0.05100	0.01681	0.02081	0.02110	0.01598	0.06735	0.01498	0.02108	0.01097	0.00788	0.00776	0.00257	0.01007	0.00696	0.00389	0.00894
23	0.01128	0.00752	0.00846	0.00846	0.00846	0.00752	0.00470	0.01128	0.01128	0.01503	0.02443	0.05074	0.02819	0.72751	0.03946	0.00752	0.00752	0.01128	0.00470	0.00470
24	0.26463	0.01842	0.01868	0.01490	0.02055	0.02033	0.01226	0.35627	0.06151	0.11289	0.01818	0.01814	0.01291	0.00875	0.00684	0.00237	0.00740	0.00630	0.00704	0.01164
25	0.01854	0.02143	0.09121	0.03003	0.10210	0.01885	0.41830	0.05157	0.06452	0.02643	0.01654	0.02050	0.01254	0.00698	0.00846	0.00245	0.01134	0.00820	0.00435	0.06565
26	0.05494	0.06951	0.02321	0.01694	0.02265	0.03997	0.05857	0.30713	0.12702	0.09939	0.05727	0.02243	0.01808	0.00925	0.00755	0.00231	0.00796	0.00743	0.00706	0.04135

[dist]
# distance from previous block
# <min> <max>
0	1

[block]
# block no. 7 follows, 25 sequences, length 149
# corresponding to MSA columns:
# 291-439
name=unknown_H
#
# <colnr> <probs for GDERKNQSTAVLIFYWHMCP>
#	G	D	E	R	K	N	Q	S	T	A	V	L	I	F	Y	W	H	M	C	P
0	0.06956	0.01698	0.02380	0.05407	0.12704	0.04993	0.11237	0.10489	0.06936	0.14327	0.10621	0.04528	0.02297	0.00965	0.00799	0.00244	0.00827	0.00864	0.00640	0.01088
1	0.01260	0.00997	0.01543	0.01769	0.08190	0.00975	0.05269	0.01579	0.01694	0.02248	0.03732	0.26967	0.04135	0.01991	0.01006	0.00326	0.00692	0.34204	0.00662	0.00760
2	0.01764	0.14686	0.40344	0.02181	0.03114	0.02035	0.12808	0.06537	0.01797	0.02512	0.01515	0.01963	0.01185	0.00783	0.00744	0.00239	0.01084	0.03227	0.00385	0.01098
3	0.02422	0.16649	0.11352	0.01914	0.02522	0.28177	0.05799	0.12003	0.07436	0.02541	0.01481	0.01635	0.01166	0.00795	0.00698	0.00213	0.01106	0.00580	0.00463	0.01047
4	0.01128	0.00752	0.00846	0.00846	0.00846	0.00752	0.00470	0.01128	0.01128	0.01503	0.02443	0.05074	0.02819	0.72751	0.03946	0.00752	0.00752	0.01128	0.00470	0.00470
5	0.01848	0.02095	0.04165	0.08394	0.03963	0.05327	0.53679	0.02442	0.01792	0.02383	0.01506	0.02034	0.01148	0.00708	0.00980	0.00262	0.05010	0.00864	0.00386	0.01014
6	0.01122	0.00877	0.01299	0.06217	0.01623	0.00846	0.04643	0.01448	0.01917	0.02658	0.40197	0.24853	0.05853	0.01719	0.00927	0.00267	0.00495	0.01558	0.00750	0.00730
7	0.01931	0.47065	0.21130	0.01544	0.02304	0.02500	0.01694	0.02365	0.01658	0.04869	0.05434	0.01695	0.01429	0.00754	0.00600	0.00195	0.00878	0.00535	0.00390	0.01033
8	0.70233	0.04648	0.01330	0.01095	0.01577	0.06122	0.00902	0.02333	0.01386	0.03309	0.01087	0.01268	0.00856	0.00722	0.00495	0.00234	0.00660	0.00425	0.00468	0.00850
9	0.25253	0.02319	0.20435	0.01912	0.06349	0.01773	0.07111	0.10457	0.01905	0.13122	0.01629	0.01759	0.01155	0.00780	0.00688	0.00242	0.00871	0.00610	0.00535	0.01098
10	0.02980	0.01646	0.08041	0.01493	0.02109	0.01364	0.01317	0.06691	0.11367	0.47883	0.04821	0.02639	0.02030	0.00970	0.00781	0.00243	0.00699	0.00789	0.00864	0.01272
11	0.01789	0.01485	0.01705	0.01234	0.01914	0.01219	0.00994	0.10517	0.01883	0.02845	0.01443	0.01642	0.01171	0.00622	0.00601	0.00131	0.00612	0.00492	0.00502	0.67197
12	0.01737	0.00998	0.01276	0.01121	0.01430	0.00937	0.00870	0.02249	0.08103	0.18691	0.44236	0.04827	0.07554	0.01399	0.00871	0.00245	0.00460	0.01213	0.00869	0.00915
13	0.01609	0.01519	0.02528	0.37057	0.09808	0.01751	0.10061	0.04751	0.04675	0.02310	0.04281	0.06599	0.01647	0.00957	0.00964	0.00265	0.07001	0.00850	0.00436	0.00933
14	0.01030	0.00790	0.00944	0.00905	0.01117	0.00703	0.00679	0.01333	0.02037	0.02734	0.45429	0.06410	0.29626	0.01725	0.00915	0.00251	0.00376	0.01489	0.00804	0.00703
15	0.02081	0.01455	0.01720	0.01259	0.01925	0.01203	0.01018	0.09244	0.01938	0.14258	0.01724	0.01815	0.01301	0.00681	0.00632	0.00150	0.00620	0.00541	0.00581	0.55853
16	0.01225	0.00876	0.01215	0.01356	0.01535	0.00867	0.01167	0.01584	0.01850	0.02446	0.14235	0.08274	0.04918	0.02053	0.01046	0.00339	0.00658	0.52902	0.00736	0.00717
17	0.01249	0.00892	0.01249	0.01428	0.01606	0.00892	0.01249	0.01606	0.01785	0.02320	0.04105	0.08746	0.04462	0.02142	0.01071	0.00357	0.00714	0.62695	0.00714	0.00714
18	0.01795	0.02095	0.08578	0.07874	0.18437	0.01941	0.36937	0.02374	0.01730	0.02409	0.01473	0.01985	0.01152	0.00734	0.00994	0.00259	0.06986	0.00805	0.00378	0.01066
19	0.01788	0.02389	0.14508	0.03104	0.03944	0.01936	0.55463	0.02479	0.01800	0.02479	0.01541	0.02021	0.01146	0.00666	0.00887	0.00259	0.01282	0.00862	0.00382	0.01061
20	0.01995	0.45289	0.14807	0.01615	0.02321	0.05679	0.04505	0.04849	0.05181	0.02213	0.04096	0.01660	0.01353	0.00751	0.00611	0.00196	0.00902	0.00546	0.00400	0.01032
21	0.02547	0.03076	0.02185	0.12226	0.02773	0.51053	0.01580	0.04841	0.02058	0.02002	0.01279	0.01603	0.01059	0.01056	0.03967	0.00264	0.04576	0.00558	0.00402	0.00895
22	0.01108	0.00831	0.01246	0.01246	0.01385	0.00969	0.00969	0.01385	0.01246	0.01800	0.02077	0.03046	0.01938	0.05815	0.69678	0.01246	0.02077	0.00831	0.00415	0.00692
23	0.01608	0.01378	0.01608	0.01148	0.01837	0.01034	0.00919	0.01952	0.01608	0.02527	0.01378	0.01608	0.01148	0.00574	0.00574	0.00115	0.00574	0.00459	0.00459	0.77491
24	0.01055	0.00795	0.00978	0.00944	0.01147	0.00718	0.00715	0.01375	0.02063	0.02804	0.48852	0.06364	0.23350	0.01710	0.00922	0.00253	0.00388	0.04045	0.00812	0.00710
25	0.01919	0.01842	0.03147	0.04759	0.67914	0.01842	0.02380	0.02380	0.01765	0.02533	0.01458	0.01919	0.01228	0.00691	0.00768	0.00230	0.00921	0.00691	0.00384	0.01228
26	0.01206	0.00862	0.01200	0.01379	0.01538	0.00855	0.01175	0.01532	0.01742	0.02272	0.04129	0.17728	0.04556	0.02183	0.01059	0.00351	0.00677	0.54138	0.00715	0.00702
27	0.78228	0.01499	0.01140	0.01020	0.01499	0.01739	0.00840	0.02279	0.01320	0.03479	0.01080	0.01260	0.00840	0.00720	0.00480	0.00240	0.00600	0.00420	0.00480	0.00840
28	0.01627	0.01103	0.01290	0.01254	0.04903	0.03665	0.00900	0.04189	0.02089	0.13895	0.28414	0.05276	0.25350	0.01500	0.00871	0.00246	0.00513	0.01273	0.00782	0.00861
29	0.02073	0.73217	0.04063	0.01327	0.01990	0.03068	0.01327	0.02322	0.01575	0.01824	0.01078	0.01244	0.00995	0.00663	0.00498	0.00166	0.00829	0.00415	0.00332	0.00995
30	0.02738	0.02048	0.02214	0.01685	0.02316	0.02190	0.01387	0.55411	0.03327	0.04517	0.01786	0.01822	0.01292	0.00875	0.00744	0.00214	0.00810	0.00661	0.00726	0.13239
31	0.02073	0.73217	0.04063	0.01327	0.01990	0.03068	0.01327	0.02322	0.01575	0.01824	0.01078	0.01244	0.00995	0.00663	0.00498	0.00166	0.00829	0.00415	0.00332	0.00995
