[name]
unknown

[dist]
# distance from previous block
# <min> <max>
8	16

[block]
# block no. 0 follows, 25 sequences, length 14
# corresponding to MSA columns:
# 17-30
name=unknown_A
#
# <colnr> <probs for GDERKNQSTAVLIFYWHMCP>
#	G	D	E	R	K	N	Q	S	T	A	V	L	I	F	Y	W	H	M	C	P
0	0.00952	0.00681	0.00907	0.01074	0.01126	0.00635	0.00720	0.01099	0.01521	0.02037	0.07508	0.68846	0.05240	0.02386	0.00986	0.00311	0.00446	0.02163	0.00727	0.00635
1	0.07788	0.01256	0.01565	0.01282	0.01756	0.01181	0.01031	0.05855	0.06609	0.40269	0.12764	0.06816	0.06064	0.01167	0.00798	0.00247	0.00594	0.00967	0.00867	0.01125
2	0.06183	0.00747	0.00929	0.01070	0.01163	0.00718	0.00739	0.01196	0.01528	0.02151	0.07358	0.60008	0.07109	0.02247	0.00951	0.00306	0.00461	0.03774	0.00710	0.00652
3	0.00967	0.00689	0.00909	0.01059	0.01113	0.00645	0.00708	0.01116	0.01528	0.02054	0.09712	0.63016	0.05202	0.05931	0.01133	0.00331	0.00458	0.02079	0.00719	0.00631
4	0.03562	0.00716	0.00909	0.00949	0.01030	0.00709	0.00657	0.01297	0.01348	0.02051	0.04682	0.20468	0.02678	0.02044	0.01685	0.31823	0.00519	0.01096	0.21232	0.00545
5	0.01360	0.01194	0.06080	0.01264	0.01523	0.01034	0.01026	0.11395	0.02036	0.02782	0.20047	0.35326	0.04760	0.01837	0.00923	0.00281	0.00557	0.05037	0.00734	0.00806
6	0.01714	0.03624	0.57363	0.02267	0.03337	0.01773	0.09389	0.02548	0.01697	0.06919	0.01523	0.01753	0.01066	0.00743	0.00759	0.00247	0.01130	0.00623	0.00377	0.01147
7	0.01001	0.00730	0.00936	0.01048	0.01142	0.00667	0.00707	0.01151	0.01509	0.02030	0.06921	0.57454	0.07640	0.07488	0.01179	0.00331	0.00473	0.01966	0.00692	0.04937
8	0.01783	0.02245	0.11134	0.02994	0.03715	0.01998	0.50180	0.02400	0.01726	0.02400	0.01478	0.01991	0.01135	0.00754	0.01109	0.00270	0.10431	0.00848	0.00378	0.01031
9	0.02527	0.04827	0.02122	0.01858	0.02220	0.46002	0.01437	0.05242	0.08892	0.02201	0.01602	0.02019	0.01365	0.00951	0.00895	0.00227	0.07849	0.03697	0.03134	0.00931
10	0.71949	0.01461	0.01152	0.01024	0.01497	0.01673	0.00841	0.02327	0.01371	0.06321	0.01223	0.01384	0.00932	0.00737	0.00495	0.00238	0.00593	0.00447	0.03476	0.00856
11	0.02145	0.11118	0.01814	0.01272	0.01661	0.04848	0.01021	0.10018	0.02111	0.19268	0.15210	0.13065	0.03233	0.04786	0.00938	0.00261	0.00646	0.01046	0.04570	0.00968
12	0.10280	0.01081	0.01070	0.00955	0.01251	0.01151	0.00750	0.13775	0.01971	0.03331	0.02243	0.02516	0.01734	0.00888	0.00579	0.00197	0.00480	0.00684	0.54216	0.00847
13	0.01810	0.02052	0.04450	0.07042	0.04124	0.01947	0.61585	0.02456	0.01814	0.02456	0.01558	0.02090	0.01168	0.00660	0.00907	0.00261	0.01292	0.00902	0.00389	0.01035

[dist]
# distance from previous block
# <min> <max>
0	1

[block]
# block no. 1 follows, 25 sequences, length 7
# corresponding to MSA columns:
# 32-38
name=unknown_B
#
# <colnr> <probs for GDERKNQSTAVLIFYWHMCP>
#	G	D	E	R	K	N	Q	S	T	A	V	L	I	F	Y	W	H	M	C	P
0	0.04733	0.06816	0.10774	0.02546	0.03225	0.01914	0.36605	0.02470	0.01734	0.08822	0.01702	0.04867	0.01351	0.00838	0.01002	0.00260	0.08013	0.00843	0.00448	0.01036
1	0.08984	0.01088	0.01221	0.01107	0.01416	0.01080	0.00837	0.02072	0.13444	0.05031	0.25817	0.10004	0.08950	0.06085	0.01015	0.00274	0.00501	0.01154	0.00719	0.09202
2	0.01997	0.02076	0.02801	0.18401	0.42759	0.14003	0.02173	0.02423	0.01797	0.02301	0.01395	0.01857	0.01145	0.00728	0.00757	0.00231	0.01031	0.00656	0.00378	0.01091
3	0.06905	0.01387	0.02171	0.59053	0.04722	0.01656	0.01938	0.01999	0.01540	0.02141	0.01357	0.01965	0.01031	0.00751	0.00734	0.00243	0.00958	0.00647	0.00365	0.08436
4	0.01691	0.01643	0.02892	0.36465	0.31500	0.01796	0.08432	0.02198	0.01668	0.02262	0.01431	0.02007	0.01129	0.00728	0.00786	0.00247	0.01013	0.00712	0.00366	0.01034
5	0.01884	0.02023	0.07940	0.04416	0.56384	0.01852	0.09255	0.02396	0.01763	0.02522	0.01466	0.01918	0.01205	0.00690	0.00781	0.00235	0.00979	0.00707	0.00381	0.01202
6	0.01882	0.47740	0.27871	0.01652	0.02493	0.02601	0.01893	0.02371	0.01598	0.02057	0.01193	0.01389	0.00990	0.00690	0.00586	0.00195	0.00946	0.00473	0.00330	0.01051

[dist]
# distance from previous block
# <min> <max>
1	9

[block]
# block no. 2 follows, 25 sequences, length 7
# corresponding to MSA columns:
# 48-54
name=unknown_C
#
# <colnr> <probs for GDERKNQSTAVLIFYWHMCP>
#	G	D	E	R	K	N	Q	S	T	A	V	L	I	F	Y	W	H	M	C	P
0	0.53325	0.01510	0.01526	0.19437	0.02566	0.01777	0.01225	0.06154	0.01526	0.03173	0.01207	0.01510	0.00921	0.00748	0.00576	0.00244	0.00730	0.00508	0.00463	0.00875
1	0.01832	0.01754	0.02990	0.17389	0.55963	0.01819	0.02336	0.02303	0.01724	0.02428	0.01443	0.01947	0.01191	0.00707	0.00769	0.00236	0.00943	0.00691	0.00376	0.01158
2	0.01518	0.01433	0.02422	0.63110	0.12699	0.01737	0.02180	0.02028	0.01576	0.02046	0.01388	0.02050	0.01056	0.00765	0.00774	0.00255	0.01020	0.00689	0.00349	0.00904
3	0.05018	0.01019	0.01417	0.01218	0.01515	0.00971	0.05537	0.01950	0.05351	0.09872	0.49661	0.04837	0.05756	0.01385	0.00874	0.00246	0.00489	0.01230	0.00810	0.00846
4	0.01894	0.01872	0.02928	0.17304	0.51654	0.06187	0.02279	0.02349	0.01752	0.02386	0.01426	0.01914	0.01176	0.00714	0.00765	0.00234	0.00974	0.00678	0.00377	0.01136
5	0.06713	0.01124	0.01157	0.01088	0.01357	0.05926	0.00827	0.01771	0.04468	0.05784	0.31111	0.10900	0.17367	0.01550	0.00858	0.00250	0.00512	0.03265	0.00742	0.03231
6	0.01454	0.01317	0.02212	0.64865	0.04967	0.01632	0.02026	0.01897	0.01504	0.01926	0.01375	0.02092	0.01061	0.00941	0.00970	0.06910	0.01003	0.00688	0.00344	0.00816

[dist]
# distance from previous block
# <min> <max>
5	10

[block]
# block no. 3 follows, 25 sequences, length 95
# corresponding to MSA columns:
# 65-159
name=unknown_D
#
# <colnr> <probs for GDERKNQSTAVLIFYWHMCP>
#	G	D	E	R	K	N	Q	S	T	A	V	L	I	F	Y	W	H	M	C	P
0	0.58138	0.01490	0.01292	0.01117	0.01587	0.01676	0.00913	0.09142	0.01711	0.06919	0.08208	0.01869	0.01624	0.00845	0.00573	0.00240	0.00606	0.00571	0.00576	0.00905
1	0.01784	0.01704	0.02903	0.24426	0.49304	0.01807	0.02312	0.02261	0.01702	0.02369	0.01435	0.01963	0.01170	0.00716	0.00770	0.00239	0.00955	0.00690	0.00372	0.01119
2	0.44428	0.01578	0.01529	0.04586	0.01926	0.01756	0.01074	0.14497	0.04604	0.12042	0.04169	0.01835	0.01394	0.00841	0.00619	0.00241	0.00668	0.00589	0.00619	0.01006
3	0.12917	0.01965	0.03851	0.02815	0.03475	0.01971	0.49276	0.02391	0.01690	0.02565	0.01441	0.01930	0.01111	0.00735	0.01018	0.00266	0.08367	0.00819	0.00399	0.00996
4	0.02789	0.02074	0.02221	0.01731	0.02313	0.02301	0.01415	0.57409	0.09310	0.04614	0.02001	0.02072	0.01469	0.03533	0.00891	0.00254	0.00828	0.00730	0.00766	0.01280
5	0.00966	0.00749	0.00892	0.00976	0.01131	0.00658	0.00682	0.01134	0.01593	0.02047	0.05433	0.45360	0.27594	0.02171	0.00943	0.00286	0.00435	0.01915	0.00707	0.04327
6	0.00945	0.00675	0.00900	0.01080	0.01125	0.00630	0.00720	0.01080	0.01484	0.01979	0.04274	0.72245	0.05128	0.02429	0.00990	0.00315	0.00450	0.02204	0.00720	0.00630
7	0.01880	0.01623	0.01707	0.01540	0.01970	0.01867	0.01197	0.03976	0.63406	0.03188	0.03381	0.03112	0.05497	0.01096	0.00795	0.00263	0.00603	0.00913	0.00786	0.01200
8	0.01794	0.02022	0.04355	0.09874	0.04178	0.01938	0.58949	0.02435	0.01803	0.02435	0.01550	0.02089	0.01163	0.00665	0.00901	0.00261	0.01280	0.00893	0.00388	0.01028
9	0.01097	0.00793	0.01036	0.00975	0.01158	0.00732	0.00732	0.01463	0.02195	0.03109	0.67505	0.05792	0.07316	0.01585	0.00914	0.00244	0.00366	0.01402	0.00854	0.00732
10	0.00945	0.00675	0.00900	0.01080	0.01125	0.00630	0.00720	0.01080	0.01484	0.01979	0.04274	0.72245	0.05128	0.02429	0.00990	0.00315	0.00450	0.02204	0.00720	0.00630
11	0.02017	0.58686	0.15014	0.01504	0.02239	0.05470	0.01596	0.02375	0.01610	0.01935	0.01136	0.01317	0.00993	0.00681	0.00546	0.00181	0.00906	0.00445	0.00334	0.01017
12	0.01919	0.01842	0.03147	0.04759	0.67914	0.01842	0.02380	0.02380	0.01765	0.02533	0.01458	0.01919	0.01228	0.00691	0.00768	0.00230	0.00921	0.00691	0.00384	0.01228
13	0.78228	0.01499	0.01140	0.01020	0.01499	0.01739	0.00840	0.02279	0.01320	0.03479	0.01080	0.01260	0.00840	0.00720	0.00480	0.00240	0.00600	0.00420	0.00480	0.00840
14	0.01464	0.01378	0.02326	0.70887	0.05340	0.01723	0.02153	0.01981	0.01550	0.01981	0.01378	0.02067	0.01034	0.00775	0.00775	0.00258	0.01034	0.00689	0.00345	0.00861
15	0.01128	0.00752	0.00846	0.00846	0.00846	0.00752	0.00470	0.01128	0.01128	0.01503	0.02443	0.05074	0.02819	0.72751	0.03946	0.00752	0.00752	0.01128	0.00470	0.00470
16	0.01019	0.00801	0.01210	0.01255	0.01373	0.00745	0.06237	0.01201	0.01526	0.02027	0.04190	0.63542	0.07379	0.02258	0.00980	0.00308	0.00521	0.02070	0.00692	0.00666
17	0.01487	0.01409	0.02330	0.64161	0.05017	0.01786	0.02109	0.01970	0.01515	0.01970	0.01343	0.02031	0.01032	0.00832	0.00948	0.00266	0.07901	0.00688	0.00344	0.00860
18	0.00945	0.00675	0.00900	0.01080	0.01125	0.00630	0.00720	0.01080	0.01484	0.01979	0.04274	0.72245	0.05128	0.02429	0.00990	0.00315	0.00450	0.02204	0.00720	0.00630
19	0.70264	0.01452	0.01167	0.01035	0.01505	0.01654	0.00849	0.02309	0.01412	0.06688	0.04836	0.01578	0.01250	0.00779	0.00519	0.00240	0.00590	0.00492	0.00524	0.00858
20	0.01884	0.18287	0.18033	0.02081	0.05391	0.08744	0.13046	0.02370	0.01692	0.02254	0.01317	0.01616	0.01064	0.00709	0.00769	0.00206	0.04342	0.00580	0.00374	0.15242
21	0.02620	0.02009	0.02126	0.01719	0.02252	0.04420	0.01392	0.39356	0.22219	0.07432	0.02255	0.02188	0.01640	0.00981	0.00846	0.00245	0.03533	0.00748	0.00760	0.01259
22	0.01548	0.01206	0.01366	0.01319	0.01601	0.01303	0.00984	0.02728	0.33794	0.05452	0.08646	0.27400	0.06227	0.01603	0.00873	0.00279	0.00531	0.01404	0.00774	0.00963
23	0.01813	0.03562	0.01644	0.01382	0.01781	0.01632	0.01088	0.14925	0.30591	0.03261	0.12273	0.07187	0.12991	0.01298	0.00824	0.00254	0.00591	0.01082	0.00768	0.01053
24	0.00982	0.00702	0.00938	0.01094	0.01162	0.00659	0.00759	0.01156	0.01577	0.02117	0.10616	0.61030	0.05301	0.02324	0.00988	0.00311	0.00460	0.06445	0.00733	0.00646
25	0.02387	0.02046	0.02076	0.01709	0.02239	0.11866	0.04369	0.17731	0.27798	0.08312	0.02302	0.02244	0.01706	0.00911	0.00756	0.00230	0.00817	0.00731	0.00688	0.09084
26	0.01779	0.01419	0.01657	0.01196	0.01876	0.01115	0.00961	0.05538	0.01752	0.06099	0.01493	0.01676	0.01198	0.00614	0.00596	0.00128	0.00594	0.00489	0.00503	0.69318
27	0.74658	0.01531	0.01196	0.01056	0.01542	0.01771	0.00870	0.05269	0.01430	0.03546	0.01117	0.01288	0.00862	0.00730	0.00494	0.00240	0.00612	0.00433	0.00494	0.00862
28	0.01843	0.01933	0.05856	0.19304	0.39941	0.07102	0.02188	0.02370	0.03947	0.02367	0.01601	0.02259	0.01348	0.00803	0.00778	0.00242	0.00975	0.03652	0.00403	0.01090
29	0.02454	0.19220	0.02583	0.01799	0.05446	0.20777	0.01407	0.13428	0.14229	0.05668	0.01749	0.01808	0.01365	0.00829	0.00683	0.00209	0.00936	0.00603	0.00546	0.04263
30	0.01018	0.00754	0.00965	0.01090	0.01217	0.00700	0.00811	0.01233	0.01664	0.02169	0.10140	0.40303	0.17327	0.02206	0.00987	0.00308	0.00489	0.15227	0.00730	0.00661
31	0.01555	0.04011	0.68733	0.02210	0.03356	0.01801	0.02865	0.02455	0.01637	0.02455	0.01391	0.01637	0.00982	0.00737	0.00737	0.00246	0.01146	0.00573	0.00327	0.01146
32	0.00945	0.00675	0.00900	0.01080	0.01125	0.00630	0.00720	0.01080	0.01484	0.01979	0.04274	0.72245	0.05128	0.02429	0.00990	0.00315	0.00450	0.02204	0.00720	0.00630
33	0.01464	0.01378	0.02326	0.70887	0.05340	0.01723	0.02153	0.01981	0.01550	0.01981	0.01378	0.02067	0.01034	0.00775	0.00775	0.00258	0.01034	0.00689	0.00345	0.00861
34	0.01445	0.00723	0.00723	0.00723	0.00903	0.00723	0.00542	0.01807	0.01626	0.02891	0.02529	0.02891	0.01987	0.00903	0.00542	0.00181	0.00361	0.00723	0.77055	0.00723
35	0.01919	0.01842	0.03147	0.04759	0.67914	0.01842	0.02380	0.02380	0.01765	0.02533	0.01458	0.01919	0.01228	0.00691	0.00768	0.00230	0.00921	0.00691	0.00384	0.01228
36	0.78228	0.01499	0.01140	0.01020	0.01499	0.01739	0.00840	0.02279	0.01320	0.03479	0.01080	0.01260	0.00840	0.00720	0.00480	0.00240	0.00600	0.00420	0.00480	0.00840
37	0.02625	0.02158	0.02093	0.01723	0.02253	0.10856	0.01378	0.33828	0.24447	0.07020	0.02267	0.02185	0.01657	0.00956	0.00770	0.00239	0.00834	0.00736	0.00740	0.01234
38	0.02395	0.02574	0.02603	0.10171	0.20712	0.28496	0.04662	0.12005	0.02176	0.02552	0.01399	0.01723	0.01122	0.00798	0.00808	0.00227	0.03456	0.00626	0.00443	0.01053
39	0.00947	0.00790	0.00828	0.00828	0.01079	0.00671	0.00628	0.01166	0.01811	0.02205	0.13711	0.07342	0.59205	0.01932	0.00922	0.00264	0.00402	0.03872	0.00733	0.00664
40	0.78228	0.01499	0.01140	0.01020	0.01499	0.01739	0.00840	0.02279	0.01320	0.03479	0.01080	0.01260	0.00840	0.00720	0.00480	0.00240	0.00600	0.00420	0.00480	0.00840
41	0.01347	0.00673	0.01010	0.01010	0.01010	0.00673	0.00673	0.01010	0.01010	0.01347	0.01347	0.02357	0.01347	0.02694	0.03030	0.77441	0.00673	0.00673	0.00337	0.00337
42	0.06925	0.01826	0.02060	0.01599	0.02196	0.01923	0.01317	0.38319	0.06332	0.25989	0.02290	0.02145	0.01550	0.00936	0.00763	0.00237	0.00763	0.00720	0.00823	0.01290
43	0.01108	0.00831	0.01246	0.01246	0.01385	0.00969	0.00969	0.01385	0.01246	0.01800	0.02077	0.03046	0.01938	0.05815	0.69678	0.01246	0.02077	0.00831	0.00415	0.00692
44	0.01608	0.01378	0.01608	0.01148	0.01837	0.01034	0.00919	0.01952	0.01608	0.02527	0.01378	0.01608	0.01148	0.00574	0.00574	0.00115	0.00574	0.00459	0.00459	0.77491
45	0.02297	0.01787	0.01970	0.01753	0.05226	0.01989	0.01332	0.24211	0.36656	0.06854	0.02845	0.02690	0.04776	0.01030	0.00789	0.00250	0.00700	0.00837	0.00771	0.01237
46	0.01197	0.00973	0.01293	0.01283	0.01435	0.04382	0.00995	0.01470	0.01293	0.01805	0.02033	0.02964	0.01892	0.05566	0.66250	0.01194	0.02043	0.00814	0.00415	0.00703
47	0.00945	0.00675	0.00900	0.01080	0.01125	0.00630	0.00720	0.01080	0.01484	0.01979	0.04274	0.72245	0.05128	0.02429	0.00990	0.00315	0.00450	0.02204	0.00720	0.00630
48	0.02073	0.73217	0.04063	0.01327	0.01990	0.03068	0.01327	0.02322	0.01575	0.01824	0.01078	0.01244	0.00995	0.00663	0.00498	0.00166	0.00829	0.00415	0.00332	0.00995
49	0.01904	0.01651	0.01783	0.05197	0.02190	0.01918	0.01276	0.04008	0.63121	0.03178	0.03063	0.02850	0.02297	0.01037	0.00788	0.00263	0.00636	0.00867	0.00766	0.01208
50	0.01125	0.00763	0.00905	0.00905	0.00925	0.00784	0.00543	0.01165	0.01145	0.01547	0.02389	0.04775	0.02689	0.62881	0.13639	0.00825	0.00947	0.01084	0.00462	0.00503
51	0.02845	0.03518	0.02256	0.02139	0.06006	0.62562	0.01545	0.06150	0.02245	0.02081	0.01246	0.01450	0.01027	0.00800	0.00707	0.00203	0.01345	0.00520	0.00417	0.00938
52	0.02074	0.67239	0.07376	0.01396	0.02075	0.05266	0.01413	0.02355	0.01600	0.01860	0.01098	0.01270	0.00994	0.00672	0.00517	0.00171	0.00865	0.00426	0.00334	0.01000
53	0.02898	0.02259	0.02292	0.01790	0.02387	0.07223	0.01464	0.58107	0.06358	0.04598	0.01872	0.01874	0.01343	0.00927	0.00771	0.00232	0.00882	0.00692	0.00749	0.01284
54	0.01464	0.01378	0.02326	0.70887	0.05340	0.01723	0.02153	0.01981	0.01550	0.01981	0.01378	0.02067	0.01034	0.00775	0.00775	0.00258	0.01034	0.00689	0.00345	0.00861
55	0.00945	0.00675	0.00900	0.01080	0.01125	0.00630	0.00720	0.01080	0.01484	0.01979	0.04274	0.72245	0.05128	0.02429	0.00990	0.00315	0.00450	0.02204	0.00720	0.00630
56	0.02902	0.02149	0.02301	0.01775	0.02387	0.02383	0.01463	0.62587	0.06462	0.04813	0.01920	0.01908	0.01366	0.00936	0.00776	0.00234	0.00842	0.00706	0.00776	0.01315
57	0.00916	0.00785	0.00785	0.00785	0.01047	0.00655	0.00589	0.01113	0.01767	0.02095	0.07855	0.07462	0.67599	0.01964	0.00916	0.00262	0.00393	0.01636	0.00720	0.00655
58	0.01894	0.01845	0.02885	0.11176	0.53195	0.05264	0.02208	0.02411	0.04301	0.02492	0.03829	0.02082	0.01455	0.00751	0.00771	0.00233	0.00926	0.00713	0.00413	0.01156
59	0.01819	0.02036	0.04263	0.03193	0.06596	0.02003	0.55165	0.02409	0.01754	0.02416	0.01501	0.02039	0.01161	0.00735	0.01094	0.00269	0.09253	0.00878	0.00386	0.01031
60	0.02391	0.02053	0.02677	0.02067	0.02594	0.04819	0.14201	0.35136	0.05373	0.03633	0.02013	0.02195	0.04669	0.00991	0.01069	0.00256	0.11319	0.00786	0.00618	0.01140
61	0.01953	0.57223	0.19009	0.01531	0.02306	0.02775	0.01682	0.02353	0.01590	0.01970	0.01150	0.01335	0.00992	0.00680	0.00553	0.00184	0.00902	0.00451	0.00331	0.01030
62	0.01886	0.01809	0.03088	0.09519	0.63410	0.01834	0.02363	0.02351	0.01750	0.02493	0.01453	0.01930	0.01214	0.00697	0.00768	0.00232	0.00929	0.00691	0.00381	0.01202
63	0.01113	0.00810	0.01142	0.01142	0.01245	0.00913	0.00840	0.01318	0.01215	0.01723	0.02172	0.03572	0.02167	0.23174	0.52632	0.01118	0.01733	0.00908	0.00429	0.00635
64	0.21051	0.02010	0.02041	0.01600	0.02187	0.02245	0.01321	0.50166	0.03086	0.04548	0.01674	0.01717	0.01203	0.00880	0.00705	0.00234	0.00792	0.00631	0.00705	0.01203
65	0.01830	0.02092	0.04575	0.03268	0.04052	0.01961	0.65098	0.02484	0.01830	0.02484	0.01569	0.02092	0.01176	0.00654	0.00915	0.00261	0.01307	0.00915	0.00392	0.01046
66	0.00953	0.00678	0.00897	0.01069	0.01112	0.00635	0.00709	0.01082	0.01469	0.01959	0.04194	0.69328	0.05028	0.05483	0.01118	0.00334	0.00463	0.02157	0.00709	0.00623
67	0.01060	0.00891	0.00936	0.00921	0.01194	0.00816	0.00705	0.01502	0.09143	0.02302	0.10957	0.06903	0.53029	0.01845	0.00910	0.00266	0.00433	0.04723	0.00736	0.00728
68	0.00951	0.00680	0.00905	0.01075	0.01126	0.00634	0.00720	0.01095	0.01514	0.02026	0.06873	0.69513	0.05218	0.02394	0.00987	0.00312	0.00446	0.02171	0.00725	0.00634
69	0.01992	0.01651	0.01755	0.01570	0.02015	0.01896	0.01224	0.04106	0.63870	0.05924	0.03152	0.02882	0.02348	0.01048	0.00789	0.00262	0.00616	0.00873	0.00796	0.01231
70	0.02975	0.02128	0.02300	0.01763	0.02383	0.02340	0.01457	0.62178	0.03573	0.08140	0.01923	0.01901	0.01349	0.00932	0.00776	0.00233	0.00843	0.00702	0.00785	0.01319
71	0.01620	0.01389	0.01613	0.01164	0.01844	0.01067	0.00930	0.02033	0.04009	0.02553	0.01444	0.01655	0.01194	0.00592	0.00582	0.00120	0.00576	0.00475	0.00472	0.74669
72	0.02846	0.02096	0.02256	0.01739	0.02336	0.02312	0.01433	0.61811	0.03566	0.04789	0.05477	0.02078	0.01649	0.00967	0.00783	0.00233	0.00826	0.00737	0.00780	0.01286
73	0.03479	0.01320	0.01799	0.01380	0.01979	0.01140	0.01140	0.03779	0.02219	0.68451	0.03059	0.02639	0.01919	0.00960	0.00780	0.00240	0.00660	0.00780	0.00960	0.01320
74	0.03453	0.01361	0.01825	0.01399	0.02000	0.01201	0.01156	0.06751	0.02288	0.65382	0.03001	0.02602	0.01890	0.00958	0.00780	0.00240	0.00669	0.00776	0.00951	0.01319
75	0.02073	0.73217	0.04063	0.01327	0.01990	0.03068	0.01327	0.02322	0.01575	0.01824	0.01078	0.01244	0.00995	0.00663	0.00498	0.00166	0.00829	0.00415	0.00332	0.00995
76	0.01929	0.01666	0.01753	0.01578	0.02016	0.01929	0.01227	0.04120	0.66513	0.03243	0.03156	0.02893	0.02367	0.01052	0.00789	0.00263	0.00614	0.00877	0.00789	0.01227
77	0.78228	0.01499	0.01140	0.01020	0.01499	0.01739	0.00840	0.02279	0.01320	0.03479	0.01080	0.01260	0.00840	0.00720	0.00480	0.00240	0.00600	0.00420	0.00480	0.00840
78	0.02222	0.05191	0.25625	0.01939	0.02709	0.01883	0.04147	0.18548	0.04448	0.07326	0.02101	0.02717	0.01700	0.01041	0.00838	0.00269	0.00962	0.06557	0.00613	0.09166
79	0.01109	0.00826	0.01224	0.01224	0.01355	0.00957	0.00942	0.01370	0.01240	0.01784	0.02097	0.03158	0.01987	0.09502	0.66058	0.01219	0.02004	0.00847	0.00418	0.00680
80	0.06517	0.02140	0.02271	0.01748	0.02362	0.02373	0.01444	0.62339	0.03535	0.04820	0.01824	0.01833	0.01296	0.00921	0.00762	0.00233	0.00841	0.00685	0.00762	0.01296
81	0.01445	0.00723	0.00723	0.00723	0.00903	0.00723	0.00542	0.01807	0.01626	0.02891	0.02529	0.02891	0.01987	0.00903	0.00542	0.00181	0.00361	0.00723	0.77055	0.00723
82	0.01347	0.00673	0.01010	0.01010	0.01010	0.00673	0.00673	0.01010	0.01010	0.01347	0.01347	0.02357	0.01347	0.02694	0.03030	0.77441	0.00673	0.00673	0.00337	0.00337
83	0.01276	0.00876	0.01132	0.01014	0.01267	0.00782	0.00771	0.01636	0.02141	0.06654	0.57800	0.05229	0.06445	0.01457	0.00875	0.00232	0.00401	0.01280	0.00823	0.07909
84	0.01020	0.00816	0.00917	0.00907	0.01131	0.00732	0.00674	0.01351	0.04688	0.02454	0.26122	0.12639	0.40078	0.01847	0.00917	0.00261	0.00399	0.01581	0.00765	0.00701
85	0.01012	0.00726	0.00960	0.01034	0.01139	0.00674	0.00725	0.01248	0.01796	0.02474	0.31983	0.43124	0.06087	0.02059	0.00957	0.00284	0.00413	0.01853	0.00778	0.00674
86	0.01445	0.00723	0.00723	0.00723	0.00903	0.00723	0.00542	0.01807	0.01626	0.02891	0.02529	0.02891	0.01987	0.00903	0.00542	0.00181	0.00361	0.00723	0.77055	0.00723
87	0.02073	0.73217	0.04063	0.01327	0.01990	0.03068	0.01327	0.02322	0.01575	0.01824	0.01078	0.01244	0.00995	0.00663	0.00498	0.00166	0.00829	0.00415	0.00332	0.00995
88	0.78228	0.01499	0.01140	0.01020	0.01499	0.01739	0.00840	0.02279	0.01320	0.03479	0.01080	0.01260	0.00840	0.00720	0.00480	0.00240	0.00600	0.00420	0.00480	0.00840
89	0.02211	0.11817	0.09793	0.07526	0.05881	0.01915	0.03850	0.10393	0.17685	0.14193	0.05318	0.02352	0.01849	0.00903	0.00748	0.00237	0.00802	0.00743	0.00633	0.01152
90	0.01580	0.07292	0.65667	0.02168	0.03291	0.01861	0.02792	0.02449	0.01634	0.02426	0.01377	0.01618	0.00983	0.00733	0.00725	0.00242	0.01131	0.00565	0.00328	0.01139
91	0.01445	0.00723	0.00723	0.00723	0.00903	0.00723	0.00542	0.01807	0.01626	0.02891	0.02529	0.02891	0.01987	0.00903	0.00542	0.00181	0.00361	0.00723	0.77055	0.00723
92	0.01775	0.08896	0.32784	0.02047	0.02824	0.01900	0.09775	0.05738	0.08422	0.04905	0.01846	0.07241	0.01520	0.00944	0.00893	0.00253	0.05915	0.00778	0.00460	0.01084
93	0.01864	0.01758	0.02942	0.18559	0.52169	0.01839	0.02296	0.04771	0.01794	0.02509	0.01457	0.01948	0.01191	0.00718	0.00770	0.00236	0.00942	0.00691	0.00391	0.01155
94	0.02073	0.73217	0.04063	0.01327	0.01990	0.03068	0.01327	0.02322	0.01575	0.01824	0.01078	0.01244	0.00995	0.00663	0.00498	0.00166	0.00829	0.00415	0.00332	0.00995

[dist]
# distance from previous block
# <min> <max>
0	2

[block]
# block no. 4 follows, 25 sequences, length 10
# corresponding to MSA columns:
# 162-171
name=unknown_E
#
# <colnr> <probs for GDERKNQSTAVLIFYWHMCP>
#	G	D	E	R	K	N	Q	S	T	A	V	L	I	F	Y	W	H	M	C	P
0	0.01609	0.01500	0.02306	0.48880	0.04302	0.01908	0.01972	0.05030	0.05077	0.02160	0.01418	0.02021	0.01115	0.00924	0.01162	0.00275	0.16355	0.00697	0.00388	0.00900
1	0.01868	0.01425	0.01560	0.01386	0.01783	0.01548	0.01079	0.08905	0.36972	0.08204	0.10188	0.07242	0.11936	0.01284	0.00828	0.00259	0.00575	0.01079	0.00794	0.01083
2	0.01971	0.01483	0.01795	0.01531	0.01880	0.01693	0.01236	0.30350	0.02329	0.03200	0.01924	0.02439	0.01609	0.03370	0.34954	0.00740	0.05175	0.00763	0.00574	0.00984
3	0.02496	0.01566	0.01840	0.04328	0.02096	0.01633	0.01221	0.27413	0.08334	0.19927	0.15139	0.03119	0.05173	0.01107	0.00810	0.00241	0.00681	0.00904	0.00818	0.01154
4	0.02594	0.01938	0.02085	0.01686	0.02237	0.02160	0.01364	0.39195	0.27107	0.07595	0.02409	0.02288	0.01742	0.00978	0.00781	0.00244	0.00753	0.00769	0.00790	0.01284
5	0.01287	0.01118	0.01341	0.01321	0.01486	0.07852	0.01022	0.01556	0.01341	0.01810	0.01989	0.02881	0.01844	0.05312	0.62765	0.01141	0.02009	0.00798	0.00414	0.00713
6	0.00939	0.00786	0.00817	0.00810	0.01061	0.00664	0.00607	0.01157	0.01822	0.02224	0.15444	0.07249	0.59929	0.01916	0.00916	0.00260	0.00389	0.01607	0.00737	0.00664
7	0.01109	0.00824	0.01212	0.01212	0.01339	0.00951	0.00927	0.01363	0.01236	0.01775	0.02108	0.03218	0.02013	0.11501	0.64094	0.01204	0.01964	0.00856	0.00420	0.00673
8	0.01128	0.00752	0.00846	0.00846	0.00846	0.00752	0.00470	0.01128	0.01128	0.01503	0.02443	0.05074	0.02819	0.72751	0.03946	0.00752	0.00752	0.01128	0.00470	0.00470
9	0.02143	0.01621	0.01836	0.01671	0.05182	0.01753	0.01251	0.06280	0.46019	0.11799	0.02835	0.02645	0.02091	0.00971	0.00765	0.00243	0.00640	0.00807	0.00759	0.08688

[dist]
# distance from previous block
# <min> <max>
0	1

[block]
# block no. 5 follows, 25 sequences, length 49
# corresponding to MSA columns:
# 173-221
name=unknown_F
#
# <colnr> <probs for GDERKNQSTAVLIFYWHMCP>
#	G	D	E	R	K	N	Q	S	T	A	V	L	I	F	Y	W	H	M	C	P
0	0.02073	0.73217	0.04063	0.01327	0.01990	0.03068	0.01327	0.02322	0.01575	0.01824	0.01078	0.01244	0.00995	0.00663	0.00498	0.00166	0.00829	0.00415	0.00332	0.00995
1	0.01975	0.01948	0.03093	0.04602	0.64176	0.05710	0.02329	0.02420	0.01790	0.02497	0.01444	0.01889	0.01215	0.00697	0.00764	0.00229	0.00948	0.00680	0.00385	0.01209
2	0.04774	0.62588	0.11460	0.01418	0.02131	0.02873	0.01487	0.02336	0.01573	0.01957	0.01114	0.01290	0.00988	0.00674	0.00525	0.00178	0.00858	0.00433	0.00337	0.01007
3	0.02246	0.06343	0.28285	0.02039	0.02726	0.29404	0.02039	0.07860	0.01991	0.02357	0.01309	0.01548	0.01020	0.00826	0.00862	0.00230	0.06935	0.00556	0.00395	0.01030
4	0.00944	0.00679	0.00895	0.01068	0.01121	0.00631	0.00714	0.01081	0.01496	0.01984	0.04420	0.69603	0.07676	0.02410	0.00987	0.00313	0.00448	0.02181	0.00720	0.00631
5	0.01128	0.00752	0.00846	0.00846	0.00846	0.00752	0.00470	0.01128	0.01128	0.01503	0.02443	0.05074	0.02819	0.72751	0.03946	0.00752	0.00752	0.01128	0.00470	0.00470
6	0.01086	0.00792	0.01021	0.00964	0.01152	0.00727	0.00723	0.01442	0.02169	0.03047	0.63856	0.05894	0.11003	0.01608	0.00915	0.00245	0.00367	0.01417	0.00845	0.00727
7	0.01608	0.01378	0.01608	0.01148	0.01837	0.01034	0.00919	0.01952	0.01608	0.02527	0.01378	0.01608	0.01148	0.00574	0.00574	0.00115	0.00574	0.00459	0.00459	0.77491
8	0.02947	0.02172	0.02327	0.01784	0.02404	0.02404	0.01474	0.65329	0.03646	0.04887	0.01862	0.01862	0.01319	0.00931	0.00776	0.00233	0.00853	0.00698	0.00776	0.01319
9	0.02731	0.03505	0.01794	0.01373	0.01940	0.01294	0.01128	0.03351	0.12612	0.40584	0.02787	0.02815	0.01980	0.00968	0.00754	0.00227	0.00646	0.04317	0.00813	0.14381
10	0.00995	0.00838	0.00871	0.00865	0.01129	0.00738	0.00658	0.01318	0.05352	0.02225	0.10907	0.07164	0.58059	0.01899	0.00915	0.00265	0.00416	0.03961	0.00731	0.00693
11	0.01634	0.01604	0.02255	0.01951	0.01966	0.02225	0.01619	0.01815	0.01194	0.01859	0.01131	0.01840	0.01116	0.01832	0.09701	0.00436	0.63949	0.00695	0.00347	0.00832
12	0.01162	0.00807	0.00895	0.00885	0.00925	0.00815	0.00520	0.01300	0.04952	0.01637	0.02782	0.05079	0.06354	0.64705	0.03597	0.00696	0.00724	0.01141	0.00502	0.00524
13	0.01584	0.07815	0.65178	0.02161	0.03281	0.01870	0.02780	0.02448	0.01634	0.02421	0.01374	0.01615	0.00983	0.00733	0.00724	0.00241	0.01128	0.00564	0.00328	0.01138
14	0.00918	0.00779	0.00792	0.00802	0.01052	0.00653	0.00596	0.01111	0.01752	0.02088	0.07658	0.11023	0.64165	0.01989	0.00920	0.00265	0.00396	0.01668	0.00720	0.00653
15	0.01065	0.00791	0.00991	0.00941	0.01138	0.00718	0.00706	0.01400	0.02118	0.02926	0.56744	0.06093	0.18191	0.01653	0.00915	0.00247	0.00371	0.01444	0.00829	0.00718
16	0.01109	0.00826	0.01222	0.01222	0.01352	0.00956	0.00939	0.01369	0.01239	0.01782	0.02099	0.03170	0.01992	0.09909	0.65657	0.01216	0.01996	0.00849	0.00419	0.00679
17	0.00962	0.00687	0.00919	0.01099	0.01152	0.00645	0.00749	0.01109	0.01501	0.01998	0.04264	0.68681	0.05091	0.02413	0.00994	0.00317	0.00465	0.05599	0.00719	0.00635
18	0.01473	0.01390	0.02327	0.68282	0.05215	0.01747	0.02136	0.01977	0.01537	0.01977	0.01364	0.02053	0.01033	0.00797	0.00842	0.00261	0.03693	0.00689	0.00344	0.00861
19	0.01608	0.01378	0.01608	0.01148	0.01837	0.01034	0.00919	0.01952	0.01608	0.02527	0.01378	0.01608	0.01148	0.00574	0.00574	0.00115	0.00574	0.00459	0.00459	0.77491
20	0.02120	0.69251	0.03957	0.01365	0.02013	0.06866	0.01336	0.02366	0.01611	0.01828	0.01085	0.01253	0.00995	0.00671	0.00509	0.00168	0.00862	0.00419	0.00336	0.00990
21	0.01762	0.01683	0.02938	0.30656	0.23792	0.01813	0.13573	0.06553	0.01822	0.02456	0.01590	0.02304	0.01288	0.00798	0.00811	0.00253	0.01023	0.03442	0.00411	0.01032
22	0.01676	0.01445	0.01751	0.01268	0.01948	0.01153	0.03377	0.04289	0.04314	0.02637	0.01474	0.01687	0.01205	0.00609	0.00603	0.00131	0.00613	0.00502	0.00481	0.68836
23	0.03356	0.01423	0.01852	0.01430	0.02025	0.01305	0.01178	0.10172	0.05178	0.59013	0.02939	0.02570	0.01877	0.00961	0.00780	0.00240	0.00678	0.00776	0.00933	0.01315
24	0.01265	0.00966	0.01186	0.01117	0.01348	0.00970	0.00856	0.01981	0.14519	0.03091	0.51593	0.05401	0.06206	0.01514	0.00899	0.00254	0.00433	0.04742	0.00833	0.00826
25	0.01065	0.00791	0.00991	0.00941	0.01138	0.00718	0.00706	0.01400	0.02118	0.02926	0.56740	0.06093	0.18195	0.01653	0.00915	0.00247	0.00371	0.01444	0.00829	0.00718
26	0.01608	0.01378	0.01608	0.01148	0.01837	0.01034	0.00919	0.01952	0.01608	0.02527	0.01378	0.01608	0.01148	0.00574	0.00574	0.00115	0.00574	0.00459	0.00459	0.77491
27	0.01445	0.00723	0.00723	0.00723	0.00903	0.00723	0.00542	0.01807	0.01626	0.02891	0.02529	0.02891	0.01987	0.00903	0.00542	0.00181	0.00361	0.00723	0.77055	0.00723
28	0.01464	0.01378	0.02326	0.70887	0.05340	0.01723	0.02153	0.01981	0.01550	0.01981	0.01378	0.02067	0.01034	0.00775	0.00775	0.00258	0.01034	0.00689	0.00345	0.00861
29	0.01097	0.00793	0.01036	0.00975	0.01158	0.00732	0.00732	0.01463	0.02195	0.03109	0.67505	0.05792	0.07316	0.01585	0.00914	0.00244	0.00366	0.01402	0.00854	0.00732
30	0.01986	0.01694	0.01785	0.01589	0.02038	0.01955	0.01241	0.07556	0.62985	0.03336	0.03083	0.02835	0.02308	0.01045	0.00788	0.00261	0.00627	0.00867	0.00788	0.01232
31	0.02244	0.19545	0.15601	0.01748	0.02409	0.12762	0.01663	0.15463	0.15823	0.02872	0.01754	0.01817	0.01348	0.00834	0.00693	0.00221	0.00939	0.00613	0.00527	0.01124
32	0.01715	0.01375	0.01619	0.01162	0.01846	0.01040	0.00931	0.02057	0.01643	0.06288	0.01474	0.01667	0.01192	0.00596	0.00586	0.00122	0.00579	0.00478	0.00488	0.73145
33	0.01738	0.01917	0.05715	0.08007	0.18352	0.05541	0.27075	0.02218	0.01721	0.02316	0.01860	0.12079	0.01721	0.00979	0.00957	0.00262	0.05131	0.00982	0.00429	0.00999
34	0.02876	0.01309	0.01666	0.01342	0.01866	0.01215	0.01087	0.03497	0.13367	0.48348	0.05768	0.03264	0.08614	0.01096	0.00799	0.00246	0.00615	0.00902	0.00903	0.01218
35	0.01759	0.02150	0.15588	0.07340	0.34863	0.01763	0.05656	0.02525	0.09753	0.02587	0.04450	0.02419	0.01678	0.00839	0.00790	0.00246	0.00924	0.03076	0.00453	0.01141
36	0.01473	0.00933	0.01194	0.01077	0.01335	0.00883	0.00825	0.01981	0.07517	0.11545	0.53874	0.05146	0.06211	0.01460	0.00887	0.00245	0.00424	0.01278	0.00862	0.00848
37	0.02749	0.02073	0.02215	0.01744	0.02329	0.02312	0.01426	0.53420	0.15877	0.04567	0.02113	0.02062	0.01523	0.00954	0.00778	0.00239	0.00807	0.00733	0.00778	0.01301
38	0.00945	0.00675	0.00900	0.01080	0.01125	0.00630	0.00720	0.01080	0.01484	0.01979	0.04274	0.72245	0.05128	0.02429	0.00990	0.00315	0.00450	0.02204	0.00720	0.00630
39	0.01696	0.01696	0.02375	0.02036	0.02036	0.02375	0.01696	0.01866	0.01187	0.01866	0.01018	0.01696	0.01018	0.01357	0.02545	0.00339	0.71332	0.00679	0.00339	0.00848
40	0.01464	0.01378	0.02326	0.70887	0.05340	0.01723	0.02153	0.01981	0.01550	0.01981	0.01378	0.02067	0.01034	0.00775	0.00775	0.00258	0.01034	0.00689	0.00345	0.00861
41	0.01533	0.03854	0.65440	0.02150	0.03249	0.01749	0.02761	0.02407	0.01664	0.02487	0.04608	0.01839	0.01290	0.00778	0.00745	0.00245	0.01108	0.00613	0.00353	0.01126
42	0.01107	0.00799	0.01049	0.01003	0.01186	0.00741	0.00763	0.01472	0.02170	0.03061	0.63627	0.05973	0.07141	0.01619	0.00924	0.00251	0.00387	0.05151	0.00845	0.00731
43	0.01608	0.01378	0.01608	0.01148	0.01837	0.01034	0.00919	0.01952	0.01608	0.02527	0.01378	0.01608	0.01148	0.00574	0.00574	0.00115	0.00574	0.00459	0.00459	0.77491
44	0.01870	0.01370	0.01635	0.01181	0.01857	0.01048	0.00950	0.02209	0.01694	0.11782	0.01614	0.01753	0.01257	0.00628	0.00603	0.00132	0.00586	0.00504	0.00530	0.66797
45	0.10210	0.03496	0.54935	0.02086	0.03099	0.01761	0.05974	0.02398	0.01634	0.02598	0.03943	0.01781	0.01224	0.00763	0.00724	0.00246	0.01063	0.00607	0.00369	0.01090
46	0.01555	0.04011	0.68733	0.02210	0.03356	0.01801	0.02865	0.02455	0.01637	0.02455	0.01391	0.01637	0.00982	0.00737	0.00737	0.00246	0.01146	0.00573	0.00327	0.01146
47	0.00979	0.00792	0.00876	0.00887	0.01120	0.00689	0.00678	0.01218	0.01835	0.02291	0.17987	0.09629	0.48999	0.01929	0.00932	0.00269	0.00419	0.07057	0.00743	0.00673
48	0.01905	0.01795	0.07865	0.01619	0.02183	0.01637	0.05594	0.10017	0.27098	0.05391	0.02414	0.06652	0.01959	0.03486	0.00869	0.00247	0.00723	0.00831	0.00641	0.17074

[dist]
# distance from previous block
# <min> <max>
0	5

[block]
# block no. 6 follows, 25 sequences, length 27
# corresponding to MSA columns:
# 227-253
name=unknown_G
#
# <colnr> <probs for GDERKNQSTAVLIFYWHMCP>
#	G	D	E	R	K	N	Q	S	T	A	V	L	I	F	Y	W	H	M	C	P
0	0.01245	0.00834	0.01023	0.01004	0.01235	0.00746	0.00770	0.01519	0.01925	0.08383	0.27327	0.14075	0.27191	0.01815	0.00928	0.00269	0.00446	0.07735	0.00787	0.00744
1	0.02544	0.02015	0.02064	0.01696	0.02228	0.05826	0.01361	0.34423	0.29429	0.06403	0.02403	0.02290	0.01756	0.00975	0.00777	0.00244	0.00777	0.00764	0.00767	0.01258
2	0.01112	0.00814	0.01163	0.01163	0.01272	0.00924	0.00865	0.01331	0.01221	0.01738	0.02153	0.03468	0.02122	0.19742	0.56002	0.01143	0.01801	0.00892	0.00427	0.00646
3	0.02272	0.39422	0.03267	0.01900	0.08004	0.22885	0.01506	0.02518	0.01744	0.01913	0.01143	0.01392	0.01019	0.00770	0.00769	0.00198	0.07459	0.00489	0.00357	0.00974
4	0.01608	0.01378	0.01608	0.01148	0.01837	0.01034	0.00919	0.01952	0.01608	0.02527	0.01378	0.01608	0.01148	0.00574	0.00574	0.00115	0.00574	0.00459	0.00459	0.77491
5	0.01984	0.01629	0.01791	0.05890	0.02222	0.01873	0.01280	0.03968	0.58957	0.06719	0.03040	0.02828	0.02259	0.01030	0.00788	0.00261	0.00642	0.00860	0.00771	0.01209
6	0.01919	0.01790	0.02974	0.12313	0.49000	0.01844	0.05436	0.07916	0.01901	0.02656	0.01583	0.04256	0.01338	0.00778	0.00784	0.00238	0.00933	0.00753	0.00426	0.01163
7	0.78228	0.01499	0.01140	0.01020	0.01499	0.01739	0.00840	0.02279	0.01320	0.03479	0.01080	0.01260	0.00840	0.00720	0.00480	0.00240	0.00600	0.00420	0.00480	0.00840
8	0.01128	0.00752	0.00846	0.00846	0.00846	0.00752	0.00470	0.01128	0.01128	0.01503	0.02443	0.05074	0.02819	0.72751	0.03946	0.00752	0.00752	0.01128	0.00470	0.00470
9	0.00991	0.00772	0.00899	0.00902	0.01102	0.00681	0.00663	0.01243	0.01891	0.02470	0.30382	0.16359	0.35098	0.01886	0.00926	0.00263	0.00391	0.01630	0.00772	0.00681
10	0.00937	0.00706	0.00868	0.00997	0.01103	0.00637	0.00683	0.01089	0.01563	0.02012	0.05274	0.54147	0.22581	0.02299	0.00969	0.00300	0.00434	0.02046	0.00720	0.00637
11	0.01797	0.02082	0.07355	0.05613	0.03757	0.01887	0.49990	0.02578	0.07573	0.02533	0.01683	0.02111	0.01266	0.00694	0.00869	0.00252	0.01184	0.00859	0.00426	0.05492
12	0.02330	0.08911	0.06011	0.02475	0.11066	0.20780	0.13150	0.13254	0.05686	0.02679	0.01505	0.01764	0.01189	0.00812	0.00853	0.00231	0.05104	0.00659	0.00468	0.01073
13	0.01684	0.01423	0.01649	0.01185	0.01870	0.01112	0.00950	0.05560	0.01724	0.02661	0.01406	0.01622	0.01158	0.00595	0.00586	0.00122	0.00590	0.00473	0.00477	0.73155
14	0.12555	0.01822	0.02017	0.10101	0.02535	0.02051	0.01429	0.37560	0.08976	0.03955	0.02023	0.02521	0.01602	0.01003	0.00764	0.00251	0.00806	0.06214	0.00679	0.01136
15	0.01659	0.01300	0.01599	0.01305	0.03869	0.01061	0.00983	0.01967	0.01622	0.07085	0.01900	0.11801	0.01770	0.00901	0.00730	0.00165	0.03296	0.00748	0.00525	0.55716
16	0.01644	0.12962	0.56449	0.02242	0.06920	0.01969	0.02635	0.02434	0.01636	0.02377	0.01354	0.01602	0.00998	0.00724	0.00707	0.00234	0.01091	0.00559	0.00331	0.01131
17	0.01599	0.06008	0.02102	0.01745	0.01830	0.05805	0.01420	0.01779	0.01327	0.01879	0.01710	0.14308	0.01832	0.01892	0.08349	0.00401	0.43852	0.00937	0.00417	0.00807
18	0.05332	0.01772	0.03433	0.02760	0.07737	0.01715	0.39840	0.02448	0.05840	0.04675	0.02157	0.03345	0.01873	0.00970	0.00901	0.00275	0.01073	0.12347	0.00498	0.01007
19	0.78228	0.01499	0.01140	0.01020	0.01499	0.01739	0.00840	0.02279	0.01320	0.03479	0.01080	0.01260	0.00840	0.00720	0.00480	0.00240	0.00600	0.00420	0.00480	0.00840
20	0.01553	0.00927	0.01191	0.01064	0.01339	0.00856	0.00819	0.01981	0.05157	0.14809	0.49203	0.05194	0.09875	0.01471	0.00885	0.00245	0.00432	0.01280	0.00861	0.00856
21	0.01122	0.00765	0.00911	0.00906	0.00939	0.00776	0.00554	0.01189	0.01237	0.01683	0.08210	0.04893	0.03114	0.58294	0.11631	0.00766	0.00878	0.01116	0.00497	0.00520
22	0.01108	0.00831	0.01246	0.01246	0.01385	0.00969	0.00969	0.01385	0.01246	0.01800	0.02077	0.03046	0.01938	0.05815	0.69678	0.01246	0.02077	0.00831	0.00415	0.00692
23	0.01445	0.00723	0.00723	0.00723	0.00903	0.00723	0.00542	0.01807	0.01626	0.02891	0.02529	0.02891	0.01987	0.00903	0.00542	0.00181	0.00361	0.00723	0.77055	0.00723
24	0.01889	0.01799	0.03062	0.04609	0.64923	0.01799	0.02329	0.02345	0.01766	0.02524	0.01578	0.02227	0.01374	0.00756	0.00781	0.00236	0.00912	0.03487	0.00399	0.01205
25	0.03479	0.01320	0.01799	0.01380	0.01979	0.01140	0.01140	0.03779	0.02219	0.68451	0.03059	0.02639	0.01919	0.00960	0.00780	0.00240	0.00660	0.00780	0.00960	0.01320
26	0.01988	0.01716	0.06330	0.04153	0.02041	0.11313	0.04475	0.02537	0.07862	0.15611	0.28812	0.03644	0.03886	0.01161	0.00827	0.00240	0.00727	0.00990	0.00722	0.00966

[dist]
# distance from previous block
# <min> <max>
0	2

[block]
# block no. 7 follows, 25 sequences, length 34
# corresponding to MSA columns:
# 256-289
name=unknown_H
#
# <colnr> <probs for GDERKNQSTAVLIFYWHMCP>
#	G	D	E	R	K	N	Q	S	T	A	V	L	I	F	Y	W	H	M	C	P
0	0.02303	0.01663	0.01825	0.01551	0.02020	0.01836	0.01223	0.18964	0.36941	0.11986	0.02851	0.06115	0.02203	0.03765	0.00913	0.00273	0.00676	0.00895	0.00792	0.01204
1	0.01768	0.01678	0.02849	0.23030	0.48090	0.01774	0.02275	0.02241	0.01706	0.02372	0.01533	0.02209	0.01292	0.00767	0.00781	0.00243	0.00945	0.02953	0.00385	0.01107
2	0.35594	0.07152	0.07581	0.04062	0.02011	0.04225	0.01224	0.06396	0.09809	0.08834	0.01673	0.01880	0.01291	0.04373	0.00778	0.00262	0.00740	0.00587	0.00546	0.00982
3	0.02067	0.01651	0.01728	0.01520	0.01978	0.04109	0.01187	0.03824	0.51907	0.09864	0.03180	0.02935	0.04823	0.01047	0.00780	0.00251	0.00635	0.00864	0.00774	0.04874
4	0.01559	0.01321	0.01556	0.01157	0.01791	0.01007	0.00923	0.01893	0.01609	0.02490	0.01644	0.05488	0.01494	0.00736	0.00617	0.00136	0.00574	0.03266	0.00484	0.70254
5	0.01830	0.02092	0.04575	0.03268	0.04052	0.01961	0.65098	0.02484	0.01830	0.02484	0.01569	0.02092	0.01176	0.00654	0.00915	0.00261	0.01307	0.00915	0.00392	0.01046
6	0.00987	0.00794	0.00883	0.00877	0.01112	0.00690	0.00668	0.01240	0.01887	0.02390	0.24209	0.07075	0.47065	0.01869	0.00925	0.00263	0.00404	0.05227	0.00757	0.00680
7	0.02947	0.02172	0.02327	0.01784	0.02404	0.02404	0.01474	0.65329	0.03646	0.04887	0.01862	0.01862	0.01319	0.00931	0.00776	0.00233	0.00853	0.00698	0.00776	0.01319
8	0.02084	0.02044	0.01805	0.01631	0.02046	0.16224	0.01255	0.03744	0.49016	0.02950	0.06593	0.02749	0.02373	0.01030	0.00777	0.00248	0.00765	0.00828	0.00710	0.01128
9	0.01890	0.01802	0.03066	0.04617	0.65079	0.01802	0.02331	0.02347	0.01766	0.02524	0.01572	0.02211	0.01366	0.00753	0.00781	0.00236	0.00912	0.03342	0.00398	0.01206
10	0.01108	0.00831	0.01246	0.01246	0.01385	0.00969	0.00969	0.01385	0.01246	0.01800	0.02077	0.03046	0.01938	0.05815	0.69678	0.01246	0.02077	0.00831	0.00415	0.00692
11	0.01801	0.02032	0.04410	0.03177	0.03931	0.01908	0.61929	0.02440	0.01828	0.02476	0.01695	0.02422	0.01340	0.00727	0.00923	0.00266	0.01278	0.03982	0.00408	0.01029
12	0.00945	0.00675	0.00900	0.01080	0.01125	0.00630	0.00720	0.01080	0.01484	0.01979	0.04274	0.72245	0.05128	0.02429	0.00990	0.00315	0.00450	0.02204	0.00720	0.00630
13	0.00945	0.00675	0.00900	0.01080	0.01125	0.00630	0.00720	0.01080	0.01484	0.01979	0.04274	0.72245	0.05128	0.02429	0.00990	0.00315	0.00450	0.02204	0.00720	0.00630
14	0.01108	0.00831	0.01246	0.01246	0.01385	0.00969	0.00969	0.01385	0.01246	0.01800	0.02077	0.03046	0.01938	0.05815	0.69678	0.01246	0.02077	0.00831	0.00415	0.00692
15	0.01097	0.00793	0.01036	0.00975	0.01158	0.00732	0.00732	0.01463	0.02195	0.03109	0.67505	0.05792	0.07316	0.01585	0.00914	0.00244	0.00366	0.01402	0.00854	0.00732
16	0.01555	0.04011	0.68733	0.02210	0.03356	0.01801	0.02865	0.02455	0.01637	0.02455	0.01391	0.01637	0.00982	0.00737	0.00737	0.00246	0.01146	0.00573	0.00327	0.01146
17	0.01097	0.00793	0.01036	0.00975	0.01158	0.00732	0.00732	0.01463	0.02195	0.03109	0.67505	0.05792	0.07316	0.01585	0.00914	0.00244	0.00366	0.01402	0.00854	0.00732
18	0.01608	0.01378	0.01608	0.01148	0.01837	0.01034	0.00919	0.01952	0.01608	0.02527	0.01378	0.01608	0.01148	0.00574	0.00574	0.00115	0.00574	0.00459	0.00459	0.77491
19	0.02871	0.02234	0.02318	0.05214	0.02549	0.06827	0.01509	0.58072	0.03446	0.04545	0.01794	0.01841	0.01283	0.00914	0.00771	0.00232	0.00898	0.00684	0.00729	0.01268
20	0.71687	0.01558	0.01243	0.01086	0.01578	0.01797	0.00895	0.07757	0.01522	0.03601	0.01148	0.01312	0.00881	0.00738	0.00506	0.00239	0.00622	0.00444	0.00506	0.00881
21	0.01833	0.01371	0.01631	0.01176	0.01855	0.01046	0.00945	0.02172	0.01681	0.10468	0.01581	0.01732	0.01241	0.00621	0.00599	0.00130	0.00585	0.00498	0.00520	0.68315
22	0.01608	0.01378	0.01608	0.01148	0.01837	0.01034	0.00919	0.01952	0.01608	0.02527	0.01378	0.01608	0.01148	0.00574	0.00574	0.00115	0.00574	0.00459	0.00459	0.77491
23	0.01232	0.00853	0.01016	0.00984	0.01049	0.00895	0.00632	0.05024	0.01303	0.01767	0.02333	0.04466	0.02549	0.54735	0.17226	0.00822	0.01029	0.01041	0.00477	0.00566
