[name]
unknown

[dist]
# distance from previous block
# <min> <max>
0	47

[block]
# block no. 0 follows, 22 sequences, length 21
# corresponding to MSA columns:
# 47-67
name=unknown_A
#
# <colnr> <probs for GDERKNQSTAVLIFYWHMCP>
#	G	D	E	R	K	N	Q	S	T	A	V	L	I	F	Y	W	H	M	C	P
0	0.01392	0.01017	0.01378	0.01542	0.01753	0.01037	0.01337	0.01917	0.06441	0.02558	0.04324	0.08914	0.04618	0.02210	0.01125	0.00375	0.00757	0.55729	0.00771	0.00805
1	0.08918	0.10676	0.47463	0.02105	0.03155	0.02128	0.02545	0.08781	0.01936	0.02932	0.01477	0.01698	0.01076	0.00801	0.00742	0.00252	0.01106	0.00595	0.00416	0.01199
2	0.09795	0.02311	0.02328	0.13152	0.08598	0.18964	0.04082	0.13400	0.02311	0.05450	0.04054	0.02074	0.01496	0.00882	0.00769	0.00238	0.01034	0.00690	0.03407	0.04964
3	0.01025	0.00745	0.00967	0.01120	0.01201	0.00687	0.00760	0.01198	0.01688	0.02245	0.10604	0.58956	0.10787	0.02475	0.01046	0.00325	0.00468	0.02229	0.00785	0.00687
4	0.01701	0.01498	0.02507	0.62291	0.08496	0.01821	0.02265	0.02240	0.01708	0.05363	0.01571	0.02238	0.01165	0.00836	0.00830	0.00274	0.01081	0.00743	0.00404	0.00967
5	0.01176	0.00849	0.01110	0.01045	0.01241	0.00784	0.00784	0.01568	0.02352	0.03331	0.65184	0.06206	0.07839	0.01698	0.00980	0.00261	0.00392	0.01502	0.00914	0.00784
6	0.01025	0.00736	0.00953	0.01121	0.01179	0.00686	0.00744	0.01162	0.01580	0.02091	0.04651	0.62049	0.08670	0.07539	0.01287	0.00368	0.00502	0.02244	0.00752	0.00664
7	0.01666	0.04297	0.66500	0.02368	0.03596	0.01929	0.03069	0.02631	0.01754	0.02631	0.01491	0.01754	0.01052	0.00789	0.00789	0.00263	0.01228	0.00614	0.00351	0.01228
8	0.01012	0.00723	0.00964	0.01157	0.01205	0.00675	0.00771	0.01157	0.01591	0.02121	0.04579	0.70262	0.05495	0.02603	0.01060	0.00337	0.00482	0.02362	0.00771	0.00675
9	0.01187	0.00890	0.01335	0.01335	0.01483	0.01038	0.01038	0.01483	0.01335	0.01928	0.02225	0.03264	0.02077	0.06231	0.67512	0.01335	0.02225	0.00890	0.00445	0.00742
10	0.03158	0.02327	0.02493	0.01911	0.02576	0.02576	0.01579	0.62852	0.03906	0.05236	0.01995	0.01995	0.01413	0.00997	0.00831	0.00249	0.00914	0.00748	0.00831	0.01413
11	0.76672	0.01607	0.01221	0.01092	0.01607	0.01864	0.00900	0.02442	0.01414	0.03727	0.01157	0.01350	0.00900	0.00771	0.00514	0.00257	0.00643	0.00450	0.00514	0.00900
12	0.00982	0.00842	0.00842	0.00842	0.01122	0.00701	0.00631	0.01192	0.01894	0.02244	0.08416	0.07995	0.65285	0.02104	0.00982	0.00281	0.00421	0.01753	0.00771	0.00701
13	0.76672	0.01607	0.01221	0.01092	0.01607	0.01864	0.00900	0.02442	0.01414	0.03727	0.01157	0.01350	0.00900	0.00771	0.00514	0.00257	0.00643	0.00450	0.00514	0.00900
14	0.76672	0.01607	0.01221	0.01092	0.01607	0.01864	0.00900	0.02442	0.01414	0.03727	0.01157	0.01350	0.00900	0.00771	0.00514	0.00257	0.00643	0.00450	0.00514	0.00900
15	0.01339	0.00956	0.01339	0.01530	0.01721	0.00956	0.01339	0.01721	0.01912	0.02486	0.04399	0.09371	0.04781	0.02295	0.01147	0.00382	0.00765	0.60031	0.00765	0.00765
16	0.01818	0.01818	0.02545	0.02181	0.02181	0.02545	0.01818	0.01999	0.01272	0.01999	0.01091	0.01818	0.01091	0.01454	0.02726	0.00364	0.69284	0.00727	0.00364	0.00909
17	0.01190	0.00878	0.01275	0.01275	0.01402	0.01006	0.00963	0.01445	0.01317	0.01884	0.02281	0.03570	0.02210	0.15336	0.58589	0.01260	0.02025	0.00935	0.00453	0.00708
18	0.03692	0.01471	0.01963	0.01505	0.02149	0.01306	0.01243	0.07725	0.02473	0.62386	0.03197	0.02775	0.02016	0.01026	0.00835	0.00257	0.00720	0.00830	0.01016	0.01414
19	0.01012	0.00723	0.00964	0.01157	0.01205	0.00675	0.00771	0.01157	0.01591	0.02121	0.04579	0.70262	0.05495	0.02603	0.01060	0.00337	0.00482	0.02362	0.00771	0.00675
20	0.02030	0.01933	0.03164	0.07454	0.49315	0.01989	0.05376	0.02840	0.12073	0.02808	0.01862	0.02244	0.01503	0.00806	0.00835	0.00256	0.00960	0.00785	0.00481	0.01287

[dist]
# distance from previous block
# <min> <max>
1	12

[block]
# block no. 1 follows, 22 sequences, length 154
# corresponding to MSA columns:
# 80-233
name=unknown_B
#
# <colnr> <probs for GDERKNQSTAVLIFYWHMCP>
#	G	D	E	R	K	N	Q	S	T	A	V	L	I	F	Y	W	H	M	C	P
0	0.03060	0.02232	0.02388	0.01842	0.02478	0.02466	0.01518	0.59140	0.03774	0.05105	0.02038	0.02062	0.01456	0.00995	0.00816	0.00246	0.00882	0.00750	0.05376	0.01374
1	0.57137	0.01721	0.01484	0.01273	0.01798	0.01961	0.01041	0.15474	0.01962	0.03978	0.01501	0.04771	0.01230	0.00907	0.00609	0.00259	0.00694	0.00605	0.00595	0.01000
2	0.01113	0.00884	0.01004	0.00967	0.01218	0.00795	0.00728	0.01493	0.04689	0.02779	0.33453	0.06995	0.37123	0.01883	0.00975	0.00272	0.00418	0.01608	0.00838	0.00764
3	0.04962	0.04947	0.02073	0.05051	0.02310	0.01654	0.01241	0.15455	0.02191	0.05548	0.01615	0.01820	0.01269	0.00766	0.00749	0.00180	0.03168	0.00578	0.00569	0.43854
4	0.06457	0.01452	0.01898	0.01482	0.02096	0.01325	0.01219	0.06143	0.04827	0.56565	0.03110	0.02764	0.02006	0.01208	0.03226	0.00297	0.00765	0.00823	0.00972	0.01365
5	0.01834	0.06247	0.26140	0.02756	0.05797	0.02075	0.25862	0.02522	0.01779	0.02564	0.01569	0.02013	0.01206	0.00836	0.01067	0.00273	0.09158	0.00775	0.04408	0.01120
6	0.01176	0.00849	0.01110	0.01045	0.01241	0.00784	0.00784	0.01568	0.02352	0.03331	0.65184	0.06206	0.07839	0.01698	0.00980	0.00261	0.00392	0.01502	0.00914	0.00784
7	0.01176	0.00849	0.01110	0.01045	0.01241	0.00784	0.00784	0.01568	0.02352	0.03331	0.65184	0.06206	0.07839	0.01698	0.00980	0.00261	0.00392	0.01502	0.00914	0.00784
8	0.03655	0.01430	0.01926	0.01487	0.02122	0.01258	0.01225	0.04064	0.05058	0.63475	0.03282	0.02839	0.02077	0.01033	0.00836	0.00258	0.00705	0.00840	0.01020	0.01409
9	0.03727	0.01414	0.01928	0.01478	0.02121	0.01221	0.01221	0.04049	0.02378	0.66198	0.03277	0.02828	0.02056	0.01028	0.00835	0.00257	0.00707	0.00835	0.01028	0.01414
10	0.01116	0.00847	0.01027	0.00982	0.01204	0.00758	0.00737	0.01451	0.02210	0.02995	0.47607	0.06760	0.25625	0.01824	0.00980	0.00267	0.00401	0.01580	0.00870	0.00758
11	0.02221	0.71304	0.04353	0.01421	0.02132	0.03287	0.01421	0.02488	0.01688	0.01955	0.01155	0.01333	0.01066	0.00711	0.00533	0.00178	0.00888	0.00444	0.00355	0.01066
12	0.01057	0.00845	0.00946	0.00921	0.01168	0.00733	0.00690	0.01338	0.02071	0.02666	0.30447	0.07300	0.42990	0.01947	0.00981	0.00273	0.00410	0.01656	0.00827	0.00733
13	0.03107	0.03862	0.02362	0.02127	0.02569	0.63608	0.01604	0.06859	0.02447	0.02224	0.01326	0.01528	0.01090	0.00864	0.00754	0.00216	0.01463	0.00548	0.00452	0.00990
14	0.02035	0.01757	0.01864	0.01649	0.02143	0.01980	0.01285	0.04206	0.58525	0.03406	0.03210	0.02976	0.02419	0.01081	0.00825	0.00268	0.00654	0.00899	0.00814	0.08003
15	0.02028	0.01741	0.01850	0.01682	0.02137	0.02008	0.01316	0.04273	0.60858	0.03423	0.03435	0.03428	0.02654	0.01188	0.00861	0.00287	0.00663	0.04039	0.00841	0.01286
16	0.03638	0.01434	0.01925	0.01489	0.02123	0.01266	0.01226	0.04068	0.05690	0.62833	0.03283	0.02842	0.02082	0.01034	0.00836	0.00258	0.00704	0.00841	0.01018	0.01408
17	0.03103	0.03959	0.02354	0.02140	0.02568	0.67469	0.01605	0.03317	0.02354	0.02033	0.01284	0.01498	0.01070	0.00856	0.00749	0.00214	0.01498	0.00535	0.00428	0.00963
18	0.01765	0.02859	0.28170	0.02921	0.09044	0.01928	0.25237	0.02470	0.01801	0.02567	0.01809	0.07836	0.01537	0.00947	0.01006	0.00281	0.05355	0.00920	0.00419	0.01128
19	0.01034	0.00844	0.00914	0.00896	0.01154	0.00724	0.00672	0.01293	0.02017	0.02537	0.23683	0.07514	0.49835	0.01995	0.00981	0.00275	0.00413	0.01686	0.00810	0.00724
20	0.01187	0.00890	0.01335	0.01335	0.01483	0.01038	0.01038	0.01483	0.01335	0.01928	0.02225	0.03264	0.02077	0.06231	0.67512	0.01335	0.02225	0.00890	0.00445	0.00742
21	0.01904	0.01819	0.03097	0.24981	0.46928	0.01934	0.02474	0.02416	0.01820	0.02529	0.01536	0.02106	0.01251	0.00768	0.00825	0.00256	0.01025	0.00740	0.00398	0.01193
22	0.01818	0.01818	0.02545	0.02181	0.02181	0.02545	0.01818	0.01999	0.01272	0.01999	0.01091	0.01818	0.01091	0.01454	0.02726	0.00364	0.69284	0.00727	0.00364	0.00909
23	0.03103	0.03959	0.02354	0.02140	0.02568	0.67469	0.01605	0.03317	0.02354	0.02033	0.01284	0.01498	0.01070	0.00856	0.00749	0.00214	0.01498	0.00535	0.00428	0.00963
24	0.01208	0.00805	0.00906	0.00906	0.00906	0.00805	0.00503	0.01208	0.01208	0.01611	0.02618	0.05436	0.03020	0.70804	0.04228	0.00805	0.00805	0.01208	0.00503	0.00503
25	0.01723	0.01477	0.01723	0.01230	0.01969	0.01107	0.00984	0.02092	0.01723	0.02707	0.01477	0.01723	0.01230	0.00615	0.00615	0.00123	0.00615	0.00492	0.00492	0.75883
26	0.02558	0.40569	0.03436	0.01666	0.02275	0.15765	0.01477	0.10069	0.05078	0.05448	0.01485	0.01617	0.01226	0.00835	0.00719	0.00209	0.03427	0.00551	0.00482	0.01110
27	0.02013	0.01738	0.01827	0.01649	0.02109	0.01999	0.01281	0.04255	0.61044	0.03414	0.03630	0.03342	0.05639	0.01175	0.00852	0.00282	0.00646	0.00979	0.00842	0.01285
28	0.01735	0.01427	0.01840	0.04886	0.02201	0.01151	0.03975	0.02103	0.01745	0.05366	0.01906	0.09360	0.01730	0.00867	0.00702	0.00168	0.00668	0.00749	0.00536	0.56886
29	0.01018	0.00733	0.00965	0.01139	0.01203	0.00680	0.00766	0.01175	0.01635	0.02176	0.07261	0.65024	0.08060	0.02544	0.01054	0.00332	0.00476	0.02301	0.00777	0.00680
30	0.01373	0.00763	0.01115	0.01138	0.01148	0.00781	0.00773	0.01131	0.01188	0.01596	0.02040	0.15674	0.02218	0.02777	0.02802	0.58293	0.03267	0.01041	0.00441	0.00443
31	0.02779	0.02872	0.02181	0.01832	0.02384	0.34818	0.01420	0.12488	0.05371	0.06579	0.01658	0.01783	0.01289	0.00845	0.00741	0.00204	0.01114	0.00596	0.00562	0.18482
32	0.02022	0.01939	0.03311	0.09516	0.61470	0.01965	0.02533	0.02520	0.01876	0.02673	0.01557	0.02067	0.01301	0.00746	0.00823	0.00249	0.00995	0.00740	0.00408	0.01289
33	0.02242	0.01872	0.01977	0.01726	0.02227	0.02148	0.01357	0.13802	0.54448	0.03758	0.03158	0.02922	0.02355	0.01106	0.00843	0.00277	0.00699	0.00909	0.00843	0.01331
34	0.00982	0.00842	0.00842	0.00842	0.01122	0.00701	0.00631	0.01192	0.01894	0.02244	0.08416	0.07995	0.65285	0.02104	0.00982	0.00281	0.00421	0.01753	0.00771	0.00701
35	0.01666	0.04297	0.66500	0.02368	0.03596	0.01929	0.03069	0.02631	0.01754	0.02631	0.01491	0.01754	0.01052	0.00789	0.00789	0.00263	0.01228	0.00614	0.00351	0.01228
36	0.69439	0.01526	0.01178	0.01062	0.01545	0.01759	0.00869	0.02393	0.01445	0.03667	0.01306	0.01518	0.01018	0.00790	0.00521	0.00251	0.00618	0.00481	0.07727	0.00888
37	0.01078	0.00862	0.00979	0.01030	0.01273	0.00764	0.00812	0.01336	0.01909	0.02359	0.10659	0.11475	0.44675	0.02150	0.01024	0.00306	0.00502	0.15309	0.00778	0.00720
38	0.02164	0.01751	0.01907	0.01591	0.02155	0.01848	0.01257	0.10093	0.39606	0.05974	0.02752	0.02626	0.02070	0.00981	0.00786	0.00238	0.00676	0.00803	0.00763	0.19958
39	0.01012	0.00723	0.00964	0.01157	0.01205	0.00675	0.00771	0.01157	0.01591	0.02121	0.04579	0.70262	0.05495	0.02603	0.01060	0.00337	0.00482	0.02362	0.00771	0.00675
40	0.02278	0.46075	0.13667	0.01766	0.02538	0.07445	0.04618	0.08580	0.01978	0.02425	0.01324	0.01518	0.01108	0.00761	0.00639	0.00205	0.01011	0.00533	0.00410	0.01121
41	0.02171	0.65257	0.09961	0.01507	0.02264	0.03165	0.01570	0.02500	0.01694	0.02016	0.01185	0.01371	0.01065	0.00718	0.00556	0.00185	0.00919	0.00460	0.00355	0.01081
42	0.01208	0.00805	0.00906	0.00906	0.00906	0.00805	0.00503	0.01208	0.01208	0.01611	0.02618	0.05436	0.03020	0.70804	0.04228	0.00805	0.00805	0.01208	0.00503	0.00503
43	0.03015	0.10699	0.02554	0.02068	0.02525	0.61046	0.01587	0.03234	0.02288	0.02025	0.01271	0.01482	0.01070	0.00842	0.00727	0.00210	0.01437	0.00526	0.00421	0.00973
44	0.05884	0.02040	0.03077	0.07539	0.51901	0.06463	0.02321	0.02656	0.01915	0.06019	0.01609	0.02030	0.01307	0.00769	0.00803	0.00247	0.00996	0.00717	0.00448	0.01257
45	0.01010	0.00730	0.00957	0.01138	0.01200	0.00676	0.00763	0.01159	0.01609	0.02128	0.04807	0.66558	0.09052	0.02573	0.01056	0.00334	0.00478	0.02325	0.00771	0.00676
46	0.10645	0.13345	0.02477	0.01646	0.02208	0.05381	0.04168	0.28902	0.05017	0.03788	0.01878	0.02130	0.01474	0.04205	0.00884	0.00260	0.00858	0.00698	0.08887	0.01148
47	0.01190	0.00814	0.00931	0.00922	0.00967	0.00796	0.00551	0.01258	0.01411	0.01893	0.11815	0.05701	0.07495	0.56850	0.03571	0.00696	0.00724	0.01283	0.00578	0.00555
48	0.02221	0.71304	0.04353	0.01421	0.02132	0.03287	0.01421	0.02488	0.01688	0.01955	0.01155	0.01333	0.01066	0.00711	0.00533	0.00178	0.00888	0.00444	0.00355	0.01066
49	0.01331	0.00951	0.01328	0.01507	0.01698	0.00948	0.01312	0.01714	0.01933	0.02526	0.07271	0.09221	0.04925	0.02267	0.01140	0.00377	0.00747	0.57265	0.00772	0.00766
50	0.01004	0.00842	0.00872	0.00864	0.01135	0.00711	0.00648	0.01234	0.01945	0.02366	0.14771	0.07795	0.58854	0.02059	0.00982	0.00278	0.00418	0.01725	0.00787	0.00711
51	0.01072	0.00766	0.01032	0.01225	0.01299	0.00726	0.00875	0.01260	0.01649	0.02187	0.04546	0.59151	0.05364	0.02547	0.01076	0.00346	0.00534	0.12885	0.00770	0.00691
52	0.01339	0.00956	0.01339	0.01530	0.01721	0.00956	0.01339	0.01721	0.01912	0.02486	0.04399	0.09371	0.04781	0.02295	0.01147	0.00382	0.00765	0.60031	0.00765	0.00765
53	0.03158	0.02327	0.02493	0.01911	0.02576	0.02576	0.01579	0.62852	0.03906	0.05236	0.01995	0.01995	0.01413	0.00997	0.00831	0.00249	0.00914	0.00748	0.00831	0.01413
54	0.01723	0.01477	0.01723	0.01230	0.01969	0.01107	0.00984	0.02092	0.01723	0.02707	0.01477	0.01723	0.01230	0.00615	0.00615	0.00123	0.00615	0.00492	0.00492	0.75883
55	0.01723	0.01477	0.01723	0.01230	0.01969	0.01107	0.00984	0.02092	0.01723	0.02707	0.01477	0.01723	0.01230	0.00615	0.00615	0.00123	0.00615	0.00492	0.00492	0.75883
56	0.01549	0.00774	0.00774	0.00774	0.00968	0.00774	0.00581	0.01936	0.01742	0.03097	0.02710	0.03097	0.02129	0.00968	0.00581	0.00194	0.00387	0.00774	0.75416	0.00774
57	0.01961	0.02241	0.04902	0.03501	0.04342	0.02101	0.62605	0.02661	0.01961	0.02661	0.01681	0.02241	0.01261	0.00700	0.00980	0.00280	0.01401	0.00980	0.00420	0.01120
58	0.01723	0.01477	0.01723	0.01230	0.01969	0.01107	0.00984	0.02092	0.01723	0.02707	0.01477	0.01723	0.01230	0.00615	0.00615	0.00123	0.00615	0.00492	0.00492	0.75883
59	0.01195	0.00800	0.00910	0.00923	0.00927	0.00796	0.00522	0.01205	0.01235	0.01646	0.02753	0.09930	0.03192	0.66076	0.04009	0.00773	0.00783	0.01288	0.00522	0.00515
60	0.02030	0.01715	0.01802	0.01627	0.02078	0.01977	0.01264	0.04243	0.59797	0.03449	0.03335	0.03099	0.02508	0.01116	0.00827	0.00276	0.00639	0.00928	0.06015	0.01277
61	0.01569	0.01477	0.02492	0.68808	0.05722	0.01846	0.02307	0.02123	0.01661	0.02123	0.01477	0.02215	0.01107	0.00831	0.00831	0.00277	0.01107	0.00738	0.00369	0.00923
62	0.01004	0.00809	0.00894	0.00944	0.01153	0.00700	0.00681	0.01208	0.01841	0.02285	0.11280	0.25250	0.44615	0.02215	0.01004	0.00295	0.00436	0.01906	0.00781	0.00700
63	0.76672	0.01607	0.01221	0.01092	0.01607	0.01864	0.00900	0.02442	0.01414	0.03727	0.01157	0.01350	0.00900	0.00771	0.00514	0.00257	0.00643	0.00450	0.00514	0.00900
64	0.01042	0.00763	0.01046	0.04786	0.01447	0.00738	0.00854	0.01209	0.01594	0.02121	0.04412	0.66612	0.05259	0.02508	0.01048	0.00334	0.00516	0.02275	0.00750	0.00688
65	0.01967	0.02225	0.04809	0.03599	0.08076	0.02093	0.58946	0.02654	0.01957	0.02664	0.01673	0.02230	0.01264	0.00703	0.00971	0.00278	0.01375	0.00966	0.00420	0.01132
66	0.66890	0.01590	0.01387	0.09913	0.02143	0.01861	0.01083	0.02400	0.01446	0.03518	0.01198	0.01462	0.00927	0.00779	0.00555	0.00260	0.00703	0.00487	0.00495	0.00903
67	0.07382	0.66472	0.04136	0.01399	0.02096	0.03188	0.01385	0.02484	0.01669	0.02077	0.01155	0.01334	0.01055	0.00715	0.00532	0.00183	0.00871	0.00445	0.00366	0.01055
68	0.01122	0.00881	0.01019	0.00978	0.01222	0.00795	0.00735	0.01507	0.04494	0.02847	0.37253	0.06894	0.33523	0.01859	0.00976	0.00271	0.00415	0.01594	0.00847	0.00767
69	0.02955	0.06741	0.02465	0.04940	0.02552	0.04620	0.04709	0.26232	0.05539	0.22739	0.06163	0.02508	0.01986	0.01006	0.00826	0.00250	0.00866	0.00811	0.00803	0.01290
70	0.02221	0.71304	0.04353	0.01421	0.02132	0.03287	0.01421	0.02488	0.01688	0.01955	0.01155	0.01333	0.01066	0.00711	0.00533	0.00178	0.00888	0.00444	0.00355	0.01066
71	0.01873	0.01620	0.02035	0.01487	0.02181	0.01386	0.04842	0.07612	0.01908	0.02891	0.01513	0.01784	0.01240	0.00705	0.00783	0.00158	0.04776	0.00559	0.00511	0.60137
72	0.01569	0.01477	0.02492	0.68808	0.05722	0.01846	0.02307	0.02123	0.01661	0.02123	0.01477	0.02215	0.01107	0.00831	0.00831	0.00277	0.01107	0.00738	0.00369	0.00923
73	0.02042	0.01737	0.01826	0.01647	0.02104	0.02005	0.01280	0.04298	0.61184	0.03457	0.03350	0.03099	0.02517	0.01120	0.00833	0.00278	0.00645	0.00931	0.04356	0.01289
74	0.02056	0.01974	0.03372	0.05099	0.65622	0.01974	0.02550	0.02550	0.01892	0.02714	0.01563	0.02056	0.01316	0.00740	0.00822	0.00247	0.00987	0.00740	0.00411	0.01316
75	0.03158	0.02327	0.02493	0.01911	0.02576	0.02576	0.01579	0.62852	0.03906	0.05236	0.01995	0.01995	0.01413	0.00997	0.00831	0.00249	0.00914	0.00748	0.00831	0.01413
76	0.01208	0.00805	0.00906	0.00906	0.00906	0.00805	0.00503	0.01208	0.01208	0.01611	0.02618	0.05436	0.03020	0.70804	0.04228	0.00805	0.00805	0.01208	0.00503	0.00503
77	0.01012	0.00723	0.00964	0.01157	0.01205	0.00675	0.00771	0.01157	0.01591	0.02121	0.04579	0.70262	0.05495	0.02603	0.01060	0.00337	0.00482	0.02362	0.00771	0.00675
78	0.01253	0.00977	0.01421	0.01384	0.01504	0.01171	0.01071	0.01512	0.01318	0.01908	0.02144	0.03307	0.02059	0.11426	0.55341	0.01189	0.08935	0.00901	0.00442	0.00738
79	0.01033	0.00841	0.00898	0.00885	0.01132	0.00724	0.00653	0.01267	0.01942	0.02419	0.19162	0.07493	0.50357	0.06112	0.01175	0.00308	0.00438	0.01672	0.00783	0.00706
80	0.01012	0.00723	0.00964	0.01157	0.01205	0.00675	0.00771	0.01157	0.01591	0.02121	0.04579	0.70262	0.05495	0.02603	0.01060	0.00337	0.00482	0.02362	0.00771	0.00675
81	0.02184	0.50856	0.09123	0.01723	0.02390	0.07495	0.04474	0.02515	0.01710	0.02053	0.01209	0.01470	0.01077	0.00802	0.00813	0.00211	0.07953	0.00518	0.00364	0.01059
82	0.01008	0.00741	0.00946	0.01110	0.01193	0.00679	0.00750	0.01162	0.01636	0.02139	0.05150	0.60990	0.14398	0.02528	0.01049	0.00329	0.00473	0.02271	0.00771	0.00679
83	0.01012	0.00723	0.00964	0.01157	0.01205	0.00675	0.00771	0.01157	0.01591	0.02121	0.04579	0.70262	0.05495	0.02603	0.01060	0.00337	0.00482	0.02362	0.00771	0.00675
84	0.01723	0.01477	0.01723	0.01230	0.01969	0.01107	0.00984	0.02092	0.01723	0.02707	0.01477	0.01723	0.01230	0.00615	0.00615	0.00123	0.00615	0.00492	0.00492	0.75883
85	0.01569	0.01477	0.02492	0.68808	0.05722	0.01846	0.02307	0.02123	0.01661	0.02123	0.01477	0.02215	0.01107	0.00831	0.00831	0.00277	0.01107	0.00738	0.00369	0.00923
86	0.01012	0.00723	0.00964	0.01157	0.01205	0.00675	0.00771	0.01157	0.01591	0.02121	0.04579	0.70262	0.05495	0.02603	0.01060	0.00337	0.00482	0.02362	0.00771	0.00675
87	0.02479	0.02204	0.02181	0.01825	0.02221	0.16162	0.04052	0.18125	0.05310	0.06298	0.02139	0.02357	0.03829	0.01083	0.01141	0.00258	0.13765	0.00763	0.12734	0.01074
88	0.01878	0.01808	0.03104	0.24548	0.38883	0.01890	0.06542	0.02397	0.01814	0.02526	0.01539	0.02098	0.01242	0.00758	0.00823	0.00251	0.01030	0.00741	0.00404	0.05724
89	0.01222	0.00988	0.01491	0.14241	0.02283	0.01004	0.03700	0.01500	0.01654	0.02204	0.03695	0.45713	0.04205	0.02059	0.00999	0.00317	0.00671	0.06921	0.00665	0.04468
90	0.01723	0.01477	0.01723	0.01230	0.01969	0.01107	0.00984	0.02092	0.01723	0.02707	0.01477	0.01723	0.01230	0.00615	0.00615	0.00123	0.00615	0.00492	0.00492	0.75883
91	0.01696	0.04463	0.02807	0.49748	0.08659	0.01983	0.07547	0.02312	0.04622	0.02256	0.01556	0.02192	0.01198	0.00856	0.00934	0.00276	0.04753	0.00757	0.00398	0.00987
92	0.01214	0.00828	0.01052	0.01052	0.01100	0.00875	0.00686	0.01289	0.01242	0.01703	0.02429	0.04587	0.02635	0.46560	0.24365	0.04999	0.01254	0.01081	0.00477	0.00572
93	0.00998	0.00831	0.00872	0.00886	0.01138	0.00704	0.00655	0.01215	0.01896	0.02308	0.11982	0.13867	0.55545	0.02124	0.00989	0.00285	0.00425	0.01794	0.00781	0.00704
94	0.01012	0.00723	0.00964	0.01157	0.01205	0.00675	0.00771	0.01157	0.01591	0.02121	0.04579	0.70262	0.05495	0.02603	0.01060	0.00337	0.00482	0.02362	0.00771	0.00675
95	0.01026	0.00733	0.00979	0.01172	0.01226	0.00686	0.00794	0.01180	0.01604	0.02136	0.04571	0.67771	0.05465	0.02590	0.01064	0.00339	0.00494	0.04721	0.00771	0.00678
96	0.01666	0.04297	0.66500	0.02368	0.03596	0.01929	0.03069	0.02631	0.01754	0.02631	0.01491	0.01754	0.01052	0.00789	0.00789	0.00263	0.01228	0.00614	0.00351	0.01228
97	0.03103	0.03959	0.02354	0.02140	0.02568	0.67469	0.01605	0.03317	0.02354	0.02033	0.01284	0.01498	0.01070	0.00856	0.00749	0.00214	0.01498	0.00535	0.00428	0.00963
98	0.01176	0.00849	0.01110	0.01045	0.01241	0.00784	0.00784	0.01568	0.02352	0.03331	0.65184	0.06206	0.07839	0.01698	0.00980	0.00261	0.00392	0.01502	0.00914	0.00784
99	0.02056	0.01974	0.03372	0.05099	0.65622	0.01974	0.02550	0.02550	0.01892	0.02714	0.01563	0.02056	0.01316	0.00740	0.00822	0.00247	0.00987	0.00740	0.00411	0.01316
100	0.76672	0.01607	0.01221	0.01092	0.01607	0.01864	0.00900	0.02442	0.01414	0.03727	0.01157	0.01350	0.00900	0.00771	0.00514	0.00257	0.00643	0.00450	0.00514	0.00900
101	0.01208	0.00805	0.00906	0.00906	0.00906	0.00805	0.00503	0.01208	0.01208	0.01611	0.02618	0.05436	0.03020	0.70804	0.04228	0.00805	0.00805	0.01208	0.00503	0.00503
102	0.01666	0.04297	0.66500	0.02368	0.03596	0.01929	0.03069	0.02631	0.01754	0.02631	0.01491	0.01754	0.01052	0.00789	0.00789	0.00263	0.01228	0.00614	0.00351	0.01228
103	0.02376	0.02103	0.06004	0.01799	0.02375	0.02214	0.01503	0.22169	0.41915	0.03962	0.02842	0.02680	0.02102	0.01067	0.00838	0.00271	0.00771	0.00861	0.00811	0.01340
104	0.03158	0.02327	0.02493	0.01911	0.02576	0.02576	0.01579	0.62852	0.03906	0.05236	0.01995	0.01995	0.01413	0.00997	0.00831	0.00249	0.00914	0.00748	0.00831	0.01413
105	0.03052	0.02124	0.02307	0.01793	0.02417	0.02321	0.01473	0.50929	0.06799	0.10347	0.02223	0.02193	0.01572	0.01005	0.00817	0.00248	0.00850	0.00767	0.05394	0.01369
106	0.03727	0.01414	0.01928	0.01478	0.02121	0.01221	0.01221	0.04049	0.02378	0.66198	0.03277	0.02828	0.02056	0.01028	0.00835	0.00257	0.00707	0.00835	0.01028	0.01414
107	0.01569	0.01477	0.02492	0.68808	0.05722	0.01846	0.02307	0.02123	0.01661	0.02123	0.01477	0.02215	0.01107	0.00831	0.00831	0.00277	0.01107	0.00738	0.00369	0.00923
108	0.05768	0.27700	0.21667	0.01966	0.02768	0.15235	0.06141	0.02769	0.01874	0.05086	0.01406	0.01615	0.01112	0.00778	0.00693	0.00224	0.01122	0.00565	0.00409	0.01104
109	0.02203	0.01553	0.02137	0.18594	0.03019	0.01682	0.05200	0.18981	0.02413	0.10988	0.06065	0.08530	0.02242	0.01366	0.03985	0.00313	0.00910	0.00965	0.07775	0.01077
110	0.01030	0.00735	0.00984	0.01177	0.01233	0.00690	0.00802	0.01187	0.01608	0.02140	0.04569	0.66996	0.05456	0.02586	0.01065	0.00340	0.00497	0.05455	0.00771	0.00680
111	0.01128	0.00848	0.01048	0.01028	0.01238	0.00768	0.00778	0.01461	0.02171	0.02943	0.44017	0.09908	0.22292	0.01882	0.00994	0.00277	0.00426	0.05174	0.00862	0.00756
112	0.01996	0.05777	0.07947	0.08299	0.46450	0.02049	0.10330	0.02541	0.01867	0.02626	0.01547	0.02031	0.01265	0.00742	0.00826	0.00250	0.01059	0.00747	0.00403	0.01248
113	0.02016	0.01727	0.01841	0.01679	0.02130	0.01989	0.01317	0.04228	0.59809	0.03407	0.03452	0.03534	0.02692	0.01208	0.00866	0.00289	0.00665	0.05036	0.00840	0.01277
114	0.01012	0.00723	0.00964	0.01157	0.01205	0.00675	0.00771	0.01157	0.01591	0.02121	0.04579	0.70262	0.05495	0.02603	0.01060	0.00337	0.00482	0.02362	0.00771	0.00675
115	0.01886	0.02030	0.09530	0.05694	0.15374	0.05708	0.04271	0.05557	0.14758	0.02834	0.02886	0.04232	0.04782	0.01280	0.00912	0.00291	0.00921	0.15338	0.00613	0.01104
116	0.07950	0.18819	0.39457	0.02065	0.03046	0.02247	0.05595	0.02709	0.06046	0.02629	0.01530	0.01746	0.01157	0.00789	0.00724	0.00246	0.01074	0.00605	0.00403	0.01165
117	0.05098	0.00814	0.00795	0.00789	0.00998	0.00826	0.00596	0.01960	0.01727	0.03127	0.02637	0.03015	0.02071	0.00959	0.00578	0.00197	0.00399	0.00759	0.71877	0.00780
118	0.60498	0.05164	0.06120	0.01469	0.05618	0.01971	0.01202	0.04878	0.01579	0.03566	0.01238	0.01445	0.00964	0.00777	0.00565	0.00253	0.00727	0.00490	0.00502	0.00976
119	0.01187	0.00890	0.01335	0.01335	0.01483	0.01038	0.01038	0.01483	0.01335	0.01928	0.02225	0.03264	0.02077	0.06231	0.67512	0.01335	0.02225	0.00890	0.00445	0.00742
120	0.02126	0.05027	0.05576	0.07597	0.02502	0.12003	0.01528	0.10027	0.20496	0.02867	0.02691	0.02917	0.07333	0.04787	0.01209	0.00298	0.08458	0.00862	0.00614	0.01082
121	0.01201	0.00832	0.01041	0.01041	0.01087	0.00878	0.00671	0.01294	0.01248	0.01710	0.02494	0.04755	0.02724	0.50552	0.24076	0.00972	0.01251	0.01108	0.00485	0.00578
122	0.01939	0.02418	0.10604	0.03492	0.08006	0.02077	0.53344	0.02651	0.01937	0.02661	0.01656	0.02184	0.01244	0.00711	0.00953	0.00276	0.01359	0.00931	0.00413	0.01142
123	0.01666	0.04297	0.66500	0.02368	0.03596	0.01929	0.03069	0.02631	0.01754	0.02631	0.01491	0.01754	0.01052	0.00789	0.00789	0.00263	0.01228	0.00614	0.00351	0.01228
124	0.01213	0.00878	0.00995	0.00990	0.01117	0.00842	0.00654	0.04137	0.01679	0.02192	0.10877	0.15641	0.18894	0.33435	0.02468	0.00525	0.00626	0.01521	0.00667	0.00649
125	0.01242	0.00887	0.01228	0.01420	0.01569	0.00873	0.01171	0.01555	0.01817	0.02378	0.04452	0.27325	0.04991	0.02386	0.01122	0.00369	0.00682	0.43027	0.00767	0.00738
126	0.01212	0.00858	0.01029	0.01005	0.01236	0.00760	0.00746	0.01496	0.02071	0.06043	0.31692	0.15531	0.29381	0.01944	0.00984	0.00279	0.00432	0.01682	0.00846	0.00770
127	0.03158	0.02327	0.02493	0.01911	0.02576	0.02576	0.01579	0.62852	0.03906	0.05236	0.01995	0.01995	0.01413	0.00997	0.00831	0.00249	0.00914	0.00748	0.00831	0.01413
128	0.01723	0.01477	0.01723	0.01230	0.01969	0.01107	0.00984	0.02092	0.01723	0.02707	0.01477	0.01723	0.01230	0.00615	0.00615	0.00123	0.00615	0.00492	0.00492	0.75883
129	0.02064	0.01766	0.01859	0.01663	0.02132	0.02028	0.01296	0.06687	0.58934	0.03494	0.03543	0.03266	0.05213	0.01164	0.00851	0.00280	0.00658	0.00967	0.00842	0.01292
130	0.02494	0.01913	0.01917	0.06206	0.02273	0.08035	0.01309	0.31559	0.05436	0.03977	0.02173	0.02354	0.01630	0.00969	0.00746	0.00232	0.00807	0.00743	0.24096	0.01133
131	0.01113	0.00804	0.01032	0.01060	0.01199	0.00745	0.00751	0.01385	0.01995	0.02750	0.37554	0.27308	0.10152	0.06810	0.01232	0.00325	0.00452	0.01779	0.00830	0.00724
132	0.76672	0.01607	0.01221	0.01092	0.01607	0.01864	0.00900	0.02442	0.01414	0.03727	0.01157	0.01350	0.00900	0.00771	0.00514	0.00257	0.00643	0.00450	0.00514	0.00900
133	0.01018	0.00850	0.00891	0.00903	0.01172	0.00724	0.00691	0.01249	0.01917	0.02313	0.10788	0.08013	0.58060	0.02099	0.00994	0.00287	0.00445	0.06095	0.00778	0.00710
134	0.01723	0.01477	0.01723	0.01230	0.01969	0.01107	0.00984	0.02092	0.01723	0.02707	0.01477	0.01723	0.01230	0.00615	0.00615	0.00123	0.00615	0.00492	0.00492	0.75883
135	0.03103	0.03959	0.02354	0.02140	0.02568	0.67469	0.01605	0.03317	0.02354	0.02033	0.01284	0.01498	0.01070	0.00856	0.00749	0.00214	0.01498	0.00535	0.00428	0.00963
136	0.03192	0.02273	0.02460	0.01886	0.02549	0.02496	0.01558	0.59354	0.03815	0.08863	0.02071	0.02044	0.01451	0.00999	0.00831	0.00250	0.00902	0.00753	0.00843	0.01413
137	0.01569	0.01477	0.02492	0.68808	0.05722	0.01846	0.02307	0.02123	0.01661	0.02123	0.01477	0.02215	0.01107	0.00831	0.00831	0.00277	0.01107	0.00738	0.00369	0.00923
138	0.01012	0.00723	0.00964	0.01157	0.01205	0.00675	0.00771	0.01157	0.01591	0.02121	0.04579	0.70262	0.05495	0.02603	0.01060	0.00337	0.00482	0.02362	0.00771	0.00675
139	0.01569	0.01477	0.02492	0.68808	0.05722	0.01846	0.02307	0.02123	0.01661	0.02123	0.01477	0.02215	0.01107	0.00831	0.00831	0.00277	0.01107	0.00738	0.00369	0.00923
140	0.01187	0.00890	0.01335	0.01335	0.01483	0.01038	0.01038	0.01483	0.01335	0.01928	0.02225	0.03264	0.02077	0.06231	0.67512	0.01335	0.02225	0.00890	0.00445	0.00742
141	0.01205	0.00818	0.00972	0.00972	0.00994	0.00841	0.00585	0.01250	0.01227	0.01659	0.02558	0.05105	0.02876	0.60949	0.13887	0.00886	0.01022	0.01160	0.00494	0.00540
142	0.01042	0.00744	0.00998	0.01191	0.01252	0.00700	0.00823	0.01208	0.01620	0.02154	0.04562	0.64749	0.05430	0.02575	0.01068	0.00341	0.00508	0.07583	0.00771	0.00683
143	0.01037	0.00857	0.00919	0.00941	0.01206	0.00738	0.00731	0.01279	0.01918	0.02327	0.10565	0.08090	0.54699	0.02110	0.01003	0.00293	0.00464	0.09333	0.00777	0.00713
144	0.06738	0.01422	0.01899	0.01462	0.02099	0.01248	0.01208	0.03982	0.02338	0.63619	0.03190	0.02767	0.02009	0.01018	0.00822	0.00257	0.00704	0.00820	0.01007	0.01393
145	0.01977	0.02019	0.05717	0.10901	0.51272	0.01996	0.05345	0.02488	0.01835	0.02614	0.01532	0.02056	0.01271	0.00786	0.00929	0.00258	0.04610	0.00746	0.00403	0.01244
146	0.02014	0.01299	0.01675	0.04719	0.04357	0.01313	0.01214	0.04539	0.04896	0.18049	0.04398	0.07838	0.20581	0.01536	0.01119	0.00285	0.08425	0.06286	0.00746	0.04710
147	0.02581	0.01917	0.02240	0.01708	0.02352	0.01939	0.04345	0.35690	0.02965	0.07112	0.02054	0.05217	0.01608	0.00957	0.00782	0.00220	0.00808	0.00773	0.03779	0.20952
148	0.02319	0.05969	0.05189	0.01521	0.02163	0.01655	0.01287	0.03421	0.24586	0.16988	0.02550	0.02446	0.01870	0.00907	0.00751	0.00221	0.00698	0.00734	0.00724	0.24001
149	0.19054	0.06258	0.42659	0.02005	0.02979	0.05894	0.02359	0.05025	0.01795	0.02924	0.01408	0.01639	0.01033	0.00794	0.00715	0.00255	0.01083	0.00570	0.00412	0.01138
150	0.07114	0.05575	0.05021	0.02025	0.05370	0.19896	0.03850	0.21098	0.08446	0.03310	0.01971	0.06098	0.01662	0.03793	0.00931	0.00269	0.01036	0.00794	0.00611	0.01131
151	0.01396	0.00990	0.01140	0.01116	0.01247	0.00997	0.00747	0.09494	0.01778	0.02363	0.06115	0.24131	0.08045	0.33844	0.02485	0.00535	0.00682	0.01533	0.00661	0.00701
152	0.02843	0.02180	0.02294	0.05321	0.02575	0.05165	0.01515	0.46821	0.09182	0.04600	0.02123	0.02175	0.01543	0.00992	0.00809	0.00248	0.00884	0.00758	0.06662	0.01308
153	0.01613	0.01175	0.01392	0.01247	0.01509	0.01190	0.03279	0.06251	0.12358	0.06322	0.04077	0.08550	0.16415	0.28429	0.02203	0.00484	0.00704	0.01280	0.00686	0.00837

[dist]
# distance from previous block
# <min> <max>
32	64

[block]
# block no. 2 follows, 22 sequences, length 37
# corresponding to MSA columns:
# 310-346
name=unknown_C
#
# <colnr> <probs for GDERKNQSTAVLIFYWHMCP>
#	G	D	E	R	K	N	Q	S	T	A	V	L	I	F	Y	W	H	M	C	P
0	0.05491	0.14869	0.18865	0.07820	0.05461	0.04661	0.08419	0.06112	0.01863	0.02604	0.01569	0.02150	0.01307	0.00904	0.00932	0.00253	0.06993	0.03601	0.00433	0.05690
1	0.13306	0.10481	0.20003	0.10594	0.08698	0.10661	0.05040	0.07193	0.01948	0.02786	0.01429	0.01740	0.01101	0.00799	0.00735	0.00246	0.01086	0.00615	0.00433	0.01105
2	0.29166	0.07368	0.05891	0.04756	0.10197	0.01886	0.04330	0.05040	0.04790	0.12084	0.05636	0.02152	0.01686	0.00881	0.00707	0.00253	0.00799	0.00686	0.00593	0.01100
3	0.12673	0.09860	0.02874	0.05648	0.02694	0.02203	0.13572	0.02634	0.08738	0.05622	0.01633	0.01988	0.01314	0.00979	0.01276	0.00277	0.19202	0.00720	0.00490	0.05602
4	0.01123	0.00845	0.01027	0.00982	0.01194	0.00762	0.00730	0.01448	0.02176	0.02956	0.46715	0.06674	0.23700	0.04680	0.01115	0.00289	0.00417	0.01560	0.00857	0.00749
5	0.01045	0.00757	0.00978	0.01131	0.01213	0.00705	0.00778	0.01214	0.01653	0.02184	0.07687	0.54830	0.10947	0.05899	0.01212	0.00354	0.00504	0.05464	0.00764	0.00679
6	0.01190	0.00877	0.01270	0.01270	0.01395	0.01003	0.00957	0.01442	0.01316	0.01880	0.02285	0.03595	0.02221	0.16069	0.57870	0.01254	0.02009	0.00939	0.00454	0.00705
7	0.02056	0.01974	0.03372	0.05099	0.65622	0.01974	0.02550	0.02550	0.01892	0.02714	0.01563	0.02056	0.01316	0.00740	0.00822	0.00247	0.00987	0.00740	0.00411	0.01316
8	0.01108	0.00840	0.01196	0.10489	0.01856	0.00852	0.01015	0.01322	0.01619	0.02142	0.04141	0.57398	0.04850	0.02341	0.01034	0.00332	0.00584	0.05452	0.00715	0.00714
9	0.01666	0.04297	0.66500	0.02368	0.03596	0.01929	0.03069	0.02631	0.01754	0.02631	0.01491	0.01754	0.01052	0.00789	0.00789	0.00263	0.01228	0.00614	0.00351	0.01228
10	0.02039	0.01761	0.02008	0.12631	0.02760	0.02055	0.01489	0.06895	0.51009	0.03341	0.03003	0.02901	0.02248	0.01072	0.00842	0.00279	0.00743	0.00897	0.00767	0.01256
11	0.02274	0.01818	0.09678	0.07074	0.02665	0.01433	0.07278	0.02901	0.07466	0.21408	0.02721	0.05947	0.05201	0.01005	0.00814	0.00239	0.00815	0.00872	0.00677	0.17711
12	0.02176	0.01830	0.06214	0.02214	0.05621	0.01704	0.15853	0.12136	0.08451	0.10582	0.05731	0.03888	0.02518	0.01194	0.00918	0.00284	0.00918	0.11905	0.04729	0.01134
13	0.02047	0.47945	0.22153	0.01819	0.02685	0.02827	0.05617	0.02539	0.01723	0.02191	0.01283	0.01508	0.01074	0.00733	0.00634	0.00208	0.01017	0.00525	0.00358	0.01116
14	0.02189	0.01102	0.01445	0.01304	0.01638	0.01015	0.00991	0.06105	0.02163	0.26500	0.14701	0.29455	0.04374	0.01754	0.00948	0.00288	0.00577	0.01539	0.00896	0.01016
15	0.01797	0.02942	0.28143	0.02943	0.03888	0.01959	0.36600	0.02568	0.01862	0.02620	0.01765	0.05727	0.01410	0.00837	0.00912	0.00277	0.01285	0.00915	0.00413	0.01137
16	0.01599	0.01507	0.02546	0.64890	0.09405	0.01854	0.02322	0.02149	0.01675	0.02159	0.01482	0.02205	0.01120	0.00825	0.00830	0.00275	0.01100	0.00738	0.00372	0.00947
17	0.02056	0.01974	0.03372	0.05099	0.65622	0.01974	0.02550	0.02550	0.01892	0.02714	0.01563	0.02056	0.01316	0.00740	0.00822	0.00247	0.00987	0.00740	0.00411	0.01316
18	0.01975	0.01613	0.02295	0.16801	0.10730	0.01779	0.04670	0.09205	0.13051	0.06827	0.07804	0.03518	0.05352	0.01178	0.00987	0.00282	0.04543	0.05645	0.00646	0.01098
19	0.02797	0.02712	0.02502	0.09041	0.09522	0.23906	0.01747	0.27095	0.06619	0.03488	0.01746	0.01926	0.01327	0.00914	0.00804	0.00242	0.01119	0.00687	0.00608	0.01198
20	0.01961	0.02241	0.04902	0.03501	0.04342	0.02101	0.62605	0.02661	0.01961	0.02661	0.01681	0.02241	0.01261	0.00700	0.00980	0.00280	0.01401	0.00980	0.00420	0.01120
21	0.02910	0.18744	0.02793	0.01982	0.02472	0.53379	0.01565	0.03135	0.02208	0.02016	0.01256	0.01462	0.01069	0.00824	0.00702	0.00206	0.01364	0.00515	0.00412	0.00986
22	0.02639	0.02543	0.02794	0.12173	0.13744	0.18355	0.06613	0.24671	0.02713	0.03377	0.01648	0.01933	0.01256	0.00872	0.00821	0.00246	0.01136	0.00711	0.00563	0.01193
23	0.02319	0.44980	0.11817	0.01807	0.02532	0.16357	0.05123	0.02687	0.01850	0.02096	0.01254	0.01471	0.01076	0.00750	0.00635	0.00202	0.01087	0.00515	0.00374	0.01068
24	0.08637	0.01767	0.13337	0.01706	0.02191	0.01325	0.08285	0.01926	0.01736	0.02610	0.07600	0.23354	0.03302	0.01547	0.00973	0.00288	0.03407	0.07105	0.00599	0.08303
25	0.03036	0.06557	0.02566	0.01878	0.02525	0.05079	0.01555	0.53537	0.07171	0.04812	0.01996	0.01999	0.01443	0.00982	0.00811	0.00245	0.00920	0.00732	0.00787	0.01369
26	0.01122	0.00840	0.01040	0.01004	0.01212	0.00759	0.00748	0.01458	0.02204	0.03014	0.48757	0.10160	0.20941	0.01842	0.00985	0.00270	0.00404	0.01608	0.00874	0.00759
27	0.01753	0.01662	0.02850	0.50416	0.13477	0.01925	0.08299	0.05263	0.01834	0.02411	0.01534	0.02185	0.01166	0.00814	0.00844	0.00272	0.01111	0.00763	0.00403	0.01020
28	0.01754	0.01948	0.05927	0.15977	0.06252	0.01849	0.38238	0.02361	0.01874	0.02533	0.04568	0.08874	0.01905	0.00954	0.00947	0.00282	0.01193	0.01066	0.00462	0.01035
29	0.00993	0.00797	0.00887	0.00960	0.01153	0.00691	0.00684	0.01179	0.01780	0.02198	0.06978	0.31326	0.42882	0.02291	0.01011	0.00302	0.00444	0.01981	0.00771	0.00691
30	0.05817	0.02052	0.06981	0.16866	0.07152	0.01940	0.37449	0.02445	0.01835	0.02576	0.01759	0.05996	0.01441	0.00845	0.00912	0.00279	0.01219	0.00950	0.00431	0.01057
31	0.09752	0.50652	0.12734	0.01502	0.02238	0.02808	0.01568	0.02452	0.01706	0.02310	0.04744	0.01664	0.01422	0.00783	0.00592	0.00203	0.00884	0.00528	0.00402	0.01056
32	0.01203	0.00827	0.01017	0.01017	0.01056	0.00866	0.00642	0.01280	0.01241	0.01693	0.02516	0.04873	0.02775	0.54048	0.20650	0.00943	0.01174	0.01126	0.00488	0.00565
33	0.01012	0.00723	0.00964	0.01157	0.01205	0.00675	0.00771	0.01157	0.01591	0.02121	0.04579	0.70262	0.05495	0.02603	0.01060	0.00337	0.00482	0.02362	0.00771	0.00675
34	0.01766	0.07079	0.48186	0.02602	0.03709	0.02039	0.17739	0.02631	0.01802	0.02605	0.01521	0.01854	0.01105	0.00763	0.00824	0.00263	0.01254	0.00696	0.00368	0.01193
35	0.01806	0.06390	0.23010	0.01660	0.02540	0.05050	0.01721	0.02355	0.01765	0.02605	0.01453	0.01699	0.01155	0.00690	0.00675	0.00177	0.00877	0.00531	0.00435	0.43406
36	0.01792	0.10431	0.26806	0.02585	0.03438	0.02068	0.25554	0.02465	0.01786	0.02490	0.01774	0.07862	0.01523	0.00940	0.00962	0.00272	0.04837	0.00895	0.00415	0.01103

[dist]
# distance from previous block
# <min> <max>
1	3

[block]
# block no. 3 follows, 22 sequences, length 131
# corresponding to MSA columns:
# 352-482
name=unknown_D
#
# <colnr> <probs for GDERKNQSTAVLIFYWHMCP>
#	G	D	E	R	K	N	Q	S	T	A	V	L	I	F	Y	W	H	M	C	P
0	0.08996	0.04872	0.17846	0.04486	0.09174	0.01579	0.01684	0.02346	0.09040	0.02851	0.14030	0.07804	0.09506	0.01239	0.00835	0.00266	0.00776	0.01040	0.00604	0.01026
1	0.02487	0.42301	0.08616	0.01749	0.02402	0.25718	0.01618	0.02790	0.01927	0.02036	0.01227	0.01424	0.01066	0.00768	0.00629	0.00197	0.01130	0.00490	0.00381	0.01043
2	0.01223	0.00900	0.01248	0.05038	0.01716	0.00894	0.01140	0.01538	0.01844	0.02428	0.10301	0.26886	0.07532	0.02242	0.01081	0.00347	0.00649	0.31489	0.00760	0.00746
3	0.09117	0.19738	0.38880	0.02092	0.05553	0.02256	0.02340	0.02682	0.05439	0.02630	0.01494	0.01707	0.01140	0.00787	0.00706	0.00243	0.01046	0.00582	0.00400	0.01166
4	0.01868	0.02071	0.06797	0.12264	0.03636	0.04559	0.27999	0.04912	0.01874	0.02548	0.01796	0.07784	0.01559	0.00982	0.01107	0.00275	0.08968	0.00942	0.00456	0.07603
5	0.01237	0.00953	0.01389	0.01361	0.01485	0.01132	0.01050	0.01498	0.01319	0.01906	0.02174	0.03346	0.02085	0.11581	0.56990	0.01214	0.07195	0.00906	0.00444	0.00733
6	0.01012	0.00723	0.00964	0.01157	0.01205	0.00675	0.00771	0.01157	0.01591	0.02121	0.04579	0.70262	0.05495	0.02603	0.01060	0.00337	0.00482	0.02362	0.00771	0.00675
7	0.01022	0.00730	0.00972	0.01150	0.01207	0.00681	0.00772	0.01180	0.01634	0.02191	0.08075	0.66567	0.05630	0.02550	0.01056	0.00333	0.00477	0.02312	0.00779	0.00681
8	0.01996	0.01644	0.02185	0.01735	0.05276	0.01421	0.07236	0.10181	0.02061	0.05649	0.01812	0.05577	0.01526	0.00804	0.00723	0.00178	0.00747	0.00701	0.00563	0.47984
9	0.01864	0.01570	0.01826	0.01330	0.02035	0.01300	0.01071	0.07924	0.01916	0.02925	0.01512	0.01752	0.01243	0.00682	0.00712	0.00144	0.03104	0.00525	0.00520	0.66045
10	0.01988	0.02061	0.06930	0.10966	0.56380	0.01959	0.02557	0.02514	0.01862	0.02653	0.01550	0.02054	0.01281	0.00752	0.00821	0.00251	0.01012	0.00733	0.00404	0.01274
11	0.01969	0.01691	0.01790	0.01617	0.02063	0.01934	0.01255	0.04113	0.57915	0.03415	0.07160	0.03487	0.05507	0.01202	0.00859	0.00281	0.00632	0.01006	0.00846	0.01258
12	0.01012	0.00723	0.00964	0.01157	0.01205	0.00675	0.00771	0.01157	0.01591	0.02121	0.04579	0.70262	0.05495	0.02603	0.01060	0.00337	0.00482	0.02362	0.00771	0.00675
13	0.01121	0.00805	0.01043	0.01185	0.01271	0.00769	0.00809	0.04040	0.01742	0.02335	0.07955	0.63402	0.05441	0.02476	0.01045	0.00329	0.00497	0.02237	0.00782	0.00715
14	0.01569	0.01477	0.02492	0.68808	0.05722	0.01846	0.02307	0.02123	0.01661	0.02123	0.01477	0.02215	0.01107	0.00831	0.00831	0.00277	0.01107	0.00738	0.00369	0.00923
15	0.01187	0.00890	0.01335	0.01335	0.01483	0.01038	0.01038	0.01483	0.01335	0.01928	0.02225	0.03264	0.02077	0.06231	0.67512	0.01335	0.02225	0.00890	0.00445	0.00742
16	0.19377	0.01584	0.01836	0.01458	0.02064	0.01570	0.01198	0.10419	0.06349	0.41637	0.02678	0.02430	0.01763	0.00975	0.00766	0.00258	0.00713	0.00749	0.00882	0.01296
17	0.01388	0.01111	0.01244	0.01339	0.01488	0.05220	0.00975	0.07026	0.01895	0.02449	0.04104	0.51468	0.04739	0.02301	0.01031	0.00327	0.00625	0.09743	0.00754	0.00773
18	0.01041	0.00781	0.00965	0.01051	0.01192	0.00706	0.00738	0.01257	0.01838	0.02422	0.19077	0.40042	0.21317	0.02273	0.01022	0.00306	0.00446	0.02014	0.00803	0.00706
19	0.01116	0.00797	0.01083	0.01276	0.01369	0.00764	0.00952	0.01336	0.01693	0.02237	0.04521	0.50869	0.05267	0.02505	0.01088	0.00352	0.00572	0.20728	0.00769	0.00703
20	0.02221	0.71304	0.04353	0.01421	0.02132	0.03287	0.01421	0.02488	0.01688	0.01955	0.01155	0.01333	0.01066	0.00711	0.00533	0.00178	0.00888	0.00444	0.00355	0.01066
21	0.00982	0.00842	0.00842	0.00842	0.01122	0.00701	0.00631	0.01192	0.01894	0.02244	0.08416	0.07995	0.65285	0.02104	0.00982	0.00281	0.00421	0.01753	0.00771	0.00701
22	0.01176	0.00849	0.01110	0.01045	0.01241	0.00784	0.00784	0.01568	0.02352	0.03331	0.65184	0.06206	0.07839	0.01698	0.00980	0.00261	0.00392	0.01502	0.00914	0.00784
23	0.02056	0.02165	0.04014	0.13049	0.14548	0.04854	0.36825	0.06985	0.02065	0.02753	0.01638	0.02157	0.01251	0.00754	0.00912	0.00269	0.01258	0.00869	0.00442	0.01139
24	0.01723	0.01477	0.01723	0.01230	0.01969	0.01107	0.00984	0.02092	0.01723	0.02707	0.01477	0.01723	0.01230	0.00615	0.00615	0.00123	0.00615	0.00492	0.00492	0.75883
25	0.02297	0.02185	0.04946	0.02053	0.05361	0.07451	0.04239	0.13637	0.37957	0.03473	0.02635	0.02584	0.01988	0.01048	0.00927	0.00272	0.04104	0.00844	0.00727	0.01271
