[name]
unknown

[dist]
# distance from previous block
# <min> <max>
0	52

[block]
# block no. 0 follows, 24 sequences, length 17
# corresponding to MSA columns:
# 54-70
name=unknown_A
#
# <colnr> <probs for GDERKNQSTAVLIFYWHMCP>
#	G	D	E	R	K	N	Q	S	T	A	V	L	I	F	Y	W	H	M	C	P
0	0.07812	0.01851	0.13080	0.17531	0.03094	0.01535	0.06958	0.05250	0.01852	0.16141	0.02217	0.03173	0.01816	0.05046	0.01000	0.00298	0.00918	0.08836	0.00573	0.01020
1	0.01904	0.07690	0.05208	0.06447	0.02719	0.08209	0.15605	0.08077	0.05141	0.02647	0.04637	0.06034	0.04625	0.00921	0.00775	0.00221	0.00919	0.00828	0.00514	0.16877
2	0.01258	0.01097	0.03711	0.01269	0.01419	0.01123	0.01008	0.01550	0.01807	0.02602	0.34399	0.15324	0.05063	0.05648	0.01450	0.00308	0.15122	0.01337	0.03749	0.00756
3	0.17541	0.09766	0.48279	0.01924	0.02909	0.01946	0.02355	0.02461	0.01601	0.02671	0.01327	0.01557	0.00975	0.00743	0.00676	0.00243	0.01026	0.00539	0.00368	0.01093
4	0.01734	0.19590	0.32016	0.01774	0.02536	0.01906	0.05437	0.02259	0.01589	0.05190	0.01660	0.02386	0.01456	0.15648	0.01393	0.00340	0.00996	0.00695	0.00400	0.00993
5	0.02458	0.05414	0.06370	0.02445	0.04976	0.22682	0.23528	0.03040	0.06898	0.11709	0.01796	0.01999	0.01333	0.00796	0.00807	0.00239	0.01177	0.00736	0.00511	0.01086
6	0.01118	0.00803	0.01072	0.01120	0.01272	0.00758	0.00856	0.01434	0.01985	0.02737	0.38899	0.22136	0.06342	0.01945	0.00987	0.00291	0.00469	0.14246	0.00811	0.00720
7	0.01628	0.03358	0.48298	0.02134	0.03174	0.01693	0.08194	0.02406	0.01686	0.02529	0.01437	0.01711	0.01058	0.00711	0.00736	0.00225	0.01065	0.00594	0.00369	0.16995
8	0.01752	0.01641	0.02574	0.17409	0.27963	0.01653	0.05679	0.02376	0.07647	0.02516	0.01882	0.02254	0.03882	0.00783	0.00763	0.00223	0.00866	0.00726	0.00453	0.16957
9	0.01211	0.01064	0.01747	0.01552	0.01839	0.00985	0.14070	0.01529	0.01763	0.02304	0.09434	0.27403	0.18464	0.01883	0.00987	0.00300	0.00667	0.11361	0.00676	0.00761
10	0.01108	0.01411	0.14948	0.01359	0.01645	0.00904	0.01215	0.01418	0.01562	0.02139	0.03749	0.54662	0.04334	0.02112	0.00961	0.00309	0.00619	0.04136	0.00652	0.00758
11	0.08888	0.08842	0.04620	0.04622	0.02190	0.20754	0.01332	0.17874	0.02304	0.03068	0.01672	0.01879	0.01300	0.00849	0.00667	0.00213	0.00920	0.00605	0.16398	0.01000
12	0.61861	0.01576	0.01429	0.01260	0.01648	0.01915	0.01042	0.02243	0.01321	0.03213	0.01091	0.01381	0.00897	0.00872	0.00932	0.00267	0.15247	0.00485	0.00461	0.00861
13	0.08692	0.06073	0.24983	0.16568	0.05300	0.01869	0.17068	0.02326	0.01666	0.02460	0.01557	0.05083	0.01254	0.00815	0.00781	0.00256	0.01080	0.00752	0.00389	0.01027
14	0.77733	0.01534	0.01166	0.01043	0.01534	0.01779	0.00859	0.02331	0.01350	0.03558	0.01104	0.01288	0.00859	0.00736	0.00491	0.00245	0.00613	0.00429	0.00491	0.00859
15	0.01665	0.01135	0.01363	0.01273	0.01529	0.01157	0.00967	0.17072	0.02252	0.05603	0.16532	0.28469	0.04279	0.01787	0.00999	0.03292	0.00573	0.04890	0.04300	0.00865
16	0.01600	0.03225	0.45163	0.16501	0.03845	0.01801	0.08359	0.02387	0.01672	0.02416	0.01436	0.01808	0.01042	0.00746	0.00770	0.00249	0.01134	0.00637	0.00351	0.04856

[dist]
# distance from previous block
# <min> <max>
0	4

[block]
# block no. 1 follows, 24 sequences, length 7
# corresponding to MSA columns:
# 75-81
name=unknown_B
#
# <colnr> <probs for GDERKNQSTAVLIFYWHMCP>
#	G	D	E	R	K	N	Q	S	T	A	V	L	I	F	Y	W	H	M	C	P
0	0.01233	0.00805	0.00966	0.01000	0.01137	0.00811	0.00744	0.01466	0.01511	0.02187	0.03451	0.05284	0.10550	0.21600	0.12235	0.00557	0.00822	0.12487	0.20502	0.00653
1	0.02208	0.54515	0.03590	0.01480	0.02069	0.15374	0.01364	0.02455	0.01707	0.01878	0.01199	0.01434	0.01087	0.01082	0.05448	0.00255	0.01049	0.00471	0.00358	0.00977
2	0.02287	0.01542	0.01775	0.01452	0.01876	0.01625	0.01156	0.32962	0.02852	0.09457	0.20912	0.06211	0.03355	0.01365	0.01036	0.06611	0.00678	0.00995	0.00793	0.01060
3	0.27166	0.01247	0.01273	0.01137	0.01479	0.01327	0.00865	0.05266	0.07043	0.11113	0.12584	0.07360	0.02861	0.14495	0.01340	0.00351	0.00616	0.00936	0.00667	0.00875
4	0.01469	0.01035	0.01303	0.01132	0.01485	0.00859	0.00836	0.01626	0.01548	0.05453	0.04998	0.22551	0.02701	0.01613	0.01209	0.14650	0.00565	0.01090	0.00566	0.33311
5	0.01712	0.15407	0.40339	0.01866	0.02724	0.01871	0.02185	0.02360	0.01623	0.06073	0.01598	0.01934	0.01247	0.01731	0.13559	0.00429	0.01265	0.00619	0.00390	0.01068
6	0.01639	0.01888	0.11419	0.02211	0.02759	0.01606	0.26920	0.02269	0.05562	0.02541	0.02167	0.11102	0.01908	0.01046	0.00986	0.00264	0.06966	0.00998	0.14788	0.00960

[dist]
# distance from previous block
# <min> <max>
0	8

[block]
# block no. 2 follows, 24 sequences, length 165
# corresponding to MSA columns:
# 90-254
name=unknown_C
#
# <colnr> <probs for GDERKNQSTAVLIFYWHMCP>
#	G	D	E	R	K	N	Q	S	T	A	V	L	I	F	Y	W	H	M	C	P
0	0.01910	0.09406	0.03434	0.10159	0.40965	0.02054	0.12222	0.02379	0.01744	0.02417	0.01437	0.01920	0.01192	0.00741	0.00876	0.00242	0.04660	0.00713	0.00382	0.01146
1	0.01970	0.01411	0.01665	0.01226	0.01885	0.01134	0.00987	0.06001	0.01874	0.12490	0.02115	0.02196	0.05440	0.00758	0.00653	0.00153	0.00606	0.00610	0.00583	0.56243
2	0.02229	0.01058	0.01402	0.01175	0.01563	0.00935	0.00931	0.02561	0.02229	0.32746	0.33857	0.04551	0.08688	0.01352	0.00872	0.00249	0.00514	0.01157	0.00914	0.01019
3	0.02353	0.01494	0.01726	0.01475	0.01941	0.01582	0.01167	0.06304	0.35501	0.22036	0.12345	0.03268	0.02975	0.01122	0.00822	0.00258	0.00615	0.00938	0.00866	0.01213
4	0.00966	0.00690	0.00920	0.01104	0.01150	0.00644	0.00736	0.01104	0.01518	0.02024	0.04371	0.71614	0.05245	0.02484	0.01012	0.00322	0.00460	0.02254	0.00736	0.00644
5	0.01576	0.01471	0.02464	0.51803	0.18445	0.01726	0.02144	0.02059	0.01606	0.02117	0.01496	0.02275	0.01215	0.05267	0.00995	0.00290	0.01014	0.00733	0.00369	0.00936
6	0.01992	0.01914	0.02984	0.04343	0.57121	0.04709	0.02235	0.05383	0.01918	0.02651	0.01912	0.02294	0.05382	0.00805	0.00792	0.00236	0.00926	0.00759	0.00434	0.01209
7	0.02569	0.02968	0.02157	0.02078	0.06398	0.42405	0.01497	0.03469	0.23383	0.02440	0.01910	0.01973	0.01503	0.00896	0.00750	0.00228	0.01132	0.00652	0.00540	0.01052
8	0.03875	0.00890	0.01085	0.01019	0.01240	0.00852	0.00770	0.01659	0.06010	0.03110	0.55424	0.05730	0.12175	0.01591	0.00912	0.00252	0.00400	0.01387	0.00843	0.00776
9	0.01746	0.01273	0.01338	0.01241	0.01565	0.01414	0.00952	0.05031	0.34209	0.03147	0.03002	0.07247	0.02409	0.01100	0.00719	0.00238	0.00522	0.00914	0.30919	0.01014
10	0.01165	0.00885	0.01298	0.01268	0.01445	0.00995	0.00988	0.01453	0.01298	0.01888	0.02079	0.03023	0.01932	0.05610	0.64681	0.01202	0.02027	0.00826	0.00428	0.05511
11	0.00937	0.00803	0.00803	0.00803	0.01071	0.00669	0.00602	0.01138	0.01807	0.02142	0.08033	0.07632	0.66863	0.02008	0.00937	0.00268	0.00402	0.01674	0.00736	0.00669
12	0.01116	0.00810	0.01051	0.00991	0.01181	0.00745	0.00743	0.01484	0.02229	0.03143	0.64679	0.05984	0.09592	0.01635	0.00935	0.00250	0.00375	0.01443	0.00868	0.00745
13	0.14737	0.01135	0.01136	0.01001	0.01337	0.01195	0.00792	0.11029	0.01955	0.08727	0.02284	0.02504	0.01731	0.00901	0.00598	0.00208	0.00508	0.00688	0.46638	0.00897
14	0.15260	0.01345	0.01683	0.01326	0.01893	0.01237	0.01090	0.03470	0.02121	0.53412	0.06812	0.02677	0.02134	0.00983	0.00757	0.00246	0.00646	0.00779	0.00896	0.01233
15	0.01129	0.00805	0.01018	0.00965	0.01159	0.00741	0.00724	0.01488	0.02171	0.03077	0.57698	0.05883	0.12221	0.01610	0.00911	0.00247	0.00376	0.01411	0.05626	0.00741
16	0.01026	0.05326	0.01034	0.00853	0.01141	0.00831	0.00661	0.01244	0.01829	0.02205	0.12161	0.07098	0.58102	0.01894	0.00910	0.00260	0.00428	0.01576	0.00722	0.00697
17	0.01128	0.00758	0.00872	0.00897	0.00903	0.00752	0.00515	0.01147	0.01202	0.01602	0.02748	0.14048	0.03198	0.62843	0.03633	0.00709	0.00728	0.01300	0.00515	0.00502
18	0.02847	0.03595	0.02186	0.01995	0.02386	0.64668	0.01498	0.03056	0.02186	0.01934	0.01282	0.01536	0.01082	0.01140	0.05014	0.00272	0.01474	0.00532	0.00410	0.00906
19	0.02213	0.24969	0.24417	0.01713	0.02498	0.02165	0.01829	0.11337	0.02023	0.12314	0.01828	0.06135	0.01467	0.00900	0.00704	0.00227	0.00908	0.00689	0.00522	0.01141
20	0.01977	0.02048	0.06802	0.04406	0.53076	0.01922	0.10229	0.05113	0.01889	0.02683	0.01520	0.01967	0.01240	0.00715	0.00803	0.00240	0.01001	0.00729	0.00408	0.01232
21	0.09663	0.09692	0.38551	0.02127	0.05751	0.16434	0.02258	0.02619	0.01765	0.02441	0.01323	0.01560	0.01006	0.00757	0.00698	0.00233	0.01132	0.00545	0.00370	0.01076
22	0.01605	0.03998	0.64665	0.02318	0.03470	0.01850	0.06183	0.02513	0.01685	0.02513	0.01433	0.01699	0.01015	0.00749	0.00763	0.00252	0.01181	0.00605	0.00338	0.01167
23	0.01122	0.00811	0.01060	0.00998	0.01185	0.00748	0.00748	0.01496	0.02245	0.03180	0.66766	0.05923	0.07482	0.01621	0.00935	0.00249	0.00374	0.01434	0.00873	0.00748
24	0.00966	0.00690	0.00920	0.01104	0.01150	0.00644	0.00736	0.01104	0.01518	0.02024	0.04371	0.71614	0.05245	0.02484	0.01012	0.00322	0.00460	0.02254	0.00736	0.00644
25	0.01278	0.00913	0.01278	0.01460	0.01643	0.00913	0.01278	0.01643	0.01825	0.02373	0.04199	0.08945	0.04564	0.02191	0.01095	0.00365	0.00730	0.61847	0.00730	0.00730
26	0.01132	0.00817	0.01073	0.01026	0.01212	0.00758	0.00780	0.01505	0.02219	0.03131	0.62987	0.06106	0.07306	0.01656	0.00945	0.00256	0.00396	0.05083	0.00864	0.00747
27	0.01872	0.02139	0.04679	0.03342	0.04144	0.02005	0.64305	0.02540	0.01872	0.02540	0.01604	0.02139	0.01203	0.00668	0.00936	0.00267	0.01337	0.00936	0.00401	0.01070
28	0.01590	0.04102	0.68023	0.02260	0.03432	0.01842	0.02930	0.02511	0.01674	0.02511	0.01423	0.01674	0.01005	0.00753	0.00753	0.00251	0.01172	0.00586	0.00335	0.01172
29	0.03558	0.01350	0.01840	0.01411	0.02024	0.01166	0.01166	0.03865	0.02270	0.67734	0.03128	0.02699	0.01963	0.00981	0.00797	0.00245	0.00675	0.00797	0.00981	0.01350
30	0.01963	0.01884	0.03219	0.04867	0.67185	0.01884	0.02434	0.02434	0.01806	0.02591	0.01492	0.01963	0.01256	0.00707	0.00785	0.00236	0.00942	0.00707	0.00393	0.01256
31	0.01731	0.01956	0.09948	0.12155	0.06431	0.01626	0.21655	0.04851	0.01801	0.02557	0.01639	0.05230	0.01353	0.00772	0.00785	0.00221	0.00981	0.00772	0.00439	0.23097
32	0.05402	0.38242	0.25979	0.01730	0.02542	0.09722	0.01899	0.02505	0.01690	0.02173	0.01227	0.01429	0.01006	0.00722	0.00615	0.00205	0.01013	0.00490	0.00352	0.01053
33	0.01478	0.00739	0.00739	0.00739	0.00924	0.00739	0.00554	0.01848	0.01663	0.02956	0.02587	0.02956	0.02033	0.00924	0.00554	0.00185	0.00370	0.00739	0.76534	0.00739
34	0.01198	0.00945	0.01399	0.01362	0.01488	0.01146	0.01072	0.01469	0.01268	0.01848	0.02007	0.02966	0.01881	0.05455	0.61819	0.01174	0.09528	0.00833	0.00416	0.00725
35	0.28123	0.01775	0.02575	0.03478	0.41688	0.01853	0.04664	0.02403	0.01651	0.02922	0.01363	0.01738	0.01117	0.00715	0.00690	0.00240	0.00846	0.00621	0.00427	0.01111
36	0.01790	0.01868	0.03678	0.12749	0.09423	0.01880	0.38541	0.05067	0.01845	0.02505	0.01798	0.08242	0.01543	0.00897	0.00982	0.00271	0.04481	0.00978	0.00438	0.01024
37	0.01377	0.00689	0.01033	0.01033	0.01033	0.00689	0.00689	0.01033	0.01033	0.01377	0.01377	0.02410	0.01377	0.02755	0.03099	0.76928	0.00689	0.00689	0.00344	0.00344
38	0.01133	0.00850	0.01274	0.01274	0.01416	0.00991	0.00991	0.01416	0.01274	0.01841	0.02124	0.03115	0.01982	0.05947	0.68989	0.01274	0.02124	0.00850	0.00425	0.00708
39	0.00966	0.00690	0.00920	0.01104	0.01150	0.00644	0.00736	0.01104	0.01518	0.02024	0.04371	0.71614	0.05245	0.02484	0.01012	0.00322	0.00460	0.02254	0.00736	0.00644
40	0.01644	0.01409	0.01644	0.01175	0.01879	0.01057	0.00940	0.01997	0.01644	0.02584	0.01409	0.01644	0.01175	0.00587	0.00587	0.00117	0.00587	0.00470	0.00470	0.76979
41	0.03558	0.01350	0.01840	0.01411	0.02024	0.01166	0.01166	0.03865	0.02270	0.67734	0.03128	0.02699	0.01963	0.00981	0.00797	0.00245	0.00675	0.00797	0.00981	0.01350
42	0.77733	0.01534	0.01166	0.01043	0.01534	0.01779	0.00859	0.02331	0.01350	0.03558	0.01104	0.01288	0.00859	0.00736	0.00491	0.00245	0.00613	0.00429	0.00491	0.00859
43	0.01498	0.01409	0.02378	0.70226	0.05462	0.01762	0.02202	0.02026	0.01586	0.02026	0.01409	0.02114	0.01057	0.00793	0.00793	0.00264	0.01057	0.00705	0.00352	0.00881
44	0.01211	0.00869	0.01184	0.01262	0.01446	0.00842	0.01050	0.01580	0.02005	0.02719	0.31057	0.07648	0.05817	0.01946	0.01027	0.00315	0.00577	0.35914	0.00791	0.00738
45	0.01590	0.04102	0.68023	0.02260	0.03432	0.01842	0.02930	0.02511	0.01674	0.02511	0.01423	0.01674	0.01005	0.00753	0.00753	0.00251	0.01172	0.00586	0.00335	0.01172
46	0.01473	0.01713	0.15658	0.04906	0.05542	0.01185	0.04440	0.01985	0.02024	0.06315	0.36753	0.04076	0.04581	0.01221	0.00858	0.00244	0.00678	0.01078	0.00673	0.04600
47	0.62454	0.01658	0.01305	0.01146	0.01632	0.05791	0.00933	0.05402	0.01579	0.06865	0.01320	0.01473	0.01001	0.00772	0.00538	0.00240	0.00668	0.00481	0.03836	0.00906
48	0.01590	0.04102	0.68023	0.02260	0.03432	0.01842	0.02930	0.02511	0.01674	0.02511	0.01423	0.01674	0.01005	0.00753	0.00753	0.00251	0.01172	0.00586	0.00335	0.01172
49	0.03014	0.02221	0.02380	0.01825	0.02459	0.02459	0.01507	0.64541	0.03728	0.04998	0.01904	0.01904	0.01349	0.00952	0.00793	0.00238	0.00873	0.00714	0.00793	0.01349
50	0.00952	0.00747	0.00861	0.00952	0.01110	0.00657	0.00669	0.01121	0.01664	0.02084	0.06222	0.39270	0.36394	0.02244	0.00974	0.00295	0.00431	0.01961	0.00736	0.00657
51	0.01445	0.02652	0.35581	0.01906	0.02639	0.01500	0.07669	0.02094	0.01811	0.02609	0.18265	0.06141	0.06283	0.01138	0.00934	0.00261	0.04600	0.00966	0.00515	0.00991
52	0.01611	0.06795	0.65512	0.02225	0.03377	0.01893	0.02868	0.02506	0.01672	0.02486	0.01410	0.01658	0.01005	0.00750	0.00744	0.00248	0.01159	0.00580	0.00335	0.01166
53	0.08038	0.01361	0.01800	0.01389	0.01995	0.01203	0.01147	0.03772	0.02214	0.63858	0.03006	0.02614	0.01896	0.00967	0.00779	0.00245	0.00671	0.00775	0.00952	0.01320
54	0.01089	0.00779	0.01058	0.01218	0.01325	0.00747	0.00925	0.01329	0.01695	0.02257	0.10309	0.43536	0.05223	0.02299	0.01034	0.00330	0.00546	0.22870	0.00747	0.00684
55	0.01556	0.01489	0.02632	0.43979	0.12223	0.01680	0.10733	0.02067	0.01692	0.02239	0.05095	0.05515	0.01740	0.00929	0.00839	0.00266	0.01009	0.02965	0.00421	0.00930
56	0.01498	0.01409	0.02378	0.70226	0.05462	0.01762	0.02202	0.02026	0.01586	0.02026	0.01409	0.02114	0.01057	0.00793	0.00793	0.00264	0.01057	0.00705	0.00352	0.00881
57	0.01590	0.04102	0.68023	0.02260	0.03432	0.01842	0.02930	0.02511	0.01674	0.02511	0.01423	0.01674	0.01005	0.00753	0.00753	0.00251	0.01172	0.00586	0.00335	0.01172
58	0.01122	0.00811	0.01060	0.00998	0.01185	0.00748	0.00748	0.01496	0.02245	0.03180	0.66766	0.05923	0.07482	0.01621	0.00935	0.00249	0.00374	0.01434	0.00873	0.00748
59	0.01844	0.01768	0.03040	0.14565	0.52633	0.01815	0.04517	0.02316	0.01762	0.02478	0.01612	0.05101	0.01402	0.00798	0.00802	0.00245	0.00952	0.00783	0.00402	0.01165
60	0.01590	0.04102	0.68023	0.02260	0.03432	0.01842	0.02930	0.02511	0.01674	0.02511	0.01423	0.01674	0.01005	0.00753	0.00753	0.00251	0.01172	0.00586	0.00335	0.01172
61	0.01590	0.04102	0.68023	0.02260	0.03432	0.01842	0.02930	0.02511	0.01674	0.02511	0.01423	0.01674	0.01005	0.00753	0.00753	0.00251	0.01172	0.00586	0.00335	0.01172
62	0.03256	0.01488	0.01884	0.01482	0.02071	0.01416	0.01212	0.09662	0.12453	0.51603	0.03028	0.02665	0.01977	0.00994	0.00799	0.00248	0.00686	0.00805	0.00936	0.01335
63	0.77733	0.01534	0.01166	0.01043	0.01534	0.01779	0.00859	0.02331	0.01350	0.03558	0.01104	0.01288	0.00859	0.00736	0.00491	0.00245	0.00613	0.00429	0.00491	0.00859
64	0.01096	0.00756	0.00894	0.00932	0.00973	0.00733	0.00573	0.01174	0.01374	0.01838	0.09365	0.21233	0.06674	0.45664	0.02881	0.00590	0.00641	0.01466	0.00590	0.00554
65	0.01925	0.47397	0.27659	0.01689	0.02549	0.02661	0.01936	0.02425	0.01634	0.02103	0.01220	0.01420	0.01013	0.00706	0.00599	0.00200	0.00967	0.00484	0.00338	0.01074
66	0.01531	0.00790	0.00796	0.00776	0.00977	0.00798	0.00587	0.04005	0.01734	0.03027	0.02563	0.02920	0.02009	0.00925	0.00563	0.00187	0.00387	0.00738	0.73927	0.00760
67	0.01755	0.07335	0.35396	0.02792	0.07640	0.01986	0.26724	0.02509	0.01756	0.02489	0.01479	0.01849	0.01099	0.00713	0.00812	0.00252	0.01202	0.00720	0.00365	0.01128
68	0.01612	0.01375	0.01610	0.01171	0.01844	0.01037	0.00930	0.01954	0.01638	0.02557	0.01551	0.04992	0.01369	0.00678	0.00608	0.00127	0.00581	0.00555	0.00483	0.73327
69	0.00973	0.00805	0.00852	0.00840	0.01093	0.00684	0.00630	0.01206	0.01891	0.02340	0.19248	0.07305	0.55524	0.01934	0.00937	0.00264	0.00396	0.01628	0.00762	0.00684
70	0.02090	0.01762	0.01860	0.01638	0.02107	0.02028	0.01284	0.11046	0.58728	0.03508	0.03078	0.02839	0.02299	0.01062	0.00805	0.00265	0.00655	0.00876	0.00805	0.01266
71	0.01009	0.00720	0.00969	0.01153	0.01217	0.00681	0.00810	0.01178	0.01560	0.02072	0.04347	0.63065	0.05152	0.02444	0.01023	0.00328	0.00497	0.10384	0.00735	0.00656
72	0.00994	0.00717	0.00944	0.01093	0.01170	0.00667	0.00753	0.01169	0.01622	0.02168	0.11254	0.59212	0.08210	0.02358	0.01004	0.00313	0.00459	0.04483	0.00751	0.00660
73	0.01010	0.00760	0.01102	0.01212	0.01295	0.00710	0.03806	0.01174	0.01535	0.02049	0.04237	0.68259	0.05050	0.02397	0.01008	0.00319	0.00502	0.02191	0.00720	0.00665
74	0.01034	0.00807	0.00937	0.00904	0.01130	0.00710	0.00678	0.01325	0.02035	0.02682	0.38596	0.06743	0.35963	0.01807	0.00936	0.00258	0.00387	0.01549	0.00807	0.00710
75	0.01844	0.02335	0.11013	0.03234	0.04073	0.01989	0.58168	0.02537	0.01852	0.02537	0.01586	0.02093	0.01183	0.00677	0.00918	0.00266	0.01320	0.00901	0.00394	0.01080
76	0.01590	0.04102	0.68023	0.02260	0.03432	0.01842	0.02930	0.02511	0.01674	0.02511	0.01423	0.01674	0.01005	0.00753	0.00753	0.00251	0.01172	0.00586	0.00335	0.01172
77	0.01993	0.02242	0.04421	0.03190	0.03961	0.06071	0.57480	0.05572	0.01984	0.02623	0.01596	0.02085	0.01199	0.00691	0.00916	0.00262	0.01320	0.00899	0.00420	0.01074
78	0.77733	0.01534	0.01166	0.01043	0.01534	0.01779	0.00859	0.02331	0.01350	0.03558	0.01104	0.01288	0.00859	0.00736	0.00491	0.00245	0.00613	0.00429	0.00491	0.00859
79	0.01676	0.01418	0.01687	0.04865	0.02065	0.01148	0.01027	0.05232	0.01744	0.02654	0.01577	0.05030	0.01372	0.00708	0.00629	0.00141	0.00621	0.00580	0.00493	0.65331
80	0.01791	0.02094	0.07100	0.15484	0.04353	0.01954	0.50234	0.02445	0.01811	0.02445	0.01561	0.02114	0.01168	0.00695	0.00902	0.00266	0.01279	0.00878	0.00389	0.01040
81	0.01377	0.00689	0.01033	0.01033	0.01033	0.00689	0.00689	0.01033	0.01033	0.01377	0.01377	0.02410	0.01377	0.02755	0.03099	0.76928	0.00689	0.00689	0.00344	0.00344
82	0.00954	0.00804	0.00826	0.00820	0.01081	0.00676	0.00615	0.01170	0.01846	0.02234	0.13212	0.07481	0.61627	0.01974	0.00937	0.00266	0.00399	0.01652	0.00748	0.00676
83	0.01498	0.01409	0.02378	0.70226	0.05462	0.01762	0.02202	0.02026	0.01586	0.02026	0.01409	0.02114	0.01057	0.00793	0.00793	0.00264	0.01057	0.00705	0.00352	0.00881
84	0.01153	0.00769	0.00865	0.00865	0.00865	0.00769	0.00480	0.01153	0.01153	0.01538	0.02499	0.05189	0.02883	0.72131	0.04036	0.00769	0.00769	0.01153	0.00480	0.00480
85	0.01445	0.01046	0.01160	0.01069	0.01393	0.01005	0.00822	0.02115	0.15296	0.08990	0.17765	0.05847	0.35723	0.01639	0.00896	0.00262	0.00470	0.01380	0.00801	0.00873
86	0.01144	0.00765	0.00868	0.00876	0.00878	0.00763	0.00493	0.01151	0.01171	0.01561	0.02588	0.08351	0.02995	0.68816	0.03892	0.00748	0.00754	0.01206	0.00493	0.00488
87	0.01000	0.00724	0.00950	0.01121	0.01181	0.00689	0.00754	0.01209	0.03691	0.02068	0.04332	0.69291	0.05149	0.02437	0.01005	0.00320	0.00466	0.02208	0.00739	0.00665
88	0.03503	0.01362	0.01839	0.01418	0.02026	0.01194	0.01169	0.03877	0.04482	0.65489	0.03132	0.02708	0.01979	0.00985	0.00798	0.00246	0.00673	0.00801	0.00975	0.01346
89	0.01722	0.02625	0.28342	0.23329	0.20931	0.01855	0.02520	0.04965	0.01769	0.02492	0.01457	0.01893	0.01102	0.00761	0.00775	0.00250	0.01064	0.00659	0.00375	0.01114
90	0.01372	0.01165	0.07159	0.01097	0.01445	0.00865	0.00945	0.01722	0.02024	0.10013	0.31784	0.07877	0.26244	0.01629	0.00906	0.00258	0.00493	0.01392	0.00786	0.00825
91	0.02009	0.01722	0.01814	0.01621	0.02076	0.01989	0.01264	0.06333	0.63574	0.03376	0.03181	0.02922	0.02383	0.01071	0.00806	0.00268	0.00636	0.00890	0.00806	0.01258
92	0.74115	0.04934	0.01309	0.01058	0.01558	0.01844	0.00883	0.02333	0.01362	0.03477	0.01104	0.01287	0.00866	0.00733	0.00492	0.00242	0.00625	0.00429	0.00483	0.00866
93	0.77733	0.01534	0.01166	0.01043	0.01534	0.01779	0.00859	0.02331	0.01350	0.03558	0.01104	0.01288	0.00859	0.00736	0.00491	0.00245	0.00613	0.00429	0.00491	0.00859
94	0.02611	0.02125	0.04804	0.08307	0.02675	0.05356	0.01577	0.40629	0.10020	0.06357	0.02133	0.02462	0.01625	0.01012	0.00808	0.00251	0.00886	0.04414	0.00719	0.01229
95	0.00958	0.00721	0.00888	0.01023	0.01129	0.00651	0.00700	0.01113	0.01597	0.02056	0.05363	0.54273	0.21945	0.02355	0.00992	0.00307	0.00444	0.02097	0.00736	0.00651
96	0.01963	0.01884	0.03219	0.04867	0.67185	0.01884	0.02434	0.02434	0.01806	0.02591	0.01492	0.01963	0.01256	0.00707	0.00785	0.00236	0.00942	0.00707	0.00393	0.01256
97	0.04771	0.03967	0.01899	0.01615	0.02084	0.04361	0.01271	0.08249	0.54994	0.03351	0.02926	0.02721	0.02199	0.01034	0.00782	0.00261	0.00679	0.00839	0.00767	0.01229
98	0.01425	0.01620	0.12124	0.04903	0.04945	0.01264	0.01363	0.02175	0.14391	0.02489	0.04907	0.29649	0.03187	0.01505	0.00854	0.00266	0.00671	0.01328	0.00623	0.10311
99	0.03249	0.04196	0.02126	0.01573	0.02192	0.01754	0.01305	0.26957	0.04859	0.39414	0.02594	0.02354	0.01710	0.00963	0.00786	0.00241	0.00755	0.00756	0.00882	0.01334
100	0.05647	0.02675	0.32439	0.01881	0.02749	0.01572	0.04788	0.03131	0.04434	0.29520	0.02193	0.02152	0.01459	0.00856	0.00771	0.00250	0.00929	0.00695	0.00630	0.01231
101	0.03558	0.01350	0.01840	0.01411	0.02024	0.01166	0.01166	0.03865	0.02270	0.67734	0.03128	0.02699	0.01963	0.00981	0.00797	0.00245	0.00675	0.00797	0.00981	0.01350
102	0.02120	0.72609	0.04155	0.01357	0.02035	0.03138	0.01357	0.02374	0.01611	0.01866	0.01102	0.01272	0.01018	0.00678	0.00509	0.00170	0.00848	0.00424	0.00339	0.01018
103	0.02342	0.05001	0.03404	0.02441	0.03117	0.01939	0.32446	0.15400	0.05149	0.13451	0.02107	0.05862	0.01615	0.00891	0.00864	0.00257	0.01037	0.00914	0.00607	0.01155
104	0.01613	0.07038	0.65286	0.02221	0.03372	0.01897	0.02862	0.02505	0.01672	0.02484	0.01409	0.01657	0.01005	0.00750	0.00743	0.00248	0.01158	0.00579	0.00335	0.01165
105	0.03014	0.02221	0.02380	0.01825	0.02459	0.02459	0.01507	0.64541	0.03728	0.04998	0.01904	0.01904	0.01349	0.00952	0.00793	0.00238	0.00873	0.00714	0.00793	0.01349
106	0.00965	0.00696	0.00914	0.01088	0.01146	0.00645	0.00729	0.01106	0.01533	0.02030	0.04563	0.68262	0.08473	0.02459	0.01008	0.00319	0.00457	0.02224	0.00736	0.00645
107	0.01872	0.02139	0.04679	0.03342	0.04144	0.02005	0.64305	0.02540	0.01872	0.02540	0.01604	0.02139	0.01203	0.00668	0.00936	0.00267	0.01337	0.00936	0.00401	0.01070
108	0.03558	0.01350	0.01840	0.01411	0.02024	0.01166	0.01166	0.03865	0.02270	0.67734	0.03128	0.02699	0.01963	0.00981	0.00797	0.00245	0.00675	0.00797	0.00981	0.01350
109	0.05686	0.01862	0.02667	0.09906	0.06013	0.02009	0.14787	0.25702	0.05212	0.05781	0.01850	0.02110	0.01372	0.00875	0.00868	0.00249	0.03961	0.00759	0.07196	0.01132
110	0.01377	0.00689	0.01033	0.01033	0.01033	0.00689	0.00689	0.01033	0.01033	0.01377	0.01377	0.02410	0.01377	0.02755	0.03099	0.76928	0.00689	0.00689	0.00344	0.00344
111	0.01377	0.00689	0.01033	0.01033	0.01033	0.00689	0.00689	0.01033	0.01033	0.01377	0.01377	0.02410	0.01377	0.02755	0.03099	0.76928	0.00689	0.00689	0.00344	0.00344
112	0.02120	0.72609	0.04155	0.01357	0.02035	0.03138	0.01357	0.02374	0.01611	0.01866	0.01102	0.01272	0.01018	0.00678	0.00509	0.00170	0.00848	0.00424	0.00339	0.01018
113	0.01538	0.01488	0.02626	0.63015	0.05320	0.01788	0.08898	0.02081	0.01616	0.02081	0.01430	0.02117	0.01073	0.00779	0.00808	0.00265	0.01087	0.00730	0.00358	0.00901
114	0.01677	0.07177	0.29767	0.07805	0.06157	0.01951	0.16922	0.02316	0.01655	0.02346	0.01583	0.06036	0.01327	0.00905	0.01007	0.00265	0.08885	0.00785	0.00380	0.01053
115	0.02952	0.02025	0.02223	0.01736	0.02343	0.02207	0.01424	0.47628	0.11914	0.13814	0.02260	0.02161	0.01582	0.00973	0.00796	0.00243	0.00811	0.00751	0.00822	0.01336
116	0.01807	0.01542	0.04010	0.01369	0.01915	0.01370	0.01141	0.10370	0.01987	0.05160	0.10574	0.02518	0.04393	0.00933	0.00907	0.00191	0.08232	0.00716	0.00577	0.40289
117	0.00966	0.00690	0.00920	0.01104	0.01150	0.00644	0.00736	0.01104	0.01518	0.02024	0.04371	0.71614	0.05245	0.02484	0.01012	0.00322	0.00460	0.02254	0.00736	0.00644
118	0.01851	0.01671	0.02027	0.01523	0.02166	0.04250	0.06566	0.06578	0.08728	0.02772	0.01635	0.01841	0.01312	0.00710	0.00732	0.00167	0.03198	0.00583	0.00515	0.51176
119	0.00966	0.00690	0.00920	0.01104	0.01150	0.00644	0.00736	0.01104	0.01518	0.02024	0.04371	0.71614	0.05245	0.02484	0.01012	0.00322	0.00460	0.02254	0.00736	0.00644
120	0.01498	0.01409	0.02378	0.70226	0.05462	0.01762	0.02202	0.02026	0.01586	0.02026	0.01409	0.02114	0.01057	0.00793	0.00793	0.00264	0.01057	0.00705	0.00352	0.00881
121	0.54864	0.01513	0.01345	0.01156	0.01656	0.01682	0.00946	0.05937	0.05005	0.13362	0.01637	0.01703	0.01191	0.00812	0.00573	0.00243	0.00626	0.00540	0.04236	0.00974
122	0.01633	0.01619	0.02643	0.50615	0.04751	0.05295	0.11109	0.02108	0.01619	0.02060	0.01411	0.02080	0.01091	0.00897	0.01000	0.03968	0.04130	0.00727	0.00362	0.00884
123	0.02120	0.72609	0.04155	0.01357	0.02035	0.03138	0.01357	0.02374	0.01611	0.01866	0.01102	0.01272	0.01018	0.00678	0.00509	0.00170	0.00848	0.00424	0.00339	0.01018
124	0.00937	0.00803	0.00803	0.00803	0.01071	0.00669	0.00602	0.01138	0.01807	0.02142	0.08033	0.07632	0.66863	0.02008	0.00937	0.00268	0.00402	0.01674	0.00736	0.00669
125	0.00966	0.00690	0.00920	0.01104	0.01150	0.00644	0.00736	0.01104	0.01518	0.02024	0.04371	0.71614	0.05245	0.02484	0.01012	0.00322	0.00460	0.02254	0.00736	0.00644
126	0.01727	0.01425	0.02020	0.40086	0.03833	0.01628	0.01679	0.10071	0.04976	0.02670	0.01740	0.02206	0.01322	0.00825	0.00735	0.00233	0.00857	0.00695	0.12099	0.09174
127	0.00966	0.00690	0.00920	0.01104	0.01150	0.00644	0.00736	0.01104	0.01518	0.02024	0.04371	0.71614	0.05245	0.02484	0.01012	0.00322	0.00460	0.02254	0.00736	0.00644
128	0.00949	0.00807	0.00819	0.00826	0.01090	0.00678	0.00625	0.01155	0.01808	0.02150	0.07903	0.07676	0.64755	0.02014	0.00943	0.00271	0.00413	0.03709	0.00736	0.00671
129	0.01949	0.50416	0.24845	0.01649	0.02488	0.02718	0.01866	0.02419	0.01632	0.02075	0.01206	0.01402	0.01013	0.00703	0.00588	0.00196	0.00953	0.00476	0.00338	0.01068
130	0.02585	0.01446	0.01697	0.01407	0.01838	0.04032	0.01126	0.12593	0.06197	0.28787	0.02562	0.02703	0.01877	0.04699	0.10121	0.00400	0.03350	0.00790	0.10681	0.01106
131	0.69736	0.01514	0.01238	0.01082	0.01586	0.01713	0.00892	0.02496	0.01449	0.10477	0.01322	0.01440	0.00978	0.00763	0.00524	0.00245	0.00620	0.00469	0.00544	0.00912
132	0.00975	0.00694	0.00918	0.01093	0.01137	0.00650	0.00724	0.01106	0.01501	0.02001	0.04282	0.68452	0.05132	0.05800	0.01156	0.00343	0.00475	0.02202	0.00724	0.00636
133	0.01845	0.01764	0.03006	0.21447	0.51527	0.01853	0.02375	0.02330	0.01750	0.02447	0.01471	0.02001	0.01206	0.00728	0.00787	0.00243	0.00971	0.00706	0.00382	0.01161
134	0.01133	0.00850	0.01274	0.01274	0.01416	0.00991	0.00991	0.01416	0.01274	0.01841	0.02124	0.03115	0.01982	0.05947	0.68989	0.01274	0.02124	0.00850	0.00425	0.00708
135	0.01530	0.01441	0.02318	0.47824	0.08200	0.01799	0.02004	0.01968	0.01560	0.02094	0.04575	0.04950	0.01537	0.01002	0.01138	0.00279	0.13705	0.00799	0.00394	0.00885
136	0.04857	0.02152	0.16125	0.27214	0.11145	0.01833	0.15076	0.02252	0.01659	0.02352	0.01535	0.04354	0.01234	0.00831	0.00886	0.00264	0.04070	0.00770	0.00382	0.01011
137	0.02323	0.17691	0.07015	0.03003	0.28400	0.16600	0.01925	0.06839	0.01999	0.05013	0.01438	0.01706	0.01173	0.00755	0.00709	0.00216	0.01025	0.00600	0.00431	0.01137
138	0.01740	0.01451	0.01836	0.01316	0.02022	0.01119	0.04777	0.02110	0.01685	0.05373	0.01495	0.01719	0.01210	0.00609	0.00617	0.00132	0.00636	0.00512	0.00488	0.69153
139	0.04106	0.00785	0.01133	0.04666	0.01321	0.00804	0.00790	0.01274	0.01144	0.04338	0.01481	0.02385	0.01387	0.02452	0.02714	0.64694	0.00695	0.00687	0.02699	0.00445
140	0.01478	0.01313	0.01758	0.01564	0.01570	0.01708	0.01205	0.01587	0.01193	0.01758	0.01666	0.03167	0.01813	0.29715	0.05977	0.00554	0.39980	0.00883	0.00403	0.00707
141	0.04254	0.01427	0.01643	0.01201	0.01882	0.01133	0.00961	0.02189	0.05015	0.04925	0.01554	0.01738	0.01257	0.00632	0.00603	0.00134	0.00593	0.00502	0.00506	0.67849
142	0.01659	0.01063	0.01342	0.01125	0.01496	0.00934	0.00876	0.04188	0.02179	0.12778	0.41705	0.04432	0.05161	0.01292	0.00839	0.00222	0.00480	0.01118	0.00805	0.16307
143	0.01997	0.01447	0.01610	0.01429	0.01830	0.01582	0.01126	0.08612	0.35510	0.09312	0.12615	0.03601	0.03119	0.01182	0.00815	0.00258	0.00596	0.04130	0.08108	0.01119
144	0.01250	0.01113	0.01560	0.04384	0.01772	0.04085	0.06758	0.01460	0.01551	0.02054	0.03466	0.51079	0.04022	0.02045	0.01167	0.00312	0.08753	0.01809	0.00629	0.00731
145	0.01644	0.01409	0.01644	0.01175	0.01879	0.01057	0.00940	0.01997	0.01644	0.02584	0.01409	0.01644	0.01175	0.00587	0.00587	0.00117	0.00587	0.00470	0.00470	0.76979
146	0.01104	0.00867	0.01126	0.01109	0.01309	0.00808	0.03005	0.01466	0.04963	0.02539	0.26325	0.25341	0.21109	0.01929	0.00958	0.00281	0.00465	0.03788	0.00774	0.00733
147	0.02165	0.68960	0.04054	0.01393	0.02057	0.06626	0.01366	0.02416	0.01645	0.01870	0.01109	0.01280	0.01018	0.00686	0.00520	0.00171	0.00879	0.00429	0.00343	0.01012
148	0.01057	0.00761	0.01006	0.01159	0.01257	0.00723	0.00852	0.01261	0.01631	0.02152	0.07438	0.46171	0.08801	0.05373	0.01156	0.00345	0.00533	0.16928	0.00730	0.00665
149	0.05723	0.01774	0.01930	0.01463	0.02090	0.01763	0.01192	0.32929	0.02663	0.03845	0.01714	0.01839	0.01300	0.00795	0.00683	0.00187	0.00716	0.00606	0.05421	0.31367
150	0.04196	0.00825	0.00818	0.00792	0.01005	0.00843	0.00602	0.04329	0.01733	0.03058	0.02508	0.02857	0.01965	0.00918	0.00562	0.00189	0.00398	0.00727	0.70906	0.00767
151	0.01683	0.01844	0.08769	0.32915	0.03838	0.01993	0.04657	0.05370	0.01607	0.02240	0.01330	0.01923	0.01074	0.00969	0.01350	0.00281	0.22753	0.00690	0.00380	0.04334
152	0.01433	0.01271	0.01717	0.01540	0.01640	0.01577	0.01229	0.01781	0.04724	0.02491	0.27574	0.09809	0.04049	0.01565	0.01710	0.00302	0.33016	0.01140	0.00613	0.00818
153	0.01083	0.00802	0.01010	0.00972	0.01164	0.00729	0.00724	0.01414	0.02130	0.02941	0.53434	0.10169	0.17016	0.01736	0.00940	0.00257	0.00384	0.01523	0.00842	0.00729
154	0.01251	0.00782	0.00915	0.00881	0.01073	0.00739	0.00661	0.01611	0.01983	0.03019	0.37168	0.04862	0.09434	0.01371	0.00784	0.00225	0.00374	0.01174	0.30954	0.00739
155	0.01872	0.02139	0.04679	0.03342	0.04144	0.02005	0.64305	0.02540	0.01872	0.02540	0.01604	0.02139	0.01203	0.00668	0.00936	0.00267	0.01337	0.00936	0.00401	0.01070
156	0.01528	0.01435	0.02390	0.65895	0.07503	0.01772	0.02182	0.02106	0.03520	0.02084	0.01467	0.02134	0.01105	0.00798	0.00793	0.00263	0.01040	0.00711	0.00367	0.00905
157	0.01105	0.00858	0.01206	0.01250	0.01404	0.00804	0.04166	0.01380	0.03744	0.02201	0.07010	0.52009	0.07790	0.02178	0.00982	0.00306	0.00531	0.06435	0.00715	0.03924
158	0.01046	0.00757	0.00977	0.01025	0.01149	0.00700	0.00723	0.01294	0.01864	0.02557	0.34057	0.33751	0.09923	0.05079	0.01103	0.00304	0.00429	0.01783	0.00790	0.00688
159	0.00966	0.00690	0.00920	0.01104	0.01150	0.00644	0.00736	0.01104	0.01518	0.02024	0.04371	0.71614	0.05245	0.02484	0.01012	0.00322	0.00460	0.02254	0.00736	0.00644
160	0.01468	0.01098	0.01285	0.01194	0.01478	0.01125	0.00907	0.02372	0.21454	0.06123	0.34070	0.09987	0.11203	0.01527	0.00896	0.00262	0.00475	0.01325	0.00835	0.00916
161	0.01151	0.00778	0.00911	0.00911	0.00927	0.00794	0.00538	0.01183	0.01167	0.01572	0.02456	0.04956	0.02782	0.64685	0.11344	0.00826	0.00921	0.01119	0.00474	0.00506
162	0.06144	0.01479	0.01695	0.05009	0.02032	0.01584	0.01171	0.15127	0.19763	0.12580	0.18156	0.03493	0.06006	0.01176	0.00822	0.00253	0.00634	0.00974	0.00801	0.01100
163	0.20679	0.10207	0.02085	0.01516	0.02040	0.19400	0.01234	0.15022	0.02197	0.08769	0.01565	0.01675	0.01191	0.00818	0.00646	0.00215	0.00895	0.00557	0.04585	0.04703
164	0.05915	0.04818	0.05448	0.01500	0.02113	0.03951	0.01281	0.12621	0.11006	0.22548	0.02248	0.02202	0.01607	0.01067	0.03407	0.00259	0.00796	0.00684	0.00704	0.15822

[dist]
# distance from previous block
# <min> <max>
0	5

[block]
# block no. 3 follows, 24 sequences, length 10
# corresponding to MSA columns:
# 260-269
name=unknown_D
#
# <colnr> <probs for GDERKNQSTAVLIFYWHMCP>
#	G	D	E	R	K	N	Q	S	T	A	V	L	I	F	Y	W	H	M	C	P
0	0.18759	0.19921	0.16212	0.01984	0.07957	0.08023	0.07450	0.02411	0.01674	0.02521	0.01665	0.01884	0.04877	0.00798	0.00661	0.00227	0.00941	0.00611	0.00412	0.01010
1	0.01818	0.04905	0.11808	0.15203	0.03449	0.07161	0.19593	0.04968	0.04258	0.02433	0.04716	0.02210	0.01517	0.01162	0.04975	0.00320	0.07295	0.00779	0.00433	0.00998
2	0.00998	0.00766	0.00914	0.00960	0.01130	0.00682	0.00689	0.01225	0.01829	0.02388	0.22973	0.29180	0.29278	0.02065	0.00962	0.00281	0.00414	0.01807	0.00774	0.00682
3	0.01377	0.00689	0.01033	0.01033	0.01033	0.00689	0.00689	0.01033	0.01033	0.01377	0.01377	0.02410	0.01377	0.02755	0.03099	0.76928	0.00689	0.00689	0.00344	0.00344
4	0.01018	0.00766	0.00945	0.01010	0.01163	0.00694	0.00730	0.01250	0.01816	0.02397	0.22812	0.32582	0.22696	0.02098	0.00974	0.00289	0.00434	0.04868	0.00774	0.00684
5	0.00966	0.00690	0.00920	0.01104	0.01150	0.00644	0.00736	0.01104	0.01518	0.02024	0.04371	0.71614	0.05245	0.02484	0.01012	0.00322	0.00460	0.02254	0.00736	0.00644
6	0.01176	0.00847	0.01083	0.01166	0.01291	0.00823	0.00834	0.06252	0.01838	0.02481	0.14850	0.50859	0.05275	0.02196	0.00987	0.00306	0.00495	0.05756	0.00764	0.00723
7	0.16110	0.01357	0.01422	0.01225	0.01617	0.01432	0.00971	0.17999	0.04916	0.06135	0.18500	0.06652	0.12496	0.01295	0.00790	0.00249	0.00577	0.01050	0.04254	0.00952
8	0.08166	0.02304	0.02515	0.18065	0.18529	0.21788	0.04659	0.02632	0.05598	0.02350	0.01446	0.01839	0.01164	0.00819	0.00852	0.00243	0.04956	0.00647	0.00418	0.01010
9	0.10571	0.01800	0.07270	0.01794	0.05776	0.05718	0.05099	0.03001	0.01965	0.32867	0.05221	0.02611	0.04937	0.01004	0.00925	0.00254	0.06555	0.00788	0.00707	0.01137

[dist]
# distance from previous block
# <min> <max>
13	47

[block]
# block no. 4 follows, 24 sequences, length 10
# corresponding to MSA columns:
# 350-359
name=unknown_E
#
# <colnr> <probs for GDERKNQSTAVLIFYWHMCP>
#	G	D	E	R	K	N	Q	S	T	A	V	L	I	F	Y	W	H	M	C	P
0	0.01472	0.01346	0.01792	0.06490	0.01987	0.01687	0.01335	0.01960	0.09824	0.02138	0.02903	0.08329	0.12392	0.02167	0.11733	0.00454	0.29612	0.01021	0.00512	0.00846
1	0.02662	0.13256	0.02261	0.01529	0.02059	0.06642	0.01272	0.14033	0.10501	0.24243	0.02327	0.02323	0.01695	0.01578	0.09678	0.00367	0.00976	0.00721	0.00707	0.01168
2	0.01322	0.01032	0.01617	0.01389	0.01688	0.00941	0.11088	0.01657	0.01950	0.06502	0.28023	0.19185	0.17058	0.01683	0.00944	0.00271	0.00572	0.01532	0.00748	0.00800
3	0.02068	0.02161	0.12778	0.02031	0.07950	0.01973	0.01679	0.15207	0.34077	0.03389	0.02588	0.02820	0.02012	0.01035	0.00811	0.00263	0.00796	0.04445	0.00687	0.01228
4	0.01463	0.00850	0.01294	0.01510	0.09690	0.00850	0.00906	0.01287	0.01189	0.01672	0.01497	0.02399	0.01418	0.02329	0.02577	0.60266	0.00694	0.00695	0.06919	0.00498
5	0.07531	0.01482	0.02209	0.01692	0.02290	0.01374	0.11404	0.03433	0.06909	0.44333	0.06755	0.02744	0.02152	0.00963	0.00811	0.00251	0.00756	0.00845	0.00837	0.01229
6	0.12835	0.01177	0.01424	0.01229	0.01628	0.01168	0.00980	0.02623	0.06702	0.25943	0.15365	0.03565	0.07553	0.01960	0.11891	0.00417	0.00821	0.00947	0.00770	0.01004
7	0.02227	0.02305	0.02921	0.24389	0.03849	0.17768	0.17384	0.14421	0.02224	0.02704	0.01510	0.01919	0.01141	0.00798	0.00810	0.00246	0.01179	0.00718	0.00462	0.01027
8	0.01439	0.01272	0.01950	0.31214	0.11789	0.01413	0.01714	0.01949	0.04718	0.02260	0.03230	0.04614	0.12670	0.01316	0.00886	0.00285	0.00839	0.15036	0.00529	0.00878
9	0.01121	0.00766	0.01042	0.01120	0.01233	0.00742	0.00796	0.01340	0.01664	0.04634	0.17504	0.43700	0.05080	0.02806	0.12052	0.00459	0.00720	0.01795	0.00724	0.00703

[dist]
# distance from previous block
# <min> <max>
0	3

[block]
# block no. 5 follows, 24 sequences, length 6
# corresponding to MSA columns:
# 363-368
name=unknown_F
#
# <colnr> <probs for GDERKNQSTAVLIFYWHMCP>
#	G	D	E	R	K	N	Q	S	T	A	V	L	I	F	Y	W	H	M	C	P
0	0.02219	0.01019	0.01192	0.01033	0.01383	0.00978	0.00814	0.02710	0.06771	0.24874	0.02819	0.02870	0.02039	0.00955	0.00656	0.00212	0.00492	0.00771	0.45209	0.00985
1	0.01367	0.01058	0.01575	0.02006	0.12669	0.01054	0.01427	0.01731	0.01796	0.02380	0.03756	0.13067	0.04063	0.01965	0.01036	0.00340	0.00743	0.46482	0.00674	0.00812
2	0.01723	0.01426	0.01811	0.07534	0.02262	0.01288	0.03756	0.02424	0.12562	0.05444	0.08468	0.02410	0.02052	0.00814	0.00702	0.00181	0.00650	0.00695	0.00576	0.43223
3	0.02434	0.01694	0.01941	0.01658	0.04748	0.01761	0.01267	0.35481	0.02801	0.09541	0.02404	0.13789	0.02083	0.01164	0.00794	0.00237	0.00727	0.00958	0.05612	0.08906
4	0.02476	0.01720	0.02171	0.08260	0.13357	0.01838	0.01527	0.25334	0.09022	0.13077	0.02192	0.02292	0.01594	0.00909	0.00763	0.00237	0.00782	0.00746	0.10500	0.01203
5	0.01478	0.07872	0.08651	0.01553	0.01958	0.01496	0.05309	0.02171	0.12282	0.02222	0.02101	0.02736	0.01823	0.06096	0.34919	0.00773	0.01499	0.00795	0.00475	0.03791

[dist]
# distance from previous block
# <min> <max>
2	4

[block]
# block no. 6 follows, 24 sequences, length 34
# corresponding to MSA columns:
# 373-406
name=unknown_G
#
# <colnr> <probs for GDERKNQSTAVLIFYWHMCP>
#	G	D	E	R	K	N	Q	S	T	A	V	L	I	F	Y	W	H	M	C	P
0	0.01392	0.01200	0.02005	0.01625	0.01975	0.01137	0.16387	0.04998	0.02169	0.03020	0.42150	0.10312	0.05434	0.01425	0.00934	0.00259	0.00644	0.01343	0.00741	0.00850
1	0.02182	0.05320	0.02149	0.02227	0.13249	0.27639	0.01468	0.04797	0.05266	0.03889	0.02207	0.18882	0.02207	0.01246	0.00873	0.00248	0.03653	0.01010	0.00530	0.00956
2	0.01743	0.01550	0.01801	0.01590	0.01905	0.01832	0.01262	0.03064	0.36296	0.02829	0.08279	0.03218	0.07652	0.01249	0.01258	0.00279	0.17781	0.00933	0.00677	0.04801
3	0.01425	0.01181	0.01640	0.08748	0.01949	0.01433	0.01238	0.04217	0.01549	0.02193	0.07969	0.24665	0.03027	0.01776	0.01646	0.06754	0.23247	0.01262	0.03323	0.00759
4	0.58931	0.01366	0.01192	0.01100	0.01505	0.01586	0.00891	0.02106	0.01331	0.03136	0.01354	0.01737	0.01135	0.02015	0.17304	0.00498	0.00984	0.00533	0.00475	0.00822
5	0.01071	0.00788	0.00946	0.00966	0.01154	0.00701	0.00702	0.01315	0.01884	0.04059	0.26430	0.24637	0.28490	0.01986	0.00954	0.00276	0.00415	0.01733	0.00788	0.00705
6	0.01190	0.01566	0.17396	0.01338	0.01662	0.00990	0.01236	0.01499	0.01484	0.02037	0.03221	0.30555	0.05143	0.21056	0.01778	0.00428	0.00735	0.05384	0.00567	0.00735
7	0.31011	0.01761	0.01918	0.18317	0.02845	0.02030	0.01432	0.25577	0.02299	0.03722	0.01479	0.01722	0.01091	0.00831	0.00678	0.00247	0.00819	0.00604	0.00570	0.01048
8	0.01513	0.01100	0.01317	0.01251	0.01481	0.01119	0.00929	0.16785	0.02264	0.03077	0.21194	0.36154	0.04913	0.01867	0.00937	0.00281	0.00537	0.01647	0.00788	0.00846
9	0.01896	0.02032	0.03971	0.02918	0.03633	0.01997	0.48829	0.02951	0.17551	0.02731	0.02003	0.02340	0.01502	0.00768	0.00904	0.00268	0.01163	0.00926	0.00501	0.01115
10	0.01546	0.01478	0.02059	0.01842	0.01853	0.01991	0.01490	0.01711	0.01289	0.01937	0.01858	0.18887	0.02073	0.01657	0.02212	0.00341	0.53444	0.01077	0.00442	0.00813
11	0.02578	0.09616	0.02690	0.02651	0.18282	0.36147	0.01745	0.08943	0.02172	0.02395	0.01337	0.01609	0.01112	0.00820	0.00818	0.00219	0.04801	0.00580	0.00433	0.01051
12	0.59173	0.18979	0.01899	0.01120	0.01657	0.02112	0.00981	0.02342	0.01414	0.03142	0.01104	0.01284	0.00898	0.00722	0.00495	0.00227	0.00671	0.00428	0.00454	0.00898
13	0.01420	0.01261	0.02021	0.50889	0.04299	0.01512	0.01818	0.03966	0.01643	0.02129	0.02153	0.19166	0.02095	0.01214	0.00847	0.00278	0.00904	0.01085	0.00462	0.00839
14	0.01666	0.05523	0.07531	0.02392	0.03020	0.01679	0.35047	0.04346	0.01973	0.02671	0.14440	0.03514	0.07447	0.01039	0.00905	0.00262	0.01004	0.04028	0.00537	0.00976
15	0.02068	0.01849	0.02120	0.01723	0.02100	0.06281	0.01402	0.17350	0.02030	0.02859	0.01521	0.04994	0.01348	0.01076	0.01411	0.00247	0.26637	0.00699	0.00512	0.21773
16	0.59079	0.01583	0.01476	0.01298	0.01668	0.01938	0.01074	0.02227	0.01316	0.03153	0.01089	0.01398	0.00904	0.00896	0.01009	0.00270	0.17812	0.00494	0.00455	0.00861
17	0.01853	0.01777	0.02996	0.18070	0.50335	0.01894	0.02341	0.02316	0.01722	0.02431	0.01446	0.01979	0.01201	0.00768	0.00904	0.00249	0.05477	0.00705	0.00381	0.01154
18	0.02088	0.01761	0.01858	0.01637	0.02106	0.02027	0.01283	0.10933	0.58844	0.03504	0.03080	0.02841	0.02301	0.01062	0.00805	0.00266	0.00655	0.00876	0.00805	0.01266
